 slim_337675355 slim_337675120 slim_337675182 slim_337675274 slim_337675373 slim_337675273 slim_337675234 slim_337675164 slim_337675338 slim_337675291 slim_337675346 slim_337675286 slim_337675245 slim_337675366 slim_337675367 slim_337675294 slim_337675337 slim_337675267 slim_337675143 slim_337675220 slim_337675332 slim_337675315 slim_337675316 slim_337675183 slim_337675334 slim_337675347 slim_337675319 slim_337675329 slim_337675341 slim_337675279 slim_337675255 slim_337675217 slim_337675331 slim_337674984 slim_337675140 slim_337675353 slim_337675362 slim_337675371 slim_337675219 slim_337675205 slim_337675251 slim_337675344 slim_337675340 slim_337675295 slim_337675193 slim_337675361 slim_337675305 slim_337675275 slim_337675304 slim_337675311 slim_337675198 slim_337675298 slim_337675271 slim_337675339 slim_337675028 slim_337675359 slim_337675375 slim_337675276 slim_337675368 slim_337675309 slim_337675150 slim_337675156 slim_337675175 slim_337675342 slim_337675301 slim_337675378 slim_337675374 slim_337675137 slim_337675260 slim_337675256 slim_337675343 slim_337675312 slim_337674866 slim_337675249 slim_337675242 slim_337674882 slim_337675283 slim_337675377 slim_337675247 slim_337675232 slim_337675136 slim_337675006 slim_337675266 slim_337675356 slim_337675044 slim_337675318 slim_337675328 slim_337675056 slim_337675074 slim_337675300 slim_337675369 slim_337675330 slim_337675314 slim_337675352 slim_337674640 slim_337675354 slim_337675364 slim_337675370 slim_337675363 slim_337675336
0 9.3e-06 9.1e-06 8.85e-06 1.08e-05 1.475e-05 1.475e-05 1.25e-05 9.1e-06 1.215e-05 1.52e-05 1.31e-05 1.12e-05 1.025e-05 9.6e-06 1.525e-05 1.21e-05 1.185e-05 1.585e-05 1.485e-05 1.005e-05 1.11e-05 1.515e-05 6.95e-06 1.275e-05 1.235e-05 1.18e-05 1.135e-05 1.575e-05 1.115e-05 1.19e-05 1.22e-05 1.01e-05 1.49e-05 1.47e-05 1.095e-05 1.15e-05 1.275e-05 1.115e-05 9.9e-06 9.15e-06 1.115e-05 9.85e-06 8.85e-06 1.175e-05 9.15e-06 1.02e-05 1.23e-05 9.4e-06 8.7e-06 1.355e-05 1.585e-05 1.415e-05 1.225e-05 1.07e-05 1.035e-05 1.115e-05 1.1e-05 1.19e-05 1.3e-05 8.95e-06 1.66e-05 9.6e-06 1.215e-05 1.065e-05 1.23e-05 1.415e-05 1.06e-05 9.7e-06 1.16e-05 1.12e-05 1.475e-05 1.22e-05 1.295e-05 1.265e-05 1.135e-05 1.155e-05 1.155e-05 1.575e-05 1.375e-05 1.09e-05 6.3e-06 8.9e-06 1.415e-05 9.4e-06 1.055e-05 1.16e-05 1.15e-05 1.375e-05 1.355e-05 1.43e-05 1.24e-05 1.225e-05 1.33e-05 1.22e-05 1.13e-05 1.57e-05 1.175e-05 8.65e-06 1.44e-05 1.435e-05
1 9.1e-06 1.22e-05 9e-06 1.165e-05 1.57e-05 1.86e-05 1.155e-05 9.95e-06 1.47e-05 1.71e-05 1.455e-05 1.235e-05 1.405e-05 9.5e-06 1.715e-05 1.44e-05 1.275e-05 1.68e-05 1.65e-05 9.15e-06 1.2e-05 1.66e-05 8.55e-06 1.395e-05 1.465e-05 1.635e-05 1.315e-05 1.67e-05 1.17e-05 1.115e-05 1.15e-05 1.015e-05 1.875e-05 1.855e-05 1.17e-05 1.335e-05 1.395e-05 1.28e-05 1.045e-05 1.12e-05 1.2e-05 1.22e-05 9e-06 1.26e-05 9.9e-06 1.28e-05 1.33e-05 1.11e-05 8.9e-06 1.35e-05 1.59e-05 1.68e-05 1.625e-05 1.035e-05 1.025e-05 9.8e-06 1.175e-05 1.275e-05 1.28e-05 9.1e-06 1.59e-05 9.45e-06 1.45e-05 1.03e-05 1.565e-05 1.53e-05 1.17e-05 1.165e-05 1.15e-05 1.22e-05 1.48e-05 1.45e-05 1.44e-05 1.385e-05 1.315e-05 1.105e-05 1.335e-05 2.01e-05 1.495e-05 1.055e-05 1.15e-05 9.2e-06 1.31e-05 9.5e-06 1.115e-05 1.485e-05 1.11e-05 1.555e-05 1.375e-05 1.72e-05 1.18e-05 1.245e-05 1.62e-05 1.45e-05 1.11e-05 2.005e-05 1.26e-05 8.9e-06 1.445e-05 1.725e-05
2 8.85e-06 9e-06 9.5e-06 1.025e-05 1.55e-05 1.87e-05 1.365e-05 1.26e-05 1.255e-05 1.67e-05 1.58e-05 1.39e-05 1.53e-05 1.265e-05 1.675e-05 1.205e-05 1.155e-05 1.66e-05 1.73e-05 8.1e-06 1.08e-05 1.785e-05 8.1e-06 1.595e-05 1.235e-05 1.455e-05 1.155e-05 1.65e-05 1.29e-05 1.185e-05 1.33e-05 1.395e-05 1.885e-05 1.865e-05 1.05e-05 1.195e-05 1.595e-05 1.265e-05 1.345e-05 9.5e-06 1.495e-05 1.44e-05 4.95e-06 1.12e-05 1.265e-05 1.045e-05 1.485e-05 9.25e-06 5.1e-06 1.335e-05 1.74e-05 1.785e-05 1.54e-05 1.375e-05 1.35e-05 1.345e-05 1.055e-05 1.135e-05 1.595e-05 5.2e-06 1.645e-05 8.15e-06 1.235e-05 1.37e-05 1.62e-05 1.685e-05 1.05e-05 1.205e-05 1.465e-05 1.31e-05 1.685e-05 1.215e-05 1.565e-05 1.585e-05 1.155e-05 1.065e-05 1.155e-05 1.945e-05 1.695e-05 1.395e-05 8.2e-06 5.3e-06 1.535e-05 8.75e-06 1.055e-05 1.53e-05 1e-05 1.495e-05 1.55e-05 1.75e-05 1.1e-05 1.105e-05 1.65e-05 1.215e-05 1.435e-05 1.94e-05 1.12e-05 4.85e-06 1.65e-05 1.755e-05
3 1.08e-05 1.165e-05 1.025e-05 1.51e-05 1.25e-05 1.66e-05 1.425e-05 1.085e-05 1.27e-05 1.675e-05 7.85e-06 1.435e-05 1.455e-05 1.03e-05 1.68e-05 1.225e-05 1.175e-05 1.42e-05 1.34e-05 1.06e-05 1.04e-05 1.115e-05 9.6e-06 1.13e-05 1.255e-05 1.48e-05 1.205e-05 1.41e-05 1.16e-05 1.11e-05 1.465e-05 1.365e-05 1.675e-05 1.655e-05 1.025e-05 1.46e-05 1.13e-05 1.315e-05 1.065e-05 8.7e-06 1.445e-05 1.15e-05 1.025e-05 9.25e-06 1.09e-05 9.05e-06 1.265e-05 1.095e-05 1.25e-05 1.495e-05 1.335e-05 1.595e-05 1.29e-05 1.02e-05 1e-05 1.115e-05 1.03e-05 9.4e-06 1.145e-05 1.035e-05 1.29e-05 1.02e-05 1.47e-05 1.01e-05 1.315e-05 1.325e-05 7.85e-06 1.15e-05 1.17e-05 1.075e-05 1.345e-05 1.235e-05 7.7e-06 1.115e-05 1.205e-05 1.415e-05 1.225e-05 1.705e-05 1.29e-05 1.035e-05 1.115e-05 1.03e-05 9.95e-06 1.14e-05 1.125e-05 8.9e-06 8.9e-06 1.34e-05 8.85e-06 1.23e-05 1.03e-05 1.34e-05 1.255e-05 1.235e-05 1.14e-05 1.7e-05 9.25e-06 7.65e-06 1.34e-05 1.24e-05
4 1.475e-05 1.57e-05 1.55e-05 1.25e-05 1.55e-05 1.235e-05 1.36e-05 1.345e-05 1.545e-05 9.4e-06 8e-06 1.245e-05 1.425e-05 1.305e-05 9.45e-06 1.55e-05 1.18e-05 9.2e-06 1.25e-05 1.64e-05 1.095e-05 1.015e-05 1.54e-05 9.5e-06 1.575e-05 1.545e-05 1.395e-05 9.05e-06 1.29e-05 1.395e-05 1.205e-05 1.37e-05 1.25e-05 1.23e-05 1.08e-05 1.235e-05 9.45e-06 1.395e-05 1.23e-05 1.36e-05 1.355e-05 1.215e-05 1.55e-05 1.345e-05 1.355e-05 1.165e-05 1.2e-05 1.22e-05 1.36e-05 1.14e-05 9.7e-06 1.27e-05 1.075e-05 1.21e-05 1.205e-05 1.36e-05 1.085e-05 1.36e-05 1.185e-05 1.56e-05 1.06e-05 1.555e-05 1.38e-05 1.22e-05 1.105e-05 1.1e-05 1.22e-05 1.25e-05 1.31e-05 1.1e-05 1.16e-05 1.56e-05 7.85e-06 9.5e-06 1.395e-05 1.335e-05 1.415e-05 1.415e-05 1.06e-05 1.245e-05 1.605e-05 1.555e-05 1.105e-05 1.58e-05 1.41e-05 8.3e-06 1.415e-05 9.2e-06 9.4e-06 1.1e-05 1.425e-05 1.235e-05 1.195e-05 1.56e-05 1.285e-05 1.41e-05 1.345e-05 1.705e-05 1.19e-05 1.095e-05
5 1.475e-05 1.86e-05 1.87e-05 1.66e-05 1.235e-05 1.09e-05 1.6e-05 1.62e-05 1.25e-05 7.9e-06 1.42e-05 1.26e-05 1.07e-05 1.665e-05 8.05e-06 1.245e-05 1.5e-05 1.145e-05 1.095e-05 1.84e-05 1.625e-05 1.225e-05 1.69e-05 1.235e-05 1.275e-05 9.4e-06 1.235e-05 1.135e-05 1.56e-05 1.605e-05 1.42e-05 1.395e-05 5.7e-06 5.6e-06 1.61e-05 1.185e-05 1.235e-05 1.235e-05 1.55e-05 1.655e-05 1.17e-05 1.37e-05 1.87e-05 1.555e-05 1.63e-05 1.585e-05 1.475e-05 1.62e-05 1.79e-05 1.385e-05 1.17e-05 8.35e-06 8.65e-06 1.62e-05 1.595e-05 1.7e-05 1.615e-05 1.57e-05 1.465e-05 1.88e-05 1.235e-05 1.81e-05 1.19e-05 1.615e-05 1.015e-05 1.075e-05 1.635e-05 1.5e-05 1.505e-05 1.485e-05 1.355e-05 1.26e-05 1.405e-05 1.225e-05 1.225e-05 1.64e-05 1.245e-05 6.05e-06 1.135e-05 1.64e-05 1.355e-05 1.875e-05 1.605e-05 1.75e-05 1.485e-05 1.29e-05 1.77e-05 1.215e-05 1.505e-05 1e-05 1.635e-05 1.475e-05 1.06e-05 1.26e-05 1.48e-05 6e-06 1.555e-05 1.915e-05 1.39e-05 1.005e-05
6 1.25e-05 1.155e-05 1.365e-05 1.425e-05 1.36e-05 1.6e-05 1.54e-05 1.295e-05 1.62e-05 1.32e-05 1.445e-05 1.04e-05 1.46e-05 1.185e-05 1.325e-05 1.63e-05 1.39e-05 1.405e-05 1.61e-05 1.165e-05 1.38e-05 1.52e-05 1.275e-05 1.27e-05 1.655e-05 1.73e-05 1.395e-05 1.395e-05 1.255e-05 1.26e-05 1.13e-05 1.065e-05 1.615e-05 1.595e-05 1.365e-05 1.335e-05 1.27e-05 1.29e-05 1.295e-05 1.475e-05 1.185e-05 1.28e-05 1.365e-05 1.455e-05 1.305e-05 1.445e-05 1.19e-05 1.44e-05 1.275e-05 1.03e-05 1.245e-05 1.485e-05 1.52e-05 1.23e-05 1.205e-05 1.185e-05 1.37e-05 1.47e-05 1.295e-05 1.375e-05 1.425e-05 1.1e-05 1.56e-05 1.225e-05 1.51e-05 1.38e-05 1.39e-05 1.255e-05 1.25e-05 1.175e-05 1.14e-05 1.64e-05 1.43e-05 1.26e-05 1.395e-05 1.02e-05 1.415e-05 1.86e-05 1.305e-05 1.25e-05 1.53e-05 1.37e-05 1.38e-05 1.195e-05 1.26e-05 1.585e-05 1.41e-05 1.45e-05 1.405e-05 1.64e-05 1.395e-05 1.235e-05 1.61e-05 1.64e-05 1.225e-05 1.855e-05 1.455e-05 1.42e-05 1.135e-05 1.645e-05
7 9.1e-06 9.95e-06 1.26e-05 1.085e-05 1.345e-05 1.62e-05 1.295e-05 1.31e-05 1.475e-05 1.635e-05 9.8e-06 1.215e-05 1.205e-05 7.35e-06 1.64e-05 1.445e-05 1.24e-05 1.47e-05 1.32e-05 1.18e-05 1.15e-05 1.215e-05 9.5e-06 1.08e-05 1.47e-05 1.525e-05 1.385e-05 1.46e-05 9.65e-06 1.105e-05 1.2e-05 9.3e-06 1.635e-05 1.615e-05 1.135e-05 1.435e-05 1.08e-05 1.31e-05 8.1e-06 9.35e-06 1.115e-05 9.5e-06 1.26e-05 1.195e-05 6.85e-06 1.11e-05 1.035e-05 9.7e-06 1.28e-05 1.455e-05 1.395e-05 1.45e-05 1.385e-05 8.5e-06 8.25e-06 8.05e-06 1.14e-05 1.21e-05 1.045e-05 1.27e-05 1.46e-05 1.195e-05 1.485e-05 8.45e-06 1.135e-05 1.265e-05 1.09e-05 8.9e-06 9.3e-06 1.05e-05 1.305e-05 1.455e-05 9.65e-06 1.07e-05 1.385e-05 1.34e-05 1.405e-05 1.705e-05 1.195e-05 8.7e-06 1.24e-05 1.265e-05 9.55e-06 1.16e-05 1.195e-05 9.1e-06 1.09e-05 1.25e-05 9.6e-06 1.33e-05 1.21e-05 1.375e-05 1.25e-05 1.455e-05 9.25e-06 1.7e-05 1.195e-05 1.205e-05 1.27e-05 1.335e-05
8 1.215e-05 1.47e-05 1.255e-05 1.27e-05 1.545e-05 1.25e-05 1.62e-05 1.475e-05 1.94e-05 1.555e-05 1.475e-05 1.49e-05 1.195e-05 1.485e-05 1.56e-05 1.05e-05 1.385e-05 1.51e-05 1.275e-05 1.34e-05 1.455e-05 1.39e-05 1.245e-05 1.485e-05 1.045e-05 1.005e-05 1.29e-05 1.5e-05 1.485e-05 1.39e-05 1.59e-05 1.52e-05 1.25e-05 1.23e-05 1.44e-05 1.46e-05 1.485e-05 1.37e-05 1.505e-05 1.175e-05 1.54e-05 1.4e-05 1.255e-05 1.22e-05 1.485e-05 1.32e-05 1.55e-05 1.39e-05 1.395e-05 1.58e-05 1.545e-05 1.24e-05 1.32e-05 1.535e-05 1.51e-05 1.57e-05 1.445e-05 1.235e-05 1.535e-05 1.265e-05 1.465e-05 1.305e-05 1.19e-05 1.53e-05 1.465e-05 1.54e-05 1.21e-05 1.42e-05 1.475e-05 1.465e-05 1.545e-05 1.02e-05 1.46e-05 1.475e-05 1.29e-05 1.55e-05 1.31e-05 9.75e-06 1.44e-05 1.555e-05 1.015e-05 1.26e-05 1.57e-05 1.32e-05 1.29e-05 1.425e-05 1.335e-05 1.505e-05 1.515e-05 1.21e-05 1.34e-05 1.42e-05 1.19e-05 1.03e-05 1.45e-05 9.75e-06 1.22e-05 1.08e-05 1.55e-05 1.235e-05
9 1.52e-05 1.71e-05 1.67e-05 1.675e-05 9.4e-06 7.9e-06 1.32e-05 1.635e-05 1.555e-05 7.6e-06 1.475e-05 1.03e-05 1.365e-05 1.675e-05 4e-06 1.555e-05 1.425e-05 9.4e-06 1.405e-05 1.7e-05 1.465e-05 1.45e-05 1.675e-05 1.155e-05 1.58e-05 1.44e-05 1.14e-05 9.25e-06 1.505e-05 1.535e-05 1.055e-05 1.265e-05 8.05e-06 7.95e-06 1.45e-05 9.15e-06 1.155e-05 1.14e-05 1.54e-05 1.7e-05 1.045e-05 1.46e-05 1.67e-05 1.655e-05 1.645e-05 1.555e-05 1.38e-05 1.49e-05 1.415e-05 9.65e-06 9.35e-06 1.045e-05 8.45e-06 1.605e-05 1.58e-05 1.65e-05 1.455e-05 1.67e-05 1.515e-05 1.68e-05 1.125e-05 1.67e-05 1.32e-05 1.6e-05 9.9e-06 9.85e-06 1.65e-05 1.425e-05 1.575e-05 1.38e-05 1.315e-05 1.565e-05 1.46e-05 1.145e-05 1.13e-05 1.3e-05 1.15e-05 1.24e-05 1.14e-05 1.625e-05 1.605e-05 1.675e-05 1.59e-05 1.605e-05 1.365e-05 1.355e-05 1.75e-05 9.7e-06 1.525e-05 1.345e-05 1.565e-05 1.14e-05 1.43e-05 1.565e-05 1.55e-05 1.235e-05 1.655e-05 1.89e-05 1.345e-05 1.35e-05
10 1.31e-05 1.455e-05 1.58e-05 7.85e-06 8e-06 1.42e-05 1.445e-05 9.8e-06 1.475e-05 1.475e-05 7e-07 1.425e-05 1.365e-05 8.8e-06 1.48e-05 1.485e-05 1.05e-05 1.04e-05 1.03e-05 1.6e-05 8.45e-06 5.15e-06 1.33e-05 6.8e-06 1.51e-05 1.525e-05 1.465e-05 1.03e-05 1.06e-05 1.25e-05 1.49e-05 1.38e-05 1.435e-05 1.415e-05 8.3e-06 1.515e-05 6.8e-06 1.465e-05 8.45e-06 9.9e-06 1.425e-05 8.8e-06 1.58e-05 1.005e-05 9.9e-06 7.95e-06 1.015e-05 1.065e-05 1.6e-05 1.48e-05 1.03e-05 1.395e-05 1.065e-05 7.55e-06 7.5e-06 1.025e-05 8.35e-06 1.02e-05 7.85e-06 1.59e-05 1.04e-05 1.46e-05 1.525e-05 7.55e-06 9.9e-06 1.015e-05 7.5e-06 1.065e-05 9.7e-06 8.25e-06 1e-05 1.495e-05 4e-07 6.75e-06 1.465e-05 1.545e-05 1.485e-05 1.465e-05 9.1e-06 7.8e-06 1.48e-05 1.585e-05 6.15e-06 1.58e-05 1.42e-05 2.4e-06 1.08e-05 1.01e-05 3.2e-06 7.5e-06 1.28e-05 1.53e-05 8.85e-06 1.495e-05 9.45e-06 1.46e-05 1.005e-05 1.525e-05 1.025e-05 7.5e-06
11 1.12e-05 1.235e-05 1.39e-05 1.435e-05 1.245e-05 1.26e-05 1.04e-05 1.215e-05 1.49e-05 1.03e-05 1.425e-05 1.22e-05 1.24e-05 1.235e-05 1.035e-05 1.495e-05 1.41e-05 1.315e-05 1.37e-05 1.185e-05 1.375e-05 1.55e-05 1.27e-05 1.02e-05 1.515e-05 1.505e-05 1.23e-05 1.305e-05 1.135e-05 1.19e-05 1.04e-05 8.15e-06 1.275e-05 1.255e-05 1.36e-05 1.155e-05 1.02e-05 1.125e-05 1.165e-05 1.41e-05 1.015e-05 1.235e-05 1.39e-05 1.49e-05 1.225e-05 1.395e-05 1.315e-05 1.35e-05 1.285e-05 9.6e-06 1.14e-05 1.085e-05 1.15e-05 1.235e-05 1.21e-05 1.115e-05 1.365e-05 1.505e-05 1.275e-05 1.4e-05 1.355e-05 1.165e-05 1.41e-05 1.23e-05 1.23e-05 1.11e-05 1.41e-05 1.045e-05 1.28e-05 1.05e-05 1.375e-05 1.5e-05 1.41e-05 1.01e-05 1.23e-05 1.245e-05 1.25e-05 1.545e-05 1.085e-05 1.255e-05 1.39e-05 1.395e-05 1.21e-05 1.11e-05 1.04e-05 1.295e-05 1.345e-05 1.225e-05 1.31e-05 1.47e-05 1.325e-05 1.15e-05 1.49e-05 1.5e-05 1.255e-05 1.54e-05 1.49e-05 1.46e-05 1.395e-05 1.48e-05
12 1.025e-05 1.405e-05 1.53e-05 1.455e-05 1.425e-05 1.07e-05 1.46e-05 1.205e-05 1.195e-05 1.365e-05 1.365e-05 1.24e-05 1.72e-05 1.25e-05 1.37e-05 1.235e-05 1.365e-05 1.39e-05 1.17e-05 1.545e-05 1.435e-05 1.28e-05 1.24e-05 1.26e-05 1.23e-05 1.005e-05 1.405e-05 1.38e-05 1.35e-05 1.48e-05 1.34e-05 1.16e-05 1.07e-05 1.05e-05 1.42e-05 1.37e-05 1.26e-05 1.375e-05 1.215e-05 1.355e-05 1.235e-05 1.065e-05 1.53e-05 1.405e-05 1.21e-05 1.395e-05 1.345e-05 1.335e-05 1.465e-05 1.47e-05 1.465e-05 1.015e-05 1.23e-05 1.295e-05 1.26e-05 1.34e-05 1.425e-05 1.42e-05 1.305e-05 1.54e-05 1.465e-05 1.5e-05 1.17e-05 1.29e-05 1.25e-05 1.365e-05 1.43e-05 1.26e-05 1.24e-05 1.34e-05 1.375e-05 1.205e-05 1.35e-05 1.25e-05 1.405e-05 1.47e-05 1.425e-05 8.7e-06 1.215e-05 1.315e-05 1.16e-05 1.535e-05 1.47e-05 1.425e-05 1.36e-05 1.215e-05 1.525e-05 1.34e-05 1.41e-05 1.1e-05 1.54e-05 1.485e-05 1.08e-05 1.215e-05 1.21e-05 8.65e-06 1.405e-05 1.56e-05 1.38e-05 1.125e-05
13 9.6e-06 9.5e-06 1.265e-05 1.03e-05 1.305e-05 1.665e-05 1.185e-05 7.35e-06 1.485e-05 1.675e-05 8.8e-06 1.235e-05 1.25e-05 1.23e-05 1.68e-05 1.46e-05 1.2e-05 1.435e-05 1.34e-05 1.13e-05 1.11e-05 1.105e-05 9.7e-06 1.045e-05 1.485e-05 1.58e-05 1.395e-05 1.425e-05 9.95e-06 1.08e-05 1.2e-05 9.35e-06 1.68e-05 1.66e-05 1.095e-05 1.47e-05 1.04e-05 1.32e-05 8.25e-06 1.02e-05 1.115e-05 9.15e-06 1.265e-05 1.13e-05 7.65e-06 1.08e-05 1.1e-05 1.085e-05 1.31e-05 1.4e-05 1.325e-05 1.495e-05 1.44e-05 7.7e-06 7.65e-06 7.8e-06 1.1e-05 1.145e-05 9.75e-06 1.275e-05 1.39e-05 1.11e-05 1.525e-05 7.8e-06 1.255e-05 1.28e-05 1.03e-05 9.85e-06 8.55e-06 9.85e-06 1.215e-05 1.47e-05 8.65e-06 1.045e-05 1.395e-05 1.32e-05 1.415e-05 1.755e-05 1.16e-05 8.05e-06 1.3e-05 1.27e-05 9.45e-06 1.135e-05 1.205e-05 9.8e-06 1.075e-05 1.345e-05 9e-06 1.31e-05 1.185e-05 1.385e-05 1.175e-05 1.47e-05 8.5e-06 1.75e-05 1.13e-05 1.185e-05 1.175e-05 1.305e-05
14 1.525e-05 1.715e-05 1.675e-05 1.68e-05 9.45e-06 8.05e-06 1.325e-05 1.64e-05 1.56e-05 4e-06 1.48e-05 1.035e-05 1.37e-05 1.68e-05 7.7e-06 1.56e-05 1.43e-05 9.45e-06 1.41e-05 1.705e-05 1.47e-05 1.455e-05 1.68e-05 1.16e-05 1.585e-05 1.445e-05 1.14e-05 9.3e-06 1.51e-05 1.54e-05 1.06e-05 1.27e-05 8.2e-06 8e-06 1.455e-05 9.15e-06 1.16e-05 1.14e-05 1.545e-05 1.705e-05 1.06e-05 1.465e-05 1.675e-05 1.66e-05 1.65e-05 1.56e-05 1.385e-05 1.495e-05 1.42e-05 9.7e-06 9.4e-06 1.05e-05 8.45e-06 1.61e-05 1.585e-05 1.655e-05 1.46e-05 1.675e-05 1.52e-05 1.685e-05 1.13e-05 1.675e-05 1.325e-05 1.605e-05 1.005e-05 1e-05 1.655e-05 1.43e-05 1.58e-05 1.385e-05 1.32e-05 1.57e-05 1.465e-05 1.15e-05 1.145e-05 1.305e-05 1.165e-05 1.245e-05 1.145e-05 1.63e-05 1.61e-05 1.68e-05 1.595e-05 1.61e-05 1.37e-05 1.36e-05 1.755e-05 9.75e-06 1.53e-05 1.35e-05 1.57e-05 1.145e-05 1.435e-05 1.57e-05 1.555e-05 1.24e-05 1.66e-05 1.895e-05 1.35e-05 1.355e-05
15 1.21e-05 1.44e-05 1.205e-05 1.225e-05 1.55e-05 1.245e-05 1.63e-05 1.445e-05 1.05e-05 1.555e-05 1.485e-05 1.495e-05 1.235e-05 1.46e-05 1.56e-05 1.94e-05 1.39e-05 1.515e-05 1.265e-05 1.26e-05 1.46e-05 1.4e-05 1.19e-05 1.49e-05 1.03e-05 1.01e-05 1.235e-05 1.505e-05 1.455e-05 1.335e-05 1.555e-05 1.495e-05 1.27e-05 1.25e-05 1.445e-05 1.46e-05 1.49e-05 1.35e-05 1.47e-05 1.205e-05 1.51e-05 1.405e-05 1.205e-05 1.165e-05 1.45e-05 1.315e-05 1.555e-05 1.39e-05 1.395e-05 1.585e-05 1.52e-05 1.275e-05 1.33e-05 1.505e-05 1.48e-05 1.51e-05 1.45e-05 1.18e-05 1.505e-05 1.215e-05 1.43e-05 1.265e-05 1.21e-05 1.5e-05 1.465e-05 1.51e-05 1.25e-05 1.42e-05 1.45e-05 1.47e-05 1.555e-05 1.01e-05 1.47e-05 1.48e-05 1.24e-05 1.555e-05 1.26e-05 1.04e-05 1.445e-05 1.525e-05 9.95e-06 1.21e-05 1.51e-05 1.295e-05 1.245e-05 1.425e-05 1.255e-05 1.505e-05 1.49e-05 1.25e-05 1.255e-05 1.4e-05 1.215e-05 1.005e-05 1.42e-05 1.035e-05 1.175e-05 9.7e-06 1.56e-05 1.255e-05
16 1.185e-05 1.275e-05 1.155e-05 1.175e-05 1.18e-05 1.5e-05 1.39e-05 1.24e-05 1.385e-05 1.425e-05 1.05e-05 1.41e-05 1.365e-05 1.2e-05 1.43e-05 1.39e-05 1.79e-05 1.135e-05 1.405e-05 1.41e-05 1.025e-05 9.35e-06 1.25e-05 1.225e-05 1.415e-05 1.425e-05 1.43e-05 1.125e-05 1.265e-05 1.33e-05 1.365e-05 1.42e-05 1.515e-05 1.495e-05 1.01e-05 1.265e-05 1.225e-05 1.43e-05 1.26e-05 1.155e-05 1.49e-05 1.085e-05 1.155e-05 1.115e-05 1.25e-05 1.1e-05 1.255e-05 1.01e-05 9.25e-06 1.33e-05 1.385e-05 1.45e-05 1.39e-05 1.25e-05 1.225e-05 1.385e-05 1.015e-05 1.13e-05 1.23e-05 1.165e-05 1.25e-05 1.325e-05 1.18e-05 1.245e-05 1.325e-05 1.45e-05 1.145e-05 1.205e-05 1.17e-05 1.2e-05 1.19e-05 1.4e-05 1.035e-05 1.215e-05 1.43e-05 1.17e-05 1.45e-05 1.485e-05 1.17e-05 1.27e-05 1.255e-05 1.16e-05 1.345e-05 1.385e-05 1.36e-05 1.08e-05 1.34e-05 1.18e-05 1.19e-05 1.255e-05 1.36e-05 1.305e-05 1.22e-05 1.4e-05 1.155e-05 1.48e-05 1.115e-05 1.315e-05 1.185e-05 1.26e-05
17 1.585e-05 1.68e-05 1.66e-05 1.42e-05 9.2e-06 1.145e-05 1.405e-05 1.47e-05 1.51e-05 9.4e-06 1.04e-05 1.315e-05 1.39e-05 1.435e-05 9.45e-06 1.515e-05 1.135e-05 1.53e-05 1.275e-05 1.75e-05 1.275e-05 8.15e-06 1.65e-05 1.07e-05 1.54e-05 1.51e-05 1.45e-05 8.05e-06 1.405e-05 1.44e-05 1.26e-05 1.42e-05 1.16e-05 1.14e-05 1.26e-05 1.29e-05 1.07e-05 1.45e-05 1.405e-05 1.485e-05 1.41e-05 1.15e-05 1.66e-05 1.3e-05 1.48e-05 1.345e-05 1.26e-05 1.345e-05 1.47e-05 1.19e-05 9.35e-06 1.175e-05 1.19e-05 1.395e-05 1.37e-05 1.53e-05 1.265e-05 1.295e-05 1.22e-05 1.67e-05 9.35e-06 1.665e-05 1.345e-05 1.39e-05 1.175e-05 1.215e-05 1.39e-05 1.375e-05 1.265e-05 1.285e-05 1.03e-05 1.525e-05 1.025e-05 1.06e-05 1.45e-05 1.38e-05 1.47e-05 1.235e-05 9.35e-06 1.415e-05 1.715e-05 1.665e-05 1.335e-05 1.69e-05 1.46e-05 1.07e-05 1.585e-05 9.55e-06 1.18e-05 1.125e-05 1.47e-05 1.3e-05 1.18e-05 1.525e-05 1.24e-05 1.23e-05 1.3e-05 1.815e-05 1.09e-05 1.13e-05
18 1.485e-05 1.65e-05 1.73e-05 1.34e-05 1.25e-05 1.095e-05 1.61e-05 1.32e-05 1.275e-05 1.405e-05 1.03e-05 1.37e-05 1.17e-05 1.34e-05 1.41e-05 1.265e-05 1.405e-05 1.275e-05 1.63e-05 1.615e-05 1.415e-05 1.065e-05 1.595e-05 1.125e-05 1.27e-05 1.13e-05 1.505e-05 1.265e-05 1.31e-05 1.265e-05 1.47e-05 1.35e-05 1.095e-05 1.075e-05 1.4e-05 1.565e-05 1.125e-05 1.405e-05 1.23e-05 1.415e-05 1.42e-05 1.27e-05 1.73e-05 1.35e-05 1.325e-05 1.355e-05 1.365e-05 1.46e-05 1.76e-05 1.57e-05 1.21e-05 1.04e-05 1.175e-05 1.265e-05 1.245e-05 1.16e-05 1.405e-05 1.365e-05 1.17e-05 1.74e-05 1.275e-05 1.66e-05 1.295e-05 1.26e-05 1.275e-05 1.095e-05 1.345e-05 1.36e-05 1.27e-05 1.295e-05 1.31e-05 1.255e-05 1.015e-05 1.115e-05 1.505e-05 1.66e-05 1.525e-05 8.45e-06 1.14e-05 1.285e-05 1.455e-05 1.735e-05 8.25e-06 1.63e-05 1.445e-05 9.7e-06 1.26e-05 1.275e-05 9.25e-06 9.25e-06 1.395e-05 1.46e-05 1.01e-05 1.255e-05 1.24e-05 8.35e-06 1.35e-05 1.665e-05 1.345e-05 9.35e-06
19 1.005e-05 9.15e-06 8.1e-06 1.06e-05 1.64e-05 1.84e-05 1.165e-05 1.18e-05 1.34e-05 1.7e-05 1.6e-05 1.185e-05 1.545e-05 1.13e-05 1.705e-05 1.26e-05 1.41e-05 1.75e-05 1.615e-05 1.09e-05 1.335e-05 1.805e-05 8.7e-06 1.565e-05 1.29e-05 1.56e-05 1.14e-05 1.74e-05 1.05e-05 1.015e-05 1.28e-05 1.24e-05 1.855e-05 1.835e-05 1.32e-05 1.39e-05 1.565e-05 1.15e-05 1.26e-05 1.06e-05 1.32e-05 1.445e-05 8.1e-06 1.165e-05 1.18e-05 1.25e-05 1.535e-05 1.245e-05 1.03e-05 1.21e-05 1.51e-05 1.765e-05 1.58e-05 1.255e-05 1.23e-05 1.085e-05 1.325e-05 1.18e-05 1.475e-05 8.2e-06 1.575e-05 6.45e-06 1.5e-05 1.25e-05 1.615e-05 1.5e-05 1.125e-05 1.075e-05 1.35e-05 1.145e-05 1.7e-05 1.27e-05 1.585e-05 1.555e-05 1.14e-05 1.315e-05 1.16e-05 1.985e-05 1.665e-05 1.275e-05 1.03e-05 8.15e-06 1.265e-05 7.25e-06 1.05e-05 1.62e-05 9.2e-06 1.62e-05 1.425e-05 1.78e-05 1.035e-05 1.12e-05 1.66e-05 1.27e-05 1.315e-05 1.98e-05 1.165e-05 5.55e-06 1.66e-05 1.785e-05
20 1.11e-05 1.2e-05 1.08e-05 1.04e-05 1.095e-05 1.625e-05 1.38e-05 1.15e-05 1.455e-05 1.465e-05 8.45e-06 1.375e-05 1.435e-05 1.11e-05 1.47e-05 1.46e-05 1.025e-05 1.275e-05 1.415e-05 1.335e-05 1.64e-05 1.18e-05 1.175e-05 1.14e-05 1.485e-05 1.495e-05 1.41e-05 1.265e-05 1.185e-05 1.32e-05 1.35e-05 1.405e-05 1.64e-05 1.62e-05 8.65e-06 1.205e-05 1.14e-05 1.41e-05 1.12e-05 1.065e-05 1.47e-05 1.165e-05 1.08e-05 1.195e-05 1.16e-05 9.55e-06 1.23e-05 9.2e-06 8.85e-06 1.315e-05 1.43e-05 1.58e-05 1.31e-05 1.105e-05 1.095e-05 1.25e-05 8.7e-06 1.21e-05 1.23e-05 1.09e-05 1.39e-05 1.25e-05 1.285e-05 1.11e-05 1.29e-05 1.37e-05 1.01e-05 1.115e-05 1.26e-05 1.055e-05 1.335e-05 1.47e-05 8.25e-06 1.14e-05 1.41e-05 1.19e-05 1.43e-05 1.7e-05 1.31e-05 1.135e-05 1.18e-05 1.045e-05 1.15e-05 1.31e-05 1.345e-05 8.75e-06 1.205e-05 1.16e-05 9.85e-06 1.265e-05 1.35e-05 1.29e-05 1.275e-05 1.47e-05 1.235e-05 1.695e-05 1.195e-05 1.24e-05 1.33e-05 1.26e-05
21 1.515e-05 1.66e-05 1.785e-05 1.115e-05 1.015e-05 1.225e-05 1.52e-05 1.215e-05 1.39e-05 1.45e-05 5.15e-06 1.55e-05 1.28e-05 1.105e-05 1.455e-05 1.4e-05 9.35e-06 8.15e-06 1.065e-05 1.805e-05 1.18e-05 1e-06 1.535e-05 8.95e-06 1.425e-05 1.44e-05 1.56e-05 8.05e-06 1.275e-05 1.325e-05 1.575e-05 1.465e-05 1.24e-05 1.22e-05 1.165e-05 1.61e-05 8.95e-06 1.56e-05 1.175e-05 1.225e-05 1.52e-05 7.75e-06 1.785e-05 9e-06 1.225e-05 1.13e-05 1.12e-05 1.3e-05 1.805e-05 1.565e-05 9.95e-06 1.19e-05 1.28e-05 1.09e-05 1.065e-05 1.35e-05 1.17e-05 9.15e-06 8.3e-06 1.795e-05 8.15e-06 1.665e-05 1.44e-05 1.085e-05 1.115e-05 1.23e-05 1.08e-05 1.3e-05 8.45e-06 1.16e-05 7.65e-06 1.41e-05 5e-06 8.85e-06 1.56e-05 1.62e-05 1.58e-05 1.09e-05 6.85e-06 1.11e-05 1.685e-05 1.79e-05 1.06e-05 1.785e-05 1.505e-05 6.95e-06 1.405e-05 1.105e-05 7.8e-06 7.9e-06 1.355e-05 1.615e-05 8.2e-06 1.41e-05 8.4e-06 1.085e-05 9e-06 1.73e-05 7.9e-06 7.95e-06
22 6.95e-06 8.55e-06 8.1e-06 9.6e-06 1.54e-05 1.69e-05 1.275e-05 9.5e-06 1.245e-05 1.675e-05 1.33e-05 1.27e-05 1.24e-05 9.7e-06 1.68e-05 1.19e-05 1.25e-05 1.65e-05 1.595e-05 8.7e-06 1.175e-05 1.535e-05 1.19e-05 1.35e-05 1.225e-05 1.41e-05 1.1e-05 1.64e-05 1.16e-05 1.165e-05 1.27e-05 1.1e-05 1.705e-05 1.685e-05 1.16e-05 1.305e-05 1.35e-05 1.21e-05 1.04e-05 8.7e-06 1.215e-05 1.095e-05 8.1e-06 1.05e-05 9.45e-06 1.06e-05 1.27e-05 1.03e-05 9.8e-06 1.435e-05 1.59e-05 1.595e-05 1.405e-05 1.075e-05 1.04e-05 1.11e-05 1.165e-05 1.065e-05 1.305e-05 8.2e-06 1.555e-05 8.6e-06 1.385e-05 1.07e-05 1.37e-05 1.51e-05 9.85e-06 1.07e-05 1.17e-05 1.19e-05 1.485e-05 1.205e-05 1.315e-05 1.34e-05 1.105e-05 1.21e-05 1.125e-05 1.805e-05 1.45e-05 1.095e-05 8.75e-06 8.15e-06 1.405e-05 8.75e-06 9.95e-06 1.27e-05 1.015e-05 1.475e-05 1.36e-05 1.555e-05 1.09e-05 1.275e-05 1.455e-05 1.2e-05 1.135e-05 1.8e-05 1.055e-05 6e-06 1.45e-05 1.56e-05
23 1.275e-05 1.395e-05 1.595e-05 1.13e-05 9.5e-06 1.235e-05 1.27e-05 1.08e-05 1.485e-05 1.155e-05 6.8e-06 1.02e-05 1.26e-05 1.045e-05 1.16e-05 1.49e-05 1.225e-05 1.07e-05 1.125e-05 1.565e-05 1.14e-05 8.95e-06 1.35e-05 1.31e-05 1.515e-05 1.545e-05 1.335e-05 1.06e-05 1.215e-05 1.155e-05 1.215e-05 9.55e-06 1.25e-05 1.23e-05 1.115e-05 1.34e-05 6.65e-06 1.285e-05 9.6e-06 1.24e-05 1.15e-05 9.9e-06 1.595e-05 1.225e-05 1.09e-05 1.1e-05 1.06e-05 1.265e-05 1.57e-05 1.3e-05 9.4e-06 1.045e-05 1.04e-05 9.5e-06 9.4e-06 1.03e-05 1.12e-05 1.24e-05 9.1e-06 1.605e-05 1.08e-05 1.485e-05 1.485e-05 9.55e-06 1.045e-05 9.75e-06 1.1e-05 1.175e-05 1.045e-05 1.03e-05 1.02e-05 1.5e-05 6.65e-06 6.65e-06 1.335e-05 1.36e-05 1.355e-05 1.415e-05 7.8e-06 9.8e-06 1.57e-05 1.6e-05 8.55e-06 1.505e-05 1.125e-05 7e-06 1.23e-05 1.07e-05 7.55e-06 1.04e-05 1.235e-05 1.35e-05 1.14e-05 1.5e-05 1.02e-05 1.41e-05 1.225e-05 1.585e-05 1.05e-05 1.025e-05
24 1.235e-05 1.465e-05 1.235e-05 1.255e-05 1.575e-05 1.275e-05 1.655e-05 1.47e-05 1.045e-05 1.58e-05 1.51e-05 1.515e-05 1.23e-05 1.485e-05 1.585e-05 1.03e-05 1.415e-05 1.54e-05 1.27e-05 1.29e-05 1.485e-05 1.425e-05 1.225e-05 1.515e-05 1.99e-05 1.025e-05 1.27e-05 1.53e-05 1.48e-05 1.36e-05 1.58e-05 1.515e-05 1.275e-05 1.255e-05 1.47e-05 1.485e-05 1.515e-05 1.375e-05 1.495e-05 1.23e-05 1.535e-05 1.43e-05 1.235e-05 1.205e-05 1.475e-05 1.345e-05 1.58e-05 1.415e-05 1.42e-05 1.61e-05 1.545e-05 1.27e-05 1.345e-05 1.53e-05 1.505e-05 1.535e-05 1.475e-05 1.22e-05 1.53e-05 1.245e-05 1.455e-05 1.275e-05 1.215e-05 1.525e-05 1.49e-05 1.535e-05 1.275e-05 1.445e-05 1.475e-05 1.495e-05 1.58e-05 1.01e-05 1.495e-05 1.505e-05 1.27e-05 1.58e-05 1.29e-05 1.015e-05 1.47e-05 1.55e-05 1.03e-05 1.24e-05 1.535e-05 1.32e-05 1.27e-05 1.45e-05 1.285e-05 1.53e-05 1.515e-05 1.245e-05 1.285e-05 1.425e-05 1.22e-05 1.005e-05 1.445e-05 1.01e-05 1.205e-05 1.015e-05 1.585e-05 1.265e-05
25 1.18e-05 1.635e-05 1.455e-05 1.48e-05 1.545e-05 9.4e-06 1.73e-05 1.525e-05 1.005e-05 1.44e-05 1.525e-05 1.505e-05 1.005e-05 1.58e-05 1.445e-05 1.01e-05 1.425e-05 1.51e-05 1.13e-05 1.56e-05 1.495e-05 1.44e-05 1.41e-05 1.545e-05 1.025e-05 1.08e-05 1.385e-05 1.5e-05 1.5e-05 1.56e-05 1.635e-05 1.605e-05 9.45e-06 9.25e-06 1.48e-05 1.385e-05 1.545e-05 1.39e-05 1.555e-05 1.375e-05 1.52e-05 1.43e-05 1.455e-05 1.43e-05 1.535e-05 1.405e-05 1.6e-05 1.385e-05 1.425e-05 1.595e-05 1.605e-05 1.075e-05 1.245e-05 1.63e-05 1.605e-05 1.71e-05 1.485e-05 1.445e-05 1.63e-05 1.465e-05 1.6e-05 1.53e-05 9.9e-06 1.625e-05 1.355e-05 1.52e-05 1.46e-05 1.4e-05 1.57e-05 1.49e-05 1.64e-05 1.01e-05 1.51e-05 1.535e-05 1.385e-05 1.635e-05 1.405e-05 5.65e-06 1.5e-05 1.65e-05 7.35e-06 1.46e-05 1.71e-05 1.525e-05 1.51e-05 1.385e-05 1.59e-05 1.46e-05 1.61e-05 1.035e-05 1.585e-05 1.505e-05 1e-05 1.01e-05 1.545e-05 5.65e-06 1.43e-05 1.45e-05 1.645e-05 1.045e-05
26 1.135e-05 1.315e-05 1.155e-05 1.205e-05 1.395e-05 1.235e-05 1.395e-05 1.385e-05 1.29e-05 1.14e-05 1.465e-05 1.23e-05 1.405e-05 1.395e-05 1.14e-05 1.235e-05 1.43e-05 1.45e-05 1.505e-05 1.14e-05 1.41e-05 1.56e-05 1.1e-05 1.335e-05 1.27e-05 1.385e-05 1.9e-05 1.44e-05 1.385e-05 1.26e-05 1.325e-05 1.27e-05 1.25e-05 1.23e-05 1.395e-05 1.145e-05 1.335e-05 1.065e-05 1.38e-05 1.22e-05 1.155e-05 1.405e-05 1.155e-05 1.24e-05 1.39e-05 1.295e-05 1.455e-05 1.375e-05 1.315e-05 1.33e-05 1.31e-05 1.38e-05 1.065e-05 1.41e-05 1.385e-05 1.415e-05 1.4e-05 1.255e-05 1.475e-05 1.165e-05 1.365e-05 1.145e-05 1.42e-05 1.405e-05 1.22e-05 1.23e-05 1.23e-05 1.335e-05 1.445e-05 1.35e-05 1.51e-05 1.25e-05 1.45e-05 1.325e-05 9.6e-06 1.39e-05 9.8e-06 1.54e-05 1.38e-05 1.43e-05 1.125e-05 1.16e-05 1.49e-05 1.175e-05 1.09e-05 1.415e-05 1.235e-05 1.4e-05 1.47e-05 1.49e-05 1.18e-05 1.245e-05 1.485e-05 1.245e-05 1.415e-05 1.535e-05 1.245e-05 9.55e-06 1.505e-05 1.495e-05
27 1.575e-05 1.67e-05 1.65e-05 1.41e-05 9.05e-06 1.135e-05 1.395e-05 1.46e-05 1.5e-05 9.25e-06 1.03e-05 1.305e-05 1.38e-05 1.425e-05 9.3e-06 1.505e-05 1.125e-05 8.05e-06 1.265e-05 1.74e-05 1.265e-05 8.05e-06 1.64e-05 1.06e-05 1.53e-05 1.5e-05 1.44e-05 1.51e-05 1.395e-05 1.43e-05 1.245e-05 1.41e-05 1.15e-05 1.13e-05 1.25e-05 1.28e-05 1.06e-05 1.44e-05 1.395e-05 1.475e-05 1.4e-05 1.16e-05 1.65e-05 1.29e-05 1.47e-05 1.335e-05 1.25e-05 1.335e-05 1.46e-05 1.18e-05 9.5e-06 1.165e-05 1.18e-05 1.385e-05 1.36e-05 1.52e-05 1.255e-05 1.305e-05 1.21e-05 1.66e-05 9.45e-06 1.655e-05 1.335e-05 1.38e-05 1.165e-05 1.205e-05 1.38e-05 1.365e-05 1.255e-05 1.275e-05 1.04e-05 1.515e-05 1.015e-05 1.05e-05 1.44e-05 1.37e-05 1.46e-05 1.225e-05 9.45e-06 1.405e-05 1.705e-05 1.655e-05 1.325e-05 1.68e-05 1.45e-05 1.06e-05 1.575e-05 9.65e-06 1.17e-05 1.115e-05 1.46e-05 1.285e-05 1.17e-05 1.515e-05 1.23e-05 1.22e-05 1.29e-05 1.805e-05 1.08e-05 1.12e-05
28 1.115e-05 1.17e-05 1.29e-05 1.16e-05 1.29e-05 1.56e-05 1.255e-05 9.65e-06 1.485e-05 1.505e-05 1.06e-05 1.135e-05 1.35e-05 9.95e-06 1.51e-05 1.455e-05 1.265e-05 1.405e-05 1.31e-05 1.05e-05 1.185e-05 1.275e-05 1.16e-05 1.215e-05 1.48e-05 1.5e-05 1.385e-05 1.395e-05 1.61e-05 1.17e-05 1.285e-05 1.23e-05 1.575e-05 1.555e-05 1.17e-05 1.395e-05 1.215e-05 1.285e-05 1.03e-05 1.075e-05 1.285e-05 1.15e-05 1.29e-05 1.26e-05 9.7e-06 1.185e-05 1.245e-05 1.07e-05 1.27e-05 1.215e-05 1.315e-05 1.52e-05 1.37e-05 1.07e-05 1.045e-05 1.025e-05 1.175e-05 1.275e-05 1.21e-05 1.3e-05 1.395e-05 1.085e-05 1.455e-05 1.065e-05 1.205e-05 1.245e-05 1.165e-05 8.45e-06 1.165e-05 9.4e-06 1.44e-05 1.465e-05 1.045e-05 1.205e-05 1.385e-05 1.44e-05 1.405e-05 1.655e-05 1.32e-05 1.09e-05 1.275e-05 1.295e-05 9.85e-06 1.09e-05 1.325e-05 9.9e-06 1.14e-05 1.175e-05 1.015e-05 1.345e-05 1.3e-05 1.29e-05 1.28e-05 1.465e-05 1.135e-05 1.65e-05 1.26e-05 1.275e-05 1.44e-05 1.35e-05
29 1.19e-05 1.115e-05 1.185e-05 1.11e-05 1.395e-05 1.605e-05 1.26e-05 1.105e-05 1.39e-05 1.535e-05 1.25e-05 1.19e-05 1.48e-05 1.08e-05 1.54e-05 1.335e-05 1.33e-05 1.44e-05 1.265e-05 1.015e-05 1.32e-05 1.325e-05 1.165e-05 1.155e-05 1.36e-05 1.56e-05 1.26e-05 1.43e-05 1.17e-05 1.25e-05 1.22e-05 1.025e-05 1.62e-05 1.6e-05 1.305e-05 1.455e-05 1.155e-05 1.085e-05 1.095e-05 1.16e-05 1.24e-05 1.28e-05 1.185e-05 1.14e-05 1.1e-05 1.22e-05 1.27e-05 1.315e-05 1.35e-05 1.405e-05 1.04e-05 1.39e-05 1.43e-05 1.09e-05 1.065e-05 8.9e-06 1.31e-05 1.155e-05 1.155e-05 1.195e-05 1.34e-05 1.125e-05 1.52e-05 1.085e-05 1.43e-05 1.195e-05 1.14e-05 1.255e-05 1.125e-05 1.24e-05 1.285e-05 1.345e-05 1.235e-05 1.145e-05 1.26e-05 1.3e-05 1.28e-05 1.705e-05 1.19e-05 1.11e-05 1.28e-05 1.19e-05 8.45e-06 1.17e-05 1.025e-05 1.27e-05 9.25e-06 1.43e-05 1.04e-05 1.465e-05 8.3e-06 1.08e-05 1.455e-05 1.345e-05 1.085e-05 1.7e-05 1.14e-05 9.85e-06 1.285e-05 1.47e-05
30 1.22e-05 1.15e-05 1.33e-05 1.465e-05 1.205e-05 1.42e-05 1.13e-05 1.2e-05 1.59e-05 1.055e-05 1.49e-05 1.04e-05 1.34e-05 1.2e-05 1.06e-05 1.555e-05 1.365e-05 1.26e-05 1.47e-05 1.28e-05 1.35e-05 1.575e-05 1.27e-05 1.215e-05 1.58e-05 1.635e-05 1.325e-05 1.245e-05 1.285e-05 1.22e-05 1.79e-05 9.55e-06 1.435e-05 1.415e-05 1.335e-05 1.195e-05 1.215e-05 1.25e-05 1.18e-05 1.47e-05 1.07e-05 1.28e-05 1.33e-05 1.5e-05 1.185e-05 1.44e-05 1.28e-05 1.32e-05 1.17e-05 1.085e-05 1.18e-05 1.315e-05 1.335e-05 1.21e-05 1.18e-05 1.11e-05 1.34e-05 1.515e-05 1.285e-05 1.34e-05 1.35e-05 1.315e-05 1.415e-05 1.205e-05 1.355e-05 1.245e-05 1.475e-05 1.27e-05 1.25e-05 1.28e-05 1.325e-05 1.565e-05 1.475e-05 1.205e-05 1.325e-05 1.125e-05 1.345e-05 1.675e-05 1.255e-05 1.23e-05 1.525e-05 1.335e-05 1.285e-05 1.25e-05 1.2e-05 1.44e-05 1.38e-05 1.21e-05 1.38e-05 1.57e-05 1.325e-05 1.105e-05 1.56e-05 1.565e-05 1.21e-05 1.67e-05 1.5e-05 1.455e-05 1.325e-05 1.575e-05
31 1.01e-05 1.015e-05 1.395e-05 1.365e-05 1.37e-05 1.395e-05 1.065e-05 9.3e-06 1.52e-05 1.265e-05 1.38e-05 8.15e-06 1.16e-05 9.35e-06 1.27e-05 1.495e-05 1.42e-05 1.42e-05 1.35e-05 1.24e-05 1.405e-05 1.465e-05 1.1e-05 9.55e-06 1.515e-05 1.605e-05 1.27e-05 1.41e-05 1.23e-05 1.025e-05 9.55e-06 1.03e-05 1.41e-05 1.39e-05 1.39e-05 1.295e-05 9.55e-06 1.15e-05 9.45e-06 1.36e-05 8.5e-06 1.065e-05 1.395e-05 1.4e-05 9.6e-06 1.395e-05 1.155e-05 1.37e-05 1.39e-05 1.26e-05 1.175e-05 1.09e-05 1.27e-05 9.8e-06 9.55e-06 7.95e-06 1.395e-05 1.415e-05 1.055e-05 1.405e-05 1.39e-05 1.27e-05 1.51e-05 9.75e-06 1.285e-05 1.13e-05 1.37e-05 1.215e-05 9.85e-06 1.23e-05 1.205e-05 1.5e-05 1.365e-05 9.45e-06 1.27e-05 1.17e-05 1.29e-05 1.64e-05 1e-05 1e-05 1.46e-05 1.4e-05 1.075e-05 1.21e-05 9.5e-06 1.32e-05 1.23e-05 1.365e-05 1.22e-05 1.495e-05 1.175e-05 1.235e-05 1.49e-05 1.5e-05 9.8e-06 1.635e-05 1.4e-05 1.365e-05 1.205e-05 1.505e-05
32 1.49e-05 1.875e-05 1.885e-05 1.675e-05 1.25e-05 5.7e-06 1.615e-05 1.635e-05 1.25e-05 8.05e-06 1.435e-05 1.275e-05 1.07e-05 1.68e-05 8.2e-06 1.27e-05 1.515e-05 1.16e-05 1.095e-05 1.855e-05 1.64e-05 1.24e-05 1.705e-05 1.25e-05 1.275e-05 9.45e-06 1.25e-05 1.15e-05 1.575e-05 1.62e-05 1.435e-05 1.41e-05 1.12e-05 5.6e-06 1.625e-05 1.2e-05 1.25e-05 1.25e-05 1.565e-05 1.67e-05 1.185e-05 1.385e-05 1.885e-05 1.57e-05 1.645e-05 1.6e-05 1.49e-05 1.635e-05 1.805e-05 1.4e-05 1.185e-05 8.35e-06 8.75e-06 1.635e-05 1.61e-05 1.715e-05 1.63e-05 1.585e-05 1.48e-05 1.895e-05 1.25e-05 1.825e-05 1.19e-05 1.63e-05 1.03e-05 1.09e-05 1.65e-05 1.515e-05 1.52e-05 1.5e-05 1.37e-05 1.26e-05 1.42e-05 1.24e-05 1.24e-05 1.655e-05 1.26e-05 5.9e-06 1.15e-05 1.655e-05 1.375e-05 1.89e-05 1.62e-05 1.765e-05 1.5e-05 1.305e-05 1.785e-05 1.23e-05 1.52e-05 1e-05 1.65e-05 1.49e-05 1.06e-05 1.26e-05 1.495e-05 5.85e-06 1.57e-05 1.93e-05 1.405e-05 1.01e-05
33 1.47e-05 1.855e-05 1.865e-05 1.655e-05 1.23e-05 5.6e-06 1.595e-05 1.615e-05 1.23e-05 7.95e-06 1.415e-05 1.255e-05 1.05e-05 1.66e-05 8e-06 1.25e-05 1.495e-05 1.14e-05 1.075e-05 1.835e-05 1.62e-05 1.22e-05 1.685e-05 1.23e-05 1.255e-05 9.25e-06 1.23e-05 1.13e-05 1.555e-05 1.6e-05 1.415e-05 1.39e-05 5.6e-06 1.08e-05 1.605e-05 1.18e-05 1.23e-05 1.23e-05 1.545e-05 1.65e-05 1.175e-05 1.365e-05 1.865e-05 1.55e-05 1.625e-05 1.58e-05 1.47e-05 1.615e-05 1.785e-05 1.38e-05 1.165e-05 8.15e-06 8.55e-06 1.615e-05 1.59e-05 1.695e-05 1.61e-05 1.565e-05 1.46e-05 1.875e-05 1.23e-05 1.805e-05 1.17e-05 1.61e-05 1.02e-05 1.08e-05 1.63e-05 1.495e-05 1.5e-05 1.48e-05 1.35e-05 1.24e-05 1.4e-05 1.22e-05 1.23e-05 1.635e-05 1.25e-05 5.7e-06 1.13e-05 1.635e-05 1.355e-05 1.87e-05 1.6e-05 1.745e-05 1.48e-05 1.285e-05 1.765e-05 1.21e-05 1.5e-05 9.8e-06 1.63e-05 1.47e-05 1.04e-05 1.24e-05 1.475e-05 5.65e-06 1.55e-05 1.91e-05 1.385e-05 9.9e-06
34 1.095e-05 1.17e-05 1.05e-05 1.025e-05 1.08e-05 1.61e-05 1.365e-05 1.135e-05 1.44e-05 1.45e-05 8.3e-06 1.36e-05 1.42e-05 1.095e-05 1.455e-05 1.445e-05 1.01e-05 1.26e-05 1.4e-05 1.32e-05 8.65e-06 1.165e-05 1.16e-05 1.115e-05 1.47e-05 1.48e-05 1.395e-05 1.25e-05 1.17e-05 1.305e-05 1.335e-05 1.39e-05 1.625e-05 1.605e-05 1.61e-05 1.23e-05 1.125e-05 1.395e-05 1.1e-05 1.05e-05 1.455e-05 1.15e-05 1.03e-05 1.18e-05 1.145e-05 9.3e-06 1.215e-05 8.9e-06 8.55e-06 1.3e-05 1.415e-05 1.565e-05 1.295e-05 1.09e-05 1.08e-05 1.235e-05 8.1e-06 1.195e-05 1.205e-05 1.04e-05 1.375e-05 1.235e-05 1.27e-05 1.095e-05 1.275e-05 1.355e-05 9.95e-06 1.1e-05 1.245e-05 1.04e-05 1.32e-05 1.455e-05 8.15e-06 1.125e-05 1.395e-05 1.175e-05 1.415e-05 1.685e-05 1.295e-05 1.12e-05 1.165e-05 1.07e-05 1.135e-05 1.295e-05 1.33e-05 8.5e-06 1.19e-05 1.145e-05 9.7e-06 1.25e-05 1.335e-05 1.275e-05 1.26e-05 1.455e-05 1.22e-05 1.68e-05 1.18e-05 1.225e-05 1.315e-05 1.235e-05
35 1.15e-05 1.335e-05 1.195e-05 1.46e-05 1.235e-05 1.185e-05 1.335e-05 1.435e-05 1.46e-05 9.15e-06 1.515e-05 1.155e-05 1.37e-05 1.47e-05 9.15e-06 1.46e-05 1.265e-05 1.29e-05 1.565e-05 1.39e-05 1.205e-05 1.61e-05 1.305e-05 1.34e-05 1.485e-05 1.385e-05 1.145e-05 1.28e-05 1.395e-05 1.455e-05 1.195e-05 1.295e-05 1.2e-05 1.18e-05 1.23e-05 1.74e-05 1.34e-05 1.145e-05 1.425e-05 1.4e-05 1.165e-05 1.405e-05 1.195e-05 1.5e-05 1.445e-05 1.34e-05 1.405e-05 1.185e-05 9.35e-06 1.135e-05 1.39e-05 1.35e-05 1.07e-05 1.49e-05 1.465e-05 1.535e-05 1.235e-05 1.515e-05 1.555e-05 1.205e-05 1.45e-05 1.36e-05 1.22e-05 1.485e-05 1.18e-05 1.26e-05 1.435e-05 1.285e-05 1.52e-05 1.325e-05 1.485e-05 1.47e-05 1.5e-05 1.33e-05 1.15e-05 1.15e-05 1.17e-05 1.52e-05 1.385e-05 1.51e-05 1.175e-05 1.16e-05 1.63e-05 1.33e-05 1.295e-05 1.395e-05 1.535e-05 1.205e-05 1.565e-05 1.505e-05 1.485e-05 1.18e-05 1.5e-05 1.47e-05 1.495e-05 1.515e-05 1.5e-05 1.42e-05 1.48e-05 1.51e-05
36 1.275e-05 1.395e-05 1.595e-05 1.13e-05 9.45e-06 1.235e-05 1.27e-05 1.08e-05 1.485e-05 1.155e-05 6.8e-06 1.02e-05 1.26e-05 1.04e-05 1.16e-05 1.49e-05 1.225e-05 1.07e-05 1.125e-05 1.565e-05 1.14e-05 8.95e-06 1.35e-05 6.65e-06 1.515e-05 1.545e-05 1.335e-05 1.06e-05 1.215e-05 1.155e-05 1.215e-05 9.55e-06 1.25e-05 1.23e-05 1.125e-05 1.34e-05 1.31e-05 1.285e-05 9.65e-06 1.24e-05 1.15e-05 9.9e-06 1.595e-05 1.225e-05 1.09e-05 1.11e-05 1.06e-05 1.265e-05 1.57e-05 1.3e-05 9.4e-06 1.045e-05 1.04e-05 9.45e-06 9.4e-06 1.03e-05 1.13e-05 1.24e-05 9.2e-06 1.605e-05 1.08e-05 1.485e-05 1.485e-05 9.55e-06 1.045e-05 9.75e-06 1.1e-05 1.175e-05 1.045e-05 1.025e-05 1.02e-05 1.5e-05 6.65e-06 6.65e-06 1.335e-05 1.36e-05 1.355e-05 1.415e-05 7.8e-06 9.8e-06 1.57e-05 1.6e-05 8.55e-06 1.505e-05 1.125e-05 7.1e-06 1.23e-05 1.07e-05 7.55e-06 1.04e-05 1.235e-05 1.35e-05 1.135e-05 1.5e-05 1.02e-05 1.41e-05 1.225e-05 1.585e-05 1.05e-05 1.035e-05
37 1.115e-05 1.28e-05 1.265e-05 1.315e-05 1.395e-05 1.235e-05 1.29e-05 1.31e-05 1.37e-05 1.14e-05 1.465e-05 1.125e-05 1.375e-05 1.32e-05 1.14e-05 1.35e-05 1.43e-05 1.45e-05 1.405e-05 1.15e-05 1.41e-05 1.56e-05 1.21e-05 1.285e-05 1.375e-05 1.39e-05 1.065e-05 1.44e-05 1.285e-05 1.085e-05 1.25e-05 1.15e-05 1.25e-05 1.23e-05 1.395e-05 1.145e-05 1.285e-05 1.9e-05 1.305e-05 1.3e-05 1.08e-05 1.375e-05 1.265e-05 1.355e-05 1.315e-05 1.33e-05 1.405e-05 1.375e-05 1.315e-05 1.275e-05 1.21e-05 1.33e-05 1.095e-05 1.335e-05 1.31e-05 1.24e-05 1.4e-05 1.37e-05 1.4e-05 1.275e-05 1.45e-05 1.195e-05 1.42e-05 1.33e-05 1.22e-05 1.13e-05 1.31e-05 1.275e-05 1.37e-05 1.29e-05 1.46e-05 1.36e-05 1.45e-05 1.275e-05 1.07e-05 1.34e-05 1.09e-05 1.54e-05 1.33e-05 1.355e-05 1.14e-05 1.27e-05 1.29e-05 1.21e-05 1.145e-05 1.415e-05 1.245e-05 1.4e-05 1.37e-05 1.49e-05 1.225e-05 1.135e-05 1.485e-05 1.36e-05 1.34e-05 1.535e-05 1.355e-05 1.18e-05 1.455e-05 1.495e-05
38 9.9e-06 1.045e-05 1.345e-05 1.065e-05 1.23e-05 1.55e-05 1.295e-05 8.1e-06 1.505e-05 1.54e-05 8.45e-06 1.165e-05 1.215e-05 8.25e-06 1.545e-05 1.47e-05 1.26e-05 1.405e-05 1.23e-05 1.26e-05 1.12e-05 1.175e-05 1.04e-05 9.6e-06 1.495e-05 1.555e-05 1.38e-05 1.395e-05 1.03e-05 1.095e-05 1.18e-05 9.45e-06 1.565e-05 1.545e-05 1.1e-05 1.425e-05 9.65e-06 1.305e-05 1.47e-05 1.08e-05 1.125e-05 9.6e-06 1.345e-05 1.22e-05 8.05e-06 1.085e-05 1.09e-05 1.105e-05 1.36e-05 1.45e-05 1.3e-05 1.385e-05 1.27e-05 7.85e-06 7.9e-06 7.95e-06 1.105e-05 1.235e-05 9.35e-06 1.355e-05 1.39e-05 1.28e-05 1.505e-05 7.85e-06 1.18e-05 1.145e-05 1.075e-05 1.025e-05 9.7e-06 1.02e-05 1.245e-05 1.48e-05 8.3e-06 9.6e-06 1.38e-05 1.34e-05 1.4e-05 1.665e-05 1.13e-05 8.1e-06 1.34e-05 1.35e-05 8.15e-06 1.22e-05 1.195e-05 7.5e-06 1.065e-05 1.24e-05 8.2e-06 1.245e-05 1.2e-05 1.375e-05 1.26e-05 1.48e-05 9.3e-06 1.66e-05 1.22e-05 1.295e-05 1.24e-05 1.24e-05
39 9.15e-06 1.12e-05 9.5e-06 8.7e-06 1.36e-05 1.655e-05 1.475e-05 9.35e-06 1.175e-05 1.7e-05 9.9e-06 1.41e-05 1.355e-05 1.02e-05 1.705e-05 1.205e-05 1.155e-05 1.485e-05 1.415e-05 1.06e-05 1.065e-05 1.225e-05 8.7e-06 1.24e-05 1.23e-05 1.375e-05 1.22e-05 1.475e-05 1.075e-05 1.16e-05 1.47e-05 1.36e-05 1.67e-05 1.65e-05 1.05e-05 1.4e-05 1.24e-05 1.3e-05 1.08e-05 1.31e-05 1.45e-05 1.125e-05 9.5e-06 9.8e-06 9.45e-06 9.3e-06 1.18e-05 8.8e-06 1.1e-05 1.5e-05 1.49e-05 1.585e-05 1.33e-05 1.115e-05 1.09e-05 1.2e-05 1.055e-05 9.95e-06 1.3e-05 9.6e-06 1.43e-05 1.01e-05 1.375e-05 1.11e-05 1.19e-05 1.435e-05 8.15e-06 9.35e-06 1.215e-05 1.1e-05 1.455e-05 1.215e-05 9.75e-06 1.23e-05 1.22e-05 1.395e-05 1.24e-05 1.665e-05 1.355e-05 1.135e-05 9.45e-06 9.55e-06 1.185e-05 1.05e-05 1.13e-05 9.3e-06 9.85e-06 1.27e-05 1.08e-05 1.315e-05 1.11e-05 1.32e-05 1.235e-05 1.215e-05 1.19e-05 1.66e-05 9.8e-06 7.65e-06 1.42e-05 1.32e-05
40 1.115e-05 1.2e-05 1.495e-05 1.445e-05 1.355e-05 1.17e-05 1.185e-05 1.115e-05 1.54e-05 1.045e-05 1.425e-05 1.015e-05 1.235e-05 1.115e-05 1.06e-05 1.51e-05 1.49e-05 1.41e-05 1.42e-05 1.32e-05 1.47e-05 1.52e-05 1.215e-05 1.15e-05 1.535e-05 1.52e-05 1.155e-05 1.4e-05 1.285e-05 1.24e-05 1.07e-05 8.5e-06 1.185e-05 1.175e-05 1.455e-05 1.165e-05 1.15e-05 1.08e-05 1.125e-05 1.45e-05 1.64e-05 1.205e-05 1.495e-05 1.485e-05 1.145e-05 1.46e-05 1.285e-05 1.445e-05 1.475e-05 1.26e-05 1.22e-05 1.225e-05 1.105e-05 1.155e-05 1.13e-05 1.06e-05 1.46e-05 1.5e-05 1.23e-05 1.505e-05 1.41e-05 1.35e-05 1.51e-05 1.15e-05 1.135e-05 1.06e-05 1.45e-05 1.27e-05 1.165e-05 1.275e-05 1.33e-05 1.52e-05 1.41e-05 1.14e-05 1.145e-05 1.31e-05 1.165e-05 1.56e-05 1.195e-05 1.175e-05 1.41e-05 1.5e-05 1.3e-05 1.29e-05 1.18e-05 1.375e-05 1.4e-05 1.36e-05 1.355e-05 1.48e-05 1.345e-05 1.3e-05 1.475e-05 1.52e-05 1.16e-05 1.555e-05 1.485e-05 1.48e-05 1.325e-05 1.485e-05
