 slim_337518968 slim_337518800 slim_337519089 slim_337519069 slim_337519129 slim_337519144 slim_337519110 slim_337518830 slim_337519130 slim_337519150 slim_337518962 slim_337519123 slim_337519106 slim_337519019 slim_337519141 slim_337518339 slim_337519135 slim_337519122 slim_337519063 slim_337519095 slim_337519081 slim_337519082 slim_337519016 slim_337519132 slim_337518964 slim_337518941 slim_337519006 slim_337519049 slim_337518931 slim_337519061 slim_337519036 slim_337519128 slim_337518963 slim_337518856 slim_337519010 slim_337519114 slim_337519126 slim_337519056 slim_337519113 slim_337518802 slim_337519152 slim_337519155 slim_337519124 slim_337519136 slim_337519120 slim_337519104 slim_337519026 slim_337519145 slim_337519154 slim_337519127 slim_337519112 slim_337518936 slim_337518805 slim_337519142 slim_337519093 slim_337519137 slim_337519021 slim_337519028 slim_337519044 slim_337519080 slim_337519101 slim_337519156 slim_337519131 slim_337519148 slim_337519062 slim_337519140 slim_337519116 slim_337519092 slim_337518992 slim_337519064 slim_337518794 slim_337519055 slim_337518849 slim_337519040 slim_337519115 slim_337518847 slim_337519108 slim_337518574 slim_337518997 slim_337519105 slim_337519111 slim_337518956 slim_337519087 slim_337518944 slim_337519048 slim_337519102 slim_337518404 slim_337518917 slim_337519134 slim_337519119 slim_337519100 slim_337519000 slim_337519050 slim_337519103 slim_337519066 slim_337519072 slim_337518974 slim_337519005
0 8.76e-05 9.22e-05 7.6e-05 4.5e-05 4.415e-05 0.0001069 7.07e-05 7.035e-05 6.915e-05 7.74e-05 7.575e-05 0.00010065 0.00010095 0.0001413 4.515e-05 9.115e-05 4.45e-05 6.745e-05 9.045e-05 7.04e-05 4.42e-05 0.0001177 0.00011735 6.075e-05 4.6e-05 0.0001237 4.525e-05 7.76e-05 9.22e-05 9.51e-05 7.085e-05 0.0001185 4.575e-05 0.0001019 6.92e-05 4.415e-05 7.57e-05 0.00014095 9.29e-05 0.00010085 7.605e-05 7.61e-05 4.435e-05 0.00012415 0.00014115 6.925e-05 4.53e-05 0.000101 0.00012405 9.23e-05 4.5e-05 8.39e-05 0.0001072 7.07e-05 7.565e-05 9.445e-05 7.09e-05 0.00012345 0.0001176 9.425e-05 7.525e-05 8.79e-05 7.77e-05 7.495e-05 6.645e-05 0.0001173 0.0001003 9.4e-05 0.00010075 6.49e-05 0.0001071 7.23e-05 4.515e-05 9.41e-05 7.63e-05 4.495e-05 0.0001011 0.00011735 4.415e-05 7.565e-05 7.025e-05 9.25e-05 6.95e-05 9.235e-05 6.915e-05 4.585e-05 0.0001238 4.615e-05 4.4e-05 4.56e-05 0.00011735 4.725e-05 4.565e-05 4.59e-05 4.595e-05 6.91e-05 9.245e-05 9.235e-05
1 9.22e-05 0.0001538 9.275e-05 9.175e-05 7.71e-05 9.045e-05 8.665e-05 9.28e-05 9.405e-05 0.0001084 0.00010785 9.43e-05 9.46e-05 7.995e-05 9.19e-05 9.415e-05 9.275e-05 0.0001073 0.00010575 9.28e-05 7.7e-05 7.96e-05 7.9e-05 0.00010655 0.00010835 9.255e-05 7.885e-05 0.0001087 9.205e-05 9.445e-05 8.725e-05 9.28e-05 0.0001069 0.0001082 7.91e-05 0.0001063 9.24e-05 7.825e-05 7.81e-05 9.45e-05 0.00010695 9.31e-05 7.745e-05 9.3e-05 7.92e-05 7.9e-05 0.0001078 9.465e-05 9.265e-05 7.74e-05 0.00010815 9.225e-05 0.0001078 9.475e-05 9.25e-05 8.115e-05 9.47e-05 9.25e-05 7.95e-05 9.45e-05 0.00010525 7.995e-05 0.0001088 0.00010605 9.35e-05 7.875e-05 9.365e-05 9.24e-05 9.44e-05 8.56e-05 9.065e-05 0.0001091 9.35e-05 9.345e-05 0.00010705 0.00010705 9.475e-05 7.935e-05 9.225e-05 9.235e-05 8.04e-05 9.285e-05 7.93e-05 7.755e-05 7.89e-05 0.0001007 9.285e-05 0.0001088 9.215e-05 0.00010795 7.9e-05 0.0001091 9.275e-05 9.36e-05 0.0001072 7.885e-05 9.255e-05 9.27e-05
2 7.6e-05 9.275e-05 0.0001487 7.56e-05 7.46e-05 0.0001074 7.775e-05 7.475e-05 7.75e-05 7.52e-05 7.595e-05 7.59e-05 7.595e-05 0.00011225 7.575e-05 7.61e-05 7.655e-05 7.6e-05 8.96e-05 7.485e-05 7.455e-05 9.455e-05 9.445e-05 9.11e-05 7.76e-05 9.275e-05 7.54e-05 7.65e-05 9.42e-05 7.63e-05 7.785e-05 9.315e-05 7.61e-05 7.51e-05 7.62e-05 7.69e-05 7.48e-05 0.00011145 9.345e-05 7.59e-05 7.55e-05 7.455e-05 7.465e-05 9.32e-05 0.0001119 7.615e-05 7.665e-05 7.605e-05 9.305e-05 9.27e-05 7.78e-05 9.1e-05 7.49e-05 7.65e-05 7.485e-05 7.79e-05 7.805e-05 9.39e-05 9.445e-05 9.535e-05 7.61e-05 9.455e-05 7.66e-05 7.64e-05 7.66e-05 9.42e-05 7.6e-05 9.44e-05 7.64e-05 9.47e-05 0.0001076 7.655e-05 7.7e-05 9.42e-05 7.605e-05 7.77e-05 7.615e-05 9.46e-05 7.605e-05 7.475e-05 7.72e-05 9.45e-05 7.64e-05 9.29e-05 7.605e-05 7.8e-05 9.31e-05 7.795e-05 7.595e-05 7.77e-05 9.445e-05 7.7e-05 7.49e-05 7.52e-05 7.73e-05 7.6e-05 9.42e-05 9.435e-05
3 4.5e-05 9.175e-05 7.56e-05 8.52e-05 4.29e-05 0.00010715 7.075e-05 6.99e-05 7.05e-05 7.8e-05 7.775e-05 0.0001009 0.00010105 0.00014275 4.29e-05 9.135e-05 4.56e-05 6.61e-05 9.1e-05 6.995e-05 4.29e-05 0.0001176 0.0001174 6.095e-05 4.75e-05 0.0001241 4.525e-05 7.795e-05 9.39e-05 9.53e-05 7.095e-05 0.0001189 4.62e-05 0.00010245 6.835e-05 4.545e-05 7.54e-05 0.0001412 9.245e-05 0.00010095 7.61e-05 7.615e-05 4.35e-05 0.00012455 0.0001421 6.845e-05 4.74e-05 0.0001011 0.0001246 9.175e-05 4.76e-05 8.395e-05 0.0001079 7.075e-05 7.54e-05 9.415e-05 7.05e-05 0.0001243 0.0001175 9.47e-05 7.525e-05 8.885e-05 7.805e-05 7.64e-05 6.755e-05 0.00011715 0.00010025 9.375e-05 0.00010095 6.535e-05 0.00010735 7.25e-05 4.665e-05 9.415e-05 7.675e-05 4.665e-05 0.0001012 0.00011765 4.505e-05 7.535e-05 7.01e-05 9.43e-05 6.87e-05 9.19e-05 6.835e-05 4.785e-05 0.00012435 4.795e-05 4.495e-05 4.655e-05 0.0001174 4.755e-05 4.52e-05 4.64e-05 4.55e-05 6.83e-05 9.4e-05 9.415e-05
4 4.415e-05 7.71e-05 7.46e-05 4.29e-05 7e-07 0.0001188 8.77e-05 6.925e-05 9.67e-05 0.0001187 0.0001182 0.000127 0.00012715 0.00015615 4.29e-05 0.0001175 7.005e-05 0.00010765 0.00011615 6.925e-05 4.5e-07 0.00013015 0.0001299 8.55e-05 8.73e-05 0.00015085 3.25e-06 0.0001176 0.00012075 0.00012175 8.79e-05 0.000146 6e-05 0.0001431 5.325e-05 8.595e-05 7.43e-05 0.0001544 0.0001032 0.00012705 0.0001165 7.52e-05 1.15e-06 0.0001513 0.0001555 5.31e-05 8.82e-05 0.0001272 0.000151 7.725e-05 8.71e-05 9.49e-05 0.00014815 9.725e-05 7.425e-05 0.000106 9.54e-05 0.0001511 0.00013005 0.0001227 0.0001156 0.00010155 0.0001177 0.0001167 6.685e-05 0.0001297 0.0001263 0.0001196 0.000127 8.315e-05 0.000119 0.00011255 4.615e-05 0.0001203 9.015e-05 8.72e-05 0.0001273 0.00013015 4.405e-05 7.425e-05 5.525e-05 0.00011985 7.88e-05 7.73e-05 5.305e-05 7.915e-05 0.00015105 8.775e-05 4.41e-05 8.81e-05 0.0001299 8.935e-05 4.455e-05 4.575e-05 6.005e-05 5.3e-05 0.0001209 0.00012105
5 0.0001069 9.045e-05 0.0001074 0.00010715 0.0001188 0.0001229 7.5e-05 0.00010735 8.245e-05 9.615e-05 9.555e-05 8.28e-05 8.285e-05 6.495e-05 0.0001073 8.265e-05 8.23e-05 9.595e-05 7.885e-05 0.0001074 0.00011885 6.61e-05 6.61e-05 7.935e-05 9.6e-05 7.86e-05 0.0001196 9.645e-05 7.86e-05 8.285e-05 7.6e-05 7.91e-05 0.0001204 9.59e-05 9.435e-05 9.5e-05 0.00010735 6.265e-05 6.61e-05 8.275e-05 9.55e-05 0.0001074 0.0001189 7.905e-05 6.41e-05 9.44e-05 9.57e-05 8.29e-05 7.93e-05 9.02e-05 9.58e-05 6.58e-05 9.585e-05 8.29e-05 0.0001073 7.01e-05 8.335e-05 7.915e-05 6.6e-05 8.135e-05 9.325e-05 6.695e-05 9.655e-05 9.375e-05 0.0001076 6.485e-05 8.21e-05 7.78e-05 8.29e-05 7.225e-05 6.17e-05 9.65e-05 0.0001075 7.92e-05 0.0001206 9.52e-05 8.3e-05 6.64e-05 0.00010695 0.0001073 9.495e-05 7.885e-05 6.94e-05 9.08e-05 9.43e-05 8.89e-05 7.925e-05 9.645e-05 0.00010685 9.6e-05 6.61e-05 9.66e-05 0.00010735 0.00010815 0.00012085 9.425e-05 7.85e-05 7.865e-05
6 7.07e-05 8.665e-05 7.775e-05 7.075e-05 8.77e-05 7.5e-05 6.79e-05 7.23e-05 4.48e-05 6.14e-05 6.08e-05 5.23e-05 5.175e-05 8.595e-05 7.09e-05 5.17e-05 4.545e-05 6.11e-05 6.645e-05 7.235e-05 8.775e-05 6.085e-05 6.085e-05 5.845e-05 5.275e-05 7.625e-05 8.76e-05 5.975e-05 6.97e-05 4.695e-05 3.48e-05 7.135e-05 7.94e-05 6.23e-05 6.18e-05 5.445e-05 7.77e-05 8.585e-05 6.135e-05 5.17e-05 6.15e-05 7.76e-05 8.765e-05 7.67e-05 8.575e-05 6.19e-05 5.44e-05 5.18e-05 7.645e-05 8.64e-05 5.28e-05 5.055e-05 6.765e-05 4.515e-05 7.765e-05 3.615e-05 4.445e-05 7.595e-05 6.075e-05 6.97e-05 6.045e-05 5.52e-05 5.985e-05 6e-05 7.715e-05 5.975e-05 5.12e-05 6.865e-05 5.18e-05 5.44e-05 7.52e-05 5.44e-05 7.06e-05 6.835e-05 8.615e-05 5.485e-05 5.195e-05 6.085e-05 7.075e-05 7.765e-05 6.17e-05 6.875e-05 3.62e-05 8.67e-05 6.175e-05 4.405e-05 7.665e-05 5.315e-05 7.065e-05 5.37e-05 6.09e-05 5.39e-05 7.105e-05 7.17e-05 7.885e-05 6.17e-05 6.96e-05 6.975e-05
7 7.035e-05 9.28e-05 7.475e-05 6.99e-05 6.925e-05 0.00010735 7.23e-05 0.000138 7.18e-05 7.52e-05 7.595e-05 7.62e-05 7.625e-05 0.0001176 7.005e-05 7.615e-05 7.09e-05 7.575e-05 8.975e-05 6.91e-05 6.92e-05 9.45e-05 9.445e-05 8.54e-05 7.165e-05 9.825e-05 7.005e-05 7.635e-05 9.395e-05 7.055e-05 7.24e-05 9.28e-05 7.02e-05 7.485e-05 7.08e-05 7.095e-05 7.495e-05 0.00011685 9.35e-05 7.615e-05 7.55e-05 7.485e-05 6.93e-05 9.87e-05 0.0001173 7.075e-05 7.07e-05 7.63e-05 9.87e-05 9.27e-05 7.185e-05 8.555e-05 8.06e-05 7.07e-05 7.5e-05 7.245e-05 7.235e-05 9.945e-05 9.44e-05 9.505e-05 7.595e-05 9.01e-05 7.645e-05 7.625e-05 7.67e-05 9.415e-05 7.61e-05 9.41e-05 7.65e-05 9.025e-05 0.00010755 7.05e-05 7.135e-05 9.39e-05 7.595e-05 7.175e-05 7.64e-05 9.46e-05 7.04e-05 7.49e-05 7.18e-05 9.425e-05 7.1e-05 9.295e-05 7.065e-05 7.23e-05 9.865e-05 7.2e-05 7.03e-05 7.17e-05 9.445e-05 7.09e-05 6.915e-05 6.955e-05 7.135e-05 7.06e-05 9.39e-05 9.405e-05
8 6.915e-05 9.405e-05 7.75e-05 7.05e-05 9.67e-05 8.245e-05 4.48e-05 7.18e-05 8.27e-05 5.135e-05 5e-05 4.995e-05 4.985e-05 9.185e-05 7.065e-05 4.955e-05 4.405e-05 5.135e-05 6.585e-05 7.185e-05 9.675e-05 6.685e-05 6.66e-05 5.99e-05 4.37e-05 7.45e-05 9.695e-05 5.2e-05 6.64e-05 4.435e-05 4.405e-05 6.925e-05 7.01e-05 5.24e-05 6.915e-05 4.24e-05 7.73e-05 9.205e-05 6.905e-05 4.98e-05 5.09e-05 7.72e-05 9.65e-05 7.495e-05 9.195e-05 6.925e-05 4.305e-05 4.99e-05 7.48e-05 9.405e-05 4.32e-05 5.77e-05 5.785e-05 4.295e-05 7.725e-05 4.185e-05 4.285e-05 7.44e-05 6.675e-05 6.85e-05 5.005e-05 6.035e-05 5.21e-05 4.915e-05 7.555e-05 6.735e-05 5.01e-05 6.885e-05 4.975e-05 6.345e-05 8.265e-05 4.655e-05 6.84e-05 6.865e-05 7.725e-05 4.275e-05 5.005e-05 6.655e-05 6.92e-05 7.725e-05 6.84e-05 6.75e-05 4.37e-05 9.425e-05 6.91e-05 4.44e-05 7.475e-05 4.425e-05 6.895e-05 4.315e-05 6.665e-05 4.445e-05 7.05e-05 7.06e-05 7.055e-05 6.905e-05 6.67e-05 6.685e-05
9 7.74e-05 0.0001084 7.52e-05 7.8e-05 0.0001187 9.615e-05 6.14e-05 7.52e-05 5.135e-05 6.31e-05 3.395e-05 4.88e-05 4.905e-05 9.85e-05 7.815e-05 4.9e-05 5.27e-05 3.485e-05 6.325e-05 7.525e-05 0.00011875 8.265e-05 8.245e-05 6.65e-05 3.73e-05 6.49e-05 0.0001176 3.53e-05 6.715e-05 4.89e-05 6.14e-05 6.5e-05 6.125e-05 3.19e-05 9.265e-05 3.71e-05 7.54e-05 9.865e-05 8.375e-05 4.895e-05 3.49e-05 7.46e-05 0.0001182 6.535e-05 9.845e-05 9.27e-05 3.4e-05 4.91e-05 6.545e-05 0.00010835 3.79e-05 8.055e-05 3.195e-05 4.915e-05 7.535e-05 6.68e-05 5.405e-05 6.675e-05 8.255e-05 6.76e-05 3.625e-05 8.185e-05 3.54e-05 3.575e-05 7.705e-05 8.24e-05 4.925e-05 6.925e-05 4.935e-05 7.715e-05 9.635e-05 3.515e-05 7.74e-05 6.815e-05 6.18e-05 3.73e-05 4.91e-05 8.25e-05 7.745e-05 7.535e-05 9.265e-05 6.89e-05 6.76e-05 0.00010855 9.26e-05 4.65e-05 6.515e-05 3.755e-05 7.735e-05 3.655e-05 8.245e-05 3.42e-05 7.52e-05 7.44e-05 6.395e-05 9.255e-05 6.725e-05 6.74e-05
10 7.575e-05 0.00010785 7.595e-05 7.775e-05 0.0001182 9.555e-05 6.08e-05 7.595e-05 5e-05 3.395e-05 6.71e-05 4.96e-05 4.985e-05 9.745e-05 7.79e-05 4.98e-05 5.105e-05 3.585e-05 6.395e-05 7.6e-05 0.00011825 8.215e-05 8.195e-05 6.64e-05 3.635e-05 6.565e-05 0.0001174 3.655e-05 6.57e-05 4.97e-05 6.085e-05 6.57e-05 6.19e-05 3.395e-05 9.22e-05 3.52e-05 7.62e-05 9.805e-05 8.32e-05 4.975e-05 3.515e-05 7.55e-05 0.00011785 6.61e-05 9.76e-05 9.225e-05 3.38e-05 4.99e-05 6.615e-05 0.0001078 3.575e-05 8.005e-05 3.4e-05 5e-05 7.615e-05 6.64e-05 5.36e-05 6.63e-05 8.205e-05 6.695e-05 3.58e-05 8.095e-05 3.665e-05 3.47e-05 7.625e-05 8.185e-05 5.005e-05 6.885e-05 5.02e-05 7.65e-05 9.575e-05 3.635e-05 7.605e-05 6.805e-05 6.225e-05 3.55e-05 5e-05 8.185e-05 7.605e-05 7.615e-05 9.225e-05 6.72e-05 6.715e-05 0.000108 9.215e-05 4.475e-05 6.59e-05 3.64e-05 7.595e-05 3.525e-05 8.195e-05 3.495e-05 7.6e-05 7.54e-05 6.325e-05 9.21e-05 6.58e-05 6.57e-05
11 0.00010065 9.43e-05 7.59e-05 0.0001009 0.000127 8.28e-05 5.23e-05 7.62e-05 4.995e-05 4.88e-05 4.96e-05 4.93e-05 2.51e-05 6.25e-05 0.00010105 3.45e-05 7.58e-05 5.955e-05 6.46e-05 7.625e-05 0.00012705 4.395e-05 4.37e-05 9.04e-05 7.545e-05 4.325e-05 0.00012695 5.09e-05 6.8e-05 2.51e-05 5.16e-05 4.36e-05 0.00010005 2.53e-05 7.63e-05 7.465e-05 7.61e-05 6.225e-05 6.955e-05 2.505e-05 4.99e-05 7.545e-05 0.00012665 4.37e-05 6.24e-05 7.64e-05 7.36e-05 2.51e-05 4.32e-05 9.43e-05 7.57e-05 6.495e-05 2.5e-05 4.9e-05 7.605e-05 2.585e-05 5.055e-05 4.43e-05 4.385e-05 6.92e-05 5.035e-05 6.7e-05 5.1e-05 5.025e-05 8.54e-05 4.44e-05 2.57e-05 6.95e-05 2.54e-05 9.325e-05 8.3e-05 5.105e-05 9.985e-05 6.9e-05 7.66e-05 7.51e-05 2.53e-05 4.38e-05 0.0001007 7.605e-05 7.55e-05 6.925e-05 5.11e-05 9.45e-05 7.625e-05 7.63e-05 4.35e-05 7.58e-05 0.0001006 7.51e-05 4.375e-05 7.405e-05 9.97e-05 9.935e-05 0.0001017 7.62e-05 6.815e-05 6.83e-05
12 0.00010095 9.46e-05 7.595e-05 0.00010105 0.00012715 8.285e-05 5.175e-05 7.625e-05 4.985e-05 4.905e-05 4.985e-05 2.51e-05 4.94e-05 6.27e-05 0.0001012 3.44e-05 7.585e-05 5.985e-05 6.49e-05 7.63e-05 0.0001272 4.36e-05 4.36e-05 9.015e-05 7.535e-05 4.345e-05 0.0001271 5.08e-05 6.845e-05 2.545e-05 5.095e-05 4.38e-05 0.00010035 2.55e-05 7.605e-05 7.51e-05 7.64e-05 6.245e-05 6.96e-05 2.475e-05 5.015e-05 7.555e-05 0.0001268 4.39e-05 6.26e-05 7.615e-05 7.405e-05 2.485e-05 4.37e-05 9.435e-05 7.56e-05 6.47e-05 2.545e-05 4.865e-05 7.635e-05 2.52e-05 4.99e-05 4.475e-05 4.35e-05 6.95e-05 5.08e-05 6.69e-05 5.09e-05 5.07e-05 8.57e-05 4.415e-05 2.57e-05 6.915e-05 2.53e-05 9.315e-05 8.305e-05 5.07e-05 0.00010015 6.865e-05 7.69e-05 7.555e-05 2.5e-05 4.37e-05 0.000101 7.635e-05 7.525e-05 6.915e-05 5.06e-05 9.48e-05 7.6e-05 7.62e-05 4.395e-05 7.57e-05 0.0001009 7.54e-05 4.365e-05 7.41e-05 9.975e-05 9.965e-05 0.00010185 7.595e-05 6.835e-05 6.85e-05
13 0.0001413 7.995e-05 0.00011225 0.00014275 0.00015615 6.495e-05 8.595e-05 0.0001176 9.185e-05 9.85e-05 9.745e-05 6.25e-05 6.27e-05 5.2e-06 0.0001429 7.17e-05 0.0001166 0.00010825 9.715e-05 0.00011765 0.0001562 3.1e-05 3.06e-05 0.0001288 0.000129 3.595e-05 0.00015555 9.985e-05 6.515e-05 6.795e-05 8.62e-05 4.15e-05 0.0001553 7.36e-05 0.0001067 0.00012785 0.00011215 5.05e-06 5.585e-05 6.26e-05 9.88e-05 0.00011195 0.00015595 3.64e-05 3.6e-06 0.00010675 0.0001276 6.275e-05 3.655e-05 8.01e-05 0.0001287 9.165e-05 6.81e-05 9.28e-05 0.0001121 5.745e-05 9.51e-05 3.49e-05 3.09e-05 6.565e-05 9.775e-05 5.91e-05 9.995e-05 9.685e-05 0.0001207 3.05e-05 6.25e-05 6.79e-05 6.27e-05 8.88e-05 6.515e-05 0.00010535 0.0001414 6.77e-05 0.00012545 0.00012805 6.285e-05 3.03e-05 0.00014135 0.0001121 0.0001068 6.715e-05 8.165e-05 8.065e-05 0.00010665 0.00012115 3.655e-05 0.00012935 0.00014125 0.00012745 3.06e-05 0.00012795 0.00014225 0.0001425 0.0001553 0.0001066 6.545e-05 6.56e-05
14 4.515e-05 9.19e-05 7.575e-05 4.29e-05 4.29e-05 0.0001073 7.09e-05 7.005e-05 7.065e-05 7.815e-05 7.79e-05 0.00010105 0.0001012 0.0001429 8.55e-05 9.15e-05 4.575e-05 6.63e-05 9.115e-05 7.01e-05 4.305e-05 0.00011775 0.00011755 6.11e-05 4.765e-05 0.00012425 4.54e-05 7.81e-05 9.405e-05 9.545e-05 7.11e-05 0.00011905 4.635e-05 0.0001026 6.86e-05 4.56e-05 7.555e-05 0.00014135 9.26e-05 0.0001011 7.625e-05 7.63e-05 4.365e-05 0.0001247 0.00014225 6.86e-05 4.755e-05 0.00010125 0.00012475 9.19e-05 4.775e-05 8.41e-05 0.00010805 7.09e-05 7.54e-05 9.43e-05 7.065e-05 0.00012445 0.00011765 9.485e-05 7.54e-05 8.9e-05 7.82e-05 7.655e-05 6.77e-05 0.0001173 0.0001004 9.39e-05 0.0001011 6.55e-05 0.0001075 7.265e-05 4.68e-05 9.43e-05 7.69e-05 4.68e-05 0.00010135 0.0001178 4.505e-05 7.55e-05 7.025e-05 9.445e-05 6.885e-05 9.205e-05 6.85e-05 4.8e-05 0.0001245 4.81e-05 4.51e-05 4.67e-05 0.00011755 4.77e-05 4.535e-05 4.655e-05 4.565e-05 6.845e-05 9.415e-05 9.43e-05
15 9.115e-05 9.415e-05 7.61e-05 9.135e-05 0.0001175 8.265e-05 5.17e-05 7.615e-05 4.955e-05 4.9e-05 4.98e-05 3.45e-05 3.44e-05 7.17e-05 9.15e-05 6.79e-05 6.605e-05 4.99e-05 6.455e-05 7.62e-05 0.00011755 5.29e-05 5.265e-05 8.06e-05 6.565e-05 5.255e-05 0.00011745 5.055e-05 6.785e-05 3.465e-05 5.09e-05 5.29e-05 9.055e-05 3.47e-05 7.59e-05 6.515e-05 7.605e-05 7.145e-05 6.915e-05 3.43e-05 5.01e-05 7.565e-05 0.00011715 5.3e-05 7.16e-05 7.595e-05 6.41e-05 3.445e-05 5.27e-05 9.415e-05 6.59e-05 6.45e-05 3.44e-05 4.87e-05 7.6e-05 3.45e-05 4.98e-05 5.36e-05 5.28e-05 6.9e-05 5.03e-05 6.66e-05 5.065e-05 5.02e-05 7.58e-05 5.345e-05 3.485e-05 6.905e-05 3.445e-05 8.345e-05 8.285e-05 5.07e-05 9.035e-05 6.855e-05 7.655e-05 6.55e-05 3.455e-05 5.275e-05 9.12e-05 7.6e-05 7.51e-05 6.88e-05 5.045e-05 9.435e-05 7.585e-05 6.65e-05 5.28e-05 6.6e-05 9.11e-05 6.555e-05 5.265e-05 6.46e-05 9.03e-05 8.995e-05 9.215e-05 7.58e-05 6.8e-05 6.815e-05
16 4.45e-05 9.275e-05 7.655e-05 4.56e-05 7.005e-05 8.23e-05 4.545e-05 7.09e-05 4.405e-05 5.27e-05 5.105e-05 7.58e-05 7.585e-05 0.0001166 4.575e-05 6.605e-05 3.82e-05 4.27e-05 6.585e-05 7.095e-05 7e-05 9.26e-05 9.225e-05 3.575e-05 2.09e-05 9.9e-05 7.115e-05 5.25e-05 6.75e-05 7.025e-05 4.56e-05 9.38e-05 4.64e-05 7.72e-05 6.945e-05 1.94e-05 7.625e-05 0.00011625 6.765e-05 7.575e-05 5.13e-05 7.675e-05 7.025e-05 9.945e-05 0.00011645 6.94e-05 2.06e-05 7.59e-05 9.92e-05 9.295e-05 1.99e-05 5.89e-05 8.25e-05 4.56e-05 7.63e-05 6.895e-05 4.54e-05 9.875e-05 9.25e-05 6.955e-05 5.055e-05 6.28e-05 5.26e-05 5.025e-05 6.71e-05 9.22e-05 7.52e-05 6.89e-05 7.565e-05 4.005e-05 8.25e-05 4.72e-05 4.58e-05 6.9e-05 7.695e-05 2.025e-05 7.6e-05 9.225e-05 4.48e-05 7.62e-05 7.05e-05 6.74e-05 4.38e-05 9.29e-05 6.93e-05 2.1e-05 9.91e-05 2.105e-05 4.47e-05 2.085e-05 9.225e-05 2.255e-05 4.62e-05 4.65e-05 4.655e-05 6.925e-05 6.775e-05 6.765e-05
17 6.745e-05 0.0001073 7.6e-05 6.61e-05 0.00010765 9.595e-05 6.11e-05 7.575e-05 5.135e-05 3.485e-05 3.585e-05 5.955e-05 5.985e-05 0.00010825 6.63e-05 4.99e-05 4.27e-05 4.93e-05 6.45e-05 7.58e-05 0.00010765 9.165e-05 9.135e-05 5.74e-05 2.85e-05 7.55e-05 0.0001081 3.7e-05 6.715e-05 5.94e-05 6.12e-05 7.555e-05 5.29e-05 4.405e-05 9.16e-05 2.69e-05 7.59e-05 0.00010765 8.265e-05 5.975e-05 3.55e-05 7.6e-05 0.0001077 7.595e-05 0.0001079 9.16e-05 2.63e-05 5.99e-05 7.605e-05 0.0001074 2.9e-05 8.025e-05 4.4e-05 5.04e-05 7.59e-05 7.57e-05 5.345e-05 7.635e-05 9.155e-05 6.725e-05 3.565e-05 8.19e-05 3.71e-05 3.6e-05 6.765e-05 9.13e-05 5.945e-05 6.885e-05 5.985e-05 6.76e-05 9.615e-05 3.69e-05 6.81e-05 6.835e-05 6.27e-05 2.75e-05 6e-05 9.15e-05 6.75e-05 7.585e-05 9.225e-05 6.9e-05 6.65e-05 0.00010745 9.15e-05 3.74e-05 7.565e-05 2.885e-05 6.74e-05 2.67e-05 9.135e-05 2.61e-05 6.645e-05 6.655e-05 5.345e-05 9.145e-05 6.735e-05 6.75e-05
18 9.045e-05 0.00010575 8.96e-05 9.1e-05 0.00011615 7.885e-05 6.645e-05 8.975e-05 6.585e-05 6.325e-05 6.395e-05 6.46e-05 6.49e-05 9.715e-05 9.115e-05 6.455e-05 6.585e-05 6.45e-05 0.0001242 8.98e-05 0.0001162 8.16e-05 8.125e-05 6.405e-05 6.525e-05 7.895e-05 0.000116 6.42e-05 8.01e-05 6.485e-05 6.695e-05 7.945e-05 8.935e-05 6.3e-05 9.155e-05 6.525e-05 8.94e-05 9.605e-05 8.12e-05 6.48e-05 6.44e-05 8.93e-05 0.00011595 7.94e-05 9.675e-05 9.16e-05 6.415e-05 6.495e-05 7.915e-05 0.00010585 6.545e-05 6.45e-05 6.235e-05 6.525e-05 8.935e-05 6.715e-05 6.705e-05 7.985e-05 8.15e-05 8.18e-05 6.365e-05 8.145e-05 6.43e-05 6.365e-05 9.045e-05 8.085e-05 6.435e-05 8.04e-05 6.48e-05 8.13e-05 7.905e-05 6.46e-05 9.075e-05 8.055e-05 8.925e-05 6.545e-05 6.505e-05 8.14e-05 9.05e-05 8.935e-05 9.185e-05 8.055e-05 6.66e-05 0.0001059 9.15e-05 6.62e-05 7.905e-05 6.56e-05 9.04e-05 6.56e-05 8.125e-05 6.5e-05 8.985e-05 8.96e-05 9.095e-05 9.145e-05 8.035e-05 8.05e-05
19 7.04e-05 9.28e-05 7.485e-05 6.995e-05 6.925e-05 0.0001074 7.235e-05 6.91e-05 7.185e-05 7.525e-05 7.6e-05 7.625e-05 7.63e-05 0.00011765 7.01e-05 7.62e-05 7.095e-05 7.58e-05 8.98e-05 0.0001381 6.915e-05 9.455e-05 9.45e-05 8.545e-05 7.17e-05 9.83e-05 7.005e-05 7.64e-05 9.4e-05 7.06e-05 7.245e-05 9.285e-05 7.025e-05 7.49e-05 7.085e-05 7.105e-05 7.495e-05 0.0001169 9.355e-05 7.62e-05 7.56e-05 7.49e-05 6.93e-05 9.875e-05 0.00011735 7.075e-05 7.075e-05 7.635e-05 9.875e-05 9.275e-05 7.19e-05 8.56e-05 8.065e-05 7.075e-05 7.505e-05 7.25e-05 7.24e-05 9.95e-05 9.445e-05 9.51e-05 7.6e-05 9.015e-05 7.65e-05 7.63e-05 7.675e-05 9.42e-05 7.615e-05 9.415e-05 7.655e-05 9.03e-05 0.0001076 7.055e-05 7.14e-05 9.395e-05 7.6e-05 7.18e-05 7.645e-05 9.465e-05 7.045e-05 7.49e-05 7.185e-05 9.43e-05 7.105e-05 9.3e-05 7.065e-05 7.235e-05 9.87e-05 7.205e-05 7.035e-05 7.175e-05 9.45e-05 7.095e-05 6.915e-05 6.96e-05 7.14e-05 7.06e-05 9.395e-05 9.41e-05
20 4.42e-05 7.7e-05 7.455e-05 4.29e-05 4.5e-07 0.00011885 8.775e-05 6.92e-05 9.675e-05 0.00011875 0.00011825 0.00012705 0.0001272 0.0001562 4.305e-05 0.00011755 7e-05 0.00010765 0.0001162 6.915e-05 2e-07 0.0001302 0.00012995 8.555e-05 8.735e-05 0.0001509 3.05e-06 0.00011765 0.0001208 0.0001218 8.795e-05 0.00014605 6.005e-05 0.00014315 5.33e-05 8.595e-05 7.42e-05 0.00015445 0.00010315 0.0001271 0.0001165 7.525e-05 1.05e-06 0.00015135 0.00015555 5.305e-05 8.825e-05 0.00012725 0.00015105 7.73e-05 8.715e-05 9.495e-05 0.0001482 9.73e-05 7.445e-05 0.00010605 9.545e-05 0.00015115 0.0001301 0.00012275 0.00011565 0.0001016 0.00011775 0.00011675 6.69e-05 0.00012975 0.00012635 0.00011965 0.00012705 8.32e-05 0.00011905 0.0001126 4.62e-05 0.00012035 9.02e-05 8.725e-05 0.00012735 0.0001302 4.425e-05 7.415e-05 5.53e-05 0.0001199 7.875e-05 7.725e-05 5.295e-05 7.92e-05 0.0001511 8.78e-05 4.415e-05 8.81e-05 0.00012995 8.94e-05 4.445e-05 4.575e-05 6.005e-05 5.29e-05 0.00012095 0.0001211
21 0.0001177 7.96e-05 9.455e-05 0.0001176 0.00013015 6.61e-05 6.085e-05 9.45e-05 6.685e-05 8.265e-05 8.215e-05 4.395e-05 4.36e-05 3.1e-05 0.00011775 5.29e-05 9.26e-05 9.165e-05 8.16e-05 9.455e-05 0.0001302 5.64e-05 2.875e-05 0.0001059 0.0001065 4.355e-05 0.00013105 8.34e-05 6.72e-05 4.4e-05 6.055e-05 4.405e-05 0.0001317 5.895e-05 7.91e-05 0.0001051 9.46e-05 2.93e-05 5.48e-05 4.355e-05 8.195e-05 9.44e-05 0.0001301 4.375e-05 3.02e-05 7.94e-05 0.00010585 4.365e-05 4.42e-05 7.9e-05 0.00010635 6.63e-05 5.9e-05 6.705e-05 9.455e-05 2.87e-05 6.675e-05 4.425e-05 2.84e-05 6.94e-05 8.06e-05 5.28e-05 8.35e-05 8.1e-05 0.00010315 2.855e-05 4.38e-05 6.675e-05 4.375e-05 8.45e-05 6.605e-05 8.335e-05 0.0001172 6.795e-05 0.00010845 0.00010555 4.38e-05 2.91e-05 0.00011775 9.455e-05 7.86e-05 6.785e-05 5.385e-05 8e-05 7.925e-05 9.93e-05 4.435e-05 0.00010695 0.00011765 0.00010615 2.89e-05 0.0001064 0.0001179 0.0001186 0.00013215 7.92e-05 6.675e-05 6.69e-05
22 0.00011735 7.9e-05 9.445e-05 0.0001174 0.0001299 6.61e-05 6.085e-05 9.445e-05 6.66e-05 8.245e-05 8.195e-05 4.37e-05 4.36e-05 3.06e-05 0.00011755 5.265e-05 9.225e-05 9.135e-05 8.125e-05 9.45e-05 0.00012995 2.875e-05 5.63e-05 0.0001058 0.0001063 4.345e-05 0.0001308 8.32e-05 6.65e-05 4.38e-05 6.055e-05 4.36e-05 0.00013135 5.88e-05 7.905e-05 0.00010465 9.425e-05 2.945e-05 5.445e-05 4.355e-05 8.175e-05 9.43e-05 0.00012985 4.39e-05 3.01e-05 7.925e-05 0.0001054 4.365e-05 4.345e-05 7.925e-05 0.00010615 6.615e-05 5.855e-05 6.71e-05 9.42e-05 2.865e-05 6.675e-05 4.355e-05 2.875e-05 6.885e-05 8.015e-05 5.25e-05 8.33e-05 8.055e-05 0.0001028 2.89e-05 4.355e-05 6.735e-05 4.35e-05 8.425e-05 6.63e-05 8.345e-05 0.00011685 6.81e-05 0.0001081 0.0001051 4.38e-05 2.865e-05 0.0001174 9.42e-05 7.855e-05 6.77e-05 5.37e-05 7.965e-05 7.91e-05 9.91e-05 4.39e-05 0.00010675 0.0001173 0.00010585 2.835e-05 0.0001064 0.00011785 0.00011825 0.00013195 7.905e-05 6.69e-05 6.705e-05
23 6.075e-05 0.00010655 9.11e-05 6.095e-05 8.55e-05 7.935e-05 5.845e-05 8.54e-05 5.99e-05 6.65e-05 6.64e-05 9.04e-05 9.015e-05 0.0001288 6.11e-05 8.06e-05 3.575e-05 5.74e-05 6.405e-05 8.545e-05 8.555e-05 0.0001059 0.0001058 6.27e-05 3.37e-05 0.0001117 8.48e-05 6.39e-05 8.185e-05 8.48e-05 5.895e-05 0.00010655 6.015e-05 9.085e-05 8.465e-05 3.66e-05 9.095e-05 0.00012805 8.16e-05 9.005e-05 6.695e-05 9.09e-05 8.54e-05 0.00011215 0.00012835 8.47e-05 3.62e-05 9.02e-05 0.00011185 0.0001064 3.46e-05 5.77e-05 9.635e-05 5.99e-05 9.09e-05 8.4e-05 5.91e-05 0.00011195 0.0001058 8.245e-05 6.575e-05 7.685e-05 6.4e-05 6.565e-05 8.2e-05 0.00010515 8.965e-05 7.99e-05 9.01e-05 5.19e-05 7.955e-05 5.84e-05 6.105e-05 7.925e-05 9.06e-05 3.68e-05 9.03e-05 0.000106 6.08e-05 9.09e-05 8.495e-05 8.035e-05 5.93e-05 0.0001067 8.46e-05 3.54e-05 0.00011205 3.42e-05 6.07e-05 3.615e-05 0.0001058 3.62e-05 6.075e-05 6.105e-05 6.025e-05 8.455e-05 8.185e-05 8.2e-05
24 4.6e-05 0.00010835 7.76e-05 4.75e-05 8.73e-05 9.6e-05 5.275e-05 7.165e-05 4.37e-05 3.73e-05 3.635e-05 7.545e-05 7.535e-05 0.000129 4.765e-05 6.565e-05 2.09e-05 2.85e-05 6.525e-05 7.17e-05 8.735e-05 0.0001065 0.0001063 3.37e-05 8.9e-06 9.825e-05 8.595e-05 3.6e-05 6.695e-05 6.96e-05 5.28e-05 9.28e-05 3.24e-05 6.175e-05 8.515e-05 6.25e-06 7.74e-05 0.00012995 8.33e-05 7.525e-05 3.8e-05 7.725e-05 8.705e-05 9.87e-05 0.0001291 8.52e-05 5.75e-06 7.54e-05 9.86e-05 0.0001083 5e-06 7.295e-05 6.745e-05 4.48e-05 7.735e-05 8.32e-05 4.56e-05 9.8e-05 0.0001064 6.735e-05 3.75e-05 7.615e-05 3.61e-05 3.615e-05 6.74e-05 0.0001062 7.51e-05 6.84e-05 7.525e-05 4.69e-05 9.62e-05 3.03e-05 4.605e-05 6.68e-05 6.32e-05 6.35e-06 7.55e-05 0.00010625 4.605e-05 7.735e-05 8.52e-05 6.705e-05 5.97e-05 0.0001085 8.51e-05 1.4e-05 9.85e-05 5.05e-06 4.58e-05 5.4e-06 0.0001063 6.25e-06 4.695e-05 4.685e-05 3.235e-05 8.505e-05 6.72e-05 6.735e-05
25 0.0001237 9.255e-05 9.275e-05 0.0001241 0.00015085 7.86e-05 7.625e-05 9.825e-05 7.45e-05 6.49e-05 6.565e-05 4.325e-05 4.345e-05 3.595e-05 0.00012425 5.255e-05 9.9e-05 7.55e-05 7.895e-05 9.83e-05 0.0001509 4.355e-05 4.345e-05 0.0001117 9.825e-05 6.76e-05 0.0001507 6.7e-05 6.545e-05 4.885e-05 7.675e-05 4.005e-05 0.0001226 3.985e-05 0.00010165 9.705e-05 9.245e-05 3.49e-05 6.81e-05 4.335e-05 6.61e-05 9.245e-05 0.00015065 3.43e-05 3.545e-05 0.0001017 9.59e-05 4.35e-05 3.49e-05 9.24e-05 9.845e-05 8.795e-05 3.415e-05 7.375e-05 9.24e-05 5.265e-05 7.69e-05 3.505e-05 4.345e-05 6.705e-05 6.525e-05 7.265e-05 6.71e-05 6.525e-05 0.00010295 4.28e-05 4.275e-05 6.67e-05 4.32e-05 9.68e-05 7.88e-05 7.285e-05 0.000124 6.685e-05 9.25e-05 9.725e-05 4.36e-05 4.365e-05 0.00012375 9.235e-05 0.00010195 6.705e-05 7.66e-05 9.29e-05 0.0001016 9.915e-05 3.44e-05 9.86e-05 0.00012365 9.725e-05 4.345e-05 9.65e-05 0.00012295 0.0001229 0.0001241 0.00010155 6.545e-05 6.56e-05
26 4.525e-05 7.885e-05 7.54e-05 4.525e-05 3.25e-06 0.0001196 8.76e-05 7.005e-05 9.695e-05 0.0001176 0.0001174 0.00012695 0.0001271 0.00015555 4.54e-05 0.00011745 7.115e-05 0.0001081 0.000116 7.005e-05 3.05e-06 0.00013105 0.0001308 8.48e-05 8.595e-05 0.0001507 6.1e-06 0.00011595 0.0001209 0.0001217 8.77e-05 0.00014585 6.015e-05 0.000142 5.51e-05 8.69e-05 7.51e-05 0.0001552 0.00010495 0.000127 0.00011715 7.54e-05 3.25e-06 0.00015115 0.0001552 5.5e-05 8.74e-05 0.00012715 0.00015085 7.9e-05 8.66e-05 9.58e-05 0.00014705 9.72e-05 7.52e-05 0.000107 9.64e-05 0.0001508 0.00013095 0.00012165 0.0001167 0.00010185 0.00011605 0.00011685 6.71e-05 0.0001307 0.00012655 0.0001204 0.00012695 8.285e-05 0.0001198 0.0001109 4.64e-05 0.0001196 9.03e-05 8.765e-05 0.00012725 0.00013095 4.53e-05 7.505e-05 5.625e-05 0.00012 8.065e-05 7.905e-05 5.49e-05 7.82e-05 0.0001509 8.625e-05 4.52e-05 8.755e-05 0.0001308 8.81e-05 4.535e-05 4.575e-05 6.045e-05 5.485e-05 0.00012105 0.0001212
27 7.76e-05 0.0001087 7.65e-05 7.795e-05 0.0001176 9.645e-05 5.975e-05 7.635e-05 5.2e-05 3.53e-05 3.655e-05 5.09e-05 5.08e-05 9.985e-05 7.81e-05 5.055e-05 5.25e-05 3.7e-05 6.42e-05 7.64e-05 0.00011765 8.34e-05 8.32e-05 6.39e-05 3.6e-05 6.7e-05 0.00011595 6.87e-05 6.875e-05 5.085e-05 5.975e-05 6.755e-05 6.24e-05 3.485e-05 9.2e-05 3.87e-05 7.6e-05 0.00010035 8.365e-05 5.07e-05 3.76e-05 7.6e-05 0.0001172 6.745e-05 9.975e-05 9.205e-05 3.645e-05 5.085e-05 6.75e-05 0.00010865 3.73e-05 7.99e-05 3.47e-05 5.08e-05 7.595e-05 6.66e-05 5.27e-05 6.795e-05 8.33e-05 6.82e-05 3.785e-05 8.26e-05 3.46e-05 3.725e-05 7.74e-05 8.315e-05 5.04e-05 6.885e-05 5.05e-05 7.65e-05 9.665e-05 3.475e-05 7.76e-05 6.695e-05 6.255e-05 3.89e-05 5.095e-05 8.33e-05 7.765e-05 7.605e-05 9.2e-05 6.86e-05 6.655e-05 0.00010885 9.195e-05 4.57e-05 6.725e-05 3.64e-05 7.755e-05 3.745e-05 8.32e-05 3.615e-05 7.64e-05 7.585e-05 6.355e-05 9.19e-05 6.885e-05 6.9e-05
28 9.22e-05 9.205e-05 9.42e-05 9.39e-05 0.00012075 7.86e-05 6.97e-05 9.395e-05 6.64e-05 6.715e-05 6.57e-05 6.8e-05 6.845e-05 6.515e-05 9.405e-05 6.785e-05 6.75e-05 6.715e-05 8.01e-05 9.4e-05 0.0001208 6.72e-05 6.65e-05 8.185e-05 6.695e-05 6.545e-05 0.0001209 6.875e-05 0.0001268 6.785e-05 7.025e-05 6.535e-05 9.27e-05 6.705e-05 9.51e-05 6.46e-05 9.385e-05 6.485e-05 6.785e-05 6.835e-05 6.675e-05 9.405e-05 0.0001207 6.59e-05 6.49e-05 9.515e-05 6.52e-05 6.85e-05 6.575e-05 9.25e-05 6.64e-05 8.13e-05 6.69e-05 6.825e-05 9.38e-05 6.965e-05 7.025e-05 6.49e-05 6.71e-05 6.61e-05 6.495e-05 6.635e-05 6.885e-05 6.42e-05 9.305e-05 6.64e-05 6.77e-05 6.685e-05 6.82e-05 6.74e-05 7.88e-05 6.89e-05 9.255e-05 6.73e-05 9.325e-05 6.47e-05 6.86e-05 6.66e-05 9.225e-05 9.38e-05 9.545e-05 6.58e-05 7.005e-05 9.265e-05 9.505e-05 6.77e-05 6.565e-05 6.75e-05 9.2e-05 6.535e-05 6.65e-05 6.705e-05 9.39e-05 9.4e-05 9.315e-05 9.5e-05 6.415e-05 6.43e-05
29 9.51e-05 9.445e-05 7.63e-05 9.53e-05 0.00012175 8.285e-05 4.695e-05 7.055e-05 4.435e-05 4.89e-05 4.97e-05 2.51e-05 2.545e-05 6.795e-05 9.545e-05 3.465e-05 7.025e-05 5.94e-05 6.485e-05 7.06e-05 0.0001218 4.4e-05 4.38e-05 8.48e-05 6.96e-05 4.885e-05 0.0001217 5.085e-05 6.785e-05 3.88e-05 4.625e-05 4.335e-05 9.425e-05 2.515e-05 7.1e-05 6.88e-05 7.635e-05 6.775e-05 6.97e-05 2.54e-05 5e-05 7.585e-05 0.0001214 4.93e-05 6.79e-05 7.11e-05 6.775e-05 2.55e-05 4.9e-05 9.44e-05 6.985e-05 5.96e-05 3.08e-05 4.33e-05 7.63e-05 2.05e-05 4.495e-05 4.995e-05 4.39e-05 6.9e-05 5.03e-05 6.265e-05 5.095e-05 5.02e-05 8.56e-05 4.445e-05 2.59e-05 6.93e-05 2.56e-05 8.89e-05 8.305e-05 4.51e-05 9.43e-05 6.88e-05 7.66e-05 6.925e-05 2.565e-05 4.39e-05 9.515e-05 7.63e-05 7.02e-05 6.91e-05 4.58e-05 9.465e-05 7.095e-05 7.07e-05 4.915e-05 6.995e-05 9.505e-05 6.92e-05 4.385e-05 6.805e-05 9.405e-05 9.38e-05 9.585e-05 7.09e-05 6.795e-05 6.81e-05
30 7.085e-05 8.725e-05 7.785e-05 7.095e-05 8.79e-05 7.6e-05 3.48e-05 7.24e-05 4.405e-05 6.14e-05 6.085e-05 5.16e-05 5.095e-05 8.62e-05 7.11e-05 5.09e-05 4.56e-05 6.12e-05 6.695e-05 7.245e-05 8.795e-05 6.055e-05 6.055e-05 5.895e-05 5.28e-05 7.675e-05 8.77e-05 5.975e-05 7.025e-05 4.625e-05 6.81e-05 7.185e-05 7.955e-05 6.23e-05 6.11e-05 5.46e-05 7.78e-05 8.7e-05 6.21e-05 5.09e-05 6.16e-05 7.755e-05 8.77e-05 7.72e-05 8.63e-05 6.12e-05 5.445e-05 5.1e-05 7.695e-05 8.7e-05 5.29e-05 5.025e-05 6.765e-05 4.435e-05 7.775e-05 3.455e-05 4.285e-05 7.65e-05 6.045e-05 6.995e-05 6.11e-05 5.45e-05 5.985e-05 6.055e-05 7.65e-05 6.105e-05 5.135e-05 6.965e-05 5.1e-05 5.495e-05 7.62e-05 5.44e-05 6.995e-05 6.885e-05 8.63e-05 5.505e-05 5.115e-05 6.05e-05 7.09e-05 7.775e-05 6.02e-05 6.93e-05 3.55e-05 8.745e-05 6.105e-05 4.415e-05 7.725e-05 5.32e-05 7.08e-05 5.39e-05 6.06e-05 5.395e-05 7.115e-05 7.155e-05 7.915e-05 6.1e-05 7.015e-05 7.03e-05
31 0.0001185 9.28e-05 9.315e-05 0.0001189 0.000146 7.91e-05 7.135e-05 9.28e-05 6.925e-05 6.5e-05 6.57e-05 4.36e-05 4.38e-05 4.15e-05 0.00011905 5.29e-05 9.38e-05 7.555e-05 7.945e-05 9.285e-05 0.00014605 4.405e-05 4.36e-05 0.00010655 9.28e-05 4.005e-05 0.00014585 6.755e-05 6.535e-05 4.335e-05 7.185e-05 7.93e-05 0.0001172 4.005e-05 9.675e-05 9.15e-05 9.325e-05 4.08e-05 6.86e-05 4.37e-05 6.615e-05 9.285e-05 0.0001458 4.05e-05 4.11e-05 9.68e-05 9.04e-05 4.385e-05 4.04e-05 9.295e-05 9.3e-05 8.3e-05 4.035e-05 6.83e-05 9.32e-05 4.77e-05 7.175e-05 4.095e-05 4.395e-05 6.695e-05 6.57e-05 6.86e-05 6.765e-05 6.57e-05 0.00010345 4.33e-05 4.355e-05 6.7e-05 4.4e-05 9.28e-05 7.93e-05 6.715e-05 0.0001188 6.715e-05 9.295e-05 9.17e-05 4.395e-05 4.39e-05 0.00011855 9.32e-05 9.705e-05 6.735e-05 7.17e-05 9.34e-05 9.67e-05 9.395e-05 4.055e-05 9.315e-05 0.00011845 9.17e-05 4.36e-05 9.075e-05 0.00011755 0.00011755 0.00011865 9.665e-05 6.565e-05 6.58e-05
32 4.575e-05 0.0001069 7.61e-05 4.62e-05 6e-05 0.0001204 7.94e-05 7.02e-05 7.01e-05 6.125e-05 6.19e-05 0.00010005 0.00010035 0.0001553 4.635e-05 9.055e-05 4.64e-05 5.29e-05 8.935e-05 7.025e-05 6.005e-05 0.0001317 0.00013135 6.015e-05 3.24e-05 0.0001226 6.015e-05 6.24e-05 9.27e-05 9.425e-05 7.955e-05 0.0001172 6.01e-05 8.595e-05 8.435e-05 3.175e-05 7.575e-05 0.0001545 0.0001076 0.00010025 6.21e-05 7.595e-05 5.995e-05 0.00012305 0.00015495 8.44e-05 3.095e-05 0.0001004 0.000123 0.000107 3.255e-05 9.785e-05 9.15e-05 6.975e-05 7.57e-05 0.0001089 7.155e-05 0.00012355 0.0001316 9.42e-05 6.125e-05 0.0001021 6.25e-05 6.175e-05 6.725e-05 0.0001313 9.97e-05 9.375e-05 0.0001001 7.295e-05 0.0001206 5.69e-05 4.595e-05 9.355e-05 6.11e-05 3.18e-05 0.0001005 0.0001315 4.58e-05 7.57e-05 8.455e-05 9.325e-05 8.465e-05 0.00010705 8.43e-05 4.13e-05 0.0001227 3.275e-05 4.57e-05 3.24e-05 0.00013135 3.22e-05 4.54e-05 4.535e-05 3.165e-05 8.425e-05 9.295e-05 9.31e-05
33 0.0001019 0.0001082 7.51e-05 0.00010245 0.0001431 9.59e-05 6.23e-05 7.485e-05 5.24e-05 3.19e-05 3.395e-05 2.53e-05 2.55e-05 7.36e-05 0.0001026 3.47e-05 7.72e-05 4.405e-05 6.3e-05 7.49e-05 0.00014315 5.895e-05 5.88e-05 9.085e-05 6.175e-05 3.985e-05 0.000142 3.485e-05 6.705e-05 2.515e-05 6.23e-05 4.005e-05 8.595e-05 1.33e-05 9.36e-05 6.17e-05 7.5e-05 7.38e-05 8.355e-05 2.54e-05 3.49e-05 7.45e-05 0.0001426 4.02e-05 7.36e-05 9.365e-05 5.875e-05 2.555e-05 4.065e-05 0.0001081 6.235e-05 8.15e-05 6.8e-06 5.015e-05 7.495e-05 4.43e-05 5.495e-05 4.175e-05 5.885e-05 6.745e-05 3.595e-05 8.29e-05 3.485e-05 3.545e-05 8.62e-05 5.87e-05 2.54e-05 6.895e-05 2.55e-05 0.0001016 9.61e-05 3.475e-05 0.0001019 6.785e-05 6.135e-05 6.19e-05 2.565e-05 5.885e-05 0.00010195 7.495e-05 9.36e-05 6.87e-05 6.855e-05 0.00010835 9.355e-05 7.095e-05 4.015e-05 6.2e-05 0.00010185 6.11e-05 5.88e-05 5.87e-05 9.965e-05 9.89e-05 8.845e-05 9.35e-05 6.71e-05 6.725e-05
34 6.92e-05 7.91e-05 7.62e-05 6.835e-05 5.325e-05 9.435e-05 6.18e-05 7.08e-05 6.915e-05 9.265e-05 9.22e-05 7.63e-05 7.605e-05 0.0001067 6.86e-05 7.59e-05 6.945e-05 9.16e-05 9.155e-05 7.085e-05 5.33e-05 7.91e-05 7.905e-05 8.465e-05 8.515e-05 0.00010165 5.51e-05 9.2e-05 9.51e-05 7.1e-05 6.11e-05 9.675e-05 8.435e-05 9.36e-05 0.0001058 8.42e-05 7.605e-05 0.0001055 7.945e-05 7.6e-05 9.12e-05 7.63e-05 5.345e-05 0.0001021 0.0001063 5.33e-05 8.57e-05 7.61e-05 0.00010175 7.9e-05 8.5e-05 6.87e-05 9.88e-05 6.95e-05 7.6e-05 5.34e-05 6.735e-05 0.00010205 7.92e-05 9.695e-05 9.04e-05 7.4e-05 9.21e-05 9.11e-05 7.605e-05 7.975e-05 7.61e-05 9.445e-05 7.6e-05 8.17e-05 9.455e-05 8.68e-05 6.94e-05 9.485e-05 9.11e-05 8.515e-05 7.625e-05 7.935e-05 6.925e-05 7.6e-05 5.32e-05 9.46e-05 5.31e-05 7.93e-05 5.315e-05 7.745e-05 0.000102 8.56e-05 6.915e-05 8.59e-05 7.92e-05 8.655e-05 6.955e-05 7.03e-05 8.47e-05 5.31e-05 9.515e-05 9.53e-05
35 4.415e-05 0.0001063 7.69e-05 4.545e-05 8.595e-05 9.5e-05 5.445e-05 7.095e-05 4.24e-05 3.71e-05 3.52e-05 7.465e-05 7.51e-05 0.00012785 4.56e-05 6.515e-05 1.94e-05 2.69e-05 6.525e-05 7.105e-05 8.595e-05 0.0001051 0.00010465 3.66e-05 6.25e-06 9.705e-05 8.69e-05 3.87e-05 6.46e-05 6.88e-05 5.46e-05 9.15e-05 3.175e-05 6.17e-05 8.42e-05 4.9e-06 7.66e-05 0.0001275 8.165e-05 7.5e-05 3.525e-05 7.71e-05 8.615e-05 9.75e-05 0.0001277 8.42e-05 4.3e-06 7.515e-05 9.76e-05 0.00010655 5.5e-06 7.275e-05 6.725e-05 4.45e-05 7.66e-05 8.26e-05 4.61e-05 9.67e-05 0.000105 6.705e-05 3.465e-05 7.5e-05 3.88e-05 3.415e-05 6.69e-05 0.0001047 7.44e-05 6.84e-05 7.485e-05 4.76e-05 9.52e-05 3.315e-05 4.51e-05 6.85e-05 6.27e-05 3.5e-06 7.525e-05 0.00010465 4.44e-05 7.655e-05 8.495e-05 6.655e-05 5.91e-05 0.00010645 8.41e-05 1.49e-05 9.705e-05 6.6e-06 4.415e-05 4.3e-06 0.00010465 6.55e-06 4.625e-05 4.64e-05 3.185e-05 8.405e-05 6.51e-05 6.505e-05
36 7.57e-05 9.24e-05 7.48e-05 7.54e-05 7.43e-05 0.00010735 7.77e-05 7.495e-05 7.73e-05 7.54e-05 7.62e-05 7.61e-05 7.64e-05 0.00011215 7.555e-05 7.605e-05 7.625e-05 7.59e-05 8.94e-05 7.495e-05 7.42e-05 9.46e-05 9.425e-05 9.095e-05 7.74e-05 9.245e-05 7.51e-05 7.6e-05 9.385e-05 7.635e-05 7.78e-05 9.325e-05 7.575e-05 7.5e-05 7.605e-05 7.66e-05 0.0001482 0.00011135 9.315e-05 7.63e-05 7.58e-05 7.485e-05 7.43e-05 9.29e-05 0.0001118 7.595e-05 7.625e-05 7.645e-05 9.295e-05 9.265e-05 7.76e-05 9.085e-05 7.445e-05 7.67e-05 7.425e-05 7.785e-05 7.8e-05 9.34e-05 9.45e-05 9.51e-05 7.56e-05 9.435e-05 7.62e-05 7.59e-05 7.635e-05 9.425e-05 7.56e-05 9.445e-05 7.6e-05 9.45e-05 0.00010755 7.68e-05 7.67e-05 9.425e-05 7.565e-05 7.735e-05 7.655e-05 9.44e-05 7.575e-05 7.42e-05 7.705e-05 9.43e-05 7.625e-05 9.26e-05 7.585e-05 7.78e-05 9.255e-05 7.775e-05 7.565e-05 7.745e-05 9.425e-05 7.715e-05 7.495e-05 7.505e-05 7.71e-05 7.575e-05 9.41e-05 9.425e-05
37 0.00014095 7.825e-05 0.00011145 0.0001412 0.0001544 6.265e-05 8.585e-05 0.00011685 9.205e-05 9.865e-05 9.805e-05 6.225e-05 6.245e-05 5.05e-06 0.00014135 7.145e-05 0.00011625 0.00010765 9.605e-05 0.0001169 0.00015445 2.93e-05 2.945e-05 0.00012805 0.00012995 3.49e-05 0.0001552 0.00010035 6.485e-05 6.775e-05 8.7e-05 4.08e-05 0.0001545 7.38e-05 0.0001055 0.0001275 0.00011135 3.3e-06 5.315e-05 6.235e-05 9.8e-05 0.00011145 0.0001545 3.51e-05 3.95e-06 0.00010555 0.0001282 6.25e-05 3.58e-05 7.785e-05 0.00012975 9.015e-05 6.825e-05 9.26e-05 0.0001113 5.68e-05 9.44e-05 3.535e-05 2.92e-05 6.76e-05 9.57e-05 5.93e-05 0.00010045 9.62e-05 0.00012085 2.79e-05 6.165e-05 6.515e-05 6.245e-05 8.89e-05 6.26e-05 0.0001059 0.00014155 6.7e-05 0.00012465 0.0001277 6.26e-05 2.975e-05 0.000141 0.0001113 0.0001061 6.655e-05 8.045e-05 7.795e-05 0.00010545 0.0001228 3.49e-05 0.0001304 0.0001409 0.0001285 2.945e-05 0.0001292 0.0001415 0.0001422 0.00015495 0.0001054 6.46e-05 6.475e-05
38 9.29e-05 7.81e-05 9.345e-05 9.245e-05 0.0001032 6.61e-05 6.135e-05 9.35e-05 6.905e-05 8.375e-05 8.32e-05 6.955e-05 6.96e-05 5.585e-05 9.26e-05 6.915e-05 6.765e-05 8.265e-05 8.12e-05 9.355e-05 0.00010315 5.48e-05 5.445e-05 8.16e-05 8.33e-05 6.81e-05 0.00010495 8.365e-05 6.785e-05 6.97e-05 6.21e-05 6.86e-05 0.0001076 8.355e-05 7.945e-05 8.165e-05 9.315e-05 5.315e-05 0.0001045 6.95e-05 8.23e-05 9.38e-05 0.00010355 6.855e-05 5.515e-05 7.94e-05 8.315e-05 6.965e-05 6.83e-05 7.83e-05 8.31e-05 6.735e-05 8.315e-05 6.975e-05 9.32e-05 5.58e-05 6.93e-05 6.825e-05 5.47e-05 7.025e-05 8.06e-05 5.52e-05 8.375e-05 8.14e-05 9.42e-05 5.38e-05 6.865e-05 6.755e-05 6.94e-05 6.105e-05 6.63e-05 8.405e-05 9.42e-05 6.86e-05 0.00010775 8.24e-05 6.975e-05 5.47e-05 9.295e-05 9.31e-05 8.075e-05 6.8e-05 5.385e-05 7.76e-05 7.93e-05 7.59e-05 6.765e-05 8.375e-05 9.285e-05 8.33e-05 5.445e-05 8.445e-05 9.35e-05 9.43e-05 0.0001079 7.925e-05 6.81e-05 6.825e-05
39 0.00010085 9.45e-05 7.59e-05 0.00010095 0.00012705 8.275e-05 5.17e-05 7.615e-05 4.98e-05 4.895e-05 4.975e-05 2.505e-05 2.475e-05 6.26e-05 0.0001011 3.43e-05 7.575e-05 5.975e-05 6.48e-05 7.62e-05 0.0001271 4.355e-05 4.355e-05 9.005e-05 7.525e-05 4.335e-05 0.000127 5.07e-05 6.835e-05 2.54e-05 5.09e-05 4.37e-05 0.00010025 2.54e-05 7.6e-05 7.5e-05 7.63e-05 6.235e-05 6.95e-05 4.92e-05 5.005e-05 7.545e-05 0.0001267 4.38e-05 6.25e-05 7.6e-05 7.395e-05 2.48e-05 4.36e-05 9.425e-05 7.55e-05 6.455e-05 2.535e-05 4.86e-05 7.625e-05 2.51e-05 4.975e-05 4.465e-05 4.345e-05 6.94e-05 5.07e-05 6.685e-05 5.08e-05 5.06e-05 8.56e-05 4.41e-05 2.565e-05 6.905e-05 2.525e-05 9.305e-05 8.295e-05 5.06e-05 0.00010005 6.855e-05 7.68e-05 7.545e-05 2.485e-05 4.365e-05 0.0001009 7.625e-05 7.52e-05 6.905e-05 5.055e-05 9.47e-05 7.595e-05 7.61e-05 4.385e-05 7.56e-05 0.0001008 7.53e-05 4.35e-05 7.4e-05 9.965e-05 9.955e-05 0.00010175 7.59e-05 6.825e-05 6.84e-05
