 slim_337544949 slim_337544905 slim_337544931 slim_337544873 slim_337544802 slim_337544826 slim_337544816 slim_337544856 slim_337544974 slim_337544771 slim_337544891 slim_337544881 slim_337544964 slim_337544945 slim_337544614 slim_337544724 slim_337544898 slim_337544953 slim_337544880 slim_337544864 slim_337544938 slim_337544926 slim_337544860 slim_337544980 slim_337544733 slim_337544940 slim_337544894 slim_337544963 slim_337544946 slim_337544705 slim_337544971 slim_337544895 slim_337544659 slim_337544697 slim_337544965 slim_337544939 slim_337544882 slim_337544966 slim_337544685 slim_337544890 slim_337544969 slim_337544779 slim_337544978 slim_337544835 slim_337544934 slim_337544904 slim_337544962 slim_337544950 slim_337544893 slim_337544577 slim_337544655 slim_337544944 slim_337544884 slim_337544954 slim_337544912 slim_337544558 slim_337544832 slim_337544959 slim_337544757 slim_337544749 slim_337544883 slim_337544799 slim_337544842 slim_337544764 slim_337544808 slim_337544972 slim_337544920 slim_337544899 slim_337544279 slim_337544919 slim_337544941 slim_337544783 slim_337544718 slim_337544932 slim_337544827 slim_337544811 slim_337544592 slim_337544957 slim_337544801 slim_337544956 slim_337544846 slim_337544901 slim_337544782 slim_337544861 slim_337544973 slim_337544947 slim_337544715 slim_337544797 slim_337544903 slim_337544806 slim_337544917 slim_337544935 slim_337544824 slim_337544960 slim_337544967 slim_337544780 slim_337544952 slim_337544977 slim_337544970 slim_337544961
0 1.39e-05 1.16e-05 1.07e-05 8.65e-06 1.07e-05 1.06e-05 1.13e-05 1.3e-05 1.035e-05 9.85e-06 9.75e-06 1.105e-05 8.4e-06 1.11e-05 7e-06 9.55e-06 1.165e-05 9.75e-06 1.025e-05 9.7e-06 1.115e-05 8.25e-06 1.145e-05 9.45e-06 1.015e-05 1.055e-05 1.205e-05 1.02e-05 1.015e-05 1.19e-05 1.145e-05 8.45e-06 1.15e-05 8.15e-06 1.23e-05 7.9e-06 1.155e-05 1.065e-05 1.055e-05 1e-05 1.03e-05 1.235e-05 1.11e-05 1.04e-05 1.2e-05 1.065e-05 9.1e-06 1.065e-05 9.55e-06 1.05e-05 9.55e-06 8.25e-06 1.075e-05 1.09e-05 9.65e-06 9e-06 1.3e-05 8.05e-06 1.085e-05 9.85e-06 1.09e-05 1.025e-05 8.4e-06 9.3e-06 1.015e-05 1.13e-05 9.75e-06 9.55e-06 1.145e-05 9.6e-06 1.22e-05 1.18e-05 1.13e-05 9.4e-06 9.05e-06 8.4e-06 1.21e-05 1.125e-05 9.05e-06 9.9e-06 1.02e-05 1.135e-05 1.215e-05 1.13e-05 9.35e-06 1.15e-05 1.325e-05 8.95e-06 1.05e-05 9.45e-06 1.065e-05 9.4e-06 8.9e-06 9.1e-06 1.095e-05 8.7e-06 1.005e-05 1.205e-05 1.105e-05 1.005e-05
1 1.16e-05 1.15e-05 1.01e-05 1.16e-05 9.8e-06 1.24e-05 1.155e-05 1.21e-05 6.05e-06 1e-05 1.07e-05 9.95e-06 9.85e-06 1.005e-05 1.16e-05 9.85e-06 9.85e-06 8.65e-06 1.01e-05 8.5e-06 1.42e-05 8.15e-06 1.005e-05 8.15e-06 1.01e-05 9.85e-06 6e-06 9.5e-06 1.425e-05 8.3e-06 1.045e-05 1.39e-05 1.245e-05 1.09e-05 1.31e-05 1.085e-05 1.02e-05 6.7e-06 7.7e-06 1.31e-05 1.15e-05 1.465e-05 1.4e-05 6.9e-06 5.95e-06 9.95e-06 1.145e-05 1.005e-05 7.95e-06 9.8e-06 1.05e-05 7.85e-06 9.8e-06 6.75e-06 1.16e-05 1.11e-05 1.375e-05 1e-05 1.005e-05 1e-05 1.125e-05 1.02e-05 1.17e-05 6.75e-06 7.15e-06 1.32e-05 7.6e-06 8e-06 1.325e-05 1.015e-05 9.95e-06 1.395e-05 9.9e-06 1.095e-05 1.215e-05 1.17e-05 1.02e-05 1.465e-05 8.45e-06 1.015e-05 1.065e-05 1.215e-05 1.3e-05 9.65e-06 8e-06 1.215e-05 9.7e-06 8.8e-06 6.3e-06 1.085e-05 1.245e-05 1.055e-05 1.125e-05 7.3e-06 7.95e-06 1.13e-05 1e-05 8.4e-06 1.325e-05 1.41e-05
2 1.07e-05 1.01e-05 1.51e-05 1.045e-05 1.25e-05 9.8e-06 1.155e-05 1.48e-05 1.045e-05 1.005e-05 9.45e-06 1.16e-05 1.12e-05 9.65e-06 1.07e-05 1.115e-05 1.105e-05 9.05e-06 1.025e-05 1.055e-05 1.055e-05 1.125e-05 9.3e-06 1.09e-05 9.9e-06 1.28e-05 7.75e-06 1.145e-05 9.25e-06 9.7e-06 9.9e-06 8.6e-06 1.035e-05 1.06e-05 1.08e-05 1.025e-05 9.15e-06 9.15e-06 9.1e-06 9.95e-06 1.015e-05 1.135e-05 1.095e-05 9.3e-06 7.7e-06 1.155e-05 9.8e-06 7.55e-06 1.01e-05 1.14e-05 9.45e-06 9.6e-06 1.02e-05 1.025e-05 9.8e-06 1.015e-05 1.31e-05 8.8e-06 1.3e-05 9.8e-06 1.01e-05 9.75e-06 9.15e-06 8.75e-06 1.02e-05 1.125e-05 9.3e-06 1.115e-05 9.4e-06 9.4e-06 9.2e-06 9.75e-06 9.15e-06 1.075e-05 1.145e-05 9.15e-06 1.165e-05 1.065e-05 1.22e-05 1.21e-05 9.65e-06 1.1e-05 1.02e-05 8.8e-06 1.005e-05 1.13e-05 1.175e-05 1.15e-05 9.55e-06 1.055e-05 9.7e-06 8.45e-06 9.65e-06 1.02e-05 1.155e-05 1.11e-05 9.25e-06 9.9e-06 1.035e-05 9.4e-06
3 8.65e-06 1.16e-05 1.045e-05 1.26e-05 1.11e-05 9.7e-06 1.075e-05 1.415e-05 1e-05 9.35e-06 9.1e-06 1.02e-05 8.15e-06 1.09e-05 8.7e-06 1.095e-05 1.14e-05 9.75e-06 9.7e-06 8.3e-06 1e-05 1.01e-05 1.115e-05 1.16e-05 9.35e-06 1.14e-05 1.26e-05 1.015e-05 9e-06 1.18e-05 1.11e-05 7.2e-06 1.155e-05 7.9e-06 1.21e-05 7.95e-06 1.12e-05 1.085e-05 1.08e-05 9.75e-06 9.55e-06 1.15e-05 1.03e-05 1.065e-05 1.255e-05 8.75e-06 8.7e-06 1.04e-05 1.17e-05 8.6e-06 8.9e-06 9.95e-06 1.11e-05 1.105e-05 7.6e-06 9.1e-06 1.35e-05 7.8e-06 1.16e-05 9.35e-06 9.2e-06 9.85e-06 9.65e-06 9.15e-06 1.065e-05 1.13e-05 1.18e-05 1.025e-05 1.075e-05 9.65e-06 1.23e-05 1.1e-05 1.1e-05 8.75e-06 1.03e-05 9.65e-06 1.2e-05 1e-05 1.005e-05 8.95e-06 9.5e-06 1.045e-05 1.175e-05 1.105e-05 7.75e-06 9.4e-06 1.285e-05 7.55e-06 1.075e-05 8.8e-06 9.75e-06 8.8e-06 8.5e-06 9.05e-06 1.2e-05 9.05e-06 9.5e-06 1.195e-05 1.115e-05 8.95e-06
4 1.07e-05 9.8e-06 1.25e-05 1.11e-05 1.18e-05 9.4e-06 1.18e-05 1.19e-05 7.8e-06 1.015e-05 1.075e-05 9.45e-06 1.06e-05 1.215e-05 1.07e-05 7.25e-06 1.28e-05 1.265e-05 1.065e-05 8.85e-06 1.38e-05 8.3e-06 1.19e-05 1.025e-05 9.9e-06 9.7e-06 1.23e-05 7.45e-06 1.345e-05 9.15e-06 1.32e-05 1.295e-05 1.25e-05 1.065e-05 1.135e-05 1.07e-05 1.33e-05 1.025e-05 1.02e-05 1.295e-05 1.065e-05 1.505e-05 1.375e-05 1e-05 1.225e-05 7.4e-06 1.125e-05 1.245e-05 1.035e-05 7.25e-06 1.055e-05 8.3e-06 1.09e-05 1.035e-05 1.095e-05 1.05e-05 1.42e-05 1.06e-05 1.005e-05 1.015e-05 1.275e-05 1.2e-05 1.065e-05 8.25e-06 1e-05 1.245e-05 1.045e-05 7.15e-06 1.47e-05 1.28e-05 1.455e-05 1.565e-05 1.175e-05 9.9e-06 1.135e-05 1.065e-05 1.305e-05 1.45e-05 7e-06 9.6e-06 1.13e-05 9.6e-06 1.2e-05 1.245e-05 8.45e-06 1.22e-05 8.55e-06 9.05e-06 1e-05 1.065e-05 9.45e-06 1.055e-05 1.105e-05 8e-06 9.2e-06 1.005e-05 1.12e-05 9.3e-06 1.22e-05 1.205e-05
5 1.06e-05 1.24e-05 9.8e-06 9.7e-06 9.4e-06 1.1e-05 1.165e-05 1.565e-05 1.005e-05 8.55e-06 8.3e-06 9.5e-06 1.21e-05 1.125e-05 1.06e-05 8.45e-06 1.44e-05 1.3e-05 9.7e-06 1.055e-05 9.9e-06 1.15e-05 1.085e-05 1.415e-05 8.3e-06 1.34e-05 1.38e-05 8.65e-06 8e-06 9.7e-06 1.255e-05 7.05e-06 1e-05 1.005e-05 8.15e-06 9.95e-06 1.19e-05 1.235e-05 1.105e-05 9.25e-06 8.3e-06 1.185e-05 1.085e-05 1.25e-05 1.375e-05 8.3e-06 9.7e-06 9.75e-06 1.35e-05 8.15e-06 8.15e-06 1.03e-05 1.165e-05 1.285e-05 8.55e-06 9.55e-06 1.395e-05 8.7e-06 1.36e-05 8.4e-06 1.15e-05 1.145e-05 8.6e-06 9.45e-06 1.325e-05 1.08e-05 1.26e-05 1.14e-05 1.06e-05 1.18e-05 1.37e-05 1.115e-05 1.07e-05 9.1e-06 1.16e-05 8.6e-06 1.425e-05 1.02e-05 1.23e-05 1.015e-05 9.75e-06 7.6e-06 8.6e-06 1.145e-05 1.015e-05 1.125e-05 9.7e-06 1.205e-05 1.23e-05 1.025e-05 5.65e-06 7.75e-06 9.5e-06 1.05e-05 1.435e-05 1.055e-05 1.005e-05 9.7e-06 9e-06 6.95e-06
6 1.13e-05 1.155e-05 1.155e-05 1.075e-05 1.18e-05 1.165e-05 1.89e-05 1.4e-05 1.125e-05 1.155e-05 1.14e-05 1.21e-05 1.06e-05 1.185e-05 1.13e-05 1.165e-05 1.225e-05 1.145e-05 1.18e-05 1.105e-05 1.295e-05 1.12e-05 1.195e-05 1.145e-05 1.155e-05 1.215e-05 1.145e-05 1.13e-05 1.22e-05 1.15e-05 1.205e-05 1.125e-05 1.28e-05 1.05e-05 1.28e-05 1.105e-05 1.215e-05 1.12e-05 1.11e-05 1.18e-05 1.125e-05 9.95e-06 1.16e-05 1.095e-05 1.14e-05 1.1e-05 1.135e-05 1.15e-05 1.155e-05 1.085e-05 1.12e-05 1.13e-05 1.15e-05 1.11e-05 1.125e-05 1.12e-05 1.22e-05 1.095e-05 1.245e-05 1.155e-05 1.125e-05 1.08e-05 1.175e-05 1.1e-05 1.095e-05 1.295e-05 1.165e-05 1.16e-05 1.225e-05 1.135e-05 1.18e-05 1.26e-05 1.18e-05 1.135e-05 1.225e-05 1.175e-05 1.29e-05 1.305e-05 1.135e-05 1.1e-05 1.195e-05 1.215e-05 1.26e-05 1.19e-05 1.065e-05 9.9e-06 1.24e-05 1.05e-05 1.085e-05 1.06e-05 1.17e-05 1.14e-05 1.115e-05 1.025e-05 1.185e-05 1.16e-05 1.21e-05 1.165e-05 1.235e-05 1.2e-05
7 1.3e-05 1.21e-05 1.48e-05 1.415e-05 1.19e-05 1.565e-05 1.4e-05 1.3e-06 1.135e-05 1.41e-05 1.395e-05 1.515e-05 1.115e-05 1.45e-05 1.3e-05 1.245e-05 1.35e-05 1.3e-05 1.47e-05 9.8e-06 1.94e-05 9.35e-06 1.545e-05 9.7e-06 1.435e-05 4.15e-06 1.245e-05 1.095e-05 1.815e-05 1.325e-05 1.5e-05 1.755e-05 1.56e-05 1.31e-05 1.505e-05 1.275e-05 1.585e-05 1.08e-05 1.175e-05 1.635e-05 1.63e-05 1.715e-05 1.705e-05 9.95e-06 1.24e-05 1.21e-05 1.355e-05 1.475e-05 1.055e-05 1.195e-05 1.375e-05 1.07e-05 1.415e-05 1.065e-05 1.405e-05 1.215e-05 9.65e-06 1.4e-05 4.25e-06 1.41e-05 1.46e-05 1.34e-05 1.405e-05 1.07e-05 9.2e-06 9e-06 1.17e-05 1.03e-05 1.9e-05 1.43e-05 1.505e-05 1.93e-05 1.53e-05 1.385e-05 1.395e-05 1.405e-05 1.335e-05 1.945e-05 8.7e-06 1.315e-05 1.5e-05 1.665e-05 1.505e-05 1.565e-05 1.035e-05 1.48e-05 1.315e-05 9.8e-06 1.025e-05 1.33e-05 1.57e-05 1.4e-05 1.335e-05 9.5e-06 1.045e-05 1.36e-05 1.55e-05 1.34e-05 1.615e-05 1.775e-05
8 1.035e-05 6.05e-06 1.045e-05 1e-05 7.8e-06 1.005e-05 1.125e-05 1.135e-05 5.4e-06 7.25e-06 7.95e-06 7.55e-06 8.1e-06 1.08e-05 1.035e-05 7.9e-06 1.16e-05 1.005e-05 8.25e-06 6.25e-06 1.425e-05 5.45e-06 1.09e-05 9.05e-06 7.3e-06 8.4e-06 9.5e-06 7.35e-06 1.305e-05 8.95e-06 1.23e-05 1.22e-05 1.25e-05 9.15e-06 1.215e-05 9.4e-06 1.205e-05 7.35e-06 8.35e-06 1.265e-05 1.01e-05 1.63e-05 1.455e-05 7.5e-06 9.45e-06 7.7e-06 9.5e-06 1.04e-05 8.8e-06 7.55e-06 7.85e-06 5.9e-06 1.065e-05 7.15e-06 9.2e-06 9.45e-06 1.45e-05 8.55e-06 8.6e-06 7.15e-06 1.17e-05 1.08e-05 9.45e-06 4.55e-06 7.85e-06 1.145e-05 8.5e-06 5.95e-06 1.485e-05 1.155e-05 1.335e-05 1.565e-05 1.075e-05 9.65e-06 1.135e-05 9.45e-06 1.1e-05 1.48e-05 6.45e-06 7.5e-06 9.6e-06 1.105e-05 1.195e-05 1.135e-05 5.7e-06 1.205e-05 8.95e-06 7.05e-06 6.25e-06 9.45e-06 1e-05 8.15e-06 9.3e-06 4.85e-06 8.8e-06 1e-05 9.7e-06 9.1e-06 1.24e-05 1.19e-05
9 9.85e-06 1e-05 1.005e-05 9.35e-06 1.015e-05 8.55e-06 1.155e-05 1.41e-05 7.25e-06 1.29e-05 7.5e-06 7.85e-06 9.65e-06 9.8e-06 9.85e-06 1e-05 1.255e-05 1.145e-05 8.5e-06 9.1e-06 1.105e-05 8.75e-06 1.085e-05 1.205e-05 7.05e-06 1.135e-05 1.305e-05 9.55e-06 9.25e-06 1.15e-05 1.25e-05 8.25e-06 1.07e-05 9.25e-06 1.06e-05 9.15e-06 1.235e-05 1.095e-05 1.065e-05 1.035e-05 9.1e-06 1.31e-05 1.125e-05 1.1e-05 1.3e-05 9.5e-06 9.1e-06 1e-05 1.19e-05 9.35e-06 7.3e-06 9.15e-06 1.11e-05 1.055e-05 7.9e-06 8.95e-06 1.41e-05 8.65e-06 1.155e-05 6.7e-06 1.115e-05 1.105e-05 8.6e-06 8.4e-06 1.11e-05 1.065e-05 1.16e-05 9.45e-06 1.155e-05 1.14e-05 1.345e-05 1.26e-05 1.07e-05 9.85e-06 1.12e-05 8.6e-06 1.26e-05 1.185e-05 9.6e-06 8.1e-06 1.005e-05 1.005e-05 9.85e-06 1.14e-05 8.65e-06 1.145e-05 1.165e-05 9.85e-06 9.9e-06 9.55e-06 8.6e-06 7.8e-06 8.9e-06 8.7e-06 1.205e-05 9.65e-06 9.85e-06 1.165e-05 9.75e-06 7.75e-06
10 9.75e-06 1.07e-05 9.45e-06 9.1e-06 1.075e-05 8.3e-06 1.14e-05 1.395e-05 7.95e-06 7.5e-06 1.22e-05 9.2e-06 9.4e-06 1.075e-05 9.75e-06 1e-05 1.285e-05 1.13e-05 8.8e-06 9e-06 1.145e-05 8.55e-06 1.125e-05 1.185e-05 7.2e-06 1.125e-05 1.28e-05 9.55e-06 9.1e-06 1.145e-05 1.235e-05 7.75e-06 1.11e-05 9e-06 1.05e-05 9.1e-06 1.22e-05 1.065e-05 1.035e-05 1.03e-05 9.3e-06 1.305e-05 1.155e-05 1.07e-05 1.275e-05 9.55e-06 8.4e-06 9.4e-06 1.17e-05 9.4e-06 6.15e-06 8.9e-06 1.15e-05 9.5e-06 7.75e-06 8.8e-06 1.405e-05 8.45e-06 1.145e-05 7.25e-06 1.1e-05 1.07e-05 8.05e-06 8.05e-06 1.095e-05 1.01e-05 1.14e-05 9.8e-06 1.185e-05 1.125e-05 1.32e-05 1.245e-05 1.11e-05 9.9e-06 1.11e-05 8.05e-06 1.225e-05 1.18e-05 1.01e-05 8.7e-06 9.85e-06 1.055e-05 1.005e-05 1.17e-05 8.45e-06 1.15e-05 1.205e-05 9.6e-06 9.65e-06 9.3e-06 8.2e-06 7.35e-06 8.25e-06 8.3e-06 1.245e-05 1.015e-05 1.01e-05 1.16e-05 1.025e-05 8.15e-06
11 1.105e-05 9.95e-06 1.16e-05 1.02e-05 9.45e-06 9.5e-06 1.21e-05 1.515e-05 7.55e-06 7.85e-06 9.2e-06 1.2e-05 1.105e-05 1.09e-05 1.105e-05 1.04e-05 1.245e-05 1.27e-05 8.8e-06 1.02e-05 1.075e-05 1.01e-05 1.01e-05 1.31e-05 7.75e-06 1.265e-05 1.4e-05 1.055e-05 1.055e-05 1.185e-05 1.315e-05 9.8e-06 1.1e-05 1.05e-05 1.165e-05 1.055e-05 1.3e-05 1.205e-05 1.175e-05 1.13e-05 9.1e-06 1.335e-05 1.11e-05 1.21e-05 1.395e-05 9.75e-06 1.08e-05 1.155e-05 1.295e-05 9.6e-06 9e-06 1.03e-05 1.085e-05 1.165e-05 9.35e-06 9.7e-06 1.49e-05 9.9e-06 1.285e-05 7.85e-06 1.2e-05 1.2e-05 1.02e-05 9.65e-06 1.235e-05 1.225e-05 1.26e-05 9.5e-06 1.155e-05 1.25e-05 1.44e-05 1.325e-05 9.95e-06 1.05e-05 1.195e-05 1.02e-05 1.37e-05 1.22e-05 9.8e-06 8.05e-06 1.085e-05 9.55e-06 1.075e-05 1.14e-05 9.65e-06 1.175e-05 1.125e-05 1.085e-05 1.115e-05 1.035e-05 9.55e-06 9.5e-06 1.06e-05 9.95e-06 1.195e-05 9.4e-06 1e-05 1.2e-05 9.15e-06 7.65e-06
12 8.4e-06 9.85e-06 1.12e-05 8.15e-06 1.06e-05 1.21e-05 1.06e-05 1.115e-05 8.1e-06 9.65e-06 9.4e-06 1.105e-05 9.8e-06 1.085e-05 8.45e-06 1.085e-05 1.01e-05 7.9e-06 1.02e-05 7.45e-06 1.335e-05 7.15e-06 1.225e-05 8.3e-06 9.85e-06 8.3e-06 1.11e-05 9.4e-06 1.22e-05 1.195e-05 1.13e-05 1.05e-05 1.36e-05 7.4e-06 1.4e-05 7.95e-06 1.215e-05 8.65e-06 9.85e-06 1.235e-05 1.145e-05 1.42e-05 1.27e-05 8.5e-06 1.105e-05 9.6e-06 8.35e-06 1.115e-05 9.15e-06 9.45e-06 9.2e-06 8.25e-06 1.115e-05 8.35e-06 9.25e-06 9.1e-06 1.34e-05 8.65e-06 8.6e-06 9.65e-06 1.045e-05 9.95e-06 1.015e-05 7.75e-06 7.6e-06 1.135e-05 1.005e-05 8.15e-06 1.37e-05 9.5e-06 1.21e-05 1.4e-05 1.21e-05 9.15e-06 1.02e-05 1.015e-05 1.035e-05 1.34e-05 7.1e-06 8.8e-06 1.05e-05 1.3e-05 1.4e-05 1.195e-05 7e-06 1.13e-05 1.325e-05 5.65e-06 8.1e-06 8.55e-06 1.215e-05 9.6e-06 8.15e-06 6.35e-06 9.1e-06 9.2e-06 1.045e-05 1.21e-05 1.35e-05 1.23e-05
13 1.11e-05 1.005e-05 9.65e-06 1.09e-05 1.215e-05 1.125e-05 1.185e-05 1.45e-05 1.08e-05 9.8e-06 1.075e-05 1.09e-05 1.085e-05 1.77e-05 1.11e-05 1.215e-05 1.045e-05 9.55e-06 1.085e-05 1.1e-05 1.13e-05 1.16e-05 1.005e-05 1.06e-05 1.035e-05 1.245e-05 9.3e-06 1.17e-05 1.075e-05 1.09e-05 1.04e-05 1.03e-05 1.1e-05 1.1e-05 1.19e-05 1.06e-05 1.05e-05 9.8e-06 9.75e-06 1.115e-05 1.085e-05 1.165e-05 1.09e-05 1.01e-05 9.25e-06 1.17e-05 1.095e-05 9.6e-06 1.075e-05 1.155e-05 1.055e-05 1.1e-05 1.005e-05 1.02e-05 1.06e-05 1.06e-05 1.325e-05 1.015e-05 1.265e-05 1.005e-05 1.06e-05 1.035e-05 1.095e-05 1.035e-05 9.85e-06 1.23e-05 1.06e-05 1.12e-05 1.025e-05 9.8e-06 9.8e-06 1.115e-05 9.9e-06 1.095e-05 1.195e-05 1.095e-05 1.165e-05 1.195e-05 1.125e-05 1.125e-05 1.11e-05 1.15e-05 1.125e-05 9.75e-06 1.06e-05 1.15e-05 1.245e-05 1.12e-05 9.9e-06 1.095e-05 1.13e-05 1.025e-05 1.075e-05 1.085e-05 1.065e-05 1.095e-05 1.02e-05 1.1e-05 1.095e-05 1.03e-05
14 7e-06 1.16e-05 1.07e-05 8.7e-06 1.07e-05 1.06e-05 1.13e-05 1.3e-05 1.035e-05 9.85e-06 9.75e-06 1.105e-05 8.45e-06 1.11e-05 1.39e-05 9.55e-06 1.165e-05 9.8e-06 1.025e-05 9.7e-06 1.115e-05 8.2e-06 1.145e-05 9.45e-06 1.015e-05 1.055e-05 1.205e-05 1.02e-05 1.015e-05 1.19e-05 1.145e-05 8.5e-06 1.155e-05 8.2e-06 1.235e-05 7.95e-06 1.155e-05 1.065e-05 1.055e-05 1.005e-05 1.03e-05 1.235e-05 1.11e-05 1.04e-05 1.2e-05 1.065e-05 9.1e-06 1.065e-05 9.55e-06 1.05e-05 9.55e-06 8.25e-06 1.075e-05 1.09e-05 9.65e-06 9e-06 1.3e-05 8.1e-06 1.085e-05 9.85e-06 1.09e-05 1.025e-05 8.4e-06 9.3e-06 1.015e-05 1.13e-05 9.75e-06 9.55e-06 1.145e-05 9.65e-06 1.22e-05 1.18e-05 1.13e-05 9.4e-06 9.05e-06 8.4e-06 1.21e-05 1.125e-05 9.05e-06 9.9e-06 1.02e-05 1.135e-05 1.215e-05 1.13e-05 9.35e-06 1.15e-05 1.325e-05 8.95e-06 1.05e-05 9.45e-06 1.065e-05 9.4e-06 8.9e-06 9.1e-06 1.095e-05 8.7e-06 1.005e-05 1.205e-05 1.11e-05 1.005e-05
15 9.55e-06 9.85e-06 1.115e-05 1.095e-05 7.25e-06 8.45e-06 1.165e-05 1.245e-05 7.9e-06 1e-05 1e-05 1.04e-05 1.085e-05 1.215e-05 9.55e-06 1.06e-05 1.37e-05 1.195e-05 1.07e-05 8.65e-06 1.35e-05 7.85e-06 1.14e-05 9.95e-06 1e-05 1.025e-05 1.09e-05 7.2e-06 1.235e-05 8.15e-06 1.28e-05 1.16e-05 1.19e-05 1.01e-05 1.035e-05 1.015e-05 1.215e-05 9.65e-06 9.6e-06 1.17e-05 1.01e-05 1.495e-05 1.42e-05 9.65e-06 1.085e-05 7.65e-06 1.085e-05 1.11e-05 9.3e-06 7.5e-06 9.8e-06 6e-06 1.13e-05 1.03e-05 1.065e-05 9.9e-06 1.39e-05 9.15e-06 1.055e-05 1e-05 1.26e-05 1.165e-05 8.4e-06 6.95e-06 1.03e-05 1.205e-05 8.15e-06 8.1e-06 1.415e-05 1.205e-05 1.39e-05 1.45e-05 1.125e-05 9.6e-06 1.055e-05 8.35e-06 1.3e-05 1.36e-05 8.75e-06 1.07e-05 1.02e-05 9.4e-06 1.135e-05 1.19e-05 8.35e-06 1.235e-05 8.2e-06 9.85e-06 9.95e-06 1.05e-05 8.5e-06 9.25e-06 1.065e-05 7.6e-06 1.085e-05 1.06e-05 1.07e-05 8.3e-06 1.165e-05 1.16e-05
16 1.165e-05 9.85e-06 1.105e-05 1.14e-05 1.28e-05 1.44e-05 1.225e-05 1.35e-05 1.16e-05 1.255e-05 1.285e-05 1.245e-05 1.01e-05 1.045e-05 1.165e-05 1.37e-05 1.35e-05 8.55e-06 1.075e-05 1.13e-05 1.155e-05 1.13e-05 1.08e-05 9.15e-06 1.25e-05 1.175e-05 8.3e-06 1.29e-05 1.32e-05 1.165e-05 9.85e-06 1.3e-05 1.215e-05 1.17e-05 1.485e-05 1.135e-05 1.05e-05 9.25e-06 1.01e-05 1.315e-05 1.215e-05 1.245e-05 1.085e-05 9.25e-06 8.25e-06 1.265e-05 1.19e-05 1.1e-05 9.85e-06 1.25e-05 1.265e-05 1.18e-05 1.015e-05 9.35e-06 1.23e-05 1.185e-05 1.345e-05 1.16e-05 1.195e-05 1.255e-05 1.07e-05 1.04e-05 1.315e-05 1.135e-05 8.6e-06 1.37e-05 1.04e-05 1.11e-05 1.045e-05 9.7e-06 9.15e-06 1.205e-05 1.065e-05 1.17e-05 1.205e-05 1.315e-05 1.03e-05 1.295e-05 1.045e-05 1.21e-05 1.21e-05 1.255e-05 1.42e-05 9.1e-06 1.08e-05 1.185e-05 1.365e-05 9.95e-06 8.95e-06 1.075e-05 1.445e-05 1.265e-05 1.17e-05 1.11e-05 9e-06 1.13e-05 9.85e-06 1.175e-05 1.34e-05 1.35e-05
17 9.75e-06 8.65e-06 9.05e-06 9.75e-06 1.265e-05 1.3e-05 1.145e-05 1.3e-05 1.005e-05 1.145e-05 1.13e-05 1.27e-05 7.9e-06 9.55e-06 9.8e-06 1.195e-05 8.55e-06 1.13e-05 1.09e-05 9.35e-06 1.185e-05 1.01e-05 9.85e-06 8.15e-06 1.17e-05 1.085e-05 5.9e-06 1.145e-05 1.175e-05 9.85e-06 8.65e-06 1.085e-05 1.225e-05 9.6e-06 1.37e-05 9.25e-06 8.65e-06 7.15e-06 8.4e-06 1.145e-05 1.2e-05 1.24e-05 1.2e-05 7.55e-06 5.85e-06 1.175e-05 1.03e-05 9e-06 8.2e-06 1.16e-05 1.11e-05 9.1e-06 9.65e-06 8.05e-06 1.115e-05 1.055e-05 1.27e-05 8.6e-06 1.105e-05 1.145e-05 9.7e-06 9.1e-06 1.12e-05 8.25e-06 7.4e-06 1.265e-05 8.05e-06 1e-05 1.065e-05 7.45e-06 7.9e-06 1.07e-05 9.7e-06 9.85e-06 1.095e-05 1.12e-05 9.6e-06 1.165e-05 1.025e-05 1.2e-05 9.9e-06 1.285e-05 1.355e-05 8.75e-06 8.95e-06 1.125e-05 1.255e-05 8.85e-06 7.65e-06 1.045e-05 1.305e-05 1.03e-05 1.01e-05 9.05e-06 8.9e-06 1.045e-05 9.25e-06 9.95e-06 1.3e-05 1.295e-05
18 1.025e-05 1.01e-05 1.025e-05 9.7e-06 1.065e-05 9.7e-06 1.18e-05 1.47e-05 8.25e-06 8.5e-06 8.8e-06 8.8e-06 1.02e-05 1.085e-05 1.025e-05 1.07e-05 1.075e-05 1.09e-05 1.47e-05 1.015e-05 9.3e-06 9.5e-06 1.06e-05 1.19e-05 8.4e-06 1.225e-05 1.195e-05 1.06e-05 9.7e-06 1.125e-05 1.15e-05 8.95e-06 9.7e-06 9.8e-06 1.145e-05 9.75e-06 1.135e-05 1.085e-05 1.055e-05 1.03e-05 8.15e-06 1.29e-05 1.005e-05 1.09e-05 1.19e-05 1.03e-05 9.7e-06 1.02e-05 1.175e-05 1.015e-05 8.7e-06 1e-05 1.075e-05 1.055e-05 9.3e-06 1.005e-05 1.425e-05 9.1e-06 1.245e-05 8.4e-06 1.11e-05 1.1e-05 9.75e-06 9.3e-06 1.115e-05 1.17e-05 1.145e-05 1.01e-05 9.7e-06 1.085e-05 1.235e-05 1.16e-05 1.045e-05 1.015e-05 1.115e-05 9.75e-06 1.245e-05 1.095e-05 1.04e-05 9.25e-06 1.005e-05 9.1e-06 1.07e-05 9.6e-06 9.6e-06 1.165e-05 1.185e-05 1.02e-05 9.7e-06 9.05e-06 9.65e-06 9.1e-06 9.5e-06 9.7e-06 1.17e-05 9.85e-06 8.15e-06 1.14e-05 1.015e-05 8.95e-06
19 9.7e-06 8.5e-06 1.055e-05 8.3e-06 8.85e-06 1.055e-05 1.105e-05 9.8e-06 6.25e-06 9.1e-06 9e-06 1.02e-05 7.45e-06 1.1e-05 9.7e-06 8.65e-06 1.13e-05 9.35e-06 1.015e-05 7.7e-06 1.415e-05 6.75e-06 1.14e-05 8.6e-06 9.2e-06 7.15e-06 9.75e-06 7.4e-06 1.255e-05 9.7e-06 1.18e-05 1.185e-05 1.32e-05 9e-06 1.255e-05 8.6e-06 1.18e-05 7.1e-06 8.6e-06 1.265e-05 1.13e-05 1.51e-05 1.4e-05 7.2e-06 9.7e-06 6.85e-06 9.55e-06 1.05e-05 8.6e-06 6.7e-06 8.8e-06 6.1e-06 1.125e-05 8.1e-06 7.75e-06 8.6e-06 1.325e-05 8.3e-06 7.35e-06 9.1e-06 9.95e-06 1.01e-05 9.55e-06 4.5e-06 7.25e-06 1.065e-05 8.75e-06 6.25e-06 1.485e-05 1.11e-05 1.295e-05 1.5e-05 1.125e-05 9.25e-06 1.065e-05 9.55e-06 1.075e-05 1.405e-05 6.4e-06 8.95e-06 9.1e-06 1.19e-05 1.265e-05 1.175e-05 4.1e-06 1.02e-05 1e-05 5.65e-06 7.75e-06 9.2e-06 1.06e-05 7.9e-06 9.35e-06 5.1e-06 9.1e-06 1.015e-05 1.01e-05 9.85e-06 1.32e-05 1.215e-05
20 1.115e-05 1.42e-05 1.055e-05 1e-05 1.38e-05 9.9e-06 1.295e-05 1.94e-05 1.425e-05 1.105e-05 1.145e-05 1.075e-05 1.335e-05 1.13e-05 1.115e-05 1.35e-05 1.155e-05 1.185e-05 9.3e-06 1.415e-05 6.9e-06 1.565e-05 1.025e-05 1.585e-05 1.09e-05 1.75e-05 1.375e-05 1.45e-05 5.35e-06 1.305e-05 9.25e-06 6.7e-06 8.6e-06 1.135e-05 1.14e-05 1.11e-05 8.5e-06 1.45e-05 1.305e-05 8.4e-06 7.9e-06 1.05e-05 7.65e-06 1.47e-05 1.37e-05 1.305e-05 1.14e-05 1.05e-05 1.51e-05 1.29e-05 1.125e-05 1.405e-05 1.13e-05 1.53e-05 1.055e-05 1.19e-05 1.505e-05 9.7e-06 1.77e-05 1.105e-05 1.03e-05 1.175e-05 1.105e-05 1.36e-05 1.555e-05 1.345e-05 1.425e-05 1.45e-05 5.15e-06 1.08e-05 1.12e-05 5.25e-06 1.01e-05 1.09e-05 1e-05 1.105e-05 1.51e-05 3.6e-06 1.555e-05 1.23e-05 8.55e-06 7.9e-06 1.06e-05 8.55e-06 1.36e-05 1.155e-05 1.43e-05 1.435e-05 1.49e-05 1.005e-05 9.95e-06 1.055e-05 1.12e-05 1.495e-05 1.545e-05 1.055e-05 7.75e-06 1.32e-05 8.9e-06 7e-06
21 8.25e-06 8.15e-06 1.125e-05 1.01e-05 8.3e-06 1.15e-05 1.12e-05 9.35e-06 5.45e-06 8.75e-06 8.55e-06 1.01e-05 7.15e-06 1.16e-05 8.2e-06 7.85e-06 1.13e-05 1.01e-05 9.5e-06 6.75e-06 1.565e-05 6.8e-06 1.24e-05 6.4e-06 8.9e-06 6.7e-06 1.05e-05 7.65e-06 1.385e-05 1.06e-05 1.245e-05 1.28e-05 1.36e-05 8.85e-06 1.33e-05 8.95e-06 1.305e-05 7.8e-06 8.75e-06 1.345e-05 1.19e-05 1.58e-05 1.45e-05 7.45e-06 1.045e-05 8.65e-06 9.05e-06 1.12e-05 7e-06 8.5e-06 8.45e-06 5.5e-06 1.105e-05 7.1e-06 9.5e-06 8.8e-06 1.345e-05 9.55e-06 7e-06 8.65e-06 1.175e-05 1.06e-05 8.55e-06 6.15e-06 6.85e-06 1.08e-05 7.8e-06 6.1e-06 1.6e-05 1.14e-05 1.325e-05 1.64e-05 1.225e-05 1.03e-05 9.55e-06 8.55e-06 1.04e-05 1.58e-05 5.15e-06 8.35e-06 1.09e-05 1.305e-05 1.32e-05 1.275e-05 6.3e-06 1.23e-05 1.125e-05 6.1e-06 6.25e-06 9.3e-06 1.145e-05 9.25e-06 8.85e-06 5.15e-06 7.8e-06 9.8e-06 1.135e-05 1.075e-05 1.35e-05 1.32e-05
22 1.145e-05 1.005e-05 9.3e-06 1.115e-05 1.19e-05 1.085e-05 1.195e-05 1.545e-05 1.09e-05 1.085e-05 1.125e-05 1.01e-05 1.225e-05 1.005e-05 1.145e-05 1.14e-05 1.08e-05 9.85e-06 1.06e-05 1.14e-05 1.025e-05 1.24e-05 1.64e-05 1.155e-05 1.08e-05 1.365e-05 8.45e-06 1.21e-05 1.035e-05 1e-05 1.03e-05 1.005e-05 1.045e-05 1.15e-05 1.18e-05 1.115e-05 9.55e-06 9.95e-06 9.9e-06 1.065e-05 1.01e-05 1.135e-05 1.065e-05 1.025e-05 8.3e-06 1.18e-05 1.16e-05 9.25e-06 1.085e-05 1.165e-05 1.105e-05 1.045e-05 9.8e-06 1.105e-05 1.11e-05 1.045e-05 1.35e-05 9.7e-06 1.385e-05 1.085e-05 1.075e-05 1.04e-05 1.075e-05 9.8e-06 1.1e-05 1.285e-05 9.8e-06 1.115e-05 9.3e-06 1.005e-05 9.8e-06 1.02e-05 8.2e-06 1.12e-05 1.195e-05 1.075e-05 1.245e-05 1.09e-05 1.22e-05 1.215e-05 1.03e-05 1.055e-05 1.1e-05 8.8e-06 1.09e-05 1.15e-05 1.14e-05 1.235e-05 1.06e-05 1.12e-05 1.09e-05 1.005e-05 1.14e-05 1.125e-05 1.13e-05 1.065e-05 9.4e-06 1e-05 9.65e-06 9.1e-06
23 9.45e-06 8.15e-06 1.09e-05 1.16e-05 1.025e-05 1.415e-05 1.145e-05 9.7e-06 9.05e-06 1.205e-05 1.185e-05 1.31e-05 8.3e-06 1.06e-05 9.45e-06 9.95e-06 9.15e-06 8.15e-06 1.19e-05 8.6e-06 1.585e-05 6.4e-06 1.155e-05 9.5e-06 1.225e-05 7.75e-06 6.7e-06 9.75e-06 1.53e-05 9.95e-06 1.03e-05 1.48e-05 1.385e-05 1.055e-05 1.455e-05 1.035e-05 1.115e-05 6.45e-06 7.8e-06 1.42e-05 1.36e-05 1.43e-05 1.41e-05 6.5e-06 6.65e-06 1.08e-05 1.095e-05 1.085e-05 5.8e-06 1.065e-05 1.165e-05 7.3e-06 9.8e-06 6.7e-06 1.215e-05 1.04e-05 1.255e-05 1.1e-05 8.05e-06 1.205e-05 1.115e-05 9.85e-06 1.095e-05 8.05e-06 5.55e-06 1.25e-05 6.75e-06 7.8e-06 1.465e-05 9.75e-06 9.55e-06 1.49e-05 1.14e-05 1.135e-05 1.025e-05 1.095e-05 9.4e-06 1.585e-05 6.75e-06 1.145e-05 1.19e-05 1.445e-05 1.455e-05 1.105e-05 8.2e-06 1.23e-05 1.2e-05 7.4e-06 6.3e-06 1.065e-05 1.42e-05 1.165e-05 1.075e-05 7.25e-06 6.35e-06 1.105e-05 1.165e-05 1.005e-05 1.465e-05 1.57e-05
24 1.015e-05 1.01e-05 9.9e-06 9.35e-06 9.9e-06 8.3e-06 1.155e-05 1.435e-05 7.3e-06 7.05e-06 7.2e-06 7.75e-06 9.85e-06 1.035e-05 1.015e-05 1e-05 1.25e-05 1.17e-05 8.4e-06 9.2e-06 1.09e-05 8.9e-06 1.08e-05 1.225e-05 1.3e-05 1.165e-05 1.32e-05 9.75e-06 9.3e-06 1.145e-05 1.255e-05 8.2e-06 1.075e-05 9.45e-06 1.05e-05 9.5e-06 1.24e-05 1.105e-05 1.075e-05 1.05e-05 9e-06 1.315e-05 1.12e-05 1.11e-05 1.315e-05 9.35e-06 8.9e-06 9.85e-06 1.21e-05 9.2e-06 7.15e-06 9.3e-06 1.105e-05 1.055e-05 7.95e-06 9.2e-06 1.435e-05 8.85e-06 1.185e-05 6.8e-06 1.12e-05 1.115e-05 8.5e-06 8.45e-06 1.135e-05 1.055e-05 1.18e-05 9.35e-06 1.15e-05 1.165e-05 1.36e-05 1.265e-05 1.065e-05 9.9e-06 1.13e-05 8.5e-06 1.27e-05 1.18e-05 9.65e-06 8.15e-06 1.005e-05 9.85e-06 9.8e-06 1.135e-05 8.65e-06 1.14e-05 1.145e-05 9.85e-06 1e-05 9.55e-06 8.25e-06 7.75e-06 8.7e-06 8.75e-06 1.2e-05 9.7e-06 9.75e-06 1.16e-05 9.8e-06 7.7e-06
25 1.055e-05 9.85e-06 1.28e-05 1.14e-05 9.7e-06 1.34e-05 1.215e-05 4.15e-06 8.4e-06 1.135e-05 1.125e-05 1.265e-05 8.3e-06 1.245e-05 1.055e-05 1.025e-05 1.175e-05 1.085e-05 1.225e-05 7.15e-06 1.75e-05 6.7e-06 1.365e-05 7.75e-06 1.165e-05 7.4e-06 1.09e-05 8e-06 1.6e-05 1.145e-05 1.33e-05 1.51e-05 1.44e-05 1.035e-05 1.385e-05 9.55e-06 1.415e-05 8.45e-06 9.5e-06 1.465e-05 1.395e-05 1.61e-05 1.54e-05 7.8e-06 1.085e-05 9.55e-06 1.095e-05 1.275e-05 8.6e-06 9.4e-06 1.105e-05 7.95e-06 1.23e-05 8.4e-06 1.13e-05 9.35e-06 1.11e-05 1.115e-05 4.15e-06 1.135e-05 1.25e-05 1.13e-05 1.165e-05 7.55e-06 6.65e-06 9.6e-06 9.75e-06 7.55e-06 1.745e-05 1.225e-05 1.37e-05 1.78e-05 1.35e-05 1.14e-05 1.185e-05 1.165e-05 1.135e-05 1.76e-05 5.6e-06 1.035e-05 1.25e-05 1.465e-05 1.405e-05 1.39e-05 7.25e-06 1.29e-05 1.175e-05 6.9e-06 8e-06 1.085e-05 1.345e-05 1.12e-05 1.075e-05 6.45e-06 8.5e-06 1.12e-05 1.305e-05 1.16e-05 1.47e-05 1.55e-05
26 1.205e-05 6e-06 7.75e-06 1.26e-05 1.23e-05 1.38e-05 1.145e-05 1.245e-05 9.5e-06 1.305e-05 1.28e-05 1.4e-05 1.11e-05 9.3e-06 1.205e-05 1.09e-05 8.3e-06 5.9e-06 1.195e-05 9.75e-06 1.375e-05 1.05e-05 8.45e-06 6.7e-06 1.32e-05 1.09e-05 6e-07 1.11e-05 1.41e-05 6.4e-06 7.7e-06 1.42e-05 1.195e-05 1.195e-05 1.33e-05 1.15e-05 6.85e-06 4.7e-06 5.95e-06 1.245e-05 1.255e-05 1.265e-05 1.355e-05 5e-06 4e-07 1.205e-05 1.23e-05 7.7e-06 5.8e-06 1.19e-05 1.26e-05 8.05e-06 8.85e-06 6.25e-06 1.34e-05 1.19e-05 1.24e-05 9.85e-06 1.11e-05 1.305e-05 1.005e-05 8.7e-06 1.23e-05 6.95e-06 5.9e-06 1.385e-05 5e-06 9.7e-06 1.105e-05 7.8e-06 5.45e-06 1.095e-05 8.3e-06 1.17e-05 1.22e-05 1.23e-05 9.05e-06 1.34e-05 1.09e-05 1.43e-05 1.015e-05 1.32e-05 1.33e-05 7e-06 9.3e-06 1.195e-05 9.9e-06 1.035e-05 5.85e-06 1.175e-05 1.385e-05 1.115e-05 1.21e-05 8.65e-06 7.4e-06 1.26e-05 9.4e-06 6.6e-06 1.37e-05 1.57e-05
27 1.02e-05 9.5e-06 1.145e-05 1.015e-05 7.45e-06 8.65e-06 1.13e-05 1.095e-05 7.35e-06 9.55e-06 9.55e-06 1.055e-05 9.4e-06 1.17e-05 1.02e-05 7.2e-06 1.29e-05 1.145e-05 1.06e-05 7.4e-06 1.45e-05 7.65e-06 1.21e-05 9.75e-06 9.75e-06 8e-06 1.11e-05 1.04e-05 1.3e-05 8.4e-06 1.26e-05 1.205e-05 1.26e-05 9.45e-06 1.07e-05 8.65e-06 1.27e-05 8.8e-06 8.75e-06 1.225e-05 1.06e-05 1.47e-05 1.4e-05 8.55e-06 1.105e-05 6.75e-06 1.03e-05 1.14e-05 9.85e-06 6.6e-06 9.35e-06 7.55e-06 1.15e-05 9e-06 1e-05 8.8e-06 1.335e-05 9.15e-06 8.05e-06 9.55e-06 1.19e-05 1.085e-05 1.03e-05 6.55e-06 8.25e-06 1.145e-05 9.95e-06 7.95e-06 1.505e-05 1.16e-05 1.36e-05 1.53e-05 1.195e-05 9.05e-06 1.145e-05 1.03e-05 1.2e-05 1.45e-05 7.1e-06 9.35e-06 1.045e-05 1.005e-05 1.195e-05 1.255e-05 7.1e-06 1.18e-05 8.6e-06 8.05e-06 8.65e-06 1.01e-05 8.7e-06 9.25e-06 1.01e-05 6.55e-06 1.025e-05 1.06e-05 1.115e-05 8.4e-06 1.25e-05 1.24e-05
28 1.015e-05 1.425e-05 9.25e-06 9e-06 1.345e-05 8e-06 1.22e-05 1.815e-05 1.305e-05 9.25e-06 9.1e-06 1.055e-05 1.22e-05 1.075e-05 1.015e-05 1.235e-05 1.32e-05 1.175e-05 9.7e-06 1.255e-05 5.35e-06 1.385e-05 1.035e-05 1.53e-05 9.3e-06 1.6e-05 1.41e-05 1.3e-05 7.6e-06 1.28e-05 9.7e-06 4.95e-06 9.5e-06 1.02e-05 1.015e-05 9.95e-06 8.95e-06 1.38e-05 1.235e-05 7.95e-06 8.5e-06 1.015e-05 8.65e-06 1.4e-05 1.405e-05 1.19e-05 9.65e-06 9.2e-06 1.455e-05 1.175e-05 8.9e-06 1.245e-05 1.155e-05 1.46e-05 8.15e-06 1.015e-05 1.435e-05 8.55e-06 1.62e-05 9.3e-06 9.75e-06 1.105e-05 8.85e-06 1.185e-05 1.485e-05 1.135e-05 1.37e-05 1.37e-05 6.8e-06 1.07e-05 1.155e-05 5.7e-06 1.02e-05 1.02e-05 9.45e-06 8.85e-06 1.45e-05 4.05e-06 1.475e-05 1.13e-05 7.85e-06 9.05e-06 9.05e-06 1.015e-05 1.2e-05 1.095e-05 1.405e-05 1.335e-05 1.4e-05 9.95e-06 8.05e-06 8.2e-06 9.45e-06 1.32e-05 1.57e-05 1.03e-05 9e-06 1.295e-05 8.45e-06 5.25e-06
29 1.19e-05 8.3e-06 9.7e-06 1.18e-05 9.15e-06 9.7e-06 1.15e-05 1.325e-05 8.95e-06 1.15e-05 1.145e-05 1.185e-05 1.195e-05 1.09e-05 1.19e-05 8.15e-06 1.165e-05 9.85e-06 1.125e-05 9.7e-06 1.305e-05 1.06e-05 1e-05 9.95e-06 1.145e-05 1.145e-05 6.4e-06 8.4e-06 1.28e-05 1.24e-05 1.035e-05 1.26e-05 1.155e-05 1.135e-05 1.065e-05 1.115e-05 9.6e-06 7.9e-06 7.9e-06 1.17e-05 1.065e-05 1.325e-05 1.355e-05 8.1e-06 6.4e-06 8.75e-06 1.2e-05 9.65e-06 9e-06 8.6e-06 1.125e-05 8.7e-06 1.03e-05 8.85e-06 1.21e-05 1.125e-05 1.32e-05 9.7e-06 1.165e-05 1.15e-05 1.14e-05 1.04e-05 1.155e-05 7.6e-06 8.95e-06 1.32e-05 8.3e-06 9.9e-06 1.22e-05 1.02e-05 9.95e-06 1.23e-05 9.85e-06 1.005e-05 1.23e-05 1.155e-05 1.165e-05 1.29e-05 1.095e-05 1.23e-05 1.02e-05 9.75e-06 1.165e-05 9.55e-06 9.35e-06 1.185e-05 7.8e-06 1.085e-05 8.5e-06 1.14e-05 9.75e-06 1.04e-05 1.18e-05 8.9e-06 1.02e-05 1.2e-05 1.015e-05 6.55e-06 1.23e-05 1.32e-05
30 1.145e-05 1.045e-05 9.9e-06 1.11e-05 1.32e-05 1.255e-05 1.205e-05 1.5e-05 1.23e-05 1.25e-05 1.235e-05 1.315e-05 1.13e-05 1.04e-05 1.145e-05 1.28e-05 9.85e-06 8.65e-06 1.15e-05 1.18e-05 9.25e-06 1.245e-05 1.03e-05 1.03e-05 1.255e-05 1.33e-05 7.7e-06 1.26e-05 9.7e-06 1.035e-05 1.49e-05 1.115e-05 1.18e-05 1.15e-05 1.32e-05 1.115e-05 7.45e-06 9.4e-06 9.25e-06 1.125e-05 1.16e-05 1.15e-05 1.13e-05 9.75e-06 7.65e-06 1.235e-05 1.18e-05 9.85e-06 1.035e-05 1.22e-05 1.215e-05 1.17e-05 1.015e-05 1.005e-05 1.21e-05 1.185e-05 1.34e-05 1.04e-05 1.35e-05 1.25e-05 9.75e-06 1.005e-05 1.24e-05 1.095e-05 9.75e-06 1.36e-05 1.02e-05 1.23e-05 9.25e-06 9.05e-06 7.85e-06 7.7e-06 1.015e-05 1.11e-05 1.025e-05 1.24e-05 1.135e-05 7.6e-06 1.265e-05 1.295e-05 9.25e-06 1.195e-05 1.305e-05 9.15e-06 1.13e-05 1.155e-05 1.3e-05 1.14e-05 9.65e-06 1.11e-05 1.26e-05 1.16e-05 1.16e-05 1.17e-05 1.075e-05 1.175e-05 9.95e-06 1.045e-05 1.25e-05 1.245e-05
31 8.45e-06 1.39e-05 8.6e-06 7.2e-06 1.295e-05 7.05e-06 1.125e-05 1.755e-05 1.22e-05 8.25e-06 7.75e-06 9.8e-06 1.05e-05 1.03e-05 8.5e-06 1.16e-05 1.3e-05 1.085e-05 8.95e-06 1.185e-05 6.7e-06 1.28e-05 1.005e-05 1.48e-05 8.2e-06 1.51e-05 1.42e-05 1.205e-05 4.95e-06 1.26e-05 1.115e-05 5.2e-06 8.9e-06 8.1e-06 9.5e-06 8.1e-06 1.05e-05 1.33e-05 1.195e-05 6.8e-06 7.45e-06 9.4e-06 7.95e-06 1.345e-05 1.415e-05 1.14e-05 7.9e-06 8.55e-06 1.415e-05 1.125e-05 7.5e-06 1.15e-05 1.1e-05 1.39e-05 7.5e-06 9e-06 1.355e-05 6.85e-06 1.53e-05 8.15e-06 1e-05 1.02e-05 7.65e-06 1.095e-05 1.42e-05 1.035e-05 1.325e-05 1.3e-05 7.1e-06 9.35e-06 1.2e-05 7.65e-06 9.9e-06 8.95e-06 1.045e-05 7.65e-06 1.38e-05 7e-06 1.39e-05 1e-05 8.9e-06 8.65e-06 8.55e-06 1.005e-05 1.13e-05 1.05e-05 1.385e-05 1.205e-05 1.335e-05 9.2e-06 7.1e-06 6.95e-06 7.7e-06 1.2e-05 1.54e-05 8.9e-06 8.55e-06 1.275e-05 7.65e-06 4.5e-06
32 1.15e-05 1.245e-05 1.035e-05 1.155e-05 1.25e-05 1e-05 1.28e-05 1.56e-05 1.25e-05 1.07e-05 1.11e-05 1.1e-05 1.36e-05 1.1e-05 1.155e-05 1.19e-05 1.215e-05 1.225e-05 9.7e-06 1.32e-05 8.6e-06 1.36e-05 1.045e-05 1.385e-05 1.075e-05 1.44e-05 1.195e-05 1.26e-05 9.5e-06 1.155e-05 1.18e-05 8.9e-06 1.27e-05 1.165e-05 8.55e-06 1.125e-05 1.115e-05 1.26e-05 1.125e-05 8.15e-06 8.3e-06 1.16e-05 9.25e-06 1.275e-05 1.19e-05 1.25e-05 1.165e-05 1.03e-05 1.32e-05 1.235e-05 1.09e-05 1.215e-05 1.115e-05 1.325e-05 1.13e-05 1.15e-05 1.365e-05 1.015e-05 1.46e-05 1.07e-05 1.19e-05 1.18e-05 1.075e-05 1.18e-05 1.335e-05 1.225e-05 1.235e-05 1.29e-05 8.1e-06 1.115e-05 1.175e-05 1.03e-05 1.03e-05 1.175e-05 1.24e-05 1.075e-05 1.435e-05 1.055e-05 1.365e-05 1.24e-05 1.11e-05 8.9e-06 8.4e-06 9.1e-06 1.275e-05 1.25e-05 1.165e-05 1.395e-05 1.285e-05 1.06e-05 1.005e-05 1.035e-05 1.145e-05 1.3e-05 1.375e-05 1.13e-05 9.05e-06 1.17e-05 7.75e-06 8.8e-06
33 8.15e-06 1.09e-05 1.06e-05 7.9e-06 1.065e-05 1.005e-05 1.05e-05 1.31e-05 9.15e-06 9.25e-06 9e-06 1.05e-05 7.4e-06 1.1e-05 8.2e-06 1.01e-05 1.17e-05 9.6e-06 9.8e-06 9e-06 1.135e-05 8.85e-06 1.15e-05 1.055e-05 9.45e-06 1.035e-05 1.195e-05 9.45e-06 1.02e-05 1.135e-05 1.15e-05 8.1e-06 1.165e-05 1.41e-05 1.205e-05 7.7e-06 1.16e-05 1.025e-05 1.015e-05 1e-05 9.5e-06 1.25e-05 1.125e-05 1e-05 1.19e-05 9.7e-06 8.35e-06 1.055e-05 1.065e-05 9.55e-06 8.8e-06 8.95e-06 1.105e-05 1.015e-05 9.15e-06 9e-06 1.33e-05 7.75e-06 1.065e-05 9.25e-06 1.06e-05 9.95e-06 9.4e-06 8.6e-06 9.85e-06 1.13e-05 1.075e-05 9.65e-06 1.17e-05 9.45e-06 1.23e-05 1.205e-05 1.135e-05 9e-06 1.03e-05 9.4e-06 1.19e-05 1.145e-05 9.25e-06 9e-06 9.95e-06 1.095e-05 1.205e-05 1.135e-05 8.55e-06 1.115e-05 1.265e-05 7.8e-06 9.9e-06 8.65e-06 1.01e-05 9e-06 8.15e-06 7.8e-06 1.135e-05 8.95e-06 9.85e-06 1.15e-05 1.13e-05 1.01e-05
34 1.23e-05 1.31e-05 1.08e-05 1.21e-05 1.135e-05 8.15e-06 1.28e-05 1.505e-05 1.215e-05 1.06e-05 1.05e-05 1.165e-05 1.4e-05 1.19e-05 1.235e-05 1.035e-05 1.485e-05 1.37e-05 1.145e-05 1.255e-05 1.14e-05 1.33e-05 1.18e-05 1.455e-05 1.05e-05 1.385e-05 1.33e-05 1.07e-05 1.015e-05 1.065e-05 1.32e-05 9.5e-06 8.55e-06 1.205e-05 1.3e-05 1.175e-05 1.255e-05 1.3e-05 1.165e-05 9.1e-06 1e-05 1.225e-05 1.165e-05 1.315e-05 1.325e-05 1.07e-05 1.185e-05 1.075e-05 1.39e-05 1.055e-05 1.035e-05 1.19e-05 1.225e-05 1.355e-05 1.1e-05 1.14e-05 1.375e-05 1.065e-05 1.405e-05 1.045e-05 1.27e-05 1.245e-05 1.055e-05 1.125e-05 1.375e-05 1.175e-05 1.305e-05 1.305e-05 1.12e-05 1.26e-05 1.345e-05 1.205e-05 1.165e-05 1.105e-05 1.315e-05 1.055e-05 1.515e-05 1.2e-05 1.38e-05 1.235e-05 1.155e-05 9.4e-06 8.3e-06 1.18e-05 1.225e-05 1.265e-05 1.015e-05 1.415e-05 1.32e-05 1.18e-05 8.2e-06 9.9e-06 1.165e-05 1.235e-05 1.485e-05 1.255e-05 1.155e-05 1.075e-05 8.75e-06 9.4e-06
35 7.9e-06 1.085e-05 1.025e-05 7.95e-06 1.07e-05 9.95e-06 1.105e-05 1.275e-05 9.4e-06 9.15e-06 9.1e-06 1.055e-05 7.95e-06 1.06e-05 7.95e-06 1.015e-05 1.135e-05 9.25e-06 9.75e-06 8.6e-06 1.11e-05 8.95e-06 1.115e-05 1.035e-05 9.5e-06 9.55e-06 1.15e-05 8.65e-06 9.95e-06 1.115e-05 1.115e-05 8.1e-06 1.125e-05 7.7e-06 1.175e-05 1.3e-05 1.125e-05 9.8e-06 9.7e-06 9.65e-06 9.8e-06 1.22e-05 1.095e-05 9.55e-06 1.145e-05 9.65e-06 8.8e-06 1.02e-05 1.045e-05 9.5e-06 8.9e-06 8.75e-06 1.07e-05 1.015e-05 8.95e-06 8.1e-06 1.285e-05 7.25e-06 9.6e-06 9.15e-06 1.035e-05 9.7e-06 9.3e-06 8.15e-06 9.1e-06 1.095e-05 1.055e-05 9.45e-06 1.14e-05 9.1e-06 1.19e-05 1.175e-05 1.1e-05 8.65e-06 1.02e-05 9.3e-06 1.165e-05 1.12e-05 8.45e-06 9.15e-06 9.6e-06 1.085e-05 1.18e-05 1.1e-05 8.25e-06 1.095e-05 1.25e-05 8.3e-06 9.75e-06 9.2e-06 1e-05 8.65e-06 8.6e-06 8.3e-06 1.115e-05 8.7e-06 9.55e-06 1.13e-05 1.09e-05 9.85e-06
36 1.155e-05 1.02e-05 9.15e-06 1.12e-05 1.33e-05 1.19e-05 1.215e-05 1.585e-05 1.205e-05 1.235e-05 1.22e-05 1.3e-05 1.215e-05 1.05e-05 1.155e-05 1.215e-05 1.05e-05 8.65e-06 1.135e-05 1.18e-05 8.5e-06 1.305e-05 9.55e-06 1.115e-05 1.24e-05 1.415e-05 6.85e-06 1.27e-05 8.95e-06 9.6e-06 7.45e-06 1.05e-05 1.115e-05 1.16e-05 1.255e-05 1.125e-05 1.32e-05 9.4e-06 9.25e-06 1.05e-05 1.095e-05 1.16e-05 1.14e-05 9.75e-06 6.8e-06 1.245e-05 1.19e-05 9.1e-06 1.035e-05 1.23e-05 1.2e-05 1.095e-05 1.025e-05 1.065e-05 1.2e-05 1.195e-05 1.37e-05 9.65e-06 1.435e-05 1.235e-05 9.75e-06 1.005e-05 1.175e-05 1.01e-05 1.06e-05 1.37e-05 9.45e-06 1.23e-05 8.5e-06 9.15e-06 7.85e-06 6.85e-06 9.4e-06 1.12e-05 1.025e-05 1.175e-05 1.195e-05 6.75e-06 1.35e-05 1.355e-05 8.4e-06 1.13e-05 1.24e-05 8.4e-06 1.13e-05 1.165e-05 1.225e-05 1.225e-05 1.025e-05 1.12e-05 1.195e-05 1.085e-05 1.17e-05 1.17e-05 1.16e-05 1.185e-05 9.2e-06 9.7e-06 1.185e-05 1.18e-05
37 1.065e-05 6.7e-06 9.15e-06 1.085e-05 1.025e-05 1.235e-05 1.12e-05 1.08e-05 7.35e-06 1.095e-05 1.065e-05 1.205e-05 8.65e-06 9.8e-06 1.065e-05 9.65e-06 9.25e-06 7.15e-06 1.085e-05 7.1e-06 1.45e-05 7.8e-06 9.95e-06 6.45e-06 1.105e-05 8.45e-06 4.7e-06 8.8e-06 1.38e-05 7.9e-06 9.4e-06 1.33e-05 1.26e-05 1.025e-05 1.3e-05 9.8e-06 9.4e-06 8.9e-06 6.35e-06 1.275e-05 1.195e-05 1.42e-05 1.4e-05 5.45e-06 4.65e-06 9.75e-06 1.065e-05 9.1e-06 6.65e-06 9.6e-06 1.045e-05 6.65e-06 9.3e-06 6.1e-06 1.12e-05 1.005e-05 1.28e-05 8.95e-06 8.65e-06 1.095e-05 1.045e-05 9.15e-06 1.095e-05 4.8e-06 5.5e-06 1.225e-05 6.5e-06 7e-06 1.335e-05 8.95e-06 8.7e-06 1.345e-05 9.8e-06 1.025e-05 1.135e-05 1.095e-05 9.1e-06 1.435e-05 7.9e-06 1.13e-05 9.3e-06 1.28e-05 1.305e-05 9.45e-06 6.35e-06 1.17e-05 9.9e-06 7.85e-06 5.7e-06 1.04e-05 1.24e-05 9.05e-06 1.045e-05 6.2e-06 7.25e-06 1.12e-05 9.75e-06 8e-06 1.35e-05 1.435e-05
38 1.055e-05 7.7e-06 9.1e-06 1.08e-05 1.02e-05 1.105e-05 1.11e-05 1.175e-05 8.35e-06 1.065e-05 1.035e-05 1.175e-05 9.85e-06 9.75e-06 1.055e-05 9.6e-06 1.01e-05 8.4e-06 1.055e-05 8.6e-06 1.305e-05 8.75e-06 9.9e-06 7.8e-06 1.075e-05 9.5e-06 5.95e-06 8.75e-06 1.235e-05 7.9e-06 9.25e-06 1.195e-05 1.125e-05 1.015e-05 1.165e-05 9.7e-06 9.25e-06 6.35e-06 1.14e-05 1.14e-05 1.065e-05 1.29e-05 1.27e-05 6.7e-06 5.9e-06 9.75e-06 1.055e-05 9.05e-06 7.85e-06 9.6e-06 1.015e-05 7.9e-06 9.4e-06 7.1e-06 1.115e-05 9.95e-06 1.26e-05 8.95e-06 9.7e-06 1.065e-05 1.03e-05 9.15e-06 1.085e-05 6.6e-06 6.7e-06 1.205e-05 7.7e-06 8.7e-06 1.19e-05 8.9e-06 8.55e-06 1.19e-05 9.75e-06 1.02e-05 1.115e-05 1.085e-05 9.85e-06 1.28e-05 9.05e-06 1.105e-05 9.65e-06 1.15e-05 1.17e-05 9.4e-06 8.1e-06 1.165e-05 9.9e-06 9.05e-06 6.7e-06 1.03e-05 1.11e-05 9.5e-06 1.035e-05 7.45e-06 8.45e-06 1.11e-05 9.75e-06 8e-06 1.215e-05 1.3e-05
39 1e-05 1.31e-05 9.95e-06 9.75e-06 1.295e-05 9.25e-06 1.18e-05 1.635e-05 1.265e-05 1.035e-05 1.03e-05 1.13e-05 1.235e-05 1.115e-05 1.005e-05 1.17e-05 1.315e-05 1.145e-05 1.03e-05 1.265e-05 8.4e-06 1.345e-05 1.065e-05 1.42e-05 1.05e-05 1.465e-05 1.245e-05 1.225e-05 7.95e-06 1.17e-05 1.125e-05 6.8e-06 8.15e-06 1e-05 9.1e-06 9.65e-06 1.05e-05 1.275e-05 1.14e-05 1.12e-05 8.7e-06 9.95e-06 9.15e-06 1.285e-05 1.24e-05 1.205e-05 1.08e-05 9.9e-06 1.345e-05 1.19e-05 1.01e-05 1.185e-05 1.11e-05 1.345e-05 1.035e-05 1.07e-05 1.33e-05 8.45e-06 1.485e-05 1.035e-05 1.1e-05 1.075e-05 1.005e-05 1.135e-05 1.36e-05 1.2e-05 1.255e-05 1.325e-05 8.25e-06 1.005e-05 1.155e-05 8.8e-06 1.05e-05 1.03e-05 1.145e-05 1.005e-05 1.415e-05 8.7e-06 1.41e-05 1.145e-05 9.95e-06 9.45e-06 9.1e-06 1e-05 1.22e-05 1.135e-05 1.22e-05 1.34e-05 1.31e-05 1.03e-05 9.3e-06 9.5e-06 1.06e-05 1.26e-05 1.47e-05 1.05e-05 9.55e-06 1.185e-05 7.25e-06 8.1e-06
40 1.03e-05 1.15e-05 1.015e-05 9.55e-06 1.065e-05 8.3e-06 1.125e-05 1.63e-05 1.01e-05 9.1e-06 9.3e-06 9.1e-06 1.145e-05 1.085e-05 1.03e-05 1.01e-05 1.215e-05 1.2e-05 8.15e-06 1.13e-05 7.9e-06 1.19e-05 1.01e-05 1.36e-05 9e-06 1.395e-05 1.255e-05 1.06e-05 8.5e-06 1.065e-05 1.16e-05 7.45e-06 8.3e-06 9.5e-06 1e-05 9.8e-06 1.095e-05 1.195e-05 1.065e-05 8.7e-06 1.19e-05 1.18e-05 9.2e-06 1.21e-05 1.25e-05 1.025e-05 1e-05 1.01e-05 1.295e-05 1.01e-05 9.1e-06 1.06e-05 1.065e-05 1.225e-05 9.75e-06 1.015e-05 1.425e-05 8.55e-06 1.415e-05 9.1e-06 1.125e-05 1.105e-05 9.65e-06 9.9e-06 1.285e-05 1.21e-05 1.205e-05 1.13e-05 8.3e-06 1.08e-05 1.245e-05 1.02e-05 9.95e-06 1.005e-05 1.135e-05 9.65e-06 1.375e-05 9.55e-06 1.22e-05 1.01e-05 9.65e-06 7.5e-06 9.5e-06 9.2e-06 1.075e-05 1.15e-05 1.125e-05 1.175e-05 1.2e-05 8.85e-06 8.35e-06 8.9e-06 9.8e-06 1.055e-05 1.34e-05 9.95e-06 7.75e-06 1.08e-05 8.65e-06 7.65e-06
41 1.235e-05 1.465e-05 1.135e-05 1.15e-05 1.505e-05 1.185e-05 9.95e-06 1.715e-05 1.63e-05 1.31e-05 1.305e-05 1.335e-05 1.42e-05 1.165e-05 1.235e-05 1.495e-05 1.245e-05 1.24e-05 1.29e-05 1.51e-05 1.05e-05 1.58e-05 1.135e-05 1.43e-05 1.315e-05 1.61e-05 1.265e-05 1.47e-05 1.015e-05 1.325e-05 1.15e-05 9.4e-06 1.16e-05 1.25e-05 1.225e-05 1.22e-05 1.16e-05 1.42e-05 1.29e-05 9.95e-06 1.18e-05 7.6e-06 7e-06 1.4e-05 1.27e-05 1.38e-05 1.345e-05 1.13e-05 1.445e-05 1.365e-05 1.285e-05 1.59e-05 1.12e-05 1.425e-05 1.21e-05 1.195e-05 1.085e-05 1.215e-05 1.63e-05 1.31e-05 1.04e-05 1.005e-05 1.31e-05 1.575e-05 1.39e-05 1.36e-05 1.45e-05 1.615e-05 8.4e-06 1.08e-05 9.85e-06 8.85e-06 1.12e-05 1.245e-05 1.33e-05 1.31e-05 1.43e-05 1.07e-05 1.585e-05 1.21e-05 1.315e-05 1.195e-05 1.165e-05 1.13e-05 1.475e-05 8.85e-06 1.465e-05 1.52e-05 1.385e-05 1.255e-05 1.19e-05 1.29e-05 1.325e-05 1.58e-05 1.465e-05 1.255e-05 1.32e-05 1.335e-05 1.035e-05 9.9e-06
