 slim_337482340 slim_337482236 slim_337482354 slim_337482261 slim_337482336 slim_337481903 slim_337482301 slim_337482302 slim_337482114 slim_337482005 slim_337482141 slim_337482280 slim_337482345 slim_337482229 slim_337482342 slim_337482291 slim_337482112 slim_337482355 slim_337482293 slim_337482266 slim_337482278 slim_337482277 slim_337482025 slim_337482335 slim_337482341 slim_337482089 slim_337482205 slim_337482351 slim_337482162 slim_337482195 slim_337482217 slim_337482215 slim_337482283 slim_337482314 slim_337482346 slim_337482325 slim_337482247 slim_337482248 slim_337482284 slim_337482334 slim_337482281 slim_337482323 slim_337482206 slim_337482328 slim_337482253 slim_337482133 slim_337482353 slim_337482339 slim_337482158 slim_337482130 slim_337482117 slim_337482299 slim_337482270 slim_337482219 slim_337482338 slim_337482312 slim_337482279 slim_337482041 slim_337482322 slim_337482309 slim_337482119 slim_337482272 slim_337482166 slim_337482329 slim_337482317 slim_337482331 slim_337482187 slim_337482135 slim_337482319 slim_337482316 slim_337482350 slim_337482305 slim_337482027 slim_337482304 slim_337482031 slim_337482172 slim_337482088 slim_337482240 slim_337482352 slim_337482344 slim_337482315 slim_337482202 slim_337482295 slim_337482337 slim_337482199 slim_337482156 slim_337482333 slim_337482233 slim_337482018 slim_337481901 slim_337482222 slim_337482287 slim_337482209 slim_337482318 slim_337482183 slim_337482258 slim_337482227 slim_337481988 slim_337482347 slim_337482296
0 0.000344 0.0002704 0.00033635 0.0004204 0.00032645 0.00051805 0.00027085 0.0003003 0.00033635 0.00026215 0.00026545 0.0004696 0.0003858 0.0003278 0.00026225 0.00030405 0.00042025 0.00028045 0.00020405 0.00017285 0.00042875 0.00027005 0.0002715 0.00039085 0.00029275 0.0002614 0.00029655 0.00030415 0.0003804 0.0001732 0.0002159 0.000271 0.0002704 0.00023895 0.00036025 0.0002709 0.00033565 0.00035535 0.00017265 0.0002474 0.0003138 0.0002827 0.00019445 0.0004049 0.00017305 0.0004389 0.0002925 0.0003946 0.00029635 0.0002385 0.0002938 0.0002144 0.0003252 0.00040755 0.00047125 0.000204 0.0002474 0.0004115 0.00036205 0.00033645 0.0002624 0.00018325 0.00017245 0.0003282 0.0001723 0.00026225 0.0003281 0.00030525 0.00029255 0.0002615 0.0002621 0.0003506 0.00027065 0.00023595 0.00047125 0.00020405 0.00045185 0.00029615 0.0003729 0.00038675 0.0002392 0.00040375 0.00026105 0.00027085 0.0003516 0.00021585 0.0001727 0.0002966 0.00038575 0.0003878 0.00029555 0.0002935 0.00057375 0.0002052 0.00017265 0.000439 0.00032765 0.0002618 0.0002611 0.00017245
1 0.0002704 0.0003047 0.0002421 0.00020485 0.00031795 0.000414 0.0002458 0.0002383 0.0002421 0.0002376 0.0002353 0.00041235 0.0002633 0.0003269 0.00028525 0.0003317 0.0002047 0.00021835 0.00036275 0.0001752 0.00046775 0.00022475 0.0002122 0.0002654 0.00034575 0.0002472 0.0002718 0.00033105 0.00028135 0.00033 0.0002154 0.0001531 0.0002705 0.0002609 0.00019215 0.00024595 0.0002503 0.00034 0.0003621 0.00028945 0.0001971 0.0002794 0.00027855 0.0003847 0.0002642 0.00041975 0.0002988 0.00017875 0.0002949 0.00033535 0.00028445 0.0002691 0.00026985 0.0003704 0.0003302 0.00036285 0.00028945 0.00022575 0.0002681 0.0002422 0.0002854 0.0002122 0.00024565 0.000282 0.00036335 0.00028525 0.000271 0.0002366 0.00029885 0.0002369 0.00030835 0.0002862 0.00015675 0.00033725 0.0003302 0.00024485 0.000389 0.00029655 0.00044795 0.00046285 0.0003018 0.0004157 0.0003397 0.0002458 0.00023155 0.00029025 0.00036205 0.00027185 0.0001997 0.0004045 0.0002323 0.00032945 0.0005078 0.00030465 0.000362 0.00041985 0.0002704 0.00019195 0.00033985 0.0002456
2 0.00033635 0.0002421 0.0003416 0.0002231 0.00022475 0.0003605 0.00026505 0.00027755 0.00017115 0.00024295 0.0002309 0.0003202 0.00019755 0.00017195 0.0002801 0.0001714 0.00022295 0.00029695 0.00034555 0.00031335 0.00043955 0.0002567 0.0002307 0.0002118 0.0003052 0.0002965 0.00029095 0.00017185 0.00026045 0.00032485 0.0003467 0.0002425 0.0002653 0.00024275 0.0001862 0.00026575 0.00031165 0.0002395 0.00035985 0.0003559 0.00027555 0.0003188 0.0003589 0.0003827 0.0003364 0.00029025 0.00030095 0.0001971 0.0002912 0.0002653 0.0002665 0.00032125 0.00019805 0.0002714 0.00029 0.00034565 0.0003559 0.0002303 0.0001969 0.00017135 0.00028025 0.0003017 0.00033605 0.00018675 0.00035905 0.0002801 0.00027735 0.00029065 0.000301 0.00024245 0.00028035 0.0002401 0.0002421 0.0003317 0.00029 0.0003225 0.0004081 0.00029125 0.0003841 0.0003981 0.0002309 0.00041375 0.0003188 0.00026505 0.0002012 0.0003695 0.00035925 0.000291 0.00020435 0.00036345 0.00027485 0.0002518 0.00040895 0.00031115 0.0003592 0.00029035 0.0001863 0.00025715 0.0003195 0.00033605
3 0.0004204 0.00020485 0.0002231 6e-07 0.0002993 0.0003061 0.0002443 0.0002737 0.0002231 0.00031685 0.00026335 0.0003951 0.0001384 0.00033495 0.0003092 0.00039325 3e-07 0.0002406 0.00044615 0.0003786 0.00043245 0.0003019 0.0002347 0.0001411 0.0003316 0.00029945 0.00021785 0.0003926 0.00016585 0.00045015 0.0003417 0.00020525 0.0002686 0.00039315 0.00011805 0.00024485 0.0002089 0.00026825 0.00045865 0.00034965 0.000172 0.0002897 0.00038685 0.00034925 0.0004141 0.00036695 0.000281 2.675e-05 0.00024055 0.0004144 0.00029565 0.0003766 0.00026235 0.00036155 0.00019685 0.00044625 0.00034965 5.475e-05 0.00019665 0.0002232 0.00030935 0.00036645 0.00039605 0.00028845 0.0004595 0.0003092 0.0002043 0.00023695 0.00028105 0.00031635 0.0003319 0.00021215 0.0002088 0.00040825 0.00019685 0.00038255 0.0003353 0.0002422 0.00041225 0.00042715 0.00040485 0.00041595 0.00033825 0.0002443 0.0001829 0.0003632 0.0004582 0.0002179 8.11e-05 0.0003932 0.00026495 0.00034225 0.00034065 0.00041245 0.00045815 0.00036705 0.00027665 0.00026975 0.0003388 0.00039605
4 0.00032645 0.00031795 0.00022475 0.0002993 0.0003474 0.00037525 0.00028375 0.0003262 0.00022455 0.00029675 0.00028375 0.0003299 0.00026575 0.0002036 0.0002548 0.00017425 0.00029915 0.00032105 0.0003324 0.0003607 0.0004126 0.00028865 0.00028355 0.0002372 0.00027355 0.0002681 0.0002956 0.00017575 0.00023315 0.00029195 0.00040925 0.00031835 0.00028385 0.00026795 0.0002465 0.00028435 0.00037535 0.0001747 0.0002927 0.0004152 0.00036655 0.0002836 0.00034235 0.0004281 0.00032655 0.0002984 0.00029235 0.00028735 0.0002957 0.0002334 0.0002951 0.00031145 0.00021285 0.00028675 0.00034875 0.0003325 0.0004152 0.0002902 0.0002366 0.00022505 0.00025495 0.00033605 0.0003263 0.00019645 0.0002919 0.0002548 0.0003359 0.00033765 0.0002924 0.00029625 0.00025495 0.00019615 0.0003179 0.00037265 0.00034875 0.00036665 0.0004244 0.00029575 0.0003571 0.0003711 0.00023285 0.00038835 0.00023325 0.00028375 0.0002175 0.0003749 0.0002922 0.00029565 0.0002783 0.00037075 0.00032045 0.00030235 0.00042215 0.0003323 0.00029215 0.0002985 0.0001957 0.000289 0.00023385 0.0003263
5 0.00051805 0.000414 0.0003605 0.0003061 0.00037525 0.000565 0.00043835 0.00038845 0.0003605 0.000452 0.00041655 0.0003351 0.0003577 0.00039835 0.0004127 0.00038705 0.00030595 0.0004425 0.0005068 0.00049355 0.0004128 0.0003882 0.00041075 0.00030725 0.0004174 0.0004291 0.00042425 0.0003874 0.0003233 0.0005147 0.00049535 0.0004144 0.0004381 0.0004407 0.0003084 0.0004386 0.00039045 0.0003357 0.0005426 0.00048445 0.00041565 0.0004313 0.000521 0.00039015 0.00051815 0.0003352 0.00041295 0.0003201 0.0004241 0.00046485 0.00037715 0.0004824 0.00038105 0.0003369 0.0003087 0.0005069 0.00048445 0.00032455 0.0003464 0.0003606 0.0004127 0.00049065 0.00051825 0.0003352 0.00054205 0.0004126 0.0003888 0.00039005 0.000413 0.0004515 0.00041245 0.000323 0.00041375 0.0004716 0.0003087 0.00048285 0.00035495 0.00042405 0.0004126 0.0004126 0.0004373 0.0004126 0.0004528 0.00043835 0.0002827 0.0005199 0.00054245 0.0004243 0.0003386 0.0003852 0.0004183 0.0004404 0.00028335 0.00047965 0.0005424 0.0003353 0.0003353 0.00038825 0.00045305 0.00051825
6 0.00027085 0.0002458 0.00026505 0.0002443 0.00028375 0.00043835 0.0003832 0.00033005 0.0002651 0.0002896 0.0002399 0.00045915 0.0002615 0.0003088 0.0002552 0.00033855 0.00024415 0.00022575 0.0002579 0.0003221 0.00037515 0.00034155 0.00021665 0.0002885 0.00027665 0.0002832 0.0002179 0.00033865 0.00026225 0.00024165 0.00030795 0.00024615 0.00021685 0.00033755 0.0002553 0.00019265 0.000288 0.0003059 0.0002161 0.000277 0.00023585 0.00026255 0.00022555 0.0003843 0.0002642 0.00040395 0.0002437 0.00021805 0.0002414 0.00026515 0.0002964 0.0002684 0.00026545 0.00041655 0.00033055 0.000258 0.000277 0.0002625 0.00029125 0.0002652 0.0002553 0.00026055 0.0002457 0.000329 0.00021675 0.0002552 0.0002591 0.00029935 0.00024375 0.0002891 0.0002786 0.00029225 0.00024995 0.000274 0.00033055 0.00028695 0.00044275 0.00024305 0.0003555 0.0003704 0.0002901 0.0003857 0.00022855 0.0001917 0.0003187 0.00023575 0.0002152 0.00021795 0.0002363 0.00037015 0.00032255 0.0002763 0.00046935 0.0002579 0.00021515 0.00040405 0.0003174 0.0003092 0.00022955 0.0002457
7 0.0003003 0.0002383 0.00027755 0.0002737 0.0003262 0.00038845 0.00033005 0.0003798 0.00027765 0.0002722 0.000287 0.00040715 0.00029535 0.0003112 0.00030735 0.00030515 0.00027355 0.0002776 0.0003329 0.0002047 0.00049105 0.00019735 0.0003033 0.00028755 0.0003016 0.00026975 0.0003417 0.0003044 0.00026845 0.0003652 0.0002326 0.0002388 0.00031215 0.00024825 0.00022755 0.00033025 0.00023235 0.0003063 0.0003937 0.0002831 0.00026225 0.00028175 0.0003308 0.0003208 0.0003005 0.0003655 0.00029995 0.00026195 0.0003254 0.0003575 0.00024835 0.0003021 0.000299 0.00033605 0.00033805 0.000333 0.0002831 0.00025855 0.0002892 0.00027765 0.0003075 0.00029165 0.00031815 0.0002553 0.0003917 0.00030735 0.0002827 0.0002396 0.0003 0.0002716 0.00029105 0.0002584 0.00023425 0.0002919 0.00033805 0.0002592 0.00036325 0.00032385 0.0003999 0.0004196 0.0003309 0.0004593 0.00036075 0.00033005 0.0002048 0.0003421 0.0003936 0.00034175 0.00024685 0.0004107 0.00021665 0.00030435 0.00042595 0.00032425 0.00039355 0.0003656 0.00026645 0.0002156 0.00036095 0.00031815
8 0.00033635 0.0002421 0.00017115 0.0002231 0.00022455 0.0003605 0.0002651 0.00027765 0.0003416 0.00024305 0.0002309 0.0003203 0.00019765 0.00017215 0.0002802 0.00017135 0.00022295 0.00029685 0.0003455 0.0003133 0.00043955 0.0002568 0.00023065 0.0002118 0.000305 0.0002965 0.00029105 0.0001721 0.00026045 0.00032485 0.0003467 0.0002424 0.0002652 0.00024285 0.0001861 0.0002657 0.00031165 0.00023935 0.00035985 0.00035585 0.0002755 0.0003188 0.000359 0.00038265 0.0003364 0.00029035 0.00030105 0.000197 0.0002912 0.0002655 0.00026645 0.0003213 0.00019805 0.0002715 0.0002899 0.0003456 0.00035585 0.0002303 0.00019705 0.00017135 0.00028035 0.0003017 0.00033615 0.00018685 0.00035905 0.0002802 0.0002773 0.00029065 0.0003011 0.00024255 0.00028035 0.0002401 0.00024205 0.0003316 0.0002899 0.00032245 0.0004081 0.00029125 0.0003841 0.0003981 0.0002307 0.00041375 0.0003189 0.0002651 0.0002012 0.0003696 0.00035935 0.0002911 0.00020425 0.00036345 0.00027495 0.00025185 0.00040895 0.0003111 0.0003593 0.00029045 0.0001861 0.00025715 0.0003195 0.00033615
9 0.00026215 0.0002376 0.00024295 0.00031685 0.00029675 0.000452 0.0002896 0.0002722 0.00024305 0.0004195 0.00025015 0.0003966 0.0002635 0.00021545 0.0003094 0.00022075 0.0003167 0.0003033 0.00029505 0.00021055 0.0004567 0.00025735 0.000256 0.00030825 0.00032435 0.00029125 0.00031535 0.00021975 0.00035335 0.00028045 0.0002547 0.0002379 0.00028965 0.00021605 0.000285 0.0002896 0.00031675 0.00033605 0.000314 0.0002874 0.0002819 0.0003242 0.0002948 0.000382 0.0002625 0.0003544 0.00032425 0.000291 0.0003154 0.00026725 0.00029045 0.0002896 0.00027045 0.0003342 0.00037675 0.00029515 0.0002874 0.00031975 0.0002687 0.0002428 0.00030955 0.00022865 0.00026205 0.00026295 0.0003138 0.0003094 0.0002964 0.00030175 0.0003243 0.00021 0.00030945 0.0003389 0.00023765 0.00027605 0.00037675 0.00024315 0.0004168 0.00031545 0.00040115 0.00041515 0.00023405 0.00044315 0.00034335 0.0002896 0.00030475 0.00030635 0.0003141 0.0003154 0.00029395 0.00038145 0.0002663 0.00024305 0.0004884 0.0002616 0.00031405 0.0003545 0.00026295 0.0002574 0.00034335 0.00026205
10 0.00026545 0.0002353 0.0002309 0.00026335 0.00028375 0.00041655 0.0002399 0.000287 0.0002309 0.00025015 0.0003985 0.0003931 0.00025185 0.00024555 0.000262 0.00025045 0.0002632 0.00028955 0.00026335 0.0002627 0.00042285 0.0002668 0.0002053 0.00026655 0.0002882 0.00029055 0.00026575 0.00025075 0.00030645 0.00023535 0.00028165 0.0002357 0.00024155 0.00025685 0.0002336 0.00024055 0.0002985 0.0002954 0.0002689 0.0002779 0.000256 0.00031225 0.000286 0.00037505 0.00026555 0.00036005 0.0002822 0.0002374 0.00026575 0.0002594 0.00025545 0.0002691 0.00025765 0.0003418 0.00034055 0.00026345 0.0002779 0.00027225 0.00025675 0.00023095 0.00026215 0.00022915 0.00026375 0.0002534 0.0002697 0.000262 0.0002592 0.00027815 0.00028225 0.00024965 0.000262 0.00028835 0.00023695 0.00025515 0.00034055 0.00025725 0.0004286 0.00026745 0.00037055 0.00038455 0.0002249 0.0004017 0.0002945 0.0002399 0.00025565 0.00028445 0.00026835 0.0002658 0.00024635 0.00034825 0.00027955 0.0002477 0.0004697 0.0002273 0.0002683 0.00036015 0.0002513 0.0002574 0.00029515 0.00026375
11 0.0004696 0.00041235 0.0003202 0.0003951 0.0003299 0.0003351 0.00045915 0.00040715 0.0003203 0.0003966 0.0003931 0.0004894 0.00037895 0.0003036 0.0003992 0.0002452 0.00039495 0.0004861 0.0005172 0.0004292 0.00045945 0.00033725 0.0003998 0.0003352 0.0004627 0.0004223 0.00045905 0.00024585 0.0004145 0.00045695 0.00049335 0.00041275 0.0004523 0.00033705 0.0003351 0.0004596 0.00048645 0.00033775 0.0005168 0.0005413 0.0004763 0.00047645 0.0005311 0.00047935 0.0004763 0.00032695 0.0004691 0.0003951 0.0004523 0.000384 0.00040005 0.0004548 0.0003342 0.00026565 0.0004021 0.0005173 0.0005413 0.00040875 0.0003201 0.00031995 0.0003992 0.00043705 0.0004764 0.00026 0.00051605 0.0003991 0.00046 0.0004164 0.00046915 0.0003961 0.00039235 0.00034455 0.00041205 0.00052505 0.0004021 0.0004774 0.00040835 0.00045225 0.0004592 0.0004524 0.00032515 0.000384 0.00046845 0.00045915 0.0002751 0.00054035 0.00051645 0.0004591 0.0004088 0.00039985 0.00041085 0.00044385 0.00040915 0.0004649 0.0005164 0.00032705 0.00026065 0.0003523 0.0004689 0.0004764
12 0.0003858 0.0002633 0.00019755 0.0001384 0.00026575 0.0003577 0.0002615 0.00029535 0.00019765 0.0002635 0.00025185 0.00037895 0.0002763 0.0001973 0.000321 0.00025615 0.00013825 0.000299 0.00035235 0.0003877 0.0004208 0.00032225 0.0002519 0.00019785 0.00029805 0.000332 0.0002611 0.00025515 0.0002395 0.0003743 0.00036665 0.0002637 0.0002614 0.00032205 0.0001985 0.000262 0.00027505 0.00026615 0.00038435 0.0003333 0.00024225 0.0003222 0.0003766 0.00034615 0.000386 0.0003012 0.0002941 0.0001387 0.000261 0.00031995 0.0002895 0.00037085 0.00023655 0.00032495 0.00024275 0.00035245 0.0003333 0.00016245 0.00019715 0.0001974 0.00032115 0.00035625 0.00038585 0.00025725 0.00038365 0.000321 0.00022965 0.0003018 0.00029415 0.00026295 0.0003209 0.0002667 0.0002632 0.0003209 0.00024275 0.0003544 0.00038845 0.0002611 0.0003651 0.0003791 0.00031075 0.0004428 0.00032955 0.0002615 0.00025795 0.0003648 0.00038395 0.00026115 0.00016295 0.00036955 0.0002867 0.0002297 0.0003466 0.00034305 0.0003839 0.0003013 0.00025715 0.0003228 0.00033005 0.00038585
13 0.0003278 0.0003269 0.00017195 0.00033495 0.0002036 0.00039835 0.0003088 0.0003112 0.00017215 0.00021545 0.00024555 0.0003036 0.0001973 0.0001187 0.0003042 6.02e-05 0.0003348 0.0003817 0.0002777 0.00034845 0.00042835 0.00028905 0.0002743 0.00025455 0.00028365 0.00034115 0.00033445 5.95e-05 0.0003323 0.0002751 0.0003858 0.0003273 0.0002843 0.00019705 0.0002789 0.00030925 0.00037795 0.00023545 0.0003116 0.0003537 0.0003602 0.0003634 0.00037505 0.00037985 0.0003345 0.0002244 0.00032635 0.0003092 0.00031155 0.0001968 0.00027235 0.0003417 0.00019815 0.0002347 0.0003364 0.0002778 0.0003537 0.00032415 0.0001976 0.00017145 0.00030435 0.00031775 0.00035225 0.00016695 0.00030935 0.0003042 0.0003026 0.00035565 0.0003264 0.0002149 0.0002813 0.00029265 0.00032275 0.00027035 0.0003364 0.00032045 0.00043585 0.00031 0.00033715 0.00035025 0.00016315 0.00044105 0.0003224 0.0003088 0.00027425 0.00038555 0.00031125 0.0003345 0.00029845 0.0003402 0.0003086 0.000165 0.0003894 0.0002679 0.0003112 0.0002245 0.0001789 0.0003223 0.00032285 0.00035225
14 0.00026225 0.00028525 0.0002801 0.0003092 0.0002548 0.0004127 0.0002552 0.00030735 0.0002802 0.0003094 0.000262 0.0003992 0.000321 0.0003042 0.00045 0.00027525 0.00030905 0.00028415 0.00027405 0.0002855 0.0004129 0.00026965 0.00025525 0.00027545 0.0002787 0.00026065 0.00026705 0.00027635 0.0002673 0.00023215 0.0003178 0.00028565 0.00026225 0.00028075 0.00025535 0.00025585 0.00032545 0.00024495 0.0002327 0.0003296 0.0003177 0.00027185 0.0002669 0.0004051 0.00025565 0.0003757 0.00026275 0.00029725 0.0002741 0.00025015 0.0002672 0.00026175 0.0002681 0.00034585 0.0003807 0.00027415 0.0003296 0.0003043 0.00029205 0.0002803 0.00022535 0.00026515 0.0002551 0.00025065 0.0002321 0.0002252 0.00030905 0.0002877 0.00026275 0.0003089 0.00023215 0.00023025 0.0002853 0.00030905 0.0003807 0.0002972 0.00042515 0.00027415 0.00035755 0.00037815 0.0002503 0.0003741 0.00022995 0.0002552 0.0002252 0.0002876 0.00023215 0.0002671 0.0002924 0.0003711 0.00030685 0.00032085 0.00047615 0.00026725 0.00023205 0.0003758 0.0002504 0.00025525 0.0002306 0.00025515
15 0.00030405 0.0003317 0.0001714 0.00039325 0.00017425 0.00038705 0.00033855 0.00030515 0.00017135 0.00022075 0.00025045 0.0002452 0.00025615 6.02e-05 0.00027525 1.9e-06 0.0003931 0.00040565 0.00029645 0.0002997 0.0004472 0.00023525 0.0002792 0.0002541 0.00030225 0.0003174 0.0003642 2.25e-06 0.0003511 0.00025145 0.00037965 0.0003321 0.00031405 0.00014375 0.0002785 0.000339 0.00041435 0.0002063 0.0003128 0.00039005 0.00040755 0.00037175 0.0003834 0.00041625 0.00031075 0.0002134 0.00034515 0.0003675 0.0003413 0.00016815 0.00026095 0.00031795 0.0001856 0.0001811 0.0003838 0.00029655 0.00039005 0.00037745 0.00019705 0.00017135 0.0002754 0.00028915 0.0003285 0.00010845 0.00031055 0.00027525 0.0003499 0.0003443 0.0003452 0.00022025 0.00025235 0.0002637 0.0003275 0.0003067 0.0003838 0.00031425 0.00042975 0.00033975 0.000356 0.0003691 0.00010895 0.0004121 0.0003236 0.00033855 0.00021515 0.00040435 0.00031245 0.00036425 0.00035175 0.0003342 0.0003085 0.0002128 0.0004259 0.0002618 0.0003124 0.0002135 0.0001194 0.0002684 0.00032405 0.0003285
16 0.00042025 0.0002047 0.00022295 3e-07 0.00029915 0.00030595 0.00024415 0.00027355 0.00022295 0.0003167 0.0002632 0.00039495 0.00013825 0.0003348 0.00030905 0.0003931 3e-07 0.00024045 0.000446 0.00037845 0.0004323 0.00030175 0.00023455 0.000141 0.00033145 0.0002993 0.00021775 0.00039245 0.0001657 0.00045 0.00034155 0.0002051 0.00026845 0.000393 0.0001179 0.0002447 0.00020875 0.0002681 0.0004585 0.0003495 0.00017185 0.00028955 0.0003867 0.0003491 0.00041395 0.0003668 0.00028085 2.66e-05 0.00024045 0.00041425 0.0002955 0.00037645 0.0002622 0.0003614 0.0001967 0.0004461 0.0003495 5.46e-05 0.00019655 0.00022305 0.0003092 0.0003663 0.0003959 0.0002883 0.00045935 0.00030905 0.00020415 0.0002368 0.0002809 0.0003162 0.00033175 0.000212 0.00020865 0.0004081 0.0001967 0.0003824 0.00033515 0.00024205 0.0004121 0.000427 0.0004047 0.0004158 0.0003381 0.00024415 0.00018275 0.00036305 0.00045805 0.0002178 8.095e-05 0.00039305 0.0002648 0.0003421 0.0003405 0.0004123 0.000458 0.0003669 0.0002765 0.0002696 0.00033865 0.0003959
17 0.00028045 0.00021835 0.00029695 0.0002406 0.00032105 0.0004425 0.00022575 0.0002776 0.00029685 0.0003033 0.00028955 0.0004861 0.000299 0.0003817 0.00028415 0.00040565 0.00024045 0.0002394 0.0003165 0.00027095 0.0004216 0.00030945 0.0002664 0.00032025 0.00030355 0.0002612 0.0002518 0.0004065 0.00023885 0.00032845 0.0002546 0.00021875 0.00025035 0.0003458 0.0002467 0.0002259 0.000233 0.0003431 0.0002863 0.00027245 0.00020625 0.0002022 0.0001974 0.00036775 0.0002742 0.00044845 0.0002523 0.0002144 0.00027485 0.00033445 0.0003129 0.0002791 0.000263 0.0004477 0.0003397 0.0003166 0.00027245 0.0002482 0.00032295 0.00029695 0.0002843 0.0002963 0.00025575 0.00035575 0.00028755 0.00028415 0.00028055 0.0002647 0.00025235 0.00030275 0.00030725 0.0002891 0.00022255 0.00032065 0.0003397 0.00028455 0.0004286 0.0002765 0.00040175 0.00041665 0.00037515 0.0004146 0.00026795 0.00022575 0.0003051 0.0002437 0.00028625 0.00025185 0.00022205 0.0004326 0.0002848 0.00033895 0.00049125 0.0003327 0.0002862 0.00044855 0.00034415 0.0002767 0.0002681 0.00025575
18 0.00020405 0.00036275 0.00034555 0.00044615 0.0003324 0.0005068 0.0002579 0.0003329 0.0003455 0.00029505 0.00026335 0.0005172 0.00035235 0.0002777 0.00027405 0.00029645 0.000446 0.0003165 0.0001539 0.0003089 0.00035385 0.00036505 0.0002894 0.0004036 0.0002015 0.00033245 0.0002835 0.0002966 0.0003655 0.0001306 0.00027085 0.00036315 0.000236 0.0002962 0.00041095 0.00025845 0.00030475 0.00034335 0.00010125 0.0001617 0.00032055 0.0002919 0.0001859 0.0003136 0.0002083 0.00037225 0.0002419 0.00042045 0.00026325 0.0002088 0.00025215 0.00024685 0.0003396 0.00043425 0.00042135 7.725e-05 0.0001618 0.00042855 0.00037115 0.00034565 0.0002742 0.0002474 0.0002259 0.00036215 9.885e-05 0.00027405 0.0002616 0.00033675 0.00024195 0.00029455 0.00025385 0.00038015 0.0003585 7.725e-05 0.00042135 0.00020395 0.00046765 0.00026165 0.0002625 0.0002785 0.0002403 0.0004292 0.00022695 0.0002579 0.00042705 0.0001837 0.0001008 0.00028355 0.0004029 0.00033185 0.000357 0.0001678 0.000448 0.00013065 0.00010075 0.00037235 0.0003727 0.0003789 0.0002275 0.0002259
19 0.00017285 0.0001752 0.00031335 0.0003786 0.0003607 0.00049355 0.0003221 0.0002047 0.0003133 0.00021055 0.0002627 0.0004292 0.0003877 0.00034845 0.0002855 0.0002997 0.00037845 0.00027095 0.0003089 2.96e-05 0.0005252 0.0001494 0.0002645 0.00036125 0.00036135 0.00021925 0.00034775 0.0002991 0.00039305 0.00026205 0.00011665 0.0001757 0.0003247 0.00015845 0.0002905 0.00032185 0.0002916 0.0003854 0.0003209 0.000257 0.0002727 0.0002934 0.000245 0.0003981 0.00016615 0.0004506 0.0003408 0.00035285 0.0003519 0.00030845 0.00027475 0.00021695 0.0003296 0.0003573 0.00046425 0.000309 0.000257 0.0003683 0.000339 0.00031345 0.00028565 0.000133 0.0001702 0.00027715 0.0003194 0.00028545 0.00033705 0.00023615 0.00034085 0.00020995 0.0002896 0.00033395 0.00017085 0.00029565 0.00046425 0.00015955 0.00039175 0.0003504 0.00046175 0.0004824 0.00025085 0.0004376 0.0003654 0.0003221 0.00025385 0.0002677 0.00032125 0.0003478 0.0003426 0.00042215 0.00020145 0.00034615 0.00060145 0.0002489 0.0003212 0.0004507 0.0002808 0.00013855 0.00036515 0.0001702
20 0.00042875 0.00046775 0.00043955 0.00043245 0.0004126 0.0004128 0.00037515 0.00049105 0.00043955 0.0004567 0.00042285 0.00045945 0.0004208 0.00042835 0.0004129 0.0004472 0.0004323 0.0004216 0.00035385 0.0005252 0.0006353 0.00052315 0.00040655 0.00043915 0.00038395 0.00045915 0.00037525 0.0004473 0.0004106 0.00036745 0.0004796 0.00046815 0.000393 0.00049345 0.00046985 0.00037575 0.00043195 0.00042985 0.0003351 0.00038705 0.0004261 0.0004186 0.00037085 0.00040435 0.00042845 0.0004004 0.0003808 0.00043225 0.0003916 0.00038275 0.00043075 0.00043275 0.00043365 0.0004626 0.0003928 0.00035395 0.00038705 0.000462 0.00043965 0.00043965 0.00041305 0.0004322 0.00041085 0.00047775 0.0003358 0.0004129 0.0003931 0.0004639 0.00038085 0.0004562 0.0004292 0.00046075 0.0004716 0.00035385 0.0003928 0.00042875 0.00042865 0.00039315 0.00035365 0.00034805 0.0004142 0.00039435 0.0003659 0.00037515 0.00050755 0.0003692 0.0003346 0.0003753 0.00046185 0.00036155 0.00051515 0.00038145 0.0003536 0.0003676 0.00033455 0.0004005 0.00046635 0.0005055 0.0003665 0.00041085
21 0.00027005 0.00022475 0.0002567 0.0003019 0.00028865 0.0003882 0.00034155 0.00019735 0.0002568 0.00025735 0.0002668 0.00033725 0.00032225 0.00028905 0.00026965 0.00023525 0.00030175 0.00030945 0.00036505 0.0001494 0.00052315 0.0002692 0.0002831 0.0002667 0.00033375 0.0002395 0.0003532 0.0002355 0.00030095 0.0003283 0.00023985 0.00022525 0.00032365 0.00018565 0.0002067 0.00034175 0.0003023 0.00026875 0.0003885 0.00035275 0.00031125 0.00030355 0.0003526 0.0003904 0.00027025 0.00036525 0.0003324 0.00029015 0.0003369 0.00031995 0.00024815 0.00027185 0.000272 0.00027345 0.00038685 0.00036515 0.00035275 0.00028185 0.00026835 0.0002568 0.00026995 0.00024965 0.0002879 0.0001854 0.0003865 0.0002698 0.00033155 0.0002395 0.00033245 0.00025675 0.0002535 0.00022085 0.0002207 0.00036135 0.00038685 0.0002663 0.0003703 0.00033535 0.000432 0.0004517 0.00026165 0.00042175 0.00035555 0.00034155 0.0001348 0.0003744 0.0003884 0.00035325 0.00027015 0.0004111 0.0001982 0.0003519 0.00049535 0.0003247 0.00038835 0.00036535 0.0001965 0.000153 0.00035575 0.0002879
22 0.0002715 0.0002122 0.0002307 0.0002347 0.00028355 0.00041075 0.00021665 0.0003033 0.00023065 0.000256 0.0002053 0.0003998 0.0002519 0.0002743 0.00025525 0.0002792 0.00023455 0.0002664 0.0002894 0.0002645 0.00040655 0.0002831 0.000364 0.00025405 0.00030815 0.00028385 0.0002428 0.0002795 0.00029375 0.0002413 0.0002812 0.00021255 0.0002415 0.00027905 0.00022085 0.0002174 0.0002921 0.0003057 0.000275 0.0002811 0.0002331 0.00030555 0.00026885 0.0003884 0.00026475 0.0003763 0.00027545 0.00020845 0.00026605 0.00026515 0.0002688 0.0002691 0.0002574 0.00035805 0.0003278 0.0002895 0.0002811 0.0002598 0.0002568 0.0002307 0.0002554 0.000212 0.0002466 0.00026965 0.00027565 0.00025525 0.00025635 0.00027175 0.0002755 0.0002555 0.00027845 0.00029205 0.00021635 0.0002781 0.0003278 0.0002602 0.000416 0.0002677 0.000387 0.0004019 0.00023065 0.0003854 0.0002877 0.00021665 0.0002594 0.00026755 0.00027435 0.00024285 0.0002336 0.0003424 0.00029585 0.00027355 0.00047345 0.00023015 0.0002743 0.0003764 0.0002581 0.00025075 0.00028845 0.0002466
23 0.00039085 0.0002654 0.0002118 0.0001411 0.0002372 0.00030725 0.0002885 0.00028755 0.0002118 0.00030825 0.00026655 0.0003352 0.00019785 0.00025455 0.00027545 0.0002541 0.000141 0.00032025 0.0004036 0.00036125 0.00043915 0.0002667 0.00025405 0.0002818 0.0003105 0.00029105 0.00027405 0.0002545 0.00020275 0.0003794 0.0003827 0.0002658 0.0002951 0.0003079 0.0001567 0.00028905 0.00029485 0.0001875 0.0004143 0.00039545 0.00028685 0.00031335 0.00040705 0.00037935 0.00038445 0.00030065 0.0002963 0.00015545 0.0002806 0.00033075 0.00026525 0.000351 0.00023865 0.0002818 0.0002584 0.0004037 0.00039545 0.0001602 0.00019735 0.00021195 0.0002756 0.00034975 0.0003842 0.00019925 0.0004136 0.00027545 0.00026395 0.00027385 0.00029635 0.00030775 0.000282 0.00018185 0.0002653 0.0003868 0.0002584 0.00037405 0.00035255 0.0002808 0.0003837 0.0004043 0.0002963 0.0004115 0.0003135 0.0002885 0.0001436 0.00040565 0.00041385 0.0002741 0.00017455 0.0003632 0.00028455 0.00032065 0.00034715 0.00036275 0.0004138 0.00030075 0.00019865 0.00025235 0.00031405 0.0003842
24 0.00029275 0.00034575 0.0003052 0.0003316 0.00027355 0.0004174 0.00027665 0.0003016 0.000305 0.00032435 0.0002882 0.0004627 0.00029805 0.00028365 0.0002787 0.00030225 0.00033145 0.00030355 0.0002015 0.00036135 0.00038395 0.00033375 0.00030815 0.0003105 0.0004018 0.000297 0.0002883 0.00030255 0.0002464 0.00025505 0.00033975 0.00034615 0.00025505 0.0003254 0.0003102 0.00027715 0.00028995 0.0002451 0.00022555 0.0002664 0.00031985 0.00026055 0.0002784 0.0003239 0.00029665 0.0003432 0.00024655 0.00031985 0.00026825 0.00027385 0.0002566 0.00029385 0.00029925 0.0003944 0.000346 0.00020145 0.0002663 0.00030955 0.00031685 0.0003053 0.00027885 0.0003358 0.0003143 0.0003077 0.0002233 0.0002787 0.0002662 0.00032195 0.0002466 0.00032385 0.0002587 0.00026095 0.00034135 0.000201 0.000346 0.00029235 0.00042795 0.00026675 0.00029285 0.00030885 0.0003052 0.0004338 0.00022725 0.00027665 0.0003122 0.0002884 0.00022515 0.00028835 0.00029785 0.0003619 0.0003214 0.00023265 0.00038395 0.0002548 0.0002251 0.0003433 0.0003183 0.0003478 0.00022775 0.0003143
25 0.0002614 0.0002472 0.0002965 0.00029945 0.0002681 0.0004291 0.0002832 0.00026975 0.0002965 0.00029125 0.00029055 0.0004223 0.000332 0.00034115 0.00026065 0.0003174 0.0002993 0.0002612 0.00033245 0.00021925 0.00045915 0.0002395 0.00028385 0.00029105 0.000297 0.0004367 0.00029495 0.0003175 0.0002549 0.00029795 0.0002786 0.0002475 0.0002899 0.0002688 0.00025325 0.00028325 0.0003146 0.00025775 0.00029725 0.00034935 0.0003067 0.00024455 0.00028065 0.0004129 0.0002552 0.0004106 0.0002909 0.0002876 0.0003016 0.00030405 0.00029585 0.0002616 0.00028535 0.00036845 0.00038975 0.00033255 0.00034935 0.00028615 0.00030825 0.0002966 0.0002608 0.00026545 0.00025465 0.0002744 0.00029705 0.00026065 0.00033015 0.0002842 0.00029095 0.0002915 0.00026735 0.00022465 0.00024725 0.000361 0.00038975 0.0002899 0.0004059 0.0003017 0.0004038 0.0004244 0.00030475 0.00040865 0.00025445 0.0002832 0.00023065 0.00031415 0.0002973 0.000295 0.00027435 0.0004183 0.0002606 0.0003627 0.0005038 0.0003266 0.00029725 0.0004107 0.00027395 0.00022465 0.0002545 0.00025465
26 0.00029655 0.0002718 0.00029095 0.00021785 0.0002956 0.00042425 0.0002179 0.0003417 0.00029105 0.00031535 0.00026575 0.00045905 0.0002611 0.00033445 0.00026705 0.0003642 0.00021775 0.0002518 0.0002835 0.00034775 0.00037525 0.0003532 0.0002428 0.00027405 0.0002883 0.00029495 0.0004353 0.0003643 0.0002601 0.00026745 0.00032175 0.0002722 0.00024275 0.0003632 0.00026725 0.0002188 0.0002878 0.00030355 0.0002418 0.0002908 0.00024995 0.0002743 0.00025155 0.0003842 0.00029005 0.00040385 0.00025555 0.000218 0.0002409 0.000291 0.00030805 0.0002942 0.0002914 0.00041645 0.00033075 0.0002836 0.0002908 0.0002481 0.0002908 0.00029115 0.0002672 0.0002865 0.00027165 0.00034065 0.00024255 0.00026705 0.00025875 0.00029915 0.0002556 0.00031485 0.0002902 0.0002899 0.00027585 0.00029965 0.00033075 0.0003127 0.000417 0.00024265 0.00035535 0.00037025 0.00031595 0.0003858 0.0002404 0.0002179 0.00031635 0.0002498 0.000241 0.0002177 0.00024825 0.00037025 0.0003342 0.00030195 0.0004435 0.00028375 0.00024095 0.00040395 0.00032895 0.00032095 0.0002413 0.00027165
27 0.00030415 0.00033105 0.00017185 0.0003926 0.00017575 0.0003874 0.00033865 0.0003044 0.0001721 0.00021975 0.00025075 0.00024585 0.00025515 5.95e-05 0.00027635 2.25e-06 0.00039245 0.0004065 0.0002966 0.0002991 0.0004473 0.0002355 0.0002795 0.0002545 0.00030255 0.0003175 0.0003643 2.8e-06 0.0003512 0.0002525 0.000379 0.00033145 0.00031415 0.00014335 0.00027885 0.0003391 0.0004137 0.0002076 0.00031365 0.00038945 0.0004069 0.0003726 0.00038425 0.00041565 0.00031085 0.0002133 0.00034525 0.00036685 0.0003414 0.0001688 0.00026135 0.00031805 0.00018625 0.000181 0.00038315 0.0002967 0.00038945 0.0003768 0.0001975 0.00017125 0.0002765 0.00028945 0.0003286 0.0001091 0.0003114 0.00027635 0.0003493 0.00034465 0.0003453 0.00021925 0.00025345 0.0002648 0.0003269 0.00030615 0.00038315 0.00031365 0.0004291 0.00033985 0.0003561 0.0003692 0.00011065 0.0004132 0.00032445 0.00033865 0.0002165 0.00040445 0.0003133 0.00036435 0.0003511 0.0003345 0.00030775 0.00021185 0.00042525 0.00026215 0.00031325 0.0002134 0.00012115 0.00026875 0.0003249 0.0003286
28 0.0003804 0.00028135 0.00026045 0.00016585 0.00023315 0.0003233 0.00026225 0.00026845 0.00026045 0.00035335 0.00030645 0.0004145 0.0002395 0.0003323 0.0002673 0.0003511 0.0001657 0.00023885 0.0003655 0.00039305 0.0004106 0.00030095 0.00029375 0.00020275 0.0002464 0.0002549 0.0002601 0.0003512 0.0002301 0.0003927 0.0003789 0.00028175 0.00026895 0.0003724 0.00017505 0.00026265 0.00024015 0.00018455 0.00036155 0.000364 0.00026735 0.00021815 0.00033745 0.00034575 0.0003739 0.00034685 0.00023485 0.0001679 0.0002668 0.00035285 0.00027165 0.0003384 0.0002545 0.00036855 0.00025625 0.0003656 0.000364 0.00016155 0.0002583 0.00026055 0.00026745 0.00039515 0.00037365 0.00026595 0.00036095 0.0002673 0.00026445 0.00027245 0.0002349 0.00035285 0.00027405 0.0001481 0.0002814 0.00036325 0.00025625 0.00037805 0.0003781 0.00026685 0.00035515 0.00037575 0.0003844 0.00041595 0.00023515 0.00026225 0.00018005 0.00035965 0.00036125 0.00026015 0.00016365 0.0004005 0.00028955 0.0003381 0.0003426 0.0003905 0.0003612 0.00034695 0.00026575 0.0002864 0.00023555 0.00037365
29 0.0001732 0.00033 0.00032485 0.00045015 0.00029195 0.0005147 0.00024165 0.0003652 0.00032485 0.00028045 0.00023535 0.00045695 0.0003743 0.0002751 0.00023215 0.00025145 0.00045 0.00032845 0.0001306 0.00026205 0.00036745 0.0003283 0.0002413 0.0003794 0.00025505 0.00029795 0.00026745 0.0002525 0.0003927 0.0001687 0.0002816 0.0003304 0.0002415 0.000257 0.0003889 0.0002423 0.00037735 0.00032095 8.545e-05 0.00023895 0.00034975 0.00030875 0.00018465 0.0004085 0.0001735 0.00039535 0.00026905 0.00042425 0.0002674 0.0001682 0.00027805 0.0002143 0.0003127 0.0003951 0.0004688 0.0001307 0.00023895 0.00044545 0.00035065 0.0003249 0.0002323 0.00018285 0.0001733 0.00031575 8.45e-05 0.00023215 0.00031335 0.0003403 0.0002691 0.00027995 0.0002321 0.00035635 0.0003301 0.0001767 0.0004688 0.00021925 0.00047875 0.00026735 0.00031185 0.00032585 0.0001679 0.00037335 0.00020895 0.00024165 0.00037935 0.00019305 8.49e-05 0.0002675 0.0004196 0.0003256 0.000359 0.0002375 0.0005393 0.0001306 8.485e-05 0.00039545 0.00031525 0.0003205 0.0002096 0.0001733
30 0.0002159 0.0002154 0.0003467 0.0003417 0.00040925 0.00049535 0.00030795 0.0002326 0.0003467 0.0002547 0.00028165 0.00049335 0.00036665 0.0003858 0.0003178 0.00037965 0.00034155 0.0002546 0.00027085 0.00011665 0.0004796 0.00023985 0.0002812 0.0003827 0.00033975 0.0002786 0.00032175 0.000379 0.0003789 0.0002816 0.0002322 0.00021585 0.00031435 0.00024895 0.00032375 0.000308 0.0002178 0.000438 0.00030835 0.0001717 0.0002151 0.00029055 0.000222 0.0003291 0.00020915 0.00045635 0.00031055 0.0003278 0.00032815 0.00034085 0.0002803 0.000258 0.00036815 0.0004269 0.00042345 0.00027095 0.0001716 0.0003564 0.0003605 0.0003468 0.00031795 0.00018295 0.00020945 0.00035695 0.0003081 0.00031775 0.0002843 0.000225 0.0003106 0.00025415 0.00032415 0.0003864 0.00021535 0.0002271 0.00042345 0.00017205 0.0003922 0.0003282 0.0004238 0.00044445 0.00031415 0.00045425 0.00037045 0.00030795 0.00033355 0.00020915 0.0003084 0.0003218 0.00034255 0.00041125 0.0002586 0.00030925 0.00053305 0.0002379 0.00030835 0.00045645 0.00035645 0.0002252 0.0003705 0.00020945
31 0.000271 0.0001531 0.0002425 0.00020525 0.00031835 0.0004144 0.00024615 0.0002388 0.0002424 0.0002379 0.0002357 0.00041275 0.0002637 0.0003273 0.00028565 0.0003321 0.0002051 0.00021875 0.00036315 0.0001757 0.00046815 0.00022525 0.00021255 0.0002658 0.00034615 0.0002475 0.0002722 0.00033145 0.00028175 0.0003304 0.00021585 0.0003055 0.0002708 0.0002614 0.00019245 0.00024635 0.0002507 0.0003404 0.00036255 0.00028985 0.00019745 0.0002799 0.00027905 0.0003851 0.00026465 0.00042015 0.0002992 0.00017905 0.0002953 0.00033575 0.00028485 0.0002691 0.00027015 0.0003708 0.0003305 0.00036325 0.00028985 0.00022615 0.0002685 0.0002425 0.0002858 0.00021285 0.00024625 0.0002824 0.00036375 0.00028565 0.0002714 0.000237 0.00029925 0.00023755 0.00030875 0.0002866 0.00015725 0.00033765 0.0003305 0.0002455 0.0003894 0.00029695 0.00044835 0.00046325 0.0003022 0.0004161 0.0003401 0.00024615 0.00023195 0.00029065 0.00036245 0.00027225 0.0002 0.0004049 0.0002328 0.00032985 0.0005082 0.00030505 0.0003624 0.00042025 0.0002708 0.00019255 0.0003403 0.00024625
32 0.0002704 0.0002705 0.0002653 0.0002686 0.00028385 0.0004381 0.00021685 0.00031215 0.0002652 0.00028965 0.00024155 0.0004523 0.0002614 0.0002843 0.00026225 0.00031405 0.00026845 0.00025035 0.000236 0.0003247 0.000393 0.00032365 0.0002415 0.0002951 0.00025505 0.0002899 0.00024275 0.00031415 0.00026895 0.0002415 0.00031435 0.0002708 0.0004328 0.00031965 0.00026195 0.0002175 0.0002944 0.00028805 0.00021755 0.00027975 0.0002603 0.00026925 0.0002506 0.0003694 0.000271 0.00038605 0.00025075 0.00024255 0.00024265 0.0002656 0.00028145 0.00027005 0.00026555 0.00039865 0.00033725 0.00023595 0.00027975 0.000269 0.00029115 0.0002653 0.0002624 0.0002853 0.0002707 0.0003111 0.0002166 0.00026225 0.00026195 0.00030575 0.0002508 0.00028915 0.0002622 0.000281 0.0002706 0.0002554 0.00033725 0.00028995 0.0004494 0.00024245 0.00033725 0.0003511 0.0002903 0.00040355 0.00023565 0.00021685 0.0003074 0.00026055 0.000217 0.0002428 0.000243 0.00037605 0.00030465 0.00025475 0.00045805 0.00026105 0.00021695 0.00038615 0.00031055 0.00031585 0.0002363 0.0002707
33 0.00023895 0.0002609 0.00024275 0.00039315 0.00026795 0.0004407 0.00033755 0.00024825 0.00024285 0.00021605 0.00025685 0.00033705 0.00032205 0.00019705 0.00028075 0.00014375 0.000393 0.0003458 0.0002962 0.00015845 0.00049345 0.00018565 0.00027905 0.0003079 0.0003254 0.0002688 0.0003632 0.00014335 0.0003724 0.000257 0.00024895 0.0002614 0.00031965 0.0002865 0.0002849 0.00033795 0.00035345 0.0002892 0.00031745 0.0003241 0.00034745 0.00033305 0.0003217 0.0004008 0.00023915 0.00032525 0.00034335 0.0003674 0.0003469 0.0002384 0.0002615 0.00026775 0.0002577 0.00026245 0.0004244 0.0002963 0.0003241 0.00037265 0.0002684 0.0002425 0.0002809 0.0002185 0.0002568 0.0001858 0.00031525 0.00028075 0.00034395 0.0002907 0.0003434 0.00021545 0.00026445 0.0002922 0.00025685 0.0002949 0.0004244 0.0002376 0.0004111 0.00034535 0.0004023 0.000422 0.0001804 0.0004321 0.0003447 0.00033755 0.00022805 0.00034335 0.00031715 0.00036325 0.00034695 0.00038135 0.00024765 0.00027285 0.0005072 0.0002558 0.0003171 0.00032535 0.00019745 0.0002041 0.0003451 0.0002568
34 0.00036025 0.00019215 0.0001862 0.00011805 0.0002465 0.0003084 0.0002553 0.00022755 0.0001861 0.000285 0.0002336 0.0003351 0.0001985 0.0002789 0.00025535 0.0002785 0.0001179 0.0002467 0.00041095 0.0002905 0.00046985 0.0002067 0.00022085 0.0001567 0.0003102 0.00025325 0.00026725 0.00027885 0.00017505 0.0003889 0.00032375 0.00019245 0.00026195 0.0002849 0.0001875 0.0002557 0.0002466 0.00021185 0.0004237 0.0003745 0.0002255 0.00027535 0.0003761 0.0003701 0.00035365 0.00033875 0.0002762 0.00010595 0.000274 0.0003476 0.0002428 0.0003182 0.0002129 0.0002909 0.0002464 0.00041105 0.0003745 0.00012515 0.0001981 0.0001862 0.0002554 0.000319 0.00035345 0.00018645 0.0004231 0.00025515 0.0002549 0.0002256 0.00027625 0.0002845 0.0002619 0.00015455 0.0001922 0.00039185 0.0002464 0.00034115 0.00036905 0.00027405 0.00041445 0.00043505 0.0003132 0.0004039 0.0003158 0.0002553 9.385e-05 0.00038685 0.0004234 0.0002673 0.0001131 0.0003938 0.0002258 0.00033535 0.000399 0.00036995 0.00042335 0.00033885 0.00018645 0.000192 0.0003162 0.00035345
35 0.0002709 0.00024595 0.00026575 0.00024485 0.00028435 0.0004386 0.00019265 0.00033025 0.0002657 0.0002896 0.00024055 0.0004596 0.000262 0.00030925 0.00025585 0.000339 0.0002447 0.0002259 0.00025845 0.00032185 0.00037575 0.00034175 0.0002174 0.00028905 0.00027715 0.00028325 0.0002188 0.0003391 0.00026265 0.0002423 0.000308 0.00024635 0.0002175 0.00033795 0.0002557 0.0003847 0.00028815 0.0003064 0.00021575 0.0002774 0.00023635 0.0002626 0.000226 0.0003848 0.0002645 0.0004044 0.00024435 0.0002187 0.00024195 0.000266 0.0002967 0.0002691 0.00026605 0.000417 0.00033115 0.00025855 0.0002774 0.000263 0.00029175 0.0002658 0.000256 0.0002607 0.0002461 0.00032925 0.0002174 0.00025585 0.00025965 0.0002995 0.0002444 0.0002891 0.00027895 0.00029255 0.00025015 0.00027455 0.00033115 0.000287 0.0004432 0.0002436 0.000356 0.0003709 0.0002907 0.0003863 0.00022945 0.00019275 0.00031875 0.00023655 0.0002161 0.00021885 0.0002369 0.00037075 0.00032295 0.0002768 0.0004698 0.00025855 0.00021605 0.0004045 0.00031765 0.000309 0.0002292 0.0002461
