 slim_337527704 slim_337527728 slim_337527633 slim_337527668 slim_337527582 slim_337527708 slim_337527646 slim_337527624 slim_337527701 slim_337527539 slim_337527743 slim_337527738 slim_337527589 slim_337527547 slim_337527709 slim_337527749 slim_337527658 slim_337527762 slim_337527747 slim_337527656 slim_337527753 slim_337527752 slim_337527765 slim_337527515 slim_337527720 slim_337527730 slim_337527755 slim_337527729 slim_337527705 slim_337527493 slim_337527561 slim_337527711 slim_337527523 slim_337527681 slim_337527707 slim_337527642 slim_337527741 slim_337527760 slim_337527660 slim_337527763 slim_337527690 slim_337527654 slim_337527379 slim_337527694 slim_337527638 slim_337527661 slim_337527615 slim_337527489 slim_337527348 slim_337527727 slim_337527640 slim_337527706 slim_337527748 slim_337527718 slim_337527607 slim_337527716 slim_337527676 slim_337527496 slim_337527744 slim_337527745 slim_337527692 slim_337527571 slim_337527609 slim_337527724 slim_337527613 slim_337527754 slim_337527742 slim_337527517 slim_337527634 slim_337527675 slim_337527494 slim_337527555 slim_337527670 slim_337527526 slim_337527721 slim_337527603 slim_337527487 slim_337527722 slim_337527758 slim_337527610 slim_337527637 slim_337527685 slim_337527504 slim_337527632 slim_337527739 slim_337527764 slim_337527677 slim_337527717 slim_337527756 slim_337527650 slim_337527631 slim_337527643 slim_337527602 slim_337527639 slim_337527628 slim_337527759 slim_337527746 slim_337527697 slim_337527673 slim_337527531
0 0.0003389 0.0003277 0.00022055 0.000219 0.00026735 0.0002585 0.0002556 0.00020555 0.00019295 0.0003648 0.00026855 0.00022065 0.0002087 0.00026915 0.00025415 0.00023295 0.00017125 0.0002571 0.00030615 0.00025405 0.00026595 0.000245 0.00019965 0.0002677 0.0002816 0.0003159 0.00017055 0.0001716 0.0003041 0.0003175 0.0002196 0.00029595 0.0002155 0.0002687 0.00026405 0.0001992 0.00026815 0.0002718 0.00026865 0.0002375 0.0003062 0.00017105 0.00022045 0.0003177 0.0001997 0.0001996 0.0003276 0.00026475 0.00028915 0.00017025 0.0002372 0.00029645 0.00026875 0.00029045 0.00022095 0.00032765 0.0002212 0.00024745 0.00017045 0.00028965 0.0002923 0.00017105 0.00028815 0.00020755 0.0002267 0.00019185 0.00029135 0.000268 0.00028795 0.0002957 0.0002308 0.00023795 0.0002317 0.000302 0.00026725 0.00026845 0.0002099 0.00026775 0.00020875 0.0002306 0.0002211 0.00025235 0.00022035 0.00026785 0.0001982 0.0001711 0.0002573 0.0003165 0.0003131 0.00023355 0.00026595 0.00024115 0.0002445 0.00030045 0.0002958 0.00023755 0.00025645 0.00032905 0.00025645 0.00025905
1 0.0003277 0.0005102 0.0003268 0.00025745 0.00026685 0.00031745 0.0002897 0.00032405 0.00026645 0.0002554 0.00025675 0.0003269 0.0003489 0.0002881 0.00034665 0.00037175 0.00026695 0.000359 0.00028825 0.00034655 0.0003679 0.00033365 0.0002926 0.00025585 0.0002578 0.00025675 0.0002563 0.0002576 0.00033135 0.0003262 0.00025805 0.0003047 0.0003087 0.0003274 0.00029795 0.00029215 0.00025635 0.00029445 0.00027475 0.0003242 0.0002881 0.0002568 0.0003267 0.00032635 0.000292 0.00029255 0.0002553 0.00030245 0.0003258 0.00026775 0.00033725 0.00029185 0.0003277 0.00025535 0.0003272 0.00025545 0.0003277 0.0002931 0.0002562 0.00032615 0.0002884 0.000273 0.0002695 0.00028895 0.00035895 0.00033765 0.0002567 0.0002562 0.0002697 0.0003044 0.0003265 0.00032465 0.000321 0.0003227 0.00031615 0.0003274 0.0002894 0.0002559 0.000349 0.00025605 0.0003276 0.00032565 0.0003266 0.000256 0.00031625 0.00025685 0.0002895 0.0003267 0.00029695 0.00032095 0.0003679 0.0002558 0.0003892 0.0002966 0.00030455 0.00032425 0.000257 0.0002577 0.0003659 0.00031825
2 0.00022055 0.0003268 0.0003626 0.0002296 0.00029 0.0002301 0.0002322 0.0001842 0.00018185 0.00037425 0.0002787 0.0001821 0.00022505 0.0002472 0.0001848 0.00018345 0.00019415 0.0001844 0.0002947 0.0001847 0.00018385 0.0001848 0.0001828 0.0002778 0.0002796 0.000326 0.00018135 0.0001829 0.0002787 0.0002783 0.0002304 0.00027865 0.0001957 0.00022945 0.00023055 0.00018265 0.00027825 0.00023185 0.00027915 0.00019915 0.0002946 0.0001818 0.00018145 0.0002785 0.00018375 0.00018295 0.00032685 0.00023345 0.0002778 0.00019385 0.00019885 0.00027915 0.0002302 0.0002792 0.0001824 0.0003269 0.0001834 0.0002308 0.0001814 0.00027815 0.0002807 0.00018215 0.00028 0.00018415 0.000184 0.000194 0.00026375 0.0002779 0.0002798 0.0002784 0.0001835 0.0001996 0.00018615 0.00027925 0.00030465 0.0002299 0.000199 0.00027765 0.00022515 0.00023035 0.0001833 0.0002305 0.0001818 0.00027795 0.00019455 0.0001817 0.00024635 0.00025035 0.00027965 0.0002009 0.00018385 0.00023215 0.0001843 0.00027965 0.0002785 0.0001992 0.00023105 0.0003263 0.0001838 0.0002314
3 0.000219 0.00025745 0.0002296 0.0001379 0.00025555 0.0002202 0.0001831 0.00020535 0.00010015 0.0003995 0.00023515 0.00022985 0.00029065 0.0001854 0.00031445 0.0003057 9.13e-05 0.00034365 0.0003275 0.00031435 0.0003526 0.00026615 0.0001432 0.00023425 0.00025645 0.0002342 6.9e-05 6.95e-05 0.00022295 0.00039485 6.98e-05 0.0003351 0.00021355 0.00023 0.000192 0.000143 0.0002347 0.00019165 0.0002621 0.00023585 0.0003274 6.945e-05 0.00022965 0.00039505 0.0001442 0.0001433 0.0002575 0.00020725 0.0003667 9.065e-05 0.00026285 0.0003083 0.0002297 0.00011525 0.00023015 0.00025755 0.00023005 0.0001429 6.905e-05 0.00036705 0.00032765 0.00011065 0.0001165 0.0001833 0.00027215 0.0002233 0.0001824 0.0002344 0.0001163 0.00033485 0.00024985 0.0002363 0.00027635 0.0003703 0.0003627 0.0002294 0.000163 0.00023415 0.00029075 9.22e-05 0.00022995 0.0002248 0.00022955 0.0002344 0.0001914 6.93e-05 0.0001621 0.00036695 0.0003571 0.0002554 0.0003526 0.0001126 0.00035585 0.00033585 0.00033495 0.0002359 0.0001179 0.000256 0.00032395 0.0002204
4 0.00026735 0.00026685 0.00029 0.00025555 0.0004117 0.0003277 0.00029985 0.0002742 0.0002296 0.00020625 0.00020715 0.0002901 0.00031405 0.0003135 0.00032025 0.00032265 0.000208 0.00033425 0.0002534 0.00032015 0.00034315 0.00029655 0.00024345 0.0002071 0.0002202 0.00025495 0.00020745 0.00020805 0.0003768 0.000289 0.0002558 0.00025595 0.00026035 0.0003379 0.00030845 0.000243 0.0002071 0.00031905 0.00022515 0.00028935 0.0002533 0.00020795 0.0002899 0.00028965 0.0002435 0.0002434 0.0002669 0.0003126 0.00028905 0.00020735 0.0003024 0.0002423 0.00033785 0.00032685 0.0002904 0.00026695 0.0002902 0.0002909 0.00020735 0.0002889 0.0002393 0.00022415 0.00032805 0.00025215 0.0003095 0.0002893 0.0002678 0.00020695 0.00032785 0.0002557 0.00030015 0.00028945 0.0002839 0.0002731 0.00026695 0.00033755 0.00025415 0.00020715 0.00031415 0.00026725 0.0002901 0.00034935 0.0002898 0.00020725 0.0002559 0.000208 0.00030155 0.0002899 0.00026025 0.00028575 0.00034315 0.0002777 0.0003521 0.0002474 0.00025535 0.0002894 0.0002677 0.00026775 0.00034225 0.0003278
5 0.0002585 0.00031745 0.0002301 0.0002202 0.0003277 0.0004385 0.000223 0.00022675 0.0002295 0.0004121 0.0003166 0.00023005 0.0002492 0.0002239 0.000233 0.00022695 0.0002319 0.00023285 0.0003186 0.0002329 0.00024185 0.000233 0.0002213 0.00031555 0.00031765 0.0003164 0.00021935 0.0002205 0.00022305 0.00032635 0.00022085 0.00031695 0.00024335 0.00023055 0.0002314 0.00022095 0.000316 0.0002234 0.0003172 0.00022345 0.0003185 0.00021945 0.00022985 0.00032655 0.0002221 0.00022105 0.0003175 0.0002251 0.00032595 0.00023175 0.0002232 0.0003174 0.0002308 0.00022265 0.00023035 0.00031755 0.00023095 0.0002216 0.00021935 0.0003263 0.00031875 0.0002203 0.00022405 0.0002223 0.00022745 0.000242 0.0002546 0.000316 0.00022385 0.0003167 0.0002317 0.0002239 0.00022515 0.0003223 0.00034275 0.0002305 0.00022295 0.00031575 0.0002493 0.0002209 0.00023085 0.00023145 0.00022975 0.0003157 0.0002327 0.00021965 0.0002228 0.00029855 0.00032745 0.000225 0.00024185 0.00022295 0.00023275 0.000327 0.0003168 0.0002235 0.00022175 0.0003174 0.0002329 0.00022025
6 0.0002556 0.0002897 0.0002322 0.0001831 0.00029985 0.000223 0.0003249 0.0002104 0.0001933 0.00041165 0.0003072 0.00023225 0.000244 0.00016625 0.0002148 0.0002501 0.0001967 0.00021145 0.0002885 0.0002147 0.0002217 0.00021395 0.00022445 0.00030765 0.00028755 0.00028715 0.00020335 0.00018465 0.0002144 0.000336 0.00018265 0.00032845 0.0001858 0.00023055 0.00019125 0.000224 0.00030785 0.00020615 0.00030645 0.000205 0.00028845 0.00020385 0.0002321 0.00033645 0.00020665 0.0002244 0.00028975 0.000175 0.0003302 0.0001964 0.0002051 0.00032815 0.00021165 0.00016735 0.00023255 0.0002898 0.00021305 0.00020355 0.00020325 0.0003303 0.00028905 0.00018515 0.00017765 0.0001831 0.0002444 0.00021895 0.00020775 0.0003077 0.00017745 0.0003282 0.00021475 0.0002053 0.000165 0.0003335 0.0003669 0.00021135 0.0001839 0.0003077 0.0002441 0.00018545 0.00021295 0.00020815 0.00023195 0.0003078 0.0002169 0.0002039 0.00016395 0.00030885 0.0002972 0.00016545 0.0002217 0.00016835 0.00024715 0.0002983 0.00032805 0.00020505 0.0001909 0.00028605 0.0002467 0.0002038
7 0.00020555 0.00032405 0.0001842 0.00020535 0.0002742 0.00022675 0.0002104 0.0002732 0.0001841 0.0003674 0.0002709 0.00018425 0.00019995 0.0002255 0.0001865 0.00013875 0.0001798 0.00018915 0.00026935 0.0001864 0.0001928 0.00016685 0.00015825 0.00027215 0.0002741 0.00030085 0.0001764 0.00015675 0.00023725 0.00027925 0.0002043 0.00025435 0.000188 0.00023195 0.0002328 0.0001578 0.00027215 0.00023345 0.0002531 0.00015575 0.00026925 0.0001769 0.0001841 0.0002799 0.0001405 0.0001582 0.0003241 0.00021305 0.00027935 0.0001795 0.0001556 0.0002532 0.00021285 0.0002801 0.00018455 0.00032415 0.0001641 0.00018655 0.0001763 0.00027925 0.0002548 0.00015845 0.0002599 0.00018185 0.0001381 0.0001867 0.0002417 0.000272 0.0002597 0.0002541 0.0001852 0.00015515 0.00016415 0.000252 0.00029805 0.00021255 0.0001727 0.0002722 0.00020005 0.00022835 0.000164 0.0002357 0.00018395 0.0002723 0.0001614 0.00017695 0.00020225 0.0002523 0.0002808 0.00015605 0.0001928 0.0002297 0.0001666 0.00025845 0.00025375 0.0001558 0.0002275 0.00032275 0.00018975 0.0002066
8 0.00019295 0.00026645 0.00018185 0.00010015 0.0002296 0.0002295 0.0001933 0.0001841 0.0001026 0.00038265 0.0002179 0.0001816 0.0002878 0.0002084 0.0002482 0.0002832 6.47e-05 0.00027475 0.00032465 0.0002481 0.00027405 0.0002183 0.00012595 0.00021685 0.000219 0.0002656 5.15e-05 5.35e-05 0.00030055 0.00034715 0.0001008 0.0003181 0.00015665 0.0002289 0.0001911 0.0001257 0.0002173 0.0001793 0.0002451 0.00023285 0.00032455 5.15e-05 0.0001816 0.00034715 0.00012715 0.00012575 0.0002665 0.00021615 0.0003192 6.44e-05 0.00025985 0.0002913 0.0002302 0.0001501 0.0001817 0.00026655 0.00018345 0.00017415 5.16e-05 0.00031955 0.00031065 9.32e-05 0.00017245 0.0001447 0.00024965 0.0001666 0.00019125 0.0002173 0.00017225 0.00031785 0.0001836 0.0002333 0.0002374 0.00034795 0.00034585 0.00022995 0.00015975 0.00021705 0.0002879 0.00010065 0.00018335 0.00020315 0.0001813 0.000217 0.0001652 5.17e-05 0.0002075 0.0003192 0.0003094 0.0002524 0.000274 0.00010305 0.00030795 0.0003095 0.00031795 0.0002329 0.00012635 0.0002657 0.0002551 0.00023135
9 0.0003648 0.0002554 0.00037425 0.0003995 0.00020625 0.0004121 0.00041165 0.0003674 0.00038265 1.2e-06 0.0001675 0.00037435 0.00032925 0.00042555 0.0003877 0.0003637 0.00037255 0.00038635 0.0001711 0.0003876 0.00039545 0.00037045 0.0003493 0.00016655 0.0002091 0.0002336 0.0003322 0.00035165 0.00046165 0.00020825 0.00040035 0.00018215 0.0003936 0.00042315 0.00040225 0.00034885 0.00016675 0.0004638 0.00019515 0.00035295 0.00017095 0.0003327 0.00037415 0.0002086 0.0003676 0.00034925 0.0002555 0.00041525 0.0002358 0.00037255 0.00035205 0.00018315 0.0004413 0.0005098 0.00037465 0.00025555 0.0003933 0.00041595 0.0003321 0.00023595 0.000157 0.00034255 0.00049195 0.00034475 0.00037175 0.00044175 0.00035155 0.0001667 0.00049175 0.00018185 0.0004121 0.0003535 0.00033485 0.0001825 0.00015895 0.000441 0.0003377 0.0001666 0.00032935 0.0004211 0.0003932 0.00049045 0.00037405 0.0001667 0.0003878 0.00033275 0.0004037 0.0002371 0.00018775 0.0003269 0.00039545 0.00045925 0.00039185 0.000165 0.0001818 0.000353 0.00039715 0.000257 0.0004231 0.00043105
10 0.00026855 0.00025675 0.0002787 0.00023515 0.00020715 0.0003166 0.0003072 0.0002709 0.0002179 0.0001675 0.000334 0.0002788 0.0002929 0.0003209 0.00033675 0.0003192 0.0002082 0.0003507 0.00023225 0.00033665 0.0003602 0.0003032 0.00022175 0.00016795 0.0002094 0.00023505 0.0001679 0.00018685 0.00037575 0.00027805 0.00023455 0.0002351 0.0002894 0.0003269 0.00029745 0.0002214 0.00016785 0.0003371 0.00020395 0.00028595 0.00023215 0.0001683 0.0002786 0.00027885 0.00024055 0.0002217 0.0002568 0.0003204 0.00027825 0.00020805 0.00029905 0.00022095 0.0003458 0.0003453 0.0002791 0.00025685 0.00029735 0.00028845 0.0001679 0.00027805 0.00021785 0.00020275 0.00033715 0.00024025 0.0003057 0.00031835 0.00027515 0.00016765 0.00033695 0.00023485 0.00031665 0.00028575 0.0002903 0.0002518 0.00022815 0.0003455 0.00023165 0.000168 0.000293 0.00025665 0.00029725 0.0003671 0.0002785 0.0001681 0.0002749 0.00016835 0.00029915 0.00027885 0.00024945 0.0002818 0.0003602 0.0002949 0.00035875 0.0002267 0.00023435 0.000286 0.0002561 0.00025775 0.0003596 0.00033515
11 0.00022065 0.0003269 0.0001821 0.00022985 0.0002901 0.00023005 0.00023225 0.00018425 0.0001816 0.00037435 0.0002788 0.0003628 0.00022515 0.0002473 0.0001845 0.0001835 0.00019425 0.0001841 0.0002948 0.0001844 0.00018335 0.00018465 0.0001831 0.00027775 0.0002795 0.0003261 0.0001815 0.0001832 0.00027865 0.00027805 0.0002305 0.00027875 0.00019555 0.0002292 0.0002304 0.00018275 0.0002781 0.00023205 0.00027925 0.00019925 0.0002947 0.0001815 0.00018185 0.00027825 0.00018385 0.0001829 0.00032695 0.0002335 0.00027805 0.0001941 0.00019895 0.00027925 0.00022995 0.0002793 0.0001819 0.000327 0.0001831 0.0002309 0.0001815 0.0002784 0.0002808 0.0001822 0.0002801 0.00018405 0.00018405 0.00019425 0.00026385 0.0002782 0.0002799 0.0002785 0.0001832 0.0001997 0.00018605 0.0002793 0.00030475 0.00022965 0.0001991 0.00027795 0.00022525 0.0002303 0.00018305 0.00023075 0.0001814 0.0002778 0.00019465 0.0001817 0.00024645 0.00025025 0.0002795 0.000201 0.00018335 0.00023225 0.000184 0.0002796 0.0002786 0.0001993 0.00023115 0.0003262 0.00018415 0.0002315
12 0.0002087 0.0003489 0.00022505 0.00029065 0.00031405 0.0002492 0.000244 0.00019995 0.0002878 0.00032925 0.0002929 0.00022515 0.000236 0.00024365 0.0002033 0.0001661 0.00027785 0.00017835 0.0002239 0.0002032 0.0001883 0.000214 0.0002508 0.0002926 0.00031625 0.0003271 0.0002559 0.0002569 0.0002603 0.00026155 0.0002907 0.00025955 0.00024095 0.00025935 0.0002534 0.00025035 0.00029305 0.0003261 0.00028385 0.0001816 0.00022395 0.0002564 0.00022495 0.00026175 0.000251 0.00025075 0.0003488 0.00024205 0.00025525 0.00027785 0.0001541 0.00028715 0.00025955 0.0003684 0.00022545 0.00034885 0.00022565 0.0002849 0.0002558 0.00025575 0.0002243 0.0002152 0.000345 0.00020965 0.00018805 0.00024065 0.0003242 0.0002929 0.0003448 0.0002593 0.0002445 0.00018195 0.00014165 0.000236 0.00022375 0.00025925 0.00018755 0.00029265 0.0001186 0.00031225 0.00022555 0.0002752 0.00022485 0.00029275 0.0002445 0.00025645 0.0002218 0.0002607 0.00025585 0.00011885 0.0001883 0.000332 0.000157 0.00023345 0.0002594 0.00018165 0.00031825 0.00035005 0.00023265 0.0002497
13 0.00026915 0.0002881 0.0002472 0.0001854 0.0003135 0.0002239 0.00016625 0.0002255 0.0002084 0.00042555 0.0003209 0.0002473 0.00024365 0.0003005 0.0002285 0.000264 0.00020905 0.000228 0.0002881 0.0002284 0.0002381 0.0002289 0.00023805 0.00032145 0.0003038 0.00028955 0.00021705 0.00019955 0.00020285 0.00035115 0.00018485 0.00034225 0.0002006 0.00023295 0.00019365 0.0002376 0.00032165 0.00020415 0.00032015 0.0002045 0.0002881 0.00021755 0.0002471 0.0003516 0.00021935 0.000238 0.00028815 0.00017695 0.0003453 0.00020985 0.00020465 0.00034185 0.0002153 0.0001505 0.0002476 0.0002882 0.0002293 0.00020575 0.00021695 0.0003454 0.00030285 0.0001989 0.00016275 0.0001983 0.0002582 0.0002337 0.00020585 0.0003215 0.0001628 0.000342 0.0002284 0.00020475 0.00018005 0.0003475 0.0003808 0.000215 0.0001833 0.0003215 0.00024375 0.000184 0.0002292 0.00020775 0.000247 0.0003216 0.00023035 0.0002176 0.0001521 0.00032385 0.00031235 0.000165 0.0002381 0.00016525 0.0002621 0.00031215 0.00034185 0.00020455 0.0001895 0.0002897 0.0002614 0.0002059
14 0.00025415 0.00034665 0.0001848 0.00031445 0.00032025 0.000233 0.0002148 0.0001865 0.0002482 0.0003877 0.00033675 0.0001845 0.0002033 0.0002285 0.0001663 0.0001253 0.0002683 8.475e-05 0.0002697 8.32e-05 8.39e-05 0.0001336 0.0002342 0.00033645 0.00029985 0.0003656 0.00028505 0.0002678 0.00026865 0.00023555 0.0003146 0.0002578 0.00016875 0.00023135 0.00023135 0.00023375 0.0003368 0.0002208 0.00030965 0.000167 0.0002696 0.00028555 0.0001847 0.00023585 0.00021565 0.00023415 0.0003467 0.00020385 0.0002577 0.00026945 0.0001394 0.00028515 0.0002136 0.00030535 0.00018485 0.00034675 0.00016675 0.00026295 0.00028495 0.00025795 0.0002557 0.00025345 0.0003137 0.0001858 0.0001539 0.0001907 0.0002651 0.00033665 0.0003135 0.00025755 0.00014665 0.0001671 0.00010385 0.0002554 0.00032135 0.0002133 0.0002186 0.0003365 0.00020335 0.0002953 0.0001667 0.0002167 0.00018425 0.0003366 0.0001905 0.0002856 0.00024735 0.0002081 0.0002359 0.00013735 8.39e-05 0.00025785 0.0001033 0.0002547 0.00025755 0.00016705 0.00027635 0.00034655 0.0001098 0.00021525
15 0.00023295 0.00037175 0.00018345 0.0003057 0.00032265 0.00022695 0.0002501 0.00013875 0.0002832 0.0003637 0.0003192 0.0001835 0.0001661 0.000264 0.0001253 7.55e-05 0.00027885 0.00012775 0.0002561 0.0001252 0.00013175 0.00013275 0.00018445 0.00031945 0.00032405 0.00034985 0.00027505 0.00025755 0.0002162 0.0002275 0.0003053 0.0002009 0.00022705 0.00023175 0.0002717 0.000184 0.0003198 0.00025645 0.00027445 0.00012065 0.000256 0.00027555 0.00018335 0.0002278 0.0001666 0.0001844 0.0003718 0.0002301 0.00025505 0.00027885 9.295e-05 0.0002284 0.0002138 0.00037955 0.0001838 0.00037185 0.0001655 0.00021445 0.00027495 0.0002553 0.00024185 0.0002453 0.000338 0.00021985 7.22e-05 0.00021445 0.0002894 0.00031965 0.0003378 0.00020065 0.0001847 0.0001208 0.0001422 0.00020075 0.00027375 0.0002135 0.00021145 0.0003195 0.0001662 0.0003274 0.0001654 0.00026315 0.0001832 0.0003196 0.00016 0.0002756 0.00024205 0.0002001 0.0002678 0.0001339 0.00013175 0.000329 7.19e-05 0.0002453 0.0002008 0.0001207 0.0003022 0.00037225 0.00011865 0.00020895
16 0.00017125 0.00026695 0.00019415 9.13e-05 0.000208 0.0002319 0.0001967 0.0001798 6.47e-05 0.00037255 0.0002082 0.00019425 0.00027785 0.00020905 0.0002683 0.00027885 8.36e-05 0.0002995 0.0003147 0.0002682 0.00030835 0.00023045 0.0001163 0.0002073 0.00022205 0.00025635 4.2e-05 4.39e-05 0.0002917 0.00035925 9.195e-05 0.00030805 0.00015715 0.00024235 0.00020435 0.00011585 0.00020775 0.0001912 0.000235 0.00022295 0.0003146 4.25e-05 0.00019405 0.00035945 0.00011625 0.00011625 0.000267 0.000219 0.0003311 4.31e-05 0.00024995 0.00028125 0.0002432 0.0001612 0.00019455 0.00026705 0.00019565 0.00016495 4.185e-05 0.00033145 0.0003007 8.35e-05 0.00017325 0.0001478 0.0002453 0.0001669 0.0001918 0.0002076 0.00017305 0.0003078 0.00020355 0.0002234 0.00024075 0.00034355 0.00033575 0.0002429 0.0001502 0.00020735 0.00027795 0.0001017 0.00019555 0.00022565 0.00019395 0.00020745 0.00014355 4.255e-05 0.0001984 0.0003313 0.0003215 0.0002426 0.00030835 0.0001114 0.00032015 0.00030885 0.0003079 0.000223 0.00012755 0.0002695 0.0002784 0.0002333
17 0.0002571 0.000359 0.0001844 0.00034365 0.00033425 0.00023285 0.00021145 0.00018915 0.00027475 0.00038635 0.0003507 0.0001841 0.00017835 0.000228 8.475e-05 0.00012775 0.0002995 0.0001033 0.00025565 8.465e-05 5.23e-05 0.0001323 0.00026405 0.00035115 0.0003104 0.0003789 0.00031565 0.00029805 0.00026995 0.000219 0.0003432 0.00027195 0.00016765 0.0002296 0.0002295 0.0002636 0.00035135 0.0002464 0.00032345 0.00016825 0.0002556 0.00031615 0.0001843 0.0002195 0.00024615 0.000264 0.00035905 0.0002011 0.0002414 0.0002995 0.00014105 0.00029895 0.00021175 0.00033125 0.0001844 0.0003591 0.000166 0.0002914 0.00031555 0.0002415 0.00024205 0.00025655 0.0003411 0.00018385 0.00015615 0.00018975 0.00028905 0.0003512 0.0003409 0.0002717 0.000148 0.00016855 7.455e-05 0.00024235 0.0003088 0.00021145 0.00021985 0.0003512 0.00017845 0.00032355 0.0001658 0.00021395 0.0001838 0.0003513 0.00022 0.0003162 0.00024815 0.0001919 0.00021945 0.0001109 5.23e-05 0.00028785 7.515e-05 0.0002419 0.00027155 0.0001683 0.000304 0.00035605 0.00010675 0.00021475
18 0.00030615 0.00028825 0.0002947 0.0003275 0.0002534 0.0003186 0.0002885 0.00026935 0.00032465 0.0001711 0.00023225 0.0002948 0.0002239 0.0002881 0.0002697 0.0002561 0.0003147 0.00025565 0.0003415 0.0002696 0.00026595 0.0002661 0.0002949 0.00023195 0.0002556 0.00026645 0.00029275 0.00029375 0.00033345 0.0002337 0.00032755 0.0002195 0.0002858 0.000329 0.00029825 0.00029445 0.0002324 0.0003738 0.00024115 0.0002333 0.000171 0.00029325 0.0002946 0.0002339 0.0002951 0.00029485 0.0002881 0.00029005 0.0002552 0.0003147 0.0002195 0.00023375 0.0003292 0.00040525 0.0002951 0.00028815 0.0002953 0.000329 0.00029265 0.0002557 0.0001716 0.00026825 0.00038535 0.00025415 0.0002715 0.0003381 0.00030125 0.00023225 0.00038515 0.00021925 0.00031415 0.000234 0.0001943 0.0002079 0.0002237 0.0003289 0.000232 0.000232 0.000224 0.0003491 0.0002952 0.00037265 0.0002945 0.0002321 0.00030195 0.0002933 0.0002666 0.00023435 0.0002032 0.00017135 0.00026595 0.00036885 0.00026515 0.0001808 0.00021935 0.00023335 0.00033005 0.0002894 0.0003189 0.0003191
19 0.00025405 0.00034655 0.0001847 0.00031435 0.00032015 0.0002329 0.0002147 0.0001864 0.0002481 0.0003876 0.00033665 0.0001844 0.0002032 0.0002284 8.32e-05 0.0001252 0.0002682 8.465e-05 0.0002696 0.0001661 8.38e-05 0.0001335 0.0002341 0.00033635 0.00029975 0.0003655 0.00028495 0.0002677 0.00026855 0.00023545 0.0003145 0.0002577 0.00016865 0.00023125 0.00023125 0.00023365 0.0003367 0.0002207 0.00030955 0.0001669 0.0002695 0.00028545 0.0001846 0.00023575 0.00021555 0.00023405 0.0003466 0.00020375 0.0002576 0.00026935 0.0001393 0.00028505 0.0002135 0.00030525 0.00018475 0.00034665 0.00016665 0.00026285 0.00028485 0.00025785 0.0002556 0.00025335 0.0003136 0.0001857 0.0001538 0.0001906 0.000265 0.00033655 0.0003134 0.00025745 0.00014655 0.000167 0.00010375 0.0002553 0.00032125 0.0002132 0.0002185 0.0003364 0.00020325 0.0002952 0.0001666 0.0002166 0.00018415 0.0003365 0.0001904 0.0002855 0.00024725 0.000208 0.0002358 0.00013725 8.38e-05 0.00025775 0.0001032 0.0002546 0.00025745 0.00016695 0.00027625 0.00034645 0.0001097 0.00021515
20 0.00026595 0.0003679 0.00018385 0.0003526 0.00034315 0.00024185 0.0002217 0.0001928 0.00027405 0.00039545 0.0003602 0.00018335 0.0001883 0.0002381 8.39e-05 0.00013175 0.00030835 5.23e-05 0.00026595 8.38e-05 8.23e-05 0.00013165 0.00027345 0.0003602 0.0003188 0.0003879 0.00032465 0.00030705 0.0002786 0.00021835 0.0003526 0.00028135 0.00016645 0.0002289 0.0002285 0.000273 0.0003604 0.0002549 0.0003329 0.0001789 0.00026585 0.00032515 0.00018375 0.0002188 0.00025555 0.0002734 0.00036795 0.0002112 0.0002409 0.00030835 0.00015135 0.0003084 0.00021095 0.00033995 0.00018365 0.000368 0.00016525 0.00030075 0.00032455 0.000241 0.00025195 0.00026585 0.0003498 0.00019415 0.0001602 0.00018905 0.0002983 0.00036025 0.0003496 0.0002811 0.0001471 0.0001789 8.41e-05 0.00024605 0.00031785 0.00021065 0.00023055 0.00036025 0.0001884 0.0003324 0.00016515 0.00021325 0.00018305 0.00036035 0.0002292 0.0003252 0.00025805 0.0001912 0.00021845 0.00012195 4.15e-05 0.00029655 7.475e-05 0.00024125 0.00028095 0.00017895 0.0003133 0.0003644 0.00010585 0.00022375
21 0.000245 0.00033365 0.0001848 0.00026615 0.00029655 0.000233 0.00021395 0.00016685 0.0002183 0.00037045 0.0003032 0.00018465 0.000214 0.0002289 0.0001336 0.00013275 0.00023045 0.0001323 0.0002661 0.0001335 0.00013165 0.0002623 0.0001843 0.0003039 0.00028515 0.00033285 0.00023695 0.00021915 0.00025055 0.00025095 0.00026555 0.0002518 0.0001774 0.0002313 0.00023075 0.00018405 0.000304 0.00021565 0.0002756 0.0001468 0.000266 0.00023745 0.0001847 0.0002515 0.00016655 0.00018425 0.0003337 0.00020345 0.00027325 0.00023045 0.00014685 0.000251 0.0002135 0.00029635 0.00018495 0.00033375 0.00016635 0.00021305 0.00023685 0.00027325 0.0002519 0.00021835 0.0002854 0.00018515 0.00013345 0.0001998 0.00025085 0.00030385 0.0002852 0.00025155 0.00016695 0.0001463 0.00013245 0.0002516 0.0003184 0.0002132 0.0001987 0.00030395 0.0002141 0.00026675 0.00016625 0.00023625 0.00018435 0.00030405 0.00017805 0.0002375 0.00022805 0.0002238 0.000251 0.00014695 0.00013165 0.00024945 0.00013205 0.0002512 0.0002513 0.00014685 0.00024705 0.0003322 0.0001332 0.0002147
22 0.00019965 0.0002926 0.0001828 0.0001432 0.00024345 0.0002213 0.00022445 0.00015825 0.00012595 0.0003493 0.00022175 0.0001831 0.0002508 0.00023805 0.0002342 0.00018445 0.0001163 0.00026405 0.0002949 0.0002341 0.00027345 0.0001843 0.0001873 0.00022155 0.0002458 0.000271 9.37e-05 9.505e-05 0.00025055 0.0003106 0.0001434 0.00024915 0.00020645 0.00023155 0.0002326 9.375e-05 0.0002219 0.00019275 0.0002219 0.0001671 0.0002948 9.415e-05 0.0001829 0.0003109 9.48e-05 9.385e-05 0.00029265 0.0002257 0.00031035 0.000116 0.0001944 0.0002218 0.00023245 0.00023565 0.0001834 0.0002927 0.0001842 0.00014315 9.375e-05 0.0003106 0.0002807 0.00013465 0.00021565 0.00017515 0.00015725 0.00020495 0.00021635 0.00022155 0.00021545 0.0002489 0.00020305 0.00016705 0.00023435 0.0002848 0.00030525 0.00023215 0.0001672 0.0002214 0.0002509 0.00016475 0.0001841 0.0002537 0.0001828 0.0002217 0.00014345 9.405e-05 0.0002164 0.00028265 0.000312 0.00022595 0.00027345 0.0001851 0.00024125 0.0002895 0.0002489 0.00016715 0.00016485 0.00029395 0.00021145 0.0002224
23 0.0002677 0.00025585 0.0002778 0.00023425 0.0002071 0.00031555 0.00030765 0.00027215 0.00021685 0.00016655 0.00016795 0.00027775 0.0002926 0.00032145 0.00033645 0.00031945 0.0002073 0.00035115 0.00023195 0.00033635 0.0003602 0.0003039 0.00022155 0.000332 0.0002101 0.00023415 0.0001661 0.0001865 0.00037575 0.00027805 0.0002355 0.0002338 0.0002894 0.000327 0.00029755 0.0002212 0.00016675 0.0003371 0.00020455 0.0002861 0.0002318 0.0001662 0.00027755 0.00027795 0.0002404 0.00022135 0.00025595 0.00032085 0.0002774 0.00020715 0.00029915 0.00022165 0.0003458 0.0003453 0.00027805 0.000256 0.0002979 0.00028915 0.0001661 0.000278 0.00021795 0.0002014 0.00033715 0.00023965 0.0003071 0.00031835 0.0002759 0.00016675 0.00033695 0.0002335 0.00031635 0.000287 0.00029125 0.00025245 0.0002273 0.0003455 0.00023315 0.0001662 0.0002927 0.0002556 0.0002978 0.0003671 0.00027745 0.00016615 0.00027445 0.0001664 0.0002997 0.00027805 0.00024855 0.0002833 0.0003602 0.0002946 0.00035945 0.000226 0.0002339 0.00028615 0.00025705 0.0002579 0.0003596 0.0003357
24 0.0002816 0.0002578 0.0002796 0.00025645 0.0002202 0.00031765 0.00028755 0.0002741 0.000219 0.0002091 0.0002094 0.0002795 0.00031625 0.0003038 0.00029985 0.00032405 0.00022205 0.0003104 0.0002556 0.00029975 0.0003188 0.00028515 0.0002458 0.0002101 0.0004152 0.0002557 0.0002106 0.00020935 0.0003771 0.00027815 0.000256 0.0002586 0.000261 0.00032605 0.0002966 0.00024535 0.0002101 0.0002973 0.00022745 0.0002913 0.0002555 0.0002111 0.0002795 0.0002789 0.0002459 0.00024575 0.00025785 0.00030175 0.0002785 0.00022175 0.0003044 0.00024445 0.000325 0.0003059 0.0002798 0.0002579 0.00027775 0.000291 0.0002105 0.0002784 0.0002413 0.00022695 0.00031835 0.0002421 0.00031045 0.00029015 0.0002581 0.0002099 0.00031815 0.00025835 0.00027975 0.000291 0.0002723 0.00027475 0.00026975 0.0003247 0.0002558 0.00021015 0.00031635 0.00025835 0.0002776 0.0003269 0.0002792 0.00021025 0.00026995 0.00021115 0.00030165 0.00027925 0.0002495 0.0002871 0.0003188 0.000259 0.0003407 0.0002496 0.00025795 0.00029135 0.0002581 0.00025475 0.000319 0.0003159
25 0.0003159 0.00025675 0.000326 0.0002342 0.00025495 0.0003164 0.00028715 0.00030085 0.0002656 0.0002336 0.00023505 0.0003261 0.0003271 0.00028955 0.0003656 0.00034985 0.00025635 0.0003789 0.00026645 0.0003655 0.0003879 0.00033285 0.000271 0.00023415 0.0002557 0.0004666 0.0002347 0.0002347 0.0003089 0.0003253 0.0002348 0.000283 0.0003178 0.0003262 0.00029675 0.00027055 0.00023465 0.0003184 0.00025305 0.0003025 0.0002663 0.0002352 0.0003259 0.00032545 0.0002713 0.00027095 0.00025685 0.0003017 0.0003249 0.00025605 0.00031555 0.00027015 0.00032525 0.0002798 0.0003264 0.0002569 0.0003256 0.00026985 0.0002346 0.00032525 0.0002666 0.00025135 0.00027135 0.00028805 0.00033705 0.00034675 0.00025825 0.0002345 0.00027115 0.0002827 0.0003455 0.00030295 0.0003201 0.0003007 0.00029435 0.00032495 0.0002677 0.0002342 0.0003272 0.00025735 0.0003255 0.0003482 0.0003258 0.0002343 0.00030455 0.00023525 0.00026615 0.00032595 0.00029605 0.00029915 0.0003879 0.00027715 0.0003884 0.00027485 0.00028285 0.00030255 0.00025815 0.00025525 0.0003875 0.0003159
26 0.00017055 0.0002563 0.00018135 6.9e-05 0.00020745 0.00021935 0.00020335 0.0001764 5.15e-05 0.0003322 0.0001679 0.0001815 0.0002559 0.00021705 0.00028505 0.00027505 4.2e-05 0.00031565 0.00029275 0.00028495 0.00032465 0.00023695 9.37e-05 0.0001661 0.0002106 0.0002347 4e-07 2.125e-05 0.00028955 0.00034735 7.035e-05 0.00028565 0.0001849 0.00023065 0.00019265 9.335e-05 0.0001668 0.0002101 0.00021335 0.0002192 0.00029265 7e-07 0.0001813 0.0003473 0.00011305 9.37e-05 0.00025635 0.00022615 0.00031895 4.175e-05 0.0002462 0.00025955 0.00025 0.0001805 0.0001818 0.0002564 0.0002021 0.00016195 2.5e-07 0.00031955 0.00027875 6.045e-05 0.00018205 0.0001349 0.00024195 0.00019465 0.0001998 0.0001666 0.00018185 0.0002854 0.00022045 0.0002201 0.00024725 0.0003218 0.0002954 0.0002497 0.0001283 0.0001661 0.000256 9.045e-05 0.000202 0.00024345 0.0001812 0.00016625 0.00016105 7e-07 0.0001954 0.00031885 0.00030935 0.0002393 0.00032465 0.0001298 0.00032665 0.00028675 0.00028575 0.00021925 0.0001167 0.0002584 0.0002958 0.00023995
27 0.0001716 0.0002576 0.0001829 6.95e-05 0.00020805 0.0002205 0.00018465 0.00015675 5.35e-05 0.00035165 0.00018685 0.0001832 0.0002569 0.00019955 0.0002678 0.00025755 4.39e-05 0.00029805 0.00029375 0.0002677 0.00030705 0.00021915 9.505e-05 0.0001865 0.00020935 0.0002347 2.125e-05 4.24e-05 0.0002714 0.0003481 6.985e-05 0.00028735 0.00016725 0.00023155 0.00019355 9.49e-05 0.00018685 0.0001929 0.00021395 0.00020205 0.00029365 2.17e-05 0.000183 0.0003484 9.61e-05 9.52e-05 0.00025765 0.00020855 0.00032005 4.33e-05 0.0002291 0.0002601 0.0002313 0.0001633 0.0001835 0.0002577 0.0001829 0.00014305 2.13e-05 0.0003203 0.00027945 6.29e-05 0.00016465 0.0001366 0.00022365 0.000177 0.0001822 0.0001865 0.00016445 0.0002871 0.0002032 0.0002022 0.00022925 0.00032205 0.00031485 0.000231 0.0001288 0.00018635 0.000257 9.235e-05 0.00018285 0.00022605 0.0001829 0.00018665 0.000144 2.16e-05 0.0001766 0.00032025 0.00031045 0.0002212 0.00030705 0.00011275 0.00030885 0.000288 0.0002871 0.0002021 0.0001176 0.0002576 0.0002784 0.00022025
28 0.0003041 0.00033135 0.0002787 0.00022295 0.0003768 0.00022305 0.0002144 0.00023725 0.00030055 0.00046165 0.00037575 0.00027865 0.0002603 0.00020285 0.00026865 0.0002162 0.0002917 0.00026995 0.00033345 0.00026855 0.0002786 0.00025055 0.00025055 0.00037575 0.0003771 0.0003089 0.00028955 0.0002714 0.0002239 0.0003643 0.00022295 0.00033635 0.00029125 0.0002301 0.0002411 0.0002501 0.00037595 0.0002259 0.0003577 0.00020795 0.00033335 0.00029005 0.0002786 0.00036475 0.0002326 0.0002505 0.0003314 0.00019235 0.0003727 0.00029135 0.00020765 0.00033615 0.0002117 0.00020065 0.00027895 0.00033145 0.00026 0.0001833 0.00028945 0.0003728 0.00034775 0.00027175 0.0001565 0.0002814 0.0002174 0.0002883 0.00024975 0.0003758 0.0001563 0.0003361 0.0002791 0.00020795 0.0002529 0.0003417 0.00038855 0.0002114 0.0002474 0.0003758 0.0002604 0.0002452 0.0002599 0.0002423 0.00027835 0.0003759 0.00025165 0.0002901 0.00018035 0.000337 0.0003758 0.00021905 0.0002786 0.00024605 0.00023915 0.00035595 0.00033595 0.000208 0.0002398 0.0003287 0.0002589 0.0002044
29 0.0003175 0.0003262 0.0002783 0.00039485 0.000289 0.00032635 0.000336 0.00027925 0.00034715 0.00020825 0.00027805 0.00027805 0.00026155 0.00035115 0.00023555 0.0002275 0.00035925 0.000219 0.0002337 0.00023545 0.00021835 0.00025095 0.0003106 0.00027805 0.00027815 0.0003253 0.00034735 0.0003481 0.0003643 0.0004157 0.0003951 0.00022685 0.0002995 0.0003251 0.00033485 0.00031015 0.00027805 0.0003585 0.0002696 0.00026585 0.0002336 0.00034785 0.0002782 0.00020865 0.0003108 0.00031055 0.00032625 0.00032765 0.0002362 0.00035925 0.0002516 0.00024045 0.0003252 0.00044355 0.00027835 0.0003263 0.0002783 0.00035745 0.00034725 0.0002361 0.0002196 0.0003231 0.00043465 0.0002889 0.00024845 0.0003174 0.00033925 0.00027785 0.00043445 0.0002266 0.00027875 0.00026595 0.0002294 0.0002091 0.0002361 0.0003249 0.0003034 0.0002781 0.00026165 0.00039555 0.00027815 0.00035385 0.00027775 0.0002782 0.00030775 0.0003479 0.0003502 0.000209 0.00021845 0.00024435 0.00021835 0.00039665 0.00021615 0.0002183 0.0002262 0.0002659 0.000371 0.00032495 0.0002474 0.0003266
30 0.0002196 0.00025805 0.0002304 6.98e-05 0.0002558 0.00022085 0.00018265 0.0002043 0.0001008 0.00040035 0.00023455 0.0002305 0.0002907 0.00018485 0.0003146 0.0003053 9.195e-05 0.0003432 0.00032755 0.0003145 0.0003526 0.00026555 0.0001434 0.0002355 0.000256 0.0002348 7.035e-05 6.985e-05 0.00022295 0.0003951 0.0001379 0.0003359 0.00021355 0.0002299 0.0001919 0.00014305 0.0002356 0.00019165 0.0002618 0.00023545 0.00032745 7.075e-05 0.0002303 0.00039565 0.0001442 0.00014335 0.0002581 0.0002068 0.0003673 9.15e-05 0.0002625 0.00030795 0.0002297 0.00011525 0.0002308 0.00025815 0.0002296 0.0001423 7.035e-05 0.0003673 0.0003274 0.0001115 0.0001165 0.0001835 0.00027095 0.0002233 0.0001818 0.00023545 0.0001163 0.00033565 0.00025 0.00023515 0.0002755 0.00036995 0.00036355 0.0002294 0.0001616 0.00023555 0.0002908 9.285e-05 0.0002295 0.0002248 0.0002302 0.00023565 0.0001916 7.08e-05 0.00016155 0.0003677 0.0003577 0.000254 0.0003526 0.00011275 0.00035525 0.00033655 0.0003354 0.0002355 0.00011705 0.000256 0.00032395 0.00021995
31 0.00029595 0.0003047 0.00027865 0.0003351 0.00025595 0.00031695 0.00032845 0.00025435 0.0003181 0.00018215 0.0002351 0.00027875 0.00025955 0.00034225 0.0002578 0.0002009 0.00030805 0.00027195 0.0002195 0.0002577 0.00028135 0.0002518 0.00024915 0.0002338 0.0002586 0.000283 0.00028565 0.00028735 0.00033635 0.00022685 0.0003359 0.0003631 0.0003106 0.0003276 0.00033725 0.0002487 0.0002345 0.0003427 0.0002263 0.00023365 0.0002194 0.00028615 0.00027855 0.0002268 0.00024935 0.0002491 0.00030475 0.0003201 0.000254 0.00030805 0.0002192 0.0001972 0.00032785 0.00042735 0.00027905 0.0003048 0.00027995 0.00029795 0.00028555 0.0002546 0.00020535 0.0002905 0.00039765 0.0002794 0.00022285 0.00032825 0.0003058 0.00023435 0.00039745 0.0001816 0.0002984 0.00023455 0.0002511 0.0002014 0.00022225 0.00032755 0.0002723 0.00023385 0.00025965 0.0003566 0.00027985 0.00037695 0.00027845 0.00023395 0.0002558 0.0002862 0.0003205 0.00022715 0.0002365 0.00024285 0.00028135 0.00037665 0.00024675 0.0002139 0.0001821 0.0002337 0.0003326 0.0003064 0.0002709 0.00031815
32 0.0002155 0.0003087 0.0001957 0.00021355 0.00026035 0.00024335 0.0001858 0.000188 0.00015665 0.0003936 0.0002894 0.00019555 0.00024095 0.0002006 0.00016875 0.00022705 0.00015715 0.00016765 0.0002858 0.00016865 0.00016645 0.0001774 0.00020645 0.0002894 0.000261 0.0003178 0.0001849 0.00016725 0.00029125 0.0002995 0.00021355 0.0003106 0.0002538 0.00024185 0.00020225 0.000206 0.0002896 0.0002156 0.00028865 0.00020255 0.0002857 0.0001854 0.0001956 0.00029995 0.0001884 0.0002064 0.00030875 0.0001963 0.0002939 0.00015615 0.0002023 0.00031035 0.00022385 0.0002234 0.00019585 0.0003088 0.0001774 0.00023445 0.0001848 0.000294 0.0002718 0.00016705 0.00024335 0.00015755 0.0002214 0.00016065 0.000227 0.00028945 0.00024315 0.00031035 0.00016865 0.00020255 0.00013875 0.00031025 0.0003488 0.00022355 0.00018145 0.00028945 0.00024105 0.00020425 0.0001773 0.0002089 0.00019525 0.00028955 0.00017705 0.00018545 0.00020965 0.0002722 0.0002604 0.0001635 0.00016645 0.00017775 0.00021085 0.00027045 0.0003102 0.0002026 0.00021015 0.00030735 0.00020085 0.0002252
33 0.0002687 0.0003274 0.00022945 0.00023 0.0003379 0.00023055 0.00023055 0.00023195 0.0002289 0.00042315 0.0003269 0.0002292 0.00025935 0.00023295 0.00023135 0.00023175 0.00024235 0.0002296 0.000329 0.00023125 0.0002289 0.0002313 0.00023155 0.000327 0.00032605 0.0003262 0.00023065 0.00023155 0.0002301 0.0003251 0.0002299 0.0003276 0.00024185 0.0004539 0.00022865 0.0002312 0.0003272 0.0002308 0.0003274 0.00023325 0.0003289 0.00023105 0.00022935 0.00032505 0.00023225 0.0002315 0.00032745 0.0002321 0.00032535 0.0002422 0.00023295 0.0003274 0.00022815 0.00023125 0.000229 0.0003275 0.0002297 0.00023035 0.00023065 0.00032545 0.00032915 0.0002311 0.00023195 0.0002315 0.00023185 0.00024055 0.0002637 0.00032705 0.00023175 0.00032735 0.00023005 0.00023325 0.0002326 0.0003275 0.00035355 0.000228 0.0002326 0.00032705 0.00025945 0.000231 0.0002296 0.0002295 0.0002289 0.00032715 0.0002425 0.0002311 0.0002317 0.00029745 0.0003268 0.0002345 0.00022875 0.00023225 0.0002303 0.00032825 0.0003272 0.0002333 0.00023095 0.00032455 0.0002297 0.00023105
34 0.00026405 0.00029795 0.00023055 0.000192 0.00030845 0.0002314 0.00019125 0.0002328 0.0001911 0.00040225 0.00029745 0.0002304 0.0002534 0.00019365 0.00023135 0.0002717 0.00020435 0.0002295 0.00029825 0.00023125 0.0002285 0.00023075 0.0002326 0.00029755 0.0002966 0.00029675 0.00019265 0.00019355 0.0002411 0.00033485 0.0001919 0.00033725 0.00020225 0.00022865 0.0003779 0.00023225 0.00029775 0.00023185 0.0003153 0.000233 0.00029815 0.00019305 0.00023045 0.0003353 0.0002333 0.00023255 0.000298 0.0002026 0.00032925 0.0002042 0.00023275 0.000337 0.0002295 0.00019325 0.0002307 0.00029805 0.0002309 0.0002314 0.00019265 0.00032935 0.0002984 0.00019315 0.00020375 0.0001922 0.00026605 0.0002359 0.00023425 0.0002976 0.00020355 0.000337 0.00023125 0.000233 0.00019205 0.0003369 0.00035745 0.0002292 0.0001933 0.0002976 0.0002535 0.000193 0.0002308 0.00022485 0.0002301 0.0002977 0.0002436 0.0001931 0.0001924 0.00030735 0.00029575 0.0001939 0.00022845 0.00019425 0.0002642 0.0002972 0.00033685 0.00023305 0.00019865 0.0002951 0.0002632 0.0002319
35 0.0001992 0.00029215 0.00018265 0.000143 0.000243 0.00022095 0.000224 0.0001578 0.0001257 0.00034885 0.0002214 0.00018275 0.00025035 0.0002376 0.00023375 0.000184 0.00011585 0.0002636 0.00029445 0.00023365 0.000273 0.00018405 9.375e-05 0.0002212 0.00024535 0.00027055 9.335e-05 9.49e-05 0.0002501 0.00031015 0.00014305 0.0002487 0.000206 0.0002312 0.00023225 0.0001864 0.00022155 0.0001923 0.00022145 0.00016665 0.00029435 9.39e-05 0.00018255 0.00031045 9.44e-05 9.37e-05 0.0002922 0.00022525 0.0003099 0.0001158 0.00019395 0.00022135 0.000232 0.0002352 0.00018305 0.00029225 0.00018375 0.0001427 9.325e-05 0.00031015 0.00028025 0.0001342 0.0002152 0.0001748 0.0001568 0.0002045 0.0002159 0.0002214 0.000215 0.00024845 0.0002026 0.0001667 0.0002339 0.00028435 0.0003048 0.0002317 0.00016685 0.00022125 0.00025045 0.0001644 0.00018365 0.00025325 0.00018245 0.00022135 0.000143 9.395e-05 0.00021595 0.00028235 0.00031155 0.0002255 0.000273 0.00018465 0.0002408 0.00028905 0.00024845 0.0001667 0.00016455 0.0002935 0.000211 0.00022195
