 slim_337514168 slim_337514151 slim_337513906 slim_337513737 slim_337514162 slim_337514117 slim_337514145 slim_337514176 slim_337514158 slim_337514101 slim_337514156 slim_337514115 slim_337514105 slim_337514040 slim_337514092 slim_337513975 slim_337514144 slim_337514113 slim_337514155 slim_337514061 slim_337513864 slim_337514043 slim_337513766 slim_337514170 slim_337513875 slim_337514169 slim_337513731 slim_337514015 slim_337513755 slim_337514173 slim_337514085 slim_337513569 slim_337514119 slim_337514134 slim_337514171 slim_337514050 slim_337513840 slim_337514164 slim_337514185 slim_337514138 slim_337514103 slim_337514154 slim_337514078 slim_337514097 slim_337513666 slim_337514141 slim_337514071 slim_337513761 slim_337514079 slim_337514136 slim_337514086 slim_337514124 slim_337513977 slim_337514142 slim_337514152 slim_337514123 slim_337514146 slim_337513961 slim_337514150 slim_337514167 slim_337513988 slim_337514175 slim_337514107 slim_337514095 slim_337514031 slim_337514148 slim_337514006 slim_337513915 slim_337514178 slim_337514180 slim_337514135 slim_337514091 slim_337514159 slim_337513720 slim_337514046 slim_337514160 slim_337514056 slim_337514166 slim_337514110 slim_337514094 slim_337514044 slim_337514183 slim_337514184 slim_337514111 slim_337514125 slim_337514165 slim_337514172 slim_337514054 slim_337514179 slim_337514088 slim_337514059 slim_337514089 slim_337514098 slim_337514182 slim_337514177 slim_337514133
0 0.0001484 8.98e-05 0.00021655 7.475e-05 0.0001177 0.00011655 9.735e-05 0.0001164 7.485e-05 0.00013245 0.00013355 0.0001476 7.46e-05 9.64e-05 7.5e-05 0.00015335 7.475e-05 7.53e-05 0.00012105 9.595e-05 7.485e-05 9.57e-05 0.00013275 9.545e-05 9.59e-05 0.00012325 0.0001626 7.505e-05 0.00020185 9.545e-05 9.66e-05 0.0002019 0.00020175 0.00019755 7.515e-05 0.0002252 9.625e-05 9.735e-05 0.00020515 9.655e-05 7.435e-05 7.51e-05 0.0003362 0.00010375 7.445e-05 7.55e-05 0.00023095 7.47e-05 9.595e-05 8.96e-05 0.00011675 0.00013235 0.00012315 7.54e-05 0.0002596 9.605e-05 9.545e-05 0.00015595 0.00022325 0.0001102 0.0001119 0.00014245 0.00013245 0.00020165 7.485e-05 0.0001167 7.435e-05 9.62e-05 9.61e-05 0.00011035 0.0001042 9.61e-05 0.00020495 0.0001109 0.00011775 8.935e-05 0.0002168 7.47e-05 0.000199 8.95e-05 0.0002323 0.0002227 9.51e-05 7.45e-05 0.0002256 0.00018945 0.00022255 7.48e-05 0.0001239 0.00012115 0.0002255 7.57e-05 9.655e-05 7.61e-05 7.645e-05 7.46e-05
1 8.98e-05 5.73e-05 0.00022145 8.95e-05 0.0001024 0.0001108 0.00012235 0.00015285 8.945e-05 0.00010725 0.00016355 0.00010705 2.955e-05 7.02e-05 2.96e-05 0.0001689 9.46e-05 9.01e-05 0.0001309 6.59e-05 3.405e-05 4.065e-05 0.00010685 9.125e-05 6.57e-05 0.00010525 0.0001308 8.53e-05 0.000171 9.015e-05 6.57e-05 0.0001711 0.00022675 0.0002172 4.31e-05 0.00026115 9.16e-05 0.00012235 0.00019995 6.58e-05 2.955e-05 8.535e-05 0.0003414 9.315e-05 9.455e-05 8.495e-05 0.00022995 3.43e-05 6.565e-05 2.93e-05 0.0001273 0.0001675 0.0001189 0.0001459 0.0002441 0.0001262 3.57e-05 8.055e-05 0.00020275 3.95e-05 0.000122 0.0001373 0.00010735 0.0001664 2.92e-05 0.00012695 8.975e-05 9.155e-05 0.00012625 3.51e-05 9.295e-05 6.55e-05 0.00019975 6.535e-05 0.00011815 2.91e-05 0.0001662 3.435e-05 0.0001588 8.945e-05 0.00023295 0.0001724 9.06e-05 2.96e-05 0.00020655 0.0001285 0.00017205 2.93e-05 0.00011965 9.375e-05 0.00020605 8.53e-05 9.185e-05 8.555e-05 0.0001418 2.975e-05
2 0.00021655 0.00022145 0.0002885 0.00021645 0.00016015 0.00017005 0.00018095 0.0001483 0.0002165 0.00021105 0.0001871 0.0001837 0.00024915 0.00019635 0.0002493 0.0001603 0.00020885 0.00021695 0.0002247 0.00020495 0.000241 0.00021505 0.00021095 0.00019845 0.0002045 0.0001904 0.0001759 0.00022465 0.0001893 0.00019675 0.00020505 0.00018935 0.00016465 0.00017285 0.00024755 0.00014805 0.0001917 0.00018095 0.00020045 0.00020465 0.00024915 0.0002247 0.0001529 0.000224 0.00020875 0.0002246 0.00017195 0.0002414 0.00020445 0.0002218 0.00015395 0.00017845 0.00019795 0.0001922 0.00015915 0.0001724 0.00022255 0.00019455 0.00015295 0.0001999 0.0001535 0.0001977 0.00021115 0.00019715 0.0002491 0.0001527 0.0002165 0.00019165 0.00017245 0.00019485 0.000224 0.000205 0.00020025 0.00017725 0.00019795 0.00022155 0.00016975 0.00024145 0.00018415 0.000189 0.00019285 0.0001704 0.0001969 0.0002492 0.00017405 0.0001941 0.00017 0.0002491 0.0001985 0.0002398 0.00017375 0.00022485 0.00019825 0.000225 0.0002007 0.00024935
3 7.475e-05 8.95e-05 0.00021645 0.0001484 0.0001177 0.00011655 9.735e-05 0.0001164 7.455e-05 0.0001327 0.00013355 0.0001476 7.51e-05 9.63e-05 7.48e-05 0.00015335 7.475e-05 7.54e-05 0.00012105 9.635e-05 7.515e-05 9.575e-05 0.00013245 9.58e-05 9.625e-05 0.0001233 0.0001626 7.54e-05 0.00020185 9.505e-05 9.63e-05 0.0002019 0.00020175 0.00019755 7.52e-05 0.0002251 9.625e-05 9.735e-05 0.00020485 9.625e-05 7.51e-05 7.545e-05 0.0003362 0.0001041 7.465e-05 7.52e-05 0.00023095 7.505e-05 9.62e-05 8.985e-05 0.00011675 0.00013235 0.00012315 7.54e-05 0.0002596 9.605e-05 9.595e-05 0.00015595 0.00022325 0.0001101 0.0001119 0.00014245 0.0001328 0.000202 7.49e-05 0.0001166 7.47e-05 9.62e-05 9.61e-05 0.00011035 0.00010365 9.58e-05 0.00020465 0.0001109 0.00011775 8.975e-05 0.0002168 7.51e-05 0.000199 8.95e-05 0.00023235 0.0002227 9.535e-05 7.515e-05 0.00022565 0.00018945 0.00022245 7.485e-05 0.0001239 0.00012095 0.0002255 7.54e-05 9.665e-05 7.58e-05 7.645e-05 7.53e-05
4 0.0001177 0.0001024 0.00016015 0.0001177 6.3e-06 4.695e-05 6.29e-05 5.755e-05 0.0001178 0.00010835 0.00010465 8.15e-05 0.00012945 5.82e-05 0.0001297 7.225e-05 0.0001101 0.0001176 0.00017055 6.675e-05 0.00012135 8.93e-05 0.0001084 9.345e-05 6.635e-05 9.225e-05 6.53e-05 0.0001252 0.0001834 9.29e-05 6.7e-05 0.00018335 0.0001794 0.0001932 0.000116 0.00016455 8.605e-05 6.295e-05 0.0002014 6.635e-05 0.00012945 0.00012525 0.00026725 0.0001202 0.0001099 0.0001253 0.00018175 0.0001218 6.625e-05 0.0001025 3.05e-05 9.67e-05 0.0001186 0.0001135 0.00016995 5.505e-05 9.665e-05 0.0001149 0.0001284 7.51e-05 3.58e-05 0.00013775 0.00010835 0.00019105 0.00012955 3.02e-05 0.00011765 8.6e-05 5.51e-05 6.935e-05 0.0001203 6.74e-05 0.0002012 3.96e-05 0.000118 0.00010235 0.00016405 0.00012185 0.000121 9.07e-05 0.0002195 0.0001581 9.29e-05 0.0001295 0.0001687 0.00012205 0.00015835 0.0001295 0.00011905 0.0001537 0.00016885 0.0001255 9.25e-05 0.0001256 0.0001214 0.00012965
5 0.00011655 0.0001108 0.00017005 0.00011655 4.695e-05 8.82e-05 7.88e-05 4.655e-05 0.00011665 0.0001336 0.0001204 0.000107 0.0001376 8.48e-05 0.00013795 8.7e-05 0.00010895 0.00011635 0.0001694 9.18e-05 0.00012985 9.775e-05 0.00013365 9.105e-05 9.255e-05 0.00011045 9.255e-05 0.00012385 0.00020255 9.24e-05 9.205e-05 0.0002025 0.00018925 0.0002026 0.00012435 0.00015615 8.465e-05 7.88e-05 0.00020165 9.2e-05 0.0001376 0.0001239 0.0002784 0.0001451 0.0001089 0.00012395 0.00021765 0.00012995 9.25e-05 0.0001109 4.495e-05 0.00011245 0.000118 0.0001032 0.0002062 7.08e-05 0.00010475 0.00012435 0.0001644 8.345e-05 5.175e-05 0.000138 0.0001337 0.0002102 0.0001377 4.66e-05 0.0001165 8.46e-05 7.085e-05 7.77e-05 0.0001452 9.22e-05 0.00020145 6.485e-05 0.0001177 0.00011075 0.00018355 0.00013 0.0001473 8.98e-05 0.0002208 0.0001772 9.24e-05 0.00013765 0.00016925 0.000132 0.0001785 0.00013765 0.0001188 0.0001622 0.0001688 0.00012415 9.145e-05 0.0001246 0.0001109 0.0001378
6 9.735e-05 0.00012235 0.00018095 9.735e-05 6.29e-05 7.88e-05 0.000122 6.32e-05 9.745e-05 0.00013395 0.00010455 0.0001342 0.0001223 9.735e-05 0.00012255 0.00010435 0.0001021 9.67e-05 0.00013785 9.17e-05 0.00012675 0.0001268 0.000134 9.275e-05 9.29e-05 0.0001231 0.000125 9.235e-05 0.0002151 9.29e-05 9.195e-05 0.00021505 0.00018555 0.00018035 0.0001089 0.00017215 9.215e-05 6.12e-05 0.00020185 9.23e-05 0.0001223 9.24e-05 0.0002941 0.00012565 0.0001019 9.245e-05 0.0002137 0.000127 9.285e-05 0.0001224 6.19e-05 0.000109 0.00011855 6.665e-05 0.00022205 6.665e-05 0.00012195 0.0001678 0.00017985 0.00012715 6.2e-05 0.00013735 0.00013405 0.0002104 0.0001224 6.23e-05 9.73e-05 9.21e-05 6.67e-05 0.0001217 0.00012575 9.235e-05 0.00020165 9.165e-05 0.0001246 0.0001223 0.00021055 0.00012705 0.00017955 9.745e-05 0.0002327 0.0002099 9.29e-05 0.00012235 0.00020145 0.00018085 0.00021065 0.00012235 0.0001182 0.00015925 0.00020165 9.265e-05 9.13e-05 9.195e-05 6.205e-05 0.0001225
7 0.0001164 0.00015285 0.0001483 0.0001164 5.755e-05 4.655e-05 6.32e-05 6.3e-06 0.0001165 0.00015915 0.00010385 0.00013385 0.00017835 0.00011115 0.0001788 7.165e-05 0.00010985 0.00011605 0.00016795 0.0001182 0.00017185 0.0001409 0.0001592 9.09e-05 0.00011765 0.0001305 0.0001185 0.0001225 0.0002222 9.235e-05 0.00011845 0.00022215 0.00016695 0.00017965 0.00016525 0.000115 8.535e-05 6.32e-05 0.0002013 0.00011825 0.00017835 0.00012255 0.0002559 0.0001706 0.0001098 0.0001226 0.000221 0.00017175 0.0001176 0.0001529 3.05e-05 9.7e-05 0.000118 6.105e-05 0.0002096 5.63e-05 0.00014755 0.0001671 0.00016865 0.00012675 3.735e-05 0.00013775 0.00015925 0.0002288 0.00017845 3.22e-05 0.00011635 8.53e-05 5.635e-05 0.00012175 0.0001707 0.00011805 0.0002011 9.255e-05 0.0001188 0.0001528 0.0002034 0.0001718 0.00017355 9.095e-05 0.00022115 0.00019785 9.235e-05 0.0001784 0.00017025 0.00017495 0.000198 0.0001784 0.0001189 0.00020395 0.00017015 0.0001228 9.225e-05 0.00012335 6.755e-05 0.00017855
8 7.485e-05 8.945e-05 0.0002165 7.455e-05 0.0001178 0.00011665 9.745e-05 0.0001165 0.0001486 0.0001328 0.00013365 0.0001477 7.52e-05 9.635e-05 7.515e-05 0.00015345 7.485e-05 7.55e-05 0.0001211 9.645e-05 7.52e-05 9.585e-05 0.0001324 9.59e-05 9.635e-05 0.0001234 0.0001627 7.55e-05 0.00020195 9.495e-05 9.605e-05 0.000202 0.00020185 0.00019765 7.525e-05 0.00022515 9.635e-05 9.745e-05 0.0002046 9.62e-05 7.52e-05 7.555e-05 0.0003363 0.0001042 7.475e-05 7.515e-05 0.00023105 7.515e-05 9.63e-05 8.995e-05 0.00011685 0.00013245 0.00012325 7.55e-05 0.0002597 9.615e-05 9.605e-05 0.00015605 0.00022335 0.00011005 0.000112 0.00014255 0.0001329 0.0002021 7.485e-05 0.00011665 7.48e-05 9.63e-05 9.62e-05 0.00011045 0.000104 9.575e-05 0.0002046 0.000111 0.00011785 8.985e-05 0.0002169 7.52e-05 0.0001991 8.96e-05 0.00023245 0.0002228 9.54e-05 7.525e-05 0.00022575 0.00018955 0.0002225 7.495e-05 0.000124 0.000121 0.0002256 7.55e-05 9.675e-05 7.575e-05 7.655e-05 7.54e-05
9 0.00013245 0.00010725 0.00021105 0.0001327 0.00010835 0.0001336 0.00013395 0.00015915 0.0001328 0.0002115 0.00013285 0.00010735 0.00010585 0.000108 0.0001066 0.0001327 0.00013315 0.00013275 0.0001514 0.0001073 0.0001067 0.0001073 0.00010625 0.00013275 0.00010745 0.0001148 0.0001275 0.00013215 0.00018515 0.00013305 0.0001078 0.0001851 0.0002109 0.0002114 0.00010665 0.0002331 0.00013325 0.00013395 0.000207 0.0001073 0.00010615 0.0001322 0.00028925 0.0001352 0.0001326 0.0001325 0.0002135 0.0001068 0.0001073 0.00010695 0.0001336 0.0001325 0.000133 0.00015875 0.0001843 0.00013365 0.00010705 0.0001269 0.00018565 0.00010705 0.0001341 0.0001529 0.00010625 0.0001845 0.0001065 0.00013395 0.0001324 0.0001332 0.0001337 0.00010765 0.00013555 0.00010715 0.0002068 0.000108 0.00016075 0.00010695 0.00018545 0.00010685 0.000126 0.00013335 0.0002072 0.0001853 0.0001328 0.000106 0.00020705 0.0001273 0.00018545 0.00010645 0.0001337 0.00012655 0.00020755 0.0001327 0.0001334 0.00013305 0.00015885 0.00010635
10 0.00013355 0.00016355 0.0001871 0.00013355 0.00010465 0.0001204 0.00010455 0.00010385 0.00013365 0.00013285 0.0002038 0.000133 0.0001631 0.0001344 0.0001633 0.00010325 0.00013385 0.0001333 0.00015155 0.000134 0.0001634 0.00016335 0.0001329 0.00013355 0.0001341 0.0001333 0.00014015 0.00013255 0.0002165 0.00013405 0.00013425 0.00021645 0.0001868 0.00018705 0.00014985 0.0001784 0.00013305 0.00010455 0.00020775 0.00013365 0.0001631 0.0001326 0.00026505 0.0001614 0.00013365 0.00013265 0.0002145 0.00016335 0.00013405 0.0001636 0.00010415 0.0001033 0.0001324 0.00010375 0.000186 0.0001045 0.00016355 0.00018295 0.00018715 0.0001635 0.0001041 0.00015325 0.00013295 0.00021625 0.0001632 0.00010495 0.0001335 0.000133 0.00010455 0.0001637 0.0001615 0.0001336 0.00020755 0.0001343 0.00016135 0.0001635 0.0002168 0.0001634 0.0001524 0.00013405 0.00020725 0.00021655 0.00013405 0.00016315 0.00020755 0.00016925 0.00021695 0.00016315 0.00013355 0.0001691 0.00020815 0.0001325 0.0001338 0.00013365 0.0001028 0.0001633
11 0.0001476 0.00010705 0.0001837 0.0001476 8.15e-05 0.000107 0.0001342 0.00013385 0.0001477 0.00010735 0.000133 0.0001588 0.0001346 9.57e-05 0.0001347 0.0001065 0.00013505 0.00014765 0.0001793 0.00010815 0.00012215 9.505e-05 0.0001074 0.0001338 0.00010815 0.0001027 0.0001005 0.0001602 0.0001725 0.00013365 0.0001084 0.0001726 0.00019835 0.00021105 0.00013485 0.00020625 0.00012715 0.0001342 0.0002075 0.00010795 0.0001346 0.00016025 0.0002623 0.00015065 0.00013515 0.0001603 0.00020125 0.000122 0.0001081 0.0001072 0.00010705 0.0001204 0.00013345 0.0001733 0.000158 0.0001212 0.0001079 9.925e-05 0.0001588 8e-05 0.0001071 0.00015275 0.00010745 0.00018525 0.0001347 0.0001072 0.00014755 0.0001271 0.00012125 8.015e-05 0.00015075 0.0001079 0.0002073 8.045e-05 0.0001486 0.000107 0.0001579 0.00012205 9.97e-05 0.0001201 0.00019505 0.0001584 0.00013365 0.00013465 0.00018035 0.00010045 0.00015865 0.00013465 0.00013395 0.00014135 0.00018045 0.0001605 0.00013365 0.00016065 0.0001863 0.0001348
12 7.46e-05 2.955e-05 0.00024915 7.51e-05 0.00012945 0.0001376 0.0001223 0.00017835 7.52e-05 0.00010585 0.0001631 0.0001346 4e-07 8.28e-05 1.75e-06 0.00019545 9.29e-05 7.53e-05 0.00010325 6.5e-05 1.87e-05 5.31e-05 0.0001067 9.015e-05 6.49e-05 0.0001175 0.00015795 5.72e-05 0.00018385 9.035e-05 6.575e-05 0.0001838 0.0002395 0.00021775 1.52e-05 0.00028835 9.79e-05 0.0001223 0.0002001 6.585e-05 8e-07 5.725e-05 0.00036855 7.76e-05 9.2e-05 5.78e-05 0.00024235 1.905e-05 6.46e-05 2.885e-05 0.00015405 0.00017995 0.00011865 0.00013155 0.00027095 0.00013885 3.475e-05 0.0001084 0.0002298 6.715e-05 0.0001492 0.00013765 0.00010625 0.0001656 1.4e-06 0.00015405 7.455e-05 9.785e-05 0.0001389 6.28e-05 7.82e-05 6.54e-05 0.0001999 9.31e-05 0.0001305 2.9e-05 0.00019395 1.91e-05 0.00018565 0.0001029 0.00024525 0.0001995 8.985e-05 5.5e-07 0.00023345 0.00015555 0.0001992 1.35e-06 0.0001196 7.94e-05 0.00023335 5.8e-05 9.175e-05 5.86e-05 0.00011455 1e-06
13 9.64e-05 7.02e-05 0.00019635 9.63e-05 5.82e-05 8.48e-05 9.735e-05 0.00011115 9.635e-05 0.000108 0.0001344 9.57e-05 8.28e-05 0.0001128 8.295e-05 0.00012225 8.425e-05 9.655e-05 0.00015405 7.105e-05 6.96e-05 5.87e-05 0.0001079 9.71e-05 6.965e-05 9.27e-05 0.00010225 0.0001087 0.00017075 9.575e-05 7.115e-05 0.0001707 0.00019665 0.0002099 8.29e-05 0.00021785 9e-05 9.735e-05 0.0002049 7.125e-05 8.28e-05 0.00010875 0.00030945 9.895e-05 8.39e-05 0.00010865 0.00019905 7.06e-05 6.955e-05 7.04e-05 8.505e-05 0.00012165 0.0001236 0.00012235 0.00020815 8.47e-05 7.07e-05 0.00010295 0.0001712 5.835e-05 8.46e-05 0.0001414 0.0001081 0.00018295 8.275e-05 8.415e-05 9.635e-05 8.995e-05 8.475e-05 5.795e-05 9.895e-05 7.1e-05 0.0002047 5.845e-05 0.0001116 7.03e-05 0.0001705 7.065e-05 0.00014075 8.4e-05 0.0002198 0.0001707 9.59e-05 8.285e-05 0.00019295 0.00013055 0.0001699 8.275e-05 0.00012405 0.0001163 0.0001928 0.0001089 9.67e-05 0.00010895 0.00013505 8.3e-05
14 7.5e-05 2.96e-05 0.0002493 7.48e-05 0.0001297 0.00013795 0.00012255 0.0001788 7.515e-05 0.0001066 0.0001633 0.0001347 1.75e-06 8.295e-05 2.7e-06 0.00019565 9.295e-05 7.565e-05 0.0001037 6.55e-05 1.91e-05 5.3e-05 0.0001066 9.075e-05 6.54e-05 0.0001177 0.0001582 5.78e-05 0.000184 9.03e-05 6.58e-05 0.00018395 0.00023965 0.000218 1.55e-05 0.0002885 9.825e-05 0.00012255 0.00020015 6.59e-05 1.55e-06 5.785e-05 0.0003688 7.795e-05 9.225e-05 5.795e-05 0.00024245 1.945e-05 6.545e-05 2.97e-05 0.0001544 0.00017995 0.000119 0.0001317 0.00027105 0.000139 3.525e-05 0.00010865 0.00023005 6.715e-05 0.00014945 0.0001379 0.0001066 0.0001661 1.7e-06 0.0001542 7.495e-05 9.82e-05 0.00013905 6.305e-05 7.785e-05 6.53e-05 0.00019995 9.335e-05 0.00013065 2.95e-05 0.0001942 1.95e-05 0.00018575 0.00010305 0.00024545 0.00019975 9.025e-05 1.7e-06 0.00023345 0.0001558 0.00019935 1.65e-06 0.00011985 7.945e-05 0.0002336 5.815e-05 9.2e-05 5.865e-05 0.0001149 1.75e-06
15 0.00015335 0.0001689 0.0001603 0.00015335 7.225e-05 8.7e-05 0.00010435 7.165e-05 0.00015345 0.0001327 0.00010325 0.0001065 0.00019545 0.00012225 0.00019565 0.0001391 0.0001411 0.00015315 0.00018435 0.0001338 0.00018335 0.0001507 0.00013275 0.00013265 0.00013435 0.0001208 0.00010825 0.0001653 0.00020415 0.0001342 0.00013405 0.0002041 0.00017445 0.00019245 0.0001822 0.0001464 0.00012685 0.00010435 0.00020795 0.00013335 0.00019545 0.00016535 0.0002331 0.00018175 0.00014105 0.0001654 0.0002027 0.00018315 0.0001343 0.00016895 7.075e-05 9.035e-05 0.0001325 0.00012355 0.0001537 9.175e-05 0.00016335 0.00015615 0.0001548 0.0001364 7.76e-05 0.0001534 0.0001327 0.00021645 0.00019555 7.255e-05 0.0001533 0.0001268 9.18e-05 0.0001365 0.00018185 0.0001335 0.00020775 0.0001071 0.0001545 0.00016885 0.00019 0.0001832 0.0001201 0.00012685 0.0001951 0.0001842 0.0001342 0.0001955 0.0001753 0.0001368 0.00018495 0.0001955 0.00013325 0.00018895 0.0001755 0.0001656 0.0001336 0.000166 0.0001359 0.00019565
16 7.475e-05 9.46e-05 0.00020885 7.475e-05 0.0001101 0.00010895 0.0001021 0.00010985 7.485e-05 0.00013315 0.00013385 0.00013505 9.29e-05 8.425e-05 9.295e-05 0.0001411 0.0001128 7.49e-05 0.0001388 0.00010145 7.58e-05 8.255e-05 0.0001332 0.0001009 0.00010135 0.00011085 0.000155 9.305e-05 0.0001891 0.0001007 0.0001017 0.00018885 0.00018905 0.00020205 9.33e-05 0.00021775 9.455e-05 0.0001021 0.00021025 0.00010165 9.29e-05 9.31e-05 0.0003286 0.0001044 5.725e-05 9.315e-05 0.00021855 7.47e-05 0.0001013 9.465e-05 0.00010915 0.000115 0.0001281 7.505e-05 0.00024735 8.335e-05 0.00010105 0.00014805 0.00021565 9.78e-05 0.0001043 0.0001472 0.00013325 0.0002071 9.3e-05 0.00010925 7.47e-05 9.45e-05 8.34e-05 0.00010245 0.0001045 0.00010105 0.00021005 0.000103 0.00010475 9.455e-05 0.0002089 7.475e-05 0.00018675 7.65e-05 0.0002199 0.0002151 0.0001007 9.295e-05 0.0002179 0.00018185 0.0002151 9.295e-05 0.00012865 0.0001211 0.0002177 9.335e-05 0.0001014 9.355e-05 9.375e-05 9.31e-05
17 7.53e-05 9.01e-05 0.00021695 7.54e-05 0.0001176 0.00011635 9.67e-05 0.00011605 7.55e-05 0.00013275 0.0001333 0.00014765 7.53e-05 9.655e-05 7.565e-05 0.00015315 7.49e-05 0.0001486 0.00012095 9.64e-05 7.555e-05 9.54e-05 0.0001329 9.575e-05 9.63e-05 0.00012295 0.0001625 7.53e-05 0.0002019 9.605e-05 9.675e-05 0.00020155 0.00020215 0.00019695 7.58e-05 0.00022565 9.6e-05 9.67e-05 0.0002054 9.67e-05 7.53e-05 7.535e-05 0.0003362 0.00010415 7.525e-05 7.55e-05 0.00023085 7.485e-05 9.625e-05 9.005e-05 0.00011655 0.0001327 0.00012285 7.525e-05 0.0002595 9.645e-05 9.6e-05 0.000156 0.00022315 0.0001105 0.00011165 0.0001418 0.00013285 0.00020205 7.55e-05 0.00011705 7.525e-05 9.595e-05 9.65e-05 0.0001104 0.00010435 9.625e-05 0.0002052 0.00011095 0.00011745 8.995e-05 0.00021685 7.49e-05 0.0001989 9.005e-05 0.0002322 0.0002226 9.595e-05 7.535e-05 0.00022565 0.0001893 0.0002227 7.545e-05 0.0001232 0.00012135 0.0002256 7.57e-05 9.6e-05 7.57e-05 7.565e-05 7.55e-05
18 0.00012105 0.0001309 0.0002247 0.00012105 0.00017055 0.0001694 0.00013785 0.00016795 0.0001211 0.0001514 0.00015155 0.0001793 0.00010325 0.00015405 0.0001037 0.00018435 0.0001388 0.00012095 0.0002047 0.0001369 0.0001206 0.0001542 0.0001514 0.00013625 0.0001367 0.00016325 0.00016985 0.00010285 0.00021475 0.00013635 0.0001371 0.0002147 0.00021495 0.00019285 0.0001036 0.00023315 0.0001428 0.00013785 0.00020025 0.00013705 0.00010325 0.00010285 0.00029825 0.00014915 0.0001384 0.0001029 0.0002429 0.00012095 0.00013665 0.000131 0.0001696 0.00016915 0.00014535 0.00012165 0.0002452 0.00015475 0.0001365 0.00016375 0.0002307 0.0001685 0.0001644 0.00013715 0.0001515 0.00019705 0.0001033 0.00017005 0.000121 0.00014275 0.0001548 0.00016385 0.00014925 0.00013675 0.00020005 0.00016445 0.00017615 0.0001309 0.00022485 0.000121 0.0001843 0.0001488 0.00022705 0.0002301 0.0001364 0.0001033 0.00023335 0.00017915 0.0002301 0.0001033 0.00014675 0.00012135 0.0002335 0.00010315 0.00013715 0.00010415 0.00010385 0.00010345
19 9.595e-05 6.59e-05 0.00020495 9.635e-05 6.675e-05 9.18e-05 9.17e-05 0.0001182 9.645e-05 0.0001073 0.000134 0.00010815 6.5e-05 7.105e-05 6.55e-05 0.0001338 0.00010145 9.64e-05 0.0001369 0.0001292 6.975e-05 7.075e-05 0.0001076 9.145e-05 6.605e-05 0.0001047 0.00011255 9.105e-05 0.0001839 9.175e-05 6.525e-05 0.00018385 0.0002098 0.00020565 6.525e-05 0.000227 9.165e-05 9.175e-05 0.00020105 6.585e-05 6.475e-05 9.11e-05 0.00031855 9.875e-05 0.0001009 9.15e-05 0.0002124 7.02e-05 6.61e-05 6.57e-05 9.115e-05 0.00013845 0.0001186 0.0001226 0.0002209 9.6e-05 6.51e-05 0.0001119 0.0001785 7.095e-05 9.16e-05 0.00013805 0.0001073 0.0001785 6.525e-05 9.125e-05 9.595e-05 9.16e-05 9.605e-05 6.57e-05 9.92e-05 6.575e-05 0.00020085 6.54e-05 0.00012425 6.545e-05 0.00017935 7.02e-05 0.0001537 9.68e-05 0.0002329 0.0001788 9.14e-05 6.49e-05 0.00020105 0.0001391 0.0001794 6.52e-05 0.00011935 0.00011655 0.0002012 9.17e-05 9.18e-05 9.21e-05 0.00011805 6.5e-05
20 7.485e-05 3.405e-05 0.000241 7.515e-05 0.00012135 0.00012985 0.00012675 0.00017185 7.52e-05 0.0001067 0.0001634 0.00012215 1.87e-05 6.96e-05 1.91e-05 0.00018335 7.58e-05 7.555e-05 0.0001206 6.975e-05 3.66e-05 4.06e-05 0.00010685 9.53e-05 6.97e-05 0.00010495 0.00014985 7.475e-05 0.00017125 9.48e-05 7.025e-05 0.0001712 0.0002269 0.0002222 3.26e-05 0.0002802 9.58e-05 0.00012675 0.0002046 7.035e-05 1.845e-05 7.48e-05 0.00036045 7.775e-05 7.51e-05 7.505e-05 0.0002296 1.935e-05 6.975e-05 3.395e-05 0.0001463 0.000163 0.00012325 0.0001315 0.0002585 0.00012625 3.95e-05 0.0001003 0.0002217 5.455e-05 0.000141 0.0001419 0.0001067 0.0001704 1.88e-05 0.0001459 7.485e-05 9.575e-05 0.0001263 5.465e-05 7.81e-05 7.005e-05 0.0002044 8.5e-05 0.0001179 3.375e-05 0.0001858 1.935e-05 0.0001732 9.03e-05 0.0002327 0.0001914 9.46e-05 1.86e-05 0.00022545 0.0001474 0.00019095 1.88e-05 0.000124 7.95e-05 0.0002252 7.53e-05 9.62e-05 7.565e-05 0.00013175 1.87e-05
21 9.57e-05 4.065e-05 0.00021505 9.575e-05 8.93e-05 9.775e-05 0.0001268 0.0001409 9.585e-05 0.0001073 0.00016335 9.505e-05 5.31e-05 5.87e-05 5.3e-05 0.0001507 8.255e-05 9.54e-05 0.0001542 7.075e-05 4.06e-05 5.3e-05 0.00010735 9.65e-05 7.11e-05 9.245e-05 0.00011815 0.00010855 0.0001588 9.67e-05 7.105e-05 0.00015845 0.0002145 0.0002278 6.675e-05 0.00024905 8.99e-05 0.0001268 0.00020575 7.125e-05 5.3e-05 0.0001086 0.00032855 9.875e-05 8.295e-05 0.0001087 0.0002174 3.975e-05 7.11e-05 4.07e-05 0.00011395 0.00014995 0.00012375 0.0001514 0.00022595 0.0001135 4.08e-05 7.4e-05 0.00018945 2.825e-05 0.0001145 0.0001426 0.00010735 0.0001717 5.315e-05 0.0001144 9.565e-05 8.985e-05 0.00011355 2.815e-05 9.89e-05 7e-05 0.00020555 5.82e-05 0.0001109 4.055e-05 0.0001594 3.98e-05 0.0001408 8.335e-05 0.0002203 0.0001594 9.665e-05 5.31e-05 0.00019225 0.0001155 0.0001598 5.31e-05 0.0001243 9.98e-05 0.0001933 0.0001089 9.655e-05 0.0001091 0.00016465 5.32e-05
22 0.00013275 0.00010685 0.00021095 0.00013245 0.0001084 0.00013365 0.000134 0.0001592 0.0001324 0.00010625 0.0001329 0.0001074 0.0001067 0.0001079 0.0001066 0.00013275 0.0001332 0.0001329 0.0001514 0.0001076 0.00010685 0.00010735 0.0002116 0.00013305 0.00010775 0.0001149 0.00012755 0.00013245 0.0001852 0.0001325 0.0001074 0.00018515 0.00021095 0.00021145 0.00010655 0.000233 0.0001333 0.000134 0.0002066 0.0001069 0.0001067 0.0001325 0.0002893 0.0001355 0.00013285 0.0001321 0.00021355 0.0001071 0.0001077 0.00010735 0.00013365 0.00013255 0.00013305 0.0001588 0.00018435 0.0001337 0.0001074 0.00012695 0.0001857 0.00010685 0.00013415 0.00015295 0.00010655 0.0001848 0.00010635 0.00013385 0.0001327 0.00013325 0.00013375 0.0001077 0.0001353 0.00010675 0.0002064 0.00010805 0.0001608 0.00010725 0.0001855 0.00010715 0.00012605 0.0001334 0.0002073 0.00018535 0.00013295 0.00010675 0.0002071 0.00012735 0.00018535 0.00010645 0.00013375 0.00012635 0.0002076 0.00013245 0.0001335 0.00013265 0.0001589 0.0001069
23 9.545e-05 9.125e-05 0.00019845 9.58e-05 9.345e-05 9.105e-05 9.275e-05 9.09e-05 9.59e-05 0.00013275 0.00013355 0.0001338 9.015e-05 9.71e-05 9.075e-05 0.00013265 0.0001009 9.575e-05 0.00013625 9.145e-05 9.53e-05 9.65e-05 0.00013305 0.0001795 9.175e-05 0.00012355 0.00013875 9.015e-05 0.0002029 9.155e-05 9.205e-05 0.00020285 0.0002031 0.00019885 9.07e-05 0.0002017 9.155e-05 9.275e-05 0.0002011 9.2e-05 8.98e-05 9.035e-05 0.00031245 0.00012395 0.0001005 9.075e-05 0.0002316 9.535e-05 9.18e-05 9.105e-05 9.125e-05 0.00013805 0.0001182 9.64e-05 0.0002402 9.7e-05 9.095e-05 0.0001377 0.000199 9.645e-05 9.275e-05 0.0001382 0.0001326 0.0001975 9.04e-05 9.27e-05 9.54e-05 9.15e-05 9.705e-05 9.17e-05 0.00012455 9.18e-05 0.0002009 9.225e-05 0.0001243 9.085e-05 0.00019855 9.54e-05 0.0001796 9.645e-05 0.0002332 0.00019845 9.105e-05 9.01e-05 0.0002017 0.0001651 0.00019875 9.02e-05 0.0001192 0.00014185 0.00020135 9.095e-05 9.195e-05 9.16e-05 9.165e-05 8.985e-05
24 9.59e-05 6.57e-05 0.0002045 9.625e-05 6.635e-05 9.255e-05 9.29e-05 0.00011765 9.635e-05 0.00010745 0.0001341 0.00010815 6.49e-05 6.965e-05 6.54e-05 0.00013435 0.00010135 9.63e-05 0.0001367 6.605e-05 6.97e-05 7.11e-05 0.00010775 9.175e-05 0.000129 0.00010525 0.00011035 9.095e-05 0.00018335 9.13e-05 6.665e-05 0.0001833 0.00020925 0.00020545 6.53e-05 0.000226 9.21e-05 9.29e-05 0.0002004 6.675e-05 6.47e-05 9.095e-05 0.00031755 9.86e-05 0.0001008 9.14e-05 0.0002118 7.01e-05 6.47e-05 6.555e-05 9.28e-05 0.0001386 0.000119 0.0001224 0.0002206 9.73e-05 6.56e-05 0.00011105 0.0001793 7.095e-05 9.28e-05 0.00013715 0.00010745 0.0001779 6.515e-05 9.23e-05 9.585e-05 9.205e-05 9.735e-05 6.61e-05 9.905e-05 6.635e-05 0.0002002 6.655e-05 0.0001242 6.53e-05 0.00017865 7.015e-05 0.0001532 9.66e-05 0.00023235 0.0001788 9.095e-05 6.485e-05 0.00020085 0.0001387 0.0001782 6.51e-05 0.00011965 0.0001162 0.00020095 9.16e-05 9.215e-05 9.19e-05 0.00011785 6.49e-05
25 0.00012325 0.00010525 0.0001904 0.0001233 9.225e-05 0.00011045 0.0001231 0.0001305 0.0001234 0.0001148 0.0001333 0.0001027 0.0001175 9.27e-05 0.0001177 0.0001208 0.00011085 0.00012295 0.00016325 0.0001047 0.00010495 9.245e-05 0.0001149 0.00012355 0.00010525 0.0001806 0.00012075 0.0001355 0.000172 0.00012365 0.000105 0.00017195 0.0001903 0.00020305 0.00011765 0.00021205 0.00011605 0.0001231 0.0002063 0.00010455 0.0001175 0.00013555 0.00027735 0.00013315 0.00011045 0.00013565 0.00020005 0.00010505 0.0001052 0.0001053 0.00011045 0.0001205 0.00012215 0.0001413 0.0001818 0.0001105 0.00010465 0.00012065 0.00017165 9.31e-05 0.00011065 0.00015125 0.0001149 0.00018445 0.00011765 0.0001108 0.0001232 0.000116 0.00011055 9.205e-05 0.0001333 0.0001049 0.0002061 9.225e-05 0.00013805 0.00010515 0.0001723 0.0001051 0.0001304 0.000111 0.00019245 0.0001714 0.0001236 0.00011755 0.00019345 0.0001199 0.00017245 0.0001176 0.0001226 0.000133 0.00019375 0.0001358 0.00012275 0.00013595 0.0001539 0.0001177
26 0.0001626 0.0001308 0.0001759 0.0001626 6.53e-05 9.255e-05 0.000125 0.0001185 0.0001627 0.0001275 0.00014015 0.0001005 0.00015795 0.00010225 0.0001582 0.00010825 0.000155 0.0001625 0.00016985 0.00011255 0.00014985 0.00011815 0.00012755 0.00013875 0.00011035 0.00012075 0.0001253 0.0001701 0.0001825 0.00013755 0.0001128 0.00018245 0.0001949 0.0002091 0.0001445 0.00017975 0.0001315 0.000125 0.00020045 0.0001129 0.00015795 0.00017015 0.0002369 0.00016515 0.0001548 0.0001702 0.0001973 0.0001503 0.0001103 0.00013095 9.305e-05 0.0001322 0.0001471 0.0001747 0.0001597 0.00011725 0.0001257 9.705e-05 0.00014475 0.0001037 9.79e-05 0.00013625 0.0001276 0.00019015 0.00015805 9.215e-05 0.00016255 0.00013145 0.0001173 9.835e-05 0.00016525 0.00011255 0.00020025 8.525e-05 0.0001631 0.00013075 0.0001631 0.00015035 9.39e-05 0.0001355 0.00020175 0.00015775 0.00013755 0.000158 0.0001681 8.75e-05 0.00015705 0.000158 0.00014745 0.0001364 0.0001683 0.0001704 0.00013785 0.0001704 0.0001826 0.00015815
27 7.505e-05 8.53e-05 0.00022465 7.54e-05 0.0001252 0.00012385 9.235e-05 0.0001225 7.55e-05 0.00013215 0.00013255 0.0001602 5.72e-05 0.0001087 5.78e-05 0.0001653 9.305e-05 7.53e-05 0.00010285 9.105e-05 7.475e-05 0.00010855 0.00013245 9.015e-05 9.095e-05 0.0001355 0.0001701 0.0001136 0.00021465 9.08e-05 9.165e-05 0.0002146 0.00021485 0.00019285 5.775e-05 0.0002331 9.735e-05 9.235e-05 0.0002003 9.16e-05 5.685e-05 5.7e-05 0.0003438 0.0001031 9.25e-05 5.74e-05 0.0002429 7.495e-05 9.1e-05 8.51e-05 0.00012405 0.00015005 0.0001175 7.6e-05 0.00027175 0.00010915 9.055e-05 0.0001639 0.00023075 0.0001229 0.0001189 0.00013745 0.000132 0.0001967 5.745e-05 0.0001245 7.5e-05 9.73e-05 0.0001092 0.0001183 0.0001037 9.13e-05 0.0002001 0.00011885 0.00013055 8.49e-05 0.00022475 7.5e-05 0.00021115 0.00010305 0.00024475 0.0002302 9.03e-05 5.715e-05 0.00023335 0.00019695 0.00023015 5.725e-05 0.0001189 0.0001214 0.0002334 5.76e-05 9.155e-05 5.865e-05 5.83e-05 5.69e-05
28 0.00020185 0.000171 0.0001893 0.00020185 0.0001834 0.00020255 0.0002151 0.0002222 0.00020195 0.00018515 0.0002165 0.0001725 0.00018385 0.00017075 0.000184 0.00020415 0.0001891 0.0002019 0.00021475 0.0001839 0.00017125 0.0001588 0.0001852 0.0002029 0.00018335 0.000172 0.0001825 0.00021465 0.0003151 0.0002023 0.00018415 0.00015785 0.0001888 0.0002024 0.0001959 0.00022335 0.0001961 0.0002151 0.0002052 0.0001839 0.00018385 0.0002147 0.0001962 0.00018355 0.0001892 0.00021475 0.00017035 0.00017105 0.0001833 0.0001711 0.00020265 0.00020315 0.00020295 0.0002327 0.0001721 0.00020195 0.0001718 0.0001582 0.00017075 0.00015905 0.00020265 0.00020215 0.00018525 0.0001707 0.00018395 0.00020235 0.0002018 0.00019605 0.000202 0.0001587 0.00018365 0.0001837 0.000205 0.0001709 0.0001973 0.00017095 0.0001581 0.0001711 0.0001725 0.00018905 0.00019295 0.0001585 0.0002023 0.0001839 0.00019275 0.00017155 0.00015825 0.0001839 0.0002034 0.000183 0.0001928 0.00021495 0.0002027 0.00021505 0.0002459 0.00018405
29 9.545e-05 9.015e-05 0.00019675 9.505e-05 9.29e-05 9.24e-05 9.29e-05 9.235e-05 9.495e-05 0.00013305 0.00013405 0.00013365 9.035e-05 9.575e-05 9.03e-05 0.0001342 0.0001007 9.605e-05 0.00013635 9.175e-05 9.48e-05 9.67e-05 0.0001325 9.155e-05 9.13e-05 0.00012365 0.00013755 9.08e-05 0.0002023 0.0001783 9.14e-05 0.0002023 0.00020235 0.00019865 9.025e-05 0.0001994 9.19e-05 9.29e-05 0.0001996 9.13e-05 9.035e-05 9.085e-05 0.00031125 0.0001243 0.0001002 9.03e-05 0.00023105 9.555e-05 9.125e-05 9.085e-05 9.265e-05 0.00013815 0.0001187 9.625e-05 0.00023985 9.69e-05 9.13e-05 0.0001368 0.00019855 9.58e-05 9.27e-05 0.00013745 0.00013315 0.00019715 8.985e-05 9.125e-05 9.54e-05 9.185e-05 9.695e-05 9.145e-05 0.000124 9.12e-05 0.0001994 9.2e-05 0.00012395 9.07e-05 0.0001976 9.56e-05 0.00017925 9.59e-05 0.0002324 0.00019795 8.985e-05 9.04e-05 0.00020115 0.00016475 0.00019715 9e-05 0.00011945 0.0001413 0.00020085 9.07e-05 9.215e-05 9.09e-05 9.2e-05 9.055e-05
30 9.66e-05 6.57e-05 0.00020505 9.63e-05 6.7e-05 9.205e-05 9.195e-05 0.00011845 9.605e-05 0.0001078 0.00013425 0.0001084 6.575e-05 7.115e-05 6.58e-05 0.00013405 0.0001017 9.675e-05 0.0001371 6.525e-05 7.025e-05 7.105e-05 0.0001074 9.205e-05 6.665e-05 0.000105 0.0001128 9.165e-05 0.00018415 9.14e-05 0.0001297 0.0001841 0.00021005 0.0002059 6.55e-05 0.0002271 9.19e-05 9.2e-05 0.00020065 6.565e-05 6.575e-05 9.17e-05 0.0003188 9.935e-05 0.00010135 9.13e-05 0.00021265 7.08e-05 6.66e-05 6.62e-05 9.14e-05 0.0001387 0.00011885 0.00012285 0.00022115 9.625e-05 6.585e-05 0.00011215 0.00017875 7.095e-05 9.185e-05 0.0001383 0.0001079 0.0001791 6.54e-05 9.135e-05 9.655e-05 9.185e-05 9.63e-05 6.595e-05 9.915e-05 6.555e-05 0.00020065 6.565e-05 0.0001245 6.61e-05 0.0001796 7.085e-05 0.00015395 9.705e-05 0.0002332 0.00017905 9.185e-05 6.58e-05 0.00020135 0.00013935 0.0001795 6.55e-05 0.0001196 0.00011655 0.00020145 9.165e-05 9.215e-05 9.19e-05 0.0001183 6.595e-05
31 0.0002019 0.0001711 0.00018935 0.0002019 0.00018335 0.0002025 0.00021505 0.00022215 0.000202 0.0001851 0.00021645 0.0001726 0.0001838 0.0001707 0.00018395 0.0002041 0.00018885 0.00020155 0.0002147 0.00018385 0.0001712 0.00015845 0.00018515 0.00020285 0.0001833 0.00017195 0.00018245 0.0002146 0.00015785 0.0002023 0.0001841 0.000315 0.00018885 0.0002024 0.00019585 0.00022335 0.00019605 0.00021505 0.00020515 0.00018385 0.0001838 0.00021465 0.00019615 0.0001835 0.00018925 0.0002147 0.0001703 0.0001707 0.00018325 0.0001712 0.0002026 0.0002032 0.0002029 0.00023275 0.00017205 0.000202 0.00017175 0.0001583 0.0001707 0.00015915 0.0002026 0.0002021 0.0001852 0.00017065 0.0001839 0.00020235 0.00020185 0.000196 0.00020205 0.0001588 0.0001836 0.00018365 0.00020495 0.000171 0.000197 0.00017105 0.0001582 0.00017075 0.00017245 0.00018925 0.0001929 0.00015845 0.0002023 0.00018385 0.0001927 0.0001715 0.0001582 0.00018385 0.00020335 0.0001833 0.0001928 0.0002149 0.00020265 0.000215 0.00024585 0.000184
32 0.00020175 0.00022675 0.00016465 0.00020175 0.0001794 0.00018925 0.00018555 0.00016695 0.00020185 0.0002109 0.0001868 0.00019835 0.0002395 0.00019665 0.00023965 0.00017445 0.00018905 0.00020215 0.00021495 0.0002098 0.0002269 0.0002145 0.00021095 0.0002031 0.00020925 0.0001903 0.0001949 0.00021485 0.0001888 0.00020235 0.00021005 0.00018885 0.0003276 0.0001779 0.00023805 0.00016785 0.0001963 0.00018555 0.0002053 0.00020965 0.0002395 0.0002149 0.0001716 0.0002094 0.00018905 0.00021495 0.0001715 0.00022675 0.0002092 0.00022685 0.0001731 0.00017315 0.00020265 0.00017715 0.00017315 0.0001721 0.00022745 0.00021395 0.00017195 0.0002148 0.0001731 0.00020235 0.000211 0.00020165 0.0002396 0.00017265 0.0002017 0.00019625 0.00017215 0.00021445 0.0002095 0.0002096 0.0002051 0.0001969 0.00019745 0.0002267 0.00018915 0.0002268 0.00019825 0.00018905 0.00019255 0.00018945 0.00020235 0.00023955 0.00019285 0.0002132 0.0001892 0.00023955 0.0002031 0.0002253 0.00019295 0.00021515 0.0002029 0.00021525 0.00019065 0.0002397
33 0.00019755 0.0002172 0.00017285 0.00019755 0.0001932 0.0002026 0.00018035 0.00017965 0.00019765 0.0002114 0.00018705 0.00021105 0.00021775 0.0002099 0.000218 0.00019245 0.00020205 0.00019695 0.00019285 0.00020565 0.0002222 0.0002278 0.00021145 0.00019885 0.00020545 0.00020305 0.0002091 0.00019285 0.0002024 0.00019865 0.0002059 0.0002024 0.0001779 0.0003331 0.0002163 0.00018225 0.00019855 0.00018035 0.00020165 0.0002055 0.00021775 0.0001929 0.0001861 0.0002047 0.0002021 0.00019295 0.0001849 0.0002222 0.0002054 0.00021735 0.00018645 0.00019115 0.0001982 0.0001719 0.00019175 0.0001855 0.0002233 0.0002224 0.0001859 0.00022755 0.0001809 0.00019755 0.0002115 0.000198 0.00021785 0.00018655 0.0001975 0.0001985 0.00018555 0.00022255 0.0002048 0.0002057 0.00020145 0.00020495 0.0002052 0.00021715 0.00019765 0.00022225 0.00021675 0.000197 0.0002059 0.0002034 0.00019865 0.0002178 0.00020705 0.000227 0.0002035 0.0002178 0.0001975 0.0002207 0.00020705 0.00019315 0.0001977 0.00019245 0.0001676 0.00021795
34 7.515e-05 4.31e-05 0.00024755 7.52e-05 0.000116 0.00012435 0.0001089 0.00016525 7.525e-05 0.00010665 0.00014985 0.00013485 1.52e-05 8.29e-05 1.55e-05 0.0001822 9.33e-05 7.58e-05 0.0001036 6.525e-05 3.26e-05 6.675e-05 0.00010655 9.07e-05 6.53e-05 0.00011765 0.0001445 5.775e-05 0.0001959 9.025e-05 6.55e-05 0.00019585 0.00023805 0.0002163 2.96e-05 0.00027495 9.83e-05 0.0001089 0.0002 6.57e-05 1.5e-05 5.78e-05 0.00036695 7.805e-05 9.26e-05 5.785e-05 0.0002408 3.31e-05 6.535e-05 4.325e-05 0.00014065 0.0001667 0.00011875 0.00011845 0.00026935 0.00012545 4.88e-05 0.0001223 0.00022805 8.09e-05 0.0001358 0.00013805 0.00010665 0.0001778 1.505e-05 0.0001405 7.51e-05 9.825e-05 0.0001255 7.67e-05 7.82e-05 6.525e-05 0.0001998 9.32e-05 0.00013075 4.305e-05 0.000206 3.315e-05 0.0001859 0.0001033 0.00024525 0.00021155 9.025e-05 1.515e-05 0.00023345 0.00015545 0.0002111 1.51e-05 0.0001197 7.935e-05 0.0002336 5.81e-05 9.215e-05 5.865e-05 0.00010145 1.52e-05
35 0.0002252 0.00026115 0.00014805 0.0002251 0.00016455 0.00015615 0.00017215 0.000115 0.00022515 0.0002331 0.0001784 0.00020625 0.00028835 0.00021785 0.0002885 0.0001464 0.00021775 0.00022565 0.00023315 0.000227 0.0002802 0.00024905 0.000233 0.0002017 0.000226 0.00021205 0.00017975 0.0002331 0.00022335 0.0001994 0.0002271 0.00022335 0.00016785 0.00018225 0.00027495 0.0002211 0.0001948 0.00017215 0.0001995 0.00022675 0.00028835 0.00023315 0.0001468 0.0002515 0.0002174 0.00023305 0.000194 0.00028085 0.00022595 0.00026145 0.00014005 0.00016995 0.00020115 0.00017 0.00017565 0.0001639 0.0002564 0.0002284 0.00016955 0.00023425 0.00014495 0.0002002 0.0002332 0.0002309 0.0002883 0.0001382 0.00022515 0.00019475 0.00016395 0.00022915 0.0002515 0.00022695 0.0001993 0.0001998 0.00020325 0.00026125 0.0002038 0.0002809 0.00020035 0.0001982 0.000192 0.0001988 0.00019955 0.0002884 0.00016765 0.0002104 0.00019795 0.0002883 0.0002016 0.0002675 0.0001676 0.0002333 0.00020125 0.00023335 0.0001783 0.00028855
36 9.625e-05 9.16e-05 0.0001917 9.625e-05 8.605e-05 8.465e-05 9.215e-05 8.535e-05 9.635e-05 0.00013325 0.00013305 0.00012715 9.79e-05 9e-05 9.825e-05 0.00012685 9.455e-05 9.6e-05 0.0001428 9.165e-05 9.58e-05 8.99e-05 0.0001333 9.155e-05 9.21e-05 0.00011605 0.0001315 9.735e-05 0.0001961 9.19e-05 9.19e-05 0.00019605 0.0001963 0.00019855 9.83e-05 0.0001948 0.000167 9.215e-05 0.0002011 9.185e-05 9.79e-05 9.74e-05 0.0003052 0.0001242 9.435e-05 9.745e-05 0.0002241 9.615e-05 9.205e-05 9.17e-05 8.5e-05 0.00013155 0.0001178 9.64e-05 0.0002332 9.005e-05 9.11e-05 0.00013075 0.0001916 9.015e-05 8.485e-05 0.00013745 0.00013335 0.00019785 9.8e-05 8.565e-05 9.62e-05 8.35e-05 9.01e-05 8.45e-05 0.0001243 9.195e-05 0.0002009 8.52e-05 0.00011755 9.155e-05 0.0001917 9.62e-05 0.00017255 9e-05 0.0002261 0.00019085 9.19e-05 9.795e-05 0.00019465 0.000158 0.00019185 9.795e-05 0.0001189 0.0001421 0.0001946 9.745e-05 9.13e-05 9.84e-05 9.77e-05 9.81e-05
37 9.735e-05 0.00012235 0.00018095 9.735e-05 6.295e-05 7.88e-05 6.12e-05 6.32e-05 9.745e-05 0.00013395 0.00010455 0.0001342 0.0001223 9.735e-05 0.00012255 0.00010435 0.0001021 9.67e-05 0.00013785 9.175e-05 0.00012675 0.0001268 0.000134 9.275e-05 9.29e-05 0.0001231 0.000125 9.235e-05 0.0002151 9.29e-05 9.2e-05 0.00021505 0.00018555 0.00018035 0.0001089 0.00017215 9.215e-05 0.000122 0.00020185 9.235e-05 0.0001223 9.24e-05 0.0002941 0.00012565 0.0001019 9.245e-05 0.0002137 0.000127 9.285e-05 0.0001224 6.19e-05 0.000109 0.00011855 6.665e-05 0.00022205 6.685e-05 0.00012195 0.0001678 0.00017985 0.00012715 6.22e-05 0.00013735 0.00013405 0.0002104 0.0001224 6.235e-05 9.73e-05 9.21e-05 6.69e-05 0.0001217 0.00012575 9.235e-05 0.00020165 9.165e-05 0.0001246 0.0001223 0.00021055 0.00012705 0.00017955 9.745e-05 0.0002327 0.0002099 9.29e-05 0.00012235 0.00020145 0.00018085 0.00021065 0.00012235 0.0001182 0.00015925 0.00020165 9.265e-05 9.13e-05 9.195e-05 6.205e-05 0.0001225
38 0.00020515 0.00019995 0.00020045 0.00020485 0.0002014 0.00020165 0.00020185 0.0002013 0.0002046 0.000207 0.00020775 0.0002075 0.0002001 0.0002049 0.00020015 0.00020795 0.00021025 0.0002054 0.00020025 0.00020105 0.0002046 0.00020575 0.0002066 0.0002011 0.0002004 0.0002063 0.00020045 0.0002003 0.0002052 0.0001996 0.00020065 0.00020515 0.0002053 0.00020165 0.0002 0.0001995 0.0002011 0.00020185 0.0003984 0.00020065 0.0002001 0.00020035 0.0002044 0.0002056 0.0002099 0.00019995 0.0002056 0.00020515 0.00020035 0.0002005 0.00020175 0.00021205 0.0002014 0.0002056 0.00020705 0.00020615 0.00020075 0.0002003 0.0002011 0.0002054 0.00020175 0.0002007 0.0002071 0.00020015 0.00019975 0.000201 0.0002051 0.00020105 0.0002062 0.0002008 0.0002054 0.00020055 0.0001992 0.0002012 0.0002101 0.00020035 0.00020045 0.0002052 0.00020705 0.0002055 0.00020525 0.00020065 0.00020005 0.00020015 0.00020025 0.0002015 0.0002 0.00019985 0.00020205 0.0002054 0.0002004 0.0002003 0.00020125 0.00020045 0.00020115 0.0002003
