 slim_337599723 slim_337599794 slim_337599687 slim_337599703 slim_337599819 slim_337599505 slim_337599810 slim_337599778 slim_337599797 slim_337599815 slim_337599590 slim_337599772 slim_337599713 slim_337599647 slim_337599780 slim_337599834 slim_337599718 slim_337599817 slim_337599728 slim_337599777 slim_337599823 slim_337599841 slim_337599606 slim_337599565 slim_337599832 slim_337599537 slim_337599828 slim_337599658 slim_337599791 slim_337599743 slim_337599706 slim_337599716 slim_337599756 slim_337599782 slim_337599796 slim_337599656 slim_337599762 slim_337599677 slim_337599709 slim_337599510 slim_337599752 slim_337599803 slim_337599818 slim_337599491 slim_337599613 slim_337599758 slim_337599488 slim_337599711 slim_337599783 slim_337599208 slim_337599836 slim_337599837 slim_337599657 slim_337599726 slim_337599750 slim_337599825 slim_337599829 slim_337599779 slim_337599766 slim_337599814 slim_337599754 slim_337599471 slim_337599638 slim_337599705 slim_337599826 slim_337599833 slim_337599822 slim_337599737 slim_337599816 slim_337599551 slim_337599757 slim_337599820 slim_337599632 slim_337599807 slim_337599741 slim_337599497 slim_337599793 slim_337599790 slim_337599824 slim_337599763 slim_337599838 slim_337599786 slim_337599760 slim_337599804 slim_337599746 slim_337599831 slim_337599809 slim_337599733 slim_337599742 slim_337599719 slim_337599813 slim_337599776 slim_337599830 slim_337599799 slim_337599753 slim_337599787 slim_337599749 slim_337599773 slim_337599806 slim_337599770
0 1.4e-05 1.46e-05 1e-05 1.16e-05 1.255e-05 1.17e-05 1.08e-05 1.24e-05 1.22e-05 1.335e-05 1.46e-05 1.185e-05 1.125e-05 1.36e-05 1.64e-05 1.215e-05 1.275e-05 1.25e-05 9.95e-06 1.11e-05 1.21e-05 1.025e-05 8.05e-06 1.25e-05 1.29e-05 1.485e-05 1.505e-05 1.38e-05 1.065e-05 9.5e-06 1.05e-05 1.45e-05 1.295e-05 1.145e-05 1.09e-05 1.095e-05 1.34e-05 7.75e-06 1.07e-05 1.17e-05 1.205e-05 1.14e-05 1.5e-05 1.03e-05 1.165e-05 1.4e-05 1.445e-05 1.245e-05 1.055e-05 1.18e-05 1.235e-05 1.085e-05 1.02e-05 1.655e-05 1.105e-05 1.375e-05 1.07e-05 1.365e-05 1.07e-05 1.295e-05 1.1e-05 9.1e-06 1.23e-05 1.11e-05 1e-05 1.315e-05 1.53e-05 1.13e-05 1.065e-05 1.345e-05 8.25e-06 1.355e-05 1.255e-05 1.01e-05 1.155e-05 1.315e-05 1.385e-05 1.23e-05 1.08e-05 1.435e-05 9.65e-06 1.34e-05 1.02e-05 1.125e-05 1.86e-05 1.42e-05 1.51e-05 1.04e-05 1.165e-05 1.15e-05 1.425e-05 1.7e-05 1.005e-05 8.05e-06 1.04e-05 1.46e-05 1.28e-05 1.3e-05 9.65e-06 1.09e-05
1 1.46e-05 1.72e-05 1.345e-05 1.29e-05 1.52e-05 1.52e-05 1.22e-05 1.485e-05 1.34e-05 1.385e-05 1.345e-05 1.46e-05 1.045e-05 1.185e-05 1.295e-05 1.585e-05 1.495e-05 1.31e-05 1.515e-05 1.055e-05 1.5e-05 1.395e-05 1.445e-05 1.26e-05 1.28e-05 1.145e-05 1.425e-05 1.38e-05 1.02e-05 1.275e-05 1.22e-05 9.65e-06 1.275e-05 1.515e-05 1.19e-05 1.43e-05 1.2e-05 1.445e-05 1.085e-05 1.295e-05 1.275e-05 1.43e-05 1.445e-05 1.26e-05 1.225e-05 1.59e-05 9.75e-06 1.385e-05 1.11e-05 1.285e-05 1.24e-05 1.185e-05 1.165e-05 1.375e-05 1.395e-05 1.595e-05 1.025e-05 1.445e-05 1.025e-05 1.435e-05 1.12e-05 1.315e-05 1.495e-05 1.215e-05 1.19e-05 1.42e-05 1.185e-05 1.415e-05 1.315e-05 1.5e-05 1.46e-05 1.285e-05 1.355e-05 1.29e-05 1.51e-05 1.35e-05 1.29e-05 1.405e-05 8.8e-06 1.135e-05 1.29e-05 1.47e-05 1.355e-05 9.8e-06 1.3e-05 1.49e-05 1.19e-05 1.025e-05 1.3e-05 1.195e-05 1.205e-05 1.61e-05 1.525e-05 1.445e-05 1.28e-05 1.425e-05 1.305e-05 1.495e-05 1.11e-05 8.75e-06
2 1e-05 1.345e-05 1.11e-05 1.22e-05 1.055e-05 1.35e-05 1.08e-05 1.29e-05 9.5e-06 1.215e-05 1.22e-05 1.15e-05 1.04e-05 1.175e-05 1.475e-05 1.02e-05 1.315e-05 1.195e-05 7.95e-06 1.09e-05 1.24e-05 8.4e-06 1.005e-05 1.17e-05 1.29e-05 1.325e-05 1.525e-05 1.2e-05 6.7e-06 9.1e-06 8.35e-06 1.165e-05 1.135e-05 9.5e-06 8.35e-06 1.205e-05 1.19e-05 1.015e-05 1.09e-05 1.08e-05 1.33e-05 1.145e-05 1.38e-05 1.115e-05 1.11e-05 1.385e-05 1.32e-05 1.26e-05 1.12e-05 1.01e-05 1.06e-05 9.4e-06 6e-06 1.515e-05 1.36e-05 1.365e-05 6.7e-06 1.18e-05 6.7e-06 1.265e-05 8.25e-06 1.17e-05 1.04e-05 1.05e-05 8.2e-06 1.185e-05 1.41e-05 1.235e-05 1.105e-05 1.155e-05 1.01e-05 1.36e-05 1.235e-05 1.135e-05 1.34e-05 1.18e-05 1.06e-05 1.255e-05 9.35e-06 1.075e-05 9.1e-06 1.4e-05 1.125e-05 1.085e-05 1.715e-05 1.265e-05 1.335e-05 8.2e-06 1.02e-05 7.75e-06 1.35e-05 1.68e-05 8.1e-06 1.14e-05 1.115e-05 1.505e-05 1.18e-05 1.275e-05 9.55e-06 9.45e-06
3 1.16e-05 1.29e-05 1.22e-05 1.1e-05 1.5e-05 1.225e-05 1.245e-05 1.14e-05 1.18e-05 1.355e-05 1.47e-05 1.175e-05 8.75e-06 1.34e-05 1.36e-05 1.275e-05 1.165e-05 7.6e-06 1.35e-05 7.95e-06 9.35e-06 8.9e-06 1.175e-05 8.25e-06 1.16e-05 1.125e-05 1.39e-05 1.085e-05 1.195e-05 1.165e-05 1.07e-05 1.405e-05 1.265e-05 1.215e-05 9.05e-06 8.95e-06 1.45e-05 1.175e-05 9.6e-06 1.04e-05 5.55e-06 1.305e-05 1.24e-05 8.5e-06 6.35e-06 1.25e-05 1.3e-05 1.135e-05 9.85e-06 9.7e-06 8.6e-06 7.9e-06 1.15e-05 1.48e-05 9.6e-06 1.24e-05 1.2e-05 1.315e-05 1.2e-05 9.8e-06 1.125e-05 1.045e-05 1.475e-05 7.55e-06 1.09e-05 1.085e-05 1.275e-05 1.08e-05 1.07e-05 1.59e-05 1.185e-05 1.285e-05 8.4e-06 9.9e-06 1.215e-05 1.315e-05 1.43e-05 1.025e-05 1.08e-05 1.42e-05 1.18e-05 9.45e-06 9.85e-06 1.02e-05 1.695e-05 1.23e-05 1.245e-05 1.07e-05 1.075e-05 1.12e-05 1.31e-05 1.55e-05 1.36e-05 1.065e-05 9.7e-06 1.37e-05 1.43e-05 1.19e-05 1.12e-05 1.09e-05
4 1.255e-05 1.52e-05 1.055e-05 1.5e-05 1.3e-05 1.675e-05 1.19e-05 1.645e-05 1.395e-05 1.23e-05 1.43e-05 1.2e-05 1.35e-05 1.135e-05 1.615e-05 1.18e-05 1.685e-05 1.62e-05 7.35e-06 1.575e-05 1.635e-05 1.195e-05 1.255e-05 1.285e-05 1.625e-05 1.45e-05 1.66e-05 1.52e-05 1.345e-05 1.545e-05 1.475e-05 1.365e-05 1.485e-05 1.11e-05 1.42e-05 1.445e-05 1.305e-05 1.24e-05 1.63e-05 1.465e-05 1.375e-05 1.25e-05 1.1e-05 1.535e-05 1.535e-05 1.51e-05 1.505e-05 1.59e-05 1.685e-05 1.405e-05 1.365e-05 1.525e-05 1.15e-05 1.49e-05 1.645e-05 1.745e-05 1.35e-05 1.54e-05 1.35e-05 1.565e-05 1.47e-05 1.74e-05 6.65e-06 1.445e-05 1.19e-05 1.775e-05 1.43e-05 1.515e-05 1.595e-05 7e-06 1.27e-05 1.3e-05 1.295e-05 1.75e-05 1.665e-05 1.195e-05 1.075e-05 1.775e-05 1.495e-05 1.36e-05 1.56e-05 1.485e-05 1.4e-05 1.63e-05 1.465e-05 1.42e-05 1.215e-05 1.465e-05 1.475e-05 1.24e-05 1.555e-05 1.58e-05 7.45e-06 1.385e-05 1.69e-05 1.635e-05 1.06e-05 1.605e-05 1.43e-05 1.505e-05
5 1.17e-05 1.52e-05 1.35e-05 1.225e-05 1.675e-05 1.42e-05 1.345e-05 9.2e-06 1.08e-05 1.54e-05 1.42e-05 1.38e-05 1.195e-05 1.43e-05 1.68e-05 1.09e-05 1e-05 1.135e-05 1.555e-05 1.065e-05 1.16e-05 1.36e-05 1.125e-05 1.29e-05 8.7e-06 1.58e-05 1.43e-05 1.375e-05 1.245e-05 9.9e-06 1.135e-05 1.635e-05 1e-05 1.125e-05 1.18e-05 1.185e-05 1.585e-05 1.13e-05 1.02e-05 1.285e-05 1.175e-05 1.39e-05 1.58e-05 1.115e-05 1.155e-05 7.7e-06 1.505e-05 8.9e-06 1.07e-05 1.245e-05 1.285e-05 1.065e-05 1.29e-05 1.375e-05 1.02e-05 9.9e-06 1.25e-05 1.14e-05 1.25e-05 1.06e-05 1.185e-05 9.65e-06 1.65e-05 1.08e-05 1.215e-05 1.215e-05 1.555e-05 1.09e-05 1.05e-05 1.76e-05 1.135e-05 1.655e-05 1.335e-05 1.2e-05 7.3e-06 1.505e-05 1.74e-05 1.23e-05 1.125e-05 1.63e-05 1.005e-05 9.35e-06 1.235e-05 1.07e-05 1.825e-05 1.095e-05 1.715e-05 1.095e-05 1.25e-05 1.3e-05 1.585e-05 1.185e-05 1.565e-05 1.01e-05 1.125e-05 1.385e-05 1.765e-05 9.4e-06 1.07e-05 1.135e-05
6 1.08e-05 1.22e-05 1.08e-05 1.245e-05 1.19e-05 1.345e-05 1.58e-05 1.345e-05 1.215e-05 1.35e-05 1.37e-05 1.035e-05 1.025e-05 1.17e-05 1.56e-05 1.315e-05 1.37e-05 1.22e-05 9.4e-06 9.75e-06 1.36e-05 1.155e-05 1.055e-05 1.31e-05 1.165e-05 1.41e-05 1.46e-05 1.385e-05 9.35e-06 1.105e-05 1.055e-05 1.255e-05 1.185e-05 1.245e-05 1.08e-05 1.175e-05 1.345e-05 1.045e-05 9.5e-06 1.275e-05 1.27e-05 9.7e-06 1.45e-05 1.035e-05 1.135e-05 1.45e-05 1.25e-05 1.24e-05 1.005e-05 1.215e-05 1.245e-05 1.075e-05 9.75e-06 1.62e-05 1.29e-05 1.46e-05 9.4e-06 1.32e-05 9.4e-06 1.3e-05 9.95e-06 1.155e-05 1.165e-05 1.145e-05 9.55e-06 1.3e-05 1.495e-05 1.305e-05 1.065e-05 1.145e-05 1.085e-05 1.39e-05 1.325e-05 1.18e-05 1.335e-05 1.315e-05 1.4e-05 1.29e-05 8.25e-06 1.38e-05 1.12e-05 1.4e-05 1.235e-05 8.85e-06 1.705e-05 1.47e-05 1.475e-05 9.25e-06 1.245e-05 1.18e-05 1.445e-05 1.63e-05 9.45e-06 1.065e-05 1.125e-05 1.445e-05 1.32e-05 1.33e-05 9.1e-06 8.2e-06
7 1.24e-05 1.485e-05 1.29e-05 1.14e-05 1.645e-05 9.2e-06 1.345e-05 1.46e-05 9.8e-06 1.44e-05 1.34e-05 1.37e-05 1.14e-05 1.41e-05 1.615e-05 1.05e-05 9.3e-06 1.125e-05 1.5e-05 1.065e-05 1.03e-05 1.26e-05 1.255e-05 1.245e-05 8.85e-06 1.555e-05 1.29e-05 1.32e-05 1.215e-05 1.155e-05 1e-05 1.595e-05 9.9e-06 1.09e-05 1.165e-05 1.11e-05 1.64e-05 1.255e-05 9e-06 1.075e-05 1.105e-05 1.305e-05 1.475e-05 9.35e-06 1.145e-05 7.95e-06 1.49e-05 8.75e-06 8.8e-06 1.155e-05 1.27e-05 1.05e-05 1.275e-05 1.365e-05 1.115e-05 8.95e-06 1.22e-05 1.085e-05 1.22e-05 1.025e-05 1.085e-05 1.06e-05 1.62e-05 1.035e-05 1.17e-05 1.11e-05 1.495e-05 1.195e-05 1.04e-05 1.73e-05 1.265e-05 1.565e-05 1.24e-05 1.05e-05 9.1e-06 1.405e-05 1.67e-05 9.85e-06 1.11e-05 1.6e-05 1.17e-05 9.2e-06 1.17e-05 9.9e-06 1.735e-05 1.095e-05 1.66e-05 1.09e-05 1.165e-05 1.28e-05 1.365e-05 1.125e-05 1.51e-05 1.145e-05 9.25e-06 1.115e-05 1.7e-05 8.3e-06 1.15e-05 1.12e-05
8 1.22e-05 1.34e-05 9.5e-06 1.18e-05 1.395e-05 1.08e-05 1.215e-05 9.8e-06 1.42e-05 1.375e-05 1.115e-05 1.34e-05 1.02e-05 1.295e-05 1.48e-05 1.09e-05 1.105e-05 1.22e-05 1.28e-05 1.06e-05 1.15e-05 1.2e-05 1.205e-05 1.085e-05 1.015e-05 1.385e-05 1.34e-05 1.17e-05 8.25e-06 9.5e-06 7.9e-06 1.29e-05 9.8e-06 1.04e-05 9.25e-06 1.27e-05 1.355e-05 1.205e-05 9.25e-06 1.015e-05 1.135e-05 1.24e-05 1.385e-05 9.95e-06 1.135e-05 9.55e-06 1.325e-05 1.01e-05 1e-05 9.45e-06 1.085e-05 9.2e-06 9.15e-06 1.33e-05 1.18e-05 1.095e-05 8.3e-06 9.8e-06 8.3e-06 1.07e-05 8.3e-06 1.14e-05 1.37e-05 9.2e-06 1.08e-05 1.05e-05 1.34e-05 1.225e-05 1.005e-05 1.485e-05 1.225e-05 1.46e-05 1.13e-05 1.15e-05 1.07e-05 1.34e-05 1.415e-05 1.135e-05 9.7e-06 1.2e-05 9.45e-06 1.07e-05 1.115e-05 9.7e-06 1.58e-05 1.045e-05 1.44e-05 8.55e-06 1.025e-05 8.65e-06 1.32e-05 1.265e-05 1.29e-05 1.21e-05 1e-05 1.245e-05 1.455e-05 9.6e-06 1.03e-05 9.8e-06
9 1.335e-05 1.385e-05 1.215e-05 1.355e-05 1.23e-05 1.54e-05 1.35e-05 1.44e-05 1.375e-05 2.06e-05 1.41e-05 1.445e-05 1.31e-05 1.19e-05 1.585e-05 1.35e-05 1.375e-05 1.46e-05 1.23e-05 1.33e-05 1.44e-05 1.215e-05 1.375e-05 1.395e-05 1.46e-05 1.42e-05 1.355e-05 1.555e-05 1.3e-05 1.4e-05 1.315e-05 1.38e-05 1.45e-05 1.265e-05 1.33e-05 1.425e-05 1.41e-05 1.375e-05 1.315e-05 1.375e-05 1.375e-05 1.385e-05 1.29e-05 1.355e-05 1.375e-05 1.495e-05 1.39e-05 1.375e-05 1.315e-05 1.4e-05 1.4e-05 1.33e-05 1.21e-05 1.54e-05 1.505e-05 1.58e-05 1.305e-05 1.52e-05 1.305e-05 1.48e-05 1.34e-05 1.255e-05 1.19e-05 1.335e-05 1.195e-05 1.565e-05 1.325e-05 1.51e-05 1.435e-05 1.195e-05 1.375e-05 1.41e-05 1.445e-05 1.05e-05 1.53e-05 1.06e-05 1.295e-05 1.49e-05 1.295e-05 1.4e-05 1.415e-05 1.48e-05 1.375e-05 1.345e-05 1.505e-05 1.535e-05 1.405e-05 1.29e-05 1.215e-05 1.345e-05 1.4e-05 1.57e-05 1.24e-05 1.38e-05 1.185e-05 1.42e-05 1.375e-05 1.485e-05 1.32e-05 1.305e-05
10 1.46e-05 1.345e-05 1.22e-05 1.47e-05 1.43e-05 1.42e-05 1.37e-05 1.34e-05 1.115e-05 1.41e-05 1.92e-05 1.505e-05 1.295e-05 1.315e-05 1.395e-05 1.43e-05 1.435e-05 1.495e-05 1.445e-05 1.325e-05 1.41e-05 1.465e-05 1.455e-05 1.385e-05 1.345e-05 1.39e-05 1.2e-05 1.37e-05 1.085e-05 1.2e-05 1.08e-05 1.27e-05 1.31e-05 1.375e-05 1.195e-05 1.54e-05 1.345e-05 1.455e-05 1.215e-05 1.31e-05 1.445e-05 1.39e-05 1.395e-05 1.315e-05 1.425e-05 1.355e-05 1.305e-05 1.35e-05 1.27e-05 1.18e-05 1.375e-05 1.19e-05 1.175e-05 1.4e-05 1.42e-05 1.335e-05 1.09e-05 1.265e-05 1.09e-05 1.35e-05 1.08e-05 1.405e-05 1.405e-05 1.2e-05 1.33e-05 1.2e-05 1.35e-05 1.49e-05 1.13e-05 1.42e-05 1.48e-05 1.46e-05 1.365e-05 1.42e-05 1.41e-05 1.375e-05 1.405e-05 1.34e-05 1.21e-05 1.185e-05 1.22e-05 1.435e-05 1.345e-05 1.22e-05 1.165e-05 1.4e-05 1.435e-05 1.1e-05 1.285e-05 1.135e-05 1.33e-05 1.2e-05 1.455e-05 1.46e-05 1.305e-05 1.12e-05 1.435e-05 1.33e-05 1.28e-05 1.22e-05
11 1.185e-05 1.46e-05 1.15e-05 1.175e-05 1.2e-05 1.38e-05 1.035e-05 1.37e-05 1.34e-05 1.445e-05 1.505e-05 1.64e-05 1.21e-05 1.365e-05 1.435e-05 1.275e-05 1.415e-05 8.7e-06 9.65e-06 1.05e-05 1.32e-05 1.095e-05 1.16e-05 1.295e-05 1.34e-05 1.275e-05 1.63e-05 1.26e-05 1.18e-05 1.25e-05 1.19e-05 1.425e-05 1.32e-05 1.285e-05 1.02e-05 9.85e-06 1.385e-05 1.15e-05 1.22e-05 1.335e-05 1.27e-05 1.05e-05 1.435e-05 1.145e-05 8.95e-06 1.43e-05 1.445e-05 1.31e-05 1.285e-05 1.26e-05 1.11e-05 1.015e-05 1.075e-05 1.555e-05 1.36e-05 1.395e-05 1.185e-05 1.415e-05 1.185e-05 1.195e-05 1.215e-05 1.335e-05 1.175e-05 1.205e-05 1.16e-05 1.24e-05 1.54e-05 1.26e-05 1.2e-05 1.16e-05 1.19e-05 1.415e-05 1.3e-05 1.37e-05 1.37e-05 1.41e-05 1.395e-05 1.255e-05 1.205e-05 1.425e-05 1.265e-05 1.35e-05 1.275e-05 1.25e-05 1.765e-05 1.405e-05 1.44e-05 1.18e-05 1.37e-05 1.225e-05 1.505e-05 1.655e-05 9.7e-06 1.175e-05 1.295e-05 1.595e-05 1.325e-05 1.355e-05 1.16e-05 1.215e-05
12 1.125e-05 1.045e-05 1.04e-05 8.75e-06 1.35e-05 1.195e-05 1.025e-05 1.14e-05 1.02e-05 1.31e-05 1.295e-05 1.21e-05 1.29e-05 1.155e-05 1.38e-05 1.22e-05 1.18e-05 1.04e-05 1.22e-05 8.35e-06 1.2e-05 1.09e-05 1.1e-05 8.15e-06 1.015e-05 1.225e-05 1.375e-05 1.095e-05 7.85e-06 1.01e-05 9.2e-06 1.075e-05 9.8e-06 1.155e-05 9.25e-06 1.07e-05 1.255e-05 1.1e-05 8.3e-06 9.85e-06 6.95e-06 1.16e-05 1.22e-05 8.7e-06 9.5e-06 1.22e-05 1.11e-05 1.06e-05 8.7e-06 8.8e-06 9.5e-06 9.2e-06 9.05e-06 1.41e-05 9.8e-06 1.285e-05 7.9e-06 1.13e-05 7.9e-06 1.115e-05 8.5e-06 1.05e-05 1.325e-05 8e-06 9.3e-06 1.16e-05 1.2e-05 9.75e-06 1.02e-05 1.435e-05 1.115e-05 1.28e-05 8.25e-06 1.035e-05 1.185e-05 1.275e-05 1.33e-05 1.115e-05 6.9e-06 1.225e-05 1.025e-05 9.9e-06 9.25e-06 7.55e-06 1.6e-05 1.15e-05 1.13e-05 8.15e-06 9.8e-06 9.15e-06 1.265e-05 1.5e-05 1.23e-05 1.105e-05 9.8e-06 1.345e-05 1.315e-05 1.135e-05 8.65e-06 6.85e-06
13 1.36e-05 1.185e-05 1.175e-05 1.34e-05 1.135e-05 1.43e-05 1.17e-05 1.41e-05 1.295e-05 1.19e-05 1.315e-05 1.365e-05 1.155e-05 1.89e-05 1.505e-05 1.255e-05 1.43e-05 1.345e-05 1.18e-05 1.105e-05 1.41e-05 1.19e-05 1.345e-05 1.355e-05 1.235e-05 1.35e-05 1.385e-05 1.465e-05 1.15e-05 1.345e-05 1.305e-05 1.23e-05 1.245e-05 1.185e-05 1.26e-05 1.375e-05 1.375e-05 1.345e-05 1.145e-05 1.39e-05 1.34e-05 1.34e-05 1.245e-05 1.345e-05 1.26e-05 1.375e-05 1.22e-05 1.31e-05 1.2e-05 1.37e-05 1.32e-05 1.255e-05 1.125e-05 1.46e-05 1.445e-05 1.49e-05 1.155e-05 1.365e-05 1.155e-05 1.345e-05 1.205e-05 1.375e-05 1.14e-05 1.3e-05 9.95e-06 1.48e-05 1.37e-05 1.47e-05 1.33e-05 1.15e-05 1.34e-05 1.405e-05 1.415e-05 1.375e-05 1.42e-05 1.155e-05 1.255e-05 1.46e-05 9.85e-06 1.375e-05 1.36e-05 1.395e-05 1.39e-05 1.07e-05 1.41e-05 1.445e-05 1.37e-05 1.105e-05 1.33e-05 1.31e-05 1.425e-05 1.42e-05 1.19e-05 1.345e-05 1.355e-05 1.375e-05 1.375e-05 1.42e-05 1.125e-05 1.01e-05
14 1.64e-05 1.295e-05 1.475e-05 1.36e-05 1.615e-05 1.68e-05 1.56e-05 1.615e-05 1.48e-05 1.585e-05 1.395e-05 1.435e-05 1.38e-05 1.505e-05 1.94e-05 1.685e-05 1.685e-05 1.205e-05 1.625e-05 1.295e-05 1.52e-05 1.465e-05 1.62e-05 1.3e-05 1.61e-05 1.065e-05 1.555e-05 1.095e-05 1.365e-05 1.465e-05 1.38e-05 1.19e-05 1.59e-05 1.66e-05 1.23e-05 1.455e-05 1.24e-05 1.62e-05 1.445e-05 1.365e-05 1.395e-05 1.53e-05 1.475e-05 1.445e-05 1.165e-05 1.715e-05 1.21e-05 1.6e-05 1.48e-05 1.34e-05 1.19e-05 1.225e-05 1.325e-05 1.37e-05 1.5e-05 1.48e-05 1.37e-05 1.455e-05 1.37e-05 1.4e-05 1.355e-05 1.585e-05 1.59e-05 1.345e-05 1.52e-05 1.15e-05 1.255e-05 1.505e-05 1.395e-05 1.6e-05 1.65e-05 1.34e-05 1.32e-05 1.59e-05 1.67e-05 1.55e-05 1.3e-05 1.23e-05 1.425e-05 1.155e-05 1.48e-05 1.57e-05 1.435e-05 1.425e-05 1.235e-05 1.51e-05 1.24e-05 1.365e-05 1.475e-05 1.245e-05 1.245e-05 1.63e-05 1.635e-05 1.63e-05 1.52e-05 1.495e-05 1.3e-05 1.625e-05 1.47e-05 1.435e-05
15 1.215e-05 1.585e-05 1.02e-05 1.275e-05 1.18e-05 1.09e-05 1.315e-05 1.05e-05 1.09e-05 1.35e-05 1.43e-05 1.275e-05 1.22e-05 1.255e-05 1.685e-05 1.39e-05 1.11e-05 1.27e-05 1.01e-05 1.275e-05 1.135e-05 1.005e-05 1.22e-05 1.2e-05 1.005e-05 1.575e-05 1.525e-05 1.335e-05 1.285e-05 1.395e-05 1.355e-05 1.56e-05 9.9e-06 7.4e-06 1.29e-05 1.155e-05 1.62e-05 1.23e-05 1.34e-05 1.305e-05 1.23e-05 1.36e-05 1.305e-05 1.415e-05 1.29e-05 7.55e-06 1.575e-05 1.035e-05 1.355e-05 1.315e-05 1.235e-05 1.285e-05 1.18e-05 1.285e-05 1.41e-05 1.085e-05 1.29e-05 1.115e-05 1.29e-05 1.13e-05 1.315e-05 1.44e-05 1.165e-05 1.26e-05 9.8e-06 1.455e-05 1.54e-05 1.32e-05 1.39e-05 1.28e-05 1.215e-05 1.485e-05 1.275e-05 1.435e-05 1.08e-05 1.315e-05 1.295e-05 1.445e-05 1.265e-05 1.6e-05 1.41e-05 9.65e-06 1.325e-05 1.305e-05 1.72e-05 9.7e-06 1.515e-05 1.28e-05 1.295e-05 1.225e-05 1.65e-05 1.135e-05 1.015e-05 1.24e-05 1.42e-05 1.49e-05 1.435e-05 1.08e-05 1.32e-05 1.275e-05
16 1.275e-05 1.495e-05 1.315e-05 1.165e-05 1.685e-05 1e-05 1.37e-05 9.3e-06 1.105e-05 1.375e-05 1.435e-05 1.415e-05 1.18e-05 1.43e-05 1.685e-05 1.11e-05 1.57e-05 1.17e-05 1.53e-05 1.09e-05 1.085e-05 1.26e-05 1.29e-05 1.28e-05 9.4e-06 1.58e-05 1.235e-05 1.39e-05 1.24e-05 1.2e-05 1.135e-05 1.605e-05 1.05e-05 1.075e-05 1.205e-05 1.155e-05 1.675e-05 1.29e-05 1.02e-05 1.225e-05 1.17e-05 1.36e-05 1.57e-05 1.115e-05 1.19e-05 7.85e-06 1.495e-05 8.4e-06 1.03e-05 1.25e-05 1.295e-05 1.095e-05 1.3e-05 1.42e-05 1.22e-05 1e-05 1.245e-05 1.19e-05 1.245e-05 1.125e-05 1.19e-05 1e-05 1.66e-05 1.09e-05 1.18e-05 1.25e-05 1.44e-05 1.255e-05 1.155e-05 1.77e-05 1.3e-05 1.59e-05 1.34e-05 8.75e-06 9.9e-06 1.325e-05 1.68e-05 1.2e-05 1.12e-05 1.62e-05 1.215e-05 1.005e-05 1.28e-05 1.08e-05 1.815e-05 1.15e-05 1.695e-05 1.11e-05 1.015e-05 1.3e-05 1.515e-05 1.255e-05 1.54e-05 1.18e-05 9.55e-06 1.34e-05 1.71e-05 9.95e-06 1.185e-05 1.13e-05
17 1.25e-05 1.31e-05 1.195e-05 7.6e-06 1.62e-05 1.135e-05 1.22e-05 1.125e-05 1.22e-05 1.46e-05 1.495e-05 8.7e-06 1.04e-05 1.345e-05 1.205e-05 1.27e-05 1.17e-05 3.2e-06 1.42e-05 4.9e-06 9.1e-06 8.55e-06 1.215e-05 1.2e-05 1.06e-05 9.65e-06 1.495e-05 9.8e-06 1.075e-05 1.055e-05 1.015e-05 1.41e-05 1.165e-05 1.285e-05 6.2e-06 6.85e-06 1.46e-05 1.215e-05 8.85e-06 1.18e-05 1.075e-05 1.26e-05 1.53e-05 9.2e-06 1.6e-06 1.265e-05 1.305e-05 1.065e-05 9.3e-06 1.135e-05 7.5e-06 5.05e-06 1e-05 1.525e-05 1.105e-05 1.085e-05 1.08e-05 1.24e-05 1.08e-05 7.15e-06 1.015e-05 1.015e-05 1.595e-05 9.65e-06 1.045e-05 7.95e-06 1.485e-05 1.135e-05 9.45e-06 1.71e-05 1.225e-05 1.5e-05 1.255e-05 1.05e-05 1.125e-05 1.425e-05 1.53e-05 8.1e-06 9.4e-06 1.445e-05 1.07e-05 1.165e-05 1.175e-05 8.9e-06 1.845e-05 1.325e-05 1.53e-05 9.5e-06 1.205e-05 1.195e-05 1.4e-05 1.595e-05 1.43e-05 1.105e-05 9.95e-06 1.46e-05 1.605e-05 1.155e-05 9.85e-06 9.5e-06
18 9.95e-06 1.515e-05 7.95e-06 1.35e-05 7.35e-06 1.555e-05 9.4e-06 1.5e-05 1.28e-05 1.23e-05 1.445e-05 9.65e-06 1.22e-05 1.18e-05 1.625e-05 1.01e-05 1.53e-05 1.42e-05 8.8e-06 1.36e-05 1.405e-05 9e-06 1e-05 1.255e-05 1.495e-05 1.46e-05 1.65e-05 1.405e-05 1.13e-05 1.34e-05 1.27e-05 1.36e-05 1.355e-05 9.4e-06 1.22e-05 1.21e-05 1.31e-05 1e-05 1.41e-05 1.32e-05 1.35e-05 1e-05 1.23e-05 1.33e-05 1.335e-05 1.48e-05 1.5e-05 1.46e-05 1.44e-05 1.295e-05 1.25e-05 1.325e-05 9.35e-06 1.585e-05 1.525e-05 1.6e-05 1.135e-05 1.41e-05 1.135e-05 1.425e-05 1.255e-05 1.495e-05 7.2e-06 1.335e-05 9.2e-06 1.575e-05 1.525e-05 1.395e-05 1.39e-05 7.05e-06 1.015e-05 1.275e-05 1.275e-05 1.47e-05 1.545e-05 1.195e-05 1.025e-05 1.545e-05 1.265e-05 1.37e-05 1.355e-05 1.455e-05 1.265e-05 1.4e-05 1.69e-05 1.39e-05 1.315e-05 1.25e-05 1.335e-05 1.125e-05 1.535e-05 1.68e-05 4.55e-06 1.145e-05 1.445e-05 1.62e-05 1.03e-05 1.49e-05 1.21e-05 1.275e-05
19 1.11e-05 1.055e-05 1.09e-05 7.95e-06 1.575e-05 1.065e-05 9.75e-06 1.065e-05 1.06e-05 1.33e-05 1.325e-05 1.05e-05 8.35e-06 1.105e-05 1.295e-05 1.275e-05 1.09e-05 4.9e-06 1.36e-05 7.3e-06 9.15e-06 8.8e-06 1.075e-05 1.18e-05 8.8e-06 1.065e-05 1.29e-05 1.07e-05 8.1e-06 8.75e-06 8.45e-06 1.22e-05 1.01e-05 1.21e-05 6.45e-06 8.4e-06 1.385e-05 1.075e-05 5.7e-06 1.085e-05 1.04e-05 1.145e-05 1.51e-05 7.75e-06 3.7e-06 1.25e-05 1.09e-05 9.6e-06 6.3e-06 1.055e-05 8.5e-06 5.3e-06 8.75e-06 1.555e-05 1e-05 1.115e-05 8.15e-06 1.11e-05 8.15e-06 7.9e-06 7.75e-06 8e-06 1.55e-05 8.7e-06 7.95e-06 8.2e-06 1.405e-05 1.145e-05 7.75e-06 1.66e-05 1.085e-05 1.44e-05 1.245e-05 8.25e-06 1.055e-05 1.295e-05 1.5e-05 8.1e-06 5.3e-06 1.365e-05 8.9e-06 1.18e-05 1.1e-05 5.2e-06 1.75e-05 1.355e-05 1.53e-05 6.5e-06 1.045e-05 1.115e-05 1.305e-05 1.535e-05 1.37e-05 9.6e-06 7.9e-06 1.275e-05 1.565e-05 1.095e-05 6.9e-06 5.5e-06
20 1.21e-05 1.5e-05 1.24e-05 9.35e-06 1.635e-05 1.16e-05 1.36e-05 1.03e-05 1.15e-05 1.44e-05 1.41e-05 1.32e-05 1.2e-05 1.41e-05 1.52e-05 1.135e-05 1.085e-05 9.1e-06 1.405e-05 9.15e-06 1.31e-05 9.1e-06 1.255e-05 1.31e-05 1.08e-05 1.38e-05 1.32e-05 1.255e-05 1.275e-05 1.26e-05 1.175e-05 1.595e-05 1.185e-05 1.085e-05 1.05e-05 1.025e-05 1.68e-05 1.255e-05 1.04e-05 1.21e-05 1.2e-05 1.37e-05 1.485e-05 1.125e-05 8.2e-06 1.045e-05 1.49e-05 1.09e-05 1.01e-05 1.225e-05 1.125e-05 9.35e-06 1.26e-05 1.535e-05 1.195e-05 1.025e-05 1.28e-05 1.18e-05 1.28e-05 8.4e-06 1.165e-05 1.13e-05 1.61e-05 1.13e-05 1.085e-05 1.055e-05 1.59e-05 1.375e-05 1.095e-05 1.72e-05 1.265e-05 1.52e-05 1.3e-05 1.075e-05 1.15e-05 1.4e-05 1.56e-05 1.02e-05 1.135e-05 1.635e-05 1.275e-05 1.15e-05 1.215e-05 1.035e-05 1.745e-05 1.295e-05 1.675e-05 1.15e-05 1.23e-05 1.345e-05 1.47e-05 1.33e-05 1.415e-05 1.145e-05 1.065e-05 1.255e-05 1.63e-05 1.135e-05 1.215e-05 1.145e-05
21 1.025e-05 1.395e-05 8.4e-06 8.9e-06 1.195e-05 1.36e-05 1.155e-05 1.26e-05 1.2e-05 1.215e-05 1.465e-05 1.095e-05 1.09e-05 1.19e-05 1.465e-05 1.005e-05 1.26e-05 8.55e-06 9e-06 8.8e-06 9.1e-06 1.12e-05 1.06e-05 1.21e-05 1.255e-05 1.23e-05 1.49e-05 1.205e-05 1.055e-05 1.185e-05 1.125e-05 1.375e-05 1.24e-05 9.4e-06 9e-06 9.55e-06 1.425e-05 1.07e-05 1.105e-05 1.17e-05 1.205e-05 1.24e-05 1.365e-05 1.135e-05 7.35e-06 1.365e-05 1.39e-05 1.255e-05 1.08e-05 1.21e-05 9.8e-06 8.95e-06 8.9e-06 1.595e-05 1.32e-05 1.295e-05 1.06e-05 1.275e-05 1.06e-05 1.06e-05 1.085e-05 1.155e-05 1.18e-05 1.135e-05 7.95e-06 1.2e-05 1.51e-05 1.32e-05 1.175e-05 1.29e-05 1.055e-05 1.355e-05 1.28e-05 1.06e-05 1.35e-05 1.175e-05 1.16e-05 1.135e-05 1.03e-05 1.42e-05 1.2e-05 1.32e-05 1.175e-05 1.07e-05 1.8e-05 1.36e-05 1.445e-05 1.05e-05 1.155e-05 1.135e-05 1.425e-05 1.66e-05 9.05e-06 1.08e-05 1.115e-05 1.48e-05 1.305e-05 1.33e-05 1.075e-05 1.04e-05
22 8.05e-06 1.445e-05 1.005e-05 1.175e-05 1.255e-05 1.125e-05 1.055e-05 1.255e-05 1.205e-05 1.375e-05 1.455e-05 1.16e-05 1.1e-05 1.345e-05 1.62e-05 1.22e-05 1.29e-05 1.215e-05 1e-05 1.075e-05 1.255e-05 1.06e-05 1.49e-05 1.235e-05 1.265e-05 1.465e-05 1.52e-05 1.355e-05 1.04e-05 9.05e-06 1.035e-05 1.43e-05 1.27e-05 1.15e-05 1.065e-05 1.1e-05 1.295e-05 7.85e-06 1.045e-05 1.185e-05 1.19e-05 1.115e-05 1.485e-05 1.015e-05 1.13e-05 1.385e-05 1.425e-05 1.22e-05 1.055e-05 1.165e-05 1.21e-05 1.06e-05 9.95e-06 1.645e-05 1.06e-05 1.39e-05 1.045e-05 1.34e-05 1.045e-05 1.26e-05 1.075e-05 9.25e-06 1.23e-05 1.095e-05 9.95e-06 1.29e-05 1.52e-05 1.09e-05 1.02e-05 1.34e-05 7.8e-06 1.375e-05 1.235e-05 1.085e-05 1.12e-05 1.34e-05 1.395e-05 1.235e-05 1.045e-05 1.425e-05 9.2e-06 1.325e-05 1.07e-05 1.085e-05 1.86e-05 1.405e-05 1.5e-05 1.015e-05 1.17e-05 1.135e-05 1.445e-05 1.695e-05 1.01e-05 7.8e-06 1.07e-05 1.485e-05 1.3e-05 1.285e-05 9.05e-06 1.055e-05
23 1.25e-05 1.26e-05 1.17e-05 8.25e-06 1.285e-05 1.29e-05 1.31e-05 1.245e-05 1.085e-05 1.395e-05 1.385e-05 1.295e-05 8.15e-06 1.355e-05 1.3e-05 1.2e-05 1.28e-05 1.2e-05 1.255e-05 1.18e-05 1.31e-05 1.21e-05 1.235e-05 7.9e-06 1.245e-05 1.15e-05 1.515e-05 8.9e-06 1.18e-05 1.255e-05 1.17e-05 1.215e-05 1.225e-05 1.135e-05 1.105e-05 1.16e-05 1.245e-05 1.235e-05 1.245e-05 8.8e-06 4.15e-06 1.355e-05 1.03e-05 1.095e-05 1.11e-05 1.12e-05 1.235e-05 1.195e-05 1.3e-05 8.55e-06 7.5e-06 1.1e-05 1.155e-05 1.205e-05 1e-05 1.375e-05 1.185e-05 1.285e-05 1.185e-05 1.2e-05 1.205e-05 1.345e-05 1.26e-05 7.6e-06 1.225e-05 1.325e-05 9.9e-06 9.95e-06 1.305e-05 1.375e-05 1.255e-05 1.135e-05 5.4e-06 1.335e-05 1.28e-05 1.36e-05 1.205e-05 1.345e-05 1.25e-05 1.17e-05 1.27e-05 8e-06 9.35e-06 1.285e-05 1.435e-05 8.2e-06 8.85e-06 1.18e-05 1.005e-05 7.55e-06 1.265e-05 1.44e-05 1.265e-05 1.24e-05 1.28e-05 1.49e-05 1.15e-05 1.235e-05 1.275e-05 1.26e-05
24 1.29e-05 1.28e-05 1.29e-05 1.16e-05 1.625e-05 8.7e-06 1.165e-05 8.85e-06 1.015e-05 1.46e-05 1.345e-05 1.34e-05 1.015e-05 1.235e-05 1.61e-05 1.005e-05 9.4e-06 1.06e-05 1.495e-05 8.8e-06 1.08e-05 1.255e-05 1.265e-05 1.245e-05 1.31e-05 1.515e-05 1.325e-05 1.305e-05 1.08e-05 1.15e-05 1.13e-05 1.445e-05 8.1e-06 1.04e-05 1.14e-05 1.11e-05 1.645e-05 1.265e-05 8.7e-06 1.25e-05 1.14e-05 1.325e-05 1.515e-05 1.11e-05 1.08e-05 7.15e-06 1.315e-05 8.05e-06 9.1e-06 1.225e-05 1.22e-05 1.025e-05 1.21e-05 1.32e-05 1.165e-05 9.35e-06 1.085e-05 1.015e-05 1.085e-05 9.95e-06 1.045e-05 1.09e-05 1.6e-05 1.06e-05 1.01e-05 1.17e-05 1.5e-05 1.22e-05 1.055e-05 1.71e-05 1.275e-05 1.59e-05 1.315e-05 1.135e-05 8.6e-06 1.425e-05 1.655e-05 1.18e-05 8.15e-06 1.6e-05 1.165e-05 9e-06 1.285e-05 7.8e-06 1.725e-05 1.04e-05 1.665e-05 9.45e-06 1.195e-05 1.27e-05 1.55e-05 1.085e-05 1.505e-05 1.15e-05 1.09e-05 1.305e-05 1.715e-05 9.1e-06 1.01e-05 8.1e-06
25 1.485e-05 1.145e-05 1.325e-05 1.125e-05 1.45e-05 1.58e-05 1.41e-05 1.555e-05 1.385e-05 1.42e-05 1.39e-05 1.275e-05 1.225e-05 1.35e-05 1.065e-05 1.575e-05 1.58e-05 9.65e-06 1.46e-05 1.065e-05 1.38e-05 1.23e-05 1.465e-05 1.15e-05 1.515e-05 1.68e-05 1.535e-05 1.18e-05 1.23e-05 1.325e-05 1.28e-05 1.055e-05 1.495e-05 1.51e-05 1.005e-05 1.29e-05 1.095e-05 1.465e-05 1.34e-05 1.265e-05 1.225e-05 1.48e-05 1.385e-05 1.325e-05 8.45e-06 1.625e-05 1.075e-05 1.495e-05 1.375e-05 1.27e-05 9.65e-06 1e-05 1.175e-05 1.28e-05 1.42e-05 1.59e-05 1.235e-05 1.52e-05 1.235e-05 1.25e-05 1.265e-05 1.43e-05 1.425e-05 1.195e-05 1.365e-05 1.3e-05 1.11e-05 1.395e-05 1.375e-05 1.435e-05 1.49e-05 1.19e-05 1.25e-05 1.43e-05 1.57e-05 1.385e-05 1.15e-05 1.345e-05 1.285e-05 1.025e-05 1.34e-05 1.46e-05 1.35e-05 1.33e-05 1.23e-05 1.42e-05 1.095e-05 1.23e-05 1.33e-05 1.115e-05 1.145e-05 1.665e-05 1.47e-05 1.475e-05 1.405e-05 1.52e-05 1.165e-05 1.565e-05 1.32e-05 1.295e-05
26 1.505e-05 1.425e-05 1.525e-05 1.39e-05 1.66e-05 1.43e-05 1.46e-05 1.29e-05 1.34e-05 1.355e-05 1.2e-05 1.63e-05 1.375e-05 1.385e-05 1.555e-05 1.525e-05 1.235e-05 1.495e-05 1.65e-05 1.29e-05 1.32e-05 1.49e-05 1.52e-05 1.515e-05 1.325e-05 1.535e-05 1.96e-05 1.545e-05 1.42e-05 1.425e-05 1.29e-05 1.525e-05 1.435e-05 1.45e-05 1.42e-05 1.47e-05 1.615e-05 1.52e-05 1.16e-05 1.405e-05 1.39e-05 1.445e-05 1.475e-05 1.28e-05 1.425e-05 1.365e-05 1.415e-05 1.265e-05 1.17e-05 1.38e-05 1.535e-05 1.31e-05 1.51e-05 1.56e-05 1.385e-05 1.35e-05 1.425e-05 1.415e-05 1.425e-05 1.36e-05 1.32e-05 1.235e-05 1.635e-05 1.295e-05 1.375e-05 1.31e-05 1.39e-05 1.585e-05 1.19e-05 1.65e-05 1.535e-05 1.535e-05 1.47e-05 1.09e-05 1.42e-05 1.305e-05 1.63e-05 1.29e-05 1.285e-05 1.555e-05 1.44e-05 1.42e-05 1.42e-05 1.195e-05 1.32e-05 1.575e-05 1.635e-05 1.29e-05 1.195e-05 1.52e-05 1.41e-05 1.225e-05 1.66e-05 1.41e-05 1.12e-05 1.065e-05 1.65e-05 1.355e-05 1.37e-05 1.295e-05
27 1.38e-05 1.38e-05 1.2e-05 1.085e-05 1.52e-05 1.375e-05 1.385e-05 1.32e-05 1.17e-05 1.555e-05 1.37e-05 1.26e-05 1.095e-05 1.465e-05 1.095e-05 1.335e-05 1.39e-05 9.8e-06 1.405e-05 1.07e-05 1.255e-05 1.205e-05 1.355e-05 8.9e-06 1.305e-05 1.18e-05 1.545e-05 1.49e-05 1.135e-05 1.235e-05 1.145e-05 1.305e-05 1.285e-05 1.31e-05 1e-05 1.185e-05 1.36e-05 1.355e-05 1.215e-05 1.045e-05 1.05e-05 1.355e-05 1.38e-05 1.21e-05 9.4e-06 1.33e-05 1.325e-05 1.295e-05 1.265e-05 1.05e-05 8.4e-06 9.95e-06 1.095e-05 1.405e-05 1.215e-05 1.185e-05 1.14e-05 1.15e-05 1.14e-05 1.115e-05 1.125e-05 1.37e-05 1.495e-05 1.055e-05 1.25e-05 9.2e-06 1.31e-05 1.24e-05 1.165e-05 1.61e-05 1.38e-05 1.41e-05 9.95e-06 1.385e-05 1.365e-05 1.52e-05 1.37e-05 1.015e-05 1.2e-05 1.265e-05 1.25e-05 1.205e-05 1.16e-05 1.2e-05 1.555e-05 1.08e-05 1.285e-05 1.135e-05 1.185e-05 9.1e-06 1.37e-05 1.53e-05 1.415e-05 1.36e-05 1.3e-05 1.485e-05 1.385e-05 1.315e-05 1.25e-05 1.21e-05
28 1.065e-05 1.02e-05 6.7e-06 1.195e-05 1.345e-05 1.245e-05 9.35e-06 1.215e-05 8.25e-06 1.3e-05 1.085e-05 1.18e-05 7.85e-06 1.15e-05 1.365e-05 1.285e-05 1.24e-05 1.075e-05 1.13e-05 8.1e-06 1.275e-05 1.055e-05 1.04e-05 1.18e-05 1.08e-05 1.23e-05 1.42e-05 1.135e-05 5.5e-06 6.4e-06 5.6e-06 8.75e-06 9.05e-06 1.215e-05 6.35e-06 1.25e-05 1.055e-05 1.04e-05 7.35e-06 9.9e-06 1.33e-05 1.075e-05 1.56e-05 9e-06 9.9e-06 1.435e-05 1.05e-05 1.125e-05 7.9e-06 8.7e-06 1.01e-05 7.4e-06 4.6e-06 1.505e-05 1.23e-05 1.305e-05 2.8e-06 1.03e-05 2.8e-06 1.22e-05 4.75e-06 9.4e-06 1.32e-05 9.1e-06 8.4e-06 9.85e-06 1.34e-05 1.1e-05 8.55e-06 1.43e-05 1.065e-05 1.43e-05 1.24e-05 9.35e-06 1.235e-05 1.265e-05 1.27e-05 1.08e-05 4.6e-06 9e-06 6.4e-06 1.425e-05 1.05e-05 6.45e-06 1.685e-05 1.3e-05 1.34e-05 4.6e-06 8.9e-06 6.45e-06 1.215e-05 1.71e-05 1.14e-05 1.16e-05 8.8e-06 1.41e-05 1.3e-05 1.165e-05 6.35e-06 4.55e-06
29 9.5e-06 1.275e-05 9.1e-06 1.165e-05 1.545e-05 9.9e-06 1.105e-05 1.155e-05 9.5e-06 1.4e-05 1.2e-05 1.25e-05 1.01e-05 1.345e-05 1.465e-05 1.395e-05 1.2e-05 1.055e-05 1.34e-05 8.75e-06 1.26e-05 1.185e-05 9.05e-06 1.255e-05 1.15e-05 1.325e-05 1.425e-05 1.235e-05 6.4e-06 9.3e-06 6.05e-06 1.235e-05 1.14e-05 1.325e-05 7.2e-06 1.23e-05 1.15e-05 9.1e-06 7.65e-06 1.055e-05 1.27e-05 1.17e-05 1.65e-05 8.1e-06 9.7e-06 1.395e-05 1.245e-05 1.11e-05 8.3e-06 9.35e-06 1.105e-05 7.15e-06 7e-06 1.59e-05 9.45e-06 1.265e-05 6.45e-06 1.2e-05 6.45e-06 1.19e-05 6.85e-06 6.9e-06 1.52e-05 8.65e-06 1.045e-05 9.4e-06 1.42e-05 1e-05 7.6e-06 1.63e-05 9.25e-06 1.525e-05 1.29e-05 8.95e-06 9.85e-06 1.365e-05 1.505e-05 1.035e-05 7.9e-06 1.1e-05 4.95e-06 1.375e-05 1.03e-05 8.45e-06 1.815e-05 1.385e-05 1.53e-05 6.3e-06 9.7e-06 8.45e-06 1.28e-05 1.715e-05 1.35e-05 9.05e-06 8.15e-06 1.395e-05 1.505e-05 1.13e-05 7e-06 8e-06
30 1.05e-05 1.22e-05 8.35e-06 1.07e-05 1.475e-05 1.135e-05 1.055e-05 1e-05 7.9e-06 1.315e-05 1.08e-05 1.19e-05 9.2e-06 1.305e-05 1.38e-05 1.355e-05 1.135e-05 1.015e-05 1.27e-05 8.45e-06 1.175e-05 1.125e-05 1.035e-05 1.17e-05 1.13e-05 1.28e-05 1.29e-05 1.145e-05 5.6e-06 6.05e-06 7.5e-06 1.175e-05 1.095e-05 1.29e-05 6.55e-06 1.16e-05 1.18e-05 1.035e-05 5.75e-06 8.8e-06 1.15e-05 1.035e-05 1.51e-05 5.8e-06 9.3e-06 1.38e-05 1.21e-05 1.06e-05 6.8e-06 7.8e-06 1.055e-05 6.5e-06 6.35e-06 1.555e-05 1.02e-05 1.185e-05 5.65e-06 1.11e-05 5.65e-06 1.125e-05 5.35e-06 7.85e-06 1.45e-05 7.55e-06 1.005e-05 7.85e-06 1.335e-05 1.065e-05 6.95e-06 1.56e-05 1.055e-05 1.45e-05 1.135e-05 7.85e-06 1.125e-05 1.28e-05 1.45e-05 8.3e-06 7.45e-06 1.03e-05 6.25e-06 1.31e-05 9.55e-06 7.35e-06 1.715e-05 1.345e-05 1.44e-05 5.75e-06 8.75e-06 7.7e-06 1.11e-05 1.63e-05 1.28e-05 1.04e-05 5.8e-06 1.175e-05 1.455e-05 9.65e-06 7.45e-06 7.55e-06
31 1.45e-05 9.65e-06 1.165e-05 1.405e-05 1.365e-05 1.635e-05 1.255e-05 1.595e-05 1.29e-05 1.38e-05 1.27e-05 1.425e-05 1.075e-05 1.23e-05 1.19e-05 1.56e-05 1.605e-05 1.41e-05 1.36e-05 1.22e-05 1.595e-05 1.375e-05 1.43e-05 1.215e-05 1.445e-05 1.055e-05 1.525e-05 1.305e-05 8.75e-06 1.235e-05 1.175e-05 1.58e-05 1.285e-05 1.49e-05 1.13e-05 1.545e-05 9.75e-06 1.43e-05 1.265e-05 1.25e-05 1.405e-05 1.4e-05 1.435e-05 1.39e-05 1.325e-05 1.68e-05 9.5e-06 1.495e-05 1.29e-05 1.24e-05 1.18e-05 1.235e-05 9.85e-06 1.285e-05 1.53e-05 1.675e-05 8.8e-06 1.41e-05 8.8e-06 1.53e-05 1.045e-05 1.45e-05 1.34e-05 1.28e-05 1.235e-05 1.47e-05 1.115e-05 1.38e-05 1.39e-05 1.345e-05 1.46e-05 1.215e-05 1.305e-05 1.42e-05 1.625e-05 1.345e-05 1.08e-05 1.505e-05 9.6e-06 8.85e-06 1.25e-05 1.58e-05 1.34e-05 1.13e-05 1.2e-05 1.425e-05 1.05e-05 1.03e-05 1.255e-05 9.75e-06 1.13e-05 1.69e-05 1.37e-05 1.555e-05 1.41e-05 1.525e-05 1.08e-05 1.575e-05 1.14e-05 9.55e-06
32 1.295e-05 1.275e-05 1.135e-05 1.265e-05 1.485e-05 1e-05 1.185e-05 9.9e-06 9.8e-06 1.45e-05 1.31e-05 1.32e-05 9.8e-06 1.245e-05 1.59e-05 9.9e-06 1.05e-05 1.165e-05 1.355e-05 1.01e-05 1.185e-05 1.24e-05 1.27e-05 1.225e-05 8.1e-06 1.495e-05 1.435e-05 1.285e-05 9.05e-06 1.14e-05 1.095e-05 1.285e-05 1.52e-05 1.025e-05 1.105e-05 1.215e-05 1.5e-05 1.27e-05 1e-05 1.23e-05 1.245e-05 1.305e-05 1.5e-05 1.215e-05 1.185e-05 8.2e-06 1.32e-05 9.15e-06 1.04e-05 1.19e-05 1.2e-05 1.1e-05 1.055e-05 1.3e-05 1.295e-05 1.04e-05 9.1e-06 9.8e-06 9.1e-06 1.1e-05 9.8e-06 1.225e-05 1.46e-05 1.135e-05 1.02e-05 1.27e-05 1.485e-05 1.2e-05 1.155e-05 1.57e-05 1.285e-05 1.57e-05 1.295e-05 1.25e-05 9.9e-06 1.415e-05 1.515e-05 1.285e-05 8.05e-06 1.44e-05 1.155e-05 1.005e-05 1.265e-05 8.8e-06 1.705e-05 1.02e-05 1.535e-05 9.35e-06 1.18e-05 1.11e-05 1.53e-05 1.19e-05 1.365e-05 1.275e-05 1.2e-05 1.41e-05 1.57e-05 9.85e-06 1.015e-05 8e-06
33 1.145e-05 1.515e-05 9.5e-06 1.215e-05 1.11e-05 1.125e-05 1.245e-05 1.09e-05 1.04e-05 1.265e-05 1.375e-05 1.285e-05 1.155e-05 1.185e-05 1.66e-05 7.4e-06 1.075e-05 1.285e-05 9.4e-06 1.21e-05 1.085e-05 9.4e-06 1.15e-05 1.135e-05 1.04e-05 1.51e-05 1.45e-05 1.31e-05 1.215e-05 1.325e-05 1.29e-05 1.49e-05 1.025e-05 1.25e-05 1.225e-05 1.17e-05 1.55e-05 1.16e-05 1.275e-05 1.24e-05 1.17e-05 1.335e-05 1.25e-05 1.355e-05 1.23e-05 7.05e-06 1.505e-05 1.01e-05 1.29e-05 1.26e-05 1.17e-05 1.225e-05 1.11e-05 1.33e-05 1.355e-05 1.125e-05 1.22e-05 1.115e-05 1.22e-05 1.08e-05 1.25e-05 1.35e-05 1.095e-05 1.2e-05 9.1e-06 1.445e-05 1.45e-05 1.33e-05 1.335e-05 1.21e-05 1.145e-05 1.42e-05 1.22e-05 1.325e-05 1.115e-05 1.225e-05 1.225e-05 1.425e-05 1.195e-05 1.53e-05 1.34e-05 1.005e-05 1.27e-05 1.24e-05 1.665e-05 1.005e-05 1.455e-05 1.21e-05 1.205e-05 1.155e-05 1.585e-05 1.195e-05 9.45e-06 1.17e-05 1.335e-05 1.44e-05 1.365e-05 1.12e-05 1.25e-05 1.205e-05
34 1.09e-05 1.19e-05 8.35e-06 9.05e-06 1.42e-05 1.18e-05 1.08e-05 1.165e-05 9.25e-06 1.33e-05 1.195e-05 1.02e-05 9.25e-06 1.26e-05 1.23e-05 1.29e-05 1.205e-05 6.2e-06 1.22e-05 6.45e-06 1.05e-05 9e-06 1.065e-05 1.105e-05 1.14e-05 1.005e-05 1.42e-05 1e-05 6.35e-06 7.2e-06 6.55e-06 1.13e-05 1.105e-05 1.225e-05 9.9e-06 9.85e-06 1.165e-05 1.065e-05 8e-06 9.95e-06 1.14e-05 1.145e-05 1.5e-05 8.25e-06 5e-06 1.37e-05 1.165e-05 1.115e-05 8.65e-06 8.9e-06 7.85e-06 4.95e-06 6.4e-06 1.49e-05 1.11e-05 1.21e-05 6.4e-06 1.13e-05 6.4e-06 9.3e-06 6.85e-06 9.1e-06 1.395e-05 8.15e-06 9.6e-06 8.05e-06 1.325e-05 1.105e-05 8.3e-06 1.51e-05 1.085e-05 1.395e-05 1.175e-05 9.35e-06 1.17e-05 1.295e-05 1.33e-05 9.1e-06 7.75e-06 1.03e-05 7.35e-06 1.295e-05 1.05e-05 8.35e-06 1.705e-05 1.285e-05 1.375e-05 6.5e-06 9.55e-06 7.75e-06 1.22e-05 1.675e-05 1.23e-05 1.07e-05 8.65e-06 1.395e-05 1.375e-05 1.145e-05 8.05e-06 7.85e-06
35 1.095e-05 1.43e-05 1.205e-05 8.95e-06 1.445e-05 1.185e-05 1.175e-05 1.11e-05 1.27e-05 1.425e-05 1.54e-05 9.85e-06 1.07e-05 1.375e-05 1.455e-05 1.155e-05 1.155e-05 6.85e-06 1.21e-05 8.4e-06 1.025e-05 9.55e-06 1.1e-05 1.16e-05 1.11e-05 1.29e-05 1.47e-05 1.185e-05 1.25e-05 1.23e-05 1.16e-05 1.545e-05 1.215e-05 1.17e-05 9.85e-06 1.28e-05 1.595e-05 1.1e-05 1.015e-05 1.205e-05 9.75e-06 1.19e-05 1.435e-05 9.5e-06 7.05e-06 1.205e-05 1.44e-05 1.085e-05 1.025e-05 1.185e-05 1.03e-05 8.7e-06 1.19e-05 1.55e-05 1.14e-05 1.165e-05 1.255e-05 1.325e-05 1.255e-05 9.8e-06 1.18e-05 1.11e-05 1.42e-05 1.01e-05 1.04e-05 1.085e-05 1.525e-05 1.17e-05 1.115e-05 1.535e-05 1.11e-05 1.27e-05 1.18e-05 1.08e-05 1.175e-05 1.39e-05 1.5e-05 1.02e-05 1.1e-05 1.595e-05 1.245e-05 1.085e-05 1.175e-05 1.04e-05 1.85e-05 1.305e-05 1.545e-05 1.125e-05 1.25e-05 1.3e-05 1.47e-05 1.515e-05 1.22e-05 9.9e-06 1.06e-05 1.425e-05 1.465e-05 1.175e-05 1.145e-05 1.11e-05
36 1.34e-05 1.2e-05 1.19e-05 1.45e-05 1.305e-05 1.585e-05 1.345e-05 1.64e-05 1.355e-05 1.41e-05 1.345e-05 1.385e-05 1.255e-05 1.375e-05 1.24e-05 1.62e-05 1.675e-05 1.46e-05 1.31e-05 1.385e-05 1.68e-05 1.425e-05 1.295e-05 1.245e-05 1.645e-05 1.095e-05 1.615e-05 1.36e-05 1.055e-05 1.15e-05 1.18e-05 9.75e-06 1.5e-05 1.55e-05 1.165e-05 1.595e-05 1.64e-05 1.295e-05 1.4e-05 1.27e-05 1.425e-05 1.39e-05 1.44e-05 1.38e-05 1.375e-05 1.77e-05 1.12e-05 1.59e-05 1.435e-05 1.26e-05 1.225e-05 1.27e-05 1.03e-05 1.345e-05 1.445e-05 1.74e-05 1.06e-05 1.545e-05 1.06e-05 1.6e-05 1.185e-05 1.385e-05 1.28e-05 1.3e-05 1.39e-05 1.505e-05 1.15e-05 1.295e-05 1.315e-05 1.285e-05 1.34e-05 1.255e-05 1.305e-05 1.47e-05 1.58e-05 1.375e-05 1.11e-05 1.54e-05 1.27e-05 9.1e-06 1.165e-05 1.635e-05 1.25e-05 1.405e-05 1.28e-05 1.49e-05 1.055e-05 1.18e-05 1.295e-05 1.005e-05 1.145e-05 1.8e-05 1.32e-05 1.42e-05 1.43e-05 1.59e-05 1.05e-05 1.615e-05 1.11e-05 1.28e-05
37 7.75e-06 1.445e-05 1.015e-05 1.175e-05 1.24e-05 1.13e-05 1.045e-05 1.255e-05 1.205e-05 1.375e-05 1.455e-05 1.15e-05 1.1e-05 1.345e-05 1.62e-05 1.23e-05 1.29e-05 1.215e-05 1e-05 1.075e-05 1.255e-05 1.07e-05 7.85e-06 1.235e-05 1.265e-05 1.465e-05 1.52e-05 1.355e-05 1.04e-05 9.1e-06 1.035e-05 1.43e-05 1.27e-05 1.16e-05 1.065e-05 1.1e-05 1.295e-05 1.49e-05 1.045e-05 1.185e-05 1.19e-05 1.105e-05 1.485e-05 1.015e-05 1.13e-05 1.385e-05 1.425e-05 1.22e-05 1.055e-05 1.165e-05 1.21e-05 1.06e-05 9.95e-06 1.645e-05 1.065e-05 1.39e-05 1.045e-05 1.34e-05 1.045e-05 1.26e-05 1.075e-05 9.15e-06 1.215e-05 1.095e-05 1.005e-05 1.29e-05 1.52e-05 1.085e-05 1.025e-05 1.33e-05 8.15e-06 1.375e-05 1.235e-05 1.085e-05 1.115e-05 1.34e-05 1.405e-05 1.235e-05 1.045e-05 1.425e-05 9.25e-06 1.325e-05 1.055e-05 1.085e-05 1.86e-05 1.405e-05 1.5e-05 1.015e-05 1.17e-05 1.135e-05 1.445e-05 1.695e-05 1.01e-05 7.95e-06 1.07e-05 1.485e-05 1.29e-05 1.285e-05 9.05e-06 1.055e-05
38 1.07e-05 1.085e-05 1.09e-05 9.6e-06 1.63e-05 1.02e-05 9.5e-06 9e-06 9.25e-06 1.315e-05 1.215e-05 1.22e-05 8.3e-06 1.145e-05 1.445e-05 1.34e-05 1.02e-05 8.85e-06 1.41e-05 5.7e-06 1.04e-05 1.105e-05 1.045e-05 1.245e-05 8.7e-06 1.34e-05 1.16e-05 1.215e-05 7.35e-06 7.65e-06 5.75e-06 1.265e-05 1e-05 1.275e-05 8e-06 1.015e-05 1.4e-05 1.045e-05 6.7e-06 9.7e-06 1.05e-05 1.035e-05 1.52e-05 5.3e-06 8e-06 1.26e-05 1.135e-05 9.05e-06 4.45e-06 9.45e-06 1.12e-05 6.85e-06 8.75e-06 1.62e-05 9.1e-06 1.09e-05 7.4e-06 1.09e-05 7.4e-06 9.85e-06 6.3e-06 6.75e-06 1.605e-05 8.1e-06 8.35e-06 8e-06 1.415e-05 1.105e-05 6.4e-06 1.71e-05 1.055e-05 1.495e-05 1.205e-05 6.75e-06 1.01e-05 1.28e-05 1.62e-05 7.3e-06 4.95e-06 1.365e-05 7.8e-06 1.195e-05 1.005e-05 4.2e-06 1.76e-05 1.415e-05 1.595e-05 5.7e-06 9.65e-06 1.11e-05 1.195e-05 1.49e-05 1.42e-05 9.3e-06 5.05e-06 1.055e-05 1.645e-05 9.15e-06 6.25e-06 5.2e-06
39 1.17e-05 1.295e-05 1.08e-05 1.04e-05 1.465e-05 1.285e-05 1.275e-05 1.075e-05 1.015e-05 1.375e-05 1.31e-05 1.335e-05 9.85e-06 1.39e-05 1.365e-05 1.305e-05 1.225e-05 1.18e-05 1.32e-05 1.085e-05 1.21e-05 1.17e-05 1.185e-05 8.8e-06 1.25e-05 1.265e-05 1.405e-05 1.045e-05 9.9e-06 1.055e-05 8.8e-06 1.25e-05 1.23e-05 1.24e-05 9.95e-06 1.205e-05 1.27e-05 1.185e-05 9.7e-06 1.56e-05 9.55e-06 1.26e-05 1.35e-05 9.1e-06 1.095e-05 1.305e-05 1.27e-05 1.185e-05 9.5e-06 9.5e-06 9.55e-06 9.9e-06 1.01e-05 1.42e-05 1.1e-05 1.27e-05 9.95e-06 1.245e-05 9.95e-06 1.205e-05 9.55e-06 1.105e-05 1.44e-05 9.25e-06 1.15e-05 1.115e-05 1.215e-05 1.145e-05 1.08e-05 1.55e-05 1.205e-05 1.315e-05 9.6e-06 1.05e-05 1.275e-05 1.34e-05 1.34e-05 1.025e-05 1.075e-05 1.19e-05 1.07e-05 1.165e-05 1.005e-05 1.05e-05 1.585e-05 1.125e-05 1.255e-05 9.9e-06 9.85e-06 8.45e-06 1.125e-05 1.56e-05 1.33e-05 1.19e-05 9.5e-06 1.255e-05 1.32e-05 1.145e-05 1.09e-05 1.085e-05
40 1.205e-05 1.275e-05 1.33e-05 5.55e-06 1.375e-05 1.175e-05 1.27e-05 1.105e-05 1.135e-05 1.375e-05 1.445e-05 1.27e-05 6.95e-06 1.34e-05 1.395e-05 1.23e-05 1.17e-05 1.075e-05 1.35e-05 1.04e-05 1.2e-05 1.205e-05 1.19e-05 4.15e-06 1.14e-05 1.225e-05 1.39e-05 1.05e-05 1.33e-05 1.27e-05 1.15e-05 1.405e-05 1.245e-05 1.17e-05 1.14e-05 9.75e-06 1.425e-05 1.19e-05 1.05e-05 9.55e-06 5e-07 1.305e-05 9.25e-06 8.1e-06 9.8e-06 1.065e-05 1.3e-05 1.085e-05 1.115e-05 7.9e-06 8.9e-06 1.025e-05 1.315e-05 1.315e-05 7.6e-06 1.3e-05 1.335e-05 1.33e-05 1.335e-05 1.09e-05 1.25e-05 1.18e-05 1.35e-05 5.55e-06 1.21e-05 1.255e-05 1.045e-05 8.8e-06 1.175e-05 1.47e-05 1.2e-05 1.15e-05 3.9e-06 1.175e-05 1.165e-05 1.34e-05 1.405e-05 1.19e-05 1.225e-05 1.41e-05 1.285e-05 5.85e-06 8.2e-06 1.155e-05 1.535e-05 9.95e-06 9.35e-06 1.205e-05 1.04e-05 1.04e-05 1.295e-05 1.37e-05 1.36e-05 1.08e-05 1.08e-05 1.34e-05 1.33e-05 1.115e-05 1.24e-05 1.235e-05
