 slim_337518623 slim_337518740 slim_337518865 slim_337518742 slim_337518823 slim_337518779 slim_337518660 slim_337518741 slim_337518839 slim_337518222 slim_337518689 slim_337518657 slim_337518757 slim_337518809 slim_337518812 slim_337518864 slim_337518842 slim_337518851 slim_337518787 slim_337518728 slim_337518726 slim_337518824 slim_337518704 slim_337518846 slim_337518855 slim_337518830 slim_337518848 slim_337518850 slim_337518857 slim_337518724 slim_337518739 slim_337518768 slim_337518788 slim_337518736 slim_337518658 slim_337518731 slim_337518772 slim_337518811 slim_337518711 slim_337518816 slim_337518770 slim_337518849 slim_337518608 slim_337518670 slim_337518703 slim_337518619 slim_337518690 slim_337518751 slim_337518798 slim_337518833 slim_337518666 slim_337518540 slim_337518749 slim_337518822 slim_337518720 slim_337518733 slim_337518831 slim_337518840 slim_337518836 slim_337518861 slim_337518815 slim_337518827 slim_337518844 slim_337518636 slim_337518635 slim_337518828 slim_337518785 slim_337518794 slim_337518817 slim_337518598 slim_337518775 slim_337518555 slim_337518841 slim_337518862 slim_337518734 slim_337518854 slim_337518748 slim_337518714 slim_337518834 slim_337518806 slim_337518835 slim_337518847 slim_337518845 slim_337518722 slim_337518577 slim_337518821 slim_337518425 slim_337518805 slim_337518763 slim_337518860 slim_337518727 slim_337518819 slim_337518471 slim_337518627 slim_337518564 slim_337518625
0 0.0003589 0.00018135 0.00018125 0.00025125 0.00018065 0.0001797 0.0001813 0.0001867 0.000215 0.00018685 0.0002168 0.0002171 0.0002507 0.000181 0.0001804 0.00025225 0.0001805 0.0001813 0.00021645 0.00018125 0.00018375 0.0001814 0.0001826 0.0001828 0.0002145 0.0002161 0.0001821 0.0002163 0.0001829 0.00021555 0.00018285 0.00021705 0.00025095 0.0002165 0.000181 0.00021655 0.00024915 0.0001827 0.00018075 0.0001849 0.00017995 0.0002507 0.00021475 0.0002151 0.000216 0.0002173 0.0002519 0.0001827 0.00018095 0.0002158 0.0001802 0.0001812 0.00021625 0.00018265 0.00021705 0.0001815 0.00018815 0.00018165 0.0001803 0.00018125 0.0002152 0.0002157 0.00021395 0.00021575 0.00018095 0.0002171 0.00025145 0.0002505 0.0001809 0.00018255 0.00018255 0.0002159 0.0002153 0.0001828 0.00021525 0.00021845 0.0001796 0.00021495 0.0002144 0.000182 0.0001823 0.00018175 0.00018085 0.0002163 0.0002161 0.00025065 0.0001825 0.0001815 0.00021725 0.0001828 0.00021595 0.0001808 0.00024995 0.0001816 0.00021595 0.0002151
1 0.00018135 9.4e-06 0.0001812 0.0001106 0.00035645 0.000357 5.55e-06 0.0002264 7.965e-05 0.0003118 8.935e-05 0.00025075 0.00012605 0.00034335 0.000343 0.0002344 0.0001818 5.5e-06 7.71e-05 5.8e-06 0.00034615 0.00018145 0.00016725 5.75e-06 0.000382 0.00021535 0.0002026 0.0002156 5.85e-06 0.00024115 5.55e-06 9.955e-05 0.00032085 0.0002159 6.65e-06 4.465e-05 0.00028155 5.35e-06 4.075e-05 0.00020545 0.0002186 0.00012545 0.00039125 0.0002337 7.19e-05 0.0003779 0.00016875 0.00016805 5.35e-06 7.145e-05 0.00027895 0.00016275 0.00037795 5.05e-06 9.97e-05 0.0002234 0.00029825 0.0001807 0.00019925 0.00019695 0.00037205 5.47e-05 7.215e-05 0.00023015 4.005e-05 0.0002819 0.00025505 0.00012085 0.00034325 4.95e-06 5.45e-06 0.00023425 8.205e-05 0.0001679 0.0002016 0.0002368 0.00035685 0.0002085 0.0002064 0.00016835 0.00030085 0.0001515 0.0002163 7.695e-05 0.00021535 0.0001863 5.55e-06 4.34e-05 0.00025105 5.25e-06 0.0002064 0.00021615 8.835e-05 0.0001619 0.00021615 0.0002204
2 0.00018125 0.0001812 0.0003554 0.00024975 0.0001809 0.000178 0.000181 0.00018545 0.0002148 0.0001868 0.00021625 0.0002167 0.0002499 0.00017965 0.00017905 0.0002504 0.0001807 0.0001808 0.00021415 0.00018145 0.00018225 0.0001782 0.00017995 0.0001791 0.000213 0.00021335 0.00018155 0.0002136 0.0001792 0.0002148 0.00017805 0.0002144 0.00024935 0.000215 0.00018405 0.000213 0.0002491 0.00017785 0.0001833 0.00018435 0.0001796 0.0002504 0.00021355 0.00021525 0.0002142 0.0002165 0.0002505 0.0001804 0.0001814 0.00021425 0.0001797 0.0001813 0.00021495 0.00017805 0.00021415 0.0001803 0.0001885 0.0001786 0.00017995 0.00018005 0.00021375 0.00021785 0.0002167 0.00021425 0.0001829 0.0002157 0.00024995 0.00025065 0.0001794 0.00017795 0.0001787 0.00021555 0.0002149 0.0001794 0.00021645 0.0002186 0.00017795 0.00021375 0.0002163 0.00018275 0.0001813 0.0001787 0.00017995 0.000214 0.00021335 0.00025035 0.0001785 0.00018075 0.00021685 0.00017825 0.00021345 0.00017985 0.00025115 0.0001781 0.0002182 0.00021305
3 0.00025125 0.0001106 0.00024975 7.43e-05 0.0003901 0.00039025 0.0001105 0.000296 9.425e-05 0.0003677 8.7e-05 0.00022825 4.97e-05 0.00038945 0.0003892 0.00017195 0.0002514 0.0001102 8.63e-05 0.000111 0.00038645 0.00024995 0.0002491 0.00010925 0.00035475 0.0002138 0.0002627 0.000214 0.00010935 0.0002279 0.00010935 9.76e-05 0.00024575 0.00021335 0.0001126 7.475e-05 0.00019195 0.0001092 0.00012465 0.00025975 0.0002654 5.115e-05 0.0003544 0.00022555 8.61e-05 0.00035425 0.00010455 0.00024885 0.00011075 8.6e-05 0.00032545 0.0002519 0.0003538 0.00010925 9.75e-05 0.0002921 0.000367 0.0002495 0.0002657 0.00026385 0.00035485 7.5e-05 8.69e-05 0.0002137 0.00012425 0.00028015 0.00018015 5.015e-05 0.00038935 0.00010915 0.0001088 0.00022585 9.045e-05 0.00024915 0.00021565 0.00022275 0.0003901 0.0002151 0.0002158 0.0002507 0.0003832 0.00023315 0.00026355 8.615e-05 0.0002138 0.00011735 0.00010865 0.0001248 0.0002275 0.0001094 0.0002144 0.0002634 3.995e-05 0.00025005 0.0002153 0.00021525
4 0.00018065 0.00035645 0.0001809 0.0003901 9.2e-06 5.2e-06 0.0003565 0.00014775 0.00035035 6.4e-05 0.00034295 0.0001821 0.00037465 1.93e-05 1.915e-05 0.0002674 0.00018125 0.0003565 0.00035395 0.0003566 2.205e-05 0.0001811 0.0001954 0.00035665 4.9e-05 0.0002152 0.0001605 0.0002154 0.00035675 0.0001901 0.0003567 0.00033175 0.00018025 0.00021585 0.00035665 0.00038565 0.00021655 0.00035655 0.000322 0.0001633 0.0001437 0.0003748 3.96e-05 0.00019665 0.0003584 5.505e-05 0.0003328 0.0001952 0.00035625 0.0003582 8.285e-05 0.00020055 5.375e-05 0.0003565 0.00033175 0.00013905 7.825e-05 0.0001805 0.00016275 0.0001655 5.88e-05 0.00037745 0.0003579 0.0002018 0.00032195 0.00015025 0.0002458 0.0003793 1.92e-05 0.0003564 0.0003564 0.0001967 0.0003485 0.00019505 0.000229 0.0001995 5.05e-06 0.00022165 0.0002245 0.0001955 6.21e-05 0.00021065 0.00014645 0.0003538 0.0002152 0.0003137 0.00035635 0.00031945 0.000182 0.00035665 0.0002246 0.0001463 0.00041145 0.00019995 0.00021625 0.00020995
5 0.0001797 0.000357 0.000178 0.00039025 5.2e-06 6e-07 0.0003569 0.0001455 0.00034985 6.16e-05 0.00034345 0.0001828 0.0003744 1.7e-05 1.63e-05 0.0002684 0.0001795 0.00035645 0.0003534 0.0003574 1.985e-05 0.00017805 0.0001949 0.0003559 4.525e-05 0.0002141 0.0001608 0.0002143 0.000356 0.00018895 0.0003555 0.0003316 0.00017945 0.0002156 0.00035835 0.00038475 0.0002164 0.00035535 0.00032355 0.00016355 0.0001413 0.0003756 3.69e-05 0.00019635 0.00035815 5.575e-05 0.00033365 0.00019505 0.00035715 0.00035805 8.08e-05 0.00019935 5.31e-05 0.0003554 0.0003315 0.00013815 7.815e-05 0.00017915 0.00016095 0.00016395 5.66e-05 0.0003792 0.00035875 0.00019985 0.00032315 0.0001509 0.00024605 0.00038 1.705e-05 0.0003553 0.00035565 0.0001969 0.0003481 0.0001943 0.0002298 0.00019995 4.5e-07 0.0002198 0.0002246 0.00019615 6.25e-05 0.00020895 0.00014425 0.00035325 0.0002141 0.00031455 0.0003555 0.0003191 0.0001828 0.00035555 0.00022265 0.00014425 0.00041245 0.00019765 0.0002183 0.00020745
6 0.0001813 5.55e-06 0.000181 0.0001105 0.0003565 0.0003569 9.6e-06 0.0002264 7.975e-05 0.0003118 8.925e-05 0.00025065 0.00012595 0.00034315 0.0003428 0.000234 0.0001816 5.7e-06 7.7e-05 5.65e-06 0.00034595 0.0001812 0.00016735 5.7e-06 0.0003819 0.00021515 0.0002024 0.00021535 5.8e-06 0.00024105 5.2e-06 9.96e-05 0.0003206 0.00021555 6.65e-06 4.455e-05 0.0002816 5.05e-06 4.07e-05 0.00020525 0.00021845 0.00012525 0.00039115 0.00023365 7.185e-05 0.0003777 0.0001685 0.0001676 5.45e-06 7.18e-05 0.00027905 0.0001628 0.00037785 5.15e-06 9.945e-05 0.0002233 0.00029815 0.0001809 0.00019925 0.000197 0.0003721 5.465e-05 7.215e-05 0.00023005 4.055e-05 0.00028155 0.0002551 0.0001209 0.00034305 5.05e-06 5.25e-06 0.0002343 8.205e-05 0.0001677 0.00020155 0.00023675 0.00035675 0.00020865 0.00020635 0.00016815 0.00030075 0.0001512 0.0002162 7.685e-05 0.00021515 0.0001862 5.15e-06 4.3e-05 0.00025095 5.3e-06 0.0002065 0.00021605 8.84e-05 0.0001618 0.0002161 0.00022045
7 0.0001867 0.0002264 0.00018545 0.000296 0.00014775 0.0001455 0.0002264 0.0002905 0.0002597 0.00014685 0.00026195 0.0002231 0.00029605 0.0001472 0.0001466 0.00029775 0.00018635 0.0002266 0.0002605 0.0002269 0.00014995 0.0001856 0.0001872 0.00022625 0.0001805 0.00022085 0.00018795 0.00022105 0.00022635 0.0002212 0.00022545 0.0002609 0.0002568 0.00022235 0.0002275 0.0002601 0.0002555 0.0002253 0.00022765 0.00019075 0.0001867 0.0002961 0.0001811 0.00022165 0.00026055 0.00018405 0.00029725 0.00018785 0.00022655 0.00026035 0.0001472 0.00018705 0.0001825 0.00022525 0.0002609 0.000187 0.00014855 0.00018585 0.00018705 0.0001867 0.00018155 0.00026265 0.0002615 0.00022125 0.00022725 0.00022315 0.00025715 0.00029635 0.0001471 0.00022515 0.0002258 0.00022195 0.0002614 0.0001869 0.00022195 0.000225 0.0001454 0.0002209 0.0002218 0.00018825 0.00014795 0.0001862 0.00018625 0.00026035 0.00022085 0.00029665 0.00022575 0.0002275 0.00022325 0.0002254 0.00022065 0.00018625 0.00029595 0.0001858 0.0002237 0.00022025
8 0.000215 7.965e-05 0.0002148 9.425e-05 0.00035035 0.00034985 7.975e-05 0.0002597 0.0001569 0.00034505 9.445e-05 0.0002159 9.91e-05 0.0003365 0.0003359 0.00024015 0.0002151 7.995e-05 8.505e-05 8.02e-05 0.0003364 0.00021505 0.00020155 8.035e-05 0.00034075 0.0002148 0.0002019 0.00021505 8.045e-05 0.00020605 7.99e-05 9.945e-05 0.00028605 0.0002153 8.075e-05 8.5e-05 0.0002147 7.97e-05 8.055e-05 0.00020185 0.0002151 9.915e-05 0.00034995 0.0002007 7.96e-05 0.0003372 0.00017415 0.00020195 7.99e-05 7.94e-05 0.0002724 0.00021575 0.000337 7.965e-05 9.945e-05 0.0002572 0.0003318 0.0002148 0.00021545 0.00021565 0.00035045 9.445e-05 7.945e-05 0.0002291 8.01e-05 0.0002815 0.0002208 9.39e-05 0.0003364 7.955e-05 7.995e-05 0.00020155 8.53e-05 0.00020185 0.00020075 0.00020115 0.0003498 0.00020785 0.00020595 0.00020195 0.0003226 0.00018515 0.0002153 8.49e-05 0.0002148 0.0001597 7.99e-05 8.065e-05 0.00021615 7.985e-05 0.0002061 0.00021515 9.33e-05 0.0002152 0.0002159 0.00022
9 0.00018685 0.0003118 0.0001868 0.0003677 6.4e-05 6.16e-05 0.0003118 0.00014685 0.00034505 0.0001224 0.00033345 0.0002239 0.0003624 7.705e-05 7.63e-05 0.0002244 0.0001868 0.000312 0.0003411 0.0003123 7.975e-05 0.000187 0.00020235 0.0003122 0.00010545 0.00022215 0.0002022 0.00022235 0.0003123 0.0002305 0.0003121 0.0003333 0.000187 0.00022325 0.0003119 0.00034085 0.00025565 0.00031195 0.00031215 0.00020495 0.0001868 0.00036245 9.705e-05 0.0002355 0.0003459 0.00011425 0.00028965 0.0002026 0.00031195 0.0003457 0.00014055 0.0001873 0.0001124 0.0003119 0.0003333 0.0001459 7.685e-05 0.0001874 0.00018715 0.00018715 9.755e-05 0.0003338 0.0003456 0.00020835 0.00031175 0.0001583 0.00025295 0.00036745 7.695e-05 0.0003118 0.00031195 0.0002359 0.0003409 0.00020215 0.0002358 0.0002388 6.155e-05 0.000228 0.00023075 0.0002023 9.24e-05 0.00021705 0.0001868 0.00034095 0.00022215 0.000302 0.0003119 0.0003122 0.00022405 0.00031205 0.0002303 0.00018665 0.00036705 0.00018715 0.00022415 0.00021565
10 0.0002168 8.935e-05 0.00021625 8.7e-05 0.00034295 0.00034345 8.925e-05 0.00026195 9.445e-05 0.00033345 0.0001717 0.0002139 8.71e-05 0.0003426 0.00034225 0.00022005 0.00021605 8.955e-05 8.86e-05 8.985e-05 0.0003425 0.00021645 0.0002152 8.885e-05 0.0003426 0.000215 0.0002138 0.0002152 8.895e-05 0.0002138 8.915e-05 9.895e-05 0.00028105 0.0002141 9.025e-05 8.885e-05 0.00021485 8.9e-05 8.815e-05 0.00021385 0.0002186 8.82e-05 0.0003423 0.0002141 8.81e-05 0.0003418 0.00015295 0.00021495 8.95e-05 8.79e-05 0.0002788 0.00021685 0.00034165 8.895e-05 9.895e-05 0.0002571 0.0003327 0.000216 0.0002186 0.0002148 0.00034245 8.83e-05 8.9e-05 0.00021475 8.785e-05 0.00028075 0.00021535 8.66e-05 0.0003425 8.885e-05 8.85e-05 0.0002145 9.125e-05 0.0002156 0.00021535 0.0002143 0.0003433 0.00021545 0.000216 0.0002159 0.0003421 0.00019895 0.0002147 8.845e-05 0.000215 0.0001535 8.845e-05 9.12e-05 0.00021385 8.91e-05 0.0002155 0.00021465 8.745e-05 0.00021625 0.0002159 0.00021605
11 0.0002171 0.00025075 0.0002167 0.00022825 0.0001821 0.0001828 0.00025065 0.0002231 0.0002159 0.0002239 0.0002139 0.0003568 0.0002175 0.0001818 0.00018155 0.0002484 0.00021645 0.00025095 0.00021815 0.00025125 0.0001817 0.0002169 0.000215 0.0002504 0.00018245 0.0002158 0.0001797 0.000216 0.0002505 0.0001802 0.0002507 0.00021565 0.0002154 0.00021505 0.00025135 0.0002504 0.00018285 0.00025055 0.00021515 0.0001796 0.00018225 0.0002183 0.000182 0.00018225 0.0002174 0.0001796 0.00024875 0.0002153 0.0002509 0.0002172 0.0001818 0.00023595 0.00018105 0.0002505 0.00021565 0.0002155 0.000223 0.0002162 0.00020105 0.0001995 0.00020095 0.00025055 0.00021815 0.00021605 0.0002147 0.00021445 0.0002144 0.00021675 0.0001817 0.0002504 0.00025005 0.0001824 0.000216 0.00021575 0.0002154 0.00018235 0.00018265 0.00021555 0.0002168 0.00021605 0.00020835 0.00021515 0.00018075 0.000218 0.0002158 0.0002162 0.00025 0.00021595 0.0001799 0.00025065 0.00021645 0.00018055 0.0002496 0.0002355 0.00021635 0.0002165
12 0.0002507 0.00012605 0.0002499 4.97e-05 0.00037465 0.0003744 0.00012595 0.00029605 9.91e-05 0.0003624 8.71e-05 0.0002175 8.8e-05 0.0003788 0.0003784 0.0001785 0.00025105 0.0001257 8.53e-05 0.00012645 0.0003758 0.0002501 0.0002543 0.0001253 0.00033855 0.0002146 0.00025665 0.0002148 0.0001254 0.0002163 0.0001255 9.855e-05 0.00024075 0.00021385 0.00012755 8.54e-05 0.0001807 0.00012535 0.0001287 0.0002537 0.00025425 4.57e-05 0.0003392 0.00021915 9.065e-05 0.0003441 0.00011125 0.0002542 0.0001262 9.055e-05 0.0003146 0.00025145 0.0003438 0.0001254 9.845e-05 0.00029175 0.0003669 0.0002498 0.0002545 0.00025255 0.0003396 8.58e-05 9.11e-05 0.0002093 0.0001283 0.0002807 0.0001753 5.005e-05 0.0003787 0.0001253 0.00012495 0.0002196 8.98e-05 0.0002545 0.00022035 0.0002165 0.0003743 0.00021495 0.0002149 0.0002555 0.00038405 0.00023835 0.0002523 8.515e-05 0.0002146 0.0001171 0.0001248 0.00012955 0.00021735 0.00012555 0.00021395 0.00025215 5.08e-05 0.00025015 0.0002158 0.0002099
13 0.000181 0.00034335 0.00017965 0.00038945 1.93e-05 1.7e-05 0.00034315 0.0001472 0.0003365 7.705e-05 0.0003426 0.0001818 0.0003788 3.37e-05 1.705e-05 0.00028075 0.0001807 0.0003428 0.0003449 0.00034375 1.995e-05 0.00017985 0.0001803 0.0003417 5.24e-05 0.0002147 0.0001455 0.0002149 0.0003418 0.0001806 0.00034225 0.0003311 0.00018435 0.00021435 0.0003449 0.00037625 0.0002161 0.0003421 0.00030945 0.0001483 0.0001428 0.00037995 5.235e-05 0.0001819 0.00034455 5.34e-05 0.00034605 0.0001796 0.0003435 0.00034445 8.18e-05 0.0001999 5.36e-05 0.00034215 0.000331 0.000138 7.725e-05 0.00017955 0.00016225 0.00016495 7.19e-05 0.0003784 0.0003449 0.00021435 0.00030905 0.00014885 0.00025025 0.00037925 1.71e-05 0.00034205 0.0003418 0.0001832 0.00033945 0.00018095 0.0002146 0.0001848 1.705e-05 0.00021375 0.0002163 0.0001804 4.765e-05 0.00019575 0.0001455 0.00034475 0.0002147 0.00031375 0.00034165 0.00030475 0.0001816 0.0003423 0.0002149 0.0001454 0.0004117 0.0001991 0.00021715 0.0002138
14 0.0001804 0.000343 0.00017905 0.0003892 1.915e-05 1.63e-05 0.0003428 0.0001466 0.0003359 7.63e-05 0.00034225 0.00018155 0.0003784 1.705e-05 3.18e-05 0.0002804 0.0001801 0.00034245 0.00034455 0.0003434 1.98e-05 0.00017925 0.00018015 0.00034145 5.15e-05 0.00021405 0.0001456 0.00021425 0.00034155 0.00017995 0.0003419 0.00033085 0.0001837 0.0002136 0.00034455 0.0003759 0.00021615 0.00034175 0.0003091 0.0001484 0.0001419 0.0003796 5.14e-05 0.00018115 0.0003442 5.38e-05 0.0003457 0.0001799 0.00034315 0.0003441 8.15e-05 0.0001995 5.31e-05 0.0003418 0.00033075 0.00013735 7.725e-05 0.0001796 0.00016155 0.00016455 7.12e-05 0.00037805 0.00034435 0.00021375 0.0003087 0.00014895 0.00025 0.0003789 1.695e-05 0.0003417 0.00034145 0.000183 0.0003388 0.00018075 0.0002147 0.0001849 1.635e-05 0.00021315 0.00021565 0.0001805 4.76e-05 0.0001951 0.0001449 0.0003444 0.00021405 0.0003134 0.0003413 0.0003042 0.0001815 0.00034195 0.00021425 0.00014475 0.00041135 0.0001987 0.00021705 0.00021315
15 0.00025225 0.0002344 0.0002504 0.00017195 0.0002674 0.0002684 0.000234 0.00029775 0.00024015 0.0002244 0.00022005 0.0002484 0.0001785 0.00028075 0.0002804 0.0 0.0002525 0.00023415 0.0002268 0.0002345 0.00027775 0.0002506 0.0002631 0.0002325 0.0002425 0.0002145 0.0002982 0.0002147 0.0002326 0.00025985 0.0002325 0.0002303 0.00010845 0.0002136 0.00023565 0.00019335 0.0002139 0.00023235 0.00026985 0.00029525 0.0002879 0.0001782 0.0002326 0.00026065 0.00023065 0.00024335 6.835e-05 0.00026265 0.00023455 0.00023085 0.00034435 0.00023315 0.0002442 0.0002327 0.0002299 0.00020865 0.00023685 0.00025025 0.00026845 0.00026645 0.0002133 0.0001867 0.00023205 0.00020265 0.00026945 0.0001464 0.00017405 0.0001829 0.00028065 0.0002326 0.00023225 0.0002601 0.0002309 0.000262 0.0002296 0.00025795 0.00026825 0.00022145 0.0002264 0.00026485 0.0002661 0.00027855 0.0002859 0.00022665 0.0002145 0.00011435 0.000232 0.0002696 0.0002498 0.00023285 0.00022495 0.00028575 0.00015145 0.00023095 0.0002162 0.00021135
16 0.0001805 0.0001818 0.0001807 0.0002514 0.00018125 0.0001795 0.0001816 0.00018635 0.0002151 0.0001868 0.00021605 0.00021645 0.00025105 0.0001807 0.0001801 0.0002525 0.0003584 0.00018195 0.0002164 0.0001821 0.0001833 0.00018105 0.00018215 0.00018235 0.0002145 0.00021595 0.00018105 0.00021615 0.00018245 0.00021485 0.0001823 0.0002169 0.00025115 0.00021645 0.00018175 0.00021635 0.0002494 0.00018215 0.000181 0.00018395 0.0001806 0.00025105 0.00021475 0.0002153 0.0002161 0.00021725 0.00025215 0.0001819 0.00018175 0.0002159 0.00018075 0.00018095 0.00021615 0.0001821 0.0002169 0.0001812 0.00018805 0.00018125 0.0001811 0.00018035 0.0002152 0.00021695 0.0002154 0.0002156 0.0001809 0.00021705 0.00025165 0.000251 0.00018045 0.000182 0.000182 0.00021605 0.0002163 0.0001823 0.00021545 0.00021865 0.00017945 0.00021525 0.00021555 0.0001817 0.00018185 0.0001807 0.0001799 0.00021625 0.00021595 0.00025115 0.00018195 0.00018225 0.0002166 0.00018225 0.0002158 0.0001799 0.00025045 0.0001812 0.00021715 0.00021505
17 0.0001813 5.5e-06 0.0001808 0.0001102 0.0003565 0.00035645 5.7e-06 0.0002266 7.995e-05 0.000312 8.955e-05 0.00025095 0.0001257 0.0003428 0.00034245 0.00023415 0.00018195 9.3e-06 7.73e-05 5.9e-06 0.0003456 0.00018105 0.0001671 5.6e-06 0.00038145 0.00021495 0.00020265 0.0002152 5.7e-06 0.0002412 5.3e-06 9.93e-05 0.00032045 0.0002155 7.4e-06 4.45e-05 0.00028165 5.1e-06 4.13e-05 0.0002055 0.0002178 0.0001258 0.0003907 0.0002338 7.215e-05 0.0003775 0.0001685 0.00016765 5.55e-06 7.18e-05 0.0002784 0.00016325 0.00037745 4.9e-06 9.935e-05 0.0002236 0.0002984 0.0001804 0.0001987 0.00019725 0.00037175 5.48e-05 7.215e-05 0.00022975 4.12e-05 0.0002815 0.0002549 0.0001211 0.0003427 4.8e-06 5.3e-06 0.0002344 8.15e-05 0.00016755 0.0002019 0.0002369 0.0003563 0.00020825 0.00020635 0.0001686 0.00030125 0.0001511 0.00021635 7.715e-05 0.00021495 0.00018655 5.3e-06 4.275e-05 0.0002511 5.1e-06 0.0002061 0.0002162 8.88e-05 0.00016175 0.0002161 0.0002201
18 0.00021645 7.71e-05 0.00021415 8.63e-05 0.00035395 0.0003534 7.7e-05 0.0002605 8.505e-05 0.0003411 8.86e-05 0.00021815 8.53e-05 0.0003449 0.00034455 0.0002268 0.0002164 7.73e-05 0.0001494 7.745e-05 0.0003448 0.0002144 0.00020575 7.575e-05 0.0003436 0.0002145 0.00020895 0.00021475 7.585e-05 0.00020755 7.505e-05 9.885e-05 0.00028045 0.0002153 7.995e-05 7.49e-05 0.00021475 7.485e-05 8.065e-05 0.0002089 0.0002206 8.53e-05 0.00035385 0.0002061 7.57e-05 0.00034565 0.0001612 0.00020615 7.73e-05 7.565e-05 0.0002809 0.00021635 0.00034565 7.49e-05 9.87e-05 0.0002567 0.0003327 0.00021405 0.0002202 0.0002171 0.0003536 8.785e-05 7.84e-05 0.0002246 8.025e-05 0.00028145 0.00021495 8.615e-05 0.0003448 7.485e-05 7.525e-05 0.0002066 8.135e-05 0.00020595 0.0002074 0.0002063 0.00035325 0.00020825 0.0002067 0.00020815 0.00033575 0.00018955 0.0002175 7.47e-05 0.0002145 0.00015155 7.515e-05 8.205e-05 0.00021845 7.515e-05 0.00020465 0.00021735 8.705e-05 0.0002138 0.00021745 0.0002141
19 0.00018125 5.8e-06 0.00018145 0.000111 0.0003566 0.0003574 5.65e-06 0.0002269 8.02e-05 0.0003123 8.985e-05 0.00025125 0.00012645 0.00034375 0.0003434 0.0002345 0.0001821 5.9e-06 7.745e-05 1.06e-05 0.00034655 0.0001817 0.0001679 6.25e-06 0.0003824 0.0002156 0.0002031 0.00021585 6.35e-06 0.00024165 5.65e-06 0.0001001 0.0003211 0.00021615 6.95e-06 4.505e-05 0.0002821 5.4e-06 4.075e-05 0.00020595 0.00021875 0.00012575 0.00039165 0.00023425 7.22e-05 0.0003783 0.000169 0.0001683 5.45e-06 7.225e-05 0.00027935 0.0001634 0.00037835 5.55e-06 9.995e-05 0.0002239 0.00029875 0.00018135 0.00019955 0.0001976 0.0003726 5.445e-05 7.215e-05 0.00023055 4.095e-05 0.00028215 0.0002556 0.0001214 0.00034365 5.45e-06 5.85e-06 0.0002348 8.235e-05 0.00016805 0.00020215 0.00023735 0.00035725 0.00020915 0.00020635 0.00016885 0.00030135 0.00015175 0.0002168 7.73e-05 0.0002156 0.0001867 5.75e-06 4.34e-05 0.00025155 5.75e-06 0.000207 0.00021665 8.89e-05 0.0001623 0.0002161 0.00022095
20 0.00018375 0.00034615 0.00018225 0.00038645 2.205e-05 1.985e-05 0.00034595 0.00014995 0.0003364 7.975e-05 0.0003425 0.0001817 0.0003758 1.995e-05 1.98e-05 0.00027775 0.0001833 0.0003456 0.0003448 0.00034655 3.91e-05 0.0001826 0.00018315 0.00034455 5.225e-05 0.0002146 0.00014825 0.0002148 0.00034465 0.0001805 0.00034505 0.000331 0.00018135 0.00021425 0.0003477 0.00037615 0.0002131 0.0003449 0.00031225 0.00014815 0.0001454 0.00037695 5.22e-05 0.0001818 0.00034445 5.35e-05 0.00034305 0.0001826 0.0003463 0.00034435 8.46e-05 0.00020265 5.35e-05 0.00034495 0.0003309 0.00014075 8e-05 0.0001823 0.000165 0.0001677 7.175e-05 0.0003783 0.0003448 0.00021405 0.00031185 0.0001487 0.00024725 0.00037625 1.965e-05 0.00034485 0.0003446 0.0001831 0.00033935 0.00018375 0.00021445 0.00018175 1.98e-05 0.0002136 0.0002162 0.00018315 5.05e-05 0.00019855 0.00014825 0.00034465 0.0002146 0.00031075 0.00034445 0.0003076 0.0001815 0.0003451 0.0002148 0.00014815 0.0004087 0.00020185 0.00021705 0.00021365
21 0.0001814 0.00018145 0.0001782 0.00024995 0.0001811 0.00017805 0.0001812 0.0001856 0.00021505 0.000187 0.00021645 0.0002169 0.0002501 0.00017985 0.00017925 0.0002506 0.00018105 0.00018105 0.0002144 0.0001817 0.0001826 0.0003558 0.0001802 0.00017915 0.00021305 0.0002136 0.00018175 0.0002138 0.00017925 0.000215 0.0001783 0.0002146 0.00024955 0.0002152 0.00018425 0.0002132 0.0002493 0.00017815 0.0001835 0.00018455 0.00018005 0.0002506 0.00021375 0.00021545 0.00021445 0.0002167 0.0002507 0.00018035 0.0001816 0.0002145 0.00017985 0.0001815 0.00021515 0.00017835 0.00021435 0.0001805 0.0001887 0.00017885 0.00018015 0.00018025 0.00021395 0.00021805 0.0002169 0.0002146 0.0001831 0.0002159 0.00025015 0.00025085 0.00017975 0.00017825 0.0001789 0.00021575 0.0002151 0.00017965 0.00021665 0.0002188 0.00017795 0.0002139 0.0002165 0.00018295 0.0001815 0.00017895 0.0001801 0.00021425 0.0002136 0.00025055 0.0001787 0.00018075 0.00021705 0.0001785 0.00021365 0.00018005 0.00025135 0.0001783 0.0002184 0.00021325
22 0.0001826 0.00016725 0.00017995 0.0002491 0.0001954 0.0001949 0.00016735 0.0001872 0.00020155 0.00020235 0.0002152 0.000215 0.0002543 0.0001803 0.00018015 0.0002631 0.00018215 0.0001671 0.00020575 0.0001679 0.00018315 0.0001802 0.000329 0.00016485 0.00022035 0.0002143 0.00016665 0.00021455 0.00016495 0.00020655 0.00016515 0.000214 0.0002546 0.0002141 0.00017045 0.00020455 0.0002492 0.00016495 0.00016905 0.0001695 0.0001817 0.00025485 0.00022935 0.0002009 0.0002007 0.00021415 0.00026295 0.00016575 0.00016755 0.00020035 0.0001812 0.00018165 0.00021585 0.00016475 0.00021405 0.0001801 0.00018795 0.00017925 0.0001813 0.00018085 0.0002291 0.00021685 0.00020295 0.00022895 0.00016865 0.0002143 0.0002534 0.0002497 0.00018025 0.00016465 0.0001649 0.000202 0.0002063 0.00016645 0.00020165 0.00020385 0.00019475 0.00020765 0.0002081 0.0001674 0.00016565 0.00016585 0.00018125 0.0002056 0.0002143 0.00024965 0.0001649 0.00016675 0.0002159 0.00016495 0.0002057 0.0001811 0.0002502 0.0001796 0.0002173 0.00021945
23 0.0001828 5.75e-06 0.0001791 0.00010925 0.00035665 0.0003559 5.7e-06 0.00022625 8.035e-05 0.0003122 8.885e-05 0.0002504 0.0001253 0.0003417 0.00034145 0.0002325 0.00018235 5.6e-06 7.575e-05 6.25e-06 0.00034455 0.00017915 0.00016485 4.2e-06 0.00038085 0.00021345 0.00020155 0.0002137 2.2e-06 0.00024055 2.45e-06 9.77e-05 0.0003193 0.00021385 9.8e-06 4.2e-05 0.00028165 2.25e-06 4.275e-05 0.0002044 0.00021855 0.00012515 0.00039035 0.00023335 7.1e-05 0.00037645 0.0001673 0.0001651 6.05e-06 7.08e-05 0.0002787 0.0001627 0.00037705 2.2e-06 9.76e-05 0.000222 0.0002982 0.00017885 0.00019895 0.00019615 0.0003709 5.62e-05 7.435e-05 0.0002291 4.235e-05 0.0002799 0.0002536 0.000121 0.00034165 2.1e-06 2.35e-06 0.00023435 8.145e-05 0.0001658 0.00020225 0.0002364 0.00035575 0.0002076 0.0002078 0.00016805 0.00030005 0.0001494 0.00021575 7.56e-05 0.00021345 0.000186 2.3e-06 4.155e-05 0.0002507 2.4e-06 0.0002045 0.0002156 8.955e-05 0.00015955 0.0002178 0.00021875
24 0.0002145 0.000382 0.000213 0.00035475 4.9e-05 4.525e-05 0.0003819 0.0001805 0.00034075 0.00010545 0.0003426 0.00018245 0.00033855 5.24e-05 5.15e-05 0.0002425 0.0002145 0.00038145 0.0003436 0.0003824 5.225e-05 0.00021305 0.00022035 0.00038085 9.02e-05 0.00021405 0.00018625 0.00021425 0.00038095 0.00017905 0.0003807 0.00033075 0.000144 0.000215 0.0003839 0.00037495 0.00018265 0.00038055 0.00034855 0.00018615 0.0001761 0.00033975 4.66e-05 0.0001875 0.00034905 5.565e-05 0.00030725 0.0002202 0.00038215 0.00034895 0.0001156 0.0002343 5.385e-05 0.0003806 0.00033065 0.00017335 0.0001125 0.0002141 0.0001957 0.0001989 6.63e-05 0.00037815 0.00034945 0.0002088 0.00034815 0.0001508 0.0002107 0.00034485 5.23e-05 0.0003805 0.0003805 0.0001886 0.0003381 0.0002203 0.00022095 0.00018825 4.525e-05 0.0002137 0.0002145 0.0002216 8.835e-05 0.00023405 0.00017925 0.00034345 0.00021405 0.0002799 0.00038035 0.00034385 0.00018245 0.00038075 0.00021265 0.0001792 0.0003773 0.0002326 0.00021775 0.0002074
25 0.0002161 0.00021535 0.00021335 0.0002138 0.0002152 0.0002141 0.00021515 0.00022085 0.0002148 0.00022215 0.000215 0.0002158 0.0002146 0.0002147 0.00021405 0.0002145 0.00021595 0.00021495 0.0002145 0.0002156 0.0002146 0.0002136 0.0002143 0.00021345 0.00021405 0.0004248 0.0002156 0.00021265 0.00021355 0.00021485 0.00021275 0.00021345 0.0002144 0.0002137 0.0002179 0.00021335 0.0002153 0.00021255 0.00021715 0.00021555 0.0002147 0.0002151 0.00021325 0.0002149 0.0002142 0.00021555 0.00021425 0.00021445 0.00021555 0.00021425 0.00021455 0.00021635 0.0002137 0.00021275 0.0002132 0.0002153 0.00022285 0.00021395 0.0002148 0.00021515 0.0002135 0.00021635 0.00021615 0.00021415 0.00021675 0.00021475 0.000215 0.000215 0.0002146 0.00021265 0.00021305 0.00021525 0.0002147 0.0002138 0.0002161 0.0002154 0.00021405 0.00021445 0.0002161 0.00021675 0.00021565 0.0002131 0.00021505 0.00021435 0.0002124 0.00021505 0.00021285 0.00021455 0.0002156 0.00021295 0.00021395 0.0002149 0.0002155 0.0002135 0.0002167 0.00021405
26 0.0001821 0.0002026 0.00018155 0.0002627 0.0001605 0.0001608 0.0002024 0.00018795 0.0002019 0.0002022 0.0002138 0.0001797 0.00025665 0.0001455 0.0001456 0.0002982 0.00018105 0.00020265 0.00020895 0.0002031 0.00014825 0.00018175 0.00016665 0.00020155 0.00018625 0.0002156 0.0002596 0.0002158 0.00020165 0.00017075 0.0002024 0.00021545 0.0002551 0.00021425 0.0002039 0.0002412 0.00021585 0.00020225 0.00016675 0.0001329 0.0001471 0.0002574 0.00019495 0.0001676 0.00020355 0.00017985 0.00029795 0.0001657 0.00020275 0.00020335 0.0001465 0.0002004 0.0001814 0.0002022 0.00021545 0.0001798 0.0001871 0.0001807 0.00016605 0.0001644 0.00021405 0.00025085 0.0002043 0.00022935 0.00016645 0.000214 0.0002549 0.00025135 0.00014535 0.0002021 0.0002015 0.0001691 0.0002068 0.000168 0.00020035 0.0001702 0.00016065 0.0002082 0.0002076 0.000166 0.00016015 0.00016655 0.00014535 0.0002088 0.0002156 0.0002514 0.00020145 0.0001671 0.00017965 0.00020235 0.0002071 0.0001453 0.0002842 0.0002005 0.00021635 0.00022045
27 0.0002163 0.0002156 0.0002136 0.000214 0.0002154 0.0002143 0.00021535 0.00022105 0.00021505 0.00022235 0.0002152 0.000216 0.0002148 0.0002149 0.00021425 0.0002147 0.00021615 0.0002152 0.00021475 0.00021585 0.0002148 0.0002138 0.00021455 0.0002137 0.00021425 0.00021265 0.0002158 0.0004252 0.0002138 0.00021505 0.00021275 0.00021365 0.0002146 0.0002139 0.0002181 0.00021355 0.0002155 0.00021285 0.00021735 0.00021575 0.0002149 0.0002153 0.00021345 0.0002151 0.00021445 0.00021575 0.00021445 0.00021465 0.00021575 0.0002145 0.00021475 0.00021655 0.0002139 0.00021305 0.0002134 0.0002155 0.00022305 0.0002142 0.000215 0.00021535 0.0002137 0.00021655 0.00021635 0.00021435 0.00021695 0.00021495 0.0002152 0.0002152 0.0002148 0.00021295 0.00021325 0.00021545 0.0002149 0.00021405 0.0002163 0.0002156 0.00021425 0.00021465 0.0002163 0.00021695 0.00021585 0.00021335 0.00021525 0.0002146 0.00021265 0.00021525 0.00021305 0.00021475 0.0002158 0.00021295 0.00021415 0.0002151 0.0002157 0.0002137 0.0002169 0.00021425
28 0.0001829 5.85e-06 0.0001792 0.00010935 0.00035675 0.000356 5.8e-06 0.00022635 8.045e-05 0.0003123 8.895e-05 0.0002505 0.0001254 0.0003418 0.00034155 0.0002326 0.00018245 5.7e-06 7.585e-05 6.35e-06 0.00034465 0.00017925 0.00016495 2.2e-06 0.00038095 0.00021355 0.00020165 0.0002138 4.4e-06 0.00024065 2.55e-06 9.78e-05 0.0003194 0.00021395 9.9e-06 4.21e-05 0.00028175 2.35e-06 4.285e-05 0.0002045 0.00021865 0.00012525 0.00039045 0.00023345 7.11e-05 0.00037655 0.0001674 0.0001652 6.15e-06 7.09e-05 0.0002788 0.0001628 0.00037715 2.3e-06 9.77e-05 0.0002221 0.0002983 0.00017895 0.00019905 0.00019625 0.000371 5.63e-05 7.445e-05 0.0002292 4.245e-05 0.00028 0.0002537 0.0001211 0.00034175 2.2e-06 2.45e-06 0.00023445 8.155e-05 0.0001659 0.00020235 0.0002365 0.00035585 0.0002077 0.0002079 0.00016815 0.00030015 0.0001495 0.00021585 7.57e-05 0.00021355 0.0001861 2.4e-06 4.165e-05 0.0002508 2.5e-06 0.0002046 0.0002157 8.965e-05 0.00015965 0.0002179 0.00021885
29 0.00021555 0.00024115 0.0002148 0.0002279 0.0001901 0.00018895 0.00024105 0.0002212 0.00020605 0.0002305 0.0002138 0.0001802 0.0002163 0.0001806 0.00017995 0.00025985 0.00021485 0.0002412 0.00020755 0.00024165 0.0001805 0.000215 0.00020655 0.00024055 0.00017905 0.00021485 0.00017075 0.00021505 0.00024065 0.0003381 0.00024075 0.000215 0.00021465 0.0002148 0.0002428 0.0002398 0.0001823 0.0002406 0.00020585 0.00017065 0.0001803 0.0002171 0.0001891 0.0001731 0.00020795 0.0001818 0.00025905 0.00020605 0.0002413 0.00020775 0.0001802 0.0002347 0.00018155 0.00024055 0.000215 0.00021505 0.00022225 0.00021515 0.0001994 0.0001982 0.00020835 0.0002505 0.00020875 0.0002237 0.0002054 0.0002159 0.00021525 0.00021685 0.0001805 0.00024045 0.0002401 0.0001744 0.00020535 0.00020725 0.00020665 0.0001736 0.0001889 0.0002081 0.0002057 0.00020715 0.0002007 0.00020475 0.00017915 0.0002074 0.00021485 0.00021745 0.00024005 0.00020605 0.00018035 0.0002407 0.00020475 0.00017895 0.0002497 0.0002339 0.00021685 0.00021395
30 0.00018285 5.55e-06 0.00017805 0.00010935 0.0003567 0.0003555 5.2e-06 0.00022545 7.99e-05 0.0003121 8.915e-05 0.0002507 0.0001255 0.00034225 0.0003419 0.0002325 0.0001823 5.3e-06 7.505e-05 5.65e-06 0.00034505 0.0001783 0.00016515 2.45e-06 0.0003807 0.00021275 0.0002024 0.00021275 2.55e-06 0.00024075 8e-07 9.73e-05 0.00031935 0.0002145 9.85e-06 4.135e-05 0.0002819 4.5e-07 4.315e-05 0.00020525 0.0002185 0.0001253 0.0003903 0.00023425 7.04e-05 0.00037735 0.00016745 0.00016585 5.75e-06 7.06e-05 0.00027865 0.00016335 0.0003769 9e-07 9.69e-05 0.00022255 0.00029895 0.0001782 0.00019905 0.00019625 0.000371 5.66e-05 7.475e-05 0.00022905 4.275e-05 0.0002806 0.00025395 0.0001214 0.00034215 8e-07 1.85e-06 0.0002343 8.18e-05 0.00016465 0.0002032 0.00023735 0.00035535 0.00020775 0.0002081 0.00016945 0.0003002 0.0001486 0.0002157 7.49e-05 0.00021275 0.00018625 1.6e-06 4.25e-05 0.000251 8.5e-07 0.00020435 0.00021555 8.995e-05 0.00015865 0.0002182 0.00021875
31 0.00021705 9.955e-05 0.0002144 9.76e-05 0.00033175 0.0003316 9.96e-05 0.0002609 9.945e-05 0.0003333 9.895e-05 0.00021565 9.855e-05 0.0003311 0.00033085 0.0002303 0.0002169 9.93e-05 9.885e-05 0.0001001 0.000331 0.0002146 0.000214 9.77e-05 0.00033075 0.00021345 0.00021545 0.00021365 9.78e-05 0.000215 9.73e-05 0.0001932 0.00028025 0.00021365 0.00010225 9.755e-05 0.0002155 9.715e-05 0.00010155 0.0002154 0.00021605 9.905e-05 0.00033075 0.00021515 9.87e-05 0.00033085 0.0001639 0.00021435 9.965e-05 9.845e-05 0.0002673 0.0002169 0.00032985 9.705e-05 9.685e-05 0.00025735 0.0003329 0.000214 0.00021575 0.0002157 0.0003306 0.0001003 0.00010085 0.00021465 0.00010115 0.0002803 0.0002146 9.895e-05 0.000331 9.695e-05 9.72e-05 0.00021485 9.925e-05 0.0002135 0.00021595 0.00021525 0.00033145 0.00021465 0.00021625 0.0002166 0.00033095 0.000198 0.000216 9.87e-05 0.00021345 0.00016515 9.725e-05 9.94e-05 0.00021525 9.72e-05 0.00021385 0.00021585 9.945e-05 0.0002141 0.00021635 0.00021475
32 0.00025095 0.00032085 0.00024935 0.00024575 0.00018025 0.00017945 0.0003206 0.0002568 0.00028605 0.000187 0.00028105 0.0002154 0.00024075 0.00018435 0.0001837 0.00010845 0.00025115 0.00032045 0.00028045 0.0003211 0.00018135 0.00024955 0.0002546 0.0003193 0.000144 0.0002144 0.0002551 0.0002146 0.0003194 0.00021465 0.00031935 0.00028025 0.0002169 0.00021415 0.0003227 0.0002794 0.00018155 0.0003192 0.00032185 0.00025215 0.00024955 0.0002412 0.0001446 0.0002198 0.00028545 0.0001496 0.00017475 0.00025415 0.000321 0.0002855 0.00024755 0.00025135 0.00014955 0.0003194 0.00028 0.00020875 0.000192 0.0002498 0.0002496 0.0002503 0.0001448 0.00028205 0.00028625 0.00021035 0.00032145 0.0001487 0.00017485 0.00024645 0.00018425 0.0003193 0.00031895 0.00022035 0.00027965 0.0002543 0.000221 0.0002174 0.0001794 0.0002147 0.00021555 0.0002561 0.0001903 0.000269 0.00025025 0.0002803 0.0002144 0.00017995 0.00031875 0.00031925 0.0002161 0.00031955 0.00021395 0.0002501 0.00024695 0.0002494 0.00021685 0.0002095
33 0.0002165 0.0002159 0.000215 0.00021335 0.00021585 0.0002156 0.00021555 0.00022235 0.0002153 0.00022325 0.0002141 0.00021505 0.00021385 0.00021435 0.0002136 0.0002136 0.00021645 0.0002155 0.0002153 0.00021615 0.00021425 0.0002152 0.0002141 0.00021385 0.000215 0.0002137 0.00021425 0.0002139 0.00021395 0.0002148 0.0002145 0.00021365 0.00021415 0.0004236 0.00021765 0.0002143 0.000215 0.00021435 0.00021655 0.0002142 0.00021505 0.0002143 0.0002144 0.00021335 0.00021475 0.00021395 0.00021315 0.00021355 0.00021605 0.0002148 0.00021495 0.00021625 0.00021405 0.00021455 0.0002134 0.0002144 0.0002221 0.0002151 0.00021515 0.00021565 0.00021465 0.00021535 0.0002154 0.00021425 0.00021615 0.0002132 0.0002146 0.000214 0.00021425 0.00021445 0.00021385 0.00021485 0.0002144 0.00021465 0.00021465 0.00021395 0.00021555 0.00021405 0.00021595 0.0002148 0.00021505 0.00021395 0.00021555 0.00021515 0.0002137 0.00021425 0.00021365 0.00021365 0.00021465 0.0002147 0.0002147 0.0002154 0.0002145 0.0002151 0.00021565 0.0002149
34 0.000181 6.65e-06 0.00018405 0.0001126 0.00035665 0.00035835 6.65e-06 0.0002275 8.075e-05 0.0003119 9.025e-05 0.00025135 0.00012755 0.0003449 0.00034455 0.00023565 0.00018175 7.4e-06 7.995e-05 6.95e-06 0.0003477 0.00018425 0.00017045 9.8e-06 0.0003839 0.0002179 0.0002039 0.0002181 9.9e-06 0.0002428 9.85e-06 0.00010225 0.0003227 0.00021765 6.5e-06 4.865e-05 0.0002826 9.7e-06 4.015e-05 0.00020675 0.0002195 0.0001264 0.0003923 0.00023495 7.445e-05 0.00037895 0.00016985 0.0001708 6.5e-06 7.415e-05 0.00028035 0.00016275 0.00037835 9.55e-06 0.00010235 0.0002249 0.00029855 0.0001837 0.00020055 0.00019845 0.0003735 5.415e-05 7.185e-05 0.0002313 4.005e-05 0.0002834 0.0002571 0.0001217 0.0003448 9.45e-06 9.5e-06 0.00023465 8.415e-05 0.0001701 0.0002018 0.00023805 0.0003582 0.00021085 0.0002066 0.00016815 0.00030215 0.00015455 0.0002174 7.98e-05 0.0002179 0.0001873 9.55e-06 4.535e-05 0.00025165 9.7e-06 0.0002095 0.00021725 8.815e-05 0.0001651 0.0002153 0.00022295
35 0.00021655 4.465e-05 0.000213 7.475e-05 0.00038565 0.00038475 4.455e-05 0.0002601 8.5e-05 0.00034085 8.885e-05 0.0002504 8.54e-05 0.00037625 0.0003759 0.00019335 0.00021635 4.45e-05 7.49e-05 4.505e-05 0.00037615 0.0002132 0.00020455 4.2e-05 0.00037495 0.00021335 0.0002412 0.00021355 4.21e-05 0.0002398 4.135e-05 9.755e-05 0.0002794 0.0002143 4.865e-05 8.19e-05 0.0002472 4.12e-05 8.165e-05 0.00024115 0.0002523 8.525e-05 0.0003852 0.00023855 7.565e-05 0.000377 0.00012815 0.00020495 4.48e-05 7.555e-05 0.00031245 0.0001971 0.000377 4.125e-05 9.745e-05 0.00025645 0.00033245 0.00021285 0.0002327 0.00023015 0.00036575 5.595e-05 7.885e-05 0.00022395 8.125e-05 0.0002804 0.0002136 8.66e-05 0.00037615 4.115e-05 4.145e-05 0.00023905 8.045e-05 0.0002048 0.0002075 0.00023875 0.0003846 0.00020725 0.0002068 0.0002081 0.0003396 0.00018845 0.00024975 7.475e-05 0.00021335 0.0001516 4.14e-05 8.12e-05 0.0002507 4.14e-05 0.0002034 0.0002496 5.515e-05 0.0001934 0.00021755 0.00021285
36 0.00024915 0.00028155 0.0002491 0.00019195 0.00021655 0.0002164 0.0002816 0.0002555 0.0002147 0.00025565 0.00021485 0.00018285 0.0001807 0.0002161 0.00021615 0.0002139 0.0002494 0.00028165 0.00021475 0.0002821 0.0002131 0.0002493 0.0002492 0.00028165 0.00018265 0.0002153 0.00021585 0.0002155 0.00028175 0.0001823 0.0002819 0.0002155 0.00018155 0.000215 0.0002826 0.0002472 0.000292 0.00028175 0.00024905 0.0002129 0.0002165 0.00018145 0.0001827 0.00018105 0.000214 0.00018285 0.0002138 0.0002488 0.00028175 0.0002138 0.000216 0.0002685 0.0001832 0.0002817 0.00021555 0.00024795 0.0002555 0.0002482 0.00023545 0.00023515 0.0002018 0.0002481 0.00021425 0.00021515 0.0002486 0.0002147 0.00018135 0.00018005 0.000216 0.0002816 0.0002814 0.00018165 0.00021465 0.0002496 0.0002139 0.00017795 0.00021625 0.00021365 0.00021545 0.00024915 0.00024505 0.00024915 0.0002162 0.0002146 0.0002153 0.00017995 0.00028135 0.00024905 0.00018285 0.00028185 0.00021525 0.00021605 0.0002129 0.00026805 0.00021585 0.0002145
37 0.0001827 5.35e-06 0.00017785 0.0001092 0.00035655 0.00035535 5.05e-06 0.0002253 7.97e-05 0.00031195 8.9e-05 0.00025055 0.00012535 0.0003421 0.00034175 0.00023235 0.00018215 5.1e-06 7.485e-05 5.4e-06 0.0003449 0.00017815 0.00016495 2.25e-06 0.00038055 0.00021255 0.00020225 0.00021285 2.35e-06 0.0002406 4.5e-07 9.715e-05 0.0003192 0.00021435 9.7e-06 4.12e-05 0.00028175 3e-07 4.3e-05 0.0002051 0.00021835 0.00012515 0.00039015 0.0002341 7.015e-05 0.0003772 0.0001673 0.0001657 5.6e-06 7.04e-05 0.0002785 0.0001632 0.00037675 6.5e-07 9.675e-05 0.0002224 0.0002988 0.000178 0.0001989 0.0001961 0.00037085 5.645e-05 7.46e-05 0.0002289 4.26e-05 0.00028045 0.0002538 0.00012125 0.000342 5.5e-07 1.7e-06 0.00023415 8.165e-05 0.0001644 0.00020305 0.0002372 0.0003552 0.0002076 0.00020795 0.0001693 0.00030005 0.0001484 0.00021555 7.47e-05 0.00021255 0.0001861 1.45e-06 4.235e-05 0.00025085 9e-07 0.0002042 0.0002154 8.98e-05 0.0001585 0.00021805 0.0002186
38 0.00018075 4.075e-05 0.0001833 0.00012465 0.000322 0.00032355 4.07e-05 0.00022765 8.055e-05 0.00031215 8.815e-05 0.00021515 0.0001287 0.00030945 0.0003091 0.00026985 0.000181 4.13e-05 8.065e-05 4.075e-05 0.00031225 0.0001835 0.00016905 4.275e-05 0.00034855 0.00021715 0.00016675 0.00021735 4.285e-05 0.00020585 4.315e-05 0.00010155 0.00032185 0.00021655 4.015e-05 8.165e-05 0.00024905 4.3e-05 7.63e-05 0.0001697 0.0001844 0.0001283 0.0003575 0.00020095 7.515e-05 0.0003437 0.00020395 0.00016875 4.035e-05 7.485e-05 0.00024505 0.00018185 0.0003442 4.285e-05 0.00010165 0.00022345 0.00029815 0.00018295 0.00018425 0.00018085 0.0003575 8.83e-05 7.35e-05 0.0002309 3.85e-05 0.00028245 0.00025625 0.00012275 0.00030935 4.275e-05 4.24e-05 0.00020195 8.28e-05 0.00017 0.0002012 0.00020405 0.0003234 0.0002096 0.00020585 0.0001678 0.0002949 0.0001527 0.0001809 8.05e-05 0.00021715 0.00018845 4.245e-05 4.395e-05 0.00021545 4.3e-05 0.0002083 0.00018085 0.0001226 0.00018315 0.0002153 0.0002219
