 slim_337513368 slim_337513081 slim_337513311 slim_337513166 slim_337513338 slim_337513334 slim_337513360 slim_337513366 slim_337513302 slim_337513305 slim_337513206 slim_337513351 slim_337513312 slim_337513337 slim_337513332 slim_337513292 slim_337513282 slim_337513227 slim_337513370 slim_337513345 slim_337513177 slim_337513144 slim_337513138 slim_337513335 slim_337513157 slim_337513336 slim_337513121 slim_337513068 slim_337513299 slim_337513374 slim_337513174 slim_337513184 slim_337513367 slim_337513356 slim_337513212 slim_337513358 slim_337513159 slim_337513341 slim_337513143 slim_337513321 slim_337513364 slim_337512809 slim_337513260 slim_337513333 slim_337513051 slim_337513346 slim_337513322 slim_337513320 slim_337513350 slim_337513264 slim_337513186 slim_337513187 slim_337513353 slim_337513343 slim_337513285 slim_337513231 slim_337513034 slim_337513199 slim_337513035 slim_337513230 slim_337513277 slim_337513181 slim_337513293 slim_337513369 slim_337513319 slim_337513306 slim_337513149 slim_337513216 slim_337513268 slim_337513083 slim_337513164 slim_337513359 slim_337513262 slim_337513328 slim_337513158 slim_337513229 slim_337513152 slim_337513284 slim_337513340 slim_337513324 slim_337513278 slim_337513213 slim_337513355 slim_337513348 slim_337513347 slim_337513365 slim_337513288 slim_337513266 slim_337513200 slim_337513283 slim_337513193 slim_337513352 slim_337513118 slim_337513363 slim_337513361
0 0.0002169 0.0001742 0.0003087 0.00023715 0.000238 0.00011385 0.00023535 0.00010955 0.0001848 0.00029085 0.00023035 0.0002378 0.00017705 0.00029065 0.0001138 0.00010945 0.0002109 0.0002302 0.0002261 0.000185 0.0001734 0.0001737 0.0001851 0.0001097 0.00023805 0.0002911 0.00017345 0.00023575 0.0001775 0.000174 0.0001775 0.0001088 0.0002903 0.00023795 0.00023765 0.00028915 0.0001138 0.0002887 0.00011375 0.0001095 0.00017425 0.00017335 0.0002381 0.0001836 0.0002905 0.000299 0.00017315 0.0002379 0.000121 0.0001776 0.00029065 0.00023625 0.0001737 0.0002382 0.000185 0.000173 0.0001104 0.0001138 0.0002373 0.0001258 0.0001741 0.00023625 0.00017295 0.00011285 0.00023635 0.00010945 0.00023735 0.00017255 0.00017265 0.00023795 0.0002375 0.00023735 0.0002358 0.00017325 0.00017315 0.0002263 0.0002908 0.0002266 0.00017765 0.00029035 0.0003461 0.0002376 0.00023775 0.0001727 0.00023755 0.0001828 0.00023735 0.00023755 0.0002262 0.0001716 0.0001852 0.00029075 0.00029035 0.0002314 0.00022865
1 0.0001742 0.0002056 0.000382 0.00010465 0.00010525 0.0002301 0.00021905 0.0002115 0.0001842 0.0002898 0.0003621 0.0001046 0.00017665 0.0002899 0.00015805 0.0002115 0.0001041 0.00036195 0.00035955 0.0001846 0.00010475 0.0001575 0.00018425 0.00022755 0.0001052 0.0002906 0.0001578 0.0001187 0.0001771 0.0001579 0.00017685 0.00015795 0.0002898 0.0001041 0.0001038 0.00030425 0.00023005 0.00030385 0.0002298 0.000228 0.00010445 0.00015805 0.0001043 0.0001986 0.00028975 0.00016615 0.0001578 0.00010545 0.0002377 0.00017705 0.00028895 0.00011895 0.00015715 0.00010445 0.00018415 0.00017405 0.00021065 0.00023005 0.0001047 0.00023775 0.00015875 0.0001191 0.0001046 0.0002464 0.00011905 0.0001576 0.0001047 0.00017195 0.00017205 0.00010355 0.0001046 0.00010465 0.00011875 0.00015805 0.0001578 0.00034325 0.0002902 0.0003426 0.0001771 0.00028985 0.00021375 0.0001036 0.00010515 0.0001741 0.00010435 0.000145 0.000105 0.00010465 0.00034315 0.0001189 0.0001834 0.0002903 0.00028995 0.00034345 0.0001584
2 0.0003087 0.000382 0.0002774 0.00043775 0.0004386 0.0002175 0.00032785 0.0002171 0.0003274 0.0002895 0.0001786 0.0004385 0.00032735 0.0002893 0.00030835 0.0002172 0.00043765 0.00017845 0.0001794 0.00032735 0.00041855 0.00032725 0.00032805 0.0002183 0.0004389 0.00028935 0.00032765 0.00038565 0.0003278 0.0003276 0.00032815 0.00030775 0.0002886 0.00043865 0.00043835 0.000237 0.00021745 0.0002364 0.00021725 0.0002182 0.0003815 0.00032775 0.00043905 0.00027575 0.00028915 0.00043855 0.000327 0.0004383 0.0002172 0.00032815 0.0002893 0.0003865 0.000328 0.00043915 0.00032795 0.0003287 0.00021715 0.00021745 0.0004376 0.0002178 0.000328 0.0003864 0.0004176 0.00021815 0.0003866 0.0003078 0.000438 0.00027565 0.00027575 0.000439 0.0004382 0.0004377 0.0003857 0.0003274 0.0003271 0.0001784 0.00028935 0.00017795 0.0003282 0.00028865 0.0003994 0.0004388 0.00043825 0.00032815 0.00043825 0.00036645 0.0004375 0.00043825 0.0001783 0.0003663 0.00032815 0.00028875 0.0002882 0.0001791 0.0003385
3 0.00023715 0.00010465 0.00043775 4.4e-06 3.95e-06 0.00033025 0.00021895 0.00031105 0.00018295 0.00029 0.0004621 3.8e-06 0.00017565 0.00029015 0.00021665 0.0003113 2.845e-05 0.00046195 0.0004592 0.00018315 6.76e-05 0.0001568 0.00018435 0.00032755 4.4e-06 0.00029055 0.00015775 5.47e-05 0.00017625 0.00015715 0.0001772 0.0002209 0.0002887 3.95e-06 3.5e-06 0.00034125 0.0003302 0.0003408 0.0003302 0.0003273 0.0001041 0.00015735 4.45e-06 0.00023545 0.00029 6.53e-05 0.00015625 3.7e-06 0.000337 0.00017675 0.00028965 5.63e-05 0.0001574 4.6e-06 0.00018425 0.00017405 0.00031135 0.0003302 3.4e-06 0.0003329 0.00015825 5.575e-05 6.66e-05 0.00034615 5.64e-05 0.0002212 3.95e-06 0.00020935 0.00020945 4.55e-06 4e-06 2.65e-06 5.475e-05 0.0001567 0.00015625 0.0004429 0.00028975 0.00044285 0.0001768 0.00028875 0.00011215 4.1e-06 4.1e-06 0.00017275 3.55e-06 0.0001457 2.6e-06 4.05e-06 0.0004428 0.0001192 0.00018395 0.0002895 0.0002891 0.00043875 0.00010435
4 0.000238 0.00010525 0.0004386 3.95e-06 6.1e-06 0.000331 0.00021915 0.00031215 0.0001836 0.0002908 0.00046285 4.75e-06 0.00017655 0.00029095 0.00021755 0.00031225 2.95e-05 0.0004627 0.00046 0.0001837 6.76e-05 0.0001578 0.0001848 0.00032835 3.1e-06 0.0002907 0.00015875 5.62e-05 0.00017655 0.00015815 0.0001779 0.00022185 0.0002897 4.1e-06 4.25e-06 0.0003426 0.00033095 0.00034215 0.00033095 0.00032795 0.0001048 0.00015735 4.9e-06 0.00023645 0.0002908 6.46e-05 0.0001574 3.5e-06 0.0003377 0.0001764 0.00029025 5.76e-05 0.0001582 4.3e-06 0.0001847 0.0001748 0.0003122 0.00033095 4.25e-06 0.0003334 0.0001586 5.62e-05 6.755e-05 0.00034685 5.77e-05 0.0002221 4.7e-06 0.0002107 0.0002108 5.1e-06 4.35e-06 3.85e-06 5.625e-05 0.00015775 0.00015745 0.0004438 0.0002896 0.0004437 0.00017645 0.00028975 0.0001123 4.7e-06 4.75e-06 0.0001737 4.5e-06 0.00014635 3.45e-06 4.4e-06 0.0004437 0.0001206 0.0001842 0.00029045 0.00029005 0.0004396 0.0001049
5 0.00011385 0.0002301 0.0002175 0.00033025 0.000331 4.18e-05 0.0002373 2.205e-05 0.000184 0.00029015 0.00013495 0.0003311 0.00017565 0.00028995 0.00011755 2.2e-05 0.00030445 0.0001349 0.00013665 0.00018395 0.0002669 0.00017585 0.00018435 2.265e-05 0.0003308 0.00028995 0.00017635 0.00027815 0.0001761 0.00017565 0.00017615 0.00011265 0.00028955 0.00033125 0.00033095 0.00023755 2.095e-05 0.0002371 2.135e-05 2.305e-05 0.0002299 0.0001762 0.00033125 0.00013195 0.0002898 0.0003918 0.00017605 0.0003307 2.985e-05 0.0001759 0.00028995 0.0002787 0.00017665 0.00033125 0.00018425 0.0001776 2.145e-05 2.105e-05 0.0003302 3.475e-05 0.0001766 0.0002784 0.00026645 2.275e-05 0.0002788 0.00011235 0.0003302 0.00012385 0.00012395 0.0003313 0.0003308 0.00033035 0.0002782 0.00017635 0.00017605 0.0001354 0.0002898 0.00013475 0.00017595 0.0002896 0.00043895 0.00033075 0.00033085 0.00017735 0.00033085 0.0002225 0.0003304 0.00033085 0.0001353 0.00021475 0.00018445 0.00028965 0.00028925 0.0001404 0.0002313
6 0.00023535 0.00021905 0.00032785 0.00021895 0.00021915 0.0002373 0.0004345 0.00021865 0.0002422 0.00029015 0.00030815 0.0002201 0.00023785 0.00029025 0.0002191 0.00021875 0.00021905 0.000308 0.0003055 0.0002419 0.0002188 0.0002182 0.0002429 0.00023475 0.00021835 0.00028975 0.0002194 0.0002191 0.0002382 0.00021885 0.0002387 0.00021895 0.0002895 0.0002197 0.0002195 0.0002895 0.00023725 0.00028915 0.0002369 0.0002351 0.00021895 0.00021815 0.00021945 0.00024215 0.0002901 0.00021775 0.00021865 0.00021865 0.00024175 0.0002374 0.0002895 0.00022 0.0002189 0.0002191 0.0002428 0.0002358 0.0002173 0.00023725 0.00021915 0.0002419 0.0002191 0.00021865 0.0002188 0.00025385 0.0002201 0.00021835 0.0002198 0.00021815 0.00021835 0.0002199 0.00022 0.0002189 0.00021915 0.000219 0.0002187 0.00028905 0.00028905 0.00028825 0.00023745 0.00028955 0.0002658 0.0002193 0.0002199 0.0002352 0.00021985 0.00024265 0.0002191 0.00022005 0.00028895 0.00021935 0.00024225 0.00028965 0.00028935 0.0002893 0.0002198
7 0.00010955 0.0002115 0.0002171 0.00031105 0.00031215 2.205e-05 0.00021865 1.8e-06 0.0001835 0.00028955 0.00015375 0.0003121 0.00017605 0.0002896 9.8e-05 9e-07 0.00028515 0.0001536 0.00015145 0.00018345 0.00024735 0.0001572 0.0001839 1.955e-05 0.0003119 0.00028985 0.0001565 0.00025895 0.0001765 0.00015735 0.0001766 9.225e-05 0.00028915 0.0003124 0.0003121 0.00023675 2.2e-05 0.0002363 2.18e-05 2.01e-05 0.00021135 0.0001565 0.00031215 0.00013105 0.00028945 0.00037295 0.0001567 0.00031185 2.86e-05 0.0001763 0.0002895 0.00025955 0.00015705 0.00031235 0.0001838 0.00017405 2.95e-06 2.2e-05 0.00031165 3.42e-05 0.00015735 0.00025915 0.00024695 3.835e-05 0.00025965 9.3e-05 0.00031185 0.0001048 0.0001049 0.00031225 0.00031205 0.00031155 0.000259 0.0001567 0.0001565 0.00013415 0.00028935 0.0001345 0.00017635 0.0002892 0.0004202 0.00031205 0.0003121 0.00017375 0.00031185 0.0002212 0.0003116 0.0003121 0.00013405 0.00019485 0.0001839 0.0002893 0.0002889 0.00013995 0.00021275
8 0.0001848 0.0001842 0.0003274 0.00018295 0.0001836 0.000184 0.0002422 0.0001835 0.0003638 0.00028955 0.00028945 0.00018355 0.0001832 0.0002897 0.0001839 0.0001836 0.0001826 0.0002893 0.0002902 0.0001823 0.0001837 0.00018255 0.00018345 0.00018495 0.000184 0.00029015 0.00018395 0.00018295 0.0001838 0.00018305 0.0001848 0.00018335 0.00028825 0.00018385 0.0001834 0.0002893 0.00018395 0.00028905 0.0001838 0.0001846 0.00018365 0.0001833 0.0001846 0.00018315 0.00028955 0.00024245 0.00018225 0.00018355 0.0001826 0.0001843 0.00028935 0.0001846 0.00018375 0.00018445 0.0001833 0.0001853 0.00018315 0.00018395 0.00018355 0.00018315 0.0001845 0.00018395 0.0001829 0.0001852 0.0001847 0.0001834 0.0001837 0.00018365 0.00018375 0.0001845 0.00018375 0.00018285 0.000183 0.0001827 0.0001824 0.0002887 0.0002892 0.0002886 0.00018435 0.00028825 0.00028955 0.00018405 0.00018405 0.00018395 0.0001833 0.0001836 0.0001825 0.0001838 0.0002886 0.0001839 0.0001833 0.0002895 0.0002893 0.00028935 0.0001843
9 0.00029085 0.0002898 0.0002895 0.00029 0.0002908 0.00029015 0.00029015 0.00028955 0.00028955 0.0005762 0.0002891 0.00028915 0.0002898 0.00028875 0.0002902 0.0002896 0.0002897 0.00028905 0.0002899 0.00028985 0.00029045 0.00028955 0.0002893 0.00029085 0.0002911 0.0002899 0.0002891 0.00029005 0.00029025 0.0002899 0.0002897 0.00028985 0.0002891 0.00029015 0.00028985 0.00028945 0.0002901 0.00028955 0.0002898 0.0002908 0.00029025 0.00029015 0.00029055 0.0002901 0.0002885 0.00029075 0.0002894 0.00029075 0.00028955 0.0002906 0.00028895 0.00029 0.0002897 0.00029065 0.0002892 0.00029025 0.00028955 0.0002901 0.00029 0.0002899 0.0002906 0.0002908 0.00028985 0.00029085 0.0002901 0.0002898 0.00028985 0.00029015 0.00029025 0.00028895 0.0002895 0.00029 0.0002901 0.0002898 0.0002895 0.00028895 0.0002897 0.000289 0.00029065 0.0002889 0.00029015 0.00028975 0.0002898 0.0002906 0.0002888 0.00029045 0.00028995 0.00028955 0.00028885 0.0002904 0.0002896 0.0002895 0.00028955 0.0002894 0.0002903
10 0.00023035 0.0003621 0.0001786 0.0004621 0.00046285 0.00013495 0.00030815 0.00015375 0.00028945 0.0002891 0.0002304 0.00046275 0.0002886 0.0002889 0.00024965 0.0001537 0.0004363 0.00011535 0.0001204 0.0002894 0.0003988 0.00030795 0.00028955 0.0001399 0.0004627 0.0002888 0.00030785 0.00041 0.00028905 0.00030825 0.0002889 0.00024455 0.0002889 0.000463 0.0004627 0.0002367 0.0001349 0.0002368 0.0001347 0.00013925 0.00036195 0.0003081 0.00046305 0.00023745 0.00028865 0.0004624 0.0003078 0.00046255 0.00013535 0.00028905 0.0002891 0.0004103 0.00030845 0.00046305 0.00028945 0.0002938 0.00015385 0.000135 0.00046165 0.00014045 0.0003081 0.0004103 0.0003983 0.00012035 0.0004104 0.0002445 0.00046205 0.000256 0.0002561 0.0004629 0.00046235 0.00046215 0.00041005 0.0003082 0.0003079 0.00013465 0.00028905 0.0001347 0.0002891 0.0002887 0.00046185 0.00046285 0.0004624 0.0002938 0.0004625 0.00032835 0.0004622 0.0004624 0.00013455 0.00034665 0.00028985 0.00028865 0.0002887 0.00013985 0.00036275
11 0.0002378 0.0001046 0.0004385 3.8e-06 4.75e-06 0.0003311 0.0002201 0.0003121 0.00018355 0.00028915 0.00046275 4.5e-06 0.00017595 0.00028975 0.0002173 0.00031215 2.895e-05 0.0004626 0.00045995 0.00018425 6.865e-05 0.0001573 0.00018415 0.0003283 5.95e-06 0.0002914 0.0001576 5.595e-05 0.00017655 0.00015755 0.0001767 0.0002218 0.0002891 3.85e-06 3.2e-06 0.00034285 0.00033105 0.0003424 0.00033095 0.00032815 0.00010465 0.00015875 5.15e-06 0.00023725 0.0002896 6.675e-05 0.0001568 4.95e-06 0.00033835 0.0001778 0.0002899 5.675e-05 0.00015805 5.25e-06 0.00018405 0.00017365 0.0003123 0.00033105 4.1e-06 0.00033385 0.0001595 5.775e-05 6.74e-05 0.0003468 5.685e-05 0.00022195 3.7e-06 0.00021105 0.00021115 3.2e-06 3.25e-06 3.35e-06 5.6e-05 0.00015735 0.00015705 0.0004439 0.0002909 0.0004437 0.00017785 0.00028915 0.0001132 3.9e-06 3.8e-06 0.00017315 2.35e-06 0.0001468 3.1e-06 3.3e-06 0.0004438 0.0001207 0.0001844 0.0002906 0.0002902 0.0004395 0.0001046
12 0.00017705 0.00017665 0.00032735 0.00017565 0.00017655 0.00017565 0.00023785 0.00017605 0.0001832 0.0002898 0.0002886 0.00017595 0.000349 0.00028965 0.0001765 0.000176 0.0001753 0.00028865 0.0002902 0.00018355 0.00017675 0.00017545 0.00018415 0.0001771 0.0001773 0.00029005 0.0001761 0.00017565 0.0001751 0.00017565 0.00017565 0.00017625 0.00028865 0.00017645 0.000176 0.00028985 0.0001756 0.0002894 0.0001756 0.00017635 0.0001761 0.00017645 0.0001774 0.00018435 0.0002895 0.00023815 0.00017495 0.0001765 0.0001839 0.000176 0.0002898 0.0001768 0.00017655 0.0001774 0.00018405 0.00017695 0.00017635 0.0001757 0.0001755 0.00018415 0.00017675 0.000177 0.0001756 0.00017605 0.0001769 0.0001764 0.00017565 0.00017665 0.00017675 0.0001769 0.00017585 0.00017545 0.0001757 0.0001755 0.0001752 0.00028935 0.00029 0.00028915 0.00017605 0.0002887 0.00028465 0.00017675 0.00017615 0.0001761 0.0001757 0.00018445 0.0001751 0.0001759 0.00028925 0.0001767 0.0001844 0.0002895 0.0002891 0.0002897 0.0001768
13 0.00029065 0.0002899 0.0002893 0.00029015 0.00029095 0.00028995 0.00029025 0.0002896 0.0002897 0.00028875 0.0002889 0.00028975 0.00028965 0.000576 0.0002903 0.0002896 0.0002899 0.00028875 0.0002897 0.00028995 0.00029055 0.0002897 0.0002888 0.00029065 0.0002912 0.00028945 0.0002887 0.0002902 0.0002901 0.00029005 0.00028895 0.00028995 0.00028915 0.00029045 0.00029015 0.00028955 0.0002899 0.00028955 0.0002896 0.0002906 0.0002902 0.00029025 0.0002908 0.0002902 0.0002881 0.00029085 0.00028955 0.00029085 0.00028965 0.0002904 0.0002891 0.00028945 0.00028995 0.0002909 0.0002888 0.00028955 0.00028965 0.0002899 0.00028985 0.00029 0.00029025 0.0002909 0.00028995 0.00029035 0.00028965 0.0002899 0.00028965 0.00029025 0.00029035 0.00028965 0.00028915 0.00029015 0.00029025 0.00028995 0.00028965 0.00028885 0.0002896 0.000289 0.00029045 0.00028905 0.00029015 0.00028995 0.00028925 0.00029045 0.0002895 0.00029055 0.0002901 0.0002892 0.00028885 0.0002905 0.00028985 0.00028915 0.0002893 0.0002893 0.0002904
14 0.0001138 0.00015805 0.00030835 0.00021665 0.00021755 0.00011755 0.0002191 9.8e-05 0.0001839 0.0002902 0.00024965 0.0002173 0.0001765 0.0002903 0.0001941 9.785e-05 0.00019495 0.0002495 0.00024665 0.0001841 0.0001575 0.0001573 0.0001845 0.0001145 0.00021765 0.0002909 0.00015775 0.00021525 0.00017695 0.0001576 0.00017725 9.74e-05 0.00028965 0.00021755 0.00021725 0.0002885 0.0001175 0.00028805 0.00011725 0.000115 0.000158 0.00015745 0.0002177 0.0001827 0.00029015 0.0002787 0.0001573 0.00021745 0.00012465 0.00017705 0.0002901 0.00021605 0.00015785 0.00021785 0.0001844 0.000174 9.815e-05 0.0001175 0.00021725 0.00012415 0.0001586 0.0002158 0.000157 0.0001335 0.00021615 9.76e-05 0.0002168 0.00015615 0.0001563 0.00021755 0.0002173 0.0002169 0.0002153 0.0001573 0.0001572 0.0002302 0.0002902 0.00023005 0.0001771 0.0002897 0.0003259 0.0002169 0.00021755 0.0001735 0.00021705 0.0001818 0.00021685 0.00021735 0.0002301 0.00015565 0.0001844 0.00029025 0.00028985 0.00023 0.0002085
15 0.00010945 0.0002115 0.0002172 0.0003113 0.00031225 2.2e-05 0.00021875 9e-07 0.0001836 0.0002896 0.0001537 0.00031215 0.000176 0.0002896 9.785e-05 2e-07 0.0002851 0.00015355 0.0001515 0.00018355 0.0002473 0.0001573 0.0001839 1.95e-05 0.000312 0.00028985 0.0001568 0.0002592 0.00017645 0.00015735 0.00017645 9.195e-05 0.00028925 0.0003125 0.0003122 0.000237 2.195e-05 0.00023655 2.175e-05 2.015e-05 0.00021135 0.0001564 0.00031225 0.0001313 0.00028945 0.00037305 0.0001568 0.00031195 2.88e-05 0.00017625 0.0002896 0.0002597 0.00015725 0.00031245 0.0001838 0.000174 3.05e-06 2.195e-05 0.00031165 3.42e-05 0.00015745 0.0002594 0.0002469 3.825e-05 0.0002598 9.295e-05 0.0003118 0.00010505 0.00010515 0.0003123 0.00031205 0.00031165 0.00025925 0.0001566 0.0001567 0.00013405 0.00028945 0.0001346 0.0001763 0.0002893 0.0004203 0.00031215 0.0003121 0.0001738 0.0003119 0.00022115 0.0003117 0.0003121 0.00013395 0.00019495 0.000184 0.0002893 0.0002889 0.00013995 0.00021285
16 0.0002109 0.0001041 0.00043765 2.845e-05 2.95e-05 0.00030445 0.00021905 0.00028515 0.0001826 0.0002897 0.0004363 2.895e-05 0.0001753 0.0002899 0.00019495 0.0002851 5.46e-05 0.00043615 0.00043345 0.00018315 6.72e-05 0.00015645 0.0001841 0.0003018 3.04e-05 0.00029065 0.0001576 8.06e-05 0.0001759 0.0001568 0.00017695 0.00019435 0.00028835 2.91e-05 2.865e-05 0.0003417 0.0003044 0.00034125 0.0003044 0.00030155 0.00010395 0.0001572 3.005e-05 0.0002359 0.00028975 9.13e-05 0.00015585 2.97e-05 0.0003113 0.00017685 0.00028935 8.23e-05 0.0001572 3.015e-05 0.000184 0.00017385 0.00028555 0.0003044 2.915e-05 0.0003117 0.00015845 8.21e-05 6.61e-05 0.0003204 8.24e-05 0.0001949 2.915e-05 0.0002098 0.0002099 2.975e-05 2.92e-05 2.84e-05 8.065e-05 0.0001561 0.000156 0.00041685 0.00028985 0.00041705 0.0001769 0.0002884 0.00013815 2.935e-05 2.975e-05 0.00017245 2.87e-05 0.0001453 2.815e-05 2.925e-05 0.00041675 0.00011915 0.00018365 0.0002898 0.0002894 0.00041755 0.0001297
17 0.0002302 0.00036195 0.00017845 0.00046195 0.0004627 0.0001349 0.000308 0.0001536 0.0002893 0.00028905 0.00011535 0.0004626 0.00028865 0.00028875 0.0002495 0.00015355 0.00043615 0.0002301 0.00012035 0.00028925 0.00039865 0.0003078 0.0002894 0.00013975 0.00046255 0.00028855 0.0003077 0.00040985 0.0002891 0.0003081 0.0002889 0.0002444 0.00028875 0.00046285 0.00046255 0.00023665 0.00013485 0.00023665 0.0001345 0.00013915 0.0003618 0.00030795 0.0004629 0.0002373 0.0002886 0.00046225 0.00030765 0.0004624 0.0001352 0.000289 0.00028895 0.00041015 0.0003083 0.0004629 0.0002893 0.00029365 0.0001537 0.0001348 0.0004615 0.0001403 0.00030795 0.00041015 0.00039815 0.0001204 0.00041025 0.00024435 0.00046195 0.00025585 0.00025595 0.00046275 0.0004622 0.000462 0.0004099 0.00030805 0.00030775 0.0001345 0.0002889 0.00013455 0.00028905 0.00028865 0.0004617 0.0004627 0.00046225 0.00029365 0.00046235 0.0003282 0.00046205 0.00046225 0.00013435 0.0003465 0.0002897 0.0002885 0.00028855 0.0001397 0.00036265
18 0.0002261 0.00035955 0.0001794 0.0004592 0.00046 0.00013665 0.0003055 0.00015145 0.0002902 0.0002899 0.0001204 0.00045995 0.0002902 0.0002897 0.00024665 0.0001515 0.00043345 0.00012035 0.000239 0.00029015 0.0003961 0.0003053 0.0002904 0.0001358 0.0004599 0.0002897 0.0003053 0.0004072 0.00029065 0.0003057 0.00029055 0.000242 0.0002896 0.0004601 0.0004598 0.0002375 0.0001366 0.0002376 0.00013635 0.0001355 0.0003594 0.00030545 0.00046015 0.0002383 0.00028945 0.00045955 0.0003051 0.0004597 0.0001363 0.0002906 0.0002898 0.0004076 0.00030575 0.0004602 0.0002903 0.0002895 0.00015145 0.0001366 0.0004589 0.00014095 0.0003056 0.00040755 0.00039555 0.0001204 0.0004077 0.000242 0.0004594 0.00025345 0.00025355 0.0004601 0.00045955 0.00045925 0.00040725 0.0003055 0.0003052 0.00013555 0.0002898 0.00013565 0.00029065 0.00028935 0.00045895 0.00045995 0.0004596 0.0002894 0.0004597 0.0003291 0.0004593 0.0004596 0.00013545 0.000344 0.0002906 0.00028945 0.0002895 0.0001403 0.00036005
19 0.000185 0.0001846 0.00032735 0.00018315 0.0001837 0.00018395 0.0002419 0.00018345 0.0001823 0.00028985 0.0002894 0.00018425 0.00018355 0.00028995 0.0001841 0.00018355 0.00018315 0.00028925 0.00029015 0.0003637 0.00018365 0.0001829 0.0001837 0.0001849 0.00018345 0.0002899 0.0001842 0.00018325 0.00018415 0.00018335 0.00018505 0.00018355 0.0002886 0.0001844 0.00018395 0.0002892 0.0001839 0.00028895 0.00018375 0.00018455 0.0001839 0.000183 0.0001846 0.00018305 0.0002898 0.0002419 0.00018255 0.0001833 0.00018255 0.000184 0.0002895 0.0001848 0.0001839 0.00018435 0.00018355 0.00018555 0.0001831 0.0001839 0.00018375 0.0001831 0.00018425 0.0001836 0.00018275 0.00018515 0.0001849 0.0001836 0.00018435 0.00018355 0.00018365 0.000185 0.0001844 0.00018305 0.00018325 0.00018305 0.0001827 0.00028865 0.0002889 0.00028855 0.00018405 0.0002886 0.0002893 0.0001845 0.00018435 0.0001843 0.000184 0.00018375 0.0001829 0.00018445 0.00028855 0.00018405 0.00018345 0.0002893 0.0002891 0.0002893 0.00018445
20 0.0001734 0.00010475 0.00041855 6.76e-05 6.76e-05 0.0002669 0.0002188 0.00024735 0.0001837 0.00029045 0.0003988 6.865e-05 0.00017675 0.00029055 0.0001575 0.0002473 6.72e-05 0.00039865 0.0003961 0.00018365 0.000132 0.00015795 0.0001843 0.0002644 6.64e-05 0.00029025 0.00015805 0.00011835 0.0001772 0.0001583 0.0001775 0.0001566 0.0002899 6.835e-05 6.805e-05 0.0003405 0.00026685 0.00034005 0.00026685 0.00026435 0.00010515 0.0001562 6.79e-05 0.00023425 0.0002904 0.0001277 0.00015745 6.73e-05 0.00027325 0.0001761 0.0002898 0.00011915 0.00015745 6.725e-05 0.0001842 0.00017455 0.00024805 0.00026685 6.805e-05 0.00027395 0.00015785 0.0001176 6.69e-05 0.00028295 0.00011925 0.0001573 6.855e-05 0.00020855 0.00020865 6.835e-05 6.865e-05 6.78e-05 0.0001184 0.00015745 0.00015735 0.00037925 0.00028915 0.0003796 0.00017615 0.00028995 0.0001763 6.785e-05 6.88e-05 0.00017405 6.84e-05 0.0001436 6.81e-05 6.87e-05 0.00037915 0.0001178 0.00018365 0.0002904 0.00029 0.00038025 0.0001589
21 0.0001737 0.0001575 0.00032725 0.0001568 0.0001578 0.00017585 0.0002182 0.0001572 0.00018255 0.00028955 0.00030795 0.0001573 0.00017545 0.0002897 0.0001573 0.0001573 0.00015645 0.0003078 0.0003053 0.0001829 0.00015795 0.0003114 0.00018395 0.0001733 0.0001586 0.00029035 0.00015765 0.0001568 0.00017605 0.00015635 0.000177 0.00015725 0.00028825 0.0001577 0.00015725 0.0002894 0.0001758 0.000289 0.00017545 0.0001737 0.0001569 0.00015755 0.0001586 0.00018365 0.00028955 0.0002195 0.0001561 0.00015775 0.0001831 0.00017685 0.00028945 0.0001584 0.00015765 0.0001587 0.00018385 0.0001741 0.00015575 0.0001758 0.00015735 0.00018315 0.0001585 0.0001582 0.00015675 0.0001925 0.0001585 0.0001566 0.00015715 0.00015685 0.000157 0.0001583 0.0001575 0.00015665 0.00015685 0.00015655 0.00015625 0.0002888 0.00028965 0.0002879 0.0001769 0.0002883 0.00026615 0.00015765 0.0001578 0.0001728 0.00015705 0.0001839 0.0001563 0.00015755 0.0002887 0.0001578 0.0001838 0.00028945 0.0002891 0.00028895 0.00015815
22 0.0001851 0.00018425 0.00032805 0.00018435 0.0001848 0.00018435 0.0002429 0.0001839 0.00018345 0.0002893 0.00028955 0.00018415 0.00018415 0.0002888 0.0001845 0.0001839 0.0001841 0.0002894 0.0002904 0.0001837 0.0001843 0.00018395 0.0003654 0.0001852 0.0001846 0.00029 0.0001832 0.0001844 0.0001846 0.00018435 0.00018365 0.00018405 0.0002895 0.00018475 0.00018445 0.0002899 0.0001843 0.00028965 0.00018405 0.00018515 0.00018455 0.000184 0.0001849 0.00018395 0.00028875 0.0002431 0.00018385 0.0001847 0.0001834 0.0001845 0.00028955 0.0001839 0.00018415 0.00018475 0.00018275 0.0001843 0.00018385 0.0001843 0.0001844 0.00018385 0.00018455 0.00018465 0.00018415 0.0001851 0.00018405 0.00018405 0.00018415 0.0001844 0.0001845 0.00018405 0.00018365 0.00018445 0.00018445 0.00018415 0.00018385 0.0002893 0.0002897 0.00028915 0.00018455 0.0002895 0.0002905 0.00018415 0.0001838 0.000185 0.0001839 0.0001843 0.0001844 0.0001837 0.0002892 0.0001846 0.0001837 0.0002899 0.0002897 0.00028985 0.0001849
23 0.0001097 0.00022755 0.0002183 0.00032755 0.00032835 2.265e-05 0.00023475 1.955e-05 0.00018495 0.00029085 0.0001399 0.0003283 0.0001771 0.00029065 0.0001145 1.95e-05 0.0003018 0.00013975 0.0001358 0.0001849 0.0002644 0.0001733 0.0001852 3.68e-05 0.0003282 0.00029075 0.00017365 0.00027555 0.00017755 0.00017305 0.0001775 0.0001103 0.00029035 0.00032855 0.00032825 0.00023845 2.27e-05 0.000238 2.285e-05 1.94e-05 0.00022735 0.00017375 0.00032855 0.000133 0.0002905 0.00038915 0.00017355 0.00032805 3.1e-05 0.0001774 0.00029075 0.000276 0.00017415 0.0003286 0.0001851 0.0001732 1.905e-05 2.26e-05 0.00032745 3.52e-05 0.0001741 0.00027585 0.0002639 2.255e-05 0.0002761 0.00010995 0.0003275 0.0001214 0.0001215 0.0003285 0.000328 0.00032765 0.0002756 0.00017385 0.00017355 0.0001364 0.00029065 0.0001357 0.00017745 0.0002904 0.00043615 0.00032805 0.00032805 0.00017305 0.00032805 0.00022345 0.0003277 0.00032805 0.0001363 0.0002123 0.0001854 0.00029035 0.00028995 0.0001407 0.0002288
24 0.00023805 0.0001052 0.0004389 4.4e-06 3.1e-06 0.0003308 0.00021835 0.0003119 0.000184 0.0002911 0.0004627 5.95e-06 0.0001773 0.0002912 0.00021765 0.000312 3.04e-05 0.00046255 0.0004599 0.00018345 6.64e-05 0.0001586 0.0001846 0.0003282 8e-07 0.00028965 0.0001589 5.68e-05 0.00017775 0.00015895 0.00017805 0.00022185 0.00029055 5.2e-06 4.9e-06 0.0003423 0.00033075 0.00034185 0.00033075 0.00032815 0.00010575 0.0001559 4.05e-06 0.0002357 0.00029105 6.255e-05 0.0001583 2.95e-06 0.0003371 0.000175 0.00029 5.76e-05 0.00015785 2.75e-06 0.0001845 0.000175 0.00031205 0.00033075 4.45e-06 0.0003329 0.00015745 5.46e-05 6.79e-05 0.00034665 5.77e-05 0.00022215 5.9e-06 0.00021035 0.00021045 5.2e-06 5.95e-06 4.45e-06 5.685e-05 0.0001585 0.0001582 0.00044365 0.00028825 0.0004436 0.00017505 0.0002906 0.0001122 4.75e-06 5.8e-06 0.0001745 5.7e-06 0.00014585 5.1e-06 6e-06 0.00044355 0.00012045 0.0001835 0.0002905 0.0002901 0.00043955 0.00010515
25 0.0002911 0.0002906 0.00028935 0.00029055 0.0002907 0.00028995 0.00028975 0.00028985 0.00029015 0.0002899 0.0002888 0.0002914 0.00029005 0.00028945 0.0002909 0.00028985 0.00029065 0.00028855 0.0002897 0.0002899 0.00029025 0.00029035 0.00029 0.00029075 0.00028965 0.0005761 0.00029 0.0002907 0.0002905 0.0002907 0.00029005 0.00029055 0.0002897 0.0002913 0.000291 0.00028955 0.0002899 0.00028955 0.0002896 0.0002907 0.0002908 0.0002896 0.00029095 0.0002901 0.0002893 0.00028945 0.0002902 0.0002903 0.0002897 0.0002895 0.00028945 0.00029075 0.0002904 0.00029045 0.0002899 0.0002907 0.0002899 0.0002899 0.0002898 0.00029005 0.0002891 0.0002901 0.00029045 0.0002902 0.00029085 0.0002905 0.00029085 0.00029035 0.00029045 0.0002911 0.00029085 0.0002905 0.00029075 0.0002906 0.0002903 0.0002891 0.00028895 0.00028915 0.00028955 0.0002896 0.0002897 0.0002911 0.0002908 0.00029095 0.00029115 0.0002908 0.00029085 0.0002909 0.00028895 0.00029095 0.0002901 0.00028915 0.0002892 0.00028955 0.0002908
26 0.00017345 0.0001578 0.00032765 0.00015775 0.00015875 0.00017635 0.0002194 0.0001565 0.00018395 0.0002891 0.00030785 0.0001576 0.0001761 0.0002887 0.00015775 0.0001568 0.0001576 0.0003077 0.0003053 0.0001842 0.00015805 0.00015765 0.0001832 0.00017365 0.0001589 0.00029 0.000312 0.0001578 0.00017655 0.00015785 0.0001755 0.00015725 0.0002894 0.00015835 0.00015805 0.00028965 0.0001763 0.0002892 0.0001761 0.00017395 0.0001581 0.00015775 0.00015855 0.00018415 0.00028855 0.00021985 0.00015725 0.00015865 0.0001835 0.00017675 0.0002895 0.00015725 0.00015745 0.0001587 0.0001831 0.0001727 0.00015765 0.0001763 0.0001579 0.0001841 0.0001579 0.0001584 0.00015755 0.000192 0.00015735 0.00015755 0.0001576 0.0001579 0.000158 0.0001575 0.0001571 0.00015805 0.00015785 0.00015755 0.00015715 0.00028905 0.00029 0.000289 0.0001768 0.00028945 0.0002668 0.00015775 0.00015735 0.00017355 0.00015735 0.0001841 0.000158 0.00015715 0.00028895 0.0001578 0.0001841 0.0002897 0.0002893 0.00028965 0.00015865
27 0.00023575 0.0001187 0.00038565 5.47e-05 5.62e-05 0.00027815 0.0002191 0.00025895 0.00018295 0.00029005 0.00041 5.595e-05 0.00017565 0.0002902 0.00021525 0.0002592 8.06e-05 0.00040985 0.0004072 0.00018325 0.00011835 0.0001568 0.0001844 0.00027555 5.68e-05 0.0002907 0.0001578 0.0001086 0.00017625 0.00015715 0.00017725 0.0002194 0.0002887 5.615e-05 5.57e-05 0.00028875 0.0002781 0.0002883 0.0002781 0.0002753 0.0001182 0.0001575 5.675e-05 0.00018295 0.00029005 0.0001177 0.00015625 5.61e-05 0.0002849 0.0001769 0.00028975 5.595e-05 0.0001575 5.695e-05 0.0001843 0.0001742 0.00025925 0.0002781 5.585e-05 0.0002809 0.0001584 5.55e-05 0.0001173 0.00029415 5.605e-05 0.0002197 5.61e-05 0.00015685 0.00015695 5.68e-05 5.615e-05 5.51e-05 5.435e-05 0.0001567 0.00015625 0.0003908 0.0002899 0.00039075 0.00017695 0.00028875 0.00016455 5.635e-05 5.64e-05 0.00017285 5.57e-05 0.0001438 5.485e-05 5.62e-05 0.0003907 0.0001173 0.00018405 0.00028985 0.00028945 0.00038675 0.00010445
28 0.0001775 0.0001771 0.0003278 0.00017625 0.00017655 0.0001761 0.0002382 0.0001765 0.0001838 0.00029025 0.00028905 0.00017655 0.0001751 0.0002901 0.00017695 0.00017645 0.0001759 0.0002891 0.00029065 0.00018415 0.0001772 0.00017605 0.0001846 0.00017755 0.00017775 0.0002905 0.00017655 0.00017625 0.0003499 0.00017625 0.0001761 0.0001767 0.00028925 0.0001764 0.0001766 0.0002903 0.00017605 0.00028985 0.00017605 0.00017665 0.0001763 0.0001769 0.00017785 0.0001848 0.00028995 0.0002385 0.00017565 0.0001767 0.00018435 0.00017645 0.00029025 0.00017725 0.000177 0.00017785 0.0001845 0.0001774 0.0001768 0.00017615 0.0001761 0.0001846 0.0001772 0.00017745 0.0001762 0.0001765 0.00017735 0.00017685 0.000176 0.0001771 0.0001772 0.00017735 0.00017585 0.00017615 0.0001763 0.0001761 0.0001758 0.0002898 0.00029045 0.0002896 0.0001765 0.0002893 0.00028485 0.0001772 0.00017635 0.0001767 0.0001763 0.0001849 0.00017545 0.00017585 0.0002897 0.00017715 0.00018485 0.00028985 0.00028945 0.00029015 0.0001772
29 0.000174 0.0001579 0.0003276 0.00015715 0.00015815 0.00017565 0.00021885 0.00015735 0.00018305 0.0002899 0.00030825 0.00015755 0.00017565 0.00029005 0.0001576 0.00015735 0.0001568 0.0003081 0.0003057 0.00018335 0.0001583 0.00015635 0.00018435 0.00017305 0.00015895 0.0002907 0.00015785 0.00015715 0.00017625 0.0003121 0.0001771 0.0001576 0.0002887 0.00015805 0.0001576 0.00028985 0.0001757 0.0002894 0.0001759 0.000174 0.0001573 0.0001579 0.00015895 0.00018415 0.0002899 0.00021985 0.0001564 0.0001581 0.0001836 0.00017705 0.0002899 0.00015865 0.000158 0.00015905 0.00018425 0.0001743 0.0001566 0.0001756 0.0001576 0.0001836 0.00015875 0.00015855 0.00015705 0.00019265 0.00015875 0.00015725 0.00015735 0.0001575 0.0001576 0.00015855 0.00015775 0.000157 0.00015715 0.0001569 0.00015655 0.00028925 0.0002901 0.00028855 0.0001771 0.00028875 0.00026645 0.000158 0.00015805 0.0001731 0.0001573 0.00018425 0.00015665 0.0001578 0.00028915 0.00015815 0.0001843 0.0002898 0.0002894 0.00028935 0.0001586
30 0.0001775 0.00017685 0.00032815 0.0001772 0.0001779 0.00017615 0.0002387 0.0001766 0.0001848 0.0002897 0.0002889 0.0001767 0.00017565 0.00028895 0.00017725 0.00017645 0.00017695 0.0002889 0.00029055 0.00018505 0.0001775 0.000177 0.00018365 0.0001775 0.00017805 0.00029005 0.0001755 0.00017725 0.0001761 0.0001771 0.0003489 0.0001771 0.00029005 0.0001775 0.0001772 0.0002906 0.0001761 0.00029015 0.000176 0.00017705 0.00017715 0.0001773 0.00017785 0.0001853 0.00028885 0.00023895 0.0001767 0.0001778 0.00018485 0.00017635 0.00029015 0.0001763 0.0001771 0.00017785 0.0001836 0.0001761 0.0001772 0.0001762 0.0001765 0.000185 0.00017695 0.00017785 0.000177 0.00017615 0.0001762 0.0001772 0.00017625 0.00017755 0.00017765 0.0001766 0.0001759 0.0001772 0.0001773 0.0001771 0.0001768 0.0002901 0.00029065 0.00028985 0.0001764 0.0002901 0.00028575 0.000177 0.0001761 0.0001773 0.00017645 0.0001853 0.00017715 0.00017595 0.00029 0.00017755 0.00018495 0.00029005 0.00028965 0.00029035 0.00017755
31 0.0001088 0.00015795 0.00030775 0.0002209 0.00022185 0.00011265 0.00021895 9.225e-05 0.00018335 0.00028985 0.00024455 0.0002218 0.00017625 0.00028995 9.74e-05 9.195e-05 0.00019435 0.0002444 0.000242 0.00018355 0.0001566 0.00015725 0.00018405 0.0001103 0.00022185 0.00029055 0.00015725 0.0002194 0.0001767 0.0001576 0.0001771 0.0001821 0.0002892 0.0002218 0.0002215 0.0002878 0.0001126 0.00028735 0.0001126 0.00011035 0.00015805 0.00015635 0.0002218 0.0001819 0.0002898 0.0002829 0.00015655 0.00022175 0.00011895 0.00017675 0.0002895 0.0002203 0.00015695 0.000222 0.00018395 0.0001743 9.36e-05 0.0001126 0.00022175 0.0001247 0.00015795 0.00021985 0.0001562 0.00012905 0.0002204 9.235e-05 0.00022165 0.00015585 0.00015595 0.0002219 0.0002218 0.00022125 0.00021945 0.0001563 0.00015645 0.00022435 0.00028965 0.00022515 0.0001768 0.00028925 0.0003303 0.00022135 0.00022205 0.0001737 0.00022155 0.0001808 0.00022125 0.00022185 0.00022425 0.0001546 0.0001837 0.00029 0.0002896 0.00023065 0.00021255
32 0.0002903 0.0002898 0.0002886 0.0002887 0.0002897 0.00028955 0.0002895 0.00028915 0.00028825 0.0002891 0.0002889 0.0002891 0.00028865 0.00028915 0.00028965 0.00028925 0.00028835 0.00028875 0.0002896 0.0002886 0.0002899 0.00028825 0.0002895 0.00029035 0.00029055 0.0002897 0.0002894 0.0002887 0.00028925 0.0002887 0.00029005 0.0002892 0.0005751 0.0002895 0.00028905 0.00028905 0.0002895 0.0002889 0.0002893 0.00029 0.00028925 0.0002895 0.00029045 0.0002894 0.000289 0.00029015 0.0002879 0.00028965 0.00028885 0.00029015 0.000289 0.00029015 0.0002895 0.00029055 0.0002894 0.0002905 0.0002889 0.0002895 0.00028895 0.0002893 0.00029015 0.00029015 0.00028865 0.0002904 0.00029025 0.0002892 0.00028915 0.00028945 0.00028955 0.00029005 0.0002892 0.0002885 0.00028875 0.00028835 0.00028815 0.00028845 0.0002893 0.0002884 0.0002902 0.0002879 0.00028915 0.0002898 0.0002895 0.00028935 0.00028885 0.0002898 0.00028815 0.00028925 0.00028835 0.00028975 0.00028945 0.00028895 0.00028885 0.000289 0.0002898
33 0.00023795 0.0001041 0.00043865 3.95e-06 4.1e-06 0.00033125 0.0002197 0.0003124 0.00018385 0.00029015 0.000463 3.85e-06 0.00017645 0.00029045 0.00021755 0.0003125 2.91e-05 0.00046285 0.0004601 0.0001844 6.835e-05 0.0001577 0.00018475 0.00032855 5.2e-06 0.0002913 0.00015835 5.615e-05 0.0001764 0.00015805 0.0001775 0.0002218 0.0002895 5.2e-06 3e-06 0.0003428 0.0003312 0.00034235 0.0003312 0.00032805 0.0001048 0.0001583 4.15e-06 0.0002371 0.0002903 6.59e-05 0.0001572 4.5e-06 0.0003383 0.0001776 0.00028925 5.725e-05 0.0001572 4.35e-06 0.00018465 0.00017435 0.00031245 0.0003312 4.25e-06 0.000334 0.0001593 5.725e-05 6.765e-05 0.00034705 5.735e-05 0.0002221 4.4e-06 0.000211 0.0002111 3.35e-06 3.6e-06 3.75e-06 5.62e-05 0.0001576 0.00015735 0.0004439 0.0002906 0.00044385 0.00017765 0.00028955 0.00011285 3.5e-06 4.35e-06 0.00017355 3.6e-06 0.00014675 3.35e-06 3.6e-06 0.0004438 0.00012065 0.00018355 0.0002906 0.0002902 0.00043975 0.0001041
34 0.00023765 0.0001038 0.00043835 3.5e-06 4.25e-06 0.00033095 0.0002195 0.0003121 0.0001834 0.00028985 0.0004627 3.2e-06 0.000176 0.00029015 0.00021725 0.0003122 2.865e-05 0.00046255 0.0004598 0.00018395 6.805e-05 0.00015725 0.00018445 0.00032825 4.9e-06 0.000291 0.00015805 5.57e-05 0.0001766 0.0001576 0.0001772 0.0002215 0.00028905 3e-06 4.6e-06 0.0003425 0.0003309 0.00034205 0.0003309 0.0003279 0.00010475 0.000158 3.9e-06 0.0002368 0.00029 6.57e-05 0.00015665 4.45e-06 0.000338 0.0001773 0.00028895 5.695e-05 0.000157 4.05e-06 0.00018435 0.00017405 0.00031215 0.0003309 3.8e-06 0.0003337 0.000159 5.695e-05 6.72e-05 0.00034675 5.705e-05 0.0002218 4.2e-06 0.0002107 0.0002108 3.1e-06 3.75e-06 3e-06 5.575e-05 0.00015715 0.0001569 0.0004436 0.0002903 0.00044355 0.00017735 0.0002891 0.0001128 3.3e-06 4.3e-06 0.0001731 3.15e-06 0.00014645 3.15e-06 3.8e-06 0.0004435 0.00012035 0.00018335 0.0002904 0.00029 0.00043945 0.00010385
35 0.00028915 0.00030425 0.000237 0.00034125 0.0003426 0.00023755 0.0002895 0.00023675 0.0002893 0.00028945 0.0002367 0.00034285 0.00028985 0.00028955 0.0002885 0.000237 0.0003417 0.00023665 0.0002375 0.0002892 0.0003405 0.0002894 0.0002899 0.00023845 0.0003423 0.00028955 0.00028965 0.00028875 0.0002903 0.00028985 0.0002906 0.0002878 0.00028905 0.0003428 0.0003425 0.0004712 0.0002375 0.0002358 0.0002373 0.0002383 0.00030415 0.00028925 0.0003425 0.00023615 0.0002893 0.00034205 0.0002892 0.00034225 0.00023645 0.00029005 0.00028915 0.00028955 0.0002895 0.0003427 0.0002898 0.00029115 0.00023685 0.0002375 0.0003421 0.0002373 0.00028985 0.0002889 0.0003401 0.00023855 0.00028965 0.0002879 0.0003426 0.0002363 0.0002364 0.0003429 0.00034275 0.0003419 0.0002888 0.0002895 0.00028905 0.0002362 0.00028905 0.0002364 0.0002901 0.00028885 0.00034185 0.00034255 0.00034275 0.00029065 0.0003426 0.0002878 0.00034205 0.0003428 0.0002361 0.00028725 0.0002896 0.0002891 0.00028915 0.000237 0.0002905
36 0.0001138 0.00023005 0.00021745 0.0003302 0.00033095 2.095e-05 0.00023725 2.2e-05 0.00018395 0.0002901 0.0001349 0.00033105 0.0001756 0.0002899 0.0001175 2.195e-05 0.0003044 0.00013485 0.0001366 0.0001839 0.00026685 0.0001758 0.0001843 2.27e-05 0.00033075 0.0002899 0.0001763 0.0002781 0.00017605 0.0001757 0.0001761 0.0001126 0.0002895 0.0003312 0.0003309 0.0002375 4.17e-05 0.00023705 2.13e-05 2.3e-05 0.00022985 0.00017615 0.0003312 0.0001319 0.00028975 0.00039175 0.000176 0.00033065 2.98e-05 0.00017585 0.0002899 0.00027865 0.0001766 0.0003312 0.0001842 0.00017755 2.14e-05 2.11e-05 0.00033015 3.47e-05 0.00017655 0.00027835 0.0002664 2.27e-05 0.00027875 0.0001123 0.00033015 0.0001238 0.0001239 0.00033125 0.00033075 0.0003303 0.00027815 0.0001763 0.000176 0.00013535 0.00028975 0.0001347 0.0001759 0.00028955 0.0004389 0.0003307 0.0003308 0.0001773 0.0003308 0.00022245 0.00033035 0.0003308 0.00013525 0.0002147 0.0001844 0.0002896 0.0002892 0.00014035 0.00023125
37 0.0002887 0.00030385 0.0002364 0.0003408 0.00034215 0.0002371 0.00028915 0.0002363 0.00028905 0.00028955 0.0002368 0.0003424 0.0002894 0.00028955 0.00028805 0.00023655 0.00034125 0.00023665 0.0002376 0.00028895 0.00034005 0.000289 0.00028965 0.000238 0.00034185 0.00028955 0.0002892 0.0002883 0.00028985 0.0002894 0.00029015 0.00028735 0.0002889 0.00034235 0.00034205 0.0002358 0.00023705 0.0004703 0.0002369 0.00023785 0.00030375 0.0002888 0.00034205 0.0002359 0.0002894 0.00034165 0.00028875 0.0003418 0.0002362 0.0002896 0.00028915 0.0002891 0.00028905 0.00034225 0.00028955 0.0002907 0.0002365 0.00023705 0.00034165 0.00023705 0.0002894 0.0002884 0.00033965 0.0002381 0.00028915 0.0002875 0.00034215 0.0002359 0.00023595 0.00034245 0.0003423 0.00034145 0.00028835 0.00028905 0.0002886 0.0002362 0.00028905 0.00023585 0.00028965 0.00028895 0.00034155 0.0003421 0.0003423 0.0002902 0.00034215 0.00028745 0.0003416 0.00034235 0.0002361 0.0002869 0.00028935 0.0002891 0.00028855 0.000237 0.00029015
38 0.00011375 0.0002298 0.00021725 0.0003302 0.00033095 2.135e-05 0.0002369 2.18e-05 0.0001838 0.0002898 0.0001347 0.00033095 0.0001756 0.0002896 0.00011725 2.175e-05 0.0003044 0.0001345 0.00013635 0.00018375 0.00026685 0.00017545 0.00018405 2.285e-05 0.00033075 0.0002896 0.0001761 0.0002781 0.00017605 0.0001759 0.000176 0.0001126 0.0002893 0.0003312 0.0003309 0.0002373 2.13e-05 0.0002369 4.13e-05 2.3e-05 0.0002296 0.00017615 0.0003312 0.00013175 0.00028945 0.00039175 0.000176 0.00033065 2.965e-05 0.00017585 0.0002897 0.00027855 0.0001766 0.0003312 0.00018395 0.0001774 2.075e-05 2.12e-05 0.00033005 3.43e-05 0.00017645 0.00027835 0.0002664 2.265e-05 0.00027865 0.00011195 0.0003301 0.00012345 0.0001236 0.00033115 0.00033065 0.0003303 0.00027815 0.0001763 0.000176 0.00013515 0.00028955 0.0001342 0.0001759 0.00028935 0.00043885 0.0003307 0.0003307 0.00017725 0.0003307 0.00022245 0.00033035 0.0003307 0.00013505 0.0002147 0.00018425 0.0002893 0.00028895 0.0001399 0.0002312
