 slim_337715185 slim_337715309 slim_337715207 slim_337715357 slim_337715348 slim_337715151 slim_337715249 slim_337715205 slim_337715259 slim_337715314 slim_337714682 slim_337715293 slim_337715200 slim_337715236 slim_337715158 slim_337715095 slim_337715077 slim_337715318 slim_337715283 slim_337715363 slim_337715331 slim_337715316 slim_337715274 slim_337715091 slim_337715350 slim_337715340 slim_337715370 slim_337715288 slim_337715300 slim_337715361 slim_337715352 slim_337715304 slim_337715353 slim_337715326 slim_337715322 slim_337715281 slim_337715262 slim_337715245 slim_337715301 slim_337715355 slim_337715154 slim_337715367 slim_337715364 slim_337715372 slim_337715339 slim_337715351 slim_337715238 slim_337715273 slim_337715153 slim_337715319 slim_337715324 slim_337715282 slim_337715344 slim_337715310 slim_337715131 slim_337715299 slim_337715247 slim_337715232 slim_337715343 slim_337715321 slim_337715256 slim_337715323 slim_337715298 slim_337715346 slim_337715233 slim_337715334 slim_337715337 slim_337715213 slim_337715362 slim_337715366 slim_337715169 slim_337715360 slim_337715165 slim_337715349 slim_337715107 slim_337715335 slim_337715099 slim_337715329 slim_337715172 slim_337715240 slim_337715359 slim_337715341 slim_337715182 slim_337715235 slim_337715333 slim_337715234 slim_337715328 slim_337715356 slim_337715257 slim_337715192 slim_337715036 slim_337715251 slim_337715347 slim_337715338 slim_337715365 slim_337715129 slim_337715265 slim_337715292 slim_337715136 slim_337715078
0 1.97e-05 1.355e-05 1.155e-05 1.43e-05 1.275e-05 1.395e-05 1.105e-05 1.2e-05 1.2e-05 1.105e-05 1.105e-05 1.175e-05 1.125e-05 1.32e-05 1.22e-05 1.07e-05 1.03e-05 1.125e-05 1.325e-05 1.155e-05 1.13e-05 1.165e-05 1.445e-05 1.1e-05 1.195e-05 1.285e-05 1.15e-05 1.265e-05 1.2e-05 1.175e-05 1.32e-05 1.115e-05 1.16e-05 1.285e-05 1.125e-05 1.225e-05 1.2e-05 1.43e-05 1.28e-05 1.345e-05 1.385e-05 1.19e-05 1.135e-05 1.065e-05 1.295e-05 1.025e-05 1.16e-05 1.405e-05 1.185e-05 1.2e-05 1.14e-05 1.11e-05 1.34e-05 1.22e-05 1.32e-05 1.09e-05 1.12e-05 1.295e-05 1.27e-05 1.325e-05 1.245e-05 1.19e-05 1.33e-05 1.315e-05 1.35e-05 1.225e-05 1.09e-05 1.1e-05 1.275e-05 1.13e-05 1.375e-05 1.23e-05 1.22e-05 1.305e-05 1.14e-05 1.215e-05 1.145e-05 1.145e-05 1.31e-05 1.1e-05 1.21e-05 1.135e-05 1.37e-05 1.09e-05 1.415e-05 1.3e-05 1.14e-05 1.165e-05 1.245e-05 1.125e-05 1.245e-05 1.195e-05 1.225e-05 1.165e-05 1.225e-05 1.07e-05 1.255e-05 1.205e-05 1.235e-05 1.355e-05
1 1.355e-05 8.6e-06 9e-06 1.31e-05 5.8e-06 9.95e-06 1.285e-05 6.8e-06 7.8e-06 1.275e-05 1.275e-05 1.095e-05 1.295e-05 5.65e-06 6.95e-06 1.405e-05 1.8e-05 1.22e-05 5.8e-06 1.23e-05 1.225e-05 8.3e-06 1.325e-05 1.27e-05 8.65e-06 6.05e-06 9.75e-06 8.95e-06 7.65e-06 1.095e-05 5.8e-06 1.23e-05 1.055e-05 9.15e-06 1.295e-05 7.2e-06 1.015e-05 1.31e-05 6.65e-06 6e-06 9e-06 7.7e-06 1.305e-05 1.335e-05 5.5e-06 1.795e-05 1.12e-05 1.36e-05 7.65e-06 6.95e-06 1.31e-05 1.205e-05 5.75e-06 8.25e-06 5.85e-06 1.26e-05 1.235e-05 6.35e-06 1.06e-05 6.9e-06 7.4e-06 8.35e-06 5.85e-06 5.7e-06 1.075e-05 8.3e-06 1.285e-05 1.28e-05 5.9e-06 1.3e-05 9.1e-06 6.35e-06 7.15e-06 1.52e-05 1.235e-05 7.1e-06 1.225e-05 9.7e-06 5.65e-06 1.36e-05 7.05e-06 1.165e-05 9.85e-06 1.35e-05 1.37e-05 1.065e-05 1.22e-05 1.195e-05 7.35e-06 8e-06 7.4e-06 7.75e-06 7.05e-06 1.155e-05 7.05e-06 1.635e-05 1.045e-05 1.135e-05 8.25e-06 6.05e-06
2 1.155e-05 9e-06 9.5e-06 1.325e-05 8e-06 9.3e-06 1.085e-05 6.8e-06 6.3e-06 1.18e-05 1.18e-05 1.285e-05 1.2e-05 8.05e-06 7.1e-06 1.06e-05 1.675e-05 1.195e-05 8.3e-06 1.21e-05 1.2e-05 5.05e-06 1.34e-05 1.175e-05 6e-06 7.95e-06 4.85e-06 1.085e-05 5.9e-06 1.285e-05 8.25e-06 1.075e-05 9.5e-06 8.5e-06 1.2e-05 7.25e-06 1.27e-05 1.325e-05 8.25e-06 8.5e-06 9.45e-06 6e-06 1.21e-05 1.145e-05 8e-06 1.67e-05 1.265e-05 1.26e-05 5.9e-06 7e-06 1.215e-05 1.18e-05 8.25e-06 7.2e-06 8.2e-06 1.165e-05 1.08e-05 7.3e-06 1.325e-05 8.3e-06 7.45e-06 5.95e-06 8.4e-06 8.2e-06 9.1e-06 7.25e-06 1.17e-05 1.085e-05 8.15e-06 1.205e-05 9.65e-06 6.8e-06 7.2e-06 1.43e-05 1.21e-05 7.15e-06 1.195e-05 4.8e-06 8.15e-06 1.095e-05 7.1e-06 1.185e-05 9.25e-06 1.085e-05 1.265e-05 8.35e-06 1.19e-05 1.215e-05 7.45e-06 7e-06 7.45e-06 6.05e-06 6.8e-06 1.195e-05 7e-06 1.67e-05 1.31e-05 1.285e-05 6.9e-06 8.85e-06
3 1.43e-05 1.31e-05 1.325e-05 1.74e-05 1.105e-05 1.165e-05 1.31e-05 9.85e-06 1.13e-05 1.255e-05 1.265e-05 1.235e-05 1.285e-05 1.275e-05 1.015e-05 1.48e-05 1.475e-05 1.145e-05 1.23e-05 1.225e-05 1.14e-05 1.28e-05 9.15e-06 1.26e-05 1.185e-05 1.12e-05 1.375e-05 1.325e-05 1.17e-05 1.235e-05 1.225e-05 1.275e-05 1.455e-05 1.01e-05 1.295e-05 9.5e-06 1.175e-05 8.75e-06 1.375e-05 1.26e-05 1.155e-05 1.11e-05 1.305e-05 1.41e-05 1.21e-05 1.47e-05 1.28e-05 1.085e-05 1.11e-05 9.35e-06 1.31e-05 1.13e-05 1.3e-05 1.15e-05 1.24e-05 1.24e-05 1.28e-05 1.395e-05 1.415e-05 1.425e-05 9.7e-06 1.215e-05 1.235e-05 1.22e-05 1.26e-05 1.145e-05 1.285e-05 1.305e-05 1.06e-05 1.3e-05 9.75e-06 1.2e-05 9.65e-06 1.295e-05 1.16e-05 9.5e-06 1.205e-05 1.37e-05 1.225e-05 1.36e-05 9.45e-06 1.08e-05 1.095e-05 1.35e-05 1.055e-05 1.26e-05 1.2e-05 1.13e-05 9.8e-06 1.07e-05 9.8e-06 1.115e-05 1.25e-05 1.09e-05 1.005e-05 1.275e-05 1.4e-05 1.545e-05 1.125e-05 1.22e-05
4 1.275e-05 5.8e-06 8e-06 1.105e-05 5.9e-06 6.55e-06 1.145e-05 3.65e-06 5.35e-06 1.14e-05 1.14e-05 9.65e-06 1.16e-05 6.15e-06 4.7e-06 1.415e-05 1.77e-05 1.01e-05 6.35e-06 1.035e-05 1.015e-05 6.55e-06 1.12e-05 1.135e-05 7.1e-06 5.15e-06 9.5e-06 1.05e-05 5.2e-06 9.65e-06 6.3e-06 1.05e-05 1.05e-05 6.1e-06 1.15e-05 4.05e-06 8.3e-06 1.105e-05 7.2e-06 6.45e-06 6.85e-06 5.25e-06 1.16e-05 1.235e-05 6.05e-06 1.765e-05 1e-05 1.205e-05 5.25e-06 3.8e-06 1.175e-05 9.95e-06 6.5e-06 5.7e-06 6.55e-06 1.125e-05 1.055e-05 7.6e-06 1.18e-05 8.05e-06 4.25e-06 6.65e-06 6.35e-06 6.25e-06 8.3e-06 5.75e-06 1.105e-05 1.135e-05 3.6e-06 1.165e-05 6.85e-06 4.7e-06 4e-06 1.33e-05 1.025e-05 3.95e-06 1.015e-05 9.45e-06 6.2e-06 1.295e-05 3.9e-06 9.15e-06 6.75e-06 1.285e-05 1.22e-05 8.6e-06 1.01e-05 9.45e-06 4.1e-06 5.4e-06 4.15e-06 5.3e-06 6.3e-06 8.9e-06 3.95e-06 1.45e-05 1.165e-05 1.37e-05 6.05e-06 5.9e-06
5 1.395e-05 9.95e-06 9.3e-06 1.165e-05 6.55e-06 9.8e-06 1.26e-05 5.45e-06 7.1e-06 1.285e-05 1.285e-05 1.27e-05 1.305e-05 8.5e-06 6.75e-06 1.515e-05 1.855e-05 1.155e-05 9e-06 1.175e-05 1.16e-05 8e-06 1.18e-05 1.28e-05 8.65e-06 7.65e-06 1.065e-05 1.33e-05 6.65e-06 1.27e-05 8.95e-06 1.165e-05 1.285e-05 5.65e-06 1.305e-05 6.1e-06 1.14e-05 1.165e-05 1.03e-05 9.2e-06 6.9e-06 7e-06 1.315e-05 1.355e-05 8.75e-06 1.85e-05 1.205e-05 1.215e-05 6.8e-06 5.9e-06 1.32e-05 1.145e-05 9.05e-06 7.45e-06 9.15e-06 1.27e-05 1.17e-05 9.95e-06 1.385e-05 1.04e-05 6.3e-06 7.95e-06 9e-06 8.9e-06 7.05e-06 7.5e-06 1.23e-05 1.255e-05 7.25e-06 1.31e-05 7.75e-06 8.05e-06 6.05e-06 1.165e-05 1.17e-05 6e-06 1.13e-05 1.06e-05 8.85e-06 1.395e-05 6e-06 1.06e-05 5.7e-06 1.385e-05 1.23e-05 7.4e-06 1.125e-05 1.09e-05 6.3e-06 7.3e-06 6.3e-06 7.05e-06 9.4e-06 1.04e-05 5.5e-06 1.535e-05 1.37e-05 1.575e-05 7.9e-06 9.4e-06
6 1.105e-05 1.285e-05 1.085e-05 1.31e-05 1.145e-05 1.26e-05 1.73e-05 1.065e-05 1.02e-05 1.135e-05 1.135e-05 1.035e-05 1.155e-05 1.225e-05 1.165e-05 1.23e-05 1.025e-05 9.8e-06 1.255e-05 9.95e-06 9.85e-06 8.95e-06 1.325e-05 1.13e-05 1.21e-05 1.145e-05 1.3e-05 1.16e-05 9.75e-06 1.03e-05 1.25e-05 9.5e-06 1.17e-05 1.175e-05 1.155e-05 1.115e-05 1.09e-05 1.31e-05 1.245e-05 1.275e-05 1.24e-05 9.9e-06 1.165e-05 1.095e-05 1.225e-05 1.02e-05 1.1e-05 1.23e-05 9.8e-06 1.09e-05 1.17e-05 9.65e-06 1.24e-05 1.105e-05 1.245e-05 1.12e-05 9.55e-06 1.155e-05 1.235e-05 1.25e-05 1.135e-05 1.185e-05 1.26e-05 1.245e-05 1.235e-05 1.11e-05 9.6e-06 8.8e-06 1.165e-05 1.16e-05 1.23e-05 1.03e-05 1.11e-05 1.165e-05 9.95e-06 1.105e-05 9.8e-06 1.295e-05 1.24e-05 1.085e-05 1.1e-05 1.06e-05 1.26e-05 1.075e-05 1.245e-05 1.13e-05 9.75e-06 1.09e-05 1.135e-05 1.09e-05 1.135e-05 9.95e-06 1.245e-05 1.055e-05 1.085e-05 1.03e-05 1.22e-05 1.275e-05 1.065e-05 1.31e-05
7 1.2e-05 6.8e-06 6.8e-06 9.85e-06 3.65e-06 5.45e-06 1.065e-05 2.7e-06 3.95e-06 1.02e-05 1.02e-05 1.04e-05 1.04e-05 5.15e-06 2.7e-06 1.315e-05 1.71e-05 8.9e-06 5.5e-06 9.3e-06 8.95e-06 5.55e-06 1e-05 1.015e-05 5.45e-06 4.15e-06 8.1e-06 1.015e-05 3.65e-06 1.04e-05 5.45e-06 9.7e-06 1.005e-05 4.6e-06 1.04e-05 2.25e-06 9.15e-06 9.85e-06 7.5e-06 5.7e-06 6.95e-06 3.85e-06 1.05e-05 1.17e-05 5.05e-06 1.705e-05 9.75e-06 1.105e-05 3.65e-06 1.85e-06 1.055e-05 8.6e-06 5.75e-06 4.3e-06 5.65e-06 1.005e-05 9.75e-06 7.15e-06 1.155e-05 7.6e-06 2.45e-06 4.8e-06 5.5e-06 5.4e-06 7.45e-06 4.35e-06 1.045e-05 1.06e-05 3.75e-06 1.045e-05 5.9e-06 5.25e-06 2.2e-06 1.245e-05 9.05e-06 2.15e-06 8.8e-06 8.05e-06 5.35e-06 1.195e-05 1.95e-06 7.95e-06 5.5e-06 1.185e-05 1.12e-05 7.8e-06 8.55e-06 8.25e-06 2.45e-06 4e-06 2.45e-06 3.9e-06 6.55e-06 7.8e-06 1.7e-06 1.39e-05 1.14e-05 1.345e-05 4.75e-06 5.9e-06
8 1.2e-05 7.8e-06 6.3e-06 1.13e-05 5.35e-06 7.1e-06 1.02e-05 3.95e-06 6.7e-06 1.16e-05 1.16e-05 1.145e-05 1.18e-05 6.75e-06 4.85e-06 1.385e-05 1.785e-05 9.95e-06 6.9e-06 1.05e-05 1.04e-05 3.55e-06 1.105e-05 1.155e-05 6.75e-06 5.75e-06 8.8e-06 1.09e-05 4.05e-06 1.145e-05 6.85e-06 9.25e-06 9.9e-06 6.2e-06 1.145e-05 4.35e-06 1.03e-05 1.13e-05 7.5e-06 6.75e-06 7.6e-06 4.05e-06 1.155e-05 1.18e-05 6.55e-06 1.78e-05 1.055e-05 1.125e-05 4e-06 4.05e-06 1.155e-05 1.015e-05 6.85e-06 4.6e-06 6.95e-06 1.145e-05 9.3e-06 6.35e-06 1.23e-05 7.6e-06 4.55e-06 6.5e-06 6.95e-06 6.8e-06 7.55e-06 5.05e-06 1.06e-05 1.015e-05 5.1e-06 1.145e-05 7.15e-06 5.05e-06 3.5e-06 1.33e-05 1.01e-05 3.85e-06 1.045e-05 8.75e-06 6.35e-06 1.27e-05 4.15e-06 9.4e-06 6.55e-06 1.26e-05 1.135e-05 7.65e-06 1.04e-05 9.7e-06 4.2e-06 4.7e-06 4.2e-06 4.1e-06 7.55e-06 9.35e-06 4.25e-06 1.47e-05 1.215e-05 1.415e-05 4.75e-06 7.1e-06
9 1.105e-05 1.275e-05 1.18e-05 1.255e-05 1.14e-05 1.285e-05 1.135e-05 1.02e-05 1.16e-05 1.81e-05 9.45e-06 1.065e-05 9.65e-06 1.24e-05 9.9e-06 9.85e-06 9.5e-06 9.75e-06 1.195e-05 1.055e-05 9.7e-06 1.305e-05 1.29e-05 9.4e-06 1.045e-05 1.155e-05 1.06e-05 1.2e-05 1.2e-05 1.065e-05 1.19e-05 1.185e-05 1.265e-05 1.13e-05 9.75e-06 9.85e-06 1.08e-05 1.255e-05 1.335e-05 1.225e-05 1.28e-05 1.14e-05 9.85e-06 1.085e-05 1.175e-05 9.45e-06 1.195e-05 1.415e-05 1.14e-05 9.7e-06 9.9e-06 9.6e-06 1.265e-05 1.18e-05 1.205e-05 9.1e-06 1.19e-05 1.355e-05 1.26e-05 1.385e-05 1.005e-05 1.075e-05 1.2e-05 1.185e-05 1.375e-05 1.175e-05 1.11e-05 1.13e-05 1.095e-05 9.8e-06 1.2e-05 1.23e-05 1e-05 1.21e-05 9.9e-06 9.85e-06 1.035e-05 1.055e-05 1.19e-05 1.015e-05 9.8e-06 1.005e-05 1.215e-05 1.005e-05 1.425e-05 1.325e-05 1.03e-05 1.045e-05 1.015e-05 1.095e-05 1.015e-05 1.145e-05 1.11e-05 9.95e-06 1.04e-05 1.07e-05 1.245e-05 1.155e-05 1.195e-05 1.185e-05
10 1.105e-05 1.275e-05 1.18e-05 1.265e-05 1.14e-05 1.285e-05 1.135e-05 1.02e-05 1.16e-05 9.45e-06 1.81e-05 1.065e-05 9.5e-06 1.24e-05 9.7e-06 9.85e-06 9.5e-06 9.75e-06 1.17e-05 1.04e-05 9.45e-06 1.305e-05 1.29e-05 9.15e-06 1.02e-05 1.135e-05 1.06e-05 1.2e-05 1.2e-05 1.065e-05 1.17e-05 1.18e-05 1.26e-05 1.13e-05 9.75e-06 9.35e-06 1.08e-05 1.265e-05 1.335e-05 1.225e-05 1.28e-05 1.125e-05 9.85e-06 1.085e-05 1.175e-05 9.45e-06 1.185e-05 1.415e-05 1.14e-05 9.55e-06 9.85e-06 9.6e-06 1.25e-05 1.18e-05 1.18e-05 9.3e-06 1.185e-05 1.355e-05 1.255e-05 1.385e-05 9.4e-06 1.075e-05 1.175e-05 1.16e-05 1.375e-05 1.155e-05 1.11e-05 1.13e-05 1.095e-05 9.8e-06 1.185e-05 1.23e-05 9.95e-06 1.195e-05 9.9e-06 9.6e-06 1.035e-05 1.055e-05 1.19e-05 1.015e-05 9.55e-06 1.01e-05 1.215e-05 1.005e-05 1.425e-05 1.325e-05 1.03e-05 1.025e-05 9.95e-06 1.105e-05 9.95e-06 1.125e-05 1.11e-05 9.7e-06 1.04e-05 1.06e-05 1.24e-05 1.155e-05 1.195e-05 1.185e-05
11 1.175e-05 1.095e-05 1.285e-05 1.235e-05 9.65e-06 1.27e-05 1.035e-05 1.04e-05 1.145e-05 1.065e-05 1.065e-05 1.61e-05 1.085e-05 1.24e-05 1.085e-05 1.215e-05 9.75e-06 9.1e-06 1.205e-05 9.9e-06 9.15e-06 1.255e-05 1.25e-05 1.06e-05 1.19e-05 1.09e-05 1.32e-05 1.125e-05 1.185e-05 8.1e-06 1.2e-05 1.11e-05 1.3e-05 1.12e-05 1.075e-05 1.025e-05 8.5e-06 1.235e-05 1.225e-05 1.215e-05 1.13e-05 1.135e-05 1.085e-05 1.155e-05 1.175e-05 9.7e-06 1.06e-05 1.33e-05 1.13e-05 1e-05 1.1e-05 8.95e-06 1.265e-05 1.16e-05 1.21e-05 1.05e-05 1.115e-05 1.32e-05 1.2e-05 1.345e-05 1.045e-05 1.215e-05 1.205e-05 1.195e-05 1.315e-05 1.165e-05 1.005e-05 1.03e-05 9.25e-06 1.09e-05 1.15e-05 1.025e-05 1.02e-05 1.115e-05 9.25e-06 1.015e-05 9.65e-06 1.315e-05 1.19e-05 1.07e-05 1.01e-05 9.85e-06 1.2e-05 1.06e-05 1.35e-05 1.255e-05 9.6e-06 1.015e-05 1.03e-05 1.105e-05 1.035e-05 1.14e-05 1.07e-05 9.65e-06 1.065e-05 9.7e-06 1.185e-05 1.245e-05 1.155e-05 1.1e-05
12 1.125e-05 1.295e-05 1.2e-05 1.285e-05 1.16e-05 1.305e-05 1.155e-05 1.04e-05 1.18e-05 9.65e-06 9.5e-06 1.085e-05 1.85e-05 1.26e-05 9.95e-06 1e-05 9.6e-06 9.95e-06 1.2e-05 1.065e-05 9.75e-06 1.325e-05 1.31e-05 9.45e-06 1.05e-05 1.16e-05 1.08e-05 1.22e-05 1.22e-05 1.085e-05 1.195e-05 1.205e-05 1.28e-05 1.15e-05 9.95e-06 9.75e-06 1.1e-05 1.285e-05 1.355e-05 1.245e-05 1.3e-05 1.125e-05 1e-05 1.105e-05 1.195e-05 9.65e-06 1.215e-05 1.435e-05 1.16e-05 9.55e-06 9.85e-06 9.8e-06 1.275e-05 1.2e-05 1.21e-05 9.5e-06 1.21e-05 1.375e-05 1.28e-05 1.405e-05 9.95e-06 1.095e-05 1.205e-05 1.19e-05 1.395e-05 1.18e-05 1.13e-05 1.15e-05 1.115e-05 9.75e-06 1.195e-05 1.25e-05 1.02e-05 1.22e-05 1.01e-05 9.9e-06 1.055e-05 1.075e-05 1.21e-05 1.035e-05 9.85e-06 1.035e-05 1.235e-05 1.025e-05 1.445e-05 1.345e-05 1.05e-05 1.04e-05 1.02e-05 1.125e-05 1.02e-05 1.15e-05 1.13e-05 1e-05 1.06e-05 1.09e-05 1.265e-05 1.175e-05 1.215e-05 1.205e-05
13 1.32e-05 5.65e-06 8.05e-06 1.275e-05 6.15e-06 8.5e-06 1.225e-05 5.15e-06 6.75e-06 1.24e-05 1.24e-05 1.24e-05 1.26e-05 8.1e-06 6.1e-06 1.385e-05 1.815e-05 1.19e-05 5.3e-06 1.145e-05 1.19e-05 6.95e-06 1.295e-05 1.235e-05 7.9e-06 5.3e-06 9.2e-06 8.95e-06 5.5e-06 1.24e-05 5.25e-06 1.17e-05 9.75e-06 8.6e-06 1.265e-05 6.35e-06 1.17e-05 1.275e-05 7.2e-06 5.55e-06 9.8e-06 6.6e-06 1.275e-05 1.3e-05 5.05e-06 1.81e-05 1.115e-05 1.28e-05 6.35e-06 6.15e-06 1.28e-05 1.175e-05 4.75e-06 7.4e-06 5.3e-06 1.225e-05 1.175e-05 5.6e-06 1.06e-05 6.35e-06 6.55e-06 6.8e-06 5.35e-06 5.2e-06 1.02e-05 7.4e-06 1.255e-05 1.225e-05 6.95e-06 1.27e-05 9e-06 7.05e-06 6.4e-06 1.51e-05 1.205e-05 6.3e-06 1.105e-05 9.15e-06 5.2e-06 1.34e-05 6.25e-06 1.13e-05 9.35e-06 1.33e-05 1.29e-05 9.95e-06 1.1e-05 1.16e-05 6.6e-06 7.5e-06 6.6e-06 6.65e-06 8.2e-06 1.13e-05 5.15e-06 1.65e-05 1.045e-05 1.135e-05 7.2e-06 6.9e-06
14 1.22e-05 6.95e-06 7.1e-06 1.015e-05 4.7e-06 6.75e-06 1.165e-05 2.7e-06 4.85e-06 9.9e-06 9.7e-06 1.085e-05 9.95e-06 6.1e-06 3.3e-06 1.23e-05 1.695e-05 9.3e-06 5.35e-06 9.9e-06 9.1e-06 7.05e-06 1.035e-05 9.65e-06 4.95e-06 4.75e-06 7.2e-06 1.025e-05 5.4e-06 1.085e-05 5.05e-06 1.07e-05 1.1e-05 5e-06 1.015e-05 2.05e-06 9.6e-06 1.015e-05 7.65e-06 5.8e-06 7.35e-06 4.55e-06 1.025e-05 1.19e-05 5.15e-06 1.69e-05 1.08e-05 1.225e-05 4.7e-06 1.95e-06 1.03e-05 9e-06 6e-06 5.05e-06 5.55e-06 9.75e-06 1.075e-05 7.85e-06 1.175e-05 8.15e-06 2.25e-06 5.45e-06 5.4e-06 5.25e-06 8.3e-06 4.7e-06 1.13e-05 1.16e-05 4.1e-06 1.02e-05 6.05e-06 6.2e-06 2.5e-06 1.265e-05 9.45e-06 2.2e-06 1.005e-05 7.15e-06 5.45e-06 1.175e-05 2e-06 8.3e-06 5.9e-06 1.165e-05 1.235e-05 8.85e-06 1e-05 8.45e-06 2.35e-06 4.25e-06 2.35e-06 4.3e-06 6.3e-06 7.95e-06 3.1e-06 1.44e-05 1.16e-05 1.3e-05 5.7e-06 5.4e-06
15 1.07e-05 1.405e-05 1.06e-05 1.48e-05 1.415e-05 1.515e-05 1.23e-05 1.315e-05 1.385e-05 9.85e-06 9.85e-06 1.215e-05 1e-05 1.385e-05 1.23e-05 1.33e-05 8.45e-06 1.145e-05 1.355e-05 1.235e-05 1.15e-05 1.455e-05 1.495e-05 9.8e-06 9.9e-06 1.395e-05 6.8e-06 1.2e-05 1.42e-05 1.215e-05 1.35e-05 1.365e-05 1.23e-05 1.365e-05 1.005e-05 1.305e-05 1.33e-05 1.48e-05 1.42e-05 1.375e-05 1.475e-05 1.375e-05 1.01e-05 1.06e-05 1.325e-05 8.45e-06 1.415e-05 1.57e-05 1.365e-05 1.28e-05 1.015e-05 1.13e-05 1.42e-05 1.41e-05 1.345e-05 9.7e-06 1.37e-05 1.43e-05 1.365e-05 1.465e-05 1.325e-05 1.035e-05 1.365e-05 1.345e-05 1.54e-05 1.415e-05 1.23e-05 1.23e-05 1.375e-05 1.005e-05 1.47e-05 1.435e-05 1.3e-05 1.325e-05 1.16e-05 1.295e-05 1.2e-05 6.75e-06 1.34e-05 8.5e-06 1.29e-05 1.28e-05 1.45e-05 8.4e-06 1.575e-05 1.41e-05 1.195e-05 1.31e-05 1.325e-05 1.36e-05 1.325e-05 1.38e-05 1.045e-05 1.275e-05 1.335e-05 1.28e-05 1.35e-05 1.035e-05 1.375e-05 1.335e-05
16 1.03e-05 1.8e-05 1.675e-05 1.475e-05 1.77e-05 1.855e-05 1.025e-05 1.71e-05 1.785e-05 9.5e-06 9.5e-06 9.75e-06 9.6e-06 1.815e-05 1.695e-05 8.45e-06 3.9e-06 9.4e-06 1.79e-05 1.03e-05 9.45e-06 1.855e-05 1.49e-05 9.45e-06 1.605e-05 1.755e-05 1.5e-05 1.285e-05 1.815e-05 9.7e-06 1.785e-05 1.25e-05 1.46e-05 1.7e-05 9.7e-06 1.705e-05 1.16e-05 1.475e-05 1.85e-05 1.81e-05 1.78e-05 1.775e-05 9.75e-06 1.02e-05 1.76e-05 2.05e-06 1.26e-05 1.55e-05 1.765e-05 1.68e-05 9.75e-06 9.25e-06 1.845e-05 1.805e-05 1.78e-05 9.35e-06 1.255e-05 1.865e-05 1.285e-05 1.895e-05 1.725e-05 1.635e-05 1.795e-05 1.78e-05 1.875e-05 1.81e-05 1.03e-05 1.035e-05 1.735e-05 9.65e-06 1.745e-05 1.795e-05 1.7e-05 1.07e-05 9.55e-06 1.695e-05 9.95e-06 1.495e-05 1.775e-05 8.5e-06 1.69e-05 1.165e-05 1.795e-05 8.4e-06 1.565e-05 1.715e-05 9.9e-06 1.195e-05 1.725e-05 1.76e-05 1.725e-05 1.78e-05 1.62e-05 1.145e-05 1.73e-05 6.5e-06 1.27e-05 1.035e-05 1.76e-05 1.77e-05
17 1.125e-05 1.22e-05 1.195e-05 1.145e-05 1.01e-05 1.155e-05 9.8e-06 8.9e-06 9.95e-06 9.75e-06 9.75e-06 9.1e-06 9.95e-06 1.19e-05 9.3e-06 1.145e-05 9.4e-06 1.55e-05 1.15e-05 9.15e-06 8.2e-06 1.185e-05 1.12e-05 9.7e-06 1.06e-05 1.035e-05 1.21e-05 1.11e-05 1.08e-05 9.05e-06 1.145e-05 1.06e-05 1.285e-05 9.95e-06 9.6e-06 8.75e-06 9.5e-06 1.145e-05 1.28e-05 1.135e-05 1.155e-05 1.025e-05 9.7e-06 1.105e-05 1.115e-05 9.35e-06 1.065e-05 1.28e-05 1.02e-05 8.45e-06 9.7e-06 7.95e-06 1.215e-05 1.01e-05 1.155e-05 9.6e-06 1.065e-05 1.305e-05 1.205e-05 1.33e-05 8.95e-06 1.09e-05 1.15e-05 1.14e-05 1.245e-05 1.055e-05 9.6e-06 9.85e-06 9.3e-06 9.6e-06 1.085e-05 1.105e-05 7.9e-06 1.06e-05 7.9e-06 8.25e-06 8.85e-06 1.205e-05 1.095e-05 9.95e-06 8.55e-06 8.95e-06 1.04e-05 9.85e-06 1.3e-05 1.185e-05 8.8e-06 9.25e-06 8.6e-06 9.9e-06 8.6e-06 1.03e-05 1.12e-05 8.75e-06 9.2e-06 9.4e-06 1.19e-05 1.25e-05 1.02e-05 1.095e-05
18 1.325e-05 5.8e-06 8.3e-06 1.23e-05 6.35e-06 9e-06 1.255e-05 5.5e-06 6.9e-06 1.195e-05 1.17e-05 1.205e-05 1.2e-05 5.3e-06 5.35e-06 1.355e-05 1.79e-05 1.15e-05 9.8e-06 1.145e-05 1.11e-05 7.8e-06 1.255e-05 1.155e-05 7.2e-06 5.4e-06 8.85e-06 9.1e-06 6.75e-06 1.205e-05 5.15e-06 1.2e-05 1.06e-05 8.15e-06 1.225e-05 5e-06 1.13e-05 1.23e-05 7.4e-06 5.65e-06 9.45e-06 6.55e-06 1.235e-05 1.305e-05 5.15e-06 1.785e-05 1.145e-05 1.325e-05 6.7e-06 5.4e-06 1.24e-05 1.135e-05 5.25e-06 7.35e-06 5.15e-06 1.18e-05 1.205e-05 6.4e-06 1.085e-05 6.95e-06 5.3e-06 7.25e-06 5.05e-06 4.9e-06 1.025e-05 7.1e-06 1.255e-05 1.25e-05 6.45e-06 1.23e-05 8.4e-06 7.25e-06 5.85e-06 1.46e-05 1.165e-05 5.35e-06 1.155e-05 8.8e-06 5.3e-06 1.31e-05 5.2e-06 1.085e-05 8.9e-06 1.3e-05 1.335e-05 1.015e-05 1.15e-05 1.1e-05 5.8e-06 6.9e-06 5.8e-06 6.55e-06 7.8e-06 1.045e-05 5.7e-06 1.625e-05 1.07e-05 1.16e-05 7.35e-06 6.45e-06
19 1.155e-05 1.23e-05 1.21e-05 1.225e-05 1.035e-05 1.175e-05 9.95e-06 9.3e-06 1.05e-05 1.055e-05 1.04e-05 9.9e-06 1.065e-05 1.145e-05 9.9e-06 1.235e-05 1.03e-05 9.15e-06 1.145e-05 1.69e-05 8.95e-06 1.115e-05 1.25e-05 1.035e-05 1.145e-05 1.005e-05 1.31e-05 1.15e-05 1.03e-05 9.95e-06 1.115e-05 1.065e-05 1.22e-05 1.085e-05 1.085e-05 9.25e-06 1.025e-05 1.225e-05 1.285e-05 1.19e-05 1.235e-05 1.02e-05 1.095e-05 1.135e-05 1.14e-05 1.025e-05 1.075e-05 1.285e-05 1.035e-05 9.3e-06 1.1e-05 9e-06 1.105e-05 1.095e-05 1.16e-05 1.04e-05 1.07e-05 1.24e-05 1.215e-05 1.295e-05 9.45e-06 1.125e-05 1.145e-05 1.135e-05 1.275e-05 1.06e-05 9.7e-06 9.75e-06 1.055e-05 1.09e-05 1.155e-05 1.11e-05 9.7e-06 1.1e-05 9.3e-06 9.4e-06 9.1e-06 1.305e-05 1.155e-05 1.095e-05 9.35e-06 9.75e-06 1.17e-05 1.085e-05 1.3e-05 1.18e-05 9.05e-06 9.95e-06 9.55e-06 1.06e-05 9.55e-06 9.95e-06 1.21e-05 9.35e-06 9.55e-06 1.02e-05 1.2e-05 1.26e-05 1.075e-05 1.225e-05
20 1.13e-05 1.225e-05 1.2e-05 1.14e-05 1.015e-05 1.16e-05 9.85e-06 8.95e-06 1.04e-05 9.7e-06 9.45e-06 9.15e-06 9.75e-06 1.19e-05 9.1e-06 1.15e-05 9.45e-06 8.2e-06 1.11e-05 8.95e-06 1.56e-05 1.19e-05 1.165e-05 9.3e-06 1.03e-05 1.01e-05 1.215e-05 1.12e-05 1.08e-05 9.1e-06 1.12e-05 1.065e-05 1.29e-05 1.005e-05 1e-05 7.9e-06 9.55e-06 1.14e-05 1.285e-05 1.175e-05 1.16e-05 1.005e-05 1.01e-05 1.11e-05 1.125e-05 9.4e-06 1.07e-05 1.28e-05 1.02e-05 8.3e-06 1.015e-05 8.05e-06 1.2e-05 1.055e-05 1.125e-05 9.55e-06 1.07e-05 1.31e-05 1.21e-05 1.335e-05 8.2e-06 1.09e-05 1.11e-05 1.1e-05 1.25e-05 1.03e-05 9.65e-06 9.9e-06 9.7e-06 1.005e-05 1.065e-05 1.11e-05 8.75e-06 1.045e-05 8.35e-06 8.25e-06 8.85e-06 1.21e-05 1.14e-05 1e-05 8.2e-06 8.9e-06 1.09e-05 9.9e-06 1.3e-05 1.19e-05 8.8e-06 9.05e-06 8.7e-06 9.8e-06 8.7e-06 1.005e-05 1.125e-05 8.35e-06 9.15e-06 9.45e-06 1.195e-05 1.255e-05 1.06e-05 1.135e-05
21 1.165e-05 8.3e-06 5.05e-06 1.28e-05 6.55e-06 8e-06 8.95e-06 5.55e-06 3.55e-06 1.305e-05 1.305e-05 1.255e-05 1.325e-05 6.95e-06 7.05e-06 1.455e-05 1.855e-05 1.185e-05 7.8e-06 1.115e-05 1.19e-05 1e-06 1.295e-05 1.3e-05 8.1e-06 6.7e-06 9.55e-06 1.125e-05 2.85e-06 1.255e-05 7.75e-06 8e-06 8.6e-06 7.85e-06 1.325e-05 6.6e-06 1.155e-05 1.28e-05 7e-06 8e-06 8.3e-06 3.55e-06 1.335e-05 1.155e-05 7.5e-06 1.85e-05 1.075e-05 1.06e-05 3.45e-06 6.35e-06 1.34e-05 1.17e-05 6.95e-06 5.4e-06 7.7e-06 1.29e-05 8.05e-06 4.7e-06 1.245e-05 6.65e-06 6.8e-06 7.3e-06 7.9e-06 7.7e-06 7.3e-06 5.45e-06 1.045e-05 8.95e-06 7.3e-06 1.33e-05 8.45e-06 4.15e-06 6.55e-06 1.42e-05 1.2e-05 6.5e-06 1.125e-05 9.5e-06 7.65e-06 1.345e-05 6.45e-06 1.09e-05 8.6e-06 1.335e-05 1.065e-05 6.95e-06 1.12e-05 1.12e-05 6.8e-06 5.55e-06 6.8e-06 3.6e-06 8.65e-06 1.1e-05 5.75e-06 1.545e-05 1.23e-05 1.425e-05 5.05e-06 9.1e-06
22 1.445e-05 1.325e-05 1.34e-05 9.15e-06 1.12e-05 1.18e-05 1.325e-05 1e-05 1.105e-05 1.29e-05 1.29e-05 1.25e-05 1.31e-05 1.295e-05 1.035e-05 1.495e-05 1.49e-05 1.12e-05 1.255e-05 1.25e-05 1.165e-05 1.295e-05 1.77e-05 1.285e-05 1.205e-05 1.145e-05 1.39e-05 1.335e-05 1.19e-05 1.25e-05 1.25e-05 1.29e-05 1.47e-05 1.02e-05 1.275e-05 9.85e-06 1.19e-05 9.15e-06 1.39e-05 1.24e-05 1.17e-05 1.135e-05 1.285e-05 1.425e-05 1.22e-05 1.485e-05 1.295e-05 1.105e-05 1.13e-05 9.55e-06 1.285e-05 1.14e-05 1.32e-05 1.125e-05 1.26e-05 1.275e-05 1.295e-05 1.41e-05 1.43e-05 1.44e-05 1.005e-05 1.235e-05 1.26e-05 1.245e-05 1.275e-05 1.17e-05 1.3e-05 1.32e-05 1.04e-05 1.275e-05 1e-05 1.215e-05 9e-06 1.315e-05 1.135e-05 9.35e-06 1.225e-05 1.385e-05 1.2e-05 1.375e-05 9.65e-06 1.125e-05 1.065e-05 1.365e-05 1.075e-05 1.275e-05 1.22e-05 1.155e-05 9.7e-06 1.105e-05 9.7e-06 1.14e-05 1.265e-05 1.115e-05 1.03e-05 1.29e-05 1.415e-05 1.56e-05 1.105e-05 1.2e-05
23 1.1e-05 1.27e-05 1.175e-05 1.26e-05 1.135e-05 1.28e-05 1.13e-05 1.015e-05 1.155e-05 9.4e-06 9.15e-06 1.06e-05 9.45e-06 1.235e-05 9.65e-06 9.8e-06 9.45e-06 9.7e-06 1.155e-05 1.035e-05 9.3e-06 1.3e-05 1.285e-05 1.8e-05 1.01e-05 1.13e-05 1.055e-05 1.195e-05 1.195e-05 1.06e-05 1.165e-05 1.18e-05 1.26e-05 1.125e-05 9.7e-06 9.1e-06 1.075e-05 1.26e-05 1.33e-05 1.22e-05 1.275e-05 1.12e-05 9.8e-06 1.08e-05 1.17e-05 9.4e-06 1.19e-05 1.41e-05 1.135e-05 9.5e-06 9.85e-06 9.55e-06 1.245e-05 1.175e-05 1.17e-05 9.25e-06 1.185e-05 1.35e-05 1.255e-05 1.38e-05 9.4e-06 1.07e-05 1.16e-05 1.145e-05 1.37e-05 1.15e-05 1.105e-05 1.125e-05 1.09e-05 9.75e-06 1.18e-05 1.225e-05 9.95e-06 1.19e-05 9.85e-06 9.45e-06 1.03e-05 1.05e-05 1.185e-05 1.01e-05 9.4e-06 1.01e-05 1.21e-05 1e-05 1.42e-05 1.32e-05 1.025e-05 1.025e-05 9.9e-06 1.1e-05 9.9e-06 1.12e-05 1.105e-05 9.55e-06 1.035e-05 1.065e-05 1.24e-05 1.15e-05 1.19e-05 1.18e-05
24 1.195e-05 8.65e-06 6e-06 1.185e-05 7.1e-06 8.65e-06 1.21e-05 5.45e-06 6.75e-06 1.045e-05 1.02e-05 1.19e-05 1.05e-05 7.9e-06 4.95e-06 9.9e-06 1.605e-05 1.06e-05 7.2e-06 1.145e-05 1.03e-05 8.1e-06 1.205e-05 1.01e-05 8e-06 6.9e-06 4.1e-06 1.055e-05 7.15e-06 1.19e-05 7.25e-06 1.2e-05 1.08e-05 7.2e-06 1.07e-05 4.6e-06 1.175e-05 1.185e-05 8.8e-06 7.75e-06 8.9e-06 6.45e-06 1.08e-05 1.185e-05 7.25e-06 1.6e-05 1.245e-05 1.33e-05 6.5e-06 4.85e-06 1.085e-05 1.045e-05 8.15e-06 6.75e-06 6.9e-06 1.03e-05 1.205e-05 8.95e-06 1.31e-05 9.05e-06 4.85e-06 5.2e-06 7.25e-06 7.1e-06 9.3e-06 6.55e-06 1.205e-05 1.21e-05 6.6e-06 1.075e-05 8.3e-06 7.85e-06 5.25e-06 1.34e-05 1.075e-05 4.85e-06 1.12e-05 4.05e-06 7.4e-06 1.02e-05 4.8e-06 1.045e-05 7.95e-06 1.01e-05 1.34e-05 9.25e-06 1.115e-05 1.06e-05 5.25e-06 6.25e-06 5.25e-06 6.45e-06 5.85e-06 1.025e-05 5.6e-06 1.595e-05 1.295e-05 1.275e-05 7.1e-06 7.35e-06
25 1.285e-05 6.05e-06 7.95e-06 1.12e-05 5.15e-06 7.65e-06 1.145e-05 4.15e-06 5.75e-06 1.155e-05 1.135e-05 1.09e-05 1.16e-05 5.3e-06 4.75e-06 1.395e-05 1.755e-05 1.035e-05 5.4e-06 1.005e-05 1.01e-05 6.7e-06 1.145e-05 1.13e-05 6.9e-06 7.4e-06 9.25e-06 9.4e-06 5.4e-06 1.09e-05 5.1e-06 1.085e-05 1.02e-05 6.95e-06 1.185e-05 4.1e-06 1.01e-05 1.12e-05 7.55e-06 5.9e-06 8.3e-06 5.4e-06 1.195e-05 1.265e-05 5.4e-06 1.75e-05 1.025e-05 1.195e-05 5.4e-06 4.2e-06 1.2e-05 1.02e-05 5.25e-06 6.15e-06 5.5e-06 1.14e-05 1.09e-05 6.7e-06 1.11e-05 7.2e-06 4.3e-06 6.7e-06 5.4e-06 5.3e-06 9.05e-06 5.75e-06 1.14e-05 1.14e-05 5.25e-06 1.19e-05 7.25e-06 6.1e-06 4.65e-06 1.335e-05 1.05e-05 4.3e-06 1.025e-05 9.2e-06 5.55e-06 1.275e-05 4.25e-06 9.65e-06 7.7e-06 1.265e-05 1.21e-05 9e-06 1.02e-05 9.8e-06 4.45e-06 5.7e-06 4.45e-06 5.15e-06 7.4e-06 9.4e-06 4.2e-06 1.505e-05 1.095e-05 1.265e-05 6.2e-06 6.6e-06
26 1.15e-05 9.75e-06 4.85e-06 1.375e-05 9.5e-06 1.065e-05 1.3e-05 8.1e-06 8.8e-06 1.06e-05 1.06e-05 1.32e-05 1.08e-05 9.2e-06 7.2e-06 6.8e-06 1.5e-05 1.21e-05 8.85e-06 1.31e-05 1.215e-05 9.55e-06 1.39e-05 1.055e-05 4.1e-06 9.25e-06 5e-07 1.05e-05 9.2e-06 1.32e-05 8.8e-06 1.375e-05 1.045e-05 9.2e-06 1.08e-05 7.95e-06 1.39e-05 1.375e-05 9.55e-06 9.05e-06 1.065e-05 8.7e-06 1.09e-05 1.14e-05 8.55e-06 1.495e-05 1.46e-05 1.47e-05 8.6e-06 7.7e-06 1.095e-05 1.195e-05 9.6e-06 9.05e-06 8.75e-06 1.045e-05 1.38e-05 9.65e-06 1.41e-05 1e-05 8.15e-06 4.65e-06 8.95e-06 8.75e-06 1.095e-05 9.1e-06 1.3e-05 1.3e-05 9.05e-06 1.085e-05 1.09e-05 9.7e-06 7.9e-06 1.445e-05 1.225e-05 7.85e-06 1.27e-05 2.5e-07 8.7e-06 8.5e-06 7.8e-06 1.285e-05 9.95e-06 8.35e-06 1.475e-05 9.85e-06 1.265e-05 1.315e-05 8.15e-06 8.5e-06 8.15e-06 8.75e-06 5.1e-06 1.295e-05 8.3e-06 1.8e-05 1.395e-05 1.15e-05 8.7e-06 8.65e-06
27 1.265e-05 8.95e-06 1.085e-05 1.325e-05 1.05e-05 1.33e-05 1.16e-05 1.015e-05 1.09e-05 1.2e-05 1.2e-05 1.125e-05 1.22e-05 8.95e-06 1.025e-05 1.2e-05 1.285e-05 1.11e-05 9.1e-06 1.15e-05 1.12e-05 1.125e-05 1.335e-05 1.195e-05 1.055e-05 9.4e-06 1.05e-05 1.49e-05 1.08e-05 1.12e-05 9.1e-06 1.27e-05 1.055e-05 1.245e-05 1.215e-05 1.055e-05 1.21e-05 1.325e-05 1.045e-05 9.25e-06 1.31e-05 1.085e-05 1.225e-05 1.255e-05 8.8e-06 1.28e-05 1.215e-05 1.36e-05 1.075e-05 1.03e-05 1.23e-05 1.1e-05 9.05e-06 1.135e-05 9e-06 1.185e-05 1.275e-05 9.45e-06 1.115e-05 1e-05 1.075e-05 1.04e-05 9.15e-06 9e-06 1.395e-05 1.145e-05 1.19e-05 1.17e-05 1.055e-05 1.22e-05 1.265e-05 1.08e-05 1.04e-05 1.415e-05 1.125e-05 1.04e-05 1.125e-05 1.045e-05 8.9e-06 1.125e-05 1.04e-05 1.225e-05 1.31e-05 1.115e-05 1.375e-05 1.275e-05 1.12e-05 1.255e-05 1.07e-05 1.115e-05 1.07e-05 1.09e-05 1.045e-05 1.22e-05 1.035e-05 1.42e-05 1.1e-05 1.055e-05 1.075e-05 1e-05
28 1.2e-05 7.65e-06 5.9e-06 1.17e-05 5.2e-06 6.65e-06 9.75e-06 3.65e-06 4.05e-06 1.2e-05 1.2e-05 1.185e-05 1.22e-05 5.5e-06 5.4e-06 1.42e-05 1.815e-05 1.08e-05 6.75e-06 1.03e-05 1.08e-05 2.85e-06 1.19e-05 1.195e-05 7.15e-06 5.4e-06 9.2e-06 1.08e-05 5.1e-06 1.185e-05 6.7e-06 8.8e-06 9.1e-06 6.75e-06 1.225e-05 4.85e-06 1.075e-05 1.17e-05 7.35e-06 7e-06 8e-06 3.7e-06 1.235e-05 1.18e-05 6.5e-06 1.81e-05 1.03e-05 1.075e-05 3.45e-06 4.65e-06 1.24e-05 1.065e-05 6.15e-06 5.1e-06 6.75e-06 1.185e-05 8.85e-06 5.85e-06 1.205e-05 7e-06 5.05e-06 6.05e-06 6.8e-06 6.65e-06 7.55e-06 5.1e-06 1.065e-05 9.75e-06 6e-06 1.23e-05 7.55e-06 4.7e-06 4.9e-06 1.365e-05 1.095e-05 4.8e-06 9.95e-06 9.15e-06 6.65e-06 1.305e-05 4.75e-06 9.8e-06 7.5e-06 1.295e-05 1.085e-05 7.45e-06 9.9e-06 1.01e-05 5.1e-06 5.2e-06 5.1e-06 3.75e-06 8e-06 9.8e-06 3.65e-06 1.5e-05 1.19e-05 1.39e-05 5.1e-06 7.95e-06
29 1.175e-05 1.095e-05 1.285e-05 1.235e-05 9.65e-06 1.27e-05 1.03e-05 1.04e-05 1.145e-05 1.065e-05 1.065e-05 8.1e-06 1.085e-05 1.24e-05 1.085e-05 1.215e-05 9.7e-06 9.05e-06 1.205e-05 9.95e-06 9.1e-06 1.255e-05 1.25e-05 1.06e-05 1.19e-05 1.09e-05 1.32e-05 1.12e-05 1.185e-05 1.61e-05 1.2e-05 1.11e-05 1.3e-05 1.12e-05 1.075e-05 1.025e-05 8.5e-06 1.235e-05 1.225e-05 1.215e-05 1.13e-05 1.135e-05 1.085e-05 1.155e-05 1.175e-05 9.65e-06 1.06e-05 1.33e-05 1.13e-05 1e-05 1.1e-05 8.9e-06 1.265e-05 1.16e-05 1.21e-05 1.05e-05 1.115e-05 1.32e-05 1.2e-05 1.345e-05 1.045e-05 1.215e-05 1.205e-05 1.195e-05 1.315e-05 1.165e-05 1.01e-05 1.035e-05 9.25e-06 1.09e-05 1.15e-05 1.025e-05 1.02e-05 1.12e-05 9.2e-06 1.015e-05 9.7e-06 1.315e-05 1.19e-05 1.065e-05 1.01e-05 9.85e-06 1.2e-05 1.055e-05 1.35e-05 1.255e-05 9.65e-06 1.015e-05 1.03e-05 1.105e-05 1.035e-05 1.14e-05 1.07e-05 9.65e-06 1.065e-05 9.7e-06 1.185e-05 1.245e-05 1.155e-05 1.1e-05
30 1.32e-05 5.8e-06 8.25e-06 1.225e-05 6.3e-06 8.95e-06 1.25e-05 5.45e-06 6.85e-06 1.19e-05 1.17e-05 1.2e-05 1.195e-05 5.25e-06 5.05e-06 1.35e-05 1.785e-05 1.145e-05 5.15e-06 1.115e-05 1.12e-05 7.75e-06 1.25e-05 1.165e-05 7.25e-06 5.1e-06 8.8e-06 9.1e-06 6.7e-06 1.2e-05 9.7e-06 1.195e-05 1.055e-05 8.1e-06 1.22e-05 5.25e-06 1.125e-05 1.225e-05 7.35e-06 5.65e-06 9.4e-06 6.5e-06 1.23e-05 1.3e-05 5.15e-06 1.78e-05 1.14e-05 1.32e-05 6.65e-06 5.35e-06 1.235e-05 1.13e-05 5e-06 7.3e-06 5.25e-06 1.175e-05 1.2e-05 6.4e-06 1.085e-05 6.95e-06 5.45e-06 7.2e-06 5.2e-06 5.05e-06 1.02e-05 6.9e-06 1.25e-05 1.245e-05 6.4e-06 1.225e-05 8.35e-06 7.2e-06 5.8e-06 1.445e-05 1.16e-05 5.45e-06 1.15e-05 8.75e-06 5.3e-06 1.305e-05 5.4e-06 1.08e-05 8.85e-06 1.295e-05 1.33e-05 1.01e-05 1.145e-05 1.095e-05 5.6e-06 6.85e-06 5.6e-06 6.25e-06 7.75e-06 1.055e-05 5.65e-06 1.62e-05 1.07e-05 1.16e-05 7.3e-06 6.4e-06
31 1.115e-05 1.23e-05 1.075e-05 1.275e-05 1.05e-05 1.165e-05 9.5e-06 9.7e-06 9.25e-06 1.185e-05 1.18e-05 1.11e-05 1.205e-05 1.17e-05 1.07e-05 1.365e-05 1.25e-05 1.06e-05 1.2e-05 1.065e-05 1.065e-05 8e-06 1.29e-05 1.18e-05 1.2e-05 1.085e-05 1.375e-05 1.27e-05 8.8e-06 1.11e-05 1.195e-05 1.54e-05 1.155e-05 1.08e-05 1.205e-05 1.02e-05 1.01e-05 1.275e-05 1.15e-05 1.22e-05 1.145e-05 8.95e-06 1.215e-05 1.145e-05 1.17e-05 1.245e-05 8.8e-06 1.2e-05 8.85e-06 9.95e-06 1.215e-05 1.045e-05 1.185e-05 1.01e-05 1.19e-05 1.17e-05 7.85e-06 1.1e-05 1.095e-05 1.195e-05 1.035e-05 1.175e-05 1.205e-05 1.19e-05 1.14e-05 1.015e-05 1.03e-05 9.5e-06 1.07e-05 1.21e-05 1.135e-05 9.35e-06 1.01e-05 1.24e-05 1.075e-05 1.01e-05 1.055e-05 1.37e-05 1.185e-05 1.25e-05 1.005e-05 8.9e-06 1.165e-05 1.24e-05 1.21e-05 1.15e-05 1.05e-05 9.2e-06 1.04e-05 9.55e-06 1.04e-05 9e-06 1.235e-05 9.75e-06 9.9e-06 7.85e-06 1.09e-05 1.365e-05 1.03e-05 1.255e-05
32 1.16e-05 1.055e-05 9.5e-06 1.455e-05 1.05e-05 1.285e-05 1.17e-05 1.005e-05 9.9e-06 1.265e-05 1.26e-05 1.3e-05 1.28e-05 9.75e-06 1.1e-05 1.23e-05 1.46e-05 1.285e-05 1.06e-05 1.22e-05 1.29e-05 8.6e-06 1.47e-05 1.26e-05 1.08e-05 1.02e-05 1.045e-05 1.055e-05 9.1e-06 1.3e-05 1.055e-05 1.155e-05 1.5e-05 1.27e-05 1.285e-05 1.11e-05 1.315e-05 1.455e-05 1.035e-05 1.08e-05 1.345e-05 9.8e-06 1.29e-05 1.195e-05 1.03e-05 1.46e-05 1.115e-05 1.335e-05 9.7e-06 1.085e-05 1.285e-05 1.27e-05 9.8e-06 1.07e-05 1.05e-05 1.25e-05 1.16e-05 9.35e-06 1.255e-05 1.025e-05 1.125e-05 1e-05 1.065e-05 1.05e-05 1.295e-05 1.075e-05 1.225e-05 1.17e-05 1.125e-05 1.285e-05 1.325e-05 9.85e-06 1.095e-05 1.555e-05 1.3e-05 1.1e-05 1.225e-05 1.04e-05 1.045e-05 1.265e-05 1.095e-05 1.27e-05 1.345e-05 1.255e-05 1.345e-05 1.19e-05 1.22e-05 1.3e-05 1.13e-05 1.04e-05 1.13e-05 9.85e-06 1.08e-05 1.315e-05 1.025e-05 1.455e-05 1.24e-05 1.215e-05 1.025e-05 1.2e-05
33 1.285e-05 9.15e-06 8.5e-06 1.01e-05 6.1e-06 5.65e-06 1.175e-05 4.6e-06 6.2e-06 1.13e-05 1.13e-05 1.12e-05 1.15e-05 8.6e-06 5e-06 1.365e-05 1.7e-05 9.95e-06 8.15e-06 1.085e-05 1.005e-05 7.85e-06 1.02e-05 1.125e-05 7.2e-06 6.95e-06 9.2e-06 1.245e-05 6.75e-06 1.12e-05 8.1e-06 1.08e-05 1.27e-05 7.1e-06 1.145e-05 4.55e-06 9.85e-06 1.01e-05 9.5e-06 8.3e-06 5.95e-06 6.15e-06 1.155e-05 1.24e-05 7.6e-06 1.695e-05 1.12e-05 1.15e-05 6.15e-06 4.05e-06 1.16e-05 9.6e-06 8.85e-06 6.35e-06 8.35e-06 1.115e-05 1.085e-05 9.8e-06 1.3e-05 1.005e-05 4.75e-06 7.4e-06 8.15e-06 8.05e-06 6.5e-06 6.45e-06 1.11e-05 1.165e-05 5.7e-06 1.15e-05 6.2e-06 7.25e-06 4.4e-06 1.08e-05 1.01e-05 4.4e-06 1.07e-05 9.15e-06 7.95e-06 1.245e-05 4.15e-06 9.05e-06 4.8e-06 1.235e-05 1.165e-05 6.95e-06 1.065e-05 9.35e-06 4.7e-06 5.75e-06 4.7e-06 6.2e-06 7.95e-06 8.8e-06 5.1e-06 1.38e-05 1.285e-05 1.49e-05 7e-06 7.9e-06
34 1.125e-05 1.295e-05 1.2e-05 1.295e-05 1.15e-05 1.305e-05 1.155e-05 1.04e-05 1.145e-05 9.75e-06 9.75e-06 1.075e-05 9.95e-06 1.265e-05 1.015e-05 1.005e-05 9.7e-06 9.6e-06 1.225e-05 1.085e-05 1e-05 1.325e-05 1.275e-05 9.7e-06 1.07e-05 1.185e-05 1.08e-05 1.215e-05 1.225e-05 1.075e-05 1.22e-05 1.205e-05 1.285e-05 1.145e-05 1.85e-05 1.025e-05 1.09e-05 1.295e-05 1.355e-05 1.18e-05 1.3e-05 1.17e-05 9.45e-06 1.105e-05 1.19e-05 9.65e-06 1.215e-05 1.44e-05 1.165e-05 9.95e-06 9.75e-06 9.75e-06 1.29e-05 1.165e-05 1.23e-05 9.6e-06 1.21e-05 1.375e-05 1.28e-05 1.405e-05 1.045e-05 1.1e-05 1.23e-05 1.215e-05 1.395e-05 1.205e-05 1.13e-05 1.15e-05 1.055e-05 9.65e-06 1.23e-05 1.24e-05 9.5e-06 1.235e-05 9.75e-06 9.8e-06 1.06e-05 1.075e-05 1.175e-05 1.035e-05 1.005e-05 1.045e-05 1.195e-05 1.025e-05 1.45e-05 1.345e-05 1.055e-05 1.075e-05 1e-05 1.14e-05 9.85e-06 1.175e-05 1.13e-05 1.025e-05 1.07e-05 1.09e-05 1.265e-05 1.175e-05 1.155e-05 1.16e-05
35 1.225e-05 7.2e-06 7.25e-06 9.5e-06 4.05e-06 6.1e-06 1.115e-05 2.25e-06 4.35e-06 9.85e-06 9.35e-06 1.025e-05 9.75e-06 6.35e-06 2.05e-06 1.305e-05 1.705e-05 8.75e-06 5e-06 9.25e-06 7.9e-06 6.6e-06 9.85e-06 9.1e-06 4.6e-06 4.1e-06 7.95e-06 1.055e-05 4.85e-06 1.025e-05 5.25e-06 1.02e-05 1.11e-05 4.55e-06 1.025e-05 2e-07 8.95e-06 9.5e-06 7.9e-06 6.1e-06 6.8e-06 3.75e-06 1.035e-05 1.195e-05 5.6e-06 1.7e-05 1.025e-05 1.165e-05 4.15e-06 1.25e-06 1.04e-05 8.6e-06 6.25e-06 4.5e-06 5.4e-06 9.7e-06 1.025e-05 8.2e-06 1.205e-05 8.45e-06 6e-07 5.5e-06 5e-06 4.9e-06 7.7e-06 3.95e-06 1.065e-05 1.105e-05 3.5e-06 1.03e-05 5.25e-06 5.65e-06 1.95e-06 1.19e-05 8.9e-06 1e-06 9.45e-06 7.9e-06 5.75e-06 1.185e-05 9.5e-07 7.6e-06 5.3e-06 1.175e-05 1.18e-05 8.2e-06 9.4e-06 7.6e-06 1.6e-06 3.45e-06 1.6e-06 3.7e-06 6.35e-06 6.6e-06 2.45e-06 1.385e-05 1.19e-05 1.395e-05 5.15e-06 5.7e-06
36 1.2e-05 1.015e-05 1.27e-05 1.175e-05 8.3e-06 1.14e-05 1.09e-05 9.15e-06 1.03e-05 1.08e-05 1.08e-05 8.5e-06 1.1e-05 1.17e-05 9.6e-06 1.33e-05 1.16e-05 9.5e-06 1.13e-05 1.025e-05 9.55e-06 1.155e-05 1.19e-05 1.075e-05 1.175e-05 1.01e-05 1.39e-05 1.21e-05 1.075e-05 8.5e-06 1.125e-05 1.01e-05 1.315e-05 9.85e-06 1.09e-05 8.95e-06 1.35e-05 1.175e-05 1.16e-05 1.14e-05 1.01e-05 1.02e-05 1.1e-05 1.165e-05 1.1e-05 1.155e-05 9.6e-06 1.28e-05 1.02e-05 8.7e-06 1.115e-05 9.35e-06 1.19e-05 1.045e-05 1.15e-05 1.065e-05 1.015e-05 1.26e-05 1.14e-05 1.285e-05 9.15e-06 1.19e-05 1.13e-05 1.12e-05 1.195e-05 1.05e-05 1.035e-05 1.08e-05 7.9e-06 1.105e-05 1.035e-05 9.1e-06 8.9e-06 1.16e-05 9.65e-06 8.85e-06 1.015e-05 1.385e-05 1.115e-05 1.21e-05 8.8e-06 8.7e-06 1.065e-05 1.2e-05 1.295e-05 1.245e-05 1.01e-05 9e-06 9e-06 9.85e-06 9.05e-06 1.025e-05 1.035e-05 7.9e-06 9.45e-06 8.7e-06 1.125e-05 1.315e-05 1.1e-05 1.025e-05
37 1.43e-05 1.31e-05 1.325e-05 8.75e-06 1.105e-05 1.165e-05 1.31e-05 9.85e-06 1.13e-05 1.255e-05 1.265e-05 1.235e-05 1.285e-05 1.275e-05 1.015e-05 1.48e-05 1.475e-05 1.145e-05 1.23e-05 1.225e-05 1.14e-05 1.28e-05 9.15e-06 1.26e-05 1.185e-05 1.12e-05 1.375e-05 1.325e-05 1.17e-05 1.235e-05 1.225e-05 1.275e-05 1.455e-05 1.01e-05 1.295e-05 9.5e-06 1.175e-05 1.74e-05 1.375e-05 1.26e-05 1.155e-05 1.11e-05 1.305e-05 1.41e-05 1.21e-05 1.47e-05 1.28e-05 1.085e-05 1.11e-05 9.35e-06 1.31e-05 1.13e-05 1.3e-05 1.15e-05 1.24e-05 1.24e-05 1.28e-05 1.395e-05 1.415e-05 1.425e-05 9.7e-06 1.215e-05 1.235e-05 1.22e-05 1.26e-05 1.145e-05 1.285e-05 1.305e-05 1.06e-05 1.3e-05 9.75e-06 1.2e-05 9.65e-06 1.295e-05 1.16e-05 9.5e-06 1.205e-05 1.37e-05 1.225e-05 1.36e-05 9.45e-06 1.085e-05 1.095e-05 1.35e-05 1.055e-05 1.26e-05 1.2e-05 1.13e-05 9.8e-06 1.07e-05 9.8e-06 1.115e-05 1.25e-05 1.09e-05 1.005e-05 1.275e-05 1.4e-05 1.545e-05 1.125e-05 1.22e-05
38 1.28e-05 6.65e-06 8.25e-06 1.375e-05 7.2e-06 1.03e-05 1.245e-05 7.5e-06 7.5e-06 1.335e-05 1.335e-05 1.225e-05 1.355e-05 7.2e-06 7.65e-06 1.42e-05 1.85e-05 1.28e-05 7.4e-06 1.285e-05 1.285e-05 7e-06 1.39e-05 1.33e-05 8.8e-06 7.55e-06 9.55e-06 1.045e-05 7.35e-06 1.225e-05 7.35e-06 1.15e-05 1.035e-05 9.5e-06 1.355e-05 7.9e-06 1.16e-05 1.375e-05 1.18e-05 7.6e-06 9.6e-06 7.4e-06 1.365e-05 1.315e-05 7.1e-06 1.845e-05 1.15e-05 1.335e-05 7.35e-06 7.65e-06 1.37e-05 1.265e-05 7.3e-06 8.05e-06 7.35e-06 1.32e-05 1.155e-05 6.95e-06 1.17e-05 7.6e-06 8.1e-06 8.6e-06 7.45e-06 7.3e-06 1.02e-05 8.1e-06 1.265e-05 1.24e-05 7.35e-06 1.36e-05 1.005e-05 6.75e-06 7.85e-06 1.545e-05 1.295e-05 7.8e-06 1.285e-05 9.5e-06 7.25e-06 1.375e-05 7.75e-06 1.185e-05 1.02e-05 1.365e-05 1.345e-05 1e-05 1.28e-05 1.215e-05 8.1e-06 7.15e-06 8.1e-06 7.45e-06 8.05e-06 1.23e-05 7.75e-06 1.605e-05 1.155e-05 1.285e-05 7.95e-06 7e-06
39 1.345e-05 6e-06 8.5e-06 1.26e-05 6.45e-06 9.2e-06 1.275e-05 5.7e-06 6.75e-06 1.225e-05 1.225e-05 1.215e-05 1.245e-05 5.55e-06 5.8e-06 1.375e-05 1.81e-05 1.135e-05 5.65e-06 1.19e-05 1.175e-05 8e-06 1.24e-05 1.22e-05 7.75e-06 5.9e-06 9.05e-06 9.25e-06 7e-06 1.215e-05 5.65e-06 1.22e-05 1.08e-05 8.3e-06 1.18e-05 6.1e-06 1.14e-05 1.26e-05 7.6e-06 1.02e-05 9.65e-06 7e-06 1.195e-05 1.325e-05 5.3e-06 1.805e-05 1.165e-05 1.35e-05 6.95e-06 5.8e-06 1.225e-05 1.15e-05 5.65e-06 7.2e-06 5.7e-06 1.21e-05 1.225e-05 6.6e-06 1.105e-05 7.15e-06 6.3e-06 7.5e-06 5.7e-06 5.55e-06 1.045e-05 7.6e-06 1.275e-05 1.27e-05 6.05e-06 1.215e-05 8.85e-06 7.35e-06 5.35e-06 1.5e-05 1.15e-05 5.65e-06 1.18e-05 9e-06 5.15e-06 1.33e-05 5.9e-06 1.115e-05 8.7e-06 1.32e-05 1.36e-05 1.035e-05 1.175e-05 1.145e-05 5.85e-06 7.25e-06 5.7e-06 7.05e-06 8e-06 1.11e-05 6e-06 1.645e-05 1.09e-05 1.18e-05 6.95e-06 6.2e-06
40 1.385e-05 9e-06 9.45e-06 1.155e-05 6.85e-06 6.9e-06 1.24e-05 6.95e-06 7.6e-06 1.28e-05 1.28e-05 1.13e-05 1.3e-05 9.8e-06 7.35e-06 1.475e-05 1.78e-05 1.155e-05 9.45e-06 1.235e-05 1.16e-05 8.3e-06 1.17e-05 1.275e-05 8.9e-06 8.3e-06 1.065e-05 1.31e-05 8e-06 1.13e-05 9.4e-06 1.145e-05 1.345e-05 5.95e-06 1.3e-05 6.8e-06 1.01e-05 1.155e-05 9.6e-06 9.65e-06 1e-05 7.5e-06 1.31e-05 1.355e-05 9.15e-06 1.775e-05 1.185e-05 1.255e-05 7.45e-06 6.55e-06 1.315e-05 1.14e-05 1.005e-05 8.1e-06 9.5e-06 1.265e-05 1.15e-05 1.02e-05 1.36e-05 1.08e-05 7e-06 9.15e-06 9.5e-06 9.35e-06 7.1e-06 8.15e-06 1.235e-05 1.235e-05 6.55e-06 1.305e-05 7.1e-06 7.15e-06 6.75e-06 1.145e-05 1.17e-05 6.7e-06 1.215e-05 1.06e-05 9.3e-06 1.36e-05 6.65e-06 1.06e-05 6.2e-06 1.35e-05 1.26e-05 7.65e-06 1.21e-05 1.09e-05 7e-06 7.55e-06 7e-06 7.55e-06 8.35e-06 1.05e-05 7.2e-06 1.465e-05 1.345e-05 1.545e-05 8.65e-06 8.55e-06
41 1.19e-05 7.7e-06 6e-06 1.11e-05 5.25e-06 7e-06 9.9e-06 3.85e-06 4.05e-06 1.14e-05 1.125e-05 1.135e-05 1.125e-05 6.6e-06 4.55e-06 1.375e-05 1.775e-05 1.025e-05 6.55e-06 1.02e-05 1.005e-05 3.55e-06 1.135e-05 1.12e-05 6.45e-06 5.4e-06 8.7e-06 1.085e-05 3.7e-06 1.135e-05 6.5e-06 8.95e-06 9.8e-06 6.15e-06 1.17e-05 3.75e-06 1.02e-05 1.11e-05 7.4e-06 7e-06 7.5e-06 6.5e-06 1.18e-05 1.17e-05 6.5e-06 1.77e-05 1.045e-05 1.105e-05 3.65e-06 3.5e-06 1.185e-05 1.01e-05 6.6e-06 4.9e-06 6.65e-06 1.125e-05 9e-06 6.55e-06 1.22e-05 7.5e-06 3.95e-06 6.35e-06 6.6e-06 6.45e-06 7.45e-06 4.7e-06 1.05e-05 9.85e-06 5.35e-06 1.175e-05 6.7e-06 4.75e-06 4.2e-06 1.305e-05 1.04e-05 3.9e-06 1.03e-05 8.65e-06 6.65e-06 1.26e-05 3.85e-06 9.2e-06 6.9e-06 1.25e-05 1.115e-05 7.5e-06 1.025e-05 9.25e-06 4.2e-06 4.45e-06 4.2e-06 3.55e-06 7.45e-06 9e-06 4.05e-06 1.46e-05 1.205e-05 1.405e-05 5.1e-06 7.35e-06
