 slim_337523285 slim_337523275 slim_337523310 slim_337523331 slim_337523369 slim_337523353 slim_337523374 slim_337523243 slim_337523390 slim_337523379 slim_337523247 slim_337523343 slim_337523365 slim_337523326 slim_337523153 slim_337523355 slim_337523338 slim_337523367 slim_337523297 slim_337523185 slim_337523183 slim_337523171 slim_337523140 slim_337523235 slim_337523319 slim_337523347 slim_337523376 slim_337523205 slim_337523230 slim_337523099 slim_337523228 slim_337523386 slim_337523265 slim_337523233 slim_337523370 slim_337523377 slim_337523391 slim_337523371 slim_337523346 slim_337523378 slim_337523361 slim_337523207 slim_337523388 slim_337523324 slim_337523167 slim_337523304 slim_337523333 slim_337523221 slim_337523387 slim_337523362 slim_337523244 slim_337523133 slim_337523303 slim_337523025 slim_337523389 slim_337523172 slim_337523299 slim_337523322 slim_337523309 slim_337523276 slim_337523192 slim_337523092 slim_337523351 slim_337523348 slim_337523216 slim_337523341 slim_337523284 slim_337523068 slim_337523182 slim_337523382 slim_337523255 slim_337523352 slim_337523241 slim_337523381 slim_337523375 slim_337523147 slim_337523264 slim_337523186 slim_337523349 slim_337523174 slim_337522964 slim_337523327 slim_337523383 slim_337523105 slim_337523359 slim_337523318 slim_337523342 slim_337523308 slim_337523015 slim_337523357 slim_337523336 slim_337523366 slim_337523330 slim_337523252 slim_337523340 slim_337523323 slim_337523173 slim_337523325 slim_337523282 slim_337523117
0 3.22e-05 7.87e-05 4.815e-05 5.025e-05 2e-05 6.01e-05 0.0001014 6.175e-05 1.96e-05 1.79e-05 5.985e-05 1.845e-05 1.945e-05 5.985e-05 7.19e-05 6.105e-05 4.99e-05 4.835e-05 0.0001157 6.01e-05 0.00010095 1.835e-05 6.155e-05 1.865e-05 1.84e-05 9.005e-05 0.00010365 6.07e-05 4.965e-05 1.905e-05 0.0001011 1.93e-05 4.88e-05 1.925e-05 6.145e-05 1.67e-05 6.06e-05 1.845e-05 7.21e-05 1.685e-05 0.00011275 5.89e-05 0.000155 1.93e-05 3.135e-05 5.87e-05 0.00011415 1.905e-05 1.835e-05 0.00011345 4.95e-05 2.03e-05 7.31e-05 1.835e-05 6.115e-05 6.015e-05 6.01e-05 1.99e-05 5.885e-05 1.88e-05 7.325e-05 1.95e-05 1.88e-05 1.72e-05 3.105e-05 1.925e-05 3.16e-05 6.025e-05 6.135e-05 3.165e-05 1.795e-05 1.77e-05 6.07e-05 5.935e-05 5.94e-05 1.915e-05 6.16e-05 1.97e-05 6.17e-05 9.12e-05 5.92e-05 3.135e-05 1.71e-05 1.945e-05 4.895e-05 5.92e-05 1.83e-05 4.925e-05 6.115e-05 3.015e-05 1.94e-05 1.915e-05 1.845e-05 6.035e-05 1.835e-05 6.12e-05 1.89e-05 4.745e-05 0.00010115 1.915e-05
1 7.87e-05 6e-07 3.255e-05 3.685e-05 6.625e-05 5.98e-05 5.215e-05 5.965e-05 6.785e-05 6.48e-05 5.715e-05 7.96e-05 6.475e-05 5.645e-05 8.495e-05 6.115e-05 3.53e-05 3.095e-05 6.655e-05 5.87e-05 5.195e-05 6.44e-05 6.025e-05 6.55e-05 6.665e-05 2.69e-05 5.26e-05 5.955e-05 3.445e-05 6.425e-05 5.35e-05 6.53e-05 3.445e-05 6.745e-05 6.145e-05 7.885e-05 5.945e-05 6.45e-05 8.505e-05 7.89e-05 0.00016125 7.21e-05 0.0001545 6.53e-05 9.14e-05 7.21e-05 0.00016085 6.615e-05 6.65e-05 0.0001599 3.42e-05 6.735e-05 7.985e-05 6.66e-05 5.995e-05 5.98e-05 5.95e-05 6.63e-05 7.19e-05 6.82e-05 8.045e-05 6.575e-05 6.635e-05 7.79e-05 8.795e-05 6.645e-05 8.66e-05 5.93e-05 6.135e-05 8.665e-05 6.305e-05 7.85e-05 6.065e-05 5.94e-05 5.945e-05 6.515e-05 6.04e-05 6.815e-05 5.96e-05 2.74e-05 5.925e-05 9.14e-05 7.795e-05 6.545e-05 3.34e-05 5.865e-05 6.515e-05 3.5e-05 5.735e-05 0.0001028 6.62e-05 6.735e-05 7.95e-05 5.875e-05 6.65e-05 5.995e-05 6.71e-05 4.58e-05 5.355e-05 6.735e-05
2 4.815e-05 3.255e-05 6.45e-05 3.655e-05 3.605e-05 5.875e-05 8.17e-05 5.98e-05 3.645e-05 3.235e-05 5.73e-05 4.835e-05 3.46e-05 5.705e-05 8.43e-05 6.065e-05 3.485e-05 3.255e-05 9.63e-05 5.845e-05 8.08e-05 3.34e-05 5.905e-05 3.315e-05 3.505e-05 5.745e-05 8.28e-05 5.82e-05 3.45e-05 3.47e-05 8.24e-05 3.44e-05 3.5e-05 3.595e-05 6.105e-05 4.82e-05 5.835e-05 3.35e-05 8.445e-05 4.825e-05 0.00013125 7.13e-05 0.0001541 3.44e-05 6.065e-05 7.12e-05 0.0001305 3.445e-05 3.49e-05 0.0001289 3.465e-05 3.575e-05 8.095e-05 3.5e-05 5.87e-05 5.935e-05 5.79e-05 3.545e-05 7.095e-05 3.745e-05 8.18e-05 3.55e-05 3.435e-05 4.625e-05 5.825e-05 3.655e-05 5.725e-05 5.765e-05 6.09e-05 5.73e-05 3.25e-05 4.695e-05 6.035e-05 5.745e-05 5.75e-05 3.425e-05 5.915e-05 3.735e-05 5.975e-05 5.835e-05 5.73e-05 6.065e-05 4.63e-05 3.455e-05 3.32e-05 5.695e-05 3.28e-05 3.575e-05 5.79e-05 7.2e-05 3.395e-05 3.585e-05 4.865e-05 5.695e-05 3.49e-05 5.865e-05 3.56e-05 4.63e-05 8.245e-05 3.585e-05
3 5.025e-05 3.685e-05 3.655e-05 6.75e-05 3.64e-05 5.955e-05 8.425e-05 6.015e-05 3.685e-05 3.655e-05 6.12e-05 4.86e-05 3.61e-05 6.09e-05 8.415e-05 5.875e-05 3.59e-05 3.69e-05 9.42e-05 6.07e-05 8.345e-05 3.69e-05 5.96e-05 3.68e-05 3.61e-05 6.045e-05 8.315e-05 5.925e-05 3.615e-05 3.75e-05 8.41e-05 3.735e-05 3.625e-05 3.645e-05 5.895e-05 4.99e-05 6.05e-05 3.7e-05 8.43e-05 4.995e-05 0.0001315 7.305e-05 0.000154 3.735e-05 5.855e-05 7.295e-05 0.0001298 3.535e-05 3.6e-05 0.0001314 3.515e-05 3.625e-05 8.36e-05 3.605e-05 5.935e-05 6.005e-05 6.03e-05 3.65e-05 7.36e-05 3.545e-05 8.44e-05 3.57e-05 3.7e-05 4.925e-05 5.935e-05 3.665e-05 6.02e-05 6.095e-05 5.885e-05 6.025e-05 3.675e-05 4.945e-05 6.01e-05 6.04e-05 6.045e-05 3.72e-05 5.965e-05 3.525e-05 6.01e-05 5.945e-05 6.025e-05 5.84e-05 4.93e-05 3.75e-05 3.69e-05 5.99e-05 3.65e-05 3.685e-05 5.905e-05 7.185e-05 3.705e-05 3.635e-05 4.85e-05 6.03e-05 3.6e-05 5.97e-05 3.615e-05 4.94e-05 8.415e-05 3.635e-05
4 2e-05 6.625e-05 3.605e-05 3.64e-05 8.3e-06 6.065e-05 0.0001147 5.865e-05 7.6e-06 6.15e-06 6.02e-05 1.85e-05 5.45e-06 6.025e-05 8.495e-05 6.015e-05 3.67e-05 3.585e-05 0.0001255 5.93e-05 0.00011365 5.55e-06 5.99e-05 6.65e-06 6.75e-06 9.045e-05 0.00011215 5.925e-05 3.65e-05 4.6e-06 0.0001144 5.65e-06 3.68e-05 7.35e-06 6.01e-05 1.975e-05 6.07e-05 5.65e-06 8.515e-05 1.98e-05 0.0001029 7.32e-05 0.00015565 5.65e-06 3e-05 7.3e-05 0.0001012 5.55e-06 6.95e-06 0.000102 3.565e-05 6.55e-06 8.59e-05 6.7e-06 5.965e-05 6.13e-05 6.06e-05 5.5e-06 7.315e-05 7.75e-06 8.66e-05 4.95e-06 7.25e-06 1.885e-05 2.92e-05 5.65e-06 3.245e-05 6.075e-05 6.025e-05 3.25e-05 5.8e-06 1.93e-05 6.04e-05 6.015e-05 6.02e-05 5.5e-06 5.99e-05 5.8e-06 5.86e-05 8.94e-05 6e-05 2.985e-05 1.89e-05 6e-06 3.66e-05 5.995e-05 6.35e-06 3.735e-05 5.935e-05 4.225e-05 7.15e-06 7.25e-06 1.8e-05 6.03e-05 6.95e-06 5.975e-05 7.05e-06 4.89e-05 0.00011445 7.25e-06
5 6.01e-05 5.98e-05 5.875e-05 5.955e-05 6.065e-05 0.0001134 5.81e-05 6.055e-05 5.905e-05 5.8e-05 5.925e-05 6.11e-05 6.01e-05 5.89e-05 7.24e-05 5.835e-05 5.95e-05 5.955e-05 7.195e-05 5.94e-05 5.75e-05 5.89e-05 5.965e-05 5.85e-05 5.78e-05 5.89e-05 6.065e-05 5.905e-05 5.985e-05 6.005e-05 5.815e-05 5.96e-05 5.855e-05 5.84e-05 5.91e-05 5.975e-05 5.895e-05 5.9e-05 7.26e-05 5.98e-05 0.00015345 5.975e-05 0.0001531 5.96e-05 7.03e-05 6.005e-05 0.00015415 5.92e-05 5.73e-05 0.00015315 6.015e-05 6.02e-05 5.79e-05 5.775e-05 5.925e-05 5.75e-05 5.87e-05 5.975e-05 6.015e-05 5.68e-05 5.85e-05 6.01e-05 5.895e-05 5.965e-05 7.13e-05 5.975e-05 5.815e-05 5.88e-05 5.865e-05 5.82e-05 5.865e-05 6.005e-05 5.94e-05 5.815e-05 5.82e-05 5.945e-05 5.97e-05 5.92e-05 6.05e-05 6.005e-05 5.8e-05 7.06e-05 5.97e-05 5.975e-05 5.93e-05 5.805e-05 5.815e-05 5.94e-05 7.13e-05 7.23e-05 5.9e-05 5.83e-05 6.115e-05 5.79e-05 5.74e-05 5.955e-05 5.805e-05 6.055e-05 5.82e-05 5.83e-05
6 0.0001014 5.215e-05 8.17e-05 8.425e-05 0.0001147 5.81e-05 4.7e-06 6.12e-05 0.0001136 0.00011155 5.815e-05 0.0001035 0.00011395 5.74e-05 6.14e-05 5.99e-05 8.4e-05 8.22e-05 1.975e-05 5.91e-05 3.9e-06 0.0001125 6.045e-05 0.00011225 0.00011215 2.73e-05 7.75e-06 5.965e-05 8.37e-05 0.0001137 3.25e-06 0.0001134 8.225e-05 0.00011295 6.05e-05 0.0001012 5.805e-05 0.0001126 6.16e-05 0.00010125 0.00020625 4.7e-05 0.00015245 0.0001134 0.0001148 4.795e-05 0.00020655 0.00011325 0.0001119 0.00020525 8.36e-05 0.00011445 3.25e-05 0.0001121 6.005e-05 5.73e-05 5.855e-05 0.00011425 4.76e-05 0.00011225 3.155e-05 0.0001142 0.00011175 0.00010145 0.0001147 0.00011385 8.555e-05 5.82e-05 6.02e-05 8.56e-05 0.0001119 0.00010205 5.965e-05 5.78e-05 5.785e-05 0.00011325 6.05e-05 0.000114 6.115e-05 3.005e-05 5.765e-05 0.0001148 0.0001015 0.0001134 8.245e-05 5.77e-05 0.0001119 8.32e-05 8.44e-05 0.00010425 0.00011295 0.00011285 0.0001034 5.84e-05 0.0001119 6.015e-05 0.0001126 7.175e-05 3.3e-06 0.00011285
7 6.175e-05 5.965e-05 5.98e-05 6.015e-05 5.865e-05 6.055e-05 6.12e-05 0.0001159 6.125e-05 6.025e-05 6.06e-05 6.085e-05 5.94e-05 6.025e-05 7.34e-05 5.97e-05 6.045e-05 5.945e-05 7.155e-05 5.99e-05 6.065e-05 5.95e-05 5.975e-05 6.075e-05 6.04e-05 6.055e-05 5.805e-05 5.925e-05 6.025e-05 5.84e-05 6.125e-05 5.96e-05 6.005e-05 6.1e-05 5.96e-05 6.165e-05 6.115e-05 5.96e-05 7.36e-05 6.17e-05 0.00015545 6.19e-05 0.0001555 5.96e-05 7.25e-05 6.2e-05 0.00015435 5.965e-05 6.06e-05 0.00015515 5.94e-05 6.065e-05 6.09e-05 6.035e-05 5.965e-05 6.1e-05 6.135e-05 5.935e-05 6.195e-05 6.095e-05 6.145e-05 5.89e-05 6.12e-05 6.12e-05 7.2e-05 5.915e-05 6.085e-05 6.13e-05 5.95e-05 6.09e-05 5.975e-05 6.165e-05 5.98e-05 6.065e-05 6.07e-05 5.945e-05 5.99e-05 5.98e-05 5.815e-05 5.875e-05 6.05e-05 7.235e-05 6.125e-05 5.995e-05 6.035e-05 6.07e-05 6.045e-05 6.065e-05 7.195e-05 7.345e-05 6.125e-05 6.09e-05 6.07e-05 6.065e-05 6.06e-05 5.96e-05 6.07e-05 6.09e-05 6.13e-05 6.09e-05
8 1.96e-05 6.785e-05 3.645e-05 3.685e-05 7.6e-06 5.905e-05 0.0001136 6.125e-05 8.5e-06 5.35e-06 6.05e-05 1.905e-05 6.8e-06 6.06e-05 8.365e-05 5.97e-05 3.58e-05 3.745e-05 0.0001249 6.045e-05 0.00011265 6.45e-06 5.955e-05 4.9e-06 4.85e-06 9.06e-05 0.00011465 5.955e-05 3.6e-05 7.8e-06 0.00011335 6.3e-06 3.665e-05 4.4e-06 5.93e-05 1.895e-05 5.94e-05 6.55e-06 8.385e-05 1.9e-05 0.0001017 7.255e-05 0.0001542 6.1e-06 2.705e-05 7.235e-05 0.00010185 6e-06 5.3e-06 0.00010055 3.73e-05 6.15e-06 8.49e-05 4.8e-06 5.92e-05 5.96e-05 5.87e-05 6.25e-06 7.265e-05 5.25e-06 8.545e-05 7.1e-06 5.55e-06 1.845e-05 2.855e-05 7e-06 3.14e-05 5.89e-05 5.97e-05 3.145e-05 6.2e-06 1.825e-05 6.03e-05 5.935e-05 5.94e-05 6.15e-06 5.925e-05 5.65e-06 6.12e-05 9.09e-05 5.92e-05 2.78e-05 1.85e-05 6.35e-06 3.615e-05 5.89e-05 4.9e-06 3.68e-05 5.87e-05 4.08e-05 4.55e-06 4.5e-06 1.935e-05 5.85e-05 5.3e-06 6.005e-05 4.5e-06 4.97e-05 0.0001134 4.3e-06
9 1.79e-05 6.48e-05 3.235e-05 3.655e-05 6.15e-06 5.8e-05 0.00011155 6.025e-05 5.35e-06 2e-07 5.775e-05 1.74e-05 4.75e-06 5.795e-05 8.395e-05 6.045e-05 3.47e-05 3.455e-05 0.00012635 5.85e-05 0.00010995 2.7e-06 5.815e-05 1.1e-06 3.75e-06 8.83e-05 0.0001133 5.715e-05 3.48e-05 5.45e-06 0.0001116 3.8e-06 3.595e-05 4.75e-06 6.095e-05 1.785e-05 5.755e-05 2.8e-06 8.415e-05 1.79e-05 0.00010155 7.08e-05 0.000154 3.8e-06 3.02e-05 7.06e-05 0.00010045 3.05e-06 3.6e-06 9.82e-05 3.54e-05 4.45e-06 8.235e-05 3.7e-06 5.775e-05 5.92e-05 5.66e-05 4.9e-06 7.03e-05 7e-06 8.345e-05 5.55e-06 2.65e-06 1.49e-05 2.885e-05 6.95e-06 2.82e-05 5.63e-05 6.075e-05 2.815e-05 2.25e-06 1.57e-05 6.035e-05 5.58e-05 5.585e-05 3.65e-06 5.82e-05 6.85e-06 6.02e-05 8.955e-05 5.565e-05 3.02e-05 1.495e-05 3.95e-06 3.33e-05 5.555e-05 7.5e-07 3.675e-05 5.885e-05 4.15e-05 2e-06 4.65e-06 1.81e-05 5.545e-05 3.6e-06 5.755e-05 4.4e-06 4.72e-05 0.00011165 4.65e-06
10 5.985e-05 5.715e-05 5.73e-05 6.12e-05 6.02e-05 5.925e-05 5.815e-05 6.06e-05 6.05e-05 5.775e-05 0.0001117 6.15e-05 5.875e-05 5.635e-05 7.37e-05 6.09e-05 6.005e-05 5.645e-05 7.4e-05 5.955e-05 5.9e-05 5.805e-05 6.05e-05 5.845e-05 5.92e-05 5.845e-05 6.1e-05 5.97e-05 5.935e-05 5.86e-05 5.92e-05 5.895e-05 5.88e-05 6e-05 6.14e-05 5.995e-05 5.955e-05 5.815e-05 7.39e-05 6e-05 0.0001541 6.065e-05 0.0001549 5.895e-05 7.285e-05 6.095e-05 0.0001545 5.94e-05 5.905e-05 0.00015325 5.915e-05 6.06e-05 5.905e-05 5.915e-05 6.01e-05 5.85e-05 5.965e-05 5.995e-05 5.885e-05 6.035e-05 5.76e-05 5.97e-05 5.9e-05 5.955e-05 7.055e-05 5.995e-05 5.855e-05 5.755e-05 6.12e-05 5.86e-05 5.675e-05 6.015e-05 6.035e-05 5.82e-05 5.825e-05 5.88e-05 6.055e-05 6.1e-05 6.055e-05 5.95e-05 5.81e-05 7.285e-05 5.96e-05 5.91e-05 5.805e-05 5.88e-05 5.81e-05 5.95e-05 7.1e-05 7.335e-05 5.915e-05 5.99e-05 6.145e-05 5.86e-05 5.905e-05 6.02e-05 5.965e-05 5.925e-05 5.925e-05 5.99e-05
11 1.845e-05 7.96e-05 4.835e-05 4.86e-05 1.85e-05 6.11e-05 0.0001035 6.085e-05 1.905e-05 1.74e-05 6.15e-05 3.16e-05 1.76e-05 6.16e-05 7.12e-05 6.055e-05 4.865e-05 4.94e-05 0.00011385 6.145e-05 0.0001023 1.85e-05 5.985e-05 1.795e-05 1.835e-05 9.145e-05 0.0001024 5.915e-05 4.85e-05 1.985e-05 0.0001033 1.925e-05 4.96e-05 1.9e-05 6.035e-05 1.775e-05 6.1e-05 1.86e-05 7.14e-05 1.79e-05 0.00011475 5.97e-05 0.00015545 1.925e-05 3.125e-05 5.95e-05 0.00011295 1.7e-05 1.87e-05 0.0001136 4.815e-05 1.805e-05 7.475e-05 1.83e-05 5.96e-05 6.19e-05 6.06e-05 1.895e-05 5.975e-05 2e-05 7.555e-05 1.81e-05 1.875e-05 1.68e-05 3.135e-05 1.885e-05 3.26e-05 6.085e-05 6.065e-05 3.265e-05 1.83e-05 1.715e-05 6.06e-05 6.035e-05 6.04e-05 1.91e-05 5.985e-05 1.8e-05 6.08e-05 9.035e-05 6.02e-05 3.11e-05 1.67e-05 1.94e-05 4.895e-05 5.99e-05 1.765e-05 4.98e-05 6.13e-05 2.97e-05 1.85e-05 1.89e-05 1.64e-05 6.03e-05 1.87e-05 5.965e-05 1.87e-05 4.775e-05 0.00010335 1.89e-05
12 1.945e-05 6.475e-05 3.46e-05 3.61e-05 5.45e-06 6.01e-05 0.00011395 5.94e-05 6.8e-06 4.75e-06 5.875e-05 1.76e-05 7.7e-06 5.875e-05 8.46e-05 5.995e-05 3.57e-05 3.435e-05 0.00012525 5.99e-05 0.00011305 5.1e-06 5.91e-05 5.25e-06 5.95e-06 8.955e-05 0.00011275 5.845e-05 3.52e-05 5.7e-06 0.00011405 5.8e-06 3.595e-05 6.55e-06 5.99e-05 1.925e-05 6.005e-05 5.2e-06 8.48e-05 1.93e-05 0.0001024 7.285e-05 0.00015535 5.8e-06 2.98e-05 7.265e-05 0.0001009 4.7e-06 6.15e-06 0.00010115 3.475e-05 5.7e-06 8.53e-05 5.9e-06 5.885e-05 6.06e-05 5.975e-05 5.8e-06 7.23e-05 7.55e-06 8.58e-05 5.05e-06 6.15e-06 1.795e-05 2.835e-05 5.8e-06 3.16e-05 5.94e-05 6.005e-05 3.165e-05 4.35e-06 1.84e-05 6e-05 5.925e-05 5.93e-05 5.65e-06 5.91e-05 5.95e-06 5.935e-05 8.855e-05 5.915e-05 2.965e-05 1.8e-05 5.95e-06 3.515e-05 5.91e-05 4.95e-06 3.65e-05 5.85e-05 4.195e-05 5.75e-06 6.45e-06 1.805e-05 5.915e-05 6.15e-06 5.895e-05 6.25e-06 4.795e-05 0.0001141 6.45e-06
13 5.985e-05 5.645e-05 5.705e-05 6.09e-05 6.025e-05 5.89e-05 5.74e-05 6.025e-05 6.06e-05 5.795e-05 5.635e-05 6.16e-05 5.875e-05 0.0001117 7.335e-05 6.055e-05 5.98e-05 5.62e-05 7.33e-05 5.92e-05 5.83e-05 5.815e-05 6.025e-05 5.865e-05 5.93e-05 5.775e-05 6.03e-05 5.945e-05 5.91e-05 5.86e-05 5.885e-05 5.905e-05 5.845e-05 6.01e-05 6.105e-05 5.995e-05 5.93e-05 5.825e-05 7.355e-05 6e-05 0.0001539 6.03e-05 0.00015435 5.905e-05 7.285e-05 6.06e-05 0.00015435 5.955e-05 5.915e-05 0.00015315 5.885e-05 6.075e-05 5.87e-05 5.925e-05 5.985e-05 5.81e-05 5.94e-05 6.005e-05 5.9e-05 6.035e-05 5.785e-05 5.975e-05 5.92e-05 5.965e-05 7.065e-05 5.995e-05 5.865e-05 5.78e-05 6.085e-05 5.87e-05 5.695e-05 6.025e-05 6e-05 5.83e-05 5.835e-05 5.89e-05 6.03e-05 6.105e-05 6.02e-05 5.88e-05 5.82e-05 7.285e-05 5.97e-05 5.92e-05 5.78e-05 5.855e-05 5.83e-05 5.915e-05 7.065e-05 7.335e-05 5.935e-05 6e-05 6.15e-05 5.835e-05 5.915e-05 5.995e-05 5.975e-05 5.89e-05 5.89e-05 6e-05
14 7.19e-05 8.495e-05 8.43e-05 8.415e-05 8.495e-05 7.24e-05 6.14e-05 7.34e-05 8.365e-05 8.395e-05 7.37e-05 7.12e-05 8.46e-05 7.335e-05 0.0001161 7.22e-05 8.405e-05 8.495e-05 5.935e-05 7.365e-05 6.1e-05 8.465e-05 7.26e-05 8.43e-05 8.345e-05 7.315e-05 6.155e-05 7.215e-05 8.375e-05 8.56e-05 6.155e-05 8.52e-05 8.445e-05 8.39e-05 7.185e-05 7.115e-05 7.31e-05 8.475e-05 5.835e-05 7.11e-05 0.0001666 5.975e-05 0.00015445 8.52e-05 7.19e-05 5.985e-05 0.00016645 8.38e-05 8.39e-05 0.00016665 8.435e-05 8.465e-05 6.145e-05 8.34e-05 7.24e-05 7.27e-05 7.3e-05 8.47e-05 6.01e-05 8.385e-05 6.185e-05 8.45e-05 8.46e-05 7.12e-05 7.305e-05 8.465e-05 7.285e-05 7.325e-05 7.225e-05 7.29e-05 8.445e-05 7.125e-05 7.245e-05 7.285e-05 7.29e-05 8.505e-05 7.265e-05 8.34e-05 7.335e-05 7.27e-05 7.27e-05 7.235e-05 7.1e-05 8.535e-05 8.47e-05 7.25e-05 8.4e-05 8.42e-05 7.28e-05 5.955e-05 8.465e-05 8.38e-05 7.1e-05 7.275e-05 8.39e-05 7.26e-05 8.36e-05 7.145e-05 6.16e-05 8.38e-05
15 6.105e-05 6.115e-05 6.065e-05 5.875e-05 6.015e-05 5.835e-05 5.99e-05 5.97e-05 5.97e-05 6.045e-05 6.09e-05 6.055e-05 5.995e-05 6.055e-05 7.22e-05 0.0001133 6.01e-05 6.09e-05 6.99e-05 6.06e-05 5.97e-05 6.065e-05 5.935e-05 6.08e-05 5.885e-05 6.04e-05 5.975e-05 5.87e-05 6.04e-05 6.11e-05 5.97e-05 6.12e-05 5.915e-05 5.93e-05 5.735e-05 6.05e-05 6.045e-05 6.075e-05 7.23e-05 6.055e-05 0.00015375 6.085e-05 0.00015345 6.12e-05 6.97e-05 6.1e-05 0.0001539 5.955e-05 5.86e-05 0.00015485 5.995e-05 6.04e-05 5.995e-05 5.88e-05 5.875e-05 5.85e-05 6.045e-05 6.04e-05 6.14e-05 5.675e-05 6.015e-05 5.975e-05 6.07e-05 6.115e-05 7.155e-05 5.91e-05 6.005e-05 6.085e-05 5.725e-05 6.01e-05 6.055e-05 6.14e-05 5.85e-05 6.01e-05 6.015e-05 6.105e-05 5.92e-05 5.8e-05 5.965e-05 5.935e-05 5.995e-05 6.98e-05 6.12e-05 6.135e-05 6.105e-05 5.995e-05 6.045e-05 5.965e-05 7.155e-05 7.215e-05 6.115e-05 5.92e-05 6.04e-05 6.05e-05 5.86e-05 5.94e-05 5.895e-05 6.15e-05 5.975e-05 5.92e-05
16 4.99e-05 3.53e-05 3.485e-05 3.59e-05 3.67e-05 5.95e-05 8.4e-05 6.045e-05 3.58e-05 3.47e-05 6.005e-05 4.865e-05 3.57e-05 5.98e-05 8.405e-05 6.01e-05 6.78e-05 3.535e-05 9.52e-05 6.03e-05 8.285e-05 3.55e-05 5.915e-05 3.45e-05 3.56e-05 5.975e-05 8.345e-05 5.91e-05 3.505e-05 3.655e-05 8.425e-05 3.545e-05 3.63e-05 3.55e-05 6.015e-05 4.96e-05 5.945e-05 3.56e-05 8.42e-05 4.965e-05 0.00013145 7.28e-05 0.00015405 3.55e-05 5.92e-05 7.27e-05 0.00013115 3.535e-05 3.57e-05 0.00013 3.575e-05 3.565e-05 8.3e-05 3.555e-05 5.87e-05 6.035e-05 5.9e-05 3.575e-05 7.29e-05 3.67e-05 8.41e-05 3.615e-05 3.545e-05 4.8e-05 5.88e-05 3.72e-05 5.935e-05 5.92e-05 6.025e-05 5.94e-05 3.505e-05 4.79e-05 6.09e-05 5.955e-05 5.96e-05 3.535e-05 5.905e-05 3.645e-05 6.04e-05 5.945e-05 5.94e-05 5.97e-05 4.805e-05 3.565e-05 3.47e-05 5.905e-05 3.435e-05 3.615e-05 5.85e-05 7.175e-05 3.43e-05 3.54e-05 4.895e-05 5.825e-05 3.57e-05 5.955e-05 3.535e-05 4.83e-05 8.43e-05 3.54e-05
17 4.835e-05 3.095e-05 3.255e-05 3.69e-05 3.585e-05 5.955e-05 8.22e-05 5.945e-05 3.745e-05 3.455e-05 5.645e-05 4.94e-05 3.435e-05 5.62e-05 8.495e-05 6.09e-05 3.535e-05 6.13e-05 9.675e-05 5.835e-05 8.19e-05 3.4e-05 6.02e-05 3.525e-05 3.625e-05 5.705e-05 8.275e-05 5.945e-05 3.455e-05 3.37e-05 8.315e-05 3.49e-05 3.43e-05 3.705e-05 6.13e-05 4.85e-05 5.935e-05 3.41e-05 8.51e-05 4.855e-05 0.0001314 7.205e-05 0.0001548 3.49e-05 6.085e-05 7.195e-05 0.00013115 3.59e-05 3.61e-05 0.0001302 3.42e-05 3.71e-05 8.19e-05 3.62e-05 5.985e-05 5.955e-05 5.93e-05 3.59e-05 7.15e-05 3.765e-05 8.225e-05 3.535e-05 3.61e-05 4.77e-05 5.73e-05 3.59e-05 5.86e-05 5.885e-05 6.115e-05 5.865e-05 3.255e-05 4.83e-05 6.045e-05 5.89e-05 5.895e-05 3.475e-05 6.03e-05 3.775e-05 5.94e-05 5.77e-05 5.875e-05 6.085e-05 4.775e-05 3.505e-05 3.34e-05 5.845e-05 3.49e-05 3.495e-05 5.72e-05 7.245e-05 3.595e-05 3.695e-05 4.93e-05 5.865e-05 3.61e-05 5.99e-05 3.67e-05 4.585e-05 8.32e-05 3.695e-05
18 0.0001157 6.655e-05 9.63e-05 9.42e-05 0.0001255 7.195e-05 1.975e-05 7.155e-05 0.0001249 0.00012635 7.4e-05 0.00011385 0.00012525 7.33e-05 5.935e-05 6.99e-05 9.52e-05 9.675e-05 2.89e-05 7.43e-05 1.98e-05 0.0001268 7.08e-05 0.00012645 0.0001249 4.335e-05 1.78e-05 7.04e-05 9.485e-05 0.0001275 2.02e-05 0.0001271 9.545e-05 0.0001251 6.9e-05 0.00011525 7.33e-05 0.0001269 5.95e-05 0.0001153 0.00020735 6.225e-05 0.00015415 0.0001271 0.00011215 6.265e-05 0.0002067 0.00012475 0.00012555 0.0002081 9.49e-05 0.00012535 4.82e-05 0.00012485 7.06e-05 7.21e-05 7.365e-05 0.0001259 6.25e-05 0.00012475 4.845e-05 0.0001252 0.0001266 0.00011525 0.00011405 0.0001252 0.00010135 7.35e-05 6.99e-05 0.0001014 0.00012665 0.00011535 7.075e-05 7.33e-05 7.335e-05 0.00012695 7.065e-05 0.00012325 7.15e-05 4.07e-05 7.315e-05 0.00011245 0.0001153 0.00012725 9.645e-05 7.34e-05 0.0001262 9.55e-05 8.36e-05 0.00010265 0.00012655 0.000125 0.0001137 7.28e-05 0.00012555 7.1e-05 0.00012485 8.535e-05 2.025e-05 0.000125
19 6.01e-05 5.87e-05 5.845e-05 6.07e-05 5.93e-05 5.94e-05 5.91e-05 5.99e-05 6.045e-05 5.85e-05 5.955e-05 6.145e-05 5.99e-05 5.92e-05 7.365e-05 6.06e-05 6.03e-05 5.835e-05 7.43e-05 0.0001134 5.81e-05 5.8e-05 6.11e-05 5.92e-05 5.91e-05 5.84e-05 6.05e-05 6.035e-05 6.02e-05 5.725e-05 5.855e-05 5.84e-05 5.9e-05 5.99e-05 6.115e-05 5.99e-05 5.91e-05 5.81e-05 7.385e-05 5.995e-05 0.00015435 5.97e-05 0.00015335 5.84e-05 7.245e-05 5.9e-05 0.0001539 5.98e-05 5.885e-05 0.000153 5.995e-05 6.1e-05 5.78e-05 5.905e-05 6.075e-05 5.97e-05 5.84e-05 5.91e-05 6.1e-05 5.92e-05 5.89e-05 5.93e-05 5.885e-05 5.98e-05 7.175e-05 5.91e-05 5.785e-05 6.02e-05 6.085e-05 5.79e-05 5.825e-05 6.04e-05 6.065e-05 5.875e-05 5.88e-05 5.825e-05 6.12e-05 6.055e-05 5.985e-05 6.05e-05 5.86e-05 7.245e-05 5.985e-05 5.855e-05 5.92e-05 5.755e-05 5.885e-05 5.985e-05 7.185e-05 7.33e-05 5.99e-05 5.98e-05 6.135e-05 5.97e-05 5.885e-05 6.08e-05 5.955e-05 5.99e-05 5.86e-05 5.98e-05
20 0.00010095 5.195e-05 8.08e-05 8.345e-05 0.00011365 5.75e-05 3.9e-06 6.065e-05 0.00011265 0.00010995 5.9e-05 0.0001023 0.00011305 5.83e-05 6.1e-05 5.97e-05 8.285e-05 8.19e-05 1.98e-05 5.81e-05 5.9e-06 0.0001112 5.965e-05 0.0001107 0.00011115 2.765e-05 7.5e-06 5.885e-05 8.29e-05 0.0001127 4e-06 0.00011215 8.195e-05 0.000112 6.025e-05 0.0001008 5.785e-05 0.0001113 6.12e-05 0.00010085 0.00020615 4.695e-05 0.00015195 0.00011215 0.0001144 4.695e-05 0.0002058 0.00011185 0.0001109 0.00020435 8.29e-05 0.0001131 3.1e-05 0.0001111 5.93e-05 5.82e-05 5.73e-05 0.00011305 4.815e-05 0.00011185 3.23e-05 0.0001131 0.0001108 0.00010015 0.0001143 0.00011315 8.445e-05 5.85e-05 5.995e-05 8.45e-05 0.0001109 0.0001008 5.97e-05 5.73e-05 5.735e-05 0.000112 5.975e-05 0.00011325 6.06e-05 2.99e-05 5.715e-05 0.0001144 0.0001002 0.00011215 8.16e-05 5.64e-05 0.00011035 8.29e-05 8.41e-05 0.00010355 0.00011145 0.0001119 0.00010235 5.725e-05 0.0001109 5.93e-05 0.00011165 7.115e-05 4.05e-06 0.0001119
21 1.835e-05 6.44e-05 3.34e-05 3.69e-05 5.55e-06 5.89e-05 0.0001125 5.95e-05 6.45e-06 2.7e-06 5.805e-05 1.85e-05 5.1e-06 5.815e-05 8.465e-05 6.065e-05 3.55e-05 3.4e-05 0.0001268 5.8e-05 0.0001112 5.2e-06 5.945e-05 3.5e-06 5.05e-06 8.85e-05 0.0001129 5.855e-05 3.545e-05 3.2e-06 0.00011235 4.05e-06 3.58e-05 5.95e-06 6.115e-05 1.835e-05 5.87e-05 2.7e-06 8.485e-05 1.84e-05 0.0001019 7.16e-05 0.0001547 4.05e-06 3.03e-05 7.14e-05 0.0001011 4.65e-06 4.9e-06 9.965e-05 3.555e-05 5.95e-06 8.345e-05 5e-06 5.905e-05 5.98e-05 5.815e-05 4.95e-06 7.135e-05 7.1e-06 8.435e-05 4.55e-06 4.55e-06 1.655e-05 2.855e-05 5.4e-06 2.97e-05 5.81e-05 6.095e-05 2.975e-05 3.15e-06 1.725e-05 6.06e-05 5.74e-05 5.745e-05 3.9e-06 5.95e-05 7.2e-06 5.945e-05 8.95e-05 5.725e-05 3.03e-05 1.66e-05 4.3e-06 3.425e-05 5.72e-05 3.15e-06 3.65e-05 5.87e-05 4.195e-05 4.3e-06 5.85e-06 1.88e-05 5.745e-05 4.9e-06 5.905e-05 5.6e-06 4.74e-05 0.0001124 5.85e-06
22 6.155e-05 6.025e-05 5.905e-05 5.96e-05 5.99e-05 5.965e-05 6.045e-05 5.975e-05 5.955e-05 5.815e-05 6.05e-05 5.985e-05 5.91e-05 6.025e-05 7.26e-05 5.935e-05 5.915e-05 6.02e-05 7.08e-05 6.11e-05 5.965e-05 5.945e-05 0.0001151 5.82e-05 5.905e-05 6.055e-05 5.94e-05 5.8e-05 5.945e-05 6.1e-05 6.07e-05 5.97e-05 6.025e-05 5.92e-05 5.91e-05 6.14e-05 5.975e-05 5.955e-05 7.28e-05 6.145e-05 0.00015505 6.135e-05 0.00015475 5.97e-05 7.19e-05 6.145e-05 0.00015375 5.82e-05 5.935e-05 0.00015345 5.93e-05 5.875e-05 6.005e-05 5.9e-05 5.8e-05 6.035e-05 5.955e-05 5.985e-05 6.115e-05 6.055e-05 6.075e-05 5.95e-05 5.905e-05 5.99e-05 7.215e-05 6.03e-05 5.965e-05 5.925e-05 5.925e-05 5.97e-05 5.915e-05 5.98e-05 5.92e-05 5.935e-05 5.94e-05 5.955e-05 5.82e-05 5.915e-05 5.97e-05 5.9e-05 5.92e-05 7.195e-05 5.995e-05 5.985e-05 5.915e-05 5.935e-05 5.78e-05 6.085e-05 7.195e-05 7.29e-05 5.825e-05 5.91e-05 6.01e-05 5.845e-05 5.935e-05 5.795e-05 5.885e-05 6.095e-05 6.075e-05 5.91e-05
23 1.865e-05 6.55e-05 3.315e-05 3.68e-05 6.65e-06 5.85e-05 0.00011225 6.075e-05 4.9e-06 1.1e-06 5.845e-05 1.795e-05 5.25e-06 5.865e-05 8.43e-05 6.08e-05 3.45e-05 3.525e-05 0.00012645 5.92e-05 0.0001107 3.5e-06 5.82e-05 2e-06 4.15e-06 8.9e-05 0.0001138 5.775e-05 3.51e-05 6.15e-06 0.0001123 3.85e-06 3.645e-05 4.3e-06 6.105e-05 1.86e-05 5.76e-05 3.6e-06 8.45e-05 1.865e-05 0.000102 7.155e-05 0.00015445 3.75e-06 3.01e-05 7.135e-05 0.00010095 3.65e-06 4.15e-06 9.825e-05 3.59e-05 4.3e-06 8.31e-05 4.1e-06 5.77e-05 5.965e-05 5.665e-05 5.15e-06 7.105e-05 7.2e-06 8.415e-05 6.05e-06 2.7e-06 1.575e-05 2.915e-05 7.45e-06 2.9e-05 5.61e-05 6.1e-05 2.905e-05 3.05e-06 1.6e-05 6.085e-05 5.66e-05 5.665e-05 3.7e-06 5.78e-05 6.95e-06 6.07e-05 9.005e-05 5.645e-05 3.03e-05 1.58e-05 3.9e-06 3.335e-05 5.635e-05 1.1e-06 3.72e-05 5.915e-05 4.185e-05 1.15e-06 4.3e-06 1.865e-05 5.545e-05 4.15e-06 5.825e-05 4.25e-06 4.795e-05 0.00011235 4.2e-06
24 1.84e-05 6.665e-05 3.505e-05 3.61e-05 6.75e-06 5.78e-05 0.00011215 6.04e-05 4.85e-06 3.75e-06 5.92e-05 1.835e-05 5.95e-06 5.93e-05 8.345e-05 5.885e-05 3.56e-05 3.625e-05 0.0001249 5.91e-05 0.00011115 5.05e-06 5.905e-05 4.15e-06 7.3e-06 8.925e-05 0.0001138 5.85e-05 3.575e-05 6.6e-06 0.00011185 5.65e-06 3.55e-05 4.2e-06 5.87e-05 1.775e-05 5.87e-05 5.15e-06 8.365e-05 1.78e-05 0.00010095 7.135e-05 0.00015345 5.65e-06 2.705e-05 7.115e-05 0.0001011 4.95e-06 4e-06 0.0001 3.645e-05 5.85e-06 8.34e-05 3.65e-06 5.88e-05 5.84e-05 5.79e-05 5.5e-06 7.15e-05 4.25e-06 8.4e-05 6.25e-06 4.75e-06 1.72e-05 2.83e-05 6.15e-06 2.985e-05 5.825e-05 5.895e-05 2.99e-05 4.8e-06 1.755e-05 5.93e-05 5.78e-05 5.785e-05 5.5e-06 5.905e-05 5.05e-06 6.035e-05 9.005e-05 5.765e-05 2.75e-05 1.725e-05 5.8e-06 3.55e-05 5.735e-05 3.85e-06 3.62e-05 5.845e-05 4.07e-05 4.55e-06 4.1e-06 1.865e-05 5.79e-05 4e-06 5.9e-05 3.9e-06 4.865e-05 0.0001119 4.1e-06
25 9.005e-05 2.69e-05 5.745e-05 6.045e-05 9.045e-05 5.89e-05 2.73e-05 6.055e-05 9.06e-05 8.83e-05 5.845e-05 9.145e-05 8.955e-05 5.775e-05 7.315e-05 6.04e-05 5.975e-05 5.705e-05 4.335e-05 5.84e-05 2.765e-05 8.85e-05 6.055e-05 8.9e-05 8.925e-05 5.3e-05 3.035e-05 5.98e-05 5.935e-05 8.895e-05 2.765e-05 8.94e-05 5.835e-05 9.005e-05 6.09e-05 8.99e-05 5.825e-05 8.86e-05 7.33e-05 8.995e-05 0.0001839 5.89e-05 0.00015305 8.94e-05 0.00010295 5.945e-05 0.0001835 8.975e-05 8.9e-05 0.00018245 5.91e-05 9.095e-05 5.585e-05 8.92e-05 6.02e-05 5.89e-05 5.86e-05 9.025e-05 6.025e-05 8.97e-05 5.61e-05 8.995e-05 8.88e-05 8.965e-05 0.0001016 8.995e-05 8.565e-05 5.94e-05 6.065e-05 8.57e-05 8.775e-05 9.025e-05 6.025e-05 5.85e-05 5.855e-05 8.925e-05 6.065e-05 9.085e-05 6.05e-05 2.915e-05 5.835e-05 0.00010295 8.97e-05 8.94e-05 5.8e-05 5.775e-05 8.865e-05 5.92e-05 7.12e-05 0.0001035 8.97e-05 8.995e-05 9.135e-05 5.885e-05 8.9e-05 6.025e-05 8.97e-05 5.895e-05 2.77e-05 8.995e-05
26 0.00010365 5.26e-05 8.28e-05 8.315e-05 0.00011215 6.065e-05 7.75e-06 5.805e-05 0.00011465 0.0001133 6.1e-05 0.0001024 0.00011275 6.03e-05 6.155e-05 5.975e-05 8.345e-05 8.275e-05 1.78e-05 6.05e-05 7.5e-06 0.0001129 5.94e-05 0.0001138 0.0001138 3.035e-05 8.2e-06 5.895e-05 8.325e-05 0.00011225 8.2e-06 0.0001131 8.34e-05 0.0001144 5.96e-05 0.00010355 6.1e-05 0.000113 6.175e-05 0.0001036 0.0002082 5.025e-05 0.00015505 0.0001131 0.0001155 5.065e-05 0.00020675 0.0001127 0.000114 0.00020755 8.24e-05 0.0001137 3.59e-05 0.00011375 5.935e-05 6.11e-05 6.15e-05 0.00011285 5.055e-05 0.0001147 3.645e-05 0.0001123 0.00011425 0.00010275 0.00011495 0.0001129 8.88e-05 6.14e-05 5.935e-05 8.885e-05 0.0001131 0.0001032 5.98e-05 6.08e-05 6.085e-05 0.00011295 5.96e-05 0.0001132 5.81e-05 2.83e-05 6.065e-05 0.00011535 0.0001028 0.00011345 8.335e-05 6.085e-05 0.0001135 8.4e-05 8.455e-05 0.0001046 0.0001143 0.0001143 0.00010225 6.04e-05 0.000114 5.925e-05 0.0001141 7.24e-05 8.25e-06 0.0001143
27 6.07e-05 5.955e-05 5.82e-05 5.925e-05 5.925e-05 5.905e-05 5.965e-05 5.925e-05 5.955e-05 5.715e-05 5.97e-05 5.915e-05 5.845e-05 5.945e-05 7.215e-05 5.87e-05 5.91e-05 5.945e-05 7.04e-05 6.035e-05 5.885e-05 5.855e-05 5.8e-05 5.775e-05 5.85e-05 5.98e-05 5.895e-05 0.0001141 5.905e-05 6.02e-05 5.99e-05 5.935e-05 5.97e-05 5.92e-05 5.865e-05 6.055e-05 5.94e-05 5.865e-05 7.225e-05 6.06e-05 0.00015455 6.05e-05 0.00015425 5.935e-05 7.18e-05 6.065e-05 0.00015315 5.745e-05 5.87e-05 0.00015315 5.87e-05 5.855e-05 5.925e-05 5.845e-05 5.755e-05 5.98e-05 5.925e-05 5.94e-05 6.03e-05 6.025e-05 5.995e-05 5.885e-05 5.87e-05 5.895e-05 7.17e-05 5.96e-05 5.875e-05 5.89e-05 5.9e-05 5.88e-05 5.825e-05 5.95e-05 5.91e-05 5.845e-05 5.85e-05 5.92e-05 5.78e-05 5.885e-05 5.92e-05 5.855e-05 5.83e-05 7.165e-05 5.9e-05 5.95e-05 5.885e-05 5.85e-05 5.745e-05 6.035e-05 7.155e-05 7.24e-05 5.835e-05 5.91e-05 5.94e-05 5.805e-05 5.87e-05 5.775e-05 5.89e-05 6.015e-05 5.995e-05 5.91e-05
28 4.965e-05 3.445e-05 3.45e-05 3.615e-05 3.65e-05 5.985e-05 8.37e-05 6.025e-05 3.6e-05 3.48e-05 5.935e-05 4.85e-05 3.52e-05 5.91e-05 8.375e-05 6.04e-05 3.505e-05 3.455e-05 9.485e-05 6.02e-05 8.29e-05 3.545e-05 5.945e-05 3.51e-05 3.575e-05 5.935e-05 8.325e-05 5.905e-05 6.84e-05 3.635e-05 8.425e-05 3.595e-05 3.595e-05 3.615e-05 6.015e-05 4.94e-05 5.99e-05 3.555e-05 8.39e-05 4.945e-05 0.00013155 7.275e-05 0.00015435 3.595e-05 5.895e-05 7.265e-05 0.00013085 3.535e-05 3.605e-05 0.0001303 3.53e-05 3.615e-05 8.305e-05 3.57e-05 5.925e-05 6.035e-05 5.955e-05 3.575e-05 7.255e-05 3.73e-05 8.38e-05 3.6e-05 3.6e-05 4.8e-05 5.805e-05 3.7e-05 5.94e-05 5.945e-05 6.045e-05 5.945e-05 3.47e-05 4.825e-05 6.065e-05 5.96e-05 5.965e-05 3.58e-05 5.95e-05 3.645e-05 6.02e-05 5.89e-05 5.945e-05 5.95e-05 4.805e-05 3.61e-05 3.49e-05 5.91e-05 3.48e-05 3.595e-05 5.775e-05 7.135e-05 3.54e-05 3.605e-05 4.88e-05 5.885e-05 3.605e-05 5.95e-05 3.585e-05 4.785e-05 8.43e-05 3.605e-05
29 1.905e-05 6.425e-05 3.47e-05 3.75e-05 4.6e-06 6.005e-05 0.0001137 5.84e-05 7.8e-06 5.45e-06 5.86e-05 1.985e-05 5.7e-06 5.86e-05 8.56e-05 6.11e-05 3.655e-05 3.37e-05 0.0001275 5.725e-05 0.0001127 3.2e-06 6.1e-05 6.15e-06 6.6e-06 8.895e-05 0.00011225 6.02e-05 3.635e-05 2.1e-06 0.00011335 3.95e-06 3.59e-05 7.4e-06 6.16e-05 1.91e-05 6.01e-05 3.3e-06 8.58e-05 1.915e-05 0.0001025 7.265e-05 0.00015565 3.95e-06 3.065e-05 7.245e-05 0.000102 6.5e-06 6.45e-06 0.00010135 3.595e-05 7.7e-06 8.48e-05 6.55e-06 6.06e-05 6.065e-05 5.995e-05 4.65e-06 7.265e-05 7.45e-06 8.55e-05 4.25e-06 6.7e-06 1.845e-05 2.85e-05 4.55e-06 3.145e-05 6.015e-05 6.14e-05 3.15e-05 4.3e-06 1.905e-05 6.11e-05 5.925e-05 5.93e-05 3.8e-06 6.105e-05 7.8e-06 5.835e-05 8.97e-05 5.91e-05 3.065e-05 1.85e-05 4.4e-06 3.545e-05 5.91e-05 5.8e-06 3.65e-05 5.88e-05 4.265e-05 6.85e-06 7.3e-06 1.975e-05 5.97e-05 6.45e-06 6.07e-05 7.05e-06 4.785e-05 0.0001134 7.3e-06
30 0.0001011 5.35e-05 8.24e-05 8.41e-05 0.0001144 5.815e-05 3.25e-06 6.125e-05 0.00011335 0.0001116 5.92e-05 0.0001033 0.00011405 5.885e-05 6.155e-05 5.97e-05 8.425e-05 8.315e-05 2.02e-05 5.855e-05 4e-06 0.00011235 6.07e-05 0.0001123 0.00011185 2.765e-05 8.2e-06 5.99e-05 8.425e-05 0.00011335 3.4e-06 0.00011325 8.25e-05 0.00011265 6.04e-05 0.00010115 5.775e-05 0.00011245 6.175e-05 0.0001012 0.00020625 4.66e-05 0.00015235 0.00011325 0.0001143 4.75e-05 0.00020615 0.00011315 0.0001115 0.000205 8.415e-05 0.00011435 3.215e-05 0.0001118 6.03e-05 5.81e-05 5.82e-05 0.00011395 4.835e-05 0.0001114 3.16e-05 0.0001139 0.00011105 0.0001014 0.0001148 0.0001134 8.48e-05 5.905e-05 6e-05 8.485e-05 0.0001122 0.000102 5.99e-05 5.66e-05 5.665e-05 0.0001131 6.075e-05 0.00011355 6.12e-05 3.095e-05 5.66e-05 0.0001143 0.00010145 0.0001131 8.315e-05 5.735e-05 0.00011195 8.36e-05 8.49e-05 0.000104 0.000113 0.00011255 0.0001032 5.89e-05 0.0001115 6.04e-05 0.0001123 7.235e-05 1.75e-06 0.00011255
31 1.93e-05 6.53e-05 3.44e-05 3.735e-05 5.65e-06 5.96e-05 0.0001134 5.96e-05 6.3e-06 3.8e-06 5.895e-05 1.925e-05 5.8e-06 5.905e-05 8.52e-05 6.12e-05 3.545e-05 3.49e-05 0.0001271 5.84e-05 0.00011215 4.05e-06 5.97e-05 3.85e-06 5.65e-06 8.94e-05 0.0001131 5.935e-05 3.595e-05 3.95e-06 0.00011325 7e-06 3.65e-05 5.8e-06 6.145e-05 1.93e-05 5.895e-05 4.15e-06 8.54e-05 1.935e-05 0.00010255 7.255e-05 0.00015535 3.7e-06 3.04e-05 7.235e-05 0.0001018 5.45e-06 5.65e-06 9.99e-05 3.625e-05 6e-06 8.44e-05 5.6e-06 5.92e-05 6.045e-05 5.84e-05 4.85e-06 7.23e-05 7.5e-06 8.525e-05 5.7e-06 4.8e-06 1.76e-05 2.905e-05 6.55e-06 3.07e-05 5.835e-05 6.14e-05 3.075e-05 4.15e-06 1.775e-05 6.13e-05 5.84e-05 5.845e-05 3.55e-06 5.955e-05 7.5e-06 5.955e-05 9.02e-05 5.825e-05 3.06e-05 1.765e-05 4.05e-06 3.44e-05 5.82e-05 3.7e-06 3.715e-05 5.92e-05 4.25e-05 3.9e-06 5.7e-06 1.955e-05 5.775e-05 5.65e-06 5.985e-05 5.65e-06 4.835e-05 0.0001133 5.7e-06
32 4.88e-05 3.445e-05 3.5e-05 3.625e-05 3.68e-05 5.855e-05 8.225e-05 6.005e-05 3.665e-05 3.595e-05 5.88e-05 4.96e-05 3.595e-05 5.845e-05 8.445e-05 5.915e-05 3.63e-05 3.43e-05 9.545e-05 5.9e-05 8.195e-05 3.58e-05 6.025e-05 3.645e-05 3.55e-05 5.835e-05 8.34e-05 5.97e-05 3.595e-05 3.59e-05 8.25e-05 3.65e-05 6.83e-05 3.61e-05 5.94e-05 4.845e-05 5.965e-05 3.59e-05 8.46e-05 4.85e-05 0.00013095 7.195e-05 0.0001538 3.65e-05 5.845e-05 7.185e-05 0.00013125 3.655e-05 3.53e-05 0.00013085 3.59e-05 3.755e-05 8.195e-05 3.545e-05 6.01e-05 5.855e-05 5.935e-05 3.655e-05 7.235e-05 3.465e-05 8.23e-05 3.64e-05 3.66e-05 4.875e-05 5.82e-05 3.59e-05 5.885e-05 5.985e-05 5.915e-05 5.89e-05 3.51e-05 4.92e-05 5.955e-05 5.94e-05 5.945e-05 3.635e-05 6.035e-05 3.615e-05 6e-05 5.895e-05 5.925e-05 5.86e-05 4.88e-05 3.665e-05 3.565e-05 5.87e-05 3.615e-05 3.555e-05 5.8e-05 7.185e-05 3.695e-05 3.6e-05 4.95e-05 5.965e-05 3.53e-05 6.01e-05 3.58e-05 4.795e-05 8.255e-05 3.6e-05
33 1.925e-05 6.745e-05 3.595e-05 3.645e-05 7.35e-06 5.84e-05 0.00011295 6.1e-05 4.4e-06 4.75e-06 6e-05 1.9e-05 6.55e-06 6.01e-05 8.39e-05 5.93e-05 3.55e-05 3.705e-05 0.0001251 5.99e-05 0.000112 5.95e-06 5.92e-05 4.3e-06 4.2e-06 9.005e-05 0.0001144 5.92e-05 3.615e-05 7.4e-06 0.00011265 5.8e-06 3.61e-05 7.3e-06 5.89e-05 1.86e-05 5.885e-05 6.05e-06 8.41e-05 1.865e-05 0.0001015 7.22e-05 0.000154 5.6e-06 2.705e-05 7.2e-05 0.0001017 5.65e-06 4.65e-06 0.00010015 3.705e-05 5.8e-06 8.425e-05 4.15e-06 5.885e-05 5.895e-05 5.805e-05 5.75e-06 7.235e-05 4.55e-06 8.48e-05 6.85e-06 4.9e-06 1.815e-05 2.87e-05 6.75e-06 3.075e-05 5.83e-05 5.93e-05 3.08e-05 5.7e-06 1.795e-05 5.99e-05 5.87e-05 5.875e-05 5.65e-06 5.89e-05 5.25e-06 6.095e-05 9.065e-05 5.855e-05 2.77e-05 1.82e-05 5.85e-06 3.565e-05 5.825e-05 4.3e-06 3.675e-05 5.885e-05 4.115e-05 3.95e-06 3.85e-06 1.93e-05 5.79e-05 4.65e-06 5.97e-05 3.85e-06 4.95e-05 0.0001127 3.65e-06
34 6.145e-05 6.145e-05 6.105e-05 5.895e-05 6.01e-05 5.91e-05 6.05e-05 5.96e-05 5.93e-05 6.095e-05 6.14e-05 6.035e-05 5.99e-05 6.105e-05 7.185e-05 5.735e-05 6.015e-05 6.13e-05 6.9e-05 6.115e-05 6.025e-05 6.115e-05 5.91e-05 6.105e-05 5.87e-05 6.09e-05 5.96e-05 5.865e-05 6.015e-05 6.16e-05 6.04e-05 6.145e-05 5.94e-05 5.89e-05 0.0001129 6.07e-05 6.08e-05 6.125e-05 7.19e-05 6.075e-05 0.00015415 6.13e-05 0.0001539 6.145e-05 6.89e-05 6.14e-05 0.000154 5.96e-05 5.935e-05 0.00015515 5.99e-05 6.02e-05 6.05e-05 5.865e-05 5.885e-05 5.925e-05 6.075e-05 6.025e-05 6.175e-05 5.775e-05 6.075e-05 5.98e-05 6.105e-05 6.15e-05 7.14e-05 5.905e-05 6.065e-05 6.11e-05 5.74e-05 6.07e-05 6.105e-05 6.16e-05 5.825e-05 6.07e-05 6.075e-05 6.13e-05 5.89e-05 5.73e-05 5.955e-05 5.915e-05 6.055e-05 6.92e-05 6.155e-05 6.16e-05 6.12e-05 6.05e-05 6.08e-05 5.995e-05 7.13e-05 7.185e-05 6.115e-05 5.88e-05 6.02e-05 6.075e-05 5.935e-05 5.93e-05 5.865e-05 6.175e-05 6.045e-05 5.88e-05
35 1.67e-05 7.885e-05 4.82e-05 4.99e-05 1.975e-05 5.975e-05 0.0001012 6.165e-05 1.895e-05 1.785e-05 5.995e-05 1.775e-05 1.925e-05 5.995e-05 7.115e-05 6.05e-05 4.96e-05 4.85e-05 0.00011525 5.99e-05 0.0001008 1.835e-05 6.14e-05 1.86e-05 1.775e-05 8.99e-05 0.00010355 6.055e-05 4.94e-05 1.91e-05 0.00010115 1.93e-05 4.845e-05 1.86e-05 6.07e-05 3.05e-05 6.035e-05 1.845e-05 7.135e-05 1.55e-05 0.00011345 5.825e-05 0.00015445 1.93e-05 3.035e-05 5.805e-05 0.0001139 1.875e-05 1.79e-05 0.00011345 4.93e-05 2e-05 7.31e-05 1.77e-05 6.1e-05 5.975e-05 5.985e-05 1.96e-05 5.845e-05 1.795e-05 7.32e-05 1.925e-05 1.88e-05 1.675e-05 3.075e-05 1.87e-05 3.15e-05 6.025e-05 6.08e-05 3.155e-05 1.8e-05 1.725e-05 5.965e-05 5.96e-05 5.965e-05 1.915e-05 6.145e-05 1.88e-05 6.16e-05 9.115e-05 5.945e-05 3.04e-05 1.665e-05 1.945e-05 4.9e-05 5.895e-05 1.825e-05 4.87e-05 6.085e-05 2.935e-05 1.935e-05 1.85e-05 1.775e-05 6.04e-05 1.79e-05 6.105e-05 1.825e-05 4.71e-05 0.0001012 1.85e-05
36 6.06e-05 5.945e-05 5.835e-05 6.05e-05 6.07e-05 5.895e-05 5.805e-05 6.115e-05 5.94e-05 5.755e-05 5.955e-05 6.1e-05 6.005e-05 5.93e-05 7.31e-05 6.045e-05 5.945e-05 5.935e-05 7.33e-05 5.91e-05 5.785e-05 5.87e-05 5.975e-05 5.76e-05 5.87e-05 5.825e-05 6.1e-05 5.94e-05 5.99e-05 6.01e-05 5.775e-05 5.895e-05 5.965e-05 5.885e-05 6.08e-05 6.035e-05 0.0001139 5.88e-05 7.33e-05 6.04e-05 0.00015475 5.92e-05 0.0001535 5.895e-05 7.25e-05 5.965e-05 0.0001537 5.895e-05 5.86e-05 0.00015205 5.995e-05 5.955e-05 5.83e-05 5.865e-05 5.925e-05 5.94e-05 5.77e-05 6.01e-05 6.04e-05 5.965e-05 5.865e-05 6.01e-05 5.755e-05 5.935e-05 7.235e-05 6.055e-05 5.775e-05 5.845e-05 6.065e-05 5.78e-05 5.84e-05 5.95e-05 6.065e-05 5.8e-05 5.805e-05 5.88e-05 5.96e-05 6.035e-05 6.11e-05 6.045e-05 5.785e-05 7.27e-05 5.94e-05 5.895e-05 5.845e-05 5.75e-05 5.745e-05 6.045e-05 7.22e-05 7.33e-05 5.765e-05 5.875e-05 6.11e-05 5.79e-05 5.86e-05 5.99e-05 5.87e-05 6.03e-05 5.78e-05 5.875e-05
37 1.845e-05 6.45e-05 3.35e-05 3.7e-05 5.65e-06 5.9e-05 0.0001126 5.96e-05 6.55e-06 2.8e-06 5.815e-05 1.86e-05 5.2e-06 5.825e-05 8.475e-05 6.075e-05 3.56e-05 3.41e-05 0.0001269 5.81e-05 0.0001113 2.7e-06 5.955e-05 3.6e-06 5.15e-06 8.86e-05 0.000113 5.865e-05 3.555e-05 3.3e-06 0.00011245 4.15e-06 3.59e-05 6.05e-06 6.125e-05 1.845e-05 5.88e-05 5.4e-06 8.495e-05 1.85e-05 0.000102 7.17e-05 0.0001548 4.15e-06 3.04e-05 7.15e-05 0.0001012 4.75e-06 5e-06 9.975e-05 3.565e-05 6.05e-06 8.355e-05 5.1e-06 5.915e-05 5.99e-05 5.825e-05 5.05e-06 7.145e-05 7.2e-06 8.445e-05 4.65e-06 4.65e-06 1.665e-05 2.865e-05 5.5e-06 2.98e-05 5.82e-05 6.105e-05 2.985e-05 3.25e-06 1.735e-05 6.07e-05 5.75e-05 5.755e-05 4e-06 5.96e-05 7.3e-06 5.955e-05 8.96e-05 5.735e-05 3.04e-05 1.67e-05 4.4e-06 3.435e-05 5.73e-05 3.25e-06 3.66e-05 5.88e-05 4.205e-05 4.4e-06 5.95e-06 1.89e-05 5.755e-05 5e-06 5.915e-05 5.7e-06 4.75e-05 0.0001125 5.95e-06
38 7.21e-05 8.505e-05 8.445e-05 8.43e-05 8.515e-05 7.26e-05 6.16e-05 7.36e-05 8.385e-05 8.415e-05 7.39e-05 7.14e-05 8.48e-05 7.355e-05 5.835e-05 7.23e-05 8.42e-05 8.51e-05 5.95e-05 7.385e-05 6.12e-05 8.485e-05 7.28e-05 8.45e-05 8.365e-05 7.33e-05 6.175e-05 7.225e-05 8.39e-05 8.58e-05 6.175e-05 8.54e-05 8.46e-05 8.41e-05 7.19e-05 7.135e-05 7.33e-05 8.495e-05 0.0001165 7.115e-05 0.0001668 5.985e-05 0.00015465 8.54e-05 7.21e-05 6.005e-05 0.00016665 8.4e-05 8.41e-05 0.00016685 8.45e-05 8.485e-05 6.165e-05 8.36e-05 7.25e-05 7.29e-05 7.32e-05 8.49e-05 6.03e-05 8.405e-05 6.205e-05 8.47e-05 8.48e-05 7.14e-05 7.325e-05 8.485e-05 7.305e-05 7.345e-05 7.245e-05 7.31e-05 8.465e-05 7.145e-05 7.265e-05 7.305e-05 7.31e-05 8.525e-05 7.275e-05 8.36e-05 7.355e-05 7.285e-05 7.29e-05 7.255e-05 7.12e-05 8.555e-05 8.485e-05 7.27e-05 8.42e-05 8.435e-05 7.295e-05 5.975e-05 8.485e-05 8.4e-05 7.12e-05 7.295e-05 8.41e-05 7.28e-05 8.38e-05 7.16e-05 6.18e-05 8.4e-05
39 1.685e-05 7.89e-05 4.825e-05 4.995e-05 1.98e-05 5.98e-05 0.00010125 6.17e-05 1.9e-05 1.79e-05 6e-05 1.79e-05 1.93e-05 6e-05 7.11e-05 6.055e-05 4.965e-05 4.855e-05 0.0001153 5.995e-05 0.00010085 1.84e-05 6.145e-05 1.865e-05 1.78e-05 8.995e-05 0.0001036 6.06e-05 4.945e-05 1.915e-05 0.0001012 1.935e-05 4.85e-05 1.865e-05 6.075e-05 1.55e-05 6.04e-05 1.85e-05 7.115e-05 3.06e-05 0.0001135 5.81e-05 0.0001545 1.935e-05 3.04e-05 5.8e-05 0.00011395 1.88e-05 1.795e-05 0.0001135 4.935e-05 2.005e-05 7.315e-05 1.775e-05 6.105e-05 5.98e-05 5.99e-05 1.965e-05 5.84e-05 1.8e-05 7.325e-05 1.93e-05 1.885e-05 1.68e-05 3.08e-05 1.875e-05 3.155e-05 6.03e-05 6.085e-05 3.16e-05 1.805e-05 1.72e-05 5.97e-05 5.965e-05 5.97e-05 1.92e-05 6.15e-05 1.885e-05 6.165e-05 9.12e-05 5.95e-05 3.045e-05 1.66e-05 1.95e-05 4.905e-05 5.9e-05 1.83e-05 4.875e-05 6.09e-05 2.93e-05 1.94e-05 1.855e-05 1.77e-05 6.045e-05 1.795e-05 6.11e-05 1.83e-05 4.705e-05 0.00010125 1.855e-05
