 slim_337124281 slim_337112006 slim_337123747 slim_337122345 slim_337112497 slim_337117810 slim_337113080 slim_337110567 slim_337124752 slim_337118029 slim_337118962 slim_337123168 slim_337124443 slim_337096806 slim_337122457 slim_337122478 slim_337125122 slim_337105774 slim_337121107 slim_337122759 slim_337123855 slim_337123664 slim_337121207 slim_337060544 slim_337097304 slim_337115774 slim_337118905 slim_337121154 slim_337121816 slim_337125195 slim_337098358 slim_337118969 slim_337112323 slim_337120386 slim_337123120 slim_337108229 slim_337108453 slim_337108831 slim_337122849 slim_337119302 slim_337099928 slim_337124388 slim_337093587 slim_337120820 slim_337122407 slim_337120240 slim_337115047 slim_337109069 slim_337122537 slim_337123997 slim_337121686 slim_337121129 slim_337116267 slim_337114064 slim_337125349 slim_337105603 slim_337118852 slim_337120764 slim_337120758 slim_337120978 slim_337117839 slim_337122765 slim_337116886 slim_337118656 slim_337117859 slim_337107097 slim_337115969 slim_337125213 slim_337117049 slim_337110170 slim_337118313 slim_337116427 slim_337118479 slim_337107207 slim_337104782 slim_337125008 slim_337122751 slim_337113179 slim_337118259 slim_337116059 slim_337112615 slim_337113012 slim_337113861 slim_337102794 slim_337118101 slim_337122104 slim_337110675 slim_337124090 slim_337123646 slim_337077282 slim_337117467 slim_337098348 slim_337111910 slim_337122122 slim_337118694 slim_337121003 slim_337122094 slim_337114890 slim_337118973 slim_337076175
0 0.0008224 0.000771 0.0008919 0.00089875 0.00076005 0.0008669 0.00083345 0.00082815 0.0008686 0.0008315 0.00076255 0.00085215 0.0008833 0.00077955 0.0007944 0.000788 0.0008356 0.00084615 0.0008363 0.0008184 0.0007736 0.00083075 0.0007709 0.00082125 0.00089575 0.00087025 0.0007726 0.00085485 0.00085715 0.0008494 0.0008906 0.00082835 0.00080155 0.00082185 0.00086145 0.0008623 0.00086365 0.0008729 0.00086465 0.0008333 0.0008196 0.00085855 0.00076495 0.0008451 0.00083155 0.0008377 0.00087465 0.0008114 0.00080185 0.0008961 0.000817 0.000816 0.00089195 0.0008721 0.00081425 0.0008865 0.0008881 0.00086395 0.00087645 0.0008709 0.00082135 0.00085195 0.00090115 0.000888 0.0008077 0.0008649 0.00084755 0.0008616 0.00087415 0.00082305 0.00065625 0.00083795 0.0008478 0.00082825 0.00092175 0.0008814 0.00088565 0.0008857 0.0007967 0.00087845 0.000759 0.00084445 0.00071705 0.0008464 0.00078305 0.00083465 0.0008208 0.0008563 0.00083965 0.00087125 0.000823 0.00081315 0.0008693 0.00082355 0.0008706 0.00084155 0.0008584 0.00082035 0.0008737 0.00085715
1 0.000771 0.0007727 0.00087545 0.00086845 0.00074665 0.00083425 0.0008365 0.00081475 0.00085335 0.00088025 0.00087095 0.00084905 0.00078865 0.0007797 0.00079275 0.00086045 0.0008414 0.00085075 0.00083695 0.00086145 0.00083295 0.0008317 0.00083935 0.00085825 0.0008909 0.0008409 0.00080125 0.0008442 0.0008537 0.00085505 0.00087535 0.00083165 0.00079085 0.0008991 0.0008522 0.00082465 0.0008558 0.00080965 0.00085035 0.00081265 0.00080575 0.00085965 0.00086745 0.00087685 0.00086615 0.0008327 0.0008615 0.000823 0.0008878 0.0008753 0.0008099 0.0008604 0.0008648 0.00083555 0.0008502 0.00084465 0.0008553 0.000884 0.00085755 0.00080745 0.00074585 0.00087695 0.00087075 0.000865 0.0007271 0.0008344 0.000833 0.0008393 0.00085875 0.00086595 0.0008304 0.00088305 0.00077435 0.00085075 0.00086155 0.00084715 0.000837 0.0008845 0.0007545 0.00085605 0.0008232 0.00081425 0.00079555 0.00077395 0.0008272 0.00080245 0.00087245 0.0007456 0.0008506 0.0008917 0.0007612 0.00075955 0.0008535 0.00084335 0.0008522 0.0008565 0.00083625 0.00085435 0.00089625 0.000883
2 0.0008919 0.00087545 0.0009125 0.0008456 0.00089595 0.00089585 0.0008299 0.0008985 0.00084155 0.00091455 0.0009192 0.00085485 0.00084595 0.0008839 0.0009024 0.00089215 0.0008864 0.00088595 0.0008831 0.0008701 0.0008862 0.0009131 0.0008896 0.00088725 0.00082685 0.0008916 0.00086265 0.00092535 0.00082605 0.00085065 0.00085605 0.0009293 0.0009348 0.00083295 0.0008386 0.0008838 0.0008884 0.00087485 0.00083895 0.00089175 0.0008327 0.00090575 0.00087985 0.00087825 0.0009034 0.0008851 0.00091135 0.00089395 0.00087975 0.0008712 0.0008767 0.00090795 0.0009098 0.0008909 0.00091705 0.000882 0.00088445 0.0008647 0.0008841 0.000939 0.00085435 0.000931 0.0008466 0.00092995 0.00086145 0.0008683 0.0008513 0.00088075 0.0008946 0.00093155 0.00086195 0.0009312 0.0008746 0.00087665 0.0008844 0.00082255 0.00083845 0.0008741 0.00087575 0.0008914 0.0008696 0.00088765 0.0008328 0.00089245 0.00094415 0.00085365 0.00088845 0.00092705 0.0008948 0.00084495 0.00085805 0.0009119 0.0009071 0.00089945 0.00087535 0.00079305 0.00082685 0.0008868 0.00091295 0.00087265
3 0.00089875 0.00086845 0.0008456 0.0009086 0.00082635 0.0008958 0.00086885 0.0008773 0.0008023 0.00091255 0.00089865 0.0008534 0.0008402 0.0008475 0.00091185 0.00087015 0.0008467 0.0008571 0.0008988 0.00079465 0.000905 0.0008951 0.0008644 0.0009288 0.00089075 0.00088025 0.0008924 0.0008875 0.0008551 0.0008291 0.00088305 0.00088115 0.00092335 0.00089745 0.0008286 0.00085615 0.00086705 0.00088095 0.0008653 0.00089475 0.0008836 0.00090305 0.00090755 0.0009258 0.0008617 0.00090065 0.00086755 0.00084345 0.0008401 0.00085565 0.0008498 0.0008897 0.0008791 0.00085795 0.00093915 0.00092635 0.00086815 0.0009203 0.00092075 0.00092325 0.0008025 0.0008967 0.00087735 0.0008931 0.0008324 0.0008688 0.00089415 0.0008969 0.000824 0.0009465 0.00086975 0.0008726 0.0008793 0.00085155 0.0008544 0.00086755 0.00090585 0.00066835 0.00094625 0.0008537 0.00090125 0.0009186 0.00086315 0.0009311 0.00084965 0.00089465 0.000868 0.00087025 0.00088805 0.00082075 0.00087735 0.0008179 0.0008709 0.0008949 0.0008944 0.00084345 0.00088 0.00093145 0.0009104 0.00087985
4 0.00076005 0.00074665 0.00089595 0.00082635 0.0008379 0.0009191 0.000833 0.00088635 0.00086635 0.00085105 0.00078 0.00085495 0.00085965 0.00086795 0.0008178 0.0008677 0.0008309 0.0008707 0.0008013 0.00081255 0.00084085 0.00085735 0.0008487 0.0008298 0.00088955 0.00084385 0.0008307 0.00083435 0.0008473 0.00086095 0.00083265 0.0008469 0.00086325 0.00086485 0.00080955 0.00085685 0.000861 0.00080965 0.0008284 0.00087775 0.00086765 0.0008754 0.0008518 0.0008942 0.00088775 0.00083405 0.00083005 0.0008205 0.0008879 0.0008593 0.00081685 0.00073235 0.00086815 0.0008538 0.000896 0.0008747 0.0008833 0.00090605 0.0008846 0.00085995 0.00081415 0.000864 0.00087865 0.0008641 0.0008198 0.00084925 0.00088435 0.00088145 0.00086475 0.00087865 0.00077405 0.0008832 0.0008714 0.0008511 0.00080495 0.0008275 0.00085435 0.00082505 0.0008126 0.00086375 0.00083665 0.0008311 0.00081815 0.0008432 0.00085315 0.0008449 0.0008688 0.0008796 0.000853 0.0008933 0.000776 0.0008398 0.0008994 0.0008073 0.00089125 0.00089145 0.00089555 0.00085265 0.0008597 0.00090805
5 0.0008669 0.00083425 0.00089585 0.0008958 0.0009191 0.000902 0.0008608 0.00083665 0.00084775 0.0009017 0.0008546 0.00088605 0.00084735 0.000876 0.00088335 0.00089895 0.00088445 0.0008964 0.00083395 0.0009187 0.00088405 0.0008772 0.00087075 0.00087785 0.0009245 0.00087675 0.00086955 0.0008887 0.00088185 0.0009169 0.0008919 0.0009064 0.0009203 0.0009094 0.0008996 0.0008741 0.0009157 0.0008862 0.000857 0.0008608 0.0009014 0.00089015 0.00087255 0.0008639 0.0008449 0.0008659 0.0009247 0.00090335 0.00083215 0.0008732 0.00085285 0.00089845 0.0008732 0.00086005 0.0009333 0.0008989 0.0009441 0.00086615 0.0008127 0.00088885 0.00085295 0.0009283 0.00089185 0.00088685 0.00091795 0.00087235 0.00087135 0.000814 0.00081065 0.0008936 0.0008639 0.00089095 0.0008615 0.0008626 0.00086905 0.0009391 0.00086655 0.00088815 0.0008447 0.00085555 0.00088275 0.00086735 0.00081725 0.0009013 0.0009108 0.00085755 0.0009064 0.0008754 0.0008751 0.00084945 0.000908 0.0009016 0.00088625 0.0009186 0.00091065 0.00081945 0.00085885 0.00084465 0.00089715 0.00088605
6 0.00083345 0.0008365 0.0008299 0.00086885 0.000833 0.0008608 0.0007668 0.00087245 0.0008149 0.00086475 0.00083025 0.00082575 0.00080885 0.00076855 0.00087175 0.00088195 0.00082905 0.00087335 0.0008558 0.0008977 0.0008448 0.00088085 0.00081885 0.00081435 0.0008732 0.0008157 0.0007986 0.0008563 0.00067105 0.00089045 0.00072595 0.00089105 0.0008813 0.00086375 0.0008197 0.0008052 0.0008437 0.00084345 0.0007256 0.0008505 0.00083475 0.0008875 0.00084795 0.00088475 0.00085325 0.0008257 0.00079115 0.00082275 0.0008405 0.00085085 0.00081315 0.0008522 0.0008209 0.000771 0.00088985 0.00086225 0.00087725 0.0008738 0.00084195 0.000883 0.00080445 0.00090955 0.00085475 0.00081545 0.00076455 0.0008351 0.0007934 0.00084925 0.00083605 0.0008664 0.00084465 0.00087105 0.0008539 0.000844 0.00088195 0.0008275 0.00079685 0.00086545 0.0008501 0.00091165 0.0008251 0.0008168 0.00075375 0.00087635 0.00084555 0.0008866 0.0008617 0.00085035 0.0008729 0.00080585 0.00086925 0.0008589 0.00086535 0.00081645 0.0008238 0.00078185 0.00085945 0.0008289 0.0008749 0.0008291
7 0.00082815 0.00081475 0.0008985 0.0008773 0.00088635 0.00083665 0.00087245 0.0008301 0.0008476 0.0008915 0.0007981 0.00086635 0.00082455 0.0008092 0.00081075 0.0008462 0.0008952 0.00086505 0.00088205 0.00087955 0.0008749 0.0009011 0.0008103 0.0008518 0.00086915 0.00089935 0.0008692 0.0008791 0.0008791 0.00086895 0.0009099 0.0007949 0.0007839 0.00089505 0.0008593 0.00088145 0.00090385 0.00080375 0.0008893 0.0009175 0.0008542 0.00082785 0.0009016 0.0008996 0.00085965 0.0008702 0.00089335 0.000876 0.00089825 0.00085035 0.000849 0.0008749 0.0008899 0.0008428 0.0009142 0.0008606 0.0008181 0.00090925 0.0008966 0.0008746 0.00083345 0.00083205 0.0008966 0.0008847 0.00081275 0.0008043 0.00086225 0.00086475 0.00090215 0.00090415 0.0008659 0.0008564 0.0006748 0.0008262 0.0009045 0.00081875 0.00078765 0.00087555 0.0008319 0.0008807 0.0008607 0.00085155 0.00087615 0.00091315 0.0008224 0.00084465 0.00086465 0.00083255 0.0008737 0.00088845 0.0008044 0.0008738 0.0008437 0.0008985 0.0009014 0.00087915 0.00086915 0.00083215 0.00087825 0.0008105
8 0.0008686 0.00085335 0.00084155 0.0008023 0.00086635 0.00084775 0.0008149 0.0008476 0.0008006 0.0008582 0.0008065 0.00073645 0.0007585 0.00088285 0.00089975 0.00084265 0.000805 0.00085475 0.0007861 0.0008247 0.0008714 0.00086385 0.0007868 0.0008234 0.0008351 0.00088565 0.00084725 0.00085125 0.00081335 0.00077755 0.0008487 0.0008607 0.000879 0.0008425 0.00083835 0.0008313 0.00080345 0.0008675 0.00077245 0.00089185 0.0008595 0.00081165 0.00087045 0.00086185 0.000893 0.00082015 0.0008247 0.00084115 0.0008905 0.0007895 0.00074465 0.00088575 0.0008686 0.0008116 0.0008794 0.00082325 0.000829 0.0008586 0.00079735 0.0009023 0.0007804 0.00089375 0.0008843 0.00080045 0.00084425 0.0008111 0.00082515 0.0007561 0.0008498 0.00088725 0.0008863 0.00087755 0.0007864 0.0008447 0.00080515 0.00078885 0.0007775 0.00083535 0.00088425 0.0008465 0.0007912 0.0008953 0.0008556 0.0008734 0.00087245 0.00086405 0.00087605 0.00088655 0.00085735 0.00078405 0.0008536 0.0008431 0.0008816 0.0008627 0.00086185 0.00081775 0.00087985 0.0008713 0.00081935 0.00083
9 0.0008315 0.00088025 0.00091455 0.00091255 0.00085105 0.0009017 0.00086475 0.0008915 0.0008582 0.0009488 0.00087975 0.00092645 0.0008851 0.00087005 0.00084345 0.00087645 0.00085555 0.000903 0.00088955 0.00084955 0.00088925 0.0008894 0.0008835 0.00089655 0.00090365 0.0009072 0.00086975 0.0008957 0.00087245 0.000911 0.0009016 0.0009023 0.000869 0.00088365 0.0008902 0.0008848 0.00090505 0.00087075 0.00085835 0.0009147 0.0008436 0.0009117 0.0008184 0.00086655 0.0008514 0.0008755 0.00083005 0.00087255 0.0008338 0.00083925 0.0008566 0.0008515 0.00081625 0.0009064 0.0009059 0.0009084 0.00085415 0.0008965 0.00088185 0.00088985 0.0008455 0.0008958 0.00091515 0.0009071 0.00085155 0.00088675 0.0008307 0.00088255 0.0008912 0.00088845 0.00083295 0.0008955 0.00087925 0.00083215 0.0009083 0.00087995 0.0008871 0.00089635 0.0008737 0.0008896 0.00086905 0.000865 0.00085205 0.0009034 0.0008864 0.0008408 0.00086595 0.00093365 0.00091425 0.0009311 0.0008716 0.0008969 0.00088785 0.00088185 0.00088565 0.0008908 0.00090515 0.000861 0.0009088 0.000874
10 0.00076255 0.00087095 0.0009192 0.00089865 0.00078 0.0008546 0.00083025 0.0007981 0.0008065 0.00087975 0.0008386 0.00075525 0.00084395 0.00084855 0.00083755 0.0008402 0.00082325 0.00083045 0.0008371 0.0008698 0.00079685 0.00088035 0.00078345 0.00080605 0.00088535 0.00087285 0.0008233 0.00084995 0.00085855 0.00087125 0.00086315 0.000849 0.0008658 0.000864 0.00085145 0.0009016 0.0008753 0.00090785 0.00080985 0.00085135 0.0008921 0.0008649 0.00085295 0.0008846 0.0008642 0.0008334 0.0008582 0.00084165 0.0008381 0.0008599 0.00082255 0.00066345 0.0008689 0.00088885 0.0008361 0.00085425 0.0009035 0.00088095 0.0008301 0.0008855 0.0008157 0.0008641 0.0008528 0.00086185 0.0008801 0.00085735 0.0008638 0.0008669 0.00088345 0.00083435 0.0008397 0.0008657 0.0008461 0.00086095 0.00088335 0.00081255 0.00083145 0.00085535 0.00084615 0.0008594 0.00078755 0.00082645 0.0008568 0.00094145 0.0008207 0.0008598 0.00088745 0.00085415 0.00084445 0.0008753 0.0008771 0.000814 0.0009162 0.000898 0.00087475 0.0008676 0.0008892 0.0008199 0.000845 0.0008776
11 0.00085215 0.00084905 0.00085485 0.0008534 0.00085495 0.00088605 0.00082575 0.00086635 0.00073645 0.00092645 0.00075525 0.0007863 0.00079215 0.00086565 0.0008834 0.00086645 0.0007969 0.00080725 0.00083785 0.00084845 0.00082895 0.0008939 0.0007555 0.00092165 0.00084435 0.00087195 0.00086565 0.0008791 0.0007833 0.0008128 0.00093755 0.00089085 0.00087665 0.00082135 0.0008153 0.00089365 0.0008549 0.00090605 0.00085215 0.0008587 0.00087625 0.000844 0.0008741 0.0009104 0.0009009 0.00088285 0.00086575 0.00082525 0.0008955 0.00081515 0.0008053 0.00084265 0.0008635 0.0008645 0.00085645 0.00077715 0.0008875 0.00085265 0.0009114 0.00088365 0.0008193 0.00091475 0.00086565 0.0008565 0.00083385 0.0008492 0.00083595 0.00086505 0.00090635 0.00090565 0.0008761 0.0008777 0.00085735 0.00083705 0.00079535 0.00085415 0.0008431 0.0008632 0.0009071 0.00088815 0.00082015 0.00088545 0.0008972 0.00087575 0.0008353 0.00087265 0.00085795 0.0008689 0.0008918 0.0008345 0.0008609 0.00086395 0.00083175 0.00083025 0.00086045 0.0007016 0.00086195 0.00089265 0.0008525 0.0007992
12 0.0008833 0.00078865 0.00084595 0.0008402 0.00085965 0.00084735 0.00080885 0.00082455 0.0007585 0.0008851 0.00084395 0.00079215 0.0008381 0.00081715 0.0008827 0.00084 0.00086475 0.000835 0.00081065 0.0008527 0.00083685 0.0008456 0.00077515 0.00086795 0.00087025 0.00087405 0.0008381 0.00087345 0.00081875 0.0008382 0.00090825 0.00085615 0.00088605 0.0008441 0.00082765 0.0008455 0.00083315 0.00080915 0.0007352 0.0008448 0.00083635 0.00082245 0.0008751 0.00086065 0.0007969 0.00088995 0.0008508 0.0008113 0.0008552 0.00079895 0.0006617 0.0008701 0.00088125 0.00084145 0.0009178 0.0008115 0.0008627 0.00084725 0.0008694 0.0008768 0.0006409 0.0009307 0.0008197 0.00080345 0.0008839 0.00084355 0.0008264 0.00083395 0.00085015 0.00088015 0.00086495 0.00087735 0.00074095 0.00080765 0.00081515 0.00084155 0.0007934 0.00084055 0.0008429 0.0008655 0.00082045 0.00087385 0.0008547 0.00089785 0.000848 0.0008927 0.0008915 0.0008165 0.00084225 0.00085825 0.00086675 0.0008825 0.00086875 0.000862 0.00087315 0.000844 0.0008798 0.0008729 0.0008234 0.0008373
13 0.00077955 0.0007797 0.0008839 0.0008475 0.00086795 0.000876 0.00076855 0.0008092 0.00088285 0.00087005 0.00084855 0.00086565 0.00081715 0.0008492 0.00079845 0.00072535 0.00089745 0.0008847 0.00088965 0.00087515 0.0008199 0.00086325 0.0008096 0.00087165 0.00092235 0.00085875 0.00080915 0.00089515 0.0007823 0.0008867 0.00086325 0.00080725 0.00084115 0.0008748 0.0008152 0.0008111 0.00087455 0.0008476 0.00079585 0.000851 0.0007446 0.00086145 0.00080965 0.00088065 0.00080895 0.0009062 0.0008508 0.0008287 0.00082555 0.00086155 0.00083655 0.0008951 0.0008364 0.0008688 0.00084385 0.0008791 0.0008136 0.0008551 0.0008991 0.0008915 0.00082295 0.0008871 0.00087675 0.0008413 0.00069205 0.00087725 0.0008275 0.00087165 0.0008384 0.0008785 0.00084885 0.00082865 0.00080665 0.000759 0.0008924 0.0008694 0.0008475 0.00087075 0.00084245 0.0009039 0.000829 0.00084855 0.0008117 0.00093055 0.0008204 0.00083715 0.0008306 0.00080175 0.0008403 0.0008877 0.00087665 0.00083145 0.000792 0.00089615 0.0008462 0.000794 0.0008397 0.00087525 0.0008877 0.00086245
14 0.0007944 0.00079275 0.0009024 0.00091185 0.0008178 0.00088335 0.00087175 0.00081075 0.00089975 0.00084345 0.00083755 0.0008834 0.0008827 0.00079845 0.0008315 0.00083635 0.0008835 0.00084695 0.0008641 0.00084675 0.0008463 0.0008715 0.0008358 0.0008571 0.0008996 0.000728 0.0008409 0.00082225 0.00085885 0.000868 0.00090075 0.0008509 0.0007897 0.0008687 0.0008497 0.0008761 0.00088355 0.0008799 0.00086795 0.00083815 0.00083305 0.0008283 0.00077455 0.0008936 0.0008366 0.00087875 0.0008726 0.0008155 0.0008643 0.0008387 0.0008387 0.00086085 0.00081105 0.00084715 0.0008374 0.00085015 0.0008613 0.0008392 0.0008252 0.0008279 0.00086895 0.0007382 0.0008876 0.0008729 0.0008405 0.0008285 0.00088975 0.0008582 0.0008607 0.00085745 0.0007924 0.00084635 0.0008088 0.0008198 0.0008779 0.0008737 0.00090805 0.00087675 0.00082095 0.00086155 0.00083565 0.00077205 0.00083725 0.000887 0.0008064 0.00083015 0.000847 0.00084095 0.00089715 0.0008952 0.00079675 0.00084395 0.00087 0.0008802 0.00089215 0.0008577 0.0008969 0.00083655 0.00089995 0.0008357
15 0.000788 0.00086045 0.00089215 0.00087015 0.0008677 0.00089895 0.00088195 0.0008462 0.00084265 0.00087645 0.0008402 0.00086645 0.00084 0.00072535 0.00083635 0.0009347 0.00082005 0.00089945 0.0008142 0.00086695 0.00077285 0.000873 0.00082485 0.0008897 0.0008675 0.00091125 0.00078155 0.0008892 0.0008797 0.0008743 0.00092485 0.00085125 0.0008493 0.0008923 0.00085515 0.00078965 0.000877 0.00088355 0.0008933 0.00084765 0.0008796 0.0008452 0.00084375 0.00083145 0.0008132 0.00088145 0.00080045 0.0007792 0.0008191 0.00082345 0.0008509 0.00089325 0.0008647 0.0008537 0.00084925 0.0008653 0.0008596 0.00085875 0.00088495 0.00089415 0.0008708 0.0008963 0.00091415 0.00088905 0.0008526 0.00087755 0.00089075 0.00083925 0.00091755 0.0008909 0.0008595 0.0008353 0.00085965 0.0008374 0.0008859 0.00089115 0.000862 0.00089375 0.0008563 0.00084345 0.0008305 0.00085145 0.00084655 0.0009086 0.00083035 0.00083525 0.00082805 0.0008776 0.00087095 0.0008678 0.00086565 0.0008744 0.0008982 0.0008657 0.0008834 0.00084105 0.00088005 0.0008737 0.0008455 0.00088025
16 0.0008356 0.0008414 0.0008864 0.0008467 0.0008309 0.00088445 0.00082905 0.0008952 0.000805 0.00085555 0.00082325 0.0007969 0.00086475 0.00089745 0.0008835 0.00082005 0.0008411 0.00087575 0.00083595 0.0007921 0.0008853 0.000916 0.00086025 0.00088575 0.0008283 0.00090735 0.0008214 0.0008312 0.0008623 0.0008409 0.0008615 0.0008373 0.0008511 0.0008889 0.00083955 0.00089335 0.0008356 0.0008748 0.0008538 0.0008197 0.0008377 0.00082125 0.0008386 0.0008467 0.00084865 0.00082705 0.0008669 0.0007912 0.00085715 0.00085165 0.00077975 0.0008039 0.0008632 0.00082655 0.00085885 0.0009008 0.0008886 0.000913 0.00087335 0.0008949 0.00082165 0.00090725 0.0009223 0.0008535 0.0008159 0.0007578 0.00084345 0.00082755 0.00089705 0.00090355 0.0008443 0.00086975 0.0008827 0.0008565 0.0008326 0.0008406 0.00087525 0.00087835 0.00092545 0.00089795 0.0008514 0.00086655 0.00085595 0.00088615 0.00084055 0.00086555 0.0008798 0.00089675 0.0008737 0.00082035 0.00083955 0.0008552 0.0009012 0.0008206 0.0008511 0.0008257 0.0008587 0.0008757 0.00082105 0.0008668
17 0.00084615 0.00085075 0.00088595 0.0008571 0.0008707 0.0008964 0.00087335 0.00086505 0.00085475 0.000903 0.00083045 0.00080725 0.000835 0.0008847 0.00084695 0.00089945 0.00087575 0.0009406 0.00083425 0.000844 0.00086945 0.00087835 0.00077565 0.00091415 0.0008941 0.00082785 0.00085355 0.00086695 0.0008905 0.0008201 0.00091265 0.0008533 0.00087355 0.0008574 0.0008681 0.0009015 0.00083015 0.0009268 0.00083675 0.000885 0.00089965 0.0008183 0.00087145 0.0009093 0.00087965 0.00085855 0.0008897 0.0008546 0.00085325 0.00086255 0.0008219 0.0008254 0.000896 0.00088185 0.00089965 0.00082675 0.00091315 0.00090085 0.0008868 0.0008629 0.00082825 0.0008912 0.0008672 0.0008791 0.00085725 0.000831 0.0008689 0.00088935 0.00085925 0.00090745 0.00088915 0.00088765 0.0008684 0.0008453 0.00084765 0.0008722 0.0008874 0.00086345 0.0009011 0.0008879 0.00083075 0.0008851 0.00086895 0.00090915 0.0009088 0.0008933 0.00089965 0.00085595 0.0008767 0.0009093 0.00088205 0.00089845 0.00091645 0.0008975 0.00087465 0.00084865 0.0008776 0.0008863 0.00087625 0.0008966
18 0.0008363 0.00083695 0.0008831 0.0008988 0.0008013 0.00083395 0.0008558 0.00088205 0.0007861 0.00088955 0.0008371 0.00083785 0.00081065 0.00088965 0.0008641 0.0008142 0.00083595 0.00083425 0.0009323 0.0008528 0.00074905 0.0008712 0.00082255 0.0008723 0.0008752 0.00086445 0.00077015 0.00085605 0.0008503 0.00088565 0.00088145 0.0008856 0.000842 0.0008508 0.0008407 0.0008896 0.00082825 0.0008873 0.00082535 0.00085955 0.00088415 0.0008707 0.00084265 0.00079085 0.0008939 0.00079635 0.00084275 0.00081805 0.0008405 0.00082525 0.0007442 0.00083315 0.0008878 0.00080745 0.00088915 0.0008238 0.00090715 0.0008764 0.0007154 0.0008735 0.0008066 0.0008595 0.0008909 0.00083015 0.0008671 0.0008854 0.000858 0.00075855 0.0008913 0.0008875 0.00086605 0.00087885 0.00087205 0.000833 0.0007127 0.00087315 0.0008177 0.00089115 0.0008296 0.00087795 0.00084655 0.0008335 0.000865 0.00087395 0.0008902 0.00084665 0.00090215 0.0008849 0.00090895 0.00082215 0.0008481 0.0008701 0.0008911 0.00083295 0.00089935 0.0008264 0.00085475 0.0008526 0.00081365 0.0008905
19 0.0008184 0.00086145 0.0008701 0.00079465 0.00081255 0.0009187 0.0008977 0.00087955 0.0008247 0.00084955 0.0008698 0.00084845 0.0008527 0.00087515 0.00084675 0.00086695 0.0007921 0.000844 0.0008528 0.0008706 0.0009047 0.0008872 0.0008616 0.0009058 0.00086325 0.0009278 0.00088055 0.00085825 0.00086835 0.00083045 0.00088845 0.00084495 0.0008617 0.00089465 0.00082675 0.00091085 0.0008636 0.0008693 0.00084605 0.00086315 0.00078935 0.0008284 0.00083135 0.00087895 0.0008686 0.0008712 0.0008648 0.000803 0.00084865 0.00085665 0.00079675 0.00084625 0.00089255 0.0008941 0.0009243 0.0009153 0.00087175 0.0008963 0.0009038 0.00086225 0.00080555 0.00088635 0.00091315 0.0008924 0.00086085 0.00084475 0.00087895 0.00084895 0.0008661 0.00091735 0.00082235 0.0008782 0.00085315 0.00082935 0.0008631 0.0008349 0.00089115 0.00083025 0.00089785 0.0008652 0.0008874 0.0008945 0.0008898 0.00088895 0.0009028 0.0008467 0.0008703 0.00087975 0.0009076 0.00085415 0.00084355 0.00089655 0.00088585 0.00085025 0.00088245 0.0008553 0.0008648 0.00090855 0.00084535 0.0008506
20 0.0007736 0.00083295 0.0008862 0.000905 0.00084085 0.00088405 0.0008448 0.0008749 0.0008714 0.00088925 0.00079685 0.00082895 0.00083685 0.0008199 0.0008463 0.00077285 0.0008853 0.00086945 0.00074905 0.0009047 0.0008862 0.000854 0.00079605 0.00084795 0.0008994 0.00089185 0.00059245 0.00090955 0.0008823 0.0008934 0.0009142 0.0006816 0.00086885 0.0008682 0.00085765 0.00087365 0.00086485 0.0008824 0.00085105 0.00084035 0.0008887 0.00084965 0.0008711 0.0008014 0.00090955 0.0008786 0.0008489 0.00082015 0.00083 0.0008397 0.00086495 0.0008483 0.00089545 0.0008638 0.000768 0.0008735 0.00090315 0.0008752 0.0008006 0.00086905 0.0008575 0.0009091 0.000863 0.0008541 0.00086675 0.00084115 0.0008397 0.000887 0.0008542 0.00085905 0.00084715 0.0008591 0.00085935 0.000851 0.00090065 0.00089205 0.0008282 0.0008944 0.0008012 0.00089285 0.0008269 0.0008534 0.00084085 0.000913 0.0008269 0.00083895 0.0008698 0.0008659 0.0008759 0.00088295 0.00088305 0.00084365 0.0008593 0.00084055 0.0008767 0.0008469 0.0008773 0.0008592 0.0008608 0.0008731
21 0.00083075 0.0008317 0.0009131 0.0008951 0.00085735 0.0008772 0.00088085 0.0009011 0.00086385 0.0008894 0.00088035 0.0008939 0.0008456 0.00086325 0.0008715 0.000873 0.000916 0.00087835 0.0008712 0.0008872 0.000854 0.0008321 0.00087605 0.00086075 0.0009165 0.0008748 0.0008475 0.0009041 0.00084205 0.0008465 0.0008971 0.00088515 0.00090355 0.00085885 0.00087035 0.0008498 0.0009029 0.00083795 0.0008169 0.0006567 0.0008815 0.0008685 0.00087965 0.00088315 0.0008335 0.00085875 0.00088535 0.00088475 0.00085625 0.0008307 0.00086395 0.0008774 0.00091045 0.00087605 0.0008858 0.0009 0.00086655 0.00072415 0.0008768 0.00084835 0.00085455 0.00092695 0.00087325 0.00091935 0.00084495 0.00091705 0.000873 0.00088565 0.0007589 0.00059905 0.00082035 0.00087245 0.00083265 0.00088195 0.00090875 0.00086725 0.00081815 0.00090815 0.0008705 0.0008666 0.00082615 0.000898 0.0008751 0.00079045 0.0009222 0.0008615 0.0008683 0.0008629 0.0009016 0.0008155 0.00083025 0.00082195 0.0008623 0.00075615 0.0008435 0.0008876 0.00086215 0.0008237 0.0008417 0.0008706
22 0.0007709 0.00083935 0.0008896 0.0008644 0.0008487 0.00087075 0.00081885 0.0008103 0.0007868 0.0008835 0.00078345 0.0007555 0.00077515 0.0008096 0.0008358 0.00082485 0.00086025 0.00077565 0.00082255 0.0008616 0.00079605 0.00087605 0.0007594 0.00088675 0.0008536 0.00085895 0.00075175 0.00087335 0.00086095 0.0007783 0.00093235 0.00081345 0.00082595 0.000808 0.0008283 0.00085675 0.0008077 0.0008887 0.00083 0.0008389 0.00086815 0.0007868 0.0007938 0.00086765 0.00083575 0.0008702 0.00083115 0.000832 0.00089255 0.00085415 0.00087905 0.0008521 0.0008856 0.00082555 0.000812 0.00076205 0.0008978 0.00088435 0.00084785 0.00083575 0.0008453 0.000877 0.000857 0.00081285 0.0008159 0.00085885 0.0008522 0.0008083 0.00086785 0.000877 0.0008658 0.0008425 0.00078705 0.0008208 0.0008704 0.00089075 0.0008053 0.0008824 0.00085325 0.00089925 0.00075125 0.0008594 0.00084155 0.0009048 0.0007909 0.000883 0.0008608 0.00081005 0.00085935 0.00084545 0.0008847 0.0008654 0.0008503 0.0008537 0.0008565 0.000773 0.00087865 0.00083185 0.0007998 0.0008265
23 0.00082125 0.00085825 0.00088725 0.0009288 0.0008298 0.00087785 0.00081435 0.0008518 0.0008234 0.00089655 0.00080605 0.00092165 0.00086795 0.00087165 0.0008571 0.0008897 0.00088575 0.00091415 0.0008723 0.0009058 0.00084795 0.00086075 0.00088675 0.0007801 0.0009025 0.0007959 0.00086065 0.0008439 0.00085215 0.00089645 0.00084 0.0008566 0.0008483 0.00086925 0.0008487 0.00080285 0.00089495 0.0008472 0.0007626 0.00086055 0.00083415 0.00085675 0.0009009 0.00088715 0.00089295 0.00087565 0.00087575 0.0008788 0.0008671 0.0008612 0.0008502 0.00086765 0.00090675 0.000875 0.00089265 0.00086995 0.0008523 0.00087015 0.00086825 0.00088755 0.0008418 0.00088395 0.0008359 0.00084795 0.0008578 0.00081945 0.0008111 0.0008326 0.00085025 0.000854 0.0008009 0.0008548 0.00089325 0.0008413 0.00090215 0.000822 0.00086055 0.0009021 0.0008325 0.00088895 0.00081795 0.0008128 0.00076855 0.00089925 0.0009129 0.00086755 0.0008576 0.0008781 0.00085935 0.0008777 0.00082765 0.000876 0.00089205 0.00086405 0.00086775 0.0008615 0.0009125 0.00086455 0.00085115 0.00089475
24 0.00089575 0.0008909 0.00082685 0.00089075 0.00088955 0.0009245 0.0008732 0.00086915 0.0008351 0.00090365 0.00088535 0.00084435 0.00087025 0.00092235 0.0008996 0.0008675 0.0008283 0.0008941 0.0008752 0.00086325 0.0008994 0.0009165 0.0008536 0.0009025 0.0009493 0.00089705 0.00088085 0.00091405 0.000904 0.0009067 0.0009019 0.00091395 0.00085005 0.00092445 0.00080615 0.0008416 0.00085735 0.00090765 0.00089325 0.000853 0.00087235 0.0008282 0.00089635 0.00089925 0.00089185 0.00087365 0.0008585 0.00083975 0.00090425 0.0008798 0.00086035 0.00089845 0.00091465 0.00086575 0.00091785 0.000832 0.0008868 0.00087055 0.0008949 0.0009102 0.0008584 0.00089415 0.00090255 0.0009095 0.000864 0.0008837 0.000865 0.0008759 0.00091915 0.00088295 0.00090995 0.0009046 0.0008432 0.0008403 0.00082735 0.0008552 0.00086385 0.0008482 0.0008983 0.0008617 0.0009048 0.00088245 0.00089455 0.0008933 0.0008624 0.0008026 0.0008812 0.0008796 0.00088595 0.0008671 0.0008451 0.0009149 0.0008872 0.00085805 0.00087585 0.00086405 0.00088995 0.0008705 0.0008087 0.0008322
25 0.00087025 0.0008409 0.0008916 0.00088025 0.00084385 0.00087675 0.0008157 0.00089935 0.00088565 0.0009072 0.00087285 0.00087195 0.00087405 0.00085875 0.000728 0.00091125 0.00090735 0.00082785 0.00086445 0.0009278 0.00089185 0.0008748 0.00085895 0.0007959 0.00089705 0.0009021 0.00085285 0.0008681 0.00086145 0.00089455 0.00087515 0.00092685 0.00086755 0.00082025 0.00086125 0.0008705 0.0008305 0.0008937 0.0008364 0.0008425 0.0008934 0.0008614 0.0008831 0.00089345 0.0008893 0.00086445 0.00084 0.00085935 0.00085245 0.0008576 0.0008689 0.00087045 0.00081165 0.00083985 0.0008837 0.00088655 0.00088425 0.0008726 0.00085815 0.0008738 0.0008618 0.00086295 0.0008029 0.0008597 0.0008491 0.0008719 0.00087855 0.0008624 0.00078915 0.00086845 0.00088285 0.00085155 0.00088245 0.000835 0.0008577 0.00089065 0.0008527 0.0008428 0.0008833 0.00087655 0.00081995 0.00082675 0.00086405 0.00092345 0.00085445 0.00085555 0.00083305 0.000873 0.000858 0.0008825 0.0008644 0.0008667 0.0008812 0.0008682 0.0008997 0.0008322 0.0009106 0.00082095 0.00089205 0.00089875
26 0.0007726 0.00080125 0.00086265 0.0008924 0.0008307 0.00086955 0.0007986 0.0008692 0.00084725 0.00086975 0.0008233 0.00086565 0.0008381 0.00080915 0.0008409 0.00078155 0.0008214 0.00085355 0.00077015 0.00088055 0.00059245 0.0008475 0.00075175 0.00086065 0.00088085 0.00085285 0.0008726 0.0008849 0.0008842 0.0008563 0.0009015 0.00070835 0.0008601 0.00085725 0.00084685 0.00088 0.000831 0.0008545 0.00081295 0.0008372 0.0008564 0.0008509 0.00084195 0.0007857 0.0008847 0.00084285 0.0008371 0.00083025 0.0008213 0.00082865 0.00086465 0.00082515 0.0008876 0.0008263 0.0007709 0.00087065 0.0008864 0.0009025 0.00083805 0.00088925 0.00084395 0.0008948 0.00085035 0.00085115 0.0008313 0.00083385 0.0008244 0.00085285 0.00082325 0.0008661 0.00083995 0.0008702 0.00083455 0.00084605 0.00087185 0.0008756 0.0007771 0.00089465 0.00082665 0.0008834 0.0007894 0.00084455 0.0008182 0.00089995 0.00080045 0.0008587 0.00084035 0.00085375 0.0008455 0.0008491 0.00085335 0.00083685 0.00087465 0.0008142 0.00084625 0.00083315 0.00086065 0.0008393 0.0008715 0.00087095
27 0.00085485 0.0008442 0.00092535 0.0008875 0.00083435 0.0008887 0.0008563 0.0008791 0.00085125 0.0008957 0.00084995 0.0008791 0.00087345 0.00089515 0.00082225 0.0008892 0.0008312 0.00086695 0.00085605 0.00085825 0.00090955 0.0009041 0.00087335 0.0008439 0.00091405 0.0008681 0.0008849 0.000884 0.0008996 0.0008796 0.0009104 0.00092445 0.00086 0.00092255 0.00087655 0.0008993 0.0009129 0.00086465 0.00088215 0.00087555 0.00086005 0.00090975 0.0008377 0.0008265 0.00088155 0.000814 0.0008561 0.00083355 0.00089415 0.00085135 0.00080215 0.0008688 0.0008557 0.0008375 0.00093915 0.00089025 0.00083725 0.00091595 0.0008061 0.0008605 0.0008299 0.0008347 0.0008723 0.0008727 0.00087305 0.00088085 0.00084665 0.00083325 0.0009559 0.00088175 0.00084965 0.00087285 0.0008609 0.00087775 0.00081635 0.0008655 0.0008987 0.000882 0.00085375 0.00085495 0.00088605 0.0008548 0.0008703 0.00090325 0.0008552 0.00085615 0.0008993 0.0008974 0.0008753 0.0008591 0.00085735 0.0009018 0.0009409 0.0008869 0.0008848 0.0008817 0.0008666 0.0008821 0.00087635 0.0009125
28 0.00085715 0.0008537 0.00082605 0.0008551 0.0008473 0.00088185 0.00067105 0.0008791 0.00081335 0.00087245 0.00085855 0.0007833 0.00081875 0.0007823 0.00085885 0.0008797 0.0008623 0.0008905 0.0008503 0.00086835 0.0008823 0.00084205 0.00086095 0.00085215 0.000904 0.00086145 0.0008842 0.0008996 0.0007715 0.00084705 0.00082405 0.00089635 0.0009056 0.0008114 0.0008273 0.00084435 0.00087635 0.0008796 0.0007647 0.0008107 0.0007795 0.0008936 0.00088725 0.00092 0.00083395 0.0008676 0.00083825 0.0008253 0.00084495 0.00088125 0.0008011 0.00089825 0.00084685 0.00077605 0.0009244 0.00087175 0.0008773 0.0008196 0.000847 0.00082025 0.0008149 0.0008695 0.00085235 0.0008658 0.0007815 0.00085925 0.00075785 0.0008404 0.00083375 0.00081235 0.00084485 0.0008007 0.00085645 0.00082555 0.00085805 0.00082115 0.00080495 0.000872 0.0008717 0.0008807 0.0008167 0.00086125 0.00082635 0.00079625 0.0008535 0.00087985 0.000875 0.00087625 0.00089985 0.00084165 0.000843 0.0008473 0.0008065 0.0008511 0.00089465 0.00084395 0.00083265 0.00084735 0.00086085 0.0007992
29 0.0008494 0.00085505 0.00085065 0.0008291 0.00086095 0.0009169 0.00089045 0.00086895 0.00077755 0.000911 0.00087125 0.0008128 0.0008382 0.0008867 0.000868 0.0008743 0.0008409 0.0008201 0.00088565 0.00083045 0.0008934 0.0008465 0.0007783 0.00089645 0.0009067 0.00089455 0.0008563 0.0008796 0.00084705 0.000879 0.00088465 0.00086745 0.00086605 0.00083585 0.00086965 0.00088185 0.00086185 0.0008587 0.0008669 0.0008587 0.0008768 0.00082655 0.0008569 0.000904 0.00084805 0.0008733 0.0008577 0.00087255 0.0008992 0.000889 0.00082315 0.00083465 0.00091145 0.0008658 0.00089605 0.00087885 0.0008614 0.00088995 0.00089695 0.00088775 0.00083675 0.0008901 0.00087035 0.0008633 0.0008866 0.0008322 0.0008899 0.0008355 0.0008534 0.0008476 0.0008651 0.0008857 0.00082305 0.00080155 0.0008591 0.0008407 0.00084055 0.00085915 0.000853 0.0008205 0.0007302 0.00085385 0.00084735 0.0008781 0.00089 0.0008801 0.00088775 0.00088825 0.0008893 0.0008231 0.00081915 0.00089975 0.00088485 0.00089205 0.0008487 0.0008436 0.00081995 0.00085545 0.0008662 0.00089035
30 0.0008906 0.00087535 0.00085605 0.00088305 0.00083265 0.0008919 0.00072595 0.0009099 0.0008487 0.0009016 0.00086315 0.00093755 0.00090825 0.00086325 0.00090075 0.00092485 0.0008615 0.00091265 0.00088145 0.00088845 0.0009142 0.0008971 0.00093235 0.00084 0.0009019 0.00087515 0.0009015 0.0009104 0.00082405 0.00088465 0.0008308 0.0009374 0.00092215 0.00091295 0.00086665 0.00086465 0.00088485 0.0008798 0.00081155 0.00090965 0.000873 0.00091025 0.00091705 0.000947 0.00087485 0.0008432 0.0008724 0.00091685 0.0008482 0.0009534 0.00085265 0.0007162 0.00089465 0.0008997 0.00090485 0.00094695 0.0008955 0.00088295 0.0008632 0.00092665 0.0008512 0.00091975 0.00095005 0.0008807 0.0008571 0.00088705 0.00085635 0.0008986 0.0008433 0.00089695 0.00085785 0.0009327 0.00083915 0.0008676 0.0008851 0.00080655 0.0008484 0.0008575 0.0009328 0.0008821 0.0009157 0.00088155 0.0008368 0.0008953 0.00091585 0.00088325 0.00088165 0.0008873 0.0009027 0.000883 0.00091185 0.00088305 0.0008894 0.00082915 0.0008932 0.00094165 0.0007771 0.00086265 0.00090965 0.0009125
31 0.00082835 0.00083165 0.0009293 0.00088115 0.0008469 0.0009064 0.00089105 0.0007949 0.0008607 0.0009023 0.000849 0.00089085 0.00085615 0.00080725 0.0008509 0.00085125 0.0008373 0.0008533 0.0008856 0.00084495 0.0006816 0.00088515 0.00081345 0.0008566 0.00091395 0.00092685 0.00070835 0.00092445 0.00089635 0.00086745 0.0009374 0.000894 0.00085685 0.0009 0.0008574 0.0008983 0.00090575 0.00085595 0.0008784 0.0008904 0.00086885 0.0007639 0.0009041 0.0008893 0.00091365 0.0009024 0.00090055 0.00084945 0.0009036 0.00085205 0.0008883 0.0009154 0.000906 0.0008562 0.00082355 0.000858 0.00086485 0.00092205 0.0009006 0.00089495 0.0008562 0.00083405 0.00085845 0.00088725 0.000856 0.0007257 0.0008941 0.000901 0.00088585 0.00090915 0.00091755 0.0008688 0.00080185 0.00087515 0.0008951 0.00085945 0.00084605 0.0009114 0.0008552 0.00092085 0.00085275 0.000887 0.0009099 0.0009223 0.00087595 0.0008991 0.00089005 0.00083485 0.0008668 0.0009158 0.0008711 0.00087465 0.00079505 0.00087995 0.0008882 0.0008899 0.0008957 0.00091415 0.0008813 0.0008448
32 0.00080155 0.00079085 0.0009348 0.00092335 0.00086325 0.0009203 0.0008813 0.0007839 0.000879 0.000869 0.0008658 0.00087665 0.00088605 0.00084115 0.0007897 0.0008493 0.0008511 0.00087355 0.000842 0.0008617 0.00086885 0.00090355 0.00082595 0.0008483 0.00085005 0.00086755 0.0008601 0.00086 0.0009056 0.00086605 0.00092215 0.00085685 0.0008001 0.0008857 0.0008597 0.00087755 0.00088525 0.0008738 0.00091055 0.00083755 0.0008565 0.00082945 0.00084495 0.0008725 0.0008703 0.00085535 0.00087365 0.00082195 0.0009057 0.0008469 0.0008395 0.0008467 0.00081145 0.0008402 0.00085545 0.0008792 0.00086755 0.00088755 0.00090295 0.00085905 0.00084645 0.00084595 0.0008581 0.00089185 0.00071955 0.00084305 0.0008962 0.00081475 0.00091565 0.0008729 0.0008342 0.0008666 0.0009044 0.0008413 0.0008616 0.0008807 0.0008706 0.0009002 0.0008114 0.0008535 0.00085025 0.0007809 0.0008281 0.00087075 0.0008769 0.00084985 0.00086475 0.00068465 0.0009016 0.0009088 0.0007672 0.0008721 0.0008733 0.00087555 0.00084435 0.00086805 0.00083165 0.00083615 0.00083805 0.0008432
33 0.00082185 0.0008991 0.00083295 0.00089745 0.00086485 0.0009094 0.00086375 0.00089505 0.0008425 0.00088365 0.000864 0.00082135 0.0008441 0.0008748 0.0008687 0.0008923 0.0008889 0.0008574 0.0008508 0.00089465 0.0008682 0.00085885 0.000808 0.00086925 0.00092445 0.00082025 0.00085725 0.00092255 0.0008114 0.00083585 0.00091295 0.0009 0.0008857 0.0009415 0.00086655 0.00088335 0.00091455 0.00089015 0.00082705 0.0008684 0.0009005 0.0008656 0.0008057 0.00087545 0.0008891 0.00085955 0.00085905 0.00087955 0.0008887 0.0008739 0.0008471 0.00086805 0.0008921 0.00089455 0.0009024 0.0008655 0.00087875 0.0008638 0.00087955 0.00090035 0.0008698 0.00089085 0.000857 0.000867 0.0008655 0.00086955 0.0008817 0.0008468 0.0008761 0.0008759 0.0008379 0.0008513 0.00088845 0.00086625 0.00088895 0.00088765 0.00089085 0.0008751 0.00088825 0.0009069 0.0008051 0.00091085 0.00087595 0.00086315 0.0008914 0.00091005 0.000872 0.00089315 0.00086635 0.00088325 0.00088165 0.00084265 0.0008514 0.0008831 0.0009115 0.0008204 0.0009193 0.000889 0.00086715 0.0008415
34 0.00086145 0.0008522 0.0008386 0.0008286 0.00080955 0.0008996 0.0008197 0.0008593 0.00083835 0.0008902 0.00085145 0.0008153 0.00082765 0.0008152 0.0008497 0.00085515 0.00083955 0.0008681 0.0008407 0.00082675 0.00085765 0.00087035 0.0008283 0.0008487 0.00080615 0.00086125 0.00084685 0.00087655 0.0008273 0.00086965 0.00086665 0.0008574 0.0008597 0.00086655 0.0007985 0.0008221 0.000862 0.00087655 0.0008124 0.0008374 0.00083055 0.0008584 0.00084725 0.0008834 0.00087875 0.0008541 0.00085235 0.0008053 0.00086425 0.0008156 0.00082745 0.0008592 0.0008342 0.0008713 0.0008988 0.0007801 0.0008384 0.00088695 0.00090345 0.00090495 0.0008255 0.00088445 0.00088585 0.00084125 0.00082335 0.0008768 0.0008412 0.00085775 0.0008535 0.00086395 0.00083965 0.0008316 0.00084955 0.0007177 0.00083015 0.0007671 0.0008214 0.000773 0.0009043 0.0008714 0.0008576 0.00083915 0.0008621 0.0008904 0.00089575 0.00077205 0.0008651 0.000786 0.0008703 0.00088355 0.00084695 0.00084955 0.0008514 0.0008639 0.0008303 0.0008499 0.0008624 0.00088225 0.0008694 0.0008369
35 0.0008623 0.00082465 0.0008838 0.00085615 0.00085685 0.0008741 0.0008052 0.00088145 0.0008313 0.0008848 0.0009016 0.00089365 0.0008455 0.0008111 0.0008761 0.00078965 0.00089335 0.0009015 0.0008896 0.00091085 0.00087365 0.0008498 0.00085675 0.00080285 0.0008416 0.0008705 0.00088 0.0008993 0.00084435 0.00088185 0.00086465 0.0008983 0.00087755 0.00088335 0.0008221 0.0008555 0.00088415 0.00083255 0.0008344 0.0008408 0.0008846 0.00086185 0.00087575 0.00089685 0.0008572 0.00088765 0.00083755 0.00080465 0.0008853 0.00088595 0.00088015 0.0008701 0.00087875 0.0007859 0.00088535 0.0008036 0.00086985 0.000838 0.00087785 0.000879 0.0008736 0.000922 0.000874 0.00088485 0.0007859 0.00086885 0.00085965 0.0008365 0.0008334 0.00084525 0.0008694 0.0008644 0.00086265 0.00080285 0.00089045 0.00088865 0.0008644 0.000852 0.00089665 0.0008798 0.00085855 0.0008457 0.0007867 0.00086325 0.00092995 0.00078735 0.00086085 0.00084115 0.0009011 0.0008568 0.0008525 0.0008813 0.00086555 0.00084715 0.0008941 0.00084205 0.0008989 0.00087075 0.00088745 0.0008891
