 slim_337521210 slim_337521296 slim_337521308 slim_337521331 slim_337521105 slim_337521098 slim_337521312 slim_337521233 slim_337521262 slim_337521087 slim_337521248 slim_337521288 slim_337521190 slim_337521261 slim_337521211 slim_337521159 slim_337520964 slim_337521176 slim_337521092 slim_337521322 slim_337521330 slim_337521294 slim_337521316 slim_337521337 slim_337521064 slim_337521031 slim_337521328 slim_337521278 slim_337521036 slim_337521299 slim_337521283 slim_337521061 slim_337521127 slim_337521142 slim_337521340 slim_337521302 slim_337521307 slim_337521341 slim_337521250 slim_337521336 slim_337521079 slim_337521310 slim_337521326 slim_337521300 slim_337521179 slim_337521251 slim_337521213 slim_337521323 slim_337521209 slim_337521320 slim_337521318 slim_337521286 slim_337521298 slim_337521257 slim_337521187 slim_337521317 slim_337521295 slim_337521329 slim_337521280 slim_337521225 slim_337521339 slim_337521256 slim_337521219 slim_337521303 slim_337520903 slim_337521325 slim_337521239 slim_337521338 slim_337521254 slim_337521249 slim_337521315 slim_337521321 slim_337521285 slim_337521143 slim_337521305 slim_337521268 slim_337521178 slim_337521001 slim_337521208 slim_337521309 slim_337521333 slim_337521301 slim_337521247 slim_337521311 slim_337521281 slim_337521274 slim_337521166 slim_337521240 slim_337521184 slim_337521335 slim_337521279 slim_337521284 slim_337521275 slim_337520910 slim_337521313 slim_337520996 slim_337521327 slim_337521252 slim_337521155 slim_337521314
0 9.56e-05 0.00020185 0.0002404 7.89e-05 0.0001366 4.895e-05 7.98e-05 0.0001252 0.00016625 0.0001567 8.28e-05 0.00013665 0.00012445 0.0001382 0.000143 0.0001123 0.0001365 6.795e-05 0.0001005 0.00013805 4.955e-05 0.00017285 0.00022645 0.0001382 0.00013265 0.0001505 9.57e-05 0.00017075 7.855e-05 0.000117 0.00013455 4.955e-05 0.0001472 0.00019595 0.00015855 0.0001053 0.00017315 0.00018655 6.835e-05 0.00026285 0.00019955 0.0001183 0.0001019 0.00025025 0.00017075 0.00018695 5.005e-05 0.0001961 0.00021055 8.35e-05 8.435e-05 4.895e-05 0.0002633 0.0001531 0.00012085 4.805e-05 0.0002071 0.00015425 0.00014355 6.95e-05 8.285e-05 0.0001218 0.0002811 0.0002083 0.0001799 0.00011395 0.0001563 0.0001673 0.0002255 0.00017165 0.00016775 8.33e-05 9.045e-05 0.00029345 0.00017085 4.965e-05 0.00013655 9.195e-05 0.0001057 0.0001244 0.0001128 0.00025955 0.00027755 9.075e-05 4.93e-05 8.395e-05 4.995e-05 0.0003083 0.00013645 0.0002124 0.00012635 9.955e-05 8.25e-05 8.32e-05 0.0001659 8.255e-05 0.00018465 7.84e-05 0.0001506 8.27e-05
1 0.00020185 0.0002357 0.00016555 0.0002111 0.000191 0.0002019 0.000204 0.00021075 0.0001917 0.00017795 0.00017605 0.00019105 0.00021015 0.0001566 0.00021195 0.0001829 0.0001909 0.00022075 0.00019275 0.0001643 0.0002108 0.00012265 0.0001698 0.0001557 0.00019115 0.00019385 0.00018665 0.00014895 0.00021075 0.0002177 0.00015885 0.000203 0.0001221 0.00020065 0.0001759 0.00018785 0.0001964 0.0001425 0.00022115 0.00028095 0.0002255 0.0002107 0.0001853 0.0002155 0.00014895 0.0001503 0.00020305 0.0002008 0.00025495 0.00016045 0.0001613 0.000202 0.0002123 0.00021775 0.00019315 0.00020985 0.000227 0.00021895 0.0001655 0.00021405 0.0001761 0.0001861 0.0002414 0.00017385 0.00017115 0.00015705 0.0001896 0.0001646 0.0001448 0.00012985 0.00016485 0.00017625 0.000229 0.0002146 0.00014905 0.0002031 0.00019095 0.0002219 0.0001882 0.00021795 0.00017645 0.00013865 0.00021665 0.00022925 0.0002028 0.0001767 0.0002032 0.0002426 0.00018265 0.0002138 0.0001872 0.0001821 0.0001759 0.00016795 0.00019135 0.0001758 0.00014695 0.0002024 0.00019395 0.0001761
2 0.0002404 0.00016555 0.0002238 0.00025295 0.0001822 0.00024045 0.00024535 0.00023945 0.00018285 0.000173 0.0002239 0.00018215 0.00023935 0.0001952 0.00024 0.00021945 0.0001821 0.000257 0.0002238 0.0002029 0.00025215 0.0001671 0.00013155 0.00019085 0.000193 0.0001917 0.0001959 0.0001461 0.0002526 0.0002468 0.0001994 0.00024435 0.00017885 0.00018585 0.0002111 0.0001937 0.00019105 0.00014655 0.00026075 0.00029835 0.00024205 0.0002393 0.0002118 0.00018525 0.00014605 0.00015015 0.0002444 0.000186 0.00027485 0.00020825 0.00020865 0.00023725 0.0001799 0.00024695 0.000191 0.0002517 0.0002468 0.00024815 0.00017435 0.00025315 0.00022395 0.00018345 0.00024905 0.00012105 0.0001338 0.0002073 0.00021445 0.0002032 0.00013295 0.0001744 0.00020365 0.0002241 0.00026785 0.00018415 0.00014625 0.00024445 0.00018215 0.0002604 0.00019355 0.00024715 0.000221 0.00013315 0.00019295 0.0002681 0.00024415 0.00022405 0.00024125 0.0002123 0.0001705 0.0001995 0.0001797 0.00018875 0.0002237 0.0002125 0.00018255 0.00022365 0.0001537 0.00024095 0.0001918 0.0002239
3 7.89e-05 0.0002111 0.00025295 7.37e-05 0.0001439 7.775e-05 4.555e-05 0.0001259 0.0001438 0.00022675 7.24e-05 0.00014395 0.0001243 0.00013785 0.0001497 7.05e-05 0.00014375 9.81e-05 0.0001307 0.0001308 4.035e-05 0.00017295 0.00025425 0.0001724 0.00010605 0.0001336 0.0001031 0.00019315 3.69e-05 0.00011815 0.0001385 4.625e-05 0.0001665 0.000214 0.00016665 0.00014155 0.0001813 0.0001945 6.44e-05 0.000236 0.0001978 0.0001259 0.00017215 0.0002682 0.00019315 0.0002064 4.6e-05 0.00021415 0.000225 9.32e-05 9.49e-05 0.00010325 0.00029015 0.0001176 0.00013365 3.835e-05 0.00018665 0.00011755 0.0001989 7.235e-05 7.245e-05 0.0001423 0.0002582 0.00024065 0.0002018 0.00012585 0.0001493 0.0001307 0.00023785 0.0001655 0.00013085 7.165e-05 5.73e-05 0.00028485 0.00019325 4.635e-05 0.0001438 6.495e-05 0.0001423 0.0001174 9.73e-05 0.00025125 0.00027445 5.755e-05 4.605e-05 7.405e-05 7.085e-05 0.0003232 0.00018485 0.0002183 0.0001541 0.0001025 7.255e-05 0.00010425 0.0001438 7.21e-05 0.0002139 7.785e-05 0.00013375 7.275e-05
4 0.0001366 0.000191 0.0001822 0.0001439 0.0002277 0.0001359 0.0001454 0.00020145 0.00014395 0.00018405 0.00011775 0.0001141 0.0002001 0.00018425 0.0001943 0.00014385 0.0001139 0.00015445 0.00015415 0.0001841 0.00011575 0.0001883 0.0002059 0.0002065 0.000144 0.0001791 0.0001168 0.0001174 0.00014355 0.00019345 0.0001352 0.0001158 0.00012425 0.0002352 0.0002034 0.00014545 0.0002004 0.0001842 0.00013295 0.0002542 0.0002861 0.00019445 0.00017645 0.00017515 0.00011735 0.0002071 0.0001157 0.00023535 0.0002039 0.0001173 0.0001189 0.00015765 0.0001682 0.00022905 0.0001492 0.00011465 0.00020845 0.0002302 0.0001741 0.00013405 0.0001178 0.00015075 0.00029275 0.0001493 0.00016135 0.0001224 0.0001994 0.0002136 0.0001842 0.0001873 0.00021405 0.00011735 0.00015475 0.0002069 0.00011745 0.0001159 0.00011395 0.00015565 0.0001457 0.00019995 0.00016885 0.00024565 0.0002419 0.000155 0.0001156 0.0001185 0.00013705 0.00021375 0.0001361 0.000177 0.00014965 0.00011725 0.00011775 0.000139 0.00014355 0.00011745 0.0001561 0.0001656 0.0001792 0.00011795
5 4.895e-05 0.0002019 0.00024045 7.775e-05 0.0001359 9.55e-05 7.975e-05 0.00012565 0.0001658 0.00015675 8.295e-05 0.00013595 0.00012385 0.0001375 0.00014245 0.00011115 0.00013575 6.83e-05 0.0001009 0.0001373 5.02e-05 0.0001729 0.00022655 0.0001379 0.00013205 0.00015015 9.615e-05 0.00017045 7.745e-05 0.0001173 0.00013445 5.025e-05 0.000147 0.0001961 0.00015835 0.0001055 0.000173 0.0001863 6.835e-05 0.00026235 0.0001997 0.00011865 0.00010185 0.0002504 0.00017045 0.00018705 4.995e-05 0.00019625 0.000211 8.255e-05 8.445e-05 4.785e-05 0.00026325 0.00015275 0.00012025 4.875e-05 0.00020755 0.0001539 0.0001436 6.98e-05 8.3e-05 0.00012225 0.00028125 0.00020835 0.00018015 0.0001144 0.0001557 0.00016685 0.00022545 0.00017175 0.0001673 8.245e-05 9.025e-05 0.0002935 0.00017055 5.035e-05 0.0001358 9.135e-05 0.0001061 0.0001238 0.0001124 0.0002596 0.0002777 9.05e-05 5.005e-05 8.405e-05 4.97e-05 0.00030835 0.00013595 0.00021275 0.00012595 0.0001001 8.295e-05 8.255e-05 0.00016545 8.265e-05 0.0001848 7.75e-05 0.00015025 8.315e-05
6 7.98e-05 0.000204 0.00024535 4.555e-05 0.0001454 7.975e-05 7.73e-05 0.00011675 0.00013855 0.00021485 8.675e-05 0.00014545 0.0001183 0.00013205 0.000151 7.915e-05 0.0001453 9.92e-05 0.0001318 0.00013735 5.275e-05 0.00016475 0.0002469 0.0001652 0.0001014 0.000141 0.0001046 0.0001819 4.55e-05 0.00012375 0.00014055 4.58e-05 0.00015555 0.0002191 0.0001602 0.00012925 0.0001747 0.0001881 6.445e-05 0.0002375 0.000195 0.00011695 0.00016025 0.00025535 0.0001819 0.00021155 4.6e-05 0.00021925 0.00021165 8.355e-05 8.23e-05 0.0001046 0.00027795 0.00011705 0.00014785 5.245e-05 0.00017775 0.00011705 0.0001995 5.765e-05 8.68e-05 0.00014125 0.0002554 0.00024095 0.00020055 0.0001122 0.00015565 0.0001304 0.00023045 0.0001714 0.00013055 8.665e-05 7.16e-05 0.00027725 0.000182 4.565e-05 0.00014535 6.495e-05 0.00012885 0.0001237 0.00010475 0.00024865 0.0002796 7.185e-05 4.56e-05 8.675e-05 7.045e-05 0.00031125 0.0001729 0.00020425 0.0001554 8.755e-05 8.67e-05 0.0001062 0.0001385 8.65e-05 0.00021455 7.3e-05 0.00014115 8.69e-05
7 0.0001252 0.00021075 0.00023945 0.0001259 0.00020145 0.00012565 0.00011675 0.0002137 0.00020215 0.0002059 0.0001589 0.0002015 0.0001096 0.00014405 0.00015865 0.00015915 0.00020135 0.00012595 0.00015875 0.00015055 0.0001242 0.00017575 0.000228 0.00015075 0.000175 0.0001718 0.00017165 0.0002363 0.00012555 0.000116 0.000193 0.00011595 0.00022025 0.00016205 0.00015105 0.0001639 0.00016405 0.00019815 0.00011625 0.0002548 0.0001072 0.00010725 0.0001593 0.0002757 0.0002363 0.00019675 0.0001162 0.0001622 0.0002463 0.0001535 0.00015115 0.0001256 0.0003001 0.00011595 0.0001711 0.00012455 0.00020235 0.00011715 0.0002057 0.0001074 0.00015895 0.0001622 0.000202 0.00024745 0.0002081 0.00017625 0.00014965 0.00015085 0.0002269 0.00018415 0.0001513 0.00015915 0.0001244 0.0002874 0.0002364 0.0001158 0.0002014 0.00011595 0.0001631 0.0001162 0.00015945 0.0002064 0.00025695 0.00012465 0.00011575 0.00015825 0.00011605 0.00033145 0.00020205 0.00023705 0.0001737 0.00015375 0.0001587 0.00015215 0.0002018 0.00015865 0.00023135 0.00012615 0.0001719 0.0001589
8 0.00016625 0.0001917 0.00018285 0.0001438 0.00014395 0.0001658 0.00013855 0.00020215 0.0002739 0.00020715 0.000154 0.00014395 0.00020095 0.0001851 0.00020145 0.000144 0.00014385 0.0001841 0.0001838 0.0001916 0.00015195 0.000189 0.0002066 0.0002072 0.0001372 0.0001787 0.00014645 0.00014045 0.0001438 0.00020755 0.0001649 0.00014545 0.0001474 0.00024235 0.00020415 0.00016855 0.00020115 0.00018495 0.0001627 0.00025005 0.0002644 0.000202 0.00019955 0.0001983 0.0001405 0.00021435 0.00014545 0.0002425 0.00022705 0.0001406 0.00014205 0.0001875 0.0001912 0.00020095 0.00018555 0.00015085 0.00020915 0.00020095 0.00020375 0.00015715 0.00015405 0.0001803 0.00027105 0.0001789 0.000191 0.0001455 0.0002069 0.00018465 0.00018495 0.00019455 0.0001848 0.00015385 0.00016845 0.00020755 0.00014065 0.00014555 0.0001439 0.0001628 0.0001688 0.00020755 0.00016855 0.00022395 0.0002491 0.0001687 0.00014525 0.0001548 0.0001669 0.00022545 0.0001591 0.0002001 0.0001792 0.00014035 0.00015395 0.0001688 0.00013705 0.00015375 0.0001857 0.00015905 0.00017885 0.00015415
9 0.0001567 0.00017795 0.000173 0.00022675 0.00018405 0.00015675 0.00021485 0.0002059 0.00020715 4.82e-05 0.000176 0.0001841 0.00020435 0.00018435 0.00012795 0.0001936 0.00018395 0.00014695 0.0001137 0.0001978 0.0002038 0.0001583 0.00012695 0.00015125 0.0001773 0.00019255 0.0001455 0.00013525 0.0002264 0.00021055 0.0001122 0.00019145 0.000135 0.00018365 0.0001691 0.00010165 0.00016355 0.0001432 0.00018275 0.000271 0.00023215 0.00019875 6.79e-05 0.0001879 0.00013525 0.00013945 0.0001914 0.0001838 0.00023385 0.0001415 0.000143 0.0001318 0.00019165 0.0002401 0.00016945 0.0002031 0.00024285 0.0002413 6.09e-05 0.00017085 0.00017605 0.0001576 0.00026875 0.00014995 0.0001325 0.0001719 0.00018325 0.0002205 0.0001783 0.00017 0.00022095 0.0001762 0.0002172 0.00023505 0.00013535 0.00019155 0.000184 0.0002053 0.0001019 0.0002179 0.0001736 0.0002108 0.00022035 0.00021745 0.00019125 0.0001764 0.0001666 0.0002375 0.0001373 0.0001625 0.0001534 0.00014665 0.0001758 0.00013695 0.0002068 0.00017575 0.00014965 0.00017965 0.00019265 0.000176
10 8.28e-05 0.00017605 0.0002239 7.24e-05 0.00011775 8.295e-05 8.675e-05 0.0001589 0.000154 0.000176 7.04e-05 0.0001178 0.00015805 0.00013765 0.00014665 7.5e-05 0.00011765 0.00010185 0.00010425 0.00012415 3.745e-05 0.000138 0.0002252 0.0001716 0.00011635 0.0001373 7.57e-05 0.0001389 7.205e-05 0.00013745 7.825e-05 5.005e-05 0.0001092 0.0002095 0.0001658 0.00012095 0.00018345 0.0001627 6.835e-05 0.0002443 0.00025315 0.00015205 0.00015255 0.0002175 0.0001389 0.0001678 5.075e-05 0.00020965 0.0002053 7.075e-05 7.17e-05 0.00010815 0.00023945 0.00018005 0.00010105 3.53e-05 0.0001894 0.00018115 0.0001379 8.29e-05 3.535e-05 0.00011545 0.0002833 0.00018275 0.0001438 0.0001024 0.0001463 0.00016 0.00020585 0.00012365 0.00016045 3.565e-05 7.785e-05 0.00025655 0.000139 5.015e-05 0.0001177 9.23e-05 0.0001219 0.00014465 9.79e-05 0.00024165 0.00023965 7.8e-05 4.995e-05 3.76e-05 7.55e-05 0.0002838 0.0001647 0.0001676 0.00012775 8.21e-05 3.545e-05 7.505e-05 0.00015365 3.54e-05 0.0001529 0.000119 0.0001374 3.565e-05
11 0.00013665 0.00019105 0.00018215 0.00014395 0.0001141 0.00013595 0.00014545 0.0002015 0.00014395 0.0001841 0.0001178 0.0002278 0.00020015 0.0001843 0.00019435 0.0001439 0.000114 0.0001545 0.0001542 0.00018415 0.0001158 0.00018835 0.00020595 0.00020655 0.00014405 0.00017915 0.00011685 0.0001174 0.0001436 0.0001935 0.00013525 0.00011585 0.0001243 0.00023525 0.00020345 0.0001455 0.00020045 0.00018425 0.000133 0.00025425 0.00028615 0.0001945 0.0001765 0.00017525 0.00011735 0.00020715 0.00011575 0.0002354 0.00020395 0.0001173 0.00011895 0.0001577 0.0001681 0.0002291 0.0001492 0.0001147 0.0002085 0.00023025 0.00017415 0.0001341 0.00011785 0.0001508 0.0002928 0.0001494 0.0001614 0.00012245 0.00019945 0.00021365 0.0001843 0.00018735 0.0002141 0.00011735 0.0001548 0.00020685 0.00011755 0.00011595 0.00011405 0.0001557 0.00014575 0.0002001 0.0001689 0.0002457 0.00024195 0.00015505 0.00011565 0.00011855 0.0001371 0.00021375 0.0001361 0.00017705 0.0001497 0.0001173 0.0001178 0.00013905 0.00014365 0.0001175 0.00015615 0.00016565 0.00017925 0.000118
12 0.00012445 0.00021015 0.00023935 0.0001243 0.0002001 0.00012385 0.0001183 0.0001096 0.00020095 0.00020435 0.00015805 0.00020015 0.0002152 0.00014195 0.0001571 0.00015755 0.0002 0.0001248 0.0001576 0.00014985 0.00012525 0.00017745 0.00022765 0.00015025 0.00017305 0.00017115 0.0001702 0.0002341 0.00012395 0.00011585 0.0001909 0.00011765 0.00021775 0.0001625 0.0001496 0.0001639 0.00016275 0.00019675 0.00011735 0.0002536 0.00010785 0.00010945 0.00015785 0.0002764 0.0002341 0.0001973 0.00011745 0.00016255 0.000248 0.0001497 0.0001515 0.00012445 0.00029895 0.0001156 0.0001703 0.0001239 0.00020475 0.0001168 0.00020505 0.000111 0.0001581 0.00016435 0.00020265 0.00024705 0.0002104 0.00017775 0.00014915 0.0001503 0.0002266 0.00018395 0.00015075 0.00015775 0.00012325 0.0002873 0.0002342 0.00011775 0.00020005 0.00011675 0.0001644 0.0001156 0.0001589 0.00020695 0.0002574 0.0001235 0.00011745 0.00015905 0.00011785 0.0003306 0.00020065 0.00024015 0.0001722 0.00015775 0.000158 0.00015015 0.0002006 0.00015775 0.00023065 0.0001245 0.00017125 0.0001582
13 0.0001382 0.0001566 0.0001952 0.00013785 0.00018425 0.0001375 0.00013205 0.00014405 0.0001851 0.00018435 0.00013765 0.0001843 0.00014195 0.0002423 0.00017835 0.00014045 0.00018415 0.0001571 0.0001594 0.00012915 0.00013905 0.00012265 0.00019115 0.0001306 0.0001572 0.0001564 0.0001538 0.00018425 0.0001375 0.00015025 0.00015845 0.00013145 0.00016435 0.00016845 0.00014995 0.00015575 0.0001676 0.00014665 0.00014945 0.00027515 0.0001629 0.000144 0.000161 0.00024905 0.00018425 0.00014865 0.0001312 0.0001686 0.00025025 0.00012925 0.00013125 0.0001382 0.0002716 0.00014985 0.00015555 0.00013755 0.000207 0.00015105 0.00016765 0.00014325 0.0001377 0.0001498 0.0002255 0.0002029 0.00016675 0.00015855 0.0001516 0.0001297 0.0001766 0.0001294 0.00013015 0.0001373 0.00015635 0.00025995 0.00018435 0.00013155 0.0001842 0.00014985 0.0001564 0.00014995 0.00013855 0.00015805 0.00023115 0.0001566 0.00013125 0.0001388 0.0001317 0.00030325 0.0001849 0.0002133 0.0001575 0.0001426 0.00013765 0.0001298 0.00018475 0.00013735 0.00018295 0.00013815 0.0001565 0.00013785
14 0.000143 0.00021195 0.00024 0.0001497 0.0001943 0.00014245 0.000151 0.00015865 0.00020145 0.00012795 0.00014665 0.00019435 0.0001571 0.00017835 0.0002092 0.00014985 0.0001942 0.0001245 0.00012435 0.0001786 0.00014435 0.00018305 0.00020995 0.00017905 0.0001677 0.00018585 0.0001551 0.00019775 0.00014935 0.0001576 0.00012775 0.00014405 0.00017935 0.00019355 0.0001609 0.0001472 0.0001704 0.0001913 0.00012555 0.000214 0.00017235 0.0001585 0.0001238 0.0002381 0.00019775 0.00019205 0.0001439 0.0001937 0.0002343 0.0001457 0.00014735 0.00014275 0.00025095 0.00016375 0.0001787 0.000143 0.00020855 0.0001649 0.00014565 0.00012655 0.0001467 0.00018005 0.0002219 0.00023055 0.00020205 0.0001772 0.0001571 0.00018535 0.00023045 0.00018225 0.0001858 0.00014635 0.00012375 0.0002589 0.00019785 0.00014415 0.00019425 0.0001245 0.0001477 0.00015745 0.0001535 0.000242 0.00024315 0.000124 0.00014385 0.00014765 0.00014395 0.0002847 0.00019435 0.00020015 0.00018395 0.00015755 0.00014665 0.000146 0.0002011 0.00014635 0.00021205 0.0001494 0.00018595 0.00014685
15 0.0001123 0.0001829 0.00021945 7.05e-05 0.00014385 0.00011115 7.915e-05 0.00015915 0.000144 0.0001936 7.5e-05 0.0001439 0.00015755 0.00014045 0.00014985 0.0001405 0.0001437 0.00013135 0.000131 0.0001334 7.375e-05 0.00014475 0.00022075 0.000175 0.0001062 0.00013375 0.00010305 0.0001623 7.03e-05 0.0001514 0.000108 7.965e-05 0.0001383 0.0002138 0.0001691 0.0001415 0.0001811 0.00016365 9.765e-05 0.00023625 0.0002309 0.00015915 0.00017245 0.00023515 0.0001623 0.00017555 7.94e-05 0.00021395 0.0002254 9.58e-05 9.75e-05 0.00013665 0.0002571 0.0001511 0.0001336 7.175e-05 0.00018705 0.00015105 0.00016805 0.0001056 7.505e-05 0.00014225 0.00025845 0.00020715 0.0001683 0.00012845 0.0001496 0.0001333 0.000207 0.0001373 0.00013365 7.425e-05 9.055e-05 0.0002518 0.0001624 7.975e-05 0.00014375 9.82e-05 0.00014225 0.00015065 0.0001001 0.0002204 0.0002414 9.08e-05 7.945e-05 7.665e-05 0.00010425 0.00029015 0.0001848 0.00018525 0.0001541 0.00010245 7.515e-05 0.00010685 0.00014375 7.47e-05 0.00018305 0.00011125 0.00013385 7.535e-05
16 0.0001365 0.0001909 0.0001821 0.00014375 0.0001139 0.00013575 0.0001453 0.00020135 0.00014385 0.00018395 0.00011765 0.000114 0.0002 0.00018415 0.0001942 0.0001437 0.0002275 0.00015435 0.00015405 0.00018395 0.00011565 0.0001882 0.0002058 0.0002064 0.0001439 0.000179 0.0001167 0.0001173 0.00014345 0.00019335 0.0001351 0.0001157 0.00012415 0.0002351 0.0002033 0.00014535 0.0002003 0.0001841 0.00013285 0.0002541 0.000286 0.00019435 0.00017635 0.00017505 0.00011725 0.000207 0.0001156 0.00023525 0.0002038 0.0001172 0.0001188 0.0001575 0.0001681 0.00022895 0.0001491 0.00011455 0.00020835 0.0002301 0.000174 0.00013395 0.0001177 0.00015065 0.00029265 0.0001492 0.00016125 0.0001223 0.00019925 0.0002135 0.0001841 0.0001872 0.00021395 0.00011725 0.00015465 0.0002068 0.00011735 0.0001158 0.0001138 0.00015555 0.0001456 0.00019995 0.00016875 0.00024555 0.0002418 0.0001549 0.0001155 0.0001184 0.0001369 0.00021365 0.000136 0.0001769 0.00014955 0.00011715 0.00011765 0.0001389 0.00014345 0.00011735 0.000156 0.0001655 0.0001791 0.00011785
17 6.795e-05 0.00022075 0.000257 9.81e-05 0.00015445 6.83e-05 9.92e-05 0.00012595 0.0001841 0.00014695 0.00010185 0.0001545 0.0001248 0.0001571 0.0001245 0.00013135 0.00015435 0.0001342 0.00010025 0.00015715 6.86e-05 0.00019195 0.00023495 0.00015745 0.0001503 0.00016845 0.0001138 0.0001882 9.775e-05 0.00011725 0.0001346 6.875e-05 0.0001658 0.00019525 0.0001587 0.00011495 0.00017215 0.0002041 6.915e-05 0.00024465 0.00018145 0.00011895 0.000102 0.00024945 0.0001882 0.0002048 6.945e-05 0.0001954 0.0002112 0.00010225 0.00010335 6.84e-05 0.0002623 0.0001537 0.0001388 6.73e-05 0.00020775 0.00015485 0.00014775 7.05e-05 0.00010175 0.00013995 0.0002629 0.0002249 0.0001967 0.00013315 0.0001565 0.0001864 0.00024325 0.00019055 0.00018685 0.0001024 9.11e-05 0.00029255 0.0001883 6.885e-05 0.0001544 9.25e-05 0.00011565 0.00012495 0.0001319 0.0002774 0.00027675 9.11e-05 6.88e-05 0.0001031 6.945e-05 0.0003074 0.00015445 0.0002118 0.000144 0.0001178 0.0001013 0.0001021 0.00018375 0.0001016 0.0002024 9.775e-05 0.00016855 0.0001015
18 0.0001005 0.00019275 0.0002238 0.0001307 0.00015415 0.0001009 0.0001318 0.00015875 0.0001838 0.0001137 0.00010425 0.0001542 0.0001576 0.0001594 0.00012435 0.000131 0.00015405 0.00010025 0.0001994 0.00015945 0.0001015 0.00016395 0.00020175 0.00015975 0.00015 0.00016815 0.00011365 0.0001576 0.00013035 0.0001503 0.0001039 0.0001016 0.0001378 0.00019515 0.0001612 0.0001147 0.00017205 0.0001735 0.000102 0.0002446 0.00021445 0.00015175 0.00010165 0.0002163 0.0001576 0.0001742 0.00010205 0.0001953 0.00021095 0.00010455 0.00010565 0.000101 0.00022915 0.0001865 0.0001385 9.995e-05 0.0002075 0.00018765 0.00011715 0.0001033 0.0001043 0.00013965 0.00026285 0.0001917 0.0001635 0.00013545 0.0001562 0.0001887 0.00021265 0.00016265 0.00018915 0.0001047 0.00012385 0.0002594 0.0001577 0.0001017 0.0001541 0.0001253 0.00011535 0.00015775 0.0001342 0.0002468 0.0002436 0.00012415 0.00010135 0.00010545 0.00010205 0.00027425 0.00015415 0.00017865 0.0001437 0.0001175 0.00010395 0.0001044 0.00018345 0.000104 0.0001718 0.00013035 0.00016825 0.00010415
19 0.00013805 0.0001643 0.0002029 0.0001308 0.0001841 0.0001373 0.00013735 0.00015055 0.0001916 0.0001978 0.00012415 0.00018415 0.00014985 0.00012915 0.0001786 0.0001334 0.00018395 0.00015715 0.00015945 0.0002464 0.0001256 0.00012915 0.00019885 0.0001383 0.0001638 0.00014965 0.00015375 0.0001977 0.0001305 0.0001447 0.0001585 0.0001302 0.0001778 0.0001629 0.00015775 0.00016805 0.0001754 0.00015445 0.0001483 0.00027485 0.00016495 0.00015065 0.00017435 0.0002612 0.0001977 0.00014295 0.00012995 0.00016305 0.0002619 0.0001427 0.0001435 0.000138 0.00028495 0.00015075 0.00014215 0.0001241 0.0002135 0.0001519 0.0001677 0.00015435 0.0001242 0.0001487 0.00022755 0.000203 0.0001657 0.0001707 0.00014575 0.00013055 0.0001843 0.0001237 0.000131 0.0001237 0.0001432 0.00026765 0.0001978 0.0001303 0.000184 0.00014905 0.00016855 0.00014415 0.00013165 0.0001601 0.00022555 0.00014345 0.00013 0.0001253 0.0001303 0.00031605 0.00019825 0.00022425 0.0001577 0.00015355 0.0001242 0.00012985 0.00019125 0.00012385 0.000183 0.00014465 0.00014975 0.0001244
20 4.955e-05 0.0002108 0.00025215 4.035e-05 0.00011575 5.02e-05 5.275e-05 0.0001242 0.00015195 0.0002038 3.745e-05 0.0001158 0.00012525 0.00013905 0.00014435 7.375e-05 0.00011565 6.86e-05 0.0001015 0.0001256 5e-06 0.00017205 0.0002537 0.00017205 0.00011485 0.0001357 7.4e-05 0.00017095 4e-05 0.0001042 0.00011045 1.55e-05 0.00014455 0.0002072 0.0001671 0.00011835 0.0001816 0.00019505 3.47e-05 0.00024195 0.00021965 0.00011725 0.0001492 0.0002448 0.00017095 0.0001994 1.66e-05 0.00020735 0.00020085 7.275e-05 7.18e-05 7.49e-05 0.0002669 0.0001472 9.95e-05 2.7e-06 0.00018485 0.0001483 0.0001695 4.73e-05 3.74e-05 0.00011195 0.00028005 0.0002112 0.00017135 0.00010175 0.00014385 0.0001614 0.0002373 0.00015895 0.00016185 3.82e-05 4.57e-05 0.00028405 0.00017105 1.57e-05 0.0001157 5.87e-05 0.0001181 0.0001119 9.92e-05 0.00027335 0.0002676 4.56e-05 1.56e-05 3.73e-05 4.095e-05 0.0003113 0.00016195 0.0001942 0.0001259 7.745e-05 3.68e-05 7.635e-05 0.0001516 3.72e-05 0.00018465 8.62e-05 0.0001358 3.7e-05
21 0.00017285 0.00012265 0.0001671 0.00017295 0.0001883 0.0001729 0.00016475 0.00017575 0.000189 0.0001583 0.000138 0.00018835 0.00017745 0.00012265 0.00018305 0.00014475 0.0001882 0.00019195 0.00016395 0.00012915 0.00017205 0.0001718 0.0001632 0.00013085 0.00016185 0.00015965 0.0001578 0.00015505 0.0001726 0.000184 0.0001296 0.0001638 0.0001324 0.0001707 0.0001508 0.0001585 0.00017145 0.00011635 0.0001821 0.00027955 0.00019585 0.00017575 0.000166 0.00022095 0.00015505 0.0001167 0.0001639 0.00017085 0.00025245 0.00013245 0.00013085 0.00017305 0.0002453 0.00018385 0.00015895 0.0001719 0.0002084 0.00018505 0.0001369 0.00017375 0.00013805 0.0001508 0.0002282 0.0001751 0.00013635 0.00015745 0.0001554 0.0001295 0.0001454 9.48e-05 0.00013 0.0001381 0.00019095 0.0002326 0.00015515 0.00016395 0.00018825 0.00018275 0.00015815 0.00018405 0.0001386 0.0001259 0.00020315 0.0001912 0.00016355 0.00013785 0.00016395 0.00027665 0.0001891 0.0001829 0.00016165 0.00014195 0.0001379 0.0001313 0.00018865 0.00013775 0.0001524 0.0001734 0.00015975 0.0001381
22 0.00022645 0.0001698 0.00013155 0.00025425 0.0002059 0.00022655 0.0002469 0.000228 0.0002066 0.00012695 0.0002252 0.00020595 0.00022765 0.00019115 0.00020995 0.00022075 0.0002058 0.00023495 0.00020175 0.00019885 0.0002537 0.0001632 0.000207 0.0001716 0.00020085 0.0001881 0.00019715 0.00016985 0.0002539 0.0002351 0.0001925 0.0002459 0.00018845 0.00016925 0.0001994 0.000171 0.0001806 0.00014375 0.0002544 0.00030445 0.00021735 0.00022785 0.0001746 0.00021355 0.00016985 0.000132 0.00024585 0.00016945 0.0002889 0.00020975 0.0002102 0.00020825 0.0002167 0.00023525 0.0001873 0.000253 0.00025285 0.00023645 0.00013715 0.00024705 0.00022525 0.00018015 0.00024185 0.0001399 0.00013165 0.00021715 0.00020225 0.00019915 0.0001513 0.00017035 0.0001996 0.0002254 0.00026145 0.00021245 0.00016995 0.000246 0.00020585 0.00025425 0.0001711 0.00023545 0.00020705 0.00012385 0.00019365 0.0002617 0.0002457 0.0002256 0.0002277 0.00024855 0.00017905 0.0002063 0.0001814 0.0001912 0.000225 0.00019855 0.00020625 0.00022495 0.00015825 0.00022705 0.0001882 0.0002252
23 0.0001382 0.0001557 0.00019085 0.0001724 0.0002065 0.0001379 0.0001652 0.00015075 0.0002072 0.00015125 0.0001716 0.00020655 0.00015025 0.0001306 0.00017905 0.000175 0.0002064 0.00015745 0.00015975 0.0001383 0.00017205 0.00013085 0.0001716 0.0002083 0.0001835 0.00016575 0.000177 0.00019865 0.00017205 0.00015785 0.0001848 0.00016425 0.0001813 0.00015135 0.0001502 0.00015555 0.0001677 0.0001477 0.00018255 0.0002975 0.0001444 0.0001507 0.00012715 0.0002667 0.00019865 0.00013075 0.00016415 0.0001515 0.00027125 0.0001561 0.0001567 0.000113 0.00028135 0.0001578 0.00016505 0.00017125 0.0002353 0.000159 0.0001425 0.0001753 0.00017165 0.0001579 0.0002286 0.00019995 0.00017325 0.00018195 0.00016 0.0001386 0.00017315 0.000138 0.000139 0.00017175 0.0001905 0.0002772 0.00019875 0.00016435 0.00020645 0.00018325 0.00015575 0.00015805 0.0001471 0.0001468 0.00023565 0.00019075 0.00016405 0.0001721 0.00013945 0.0003132 0.00017285 0.0002418 0.000159 0.0001743 0.0001714 0.0001386 0.00020685 0.00017135 0.00018255 0.0001384 0.00016585 0.0001716
24 0.00013265 0.00019115 0.000193 0.00010605 0.000144 0.00013205 0.0001014 0.000175 0.0001372 0.0001773 0.00011635 0.00014405 0.00017305 0.0001572 0.0001677 0.0001062 0.0001439 0.0001503 0.00015 0.0001638 0.00011485 0.00016185 0.00020085 0.0001835 0.0001984 0.0001504 0.00010945 0.0001404 0.000106 0.0001799 0.000127 0.0001084 0.0001366 0.00022405 0.00017615 0.00013525 0.00017315 0.00015695 0.0001255 0.0002495 0.00024665 0.00017485 0.0001699 0.00021615 0.0001404 0.00019055 0.0001085 0.0002242 0.00022715 0.00010275 0.00010465 0.00015725 0.00022925 0.0001732 0.0001572 0.0001133 0.00020155 0.0001732 0.0001738 0.0001206 0.0001164 0.0001526 0.00027285 0.00018845 0.00016385 0.00013555 0.0001791 0.0001569 0.00019505 0.0001669 0.00015705 0.00011605 0.00013075 0.00023725 0.0001405 0.0001085 0.00014395 0.0001256 0.0001357 0.00017975 0.00013475 0.00022415 0.00025035 0.000131 0.0001082 0.00011755 0.0001332 0.0002629 0.00016335 0.0001807 0.00015065 0.0001038 0.0001164 0.00013485 0.00013715 0.00011605 0.0001846 0.00012535 0.00015055 0.0001166
25 0.0001505 0.00019385 0.0001917 0.0001336 0.0001791 0.00015015 0.000141 0.0001718 0.0001787 0.00019255 0.0001373 0.00017915 0.00017115 0.0001564 0.00018585 0.00013375 0.000179 0.00016845 0.00016815 0.00014965 0.0001357 0.00015965 0.0001881 0.00016575 0.0001504 0.0002663 0.00015 0.0001967 0.00013355 0.00016465 0.0001692 0.00014145 0.0001958 0.000164 0.0001821 0.0001655 0.0001797 0.0001646 0.00015885 0.0002809 0.000195 0.0001718 0.00018435 0.0002532 0.0001967 0.00015125 0.0001416 0.0001643 0.0002706 0.0001583 0.00015905 0.00015145 0.00027735 0.0001643 0.00013365 0.00013415 0.00023225 0.00016435 0.00016815 0.000166 0.00013735 0.00014115 0.0002551 0.0001789 0.0001527 0.0001856 0.0001644 0.00014915 0.00019485 0.0001526 0.0001493 0.00013715 0.0001518 0.00026985 0.0001968 0.00014155 0.00017905 0.000159 0.00016585 0.0001645 0.00013825 0.00017915 0.0002244 0.00015205 0.00014125 0.00013855 0.0001425 0.0003082 0.0001954 0.00021535 0.00015015 0.00014855 0.00013725 0.0001453 0.00017865 0.00013705 0.000178 0.00014985 0.0001334 0.00013745
26 9.57e-05 0.00018665 0.0001959 0.0001031 0.0001168 9.615e-05 0.0001046 0.00017165 0.00014645 0.0001455 7.57e-05 0.00011685 0.0001702 0.0001538 0.0001551 0.00010305 0.0001167 0.0001138 0.00011365 0.00015375 7.4e-05 0.0001578 0.00019715 0.000177 0.00010945 0.00015 0.0001436 0.0001197 0.00010275 0.0001625 9.34e-05 7.41e-05 0.00010925 0.0002171 0.00017315 0.0001049 0.0001715 0.00015475 9.155e-05 0.0002556 0.00026705 0.00016465 0.0001381 0.0002002 0.0001197 0.0001783 7.485e-05 0.00021725 0.000205 7.635e-05 7.79e-05 0.00011925 0.00021305 0.000199 0.00012035 7.205e-05 0.00020155 0.00020015 0.0001355 9.345e-05 7.565e-05 0.0001219 0.0002966 0.0001638 0.00013245 0.00010785 0.0001693 0.000183 0.0001972 0.0001561 0.00018345 7.635e-05 0.0001135 0.0002433 0.0001198 7.42e-05 0.00011675 0.00011535 0.0001061 0.00017025 0.00012885 0.00024615 0.0002467 0.0001136 7.405e-05 7.75e-05 9.785e-05 0.00025815 0.00013965 0.0001594 0.00012585 7.74e-05 7.52e-05 9.915e-05 0.0001461 7.545e-05 0.00015325 0.0001256 0.0001501 7.54e-05
27 0.00017075 0.00014895 0.0001461 0.00019315 0.0001174 0.00017045 0.0001819 0.0002363 0.00014045 0.00013525 0.0001389 0.0001174 0.0002341 0.00018425 0.00019775 0.0001623 0.0001173 0.0001882 0.0001576 0.0001977 0.00017095 0.00015505 0.00016985 0.00019865 0.0001404 0.0001967 0.0001197 0.0001291 0.0001928 0.0002405 0.0001044 0.00015865 6.86e-05 0.00025115 0.000195 0.0001359 0.0001951 0.0001449 0.00017555 0.00025825 0.0003253 0.00022915 0.000159 0.00013545 6.47e-05 0.0001892 0.00015885 0.0002513 0.00019575 0.00010385 0.00010615 0.00019205 0.00011955 0.0002699 0.00017355 0.00016985 0.00021305 0.0002711 0.00014275 0.00016425 0.00013895 0.00016235 0.0003017 0.00012105 0.00014165 0.00011 0.0002167 0.00022045 0.0001452 0.0001664 0.0002209 0.0001389 0.00020975 0.00017155 6.485e-05 0.00015875 0.00011735 0.00019815 0.0001363 0.00024765 0.0001836 0.00021985 0.00022765 0.00021 0.00015845 0.00013965 0.00018015 0.00016565 0.0001179 0.00014605 0.00015235 0.00011665 0.00013885 0.0001469 0.0001402 0.0001386 0.00012485 0.0001934 0.0001968 0.00013905
28 7.855e-05 0.00021075 0.0002526 3.69e-05 0.00014355 7.745e-05 4.55e-05 0.00012555 0.0001438 0.0002264 7.205e-05 0.0001436 0.00012395 0.0001375 0.00014935 7.03e-05 0.00014345 9.775e-05 0.00013035 0.0001305 4e-05 0.0001726 0.0002539 0.00017205 0.000106 0.00013355 0.00010275 0.0001928 7.3e-05 0.0001178 0.00013815 4.59e-05 0.00016615 0.00021365 0.0001663 0.0001412 0.00018095 0.00019415 6.405e-05 0.00023565 0.00019745 0.00012555 0.0001718 0.00026785 0.0001928 0.00020605 4.565e-05 0.0002138 0.00022465 9.285e-05 9.455e-05 0.00010295 0.0002898 0.00011755 0.0001333 3.8e-05 0.0001863 0.0001175 0.00019855 7.2e-05 7.21e-05 0.00014195 0.00025785 0.0002403 0.00020145 0.0001255 0.000149 0.0001303 0.0002375 0.00016515 0.0001308 7.13e-05 5.695e-05 0.0002845 0.0001929 4.6e-05 0.0001435 6.46e-05 0.00014195 0.00011705 9.725e-05 0.0002509 0.0002741 5.72e-05 4.57e-05 7.37e-05 7.055e-05 0.00032285 0.0001845 0.00021795 0.0001538 0.00010215 7.22e-05 0.0001039 0.0001434 7.175e-05 0.00021355 7.745e-05 0.00013365 7.24e-05
29 0.000117 0.0002177 0.0002468 0.00011815 0.00019345 0.0001173 0.00012375 0.000116 0.00020755 0.00021055 0.00013745 0.0001935 0.00011585 0.00015025 0.0001576 0.0001514 0.00019335 0.00011725 0.0001503 0.0001447 0.0001042 0.000184 0.0002351 0.00015785 0.0001799 0.00016465 0.0001625 0.0002405 0.0001178 0.0002054 0.0001839 0.00010885 0.0002241 0.00015695 0.00015745 0.0001687 0.0001706 0.00020465 0.00010905 0.00026055 0.00011685 0.0001089 0.00016395 0.0002814 0.0002405 0.0001915 0.00010955 0.000157 0.00025255 0.0001566 0.00015675 0.0001177 0.00030505 0.0001237 0.00015055 0.0001029 0.00021105 0.00012485 0.000198 0.0001149 0.00013735 0.0001562 0.00021155 0.00024005 0.00020235 0.00018265 0.00014395 0.0001584 0.0002342 0.0001781 0.00015885 0.000138 0.00011025 0.00029475 0.0002406 0.00010895 0.0001934 0.0001162 0.00016935 0.0001104 0.00015225 0.0002159 0.0002517 0.00011025 0.0001089 0.0001387 0.00010985 0.00034315 0.00020685 0.00024405 0.0001656 0.0001616 0.0001369 0.0001436 0.0002072 0.0001372 0.00022355 0.0001312 0.00016475 0.0001371
30 0.00013455 0.00015885 0.0001994 0.0001385 0.0001352 0.00013445 0.00014055 0.000193 0.0001649 0.0001122 7.825e-05 0.00013525 0.0001909 0.00015845 0.00012775 0.000108 0.0001351 0.0001346 0.0001039 0.0001585 0.00011045 0.0001296 0.0001925 0.0001848 0.000127 0.0001692 9.34e-05 0.0001044 0.00013815 0.0001839 9.41e-05 0.0001106 7.825e-05 0.0002217 0.00016015 0.00011785 0.00017435 0.00014155 0.00011055 0.00022615 0.0002733 0.000186 0.0001311 0.0001711 0.0001044 0.0001681 0.0001111 0.00022185 0.0001935 7.805e-05 8e-05 0.00015965 0.00018425 0.0002199 0.0001395 0.00010835 0.00019035 0.00022105 0.00011175 0.00011265 7.83e-05 0.0001416 0.0002703 0.000166 0.00013565 0.0001112 0.00015935 0.0001878 0.000185 0.0001278 0.00018825 7.84e-05 0.0001319 0.0002146 0.0001044 0.0001107 0.00013515 0.0001338 0.00011885 0.00019105 0.0001336 0.00023405 0.00021875 0.00013215 0.0001104 8e-05 0.00013585 0.00022915 0.000161 0.00013 0.0001448 9.605e-05 7.81e-05 0.00010375 0.00016455 7.795e-05 0.00013985 0.00016395 0.0001693 7.83e-05
31 4.955e-05 0.000203 0.00024435 4.625e-05 0.0001158 5.025e-05 4.58e-05 0.00011595 0.00014545 0.00019145 5.005e-05 0.00011585 0.00011765 0.00013145 0.00014405 7.965e-05 0.0001157 6.875e-05 0.0001016 0.0001302 1.55e-05 0.0001638 0.0002459 0.00016425 0.0001084 0.00014145 7.41e-05 0.00015865 4.59e-05 0.00010885 0.0001106 3.03e-05 0.00013225 0.00021165 0.00015935 0.00010565 0.00017385 0.0001873 3.44e-05 0.00024185 0.0002164 0.0001089 0.00013685 0.000232 0.00015865 0.000204 1.62e-05 0.0002118 0.0001882 6.065e-05 5.905e-05 7.495e-05 0.00025455 0.0001452 0.0001118 1.535e-05 0.0001766 0.00014635 0.00016955 3.415e-05 4.995e-05 0.0001114 0.0002768 0.0002111 0.00017065 8.895e-05 0.00014845 0.00015945 0.0002295 0.0001637 0.0001599 5.065e-05 5.785e-05 0.00027625 0.00015875 1.54e-05 0.00011575 5.805e-05 0.0001053 0.0001165 0.0001051 0.0002701 0.0002721 5.785e-05 1.525e-05 5.015e-05 4.055e-05 0.00029915 0.0001496 0.00018095 0.00012585 6.42e-05 4.95e-05 7.66e-05 0.0001451 4.98e-05 0.0001846 7.97e-05 0.00014155 4.97e-05
32 0.0001472 0.0001221 0.00017885 0.0001665 0.00012425 0.000147 0.00015555 0.00022025 0.0001474 0.000135 0.0001092 0.0001243 0.00021775 0.00016435 0.00017935 0.0001383 0.00012415 0.0001658 0.0001378 0.0001778 0.00014455 0.0001324 0.00018845 0.0001813 0.0001366 0.0001958 0.00010925 6.86e-05 0.00016615 0.0002241 7.825e-05 0.00013225 6.38e-05 0.00026055 0.00017555 0.0001287 0.00019625 0.0001425 0.0001501 0.0002503 0.00031925 0.0002131 0.00014255 0.00015965 6.86e-05 0.0001886 0.0001325 0.0002607 0.00018675 7.42e-05 7.67e-05 0.0001718 0.00014585 0.00025355 0.00017265 0.0001431 0.00020405 0.00025475 0.0001357 0.00013915 0.00010925 0.00016175 0.0003027 0.00015365 0.0001579 7.67e-05 0.00020295 0.00020055 0.0001588 0.0001435 0.000201 0.00010925 0.0001844 0.0001958 6.86e-05 0.00013235 0.0001242 0.00017315 0.00012945 0.0002313 0.00015715 0.0002257 0.0002441 0.00018465 0.00013205 0.0001103 0.000157 0.00018995 0.00012805 0.0001538 0.00015675 0.00010735 0.00010915 0.00012045 0.00014705 0.0001089 0.000117 0.00016995 0.0001959 0.00010935
33 0.00019595 0.00020065 0.00018585 0.000214 0.0002352 0.0001961 0.0002191 0.00016205 0.00024235 0.00018365 0.0002095 0.00023525 0.0001625 0.00016845 0.00019355 0.0002138 0.0002351 0.00019525 0.00019515 0.0001629 0.0002072 0.0001707 0.00016925 0.00015135 0.00022405 0.000164 0.0002171 0.00025115 0.00021365 0.00015695 0.0002217 0.00021165 0.00026055 0.0002138 0.000173 0.0002002 0.0001691 0.0001747 0.0002107 0.00029825 0.00010725 0.00016215 0.00018345 0.0002736 0.00025115 0.0001365 0.00021185 0.0001073 0.0003053 0.0002283 0.00022795 0.0001725 0.00029955 0.00016325 0.00015695 0.0002063 0.0002569 0.0001645 0.0001744 0.0002158 0.00020955 0.00016215 0.00020175 0.00018545 0.0001603 0.0002497 0.00015845 0.00016965 0.00019135 0.0001654 0.0001701 0.0002097 0.00020465 0.00028005 0.00025125 0.00021175 0.00023515 0.00021005 0.00020015 0.00015705 0.000193 0.00013695 0.0002018 0.0002049 0.00021145 0.0002101 0.00018815 0.00032845 0.0002246 0.0002482 0.0001685 0.0002148 0.0002093 0.0001913 0.000242 0.00020925 0.00019485 0.00020305 0.0001642 0.0002095
34 0.00015855 0.0001759 0.0002111 0.00016665 0.0002034 0.00015835 0.0001602 0.00015105 0.00020415 0.0001691 0.0001658 0.00020345 0.0001496 0.00014995 0.0001609 0.0001691 0.0002033 0.0001587 0.0001612 0.00015775 0.0001671 0.0001508 0.0001994 0.0001502 0.00017615 0.0001821 0.00017315 0.000195 0.0001663 0.00015745 0.00016015 0.00015935 0.00017555 0.000173 0.0002979 0.00016675 0.00016535 0.00016535 0.0001589 0.00025745 0.0001492 0.0001509 0.00015385 0.0002489 0.000195 0.0001738 0.00015945 0.00017305 0.0002516 0.0001498 0.000151 0.0001588 0.00026385 0.00015745 0.00018135 0.00016575 0.00021595 0.00015865 0.00017385 0.0001524 0.00016585 0.00017495 0.00021375 0.00021895 0.00018975 0.0001776 0.00016075 0.0001581 0.00019535 0.00015745 0.00015855 0.0001658 0.0001652 0.0002598 0.00019495 0.00015945 0.00020335 0.00015855 0.00016725 0.0001575 0.00016685 0.0001833 0.00023765 0.00016545 0.00015915 0.0001668 0.0001597 0.0002955 0.000196 0.00022025 0.0001752 0.0001682 0.00016575 0.0001582 0.0002038 0.0001655 0.00019955 0.0001589 0.0001822 0.00016595
35 0.0001053 0.00018785 0.0001937 0.00014155 0.00014545 0.0001055 0.00012925 0.0001639 0.00016855 0.00010165 0.00012095 0.0001455 0.0001639 0.00015575 0.0001472 0.0001415 0.00014535 0.00011495 0.0001147 0.00016805 0.00011835 0.0001585 0.000171 0.00015555 0.00013525 0.0001655 0.0001049 0.0001359 0.0001412 0.0001687 0.00011785 0.00010565 0.0001287 0.0002002 0.00016675 0.000183 0.000165 0.0001565 0.00011485 0.0002679 0.00023415 0.0001568 0.0001029 0.0002038 0.0001359 0.0001692 0.0001061 0.00020035 0.0002119 9.655e-05 9.665e-05 0.00010545 0.0002171 0.00019845 0.0001424 0.00011745 0.0002129 0.00019965 0.0001131 0.0001029 0.000121 0.00013015 0.00028275 0.0001695 0.00014035 0.00012595 0.00017515 0.00019075 0.00019515 0.00017055 0.0001912 0.0001214 0.00015025 0.00025205 0.000136 0.0001057 0.0001454 0.00013805 9.265e-05 0.0001763 0.00014405 0.000234 0.0002489 0.00015045 0.0001055 0.0001216 0.00010595 0.00026255 0.00013265 0.00016555 0.0001353 9.48e-05 0.00012065 0.00010855 0.0001682 0.0001207 0.00016225 0.0001284 0.0001656 0.00012085
36 0.00017315 0.0001964 0.00019105 0.0001813 0.0002004 0.000173 0.0001747 0.00016405 0.00020115 0.00016355 0.00018345 0.00020045 0.00016275 0.0001676 0.0001704 0.0001811 0.0002003 0.00017215 0.00017205 0.0001754 0.0001816 0.00017145 0.0001806 0.0001677 0.00017315 0.0001797 0.0001715 0.0001951 0.00018095 0.0001706 0.00017435 0.00017385 0.00019625 0.0001691 0.00016535 0.000165 0.0003212 0.0001653 0.0001726 0.00026685 0.00016085 0.0001639 0.00016415 0.000242 0.0001951 0.0001744 0.00017395 0.00016915 0.0002622 0.00016755 0.0001687 0.00017345 0.00025695 0.0001706 0.00017895 0.0001804 0.00022655 0.0001718 0.0001752 0.00016595 0.0001835 0.0001724 0.000223 0.0001989 0.00017025 0.00019495 0.0001716 0.00017575 0.00019535 0.0001781 0.0001762 0.00018345 0.0001785 0.0002529 0.0001952 0.00017395 0.00020035 0.00017185 0.00016535 0.00017065 0.0001845 0.0001839 0.00023135 0.00017875 0.00017365 0.0001843 0.0001742 0.0002886 0.000193 0.0002139 0.0001728 0.0001656 0.0001834 0.00017585 0.0002008 0.00018315 0.0002 0.00017355 0.0001798 0.0001836
