 slim_337523948 slim_337524080 slim_337524086 slim_337524129 slim_337524037 slim_337524141 slim_337524050 slim_337523990 slim_337523897 slim_337524038 slim_337523905 slim_337523904 slim_337524059 slim_337524104 slim_337524150 slim_337524143 slim_337524066 slim_337524022 slim_337524159 slim_337524096 slim_337523832 slim_337524074 slim_337524147 slim_337523976 slim_337524028 slim_337523996 slim_337524035 slim_337523987 slim_337524087 slim_337524116 slim_337524106 slim_337524042 slim_337523963 slim_337524149 slim_337524098 slim_337524130 slim_337523935 slim_337524124 slim_337524020 slim_337524071 slim_337523961 slim_337523915 slim_337524151 slim_337524029 slim_337524140 slim_337524162 slim_337524056 slim_337524032 slim_337524079 slim_337524094 slim_337524156 slim_337524100 slim_337524063 slim_337524073 slim_337524081 slim_337524046 slim_337523986 slim_337524118 slim_337524160 slim_337524012 slim_337524077 slim_337524133 slim_337524137 slim_337524123 slim_337524161 slim_337524030 slim_337524111 slim_337524138 slim_337523851 slim_337524146 slim_337524115 slim_337524006 slim_337523699 slim_337523829 slim_337524145 slim_337524126 slim_337524157 slim_337523821 slim_337524014 slim_337524097 slim_337524121 slim_337524061 slim_337524024 slim_337524131 slim_337524152 slim_337523991 slim_337524027 slim_337523910 slim_337524108 slim_337524134 slim_337524139 slim_337524053 slim_337524135 slim_337523808 slim_337524125 slim_337524155 slim_337524144 slim_337523978 slim_337524058 slim_337524148
0 0.0001462 8.37e-05 7.665e-05 0.0001047 0.0001257 0.00011305 7.69e-05 7.81e-05 7.72e-05 7.725e-05 0.00011335 0.00010515 8.315e-05 0.00010555 9.96e-05 7.545e-05 0.00010555 9.725e-05 8.395e-05 8.345e-05 0.0001046 9.72e-05 9.66e-05 9.855e-05 0.00010565 8.285e-05 0.00010395 9.785e-05 9.77e-05 9.69e-05 0.0001263 7.915e-05 7.545e-05 9.57e-05 8.325e-05 9.72e-05 0.00011225 7.505e-05 9.695e-05 9.7e-05 0.000104 7.695e-05 0.00010555 7.67e-05 0.000105 8.545e-05 9.755e-05 8.325e-05 7.525e-05 0.00010435 0.00010555 0.0001258 0.00010545 0.00010495 7.62e-05 9.63e-05 7.49e-05 0.0001003 7.615e-05 0.00010455 8.435e-05 7.375e-05 8.295e-05 9.58e-05 8.45e-05 8.275e-05 7.455e-05 0.00011215 9.565e-05 7.905e-05 8.315e-05 7.675e-05 0.0001044 9.98e-05 8.345e-05 0.0001058 0.0001047 8.355e-05 0.0001185 8.39e-05 7.53e-05 8.35e-05 8.33e-05 7.505e-05 7.66e-05 0.00010535 7.715e-05 7.695e-05 7.665e-05 9.715e-05 7.52e-05 8.39e-05 7.61e-05 9.975e-05 8.315e-05 7.53e-05 0.0001055 9.735e-05 0.0001045 8.22e-05
1 8.37e-05 0.0001421 9.42e-05 0.0001036 0.00013435 0.0001034 8.475e-05 7.76e-05 7.505e-05 7.2e-05 0.0001121 0.00011195 8.26e-05 0.00010455 0.0001067 8.48e-05 0.00011305 0.0001143 7.255e-05 7.11e-05 0.000104 9.47e-05 0.0001148 0.0001058 0.00010395 8.265e-05 0.00010375 0.00010375 0.00010285 0.00011505 0.00013485 7.655e-05 7.455e-05 0.000105 8.075e-05 0.00010555 0.00010305 8.395e-05 0.00011485 0.0001051 0.00011155 7.33e-05 0.0001114 8.455e-05 0.0001145 8.34e-05 0.0001035 9.225e-05 7.51e-05 0.000104 0.00010385 0.0001338 0.000113 0.0001035 8.265e-05 0.00011285 8.445e-05 0.00010845 8.475e-05 0.0001036 8.295e-05 8.42e-05 9.17e-05 0.0001049 8.385e-05 8.375e-05 8.39e-05 0.00010175 0.00010355 7.805e-05 7.285e-05 8.295e-05 0.00010375 0.0001083 9.26e-05 0.00010245 0.00011295 8.295e-05 0.0001349 8.245e-05 7.52e-05 7.115e-05 8.305e-05 7.55e-05 8.44e-05 0.00010435 7.53e-05 7.175e-05 8.465e-05 0.00010445 8.405e-05 7.32e-05 7.135e-05 0.0001076 9.235e-05 8.225e-05 0.0001137 0.00011495 0.00011305 9.2e-05
2 7.665e-05 9.42e-05 3e-07 9.41e-05 8.905e-05 8.66e-05 4.365e-05 0.0001076 5.26e-05 6.495e-05 4.36e-05 7.995e-05 5.73e-05 0.0001057 0.00010275 2.855e-05 5.275e-05 6.06e-05 9.475e-05 9.395e-05 9.38e-05 0.00010345 4.42e-05 0.00010275 9.94e-05 5.715e-05 7.82e-05 8.185e-05 0.00010995 2.555e-05 7.45e-05 7.505e-05 8.575e-05 8.61e-05 5.15e-05 8.63e-05 0.0001191 7.7e-05 4.525e-05 0.0001151 8.54e-05 8.115e-05 8.06e-05 4.345e-05 5.09e-05 4.51e-05 8.2e-05 1.05e-05 8.54e-05 6.08e-05 0.00010705 0.0001063 7.97e-05 0.00011545 4.54e-05 7.175e-05 4.54e-05 9.62e-05 4.535e-05 9.415e-05 2.065e-05 4.84e-05 4.325e-05 8.645e-05 3.645e-05 5.67e-05 0.00010575 0.0001187 0.0001144 7.355e-05 0.0001273 4.135e-05 7.805e-05 7.46e-05 4.285e-05 0.0001009 5.145e-05 2.22e-05 0.00010965 8.585e-05 8.55e-05 9.4e-05 5.155e-05 7.095e-05 1.65e-05 0.0001055 8e-05 8.25e-05 7.45e-05 0.000143 6.5e-05 9.305e-05 9.785e-05 0.00010235 1.63e-05 4.4e-05 5.195e-05 4.545e-05 6.975e-05 1.35e-05
3 0.0001047 0.0001036 9.41e-05 0.0001157 6.01e-05 7.615e-05 0.0001223 0.0001056 0.00012195 0.00013165 9.26e-05 0.00010385 7.65e-05 0.00010445 0.00010505 0.00010565 7.525e-05 5.805e-05 0.0001042 0.00010335 5.875e-05 0.0001495 7.565e-05 0.0001257 0.00014775 7.66e-05 7.645e-05 0.0001048 0.0001323 9.355e-05 7.47e-05 0.00012235 0.00010455 5.93e-05 0.0001203 5.855e-05 5.905e-05 0.00010435 7.685e-05 8.755e-05 0.00010925 0.00014925 0.0001048 0.0001221 7.545e-05 0.0001145 0.00010375 9.29e-05 0.00010495 7.585e-05 0.00010425 5.855e-05 0.00010425 7.97e-05 0.0001219 0.0001049 7.715e-05 9.835e-05 7.67e-05 5.865e-05 9.325e-05 7.68e-05 0.00012115 6.03e-05 0.0001055 7.64e-05 0.00013305 5.86e-05 8.755e-05 0.00012225 8.74e-05 0.0001216 7.73e-05 7.635e-05 0.00012175 0.00014785 7.515e-05 9.255e-05 8.705e-05 0.00010455 0.00010505 0.0001033 0.000121 8.925e-05 9.42e-05 0.00010425 0.0001495 0.0001492 0.00010515 0.00011605 6.04e-05 0.00010385 0.0001321 0.0001053 9.875e-05 0.00012095 7.535e-05 7.645e-05 7.675e-05 9.255e-05
4 0.0001257 0.00013435 8.905e-05 6.01e-05 2.14e-05 7.6e-05 0.00012625 0.00015255 0.0001341 0.000144 6.58e-05 7.775e-05 9.815e-05 0.0001043 0.00010465 0.00010915 4.98e-05 3.395e-05 0.0001345 0.0001341 5.98e-05 0.0001402 5e-05 0.00010865 0.00012955 9.795e-05 7.645e-05 8.73e-05 0.000115 6.745e-05 2.885e-05 0.0001517 0.0001349 6.075e-05 0.0001238 6.05e-05 7.685e-05 0.00012535 5.105e-05 8.85e-05 8.3e-05 0.0001615 7.77e-05 0.00012605 5.05e-05 0.00011765 8.71e-05 8.77e-05 0.0001353 5.81e-05 0.00010415 2.94e-05 7.825e-05 8.115e-05 0.00012515 7.76e-05 9.89e-05 9.84e-05 9.86e-05 6.035e-05 9.705e-05 9.79e-05 0.00011495 5.95e-05 0.00010965 9.735e-05 0.00015355 7.685e-05 8.825e-05 0.0001515 0.00013575 0.00012525 7.63e-05 7.71e-05 0.0001163 0.00012975 4.965e-05 9.6e-05 4.075e-05 0.00012535 0.0001354 0.00013415 0.0001242 0.0001202 9.735e-05 0.0001041 0.00016165 0.00016155 0.0001268 0.00011635 8.205e-05 0.0001345 0.000145 0.000105 9.355e-05 0.00012395 5.035e-05 5.105e-05 6.75e-05 8.675e-05
5 0.00011305 0.0001034 8.66e-05 7.615e-05 7.6e-05 0.0001323 0.00011405 0.0001146 0.000113 0.00012165 6.79e-05 0.00010405 7.665e-05 0.00010385 0.00011485 9.775e-05 7.56e-05 8.41e-05 0.0001025 0.00010315 7.515e-05 0.00014005 8.52e-05 0.0001334 0.0001305 7.645e-05 7.615e-05 0.0001123 0.00013925 8.58e-05 7.615e-05 0.00011505 0.00011235 8.47e-05 0.00010325 8.485e-05 6.645e-05 0.0001122 8.495e-05 0.00011155 0.00010935 0.0001398 0.00010295 0.00011385 7.75e-05 9.74e-05 0.00011145 7.715e-05 0.0001132 7.685e-05 0.000103 7.535e-05 0.0001044 9.665e-05 0.00011215 0.00011225 8.605e-05 0.0001082 8.595e-05 7.63e-05 7.685e-05 8.57e-05 0.00010405 8.465e-05 8.95e-05 7.6e-05 0.00014 6.75e-05 0.00011225 0.0001156 0.0001035 0.0001128 7.56e-05 8.745e-05 0.0001054 0.00012995 7.59e-05 7.66e-05 0.0001118 0.00010285 0.0001133 0.0001032 0.00010475 9.775e-05 8.49e-05 0.00010365 0.0001407 0.0001391 0.000113 0.0001393 8.45e-05 0.0001043 0.0001388 0.00011505 8.305e-05 0.00011215 7.68e-05 8.505e-05 7.61e-05 7.68e-05
6 7.69e-05 8.475e-05 4.365e-05 0.0001223 0.00012625 0.00011405 8.42e-05 9.66e-05 4.455e-05 4.45e-05 8.11e-05 8.925e-05 8.515e-05 0.00010635 0.00010095 4.315e-05 8.96e-05 9.775e-05 8.48e-05 8.45e-05 0.0001216 6.58e-05 8.19e-05 8.255e-05 7.33e-05 8.5e-05 0.0001061 8.165e-05 8.15e-05 6.54e-05 0.00011095 6.4e-05 7.72e-05 0.00011425 5.15e-05 0.00011435 0.00014655 7.74e-05 8.17e-05 0.00011475 8.89e-05 4.44e-05 8.925e-05 4.215e-05 8.92e-05 5.285e-05 8.15e-05 5.13e-05 7.73e-05 8.935e-05 0.0001067 0.0001432 8.945e-05 0.00012255 4.455e-05 8.125e-05 7.67e-05 0.0001017 7.655e-05 0.000122 5.155e-05 7.71e-05 5.22e-05 0.00011425 5.105e-05 8.495e-05 7.75e-05 0.00014665 0.00011415 6.38e-05 0.000118 4.395e-05 0.00010585 0.0001012 5.22e-05 7.34e-05 8.905e-05 5.17e-05 0.00011885 8.52e-05 7.74e-05 8.455e-05 5.21e-05 7.6e-05 4.485e-05 0.00010615 4.465e-05 4.435e-05 7.745e-05 0.0001146 9.305e-05 8.5e-05 5.985e-05 0.000101 5.135e-05 4.405e-05 8.965e-05 8.225e-05 0.0001063 5.17e-05
7 7.81e-05 7.76e-05 0.0001076 0.0001056 0.00015255 0.0001146 9.66e-05 9.71e-05 8.92e-05 8.875e-05 0.00014345 0.0001336 8.67e-05 0.0001077 9.71e-05 9.575e-05 0.0001332 0.0001229 7.64e-05 7.735e-05 0.00010435 0.0001091 0.00012535 0.00011735 0.0001268 8.655e-05 0.0001077 0.00011705 0.0001167 0.0001278 0.00015405 6.92e-05 7.005e-05 9.735e-05 0.00010485 9.795e-05 9.53e-05 7.81e-05 0.00012505 9.635e-05 0.0001332 8.885e-05 0.0001339 9.64e-05 0.00013335 0.0001062 0.0001162 0.0001145 7.015e-05 0.00012425 0.0001076 0.00013505 0.0001338 0.00010575 9.75e-05 0.00012575 7.92e-05 9.725e-05 7.955e-05 0.00010525 0.0001055 7.85e-05 0.0001139 9.79e-05 0.00010405 8.53e-05 7.72e-05 9.665e-05 9.775e-05 6.905e-05 5.775e-05 9.805e-05 0.00010765 9.685e-05 0.0001142 0.0001267 0.00013275 0.00010525 0.0001445 8.525e-05 7.025e-05 7.74e-05 0.00010455 6.825e-05 9.8e-05 0.0001075 8.93e-05 8.86e-05 7.925e-05 9.69e-05 7.635e-05 7.805e-05 8.6e-05 9.715e-05 0.00011455 9.705e-05 0.0001335 0.00012565 0.0001164 0.0001138
8 7.72e-05 7.505e-05 5.26e-05 0.00012195 0.0001341 0.000113 4.455e-05 8.92e-05 5.55e-05 3.465e-05 8.82e-05 9.62e-05 8.52e-05 0.00010155 0.00010195 4.57e-05 9.77e-05 0.0001067 7.51e-05 7.48e-05 0.00012095 5.595e-05 9.1e-05 7.75e-05 6.91e-05 8.505e-05 0.0001063 7.695e-05 7.875e-05 7.51e-05 0.00011965 5.645e-05 6.475e-05 0.00011515 5.045e-05 0.0001152 0.0001455 7.66e-05 9.15e-05 0.0001144 9.655e-05 3.115e-05 9.635e-05 4.435e-05 9.69e-05 4.855e-05 8.11e-05 5.96e-05 6.53e-05 8.875e-05 0.0001051 0.00015145 9.485e-05 0.0001211 4.455e-05 8.935e-05 7.76e-05 0.0001024 7.74e-05 0.0001221 5.115e-05 7.815e-05 5.97e-05 0.0001145 5.225e-05 8.475e-05 7.655e-05 0.0001456 0.00011425 5.325e-05 0.00010835 4.355e-05 0.00010565 0.000103 6.02e-05 7.275e-05 9.7e-05 4.865e-05 0.00012545 8.4e-05 6.54e-05 7.485e-05 5.04e-05 7.035e-05 4.24e-05 0.00010175 2.87e-05 3.46e-05 7.65e-05 0.000112 9.355e-05 7.175e-05 4.995e-05 0.00010045 5.98e-05 4.38e-05 9.74e-05 9.16e-05 0.00011495 6.015e-05
9 7.725e-05 7.2e-05 6.495e-05 0.00013165 0.000144 0.00012165 4.45e-05 8.875e-05 3.465e-05 3.62e-05 9.735e-05 9.575e-05 9.385e-05 0.00010545 0.0001007 5.495e-05 0.0001066 0.00011695 7.245e-05 7.175e-05 0.00013115 4.28e-05 0.00010135 7.16e-05 6.18e-05 9.36e-05 0.00011475 7.925e-05 6.785e-05 8.575e-05 0.00012935 5.32e-05 6.83e-05 0.00012505 4.77e-05 0.0001253 0.00015505 7.715e-05 0.00010075 0.0001143 9.525e-05 2.205e-05 9.33e-05 4.43e-05 0.00010865 5.035e-05 7.81e-05 7.065e-05 6.865e-05 9.855e-05 0.000104 0.00016115 9.715e-05 0.0001212 4.1e-05 8.775e-05 8.855e-05 0.0001027 8.855e-05 0.00013185 6.05e-05 8.815e-05 5.875e-05 0.0001246 6.185e-05 9.495e-05 6.66e-05 0.00015475 0.000113 5.615e-05 0.0001077 4.15e-05 0.0001135 0.0001129 5.965e-05 5.885e-05 0.0001071 6.105e-05 0.0001273 8.255e-05 6.875e-05 7.18e-05 5.085e-05 7.915e-05 5.425e-05 0.00010525 2.495e-05 1.895e-05 7.8e-05 0.0001033 0.00010285 7.49e-05 3.59e-05 0.00010195 7.07e-05 4.14e-05 0.0001081 0.0001008 0.0001236 7.025e-05
10 0.00011335 0.0001121 4.36e-05 9.26e-05 6.58e-05 6.79e-05 8.11e-05 0.00014345 8.82e-05 9.735e-05 4.77e-05 7.655e-05 7.665e-05 0.0001043 0.00011645 6.52e-05 5.02e-05 7.54e-05 0.0001129 0.00011185 9.255e-05 0.0001163 5.975e-05 0.0001168 9.7e-05 7.65e-05 7.62e-05 9.495e-05 0.00012245 4.39e-05 5.13e-05 0.0001095 0.00012115 0.00010155 6.975e-05 0.0001016 0.0001012 0.00011315 5.985e-05 0.0001295 8.3e-05 0.0001153 7.645e-05 8.09e-05 5.155e-05 6.375e-05 9.5e-05 3.425e-05 0.000122 5.96e-05 0.0001036 8.325e-05 7.71e-05 0.00011325 7.925e-05 8.57e-05 8.575e-05 0.00011055 8.555e-05 9.28e-05 4.32e-05 8.58e-05 6.2e-05 0.00010075 5.545e-05 7.74e-05 0.0001414 0.00010055 0.0001285 0.00010975 0.0001466 7.92e-05 7.555e-05 8.965e-05 6.21e-05 9.675e-05 4.965e-05 4.265e-05 0.00010275 0.0001041 0.0001221 0.0001119 7.05e-05 0.0001075 5.17e-05 0.0001041 0.0001159 0.0001149 0.00011355 0.0001569 0.00010115 0.0001127 0.0001308 0.0001169 4.015e-05 7.895e-05 4.985e-05 5.99e-05 6.755e-05 3.43e-05
11 0.00010515 0.00011195 7.995e-05 0.00010385 7.775e-05 0.00010405 8.925e-05 0.0001336 9.62e-05 9.575e-05 7.655e-05 0.0001508 0.00010485 0.0001041 0.000106 8.955e-05 7.84e-05 7.9e-05 0.0001128 0.0001117 0.000104 9.66e-05 7.96e-05 8.81e-05 8.695e-05 0.0001047 0.00010455 8.585e-05 8.67e-05 8.015e-05 7.885e-05 0.0001162 0.00011345 0.0001052 8.59e-05 0.0001052 0.00012025 0.0001053 8.02e-05 0.00010515 7.62e-05 9.59e-05 7.72e-05 8.905e-05 7.9e-05 8.765e-05 8.72e-05 7.825e-05 0.00011405 8.715e-05 0.0001045 9.46e-05 7.685e-05 0.0001038 8.825e-05 7.81e-05 0.0001057 0.00010795 0.0001056 0.000104 8.765e-05 0.0001057 7.845e-05 0.00010485 8.75e-05 0.0001051 0.0001052 0.00011955 0.00010345 0.0001164 0.0001299 8.77e-05 0.00010465 0.00010775 7.835e-05 8.675e-05 7.75e-05 8.665e-05 7.855e-05 0.00010435 0.00011415 0.00011175 8.63e-05 0.0001155 8.865e-05 0.0001039 9.645e-05 9.555e-05 0.00010575 0.0001045 0.00010555 0.0001125 9.45e-05 0.0001072 7.835e-05 8.74e-05 7.74e-05 8.03e-05 9.57e-05 7.825e-05
12 8.315e-05 8.26e-05 5.73e-05 7.65e-05 9.815e-05 7.665e-05 8.515e-05 8.67e-05 8.52e-05 9.385e-05 7.665e-05 0.00010485 0.0001077 0.0001054 0.0001074 6.855e-05 7.665e-05 7.73e-05 8.345e-05 8.235e-05 7.68e-05 0.00013325 7.795e-05 0.00012705 0.0001314 5.43e-05 7.56e-05 0.00010575 0.0001325 7.705e-05 9.8e-05 8.645e-05 8.33e-05 7.615e-05 8.3e-05 7.74e-05 7.65e-05 8.43e-05 7.615e-05 0.0001055 0.00011005 0.0001118 0.000104 8.495e-05 7.79e-05 7.705e-05 0.0001047 5.62e-05 8.34e-05 7.7e-05 0.0001047 9.77e-05 0.0001052 9.75e-05 8.245e-05 0.000105 5.565e-05 0.00010125 5.665e-05 7.64e-05 5.6e-05 5.55e-05 8.35e-05 7.66e-05 6.835e-05 5.645e-05 0.0001126 7.58e-05 0.0001037 8.69e-05 8.34e-05 8.42e-05 7.56e-05 8e-05 8.29e-05 0.00013095 7.68e-05 5.605e-05 0.0001262 8.345e-05 8.35e-05 8.24e-05 8.43e-05 6.725e-05 5.545e-05 0.0001052 0.0001126 0.0001112 8.49e-05 0.00013325 5.52e-05 8.34e-05 0.0001109 0.0001076 6.19e-05 8.375e-05 7.76e-05 7.65e-05 7.55e-05 5.605e-05
13 0.00010555 0.00010455 0.0001057 0.00010445 0.0001043 0.00010385 0.00010635 0.0001077 0.00010155 0.00010545 0.0001043 0.0001041 0.0001054 0.0002029 0.0001076 0.0001066 0.0001046 0.00010475 0.00010415 0.0001043 0.00010315 0.0001056 0.0001056 0.0001033 0.00010315 0.00010525 0.00010515 0.00010285 0.0001037 0.000106 0.00010485 0.0001085 0.0001033 0.00010525 0.0001044 0.00010555 0.00010285 0.00010485 0.000106 0.0001047 0.0001041 0.0001032 0.0001044 0.00010615 0.00010455 0.0001038 0.00010495 0.0001047 0.00010385 0.00010485 0.00010435 0.0001036 0.0001033 0.0001041 0.00010605 0.0001051 0.0001058 0.00010795 0.0001059 0.0001046 0.00010505 0.000106 0.00010495 0.0001052 0.00010585 0.0001046 0.0001051 0.0001034 0.0001049 0.00010655 0.0001043 0.0001055 0.00010505 0.00010805 0.00010575 0.00010535 0.00010415 0.0001033 0.00010345 0.00010435 0.0001039 0.00010435 0.00010475 0.0001067 0.00010455 0.00010165 0.000102 0.0001054 0.0001051 0.0001034 0.0001054 0.0001027 0.00010455 0.00010665 0.0001049 0.0001054 0.0001047 0.0001061 0.00010475 0.0001049
14 9.96e-05 0.0001067 0.00010275 0.00010505 0.00010465 0.00011485 0.00010095 9.71e-05 0.00010195 0.0001007 0.00011645 0.000106 0.0001074 0.0001076 0.0001902 0.00010055 0.0001066 9.69e-05 0.0001068 0.00010645 0.0001046 0.0001011 9.96e-05 0.0001002 0.0001089 0.0001072 0.0001071 9.85e-05 9.875e-05 0.0001017 0.0001065 9.81e-05 0.0001 9.74e-05 0.00010795 9.775e-05 0.0001127 0.00010015 9.905e-05 9.785e-05 0.0001054 0.0001012 0.00010655 0.00010075 0.0001071 0.00010965 9.865e-05 0.0001092 0.0001001 0.0001068 0.00010755 0.0001045 0.00010705 0.00010535 0.00010105 9.925e-05 0.00010035 9.68e-05 0.0001006 0.0001048 0.00010925 0.0001 0.0001089 9.785e-05 0.0001081 0.00010765 0.00010015 0.00011275 9.655e-05 9.895e-05 0.0001059 0.0001016 0.0001072 9.615e-05 0.00010905 0.0001084 0.00010635 0.00010875 9.705e-05 0.00010735 0.0001002 0.0001065 0.00010895 9.87e-05 0.00010195 0.0001074 0.00010205 0.00010055 0.00010095 9.78e-05 9.775e-05 0.00010755 9.775e-05 9.63e-05 0.00010925 0.00010095 0.000107 9.955e-05 0.00010695 0.00010885
15 7.545e-05 8.48e-05 2.855e-05 0.00010565 0.00010915 9.775e-05 4.315e-05 9.575e-05 4.57e-05 5.495e-05 6.52e-05 8.955e-05 6.855e-05 0.0001066 0.00010055 5.02e-05 7.295e-05 8.055e-05 8.465e-05 8.455e-05 0.00010495 8.125e-05 6.395e-05 9.85e-05 8.835e-05 6.84e-05 8.95e-05 8.26e-05 9.76e-05 4.93e-05 9.415e-05 6.36e-05 7.72e-05 9.71e-05 5.12e-05 9.725e-05 0.00013025 7.575e-05 6.465e-05 0.0001138 8.86e-05 6.08e-05 8.93e-05 4.295e-05 7.235e-05 5.305e-05 8.1e-05 3.535e-05 7.705e-05 7.22e-05 0.0001063 0.00012655 8.965e-05 0.00012215 4.41e-05 7.995e-05 6.06e-05 0.00010085 6.05e-05 0.00010545 3.595e-05 5.92e-05 5.125e-05 9.69e-05 3.47e-05 6.735e-05 9.225e-05 0.00013055 0.0001137 6.36e-05 0.0001176 4.45e-05 8.925e-05 8.41e-05 5.19e-05 8.825e-05 7.245e-05 3.53e-05 0.00011825 8.48e-05 7.715e-05 8.46e-05 5.165e-05 5.89e-05 2.865e-05 0.0001064 6.125e-05 6.055e-05 7.76e-05 0.00013035 7.59e-05 8.525e-05 7.605e-05 0.0001005 3.54e-05 4.28e-05 7.325e-05 6.51e-05 8.97e-05 3.41e-05
16 0.00010555 0.00011305 5.275e-05 7.525e-05 4.98e-05 7.56e-05 8.96e-05 0.0001332 9.77e-05 0.0001066 5.02e-05 7.84e-05 7.665e-05 0.0001046 0.0001066 7.295e-05 9.68e-05 4.86e-05 0.0001129 0.0001128 7.515e-05 0.0001251 5.025e-05 0.00010885 0.00011385 7.64e-05 7.64e-05 8.79e-05 0.00011505 5.195e-05 4.93e-05 0.00011615 0.0001141 7.625e-05 8.7e-05 7.515e-05 9.255e-05 0.00010495 5.03e-05 0.0001041 8.37e-05 0.0001246 7.715e-05 8.94e-05 5.01e-05 8.055e-05 8.65e-05 5.145e-05 0.0001145 5.97e-05 0.0001038 6.61e-05 7.885e-05 9.695e-05 8.755e-05 7.87e-05 7.815e-05 9.995e-05 7.735e-05 7.59e-05 6.01e-05 7.78e-05 7.85e-05 7.68e-05 7.28e-05 7.695e-05 0.0001335 9.285e-05 0.00010445 0.00011645 0.00013065 8.84e-05 7.6e-05 7.8e-05 7.925e-05 0.00011355 4.955e-05 5.97e-05 7.76e-05 0.0001037 0.0001146 0.00011285 8.845e-05 9.89e-05 6.025e-05 0.0001044 0.00012525 0.00012415 0.00010575 0.0001326 7.615e-05 0.0001137 0.0001238 0.0001069 5.73e-05 8.775e-05 4.995e-05 4.99e-05 6.72e-05 5.11e-05
17 9.725e-05 0.0001143 6.06e-05 5.805e-05 3.395e-05 8.41e-05 9.775e-05 0.0001229 0.0001067 0.00011695 7.54e-05 7.9e-05 7.73e-05 0.00010475 9.69e-05 8.055e-05 4.86e-05 4.39e-05 0.00011355 0.00011405 5.75e-05 0.00013445 4.075e-05 0.0001007 0.0001312 7.715e-05 7.7e-05 8.08e-05 0.00010825 5.965e-05 4.805e-05 0.00012335 0.00010655 5.04e-05 0.0001046 4.905e-05 8.405e-05 9.63e-05 4.2e-05 7.84e-05 8.435e-05 0.00013425 7.97e-05 9.755e-05 4.835e-05 9.8e-05 7.83e-05 6.775e-05 0.0001065 5.95e-05 0.00010435 4.875e-05 7.91e-05 8.04e-05 9.74e-05 7.155e-05 6.965e-05 8.935e-05 6.84e-05 5.9e-05 7.69e-05 6.91e-05 9.575e-05 5.265e-05 8.895e-05 7.61e-05 0.00012535 8.495e-05 8.035e-05 0.00012285 0.0001144 9.755e-05 7.745e-05 6.675e-05 9.595e-05 0.0001317 4.845e-05 7.61e-05 5.215e-05 0.00010485 0.0001066 0.0001141 0.00010485 9.035e-05 6.95e-05 0.00010455 0.0001341 0.0001346 9.73e-05 0.0001083 5.11e-05 0.00011415 0.00011745 9.685e-05 7.355e-05 9.67e-05 4.9e-05 4.13e-05 6.79e-05 6.72e-05
18 8.395e-05 7.255e-05 9.475e-05 0.0001042 0.0001345 0.0001025 8.48e-05 7.64e-05 7.51e-05 7.245e-05 0.0001129 0.0001128 8.345e-05 0.00010415 0.0001068 8.465e-05 0.0001129 0.00011355 0.000143 7.23e-05 0.0001031 9.47e-05 0.0001145 0.0001053 0.00010425 8.325e-05 0.00010435 0.0001041 0.0001031 0.0001153 0.0001347 7.655e-05 7.49e-05 0.00010495 8.145e-05 0.00010525 0.00010205 8.33e-05 0.00011435 0.00010375 0.00011235 7.355e-05 0.00011195 8.46e-05 0.0001144 8.37e-05 0.00010335 9.3e-05 7.545e-05 0.0001048 0.0001034 0.0001336 0.0001136 0.00010395 8.275e-05 0.00011325 8.505e-05 0.0001077 8.51e-05 0.00010435 8.35e-05 8.46e-05 9.19e-05 0.0001051 8.415e-05 8.265e-05 8.285e-05 0.00010315 0.0001042 7.785e-05 7.31e-05 8.345e-05 0.0001038 0.0001077 9.3e-05 0.00010295 0.000113 8.35e-05 0.0001346 8.17e-05 7.555e-05 7.235e-05 8.335e-05 7.56e-05 8.43e-05 0.00010395 7.535e-05 7.22e-05 8.42e-05 0.00010355 8.345e-05 7.435e-05 7.18e-05 0.00010745 9.31e-05 8.25e-05 0.00011385 0.00011445 0.0001131 9.255e-05
19 8.345e-05 7.11e-05 9.395e-05 0.00010335 0.0001341 0.00010315 8.45e-05 7.735e-05 7.48e-05 7.175e-05 0.00011185 0.0001117 8.235e-05 0.0001043 0.00010645 8.455e-05 0.0001128 0.00011405 7.23e-05 0.0001416 0.00010375 9.445e-05 0.00011455 0.00010555 0.0001037 8.24e-05 0.0001035 0.0001035 0.0001026 0.0001148 0.0001346 7.63e-05 7.43e-05 0.00010475 8.05e-05 0.00010535 0.0001028 8.37e-05 0.0001146 0.00010485 0.0001113 7.305e-05 0.00011115 8.43e-05 0.00011425 8.315e-05 0.00010325 9.2e-05 7.485e-05 0.00010375 0.0001036 0.00013355 0.00011275 0.00010325 8.24e-05 0.0001126 8.42e-05 0.0001082 8.455e-05 0.0001035 8.27e-05 8.395e-05 9.145e-05 0.00010465 8.36e-05 8.35e-05 8.365e-05 0.00010175 0.0001033 7.78e-05 7.285e-05 8.27e-05 0.0001035 0.00010805 9.235e-05 0.0001022 0.0001127 8.27e-05 0.00013465 8.22e-05 7.495e-05 7.09e-05 8.28e-05 7.525e-05 8.415e-05 0.0001041 7.505e-05 7.15e-05 8.44e-05 0.0001042 8.38e-05 7.31e-05 7.105e-05 0.00010735 9.21e-05 8.2e-05 0.00011345 0.0001147 0.0001128 9.175e-05
20 0.0001046 0.000104 9.38e-05 5.875e-05 5.98e-05 7.515e-05 0.0001216 0.00010435 0.00012095 0.00013115 9.255e-05 0.000104 7.68e-05 0.00010315 0.0001046 0.00010495 7.515e-05 5.75e-05 0.0001031 0.00010375 0.0001139 0.0001488 7.56e-05 0.0001248 0.0001471 7.665e-05 7.65e-05 0.00010435 0.0001316 9.315e-05 7.48e-05 0.0001216 0.00010425 5.885e-05 0.0001201 5.89e-05 5.81e-05 0.0001036 7.64e-05 8.615e-05 0.00010935 0.0001485 0.0001045 0.0001214 7.54e-05 0.00011385 0.00010285 9.28e-05 0.00010465 7.62e-05 0.0001035 5.78e-05 0.0001039 7.995e-05 0.0001213 0.00010465 7.72e-05 9.745e-05 7.68e-05 5.92e-05 9.29e-05 7.685e-05 0.0001207 6.035e-05 0.00010505 7.54e-05 0.000132 5.915e-05 8.78e-05 0.00012125 8.73e-05 0.0001212 7.685e-05 7.6e-05 0.0001215 0.00014745 7.45e-05 9.215e-05 8.595e-05 0.0001036 0.00010475 0.0001038 0.00012065 8.89e-05 9.335e-05 0.00010295 0.0001485 0.0001487 0.0001044 0.00011485 5.945e-05 0.000104 0.0001316 0.00010435 9.865e-05 0.00012055 7.555e-05 7.62e-05 7.63e-05 9.245e-05
21 9.72e-05 9.47e-05 0.00010345 0.0001495 0.0001402 0.00014005 6.58e-05 0.0001091 5.595e-05 4.28e-05 0.0001163 9.66e-05 0.00013325 0.0001056 0.0001011 8.125e-05 0.0001251 0.00013445 9.47e-05 9.445e-05 0.0001488 4.92e-05 0.00011815 6.125e-05 4.53e-05 0.00013305 0.000133 7.98e-05 5.16e-05 0.00010325 0.00012605 7.52e-05 8.94e-05 0.0001423 7.025e-05 0.00014265 0.00017285 9.75e-05 0.0001185 0.00011355 9.02e-05 2.695e-05 9.5e-05 6.56e-05 0.0001263 7.98e-05 7.955e-05 0.00010945 8.965e-05 0.00011545 0.00010495 0.00015785 9.76e-05 0.00012865 6.37e-05 8.775e-05 0.0001269 0.0001097 0.000127 0.0001496 0.00010015 0.0001259 7.995e-05 0.0001414 8.92e-05 0.00013285 6.855e-05 0.000173 0.00011325 7.73e-05 0.0001285 6.415e-05 0.000132 0.0001303 8.13e-05 4.32e-05 0.00012515 0.0001001 0.0001062 0.000104 8.975e-05 9.45e-05 7.08e-05 0.0001059 9.335e-05 0.0001054 2.875e-05 2.475e-05 9.895e-05 8.535e-05 0.00014155 9.65e-05 4.13e-05 0.00010195 0.00010375 6.305e-05 0.00012595 0.00011865 0.00014185 0.00010845
22 9.66e-05 0.0001148 4.42e-05 7.565e-05 5e-05 8.52e-05 8.19e-05 0.00012535 9.1e-05 0.00010135 5.975e-05 7.96e-05 7.795e-05 0.0001056 9.96e-05 6.395e-05 5.025e-05 4.075e-05 0.0001145 0.00011455 7.56e-05 0.00011815 8.11e-05 0.00010175 0.0001157 7.78e-05 7.765e-05 8.155e-05 0.0001091 4.425e-05 5.01e-05 0.00010965 0.000107 6.82e-05 8.825e-05 6.705e-05 0.0001014 9.59e-05 4.34e-05 9.625e-05 8.44e-05 0.0001186 8.01e-05 8.17e-05 4.925e-05 8.25e-05 8e-05 5.1e-05 0.00010695 5.92e-05 0.00010545 6.685e-05 7.975e-05 9.76e-05 8.195e-05 7.045e-05 6.975e-05 9.235e-05 6.89e-05 7.635e-05 6.1e-05 6.825e-05 7.915e-05 6.85e-05 7.35e-05 7.555e-05 0.00012475 0.00010185 9.725e-05 0.0001091 0.00013105 8.155e-05 7.78e-05 7.015e-05 8.03e-05 0.00011625 4.995e-05 5.97e-05 7.03e-05 0.00010555 0.00010705 0.0001146 8.835e-05 9.12e-05 5.4e-05 0.0001054 0.0001184 0.000119 9.785e-05 0.0001253 6.86e-05 0.0001146 0.0001181 9.96e-05 5.68e-05 7.975e-05 5.03e-05 4.295e-05 6.885e-05 4.965e-05
23 9.855e-05 0.0001058 0.00010275 0.0001257 0.00010865 0.0001334 8.255e-05 0.00011735 7.75e-05 7.16e-05 0.0001168 8.81e-05 0.00012705 0.0001033 0.0001002 9.85e-05 0.00010885 0.0001007 0.0001053 0.00010555 0.0001248 6.125e-05 0.00010175 0.000114 6.78e-05 0.0001269 0.00012685 7.88e-05 5.935e-05 0.00010285 0.00010895 0.0001013 9.66e-05 0.00011865 8.865e-05 0.0001183 0.00014955 9.69e-05 0.00010235 9.75e-05 8.81e-05 5.91e-05 8.855e-05 8.235e-05 0.00010855 8.715e-05 8.09e-05 0.00010955 9.69e-05 0.0001093 0.0001044 0.0001251 8.73e-05 0.00010365 8.23e-05 8.115e-05 0.0001197 9.905e-05 0.00011925 0.00012595 0.0001099 0.0001196 8.885e-05 0.00011885 0.0001058 0.00012605 7.75e-05 0.0001502 9.8e-05 9.92e-05 0.0001224 8.195e-05 0.00012675 0.00012085 8.945e-05 7.01e-05 0.0001084 0.0001081 7.92e-05 0.00010545 9.71e-05 0.0001056 8.875e-05 0.00011575 0.00010165 0.0001033 5.755e-05 6.125e-05 9.745e-05 7.59e-05 0.0001188 0.00010385 6.04e-05 9.925e-05 0.0001097 8.155e-05 0.0001089 0.00010235 0.00012655 0.00010945
24 0.00010565 0.00010395 9.94e-05 0.00014775 0.00012955 0.0001305 7.33e-05 0.0001268 6.91e-05 6.18e-05 9.7e-05 8.695e-05 0.0001314 0.00010315 0.0001089 8.835e-05 0.00011385 0.0001312 0.00010425 0.0001037 0.0001471 4.53e-05 0.0001157 6.78e-05 8.49e-05 0.0001312 0.000131 8.6e-05 5.98e-05 9.94e-05 0.00011495 9.305e-05 0.000104 0.00014835 7.045e-05 0.00014865 0.00016385 0.00010565 0.0001152 0.0001218 8.11e-05 4.32e-05 8.57e-05 7.31e-05 0.0001147 7.745e-05 8.75e-05 9.825e-05 0.00010425 0.0001147 0.00010425 0.00014705 8.68e-05 0.00012815 7.135e-05 8.725e-05 0.00013255 0.00011715 0.0001326 0.0001479 9.815e-05 0.00013275 7.12e-05 0.0001481 8.75e-05 0.0001322 7.92e-05 0.0001637 0.0001209 9.225e-05 0.00013825 7.17e-05 0.0001301 0.0001365 7.165e-05 4.36e-05 0.000114 9.695e-05 0.0001034 0.00010425 0.0001042 0.00010375 7.185e-05 0.0001215 9.76e-05 0.0001032 4.3e-05 4.41e-05 0.0001059 9.395e-05 0.00014775 0.0001032 6e-05 0.0001086 9.265e-05 7.16e-05 0.0001147 0.0001153 0.00013095 9.845e-05
25 8.285e-05 8.265e-05 5.715e-05 7.66e-05 9.795e-05 7.645e-05 8.5e-05 8.655e-05 8.505e-05 9.36e-05 7.65e-05 0.0001047 5.43e-05 0.00010525 0.0001072 6.84e-05 7.64e-05 7.715e-05 8.325e-05 8.24e-05 7.665e-05 0.00013305 7.78e-05 0.0001269 0.0001312 0.0001072 7.53e-05 0.00010555 0.0001323 7.685e-05 9.795e-05 8.625e-05 8.305e-05 7.59e-05 8.275e-05 7.73e-05 7.62e-05 8.415e-05 7.615e-05 0.00010535 0.0001098 0.0001116 0.0001037 8.48e-05 7.775e-05 7.675e-05 0.0001045 5.6e-05 8.315e-05 7.71e-05 0.0001045 9.74e-05 0.0001051 9.76e-05 8.24e-05 0.0001048 5.54e-05 0.0001011 5.655e-05 7.65e-05 5.585e-05 5.525e-05 8.32e-05 7.635e-05 6.825e-05 5.63e-05 0.00011245 7.575e-05 0.0001034 8.675e-05 8.35e-05 8.4e-05 7.535e-05 7.985e-05 8.295e-05 0.0001307 7.66e-05 5.585e-05 0.00012605 8.32e-05 8.32e-05 8.245e-05 8.42e-05 6.7e-05 5.545e-05 0.00010505 0.00011245 0.00011095 8.475e-05 0.0001331 5.5e-05 8.35e-05 0.00011065 0.00010745 6.17e-05 8.355e-05 7.75e-05 7.65e-05 7.535e-05 5.585e-05
26 0.00010395 0.00010375 7.82e-05 7.645e-05 7.645e-05 7.615e-05 0.0001061 0.0001077 0.0001063 0.00011475 7.62e-05 0.00010455 7.56e-05 0.00010515 0.0001071 8.95e-05 7.64e-05 7.7e-05 0.00010435 0.0001035 7.65e-05 0.000133 7.765e-05 0.00012685 0.000131 7.53e-05 0.0001493 0.0001055 0.0001322 7.66e-05 7.65e-05 0.0001074 0.0001042 7.575e-05 0.0001038 7.715e-05 7.615e-05 0.00010525 7.625e-05 0.00010525 0.0001096 0.0001328 0.0001037 0.0001059 7.76e-05 9.825e-05 0.0001044 7.7e-05 0.0001043 7.695e-05 0.00010425 7.615e-05 0.00010495 9.745e-05 0.00010375 0.00010465 7.645e-05 0.000101 7.76e-05 7.635e-05 7.695e-05 7.63e-05 0.0001046 7.62e-05 8.935e-05 7.735e-05 0.00013355 7.57e-05 0.00010325 0.00010795 0.0001046 0.0001051 7.515e-05 7.975e-05 0.00010425 0.00013045 7.64e-05 7.7e-05 0.0001047 0.00010445 0.0001044 0.00010355 0.0001053 8.81e-05 7.685e-05 0.00010495 0.0001337 0.0001321 0.00010585 0.000133 7.615e-05 0.00010465 0.0001318 0.00010735 8.27e-05 0.00010465 7.735e-05 7.66e-05 7.555e-05 7.685e-05
27 9.785e-05 0.00010375 8.185e-05 0.0001048 8.73e-05 0.0001123 8.165e-05 0.00011705 7.695e-05 7.925e-05 9.495e-05 8.585e-05 0.00010575 0.00010285 9.85e-05 8.26e-05 8.79e-05 8.08e-05 0.0001041 0.0001035 0.00010435 7.98e-05 8.155e-05 7.88e-05 8.6e-05 0.00010555 0.0001055 0.0001534 7.825e-05 8.205e-05 8.83e-05 9.995e-05 9.615e-05 9.835e-05 8.655e-05 9.83e-05 0.0001285 9.775e-05 8.195e-05 9.75e-05 8.56e-05 7.805e-05 8.645e-05 8.145e-05 8.815e-05 8.68e-05 7.985e-05 8.81e-05 9.67e-05 8.805e-05 0.0001046 0.0001042 8.635e-05 0.00010415 8.085e-05 7.98e-05 9.89e-05 0.00010025 9.875e-05 0.00010495 8.845e-05 9.9e-05 8.75e-05 9.8e-05 8.92e-05 0.0001057 9.71e-05 0.0001283 9.635e-05 9.9e-05 0.0001214 8.04e-05 0.0001054 0.00010065 8.83e-05 8.72e-05 8.755e-05 8.675e-05 7.925e-05 0.0001044 9.675e-05 0.00010355 8.745e-05 9.975e-05 8.07e-05 0.00010285 7.765e-05 7.905e-05 9.81e-05 9.575e-05 9.85e-05 0.0001029 7.8e-05 9.9e-05 8.82e-05 8.02e-05 8.8e-05 8.205e-05 0.00010525 8.82e-05
28 9.77e-05 0.00010285 0.00010995 0.0001323 0.000115 0.00013925 8.15e-05 0.0001167 7.875e-05 6.785e-05 0.00012245 8.67e-05 0.0001325 0.0001037 9.875e-05 9.76e-05 0.00011505 0.00010825 0.0001031 0.0001026 0.0001316 5.16e-05 0.0001091 5.935e-05 5.98e-05 0.0001323 0.0001322 7.825e-05 9.88e-05 0.00010935 0.00011565 9.895e-05 9.69e-05 0.0001254 8.585e-05 0.00012565 0.00015595 9.76e-05 0.0001088 9.735e-05 8.06e-05 5.05e-05 8.585e-05 8.13e-05 0.00011615 9.44e-05 7.905e-05 0.00011605 9.715e-05 0.00011565 0.000104 0.00013165 8.64e-05 0.00011135 7.94e-05 7.96e-05 0.00012635 0.0001072 0.00012635 0.00013245 0.00011555 0.00012615 8.73e-05 0.00012555 0.00010465 0.0001331 6.975e-05 0.0001558 9.64e-05 9.93e-05 0.0001213 8e-05 0.0001318 0.0001279 8.81e-05 5.945e-05 0.0001152 0.000115 7.875e-05 0.00010395 9.725e-05 0.00010265 8.79e-05 0.0001144 0.00010825 0.0001035 5.135e-05 5.01e-05 9.825e-05 6.78e-05 0.00012525 0.0001037 4.965e-05 9.83e-05 0.00011045 7.93e-05 0.000116 0.0001089 0.0001321 0.00011585
29 9.69e-05 0.00011505 2.555e-05 9.355e-05 6.745e-05 8.58e-05 6.54e-05 0.0001278 7.51e-05 8.575e-05 4.39e-05 8.015e-05 7.705e-05 0.000106 0.0001017 4.93e-05 5.195e-05 5.965e-05 0.0001153 0.0001148 9.315e-05 0.00010325 4.425e-05 0.00010285 9.94e-05 7.685e-05 7.66e-05 8.205e-05 0.00010935 5.1e-05 5.14e-05 9.545e-05 0.0001065 8.445e-05 7.305e-05 8.545e-05 0.00011835 9.82e-05 4.32e-05 0.00011415 8.535e-05 0.00010265 8.02e-05 6.52e-05 5.15e-05 6.67e-05 8.125e-05 3.445e-05 0.000106 6.11e-05 0.0001061 8.425e-05 8.01e-05 0.0001149 6.495e-05 7.22e-05 6.755e-05 9.52e-05 6.83e-05 9.34e-05 4.385e-05 6.895e-05 6.435e-05 8.545e-05 5.74e-05 7.805e-05 0.0001267 0.00011825 0.0001127 9.48e-05 0.00014795 6.435e-05 7.675e-05 7.36e-05 6.325e-05 0.00010005 5.15e-05 4.475e-05 8.765e-05 0.00010625 0.0001061 0.00011485 7.355e-05 9e-05 3.705e-05 0.0001058 0.00010235 0.00010315 9.725e-05 0.0001422 8.485e-05 0.00011475 0.00011835 0.0001015 4.01e-05 6.545e-05 5.22e-05 4.36e-05 6.8e-05 3.585e-05
30 0.0001263 0.00013485 7.45e-05 7.47e-05 2.885e-05 7.615e-05 0.00011095 0.00015405 0.00011965 0.00012935 5.13e-05 7.885e-05 9.8e-05 0.00010485 0.0001065 9.415e-05 4.93e-05 4.805e-05 0.0001347 0.0001346 7.48e-05 0.00012605 5.01e-05 0.00010895 0.00011495 9.795e-05 7.65e-05 8.83e-05 0.00011565 5.14e-05 5.33e-05 0.000138 0.0001351 7.54e-05 0.0001095 7.46e-05 9.24e-05 0.00012605 5.035e-05 0.0001036 8.425e-05 0.00014695 7.905e-05 0.00011075 5.005e-05 0.000103 8.7e-05 7.345e-05 0.0001355 5.985e-05 0.00010425 4.465e-05 7.91e-05 9.65e-05 0.00010985 7.955e-05 9.905e-05 9.955e-05 9.855e-05 7.545e-05 8.23e-05 9.855e-05 0.0001007 7.635e-05 9.43e-05 9.81e-05 0.0001546 9.27e-05 0.0001039 0.0001379 0.00015145 0.00011065 7.695e-05 7.755e-05 0.0001012 0.00011505 4.985e-05 8.175e-05 5.595e-05 0.00012585 0.0001356 0.0001346 0.00011025 0.0001194 8.215e-05 0.00010465 0.0001472 0.0001469 0.000127 0.0001322 9.73e-05 0.0001351 0.00014585 0.0001066 7.93e-05 0.00010985 5.01e-05 4.995e-05 6.755e-05 7.295e-05
31 7.915e-05 7.655e-05 7.505e-05 0.00012235 0.0001517 0.00011505 6.4e-05 6.92e-05 5.645e-05 5.32e-05 0.0001095 0.0001162 8.645e-05 0.0001085 9.81e-05 6.36e-05 0.00011615 0.00012335 7.655e-05 7.63e-05 0.0001216 7.52e-05 0.00010965 0.0001013 9.305e-05 8.625e-05 0.0001074 9.995e-05 9.895e-05 9.545e-05 0.000138 0.0001054 7.065e-05 0.00011455 7.055e-05 0.0001151 0.00012965 7.96e-05 0.0001086 0.0001149 0.00011575 5.49e-05 0.0001148 6.38e-05 0.00011715 7.255e-05 9.865e-05 8.15e-05 7.075e-05 0.0001077 0.00010775 0.0001519 0.00011695 0.0001226 6.315e-05 0.000108 7.99e-05 9.945e-05 8.02e-05 0.0001221 7.19e-05 7.955e-05 8.07e-05 0.0001147 7.115e-05 8.71e-05 7.96e-05 0.0001298 0.000114 5.5e-05 9.26e-05 6.4e-05 0.00010665 9.885e-05 8.085e-05 9.11e-05 0.0001162 7.215e-05 0.00014455 8.63e-05 7.085e-05 7.635e-05 7.22e-05 6.9e-05 6.485e-05 0.0001083 5.655e-05 5.285e-05 8.04e-05 0.00011485 9.285e-05 7.82e-05 6.765e-05 9.885e-05 8.155e-05 6.355e-05 0.00011705 0.0001091 0.00011625 8.115e-05
32 7.545e-05 7.455e-05 8.575e-05 0.00010455 0.0001349 0.00011235 7.72e-05 7.005e-05 6.475e-05 6.83e-05 0.00012115 0.00011345 8.33e-05 0.0001033 0.0001 7.72e-05 0.0001141 0.00010655 7.49e-05 7.43e-05 0.00010425 8.94e-05 0.000107 9.66e-05 0.000104 8.305e-05 0.0001042 9.615e-05 9.69e-05 0.0001065 0.0001351 7.065e-05 0.0001294 9.66e-05 8.35e-05 9.775e-05 0.00011155 7.625e-05 0.0001066 9.78e-05 0.00011345 6.645e-05 0.000114 7.7e-05 0.00011385 8.335e-05 9.785e-05 9.24e-05 6.53e-05 0.0001049 0.00010505 0.00013445 0.00011275 0.0001044 7.68e-05 0.0001066 7.57e-05 0.0001004 7.66e-05 0.00010445 8.4e-05 7.575e-05 9.29e-05 9.645e-05 8.425e-05 8.38e-05 7.675e-05 0.00011135 9.645e-05 6.89e-05 7.45e-05 7.695e-05 0.00010455 0.0001003 9.275e-05 0.00010595 0.00011335 8.26e-05 0.0001267 8.395e-05 6.545e-05 7.435e-05 8.36e-05 6.73e-05 7.555e-05 0.0001033 6.525e-05 6.825e-05 7.665e-05 9.68e-05 7.6e-05 7.295e-05 6.74e-05 9.915e-05 9.26e-05 7.67e-05 0.0001139 0.00010695 0.00011345 9.245e-05
33 9.57e-05 0.000105 8.61e-05 5.93e-05 6.075e-05 8.47e-05 0.00011425 9.735e-05 0.00011515 0.00012505 0.00010155 0.0001052 7.615e-05 0.00010525 9.74e-05 9.71e-05 7.625e-05 5.04e-05 0.00010495 0.00010475 5.885e-05 0.0001423 6.82e-05 0.00011865 0.00014835 7.59e-05 7.575e-05 9.835e-05 0.0001254 8.445e-05 7.54e-05 0.00011455 9.66e-05 9.97e-05 0.0001214 5.11e-05 6.765e-05 9.66e-05 6.785e-05 7.955e-05 0.0001103 0.00014235 0.0001059 0.00011405 7.59e-05 0.0001155 9.62e-05 9.335e-05 9.625e-05 7.68e-05 0.0001049 5.885e-05 0.00010525 8.095e-05 0.00011345 9.755e-05 6.8e-05 9.04e-05 6.87e-05 5.95e-05 9.375e-05 6.765e-05 0.00012175 5.21e-05 0.0001055 7.65e-05 0.0001254 6.785e-05 7.92e-05 0.00011425 8.835e-05 0.00011425 7.665e-05 6.85e-05 0.00012085 0.00014865 7.535e-05 9.335e-05 7.93e-05 0.0001052 9.635e-05 0.0001048 0.0001217 7.955e-05 8.59e-05 0.00010505 0.0001424 0.0001425 9.74e-05 0.0001087 5.11e-05 0.00010505 0.0001254 9.73e-05 9.9e-05 0.0001136 7.645e-05 6.79e-05 7.615e-05 9.3e-05
34 8.325e-05 8.075e-05 5.15e-05 0.0001203 0.0001238 0.00010325 5.15e-05 0.00010485 5.045e-05 4.77e-05 6.975e-05 8.59e-05 8.3e-05 0.0001044 0.00010795 5.12e-05 8.7e-05 0.0001046 8.145e-05 8.05e-05 0.0001201 7.025e-05 8.825e-05 8.865e-05 7.045e-05 8.275e-05 0.0001038 8.655e-05 8.585e-05 7.305e-05 0.0001095 7.055e-05 8.35e-05 0.0001214 9.35e-05 0.00012165 0.00013625 8.335e-05 8.885e-05 0.00012135 8.485e-05 4.885e-05 8.48e-05 5.13e-05 8.81e-05 4.995e-05 8.65e-05 4.91e-05 8.405e-05 8.7e-05 0.00010375 0.0001411 8.7e-05 0.0001202 4.935e-05 8.575e-05 8.435e-05 0.00010975 8.435e-05 0.00012045 4.95e-05 8.375e-05 4.885e-05 0.00012075 5.08e-05 8.31e-05 8.33e-05 0.0001357 0.0001199 7.19e-05 0.00011575 4.945e-05 0.0001031 0.0001096 5.03e-05 6.91e-05 8.68e-05 4.89e-05 0.0001252 8.235e-05 8.415e-05 8.055e-05 4.96e-05 8.485e-05 5.095e-05 0.0001042 5.07e-05 4.745e-05 8.44e-05 0.0001207 9.975e-05 8.26e-05 6.325e-05 0.0001089 4.92e-05 4.84e-05 8.77e-05 8.895e-05 0.00010405 4.86e-05
35 9.72e-05 0.00010555 8.63e-05 5.855e-05 6.05e-05 8.485e-05 0.00011435 9.795e-05 0.0001152 0.0001253 0.0001016 0.0001052 7.74e-05 0.00010555 9.775e-05 9.725e-05 7.515e-05 4.905e-05 0.00010525 0.00010535 5.89e-05 0.00014265 6.705e-05 0.0001183 0.00014865 7.73e-05 7.715e-05 9.83e-05 0.00012565 8.545e-05 7.46e-05 0.0001151 9.775e-05 5.11e-05 0.00012165 9.73e-05 6.815e-05 9.685e-05 6.75e-05 7.965e-05 0.0001105 0.00014265 0.00010615 0.00011415 7.47e-05 0.0001155 9.62e-05 9.35e-05 9.77e-05 7.655e-05 0.0001052 5.905e-05 0.0001053 8.09e-05 0.0001145 9.775e-05 6.945e-05 9.03e-05 6.75e-05 5.85e-05 9.39e-05 6.9e-05 0.00012195 5.29e-05 0.00010565 7.66e-05 0.00012585 6.86e-05 8.055e-05 0.00011465 8.9e-05 0.00011455 7.795e-05 6.77e-05 0.00012185 0.00014905 7.52e-05 9.335e-05 7.915e-05 0.00010555 9.78e-05 0.0001054 0.00012185 8.105e-05 8.67e-05 0.00010535 0.0001426 0.0001429 9.775e-05 0.00010905 5.215e-05 0.0001055 0.00012575 9.77e-05 9.93e-05 0.0001138 7.53e-05 6.76e-05 7.74e-05 9.305e-05
36 0.00011225 0.00010305 0.0001191 5.905e-05 7.685e-05 6.645e-05 0.00014655 9.53e-05 0.0001455 0.00015505 0.0001012 0.00012025 7.65e-05 0.00010285 0.0001127 0.00013025 9.255e-05 8.405e-05 0.00010205 0.0001028 5.81e-05 0.00017285 0.0001014 0.00014955 0.00016385 7.62e-05 7.615e-05 0.0001285 0.00015595 0.00011835 9.24e-05 0.00012965 0.00011155 6.765e-05 0.00013625 6.815e-05 6.37e-05 0.00011135 0.0001018 9.435e-05 0.0001256 0.00017275 0.0001207 0.00014635 9.37e-05 0.00013045 0.00012815 0.0001097 0.0001124 9.31e-05 0.00010295 5.79e-05 0.00012065 7.95e-05 0.00014575 0.00012925 8.525e-05 0.000106 8.555e-05 5.92e-05 0.0001098 8.49e-05 0.0001371 6.8e-05 0.000122 7.51e-05 0.00013905 3.3e-05 9.515e-05 0.00012975 6.925e-05 0.00014575 7.645e-05 8.53e-05 0.00013855 0.00016375 9.225e-05 0.0001091 0.0001118 0.00010265 0.0001125 0.00010285 0.0001371 9.695e-05 0.00011805 0.00010265 0.0001732 0.0001725 0.00011215 0.0001221 6.82e-05 0.0001035 0.00015545 0.00011295 0.0001156 0.0001451 9.3e-05 0.0001019 7.555e-05 0.00010935
37 7.505e-05 8.395e-05 7.7e-05 0.00010435 0.00012535 0.0001122 7.74e-05 7.81e-05 7.66e-05 7.715e-05 0.00011315 0.0001053 8.43e-05 0.00010485 0.00010015 7.575e-05 0.00010495 9.63e-05 8.33e-05 8.37e-05 0.0001036 9.75e-05 9.59e-05 9.69e-05 0.00010565 8.415e-05 0.00010525 9.775e-05 9.76e-05 9.82e-05 0.00012605 7.96e-05 7.625e-05 9.66e-05 8.335e-05 9.685e-05 0.00011135 0.0001465 9.79e-05 9.625e-05 0.00010445 7.68e-05 0.00010565 7.72e-05 0.0001043 8.445e-05 9.72e-05 8.34e-05 7.635e-05 0.00010415 0.00010395 0.0001252 0.00010515 0.0001037 7.735e-05 9.63e-05 7.645e-05 9.925e-05 7.645e-05 0.0001046 8.435e-05 7.49e-05 8.335e-05 9.66e-05 8.495e-05 8.175e-05 7.48e-05 0.00011215 9.725e-05 7.905e-05 8.3e-05 7.705e-05 0.00010525 9.965e-05 8.48e-05 0.0001062 0.00010415 8.31e-05 0.0001178 8.35e-05 7.645e-05 8.375e-05 8.34e-05 7.695e-05 7.73e-05 0.00010465 7.66e-05 7.72e-05 7.535e-05 9.66e-05 7.565e-05 8.375e-05 7.635e-05 9.985e-05 8.355e-05 7.51e-05 0.00010495 9.79e-05 0.0001054 8.2e-05
