 slim_337520735 slim_337520999 slim_337521014 slim_337520958 slim_337521055 slim_337521052 slim_337521022 slim_337520982 slim_337520867 slim_337521019 slim_337520817 slim_337520901 slim_337521054 slim_337520836 slim_337521035 slim_337520965 slim_337520928 slim_337521042 slim_337521023 slim_337520872 slim_337520950 slim_337521037 slim_337520902 slim_337521049 slim_337520909 slim_337521024 slim_337521038 slim_337521012 slim_337520930 slim_337521018 slim_337520827 slim_337520694 slim_337520934 slim_337521060 slim_337520923 slim_337520968 slim_337521045 slim_337521004 slim_337520699 slim_337520691 slim_337521046 slim_337520925 slim_337520781 slim_337520731 slim_337521044 slim_337521053 slim_337520891 slim_337521010 slim_337521033 slim_337520893 slim_337520912 slim_337520840 slim_337521041 slim_337520618 slim_337520970 slim_337520874 slim_337520881 slim_337520967 slim_337520922 slim_337520935 slim_337521025 slim_337521003 slim_337521031 slim_337520995 slim_337520805 slim_337520983 slim_337521057 slim_337520716 slim_337520859 slim_337520993 slim_337521036 slim_337520948 slim_337520918 slim_337520974 slim_337521034 slim_337521007 slim_337520998 slim_337520920 slim_337521043 slim_337520898 slim_337521011 slim_337520996 slim_337520883 slim_337520960 slim_337520832 slim_337520924 slim_337521048 slim_337520914 slim_337520992 slim_337520991 slim_337520906 slim_337521030 slim_337520818 slim_337521047 slim_337521059 slim_337520896 slim_337521027 slim_337521056 slim_337520943 slim_337520981
0 2.9e-06 0.0002475 0.00018515 0.0003309 0.0001915 8.225e-05 0.00018715 0.00013565 0.0001712 7.075e-05 0.0002383 0.00017125 0.0002283 0.00012525 6.455e-05 1.98e-05 1.6e-06 5.935e-05 0.0002293 2.3e-06 4.52e-05 2.5e-06 6.46e-05 0.00020525 0.00019915 6.015e-05 2.075e-05 7.62e-05 0.00042155 0.0002455 0.00014265 0.00018425 0.00032305 0.0001878 0.0001851 0.00022455 2.2e-06 0.00011185 0.00025705 0.00025875 0.00018725 0.0001248 9.35e-05 0.00020965 0.00040255 1.335e-05 2.25e-06 9.41e-05 8.795e-05 7.96e-05 0.00022775 5.935e-05 2.95e-06 0.00023065 0.0001392 0.00010285 9.355e-05 0.0001261 5.065e-05 6.17e-05 6.175e-05 0.0002103 6.885e-05 6.835e-05 0.0002341 0.0002475 6.02e-05 0.0003099 0.00020095 1.6e-06 0.00025875 2.9e-06 2.3e-06 0.0001665 0.0001824 0.0001664 0.000231 7.095e-05 0.00038595 0.00029545 0.00018225 1.285e-05 0.000248 0.00021015 0.00019605 0.00018215 0.00024785 0.00013565 0.00017085 7.12e-05 1.55e-06 6.015e-05 0.0002008 0.0001249 2.4e-06 1.5e-06 6e-05 0.00022855 0.00014415 0.0001852
1 0.0002475 0.0004933 0.0002708 0.00024915 0.0002479 0.00024825 0.000248 0.0002473 0.00024805 0.0002481 0.0002588 0.0002484 0.00024925 0.0002478 0.0002493 0.00025905 0.0002476 0.0002476 0.00026025 0.0002483 0.00024815 0.0002477 0.0002485 0.0002488 0.00024905 0.0002484 0.00025915 0.0002492 0.0002594 0.00024775 0.0002584 0.00026995 0.00024875 0.00024865 0.0002708 0.00024985 0.00024735 0.00024835 0.0002482 0.00024725 0.0002481 0.00024735 0.000248 0.00024865 0.0002701 0.00024765 0.00024825 0.00024705 0.00024745 0.00024825 0.00024875 0.00024845 0.0002481 0.0002707 0.00026005 0.00024805 0.00024805 0.0002487 0.00024815 0.00024835 0.0002484 0.00024925 0.00024865 0.0002479 0.00025835 0.0002469 0.00024845 0.0002489 0.00024885 0.00024765 0.0002474 0.0002481 0.00024745 0.00025875 0.0002488 0.00025865 0.00027105 0.0002483 0.0002495 0.000259 0.00024865 0.00024715 0.0002475 0.0002491 0.00027085 0.00024855 0.0002474 0.00024795 0.0002477 0.00024855 0.0002476 0.0002484 0.0002487 0.00024745 0.0002476 0.0002467 0.00024825 0.0002495 0.00024865 0.00027085
2 0.00018515 0.0002708 0.0003678 0.00027455 0.0002711 0.0001855 0.0002713 0.0001853 0.0002312 0.0001853 0.0002749 0.0002316 0.0002287 0.00018455 0.0001866 0.0001964 0.0001853 0.0001851 0.00026545 0.0001852 0.00018535 0.000185 0.00018615 0.0002282 0.00025045 0.00018515 0.00019615 0.00018655 0.0003426 0.0002693 0.0001964 0.00018435 0.00025275 0.0002712 0.00018455 0.00022935 0.00018465 0.00018555 0.0002312 0.00027085 0.0002714 0.0001852 0.0001852 0.0002505 0.00035445 0.0001854 0.00018485 0.00018475 0.0001849 0.0001856 0.00022835 0.00018555 0.00018465 0.0002304 0.00020145 0.0001851 0.00018525 0.0001858 0.00018505 0.0001857 0.00018565 0.0002287 0.0001859 0.00018555 0.00027475 0.0002708 0.0001852 0.0002713 0.0002527 0.0001853 0.00027085 0.00018495 0.00018445 0.0002643 0.0001854 0.0002642 0.0002306 0.0001855 0.0003393 0.0002753 0.00018525 0.0001849 0.0002702 0.00022855 0.00018475 0.00018515 0.0002707 0.00018515 0.0002313 0.00018565 0.00018525 0.00018515 0.0002528 0.000185 0.0001849 0.00018475 0.000185 0.00022895 0.00025295 0.000184
3 0.0003309 0.00024915 0.00027455 0.0003229 0.00030515 0.0002515 0.0002681 0.00024075 0.00024635 0.00027335 0.00027955 0.00024655 0.00022275 0.000252 0.0002711 0.0003423 0.00033105 0.000284 0.0002492 0.00033145 0.00028825 0.0003315 0.0002708 0.00020335 0.0002481 0.0002845 0.0003428 0.00026035 0.00020485 0.00024745 0.00026285 0.00027395 0.00016835 0.00026845 0.00027455 0.0001862 0.0003312 0.0002647 0.0001702 0.00023835 0.0002682 0.0002517 0.00024085 0.00023685 0.0002576 0.0003206 0.0003314 0.00025475 0.00025495 0.00029675 0.0002223 0.00028415 0.00033165 0.0002693 0.00027275 0.00024115 0.0002409 0.00026065 0.00028405 0.00027335 0.00027335 0.00019915 0.0003078 0.00030755 0.0002774 0.00024915 0.00028455 0.00018875 0.0002479 0.00033105 0.00023835 0.00033165 0.0003313 0.0003093 0.00020495 0.0003092 0.00026965 0.00027355 0.00018485 0.00023235 0.0002048 0.0003201 0.00024935 0.0001991 0.0002637 0.0002047 0.00024925 0.00020815 0.0002463 0.0002738 0.000331 0.0002845 0.0002478 0.00025175 0.0003314 0.0003308 0.00028435 0.0002229 0.00030325 0.0002746
4 0.0001915 0.0002479 0.0002711 0.00030515 0.0003803 0.00024755 0.0002443 0.00024845 0.00024885 0.00023815 0.00025535 0.00024835 0.0002472 0.00024855 0.00024545 0.00020265 0.00019165 0.0002379 0.0002616 0.000192 0.00022405 0.00019185 0.00024485 0.00028015 0.00024935 0.00023845 0.0002029 0.0002453 0.0003109 0.00024835 0.0002594 0.00027055 0.0003059 0.0002447 0.00027125 0.00030145 0.00019145 0.0002231 0.0003013 0.000248 0.0002444 0.0002486 0.0002715 0.00024895 0.0002717 0.0001918 0.00019195 0.0002438 0.000244 0.0001909 0.0002477 0.00023835 0.00019195 0.000271 0.0002566 0.00027025 0.00027155 0.0002375 0.00023945 0.0002397 0.00023965 0.0002959 0.0001911 0.00019065 0.00025345 0.00024785 0.0002385 0.0003014 0.00024915 0.00019165 0.00024815 0.0001921 0.00019155 0.00020795 0.0002953 0.00020785 0.00027135 0.00023835 0.00030195 0.0003017 0.00029515 0.0001913 0.0002482 0.00029575 0.0002712 0.00029505 0.00024825 0.0002915 0.00024865 0.0002386 0.0001916 0.00023845 0.0002491 0.0002486 0.00019175 0.0001911 0.0002383 0.0002474 0.000192 0.00027115
5 8.225e-05 0.00024825 0.0001855 0.0002515 0.00024755 0.0001627 0.00020605 0.00012515 0.00017155 9.235e-05 0.0002587 0.00017195 0.0002043 0.00012575 8.35e-05 9.97e-05 8.24e-05 9.235e-05 0.0002196 8.28e-05 8.255e-05 8.28e-05 8.37e-05 0.0001622 0.00019955 9.285e-05 0.0001002 8.4e-05 0.00037145 0.00024645 0.0001427 0.0001849 0.000244 0.0002064 0.00018525 0.00016305 8.25e-05 0.0001247 0.00018115 0.0002481 0.00020615 0.0001252 8.275e-05 0.00019895 0.0003948 8.255e-05 8.275e-05 9.825e-05 9.18e-05 0.00012445 0.0002038 9.255e-05 8.295e-05 0.0002309 0.00014825 9.245e-05 8.28e-05 0.00013475 8.3e-05 8.305e-05 8.32e-05 0.0001627 0.0001242 0.0001246 0.0002525 0.00024825 9.29e-05 0.00024925 0.00020135 8.24e-05 0.0002481 8.27e-05 8.26e-05 0.00021865 0.00013585 0.00021855 0.00023125 9.255e-05 0.00032495 0.00026855 0.0001357 8.205e-05 0.00024845 0.00016255 0.0001854 0.0001356 0.0002481 9.22e-05 0.0001717 9.29e-05 8.235e-05 9.285e-05 0.000201 0.0001255 8.27e-05 8.21e-05 9.27e-05 0.00020455 0.0002001 0.00018555
6 0.00018715 0.000248 0.0002713 0.0002681 0.0002443 0.00020605 0.0003726 0.0002503 0.00024885 0.00019945 0.0002518 0.0002492 0.00026365 0.00024865 0.000188 0.0001987 0.0001873 0.0001969 0.0002599 0.00018795 0.00018985 0.00018735 0.0001872 0.00020865 0.00024955 0.0001977 0.0001988 0.00018995 0.0003003 0.0002487 0.00025935 0.00027045 0.0003101 0.00018705 0.0002713 0.0002067 0.000187 0.00024665 0.0002734 0.0002504 0.000187 0.0002483 0.00018965 0.0002512 0.00032405 0.00018935 0.0001879 0.00021765 0.0002115 0.00024655 0.00026315 0.00019775 0.00018775 0.0002712 0.0002551 0.0001994 0.0001897 0.0002546 0.00018775 0.00019 0.00019005 0.000207 0.0002449 0.00024415 0.00024045 0.000248 0.00019775 0.00024865 0.00024935 0.0001873 0.0002504 0.00018775 0.0001871 0.00025935 0.00025895 0.00025925 0.00027155 0.00019965 0.00024875 0.00026165 0.0002588 0.00018885 0.00024845 0.00020685 0.0002734 0.0002587 0.00024835 0.000212 0.0002485 0.0001999 0.00018725 0.0001977 0.0002492 0.0002484 0.00018725 0.00018635 0.00019755 0.0002639 0.0002449 0.00027135
7 0.00013565 0.0002473 0.0001853 0.00024075 0.00024845 0.00012515 0.0002503 0.0002251 0.00017065 0.0001246 0.00026905 0.0001716 0.00019495 0.0001249 0.0001282 0.0001543 0.0001358 0.0001356 0.0002103 0.0001364 0.000125 0.0001357 0.0001279 0.0001941 0.0001993 0.0001363 0.00015425 0.00011725 0.000334 0.0002462 0.00014245 0.0001845 0.00019005 0.00025085 0.00018485 0.0001972 0.0001354 0.00011425 0.00016005 0.00023605 0.0002504 0.00012385 0.0001245 0.0001874 0.00035165 0.00012415 0.00013635 0.0001242 0.0001243 0.00011395 0.00019415 0.0001365 0.00013605 0.00023105 0.00014755 0.00012475 0.00012455 0.0001258 0.0001359 0.0001248 0.0001251 0.00020555 0.00012595 0.0001251 0.0002571 0.0002473 0.00013635 0.00024035 0.0002011 0.0001358 0.00023605 0.0001356 0.0001355 0.00021805 0.00012595 0.00021795 0.0002314 0.0001247 0.00031605 0.00026925 0.0001258 0.00012365 0.0002477 0.0002054 0.00017405 0.0001257 0.00024715 0.0001245 0.0001708 0.0001252 0.00013575 0.0001363 0.00020055 0.00012425 0.0001356 0.0001348 0.00013615 0.0001952 0.0002008 0.00018535
8 0.0001712 0.00024805 0.0002312 0.00024635 0.00024885 0.00017155 0.00024885 0.00017065 0.0003401 0.00017135 0.0002583 0.00017105 0.00024745 0.00017135 0.00017255 0.0001896 0.00017135 0.00017135 0.00021925 0.00017175 0.0001715 0.0001713 0.00017215 0.0002468 0.0002018 0.00017185 0.0001896 0.00017245 0.0002884 0.0002467 0.00018915 0.00023065 0.00020165 0.0002492 0.00023075 0.00024775 0.000171 0.00017175 0.0001706 0.00024785 0.00024895 0.0001705 0.00017135 0.00020115 0.00030545 0.000171 0.00017165 0.0001709 0.00017095 0.0001715 0.00024685 0.000172 0.00017145 0.00023095 0.00018965 0.00017145 0.0001714 0.0001723 0.0001716 0.00017165 0.0001719 0.0002474 0.00017225 0.00017165 0.00025765 0.00024805 0.0001719 0.00024955 0.0002016 0.00017135 0.00024785 0.00017095 0.00017105 0.0002182 0.00017235 0.0002181 0.0002313 0.0001715 0.0002795 0.00025865 0.0001722 0.0001705 0.0002482 0.00024725 0.00023115 0.0001721 0.00024765 0.00017135 0.0001705 0.0001719 0.0001713 0.00017185 0.000201 0.00017105 0.0001712 0.0001706 0.0001717 0.0002477 0.0002014 0.00023125
9 7.075e-05 0.0002481 0.0001853 0.00027335 0.00023815 9.235e-05 0.00019945 0.0001246 0.00017135 0.0001384 0.00025185 0.0001714 0.0002169 0.0001255 7.725e-05 8.905e-05 7.09e-05 6.975e-05 0.0002203 7.125e-05 7.055e-05 7.095e-05 7.71e-05 0.00017185 0.0001993 7.025e-05 8.915e-05 7.705e-05 0.0003644 0.00024665 0.00014335 0.00018475 0.0002554 0.0001998 0.00018505 0.00017845 7.06e-05 0.0001148 0.00019905 0.00024755 0.00019955 0.000125 7.31e-05 0.0001983 0.00039525 7.03e-05 7.12e-05 0.0001045 9.8e-05 0.00011455 0.00021705 7.03e-05 7.105e-05 0.00023105 0.00014125 6.935e-05 7.315e-05 0.0001146 7.38e-05 7.355e-05 7.375e-05 0.00017555 0.0001157 0.0001152 0.00023345 0.0002481 7.03e-05 0.0002543 0.0002011 7.09e-05 0.00024755 7.08e-05 7.07e-05 0.0002141 0.0001249 0.000214 0.0002314 6.955e-05 0.00032995 0.00025095 0.00012475 6.98e-05 0.00024825 0.0001754 0.0001849 0.00012465 0.0002479 9.8e-05 0.00017155 6.995e-05 7.085e-05 7.025e-05 0.0002007 0.00012535 7.085e-05 7.025e-05 7.01e-05 0.00021715 0.00019135 0.00018535
10 0.0002383 0.0002588 0.0002749 0.00027955 0.00025535 0.0002587 0.0002518 0.00026905 0.0002583 0.00025185 0.0004741 0.0002587 0.00027595 0.000258 0.00025215 0.00024395 0.00023845 0.00024095 0.0002738 0.00023825 0.00025185 0.00023775 0.0002517 0.00027265 0.00025855 0.0002407 0.0002433 0.0002628 0.00026105 0.0002591 0.00026385 0.00027475 0.0002791 0.0002514 0.0002752 0.00027285 0.0002377 0.0002682 0.0002785 0.00026955 0.0002519 0.0002583 0.00025165 0.0002697 0.0002598 0.00024925 0.00023835 0.00025815 0.0002583 0.0002656 0.00027555 0.0002414 0.0002374 0.00027535 0.00025455 0.0002543 0.0002517 0.0002578 0.00023805 0.0002495 0.00024945 0.00025975 0.0002552 0.00025485 0.00025105 0.0002588 0.00024075 0.00027225 0.00025835 0.00023845 0.00026955 0.00023785 0.00023795 0.00026025 0.0002617 0.00026015 0.0002757 0.00025205 0.00027265 0.00024055 0.00026155 0.00024875 0.00025855 0.0002596 0.00028605 0.00026145 0.00025875 0.0002612 0.00025835 0.0002522 0.0002384 0.0002406 0.00025885 0.00025775 0.00023765 0.0002379 0.00024055 0.0002762 0.0002543 0.00027495
11 0.00017125 0.0002484 0.0002316 0.00024655 0.00024835 0.00017195 0.0002492 0.0001716 0.00017105 0.0001714 0.0002587 0.0003405 0.00024695 0.00017185 0.00017275 0.0001892 0.0001714 0.00017115 0.0002198 0.00017175 0.0001717 0.000172 0.0001726 0.0002473 0.00020215 0.00017165 0.00018985 0.00017305 0.00028845 0.0002464 0.00018935 0.00023105 0.00020195 0.00024955 0.00023165 0.0002483 0.00017165 0.00017165 0.0001712 0.0002485 0.0002493 0.00017165 0.00017205 0.0002018 0.00030555 0.000172 0.0001717 0.0001716 0.0001718 0.00017155 0.00024715 0.00017115 0.0001721 0.00023105 0.00019035 0.00017135 0.0001721 0.0001712 0.00017215 0.0001724 0.0001724 0.0002477 0.0001716 0.00017145 0.00025835 0.0002484 0.0001717 0.0002496 0.00020195 0.0001714 0.0002485 0.00017215 0.00017175 0.0002186 0.00017185 0.0002185 0.0002314 0.0001716 0.0002795 0.00025815 0.0001717 0.0001715 0.00024855 0.00024755 0.0002317 0.0001716 0.0002485 0.0001722 0.00017095 0.00017185 0.00017135 0.00017165 0.00020185 0.0001717 0.0001719 0.0001713 0.0001715 0.0002472 0.00020175 0.00023165
12 0.0002283 0.00024925 0.0002287 0.00022275 0.0002472 0.0002043 0.00026365 0.00019495 0.00024745 0.0002169 0.00027595 0.00024695 0.0003581 0.00020605 0.00022075 0.0002396 0.00022845 0.0002277 0.0002504 0.0002287 0.00021765 0.0002289 0.0002207 0.000193 0.0002457 0.0002281 0.0002401 0.0002101 0.00030205 0.00024745 0.0002171 0.00022825 0.00022465 0.0002639 0.0002288 0.000196 0.00022855 0.000193 0.00022355 0.0002383 0.00026375 0.000206 0.0002177 0.0002344 0.00030555 0.00021795 0.00022865 0.00020455 0.0002047 0.00019285 0.00017955 0.00022775 0.0002289 0.0002696 0.0002275 0.00021685 0.00021775 0.0002031 0.00022875 0.00021805 0.000218 0.00020415 0.000204 0.00020385 0.00027225 0.00024925 0.00022815 0.0002408 0.0002475 0.00022845 0.0002383 0.000229 0.00022865 0.00025825 0.00020515 0.00025815 0.00026995 0.0002171 0.0002826 0.00027505 0.000205 0.00021745 0.0002493 0.000204 0.00021785 0.0002049 0.0002493 0.0002049 0.0002474 0.00021735 0.0002284 0.0002281 0.00024745 0.000206 0.0002288 0.0002283 0.00022795 0.00017935 0.0002459 0.00022875
13 0.00012525 0.0002478 0.00018455 0.000252 0.00024855 0.00012575 0.00024865 0.0001249 0.00017135 0.0001255 0.000258 0.00017185 0.00020605 0.0002467 0.00012675 0.0001436 0.0001254 0.0001253 0.0002198 0.00012505 0.0001256 0.00012475 0.00012635 0.0002056 0.00019885 0.00012515 0.000143 0.00012675 0.0003343 0.0002464 0.0001431 0.000185 0.00020135 0.00024835 0.0001854 0.00020665 0.00012435 0.00012575 0.00017165 0.00024785 0.00024875 0.0001248 0.0001253 0.0001991 0.0003521 0.00012535 0.0001247 0.000125 0.00012515 0.00012565 0.0002056 0.0001259 0.00012415 0.0002314 0.00014865 0.00012545 0.00012535 0.0001261 0.00012475 0.00012565 0.0001256 0.00020595 0.00012615 0.0001256 0.0002582 0.0002478 0.0001252 0.0002493 0.00020065 0.0001254 0.00024785 0.0001247 0.00012415 0.0002186 0.00012625 0.0002185 0.00023175 0.0001257 0.0003249 0.00025885 0.0001261 0.00012485 0.00024695 0.0002058 0.0001856 0.000126 0.0002477 0.00012555 0.00017145 0.00012575 0.00012535 0.00012515 0.000201 0.0001244 0.00012465 0.0001247 0.000125 0.0002063 0.00020045 0.0001846
14 6.455e-05 0.0002493 0.0001866 0.0002711 0.00024545 8.35e-05 0.000188 0.0001282 0.00017255 7.725e-05 0.00025215 0.00017275 0.00022075 0.00012675 0.0001284 8.255e-05 6.47e-05 7.52e-05 0.0002191 6.51e-05 6.695e-05 6.565e-05 6.5e-05 0.0001657 0.0002006 7.57e-05 8.355e-05 6.735e-05 0.0003757 0.00024695 0.0001442 0.000186 0.00026325 0.00018835 0.00018635 0.000163 6.535e-05 0.0001246 0.0001972 0.0002512 0.0001883 0.0001262 6.76e-05 0.00020205 0.00040645 6.745e-05 6.505e-05 9.615e-05 8.97e-05 0.00012435 0.00022025 7.485e-05 6.58e-05 0.0002321 0.000144 7.735e-05 6.765e-05 0.0001326 6.58e-05 6.79e-05 6.805e-05 0.0001641 0.0001226 0.00012245 0.0002406 0.0002493 7.575e-05 0.00024925 0.0002024 6.47e-05 0.0002512 6.555e-05 6.545e-05 0.0002197 0.00013655 0.0002196 0.00023245 7.745e-05 0.0003251 0.000262 0.0001364 6.695e-05 0.0002495 0.00016395 0.00018855 0.0001363 0.00024915 9.01e-05 0.0001727 7.78e-05 6.465e-05 7.57e-05 0.00020205 0.0001265 6.555e-05 6.495e-05 7.555e-05 0.000221 0.00019795 0.00018665
15 1.98e-05 0.00025905 0.0001964 0.0003423 0.00020265 9.97e-05 0.0001987 0.0001543 0.0001896 8.905e-05 0.00024395 0.0001892 0.0002396 0.0001436 8.255e-05 3.79e-05 1.995e-05 7.795e-05 0.00022975 2.025e-05 6.325e-05 2.13e-05 8.325e-05 0.00021685 0.00021735 7.835e-05 2.045e-05 9.455e-05 0.000427 0.00025715 0.0001425 0.0001959 0.00034145 0.00019895 0.00019645 0.0002361 2.1e-05 0.00013015 0.00027545 0.00027 0.0001988 0.00014345 0.000112 0.00022795 0.0003902 3.225e-05 2.02e-05 0.0001132 0.00010685 9.79e-05 0.00023935 7.71e-05 2.135e-05 0.00024155 0.00013945 0.00012115 0.00011205 0.0001441 6.905e-05 8.02e-05 8.015e-05 0.0002218 8.605e-05 8.695e-05 0.00023985 0.00025905 7.84e-05 0.00032085 0.00021915 1.995e-05 0.00027 2.14e-05 2.11e-05 0.0001673 0.0002004 0.0001672 0.0002419 8.925e-05 0.0003969 0.0003009 0.00020025 3.175e-05 0.00025915 0.00022165 0.0002074 0.00020015 0.0002591 0.00015445 0.00018955 8.95e-05 1.99e-05 7.835e-05 0.0002191 0.00014345 2.12e-05 2.07e-05 7.82e-05 0.00023985 0.00016235 0.00019645
16 1.6e-06 0.0002476 0.0001853 0.00033105 0.00019165 8.24e-05 0.0001873 0.0001358 0.00017135 7.09e-05 0.00023845 0.0001714 0.00022845 0.0001254 6.47e-05 1.995e-05 3.2e-06 5.95e-05 0.00022945 2.4e-06 4.535e-05 2.65e-06 6.475e-05 0.0002054 0.0001993 6.03e-05 2.09e-05 7.635e-05 0.0004217 0.00024565 0.0001428 0.0001844 0.0003232 0.00018795 0.00018525 0.0002247 2.35e-06 0.000112 0.0002572 0.0002589 0.0001874 0.00012495 9.365e-05 0.0002098 0.0004027 1.35e-05 2.3e-06 9.42e-05 8.81e-05 7.975e-05 0.0002279 5.95e-05 3.1e-06 0.0002308 0.00013935 0.000103 9.37e-05 0.00012625 5.08e-05 6.185e-05 6.19e-05 0.00021045 6.9e-05 6.85e-05 0.00023425 0.00024765 6.035e-05 0.00031005 0.0002011 1.65e-06 0.0002589 3.05e-06 2.45e-06 0.00016665 0.00018255 0.00016655 0.00023115 7.11e-05 0.0003861 0.0002956 0.0001824 1.3e-05 0.00024815 0.0002103 0.0001962 0.0001823 0.000248 0.0001358 0.000171 7.135e-05 1.65e-06 6.03e-05 0.00020095 0.00012505 2.55e-06 1.65e-06 6.015e-05 0.0002287 0.0001443 0.00018535
17 5.935e-05 0.0002476 0.0001851 0.000284 0.0002379 9.235e-05 0.0001969 0.0001356 0.00017135 6.975e-05 0.00024095 0.00017115 0.0002277 0.0001253 7.52e-05 7.795e-05 5.95e-05 0.000117 0.0002292 6.015e-05 7.055e-05 5.955e-05 7.455e-05 0.00018275 0.0001991 5.935e-05 7.805e-05 8.595e-05 0.0003644 0.00024645 0.00014305 0.00018425 0.00026595 0.00019755 0.0001851 0.0001873 5.92e-05 0.0001258 0.00020985 0.00025865 0.000197 0.00012495 7.33e-05 0.0002094 0.0003953 7.02e-05 6.01e-05 0.0001038 9.765e-05 0.00012585 0.0002278 5.94e-05 5.995e-05 0.0002308 0.00014165 6.955e-05 7.335e-05 0.0001147 6.29e-05 7.38e-05 7.385e-05 0.00017555 0.0001156 0.0001148 0.00023385 0.0002476 5.94e-05 0.00026295 0.0002009 5.95e-05 0.00025865 5.995e-05 5.93e-05 0.00021365 0.0001249 0.00021355 0.00023115 6.995e-05 0.0003386 0.00024025 0.00012475 6.97e-05 0.00024805 0.0001754 0.00019585 0.00012465 0.00024795 9.795e-05 0.000171 7.02e-05 5.945e-05 5.935e-05 0.00020075 0.00012505 5.945e-05 5.855e-05 5.92e-05 0.00022795 0.00019125 0.00018515
18 0.0002293 0.00026025 0.00026545 0.0002492 0.0002616 0.0002196 0.0002599 0.0002103 0.00021925 0.0002203 0.0002738 0.0002198 0.0002504 0.0002198 0.0002191 0.00022975 0.00022945 0.0002292 0.0004166 0.00022985 0.0002207 0.00022955 0.00021905 0.00025005 0.0002205 0.0002297 0.0002299 0.00021045 0.0002645 0.0002597 0.0002197 0.00026485 0.00021025 0.00026025 0.0002652 0.0002484 0.00022925 0.0002119 0.0002096 0.0002512 0.0002602 0.00021925 0.00022035 0.000211 0.00026335 0.0002204 0.0002298 0.00021925 0.0002193 0.00021165 0.0002499 0.0002297 0.0002297 0.00026545 0.0002204 0.0002204 0.0002204 0.00022095 0.0002295 0.00022065 0.0002208 0.0002592 0.0002211 0.0002207 0.00026455 0.00026025 0.00022975 0.0002507 0.0002202 0.00022945 0.0002512 0.00022945 0.00022935 0.00021885 0.0002201 0.00021875 0.0002658 0.0002205 0.0002509 0.00027375 0.00021995 0.0002199 0.00026045 0.00025905 0.00025645 0.00021985 0.0002601 0.0002195 0.0002194 0.00022085 0.0002294 0.0002297 0.00021985 0.00021955 0.00022945 0.00022885 0.00022955 0.00025065 0.0002209 0.0002655
19 2.3e-06 0.0002483 0.0001852 0.00033145 0.000192 8.28e-05 0.00018795 0.0001364 0.00017175 7.125e-05 0.00023825 0.00017175 0.0002287 0.00012505 6.51e-05 2.025e-05 2.4e-06 6.015e-05 0.00022985 3.8e-06 4.575e-05 2.85e-06 6.545e-05 0.0002058 0.00019905 6.005e-05 2.07e-05 7.675e-05 0.00042195 0.0002459 0.0001433 0.0001851 0.0003237 0.0001877 0.00018555 0.0002251 2.45e-06 0.00011235 0.0002577 0.00025925 0.00018805 0.00012545 9.405e-05 0.00021015 0.000403 1.43e-05 2.25e-06 9.525e-05 8.89e-05 8.01e-05 0.00022835 5.975e-05 2.1e-06 0.0002312 0.00013975 0.00010335 9.41e-05 0.00012645 5.05e-05 6.225e-05 6.22e-05 0.00021075 6.925e-05 6.915e-05 0.00023465 0.0002483 6.01e-05 0.0003103 0.00020085 2.4e-06 0.00025925 2.85e-06 2.75e-06 0.00016735 0.0001828 0.00016725 0.00023155 7.145e-05 0.0003863 0.00029585 0.00018265 1.38e-05 0.000248 0.0002106 0.0001966 0.00018255 0.00024825 0.0001365 0.0001718 7.16e-05 2.35e-06 6.005e-05 0.0002012 0.00012505 2.75e-06 2.75e-06 5.99e-05 0.00022895 0.00014405 0.00018525
20 4.52e-05 0.00024815 0.00018535 0.00028825 0.00022405 8.255e-05 0.00018985 0.000125 0.0001715 7.055e-05 0.00025185 0.0001717 0.00021765 0.0001256 6.695e-05 6.325e-05 4.535e-05 7.055e-05 0.0002207 4.575e-05 8.97e-05 4.62e-05 6.73e-05 0.00016205 0.00019935 7.105e-05 6.415e-05 6.75e-05 0.00038925 0.0002459 0.0001431 0.00018475 0.0002802 0.0001902 0.0001852 0.00018385 4.59e-05 0.0001007 0.00021415 0.000248 0.00018995 0.00012515 6.35e-05 0.00019875 0.00040515 4.595e-05 4.57e-05 9.48e-05 8.835e-05 0.0001009 0.00021715 7.03e-05 4.635e-05 0.0002309 0.00014165 7.02e-05 6.355e-05 0.000126 6.42e-05 6.415e-05 6.43e-05 0.0001808 0.00010125 0.00010105 0.0002339 0.00024815 7.11e-05 0.0002691 0.00020115 4.535e-05 0.000248 4.62e-05 4.6e-05 0.00019925 0.0001501 0.00019915 0.00023125 7.075e-05 0.00034515 0.0002765 0.00014995 4.545e-05 0.00024835 0.00018065 0.00018515 0.00014985 0.0002481 0.00010345 0.00017155 7.1e-05 4.53e-05 7.105e-05 0.0002009 0.00012535 4.61e-05 4.55e-05 7.09e-05 0.0002179 0.00017655 0.0001854
21 2.5e-06 0.0002477 0.000185 0.0003315 0.00019185 8.28e-05 0.00018735 0.0001357 0.0001713 7.095e-05 0.00023775 0.000172 0.0002289 0.00012475 6.565e-05 2.13e-05 2.65e-06 5.955e-05 0.00022955 2.85e-06 4.62e-05 2.9e-06 6.49e-05 0.00020565 0.0001986 5.97e-05 2.045e-05 7.65e-05 0.00042195 0.00024675 0.00014315 0.00018445 0.0003233 0.00018735 0.0001852 0.000225 1.7e-06 0.00011205 0.00025725 0.00025895 0.00018745 0.00012475 9.35e-05 0.00020985 0.00040295 1.33e-05 2.95e-06 9.41e-05 8.795e-05 7.98e-05 0.0002282 6.06e-05 1.8e-06 0.0002312 0.0001394 0.00010305 9.355e-05 0.0001265 5.015e-05 6.17e-05 6.175e-05 0.0002107 6.955e-05 6.855e-05 0.0002343 0.0002477 5.975e-05 0.00031065 0.0002005 2.65e-06 0.00025895 2.15e-06 1.95e-06 0.00016665 0.00018315 0.0001666 0.00023155 7.115e-05 0.00038635 0.00029585 0.000183 1.285e-05 0.00024785 0.00021055 0.00019625 0.0001829 0.00024795 0.00013565 0.000171 7.13e-05 2.6e-06 5.95e-05 0.0002009 0.0001243 1.55e-06 1.5e-06 5.955e-05 0.00022915 0.0001437 0.00018505
22 6.46e-05 0.0002485 0.00018615 0.0002708 0.00024485 8.37e-05 0.0001872 0.0001279 0.00017215 7.71e-05 0.0002517 0.0001726 0.0002207 0.00012635 6.5e-05 8.325e-05 6.475e-05 7.455e-05 0.00021905 6.545e-05 6.73e-05 6.49e-05 0.0001277 0.0001656 0.00020015 7.535e-05 8.345e-05 6.66e-05 0.00037525 0.00024725 0.00014405 0.00018525 0.0002627 0.00018785 0.0001861 0.0001632 6.46e-05 0.0001243 0.0001967 0.0002509 0.0001875 0.0001259 6.72e-05 0.0002018 0.000406 6.69e-05 6.54e-05 9.52e-05 8.905e-05 0.0001242 0.0002201 7.53e-05 6.535e-05 0.0002318 0.00014375 7.705e-05 6.725e-05 0.00013235 6.535e-05 6.755e-05 6.76e-05 0.00016395 0.00012265 0.0001218 0.00024035 0.0002485 7.54e-05 0.00024905 0.00020195 6.475e-05 0.0002509 6.53e-05 6.47e-05 0.00021895 0.0001365 0.00021885 0.00023215 7.73e-05 0.0003246 0.00026165 0.00013635 6.64e-05 0.000249 0.0001638 0.0001882 0.00013625 0.00024885 8.955e-05 0.0001718 7.755e-05 6.47e-05 7.535e-05 0.0002018 0.000126 6.48e-05 6.39e-05 7.52e-05 0.00022095 0.0001975 0.0001862
23 0.00020525 0.0002488 0.0002282 0.00020335 0.00028015 0.0001622 0.00020865 0.0001941 0.0002468 0.00017185 0.00027265 0.0002473 0.000193 0.0002056 0.0001657 0.00021685 0.0002054 0.00018275 0.00025005 0.0002058 0.00016205 0.00020565 0.0001656 0.0002364 0.0002452 0.00018325 0.00021715 0.0001549 0.00030555 0.0002473 0.00021665 0.0002276 0.0002465 0.000209 0.00022805 0.0001219 0.00020535 0.0001931 0.0002131 0.00023775 0.00020875 0.00020515 0.00013225 0.0002337 0.00035715 0.0001945 0.00020575 0.0001779 0.00017145 0.00022545 0.0001924 0.0001831 0.0002058 0.0002692 0.000224 0.00013935 0.0001323 0.0002142 0.000176 0.00016505 0.0001652 0.0001324 0.00023695 0.0002365 0.0002529 0.0002488 0.0001833 0.0002085 0.000247 0.0002054 0.00023775 0.00020565 0.00020545 0.0002899 0.0001829 0.0002898 0.00026955 0.00017205 0.00025035 0.00025005 0.00018275 0.000194 0.000249 0.00013235 0.0002171 0.00018265 0.00024875 0.00013935 0.00024685 0.0001723 0.00020535 0.00018325 0.00024675 0.00020535 0.00020555 0.00020495 0.0001831 0.00019315 0.00027795 0.00022825
24 0.00019915 0.00024905 0.00025045 0.0002481 0.00024935 0.00019955 0.00024955 0.0001993 0.0002018 0.0001993 0.00025855 0.00020215 0.0002457 0.00019885 0.0002006 0.00021735 0.0001993 0.0001991 0.0002205 0.00019905 0.00019935 0.0001986 0.00020015 0.0002452 0.0003958 0.00019885 0.0002167 0.00020055 0.0002607 0.0002475 0.00021735 0.0002505 0.00020085 0.00024915 0.0002508 0.00024635 0.0001985 0.00019955 0.00020175 0.0002491 0.00024965 0.00019925 0.0001992 0.00019855 0.00027955 0.0001994 0.00019915 0.00019875 0.0001989 0.0001996 0.00024535 0.00019955 0.0001982 0.0002531 0.00022045 0.0001991 0.00019925 0.0001998 0.0001989 0.0001997 0.00019965 0.0002457 0.00019995 0.00019955 0.0002588 0.00024905 0.0001989 0.00024955 0.00020045 0.0001993 0.0002491 0.0001987 0.00019875 0.00021935 0.0001994 0.00021925 0.0002533 0.0001995 0.0002516 0.00025935 0.00019925 0.0001989 0.00024875 0.00024555 0.00025095 0.00019915 0.000249 0.00019915 0.00020185 0.00019965 0.00019925 0.00019875 0.0002009 0.0001987 0.0001985 0.00019875 0.0001987 0.00024595 0.0002007 0.0002505
25 6.015e-05 0.0002484 0.00018515 0.0002845 0.00023845 9.285e-05 0.0001977 0.0001363 0.00017185 7.025e-05 0.0002407 0.00017165 0.0002281 0.00012515 7.57e-05 7.835e-05 6.03e-05 5.935e-05 0.0002297 6.005e-05 7.105e-05 5.97e-05 7.535e-05 0.00018325 0.00019885 0.0001178 7.78e-05 8.645e-05 0.0003648 0.00024685 0.00014365 0.00018505 0.0002666 0.0001973 0.0001855 0.0001878 5.95e-05 0.0001263 0.00021045 0.00025915 0.0001978 0.00012555 7.38e-05 0.0002099 0.0003957 7.11e-05 6.015e-05 0.0001049 9.855e-05 0.00012635 0.00022835 5.98e-05 5.92e-05 0.0002313 0.00014215 7.005e-05 7.385e-05 0.0001151 6.28e-05 7.43e-05 7.425e-05 0.00017595 0.000116 0.0001156 0.00023435 0.0002484 5.895e-05 0.00026335 0.00020065 6.03e-05 0.00025915 5.97e-05 5.975e-05 0.00021445 0.0001251 0.00021435 0.00023165 7.025e-05 0.000339 0.00024065 0.00012515 7.06e-05 0.0002481 0.0001758 0.00019635 0.00012505 0.00024835 9.875e-05 0.0001719 7.06e-05 6.025e-05 5.91e-05 0.00020115 0.000125 5.96e-05 5.975e-05 5.895e-05 0.00022835 0.000191 0.0001852
26 2.075e-05 0.00025915 0.00019615 0.0003428 0.0002029 0.0001002 0.0001988 0.00015425 0.0001896 8.915e-05 0.0002433 0.00018985 0.0002401 0.000143 8.355e-05 2.045e-05 2.09e-05 7.805e-05 0.0002299 2.07e-05 6.415e-05 2.045e-05 8.345e-05 0.00021715 0.0002167 7.78e-05 3.95e-05 9.475e-05 0.0004273 0.0002583 0.00014265 0.000196 0.0003416 0.0001984 0.00019645 0.00023645 2.04e-05 0.00013025 0.00027555 0.0002701 0.0001989 0.0001433 0.0001119 0.00022805 0.0003905 3.215e-05 2.08e-05 0.0001131 0.00010675 9.8e-05 0.0002397 7.825e-05 2.01e-05 0.000242 0.00013955 0.00012125 0.00011195 0.0001444 6.845e-05 8.01e-05 8.005e-05 0.0002221 8.67e-05 8.705e-05 0.00023995 0.00025915 7.785e-05 0.0003215 0.0002186 2.09e-05 0.0002701 2.055e-05 2.065e-05 0.0001674 0.00020105 0.0001673 0.00024235 8.935e-05 0.0003972 0.0003012 0.0002009 3.165e-05 0.0002589 0.00022195 0.0002075 0.0002008 0.0002591 0.00015435 0.00018965 8.95e-05 2.085e-05 7.77e-05 0.0002191 0.00014275 2.035e-05 2.06e-05 7.765e-05 0.00024035 0.0001618 0.0001962
27 7.62e-05 0.0002492 0.00018655 0.00026035 0.0002453 8.4e-05 0.00018995 0.00011725 0.00017245 7.705e-05 0.0002628 0.00017305 0.0002101 0.00012675 6.735e-05 9.455e-05 7.635e-05 8.595e-05 0.00021045 7.675e-05 6.75e-05 7.65e-05 6.66e-05 0.0001549 0.00020055 8.645e-05 9.475e-05 0.0001149 0.00037545 0.00024765 0.00014455 0.00018595 0.00025235 0.0001903 0.00018635 0.00015465 7.62e-05 0.0001135 0.00018585 0.00024015 0.00019025 0.00012625 6.72e-05 0.00019105 0.00040615 6.735e-05 7.67e-05 9.61e-05 8.935e-05 0.00011335 0.00020955 8.64e-05 7.665e-05 0.00023225 0.0001437 7.705e-05 6.725e-05 0.00013245 7.645e-05 6.715e-05 6.76e-05 0.00016415 0.00012295 0.0001224 0.0002403 0.0002492 8.65e-05 0.0002406 0.00020235 7.635e-05 0.00024015 7.645e-05 7.63e-05 0.0002196 0.0001367 0.0002195 0.0002326 7.725e-05 0.00031615 0.00027255 0.00013655 6.685e-05 0.0002494 0.000164 0.0001771 0.00013645 0.0002491 8.955e-05 0.00017255 7.715e-05 7.63e-05 8.645e-05 0.00020205 0.0001265 7.64e-05 7.58e-05 8.63e-05 0.00021035 0.0001978 0.0001866
28 0.00042155 0.0002594 0.0003426 0.00020485 0.0003109 0.00037145 0.0003003 0.000334 0.0002884 0.0003644 0.00026105 0.00028845 0.00030205 0.0003343 0.0003757 0.000427 0.0004217 0.0003644 0.0002645 0.00042195 0.00038925 0.00042195 0.00037525 0.00030555 0.0002607 0.0003648 0.0004273 0.00037545 0.000188 0.0002595 0.0003395 0.00034215 0.00017005 0.00030055 0.0003427 0.0002919 0.0004216 0.00035315 0.000237 0.00025925 0.0003004 0.00033425 0.00034455 0.0002602 0.00015 0.0004218 0.0004219 0.0003636 0.00037025 0.0003855 0.00030185 0.00036465 0.00042195 0.0002969 0.00033795 0.0003319 0.0003446 0.0003286 0.00037725 0.00037735 0.0003773 0.0002938 0.0003858 0.00038565 0.00025765 0.0002594 0.00036485 0.00021235 0.000258 0.0004217 0.00025925 0.00042205 0.0004217 0.00031065 0.00027675 0.00031055 0.00029725 0.0003646 0.0001366 0.0002038 0.0002766 0.0004213 0.00025945 0.00029365 0.00034255 0.0002765 0.00025945 0.0003231 0.00028835 0.00036485 0.00042165 0.0003648 0.00025785 0.00033425 0.00042185 0.00042135 0.00036465 0.0003023 0.0003099 0.00034265
29 0.0002455 0.00024775 0.0002693 0.00024745 0.00024835 0.00024645 0.0002487 0.0002462 0.0002467 0.00024665 0.0002591 0.0002464 0.00024745 0.0002464 0.00024695 0.00025715 0.00024565 0.00024645 0.0002597 0.0002459 0.0002459 0.00024675 0.00024725 0.0002473 0.0002475 0.00024685 0.0002583 0.00024765 0.0002595 0.0004898 0.0002577 0.00026885 0.0002474 0.00024895 0.0002694 0.0002483 0.0002464 0.0002469 0.00024685 0.0002478 0.0002488 0.00024625 0.00024675 0.0002472 0.00027115 0.0002468 0.00024585 0.00024645 0.0002466 0.0002468 0.00024725 0.0002458 0.00024675 0.00026895 0.00025955 0.0002466 0.0002468 0.00024695 0.0002468 0.0002471 0.00024705 0.00024765 0.0002466 0.00024675 0.00025875 0.00024775 0.0002469 0.00024865 0.0002473 0.00024565 0.0002477 0.00024685 0.0002465 0.00025855 0.0002467 0.00025845 0.0002693 0.00024685 0.0002496 0.0002591 0.00024655 0.0002463 0.0002477 0.0002475 0.00026945 0.00024645 0.0002477 0.000247 0.00024665 0.0002471 0.0002456 0.00024685 0.00024725 0.00024625 0.00024665 0.00024615 0.0002467 0.0002477 0.0002471 0.00026935
30 0.00014265 0.0002584 0.0001964 0.00026285 0.0002594 0.0001427 0.00025935 0.00014245 0.00018915 0.00014335 0.00026385 0.00018935 0.0002171 0.0001431 0.0001442 0.0001425 0.0001428 0.00014305 0.0002197 0.0001433 0.0001431 0.00014315 0.00014405 0.00021665 0.00021735 0.00014365 0.00014265 0.00014455 0.0003395 0.0002577 0.0002836 0.0001957 0.00021905 0.0002598 0.00019635 0.00021765 0.00014285 0.0001436 0.0001893 0.00025855 0.00025945 0.00014255 0.00014325 0.00021695 0.0003394 0.0001431 0.00014325 0.00014265 0.0001429 0.0001435 0.00021655 0.0001434 0.0001434 0.00024175 0.00014835 0.0001433 0.0001433 0.00014395 0.00014345 0.0001436 0.00014365 0.0002171 0.00014315 0.00014335 0.0002634 0.0002584 0.0001437 0.00026 0.00021915 0.0001428 0.00025855 0.00014335 0.00014295 0.00021845 0.000144 0.00021835 0.0002421 0.00014355 0.0003357 0.00026405 0.00014385 0.0001426 0.0002587 0.00021695 0.0001964 0.00014375 0.00025855 0.0001433 0.000189 0.0001438 0.00014275 0.00014365 0.000219 0.0001426 0.00014305 0.00014235 0.0001435 0.00021735 0.00021895 0.00019645
31 0.00018425 0.00026995 0.00018435 0.00027395 0.00027055 0.0001849 0.00027045 0.0001845 0.00023065 0.00018475 0.00027475 0.00023105 0.00022825 0.000185 0.000186 0.0001959 0.0001844 0.00018425 0.00026485 0.0001851 0.00018475 0.00018445 0.00018525 0.0002276 0.0002505 0.00018505 0.000196 0.00018595 0.00034215 0.00026885 0.0001957 0.0003668 0.00025205 0.0002711 0.0001843 0.00022875 0.00018415 0.000185 0.0002305 0.0002703 0.00027055 0.00018455 0.0001846 0.0002501 0.00035395 0.0001844 0.00018505 0.00018355 0.0001839 0.00018505 0.0002277 0.0001851 0.0001849 0.00022975 0.00020085 0.00018455 0.00018465 0.0001854 0.00018495 0.0001851 0.00018515 0.0002282 0.00018545 0.0001847 0.00027415 0.00026995 0.0001851 0.00027085 0.0002526 0.0001844 0.0002703 0.00018485 0.00018425 0.0002634 0.00018495 0.0002633 0.00023015 0.00018495 0.0003389 0.00027485 0.0001848 0.0001839 0.00027045 0.00022805 0.00018435 0.0001847 0.0002703 0.00018425 0.0002303 0.0001852 0.00018435 0.00018505 0.0002524 0.00018465 0.00018435 0.00018345 0.0001849 0.0002285 0.00025285 0.0001844
32 0.00032305 0.00024875 0.00025275 0.00016835 0.0003059 0.000244 0.0003101 0.00019005 0.00020165 0.0002554 0.0002791 0.00020195 0.00022465 0.00020135 0.00026325 0.00034145 0.0003232 0.00026595 0.00021025 0.0003237 0.0002802 0.0003233 0.0002627 0.0002465 0.00020085 0.0002666 0.0003416 0.00025235 0.00017005 0.0002474 0.00021905 0.00025205 0.0001536 0.0003106 0.00025275 0.00022945 0.00032295 0.0002148 0.00011555 0.00023805 0.0003102 0.000201 0.00023245 0.00018955 0.0002264 0.00031235 0.00032365 0.00023 0.0002368 0.00024715 0.00022415 0.0002666 0.00032355 0.00025275 0.00022925 0.0002229 0.0002325 0.00020125 0.00027595 0.00026525 0.0002653 0.00024265 0.00025845 0.00025785 0.0002821 0.00024875 0.00026665 0.0001877 0.0002004 0.0003232 0.00023805 0.00032355 0.00032305 0.00027035 0.00014385 0.00027025 0.0002531 0.0002556 0.00018745 0.00022205 0.0001437 0.00031185 0.00024905 0.0002425 0.0002419 0.0001436 0.00024895 0.0001897 0.00020145 0.00025585 0.00032315 0.0002666 0.00020015 0.0002011 0.0003232 0.00032245 0.00026645 0.0002249 0.00025775 0.0002528
33 0.0001878 0.00024865 0.0002712 0.00026845 0.0002447 0.0002064 0.00018705 0.00025085 0.0002492 0.0001998 0.0002514 0.00024955 0.0002639 0.00024835 0.00018835 0.00019895 0.00018795 0.00019755 0.00026025 0.0001877 0.0001902 0.00018735 0.00018785 0.000209 0.00024915 0.0001973 0.0001984 0.0001903 0.00030055 0.00024895 0.0002598 0.0002711 0.0003106 0.0003731 0.00027155 0.00020705 0.00018715 0.000247 0.00027385 0.00025075 0.00018765 0.00024875 0.00019 0.00025155 0.0003243 0.0001901 0.0001878 0.0002186 0.00021225 0.0002469 0.00026355 0.000198 0.00018685 0.00027155 0.00025545 0.00019975 0.00019005 0.00025485 0.0001875 0.00019035 0.0001903 0.00020725 0.00024515 0.0002448 0.0002408 0.00024865 0.00019735 0.0002489 0.00024895 0.00018795 0.00025075 0.00018735 0.0001874 0.00026 0.0002592 0.0002599 0.0002719 0.0002 0.00024895 0.0002619 0.00025905 0.0001896 0.00024835 0.0002071 0.00027375 0.00025895 0.0002486 0.00021265 0.00024925 0.00020015 0.0001879 0.0001973 0.00024945 0.0002482 0.00018725 0.0001874 0.00019715 0.00026415 0.0002445 0.00027125
34 0.0001851 0.0002708 0.00018455 0.00027455 0.00027125 0.00018525 0.0002713 0.00018485 0.00023075 0.00018505 0.0002752 0.00023165 0.0002288 0.0001854 0.00018635 0.00019645 0.00018525 0.0001851 0.0002652 0.00018555 0.0001852 0.0001852 0.0001861 0.00022805 0.0002508 0.0001855 0.00019645 0.00018635 0.0003427 0.0002694 0.00019635 0.0001843 0.00025275 0.00027155 0.0003679 0.0002291 0.0001849 0.00018545 0.00023095 0.00027055 0.0002714 0.0001847 0.00018505 0.0002502 0.0003545 0.00018495 0.00018545 0.0001846 0.0001846 0.00018535 0.0002283 0.00018565 0.00018525 0.0002304 0.0002011 0.000185 0.0001851 0.00018595 0.0001854 0.0001855 0.0001857 0.00022875 0.000186 0.00018555 0.0002744 0.0002708 0.00018555 0.0002714 0.00025305 0.00018525 0.00027055 0.0001848 0.00018495 0.00026425 0.0001855 0.00026415 0.0002306 0.0001852 0.00033945 0.0002754 0.00018535 0.00018445 0.00027085 0.0002286 0.00018455 0.00018525 0.00027035 0.00018485 0.0002312 0.0001856 0.0001852 0.0001855 0.00025245 0.0001852 0.0001851 0.0001846 0.00018535 0.00022905 0.0002533 0.00018465
35 0.00022455 0.00024985 0.00022935 0.0001862 0.00030145 0.00016305 0.0002067 0.0001972 0.00024775 0.00017845 0.00027285 0.0002483 0.000196 0.00020665 0.000163 0.0002361 0.0002247 0.0001873 0.0002484 0.0002251 0.00018385 0.000225 0.0001632 0.0001219 0.00024635 0.0001878 0.00023645 0.00015465 0.0002919 0.0002483 0.00021765 0.00022875 0.00022945 0.00020705 0.0002291 0.0002019 0.0002247 0.0002169 0.00019605 0.00024085 0.000207 0.0002061 0.00013625 0.0002369 0.00035835 0.0002159 0.00022505 0.00017915 0.0001727 0.0002488 0.0001955 0.0001876 0.00022515 0.0002703 0.00022625 0.0001464 0.0001363 0.0002207 0.0001775 0.0001687 0.00016885 0.0001157 0.0002582 0.0002578 0.0002595 0.00024985 0.00018785 0.00018855 0.00024815 0.0002247 0.00024085 0.0002249 0.0002248 0.00031025 0.00016925 0.00031015 0.00027065 0.00017865 0.0002302 0.00023545 0.0001691 0.0002154 0.00025005 0.00011555 0.0002204 0.000169 0.0002497 0.0001259 0.0002479 0.000179 0.00022465 0.0001878 0.0002478 0.0002064 0.0002249 0.0002243 0.00018765 0.00019625 0.00029925 0.0002294
36 2.2e-06 0.00024735 0.00018465 0.0003312 0.00019145 8.25e-05 0.000187 0.0001354 0.000171 7.06e-05 0.0002377 0.00017165 0.00022855 0.00012435 6.535e-05 2.1e-05 2.35e-06 5.92e-05 0.00022925 2.45e-06 4.59e-05 1.7e-06 6.46e-05 0.00020535 0.0001985 5.95e-05 2.04e-05 7.62e-05 0.0004216 0.0002464 0.00014285 0.00018415 0.00032295 0.00018715 0.0001849 0.0002247 2.3e-06 0.0001117 0.00025695 0.0002586 0.0001871 0.00012445 9.32e-05 0.0002095 0.00040265 1.305e-05 2.6e-06 9.38e-05 8.765e-05 7.945e-05 0.0002279 6.025e-05 1.55e-06 0.0002309 0.0001391 0.0001027 9.325e-05 0.0001261 4.97e-05 6.14e-05 6.145e-05 0.0002104 6.92e-05 6.82e-05 0.000234 0.00024735 5.955e-05 0.0003103 0.0002003 2.35e-06 0.0002586 2e-06 1.6e-06 0.0001664 0.0001828 0.0001663 0.00023125 7.08e-05 0.00038595 0.0002955 0.00018265 1.255e-05 0.00024745 0.00021025 0.00019595 0.00018255 0.0002476 0.00013535 0.00017075 7.095e-05 2.3e-06 5.95e-05 0.00020055 0.00012415 1.6e-06 1.2e-06 5.935e-05 0.0002288 0.0001435 0.0001847
