 slim_337538694 slim_337538541 slim_337538440 slim_337538673 slim_337538708 slim_337538681 slim_337538641 slim_337538709 slim_337538726 slim_337538702 slim_337538678 slim_337538512 slim_337538730 slim_337538632 slim_337538559 slim_337538713 slim_337538504 slim_337538674 slim_337538407 slim_337538688 slim_337538583 slim_337538538 slim_337538655 slim_337538622 slim_337538687 slim_337538662 slim_337538648 slim_337538679 slim_337538727 slim_337538661 slim_337538663 slim_337538621 slim_337538608 slim_337538691 slim_337538615 slim_337538448 slim_337538630 slim_337538187 slim_337538665 slim_337538646 slim_337538705 slim_337538589 slim_337538593 slim_337538654 slim_337538699 slim_337538613 slim_337538659 slim_337538459 slim_337538675 slim_337538628 slim_337538594 slim_337538486 slim_337538638 slim_337538707 slim_337538728 slim_337538563 slim_337538653 slim_337538305 slim_337538723 slim_337538719 slim_337538519 slim_337538640 slim_337538636 slim_337538624 slim_337538489 slim_337538714 slim_337538496 slim_337538467 slim_337538667 slim_337538716 slim_337538611 slim_337538672 slim_337538419 slim_337538721 slim_337538701 slim_337538715 slim_337538718 slim_337538557 slim_337538591 slim_337538710 slim_337538676 slim_337538692 slim_337538698 slim_337538669 slim_337538689 slim_337538695 slim_337538483 slim_337538652 slim_337538703 slim_337538724 slim_337538729 slim_337538731 slim_337538680 slim_337538644 slim_337538706 slim_337538649 slim_337538542 slim_337538717 slim_337538642 slim_337538671
0 0.0001157 0.00018255 0.0002129 0.00011665 8.31e-05 0.00020295 0.0001149 7.68e-05 0.0001682 0.00014855 0.00033275 7.27e-05 0.00011495 0.00016795 0.0001464 0.00012135 0.00033255 6.58e-05 0.0001404 0.00018885 7.22e-05 5.88e-05 0.0002187 0.000247 6.115e-05 0.0001714 0.0001102 6.595e-05 0.00010065 0.00019875 7.59e-05 6.625e-05 0.0001152 0.000115 0.00017145 6.02e-05 6.565e-05 0.00024595 0.00014955 0.00025145 0.00025245 0.0001642 0.00014955 0.00014615 0.0001957 0.0001656 0.00012205 0.000122 0.00026355 7.705e-05 6.625e-05 0.00011465 0.00013235 9.255e-05 8.26e-05 5.875e-05 0.00012175 0.00016585 0.0001659 0.0001219 0.00025165 0.00011505 0.00018375 0.0002379 8.305e-05 0.0001738 0.0001216 0.0001102 0.0001218 0.00021875 0.0002024 0.00025165 0.00013185 6.685e-05 0.0001103 6.585e-05 7.725e-05 6.575e-05 6.75e-05 0.000147 0.000191 0.0001827 0.0001221 0.00019605 0.00023355 0.00011955 0.00019975 9.37e-05 8.23e-05 0.0002298 0.00014625 0.0002297 0.00012695 0.00022165 0.00019525 0.00011615 0.0001153 0.0001228 0.0001892 0.0002706
1 0.00018255 0.0003274 0.00023665 0.00020245 0.0002016 0.00023665 0.0002359 0.00020135 0.0002754 0.00024075 0.0002721 0.0001996 0.00023595 0.000275 0.0002442 0.0002349 0.0002719 0.00019865 0.00020705 0.00020075 0.00019935 0.00019985 0.0002423 0.0002661 0.00018495 0.00025355 0.00022965 0.0001988 0.00020525 0.0002048 0.0002024 0.00020035 0.0002362 0.00023565 0.00027265 0.00019975 0.0001833 0.00020715 0.00022275 0.0002718 0.00027265 0.0001995 0.0002225 0.00024395 0.00021965 0.00018395 0.0002158 0.00021575 0.0002091 0.000201 0.00019885 0.0002353 0.0002371 0.000188 0.00019995 0.0002 0.00023645 0.00026605 0.000266 0.0002363 0.000272 0.0002363 0.00018685 0.0002376 0.00020015 0.00021205 0.000236 0.00021355 0.0002365 0.00024235 0.00023495 0.00027205 0.0002368 0.00020055 0.00021365 0.0001999 0.0002012 0.0001826 0.0001856 0.0002075 0.0002372 0.00020145 0.0002366 0.00021965 0.0002407 0.0002401 0.000203 0.0002049 0.00020655 0.00024095 0.00018265 0.00024085 0.0002099 0.0002148 0.00023585 0.00023345 0.0002357 0.00023735 0.00020225 0.00019975
2 0.0002129 0.00023665 0.0003521 0.0002246 0.00018005 0.0001792 0.00018535 0.0001864 0.00020575 0.00017735 0.0001763 0.0001811 0.0001855 0.00020675 0.0002071 0.00017875 0.00017615 0.0001878 0.00021315 0.0002391 0.00018175 0.0001936 0.0002047 0.00017795 0.0002146 0.00019645 0.0001863 0.00018795 0.0001797 0.00020005 0.0002019 0.00018705 0.0001857 0.0001853 0.00017775 0.00019345 0.00020675 0.00022605 0.0001963 0.0001766 0.0001772 0.00020785 0.00019655 0.00020685 0.00020525 0.0002274 0.000198 0.00019795 0.0002655 0.00018645 0.0001871 0.0001849 0.00017725 0.00020505 0.0001802 0.00019355 0.00017945 0.00017845 0.00017845 0.0001786 0.0001768 0.0001857 0.0002666 0.00023765 0.0001796 0.00020435 0.0001783 0.00020645 0.0001797 0.0002047 0.00017815 0.00017685 0.0001778 0.00018785 0.0002066 0.00018695 0.00018515 0.00020675 0.0002085 0.00020555 0.0002054 0.0002459 0.00017905 0.00020495 0.0002652 0.00020815 0.00023865 0.00018595 0.0002136 0.00017695 0.00020755 0.0001768 0.00017765 0.00023145 0.00018475 0.00017945 0.00018555 0.0001802 0.00023995 0.0002225
3 0.00011665 0.00020245 0.0002246 0.0001599 9.215e-05 0.0002165 0.0001791 0.0001058 0.00023205 0.00020455 0.00034635 8.48e-05 0.0001792 0.00023205 0.0001883 0.0001659 0.00034615 9.805e-05 0.00018745 0.00015645 8.63e-05 0.0001094 0.0002583 0.0002934 9.545e-05 0.00016515 0.0001751 9.82e-05 0.00012265 0.00020845 0.00011215 9.615e-05 0.0001794 0.0001793 0.00024855 0.0001099 0.0001037 0.00026035 0.00012035 0.0002974 0.0002972 0.00018255 0.00012105 0.00018845 0.00023545 0.0001699 8.29e-05 8.285e-05 0.0002478 0.0001059 9.65e-05 0.00017895 0.0001754 0.00014235 9.39e-05 0.00010935 0.00016765 0.00024475 0.00024465 0.00016505 0.0002976 0.00017855 0.0001554 0.00023935 9.24e-05 0.00021255 0.00016475 0.00018275 0.00016775 0.00025835 0.00021455 0.0002976 0.0001749 9.865e-05 0.0001827 9.615e-05 9.335e-05 0.00010405 8.365e-05 0.00017245 0.00025205 0.00016985 0.0001678 0.00023565 0.0002208 0.000151 0.000166 0.0001355 0.00014015 0.0002535 0.0001542 0.0002538 0.00016075 0.00026525 0.0002276 0.0001475 0.00017935 0.0001675 0.0001582 0.0002562
4 8.31e-05 0.0002016 0.00018005 9.215e-05 2.8e-05 0.0001823 0.00011915 3.465e-05 0.00016265 0.00012895 0.0003446 1.865e-05 0.00011925 0.00016265 0.0001087 0.0001004 0.0003444 3.775e-05 0.0001256 0.00015695 1.985e-05 5.48e-05 0.00025115 0.0002599 6.315e-05 0.00014945 0.0001154 3.79e-05 4.685e-05 0.00016095 5.24e-05 3.48e-05 0.00011945 0.00011955 0.00018315 5.565e-05 6.44e-05 0.00022115 9.48e-05 0.00026385 0.0002636 0.0001506 9.515e-05 0.00010875 0.0002284 0.0001591 6.675e-05 6.67e-05 0.00024655 3.485e-05 3.65e-05 0.0001192 9.905e-05 9.32e-05 1.69e-05 5.47e-05 0.00010165 0.00017945 0.00017935 0.00010005 0.00026405 0.0001185 0.0001836 0.00024 1.59e-05 0.00013475 9.975e-05 0.0001438 0.00010175 0.0002512 0.00018085 0.000264 9.845e-05 3.815e-05 0.0001437 3.595e-05 2.325e-05 6.49e-05 4.52e-05 0.00010535 0.00018465 0.000176 0.00010155 0.0002284 0.00021745 8.095e-05 0.00015565 6.545e-05 0.0001066 0.00020975 0.0001467 0.0002099 7.5e-05 0.0001961 0.00019935 7.06e-05 0.0001195 0.00010145 0.0001582 0.00024695
5 0.00020295 0.00023665 0.0001792 0.0002165 0.0001823 0.0003334 0.000174 0.00018655 0.0002064 0.00017885 0.0001668 0.0001699 0.0001741 0.00020675 0.00021795 0.0001706 0.0001668 0.0001743 0.00021085 0.00024 0.0001675 0.00018065 0.00019545 0.00016795 0.00020325 0.0001881 0.00017495 0.00017445 0.00018145 0.0002094 0.0002009 0.000176 0.0001743 0.0001745 0.00016865 0.00018025 0.0001987 0.00023405 0.00019885 0.0001674 0.00016795 0.0002049 0.00019895 0.0002177 0.00019615 0.00022615 0.00019065 0.0001906 0.00027425 0.00018655 0.00017665 0.00017415 0.00018005 0.00020755 0.00018055 0.0001806 0.0001674 0.00016875 0.00016865 0.00017075 0.0001675 0.000175 0.0002666 0.00023755 0.00018295 0.000215 0.00017045 0.0001968 0.0001675 0.0001955 0.0001699 0.0001675 0.0001801 0.00017405 0.0001967 0.0001767 0.00018615 0.0001988 0.00019645 0.0002067 0.0002046 0.0002435 0.00016735 0.00019565 0.00027435 0.00020575 0.00025005 0.00018525 0.0002023 0.00017845 0.00019635 0.00017825 0.00019 0.00024055 0.00017385 0.0001804 0.00017415 0.000168 0.00023685 0.00022885
6 0.0001149 0.0002359 0.00018535 0.0001791 0.00011915 0.000174 0.0001592 0.00010495 0.00011335 9.16e-05 0.00024255 0.0001072 7.99e-05 0.0001137 0.00012535 9.47e-05 0.0002424 9.385e-05 0.00016205 0.0002508 0.00010545 8.07e-05 0.00019495 0.000162 0.00011655 0.00014435 8.095e-05 9.4e-05 0.00010635 0.0001969 0.0001142 9.5e-05 8.005e-05 8.05e-05 8.11e-05 8.2e-05 0.0001285 0.0002662 0.00015565 0.0001612 0.0001622 0.00018615 0.00015575 0.0001251 0.00019475 0.0002202 0.0001588 0.00015875 0.0003182 0.00010615 9.555e-05 8.01e-05 0.0001048 0.000126 0.0001179 8.065e-05 9.265e-05 8.085e-05 8.085e-05 9.47e-05 0.00016135 8.18e-05 0.0002718 0.00023645 0.00011965 0.00017295 9.44e-05 0.0001146 9.29e-05 0.00019495 0.0001757 0.00016145 0.00010495 9.39e-05 0.0001147 9.44e-05 0.00011735 0.0001284 0.0001281 0.000176 0.00016215 0.0002372 9.315e-05 0.00019525 0.00026795 0.00012595 0.00026155 9.275e-05 0.0001136 0.00017285 0.00020765 0.0001727 0.0001032 0.00024295 0.0001621 0.0001175 8.105e-05 9.375e-05 0.0002489 0.00029065
7 7.68e-05 0.00020135 0.0001864 0.0001058 3.465e-05 0.00018655 0.00010495 6.73e-05 0.00015 0.0001224 0.00033775 3.59e-05 0.00010505 0.00014975 9.61e-05 0.00010655 0.00033755 3.6e-05 0.00010605 0.0001693 3.555e-05 3.46e-05 0.00025045 0.00025285 5.7e-05 0.0001558 0.00010165 3.615e-05 5.285e-05 0.00014725 4.645e-05 3.605e-05 0.00010525 0.000106 0.0001763 3.63e-05 7.695e-05 0.00020145 0.0001017 0.000257 0.00025675 0.0001306 0.0001018 9.615e-05 0.0002277 0.00015285 8.59e-05 8.585e-05 0.00023995 3.49e-05 3.63e-05 0.00010565 0.0001054 9.365e-05 3.475e-05 3.45e-05 0.0001059 0.0001724 0.0001723 0.00010665 0.0002572 0.00010565 0.00019 0.00023935 3.53e-05 0.0001226 0.00010635 0.0001429 0.000106 0.0002505 0.000187 0.00025715 0.00010485 3.605e-05 0.0001428 3.5e-05 3.525e-05 7.72e-05 5.65e-05 0.00010635 0.000172 0.000169 0.0001058 0.0002277 0.00021075 7.94e-05 0.00016825 5.255e-05 9.855e-05 0.0002032 0.00015745 0.00020335 6.875e-05 0.0001776 0.0001865 8.825e-05 0.0001063 0.0001057 0.00016865 0.0002258
8 0.0001682 0.0002754 0.00020575 0.00023205 0.00016265 0.0002064 0.00011335 0.00015 0.0001769 0.00011145 0.00025105 0.00016215 0.0001135 9e-05 0.0001129 0.0001259 0.00025085 0.00014955 0.00020455 0.0002924 0.00016125 0.0001377 0.0002114 0.00017135 0.0001711 0.00017505 0.00011435 0.0001497 0.00014915 0.0002281 0.0001514 0.00015025 0.0001132 0.0001128 8.92e-05 0.0001377 0.00018115 0.00029515 0.0001976 0.0001699 0.00017005 0.0002297 0.00019785 0.00011285 0.0002252 0.0002619 0.0002122 0.00021215 0.00034695 0.0001501 0.0001504 0.0001129 0.00012475 0.0001665 0.0001614 0.00013765 0.00012535 9e-05 9.04e-05 0.0001258 0.0001701 0.00011325 0.0003131 0.0002557 0.0001623 0.0002024 0.0001255 0.0001457 0.0001255 0.00021145 0.0002067 0.0001701 0.0001252 0.00015 0.00014585 0.00015015 0.0001604 0.0001812 0.00018275 0.00021635 0.00018095 0.0002801 0.0001254 0.00022555 0.00025705 0.00012525 0.00029225 0.0001363 0.000155 0.00019255 0.0002612 0.0001927 0.00013415 0.0002701 0.00019415 0.000139 0.0001136 0.00012555 0.0002919 0.0003221
9 0.00014855 0.00024075 0.00017735 0.00020455 0.00012895 0.00017885 9.16e-05 0.0001224 0.00011145 0.0001316 0.00022835 0.0001291 9.18e-05 0.0001123 0.00011235 9.785e-05 0.0002282 0.00012285 0.0001869 0.0002681 0.00012885 0.0001167 0.00020485 0.000153 0.0001499 0.00014735 9.705e-05 0.000123 9.815e-05 0.00018665 0.0001372 0.0001231 9.195e-05 9.165e-05 6.655e-05 0.0001166 0.00015515 0.0002805 0.0001466 0.0001473 0.00014735 0.0002119 0.00014685 0.0001124 0.0002047 0.0002437 0.00017855 0.0001785 0.0003323 0.00012245 0.00012305 9.125e-05 9.62e-05 0.0001232 0.0001281 0.00011665 9.785e-05 7.22e-05 7.215e-05 9.78e-05 0.0001475 9.135e-05 0.00029495 0.000237 0.00012835 0.0001611 9.75e-05 0.0001296 9.805e-05 0.00020485 0.00017855 0.00014735 9.66e-05 0.00012335 0.0001297 0.00012285 0.00013275 0.00015525 0.00015585 0.00019245 0.0001668 0.0002621 9.795e-05 0.00020505 0.0002809 0.0001428 0.00026765 9.16e-05 0.0001493 0.00014705 0.0002358 0.0001472 6.58e-05 0.00025555 0.0001723 0.00012745 9.18e-05 9.795e-05 0.0002682 0.00030755
10 0.00033275 0.0002721 0.0001763 0.00034635 0.0003446 0.0001668 0.00024255 0.00033775 0.00025105 0.00022835 2e-07 0.00033415 0.0002427 0.00025205 0.00031645 0.0002497 4e-07 0.00032695 0.00029985 0.0003215 0.00033295 0.00032085 0.00015 8.765e-05 0.0003547 0.0002353 0.00024815 0.0003271 0.0003146 0.0002497 0.0003501 0.0003275 0.0002429 0.0002428 0.00016475 0.0003207 0.00034015 0.000241 0.0002991 8.23e-05 8.275e-05 0.0002636 0.00029935 0.0003162 0.0001741 0.0002955 0.0003206 0.00032055 0.0002936 0.0003378 0.0003281 0.0002424 0.0002585 0.0003188 0.00034345 0.0003208 0.0002488 0.00016995 0.0001698 0.0002497 8.23e-05 0.00024275 0.0003481 0.00023625 0.00034465 0.00028515 0.0002494 0.00026045 0.00024895 0.00015 0.00016765 8.23e-05 0.000259 0.00032765 0.0002604 0.00032795 0.00034805 0.00034035 0.00036065 0.00030635 0.00022645 0.00031455 0.00024845 0.0001731 0.00032205 0.00033555 0.00033135 0.0003071 0.0003106 0.0001466 0.00025835 0.00014625 0.0002927 0.00027735 0.0001603 0.00028965 0.00024275 0.0002493 0.00032065 0.00020675
11 7.27e-05 0.0001996 0.0001811 8.48e-05 1.865e-05 0.0001699 0.0001072 3.59e-05 0.00016215 0.0001291 0.00033415 1.11e-05 0.0001073 0.00016175 0.00011925 8.88e-05 0.00033395 2.415e-05 0.0001236 0.0001557 5.8e-06 4.295e-05 0.00024075 0.00024825 5.305e-05 0.0001393 0.0001024 2.43e-05 4.625e-05 0.00017 5.245e-05 2.55e-05 0.0001075 0.0001074 0.00017295 4.25e-05 5.45e-05 0.0002289 9.66e-05 0.00025295 0.00025385 0.0001483 9.645e-05 0.000119 0.0002179 0.00015765 5.53e-05 5.53e-05 0.0002553 3.565e-05 2.39e-05 0.00010705 0.00010055 9.46e-05 1.755e-05 4.3e-05 8.88e-05 0.00016725 0.00016725 9.005e-05 0.00025315 0.0001084 0.00018485 0.00023895 1.735e-05 0.00014515 8.975e-05 0.00013225 8.89e-05 0.0002408 0.00016975 0.00025315 0.0001002 2.43e-05 0.0001323 2.475e-05 2.46e-05 5.39e-05 3.47e-05 0.0001059 0.0001831 0.0001739 8.915e-05 0.0002182 0.0002268 7.895e-05 0.0001676 6.45e-05 9.515e-05 0.0002103 0.000135 0.0002102 8.655e-05 0.0002047 0.0001887 7.125e-05 0.0001071 8.975e-05 0.0001557 0.0002535
12 0.00011495 0.00023595 0.0001855 0.0001792 0.00011925 0.0001741 7.99e-05 0.00010505 0.0001135 9.18e-05 0.0002427 0.0001073 0.0001594 0.00011385 0.0001255 9.45e-05 0.0002425 9.395e-05 0.00016215 0.0002509 0.00010555 8.08e-05 0.000195 0.00016215 0.00011665 0.0001445 8.105e-05 9.41e-05 0.0001065 0.00019705 0.0001143 9.515e-05 8.02e-05 8.065e-05 8.14e-05 8.215e-05 0.00012855 0.00026635 0.0001558 0.0001614 0.0001624 0.00018625 0.0001559 0.00012525 0.00019495 0.0002203 0.0001589 0.00015885 0.0003183 0.00010625 9.565e-05 8.03e-05 0.000105 0.0001261 0.000118 8.075e-05 9.29e-05 8.1e-05 8.105e-05 9.49e-05 0.0001616 8.2e-05 0.0002719 0.0002363 0.00011975 0.0001731 9.46e-05 0.00011465 9.275e-05 0.00019505 0.0001758 0.00016165 0.0001051 9.4e-05 0.00011475 9.45e-05 0.0001175 0.00012845 0.0001282 0.0001761 0.00016225 0.0002373 9.325e-05 0.0001953 0.00026805 0.00012605 0.00026165 9.29e-05 0.00011365 0.000173 0.0002077 0.0001729 0.0001034 0.0002431 0.0001622 0.00011765 8.125e-05 9.395e-05 0.000249 0.00029075
13 0.00016795 0.000275 0.00020675 0.00023205 0.00016265 0.00020675 0.0001137 0.00014975 9e-05 0.0001123 0.00025205 0.00016175 0.00011385 0.0001789 0.0001125 0.00012625 0.00025185 0.00014915 0.0002039 0.0002919 0.00016085 0.00013745 0.00021175 0.00017165 0.00017095 0.00017535 0.0001141 0.0001493 0.0001495 0.00022835 0.00015125 0.0001504 0.000114 0.00011375 9.03e-05 0.0001377 0.00018095 0.0002954 0.0001981 0.000171 0.00017105 0.00022945 0.0001977 0.00011245 0.00022555 0.00026225 0.0002117 0.00021165 0.00034625 0.00014995 0.00015 0.0001134 0.0001256 0.0001671 0.00016115 0.0001374 0.0001258 9.08e-05 9.08e-05 0.0001265 0.0001712 0.00011375 0.00031285 0.00025605 0.00016205 0.0002029 0.0001262 0.00014535 0.00012595 0.0002118 0.00020695 0.00017105 0.00012555 0.0001498 0.00014545 0.0001499 0.0001608 0.0001808 0.0001826 0.00021645 0.00018075 0.0002797 0.00012585 0.00022585 0.0002559 0.0001256 0.000292 0.00013665 0.0001546 0.00019355 0.0002607 0.0001937 0.00013515 0.00027015 0.00019465 0.00013895 0.00011405 0.0001259 0.0002915 0.0003216
14 0.0001464 0.0002442 0.0002071 0.0001883 0.0001087 0.00021795 0.00012535 9.61e-05 0.0001129 0.00011235 0.00031645 0.00011925 0.0001255 0.0001125 0.0001388 0.00013745 0.0003163 0.0001071 0.0001518 0.00023965 0.0001188 9.545e-05 0.00026625 0.0002364 0.000128 0.00018625 0.00012595 0.00010725 9.515e-05 0.000165 0.00010005 0.000108 0.0001257 0.00012565 0.0001545 9.56e-05 0.0001588 0.0002338 0.0001434 0.0002359 0.0002348 0.000178 0.000143 6.99e-05 0.00025735 0.0002106 0.0001684 0.00016835 0.0002844 9.63e-05 0.0001075 0.00012525 0.00012575 0.0001337 0.0001075 9.54e-05 0.00013745 0.0001562 0.00015605 0.0001377 0.0002361 0.0001243 0.00026015 0.00025795 0.00010795 0.00013925 0.0001374 0.00017735 0.0001376 0.00026625 0.0002177 0.0002361 0.00012585 0.00010785 0.0001773 0.00010745 0.00010705 0.00015875 0.00013965 0.0001639 0.00018225 0.0002279 0.0001371 0.00025735 0.0002149 9.475e-05 0.0002286 8.275e-05 0.00015585 0.0001929 0.0002388 0.0001933 6.94e-05 0.00020795 0.0002059 0.00013905 0.0001257 0.0001364 0.0002397 0.00026065
15 0.00012135 0.0002349 0.00017875 0.0001659 0.0001004 0.0001706 9.47e-05 0.00010655 0.0001259 9.785e-05 0.0002497 8.88e-05 9.45e-05 0.00012625 0.00013745 0.0001724 0.0002495 9.605e-05 0.00018245 0.0002369 9.05e-05 0.0001024 0.0001956 0.0001685 0.00012385 0.0001373 9.42e-05 9.62e-05 9.865e-05 0.00021075 0.0001211 9.63e-05 9.5e-05 9.43e-05 8.815e-05 0.00010225 0.00011475 0.0002867 0.00014825 0.00016815 0.0001694 0.0002072 0.00014825 0.0001372 0.00019545 0.0002272 0.00013615 0.00013615 0.0003252 0.00010635 9.435e-05 9.395e-05 9.82e-05 0.00012495 9.99e-05 0.00010245 8.915e-05 8.7e-05 8.715e-05 8.76e-05 0.00016835 9.555e-05 0.0002664 0.000237 9.825e-05 0.0001854 8.73e-05 0.00011455 8.9e-05 0.00019565 0.00016785 0.0001684 9.83e-05 9.69e-05 0.00011485 9.5e-05 0.000106 0.00011405 0.00011825 0.00017505 0.0001746 0.0002449 8.955e-05 0.00019605 0.00027465 0.0001282 0.00024905 0.00010585 0.0001223 0.0001793 0.0001969 0.0001792 0.000109 0.000262 0.00017585 9.96e-05 9.465e-05 9.045e-05 0.00023945 0.00031255
16 0.00033255 0.0002719 0.00017615 0.00034615 0.0003444 0.0001668 0.0002424 0.00033755 0.00025085 0.0002282 4e-07 0.00033395 0.0002425 0.00025185 0.0003163 0.0002495 2e-07 0.00032675 0.00029965 0.0003213 0.00033275 0.00032065 0.00015 8.77e-05 0.0003545 0.0002351 0.00024795 0.0003269 0.00031445 0.00024955 0.0003499 0.00032735 0.0002427 0.0002426 0.00016465 0.00032055 0.00033995 0.00024085 0.00029895 8.215e-05 8.25e-05 0.0002634 0.0002992 0.00031605 0.00017395 0.0002953 0.0003204 0.00032035 0.0002934 0.0003376 0.0003279 0.00024225 0.00025835 0.00031865 0.00034325 0.0003206 0.00024865 0.00016975 0.00016965 0.00024955 8.235e-05 0.0002426 0.0003479 0.00023605 0.00034445 0.000285 0.00024925 0.00026025 0.00024875 0.00015005 0.00016745 8.235e-05 0.0002588 0.00032745 0.0002602 0.00032775 0.0003479 0.00034015 0.00036045 0.00030615 0.00022625 0.00031435 0.00024825 0.0001729 0.00032185 0.00033535 0.00033115 0.00030695 0.0003104 0.00014635 0.00025815 0.00014635 0.0002926 0.0002772 0.0001603 0.00028945 0.0002426 0.00024915 0.00032045 0.00020655
17 6.58e-05 0.00019865 0.0001878 9.805e-05 3.775e-05 0.0001743 9.385e-05 3.6e-05 0.00014955 0.00012285 0.00032695 2.415e-05 9.395e-05 0.00014915 0.0001071 9.605e-05 0.00032675 3.87e-05 0.00010335 0.0001697 2.045e-05 2.24e-05 0.000241 0.00024075 4.455e-05 0.00014625 8.83e-05 1.95e-05 5.455e-05 0.0001575 4.435e-05 2.325e-05 9.415e-05 9.375e-05 0.000166 1.98e-05 6.85e-05 0.00020975 0.000104 0.000246 0.00024665 0.00012815 0.00010385 0.00010685 0.00021825 0.00014935 7.625e-05 7.62e-05 0.000249 3.43e-05 2.3e-05 9.34e-05 0.0001073 9.515e-05 3.43e-05 2.255e-05 9.345e-05 0.0001601 0.00016 9.72e-05 0.0002462 9.425e-05 0.0001912 0.000239 3.8e-05 0.0001327 9.69e-05 0.00013225 9.355e-05 0.00024105 0.0001767 0.0002462 0.00010695 2.11e-05 0.0001321 2.505e-05 3.56e-05 6.835e-05 4.56e-05 0.00010685 0.00016965 0.00016585 9.375e-05 0.0002183 0.00022095 7.77e-05 0.0001811 5.015e-05 8.9e-05 0.0002038 0.00014535 0.0002037 8.075e-05 0.00018545 0.00017465 9.05e-05 9.23e-05 9.415e-05 0.00016705 0.0002343
18 0.0001404 0.00020705 0.00021315 0.00018745 0.0001256 0.00021085 0.00016205 0.00010605 0.00020455 0.0001869 0.00029985 0.0001236 0.00016215 0.0002039 0.0001518 0.00018245 0.00029965 0.00010335 0.0001677 0.0001888 0.00012145 8.545e-05 0.00027005 0.000265 0.0001207 0.00022955 0.0001576 0.0001035 0.0001307 0.00014245 0.00010675 0.00010515 0.00016235 0.0001623 0.00024 8.585e-05 0.00016015 0.0001179 0.00017735 0.0002695 0.00027005 0.000118 0.0001771 0.0001515 0.0002475 0.0001524 0.00017255 0.0001725 0.000168 0.0001063 0.00010545 0.00016195 0.00018325 0.0001653 0.0001241 8.55e-05 0.0001806 0.00023495 0.00023485 0.000183 0.0002697 0.0001631 0.000204 0.0002458 0.00012625 0.00010985 0.0001827 0.00021265 0.0001807 0.0002701 0.0002125 0.0002697 0.0001829 0.00010415 0.0002124 0.00010535 0.00011865 0.0001603 0.00013875 0.0001058 0.00015765 0.0001687 0.0001807 0.00024725 0.00021045 0.00014575 0.00018975 0.00011025 0.00016275 0.00021725 0.00018845 0.0002171 0.00013475 8.49e-05 0.0001929 0.00017835 0.00016245 0.0001812 0.0001869 0.0001502
19 0.00018885 0.00020075 0.0002391 0.00015645 0.00015695 0.00024 0.0002508 0.0001693 0.0002924 0.0002681 0.0003215 0.0001557 0.0002509 0.0002919 0.00023965 0.0002369 0.0003213 0.0001697 0.0001888 0.0003058 0.00015805 0.0001816 0.0002811 0.00031625 0.0001699 0.0002382 0.00024595 0.00016985 0.0001848 0.0001986 0.0001732 0.00016935 0.0002511 0.000251 0.00032145 0.00018195 0.00017495 0.00018895 0.00018575 0.000321 0.00032165 0.0001817 0.0001856 0.00023955 0.0002586 0.0001695 0.0001535 0.00015345 0.00017505 0.00016955 0.0001673 0.00025065 0.0002391 0.0002061 0.00015755 0.00018165 0.0002396 0.00031595 0.00031595 0.00023815 0.0003212 0.00025195 0.0001555 0.00023685 0.0001552 0.00020605 0.00023785 0.0002533 0.0002397 0.00028115 0.0002371 0.0003212 0.00023875 0.00017025 0.0002534 0.00016765 0.00015845 0.0001743 0.0001582 0.00017575 0.00025355 0.00016745 0.00023975 0.00025865 0.0002079 0.00021125 0.0001553 0.00019885 0.00021105 0.0002686 0.00017715 0.00026865 0.0002158 0.0001967 0.0002518 0.0002106 0.0002512 0.0002403 0.0001559 0.00018145
20 7.22e-05 0.00019935 0.00018175 8.63e-05 1.985e-05 0.0001675 0.00010545 3.555e-05 0.00016125 0.00012885 0.00033295 5.8e-06 0.00010555 0.00016085 0.0001188 9.05e-05 0.00033275 2.045e-05 0.00012145 0.00015805 3.9e-06 4.02e-05 0.00024095 0.000247 5.145e-05 0.0001404 0.0001007 2.06e-05 4.835e-05 0.0001691 5.13e-05 2.4e-05 0.00010575 0.0001059 0.000172 3.92e-05 5.7e-05 0.00022715 9.815e-05 0.000252 0.00025265 0.00014595 9.8e-05 0.00011855 0.0002182 0.00015635 5.915e-05 5.91e-05 0.0002549 3.505e-05 2.425e-05 0.00010555 0.00010125 9.555e-05 1.655e-05 4.025e-05 8.665e-05 0.00016635 0.00016625 9.135e-05 0.0002522 0.00010645 0.00018525 0.00023895 2.04e-05 0.0001445 9.105e-05 0.00013245 8.675e-05 0.000241 0.00017115 0.0002522 0.0001009 2.115e-05 0.0001323 2.52e-05 2.395e-05 5.675e-05 3.295e-05 0.0001068 0.0001817 0.0001726 8.695e-05 0.00021825 0.0002266 7.66e-05 0.000169 6.295e-05 9.455e-05 0.0002098 0.0001336 0.0002097 8.675e-05 0.0002032 0.00018675 7.185e-05 0.0001051 8.735e-05 0.00015425 0.0002515
21 5.88e-05 0.00019985 0.0001936 0.0001094 5.48e-05 0.00018065 8.07e-05 3.46e-05 0.0001377 0.0001167 0.00032085 4.295e-05 8.08e-05 0.00013745 9.545e-05 0.0001024 0.00032065 2.24e-05 8.545e-05 0.0001816 4.02e-05 4.9e-06 0.00024035 0.00023545 3.99e-05 0.00015215 7.72e-05 2.255e-05 6.04e-05 0.00014475 3.97e-05 2.4e-05 8.1e-05 8.185e-05 0.0001599 4.9e-06 7.965e-05 0.0001912 0.00010965 0.0002399 0.00024055 0.00010865 0.00010975 9.52e-05 0.0002176 0.0001448 9.505e-05 9.5e-05 0.00024285 3.57e-05 2.51e-05 8.15e-05 0.00011305 9.485e-05 5.335e-05 2.55e-06 9.98e-05 0.0001548 0.0001547 0.00010285 0.0002401 8.135e-05 0.0001964 0.0002385 5.61e-05 0.00012075 0.00010255 0.0001324 9.99e-05 0.0002404 0.00018305 0.00024005 0.00011255 2.31e-05 0.00013225 2.37e-05 4.79e-05 8.015e-05 5.765e-05 0.00010665 0.0001585 0.0001611 0.0001001 0.00021765 0.0002149 7.83e-05 0.00019235 3.98e-05 8.13e-05 0.0001977 0.0001581 0.0001976 7.465e-05 0.0001679 0.0001617 0.00010795 8.195e-05 0.0001005 0.000179 0.0002149
22 0.0002187 0.0002423 0.0002047 0.0002583 0.00025115 0.00019545 0.00019495 0.00025045 0.0002114 0.00020485 0.00015 0.00024075 0.000195 0.00021175 0.00026625 0.0001956 0.00015 0.000241 0.00027005 0.0002811 0.00024095 0.00024035 0.0002998 0.0001509 0.0002413 0.0002134 0.0001956 0.00024115 0.0002502 0.0002732 0.0002536 0.00024095 0.00019525 0.0001952 0.0001515 0.00024085 0.0002184 0.00029275 0.00026755 0.00015025 0.00015115 0.00026405 0.00026765 0.000266 0.00017335 0.0002636 0.00025845 0.0002584 0.00031095 0.00025105 0.00024075 0.00019485 0.00020555 0.0002282 0.00025115 0.0002403 0.0001957 0.0001512 0.00015125 0.00019575 0.00015035 0.0001966 0.00028165 0.00023605 0.00025095 0.00027925 0.00019545 0.0001738 0.00019575 0.00014995 0.0001953 0.0001504 0.00020565 0.00024095 0.00017395 0.0002402 0.00025055 0.00021825 0.0002412 0.00027005 0.00022555 0.0002811 0.0001957 0.00017315 0.0002953 0.00025655 0.00029155 0.0002502 0.00019485 0.0002047 0.0002187 0.0002045 0.0002593 0.0002995 0.00019545 0.0002067 0.0001957 0.00019665 0.00028115 0.00028715
23 0.000247 0.0002661 0.00017795 0.0002934 0.0002599 0.00016795 0.000162 0.00025285 0.00017135 0.000153 8.765e-05 0.00024825 0.00016215 0.00017165 0.0002364 0.0001685 8.77e-05 0.00024075 0.000265 0.00031625 0.000247 0.00023545 0.0001509 0.0001752 0.00026945 0.0001866 0.00016155 0.0002409 0.00023405 0.0002505 0.00026495 0.0002425 0.00016235 0.000162 8.925e-05 0.0002353 0.00025445 0.0002881 0.00025105 8.805e-05 8.88e-05 0.00025915 0.00025105 0.00023615 0.00017425 0.0002918 0.00026605 0.000266 0.00033955 0.0002527 0.00024195 0.0001616 0.0001788 0.0002384 0.00025785 0.0002355 0.0001683 8.835e-05 8.815e-05 0.00016915 8.815e-05 0.0001624 0.00034375 0.0002364 0.0002591 0.0002558 0.00016885 0.00017385 0.00016845 0.0001509 0.000168 8.82e-05 0.0001789 0.0002421 0.00017385 0.0002424 0.0002637 0.0002542 0.00027565 0.00027185 0.00019085 0.00030975 0.00016835 0.00017395 0.00031755 0.00025115 0.00032715 0.00022675 0.0002251 0.00015275 0.00025305 0.0001525 0.0002177 0.00029405 0.0001614 0.0002046 0.000162 0.0001691 0.0003161 0.00028335
24 6.115e-05 0.00018495 0.0002146 9.545e-05 6.315e-05 0.00020325 0.00011655 5.7e-05 0.0001711 0.0001499 0.0003547 5.305e-05 0.00011665 0.00017095 0.000128 0.00012385 0.0003545 4.455e-05 0.0001207 0.0001699 5.145e-05 3.99e-05 0.0002413 0.00026945 7.58e-05 0.00017335 0.0001119 4.47e-05 8.12e-05 0.00017905 5.59e-05 4.555e-05 0.00011685 0.0001165 0.0001932 3.825e-05 6.83e-05 0.0002265 0.00012995 0.00027385 0.00027375 0.0001454 0.00013005 0.000128 0.00021855 0.0001448 0.00010375 0.0001037 0.0002439 5.585e-05 4.61e-05 0.00011615 0.00013365 9.46e-05 6.25e-05 3.995e-05 0.0001225 0.0001889 0.0001888 0.0001242 0.00027405 0.00011625 0.0001618 0.00023935 6.41e-05 0.0001541 0.0001239 0.0001335 0.0001226 0.00024135 0.0002044 0.00027405 0.0001332 4.525e-05 0.0001334 4.71e-05 5.605e-05 6.86e-05 4.48e-05 0.00012795 0.00019255 0.0001615 0.0001226 0.00021865 0.00021515 0.00010035 0.00017975 7.25e-05 8.415e-05 0.00023075 0.0001476 0.0002309 0.0001069 0.00020225 0.0001972 0.0001172 0.00011555 0.00012245 0.0001685 0.00025125
25 0.0001714 0.00025355 0.00019645 0.00016515 0.00014945 0.0001881 0.00014435 0.0001558 0.00017505 0.00014735 0.0002353 0.0001393 0.0001445 0.00017535 0.00018625 0.0001373 0.0002351 0.00014625 0.00022955 0.0002382 0.0001404 0.00015215 0.0002134 0.0001866 0.00017335 0.0002722 0.00014465 0.0001464 0.00014885 0.00022815 0.00017055 0.00014585 0.0001443 0.0001439 0.0001376 0.00015225 0.000165 0.00030185 0.0001476 0.00018585 0.00018675 0.000225 0.0001472 0.00018615 0.0002132 0.000245 0.000138 0.00013795 0.000323 0.00015585 0.0001451 0.0001439 0.00014765 0.0001747 0.0001496 0.0001521 0.00013875 0.00013695 0.00013735 0.000137 0.00018605 0.0001451 0.00026645 0.00023775 0.0001485 0.0002324 0.0001367 0.00016485 0.0001389 0.00021345 0.0001864 0.0001861 0.0001477 0.0001468 0.000165 0.00014515 0.0001552 0.0001648 0.00016745 0.0002218 0.00022215 0.00024545 0.0001392 0.0002137 0.0002744 0.0001775 0.0002491 0.00015545 0.00017205 0.0001967 0.00021495 0.00019675 0.0001582 0.0003066 0.00019355 0.00014895 0.00014455 0.0001397 0.0002397 0.00029815
26 0.0001102 0.00022965 0.0001863 0.0001751 0.0001154 0.00017495 8.095e-05 0.00010165 0.00011435 9.705e-05 0.00024815 0.0001024 8.105e-05 0.0001141 0.00012595 9.42e-05 0.00024795 8.83e-05 0.0001576 0.00024595 0.0001007 7.72e-05 0.0001956 0.00016155 0.0001119 0.00014465 0.0001489 8.845e-05 0.0001068 0.0001981 0.00010955 9.1e-05 8.125e-05 8e-05 8.655e-05 7.715e-05 0.00012405 0.00026335 0.0001565 0.00016655 0.00016785 0.00018235 0.00015635 0.0001257 0.00019555 0.00021625 0.00015305 0.000153 0.00031415 0.00010155 8.995e-05 7.97e-05 0.00010585 0.0001263 0.000113 7.735e-05 9.345e-05 8e-05 8.015e-05 9.5e-05 0.00016675 8.25e-05 0.00026785 0.000237 0.0001147 0.0001738 9.47e-05 0.0001092 9.355e-05 0.00019565 0.0001755 0.00016685 0.0001056 8.91e-05 0.00010955 9.05e-05 0.00011385 0.0001233 0.00012425 0.00017175 0.0001569 0.00023265 9.38e-05 0.00019615 0.0002638 0.0001226 0.00025765 9.295e-05 0.00011015 0.00017845 0.0002029 0.00017835 0.00010885 0.0002396 0.0001629 0.0001134 8.1e-05 9.48e-05 0.00024515 0.0002874
27 6.595e-05 0.0001988 0.00018795 9.82e-05 3.79e-05 0.00017445 9.4e-05 3.615e-05 0.0001497 0.000123 0.0003271 2.43e-05 9.41e-05 0.0001493 0.00010725 9.62e-05 0.0003269 1.95e-05 0.0001035 0.00016985 2.06e-05 2.255e-05 0.00024115 0.0002409 4.47e-05 0.0001464 8.845e-05 3.9e-05 5.47e-05 0.00015765 4.45e-05 2.34e-05 9.43e-05 9.39e-05 0.00016615 1.995e-05 6.865e-05 0.0002099 0.00010415 0.00024615 0.0002468 0.0001283 0.000104 0.000107 0.0002184 0.0001495 7.64e-05 7.635e-05 0.00024915 3.445e-05 2.315e-05 9.355e-05 0.00010745 9.53e-05 3.445e-05 2.27e-05 9.36e-05 0.00016025 0.00016015 9.735e-05 0.00024635 9.44e-05 0.00019135 0.00023915 3.815e-05 0.00013285 9.705e-05 0.0001324 9.37e-05 0.0002412 0.00017685 0.00024635 0.0001071 2.125e-05 0.00013225 2.52e-05 3.575e-05 6.85e-05 4.575e-05 0.000107 0.0001698 0.000166 9.39e-05 0.00021845 0.0002211 7.785e-05 0.00018125 5.03e-05 8.915e-05 0.00020395 0.0001455 0.00020385 8.09e-05 0.0001856 0.0001748 9.065e-05 9.245e-05 9.43e-05 0.0001672 0.00023445
28 0.00010065 0.00020525 0.0001797 0.00012265 4.685e-05 0.00018145 0.00010635 5.285e-05 0.00014915 9.815e-05 0.0003146 4.625e-05 0.0001065 0.0001495 9.515e-05 9.865e-05 0.00031445 5.455e-05 0.0001307 0.0001848 4.835e-05 6.04e-05 0.0002502 0.00023405 8.12e-05 0.00014885 0.0001068 5.47e-05 8.75e-05 0.00014735 7.015e-05 5.43e-05 0.0001067 0.00010665 0.0001529 6.045e-05 9.27e-05 0.000225 9.405e-05 0.0002336 0.00023365 0.00015575 9.41e-05 9.52e-05 0.0002273 0.00017585 9.39e-05 9.385e-05 0.0002633 5.3e-05 5.24e-05 0.00010625 9.875e-05 9.2e-05 4.7e-05 6.035e-05 0.0001005 0.0001533 0.00015325 9.945e-05 0.0002338 0.00010665 0.0002136 0.00023915 4.49e-05 0.0001222 9.915e-05 0.00014695 0.00010065 0.0002502 0.00017935 0.0002338 9.885e-05 5.45e-05 0.00014705 5.255e-05 5.28e-05 9.235e-05 7.495e-05 0.00012305 0.00017685 0.0001928 0.00010055 0.0002276 0.00023375 9.68e-05 0.00018555 5.225e-05 0.0001231 0.00017915 0.00017525 0.0001793 4.375e-05 0.0002003 0.00018755 9.94e-05 0.00010665 0.0001006 0.0001867 0.000251
29 0.00019875 0.0002048 0.00020005 0.00020845 0.00016095 0.0002094 0.0001969 0.00014725 0.0002281 0.00018665 0.0002497 0.00017 0.00019705 0.00022835 0.000165 0.00021075 0.00024955 0.0001575 0.00014245 0.0001986 0.0001691 0.00014475 0.0002732 0.0002505 0.00017905 0.00022815 0.0001981 0.00015765 0.00014735 0.0002465 0.00015555 0.0001584 0.00019725 0.0001977 0.00025005 0.00014565 0.0002112 0.000131 0.00016435 0.0002499 0.0002496 0.00013445 0.00016445 0.00016505 0.0002508 0.00016865 0.00018845 0.0001884 0.0001834 0.0001482 0.00015835 0.0001973 0.0002001 0.0001879 0.00015995 0.0001447 0.00020965 0.00025105 0.0002509 0.0002109 0.0002501 0.0001976 0.0002193 0.00023835 0.00016085 0.00013165 0.0002106 0.0002514 0.0002098 0.0002732 0.00021025 0.0002501 0.0002002 0.00015765 0.00025135 0.00015745 0.0001594 0.00021125 0.0001906 0.00015545 0.00019545 0.00018585 0.00020945 0.00025055 0.0002161 0.0001874 0.0001886 0.0001346 0.00022035 0.00018645 0.00021035 0.0001866 0.00012325 0.0001397 0.00019765 0.00021285 0.000198 0.0002094 0.00019755 0.0001234
30 7.59e-05 0.0002024 0.0002019 0.00011215 5.24e-05 0.0002009 0.0001142 4.645e-05 0.0001514 0.0001372 0.0003501 5.245e-05 0.0001143 0.00015125 0.00010005 0.0001211 0.0003499 4.435e-05 0.00010675 0.0001732 5.13e-05 3.97e-05 0.0002536 0.00026495 5.59e-05 0.00017055 0.00010955 4.45e-05 7.015e-05 0.00015555 7.54e-05 4.51e-05 0.0001145 0.00011415 0.0001887 3.805e-05 8.26e-05 0.0001997 0.0001185 0.00026935 0.00026915 0.00013235 0.00011895 0.0001 0.00023115 0.0001487 0.00010265 0.0001026 0.00023395 4.535e-05 4.545e-05 0.0001138 0.000121 9.9e-05 5.2e-05 3.975e-05 0.00012025 0.0001845 0.0001844 0.000121 0.00026955 0.0001139 0.0001836 0.000241 5.315e-05 0.0001299 0.0001207 0.0001461 0.00012035 0.00025365 0.00020155 0.00026955 0.0001206 4.51e-05 0.000146 4.645e-05 4.605e-05 8.285e-05 6.28e-05 0.00011325 0.00017665 0.00016525 0.0001202 0.00023115 0.00020375 8.28e-05 0.0001732 6.19e-05 9.86e-05 0.00021795 0.0001623 0.0002181 8.59e-05 0.00017465 0.00019485 0.00010465 0.00011325 0.0001201 0.0001723 0.00022525
31 6.625e-05 0.00020035 0.00018705 9.615e-05 3.48e-05 0.000176 9.5e-05 3.605e-05 0.00015025 0.0001231 0.0003275 2.55e-05 9.515e-05 0.0001504 0.000108 9.63e-05 0.00032735 2.325e-05 0.00010515 0.00016935 2.4e-05 2.4e-05 0.00024095 0.0002425 4.555e-05 0.00014585 9.1e-05 2.34e-05 5.43e-05 0.0001584 4.51e-05 4.41e-05 9.535e-05 9.525e-05 0.0001665 2.245e-05 6.75e-05 0.00021085 0.0001028 0.00024655 0.0002472 0.0001298 0.0001031 0.00010775 0.00021815 0.00015025 7.615e-05 7.61e-05 0.0002495 3.52e-05 2.47e-05 9.485e-05 0.00010655 9.46e-05 3.56e-05 2.405e-05 9.51e-05 0.0001619 0.00016175 9.63e-05 0.00024675 9.52e-05 0.0001902 0.00023905 3.71e-05 0.000133 9.6e-05 0.0001334 9.525e-05 0.00024095 0.00017695 0.00024675 0.0001064 2.42e-05 0.00013325 2.53e-05 3.56e-05 6.795e-05 4.625e-05 0.00010605 0.0001715 0.00016735 9.545e-05 0.00021825 0.00022165 7.95e-05 0.00018 5.185e-05 8.955e-05 0.00020405 0.00014715 0.0002039 8.065e-05 0.00018635 0.00017555 9.055e-05 9.43e-05 9.58e-05 0.0001682 0.0002362
32 0.0001152 0.0002362 0.0001857 0.0001794 0.00011945 0.0001743 8.005e-05 0.00010525 0.0001132 9.195e-05 0.0002429 0.0001075 8.02e-05 0.000114 0.0001257 9.5e-05 0.0002427 9.415e-05 0.00016235 0.0002511 0.00010575 8.1e-05 0.00019525 0.00016235 0.00011685 0.0001443 8.125e-05 9.43e-05 0.0001067 0.00019725 0.0001145 9.535e-05 0.0001598 8.035e-05 8.15e-05 8.235e-05 0.0001288 0.00026655 0.000156 0.00016155 0.00016255 0.00018645 0.0001561 0.00012545 0.00019515 0.0002205 0.0001591 0.00015905 0.0003185 0.00010645 9.585e-05 8.045e-05 0.00010515 0.00012635 0.0001182 8.095e-05 9.305e-05 8.08e-05 8.12e-05 9.505e-05 0.00016175 8.215e-05 0.0002721 0.00023675 0.00011995 0.0001733 9.475e-05 0.0001149 9.32e-05 0.0001953 0.000176 0.0001618 0.00010525 9.42e-05 0.000115 9.47e-05 0.0001177 0.0001287 0.0001284 0.0001763 0.00016245 0.0002375 9.345e-05 0.00019555 0.00026825 0.00012625 0.00026185 9.31e-05 0.0001139 0.0001732 0.00020795 0.0001731 0.0001036 0.0002433 0.0001624 0.0001178 8.14e-05 9.41e-05 0.0002492 0.00029095
33 0.000115 0.00023565 0.0001853 0.0001793 0.00011955 0.0001745 8.05e-05 0.000106 0.0001128 9.165e-05 0.0002428 0.0001074 8.065e-05 0.00011375 0.00012565 9.43e-05 0.0002426 9.375e-05 0.0001623 0.000251 0.0001059 8.185e-05 0.0001952 0.000162 0.0001165 0.0001439 8e-05 9.39e-05 0.00010665 0.0001977 0.00011415 9.525e-05 8.035e-05 0.0001584 8.11e-05 8.18e-05 0.0001287 0.00026705 0.0001559 0.00016115 0.00016245 0.000187 0.000156 0.0001254 0.0001951 0.00022015 0.0001586 0.00015855 0.00031875 0.0001061 9.52e-05 7.94e-05 0.0001048 0.00012595 0.00011805 8.19e-05 9.295e-05 8e-05 8.055e-05 9.435e-05 0.00016135 8.215e-05 0.00027225 0.0002366 0.00011955 0.0001732 9.405e-05 0.0001146 9.31e-05 0.00019525 0.0001756 0.00016145 0.00010495 9.38e-05 0.00011495 9.515e-05 0.00011765 0.00012835 0.0001286 0.0001759 0.0001621 0.0002374 9.335e-05 0.00019575 0.00026845 0.00012645 0.000262 9.275e-05 0.0001147 0.0001731 0.00020815 0.000173 0.0001035 0.00024335 0.0001625 0.00011765 8.075e-05 9.43e-05 0.00024965 0.00029195
34 0.00017145 0.00027265 0.00017775 0.00024855 0.00018315 0.00016865 8.11e-05 0.0001763 8.92e-05 6.655e-05 0.00016475 0.00017295 8.14e-05 9.03e-05 0.0001545 8.815e-05 0.00016465 0.000166 0.00024 0.00032145 0.000172 0.0001599 0.0001515 8.925e-05 0.0001932 0.0001376 8.655e-05 0.00016615 0.0001529 0.00025005 0.0001887 0.0001665 8.15e-05 8.11e-05 3.7e-06 0.0001597 0.0001788 0.0003429 0.00020135 8.325e-05 8.335e-05 0.00026445 0.0002016 0.00015455 0.000174 0.00029635 0.0002231 0.00022305 0.0003949 0.00017635 0.0001669 8.065e-05 9.66e-05 0.000157 0.000182 0.00015985 8.735e-05 8.2e-06 8.15e-06 8.77e-05 8.365e-05 8.075e-05 0.00034775 0.0002361 0.0001829 0.00022505 8.76e-05 9.895e-05 8.765e-05 0.00015145 0.00016905 8.37e-05 9.72e-05 0.0001664 9.91e-05 0.00016675 0.00018655 0.0001788 0.00019915 0.00024615 0.0001664 0.00031475 8.765e-05 0.0001746 0.0003218 0.00017415 0.000331 0.00014565 0.0001493 0.00014775 0.00025875 0.0001478 0.00013075 0.00031855 0.00016215 0.0001277 8.12e-05 8.71e-05 0.00032085 0.0003694
35 6.02e-05 0.00019975 0.00019345 0.0001099 5.565e-05 0.00018025 8.2e-05 3.63e-05 0.0001377 0.0001166 0.0003207 4.25e-05 8.215e-05 0.0001377 9.56e-05 0.00010225 0.00032055 1.98e-05 8.585e-05 0.00018195 3.92e-05 4.9e-06 0.00024085 0.0002353 3.825e-05 0.00015225 7.715e-05 1.995e-05 6.045e-05 0.00014565 3.805e-05 2.245e-05 8.235e-05 8.18e-05 0.0001597 1.7e-06 8.03e-05 0.00019205 0.00010975 0.00023975 0.0002404 0.00011065 0.0001098 9.535e-05 0.00021805 0.00014285 9.485e-05 9.48e-05 0.0002433 3.405e-05 2.305e-05 8.14e-05 0.00011295 9.495e-05 5.3e-05 5.05e-06 9.935e-05 0.0001547 0.00015455 0.00010295 0.00023995 8.23e-05 0.0001971 0.00023885 5.63e-05 0.0001208 0.00010265 0.0001329 9.95e-05 0.00024085 0.0001829 0.00023995 0.00011285 2.09e-05 0.00013275 2.52e-05 4.715e-05 8.06e-05 5.76e-05 0.000107 0.0001586 0.00015955 9.97e-05 0.00021815 0.00021555 7.8e-05 0.00019305 3.775e-05 8.325e-05 0.00019755 0.000158 0.0001974 7.445e-05 0.0001678 0.00016275 0.0001085 7.99e-05 0.00010005 0.00017905 0.0002169
36 6.565e-05 0.0001833 0.00020675 0.0001037 6.44e-05 0.0001987 0.0001285 7.695e-05 0.00018115 0.00015515 0.00034015 5.45e-05 0.00012855 0.00018095 0.0001588 0.00011475 0.00033995 6.85e-05 0.00016015 0.00017495 5.7e-05 7.965e-05 0.0002184 0.00025445 6.83e-05 0.000165 0.00012405 6.865e-05 9.27e-05 0.0002112 8.26e-05 6.75e-05 0.0001288 0.0001287 0.0001788 8.03e-05 0.0001019 0.0002649 0.0001424 0.0002588 0.00025985 0.00018455 0.0001425 0.0001585 0.00019525 0.00017245 0.0001016 0.00010155 0.00026945 7.72e-05 6.595e-05 0.00012835 0.00012615 9.225e-05 6.555e-05 7.97e-05 0.00011745 0.0001733 0.0001733 0.0001154 0.000259 0.00012965 0.0001773 0.0002379 6.3e-05 0.00018625 0.0001151 0.00010985 0.0001175 0.00021845 0.00019585 0.000259 0.00012565 6.885e-05 0.0001098 6.535e-05 6.605e-05 5.145e-05 5.675e-05 0.00014635 0.00020425 0.000189 0.00011785 0.0001955 0.0002393 0.0001209 0.0001863 0.00010665 8.825e-05 0.0002365 0.0001349 0.00023635 0.00013295 0.0002407 0.00020995 9.765e-05 0.0001289 0.00011855 0.0001776 0.0002895
