 slim_337656384 slim_337656393 slim_337656409 slim_337656339 slim_337656399 slim_337656429 slim_337656360 slim_337656337 slim_337656137 slim_337656415 slim_337656283 slim_337656407 slim_337656134 slim_337656416 slim_337655927 slim_337656347 slim_337656345 slim_337655970 slim_337656365 slim_337656410 slim_337656300 slim_337656358 slim_337656403 slim_337656383 slim_337656340 slim_337656356 slim_337656227 slim_337656041 slim_337656279 slim_337656418 slim_337656379 slim_337656346 slim_337656369 slim_337656326 slim_337656376 slim_337656335 slim_337656426 slim_337656417 slim_337656397 slim_337656388 slim_337656271 slim_337656414 slim_337656372 slim_337656269 slim_337656140 slim_337656119 slim_337656385 slim_337656404 slim_337656301 slim_337656303 slim_337656225 slim_337656319 slim_337656294 slim_337656272 slim_337656086 slim_337656259 slim_337656370 slim_337656264 slim_337656157 slim_337656286 slim_337656392 slim_337656387 slim_337656361 slim_337656420 slim_337656421 slim_337656412 slim_337656278 slim_337656402 slim_337656152 slim_337656431 slim_337656103 slim_337656344 slim_337656270 slim_337656389 slim_337656213 slim_337656377 slim_337656277 slim_337656299 slim_337656382 slim_337656219 slim_337656242 slim_337656262 slim_337656405 slim_337656343 slim_337656115 slim_337655899 slim_337656428 slim_337656406 slim_337656252 slim_337656333 slim_337656324 slim_337656386 slim_337655865 slim_337656413 slim_337656391 slim_337656422 slim_337656400 slim_337656287 slim_337656273 slim_337656240
0 1.74e-05 1.06e-05 1.285e-05 1.2e-05 1.015e-05 1.1e-05 1.405e-05 1.065e-05 1.625e-05 1.295e-05 1.29e-05 1.015e-05 9.65e-06 1.315e-05 1.005e-05 1.165e-05 1.06e-05 1.035e-05 1e-05 9.35e-06 1.245e-05 1.195e-05 1.315e-05 1.305e-05 9.6e-06 1.145e-05 1.25e-05 1.24e-05 9.25e-06 1.11e-05 1.115e-05 1.11e-05 1.06e-05 1.11e-05 1.155e-05 1.175e-05 1.085e-05 1.205e-05 1.21e-05 9.65e-06 1.17e-05 1.245e-05 9.25e-06 1.125e-05 1.055e-05 1.305e-05 1.205e-05 9.8e-06 9.75e-06 1.31e-05 1.155e-05 1.17e-05 1.25e-05 1.015e-05 1.15e-05 1.24e-05 1.18e-05 1.14e-05 1.005e-05 1.09e-05 1.15e-05 1.135e-05 9.25e-06 1.47e-05 1.085e-05 1e-05 1.135e-05 1.07e-05 1.055e-05 1.05e-05 1.015e-05 1.045e-05 1.105e-05 1.175e-05 1.055e-05 1.065e-05 1.275e-05 1.23e-05 1.28e-05 1.245e-05 1.09e-05 1.21e-05 9.6e-06 1.34e-05 1.015e-05 1.165e-05 1.095e-05 1.39e-05 1.23e-05 1.01e-05 9.85e-06 1.455e-05 1.02e-05 1.16e-05 8.95e-06 1.19e-05 9.5e-06 1.54e-05 1.105e-05 1.045e-05
1 1.06e-05 5.4e-06 1.035e-05 8.85e-06 8.95e-06 8.6e-06 1.235e-05 1.015e-05 1.12e-05 1.09e-05 1.04e-05 5.45e-06 6.1e-06 7.1e-06 7.65e-06 7.2e-06 1.325e-05 1.04e-05 6.65e-06 1.075e-05 6.1e-06 7.8e-06 1.08e-05 1.025e-05 7.1e-06 9.4e-06 1.05e-05 7.75e-06 8.4e-06 9.8e-06 1.165e-05 8.75e-06 1.01e-05 1.16e-05 5.65e-06 9e-06 1.035e-05 1.105e-05 1.22e-05 1.11e-05 6.65e-06 6.1e-06 1.085e-05 1.14e-05 1.15e-05 1.13e-05 9.2e-06 1.16e-05 1.285e-05 1.135e-05 5.55e-06 6.8e-06 6.15e-06 6.9e-06 5.6e-06 1.245e-05 8.95e-06 7.8e-06 1.005e-05 8.4e-06 9.7e-06 1.22e-05 8.6e-06 1.125e-05 1.115e-05 8.8e-06 1.14e-05 7.2e-06 1.32e-05 1.025e-05 9.05e-06 1.07e-05 7.6e-06 8.9e-06 8.35e-06 1.17e-05 1.3e-05 7.45e-06 1.075e-05 5.85e-06 9.65e-06 9.1e-06 8.7e-06 9.65e-06 1.25e-05 7.5e-06 7.45e-06 9.1e-06 1.105e-05 8.8e-06 1.035e-05 7.6e-06 8.85e-06 1.06e-05 1.065e-05 8.7e-06 1.075e-05 1.395e-05 8.65e-06 9.95e-06
2 1.285e-05 1.035e-05 1.68e-05 1.4e-05 9.75e-06 9.95e-06 1.115e-05 1.715e-05 1.25e-05 9.4e-06 8.6e-06 1.025e-05 1.245e-05 1.11e-05 1.46e-05 1.175e-05 9.65e-06 1.15e-05 1.275e-05 1.245e-05 1.035e-05 1.485e-05 1.005e-05 1.175e-05 9.95e-06 1.39e-05 9.3e-06 1.39e-05 1.54e-05 9.3e-06 1.34e-05 1.475e-05 1.71e-05 1.335e-05 1.035e-05 9.85e-06 1.72e-05 1.525e-05 1.075e-05 1.285e-05 1.115e-05 1.035e-05 1.255e-05 1.27e-05 1.285e-05 1.555e-05 1.005e-05 1.325e-05 9.75e-06 1.56e-05 1.195e-05 1.01e-05 1.04e-05 1.395e-05 1.03e-05 1.14e-05 9.8e-06 1.38e-05 1.18e-05 1.33e-05 9.75e-06 1.39e-05 1.56e-05 1.555e-05 1.345e-05 9.6e-06 1.31e-05 1.235e-05 9.6e-06 1.21e-05 1.065e-05 1.31e-05 9.65e-06 9.75e-06 1.015e-05 1.545e-05 1.195e-05 1.045e-05 9.25e-06 1.025e-05 9.45e-06 1.315e-05 1.58e-05 9.5e-06 8.6e-06 1.47e-05 1.355e-05 1.365e-05 1.52e-05 1.125e-05 1.21e-05 1.225e-05 1.085e-05 1.16e-05 1.29e-05 1.39e-05 1.3e-05 1.37e-05 9.95e-06 1.695e-05
3 1.2e-05 8.85e-06 1.4e-05 1.47e-05 1.21e-05 1.195e-05 1.47e-05 8.6e-06 1.29e-05 1.41e-05 1.405e-05 1.065e-05 9.35e-06 1.075e-05 9.75e-06 1.03e-05 1.545e-05 1.245e-05 8.6e-06 1.215e-05 8.55e-06 8.55e-06 1.45e-05 1.335e-05 1.03e-05 1.02e-05 1.365e-05 8.45e-06 9.8e-06 1.14e-05 1.115e-05 9.95e-06 8.55e-06 1.11e-05 8.55e-06 1.27e-05 8.8e-06 1.09e-05 1.36e-05 1.265e-05 9.2e-06 8.55e-06 1.225e-05 1.17e-05 1.28e-05 9.55e-06 1.27e-05 1.26e-05 1.49e-05 9.6e-06 1.02e-05 7.45e-06 8.6e-06 9.55e-06 8.5e-06 1.35e-05 1.245e-05 1.005e-05 1.265e-05 8.8e-06 1.235e-05 1.16e-05 1e-05 1.08e-05 1.095e-05 1.195e-05 1.18e-05 8.7e-06 1.54e-05 1.255e-05 1.25e-05 1.325e-05 1.215e-05 1.24e-05 1.27e-05 1.22e-05 1.32e-05 1.04e-05 1.395e-05 1.075e-05 1.125e-05 1.12e-05 9.8e-06 1.235e-05 1.5e-05 8.75e-06 9.75e-06 1.165e-05 1.06e-05 1.205e-05 1.265e-05 1.13e-05 1.23e-05 1.31e-05 1.205e-05 7.6e-06 1.215e-05 1.525e-05 1.26e-05 8.6e-06
4 1.015e-05 8.95e-06 9.75e-06 1.21e-05 1e-05 9.1e-06 1.505e-05 1.53e-05 1.375e-05 1.03e-05 9.8e-06 7.65e-06 9.5e-06 1.07e-05 1.34e-05 1.145e-05 5.8e-06 8.85e-06 9.6e-06 9.85e-06 1.025e-05 1.335e-05 1.26e-05 1.18e-05 5.25e-06 1.21e-05 1.025e-05 1.39e-05 1.365e-05 6.7e-06 1.085e-05 1.46e-05 1.525e-05 1.08e-05 9.35e-06 8.7e-06 1.535e-05 1.65e-05 1.055e-05 9.95e-06 9.75e-06 1.025e-05 9.95e-06 1.02e-05 1.06e-05 1.68e-05 9e-06 1.04e-05 6.1e-06 1.685e-05 1.095e-05 8.1e-06 1.03e-05 1.24e-05 9.3e-06 1.15e-05 8.65e-06 1.38e-05 9.05e-06 1.17e-05 7.7e-06 1.11e-05 1.385e-05 1.57e-05 1.085e-05 5e-06 1.015e-05 1.055e-05 5.75e-06 9.2e-06 8.5e-06 1.205e-05 8e-06 8.7e-06 7.45e-06 1.42e-05 1.2e-05 8e-06 1.015e-05 1.115e-05 6.8e-06 1.48e-05 1.405e-05 1.075e-05 5.35e-06 1.31e-05 1.35e-05 1.41e-05 1.63e-05 8.95e-06 9.05e-06 1.36e-05 8.3e-06 8.55e-06 1.02e-05 1.2e-05 1.035e-05 1.4e-05 7.85e-06 1.51e-05
5 1.1e-05 8.6e-06 9.95e-06 1.195e-05 9.1e-06 1.43e-05 1.285e-05 1.55e-05 1.33e-05 1.045e-05 1e-05 9.25e-06 1.12e-05 1.07e-05 1.305e-05 1.145e-05 9.45e-06 1.09e-05 1.14e-05 1.145e-05 7.5e-06 1.32e-05 1.11e-05 1.035e-05 8.65e-06 1.285e-05 1.005e-05 1.155e-05 1.375e-05 8.3e-06 1.235e-05 1.295e-05 1.545e-05 1.23e-05 7.8e-06 8.65e-06 1.57e-05 1.525e-05 1.145e-05 1.195e-05 9.55e-06 7.6e-06 1.155e-05 1.21e-05 1.225e-05 1.555e-05 8.45e-06 1.23e-05 8.6e-06 1.56e-05 1.075e-05 7.65e-06 7.65e-06 1.23e-05 7.75e-06 1.215e-05 8.2e-06 1.2e-05 1.09e-05 1.135e-05 8.15e-06 1.295e-05 1.395e-05 1.51e-05 1.205e-05 8.95e-06 1.22e-05 1.03e-05 9.4e-06 1.13e-05 9.25e-06 1.215e-05 8.6e-06 8.15e-06 9.25e-06 1.41e-05 1.27e-05 1.03e-05 1.03e-05 1.045e-05 8.1e-06 1.33e-05 1.425e-05 9.25e-06 8.6e-06 1.305e-05 1.12e-05 1.32e-05 1.525e-05 9.85e-06 1.12e-05 1.165e-05 9.95e-06 1.1e-05 1.09e-05 1.185e-05 1.16e-05 1.38e-05 8.55e-06 1.53e-05
6 1.405e-05 1.235e-05 1.115e-05 1.47e-05 1.505e-05 1.285e-05 1.49e-05 1.45e-05 1.355e-05 1.13e-05 1.105e-05 1.325e-05 1.425e-05 1.325e-05 1.29e-05 1.25e-05 1.455e-05 1.34e-05 1.36e-05 1.37e-05 1.265e-05 1.45e-05 9.9e-06 1.325e-05 1.525e-05 1.395e-05 1.095e-05 1.295e-05 1.335e-05 1.42e-05 1.47e-05 1.26e-05 1.445e-05 1.465e-05 1.315e-05 1.285e-05 1.455e-05 1.07e-05 1.275e-05 1.415e-05 1.37e-05 1.265e-05 1.38e-05 1.47e-05 1.43e-05 1.12e-05 1.305e-05 1.41e-05 1.455e-05 1.125e-05 1.34e-05 1.405e-05 1.27e-05 1.35e-05 1.31e-05 1.1e-05 1.28e-05 1.235e-05 1.38e-05 1.38e-05 1.38e-05 1.485e-05 1.355e-05 1.445e-05 1.475e-05 1.49e-05 1.485e-05 1.365e-05 1.45e-05 1.43e-05 1.38e-05 1.26e-05 1.265e-05 1.275e-05 1.375e-05 1.375e-05 1.18e-05 1.43e-05 1.115e-05 1.1e-05 1.405e-05 1.085e-05 1.395e-05 1.1e-05 1.41e-05 1.435e-05 1.25e-05 1.325e-05 1.14e-05 1.36e-05 1.415e-05 1.24e-05 1.33e-05 1.56e-05 1.41e-05 1.46e-05 1.42e-05 1.47e-05 1.345e-05 1.43e-05
7 1.065e-05 1.015e-05 1.715e-05 8.6e-06 1.53e-05 1.55e-05 1.45e-05 6e-06 1.68e-05 1.685e-05 1.72e-05 1.185e-05 8.1e-06 1.345e-05 5.65e-06 1.065e-05 1.88e-05 1.265e-05 7.7e-06 1.075e-05 1.355e-05 6.5e-06 1.525e-05 1.525e-05 1.34e-05 8.6e-06 1.635e-05 7.95e-06 4.4e-06 1.66e-05 1.085e-05 6.85e-06 3.1e-06 1.08e-05 1.255e-05 1.595e-05 3.35e-06 6.7e-06 1.52e-05 1.13e-05 1.225e-05 1.355e-05 1.09e-05 1.175e-05 1.175e-05 6.3e-06 1.625e-05 1.075e-05 1.825e-05 6.35e-06 1e-05 1.41e-05 1.36e-05 6.4e-06 1.25e-05 1.43e-05 1.6e-05 8.2e-06 1.24e-05 9.2e-06 1.65e-05 1.09e-05 4.65e-06 1.03e-05 1.065e-05 1.515e-05 1.185e-05 9.95e-06 1.875e-05 1.245e-05 1.41e-05 1.06e-05 1.47e-05 1.595e-05 1.45e-05 8.15e-06 1.395e-05 1.43e-05 1.67e-05 1.22e-05 1.64e-05 8.65e-06 4.6e-06 1.695e-05 1.875e-05 6.55e-06 8.2e-06 1.18e-05 6.8e-06 1.275e-05 1.22e-05 1.33e-05 1.3e-05 1.495e-05 1.065e-05 8.75e-06 1.06e-05 1.71e-05 1.515e-05 3.15e-06
8 1.625e-05 1.12e-05 1.25e-05 1.29e-05 1.375e-05 1.33e-05 1.355e-05 1.68e-05 7e-06 1.265e-05 1.255e-05 1.32e-05 1.37e-05 8.25e-06 1.525e-05 1.16e-05 1.65e-05 1.545e-05 1.345e-05 1.62e-05 9.85e-06 1.505e-05 1.395e-05 1.345e-05 1.235e-05 1.59e-05 1.21e-05 1.35e-05 1.585e-05 1.255e-05 1.645e-05 1.455e-05 1.675e-05 1.64e-05 1.04e-05 1.365e-05 1.7e-05 1.455e-05 1.4e-05 1.67e-05 1.04e-05 9.85e-06 1.63e-05 1.59e-05 1.695e-05 1.41e-05 1.385e-05 1.655e-05 1.615e-05 1.415e-05 1.245e-05 8.9e-06 9.9e-06 1.48e-05 1.035e-05 1.415e-05 1.36e-05 1.375e-05 1.58e-05 1.295e-05 1.35e-05 1.655e-05 1.605e-05 9.65e-06 1.625e-05 1.36e-05 1.615e-05 1.205e-05 1.645e-05 1.66e-05 1.375e-05 1.72e-05 1.375e-05 1.355e-05 1.465e-05 1.775e-05 1.445e-05 7.2e-06 1.25e-05 9.95e-06 1.25e-05 1.255e-05 1.675e-05 1.145e-05 1.6e-05 1.5e-05 1.38e-05 8.6e-06 1.47e-05 1.495e-05 1.635e-05 7.4e-06 1.495e-05 1.395e-05 1.63e-05 1.28e-05 1.645e-05 1.005e-05 1.43e-05 1.66e-05
9 1.295e-05 1.09e-05 9.4e-06 1.41e-05 1.03e-05 1.045e-05 1.13e-05 1.685e-05 1.265e-05 1.78e-05 9.45e-06 1.08e-05 1.335e-05 1.175e-05 1.43e-05 1.19e-05 9.2e-06 1.19e-05 1.31e-05 1.26e-05 1.085e-05 1.495e-05 1e-05 1.18e-05 1.07e-05 1.4e-05 9.3e-06 1.4e-05 1.51e-05 1.015e-05 1.35e-05 1.445e-05 1.68e-05 1.345e-05 1.085e-05 1.025e-05 1.69e-05 1.495e-05 1.12e-05 1.285e-05 1.12e-05 1.085e-05 1.27e-05 1.305e-05 1.33e-05 1.525e-05 1.045e-05 1.25e-05 9.4e-06 1.53e-05 1.195e-05 1.06e-05 1.09e-05 1.405e-05 1.08e-05 1.13e-05 1.01e-05 1.35e-05 1.18e-05 1.34e-05 1.005e-05 1.31e-05 1.53e-05 1.505e-05 1.355e-05 1.025e-05 1.29e-05 1.245e-05 9.15e-06 1.25e-05 1.07e-05 1.265e-05 1.005e-05 1.015e-05 1.055e-05 1.515e-05 1.195e-05 1.135e-05 8.9e-06 1.03e-05 9.95e-06 1.275e-05 1.6e-05 1.005e-05 9.45e-06 1.48e-05 1.365e-05 1.325e-05 1.535e-05 1.135e-05 1.24e-05 1.225e-05 1.085e-05 1.2e-05 1.3e-05 1.4e-05 1.31e-05 1.325e-05 1.025e-05 1.665e-05
10 1.29e-05 1.04e-05 8.6e-06 1.405e-05 9.8e-06 1e-05 1.105e-05 1.72e-05 1.255e-05 9.45e-06 1.69e-05 1.03e-05 1.25e-05 1.115e-05 1.465e-05 1.18e-05 9.7e-06 1.155e-05 1.28e-05 1.25e-05 1.04e-05 1.49e-05 1.01e-05 1.18e-05 1e-05 1.395e-05 9.35e-06 1.395e-05 1.545e-05 9.35e-06 1.345e-05 1.48e-05 1.715e-05 1.34e-05 1.04e-05 9.9e-06 1.725e-05 1.53e-05 1.075e-05 1.29e-05 1.12e-05 1.04e-05 1.26e-05 1.275e-05 1.29e-05 1.56e-05 1.01e-05 1.33e-05 9.8e-06 1.565e-05 1.2e-05 1.015e-05 1.045e-05 1.4e-05 1.035e-05 1.145e-05 9.85e-06 1.385e-05 1.185e-05 1.335e-05 9.8e-06 1.395e-05 1.565e-05 1.56e-05 1.35e-05 9.65e-06 1.315e-05 1.24e-05 9.65e-06 1.215e-05 1.07e-05 1.315e-05 9.7e-06 9.8e-06 1.02e-05 1.55e-05 1.2e-05 1.05e-05 9.3e-06 1.03e-05 9.5e-06 1.32e-05 1.585e-05 9.55e-06 8.65e-06 1.475e-05 1.36e-05 1.37e-05 1.525e-05 1.13e-05 1.215e-05 1.23e-05 1.09e-05 1.165e-05 1.295e-05 1.395e-05 1.305e-05 1.375e-05 1e-05 1.7e-05
11 1.015e-05 5.45e-06 1.025e-05 1.065e-05 7.65e-06 9.25e-06 1.325e-05 1.185e-05 1.32e-05 1.08e-05 1.03e-05 7.2e-06 7.4e-06 8.8e-06 9.65e-06 9e-06 9.75e-06 9.7e-06 8.25e-06 9.85e-06 9.1e-06 9.4e-06 1.135e-05 1.09e-05 7.55e-06 8.05e-06 1.035e-05 1.06e-05 1.03e-05 9.05e-06 1.065e-05 1.14e-05 1.18e-05 1.06e-05 8.1e-06 9.2e-06 1.185e-05 1.33e-05 1.18e-05 1.025e-05 8.4e-06 9.1e-06 9.95e-06 1.04e-05 1.08e-05 1.35e-05 9.45e-06 1.075e-05 9.75e-06 1.355e-05 7.1e-06 8.8e-06 9.15e-06 8.6e-06 8.05e-06 1.205e-05 9.2e-06 1.055e-05 9.3e-06 1.03e-05 9.7e-06 1.13e-05 1.05e-05 1.31e-05 1.07e-05 7.5e-06 1.04e-05 9.2e-06 9.7e-06 9.6e-06 8.45e-06 1.06e-05 8.15e-06 9.15e-06 7.6e-06 1.29e-05 1.26e-05 8.8e-06 1.065e-05 7.9e-06 8.85e-06 1.165e-05 1.07e-05 1.03e-05 8.95e-06 9.45e-06 1.035e-05 1.13e-05 1.33e-05 8.6e-06 9.5e-06 1.1e-05 8.2e-06 9.6e-06 1.02e-05 1.055e-05 1.035e-05 1.375e-05 8.35e-06 1.165e-05
12 9.65e-06 6.1e-06 1.245e-05 9.35e-06 9.5e-06 1.12e-05 1.425e-05 8.1e-06 1.37e-05 1.335e-05 1.25e-05 7.4e-06 7.8e-06 9.35e-06 7.5e-06 8.95e-06 1.44e-05 1.045e-05 6.35e-06 9.75e-06 9.25e-06 8.4e-06 1.38e-05 1.3e-05 7.45e-06 9.75e-06 1.295e-05 9.25e-06 6.7e-06 1.11e-05 1.16e-05 8.85e-06 8.05e-06 1.155e-05 8.15e-06 1.145e-05 8.3e-06 9.45e-06 1.31e-05 1.02e-05 8.75e-06 9.25e-06 9.8e-06 1.095e-05 1.055e-05 1.085e-05 1.185e-05 1.07e-05 1.395e-05 1.09e-05 7.75e-06 9e-06 9.3e-06 6.65e-06 8.1e-06 1.315e-05 1.16e-05 9.1e-06 1.04e-05 8.35e-06 1.195e-05 1.22e-05 6.85e-06 1.205e-05 1.13e-05 9.35e-06 1.135e-05 8.05e-06 1.435e-05 9.4e-06 1.06e-05 1.155e-05 1.055e-05 1.155e-05 9.9e-06 1.07e-05 1.35e-05 8.45e-06 1.32e-05 8.8e-06 1.13e-05 9.55e-06 5.75e-06 1.265e-05 1.325e-05 8.1e-06 8e-06 1.155e-05 9.15e-06 1.05e-05 9.45e-06 1.14e-05 1.05e-05 1.14e-05 9.75e-06 9.25e-06 1e-05 1.63e-05 1.065e-05 7.9e-06
13 1.315e-05 7.1e-06 1.11e-05 1.075e-05 1.07e-05 1.07e-05 1.325e-05 1.345e-05 8.25e-06 1.175e-05 1.115e-05 8.8e-06 9.35e-06 1.23e-05 1.15e-05 9.75e-06 1.455e-05 1.27e-05 9.55e-06 1.32e-05 8e-06 1.01e-05 1.24e-05 1.245e-05 9e-06 1.2e-05 1.135e-05 1.065e-05 1.225e-05 1.075e-05 1.365e-05 1.195e-05 1.34e-05 1.36e-05 7.85e-06 1.11e-05 1.365e-05 1.305e-05 1.3e-05 1.37e-05 8.6e-06 8e-06 1.33e-05 1.33e-05 1.385e-05 1.295e-05 1.135e-05 1.405e-05 1.41e-05 1.3e-05 7.9e-06 7.75e-06 8.05e-06 9.65e-06 7.8e-06 1.335e-05 1.11e-05 1.11e-05 1.275e-05 1.065e-05 1.115e-05 1.425e-05 1.245e-05 1.15e-05 1.325e-05 1.055e-05 1.355e-05 9.65e-06 1.45e-05 1.295e-05 1.12e-05 1.4e-05 1.05e-05 1.105e-05 1.055e-05 1.475e-05 1.39e-05 6.7e-06 1.16e-05 8.35e-06 1.07e-05 1.125e-05 1.255e-05 1.055e-05 1.355e-05 1.03e-05 1.075e-05 1e-05 1.305e-05 1.15e-05 1.295e-05 8.6e-06 1.17e-05 1.25e-05 1.32e-05 1.065e-05 1.325e-05 1.36e-05 1.11e-05 1.325e-05
14 1.005e-05 7.65e-06 1.46e-05 9.75e-06 1.34e-05 1.305e-05 1.29e-05 5.65e-06 1.525e-05 1.43e-05 1.465e-05 9.65e-06 7.5e-06 1.15e-05 6.8e-06 8.55e-06 1.68e-05 1.11e-05 7.15e-06 1.015e-05 1.11e-05 7.65e-06 1.195e-05 1.325e-05 1.16e-05 9.5e-06 1.38e-05 8.3e-06 4.1e-06 1.465e-05 1.195e-05 5.7e-06 5.6e-06 1.19e-05 1.01e-05 1.35e-05 5.85e-06 6.9e-06 1.335e-05 1.065e-05 1.005e-05 1.11e-05 1.025e-05 1.24e-05 1.11e-05 8.1e-06 1.375e-05 1.02e-05 1.63e-05 8.15e-06 7.8e-06 1.22e-05 1.115e-05 5.85e-06 1.005e-05 1.325e-05 1.35e-05 5.85e-06 1.07e-05 7.8e-06 1.41e-05 1.175e-05 4.3e-06 1.14e-05 1.17e-05 1.325e-05 1.25e-05 8.3e-06 1.675e-05 1.195e-05 1.19e-05 8.15e-06 1.245e-05 1.345e-05 1.21e-05 6.9e-06 1.375e-05 1.24e-05 1.415e-05 9.4e-06 1.445e-05 7.6e-06 5.45e-06 1.445e-05 1.675e-05 7.35e-06 7.05e-06 9.45e-06 7.75e-06 1.015e-05 1.15e-05 1.15e-05 1.02e-05 1.355e-05 1.01e-05 9.65e-06 1.035e-05 1.6e-05 1.265e-05 5.45e-06
15 1.165e-05 7.2e-06 1.175e-05 1.03e-05 1.145e-05 1.145e-05 1.25e-05 1.065e-05 1.16e-05 1.19e-05 1.18e-05 9e-06 8.95e-06 9.75e-06 8.55e-06 1.28e-05 1.485e-05 1.16e-05 8.8e-06 1.17e-05 8.75e-06 1.06e-05 1.15e-05 1.25e-05 9.8e-06 1.17e-05 1.16e-05 1.01e-05 8.2e-06 1.17e-05 1.32e-05 9.1e-06 1.06e-05 1.315e-05 8.45e-06 1.17e-05 1.085e-05 9.75e-06 1.06e-05 1.205e-05 8.7e-06 8.75e-06 1.18e-05 1.325e-05 1.26e-05 1.065e-05 1.195e-05 1.215e-05 1.455e-05 1.07e-05 8.9e-06 8.6e-06 8.8e-06 9.1e-06 8.4e-06 1.22e-05 1.17e-05 8.05e-06 1.09e-05 9.3e-06 1.195e-05 1.34e-05 8.4e-06 1.21e-05 1.295e-05 1.13e-05 1.325e-05 7.95e-06 1.48e-05 1.25e-05 1.13e-05 1.085e-05 1.125e-05 1.165e-05 1.14e-05 1.065e-05 1.275e-05 9.35e-06 1.175e-05 7.8e-06 1.155e-05 9.15e-06 9.9e-06 1.155e-05 1.45e-05 1.025e-05 9.15e-06 1e-05 1.02e-05 1.09e-05 1.215e-05 1.025e-05 1.075e-05 1.265e-05 1.17e-05 1.02e-05 1.19e-05 1.45e-05 1.155e-05 1.045e-05
16 1.06e-05 1.325e-05 9.65e-06 1.545e-05 5.8e-06 9.45e-06 1.455e-05 1.88e-05 1.65e-05 9.2e-06 9.7e-06 9.75e-06 1.44e-05 1.455e-05 1.68e-05 1.485e-05 2e-06 9.15e-06 1.4e-05 9.95e-06 1.37e-05 1.715e-05 1.17e-05 1.165e-05 7.9e-06 1.36e-05 9.5e-06 1.73e-05 1.735e-05 6.75e-06 1.07e-05 1.78e-05 1.875e-05 1.065e-05 1.305e-05 8.55e-06 1.87e-05 1.955e-05 1.005e-05 9.8e-06 1.29e-05 1.37e-05 1.005e-05 1.01e-05 1.06e-05 1.96e-05 8.75e-06 9.6e-06 2.05e-06 1.965e-05 1.45e-05 1.15e-05 1.375e-05 1.64e-05 1.3e-05 1.065e-05 8.4e-06 1.7e-05 8.9e-06 1.5e-05 7.3e-06 1.01e-05 1.755e-05 1.83e-05 1.1e-05 5.75e-06 9.7e-06 1.41e-05 1.1e-06 9.45e-06 8.55e-06 1.145e-05 8e-06 8.45e-06 7.75e-06 1.525e-05 1.115e-05 1.245e-05 9.05e-06 1.445e-05 6.6e-06 1.77e-05 1.81e-05 1.13e-05 1.9e-06 1.7e-05 1.71e-05 1.695e-05 1.98e-05 9.25e-06 9.35e-06 1.67e-05 8.1e-06 8.7e-06 1.065e-05 1.535e-05 1.07e-05 1.305e-05 7.9e-06 1.86e-05
17 1.035e-05 1.04e-05 1.15e-05 1.245e-05 8.85e-06 1.09e-05 1.34e-05 1.265e-05 1.545e-05 1.19e-05 1.155e-05 9.7e-06 1.045e-05 1.27e-05 1.11e-05 1.16e-05 9.15e-06 1.66e-05 9.65e-06 1.005e-05 1.205e-05 1.25e-05 1.21e-05 1.225e-05 8.7e-06 1.165e-05 1.155e-05 1.285e-05 1.1e-05 9.9e-06 1.12e-05 1.23e-05 1.26e-05 1.115e-05 1.12e-05 1.08e-05 1.27e-05 1.325e-05 1.105e-05 1.045e-05 1.14e-05 1.205e-05 1.015e-05 1.09e-05 1.07e-05 1.38e-05 1.11e-05 1.045e-05 9.15e-06 1.385e-05 1.135e-05 1.13e-05 1.21e-05 1.14e-05 1.115e-05 1.175e-05 1.085e-05 1.165e-05 9.7e-06 1.18e-05 1.045e-05 1.13e-05 1.12e-05 1.49e-05 1.12e-05 8.7e-06 1.125e-05 1.09e-05 9.1e-06 1.07e-05 1.015e-05 1.015e-05 1.01e-05 1.08e-05 9.75e-06 1.16e-05 1.24e-05 1.14e-05 1.175e-05 1.21e-05 1e-05 1.31e-05 1.21e-05 1.245e-05 8.55e-06 1.225e-05 1.23e-05 1.34e-05 1.375e-05 9.75e-06 1.045e-05 1.39e-05 9.4e-06 1.04e-05 1.04e-05 1.235e-05 1.055e-05 1.435e-05 1.015e-05 1.245e-05
18 1e-05 6.65e-06 1.275e-05 8.6e-06 9.6e-06 1.14e-05 1.36e-05 7.7e-06 1.345e-05 1.31e-05 1.28e-05 8.25e-06 6.35e-06 9.55e-06 7.15e-06 8.8e-06 1.4e-05 9.65e-06 1.05e-05 1.01e-05 9.45e-06 7.8e-06 1.325e-05 1.295e-05 7.8e-06 9.3e-06 1.265e-05 8.75e-06 7e-06 1.12e-05 1.085e-05 8.6e-06 7.65e-06 1.08e-05 8.45e-06 1.18e-05 7.9e-06 9.1e-06 1.25e-05 1.06e-05 8.65e-06 9.45e-06 1.02e-05 1.075e-05 1.07e-05 9.3e-06 1.21e-05 1.06e-05 1.35e-05 9.35e-06 7.75e-06 8.95e-06 9.5e-06 7.1e-06 8.4e-06 1.235e-05 1.185e-05 8.5e-06 1.04e-05 8.4e-06 1.185e-05 1.105e-05 7.2e-06 1.14e-05 1.04e-05 9.45e-06 1.105e-05 8e-06 1.395e-05 1.055e-05 1.05e-05 1.08e-05 1.055e-05 1.18e-05 1.04e-05 1.005e-05 1.3e-05 8.6e-06 1.295e-05 9.1e-06 1.125e-05 9.6e-06 7.25e-06 1.28e-05 1.335e-05 7.65e-06 8.6e-06 1.08e-05 9.6e-06 9.9e-06 1.06e-05 1.105e-05 1.01e-05 1.14e-05 1.005e-05 8.5e-06 1.015e-05 1.56e-05 1.1e-05 7.5e-06
19 9.35e-06 1.075e-05 1.245e-05 1.215e-05 9.85e-06 1.145e-05 1.37e-05 1.075e-05 1.62e-05 1.26e-05 1.25e-05 9.85e-06 9.75e-06 1.32e-05 1.015e-05 1.17e-05 9.95e-06 1.005e-05 1.01e-05 1.77e-05 1.26e-05 1.21e-05 1.28e-05 1.285e-05 9.7e-06 1.115e-05 1.21e-05 1.255e-05 9.3e-06 1.08e-05 1.085e-05 1.12e-05 1.065e-05 1.08e-05 1.17e-05 1.15e-05 1.07e-05 1.21e-05 1.17e-05 9.6e-06 1.175e-05 1.26e-05 9.05e-06 1.095e-05 1.025e-05 1.31e-05 1.18e-05 9.5e-06 9.8e-06 1.315e-05 1.16e-05 1.185e-05 1.265e-05 1.02e-05 1.165e-05 1.205e-05 1.155e-05 1.155e-05 9.8e-06 1.1e-05 1.125e-05 1.11e-05 9.6e-06 1.475e-05 1.09e-05 9.7e-06 1.11e-05 1.085e-05 9.9e-06 1.02e-05 1.05e-05 1.02e-05 1.08e-05 1.15e-05 1.03e-05 1.05e-05 1.24e-05 1.23e-05 1.245e-05 1.25e-05 1.06e-05 1.21e-05 9.9e-06 1.315e-05 9.4e-06 1.18e-05 1.13e-05 1.395e-05 1.23e-05 1.015e-05 9.75e-06 1.46e-05 9.95e-06 1.125e-05 9.3e-06 1.205e-05 9.5e-06 1.51e-05 1.08e-05 1.055e-05
20 1.245e-05 6.1e-06 1.035e-05 8.55e-06 1.025e-05 7.5e-06 1.265e-05 1.355e-05 9.85e-06 1.085e-05 1.04e-05 9.1e-06 9.25e-06 8e-06 1.11e-05 8.75e-06 1.37e-05 1.205e-05 9.45e-06 1.26e-05 5.4e-06 1.125e-05 1.15e-05 1.03e-05 8.45e-06 1.27e-05 1.045e-05 8.35e-06 1.18e-05 8e-06 1.35e-05 1e-05 1.35e-05 1.345e-05 3.9e-06 8.75e-06 1.375e-05 1.255e-05 1.185e-05 1.31e-05 6.25e-06 2.95e-06 1.27e-05 1.325e-05 1.34e-05 1.285e-05 8.35e-06 1.345e-05 1.315e-05 1.29e-05 8.9e-06 2.8e-06 2.85e-06 1.035e-05 3.85e-06 1.255e-05 8.1e-06 9.05e-06 1.205e-05 7.95e-06 8.25e-06 1.41e-05 1.2e-05 1.24e-05 1.32e-05 1.01e-05 1.335e-05 6.9e-06 1.365e-05 1.245e-05 1.08e-05 1.33e-05 9.2e-06 8.05e-06 1.04e-05 1.385e-05 1.31e-05 7.6e-06 1.07e-05 7.75e-06 7.85e-06 1.06e-05 1.23e-05 7.3e-06 1.285e-05 1.11e-05 8e-06 1.05e-05 1.255e-05 1.1e-05 1.235e-05 8.4e-06 1.11e-05 1.215e-05 1.25e-05 8.45e-06 1.275e-05 1.405e-05 9.2e-06 1.335e-05
21 1.195e-05 7.8e-06 1.485e-05 8.55e-06 1.335e-05 1.32e-05 1.45e-05 6.5e-06 1.505e-05 1.495e-05 1.49e-05 9.4e-06 8.4e-06 1.01e-05 7.65e-06 1.06e-05 1.715e-05 1.25e-05 7.8e-06 1.21e-05 1.125e-05 9.9e-06 1.385e-05 1.33e-05 1.145e-05 8.05e-06 1.45e-05 7.65e-06 7.95e-06 1.455e-05 1.08e-05 9.2e-06 6.45e-06 1.075e-05 1.04e-05 1.37e-05 6.7e-06 1.005e-05 1.505e-05 1.26e-05 1.06e-05 1.125e-05 1.22e-05 1.14e-05 1.265e-05 8.55e-06 1.395e-05 1.255e-05 1.66e-05 8.6e-06 7.1e-06 1.205e-05 1.13e-05 6.45e-06 1.035e-05 1.455e-05 1.37e-05 9.25e-06 1.255e-05 1.02e-05 1.42e-05 1.125e-05 8.15e-06 1.025e-05 1.045e-05 1.32e-05 1.15e-05 1.01e-05 1.71e-05 1.235e-05 1.245e-05 1.165e-05 1.225e-05 1.365e-05 1.195e-05 1.105e-05 1.44e-05 1.235e-05 1.48e-05 1.045e-05 1.435e-05 1.03e-05 7.85e-06 1.465e-05 1.67e-05 5.7e-06 9.25e-06 1.105e-05 9.9e-06 1.155e-05 1.26e-05 1.115e-05 1.195e-05 1.34e-05 1.2e-05 8.7e-06 1.195e-05 1.565e-05 1.3e-05 6.5e-06
22 1.315e-05 1.08e-05 1.005e-05 1.45e-05 1.26e-05 1.11e-05 9.9e-06 1.525e-05 1.395e-05 1e-05 1.01e-05 1.135e-05 1.38e-05 1.24e-05 1.195e-05 1.15e-05 1.17e-05 1.21e-05 1.325e-05 1.28e-05 1.15e-05 1.385e-05 1.6e-05 1.16e-05 1.29e-05 1.35e-05 1e-05 1.285e-05 1.32e-05 1.235e-05 1.39e-05 1.225e-05 1.52e-05 1.385e-05 1.15e-05 1.09e-05 1.53e-05 1.31e-05 1.155e-05 1.305e-05 1.215e-05 1.15e-05 1.29e-05 1.39e-05 1.35e-05 1.36e-05 1.11e-05 1.3e-05 1.19e-05 1.365e-05 1.14e-05 1.28e-05 1.155e-05 1.275e-05 1.145e-05 1.155e-05 1.085e-05 1.12e-05 1.19e-05 1.36e-05 1.13e-05 1.385e-05 1.34e-05 1.505e-05 1.395e-05 1.245e-05 1.385e-05 1.255e-05 1.165e-05 1.33e-05 1.165e-05 1.015e-05 1.07e-05 1.08e-05 1.12e-05 1.35e-05 1.225e-05 1.35e-05 9.85e-06 1.025e-05 1.215e-05 1.145e-05 1.47e-05 1.065e-05 1.165e-05 1.365e-05 1.23e-05 1.205e-05 1.37e-05 1.1e-05 1.305e-05 1.205e-05 1.045e-05 1.335e-05 1.32e-05 1.44e-05 1.33e-05 1.375e-05 1.1e-05 1.505e-05
23 1.305e-05 1.025e-05 1.175e-05 1.335e-05 1.18e-05 1.035e-05 1.325e-05 1.525e-05 1.345e-05 1.18e-05 1.18e-05 1.09e-05 1.3e-05 1.245e-05 1.325e-05 1.25e-05 1.165e-05 1.225e-05 1.295e-05 1.285e-05 1.03e-05 1.33e-05 1.16e-05 1.66e-05 1.15e-05 1.315e-05 1.125e-05 1.22e-05 1.39e-05 1.135e-05 1.335e-05 1.315e-05 1.52e-05 1.33e-05 1.04e-05 1.015e-05 1.53e-05 1.54e-05 1.28e-05 1.335e-05 1.12e-05 1.03e-05 1.295e-05 1.3e-05 1.375e-05 1.53e-05 1.075e-05 1.325e-05 1.145e-05 1.535e-05 1.105e-05 1.11e-05 1.035e-05 1.28e-05 1.035e-05 1.355e-05 1.05e-05 1.22e-05 1.23e-05 1.32e-05 1.09e-05 1.35e-05 1.41e-05 1.35e-05 1.335e-05 1.165e-05 1.31e-05 1.21e-05 1.16e-05 1.33e-05 1.115e-05 1.225e-05 1.055e-05 1.045e-05 1.105e-05 1.4e-05 1.4e-05 1.3e-05 1.165e-05 1.135e-05 1.115e-05 1.325e-05 1.5e-05 1.13e-05 1.125e-05 1.325e-05 1.225e-05 1.21e-05 1.57e-05 1.155e-05 1.3e-05 1.11e-05 1.135e-05 1.07e-05 1.31e-05 1.325e-05 1.33e-05 1.04e-05 1.075e-05 1.505e-05
24 9.6e-06 7.1e-06 9.95e-06 1.03e-05 5.25e-06 8.65e-06 1.525e-05 1.34e-05 1.235e-05 1.07e-05 1e-05 7.55e-06 7.45e-06 9e-06 1.16e-05 9.8e-06 7.9e-06 8.7e-06 7.8e-06 9.7e-06 8.45e-06 1.145e-05 1.29e-05 1.15e-05 5.8e-06 1.205e-05 1.04e-05 1.21e-05 1.165e-05 6.7e-06 1.08e-05 1.27e-05 1.335e-05 1.075e-05 7.55e-06 8.7e-06 1.36e-05 1.475e-05 1.075e-05 9.95e-06 8.15e-06 8.45e-06 9.8e-06 1.02e-05 1.06e-05 1.52e-05 9.1e-06 1.05e-05 7.65e-06 1.525e-05 9.25e-06 6.3e-06 8.5e-06 1.04e-05 7.5e-06 1.19e-05 8.85e-06 1.19e-05 9e-06 9.95e-06 7.9e-06 1.13e-05 1.185e-05 1.41e-05 1.05e-05 5.1e-06 1.035e-05 8.65e-06 7.85e-06 9.45e-06 8.25e-06 1.205e-05 8.1e-06 8.7e-06 7.25e-06 1.265e-05 1.23e-05 6.4e-06 1.055e-05 9.5e-06 6.8e-06 1.31e-05 1.215e-05 1.075e-05 7.1e-06 1.12e-05 1.16e-05 1.245e-05 1.455e-05 8.55e-06 9.2e-06 1.2e-05 8.35e-06 8.45e-06 9.65e-06 1.02e-05 9.9e-06 1.4e-05 8.1e-06 1.32e-05
25 1.145e-05 9.4e-06 1.39e-05 1.02e-05 1.21e-05 1.285e-05 1.395e-05 8.6e-06 1.59e-05 1.4e-05 1.395e-05 8.05e-06 9.75e-06 1.2e-05 9.5e-06 1.17e-05 1.36e-05 1.165e-05 9.3e-06 1.115e-05 1.27e-05 8.05e-06 1.35e-05 1.315e-05 1.205e-05 1.38e-05 1.35e-05 9.5e-06 9.7e-06 1.32e-05 1.02e-05 1.11e-05 8.55e-06 1.015e-05 1.185e-05 1.3e-05 8.6e-06 1.16e-05 1.39e-05 1.17e-05 1.17e-05 1.27e-05 1.125e-05 1.055e-05 1.175e-05 1.005e-05 1.32e-05 1.165e-05 1.345e-05 1.01e-05 9.45e-06 1.29e-05 1.275e-05 9e-06 1.18e-05 1.34e-05 1.295e-05 1.115e-05 1.165e-05 1.14e-05 1.345e-05 1.035e-05 9.9e-06 1.18e-05 1e-05 1.195e-05 1.065e-05 1.14e-05 1.355e-05 1.155e-05 1.175e-05 1.135e-05 1.16e-05 1.29e-05 1.16e-05 1.195e-05 1.325e-05 1.31e-05 1.385e-05 1.175e-05 1.295e-05 1.2e-05 9.7e-06 1.39e-05 1.31e-05 8.6e-06 1.115e-05 1.275e-05 1.145e-05 1.13e-05 1.17e-05 1.29e-05 1.125e-05 1.25e-05 1.15e-05 1e-05 1.15e-05 1.505e-05 1.225e-05 8.4e-06
26 1.25e-05 1.05e-05 9.3e-06 1.365e-05 1.025e-05 1.005e-05 1.095e-05 1.635e-05 1.21e-05 9.3e-06 9.35e-06 1.035e-05 1.295e-05 1.135e-05 1.38e-05 1.16e-05 9.5e-06 1.155e-05 1.265e-05 1.21e-05 1.045e-05 1.45e-05 1e-05 1.125e-05 1.04e-05 1.35e-05 1.7e-05 1.355e-05 1.46e-05 9.85e-06 1.29e-05 1.395e-05 1.63e-05 1.285e-05 1.045e-05 1.01e-05 1.635e-05 1.445e-05 1.1e-05 1.265e-05 1.065e-05 1.045e-05 1.22e-05 1.265e-05 1.295e-05 1.475e-05 1.03e-05 1.25e-05 9.45e-06 1.48e-05 1.14e-05 1.02e-05 1.05e-05 1.36e-05 1.04e-05 1.12e-05 1.005e-05 1.3e-05 1.16e-05 1.295e-05 1e-05 1.315e-05 1.48e-05 1.44e-05 1.31e-05 1.01e-05 1.275e-05 1.2e-05 9.45e-06 1.245e-05 1.015e-05 1.24e-05 9.9e-06 1e-05 1.04e-05 1.46e-05 1.175e-05 1.095e-05 9.15e-06 9.65e-06 9.6e-06 1.205e-05 1.555e-05 9.75e-06 9.1e-06 1.435e-05 1.32e-05 1.265e-05 1.485e-05 1.09e-05 1.23e-05 1.17e-05 1.065e-05 1.155e-05 1.255e-05 1.355e-05 1.265e-05 1.255e-05 1.02e-05 1.615e-05
27 1.24e-05 7.75e-06 1.39e-05 8.45e-06 1.39e-05 1.155e-05 1.295e-05 7.95e-06 1.35e-05 1.4e-05 1.395e-05 1.06e-05 9.25e-06 1.065e-05 8.3e-06 1.01e-05 1.73e-05 1.285e-05 8.75e-06 1.255e-05 8.35e-06 7.65e-06 1.285e-05 1.22e-05 1.21e-05 9.5e-06 1.355e-05 1.32e-05 8.6e-06 1.345e-05 1.195e-05 8.5e-06 7.9e-06 1.19e-05 8.45e-06 1.25e-05 8.15e-06 9.55e-06 1.42e-05 1.305e-05 9.75e-06 8.35e-06 1.265e-05 1.225e-05 1.31e-05 8.35e-06 1.23e-05 1.3e-05 1.675e-05 8.4e-06 8.85e-06 9.7e-06 8.4e-06 8.25e-06 8.4e-06 1.37e-05 1.205e-05 8.45e-06 1.29e-05 9.3e-06 1.28e-05 1.205e-05 8.8e-06 1.035e-05 1.14e-05 1.375e-05 1.235e-05 9.2e-06 1.725e-05 1.295e-05 1.285e-05 1.195e-05 1.185e-05 1.2e-05 1.285e-05 1.125e-05 1.355e-05 1.195e-05 1.385e-05 9.85e-06 1.325e-05 9.65e-06 8.75e-06 1.245e-05 1.685e-05 7.85e-06 7.9e-06 1.075e-05 9.4e-06 1.215e-05 1.305e-05 1e-05 1.24e-05 1.4e-05 1.245e-05 8.25e-06 1.255e-05 1.515e-05 1.23e-05 7.75e-06
28 9.25e-06 8.4e-06 1.54e-05 9.8e-06 1.365e-05 1.375e-05 1.335e-05 4.4e-06 1.585e-05 1.51e-05 1.545e-05 1.03e-05 6.7e-06 1.225e-05 4.1e-06 8.2e-06 1.735e-05 1.1e-05 7e-06 9.3e-06 1.18e-05 7.95e-06 1.32e-05 1.39e-05 1.165e-05 9.7e-06 1.46e-05 8.6e-06 3.3e-06 1.515e-05 1.205e-05 5.3e-06 4.3e-06 1.2e-05 1.065e-05 1.41e-05 4.55e-06 5.95e-06 1.3e-05 9.9e-06 1.055e-05 1.18e-05 9.5e-06 1.25e-05 1.075e-05 7.85e-06 1.45e-05 9.4e-06 1.68e-05 7.9e-06 8.55e-06 1.265e-05 1.185e-05 5.2e-06 1.06e-05 1.345e-05 1.425e-05 5.2e-06 9.65e-06 8.1e-06 1.475e-05 1.185e-05 1.95e-06 1.155e-05 1.175e-05 1.35e-05 1.26e-05 7.2e-06 1.73e-05 1.175e-05 1.24e-05 7.6e-06 1.32e-05 1.42e-05 1.26e-05 6.3e-06 1.395e-05 1.265e-05 1.495e-05 1.02e-05 1.495e-05 7.05e-06 3.95e-06 1.52e-05 1.73e-05 7.5e-06 6.5e-06 1.04e-05 6.8e-06 1.1e-05 1.09e-05 1.23e-05 1.11e-05 1.37e-05 9.2e-06 9.7e-06 9.5e-06 1.665e-05 1.325e-05 4.2e-06
29 1.11e-05 9.8e-06 9.3e-06 1.14e-05 6.7e-06 8.3e-06 1.42e-05 1.66e-05 1.255e-05 1.015e-05 9.35e-06 9.05e-06 1.11e-05 1.075e-05 1.465e-05 1.17e-05 6.75e-06 9.9e-06 1.12e-05 1.08e-05 8e-06 1.455e-05 1.235e-05 1.135e-05 6.7e-06 1.32e-05 9.85e-06 1.345e-05 1.515e-05 1.1e-05 1.16e-05 1.46e-05 1.655e-05 1.155e-05 8.1e-06 8.5e-06 1.665e-05 1.67e-05 1.01e-05 1.12e-05 9.1e-06 8e-06 1.09e-05 1.085e-05 1.13e-05 1.675e-05 8.5e-06 1.16e-05 6.75e-06 1.68e-05 1.22e-05 5.6e-06 8.05e-06 1.38e-05 8.05e-06 1.15e-05 8.25e-06 1.38e-05 1.03e-05 1.095e-05 7.35e-06 1.21e-05 1.535e-05 1.565e-05 1.16e-05 6.55e-06 1.13e-05 1.005e-05 6.7e-06 1.05e-05 9.3e-06 1.315e-05 8.5e-06 8.2e-06 8.75e-06 1.5e-05 1.19e-05 8.45e-06 1e-05 1.14e-05 5.8e-06 1.495e-05 1.545e-05 8.85e-06 5.7e-06 1.44e-05 1.325e-05 1.42e-05 1.65e-05 9.85e-06 1.045e-05 1.3e-05 9.5e-06 9.45e-06 1.115e-05 1.13e-05 1.13e-05 1.365e-05 8.5e-06 1.64e-05
30 1.115e-05 1.165e-05 1.34e-05 1.115e-05 1.085e-05 1.235e-05 1.47e-05 1.085e-05 1.645e-05 1.35e-05 1.345e-05 1.065e-05 1.16e-05 1.365e-05 1.195e-05 1.32e-05 1.07e-05 1.12e-05 1.085e-05 1.085e-05 1.35e-05 1.08e-05 1.39e-05 1.335e-05 1.08e-05 1.02e-05 1.29e-05 1.195e-05 1.205e-05 1.16e-05 1.92e-05 1.32e-05 1.08e-05 9.65e-06 1.275e-05 1.25e-05 1.085e-05 1.38e-05 1.3e-05 1.14e-05 1.27e-05 1.35e-05 1.095e-05 1.045e-05 1.155e-05 1.245e-05 1.27e-05 1.135e-05 1.055e-05 1.25e-05 1.225e-05 1.26e-05 1.355e-05 1.18e-05 1.27e-05 1.29e-05 1.245e-05 1.33e-05 1.14e-05 1.245e-05 1.215e-05 1.035e-05 1.225e-05 1.37e-05 1e-05 1.07e-05 1.055e-05 1.245e-05 1.065e-05 1.13e-05 1.145e-05 1.2e-05 1.145e-05 1.24e-05 1.145e-05 1.245e-05 1.26e-05 1.33e-05 1.335e-05 1.365e-05 1.135e-05 1.41e-05 1.205e-05 1.405e-05 1.02e-05 1.1e-05 1.325e-05 1.455e-05 1.35e-05 1.11e-05 1.14e-05 1.475e-05 1.105e-05 1.185e-05 1.12e-05 1.13e-05 1.12e-05 1.485e-05 1.185e-05 1.085e-05
31 1.11e-05 8.75e-06 1.475e-05 9.95e-06 1.46e-05 1.295e-05 1.26e-05 6.85e-06 1.455e-05 1.445e-05 1.48e-05 1.14e-05 8.85e-06 1.195e-05 5.7e-06 9.1e-06 1.78e-05 1.23e-05 8.6e-06 1.12e-05 1e-05 9.2e-06 1.225e-05 1.315e-05 1.27e-05 1.11e-05 1.395e-05 8.5e-06 5.3e-06 1.46e-05 1.32e-05 9.8e-06 6.9e-06 1.315e-05 9.85e-06 1.34e-05 7.15e-06 7.25e-06 1.35e-05 1.175e-05 1.03e-05 1e-05 1.135e-05 1.365e-05 1.235e-05 8.5e-06 1.37e-05 1.12e-05 1.725e-05 8.55e-06 9.4e-06 1.11e-05 1.005e-05 7.2e-06 9.8e-06 1.34e-05 1.345e-05 5.25e-06 1.185e-05 8.6e-06 1.415e-05 1.3e-05 5.55e-06 1.18e-05 1.29e-05 1.445e-05 1.375e-05 8.4e-06 1.775e-05 1.32e-05 1.315e-05 9.45e-06 1.315e-05 1.34e-05 1.335e-05 8.65e-06 1.39e-05 1.275e-05 1.43e-05 9.95e-06 1.44e-05 7.7e-06 6.8e-06 1.355e-05 1.775e-05 8.9e-06 7.1e-06 1.005e-05 8.1e-06 1.155e-05 1.265e-05 1.135e-05 1.165e-05 1.47e-05 1.11e-05 9.85e-06 1.125e-05 1.615e-05 1.345e-05 6.75e-06
32 1.06e-05 1.01e-05 1.71e-05 8.55e-06 1.525e-05 1.545e-05 1.445e-05 3.1e-06 1.675e-05 1.68e-05 1.715e-05 1.18e-05 8.05e-06 1.34e-05 5.6e-06 1.06e-05 1.875e-05 1.26e-05 7.65e-06 1.065e-05 1.35e-05 6.45e-06 1.52e-05 1.52e-05 1.335e-05 8.55e-06 1.63e-05 7.9e-06 4.3e-06 1.655e-05 1.08e-05 6.9e-06 5.9e-06 1.075e-05 1.25e-05 1.59e-05 3.25e-06 6.65e-06 1.515e-05 1.125e-05 1.22e-05 1.35e-05 1.085e-05 1.17e-05 1.17e-05 6.25e-06 1.62e-05 1.075e-05 1.82e-05 6.3e-06 9.95e-06 1.405e-05 1.355e-05 6.3e-06 1.245e-05 1.425e-05 1.595e-05 8.15e-06 1.235e-05 9.15e-06 1.645e-05 1.085e-05 4.6e-06 1.025e-05 1.06e-05 1.51e-05 1.18e-05 9.9e-06 1.87e-05 1.24e-05 1.405e-05 1.055e-05 1.465e-05 1.59e-05 1.445e-05 8.1e-06 1.39e-05 1.425e-05 1.665e-05 1.215e-05 1.635e-05 8.7e-06 4.55e-06 1.69e-05 1.87e-05 6.5e-06 8.15e-06 1.175e-05 6.75e-06 1.27e-05 1.215e-05 1.325e-05 1.295e-05 1.485e-05 1.055e-05 8.7e-06 1.07e-05 1.705e-05 1.51e-05 3.1e-06
33 1.11e-05 1.16e-05 1.335e-05 1.11e-05 1.08e-05 1.23e-05 1.465e-05 1.08e-05 1.64e-05 1.345e-05 1.34e-05 1.06e-05 1.155e-05 1.36e-05 1.19e-05 1.315e-05 1.065e-05 1.115e-05 1.08e-05 1.08e-05 1.345e-05 1.075e-05 1.385e-05 1.33e-05 1.075e-05 1.015e-05 1.285e-05 1.19e-05 1.2e-05 1.155e-05 9.65e-06 1.315e-05 1.075e-05 1.91e-05 1.27e-05 1.245e-05 1.075e-05 1.375e-05 1.295e-05 1.135e-05 1.265e-05 1.345e-05 1.09e-05 1.04e-05 1.15e-05 1.24e-05 1.265e-05 1.13e-05 1.05e-05 1.245e-05 1.22e-05 1.255e-05 1.35e-05 1.175e-05 1.265e-05 1.285e-05 1.24e-05 1.325e-05 1.135e-05 1.24e-05 1.21e-05 1.03e-05 1.22e-05 1.365e-05 9.95e-06 1.065e-05 1.05e-05 1.24e-05 1.06e-05 1.12e-05 1.14e-05 1.195e-05 1.14e-05 1.235e-05 1.14e-05 1.24e-05 1.255e-05 1.325e-05 1.33e-05 1.36e-05 1.13e-05 1.405e-05 1.195e-05 1.4e-05 1.015e-05 1.095e-05 1.32e-05 1.45e-05 1.345e-05 1.105e-05 1.135e-05 1.47e-05 1.1e-05 1.18e-05 1.115e-05 1.125e-05 1.115e-05 1.48e-05 1.18e-05 1.08e-05
34 1.155e-05 5.65e-06 1.035e-05 8.55e-06 9.35e-06 7.8e-06 1.315e-05 1.255e-05 1.04e-05 1.085e-05 1.04e-05 8.1e-06 8.15e-06 7.85e-06 1.01e-05 8.45e-06 1.305e-05 1.12e-05 8.45e-06 1.17e-05 3.9e-06 1.04e-05 1.15e-05 1.04e-05 7.55e-06 1.185e-05 1.045e-05 8.45e-06 1.065e-05 8.1e-06 1.275e-05 9.85e-06 1.25e-05 1.27e-05 7.1e-06 8.85e-06 1.275e-05 1.235e-05 1.18e-05 1.22e-05 6.1e-06 3.9e-06 1.18e-05 1.25e-05 1.265e-05 1.275e-05 8.55e-06 1.255e-05 1.25e-05 1.28e-05 7.95e-06 3.6e-06 3.95e-06 9.35e-06 3.55e-06 1.255e-05 8.3e-06 8.9e-06 1.115e-05 7.95e-06 8.3e-06 1.335e-05 1.085e-05 1.225e-05 1.245e-05 9.2e-06 1.26e-05 6.75e-06 1.3e-05 1.165e-05 9.95e-06 1.24e-05 9e-06 8.25e-06 9.5e-06 1.31e-05 1.31e-05 7.3e-06 1.07e-05 7.5e-06 7.95e-06 1.035e-05 1.125e-05 8.2e-06 1.22e-05 1.01e-05 7.95e-06 1.02e-05 1.235e-05 1.01e-05 1.145e-05 8.8e-06 1.02e-05 1.125e-05 1.16e-05 8.4e-06 1.185e-05 1.4e-05 8.15e-06 1.235e-05
35 1.175e-05 9e-06 9.85e-06 1.27e-05 8.7e-06 8.65e-06 1.285e-05 1.595e-05 1.365e-05 1.025e-05 9.9e-06 9.2e-06 1.145e-05 1.11e-05 1.35e-05 1.17e-05 8.55e-06 1.08e-05 1.18e-05 1.15e-05 8.75e-06 1.37e-05 1.09e-05 1.015e-05 8.7e-06 1.3e-05 1.01e-05 1.25e-05 1.41e-05 8.5e-06 1.25e-05 1.34e-05 1.59e-05 1.245e-05 8.85e-06 1.54e-05 1.6e-05 1.56e-05 1.135e-05 1.15e-05 1.02e-05 8.75e-06 1.16e-05 1.21e-05 1.225e-05 1.6e-05 8.3e-06 1.21e-05 8.8e-06 1.605e-05 1.115e-05 8.6e-06 8.8e-06 1.27e-05 8.8e-06 1.18e-05 8.35e-06 1.245e-05 1.055e-05 1.205e-05 8.3e-06 1.285e-05 1.43e-05 1.555e-05 1.25e-05 8.55e-06 1.195e-05 1.095e-05 8.4e-06 1.1e-05 1e-05 1.195e-05 8.4e-06 8.3e-06 8.9e-06 1.44e-05 1.235e-05 1.06e-05 1.01e-05 1.07e-05 8.35e-06 1.365e-05 1.465e-05 9.55e-06 8.2e-06 1.355e-05 1.205e-05 1.36e-05 1.56e-05 1.025e-05 1.085e-05 1.215e-05 9.65e-06 1.09e-05 1.18e-05 1.26e-05 1.195e-05 1.39e-05 8.6e-06 1.575e-05
36 1.085e-05 1.035e-05 1.72e-05 8.8e-06 1.535e-05 1.57e-05 1.455e-05 3.35e-06 1.7e-05 1.69e-05 1.725e-05 1.185e-05 8.3e-06 1.365e-05 5.85e-06 1.085e-05 1.87e-05 1.27e-05 7.9e-06 1.07e-05 1.375e-05 6.7e-06 1.53e-05 1.53e-05 1.36e-05 8.6e-06 1.635e-05 8.15e-06 4.55e-06 1.665e-05 1.085e-05 7.15e-06 3.25e-06 1.075e-05 1.275e-05 1.6e-05 6.4e-06 6.9e-06 1.525e-05 1.135e-05 1.245e-05 1.375e-05 1.09e-05 1.18e-05 1.18e-05 6.5e-06 1.63e-05 1.085e-05 1.83e-05 6.55e-06 1.02e-05 1.43e-05 1.38e-05 6.55e-06 1.27e-05 1.435e-05 1.605e-05 8.4e-06 1.245e-05 9.4e-06 1.655e-05 1.095e-05 4.85e-06 1.05e-05 1.085e-05 1.52e-05 1.19e-05 1.015e-05 1.865e-05 1.245e-05 1.43e-05 1.065e-05 1.475e-05 1.6e-05 1.455e-05 8.15e-06 1.4e-05 1.45e-05 1.675e-05 1.24e-05 1.64e-05 8.95e-06 4.75e-06 1.7e-05 1.86e-05 6.75e-06 8.4e-06 1.2e-05 7e-06 1.295e-05 1.225e-05 1.35e-05 1.305e-05 1.495e-05 1.08e-05 8.95e-06 1.095e-05 1.715e-05 1.52e-05 3.35e-06
37 1.205e-05 1.105e-05 1.525e-05 1.09e-05 1.65e-05 1.525e-05 1.07e-05 6.7e-06 1.455e-05 1.495e-05 1.53e-05 1.33e-05 9.45e-06 1.305e-05 6.9e-06 9.75e-06 1.955e-05 1.325e-05 9.1e-06 1.21e-05 1.255e-05 1.005e-05 1.31e-05 1.54e-05 1.475e-05 1.16e-05 1.445e-05 9.55e-06 5.95e-06 1.67e-05 1.38e-05 7.25e-06 6.65e-06 1.375e-05 1.235e-05 1.56e-05 6.9e-06 8.9e-06 1.39e-05 1.26e-05 1.23e-05 1.255e-05 1.22e-05 1.425e-05 1.275e-05 6.15e-06 1.59e-05 1.215e-05 1.91e-05 6.2e-06 1.13e-05 1.355e-05 1.26e-05 8.35e-06 1.23e-05 1.22e-05 1.565e-05 8.1e-06 1.335e-05 9.55e-06 1.65e-05 1.36e-05 6.15e-06 1.155e-05 1.355e-05 1.635e-05 1.435e-05 1.025e-05 1.95e-05 1.365e-05 1.49e-05 1.13e-05 1.52e-05 1.56e-05 1.545e-05 9e-06 1.28e-05 1.375e-05 1.48e-05 1.07e-05 1.65e-05 7.45e-06 6.35e-06 1.485e-05 1.95e-05 9.85e-06 8.4e-06 1.155e-05 5.5e-06 1.395e-05 1.345e-05 1.255e-05 1.4e-05 1.675e-05 1.21e-05 1.08e-05 1.23e-05 1.71e-05 1.56e-05 6.5e-06
38 1.21e-05 1.22e-05 1.075e-05 1.36e-05 1.055e-05 1.145e-05 1.275e-05 1.52e-05 1.4e-05 1.12e-05 1.075e-05 1.18e-05 1.31e-05 1.3e-05 1.335e-05 1.06e-05 1.005e-05 1.105e-05 1.25e-05 1.17e-05 1.185e-05 1.505e-05 1.155e-05 1.28e-05 1.075e-05 1.39e-05 1.1e-05 1.42e-05 1.3e-05 1.01e-05 1.3e-05 1.35e-05 1.515e-05 1.295e-05 1.18e-05 1.135e-05 1.525e-05 1.39e-05 1.84e-05 1.21e-05 1.195e-05 1.185e-05 1.18e-05 1.265e-05 1.21e-05 1.455e-05 1.155e-05 1.21e-05 1.015e-05 1.46e-05 1.33e-05 1.09e-05 1.19e-05 1.38e-05 1.175e-05 1.16e-05 1.13e-05 1.245e-05 1.095e-05 1.265e-05 1.075e-05 1.31e-05 1.32e-05 1.57e-05 1.305e-05 1.04e-05 1.305e-05 1.15e-05 1e-05 1.24e-05 1.145e-05 1.155e-05 1.115e-05 1.125e-05 1.15e-05 1.255e-05 1.215e-05 1.175e-05 1.105e-05 1.23e-05 1.025e-05 1.33e-05 1.455e-05 1.17e-05 9.4e-06 1.485e-05 1.35e-05 1.405e-05 1.43e-05 1.145e-05 1.22e-05 1.395e-05 1.105e-05 1.195e-05 1.215e-05 1.35e-05 1.225e-05 1.425e-05 1.14e-05 1.5e-05
39 9.65e-06 1.11e-05 1.285e-05 1.265e-05 9.95e-06 1.195e-05 1.415e-05 1.13e-05 1.67e-05 1.285e-05 1.29e-05 1.025e-05 1.02e-05 1.37e-05 1.065e-05 1.205e-05 9.8e-06 1.045e-05 1.06e-05 9.6e-06 1.31e-05 1.26e-05 1.305e-05 1.335e-05 9.95e-06 1.17e-05 1.265e-05 1.305e-05 9.9e-06 1.12e-05 1.14e-05 1.175e-05 1.125e-05 1.135e-05 1.22e-05 1.15e-05 1.135e-05 1.26e-05 1.21e-05 1.87e-05 1.225e-05 1.31e-05 9.5e-06 1.135e-05 1.065e-05 1.36e-05 1.18e-05 9.8e-06 1.005e-05 1.365e-05 1.21e-05 1.235e-05 1.315e-05 1.08e-05 1.215e-05 1.215e-05 1.165e-05 1.205e-05 9.9e-06 1.15e-05 1.135e-05 1.135e-05 9.9e-06 1.525e-05 1.14e-05 9.8e-06 1.12e-05 1.135e-05 9.65e-06 1.03e-05 1.1e-05 1.045e-05 1.09e-05 1.16e-05 1.04e-05 1.105e-05 1.25e-05 1.28e-05 1.27e-05 1.285e-05 1.105e-05 1.265e-05 1.02e-05 1.36e-05 9.85e-06 1.23e-05 1.16e-05 1.445e-05 1.285e-05 1.065e-05 9.7e-06 1.51e-05 1.005e-05 1.17e-05 9.9e-06 1.255e-05 1.005e-05 1.56e-05 1.09e-05 1.11e-05
40 1.17e-05 6.65e-06 1.115e-05 9.2e-06 9.75e-06 9.55e-06 1.37e-05 1.225e-05 1.04e-05 1.12e-05 1.12e-05 8.4e-06 8.75e-06 8.6e-06 1.005e-05 8.7e-06 1.29e-05 1.14e-05 8.65e-06 1.175e-05 6.25e-06 1.06e-05 1.215e-05 1.12e-05 8.15e-06 1.17e-05 1.065e-05 9.75e-06 1.055e-05 9.1e-06 1.27e-05 1.03e-05 1.22e-05 1.265e-05 6.1e-06 1.02e-05 1.245e-05 1.23e-05 1.195e-05 1.225e-05 1.05e-05 6.25e-06 1.185e-05 1.23e-05 1.27e-05 1.255e-05 1.02e-05 1.215e-05 1.245e-05 1.26e-05 6.85e-06 5.25e-06 6.3e-06 9.65e-06 6.1e-06 1.27e-05 9.95e-06 9.45e-06 1.13e-05 8.65e-06 9.85e-06 1.285e-05 1.075e-05 1.155e-05 1.245e-05 9.6e-06 1.24e-05 7.6e-06 1.285e-05 1.21e-05 8.55e-06 1.24e-05 9.9e-06 9.9e-06 1.01e-05 1.305e-05 1.32e-05 7.9e-06 1.105e-05 7.8e-06 8.95e-06 1.03e-05 1.145e-05 9.85e-06 1.25e-05 1.035e-05 9.35e-06 9.95e-06 1.26e-05 1.04e-05 1.185e-05 9.2e-06 1.045e-05 1.11e-05 1.175e-05 9e-06 1.195e-05 1.325e-05 1e-05 1.205e-05
