 slim_337494218 slim_337494241 slim_337493812 slim_337494204 slim_337494167 slim_337494097 slim_337494206 slim_337494213 slim_337494212 slim_337494061 slim_337494240 slim_337494197 slim_337494056 slim_337494072 slim_337494211 slim_337494087 slim_337494151 slim_337493617 slim_337494193 slim_337494143 slim_337494088 slim_337493877 slim_337494163 slim_337494209 slim_337494171 slim_337494006 slim_337494227 slim_337494219 slim_337494053 slim_337494226 slim_337493878 slim_337494071 slim_337494231 slim_337494205 slim_337494232 slim_337494029 slim_337494140 slim_337494188 slim_337494199 slim_337494185 slim_337494215 slim_337494208 slim_337494000 slim_337494222 slim_337494112 slim_337494186 slim_337494244 slim_337493814 slim_337493989 slim_337494237 slim_337494164 slim_337494108 slim_337494091 slim_337494216 slim_337493653 slim_337494192 slim_337494189 slim_337494245 slim_337494175 slim_337494190 slim_337494120 slim_337494048 slim_337494054 slim_337494077 slim_337494161 slim_337494243 slim_337493790 slim_337494200 slim_337494235 slim_337494246 slim_337494085 slim_337494145 slim_337494233 slim_337494148 slim_337494184 slim_337494229 slim_337494095 slim_337494198 slim_337494202 slim_337494139 slim_337494115 slim_337494127 slim_337494214 slim_337494156 slim_337494170 slim_337494147 slim_337494144 slim_337494058 slim_337494152 slim_337494003 slim_337494225 slim_337494102 slim_337494177 slim_337494210 slim_337494196 slim_337494194 slim_337494236 slim_337494128 slim_337494242 slim_337494041
0 0.0001267 0.0001232 0.0001171 6.42e-05 0.00016545 0.0001633 7.435e-05 0.0001821 0.0001554 6.945e-05 0.0001632 0.0001643 6.405e-05 0.00014035 6.41e-05 8.15e-05 6.965e-05 0.00014815 6.46e-05 0.00016485 0.0001479 0.00014905 0.0001495 0.00021985 7.36e-05 6.65e-05 9.715e-05 6.51e-05 0.0001489 7.45e-05 7.41e-05 0.00012425 6.545e-05 9.725e-05 0.0001644 0.00016325 8.215e-05 6.605e-05 0.00014925 0.00026385 0.00014825 0.00018015 7.385e-05 0.00016475 6.44e-05 6.835e-05 0.00015875 0.00016325 7.425e-05 6.605e-05 6.805e-05 0.00011975 9.695e-05 7.43e-05 0.0001635 0.00012335 0.0001478 0.00015845 0.00021975 6.45e-05 0.00024745 0.00016505 6.51e-05 7.38e-05 6.52e-05 6.485e-05 0.00014015 6.465e-05 0.0001235 0.00016315 8.975e-05 6.55e-05 7.445e-05 6.445e-05 6.805e-05 0.0002185 0.00016405 0.0001652 0.0001632 7.35e-05 0.00016305 9.725e-05 0.00012465 6.485e-05 0.00022245 0.00016465 0.00016335 6.605e-05 8.28e-05 6.745e-05 9.08e-05 0.000197 6.49e-05 0.00016375 0.0001274 0.000132 7.5e-05 0.0001634 0.00026415 0.00014865
1 0.0001232 0.0002437 0.0001762 0.0001223 0.00016655 0.0001638 0.00013315 0.000183 0.00015535 0.00012865 0.0001643 0.00016525 0.00012335 0.0001403 0.00012385 0.00014 0.0001288 0.00014935 0.00012425 0.0001658 0.00014915 0.00014955 0.00014985 0.00016525 0.0001329 0.00012555 0.00015625 0.0001238 0.00014955 0.00013335 0.00013295 0.0001243 0.00012475 0.00015605 0.0001648 0.00016435 0.00014125 0.00012495 0.0001493 0.00020645 0.0001489 0.0001802 0.0001325 0.0001657 0.00012355 0.0001278 0.00016385 0.00016405 0.0001336 0.0001243 0.00012755 0.00012355 0.00015515 0.00013255 0.0001634 0.00012295 0.00014895 0.00015865 0.00016515 0.00012245 0.00019005 0.00016625 0.00012435 0.00013235 0.00012375 0.0001235 0.00014025 0.00012315 0.00012245 0.0001643 0.00014885 0.0001238 0.00013325 0.00012265 0.0001275 0.00016375 0.0001646 0.000166 0.00012355 0.00013275 0.0001644 0.0001558 0.0001248 0.0001243 0.00016445 0.0001659 0.000164 0.00012525 0.00014175 0.00012695 0.0001497 0.00019775 0.00012255 0.00016395 0.0001272 0.00013245 0.000134 0.0001645 0.00020705 0.00014835
2 0.0001171 0.0001762 0.0001661 8.44e-05 0.0002104 0.00017815 8.48e-05 0.00021045 0.00021885 0.00015535 0.0002117 0.0002122 0.0001176 0.0002097 0.0001174 0.00011805 0.0001555 0.00021245 0.00011785 0.0002124 0.0002256 0.0001933 0.0001936 0.0002649 0.0001178 0.00015215 0.00016075 8.47e-05 0.00019255 8.48e-05 8.425e-05 0.00020995 0.0001519 0.00012755 0.000212 0.00021175 0.0001519 0.00011865 0.0001601 0.0002859 0.000192 0.0001784 0.00011755 0.0002123 0.00011765 0.00015505 0.0001737 0.00017785 8.44e-05 0.00011895 0.000121 0.0001725 0.0001276 8.475e-05 0.00017845 0.00020935 0.0001916 0.00015985 0.0002648 8.445e-05 0.0002862 0.0001764 0.00015185 8.445e-05 0.0001179 0.00011825 0.0002095 0.00011745 0.0001765 0.0001779 0.0001211 0.0001186 8.49e-05 0.0001182 0.0001231 0.0002665 0.00017855 0.0002098 0.0002157 0.00011785 0.00021155 0.00016055 0.00021015 0.00015155 0.0002701 0.0002102 0.00017805 0.00015195 0.00015205 0.00015465 0.0001181 0.0002116 8.5e-05 0.0001786 0.00021285 0.00017645 0.00011835 0.0002119 0.0002708 0.00019265
3 6.42e-05 0.0001223 8.44e-05 5e-07 0.0001664 0.00013115 3.725e-05 0.000183 0.0002008 0.00013145 0.0001853 0.0001864 6.455e-05 0.0002023 6.495e-05 8.065e-05 0.0001316 0.00018455 6.535e-05 0.00018675 0.0002098 0.00015675 0.0001573 0.00022015 0.00010255 0.00012825 0.00014275 1.135e-05 0.00015655 4.935e-05 4.12e-05 0.000186 0.0001274 8.875e-05 0.0001864 0.00018535 0.0001443 7.395e-05 0.00010295 0.0002855 0.00014815 0.0001395 0.0001023 0.00018665 6.475e-05 0.00013055 0.0001266 0.00012355 4.175e-05 6.525e-05 6.87e-05 0.00011985 7.98e-05 4.05e-05 0.00012285 0.0001848 0.000148 0.000133 0.00022005 2.1e-06 0.0002691 0.00010445 0.0001273 3.965e-05 6.565e-05 6.405e-05 0.0002021 6.45e-05 0.00012275 0.0001237 6.455e-05 6.49e-05 3.735e-05 6.39e-05 9.035e-05 0.00023995 0.00013565 0.00016595 0.0001712 9.05e-05 0.0001854 0.00014275 0.0001864 0.00012705 0.0002444 0.0001656 0.0001236 0.00012805 0.0001447 0.00012965 0.00010775 0.00021905 1.385e-05 0.00012315 0.0001889 0.0001609 0.0001037 0.0001855 0.00022505 0.00014765
4 0.00016545 0.00016655 0.0002104 0.0001664 0.0003263 0.00016675 0.0001669 0.0001801 0.000182 0.0001643 0.00016635 0.0001659 0.00016545 0.0001815 0.0001651 0.00018165 0.00016455 0.0001657 0.0001653 0.00016655 0.00016575 0.00016665 0.0001661 0.00016445 0.00016615 0.00016455 0.0001804 0.00016645 0.00016645 0.0001669 0.0001672 0.0001654 0.0001648 0.0001819 0.0001669 0.0001664 0.00018055 0.0001652 0.0001673 0.0001839 0.00016685 0.0001838 0.00016645 0.00016645 0.00016555 0.0001645 0.000167 0.0001671 0.0001669 0.0001661 0.0001655 0.0001658 0.00018245 0.0001674 0.00016735 0.000166 0.0001668 0.0001684 0.00016435 0.0001667 0.0001677 0.0001645 0.00016405 0.00016715 0.00016585 0.0001653 0.0001813 0.00016605 0.0001666 0.0001676 0.000167 0.00016555 0.000167 0.00016575 0.00016555 0.000167 0.00016715 0.0001644 0.0001662 0.0001662 0.00016605 0.0001814 0.00016545 0.0001639 0.0001672 0.0001639 0.0001674 0.0001638 0.0001809 0.00016435 0.0001826 0.0001987 0.00016665 0.0001673 0.000166 0.0001664 0.0001663 0.00016655 0.00016575 0.00016705
5 0.0001633 0.0001638 0.00017815 0.00013115 0.00016675 0.0002554 0.00013085 0.0001833 0.0002028 0.00019635 0.00016135 0.0001621 0.0001633 0.00021225 0.00016335 0.00018 0.0001965 0.0001797 0.00016375 0.0001629 0.0001942 0.00016385 0.00016425 0.00016655 0.00016635 0.0001963 0.0002028 0.0001307 0.0001613 0.0001335 0.00013485 0.000196 0.0001959 0.0001696 0.00016185 0.0001615 0.00021235 0.0001628 0.00013065 0.0001775 0.0001626 0.0001466 0.0001663 0.0001628 0.00016355 0.0001959 0.000129 0.0001302 0.000135 0.0001643 0.0001642 0.00016385 0.00017085 0.00013485 0.00012955 0.00019555 0.00016255 0.00013525 0.00016645 0.00013165 0.0001606 0.0001347 0.0001957 0.00013445 0.0001638 0.0001635 0.00021205 0.00016345 0.00016375 0.00013 0.0001478 0.00016395 0.00013095 0.0001634 0.00016285 0.0001617 0.0001323 0.0001667 0.0001618 0.00016375 0.0001618 0.00020255 0.00019615 0.00019555 0.0001625 0.0001664 0.0001298 0.0001961 0.0002127 0.00019535 0.00018075 0.0001951 0.00013405 0.00012975 0.0001959 0.00016635 0.00016705 0.00016165 0.0001335 0.0001626
6 7.435e-05 0.00013315 8.48e-05 3.725e-05 0.0001669 0.00013085 7.18e-05 0.00018385 0.0001923 0.00011485 0.0001683 0.00016865 7.435e-05 0.0001868 7.375e-05 9.12e-05 0.00011485 0.0001692 7.43e-05 0.00016815 0.00018585 0.0001496 0.00014995 0.00022195 7.74e-05 0.00011135 0.00013365 3.7e-05 0.00014825 3.985e-05 4.07e-05 0.00016985 0.0001114 9.6e-05 0.00016815 0.00016835 0.00012855 7.37e-05 0.00011205 0.0002595 0.0001492 0.00014805 7.785e-05 0.00016805 7.445e-05 0.00011485 0.0001259 0.000131 4.05e-05 7.48e-05 7.81e-05 0.00012935 9.7e-05 4.115e-05 0.0001314 0.00017005 0.00014915 0.00011645 0.00022185 3.77e-05 0.0002431 0.00012945 0.00011185 4.05e-05 7.535e-05 7.46e-05 0.0001866 7.45e-05 0.0001332 0.0001318 7.425e-05 7.465e-05 3.6e-05 7.45e-05 7.925e-05 0.0002235 0.000135 0.000167 0.00017235 7.355e-05 0.00016805 0.00013315 0.0001699 0.00011135 0.0002267 0.00016685 0.0001316 0.00011145 0.0001283 0.00011465 9.07e-05 0.00020165 4.14e-05 0.00013135 0.0001732 0.0001365 7.75e-05 0.0001685 0.0002237 0.00014925
7 0.0001821 0.000183 0.00021045 0.000183 0.0001801 0.0001833 0.00018385 0.0003583 0.00018135 0.0001817 0.0001829 0.00018305 0.00018215 0.00018085 0.00018205 0.00018115 0.00018185 0.00018215 0.00018235 0.00018375 0.0001823 0.0001835 0.0001833 0.0001807 0.00018285 0.00018185 0.00018055 0.00018335 0.00018325 0.00018385 0.000184 0.00018215 0.00018175 0.0001817 0.0001834 0.00018295 0.00018005 0.0001825 0.0001841 0.00018345 0.00018335 0.00018345 0.0001832 0.00018365 0.00018235 0.00018155 0.0001839 0.000184 0.00018395 0.000183 0.0001825 0.00018275 0.00018195 0.0001842 0.00018385 0.0001824 0.0001833 0.00018515 0.0001806 0.0001833 0.0001841 0.0001811 0.00018075 0.0001838 0.0001823 0.0001819 0.00018065 0.0001826 0.00018305 0.0001841 0.00018365 0.0001824 0.00018395 0.0001824 0.0001826 0.00018345 0.00018395 0.00018085 0.00018255 0.0001829 0.000183 0.0001809 0.00018225 0.0001812 0.00018395 0.00018025 0.0001839 0.00018145 0.00018065 0.0001811 0.0001822 0.00018125 0.00018325 0.00018385 0.00018265 0.000183 0.00018325 0.0001831 0.00018235 0.00018355
8 0.0001554 0.00015535 0.00021885 0.0002008 0.000182 0.0002028 0.0001923 0.00018135 0.0002171 0.0001109 0.00015875 0.00015915 0.00015555 0.00010855 0.0001555 0.00015475 0.00011105 0.00014465 0.0001557 0.00016015 0.00013555 0.0001732 0.0001729 0.00018175 0.00014655 0.00011115 0.00010935 0.00020025 0.0001801 0.00019125 0.0001924 0.0001099 0.0001108 0.00015395 0.0001593 0.0001589 0.00010935 0.00015515 0.00021725 0.00018425 0.0001811 0.0002043 0.00014695 0.00016005 0.00015565 0.0001104 0.0002035 0.00020465 0.0001924 0.00015655 0.00015595 0.0001555 0.0001551 0.0001925 0.0002043 0.0001098 0.00018105 0.0002096 0.00018165 0.0002011 0.0001845 0.0002275 0.00010965 0.0001921 0.00015495 0.0001553 0.00010855 0.000156 0.00015505 0.00020455 0.00019 0.0001558 0.0001924 0.0001556 0.0001362 0.0001587 0.0002035 0.0001827 0.00015345 0.00014765 0.00015915 0.0001095 0.00011035 0.00011005 0.0001588 0.0001819 0.00020435 0.00011065 0.00011005 0.0001097 0.000147 0.00015785 0.00020005 0.00020445 0.0001106 0.0001456 0.0001473 0.00015895 0.00023145 0.0001813
9 6.945e-05 0.00012865 0.00015535 0.00013145 0.0001643 0.00019635 0.00011485 0.0001817 0.0001109 9e-06 0.0001429 0.000142 6.94e-05 8.245e-05 6.88e-05 8.555e-05 5.1e-06 0.0001169 6.885e-05 0.00014165 9.12e-05 0.0001452 0.00014455 0.00022085 4.98e-05 5e-06 5.065e-05 0.00012305 0.0001445 0.00010315 0.00011195 6.535e-05 6.55e-06 0.0001052 0.0001439 0.00014295 2.295e-05 5.925e-05 0.00019885 0.00024335 0.00015355 0.0002217 5.025e-05 0.00014155 6.94e-05 6.05e-06 0.00019145 0.00020445 0.00011135 6.9e-05 6.83e-05 0.00012415 0.0001143 0.00011205 0.00020505 6.725e-05 0.0001535 0.00018805 0.00022075 0.00013185 0.00022695 0.00022705 6.15e-06 0.00011195 6.99e-05 6.885e-05 8.225e-05 7.035e-05 0.0001287 0.0002054 0.0001206 6.885e-05 0.00011495 6.965e-05 4.91e-05 0.00019835 0.00019285 0.00016615 0.00015985 6.155e-05 0.0001422 5.255e-05 6.535e-05 6.2e-06 0.0002015 0.0001655 0.0002052 4.8e-06 2.265e-05 6.8e-06 7.79e-05 0.00017545 0.00012 0.00020495 6.685e-05 0.00010795 4.895e-05 0.0001431 0.0003007 0.00015365
10 0.0001632 0.0001643 0.0002117 0.0001853 0.00016635 0.00016135 0.0001683 0.0001829 0.00015875 0.0001429 0.0002807 0.0001416 0.00016335 0.00015865 0.0001633 0.00018025 0.0001431 0.0001431 0.0001633 0.00014265 0.0001408 0.00015645 0.0001569 0.0001664 0.0001456 0.0001431 0.0001587 0.00018485 0.00016215 0.00016725 0.0001685 0.00014265 0.0001422 0.0001795 0.0001416 0.0001407 0.00015865 0.00016335 0.0001773 0.0001575 0.00016325 0.00018 0.0001464 0.00014255 0.0001634 0.00014175 0.0001625 0.0001635 0.00016845 0.0001648 0.00016435 0.00016415 0.00018065 0.0001685 0.00016295 0.0001423 0.0001632 0.0001613 0.0001663 0.0001857 0.0001406 0.00018815 0.00014185 0.0001681 0.00016415 0.0001637 0.00015845 0.00016405 0.00016405 0.0001633 0.00016485 0.00016425 0.0001684 0.00016315 0.0001416 0.00014145 0.0001621 0.0001667 0.0001622 0.0001467 0.00014105 0.0001587 0.000143 0.0001414 0.00014205 0.0001655 0.0001631 0.00014265 0.0001593 0.00014095 0.000164 0.0001746 0.0001845 0.0001633 0.00014295 0.00014565 0.00014705 0.00014065 0.00016625 0.00016335
11 0.0001643 0.00016525 0.0002122 0.0001864 0.0001659 0.0001621 0.00016865 0.00018305 0.00015915 0.000142 0.0001416 0.0002817 0.0001643 0.00015905 0.00016395 0.0001807 0.00014225 0.0001443 0.00016415 0.0001422 0.0001417 0.00015695 0.00015635 0.00016705 0.00014675 0.00014225 0.0001579 0.0001854 0.0001625 0.0001676 0.00016895 0.00014275 0.0001425 0.0001795 0.000142 0.00014165 0.00015845 0.000163 0.00017765 0.000158 0.00016395 0.0001808 0.00014705 0.0001421 0.0001644 0.0001422 0.000163 0.0001639 0.00016865 0.00016495 0.00016435 0.0001645 0.0001811 0.00016915 0.00016375 0.00014335 0.0001639 0.0001616 0.00016695 0.0001867 0.0001412 0.0001884 0.00014175 0.0001689 0.00016445 0.00016415 0.00015885 0.0001649 0.0001651 0.0001639 0.0001661 0.0001644 0.00016875 0.0001646 0.00014205 0.0001421 0.00016245 0.00016715 0.00016305 0.00014785 0.0001416 0.00015885 0.0001428 0.00014155 0.0001425 0.00016665 0.0001638 0.00014145 0.0001588 0.00014205 0.0001644 0.00017475 0.0001856 0.00016395 0.00014335 0.00014665 0.0001469 0.0001418 0.00016645 0.00016415
12 6.405e-05 0.00012335 0.0001176 6.455e-05 0.00016545 0.0001633 7.435e-05 0.00018215 0.00015555 6.94e-05 0.00016335 0.0001643 0.0001272 0.0001405 6.435e-05 8.17e-05 6.96e-05 0.0001484 6.48e-05 0.0001648 0.00014805 0.00014905 0.0001495 0.00022005 7.375e-05 6.645e-05 9.715e-05 6.49e-05 0.0001489 7.45e-05 7.39e-05 0.00012435 6.555e-05 9.725e-05 0.00016445 0.0001634 8.22e-05 6.6e-05 0.00014925 0.0002639 0.0001481 0.0001803 7.39e-05 0.0001647 6.43e-05 6.845e-05 0.0001587 0.00016305 7.435e-05 6.615e-05 6.855e-05 0.00012 9.71e-05 7.445e-05 0.00016365 0.00012345 0.00014835 0.0001585 0.00021995 6.445e-05 0.0002475 0.00016515 6.525e-05 7.4e-05 6.575e-05 6.505e-05 0.0001403 6.425e-05 0.00012375 0.0001637 8.97e-05 6.56e-05 7.445e-05 6.47e-05 6.815e-05 0.0002187 0.00016405 0.00016505 0.00016335 7.365e-05 0.0001632 9.73e-05 0.00012465 6.495e-05 0.00022255 0.0001648 0.0001632 6.6e-05 8.28e-05 6.77e-05 9.095e-05 0.00019705 6.51e-05 0.00016375 0.00012735 0.00013215 7.5e-05 0.00016355 0.00026415 0.0001488
13 0.00014035 0.0001403 0.0002097 0.0002023 0.0001815 0.00021225 0.0001868 0.00018085 0.00010855 8.245e-05 0.00015865 0.00015905 0.0001405 0.0001539 0.00014045 0.0001397 8.26e-05 0.0001296 0.00014065 0.00016005 0.00010395 0.00015815 0.00015785 0.00018125 0.00012085 7.955e-05 0.00010925 0.00019475 0.00015805 0.0001751 0.00018325 7.83e-05 7.92e-05 0.0001634 0.0001592 0.0001588 7.775e-05 0.0001331 0.00021175 0.00018415 0.00016605 0.00022075 0.00012125 0.00015995 0.0001406 8.195e-05 0.00021295 0.0002211 0.00018325 0.0001415 0.00014405 0.00014045 0.00017155 0.00018335 0.00022075 7.82e-05 0.000166 0.00020045 0.00018115 0.0002026 0.0001844 0.00024355 7.805e-05 0.00018295 0.0001399 0.00014025 7.695e-05 0.00014095 0.00014 0.000221 0.0001915 0.00014075 0.0001869 0.00014055 0.00012155 0.0001586 0.0002093 0.0001822 0.0001314 0.0001326 0.00015905 0.0001094 7.875e-05 7.845e-05 0.0001587 0.0001814 0.0002208 7.905e-05 7.845e-05 8.125e-05 0.00013195 0.00015775 0.0001909 0.00022085 8.215e-05 0.0001199 0.0001216 0.00015885 0.00026245 0.00016625
14 6.41e-05 0.00012385 0.0001174 6.495e-05 0.0001651 0.00016335 7.375e-05 0.00018205 0.0001555 6.88e-05 0.0001633 0.00016395 6.435e-05 0.00014045 0.0001272 8.185e-05 6.88e-05 0.00014845 6.445e-05 0.0001638 0.000148 0.0001487 0.0001491 0.0002202 7.37e-05 6.565e-05 9.68e-05 6.485e-05 0.0001483 7.39e-05 7.42e-05 0.00012385 6.505e-05 9.665e-05 0.00016435 0.00016335 8.21e-05 6.515e-05 0.00014865 0.0002638 0.00014855 0.0001804 7.395e-05 0.0001637 6.465e-05 6.815e-05 0.0001585 0.00016305 7.395e-05 6.58e-05 6.835e-05 0.00011985 9.72e-05 7.435e-05 0.00016375 0.00012385 0.0001484 0.00015815 0.0002201 6.51e-05 0.0002474 0.0001644 6.52e-05 7.415e-05 6.575e-05 6.52e-05 0.00014025 6.515e-05 0.0001239 0.00016375 9.02e-05 6.53e-05 7.385e-05 6.485e-05 6.785e-05 0.00021885 0.0001637 0.0001653 0.0001633 7.36e-05 0.00016285 9.72e-05 0.00012405 6.465e-05 0.00022205 0.00016475 0.00016365 6.54e-05 8.225e-05 6.77e-05 9.09e-05 0.00019695 6.535e-05 0.0001638 0.0001273 0.0001321 7.445e-05 0.0001635 0.0002636 0.0001489
15 8.15e-05 0.00014 0.00011805 8.065e-05 0.00018165 0.00018 9.12e-05 0.00018115 0.00015475 8.555e-05 0.00018025 0.0001807 8.17e-05 0.0001397 8.185e-05 0.0001609 8.57e-05 0.0001652 8.215e-05 0.0001813 0.0001651 0.00016595 0.0001659 0.0002364 9.09e-05 8.255e-05 9.61e-05 8.23e-05 0.00016555 9.14e-05 9.15e-05 0.0001407 8.215e-05 9.645e-05 0.0001813 0.0001803 8.11e-05 8.24e-05 0.0001659 0.0002637 0.0001655 0.00017995 9.11e-05 0.0001812 8.19e-05 8.51e-05 0.0001757 0.0001806 9.17e-05 8.235e-05 8.535e-05 0.000137 9.615e-05 9.12e-05 0.00018015 0.00014045 0.0001654 0.0001754 0.0002363 8.17e-05 0.00026415 0.00018205 8.13e-05 9.065e-05 8.23e-05 8.11e-05 0.0001395 8.205e-05 0.00014025 0.00018075 0.0001073 8.175e-05 9.13e-05 8.145e-05 8.48e-05 0.00023525 0.00018075 0.00018215 0.00017995 9.075e-05 0.00018035 9.67e-05 0.00014095 8.16e-05 0.00023935 0.0001815 0.0001806 8.215e-05 8.17e-05 8.445e-05 9.045e-05 0.0001794 8.165e-05 0.0001803 0.0001442 0.00014905 9.16e-05 0.00018045 0.00028075 0.0001653
16 6.965e-05 0.0001288 0.0001555 0.0001316 0.00016455 0.0001965 0.00011485 0.00018185 0.00011105 5.1e-06 0.0001431 0.00014225 6.96e-05 8.26e-05 6.88e-05 8.57e-05 9.7e-06 0.0001171 6.915e-05 0.0001414 9.14e-05 0.0001454 0.0001448 0.000221 5.005e-05 5.25e-06 5.09e-05 0.000123 0.00014445 0.00010315 0.00011215 6.51e-05 6.4e-06 0.00010515 0.0001441 0.00014315 2.315e-05 5.95e-05 0.0001988 0.0002435 0.0001537 0.00022185 5.04e-05 0.0001411 6.96e-05 6.25e-06 0.0001914 0.0002044 0.00011165 6.88e-05 6.855e-05 0.0001244 0.00011445 0.0001122 0.0002052 6.74e-05 0.00015365 0.0001882 0.0002209 0.000132 0.0002271 0.000227 6.4e-06 0.00011215 7.005e-05 6.905e-05 8.24e-05 7.05e-05 0.00012885 0.00020555 0.0001208 6.885e-05 0.00011495 6.985e-05 4.95e-05 0.0001985 0.0001929 0.0001663 0.00016 6.18e-05 0.0001425 5.275e-05 6.53e-05 6.5e-06 0.00020145 0.0001657 0.00020535 5.35e-06 2.245e-05 7.05e-06 7.81e-05 0.0001756 0.00012015 0.0002051 6.7e-05 0.0001082 4.875e-05 0.0001433 0.00030065 0.0001538
17 0.00014815 0.00014935 0.00021245 0.00018455 0.0001657 0.0001797 0.0001692 0.00018215 0.00014465 0.0001169 0.0001431 0.0001443 0.0001484 0.0001296 0.00014845 0.0001652 0.0001171 0.0002218 0.00014855 0.00014495 0.0001125 0.0001422 0.00014265 0.0001657 0.0001321 0.00011395 0.0001444 0.00018555 0.0001496 0.0001694 0.0001694 0.0001137 0.0001129 0.0001808 0.00014435 0.00014325 0.0001294 0.0001498 0.0001787 0.0001607 0.00014935 0.00019645 0.0001328 0.00014485 0.00014845 0.0001157 0.00017995 0.00018005 0.00016945 0.0001499 0.0001526 0.0001494 0.0001806 0.0001693 0.0001799 0.00011315 0.0001493 0.00016275 0.0001656 0.00018505 0.0001444 0.00020195 0.00011255 0.00016885 0.0001495 0.00014875 0.0001294 0.00014915 0.00014935 0.00018025 0.000148 0.00014935 0.0001693 0.0001482 0.0001286 0.0001441 0.00018045 0.00016595 0.00014945 0.00013195 0.0001433 0.00014445 0.0001142 0.0001122 0.00014455 0.0001648 0.00018005 0.0001135 0.00013005 0.00011465 0.00014905 0.0001767 0.00018515 0.0001801 0.0001173 0.0001324 0.0001336 0.0001433 0.00019705 0.00014945
18 6.46e-05 0.00012425 0.00011785 6.535e-05 0.0001653 0.00016375 7.43e-05 0.00018235 0.0001557 6.885e-05 0.0001633 0.00016415 6.48e-05 0.00014065 6.445e-05 8.215e-05 6.915e-05 0.00014855 0.0001274 0.0001645 0.0001484 0.0001489 0.0001493 0.0002206 7.365e-05 6.605e-05 9.69e-05 6.55e-05 0.0001489 7.445e-05 7.455e-05 0.0001243 6.54e-05 9.715e-05 0.0001647 0.00016355 8.225e-05 6.56e-05 0.00014925 0.0002642 0.000149 0.0001808 7.435e-05 0.0001644 6.475e-05 6.785e-05 0.00015915 0.00016365 7.365e-05 6.635e-05 6.86e-05 0.0001196 9.75e-05 7.475e-05 0.00016415 0.00012415 0.00014885 0.00015855 0.0002205 6.555e-05 0.0002478 0.0001652 6.53e-05 7.45e-05 6.62e-05 6.545e-05 0.00014045 6.56e-05 0.0001242 0.0001642 9.035e-05 6.575e-05 7.44e-05 6.485e-05 6.765e-05 0.00021925 0.0001642 0.0001657 0.0001636 7.355e-05 0.0001632 9.745e-05 0.0001246 6.445e-05 0.0002225 0.00016465 0.0001641 6.545e-05 8.27e-05 6.75e-05 9.105e-05 0.00019725 6.575e-05 0.0001642 0.0001277 0.00013215 7.495e-05 0.0001634 0.00026415 0.0001493
19 0.00016485 0.0001658 0.0002124 0.00018675 0.00016655 0.0001629 0.00016815 0.00018375 0.00016015 0.00014165 0.00014265 0.0001422 0.0001648 0.00016005 0.0001638 0.0001813 0.0001414 0.00014495 0.0001645 0.0002802 0.00014255 0.0001573 0.0001572 0.0001676 0.00014735 0.0001408 0.0001587 0.00018485 0.00016225 0.0001671 0.0001692 0.00014235 0.0001419 0.0001792 0.0001431 0.0001427 0.00015925 0.0001618 0.00017745 0.00015875 0.0001646 0.00018125 0.0001473 0.00014045 0.0001648 0.0001427 0.0001624 0.0001634 0.00016885 0.00016415 0.00016465 0.00016475 0.0001817 0.0001693 0.0001646 0.0001442 0.00016455 0.000162 0.0001675 0.00018705 0.00014235 0.00018815 0.00014255 0.0001693 0.00016515 0.0001647 0.00015985 0.00016535 0.00016585 0.00016485 0.00016655 0.0001643 0.00016825 0.00016515 0.00014245 0.00014305 0.0001628 0.00016755 0.0001642 0.00014845 0.00014215 0.0001596 0.0001421 0.00014235 0.0001422 0.0001673 0.00016465 0.0001414 0.00015825 0.00014285 0.00016505 0.00017545 0.00018595 0.0001646 0.00014395 0.00014755 0.00014615 0.00014285 0.00016585 0.0001648
20 0.0001479 0.00014915 0.0002256 0.0002098 0.00016575 0.0001942 0.00018585 0.0001823 0.00013555 9.12e-05 0.0001408 0.0001417 0.00014805 0.00010395 0.000148 0.0001651 9.14e-05 0.0001125 0.0001484 0.00014255 0.0001711 0.0001413 0.00014175 0.0001658 0.0001201 8.82e-05 0.0001354 0.00020235 0.0001398 0.00017415 0.0001824 8.79e-05 8.74e-05 0.00018885 0.0001417 0.00014085 0.00010385 0.00014115 0.0001948 0.00015725 0.0001479 0.00021965 0.00012065 0.00014245 0.0001484 9.035e-05 0.0001951 0.0002031 0.00018235 0.0001496 0.00015235 0.000149 0.000197 0.0001824 0.0002027 8.76e-05 0.00014785 0.0001752 0.0001657 0.0002102 0.00014055 0.0002272 8.705e-05 0.000182 0.000149 0.00014855 0.00010375 0.0001489 0.000149 0.00020305 0.0001739 0.0001491 0.00018595 0.00014825 0.0001273 0.00014155 0.0001912 0.0001661 0.00014005 0.00013185 0.00014095 0.0001354 8.815e-05 8.685e-05 0.0001421 0.00016515 0.00020285 8.78e-05 0.00010445 8.96e-05 0.000149 0.0001746 0.00019835 0.0002029 9.13e-05 0.00012005 0.00012125 0.000141 0.0002204 0.000148
21 0.00014905 0.00014955 0.0001933 0.00015675 0.00016665 0.00016385 0.0001496 0.0001835 0.0001732 0.0001452 0.00015645 0.00015695 0.00014905 0.00015815 0.0001487 0.00016595 0.0001454 0.0001422 0.0001489 0.0001573 0.0001413 0.00028 0.00014085 0.00016665 0.000142 0.000142 0.0001733 0.000157 0.00014895 0.00014975 0.00014995 0.00014165 0.0001418 0.00018085 0.00015715 0.0001565 0.0001586 0.00014925 0.0001485 0.00017335 0.00014935 0.0001812 0.00014225 0.0001572 0.000149 0.0001449 0.0001643 0.0001644 0.0001498 0.00015 0.0001529 0.00014905 0.0001813 0.00015005 0.00016435 0.00014195 0.0001493 0.0001414 0.00016655 0.00015715 0.00015675 0.00017405 0.00014195 0.0001499 0.0001493 0.0001494 0.00015795 0.00014975 0.0001493 0.0001647 0.00014955 0.00014965 0.0001497 0.0001492 0.0001421 0.00015675 0.00016425 0.0001671 0.00014885 0.0001419 0.00015645 0.0001735 0.00014145 0.0001414 0.00015675 0.00016645 0.0001645 0.0001418 0.00015875 0.00014455 0.0001591 0.00019005 0.0001571 0.0001643 0.0001447 0.00014125 0.0001426 0.00015665 0.00018205 0.00014945
22 0.0001495 0.00014985 0.0001936 0.0001573 0.0001661 0.00016425 0.00014995 0.0001833 0.0001729 0.00014455 0.0001569 0.00015635 0.0001495 0.00015785 0.0001491 0.0001659 0.0001448 0.00014265 0.0001493 0.0001572 0.00014175 0.00014085 0.0002805 0.0001668 0.00014245 0.00014165 0.0001723 0.0001574 0.00014935 0.0001501 0.00015025 0.0001415 0.00014195 0.00018075 0.0001573 0.00015695 0.00015795 0.00014925 0.00014885 0.00017365 0.0001497 0.0001816 0.0001426 0.0001571 0.0001495 0.0001448 0.00016465 0.00016465 0.00015 0.0001501 0.00015265 0.00014915 0.00018125 0.0001505 0.00016475 0.00014215 0.00014965 0.0001417 0.0001667 0.0001576 0.00015705 0.0001743 0.00014125 0.0001503 0.00014915 0.00014935 0.00015765 0.0001501 0.0001496 0.000165 0.00015015 0.00014955 0.00015005 0.0001498 0.0001421 0.0001569 0.00016465 0.0001673 0.0001491 0.00014235 0.00015675 0.0001732 0.0001413 0.000141 0.00015685 0.0001669 0.0001648 0.00014085 0.00015825 0.0001447 0.0001589 0.00018985 0.0001577 0.0001647 0.0001449 0.00014165 0.00014255 0.0001571 0.00018225 0.0001499
23 0.00021985 0.00016525 0.0002649 0.00022015 0.00016445 0.00016655 0.00022195 0.0001807 0.00018175 0.00022085 0.0001664 0.00016705 0.00022005 0.00018125 0.0002202 0.0002364 0.000221 0.0001657 0.0002206 0.0001676 0.0001658 0.00016665 0.0001668 0.0002172 0.000221 0.0002209 0.00023685 0.0002211 0.0001667 0.00022195 0.0002218 0.0001654 0.0002204 0.00023745 0.00016645 0.00016645 0.0002364 0.0002211 0.00016705 0.00012905 0.0001664 0.0001834 0.00022095 0.0001675 0.00022025 0.0002203 0.0001683 0.000167 0.0002221 0.00022125 0.00022075 0.00016515 0.00023735 0.00022195 0.00016695 0.0001648 0.0001663 0.00016805 0.0001086 0.0002207 0.00011285 0.00016485 0.00021985 0.0002214 0.00022025 0.0002201 0.00018105 0.00022015 0.0001655 0.0001671 0.00022145 0.00022075 0.00022205 0.00022025 0.00022135 0.0001111 0.00016725 0.00016435 0.0001292 0.00022105 0.0001665 0.00023625 0.00016565 0.00021995 0.000112 0.0001641 0.00016695 0.0002206 0.0002369 0.00021965 0.0002377 0.00019915 0.0002208 0.0001671 0.0001654 0.000166 0.0002218 0.0001666 0.0001114 0.00016665
24 7.36e-05 0.0001329 0.0001178 0.00010255 0.00016615 0.00016635 7.74e-05 0.00018285 0.00014655 4.98e-05 0.0001456 0.00014675 7.375e-05 0.00012085 7.37e-05 9.09e-05 5.005e-05 0.0001321 7.365e-05 0.00014735 0.0001201 0.000142 0.00014245 0.000221 8.82e-05 4.69e-05 8.82e-05 9.5e-05 0.0001412 6.55e-05 7.365e-05 0.00010475 4.6e-05 0.00010875 0.0001462 0.00014585 6.26e-05 6.685e-05 0.00016265 0.0002378 0.0001492 0.0001915 4.565e-05 0.00014725 7.38e-05 4.865e-05 0.00016205 0.0001748 7.355e-05 7.535e-05 7.79e-05 0.0001293 0.0001169 7.42e-05 0.00017485 0.00010425 0.00014915 0.00014205 0.0002209 0.00010285 0.0002214 0.0001946 4.57e-05 7.335e-05 7.51e-05 7.425e-05 0.00012065 7.435e-05 0.00013285 0.0001751 0.00010255 7.48e-05 7.75e-05 7.365e-05 5.66e-05 0.0002014 0.00016325 0.00016635 0.0001641 5.605e-05 0.00014585 8.765e-05 0.0001051 4.515e-05 0.000205 0.0001653 0.0001749 4.64e-05 6.325e-05 4.79e-05 7.35e-05 0.0001795 9.1e-05 0.00017495 0.00010805 0.00010335 4.56e-05 0.0001458 0.00026695 0.0001494
25 6.65e-05 0.00012555 0.00015215 0.00012825 0.00016455 0.0001963 0.00011135 0.00018185 0.00011115 5e-06 0.0001431 0.00014225 6.645e-05 7.955e-05 6.565e-05 8.255e-05 5.25e-06 0.00011395 6.605e-05 0.0001408 8.82e-05 0.000142 0.00014165 0.0002209 4.69e-05 1.4e-06 5.11e-05 0.0001195 0.0001409 9.965e-05 0.0001088 6.165e-05 3e-06 0.000105 0.000144 0.00014315 2.02e-05 5.54e-05 0.0001953 0.00024325 0.0001503 0.00022165 4.715e-05 0.0001407 6.645e-05 7.05e-06 0.00019105 0.0002042 0.00010835 6.52e-05 6.905e-05 0.0001212 0.00011445 0.00010885 0.000205 6.425e-05 0.00015025 0.00018485 0.0002208 0.00012865 0.00022685 0.0002268 3.45e-06 0.0001088 6.68e-05 6.59e-05 7.935e-05 6.725e-05 0.0001256 0.00020535 0.00011755 6.57e-05 0.00011145 6.67e-05 4.635e-05 0.0001984 0.0001927 0.0001662 0.00015675 5.865e-05 0.0001425 5.285e-05 6.165e-05 3.55e-06 0.00020135 0.0001657 0.00020515 1.6e-06 1.905e-05 7.3e-06 7.495e-05 0.0001756 0.0001168 0.0002049 6.715e-05 0.00010505 4.52e-05 0.0001433 0.0003036 0.0001504
26 9.715e-05 0.00015625 0.00016075 0.00014275 0.0001804 0.0002028 0.00013365 0.00018055 0.00010935 5.065e-05 0.0001587 0.0001579 9.715e-05 0.00010925 9.68e-05 9.61e-05 5.09e-05 0.0001444 9.69e-05 0.0001587 0.0001354 0.0001733 0.0001723 0.00023685 8.82e-05 5.11e-05 9.86e-05 0.0001418 0.00017975 0.0001326 0.0001341 0.0001102 5.15e-05 9.48e-05 0.00015975 0.00015875 4.99e-05 9.555e-05 0.0002175 0.0002424 0.00018135 0.00020425 8.88e-05 0.0001586 9.725e-05 5.1e-05 0.0001984 0.00020425 0.0001337 9.755e-05 9.685e-05 0.0001522 9.645e-05 0.0001342 0.00020445 0.00011125 0.0001813 0.00021015 0.00023675 0.00014315 0.00024285 0.00022695 5.015e-05 0.00013395 9.745e-05 9.65e-05 0.0001091 9.805e-05 0.0001563 0.0002048 0.00013185 9.675e-05 0.00013375 9.735e-05 7.68e-05 0.00021415 0.0002032 0.00018235 0.00019435 8.93e-05 0.0001584 5.115e-05 0.00011025 5.04e-05 0.0002176 0.0001815 0.0002046 5.015e-05 5.045e-05 5.09e-05 8.85e-05 0.0001572 0.00014195 0.00020445 0.00011125 0.00014625 8.82e-05 0.0001589 0.0002888 0.00018145
27 6.51e-05 0.0001238 8.47e-05 1.135e-05 0.00016645 0.0001307 3.7e-05 0.00018335 0.00020025 0.00012305 0.00018485 0.0001854 6.49e-05 0.00019475 6.485e-05 8.23e-05 0.000123 0.00018555 6.55e-05 0.00018485 0.00020235 0.000157 0.0001574 0.0002211 9.5e-05 0.0001195 0.0001418 2.12e-05 0.0001482 4.09e-05 4.11e-05 0.0001778 0.00011935 8.74e-05 0.00018555 0.0001849 0.00013665 6.515e-05 0.00010275 0.00028475 0.00014825 0.0001478 9.45e-05 0.00018475 6.505e-05 0.00012285 0.00012535 0.0001302 4.15e-05 6.595e-05 6.905e-05 0.00012035 8.815e-05 4.15e-05 0.00013115 0.00017745 0.0001486 0.00013305 0.000221 1.135e-05 0.00026835 0.0001121 0.0001198 4.125e-05 6.625e-05 6.57e-05 0.00019455 6.48e-05 0.0001242 0.0001313 7.33e-05 6.58e-05 3.71e-05 6.55e-05 8.965e-05 0.00023985 0.0001349 0.0001659 0.0001636 9.12e-05 0.00018465 0.00014195 0.000178 0.00011935 0.00024325 0.0001662 0.0001307 0.00011965 0.0001364 0.00012245 0.00010835 0.00021835 1.565e-05 0.00013125 0.000181 0.00015345 9.525e-05 0.00018505 0.0002318 0.00014895
28 0.0001489 0.00014955 0.00019255 0.00015655 0.00016645 0.0001613 0.00014825 0.00018325 0.0001801 0.0001445 0.00016215 0.0001625 0.0001489 0.00015805 0.0001483 0.00016555 0.00014445 0.0001496 0.0001489 0.00016225 0.0001398 0.00014895 0.00014935 0.0001667 0.0001412 0.0001409 0.00017975 0.0001482 0.0002776 0.00014025 0.00014935 0.00014115 0.000141 0.00017875 0.00016255 0.0001622 0.00015805 0.00014 0.000148 0.0001779 0.000148 0.000187 0.0001411 0.00016215 0.000149 0.00014455 0.0001616 0.00017005 0.0001492 0.0001492 0.00015265 0.00014915 0.0001879 0.0001493 0.00017005 0.00014155 0.00014795 0.0001495 0.0001666 0.00015705 0.0001612 0.00017385 0.00014145 0.0001491 0.00014935 0.00014905 0.00015785 0.00014915 0.0001494 0.0001705 0.00015745 0.0001491 0.00014835 0.000149 0.0001486 0.00016255 0.00016175 0.0001667 0.00014015 0.00014925 0.0001622 0.0001798 0.0001412 0.00014105 0.0001626 0.0001664 0.0001703 0.0001411 0.00015775 0.0001443 0.00016625 0.00019565 0.0001488 0.0001701 0.0001447 0.0001412 0.0001412 0.00016235 0.00018775 0.000148
29 7.45e-05 0.00013335 8.48e-05 4.935e-05 0.0001669 0.0001335 3.985e-05 0.00018385 0.00019125 0.00010315 0.00016725 0.0001676 7.45e-05 0.0001751 7.39e-05 9.14e-05 0.00010315 0.0001694 7.445e-05 0.0001671 0.00017415 0.00014975 0.0001501 0.00022195 6.55e-05 9.965e-05 0.0001326 4.09e-05 0.00014025 6.32e-05 4.065e-05 0.00015815 9.97e-05 9.87e-05 0.0001671 0.0001673 0.00011685 6.575e-05 0.0001159 0.00025845 0.00014935 0.0001589 6.615e-05 0.000167 7.46e-05 0.00010315 0.0001286 0.0001418 4.045e-05 7.5e-05 7.825e-05 0.0001295 0.00010785 4.115e-05 0.00014225 0.00015835 0.0001493 0.0001164 0.00022185 4.975e-05 0.00024205 0.0001413 0.00010015 4.05e-05 7.55e-05 7.48e-05 0.0001749 7.465e-05 0.0001334 0.0001426 8.63e-05 7.485e-05 3.995e-05 7.47e-05 7.82e-05 0.00022245 0.00013385 0.000167 0.00016435 7.375e-05 0.000167 0.0001321 0.0001582 9.965e-05 0.00022565 0.00016685 0.0001424 9.975e-05 0.0001166 0.00010295 9.09e-05 0.0002006 4.15e-05 0.0001422 0.0001615 0.0001247 6.56e-05 0.00016745 0.00023435 0.00014945
30 7.41e-05 0.00013295 8.425e-05 4.12e-05 0.0001672 0.00013485 4.07e-05 0.000184 0.0001924 0.00011195 0.0001685 0.00016895 7.39e-05 0.00018325 7.42e-05 9.15e-05 0.00011215 0.0001694 7.455e-05 0.0001692 0.0001824 0.00014995 0.00015025 0.0002218 7.365e-05 0.0001088 0.0001341 4.11e-05 0.00014935 4.065e-05 7.89e-05 0.0001668 0.0001086 0.00010095 0.00016805 0.00016855 0.0001252 7.53e-05 0.00011685 0.0002595 0.0001485 0.0001519 7.375e-05 0.0001691 7.37e-05 0.0001117 0.0001303 0.00013435 4.025e-05 7.565e-05 7.795e-05 0.00012925 0.000101 4.11e-05 0.00013525 0.000166 0.0001487 0.0001162 0.0002217 4.085e-05 0.0002431 0.00013335 0.00010845 4.035e-05 7.495e-05 7.49e-05 0.00018305 7.36e-05 0.00013335 0.000135 7.75e-05 7.53e-05 4.08e-05 7.49e-05 7.975e-05 0.00022335 0.00013535 0.00016605 0.00017265 7.375e-05 0.0001684 0.0001332 0.00016685 0.0001082 0.00022705 0.00016705 0.00013455 0.00010855 0.00012545 0.00011135 9.08e-05 0.0002018 4.165e-05 0.0001353 0.0001692 0.00013295 7.42e-05 0.0001687 0.00022775 0.00014945
31 0.00012425 0.0001243 0.00020995 0.000186 0.0001654 0.000196 0.00016985 0.00018215 0.0001099 6.535e-05 0.00014265 0.00014275 0.00012435 7.83e-05 0.00012385 0.0001407 6.51e-05 0.0001137 0.0001243 0.00014235 8.79e-05 0.00014165 0.0001415 0.0001654 0.00010475 6.165e-05 0.0001102 0.0001778 0.00014115 0.00015815 0.0001668 0.0001223 6.205e-05 0.0001638 0.00014315 0.0001428 7.895e-05 0.00011545 0.0001949 0.00018485 0.0001498 0.0002214 0.0001049 0.00014205 0.00012435 6.575e-05 0.000196 0.0002043 0.0001667 0.00012415 0.00012765 0.00012405 0.0001726 0.00016685 0.00020455 6.235e-05 0.00014975 0.000184 0.0001653 0.0001863 0.00016825 0.00022705 6.22e-05 0.00016665 0.00012395 0.0001242 7.82e-05 0.0001248 0.00012395 0.0002048 0.0001753 0.00012425 0.00016995 0.00012445 0.00010525 0.00014255 0.0001927 0.00016615 0.00011545 0.0001165 0.00014275 0.0001106 6.175e-05 6.225e-05 0.00014215 0.0001656 0.0002046 6.195e-05 7.84e-05 6.535e-05 0.00013295 0.00017575 0.0001746 0.0002046 6.6e-05 0.0001039 0.0001042 0.00014285 0.00024595 0.00015
32 6.545e-05 0.00012475 0.0001519 0.0001274 0.0001648 0.0001959 0.0001114 0.00018175 0.0001108 6.55e-06 0.0001422 0.0001425 6.555e-05 7.92e-05 6.505e-05 8.215e-05 6.4e-06 0.0001129 6.54e-05 0.0001419 8.74e-05 0.0001418 0.00014195 0.0002204 4.6e-05 3e-06 5.15e-05 0.00011935 0.000141 9.97e-05 0.0001086 6.205e-05 5.1e-06 0.0001052 0.00014365 0.0001422 2.025e-05 5.675e-05 0.00019535 0.00024305 0.0001499 0.0002211 4.665e-05 0.00014165 6.56e-05 6.65e-06 0.00019095 0.00020405 0.00010835 6.545e-05 6.91e-05 0.00012095 0.00011405 0.00010845 0.00020445 6.335e-05 0.00014985 0.0001848 0.0002203 0.0001279 0.00022665 0.0002268 3.35e-06 0.00010825 6.665e-05 6.55e-05 7.9e-05 6.655e-05 0.0001248 0.0002049 0.00011655 6.56e-05 0.0001115 6.55e-05 4.615e-05 0.0001979 0.00019255 0.0001659 0.00015615 5.775e-05 0.000142 5.265e-05 6.24e-05 3.15e-06 0.00020115 0.0001648 0.0002047 3.15e-06 1.975e-05 6.2e-06 7.47e-05 0.0001755 0.00011595 0.0002045 6.68e-05 0.0001041 4.585e-05 0.0001424 0.00030365 0.0001499
33 9.725e-05 0.00015605 0.00012755 8.875e-05 0.0001819 0.0001696 9.6e-05 0.0001817 0.00015395 0.0001052 0.0001795 0.0001795 9.725e-05 0.0001634 9.665e-05 9.645e-05 0.00010515 0.0001808 9.715e-05 0.0001792 0.00018885 0.00018085 0.00018075 0.00023745 0.00010875 0.000105 9.48e-05 8.74e-05 0.00017875 9.87e-05 0.00010095 0.0001638 0.0001052 0.0001698 0.00018045 0.00017955 0.00010465 9.505e-05 0.0001707 0.00026285 0.0001811 0.00017115 0.00010895 0.0001791 9.735e-05 0.00010535 0.0001647 0.00017115 0.0001007 9.735e-05 9.75e-05 0.00015235 8.725e-05 0.0001008 0.00017135 0.0001646 0.00018105 0.0001845 0.00023735 8.935e-05 0.0002633 0.0001737 0.000105 0.0001006 9.785e-05 9.69e-05 0.00016325 9.78e-05 0.0001561 0.0001719 0.00011465 9.695e-05 9.61e-05 9.725e-05 9.825e-05 0.00023485 0.0001737 0.00018285 0.00019405 0.00010615 0.0001793 9.575e-05 0.00016385 0.000105 0.0002381 0.0001822 0.0001717 0.00010495 0.0001046 0.00010515 0.0001058 0.00017845 9.165e-05 0.00017135 0.0001646 0.0001669 0.00010865 0.0001797 0.0002563 0.000181
34 0.0001644 0.0001648 0.000212 0.0001864 0.0001669 0.00016185 0.00016815 0.0001834 0.0001593 0.0001439 0.0001416 0.000142 0.00016445 0.0001592 0.00016435 0.0001813 0.0001441 0.00014435 0.0001647 0.0001431 0.0001417 0.00015715 0.0001573 0.00016645 0.0001462 0.000144 0.00015975 0.00018555 0.00016255 0.0001671 0.00016805 0.00014315 0.00014365 0.00018045 0.0002805 0.00014165 0.00015975 0.00016425 0.0001776 0.0001574 0.00016345 0.0001805 0.00014665 0.000143 0.00016465 0.0001435 0.00016305 0.00016375 0.00016805 0.0001658 0.00016515 0.0001644 0.0001817 0.00016885 0.00016345 0.0001427 0.0001634 0.00016095 0.00016635 0.0001865 0.0001406 0.00018825 0.00014315 0.00016805 0.0001644 0.0001648 0.000159 0.0001645 0.00016465 0.00016325 0.0001662 0.0001653 0.00016825 0.0001649 0.00014335 0.00014145 0.00016245 0.00016685 0.0001625 0.0001473 0.00014195 0.0001582 0.00014325 0.00014315 0.0001421 0.0001667 0.0001633 0.00014365 0.00016025 0.00014305 0.00016415 0.00017505 0.0001856 0.0001637 0.00014295 0.00014635 0.0001469 0.0001418 0.00016625 0.00016385
35 0.00016325 0.00016435 0.00021175 0.00018535 0.0001664 0.0001615 0.00016835 0.00018295 0.0001589 0.00014295 0.0001407 0.00014165 0.0001634 0.0001588 0.00016335 0.0001803 0.00014315 0.00014325 0.00016355 0.0001427 0.00014085 0.0001565 0.00015695 0.00016645 0.00014585 0.00014315 0.00015875 0.0001849 0.0001622 0.0001673 0.00016855 0.0001428 0.0001422 0.00017955 0.00014165 0.0002808 0.0001587 0.0001634 0.00017735 0.00015755 0.0001633 0.00018005 0.00014645 0.0001426 0.00016355 0.000142 0.00016255 0.00016355 0.0001685 0.00016485 0.0001644 0.0001642 0.0001807 0.00016855 0.000163 0.00014245 0.00016325 0.00016135 0.00016635 0.00018575 0.00014075 0.0001882 0.0001419 0.00016815 0.0001642 0.00016375 0.0001586 0.0001641 0.0001642 0.00016335 0.000165 0.0001643 0.00016845 0.0001634 0.00014185 0.0001413 0.00016215 0.00016675 0.00016235 0.00014695 0.0001411 0.00015875 0.00014305 0.00014165 0.0001422 0.00016575 0.00016315 0.0001427 0.00015935 0.0001412 0.00016415 0.00017465 0.00018455 0.00016335 0.000143 0.00014575 0.0001471 0.0001407 0.0001663 0.0001634
36 8.215e-05 0.00014125 0.0001519 0.0001443 0.00018055 0.00021235 0.00012855 0.00018005 0.00010935 2.295e-05 0.00015865 0.00015845 8.22e-05 7.775e-05 8.21e-05 8.11e-05 2.315e-05 0.0001294 8.225e-05 0.00015925 0.00010385 0.0001586 0.00015795 0.0002364 6.26e-05 2.02e-05 4.99e-05 0.00013665 0.00015805 0.00011685 0.0001252 7.895e-05 2.025e-05 0.00010465 0.00015975 0.0001587 3.55e-05 7.42e-05 0.00021235 0.00024235 0.00016635 0.00022075 6.335e-05 0.00015915 8.24e-05 2.295e-05 0.0002082 0.00022105 0.000125 8.285e-05 8.535e-05 0.00013755 0.000113 0.0001253 0.00022095 7.97e-05 0.0001663 0.0002013 0.0002363 0.0001447 0.0002428 0.00024335 1.81e-05 0.0001249 8.255e-05 8.105e-05 7.755e-05 8.305e-05 0.0001413 0.0002213 0.0001334 8.195e-05 0.00012865 8.235e-05 6.255e-05 0.0002141 0.00020935 0.00018205 0.00017235 7.435e-05 0.00015865 5.12e-05 7.905e-05 1.945e-05 0.00021785 0.00018105 0.0002211 1.955e-05 1.915e-05 2.255e-05 7.36e-05 0.0001572 0.00013285 0.00022075 8.31e-05 0.00012065 6.29e-05 0.00015885 0.00032015 0.00016645
