 slim_337560175 slim_337560326 slim_337560477 slim_337560424 slim_337560463 slim_337560410 slim_337560440 slim_337560443 slim_337560502 slim_337560301 slim_337560216 slim_337560473 slim_337560480 slim_337560381 slim_337560411 slim_337560149 slim_337560481 slim_337560397 slim_337560429 slim_337560419 slim_337560512 slim_337560045 slim_337560464 slim_337560457 slim_337560453 slim_337560415 slim_337560469 slim_337560460 slim_337560459 slim_337560407 slim_337560498 slim_337560509 slim_337560395 slim_337560346 slim_337560265 slim_337560497 slim_337560499 slim_337560372 slim_337560351 slim_337560213 slim_337560296 slim_337560449 slim_337560478 slim_337560315 slim_337560336 slim_337560162 slim_337560483 slim_337560507 slim_337560505 slim_337560503 slim_337560496 slim_337560446 slim_337560325 slim_337560432 slim_337560163 slim_337560313 slim_337560471 slim_337560501 slim_337560331 slim_337560303 slim_337560447 slim_337560378 slim_337560458 slim_337560472 slim_337560240 slim_337560445 slim_337560474 slim_337560437 slim_337560427 slim_337560513 slim_337560491 slim_337560168 slim_337560354 slim_337560266 slim_337560444 slim_337560404 slim_337560466 slim_337560482 slim_337560454 slim_337560510 slim_337560170 slim_337560277 slim_337560467 slim_337560370 slim_337560310 slim_337560475 slim_337560500 slim_337560456 slim_337560461 slim_337560298 slim_337560433 slim_337560442 slim_337560476 slim_337560515 slim_337560408 slim_337560487 slim_337560416 slim_337560485 slim_337560490 slim_337560508
0 3.48e-05 1.99e-05 5.735e-05 2.015e-05 1.99e-05 1.935e-05 2.63e-05 2.25e-05 2.21e-05 2.37e-05 1.995e-05 2.31e-05 1.87e-05 1.865e-05 1.98e-05 5.59e-05 1.995e-05 2.32e-05 9.345e-05 2.085e-05 2.32e-05 9.37e-05 2.675e-05 2.145e-05 9.51e-05 1.97e-05 1.81e-05 2.205e-05 1.91e-05 5.78e-05 5.395e-05 2.125e-05 2.125e-05 5.78e-05 1.89e-05 2.125e-05 2.22e-05 1.94e-05 2.07e-05 5.29e-05 2.075e-05 2.06e-05 1.985e-05 2.58e-05 5.885e-05 2.385e-05 2.37e-05 2.015e-05 2.14e-05 2.27e-05 9.36e-05 2.07e-05 5.445e-05 2.12e-05 1.915e-05 5.57e-05 6.02e-05 1.925e-05 1.975e-05 2.115e-05 9.255e-05 5.7e-05 1.885e-05 6.08e-05 5.845e-05 5.57e-05 5.745e-05 1.975e-05 1.875e-05 2.11e-05 1.925e-05 2.07e-05 2.175e-05 5.85e-05 1.84e-05 1.93e-05 5.97e-05 5.6e-05 2.125e-05 2.745e-05 1.95e-05 6.22e-05 5.56e-05 5.955e-05 9.375e-05 1.92e-05 1.965e-05 1.99e-05 1.885e-05 5.715e-05 5.71e-05 2e-05 2.08e-05 1.9e-05 5.545e-05 5.48e-05 2.02e-05 2.05e-05 2.055e-05 5.59e-05
1 1.99e-05 8.6e-06 5.785e-05 6.65e-06 2.12e-05 5.8e-06 1.17e-05 8.6e-06 7.65e-06 7.1e-06 6.45e-06 9.15e-06 5.4e-06 5.25e-06 6.4e-06 4.215e-05 4.4e-06 8.45e-06 9.415e-05 5.1e-06 9.25e-06 9.395e-05 1.2e-05 5.75e-06 0.0001101 6.15e-06 4.85e-06 7.6e-06 2.07e-05 5.83e-05 4.02e-05 5.95e-06 2.05e-05 5.83e-05 5.4e-06 5.55e-06 2.31e-05 6.05e-06 7.3e-06 3.93e-05 5e-06 5.65e-06 6.15e-06 1.125e-05 5.9e-05 2.47e-05 7.1e-06 5.25e-06 5.7e-06 5.65e-06 9.385e-05 6.95e-06 5.54e-05 7.3e-06 5.8e-06 4.195e-05 6.005e-05 5.65e-06 2.15e-05 5.95e-06 9.245e-05 5.725e-05 5.55e-06 6.065e-05 5.9e-05 4.195e-05 5.84e-05 5.05e-06 5.6e-06 2.2e-05 5.9e-06 7e-06 8.1e-06 5.85e-05 2.05e-05 5.85e-06 6.055e-05 4.225e-05 5.55e-06 1.285e-05 6e-06 6.72e-05 4.185e-05 5.955e-05 9.4e-05 3.61e-05 2.11e-05 6.55e-06 5.7e-06 5.785e-05 5.805e-05 6.2e-06 5.05e-06 5.65e-06 4.175e-05 4.065e-05 6.35e-06 2.175e-05 4.9e-06 5.68e-05
2 5.735e-05 5.785e-05 0.0001105 5.68e-05 5.8e-05 5.65e-05 5.915e-05 5.815e-05 5.855e-05 5.98e-05 5.66e-05 5.985e-05 5.645e-05 5.635e-05 5.755e-05 5.985e-05 5.79e-05 5.915e-05 6.07e-05 5.805e-05 5.995e-05 5.93e-05 6.025e-05 5.82e-05 5.675e-05 5.68e-05 5.63e-05 5.85e-05 5.775e-05 5.625e-05 5.885e-05 5.865e-05 5.93e-05 5.73e-05 5.635e-05 5.8e-05 5.975e-05 5.675e-05 5.785e-05 5.9e-05 5.795e-05 5.765e-05 5.695e-05 5.87e-05 5.75e-05 6.125e-05 5.98e-05 5.77e-05 5.815e-05 5.96e-05 5.92e-05 5.705e-05 6.045e-05 5.71e-05 5.64e-05 5.96e-05 5.88e-05 5.68e-05 5.76e-05 5.76e-05 5.96e-05 5.75e-05 5.67e-05 5.96e-05 5.72e-05 5.965e-05 5.74e-05 5.78e-05 5.695e-05 5.865e-05 5.66e-05 5.775e-05 5.77e-05 5.79e-05 5.745e-05 5.62e-05 5.805e-05 5.995e-05 5.8e-05 6.03e-05 5.625e-05 5.685e-05 5.96e-05 5.815e-05 5.93e-05 5.89e-05 5.76e-05 5.725e-05 5.705e-05 5.635e-05 5.71e-05 5.65e-05 5.8e-05 5.64e-05 5.975e-05 5.95e-05 5.8e-05 5.825e-05 5.765e-05 5.6e-05
3 2.015e-05 6.65e-06 5.68e-05 7e-07 2.14e-05 3.55e-06 1.09e-05 7.05e-06 8.2e-06 1.07e-05 2.7e-06 7e-06 4.45e-06 4.1e-06 5.45e-06 4.1e-05 6.7e-06 9.25e-06 9.31e-05 7e-06 7.1e-06 9.33e-05 1.22e-05 5.25e-06 0.0001091 2.45e-06 4.05e-06 8.15e-06 2.09e-05 5.735e-05 3.7e-05 7.3e-06 2.375e-05 5.77e-05 4.25e-06 5.05e-06 2.37e-05 2.5e-06 4.15e-06 3.84e-05 6.9e-06 3.85e-06 5.95e-06 1.055e-05 5.635e-05 2.39e-05 1.07e-05 5.55e-06 5.05e-06 9.8e-06 9.32e-05 5.55e-06 5.55e-05 4.35e-06 2.6e-06 4.085e-05 6e-05 4.5e-06 2.2e-05 4.7e-06 9.19e-05 5.65e-05 2.35e-06 5.975e-05 5.825e-05 4.08e-05 5.475e-05 5.75e-06 4.85e-06 2.225e-05 2.2e-06 6.25e-06 6.6e-06 5.855e-05 2.04e-05 4.55e-06 5.885e-05 4.11e-05 4.95e-06 1.24e-05 2.65e-06 6.635e-05 3.98e-05 5.9e-05 9.335e-05 3.735e-05 2.11e-05 3.6e-06 4.95e-06 5.74e-05 5.57e-05 5e-06 6.95e-06 3.4e-06 4.08e-05 3.945e-05 6.25e-06 1.94e-05 6.8e-06 5.405e-05
4 1.99e-05 2.12e-05 5.8e-05 2.14e-05 3.77e-05 2.015e-05 2.665e-05 2.365e-05 2.19e-05 2.34e-05 2.115e-05 2.355e-05 2.065e-05 1.92e-05 2.07e-05 5.675e-05 2.125e-05 2.295e-05 9.39e-05 2.1e-05 2.365e-05 9.42e-05 2.665e-05 2.21e-05 9.565e-05 2.045e-05 1.945e-05 2.185e-05 1.955e-05 5.86e-05 5.475e-05 2.175e-05 2.115e-05 5.865e-05 1.91e-05 2.19e-05 2.145e-05 2.06e-05 2.205e-05 5.44e-05 2.09e-05 2.12e-05 2.175e-05 2.605e-05 5.97e-05 2.325e-05 2.34e-05 2.11e-05 2.205e-05 2.24e-05 9.41e-05 2.22e-05 5.375e-05 2.245e-05 2.025e-05 5.665e-05 6.065e-05 1.95e-05 2.145e-05 2.195e-05 9.305e-05 5.77e-05 2.07e-05 6.11e-05 5.93e-05 5.655e-05 5.825e-05 2.1e-05 1.98e-05 2.025e-05 2.045e-05 2.13e-05 2.24e-05 5.83e-05 1.96e-05 2.005e-05 6.045e-05 5.685e-05 2.19e-05 2.79e-05 2.085e-05 6.305e-05 5.655e-05 5.99e-05 9.425e-05 1.935e-05 2.01e-05 2.095e-05 1.99e-05 5.785e-05 5.795e-05 2.055e-05 2.095e-05 2.025e-05 5.575e-05 5.51e-05 2.04e-05 2.01e-05 2.065e-05 5.67e-05
5 1.935e-05 5.8e-06 5.65e-05 3.55e-06 2.015e-05 3.6e-06 1.1e-05 6.95e-06 6.6e-06 1.01e-05 3.3e-06 6.15e-06 3.15e-06 2.05e-06 4.05e-06 4.055e-05 5.85e-06 8.6e-06 9.4e-05 5.45e-06 6.25e-06 9.425e-05 1.205e-05 6.4e-06 0.00011015 2.75e-06 2.65e-06 6.55e-06 1.97e-05 5.705e-05 3.85e-05 6.7e-06 2.31e-05 5.74e-05 2.15e-06 6.2e-06 2.335e-05 3.1e-06 5.45e-06 3.815e-05 5.35e-06 4.95e-06 4.9e-06 1.015e-05 5.83e-05 2.39e-05 1.01e-05 4.7e-06 6.35e-06 9.15e-06 9.415e-05 4.55e-06 5.54e-05 5.3e-06 2.9e-06 4.05e-05 6.06e-05 1.9e-06 2.13e-05 6e-06 9.275e-05 5.615e-05 3.2e-06 6.05e-05 5.835e-05 4.035e-05 5.67e-05 4.7e-06 3.45e-06 2.15e-05 2.95e-06 5.55e-06 6.05e-06 5.875e-05 1.89e-05 3e-06 6.015e-05 4.065e-05 6.2e-06 1.29e-05 1.9e-06 6.62e-05 3.975e-05 5.92e-05 9.43e-05 3.67e-05 1.99e-05 4.45e-06 3.55e-06 5.74e-05 5.58e-05 3.35e-06 5.4e-06 2.15e-06 4.035e-05 3.945e-05 4.85e-06 2.055e-05 5.7e-06 5.415e-05
6 2.63e-05 1.17e-05 5.915e-05 1.09e-05 2.665e-05 1.1e-05 1.63e-05 9.75e-06 1.22e-05 1.32e-05 1.125e-05 1.305e-05 1.14e-05 1.045e-05 1.19e-05 4.25e-05 1.175e-05 1.12e-05 9.11e-05 1.17e-05 1.315e-05 9.03e-05 1.065e-05 1.195e-05 0.00010815 1.08e-05 1.055e-05 1.215e-05 2.63e-05 5.94e-05 4.05e-05 1.085e-05 2.755e-05 5.875e-05 1.04e-05 1.175e-05 2.715e-05 1.08e-05 1.23e-05 4.075e-05 1.16e-05 1.135e-05 1.14e-05 8.7e-06 6.01e-05 2.905e-05 1.32e-05 1.155e-05 1.19e-05 1.295e-05 9.02e-05 1.18e-05 5.66e-05 1.145e-05 1.045e-05 4.24e-05 6.02e-05 1.07e-05 2.67e-05 1.195e-05 8.975e-05 6.065e-05 1.085e-05 5.95e-05 6.035e-05 4.23e-05 5.98e-05 1.155e-05 1.105e-05 2.545e-05 1.065e-05 1.075e-05 1.16e-05 6.04e-05 2.62e-05 1.11e-05 6.085e-05 4.26e-05 1.175e-05 9.9e-06 1.135e-05 6.76e-05 4.22e-05 5.785e-05 9.035e-05 4.225e-05 2.675e-05 1.14e-05 1.115e-05 5.935e-05 6e-05 1.035e-05 1.165e-05 1.095e-05 4.19e-05 3.935e-05 1.165e-05 2.685e-05 1.145e-05 5.935e-05
7 2.25e-05 8.6e-06 5.815e-05 7.05e-06 2.365e-05 6.95e-06 9.75e-06 1.08e-05 1.06e-05 1.29e-05 7.2e-06 9.65e-06 6.85e-06 6.45e-06 8.45e-06 4.055e-05 8.65e-06 1.135e-05 9.145e-05 9.15e-06 9.75e-06 9.17e-05 1.11e-05 9.4e-06 0.00010945 6.95e-06 6.15e-06 1.055e-05 2.325e-05 5.855e-05 3.8e-05 8.8e-06 2.585e-05 5.78e-05 6.55e-06 9.2e-06 2.625e-05 6.9e-06 9.05e-06 3.755e-05 9.05e-06 8e-06 8.3e-06 9.3e-06 5.94e-05 2.65e-05 1.29e-05 7.5e-06 9.35e-06 1.19e-05 9.16e-05 9.1e-06 5.48e-05 8.9e-06 6.6e-06 4.05e-05 6.14e-05 6.85e-06 2.475e-05 9.25e-06 9.005e-05 5.84e-05 6.5e-06 5.775e-05 5.98e-05 4.035e-05 5.805e-05 7.65e-06 7.45e-06 2.43e-05 6.75e-06 8.85e-06 8.65e-06 5.985e-05 2.295e-05 7.1e-06 5.99e-05 4.065e-05 9.2e-06 1.175e-05 7.1e-06 6.8e-05 4.025e-05 5.88e-05 9.175e-05 3.985e-05 2.355e-05 8.05e-06 7.55e-06 5.895e-05 5.805e-05 7.15e-06 9.1e-06 6.85e-06 4.015e-05 3.855e-05 8.45e-06 2.385e-05 8.9e-06 5.635e-05
8 2.21e-05 7.65e-06 5.855e-05 8.2e-06 2.19e-05 6.6e-06 1.22e-05 1.06e-05 1.09e-05 6.95e-06 8e-06 1e-05 7.6e-06 5.9e-06 6.95e-06 4.32e-05 7.7e-06 6.75e-06 9.455e-05 7e-06 1.005e-05 9.415e-05 1.1e-05 8.45e-06 0.0001102 6.9e-06 6.75e-06 5.45e-06 2.15e-05 5.9e-05 4.165e-05 8.2e-06 2.26e-05 5.9e-05 5.95e-06 8.25e-06 2.35e-05 7.45e-06 8.65e-06 4.135e-05 6.9e-06 7.8e-06 7.45e-06 1.19e-05 5.995e-05 2.57e-05 6.95e-06 7.85e-06 8.4e-06 7.5e-06 9.405e-05 7.85e-06 5.625e-05 8.05e-06 7.1e-06 4.31e-05 6.055e-05 5.55e-06 2.235e-05 8.35e-06 9.34e-05 5.865e-05 7.65e-06 6.21e-05 5.91e-05 4.3e-05 5.93e-05 7.8e-06 7.1e-06 2.25e-05 7.3e-06 7.95e-06 8.65e-06 5.695e-05 2.13e-05 7.3e-06 6.13e-05 4.33e-05 8.25e-06 1.325e-05 7.65e-06 6.74e-05 4.295e-05 6e-05 9.42e-05 3.71e-05 2.205e-05 8.15e-06 7.2e-06 5.865e-05 5.9e-05 7.5e-06 6.95e-06 7.1e-06 4.26e-05 4.175e-05 5.85e-06 2.265e-05 7.4e-06 5.82e-05
9 2.37e-05 7.1e-06 5.98e-05 1.07e-05 2.34e-05 1.01e-05 1.32e-05 1.29e-05 6.95e-06 8.1e-06 1.065e-05 1.3e-05 1.035e-05 9.7e-06 9.7e-06 4.475e-05 7.15e-06 6.9e-06 9.495e-05 7.05e-06 1.31e-05 9.405e-05 1.13e-05 7.65e-06 0.0001102 1.025e-05 9.95e-06 6.9e-06 2.3e-05 6.015e-05 4.33e-05 8.15e-06 2.03e-05 6.035e-05 9.75e-06 7.45e-06 2.335e-05 1.045e-05 1.04e-05 4.335e-05 6.95e-06 8.4e-06 9.5e-06 1.33e-05 6.055e-05 2.64e-05 4.2e-06 8.85e-06 7.6e-06 4.2e-06 9.395e-05 9.85e-06 5.655e-05 9.85e-06 1.015e-05 4.45e-05 6.005e-05 9.8e-06 2.3e-05 7.95e-06 9.335e-05 5.97e-05 1.04e-05 6.26e-05 5.99e-05 4.455e-05 6.08e-05 8.85e-06 9.9e-06 2.335e-05 1.03e-05 9.7e-06 1.105e-05 5.69e-05 2.355e-05 1.025e-05 6.18e-05 4.485e-05 7.45e-06 1.325e-05 1.045e-05 6.82e-05 4.45e-05 6.065e-05 9.41e-05 3.7e-05 2.32e-05 1.035e-05 1e-05 5.945e-05 6.065e-05 1.035e-05 7e-06 1.025e-05 4.445e-05 4.33e-05 7.95e-06 2.37e-05 7.05e-06 6.02e-05
10 1.995e-05 6.45e-06 5.66e-05 2.7e-06 2.115e-05 3.3e-06 1.125e-05 7.2e-06 8e-06 1.065e-05 4.7e-06 7.35e-06 3.55e-06 3.7e-06 5.35e-06 4.015e-05 6.5e-06 9.25e-06 9.375e-05 6.75e-06 7.45e-06 9.395e-05 1.245e-05 6.05e-06 0.0001097 3.4e-06 3.7e-06 7.95e-06 2.065e-05 5.67e-05 3.8e-05 7.3e-06 2.365e-05 5.785e-05 3.85e-06 5.85e-06 2.385e-05 3.15e-06 5.25e-06 3.85e-05 6.65e-06 4.9e-06 5.55e-06 1.07e-05 5.77e-05 2.44e-05 1.065e-05 4.8e-06 6.15e-06 9.7e-06 9.385e-05 5.25e-06 5.57e-05 4.95e-06 3.1e-06 4.04e-05 6.055e-05 4.1e-06 2.17e-05 5.65e-06 9.25e-05 5.585e-05 3.1e-06 6.035e-05 5.835e-05 4.01e-05 5.595e-05 4.95e-06 4.5e-06 2.22e-05 3.15e-06 6.25e-06 6.9e-06 5.885e-05 2.015e-05 3.6e-06 5.97e-05 4.04e-05 6e-06 1.295e-05 2.55e-06 6.595e-05 4.005e-05 5.935e-05 9.4e-05 3.725e-05 2.005e-05 4.45e-06 4.6e-06 5.76e-05 5.6e-05 3.8e-06 6.7e-06 3.15e-06 4.09e-05 3.97e-05 5.95e-06 2.05e-05 6.55e-06 5.43e-05
11 2.31e-05 9.15e-06 5.985e-05 7e-06 2.355e-05 6.15e-06 1.305e-05 9.65e-06 1e-05 1.3e-05 7.35e-06 1.11e-05 7.45e-06 5.85e-06 7.8e-06 4.355e-05 9.2e-06 1.15e-05 9.565e-05 8.65e-06 5.7e-06 9.595e-05 1.425e-05 9.5e-06 0.0001123 6.35e-06 6.5e-06 9.95e-06 2.315e-05 6.03e-05 4.09e-05 9.45e-06 2.6e-05 6e-05 5.9e-06 9.3e-06 2.625e-05 6.75e-06 9.05e-06 4.08e-05 8.6e-06 8.05e-06 8.9e-06 1.24e-05 6.065e-05 2.3e-05 1.3e-05 8.25e-06 9.45e-06 1.205e-05 9.585e-05 8.95e-06 5.76e-05 9.05e-06 6.55e-06 4.35e-05 6.26e-05 5.7e-06 2.51e-05 9.5e-06 9.405e-05 5.97e-05 6.9e-06 6.24e-05 6.14e-05 4.335e-05 5.94e-05 8.2e-06 7.3e-06 2.44e-05 6.6e-06 8.85e-06 8.95e-06 6.13e-05 2.255e-05 7.2e-06 6.22e-05 4.365e-05 9.3e-06 1.495e-05 6.65e-06 6.955e-05 4.285e-05 6.125e-05 9.6e-05 4e-05 2.375e-05 8.1e-06 7.4e-06 6.035e-05 5.92e-05 7.25e-06 8.65e-06 6.5e-06 4.29e-05 4.15e-05 8.3e-06 2.38e-05 8.95e-06 5.76e-05
12 1.87e-05 5.4e-06 5.645e-05 4.45e-06 2.065e-05 3.15e-06 1.14e-05 6.85e-06 7.6e-06 1.035e-05 3.55e-06 7.45e-06 3.6e-06 3.05e-06 4.9e-06 4.04e-05 5.45e-06 9.1e-06 9.41e-05 6.3e-06 7.55e-06 9.435e-05 1.255e-05 6.9e-06 0.0001102 4e-06 2.5e-06 7.55e-06 2.01e-05 5.69e-05 3.905e-05 6.75e-06 2.33e-05 5.765e-05 3.25e-06 6.7e-06 2.375e-05 3.8e-06 5.85e-06 3.79e-05 6.2e-06 5.7e-06 4.3e-06 1.065e-05 5.87e-05 2.46e-05 1.035e-05 4.35e-06 6.85e-06 9.35e-06 9.425e-05 4.85e-06 5.58e-05 5.65e-06 3.6e-06 3.975e-05 6.085e-05 3.55e-06 2.1e-05 6.3e-06 9.3e-05 5.605e-05 3.15e-06 6.08e-05 5.83e-05 4.02e-05 5.72e-05 4.2e-06 3.65e-06 2.2e-05 3.65e-06 5.95e-06 6.9e-06 5.915e-05 1.95e-05 2.45e-06 6.025e-05 4.05e-05 6.7e-06 1.32e-05 2.8e-06 6.6e-05 4.03e-05 5.95e-05 9.44e-05 3.67e-05 1.985e-05 4.75e-06 3.75e-06 5.74e-05 5.635e-05 3.55e-06 6.25e-06 2.9e-06 4.07e-05 3.995e-05 5.5e-06 2.12e-05 6.05e-06 5.485e-05
13 1.865e-05 5.25e-06 5.635e-05 4.1e-06 1.92e-05 2.05e-06 1.045e-05 6.45e-06 5.9e-06 9.7e-06 3.7e-06 5.85e-06 3.05e-06 1.5e-06 3.35e-06 4.045e-05 5.3e-06 8.05e-06 9.36e-05 4.7e-06 5.95e-06 9.39e-05 1.155e-05 6.45e-06 0.00010995 2.5e-06 1.6e-06 5.85e-06 1.885e-05 5.7e-05 3.835e-05 6.15e-06 2.265e-05 5.66e-05 9e-07 6.25e-06 2.31e-05 2.75e-06 5.4e-06 3.755e-05 4.6e-06 4.9e-06 4.45e-06 9.5e-06 5.825e-05 2.39e-05 9.7e-06 4.45e-06 6.4e-06 8.7e-06 9.38e-05 4.95e-06 5.49e-05 5.45e-06 2.35e-06 4.05e-05 6.04e-05 9e-07 2.08e-05 6.25e-06 9.23e-05 5.61e-05 3.15e-06 5.995e-05 5.81e-05 4.025e-05 5.68e-05 4.25e-06 2.4e-06 2.09e-05 2.6e-06 4.75e-06 5.4e-06 5.835e-05 1.8e-05 2.5e-06 5.99e-05 4.055e-05 6.25e-06 1.27e-05 3.25e-06 6.63e-05 4.025e-05 5.865e-05 9.395e-05 3.61e-05 1.98e-05 4.15e-06 2.5e-06 5.685e-05 5.635e-05 3e-06 4.65e-06 2.25e-06 3.94e-05 3.88e-05 3.9e-06 2.06e-05 4.75e-06 5.465e-05
14 1.98e-05 6.4e-06 5.755e-05 5.45e-06 2.07e-05 4.05e-06 1.19e-05 8.45e-06 6.95e-06 9.7e-06 5.35e-06 7.8e-06 4.9e-06 3.35e-06 6.4e-06 4.16e-05 6.45e-06 8.7e-06 9.39e-05 6.05e-06 7.85e-06 9.41e-05 1.23e-05 7.25e-06 0.0001101 4.4e-06 4e-06 6.95e-06 2.02e-05 5.8e-05 3.945e-05 7.2e-06 2.29e-05 5.79e-05 3.5e-06 7.05e-06 2.235e-05 4.65e-06 4.4e-06 3.905e-05 5.95e-06 6.05e-06 6.1e-06 1.115e-05 5.86e-05 2.475e-05 9.7e-06 6.15e-06 7.2e-06 8.95e-06 9.4e-05 6.35e-06 5.55e-05 6.75e-06 4.3e-06 4.15e-05 5.955e-05 3.3e-06 2.155e-05 7.05e-06 9.28e-05 5.72e-05 4.85e-06 6.105e-05 5.885e-05 4.14e-05 5.76e-05 5.95e-06 4.45e-06 2.205e-05 4.5e-06 5.25e-06 5.3e-06 5.87e-05 1.93e-05 4.7e-06 5.875e-05 4.17e-05 7.05e-06 1.225e-05 4.8e-06 6.695e-05 4.12e-05 5.975e-05 9.415e-05 3.635e-05 2.09e-05 5.3e-06 4.55e-06 5.77e-05 5.725e-05 5.2e-06 6e-06 4.25e-06 4.095e-05 4.03e-05 5.45e-06 2.14e-05 6.25e-06 5.59e-05
15 5.59e-05 4.215e-05 5.985e-05 4.1e-05 5.675e-05 4.055e-05 4.25e-05 4.055e-05 4.32e-05 4.475e-05 4.015e-05 4.355e-05 4.04e-05 4.045e-05 4.16e-05 7.85e-05 4.22e-05 4.395e-05 5.83e-05 4.235e-05 4.365e-05 5.945e-05 4.34e-05 4.26e-05 7.84e-05 4.09e-05 4.05e-05 4.315e-05 5.63e-05 5.955e-05 4.03e-05 4.26e-05 5.815e-05 5.95e-05 4.055e-05 4.24e-05 5.85e-05 4.085e-05 4.21e-05 4.04e-05 4.225e-05 4.155e-05 4.165e-05 4.205e-05 6.125e-05 5.95e-05 4.475e-05 4.115e-05 4.255e-05 4.435e-05 5.955e-05 4.175e-05 5.64e-05 4.19e-05 4.05e-05 3.97e-05 6.255e-05 4.08e-05 5.685e-05 4.23e-05 6.055e-05 5.855e-05 4.08e-05 5.94e-05 5.985e-05 3.945e-05 5.91e-05 4.12e-05 4.1e-05 5.735e-05 4.07e-05 4.205e-05 4.18e-05 6.16e-05 5.6e-05 4.035e-05 6.01e-05 3.955e-05 4.24e-05 4.37e-05 4.035e-05 6.66e-05 3.985e-05 6.05e-05 5.95e-05 7.2e-05 5.575e-05 4.15e-05 4.11e-05 6.05e-05 5.875e-05 4.025e-05 4.23e-05 4.045e-05 3.995e-05 4.105e-05 4.195e-05 5.69e-05 4.215e-05 5.91e-05
16 1.995e-05 4.4e-06 5.79e-05 6.7e-06 2.125e-05 5.85e-06 1.175e-05 8.65e-06 7.7e-06 7.15e-06 6.5e-06 9.2e-06 5.45e-06 5.3e-06 6.45e-06 4.22e-05 8.7e-06 8.5e-06 9.42e-05 5.15e-06 9.3e-06 9.4e-05 1.205e-05 5.8e-06 0.00011015 6.2e-06 4.9e-06 7.65e-06 2.075e-05 5.835e-05 4.025e-05 6e-06 2.055e-05 5.835e-05 5.45e-06 5.6e-06 2.315e-05 6.1e-06 7.35e-06 3.935e-05 5.05e-06 5.7e-06 6.2e-06 1.13e-05 5.905e-05 2.475e-05 7.15e-06 5.3e-06 5.65e-06 5.7e-06 9.39e-05 7e-06 5.545e-05 7.35e-06 5.85e-06 4.2e-05 6.01e-05 5.7e-06 2.155e-05 6e-06 9.25e-05 5.735e-05 5.6e-06 6.075e-05 5.905e-05 4.2e-05 5.845e-05 5.1e-06 5.65e-06 2.205e-05 5.95e-06 7.05e-06 8.15e-06 5.855e-05 2.055e-05 5.9e-06 6.06e-05 4.23e-05 5.6e-06 1.29e-05 6.05e-06 6.725e-05 4.19e-05 5.96e-05 9.405e-05 3.615e-05 2.115e-05 6.6e-06 5.75e-06 5.79e-05 5.81e-05 6.25e-06 5.1e-06 5.7e-06 4.18e-05 4.07e-05 6.4e-06 2.18e-05 4.95e-06 5.685e-05
17 2.32e-05 8.45e-06 5.915e-05 9.25e-06 2.295e-05 8.6e-06 1.12e-05 1.135e-05 6.75e-06 6.9e-06 9.25e-06 1.15e-05 9.1e-06 8.05e-06 8.7e-06 4.395e-05 8.5e-06 1.06e-05 9.44e-05 8.3e-06 1.16e-05 9.405e-05 1.105e-05 9e-06 0.00010995 8.7e-06 8.3e-06 6.7e-06 2.26e-05 5.96e-05 4.22e-05 7e-06 2.285e-05 5.99e-05 8e-06 8.8e-06 2.25e-05 8.85e-06 9.6e-06 4.215e-05 8.2e-06 8.4e-06 8.95e-06 1.19e-05 6.06e-05 2.62e-05 6.85e-06 8.6e-06 8.95e-06 7.45e-06 9.395e-05 9.35e-06 5.655e-05 9.3e-06 8.5e-06 4.385e-05 5.94e-05 8.15e-06 2.34e-05 8.9e-06 9.355e-05 5.955e-05 8.9e-06 6.23e-05 5.97e-05 4.375e-05 5.965e-05 8.6e-06 8.8e-06 2.175e-05 8.7e-06 7.55e-06 9.85e-06 5.68e-05 2.295e-05 8.8e-06 6.105e-05 4.405e-05 8.8e-06 1.2e-05 9.1e-06 6.8e-05 4.37e-05 5.9e-05 9.41e-05 3.77e-05 2.3e-05 9.5e-06 8.9e-06 5.935e-05 5.955e-05 8.2e-06 8.25e-06 8.7e-06 4.34e-05 4.075e-05 6.75e-06 2.345e-05 8.2e-06 5.88e-05
18 9.345e-05 9.415e-05 6.07e-05 9.31e-05 9.39e-05 9.4e-05 9.11e-05 9.145e-05 9.455e-05 9.495e-05 9.375e-05 9.565e-05 9.41e-05 9.36e-05 9.39e-05 5.83e-05 9.42e-05 9.44e-05 4.43e-05 9.43e-05 9.575e-05 2.475e-05 9.2e-05 9.405e-05 2.495e-05 9.35e-05 9.355e-05 9.45e-05 9.36e-05 6.075e-05 5.995e-05 9.385e-05 9.425e-05 6.01e-05 9.355e-05 9.385e-05 9.415e-05 9.35e-05 9.385e-05 6.075e-05 9.42e-05 9.335e-05 9.41e-05 9.095e-05 6.135e-05 9.575e-05 9.495e-05 9.435e-05 9.4e-05 9.515e-05 2.485e-05 9.445e-05 6.085e-05 9.38e-05 9.32e-05 5.825e-05 6.16e-05 9.39e-05 9.365e-05 9.4e-05 2.84e-05 5.96e-05 9.34e-05 5.73e-05 5.86e-05 5.83e-05 5.765e-05 9.435e-05 9.38e-05 9.375e-05 9.335e-05 9.36e-05 9.23e-05 6.14e-05 9.35e-05 9.39e-05 5.695e-05 5.83e-05 9.385e-05 9.155e-05 9.415e-05 5.81e-05 5.82e-05 6.02e-05 2.48e-05 9.365e-05 9.385e-05 9.37e-05 9.39e-05 6.055e-05 5.815e-05 9.365e-05 9.425e-05 9.395e-05 5.785e-05 6.05e-05 9.425e-05 9.365e-05 9.4e-05 6.1e-05
19 2.085e-05 5.1e-06 5.805e-05 7e-06 2.1e-05 5.45e-06 1.17e-05 9.15e-06 7e-06 7.05e-06 6.75e-06 8.65e-06 6.3e-06 4.7e-06 6.05e-06 4.235e-05 5.15e-06 8.3e-06 9.43e-05 8.7e-06 8.8e-06 9.41e-05 1.185e-05 5.85e-06 0.0001103 5.75e-06 5.45e-06 6.95e-06 2.06e-05 5.85e-05 4.035e-05 6.2e-06 2.035e-05 5.835e-05 4.75e-06 5.65e-06 2.305e-05 6.2e-06 7.65e-06 4e-05 4.35e-06 5.65e-06 7e-06 1.115e-05 5.92e-05 2.47e-05 6.95e-06 5.75e-06 5.9e-06 5.45e-06 9.4e-05 7.45e-06 5.53e-05 7.65e-06 5.85e-06 4.225e-05 6.02e-05 4.5e-06 2.195e-05 6.25e-06 9.255e-05 5.745e-05 6.4e-06 6.075e-05 5.925e-05 4.215e-05 5.865e-05 5.7e-06 5.75e-06 2.18e-05 6.05e-06 7.1e-06 7.75e-06 5.845e-05 2.02e-05 6e-06 6.085e-05 4.245e-05 5.65e-06 1.3e-05 6.45e-06 6.745e-05 4.215e-05 5.955e-05 9.415e-05 3.625e-05 2.115e-05 6.85e-06 5.85e-06 5.81e-05 5.835e-05 6.15e-06 4.4e-06 5.85e-06 4.175e-05 4.06e-05 6.1e-06 2.18e-05 4.75e-06 5.705e-05
20 2.32e-05 9.25e-06 5.995e-05 7.1e-06 2.365e-05 6.25e-06 1.315e-05 9.75e-06 1.005e-05 1.31e-05 7.45e-06 5.7e-06 7.55e-06 5.95e-06 7.85e-06 4.365e-05 9.3e-06 1.16e-05 9.575e-05 8.8e-06 1.13e-05 9.605e-05 1.435e-05 9.6e-06 0.0001124 6.45e-06 6.6e-06 1.005e-05 2.325e-05 6.04e-05 4.1e-05 9.55e-06 2.61e-05 6.01e-05 6e-06 9.4e-06 2.635e-05 6.85e-06 9.15e-06 4.09e-05 8.7e-06 8.15e-06 9e-06 1.25e-05 6.075e-05 2.31e-05 1.31e-05 8.35e-06 9.55e-06 1.215e-05 9.595e-05 9.05e-06 5.77e-05 9.15e-06 6.65e-06 4.36e-05 6.27e-05 5.75e-06 2.52e-05 9.6e-06 9.415e-05 5.98e-05 7e-06 6.25e-05 6.15e-05 4.345e-05 5.95e-05 8.3e-06 7.4e-06 2.45e-05 6.7e-06 8.95e-06 9e-06 6.14e-05 2.26e-05 7.3e-06 6.23e-05 4.375e-05 9.4e-06 1.505e-05 6.75e-06 6.965e-05 4.295e-05 6.135e-05 9.61e-05 4.01e-05 2.385e-05 8.2e-06 7.5e-06 6.045e-05 5.93e-05 7.35e-06 8.75e-06 6.6e-06 4.3e-05 4.16e-05 8.4e-06 2.39e-05 9.05e-06 5.77e-05
21 9.37e-05 9.395e-05 5.93e-05 9.33e-05 9.42e-05 9.425e-05 9.03e-05 9.17e-05 9.415e-05 9.405e-05 9.395e-05 9.595e-05 9.435e-05 9.39e-05 9.41e-05 5.945e-05 9.4e-05 9.405e-05 2.475e-05 9.41e-05 9.605e-05 4.85e-05 9.115e-05 9.38e-05 2.495e-05 9.375e-05 9.39e-05 9.41e-05 9.385e-05 5.945e-05 6.025e-05 9.42e-05 9.4e-05 5.9e-05 9.39e-05 9.36e-05 9.435e-05 9.375e-05 9.39e-05 6.105e-05 9.4e-05 9.36e-05 9.365e-05 9.015e-05 6e-05 9.6e-05 9.405e-05 9.46e-05 9.375e-05 9.445e-05 2.435e-05 9.4e-05 6.11e-05 9.33e-05 9.345e-05 5.94e-05 6.035e-05 9.42e-05 9.315e-05 9.37e-05 2.72e-05 6.055e-05 9.37e-05 5.83e-05 5.87e-05 5.945e-05 5.92e-05 9.465e-05 9.405e-05 9.405e-05 9.36e-05 9.385e-05 9.25e-05 6.055e-05 9.375e-05 9.42e-05 5.77e-05 5.955e-05 9.36e-05 9.065e-05 9.435e-05 5.77e-05 5.935e-05 5.915e-05 2.435e-05 9.385e-05 9.405e-05 9.38e-05 9.415e-05 5.92e-05 5.97e-05 9.395e-05 9.405e-05 9.42e-05 5.91e-05 6.085e-05 9.455e-05 9.385e-05 9.385e-05 6.08e-05
22 2.675e-05 1.2e-05 6.025e-05 1.22e-05 2.665e-05 1.205e-05 1.065e-05 1.11e-05 1.1e-05 1.13e-05 1.245e-05 1.425e-05 1.255e-05 1.155e-05 1.23e-05 4.34e-05 1.205e-05 1.105e-05 9.2e-05 1.185e-05 1.435e-05 9.115e-05 1.93e-05 1.23e-05 0.00010915 1.19e-05 1.19e-05 1.095e-05 2.62e-05 6.045e-05 4.15e-05 1.18e-05 2.65e-05 5.975e-05 1.16e-05 1.21e-05 2.73e-05 1.21e-05 1.29e-05 4.17e-05 1.175e-05 1.165e-05 1.255e-05 1.075e-05 6.1e-05 2.905e-05 1.13e-05 1.215e-05 1.225e-05 1.145e-05 9.105e-05 1.295e-05 5.62e-05 1.265e-05 1.175e-05 4.33e-05 6.135e-05 1.16e-05 2.71e-05 1.23e-05 9.035e-05 6.13e-05 1.215e-05 6.035e-05 6.14e-05 4.32e-05 6.1e-05 1.215e-05 1.23e-05 2.645e-05 1.195e-05 1.23e-05 1.22e-05 5.925e-05 2.65e-05 1.24e-05 6.15e-05 4.35e-05 1.21e-05 1.155e-05 1.255e-05 6.865e-05 4.315e-05 5.995e-05 9.12e-05 4.135e-05 2.655e-05 1.265e-05 1.24e-05 6.045e-05 6.115e-05 1.22e-05 1.18e-05 1.22e-05 4.3e-05 4.145e-05 1.055e-05 2.675e-05 1.19e-05 6.045e-05
23 2.145e-05 5.75e-06 5.82e-05 5.25e-06 2.21e-05 6.4e-06 1.195e-05 9.4e-06 8.45e-06 7.65e-06 6.05e-06 9.5e-06 6.9e-06 6.45e-06 7.25e-06 4.26e-05 5.8e-06 9e-06 9.405e-05 5.85e-06 9.6e-06 9.38e-05 1.23e-05 9.8e-06 0.00010985 6e-06 6.5e-06 8.4e-06 2.165e-05 5.865e-05 3.96e-05 6.85e-06 2.1e-05 5.885e-05 6.55e-06 4.9e-06 2.345e-05 5.85e-06 7e-06 4.035e-05 5.75e-06 5.25e-06 7.65e-06 1.17e-05 5.83e-05 2.48e-05 7.55e-06 6.3e-06 5.3e-06 6.15e-06 9.37e-05 7.65e-06 5.57e-05 6.9e-06 5.85e-06 4.24e-05 6e-05 6.75e-06 2.245e-05 5.5e-06 9.235e-05 5.765e-05 5.8e-06 6.065e-05 5.93e-05 4.24e-05 5.745e-05 6.4e-06 6.85e-06 2.26e-05 5.85e-06 7.7e-06 8.5e-06 5.86e-05 2.155e-05 6.9e-06 6.025e-05 4.27e-05 5.05e-06 1.285e-05 6.1e-06 6.745e-05 4.19e-05 5.975e-05 9.385e-05 3.69e-05 2.185e-05 6.55e-06 6.95e-06 5.83e-05 5.8e-05 7.15e-06 5.8e-06 6.35e-06 4.235e-05 4.095e-05 7.35e-06 2.135e-05 5.7e-06 5.67e-05
24 9.51e-05 0.0001101 5.675e-05 0.0001091 9.565e-05 0.00011015 0.00010815 0.00010945 0.0001102 0.0001102 0.0001097 0.0001123 0.0001102 0.00010995 0.0001101 7.84e-05 0.00011015 0.00010995 2.495e-05 0.0001103 0.0001124 2.495e-05 0.00010915 0.00010985 6.5e-06 0.0001097 0.0001099 0.00011015 9.53e-05 5.72e-05 7.875e-05 0.0001103 9.56e-05 5.815e-05 0.00010995 0.00010965 9.565e-05 0.00010965 0.00010975 7.965e-05 0.0001102 0.0001097 0.0001096 0.000108 5.78e-05 9.775e-05 0.0001102 0.00011075 0.0001098 0.0001106 2.485e-05 0.0001098 6.515e-05 0.00010915 0.00010935 7.815e-05 5.81e-05 0.0001103 9.45e-05 0.00010945 2.77e-05 5.82e-05 0.00010955 5.785e-05 5.62e-05 7.82e-05 5.62e-05 0.0001108 0.00011 9.54e-05 0.0001095 0.0001097 0.00010845 5.81e-05 9.52e-05 0.00011005 5.515e-05 7.85e-05 0.00010965 0.00010845 0.00011005 4.82e-05 7.81e-05 5.82e-05 2.5e-05 8.07e-05 9.535e-05 0.00010965 0.0001101 5.67e-05 5.665e-05 0.0001097 0.00011025 0.00011005 7.82e-05 7.935e-05 0.0001106 9.52e-05 0.00011 5.82e-05
25 1.97e-05 6.15e-06 5.68e-05 2.45e-06 2.045e-05 2.75e-06 1.08e-05 6.95e-06 6.9e-06 1.025e-05 3.4e-06 6.35e-06 4e-06 2.5e-06 4.4e-06 4.09e-05 6.2e-06 8.7e-06 9.35e-05 5.75e-06 6.45e-06 9.375e-05 1.19e-05 6e-06 0.0001097 4.5e-06 3.15e-06 6.85e-06 2e-05 5.735e-05 3.785e-05 6.8e-06 2.325e-05 5.735e-05 2.6e-06 5.8e-06 2.345e-05 2.85e-06 4.9e-06 3.82e-05 5.65e-06 4.4e-06 5.45e-06 1.015e-05 5.735e-05 2.395e-05 1.025e-05 5.15e-06 5.8e-06 9.3e-06 9.365e-05 5.5e-06 5.525e-05 5.1e-06 2.7e-06 4.085e-05 6.035e-05 2.4e-06 2.165e-05 5.55e-06 9.225e-05 5.645e-05 3e-06 6e-05 5.835e-05 4.07e-05 5.595e-05 5.2e-06 3.9e-06 2.16e-05 2.7e-06 5.8e-06 6e-06 5.855e-05 1.92e-05 3.8e-06 5.96e-05 4.1e-05 5.8e-06 1.27e-05 3.15e-06 6.65e-05 4.02e-05 5.895e-05 9.38e-05 3.685e-05 2.055e-05 4e-06 4e-06 5.735e-05 5.62e-05 4.15e-06 5.7e-06 3.05e-06 4.035e-05 3.925e-05 5.15e-06 2.015e-05 6e-06 5.455e-05
26 1.81e-05 4.85e-06 5.63e-05 4.05e-06 1.945e-05 2.65e-06 1.055e-05 6.15e-06 6.75e-06 9.95e-06 3.7e-06 6.5e-06 2.5e-06 1.6e-06 4e-06 4.05e-05 4.9e-06 8.3e-06 9.355e-05 5.45e-06 6.6e-06 9.39e-05 1.19e-05 6.5e-06 0.0001099 3.15e-06 2.2e-06 6.7e-06 1.925e-05 5.7e-05 3.845e-05 5.95e-06 2.29e-05 5.685e-05 1.6e-06 6.3e-06 2.325e-05 2.95e-06 5.4e-06 3.715e-05 5.35e-06 5.1e-06 3.95e-06 9.7e-06 5.83e-05 2.41e-05 9.95e-06 4.2e-06 6.45e-06 8.95e-06 9.38e-05 4.8e-06 5.52e-05 5.4e-06 2.65e-06 4.045e-05 6.035e-05 2.25e-06 2.07e-05 6.25e-06 9.24e-05 5.62e-05 2.6e-06 6.01e-05 5.805e-05 4.03e-05 5.67e-05 3.9e-06 2.65e-06 2.12e-05 2.8e-06 4.85e-06 6.05e-06 5.855e-05 1.86e-05 2.45e-06 5.985e-05 4.06e-05 6.3e-06 1.265e-05 3.1e-06 6.625e-05 4.02e-05 5.875e-05 9.395e-05 3.625e-05 2e-05 4.2e-06 2.75e-06 5.685e-05 5.62e-05 3.2e-06 5.4e-06 2.4e-06 3.945e-05 3.895e-05 4.45e-06 2.08e-05 4.85e-06 5.46e-05
27 2.205e-05 7.6e-06 5.85e-05 8.15e-06 2.185e-05 6.55e-06 1.215e-05 1.055e-05 5.45e-06 6.9e-06 7.95e-06 9.95e-06 7.55e-06 5.85e-06 6.95e-06 4.315e-05 7.65e-06 6.7e-06 9.45e-05 6.95e-06 1.005e-05 9.41e-05 1.095e-05 8.4e-06 0.00011015 6.85e-06 6.7e-06 1.08e-05 2.145e-05 5.895e-05 4.16e-05 8.15e-06 2.255e-05 5.895e-05 5.9e-06 8.2e-06 2.345e-05 7.4e-06 8.6e-06 4.13e-05 6.85e-06 7.75e-06 7.4e-06 1.185e-05 5.99e-05 2.565e-05 6.9e-06 7.8e-06 8.35e-06 7.45e-06 9.4e-05 7.8e-06 5.62e-05 8e-06 7.05e-06 4.305e-05 6.05e-05 5.55e-06 2.23e-05 8.3e-06 9.335e-05 5.86e-05 7.6e-06 6.205e-05 5.905e-05 4.295e-05 5.925e-05 7.75e-06 7.05e-06 2.245e-05 7.25e-06 7.9e-06 8.65e-06 5.69e-05 2.13e-05 7.25e-06 6.125e-05 4.325e-05 8.2e-06 1.32e-05 7.6e-06 6.735e-05 4.29e-05 5.995e-05 9.415e-05 3.705e-05 2.2e-05 8.1e-06 7.15e-06 5.86e-05 5.895e-05 7.45e-06 6.9e-06 7.05e-06 4.255e-05 4.17e-05 5.8e-06 2.26e-05 7.35e-06 5.815e-05
28 1.91e-05 2.07e-05 5.775e-05 2.09e-05 1.955e-05 1.97e-05 2.63e-05 2.325e-05 2.15e-05 2.3e-05 2.065e-05 2.315e-05 2.01e-05 1.885e-05 2.02e-05 5.63e-05 2.075e-05 2.26e-05 9.36e-05 2.06e-05 2.325e-05 9.385e-05 2.62e-05 2.165e-05 9.53e-05 2e-05 1.925e-05 2.145e-05 3.69e-05 5.82e-05 5.43e-05 2.14e-05 2.045e-05 5.81e-05 1.9e-05 2.145e-05 2.175e-05 1.985e-05 2.15e-05 5.39e-05 2.05e-05 2.07e-05 2.12e-05 2.57e-05 5.925e-05 2.345e-05 2.3e-05 2.065e-05 2.16e-05 2.2e-05 9.375e-05 2.165e-05 5.395e-05 2.195e-05 1.945e-05 5.62e-05 6.035e-05 1.91e-05 2.07e-05 2.145e-05 9.265e-05 5.725e-05 2.02e-05 6.075e-05 5.89e-05 5.61e-05 5.79e-05 2.05e-05 1.925e-05 2.05e-05 1.985e-05 2.105e-05 2.19e-05 5.8e-05 1.89e-05 1.99e-05 6e-05 5.64e-05 2.145e-05 2.76e-05 2.035e-05 6.265e-05 5.61e-05 5.955e-05 9.39e-05 1.925e-05 1.935e-05 2.065e-05 1.935e-05 5.765e-05 5.76e-05 2.015e-05 2.055e-05 1.94e-05 5.57e-05 5.475e-05 1.98e-05 2.035e-05 2.055e-05 5.635e-05
29 5.78e-05 5.83e-05 5.625e-05 5.735e-05 5.86e-05 5.705e-05 5.94e-05 5.855e-05 5.9e-05 6.015e-05 5.67e-05 6.03e-05 5.69e-05 5.7e-05 5.8e-05 5.955e-05 5.835e-05 5.96e-05 6.075e-05 5.85e-05 6.04e-05 5.945e-05 6.045e-05 5.865e-05 5.72e-05 5.735e-05 5.7e-05 5.895e-05 5.82e-05 0.0001114 5.905e-05 5.915e-05 5.965e-05 5.745e-05 5.705e-05 5.845e-05 6.01e-05 5.73e-05 5.83e-05 5.92e-05 5.84e-05 5.815e-05 5.745e-05 5.895e-05 5.795e-05 6.16e-05 6.015e-05 5.78e-05 5.86e-05 5.995e-05 5.935e-05 5.75e-05 6.055e-05 5.76e-05 5.695e-05 5.96e-05 5.915e-05 5.735e-05 5.8e-05 5.82e-05 5.97e-05 5.75e-05 5.725e-05 5.985e-05 5.765e-05 5.935e-05 5.785e-05 5.785e-05 5.745e-05 5.91e-05 5.715e-05 5.83e-05 5.815e-05 5.84e-05 5.79e-05 5.68e-05 5.845e-05 5.965e-05 5.845e-05 6.045e-05 5.68e-05 5.7e-05 5.975e-05 5.83e-05 5.95e-05 5.925e-05 5.76e-05 5.775e-05 5.755e-05 5.67e-05 5.755e-05 5.66e-05 5.845e-05 5.695e-05 6.005e-05 5.97e-05 5.85e-05 5.87e-05 5.825e-05 5.66e-05
30 5.395e-05 4.02e-05 5.885e-05 3.7e-05 5.475e-05 3.85e-05 4.05e-05 3.8e-05 4.165e-05 4.33e-05 3.8e-05 4.09e-05 3.905e-05 3.835e-05 3.945e-05 4.03e-05 4.025e-05 4.22e-05 5.995e-05 4.035e-05 4.1e-05 6.025e-05 4.15e-05 3.96e-05 7.875e-05 3.785e-05 3.845e-05 4.16e-05 5.43e-05 5.905e-05 7.25e-05 4.02e-05 5.625e-05 5.835e-05 3.845e-05 3.94e-05 5.635e-05 3.775e-05 3.9e-05 3.76e-05 4.025e-05 3.84e-05 4.04e-05 4.025e-05 5.895e-05 5.695e-05 4.33e-05 3.95e-05 3.96e-05 4.245e-05 6.015e-05 4.05e-05 5.36e-05 3.96e-05 3.73e-05 4.025e-05 6.105e-05 3.87e-05 5.565e-05 3.95e-05 5.84e-05 5.89e-05 3.775e-05 5.85e-05 6.02e-05 4.01e-05 5.76e-05 3.96e-05 3.91e-05 5.515e-05 3.765e-05 3.98e-05 3.925e-05 5.98e-05 5.4e-05 3.895e-05 5.92e-05 4.04e-05 3.945e-05 4.175e-05 3.835e-05 6.795e-05 3.975e-05 5.915e-05 6.03e-05 7.01e-05 5.455e-05 3.865e-05 3.92e-05 5.935e-05 5.83e-05 3.895e-05 4.03e-05 3.84e-05 4e-05 3.8e-05 3.975e-05 5.395e-05 4.015e-05 5.68e-05
31 2.125e-05 5.95e-06 5.865e-05 7.3e-06 2.175e-05 6.7e-06 1.085e-05 8.8e-06 8.2e-06 8.15e-06 7.3e-06 9.45e-06 6.75e-06 6.15e-06 7.2e-06 4.26e-05 6e-06 7e-06 9.385e-05 6.2e-06 9.55e-06 9.42e-05 1.18e-05 6.85e-06 0.0001103 6.8e-06 5.95e-06 8.15e-06 2.14e-05 5.915e-05 4.02e-05 6.9e-06 2.145e-05 5.93e-05 6.1e-06 6.65e-06 2.18e-05 6.9e-06 8.2e-06 3.96e-05 6.1e-06 5.35e-06 8.2e-06 1.13e-05 6e-05 2.485e-05 8.1e-06 5.4e-06 6.85e-06 7.05e-06 9.41e-05 9.05e-06 5.515e-05 9e-06 6.6e-06 4.255e-05 5.925e-05 6.3e-06 2.35e-05 7.2e-06 9.26e-05 5.79e-05 6.5e-06 6.045e-05 6.02e-05 4.24e-05 5.85e-05 5.4e-06 7.25e-06 2.075e-05 6.75e-06 6.2e-06 8.35e-06 5.82e-05 2.145e-05 6.9e-06 6.03e-05 4.27e-05 6.65e-06 1.205e-05 7.15e-06 6.84e-05 4.235e-05 5.86e-05 9.425e-05 3.69e-05 2.18e-05 8.1e-06 7.35e-06 5.93e-05 5.84e-05 6.2e-06 6.15e-06 6.75e-06 4.205e-05 3.88e-05 6.1e-06 2.225e-05 6.05e-06 5.685e-05
32 2.125e-05 2.05e-05 5.93e-05 2.375e-05 2.115e-05 2.31e-05 2.755e-05 2.585e-05 2.26e-05 2.03e-05 2.365e-05 2.6e-05 2.33e-05 2.265e-05 2.29e-05 5.815e-05 2.055e-05 2.285e-05 9.425e-05 2.035e-05 2.61e-05 9.4e-05 2.65e-05 2.1e-05 9.56e-05 2.325e-05 2.29e-05 2.255e-05 2.045e-05 5.965e-05 5.625e-05 2.145e-05 3.58e-05 5.985e-05 2.27e-05 2.08e-05 2.165e-05 2.345e-05 2.37e-05 5.63e-05 2.025e-05 2.145e-05 2.37e-05 2.735e-05 6.015e-05 2.42e-05 2.02e-05 2.19e-05 2.105e-05 1.875e-05 9.39e-05 2.41e-05 5.43e-05 2.41e-05 2.315e-05 5.79e-05 6.01e-05 2.275e-05 2.18e-05 2.14e-05 9.285e-05 5.855e-05 2.34e-05 6.145e-05 6e-05 5.795e-05 5.97e-05 2.19e-05 2.275e-05 2.14e-05 2.33e-05 2.32e-05 2.425e-05 5.8e-05 2.11e-05 2.32e-05 6.09e-05 5.825e-05 2.08e-05 2.785e-05 2.35e-05 6.375e-05 5.795e-05 6.045e-05 9.405e-05 1.935e-05 2.065e-05 2.33e-05 2.285e-05 5.885e-05 5.955e-05 2.33e-05 2.03e-05 2.325e-05 5.785e-05 5.655e-05 2.205e-05 2.15e-05 2.035e-05 5.865e-05
33 5.78e-05 5.83e-05 5.73e-05 5.77e-05 5.865e-05 5.74e-05 5.875e-05 5.78e-05 5.9e-05 6.035e-05 5.785e-05 6e-05 5.765e-05 5.66e-05 5.79e-05 5.95e-05 5.835e-05 5.99e-05 6.01e-05 5.835e-05 6.01e-05 5.9e-05 5.975e-05 5.885e-05 5.815e-05 5.735e-05 5.685e-05 5.895e-05 5.81e-05 5.745e-05 5.835e-05 5.93e-05 5.985e-05 0.0001121 5.675e-05 5.865e-05 6.065e-05 5.72e-05 5.86e-05 5.83e-05 5.825e-05 5.825e-05 5.77e-05 5.82e-05 5.82e-05 6.165e-05 6.035e-05 5.855e-05 5.88e-05 6.015e-05 5.89e-05 5.805e-05 5.985e-05 5.805e-05 5.685e-05 5.935e-05 5.955e-05 5.7e-05 5.83e-05 5.875e-05 5.885e-05 5.85e-05 5.74e-05 5.895e-05 5.845e-05 5.93e-05 5.84e-05 5.84e-05 5.71e-05 5.94e-05 5.7e-05 5.845e-05 5.81e-05 5.91e-05 5.775e-05 5.745e-05 5.91e-05 5.96e-05 5.865e-05 6.005e-05 5.785e-05 5.85e-05 5.925e-05 5.735e-05 5.905e-05 5.945e-05 5.875e-05 5.79e-05 5.72e-05 5.735e-05 5.845e-05 5.76e-05 5.83e-05 5.72e-05 5.89e-05 5.895e-05 5.825e-05 5.905e-05 5.815e-05 5.765e-05
34 1.89e-05 5.4e-06 5.635e-05 4.25e-06 1.91e-05 2.15e-06 1.04e-05 6.55e-06 5.95e-06 9.75e-06 3.85e-06 5.9e-06 3.25e-06 9e-07 3.5e-06 4.055e-05 5.45e-06 8e-06 9.355e-05 4.75e-06 6e-06 9.39e-05 1.16e-05 6.55e-06 0.00010995 2.6e-06 1.6e-06 5.9e-06 1.9e-05 5.705e-05 3.845e-05 6.1e-06 2.27e-05 5.675e-05 1.6e-06 6.35e-06 2.305e-05 2.95e-06 5.6e-06 3.77e-05 4.65e-06 5e-06 4.65e-06 9.45e-06 5.835e-05 2.395e-05 9.75e-06 4.55e-06 6.5e-06 8.75e-06 9.38e-05 5.15e-06 5.495e-05 5.6e-06 2.55e-06 4.06e-05 6.035e-05 9.5e-07 2.1e-05 6.4e-06 9.235e-05 5.62e-05 3.3e-06 6e-05 5.815e-05 4.035e-05 5.68e-05 4.4e-06 2.65e-06 2.085e-05 2.8e-06 4.8e-06 5.55e-06 5.835e-05 1.815e-05 2.45e-06 6e-05 4.065e-05 6.35e-06 1.265e-05 3.4e-06 6.635e-05 4.035e-05 5.86e-05 9.395e-05 3.625e-05 1.99e-05 4.35e-06 2.75e-06 5.695e-05 5.635e-05 3e-06 4.7e-06 2.45e-06 3.93e-05 3.875e-05 4.05e-06 2.07e-05 4.65e-06 5.47e-05
35 2.125e-05 5.55e-06 5.8e-05 5.05e-06 2.19e-05 6.2e-06 1.175e-05 9.2e-06 8.25e-06 7.45e-06 5.85e-06 9.3e-06 6.7e-06 6.25e-06 7.05e-06 4.24e-05 5.6e-06 8.8e-06 9.385e-05 5.65e-06 9.4e-06 9.36e-05 1.21e-05 4.9e-06 0.00010965 5.8e-06 6.3e-06 8.2e-06 2.145e-05 5.845e-05 3.94e-05 6.65e-06 2.08e-05 5.865e-05 6.35e-06 9.4e-06 2.325e-05 5.65e-06 6.8e-06 4.015e-05 5.55e-06 5.05e-06 7.45e-06 1.15e-05 5.81e-05 2.46e-05 7.35e-06 6.1e-06 5.1e-06 5.95e-06 9.35e-05 7.45e-06 5.55e-05 6.7e-06 5.65e-06 4.22e-05 5.98e-05 6.55e-06 2.225e-05 5.3e-06 9.215e-05 5.745e-05 5.6e-06 6.045e-05 5.91e-05 4.22e-05 5.725e-05 6.2e-06 6.65e-06 2.24e-05 5.65e-06 7.5e-06 8.3e-06 5.84e-05 2.135e-05 6.7e-06 6.005e-05 4.25e-05 4.85e-06 1.265e-05 5.9e-06 6.725e-05 4.17e-05 5.955e-05 9.365e-05 3.67e-05 2.165e-05 6.35e-06 6.75e-06 5.81e-05 5.78e-05 6.95e-06 5.6e-06 6.15e-06 4.215e-05 4.075e-05 7.15e-06 2.115e-05 5.5e-06 5.65e-05
36 2.22e-05 2.31e-05 5.975e-05 2.37e-05 2.145e-05 2.335e-05 2.715e-05 2.625e-05 2.35e-05 2.335e-05 2.385e-05 2.625e-05 2.375e-05 2.31e-05 2.235e-05 5.85e-05 2.315e-05 2.25e-05 9.415e-05 2.305e-05 2.635e-05 9.435e-05 2.73e-05 2.345e-05 9.565e-05 2.345e-05 2.325e-05 2.345e-05 2.175e-05 6.01e-05 5.635e-05 2.18e-05 2.165e-05 6.065e-05 2.305e-05 2.325e-05 3.89e-05 2.365e-05 2.27e-05 5.66e-05 2.295e-05 2.29e-05 2.465e-05 2.755e-05 6.07e-05 2.44e-05 2.335e-05 2.345e-05 2.34e-05 2.26e-05 9.425e-05 2.485e-05 5.455e-05 2.48e-05 2.335e-05 5.825e-05 5.88e-05 2.32e-05 2.325e-05 2.335e-05 9.37e-05 5.95e-05 2.355e-05 6.235e-05 6.055e-05 5.83e-05 5.945e-05 2.345e-05 2.32e-05 2.055e-05 2.35e-05 2.135e-05 2.35e-05 5.845e-05 2.205e-05 2.355e-05 5.975e-05 5.86e-05 2.325e-05 2.635e-05 2.355e-05 6.42e-05 5.81e-05 6.005e-05 9.44e-05 2.02e-05 2.195e-05 2.33e-05 2.33e-05 5.93e-05 5.935e-05 2.315e-05 2.3e-05 2.35e-05 5.81e-05 5.565e-05 2.25e-05 2.165e-05 2.295e-05 5.845e-05
37 1.94e-05 6.05e-06 5.675e-05 2.5e-06 2.06e-05 3.1e-06 1.08e-05 6.9e-06 7.45e-06 1.045e-05 3.15e-06 6.75e-06 3.8e-06 2.75e-06 4.65e-06 4.085e-05 6.1e-06 8.85e-06 9.35e-05 6.2e-06 6.85e-06 9.375e-05 1.21e-05 5.85e-06 0.00010965 2.85e-06 2.95e-06 7.4e-06 1.985e-05 5.73e-05 3.775e-05 6.9e-06 2.345e-05 5.72e-05 2.95e-06 5.65e-06 2.365e-05 4.3e-06 4.9e-06 3.805e-05 6.1e-06 4.6e-06 5.25e-06 1.015e-05 5.75e-05 2.415e-05 1.045e-05 5.15e-06 5.95e-06 9.5e-06 9.365e-05 5.3e-06 5.545e-05 4.85e-06 2.3e-06 4.08e-05 6.035e-05 3.2e-06 2.145e-05 5.65e-06 9.225e-05 5.645e-05 2.7e-06 6.005e-05 5.83e-05 4.065e-05 5.575e-05 5.1e-06 3.45e-06 2.18e-05 2.5e-06 5.65e-06 6.25e-06 5.87e-05 1.945e-05 3.7e-06 5.945e-05 4.095e-05 5.8e-06 1.27e-05 3.05e-06 6.645e-05 4.015e-05 5.895e-05 9.38e-05 3.69e-05 2.065e-05 4e-06 3.35e-06 5.72e-05 5.615e-05 4.1e-06 6.15e-06 2.7e-06 4.03e-05 3.925e-05 5.2e-06 2.03e-05 6e-06 5.45e-05
38 2.07e-05 7.3e-06 5.785e-05 4.15e-06 2.205e-05 5.45e-06 1.23e-05 9.05e-06 8.65e-06 1.04e-05 5.25e-06 9.05e-06 5.85e-06 5.4e-06 4.4e-06 4.21e-05 7.35e-06 9.6e-06 9.385e-05 7.65e-06 9.15e-06 9.39e-05 1.29e-05 7e-06 0.00010975 4.9e-06 5.4e-06 8.6e-06 2.15e-05 5.83e-05 3.9e-05 8.2e-06 2.37e-05 5.86e-05 5.6e-06 6.8e-06 2.27e-05 4.9e-06 5.9e-06 3.975e-05 7.55e-06 5.95e-06 7e-06 1.185e-05 5.72e-05 2.525e-05 1.04e-05 7.05e-06 6.8e-06 9.7e-06 9.38e-05 6.9e-06 5.615e-05 6.5e-06 4.65e-06 4.19e-05 5.92e-05 5.9e-06 2.22e-05 6.45e-06 9.275e-05 5.765e-05 4.85e-06 6.12e-05 5.905e-05 4.19e-05 5.695e-05 7e-06 5.8e-06 2.31e-05 4.75e-06 5.85e-06 6.05e-06 5.905e-05 2.095e-05 5.9e-06 5.805e-05 4.22e-05 6.8e-06 1.195e-05 5.05e-06 6.705e-05 4.135e-05 6.015e-05 9.395e-05 3.72e-05 2.185e-05 4.6e-06 5.9e-06 5.8e-05 5.73e-05 6.5e-06 7.6e-06 5.2e-06 4.18e-05 4.095e-05 7e-06 2.135e-05 7.4e-06 5.6e-05
39 5.29e-05 3.93e-05 5.9e-05 3.84e-05 5.44e-05 3.815e-05 4.075e-05 3.755e-05 4.135e-05 4.335e-05 3.85e-05 4.08e-05 3.79e-05 3.755e-05 3.905e-05 4.04e-05 3.935e-05 4.215e-05 6.075e-05 4e-05 4.09e-05 6.105e-05 4.17e-05 4.035e-05 7.965e-05 3.82e-05 3.715e-05 4.13e-05 5.39e-05 5.92e-05 3.76e-05 3.96e-05 5.63e-05 5.83e-05 3.77e-05 4.015e-05 5.66e-05 3.805e-05 3.975e-05 7.33e-05 3.99e-05 3.895e-05 3.935e-05 4.03e-05 6.015e-05 5.725e-05 4.335e-05 3.88e-05 4.03e-05 4.245e-05 6.095e-05 4.015e-05 5.38e-05 4.02e-05 3.775e-05 4.035e-05 6.165e-05 3.8e-05 5.535e-05 4.025e-05 5.895e-05 5.91e-05 3.76e-05 5.91e-05 6.055e-05 4.02e-05 5.88e-05 3.86e-05 3.84e-05 5.51e-05 3.79e-05 3.955e-05 3.93e-05 6.02e-05 5.35e-05 3.83e-05 6.01e-05 4.05e-05 4.015e-05 4.23e-05 3.835e-05 6.835e-05 4.01e-05 5.945e-05 6.11e-05 7e-05 5.435e-05 3.92e-05 3.85e-05 5.955e-05 5.875e-05 3.84e-05 3.995e-05 3.795e-05 3.995e-05 3.8e-05 3.915e-05 5.47e-05 3.975e-05 5.715e-05
40 2.075e-05 5e-06 5.795e-05 6.9e-06 2.09e-05 5.35e-06 1.16e-05 9.05e-06 6.9e-06 6.95e-06 6.65e-06 8.6e-06 6.2e-06 4.6e-06 5.95e-06 4.225e-05 5.05e-06 8.2e-06 9.42e-05 4.35e-06 8.7e-06 9.4e-05 1.175e-05 5.75e-06 0.0001102 5.65e-06 5.35e-06 6.85e-06 2.05e-05 5.84e-05 4.025e-05 6.1e-06 2.025e-05 5.825e-05 4.65e-06 5.55e-06 2.295e-05 6.1e-06 7.55e-06 3.99e-05 8.5e-06 5.55e-06 6.9e-06 1.105e-05 5.91e-05 2.46e-05 6.85e-06 5.65e-06 5.8e-06 5.4e-06 9.39e-05 7.35e-06 5.52e-05 7.55e-06 5.75e-06 4.215e-05 6.01e-05 4.4e-06 2.185e-05 6.15e-06 9.245e-05 5.735e-05 6.3e-06 6.065e-05 5.915e-05 4.205e-05 5.855e-05 5.6e-06 5.65e-06 2.17e-05 5.95e-06 7e-06 7.65e-06 5.835e-05 2.01e-05 5.9e-06 6.075e-05 4.235e-05 5.55e-06 1.29e-05 6.35e-06 6.735e-05 4.205e-05 5.945e-05 9.405e-05 3.615e-05 2.105e-05 6.75e-06 5.75e-06 5.8e-05 5.825e-05 6.05e-06 4.3e-06 5.75e-06 4.165e-05 4.05e-05 6e-06 2.17e-05 4.65e-06 5.695e-05
41 2.06e-05 5.65e-06 5.765e-05 3.85e-06 2.12e-05 4.95e-06 1.135e-05 8e-06 7.8e-06 8.4e-06 4.9e-06 8.05e-06 5.7e-06 4.9e-06 6.05e-06 4.155e-05 5.7e-06 8.4e-06 9.335e-05 5.65e-06 8.15e-06 9.36e-05 1.165e-05 5.25e-06 0.0001097 4.4e-06 5.1e-06 7.75e-06 2.07e-05 5.815e-05 3.84e-05 5.35e-06 2.145e-05 5.825e-05 5e-06 5.05e-06 2.29e-05 4.6e-06 5.95e-06 3.895e-05 5.55e-06 7.3e-06 7.15e-06 1.11e-05 5.78e-05 2.4e-05 8.35e-06 4.95e-06 5.1e-06 7.35e-06 9.35e-05 7.2e-06 5.48e-05 6.6e-06 4.45e-06 4.15e-05 5.98e-05 5.1e-06 2.245e-05 5.3e-06 9.18e-05 5.665e-05 4.6e-06 5.96e-05 5.915e-05 4.135e-05 5.665e-05 5.05e-06 5.9e-06 2.165e-05 4.45e-06 6.6e-06 7.3e-06 5.81e-05 2.055e-05 5.65e-06 5.955e-05 4.165e-05 5.05e-06 1.265e-05 4.85e-06 6.73e-05 4.09e-05 5.915e-05 9.365e-05 3.655e-05 2.1e-05 5.7e-06 6e-06 5.83e-05 5.705e-05 5.7e-06 5.6e-06 4.95e-06 4.125e-05 3.945e-05 5.75e-06 2.055e-05 5.6e-06 5.54e-05
