 slim_337546063 slim_337545742 slim_337545935 slim_337546047 slim_337545998 slim_337545989 slim_337545979 slim_337545802 slim_337546044 slim_337545970 slim_337545953 slim_337545936 slim_337545937 slim_337545881 slim_337545696 slim_337546067 slim_337545836 slim_337545914 slim_337545876 slim_337546059 slim_337545915 slim_337546023 slim_337546020 slim_337546038 slim_337545917 slim_337546025 slim_337545995 slim_337546058 slim_337545901 slim_337545980 slim_337546045 slim_337545977 slim_337546046 slim_337545845 slim_337546011 slim_337545963 slim_337545960 slim_337545286 slim_337545947 slim_337545990 slim_337545955 slim_337546051 slim_337545897 slim_337545730 slim_337546013 slim_337545999 slim_337545787 slim_337545951 slim_337546026 slim_337545983 slim_337545800 slim_337546052 slim_337546010 slim_337545908 slim_337545895 slim_337545894 slim_337546066 slim_337545577 slim_337546039 slim_337546043 slim_337545604 slim_337546022 slim_337545974 slim_337545971 slim_337546048 slim_337546068 slim_337546024 slim_337545994 slim_337546035 slim_337546069 slim_337546055 slim_337546060 slim_337545931 slim_337546049 slim_337546053 slim_337546034 slim_337546057 slim_337546062 slim_337545966 slim_337545807 slim_337545906 slim_337546061 slim_337545918 slim_337545899 slim_337545814 slim_337546008 slim_337545981 slim_337546019 slim_337545684 slim_337546040 slim_337545728 slim_337545949 slim_337546064 slim_337545934 slim_337545958 slim_337546050 slim_337546016 slim_337546042 slim_337546041 slim_337545950
0 0.0001662 8.46e-05 8.98e-05 0.00013945 8.55e-05 0.00011445 9.72e-05 0.0001384 8.385e-05 0.00011535 0.00011485 0.00011085 0.0001449 0.00011385 0.0001248 0.00011435 9.67e-05 0.0001385 0.00011145 0.0001053 0.00011475 0.00011045 9.7e-05 9.045e-05 0.000127 9.64e-05 0.0001449 8.4e-05 8.95e-05 0.00014175 9.71e-05 0.0001148 0.0001416 9.01e-05 0.0001078 0.0001202 0.00011305 0.0001134 9.68e-05 0.00011525 0.0001445 9.575e-05 8.875e-05 0.00011515 0.0001183 0.00014475 0.0001141 0.00012035 8.38e-05 0.00012495 0.0001034 0.000115 9.61e-05 0.0001144 0.0001153 0.00010635 0.00011495 9.595e-05 0.0001448 0.0001205 0.00014435 0.0001209 9.765e-05 0.0001247 0.0001218 0.00012435 0.0001204 0.0001147 0.0001123 9.735e-05 9.795e-05 8.97e-05 9.84e-05 0.0001207 0.00011555 0.0001182 8.58e-05 9.88e-05 0.0001446 0.0001268 0.00011585 0.0001384 0.00014245 9.7e-05 0.00014485 8.51e-05 0.0001204 0.00011485 0.0001099 8.335e-05 0.00013185 0.0001449 0.0001272 0.000127 0.0001203 0.00011425 0.00011395 0.00012225 8.335e-05 8.495e-05
1 8.46e-05 6.63e-05 3.915e-05 0.0001384 5.31e-05 0.0001105 6.55e-05 0.0001231 3.385e-05 9.125e-05 9.185e-05 0.000108 0.00014905 9.035e-05 0.0001401 9.17e-05 8.6e-05 0.0001232 8.835e-05 8.285e-05 9.11e-05 9.955e-05 6.61e-05 4e-05 0.00012355 6.98e-05 0.00014905 3.345e-05 9.02e-05 0.00012605 6.65e-05 9.115e-05 0.0001259 5.955e-05 6.57e-05 0.0001015 7.52e-05 8.99e-05 6.975e-05 9.13e-05 0.00014835 4.5e-05 3.92e-05 0.00011205 0.00011515 0.0001489 9.095e-05 9.705e-05 0.0001047 0.0001233 7.26e-05 0.0001119 7.005e-05 8.25e-05 9.135e-05 0.0001146 9.195e-05 6.57e-05 0.00014895 9.76e-05 0.00014765 0.00011665 0.0001055 0.00014 0.0001185 0.0001388 9.71e-05 9.15e-05 8.79e-05 6.565e-05 8.45e-05 3.96e-05 5.335e-05 0.000102 9.715e-05 0.00011505 6.1e-05 6.725e-05 0.0001479 0.00012755 9.83e-05 0.0001231 0.0001468 6.645e-05 0.000149 5.39e-05 0.0001017 9.185e-05 0.0001016 8.47e-05 9.71e-05 0.00014905 0.00012375 0.00012355 9.7e-05 9.16e-05 9.13e-05 0.00011785 3.39e-05 3.345e-05
2 8.98e-05 3.915e-05 7.22e-05 0.0001378 6.185e-05 0.0001137 6.965e-05 0.0001239 3.68e-05 9.52e-05 9.535e-05 0.0001102 0.0001479 9.125e-05 0.00013815 9.26e-05 8.94e-05 0.000124 8.26e-05 8.3e-05 9.475e-05 9.875e-05 6.98e-05 3.965e-05 0.0001226 7.065e-05 0.0001479 3.635e-05 8.945e-05 0.00012635 7.02e-05 9.48e-05 0.0001262 5.89e-05 6.855e-05 0.0001023 7.49e-05 9.08e-05 7.34e-05 9.51e-05 0.0001472 3.615e-05 3.73e-05 0.0001146 0.0001147 0.00014775 9.5e-05 9.205e-05 0.0001122 0.0001214 6.79e-05 0.00011445 7.095e-05 8.43e-05 9.515e-05 0.00011285 9.295e-05 6.68e-05 0.0001478 9.86e-05 0.0001465 0.0001178 0.0001084 0.00013805 0.00011685 0.00013685 9.21e-05 9.24e-05 8.94e-05 6.98e-05 8.57e-05 3.665e-05 5.605e-05 0.0001028 9.895e-05 0.0001146 6.715e-05 7.135e-05 0.00014675 0.0001264 0.0001001 0.0001239 0.000146 7.015e-05 0.00014785 6.205e-05 0.0001025 9.535e-05 0.0001055 8.99e-05 9.985e-05 0.0001479 0.0001228 0.0001226 9.2e-05 9.25e-05 9.22e-05 0.00011675 3.685e-05 4.185e-05
3 0.00013945 0.0001384 0.0001378 0.0002422 0.0001446 0.00013345 0.0001356 0.0001348 0.0001328 0.00013425 0.0001333 0.00012695 0.0001239 0.0001282 0.00013305 0.0001285 0.000135 0.0001349 0.0001416 0.0001365 0.00013375 0.00012485 0.00013535 0.000143 0.0001255 0.00013075 0.0001239 0.0001328 0.0001446 0.0001311 0.00013505 0.0001338 0.00013095 0.000143 0.00013935 0.00013705 0.0001355 0.00012775 0.00013625 0.00013415 0.00012245 0.00014295 0.00013695 0.00013345 0.0001242 0.00012375 0.0001335 0.00013345 0.0001446 0.0001328 0.0001342 0.00013355 0.0001307 0.0001296 0.0001342 0.0001343 0.0001312 0.00012965 0.0001238 0.0001364 0.00012355 0.00013645 0.0001352 0.0001328 0.0001245 0.0001328 0.0001335 0.0001286 0.0001419 0.00013575 0.00013535 0.00013795 0.00013475 0.00013755 0.0001278 0.0001241 0.00013765 0.0001336 0.0001238 0.00012625 0.0001279 0.0001348 0.00012435 0.00013495 0.00012385 0.0001438 0.00013725 0.0001333 0.0001324 0.0001395 0.00014565 0.0001239 0.0001257 0.0001253 0.0001334 0.0001284 0.0001281 0.00013995 0.00013265 0.00014385
4 8.55e-05 5.31e-05 6.185e-05 0.0001446 4.05e-05 8.9e-05 6.425e-05 0.00012345 8.615e-05 8.84e-05 9.03e-05 0.0001108 0.00015635 0.0001196 0.0001187 0.0001214 6.655e-05 0.00012355 5.975e-05 8.4e-05 9.04e-05 0.0001087 6.57e-05 3.11e-05 0.00013245 0.00011485 0.00015635 8.625e-05 6.13e-05 0.00012505 6.655e-05 9.045e-05 0.0001249 3.115e-05 8.845e-05 0.00011685 9.175e-05 0.00011915 8.405e-05 8.86e-05 0.00015585 3.76e-05 6.245e-05 9.125e-05 0.000102 0.0001562 9.015e-05 9.7e-05 5.48e-05 0.0001181 7.25e-05 9.11e-05 0.00011475 0.0001212 8.865e-05 9.465e-05 7.05e-05 9.705e-05 0.00015625 9.955e-05 0.0001545 0.0001172 8.5e-05 0.00011865 0.000126 0.00011695 9.705e-05 0.00012155 5.84e-05 6.44e-05 8.49e-05 6.195e-05 6.755e-05 0.00011735 0.00012025 0.0001019 5.62e-05 6.47e-05 0.00015475 0.00014985 0.00012185 0.00012345 0.00015295 6.645e-05 0.0001563 2.285e-05 0.00011705 9.03e-05 7.93e-05 8.555e-05 9.05e-05 0.00015635 0.00013265 0.00013245 9.695e-05 0.0001213 0.000121 8.745e-05 8.6e-05 2.295e-05
5 0.00011445 0.0001105 0.0001137 0.00013345 8.9e-05 0.0001354 9.095e-05 9.24e-05 0.0001126 9.005e-05 8.95e-05 0.0001301 7.13e-05 9e-05 8.27e-05 9.2e-05 7.055e-05 9.25e-05 9.405e-05 9.285e-05 9.02e-05 7.11e-05 9.065e-05 0.0001114 7.245e-05 0.0001184 7.13e-05 0.0001128 0.0001157 9.135e-05 9.08e-05 9.025e-05 9.12e-05 9.12e-05 0.00011305 0.0001186 0.0001062 8.985e-05 0.00011665 8.995e-05 7.025e-05 0.00011475 0.00011275 7.01e-05 7.21e-05 7.115e-05 8.98e-05 9.305e-05 9.21e-05 9.87e-05 9.285e-05 6.995e-05 0.00011815 0.00010255 9e-05 8.335e-05 9.195e-05 9.27e-05 7.12e-05 9.355e-05 6.955e-05 0.00010355 8.12e-05 8.25e-05 7.085e-05 8.105e-05 9.31e-05 9.23e-05 9.015e-05 9.11e-05 9.955e-05 0.00011365 0.0001052 0.0001191 8.48e-05 7.2e-05 8.46e-05 8.87e-05 6.98e-05 9.76e-05 8.63e-05 9.24e-05 7.13e-05 9.07e-05 7.125e-05 8.82e-05 0.0001188 8.95e-05 0.00013335 0.0001145 0.00011345 7.13e-05 7.265e-05 7.245e-05 9.3e-05 9.19e-05 9.16e-05 0.00010215 0.00011225 0.0001087
6 9.72e-05 6.55e-05 6.965e-05 0.0001356 6.425e-05 9.095e-05 0.0001279 0.00011615 6.745e-05 9.12e-05 9.185e-05 0.0001107 0.00011815 9.18e-05 0.0001123 9.315e-05 6.5e-05 0.00011625 9.465e-05 9.25e-05 9.155e-05 6.775e-05 6.465e-05 6.9e-05 9.12e-05 8.545e-05 0.00011815 6.735e-05 9.94e-05 0.00011565 6.505e-05 9.16e-05 0.0001155 6.9e-05 9.11e-05 0.0001087 9.07e-05 9.135e-05 8.435e-05 9.125e-05 0.0001175 7.21e-05 6.99e-05 9.25e-05 9.36e-05 0.000118 9.095e-05 9.515e-05 9.625e-05 0.00011195 6.995e-05 9.235e-05 8.565e-05 9.075e-05 9.13e-05 8.555e-05 9.09e-05 6.575e-05 0.00011805 8.92e-05 0.00011675 0.0001096 8.595e-05 0.0001122 9.545e-05 0.000111 9.52e-05 9.3e-05 8.965e-05 6.415e-05 8.555e-05 7.005e-05 6.705e-05 0.0001092 9.125e-05 9.35e-05 6.645e-05 6.775e-05 0.000117 0.0001108 9.24e-05 0.00011615 0.0001168 6.505e-05 0.0001181 6.52e-05 0.0001089 9.185e-05 0.0001102 9.725e-05 0.0001141 0.00011815 9.14e-05 9.12e-05 9.51e-05 9.305e-05 9.275e-05 0.00011055 6.77e-05 6.475e-05
7 0.0001384 0.0001231 0.0001239 0.0001348 0.00012345 9.24e-05 0.00011615 0.0001159 0.00012315 9.105e-05 9.08e-05 0.00016665 5.855e-05 9.225e-05 8.955e-05 9.065e-05 0.00011615 5.82e-05 0.0001009 0.0001001 9.11e-05 0.0001081 0.00011615 0.00012405 8.39e-05 0.00011885 5.855e-05 0.00012325 0.00013925 6.07e-05 0.0001163 9.115e-05 6.055e-05 0.00012395 9.075e-05 8.63e-05 9.265e-05 9.18e-05 0.00011915 9.08e-05 5.935e-05 0.0001247 0.00012355 9.135e-05 9.19e-05 5.825e-05 9.24e-05 9.145e-05 0.00013845 8.93e-05 0.0001168 9.105e-05 0.00011875 9.27e-05 9.1e-05 0.00011465 9.385e-05 0.0001159 5.83e-05 8.37e-05 5.975e-05 8.595e-05 0.00011865 8.94e-05 9.095e-05 9.085e-05 9.17e-05 9.09e-05 9.235e-05 0.0001163 0.00011505 0.000124 0.00011615 8.665e-05 9.275e-05 9.165e-05 0.0001238 0.00011525 5.965e-05 8.645e-05 9.115e-05 5.82e-05 5.9e-05 0.0001162 5.82e-05 0.00012335 8.635e-05 9.07e-05 0.0001662 0.00013845 5.825e-05 5.84e-05 8.41e-05 8.39e-05 9.16e-05 9.06e-05 9.045e-05 9e-05 0.000123 0.00012335
8 8.385e-05 3.385e-05 3.68e-05 0.0001328 8.615e-05 0.0001126 6.745e-05 0.00012315 2.2e-06 9.475e-05 9.39e-05 0.0001005 0.0001227 6.135e-05 0.0001421 6.225e-05 8.61e-05 0.00012325 0.000117 8.14e-05 9.29e-05 7.13e-05 6.715e-05 6.885e-05 9.565e-05 4e-05 0.0001227 1.5e-06 0.0001193 0.00012775 6.7e-05 9.295e-05 0.0001276 8.8e-05 6.24e-05 0.0001009 7.325e-05 6.09e-05 7.09e-05 9.465e-05 0.0001217 7.225e-05 3.535e-05 0.00011345 0.00010905 0.00012255 9.235e-05 9.75e-05 0.000135 0.00012555 7.295e-05 0.0001133 3.995e-05 5.33e-05 9.47e-05 0.0001148 0.0001139 3.475e-05 0.0001226 9.61e-05 0.00012175 0.0001164 0.0001066 0.0001419 9.185e-05 0.00014125 9.755e-05 6.235e-05 0.0001175 6.76e-05 8.44e-05 3.67e-05 5.42e-05 0.0001014 6.92e-05 0.00010895 6.06e-05 7.04e-05 0.000122 0.00010055 6.99e-05 0.00012315 0.00012125 6.695e-05 0.00012265 8.525e-05 0.0001011 9.39e-05 0.00012455 8.365e-05 0.00012355 0.0001227 9.585e-05 9.565e-05 9.745e-05 6.195e-05 6.185e-05 0.0001485 1.35e-06 6.47e-05
9 0.00011535 9.125e-05 9.52e-05 0.00013425 8.84e-05 9.005e-05 9.12e-05 9.105e-05 9.475e-05 0.0001759 8.925e-05 0.00013665 8.81e-05 9.195e-05 0.00010105 9.18e-05 9.26e-05 9.115e-05 9.375e-05 9.325e-05 8.915e-05 9.22e-05 9.195e-05 9.3e-05 9.125e-05 0.00010465 8.805e-05 9.485e-05 0.0001159 8.98e-05 9.245e-05 8.945e-05 8.985e-05 9.32e-05 9.425e-05 0.00010385 9.33e-05 9.15e-05 0.00010245 8.845e-05 8.9e-05 9.57e-05 9.535e-05 9.01e-05 9.1e-05 8.84e-05 9.075e-05 9.26e-05 0.00011335 0.00010055 9.39e-05 8.995e-05 0.00010455 9.34e-05 8.82e-05 0.00010405 9.26e-05 9.44e-05 8.82e-05 9.41e-05 8.845e-05 0.0001032 0.0001021 0.00010085 9.005e-05 0.0001014 9.195e-05 9.195e-05 9.075e-05 9.125e-05 0.00010035 9.53e-05 9.23e-05 0.00010435 9.155e-05 9.125e-05 9.245e-05 8.9e-05 8.89e-05 0.00010145 9.12e-05 9.095e-05 8.865e-05 9.235e-05 8.825e-05 8.96e-05 0.00010405 8.925e-05 0.00013475 0.0001154 9.35e-05 8.82e-05 9.16e-05 9.16e-05 9.185e-05 9.17e-05 9.14e-05 0.0001011 9.46e-05 8.94e-05
10 0.00011485 9.185e-05 9.535e-05 0.0001333 9.03e-05 8.95e-05 9.185e-05 9.08e-05 9.39e-05 8.925e-05 0.0001754 0.00013585 8.83e-05 9.175e-05 0.0001011 9.115e-05 9.14e-05 9.09e-05 9.405e-05 9.25e-05 8.91e-05 9.1e-05 9.115e-05 9.23e-05 9.115e-05 0.0001043 8.83e-05 9.41e-05 0.00011645 8.96e-05 9.09e-05 8.905e-05 8.925e-05 9.285e-05 9.36e-05 0.00010375 9.31e-05 9.13e-05 0.0001023 8.915e-05 8.82e-05 9.675e-05 9.39e-05 8.91e-05 9.07e-05 8.795e-05 8.94e-05 9.3e-05 0.0001125 0.00010085 9.41e-05 8.895e-05 0.00010405 9.265e-05 8.92e-05 0.0001034 9.18e-05 9.355e-05 8.82e-05 9.365e-05 8.885e-05 0.0001031 0.00010125 0.00010085 8.915e-05 0.00010175 9.26e-05 9.145e-05 9.195e-05 9.2e-05 9.92e-05 9.53e-05 9.075e-05 0.00010425 9.135e-05 9.06e-05 9.105e-05 8.91e-05 8.91e-05 0.00010125 9.055e-05 9.08e-05 8.86e-05 9.08e-05 8.825e-05 8.955e-05 0.00010395 8.79e-05 0.00013325 0.0001149 9.325e-05 8.83e-05 9.135e-05 9.115e-05 9.25e-05 9.105e-05 9.075e-05 0.00010085 9.355e-05 8.965e-05
11 0.00011085 0.000108 0.0001102 0.00012695 0.0001108 0.0001301 0.0001107 0.00016665 0.0001005 0.00013665 0.00013585 0.0001753 0.00015725 0.0001281 0.00014635 0.00012895 0.0001049 0.00016675 0.00013755 0.0001277 0.0001355 0.0001079 0.00011045 0.0001174 0.00013155 0.00011145 0.00015725 0.00010055 0.00012075 0.00016655 0.0001103 0.00013555 0.0001664 0.00011205 0.0001383 0.00014905 0.0001323 0.00012765 0.00011815 0.00013655 0.00015625 0.00012 0.0001092 0.0001309 0.0001225 0.0001571 0.00013445 0.00013865 0.00011275 0.0001512 0.00011435 0.00013075 0.0001113 0.00012015 0.0001366 0.0001202 0.0001316 0.0001028 0.00015715 0.00014095 0.00015635 0.0001501 0.00011435 0.00014615 0.000127 0.00014555 0.0001387 0.00012915 0.0001413 0.00011085 0.0001207 0.00011025 0.00011075 0.00014955 0.0001218 0.0001224 9.6e-05 0.000113 0.0001566 0.00013975 0.00012245 0.00016665 0.0001562 0.0001102 0.0001572 0.00011005 0.00014925 0.00013585 0.00010115 0.0001109 0.000176 0.00015725 0.00013175 0.00013155 0.0001386 0.00012885 0.00012855 0.00015685 0.0001002 0.00011465
12 0.0001449 0.00014905 0.0001479 0.0001239 0.00015635 7.13e-05 0.00011815 5.855e-05 0.0001227 8.81e-05 8.83e-05 0.00015725 6e-07 6.42e-05 6.34e-05 6.21e-05 9.87e-05 5.865e-05 0.0001273 0.00010205 8.82e-05 5.6e-05 0.00011815 0.00017445 3.06e-05 0.0001087 4e-07 0.0001228 0.0001702 5.465e-05 0.0001183 8.865e-05 5.485e-05 0.0001549 0.0001194 0.0001051 0.0001091 6.375e-05 0.0001354 8.845e-05 2.6e-06 0.00017315 0.0001476 6.915e-05 6.065e-05 1.05e-06 9.14e-05 8.81e-05 0.0001519 7.94e-05 0.00011485 6.9e-05 0.0001086 7.475e-05 8.805e-05 9.34e-05 0.0001147 9.15e-05 7e-07 8.84e-05 2.9e-06 8.9e-05 9.94e-05 6.325e-05 3.445e-05 6.595e-05 8.685e-05 6.225e-05 0.0001228 0.0001183 0.0001157 0.000148 0.0001315 0.0001056 5.765e-05 6.1e-05 0.00012325 0.0001135 3.5e-06 4.785e-05 5.535e-05 5.84e-05 4.5e-06 0.0001182 7.5e-07 0.00015625 0.0001053 8.83e-05 0.00019025 0.00014495 0.00011585 7.5e-07 3.09e-05 3.105e-05 8.675e-05 6.2e-05 6.17e-05 0.0001145 0.00012255 0.0001757
13 0.00011385 9.035e-05 9.125e-05 0.0001282 0.0001196 9e-05 9.18e-05 9.225e-05 6.135e-05 9.195e-05 9.175e-05 0.0001281 6.42e-05 0.0001212 0.0001041 6.26e-05 9.175e-05 9.235e-05 0.00012215 9.21e-05 9.16e-05 6.33e-05 9.17e-05 0.00012035 6.43e-05 7.41e-05 6.42e-05 6.16e-05 0.00014395 9.28e-05 9.2e-05 9.165e-05 9.265e-05 0.00012015 9.075e-05 0.0001033 8.965e-05 6.06e-05 0.0001029 9.185e-05 6.335e-05 0.00012105 9.055e-05 9.195e-05 8.565e-05 6.405e-05 9.16e-05 9.265e-05 0.000143 0.00010365 9.285e-05 9.18e-05 7.375e-05 6.43e-05 9.19e-05 0.0001036 0.00011405 6.24e-05 6.41e-05 9.235e-05 6.245e-05 0.00010305 0.0001026 0.00010395 6.415e-05 0.00010245 9.27e-05 6.315e-05 0.00011835 9.195e-05 9.975e-05 9.11e-05 9.215e-05 0.0001038 6.17e-05 8.555e-05 9.09e-05 9.095e-05 6.27e-05 7.535e-05 6.32e-05 9.225e-05 6.525e-05 9.19e-05 6.415e-05 0.00011945 0.0001035 9.175e-05 0.0001567 0.0001139 0.00012025 6.42e-05 6.45e-05 6.43e-05 9.26e-05 6.265e-05 6.235e-05 0.0001325 6.07e-05 0.0001191
14 0.0001248 0.0001401 0.00013815 0.00013305 0.0001187 8.27e-05 0.0001123 8.955e-05 0.0001421 0.00010105 0.0001011 0.00014635 6.34e-05 0.0001041 0.0001264 0.0001031 9.27e-05 8.965e-05 0.0001041 0.000108 0.00010125 8.37e-05 0.0001123 0.0001365 7.5e-05 0.00012005 6.35e-05 0.0001422 0.00012095 8.565e-05 0.0001126 0.00010145 8.565e-05 0.00011665 0.0001288 0.00010645 0.00011955 0.00010365 0.00011855 0.0001011 6.47e-05 0.00013425 0.000138 8.12e-05 8.03e-05 6.365e-05 0.00010315 9.95e-05 0.0001033 7.995e-05 0.0001079 8.105e-05 0.00011995 0.00011475 0.000101 7.495e-05 0.00010225 0.000114 6.355e-05 0.0001009 6.46e-05 9.135e-05 8.295e-05 6.355e-05 7.74e-05 6.465e-05 9.895e-05 0.00010325 0.0001036 0.00011245 0.0001028 0.00013825 0.00012595 0.00010695 9.86e-05 8.035e-05 0.0001152 0.00010975 6.5e-05 8.08e-05 9.74e-05 8.95e-05 6.36e-05 0.0001125 6.36e-05 0.0001188 0.00010665 0.0001011 0.0001501 0.00012485 0.00011525 6.365e-05 7.52e-05 7.515e-05 9.885e-05 0.000103 0.0001027 8.345e-05 0.00014195 0.00013855
15 0.00011435 9.17e-05 9.26e-05 0.0001285 0.0001214 9.2e-05 9.315e-05 9.065e-05 6.225e-05 9.18e-05 9.115e-05 0.00012895 6.21e-05 6.26e-05 0.0001031 0.000123 9.265e-05 9.085e-05 0.0001223 9.18e-05 9.1e-05 6.39e-05 9.295e-05 0.0001217 6.37e-05 7.46e-05 6.21e-05 6.25e-05 0.0001449 9.16e-05 9.29e-05 9.105e-05 9.145e-05 0.0001215 9.1e-05 0.00010315 9.115e-05 6.23e-05 0.0001034 9.155e-05 6.205e-05 0.00012285 9.145e-05 9.135e-05 8.505e-05 6.18e-05 9.2e-05 9.275e-05 0.0001435 0.00010285 9.42e-05 9.105e-05 7.425e-05 6.4e-05 9.175e-05 0.00010405 0.00011435 6.33e-05 6.185e-05 9.26e-05 6.265e-05 0.0001028 0.000103 0.0001029 6.325e-05 0.00010375 9.255e-05 6.23e-05 0.0001203 9.33e-05 0.0001001 9.245e-05 9.305e-05 0.00010365 6.34e-05 8.48e-05 9.18e-05 9.2e-05 6.255e-05 7.435e-05 6.245e-05 9.085e-05 6.3e-05 9.28e-05 6.175e-05 0.0001208 0.00010335 9.105e-05 0.00015755 0.0001144 0.00011985 6.195e-05 6.39e-05 6.37e-05 9.245e-05 6.175e-05 6.16e-05 0.0001316 6.15e-05 0.00012045
16 9.67e-05 8.6e-05 8.94e-05 0.000135 6.655e-05 7.055e-05 6.5e-05 0.00011615 8.61e-05 9.26e-05 9.14e-05 0.0001049 9.87e-05 9.175e-05 9.27e-05 9.265e-05 8.74e-05 0.00011625 9.5e-05 9.17e-05 9.165e-05 4.715e-05 6.45e-05 8.865e-05 7.13e-05 9.96e-05 9.87e-05 8.61e-05 0.00010005 0.0001157 6.42e-05 9.17e-05 0.00011555 6.825e-05 0.00011005 0.0001232 0.000105 9.13e-05 9.895e-05 9.25e-05 9.75e-05 9.285e-05 8.81e-05 7.18e-05 7.365e-05 9.855e-05 9.03e-05 9.58e-05 7.54e-05 0.00010905 7.015e-05 7.165e-05 9.965e-05 9.95e-05 9.255e-05 6.52e-05 9.045e-05 6.485e-05 9.86e-05 8.88e-05 9.775e-05 0.00010965 6.54e-05 9.245e-05 7.525e-05 9.185e-05 9.585e-05 9.265e-05 9.085e-05 6.515e-05 8.5e-05 8.965e-05 8.075e-05 0.0001237 8.61e-05 7.355e-05 5.945e-05 6.84e-05 9.8e-05 0.00010585 8.68e-05 0.00011615 9.71e-05 6.42e-05 9.865e-05 6.505e-05 0.0001234 9.14e-05 0.00010955 9.675e-05 0.00013355 9.87e-05 7.155e-05 7.135e-05 9.575e-05 9.255e-05 9.225e-05 0.00011065 8.615e-05 8.53e-05
17 0.0001385 0.0001232 0.000124 0.0001349 0.00012355 9.25e-05 0.00011625 5.82e-05 0.00012325 9.115e-05 9.09e-05 0.00016675 5.865e-05 9.235e-05 8.965e-05 9.085e-05 0.00011625 0.0001161 0.000101 0.0001002 9.12e-05 0.0001082 0.00011625 0.00012415 8.4e-05 0.00011895 5.865e-05 0.00012335 0.00013935 6.08e-05 0.0001164 9.125e-05 6.065e-05 0.00012405 9.07e-05 8.64e-05 9.275e-05 9.19e-05 0.00011925 9.09e-05 5.945e-05 0.0001248 0.00012365 9.145e-05 9.2e-05 5.835e-05 9.25e-05 9.14e-05 0.00013855 8.94e-05 0.0001169 9.115e-05 0.00011885 9.28e-05 9.11e-05 0.00011475 9.395e-05 0.000116 5.84e-05 8.365e-05 5.985e-05 8.605e-05 0.00011875 8.95e-05 9.11e-05 9.095e-05 9.18e-05 9.1e-05 9.245e-05 0.0001164 0.00011515 0.0001241 0.00011625 8.66e-05 9.285e-05 9.175e-05 0.0001239 0.00011535 5.985e-05 8.655e-05 9.125e-05 5.815e-05 5.91e-05 0.0001163 5.835e-05 0.00012345 8.63e-05 9.08e-05 0.0001663 0.00013855 5.82e-05 5.85e-05 8.42e-05 8.4e-05 9.17e-05 9.075e-05 9.055e-05 9.01e-05 0.0001231 0.00012345
18 0.00011145 8.835e-05 8.26e-05 0.0001416 5.975e-05 9.405e-05 9.465e-05 0.0001009 0.000117 9.375e-05 9.405e-05 0.00013755 0.0001273 0.00012215 0.0001041 0.0001223 9.5e-05 0.000101 9.64e-05 8.26e-05 9.445e-05 0.0001292 9.495e-05 5.475e-05 0.00012845 0.0001331 0.0001273 0.0001171 7.715e-05 9.93e-05 9.545e-05 9.44e-05 9.905e-05 5.44e-05 9.585e-05 0.00011165 9.285e-05 0.0001217 0.00010545 9.365e-05 0.00012775 4.825e-05 8.375e-05 9.33e-05 9.885e-05 0.00012705 9.605e-05 8.825e-05 8.325e-05 0.0001038 8.745e-05 9.315e-05 0.000133 0.0001237 9.37e-05 0.00010505 7.065e-05 0.000123 0.0001272 0.00010205 0.0001271 0.00011235 0.00010475 0.000104 0.0001201 0.000104 8.785e-05 0.00012245 6.265e-05 9.48e-05 0.0001031 8.265e-05 9.445e-05 0.00011215 0.0001237 9.875e-05 9.045e-05 9.45e-05 0.00012735 0.00013805 0.00012365 0.0001009 0.00012425 9.535e-05 0.00012725 6.035e-05 0.00011185 9.415e-05 0.0001081 0.0001115 7.445e-05 0.0001273 0.00012865 0.00012845 8.775e-05 0.0001222 0.0001219 7.4e-05 0.00011685 6.07e-05
19 0.0001053 8.285e-05 8.3e-05 0.0001365 8.4e-05 9.285e-05 9.25e-05 0.0001001 8.14e-05 9.325e-05 9.25e-05 0.0001277 0.00010205 9.21e-05 0.000108 9.18e-05 9.17e-05 0.0001002 8.26e-05 0.0001617 9.245e-05 0.00010175 9.23e-05 8.39e-05 0.00010155 0.0001022 0.00010205 8.185e-05 0.0001069 0.00010065 9.225e-05 9.24e-05 0.0001004 8.34e-05 8.96e-05 0.0001102 9.105e-05 9.165e-05 0.0001028 9.315e-05 0.00010215 8.43e-05 8.16e-05 9.205e-05 9.305e-05 0.0001018 9.33e-05 9.365e-05 0.00010595 0.0001079 9.25e-05 9.19e-05 0.00010185 9.255e-05 9.32e-05 0.00010685 9.145e-05 9.085e-05 0.00010195 9.96e-05 0.0001023 0.0001109 0.00010285 0.0001078 9.5e-05 0.00010835 9.325e-05 9.22e-05 9.07e-05 9.265e-05 0.0001017 8.265e-05 9.255e-05 0.0001107 9.38e-05 9.295e-05 8.37e-05 9.345e-05 0.00010255 0.00011215 9.33e-05 0.0001001 9.945e-05 9.215e-05 0.000102 8.345e-05 0.0001104 9.26e-05 0.00012705 0.00010515 9.81e-05 0.00010205 0.00010175 0.00010155 9.315e-05 9.15e-05 9.14e-05 0.0001057 8.11e-05 8.34e-05
20 0.00011475 9.11e-05 9.475e-05 0.00013375 9.04e-05 9.02e-05 9.155e-05 9.11e-05 9.29e-05 8.915e-05 8.91e-05 0.0001355 8.82e-05 9.16e-05 0.00010125 9.1e-05 9.165e-05 9.12e-05 9.445e-05 9.245e-05 0.000176 9.135e-05 9.16e-05 9.35e-05 9.075e-05 0.0001037 8.805e-05 9.26e-05 0.0001168 8.955e-05 9.165e-05 8.835e-05 8.96e-05 9.355e-05 9.345e-05 0.00010405 9.295e-05 9.115e-05 0.0001015 8.94e-05 8.885e-05 9.705e-05 9.43e-05 8.98e-05 9.05e-05 8.845e-05 9.03e-05 9.33e-05 0.00011325 0.000101 9.415e-05 8.965e-05 0.0001039 9.26e-05 8.92e-05 0.00010375 9.17e-05 9.295e-05 8.825e-05 9.35e-05 8.895e-05 0.0001034 0.00010195 0.000101 8.985e-05 0.00010205 9.26e-05 9.085e-05 9.225e-05 9.17e-05 0.00010035 9.515e-05 9.17e-05 0.00010455 9.12e-05 9.065e-05 9.13e-05 8.975e-05 8.94e-05 0.00010165 9.04e-05 9.1e-05 8.87e-05 9.16e-05 8.83e-05 9.02e-05 0.00010425 8.91e-05 0.00013425 0.0001148 9.355e-05 8.835e-05 9.1e-05 9.1e-05 9.255e-05 9.09e-05 9.06e-05 0.0001013 9.295e-05 8.905e-05
21 0.00011045 9.955e-05 9.875e-05 0.00012485 0.0001087 7.11e-05 6.775e-05 0.0001081 7.13e-05 9.22e-05 9.1e-05 0.0001079 5.6e-05 6.33e-05 8.37e-05 6.39e-05 4.715e-05 0.0001082 0.0001292 0.00010175 9.135e-05 1.46e-05 6.725e-05 0.00012635 3.18e-05 7.37e-05 5.6e-05 7.13e-05 0.00013795 0.0001048 6.695e-05 9.14e-05 0.00010465 0.0001066 0.00011595 0.000118 0.00010575 6.285e-05 0.0001015 9.21e-05 5.455e-05 0.00012635 9.75e-05 7.14e-05 6.38e-05 5.585e-05 9.065e-05 9.12e-05 0.00011815 9.99e-05 6.785e-05 7.15e-05 7.375e-05 7.255e-05 9.215e-05 5.935e-05 0.0001124 3.925e-05 5.59e-05 8.39e-05 5.535e-05 0.00010345 6.695e-05 8.345e-05 4.02e-05 8.315e-05 9.125e-05 6.39e-05 0.0001213 6.79e-05 8.46e-05 9.9e-05 8.23e-05 0.0001185 5.66e-05 6.37e-05 7.26e-05 6.775e-05 5.56e-05 6.6e-05 5.7e-05 0.0001081 5.8e-05 6.695e-05 5.595e-05 0.0001076 0.0001182 9.1e-05 0.00014195 0.0001105 0.00016015 5.6e-05 3.2e-05 3.16e-05 9.115e-05 6.38e-05 6.35e-05 0.00013275 7.135e-05 0.0001273
22 9.7e-05 6.61e-05 6.98e-05 0.00013535 6.57e-05 9.065e-05 6.465e-05 0.00011615 6.715e-05 9.195e-05 9.115e-05 0.00011045 0.00011815 9.17e-05 0.0001123 9.295e-05 6.45e-05 0.00011625 9.495e-05 9.23e-05 9.16e-05 6.725e-05 0.0001275 6.86e-05 9.11e-05 8.53e-05 0.00011815 6.705e-05 9.97e-05 0.0001156 6.425e-05 9.165e-05 0.00011545 6.89e-05 9.09e-05 0.0001087 9.06e-05 9.125e-05 8.44e-05 9.185e-05 0.0001173 7.27e-05 6.925e-05 9.21e-05 9.34e-05 0.000118 9.035e-05 9.545e-05 9.585e-05 0.000112 7.015e-05 9.195e-05 8.545e-05 9.055e-05 9.19e-05 8.535e-05 9.065e-05 6.545e-05 0.00011805 8.9e-05 0.00011685 0.0001096 8.555e-05 0.0001122 9.5e-05 0.0001111 9.55e-05 9.285e-05 9.035e-05 6.47e-05 8.5e-05 7.015e-05 6.625e-05 0.0001092 9.115e-05 9.33e-05 6.585e-05 6.81e-05 0.0001171 0.0001108 9.22e-05 0.00011615 0.0001168 6.425e-05 0.0001181 6.54e-05 0.0001089 9.115e-05 0.00010945 9.705e-05 0.0001141 0.00011815 9.13e-05 9.11e-05 9.54e-05 9.285e-05 9.255e-05 0.0001104 6.73e-05 6.5e-05
23 9.045e-05 4e-05 3.965e-05 0.000143 3.11e-05 0.0001114 6.9e-05 0.00012405 6.885e-05 9.3e-05 9.23e-05 0.0001174 0.00017445 0.00012035 0.0001365 0.0001217 8.865e-05 0.00012415 5.475e-05 8.39e-05 9.35e-05 0.00012635 6.86e-05 2.07e-05 0.0001507 0.0001011 0.00017445 6.905e-05 6.14e-05 0.00012485 6.87e-05 9.355e-05 0.0001247 3.045e-05 7.125e-05 0.00010325 7.695e-05 0.0001199 7.295e-05 9.29e-05 0.0001734 1.04e-05 3.97e-05 0.00011255 0.00012045 0.0001743 9.275e-05 9.245e-05 8.14e-05 0.00011975 6.84e-05 0.0001124 0.00010085 0.00011315 9.295e-05 0.00011225 7.065e-05 9.75e-05 0.00017435 0.0001003 0.00017305 0.0001184 0.0001068 0.0001363 0.0001428 0.0001352 9.25e-05 0.000122 6.14e-05 6.915e-05 8.51e-05 3.955e-05 5.42e-05 0.00010375 0.000127 0.00012035 6.635e-05 6.865e-05 0.0001733 0.00015375 0.00012815 0.00012405 0.00017175 6.86e-05 0.0001744 3.1e-05 0.00010345 9.23e-05 8.16e-05 9.05e-05 7.36e-05 0.00017445 0.0001509 0.0001507 9.24e-05 0.0001216 0.0001213 8.63e-05 6.85e-05 1.17e-05
24 0.000127 0.00012355 0.0001226 0.0001255 0.00013245 7.245e-05 9.12e-05 8.39e-05 9.565e-05 9.125e-05 9.115e-05 0.00013155 3.06e-05 6.43e-05 7.5e-05 6.37e-05 7.13e-05 8.4e-05 0.00012845 0.00010155 9.075e-05 3.18e-05 9.11e-05 0.0001507 6.09e-05 8.975e-05 3.055e-05 9.555e-05 0.00015395 8.07e-05 9.115e-05 9.105e-05 8.075e-05 0.00013095 0.0001165 0.0001102 0.00010675 6.385e-05 0.00011755 9.15e-05 3.135e-05 0.0001498 0.0001224 7.18e-05 6.325e-05 3.09e-05 9.185e-05 9.09e-05 0.00013505 9.12e-05 9.115e-05 7.165e-05 8.995e-05 7.235e-05 9.125e-05 7.515e-05 0.00011325 6.31e-05 3.07e-05 8.375e-05 3.14e-05 9.565e-05 8.35e-05 7.475e-05 4.02e-05 7.58e-05 9.025e-05 6.355e-05 0.0001219 9.135e-05 0.00010115 0.000123 0.0001065 0.0001107 5.76e-05 6.35e-05 9.75e-05 9.25e-05 3.185e-05 5.745e-05 5.68e-05 8.38e-05 3.285e-05 9.115e-05 3.075e-05 0.0001321 0.0001104 9.115e-05 0.00016595 0.00012705 0.0001367 3.07e-05 3.09e-05 3.09e-05 9.015e-05 6.36e-05 6.33e-05 0.0001242 9.59e-05 0.0001513
25 9.64e-05 6.98e-05 7.065e-05 0.00013075 0.00011485 0.0001184 8.545e-05 0.00011885 4e-05 0.00010465 0.0001043 0.00011145 0.0001087 7.41e-05 0.00012005 7.46e-05 9.96e-05 0.00011895 0.0001331 0.0001022 0.0001037 7.37e-05 8.53e-05 0.0001011 8.975e-05 7.86e-05 0.0001087 3.955e-05 0.0001274 0.00011945 8.55e-05 0.00010375 0.0001193 0.00011525 8.47e-05 8.415e-05 8.555e-05 7.365e-05 6.91e-05 0.00010455 0.00010845 0.00010195 7.045e-05 0.00011885 0.00011215 0.00010855 0.00010235 0.00010535 0.00014065 0.0001088 8.835e-05 0.0001187 3.985e-05 5.67e-05 0.0001046 0.00010115 0.0001227 5.515e-05 0.0001086 9.99e-05 0.00010815 0.0001001 0.00010005 0.00012 9.34e-05 0.0001196 0.0001054 7.44e-05 0.00012975 8.56e-05 8.64e-05 7.115e-05 7.205e-05 8.45e-05 7.445e-05 0.00011205 8.485e-05 8.86e-05 0.0001084 7.39e-05 7.475e-05 0.00011885 0.0001083 8.545e-05 0.00010865 0.00011455 8.435e-05 0.0001043 0.00014105 9.65e-05 0.00012895 0.0001087 8.995e-05 8.975e-05 0.0001053 7.45e-05 7.42e-05 0.00013255 4.005e-05 9.94e-05
26 0.0001449 0.00014905 0.0001479 0.0001239 0.00015635 7.13e-05 0.00011815 5.855e-05 0.0001227 8.805e-05 8.83e-05 0.00015725 4e-07 6.42e-05 6.35e-05 6.21e-05 9.87e-05 5.865e-05 0.0001273 0.00010205 8.805e-05 5.6e-05 0.00011815 0.00017445 3.055e-05 0.0001087 2e-07 0.0001228 0.0001702 5.46e-05 0.0001183 8.865e-05 5.485e-05 0.0001549 0.0001194 0.0001051 0.0001091 6.375e-05 0.0001354 8.845e-05 2.6e-06 0.00017315 0.0001476 6.915e-05 6.06e-05 1.05e-06 9.14e-05 8.81e-05 0.0001519 7.955e-05 0.00011485 6.9e-05 0.0001086 7.475e-05 8.8e-05 9.34e-05 0.0001147 9.15e-05 6e-07 8.84e-05 2.85e-06 8.9e-05 9.94e-05 6.315e-05 3.455e-05 6.595e-05 8.665e-05 6.225e-05 0.0001228 0.0001183 0.0001157 0.000148 0.0001315 0.0001056 5.765e-05 6.1e-05 0.00012325 0.0001135 3.5e-06 4.785e-05 5.535e-05 5.835e-05 4.45e-06 0.0001182 6.5e-07 0.00015625 0.0001053 8.83e-05 0.00019025 0.00014495 0.00011585 7e-07 3.085e-05 3.105e-05 8.665e-05 6.2e-05 6.17e-05 0.0001145 0.00012255 0.0001757
27 8.4e-05 3.345e-05 3.635e-05 0.0001328 8.625e-05 0.0001128 6.735e-05 0.00012325 1.5e-06 9.485e-05 9.41e-05 0.00010055 0.0001228 6.16e-05 0.0001422 6.25e-05 8.61e-05 0.00012335 0.0001171 8.185e-05 9.26e-05 7.13e-05 6.705e-05 6.905e-05 9.555e-05 3.955e-05 0.0001228 6e-07 0.0001194 0.0001277 6.7e-05 9.265e-05 0.00012755 8.82e-05 6.29e-05 0.000101 7.35e-05 6.115e-05 7.06e-05 9.475e-05 0.0001219 7.235e-05 3.59e-05 0.00011365 0.0001093 0.00012265 9.24e-05 9.76e-05 0.0001352 0.00012565 7.285e-05 0.0001135 4.02e-05 5.355e-05 9.48e-05 0.0001151 0.000114 3.47e-05 0.0001227 9.6e-05 0.00012185 0.0001165 0.0001068 0.00014205 9.205e-05 0.00014135 9.765e-05 6.17e-05 0.0001176 6.75e-05 8.46e-05 3.72e-05 5.42e-05 0.0001015 6.945e-05 0.0001092 6.095e-05 7.06e-05 0.0001221 0.00010065 7.015e-05 0.00012325 0.00012135 6.7e-05 0.00012275 8.545e-05 0.0001012 9.41e-05 0.00012455 8.415e-05 0.00012365 0.0001228 9.575e-05 9.555e-05 9.755e-05 6.24e-05 6.21e-05 0.0001486 1.75e-06 6.44e-05
28 8.95e-05 9.02e-05 8.945e-05 0.0001446 6.13e-05 0.0001157 9.94e-05 0.00013925 0.0001193 0.0001159 0.00011645 0.00012075 0.0001702 0.00014395 0.00012095 0.0001449 0.00010005 0.00013935 7.715e-05 0.0001069 0.0001168 0.00013795 9.97e-05 6.14e-05 0.00015395 0.0001274 0.0001702 0.0001194 0.0001194 0.00014045 0.00010035 0.00011685 0.0001403 6.115e-05 0.0001139 0.0001217 0.0001149 0.0001435 9.95e-05 0.0001158 0.00017015 5.975e-05 9.075e-05 0.00011645 0.00012415 0.00017005 0.0001169 0.000115 6.115e-05 0.0001209 9.84e-05 0.0001163 0.0001273 0.0001456 0.00011585 0.0001046 9.42e-05 0.0001282 0.0001701 0.000123 0.0001692 0.0001224 9.96e-05 0.00012095 0.00014695 0.00012005 0.00011505 0.00014505 8.43e-05 9.955e-05 9.94e-05 8.96e-05 0.00010035 0.0001222 0.0001455 0.00012405 9.26e-05 9.99e-05 0.00016945 0.00015275 0.00014625 0.00013925 0.0001673 0.00010025 0.00017015 6.205e-05 0.0001219 0.00011645 9.1e-05 8.955e-05 0.00010825 0.0001702 0.00015415 0.00015395 0.00011495 0.0001448 0.0001445 9.06e-05 0.00011915 6.23e-05
29 0.00014175 0.00012605 0.00012635 0.0001311 0.00012505 9.135e-05 0.00011565 6.07e-05 0.00012775 8.98e-05 8.96e-05 0.00016655 5.465e-05 9.28e-05 8.565e-05 9.16e-05 0.0001157 6.08e-05 9.93e-05 0.00010065 8.955e-05 0.0001048 0.0001156 0.00012485 8.07e-05 0.00011945 5.46e-05 0.0001277 0.00014045 0.0001088 0.00011565 8.98e-05 5.475e-05 0.00012495 9.725e-05 8.865e-05 9.445e-05 9.235e-05 0.00011795 8.99e-05 5.575e-05 0.00012515 0.00012605 9.02e-05 8.85e-05 5.485e-05 8.905e-05 9.055e-05 0.0001402 8.54e-05 0.0001145 9.005e-05 0.0001195 9.27e-05 8.975e-05 0.0001116 8.84e-05 0.00011705 5.47e-05 8.66e-05 5.59e-05 8.8e-05 0.00011735 8.545e-05 8.71e-05 8.705e-05 8.995e-05 9.16e-05 9.355e-05 0.0001158 0.0001165 0.0001266 0.0001153 8.915e-05 9.24e-05 8.86e-05 0.00012605 0.0001139 5.64e-05 8.305e-05 9.1e-05 6.06e-05 5.505e-05 0.00011555 5.475e-05 0.00012485 8.885e-05 8.96e-05 0.0001652 0.0001418 6.635e-05 5.48e-05 8.065e-05 8.09e-05 8.985e-05 9.15e-05 9.12e-05 8.62e-05 0.00012775 0.0001245
30 9.71e-05 6.65e-05 7.02e-05 0.00013505 6.655e-05 9.08e-05 6.505e-05 0.0001163 6.7e-05 9.245e-05 9.09e-05 0.0001103 0.0001183 9.2e-05 0.0001126 9.29e-05 6.42e-05 0.0001164 9.545e-05 9.225e-05 9.165e-05 6.695e-05 6.425e-05 6.87e-05 9.115e-05 8.55e-05 0.0001183 6.7e-05 0.00010035 0.00011565 0.0001274 9.17e-05 0.0001155 6.905e-05 9.085e-05 0.000109 9.09e-05 9.155e-05 8.46e-05 9.235e-05 0.0001171 7.355e-05 6.885e-05 9.19e-05 9.335e-05 0.00011815 9e-05 9.595e-05 9.58e-05 0.0001125 7.055e-05 9.175e-05 8.555e-05 9.05e-05 9.24e-05 8.53e-05 9.05e-05 6.53e-05 0.0001182 8.915e-05 0.00011735 0.0001099 8.55e-05 0.00011235 9.48e-05 0.00011175 9.6e-05 9.29e-05 9.12e-05 6.52e-05 8.49e-05 7.045e-05 6.59e-05 0.0001095 9.145e-05 9.325e-05 6.545e-05 6.825e-05 0.0001176 0.0001111 9.215e-05 0.0001163 0.00011695 6.39e-05 0.00011825 6.555e-05 0.0001092 9.09e-05 0.0001091 9.715e-05 0.00011425 0.0001183 9.135e-05 9.115e-05 9.59e-05 9.28e-05 9.25e-05 0.0001107 6.705e-05 6.54e-05
31 0.0001148 9.115e-05 9.48e-05 0.0001338 9.045e-05 9.025e-05 9.16e-05 9.115e-05 9.295e-05 8.945e-05 8.905e-05 0.00013555 8.865e-05 9.165e-05 0.00010145 9.105e-05 9.17e-05 9.125e-05 9.44e-05 9.24e-05 8.835e-05 9.14e-05 9.165e-05 9.355e-05 9.105e-05 0.00010375 8.865e-05 9.265e-05 0.00011685 8.98e-05 9.17e-05 0.0001761 8.955e-05 9.36e-05 9.35e-05 0.0001041 9.3e-05 9.12e-05 0.00010155 8.945e-05 8.89e-05 9.71e-05 9.435e-05 8.985e-05 9.08e-05 8.84e-05 9.035e-05 9.335e-05 0.0001133 0.0001012 9.42e-05 8.97e-05 0.00010395 9.255e-05 8.95e-05 0.0001038 9.175e-05 9.3e-05 8.855e-05 9.355e-05 8.92e-05 0.00010345 0.000102 0.0001013 9.005e-05 0.0001021 9.295e-05 9.09e-05 9.23e-05 9.175e-05 0.0001004 9.52e-05 9.175e-05 0.0001046 9.125e-05 9.07e-05 9.135e-05 8.98e-05 8.945e-05 0.0001016 9.045e-05 9.115e-05 8.895e-05 9.165e-05 8.86e-05 9.025e-05 0.0001043 8.915e-05 0.0001343 0.00011485 9.36e-05 8.865e-05 9.125e-05 9.105e-05 9.285e-05 9.095e-05 9.065e-05 0.00010135 9.3e-05 8.91e-05
32 0.0001416 0.0001259 0.0001262 0.00013095 0.0001249 9.12e-05 0.0001155 6.055e-05 0.0001276 8.985e-05 8.925e-05 0.0001664 5.485e-05 9.265e-05 8.565e-05 9.145e-05 0.00011555 6.065e-05 9.905e-05 0.0001004 8.96e-05 0.00010465 0.00011545 0.0001247 8.075e-05 0.0001193 5.485e-05 0.00012755 0.0001403 5.475e-05 0.0001155 8.955e-05 0.0001085 0.0001248 9.71e-05 8.85e-05 9.43e-05 9.22e-05 0.0001178 8.975e-05 5.56e-05 0.000125 0.0001259 9.005e-05 8.855e-05 5.45e-05 8.89e-05 9.04e-05 0.00014005 8.54e-05 0.00011435 8.99e-05 0.00011935 9.245e-05 8.98e-05 0.00011145 8.825e-05 0.0001169 5.475e-05 8.645e-05 5.6e-05 8.785e-05 0.0001172 8.55e-05 8.71e-05 8.69e-05 9e-05 9.145e-05 9.34e-05 0.00011565 0.00011625 0.00012645 0.00011515 8.9e-05 9.225e-05 8.845e-05 0.0001259 0.00011375 5.625e-05 8.28e-05 9.085e-05 6.055e-05 5.515e-05 0.0001154 5.48e-05 0.0001247 8.87e-05 8.945e-05 0.00016505 0.00014165 6.62e-05 5.485e-05 8.095e-05 8.075e-05 8.99e-05 9.135e-05 9.105e-05 8.605e-05 0.0001276 0.00012435
33 9.01e-05 5.955e-05 5.89e-05 0.000143 3.115e-05 9.12e-05 6.9e-05 0.00012395 8.8e-05 9.32e-05 9.285e-05 0.00011205 0.0001549 0.00012015 0.00011665 0.0001215 6.825e-05 0.00012405 5.44e-05 8.34e-05 9.355e-05 0.0001066 6.89e-05 3.045e-05 0.00013095 0.00011525 0.0001549 8.82e-05 6.115e-05 0.00012495 6.905e-05 9.36e-05 0.0001248 5.94e-05 9.05e-05 0.0001175 9.11e-05 0.0001197 8.735e-05 9.31e-05 0.00015385 2.975e-05 5.9e-05 9.25e-05 0.0001008 0.00015475 9.31e-05 9.235e-05 6.105e-05 0.00011635 6.805e-05 9.235e-05 0.000115 0.0001222 9.315e-05 9.22e-05 7.065e-05 9.71e-05 0.0001548 0.0001 0.0001535 0.0001182 8.675e-05 0.00011645 0.0001233 0.00011535 9.24e-05 0.0001218 6.11e-05 6.915e-05 8.525e-05 5.885e-05 6.91e-05 0.000118 0.0001217 0.0001007 6.04e-05 6.885e-05 0.00015375 0.00014855 0.00012285 0.00012395 0.00015195 6.895e-05 0.00015485 3.055e-05 0.0001177 9.285e-05 8.21e-05 9.015e-05 9.295e-05 0.0001549 0.00013115 0.00013095 9.23e-05 0.0001214 0.0001211 8.63e-05 8.765e-05 3.165e-05
34 0.0001078 6.57e-05 6.855e-05 0.00013935 8.845e-05 0.00011305 9.11e-05 9.075e-05 6.24e-05 9.425e-05 9.36e-05 0.0001383 0.0001194 9.075e-05 0.0001288 9.1e-05 0.00011005 9.07e-05 9.585e-05 8.96e-05 9.345e-05 0.00011595 9.09e-05 7.125e-05 0.0001165 8.47e-05 0.0001194 6.29e-05 0.0001139 9.725e-05 9.085e-05 9.35e-05 9.71e-05 9.05e-05 0.0001238 8.43e-05 7.465e-05 9.03e-05 8.71e-05 9.415e-05 0.00011905 7.435e-05 6.715e-05 0.0001135 0.0001158 0.00011925 9.295e-05 9.64e-05 0.00013 0.00011225 9.61e-05 0.00011335 8.435e-05 8.19e-05 9.42e-05 0.00012525 9.345e-05 8.765e-05 0.0001193 8.77e-05 0.0001191 9.98e-05 0.0001223 0.0001286 0.0001196 0.0001286 9.695e-05 9.14e-05 8.98e-05 9.125e-05 9.94e-05 6.815e-05 7.765e-05 8.45e-05 9.845e-05 0.0001157 9.23e-05 9.37e-05 0.00011935 0.0001129 9.85e-05 9.06e-05 0.0001175 9.075e-05 0.00011935 8.785e-05 8.42e-05 9.36e-05 0.00013345 0.0001076 6.205e-05 0.0001194 0.0001167 0.0001165 9.685e-05 9.07e-05 9.06e-05 0.00010715 6.215e-05 6.805e-05
35 0.0001202 0.0001015 0.0001023 0.00013705 0.00011685 0.0001186 0.0001087 8.63e-05 0.0001009 0.00010385 0.00010375 0.00014905 0.0001051 0.0001033 0.00010645 0.00010315 0.0001232 8.64e-05 0.00011165 0.0001102 0.00010405 0.000118 0.0001087 0.00010325 0.0001102 8.415e-05 0.0001051 0.000101 0.0001217 8.865e-05 0.000109 0.0001041 8.85e-05 0.0001175 8.43e-05 0.000134 8.675e-05 0.00010285 8.525e-05 0.00010375 0.00010555 0.00010375 0.0001021 0.00011865 0.0001187 0.00010495 0.0001027 0.00010405 0.0001354 9.52e-05 0.00011115 0.0001185 8.395e-05 8.53e-05 0.0001038 0.0001114 0.00010205 0.0001078 0.000105 9.14e-05 0.0001052 8.295e-05 0.0001154 0.0001064 0.0001209 0.00010665 0.0001045 0.0001033 0.00010175 0.00010885 0.00010115 0.0001024 9.52e-05 6.775e-05 0.0001035 0.0001186 0.0001164 0.00011165 0.00010545 8.615e-05 0.00010315 8.63e-05 0.00010425 0.0001089 0.00010505 0.0001169 6.735e-05 0.00010375 0.0001497 0.00012025 6.73e-05 0.0001051 0.0001104 0.0001102 0.0001044 0.00010305 0.00010275 9.09e-05 0.00010075 0.00010255
36 0.00011305 7.52e-05 7.49e-05 0.0001355 9.175e-05 0.0001062 9.07e-05 9.265e-05 7.325e-05 9.33e-05 9.31e-05 0.0001323 0.0001091 8.965e-05 0.00011955 9.115e-05 0.000105 9.275e-05 9.285e-05 9.105e-05 9.295e-05 0.00010575 9.06e-05 7.695e-05 0.00010675 8.555e-05 0.0001091 7.35e-05 0.0001149 9.445e-05 9.09e-05 9.3e-05 9.43e-05 9.11e-05 7.465e-05 8.675e-05 0.0001444 8.92e-05 8.73e-05 9.32e-05 0.00010825 7.645e-05 7.42e-05 0.0001074 0.00010725 0.00010895 9.335e-05 9.28e-05 0.0001295 0.00010785 9.15e-05 0.00010725 8.52e-05 7.48e-05 9.325e-05 0.0001166 9.24e-05 8.835e-05 0.000109 9.03e-05 0.00010755 0.0001025 0.0001172 0.0001194 0.00010905 0.0001181 9.285e-05 9.155e-05 8.915e-05 9.085e-05 0.00010015 7.475e-05 7.615e-05 8.725e-05 8.935e-05 0.00010715 8.915e-05 9.23e-05 0.0001078 0.0001033 9.065e-05 9.265e-05 0.00010825 9.08e-05 0.00010905 9.16e-05 8.695e-05 9.31e-05 0.0001348 0.0001131 7.615e-05 0.0001091 0.00010695 0.00010675 9.275e-05 9.105e-05 9.075e-05 0.0001044 7.275e-05 7.69e-05
37 0.0001134 8.99e-05 9.08e-05 0.00012775 0.00011915 8.985e-05 9.135e-05 9.18e-05 6.09e-05 9.15e-05 9.13e-05 0.00012765 6.375e-05 6.06e-05 0.00010365 6.23e-05 9.13e-05 9.19e-05 0.0001217 9.165e-05 9.115e-05 6.285e-05 9.125e-05 0.0001199 6.385e-05 7.365e-05 6.375e-05 6.115e-05 0.0001435 9.235e-05 9.155e-05 9.12e-05 9.22e-05 0.0001197 9.03e-05 0.00010285 8.92e-05 0.0001203 0.00010245 9.14e-05 6.29e-05 0.0001206 9.01e-05 9.15e-05 8.52e-05 6.36e-05 9.115e-05 9.22e-05 0.00014255 0.0001032 9.24e-05 9.135e-05 7.33e-05 6.385e-05 9.145e-05 0.00010315 0.0001136 6.195e-05 6.365e-05 9.19e-05 6.2e-05 0.0001026 0.00010215 0.0001035 6.37e-05 0.000102 9.225e-05 6.27e-05 0.0001179 9.15e-05 9.93e-05 9.065e-05 9.17e-05 0.00010335 6.125e-05 8.51e-05 9.045e-05 9.05e-05 6.225e-05 7.49e-05 6.275e-05 9.18e-05 6.48e-05 9.145e-05 6.37e-05 0.000119 0.00010305 9.13e-05 0.00015625 0.00011345 0.0001198 6.375e-05 6.405e-05 6.385e-05 9.215e-05 6.22e-05 6.19e-05 0.00013205 6.04e-05 0.00011865
38 9.68e-05 6.975e-05 7.34e-05 0.00013625 8.405e-05 0.00011665 8.435e-05 0.00011915 7.09e-05 0.00010245 0.0001023 0.00011815 0.0001354 0.0001029 0.00011855 0.0001034 9.895e-05 0.00011925 0.00010545 0.0001028 0.0001015 0.0001015 8.44e-05 7.295e-05 0.00011755 6.91e-05 0.0001354 7.06e-05 9.95e-05 0.00011795 8.46e-05 0.00010155 0.0001178 8.735e-05 8.71e-05 8.525e-05 8.73e-05 0.00010245 0.0001352 0.00010245 0.00013515 7.635e-05 7.31e-05 0.00011735 0.0001178 0.00013525 0.00010085 0.0001059 0.00011045 0.0001073 8.875e-05 0.0001172 6.945e-05 8.53e-05 0.0001025 0.00010075 0.00010015 8.51e-05 0.0001353 0.0001013 0.00013485 0.00010085 9.9e-05 0.0001185 0.00012005 0.0001181 0.00010595 0.00010325 0.0001019 8.45e-05 8.67e-05 7.38e-05 7.1e-05 8.55e-05 0.0001022 0.0001177 8.415e-05 8.64e-05 0.0001351 0.00010145 0.0001025 0.00011915 0.0001342 8.455e-05 0.00013535 8.4e-05 8.545e-05 0.0001023 0.000118 9.685e-05 0.00010285 0.0001354 0.00011775 0.00011755 0.00010585 0.0001033 0.000103 0.0001024 7.095e-05 6.85e-05
