 slim_337516540 slim_337516619 slim_337516654 slim_337516589 slim_337516671 slim_337516469 slim_337516683 slim_337516690 slim_337516693 slim_337516545 slim_337516519 slim_337516400 slim_337516302 slim_337516678 slim_337516696 slim_337516506 slim_337516660 slim_337516638 slim_337516623 slim_337516501 slim_337516668 slim_337516666 slim_337516669 slim_337516609 slim_337516649 slim_337516548 slim_337516685 slim_337516689 slim_337516625 slim_337516697 slim_337516504 slim_337516588 slim_337516486 slim_337516684 slim_337516605 slim_337516641 slim_337516653 slim_337516633 slim_337516532 slim_337516662 slim_337516584 slim_337516453 slim_337516492 slim_337516686 slim_337516658 slim_337516587 slim_337516202 slim_337516468 slim_337516656 slim_337516644 slim_337516195 slim_337516673 slim_337516612 slim_337516613 slim_337516682 slim_337516578 slim_337516602 slim_337516541 slim_337516553 slim_337516665 slim_337516688 slim_337516634 slim_337516677 slim_337516680 slim_337516500 slim_337516596 slim_337516600 slim_337516242 slim_337516651 slim_337516411 slim_337516595 slim_337516476 slim_337516672 slim_337516670 slim_337516620 slim_337516675 slim_337516667 slim_337516530 slim_337516635 slim_337516647 slim_337516414 slim_337516698 slim_337516645 slim_337516475 slim_337516626 slim_337516357 slim_337516479 slim_337516402 slim_337516655 slim_337516480 slim_337516640 slim_337516646 slim_337516381 slim_337516694 slim_337516692 slim_337516621 slim_337516603 slim_337516663 slim_337516568 slim_337516681
0 0.0005592 0.000319 0.00032695 0.00033595 0.0003218 0.0003334 0.0003064 0.0003253 0.0003535 0.0003535 0.00030395 0.0002972 0.0003166 0.0003469 0.0003274 0.00031085 0.00035065 0.0003556 0.0003543 0.0003506 0.0003468 0.0002974 0.0003374 0.0003354 0.0003318 0.00035075 0.00033335 0.00035345 0.0003474 0.00031795 0.00029675 0.00033005 0.0003115 0.00031345 0.0003503 0.00035035 0.00035365 0.00035675 0.00036075 0.0003352 0.0003535 0.0003298 0.00035365 0.00029825 0.0003533 0.00031345 0.00035715 0.00034085 0.00032735 0.0002968 0.0003547 0.0002968 0.0003154 0.0003333 0.00034945 0.00033385 0.00033585 0.0003273 0.0003188 0.00035505 0.0003538 0.00033555 0.00031195 0.00034285 0.00035685 0.0003287 0.0003506 0.00036065 0.000283 0.0003374 0.0003183 0.00029935 0.0003186 0.000351 0.00029735 0.0003473 0.00033565 0.0003039 0.00034375 0.00031835 0.0003335 0.00033575 0.000329 0.0003502 0.00033695 0.00033185 0.0003116 0.00033825 0.00035765 0.00031005 0.0003541 0.0003535 0.00031485 0.00033355 0.00031355 0.0003516 0.0003467 0.0003017 0.00035715 0.00032225
1 0.000319 0.0001656 0.0003148 0.00015565 0.00040585 0.0002791 0.0003929 0.0003919 0.00027215 0.0002714 0.0001891 0.00018465 0.00023035 0.000243 0.0001777 8.41e-05 0.00025835 0.0002854 0.00017045 0.00025715 0.00017065 8.41e-05 0.0002653 0.0001855 0.0002715 0.0001845 0.000279 0.0002721 0.0001707 0.0003926 0.0001559 0.0001716 0.00031935 0.0003554 0.00018455 0.0002171 0.00027155 0.00018515 0.0002728 0.0002574 0.00027215 0.0002389 0.0002723 0.0004968 0.00027195 0.0003552 0.0001848 0.000349 0.00017765 0.00039165 0.00019655 0.00039165 0.00017065 0.00027895 0.00018465 0.0001852 0.0001842 0.00017765 0.0003191 0.0001969 0.00027175 0.00018495 0.00025005 0.00014825 0.00028595 0.00015625 0.0001557 0.0002727 0.00030475 0.00025875 0.00042 0.00025815 0.0001842 0.00020635 0.00015615 0.00017055 0.00025715 0.00038405 0.0002571 0.00018465 0.00034825 0.00018515 0.00029605 0.00025675 0.0003621 0.0001708 8.335e-05 0.0001571 0.00025855 0.00027195 0.00017025 0.0002681 0.00040615 0.00027845 0.00035535 0.0002862 0.00017075 0.0004826 0.0002855 0.00017125
2 0.00032695 0.0003148 0.0002193 0.0002204 0.00023015 0.0003276 0.00039625 0.0002508 0.0001377 0.00013825 0.0002887 0.0002661 0.0002299 0.00013095 0.0003943 0.00032 0.0001523 0.00012315 0.00021105 0.0001174 0.00020335 0.00034955 0.0003491 0.00023105 0.00016175 0.00019045 0.00032765 0.00013765 0.0002043 0.0002428 0.00026555 0.00021385 0.00027435 0.00037545 0.00018985 0.0001869 0.0001384 0.00019585 0.0001449 0.0001471 0.0001377 0.0001613 0.00013785 0.00025635 0.0001375 0.0003753 0.0001965 0.00019265 0.00039425 0.0002325 0.00020355 0.0002325 0.0002561 0.0003275 0.00018915 0.0002429 0.0002208 0.0003942 0.00028195 0.0002039 0.0001383 0.00023155 0.0003514 0.00025585 0.00012385 0.0002242 0.0001898 0.0001448 0.0003477 0.0002057 0.0002093 0.00025215 0.0002422 0.00018265 0.00026575 0.0002042 0.000148 0.00026795 0.0001105 0.0002417 0.00018535 0.00023185 0.00030885 0.00011715 0.0001718 0.00024505 0.00030725 0.000279 0.00015935 0.0005321 0.00021085 0.00013775 0.00022285 0.0003283 0.0003754 0.0001187 0.0002033 0.00027715 0.0001248 0.0002633
3 0.00033595 0.00015565 0.0002204 0.0002332 0.00032955 0.0002793 0.0003821 0.0003327 0.000179 0.0001786 0.00020085 0.00018515 0.00017515 0.00014955 0.0002501 0.00016995 0.00018245 0.0001754 0.00014945 0.0001465 0.00014975 0.00016765 0.00028295 0.00015805 0.00017845 0.00014635 0.00027935 0.00017895 0.00014975 0.00033285 0.0001558 0.00017745 0.00029725 0.00038965 0.00014655 0.0001759 0.00017875 0.0001466 0.0001795 0.00014625 0.000179 0.0001472 0.00017915 0.00043675 0.0001788 0.0003896 0.0001464 0.00028975 0.00025005 0.000297 0.0001621 0.000297 0.00018845 0.0002793 0.0001465 0.0001715 0.00014585 0.00025005 0.0002972 0.00016245 0.00017885 0.00015775 0.0002497 0.0001333 0.0001756 0.0001285 0.000117 0.0001794 0.00033915 0.00020415 0.00032625 0.0002426 0.0001851 0.0001547 0.00015595 0.0001496 0.00014625 0.0003134 0.00014655 0.0001853 0.00028915 0.00015795 0.00028585 0.0001461 0.0002859 0.0001608 0.00015595 0.0001747 0.0001827 0.00038295 0.0001493 0.0001748 0.0003295 0.00027915 0.0003896 0.00017585 0.0001496 0.00044 0.0001755 0.000189
4 0.0003218 0.00040585 0.00023015 0.00032955 0.0003882 0.0003365 0.0003081 0.0001948 0.00020095 0.0002002 0.0003483 0.00034305 0.0003335 0.00023555 0.00042635 0.0004112 0.00020715 0.0001965 0.0002851 0.00022985 0.0002899 0.0004382 0.0003369 0.0003115 0.0002217 0.000285 0.0003363 0.0002009 0.0002909 0.00020035 0.0003722 0.0003015 0.0002844 0.0003364 0.0002839 0.00025315 0.00020035 0.00027885 0.000196 0.00024545 0.00020095 0.00025295 0.0002011 0.00019495 0.00020075 0.0003361 0.00027935 0.0001958 0.0004263 0.00024535 0.0002782 0.00024535 0.00032755 0.00033625 0.00028705 0.00031065 0.00030035 0.00042635 0.0002793 0.00027855 0.00020085 0.00031125 0.0003866 0.00034655 0.00019515 0.000346 0.000314 0.0001959 0.00032145 0.0002831 0.00019455 0.0003262 0.0003217 0.0002811 0.0003723 0.0002906 0.0002455 0.0002624 0.000236 0.00032185 0.00020065 0.00031145 0.0003568 0.0002297 0.0001946 0.0003168 0.000411 0.0003673 0.00020165 0.00047785 0.0002849 0.0002043 0.0002006 0.00033575 0.00033635 0.00019835 0.00029015 0.0001946 0.0001947 0.0003227
5 0.0003334 0.0002791 0.0003276 0.0002793 0.0003365 0.0005549 0.0003332 0.00034005 0.0002815 0.0002817 0.0002785 0.00027935 0.0002983 0.000282 0.0002787 0.00027925 0.0002858 0.00027825 0.0002825 0.00027875 0.00028195 0.0002795 0.00028205 0.00027855 0.00028215 0.000279 0.0002779 0.00028145 0.0002827 0.00033955 0.0002792 0.00028185 0.0003332 0.00033675 0.0002785 0.00027865 0.00028185 0.00027785 0.0002818 0.00027835 0.0002815 0.00028015 0.00028165 0.00039145 0.0002813 0.0003366 0.00027835 0.0003406 0.00027865 0.0003336 0.000283 0.0003336 0.00028235 0.00027775 0.0002792 0.0002784 0.00027925 0.0002787 0.00033365 0.00028335 0.00028185 0.0002788 0.00027835 0.0002788 0.0002778 0.00027895 0.0002789 0.0002817 0.0003368 0.0002973 0.000333 0.0002982 0.0002786 0.00027925 0.00027945 0.0002825 0.000279 0.0003331 0.0002788 0.00027835 0.0003402 0.0002791 0.00035065 0.00027835 0.0003367 0.00028215 0.0002787 0.00029825 0.00028585 0.0002783 0.0002823 0.00028165 0.0003365 0.0002782 0.00033635 0.0002782 0.0002819 0.0003949 0.0002784 0.0002826
6 0.0003064 0.0003929 0.00039625 0.0003821 0.0003081 0.0003332 0.0004373 0.0003116 0.00039955 0.00039955 0.00037275 0.00038375 0.0004028 0.0004054 0.0003395 0.0003981 0.0004092 0.0003925 0.0004003 0.0003966 0.00040535 0.0003837 0.00033725 0.0003814 0.00039055 0.0003967 0.00033325 0.0003995 0.00040585 0.00031675 0.00038345 0.0004161 0.00031015 0.00030975 0.00039635 0.00039635 0.0003997 0.00039015 0.00039425 0.0003814 0.00039955 0.0003885 0.0003997 0.00028105 0.00039935 0.00030985 0.00039065 0.00037085 0.00033945 0.00029575 0.0004007 0.00029575 0.00040175 0.0003332 0.00039875 0.0003811 0.00038205 0.0003395 0.00030495 0.0004011 0.00039985 0.00038155 0.0003244 0.0003712 0.0003904 0.00038715 0.00039655 0.0003942 0.0003098 0.00041125 0.0003046 0.0004136 0.00039255 0.000397 0.00038385 0.00040565 0.00038185 0.00028505 0.00040225 0.0003923 0.00037605 0.00038175 0.00033765 0.00039615 0.000367 0.00039035 0.0003979 0.00041205 0.00040365 0.000276 0.0004001 0.0003995 0.00031365 0.00033345 0.00030985 0.0003936 0.0004051 0.0002845 0.0003907 0.00039625
7 0.0003253 0.0003919 0.0002508 0.0003327 0.0001948 0.00034005 0.0003116 0.0003474 0.00020085 0.0002005 0.0003516 0.0003464 0.0003341 0.0002354 0.0004125 0.0003975 0.000187 0.00021755 0.00026745 0.0002507 0.00027255 0.0004245 0.0003203 0.00031505 0.0002215 0.00028825 0.00033975 0.0002008 0.00027365 0.0001805 0.00037565 0.00028505 0.0002879 0.0003194 0.00028775 0.0002569 0.00020065 0.0002824 0.00019665 0.00026605 0.00020085 0.000255 0.000201 0.00019505 0.00020065 0.000319 0.00028265 0.0001759 0.00041245 0.0002659 0.00026195 0.0002659 0.0003102 0.0003397 0.0002903 0.0003141 0.0003035 0.0004125 0.00028255 0.0002623 0.00020065 0.00031475 0.00039005 0.0003493 0.0002158 0.0003495 0.00031725 0.00019655 0.00030445 0.00028385 0.0002156 0.00032695 0.0003251 0.00028495 0.00037565 0.0002731 0.00026605 0.0002825 0.000256 0.0003253 0.00018 0.00031495 0.00036005 0.0002503 0.00019515 0.0002998 0.0003973 0.00035065 0.0001815 0.00046425 0.0002674 0.0002042 0.00020045 0.0003396 0.00031935 0.000219 0.00027315 0.0001742 0.00021575 0.0003062
8 0.0003535 0.00027215 0.0001377 0.000179 0.00020095 0.0002815 0.00039955 0.00020085 6.89e-05 3.49e-05 0.0002344 0.00021845 0.00020885 6.385e-05 0.00036645 0.00028565 3.57e-05 3.52e-05 0.0001195 6.44e-05 0.00011845 0.0003137 0.0002825 0.00016055 6.52e-05 0.00011965 0.0002814 3.46e-05 0.00011985 0.00020055 0.0002474 0.00014655 0.0002845 0.00038915 0.0001189 8.75e-05 3.505e-05 0.0001186 3.575e-05 9.42e-05 3.465e-05 9.645e-05 3.48e-05 0.00030795 3.445e-05 0.00038885 0.0001192 0.0001433 0.0003664 0.0002602 0.00011285 0.0002602 0.0001877 0.00028125 0.0001198 0.0001736 0.00015 0.0003664 0.00028525 0.0001132 3.495e-05 0.00016075 0.0003412 0.0002069 3.475e-05 0.00018965 0.00014845 3.565e-05 0.00035355 0.0001488 0.0002008 0.00021825 0.00018775 0.0001158 0.0002475 0.0001194 9.48e-05 0.0002881 6.39e-05 0.00018755 0.0001421 0.00016105 0.0003475 6.4e-05 0.0001425 0.0001606 0.00027145 0.0002336 3.595e-05 0.0005287 0.00011925 3.845e-05 0.0002004 0.00028175 0.0003891 3.51e-05 0.0001189 0.00030805 3.54e-05 0.0001889
9 0.0003535 0.0002714 0.00013825 0.0001786 0.0002002 0.0002817 0.00039955 0.0002005 3.49e-05 6.76e-05 0.00023365 0.00021775 0.00020845 6.35e-05 0.0003657 0.0002849 3.5e-05 3.42e-05 0.0001188 6.38e-05 0.00011775 0.00031295 0.00028175 0.00016075 6.455e-05 0.00011905 0.0002815 3.485e-05 0.0001192 0.0002008 0.000247 0.00014645 0.0002845 0.00038855 0.00011775 8.73e-05 3.395e-05 0.0001188 3.595e-05 9.475e-05 3.49e-05 9.615e-05 3.505e-05 0.0003081 3.47e-05 0.00038825 0.0001194 0.0001427 0.00036565 0.00026055 0.0001121 0.00026055 0.000187 0.00028145 0.0001192 0.0001739 0.0001493 0.00036565 0.00028525 0.00011245 3.445e-05 0.00016015 0.0003408 0.00020615 3.51e-05 0.00018925 0.00014805 3.585e-05 0.00035315 0.0001489 0.0002004 0.0002175 0.00018715 0.00011515 0.0002471 0.0001187 9.445e-05 0.0002881 6.395e-05 0.00018765 0.00014155 0.00016035 0.00034675 6.365e-05 0.0001415 0.00015995 0.0002707 0.00023285 3.525e-05 0.00052795 0.0001186 3.805e-05 0.00020045 0.0002806 0.0003885 3.535e-05 0.00011825 0.0003078 3.43e-05 0.00018815
10 0.00030395 0.0001891 0.0002887 0.00020085 0.0003483 0.0002785 0.00037275 0.0003516 0.0002344 0.00023365 0.0002946 0.00015945 0.00017905 0.00023415 0.00027825 0.00018965 0.0002376 0.0002304 0.00023405 0.00023105 0.00023375 0.00014855 0.0002821 0.0001901 0.0002037 0.00023065 0.0002788 0.00023435 0.00023415 0.00035185 0.0001595 0.0002341 0.00034525 0.00037235 0.0002304 0.0002311 0.0002338 0.00023085 0.0002348 0.00020125 0.0002344 0.00020205 0.00023455 0.00043925 0.0002342 0.00037225 0.00023095 0.00032825 0.0002782 0.0003157 0.00021835 0.0003157 0.00019275 0.00027875 0.0002308 0.00019005 0.0002005 0.0002782 0.00034545 0.0002187 0.000234 0.00018955 0.0002483 0.000189 0.00023095 0.00018975 0.00023075 0.0002347 0.00030695 0.0002086 0.0003452 0.0001668 0.00018915 0.00021475 0.00015985 0.00023395 0.000201 0.00030385 0.00023135 0.0001896 0.00032775 0.00018975 0.0003254 0.00023065 0.00032435 0.0001927 0.00018895 0.0002083 0.0002378 0.0003263 0.00023385 0.00023395 0.0003486 0.00027825 0.000372 0.0002312 0.00023375 0.0004423 0.0002305 0.000193
11 0.0002972 0.00018465 0.0002661 0.00018515 0.00034305 0.00027935 0.00038375 0.0003464 0.00021845 0.00021775 0.00015945 0.0002811 0.00016145 0.00020565 0.0002672 0.00018405 0.0002091 0.0002238 0.0002186 0.0002152 0.0002049 0.0001412 0.0002823 0.00018515 0.0001745 0.00021535 0.000279 0.0002184 0.0002062 0.000334 0.00014175 0.00020575 0.00032765 0.00036595 0.0002143 0.00021525 0.0002179 0.00022775 0.00023155 0.00018505 0.00021845 0.00017315 0.0002186 0.0004271 0.00021825 0.0003655 0.0002282 0.00031805 0.00026715 0.00029755 0.0002136 0.00029755 0.0001748 0.00027895 0.00021215 0.000197 0.0001845 0.00026705 0.00034075 0.00021395 0.000218 0.00018455 0.0002362 0.000203 0.00022765 0.00017225 0.00021545 0.00023145 0.0003001 0.0002037 0.00034005 0.0001605 0.00018415 0.00021005 0.00014125 0.0002061 0.00018475 0.0003154 0.00020285 0.00018465 0.00030485 0.00018475 0.00031935 0.0002148 0.0003142 0.00017505 0.0001716 0.0002039 0.00022185 0.0003307 0.0002184 0.00021805 0.0003307 0.0002785 0.0003659 0.00021945 0.0002054 0.00043005 0.00022725 0.0001882
12 0.0003166 0.00023035 0.0002299 0.00017515 0.0003335 0.0002983 0.0004028 0.0003341 0.00020885 0.00020845 0.00017905 0.00016145 0.0001535 0.00016715 0.0003125 0.00023025 0.00019645 0.00021715 0.0002352 0.0001793 0.0002221 0.00018795 0.00029835 0.00020455 0.00016575 0.00023475 0.00029825 0.0002088 0.00022295 0.00032145 0.00013225 0.0002222 0.00034665 0.00038245 0.0002341 0.00026075 0.0002086 0.0002466 0.00022105 0.00014885 0.00020885 0.00013855 0.000209 0.00041735 0.00020865 0.0003823 0.0002471 0.0003051 0.00031245 0.00026135 0.0002047 0.00026135 0.0001921 0.0002982 0.0002316 0.00021675 0.00020425 0.0003124 0.00035965 0.00020505 0.0002087 0.00020425 0.00022625 0.00020525 0.00022065 0.00016275 0.00020545 0.00022095 0.00031695 0.000149 0.00033305 0.00010635 0.00020395 0.00020085 0.0001324 0.00022285 0.00014885 0.00029145 0.0001672 0.00020415 0.0002928 0.00020445 0.00029435 0.0001789 0.00030475 0.0001921 0.0002174 0.0001754 0.00020905 0.0003759 0.000235 0.0002047 0.0003211 0.00029805 0.0003824 0.0002125 0.00022205 0.00041775 0.00022055 0.0002044
13 0.0003469 0.000243 0.00013095 0.00014955 0.00023555 0.000282 0.0004054 0.0002354 6.385e-05 6.35e-05 0.00023415 0.00020565 0.00016715 0.0001009 0.00032505 0.0002564 5.17e-05 7.31e-05 0.00011915 6.38e-05 0.00010555 0.000272 0.0002824 0.00016085 8.12e-05 0.0001195 0.00028185 6.38e-05 0.00010705 0.00022305 0.0002055 0.0001341 0.0002777 0.00038235 0.0001186 0.00011645 6.365e-05 0.00013135 7.75e-05 9.43e-05 6.37e-05 8.335e-05 6.4e-05 0.00033605 6.365e-05 0.0003821 0.00013205 0.00017775 0.000325 0.0002533 0.00011255 0.0002533 0.0001749 0.0002818 0.0001163 0.0001866 0.00014965 0.0003249 0.0002911 0.0001129 6.365e-05 0.0001605 0.0002994 0.0001902 7.66e-05 0.0001476 0.00011895 7.74e-05 0.00034675 0.00014915 0.0002356 0.0002056 0.0001876 0.00011185 0.0002056 0.0001067 9.425e-05 0.00029395 5.085e-05 0.00018785 0.00016395 0.0001607 0.0003117 6.335e-05 0.000177 0.0001477 0.00022965 0.0002045 6.45e-05 0.0004873 0.00011895 6.33e-05 0.00022255 0.0002817 0.0003823 6.84e-05 0.0001059 0.00033595 7.655e-05 0.00018865
14 0.0003274 0.0001777 0.0003943 0.0002501 0.00042635 0.0002787 0.0003395 0.0004125 0.00036645 0.0003657 0.00027825 0.0002672 0.0003125 0.00032505 0.000329 0.0001785 0.00034045 0.0003886 0.00026485 0.0003513 0.00025285 0.00016625 0.0002654 0.0002795 0.0003538 0.0002782 0.0002791 0.0003664 0.00025235 0.0004009 0.00023825 0.00025345 0.00032725 0.00031305 0.00027885 0.00031115 0.00036585 0.00029125 0.0003792 0.00035175 0.00036645 0.0003211 0.0003666 0.00047505 0.00036625 0.00031315 0.0002909 0.00041325 0.0001645 0.0004 0.00029065 0.0004 0.0002531 0.00027905 0.00027515 0.00029195 0.0002787 0.0001646 0.0003392 0.000291 0.00036605 0.00027895 0.0002376 0.000249 0.00039235 0.000238 0.00024955 0.0003791 0.00031325 0.00035325 0.0004404 0.00034085 0.000279 0.0003004 0.00023865 0.0002521 0.0003515 0.0003991 0.00033915 0.00027945 0.0004004 0.00027915 0.00031375 0.0003509 0.00042635 0.0002527 0.0001656 0.0002517 0.00035285 0.00016505 0.00026465 0.00036235 0.00041445 0.00027855 0.0003128 0.0003843 0.00025255 0.00046095 0.0003919 0.00026565
15 0.00031085 8.41e-05 0.00032 0.00016995 0.0004112 0.00027925 0.0003981 0.0003975 0.00028565 0.0002849 0.00018965 0.00018405 0.00023025 0.0002564 0.0001785 0.0001387 0.0002718 0.0002989 0.00018495 0.00027055 0.00018385 8.335e-05 0.0002653 0.0001987 0.0002848 0.00019865 0.00027905 0.0002856 0.00018485 0.00039795 0.0001557 0.00017095 0.00032435 0.00034715 0.0001978 0.0002304 0.00028505 0.00019835 0.0002863 0.0002707 0.00028565 0.0002521 0.0002858 0.00049395 0.00028545 0.00034705 0.000199 0.0003543 0.00017845 0.00039675 0.00021 0.00039675 0.0001706 0.000279 0.0001988 0.00018475 0.00019855 0.00017845 0.0003251 0.00021035 0.0002852 0.0001981 0.00024995 0.0001628 0.00029945 0.00016935 0.0001698 0.0002862 0.0002966 0.00025885 0.00042535 0.0002449 0.00018445 0.00021985 0.0001555 0.0001847 0.0002704 0.00038975 0.0002705 0.00018495 0.00035355 0.0001983 0.0003021 0.00027015 0.00036745 0.00018395 8.325e-05 0.0001582 0.000272 0.0002583 0.00018475 0.0002816 0.00041145 0.0002785 0.0003473 0.0002997 0.0001839 0.00047975 0.000299 0.00017125
16 0.00035065 0.00025835 0.0001523 0.00018245 0.00020715 0.0002858 0.0004092 0.000187 3.57e-05 3.5e-05 0.0002376 0.0002091 0.00019645 5.17e-05 0.00034045 0.0002718 3.9e-06 6.46e-05 0.0001026 8.48e-05 8.895e-05 0.00028735 0.0002648 0.00016465 5.275e-05 0.00012295 0.0002856 3.565e-05 9.05e-05 0.00017495 0.00023835 0.0001179 0.0002815 0.0003658 0.000122 9.125e-05 3.515e-05 0.0001352 4.835e-05 0.0001156 3.57e-05 8.63e-05 3.585e-05 0.0003079 3.55e-05 0.0003655 0.00013585 0.00012825 0.0003404 0.0002746 9.42e-05 0.0002746 0.0001583 0.00028555 0.00011975 0.00019035 0.00015315 0.0003403 0.0002949 9.465e-05 3.515e-05 0.00016395 0.0003323 0.00022245 6.845e-05 0.00018055 0.0001519 4.835e-05 0.00033025 0.00014935 0.00022745 0.00020545 0.000191 0.00011835 0.00023845 9.015e-05 0.0001152 0.0003146 7.215e-05 0.0001916 0.0001155 0.00016415 0.00034375 8.44e-05 0.0001485 0.00013115 0.000245 0.0002163 1.5e-05 0.0005027 0.0001024 3.89e-05 0.00019445 0.0002851 0.00036575 6.025e-05 8.935e-05 0.00028755 6.805e-05 0.00017105
17 0.0003556 0.0002854 0.00012315 0.0001754 0.0001965 0.00027825 0.0003925 0.00021755 3.52e-05 3.42e-05 0.0002304 0.0002238 0.00021715 7.31e-05 0.0003886 0.0002989 6.46e-05 8.5e-06 0.00013635 4.34e-05 0.0001446 0.00033615 0.0002985 0.00015745 7.415e-05 0.0001155 0.00027825 3.515e-05 0.0001456 0.0002263 0.00025295 0.0001724 0.00028665 0.00041105 0.00011465 8.38e-05 3.435e-05 0.0001063 2.63e-05 7.43e-05 3.52e-05 0.0001035 3.535e-05 0.00030975 3.5e-05 0.00041085 0.0001069 0.000159 0.00038855 0.00024555 0.0001287 0.00024555 0.0002138 0.0002781 0.0001155 0.0001615 0.0001461 0.00038855 0.0002782 0.00012905 3.46e-05 0.0001567 0.00034665 0.00019405 5.2e-06 0.00019525 0.00014485 2.62e-05 0.00037575 0.00014845 0.0001762 0.0002262 0.00018375 0.00011175 0.00025315 0.00014535 7.405e-05 0.0002642 5.34e-05 0.0001845 0.0001678 0.0001571 0.00034885 4.315e-05 0.0001378 0.00018645 0.0002939 0.00024955 5.565e-05 0.0005508 0.00013615 3.845e-05 0.0002062 0.00027735 0.000411 1.075e-05 0.00014475 0.00032995 4.7e-06 0.0002049
18 0.0003543 0.00017045 0.00021105 0.00014945 0.0002851 0.0002825 0.0004003 0.00026745 0.0001195 0.0001188 0.00023405 0.0002186 0.0002352 0.00011915 0.00026485 0.00018495 0.0001026 0.00013635 0.0002025 0.00013685 0.0001016 0.0002129 0.00026565 0.00016155 0.0001491 0.00011915 0.0002824 0.00011945 0.0001021 0.00026855 0.00021885 0.00013055 0.00028535 0.00037215 0.00011915 0.00012005 0.00011895 0.0001197 0.0001207 0.0001675 0.0001195 0.0001497 0.00011965 0.0003926 0.0001193 0.00037195 0.0001195 0.00021025 0.0002648 0.00033325 0.0001205 0.00033325 0.00017075 0.00028235 0.0001193 0.0001748 0.0001491 0.0002648 0.0002853 0.00012085 0.0001189 0.00016095 0.0003126 0.00016485 0.00013685 0.0001611 0.0001192 0.0001206 0.0003368 0.00020465 0.0003025 0.00027315 0.00018805 0.00013695 0.000219 0.00010165 0.0001672 0.0003484 0.0001365 0.00018855 0.00020895 0.00016115 0.00031765 0.00013645 0.00022645 0.00014355 0.00017075 0.00018675 0.00010285 0.0004278 0.00010135 0.0001189 0.000285 0.0002819 0.0003721 0.0001371 0.00010195 0.00037515 0.00013645 0.000172
19 0.0003506 0.00025715 0.0001174 0.0001465 0.00022985 0.00027875 0.0003966 0.0002507 6.44e-05 6.38e-05 0.00023105 0.0002152 0.0001793 6.38e-05 0.0003513 0.00027055 8.48e-05 4.34e-05 0.00013685 8.56e-05 0.0001359 0.0002987 0.00029925 0.0001578 9.43e-05 0.0001163 0.0002787 6.435e-05 0.00013695 0.00025015 0.00021495 0.00016355 0.00028145 0.0004064 0.0001154 0.0001128 6.395e-05 0.00011575 6.475e-05 7.41e-05 6.44e-05 9.42e-05 6.455e-05 0.0003374 6.42e-05 0.00040625 0.00011645 0.0001923 0.00035125 0.0002399 0.0001293 0.0002399 0.0002052 0.00027865 0.00011645 0.0001711 0.0001466 0.00035125 0.0002823 0.00012965 6.415e-05 0.0001574 0.0003087 0.0001749 4.38e-05 0.0001571 0.0001159 6.465e-05 0.00037095 0.00014885 0.0002094 0.0002178 0.00018455 0.0001086 0.00021515 0.00013675 7.37e-05 0.0002683 4.375e-05 0.00018485 0.00019185 0.0001573 0.0003153 4.315e-05 0.0001713 0.0001777 0.00025635 0.00022135 8.505e-05 0.00051355 0.00013665 6.385e-05 0.00022995 0.0002783 0.00040635 4.375e-05 0.0001359 0.0003578 4.325e-05 0.00020555
20 0.0003468 0.00017065 0.00020335 0.00014975 0.0002899 0.00028195 0.00040535 0.00027255 0.00011845 0.00011775 0.00023375 0.0002049 0.0002221 0.00010555 0.00025285 0.00018385 8.895e-05 0.0001446 0.0001016 0.0001359 0.000175 0.00019935 0.0002647 0.0001608 0.0001355 0.0001192 0.0002815 0.0001184 8.95e-05 0.0002608 0.0002056 0.0001172 0.00027775 0.00036475 0.00011775 0.0001191 0.0001179 0.0001314 0.0001323 0.00016665 0.00011845 0.00013615 0.0001186 0.00039065 0.00011825 0.0003642 0.00013205 0.000215 0.0002528 0.00032565 0.00011955 0.00032565 0.00015715 0.00028145 0.000116 0.00018615 0.00014935 0.0002527 0.0002911 0.0001199 0.00011795 0.00016015 0.00029955 0.00017785 0.00014845 0.0001478 0.00011915 0.0001322 0.0003292 0.0002039 0.0003074 0.00026 0.0001871 0.0001361 0.00020535 8.915e-05 0.0001663 0.00035375 0.0001229 0.00018765 0.00020105 0.00016035 0.0003111 0.0001355 0.00023125 0.0001301 0.00015735 0.0001871 0.00010175 0.00041505 0.0001014 0.00011805 0.0002772 0.000281 0.0003647 0.00014025 8.84e-05 0.0003731 0.00014805 0.0001712
21 0.0002974 8.41e-05 0.00034955 0.00016765 0.0004382 0.0002795 0.0003837 0.0004245 0.0003137 0.00031295 0.00014855 0.0001412 0.00018795 0.000272 0.00016625 8.335e-05 0.00028735 0.00033615 0.0002129 0.0002987 0.00019935 5.8e-05 0.0002656 0.0001849 0.00027 0.00022665 0.0002793 0.00031365 0.0002003 0.0004124 0.00011305 0.0002002 0.0003389 0.00034865 0.0002258 0.00025845 0.0003131 0.000239 0.0003269 0.0002685 0.0003137 0.0002374 0.00031385 0.0005223 0.0003135 0.00034865 0.00023945 0.00039625 0.0001662 0.000381 0.00022135 0.000381 0.0001581 0.00027925 0.00022345 0.0001974 0.00019615 0.0001661 0.000352 0.0002217 0.0003133 0.00018435 0.00020745 0.0001619 0.00034005 0.0001431 0.0001978 0.0003268 0.00028315 0.0002591 0.00045235 0.00020485 0.0001846 0.00023115 0.00011275 0.00020025 0.00026825 0.0003754 0.0002861 0.00018505 0.00038295 0.0001846 0.0002903 0.0002983 0.00040935 0.0001577 7.09e-05 0.00015835 0.0003001 0.00021815 0.0002127 0.00030965 0.00042595 0.00027875 0.0003489 0.00033185 0.0001995 0.0005081 0.0003396 0.0001714
22 0.0003374 0.0002653 0.0003491 0.00028295 0.0003369 0.00028205 0.00033725 0.0003203 0.0002825 0.00028175 0.0002821 0.0002823 0.00029835 0.0002824 0.0002654 0.0002653 0.0002648 0.0002985 0.00026565 0.00029925 0.0002647 0.0002656 0.0005273 0.00028285 0.0002822 0.00028235 0.0002816 0.00028245 0.0002659 0.0003207 0.0002828 0.0002659 0.00033725 0.0003201 0.0002814 0.00028245 0.0002819 0.00028205 0.0002818 0.00029985 0.0002825 0.0002826 0.00028265 0.0003924 0.0002823 0.0003195 0.0002826 0.00031965 0.00026535 0.0003549 0.0002644 0.0003549 0.0002653 0.0002816 0.00028255 0.0002823 0.00028255 0.0002654 0.0003377 0.0002649 0.000282 0.0002822 0.0002823 0.00028225 0.000299 0.00028265 0.00028255 0.00028185 0.00032025 0.0002978 0.00035395 0.0002979 0.00028175 0.000282 0.00028275 0.00026565 0.0002995 0.0003542 0.0002996 0.00028225 0.00032025 0.0002824 0.00035365 0.00029875 0.0003369 0.0002654 0.0002649 0.00028105 0.00026475 0.0002648 0.00026545 0.0002821 0.0003373 0.0002811 0.00031995 0.0002993 0.0002651 0.0003753 0.00029855 0.0002647
23 0.0003354 0.0001855 0.00023105 0.00015805 0.0003115 0.00027855 0.0003814 0.00031505 0.00016055 0.00016075 0.0001901 0.00018515 0.00020455 0.00016085 0.0002795 0.0001987 0.00016465 0.00015745 0.00016155 0.0001578 0.0001608 0.0001849 0.00028285 0.0003134 0.00016065 0.00015795 0.0002787 0.0001605 0.00016145 0.00031435 0.00018495 0.0001879 0.0003078 0.00038915 0.00015755 0.0001575 0.0001609 0.0001569 0.00016105 0.0001571 0.00016055 0.00015865 0.0001607 0.00041845 0.00016035 0.0003894 0.00015745 0.00027185 0.00027945 0.0003081 0.00016195 0.0003081 0.00018845 0.00027855 0.0001581 0.00017085 0.00015795 0.00027945 0.0003085 0.0001623 0.0001609 0.0001571 0.0002789 0.000163 0.00015705 0.00015705 0.0001578 0.00016095 0.0003388 0.0002037 0.000308 0.00023175 0.000185 0.0001582 0.0001853 0.0001613 0.00015775 0.0003132 0.00015765 0.00018475 0.00027125 0.00015745 0.00031535 0.0001574 0.00026795 0.0001603 0.0001847 0.00020465 0.0001649 0.00040005 0.00016135 0.0001607 0.0003113 0.000279 0.0003894 0.0001574 0.00016055 0.0004219 0.00015765 0.00018885
24 0.0003318 0.0002715 0.00016175 0.00017845 0.0002217 0.00028215 0.00039055 0.0002215 6.52e-05 6.455e-05 0.0002037 0.0001745 0.00016575 8.12e-05 0.0003538 0.0002848 5.275e-05 7.415e-05 0.0001491 9.43e-05 0.0001355 0.00027 0.0002822 0.00016065 0.000103 0.00014945 0.00028195 6.515e-05 0.00013705 0.00020935 0.00020405 0.00016415 0.00029305 0.0003821 0.00014855 0.0001176 6.47e-05 0.0001617 7.885e-05 9.46e-05 6.52e-05 8.34e-05 6.535e-05 0.0003223 6.5e-05 0.0003818 0.0001623 0.0001787 0.00035375 0.0002386 0.00013695 0.0002386 0.0001744 0.0002819 0.00014625 0.00018645 0.0001489 0.00035365 0.00030635 0.0001373 6.47e-05 0.00016 0.0002982 0.000219 7.795e-05 0.00017655 0.00017835 7.875e-05 0.00033145 0.000149 0.00022195 0.0001748 0.0001872 0.00014005 0.0002041 0.00013665 9.425e-05 0.00027915 8.165e-05 0.00018775 0.00016495 0.0001602 0.0003404 9.39e-05 0.00017795 0.00014725 0.00025825 0.00023295 6.555e-05 0.00048595 0.0001489 6.84e-05 0.00020895 0.0002815 0.00038205 6.975e-05 0.000136 0.000322 7.76e-05 0.00018825
25 0.00035075 0.0001845 0.00019045 0.00014635 0.000285 0.000279 0.0003967 0.00028825 0.00011965 0.00011905 0.00023065 0.00021535 0.00023475 0.0001195 0.0002782 0.00019865 0.00012295 0.0001155 0.00011915 0.0001163 0.0001192 0.00022665 0.00028235 0.00015795 0.00014945 0.0002299 0.0002791 0.0001196 0.00011885 0.00028855 0.0002154 0.0001471 0.00028185 0.0003891 0.0001159 0.00011625 0.0001192 0.000116 0.00012 0.0001469 0.00011965 0.00014775 0.0001198 0.0003925 0.00011945 0.00038915 0.00011575 0.00023015 0.00027815 0.00031275 0.00013685 0.00031275 0.00018825 0.00027895 0.00011515 0.00017135 0.000146 0.00027815 0.00028165 0.0001372 0.00011905 0.0001572 0.0003093 0.0001615 0.0001159 0.0001577 0.00011565 0.0001199 0.00035375 0.00020405 0.0002819 0.0002726 0.0001845 0.0001333 0.00021575 0.00011865 0.00014665 0.0003281 0.0001167 0.00018525 0.0002297 0.0001576 0.00031385 0.0001158 0.00022635 0.00016065 0.00018455 0.0002035 0.0001231 0.0004413 0.00011895 0.0001193 0.00028525 0.0002786 0.0003892 0.00011635 0.00011905 0.00039555 0.0001158 0.00018845
26 0.00033335 0.000279 0.00032765 0.00027935 0.0003363 0.0002779 0.00033325 0.00033975 0.0002814 0.0002815 0.0002788 0.000279 0.00029825 0.00028185 0.0002791 0.00027905 0.0002856 0.00027825 0.0002824 0.0002787 0.0002815 0.0002793 0.0002816 0.0002787 0.00028195 0.0002791 0.0005547 0.00028135 0.0002826 0.00033935 0.0002792 0.0002819 0.00033325 0.0003367 0.00027815 0.00027855 0.00028165 0.0002779 0.00028175 0.0002784 0.0002814 0.00028 0.00028155 0.00039125 0.0002812 0.0003361 0.00027845 0.00034035 0.00027905 0.00033355 0.00028285 0.00033355 0.00028205 0.00027745 0.0002793 0.00027815 0.00027925 0.0002791 0.00033365 0.0002832 0.00028175 0.00027895 0.0002787 0.0002791 0.0002779 0.00027905 0.00027895 0.00028165 0.00033665 0.0002971 0.0003329 0.0002981 0.0002785 0.0002792 0.00027915 0.0002824 0.00027895 0.0003333 0.00027865 0.000278 0.0003399 0.00027915 0.00035065 0.00027825 0.0003365 0.0002821 0.00027865 0.00029825 0.0002856 0.0002785 0.0002822 0.0002815 0.0003363 0.0002778 0.00033655 0.0002782 0.00028185 0.0003946 0.0002783 0.0002825
27 0.00035345 0.0002721 0.00013765 0.00017895 0.0002009 0.00028145 0.0003995 0.0002008 3.46e-05 3.485e-05 0.00023435 0.0002184 0.0002088 6.38e-05 0.0003664 0.0002856 3.565e-05 3.515e-05 0.00011945 6.435e-05 0.0001184 0.00031365 0.00028245 0.0001605 6.515e-05 0.0001196 0.00028135 6.88e-05 0.0001198 0.0002005 0.00024735 0.0001465 0.00028445 0.0003891 0.00011885 8.745e-05 3.485e-05 0.00011855 3.57e-05 9.415e-05 3.46e-05 9.64e-05 3.475e-05 0.0003079 3.44e-05 0.0003888 0.00011915 0.00014325 0.00036635 0.00026015 0.0001128 0.00026015 0.00018765 0.0002812 0.00011975 0.00017365 0.00014995 0.00036635 0.0002852 0.00011315 3.49e-05 0.0001607 0.00034115 0.00020685 3.47e-05 0.0001896 0.0001484 3.56e-05 0.0003535 0.00014875 0.00020075 0.0002182 0.0001877 0.00011575 0.00024745 0.00011935 9.475e-05 0.00028805 6.385e-05 0.0001875 0.00014205 0.000161 0.00034745 6.395e-05 0.00014245 0.00016055 0.0002714 0.00023355 3.58e-05 0.00052865 0.00011925 3.84e-05 0.00020035 0.0002817 0.00038905 3.505e-05 0.00011885 0.000308 3.535e-05 0.00018885
28 0.0003474 0.0001707 0.0002043 0.00014975 0.0002909 0.0002827 0.00040585 0.00027365 0.00011985 0.0001192 0.00023415 0.0002062 0.00022295 0.00010705 0.00025235 0.00018485 9.05e-05 0.0001456 0.0001021 0.00013695 8.95e-05 0.0002003 0.0002659 0.00016145 0.00013705 0.00011885 0.0002826 0.0001198 0.0001777 0.00026195 0.0002063 0.0001181 0.0002784 0.0003654 0.00011925 0.00012005 0.00011935 0.00013205 0.00013325 0.00016755 0.00011985 0.00013715 0.00012 0.0003915 0.00011965 0.00036535 0.0001318 0.000216 0.0002523 0.0003265 0.00012045 0.0003265 0.0001586 0.00028255 0.00011565 0.0001873 0.00014945 0.00025215 0.0002908 0.0001208 0.00011945 0.0001609 0.00030035 0.00017715 0.0001494 0.00014855 0.00011905 0.00013315 0.00032995 0.0002047 0.00030825 0.0002608 0.00018815 0.0001369 0.00020655 8.93e-05 0.0001673 0.0003541 0.00012435 0.0001886 0.0002025 0.0001611 0.00031065 0.00013655 0.0002322 0.0001309 0.00015815 0.000187 0.00010325 0.0004154 0.0001019 0.00011945 0.00027855 0.00028215 0.0003655 0.0001412 8.925e-05 0.0003741 0.00014905 0.00017195
29 0.00031795 0.0003926 0.0002428 0.00033285 0.00020035 0.00033955 0.00031675 0.0001805 0.00020055 0.0002008 0.00035185 0.000334 0.00032145 0.00022305 0.0004009 0.00039795 0.00017495 0.0002263 0.00026855 0.00025015 0.0002608 0.0004124 0.0003207 0.00031435 0.00020935 0.00028855 0.00033935 0.0002005 0.00026195 0.0003455 0.000363 0.00027175 0.0002805 0.00031325 0.00028775 0.000256 0.00020095 0.00029425 0.0002083 0.0002649 0.00020055 0.0002425 0.0002006 0.00019355 0.00020035 0.00031295 0.00029475 0.0001819 0.00040085 0.00025805 0.0002618 0.00025805 0.0002985 0.0003393 0.00028725 0.00032605 0.0003038 0.0004008 0.00028795 0.00026215 0.000201 0.0003147 0.00037755 0.0003626 0.0002273 0.00033675 0.0003173 0.0002082 0.0002979 0.000283 0.00022035 0.00031425 0.0003252 0.0002845 0.0003631 0.0002617 0.00026555 0.00028785 0.00024325 0.00032475 0.00017405 0.0003149 0.0003537 0.00024975 0.00020095 0.00028775 0.0003852 0.00035105 0.000182 0.0004524 0.00026835 0.0002044 0.00019345 0.0003398 0.0003132 0.000222 0.0002611 0.0001735 0.00022785 0.00030635
30 0.00029675 0.0001559 0.00026555 0.0001558 0.0003722 0.0002792 0.00038345 0.00037565 0.0002474 0.000247 0.0001595 0.00014175 0.00013225 0.0002055 0.00023825 0.0001557 0.00023835 0.00025295 0.00021885 0.00021495 0.0002056 0.00011305 0.0002828 0.00018495 0.00020405 0.0002154 0.0002792 0.00024735 0.0002063 0.000363 0.000224 0.0002056 0.0003273 0.00036605 0.0002149 0.00024415 0.00024715 0.0002274 0.0002604 0.0001844 0.0002474 0.0001728 0.00024755 0.00045605 0.0002472 0.0003661 0.0002279 0.0003473 0.0002382 0.0002968 0.00021375 0.0002969 0.00017535 0.00027915 0.0002122 0.0001975 0.00018495 0.0002381 0.00034045 0.0002141 0.00024725 0.00018465 0.00020685 0.000174 0.0002565 0.00014295 0.00018605 0.0002603 0.00029995 0.0002037 0.0003689 0.0001607 0.0001844 0.0002064 0.00011265 0.00020625 0.0001844 0.00031525 0.0002025 0.0001846 0.0003342 0.00018485 0.0002905 0.00021455 0.00034345 0.0001752 0.00014265 0.0001752 0.0002511 0.00030155 0.00021865 0.00024325 0.00035965 0.000279 0.00036615 0.0002483 0.0002054 0.0004593 0.0002564 0.00018805
31 0.00033005 0.0001716 0.00021385 0.00017745 0.0003015 0.00028185 0.0004161 0.00028505 0.00014655 0.00014645 0.0002341 0.00020575 0.0002222 0.0001341 0.00025345 0.00017095 0.0001179 0.0001724 0.00013055 0.00016355 0.0001172 0.0002002 0.0002659 0.0001879 0.00016415 0.0001471 0.0002819 0.0001465 0.0001181 0.00027175 0.0002056 0.0002327 0.0002885 0.00034915 0.0001465 0.00014625 0.0001466 0.00015855 0.00015965 0.0001935 0.00014655 0.0001643 0.0001466 0.00038545 0.00014635 0.0003493 0.0001593 0.00022705 0.0002534 0.00033605 0.00014765 0.00033605 0.00015875 0.00028185 0.0001439 0.00020055 0.0001773 0.0002533 0.0003019 0.000148 0.00014665 0.0001879 0.00029975 0.0002059 0.00017565 0.00017535 0.0001469 0.00015955 0.00031335 0.00020355 0.0003181 0.0002326 0.00018785 0.00016385 0.00020595 0.00011795 0.0001938 0.00036465 0.00015105 0.00018775 0.00021385 0.0001881 0.00032255 0.00016315 0.0002431 0.00015855 0.0001581 0.0001876 0.00013065 0.0003879 0.00013035 0.00014655 0.00028885 0.000282 0.0003493 0.0001674 0.00011695 0.0003688 0.00017585 0.0001717
32 0.0003115 0.00031935 0.00027435 0.00029725 0.0002844 0.0003332 0.00031015 0.0002879 0.0002845 0.0002845 0.00034525 0.00032765 0.00034665 0.0002777 0.00032725 0.00032435 0.0002815 0.00028665 0.00028535 0.00028145 0.00027775 0.0003389 0.00033725 0.0003078 0.00029305 0.00028185 0.00033325 0.00028445 0.0002784 0.0002805 0.0003273 0.0002885 0.0005474 0.0003298 0.00028135 0.0002813 0.00028465 0.0002876 0.0002918 0.00029645 0.0002845 0.0002909 0.00028465 0.00027745 0.0002843 0.00032995 0.0002883 0.0002885 0.0003272 0.00028955 0.00030235 0.00028955 0.0003155 0.0003332 0.00028055 0.00031995 0.00029725 0.00032715 0.00028145 0.0003027 0.00028475 0.0003079 0.0003419 0.00031515 0.0002879 0.0003009 0.00028155 0.0002917 0.0003149 0.00033745 0.0002809 0.00036845 0.00031885 0.00029865 0.0003277 0.00027835 0.00029685 0.00030765 0.00027455 0.00031865 0.0002811 0.0003081 0.00031795 0.00028105 0.00028465 0.0003041 0.00031155 0.00033835 0.0002886 0.00037845 0.00028515 0.00028445 0.00027735 0.00033345 0.00032995 0.00028265 0.0002773 0.0002809 0.0002882 0.0003226
33 0.00031345 0.0003554 0.00037545 0.00038965 0.0003364 0.00033675 0.00030975 0.0003194 0.00038915 0.00038855 0.00037235 0.00036595 0.00038245 0.00038235 0.00031305 0.00034715 0.0003658 0.00041105 0.00037215 0.0004064 0.00036475 0.00034865 0.0003201 0.00038915 0.0003821 0.0003891 0.0003367 0.0003891 0.0003654 0.00031325 0.00036605 0.00034915 0.0003298 0.000519 0.0003886 0.0003893 0.0003887 0.00039545 0.0003967 0.0004067 0.00038915 0.00038235 0.0003893 0.0002773 0.00038895 0.0002598 0.00039595 0.0003198 0.000313 0.00034775 0.00037325 0.00034775 0.00034855 0.00033665 0.00038785 0.00038775 0.0003893 0.000313 0.00033705 0.0003736 0.00038885 0.0003887 0.0003302 0.00039545 0.00041285 0.00038225 0.0003892 0.0003966 0.000296 0.0003888 0.00035375 0.0003656 0.0003722 0.00038965 0.00036635 0.00036525 0.00040655 0.0003537 0.00039965 0.00037255 0.00031215 0.0003889 0.00034645 0.000406 0.00033595 0.00036465 0.00034805 0.00037185 0.00037265 0.00025995 0.00037195 0.0003888 0.00032995 0.0003363 0.0002599 0.00040765 0.0003646 0.00025985 0.00041255 0.000356
34 0.0003503 0.00018455 0.00018985 0.00014655 0.0002839 0.0002785 0.00039635 0.00028775 0.0001189 0.00011775 0.0002304 0.0002143 0.0002341 0.0001186 0.00027885 0.0001978 0.000122 0.00011465 0.00011915 0.0001154 0.00011775 0.0002258 0.0002814 0.00015755 0.00014855 0.0001159 0.00027815 0.00011885 0.00011925 0.00028775 0.0002149 0.0001465 0.00028135 0.0003886 0.0002284 0.0001157 0.0001179 0.00011565 0.00011945 0.00014635 0.0001189 0.00014695 0.00011905 0.00039185 0.0001187 0.00038815 0.00011625 0.00022945 0.0002788 0.00031215 0.00013615 0.00031215 0.0001873 0.0002781 0.00011605 0.00017045 0.00014615 0.0002788 0.0002821 0.0001365 0.00011845 0.00015695 0.0003087 0.0001623 0.0001156 0.00015715 0.00011595 0.00011935 0.0003532 0.0002034 0.00028085 0.00027195 0.00018395 0.0001326 0.00021475 0.00011905 0.00014605 0.0003279 0.0001158 0.00018445 0.0002288 0.00015715 0.00031445 0.00011525 0.0002252 0.00015995 0.00018385 0.0002037 0.00012225 0.00044105 0.00011895 0.00011845 0.00028445 0.0002772 0.00038855 0.00011585 0.0001183 0.0003948 0.00011475 0.00018795
35 0.00035035 0.0002171 0.0001869 0.0001759 0.00025315 0.00027865 0.00039635 0.0002569 8.75e-05 8.73e-05 0.0002311 0.00021525 0.00026075 0.00011645 0.00031115 0.0002304 9.125e-05 8.38e-05 0.00012005 0.0001128 0.0001191 0.00025845 0.00028245 0.0001575 0.0001176 0.00011625 0.00027855 8.745e-05 0.00012005 0.000256 0.00024415 0.00014625 0.0002813 0.0003893 0.0001157 0.000166 8.745e-05 0.00011555 8.79e-05 0.0001434 8.75e-05 0.0001448 8.76e-05 0.00036045 8.73e-05 0.0003893 0.0001162 0.00019865 0.0003111 0.00030925 0.0001342 0.00030925 0.00018835 0.0002785 0.0001164 0.00017095 0.0001467 0.0003111 0.0002821 0.00013455 8.74e-05 0.0001573 0.0003381 0.0001946 8.38e-05 0.00018635 0.0001452 8.78e-05 0.00035375 0.0002008 0.00024965 0.0002699 0.0001846 0.000134 0.0002445 0.0001198 0.000143 0.0003281 0.00011355 0.0001847 0.00019815 0.000157 0.0003441 0.0001127 0.0001947 0.00016075 0.0002162 0.0002334 9.15e-05 0.00047315 0.00011985 9.105e-05 0.0002531 0.00027855 0.00038945 8.35e-05 0.00011905 0.0003639 8.365e-05 0.0001886
36 0.00035365 0.00027155 0.0001384 0.00017875 0.00020035 0.00028185 0.0003997 0.00020065 3.505e-05 3.395e-05 0.0002338 0.0002179 0.0002086 6.365e-05 0.00036585 0.00028505 3.515e-05 3.435e-05 0.00011895 6.395e-05 0.0001179 0.0003131 0.0002819 0.0001609 6.47e-05 0.0001192 0.00028165 3.485e-05 0.00011935 0.00020095 0.00024715 0.0001466 0.00028465 0.0003887 0.0001179 8.745e-05 6.79e-05 0.00011895 3.61e-05 9.49e-05 3.505e-05 9.63e-05 3.52e-05 0.00030825 3.485e-05 0.0003884 0.00011955 0.00014285 0.0003658 0.0002607 0.00011225 0.0002607 0.00018715 0.0002816 0.00011935 0.00017405 0.00014945 0.0003658 0.0002854 0.0001126 3.46e-05 0.0001603 0.00034095 0.0002063 3.525e-05 0.0001894 0.0001482 3.6e-05 0.0003533 0.00014905 0.00020055 0.00021765 0.0001873 0.0001153 0.00024725 0.00011885 9.46e-05 0.00028825 6.41e-05 0.0001878 0.0001417 0.0001605 0.0003469 6.38e-05 0.00014165 0.0001601 0.00027085 0.000233 3.53e-05 0.0005281 0.00011875 3.82e-05 0.0002006 0.00028075 0.00038865 3.55e-05 0.0001184 0.00030795 3.445e-05 0.0001883
