 slim_337519186 slim_337519273 slim_337519302 slim_337519297 slim_337519279 slim_337519316 slim_337519138 slim_337519255 slim_337519289 slim_337519119 slim_337519305 slim_337519300 slim_337519084 slim_337519250 slim_337518960 slim_337519244 slim_337519151 slim_337519267 slim_337519125 slim_337519261 slim_337519218 slim_337519116 slim_337519258 slim_337519284 slim_337519226 slim_337519071 slim_337519240 slim_337519202 slim_337519181 slim_337518638 slim_337519201 slim_337519237 slim_337519225 slim_337518943 slim_337519235 slim_337519281 slim_337519178 slim_337519307 slim_337519285 slim_337519253 slim_337519298 slim_337519249 slim_337519287 slim_337519130 slim_337519291 slim_337519282 slim_337519308 slim_337519301 slim_337518939 slim_337519310 slim_337519293 slim_337519311 slim_337519315 slim_337519128 slim_337518910 slim_337519317 slim_337519303 slim_337519198 slim_337519192 slim_337519205 slim_337519239 slim_337519313 slim_337519276 slim_337519274 slim_337519277 slim_337519290 slim_337519070 slim_337519167 slim_337519232 slim_337519314 slim_337519269 slim_337519103 slim_337519230 slim_337519295 slim_337519256 slim_337519288 slim_337519309 slim_337519275 slim_337519101 slim_337519155 slim_337519222 slim_337519144 slim_337519007 slim_337519207 slim_337519152 slim_337519215 slim_337519306 slim_337519169 slim_337519105 slim_337519211 slim_337519036 slim_337519193 slim_337519280 slim_337518909 slim_337519270 slim_337519174 slim_337519259 slim_337519227 slim_337519014 slim_337519173
0 8.52e-05 0.0002587 0.0002698 0.0002941 0.0004802 0.00029745 0.0001907 0.00033275 0.00019075 0.00027495 0.0004605 0.0005736 0.00019585 0.0002698 0.00043955 0.00025155 5.34e-05 0.00025855 0.00042935 0.00048795 0.00020665 0.0002224 0.0003866 0.00043035 0.0002327 0.00029575 0.00041205 0.00052915 0.0004574 0.00025 0.00043965 0.00029375 6.455e-05 0.00045725 0.00026925 0.0002593 0.0002924 0.00023135 0.0002693 0.00029575 0.00037225 0.0004027 0.0005134 0.0004654 0.00019615 0.0004351 0.0004746 0.0003766 0.00020665 0.00058515 0.0002871 0.0002495 0.00026935 0.00029385 0.00041765 0.00026465 0.0002584 0.00028705 7.82e-05 0.00033255 0.00025155 0.00029395 0.0003235 6.355e-05 6.42e-05 9.67e-05 0.00022335 0.0002591 0.0002067 0.0002048 0.00029755 0.0004923 0.0005512 0.00045345 0.0004927 0.0004675 0.0002699 0.00026045 0.0002413 0.0001907 0.00025405 0.0004116 0.0003439 0.00012735 0.0002692 0.0003014 0.0006126 8.89e-05 0.00043045 0.0002895 0.00020145 0.00011695 0.0004179 0.00032805 0.0002582 0.0004404 0.00026225 0.00041285 0.00061275 0.0002978
1 0.0002587 0.0004347 0.0003445 0.0003795 0.0004916 0.0002193 0.0002519 0.0002187 0.0002188 0.0004087 0.00039255 0.0004705 0.00038545 0.0003445 0.0002188 0.00030495 0.00026885 0.00021755 0.00038475 0.00043365 0.0003543 0.00024305 0.0003228 0.00027955 0.00025325 0.00037315 0.00034485 0.0005435 0.00038965 0.0004079 0.00021895 0.0002289 0.0002381 0.00038945 0.00022775 0.0002295 0.0003675 0.00035485 0.00022765 0.00024335 0.0004581 0.00040475 0.0003889 0.0003084 0.0003444 0.0002642 0.0002178 0.00036995 0.0003543 0.0005161 0.0003157 0.00027805 0.00026065 0.000229 0.000461 0.00035315 0.00021835 0.00031565 0.00022815 0.0002185 0.00030495 0.00022845 0.0002785 0.00023535 0.0002377 0.0002528 0.00026 0.0002293 0.00035435 0.0002988 0.0002198 0.00038825 0.00046265 0.0003749 0.00046235 0.00030515 0.000345 0.0002884 0.00023555 0.0002519 0.0002629 0.00034505 0.0003786 0.00022795 0.00022775 0.0002433 0.0004611 0.0002382 0.00027925 0.0002736 0.00026205 0.00021855 0.0004386 0.00026375 0.0002187 0.00047955 0.000315 0.00038225 0.0005511 0.00021965
2 0.0002698 0.0003445 0.0005037 0.0003939 0.00047335 0.000307 0.0003291 0.0003421 0.00025255 0.0004161 0.00030315 0.00056245 0.0002667 0.00025185 0.00039625 0.0002806 0.0002698 0.0003445 0.0004217 0.00056475 0.000255 0.00035005 0.00046565 0.0003705 0.00035035 0.00041145 0.0003421 0.00059415 0.00049295 0.0004157 0.0003966 0.0003448 0.0002585 0.00049275 0.00034445 0.0003102 0.0002751 0.00025525 0.00034465 0.0003471 0.00050005 0.00031535 0.0005011 0.0005055 0.0002554 0.0004337 0.0004312 0.0003141 0.00025505 0.00056785 0.00028085 0.0003185 0.0003316 0.0003449 0.00049455 0.0003698 0.00034475 0.0002808 0.00025835 0.0003419 0.00028045 0.0003449 0.00031545 0.0002551 0.00025815 0.00026655 0.0003216 0.00031 0.0002551 0.00025535 0.00030755 0.0005272 0.0004487 0.00049305 0.00049335 0.00036705 0.0002524 0.0003187 0.0003145 0.00032925 0.0003819 0.0003416 0.00032615 0.000255 0.00034425 0.0003529 0.00056015 0.0002583 0.0003702 0.0003819 0.00032925 0.0002558 0.000355 0.0003793 0.00030475 0.00046465 0.0002807 0.00046585 0.00053605 0.0003074
3 0.0002941 0.0003795 0.0003939 0.0005403 0.0004839 0.00033305 0.0003468 0.00036805 0.0002708 0.0003013 0.00048475 0.0004551 0.0004057 0.0003939 0.00043 0.00038915 0.000294 0.00037955 0.00037065 0.0004444 0.0004051 0.0004029 0.0004411 0.00040895 0.00040315 0.00036925 0.0004911 0.00040275 0.0003779 0.00030125 0.0004303 0.0003794 0.0002938 0.0003777 0.0003794 0.00034395 0.0004134 0.0004051 0.00038 0.00039185 0.00033265 0.0004698 0.0004677 0.0005274 0.00040545 0.0004613 0.00046515 0.00045575 0.0004051 0.0006049 0.00038895 0.00035825 0.00037565 0.0003795 0.00044525 0.0004435 0.0003798 0.0003889 0.0002934 0.00036785 0.000389 0.0003789 0.00034705 0.0003005 0.00029345 0.00031155 0.0003446 0.00034375 0.00040515 0.00038495 0.00033265 0.000413 0.00046255 0.0004103 0.00043435 0.00047515 0.0003935 0.00035835 0.0003445 0.00034695 0.0004108 0.00049135 0.0004585 0.00028225 0.0003788 0.00039755 0.00044415 0.00029325 0.00040865 0.00040995 0.00034685 0.0002822 0.0005546 0.0003991 0.00033825 0.0004487 0.00038955 0.00038205 0.00055995 0.0003325
4 0.0004802 0.0004916 0.00047335 0.0004839 0.0008315 0.0004678 0.00044185 0.0004678 0.0004164 0.00050285 0.00051195 0.00056975 0.00051335 0.00047335 0.00051895 0.00048785 0.00048015 0.00049165 0.0005015 0.00052365 0.0004969 0.0005126 0.00051275 0.00055325 0.0005129 0.00053025 0.00052475 0.0005627 0.0005239 0.00051525 0.00051925 0.0004791 0.0004641 0.0005237 0.00049155 0.0004786 0.00048355 0.0004844 0.0004921 0.00048925 0.0005379 0.0005588 0.0005683 0.00051785 0.0004972 0.00051845 0.00051915 0.0005257 0.0004969 0.00048885 0.00047525 0.0005257 0.00049775 0.0004792 0.0004956 0.0004572 0.0004919 0.0004752 0.0004512 0.0004676 0.0004877 0.0004786 0.0005022 0.00047055 0.00046375 0.00046155 0.00050755 0.0004784 0.00049695 0.000458 0.00046735 0.00052405 0.0005149 0.00052545 0.00047315 0.00051575 0.0004729 0.00052585 0.0004963 0.000442 0.0004911 0.000525 0.0004751 0.0004402 0.000491 0.0004894 0.0005589 0.0004511 0.00055295 0.0004779 0.00044195 0.0004401 0.00047395 0.00046705 0.00043015 0.0004424 0.00048825 0.0005011 0.00050165 0.00046725
5 0.00029745 0.0002193 0.000307 0.00033305 0.0004678 0.0002197 0.000253 0.00014595 0.00011005 0.0004117 0.00028365 0.00044725 0.00042115 0.000307 0.00014625 0.0002702 0.00030685 0.0002192 0.00027645 0.00049605 0.0003899 0.00030115 0.0003849 0.0001706 0.00031025 0.00038765 0.00034325 0.00056965 0.00036545 0.0004351 0.0001459 0.00020435 0.000276 0.0003656 0.00022855 0.0001698 0.0003296 0.00036635 0.0002287 0.00022725 0.00049725 0.00036775 0.0003725 0.00037085 0.00038075 0.000241 0.0001818 0.0003316 0.0003899 0.00058495 0.00025605 0.0002441 0.00022325 0.00020445 0.00047875 0.00037045 0.0002187 0.000256 0.00024265 0.00014575 0.00027005 0.000205 0.0001707 0.00027145 0.00027565 0.00028075 0.0002241 0.0001696 0.00038995 0.0003101 0.0001099 0.0004012 0.0003553 0.00038755 0.0004065 0.00023265 0.00030705 0.0002537 0.000201 0.00025315 0.0003139 0.00034235 0.0003768 0.00019275 0.0002284 0.00023295 0.00038835 0.000252 0.0001711 0.00029955 0.00026255 0.00018365 0.0004535 0.00024045 0.0001454 0.00045575 0.00027965 0.0003588 0.00052825 0.00011055
6 0.0001907 0.0002519 0.0003291 0.0003468 0.00044185 0.000253 0.000298 0.0002527 0.0001505 0.00036435 0.0004703 0.0005898 0.0003702 0.0003291 0.0003549 0.0003098 0.00020085 0.0002518 0.00038365 0.0005014 0.000339 0.0002768 0.0004022 0.0004148 0.00028715 0.00039015 0.0004319 0.0005942 0.000457 0.0003636 0.00035535 0.00026275 0.00017005 0.0004568 0.0002619 0.0002633 0.0003401 0.00033955 0.00026215 0.00027715 0.0004592 0.0004909 0.0005079 0.0004446 0.0003291 0.00040025 0.0003547 0.0004565 0.000339 0.00056845 0.00032055 0.00031145 0.0002947 0.00026285 0.00045765 0.00031725 0.0002522 0.0003205 0.0001601 0.0002525 0.00030965 0.00026275 0.0003118 0.00016725 0.0001697 0.0001847 0.00029385 0.0002631 0.00033905 0.0002833 0.00025345 0.00045595 0.00052555 0.00045445 0.00045985 0.0004123 0.00032955 0.0003218 0.00026895 0.0001492 0.0002971 0.00043165 0.00032865 0.0001598 0.00026165 0.0002771 0.0005803 0.0001702 0.0004145 0.00030755 0.00015935 0.00015035 0.0004554 0.0002978 0.0001781 0.0004401 0.0003201 0.00040435 0.00060295 0.0002533
7 0.00033275 0.0002187 0.0003421 0.00036805 0.0004678 0.00014595 0.0002527 0.0002899 0.0001452 0.00044655 0.00031895 0.00044655 0.0004565 0.0003421 0.0001459 0.0003053 0.00034215 0.0002186 0.0003114 0.00046055 0.00042485 0.0003029 0.0003495 0.00020645 0.0003126 0.0004225 0.0003427 0.00056955 0.00036645 0.00047 0.00014635 0.0002049 0.0003109 0.00036625 0.0002278 0.0002049 0.00036465 0.00040125 0.00022795 0.00022975 0.0004972 0.0004026 0.00037505 0.00033495 0.0004157 0.0002407 0.0001457 0.0003673 0.00042485 0.00055235 0.0002911 0.0002789 0.00025745 0.000205 0.0004787 0.0003708 0.0002193 0.00029105 0.0002775 0.00014505 0.00030515 0.00020435 0.00020565 0.0003064 0.00031055 0.00031185 0.0002601 0.0002047 0.0004249 0.000345 0.0001459 0.0003655 0.00039005 0.00035195 0.00040655 0.00023225 0.00034205 0.0002885 0.00023565 0.00025285 0.00031335 0.000343 0.00037655 0.0002278 0.0002279 0.00022975 0.0003879 0.00028685 0.00020615 0.00029905 0.00026225 0.00021865 0.0004535 0.00023995 0.0001451 0.00045575 0.0003146 0.0003581 0.0005281 0.0001458
8 0.00019075 0.0002188 0.00025255 0.0002708 0.0004164 0.00011005 0.0001505 0.0001452 2.3e-06 0.0003495 0.00033295 0.0005535 0.0003684 0.00025255 0.0002536 0.0002408 0.00019985 0.00021875 0.0002747 0.0005419 0.00033545 0.0003007 0.0004292 0.00027785 0.00031015 0.00038625 0.00039675 0.0006146 0.00041225 0.0003729 0.000254 0.00020435 0.0001673 0.00041205 0.0002278 0.0001692 0.00027525 0.000312 0.0002289 0.00022715 0.0004809 0.00042035 0.0004796 0.00047725 0.0003266 0.00034835 0.00028895 0.00038575 0.00033545 0.00064215 0.00022635 0.00024275 0.0002225 0.00020445 0.00045215 0.0002998 0.000219 0.0002263 0.00013425 0.000145 0.00024065 0.00020425 0.00016905 0.00016305 0.00016695 0.00017205 0.00022565 0.000169 0.0003355 0.0002545 0.0001101 0.00044705 0.0004231 0.0004326 0.00038075 0.0003109 0.0002526 0.00025205 0.0001998 0.00015065 0.00031345 0.0003966 0.00032825 8.405e-05 0.00022675 0.00023295 0.00049475 0.0001433 0.00027755 0.000298 0.00015975 7.525e-05 0.0004354 0.0002397 6.915e-05 0.00039265 0.0002509 0.0003583 0.0005839 0.0001099
9 0.00027495 0.0004087 0.0004161 0.0003013 0.00050285 0.0004117 0.00036435 0.00044655 0.0003495 0.0005056 0.0005638 0.0004741 0.0003792 0.0004161 0.00050845 0.0004191 0.00026525 0.0004089 0.0004369 0.00042415 0.000369 0.00037685 0.00042365 0.00048695 0.0003675 0.00033975 0.0005133 0.0003714 0.000406 0.00025375 0.0005086 0.00039825 0.00025545 0.0004058 0.00039915 0.0003633 0.0004165 0.000368 0.0003997 0.0004145 0.0002957 0.00049135 0.00049075 0.0005098 0.00037895 0.000492 0.00054305 0.00047835 0.000369 0.0005678 0.0004083 0.00038715 0.0003983 0.00039835 0.00046615 0.000467 0.00040915 0.00040825 0.0002637 0.00044635 0.00041895 0.00039795 0.00042465 0.00027405 0.00025505 0.00027605 0.00037455 0.0003631 0.00036905 0.0003479 0.00041175 0.0004405 0.0005277 0.00044055 0.0005043 0.0005536 0.00041615 0.00037765 0.0003638 0.0003645 0.0003924 0.00051335 0.0004687 0.0003022 0.0003986 0.00042015 0.0005226 0.00025385 0.00048665 0.0003811 0.0003548 0.0003122 0.00057075 0.00042985 0.0004169 0.00047685 0.00040985 0.00039825 0.0005778 0.0004116
10 0.0004605 0.00039255 0.00030315 0.00048475 0.00051195 0.00028365 0.0004703 0.00031895 0.00033295 0.0005638 4e-07 0.0004159 0.00035725 0.00030315 0.00026915 0.00023965 0.0004702 0.0003924 0.0003487 0.00059815 0.0003856 0.00047385 0.00051245 0.00019375 0.0004838 0.00047065 0.0002885 0.0005819 0.0004678 0.00058725 0.00026985 0.00037855 0.00049895 0.0004678 0.00040205 0.0003421 0.0003247 0.0003619 0.00040135 0.00040125 0.00060315 0.00021325 0.0004055 0.0004948 0.00037575 0.0003635 0.0003053 0.0002432 0.0003856 0.0005802 0.00022585 0.00031655 0.00039585 0.00037865 0.00057915 0.000482 0.00039265 0.0002258 0.00046525 0.00031875 0.00023955 0.00037785 0.0002439 0.0004941 0.0004986 0.0005037 0.0003377 0.0003419 0.00038565 0.0004194 0.00028275 0.0005037 0.00023785 0.00044965 0.00050615 0.00015305 0.00030225 0.00032645 0.0003703 0.00047045 0.0004867 0.00028935 0.00036715 0.00041615 0.0004027 0.0004072 0.00035615 0.0004749 0.00019325 0.0004733 0.00048015 0.0004058 0.0003974 0.00041305 0.0003358 0.0005183 0.00024865 0.0004667 0.0004227 0.0002824
11 0.0005736 0.0004705 0.00056245 0.0004551 0.00056975 0.00044725 0.0005898 0.00044655 0.0005535 0.0004741 0.0004159 0.0003164 0.00055875 0.00056245 0.0003401 0.0005088 0.0005736 0.00047055 0.000383 0.00039225 0.0005869 0.0004993 0.00045035 0.00031365 0.0004996 0.00038015 0.00045625 0.0002547 0.00034635 0.00049825 0.0003405 0.0004466 0.00060215 0.00034615 0.00047035 0.0004471 0.00058535 0.00056255 0.00047015 0.00047505 0.00043125 0.00042885 0.0002786 0.00043355 0.00058715 0.00038715 0.0003396 0.00043925 0.0005869 0.00049125 0.0004845 0.00044375 0.0005031 0.0004467 0.00052295 0.00061825 0.0004711 0.00048445 0.00057745 0.0004464 0.00050865 0.0004464 0.0004194 0.00060935 0.0006018 0.00060595 0.0004433 0.0004469 0.00058695 0.00058475 0.0004477 0.00034495 0.00033255 0.0003125 0.000499 0.00037765 0.0005629 0.00044395 0.0004707 0.00058995 0.00051755 0.0004562 0.00057505 0.00057735 0.0004708 0.000475 0.0001592 0.0005774 0.00031325 0.0004934 0.00058995 0.00057805 0.00063155 0.00049355 0.00052095 0.0005508 0.00050835 0.00035035 0.00043545 0.00044745
12 0.00019585 0.00038545 0.0002667 0.0004057 0.00051335 0.00042115 0.0003702 0.0004565 0.0003684 0.0003792 0.00035725 0.00055875 0.0003305 0.0002667 0.00050935 0.00029185 0.0001966 0.0003854 0.00050295 0.00053765 0.0001966 0.0003316 0.0004497 0.00045005 0.0003321 0.0003702 0.00035515 0.0005346 0.00051495 0.00035465 0.00050935 0.00041015 0.0002283 0.0005148 0.00038605 0.00037565 0.0002894 0.0002209 0.0003853 0.0004021 0.00043045 0.0002956 0.00052105 0.0005201 0.0001963 0.000497 0.0005443 0.00030235 0.00019665 0.000547 0.00031695 0.00032625 0.00037545 0.00041025 0.0004779 0.00035245 0.00038525 0.0003169 0.0002516 0.0004563 0.0002917 0.0004103 0.00039715 0.00022665 0.00022795 0.00025005 0.00031955 0.00037545 0.0001967 0.00025165 0.00042125 0.0005499 0.0005043 0.00049125 0.00054965 0.0004508 0.0002668 0.00032715 0.00035605 0.00037035 0.000373 0.0003546 0.00033975 0.00029805 0.00038675 0.0004078 0.0006051 0.00025225 0.00045015 0.00039865 0.00037105 0.0002977 0.00035245 0.0004439 0.0004204 0.00048865 0.0002917 0.00049645 0.0005419 0.0004215
13 0.0002698 0.0003445 0.00025185 0.0003939 0.00047335 0.000307 0.0003291 0.0003421 0.00025255 0.0004161 0.00030315 0.00056245 0.0002667 0.0005037 0.00039625 0.0002806 0.0002698 0.0003445 0.0004217 0.00056475 0.000255 0.00035005 0.00046565 0.0003705 0.00035035 0.00041145 0.0003421 0.00059415 0.00049295 0.0004157 0.0003966 0.0003448 0.0002585 0.00049275 0.00034445 0.0003102 0.0002751 0.00025525 0.00034465 0.0003471 0.00050005 0.00031535 0.0005011 0.0005055 0.0002554 0.0004337 0.0004312 0.0003141 0.00025505 0.00056785 0.00028085 0.0003185 0.0003316 0.0003449 0.00049455 0.0003698 0.00034475 0.0002808 0.00025835 0.0003419 0.00028045 0.0003449 0.00031545 0.0002551 0.00025815 0.00026655 0.0003216 0.00031 0.0002551 0.00025535 0.00030755 0.0005272 0.0004487 0.00049305 0.00049335 0.00036705 0.0002524 0.0003187 0.0003145 0.00032925 0.0003819 0.0003416 0.00032615 0.000255 0.00034425 0.0003529 0.00056015 0.0002583 0.0003702 0.0003819 0.00032925 0.0002558 0.000355 0.0003793 0.00030475 0.00046465 0.0002807 0.00046585 0.00053605 0.0003074
14 0.00043955 0.0002188 0.00039625 0.00043 0.00051895 0.00014625 0.0003549 0.0001459 0.0002536 0.00050845 0.00026915 0.0003401 0.00050935 0.00039625 7.49e-05 0.0003343 0.00044925 0.00021845 0.00031275 0.0004144 0.000479 0.0003028 0.0003049 9.97e-05 0.0003129 0.0004236 0.0002886 0.0005243 0.00032015 0.0005319 3.865e-05 0.0002053 0.0004193 0.00032005 0.0002284 0.0002047 0.0004187 0.0004553 0.0002272 0.00023005 0.00051325 0.0003497 0.00026805 0.00022825 0.00046955 0.0001327 3.785e-05 0.00031345 0.000479 0.00049535 0.0003204 0.00027995 0.0002581 0.0002054 0.000505 0.00044155 0.0002194 0.00032035 0.0003856 0.0001457 0.00033415 0.0002045 0.000207 0.0004145 0.00041895 0.00042025 0.0002592 0.00020465 0.00047905 0.0004003 0.00014625 0.0003195 0.00032195 0.0003067 0.000432 0.0001533 0.00039625 0.00028985 0.00023655 0.00035505 0.0003135 0.00028915 0.0004248 0.0003362 0.00022925 0.00023015 0.0002812 0.00039525 9.905e-05 0.0003003 0.00036475 0.00032675 0.0004713 0.00024045 0.0002212 0.0005186 0.000343 0.0003584 0.00047215 0.00014575
15 0.00025155 0.00030495 0.0002806 0.00038915 0.00048785 0.0002702 0.0003098 0.0003053 0.0002408 0.0004191 0.00023965 0.0005088 0.00029185 0.0002806 0.0003343 0.0004791 0.0002619 0.0003048 0.00038505 0.0005433 0.00029025 0.00032755 0.0004443 0.00030875 0.0003379 0.0003793 0.0003449 0.00057245 0.00046305 0.00041835 0.0003349 0.0003158 0.0002607 0.00046295 0.0003151 0.00028015 0.0003027 0.00029075 0.0003152 0.00032815 0.0005031 0.00031915 0.00045625 0.0004597 0.00027995 0.00037925 0.0003699 0.00031695 0.00029025 0.00057515 0.0002506 0.0002789 0.00031205 0.0003159 0.0004981 0.0003734 0.00030505 0.00025055 0.00025055 0.0003051 0.0002396 0.00031535 0.0002797 0.00025765 0.00026035 0.00027915 0.0002813 0.00027995 0.0002903 0.00029105 0.0002698 0.00049825 0.00040335 0.0004641 0.00049915 0.0003049 0.0002802 0.00028945 0.00028525 0.0003098 0.0003497 0.0003453 0.00035005 0.0002507 0.000315 0.00033395 0.0004984 0.00026085 0.00030835 0.0003605 0.00032015 0.0002402 0.00040175 0.00035 0.00027595 0.0004791 0.00025 0.00043675 0.00052655 0.00026955
16 5.34e-05 0.00026885 0.0002698 0.000294 0.00048015 0.00030685 0.00020085 0.00034215 0.00019985 0.00026525 0.0004702 0.0005736 0.0001966 0.0002698 0.00044925 0.0002619 0.0001062 0.0002689 0.0004387 0.00047885 0.00019665 0.00022305 0.0003774 0.00044005 0.00022265 0.0002961 0.0004123 0.00051975 0.0004577 0.00024015 0.00044915 0.0002935 5.365e-05 0.00045755 0.00026865 0.00025905 0.00029245 0.0002218 0.0002688 0.00029575 0.0003631 0.000403 0.00051365 0.0004562 0.0001971 0.0004354 0.00048405 0.0003769 0.00019665 0.000576 0.00028685 0.00025985 0.00026935 0.0002936 0.00042785 0.00027475 0.00026875 0.0002868 7.86e-05 0.00034195 0.00026175 0.00029365 0.0003329 6.405e-05 5.35e-05 8.64e-05 0.00023345 0.00025885 0.00019665 0.00019495 0.00030695 0.0004926 0.00056085 0.00045375 0.00050245 0.0004772 0.0002699 0.00025985 0.0002407 0.000201 0.000255 0.0004119 0.00034415 0.00012645 0.00026845 0.0003014 0.00062225 7.855e-05 0.00044015 0.00027975 0.0002008 0.000127 0.00041825 0.00032805 0.00026735 0.0004404 0.00026175 0.0004127 0.000613 0.0003072
17 0.00025855 0.00021755 0.0003445 0.00037955 0.00049165 0.0002192 0.0002518 0.0002186 0.00021875 0.0004089 0.0003924 0.00047055 0.0003854 0.0003445 0.00021845 0.0003048 0.0002689 0.0004344 0.0003847 0.0004337 0.00035445 0.00024305 0.00032285 0.0002794 0.0002534 0.00037325 0.00034465 0.00054365 0.0003896 0.00040815 0.00021915 0.00022895 0.00023835 0.0003894 0.0002278 0.00022955 0.0003675 0.00035495 0.00022745 0.00024335 0.00045815 0.0004047 0.0003889 0.0003085 0.00034435 0.00026415 0.00021785 0.0003699 0.00035445 0.0005162 0.00031575 0.0002779 0.00026065 0.00022905 0.00046085 0.000353 0.0002182 0.0003157 0.0002282 0.0002184 0.0003048 0.00022835 0.0002784 0.00023535 0.000238 0.000253 0.00025985 0.00022935 0.0003545 0.000299 0.0002197 0.0003882 0.00046255 0.0003748 0.0004622 0.0003048 0.000345 0.00028845 0.0002356 0.0002518 0.00026285 0.000345 0.0003786 0.00022805 0.00022785 0.0002433 0.000461 0.0002385 0.0002791 0.0002738 0.00026215 0.00021845 0.00043855 0.00026375 0.00021865 0.00047955 0.000315 0.00038225 0.0005511 0.00021955
18 0.00042935 0.00038475 0.0004217 0.00037065 0.0005015 0.00027645 0.00038365 0.0003114 0.0002747 0.0004369 0.0003487 0.000383 0.00050295 0.0004217 0.00031275 0.00038505 0.0004387 0.0003847 0.0005488 0.00053245 0.0005044 0.00046665 0.0005162 0.0002767 0.00047635 0.00040975 0.00045865 0.0004628 0.0004029 0.0004609 0.00031315 0.00036995 0.00044055 0.0004027 0.000394 0.0003348 0.00043215 0.0004803 0.00039455 0.00039355 0.0004894 0.00042195 0.0003969 0.0005366 0.0004953 0.0004074 0.0003481 0.00043045 0.0005044 0.0006202 0.00037025 0.0003484 0.00038875 0.00037005 0.0005144 0.00050225 0.00038495 0.0003702 0.00040665 0.0003112 0.0003849 0.00036985 0.00027515 0.0004361 0.0004402 0.0004454 0.00035745 0.0003346 0.00050445 0.0004741 0.0002763 0.0004377 0.00032785 0.0004321 0.0004421 0.00034835 0.00042155 0.00035795 0.000358 0.0003838 0.0004793 0.0004585 0.00045735 0.0003575 0.00039345 0.00039925 0.00032485 0.00041595 0.0002764 0.0004639 0.00039315 0.00034825 0.00056795 0.0004058 0.0003101 0.00049845 0.00039485 0.0003903 0.00050165 0.0002761
19 0.00048795 0.00043365 0.00056475 0.0004444 0.00052365 0.00049605 0.0005014 0.00046055 0.0005419 0.00042415 0.00059815 0.00039225 0.00053765 0.00056475 0.0004144 0.0005433 0.00047885 0.0004337 0.00053245 0.0004741 0.0005291 0.0003947 0.0002387 0.0004645 0.00038585 0.00044705 0.00048355 0.00032115 0.00034385 0.0004252 0.0004147 0.0004239 0.0004707 0.00034365 0.00042455 0.000459 0.000582 0.0005278 0.00042395 0.0004214 0.00031015 0.0005332 0.0003906 0.00023755 0.00053845 0.00034355 0.00037875 0.000519 0.0005291 0.0004031 0.000533 0.00048355 0.0004679 0.000424 0.0004635 0.00050885 0.0004344 0.00053295 0.0004782 0.00046035 0.00054315 0.00042315 0.0005102 0.00048795 0.00047035 0.00046115 0.0004687 0.0004588 0.00052915 0.0005092 0.00049615 0.00030795 0.000554 0.0003092 0.0004895 0.00048855 0.00056485 0.00047465 0.00046015 0.00050155 0.0003628 0.00048405 0.0005512 0.000506 0.0004251 0.00041585 0.0004297 0.00046905 0.0004642 0.0003529 0.00049245 0.00051545 0.0005591 0.00038945 0.00050685 0.0004994 0.0005335 0.0004232 0.00049175 0.000496
20 0.00020665 0.0003543 0.000255 0.0004051 0.0004969 0.0003899 0.000339 0.00042485 0.00033545 0.000369 0.0003856 0.0005869 0.0001966 0.000255 0.000479 0.00029025 0.00019665 0.00035445 0.0005044 0.0005291 0.0003496 0.00029115 0.0004301 0.0004532 0.00028145 0.0003628 0.0003447 0.0005591 0.0005162 0.0003443 0.0004792 0.00036925 0.00017535 0.000516 0.0003444 0.00033435 0.0002778 0.00019965 0.00034465 0.00036145 0.00045215 0.0003183 0.000515 0.00047015 0.0001853 0.00045725 0.0005137 0.0003168 0.00017495 0.00052285 0.000305 0.0003284 0.0003344 0.00036935 0.00048755 0.0003628 0.0003547 0.00030495 0.0002097 0.00042465 0.0002901 0.00036895 0.0003986 0.0001849 0.0001752 0.0001977 0.00033125 0.00033415 0.000175 0.00019975 0.00039 0.00055075 0.00053165 0.0005167 0.0005589 0.0004498 0.0002551 0.0003186 0.0003144 0.00033915 0.00033265 0.0003446 0.0003291 0.0002551 0.0003442 0.00036715 0.0006429 0.00019985 0.0004529 0.00034715 0.00032915 0.00026545 0.00034105 0.00040285 0.0003875 0.0004882 0.0002804 0.0004903 0.00055985 0.00038985
21 0.0002224 0.00024305 0.00035005 0.0004029 0.0005126 0.00030115 0.0002768 0.0003029 0.0003007 0.00037685 0.00047385 0.0004993 0.0003316 0.00035005 0.0003028 0.00032755 0.00022305 0.00024305 0.00046665 0.0003947 0.00029115 0.0003615 0.00028375 0.00036145 0.00018245 0.0003399 0.00035245 0.0005093 0.00041065 0.00036305 0.0003034 0.00025735 0.000183 0.00041045 0.00024365 0.00025545 0.00037265 0.00030475 0.00024375 0.00024125 0.00042105 0.00041035 0.0003863 0.0002698 0.00029075 0.0002854 0.00030475 0.00037505 0.00029115 0.0004531 0.00034185 0.0003012 0.00026645 0.00025745 0.0004638 0.00035595 0.00024325 0.0003418 0.0001956 0.0003027 0.0003274 0.00025715 0.00036085 0.0001817 0.00018265 0.0001823 0.00028245 0.00025525 0.0002912 0.0002487 0.00030125 0.000412 0.000545 0.0003985 0.00052415 0.00038935 0.00035015 0.00030205 0.00024935 0.00027695 0.0002256 0.0003524 0.0003861 0.00024155 0.00024355 0.0002433 0.00054505 0.0001962 0.0003609 0.00023975 0.0002776 0.00024125 0.00042405 0.00028525 0.00030255 0.00050055 0.0003282 0.00041105 0.00057255 0.00030085
22 0.0003866 0.0003228 0.00046565 0.0004411 0.00051275 0.0003849 0.0004022 0.0003495 0.0004292 0.00042365 0.00051245 0.00045035 0.0004497 0.00046565 0.0003049 0.0004443 0.0003774 0.00032285 0.0005162 0.0002387 0.0004301 0.00028375 0.0002523 0.0003663 0.0002749 0.00043175 0.00038615 0.00041825 0.0003451 0.0004247 0.0003052 0.00031285 0.0003582 0.0003449 0.0003136 0.00034795 0.0004884 0.000429 0.00031455 0.00031035 0.00030935 0.00044705 0.00037675 0.00012705 0.00043955 0.0002342 0.0002694 0.00043105 0.0004301 0.00039385 0.0004339 0.000384 0.00035695 0.00031295 0.0004632 0.0004075 0.00032345 0.00043385 0.0003658 0.0003493 0.00044415 0.00031225 0.00041045 0.00037555 0.00035785 0.00034865 0.0003687 0.00034775 0.00043015 0.0003967 0.000385 0.0003093 0.0005559 0.0002698 0.00048925 0.000391 0.00046575 0.000375 0.0003492 0.00040235 0.0002521 0.0003865 0.0004654 0.0003934 0.00031265 0.0003048 0.0004877 0.00035655 0.000366 0.00024065 0.00039315 0.00040295 0.0004602 0.00027855 0.00039415 0.00049905 0.00043595 0.0004412 0.0004938 0.00038485
23 0.00043035 0.00027955 0.0003705 0.00040895 0.00055325 0.0001706 0.0004148 0.00020645 0.00027785 0.00048695 0.00019375 0.00031365 0.00045005 0.0003705 9.97e-05 0.00030875 0.00044005 0.0002794 0.0002767 0.0004645 0.0004532 0.00036145 0.0003663 0.0001267 0.0003708 0.0003934 0.00029945 0.0004837 0.00033405 0.00051095 9.94e-05 0.0002643 0.0004436 0.0003342 0.00028905 0.00022975 0.0003928 0.00042895 0.0002886 0.000288 0.0004936 0.00026325 0.00027205 0.00032455 0.00044375 0.00019435 0.00013525 0.00027065 0.0004532 0.00056335 0.0002943 0.00024375 0.0002838 0.0002644 0.0005189 0.0004672 0.00027895 0.00029425 0.00040935 0.00020625 0.0003086 0.0002649 0.0001707 0.0004388 0.00044325 0.00044845 0.00025025 0.00022955 0.00045325 0.00042405 0.00017045 0.00036975 0.00026005 0.00033605 0.00044575 0.0001644 0.00037035 0.0002535 0.00025345 0.00041495 0.000374 0.0002986 0.0004346 0.00036055 0.00028945 0.0002936 0.00025535 0.000419 6.385e-05 0.00035985 0.00042465 0.00035095 0.00048035 0.00030085 0.0002807 0.0005395 0.0003179 0.00038595 0.0004459 0.0001711
24 0.0002327 0.00025325 0.00035035 0.00040315 0.0005129 0.00031025 0.00028715 0.0003126 0.00031015 0.0003675 0.0004838 0.0004996 0.0003321 0.00035035 0.0003129 0.0003379 0.00022265 0.0002534 0.00047635 0.00038585 0.00028145 0.00018245 0.0002749 0.0003708 0.0003438 0.00034105 0.00035295 0.0005002 0.0004106 0.00035355 0.0003126 0.0002568 0.00017245 0.0004105 0.00024335 0.00025565 0.000373 0.00029545 0.0002435 0.0002409 0.00041225 0.0004109 0.0003862 0.0002609 0.0002917 0.0002861 0.0003145 0.00037505 0.00028145 0.0004436 0.0003419 0.00031155 0.00026675 0.0002569 0.00047415 0.00036585 0.000253 0.00034185 0.00019605 0.0003124 0.00033775 0.00025715 0.00037055 0.00018225 0.0001723 0.00017235 0.00029185 0.00025545 0.00028145 0.0002392 0.00031035 0.00041255 0.00055495 0.0003991 0.0005341 0.0003993 0.00035045 0.00030175 0.00024905 0.0002873 0.00022655 0.00035235 0.00038665 0.000241 0.000243 0.000243 0.000555 0.0001862 0.000371 0.00023035 0.0002773 0.00025135 0.0004246 0.00028555 0.00031205 0.00050085 0.00032795 0.00041115 0.0005731 0.0003107
25 0.00029575 0.00037315 0.00041145 0.00036925 0.00053025 0.00038765 0.00039015 0.0004225 0.00038625 0.00033975 0.00047065 0.00038015 0.0003702 0.00041145 0.0004236 0.0003793 0.0002961 0.00037325 0.00040975 0.00044705 0.0003628 0.0003399 0.00043175 0.0003934 0.00034105 0.0005747 0.0004479 0.00036435 0.00041525 0.0003397 0.00042385 0.00037355 0.0002891 0.00041505 0.00037355 0.0003387 0.000434 0.0003627 0.00037405 0.0003896 0.0004016 0.0004172 0.0003897 0.0004523 0.0003627 0.0004208 0.00045835 0.00041995 0.0003628 0.00053355 0.00037955 0.0003428 0.0003734 0.00037365 0.0004795 0.00046795 0.0003735 0.0003795 0.00028825 0.0004223 0.00037915 0.0003733 0.0003919 0.00029835 0.00028875 0.0003104 0.00034615 0.0003385 0.00036285 0.0003513 0.0003877 0.00044975 0.0004598 0.00044215 0.00052925 0.0004646 0.0004115 0.00034335 0.000338 0.0003903 0.0003704 0.0004479 0.0004647 0.0003374 0.00037305 0.00039525 0.0004296 0.00028855 0.0003931 0.0003701 0.00039065 0.00033735 0.00053465 0.00041945 0.0004214 0.00051135 0.00038005 0.0003931 0.0005357 0.00038755
26 0.00041205 0.00034485 0.0003421 0.0004911 0.00052475 0.00034325 0.0004319 0.0003427 0.00039675 0.0005133 0.0002885 0.00045625 0.00035515 0.0003421 0.0002886 0.0003449 0.0004123 0.00034465 0.00045865 0.00048355 0.0003447 0.00035245 0.00038615 0.00029945 0.00035295 0.0004479 0.0005744 0.00054925 0.0004471 0.00051295 0.00028915 0.0003459 0.00040225 0.0004469 0.00034515 0.00034585 0.00036445 0.0003448 0.000344 0.00035025 0.00051655 0.0002983 0.0003965 0.00036335 0.00034425 0.000326 0.0002878 0.00029575 0.0003447 0.0004782 0.00034535 0.00035525 0.00036675 0.000346 0.0005217 0.0004414 0.00034565 0.0003453 0.0004018 0.0003425 0.00034475 0.0003446 0.000353 0.0003987 0.0004019 0.0004065 0.00035605 0.00034565 0.00034475 0.00034605 0.00034315 0.00044635 0.0004166 0.0004132 0.0005195 0.00028825 0.000342 0.0003557 0.0003509 0.00043205 0.000382 0.0002887 0.0003751 0.0003993 0.00034595 0.00035025 0.00045385 0.000402 0.00029915 0.0003831 0.0004323 0.0003992 0.0003738 0.00037955 0.0003812 0.00052775 0.0003442 0.0004664 0.0004808 0.000343
27 0.00052915 0.0005435 0.00059415 0.00040275 0.0005627 0.00056965 0.0005942 0.00056955 0.0006146 0.0003714 0.0005819 0.0002547 0.0005346 0.00059415 0.0005243 0.00057245 0.00051975 0.00054365 0.0004628 0.00032115 0.0005591 0.0005093 0.00041825 0.0004837 0.0005002 0.00036435 0.00054925 0.0003306 0.0003452 0.0003842 0.0005245 0.00052135 0.00054465 0.000345 0.0005342 0.00052145 0.00061135 0.0005461 0.0005341 0.00053515 0.0002923 0.0005082 0.0003593 0.0004769 0.00056875 0.0005007 0.000524 0.00053185 0.0005591 0.0004832 0.0005501 0.0005028 0.00056815 0.00052145 0.00048935 0.000631 0.0005439 0.00055005 0.0005407 0.00056935 0.0005723 0.00052105 0.00052855 0.00056295 0.0005443 0.00054525 0.00050985 0.00052125 0.00055915 0.00057215 0.0005697 0.00034475 0.0004562 0.0003517 0.0005144 0.0005531 0.0005942 0.0004936 0.00052665 0.00059435 0.00052 0.0005493 0.00059975 0.00057935 0.00053425 0.0005352 0.0003034 0.00053125 0.0004834 0.00049755 0.00058495 0.00058905 0.00067035 0.0005457 0.00061475 0.0005316 0.00056285 0.00038685 0.00047645 0.00056955
28 0.0004574 0.00038965 0.00049295 0.0003779 0.0005239 0.00036545 0.000457 0.00036645 0.00041225 0.000406 0.0004678 0.00034635 0.00051495 0.00049295 0.00032015 0.00046305 0.0004577 0.0003896 0.0004029 0.00034385 0.0005162 0.00041065 0.0003451 0.00033405 0.0004106 0.00041525 0.0004471 0.0003452 0.0006368 0.0004181 0.00031975 0.00037695 0.00045935 0.0003186 0.00038985 0.00037705 0.0005097 0.00050385 0.00038935 0.00038725 0.00034925 0.00046155 0.00035585 0.0003694 0.00051615 0.0003443 0.0003206 0.00044605 0.0005162 0.00049885 0.0004511 0.00040405 0.0004209 0.00037705 0.00047165 0.0005166 0.0003891 0.00045105 0.0004464 0.00036625 0.0004629 0.0003772 0.0003812 0.00046565 0.000459 0.0004571 0.00038755 0.00037685 0.00051625 0.00048525 0.00036505 0.00031955 0.0004251 0.00032055 0.0004476 0.00039435 0.00049255 0.00040455 0.00039025 0.00045715 0.0004137 0.0004466 0.00051465 0.00043575 0.0003903 0.00038725 0.00033535 0.00044665 0.00033455 0.00040205 0.00045745 0.0004353 0.0005751 0.00039035 0.0004124 0.00049965 0.00046275 0.0003773 0.00049265 0.0003657
29 0.00025 0.0004079 0.0004157 0.00030125 0.00051525 0.0004351 0.0003636 0.00047 0.0003729 0.00025375 0.00058725 0.00049825 0.00035465 0.0004157 0.0005319 0.00041835 0.00024015 0.00040815 0.0004609 0.0004252 0.0003443 0.00036305 0.0004247 0.00051095 0.00035355 0.0003397 0.00051295 0.0003842 0.0004181 0.0004585 0.000532 0.00042255 0.0002302 0.0004179 0.00039825 0.0003877 0.00041615 0.00036855 0.0003988 0.00042485 0.0002843 0.00049155 0.00050115 0.00051115 0.0003544 0.0005044 0.00056645 0.000478 0.0003443 0.00056715 0.0004327 0.00038695 0.00039805 0.00042265 0.00045435 0.0004552 0.0004084 0.00043265 0.00026385 0.0004698 0.0004182 0.00042225 0.0004486 0.0002495 0.0002297 0.00026205 0.0003738 0.0003875 0.00034435 0.0003485 0.0004352 0.0004526 0.00055225 0.00045265 0.0005165 0.00057705 0.0004158 0.0003773 0.00036345 0.00036375 0.0003806 0.000513 0.00046835 0.00030125 0.0003977 0.0004305 0.00054605 0.0002538 0.00051065 0.00039435 0.0003539 0.00031145 0.00055935 0.00044225 0.00044035 0.00048925 0.00040895 0.00042255 0.00059075 0.00043505
30 0.00043965 0.00021895 0.0003966 0.0004303 0.00051925 0.0001459 0.00035535 0.00014635 0.000254 0.0005086 0.00026985 0.0003405 0.00050935 0.0003966 3.865e-05 0.0003349 0.00044915 0.00021915 0.00031315 0.0004147 0.0004792 0.0003034 0.0003052 9.94e-05 0.0003126 0.00042385 0.00028915 0.0005245 0.00031975 0.000532 7.59e-05 0.0002049 0.0004194 0.0003199 0.0002287 0.0002055 0.00041905 0.00045555 0.00022775 0.0002299 0.00051355 0.0003501 0.000268 0.0002285 0.00046995 0.00013345 3.815e-05 0.00031325 0.0004792 0.0004951 0.0003208 0.00028045 0.00025845 0.000205 0.0005055 0.00044165 0.0002192 0.00032075 0.0003859 0.00014615 0.00033475 0.00020495 0.00020745 0.00041485 0.000419 0.0004204 0.00025875 0.0002053 0.00047925 0.00040045 0.0001459 0.0003199 0.0003224 0.00030725 0.0004325 0.0001541 0.0003966 0.00029015 0.00023685 0.0003555 0.0003139 0.00028885 0.00042515 0.00033645 0.0002295 0.0002298 0.00028185 0.0003953 9.99e-05 0.00030045 0.000365 0.0003272 0.0004717 0.0002408 0.0002216 0.00051895 0.00034345 0.00035885 0.0004725 0.00014655
31 0.00029375 0.0002289 0.0003448 0.0003794 0.0004791 0.00020435 0.00026275 0.0002049 0.00020435 0.00039825 0.00037855 0.0004466 0.00041015 0.0003448 0.0002053 0.0003158 0.0002935 0.00022895 0.00036995 0.0004239 0.00036925 0.00025735 0.00031285 0.0002643 0.0002568 0.00037355 0.0003459 0.00052135 0.00037695 0.00042255 0.0002049 0.0004067 0.000253 0.0003769 0.00022865 0.0002048 0.0003678 0.00034475 0.0002288 0.00023225 0.0004603 0.00040475 0.000378 0.00029865 0.00036975 0.00025235 0.00020505 0.0003698 0.00036925 0.00050695 0.00029105 0.0002884 0.00026125 0.0002035 0.00048275 0.00037445 0.00022835 0.000291 0.00022835 0.0002047 0.00031565 0.00020435 0.0002638 0.00026045 0.0002526 0.0002568 0.0002696 0.0002046 0.0003693 0.0002885 0.0002048 0.00037675 0.0004476 0.0003632 0.00045965 0.0002917 0.00034525 0.00028835 0.00023565 0.0002629 0.00027595 0.00034465 0.00037925 0.0002282 0.0002285 0.00023195 0.0004474 0.000228 0.0002647 0.000251 0.00026265 0.00022915 0.0004502 0.0002517 0.00020435 0.00046705 0.0003156 0.00035795 0.00053835 0.00020535
32 6.455e-05 0.0002381 0.0002585 0.0002938 0.0004641 0.000276 0.00017005 0.0003109 0.0001673 0.00025545 0.00049895 0.00060215 0.0002283 0.0002585 0.0004193 0.0002607 5.365e-05 0.00023835 0.00044055 0.0004707 0.00017535 0.000183 0.0003582 0.0004436 0.00017245 0.0002891 0.00040225 0.00054465 0.00045935 0.0002302 0.0004194 0.000253 1.1e-06 0.00045915 0.0002274 0.00021815 0.00028125 0.00020095 0.0002286 0.0002555 0.0003852 0.0004261 0.000508 0.00040665 0.0001865 0.00039605 0.00045385 0.00039175 0.00017525 0.00055225 0.0002753 0.0002624 0.0002287 0.0002531 0.0004379 0.00028555 0.0002386 0.00027525 3.71e-05 0.0003107 0.00026055 0.0002527 0.00033475 2.275e-05 9e-07 3.42e-05 0.00024555 0.00021795 0.0001754 0.00014345 0.0002761 0.00049385 0.0005886 0.0004796 0.0005121 0.0004766 0.0002586 0.0002514 0.00019945 0.0001702 0.00021505 0.0004023 0.0003339 8.38e-05 0.00022635 0.00026115 0.00066045 2.655e-05 0.0004433 0.00022865 0.0001593 9.515e-05 0.00040725 0.0002874 0.00023485 0.00044035 0.0002509 0.00040695 0.00063135 0.00027595
33 0.00045725 0.00038945 0.00049275 0.0003777 0.0005237 0.0003656 0.0004568 0.00036625 0.00041205 0.0004058 0.0004678 0.00034615 0.0005148 0.00049275 0.00032005 0.00046295 0.00045755 0.0003894 0.0004027 0.00034365 0.000516 0.00041045 0.0003449 0.0003342 0.0004105 0.00041505 0.0004469 0.000345 0.0003186 0.0004179 0.0003199 0.0003769 0.00045915 0.0006364 0.00038965 0.00037695 0.0005095 0.00050365 0.00038915 0.00038715 0.00034905 0.00046135 0.00035585 0.0003692 0.00051595 0.0003442 0.0003204 0.0004458 0.000516 0.00049875 0.000451 0.00040385 0.0004207 0.000377 0.00047145 0.00051645 0.00038905 0.00045095 0.0004462 0.00036605 0.0004628 0.000377 0.000381 0.00046545 0.0004588 0.0004569 0.00038725 0.00037675 0.00051605 0.00048505 0.0003652 0.00031935 0.0004249 0.00032035 0.00044735 0.00039425 0.00049235 0.00040435 0.00039005 0.00045695 0.0004135 0.00044655 0.00051445 0.00043555 0.0003901 0.0003872 0.00033525 0.00044645 0.00033445 0.00040185 0.00045725 0.0004351 0.0005749 0.00039015 0.0004122 0.00049945 0.00046265 0.0003771 0.00049245 0.0003656
34 0.00026925 0.00022775 0.00034445 0.0003794 0.00049155 0.00022855 0.0002619 0.0002278 0.0002278 0.00039915 0.00040205 0.00047035 0.00038605 0.00034445 0.0002284 0.0003151 0.00026865 0.0002278 0.000394 0.00042455 0.0003444 0.00024365 0.0003136 0.00028905 0.00024335 0.00037355 0.00034515 0.0005342 0.00038985 0.00039825 0.0002287 0.00022865 0.0002274 0.00038965 0.0004537 0.00022925 0.0003675 0.00034535 0.00022725 0.0002433 0.00044895 0.00040495 0.0003891 0.00029925 0.00034525 0.0002644 0.00022765 0.00037015 0.0003444 0.000507 0.00031545 0.0002882 0.0002606 0.00022875 0.000471 0.0003631 0.0002285 0.0003154 0.00022855 0.00022755 0.00031495 0.0002283 0.00028775 0.00023585 0.00022725 0.00024265 0.0002699 0.00022905 0.00034445 0.0002891 0.00022905 0.00038825 0.00047215 0.0003749 0.0004719 0.00031475 0.00034495 0.0002878 0.00023495 0.00026205 0.00026375 0.00034525 0.0003788 0.0002271 0.0002271 0.00024325 0.00047045 0.0002281 0.00028875 0.000264 0.00026135 0.00022845 0.00043885 0.0002637 0.00022755 0.0004795 0.0003145 0.0003819 0.0005513 0.0002289
35 0.0002593 0.0002295 0.0003102 0.00034395 0.0004786 0.0001698 0.0002633 0.0002049 0.0001692 0.0003633 0.0003421 0.0004471 0.00037565 0.0003102 0.0002047 0.00028015 0.00025905 0.00022955 0.0003348 0.000459 0.00033435 0.00025545 0.00034795 0.00022975 0.00025565 0.0003387 0.00034585 0.00052145 0.00037705 0.0003877 0.0002055 0.0002048 0.00021815 0.00037695 0.00022925 0.000337 0.0003323 0.0003098 0.0002294 0.0002314 0.0004604 0.00037015 0.00037605 0.0003338 0.00033485 0.00025145 0.0002405 0.0003349 0.00033435 0.00054075 0.0002553 0.00025385 0.00022595 0.0002049 0.0004832 0.0003753 0.00022975 0.00025525 0.00019345 0.0002047 0.00028 0.00020435 0.00022955 0.00022555 0.00021775 0.00022575 0.0002351 0.00016855 0.0003344 0.00025345 0.00016935 0.0004123 0.00041335 0.00039865 0.0004595 0.0002915 0.00030975 0.0002538 0.0002011 0.00026345 0.0002761 0.00034605 0.00037975 0.00019365 0.0002291 0.0002372 0.0004471 0.00019305 0.0002291 0.00025115 0.0002632 0.0001937 0.0004506 0.00025125 0.00020435 0.00046655 0.00027995 0.00035845 0.00053875 0.00016885
