 slim_337604733 slim_337604720 slim_337604573 slim_337604674 slim_337604671 slim_337604699 slim_337604722 slim_337604727 slim_337604518 slim_337604661 slim_337604533 slim_337604702 slim_337604471 slim_337604620 slim_337604672 slim_337604635 slim_337604684 slim_337604539 slim_337604605 slim_337604739 slim_337604643 slim_337604707 slim_337604611 slim_337604729 slim_337604598 slim_337604633 slim_337604537 slim_337604630 slim_337604540 slim_337604650 slim_337604642 slim_337604719 slim_337604723 slim_337604640 slim_337604644 slim_337604443 slim_337604629 slim_337604651 slim_337604680 slim_337604627 slim_337604694 slim_337604634 slim_337604740 slim_337604575 slim_337604619 slim_337604601 slim_337604725 slim_337604666 slim_337604538 slim_337604592 slim_337604676 slim_337604687 slim_337604576 slim_337604599 slim_337604734 slim_337604738 slim_337604730 slim_337604660 slim_337604604 slim_337604473 slim_337604654 slim_337604512 slim_337604731 slim_337604532 slim_337604677 slim_337604641 slim_337604737 slim_337604706 slim_337604735 slim_337604669 slim_337604718 slim_337604701 slim_337604697 slim_337604679 slim_337604742 slim_337604741 slim_337604646 slim_337604255 slim_337604609 slim_337604736 slim_337604695 slim_337604554 slim_337604568 slim_337604692 slim_337604061 slim_337604732 slim_337604705 slim_337604726 slim_337604704 slim_337604678 slim_337604637 slim_337604715 slim_337604542 slim_337604703 slim_337604663 slim_337604501 slim_337604488 slim_337604709 slim_337604686 slim_337604647
0 7.7e-06 1.43e-05 1.21e-05 1.125e-05 7.75e-06 1.08e-05 8.6e-06 9.25e-06 6.15e-06 7.3e-06 6.2e-06 8.7e-06 7.65e-06 6.85e-06 1.095e-05 6.05e-06 9.25e-06 8.65e-06 8.4e-06 1.495e-05 7.6e-06 5.8e-06 9.85e-06 1.18e-05 7.7e-06 9.1e-06 9.3e-06 9e-06 9.95e-06 1.035e-05 1.095e-05 5.1e-06 9.2e-06 1.395e-05 1.185e-05 1.01e-05 9.5e-06 8.85e-06 1.395e-05 1.345e-05 1.015e-05 8.5e-06 9.75e-06 1.155e-05 8.25e-06 5.15e-06 8.9e-06 1.08e-05 1.125e-05 1.13e-05 1.125e-05 9.2e-06 8.15e-06 1.32e-05 1.1e-05 1.07e-05 6.75e-06 7.25e-06 1.4e-05 1.215e-05 8.95e-06 1.155e-05 6.05e-06 5.7e-06 1.4e-05 6.1e-06 1.16e-05 1.15e-05 1.155e-05 5.75e-06 1.15e-05 6.75e-06 1.08e-05 9e-06 1.405e-05 1.135e-05 5.45e-06 9.3e-06 6.3e-06 1.59e-05 1.33e-05 1.355e-05 8.6e-06 7.65e-06 8.7e-06 1.265e-05 5.95e-06 9.4e-06 1.245e-05 1.05e-05 1.23e-05 9.25e-06 1.235e-05 7.65e-06 1.31e-05 9.75e-06 1.095e-05 9.75e-06 1.115e-05 1.415e-05
1 1.43e-05 1.38e-05 1.175e-05 1.05e-05 1.175e-05 1.24e-05 1.285e-05 1.33e-05 1.53e-05 1.39e-05 1.355e-05 1.23e-05 1.35e-05 1.435e-05 1.06e-05 1.515e-05 1.1e-05 1.22e-05 1.16e-05 8.45e-06 1.515e-05 1.45e-05 1.07e-05 1.065e-05 1.375e-05 1.105e-05 1.11e-05 1.075e-05 1.28e-05 1.115e-05 1.14e-05 1.48e-05 1.19e-05 9.35e-06 1.19e-05 1.225e-05 1.08e-05 1.32e-05 9.45e-06 8.3e-06 1.125e-05 1.165e-05 1.19e-05 1.09e-05 1.35e-05 1.44e-05 1.325e-05 1.1e-05 1e-05 9.95e-06 1.09e-05 1.095e-05 1.31e-05 1.005e-05 1e-05 1.09e-05 1.525e-05 1.335e-05 9.6e-06 1.175e-05 1.335e-05 1.04e-05 1.515e-05 1.475e-05 9.15e-06 1.515e-05 9.2e-06 1.235e-05 1.04e-05 1.485e-05 8.35e-06 1.365e-05 1.09e-05 1.335e-05 9.15e-06 8e-06 1.485e-05 1.105e-05 1.49e-05 7.15e-06 1.01e-05 9.45e-06 1.375e-05 1.18e-05 1.3e-05 7.3e-06 1.5e-05 1.115e-05 9.5e-06 1.215e-05 1.19e-05 1.165e-05 9.35e-06 1.43e-05 9.95e-06 1.055e-05 1.105e-05 1.19e-05 1.13e-05 7.05e-06
2 1.21e-05 1.175e-05 1.3e-06 7.45e-06 1.345e-05 4.8e-06 1.14e-05 7.75e-06 1.105e-05 1.09e-05 1.045e-05 1.405e-05 9.8e-06 1.18e-05 8.95e-06 1.1e-05 1.415e-05 1.405e-05 1.51e-05 4.85e-06 1.16e-05 1.345e-05 1.49e-05 9.5e-06 9.95e-06 1.49e-05 1.415e-05 1.525e-05 6.55e-06 1.245e-05 6.4e-06 1.175e-05 9.65e-06 3.4e-06 7.25e-06 7.35e-06 1.48e-05 7.6e-06 3.8e-06 1.07e-05 1.28e-05 1.385e-05 8.45e-06 1.23e-05 7.95e-06 1.27e-05 7.55e-06 9.7e-06 6.8e-06 1.165e-05 1.18e-05 1.545e-05 7.15e-06 5.7e-06 1.26e-05 9.6e-06 1.315e-05 8.75e-06 4.1e-06 1.8e-06 5.8e-06 8.85e-06 1.235e-05 1.34e-05 1.03e-05 1.235e-05 1e-05 3.75e-06 8.85e-06 1.205e-05 1.525e-05 1.015e-05 9.7e-06 7e-06 7.75e-06 1.555e-05 1.13e-05 1.41e-05 1.16e-05 6e-06 5.95e-06 5.25e-06 8.9e-06 1.475e-05 7.4e-06 1.7e-05 1.23e-05 1.565e-05 9.65e-06 6.8e-06 1.3e-06 1.215e-05 9.6e-06 9.85e-06 5.3e-06 9e-06 5.2e-06 8.45e-06 8.65e-06 1.16e-05
3 1.125e-05 1.05e-05 7.45e-06 1.4e-05 9.45e-06 1.005e-05 1.025e-05 9.5e-06 1.25e-05 1.195e-05 1.145e-05 1.33e-05 1.215e-05 1.1e-05 9.9e-06 1.24e-05 1.28e-05 1.325e-05 1.3e-05 7.65e-06 1.255e-05 1.205e-05 1.27e-05 1.11e-05 9.9e-06 1.275e-05 1.285e-05 1.245e-05 1.05e-05 1.315e-05 8.6e-06 1.13e-05 9.8e-06 7.35e-06 9.75e-06 9.95e-06 1.275e-05 1.005e-05 7.65e-06 1.055e-05 1.315e-05 1.29e-05 9.55e-06 1.18e-05 1.045e-05 1.145e-05 9.85e-06 9.7e-06 9.15e-06 1.17e-05 1.095e-05 1.265e-05 9.05e-06 8.25e-06 1.275e-05 9.6e-06 1.21e-05 9.4e-06 7.9e-06 7.9e-06 9.7e-06 1.055e-05 1.23e-05 1.185e-05 1.07e-05 1.23e-05 7.5e-06 8.55e-06 1.055e-05 1.2e-05 1.045e-05 1.11e-05 9.7e-06 9.85e-06 8.15e-06 1.01e-05 1.24e-05 1.28e-05 1.23e-05 7.55e-06 8.3e-06 7.65e-06 1.065e-05 1.21e-05 9.65e-06 1.36e-05 1.22e-05 1.285e-05 1.07e-05 9.7e-06 7.95e-06 8.7e-06 1.06e-05 1.24e-05 7.8e-06 8.55e-06 9.25e-06 9.55e-06 1.015e-05 1.035e-05
4 7.75e-06 1.175e-05 1.345e-05 9.45e-06 1.06e-05 1.345e-05 8.7e-06 9.9e-06 1.17e-05 1.015e-05 9e-06 1.18e-05 1.09e-05 8.45e-06 1.075e-05 1.16e-05 1.095e-05 1.175e-05 9.55e-06 1.315e-05 9.35e-06 7.85e-06 1.09e-05 1.28e-05 8.5e-06 1.01e-05 1.1e-05 9.15e-06 1.22e-05 1.265e-05 1.105e-05 8.65e-06 9.75e-06 1.315e-05 1.19e-05 1.235e-05 9.6e-06 9.6e-06 1.315e-05 1.19e-05 1.21e-05 1.025e-05 1.05e-05 1.145e-05 1.02e-05 7.05e-06 1.08e-05 1.055e-05 1.225e-05 1.15e-05 1.035e-05 9.35e-06 9.6e-06 1.205e-05 1.19e-05 1.045e-05 8.45e-06 8.3e-06 1.32e-05 1.35e-05 1.24e-05 1.255e-05 1.005e-05 8.15e-06 1.24e-05 1.005e-05 8.4e-06 1.245e-05 1.255e-05 9.75e-06 8.8e-06 9.45e-06 1.055e-05 1.09e-05 1.115e-05 7.8e-06 1.07e-05 1.095e-05 1.02e-05 1.295e-05 1.21e-05 1.18e-05 1.005e-05 8.75e-06 1.06e-05 1.135e-05 9.95e-06 9.55e-06 1.205e-05 1.19e-05 1.365e-05 7.1e-06 1.195e-05 1.205e-05 1.19e-05 9e-06 1.295e-05 1.05e-05 1.245e-05 1.16e-05
5 1.08e-05 1.24e-05 4.8e-06 1.005e-05 1.345e-05 7.9e-06 1.205e-05 9.95e-06 9.65e-06 9.05e-06 9.5e-06 1.275e-05 7.35e-06 1.16e-05 9.75e-06 9.55e-06 1.265e-05 1.27e-05 1.375e-05 7.75e-06 1.08e-05 1.19e-05 1.415e-05 9.95e-06 1.095e-05 1.345e-05 1.27e-05 1.38e-05 6.55e-06 1e-05 8.45e-06 1.055e-05 1.045e-05 6.75e-06 9.85e-06 8.15e-06 1.345e-05 8.45e-06 6.25e-06 1.145e-05 1.105e-05 1.275e-05 9.25e-06 1.235e-05 9.15e-06 1.16e-05 7.9e-06 1.04e-05 7.85e-06 1.145e-05 1.295e-05 1.4e-05 7.7e-06 8.8e-06 1e-05 1.03e-05 1.21e-05 9.95e-06 6.6e-06 4.45e-06 7.05e-06 1.02e-05 1.095e-05 1.2e-05 1.175e-05 1.095e-05 1.215e-05 6.95e-06 1.02e-05 1.065e-05 1.515e-05 7.95e-06 1.04e-05 8.5e-06 1.05e-05 1.545e-05 9.9e-06 1.265e-05 1.03e-05 8.8e-06 8.85e-06 8.1e-06 1e-05 1.365e-05 8.2e-06 1.55e-05 1.085e-05 1.42e-05 9.95e-06 8.85e-06 5e-06 1.33e-05 1.035e-05 8e-06 8.65e-06 9.9e-06 6.85e-06 9.25e-06 9.35e-06 1.225e-05
6 8.6e-06 1.285e-05 1.14e-05 1.025e-05 8.7e-06 1.205e-05 1.27e-05 9.15e-06 1.075e-05 1.005e-05 9.4e-06 1.245e-05 1.105e-05 8.4e-06 1.135e-05 1.07e-05 1.155e-05 1.245e-05 1.1e-05 1.185e-05 1.1e-05 7.9e-06 1.2e-05 1.29e-05 8.95e-06 1.085e-05 1.155e-05 9.9e-06 1.085e-05 1.34e-05 1.02e-05 9.35e-06 8.45e-06 1.22e-05 1.115e-05 1.09e-05 1.105e-05 1.005e-05 1.22e-05 1.185e-05 1.34e-05 1.21e-05 9.1e-06 1.24e-05 9.95e-06 8.7e-06 9.5e-06 1.03e-05 1.185e-05 1.235e-05 1.025e-05 1.005e-05 9.75e-06 1.115e-05 1.255e-05 1.02e-05 9.65e-06 8.4e-06 1.235e-05 1.14e-05 1.09e-05 1.265e-05 9.25e-06 7.5e-06 1.08e-05 9.35e-06 9.25e-06 1.04e-05 1.265e-05 9e-06 1.165e-05 1.03e-05 1.035e-05 9.6e-06 9.6e-06 1.065e-05 1.025e-05 1.16e-05 1.025e-05 1.31e-05 1.115e-05 1.065e-05 9.5e-06 1.105e-05 9.25e-06 1.34e-05 9.2e-06 1.025e-05 1.205e-05 1.085e-05 1.155e-05 9.2e-06 1.19e-05 1.175e-05 1.1e-05 1.03e-05 1.1e-05 9.15e-06 1.205e-05 1.27e-05
7 9.25e-06 1.33e-05 7.75e-06 9.5e-06 9.9e-06 9.95e-06 9.15e-06 5.5e-06 1.145e-05 1.125e-05 1.015e-05 1.29e-05 9.95e-06 6.75e-06 1.02e-05 1.14e-05 1.275e-05 1.29e-05 1.145e-05 1.115e-05 1.055e-05 9.75e-06 1.205e-05 1.125e-05 2.95e-06 1.19e-05 1.275e-05 1.225e-05 7.3e-06 1.315e-05 7.05e-06 1.045e-05 8.95e-06 1.005e-05 7.25e-06 1.07e-05 1.105e-05 8.65e-06 1.005e-05 1.225e-05 1.32e-05 1.175e-05 1.02e-05 1.11e-05 6.3e-06 8.2e-06 9.25e-06 1.145e-05 1.175e-05 1.195e-05 9.1e-06 1.245e-05 8.75e-06 7.45e-06 1.305e-05 1.135e-05 1.09e-05 5.95e-06 1.01e-05 8.05e-06 9.5e-06 1.1e-05 1.115e-05 1.06e-05 1.205e-05 1.115e-05 9.25e-06 5.65e-06 1.1e-05 1.085e-05 1.22e-05 1.07e-05 1.145e-05 9.2e-06 1.005e-05 1.25e-05 1e-05 1.27e-05 9.65e-06 1.23e-05 7.85e-06 9.75e-06 5.5e-06 1.19e-05 9.15e-06 1.38e-05 1.11e-05 1.265e-05 1.115e-05 8.9e-06 8.05e-06 7.05e-06 1.115e-05 1.18e-05 7.55e-06 1.065e-05 1.065e-05 1.02e-05 1.2e-05 1.315e-05
8 6.15e-06 1.53e-05 1.105e-05 1.25e-05 1.17e-05 9.65e-06 1.075e-05 1.145e-05 2e-07 6.95e-06 6e-06 6.3e-06 7.85e-06 8.35e-06 1.13e-05 2.5e-07 7.9e-06 6.4e-06 1.075e-05 1.4e-05 9.75e-06 8.1e-06 1.065e-05 1.185e-05 9.7e-06 1.005e-05 7.8e-06 1.1e-05 1.055e-05 1.03e-05 1.145e-05 4.3e-06 1.08e-05 1.295e-05 1.235e-05 6.8e-06 1.265e-05 1.055e-05 1.295e-05 1.445e-05 9.85e-06 9.45e-06 9.8e-06 1.195e-05 9.6e-06 8.05e-06 8.9e-06 1.085e-05 9.05e-06 1.185e-05 1.33e-05 1.12e-05 9.8e-06 1.39e-05 1.185e-05 1.075e-05 9.1e-06 1.055e-05 1.3e-05 1.115e-05 5.45e-06 1.16e-05 3.6e-06 6.75e-06 1.515e-05 3.8e-06 1.445e-05 1.225e-05 1.16e-05 3.3e-06 1.37e-05 8.3e-06 1.085e-05 9e-06 1.56e-05 1.46e-05 2.55e-06 7.95e-06 5.15e-06 1.495e-05 1.41e-05 1.42e-05 1.15e-05 1.04e-05 8.75e-06 1.455e-05 3.65e-06 1.14e-05 1.34e-05 1.02e-05 1.13e-05 1.2e-05 1.335e-05 3.7e-06 1.385e-05 1.145e-05 8.95e-06 9.8e-06 7.7e-06 1.515e-05
9 7.3e-06 1.39e-05 1.09e-05 1.195e-05 1.015e-05 9.05e-06 1.005e-05 1.125e-05 6.95e-06 9.5e-06 6.2e-06 1.045e-05 6.65e-06 7.65e-06 1.055e-05 6.9e-06 9.85e-06 1.045e-05 1.08e-05 1.385e-05 9.3e-06 6.45e-06 1.23e-05 1.255e-05 1.015e-05 9.05e-06 9.85e-06 8.75e-06 9.75e-06 1.055e-05 1.15e-05 7.2e-06 9.2e-06 1.28e-05 1.25e-05 9.9e-06 1.1e-05 9.4e-06 1.28e-05 1.305e-05 9.35e-06 1.015e-05 8.95e-06 1.24e-05 9.4e-06 7.15e-06 8.05e-06 1e-05 1.03e-05 1.085e-05 1.215e-05 9.1e-06 9.25e-06 1.35e-05 1e-05 9.9e-06 8.5e-06 9.65e-06 1.24e-05 1.1e-05 8.75e-06 1.23e-05 6.2e-06 5.2e-06 1.41e-05 6.2e-06 1.33e-05 1.175e-05 1.23e-05 5.9e-06 1.315e-05 7.45e-06 9.85e-06 8e-06 1.45e-05 1.28e-05 6.75e-06 9.8e-06 8e-06 1.48e-05 1.36e-05 1.27e-05 1.075e-05 1.07e-05 7.9e-06 1.315e-05 6.15e-06 9.3e-06 1.2e-05 1.1e-05 1.115e-05 1.175e-05 1.195e-05 5.9e-06 1.335e-05 1.09e-05 9.95e-06 8.8e-06 1.1e-05 1.375e-05
10 6.2e-06 1.355e-05 1.045e-05 1.145e-05 9e-06 9.5e-06 9.4e-06 1.015e-05 6e-06 6.2e-06 8.4e-06 9.4e-06 6.75e-06 7.6e-06 9.95e-06 6e-06 9.2e-06 9.45e-06 9.55e-06 1.36e-05 7.9e-06 6.4e-06 1.125e-05 1.185e-05 8.8e-06 9.45e-06 9.15e-06 9.15e-06 9.75e-06 1.055e-05 1.065e-05 6.5e-06 9.5e-06 1.24e-05 1.165e-05 9.4e-06 1.02e-05 8.35e-06 1.255e-05 1.27e-05 9.6e-06 8.55e-06 9.3e-06 1.175e-05 7.95e-06 6.4e-06 8.4e-06 1.035e-05 9.25e-06 1.015e-05 1.19e-05 9.35e-06 8.9e-06 1.295e-05 1.035e-05 1.025e-05 7.75e-06 9e-06 1.275e-05 1.075e-05 8e-06 1.145e-05 6.2e-06 6.15e-06 1.36e-05 6.3e-06 1.275e-05 1.12e-05 1.145e-05 5.9e-06 1.27e-05 7.65e-06 1.035e-05 8.45e-06 1.4e-05 1.235e-05 5.85e-06 9.2e-06 7.05e-06 1.455e-05 1.305e-05 1.265e-05 9.75e-06 9.9e-06 8.25e-06 1.27e-05 6.2e-06 9.55e-06 1.165e-05 1.035e-05 1.085e-05 1.085e-05 1.16e-05 6.25e-06 1.265e-05 1.055e-05 9e-06 9.3e-06 1.04e-05 1.34e-05
11 8.7e-06 1.23e-05 1.405e-05 1.33e-05 1.18e-05 1.275e-05 1.245e-05 1.29e-05 6.3e-06 1.045e-05 9.4e-06 1.24e-05 1.035e-05 1.09e-05 1.18e-05 6.25e-06 8.25e-06 6.3e-06 8.5e-06 1.405e-05 1.2e-05 1.07e-05 7.3e-06 1.03e-05 1.115e-05 9.35e-06 8.25e-06 1.02e-05 1.285e-05 8.85e-06 1.255e-05 8.75e-06 1.235e-05 1.405e-05 1.285e-05 1.02e-05 1.08e-05 1.28e-05 1.405e-05 1.23e-05 8.45e-06 7.4e-06 1.205e-05 1.09e-05 1.13e-05 1.045e-05 1.22e-05 1.225e-05 1.115e-05 1.095e-05 1.195e-05 1.04e-05 1.27e-05 1.42e-05 1.085e-05 1.215e-05 1.215e-05 1.265e-05 1.41e-05 1.41e-05 1e-05 1e-05 8.45e-06 1.035e-05 1.29e-05 8.55e-06 1.35e-05 1.44e-05 1e-05 8.15e-06 1.05e-05 1.13e-05 1.225e-05 1.23e-05 1.475e-05 1.13e-05 6.65e-06 8.3e-06 8.85e-06 1.415e-05 1.435e-05 1.495e-05 1.295e-05 8.75e-06 1.2e-05 9.45e-06 8.4e-06 1.06e-05 1.23e-05 1.14e-05 1.425e-05 1.205e-05 1.22e-05 8.55e-06 1.415e-05 1.245e-05 1.17e-05 1.205e-05 1.035e-05 1.215e-05
12 7.65e-06 1.35e-05 9.8e-06 1.215e-05 1.09e-05 7.35e-06 1.105e-05 9.95e-06 7.85e-06 6.65e-06 6.75e-06 1.035e-05 9.5e-06 9.1e-06 9.15e-06 7.75e-06 1.045e-05 1.03e-05 1.02e-05 1.265e-05 8.55e-06 8.2e-06 1.155e-05 1.14e-05 9.3e-06 1.05e-05 1.05e-05 1.085e-05 7.8e-06 8.9e-06 1.015e-05 8.25e-06 1.015e-05 1.165e-05 1.145e-05 9.75e-06 1.055e-05 8.8e-06 1.16e-05 1.265e-05 8.8e-06 9.15e-06 1.01e-05 1.2e-05 7.9e-06 7.4e-06 9.2e-06 1.115e-05 9.95e-06 1.085e-05 1.24e-05 1.105e-05 9.25e-06 1.205e-05 9.1e-06 1.105e-05 9.45e-06 9.4e-06 1.13e-05 9.8e-06 8.65e-06 1.12e-05 8.4e-06 8.7e-06 1.335e-05 8.4e-06 1.31e-05 1.03e-05 1.12e-05 8.1e-06 1.345e-05 6.95e-06 1.115e-05 9.35e-06 1.355e-05 1.375e-05 7.2e-06 1.045e-05 7.8e-06 1.36e-05 1.21e-05 1.24e-05 9.25e-06 1.075e-05 9.05e-06 1.29e-05 8.3e-06 1.125e-05 1.16e-05 1.025e-05 1e-05 1.205e-05 1.155e-05 6.35e-06 1.19e-05 1.09e-05 9.5e-06 1.01e-05 1.085e-05 1.335e-05
13 6.85e-06 1.435e-05 1.18e-05 1.1e-05 8.45e-06 1.16e-05 8.4e-06 6.75e-06 8.35e-06 7.65e-06 7.6e-06 1.09e-05 9.1e-06 9.1e-06 1.14e-05 8.3e-06 1.045e-05 1.09e-05 9.95e-06 1.485e-05 9.6e-06 5.75e-06 1.115e-05 1.27e-05 4.65e-06 8.85e-06 1.045e-05 8.55e-06 1.01e-05 1.245e-05 9.65e-06 7.45e-06 8.3e-06 1.38e-05 1.02e-05 1.105e-05 1.01e-05 9.55e-06 1.375e-05 1.34e-05 1.21e-05 1.05e-05 9.3e-06 1.16e-05 8.55e-06 6.4e-06 8.35e-06 1.045e-05 1.225e-05 1.125e-05 1.015e-05 8.9e-06 9.2e-06 1.235e-05 1.205e-05 1.035e-05 8.35e-06 7.55e-06 1.385e-05 1.185e-05 9.9e-06 1.25e-05 6.8e-06 5e-06 1.4e-05 6.8e-06 1.11e-05 1.05e-05 1.25e-05 6.5e-06 1.165e-05 9e-06 1.03e-05 8.35e-06 1.35e-05 1.13e-05 7.25e-06 1.04e-05 7.9e-06 1.59e-05 1.25e-05 1.285e-05 8.25e-06 1e-05 8.25e-06 1.295e-05 6.75e-06 9.1e-06 1.23e-05 1.055e-05 1.205e-05 7.35e-06 1.23e-05 9.6e-06 1.225e-05 1.1e-05 1.185e-05 9.15e-06 1.225e-05 1.42e-05
14 1.095e-05 1.06e-05 8.95e-06 9.9e-06 1.075e-05 9.75e-06 1.135e-05 1.02e-05 1.13e-05 1.055e-05 9.95e-06 1.18e-05 9.15e-06 1.14e-05 1.58e-05 1.12e-05 1.205e-05 1.175e-05 1.165e-05 8.6e-06 1.135e-05 1.175e-05 1.135e-05 1.07e-05 1.045e-05 1.21e-05 1.21e-05 1.245e-05 1.015e-05 1.145e-05 9.1e-06 1.15e-05 1.03e-05 8.45e-06 1.06e-05 9.9e-06 1.2e-05 1.005e-05 8.5e-06 1.095e-05 1.07e-05 1.045e-05 1.025e-05 1.21e-05 9.15e-06 1.055e-05 1.05e-05 1.02e-05 8.85e-06 1.145e-05 1.175e-05 1.265e-05 1.035e-05 9.1e-06 1.18e-05 1.01e-05 1.255e-05 1.06e-05 8.9e-06 8.95e-06 9.95e-06 1.05e-05 1.185e-05 1.215e-05 1.09e-05 1.185e-05 9.7e-06 9.55e-06 1.05e-05 1.155e-05 1.15e-05 1.115e-05 1.01e-05 1.065e-05 9.45e-06 1.18e-05 1.065e-05 1.205e-05 1.11e-05 8.15e-06 9.2e-06 9.35e-06 1.05e-05 1.2e-05 1.035e-05 1.265e-05 1.175e-05 1.285e-05 1.105e-05 9.9e-06 9.15e-06 1.08e-05 1.1e-05 1.025e-05 9e-06 9.75e-06 9.1e-06 1.025e-05 9.8e-06 1.055e-05
15 6.05e-06 1.515e-05 1.1e-05 1.24e-05 1.16e-05 9.55e-06 1.07e-05 1.14e-05 2.5e-07 6.9e-06 6e-06 6.25e-06 7.75e-06 8.3e-06 1.12e-05 3e-07 7.7e-06 6.2e-06 1.06e-05 1.385e-05 9.65e-06 8e-06 1.05e-05 1.175e-05 9.65e-06 9.95e-06 7.75e-06 1.09e-05 1.045e-05 1.015e-05 1.135e-05 4.3e-06 1.07e-05 1.285e-05 1.225e-05 6.7e-06 1.25e-05 1.045e-05 1.285e-05 1.43e-05 9.75e-06 9.35e-06 9.7e-06 1.185e-05 9.55e-06 8e-06 8.85e-06 1.075e-05 9e-06 1.17e-05 1.32e-05 1.11e-05 9.75e-06 1.38e-05 1.17e-05 1.065e-05 9.05e-06 1.05e-05 1.29e-05 1.105e-05 5.45e-06 1.15e-05 3.6e-06 6.7e-06 1.5e-05 3.75e-06 1.43e-05 1.215e-05 1.15e-05 3.3e-06 1.355e-05 8.2e-06 1.075e-05 8.95e-06 1.545e-05 1.445e-05 2.55e-06 7.85e-06 5.05e-06 1.48e-05 1.395e-05 1.405e-05 1.14e-05 1.03e-05 8.65e-06 1.44e-05 3.5e-06 1.13e-05 1.33e-05 1.01e-05 1.12e-05 1.19e-05 1.32e-05 3.8e-06 1.375e-05 1.135e-05 8.9e-06 9.7e-06 7.65e-06 1.5e-05
16 9.25e-06 1.1e-05 1.415e-05 1.28e-05 1.095e-05 1.265e-05 1.155e-05 1.275e-05 7.9e-06 9.85e-06 9.2e-06 8.25e-06 1.045e-05 1.045e-05 1.205e-05 7.7e-06 1.52e-05 8.1e-06 9.2e-06 1.405e-05 1.215e-05 9.75e-06 9.4e-06 1.15e-05 1.135e-05 8.4e-06 7.75e-06 8.4e-06 1.25e-05 9.85e-06 1.28e-05 9.05e-06 1.145e-05 1.41e-05 1.29e-05 1.095e-05 9.5e-06 1.25e-05 1.41e-05 1.1e-05 9.55e-06 9.2e-06 1.155e-05 1.04e-05 1.2e-05 1e-05 1.175e-05 1.175e-05 1.125e-05 9.65e-06 1.12e-05 8.6e-06 1.225e-05 1.405e-05 9.4e-06 1.165e-05 1.115e-05 1.195e-05 1.4e-05 1.415e-05 1.085e-05 1.125e-05 8.75e-06 9.35e-06 1.245e-05 8.8e-06 1.255e-05 1.42e-05 1.125e-05 8.45e-06 9.5e-06 1.065e-05 1.175e-05 1.185e-05 1.43e-05 9.45e-06 8.45e-06 7.75e-06 9.6e-06 1.415e-05 1.41e-05 1.4e-05 1.275e-05 9.4e-06 1.15e-05 7.7e-06 8.55e-06 8.8e-06 1.105e-05 1.24e-05 1.43e-05 1.155e-05 1.09e-05 9.25e-06 1.395e-05 1.195e-05 1.18e-05 1.155e-05 1.115e-05 1.085e-05
17 8.65e-06 1.22e-05 1.405e-05 1.325e-05 1.175e-05 1.27e-05 1.245e-05 1.29e-05 6.4e-06 1.045e-05 9.45e-06 6.3e-06 1.03e-05 1.09e-05 1.175e-05 6.2e-06 8.1e-06 1.22e-05 8.4e-06 1.395e-05 1.195e-05 1.065e-05 7.2e-06 1.025e-05 1.115e-05 9.3e-06 8.25e-06 1.015e-05 1.28e-05 8.75e-06 1.25e-05 8.8e-06 1.23e-05 1.4e-05 1.28e-05 1.015e-05 1.07e-05 1.275e-05 1.4e-05 1.22e-05 8.45e-06 7.35e-06 1.2e-05 1.085e-05 1.13e-05 1.045e-05 1.22e-05 1.22e-05 1.115e-05 1.085e-05 1.19e-05 1.035e-05 1.27e-05 1.415e-05 1.075e-05 1.21e-05 1.215e-05 1.265e-05 1.405e-05 1.405e-05 1.005e-05 1e-05 8.5e-06 1.035e-05 1.28e-05 8.55e-06 1.34e-05 1.435e-05 1e-05 8.2e-06 1.04e-05 1.125e-05 1.22e-05 1.23e-05 1.465e-05 1.12e-05 6.7e-06 8.25e-06 8.8e-06 1.405e-05 1.425e-05 1.485e-05 1.29e-05 8.7e-06 1.195e-05 9.35e-06 8.3e-06 1.055e-05 1.225e-05 1.135e-05 1.42e-05 1.2e-05 1.21e-05 8.6e-06 1.41e-05 1.24e-05 1.17e-05 1.2e-05 1.035e-05 1.205e-05
18 8.4e-06 1.16e-05 1.51e-05 1.3e-05 9.55e-06 1.375e-05 1.1e-05 1.145e-05 1.075e-05 1.08e-05 9.55e-06 8.5e-06 1.02e-05 9.95e-06 1.165e-05 1.06e-05 9.2e-06 8.4e-06 1.23e-05 1.5e-05 1.08e-05 8.35e-06 7.35e-06 1.07e-05 9.8e-06 8.85e-06 9.3e-06 8.75e-06 1.255e-05 9.2e-06 1.245e-05 1.01e-05 1.155e-05 1.505e-05 1.265e-05 1.28e-05 8.6e-06 1.185e-05 1.505e-05 1.16e-05 9.1e-06 7.15e-06 1.225e-05 1.06e-05 1.06e-05 8.9e-06 1.245e-05 1.245e-05 1.3e-05 1.035e-05 1.055e-05 8.95e-06 1.235e-05 1.395e-05 1.015e-05 1.235e-05 1.075e-05 1.1e-05 1.51e-05 1.51e-05 1.275e-05 1.055e-05 1.04e-05 9.8e-06 1.195e-05 1.04e-05 1.215e-05 1.41e-05 1.055e-05 1.01e-05 9.45e-06 1.09e-05 1.245e-05 1.255e-05 1.37e-05 9.3e-06 9.15e-06 9.25e-06 9.95e-06 1.51e-05 1.4e-05 1.465e-05 1.115e-05 7.85e-06 1.22e-05 8.05e-06 1.025e-05 9.15e-06 1.165e-05 1.205e-05 1.525e-05 1.055e-05 1.15e-05 1.14e-05 1.385e-05 1.205e-05 1.34e-05 1.225e-05 1.305e-05 1.145e-05
19 1.495e-05 8.45e-06 4.85e-06 7.65e-06 1.315e-05 7.75e-06 1.185e-05 1.115e-05 1.4e-05 1.385e-05 1.36e-05 1.405e-05 1.265e-05 1.485e-05 8.6e-06 1.385e-05 1.405e-05 1.395e-05 1.5e-05 3.2e-06 1.445e-05 1.63e-05 1.255e-05 9.6e-06 1.31e-05 1.49e-05 1.415e-05 1.525e-05 9.75e-06 1.235e-05 7.05e-06 1.47e-05 1.025e-05 3.55e-06 8.9e-06 7.9e-06 1.47e-05 1.03e-05 3.55e-06 8.3e-06 1.28e-05 1.39e-05 9e-06 1.24e-05 1.13e-05 1.565e-05 1.06e-05 9.35e-06 6.65e-06 1.185e-05 1.215e-05 1.545e-05 1.02e-05 5.7e-06 1.25e-05 9.25e-06 1.61e-05 1.205e-05 4.1e-06 4.6e-06 9.25e-06 9.35e-06 1.53e-05 1.635e-05 7.75e-06 1.53e-05 7.35e-06 6.7e-06 9.35e-06 1.5e-05 1.2e-05 1.3e-05 9.35e-06 1.07e-05 4.9e-06 1.23e-05 1.425e-05 1.41e-05 1.445e-05 2.35e-06 5.4e-06 4.8e-06 1.21e-05 1.475e-05 1.01e-05 1.405e-05 1.515e-05 1.565e-05 9.75e-06 8.15e-06 4.65e-06 1.195e-05 9.35e-06 1.28e-05 5.6e-06 8.65e-06 6.05e-06 9e-06 8.3e-06 8.3e-06
20 7.6e-06 1.515e-05 1.16e-05 1.255e-05 9.35e-06 1.08e-05 1.1e-05 1.055e-05 9.75e-06 9.3e-06 7.9e-06 1.2e-05 8.55e-06 9.6e-06 1.135e-05 9.65e-06 1.215e-05 1.195e-05 1.08e-05 1.445e-05 1.05e-05 8.5e-06 1.285e-05 1.305e-05 9.65e-06 1.22e-05 1.22e-05 1.19e-05 1.055e-05 1.21e-05 1.15e-05 8.35e-06 1.13e-05 1.345e-05 1.255e-05 1.16e-05 1.095e-05 8.65e-06 1.345e-05 1.43e-05 1.185e-05 1.045e-05 1.13e-05 1.245e-05 9.1e-06 7.35e-06 1.045e-05 1.235e-05 1.225e-05 1.285e-05 1.3e-05 1.21e-05 9.35e-06 1.335e-05 1.235e-05 1.225e-05 8.15e-06 9e-06 1.355e-05 1.165e-05 1.05e-05 1.28e-05 9.65e-06 9.3e-06 1.45e-05 9.65e-06 1.345e-05 1.16e-05 1.28e-05 9.35e-06 1.435e-05 8.45e-06 1.235e-05 1.055e-05 1.41e-05 1.4e-05 8.9e-06 1.215e-05 8.4e-06 1.54e-05 1.34e-05 1.35e-05 9.3e-06 1.06e-05 1.025e-05 1.505e-05 9.55e-06 1.23e-05 1.33e-05 1.175e-05 1.18e-05 1.175e-05 1.32e-05 9.65e-06 1.32e-05 1.095e-05 1.17e-05 1.13e-05 1.27e-05 1.5e-05
21 5.8e-06 1.45e-05 1.345e-05 1.205e-05 7.85e-06 1.19e-05 7.9e-06 9.75e-06 8.1e-06 6.45e-06 6.4e-06 1.07e-05 8.2e-06 5.75e-06 1.175e-05 8e-06 9.75e-06 1.065e-05 8.35e-06 1.63e-05 8.5e-06 6e-06 1.15e-05 1.35e-05 8.1e-06 8.2e-06 9.8e-06 7.25e-06 1.07e-05 1.18e-05 1.2e-05 6.55e-06 8.45e-06 1.53e-05 1.27e-05 1.17e-05 9.35e-06 9.5e-06 1.53e-05 1.365e-05 1.16e-05 1e-05 9.3e-06 1.215e-05 9.3e-06 5.55e-06 8.45e-06 1.035e-05 1.26e-05 1.115e-05 1.07e-05 7.6e-06 9.3e-06 1.425e-05 1.095e-05 1.025e-05 6.7e-06 7.95e-06 1.535e-05 1.35e-05 1.06e-05 1.325e-05 5.9e-06 3.45e-06 1.41e-05 5.9e-06 1.225e-05 1.25e-05 1.325e-05 5.6e-06 1.2e-05 7.65e-06 1.02e-05 8.4e-06 1.445e-05 1.1e-05 7e-06 9.75e-06 7.55e-06 1.725e-05 1.43e-05 1.385e-05 9.25e-06 9.15e-06 8.25e-06 1.255e-05 5.8e-06 7.8e-06 1.265e-05 1.18e-05 1.365e-05 9.55e-06 1.255e-05 9.05e-06 1.41e-05 1.09e-05 1.23e-05 9.15e-06 1.28e-05 1.435e-05
22 9.85e-06 1.07e-05 1.49e-05 1.27e-05 1.09e-05 1.415e-05 1.2e-05 1.205e-05 1.065e-05 1.23e-05 1.125e-05 7.3e-06 1.155e-05 1.115e-05 1.135e-05 1.05e-05 9.4e-06 7.2e-06 7.35e-06 1.255e-05 1.285e-05 1.15e-05 7.7e-06 9.5e-06 1.01e-05 9.25e-06 9.5e-06 1e-05 1.345e-05 8.6e-06 1.11e-05 1.16e-05 1.15e-05 1.38e-05 1.18e-05 1.14e-05 9.9e-06 1.325e-05 1.38e-05 1.05e-05 8.45e-06 6.5e-06 1.19e-05 1.045e-05 1.125e-05 1.145e-05 1.335e-05 1.23e-05 1.21e-05 1.07e-05 1.11e-05 1.02e-05 1.38e-05 1.315e-05 1.09e-05 1.22e-05 1.38e-05 1.295e-05 1.385e-05 1.485e-05 1.26e-05 9.3e-06 1.135e-05 1.18e-05 1.095e-05 1.135e-05 1.09e-05 1.435e-05 9.3e-06 1.105e-05 8.65e-06 1.295e-05 1.23e-05 1.345e-05 1.235e-05 9.35e-06 8.65e-06 9.45e-06 1.095e-05 1.28e-05 1.32e-05 1.43e-05 1.26e-05 8.25e-06 1.305e-05 7.7e-06 1.12e-05 1.04e-05 1.18e-05 9.65e-06 1.5e-05 1.055e-05 1.16e-05 1.185e-05 1.31e-05 1.245e-05 1.235e-05 1.19e-05 1.185e-05 1.055e-05
23 1.18e-05 1.065e-05 9.5e-06 1.11e-05 1.28e-05 9.95e-06 1.29e-05 1.125e-05 1.185e-05 1.255e-05 1.185e-05 1.03e-05 1.14e-05 1.27e-05 1.07e-05 1.175e-05 1.15e-05 1.025e-05 1.07e-05 9.6e-06 1.305e-05 1.35e-05 9.5e-06 1.73e-05 1.13e-05 1.19e-05 1.155e-05 1.245e-05 1.11e-05 9.95e-06 1.01e-05 1.26e-05 1.19e-05 9.6e-06 1.07e-05 1.06e-05 1.2e-05 1.145e-05 9.1e-06 1.055e-05 1.01e-05 9.7e-06 1.15e-05 1.11e-05 1.075e-05 1.29e-05 1.115e-05 1.18e-05 1.025e-05 1.11e-05 1.145e-05 1.265e-05 1.1e-05 1.035e-05 1.135e-05 1.17e-05 1.43e-05 1.2e-05 9.9e-06 9.15e-06 1.05e-05 9e-06 1.295e-05 1.38e-05 1.06e-05 1.295e-05 1.14e-05 1.04e-05 9e-06 1.265e-05 1.14e-05 1.235e-05 1.18e-05 1.175e-05 1.095e-05 1.19e-05 1.115e-05 1.15e-05 1.22e-05 9.8e-06 1.045e-05 1.06e-05 1.19e-05 1.105e-05 1.145e-05 1.08e-05 1.285e-05 1.285e-05 1.005e-05 1.015e-05 9.7e-06 1.22e-05 1.045e-05 1.17e-05 1.025e-05 1.135e-05 1.01e-05 1.15e-05 1.095e-05 1.05e-05
24 7.7e-06 1.375e-05 9.95e-06 9.9e-06 8.5e-06 1.095e-05 8.95e-06 2.95e-06 9.7e-06 1.015e-05 8.8e-06 1.115e-05 9.3e-06 4.65e-06 1.045e-05 9.65e-06 1.135e-05 1.115e-05 9.8e-06 1.31e-05 9.65e-06 8.1e-06 1.01e-05 1.13e-05 6e-07 1.05e-05 1.135e-05 1.085e-05 8.75e-06 1.235e-05 6.85e-06 8.9e-06 9.05e-06 1.205e-05 7.2e-06 1.08e-05 9.9e-06 8.85e-06 1.195e-05 1.27e-05 1.21e-05 1.01e-05 1.03e-05 1.04e-05 6.9e-06 6.85e-06 9.3e-06 1.155e-05 1.215e-05 1.1e-05 9.6e-06 1.105e-05 9e-06 9.8e-06 1.26e-05 1.145e-05 9.7e-06 6.65e-06 1.21e-05 9.95e-06 9.65e-06 1.115e-05 9.4e-06 8.85e-06 1.315e-05 9.4e-06 9.6e-06 7.85e-06 1.115e-05 9.1e-06 1.105e-05 1.01e-05 1.155e-05 9.5e-06 1.17e-05 1.135e-05 8.05e-06 1.13e-05 8.15e-06 1.425e-05 1e-05 1.17e-05 6.1e-06 1.035e-05 9.25e-06 1.275e-05 9.35e-06 1.125e-05 1.155e-05 9e-06 1.02e-05 5.2e-06 1.16e-05 1.07e-05 9.75e-06 1.095e-05 1.155e-05 1.03e-05 1.21e-05 1.36e-05
25 9.1e-06 1.105e-05 1.49e-05 1.275e-05 1.01e-05 1.345e-05 1.085e-05 1.19e-05 1.005e-05 9.05e-06 9.45e-06 9.35e-06 1.05e-05 8.85e-06 1.21e-05 9.95e-06 8.4e-06 9.3e-06 8.85e-06 1.49e-05 1.22e-05 8.2e-06 9.25e-06 1.19e-05 1.05e-05 1.37e-05 8.45e-06 6.85e-06 1.25e-05 1.03e-05 1.29e-05 9.65e-06 1e-05 1.49e-05 1.29e-05 1.24e-05 8.75e-06 1.25e-05 1.49e-05 1.105e-05 9.95e-06 9.2e-06 1.095e-05 1.07e-05 1.155e-05 9.1e-06 1.11e-05 1.115e-05 1.235e-05 9.7e-06 1.01e-05 7.2e-06 1.215e-05 1.405e-05 9.45e-06 1.105e-05 1.085e-05 1.105e-05 1.48e-05 1.495e-05 1.23e-05 1.165e-05 8.8e-06 7.3e-06 1.25e-05 8.8e-06 1.185e-05 1.42e-05 1.165e-05 8.5e-06 8.7e-06 1.06e-05 1.1e-05 1.105e-05 1.435e-05 8.65e-06 9.25e-06 8.4e-06 1.025e-05 1.5e-05 1.415e-05 1.41e-05 1.195e-05 8.95e-06 1.09e-05 6.95e-06 8.7e-06 7.4e-06 1.105e-05 1.26e-05 1.51e-05 1.07e-05 1.095e-05 1.07e-05 1.395e-05 1.19e-05 1.285e-05 1.08e-05 1.265e-05 1.09e-05
26 9.3e-06 1.11e-05 1.415e-05 1.285e-05 1.1e-05 1.27e-05 1.155e-05 1.275e-05 7.8e-06 9.85e-06 9.15e-06 8.25e-06 1.05e-05 1.045e-05 1.21e-05 7.75e-06 7.75e-06 8.25e-06 9.3e-06 1.415e-05 1.22e-05 9.8e-06 9.5e-06 1.155e-05 1.135e-05 8.45e-06 1.54e-05 8.45e-06 1.255e-05 9.95e-06 1.285e-05 9e-06 1.15e-05 1.415e-05 1.295e-05 1.1e-05 9.55e-06 1.255e-05 1.415e-05 1.11e-05 9.6e-06 9.25e-06 1.16e-05 1.045e-05 1.2e-05 1e-05 1.175e-05 1.18e-05 1.125e-05 9.75e-06 1.125e-05 8.65e-06 1.225e-05 1.41e-05 9.5e-06 1.17e-05 1.115e-05 1.195e-05 1.405e-05 1.42e-05 1.08e-05 1.13e-05 8.7e-06 9.35e-06 1.255e-05 8.8e-06 1.265e-05 1.425e-05 1.13e-05 8.4e-06 9.6e-06 1.07e-05 1.18e-05 1.185e-05 1.44e-05 9.55e-06 8.4e-06 7.8e-06 9.65e-06 1.425e-05 1.42e-05 1.41e-05 1.28e-05 9.45e-06 1.155e-05 7.8e-06 8.65e-06 8.85e-06 1.11e-05 1.245e-05 1.435e-05 1.16e-05 1.1e-05 9.2e-06 1.4e-05 1.2e-05 1.18e-05 1.16e-05 1.115e-05 1.095e-05
27 9e-06 1.075e-05 1.525e-05 1.245e-05 9.15e-06 1.38e-05 9.9e-06 1.225e-05 1.1e-05 8.75e-06 9.15e-06 1.02e-05 1.085e-05 8.55e-06 1.245e-05 1.09e-05 8.4e-06 1.015e-05 8.75e-06 1.525e-05 1.19e-05 7.25e-06 1e-05 1.245e-05 1.085e-05 6.85e-06 8.45e-06 1.18e-05 1.285e-05 1.085e-05 1.325e-05 9.65e-06 9.7e-06 1.525e-05 1.325e-05 1.305e-05 8.25e-06 1.22e-05 1.525e-05 1.075e-05 1.05e-05 9.75e-06 1.065e-05 1.07e-05 1.215e-05 8.8e-06 1.08e-05 1.085e-05 1.27e-05 9.4e-06 9.8e-06 6.25e-06 1.185e-05 1.445e-05 9.15e-06 1.075e-05 9.9e-06 1.075e-05 1.515e-05 1.53e-05 1.295e-05 1.22e-05 8.8e-06 6.35e-06 1.22e-05 8.8e-06 1.155e-05 1.455e-05 1.22e-05 8.5e-06 8.7e-06 1.03e-05 1.07e-05 1.075e-05 1.405e-05 7.7e-06 1.01e-05 8.4e-06 1.07e-05 1.535e-05 1.45e-05 1.38e-05 1.21e-05 8.85e-06 1.06e-05 6.95e-06 8.7e-06 6.45e-06 1.075e-05 1.315e-05 1.545e-05 1.04e-05 1.065e-05 1.135e-05 1.43e-05 1.16e-05 1.32e-05 1.05e-05 1.33e-05 1.06e-05
28 9.95e-06 1.28e-05 6.55e-06 1.05e-05 1.22e-05 6.55e-06 1.085e-05 7.3e-06 1.055e-05 9.75e-06 9.75e-06 1.285e-05 7.8e-06 1.01e-05 1.015e-05 1.045e-05 1.25e-05 1.28e-05 1.255e-05 9.75e-06 1.055e-05 1.07e-05 1.345e-05 1.11e-05 8.75e-06 1.25e-05 1.255e-05 1.285e-05 1.15e-05 1.07e-05 8.85e-06 1.05e-05 9.9e-06 8.7e-06 9.5e-06 9.6e-06 1.2e-05 8.7e-06 8.75e-06 1.185e-05 1.175e-05 1.23e-05 9.9e-06 1.205e-05 7.75e-06 9.9e-06 9.05e-06 1.105e-05 9.85e-06 1.18e-05 1.11e-05 1.305e-05 8.7e-06 8.25e-06 1.045e-05 1.095e-05 1.14e-05 7.95e-06 8.4e-06 6.85e-06 8.45e-06 1.08e-05 1.105e-05 1.13e-05 1.19e-05 1.105e-05 1.145e-05 6.55e-06 1.08e-05 1.075e-05 1.405e-05 8.15e-06 1.105e-05 8.95e-06 1.065e-05 1.435e-05 1e-05 1.25e-05 9.9e-06 1.08e-05 8.55e-06 9.2e-06 7.75e-06 1.28e-05 8.85e-06 1.43e-05 1.095e-05 1.325e-05 1.085e-05 9.3e-06 6.8e-06 1.165e-05 1.075e-05 9.5e-06 8.3e-06 1.04e-05 8.8e-06 9.9e-06 1.08e-05 1.265e-05
29 1.035e-05 1.115e-05 1.245e-05 1.315e-05 1.265e-05 1e-05 1.34e-05 1.315e-05 1.03e-05 1.055e-05 1.055e-05 8.85e-06 8.9e-06 1.245e-05 1.145e-05 1.015e-05 9.85e-06 8.75e-06 9.2e-06 1.235e-05 1.21e-05 1.18e-05 8.6e-06 9.95e-06 1.235e-05 1.03e-05 9.95e-06 1.085e-05 1.07e-05 1.46e-05 1.21e-05 1.125e-05 1.255e-05 1.24e-05 1.26e-05 1.125e-05 1.05e-05 1.215e-05 1.24e-05 1.115e-05 8.2e-06 8.4e-06 1.215e-05 1.12e-05 1.15e-05 1.165e-05 1.235e-05 1.235e-05 1.095e-05 1.05e-05 1.22e-05 1.105e-05 1.24e-05 1.305e-05 8.55e-06 1.225e-05 1.31e-05 1.28e-05 1.2e-05 1.245e-05 1.12e-05 9.8e-06 1.14e-05 1.225e-05 1.19e-05 1.14e-05 1.34e-05 1.32e-05 9.8e-06 1.11e-05 1.115e-05 1e-05 1.235e-05 1.245e-05 1.355e-05 1.165e-05 9.6e-06 9.9e-06 1.075e-05 1.245e-05 1.31e-05 1.33e-05 1.26e-05 9.8e-06 1.21e-05 9.15e-06 1.125e-05 1.125e-05 1.12e-05 1.14e-05 1.26e-05 1.33e-05 1.105e-05 9.7e-06 1.295e-05 1.21e-05 1.13e-05 1.215e-05 1.15e-05 1.1e-05
30 1.095e-05 1.14e-05 6.4e-06 8.6e-06 1.105e-05 8.45e-06 1.02e-05 7.05e-06 1.145e-05 1.15e-05 1.065e-05 1.255e-05 1.015e-05 9.65e-06 9.1e-06 1.135e-05 1.28e-05 1.25e-05 1.245e-05 7.05e-06 1.15e-05 1.2e-05 1.11e-05 1.01e-05 6.85e-06 1.29e-05 1.285e-05 1.325e-05 8.85e-06 1.21e-05 1.11e-05 1.15e-05 8.95e-06 7.3e-06 7.6e-06 8.4e-06 1.25e-05 9e-06 7.25e-06 1.005e-05 1.22e-05 1.17e-05 8.95e-06 1.145e-05 8.45e-06 1.12e-05 9.35e-06 1.035e-05 8.95e-06 1.125e-05 1.12e-05 1.345e-05 9e-06 7.75e-06 1.245e-05 1.025e-05 1.27e-05 9.25e-06 7.65e-06 6.3e-06 8.75e-06 9.9e-06 1.205e-05 1.24e-05 1.035e-05 1.205e-05 8.2e-06 6.85e-06 9.9e-06 1.175e-05 1.215e-05 1.105e-05 1.035e-05 9.5e-06 8.2e-06 1.245e-05 1.07e-05 1.28e-05 1.1e-05 8.3e-06 7.75e-06 8.1e-06 9e-06 1.26e-05 9.1e-06 1.4e-05 1.195e-05 1.365e-05 1.045e-05 7.7e-06 6.5e-06 8.9e-06 1.03e-05 1.115e-05 7.65e-06 9.7e-06 7.8e-06 8.95e-06 1e-05 1.125e-05
31 5.1e-06 1.48e-05 1.175e-05 1.13e-05 8.65e-06 1.055e-05 9.35e-06 1.045e-05 4.3e-06 7.2e-06 6.5e-06 8.75e-06 8.25e-06 7.45e-06 1.15e-05 4.3e-06 9.05e-06 8.8e-06 1.01e-05 1.47e-05 8.35e-06 6.55e-06 1.16e-05 1.26e-05 8.9e-06 9.65e-06 9e-06 9.65e-06 1.05e-05 1.125e-05 1.15e-05 8.4e-06 9.8e-06 1.365e-05 1.23e-05 9.1e-06 1.09e-05 9.4e-06 1.365e-05 1.395e-05 1.1e-05 1.005e-05 9.65e-06 1.195e-05 9.45e-06 5.9e-06 8.75e-06 1.07e-05 1.075e-05 1.175e-05 1.195e-05 9.85e-06 8.05e-06 1.37e-05 1.155e-05 1.06e-05 6.9e-06 8.05e-06 1.37e-05 1.185e-05 7.85e-06 1.235e-05 5.15e-06 5.75e-06 1.465e-05 5.25e-06 1.24e-05 1.2e-05 1.235e-05 4.85e-06 1.225e-05 6.85e-06 1.07e-05 8.85e-06 1.47e-05 1.22e-05 5.25e-06 9.05e-06 6.2e-06 1.565e-05 1.385e-05 1.36e-05 1e-05 8.7e-06 8.6e-06 1.38e-05 5.15e-06 1.005e-05 1.29e-05 1.11e-05 1.2e-05 1.005e-05 1.285e-05 6.6e-06 1.36e-05 9.8e-06 1.06e-05 9.65e-06 1.01e-05 1.465e-05
32 9.2e-06 1.19e-05 9.65e-06 9.8e-06 9.75e-06 1.045e-05 8.45e-06 8.95e-06 1.08e-05 9.2e-06 9.5e-06 1.235e-05 1.015e-05 8.3e-06 1.03e-05 1.07e-05 1.145e-05 1.23e-05 1.155e-05 1.025e-05 1.13e-05 8.45e-06 1.15e-05 1.19e-05 9.05e-06 1e-05 1.15e-05 9.7e-06 9.9e-06 1.255e-05 8.95e-06 9.8e-06 1.44e-05 1.045e-05 1.03e-05 9.9e-06 1.115e-05 9.8e-06 1.045e-05 1.085e-05 1.255e-05 1.18e-05 8.25e-06 1.205e-05 9.35e-06 9.2e-06 8.65e-06 9.5e-06 1.045e-05 1.14e-05 1.035e-05 1.005e-05 9.3e-06 1.005e-05 1.175e-05 9.4e-06 1.055e-05 8.6e-06 1.075e-05 9.65e-06 1.005e-05 1.165e-05 9.35e-06 7.65e-06 1.115e-05 9.35e-06 8.55e-06 9.25e-06 1.165e-05 9.05e-06 1.135e-05 1e-05 9.35e-06 8.6e-06 9.95e-06 1.1e-05 9.9e-06 1.145e-05 1.035e-05 1.135e-05 1.005e-05 9.75e-06 9.4e-06 1.135e-05 8.4e-06 1.26e-05 9.25e-06 1.025e-05 1.11e-05 9.6e-06 9.8e-06 9.65e-06 1.095e-05 1.105e-05 9.9e-06 9.85e-06 9.55e-06 8.1e-06 1.12e-05 1.175e-05
33 1.395e-05 9.35e-06 3.4e-06 7.35e-06 1.315e-05 6.75e-06 1.22e-05 1.005e-05 1.295e-05 1.28e-05 1.24e-05 1.405e-05 1.165e-05 1.38e-05 8.45e-06 1.285e-05 1.41e-05 1.4e-05 1.505e-05 3.55e-06 1.345e-05 1.53e-05 1.38e-05 9.6e-06 1.205e-05 1.49e-05 1.415e-05 1.525e-05 8.7e-06 1.24e-05 7.3e-06 1.365e-05 1.045e-05 5.9e-06 8.8e-06 8.15e-06 1.475e-05 9.55e-06 3.5e-06 9.6e-06 1.28e-05 1.385e-05 9.25e-06 1.24e-05 1.015e-05 1.46e-05 9.55e-06 9.3e-06 6.45e-06 1.18e-05 1.21e-05 1.545e-05 9.15e-06 5.65e-06 1.255e-05 9.2e-06 1.505e-05 1.095e-05 4e-06 3.85e-06 7.9e-06 9.05e-06 1.425e-05 1.53e-05 9.15e-06 1.425e-05 8.6e-06 6e-06 9.05e-06 1.395e-05 1.305e-05 1.2e-05 9.2e-06 9.55e-06 6.25e-06 1.335e-05 1.32e-05 1.41e-05 1.345e-05 3.2e-06 5.75e-06 4.9e-06 1.105e-05 1.475e-05 9.35e-06 1.51e-05 1.415e-05 1.565e-05 9.75e-06 8.25e-06 3.9e-06 1.195e-05 9.65e-06 1.175e-05 5.25e-06 8.6e-06 6.1e-06 9.25e-06 8.15e-06 9.3e-06
34 1.185e-05 1.19e-05 7.25e-06 9.75e-06 1.19e-05 9.85e-06 1.115e-05 7.25e-06 1.235e-05 1.25e-05 1.165e-05 1.285e-05 1.145e-05 1.02e-05 1.06e-05 1.225e-05 1.29e-05 1.28e-05 1.265e-05 8.9e-06 1.255e-05 1.27e-05 1.18e-05 1.07e-05 7.2e-06 1.29e-05 1.295e-05 1.325e-05 9.5e-06 1.26e-05 7.6e-06 1.23e-05 1.03e-05 8.8e-06 1.41e-05 1.005e-05 1.25e-05 1.02e-05 8.85e-06 1.09e-05 1.27e-05 1.225e-05 1.035e-05 1.16e-05 9.35e-06 1.17e-05 1.045e-05 1.155e-05 1.045e-05 1.145e-05 1.085e-05 1.345e-05 1.01e-05 8.6e-06 1.275e-05 1.145e-05 1.34e-05 9.6e-06 9e-06 7.9e-06 9.85e-06 1.04e-05 1.285e-05 1.31e-05 1.095e-05 1.285e-05 9.7e-06 7.7e-06 1.04e-05 1.255e-05 1.23e-05 1.205e-05 1.155e-05 1.005e-05 9.65e-06 1.26e-05 1.17e-05 1.29e-05 1.18e-05 1e-05 8.85e-06 9.4e-06 9.35e-06 1.28e-05 1.03e-05 1.33e-05 1.275e-05 1.365e-05 1.085e-05 8.75e-06 7.55e-06 9.6e-06 1.08e-05 1.225e-05 8.55e-06 1.09e-05 9.4e-06 1.035e-05 1.13e-05 1.175e-05
35 1.01e-05 1.225e-05 7.35e-06 9.95e-06 1.235e-05 8.15e-06 1.09e-05 1.07e-05 6.8e-06 9.9e-06 9.4e-06 1.02e-05 9.75e-06 1.105e-05 9.9e-06 6.7e-06 1.095e-05 1.015e-05 1.28e-05 7.9e-06 1.16e-05 1.17e-05 1.14e-05 1.06e-05 1.08e-05 1.24e-05 1.1e-05 1.305e-05 9.6e-06 1.125e-05 8.4e-06 9.1e-06 9.9e-06 8.15e-06 1.005e-05 1.3e-05 1.36e-05 9.9e-06 8.15e-06 1.1e-05 1.125e-05 1.16e-05 8.75e-06 1.205e-05 9.9e-06 1.135e-05 9.2e-06 1.005e-05 7.9e-06 1.175e-05 1.26e-05 1.325e-05 9.45e-06 9.65e-06 1.21e-05 9.95e-06 1.21e-05 1.075e-05 8.45e-06 7.3e-06 6.9e-06 1.035e-05 9.05e-06 1.105e-05 1.14e-05 9.05e-06 1.07e-05 8.95e-06 1.035e-05 8.75e-06 1.32e-05 1.015e-05 1.005e-05 9.3e-06 1.02e-05 1.38e-05 8e-06 1.095e-05 9.25e-06 9.05e-06 9.7e-06 9.4e-06 1.125e-05 1.25e-05 8.9e-06 1.465e-05 8.95e-06 1.345e-05 1.145e-05 8.5e-06 7.45e-06 1.185e-05 1.125e-05 7.9e-06 9.6e-06 1e-05 7e-06 8.75e-06 8.05e-06 1.21e-05
36 9.5e-06 1.08e-05 1.48e-05 1.275e-05 9.6e-06 1.345e-05 1.105e-05 1.105e-05 1.265e-05 1.1e-05 1.02e-05 1.08e-05 1.055e-05 1.01e-05 1.2e-05 1.25e-05 9.5e-06 1.07e-05 8.6e-06 1.47e-05 1.095e-05 9.35e-06 9.9e-06 1.2e-05 9.9e-06 8.75e-06 9.55e-06 8.25e-06 1.2e-05 1.05e-05 1.25e-05 1.09e-05 1.115e-05 1.475e-05 1.25e-05 1.36e-05 1.31e-05 1.185e-05 1.475e-05 1.08e-05 1.05e-05 9.45e-06 1.225e-05 1.05e-05 1.135e-05 9.05e-06 1.245e-05 1.245e-05 1.31e-05 9.95e-06 1.03e-05 8.45e-06 1.205e-05 1.345e-05 9.35e-06 1.235e-05 1.06e-05 1.045e-05 1.465e-05 1.48e-05 1.355e-05 1.175e-05 1.15e-05 1.01e-05 1.2e-05 1.15e-05 1.15e-05 1.355e-05 1.175e-05 1.12e-05 9.1e-06 1.06e-05 1.245e-05 1.255e-05 1.345e-05 8.55e-06 1.13e-05 9.55e-06 9.55e-06 1.48e-05 1.345e-05 1.385e-05 9.4e-06 9.05e-06 1.22e-05 7.15e-06 1.135e-05 8.65e-06 1.085e-05 1.305e-05 1.495e-05 1.045e-05 1.07e-05 1.24e-05 1.33e-05 1.175e-05 1.345e-05 1.225e-05 1.385e-05 1.065e-05
37 8.85e-06 1.32e-05 7.6e-06 1.005e-05 9.6e-06 8.45e-06 1.005e-05 8.65e-06 1.055e-05 9.4e-06 8.35e-06 1.28e-05 8.8e-06 9.55e-06 1.005e-05 1.045e-05 1.25e-05 1.275e-05 1.185e-05 1.03e-05 8.65e-06 9.5e-06 1.325e-05 1.145e-05 8.85e-06 1.25e-05 1.255e-05 1.22e-05 8.7e-06 1.215e-05 9e-06 9.4e-06 9.8e-06 9.55e-06 1.02e-05 9.9e-06 1.185e-05 1.35e-05 9.55e-06 1.215e-05 1.2e-05 1.145e-05 9.55e-06 1.22e-05 8.2e-06 8.6e-06 8.8e-06 1.08e-05 1.02e-05 1.18e-05 1.165e-05 1.24e-05 8e-06 9.9e-06 1.195e-05 1.07e-05 9.8e-06 8.15e-06 9.85e-06 7.15e-06 8.9e-06 1.12e-05 1.04e-05 1e-05 1.215e-05 1.04e-05 1.11e-05 7.7e-06 1.12e-05 1.01e-05 1.38e-05 8.75e-06 1.08e-05 8.9e-06 1.09e-05 1.345e-05 9.9e-06 1.25e-05 9.75e-06 1.16e-05 9.6e-06 9.35e-06 8.75e-06 1.165e-05 8.15e-06 1.495e-05 1.03e-05 1.26e-05 1.125e-05 9.75e-06 7.4e-06 1.085e-05 1.065e-05 9.8e-06 9.8e-06 9.7e-06 9.15e-06 9.55e-06 1.12e-05 1.305e-05
38 1.395e-05 9.45e-06 3.8e-06 7.65e-06 1.315e-05 6.25e-06 1.22e-05 1.005e-05 1.295e-05 1.28e-05 1.255e-05 1.405e-05 1.16e-05 1.375e-05 8.5e-06 1.285e-05 1.41e-05 1.4e-05 1.505e-05 3.55e-06 1.345e-05 1.53e-05 1.38e-05 9.1e-06 1.195e-05 1.49e-05 1.415e-05 1.525e-05 8.75e-06 1.24e-05 7.25e-06 1.365e-05 1.045e-05 3.5e-06 8.85e-06 8.15e-06 1.475e-05 9.55e-06 5.9e-06 9.6e-06 1.28e-05 1.39e-05 9.25e-06 1.23e-05 1.025e-05 1.46e-05 9.05e-06 9.3e-06 6.6e-06 1.19e-05 1.215e-05 1.545e-05 8.65e-06 5.7e-06 1.255e-05 9.2e-06 1.505e-05 1.1e-05 4.05e-06 3.45e-06 8.2e-06 9.35e-06 1.425e-05 1.53e-05 9.15e-06 1.425e-05 8.6e-06 6.05e-06 9.35e-06 1.395e-05 1.305e-05 1.2e-05 9.3e-06 9.65e-06 6.25e-06 1.335e-05 1.32e-05 1.41e-05 1.345e-05 3.3e-06 5.8e-06 4.9e-06 1.11e-05 1.475e-05 9.35e-06 1.51e-05 1.415e-05 1.565e-05 9.25e-06 8.35e-06 4e-06 1.19e-05 9.65e-06 1.175e-05 5.6e-06 8.6e-06 6.3e-06 9.25e-06 8.25e-06 9.3e-06
39 1.345e-05 8.3e-06 1.07e-05 1.055e-05 1.19e-05 1.145e-05 1.185e-05 1.225e-05 1.445e-05 1.305e-05 1.27e-05 1.23e-05 1.265e-05 1.34e-05 1.095e-05 1.43e-05 1.1e-05 1.22e-05 1.16e-05 8.3e-06 1.43e-05 1.365e-05 1.05e-05 1.055e-05 1.27e-05 1.105e-05 1.11e-05 1.075e-05 1.185e-05 1.115e-05 1.005e-05 1.395e-05 1.085e-05 9.6e-06 1.09e-05 1.1e-05 1.08e-05 1.215e-05 9.6e-06 1.55e-05 1.125e-05 1.165e-05 1.08e-05 1.08e-05 1.255e-05 1.355e-05 1.23e-05 1.125e-05 1.025e-05 9.9e-06 1.08e-05 1.095e-05 1.215e-05 1.01e-05 9.95e-06 1.115e-05 1.44e-05 1.24e-05 9.75e-06 1.06e-05 1.24e-05 1.03e-05 1.43e-05 1.39e-05 9.05e-06 1.43e-05 9.15e-06 1.12e-05 1.03e-05 1.4e-05 9.35e-06 1.28e-05 1.125e-05 1.24e-05 9.25e-06 9e-06 1.4e-05 1.105e-05 1.405e-05 8.6e-06 1.005e-05 9.55e-06 1.28e-05 1.18e-05 1.195e-05 8.1e-06 1.415e-05 1.115e-05 9.4e-06 1.1e-05 1.075e-05 1.17e-05 9.15e-06 1.345e-05 1e-05 1.08e-05 1e-05 1.08e-05 1.165e-05 8.15e-06
40 1.015e-05 1.125e-05 1.28e-05 1.315e-05 1.21e-05 1.105e-05 1.34e-05 1.32e-05 9.85e-06 9.35e-06 9.6e-06 8.45e-06 8.8e-06 1.21e-05 1.07e-05 9.75e-06 9.55e-06 8.45e-06 9.1e-06 1.28e-05 1.185e-05 1.16e-05 8.45e-06 1.01e-05 1.21e-05 9.95e-06 9.6e-06 1.05e-05 1.175e-05 8.2e-06 1.22e-05 1.1e-05 1.255e-05 1.28e-05 1.27e-05 1.125e-05 1.05e-05 1.2e-05 1.28e-05 1.125e-05 1.41e-05 7.6e-06 1.215e-05 1.11e-05 1.095e-05 1.075e-05 1.23e-05 1.235e-05 1.095e-05 1.03e-05 1.225e-05 1.07e-05 1.255e-05 1.345e-05 9.35e-06 1.225e-05 1.28e-05 1.295e-05 1.24e-05 1.285e-05 1.115e-05 9.8e-06 1.095e-05 1.18e-05 1.22e-05 1.095e-05 1.345e-05 1.36e-05 9.8e-06 1.065e-05 1.085e-05 1.085e-05 1.235e-05 1.24e-05 1.4e-05 1.135e-05 9.15e-06 9.55e-06 1.065e-05 1.29e-05 1.355e-05 1.375e-05 1.29e-05 9.65e-06 1.21e-05 8.9e-06 1.085e-05 1.09e-05 1.125e-05 1.15e-05 1.3e-05 1.3e-05 1.115e-05 8.5e-06 1.335e-05 1.23e-05 1.13e-05 1.215e-05 1.15e-05 1.11e-05
41 8.5e-06 1.165e-05 1.385e-05 1.29e-05 1.025e-05 1.275e-05 1.21e-05 1.175e-05 9.45e-06 1.015e-05 8.55e-06 7.4e-06 9.15e-06 1.05e-05 1.045e-05 9.35e-06 9.2e-06 7.35e-06 7.15e-06 1.39e-05 1.045e-05 1e-05 6.5e-06 9.7e-06 1.01e-05 9.2e-06 9.25e-06 9.75e-06 1.23e-05 8.4e-06 1.17e-05 1.005e-05 1.18e-05 1.385e-05 1.225e-05 1.16e-05 9.45e-06 1.145e-05 1.39e-05 1.165e-05 7.6e-06 1.05e-05 1.21e-05 1.065e-05 9.1e-06 9.15e-06 1.225e-05 1.23e-05 1.17e-05 1.04e-05 1.12e-05 9.95e-06 1.235e-05 1.355e-05 1.035e-05 1.22e-05 1.165e-05 1.175e-05 1.4e-05 1.395e-05 1.145e-05 9.45e-06 1.015e-05 1.06e-05 1.205e-05 1.015e-05 1.255e-05 1.37e-05 9.45e-06 9.85e-06 9.95e-06 1.11e-05 1.23e-05 1.235e-05 1.385e-05 1.045e-05 7.95e-06 9.2e-06 9.55e-06 1.4e-05 1.365e-05 1.465e-05 1.155e-05 8e-06 1.205e-05 8.6e-06 1.005e-05 1.015e-05 1.165e-05 1.105e-05 1.41e-05 1.125e-05 1.155e-05 9.7e-06 1.34e-05 1.21e-05 1.21e-05 1.21e-05 1.185e-05 1.15e-05
