 slim_337684333 slim_337684371 slim_337684367 slim_337684267 slim_337684373 slim_337683883 slim_337684318 slim_337684377 slim_337684166 slim_337684359 slim_337684105 slim_337684287 slim_337684253 slim_337684094 slim_337684136 slim_337684296 slim_337684366 slim_337684016 slim_337684309 slim_337684244 slim_337683830 slim_337684362 slim_337683987 slim_337684330 slim_337684183 slim_337684195 slim_337684328 slim_337684342 slim_337684278 slim_337684188 slim_337684312 slim_337684023 slim_337684184 slim_337684329 slim_337684376 slim_337684343 slim_337684276 slim_337684285 slim_337684326 slim_337684129 slim_337684021 slim_337684277 slim_337684210 slim_337684354 slim_337684324 slim_337684286 slim_337684338 slim_337684335 slim_337684074 slim_337684369 slim_337684289 slim_337684069 slim_337684291 slim_337684223 slim_337684347 slim_337684380 slim_337684310 slim_337684357 slim_337684315 slim_337684017 slim_337684273 slim_337684382 slim_337684351 slim_337684370 slim_337684320 slim_337684295 slim_337684140 slim_337684208 slim_337684205 slim_337684292 slim_337684363 slim_337684243 slim_337684331 slim_337684346 slim_337684308 slim_337684242 slim_337683884 slim_337684356 slim_337684022 slim_337684327 slim_337684352 slim_337684290 slim_337684259 slim_337684364 slim_337684089 slim_337684217 slim_337684374 slim_337684360 slim_337684306 slim_337684034 slim_337684348 slim_337684344 slim_337684381 slim_337684378 slim_337684349 slim_337684350 slim_337684202 slim_337684372 slim_337684086 slim_337684375
0 1.2e-05 1.11e-05 8.05e-06 1.255e-05 1.24e-05 1.155e-05 1.035e-05 7.95e-06 9.15e-06 1.1e-05 9.85e-06 1.11e-05 9.05e-06 1.275e-05 9.5e-06 9.45e-06 1.085e-05 1.125e-05 1.195e-05 1.17e-05 1.145e-05 1.22e-05 1.02e-05 1.015e-05 1.015e-05 1.29e-05 1.105e-05 8.35e-06 1.35e-05 9.05e-06 1.24e-05 1.17e-05 1.195e-05 9.15e-06 8.2e-06 1.195e-05 1.17e-05 9.8e-06 1.355e-05 1.125e-05 9.7e-06 8.55e-06 9.75e-06 9.2e-06 6.25e-06 1.35e-05 8.75e-06 1.17e-05 8e-06 1.155e-05 9.75e-06 8.55e-06 9.25e-06 1.105e-05 1.1e-05 1.105e-05 9.95e-06 8.25e-06 1.05e-05 1.18e-05 1.155e-05 1.36e-05 1.24e-05 1e-05 1.23e-05 1.155e-05 1.16e-05 9.7e-06 9.8e-06 9.6e-06 1.025e-05 1.295e-05 1.185e-05 1.335e-05 9.2e-06 1.25e-05 9.35e-06 1.095e-05 1.3e-05 1.17e-05 1.18e-05 1.01e-05 1.175e-05 6.2e-06 1.105e-05 1.19e-05 1.14e-05 1.16e-05 7.5e-06 1.115e-05 1.14e-05 1.055e-05 9.95e-06 9.95e-06 1.24e-05 1.105e-05 8.1e-06 1.27e-05 6.2e-06 1.205e-05
1 1.11e-05 1.41e-05 1.025e-05 1.115e-05 1.515e-05 1.425e-05 9.45e-06 1.09e-05 1.035e-05 1.28e-05 1.035e-05 1.39e-05 1.45e-05 8.45e-06 1.005e-05 9.4e-06 1.265e-05 1.185e-05 9.75e-06 8.85e-06 1.305e-05 1.09e-05 9.3e-06 8.55e-06 1.115e-05 1.025e-05 1.285e-05 1.35e-05 8.15e-06 1.22e-05 1.485e-05 8.85e-06 1.47e-05 1.1e-05 1.135e-05 1.12e-05 1.215e-05 1.02e-05 8.2e-06 1.17e-05 1.15e-05 1.235e-05 9.15e-06 1.465e-05 1.31e-05 8.25e-06 1.09e-05 1.215e-05 1.145e-05 8.2e-06 9.15e-06 1.08e-05 1.375e-05 9.45e-06 1.02e-05 1.255e-05 1.1e-05 9.4e-06 1.31e-05 1.335e-05 1.425e-05 1.205e-05 1.515e-05 1.025e-05 1.355e-05 1.045e-05 8.25e-06 1.005e-05 9.3e-06 1.375e-05 9.5e-06 1.25e-05 9.15e-06 1.215e-05 1.44e-05 1.235e-05 1.255e-05 1.39e-05 1.16e-05 1.29e-05 1.475e-05 8.5e-06 9.1e-06 1.14e-05 1.285e-05 1.545e-05 1.435e-05 1.255e-05 1.115e-05 9.1e-06 8.2e-06 1.03e-05 1.175e-05 1.115e-05 1.45e-05 1.03e-05 9.4e-06 1.165e-05 1.265e-05 9.4e-06
2 8.05e-06 1.025e-05 1.17e-05 1.17e-05 1.16e-05 1.075e-05 9.3e-06 9.35e-06 8.8e-06 1.07e-05 9.5e-06 9e-06 9.95e-06 1.185e-05 8.95e-06 8.2e-06 1.085e-05 1.045e-05 1.105e-05 1.1e-05 1.075e-05 1.135e-05 9.1e-06 9e-06 1.115e-05 1.2e-05 1.105e-05 9.75e-06 1.205e-05 1.045e-05 1.085e-05 1.1e-05 1.18e-05 8.7e-06 9.5e-06 1.15e-05 1.135e-05 1.065e-05 1.21e-05 1.09e-05 8.85e-06 9.95e-06 8.7e-06 1.01e-05 9.6e-06 1.205e-05 9.6e-06 1.135e-05 7.85e-06 1.045e-05 8.7e-06 8.45e-06 1.1e-05 1.06e-05 8.6e-06 1.055e-05 1.1e-05 7.1e-06 1.02e-05 1.085e-05 1.12e-05 1.275e-05 1.225e-05 9e-06 1.175e-05 1.05e-05 1.05e-05 1.065e-05 9.4e-06 1.125e-05 9.6e-06 1.145e-05 1.085e-05 1.26e-05 1.075e-05 1.23e-05 8.15e-06 1.035e-05 1.225e-05 1.17e-05 1.12e-05 8.95e-06 1.075e-05 8.05e-06 1.105e-05 1.175e-05 1.105e-05 1.165e-05 8.3e-06 1.015e-05 9.9e-06 1.02e-05 9.65e-06 9.5e-06 1.245e-05 1.05e-05 8e-06 1.12e-05 9.4e-06 1.105e-05
3 1.255e-05 1.115e-05 1.17e-05 1.64e-05 1.08e-05 1.31e-05 1.155e-05 1.165e-05 1.24e-05 1.095e-05 1.215e-05 1.16e-05 1.215e-05 1e-05 1.165e-05 1.045e-05 1.165e-05 9.95e-06 1.13e-05 1.105e-05 1.225e-05 8.85e-06 1.14e-05 1.095e-05 1.105e-05 1.155e-05 1.11e-05 1.18e-05 9e-06 1.285e-05 1.25e-05 1.105e-05 1.055e-05 1.195e-05 1.21e-05 1.325e-05 1.4e-05 1.045e-05 9.05e-06 1.19e-05 9.35e-06 1.27e-05 1.075e-05 1.23e-05 1.235e-05 9.1e-06 1.105e-05 1.235e-05 1.195e-05 9.9e-06 1.075e-05 1.36e-05 1.225e-05 1.16e-05 1.01e-05 1.225e-05 1.09e-05 1.17e-05 1.02e-05 1.24e-05 1.055e-05 9.6e-06 1.025e-05 1.155e-05 1.235e-05 9.7e-06 9.95e-06 1.025e-05 1.26e-05 1.1e-05 1.175e-05 1.08e-05 1.045e-05 1.09e-05 1.065e-05 1.185e-05 1.24e-05 1.24e-05 9.55e-06 1.3e-05 1.155e-05 1.09e-05 1.05e-05 1.285e-05 1.11e-05 1.12e-05 1.15e-05 1.325e-05 1.07e-05 1.015e-05 9.25e-06 1.175e-05 1.335e-05 1.235e-05 1.175e-05 1.245e-05 1.235e-05 1.025e-05 1.19e-05 1.08e-05
4 1.24e-05 1.515e-05 1.16e-05 1.08e-05 7.7e-06 9.55e-06 1.44e-05 1.22e-05 1.12e-05 9.05e-06 1.335e-05 8.35e-06 7.45e-06 1.585e-05 1.215e-05 1.225e-05 9.5e-06 8.7e-06 1.53e-05 1.465e-05 9.25e-06 1.085e-05 1.425e-05 1.455e-05 1.43e-05 1.49e-05 9.3e-06 1.08e-05 1.61e-05 1.23e-05 6.35e-06 1.465e-05 8.2e-06 1.21e-05 1.175e-05 1.37e-05 1.435e-05 1.365e-05 1.615e-05 1.215e-05 9.2e-06 1.235e-05 1.29e-05 7.6e-06 1.17e-05 1.61e-05 1.24e-05 1.26e-05 1.055e-05 1.42e-05 1.29e-05 1.345e-05 9.65e-06 1.385e-05 1.275e-05 1.135e-05 1.415e-05 1.315e-05 8.75e-06 8.7e-06 6.45e-06 1.16e-05 8.25e-06 1.35e-05 1.1e-05 1.245e-05 1.425e-05 1.425e-05 1.285e-05 8.1e-06 1.26e-05 1.015e-05 1.475e-05 1.355e-05 8.3e-06 1.32e-05 8.35e-06 9.15e-06 1.07e-05 1.225e-05 5.9e-06 1.45e-05 1.405e-05 1.18e-05 9.3e-06 6.3e-06 9.9e-06 1.28e-05 1.22e-05 1.41e-05 1.485e-05 1.375e-05 1.365e-05 1.285e-05 9.55e-06 1.31e-05 1.25e-05 1.02e-05 1.215e-05 1.435e-05
5 1.155e-05 1.425e-05 1.075e-05 1.31e-05 9.55e-06 1.36e-05 1.28e-05 1.27e-05 1.2e-05 1.165e-05 1.265e-05 1.025e-05 8.95e-06 1.305e-05 1.155e-05 1.25e-05 1.235e-05 1.2e-05 1.12e-05 1.405e-05 1.08e-05 1.285e-05 1.265e-05 1.255e-05 1.44e-05 1.51e-05 1.245e-05 1.22e-05 1.505e-05 1.265e-05 9.95e-06 1.405e-05 1.08e-05 1.075e-05 1.165e-05 1.475e-05 1.14e-05 1.275e-05 1.51e-05 1.16e-05 1.165e-05 1.175e-05 1.23e-05 9.1e-06 1.195e-05 1.505e-05 1.215e-05 1.205e-05 1.025e-05 1.355e-05 1.23e-05 8.8e-06 1.055e-05 1.185e-05 1.285e-05 1.285e-05 1.425e-05 1.12e-05 1.11e-05 1.09e-05 1.14e-05 1.24e-05 1.115e-05 1.185e-05 1.22e-05 1.27e-05 1.36e-05 1.395e-05 1.31e-05 1.255e-05 1.275e-05 1.14e-05 1.36e-05 1.31e-05 1.12e-05 1.1e-05 8.65e-06 9.85e-06 1.365e-05 1.225e-05 8.55e-06 1.25e-05 1.38e-05 1.035e-05 1.245e-05 1.01e-05 1.075e-05 1.23e-05 1.28e-05 1.27e-05 1.345e-05 1.09e-05 9.55e-06 1.175e-05 1.04e-05 1.37e-05 1.13e-05 1.115e-05 1.3e-05 1.41e-05
6 1.035e-05 9.45e-06 9.3e-06 1.155e-05 1.44e-05 1.28e-05 1.39e-05 1.145e-05 1.12e-05 1.265e-05 1.125e-05 1.285e-05 1.265e-05 8.95e-06 9.9e-06 9.9e-06 1.305e-05 1.15e-05 9.5e-06 9.75e-06 1.215e-05 1.13e-05 7.1e-06 7.65e-06 1.03e-05 9.7e-06 1.315e-05 1.31e-05 7.65e-06 1.175e-05 1.43e-05 9.75e-06 1.37e-05 9.9e-06 1.085e-05 1.21e-05 1.205e-05 9.9e-06 7.75e-06 1.145e-05 1.185e-05 1.115e-05 9e-06 1.28e-05 1.235e-05 7.7e-06 1.055e-05 1.19e-05 1e-05 9.05e-06 9e-06 9.35e-06 1.27e-05 9.8e-06 9.3e-06 1.245e-05 1.015e-05 7.65e-06 1.24e-05 1.285e-05 1.39e-05 1.195e-05 1.405e-05 9.5e-06 1.255e-05 1.035e-05 9.1e-06 1.065e-05 1.025e-05 1.41e-05 1.03e-05 1.065e-05 9.3e-06 1.02e-05 1.335e-05 1.135e-05 1.045e-05 1.18e-05 1.095e-05 1.24e-05 1.34e-05 7.7e-06 8.5e-06 9.6e-06 1.315e-05 1.46e-05 1.285e-05 1.235e-05 1.14e-05 9e-06 8.1e-06 9.45e-06 1.035e-05 1.03e-05 1.315e-05 1.115e-05 8.9e-06 1.115e-05 1.295e-05 8.75e-06
7 7.95e-06 1.09e-05 9.35e-06 1.165e-05 1.22e-05 1.27e-05 1.145e-05 1.11e-05 9.8e-06 1.005e-05 8.15e-06 1.12e-05 1.005e-05 1.225e-05 7.1e-06 6.7e-06 9.9e-06 1.05e-05 1.215e-05 1.04e-05 9.9e-06 1.13e-05 1.13e-05 1.13e-05 9.25e-06 1.07e-05 1.01e-05 8.2e-06 1.22e-05 7.95e-06 1.2e-05 1.04e-05 1.17e-05 8.6e-06 6.45e-06 8.9e-06 1.075e-05 9.6e-06 1.225e-05 9.4e-06 9e-06 8.1e-06 7.6e-06 1.02e-05 6.45e-06 1.22e-05 8.4e-06 9.85e-06 1.005e-05 8.8e-06 7.6e-06 1.125e-05 9.95e-06 9.05e-06 9.9e-06 9.6e-06 9.05e-06 1.005e-05 9.95e-06 1.085e-05 1.085e-05 1.295e-05 1.215e-05 9e-06 1.11e-05 1.1e-05 8.8e-06 8.85e-06 7.7e-06 8.6e-06 5.95e-06 1.285e-05 1.035e-05 1.27e-05 9.35e-06 1.265e-05 1.17e-05 1.135e-05 1.165e-05 1.105e-05 1.275e-05 1.125e-05 8.95e-06 8.7e-06 1.01e-05 1.21e-05 1.15e-05 1.12e-05 6.65e-06 1.025e-05 1.08e-05 1.05e-05 1.08e-05 8.8e-06 1.28e-05 7.4e-06 8.05e-06 1.265e-05 5.75e-06 9.25e-06
8 9.15e-06 1.035e-05 8.8e-06 1.24e-05 1.12e-05 1.2e-05 1.12e-05 9.8e-06 1.35e-05 1.12e-05 1.025e-05 1.07e-05 1.095e-05 1.335e-05 1.035e-05 9.6e-06 1.045e-05 1.095e-05 1.29e-05 1.19e-05 1.105e-05 1.205e-05 1.105e-05 1.12e-05 1.205e-05 1.29e-05 1.065e-05 8.9e-06 1.375e-05 1.125e-05 1.09e-05 1.19e-05 1.15e-05 1.1e-05 1.035e-05 1.19e-05 1.245e-05 1.225e-05 1.38e-05 1.12e-05 9.7e-06 1.12e-05 1.025e-05 1.11e-05 1.04e-05 1.375e-05 1.125e-05 1.165e-05 7.65e-06 1.17e-05 1.025e-05 1.02e-05 1.165e-05 1.135e-05 1.095e-05 9.7e-06 1.19e-05 9.65e-06 1.105e-05 1.145e-05 9.35e-06 1.355e-05 1.195e-05 1.105e-05 1.15e-05 1.04e-05 1.175e-05 1.185e-05 9.55e-06 1.065e-05 1.01e-05 1.265e-05 1.25e-05 1.33e-05 1.105e-05 1.28e-05 9.85e-06 1.155e-05 1.23e-05 1.16e-05 1.165e-05 1.115e-05 1.17e-05 9.55e-06 1.065e-05 1.16e-05 9.95e-06 1.16e-05 9.65e-06 1.23e-05 1.22e-05 1.185e-05 1.16e-05 1.13e-05 1.25e-05 1.095e-05 9.15e-06 1.26e-05 9.85e-06 1.2e-05
9 1.1e-05 1.28e-05 1.07e-05 1.095e-05 9.05e-06 1.165e-05 1.265e-05 1.005e-05 1.12e-05 1.35e-05 1.025e-05 1.05e-05 1.04e-05 1.395e-05 8.05e-06 9.3e-06 9.8e-06 9.6e-06 1.36e-05 1.255e-05 1.015e-05 1.085e-05 1.25e-05 1.265e-05 1.255e-05 1.215e-05 9.75e-06 1.12e-05 1.385e-05 1.065e-05 1.085e-05 1.255e-05 1.015e-05 6.75e-06 1.035e-05 1.03e-05 1.205e-05 1.25e-05 1.39e-05 1.13e-05 8.65e-06 1.06e-05 1.01e-05 1.055e-05 1.105e-05 1.385e-05 1.13e-05 1.175e-05 1.095e-05 1.155e-05 1.01e-05 1.225e-05 9.8e-06 1.17e-05 1.155e-05 1.075e-05 1.24e-05 1.11e-05 7.4e-06 9.9e-06 9.8e-06 1.225e-05 1.035e-05 1.05e-05 1.175e-05 1.235e-05 1.16e-05 1.235e-05 1.1e-05 9.7e-06 9.7e-06 1.195e-05 1.175e-05 1.325e-05 9.75e-06 1.325e-05 1.05e-05 9.65e-06 1.025e-05 1.21e-05 9.6e-06 1.26e-05 1.155e-05 1.115e-05 9.75e-06 8.9e-06 1.175e-05 1.25e-05 1e-05 1.03e-05 1.23e-05 1.12e-05 1.125e-05 8.35e-06 1.11e-05 9.95e-06 1.035e-05 1.19e-05 1.075e-05 1.185e-05
10 9.85e-06 1.035e-05 9.5e-06 1.215e-05 1.335e-05 1.265e-05 1.125e-05 8.15e-06 1.025e-05 1.025e-05 1.03e-05 1.225e-05 1.275e-05 1.15e-05 6.85e-06 7.15e-06 9.15e-06 1.085e-05 1.145e-05 8.65e-06 1.105e-05 1.18e-05 1.11e-05 1.085e-05 1.13e-05 8.9e-06 9.35e-06 1.1e-05 1.195e-05 8.25e-06 1.22e-05 8.65e-06 1.325e-05 7.2e-06 9e-06 5.2e-06 8.4e-06 1.14e-05 1.2e-05 1.04e-05 9.55e-06 9.05e-06 7.95e-06 1.29e-05 1.06e-05 1.195e-05 9.55e-06 1.085e-05 1.06e-05 9e-06 7.95e-06 1.06e-05 1.2e-05 9e-06 1.025e-05 8.55e-06 1.115e-05 9.7e-06 1e-05 9.75e-06 1.21e-05 1.35e-05 1.37e-05 7.6e-06 1.115e-05 1.15e-05 9.05e-06 1.07e-05 6.95e-06 1.12e-05 6.9e-06 1.345e-05 9e-06 1.35e-05 1.215e-05 1.295e-05 1.21e-05 1.125e-05 1.255e-05 1.035e-05 1.34e-05 1.08e-05 9.4e-06 1.055e-05 9.35e-06 1.285e-05 1.305e-05 1.025e-05 8.75e-06 9.3e-06 1.04e-05 9.2e-06 9.6e-06 7e-06 1.36e-05 6.1e-06 8.3e-06 1.305e-05 9.75e-06 9.7e-06
11 1.11e-05 1.39e-05 9e-06 1.16e-05 8.35e-06 1.025e-05 1.285e-05 1.12e-05 1.07e-05 1.05e-05 1.225e-05 1.2e-05 8.3e-06 1.45e-05 1.15e-05 1.055e-05 1.14e-05 1.06e-05 1.385e-05 1.4e-05 9.3e-06 1.125e-05 1.27e-05 1.315e-05 1.21e-05 1.38e-05 1.16e-05 9.3e-06 1.38e-05 1.2e-05 8.3e-06 1.4e-05 1.025e-05 1.085e-05 1.13e-05 1.395e-05 1.405e-05 1.215e-05 1.385e-05 1.245e-05 8.8e-06 1.125e-05 1.16e-05 8.45e-06 1.03e-05 1.38e-05 1.11e-05 1.29e-05 9.7e-06 1.31e-05 1.16e-05 1.275e-05 1.01e-05 1.355e-05 9.25e-06 1.095e-05 1.195e-05 1.155e-05 1e-05 1.01e-05 9.1e-06 1.265e-05 1.07e-05 1.15e-05 1.155e-05 1.085e-05 1.315e-05 1.22e-05 1.325e-05 1.035e-05 1.255e-05 1.005e-05 1.3e-05 1.29e-05 9.8e-06 1.35e-05 9.15e-06 8.55e-06 1.155e-05 1.325e-05 8e-06 1.31e-05 1.28e-05 1.105e-05 1.16e-05 8.3e-06 9.95e-06 1.355e-05 9.55e-06 1.24e-05 1.25e-05 1.28e-05 1.26e-05 1.155e-05 1.095e-05 1.32e-05 1.215e-05 1.04e-05 1.015e-05 1.31e-05
12 9.05e-06 1.45e-05 9.95e-06 1.215e-05 7.45e-06 8.95e-06 1.265e-05 1.005e-05 1.095e-05 1.04e-05 1.275e-05 8.3e-06 9.6e-06 1.44e-05 1.125e-05 1.19e-05 1.145e-05 1.06e-05 1.35e-05 1.41e-05 9.8e-06 1.19e-05 1.25e-05 1.27e-05 1.145e-05 1.445e-05 1.155e-05 8.2e-06 1.475e-05 9.35e-06 7.85e-06 1.41e-05 9.95e-06 1.015e-05 8.7e-06 1.405e-05 1.34e-05 9.8e-06 1.48e-05 1.19e-05 1.025e-05 8.3e-06 1.18e-05 4.95e-06 6.35e-06 1.475e-05 8.95e-06 1.235e-05 9.05e-06 1.355e-05 1.18e-05 1.125e-05 7.65e-06 1.32e-05 1.155e-05 1.115e-05 1.13e-05 1.085e-05 9.85e-06 9.35e-06 9.15e-06 1.27e-05 1.03e-05 1.135e-05 1.155e-05 1.135e-05 1.36e-05 1.13e-05 1.325e-05 9e-06 1.275e-05 1e-05 1.31e-05 1.29e-05 7.3e-06 1.245e-05 7.7e-06 8.15e-06 1.24e-05 1.24e-05 7e-06 1.265e-05 1.35e-05 7.55e-06 1.155e-05 8.3e-06 9.5e-06 1.265e-05 9.55e-06 1.24e-05 1.295e-05 1.155e-05 1.11e-05 1.095e-05 1.015e-05 1.335e-05 1.145e-05 9.95e-06 7.7e-06 1.38e-05
13 1.275e-05 8.45e-06 1.185e-05 1e-05 1.585e-05 1.305e-05 8.95e-06 1.225e-05 1.335e-05 1.395e-05 1.15e-05 1.45e-05 1.44e-05 7.5e-06 1.105e-05 1.08e-05 1.44e-05 1.27e-05 7.25e-06 8.3e-06 1.385e-05 9.9e-06 8.8e-06 7.95e-06 1.02e-05 9.6e-06 1.45e-05 1.435e-05 4.95e-06 1.3e-05 1.575e-05 8.3e-06 1.515e-05 1.15e-05 1.2e-05 1.3e-05 1.16e-05 8.5e-06 5e-06 1.235e-05 1.29e-05 1.275e-05 1.005e-05 1.455e-05 1.36e-05 5e-06 1.085e-05 1.28e-05 1.275e-05 7.25e-06 1.005e-05 1.095e-05 1.42e-05 7.25e-06 9.8e-06 1.37e-05 1.005e-05 1.06e-05 1.39e-05 1.425e-05 1.52e-05 1.03e-05 1.55e-05 1.06e-05 1.435e-05 9.05e-06 7.35e-06 9e-06 1.175e-05 1.505e-05 1.1e-05 1.09e-05 8e-06 1.04e-05 1.485e-05 9.15e-06 1.355e-05 1.405e-05 1.095e-05 1.38e-05 1.51e-05 7.9e-06 8.3e-06 1.235e-05 1.45e-05 1.605e-05 1.44e-05 1.355e-05 1.24e-05 7.7e-06 6.65e-06 7.4e-06 1.105e-05 1.19e-05 1.465e-05 1.195e-05 1.12e-05 1e-05 1.385e-05 8.6e-06
14 9.5e-06 1.005e-05 8.95e-06 1.165e-05 1.215e-05 1.155e-05 9.9e-06 7.1e-06 1.035e-05 8.05e-06 6.85e-06 1.15e-05 1.125e-05 1.105e-05 6.7e-06 5.65e-06 9.75e-06 9.95e-06 1.08e-05 9e-06 8.45e-06 1.135e-05 9.75e-06 9.65e-06 1.13e-05 8.6e-06 9.9e-06 1.175e-05 1.11e-05 7.9e-06 1.18e-05 9e-06 1.275e-05 3.4e-06 6.95e-06 5.7e-06 8.35e-06 1.055e-05 1.115e-05 8.6e-06 9.6e-06 7.85e-06 5.7e-06 1.14e-05 1.06e-05 1.11e-05 9.35e-06 9.05e-06 1e-05 7.1e-06 5.7e-06 9.45e-06 9.95e-06 7.3e-06 1.005e-05 9e-06 1.115e-05 8.15e-06 7.95e-06 8.9e-06 1.215e-05 1.27e-05 1.315e-05 6.5e-06 1.105e-05 1.14e-05 7.15e-06 1.085e-05 6.15e-06 1.15e-05 3.75e-06 1.2e-05 7.95e-06 1.26e-05 1.15e-05 1.245e-05 1.03e-05 9.05e-06 1.175e-05 1.065e-05 1.14e-05 9.6e-06 7.35e-06 9.2e-06 9.9e-06 1.175e-05 1.29e-05 1.07e-05 9.3e-06 7.1e-06 9.35e-06 7.95e-06 8.1e-06 4.4e-06 1.22e-05 4.7e-06 5.9e-06 1.17e-05 1.075e-05 7.65e-06
15 9.45e-06 9.4e-06 8.2e-06 1.045e-05 1.225e-05 1.25e-05 9.9e-06 6.7e-06 9.6e-06 9.3e-06 7.15e-06 1.055e-05 1.19e-05 1.08e-05 5.65e-06 8.1e-06 9.6e-06 9.15e-06 1.065e-05 9.05e-06 9.3e-06 1.005e-05 9.75e-06 9.8e-06 9.85e-06 8.8e-06 9.85e-06 1.015e-05 9.85e-06 9e-06 1.22e-05 9.05e-06 1.155e-05 7.2e-06 7.5e-06 7.5e-06 9.75e-06 1.02e-05 9.9e-06 8.85e-06 7.55e-06 9.15e-06 5.6e-06 1.205e-05 1.005e-05 9.85e-06 9e-06 9.3e-06 9.85e-06 6.9e-06 5.6e-06 1.055e-05 1.125e-05 8e-06 7.9e-06 9.05e-06 9.7e-06 8.4e-06 9.2e-06 1.025e-05 1.095e-05 1.175e-05 1.205e-05 7.35e-06 1.07e-05 1e-05 6.95e-06 9.55e-06 6.6e-06 1.04e-05 4.5e-06 1.175e-05 8.5e-06 1.145e-05 1.105e-05 1.23e-05 1.145e-05 1.08e-05 1.04e-05 1.08e-05 1.24e-05 9.75e-06 7e-06 1.01e-05 9.85e-06 1.225e-05 1.16e-05 1.12e-05 6.8e-06 8.4e-06 8.35e-06 9.5e-06 9.75e-06 7.4e-06 1.23e-05 5.75e-06 6.75e-06 1.16e-05 9.2e-06 7.1e-06
16 1.085e-05 1.265e-05 1.085e-05 1.165e-05 9.5e-06 1.235e-05 1.305e-05 9.9e-06 1.045e-05 9.8e-06 9.15e-06 1.14e-05 1.145e-05 1.44e-05 9.75e-06 9.6e-06 1.38e-05 1.02e-05 1.42e-05 1.08e-05 1.065e-05 1.085e-05 1.29e-05 1.305e-05 1.305e-05 1.2e-05 7.7e-06 1.105e-05 1.49e-05 1.04e-05 1e-05 1.085e-05 9.95e-06 1.045e-05 1.065e-05 8.95e-06 1.145e-05 1.345e-05 1.495e-05 1.145e-05 8.6e-06 1.12e-05 1.075e-05 1.16e-05 1.145e-05 1.49e-05 1.165e-05 1.19e-05 1.07e-05 1.195e-05 1.075e-05 1.22e-05 1.15e-05 1.15e-05 1.235e-05 9.95e-06 1.29e-05 1.175e-05 9.45e-06 9.85e-06 9.5e-06 1.3e-05 1.085e-05 1.105e-05 1.095e-05 1.275e-05 1.2e-05 1.285e-05 8.8e-06 9.5e-06 9.45e-06 1.31e-05 1.245e-05 1.41e-05 1.035e-05 1.35e-05 1.1e-05 1.145e-05 1.175e-05 1.02e-05 1.1e-05 1.3e-05 1.195e-05 1.145e-05 7.7e-06 9.2e-06 1.195e-05 1.05e-05 1.04e-05 1.26e-05 1.36e-05 1.23e-05 1.25e-05 1.04e-05 1.22e-05 9.15e-06 1.01e-05 1.305e-05 1.07e-05 1.225e-05
17 1.125e-05 1.185e-05 1.045e-05 9.95e-06 8.7e-06 1.2e-05 1.15e-05 1.05e-05 1.095e-05 9.6e-06 1.085e-05 1.06e-05 1.06e-05 1.27e-05 9.95e-06 9.15e-06 1.02e-05 1.42e-05 1.225e-05 1.125e-05 1.055e-05 1e-05 1.135e-05 1.13e-05 1.18e-05 1.135e-05 1e-05 1.12e-05 1.15e-05 1.085e-05 1.07e-05 1.125e-05 9.8e-06 1.035e-05 1.04e-05 1.085e-05 1.24e-05 1.115e-05 1.155e-05 1.055e-05 8.55e-06 1.095e-05 8.35e-06 1.075e-05 1.13e-05 1.15e-05 9.9e-06 1.1e-05 1.055e-05 1.04e-05 8.35e-06 1.21e-05 1.065e-05 1.185e-05 1.025e-05 1.07e-05 1.165e-05 9.15e-06 9.5e-06 1.045e-05 8.85e-06 1.075e-05 9.85e-06 9.5e-06 1.065e-05 1.075e-05 1.045e-05 1.14e-05 1.045e-05 9.4e-06 9.95e-06 1.115e-05 1.09e-05 1.14e-05 9.9e-06 1.25e-05 1.07e-05 1.08e-05 1e-05 1.13e-05 1e-05 1.125e-05 1.06e-05 1.1e-05 1e-05 1.015e-05 1.065e-05 1.16e-05 1.005e-05 1.075e-05 9.15e-06 1.21e-05 1.2e-05 1.06e-05 1.045e-05 1.035e-05 1.04e-05 1.09e-05 1.14e-05 1.09e-05
18 1.195e-05 9.75e-06 1.105e-05 1.13e-05 1.53e-05 1.12e-05 9.5e-06 1.215e-05 1.29e-05 1.36e-05 1.145e-05 1.385e-05 1.35e-05 7.25e-06 1.08e-05 1.065e-05 1.42e-05 1.225e-05 1.3e-05 9.75e-06 1.345e-05 1.11e-05 9.35e-06 8.75e-06 1.12e-05 1.08e-05 1.43e-05 1.39e-05 7.55e-06 1.26e-05 1.525e-05 9.75e-06 1.345e-05 1.085e-05 1.165e-05 1.305e-05 1.055e-05 9.55e-06 7.65e-06 1.08e-05 1.24e-05 1.21e-05 9.75e-06 1.365e-05 1.3e-05 7.65e-06 1.05e-05 1.125e-05 1.185e-05 8.8e-06 9.75e-06 8.55e-06 1.335e-05 9.25e-06 1.02e-05 1.345e-05 1.105e-05 9.6e-06 1.335e-05 1.38e-05 1.485e-05 1.04e-05 1.38e-05 1.02e-05 1.28e-05 1.02e-05 8.85e-06 1.025e-05 1.16e-05 1.48e-05 1.115e-05 1.165e-05 9.2e-06 1.01e-05 1.42e-05 9.65e-06 1.25e-05 1.32e-05 1.21e-05 1.235e-05 1.415e-05 8.7e-06 9.55e-06 1.13e-05 1.43e-05 1.545e-05 1.265e-05 1.195e-05 1.2e-05 8.8e-06 7.75e-06 9e-06 9.15e-06 1.135e-05 1.27e-05 1.205e-05 1.065e-05 1.095e-05 1.35e-05 9.85e-06
19 1.17e-05 8.85e-06 1.1e-05 1.105e-05 1.465e-05 1.405e-05 9.75e-06 1.04e-05 1.19e-05 1.255e-05 8.65e-06 1.4e-05 1.41e-05 8.3e-06 9e-06 9.05e-06 1.08e-05 1.125e-05 9.75e-06 1.34e-05 1.245e-05 1.075e-05 9.6e-06 8.9e-06 1.09e-05 8.25e-06 1.095e-05 1.35e-05 7.8e-06 1.015e-05 1.345e-05 6.75e-06 1.445e-05 9.95e-06 1.05e-05 7.75e-06 1.03e-05 9.85e-06 7.85e-06 1.105e-05 1.19e-05 1.085e-05 8.45e-06 1.425e-05 1.28e-05 7.8e-06 9.75e-06 1.15e-05 1.2e-05 7.5e-06 8.45e-06 1.15e-05 1.365e-05 8.85e-06 1.01e-05 1.08e-05 1.075e-05 9.8e-06 1.255e-05 1.155e-05 1.38e-05 1.175e-05 1.48e-05 8.7e-06 1.19e-05 1.02e-05 7.5e-06 9.85e-06 8.1e-06 1.335e-05 8.45e-06 1.215e-05 7.75e-06 1.155e-05 1.405e-05 1.195e-05 1.305e-05 1.315e-05 1.16e-05 1.07e-05 1.475e-05 8.85e-06 8.3e-06 1.165e-05 1.095e-05 1.505e-05 1.4e-05 1.05e-05 1.135e-05 8.35e-06 7.85e-06 9.55e-06 1.14e-05 9.45e-06 1.425e-05 8.05e-06 9.45e-06 1.135e-05 1.27e-05 8.6e-06
20 1.145e-05 1.305e-05 1.075e-05 1.225e-05 9.25e-06 1.08e-05 1.215e-05 9.9e-06 1.105e-05 1.015e-05 1.105e-05 9.3e-06 9.8e-06 1.385e-05 8.45e-06 9.3e-06 1.065e-05 1.055e-05 1.345e-05 1.245e-05 1.47e-05 1.2e-05 1.2e-05 1.24e-05 1.32e-05 1.235e-05 1.075e-05 1.17e-05 1.38e-05 1.1e-05 9.55e-06 1.245e-05 1.15e-05 9.5e-06 9.4e-06 1.1e-05 1.215e-05 1.26e-05 1.385e-05 1.045e-05 1.05e-05 1.045e-05 9.3e-06 9.95e-06 1.185e-05 1.38e-05 1.16e-05 1.065e-05 1.03e-05 1.07e-05 9.3e-06 1.165e-05 1.015e-05 1.055e-05 1.175e-05 1.08e-05 1.305e-05 1.09e-05 1e-05 9.65e-06 1.03e-05 1.305e-05 1.185e-05 1.015e-05 1.14e-05 1.215e-05 1.075e-05 1.325e-05 9.5e-06 1.13e-05 7.8e-06 1.12e-05 1.17e-05 1.34e-05 1.095e-05 1.335e-05 9.55e-06 8.55e-06 1.19e-05 1.22e-05 8.65e-06 1.235e-05 1.045e-05 1.08e-05 1.075e-05 9.3e-06 1.175e-05 1.24e-05 1.175e-05 1.17e-05 1.255e-05 1.15e-05 1.15e-05 9.6e-06 1.105e-05 9.35e-06 9.05e-06 1.14e-05 1.235e-05 1.075e-05
21 1.22e-05 1.09e-05 1.135e-05 8.85e-06 1.085e-05 1.285e-05 1.13e-05 1.13e-05 1.205e-05 1.085e-05 1.18e-05 1.125e-05 1.19e-05 9.9e-06 1.135e-05 1.005e-05 1.085e-05 1e-05 1.11e-05 1.075e-05 1.2e-05 1.59e-05 1.115e-05 1.065e-05 1.07e-05 1.13e-05 1.15e-05 1.145e-05 8.85e-06 1.26e-05 1.225e-05 1.075e-05 9.9e-06 1.16e-05 1.185e-05 1.3e-05 1.375e-05 1.03e-05 8.9e-06 1.175e-05 8.45e-06 1.245e-05 1.05e-05 1.205e-05 1.2e-05 8.85e-06 1.075e-05 1.22e-05 1.17e-05 9.65e-06 1.05e-05 1.335e-05 1.21e-05 1.135e-05 9.75e-06 1.2e-05 1.055e-05 1.145e-05 1.055e-05 1.215e-05 1.06e-05 9.75e-06 1.08e-05 1.13e-05 1.225e-05 9.4e-06 9.65e-06 9.8e-06 1.235e-05 1.095e-05 1.15e-05 1.055e-05 1.015e-05 1.08e-05 1.105e-05 1.175e-05 1.215e-05 1.215e-05 9.5e-06 1.29e-05 1.145e-05 1.06e-05 1.025e-05 1.26e-05 1.15e-05 1.04e-05 1.14e-05 1.31e-05 1.02e-05 9.75e-06 9e-06 1.15e-05 1.31e-05 1.205e-05 1.18e-05 1.22e-05 1.21e-05 9.95e-06 1.145e-05 1.055e-05
22 1.02e-05 9.3e-06 9.1e-06 1.14e-05 1.425e-05 1.265e-05 7.1e-06 1.13e-05 1.105e-05 1.25e-05 1.11e-05 1.27e-05 1.25e-05 8.8e-06 9.75e-06 9.75e-06 1.29e-05 1.135e-05 9.35e-06 9.6e-06 1.2e-05 1.115e-05 1.36e-05 7.65e-06 1.005e-05 9.45e-06 1.3e-05 1.295e-05 7.55e-06 1.16e-05 1.415e-05 9.6e-06 1.355e-05 9.75e-06 1.07e-05 1.195e-05 1.19e-05 9.75e-06 7.6e-06 1.13e-05 1.17e-05 1.1e-05 8.85e-06 1.265e-05 1.22e-05 7.55e-06 1.04e-05 1.175e-05 9.85e-06 8.9e-06 8.85e-06 9.2e-06 1.255e-05 9.65e-06 9.25e-06 1.23e-05 9.9e-06 7.45e-06 1.225e-05 1.27e-05 1.375e-05 1.18e-05 1.39e-05 9.35e-06 1.24e-05 1.02e-05 8.95e-06 1.05e-05 1.01e-05 1.395e-05 1.015e-05 1.05e-05 9.15e-06 1.005e-05 1.32e-05 1.12e-05 1.035e-05 1.165e-05 1.085e-05 1.225e-05 1.325e-05 7.6e-06 8.35e-06 9.45e-06 1.3e-05 1.445e-05 1.27e-05 1.22e-05 1.125e-05 8.85e-06 7.95e-06 9.3e-06 1.02e-05 1.015e-05 1.3e-05 1.1e-05 8.75e-06 1.1e-05 1.28e-05 8.65e-06
23 1.015e-05 8.55e-06 9e-06 1.095e-05 1.455e-05 1.255e-05 7.65e-06 1.13e-05 1.12e-05 1.265e-05 1.085e-05 1.315e-05 1.27e-05 7.95e-06 9.65e-06 9.8e-06 1.305e-05 1.13e-05 8.75e-06 8.9e-06 1.24e-05 1.065e-05 7.65e-06 1.31e-05 1.105e-05 1.035e-05 1.315e-05 1.33e-05 7.75e-06 1.165e-05 1.43e-05 8.9e-06 1.405e-05 9.7e-06 1.07e-05 1.19e-05 1.17e-05 9.2e-06 7.8e-06 1.125e-05 1.17e-05 1.105e-05 8.55e-06 1.285e-05 1.235e-05 7.75e-06 9.85e-06 1.17e-05 1e-05 8.2e-06 8.55e-06 8.9e-06 1.25e-05 9.35e-06 1e-05 1.255e-05 1.09e-05 7.15e-06 1.24e-05 1.28e-05 1.42e-05 1.135e-05 1.44e-05 9e-06 1.32e-05 9.8e-06 8.1e-06 9.9e-06 9.9e-06 1.42e-05 1e-05 1.135e-05 8.45e-06 1.12e-05 1.345e-05 1.13e-05 1.02e-05 1.21e-05 1.185e-05 1.255e-05 1.325e-05 6.75e-06 9.1e-06 9.4e-06 1.315e-05 1.46e-05 1.33e-05 1.22e-05 1.145e-05 8.15e-06 7.1e-06 9.05e-06 1.005e-05 1.01e-05 1.32e-05 1.09e-05 8.55e-06 1.045e-05 1.295e-05 9.4e-06
24 1.015e-05 1.115e-05 1.115e-05 1.105e-05 1.43e-05 1.44e-05 1.03e-05 9.25e-06 1.205e-05 1.255e-05 1.13e-05 1.21e-05 1.145e-05 1.02e-05 1.13e-05 9.85e-06 1.305e-05 1.18e-05 1.12e-05 1.09e-05 1.32e-05 1.07e-05 1.005e-05 1.105e-05 1.42e-05 9.95e-06 1.325e-05 9.15e-06 8.05e-06 1.045e-05 1.44e-05 1.09e-05 1.255e-05 1.135e-05 9.95e-06 1.265e-05 1.355e-05 8.6e-06 8.1e-06 1.215e-05 1.05e-05 1.03e-05 1.045e-05 1.16e-05 7.9e-06 8.05e-06 9.05e-06 1.26e-05 1.18e-05 1e-05 1.045e-05 1.345e-05 1.18e-05 1.145e-05 8.4e-06 1.185e-05 7.15e-06 1.14e-05 1.235e-05 1.35e-05 1.255e-05 1.195e-05 1.3e-05 1.105e-05 1.225e-05 9.75e-06 1.005e-05 8.05e-06 1.25e-05 1.075e-05 1.165e-05 1.11e-05 1.03e-05 1e-05 1.1e-05 1.205e-05 1.385e-05 1.3e-05 1.025e-05 1.3e-05 1.45e-05 1.1e-05 9.25e-06 1.07e-05 1.325e-05 1.415e-05 1.17e-05 1.325e-05 7.8e-06 1e-05 9.15e-06 1.125e-05 1.28e-05 1.175e-05 1.36e-05 1.21e-05 1.225e-05 1.18e-05 7.3e-06 9.55e-06
25 1.29e-05 1.025e-05 1.2e-05 1.155e-05 1.49e-05 1.51e-05 9.7e-06 1.07e-05 1.29e-05 1.215e-05 8.9e-06 1.38e-05 1.445e-05 9.6e-06 8.6e-06 8.8e-06 1.2e-05 1.135e-05 1.08e-05 8.25e-06 1.235e-05 1.13e-05 9.45e-06 1.035e-05 9.95e-06 1.26e-05 1.21e-05 1.37e-05 7.15e-06 9.75e-06 1.385e-05 8.25e-06 1.45e-05 8.95e-06 1.08e-05 6.45e-06 1.05e-05 1.045e-05 7.2e-06 1.14e-05 1.195e-05 1.045e-05 8.55e-06 1.46e-05 1.32e-05 7.15e-06 1.03e-05 1.185e-05 1.3e-05 8e-06 8.55e-06 1.335e-05 1.405e-05 9.85e-06 9.05e-06 1.015e-05 9.8e-06 1.08e-05 1.215e-05 1.11e-05 1.39e-05 1.225e-05 1.485e-05 8.6e-06 1.125e-05 1.065e-05 8.05e-06 1.05e-05 9.15e-06 1.365e-05 8.65e-06 1.135e-05 7.6e-06 1.045e-05 1.435e-05 1.28e-05 1.43e-05 1.235e-05 1.065e-05 1.17e-05 1.51e-05 1.03e-05 7.35e-06 1.285e-05 1.21e-05 1.52e-05 1.395e-05 1.185e-05 1.12e-05 8.3e-06 8.25e-06 9.85e-06 1.16e-05 8.35e-06 1.44e-05 7.55e-06 1.055e-05 1.195e-05 1.31e-05 7.65e-06
26 1.105e-05 1.285e-05 1.105e-05 1.11e-05 9.3e-06 1.245e-05 1.315e-05 1.01e-05 1.065e-05 9.75e-06 9.35e-06 1.16e-05 1.155e-05 1.45e-05 9.9e-06 9.85e-06 7.7e-06 1e-05 1.43e-05 1.095e-05 1.075e-05 1.15e-05 1.3e-05 1.315e-05 1.325e-05 1.21e-05 1.4e-05 1.125e-05 1.5e-05 1.05e-05 1.01e-05 1.095e-05 1.045e-05 1.065e-05 1.075e-05 9.05e-06 1.155e-05 1.355e-05 1.505e-05 1.145e-05 9.35e-06 1.13e-05 1.085e-05 1.17e-05 1.165e-05 1.5e-05 1.175e-05 1.19e-05 1.08e-05 1.205e-05 1.085e-05 1.23e-05 1.15e-05 1.16e-05 1.255e-05 1.005e-05 1.31e-05 1.185e-05 8.85e-06 9.95e-06 9.3e-06 1.27e-05 1.005e-05 1.115e-05 1.09e-05 1.285e-05 1.21e-05 1.305e-05 8.9e-06 9.4e-06 9.55e-06 1.32e-05 1.255e-05 1.405e-05 9.8e-06 1.345e-05 1.11e-05 1.155e-05 1.165e-05 1.015e-05 1.095e-05 1.31e-05 1.205e-05 1.155e-05 7.05e-06 9.85e-06 1.19e-05 1.055e-05 1.075e-05 1.275e-05 1.37e-05 1.24e-05 1.26e-05 1.055e-05 1.2e-05 9.25e-06 1.02e-05 1.315e-05 1.1e-05 1.235e-05
27 8.35e-06 1.35e-05 9.75e-06 1.18e-05 1.08e-05 1.22e-05 1.31e-05 8.2e-06 8.9e-06 1.12e-05 1.1e-05 9.3e-06 8.2e-06 1.435e-05 1.175e-05 1.015e-05 1.105e-05 1.12e-05 1.39e-05 1.35e-05 1.17e-05 1.145e-05 1.295e-05 1.33e-05 9.15e-06 1.37e-05 1.125e-05 8.7e-06 1.395e-05 9.7e-06 1.075e-05 1.35e-05 9.9e-06 1.16e-05 9.1e-06 1.35e-05 1.385e-05 1.01e-05 1.4e-05 1.18e-05 8.6e-06 9.25e-06 1.16e-05 8.35e-06 5.35e-06 1.395e-05 9.05e-06 1.225e-05 8.3e-06 1.3e-05 1.16e-05 1.29e-05 9.9e-06 1.325e-05 1e-05 8.9e-06 9.2e-06 1.18e-05 1.055e-05 1.185e-05 7.75e-06 1.31e-05 1.035e-05 1.175e-05 1.12e-05 9.35e-06 1.305e-05 9.35e-06 1.275e-05 7.95e-06 1.23e-05 1.225e-05 1.31e-05 1.25e-05 7.9e-06 1.28e-05 1.135e-05 1.115e-05 1.2e-05 1.22e-05 1.155e-05 1.325e-05 1.28e-05 9.1e-06 1.125e-05 1.04e-05 7.9e-06 1.25e-05 6.4e-06 1.28e-05 1.265e-05 1.27e-05 1.265e-05 1.2e-05 1.2e-05 1.285e-05 1.215e-05 1.24e-05 4.55e-06 1.31e-05
28 1.35e-05 8.15e-06 1.205e-05 9e-06 1.61e-05 1.505e-05 7.65e-06 1.22e-05 1.375e-05 1.385e-05 1.195e-05 1.38e-05 1.475e-05 4.95e-06 1.11e-05 9.85e-06 1.49e-05 1.15e-05 7.55e-06 7.8e-06 1.38e-05 8.85e-06 7.55e-06 7.75e-06 8.05e-06 7.15e-06 1.5e-05 1.395e-05 3.4e-06 1.27e-05 1.595e-05 7.8e-06 1.43e-05 1.155e-05 1.21e-05 1.225e-05 1.32e-05 7.55e-06 1.9e-06 1.18e-05 1.215e-05 1.245e-05 8.9e-06 1.49e-05 1.36e-05 1.95e-06 9.85e-06 1.225e-05 1.325e-05 6.3e-06 8.9e-06 1.335e-05 1.47e-05 9.4e-06 7.05e-06 1.3e-05 7.9e-06 1.025e-05 1.39e-05 1.415e-05 1.485e-05 9.2e-06 1.465e-05 9.7e-06 1.28e-05 7.7e-06 6.35e-06 7.9e-06 1.225e-05 1.495e-05 1.105e-05 9.15e-06 6.6e-06 7.5e-06 1.49e-05 1.05e-05 1.47e-05 1.38e-05 8.7e-06 1.35e-05 1.56e-05 7.7e-06 6.25e-06 1.325e-05 1.5e-05 1.65e-05 1.325e-05 1.35e-05 1.135e-05 6.7e-06 4.5e-06 9.4e-06 1.255e-05 1.155e-05 1.405e-05 1.16e-05 1.205e-05 9.25e-06 1.37e-05 6.45e-06
29 9.05e-06 1.22e-05 1.045e-05 1.285e-05 1.23e-05 1.265e-05 1.175e-05 7.95e-06 1.125e-05 1.065e-05 8.25e-06 1.2e-05 9.35e-06 1.3e-05 7.9e-06 9e-06 1.04e-05 1.085e-05 1.26e-05 1.015e-05 1.1e-05 1.26e-05 1.16e-05 1.165e-05 1.045e-05 9.75e-06 1.05e-05 9.7e-06 1.27e-05 1.26e-05 1.125e-05 1.015e-05 1.29e-05 7.55e-06 7.4e-06 6.55e-06 9.75e-06 9.45e-06 1.275e-05 1.085e-05 1.095e-05 6.65e-06 8.95e-06 9.5e-06 7.05e-06 1.27e-05 7.85e-06 1.13e-05 1.065e-05 1.04e-05 8.95e-06 1.15e-05 9.9e-06 1.085e-05 1.11e-05 8.95e-06 1.03e-05 1.01e-05 1.035e-05 9.35e-06 1.175e-05 1.37e-05 1.325e-05 8.3e-06 1.075e-05 1.18e-05 1.045e-05 1.015e-05 8.85e-06 1e-05 8.65e-06 1.28e-05 9.6e-06 1.31e-05 9.85e-06 1.33e-05 1.15e-05 1.01e-05 1.3e-05 1.07e-05 1.245e-05 1.16e-05 1.05e-05 8.35e-06 1.05e-05 1.235e-05 1.22e-05 1.08e-05 8.65e-06 1e-05 1.105e-05 9.95e-06 9.95e-06 7.25e-06 1.295e-05 7.5e-06 9.45e-06 1.265e-05 7.6e-06 1.08e-05
30 1.24e-05 1.485e-05 1.085e-05 1.25e-05 6.35e-06 9.95e-06 1.43e-05 1.2e-05 1.09e-05 1.085e-05 1.22e-05 8.3e-06 7.85e-06 1.575e-05 1.18e-05 1.22e-05 1e-05 1.07e-05 1.525e-05 1.345e-05 9.55e-06 1.225e-05 1.415e-05 1.43e-05 1.44e-05 1.385e-05 1.01e-05 1.075e-05 1.595e-05 1.125e-05 8.9e-06 1.345e-05 1.015e-05 1.2e-05 1.15e-05 1.16e-05 1.335e-05 1.355e-05 1.6e-05 1.2e-05 1.085e-05 1.16e-05 1.25e-05 8e-06 1.185e-05 1.595e-05 1.195e-05 1.245e-05 1.03e-05 1.375e-05 1.25e-05 1.345e-05 1.07e-05 1.36e-05 1.21e-05 1.015e-05 1.425e-05 1.295e-05 1.055e-05 7.95e-06 8.4e-06 1.335e-05 1.05e-05 1.25e-05 1.02e-05 1.215e-05 1.38e-05 1.42e-05 1.16e-05 1.035e-05 1.2e-05 1.03e-05 1.38e-05 1.395e-05 1.025e-05 1.365e-05 8.4e-06 9.6e-06 1.255e-05 1.16e-05 7.2e-06 1.425e-05 1.375e-05 1.175e-05 1.01e-05 8.5e-06 1.015e-05 1.19e-05 1.255e-05 1.39e-05 1.46e-05 1.365e-05 1.365e-05 1.2e-05 1.09e-05 1.17e-05 1.21e-05 1.04e-05 1.235e-05 1.405e-05
31 1.17e-05 8.85e-06 1.1e-05 1.105e-05 1.465e-05 1.405e-05 9.75e-06 1.04e-05 1.19e-05 1.255e-05 8.65e-06 1.4e-05 1.41e-05 8.3e-06 9e-06 9.05e-06 1.085e-05 1.125e-05 9.75e-06 6.75e-06 1.245e-05 1.075e-05 9.6e-06 8.9e-06 1.09e-05 8.25e-06 1.095e-05 1.35e-05 7.8e-06 1.015e-05 1.345e-05 1.34e-05 1.445e-05 9.95e-06 1.05e-05 7.75e-06 1.03e-05 9.85e-06 7.85e-06 1.105e-05 1.19e-05 1.085e-05 8.45e-06 1.425e-05 1.28e-05 7.8e-06 9.75e-06 1.15e-05 1.2e-05 7.5e-06 8.45e-06 1.15e-05 1.365e-05 8.85e-06 1.01e-05 1.08e-05 1.075e-05 9.8e-06 1.255e-05 1.155e-05 1.38e-05 1.175e-05 1.48e-05 8.7e-06 1.19e-05 1.02e-05 7.5e-06 9.85e-06 8.1e-06 1.335e-05 8.45e-06 1.215e-05 7.75e-06 1.155e-05 1.405e-05 1.195e-05 1.305e-05 1.315e-05 1.16e-05 1.07e-05 1.475e-05 8.85e-06 8.3e-06 1.165e-05 1.095e-05 1.505e-05 1.4e-05 1.055e-05 1.135e-05 8.35e-06 7.85e-06 9.55e-06 1.14e-05 9.45e-06 1.425e-05 8.05e-06 9.45e-06 1.135e-05 1.27e-05 8.6e-06
32 1.195e-05 1.47e-05 1.18e-05 1.055e-05 8.2e-06 1.08e-05 1.37e-05 1.17e-05 1.15e-05 1.015e-05 1.325e-05 1.025e-05 9.95e-06 1.515e-05 1.275e-05 1.155e-05 9.95e-06 9.8e-06 1.345e-05 1.445e-05 1.15e-05 9.9e-06 1.355e-05 1.405e-05 1.255e-05 1.45e-05 1.045e-05 9.9e-06 1.43e-05 1.29e-05 1.015e-05 1.445e-05 1.05e-05 1.28e-05 1.2e-05 1.49e-05 1.395e-05 1.285e-05 1.435e-05 9.85e-06 8.3e-06 1.25e-05 1.245e-05 1.01e-05 1.095e-05 1.43e-05 1.205e-05 1.03e-05 1.07e-05 1.365e-05 1.245e-05 1.27e-05 1.13e-05 1.42e-05 1.17e-05 1.18e-05 1.24e-05 1.275e-05 9.65e-06 1.18e-05 8.1e-06 1.02e-05 6e-06 1.3e-05 8.95e-06 1.15e-05 1.37e-05 1.27e-05 1.37e-05 9.2e-06 1.31e-05 1.16e-05 1.41e-05 9.75e-06 8.9e-06 1.05e-05 1.11e-05 1.14e-05 1.045e-05 1.005e-05 9.95e-06 1.4e-05 1.33e-05 1.21e-05 1.045e-05 8.1e-06 6.95e-06 1.085e-05 1.05e-05 1.365e-05 1.335e-05 1.41e-05 1.28e-05 1.335e-05 8.3e-06 1.395e-05 1.305e-05 1.19e-05 1.065e-05 1.36e-05
33 9.15e-06 1.1e-05 8.7e-06 1.195e-05 1.21e-05 1.075e-05 9.9e-06 8.6e-06 1.1e-05 6.75e-06 7.2e-06 1.085e-05 1.015e-05 1.15e-05 3.4e-06 7.2e-06 1.045e-05 1.035e-05 1.085e-05 9.95e-06 9.5e-06 1.16e-05 9.75e-06 9.7e-06 1.135e-05 8.95e-06 1.065e-05 1.16e-05 1.155e-05 7.55e-06 1.2e-05 9.95e-06 1.28e-05 1e-07 8.1e-06 6e-06 8.3e-06 1.03e-05 1.16e-05 1.025e-05 9.45e-06 7.1e-06 7.2e-06 1.03e-05 9.95e-06 1.155e-05 9.05e-06 1.07e-05 9.8e-06 9e-06 7.2e-06 9.05e-06 8.25e-06 9.2e-06 1.02e-05 9.15e-06 1.12e-05 7.8e-06 6.3e-06 8.45e-06 1.27e-05 1.3e-05 1.325e-05 6.45e-06 1.18e-05 1.165e-05 9.05e-06 1.095e-05 8.85e-06 1.19e-05 7.1e-06 1.16e-05 7.95e-06 1.285e-05 1.105e-05 1.27e-05 9.5e-06 7.45e-06 1.235e-05 1.14e-05 1.01e-05 9.65e-06 9.2e-06 8.5e-06 1.065e-05 1.065e-05 1.295e-05 1.14e-05 9.05e-06 5.75e-06 9.45e-06 7.15e-06 6.9e-06 2.45e-06 1.155e-05 6.5e-06 7.35e-06 1.135e-05 1.045e-05 9.5e-06
34 8.2e-06 1.135e-05 9.5e-06 1.21e-05 1.175e-05 1.165e-05 1.085e-05 6.45e-06 1.035e-05 1.035e-05 9e-06 1.13e-05 8.7e-06 1.2e-05 6.95e-06 7.5e-06 1.065e-05 1.04e-05 1.165e-05 1.05e-05 9.4e-06 1.185e-05 1.07e-05 1.07e-05 9.95e-06 1.08e-05 1.075e-05 9.1e-06 1.21e-05 7.4e-06 1.15e-05 1.05e-05 1.2e-05 8.1e-06 1.15e-05 9.2e-06 1.045e-05 8.85e-06 1.215e-05 9.2e-06 1.03e-05 7.05e-06 7.4e-06 8.85e-06 6.55e-06 1.21e-05 7.85e-06 9.65e-06 9.65e-06 8.85e-06 7.4e-06 1.025e-05 9.4e-06 8.95e-06 1.05e-05 9.9e-06 9.8e-06 9.2e-06 1.02e-05 1.035e-05 1.12e-05 1.29e-05 1.235e-05 8.35e-06 1.095e-05 1.11e-05 8.85e-06 9.6e-06 7.95e-06 9.6e-06 6.15e-06 1.215e-05 9.95e-06 1.235e-05 9.15e-06 1.215e-05 1.05e-05 1.01e-05 1.215e-05 1.09e-05 1.185e-05 1.065e-05 9e-06 7.45e-06 1.075e-05 1.21e-05 1.135e-05 1.105e-05 8.15e-06 9.95e-06 1.045e-05 9.65e-06 9.7e-06 8.2e-06 1.225e-05 7.65e-06 7.6e-06 1.195e-05 7.15e-06 9.3e-06
35 1.195e-05 1.12e-05 1.15e-05 1.325e-05 1.37e-05 1.475e-05 1.21e-05 8.9e-06 1.19e-05 1.03e-05 5.2e-06 1.395e-05 1.405e-05 1.3e-05 5.7e-06 7.5e-06 8.95e-06 1.085e-05 1.305e-05 7.75e-06 1.1e-05 1.3e-05 1.195e-05 1.19e-05 1.265e-05 6.45e-06 9.05e-06 1.35e-05 1.225e-05 6.55e-06 1.16e-05 7.75e-06 1.49e-05 6e-06 9.2e-06 3e-07 7.3e-06 1.24e-05 1.23e-05 1.065e-05 1.145e-05 8.2e-06 7.6e-06 1.42e-05 1.265e-05 1.225e-05 9.95e-06 1.11e-05 1.26e-05 8.7e-06 7.6e-06 1.275e-05 1.305e-05 9.7e-06 1.15e-05 7.25e-06 1.25e-05 1.07e-05 1.025e-05 7.85e-06 1.31e-05 1.44e-05 1.525e-05 6.85e-06 1.02e-05 1.295e-05 8.75e-06 1.225e-05 5.55e-06 1.23e-05 5.8e-06 1.41e-05 7.65e-06 1.425e-05 1.375e-05 1.49e-05 1.35e-05 1.105e-05 1.325e-05 9.9e-06 1.43e-05 1.185e-05 8.9e-06 1.21e-05 9.05e-06 1.375e-05 1.495e-05 9.9e-06 1.095e-05 8.95e-06 1.085e-05 9.75e-06 1.02e-05 4.8e-06 1.465e-05 3.1e-06 8.55e-06 1.385e-05 1.235e-05 9.2e-06
36 1.17e-05 1.215e-05 1.135e-05 1.4e-05 1.435e-05 1.14e-05 1.205e-05 1.075e-05 1.245e-05 1.205e-05 8.4e-06 1.405e-05 1.34e-05 1.16e-05 8.35e-06 9.75e-06 1.145e-05 1.24e-05 1.055e-05 1.03e-05 1.215e-05 1.375e-05 1.19e-05 1.17e-05 1.355e-05 1.05e-05 1.155e-05 1.385e-05 1.32e-05 9.75e-06 1.335e-05 1.03e-05 1.395e-05 8.3e-06 1.045e-05 7.3e-06 1.43e-05 1.255e-05 1.325e-05 1.075e-05 1.25e-05 1.02e-05 9.6e-06 1.355e-05 1.275e-05 1.32e-05 1.115e-05 1.12e-05 1.2e-05 1.06e-05 9.6e-06 9.25e-06 1.295e-05 9.4e-06 1.25e-05 1.075e-05 1.34e-05 1.06e-05 1.175e-05 1.09e-05 1.415e-05 1.365e-05 1.43e-05 9.1e-06 1.155e-05 1.335e-05 1.065e-05 1.3e-05 8.8e-06 1.37e-05 8.8e-06 1.42e-05 1.03e-05 1.35e-05 1.385e-05 1.18e-05 1.245e-05 1.19e-05 1.44e-05 1.075e-05 1.395e-05 1.165e-05 1.095e-05 1.125e-05 1.155e-05 1.43e-05 1.365e-05 1.065e-05 1.205e-05 1.05e-05 1.175e-05 9.15e-06 8.2e-06 8.2e-06 1.34e-05 8.05e-06 9.45e-06 1.385e-05 1.305e-05 1.125e-05
37 9.8e-06 1.02e-05 1.065e-05 1.045e-05 1.365e-05 1.275e-05 9.9e-06 9.6e-06 1.225e-05 1.25e-05 1.14e-05 1.215e-05 9.8e-06 8.5e-06 1.055e-05 1.02e-05 1.345e-05 1.115e-05 9.55e-06 9.85e-06 1.26e-05 1.03e-05 9.75e-06 9.2e-06 8.6e-06 1.045e-05 1.355e-05 1.01e-05 7.55e-06 9.45e-06 1.355e-05 9.85e-06 1.285e-05 1.03e-05 8.85e-06 1.24e-05 1.255e-05 1.33e-05 7.6e-06 1.14e-05 1.13e-05 8.8e-06 9.45e-06 9.95e-06 7.6e-06 7.65e-06 7.5e-06 1.185e-05 1.105e-05 8.85e-06 9.45e-06 1.165e-05 1.07e-05 1.055e-05 9.3e-06 1.19e-05 8.45e-06 9.7e-06 1.225e-05 1.26e-05 1.285e-05 1.085e-05 1.32e-05 9.55e-06 1.24e-05 9e-06 8.9e-06 7.7e-06 1.205e-05 1.145e-05 1.12e-05 1.075e-05 8.75e-06 1.03e-05 1.055e-05 1.115e-05 1.205e-05 1.17e-05 1.125e-05 1.265e-05 1.31e-05 9.15e-06 9.55e-06 8.9e-06 1.355e-05 1.38e-05 1.165e-05 1.26e-05 8.95e-06 8.55e-06 7.45e-06 9.65e-06 1.105e-05 1.06e-05 1.275e-05 1.175e-05 1.11e-05 1.01e-05 8.35e-06 9.85e-06
38 1.355e-05 8.2e-06 1.21e-05 9.05e-06 1.615e-05 1.51e-05 7.75e-06 1.225e-05 1.38e-05 1.39e-05 1.2e-05 1.385e-05 1.48e-05 5e-06 1.115e-05 9.9e-06 1.495e-05 1.155e-05 7.65e-06 7.85e-06 1.385e-05 8.9e-06 7.6e-06 7.8e-06 8.1e-06 7.2e-06 1.505e-05 1.4e-05 1.9e-06 1.275e-05 1.6e-05 7.85e-06 1.435e-05 1.16e-05 1.215e-05 1.23e-05 1.325e-05 7.6e-06 3.5e-06 1.185e-05 1.22e-05 1.25e-05 8.95e-06 1.495e-05 1.365e-05 1.9e-06 9.9e-06 1.23e-05 1.33e-05 6.35e-06 8.95e-06 1.34e-05 1.475e-05 9.45e-06 7.15e-06 1.305e-05 7.95e-06 1.03e-05 1.395e-05 1.42e-05 1.49e-05 9.3e-06 1.47e-05 9.75e-06 1.285e-05 7.75e-06 6.4e-06 7.95e-06 1.23e-05 1.5e-05 1.11e-05 9.1e-06 6.65e-06 7.45e-06 1.495e-05 1.055e-05 1.475e-05 1.385e-05 8.8e-06 1.355e-05 1.565e-05 7.75e-06 6.3e-06 1.33e-05 1.505e-05 1.655e-05 1.33e-05 1.355e-05 1.14e-05 6.75e-06 4.55e-06 9.45e-06 1.26e-05 1.16e-05 1.41e-05 1.165e-05 1.21e-05 9.3e-06 1.375e-05 6.6e-06
39 1.125e-05 1.17e-05 1.09e-05 1.19e-05 1.215e-05 1.16e-05 1.145e-05 9.4e-06 1.12e-05 1.13e-05 1.04e-05 1.245e-05 1.19e-05 1.235e-05 8.6e-06 8.85e-06 1.145e-05 1.055e-05 1.08e-05 1.105e-05 1.045e-05 1.175e-05 1.13e-05 1.125e-05 1.215e-05 1.14e-05 1.145e-05 1.18e-05 1.18e-05 1.085e-05 1.2e-05 1.105e-05 9.85e-06 1.025e-05 9.2e-06 1.065e-05 1.075e-05 1.14e-05 1.185e-05 1.38e-05 1.1e-05 1.065e-05 8.25e-06 1.205e-05 1.16e-05 1.18e-05 1.065e-05 7.35e-06 1.075e-05 9.25e-06 8.25e-06 1.03e-05 1.23e-05 1.005e-05 1.11e-05 1.1e-05 1.2e-05 1.015e-05 1.125e-05 1.155e-05 1.15e-05 1.13e-05 1.01e-05 9.5e-06 9.2e-06 1.13e-05 9.3e-06 1.175e-05 8.9e-06 1.185e-05 7.35e-06 1.25e-05 1.065e-05 1e-05 1.185e-05 1.045e-05 1.17e-05 1.18e-05 1.19e-05 9.4e-06 1.265e-05 1.12e-05 9.45e-06 1.09e-05 1.145e-05 1.275e-05 9.5e-06 8.9e-06 1.125e-05 1.085e-05 1.05e-05 1.14e-05 1.03e-05 1.015e-05 1.035e-05 8.95e-06 8.9e-06 1.225e-05 1.18e-05 9.75e-06
40 9.7e-06 1.15e-05 8.85e-06 9.35e-06 9.2e-06 1.165e-05 1.185e-05 9e-06 9.7e-06 8.65e-06 9.55e-06 8.8e-06 1.025e-05 1.29e-05 9.6e-06 7.55e-06 8.6e-06 8.55e-06 1.24e-05 1.19e-05 1.05e-05 8.45e-06 1.17e-05 1.17e-05 1.05e-05 1.195e-05 9.35e-06 8.6e-06 1.215e-05 1.095e-05 1.085e-05 1.19e-05 8.3e-06 9.45e-06 1.03e-05 1.145e-05 1.25e-05 1.13e-05 1.22e-05 1.1e-05 1e-05 1.09e-05 9.25e-06 1.04e-05 9.5e-06 1.215e-05 1.005e-05 1.145e-05 9.6e-06 1.085e-05 9.25e-06 1.195e-05 9.8e-06 1.18e-05 8.95e-06 1e-05 1.035e-05 1e-05 8.1e-06 1.06e-05 8.5e-06 1.09e-05 9.3e-06 1.04e-05 1.135e-05 1.01e-05 1.09e-05 1.015e-05 1.085e-05 8.45e-06 1.015e-05 1.13e-05 1.14e-05 1.21e-05 8.8e-06 1.275e-05 1.06e-05 1.045e-05 9.8e-06 1.2e-05 9.45e-06 1.165e-05 1.1e-05 1.085e-05 9.35e-06 8.1e-06 1.005e-05 1.225e-05 6.75e-06 1.065e-05 1.03e-05 1.175e-05 1.16e-05 1.03e-05 1.045e-05 1.075e-05 1.055e-05 1.11e-05 8.15e-06 1.13e-05
41 8.55e-06 1.235e-05 9.95e-06 1.27e-05 1.235e-05 1.175e-05 1.115e-05 8.1e-06 1.12e-05 1.06e-05 9.05e-06 1.125e-05 8.3e-06 1.275e-05 7.85e-06 9.15e-06 1.12e-05 1.095e-05 1.21e-05 1.085e-05 1.045e-05 1.245e-05 1.1e-05 1.105e-05 1.03e-05 1.045e-05 1.13e-05 9.25e-06 1.245e-05 6.65e-06 1.16e-05 1.085e-05 1.25e-05 7.1e-06 7.05e-06 8.2e-06 1.02e-05 8.8e-06 1.25e-05 1.065e-05 1.09e-05 1.05e-05 8.65e-06 8.45e-06 6.5e-06 1.245e-05 7.95e-06 1.11e-05 9.75e-06 1.045e-05 8.65e-06 1.065e-05 9.35e-06 1.09e-05 1.09e-05 9.35e-06 1.015e-05 9.15e-06 1.01e-05 9.7e-06 1.19e-05 1.325e-05 1.285e-05 7.1e-06 1.12e-05 1.125e-05 1.05e-05 1e-05 9.85e-06 1.055e-05 9e-06 1.215e-05 8.75e-06 1.26e-05 9.3e-06 1.28e-05 1.05e-05 8.75e-06 1.305e-05 1.115e-05 1.16e-05 1.1e-05 1.055e-05 7.35e-06 1.13e-05 1.16e-05 1.14e-05 1.125e-05 8.6e-06 9.65e-06 1.045e-05 9.2e-06 8.95e-06 6.3e-06 1.225e-05 8.55e-06 9.15e-06 1.2e-05 7.55e-06 1.085e-05
