 slim_337518877 slim_337518529 slim_337518880 slim_337518579 slim_337518664 slim_337518879 slim_337518854 slim_337518898 slim_337518902 slim_337518843 slim_337518567 slim_337518881 slim_337518847 slim_337518636 slim_337518809 slim_337518896 slim_337518699 slim_337518744 slim_337518860 slim_337518888 slim_337518873 slim_337518839 slim_337518770 slim_337518845 slim_337518593 slim_337518861 slim_337518850 slim_337518857 slim_337518751 slim_337518611 slim_337518835 slim_337518894 slim_337518832 slim_337518310 slim_337518665 slim_337518727 slim_337518885 slim_337518591 slim_337518864 slim_337518892 slim_337518833 slim_337518837 slim_337518719 slim_337518803 slim_337518816 slim_337518645 slim_337518874 slim_337518872 slim_337518844 slim_337518891 slim_337518853 slim_337518747 slim_337518697 slim_337518862 slim_337518895 slim_337518791 slim_337518899 slim_337518684 slim_337518827 slim_337518746 slim_337518761 slim_337518490 slim_337518806 slim_337518774 slim_337518886 slim_337518883 slim_337518841 slim_337518788 slim_337518713 slim_337518876 slim_337518838 slim_337518865 slim_337518831 slim_337518842 slim_337518889 slim_337518824 slim_337518710 slim_337518828 slim_337518789 slim_337518568 slim_337518866 slim_337518818 slim_337518768 slim_337518900 slim_337518890 slim_337518878 slim_337518714 slim_337518754 slim_337518867 slim_337518859 slim_337518901 slim_337518893 slim_337518887 slim_337518804 slim_337518863 slim_337518720 slim_337518798 slim_337518836
0 1.83e-05 1.215e-05 1.075e-05 1.295e-05 1.49e-05 1.035e-05 1.06e-05 1.695e-05 1.18e-05 1.1e-05 1.17e-05 1.43e-05 1.51e-05 1.305e-05 1.075e-05 0.00017565 1.085e-05 1.305e-05 1.085e-05 3.145e-05 1.405e-05 1.205e-05 1.3e-05 1.085e-05 3.155e-05 1e-05 1.015e-05 1.515e-05 1.14e-05 9.8e-06 1.135e-05 1.155e-05 1.19e-05 3.19e-05 1.225e-05 1.02e-05 1.445e-05 1.16e-05 9.9e-06 1.265e-05 9.8e-06 1.005e-05 1.31e-05 9.3e-06 1.63e-05 9.8e-06 0.000174 0.0001738 1.32e-05 1.435e-05 1.295e-05 1.03e-05 1.25e-05 9.6e-06 1.02e-05 1.02e-05 9.8e-06 1.12e-05 1.14e-05 1.115e-05 1.07e-05 1.535e-05 1.475e-05 1.075e-05 9.8e-06 1.37e-05 1.03e-05 1.065e-05 1.265e-05 1.105e-05 0.00017545 1.015e-05 1.315e-05 1.17e-05 9.5e-06 9.65e-06 0.00017845 1.085e-05 9.6e-06 9.95e-06 1.22e-05 9.45e-06 1.085e-05 0.00017415 0.0001748 1.51e-05 1.06e-05 1.315e-05 1.07e-05 1.375e-05 1.295e-05 1.26e-05 1.03e-05 0.00017715 9.55e-06 9.65e-06 1.245e-05 1.015e-05
1 1.215e-05 1.99e-05 1.22e-05 1.175e-05 1.61e-05 1.095e-05 1.14e-05 1.345e-05 1.08e-05 1.135e-05 1.105e-05 1.2e-05 1.31e-05 1.23e-05 1.14e-05 0.00017605 1.265e-05 1.26e-05 1.21e-05 3.235e-05 1.545e-05 1.245e-05 1.21e-05 1.17e-05 3.19e-05 1.13e-05 1.115e-05 1.22e-05 1.125e-05 1.225e-05 1.08e-05 1.145e-05 1.09e-05 3.27e-05 1.075e-05 1.12e-05 1.205e-05 1.29e-05 1.05e-05 1.14e-05 1.11e-05 1.105e-05 1.205e-05 1.155e-05 1.475e-05 1.11e-05 0.0001755 0.00017575 1.245e-05 1.325e-05 1.225e-05 1.155e-05 1.215e-05 1.075e-05 1.15e-05 1.18e-05 1.19e-05 1.135e-05 1.18e-05 1.12e-05 1.195e-05 1.27e-05 1.405e-05 1.23e-05 1.175e-05 1.085e-05 1.16e-05 1.28e-05 1.23e-05 1.11e-05 0.00017525 1.14e-05 1.305e-05 1.23e-05 1.05e-05 1.065e-05 0.0001793 1.2e-05 1.175e-05 1.2e-05 1.185e-05 1.175e-05 1.1e-05 0.00017485 0.0001757 1.13e-05 1.185e-05 1.23e-05 1.22e-05 1.305e-05 1.22e-05 1.31e-05 1.11e-05 0.0001766 1.18e-05 1.065e-05 1.18e-05 1.145e-05
2 1.075e-05 1.22e-05 3.4e-06 1.28e-05 8.6e-06 3.15e-06 3.95e-06 2.385e-05 1.28e-05 1.06e-05 1.275e-05 1.435e-05 1.47e-05 1.3e-05 3.9e-06 0.0001688 4.85e-06 1.275e-05 4.6e-06 3.235e-05 7.9e-06 5.9e-06 1.26e-05 1.84e-05 2.435e-05 2.75e-06 3.05e-06 2.215e-05 1.125e-05 4.3e-06 4.75e-06 1.13e-05 1.29e-05 2.49e-05 1.23e-05 9.95e-06 2.105e-05 1.75e-06 2.65e-06 1.345e-05 3.45e-06 3.05e-06 1.28e-05 9.85e-06 2.33e-05 3.5e-06 0.0001683 0.00017495 1.315e-05 7.05e-06 1.26e-05 3.85e-06 5.3e-06 2.05e-06 9.75e-06 3.8e-06 1.1e-05 1.045e-05 5e-06 4.25e-06 4.45e-06 1.5e-05 1.44e-05 4.25e-06 1.06e-05 2.055e-05 3.05e-06 4.9e-06 5.45e-06 1.045e-05 0.00017575 9.75e-06 6.7e-06 1.205e-05 2.3e-06 9.2e-06 0.00017195 1.835e-05 4.15e-06 3.1e-06 5e-06 4.1e-06 1.06e-05 0.0001676 0.00016835 2.2e-05 4.2e-06 1.24e-05 4.3e-06 1.215e-05 1.22e-05 2.01e-05 3.05e-06 0.0001774 4.15e-06 2.45e-06 5.35e-06 2.9e-06
3 1.295e-05 1.175e-05 1.28e-05 2.21e-05 1.67e-05 1.23e-05 1.24e-05 1.365e-05 1.215e-05 1.24e-05 1.22e-05 1.205e-05 1.18e-05 1.2e-05 1.23e-05 0.00017585 1.345e-05 1.275e-05 1.24e-05 3.285e-05 1.635e-05 1.23e-05 1.185e-05 1.26e-05 3.18e-05 1.23e-05 1.205e-05 1.245e-05 1.22e-05 1.295e-05 1.135e-05 1.25e-05 1.225e-05 3.325e-05 1.205e-05 1.17e-05 1.21e-05 1.335e-05 1.2e-05 1.245e-05 1.225e-05 1.16e-05 1.195e-05 1.24e-05 1.505e-05 1.25e-05 0.0001764 0.00017645 1.215e-05 1.22e-05 1.195e-05 1.245e-05 1.205e-05 1.18e-05 1.23e-05 1.25e-05 1.255e-05 1.23e-05 1.265e-05 1.205e-05 1.225e-05 1.16e-05 1.395e-05 1.305e-05 1.215e-05 1.225e-05 1.26e-05 1.32e-05 1.22e-05 1.205e-05 0.00017605 1.225e-05 1.27e-05 1.31e-05 1.165e-05 1.175e-05 0.0001799 1.275e-05 1.29e-05 1.255e-05 1.195e-05 1.285e-05 1.195e-05 0.00017575 0.0001763 1.16e-05 1.265e-05 1.155e-05 1.285e-05 1.25e-05 1.185e-05 1.31e-05 1.245e-05 0.0001765 1.29e-05 1.18e-05 1.175e-05 1.245e-05
4 1.49e-05 1.61e-05 8.6e-06 1.67e-05 1.13e-05 8.15e-06 6.9e-06 2.675e-05 1.645e-05 1.47e-05 1.64e-05 1.73e-05 1.8e-05 1.685e-05 6.65e-06 0.00016985 8.5e-06 1.68e-05 7.1e-06 3.365e-05 7.2e-06 9.9e-06 1.67e-05 2.175e-05 2.745e-05 7.7e-06 8e-06 2.5e-05 1.475e-05 7.9e-06 8.2e-06 1.535e-05 1.655e-05 2.875e-05 1.605e-05 1.455e-05 2.425e-05 9.5e-06 7.75e-06 1.495e-05 8.4e-06 7.8e-06 1.635e-05 1.41e-05 2.65e-05 8.5e-06 0.00016885 0.0001749 1.7e-05 1.125e-05 1.67e-05 6.65e-06 9.4e-06 7.5e-06 1.445e-05 7.6e-06 1.45e-05 1.495e-05 7.15e-06 7.85e-06 6.95e-06 1.825e-05 1.85e-05 6.95e-06 1.465e-05 2.345e-05 8e-06 6.35e-06 9.55e-06 1.49e-05 0.00017565 1.4e-05 8.55e-06 1.39e-05 7.35e-06 1.41e-05 0.0001672 2.16e-05 8.9e-06 7.2e-06 9.95e-06 8.85e-06 1.47e-05 0.00016835 0.00016735 2.49e-05 7e-06 1.695e-05 6.45e-06 1.76e-05 1.67e-05 2.345e-05 8.15e-06 0.0001773 8.9e-06 7.5e-06 9.55e-06 7.85e-06
5 1.035e-05 1.095e-05 3.15e-06 1.23e-05 8.15e-06 2.7e-06 3.1e-06 2.345e-05 1.185e-05 9.5e-06 1.19e-05 1.41e-05 1.495e-05 1.25e-05 3.1e-06 0.0001689 4.55e-06 1.225e-05 3.95e-06 3.22e-05 7.1e-06 5.7e-06 1.21e-05 1.785e-05 2.41e-05 1.75e-06 1.6e-06 2.18e-05 1.045e-05 3.7e-06 3.65e-06 1.025e-05 1.195e-05 2.44e-05 1.12e-05 8.6e-06 2.065e-05 3.9e-06 1.55e-06 1.285e-05 2.45e-06 2.05e-06 1.255e-05 9.4e-06 2.31e-05 2.5e-06 0.0001675 0.0001745 1.265e-05 7.35e-06 1.215e-05 3.35e-06 4.85e-06 1.85e-06 8.05e-06 3.1e-06 1.015e-05 1e-05 4.5e-06 3.3e-06 3.8e-06 1.52e-05 1.395e-05 3.6e-06 9.95e-06 1.93e-05 1.9e-06 4.65e-06 5e-06 1.02e-05 0.0001752 8.65e-06 6.75e-06 1.13e-05 1.45e-06 8.15e-06 0.0001715 1.79e-05 3.25e-06 3.15e-06 4.75e-06 3.25e-06 1.01e-05 0.0001667 0.0001679 2.155e-05 3.6e-06 1.26e-05 3.9e-06 1.33e-05 1.25e-05 2.01e-05 1.9e-06 0.0001774 3.3e-06 1.65e-06 4.95e-06 1.75e-06
6 1.06e-05 1.14e-05 3.95e-06 1.24e-05 6.9e-06 3.1e-06 4.2e-06 2.285e-05 1.185e-05 1.02e-05 1.19e-05 1.345e-05 1.43e-05 1.255e-05 2.55e-06 0.0001687 4.35e-06 1.25e-05 3.2e-06 3.07e-05 7.15e-06 5.6e-06 1.24e-05 1.78e-05 2.42e-05 2.75e-06 2.95e-06 2.12e-05 1.065e-05 3.6e-06 3.7e-06 1.08e-05 1.195e-05 2.445e-05 1.15e-05 9.7e-06 2.035e-05 4.75e-06 2.6e-06 1.155e-05 3.25e-06 2.85e-06 1.25e-05 9.7e-06 2.26e-05 3.35e-06 0.0001674 0.0001741 1.27e-05 7.05e-06 1.24e-05 2.6e-06 5.05e-06 2.6e-06 9.65e-06 3.2e-06 1.03e-05 1.065e-05 3.45e-06 3.55e-06 3.15e-06 1.455e-05 1.42e-05 3.05e-06 1.03e-05 1.935e-05 3.05e-06 3.15e-06 5.2e-06 1.055e-05 0.0001748 9.6e-06 5.25e-06 1.045e-05 2.25e-06 9.1e-06 0.0001709 1.785e-05 3.85e-06 3.15e-06 5.1e-06 3.8e-06 1.045e-05 0.0001668 0.00016675 2.1e-05 2.95e-06 1.275e-05 3e-06 1.34e-05 1.26e-05 1.975e-05 3.05e-06 0.0001767 3.85e-06 2.25e-06 5.05e-06 2.9e-06
7 1.695e-05 1.345e-05 2.385e-05 1.365e-05 2.675e-05 2.345e-05 2.285e-05 7.6e-06 1.385e-05 1.59e-05 1.4e-05 1.245e-05 1.25e-05 1.46e-05 2.285e-05 0.0001831 2.39e-05 1.485e-05 2.335e-05 3.32e-05 2.7e-05 2.145e-05 1.395e-05 8.6e-06 4.15e-05 2.335e-05 2.335e-05 5.3e-06 1.525e-05 2.385e-05 2.145e-05 1.56e-05 1.395e-05 4.35e-05 1.375e-05 1.655e-05 5.9e-06 2.44e-05 2.305e-05 1.355e-05 2.345e-05 2.315e-05 1.365e-05 1.635e-05 7.25e-06 2.355e-05 0.0001848 0.00017775 1.475e-05 2.015e-05 1.4e-05 2.285e-05 2.115e-05 2.28e-05 1.675e-05 2.355e-05 1.67e-05 1.545e-05 2.23e-05 2.165e-05 2.32e-05 1.14e-05 1.36e-05 2.35e-05 1.66e-05 6e-06 2.365e-05 2.35e-05 2.13e-05 1.515e-05 0.0001765 1.655e-05 2.12e-05 1.6e-05 2.265e-05 1.605e-05 0.0001879 8.75e-06 2.395e-05 2.345e-05 2.12e-05 2.39e-05 1.5e-05 0.0001843 0.0001843 4e-06 2.325e-05 1.365e-05 2.325e-05 1.455e-05 1.395e-05 8.1e-06 2.35e-05 0.00017595 2.395e-05 2.28e-05 2.1e-05 2.35e-05
8 1.18e-05 1.08e-05 1.28e-05 1.215e-05 1.645e-05 1.185e-05 1.185e-05 1.385e-05 2.08e-05 1.195e-05 1.065e-05 1.24e-05 1.35e-05 1.265e-05 1.175e-05 0.0001765 1.225e-05 1.305e-05 1.245e-05 3.27e-05 1.505e-05 1.2e-05 1.26e-05 1.22e-05 3.235e-05 1.185e-05 1.17e-05 1.26e-05 1.165e-05 1.18e-05 1.115e-05 1.195e-05 1.05e-05 3.315e-05 1.125e-05 1.165e-05 1.25e-05 1.355e-05 1.14e-05 1.18e-05 1.095e-05 1.15e-05 1.245e-05 1.21e-05 1.475e-05 1.095e-05 0.00017505 0.0001762 1.28e-05 1.37e-05 1.27e-05 1.2e-05 1.26e-05 1.13e-05 1.205e-05 1.225e-05 1.235e-05 1.195e-05 1.22e-05 1.165e-05 1.23e-05 1.31e-05 1.45e-05 1.275e-05 1.22e-05 1.145e-05 1.215e-05 1.315e-05 1.275e-05 1.16e-05 0.00017565 1.185e-05 1.34e-05 1.28e-05 1.105e-05 1.12e-05 0.00017965 1.25e-05 1.07e-05 1.245e-05 1.23e-05 1.055e-05 1.15e-05 0.0001753 0.00017605 1.175e-05 1.23e-05 1.28e-05 1.255e-05 1.355e-05 1.27e-05 1.355e-05 1.185e-05 0.00017695 1.06e-05 1.12e-05 1.225e-05 1.2e-05
9 1.1e-05 1.135e-05 1.06e-05 1.24e-05 1.47e-05 9.5e-06 1.02e-05 1.59e-05 1.195e-05 1.68e-05 1.19e-05 1.36e-05 1.445e-05 1.27e-05 1.02e-05 0.0001759 1.175e-05 1.185e-05 1.125e-05 3.17e-05 1.42e-05 1.265e-05 1.16e-05 1.115e-05 3.1e-05 8.6e-06 9.2e-06 1.415e-05 1.045e-05 1.135e-05 1.09e-05 1.005e-05 1.205e-05 3.13e-05 1.08e-05 9.55e-06 1.31e-05 1.145e-05 9.3e-06 1.24e-05 1.015e-05 9.5e-06 1.215e-05 9.85e-06 1.55e-05 1.045e-05 0.0001746 0.0001746 1.285e-05 1.425e-05 1.17e-05 1.055e-05 1.155e-05 9.4e-06 8.85e-06 1.065e-05 1.095e-05 9.35e-06 1.135e-05 9.75e-06 1.11e-05 1.435e-05 1.37e-05 1.045e-05 1.08e-05 1.125e-05 8.65e-06 1.175e-05 1.155e-05 1.03e-05 0.0001749 9.2e-06 1.325e-05 1.02e-05 8.8e-06 8.85e-06 0.000178 1.095e-05 1.105e-05 1.06e-05 1.23e-05 1.1e-05 1.02e-05 0.0001737 0.00017445 1.375e-05 1.07e-05 1.24e-05 1.08e-05 1.325e-05 1.23e-05 1.32e-05 9.35e-06 0.0001769 1.105e-05 9.1e-06 1.19e-05 8.8e-06
10 1.17e-05 1.105e-05 1.275e-05 1.22e-05 1.64e-05 1.19e-05 1.19e-05 1.4e-05 1.065e-05 1.19e-05 2.11e-05 1.225e-05 1.345e-05 1.27e-05 1.18e-05 0.00017645 1.23e-05 1.3e-05 1.25e-05 3.265e-05 1.51e-05 1.19e-05 1.255e-05 1.225e-05 3.23e-05 1.18e-05 1.175e-05 1.245e-05 1.17e-05 1.18e-05 1.13e-05 1.2e-05 1.075e-05 3.31e-05 1.14e-05 1.17e-05 1.255e-05 1.35e-05 1.145e-05 1.195e-05 1.11e-05 1.155e-05 1.24e-05 1.205e-05 1.48e-05 1.11e-05 0.0001751 0.00017615 1.285e-05 1.365e-05 1.265e-05 1.205e-05 1.255e-05 1.135e-05 1.2e-05 1.23e-05 1.24e-05 1.19e-05 1.225e-05 1.16e-05 1.235e-05 1.305e-05 1.445e-05 1.27e-05 1.225e-05 1.16e-05 1.21e-05 1.31e-05 1.27e-05 1.165e-05 0.0001757 1.18e-05 1.335e-05 1.275e-05 1.11e-05 1.125e-05 0.0001796 1.245e-05 1.08e-05 1.24e-05 1.235e-05 1.065e-05 1.155e-05 0.00017535 0.000176 1.19e-05 1.235e-05 1.275e-05 1.25e-05 1.35e-05 1.265e-05 1.35e-05 1.19e-05 0.0001769 1.075e-05 1.125e-05 1.23e-05 1.195e-05
11 1.43e-05 1.2e-05 1.435e-05 1.205e-05 1.73e-05 1.41e-05 1.345e-05 1.245e-05 1.24e-05 1.36e-05 1.225e-05 1.98e-05 1.025e-05 1.28e-05 1.35e-05 0.000176 1.42e-05 1.295e-05 1.395e-05 3.32e-05 1.765e-05 1.23e-05 1.225e-05 1.37e-05 3.245e-05 1.385e-05 1.395e-05 1.095e-05 1.345e-05 1.445e-05 1.27e-05 1.38e-05 1.25e-05 3.395e-05 1.22e-05 1.39e-05 1.2e-05 1.49e-05 1.365e-05 1.2e-05 1.41e-05 1.375e-05 1.205e-05 1.375e-05 1.5e-05 1.425e-05 0.00017745 0.0001772 1.295e-05 1.135e-05 1.235e-05 1.35e-05 1.195e-05 1.345e-05 1.405e-05 1.41e-05 1.42e-05 1.35e-05 1.34e-05 1.27e-05 1.38e-05 1.02e-05 1.41e-05 1.395e-05 1.41e-05 1.205e-05 1.415e-05 1.4e-05 1.22e-05 1.335e-05 0.00017675 1.38e-05 1.21e-05 1.37e-05 1.33e-05 1.345e-05 0.0001805 1.375e-05 1.465e-05 1.395e-05 1.245e-05 1.46e-05 1.325e-05 0.0001769 0.00017685 1.035e-05 1.38e-05 1.195e-05 1.375e-05 1.29e-05 1.225e-05 1.31e-05 1.41e-05 0.0001761 1.465e-05 1.345e-05 1.195e-05 1.395e-05
12 1.51e-05 1.31e-05 1.47e-05 1.18e-05 1.8e-05 1.495e-05 1.43e-05 1.25e-05 1.35e-05 1.445e-05 1.345e-05 1.025e-05 1.76e-05 1.3e-05 1.435e-05 0.00017575 1.49e-05 1.305e-05 1.475e-05 3.38e-05 1.85e-05 1.225e-05 1.185e-05 1.445e-05 3.23e-05 1.465e-05 1.485e-05 1.15e-05 1.43e-05 1.52e-05 1.365e-05 1.465e-05 1.36e-05 3.45e-05 1.325e-05 1.48e-05 1.195e-05 1.505e-05 1.45e-05 1.295e-05 1.505e-05 1.465e-05 1.195e-05 1.445e-05 1.525e-05 1.515e-05 0.0001783 0.0001779 1.315e-05 1.025e-05 1.2e-05 1.425e-05 1.18e-05 1.42e-05 1.485e-05 1.49e-05 1.505e-05 1.425e-05 1.415e-05 1.35e-05 1.46e-05 9.15e-06 1.395e-05 1.465e-05 1.49e-05 1.31e-05 1.495e-05 1.46e-05 1.205e-05 1.41e-05 0.0001775 1.46e-05 1.185e-05 1.445e-05 1.415e-05 1.43e-05 0.0001812 1.445e-05 1.555e-05 1.455e-05 1.235e-05 1.55e-05 1.4e-05 0.0001778 0.00017755 1.05e-05 1.46e-05 1.11e-05 1.445e-05 1.225e-05 1.18e-05 1.31e-05 1.495e-05 0.0001761 1.555e-05 1.43e-05 1.19e-05 1.475e-05
13 1.305e-05 1.23e-05 1.3e-05 1.2e-05 1.685e-05 1.25e-05 1.255e-05 1.46e-05 1.265e-05 1.27e-05 1.27e-05 1.28e-05 1.3e-05 2.24e-05 1.245e-05 0.0001765 1.35e-05 1.195e-05 1.255e-05 3.265e-05 1.65e-05 1.27e-05 1.28e-05 1.245e-05 3.24e-05 1.245e-05 1.22e-05 1.2e-05 1.21e-05 1.31e-05 1.15e-05 1.24e-05 1.275e-05 3.32e-05 1.255e-05 1.185e-05 1.265e-05 1.355e-05 1.22e-05 1.295e-05 1.24e-05 1.175e-05 1.275e-05 1.25e-05 1.515e-05 1.265e-05 0.00017655 0.00017655 1.135e-05 1.31e-05 1.275e-05 1.26e-05 1.245e-05 1.195e-05 1.245e-05 1.265e-05 1.265e-05 1.26e-05 1.265e-05 1.22e-05 1.24e-05 1.265e-05 1.455e-05 1.32e-05 1.225e-05 1.29e-05 1.275e-05 1.335e-05 1.26e-05 1.195e-05 0.00017595 1.24e-05 1.31e-05 1.34e-05 1.18e-05 1.19e-05 0.00018005 1.26e-05 1.305e-05 1.27e-05 1.26e-05 1.3e-05 1.185e-05 0.0001759 0.00017645 1.275e-05 1.28e-05 1.26e-05 1.3e-05 1.33e-05 1.28e-05 1.225e-05 1.26e-05 0.0001757 1.305e-05 1.195e-05 1.215e-05 1.26e-05
14 1.075e-05 1.14e-05 3.9e-06 1.23e-05 6.65e-06 3.1e-06 2.55e-06 2.285e-05 1.175e-05 1.02e-05 1.18e-05 1.35e-05 1.435e-05 1.245e-05 3.5e-06 0.00016895 4.3e-06 1.255e-05 3.25e-06 3.095e-05 6.6e-06 5.5e-06 1.245e-05 1.79e-05 2.425e-05 2.8e-06 2.95e-06 2.125e-05 1.005e-05 3.7e-06 3.45e-06 1.065e-05 1.185e-05 2.45e-05 1.155e-05 9.6e-06 2.02e-05 4.7e-06 2.65e-06 1.175e-05 3.1e-06 2.75e-06 1.21e-05 1.005e-05 2.255e-05 3.2e-06 0.0001673 0.0001744 1.26e-05 7.25e-06 1.245e-05 2.7e-06 5.1e-06 2.5e-06 9.7e-06 3.4e-06 1.06e-05 1.06e-05 3.45e-06 3.45e-06 3.2e-06 1.46e-05 1.425e-05 3.25e-06 1.045e-05 1.935e-05 3.1e-06 3.55e-06 5.25e-06 1.035e-05 0.0001747 9.2e-06 5.45e-06 1.06e-05 2.2e-06 9.05e-06 0.00017055 1.795e-05 3.6e-06 3.35e-06 5.05e-06 3.55e-06 1.02e-05 0.0001668 0.0001666 2.105e-05 3.1e-06 1.275e-05 2.75e-06 1.34e-05 1.26e-05 2.005e-05 3.05e-06 0.0001768 3.6e-06 2.35e-06 5.05e-06 2.95e-06
15 0.00017565 0.00017605 0.0001688 0.00017585 0.00016985 0.0001689 0.0001687 0.0001831 0.0001765 0.0001759 0.00017645 0.000176 0.00017575 0.0001765 0.00016895 0.0003339 0.0001695 0.0001764 0.000169 0.0001756 0.00017025 0.00016925 0.0001758 0.00018285 0.0001878 0.0001685 0.00016875 0.00018385 0.0001763 0.0001691 0.0001692 0.0001765 0.0001766 0.000169 0.0001761 0.0001755 0.0001836 0.00016945 0.00016845 0.00017605 0.0001691 0.00016865 0.00017575 0.00017485 0.00018475 0.0001692 0.0001686 0.0001746 0.00017665 0.0001685 0.0001758 0.0001684 0.00016875 0.00016805 0.0001754 0.0001687 0.0001754 0.00017595 0.0001692 0.00016885 0.00016885 0.0001758 0.0001756 0.0001688 0.00017545 0.00018385 0.0001688 0.0001686 0.0001689 0.0001759 0.0001755 0.0001753 0.00016895 0.00017615 0.00016805 0.0001749 0.00016895 0.0001828 0.0001697 0.00016825 0.0001684 0.00016965 0.00017575 0.000168 0.00016805 0.00018315 0.00016875 0.00017545 0.0001687 0.0001763 0.00017565 0.000183 0.00016885 0.00017555 0.0001697 0.0001682 0.0001688 0.00016865
16 1.085e-05 1.265e-05 4.85e-06 1.345e-05 8.5e-06 4.55e-06 4.35e-06 2.39e-05 1.225e-05 1.175e-05 1.23e-05 1.42e-05 1.49e-05 1.35e-05 4.3e-06 0.0001695 6.4e-06 1.36e-05 4.75e-06 3.195e-05 7.65e-06 5.9e-06 1.36e-05 1.885e-05 2.545e-05 4.25e-06 4.4e-06 2.215e-05 1.185e-05 4.05e-06 5e-06 1.215e-05 1.235e-05 2.55e-05 1.285e-05 1.11e-05 2.14e-05 5.55e-06 4.05e-06 1.3e-05 3.85e-06 4.2e-06 1.355e-05 1.095e-05 2.315e-05 3.8e-06 0.00016775 0.0001751 1.365e-05 8.05e-06 1.36e-05 4.2e-06 6.25e-06 3.75e-06 1.125e-05 4.5e-06 1.145e-05 1.195e-05 4.95e-06 5e-06 4.6e-06 1.55e-05 1.535e-05 4.7e-06 1.135e-05 2.075e-05 4.55e-06 4.75e-06 6.45e-06 1.165e-05 0.0001757 1.1e-05 6.7e-06 1.22e-05 3.65e-06 1.055e-05 0.00017195 1.895e-05 3.6e-06 4.3e-06 6.1e-06 3.35e-06 1.15e-05 0.000168 0.00016825 2.205e-05 4.55e-06 1.37e-05 4.55e-06 1.425e-05 1.355e-05 2.055e-05 4.45e-06 0.00017735 3.4e-06 3.8e-06 6.2e-06 4.35e-06
17 1.305e-05 1.26e-05 1.275e-05 1.275e-05 1.68e-05 1.225e-05 1.25e-05 1.485e-05 1.305e-05 1.185e-05 1.3e-05 1.295e-05 1.305e-05 1.195e-05 1.255e-05 0.0001764 1.36e-05 2.26e-05 1.325e-05 3.265e-05 1.66e-05 1.285e-05 1.225e-05 1.255e-05 3.22e-05 1.155e-05 1.19e-05 1.215e-05 1.22e-05 1.335e-05 1.235e-05 1.2e-05 1.315e-05 3.3e-05 1.22e-05 1.215e-05 1.29e-05 1.335e-05 1.2e-05 1.32e-05 1.255e-05 1.215e-05 1.27e-05 1.215e-05 1.54e-05 1.285e-05 0.00017665 0.0001764 1.205e-05 1.305e-05 1.215e-05 1.265e-05 1.205e-05 1.185e-05 1.175e-05 1.275e-05 1.3e-05 1.195e-05 1.28e-05 1.155e-05 1.31e-05 1.275e-05 1.415e-05 1.275e-05 1.285e-05 1.26e-05 1.155e-05 1.345e-05 1.205e-05 1.2e-05 0.00017615 1.19e-05 1.315e-05 1.285e-05 1.155e-05 1.155e-05 0.00018 1.245e-05 1.335e-05 1.265e-05 1.265e-05 1.33e-05 1.19e-05 0.00017585 0.0001764 1.305e-05 1.28e-05 1.25e-05 1.29e-05 1.325e-05 1.27e-05 1.215e-05 1.2e-05 0.0001757 1.335e-05 1.175e-05 1.22e-05 1.17e-05
18 1.085e-05 1.21e-05 4.6e-06 1.24e-05 7.1e-06 3.95e-06 3.2e-06 2.335e-05 1.245e-05 1.125e-05 1.25e-05 1.395e-05 1.475e-05 1.255e-05 3.25e-06 0.000169 4.75e-06 1.325e-05 5.4e-06 3.05e-05 7.85e-06 6.1e-06 1.315e-05 1.805e-05 2.5e-05 3.85e-06 3.65e-06 2.165e-05 1.135e-05 3.7e-06 3.85e-06 1.165e-05 1.255e-05 2.515e-05 1.23e-05 1e-05 2.085e-05 5.45e-06 3.65e-06 1.165e-05 3.9e-06 3.2e-06 1.31e-05 1.025e-05 2.31e-05 4.15e-06 0.00016795 0.00017425 1.27e-05 7.6e-06 1.315e-05 2.9e-06 5.8e-06 3.35e-06 1.055e-05 3.25e-06 1.02e-05 1.145e-05 3.6e-06 4.45e-06 2.8e-06 1.495e-05 1.495e-05 3.35e-06 1.005e-05 2.015e-05 4.15e-06 2.75e-06 5.95e-06 1.115e-05 0.00017505 1.05e-05 5.2e-06 1.075e-05 3.25e-06 1.005e-05 0.0001712 1.815e-05 4.55e-06 3.2e-06 5.8e-06 4.5e-06 1.095e-05 0.0001673 0.00016705 2.145e-05 3.05e-06 1.33e-05 3.25e-06 1.395e-05 1.31e-05 1.99e-05 4.05e-06 0.00017685 4.55e-06 3.4e-06 5.55e-06 4e-06
19 3.145e-05 3.235e-05 3.235e-05 3.285e-05 3.365e-05 3.22e-05 3.07e-05 3.32e-05 3.27e-05 3.17e-05 3.265e-05 3.32e-05 3.38e-05 3.265e-05 3.095e-05 0.0001756 3.195e-05 3.265e-05 3.05e-05 5.73e-05 3.56e-05 3.295e-05 3.29e-05 3.06e-05 5.23e-05 3.18e-05 3.205e-05 3.305e-05 3.135e-05 3.13e-05 3.155e-05 3.17e-05 3.28e-05 5.24e-05 3.235e-05 3.195e-05 3.27e-05 3.33e-05 3.18e-05 3.07e-05 3.24e-05 3.185e-05 3.28e-05 3.07e-05 3.305e-05 3.25e-05 0.0001753 0.0001739 3.28e-05 3.395e-05 3.285e-05 3.005e-05 3.25e-05 3.135e-05 3.19e-05 3.1e-05 3.09e-05 3.14e-05 2.99e-05 3.125e-05 3.045e-05 3.345e-05 3.275e-05 3.04e-05 3.12e-05 3.23e-05 3.21e-05 2.915e-05 3.265e-05 3.105e-05 0.00017405 3.17e-05 3.1e-05 3.025e-05 3.14e-05 3.15e-05 0.0001777 3.05e-05 3.29e-05 3.045e-05 3.325e-05 3.285e-05 3.08e-05 0.0001748 0.00017355 3.33e-05 3.04e-05 3.3e-05 3.015e-05 3.36e-05 3.27e-05 3.18e-05 3.22e-05 0.0001752 3.29e-05 3.155e-05 3.26e-05 3.195e-05
20 1.405e-05 1.545e-05 7.9e-06 1.635e-05 7.2e-06 7.1e-06 7.15e-06 2.7e-05 1.505e-05 1.42e-05 1.51e-05 1.765e-05 1.85e-05 1.65e-05 6.6e-06 0.00017025 7.65e-06 1.66e-05 7.85e-06 3.56e-05 1.17e-05 8.9e-06 1.65e-05 2.195e-05 2.715e-05 6.8e-06 6.95e-06 2.535e-05 1.41e-05 7.3e-06 7.6e-06 1.465e-05 1.515e-05 2.865e-05 1.56e-05 1.355e-05 2.425e-05 8.7e-06 6.65e-06 1.63e-05 6.5e-06 6.75e-06 1.62e-05 1.41e-05 2.625e-05 6.45e-06 0.00016785 0.00017575 1.665e-05 1.145e-05 1.65e-05 7.35e-06 9.25e-06 6.55e-06 1.365e-05 7.75e-06 1.465e-05 1.46e-05 8.1e-06 7.6e-06 7.7e-06 1.88e-05 1.83e-05 7.85e-06 1.45e-05 2.34e-05 7.1e-06 8.5e-06 9.4e-06 1.435e-05 0.000176 1.32e-05 1.02e-05 1.52e-05 6.25e-06 1.305e-05 0.0001679 2.2e-05 6.25e-06 7.7e-06 9.2e-06 6e-06 1.425e-05 0.0001681 0.0001685 2.515e-05 7.7e-06 1.68e-05 7.4e-06 1.745e-05 1.665e-05 2.415e-05 7.05e-06 0.00017815 6.05e-06 6.4e-06 9.2e-06 6.95e-06
21 1.205e-05 1.245e-05 5.9e-06 1.23e-05 9.9e-06 5.7e-06 5.6e-06 2.145e-05 1.2e-05 1.265e-05 1.19e-05 1.23e-05 1.225e-05 1.27e-05 5.5e-06 0.00016925 5.9e-06 1.285e-05 6.1e-06 3.295e-05 8.9e-06 8.5e-06 1.25e-05 1.965e-05 2.52e-05 5.4e-06 5.5e-06 1.99e-05 1.24e-05 5.45e-06 5.05e-06 1.27e-05 1.21e-05 2.645e-05 1.26e-05 1.215e-05 1.97e-05 6.45e-06 5.25e-06 1.3e-05 5e-06 5.3e-06 1.245e-05 1.235e-05 2.205e-05 5e-06 0.00016885 0.00017645 1.285e-05 5.25e-06 1.25e-05 5.65e-06 4.9e-06 5e-06 1.23e-05 5.95e-06 1.29e-05 1.255e-05 5.85e-06 5.05e-06 5.95e-06 1.185e-05 1.43e-05 6.15e-06 1.27e-05 1.995e-05 5.7e-06 6.45e-06 5.05e-06 1.225e-05 0.0001763 1.21e-05 5.5e-06 1.335e-05 4.85e-06 1.17e-05 0.00017315 1.97e-05 4.7e-06 5.8e-06 5.4e-06 4.55e-06 1.215e-05 0.0001691 0.00016945 1.955e-05 5.95e-06 1.22e-05 5.95e-06 1.305e-05 1.25e-05 2.005e-05 5.65e-06 0.00017665 4.65e-06 5e-06 4.8e-06 5.55e-06
22 1.3e-05 1.21e-05 1.26e-05 1.185e-05 1.67e-05 1.21e-05 1.24e-05 1.395e-05 1.26e-05 1.16e-05 1.255e-05 1.225e-05 1.185e-05 1.28e-05 1.245e-05 0.0001758 1.36e-05 1.225e-05 1.315e-05 3.29e-05 1.65e-05 1.25e-05 2.24e-05 1.275e-05 3.165e-05 1.145e-05 1.18e-05 1.27e-05 1.235e-05 1.325e-05 1.225e-05 1.215e-05 1.27e-05 3.31e-05 1.175e-05 1.205e-05 1.24e-05 1.32e-05 1.185e-05 1.275e-05 1.245e-05 1.205e-05 1.195e-05 1.21e-05 1.535e-05 1.275e-05 0.00017655 0.00017635 1.295e-05 1.22e-05 1.145e-05 1.255e-05 1.17e-05 1.175e-05 1.165e-05 1.265e-05 1.295e-05 1.17e-05 1.285e-05 1.145e-05 1.3e-05 1.175e-05 1.36e-05 1.265e-05 1.28e-05 1.2e-05 1.145e-05 1.335e-05 1.17e-05 1.215e-05 0.0001763 1.18e-05 1.28e-05 1.26e-05 1.145e-05 1.145e-05 0.0001799 1.265e-05 1.325e-05 1.255e-05 1.205e-05 1.32e-05 1.205e-05 0.00017575 0.0001763 1.195e-05 1.27e-05 1.15e-05 1.28e-05 1.25e-05 1.18e-05 1.31e-05 1.195e-05 0.0001766 1.325e-05 1.165e-05 1.185e-05 1.16e-05
23 1.085e-05 1.17e-05 1.84e-05 1.26e-05 2.175e-05 1.785e-05 1.78e-05 8.6e-06 1.22e-05 1.115e-05 1.225e-05 1.37e-05 1.445e-05 1.245e-05 1.79e-05 0.00018285 1.885e-05 1.255e-05 1.805e-05 3.06e-05 2.195e-05 1.965e-05 1.275e-05 6.1e-06 3.88e-05 1.77e-05 1.775e-05 6.75e-06 1.045e-05 1.82e-05 1.785e-05 1.065e-05 1.23e-05 3.92e-05 1.195e-05 1.105e-05 5.6e-06 1.92e-05 1.745e-05 1.195e-05 1.8e-05 1.765e-05 1.28e-05 1.01e-05 8.35e-06 1.805e-05 0.0001819 0.0001741 1.26e-05 2.105e-05 1.265e-05 1.75e-05 1.92e-05 1.72e-05 1.11e-05 1.78e-05 1.05e-05 1.1e-05 1.755e-05 1.785e-05 1.79e-05 1.41e-05 1.445e-05 1.805e-05 1.05e-05 5.45e-06 1.8e-05 1.79e-05 1.935e-05 1.02e-05 0.00017405 1.105e-05 1.945e-05 1.145e-05 1.71e-05 1.05e-05 0.0001852 3.15e-06 1.86e-05 1.76e-05 1.94e-05 1.855e-05 1.015e-05 0.0001813 0.0001816 6.85e-06 1.785e-05 1.29e-05 1.795e-05 1.34e-05 1.27e-05 5.2e-06 1.785e-05 0.00017615 1.86e-05 1.725e-05 1.91e-05 1.785e-05
24 3.155e-05 3.19e-05 2.435e-05 3.18e-05 2.745e-05 2.41e-05 2.42e-05 4.15e-05 3.235e-05 3.1e-05 3.23e-05 3.245e-05 3.23e-05 3.24e-05 2.425e-05 0.0001878 2.545e-05 3.22e-05 2.5e-05 5.23e-05 2.715e-05 2.52e-05 3.165e-05 3.88e-05 4.59e-05 2.36e-05 2.395e-05 4.03e-05 3.16e-05 2.505e-05 2.495e-05 3.175e-05 3.245e-05 4.505e-05 3.185e-05 3.065e-05 3.96e-05 2.495e-05 2.36e-05 3.26e-05 2.44e-05 2.385e-05 3.165e-05 3.06e-05 4.29e-05 2.45e-05 0.0001884 0.000195 3.255e-05 2.49e-05 3.165e-05 2.44e-05 2.46e-05 2.35e-05 3.045e-05 2.465e-05 3.15e-05 3.135e-05 2.53e-05 2.45e-05 2.485e-05 3.24e-05 3.335e-05 2.47e-05 3.135e-05 3.965e-05 2.39e-05 2.525e-05 2.475e-05 3.14e-05 0.00019565 3.04e-05 2.56e-05 3.205e-05 2.325e-05 3.005e-05 0.00019065 3.87e-05 2.5e-05 2.435e-05 2.445e-05 2.495e-05 3.13e-05 0.0001878 0.0001882 3.965e-05 2.475e-05 3.15e-05 2.465e-05 3.235e-05 3.175e-05 3.95e-05 2.405e-05 0.0001963 2.5e-05 2.335e-05 2.475e-05 2.375e-05
25 1e-05 1.13e-05 2.75e-06 1.23e-05 7.7e-06 1.75e-06 2.75e-06 2.335e-05 1.185e-05 8.6e-06 1.18e-05 1.385e-05 1.465e-05 1.245e-05 2.8e-06 0.0001685 4.25e-06 1.155e-05 3.85e-06 3.18e-05 6.8e-06 5.4e-06 1.145e-05 1.77e-05 2.36e-05 1.1e-06 1.4e-06 2.16e-05 1.02e-05 3.55e-06 3.7e-06 9.55e-06 1.195e-05 2.385e-05 1.06e-05 8.5e-06 2.06e-05 3.6e-06 1.5e-06 1.27e-05 2.3e-06 1.7e-06 1.215e-05 8.85e-06 2.3e-05 2.6e-06 0.0001672 0.00017405 1.26e-05 7e-06 1.145e-05 3.1e-06 4.3e-06 1.55e-06 7.8e-06 2.85e-06 1e-05 9.35e-06 4.3e-06 2.5e-06 3.7e-06 1.495e-05 1.34e-05 3e-06 9.85e-06 1.9e-05 7e-07 4.35e-06 4.2e-06 1e-05 0.00017505 8.15e-06 6.4e-06 1.065e-05 9.5e-07 7.75e-06 0.00017105 1.75e-05 3.2e-06 2.8e-06 4.5e-06 3.15e-06 9.9e-06 0.0001663 0.00016745 2.15e-05 3.25e-06 1.225e-05 3.4e-06 1.3e-05 1.215e-05 1.975e-05 1.5e-06 0.00017705 3.2e-06 1.25e-06 4.65e-06 9.5e-07
26 1.015e-05 1.115e-05 3.05e-06 1.205e-05 8e-06 1.6e-06 2.95e-06 2.335e-05 1.17e-05 9.2e-06 1.175e-05 1.395e-05 1.485e-05 1.22e-05 2.95e-06 0.00016875 4.4e-06 1.19e-05 3.65e-06 3.205e-05 6.95e-06 5.5e-06 1.18e-05 1.775e-05 2.395e-05 1.4e-06 2e-06 2.165e-05 1.035e-05 3.55e-06 3.35e-06 9.95e-06 1.18e-05 2.425e-05 1.085e-05 8.2e-06 2.06e-05 3.85e-06 1.75e-06 1.27e-05 2e-06 1.75e-06 1.245e-05 9.25e-06 2.3e-05 2.55e-06 0.00016735 0.00017435 1.235e-05 7.2e-06 1.18e-05 3.2e-06 4.6e-06 1.7e-06 7.7e-06 2.6e-06 9.95e-06 9.75e-06 4.4e-06 2.95e-06 3.5e-06 1.51e-05 1.37e-05 3.35e-06 9.65e-06 1.915e-05 1.35e-06 4.5e-06 4.65e-06 1.01e-05 0.0001751 8.4e-06 6.6e-06 1.1e-05 1.3e-06 7.9e-06 0.00017135 1.78e-05 3.15e-06 3e-06 4.6e-06 3.1e-06 1e-05 0.0001662 0.00016775 2.145e-05 3.1e-06 1.25e-05 3.75e-06 1.32e-05 1.24e-05 1.995e-05 1.75e-06 0.00017725 3.15e-06 1.5e-06 4.45e-06 1.4e-06
27 1.515e-05 1.22e-05 2.215e-05 1.245e-05 2.5e-05 2.18e-05 2.12e-05 5.3e-06 1.26e-05 1.415e-05 1.245e-05 1.095e-05 1.15e-05 1.2e-05 2.125e-05 0.00018385 2.215e-05 1.215e-05 2.165e-05 3.305e-05 2.535e-05 1.99e-05 1.27e-05 6.75e-06 4.03e-05 2.16e-05 2.165e-05 5.1e-06 1.34e-05 2.22e-05 1.985e-05 1.375e-05 1.27e-05 4.155e-05 1.24e-05 1.485e-05 4.65e-06 2.27e-05 2.14e-05 1.22e-05 2.185e-05 2.145e-05 1.25e-05 1.46e-05 7.4e-06 2.2e-05 0.00018505 0.0001779 1.21e-05 1.925e-05 1.275e-05 2.125e-05 1.965e-05 2.12e-05 1.5e-05 2.185e-05 1.5e-05 1.37e-05 2.05e-05 1.99e-05 2.15e-05 1.05e-05 1.455e-05 2.175e-05 1.49e-05 4.7e-06 2.19e-05 2.175e-05 1.98e-05 1.33e-05 0.00017655 1.48e-05 1.97e-05 1.425e-05 2.105e-05 1.445e-05 0.00018805 6.8e-06 2.24e-05 2.17e-05 2.02e-05 2.235e-05 1.32e-05 0.0001845 0.00018445 3.25e-06 2.155e-05 1.25e-05 2.15e-05 1.33e-05 1.27e-05 5.35e-06 2.185e-05 0.00017515 2.24e-05 2.12e-05 1.955e-05 2.175e-05
28 1.14e-05 1.125e-05 1.125e-05 1.22e-05 1.475e-05 1.045e-05 1.065e-05 1.525e-05 1.165e-05 1.045e-05 1.17e-05 1.345e-05 1.43e-05 1.21e-05 1.005e-05 0.0001763 1.185e-05 1.22e-05 1.135e-05 3.135e-05 1.41e-05 1.24e-05 1.235e-05 1.045e-05 3.16e-05 1.02e-05 1.035e-05 1.34e-05 1.83e-05 1.15e-05 1.035e-05 9.95e-06 1.175e-05 3.205e-05 1.145e-05 1.03e-05 1.2e-05 1.2e-05 1e-05 1.225e-05 1.05e-05 1.015e-05 1.185e-05 1.07e-05 1.49e-05 1.055e-05 0.00017465 0.000175 1.225e-05 1.425e-05 1.23e-05 1.085e-05 1.2e-05 9.95e-06 1.04e-05 1.12e-05 1.125e-05 1.05e-05 1.075e-05 1.035e-05 1.12e-05 1.4e-05 1.41e-05 1.135e-05 1.11e-05 1.175e-05 1.05e-05 1.205e-05 1.215e-05 9.7e-06 0.00017395 9.75e-06 1.305e-05 1.155e-05 9.65e-06 9.8e-06 0.000178 1.045e-05 1.1e-05 1.115e-05 1.22e-05 1.095e-05 9.75e-06 0.00017415 0.00017465 1.345e-05 1.12e-05 1.265e-05 1.065e-05 1.32e-05 1.25e-05 1.295e-05 1.04e-05 0.0001764 1.1e-05 9.8e-06 1.195e-05 1.035e-05
29 9.8e-06 1.225e-05 4.3e-06 1.295e-05 7.9e-06 3.7e-06 3.6e-06 2.385e-05 1.18e-05 1.135e-05 1.18e-05 1.445e-05 1.52e-05 1.31e-05 3.7e-06 0.0001691 4.05e-06 1.335e-05 3.7e-06 3.13e-05 7.3e-06 5.45e-06 1.325e-05 1.82e-05 2.505e-05 3.55e-06 3.55e-06 2.22e-05 1.15e-05 5e-06 4.45e-06 1.175e-05 1.19e-05 2.525e-05 1.245e-05 1.02e-05 2.135e-05 5.15e-06 3.35e-06 1.24e-05 3.1e-06 3.35e-06 1.325e-05 1e-05 2.32e-05 3.05e-06 0.00016725 0.0001744 1.325e-05 7.75e-06 1.325e-05 3.3e-06 5.95e-06 3.05e-06 1.035e-05 3.05e-06 1.02e-05 1.155e-05 4.3e-06 4.6e-06 3.55e-06 1.55e-05 1.505e-05 3.85e-06 1.025e-05 2.065e-05 3.85e-06 3.2e-06 6.1e-06 1.125e-05 0.00017555 1.03e-05 6.15e-06 1.16e-05 2.95e-06 9.8e-06 0.0001718 1.83e-05 2.75e-06 2.85e-06 5.55e-06 2.6e-06 1.105e-05 0.00016755 0.00016785 2.2e-05 3.65e-06 1.34e-05 3.7e-06 1.405e-05 1.32e-05 2.005e-05 3.75e-06 0.00017735 2.7e-06 3.1e-06 5.85e-06 3.7e-06
30 1.135e-05 1.08e-05 4.75e-06 1.135e-05 8.2e-06 3.65e-06 3.7e-06 2.145e-05 1.115e-05 1.09e-05 1.13e-05 1.27e-05 1.365e-05 1.15e-05 3.45e-06 0.0001692 5e-06 1.235e-05 3.85e-06 3.155e-05 7.6e-06 5.05e-06 1.225e-05 1.785e-05 2.495e-05 3.7e-06 3.35e-06 1.985e-05 1.035e-05 4.45e-06 4.5e-06 1.075e-05 1.125e-05 2.52e-05 1.115e-05 9.7e-06 1.92e-05 5.5e-06 3.35e-06 1.17e-05 3.45e-06 2.9e-06 1.21e-05 1.08e-05 2.125e-05 3.7e-06 0.0001677 0.00017485 1.165e-05 6.7e-06 1.225e-05 3.9e-06 4.8e-06 3.25e-06 1.04e-05 4e-06 1.075e-05 1.095e-05 4.1e-06 3.2e-06 3.7e-06 1.32e-05 1.405e-05 4.6e-06 1.045e-05 1.845e-05 4e-06 4.95e-06 4.95e-06 1.045e-05 0.0001745 1.025e-05 5.6e-06 1.175e-05 2.95e-06 9.75e-06 0.00017145 1.81e-05 4.1e-06 4.3e-06 5e-06 4.05e-06 1.035e-05 0.00016705 0.0001678 1.955e-05 4.1e-06 1.25e-05 4.3e-06 1.315e-05 1.24e-05 1.97e-05 3.75e-06 0.0001763 4.1e-06 3.1e-06 4.4e-06 3.85e-06
31 1.155e-05 1.145e-05 1.13e-05 1.25e-05 1.535e-05 1.025e-05 1.08e-05 1.56e-05 1.195e-05 1.005e-05 1.2e-05 1.38e-05 1.465e-05 1.24e-05 1.065e-05 0.0001765 1.215e-05 1.2e-05 1.165e-05 3.17e-05 1.465e-05 1.27e-05 1.215e-05 1.065e-05 3.175e-05 9.55e-06 9.95e-06 1.375e-05 9.95e-06 1.175e-05 1.075e-05 1.9e-05 1.205e-05 3.215e-05 1.115e-05 1.02e-05 1.235e-05 1.205e-05 1e-05 1.26e-05 1.045e-05 1.02e-05 1.26e-05 1.07e-05 1.525e-05 1.07e-05 0.000175 0.00017525 1.255e-05 1.445e-05 1.21e-05 1.105e-05 1.195e-05 1e-05 9.95e-06 1.115e-05 1.145e-05 1.025e-05 1.11e-05 1.025e-05 1.15e-05 1.435e-05 1.405e-05 1.13e-05 1.125e-05 1.165e-05 9.65e-06 1.235e-05 1.185e-05 9.9e-06 0.0001743 1.01e-05 1.34e-05 1.14e-05 9.6e-06 9.6e-06 0.0001786 1.07e-05 1.125e-05 1.13e-05 1.24e-05 1.12e-05 9.95e-06 0.0001742 0.00017505 1.38e-05 1.12e-05 1.28e-05 1.145e-05 1.34e-05 1.27e-05 1.315e-05 1.005e-05 0.00017675 1.125e-05 9.8e-06 1.195e-05 9.9e-06
32 1.19e-05 1.09e-05 1.29e-05 1.225e-05 1.655e-05 1.195e-05 1.195e-05 1.395e-05 1.05e-05 1.205e-05 1.075e-05 1.25e-05 1.36e-05 1.275e-05 1.185e-05 0.0001766 1.235e-05 1.315e-05 1.255e-05 3.28e-05 1.515e-05 1.21e-05 1.27e-05 1.23e-05 3.245e-05 1.195e-05 1.18e-05 1.27e-05 1.175e-05 1.19e-05 1.125e-05 1.205e-05 2.1e-05 3.325e-05 1.135e-05 1.175e-05 1.26e-05 1.365e-05 1.15e-05 1.19e-05 1.105e-05 1.16e-05 1.255e-05 1.22e-05 1.485e-05 1.105e-05 0.00017505 0.0001763 1.29e-05 1.38e-05 1.28e-05 1.21e-05 1.27e-05 1.14e-05 1.215e-05 1.235e-05 1.245e-05 1.205e-05 1.23e-05 1.175e-05 1.24e-05 1.32e-05 1.46e-05 1.285e-05 1.23e-05 1.155e-05 1.225e-05 1.325e-05 1.285e-05 1.17e-05 0.00017575 1.195e-05 1.35e-05 1.29e-05 1.115e-05 1.13e-05 0.00017975 1.26e-05 1.08e-05 1.255e-05 1.24e-05 1.065e-05 1.16e-05 0.0001754 0.00017615 1.185e-05 1.24e-05 1.29e-05 1.265e-05 1.365e-05 1.28e-05 1.365e-05 1.195e-05 0.00017705 1.06e-05 1.13e-05 1.235e-05 1.21e-05
33 3.19e-05 3.27e-05 2.49e-05 3.325e-05 2.875e-05 2.44e-05 2.445e-05 4.35e-05 3.315e-05 3.13e-05 3.31e-05 3.395e-05 3.45e-05 3.32e-05 2.45e-05 0.000169 2.55e-05 3.3e-05 2.515e-05 5.24e-05 2.865e-05 2.645e-05 3.31e-05 3.92e-05 4.505e-05 2.385e-05 2.425e-05 4.155e-05 3.205e-05 2.525e-05 2.52e-05 3.215e-05 3.325e-05 4.67e-05 3.26e-05 3.1e-05 4.125e-05 2.56e-05 2.405e-05 3.32e-05 2.48e-05 2.41e-05 3.325e-05 3.1e-05 4.36e-05 2.49e-05 0.00016845 0.000175 3.335e-05 2.735e-05 3.31e-05 2.46e-05 2.58e-05 2.39e-05 3.075e-05 2.485e-05 3.18e-05 3.175e-05 2.545e-05 2.475e-05 2.5e-05 3.485e-05 3.49e-05 2.485e-05 3.165e-05 4.045e-05 2.42e-05 2.525e-05 2.595e-05 3.185e-05 0.00017575 3.08e-05 2.665e-05 3.225e-05 2.355e-05 3.045e-05 0.0001718 3.91e-05 2.54e-05 2.455e-05 2.6e-05 2.535e-05 3.175e-05 0.00016785 0.0001681 4.165e-05 2.495e-05 3.325e-05 2.485e-05 3.395e-05 3.325e-05 4.03e-05 2.44e-05 0.0001768 2.54e-05 2.38e-05 2.6e-05 2.405e-05
34 1.225e-05 1.075e-05 1.23e-05 1.205e-05 1.605e-05 1.12e-05 1.15e-05 1.375e-05 1.125e-05 1.08e-05 1.14e-05 1.22e-05 1.325e-05 1.255e-05 1.155e-05 0.0001761 1.285e-05 1.22e-05 1.23e-05 3.235e-05 1.56e-05 1.26e-05 1.175e-05 1.195e-05 3.185e-05 1.06e-05 1.085e-05 1.24e-05 1.145e-05 1.245e-05 1.115e-05 1.115e-05 1.135e-05 3.26e-05 2.09e-05 1.11e-05 1.24e-05 1.31e-05 1.095e-05 1.165e-05 1.135e-05 1.11e-05 1.21e-05 1.145e-05 1.505e-05 1.17e-05 0.00017565 0.0001757 1.27e-05 1.335e-05 1.185e-05 1.175e-05 1.19e-05 1.095e-05 1.09e-05 1.18e-05 1.205e-05 1.1e-05 1.205e-05 1.07e-05 1.215e-05 1.285e-05 1.38e-05 1.2e-05 1.195e-05 1.08e-05 1.06e-05 1.28e-05 1.18e-05 1.135e-05 0.0001755 1.105e-05 1.31e-05 1.19e-05 1.055e-05 1.055e-05 0.00017925 1.2e-05 1.22e-05 1.2e-05 1.21e-05 1.215e-05 1.125e-05 0.0001748 0.00017565 1.165e-05 1.185e-05 1.24e-05 1.215e-05 1.32e-05 1.23e-05 1.315e-05 1.105e-05 0.00017665 1.22e-05 1.075e-05 1.185e-05 1.085e-05
35 1.02e-05 1.12e-05 9.95e-06 1.17e-05 1.455e-05 8.6e-06 9.7e-06 1.655e-05 1.165e-05 9.55e-06 1.17e-05 1.39e-05 1.48e-05 1.185e-05 9.6e-06 0.0001755 1.11e-05 1.215e-05 1e-05 3.195e-05 1.355e-05 1.215e-05 1.205e-05 1.105e-05 3.065e-05 8.5e-06 8.2e-06 1.485e-05 1.03e-05 1.02e-05 9.7e-06 1.02e-05 1.175e-05 3.1e-05 1.11e-05 1.6e-05 1.38e-05 1.075e-05 8.65e-06 1.26e-05 9e-06 8.25e-06 1.24e-05 9.4e-06 1.62e-05 9.35e-06 0.000174 0.00017435 1.2e-05 1.395e-05 1.205e-05 9.95e-06 1.145e-05 8.6e-06 8.05e-06 9.55e-06 9.75e-06 1.005e-05 1.105e-05 9.9e-06 9.8e-06 1.5e-05 1.385e-05 1.02e-05 9.35e-06 1.26e-05 8.65e-06 1.11e-05 1.16e-05 1.015e-05 0.000175 8.55e-06 1.32e-05 1.12e-05 8.2e-06 8.15e-06 0.0001779 1.11e-05 9.85e-06 9.75e-06 1.14e-05 9.8e-06 1.005e-05 0.00017315 0.00017435 1.465e-05 1.005e-05 1.255e-05 1.04e-05 1.325e-05 1.245e-05 1.325e-05 8.85e-06 0.00017715 9.85e-06 8.4e-06 1.14e-05 8.5e-06
36 1.445e-05 1.205e-05 2.105e-05 1.21e-05 2.425e-05 2.065e-05 2.035e-05 5.9e-06 1.25e-05 1.31e-05 1.255e-05 1.2e-05 1.195e-05 1.265e-05 2.02e-05 0.0001836 2.14e-05 1.29e-05 2.085e-05 3.27e-05 2.425e-05 1.97e-05 1.24e-05 5.6e-06 3.96e-05 2.06e-05 2.06e-05 4.65e-06 1.2e-05 2.135e-05 1.92e-05 1.235e-05 1.26e-05 4.125e-05 1.24e-05 1.38e-05 7.1e-06 2.155e-05 2.025e-05 1.245e-05 2.07e-05 2.04e-05 1.195e-05 1.385e-05 7.4e-06 2.075e-05 0.00018425 0.00017745 1.28e-05 1.945e-05 1.245e-05 2.04e-05 1.94e-05 2.01e-05 1.4e-05 2.105e-05 1.43e-05 1.265e-05 1.955e-05 1.94e-05 2.07e-05 1.085e-05 1.42e-05 2.1e-05 1.41e-05 4.6e-06 2.09e-05 2.125e-05 1.955e-05 1.195e-05 0.00017545 1.38e-05 1.97e-05 1.345e-05 1.995e-05 1.335e-05 0.00018735 5.75e-06 2.12e-05 2.095e-05 1.975e-05 2.115e-05 1.2e-05 0.00018375 0.0001838 3.85e-06 2.075e-05 1.21e-05 2.075e-05 1.295e-05 1.24e-05 6.4e-06 2.07e-05 0.0001762 2.12e-05 2.01e-05 1.925e-05 2.075e-05
37 1.16e-05 1.29e-05 1.75e-06 1.335e-05 9.5e-06 3.9e-06 4.75e-06 2.44e-05 1.355e-05 1.145e-05 1.35e-05 1.49e-05 1.505e-05 1.355e-05 4.7e-06 0.00016945 5.55e-06 1.335e-05 5.45e-06 3.33e-05 8.7e-06 6.45e-06 1.32e-05 1.92e-05 2.495e-05 3.6e-06 3.85e-06 2.27e-05 1.2e-05 5.15e-06 5.5e-06 1.205e-05 1.365e-05 2.56e-05 1.31e-05 1.075e-05 2.155e-05 3e-07 3.4e-06 1.43e-05 4.2e-06 3.85e-06 1.34e-05 1.075e-05 2.355e-05 4.2e-06 0.0001691 0.00017585 1.37e-05 7.4e-06 1.32e-05 4.7e-06 5.9e-06 3.15e-06 1.06e-05 4.65e-06 1.18e-05 1.16e-05 5.8e-06 5.1e-06 5.3e-06 1.535e-05 1.5e-05 5.15e-06 1.145e-05 2.135e-05 3.9e-06 5.85e-06 6.05e-06 1.15e-05 0.00017655 1.06e-05 7.35e-06 1.295e-05 3.1e-06 1e-05 0.00017285 1.92e-05 4.9e-06 4.3e-06 5.55e-06 4.85e-06 1.14e-05 0.0001684 0.00016925 2.255e-05 5.05e-06 1.275e-05 5.2e-06 1.15e-05 1.31e-05 2.075e-05 3.8e-06 0.00017805 4.9e-06 3.25e-06 5.9e-06 3.75e-06
38 9.9e-06 1.05e-05 2.65e-06 1.2e-05 7.75e-06 1.55e-06 2.6e-06 2.305e-05 1.14e-05 9.3e-06 1.145e-05 1.365e-05 1.45e-05 1.22e-05 2.65e-06 0.00016845 4.05e-06 1.2e-05 3.65e-06 3.18e-05 6.65e-06 5.25e-06 1.185e-05 1.745e-05 2.36e-05 1.5e-06 1.75e-06 2.14e-05 1e-05 3.35e-06 3.35e-06 1e-05 1.15e-05 2.405e-05 1.095e-05 8.65e-06 2.025e-05 3.4e-06 1.7e-06 1.245e-05 2.05e-06 1.75e-06 1.21e-05 8.9e-06 2.27e-05 2e-06 0.00016705 0.0001741 1.235e-05 6.9e-06 1.19e-05 2.9e-06 4.6e-06 1.35e-06 8.5e-06 2.85e-06 9.85e-06 9.75e-06 4.05e-06 3.05e-06 3.5e-06 1.48e-05 1.37e-05 3.35e-06 9.65e-06 1.91e-05 1.8e-06 4.35e-06 4.75e-06 9.75e-06 0.0001748 8.55e-06 6.35e-06 1.11e-05 1e-06 7.9e-06 0.0001711 1.75e-05 2.75e-06 2.8e-06 4.25e-06 2.75e-06 9.65e-06 0.00016635 0.0001675 2.115e-05 3.25e-06 1.22e-05 3.45e-06 1.285e-05 1.205e-05 1.97e-05 1.6e-06 0.000177 2.8e-06 1.1e-06 4.6e-06 1.65e-06
39 1.265e-05 1.14e-05 1.345e-05 1.245e-05 1.495e-05 1.285e-05 1.155e-05 1.355e-05 1.18e-05 1.24e-05 1.195e-05 1.2e-05 1.295e-05 1.295e-05 1.175e-05 0.00017605 1.3e-05 1.32e-05 1.165e-05 3.07e-05 1.63e-05 1.3e-05 1.275e-05 1.195e-05 3.26e-05 1.27e-05 1.27e-05 1.22e-05 1.225e-05 1.24e-05 1.17e-05 1.26e-05 1.19e-05 3.32e-05 1.165e-05 1.26e-05 1.245e-05 1.43e-05 1.245e-05 2.07e-05 1.285e-05 1.25e-05 1.255e-05 1.205e-05 1.495e-05 1.3e-05 0.00017605 0.0001753 1.31e-05 1.345e-05 1.285e-05 1.125e-05 1.27e-05 1.22e-05 1.28e-05 1.205e-05 1.21e-05 1.225e-05 1.12e-05 1.185e-05 1.145e-05 1.25e-05 1.465e-05 1.18e-05 1.23e-05 1.145e-05 1.3e-05 1.095e-05 1.285e-05 1.21e-05 0.00017525 1.26e-05 1.17e-05 1.145e-05 1.21e-05 1.22e-05 0.0001789 1.205e-05 1.34e-05 1.19e-05 1.3e-05 1.335e-05 1.19e-05 0.0001755 0.00017485 1.145e-05 1.155e-05 1.29e-05 1.155e-05 1.365e-05 1.27e-05 1.28e-05 1.29e-05 0.00017605 1.34e-05 1.225e-05 1.255e-05 1.285e-05
40 9.8e-06 1.11e-05 3.45e-06 1.225e-05 8.4e-06 2.45e-06 3.25e-06 2.345e-05 1.095e-05 1.015e-05 1.11e-05 1.41e-05 1.505e-05 1.24e-05 3.1e-06 0.0001691 3.85e-06 1.255e-05 3.9e-06 3.24e-05 6.5e-06 5e-06 1.245e-05 1.8e-05 2.44e-05 2.3e-06 2e-06 2.185e-05 1.05e-05 3.1e-06 3.45e-06 1.045e-05 1.105e-05 2.48e-05 1.135e-05 9e-06 2.07e-05 4.2e-06 2.05e-06 1.285e-05 2.5e-06 2.2e-06 1.275e-05 9.85e-06 2.27e-05 1.7e-06 0.00016685 0.00017485 1.255e-05 7.5e-06 1.245e-05 3.4e-06 5.25e-06 1.95e-06 9.3e-06 3e-06 1.035e-05 1.055e-05 4.5e-06 3.7e-06 3.75e-06 1.535e-05 1.435e-05 4.05e-06 1e-05 1.97e-05 2.4e-06 4.95e-06 5.3e-06 1.03e-05 0.00017525 9.3e-06 6.9e-06 1.175e-05 1.7e-06 8.5e-06 0.00017175 1.83e-05 1.55e-06 3.5e-06 4.7e-06 1.7e-06 1.02e-05 0.00016655 0.00016815 2.155e-05 3.4e-06 1.285e-05 4.1e-06 1.35e-05 1.275e-05 2.035e-05 2.15e-06 0.00017755 1.75e-06 1.85e-06 4.7e-06 2.45e-06
41 1.005e-05 1.105e-05 3.05e-06 1.16e-05 7.8e-06 2.05e-06 2.85e-06 2.315e-05 1.15e-05 9.5e-06 1.155e-05 1.375e-05 1.465e-05 1.175e-05 2.75e-06 0.00016865 4.2e-06 1.215e-05 3.2e-06 3.185e-05 6.75e-06 5.3e-06 1.205e-05 1.765e-05 2.385e-05 1.7e-06 1.75e-06 2.145e-05 1.015e-05 3.35e-06 2.9e-06 1.02e-05 1.16e-05 2.41e-05 1.11e-05 8.25e-06 2.04e-05 3.85e-06 1.75e-06 1.25e-05 2.2e-06 2.4e-06 1.225e-05 9.25e-06 2.28e-05 2.45e-06 0.00016715 0.00017425 1.19e-05 7.1e-06 1.205e-05 3.1e-06 4.75e-06 1.7e-06 8.55e-06 2.8e-06 9.7e-06 1.005e-05 4.2e-06 3.2e-06 3.05e-06 1.49e-05 1.385e-05 3.5e-06 9.3e-06 1.935e-05 2.05e-06 4.3e-06 4.9e-06 1e-05 0.0001749 8.7e-06 6.4e-06 1.125e-05 1.25e-06 8.15e-06 0.00017115 1.77e-05 2.95e-06 2.9e-06 4.5e-06 2.9e-06 9.9e-06 0.0001664 0.00016755 2.125e-05 3.3e-06 1.24e-05 3.55e-06 1.31e-05 1.23e-05 1.985e-05 2.1e-06 0.00017705 2.95e-06 1.5e-06 4.65e-06 1.9e-06
