 slim_337500998 slim_337500971 slim_337500950 slim_337500757 slim_337501039 slim_337501030 slim_337500821 slim_337500969 slim_337500851 slim_337501014 slim_337500908 slim_337500870 slim_337500818 slim_337500790 slim_337500993 slim_337500809 slim_337500991 slim_337500741 slim_337500990 slim_337500894 slim_337501031 slim_337501021 slim_337501040 slim_337500900 slim_337501023 slim_337500927 slim_337501038 slim_337501016 slim_337500814 slim_337501019 slim_337500937 slim_337500965 slim_337500825 slim_337501029 slim_337501033 slim_337500939 slim_337501002 slim_337500987 slim_337501028 slim_337501032 slim_337500962 slim_337500850 slim_337500946 slim_337500715 slim_337500882 slim_337500992 slim_337500776 slim_337500959 slim_337501017 slim_337500951 slim_337501011 slim_337500859 slim_337500938 slim_337500935 slim_337500953 slim_337501034 slim_337500836 slim_337501018 slim_337501001 slim_337500805 slim_337500699 slim_337500701 slim_337501009 slim_337501010 slim_337500915 slim_337500985 slim_337500863 slim_337500952 slim_337500896 slim_337501043 slim_337500764 slim_337500997 slim_337501012 slim_337500980 slim_337501042 slim_337501013 slim_337500267 slim_337500970 slim_337500963 slim_337500941 slim_337500575 slim_337501027 slim_337501025 slim_337500641 slim_337500958 slim_337500847 slim_337501035 slim_337500975 slim_337500924 slim_337500986 slim_337500996 slim_337500977 slim_337500967 slim_337500943 slim_337500988 slim_337501007 slim_337500824 slim_337500973 slim_337500629 slim_337500956
0 0.000413 0.0003743 0.0004334 0.0006373 0.00050975 0.00035645 0.0004263 0.00035995 0.00049585 0.0004416 0.00039635 0.0003958 0.00025535 0.00067465 0.00047085 0.0003746 0.0005454 0.00020745 0.00032095 0.00057075 0.0006469 0.00074715 0.0004927 0.00020805 0.0004489 0.00052625 0.00048205 0.00048645 0.0006815 0.00039595 0.00043855 0.0003549 0.00061635 0.0003075 0.000483 0.00058475 0.00063435 0.00037385 0.00058595 0.00037475 0.00067645 0.0004095 0.00050975 0.0006371 0.0002075 0.0003958 0.0004973 0.00039685 0.00063425 0.0004402 0.00049595 0.000593 0.0004378 0.0003968 0.00039635 0.0004456 0.0005709 0.00061505 0.00067445 0.00058465 0.00020775 0.0003684 0.00039685 0.0004385 0.00048575 0.00046065 0.00059295 0.00024455 0.0005712 0.0003752 0.00049225 0.00058485 0.00063855 0.0004863 0.00052345 0.0005233 0.00066435 0.00063425 0.000634 0.0004923 0.00039595 0.0005893 0.0007242 0.0006268 0.0006384 0.00030195 0.00047495 0.00036465 0.00061505 0.00054865 0.00067465 0.00061405 0.00039665 0.00048885 0.00039615 0.00076455 0.00067455 0.0003957 0.00047025 0.0004713
1 0.0003743 0.0005629 0.00044405 0.00057205 0.00052175 0.0004823 0.00040905 0.0004137 0.00055225 0.0003817 0.00051865 0.00042655 0.0004663 0.0006099 0.00052 0.00037385 0.00054355 0.00035305 0.000377 0.00064555 0.0006409 0.00059915 0.00048215 0.0004664 0.000428 0.0005351 0.0004822 0.00055775 0.0006299 0.00042655 0.00058525 0.00049995 0.0006229 0.0004792 0.0004354 0.000571 0.00056235 0.00037365 0.00059135 0.00037395 0.00062895 0.00052915 0.00052175 0.00057185 0.00035355 0.0004264 0.00051225 0.00051915 0.00056235 0.0005123 0.00055235 0.0005087 0.00058495 0.0005191 0.00051865 0.00050985 0.0006457 0.00055375 0.0006097 0.00061505 0.0003744 0.0004767 0.00051915 0.0005852 0.0004659 0.0003374 0.00050865 0.00029955 0.00036395 0.0004983 0.0004817 0.00057235 0.00058865 0.0005576 0.0004831 0.00048295 0.0005449 0.00056225 0.000562 0.00048175 0.0004271 0.00059765 0.0006012 0.00063745 0.0005968 0.00044755 0.0005632 0.00037425 0.00055375 0.00055355 0.0006099 0.0005778 0.0004982 0.0005327 0.00051845 0.0006488 0.0006098 0.00051855 0.00037435 0.000612
2 0.0004334 0.00044405 0.0003625 0.0003417 0.000382 0.00038945 0.0003421 0.00028525 0.0004472 0.0004238 0.0003895 0.00023705 0.00056645 0.0004925 0.00046325 0.00060745 0.0007365 0.0004142 0.000426 0.00067325 0.00057935 0.00077375 0.00018555 0.0005971 0.00038625 0.0005634 0.00046115 0.0007002 0.00056665 0.0002262 0.00060615 0.00062425 0.00047915 0.0006356 0.00047095 0.0001852 0.00047425 0.000607 0.00075795 0.0006076 0.00068785 0.0003919 0.00038185 0.00034195 0.0004255 0.0002259 0.00045915 0.00039295 0.000471 0.0005084 0.0004472 0.0004242 0.0006057 0.0003929 0.0003895 0.0006785 0.0006734 0.00029785 0.00049255 0.000608 0.00043365 0.0004276 0.00039295 0.0006061 0.0005369 0.0003935 0.0004241 0.0002257 0.0006421 0.00039215 0.00018215 0.0001897 0.0007729 0.00069965 0.0004923 0.00049215 0.00058705 0.00047115 0.00047075 0.0001822 0.00022945 0.0004839 0.00078135 0.00039835 0.00055155 0.0004806 0.0007196 0.00060075 0.000298 0.0006074 0.00049205 0.00050505 0.00037355 0.00065435 0.00038955 0.0008026 0.00049195 0.00038925 0.00044415 0.00061555
3 0.0006373 0.00057205 0.0003417 0.0005271 0.00047155 0.0005298 0.00049475 0.00043925 0.00050735 0.0005358 0.0005168 0.0003947 0.0007555 0.00041575 0.00057855 0.000704 0.00069295 0.0006358 0.000592 0.00069105 0.000621 0.0005933 0.0002971 0.0007694 0.00038465 0.00061745 0.0005362 0.00066845 0.0005434 0.00038505 0.00070955 0.00074615 0.0004334 0.0007586 0.0005275 0.0002643 0.0004496 0.00070365 0.00065905 0.00070415 0.00064255 0.00051635 0.0004714 0.0002639 0.000646 0.0003847 0.0004398 0.000517 0.00044955 0.00062675 0.00050735 0.00045825 0.0007092 0.00051695 0.0005168 0.0007021 0.0006912 0.000374 0.00041585 0.0006552 0.00063745 0.00055725 0.000517 0.0007095 0.00053665 0.0004878 0.00045815 0.00046245 0.0006454 0.0005269 0.00029695 0.0002694 0.0006032 0.00066895 0.0004935 0.00049335 0.00055955 0.00044975 0.0004493 0.000297 0.000385 0.0004179 0.00060195 0.00045675 0.00047 0.0006989 0.00066065 0.00070755 0.0003742 0.00050715 0.00041635 0.00054905 0.00051545 0.0006248 0.0005169 0.00056785 0.00041625 0.00051665 0.000537 0.0007005
4 0.00050975 0.00052175 0.000382 0.00047155 0.0007172 0.0004783 0.0004225 0.00040245 0.00052765 0.0005376 0.0004781 0.0003895 0.00060715 0.0004707 0.0005164 0.00060975 0.00072045 0.000508 0.00039005 0.0006544 0.0006084 0.00067475 0.0003617 0.0005977 0.00050305 0.0005598 0.0004267 0.00059035 0.00056575 0.0003906 0.0006415 0.0006564 0.00058565 0.0006454 0.00057485 0.0003615 0.0005542 0.0006095 0.0006395 0.00060985 0.00071515 0.00048105 0.000359 0.0004715 0.0005073 0.00039045 0.00050555 0.00048095 0.0005521 0.0005135 0.00052775 0.0005147 0.0006413 0.00048095 0.00047805 0.00067115 0.00065455 0.0003914 0.00047095 0.00048575 0.0005098 0.00051385 0.000481 0.0006415 0.00050255 0.0004843 0.00051495 0.0004132 0.0006462 0.0004812 0.00035885 0.0003648 0.00073735 0.0005886 0.0004938 0.00049365 0.00058395 0.0005521 0.00055185 0.0003589 0.000393 0.00054485 0.00066225 0.00052225 0.00048275 0.00057465 0.000669 0.0006034 0.0003914 0.0006401 0.00046945 0.000563 0.00047935 0.00050035 0.00047845 0.0005811 0.00046935 0.00047815 0.00052175 0.0006053
5 0.00035645 0.0004823 0.00038945 0.0005298 0.0004783 0.00064 0.00044355 0.00039625 0.0004291 0.00049125 0.00036035 0.0003923 0.00036925 0.0006003 0.0005113 0.0004467 0.00055805 0.00038515 0.0004744 0.00054795 0.00054115 0.00073535 0.00036165 0.0003207 0.00052615 0.0004767 0.00054775 0.00056115 0.00059785 0.00039615 0.00045365 0.0004383 0.0005008 0.0004184 0.00051845 0.0004011 0.00052995 0.00044635 0.00062975 0.0004465 0.00062245 0.00037375 0.00047845 0.00052975 0.00038165 0.00039595 0.00048945 0.00036155 0.00052895 0.00042165 0.0004292 0.00050175 0.00045365 0.00036185 0.00035995 0.0004893 0.0005481 0.00044755 0.00060045 0.0005973 0.00035665 0.00035055 0.0003619 0.00045395 0.00059685 0.0004369 0.00050185 0.00038545 0.00058805 0.00033965 0.00036015 0.00040015 0.00064675 0.0005618 0.00059005 0.0005899 0.00057625 0.00052895 0.0005287 0.0003602 0.0003974 0.0005181 0.0007306 0.0004934 0.0006005 0.00041805 0.0005267 0.0004366 0.00044755 0.0005591 0.00060165 0.0005065 0.0003905 0.00057605 0.00036045 0.0008021 0.00060155 0.00036015 0.00052205 0.0004794
6 0.0004263 0.00040905 0.0003421 0.00049475 0.0004225 0.00044355 0.0006136 0.00031865 0.0005014 0.0004672 0.0004436 0.00032465 0.00054695 0.0005326 0.0004597 0.00052815 0.0006573 0.0004069 0.00040495 0.0006363 0.0005322 0.0006865 0.00034225 0.00054535 0.00047785 0.00048385 0.00043965 0.00063445 0.00052075 0.0003246 0.0005865 0.0006048 0.00057365 0.00058405 0.00049805 0.0003419 0.0004979 0.00052775 0.00069225 0.0005283 0.0006407 0.0004461 0.0004225 0.0004945 0.00040735 0.0003245 0.00051745 0.0004441 0.0004978 0.00042885 0.0005015 0.0004671 0.0005861 0.00044405 0.0004436 0.0005993 0.00063645 0.0003245 0.00053235 0.0005574 0.0004265 0.0004818 0.0004441 0.00058645 0.00051575 0.00042005 0.00046705 0.00032475 0.0005516 0.0004461 0.0003418 0.00035015 0.0006937 0.0006343 0.0005329 0.00053275 0.00048015 0.0004978 0.00049755 0.00034185 0.0003252 0.0005381 0.0006885 0.0004847 0.00052635 0.00050135 0.00067205 0.00052175 0.0003243 0.00065445 0.0005326 0.00050085 0.00042485 0.00059315 0.00044335 0.00072325 0.0005325 0.0004434 0.00040945 0.00057855
7 0.00035995 0.0004137 0.00028525 0.00043925 0.00040245 0.00039625 0.00031865 0.000424 0.00045405 0.0004822 0.00039635 0.00024885 0.00053535 0.0005125 0.00039285 0.00056105 0.00068885 0.00034085 0.0003661 0.0005979 0.00059 0.00077335 0.0002857 0.00050755 0.0004029 0.0005239 0.0004008 0.0006238 0.00054135 0.00024845 0.0005749 0.00059315 0.0005524 0.0005462 0.0005202 0.00028535 0.00052005 0.00056055 0.00068155 0.0005612 0.0006985 0.00039875 0.0004023 0.0004393 0.00034105 0.0002488 0.0004713 0.00039685 0.0005198 0.0004689 0.00045405 0.0004821 0.0005744 0.0003968 0.00039635 0.00063085 0.00059805 0.0003548 0.0005124 0.00054625 0.00035975 0.00042625 0.00039685 0.00057485 0.00047665 0.00044355 0.000482 0.0002491 0.00064675 0.00039885 0.00028525 0.00028485 0.0007306 0.00062365 0.0005128 0.00051265 0.00058945 0.0005199 0.00051955 0.0002853 0.0002495 0.0004961 0.00074725 0.0004634 0.0004759 0.00051575 0.00063535 0.00055455 0.0003549 0.0006085 0.00051245 0.00054525 0.0003776 0.0005837 0.00039625 0.00073975 0.00051235 0.00039605 0.00041365 0.0005402
8 0.00049585 0.00055225 0.0004472 0.00050735 0.00052765 0.0004291 0.0005014 0.00045405 0.0007514 0.00053275 0.0004184 0.00044995 0.00050905 0.0005781 0.00054795 0.0005167 0.0004846 0.0005245 0.00060505 0.00047375 0.0004975 0.00069245 0.00038945 0.00046045 0.0005852 0.00042375 0.00058595 0.00062025 0.0005793 0.000454 0.00049185 0.00046685 0.00047465 0.00044695 0.00055575 0.0003775 0.00048585 0.00051635 0.000578 0.00051685 0.0005583 0.00040725 0.0005276 0.00050735 0.00052105 0.0004536 0.0005011 0.0004198 0.0004848 0.0004554 0.0003762 0.000462 0.0004915 0.00041975 0.0004184 0.0005266 0.0004739 0.0004239 0.00057805 0.00062525 0.000496 0.00042905 0.0004198 0.0004918 0.00065595 0.0004829 0.0004617 0.00052475 0.00056025 0.00041835 0.0003881 0.00037645 0.00060385 0.00062125 0.00064905 0.0006489 0.00053215 0.00048445 0.00048455 0.00038815 0.0004553 0.00049545 0.0006877 0.0004497 0.00057805 0.00055745 0.0004909 0.0005131 0.0004237 0.00050735 0.000579 0.000452 0.0004484 0.0006424 0.00041835 0.0007809 0.0005789 0.00041825 0.00053805 0.00051605
9 0.0004416 0.0003817 0.0004238 0.0005358 0.0005376 0.00049125 0.0004672 0.0004822 0.00053275 0.0006623 0.00050435 0.0004536 0.0004676 0.0006184 0.00058395 0.0004322 0.0005449 0.0004414 0.00047495 0.00066295 0.00057915 0.0006146 0.0004552 0.0004924 0.0004735 0.00054625 0.00055175 0.00060655 0.0006639 0.0004538 0.000564 0.00049605 0.00056265 0.00052055 0.000436 0.0005163 0.0005284 0.00043175 0.00063495 0.00043235 0.00058815 0.00050965 0.0005376 0.0005357 0.00044145 0.0004537 0.00052445 0.00050465 0.0005285 0.00052345 0.00053285 0.0004239 0.00056355 0.0005046 0.00050435 0.00051625 0.0006631 0.0005298 0.0006183 0.0006678 0.00044185 0.0004889 0.00050465 0.00056395 0.00055615 0.00037635 0.0004238 0.0003612 0.00035165 0.00049665 0.00045495 0.0005165 0.00061695 0.0006071 0.00052595 0.0005258 0.0005417 0.0005285 0.00052825 0.000455 0.00045405 0.0006051 0.00063125 0.0005759 0.00064665 0.0004419 0.0006123 0.00042565 0.0005298 0.0005524 0.0006191 0.00049225 0.00050425 0.00061715 0.00050425 0.0007211 0.000619 0.0005041 0.00044645 0.0006346
10 0.00039635 0.00051865 0.0003895 0.0005168 0.0004781 0.00036035 0.0004436 0.00039635 0.0004184 0.00050435 0.0007193 0.00039245 0.00040935 0.0005872 0.00051145 0.0004826 0.000574 0.0004249 0.00051415 0.00053725 0.00050145 0.000749 0.00036165 0.0003603 0.0005529 0.000466 0.0005478 0.00058745 0.00058485 0.00039625 0.000454 0.0004673 0.0004878 0.0004474 0.00054515 0.0003614 0.0005169 0.00048275 0.0006457 0.00048315 0.00060945 0.00036285 0.0004785 0.00051675 0.0004215 0.0003961 0.0005026 0.00036185 0.00051595 0.00041075 0.0004185 0.000475 0.00045375 0.0003614 0.0003601 0.00051595 0.0005374 0.0004079 0.00058745 0.00059735 0.0003962 0.0003905 0.0003615 0.0004537 0.00062365 0.00047665 0.00047525 0.0004253 0.00059775 0.000363 0.00035995 0.0003605 0.0006604 0.0005888 0.00061675 0.0006166 0.00056325 0.00051595 0.0005157 0.00036 0.0003975 0.0005051 0.00074425 0.00045375 0.0005875 0.0004579 0.00055575 0.0004767 0.0004079 0.00057505 0.00058865 0.0004668 0.0003905 0.00061585 0.0003602 0.00081575 0.00058855 0.00036015 0.00051865 0.00047915
11 0.0003958 0.00042655 0.00023705 0.0003947 0.0003895 0.0003923 0.00032465 0.00024885 0.00044995 0.0004536 0.00039245 0.0004724 0.0005486 0.0004984 0.00042245 0.0005784 0.00070745 0.00037685 0.00039305 0.00063605 0.00058135 0.0007647 0.00023835 0.00054805 0.0003987 0.0005344 0.0004266 0.0006541 0.0005495 0.00024065 0.00058815 0.0006064 0.00051935 0.0005867 0.0004944 0.000238 0.00049515 0.0005779 0.00071185 0.00057855 0.00068985 0.00039465 0.00038945 0.0003947 0.000373 0.00024015 0.0004619 0.00039385 0.0004941 0.0004794 0.00045025 0.0004535 0.00058765 0.0003938 0.00039245 0.00064945 0.0006362 0.000321 0.00049835 0.00057535 0.0003962 0.0004306 0.00039385 0.0005881 0.0005023 0.00041655 0.0004532 0.00024065 0.0006394 0.000395 0.000237 0.00024505 0.00074385 0.0006551 0.0004987 0.00049855 0.00057805 0.0004939 0.00049385 0.00023705 0.00024185 0.00048665 0.0007568 0.00043245 0.0005065 0.00049335 0.0006705 0.0005719 0.0003208 0.00060825 0.0004993 0.0005278 0.0003746 0.0006098 0.0003924 0.000761 0.0004992 0.00039215 0.00042675 0.00057835
12 0.00025535 0.0004663 0.00056645 0.0007555 0.00060715 0.00036925 0.00054695 0.00053535 0.00050905 0.0004676 0.00040935 0.0005486 0.0001998 0.00077015 0.0005938 0.00031215 0.00046575 0.00025455 0.0004528 0.0005541 0.0005253 0.00072835 0.00062315 0.00010065 0.00060165 0.00049265 0.000612 0.00046195 0.0007533 0.0005635 0.0002894 0.0002001 0.00059405 0.00020035 0.0005232 0.0007155 0.00067225 0.000312 0.00056165 0.0003119 0.00055485 0.0004227 0.00060715 0.0007553 0.00023995 0.0005635 0.00055265 0.0004072 0.0006744 0.0004066 0.00050915 0.00061895 0.00028965 0.00040755 0.0004089 0.000366 0.00055425 0.00070125 0.00076995 0.0006522 0.0002553 0.0003727 0.0004076 0.00028975 0.00061635 0.0005183 0.0006189 0.0004123 0.0005217 0.0003885 0.00062495 0.00070975 0.00057875 0.00046365 0.000619 0.00061885 0.0006577 0.0006744 0.00067415 0.000625 0.0005618 0.00062235 0.0007291 0.00059805 0.00074175 0.0001557 0.0004105 0.00030215 0.00070125 0.00054705 0.0007724 0.00059055 0.00040705 0.0005086 0.00040915 0.0008248 0.0007723 0.0004094 0.00056205 0.00045445
13 0.00067465 0.0006099 0.0004925 0.00041575 0.0004707 0.0006003 0.0005326 0.0005125 0.0005781 0.0006184 0.0005872 0.0004984 0.00077015 0.0008284 0.00060125 0.00069525 0.0006842 0.00067315 0.0005581 0.0006808 0.00063615 0.0005318 0.00044875 0.00076015 0.00050325 0.0006087 0.0005017 0.00058735 0.00053455 0.0005022 0.00072425 0.0007608 0.0005311 0.00074935 0.00059865 0.00041595 0.00052195 0.0006949 0.0005781 0.0006954 0.00065775 0.0005871 0.000471 0.0004157 0.0006697 0.00050205 0.00050665 0.00058885 0.000521 0.000618 0.0005782 0.0005406 0.0007239 0.0005888 0.0005872 0.00069335 0.00068095 0.00044545 0.0004145 0.0005737 0.0006748 0.0006281 0.00058885 0.0007242 0.00050215 0.00055885 0.00054085 0.0005797 0.0006486 0.00059745 0.00044715 0.0004204 0.0005944 0.00058855 0.0004923 0.0004921 0.0005513 0.000521 0.00052075 0.0004472 0.00050345 0.0004886 0.00052205 0.00055155 0.00042475 0.00073795 0.0006475 0.0006988 0.00044545 0.00057915 0.00041595 0.0006138 0.0005873 0.0005404 0.00058745 0.00041555 0.00041585 0.000587 0.00057475 0.00069025
14 0.00047085 0.00052 0.00046325 0.00057855 0.0005164 0.0005113 0.0004597 0.00039285 0.00054795 0.00058395 0.00051145 0.00042245 0.0005938 0.00060125 0.0007637 0.00060845 0.00071435 0.000458 0.000476 0.0005072 0.00062155 0.00079375 0.0004636 0.0005597 0.00053855 0.0005848 0.00048885 0.0006496 0.0005113 0.0004229 0.00059045 0.00063035 0.00064265 0.0005832 0.0006297 0.0004633 0.00062975 0.00060795 0.0006861 0.0006086 0.00070865 0.0005139 0.0005164 0.00057835 0.00045775 0.0004228 0.0005642 0.00051195 0.00062965 0.00055105 0.00054805 0.00058405 0.00058995 0.0005119 0.00051145 0.0006776 0.00050735 0.00050005 0.00060105 0.00047565 0.00047125 0.0005312 0.00051195 0.0005904 0.0005612 0.00055375 0.000584 0.00042285 0.000681 0.00051385 0.00046315 0.0004693 0.000752 0.00064945 0.00060135 0.0006012 0.0006662 0.00062965 0.0006294 0.0004632 0.00042335 0.0005859 0.00076765 0.00054215 0.00057095 0.0005928 0.00064405 0.00060195 0.00050005 0.00066345 0.00060125 0.00062675 0.0004988 0.0006125 0.00051125 0.0007392 0.00060115 0.00051115 0.00052025 0.00047075
15 0.0003746 0.00037385 0.00060745 0.000704 0.00060975 0.0004467 0.00052815 0.00056105 0.0005167 0.0004322 0.0004826 0.0005784 0.00031215 0.00069525 0.00060845 0.0005191 0.00039155 0.0004013 0.000501 0.0005466 0.00054605 0.0005649 0.00061545 0.0002602 0.00059575 0.00044815 0.00060355 0.0004726 0.0006651 0.00059685 0.00043615 0.0003459 0.0005952 0.0003214 0.00048235 0.00070435 0.00057925 0.00025995 0.00050665 0.00026015 0.00053355 0.00049335 0.00060975 0.0007038 0.00038315 0.00059685 0.00054895 0.00048235 0.0005804 0.0004251 0.0005168 0.0005303 0.000436 0.00048185 0.000483 0.0003578 0.00054675 0.00063685 0.00069505 0.00063965 0.00037435 0.00043285 0.000482 0.00043585 0.00058705 0.00039375 0.00053025 0.0004989 0.00030735 0.0004625 0.00061615 0.00069875 0.00048665 0.0004755 0.00059735 0.0005972 0.00051155 0.0005803 0.00058005 0.0006162 0.00059625 0.0006121 0.0005728 0.0006585 0.0006592 0.0004004 0.00042985 0.0002605 0.00063685 0.00051545 0.00069795 0.00051315 0.0005093 0.0005229 0.00048255 0.0006877 0.00069785 0.00048305 0.00046635 0.0005127
16 0.0005454 0.00054355 0.0007365 0.00069295 0.00072045 0.00055805 0.0006573 0.00068885 0.0004846 0.0005449 0.000574 0.00070745 0.00046575 0.0006842 0.00071435 0.00039155 0.000429 0.00059305 0.0006918 0.0004913 0.0005464 0.00040925 0.0007054 0.00039355 0.0006647 0.000416 0.00072405 0.00050385 0.0006413 0.0007259 0.0005096 0.00037635 0.000552 0.00035185 0.0004665 0.0007534 0.0004837 0.0003912 0.0004144 0.0003917 0.0004205 0.00057095 0.00072045 0.00069275 0.0005748 0.0007259 0.0005965 0.00057335 0.0004849 0.0005027 0.00048465 0.000563 0.00050925 0.0005733 0.000574 0.000304 0.00049145 0.0006859 0.000684 0.0007272 0.00054555 0.00051135 0.00057335 0.00050955 0.000656 0.00052675 0.00056295 0.00070795 0.0003805 0.00055765 0.0007061 0.00074655 0.000331 0.0005064 0.0006663 0.00066615 0.00041605 0.0004846 0.0004845 0.00070615 0.0007253 0.00060105 0.00041685 0.00069 0.0006469 0.00059205 0.00037035 0.00039455 0.0006859 0.0004232 0.0006869 0.00046215 0.00062095 0.00060625 0.0005738 0.00061655 0.0006868 0.00057385 0.00058985 0.0005808
17 0.00020745 0.00035305 0.0004142 0.0006358 0.000508 0.00038515 0.0004069 0.00034085 0.0005245 0.0004414 0.0004249 0.00037685 0.00025455 0.00067315 0.000458 0.0004013 0.00059305 0.0003173 0.00029015 0.0006055 0.00064615 0.00076465 0.00050215 0.00025545 0.00041865 0.0005549 0.0004515 0.00050385 0.00069725 0.00037685 0.0004382 0.00035425 0.000645 0.00030675 0.0004828 0.0005944 0.000663 0.000401 0.00060345 0.0004014 0.00067625 0.0004382 0.000508 0.0006356 0.00015915 0.0003767 0.00049595 0.00042535 0.0006629 0.0004689 0.0005246 0.00062165 0.00043795 0.00042535 0.00042485 0.00049335 0.00060565 0.0006247 0.00067295 0.000589 0.00020755 0.00039675 0.0004254 0.0004382 0.00045605 0.00046855 0.0006216 0.0001966 0.000598 0.000404 0.0005017 0.0005945 0.000656 0.00050365 0.0004931 0.00049295 0.000693 0.0006629 0.00066265 0.00050175 0.0003774 0.00058775 0.0007417 0.0006076 0.0006369 0.0002537 0.0004926 0.0003916 0.0006247 0.00056615 0.00067315 0.0006617 0.0003769 0.0004761 0.0004247 0.0007519 0.00067305 0.0004248 0.0004491 0.00050595
18 0.00032095 0.000377 0.000426 0.000592 0.00039005 0.0004744 0.00040495 0.0003661 0.00060505 0.00047495 0.00051415 0.00039305 0.0004528 0.0005581 0.000476 0.000501 0.0006918 0.00029015 0.0003928 0.00068785 0.0007538 0.00067285 0.00049255 0.0004447 0.0003991 0.00062 0.0003607 0.0004888 0.00066235 0.00039035 0.00062585 0.0005438 0.00071415 0.0005053 0.0005128 0.0005848 0.0006716 0.0005007 0.0005797 0.0005011 0.0007821 0.00052745 0.00039005 0.0005918 0.00029335 0.0003902 0.00050035 0.00051575 0.00067035 0.0005427 0.00060515 0.00063265 0.0006256 0.00051575 0.0005141 0.0006008 0.000688 0.0005985 0.0005579 0.00047285 0.00032105 0.00049135 0.0005158 0.00062585 0.00036525 0.00046825 0.0006326 0.00023265 0.00061945 0.00049325 0.00049095 0.0005891 0.00071545 0.0004859 0.0004006 0.00040045 0.000685 0.00067035 0.0006701 0.000491 0.00039205 0.000629 0.00064215 0.00069525 0.0005336 0.00041875 0.0005883 0.0004913 0.0005985 0.00061365 0.0005554 0.0007102 0.0004853 0.0003733 0.00051395 0.00052985 0.0005553 0.00051405 0.00047305 0.000597
19 0.00057075 0.00064555 0.00067325 0.00069105 0.0006544 0.00054795 0.0006363 0.0005979 0.00047375 0.00066295 0.00053725 0.00063605 0.0005541 0.0006808 0.0005072 0.0005466 0.0004913 0.0006055 0.00068785 0.0006894 0.00053755 0.00072135 0.00061455 0.00047195 0.0007249 0.00047395 0.00064805 0.0006156 0.00054095 0.0006361 0.000494 0.0004906 0.0005978 0.00044325 0.0006909 0.00060265 0.0006203 0.00054625 0.00055205 0.00054675 0.00057695 0.00052635 0.0006544 0.00069085 0.00060565 0.0006361 0.00060325 0.00053775 0.0006202 0.0005269 0.0004738 0.0005924 0.00049365 0.0005377 0.00053725 0.0005546 0.00034485 0.0006028 0.0006806 0.0005254 0.0005709 0.0005295 0.00053775 0.00049395 0.0007147 0.00061995 0.00059235 0.0007068 0.0006017 0.00053705 0.0006141 0.00060055 0.00061185 0.00061545 0.00075155 0.0007514 0.00062015 0.0006202 0.00061995 0.00061415 0.00063665 0.00059455 0.0006984 0.00055925 0.00064235 0.00065675 0.00046425 0.000543 0.0006028 0.00056235 0.0006808 0.0005508 0.00057245 0.00064495 0.00053705 0.00075895 0.0006807 0.0005371 0.0006314 0.0004083
20 0.0006469 0.0006409 0.00057935 0.000621 0.0006084 0.00054115 0.0005322 0.00059 0.0004975 0.00057915 0.00050145 0.00058135 0.0005253 0.00063615 0.00062155 0.00054605 0.0005464 0.00064615 0.0007538 0.00053755 0.0004383 0.0006616 0.0005412 0.0005522 0.00076675 0.0004335 0.000638 0.000687 0.0005699 0.00059625 0.0003857 0.00052135 0.00050935 0.00054755 0.0006283 0.0004484 0.00049735 0.0005457 0.000683 0.0005462 0.0003841 0.00049325 0.00060845 0.0006208 0.00063145 0.00059625 0.00067 0.0004996 0.0004999 0.00042955 0.0004976 0.0004507 0.00038535 0.00049955 0.00050145 0.00055015 0.0005377 0.0003868 0.000636 0.0006485 0.00064705 0.00056535 0.0004996 0.00038565 0.000782 0.00058475 0.0004507 0.0007248 0.00049525 0.00052745 0.0005431 0.0004429 0.00061 0.0006891 0.0007648 0.00076465 0.0004356 0.00049975 0.0004995 0.00054315 0.0005944 0.0005614 0.00068735 0.00033495 0.0006297 0.0005474 0.0006404 0.000543 0.0003868 0.00066785 0.00063845 0.00032775 0.0004988 0.00075135 0.0005013 0.00082375 0.00063835 0.0005013 0.00054535 0.0005416
21 0.00074715 0.00059915 0.00077375 0.0005933 0.00067475 0.00073535 0.0006865 0.00077335 0.00069245 0.0006146 0.000749 0.0007647 0.00072835 0.0005318 0.00079375 0.0005649 0.00040925 0.00076465 0.00067285 0.00072135 0.0006616 0.0004362 0.00075675 0.00071305 0.0005918 0.00059585 0.00066795 0.00049595 0.0005945 0.00078315 0.0007435 0.00067185 0.000596 0.0006741 0.0004906 0.0007839 0.00050075 0.00056455 0.0004393 0.00056505 0.0004965 0.00075645 0.00067475 0.0005931 0.0007464 0.00078315 0.0006078 0.00074835 0.000502 0.00066015 0.00069255 0.00062595 0.00074315 0.0007483 0.000749 0.00046555 0.0007215 0.00068835 0.0005316 0.00070365 0.0007473 0.0007162 0.00074835 0.00074345 0.00053035 0.0005836 0.0006259 0.00077195 0.0004418 0.00074265 0.00075745 0.0007824 0.0003164 0.00049855 0.00052065 0.0005205 0.0004051 0.0005018 0.00050155 0.0007575 0.00078255 0.0005999 0.00025135 0.0007794 0.00052175 0.00075575 0.00054685 0.00057505 0.00068835 0.00050095 0.00053455 0.00060435 0.0007658 0.00052915 0.0007488 0.0002813 0.00053445 0.00074885 0.0006246 0.00077795
22 0.0004927 0.00048215 0.00018555 0.0002971 0.0003617 0.00036165 0.00034225 0.0002857 0.00038945 0.0004552 0.00036165 0.00023835 0.00062315 0.00044875 0.0004636 0.00061545 0.0007054 0.00050215 0.00049255 0.00061455 0.0005412 0.00075675 0.0001935 0.00062595 0.00042835 0.00050345 0.00049265 0.0007132 0.0004856 0.00022835 0.00061655 0.000651 0.00042285 0.00066345 0.00050155 9.7e-05 0.000413 0.0006152 0.00074095 0.00061555 0.0006683 0.00036425 0.00036175 0.0002969 0.0005124 0.00022835 0.0004255 0.00036145 0.0004134 0.00047855 0.00038955 0.00036715 0.00061635 0.00036135 0.0003616 0.0006775 0.0006147 0.0002114 0.0004486 0.00058685 0.00049275 0.0004001 0.0003614 0.00061655 0.0005801 0.0003447 0.00036715 0.0003165 0.0006209 0.00036425 9.71e-05 0.0001057 0.0007559 0.00071375 0.000537 0.00053685 0.0005271 0.0004134 0.00041315 9.715e-05 0.0002282 0.00044025 0.0007655 0.00035225 0.0005059 0.0005653 0.00070265 0.0006091 0.0002114 0.0005893 0.00044955 0.0004778 0.00037105 0.00067495 0.0003615 0.00080085 0.00044945 0.0003616 0.000479 0.00058685
23 0.00020805 0.0004664 0.0005971 0.0007694 0.0005977 0.0003207 0.00054535 0.00050755 0.00046045 0.0004924 0.0003603 0.00054805 0.00010065 0.00076015 0.0005597 0.0002602 0.00039355 0.00025545 0.0004447 0.00047195 0.0005522 0.00071305 0.00062595 2.1e-06 0.0006169 0.00043945 0.00060335 0.0004013 0.00071685 0.0005665 0.0002891 0.0002008 0.0005888 0.00014965 0.00053025 0.00071825 0.0006514 0.00026045 0.0005014 0.0002604 0.0005812 0.00037385 0.0005977 0.0007692 0.0002373 0.0005665 0.0005343 0.0003597 0.00065245 0.00035315 0.00046055 0.00061475 0.0002893 0.0003596 0.00036035 0.00029375 0.0004721 0.0006983 0.00075995 0.0006092 0.0002078 0.00032405 0.0003597 0.00028915 0.0006077 0.0005171 0.0006147 0.0004443 0.0005146 0.00033965 0.00062665 0.0007114 0.0005367 0.00040385 0.000638 0.00063785 0.00063115 0.00065245 0.0006522 0.0006267 0.0005659 0.0006039 0.00069595 0.000648 0.00070095 0.000255 0.0003419 0.0002507 0.0006983 0.0005107 0.00076285 0.00054955 0.0004077 0.00047915 0.00036025 0.0008036 0.00076275 0.00036075 0.00056215 0.000372
24 0.0004489 0.000428 0.00038625 0.00038465 0.00050305 0.00052615 0.00047785 0.0004029 0.0005852 0.0004735 0.0005529 0.0003987 0.00060165 0.00050325 0.00053855 0.00059575 0.0006647 0.00041865 0.0003991 0.0007249 0.00076675 0.0005918 0.00042835 0.0006169 0.0005611 0.00067805 0.00047085 0.00056735 0.0006404 0.00038465 0.00069435 0.000634 0.00056245 0.00061895 0.0004658 0.00048795 0.00056735 0.00059525 0.00059965 0.0005959 0.0007099 0.0005632 0.00050305 0.0003846 0.0004325 0.000385 0.000435 0.0005522 0.00056845 0.00065635 0.0005853 0.0005763 0.00069385 0.00055215 0.0005529 0.00063215 0.00072505 0.00058175 0.0005032 0.00064275 0.0004487 0.0005354 0.0005522 0.0006943 0.0003998 0.00047215 0.00057625 0.00028235 0.0006191 0.0005393 0.0004291 0.00049445 0.0005817 0.0005667 0.00040065 0.0004005 0.000661 0.00056845 0.0005682 0.00042915 0.00038445 0.0005025 0.00058225 0.0006303 0.0005214 0.00054345 0.0005803 0.00059585 0.00058175 0.0004811 0.00050275 0.00069635 0.0005218 0.00049815 0.00055285 0.000517 0.00050265 0.0005526 0.00048845 0.00069265
25 0.00052625 0.0005351 0.0005634 0.00061745 0.0005598 0.0004767 0.00048385 0.0005239 0.00042375 0.00054625 0.000466 0.0005344 0.00049265 0.0006087 0.0005848 0.00044815 0.000416 0.0005549 0.00062 0.00047395 0.0004335 0.00059585 0.00050345 0.00043945 0.00067805 0.0007094 0.0005993 0.00058225 0.00055055 0.0005528 0.0004754 0.0004504 0.000533 0.00042585 0.00055575 0.00049145 0.00048385 0.0004478 0.0005399 0.0004483 0.0004943 0.0004551 0.0005598 0.0006172 0.00053665 0.00055285 0.000553 0.00046535 0.0004849 0.00038645 0.0004238 0.00047555 0.00047505 0.0004653 0.000466 0.00045805 0.0004741 0.0004238 0.00060845 0.00061005 0.0005264 0.00047675 0.00046535 0.00047535 0.00066935 0.0004828 0.0004755 0.0006237 0.00045765 0.0004658 0.00050415 0.00049275 0.0005353 0.0005848 0.0006796 0.00067945 0.00041585 0.0004849 0.00048465 0.0005042 0.00055225 0.0005433 0.0006037 0.0005019 0.0005795 0.0005539 0.00047395 0.00044455 0.0004236 0.0005487 0.0006114 0.00042145 0.00049395 0.00061005 0.00046575 0.00072745 0.0006113 0.00046585 0.0005209 0.0005163
26 0.00048205 0.0004822 0.00046115 0.0005362 0.0004267 0.00054775 0.00043965 0.0004008 0.00058595 0.00055175 0.0005478 0.0004266 0.000612 0.0005017 0.00048885 0.00060355 0.00072405 0.0004515 0.0003607 0.00064805 0.000638 0.00066795 0.00049265 0.00060335 0.00047085 0.0005993 0.0007206 0.00055735 0.00061535 0.00042655 0.0006366 0.0006502 0.0006595 0.00061125 0.0005993 0.0004923 0.0006305 0.00060315 0.00059565 0.0006037 0.0007192 0.0005503 0.0004267 0.00053595 0.00045195 0.00042645 0.0005334 0.0005483 0.0006304 0.00056395 0.00058605 0.000583 0.0006362 0.00054825 0.0005478 0.0006857 0.0006482 0.0005056 0.00050145 0.0004888 0.00048225 0.00056675 0.0005483 0.00063655 0.0004364 0.00054165 0.00058295 0.00039535 0.0006387 0.0005503 0.0004922 0.0004978 0.00071055 0.0005574 0.00047065 0.0004705 0.00064345 0.0006304 0.00063015 0.00049225 0.00042715 0.00057275 0.00064 0.000581 0.00047565 0.00057825 0.00062215 0.00059715 0.0005056 0.00063005 0.0005019 0.0006251 0.0005179 0.0004629 0.00054755 0.00051125 0.0005018 0.0005476 0.0004826 0.00060995
27 0.00048645 0.00055775 0.0007002 0.00066845 0.00059035 0.00056115 0.00063445 0.0006238 0.00062025 0.00060655 0.00058745 0.0006541 0.00046195 0.00058735 0.0006496 0.0004726 0.00050385 0.00050385 0.0004888 0.0006156 0.000687 0.00049595 0.0007132 0.0004013 0.00056735 0.00058225 0.00055735 0.0008012 0.00066665 0.00067255 0.0005598 0.00049445 0.0006322 0.00045175 0.00058385 0.0007729 0.00065655 0.0004727 0.0004339 0.0004731 0.0006296 0.000598 0.00059035 0.00066825 0.00048565 0.00067255 0.00053845 0.00058715 0.0006576 0.0005603 0.00062035 0.00068045 0.00055955 0.00058675 0.0005878 0.00047125 0.00061575 0.00073595 0.00058715 0.0005857 0.0004863 0.00056205 0.0005867 0.0005595 0.00048615 0.00059945 0.0006804 0.0005988 0.00056555 0.000574 0.0007139 0.0007714 0.0004708 0.00040405 0.00051345 0.0005135 0.0006193 0.0006576 0.00065735 0.00071395 0.00067195 0.0005875 0.00047385 0.0007459 0.00053835 0.0005352 0.00043375 0.00047325 0.00073595 0.0005149 0.00059025 0.00069665 0.00060465 0.00040385 0.00058735 0.00040355 0.00059015 0.00058775 0.00061835 0.00058295
28 0.0006815 0.0006299 0.00056665 0.0005434 0.00056575 0.00059785 0.00052075 0.00054135 0.0005793 0.0006639 0.00058485 0.0005495 0.0007533 0.00053455 0.0005113 0.0006651 0.0006413 0.00069725 0.00066235 0.00054095 0.0005699 0.0005945 0.0004856 0.00071685 0.0006404 0.00055055 0.00061535 0.00066665 0.0007526 0.00054955 0.0006778 0.0007478 0.00056515 0.00072715 0.0006287 0.00045285 0.0005149 0.00066475 0.0006611 0.00066525 0.0006079 0.00058445 0.00056575 0.0005432 0.0006974 0.00054955 0.0005854 0.00058525 0.00051495 0.000556 0.0005794 0.00055025 0.00067745 0.0005852 0.00058485 0.0006466 0.0005411 0.0004241 0.00053435 0.0005274 0.00068165 0.00062765 0.00058525 0.00067775 0.0006316 0.00056915 0.0005502 0.00066335 0.00063045 0.00059465 0.00048525 0.00045895 0.00061135 0.0006665 0.0006484 0.00064825 0.0004859 0.0005149 0.00051465 0.0004853 0.00055 0.00054965 0.00059655 0.00054575 0.0005261 0.0007552 0.0006895 0.00066865 0.0004241 0.00067 0.00053455 0.0005927 0.00060095 0.00067595 0.00058465 0.00061615 0.00053445 0.0005847 0.0005949 0.00054655
29 0.00039595 0.00042655 0.0002262 0.00038505 0.0003906 0.00039615 0.0003246 0.00024845 0.000454 0.0004538 0.00039625 0.00024065 0.0005635 0.0005022 0.0004229 0.00059685 0.0007259 0.00037685 0.00039035 0.0006361 0.00059625 0.00078315 0.00022835 0.0005665 0.00038465 0.0005528 0.00042655 0.00067255 0.00054955 0.0004501 0.00060305 0.0006213 0.0005156 0.00060515 0.00049815 0.0002279 0.0005001 0.00059635 0.0007303 0.000597 0.00070475 0.0003987 0.0003906 0.00038465 0.00039185 0.0002258 0.0004659 0.0003988 0.00049795 0.0004978 0.0004541 0.00045375 0.00060255 0.00039875 0.00039625 0.0006679 0.00063625 0.0003248 0.00050175 0.0005727 0.00039575 0.0004345 0.0003988 0.000603 0.00050245 0.00042005 0.0004537 0.000226 0.0006543 0.00039845 0.00022585 0.0002343 0.0007623 0.00067085 0.00050245 0.0005023 0.00059645 0.00049795 0.0004977 0.0002259 0.0002285 0.0004907 0.00077255 0.00043275 0.0005251 0.000505 0.00068895 0.00059035 0.0003248 0.0006132 0.00050065 0.00053105 0.00037955 0.00062555 0.0003958 0.00077675 0.00050055 0.00039595 0.0004265 0.0005784
30 0.00043855 0.00058525 0.00060615 0.00070955 0.0006415 0.00045365 0.0005865 0.0005749 0.00049185 0.000564 0.000454 0.00058815 0.0002894 0.00072425 0.00059045 0.00043615 0.0005096 0.0004382 0.00062585 0.000494 0.0003857 0.0007435 0.00061655 0.0002891 0.00069435 0.0004754 0.0006366 0.0005598 0.0006778 0.00060305 0.0005768 0.00032765 0.00055195 0.0003272 0.00062395 0.0006164 0.0006342 0.0004359 0.00059765 0.00043595 0.0004713 0.00045655 0.0006415 0.00070935 0.00042355 0.00060305 0.000596 0.0004519 0.00063635 0.0004404 0.00049195 0.00057655 0.0002887 0.0004522 0.00045365 0.0004716 0.00049415 0.0006021 0.00072405 0.00064365 0.0004386 0.0004592 0.00045225 0.0002889 0.0007091 0.0005943 0.0005765 0.00059065 0.00055865 0.00045655 0.00061835 0.00061065 0.0005938 0.00056155 0.0007119 0.00071175 0.0006196 0.00063635 0.0006361 0.0006184 0.00060135 0.00057635 0.00074425 0.00045345 0.00069585 0.00033995 0.0004644 0.0004295 0.0006021 0.000583 0.0007265 0.00051615 0.000452 0.00061405 0.0004538 0.0008321 0.0007264 0.00045395 0.0005854 0.0004562
31 0.0003549 0.00049995 0.00062425 0.00074615 0.0006564 0.0004383 0.0006048 0.00059315 0.00046685 0.00049605 0.0004673 0.0006064 0.0002001 0.0007608 0.00063035 0.0003459 0.00037635 0.00035425 0.0005438 0.0004906 0.00052135 0.00067185 0.000651 0.0002008 0.000634 0.0004504 0.0006502 0.00049445 0.0007478 0.0006213 0.00032765 0.0003994 0.000581 0.00019995 0.00053385 0.0007316 0.0006412 0.00034565 0.00049395 0.000346 0.00050375 0.0004672 0.0006564 0.00074595 0.0003396 0.0006213 0.0005514 0.0004655 0.00064335 0.0004511 0.0004669 0.0006057 0.00032745 0.0004655 0.00046725 0.0003767 0.00049075 0.00071735 0.0007606 0.0006802 0.00035495 0.0004117 0.00046555 0.00032765 0.0006487 0.00052465 0.00060565 0.0005118 0.00048425 0.0004437 0.0006528 0.00072585 0.00052225 0.0004965 0.00065135 0.0006512 0.00062665 0.00064335 0.0006431 0.00065285 0.0006196 0.000613 0.0006726 0.0005941 0.0007324 0.00025535 0.00034565 0.000339 0.00071735 0.00047935 0.00076305 0.0005757 0.000465 0.00053525 0.0004671 0.00079 0.00076295 0.00046725 0.0005814 0.00049115
32 0.00061635 0.0006229 0.00047915 0.0004334 0.00058565 0.0005008 0.00057365 0.0005524 0.00047465 0.00056265 0.0004878 0.00051935 0.00059405 0.0005311 0.00064265 0.0005952 0.000552 0.000645 0.00071415 0.0005978 0.00050935 0.000596 0.00042285 0.0005888 0.00056245 0.000533 0.0006595 0.0006322 0.00056515 0.0005156 0.00055195 0.000581 0.0007723 0.00060445 0.00055665 0.00039005 0.0004672 0.00059485 0.0006191 0.00059535 0.0005283 0.00048735 0.00058525 0.00043355 0.0006492 0.00051535 0.0005118 0.00049125 0.000464 0.000546 0.0004744 0.0004703 0.0005516 0.0004912 0.0004878 0.00056485 0.00059795 0.00044495 0.0005311 0.00070875 0.0006165 0.0005229 0.00049125 0.0005519 0.00066005 0.0005305 0.0004702 0.0006079 0.00057765 0.0004978 0.00041945 0.0003867 0.00053415 0.00063165 0.00062365 0.0006235 0.00052215 0.0004641 0.00046375 0.0004195 0.0005189 0.0004571 0.000608 0.00045075 0.00056785 0.0005997 0.00057735 0.00059875 0.00044505 0.0005216 0.00053065 0.00049325 0.00051985 0.0006883 0.0004878 0.0006749 0.00053055 0.00048765 0.00058785 0.00061095
33 0.0003075 0.0004792 0.0006356 0.0007586 0.0006454 0.0004184 0.00058405 0.0005462 0.00044695 0.00052055 0.0004474 0.0005867 0.00020035 0.00074935 0.0005832 0.0003214 0.00035185 0.00030675 0.0005053 0.00044325 0.00054755 0.0006741 0.00066345 0.00014965 0.00061895 0.00042585 0.00061125 0.00045175 0.00072715 0.00060515 0.0003272 0.00019995 0.00060445 0.0002971 0.0005406 0.00074405 0.00064905 0.00032115 0.0004512 0.0003215 0.00052995 0.0004473 0.0006454 0.0007584 0.0002885 0.00060515 0.0005316 0.0004467 0.0006501 0.0004266 0.000447 0.0006302 0.000327 0.0004467 0.00044735 0.0003522 0.0004434 0.0007241 0.00074915 0.00064175 0.00030755 0.0003918 0.00044675 0.0003272 0.00060975 0.0005314 0.00063015 0.00049565 0.00050415 0.0004238 0.00066415 0.0007372 0.0004977 0.00045425 0.0006399 0.00063975 0.0006288 0.0006501 0.00064985 0.0006642 0.00060455 0.00059305 0.000657 0.0006249 0.00069015 0.00030635 0.0002946 0.0003145 0.0007241 0.0004605 0.00075205 0.0005824 0.0004461 0.0004931 0.0004472 0.0007562 0.00075195 0.00044735 0.00056065 0.0004438
34 0.000483 0.0004354 0.00047095 0.0005275 0.00057485 0.00051845 0.00049805 0.0005202 0.00055575 0.000436 0.00054515 0.0004944 0.0005232 0.00059865 0.0006297 0.00048235 0.0004665 0.0004828 0.0005128 0.0006909 0.0006283 0.0004906 0.00050155 0.00053025 0.0004658 0.00055575 0.0005993 0.00058385 0.0006287 0.00049815 0.00062395 0.00053385 0.00055665 0.0005406 0.0007634 0.00056115 0.00047215 0.0004819 0.00059445 0.0004825 0.0005501 0.00055545 0.00057485 0.0005274 0.0004793 0.00049805 0.00055445 0.00054655 0.0004713 0.00055575 0.00055585 0.00052525 0.0006235 0.0005465 0.00054515 0.00045595 0.00069105 0.00056005 0.00059855 0.00071 0.00048325 0.00051 0.00054655 0.0006239 0.000537 0.0004374 0.0005252 0.00040895 0.0004624 0.0005315 0.0005002 0.00056025 0.0005001 0.00058485 0.0005096 0.00050945 0.000471 0.000471 0.0004709 0.00050025 0.0004995 0.00058935 0.00051055 0.0006388 0.00062055 0.00051525 0.00059915 0.00048225 0.00056005 0.00052335 0.0005998 0.00051525 0.00054615 0.00061825 0.00054505 0.0006383 0.0005997 0.0005449 0.000496 0.00068035
35 0.00058475 0.000571 0.0001852 0.0002643 0.0003615 0.0004011 0.0003419 0.00028535 0.0003775 0.0005163 0.0003614 0.000238 0.0007155 0.00041595 0.0004633 0.00070435 0.0007534 0.0005944 0.0005848 0.00060265 0.0004484 0.0007839 9.7e-05 0.00071825 0.00048795 0.00049145 0.0004923 0.0007729 0.00045285 0.0002279 0.0006164 0.0007316 0.00039005 0.00074405 0.00056115 8e-06 0.00038005 0.000704 0.00078895 0.0007045 0.00063555 0.0003532 0.00036155 0.00026405 0.0006046 0.000228 0.00047205 0.00036145 0.0003806 0.00046745 0.0003776 0.00033585 0.00061605 0.0003614 0.0003614 0.0007371 0.0006028 0.0001186 0.0004157 0.0005867 0.0005849 0.0004578 0.00036145 0.00061635 0.0006397 0.000437 0.00033585 0.00040855 0.00067875 0.00038735 9.7e-05 1.295e-05 0.00078305 0.0007735 0.0005966 0.00059645 0.00049425 0.0003806 0.00038035 9.705e-05 0.00022805 0.00040745 0.00079265 0.00025955 0.0004731 0.0006575 0.00076855 0.0007013 0.0001186 0.0006373 0.00041675 0.000385 0.00037105 0.0007526 0.00036115 0.000828 0.00041665 0.00036125 0.0004754 0.00058665
