 slim_337531239 slim_337531206 slim_337531013 slim_337531116 slim_337531201 slim_337531272 slim_337530973 slim_337531224 slim_337531255 slim_337531229 slim_337531232 slim_337531278 slim_337531193 slim_337531247 slim_337531041 slim_337531225 slim_337531151 slim_337531147 slim_337531270 slim_337531231 slim_337530972 slim_337531183 slim_337531051 slim_337530989 slim_337531277 slim_337531089 slim_337531198 slim_337531186 slim_337531181 slim_337530875 slim_337531072 slim_337531245 slim_337531219 slim_337531243 slim_337531282 slim_337531144 slim_337531274 slim_337531112 slim_337531252 slim_337531228 slim_337531268 slim_337530966 slim_337531269 slim_337531037 slim_337531200 slim_337530771 slim_337531134 slim_337531158 slim_337531266 slim_337531210 slim_337531203 slim_337531214 slim_337531113 slim_337531009 slim_337531276 slim_337531016 slim_337531169 slim_337531253 slim_337531284 slim_337531099 slim_337531128 slim_337531075 slim_337531029 slim_337531283 slim_337531223 slim_337531077 slim_337531262 slim_337531155 slim_337531195 slim_337531237 slim_337531221 slim_337531187 slim_337531208 slim_337531234 slim_337531230 slim_337531257 slim_337531254 slim_337531217 slim_337531220 slim_337531127 slim_337531271 slim_337531205 slim_337531273 slim_337530764 slim_337531192 slim_337531267 slim_337531222 slim_337531280 slim_337531218 slim_337531178 slim_337531249 slim_337531039
0 0.0002322 0.0002227 0.0002213 0.0001749 0.00016735 0.0001635 0.00021535 0.00017395 0.0001913 0.00012435 0.0001518 0.00012445 0.0001877 0.0001683 0.0001715 0.0001205 0.0001714 0.00020175 0.00018495 0.00022225 0.0001975 0.000191 0.0002017 0.00017075 0.0001937 0.00022455 0.0001509 0.0002235 0.0001745 0.0002185 0.00021865 0.00021865 0.00017105 0.0001673 0.0001735 0.00022345 0.00016865 0.0001678 0.00016605 0.00017285 0.0001969 0.00021855 0.0002126 0.00021845 0.0002018 0.0001233 0.00021845 0.0001957 0.00016795 0.00015145 0.0002226 0.0002185 0.0002126 0.0002227 0.00018795 0.0002186 0.0002101 0.00013685 0.00021825 0.00019135 0.00018395 0.0001229 0.00021845 0.0002121 0.0001882 0.00015675 0.0002217 0.00021825 0.0001405 0.00017065 0.00017085 0.00020665 0.00019505 0.00016 0.00021305 0.00016355 0.0001709 0.00017085 0.0002127 0.0002235 0.0002186 0.0001706 0.00021255 0.0002073 0.00017135 0.0001633 0.0002214 0.0002085 0.0002155 0.00012405 0.0002194 0.00011975
1 0.0002227 0.0001759 8.98e-05 0.0001606 0.0001665 0.0001565 9.595e-05 0.0001444 0.00014285 0.000197 0.00017315 0.0001971 0.00013025 0.0001499 0.00014315 0.00022495 0.0001432 0.0001203 0.00013885 9.9e-05 0.0001141 0.00013255 0.0001151 0.0001437 0.00012465 9.1e-05 0.00017345 9.17e-05 0.00014375 9.585e-05 9.67e-05 9.67e-05 0.000144 0.00014925 0.00014735 9.165e-05 0.0001495 0.00014985 0.0001579 0.00014485 0.0001217 9.59e-05 0.00010385 9.66e-05 0.00012035 0.0001973 9.66e-05 0.00012585 0.00015 0.00017355 9.915e-05 9.59e-05 0.00010235 8.96e-05 0.00014205 9.665e-05 0.0001101 0.00018095 8.955e-05 0.0001292 0.0001504 0.0001967 9.58e-05 0.0001021 0.0001423 0.00016255 8.975e-05 8.98e-05 0.000196 0.0001436 0.0001438 0.00011025 0.0001252 0.00018435 0.0001039 0.00015715 0.00014385 0.0001539 0.0001014 9.17e-05 9.595e-05 0.0001436 0.0001023 0.00010835 0.00014315 0.00015675 9.04e-05 0.0001094 9.6e-05 0.00019725 8.86e-05 0.0002255
2 0.0002213 8.98e-05 4.21e-05 0.0001618 0.00016665 0.0001535 9.455e-05 7.76e-05 0.0001431 0.00025615 0.0001073 0.00025625 0.0001293 0.0002124 0.0001384 0.000287 7.63e-05 5.365e-05 7.32e-05 3.3e-05 4.63e-05 6.67e-05 0.0001156 7.56e-05 5.74e-05 2.42e-05 0.0001068 9.155e-05 7.83e-05 9.52e-05 9.62e-05 9.62e-05 7.58e-05 0.0002166 0.0001463 9.205e-05 0.0001498 0.00014895 0.00021155 0.0001446 5.67e-05 9.52e-05 0.00010465 9.625e-05 5.37e-05 0.0001935 9.625e-05 0.0001255 0.0001495 0.0001699 3.22e-05 9.58e-05 0.00016855 9.045e-05 0.0001414 9.615e-05 0.0001672 0.00011535 2.59e-05 0.00019455 8.4e-05 0.00026035 9.51e-05 0.0001655 0.00014165 9.635e-05 2.66e-05 2.12e-05 0.00019585 7.55e-05 7.57e-05 0.0001112 0.00012465 0.00011795 9.365e-05 0.0001532 7.565e-05 8.68e-05 0.0001683 9.155e-05 9.53e-05 7.55e-05 0.0001685 4.245e-05 7.625e-05 9.075e-05 2.27e-05 0.00010985 9.94e-05 0.00013085 8.88e-05 0.0002246
3 0.0001749 0.0001606 0.0001618 0.0002508 0.00015815 0.0001531 0.00015705 0.00016485 0.00014395 0.0001673 0.00016715 0.0001674 0.00014195 0.0001601 0.00016435 0.00017515 0.00016435 0.0001645 0.00015315 0.0001696 0.000176 0.0001529 0.0001462 0.0001647 0.0001466 0.00016225 0.00016685 0.0001624 0.00016445 0.0001575 0.0001577 0.0001577 0.000165 0.00015945 0.00019765 0.000162 0.0001603 0.0001605 0.00016585 0.00016525 0.0001392 0.00015755 0.00015065 0.0001573 0.00016455 0.00016695 0.0001573 0.0001598 0.0001602 0.00016695 0.0001703 0.00015715 0.00015265 0.00016105 0.00014325 0.00015765 0.0001583 0.0001659 0.0001611 0.0001787 0.0001381 0.0001668 0.00015745 0.0001497 0.0001435 0.00015355 0.00016185 0.00016125 0.00014685 0.0001647 0.0001648 0.000151 0.0001587 0.00016125 0.00016275 0.00015405 0.00016485 0.0001488 0.0001521 0.0001624 0.0001576 0.0001646 0.0001526 0.0001504 0.0001643 0.00015335 0.00016175 0.0001508 0.00015685 0.00016795 0.0001604 0.00017505
4 0.00016735 0.0001665 0.00016665 0.00015815 0.0003106 0.00016685 0.00016295 0.0001642 0.00016045 0.000163 0.0001684 0.0001631 0.0001611 0.0001612 0.00016485 0.00017 0.0001648 0.0001696 0.00017255 0.0001738 0.00016095 0.00017225 0.0001652 0.0001648 0.00016415 0.00016535 0.0001682 0.0001671 0.00016405 0.00016245 0.0001624 0.0001624 0.0001651 0.00016075 0.0001647 0.00016705 0.00016115 0.000161 0.00016835 0.000165 0.00017085 0.0001625 0.0001696 0.00016225 0.00016965 0.0001627 0.00016225 0.0001665 0.00016115 0.00016845 0.00017445 0.0001625 0.00015935 0.0001658 0.00016095 0.00016235 0.00016625 0.0001614 0.00016675 0.0001667 0.0001682 0.0001625 0.0001624 0.00016905 0.0001612 0.00016675 0.00016655 0.00016675 0.00015915 0.0001648 0.0001649 0.00017 0.00016585 0.00017365 0.00017005 0.00016745 0.00016495 0.00016835 0.0001588 0.0001671 0.00016255 0.0001647 0.0001593 0.00016805 0.00016475 0.00016695 0.00016605 0.0001686 0.00016315 0.000163 0.00016635 0.00016995
5 0.0001635 0.0001565 0.0001535 0.0001531 0.00016685 0.0002095 0.0001766 0.00012075 0.00016695 0.0001049 0.00013795 0.0001052 0.00014465 0.00014295 0.00013865 0.00014095 0.00013905 0.0001517 0.0001379 0.00015135 0.0001528 0.00013735 0.00014335 0.00014015 0.00012085 0.0001334 0.0001388 0.00015715 0.00011955 0.0001577 0.0001573 0.0001573 0.00014045 0.00016655 0.0001462 0.0001571 0.0001435 0.00014445 0.00013225 0.00014445 0.00010515 0.00015775 0.00014255 0.00015705 0.00015175 0.0001063 0.00015705 0.00017545 0.00014455 0.0001374 0.0001442 0.0001577 0.00018085 0.0001566 0.0001862 0.00015725 0.00016985 0.00011415 0.00017215 0.00017 0.00014855 0.00012855 0.00015765 0.0001431 0.00018645 0.0001066 0.00015355 0.0001723 0.0001542 0.00014015 0.00014025 0.0001433 0.00018345 0.0001381 0.00016565 0.00010735 0.0001403 0.0001391 0.00018075 0.00015715 0.0001578 0.00014005 0.0001808 0.0001197 0.000139 0.0001065 0.00015285 0.00013125 0.00017655 0.00010705 0.000176 0.0001424
6 0.00021535 9.595e-05 9.455e-05 0.00015705 0.00016295 0.0001766 0.0001485 0.00016395 0.00014405 0.00021205 0.00017725 0.00021215 0.0001227 0.00014365 0.00014295 0.0002374 0.000143 0.00012925 0.00014815 0.0001136 0.000114 0.0001417 0.00011385 0.00014285 0.0001434 0.0001157 0.00017725 9.645e-05 0.00016405 9.455e-05 9.52e-05 9.51e-05 0.00014315 0.00012535 0.00015985 9.685e-05 0.0001432 0.00014275 0.00017025 0.00014425 0.00014695 9.47e-05 0.00010895 9.54e-05 0.0001293 0.00021205 9.54e-05 0.00010865 0.00014325 0.0001777 0.0001207 9.515e-05 7.505e-05 9.65e-05 0.0001232 9.505e-05 0.00010135 0.000188 7.44e-05 0.00012015 0.0001556 0.0001937 9.45e-05 0.0001088 0.00012345 0.0001821 9.465e-05 7.44e-05 0.0001917 0.00014275 0.00014295 0.00011515 9.92e-05 0.00020125 0.000101 0.00017635 0.000143 0.0001569 7.59e-05 9.645e-05 9.465e-05 0.00014275 7.515e-05 0.00013375 0.00014295 0.0001765 9.505e-05 0.00012605 7.465e-05 0.0002116 7.585e-05 0.00023765
7 0.00017395 0.0001444 7.76e-05 0.00016485 0.0001642 0.00012075 0.00016395 0.0001125 0.0001641 0.00018365 7.74e-05 0.00018375 0.00014415 0.00020735 0.00014035 0.00021785 7.82e-05 7.585e-05 7.685e-05 7.545e-05 7.685e-05 7.66e-05 0.00014455 7.69e-05 5.69e-05 5.635e-05 7.58e-05 0.00014375 5.8e-05 0.0001444 0.00014375 0.00014375 7.725e-05 0.00023015 0.00013345 0.0001439 0.0001452 0.0001438 0.0001884 0.00014395 5.795e-05 0.00014445 0.00014415 0.0001435 7.59e-05 0.00011985 0.00014355 0.0001631 0.0001436 0.00013955 6.825e-05 0.00014455 0.00023105 0.0001431 0.0001843 0.0001437 0.00021175 6.59e-05 0.00010155 0.00022055 9.82e-05 0.00020635 0.00014435 0.00020675 0.00018455 5.725e-05 8.23e-05 9.71e-05 0.0001644 7.705e-05 7.7e-05 0.0001448 0.00017115 8.92e-05 0.00014495 0.00012075 7.71e-05 7.635e-05 0.0002307 0.00014375 0.0001445 7.685e-05 0.000231 5.77e-05 7.815e-05 5.715e-05 7.67e-05 0.0001317 0.00016855 5.815e-05 0.0001634 0.0001541
8 0.0001913 0.00014285 0.0001431 0.00014395 0.00016045 0.00016695 0.00014405 0.0001641 0.0002822 0.000187 0.0001733 0.0001871 0.0001469 0.0001661 0.00016505 0.00019395 0.000165 0.0001504 0.00015355 0.0001498 0.0001614 0.00015325 0.0001462 0.000165 0.000145 0.0001412 0.0001731 0.00014325 0.000164 0.0001436 0.00014325 0.00014325 0.0001653 0.00016565 0.00018895 0.0001432 0.00016605 0.0001659 0.00017325 0.00016535 0.00014705 0.00014365 0.00014575 0.00014305 0.00015045 0.0001867 0.0001431 0.0001523 0.00016605 0.00017335 0.0001506 0.00014355 0.00014515 0.00014185 0.00014205 0.0001432 0.00015205 0.00018545 0.00014315 0.0001716 0.0001445 0.0001865 0.00014355 0.00014545 0.0001423 0.00016685 0.000143 0.00014315 0.000164 0.00016495 0.0001651 0.0001463 0.00015165 0.0001737 0.00015115 0.00016765 0.00016515 0.00015415 0.0001446 0.00014325 0.0001437 0.0001649 0.0001451 0.0001444 0.00016495 0.00016705 0.00014215 0.00014465 0.00014425 0.000187 0.00014275 0.0001939
9 0.00012435 0.000197 0.00025615 0.0001673 0.000163 0.0001049 0.00021205 0.00018365 0.000187 1.5e-06 0.00018045 1.2e-06 0.00016 7.51e-05 0.0001378 3.79e-05 0.0002021 0.000234 0.00021405 0.00025385 0.00023175 0.00022025 0.0001729 0.0002032 0.0002036 0.0002365 0.0001809 0.00019735 0.0001823 0.00019315 0.000193 0.000193 0.0002035 9.885e-05 0.0001376 0.00019675 0.0001394 0.00014035 7.205e-05 0.0001448 0.0002027 0.0001932 0.00018345 0.00019245 0.00023405 6.58e-05 0.00019245 0.00019035 0.00014005 0.00011615 0.00024695 0.0001926 0.00014845 0.0001971 0.000206 0.00019295 0.00014535 0.00015205 0.0002705 0.0001179 0.0002365 2.54e-05 0.0001931 0.00012005 0.00020625 0.00016375 0.00025185 0.0002749 0.00013455 0.0002033 0.0002033 0.0001772 0.00019775 0.0002023 0.0002086 0.0001071 0.00020335 0.00020105 0.00014875 0.00019735 0.00019325 0.0002031 0.0001484 0.0002164 0.00020205 0.00017 0.0002557 0.00016605 0.0002074 0.00013055 0.0002162 0.00010285
10 0.0001518 0.00017315 0.0001073 0.00016715 0.0001684 0.00013795 0.00017725 7.74e-05 0.0001733 0.00018045 0.0001062 0.00018055 0.00014795 0.00020935 0.00014845 0.00020545 8.45e-05 7.55e-05 6.845e-05 9.76e-05 0.00010205 7.46e-05 0.00016115 8.6e-05 7.755e-05 9.785e-05 5.48e-05 0.0001738 7.61e-05 0.0001685 0.00016835 0.00016835 8.63e-05 0.0002227 0.00015335 0.0001743 0.00014595 0.0001473 0.00019055 0.0001528 8.975e-05 0.00016855 0.0001727 0.00016845 7.55e-05 0.0001181 0.00016845 0.00014585 0.0001478 0.00011655 9.73e-05 0.00016905 0.00023925 0.0001733 0.00018215 0.0001683 0.00021995 7.6e-05 0.0001202 0.00022855 0.00011065 0.0001927 0.00016845 0.0002357 0.0001824 6.96e-05 0.00011175 0.00011595 0.0001524 8.605e-05 8.61e-05 0.0001669 0.0001557 9.725e-05 0.0001584 0.00013895 8.615e-05 5.52e-05 0.00023895 0.0001738 0.0001686 8.59e-05 0.0002392 9.065e-05 8.445e-05 7.655e-05 0.0001069 0.00015925 0.00018195 5.47e-05 0.0001822 0.00014335
11 0.00012445 0.0001971 0.00025625 0.0001674 0.0001631 0.0001052 0.00021215 0.00018375 0.0001871 1.2e-06 0.00018055 2.3e-06 0.0001601 7.54e-05 0.00013805 3.81e-05 0.0002022 0.0002341 0.00021415 0.00025395 0.00023185 0.00022035 0.000173 0.0002033 0.0002037 0.0002366 0.000181 0.00019745 0.0001824 0.00019325 0.0001931 0.0001931 0.0002036 9.905e-05 0.0001377 0.00019685 0.0001395 0.00014045 7.205e-05 0.0001449 0.0002028 0.0001933 0.00018355 0.00019255 0.00023415 6.58e-05 0.00019255 0.00019045 0.00014015 0.00011645 0.00024705 0.0001927 0.00014865 0.0001972 0.0002061 0.00019305 0.00014545 0.00015215 0.0002706 0.000118 0.0002366 2.57e-05 0.0001932 0.0001201 0.00020635 0.00016385 0.00025195 0.000275 0.00013465 0.0002034 0.0002034 0.0001773 0.00019795 0.0002024 0.0002087 0.00010715 0.00020345 0.00020115 0.00014885 0.00019745 0.00019335 0.0002032 0.0001486 0.0002165 0.00020215 0.0001701 0.0002558 0.00016615 0.0002075 0.00013065 0.0002163 0.00010295
12 0.0001877 0.00013025 0.0001293 0.00014195 0.0001611 0.00014465 0.0001227 0.00014415 0.0001469 0.00016 0.00014795 0.0001601 0.0002326 0.0001386 0.00014445 0.00018855 0.0001442 0.00013325 0.00013295 0.0001381 0.0001438 0.0001328 0.0001228 0.00014325 0.0001231 0.00012995 0.0001472 0.00013 0.000145 0.0001231 0.00012345 0.00012325 0.00014355 0.00013915 0.00016685 0.0001304 0.00013815 0.00013675 0.0001485 0.0001442 0.0001291 0.00012335 0.0001296 0.00012365 0.0001333 0.00015895 0.00012365 0.00012665 0.00013735 0.0001484 0.00013775 0.0001238 0.0001171 0.0001305 0.0001463 0.0001232 0.0001269 0.000159 0.0001289 0.00014575 0.0001505 0.0001603 0.00012305 0.0001304 0.00014655 0.000143 0.0001296 0.00012915 0.0001604 0.0001431 0.00014335 0.0001295 0.0001262 0.0001723 0.0001328 0.0001444 0.0001434 0.00012635 0.0001179 0.00013 0.0001232 0.0001431 0.0001173 0.0001292 0.00014415 0.0001438 0.00012955 0.0001291 0.0001232 0.0001584 0.00012975 0.00018775
13 0.0001683 0.0001499 0.0002124 0.0001601 0.0001612 0.00014295 0.00014365 0.00020735 0.0001661 7.51e-05 0.00020935 7.54e-05 0.0001386 0.0001499 0.00014365 0.00010485 0.00020655 0.0002149 0.00021435 0.00021975 0.0002073 0.00021425 0.00014315 0.00020725 0.00020705 0.0002122 0.0002098 0.0001496 0.00020645 0.0001438 0.00014385 0.00014385 0.00020755 7.625e-05 0.00014735 0.00014945 0.0001381 0.0001388 9.225e-05 0.00014455 0.0002109 0.00014385 0.0001489 0.00014365 0.00021495 0.0001386 0.00014365 0.00014625 0.0001389 0.0001463 0.00022005 0.00014355 7.53e-05 0.00015015 0.00016585 0.0001438 9.195e-05 0.00020085 0.00020745 8.37e-05 0.00023225 7.605e-05 0.00014375 8.685e-05 0.0001661 0.00020645 0.0002079 0.0002121 0.00016115 0.00020725 0.00020735 0.00014875 0.00014575 0.00023525 0.00016045 0.0001442 0.0002074 0.0002097 7.625e-05 0.0001496 0.0001439 0.00020715 7.51e-05 0.0002113 0.0002065 0.0002068 0.00021215 0.00014885 0.00013915 0.00020185 0.00014985 0.0001684
14 0.0001715 0.00014315 0.0001384 0.00016435 0.00016485 0.00013865 0.00014295 0.00014035 0.00016505 0.0001378 0.00014845 0.00013805 0.00014445 0.00014365 0.0002743 0.00017055 0.00013865 0.00014845 0.00014795 0.0001478 0.00013855 0.0001478 0.00014385 0.0001389 0.00014015 0.0001401 0.00014845 0.0001443 0.00014 0.00014415 0.0001445 0.0001445 0.0001392 0.00014815 0.0001502 0.00014425 0.00014445 0.00014455 0.00015015 0.0001446 0.00013885 0.0001442 0.0001436 0.00014425 0.0001485 0.00013935 0.00014425 0.0001527 0.00014465 0.00014765 0.0001477 0.00014415 0.00014855 0.00014355 0.00016345 0.00014445 0.0001548 0.0001393 0.00013765 0.0001546 0.00015995 0.00014315 0.0001441 0.0001421 0.00016365 0.0001395 0.0001388 0.00013725 0.0001652 0.0001389 0.000139 0.00014375 0.00015145 0.0001684 0.00014925 0.00013935 0.00013905 0.00014845 0.00014865 0.0001443 0.00014425 0.0001388 0.0001485 0.00013895 0.0001386 0.0001398 0.0001387 0.0001434 0.00014305 0.0001404 0.0001423 0.0001722
15 0.0001205 0.00022495 0.000287 0.00017515 0.00017 0.00014095 0.0002374 0.00021785 0.00019395 3.79e-05 0.00020545 3.81e-05 0.00018855 0.00010485 0.00017055 7.55e-05 0.00023445 0.0002575 0.00023845 0.00027705 0.00026265 0.00024455 0.0002015 0.00023505 0.00023765 0.0002697 0.0002054 0.00022505 0.000217 0.00022085 0.0002207 0.0002207 0.00023535 0.000123 0.0001577 0.00022445 0.0001686 0.00016905 9.385e-05 0.0001734 0.0002376 0.0002209 0.00021195 0.0002202 0.00025755 0.00010185 0.0002202 0.00020835 0.00016875 0.0001417 0.0002701 0.0002203 0.00017085 0.0002249 0.0002106 0.00022065 0.00015985 0.0001855 0.000299 0.00013245 0.0002473 5.69e-05 0.0002208 0.00014885 0.00021085 0.00019885 0.0002827 0.0003034 0.0001422 0.00023485 0.00023515 0.0002058 0.00021635 0.00020445 0.0002262 0.00014215 0.0002352 0.0002254 0.00017115 0.00022505 0.00022095 0.00023495 0.0001708 0.0002505 0.0002344 0.000205 0.00028655 0.0001971 0.0002328 0.00016625 0.00024165 0.0001019
16 0.0001714 0.0001432 7.63e-05 0.00016435 0.0001648 0.00013905 0.000143 7.82e-05 0.000165 0.0002021 8.45e-05 0.0002022 0.0001442 0.00020655 0.00013865 0.00023445 0.0001502 8.595e-05 8.51e-05 8.635e-05 7.65e-05 8.49e-05 0.00014355 7.635e-05 7.78e-05 7.805e-05 8.585e-05 0.0001449 7.72e-05 0.0001442 0.00014455 0.00014455 7.665e-05 0.00021095 0.0001511 0.0001454 0.00014305 0.0001441 0.0002049 0.00014475 7.605e-05 0.00014425 0.0001438 0.00014465 8.6e-05 0.0001399 0.00014465 0.0001523 0.0001446 0.000148 8.575e-05 0.00014475 0.00021145 0.00014395 0.0001634 0.0001445 0.0002093 7.685e-05 7.975e-05 0.0002176 9.7e-05 0.00020595 0.00014415 0.0002057 0.00016365 7.66e-05 8.1e-05 7.52e-05 0.00016465 7.635e-05 7.645e-05 0.0001442 0.0001517 0.00010545 0.0001413 0.0001401 7.645e-05 8.565e-05 0.00021115 0.0001449 0.0001443 7.625e-05 0.0002114 7.655e-05 7.51e-05 7.725e-05 7.665e-05 0.0001431 0.0001477 7.64e-05 0.00014265 0.0001725
17 0.00020175 0.0001203 5.365e-05 0.0001645 0.0001696 0.0001517 0.00012925 7.585e-05 0.0001504 0.000234 7.55e-05 0.0002341 0.00013325 0.0002149 0.00014845 0.0002575 8.595e-05 8.37e-05 5.59e-05 4.26e-05 7.165e-05 5.57e-05 0.00013275 8.59e-05 5.64e-05 4.195e-05 7.56e-05 0.0001194 7.6e-05 0.0001196 0.00011895 0.00011895 8.62e-05 0.00022805 0.0001477 0.0001199 0.00015245 0.00015225 0.0001968 0.00015215 6.955e-05 0.00011965 0.0001328 0.00011895 4.195e-05 0.00017155 0.000119 0.00011875 0.00015275 0.00013795 4.27e-05 0.0001201 0.00019625 0.00011885 0.0001607 0.0001189 0.00017765 0.00011385 6.735e-05 0.0002053 9.755e-05 0.0002466 0.00011955 0.00019575 0.00016095 8.91e-05 5.8e-05 6.29e-05 0.0001838 8.585e-05 8.6e-05 0.00013345 0.0001286 0.0001094 0.0001111 0.00015175 8.605e-05 5.635e-05 0.000196 0.0001194 0.0001197 8.58e-05 0.0001962 5.63e-05 8.59e-05 8.97e-05 5.24e-05 0.00012485 0.0001341 0.0001091 0.00012925 0.0001953
18 0.00018495 0.00013885 7.32e-05 0.00015315 0.00017255 0.0001379 0.00014815 7.685e-05 0.00015355 0.00021405 6.845e-05 0.00021415 0.00013295 0.00021435 0.00014795 0.00023845 8.51e-05 5.59e-05 9.68e-05 6.31e-05 9.165e-05 5.515e-05 0.0001316 8.565e-05 5.735e-05 6.335e-05 6.915e-05 0.0001395 7.635e-05 0.0001394 0.00013905 0.00013905 8.595e-05 0.0002277 0.00016755 0.00014 0.00015155 0.00015195 0.0001961 0.00015245 5.515e-05 0.00013945 0.00013845 0.00013915 5.595e-05 0.00015185 0.00013915 0.00013145 0.00015245 0.00013125 6.3e-05 0.00013995 0.00021515 0.0001389 0.0001626 0.000139 0.0001964 0.00010065 8.61e-05 0.00022405 8.625e-05 0.0002268 0.00013935 0.0002016 0.00016285 6.88e-05 7.765e-05 8.185e-05 0.0001665 8.56e-05 8.575e-05 0.0001324 0.0001413 9.66e-05 0.00012985 0.0001386 8.58e-05 4.99e-05 0.00021485 0.0001395 0.0001395 8.555e-05 0.0002151 5.62e-05 8.505e-05 7.615e-05 7.26e-05 0.0001246 0.00015285 8.905e-05 0.0001481 0.0001765
19 0.00022225 9.9e-05 3.3e-05 0.0001696 0.0001738 0.00015135 0.0001136 7.545e-05 0.0001498 0.00025385 9.76e-05 0.00025395 0.0001381 0.00021975 0.0001478 0.00027705 8.635e-05 4.26e-05 6.31e-05 4.08e-05 5.545e-05 5.655e-05 0.00012325 8.62e-05 5.585e-05 2.055e-05 9.725e-05 9.785e-05 7.535e-05 0.00010395 0.0001029 0.0001029 8.65e-05 0.00023245 0.00013635 9.77e-05 0.00015785 0.00015755 0.00020195 0.00015195 5.485e-05 0.000104 0.0001113 0.00010275 4.265e-05 0.000192 0.00010275 0.0001248 0.0001577 0.0001595 2.19e-05 0.00010385 0.00018515 9.715e-05 0.00016045 0.00010285 0.0001671 0.0001195 4.66e-05 0.0001945 9.275e-05 0.00026695 0.0001039 0.000174 0.0001607 9.555e-05 3.725e-05 4.225e-05 0.00020445 8.61e-05 8.63e-05 0.00011835 0.0001342 0.0001093 9.575e-05 0.0001515 8.635e-05 7.79e-05 0.0001849 9.785e-05 0.00010405 8.61e-05 0.0001851 4.18e-05 8.63e-05 8.945e-05 3.14e-05 0.00010985 0.00011815 0.00013045 0.00010805 0.00021545
20 0.0001975 0.0001141 4.63e-05 0.000176 0.00016095 0.0001528 0.000114 7.685e-05 0.0001614 0.00023175 0.00010205 0.00023185 0.0001438 0.0002073 0.00013855 0.00026265 7.65e-05 7.165e-05 9.165e-05 5.545e-05 9.15e-05 8.51e-05 0.00013425 7.615e-05 7.59e-05 4.64e-05 0.00010185 0.00011445 7.725e-05 0.00011425 0.0001144 0.0001144 7.645e-05 0.0002115 0.0001213 0.00011495 0.00014475 0.00014425 0.00020635 0.00014385 7.975e-05 0.0001143 0.00012785 0.00011445 7.17e-05 0.00016945 0.00011445 0.0001395 0.00014475 0.0001646 5.51e-05 0.00011485 0.00018275 0.00011355 0.00016095 0.00011435 0.0001813 9.075e-05 5.065e-05 0.00018955 0.0001077 0.00023595 0.0001142 0.00018945 0.0001612 9.61e-05 5.09e-05 4.59e-05 0.0001913 7.61e-05 7.625e-05 0.00013455 0.0001389 0.00011765 0.000113 0.0001528 7.63e-05 0.0001011 0.0001825 0.00011445 0.00011435 7.605e-05 0.0001827 6.595e-05 7.645e-05 9.04e-05 4.615e-05 0.00013275 0.00011885 0.0001069 0.0001134 0.0002006
21 0.000191 0.00013255 6.67e-05 0.0001529 0.00017225 0.00013735 0.0001417 7.66e-05 0.00015325 0.00022025 7.46e-05 0.00022035 0.0001328 0.00021425 0.0001478 0.00024455 8.49e-05 5.57e-05 5.515e-05 5.655e-05 8.51e-05 0.000109 0.00013185 8.545e-05 5.71e-05 5.675e-05 7.53e-05 0.00013295 7.61e-05 0.00013295 0.00013255 0.00013255 8.575e-05 0.00022755 0.000161 0.00013345 0.0001514 0.0001518 0.00019595 0.00015225 5.495e-05 0.000133 0.00013155 0.0001326 5.575e-05 0.000158 0.0001326 0.00013135 0.0001523 0.00013745 5.645e-05 0.0001335 0.0002087 0.00013235 0.00016235 0.0001325 0.0001899 0.0001005 7.965e-05 0.0002176 8.56e-05 0.000233 0.0001329 0.0001951 0.0001626 7.53e-05 7.12e-05 7.535e-05 0.00017255 8.54e-05 8.555e-05 0.0001325 0.00014115 9.595e-05 0.00012335 0.0001384 8.56e-05 5.6e-05 0.0002084 0.00013295 0.00013305 8.535e-05 0.00020865 5.63e-05 8.485e-05 7.555e-05 6.605e-05 0.0001247 0.0001464 9.515e-05 0.0001416 0.00018255
22 0.0002017 0.0001151 0.0001156 0.0001462 0.0001652 0.00014335 0.00011385 0.00014455 0.0001462 0.0001729 0.00016115 0.000173 0.0001228 0.00014315 0.00014385 0.0002015 0.00014355 0.00013275 0.0001316 0.00012325 0.00013425 0.00013185 0.0002249 0.0001442 0.0001241 0.0001151 0.00016195 0.0001153 0.00014385 0.00011405 0.000114 0.0001139 0.0001445 0.0001439 0.00016185 0.0001157 0.0001424 0.00014275 0.00015275 0.0001442 0.00011295 0.0001142 0.00011425 0.00011425 0.0001328 0.00017335 0.00011425 0.00013155 0.00014325 0.0001619 0.0001232 0.00011465 0.0001133 0.0001156 0.0001461 0.00011385 0.0001226 0.0001632 0.00011485 0.00014145 0.0001448 0.0001735 0.00011395 0.00011575 0.00014635 0.00014265 0.00011535 0.0001153 0.00017505 0.0001441 0.0001443 0.00011405 0.00013145 0.00017155 0.00012355 0.00014445 0.00014435 0.0001417 0.0001139 0.0001153 0.00011415 0.0001441 0.0001134 0.0001139 0.0001435 0.00014375 0.0001152 0.0001133 0.0001141 0.0001726 0.00011555 0.0002022
23 0.00017075 0.0001437 7.56e-05 0.0001647 0.0001648 0.00014015 0.00014285 7.69e-05 0.000165 0.0002032 8.6e-05 0.0002033 0.00014325 0.00020725 0.0001389 0.00023505 7.635e-05 8.59e-05 8.565e-05 8.62e-05 7.615e-05 8.545e-05 0.0001442 0.0001491 7.665e-05 7.79e-05 8.465e-05 0.0001449 7.845e-05 0.00014425 0.0001446 0.0001446 7.515e-05 0.00021155 0.00015125 0.0001454 0.00014465 0.000143 0.0002056 0.0001442 7.71e-05 0.0001443 0.0001444 0.00014465 8.595e-05 0.00013925 0.00014465 0.00015245 0.0001435 0.0001486 8.56e-05 0.0001448 0.00021165 0.00014395 0.0001632 0.00014455 0.0002095 7.75e-05 7.945e-05 0.00021795 9.725e-05 0.00020705 0.0001442 0.00020595 0.00016345 7.59e-05 8.085e-05 7.47e-05 0.0001635 7.485e-05 7.465e-05 0.00014475 0.0001516 0.00010555 0.00014115 0.00013945 7.5e-05 8.46e-05 0.0002114 0.0001449 0.00014435 7.475e-05 0.0002116 7.7e-05 7.63e-05 7.655e-05 7.63e-05 0.00014375 0.0001477 7.645e-05 0.00014245 0.00017135
24 0.0001937 0.00012465 5.74e-05 0.0001466 0.00016415 0.00012085 0.0001434 5.69e-05 0.000145 0.0002036 7.755e-05 0.0002037 0.0001231 0.00020705 0.00014015 0.00023765 7.78e-05 5.64e-05 5.735e-05 5.585e-05 7.59e-05 5.71e-05 0.0001241 7.665e-05 7.26e-05 3.645e-05 7.66e-05 0.00012405 5.805e-05 0.00012385 0.00012335 0.0001233 7.695e-05 0.0002301 0.00015245 0.00012455 0.0001445 0.00014305 0.0001894 0.00014405 3.8e-05 0.000124 0.00012455 0.00012345 5.645e-05 0.00014025 0.0001234 0.0001432 0.00014365 0.0001401 4.815e-05 0.00012445 0.0002105 0.0001235 0.00016505 0.00012325 0.00019255 8.57e-05 8.14e-05 0.00021995 7.88e-05 0.00022645 0.0001238 0.00018735 0.0001653 5.7e-05 6.215e-05 7.695e-05 0.00016475 7.65e-05 7.675e-05 0.0001251 0.00015155 8.865e-05 0.0001258 0.00012095 7.68e-05 5.625e-05 0.0002102 0.00012405 0.00012395 7.65e-05 0.00021055 3.765e-05 7.775e-05 5.77e-05 5.67e-05 0.00011175 0.00014835 7.76e-05 0.0001436 0.00017455
25 0.00022455 9.1e-05 2.42e-05 0.00016225 0.00016535 0.0001334 0.0001157 5.635e-05 0.0001412 0.0002365 9.785e-05 0.0002366 0.00012995 0.0002122 0.0001401 0.0002697 7.805e-05 4.195e-05 6.335e-05 2.055e-05 4.64e-05 5.675e-05 0.0001151 7.79e-05 3.645e-05 3e-07 9.785e-05 8.92e-05 5.66e-05 9.505e-05 9.39e-05 9.38e-05 7.82e-05 0.00023525 0.00012765 8.98e-05 0.0001497 0.0001494 0.0001944 0.0001438 3.63e-05 9.51e-05 0.0001036 9.39e-05 4.2e-05 0.0001744 9.395e-05 0.00013545 0.0001499 0.00016035 1.34e-05 9.55e-05 0.00018785 8.85e-05 0.000163 9.38e-05 0.00016955 0.00010315 4.865e-05 0.00019695 8.445e-05 0.0002595 9.5e-05 0.0001669 0.00016325 7.7e-05 2.83e-05 4.42e-05 0.00019675 7.78e-05 7.8e-05 0.00011075 0.00014415 0.00010075 9.785e-05 0.0001342 7.805e-05 7.81e-05 0.00018745 8.92e-05 9.515e-05 7.78e-05 0.0001878 2.25e-05 7.8e-05 7.125e-05 2.22e-05 9.625e-05 0.00012055 0.0001119 0.0001106 0.00020785
26 0.0001509 0.00017345 0.0001068 0.00016685 0.0001682 0.0001388 0.00017725 7.58e-05 0.0001731 0.0001809 5.48e-05 0.000181 0.0001472 0.0002098 0.00014845 0.0002054 8.585e-05 7.56e-05 6.915e-05 9.725e-05 0.00010185 7.53e-05 0.00016195 8.465e-05 7.66e-05 9.785e-05 0.0001066 0.0001736 7.715e-05 0.0001687 0.00016855 0.00016855 8.5e-05 0.0002227 0.00015325 0.00017375 0.0001477 0.0001464 0.00019055 0.00015205 9.095e-05 0.00016875 0.0001731 0.00016835 7.565e-05 0.00011675 0.00016835 0.00014615 0.0001464 0.0001169 9.73e-05 0.0001689 0.0002392 0.0001731 0.00018175 0.0001685 0.0002196 7.635e-05 0.00012 0.00022865 0.00011105 0.0001932 0.00016865 0.00023535 0.000182 6.91e-05 0.00011175 0.00011555 0.0001512 8.485e-05 8.475e-05 0.00016725 0.00015535 9.76e-05 0.00015795 0.00013805 8.485e-05 5.435e-05 0.000239 0.0001736 0.0001688 8.46e-05 0.00023915 9.125e-05 8.58e-05 7.555e-05 0.0001067 0.00016005 0.00018185 5.51e-05 0.0001818 0.0001415
27 0.0002235 9.17e-05 9.155e-05 0.0001624 0.0001671 0.00015715 9.645e-05 0.00014375 0.00014325 0.00019735 0.0001738 0.00019745 0.00013 0.0001496 0.0001443 0.00022505 0.0001449 0.0001194 0.0001395 9.785e-05 0.00011445 0.00013295 0.0001153 0.0001449 0.00012405 8.92e-05 0.0001736 0.0001783 0.0001436 9.58e-05 9.535e-05 9.52e-05 0.0001452 0.00014965 0.0001467 8.925e-05 0.0001497 0.00014955 0.0001582 0.0001431 0.00012285 9.585e-05 0.0001028 9.52e-05 0.00011945 0.0001977 9.52e-05 0.0001253 0.0001497 0.0001737 9.835e-05 9.575e-05 0.0001013 9.055e-05 0.0001443 9.525e-05 0.00010965 0.0001815 9.18e-05 0.0001287 0.00015175 0.00019785 9.575e-05 0.0001045 0.00014455 0.00016345 9.14e-05 9.18e-05 0.00019745 0.0001448 0.000145 0.0001094 0.0001247 0.0001848 0.000105 0.0001576 0.00014505 0.0001541 0.0001017 8.93e-05 9.59e-05 0.0001448 0.00010125 0.00010955 0.00014485 0.0001574 9.055e-05 0.0001094 9.66e-05 0.00019815 9.18e-05 0.00022565
28 0.0001745 0.00014375 7.83e-05 0.00016445 0.00016405 0.00011955 0.00016405 5.8e-05 0.000164 0.0001823 7.61e-05 0.0001824 0.000145 0.00020645 0.00014 0.000217 7.72e-05 7.6e-05 7.635e-05 7.535e-05 7.725e-05 7.61e-05 0.00014385 7.845e-05 5.805e-05 5.66e-05 7.715e-05 0.0001436 0.0001129 0.0001443 0.00014365 0.00014365 7.875e-05 0.00022925 0.0001332 0.00014345 0.0001437 0.0001448 0.0001877 0.00014435 5.695e-05 0.00014435 0.0001434 0.00014355 7.605e-05 0.0001205 0.00014355 0.0001629 0.00014495 0.00013885 6.845e-05 0.0001442 0.00023065 0.00014295 0.00018435 0.0001436 0.00021165 6.54e-05 0.00010185 0.00022 9.8e-05 0.00020495 0.00014425 0.0002062 0.0001846 5.795e-05 8.24e-05 9.77e-05 0.00016525 7.845e-05 7.855e-05 0.000144 0.00017115 8.905e-05 0.00014525 0.0001213 7.86e-05 7.74e-05 0.0002302 0.0001436 0.0001444 7.835e-05 0.0002306 5.73e-05 7.715e-05 5.82e-05 7.715e-05 0.000131 0.00016845 5.81e-05 0.00016345 0.00015545
29 0.0002185 9.585e-05 9.52e-05 0.0001575 0.00016245 0.0001577 9.455e-05 0.0001444 0.0001436 0.00019315 0.0001685 0.00019325 0.0001231 0.0001438 0.00014415 0.00022085 0.0001442 0.0001196 0.0001394 0.00010395 0.00011425 0.00013295 0.00011405 0.00014425 0.00012385 9.505e-05 0.0001687 9.58e-05 0.0001443 0.000187 9.45e-05 9.44e-05 0.00014455 0.00014435 0.0001424 9.62e-05 0.0001434 0.00014315 0.00015365 0.00014395 0.0001281 9.385e-05 0.0001092 9.47e-05 0.00011965 0.00019335 9.47e-05 0.00011895 0.00014365 0.0001689 0.0001035 9.435e-05 9.43e-05 9.605e-05 0.0001437 9.435e-05 0.00010385 0.00017665 9.535e-05 0.0001227 0.0001563 0.0001936 9.365e-05 0.00010945 0.00014395 0.00016345 9.485e-05 9.565e-05 0.00019235 0.00014415 0.00014435 0.0001154 0.00011885 0.0001849 0.0001045 0.0001577 0.0001444 0.00014835 9.5e-05 9.58e-05 9.36e-05 0.00014415 9.44e-05 0.00011385 0.00014415 0.00015785 9.535e-05 0.00011455 9.495e-05 0.00019295 9.585e-05 0.0002213
30 0.00021865 9.67e-05 9.62e-05 0.0001577 0.0001624 0.0001573 9.52e-05 0.00014375 0.00014325 0.000193 0.00016835 0.0001931 0.00012345 0.00014385 0.0001445 0.0002207 0.00014455 0.00011895 0.00013905 0.0001029 0.0001144 0.00013255 0.000114 0.0001446 0.00012335 9.39e-05 0.00016855 9.535e-05 0.00014365 9.45e-05 0.0001875 9.405e-05 0.0001449 0.0001445 0.00014215 9.575e-05 0.00014345 0.0001433 0.0001536 0.00014405 0.0001275 9.43e-05 0.00010875 9.425e-05 0.000119 0.0001932 9.42e-05 0.000119 0.0001438 0.00016875 0.000103 9.495e-05 9.475e-05 9.57e-05 0.00014435 9.4e-05 0.000104 0.00017655 9.625e-05 0.00012295 0.00015625 0.00019345 9.445e-05 0.00011005 0.0001446 0.0001631 9.585e-05 9.65e-05 0.0001925 0.0001445 0.0001447 0.0001152 0.000119 0.0001845 0.00010495 0.00015775 0.00014475 0.0001484 9.535e-05 9.535e-05 9.46e-05 0.0001445 9.475e-05 0.00011415 0.0001445 0.00015745 9.52e-05 0.0001137 9.55e-05 0.0001928 9.685e-05 0.00022115
31 0.00021865 9.67e-05 9.62e-05 0.0001577 0.0001624 0.0001573 9.51e-05 0.00014375 0.00014325 0.000193 0.00016835 0.0001931 0.00012325 0.00014385 0.0001445 0.0002207 0.00014455 0.00011895 0.00013905 0.0001029 0.0001144 0.00013255 0.0001139 0.0001446 0.0001233 9.38e-05 0.00016855 9.52e-05 0.00014365 9.44e-05 9.405e-05 0.0001875 0.0001449 0.0001444 0.00014215 9.575e-05 0.00014345 0.00014315 0.0001536 0.00014405 0.0001275 9.455e-05 0.00010875 9.425e-05 0.000119 0.0001932 9.425e-05 0.000119 0.0001437 0.00016875 0.00010305 9.495e-05 9.455e-05 9.56e-05 0.00014435 9.38e-05 0.000104 0.00017655 9.625e-05 0.0001228 0.00015625 0.00019345 9.435e-05 0.00011005 0.0001446 0.0001631 9.585e-05 9.65e-05 0.0001925 0.0001445 0.0001447 0.00011525 0.0001189 0.0001845 0.00010495 0.00015775 0.00014475 0.0001483 9.525e-05 9.52e-05 9.45e-05 0.0001445 9.465e-05 0.00011415 0.0001445 0.00015745 9.52e-05 0.0001137 9.55e-05 0.0001928 9.685e-05 0.00022115
32 0.00017105 0.000144 7.58e-05 0.000165 0.0001651 0.00014045 0.00014315 7.725e-05 0.0001653 0.0002035 8.63e-05 0.0002036 0.00014355 0.00020755 0.0001392 0.00023535 7.665e-05 8.62e-05 8.595e-05 8.65e-05 7.645e-05 8.575e-05 0.0001445 7.515e-05 7.695e-05 7.82e-05 8.5e-05 0.0001452 7.875e-05 0.00014455 0.0001449 0.0001449 0.0001497 0.00021185 0.00015155 0.0001457 0.00014495 0.0001433 0.0002059 0.00014445 7.74e-05 0.0001446 0.0001447 0.00014495 8.625e-05 0.0001396 0.00014495 0.00015275 0.00014385 0.0001489 8.59e-05 0.0001451 0.00021195 0.00014425 0.0001635 0.00014485 0.0002098 7.78e-05 7.975e-05 0.00021825 9.755e-05 0.00020735 0.0001445 0.00020625 0.00016375 7.62e-05 8.115e-05 7.5e-05 0.0001639 7.525e-05 7.525e-05 0.00014505 0.0001519 0.0001059 0.00014145 0.0001398 7.49e-05 8.49e-05 0.0002117 0.0001452 0.00014465 7.505e-05 0.0002119 7.73e-05 7.66e-05 7.69e-05 7.66e-05 0.00014405 0.000148 7.695e-05 0.00014275 0.0001717
33 0.0001673 0.00014925 0.0002166 0.00015945 0.00016075 0.00016655 0.00012535 0.00023015 0.00016565 9.885e-05 0.0002227 9.905e-05 0.00013915 7.625e-05 0.00014815 0.000123 0.00021095 0.00022805 0.0002277 0.00023245 0.0002115 0.00022755 0.0001439 0.00021155 0.0002301 0.00023525 0.0002227 0.00014965 0.00022925 0.00014435 0.0001445 0.0001444 0.00021185 0.000104 0.0001652 0.00014905 0.0001391 0.00013945 0.00011045 0.0001446 0.0002343 0.0001445 0.0001491 0.00014405 0.0002281 0.0001617 0.00014405 0.00013715 0.0001392 0.00015985 0.000241 0.0001439 5.275e-05 0.0001493 0.00014655 0.00014435 8.72e-05 0.00021565 0.00019295 7.905e-05 0.0002366 7.54e-05 0.0001443 8.625e-05 0.0001468 0.0002298 0.00021225 0.00019745 0.0001608 0.00021155 0.00021165 0.0001491 0.00012685 0.00025635 0.0001595 0.00016755 0.0002117 0.00022285 5.28e-05 0.00014965 0.00014445 0.00021145 5.275e-05 0.00023455 0.0002109 0.00022975 0.00021635 0.0001605 0.00012085 0.0002252 0.00013015 0.000186
34 0.0001735 0.00014735 0.0001463 0.00019765 0.0001647 0.0001462 0.00015985 0.00013345 0.00018895 0.0001376 0.00015335 0.0001377 0.00016685 0.00014735 0.0001502 0.0001577 0.0001511 0.0001477 0.00016755 0.00013635 0.0001213 0.000161 0.00016185 0.00015125 0.00015245 0.00012765 0.00015325 0.0001467 0.0001332 0.0001424 0.00014215 0.00014215 0.00015155 0.0001652 0.0001588 0.00014665 0.00014775 0.00014775 0.0001288 0.0001516 0.0001607 0.00014245 0.00015985 0.00014195 0.00014775 0.00013835 0.00014195 0.00016205 0.00014785 0.00015295 0.00012895 0.00014245 0.0001565 0.00014645 0.0002066 0.0001421 0.0001377 0.00012805 0.0001634 0.000118 0.00020585 0.00015595 0.00014235 0.0001597 0.00020685 0.00015295 0.0001462 0.00016335 0.0001947 0.0001513 0.00015135 0.0001665 0.0001707 0.0001667 0.00014125 0.00014665 0.0001514 0.00017245 0.00015645 0.0001467 0.0001425 0.00015115 0.00015645 0.00014745 0.00015105 0.00014685 0.0001455 0.0001565 0.00016 0.00013915 0.0001642 0.0001587
35 0.00022345 9.165e-05 9.205e-05 0.000162 0.00016705 0.0001571 9.685e-05 0.0001439 0.0001432 0.00019675 0.0001743 0.00019685 0.0001304 0.00014945 0.00014425 0.00022445 0.0001454 0.0001199 0.00014 9.77e-05 0.00011495 0.00013345 0.0001157 0.0001454 0.00012455 8.98e-05 0.00017375 8.925e-05 0.00014345 9.62e-05 9.575e-05 9.575e-05 0.0001457 0.00014905 0.00014665 0.0001771 0.0001501 0.00014995 0.0001578 0.00014305 0.00012335 9.625e-05 0.00010275 9.54e-05 0.00011995 0.0001973 9.54e-05 0.0001257 0.00014975 0.00017365 9.885e-05 9.555e-05 0.00010115 9.06e-05 0.00014425 9.57e-05 0.0001095 0.00018165 9.22e-05 0.00012855 0.00015225 0.00019725 9.615e-05 0.0001039 0.0001445 0.00016395 9.18e-05 9.23e-05 0.0001974 0.0001453 0.0001455 0.00010925 0.00012465 0.0001853 0.00010515 0.00015755 0.00014555 0.0001546 0.00010155 8.94e-05 9.63e-05 0.0001453 0.0001011 0.00011005 0.00014535 0.00015755 9.105e-05 0.0001098 9.67e-05 0.00019865 9.175e-05 0.00022525
36 0.00016865 0.0001495 0.0001498 0.0001603 0.00016115 0.0001435 0.0001432 0.0001452 0.00016605 0.0001394 0.00014595 0.0001395 0.00013815 0.0001381 0.00014445 0.0001686 0.00014305 0.00015245 0.00015155 0.00015785 0.00014475 0.0001514 0.0001424 0.00014465 0.0001445 0.0001497 0.0001477 0.0001497 0.0001437 0.0001434 0.00014345 0.00014345 0.00014495 0.0001391 0.00014775 0.0001501 0.0002733 0.00013835 0.0001473 0.00014465 0.00014765 0.00014345 0.0001486 0.0001436 0.0001525 0.0001397 0.0001436 0.0001459 0.00013885 0.0001473 0.0001576 0.0001437 0.00013775 0.0001501 0.00016575 0.0001434 0.0001462 0.00013865 0.0001491 0.0001462 0.0001693 0.0001395 0.00014335 0.00014995 0.000166 0.00014355 0.0001496 0.0001495 0.00016105 0.00014465 0.00014475 0.0001487 0.00014605 0.0001723 0.0001522 0.0001449 0.0001448 0.0001472 0.0001383 0.0001497 0.0001435 0.00014455 0.00013755 0.00014845 0.000143 0.00014425 0.0001496 0.0001481 0.0001433 0.0001383 0.00014975 0.00016915
37 0.0001678 0.00014985 0.00014895 0.0001605 0.000161 0.00014445 0.00014275 0.0001438 0.0001659 0.00014035 0.0001473 0.00014045 0.00013675 0.0001388 0.00014455 0.00016905 0.0001441 0.00015225 0.00015195 0.00015755 0.00014425 0.0001518 0.00014275 0.000143 0.00014305 0.0001494 0.0001464 0.00014955 0.0001448 0.00014315 0.0001433 0.00014315 0.0001433 0.00013945 0.00014775 0.00014995 0.00013835 0.0002735 0.00014785 0.00014395 0.00014855 0.0001433 0.00014905 0.0001435 0.0001523 0.00013895 0.0001435 0.00014605 0.0001375 0.00014775 0.0001573 0.00014375 0.00013755 0.00014995 0.0001654 0.0001431 0.0001463 0.00013915 0.00014855 0.0001462 0.0001694 0.00014045 0.0001431 0.00015005 0.00016565 0.0001426 0.00014925 0.0001488 0.0001598 0.00014305 0.0001431 0.00014905 0.0001457 0.00017225 0.0001519 0.00014415 0.00014315 0.00014585 0.00013825 0.00014955 0.00014325 0.0001428 0.00013765 0.00014875 0.00014405 0.00014345 0.0001491 0.00014855 0.00014315 0.0001384 0.0001494 0.0001679
38 0.00016605 0.0001579 0.00021155 0.00016585 0.00016835 0.00013225 0.00017025 0.0001884 0.00017325 7.205e-05 0.00019055 7.205e-05 0.0001485 9.225e-05 0.00015015 9.385e-05 0.0002049 0.0001968 0.0001961 0.00020195 0.00020635 0.00019595 0.00015275 0.0002056 0.0001894 0.0001944 0.00019055 0.0001582 0.0001877 0.00015365 0.0001536 0.0001536 0.0002059 0.00011045 0.0001288 0.0001578 0.0001473 0.00014785 0.0001427 0.00015245 0.00019275 0.0001537 0.0001572 0.0001531 0.00019685 0.00012665 0.0001531 0.00015585 0.0001475 0.0001355 0.0001947 0.0001533 0.00011215 0.000158 0.00018985 0.00015355 9.17e-05 0.0001866 0.00022785 9.27e-05 0.0002303 9.045e-05 0.0001536 0.0001025 0.0001901 0.0001878 0.00021155 0.000228 0.00016765 0.00020565 0.0002057 0.00015745 0.00016405 0.00020885 0.0001496 0.0001333 0.00020575 0.00019175 0.00011235 0.0001582 0.00015375 0.0002055 0.0001121 0.00019345 0.00020485 0.00018765 0.0002112 0.00014855 0.00016995 0.00018265 0.00017465 0.0001488
39 0.00017285 0.00014485 0.0001446 0.00016525 0.000165 0.00014445 0.00014425 0.00014395 0.00016535 0.0001448 0.0001528 0.0001449 0.0001442 0.00014455 0.0001446 0.0001734 0.00014475 0.00015215 0.00015245 0.00015195 0.00014385 0.00015225 0.0001442 0.0001442 0.00014405 0.0001438 0.00015205 0.0001431 0.00014435 0.00014395 0.00014405 0.00014405 0.00014445 0.0001446 0.0001516 0.00014305 0.00014465 0.00014395 0.00015245 0.0002839 0.0001441 0.000144 0.00014325 0.0001439 0.0001522 0.00014415 0.0001439 0.00015225 0.0001441 0.0001527 0.00015205 0.000144 0.0001442 0.00014435 0.0001655 0.000144 0.00015185 0.00014385 0.0001445 0.000152 0.0001652 0.00014485 0.0001439 0.0001445 0.00016575 0.00014385 0.00014445 0.0001445 0.00016545 0.0001443 0.0001443 0.00014335 0.00015165 0.000173 0.0001521 0.0001442 0.0001443 0.00015235 0.0001446 0.00014295 0.00014405 0.0001441 0.00014415 0.0001437 0.0001447 0.00014415 0.00014415 0.0001441 0.0001444 0.0001446 0.0001445 0.000173
