 slim_337666300 slim_337665982 slim_337666349 slim_337666288 slim_337666337 slim_337666319 slim_337666308 slim_337666060 slim_337666089 slim_337666340 slim_337666243 slim_337666363 slim_337666267 slim_337666361 slim_337666358 slim_337666260 slim_337666289 slim_337666302 slim_337666275 slim_337666318 slim_337666225 slim_337666355 slim_337666352 slim_337666153 slim_337666150 slim_337666343 slim_337666284 slim_337666315 slim_337666296 slim_337666324 slim_337666180 slim_337666192 slim_337666309 slim_337666262 slim_337666011 slim_337666263 slim_337666297 slim_337666350 slim_337666018 slim_337666217 slim_337666265 slim_337666179 slim_337666249 slim_337666210 slim_337666072 slim_337666354 slim_337666360 slim_337666326 slim_337666359 slim_337666320 slim_337666307 slim_337666264 slim_337666161 slim_337666286 slim_337666346 slim_337666157 slim_337666156 slim_337666095 slim_337666227 slim_337666165 slim_337666322 slim_337666332 slim_337666328 slim_337666145 slim_337666344 slim_337666269 slim_337666293 slim_337666353 slim_337666290 slim_337666268 slim_337666345 slim_337666242 slim_337666195 slim_337666317 slim_337666235 slim_337665971 slim_337666283 slim_337666336 slim_337666306 slim_337666240 slim_337666186 slim_337666292 slim_337666333 slim_337666330 slim_337666178 slim_337665975 slim_337666327 slim_337666362 slim_337666112 slim_337666341 slim_337666357 slim_337666152 slim_337665764 slim_337666050 slim_337665925 slim_337666342 slim_337666329 slim_337666313 slim_337666335 slim_337666200
0 6.9e-06 8.2e-06 6.95e-06 1.065e-05 8.6e-06 1.12e-05 8.4e-06 4.75e-06 8.95e-06 8.85e-06 9.2e-06 7e-06 1.185e-05 8.6e-06 4.9e-06 8.4e-06 4.7e-06 7.65e-06 1.145e-05 1.31e-05 8.2e-06 1.325e-05 1.045e-05 7.15e-06 3.9e-06 6.2e-06 1.16e-05 8.95e-06 7.15e-06 5.45e-06 7.35e-06 6.2e-06 9.1e-06 4.05e-06 4.1e-06 5.35e-06 5e-06 5.6e-06 1.16e-05 1.355e-05 4.55e-06 1.01e-05 9.95e-06 9.4e-06 9.5e-06 5.35e-06 9.75e-06 6.75e-06 1.06e-05 6.05e-06 8.3e-06 8.8e-06 6.3e-06 9.35e-06 8.5e-06 5.7e-06 6.25e-06 8.85e-06 7.35e-06 9.5e-06 9e-06 5.2e-06 5.95e-06 5.95e-06 9.15e-06 8.25e-06 1.11e-05 1.36e-05 7.25e-06 6.85e-06 8.85e-06 5.7e-06 4.85e-06 9.1e-06 8.7e-06 1.14e-05 4.5e-06 9.5e-06 6e-06 8.9e-06 5.5e-06 4.9e-06 7.75e-06 8.95e-06 1.165e-05 8.55e-06 1.13e-05 6.1e-06 1.285e-05 8.85e-06 8.45e-06 9.15e-06 9.1e-06 7.35e-06 4.75e-06 9.55e-06 4.8e-06 9e-06 5.9e-06 9.55e-06
1 8.2e-06 1.34e-05 7.55e-06 1.015e-05 9.4e-06 1.18e-05 8.5e-06 9.1e-06 1.015e-05 1.01e-05 9.9e-06 1.05e-05 1.2e-05 9.4e-06 9.25e-06 1.01e-05 8.85e-06 1.085e-05 1.205e-05 1e-05 9.55e-06 9.45e-06 1.18e-05 9.35e-06 7.55e-06 8.5e-06 1.22e-05 1.015e-05 8.35e-06 9.3e-06 1.04e-05 9.65e-06 9.9e-06 9.15e-06 7.65e-06 7.65e-06 9.25e-06 7.5e-06 1.02e-05 1.19e-05 7.85e-06 1.12e-05 1.105e-05 1.07e-05 9.2e-06 9.5e-06 8.7e-06 1.05e-05 1.005e-05 1.02e-05 9.1e-06 1.03e-05 9.35e-06 1.055e-05 9.3e-06 8.4e-06 9.75e-06 9e-06 9.2e-06 1e-05 1.025e-05 8.65e-06 8.65e-06 1e-05 1.05e-05 8.35e-06 9.55e-06 1.195e-05 1.08e-05 1.06e-05 1.065e-05 9.65e-06 8.7e-06 1.03e-05 1.02e-05 1.2e-05 8.15e-06 1.045e-05 9.95e-06 1.01e-05 8.3e-06 8.75e-06 8.45e-06 1.02e-05 1.025e-05 9.75e-06 1.19e-05 9.65e-06 9.75e-06 8.75e-06 1.07e-05 1.035e-05 9.8e-06 1.03e-05 8.8e-06 1.04e-05 8.95e-06 7.55e-06 8.55e-06 1.05e-05
2 6.95e-06 7.55e-06 8.9e-06 9.2e-06 7.35e-06 1.11e-05 7.4e-06 8.55e-06 9.3e-06 8.9e-06 9.45e-06 1.025e-05 1.075e-05 7.6e-06 8.7e-06 9.75e-06 8.25e-06 1.065e-05 1.14e-05 1.02e-05 8.6e-06 1.07e-05 1.055e-05 8.4e-06 6.2e-06 6.5e-06 1.16e-05 9.3e-06 7.15e-06 7.65e-06 9.15e-06 9.2e-06 8e-06 8.8e-06 6.3e-06 5.8e-06 8.75e-06 6e-06 9.2e-06 1.055e-05 7.45e-06 1e-05 9.85e-06 9.85e-06 9.45e-06 9e-06 1.005e-05 1.025e-05 9.05e-06 9.4e-06 7.35e-06 9.4e-06 8.25e-06 9.65e-06 7.55e-06 7.3e-06 9.4e-06 8.25e-06 8.1e-06 8.3e-06 9.3e-06 6.95e-06 7.7e-06 9.2e-06 9.6e-06 8.9e-06 1.15e-05 1.06e-05 1.06e-05 1.035e-05 1.02e-05 8.85e-06 8.2e-06 9.45e-06 9.7e-06 1.14e-05 6.8e-06 9.6e-06 9.15e-06 9.1e-06 6.8e-06 8.25e-06 7.35e-06 9.25e-06 9.2e-06 8.75e-06 1.1e-05 7.7e-06 1e-05 9.35e-06 9.95e-06 9.2e-06 8.9e-06 1.005e-05 8.3e-06 1.005e-05 8.35e-06 9.2e-06 6.95e-06 9.65e-06
3 1.065e-05 1.015e-05 9.2e-06 8.5e-06 8.35e-06 9.4e-06 7e-06 1.01e-05 6.8e-06 6.85e-06 8.85e-06 1.16e-05 6.8e-06 8e-06 1.025e-05 9.25e-06 9.9e-06 1.295e-05 9.55e-06 6.95e-06 8.15e-06 7.1e-06 6.9e-06 8.05e-06 9.75e-06 1e-05 9.85e-06 6.8e-06 7.05e-06 1.145e-05 1.255e-05 1.075e-05 7.6e-06 9.55e-06 9.95e-06 1.02e-05 1.03e-05 7.75e-06 4.85e-06 4.85e-06 1e-05 8.3e-06 8.2e-06 8.3e-06 9.8e-06 1.15e-05 1.04e-05 1.155e-05 4.8e-06 1.165e-05 7.85e-06 6.9e-06 1.25e-05 8.15e-06 8e-06 8.85e-06 1.085e-05 7.75e-06 9.2e-06 1.045e-05 6.65e-06 1.14e-05 9.15e-06 1.155e-05 7.35e-06 8.45e-06 1.175e-05 4.55e-06 1.285e-05 1.17e-05 7.85e-06 1.025e-05 9.75e-06 6.95e-06 7.05e-06 9.65e-06 1.14e-05 8.1e-06 1.12e-05 6.65e-06 1e-05 9.8e-06 6.85e-06 6.7e-06 4.8e-06 6.4e-06 9.75e-06 1.135e-05 6.85e-06 9.85e-06 7.6e-06 7.25e-06 6.15e-06 1.11e-05 9.85e-06 9.5e-06 1e-05 8.45e-06 1.07e-05 8.1e-06
4 8.6e-06 9.4e-06 7.35e-06 8.35e-06 1.34e-05 1.035e-05 8.55e-06 9.55e-06 8.55e-06 7.75e-06 1.02e-05 1.12e-05 8.35e-06 7.55e-06 9.7e-06 1.065e-05 9.2e-06 1.16e-05 1.07e-05 9.65e-06 9.3e-06 1.015e-05 8.15e-06 9.4e-06 7.8e-06 8.8e-06 1.085e-05 8.55e-06 8.1e-06 9.25e-06 1.09e-05 1.015e-05 8.05e-06 9.8e-06 8e-06 7.95e-06 9.75e-06 7.55e-06 8.1e-06 8.2e-06 9.05e-06 9.35e-06 9.2e-06 9.1e-06 1.06e-05 1e-05 1.125e-05 1.12e-05 8.25e-06 1.045e-05 7.25e-06 8.65e-06 9.85e-06 8.95e-06 7.45e-06 8.8e-06 1.035e-05 8.15e-06 9.5e-06 1.02e-05 8.6e-06 8.75e-06 9.2e-06 1.025e-05 8.85e-06 9.95e-06 1.26e-05 8.15e-06 1.155e-05 1.13e-05 9.1e-06 9.9e-06 9.15e-06 8.7e-06 8.6e-06 1.065e-05 8.5e-06 8.85e-06 1.015e-05 8.35e-06 8.3e-06 9.2e-06 8.3e-06 8.55e-06 8.15e-06 8e-06 9.85e-06 9.35e-06 9.4e-06 1.04e-05 9.25e-06 8.05e-06 8.15e-06 1.1e-05 9.3e-06 1.065e-05 9.3e-06 1.03e-05 8.75e-06 8.9e-06
5 1.12e-05 1.18e-05 1.11e-05 9.4e-06 1.035e-05 1.59e-05 1.03e-05 1.025e-05 9.35e-06 9.8e-06 1.06e-05 1.09e-05 8.35e-06 9.65e-06 1.04e-05 1.065e-05 9.9e-06 1.055e-05 9.9e-06 1.02e-05 1.015e-05 1.03e-05 8.65e-06 1.015e-05 1.07e-05 1.09e-05 9.9e-06 9.35e-06 9.75e-06 1.08e-05 1.105e-05 8.8e-06 9.45e-06 1.095e-05 1.09e-05 1.105e-05 1.045e-05 1.045e-05 9.05e-06 8.05e-06 1.105e-05 9.45e-06 9.45e-06 9.05e-06 1.095e-05 9.95e-06 1.15e-05 1.12e-05 9.2e-06 1.03e-05 9.65e-06 9.45e-06 1.13e-05 9.15e-06 9.75e-06 1.045e-05 9.05e-06 9.65e-06 1e-05 1.105e-05 9.25e-06 1.095e-05 1.085e-05 1.025e-05 9.5e-06 1.1e-05 1.21e-05 8.4e-06 1.08e-05 1.1e-05 1.02e-05 1.065e-05 9.85e-06 9.5e-06 1.03e-05 9.7e-06 1.06e-05 9.05e-06 1e-05 8.95e-06 1.005e-05 9.9e-06 9.95e-06 9.2e-06 8.9e-06 8.95e-06 1.045e-05 1.095e-05 1.025e-05 1.07e-05 9.75e-06 1.01e-05 9.1e-06 1.07e-05 1e-05 1.075e-05 1e-05 1.125e-05 1.095e-05 8.95e-06
6 8.4e-06 8.5e-06 7.4e-06 7e-06 8.55e-06 1.03e-05 8.6e-06 8.6e-06 8.25e-06 8e-06 8.4e-06 1.005e-05 1e-05 8.7e-06 8.75e-06 8.4e-06 8.2e-06 1.07e-05 1.045e-05 8.45e-06 6.9e-06 8.7e-06 9.65e-06 7.15e-06 8.05e-06 6.55e-06 1.06e-05 8.25e-06 5.7e-06 9.15e-06 1.035e-05 9.15e-06 8.35e-06 8.15e-06 8.25e-06 6.55e-06 8.8e-06 6.7e-06 6.55e-06 8.8e-06 8.45e-06 9.1e-06 8.95e-06 9.05e-06 8.6e-06 9.3e-06 8.95e-06 1.005e-05 6.85e-06 9.5e-06 8.4e-06 8.35e-06 1.015e-05 8.9e-06 8.6e-06 5.9e-06 9.4e-06 8.45e-06 6.15e-06 8.85e-06 8.3e-06 9.05e-06 6.35e-06 9.35e-06 7.9e-06 7.9e-06 1.03e-05 8.75e-06 1.065e-05 1.015e-05 8.45e-06 8.75e-06 8.2e-06 8.4e-06 8.2e-06 1.04e-05 9e-06 8.8e-06 9.3e-06 8e-06 8.05e-06 8.25e-06 5.4e-06 8.25e-06 6.6e-06 7.65e-06 1.015e-05 9.05e-06 8.2e-06 8.6e-06 8.5e-06 8.3e-06 7.3e-06 9.3e-06 8.35e-06 8.25e-06 8.3e-06 7.4e-06 8.25e-06 8.85e-06
7 4.75e-06 9.1e-06 8.55e-06 1.01e-05 9.55e-06 1.025e-05 8.6e-06 6.3e-06 8.4e-06 8.3e-06 8.1e-06 5.85e-06 1.135e-05 9.5e-06 3.3e-06 7.3e-06 3.6e-06 5.9e-06 1.03e-05 1.275e-05 7.5e-06 1.265e-05 9.95e-06 6.4e-06 4.8e-06 6.9e-06 1.05e-05 8.4e-06 6.95e-06 5.05e-06 6.8e-06 5.25e-06 9.15e-06 3.8e-06 5e-06 6.95e-06 3.9e-06 6.55e-06 1.115e-05 1.295e-05 4.7e-06 9.35e-06 9.2e-06 8.3e-06 8.95e-06 3.4e-06 8.95e-06 5.4e-06 1.01e-05 4.8e-06 9.25e-06 8.1e-06 6.65e-06 8e-06 9.45e-06 5.85e-06 5.25e-06 9.2e-06 7.05e-06 9.05e-06 8.4e-06 5.9e-06 6.05e-06 4.6e-06 8.65e-06 7.75e-06 9.95e-06 1.3e-05 5.55e-06 5.5e-06 8e-06 4.9e-06 3.65e-06 8.55e-06 7.95e-06 1.03e-05 4.85e-06 8.35e-06 4.45e-06 8.4e-06 6e-06 3.7e-06 7.55e-06 8.35e-06 1.115e-05 8.05e-06 1.02e-05 6e-06 1.255e-05 7.95e-06 8.25e-06 8.6e-06 8.6e-06 6.25e-06 3.35e-06 8.5e-06 3.7e-06 8.45e-06 6.6e-06 8.4e-06
8 8.95e-06 1.015e-05 9.3e-06 6.8e-06 8.55e-06 9.35e-06 8.25e-06 8.4e-06 1.23e-05 7.1e-06 8.95e-06 9.9e-06 6.75e-06 8.05e-06 8.55e-06 9.5e-06 8.25e-06 1.125e-05 9.65e-06 8.75e-06 8.45e-06 8.85e-06 6.85e-06 8.3e-06 7.9e-06 9.35e-06 9.7e-06 6.15e-06 7.25e-06 9.8e-06 1.09e-05 9.1e-06 7.6e-06 7.4e-06 7.8e-06 9.55e-06 8.2e-06 7.95e-06 6.7e-06 6.65e-06 8.2e-06 8.2e-06 8.3e-06 8.1e-06 9.95e-06 9.85e-06 1.05e-05 9.85e-06 6.7e-06 1e-05 7.85e-06 6.65e-06 1.085e-05 8.2e-06 7.95e-06 8.25e-06 9.1e-06 7.7e-06 9.1e-06 1.06e-05 6.75e-06 9.8e-06 8.05e-06 9.95e-06 7.5e-06 8.45e-06 1.18e-05 6.85e-06 1.12e-05 1e-05 7.9e-06 8.55e-06 7.95e-06 6.65e-06 7.05e-06 9.5e-06 9.65e-06 8.05e-06 9.6e-06 6.65e-06 8.85e-06 8e-06 7.45e-06 6.7e-06 6.75e-06 6.45e-06 1e-05 9.75e-06 8.6e-06 9.9e-06 7.4e-06 7e-06 6.6e-06 9.9e-06 8.05e-06 9.75e-06 8.35e-06 8.9e-06 9.8e-06 7.85e-06
9 8.85e-06 1.01e-05 8.9e-06 6.85e-06 7.75e-06 9.8e-06 8e-06 8.3e-06 7.1e-06 1.21e-05 8.85e-06 9.75e-06 7.7e-06 8.45e-06 8.45e-06 9.45e-06 8.15e-06 1.115e-05 1.01e-05 9.15e-06 8.25e-06 9.3e-06 7.5e-06 8.25e-06 7.9e-06 9.3e-06 1.025e-05 7.1e-06 7.1e-06 9.4e-06 1.085e-05 9e-06 7.95e-06 7.7e-06 8.1e-06 9.45e-06 8.5e-06 7.85e-06 6.95e-06 7.55e-06 8.15e-06 8.8e-06 8.65e-06 8.65e-06 1.02e-05 9.75e-06 1.05e-05 9.8e-06 7e-06 1.005e-05 8.15e-06 7.2e-06 1.08e-05 8.5e-06 8.35e-06 8.15e-06 8.95e-06 8.05e-06 9.5e-06 1.025e-05 6.9e-06 9.75e-06 8.35e-06 9.9e-06 7.75e-06 8.65e-06 1.18e-05 7.5e-06 1.115e-05 9.9e-06 7.6e-06 8.55e-06 7.8e-06 7.25e-06 6.75e-06 1.005e-05 9.6e-06 8.35e-06 9.8e-06 7.1e-06 9.25e-06 7.85e-06 7.3e-06 7.05e-06 7e-06 6.75e-06 9.25e-06 9.4e-06 8.9e-06 1.01e-05 7.95e-06 6.6e-06 6.9e-06 9.8e-06 8.05e-06 9.55e-06 8.25e-06 8.85e-06 9.75e-06 8.4e-06
10 9.2e-06 9.9e-06 9.45e-06 8.85e-06 1.02e-05 1.06e-05 8.4e-06 8.1e-06 8.95e-06 8.85e-06 1.28e-05 8.6e-06 1.095e-05 1.02e-05 8.25e-06 7.55e-06 7.95e-06 9.3e-06 9.6e-06 1.095e-05 8.35e-06 1.06e-05 1.075e-05 8.2e-06 8.25e-06 9.25e-06 1.01e-05 8.95e-06 7.35e-06 9.4e-06 9e-06 8.4e-06 9.5e-06 8.15e-06 8.45e-06 9.6e-06 8.3e-06 8.2e-06 8.95e-06 1.08e-05 8.15e-06 1.015e-05 1e-05 9.85e-06 1.01e-05 8.9e-06 9.9e-06 7.9e-06 8.85e-06 9.35e-06 9.9e-06 9.05e-06 8.8e-06 9.7e-06 1.01e-05 8.4e-06 8.4e-06 9.45e-06 9.3e-06 8.55e-06 9e-06 9.6e-06 8.6e-06 9.2e-06 9.7e-06 9.05e-06 9.35e-06 1.08e-05 8.6e-06 8.7e-06 9.5e-06 8.5e-06 7.65e-06 9.1e-06 8.95e-06 1.025e-05 9.3e-06 9.55e-06 9.3e-06 8.95e-06 9.15e-06 7.7e-06 7.55e-06 8.95e-06 9e-06 8.6e-06 9.45e-06 9.55e-06 1.07e-05 9.85e-06 9.8e-06 9.15e-06 8.75e-06 8.25e-06 7.85e-06 7.8e-06 8.05e-06 8.75e-06 9.6e-06 9.6e-06
11 7e-06 1.05e-05 1.025e-05 1.16e-05 1.12e-05 1.09e-05 1.005e-05 5.85e-06 9.9e-06 9.75e-06 8.6e-06 9.4e-06 1.305e-05 1.12e-05 6e-06 7.65e-06 5.7e-06 5.5e-06 1.07e-05 1.425e-05 8.8e-06 1.39e-05 1.175e-05 7.7e-06 6.5e-06 8.35e-06 1.04e-05 9.9e-06 8.45e-06 7.2e-06 6.7e-06 5.95e-06 1.06e-05 5.9e-06 6.7e-06 8.6e-06 6.05e-06 8.2e-06 1.26e-05 1.45e-05 6.4e-06 1.065e-05 1.05e-05 1.035e-05 1.025e-05 6.2e-06 1e-05 6.25e-06 1.155e-05 6.65e-06 1.09e-05 1e-05 7.2e-06 1.02e-05 1.11e-05 7.35e-06 5.85e-06 1.045e-05 8.3e-06 9.45e-06 9.9e-06 7.4e-06 7.55e-06 6.5e-06 1.005e-05 9.65e-06 1.005e-05 1.455e-05 6.5e-06 5.25e-06 1e-05 6.25e-06 5.4e-06 1.005e-05 9.9e-06 9.5e-06 7.1e-06 1.015e-05 6.55e-06 9.9e-06 7.45e-06 5.45e-06 9e-06 9.65e-06 1.265e-05 9.55e-06 1.055e-05 7.35e-06 1.4e-05 1e-05 1.03e-05 1.01e-05 1.005e-05 6.15e-06 5.6e-06 8.85e-06 5.8e-06 9.65e-06 8.2e-06 1.02e-05
12 1.185e-05 1.2e-05 1.075e-05 6.8e-06 8.35e-06 8.35e-06 1e-05 1.135e-05 6.75e-06 7.7e-06 1.095e-05 1.305e-05 4.6e-06 7.15e-06 1.15e-05 1.225e-05 1.1e-05 1.345e-05 8.6e-06 6.85e-06 1.01e-05 7.35e-06 4e-06 1.105e-05 1.125e-05 1.18e-05 9e-06 6.75e-06 9.2e-06 1.195e-05 1.33e-05 1.205e-05 7.05e-06 1.15e-05 1.145e-05 1.195e-05 1.155e-05 1.085e-05 5.15e-06 2.4e-06 1.185e-05 7.45e-06 7.55e-06 7.1e-06 1.09e-05 1.17e-05 1.22e-05 1.295e-05 6.55e-06 1.195e-05 7.25e-06 6.85e-06 1.315e-05 7.3e-06 7.05e-06 1.125e-05 1.225e-05 7.5e-06 1.105e-05 1.19e-05 6.65e-06 1.21e-05 1.165e-05 1.195e-05 7.3e-06 1.035e-05 1.35e-05 2.9e-06 1.32e-05 1.315e-05 8.45e-06 1.17e-05 1.105e-05 6.9e-06 8.2e-06 8.8e-06 1.18e-05 7.3e-06 1.13e-05 6.35e-06 1.085e-05 1.11e-05 9.4e-06 6.6e-06 5.2e-06 6.45e-06 9.65e-06 1.205e-05 7e-06 1.07e-05 7.25e-06 8e-06 6.6e-06 1.285e-05 1.11e-05 1.14e-05 1.11e-05 1.135e-05 1.21e-05 7.1e-06
13 8.6e-06 9.4e-06 7.6e-06 8e-06 7.55e-06 9.65e-06 8.7e-06 9.5e-06 8.05e-06 8.45e-06 1.02e-05 1.12e-05 7.15e-06 1.34e-05 9.65e-06 1.06e-05 9.2e-06 1.16e-05 9.9e-06 8.9e-06 9.35e-06 9.4e-06 7.4e-06 9.3e-06 7.8e-06 8.7e-06 1.035e-05 8.05e-06 8.15e-06 9.5e-06 1.08e-05 1.015e-05 7.55e-06 9.8e-06 8e-06 7.95e-06 9.7e-06 7.55e-06 7.75e-06 6.7e-06 9.05e-06 8.75e-06 8.7e-06 8.5e-06 1.02e-05 9.95e-06 1.115e-05 1.115e-05 7.85e-06 1.03e-05 6.85e-06 8.15e-06 9.8e-06 8.5e-06 6.95e-06 8.8e-06 1.035e-05 7.75e-06 9.15e-06 1.04e-05 7.75e-06 8.65e-06 9.2e-06 1.015e-05 8.45e-06 9.65e-06 1.255e-05 7.05e-06 1.15e-05 1.13e-05 9.45e-06 9.8e-06 9.15e-06 8.2e-06 8.95e-06 1.015e-05 8.5e-06 8.45e-06 9.8e-06 7.65e-06 7.95e-06 9.2e-06 8.35e-06 7.8e-06 7.55e-06 7.6e-06 1.05e-05 9.55e-06 9e-06 1.01e-05 8.75e-06 8.75e-06 7.75e-06 1.1e-05 9.25e-06 1.075e-05 9.3e-06 1.03e-05 8.65e-06 8.4e-06
14 4.9e-06 9.25e-06 8.7e-06 1.025e-05 9.7e-06 1.04e-05 8.75e-06 3.3e-06 8.55e-06 8.45e-06 8.25e-06 6e-06 1.15e-05 9.65e-06 6.6e-06 7.45e-06 3.75e-06 6.05e-06 1.045e-05 1.29e-05 7.65e-06 1.28e-05 1.01e-05 6.55e-06 4.95e-06 7.05e-06 1.065e-05 8.55e-06 7.1e-06 5.2e-06 6.95e-06 5.4e-06 9.3e-06 3.95e-06 5.15e-06 7.1e-06 4.05e-06 6.7e-06 1.13e-05 1.31e-05 4.85e-06 9.5e-06 9.35e-06 8.45e-06 9.1e-06 3.45e-06 9.1e-06 5.55e-06 1.025e-05 4.95e-06 9.4e-06 8.25e-06 6.8e-06 8.15e-06 9.6e-06 6e-06 5.4e-06 9.35e-06 7.2e-06 9.2e-06 8.55e-06 6.05e-06 6.2e-06 4.75e-06 8.8e-06 7.9e-06 1.01e-05 1.315e-05 5.7e-06 5.65e-06 8.15e-06 5.05e-06 3.8e-06 8.7e-06 8.1e-06 1.045e-05 5e-06 8.5e-06 4.5e-06 8.55e-06 6.15e-06 3.85e-06 7.7e-06 8.5e-06 1.13e-05 8.2e-06 1.035e-05 6.15e-06 1.27e-05 8.1e-06 8.4e-06 8.75e-06 8.75e-06 6.4e-06 3.5e-06 8.65e-06 3.85e-06 8.6e-06 6.75e-06 8.55e-06
15 8.4e-06 1.01e-05 9.75e-06 9.25e-06 1.065e-05 1.065e-05 8.4e-06 7.3e-06 9.5e-06 9.45e-06 7.55e-06 7.65e-06 1.225e-05 1.06e-05 7.45e-06 1.17e-05 6.85e-06 7.85e-06 9.05e-06 1.19e-05 8.05e-06 1.165e-05 1.11e-05 6.9e-06 7.95e-06 8.5e-06 9.85e-06 9.5e-06 7.8e-06 8.45e-06 7.95e-06 7.45e-06 9.95e-06 7.5e-06 8.15e-06 8.8e-06 7.5e-06 7.5e-06 1.015e-05 1.205e-05 7.95e-06 9.9e-06 9.75e-06 9.75e-06 9.55e-06 7.45e-06 9.45e-06 6.65e-06 9e-06 7.75e-06 1.03e-05 9.6e-06 7.4e-06 9.6e-06 1.05e-05 7.45e-06 7.75e-06 9.95e-06 7.95e-06 7.9e-06 9.55e-06 8.5e-06 7.95e-06 7.6e-06 9.35e-06 9.3e-06 8.6e-06 1.21e-05 6.7e-06 7.75e-06 9.7e-06 7.55e-06 7e-06 9.65e-06 9.65e-06 1e-05 8.35e-06 9.6e-06 7.7e-06 9.2e-06 8.15e-06 7.05e-06 7.95e-06 9.5e-06 1.02e-05 8.85e-06 8.95e-06 8.45e-06 1.165e-05 9.45e-06 9.85e-06 9.75e-06 8.95e-06 6.95e-06 7.05e-06 7.2e-06 6.95e-06 8.75e-06 8.6e-06 9.65e-06
16 4.7e-06 8.85e-06 8.25e-06 9.9e-06 9.2e-06 9.9e-06 8.2e-06 3.6e-06 8.25e-06 8.15e-06 7.95e-06 5.7e-06 1.1e-05 9.2e-06 3.75e-06 6.85e-06 5.6e-06 5.45e-06 1e-05 1.245e-05 7.15e-06 1.245e-05 9.6e-06 6e-06 4.65e-06 6.65e-06 1.015e-05 8.25e-06 6.45e-06 4.6e-06 6.55e-06 4.75e-06 8.9e-06 3.95e-06 4.85e-06 6.6e-06 3.65e-06 6.1e-06 1.075e-05 1.27e-05 5.05e-06 9.05e-06 8.85e-06 7.8e-06 8.65e-06 3.05e-06 8.75e-06 5.7e-06 9.65e-06 4.35e-06 8.9e-06 8.35e-06 6.3e-06 7.8e-06 9.1e-06 5.2e-06 5.1e-06 8.95e-06 6.7e-06 8.75e-06 8.3e-06 5.6e-06 5.9e-06 4.15e-06 8.3e-06 8e-06 9.7e-06 1.275e-05 5.05e-06 5.8e-06 8e-06 4.8e-06 3.4e-06 8.4e-06 8.35e-06 9.95e-06 4.35e-06 7.85e-06 4.25e-06 7.75e-06 5.65e-06 3.45e-06 6.95e-06 8.25e-06 1.08e-05 7.55e-06 9.85e-06 5.7e-06 1.215e-05 7.45e-06 8.2e-06 8.45e-06 8e-06 5.65e-06 3.35e-06 8.1e-06 2.9e-06 7.95e-06 6.3e-06 7.95e-06
17 7.65e-06 1.085e-05 1.065e-05 1.295e-05 1.16e-05 1.055e-05 1.07e-05 5.9e-06 1.125e-05 1.115e-05 9.3e-06 5.5e-06 1.345e-05 1.16e-05 6.05e-06 7.85e-06 5.45e-06 6.2e-06 1.01e-05 1.45e-05 9.1e-06 1.425e-05 1.205e-05 8.25e-06 7.85e-06 8.65e-06 9.8e-06 1.125e-05 9.7e-06 6.3e-06 6.3e-06 6.4e-06 1.12e-05 7.5e-06 8.05e-06 8.7e-06 5.95e-06 9.4e-06 1.355e-05 1.49e-05 8.15e-06 1.04e-05 1.025e-05 9.25e-06 9.85e-06 3.85e-06 9.7e-06 6.6e-06 1.275e-05 5e-06 1.13e-05 1.135e-05 6.6e-06 9.3e-06 1.15e-05 8.25e-06 6.55e-06 1.125e-05 7.6e-06 8.85e-06 1.13e-05 7.15e-06 8.6e-06 4.8e-06 1.06e-05 1.085e-05 9.4e-06 1.495e-05 4.4e-06 5.5e-06 1.05e-05 6.95e-06 5.2e-06 1.14e-05 1.165e-05 8.95e-06 6e-06 8.9e-06 5e-06 1.11e-05 7.05e-06 5.25e-06 1.025e-05 1.125e-05 1.36e-05 1.075e-05 9.95e-06 7.25e-06 1.425e-05 8.75e-06 1.095e-05 1.145e-05 1.125e-05 6.35e-06 5.65e-06 8.8e-06 5.5e-06 1.08e-05 7.95e-06 8.95e-06
18 1.145e-05 1.205e-05 1.14e-05 9.55e-06 1.07e-05 9.9e-06 1.045e-05 1.03e-05 9.65e-06 1.01e-05 9.6e-06 1.07e-05 8.6e-06 9.9e-06 1.045e-05 9.05e-06 1e-05 1.01e-05 1.62e-05 1.035e-05 9.95e-06 1.035e-05 8.7e-06 9.95e-06 1.11e-05 1.095e-05 9.3e-06 9.65e-06 1.01e-05 1.085e-05 1.035e-05 1.06e-05 9.55e-06 1.115e-05 1.13e-05 1.13e-05 1.05e-05 1.08e-05 9.25e-06 8.1e-06 1.135e-05 9.25e-06 9.2e-06 9.1e-06 1.07e-05 9.75e-06 1.12e-05 9.55e-06 9.4e-06 9.95e-06 9.95e-06 9.75e-06 9.8e-06 9.1e-06 1.005e-05 1.065e-05 1.08e-05 9.85e-06 9.9e-06 9.4e-06 9.45e-06 1.085e-05 1.105e-05 9.85e-06 9.4e-06 1.125e-05 1.04e-05 8.45e-06 9e-06 1.08e-05 1.03e-05 1.05e-05 9.95e-06 9.8e-06 1.06e-05 9.45e-06 1.08e-05 9.05e-06 9.65e-06 9.25e-06 1.015e-05 1e-05 1.025e-05 9.4e-06 9.05e-06 9.2e-06 8.85e-06 1.08e-05 1.045e-05 1.07e-05 9.9e-06 1.04e-05 9.3e-06 1.01e-05 1.005e-05 9.15e-06 1.01e-05 1.14e-05 1.095e-05 9e-06
19 1.31e-05 1e-05 1.02e-05 6.95e-06 9.65e-06 1.02e-05 8.45e-06 1.275e-05 8.75e-06 9.15e-06 1.095e-05 1.425e-05 6.85e-06 8.9e-06 1.29e-05 1.19e-05 1.245e-05 1.45e-05 1.035e-05 9.6e-06 9.85e-06 6e-06 8.05e-06 1.065e-05 1.25e-05 1.155e-05 1.08e-05 8.75e-06 9.1e-06 1.32e-05 1.435e-05 1.33e-05 8.75e-06 1.29e-05 1.27e-05 1.17e-05 1.295e-05 1.05e-05 5.85e-06 4.8e-06 1.31e-05 9.25e-06 9.2e-06 9.15e-06 9.2e-06 1.315e-05 1.015e-05 1.42e-05 6.8e-06 1.33e-05 8.95e-06 8.85e-06 1.425e-05 9.15e-06 9.05e-06 1.115e-05 1.35e-05 9.2e-06 1.06e-05 1.135e-05 8.55e-06 1.315e-05 1.155e-05 1.32e-05 8.9e-06 8.85e-06 1.15e-05 5.15e-06 1.45e-05 1.435e-05 9.95e-06 1.29e-05 1.23e-05 8.9e-06 9.65e-06 1.06e-05 1.315e-05 9e-06 1.285e-05 8.35e-06 1.175e-05 1.235e-05 8.8e-06 8.5e-06 5.65e-06 8.3e-06 1.095e-05 1.31e-05 5e-06 9.25e-06 9.25e-06 9.45e-06 7.95e-06 1.355e-05 1.25e-05 1.12e-05 1.255e-05 9e-06 1.235e-05 8.95e-06
20 8.2e-06 9.55e-06 8.6e-06 8.15e-06 9.3e-06 1.015e-05 6.9e-06 7.5e-06 8.45e-06 8.25e-06 8.35e-06 8.8e-06 1.01e-05 9.35e-06 7.65e-06 8.05e-06 7.15e-06 9.1e-06 9.95e-06 9.85e-06 1.12e-05 1.01e-05 9.75e-06 6e-06 7.85e-06 8e-06 1.025e-05 8.45e-06 6.75e-06 8.45e-06 9.1e-06 8.1e-06 8.55e-06 7.45e-06 8.05e-06 8.5e-06 7.7e-06 7.5e-06 7.7e-06 9.8e-06 8.2e-06 7.85e-06 7.6e-06 8.9e-06 7.55e-06 7.85e-06 7.95e-06 8.7e-06 8.05e-06 6.9e-06 9.1e-06 8.55e-06 9.3e-06 8.7e-06 9.3e-06 7.35e-06 8.35e-06 9.1e-06 7.85e-06 8.9e-06 8.45e-06 7.3e-06 7.8e-06 6.75e-06 7.7e-06 8.4e-06 1.02e-05 9.75e-06 8.95e-06 8.9e-06 8.35e-06 6.5e-06 7.15e-06 8.6e-06 8.45e-06 1.005e-05 8.45e-06 8.65e-06 7.25e-06 8.2e-06 8.1e-06 7.2e-06 6.9e-06 8.4e-06 7.75e-06 7.85e-06 9.75e-06 7.2e-06 9.65e-06 8.75e-06 8.7e-06 8.55e-06 7.95e-06 8.5e-06 7.25e-06 7.85e-06 7.25e-06 8.4e-06 7.4e-06 8.7e-06
21 1.325e-05 9.45e-06 1.07e-05 7.1e-06 1.015e-05 1.03e-05 8.7e-06 1.265e-05 8.85e-06 9.3e-06 1.06e-05 1.39e-05 7.35e-06 9.4e-06 1.28e-05 1.165e-05 1.245e-05 1.425e-05 1.035e-05 6e-06 1.01e-05 1.06e-05 8.55e-06 1.09e-05 1.26e-05 1.205e-05 1.08e-05 8.85e-06 9.35e-06 1.345e-05 1.435e-05 1.315e-05 9.25e-06 1.265e-05 1.28e-05 1.22e-05 1.28e-05 1.075e-05 6.1e-06 5.3e-06 1.235e-05 9.75e-06 9.7e-06 9.4e-06 9.75e-06 1.315e-05 9.5e-06 1.385e-05 7.05e-06 1.355e-05 9.45e-06 9e-06 1.425e-05 9.4e-06 9.55e-06 1.14e-05 1.325e-05 8.8e-06 1.1e-05 1.135e-05 8.7e-06 1.365e-05 1.165e-05 1.345e-05 9.15e-06 9.05e-06 1.035e-05 5.65e-06 1.425e-05 1.4e-05 9.8e-06 1.3e-05 1.22e-05 9e-06 9.4e-06 1.06e-05 1.34e-05 9.25e-06 1.31e-05 8.6e-06 1.215e-05 1.225e-05 9.05e-06 8.6e-06 5.9e-06 8.55e-06 1.095e-05 1.36e-05 6.1e-06 9.55e-06 9.4e-06 9.55e-06 8.2e-06 1.33e-05 1.235e-05 1.095e-05 1.255e-05 8.1e-06 1.285e-05 9.2e-06
22 1.045e-05 1.18e-05 1.055e-05 6.9e-06 8.15e-06 8.65e-06 9.65e-06 9.95e-06 6.85e-06 7.5e-06 1.075e-05 1.175e-05 4e-06 7.4e-06 1.01e-05 1.11e-05 9.6e-06 1.205e-05 8.7e-06 8.05e-06 9.75e-06 8.55e-06 6.5e-06 9.9e-06 1.01e-05 1.05e-05 8.95e-06 6.85e-06 9e-06 1.055e-05 1.2e-05 1.09e-05 6.9e-06 1.01e-05 1.03e-05 1.065e-05 1.015e-05 9.85e-06 6.35e-06 4.05e-06 1.07e-05 7.4e-06 7.15e-06 7.05e-06 1.055e-05 1.005e-05 1.185e-05 1.165e-05 6.55e-06 1.045e-05 7e-06 6.95e-06 1.185e-05 6.75e-06 7.3e-06 9.95e-06 1.11e-05 7.25e-06 9.75e-06 1.155e-05 6.9e-06 1.08e-05 1.035e-05 1.04e-05 6.85e-06 1.015e-05 1.315e-05 4.25e-06 1.165e-05 1.185e-05 8e-06 1.04e-05 9.8e-06 7e-06 8e-06 8.75e-06 1.045e-05 6.95e-06 9.75e-06 6.65e-06 9.7e-06 9.85e-06 9.2e-06 6.85e-06 6.4e-06 6.3e-06 9.3e-06 1.075e-05 7.7e-06 1.025e-05 7.1e-06 7.8e-06 6.35e-06 1.155e-05 9.7e-06 1.105e-05 9.7e-06 1.115e-05 1.08e-05 7.1e-06
23 7.15e-06 9.35e-06 8.4e-06 8.05e-06 9.4e-06 1.015e-05 7.15e-06 6.4e-06 8.3e-06 8.25e-06 8.2e-06 7.7e-06 1.105e-05 9.3e-06 6.55e-06 6.9e-06 6e-06 8.25e-06 9.95e-06 1.065e-05 6e-06 1.09e-05 9.9e-06 9.3e-06 6.7e-06 6.95e-06 1.025e-05 8.3e-06 6.55e-06 7.45e-06 8.05e-06 6.95e-06 8.45e-06 6.3e-06 6.9e-06 7.5e-06 6.6e-06 6.3e-06 8.95e-06 1.075e-05 7.05e-06 7.7e-06 7.7e-06 8.9e-06 7.5e-06 6.9e-06 7.9e-06 7.6e-06 7.85e-06 6.05e-06 9.05e-06 8.4e-06 8.3e-06 8.7e-06 9.25e-06 6.2e-06 7.25e-06 9.05e-06 6.9e-06 8.75e-06 8.3e-06 6.4e-06 6.7e-06 5.9e-06 7.95e-06 8.1e-06 1.005e-05 1.08e-05 8e-06 7.8e-06 8.5e-06 5.5e-06 6.15e-06 8.45e-06 8.45e-06 1.005e-05 7.45e-06 8.75e-06 6.4e-06 8e-06 7.1e-06 6.2e-06 6.7e-06 8.25e-06 8.95e-06 7.65e-06 9.9e-06 6.3e-06 1.045e-05 8.6e-06 8.65e-06 8.55e-06 7.75e-06 7.35e-06 6.15e-06 8.15e-06 6.1e-06 8.05e-06 6.5e-06 8.8e-06
24 3.9e-06 7.55e-06 6.2e-06 9.75e-06 7.8e-06 1.07e-05 8.05e-06 4.8e-06 7.9e-06 7.9e-06 8.25e-06 6.5e-06 1.125e-05 7.8e-06 4.95e-06 7.95e-06 4.65e-06 7.85e-06 1.11e-05 1.25e-05 7.85e-06 1.26e-05 1.01e-05 6.7e-06 5.3e-06 5.75e-06 1.125e-05 7.9e-06 6.25e-06 5.6e-06 6.9e-06 5.6e-06 8.2e-06 4.2e-06 3.05e-06 5e-06 4.9e-06 4.7e-06 1.08e-05 1.275e-05 3.8e-06 9.75e-06 9.6e-06 9.45e-06 9.35e-06 6.15e-06 9.55e-06 6.5e-06 9.7e-06 6.65e-06 7.5e-06 8.1e-06 5.95e-06 9.3e-06 7.7e-06 5.25e-06 5.6e-06 8e-06 7.45e-06 9.2e-06 8.05e-06 4.85e-06 5.35e-06 6.45e-06 8.8e-06 7.75e-06 1.09e-05 1.28e-05 7.75e-06 6.6e-06 8.85e-06 5.15e-06 4.45e-06 8.1e-06 7.95e-06 1.105e-05 4.55e-06 9.25e-06 6.4e-06 8e-06 5.15e-06 4.5e-06 6.85e-06 8e-06 1.085e-05 7.65e-06 1.095e-05 5.75e-06 1.225e-05 9.1e-06 8.85e-06 8.1e-06 8.2e-06 6.9e-06 4.35e-06 9.2e-06 4.75e-06 8.25e-06 5.55e-06 9.3e-06
25 6.2e-06 8.5e-06 6.5e-06 1e-05 8.8e-06 1.09e-05 6.55e-06 6.9e-06 9.35e-06 9.3e-06 9.25e-06 8.35e-06 1.18e-05 8.7e-06 7.05e-06 8.5e-06 6.65e-06 8.65e-06 1.095e-05 1.155e-05 8e-06 1.205e-05 1.05e-05 6.95e-06 5.75e-06 6.7e-06 1.125e-05 9.35e-06 6.75e-06 6.5e-06 6.8e-06 7.5e-06 7.6e-06 7e-06 5.95e-06 4.25e-06 7.1e-06 6.3e-06 1.085e-05 1.215e-05 6.45e-06 9.35e-06 9.2e-06 9.75e-06 8.5e-06 7.2e-06 9.15e-06 8.25e-06 9.85e-06 7e-06 8.45e-06 9.45e-06 7.3e-06 9.55e-06 8.65e-06 4.75e-06 7.65e-06 8.8e-06 5.15e-06 8.45e-06 9.35e-06 5.9e-06 5.1e-06 6.85e-06 9.35e-06 8.65e-06 1.08e-05 1.22e-05 8.45e-06 8.45e-06 1e-05 6.65e-06 6.6e-06 9.5e-06 9.8e-06 1.105e-05 6.3e-06 9.55e-06 7.15e-06 9.2e-06 6e-06 6.65e-06 6.85e-06 9.3e-06 1.085e-05 8.85e-06 1.09e-05 6e-06 1.135e-05 8.95e-06 9.7e-06 9.6e-06 8.9e-06 8.1e-06 6.65e-06 9.65e-06 6.75e-06 8.95e-06 5.8e-06 9.6e-06
26 1.16e-05 1.22e-05 1.16e-05 9.85e-06 1.085e-05 9.9e-06 1.06e-05 1.05e-05 9.7e-06 1.025e-05 1.01e-05 1.04e-05 9e-06 1.035e-05 1.065e-05 9.85e-06 1.015e-05 9.8e-06 9.3e-06 1.08e-05 1.025e-05 1.08e-05 8.95e-06 1.025e-05 1.125e-05 1.125e-05 1.67e-05 9.7e-06 1.025e-05 1.105e-05 9.8e-06 1.04e-05 9.9e-06 1.13e-05 1.145e-05 1.145e-05 1.07e-05 1.095e-05 9.45e-06 8.85e-06 1.15e-05 9.45e-06 9.55e-06 9.25e-06 1.105e-05 9.95e-06 1.15e-05 1.045e-05 9.6e-06 1.02e-05 1.015e-05 9.8e-06 1.06e-05 9.35e-06 1.025e-05 1.08e-05 1.06e-05 1.005e-05 9.95e-06 1.025e-05 9.9e-06 1.115e-05 1.12e-05 1.015e-05 9.65e-06 1.145e-05 1.12e-05 9.05e-06 9.8e-06 1.05e-05 1.045e-05 1.08e-05 1.01e-05 9.85e-06 1.075e-05 9.05e-06 1.09e-05 9.25e-06 9.9e-06 9.6e-06 1.02e-05 1.015e-05 1.04e-05 9.85e-06 9.5e-06 9.4e-06 9.65e-06 1.11e-05 1.065e-05 1.09e-05 9.95e-06 1.055e-05 9.5e-06 9.4e-06 1.025e-05 9.95e-06 1.025e-05 1.155e-05 1.125e-05 9e-06
27 8.95e-06 1.015e-05 9.3e-06 6.8e-06 8.55e-06 9.35e-06 8.25e-06 8.4e-06 6.15e-06 7.1e-06 8.95e-06 9.9e-06 6.75e-06 8.05e-06 8.55e-06 9.5e-06 8.25e-06 1.125e-05 9.65e-06 8.75e-06 8.45e-06 8.85e-06 6.85e-06 8.3e-06 7.9e-06 9.35e-06 9.7e-06 1.23e-05 7.25e-06 9.8e-06 1.09e-05 9.1e-06 7.6e-06 7.4e-06 7.8e-06 9.55e-06 8.2e-06 7.95e-06 6.7e-06 6.65e-06 8.2e-06 8.2e-06 8.3e-06 8.1e-06 9.95e-06 9.85e-06 1.05e-05 9.85e-06 6.7e-06 1e-05 7.85e-06 6.65e-06 1.085e-05 8.2e-06 7.95e-06 8.25e-06 9.1e-06 7.7e-06 9.1e-06 1.06e-05 6.75e-06 9.8e-06 8.05e-06 9.95e-06 7.5e-06 8.45e-06 1.18e-05 6.85e-06 1.12e-05 1e-05 7.9e-06 8.55e-06 7.95e-06 6.65e-06 7.05e-06 9.5e-06 9.65e-06 8.05e-06 9.6e-06 6.65e-06 8.85e-06 8e-06 7.45e-06 6.7e-06 6.75e-06 6.45e-06 1e-05 9.75e-06 8.6e-06 9.9e-06 7.4e-06 7e-06 6.6e-06 9.9e-06 8.05e-06 9.75e-06 8.35e-06 8.9e-06 9.8e-06 7.85e-06
28 7.15e-06 8.35e-06 7.15e-06 7.05e-06 8.1e-06 9.75e-06 5.7e-06 6.95e-06 7.25e-06 7.1e-06 7.35e-06 8.45e-06 9.2e-06 8.15e-06 7.1e-06 7.8e-06 6.45e-06 9.7e-06 1.01e-05 9.1e-06 6.75e-06 9.35e-06 9e-06 6.55e-06 6.25e-06 6.75e-06 1.025e-05 7.25e-06 8.9e-06 7.95e-06 9.15e-06 7.25e-06 7.75e-06 6.45e-06 6.45e-06 6.8e-06 7.15e-06 5.9e-06 7e-06 9.05e-06 6.65e-06 8.75e-06 8.6e-06 8.65e-06 8.65e-06 8.25e-06 9e-06 8.45e-06 6.85e-06 8.5e-06 7.85e-06 7.35e-06 9e-06 8.5e-06 8.05e-06 5.6e-06 7.6e-06 7.9e-06 7.25e-06 8.8e-06 7.3e-06 7.9e-06 6.15e-06 8.35e-06 7.75e-06 7.3e-06 1.035e-05 9.05e-06 9.65e-06 8.55e-06 8.15e-06 7.15e-06 6.55e-06 7.4e-06 7.3e-06 1.005e-05 7.8e-06 8.4e-06 8.3e-06 6.9e-06 7.55e-06 6.6e-06 4.75e-06 7.25e-06 7.05e-06 6.55e-06 9.9e-06 7.9e-06 8.85e-06 8.6e-06 8.05e-06 7.4e-06 6.75e-06 8.15e-06 6.7e-06 8.1e-06 6.55e-06 7.25e-06 7.9e-06 8.45e-06
29 5.45e-06 9.3e-06 7.65e-06 1.145e-05 9.25e-06 1.08e-05 9.15e-06 5.05e-06 9.8e-06 9.4e-06 9.4e-06 7.2e-06 1.195e-05 9.5e-06 5.2e-06 8.45e-06 4.6e-06 6.3e-06 1.085e-05 1.32e-05 8.45e-06 1.345e-05 1.055e-05 7.45e-06 5.6e-06 6.5e-06 1.105e-05 9.8e-06 7.95e-06 7.3e-06 6.9e-06 6.4e-06 9.3e-06 5.9e-06 5.8e-06 6.4e-06 4.95e-06 7.15e-06 1.225e-05 1.355e-05 6.25e-06 9.8e-06 9.65e-06 8.7e-06 9.25e-06 3.85e-06 9.6e-06 7.2e-06 1.13e-05 4.95e-06 9.25e-06 9.9e-06 6.6e-06 8.65e-06 9.45e-06 6.5e-06 6.6e-06 9.55e-06 7.05e-06 8.7e-06 9.8e-06 5.75e-06 6.9e-06 4.85e-06 9.7e-06 9.4e-06 1.07e-05 1.36e-05 5.9e-06 7.3e-06 9.55e-06 6.15e-06 4.9e-06 9.95e-06 1.02e-05 1.085e-05 4.65e-06 8.8e-06 4.95e-06 9.6e-06 5.95e-06 4.95e-06 8.55e-06 9.75e-06 1.225e-05 9.25e-06 1.045e-05 4.8e-06 1.3e-05 8.2e-06 9.55e-06 9.7e-06 9.8e-06 7.4e-06 4.8e-06 9.55e-06 4.7e-06 9.85e-06 6.45e-06 8.85e-06
30 7.35e-06 1.04e-05 9.15e-06 1.255e-05 1.09e-05 1.105e-05 1.035e-05 6.8e-06 1.09e-05 1.085e-05 9e-06 6.7e-06 1.33e-05 1.08e-05 6.95e-06 7.95e-06 6.55e-06 6.3e-06 1.035e-05 1.435e-05 9.1e-06 1.435e-05 1.2e-05 8.05e-06 6.9e-06 6.8e-06 9.8e-06 1.09e-05 9.15e-06 6.9e-06 9.5e-06 6.7e-06 9.55e-06 7.6e-06 7.1e-06 7.75e-06 7e-06 8.45e-06 1.34e-05 1.465e-05 7.2e-06 1.04e-05 1.025e-05 1.06e-05 9.85e-06 6.4e-06 1e-05 6.7e-06 1.24e-05 6.4e-06 1.055e-05 1.1e-05 6.3e-06 1.04e-05 1.075e-05 7.7e-06 6.85e-06 1.05e-05 8.2e-06 8.4e-06 1.09e-05 6.55e-06 8.05e-06 6.25e-06 1.075e-05 1.05e-05 1e-05 1.47e-05 6.2e-06 6.8e-06 1.12e-05 6.75e-06 6.5e-06 1.105e-05 1.135e-05 1.035e-05 6.75e-06 1.04e-05 6.65e-06 1.075e-05 7.25e-06 6.55e-06 9.7e-06 1.085e-05 1.34e-05 1.04e-05 1.03e-05 6.6e-06 1.415e-05 1.01e-05 1.125e-05 1.115e-05 1.09e-05 6.15e-06 6.55e-06 9.1e-06 6.65e-06 1.075e-05 7.35e-06 1.045e-05
31 6.2e-06 9.65e-06 9.2e-06 1.075e-05 1.015e-05 8.8e-06 9.15e-06 5.25e-06 9.1e-06 9e-06 8.4e-06 5.95e-06 1.205e-05 1.015e-05 5.4e-06 7.45e-06 4.75e-06 6.4e-06 1.06e-05 1.33e-05 8.1e-06 1.315e-05 1.09e-05 6.95e-06 5.6e-06 7.5e-06 1.04e-05 9.1e-06 7.25e-06 6.4e-06 6.7e-06 7.3e-06 9.65e-06 5.35e-06 5.8e-06 7.65e-06 5.45e-06 7.05e-06 1.16e-05 1.355e-05 5.7e-06 1e-05 9.85e-06 9.6e-06 9.6e-06 5.65e-06 9.55e-06 6.3e-06 1.05e-05 6.2e-06 9.85e-06 9.2e-06 7e-06 9.45e-06 1.005e-05 6.3e-06 4.05e-06 9.6e-06 7.9e-06 9.35e-06 9.15e-06 6.65e-06 6.85e-06 6.05e-06 9.3e-06 8.85e-06 1.015e-05 1.36e-05 6.6e-06 6.05e-06 9.45e-06 5.75e-06 4.95e-06 9.25e-06 9.2e-06 1.02e-05 6.25e-06 9.45e-06 6.1e-06 8.75e-06 6.85e-06 5e-06 7.9e-06 9.1e-06 1.165e-05 8.4e-06 1.045e-05 6.65e-06 1.305e-05 9.25e-06 9.6e-06 9.3e-06 9e-06 6.05e-06 5e-06 8.7e-06 4.85e-06 8.8e-06 7.35e-06 9.5e-06
32 9.1e-06 9.9e-06 8e-06 7.6e-06 8.05e-06 9.45e-06 8.35e-06 9.15e-06 7.6e-06 7.95e-06 9.5e-06 1.06e-05 7.05e-06 7.55e-06 9.3e-06 9.95e-06 8.9e-06 1.12e-05 9.55e-06 8.75e-06 8.55e-06 9.25e-06 6.9e-06 8.45e-06 8.2e-06 7.6e-06 9.9e-06 7.6e-06 7.75e-06 9.3e-06 9.55e-06 9.65e-06 1.24e-05 9.3e-06 8.4e-06 8.5e-06 9.35e-06 8e-06 7.4e-06 6.8e-06 8.85e-06 8e-06 7.8e-06 8.4e-06 9.3e-06 9.85e-06 1.035e-05 1.045e-05 7.2e-06 9.6e-06 7.25e-06 7.7e-06 1.01e-05 8.15e-06 7.5e-06 8.4e-06 9.8e-06 7.6e-06 8.8e-06 9.7e-06 7.6e-06 8.75e-06 8.75e-06 9.5e-06 7.95e-06 9.05e-06 1.195e-05 6.95e-06 1.105e-05 1.07e-05 9.05e-06 8.9e-06 8.75e-06 7.75e-06 8.45e-06 9.7e-06 9.15e-06 8.05e-06 9.45e-06 7.45e-06 8.45e-06 8.8e-06 7.95e-06 7.55e-06 7.4e-06 6.95e-06 9.9e-06 8.8e-06 8.5e-06 9.75e-06 8.4e-06 8.25e-06 7.2e-06 1.045e-05 8.9e-06 1.015e-05 9e-06 9.85e-06 8.75e-06 8.15e-06
33 4.05e-06 9.15e-06 8.8e-06 9.55e-06 9.8e-06 1.095e-05 8.15e-06 3.8e-06 7.4e-06 7.7e-06 8.15e-06 5.9e-06 1.15e-05 9.8e-06 3.95e-06 7.5e-06 3.95e-06 7.5e-06 1.115e-05 1.29e-05 7.45e-06 1.265e-05 1.01e-05 6.3e-06 4.2e-06 7e-06 1.13e-05 7.4e-06 6.45e-06 5.9e-06 7.6e-06 5.35e-06 9.3e-06 3.6e-06 4.1e-06 7.15e-06 3.65e-06 6.2e-06 1.075e-05 1.32e-05 3.9e-06 9.85e-06 9.7e-06 9.25e-06 9.4e-06 5.4e-06 9.25e-06 5.65e-06 9.65e-06 5.95e-06 9.5e-06 7.65e-06 7.55e-06 9.2e-06 9.7e-06 5.35e-06 5.2e-06 9e-06 7.65e-06 9.85e-06 7.85e-06 6.5e-06 5e-06 5.9e-06 8.35e-06 7.25e-06 1.055e-05 1.325e-05 7.15e-06 5.75e-06 7.5e-06 4.6e-06 3.85e-06 7.9e-06 7e-06 1.11e-05 5.9e-06 9.3e-06 5.95e-06 7.95e-06 6.75e-06 3.9e-06 7.05e-06 7.8e-06 1.08e-05 7.6e-06 1.1e-05 6.45e-06 1.265e-05 8.85e-06 7.45e-06 7.6e-06 8.15e-06 6.45e-06 3.7e-06 8.75e-06 4.05e-06 7.8e-06 7.2e-06 9.35e-06
34 4.1e-06 7.65e-06 6.3e-06 9.95e-06 8e-06 1.09e-05 8.25e-06 5e-06 7.8e-06 8.1e-06 8.45e-06 6.7e-06 1.145e-05 8e-06 5.15e-06 8.15e-06 4.85e-06 8.05e-06 1.13e-05 1.27e-05 8.05e-06 1.28e-05 1.03e-05 6.9e-06 3.05e-06 5.95e-06 1.145e-05 7.8e-06 6.45e-06 5.8e-06 7.1e-06 5.8e-06 8.4e-06 4.1e-06 5.7e-06 5.2e-06 4.8e-06 4.9e-06 1.1e-05 1.295e-05 3.95e-06 9.95e-06 9.8e-06 9.65e-06 9.55e-06 6.35e-06 9.75e-06 6.7e-06 9.9e-06 6.85e-06 7.7e-06 8.3e-06 6.15e-06 9.5e-06 7.9e-06 5.45e-06 5.8e-06 8.15e-06 7.65e-06 9.4e-06 8.25e-06 4.95e-06 5.25e-06 6.65e-06 9e-06 7.95e-06 1.11e-05 1.3e-05 7.95e-06 6.8e-06 8.95e-06 5.35e-06 4.65e-06 8.3e-06 8.05e-06 1.125e-05 4.65e-06 9.45e-06 6.6e-06 8.2e-06 5.35e-06 4.7e-06 7.05e-06 8.2e-06 1.105e-05 7.85e-06 1.115e-05 5.95e-06 1.245e-05 9.3e-06 9.05e-06 8e-06 8.4e-06 7.1e-06 4.65e-06 9.4e-06 4.95e-06 8.45e-06 5.65e-06 9.5e-06
35 5.35e-06 7.65e-06 5.8e-06 1.02e-05 7.95e-06 1.105e-05 6.55e-06 6.95e-06 9.55e-06 9.45e-06 9.6e-06 8.6e-06 1.195e-05 7.95e-06 7.1e-06 8.8e-06 6.6e-06 8.7e-06 1.13e-05 1.17e-05 8.5e-06 1.22e-05 1.065e-05 7.5e-06 5e-06 4.25e-06 1.145e-05 9.55e-06 6.8e-06 6.4e-06 7.75e-06 7.65e-06 8.5e-06 7.15e-06 5.2e-06 6.6e-06 7.15e-06 5.5e-06 1.095e-05 1.24e-05 6.3e-06 9.9e-06 9.75e-06 9.7e-06 9.05e-06 7e-06 9.65e-06 8.6e-06 1e-05 7.4e-06 7.65e-06 9.65e-06 6.65e-06 9.55e-06 7.85e-06 4.8e-06 7.85e-06 8.6e-06 5.2e-06 8.85e-06 9.6e-06 5.5e-06 5.2e-06 7.2e-06 9.5e-06 8.85e-06 1.105e-05 1.245e-05 8.55e-06 8.7e-06 1.005e-05 7.25e-06 6.65e-06 9.7e-06 9.95e-06 1.125e-05 5.3e-06 9.55e-06 7.15e-06 9.35e-06 5.2e-06 6.7e-06 6.9e-06 9.55e-06 1.1e-05 9e-06 1.115e-05 6.45e-06 1.145e-05 8.9e-06 9.8e-06 9.75e-06 9.05e-06 8.3e-06 6.7e-06 9.9e-06 6.7e-06 9.05e-06 5.4e-06 9.6e-06
36 5e-06 9.25e-06 8.75e-06 1.03e-05 9.75e-06 1.045e-05 8.8e-06 3.9e-06 8.2e-06 8.5e-06 8.3e-06 6.05e-06 1.155e-05 9.7e-06 4.05e-06 7.5e-06 3.65e-06 5.95e-06 1.05e-05 1.295e-05 7.7e-06 1.28e-05 1.015e-05 6.6e-06 4.9e-06 7.1e-06 1.07e-05 8.2e-06 7.15e-06 4.95e-06 7e-06 5.45e-06 9.35e-06 3.65e-06 4.8e-06 7.15e-06 6.7e-06 6.75e-06 1.135e-05 1.315e-05 5.25e-06 9.55e-06 9.4e-06 8.35e-06 9.15e-06 3.55e-06 9.1e-06 6.05e-06 1.03e-05 4.75e-06 9.45e-06 8.7e-06 6.85e-06 8.3e-06 9.65e-06 6.05e-06 5.45e-06 9.35e-06 7.25e-06 9.25e-06 8.6e-06 6.1e-06 5.85e-06 4.65e-06 8.85e-06 8.35e-06 1.01e-05 1.32e-05 5.6e-06 6.15e-06 8.15e-06 5.05e-06 3.7e-06 8.7e-06 8.45e-06 1.05e-05 4.9e-06 8.4e-06 4.75e-06 8.6e-06 6.2e-06 3.75e-06 7.75e-06 8.55e-06 1.135e-05 8.25e-06 1.04e-05 6.2e-06 1.275e-05 8e-06 8.5e-06 8.4e-06 8.8e-06 6.45e-06 3.55e-06 8.7e-06 3.75e-06 8.6e-06 6.8e-06 8.45e-06
37 5.6e-06 7.5e-06 6e-06 7.75e-06 7.55e-06 1.045e-05 6.7e-06 6.55e-06 7.95e-06 7.85e-06 8.2e-06 8.2e-06 1.085e-05 7.55e-06 6.7e-06 7.5e-06 6.1e-06 9.4e-06 1.08e-05 1.05e-05 7.5e-06 1.075e-05 9.85e-06 6.3e-06 4.7e-06 6.3e-06 1.095e-05 7.95e-06 5.9e-06 7.15e-06 8.45e-06 7.05e-06 8e-06 6.2e-06 4.9e-06 5.5e-06 6.75e-06 8.4e-06 8.7e-06 1.07e-05 5.7e-06 9.45e-06 9.3e-06 9.2e-06 9.1e-06 7.7e-06 9.45e-06 8.2e-06 7.4e-06 8.15e-06 7.25e-06 8.05e-06 7.45e-06 9.05e-06 7.45e-06 5.65e-06 7.35e-06 7.9e-06 7.25e-06 8.95e-06 8e-06 6.35e-06 6.15e-06 7.95e-06 8.45e-06 7.75e-06 1.08e-05 1.075e-05 9.25e-06 8.3e-06 8.9e-06 6.9e-06 6.25e-06 8.1e-06 8.05e-06 1.075e-05 6.1e-06 9.05e-06 7.9e-06 7.65e-06 6e-06 6.3e-06 6.1e-06 7.95e-06 8.75e-06 7.3e-06 1.065e-05 7.25e-06 1.025e-05 8.9e-06 8.75e-06 8.15e-06 7.45e-06 7.9e-06 6.3e-06 8.85e-06 6.2e-06 7.7e-06 6.35e-06 9.1e-06
38 1.16e-05 1.02e-05 9.2e-06 4.85e-06 8.1e-06 9.05e-06 6.55e-06 1.115e-05 6.7e-06 6.95e-06 8.95e-06 1.26e-05 5.15e-06 7.75e-06 1.13e-05 1.015e-05 1.075e-05 1.355e-05 9.25e-06 5.85e-06 7.7e-06 6.1e-06 6.35e-06 8.95e-06 1.08e-05 1.085e-05 9.45e-06 6.7e-06 7e-06 1.225e-05 1.34e-05 1.16e-05 7.4e-06 1.075e-05 1.1e-05 1.095e-05 1.135e-05 8.7e-06 6.1e-06 3.55e-06 1.115e-05 7.95e-06 7.9e-06 7.9e-06 9.75e-06 1.225e-05 1.045e-05 1.255e-05 4.65e-06 1.24e-05 7.55e-06 6.8e-06 1.325e-05 7.85e-06 7.45e-06 9.7e-06 1.185e-05 7.55e-06 9.9e-06 1.04e-05 6.75e-06 1.22e-05 1.015e-05 1.23e-05 6.8e-06 8.65e-06 1.175e-05 3.65e-06 1.355e-05 1.27e-05 7.8e-06 1.13e-05 1.065e-05 6.85e-06 7.15e-06 9.25e-06 1.215e-05 7.65e-06 1.195e-05 6.45e-06 1.075e-05 1.07e-05 6.8e-06 6.7e-06 3.35e-06 6.2e-06 9.45e-06 1.215e-05 5.7e-06 9.75e-06 7.4e-06 7.25e-06 5.95e-06 1.195e-05 1.09e-05 9e-06 1.085e-05 8.6e-06 1.15e-05 7.6e-06
39 1.355e-05 1.19e-05 1.055e-05 4.85e-06 8.2e-06 8.05e-06 8.8e-06 1.295e-05 6.65e-06 7.55e-06 1.08e-05 1.45e-05 2.4e-06 6.7e-06 1.31e-05 1.205e-05 1.27e-05 1.49e-05 8.1e-06 4.8e-06 9.8e-06 5.3e-06 4.05e-06 1.075e-05 1.275e-05 1.215e-05 8.85e-06 6.65e-06 9.05e-06 1.355e-05 1.465e-05 1.355e-05 6.8e-06 1.32e-05 1.295e-05 1.24e-05 1.315e-05 1.07e-05 3.55e-06 0.0 1.335e-05 7.2e-06 7.25e-06 7.1e-06 1.065e-05 1.35e-05 1.195e-05 1.44e-05 4.75e-06 1.355e-05 7.1e-06 6.75e-06 1.46e-05 7.25e-06 7.1e-06 1.17e-05 1.375e-05 7.35e-06 1.085e-05 1.165e-05 6.2e-06 1.345e-05 1.21e-05 1.35e-05 7e-06 1.025e-05 1.335e-05 6.5e-07 1.485e-05 1.46e-05 8.5e-06 1.305e-05 1.255e-05 6.8e-06 8.05e-06 8.65e-06 1.355e-05 7.15e-06 1.285e-05 6.05e-06 1.17e-05 1.26e-05 8.85e-06 6.15e-06 3.1e-06 6.3e-06 9.45e-06 1.34e-05 5.25e-06 1.08e-05 7.35e-06 7.85e-06 6.05e-06 1.39e-05 1.27e-05 1.12e-05 1.28e-05 1.085e-05 1.275e-05 7e-06
40 4.55e-06 7.85e-06 7.45e-06 1e-05 9.05e-06 1.105e-05 8.45e-06 4.7e-06 8.2e-06 8.15e-06 8.15e-06 6.4e-06 1.185e-05 9.05e-06 4.85e-06 7.95e-06 5.05e-06 8.15e-06 1.135e-05 1.31e-05 8.2e-06 1.235e-05 1.07e-05 7.05e-06 3.8e-06 6.45e-06 1.15e-05 8.2e-06 6.65e-06 6.25e-06 7.2e-06 5.7e-06 8.85e-06 3.9e-06 3.95e-06 6.3e-06 5.25e-06 5.7e-06 1.115e-05 1.335e-05 5.1e-06 1.035e-05 1.02e-05 1.01e-05 9.95e-06 6.85e-06 9.3e-06 6e-06 1.005e-05 7.25e-06 8.75e-06 7.85e-06 6.85e-06 9.95e-06 8.95e-06 5.65e-06 5.6e-06 7.65e-06 8.1e-06 9.5e-06 8.3e-06 6.05e-06 5.7e-06 7.1e-06 9.15e-06 7.6e-06 1.03e-05 1.34e-05 8.05e-06 6.1e-06 8.75e-06 5.4e-06 4.75e-06 8.35e-06 7.45e-06 1.13e-05 5.8e-06 9.9e-06 7.05e-06 8.35e-06 6.4e-06 4.8e-06 7.25e-06 8.25e-06 1.12e-05 8e-06 1.12e-05 6.35e-06 1.285e-05 9.75e-06 8.85e-06 8.4e-06 8.55e-06 6.9e-06 4.8e-06 9.2e-06 5.15e-06 7.75e-06 6.75e-06 9.95e-06
41 1.01e-05 1.12e-05 1e-05 8.3e-06 9.35e-06 9.45e-06 9.1e-06 9.35e-06 8.2e-06 8.8e-06 1.015e-05 1.065e-05 7.45e-06 8.75e-06 9.5e-06 9.9e-06 9.05e-06 1.04e-05 9.25e-06 9.25e-06 7.85e-06 9.75e-06 7.4e-06 7.7e-06 9.75e-06 9.35e-06 9.45e-06 8.2e-06 8.75e-06 9.8e-06 1.04e-05 1e-05 8e-06 9.85e-06 9.95e-06 9.9e-06 9.55e-06 9.45e-06 7.95e-06 7.2e-06 1.035e-05 1.36e-05 7.1e-06 8.1e-06 8.6e-06 9.15e-06 9.6e-06 1.05e-05 8.1e-06 8.15e-06 8.6e-06 8.3e-06 1.06e-05 8.15e-06 8.7e-06 9.3e-06 1.02e-05 8.85e-06 8.6e-06 1.02e-05 8.35e-06 8.7e-06 9.7e-06 8.1e-06 7.95e-06 9.95e-06 1.175e-05 7.4e-06 1.02e-05 1.075e-05 9e-06 8.4e-06 9e-06 8.35e-06 9.3e-06 9.25e-06 9.75e-06 8.1e-06 8.3e-06 8.1e-06 8.85e-06 9.05e-06 8.9e-06 8.3e-06 7.95e-06 7.9e-06 9.7e-06 8.6e-06 9.15e-06 9.75e-06 8.4e-06 9.1e-06 8e-06 1.04e-05 9.1e-06 1e-05 9.15e-06 1.06e-05 8.8e-06 7.9e-06
42 9.95e-06 1.105e-05 9.85e-06 8.2e-06 9.2e-06 9.45e-06 8.95e-06 9.2e-06 8.3e-06 8.65e-06 1e-05 1.05e-05 7.55e-06 8.7e-06 9.35e-06 9.75e-06 8.85e-06 1.025e-05 9.2e-06 9.2e-06 7.6e-06 9.7e-06 7.15e-06 7.7e-06 9.6e-06 9.2e-06 9.55e-06 8.3e-06 8.6e-06 9.65e-06 1.025e-05 9.85e-06 7.8e-06 9.7e-06 9.8e-06 9.75e-06 9.4e-06 9.3e-06 7.9e-06 7.25e-06 1.02e-05 7.1e-06 1.33e-05 8.2e-06 8.35e-06 9e-06 9.35e-06 1.035e-05 7.9e-06 7.95e-06 8.35e-06 8.4e-06 1.045e-05 7.9e-06 8.65e-06 9.1e-06 1.005e-05 8.65e-06 8.65e-06 1.005e-05 8.3e-06 8.45e-06 9.55e-06 7.85e-06 7.7e-06 9.8e-06 1.16e-05 7.4e-06 1.005e-05 1.06e-05 8.85e-06 8.15e-06 8.85e-06 8.45e-06 9.15e-06 9.35e-06 9.65e-06 7.75e-06 8.05e-06 8.05e-06 8.9e-06 8.9e-06 8.7e-06 8.25e-06 7.9e-06 7.7e-06 9.55e-06 8.35e-06 8.8e-06 9.6e-06 8.55e-06 8.95e-06 7.7e-06 1.02e-05 8.95e-06 9.85e-06 8.95e-06 1.04e-05 8.55e-06 8e-06
43 9.4e-06 1.07e-05 9.85e-06 8.3e-06 9.1e-06 9.05e-06 9.05e-06 8.3e-06 8.1e-06 8.65e-06 9.85e-06 1.035e-05 7.1e-06 8.5e-06 8.45e-06 9.75e-06 7.8e-06 9.25e-06 9.1e-06 9.15e-06 8.9e-06 9.4e-06 7.05e-06 8.9e-06 9.45e-06 9.75e-06 9.25e-06 8.1e-06 8.65e-06 8.7e-06 1.06e-05 9.6e-06 8.4e-06 9.25e-06 9.65e-06 9.7e-06 8.35e-06 9.2e-06 7.9e-06 7.1e-06 1.01e-05 8.1e-06 8.2e-06 1.36e-05 9.7e-06 7.05e-06 1.04e-05 1.03e-05 8.05e-06 8.15e-06 8.4e-06 8.2e-06 1.03e-05 7.2e-06 8.5e-06 9.2e-06 9.8e-06 8.7e-06 8.4e-06 1.015e-05 8.2e-06 9.6e-06 9.6e-06 8.05e-06 8.2e-06 9.85e-06 1.135e-05 7.4e-06 8.9e-06 1.045e-05 8.45e-06 9.4e-06 7.95e-06 8.25e-06 9.15e-06 9.05e-06 8.35e-06 7.15e-06 7.85e-06 7.9e-06 8.45e-06 8e-06 8.85e-06 8.15e-06 7.85e-06 7.8e-06 9.55e-06 9.7e-06 9.1e-06 8.55e-06 7.95e-06 8.95e-06 7.95e-06 1.015e-05 8.05e-06 9.85e-06 7.85e-06 1.025e-05 9.6e-06 6.95e-06
