 slim_337523221 slim_337523253 slim_337523227 slim_337523218 slim_337523039 slim_337523077 slim_337523203 slim_337523152 slim_337523068 slim_337523226 slim_337523120 slim_337522866 slim_337523247 slim_337523212 slim_337523237 slim_337523177 slim_337523148 slim_337523213 slim_337523160 slim_337523233 slim_337523088 slim_337523255 slim_337523209 slim_337523229 slim_337523224 slim_337523041 slim_337523182 slim_337523210 slim_337523170 slim_337523164 slim_337523245 slim_337523231 slim_337523211 slim_337523146 slim_337523241 slim_337522936 slim_337522714 slim_337523174 slim_337523198 slim_337523001 slim_337523096 slim_337523118 slim_337523251 slim_337523207 slim_337523178 slim_337523252 slim_337522817 slim_337523019 slim_337523155 slim_337522838 slim_337523250 slim_337523090 slim_337523076 slim_337523232 slim_337523254 slim_337523151 slim_337523236 slim_337523173 slim_337522910 slim_337523205 slim_337523256 slim_337522961 slim_337523114 slim_337523196 slim_337523246 slim_337523119 slim_337523159 slim_337523215 slim_337523071 slim_337523128 slim_337523145 slim_337523073 slim_337523238 slim_337523180 slim_337523010 slim_337523214 slim_337523117 slim_337523217 slim_337523225 slim_337523163 slim_337523204 slim_337523191 slim_337523067 slim_337522965 slim_337523242 slim_337523153 slim_337523113 slim_337523144 slim_337523176 slim_337523189 slim_337523235 slim_337523156 slim_337523223 slim_337523158 slim_337523089 slim_337523143 slim_337523138 slim_337522918 slim_337522897 slim_337523216
0 0.0003929 0.0002474 0.00025975 0.00030885 0.0002901 0.00019695 0.00033055 0.0002199 0.0002748 0.00029455 0.00029915 0.00035325 0.00024565 0.0002544 0.0003126 0.00032315 0.00026835 0.000292 0.00032205 0.00030845 0.00031545 0.0003085 0.00032115 0.0003087 0.0002959 0.00031215 0.00019675 0.0002614 0.0003236 0.00028655 0.0002587 0.0002922 0.0002491 0.00029335 0.0002184 0.0002883 0.0003405 0.00029625 0.0002704 0.0003235 0.0002796 0.00030865 0.0003235 0.0002732 0.00028515 0.00023905 0.0003078 0.0002809 0.00028575 0.0002271 0.00026685 0.0002964 0.00023995 0.0002801 0.00024755 0.00031745 0.00035505 0.0003409 0.00025865 0.0002581 0.0003465 0.000294 0.00025805 0.0002675 0.0002811 0.0003281 0.0002488 0.0002922 0.00026765 0.00030835 0.0002997 0.0003086 0.00030155 0.00024855 0.00034075 0.00028955 0.00028395 0.0002384 0.00025975 0.00024455 0.0003017 0.00026915 0.00027035 0.00028105 0.0002582 0.00025865 0.00026975 0.00025825 0.0003098 0.0003403 0.000313 0.00025825 0.00026225 0.00025785 0.0003443 0.0002198 0.0002978 0.0002395 0.00025575 0.0003087
1 0.0002474 0.000171 0.00015745 0.0001186 0.00032545 8.56e-05 0.00026595 0.000286 0.0001247 0.0002149 0.00015475 0.00022135 0.00015685 0.0002205 0.00011865 0.00023265 0.0001956 0.00018935 0.00028895 0.0002286 0.00027115 0.0002254 0.00018985 0.00011825 0.00015705 0.00015145 8.575e-05 0.00015655 0.0001508 0.00022455 0.00015215 0.0001893 0.00028695 0.00016195 0.00011835 0.00039335 0.00026005 0.00015725 0.0001247 0.0001507 8.995e-05 0.0001183 0.0001507 0.0001959 0.0001571 9e-05 0.00015095 0.0001567 0.000157 0.00017115 0.00015015 0.00015045 0.00015135 0.0001253 8.615e-05 0.00012185 0.0002608 0.00026045 9.285e-05 0.00011805 0.00026585 0.00022795 8.605e-05 0.0001576 0.0001569 0.00012205 0.00013175 0.0001892 0.0001972 0.00011785 0.00016195 0.0001185 0.0002483 0.000132 0.0002603 0.0002588 0.00018825 0.0001293 0.00017865 0.00012435 0.00018475 0.0001192 0.00022255 0.00018995 0.00011815 0.00021555 0.0001251 0.0001183 0.00016405 0.0002316 0.00018395 0.0001179 0.0001187 0.00027945 0.0002651 0.0002859 8.585e-05 0.00014885 0.0001179 0.0001183
2 0.00025975 0.00015745 0.0002765 0.0001679 0.00025115 0.00013895 0.0001861 0.00026285 0.00016045 0.0001516 0.0001614 0.00020015 0.000144 0.0002232 0.00017675 0.0002334 0.000147 0.00019015 0.0002729 0.00014365 0.0002361 0.0002406 0.000149 0.00016775 0.0001623 0.00016865 0.000139 0.00015345 0.0001687 0.00023115 0.0001517 0.0001899 0.0002548 0.0002018 0.00014105 0.0003345 0.0001948 0.00016265 0.0001607 0.0001686 0.00016545 0.0001677 0.00016855 0.00014715 0.00016145 0.000157 0.0001592 0.00015215 0.00015235 0.00019365 0.00018095 0.0001997 0.00014415 0.0001624 0.0001576 0.0001663 0.00018985 0.00019515 0.00016005 0.0001491 0.0001957 0.00014875 0.00015765 0.00014565 0.00015235 0.00017685 0.0001904 0.0001901 0.0002225 0.0001674 0.00020385 0.00016765 0.0002443 0.00019035 0.000195 0.00028405 0.000193 0.0001823 0.00016055 0.0001518 0.00015425 0.00016075 0.0002439 0.00014055 0.0001492 0.0002405 0.0001521 0.00014905 0.0002004 0.0002378 0.00015415 0.00014925 0.0001586 0.0002698 0.0002363 0.00026275 0.0001759 0.0001464 0.0001889 0.0001678
3 0.00030885 0.0001186 0.0001679 8.73e-05 0.00026145 0.00019315 0.0002144 0.00029645 0.0001017 0.0001343 0.0001164 0.00015715 0.00017625 0.00024725 6.21e-05 0.0002531 0.0001637 0.00023165 0.00022905 0.0001511 0.0001922 0.00017875 9.39e-05 4.425e-05 0.00010165 7.47e-05 0.0001932 0.00018145 6.23e-05 0.0001893 0.00013065 0.0002315 0.0002746 0.0001581 0.0001934 0.0003468 0.0002143 0.00010155 0.0001062 6.22e-05 6.055e-05 4.375e-05 6.22e-05 0.00015935 0.0001241 0.0001352 5.685e-05 0.00010635 0.000102 0.00021405 0.0001419 8.935e-05 0.00018115 0.0001141 0.0001191 5.435e-05 0.0002065 0.0002147 0.0001137 0.0001188 0.0002198 0.000159 0.00010795 0.00014235 0.00010655 5.385e-05 0.0001639 0.0002316 0.00019815 4.405e-05 0.00012825 4.465e-05 0.00018225 0.00016385 0.00021455 0.0002376 0.0001565 0.00020415 0.00019025 0.00016505 9.71e-05 0.0001069 0.0002115 0.0001681 0.0001189 0.00021615 0.000114 0.00011885 8.94e-05 0.0001983 8.455e-05 0.00011885 0.0001367 0.0002344 0.0002412 0.00029635 4.385e-05 0.0001684 0.0001416 4.42e-05
4 0.0002901 0.00032545 0.00025115 0.00026145 0.000306 0.0003494 0.00022155 0.00023425 0.0002694 0.0001564 0.0002583 0.0002584 0.000263 0.0002708 0.0002761 0.00032385 0.00020705 0.00032285 0.00022015 0.00016485 0.0001995 0.00024595 0.0001872 0.0002613 0.00023885 0.00023545 0.00034945 0.00027845 0.00023605 0.00023715 0.00024 0.0003227 0.00020925 0.00030135 0.00031915 0.0001716 0.00023605 0.0002392 0.00026975 0.00023595 0.00029185 0.00026125 0.0002359 0.0002071 0.0002443 0.0003258 0.0002202 0.0002292 0.0002293 0.00028305 0.00027655 0.0002613 0.00027695 0.0002976 0.0003256 0.00026635 0.0002247 0.0002364 0.00032735 0.0002851 0.00023715 0.0001763 0.0003176 0.00024305 0.0002294 0.0002766 0.0003132 0.0003228 0.00029785 0.00026095 0.00028445 0.0002612 0.00023815 0.00031315 0.00023625 0.0002897 0.00024395 0.00034245 0.00025485 0.0002948 0.00018945 0.00028345 0.00029105 0.00022085 0.0002852 0.0002886 0.0002874 0.00028515 0.00024875 0.00028285 0.0001899 0.00028525 0.0003004 0.0002257 0.0002816 0.00023415 0.00030145 0.00025145 0.0003165 0.0002613
5 0.00019695 8.56e-05 0.00013895 0.00019315 0.0003494 6e-07 0.00027575 0.0002866 0.0001803 0.00025285 0.0001669 0.00025985 0.0001278 0.00019975 0.00019115 0.0002183 0.0002177 0.00015315 0.00033895 0.00026605 0.0003243 0.00028855 0.00024595 0.000193 0.000213 0.000202 6.5e-07 0.00013765 0.0002133 0.00026585 0.0001641 0.0001532 0.00025745 0.0001716 3.365e-05 0.000414 0.0002799 0.00021335 0.0001758 0.0002132 0.00015185 0.00019295 0.0002132 0.00022265 0.00019595 7.695e-05 0.0002034 0.00019745 0.0002024 0.0001507 0.00014875 0.0002122 7.97e-05 0.00013695 8.575e-05 0.0001953 0.000291 0.0002803 0.0001043 0.00010755 0.0002858 0.00025505 9.645e-05 0.0001633 0.00019765 0.0002063 0.0001185 0.0001529 0.00018585 0.00019265 0.0001962 0.0001929 0.00027205 0.00011885 0.00028015 0.00026945 0.0002262 7.65e-05 0.0001592 0.0001162 0.00022985 0.00013185 0.00022305 0.00017175 0.00010765 0.0002044 0.00012655 0.0001081 0.0002256 0.00026725 0.000241 0.0001076 0.0001065 0.0003037 0.0002631 0.0002865 0.00017095 0.00011935 0.0001265 0.000193
6 0.00033055 0.00026595 0.0001861 0.0002144 0.00022155 0.00027575 0.0001703 0.00026795 0.0002031 0.00010465 0.0002084 0.0001444 0.00018085 0.0002791 0.00023025 0.00022835 0.00011805 0.0001964 0.00028375 9.13e-05 0.0002082 0.00026765 0.0001346 0.00021425 0.00017085 0.00018875 0.0002758 0.0001972 0.0001885 0.0002594 0.0001735 0.00019625 0.00027985 0.0002723 0.0002438 0.0003127 0.000101 0.0001712 0.0002035 0.0001884 0.0002463 0.0002142 0.0001884 0.00011815 0.0001776 0.0002661 0.0001723 0.00016125 0.0001613 0.00026635 0.0002556 0.0002568 0.0002123 0.00021575 0.0002661 0.0002199 0.00010685 0.00010145 0.0002472 0.0002239 0.0001018 8.555e-05 0.00026555 0.0001712 0.00016145 0.00023015 0.0002955 0.00019635 0.0002863 0.0002139 0.00026665 0.00021415 0.0002626 0.00029545 0.0001013 0.00033655 0.0002196 0.0003072 0.0002017 0.00022405 0.00013325 0.00023465 0.00028625 0.0001541 0.000224 0.00030445 0.00020555 0.00022395 0.0002435 0.0002167 0.00013285 0.00022405 0.0002404 0.0002786 0.0001969 0.00026785 0.0002561 0.00019555 0.00029725 0.00021415
7 0.0002199 0.000286 0.00026285 0.00029645 0.00023425 0.0002866 0.00026795 0.0003049 0.00022355 0.00023045 0.0003225 0.0003293 0.0002456 0.00027065 0.0003071 0.0003385 0.00017835 0.00031935 0.0002935 0.00022175 0.00026255 0.0002691 0.00027325 0.0002963 0.00024485 0.00031355 0.00028665 0.00026135 0.0003181 0.0002553 0.00024165 0.00031925 0.0002681 0.00032715 0.000308 0.00024095 0.0002779 0.0002452 0.000219 0.000318 0.00027075 0.00029625 0.000318 0.00018315 0.0002407 0.0002814 0.0003023 0.00022955 0.0002345 0.00023845 0.00030495 0.00029485 0.0003179 0.0003001 0.00028615 0.0003014 0.0002956 0.0002783 0.00027865 0.00029675 0.0002839 0.00020415 0.00029595 0.00024415 0.0002297 0.0003121 0.00029825 0.0003193 0.00029865 0.00029595 0.0003153 0.0002962 0.0003092 0.00029825 0.00027815 0.0003086 0.00024345 0.0003156 0.00026035 0.0002451 0.0002634 0.0002961 0.0002825 0.00028415 0.00029685 0.0002894 0.00028975 0.00029685 0.00030825 0.0003272 0.0002678 0.00029685 0.00030805 0.0002299 0.00034835 0.00015265 0.0002854 0.00025925 0.00029385 0.0002963
8 0.0002748 0.0001247 0.00016045 0.0001017 0.0002694 0.0001803 0.0002031 0.00022355 0.0001369 0.0001507 0.000178 0.0001972 0.000157 0.00023685 0.00011305 0.00025245 0.0001057 0.0002209 0.00025575 0.00013705 0.0002136 0.0001815 0.0001372 0.00010135 0.0001011 0.0001573 0.00018035 0.0001567 0.0001452 0.0001933 0.00013495 0.0002208 0.0003104 0.0002003 0.0002129 0.0003459 0.0001972 0.0001016 7.365e-05 0.0001451 8.125e-05 0.0001015 0.0001451 0.0001009 0.00011735 0.00013685 0.00014535 0.0001055 0.0001009 0.00018725 0.00018825 0.00014415 0.00023385 0.0001453 0.00012505 0.0001012 0.00020105 0.00019755 0.00011285 0.0001568 0.00020295 0.0001333 0.0001242 0.00013405 0.0001057 0.00010155 0.0001815 0.00022085 0.000228 0.000101 0.0001776 0.00010145 0.00025595 0.0001815 0.0001974 0.00027785 0.0001479 0.00021125 0.00017955 0.00012455 0.00014635 0.00014605 0.0002347 0.00019295 0.0001569 0.0002463 0.0001451 0.0001569 0.00015785 0.0002183 0.0001341 0.0001567 0.0001688 0.00025115 0.0002735 0.00022345 6.91e-05 0.00017325 0.000156 0.0001014
9 0.00029455 0.0002149 0.0001516 0.0001343 0.0001564 0.00025285 0.00010465 0.00023045 0.0001507 5.11e-05 0.0001537 0.00013675 0.0001567 0.00024575 0.00015615 0.00023865 9.245e-05 0.000217 0.00023525 5.555e-05 0.0001577 0.00021165 7.185e-05 0.00013495 0.00011855 0.0001142 0.0002529 0.00017805 0.00011435 0.00020215 0.00012615 0.00021685 0.0002132 0.0002161 0.000221 0.0002542 0.0001204 0.0001189 0.00015095 0.00011425 0.00017135 0.0001341 0.00011425 9.265e-05 0.0001302 0.0002193 9.25e-05 0.0001086 0.0001088 0.0002113 0.00019585 0.00017955 0.0001764 0.0001729 0.0002148 0.00015015 0.00011585 0.0001208 0.0002044 0.00017275 0.0001262 6.02e-05 0.00020455 0.0001229 0.0001088 0.0001604 0.0002465 0.00021695 0.0002448 0.0001346 0.00019235 0.0001346 0.0001969 0.00024645 0.00012065 0.00028445 0.00017455 0.00026405 0.00017225 0.000188 5.9e-05 0.00017025 0.0002529 0.0001197 0.00017285 0.0002628 0.0001627 0.0001728 0.00016625 0.00020655 5.9e-05 0.0001729 0.0001945 0.00021435 0.0001942 0.00023035 0.0001769 0.00013925 0.00023755 0.00013505
10 0.00029915 0.00015475 0.0001614 0.0001164 0.0002583 0.0001669 0.0002084 0.0003225 0.000178 0.0001537 0.0001778 0.00017305 0.0001641 0.0002312 0.0001159 0.00025415 0.0001873 0.00021155 0.00022615 0.0001587 0.00021125 0.00022065 0.0001234 0.00011655 0.00015175 8.985e-05 0.00016695 0.00016385 9e-05 0.0002191 0.000162 0.0002114 0.0002248 0.00017095 0.0001408 0.0003295 0.0002083 0.0001521 0.00017825 8.99e-05 0.0001427 0.0001162 9.005e-05 0.0001875 0.0001517 0.0001548 9.005e-05 0.00015185 0.00015205 0.0002399 0.00016045 0.0001485 0.00010165 0.00013535 0.0001549 0.00011575 0.00020615 0.0002087 0.000161 0.00012855 0.00020835 0.00016095 0.00015485 0.00015185 0.00015205 0.00011595 0.00017335 0.0002115 0.00020715 0.0001162 0.00015915 0.00011645 0.00018695 0.0001733 0.00020855 0.00026805 0.00018375 0.0002095 0.000183 0.00018975 0.00012345 0.0001158 0.0002322 0.00013525 0.00012865 0.0002254 0.0001352 0.0001286 0.00013485 0.0002138 0.00012345 0.0001287 0.0001284 0.0002607 0.0002157 0.0003224 0.00014255 0.00015865 0.00018625 0.0001166
11 0.00035325 0.00022135 0.00020015 0.00015715 0.0002584 0.00025985 0.0001444 0.0003293 0.0001972 0.00013675 0.00017305 0.0002593 0.00020975 0.0002773 0.00015755 0.00021675 0.00018565 0.00019485 0.00026115 0.00015015 0.0002125 0.0002431 0.0001355 0.0001565 0.00017105 0.0001324 0.0002599 0.00020985 0.00013125 0.0002432 0.0001782 0.0001947 0.00029185 0.00021815 0.000234 0.00033965 0.0001443 0.0001714 0.00019755 0.00013115 0.0001873 0.00015695 0.0001311 0.00018575 0.00017215 0.00022575 0.000131 0.00017085 0.00017095 0.0002647 0.00021825 0.0002012 0.0002076 0.0001836 0.0002216 0.00016075 0.00013525 0.0001447 0.0002097 0.0001948 0.0001447 0.0001593 0.00021115 0.0001887 0.00017105 0.000161 0.000253 0.0001948 0.00026645 0.00015615 0.00021725 0.00015645 0.00023735 0.00025295 0.00014455 0.0003065 0.0002156 0.00027145 0.00021895 0.0002257 0.0001324 0.00019525 0.0002733 0.00017425 0.00019495 0.0002845 0.0001835 0.0001949 0.00018785 0.00018855 0.0001311 0.00019515 0.0001963 0.0002881 0.00019055 0.0003292 0.0001828 0.00020035 0.00024445 0.00015645
12 0.00024565 0.00015685 0.000144 0.00017625 0.000263 0.0001278 0.00018085 0.0002456 0.000157 0.0001567 0.0001641 0.00020975 0.0002554 0.0002225 0.0001916 0.00024445 0.00012815 0.0001911 0.00028555 0.0001441 0.0002407 0.00025045 0.00016305 0.0001761 0.0001568 0.0001818 0.00012795 0.000144 0.00018175 0.00024095 0.0001475 0.00019105 0.00024885 0.0002163 0.0001282 0.0003404 0.0001908 0.00015715 0.00015725 0.00018165 0.00017555 0.00017605 0.00018165 0.0001283 0.00016275 0.00015665 0.00016585 0.0001469 0.0001471 0.0001993 0.0001873 0.00020615 0.00012995 0.0001573 0.00015695 0.00018105 0.0002069 0.00019095 0.00015675 0.0001469 0.00019705 0.0001281 0.00016705 0.00014035 0.0001471 0.0001917 0.0001873 0.00019095 0.00021715 0.00017575 0.00021175 0.000176 0.00024765 0.0001876 0.0001908 0.00028895 0.00019235 0.00019135 0.00016205 0.0001491 0.0001595 0.00015875 0.00023565 0.0001442 0.000147 0.0002356 0.000147 0.00014715 0.0002063 0.00024675 0.0001593 0.00014685 0.000163 0.00026435 0.00024545 0.0002455 0.00018605 0.00014415 0.00019705 0.0001761
13 0.0002544 0.0002205 0.0002232 0.00024725 0.0002708 0.00019975 0.0002791 0.00027065 0.00023685 0.00024575 0.0002312 0.0002773 0.0002225 0.0003991 0.00024135 0.0002819 0.0002387 0.0002511 0.0002121 0.00024575 0.0002255 0.0002252 0.0002498 0.0002471 0.00024295 0.0002477 0.0002 0.0002169 0.00024745 0.00022365 0.0002276 0.00025105 0.0002545 0.0002519 0.0002064 0.00025215 0.0002732 0.0002433 0.000237 0.00024735 0.00024455 0.00024705 0.00024735 0.000239 0.0002372 0.000224 0.000253 0.0002426 0.0002429 0.0002342 0.0002269 0.00023435 0.0002131 0.00023815 0.00022065 0.00024465 0.00027425 0.0002736 0.0002317 0.0002262 0.0002737 0.0002448 0.0002231 0.0002368 0.0002428 0.0002452 0.00020795 0.00025095 0.00026105 0.00024675 0.0002577 0.000247 0.0002722 0.000208 0.00027345 0.0002828 0.0002239 0.00023325 0.0002224 0.0002188 0.0002476 0.0002274 0.0002635 0.0002295 0.0002263 0.00025195 0.0002379 0.00022655 0.00023425 0.00025525 0.0002472 0.00022645 0.00022115 0.00028065 0.00028795 0.00027055 0.0002411 0.0002247 0.0002207 0.00024705
14 0.0003126 0.00011865 0.00017675 6.21e-05 0.0002761 0.00019115 0.00023025 0.0003071 0.00011305 0.00015615 0.0001159 0.00015755 0.0001916 0.00024135 9.01e-05 0.00023575 0.00018595 0.0002143 0.0002193 0.0001773 0.00020395 0.00017485 0.0001205 6.22e-05 0.0001189 6.2e-05 0.0001912 0.00017535 6.155e-05 0.0001831 0.0001465 0.00021415 0.0002842 0.0001396 0.0001973 0.0003465 0.0002143 0.00011925 0.0001133 6.145e-05 6.045e-05 6.19e-05 6.165e-05 0.00018615 0.0001127 0.00012285 7.84e-05 0.000129 0.0001292 0.0002123 0.00015765 0.0001069 0.00019085 0.0001198 0.0001188 5.99e-05 0.0002 0.0002147 0.0001134 0.00013455 0.0002142 0.0001917 0.0001082 0.00015795 0.0001292 4.99e-05 0.00016335 0.00021425 0.00021405 6.185e-05 0.00013425 6.21e-05 0.00020445 0.0001633 0.00021455 0.00025365 0.00015775 0.00020205 0.0001991 0.00016465 0.0001189 0.0001124 0.00022755 0.00018285 0.00013465 0.0002322 0.00012975 0.0001346 0.0001066 0.0001823 0.0001183 0.0001347 0.0001182 0.0002559 0.00022965 0.000307 4.61e-05 0.00017225 0.0001412 6.23e-05
15 0.00032315 0.00023265 0.0002334 0.0002531 0.00032385 0.0002183 0.00022835 0.0003385 0.00025245 0.00023865 0.00025415 0.00021675 0.00024445 0.0002819 0.00023575 0.00035 0.00025965 0.00019675 0.00032925 0.0002597 0.00030155 0.0002992 0.00025395 0.00025295 0.0002586 0.00023075 0.00021835 0.00023875 0.00024185 0.0002879 0.00024285 0.00019655 0.0003267 0.00020015 0.0002247 0.00037505 0.00022245 0.00025895 0.00024815 0.00024175 0.0002387 0.0002529 0.00024175 0.0002644 0.0002369 0.00022435 0.0002475 0.00025375 0.0002585 0.00024315 0.00024815 0.0002833 0.00024255 0.0002274 0.0002328 0.0002502 0.000212 0.00022285 0.00022095 0.00023845 0.00022285 0.00027025 0.0002226 0.0002359 0.00025395 0.0002507 0.00026325 0.0001967 0.0002662 0.0002526 0.00022985 0.00025285 0.0002917 0.0002632 0.0002227 0.00027255 0.0002782 0.00018655 0.00025175 0.0002289 0.00024135 0.0002507 0.0002829 0.0002398 0.00023855 0.000294 0.00022715 0.00023845 0.00028325 0.00024225 0.0002523 0.0002386 0.00022175 0.0003432 0.00019375 0.0003384 0.00024695 0.00022465 0.00024195 0.0002529
16 0.00026835 0.0001956 0.000147 0.0001637 0.00020705 0.0002177 0.00011805 0.00017835 0.0001057 9.245e-05 0.0001873 0.00018565 0.00012815 0.0002387 0.00018595 0.00025965 7.57e-05 0.00021805 0.00025685 5.735e-05 0.00018765 0.0002109 0.00011505 0.00016355 0.0001059 0.00018305 0.00021775 0.0001442 0.0001761 0.00020955 0.0001303 0.00021795 0.0002677 0.00024995 0.000218 0.0002929 0.000128 0.00010625 0.0001058 0.000176 0.00016655 0.0001635 0.000176 3.825e-05 0.0001182 0.0001987 0.0001602 9.545e-05 9.58e-05 0.0002105 0.00022525 0.00020445 0.00020775 0.0001771 0.00019575 0.0001649 0.00014735 0.00012845 0.00017655 0.0001855 0.00013435 3.805e-05 0.0002049 0.00011695 9.565e-05 0.00017555 0.00023695 0.000218 0.0002478 0.0001632 0.0002272 0.00016345 0.00025515 0.00023695 0.0001283 0.00030785 0.00015175 0.0002685 0.0001628 0.00014955 0.00012105 0.00018555 0.0002476 0.0001472 0.0001856 0.0002662 0.0001668 0.0001856 0.0002046 0.0002335 0.00011395 0.0001856 0.0002084 0.000236 0.00024935 0.00017825 0.0001735 0.00016385 0.000235 0.00016355
17 0.000292 0.00018935 0.00019015 0.00023165 0.00032285 0.00015315 0.0001964 0.00031935 0.0002209 0.000217 0.00021155 0.00019485 0.0001911 0.0002511 0.0002143 0.00019675 0.00021805 0.0003053 0.00032165 0.0002281 0.00029215 0.00029025 0.0002324 0.0002315 0.0002271 0.0002093 0.00015295 0.0001854 0.0002204 0.0002789 0.0002005 0.00015295 0.00030465 0.00022215 0.0001597 0.00038665 0.0001905 0.00022745 0.0002166 0.0002203 0.0002172 0.00023145 0.0002203 0.0002228 0.00020535 0.00018085 0.00022605 0.0002222 0.00022695 0.00022235 0.00022745 0.0002632 0.00017825 0.0001958 0.0001895 0.0002287 0.0001899 0.0001908 0.00018935 0.00019515 0.0001909 0.0002287 0.0001897 0.0002045 0.0002224 0.00022925 0.0002213 0.00015295 0.0002652 0.00023115 0.00025145 0.0002314 0.0003032 0.00022105 0.00019075 0.00032745 0.000248 0.00019715 0.0002081 0.00018565 0.0002198 0.0002081 0.0002841 0.00019655 0.00019525 0.00028365 0.00019555 0.0001953 0.00026315 0.0002217 0.00023075 0.0001953 0.0001782 0.00033415 0.0002149 0.00031925 0.0002255 0.00018125 0.00022125 0.0002314
18 0.00032205 0.00028895 0.0002729 0.00022905 0.00022015 0.00033895 0.00028375 0.0002935 0.00025575 0.00023525 0.00022615 0.00026115 0.00028555 0.0002121 0.0002193 0.00032925 0.00025685 0.00032165 0.0001705 0.0002196 0.0001518 0.0001622 0.0002129 0.00022875 0.00023535 0.0002212 0.000339 0.00026445 0.00020925 0.0001843 0.00025705 0.0003215 0.00025455 0.0002772 0.00031885 0.00015925 0.0002678 0.0002357 0.00026055 0.00020915 0.0002612 0.00022885 0.00020915 0.0002525 0.0002409 0.0003011 0.0002302 0.00025 0.00024565 0.0002897 0.00023815 0.00018395 0.00028705 0.0002793 0.0002891 0.00021795 0.0002557 0.0002682 0.00029915 0.0002786 0.00026285 0.0002318 0.0002836 0.00027885 0.0002502 0.000208 0.00023105 0.0003216 0.0003001 0.0002284 0.00026485 0.00022865 0.000252 0.000231 0.00026805 0.00028685 0.0001836 0.0003411 0.00027275 0.00028925 0.0002309 0.00025735 0.0002898 0.00025275 0.0002787 0.00027905 0.0002892 0.00027865 0.00017055 0.0002099 0.0002188 0.00027875 0.00026965 0.0002616 0.0002973 0.0002934 0.0002389 0.0002949 0.0002481 0.00022865
19 0.00030845 0.0002286 0.00014365 0.0001511 0.00016485 0.00026605 9.13e-05 0.00022175 0.00013705 5.555e-05 0.0001587 0.00015015 0.0001441 0.00024575 0.0001773 0.0002597 5.735e-05 0.0002281 0.0002196 4.29e-05 0.0001526 0.0002026 6.62e-05 0.00015095 0.00010645 0.00014855 0.0002661 0.00015975 0.00013725 0.00020625 0.00013525 0.00022795 0.0002463 0.00024665 0.0002356 0.000261 0.0001058 0.0001068 0.00014205 0.00013715 0.00018915 0.0001509 0.0001371 5.24e-05 0.00012815 0.0002366 0.00012175 0.0001015 9.695e-05 0.0002424 0.00021965 0.00019375 0.00019455 0.0001829 0.00022875 0.0001521 0.00010585 0.0001061 0.00021265 0.00018825 0.00010705 2.16e-05 0.00022805 0.0001226 0.0001017 0.00016235 0.00025915 0.00022805 0.0002538 0.0001506 0.0002195 0.00015085 0.00022 0.0002591 0.00010595 0.0003037 0.00015905 0.000297 0.0001633 0.0001849 8.4e-05 0.00018775 0.00025665 0.00011315 0.00018835 0.00027205 0.0001727 0.0001883 0.0001812 0.0002174 7.255e-05 0.0001884 0.0002151 0.00023055 0.00021875 0.00022165 0.0001911 0.0001711 0.0002596 0.000151
20 0.00031545 0.00027115 0.0002361 0.0001922 0.0001995 0.0003243 0.0002082 0.00026255 0.0002136 0.0001577 0.00021125 0.0002125 0.0002407 0.0002255 0.00020395 0.00030155 0.00018765 0.00029215 0.0001518 0.0001526 0.0002536 0.0001786 0.00015695 0.0001918 0.00018735 0.00019015 0.00032435 0.0002409 0.0001779 0.00018845 0.0002063 0.000292 0.0002496 0.0002668 0.00029835 0.00019495 0.0002081 0.0001877 0.0002184 0.0001778 0.00023415 0.000192 0.0001778 0.0001833 0.00020435 0.00028725 0.00017755 0.00019185 0.0001875 0.0002774 0.0002367 0.0001915 0.0002601 0.00023815 0.0002713 0.0001963 0.00020405 0.0002085 0.00026395 0.0002448 0.0002086 0.00015675 0.00026345 0.0002213 0.00019205 0.0001964 0.00025795 0.0002921 0.00027195 0.00019145 0.0002424 0.0001917 0.00021695 0.0002579 0.00020835 0.00027215 0.0001916 0.0003259 0.0002326 0.0002593 0.0001626 0.0002331 0.0002559 0.0002101 0.0002449 0.00026255 0.000238 0.00024485 0.0001783 0.00022185 0.0001502 0.0002449 0.00025745 0.00023585 0.00026315 0.00026245 0.00021795 0.00025215 0.00026265 0.00019165
21 0.0003085 0.0002254 0.0002406 0.00017875 0.00024595 0.00028855 0.00026765 0.0002691 0.0001815 0.00021165 0.00022065 0.0002431 0.00025045 0.0002252 0.00017485 0.0002992 0.0002109 0.00029025 0.0001622 0.0002026 0.0001786 0.0003237 0.00019395 0.00017835 0.00018725 0.00020295 0.0002886 0.0002347 0.00019095 0.00018465 0.0002199 0.0002901 0.0002884 0.0002469 0.0002946 0.00023045 0.0002517 0.0001873 0.00018595 0.00019085 0.0001846 0.0001787 0.00019085 0.00020655 0.0001984 0.00023795 0.00020655 0.0002021 0.00019775 0.0002583 0.00023315 0.0001788 0.00028895 0.00023135 0.0002259 0.00017345 0.0002424 0.0002521 0.0002251 0.00024155 0.0002521 0.000212 0.0002174 0.0002306 0.0002023 0.00016305 0.00022605 0.0002902 0.00027725 0.0001782 0.0002287 0.0001788 0.0002539 0.000226 0.00025195 0.000277 0.0001862 0.00028955 0.0002407 0.00022585 0.0002073 0.0002203 0.00026785 0.0002466 0.00024165 0.00026795 0.0002413 0.0002416 0.0001789 0.0002239 0.00019515 0.0002416 0.000238 0.0002614 0.0002936 0.000269 0.0001619 0.0002579 0.00021695 0.0001784
22 0.00032115 0.00018985 0.000149 9.39e-05 0.0001872 0.00024595 0.0001346 0.00027325 0.0001372 7.185e-05 0.0001234 0.0001355 0.00016305 0.0002498 0.0001205 0.00025395 0.00011505 0.0002324 0.0002129 6.62e-05 0.00015695 0.00019395 0.0001045 9.325e-05 0.00010675 9.225e-05 0.000246 0.0001783 8.005e-05 0.0001959 0.00012995 0.00023225 0.0002425 0.00019835 0.0002158 0.000288 0.0001491 0.0001071 0.0001421 7.995e-05 0.000136 9.37e-05 7.99e-05 0.00011055 0.0001287 0.0002021 6.465e-05 0.00010125 9.68e-05 0.00023655 0.0001723 0.0001382 0.00017405 0.0001508 0.0001901 9.88e-05 0.0001356 0.00014945 0.00018095 0.0001492 0.00015 7.985e-05 0.0001795 0.0001303 0.00010145 0.0001091 0.0002225 0.00023235 0.00022395 9.29e-05 0.00017015 9.325e-05 0.00017895 0.00022245 0.0001493 0.00026365 0.00016105 0.00025705 0.0001718 0.00019245 6.735e-05 0.0001484 0.00023365 0.0001188 0.0001493 0.0002421 0.0001406 0.00014925 0.0001256 0.00020515 5.5e-05 0.0001495 0.00017685 0.0002243 0.00021245 0.00027315 0.0001337 0.0001659 0.00021265 9.335e-05
23 0.0003087 0.00011825 0.00016775 4.425e-05 0.0002613 0.000193 0.00021425 0.0002963 0.00010135 0.00013495 0.00011655 0.0001565 0.0001761 0.0002471 6.22e-05 0.00025295 0.00016355 0.0002315 0.00022875 0.00015095 0.0001918 0.00017835 9.325e-05 8.62e-05 0.0001013 7.485e-05 0.00019305 0.0001816 6.185e-05 0.00018915 0.00013015 0.00023135 0.00027445 0.00015825 0.00019325 0.00034665 0.00021415 0.00010135 0.00010575 6.185e-05 6.015e-05 4.42e-05 6.185e-05 0.0001592 0.00012425 0.00013505 5.61e-05 0.0001057 0.00010125 0.0002138 0.00014115 8.875e-05 0.000181 0.00011345 0.00011885 5.425e-05 0.00020635 0.00021455 0.0001135 0.00011815 0.00021995 0.00015885 0.00010775 0.00014205 0.0001058 5.395e-05 0.00016405 0.00023145 0.00019855 4.32e-05 0.00012785 4.39e-05 0.00018265 0.000164 0.0002144 0.00023815 0.0001562 0.000204 0.0001901 0.0001647 9.765e-05 0.00010665 0.00021205 0.00016795 0.00011825 0.0002167 0.00011335 0.0001182 8.905e-05 0.00019875 8.46e-05 0.00011835 0.00013685 0.00023375 0.00024105 0.0002962 4.325e-05 0.00016835 0.0001414 4.35e-05
24 0.0002959 0.00015705 0.0001623 0.00010165 0.00023885 0.000213 0.00017085 0.00024485 0.0001011 0.00011855 0.00015175 0.00017105 0.0001568 0.00024295 0.0001189 0.0002586 0.0001059 0.0002271 0.00023535 0.00010645 0.00018735 0.00018725 0.00010675 0.0001013 0.0002008 0.00013105 0.00021305 0.00016295 0.00011905 0.0001994 0.00013525 0.00022695 0.00027815 0.00020645 0.00021295 0.00031955 0.00017075 0.00010095 0.00010615 0.00011895 0.00011355 0.00010145 0.00011895 0.0001014 0.00012375 0.00016945 0.0001132 0.000106 0.00010155 0.00021965 0.0001885 0.0001441 0.0002014 0.00014545 0.0001574 0.00010745 0.0001765 0.0001709 0.0001451 0.0001571 0.0001769 0.0001008 0.0001565 0.0001346 0.0001062 0.0001074 0.0002006 0.00022705 0.0002283 0.00010095 0.00017745 0.0001014 0.0002238 0.00020055 0.00017075 0.0002781 0.00015425 0.00024385 0.0001815 0.0001569 0.0001142 0.0001459 0.00023495 0.0001622 0.0001572 0.00024655 0.00014535 0.00015715 0.00014455 0.0002109 0.00010205 0.00015705 0.000175 0.0002399 0.00024725 0.00024475 0.00010105 0.00017345 0.00018825 0.00010135
25 0.00031215 0.00015145 0.00016865 7.47e-05 0.00023545 0.000202 0.00018875 0.00031355 0.0001573 0.0001142 8.985e-05 0.0001324 0.0001818 0.0002477 6.2e-05 0.00023075 0.00018305 0.0002093 0.0002212 0.00014855 0.00019015 0.00020295 9.225e-05 7.485e-05 0.00013105 4.72e-05 0.00020205 0.0001817 3.61e-05 0.0001895 0.0001372 0.00020915 0.00022995 0.0001343 0.00017605 0.0003201 0.00018865 0.0001314 0.000153 3.6e-05 9.33e-05 7.45e-05 3.615e-05 0.0001878 0.00011425 0.0001438 3.605e-05 0.0001266 0.00013135 0.0002231 0.00014835 0.00011945 0.00013705 0.0001206 0.0001515 7.815e-05 0.00017605 0.00018905 0.00014625 0.00012525 0.00018885 0.00016125 0.000141 0.0001477 0.0001268 7.835e-05 0.0001828 0.00020925 0.00020465 7.45e-05 0.0001345 7.465e-05 0.0001625 0.00018275 0.0001889 0.00024425 0.00017125 0.0002129 0.0001911 0.00019715 7.64e-05 0.00011255 0.00021815 0.00014265 0.00012535 0.0002228 0.00012045 0.0001253 0.0001059 0.0001859 8.87e-05 0.0001254 0.0001129 0.0002353 0.0001921 0.00031345 0.00010085 0.0001506 0.00017415 7.495e-05
26 0.00019675 8.575e-05 0.000139 0.0001932 0.00034945 6.5e-07 0.0002758 0.00028665 0.00018035 0.0002529 0.00016695 0.0002599 0.00012795 0.0002 0.0001912 0.00021835 0.00021775 0.00015295 0.000339 0.0002661 0.00032435 0.0002886 0.000246 0.00019305 0.00021305 0.00020205 1.1e-06 0.0001378 0.00021335 0.00026595 0.00016415 0.00015325 0.0002575 0.00017165 3.38e-05 0.00041405 0.00027995 0.0002134 0.00017585 0.00021325 0.00015195 0.000193 0.00021325 0.0002227 0.000196 7.69e-05 0.00020345 0.0001975 0.00020245 0.00015075 0.0001488 0.00021225 7.975e-05 0.000137 8.59e-05 0.00019535 0.00029105 0.00028035 0.00010435 0.0001078 0.00028585 0.0002551 9.67e-05 0.00016335 0.0001977 0.00020635 0.00011865 0.00015305 0.0001857 0.0001927 0.00019625 0.00019295 0.0002721 0.0001187 0.0002802 0.0002695 0.00022625 7.675e-05 0.00015935 0.00011625 0.0002299 0.0001319 0.0002231 0.0001718 0.0001079 0.00020445 0.0001266 0.00010815 0.00022565 0.0002673 0.00024105 0.00010775 0.0001063 0.00030375 0.00026315 0.00028655 0.000171 0.0001195 0.00012655 0.00019305
27 0.0002614 0.00015655 0.00015345 0.00018145 0.00027845 0.00013765 0.0001972 0.00026135 0.0001567 0.00017805 0.00016385 0.00020985 0.000144 0.0002169 0.00017535 0.00023875 0.0001442 0.0001854 0.00026445 0.00015975 0.0002409 0.0002347 0.0001783 0.0001816 0.00016295 0.0001817 0.0001378 0.0002751 0.00018145 0.00023535 0.00016315 0.00018535 0.0002707 0.0002102 0.00014425 0.0003408 0.0001913 0.0001633 0.00015695 0.00018135 0.00017525 0.00018125 0.00018135 0.00014435 0.00015665 0.00015645 0.0001875 0.00016255 0.00016275 0.00020915 0.00020295 0.00021165 0.000152 0.0001629 0.00015665 0.0001747 0.0002008 0.00019165 0.00015645 0.00016255 0.0001909 0.00015035 0.00016675 0.0001562 0.00016275 0.0001753 0.00018645 0.00018525 0.0002325 0.00018125 0.00021745 0.0001815 0.000269 0.00018675 0.0001915 0.0003043 0.0001867 0.0002012 0.0001715 0.0001489 0.00018085 0.00016445 0.000251 0.00015985 0.00016265 0.00025095 0.00016265 0.0001628 0.00021125 0.00022995 0.00018045 0.0001625 0.0001569 0.0002859 0.00024575 0.00026125 0.0001756 0.00016 0.00019675 0.0001816
28 0.0003236 0.0001508 0.0001687 6.23e-05 0.00023605 0.0002133 0.0001885 0.0003181 0.0001452 0.00011435 9e-05 0.00013125 0.00018175 0.00024745 6.155e-05 0.00024185 0.0001761 0.0002204 0.00020925 0.00013725 0.0001779 0.00019095 8.005e-05 6.185e-05 0.00011905 3.61e-05 0.00021335 0.00018145 7.02e-05 0.0001892 0.0001364 0.00022025 0.00024235 0.00014565 0.00018745 0.0003206 0.0001884 0.0001194 0.00014545 3.51e-05 9.26e-05 6.21e-05 3.535e-05 0.0001763 0.0001188 0.00015505 3.605e-05 0.00011875 0.00011885 0.00023435 0.0001473 0.0001069 0.000149 0.00011965 0.00015105 6.575e-05 0.0001759 0.0001888 0.0001457 0.0001243 0.0001884 0.00014985 0.00014035 0.000148 0.00011885 6.6e-05 0.00018235 0.00022035 0.0002042 6.16e-05 0.0001344 6.195e-05 0.0001625 0.0001823 0.00018865 0.0002438 0.00016375 0.0002242 0.00019105 0.0001968 7.705e-05 0.00011265 0.0002177 0.0001428 0.0001244 0.00022235 0.0001195 0.00012435 9.32e-05 0.00018525 7.605e-05 0.0001246 0.00012425 0.0002345 0.00020375 0.000318 8.825e-05 0.00016245 0.0001736 6.205e-05
29 0.00028655 0.00022455 0.00023115 0.0001893 0.00023715 0.00026585 0.0002594 0.0002553 0.0001933 0.00020215 0.0002191 0.0002432 0.00024095 0.00022365 0.0001831 0.0002879 0.00020955 0.0002789 0.0001843 0.00020625 0.00018845 0.00018465 0.0001959 0.00018915 0.0001994 0.0001895 0.00026595 0.00023535 0.0001892 0.0003632 0.00020945 0.0002788 0.00026665 0.00023375 0.0002723 0.00023185 0.0002535 0.00019975 0.00019345 0.0001891 0.0001825 0.0001891 0.00018925 0.00020985 0.0001935 0.00022385 0.0001951 0.00019905 0.00019935 0.0002365 0.000222 0.00018915 0.00026685 0.0002304 0.0002247 0.0001827 0.0002442 0.0002539 0.00022395 0.0002303 0.000254 0.00021565 0.00021655 0.00022135 0.00019925 0.00018325 0.00022475 0.00027885 0.00026585 0.0001888 0.00022835 0.00018905 0.0002431 0.0002247 0.00025375 0.00026565 0.0001931 0.0002668 0.00023125 0.0002268 0.00019685 0.0002193 0.0002565 0.00023745 0.0002304 0.0002566 0.00023015 0.00023045 0.00018905 0.0002339 0.0001964 0.0002305 0.0002248 0.0002509 0.00028245 0.0002552 0.00018315 0.00023595 0.0002158 0.00018915
30 0.0002587 0.00015215 0.0001517 0.00013065 0.00024 0.0001641 0.0001735 0.00024165 0.00013495 0.00012615 0.000162 0.0001782 0.0001475 0.0002276 0.0001465 0.00024285 0.0001303 0.0002005 0.00025705 0.00013525 0.0002063 0.0002199 0.00012995 0.00013015 0.00013525 0.0001372 0.00016415 0.00016315 0.0001364 0.00020945 0.0002386 0.0002001 0.00025255 0.0002009 0.0001646 0.0003199 0.00018345 0.0001357 0.00013525 0.0001363 0.00013405 0.00013045 0.0001363 0.00013055 0.00014135 0.00015605 0.0001206 0.00012485 0.0001251 0.00019315 0.0001735 0.0001621 0.00016465 0.0001523 0.0001525 0.0001397 0.00018825 0.00018385 0.000152 0.00014195 0.00018935 0.00013055 0.00015235 0.00014695 0.00012505 0.00015005 0.00018485 0.00020045 0.0002135 0.0001298 0.00019505 0.00013025 0.00023155 0.0001848 0.0001837 0.00027415 0.0001724 0.00020655 0.0001712 0.00015595 0.0001218 0.0001526 0.00023195 0.0001522 0.0001419 0.0002317 0.000142 0.0001416 0.00016255 0.00021745 0.00012085 0.0001419 0.0001586 0.00023645 0.00024315 0.00024155 0.00014015 0.0001471 0.0001835 0.0001302
31 0.0002922 0.0001893 0.0001899 0.0002315 0.0003227 0.0001532 0.00019625 0.00031925 0.0002208 0.00021685 0.0002114 0.0001947 0.00019105 0.00025105 0.00021415 0.00019655 0.00021795 0.00015295 0.0003215 0.00022795 0.000292 0.0002901 0.00023225 0.00023135 0.00022695 0.00020915 0.00015325 0.00018535 0.00022025 0.0002788 0.0002001 0.000305 0.0003045 0.00022195 0.0001596 0.0003865 0.00019035 0.0002273 0.0002165 0.00022015 0.0002171 0.0002313 0.00022015 0.0002227 0.00020525 0.000181 0.0002259 0.0002221 0.00022685 0.00022215 0.00022725 0.00026305 0.00017805 0.0001956 0.00018945 0.0002286 0.00018985 0.00019075 0.00018915 0.0001951 0.00019075 0.00022855 0.00018965 0.0002044 0.0002223 0.0002291 0.00022125 0.0001529 0.00026535 0.000231 0.0002513 0.00023125 0.00030305 0.0002212 0.0001906 0.00032725 0.0002479 0.00019705 0.00020805 0.0001852 0.00021965 0.00020795 0.0002839 0.00019635 0.0001952 0.0002834 0.00019535 0.00019485 0.000263 0.00022155 0.0002306 0.00019525 0.0001784 0.000334 0.00021475 0.00031915 0.00022535 0.0001812 0.00022105 0.00023125
32 0.0002491 0.00028695 0.0002548 0.0002746 0.00020925 0.00025745 0.00027985 0.0002681 0.0003104 0.0002132 0.0002248 0.00029185 0.00024885 0.0002545 0.0002842 0.0003267 0.0002677 0.00030465 0.00025455 0.0002463 0.0002496 0.0002884 0.0002425 0.00027445 0.00027815 0.00022995 0.0002575 0.0002707 0.00024235 0.00026665 0.00025255 0.0003045 0.0003323 0.00027705 0.00022535 0.00021315 0.0002956 0.0002785 0.0003061 0.00024225 0.00029915 0.0002744 0.00024225 0.00027245 0.00027385 0.00027965 0.00021975 0.00026375 0.0002685 0.0002731 0.00024505 0.0002617 0.00017955 0.00027255 0.0002871 0.0002899 0.0003021 0.000296 0.0003041 0.0002448 0.0003019 0.0002399 0.00028965 0.000249 0.00026395 0.00030015 0.0002614 0.0003046 0.0002622 0.0002741 0.00026385 0.00027435 0.000221 0.00026135 0.00029585 0.00027525 0.00027225 0.0002821 0.00025735 0.00029265 0.0002205 0.00024135 0.00027075 0.00022265 0.0002449 0.00025305 0.00026235 0.00024485 0.0002486 0.0003048 0.00023275 0.00024495 0.00025505 0.00023635 0.0002813 0.000268 0.0003164 0.0002251 0.0002868 0.0002744
33 0.00029335 0.00016195 0.0002018 0.0001581 0.00030135 0.0001716 0.0002723 0.00032715 0.0002003 0.0002161 0.00017095 0.00021815 0.0002163 0.0002519 0.0001396 0.00020015 0.00024995 0.00022215 0.0002772 0.00024665 0.0002668 0.0002469 0.00019835 0.00015825 0.00020645 0.0001343 0.00017165 0.0002102 0.00014565 0.00023375 0.0002009 0.00022195 0.00027705 0.0002548 0.000178 0.00035585 0.0002664 0.0002068 0.0001959 0.00014555 0.00014385 0.0001579 0.0001458 0.0002548 0.0001834 0.0001535 0.0001525 0.0002015 0.00020635 0.00021265 0.00017715 0.00018885 0.0001838 0.00016325 0.0001621 0.00015505 0.0002525 0.0002668 0.0001568 0.00016775 0.0002664 0.00026065 0.00015165 0.00019505 0.0002017 0.00015555 0.00019245 0.0002221 0.0002038 0.0001579 0.00014685 0.00015815 0.0002167 0.0001924 0.00026665 0.00020975 0.0002262 0.0001392 0.0002237 0.00019985 0.00018585 0.00016795 0.00022715 0.0002082 0.00016785 0.0002317 0.000163 0.00016775 0.00018845 0.0002388 0.0001971 0.0001679 0.00014955 0.0002894 0.0002068 0.00032705 0.00015225 0.0001866 0.00017095 0.00015835
34 0.0002184 0.00011835 0.00014105 0.0001934 0.00031915 3.365e-05 0.0002438 0.000308 0.0002129 0.000221 0.0001408 0.000234 0.0001282 0.0002064 0.0001973 0.0002247 0.000218 0.0001597 0.00031885 0.0002356 0.00029835 0.0002946 0.0002158 0.00019325 0.00021295 0.00017605 3.38e-05 0.00014425 0.00018745 0.0002723 0.0001646 0.0001596 0.00022535 0.000178 6.71e-05 0.00038795 0.00025375 0.0002133 0.0002084 0.00018735 0.0001845 0.0001932 0.00018735 0.00022295 0.00020245 0.00010995 0.00017155 0.00019805 0.000203 0.00018335 0.00014925 0.00021245 4.695e-05 0.0001373 0.00011845 0.0002018 0.00026675 0.00025415 0.00013675 0.0001084 0.00026005 0.0002227 0.0001293 0.0001638 0.00019825 0.00021245 0.00013795 0.00015955 0.0001865 0.0001929 0.00019635 0.00019315 0.0002402 0.00013825 0.000254 0.00026995 0.00023265 0.0001096 0.00016155 0.0001487 0.000198 0.00013185 0.0002235 0.00014085 0.0001085 0.0002049 0.000127 0.0001086 0.0002126 0.00026015 0.00020925 0.00010835 0.00011305 0.00029275 0.00023715 0.0003079 0.0002032 0.00012 0.000159 0.00019325
35 0.0002883 0.00039335 0.0003345 0.0003468 0.0001716 0.000414 0.0003127 0.00024095 0.0003459 0.0002542 0.0003295 0.00033965 0.0003404 0.00025215 0.0003465 0.00037505 0.0002929 0.00038665 0.00015925 0.000261 0.00019495 0.00023045 0.000288 0.00034665 0.00031955 0.0003201 0.00041405 0.0003408 0.0003206 0.00023185 0.0003199 0.0003865 0.00021315 0.00035585 0.00038795 0.000176 0.0003126 0.0003199 0.00034615 0.0003205 0.0003731 0.0003466 0.0003205 0.0002931 0.00031995 0.0003937 0.0003198 0.00031975 0.00031995 0.000327 0.0003271 0.00030195 0.00034985 0.00037795 0.0003935 0.0003468 0.00030725 0.000313 0.0004036 0.00036715 0.0003133 0.00026645 0.000388 0.00033365 0.00031995 0.000347 0.0003356 0.0003866 0.00034115 0.0003463 0.00034365 0.00034655 0.0002714 0.00033555 0.00031285 0.00029305 0.00027495 0.00039695 0.00031555 0.0003604 0.0002874 0.00035545 0.00031525 0.0003084 0.00036725 0.00030445 0.0003778 0.0003672 0.0002886 0.0003044 0.00028775 0.0003673 0.0003675 0.00024135 0.0003367 0.00024085 0.00037265 0.00033345 0.0003529 0.00034655
