 slim_337505737 slim_337505703 slim_337505759 slim_337505785 slim_337505760 slim_337505792 slim_337505918 slim_337505702 slim_337505845 slim_337505903 slim_337505815 slim_337505757 slim_337505694 slim_337505876 slim_337505681 slim_337505886 slim_337505897 slim_337505723 slim_337505859 slim_337505930 slim_337505912 slim_337505883 slim_337505798 slim_337505915 slim_337505804 slim_337505882 slim_337505850 slim_337505913 slim_337505892 slim_337505791 slim_337505813 slim_337505848 slim_337505788 slim_337505693 slim_337505777 slim_337505750 slim_337505800 slim_337505911 slim_337505863 slim_337505872 slim_337505644 slim_337505927 slim_337505839 slim_337505865 slim_337505708 slim_337505635 slim_337505809 slim_337505767 slim_337505763 slim_337505855 slim_337505909 slim_337505722 slim_337505881 slim_337505904 slim_337505879 slim_337505662 slim_337505568 slim_337505856 slim_337505819 slim_337505755 slim_337505867 slim_337505569 slim_337505808 slim_337505854 slim_337505914 slim_337505899 slim_337505764 slim_337505773 slim_337505774 slim_337505907 slim_337505916 slim_337505906 slim_337505922 slim_337505814 slim_337505780 slim_337505746 slim_337505720 slim_337505896 slim_337505728 slim_337505756 slim_337505794 slim_337505851 slim_337505890 slim_337505799 slim_337505739 slim_337505827 slim_337505905 slim_337505880 slim_337505924 slim_337505715 slim_337505925 slim_337505643 slim_337505921 slim_337505920 slim_337505866 slim_337505801 slim_337505778 slim_337505902 slim_337505858 slim_337505330
0 0.0001903 0.00010015 0.0001495 0.00012445 0.0001501 0.00011375 9.775e-05 0.0001252 9.655e-05 0.00019245 0.00018675 0.00012535 0.00018925 0.00022335 9.89e-05 0.0001653 0.0001046 0.00019165 0.0001996 0.00012395 9.71e-05 0.0001315 0.000125 0.00010755 0.00013145 0.00012675 0.0001077 0.0001901 9.705e-05 0.0001075 0.00012265 0.00019075 0.00021625 0.00012285 0.00012185 0.00022725 0.0001866 0.0001236 0.0002573 0.0002163 0.00015845 0.00012545 0.0001223 9.595e-05 0.00012555 0.0001624 0.0002163 9.73e-05 0.0001221 0.00013205 0.00023395 0.00010615 0.0001981 9.705e-05 0.00021615 0.00012105 9.895e-05 0.0001247 0.0001321 0.00020155 9.905e-05 0.0001233 9.77e-05 0.0001726 0.00016725 0.000149 0.00023135 0.0001239 9.67e-05 0.0001248 9.94e-05 0.00021635 9.9e-05 0.00016795 0.00018995 9.81e-05 0.0001907 0.00019075 9.53e-05 0.0001893 0.0001004 9.865e-05 0.00013105 9.53e-05 0.00014895 0.0001242 9.785e-05 9.7e-05 9.62e-05 9.725e-05 0.00013275 0.0001955 9.66e-05 0.00010565 9.85e-05 0.0001879 9.555e-05 0.00022755 0.00010605 9.85e-05
1 0.00010015 2.61e-05 0.0002077 7.79e-05 0.00012545 6.82e-05 9.995e-05 6.325e-05 0.00010025 0.00012845 0.0001821 6.39e-05 0.00014455 0.0002941 1.415e-05 0.00021165 4.155e-05 0.0001286 0.00019355 0.00014635 9.985e-05 0.00010485 0.0001104 0.00015245 0.0001048 7.745e-05 4.065e-05 0.00012965 9.98e-05 2.49e-05 0.00020155 0.00012935 0.0001927 0.0001955 0.00016325 0.00025845 0.0002668 0.0001634 0.00019555 0.00019275 0.0001906 8.15e-05 0.0001629 1.52e-05 8.16e-05 0.000165 0.00019275 1.525e-05 7.855e-05 0.0001276 0.00030485 4.165e-05 0.0001932 1.495e-05 0.0001926 0.00010535 1.42e-05 0.00011045 0.0001378 0.00020215 1.465e-05 0.0001113 0.0001069 0.00010835 0.00021205 0.00017485 0.00027675 7.745e-05 1.545e-05 6.36e-05 9.895e-05 0.0001928 1.44e-05 0.000126 0.00021435 9.92e-05 0.0001294 0.0001295 0.0001001 0.0001446 9.805e-05 2.105e-05 0.00013815 0.00010025 0.0001748 0.00016235 1.435e-05 1.495e-05 0.00010015 1.525e-05 0.00012725 0.00020825 0.0001003 0.0001261 1.42e-05 0.00022835 1.565e-05 0.00031495 4.17e-05 1.385e-05
2 0.0001495 0.0002077 3e-07 0.0001462 0.0001304 0.0001573 0.00014945 0.0001932 0.0001398 0.000269 0.0001832 0.0001937 0.0002022 0.00013675 0.00020785 0.0001326 0.0001727 0.0002682 0.0002276 0.00013475 0.0001396 0.0001199 0.0001096 9.885e-05 0.00011985 0.0001569 0.0001929 0.0002677 0.00013945 0.00020755 5.835e-05 0.00025785 0.000196 6.56e-05 8.685e-05 0.0001668 0.00011625 7.795e-05 0.0003252 0.00019605 9.83e-05 0.0001388 7.75e-05 0.00020715 0.0001389 0.00020715 0.00019605 0.00019745 0.00013555 0.00017015 0.000182 0.00018175 0.0002196 0.0001971 0.0001959 0.0001053 0.00020785 9.84e-05 8.37e-05 0.0002325 0.00020815 9.845e-05 0.00014345 0.0002582 0.0001978 3.675e-05 0.00019105 0.00013465 0.00020665 0.0002025 0.00015055 0.0001961 0.00020875 0.00019185 0.0002008 0.0001506 0.0002584 0.00025865 0.0001496 0.00020225 0.00016105 0.00020215 7.415e-05 0.0001496 3.67e-05 8.805e-05 0.0002177 0.0001973 0.00014045 0.0001975 0.00016075 0.0001486 0.00013985 0.00012445 0.00019655 0.0001453 0.00020735 0.00021755 0.0001826 0.00020825
3 0.00012445 7.79e-05 0.0001462 0.0001527 9.4e-05 7.945e-05 0.0001243 9.42e-05 0.0001245 0.00016015 0.0001817 9.505e-05 0.0001432 0.00024775 7.68e-05 0.000174 7.83e-05 0.0001601 0.0002098 0.00013975 0.0001241 7.79e-05 0.0001114 0.0001306 7.785e-05 7.805e-05 7.8e-05 0.0001607 0.00012405 8.75e-05 0.00016355 0.0001602 0.00016 0.00015725 0.00012395 0.00021125 0.00022875 0.00012365 0.0002267 0.00016005 0.00014295 8.03e-05 0.0001236 7.735e-05 8.04e-05 0.00018925 0.00016005 7.74e-05 7.705e-05 0.0001436 0.00027485 7.825e-05 0.00020955 7.69e-05 0.0001599 0.0001119 7.685e-05 0.00011275 0.0001127 0.0002185 7.675e-05 0.0001115 0.0001307 0.00014515 0.0001997 0.0001115 0.0002391 7.775e-05 7.755e-05 9.455e-05 0.00012355 0.0001601 7.73e-05 0.00012675 0.00020755 0.00012405 0.0001603 0.0001606 0.0001244 0.00014325 0.0001236 8.38e-05 0.000113 0.00012455 0.00011145 0.0001235 7.705e-05 7.71e-05 0.0001246 7.735e-05 0.0001434 0.0001825 0.00012455 0.00012505 7.805e-05 0.00018905 7.78e-05 0.00030155 7.855e-05 7.68e-05
4 0.0001501 0.00012545 0.0001304 9.4e-05 0.0001209 0.0001226 0.00015005 9.285e-05 0.00015045 0.0001595 0.0001972 9.41e-05 0.00016035 0.0002411 0.0001247 0.00016725 0.0001234 0.00015925 0.0002351 0.00011715 0.00014965 9.31e-05 0.00012715 0.00013495 9.305e-05 9.24e-05 0.0001232 0.00015995 0.00014965 0.00013535 0.0001566 0.00016 0.0001292 0.00015155 0.00011935 0.0002066 0.00022205 0.00011975 0.00022575 0.00012925 0.00013845 9.75e-05 0.00011865 0.00012475 9.76e-05 0.0002151 0.00012925 0.000125 9.445e-05 0.0001693 0.00027845 0.000124 0.000235 0.0001249 0.0001291 0.0001274 0.00012465 0.00012875 0.0001263 0.00024385 0.0001249 0.00012785 0.0001568 0.0001899 0.0002022 9.725e-05 0.0002322 9.53e-05 0.0001254 9.365e-05 0.00014965 0.0001293 0.00012435 0.0001419 0.000185 0.00014945 0.0001597 0.00015955 0.00015005 0.0001604 0.0001489 0.0001313 0.00012665 0.0001502 9.72e-05 0.0001188 0.0001246 0.0001248 0.0001496 0.00012475 0.0001687 0.00019565 0.0001505 0.000148 0.0001261 0.0001843 0.00012545 0.00030475 0.0001235 0.0001239
5 0.00011375 6.82e-05 0.0001573 7.945e-05 0.0001226 2.21e-05 0.0001147 0.0001121 0.0001144 0.000179 0.0001809 0.000112 0.00014445 0.0002402 6.77e-05 0.0001749 3.845e-05 0.0001782 0.00019205 0.00015885 0.0001147 5.035e-05 0.00011305 0.0001166 5.015e-05 8.11e-05 4.01e-05 0.0001773 0.0001147 7.625e-05 0.0001637 0.0001778 0.00018925 0.00015955 0.00012565 0.0002058 0.0002289 0.00012725 0.0002443 0.0001893 0.0001369 8.03e-05 0.00012595 6.585e-05 8.04e-05 0.00018 0.0001893 6.65e-05 7.745e-05 0.0001252 0.0002499 3.885e-05 0.00019055 6.62e-05 0.00018915 0.0001179 6.765e-05 0.0001125 8.425e-05 0.00020075 6.81e-05 0.00011185 0.000122 0.0001075 0.0001939 0.0001235 0.0002407 7.84e-05 6.605e-05 0.0001119 0.0001166 0.00018935 6.775e-05 0.0001285 0.00022555 0.00011545 0.0001777 0.00017775 0.00011385 0.0001445 0.00011715 7.405e-05 8.415e-05 0.00011385 0.00012345 0.0001274 6.73e-05 6.625e-05 0.0001141 6.64e-05 0.0001252 0.0001538 0.00011445 8.695e-05 6.695e-05 0.00019145 6.535e-05 0.00029345 3.89e-05 6.725e-05
6 9.775e-05 9.995e-05 0.00014945 0.0001243 0.00015005 0.0001147 0.0001926 0.00012515 9.765e-05 0.00019225 0.00018815 0.0001261 0.0001893 0.0002231 9.825e-05 0.00016635 0.000106 0.0001914 0.0001993 0.0001239 9.69e-05 0.00013105 0.0001248 0.00010725 0.000131 0.00012645 0.00010725 0.00019115 9.69e-05 0.00010765 0.0001223 0.00019025 0.00021605 0.00012405 0.00012275 0.0002267 0.0001882 0.00012335 0.0002575 0.0002161 0.00015775 0.0001259 0.00012215 9.74e-05 0.000126 0.0001622 0.0002161 9.72e-05 0.0001227 0.0001328 0.00023315 0.0001057 0.0001987 9.69e-05 0.00021595 0.0001211 9.855e-05 0.00012465 0.00013185 0.00020225 9.86e-05 0.0001228 9.87e-05 0.00017385 0.0001671 0.0001488 0.0002316 0.0001237 9.755e-05 0.00012575 9.915e-05 0.00021615 9.89e-05 0.00016775 0.00019105 9.875e-05 0.00019075 0.0001908 9.775e-05 0.00018935 0.0001001 9.94e-05 0.0001324 9.785e-05 0.00014875 0.0001239 9.895e-05 9.665e-05 9.76e-05 9.71e-05 0.0001324 0.00019655 9.77e-05 0.0001054 9.825e-05 0.000188 9.8e-05 0.0002281 0.00010585 9.845e-05
7 0.0001252 6.325e-05 0.0001932 9.42e-05 9.285e-05 0.0001121 0.00012515 0.0001225 0.0001255 0.0001286 0.0001974 6.275e-05 0.00016025 0.00028705 6.24e-05 0.00020505 8.695e-05 0.0001283 0.00021845 0.00012375 0.0001247 0.00011895 0.00012745 0.0001557 0.0001189 9.33e-05 8.685e-05 0.00012905 0.0001247 7.28e-05 0.0001943 0.000129 0.0001605 0.00018885 0.00015675 0.00025225 0.00025975 0.00015715 0.00019475 0.00016055 0.0001841 9.75e-05 0.00015605 6.235e-05 9.76e-05 0.0001902 0.00016055 6.255e-05 9.43e-05 0.00015265 0.00030755 8.75e-05 0.00021845 6.245e-05 0.0001604 0.00012145 6.23e-05 0.00012905 0.00015245 0.00022725 6.28e-05 0.00012805 0.00013195 0.00015335 0.0002146 0.00015975 0.00027 9.53e-05 6.305e-05 6.23e-05 0.00012485 0.0001606 6.205e-05 0.0001423 0.0001915 0.0001244 0.0001287 0.00012855 0.00012515 0.0001603 0.000124 6.905e-05 0.0001528 0.0001253 0.0001597 0.0001561 6.23e-05 6.24e-05 0.00012455 6.215e-05 0.00015205 0.0002218 0.00012555 0.00014905 6.375e-05 0.0002217 6.315e-05 0.00031735 8.705e-05 6.16e-05
8 9.655e-05 0.00010025 0.0001398 0.0001245 0.00015045 0.0001144 9.765e-05 0.0001255 0.0001735 0.000202 0.0001901 0.00012595 0.0001799 0.000226 9.875e-05 0.00017495 9.595e-05 0.0002011 0.0001999 0.0001243 8.775e-05 0.0001314 0.0001249 0.0001074 0.00013135 0.0001363 0.0001173 0.0002002 8.735e-05 9.77e-05 0.00012315 0.00019065 0.0002161 0.0001235 0.0001218 0.0002271 0.0001804 0.0001138 0.0002577 0.00021615 0.0001582 0.0001165 0.000113 9.705e-05 0.0001166 0.00015545 0.00021615 8.745e-05 0.00011265 0.0001423 0.0002365 0.00010565 0.00019175 8.75e-05 0.000216 0.0001117 9.87e-05 0.0001152 0.00013225 0.00021165 9.915e-05 0.00011355 9.815e-05 0.00018295 0.00017685 0.0001392 0.00023405 0.0001143 9.7e-05 0.0001349 9.93e-05 0.0002162 9.93e-05 0.00017745 0.00019055 9.84e-05 0.00019095 0.0001911 9.675e-05 0.00017995 0.00010995 9.935e-05 0.00012205 9.66e-05 0.00013915 0.00012405 0.00010815 8.765e-05 8.755e-05 8.775e-05 0.000133 0.0001893 8.685e-05 0.00010615 8.885e-05 0.0001809 9.69e-05 0.00022345 0.00010645 9.88e-05
9 0.00019245 0.00012845 0.000269 0.00016015 0.0001595 0.000179 0.00019225 0.0001286 0.000202 0.0002337 0.00026235 0.0001295 0.0001699 0.00034575 0.0001283 0.0002621 0.00016355 0.00011785 0.00021265 0.00019075 0.0002015 0.0001859 0.00019295 0.000222 0.00018585 0.00014865 0.0001432 0.00011935 0.00020145 0.00014905 0.00026145 0.0001285 0.00016 0.0002551 0.0002241 0.00028655 0.00033385 0.00023335 0.0001274 0.00016005 0.00024515 0.00017375 0.00023275 0.0001298 0.00017385 0.00026435 0.00016005 0.0001393 0.0001709 0.0002045 0.0003601 0.0001545 0.0002864 0.0001391 0.0001599 0.00019785 0.0001283 0.0002046 0.0002189 0.00025235 0.00012875 0.0002042 0.00019895 0.0001435 0.00020335 0.0002359 0.00033385 0.0001712 0.00013045 0.0001199 0.00019045 0.0001601 0.00012815 0.0001979 0.00019045 0.0001908 0.0001283 0.00012825 0.00019225 0.00016995 0.0001796 0.00013485 0.0002289 0.00019255 0.00023585 0.0002224 0.000119 0.00013905 0.00020155 0.0001393 0.00021325 0.00029585 0.00020205 0.0002162 0.00013975 0.00029585 0.0001304 0.00038915 0.0001542 0.0001276
10 0.00018675 0.0001821 0.0001832 0.0001817 0.0001972 0.0001809 0.00018815 0.0001974 0.0001901 0.00026235 0.0003505 0.00019805 0.00024885 0.00020435 0.00018085 0.0002288 0.0001817 0.00026155 0.0002739 0.0002046 0.0001898 0.00018115 0.0001816 0.0001904 0.0001811 0.00018115 0.00017955 0.0002603 0.00018975 0.00019225 0.0001875 0.0002631 0.00026395 0.00018945 0.00018835 0.00027705 0.0001866 0.0001918 0.0003295 0.000264 0.00020825 0.0001844 0.00019035 0.0001782 0.0001845 0.0001871 0.000264 0.00018155 0.0001823 0.0002045 0.0002331 0.00018045 0.00020755 0.0001813 0.00026385 0.0001822 0.0001809 0.00018375 0.00018095 0.0002737 0.00018095 0.00018235 0.00018825 0.00024475 0.0002633 0.0001834 0.0002284 0.00018365 0.00017895 0.000195 0.0001898 0.00026405 0.0001808 0.00022225 0.0002713 0.00018895 0.0002629 0.00026295 0.00018665 0.0002489 0.00018835 0.0001807 0.00018305 0.00018685 0.00018335 0.00018995 0.0001778 0.00018125 0.00018965 0.0001815 0.00020705 0.0001788 0.00019015 0.00018825 0.0001829 0.00018795 0.00017845 0.00019255 0.0001802 0.0001803
11 0.00012535 6.39e-05 0.0001937 9.505e-05 9.41e-05 0.000112 0.0001261 6.275e-05 0.00012595 0.0001295 0.00019805 0.0001239 0.0001613 0.0002878 6.34e-05 0.0002054 8.75e-05 0.00012935 0.0002195 0.000125 0.0001259 0.0001194 0.00012825 0.0001564 0.00011935 9.42e-05 8.75e-05 0.00012945 0.00012585 7.37e-05 0.00019515 0.0001298 0.0001612 0.0001891 0.0001571 0.00025295 0.00026005 0.00015775 0.0001958 0.00016125 0.0001848 9.725e-05 0.000157 6.335e-05 9.735e-05 0.00019105 0.00016125 6.395e-05 9.5e-05 0.00015325 0.00030825 8.815e-05 0.00021765 6.37e-05 0.0001611 0.0001226 6.345e-05 0.0001294 0.0001528 0.0002278 6.375e-05 0.00012875 0.0001324 0.0001539 0.0002153 0.00016035 0.00027075 9.575e-05 6.37e-05 6.27e-05 0.00012565 0.0001613 6.345e-05 0.0001432 0.00019175 0.0001251 0.0001297 0.00012975 0.00012535 0.00016135 0.0001249 6.975e-05 0.0001528 0.00012545 0.0001603 0.0001568 6.31e-05 6.365e-05 0.0001256 6.39e-05 0.00015315 0.0002221 0.000126 0.00014975 6.445e-05 0.00022245 6.325e-05 0.00031815 8.8e-05 6.295e-05
12 0.00018925 0.00014455 0.0002022 0.0001432 0.00016035 0.00014445 0.0001893 0.00016025 0.0001799 0.0001699 0.00024885 0.0001613 0.0002633 0.0003093 0.000143 0.00024825 0.0001335 0.00016955 0.0002022 0.0002058 0.00017935 0.00014285 0.0001779 0.00019685 0.0001428 0.0001554 0.0001538 0.00016895 0.0001793 0.0001434 0.0002285 0.0001592 0.00015885 0.0002235 0.00018845 0.0002446 0.00028655 0.0001793 0.0001589 0.0001589 0.00020215 0.00013585 0.00017885 0.0001419 0.00013585 0.000247 0.0001589 0.0001325 0.00013235 0.00021215 0.0003309 0.0001432 0.0002618 0.00013215 0.00015885 0.00016735 0.000143 0.0001689 0.00017815 0.00026115 0.00014355 0.0001672 0.00019575 0.0001535 0.0002095 0.00016705 0.00030655 0.00013345 0.00014215 0.00017005 0.00019 0.00015895 0.00014325 0.00020265 0.00020655 0.00019025 0.00015915 0.00015935 0.00018935 0.0001317 0.00020065 0.00014995 0.0001687 0.00018935 0.000167 0.0001897 0.0001526 0.00013225 0.00017985 0.0001325 0.0002024 0.0002403 0.00017995 0.00018995 0.00013385 0.00024665 0.00014265 0.00036165 0.0001433 0.00014275
13 0.00022335 0.0002941 0.00013675 0.00024775 0.0002411 0.0002402 0.0002231 0.00028705 0.000226 0.00034575 0.00020435 0.0002878 0.0003093 0.0002378 0.00029305 0.0002119 0.00026815 0.00034495 0.0002672 0.00021785 0.0002254 0.00022035 0.00021425 0.00017235 0.0002203 0.0002466 0.0002646 0.00034455 0.0002254 0.0003046 0.000138 0.00034695 0.0003015 0.0001457 0.00017795 0.0002301 0.0001382 0.00018115 0.00040745 0.00030155 0.0001611 0.00025075 0.00017975 0.0002915 0.00025085 0.0002228 0.00030155 0.00029415 0.00024875 0.00020435 0.00011905 0.0002659 0.00020705 0.00029385 0.0003014 0.0002214 0.000293 0.00021665 0.0001869 0.0002673 0.00029335 0.00021545 0.00021815 0.000325 0.0002537 0.0001702 0.0002113 0.0002498 0.0002919 0.00028505 0.000225 0.0003016 0.000293 0.00028165 0.00027845 0.0002243 0.00034675 0.0003468 0.00022325 0.00030935 0.00022315 0.00028715 0.00018995 0.00022345 0.00017015 0.0001789 0.00029065 0.0002939 0.0002256 0.00029405 0.00020625 0.00018065 0.00022605 0.0001968 0.00029525 0.00017735 0.00029195 0.0001513 0.0002657 0.0002925
14 9.89e-05 1.415e-05 0.00020785 7.68e-05 0.0001247 6.77e-05 9.825e-05 6.24e-05 9.875e-05 0.0001283 0.00018085 6.34e-05 0.000143 0.00029305 2.5e-05 0.000211 4.05e-05 0.0001283 0.0001923 0.0001456 9.835e-05 0.0001038 0.00011025 0.00015155 0.00010375 7.7e-05 4.005e-05 0.0001292 9.83e-05 2.365e-05 0.00020055 0.0001281 0.0001919 0.0001949 0.0001619 0.0002575 0.00026575 0.00016185 0.00019485 0.00019195 0.00018925 8.03e-05 0.00016155 1.37e-05 8.04e-05 0.0001632 0.00019195 1.35e-05 7.69e-05 0.00012635 0.0003038 4.045e-05 0.00019225 1.32e-05 0.0001918 0.00010465 1.285e-05 0.0001118 0.00013765 0.0002014 1.31e-05 0.0001101 0.00010555 0.00010775 0.000212 0.0001741 0.0002761 7.775e-05 1.4e-05 6.305e-05 9.8e-05 0.000192 1.325e-05 0.0001255 0.00021385 9.83e-05 0.00012865 0.00012875 9.885e-05 0.00014305 9.78e-05 2.025e-05 0.00013795 9.9e-05 0.00017405 0.00016145 1.325e-05 1.29e-05 9.885e-05 1.35e-05 0.00012595 0.00020745 9.88e-05 0.00012535 1.435e-05 0.000227 1.445e-05 0.0003139 4.07e-05 1.285e-05
15 0.0001653 0.00021165 0.0001326 0.000174 0.00016725 0.0001749 0.00016635 0.00020505 0.00017495 0.0002621 0.0002288 0.0002054 0.00024825 0.0002119 0.000211 0.0002227 0.0002011 0.0002616 0.0002593 0.0001602 0.0001751 0.00015565 0.0001675 0.00012315 0.0001556 0.0001654 0.00018435 0.0002612 0.00017505 0.0002199 0.0001219 0.0002706 0.0002334 0.0001276 0.00012835 0.00018255 0.00019335 0.00013875 0.00033655 0.00023345 0.00015605 0.00018485 0.00013765 0.0002098 0.00018495 0.00023815 0.00023345 0.00021945 0.0001819 0.000184 0.0002392 0.00019295 0.00026545 0.0002192 0.0002333 0.00017975 0.000211 0.0001768 0.0001492 0.0002045 0.0002113 0.000176 0.0001605 0.0002499 0.0001868 0.000139 0.000184 0.0001829 0.0002102 0.000196 0.0001671 0.0002335 0.000211 0.00015695 0.0002259 0.00016625 0.00027045 0.0002705 0.00016515 0.0002483 0.00015815 0.0002048 0.00015815 0.0001654 0.00013895 0.00012945 0.0002016 0.0002192 0.0001746 0.0002194 0.00019295 0.00022015 0.000175 0.00014825 0.00022015 0.00020095 0.00020965 0.00025675 0.0001928 0.0002105
16 0.0001046 4.155e-05 0.0001727 7.83e-05 0.0001234 3.845e-05 0.000106 8.695e-05 9.595e-05 0.00016355 0.0001817 8.75e-05 0.0001335 0.00026815 4.05e-05 0.0002011 5.63e-05 0.0001627 0.00019155 0.00015185 9.605e-05 7.665e-05 0.00011195 0.0001341 7.655e-05 8.955e-05 5e-05 0.00016175 9.6e-05 3.995e-05 0.0001813 0.00015275 0.0001902 0.00017675 0.00014235 0.00023135 0.00023875 0.00013475 0.0002191 0.00019025 0.00016255 7.015e-05 0.00013325 3.795e-05 7.025e-05 0.0001637 0.00019025 2.95e-05 6.66e-05 0.00013415 0.0002789 3.925e-05 0.00018355 2.93e-05 0.0001901 0.0001009 4.05e-05 0.00010235 0.00011075 0.00020965 4.095e-05 0.00010115 0.00011285 0.00011615 0.0002127 0.0001388 0.0002599 6.815e-05 3.88e-05 9.645e-05 0.0001077 0.0001903 4.035e-05 0.0001368 0.00021885 0.00010645 0.0001525 0.0001525 0.0001048 0.00013355 0.0001178 4.705e-05 0.00010045 0.0001047 0.00013875 0.00014445 4.94e-05 2.925e-05 9.545e-05 2.945e-05 0.00012445 0.00017245 9.6e-05 0.00010535 3.075e-05 0.00020115 3.82e-05 0.00029765 3.9e-05 3.985e-05
17 0.00019165 0.0001286 0.0002682 0.0001601 0.00015925 0.0001782 0.0001914 0.0001283 0.0002011 0.00011785 0.00026155 0.00012935 0.00016955 0.00034495 0.0001283 0.0002616 0.0001627 0.0002337 0.00021235 0.00019035 0.00020055 0.00018505 0.00019305 0.0002218 0.000185 0.0001495 0.00014325 0.0001187 0.00020055 0.000148 0.00026065 0.0001278 0.0001593 0.00025495 0.00022325 0.000286 0.00033305 0.0002331 0.00012725 0.00015935 0.0002443 0.0001729 0.0002319 0.00012895 0.000173 0.0002635 0.00015935 0.0001384 0.0001699 0.0002037 0.0003593 0.0001536 0.0002856 0.00013805 0.00015915 0.000197 0.0001282 0.0002038 0.0002181 0.00025185 0.0001287 0.00020335 0.00019875 0.000143 0.000204 0.00023505 0.00033335 0.00017035 0.0001295 0.00011975 0.00019095 0.0001594 0.0001282 0.00019825 0.00019045 0.0001905 0.0001276 0.0001276 0.0001914 0.0001696 0.0001804 0.00013505 0.0002281 0.00019175 0.000235 0.0002222 0.00011905 0.0001382 0.0002006 0.0001381 0.0002124 0.00029505 0.00020115 0.0002154 0.00013875 0.000295 0.0001296 0.00038835 0.0001534 0.0001277
18 0.0001996 0.00019355 0.0002276 0.0002098 0.0002351 0.00019205 0.0001993 0.00021845 0.0001999 0.00021265 0.0002739 0.0002195 0.0002022 0.0002672 0.0001923 0.0002593 0.00019155 0.00021235 0.0003565 0.00022525 0.0001992 0.0002088 0.0002102 0.00020055 0.00020875 0.0002109 0.0001922 0.00021215 0.0001992 0.00020205 0.0002161 0.00021205 0.00022925 0.00021745 0.00021675 0.0002447 0.00028185 0.00021745 0.00020535 0.0002293 0.0002022 0.00021195 0.0002162 0.0001912 0.00021205 0.0002646 0.0002293 0.00019145 0.00020885 0.0001851 0.0002438 0.0001917 0.00025105 0.0001913 0.00022915 0.0002093 0.00019225 0.000211 0.0002095 0.00022805 0.00019275 0.0002096 0.0002006 0.00018665 0.0002032 0.000227 0.00032435 0.0002101 0.00019185 0.00021905 0.0002005 0.00022935 0.0001921 0.00025215 0.00022 0.0002002 0.0002118 0.00021175 0.0001996 0.00020225 0.00020085 0.00019285 0.00021015 0.0001997 0.00022695 0.00021745 0.00019225 0.0001912 0.0001994 0.0001914 0.00018455 0.00027405 0.00019995 0.00019895 0.0001929 0.0002818 0.00019195 0.00033745 0.00019135 0.0001916
19 0.00012395 0.00014635 0.00013475 0.00013975 0.00011715 0.00015885 0.0001239 0.00012375 0.0001243 0.00019075 0.0002046 0.000125 0.0002058 0.00021785 0.0001456 0.0001602 0.00015185 0.00019035 0.00022525 0.0002006 0.0001235 0.0001462 0.0001399 0.00010995 0.00014615 0.00013975 0.0001519 0.00019095 0.0001235 0.000156 0.0001172 0.000191 0.00018485 0.0001169 0.00011785 0.00022125 0.00018265 0.00011815 0.0002569 0.0001849 0.0001531 0.0001428 0.00011715 0.0001454 0.0001429 0.00018905 0.0001849 0.00014565 0.00013975 0.0001593 0.0002378 0.00015245 0.000225 0.00014555 0.00018475 0.00013765 0.00014555 0.00014125 0.0001466 0.00022785 0.000146 0.00014035 0.00012455 0.000219 0.00016845 0.0001344 0.00022525 0.0001406 0.00014605 0.00012455 0.00012365 0.00018495 0.00014525 0.0001819 0.0001692 0.0001231 0.0001907 0.00019055 0.0001239 0.00020585 0.0001227 0.0001462 0.00014695 0.00012405 0.00013435 0.0001171 0.0001455 0.00014545 0.00012345 0.0001454 0.0001587 0.00021085 0.00012435 0.00012965 0.00014675 0.0001829 0.0001461 0.000232 0.00015195 0.0001448
20 9.71e-05 9.985e-05 0.0001396 0.0001241 0.00014965 0.0001147 9.69e-05 0.0001247 8.775e-05 0.0002015 0.0001898 0.0001259 0.00017935 0.0002254 9.835e-05 0.0001751 9.605e-05 0.00020055 0.0001992 0.0001235 0.0001729 0.00013105 0.00012455 0.000107 0.000131 0.0001358 0.00011685 0.00019995 8.685e-05 9.805e-05 0.00012225 0.00019025 0.0002157 0.0001238 0.00012205 0.0002267 0.00018065 0.0001135 0.00025705 0.00021575 0.00015775 0.0001163 0.00011215 9.665e-05 0.0001164 0.000155 0.00021575 8.72e-05 0.00011275 0.000142 0.0002359 0.00010565 0.00019165 8.695e-05 0.0002156 0.0001111 9.8e-05 0.00011495 0.00013195 0.0002114 9.875e-05 0.0001133 9.8e-05 0.0001827 0.00017635 0.00013895 0.0002335 0.000114 9.65e-05 0.00013465 9.89e-05 0.0002158 9.855e-05 0.00017695 0.0001907 9.84e-05 0.0001904 0.00019035 9.72e-05 0.0001794 0.00010945 9.915e-05 0.00012255 9.72e-05 0.0001389 0.00012365 0.0001079 8.705e-05 8.755e-05 8.695e-05 0.0001323 0.00018905 8.78e-05 0.00010525 8.845e-05 0.00018045 9.735e-05 0.00022285 0.00010575 9.81e-05
21 0.0001315 0.00010485 0.0001199 7.79e-05 9.31e-05 5.035e-05 0.00013105 0.00011895 0.0001314 0.0001859 0.00018115 0.0001194 0.00014285 0.00022035 0.0001038 0.00015565 7.665e-05 0.00018505 0.0002088 0.0001462 0.00013105 9.89e-05 0.00011265 0.00011275 4.955e-05 8.11e-05 7.755e-05 0.0001845 0.00013105 0.0001127 0.000144 0.0001842 0.00015795 0.0001398 0.0001048 0.00018445 0.0002098 0.0001052 0.0002512 0.000158 0.00011545 7.905e-05 0.0001046 0.00010265 7.915e-05 0.00019635 0.000158 0.00010255 7.615e-05 0.0001422 0.0002468 7.595e-05 0.0002078 0.000102 0.00015785 0.00011745 0.00010375 0.00011215 8.465e-05 0.0002177 0.00010425 0.00011095 0.00013825 0.00014485 0.00019105 8.49e-05 0.00022095 7.685e-05 0.00010245 0.0001191 0.0001327 0.00015805 0.0001043 0.0001285 0.00021325 0.00013265 0.0001843 0.0001846 0.0001315 0.0001429 0.000134 0.0001106 8.56e-05 0.0001316 8.485e-05 0.000106 0.00010415 0.0001023 0.00013155 0.00010245 0.0001419 0.00015475 0.00013145 0.00010465 0.0001031 0.0001701 0.0001029 0.00029055 7.63e-05 0.0001038
22 0.000125 0.0001104 0.0001096 0.0001114 0.00012715 0.00011305 0.0001248 0.00012745 0.0001249 0.00019295 0.0001816 0.00012825 0.0001779 0.00021425 0.00011025 0.0001675 0.00011195 0.00019305 0.0002102 0.0001399 0.00012455 0.00011265 0.0002189 0.0001252 0.0001126 0.00011085 0.0001113 0.00019395 0.00012445 0.00012095 0.00012995 0.0001935 0.0001943 0.00013 0.00012545 0.0002126 0.00019515 0.00012545 0.0002598 0.00019435 0.0001446 0.00011505 0.0001251 0.0001112 0.00011515 0.00018975 0.00019435 0.00011105 0.0001119 0.00014425 0.00024215 0.0001119 0.00021 0.0001108 0.0001942 0.0001104 0.00011025 0.0001105 0.0001112 0.00021255 0.0001107 0.00011015 0.0001252 0.0001785 0.0001994 0.00011115 0.0002326 0.00011175 0.00011135 0.00012785 0.00012375 0.0001944 0.0001106 0.0001532 0.00020745 0.00012425 0.00019365 0.00019375 0.00012495 0.00017795 0.00012335 0.0001109 0.0001115 0.0001251 0.0001111 0.00012475 0.00011055 0.00011085 0.000125 0.0001111 0.0001439 0.00018215 0.00012495 0.0001254 0.000111 0.00019055 0.0001117 0.00026865 0.00011215 0.00011005
23 0.00010755 0.00015245 9.885e-05 0.0001306 0.00013495 0.0001166 0.00010725 0.0001557 0.0001074 0.000222 0.0001904 0.0001564 0.00019685 0.00017235 0.00015155 0.00012315 0.0001341 0.0002218 0.00020055 0.00010995 0.000107 0.00011275 0.0001252 0.0001226 0.0001127 0.00013165 0.00013405 0.00022225 0.00010695 0.00016195 8.045e-05 0.00022185 0.00020065 8.51e-05 8.59e-05 0.0001809 0.00014565 8.55e-05 0.00028845 0.0002007 0.00011265 0.00013365 8.555e-05 0.000152 0.00013375 0.0001723 0.0002007 0.00015185 0.00013055 0.0001344 0.0001816 0.00013405 0.0002 0.00015135 0.00020055 0.0001293 0.00015155 0.00012615 0.0001076 0.0001968 0.00015195 0.0001251 0.0001012 0.0002009 0.0001358 0.0001041 0.00018835 0.0001311 0.00015195 0.000156 0.0001066 0.00020075 0.000152 0.0001677 0.0001776 0.00010675 0.0002219 0.0002222 0.0001075 0.0001969 0.00010645 0.0001462 0.0001079 0.00010765 0.00010405 8.525e-05 0.00015195 0.0001516 0.0001075 0.0001518 0.000134 0.0001723 0.00010745 8.93e-05 0.00015235 0.0001511 0.0001524 0.0001931 0.00013435 0.0001515
24 0.00013145 0.0001048 0.00011985 7.785e-05 9.305e-05 5.015e-05 0.000131 0.0001189 0.00013135 0.00018585 0.0001811 0.00011935 0.0001428 0.0002203 0.00010375 0.0001556 7.655e-05 0.000185 0.00020875 0.00014615 0.000131 4.955e-05 0.0001126 0.0001127 9.88e-05 8.105e-05 7.75e-05 0.00018445 0.000131 0.00011265 0.00014395 0.00018415 0.0001579 0.00013975 0.00010475 0.0001844 0.00020975 0.00010515 0.00025115 0.00015795 0.0001154 7.9e-05 0.00010455 0.0001026 7.91e-05 0.0001963 0.00015795 0.0001025 7.615e-05 0.00014215 0.00024675 7.58e-05 0.00020775 0.00010195 0.0001578 0.0001174 0.0001037 0.0001121 8.47e-05 0.00021765 0.0001042 0.0001109 0.0001382 0.0001448 0.000191 8.485e-05 0.0002209 7.68e-05 0.0001024 0.00011905 0.0001327 0.000158 0.00010425 0.00012845 0.0002132 0.0001326 0.00018425 0.00018455 0.00013145 0.00014285 0.00013395 0.00011055 8.55e-05 0.00013155 8.48e-05 0.000106 0.0001041 0.00010225 0.0001315 0.0001024 0.00014185 0.0001547 0.0001314 0.0001046 0.00010305 0.00017005 0.00010285 0.0002905 7.625e-05 0.00010375
25 0.00012675 7.745e-05 0.0001569 7.805e-05 9.24e-05 8.11e-05 0.00012645 9.33e-05 0.0001363 0.00014865 0.00018115 9.42e-05 0.0001554 0.0002466 7.7e-05 0.0001654 8.955e-05 0.0001495 0.0002109 0.00013975 0.0001358 8.11e-05 0.00011085 0.00013165 8.105e-05 0.0001293 6.8e-05 0.0001516 0.00013575 9.875e-05 0.00016465 0.00016075 0.00016155 0.0001578 0.0001277 0.0002138 0.00023715 0.0001366 0.00022605 0.0001616 0.0001463 9.285e-05 0.00013635 7.96e-05 9.295e-05 0.00019865 0.0001616 8.91e-05 9e-05 0.00013635 0.000274 8.04e-05 0.00021825 8.89e-05 0.00016145 0.0001228 7.7e-05 0.00012355 0.00011385 0.0002103 7.735e-05 0.00012305 0.0001329 0.00013625 0.00018855 0.00012405 0.00023715 9.04e-05 8.025e-05 8.46e-05 0.0001236 0.00016165 7.685e-05 0.00011555 0.0002076 0.0001242 0.0001605 0.0001605 0.00012655 0.00015545 0.0001121 8.385e-05 0.00012395 0.00012685 0.000124 0.0001251 6.77e-05 8.885e-05 0.00013585 8.91e-05 0.0001451 0.00019085 0.00013635 0.0001266 8.965e-05 0.00019945 8.02e-05 0.00030795 8.01e-05 7.645e-05
26 0.0001077 4.065e-05 0.0001929 7.8e-05 0.0001232 4.01e-05 0.00010725 8.685e-05 0.0001173 0.0001432 0.00017955 8.75e-05 0.0001538 0.0002646 4.005e-05 0.00018435 5e-05 0.00014325 0.0001922 0.0001519 0.00011685 7.755e-05 0.0001113 0.00013405 7.75e-05 6.8e-05 5.91e-05 0.00014425 0.00011685 6.005e-05 0.0001823 0.0001535 0.00019095 0.00017725 0.0001453 0.00023195 0.0002554 0.0001549 0.00021935 0.000191 0.0001637 9.05e-05 0.0001541 4.08e-05 9.06e-05 0.0001798 0.000191 5.035e-05 8.79e-05 0.00011705 0.00027445 4.02e-05 0.00019895 5.01e-05 0.00019085 0.00012145 4e-05 0.0001223 0.0001111 0.000192 4.065e-05 0.00012165 0.00011475 9.865e-05 0.00019265 0.0001593 0.0002563 8.84e-05 4.13e-05 7.8e-05 0.0001069 0.00019105 3.985e-05 0.00011665 0.0002201 0.0001069 0.0001533 0.0001533 0.00010755 0.00015385 9.66e-05 4.695e-05 0.00012175 0.0001078 0.00015925 0.0001444 3.07e-05 5.01e-05 0.0001169 5.03e-05 0.0001259 0.0001883 0.00011735 0.0001063 5.095e-05 0.00021725 4.125e-05 0.00030905 3.995e-05 3.955e-05
27 0.0001901 0.00012965 0.0002677 0.0001607 0.00015995 0.0001773 0.00019115 0.00012905 0.0002002 0.00011935 0.0002603 0.00012945 0.00016895 0.00034455 0.0001292 0.0002612 0.00016175 0.0001187 0.00021215 0.00019095 0.00019995 0.0001845 0.00019395 0.00022225 0.00018445 0.0001516 0.00014425 0.0002353 0.0001999 0.00014815 0.0002601 0.0001279 0.0001593 0.0002551 0.00022215 0.00028595 0.00033195 0.0002322 0.0001274 0.0001593 0.0002439 0.00017185 0.00023105 0.0001279 0.00017195 0.00026285 0.0001593 0.000138 0.00016925 0.00020285 0.0003592 0.00015325 0.00028475 0.00013775 0.0001592 0.0001966 0.0001292 0.00020345 0.00021775 0.00025115 0.00012945 0.00020285 0.0001972 0.00014255 0.0002052 0.0002344 0.00033325 0.00016985 0.00012795 0.0001192 0.0001916 0.00015935 0.00012915 0.0001997 0.0001901 0.0001911 0.0001278 0.00012775 0.0001899 0.000169 0.0001824 0.000135 0.0002271 0.0001902 0.00023435 0.00022265 0.00011935 0.00013775 0.0001998 0.00013795 0.0002122 0.0002939 0.00020025 0.0002148 0.00013855 0.0002942 0.00012755 0.00038755 0.00015305 0.00012865
28 9.705e-05 9.98e-05 0.00013945 0.00012405 0.00014965 0.0001147 9.69e-05 0.0001247 8.735e-05 0.00020145 0.00018975 0.00012585 0.0001793 0.0002254 9.83e-05 0.00017505 9.6e-05 0.00020055 0.0001992 0.0001235 8.685e-05 0.00013105 0.00012445 0.00010695 0.000131 0.00013575 0.00011685 0.0001999 0.0001728 9.77e-05 0.00012225 0.0001902 0.00021565 0.00012375 0.000122 0.00022665 0.0001806 0.00011345 0.000257 0.0002157 0.00015775 0.00011625 0.0001121 9.66e-05 0.00011635 0.00015495 0.0002157 8.68e-05 0.00011275 0.000142 0.00023595 0.0001053 0.00019165 8.7e-05 0.00021555 0.000111 9.825e-05 0.00011485 0.0001319 0.00021135 9.87e-05 0.0001132 9.795e-05 0.00018265 0.0001763 0.00013885 0.00023345 0.00011395 9.68e-05 0.0001346 9.885e-05 0.00021575 9.85e-05 0.0001769 0.00019065 9.84e-05 0.00019035 0.0001903 9.715e-05 0.00017935 0.0001094 9.91e-05 0.00012245 9.715e-05 0.0001388 0.0001236 0.00010785 8.7e-05 8.755e-05 8.705e-05 0.0001323 0.000189 8.74e-05 0.00010525 8.85e-05 0.0001804 9.73e-05 0.0002228 0.00010575 9.805e-05
29 0.0001075 2.49e-05 0.00020755 8.75e-05 0.00013535 7.625e-05 0.00010765 7.28e-05 9.77e-05 0.00014905 0.00019225 7.37e-05 0.0001434 0.0003046 2.365e-05 0.0002199 3.995e-05 0.000148 0.00020205 0.000156 9.805e-05 0.0001127 0.00012095 0.00016195 0.00011265 9.875e-05 6.005e-05 0.00014815 9.77e-05 2.42e-05 0.00020965 0.00013825 0.0002017 0.000205 0.0001705 0.00025725 0.00026765 0.0001622 0.00020535 0.00020175 0.0001983 8.03e-05 0.0001614 2.27e-05 8.04e-05 0.00016575 0.00020175 1.29e-05 7.63e-05 0.0001446 0.00031525 4.89e-05 0.0001941 1.285e-05 0.0002016 0.0001044 2.35e-05 0.00011155 0.0001467 0.0002103 2.415e-05 0.00011015 0.00011505 0.00012675 0.00023245 0.0001738 0.0002786 7.75e-05 2.27e-05 8.275e-05 0.00010915 0.0002018 2.42e-05 0.0001366 0.0002233 0.0001084 0.00013855 0.0001387 0.00010765 0.00014345 0.0001192 3.075e-05 0.00013725 0.0001076 0.00017375 0.00017185 3.325e-05 1.31e-05 9.81e-05 1.29e-05 0.0001351 0.0002096 9.775e-05 0.0001344 1.395e-05 0.0002292 2.31e-05 0.0003186 4.975e-05 2.37e-05
30 0.00012265 0.00020155 5.835e-05 0.00016355 0.0001566 0.0001637 0.0001223 0.0001943 0.00012315 0.00026145 0.0001875 0.00019515 0.0002285 0.000138 0.00020055 0.0001219 0.0001813 0.00026065 0.0002161 0.0001172 0.00012225 0.000144 0.00012995 8.045e-05 0.00014395 0.00016465 0.0001823 0.0002601 0.00012225 0.00020965 8.96e-05 0.00026035 0.00022315 5.315e-05 8.56e-05 0.00018145 0.00011115 8.67e-05 0.0003266 0.0002232 0.00011255 0.00016495 8.485e-05 0.0001987 0.00016505 0.00018785 0.0002232 0.0001991 0.0001622 0.00014965 0.00016555 0.0001813 0.00021545 0.000199 0.00022305 0.0001323 0.0002005 0.00013 0.0001106 0.00021255 0.00020085 0.00012885 0.0001176 0.0002488 0.0001539 9.185e-05 0.00018695 0.0001632 0.00019925 0.0001947 0.0001246 0.00022325 0.00020025 0.00019975 0.0001838 0.0001239 0.0002601 0.00025995 0.00012265 0.00022855 0.00012505 0.00019445 0.00011145 0.00012275 9.18e-05 8.675e-05 0.0002003 0.0001989 0.0001225 0.000199 0.00014925 0.0001697 0.0001232 0.00010385 0.0002004 0.00015065 0.00019915 0.0001762 0.00018085 0.0001998
31 0.00019075 0.00012935 0.00025785 0.0001602 0.00016 0.0001778 0.00019025 0.000129 0.00019065 0.0001285 0.0002631 0.0001298 0.0001592 0.00034695 0.0001281 0.0002706 0.00015275 0.0001278 0.00021205 0.000191 0.00019025 0.0001842 0.0001935 0.00022185 0.00018415 0.00016075 0.0001535 0.0001279 0.0001902 0.00013825 0.00026035 0.000254 0.0001589 0.00025545 0.00022185 0.00028555 0.00032545 0.00022215 0.0001274 0.0001589 0.0002434 0.00016265 0.0002215 0.00012815 0.00016275 0.0002551 0.0001589 0.00012805 0.00015945 0.0002124 0.0003615 0.0001528 0.00027815 0.0001277 0.0001588 0.00018695 0.00012845 0.00019375 0.00021775 0.00026105 0.00012845 0.00019235 0.00019745 0.00015225 0.00021455 0.0002244 0.0003357 0.00016 0.0001283 0.00012945 0.0001911 0.00015895 0.0001289 0.0002088 0.00019045 0.00019105 0.00012765 0.0001277 0.00019065 0.00015925 0.00019155 0.00013535 0.00021795 0.00019085 0.00022435 0.00022225 0.0001288 0.00012745 0.00019075 0.000128 0.00021205 0.0002875 0.0001907 0.0002151 0.00012855 0.00028695 0.0001287 0.0003832 0.0001531 0.0001284
32 0.00021625 0.0001927 0.000196 0.00016 0.0001292 0.00018925 0.00021605 0.0001605 0.0002161 0.00016 0.00026395 0.0001612 0.00015885 0.0003015 0.0001919 0.0002334 0.0001902 0.0001593 0.00022925 0.00018485 0.0002157 0.00015795 0.0001943 0.00020065 0.0001579 0.00016155 0.00019095 0.0001593 0.00021565 0.0002017 0.00022315 0.0001589 0.0002531 0.00021755 0.0001836 0.00023905 0.00028825 0.00018355 0.00015895 0.00012665 0.0001969 0.0001623 0.00018325 0.00019165 0.0001623 0.0002809 0.00012665 0.0001915 0.0001592 0.00022965 0.00033245 0.00019025 0.00029525 0.000191 0.0001266 0.00019385 0.0001919 0.00019445 0.00019255 0.00027805 0.0001923 0.0001935 0.00022245 0.0001896 0.00020205 0.0001614 0.0002985 0.00015955 0.0001916 0.0001608 0.0002163 0.0001267 0.00019235 0.0002096 0.00018395 0.0002165 0.000159 0.00015925 0.00021615 0.0001589 0.000217 0.0001986 0.00019275 0.00021635 0.00016135 0.000184 0.0001923 0.00019125 0.0002162 0.00019145 0.00022925 0.0002623 0.00021615 0.00021455 0.0001919 0.0002486 0.00019205 0.00037065 0.00019055 0.00019185
33 0.00012285 0.0001955 6.56e-05 0.00015725 0.00015155 0.00015955 0.00012405 0.00018885 0.0001235 0.0002551 0.00018945 0.0001891 0.0002235 0.0001457 0.0001949 0.0001276 0.00017675 0.00025495 0.00021745 0.0001169 0.0001238 0.0001398 0.00013 8.51e-05 0.00013975 0.0001578 0.00017725 0.0002551 0.00012375 0.000205 5.315e-05 0.00025545 0.00021755 0.0001021 8.55e-05 0.00018155 0.00011765 8.64e-05 0.00032155 0.0002176 0.0001134 0.0001601 8.57e-05 0.00019465 0.00016015 0.0001892 0.0002176 0.00019525 0.0001569 0.00015105 0.00017255 0.00017775 0.0002165 0.000195 0.0002175 0.00013415 0.0001949 0.00013115 0.0001127 0.00021875 0.0001952 0.0001304 0.00012345 0.0002438 0.0001526 9.27e-05 0.00019345 0.00015795 0.00019505 0.00018885 0.0001237 0.00021765 0.0001949 0.00019925 0.0001836 0.0001228 0.0002553 0.00025535 0.00012295 0.00022355 0.00012295 0.00019435 0.0001123 0.000123 9.265e-05 8.55e-05 0.00019455 0.000195 0.0001231 0.0001952 0.00015095 0.0001718 0.00012355 0.00010595 0.0001959 0.0001513 0.0001943 0.00018305 0.0001776 0.0001944
34 0.00012185 0.00016325 8.685e-05 0.00012395 0.00011935 0.00012565 0.00012275 0.00015675 0.0001218 0.0002241 0.00018835 0.0001571 0.00018845 0.00017795 0.0001619 0.00012835 0.00014235 0.00022325 0.00021675 0.00011785 0.00012205 0.0001048 0.00012545 8.59e-05 0.00010475 0.0001277 0.0001453 0.00022215 0.000122 0.0001705 8.56e-05 0.00022185 0.0001836 8.55e-05 0.000166 0.00018025 0.0001499 8.41e-05 0.0002889 0.00018365 0.00011135 0.0001248 8.355e-05 0.0001602 0.0001249 0.00018745 0.00018365 0.00016015 0.0001214 0.00015005 0.00020485 0.00014315 0.00021545 0.00015965 0.0001835 0.0001275 0.0001619 0.0001247 0.00010665 0.0002192 0.0001623 0.0001232 0.00012285 0.00021085 0.00015495 8.515e-05 0.00019435 0.0001227 0.00016005 0.00015685 0.0001242 0.0001837 0.00016245 0.0001689 0.00018385 0.00012375 0.000222 0.0002223 0.00012185 0.0001885 0.000126 0.0001623 0.00010595 0.00012195 8.51e-05 8.55e-05 0.0001622 0.0001599 0.000122 0.0001601 0.00014985 0.0001706 0.00012185 0.00010525 0.000161 0.0001492 0.00016005 0.0002152 0.00014355 0.00016195
35 0.00022725 0.00025845 0.0001668 0.00021125 0.0002066 0.0002058 0.0002267 0.00025225 0.0002271 0.00028655 0.00027705 0.00025295 0.0002446 0.0002301 0.0002575 0.00018255 0.00023135 0.000286 0.0002447 0.00022125 0.0002267 0.00018445 0.0002126 0.0001809 0.0001844 0.0002138 0.00023195 0.00028595 0.00022665 0.00025725 0.00018145 0.00028555 0.00023905 0.00018155 0.00018025 0.0003267 0.00024695 0.00018035 0.00032015 0.0002391 0.0001635 0.0002134 0.00017995 0.00025705 0.0002135 0.00029195 0.0002391 0.0002569 0.0002103 0.00021055 0.000229 0.00023105 0.0002763 0.0002564 0.00023895 0.00021805 0.0002575 0.0002127 0.0001861 0.0002107 0.0002579 0.0002116 0.00022745 0.0002664 0.0002329 0.0001653 0.00024775 0.0002109 0.000257 0.00025255 0.0002275 0.00023915 0.00025795 0.0002134 0.0002559 0.00022755 0.0002856 0.0002859 0.00022725 0.00024465 0.00022825 0.0002581 0.0001866 0.00022735 0.00016525 0.00018075 0.0002579 0.00025665 0.0002272 0.00025685 0.00021015 0.00025115 0.00022715 0.00020095 0.00025745 0.00024545 0.00025745 0.00032735 0.00023135 0.00025745
36 0.0001866 0.0002668 0.00011625 0.00022875 0.00022205 0.0002289 0.0001882 0.00025975 0.0001804 0.00033385 0.0001866 0.00026005 0.00028655 0.0001382 0.00026575 0.00019335 0.00023875 0.00033305 0.00028185 0.00018265 0.00018065 0.0002098 0.00019515 0.00014565 0.00020975 0.00023715 0.0002554 0.00033195 0.0001806 0.00026765 0.00011115 0.00032545 0.00028825 0.00011765 0.0001499 0.00024695 0.0002056 0.0001446 0.00039185 0.0002883 0.00017815 0.0002221 0.0001432 0.0002635 0.0002222 0.0001804 0.0002883 0.00025725 0.0002196 0.000222 0.0001664 0.0002471 0.0002083 0.000257 0.00028815 0.00019045 0.00026575 0.00018795 0.0001764 0.0002848 0.00026605 0.00018675 0.00018225 0.00032065 0.0002263 0.00014975 0.00018665 0.00022115 0.00026395 0.00026665 0.0001898 0.00028835 0.0002657 0.0002721 0.0002484 0.0001886 0.00032525 0.0003253 0.00018675 0.0002866 0.00019755 0.00025955 0.00016865 0.00018675 0.0001497 0.00015195 0.00027225 0.000257 0.00017995 0.0002572 0.000215 0.00016225 0.00018045 0.0001701 0.0002584 0.0001432 0.0002632 0.0001034 0.0002469 0.0002652
