 slim_337477626 slim_337477551 slim_337477599 slim_337477665 slim_337477343 slim_337477634 slim_337477491 slim_337477625 slim_337477518 slim_337477425 slim_337477373 slim_337477390 slim_337477536 slim_337477633 slim_337477618 slim_337477479 slim_337477620 slim_337477582 slim_337477673 slim_337477664 slim_337477623 slim_337477672 slim_337477660 slim_337477614 slim_337477562 slim_337477598 slim_337477638 slim_337477441 slim_337477677 slim_337477667 slim_337477688 slim_337477601 slim_337477573 slim_337477669 slim_337477381 slim_337477656 slim_337477467 slim_337477681 slim_337477657 slim_337477513 slim_337477533 slim_337477646 slim_337477378 slim_337477575 slim_337477689 slim_337477502 slim_337477685 slim_337477632 slim_337477468 slim_337477572 slim_337477671 slim_337477653 slim_337477617 slim_337477687 slim_337477686 slim_337477567 slim_337477459 slim_337477309 slim_337477642 slim_337477613 slim_337477606 slim_337477682 slim_337477627 slim_337477392 slim_337477650 slim_337477624 slim_337477631 slim_337477366 slim_337477666 slim_337477595 slim_337477652 slim_337477600 slim_337477683 slim_337477630 slim_337477654 slim_337477684 slim_337477503 slim_337477609 slim_337477644 slim_337477659 slim_337477658 slim_337477645 slim_337477426 slim_337477532 slim_337477555 slim_337477680 slim_337477676 slim_337477566 slim_337477537 slim_337477328 slim_337477637
0 3.3e-06 0.00029285 0.00014835 7.075e-05 0.0002597 3.15e-05 0.00023745 7.09e-05 0.00036125 5.245e-05 0.0002526 2.65e-06 0.00017805 0.000195 3.15e-06 0.00020175 0.00012105 0.00023695 6.095e-05 0.0001949 0.0002366 1.85e-06 3.235e-05 0.00023745 0.0001267 3.19e-05 2.9e-06 2.95e-06 5.995e-05 5.275e-05 0.0001779 0.00020335 6.255e-05 3.55e-06 7.96e-05 0.000293 0.0002367 0.00032825 0.0001605 0.0001269 0.000109 0.0003221 0.0001242 7.05e-05 0.0002598 5.305e-05 5.255e-05 3.44e-05 7.35e-05 1.21e-05 7.065e-05 3.22e-05 0.00013535 0.0002926 5.335e-05 0.00015335 0.0001377 0.0003744 0.0001001 6.57e-05 0.0004771 0.0001998 3.05e-06 7.075e-05 5.05e-05 0.00028915 0.00012185 0.00025955 0.00012385 8.05e-05 7.07e-05 8.21e-05 6.205e-05 2.05e-06 3.85e-06 2.25e-06 0.00019475 0.0002881 0.00041805 0.00012645 0.0003373 0.00020245 0.0001527 3.44e-05 0.0003841 8.515e-05 9.995e-05 5.335e-05 9.99e-05 0.00013945 0.00018535
1 0.00029285 0.0005834 0.00032225 0.00031115 0.00035865 0.00029565 0.0003685 0.00031125 0.00031085 0.0003128 0.0003373 0.0002931 0.0003594 0.0003486 0.00029315 0.000317 0.00033145 0.0003681 0.000299 0.00034855 0.0003682 0.0002926 0.000296 0.00036855 0.0003301 0.000296 0.0002934 0.000293 0.000296 0.00031295 0.00035925 0.0003297 0.00031875 0.0002935 0.00030345 0.00029225 0.00036825 0.00037775 0.00035575 0.00033005 0.0003244 0.0002953 0.0003275 0.00031125 0.0003591 0.0003132 0.0003133 0.00029825 0.0003135 0.0003027 0.0003114 0.0002962 0.00033615 0.00029245 0.00032185 0.0003308 0.0003435 0.0003241 0.00031445 0.00029635 0.0003431 0.0003139 0.00029315 0.00031075 0.00030085 0.0003624 0.00034015 0.00035875 0.0003278 0.00030405 0.00031095 0.0003162 0.0003179 0.00029225 0.00029345 0.0002928 0.00034835 0.0003972 0.000422 0.00033025 0.00037015 0.00031715 0.00033045 0.00029815 0.00039665 0.00031595 0.00031425 0.0003134 0.0003142 0.00032925 0.0003315
2 0.00014835 0.00032225 0.0002938 0.000148 0.00033785 0.0001512 0.00032015 0.0001477 0.0003215 0.0001986 0.00033765 0.00014835 0.0002522 0.00020895 0.0001487 0.0002869 0.0001983 0.00031995 0.000154 0.0002091 0.0003198 0.00014825 0.00015145 0.0003204 0.0002097 0.00015135 0.00014885 0.0001485 0.0001511 0.00019905 0.00025205 0.0002115 0.0001935 0.0001488 0.00014785 0.0003223 0.00031985 0.00033745 0.0002437 0.00020965 0.0001861 0.000325 0.00020635 0.00014765 0.00033785 0.0001991 0.00019895 0.00015365 0.0001501 0.0001483 0.0001476 0.00015135 0.00022685 0.00032225 0.0001905 0.0002099 0.0002148 0.0003886 0.00015075 0.0001565 0.00043765 0.0002744 0.00014885 0.00014785 0.0001479 0.0003408 0.00019 0.0003377 0.000207 0.00014825 0.0001478 0.00020175 0.00019315 0.0001482 0.00014865 0.00014825 0.0002089 0.00036225 0.00043325 0.0002096 0.0003371 0.0002873 0.00020945 0.00015365 0.0003993 0.00017645 0.00015055 0.0001991 0.0001505 0.0001923 0.00026255
3 7.075e-05 0.00031115 0.000148 0.0001394 0.0002767 9.93e-05 0.00026915 7.07e-05 0.00031105 0.0001209 0.0002603 7.065e-05 0.0002099 0.00015805 7.105e-05 0.0002097 0.00012045 0.00026915 0.0001287 0.0001578 0.0002687 7.01e-05 0.0001002 0.00026935 0.0001586 0.0001001 7.11e-05 7.11e-05 9.935e-05 0.00012075 0.00020975 0.0001345 0.00011595 7.12e-05 0.0001478 0.00031165 0.00026875 0.0002767 0.0001924 0.00015825 0.0001088 0.0003403 0.0001557 7.01e-05 0.00027715 0.00012145 0.000121 0.0001022 7.29e-05 8.05e-05 7.03e-05 9.99e-05 0.00017555 0.0003113 0.0001218 0.00018465 0.00013755 0.0003222 9.93e-05 0.0001051 0.0004273 0.00020795 7.14e-05 7.015e-05 7.025e-05 0.00030605 0.00012155 0.00027655 0.0001555 0.00014825 7.01e-05 0.00015005 0.0001154 7.025e-05 7.2e-05 7.075e-05 0.00015775 0.00032025 0.00039875 0.0001582 0.0003545 0.0002104 0.00018395 0.0001022 0.0003647 0.0001256 9.925e-05 0.00012125 9.92e-05 0.000193 0.0001851
4 0.0002597 0.00035865 0.00033785 0.0002767 0.0005171 0.00026995 0.00036025 0.0002768 0.0003763 0.0002748 0.0003124 0.00025995 0.00032035 0.00033715 0.00026 0.00029695 0.00029215 0.00035985 0.00028075 0.0003371 0.00035995 0.00025945 0.0002703 0.0003603 0.00031995 0.0002703 0.00026025 0.00025985 0.0002703 0.00027495 0.0003202 0.0002958 0.0002831 0.00026035 0.00032035 0.00035915 0.00036 0.0002764 0.0003457 0.0003199 0.0002852 0.00036965 0.0003197 0.0002768 0.00025915 0.0002752 0.0002753 0.00027005 0.00027655 0.0002696 0.00027695 0.0002705 0.00032115 0.00035935 0.0002598 0.0003306 0.0003042 0.00031565 0.00028745 0.0002862 0.0004037 0.00029415 0.00026 0.0002763 0.0002633 0.0002698 0.0002768 0.0002588 0.00032015 0.00032095 0.0002765 0.00028565 0.0002823 0.00025915 0.00026035 0.00025965 0.0003369 0.00036005 0.00034515 0.0003201 0.00032025 0.0002971 0.00033005 0.00026995 0.0003197 0.0003058 0.00028725 0.0002754 0.0002872 0.00034365 0.00029405
5 3.15e-05 0.00029565 0.0001512 9.93e-05 0.00026995 6.1e-05 0.0002374 9.985e-05 0.00036395 8.165e-05 0.00028165 3.155e-05 0.0001665 0.00019435 3.195e-05 0.000231 0.0001498 0.0002372 3.07e-05 0.0001943 0.00023675 3.08e-05 3.185e-05 0.00023745 0.00012645 3.145e-05 3.185e-05 3.2e-05 5.93e-05 8.14e-05 0.00016635 0.0002321 8.875e-05 3.23e-05 8.255e-05 0.0002961 0.0002368 0.0003384 0.00016045 0.00012635 0.000138 0.00029545 0.00012635 9.93e-05 0.00027035 8.22e-05 8.175e-05 3.095e-05 9.945e-05 4.12e-05 9.945e-05 3.145e-05 0.00013535 0.00029575 7.125e-05 0.00012595 0.00016675 0.00040365 9.925e-05 6.535e-05 0.0004801 0.00022905 3.215e-05 9.94e-05 7.965e-05 0.0002699 0.0001395 0.0002698 0.0001262 8.31e-05 9.935e-05 8.145e-05 8.82e-05 3.1e-05 3.21e-05 3.145e-05 0.0001941 0.00027705 0.0003993 0.00012605 0.00032175 0.0002317 0.0001259 3.09e-05 0.000365 8.535e-05 9.91e-05 8.22e-05 9.905e-05 0.0001398 0.0002143
6 0.00023745 0.0003685 0.00032015 0.00026915 0.00036025 0.0002374 0.0004721 0.00026905 0.00040035 0.0002444 0.00029785 0.0002367 0.0002772 0.00026905 0.0002368 0.0002904 0.0002764 0.0002366 0.00023765 0.00026905 0.0002367 0.00023725 0.00023705 0.0002365 0.0002372 0.00023755 0.0002373 0.0002366 0.0002482 0.00024475 0.00027705 0.0003011 0.00023685 0.00023625 0.0002882 0.00036855 0.00023675 0.00039225 0.00023705 0.0002371 0.00028215 0.0003687 0.00023715 0.00026905 0.00036025 0.0002448 0.0002449 0.00023725 0.00026885 0.00024735 0.0002692 0.0002369 0.0002445 0.00036875 0.000277 0.0002374 0.0003089 0.00035485 0.00026935 0.00024255 0.0004614 0.0003015 0.00023705 0.000269 0.0002581 0.00036065 0.00030865 0.0003601 0.0002373 0.0002879 0.00026895 0.0002449 0.00023705 0.0002372 0.00023735 0.00023725 0.0002688 0.0002764 0.00036 0.00023735 0.0004114 0.00029055 0.0002372 0.00023725 0.00036045 0.00023715 0.00026915 0.00024415 0.0002691 0.000288 0.00027675
7 7.09e-05 0.00031125 0.0001477 7.07e-05 0.0002768 9.985e-05 0.00026905 0.0001397 0.00031075 0.00012105 0.00026045 7.08e-05 0.0002094 0.00015805 7.09e-05 0.0002096 0.00012105 0.00026835 0.00012885 0.0001582 0.0002686 7.065e-05 9.995e-05 0.00026925 0.000158 9.955e-05 7.125e-05 7.055e-05 9.98e-05 0.00012155 0.00020925 0.00013445 0.0001162 7.135e-05 0.0001481 0.00031075 0.00026865 0.00027665 0.0001925 0.00015855 0.00010875 0.0003402 0.00015595 7.03e-05 0.00027635 0.00012105 0.0001214 0.00010245 7.295e-05 8.065e-05 7.025e-05 0.00010005 0.00017535 0.0003112 0.00012125 0.00018485 0.00013745 0.000322 9.965e-05 0.0001053 0.00042695 0.00020705 7.085e-05 7.055e-05 7.045e-05 0.00030595 0.00012105 0.00027665 0.0001557 0.0001485 7.05e-05 0.00015045 0.00011585 7.06e-05 7.22e-05 7.02e-05 0.000158 0.00031945 0.0003986 0.0001584 0.00035415 0.0002095 0.00018415 0.00010245 0.00036465 0.00012435 9.945e-05 0.00012165 9.94e-05 0.000193 0.0001853
8 0.00036125 0.00031085 0.0003215 0.00031105 0.0003763 0.00036395 0.00040035 0.00031075 0.0005203 0.00038145 0.0003453 0.0003612 0.00039145 0.00031165 0.00036155 0.00032455 0.00033135 0.00040015 0.00036665 0.0003118 0.0004 0.0003611 0.00036425 0.0004006 0.0003622 0.0003641 0.0003617 0.00036135 0.0003355 0.0003819 0.0003913 0.00026065 0.0003727 0.00036165 0.00037195 0.0003109 0.00040005 0.0003261 0.00038755 0.00036215 0.00032405 0.0003135 0.00035905 0.0003107 0.0003763 0.00038195 0.0003818 0.0003664 0.00031315 0.00037105 0.00031065 0.0003641 0.0003767 0.00031085 0.0003901 0.0003623 0.00034315 0.00027185 0.0003137 0.000336 0.00029295 0.0003219 0.0003617 0.0003109 0.00032025 0.00037915 0.0003398 0.00037615 0.0003595 0.0003723 0.00031085 0.0003845 0.00037235 0.00036105 0.00036165 0.0003611 0.0003116 0.0004292 0.0004027 0.0003621 0.0003871 0.00032495 0.0003619 0.0003664 0.0003774 0.0003563 0.0003135 0.00038195 0.00031345 0.00038295 0.0003315
9 5.245e-05 0.0003128 0.0001986 0.0001209 0.0002748 8.165e-05 0.0002444 0.00012105 0.00038145 0.000103 0.00022185 5.28e-05 0.00019585 0.000213 5.305e-05 0.0002221 0.0001205 0.0002439 0.0001113 0.00021295 0.0002438 5.215e-05 8.215e-05 0.0002444 0.0001445 8.205e-05 5.305e-05 5.29e-05 0.0001103 5.195e-05 0.0001957 0.00024255 8.035e-05 5.35e-05 0.00012975 0.000313 0.00024385 0.0003436 0.0001787 0.00014465 0.00014065 0.0003423 0.00014225 0.00012085 0.00027495 5.225e-05 5.215e-05 8.445e-05 0.0001236 6.21e-05 0.000121 8.235e-05 0.0001346 0.000313 0.0001035 0.00017135 0.00016955 0.00037365 0.0001505 0.00011585 0.0004598 0.0002198 5.3e-05 0.00012085 0.00010105 0.0003045 0.000172 0.00027465 0.0001419 0.0001305 0.0001208 8.15e-05 7.98e-05 5.22e-05 5.405e-05 5.24e-05 0.00021275 0.00029505 0.0004012 0.00014445 0.00035255 0.00022245 0.0001707 8.45e-05 0.0003671 0.00013515 0.0001503 5.255e-05 0.00015025 0.00015735 0.0001736
10 0.0002526 0.0003373 0.00033765 0.0002603 0.0003124 0.00028165 0.00029785 0.00026045 0.0003453 0.00022185 0.0003829 0.0002529 0.00033525 0.0002918 0.0002529 0.0002222 0.00022985 0.00029755 0.00031125 0.00029175 0.0002977 0.00025245 0.00028185 0.00029805 0.00028395 0.00028205 0.00025335 0.00025275 0.000282 0.00022195 0.0003351 0.0002576 0.0002466 0.00025315 0.00032945 0.0003375 0.00029775 0.00032055 0.00030895 0.0002839 0.0002552 0.00036675 0.00028145 0.0002605 0.00031255 0.00022225 0.0002224 0.0002844 0.00026295 0.0002626 0.00026065 0.00028215 0.00027135 0.00033775 0.00030375 0.0003106 0.0002744 0.0002127 0.00028985 0.0002823 0.0003401 0.00023365 0.00025305 0.00026025 0.00026065 0.00034205 0.00031135 0.00031225 0.00028145 0.00033015 0.0002602 0.00025145 0.00024605 0.0002525 0.00025415 0.0002527 0.00029155 0.00034865 0.00036875 0.00028415 0.0003898 0.0002221 0.0003098 0.00028445 0.0003441 0.00030195 0.00028965 0.00022235 0.0002896 0.00032325 0.00021925
11 2.65e-06 0.0002931 0.00014835 7.065e-05 0.00025995 3.155e-05 0.0002367 7.08e-05 0.0003612 5.28e-05 0.0002529 2.9e-06 0.0001781 0.0001947 2.15e-06 0.00020185 0.00012105 0.0002373 6.065e-05 0.0001946 0.00023675 2.1e-06 3.175e-05 0.000237 0.0001268 3.19e-05 2.15e-06 2.15e-06 5.995e-05 5.32e-05 0.00017795 0.00020295 6.19e-05 1.65e-06 8.015e-05 0.00029335 0.0002368 0.0003282 0.00016045 0.0001266 0.00010885 0.00032215 0.000124 7e-05 0.00026015 5.345e-05 5.29e-05 3.415e-05 7.315e-05 1.23e-05 7.03e-05 3.11e-05 0.00013575 0.0002929 5.335e-05 0.000153 0.0001376 0.0003749 9.97e-05 6.465e-05 0.00047735 0.00020005 2.55e-06 7.055e-05 5.035e-05 0.0002892 0.0001217 0.0002598 0.0001236 7.97e-05 7.05e-05 8.22e-05 6.21e-05 2.05e-06 3.2e-06 2.3e-06 0.00019445 0.0002884 0.00041825 0.0001263 0.00033775 0.00020265 0.00015235 3.415e-05 0.00038425 8.545e-05 9.955e-05 5.265e-05 9.95e-05 0.0001397 0.0001855
12 0.00017805 0.0003594 0.0002522 0.0002099 0.00032035 0.0001665 0.0002772 0.0002094 0.00039145 0.00019585 0.00033525 0.0001781 0.0003084 0.00019815 0.00017775 0.0003169 0.00022805 0.0002764 0.0001553 0.00019815 0.0002769 0.0001778 0.00016645 0.0002773 0.0001657 0.00016625 0.00017845 0.0001776 0.00017735 0.0001962 0.00015445 0.00030585 0.00017535 0.0001785 0.00022005 0.00035905 0.00027695 0.00035255 0.0002008 0.0001663 0.00024805 0.00034815 0.0001692 0.0002098 0.00031995 0.00019585 0.00019635 0.00016375 0.00020705 0.00018795 0.00020995 0.00016685 0.00018465 0.00035965 0.00016605 0.0001577 0.00027675 0.0004287 0.00019865 0.0001727 0.000488 0.00031395 0.0001778 0.00020975 0.00019885 0.0003093 0.0001979 0.0003202 0.00016905 0.00022045 0.0002097 0.0001849 0.00017495 0.00017775 0.00017855 0.0001774 0.00019795 0.0002651 0.0003433 0.00016625 0.0003628 0.00031665 0.00015775 0.0001638 0.00030885 0.000166 0.00019845 0.00019645 0.0001984 0.0002172 0.00029215
13 0.000195 0.0003486 0.00020895 0.00015805 0.00033715 0.00019435 0.00026905 0.00015805 0.00031165 0.000213 0.0002918 0.0001947 0.00019815 0.0002415 0.00019495 0.0002732 0.00017625 0.0002691 0.00019405 0.00012095 0.0002687 0.00019455 0.0001948 0.0002693 0.00015805 0.0001948 0.0001952 0.0001951 0.00017645 0.0002132 0.0001979 0.00018555 0.00018025 0.00019515 0.0002458 0.00034895 0.00026875 0.00030055 0.0001924 0.0001579 0.0001964 0.00034825 0.0001577 0.00015775 0.00033745 0.00021355 0.00021315 0.0001942 0.0001576 0.0002048 0.0001577 0.00019455 0.00018535 0.00034865 0.0002346 0.0001576 0.00022515 0.0003253 0.0001577 0.0001721 0.000409 0.0002714 0.00019545 0.0001579 0.00016675 0.000337 0.00019785 0.000337 0.00015785 0.00024595 0.00015785 0.0002128 0.00017985 0.0001945 0.00019515 0.00019485 0.0001209 0.0003089 0.00033495 0.0001577 0.0003884 0.00027385 0.0001575 0.00019425 0.00030055 0.00016735 0.0001575 0.0002133 0.00015745 0.0002309 0.0002407
14 3.15e-06 0.00029315 0.0001487 7.105e-05 0.00026 3.195e-05 0.0002368 7.09e-05 0.00036155 5.305e-05 0.0002529 2.15e-06 0.00017775 0.00019495 3.2e-06 0.00020235 0.0001214 0.00023715 6.14e-05 0.0001949 0.00023725 2.6e-06 3.18e-05 0.0002371 0.0001265 3.21e-05 2.7e-06 2.05e-06 6.07e-05 5.32e-05 0.0001777 0.00020345 6.195e-05 1.8e-06 8.02e-05 0.00029315 0.0002373 0.00032855 0.00016095 0.0001266 0.0001094 0.00032255 0.00012445 7.095e-05 0.00026 5.31e-05 5.335e-05 3.45e-05 7.35e-05 1.295e-05 7.11e-05 3.155e-05 0.0001356 0.0002934 5.365e-05 0.00015335 0.0001381 0.00037495 0.00010045 6.51e-05 0.0004774 0.00019985 2.45e-06 7.09e-05 5.115e-05 0.0002896 0.00012185 0.00025985 0.00012405 7.975e-05 7.085e-05 8.255e-05 6.21e-05 2.55e-06 3.75e-06 2.6e-06 0.00019475 0.00028825 0.0004183 0.0001267 0.0003378 0.00020245 0.0001527 3.455e-05 0.00038415 8.5e-05 0.00010025 5.27e-05 0.0001002 0.0001397 0.00018565
15 0.00020175 0.000317 0.0002869 0.0002097 0.00029695 0.000231 0.0002904 0.0002096 0.00032455 0.0002221 0.0002222 0.00020185 0.0003169 0.0002732 0.00020235 0.0004021 0.00023 0.0002901 0.00025995 0.0002731 0.00028975 0.00020155 0.0002314 0.0002906 0.0002656 0.0002311 0.0002023 0.00020215 0.000231 0.0002227 0.00031675 0.00021765 0.0002283 0.00020255 0.00027925 0.000317 0.00028985 0.00030465 0.00029 0.00026565 0.00022265 0.0003459 0.00026275 0.0002092 0.0002969 0.0002227 0.00022225 0.0002336 0.0002122 0.0002117 0.00020935 0.0002312 0.00027185 0.00031665 0.0002527 0.0002919 0.0002417 0.00021325 0.0002386 0.0002314 0.00035705 0.00021315 0.00020245 0.0002096 0.0002092 0.00032605 0.0002605 0.0002968 0.0002626 0.00027965 0.00020955 0.00025155 0.00022795 0.0002016 0.0002032 0.00020165 0.00027295 0.0003412 0.00038525 0.00026535 0.00037425 0.0002018 0.0002911 0.0002336 0.0003607 0.0002514 0.00023845 0.0002228 0.0002384 0.00030505 0.0002306
16 0.00012105 0.00033145 0.0001983 0.00012045 0.00029215 0.0001498 0.0002764 0.00012105 0.00033135 0.0001205 0.00022985 0.00012105 0.00022805 0.00017625 0.0001214 0.00023 0.0002402 0.00027635 0.0001791 0.000176 0.00027595 0.0001206 0.0001505 0.0002766 0.00017675 0.00015045 0.0001215 0.00012145 0.0001497 0.0001205 0.0002279 0.0001739 0.00013415 0.0001216 0.0001982 0.0003319 0.000276 0.00029215 0.00021065 0.00017645 0.0001407 0.0003606 0.00017385 0.0001205 0.00029255 0.00012105 0.00012065 0.00015255 0.0001233 0.00013085 0.0001207 0.0001503 0.00017515 0.0003316 0.00017215 0.00020285 0.0001696 0.0003216 0.0001497 0.0001555 0.00041015 0.0002282 0.00012175 0.00012055 0.00012065 0.0003215 0.0001719 0.000292 0.0001737 0.0001987 0.0001205 0.0001497 0.0001336 0.00012065 0.00012235 0.0001211 0.00017595 0.00032745 0.00038205 0.0001764 0.00036985 0.00023065 0.00020215 0.0001526 0.00034795 0.0001759 0.00014965 0.0001209 0.0001496 0.0002111 0.00017375
17 0.00023695 0.0003681 0.00031995 0.00026915 0.00035985 0.0002372 0.0002366 0.00026835 0.00040015 0.0002439 0.00029755 0.0002373 0.0002764 0.0002691 0.00023715 0.0002901 0.00027635 0.0004709 0.00023745 0.0002691 0.00023625 0.000237 0.00023705 0.00023665 0.00023635 0.00023665 0.0002376 0.0002365 0.000248 0.0002445 0.00027625 0.0003012 0.00023725 0.00023775 0.0002878 0.00036745 0.0002363 0.00039205 0.0002368 0.00023715 0.0002819 0.0003683 0.00023715 0.000269 0.0003591 0.00024385 0.0002446 0.0002371 0.0002689 0.0002469 0.00026915 0.00023755 0.00024365 0.0003683 0.0002761 0.0002374 0.0003086 0.0003543 0.00026935 0.0002432 0.00046095 0.0003005 0.00023665 0.000269 0.00025805 0.00036025 0.000308 0.0003597 0.00023725 0.00028845 0.00026895 0.00024465 0.0002369 0.00023695 0.0002377 0.00023625 0.00026885 0.00027535 0.0003596 0.00023715 0.0004108 0.0002896 0.0002372 0.0002371 0.0003601 0.00023565 0.00026915 0.00024475 0.0002691 0.00028765 0.00027655
18 6.095e-05 0.000299 0.000154 0.0001287 0.00028075 3.07e-05 0.00023765 0.00012885 0.00036665 0.0001113 0.00031125 6.065e-05 0.0001553 0.00019405 6.14e-05 0.00025995 0.0001791 0.00023745 4e-07 0.000194 0.0002367 6.04e-05 3.19e-05 0.00023775 0.00012655 3.1e-05 6.1e-05 6.14e-05 5.88e-05 0.00011175 0.00015515 0.00026085 0.00011565 6.17e-05 8.625e-05 0.0002992 0.00023675 0.00034855 0.0001604 0.0001266 0.00016695 0.00026875 0.00012865 0.000128 0.0002809 0.00011195 0.0001112 2.79e-05 0.0001259 7.04e-05 0.00012815 3.09e-05 0.00013595 0.00029855 8.905e-05 9.895e-05 0.0001957 0.000433 9.835e-05 6.535e-05 0.00048305 0.0002583 6.16e-05 0.00012865 0.0001085 0.0002506 0.0001572 0.0002806 0.0001287 8.645e-05 0.0001286 8.13e-05 0.0001153 6.035e-05 6.05e-05 6.055e-05 0.0001938 0.000266 0.0003807 0.00012585 0.0003061 0.00026095 9.94e-05 2.795e-05 0.0003462 8.56e-05 9.825e-05 0.00011195 9.815e-05 0.00014045 0.0002438
19 0.0001949 0.00034855 0.0002091 0.0001578 0.0003371 0.0001943 0.00026905 0.0001582 0.0003118 0.00021295 0.00029175 0.0001946 0.00019815 0.00012095 0.0001949 0.0002731 0.000176 0.0002691 0.000194 0.0002414 0.00026865 0.00019445 0.0001948 0.0002693 0.00015805 0.00019475 0.0001951 0.00019505 0.0001763 0.00021315 0.0001979 0.0001855 0.00018025 0.0001951 0.00024575 0.0003489 0.0002687 0.00030045 0.00019235 0.0001579 0.0001963 0.0003482 0.0001576 0.0001576 0.0003374 0.0002135 0.00021305 0.0001942 0.0001578 0.0002047 0.0001578 0.0001945 0.00018535 0.00034855 0.0002345 0.00015755 0.00022505 0.00032525 0.00015745 0.000172 0.00040895 0.00027135 0.0001954 0.0001578 0.0001666 0.00033695 0.00019775 0.00033695 0.00015775 0.0002459 0.00015775 0.00021275 0.00017985 0.0001944 0.00019505 0.00019475 0.00012085 0.0003089 0.00033495 0.00015765 0.00038835 0.0002738 0.00015745 0.00019425 0.00030055 0.00016735 0.0001574 0.00021325 0.00015735 0.0002309 0.00024065
20 0.0002366 0.0003682 0.0003198 0.0002687 0.00035995 0.00023675 0.0002367 0.0002686 0.0004 0.0002438 0.0002977 0.00023675 0.0002769 0.0002687 0.00023725 0.00028975 0.00027595 0.00023625 0.0002367 0.00026865 0.0004716 0.0002364 0.0002373 0.0002367 0.00023685 0.00023685 0.00023705 0.00023705 0.00024725 0.0002444 0.00027675 0.0003009 0.0002371 0.0002376 0.0002879 0.0003682 0.000236 0.0003919 0.0002362 0.000237 0.00028155 0.0003681 0.0002366 0.0002682 0.0003599 0.0002444 0.00024405 0.00023665 0.0002685 0.00024645 0.00026835 0.0002371 0.0002442 0.00036795 0.0002762 0.00023695 0.0003083 0.00035465 0.0002686 0.00024275 0.0004613 0.00030125 0.0002372 0.0002686 0.0002572 0.00036005 0.00030825 0.0003598 0.0002366 0.00028835 0.00026855 0.00024425 0.00023675 0.0002363 0.00023715 0.0002364 0.00026845 0.0002761 0.00035975 0.0002366 0.00041115 0.00029035 0.00023675 0.00023665 0.0003602 0.0002368 0.00026845 0.00024465 0.0002684 0.00028775 0.00027655
21 1.85e-06 0.0002926 0.00014825 7.01e-05 0.00025945 3.08e-05 0.00023725 7.065e-05 0.0003611 5.215e-05 0.00025245 2.1e-06 0.0001778 0.00019455 2.6e-06 0.00020155 0.0001206 0.000237 6.04e-05 0.00019445 0.0002364 2.2e-06 3.195e-05 0.00023725 0.00012645 3.16e-05 2.35e-06 2.65e-06 5.945e-05 5.21e-05 0.00017765 0.0002031 6.205e-05 3e-06 7.94e-05 0.00029305 0.0002365 0.0003281 0.0001601 0.00012635 0.0001087 0.0003219 0.0001238 7e-05 0.00025985 5.28e-05 5.21e-05 3.38e-05 7.295e-05 1.175e-05 7.015e-05 3.165e-05 0.00013515 0.00029245 5.305e-05 0.00015285 0.00013745 0.00037455 9.96e-05 6.515e-05 0.00047725 0.00019985 2.75e-06 7.02e-05 5.005e-05 0.00028895 0.0001216 0.0002593 0.00012335 8e-05 7.015e-05 8.16e-05 6.15e-05 1.45e-06 3.4e-06 1.95e-06 0.0001943 0.00028815 0.000418 0.00012595 0.0003375 0.0002025 0.0001522 3.38e-05 0.00038395 8.515e-05 9.945e-05 5.285e-05 9.94e-05 0.00013935 0.0001851
22 3.235e-05 0.000296 0.00015145 0.0001002 0.0002703 3.185e-05 0.00023705 9.995e-05 0.00036425 8.215e-05 0.00028185 3.175e-05 0.00016645 0.0001948 3.18e-05 0.0002314 0.0001505 0.00023705 3.19e-05 0.0001948 0.0002373 3.195e-05 6.16e-05 0.00023735 0.0001264 3.19e-05 3.23e-05 3.15e-05 6.06e-05 8.245e-05 0.0001663 0.00023225 8.87e-05 3.16e-05 8.31e-05 0.0002959 0.00023735 0.0003387 0.0001612 0.0001263 0.0001384 0.000296 0.00012685 0.00010015 0.0002702 8.235e-05 8.265e-05 3.145e-05 9.98e-05 4.21e-05 0.0001003 3.17e-05 0.0001355 0.0002963 7.16e-05 0.00012655 0.00016715 0.00040375 0.0001002 6.55e-05 0.00047995 0.00022875 3.19e-05 0.00010005 8.045e-05 0.0002705 0.0001396 0.00027015 0.0001267 8.31e-05 0.0001 8.24e-05 8.86e-05 3.19e-05 3.25e-05 3.185e-05 0.00019455 0.00027685 0.0003995 0.00012675 0.0003217 0.00023135 0.0001265 3.155e-05 0.00036515 8.495e-05 0.0001 8.22e-05 9.995e-05 0.0001398 0.00021455
23 0.00023745 0.00036855 0.0003204 0.00026935 0.0003603 0.00023745 0.0002365 0.00026925 0.0004006 0.0002444 0.00029805 0.000237 0.0002773 0.0002693 0.0002371 0.0002906 0.0002766 0.00023665 0.00023775 0.0002693 0.0002367 0.00023725 0.00023735 0.0004723 0.00023725 0.0002376 0.000237 0.0002369 0.00024825 0.00024475 0.00027715 0.0003016 0.00023655 0.00023685 0.00028825 0.0003686 0.0002368 0.0003925 0.0002371 0.00023735 0.00028235 0.0003688 0.00023735 0.00026925 0.0003603 0.0002448 0.0002449 0.00023735 0.0002691 0.00024735 0.0002694 0.00023725 0.00024455 0.0003688 0.00027705 0.00023765 0.0003091 0.000355 0.0002696 0.00024285 0.00046165 0.00030165 0.0002367 0.0002692 0.0002583 0.00036075 0.0003089 0.00036015 0.0002375 0.00028815 0.00026915 0.00024495 0.0002371 0.0002372 0.00023705 0.00023725 0.00026905 0.0002765 0.0003601 0.0002374 0.0004115 0.00029075 0.00023745 0.00023735 0.00036055 0.0002372 0.0002694 0.00024445 0.00026935 0.0002881 0.000277
24 0.0001267 0.0003301 0.0002097 0.0001586 0.00031995 0.00012645 0.0002372 0.000158 0.0003622 0.0001445 0.00028395 0.0001268 0.0001657 0.00015805 0.0001265 0.0002656 0.00017675 0.00023635 0.00012655 0.00015805 0.00023685 0.00012645 0.0001264 0.00023725 0.0002509 0.0001262 0.0001271 0.0001263 0.0001373 0.00014485 0.00016545 0.0002546 0.00012665 0.00012725 0.0001775 0.00032965 0.0002369 0.0003522 0.00016075 0.0001263 0.00019675 0.00033015 0.00012645 0.0001585 0.00031955 0.0001444 0.000145 0.00012635 0.0001584 0.0001366 0.00015865 0.00012685 0.0001446 0.00033035 0.00016585 0.00012635 0.00022545 0.00037745 0.00015865 0.0001327 0.00045875 0.0002626 0.00012645 0.00015845 0.00014755 0.0003202 0.00019775 0.0003198 0.0001264 0.00017795 0.0001584 0.00014485 0.00012625 0.0001264 0.0001272 0.00012605 0.00015795 0.0002762 0.0003542 0.0001261 0.0003712 0.00026525 0.0001263 0.0001264 0.00031985 0.00012585 0.00015845 0.00014515 0.0001584 0.0001773 0.00024085
25 3.19e-05 0.000296 0.00015135 0.0001001 0.0002703 3.145e-05 0.00023755 9.955e-05 0.0003641 8.205e-05 0.00028205 3.19e-05 0.00016625 0.0001948 3.21e-05 0.0002311 0.00015045 0.00023665 3.1e-05 0.00019475 0.00023685 3.16e-05 3.19e-05 0.0002376 0.0001262 6.16e-05 3.22e-05 3.17e-05 5.965e-05 8.26e-05 0.0001661 0.0002323 8.925e-05 3.27e-05 8.315e-05 0.00029555 0.0002369 0.00033855 0.00016075 0.0001269 0.00013815 0.0002955 0.0001268 9.965e-05 0.0002698 8.215e-05 8.235e-05 3.14e-05 9.995e-05 4.155e-05 9.98e-05 3.18e-05 0.0001354 0.00029585 7.09e-05 0.0001264 0.00016685 0.0004037 9.96e-05 6.575e-05 0.00048 0.0002285 3.185e-05 0.0001 8e-05 0.0002698 0.0001392 0.00027015 0.0001266 8.36e-05 9.995e-05 8.205e-05 8.89e-05 3.155e-05 3.25e-05 3.11e-05 0.00019455 0.0002765 0.0003994 0.00012645 0.00032165 0.00023115 0.00012625 3.14e-05 0.0003652 8.445e-05 9.94e-05 8.285e-05 9.94e-05 0.00014005 0.00021475
26 2.9e-06 0.0002934 0.00014885 7.11e-05 0.00026025 3.185e-05 0.0002373 7.125e-05 0.0003617 5.305e-05 0.00025335 2.15e-06 0.00017845 0.0001952 2.7e-06 0.0002023 0.0001215 0.0002376 6.1e-05 0.0001951 0.00023705 2.35e-06 3.23e-05 0.000237 0.0001271 3.22e-05 3.4e-06 2.7e-06 6.025e-05 5.345e-05 0.0001783 0.0002037 6.19e-05 2.5e-06 8.045e-05 0.00029365 0.000237 0.0003287 0.00016075 0.0001271 0.0001093 0.0003225 0.00012445 7.06e-05 0.00026045 5.37e-05 5.315e-05 3.45e-05 7.365e-05 1.255e-05 7.065e-05 3.17e-05 0.00013605 0.0002932 5.35e-05 0.0001535 0.00013805 0.0003753 0.0001002 6.52e-05 0.00047785 0.00020045 2.5e-06 7.1e-05 5.08e-05 0.00028955 0.0001222 0.0002601 0.00012405 8.02e-05 7.095e-05 8.25e-05 6.24e-05 2.3e-06 3e-06 2.45e-06 0.00019495 0.00028875 0.0004186 0.0001265 0.0003381 0.0002031 0.00015285 3.45e-05 0.0003846 8.575e-05 0.00010005 5.32e-05 0.0001 0.00014005 0.000186
27 2.95e-06 0.000293 0.0001485 7.11e-05 0.00025985 3.2e-05 0.0002366 7.055e-05 0.00036135 5.29e-05 0.00025275 2.15e-06 0.0001776 0.0001951 2.05e-06 0.00020215 0.00012145 0.0002365 6.14e-05 0.00019505 0.00023705 2.65e-06 3.15e-05 0.0002369 0.0001263 3.17e-05 2.7e-06 3.2e-06 6.07e-05 5.33e-05 0.00017745 0.00020325 6.205e-05 1.8e-06 8.005e-05 0.0002926 0.0002371 0.00032835 0.00016095 0.00012675 0.0001092 0.00032235 0.00012455 7.095e-05 0.00025935 5.29e-05 5.34e-05 3.46e-05 7.355e-05 1.275e-05 7.11e-05 3.155e-05 0.0001352 0.0002932 5.325e-05 0.00015345 0.0001379 0.00037455 0.00010045 6.51e-05 0.000477 0.0001993 2e-06 7.095e-05 5.115e-05 0.0002894 0.00012145 0.0002597 0.00012415 7.98e-05 7.09e-05 8.26e-05 6.225e-05 2.6e-06 3.75e-06 2.15e-06 0.00019485 0.00028765 0.0004181 0.00012685 0.0003374 0.0002019 0.0001528 3.46e-05 0.00038415 8.43e-05 0.00010025 5.275e-05 0.0001002 0.0001396 0.0001855
28 5.995e-05 0.000296 0.0001511 9.935e-05 0.0002703 5.93e-05 0.0002482 9.98e-05 0.0003355 0.0001103 0.000282 5.995e-05 0.00017735 0.00017645 6.07e-05 0.000231 0.0001497 0.000248 5.88e-05 0.0001763 0.00024725 5.945e-05 6.06e-05 0.00024825 0.0001373 5.965e-05 6.025e-05 6.07e-05 0.0001172 0.0001105 0.0001772 0.00020345 0.00010285 6.1e-05 0.00011145 0.0002964 0.0002473 0.00030995 0.00017095 0.00013725 0.0001379 0.0002954 0.00013685 9.895e-05 0.00027065 0.00011095 0.0001102 5.94e-05 9.945e-05 6.955e-05 9.91e-05 5.985e-05 0.0001545 0.00029575 9.965e-05 0.00013655 0.00016665 0.00037555 9.88e-05 8.635e-05 0.00045195 0.00022935 6.085e-05 9.94e-05 7.93e-05 0.0002697 0.00013945 0.00027015 0.00013675 0.0001119 9.935e-05 0.0001099 0.00010235 5.945e-05 6.045e-05 5.985e-05 0.0001762 0.00028785 0.0003817 0.0001366 0.000322 0.000232 0.0001364 5.94e-05 0.00034745 0.00010445 9.87e-05 0.00011095 9.87e-05 0.00015385 0.00021445
29 5.275e-05 0.00031295 0.00019905 0.00012075 0.00027495 8.14e-05 0.00024475 0.00012155 0.0003819 5.195e-05 0.00022195 5.32e-05 0.0001962 0.0002132 5.32e-05 0.0002227 0.0001205 0.0002445 0.00011175 0.00021315 0.0002444 5.21e-05 8.245e-05 0.00024475 0.00014485 8.26e-05 5.345e-05 5.33e-05 0.0001105 0.0001023 0.00019605 0.0002431 8.04e-05 5.365e-05 0.00012965 0.0003136 0.00024445 0.00034405 0.0001791 0.00014465 0.0001413 0.0003428 0.00014255 0.00012135 0.00027555 5.24e-05 5.23e-05 8.465e-05 0.00012375 6.27e-05 0.0001215 8.265e-05 0.0001347 0.0003136 0.00010415 0.0001716 0.0001702 0.00037405 0.0001509 0.0001161 0.00046035 0.0002204 5.34e-05 0.0001209 0.00010155 0.000305 0.0001725 0.0002748 0.00014225 0.00013055 0.00012085 8.15e-05 7.965e-05 5.24e-05 5.44e-05 5.305e-05 0.00021295 0.00029565 0.00040155 0.0001448 0.0003531 0.00022305 0.00017095 8.47e-05 0.0003674 0.00013575 0.0001507 5.245e-05 0.00015065 0.0001576 0.0001738
30 0.0001779 0.00035925 0.00025205 0.00020975 0.0003202 0.00016635 0.00027705 0.00020925 0.0003913 0.0001957 0.0003351 0.00017795 0.00015445 0.0001979 0.0001777 0.00031675 0.0002279 0.00027625 0.00015515 0.0001979 0.00027675 0.00017765 0.0001663 0.00027715 0.00016545 0.0001661 0.0001783 0.00017745 0.0001772 0.00019605 0.0003081 0.0003057 0.0001752 0.00017835 0.0002199 0.0003589 0.0002768 0.0003524 0.00020065 0.00016615 0.0002479 0.000348 0.00016905 0.00020965 0.0003198 0.0001957 0.0001962 0.0001636 0.0002069 0.0001878 0.0002098 0.0001667 0.0001845 0.0003595 0.0001659 0.00015755 0.0002766 0.00042855 0.0001985 0.00017255 0.00048785 0.0003138 0.00017765 0.0002096 0.0001987 0.00030915 0.00019775 0.00032005 0.0001689 0.0002203 0.00020955 0.00018475 0.0001748 0.0001776 0.0001784 0.00017725 0.0001978 0.0002649 0.00034315 0.000166 0.00036265 0.0003165 0.0001576 0.00016365 0.0003088 0.00016585 0.0001983 0.0001963 0.00019825 0.00021705 0.000292
31 0.00020335 0.0003297 0.0002115 0.0001345 0.0002958 0.0002321 0.0003011 0.00013445 0.00026065 0.00024255 0.0002576 0.00020295 0.00030585 0.00018555 0.00020345 0.00021765 0.0001739 0.0003012 0.00026085 0.0001855 0.0003009 0.0002031 0.00023225 0.0003016 0.0002546 0.0002323 0.0002037 0.00020325 0.00020345 0.0002431 0.0003057 0.0001293 0.000234 0.00020325 0.0002804 0.0003298 0.00030095 0.00022695 0.00028845 0.00025435 0.00014755 0.0003584 0.00025155 0.00013405 0.00029585 0.0002432 0.0002429 0.00023465 0.0001369 0.000213 0.0001342 0.000232 0.0002691 0.0003296 0.00025415 0.00028045 0.00017425 0.00021685 0.0001632 0.00020895 0.00034985 0.0002156 0.00020385 0.00013435 0.00015415 0.0003247 0.0001853 0.00029565 0.0002515 0.0002806 0.0001343 0.00027175 0.00023365 0.00020305 0.0002045 0.00020315 0.0001853 0.00035225 0.0003811 0.00025435 0.00037295 0.0002182 0.0002797 0.00023465 0.00034715 0.00022965 0.000163 0.0002429 0.00016295 0.0003106 0.0001737
32 6.255e-05 0.00031875 0.0001935 0.00011595 0.0002831 8.875e-05 0.00023685 0.0001162 0.0003727 8.035e-05 0.0002466 6.19e-05 0.00017535 0.00018025 6.195e-05 0.0002283 0.00013415 0.00023725 0.00011565 0.00018025 0.0002371 6.205e-05 8.87e-05 0.00023655 0.00012665 8.925e-05 6.19e-05 6.205e-05 0.00010285 8.04e-05 0.0001752 0.000234 0.0001221 6.175e-05 0.00013945 0.00031915 0.00023715 0.0003372 0.0001608 0.0001263 0.0001544 0.0003456 0.0001269 0.00011595 0.00028345 8.08e-05 8.065e-05 8.85e-05 0.0001156 7.24e-05 0.0001161 8.865e-05 0.00014515 0.0003191 0.00011085 0.0001533 0.00018315 0.000367 0.0001428 0.000121 0.0004695 0.000226 6.185e-05 0.0001158 9.615e-05 0.00031015 0.0001645 0.00028295 0.00012665 0.0001392 0.00011575 0.0001072 6.15e-05 6.2e-05 6.28e-05 6.24e-05 0.00018 0.00028575 0.0003818 0.00012655 0.0003608 0.0002287 0.00015265 8.855e-05 0.0003477 0.0001272 0.0001426 8.02e-05 0.00014255 0.00013905 0.00019845
33 3.55e-06 0.0002935 0.0001488 7.12e-05 0.00026035 3.23e-05 0.00023625 7.135e-05 0.00036165 5.35e-05 0.00025315 1.65e-06 0.0001785 0.00019515 1.8e-06 0.00020255 0.0001216 0.00023775 6.17e-05 0.0001951 0.0002376 3e-06 3.16e-05 0.00023685 0.00012725 3.27e-05 2.5e-06 1.8e-06 6.1e-05 5.365e-05 0.00017835 0.00020325 6.175e-05 4e-07 8.055e-05 0.0002938 0.00023765 0.00032865 0.0001613 0.0001268 0.00010955 0.00032285 0.00012465 7.11e-05 0.0002606 5.395e-05 5.38e-05 3.485e-05 7.36e-05 1.33e-05 7.125e-05 3.1e-05 0.00013615 0.00029375 5.425e-05 0.00015355 0.0001383 0.0003752 0.00010055 6.455e-05 0.00047755 0.0002004 2.5e-06 7.105e-05 5.13e-05 0.0002899 0.0001222 0.0002602 0.0001243 7.935e-05 7.1e-05 8.295e-05 6.25e-05 2.95e-06 3.5e-06 3.25e-06 0.0001949 0.0002888 0.0004186 0.00012715 0.0003381 0.00020295 0.0001529 3.485e-05 0.0003846 8.59e-05 0.00010035 5.225e-05 0.0001003 0.00014005 0.0001858
34 7.96e-05 0.00030345 0.00014785 0.0001478 0.00032035 8.255e-05 0.0002882 0.0001481 0.00037195 0.00012975 0.00032945 8.015e-05 0.00022005 0.0002458 8.02e-05 0.00027925 0.0001982 0.0002878 8.625e-05 0.00024575 0.0002879 7.94e-05 8.31e-05 0.00028825 0.0001775 8.315e-05 8.045e-05 8.005e-05 0.00011145 0.00012965 0.0002199 0.0002804 0.00013945 8.055e-05 0.0001575 0.0003037 0.00028795 0.000389 0.0002118 0.00017755 0.00018635 0.00030685 0.0001747 0.0001481 0.00032055 0.00013015 0.00013025 8.54e-05 0.00015045 7.98e-05 0.00014825 8.335e-05 0.0001861 0.0003039 0.00012215 0.0001783 0.00021505 0.00044075 0.0001514 0.00011675 0.00048755 0.0002663 8.02e-05 0.00014785 0.0001284 0.00032395 0.00019025 0.0003202 0.0001752 7.96e-05 0.0001478 0.00013325 0.0001389 7.96e-05 8.035e-05 7.985e-05 0.00024555 0.00033015 0.00045245 0.00017765 0.00032035 0.0002794 0.0001779 8.54e-05 0.00041845 0.000136 0.0001512 0.00013035 0.00015115 0.0001387 0.0002623
35 0.000293 0.00029225 0.0003223 0.00031165 0.00035915 0.0002961 0.00036855 0.00031075 0.0003109 0.000313 0.0003375 0.00029335 0.00035905 0.00034895 0.00029315 0.000317 0.0003319 0.00036745 0.0002992 0.0003489 0.0003682 0.00029305 0.0002959 0.0003686 0.00032965 0.00029555 0.00029365 0.0002926 0.0002964 0.0003136 0.0003589 0.0003298 0.00031915 0.0002938 0.0003037 0.000583 0.00036825 0.0003778 0.00035595 0.0003306 0.00032445 0.0002953 0.00032785 0.0003115 0.00035845 0.00031285 0.0003137 0.0002986 0.000314 0.0003029 0.00031165 0.00029645 0.000336 0.00029245 0.0003214 0.0003311 0.0003435 0.00032405 0.0003147 0.00029665 0.0003429 0.00031315 0.00029275 0.0003115 0.0003011 0.0003624 0.00033975 0.000359 0.0003281 0.00030435 0.00031145 0.0003166 0.0003188 0.000293 0.00029375 0.00029235 0.0003487 0.00039655 0.000422 0.00033055 0.00036995 0.0003164 0.00033075 0.0002986 0.00039675 0.00031485 0.0003145 0.00031385 0.00031445 0.0003294 0.00033175
36 0.0002367 0.00036825 0.00031985 0.00026875 0.00036 0.0002368 0.00023675 0.00026865 0.00040005 0.00024385 0.00029775 0.0002368 0.00027695 0.00026875 0.0002373 0.00028985 0.000276 0.0002363 0.00023675 0.0002687 0.000236 0.0002365 0.00023735 0.0002368 0.0002369 0.0002369 0.000237 0.0002371 0.0002473 0.00024445 0.0002768 0.00030095 0.00023715 0.00023765 0.00028795 0.00036825 0.0004717 0.00039195 0.00023635 0.00023705 0.0002816 0.00036815 0.00023665 0.00026825 0.00035995 0.00024445 0.00024415 0.0002367 0.00026855 0.0002465 0.0002683 0.00023715 0.00024425 0.00036805 0.00027615 0.000237 0.00030835 0.0003547 0.00026865 0.0002428 0.00046135 0.0003013 0.00023725 0.00026865 0.0002573 0.0003601 0.0003083 0.00035985 0.00023675 0.0002884 0.0002686 0.0002443 0.0002368 0.00023645 0.0002372 0.00023635 0.0002685 0.00027615 0.0003598 0.00023655 0.0004112 0.0002904 0.0002368 0.0002367 0.00036025 0.00023685 0.0002685 0.0002447 0.00026845 0.0002878 0.0002766
37 0.00032825 0.00037775 0.00033745 0.0002767 0.0002764 0.0003384 0.00039225 0.00027665 0.0003261 0.0003436 0.00032055 0.0003282 0.00035255 0.00030055 0.00032855 0.00030465 0.00029215 0.00039205 0.00034855 0.00030045 0.0003919 0.0003281 0.0003387 0.0003925 0.0003522 0.00033855 0.0003287 0.00032835 0.00030995 0.00034405 0.0003524 0.00022695 0.0003372 0.00032865 0.000389 0.0003778 0.00039195 0.0004491 0.00037765 0.00035215 0.0002849 0.00038785 0.0003514 0.0002763 0.0002765 0.0003441 0.00034395 0.00033835 0.00027655 0.0003381 0.00027655 0.00033855 0.00036185 0.00037775 0.0003282 0.00036225 0.00030395 0.00026355 0.0002868 0.000326 0.00035385 0.0003023 0.0003287 0.00027645 0.0002828 0.00028665 0.0002765 0.00027635 0.000352 0.00038935 0.00027645 0.0003541 0.00033685 0.00032805 0.0003287 0.0003281 0.0003002 0.0003922 0.000326 0.0003521 0.00033735 0.00030505 0.00036165 0.00033835 0.0003006 0.0003463 0.00028655 0.0003441 0.0002865 0.0003975 0.00029425
38 0.0001605 0.00035575 0.0002437 0.0001924 0.0003457 0.00016045 0.00023705 0.0001925 0.00038755 0.0001787 0.00030895 0.00016045 0.0002008 0.0001924 0.00016095 0.00029 0.00021065 0.0002368 0.0001604 0.00019235 0.0002362 0.0001601 0.0001612 0.0002371 0.00016075 0.00016075 0.00016075 0.00016095 0.00017095 0.0001791 0.00020065 0.00028845 0.0001608 0.0001613 0.0002118 0.00035595 0.00023635 0.00037765 0.000319 0.0001607 0.00023045 0.00035565 0.0001603 0.0001919 0.00034585 0.0001793 0.00017875 0.00016035 0.0001922 0.00017035 0.00019205 0.0001608 0.0001792 0.0003555 0.0002001 0.00016065 0.00025925 0.0003948 0.0001923 0.00016645 0.0004761 0.000289 0.0001611 0.0001923 0.0001809 0.0003458 0.00023215 0.00034555 0.0001603 0.00021205 0.00019225 0.00017895 0.00016045 0.00016 0.00016085 0.0001603 0.00019215 0.00027665 0.00034535 0.0001603 0.0003971 0.0002908 0.00016045 0.00016035 0.00034595 0.000161 0.00019215 0.00017935 0.0001921 0.00021165 0.0002751
39 0.0001269 0.00033005 0.00020965 0.00015825 0.0003199 0.00012635 0.0002371 0.00015855 0.00036215 0.00014465 0.0002839 0.0001266 0.0001663 0.0001579 0.0001266 0.00026565 0.00017645 0.00023715 0.0001266 0.0001579 0.000237 0.00012635 0.0001263 0.00023735 0.0001263 0.0001269 0.0001271 0.00012675 0.00013725 0.00014465 0.00016615 0.00025435 0.0001263 0.0001268 0.00017755 0.0003306 0.00023705 0.00035215 0.0001607 0.0002504 0.00019675 0.00033035 0.00012615 0.0001583 0.0003204 0.0001451 0.00014495 0.0001259 0.00015765 0.00013675 0.00015845 0.00012665 0.000145 0.00033055 0.0001665 0.00012585 0.0002255 0.0003777 0.00015845 0.0001324 0.00045895 0.00026345 0.0001271 0.000158 0.00014735 0.0003204 0.00019815 0.00031985 0.0001259 0.00017775 0.00015805 0.0001448 0.0001257 0.0001262 0.00012715 0.00012675 0.00015765 0.00027695 0.0003543 0.0001262 0.00037155 0.00026605 0.00012605 0.00012585 0.00031995 0.0001271 0.00015825 0.00014485 0.0001582 0.00017715 0.00024075
40 0.000109 0.0003244 0.0001861 0.0001088 0.0002852 0.000138 0.00028215 0.00010875 0.00032405 0.00014065 0.0002552 0.00010885 0.00024805 0.0001964 0.0001094 0.00022265 0.0001407 0.0002819 0.00016695 0.0001963 0.00028155 0.0001087 0.0001384 0.00028235 0.00019675 0.00013815 0.0001093 0.0001092 0.0001379 0.0001413 0.0002479 0.00014755 0.0001544 0.00010955 0.00018635 0.00032445 0.0002816 0.0002849 0.00023045 0.00019675 0.0002159 0.0003533 0.000194 0.0001082 0.0002852 0.00014135 0.000141 0.0001406 0.0001113 0.00011865 0.00010845 0.0001382 0.0001955 0.0003242 0.00015975 0.000223 0.0001452 0.0003195 0.0001377 0.00014345 0.0004099 0.00022085 0.0001095 0.0001086 0.0001084 0.0003143 0.00015955 0.00028505 0.00019375 0.00018675 0.00010855 0.00017015 0.00015405 0.00010865 0.00011025 0.0001087 0.00019605 0.000333 0.0004069 0.00019645 0.0003626 0.00022325 0.0002223 0.0001406 0.00037305 0.0001635 0.00013745 0.0001414 0.0001374 0.00023125 0.00018
