 slim_337496348 slim_337496499 slim_337496502 slim_337496487 slim_337496532 slim_337496588 slim_337496629 slim_337496615 slim_337496483 slim_337496623 slim_337496646 slim_337496643 slim_337496282 slim_337496644 slim_337496632 slim_337495997 slim_337496393 slim_337496557 slim_337496606 slim_337496635 slim_337496479 slim_337496541 slim_337496354 slim_337496561 slim_337496618 slim_337496570 slim_337496493 slim_337496630 slim_337496633 slim_337496527 slim_337496537 slim_337496548 slim_337496553 slim_337496472 slim_337496611 slim_337496628 slim_337496631 slim_337496592 slim_337496416 slim_337496505 slim_337496213 slim_337496640 slim_337496648 slim_337496507 slim_337496412 slim_337496419 slim_337496610 slim_337496620 slim_337496609 slim_337496289 slim_337496594 slim_337496351 slim_337496481 slim_337496636 slim_337496581 slim_337496466 slim_337496563 slim_337496638 slim_337496476 slim_337496647 slim_337496543 slim_337496534 slim_337496612 slim_337496459 slim_337496637 slim_337496528 slim_337496474 slim_337496526 slim_337496608 slim_337496229 slim_337496566 slim_337496593 slim_337496624 slim_337496645 slim_337496614 slim_337496586 slim_337496639 slim_337496626 slim_337496364 slim_337496539 slim_337496642 slim_337496598 slim_337496564 slim_337496597 slim_337496576 slim_337496589 slim_337496585 slim_337496523 slim_337496634 slim_337496625 slim_337496641 slim_337496414 slim_337496422 slim_337496622 slim_337496431 slim_337496599 slim_337496627 slim_337496545 slim_337496559
0 0.0005998 0.00031715 0.00033285 0.0003987 0.00034845 0.0003619 0.00036255 0.00030995 0.0003628 0.00032965 0.0003851 0.00031735 0.00033785 0.0003434 0.0003434 0.0003481 0.00031925 0.0003247 0.0003052 0.0003102 0.00031605 0.00030495 0.0003751 0.00033985 0.00031885 0.00034675 0.00035935 0.0003523 0.00031045 0.0003169 0.0003113 0.0003746 0.00036455 0.00030615 0.0003056 0.000349 0.0003365 0.00033055 0.00032285 0.0003013 0.0003049 0.00030605 0.00030495 0.0003293 0.00034325 0.00034325 0.00032265 0.0003159 0.0003156 0.00033675 0.0003189 0.0003469 0.00037425 0.0003188 0.0003606 0.00040425 0.00033825 0.00031895 0.00034125 0.0003052 0.0003384 0.00035185 0.00032775 0.0003102 0.00036005 0.00030595 0.0003436 0.0003608 0.0003987 0.00031395 0.0003101 0.00031965 0.00035805 0.0003482 0.00031015 0.00031085 0.00032235 0.0003311 0.0003116 0.000339 0.0003243 0.00034295 0.00035405 0.0003069 0.0003102 0.0003166 0.00030585 0.00032135 0.00033815 0.00032185 0.00033805 0.0003247 0.00032615 0.000305 0.00034855 0.00034915 0.00030045 0.0003481 0.0003171
1 0.00031715 0.0004514 0.0002912 0.0003699 0.00029425 0.00029375 0.00036815 0.0002275 0.00032515 0.0002644 0.00034065 0.0002263 0.0002695 0.0003091 0.0002874 0.0002939 0.0002341 0.0003391 0.000234 0.0002331 0.00032025 0.00030295 0.00033975 0.000351 0.0002337 0.00035075 0.00030245 0.00029475 0.0002333 0.00023805 0.0002787 0.0003674 0.0003473 0.00028595 0.00025215 0.0003808 0.0002651 0.0003163 0.00031965 0.0002652 0.00030925 0.0002916 0.0003096 0.0002625 0.0002937 0.00028725 0.00031945 0.00037765 0.0003195 0.0003222 0.00023365 0.0003509 0.0003163 0.0002401 0.0003925 0.00041615 0.00029465 0.0002338 0.0002639 0.000234 0.00029785 0.0002943 0.0002918 0.00023305 0.0002982 0.0002915 0.0002876 0.00029535 0.0003699 0.00029195 0.00023265 0.0002855 0.00041495 0.00036985 0.000233 0.00032745 0.0003391 0.0003162 0.000292 0.00030035 0.00032695 0.00025765 0.00033845 0.0002853 0.00022615 0.00029995 0.00029785 0.00041335 0.00032055 0.0002876 0.0002632 0.00027185 0.00028435 0.00030955 0.00036945 0.0003517 0.0003175 0.00026905 0.00028375
2 0.00033285 0.0002912 0.0001938 0.00034755 0.0002269 0.00026025 0.00036195 0.0001215 0.0002075 0.0001347 0.00030775 0.0002914 0.0001637 0.0003339 0.0001838 0.00022655 0.00015085 0.0002932 0.00011685 0.0001041 0.0003061 0.0003334 0.0002857 0.0003243 0.0001504 0.00049975 0.0002985 0.0002235 0.00010455 0.00015275 0.0001939 0.0003542 0.00031175 0.00019935 0.00027745 0.00037865 0.00031115 0.00021715 0.000486 0.0002751 0.0003269 0.00016265 0.00032705 0.00012435 0.0001772 0.0001839 0.0004858 0.0003511 0.0003055 0.00034445 0.00015025 0.0004999 0.0003233 0.0001434 0.00050025 0.00044055 0.0001895 0.0001505 0.0002983 0.00011685 0.00020795 0.00022305 0.0002204 0.000104 0.00026295 0.0001623 0.000184 0.00032885 0.00035685 0.0001867 0.0001039 0.00023275 0.0004178 0.0004371 0.00010405 0.0003115 0.0002843 0.0002885 0.0003274 0.00018135 0.00034485 0.00025195 0.0003034 0.00019815 0.0001111 0.00018105 0.0001555 0.00050035 0.00019455 0.0002023 0.0001704 0.0001404 0.0003614 0.0003269 0.0003248 0.00027255 0.0003332 0.0003472 0.0003844
3 0.0003987 0.0003699 0.00034755 0.0001853 0.00046825 0.0004164 0.0003352 0.00044885 0.0002669 0.00044905 0.00028265 0.0003701 0.00040935 0.00047285 0.00027505 0.0004679 0.0004066 0.00039865 0.00045775 0.00045075 0.0003667 0.0004044 0.00010195 0.0003578 0.0004061 0.00027075 0.0003724 0.00022425 0.00045115 0.00040695 0.00051725 0.0003044 0.0004635 0.0005175 0.00035435 0.00018425 0.0003625 0.00050875 0.0002791 0.00034815 0.000398 0.0005016 0.00039805 0.00046055 0.00026855 0.000275 0.0002789 0.00041025 0.00036615 0.0004058 0.00040615 0.0002709 0.00023305 0.0003996 0.0002253 0.00034745 0.0002754 0.0004062 0.0003553 0.00045775 0.00038375 0.0002238 0.0004262 0.00045075 0.0004174 0.00050145 0.00027525 0.00035365 0.000102 0.0004777 0.0004507 0.0004657 0.00039735 0.00040855 0.00045075 0.0003669 0.00051285 0.0005179 0.00048095 0.0002688 0.00031505 0.0004137 0.00052715 0.0005173 0.00045725 0.00046915 0.00049495 0.0002754 0.00048065 0.00045365 0.000416 0.0004496 0.0003901 0.0003981 0.000475 0.00051195 0.00039905 0.00031165 0.0004226
4 0.00034845 0.00029425 0.0002269 0.00046825 0.0002838 0.0001876 0.00036435 0.00015325 0.00030275 0.0001439 0.0003026 0.00029445 0.0001882 0.00024945 0.0003035 0.0001419 0.0001894 0.0003458 0.00014335 0.00014465 0.00033895 0.0003493 0.00046485 0.0003388 0.000189 0.00048435 0.00022905 0.00034815 0.0001449 0.00018855 0.0002 0.00038475 0.0002428 0.0001986 0.00029485 0.0004976 0.00028935 0.0001991 0.00048845 0.00029425 0.00034945 0.00019595 0.0003495 0.0001439 0.0003034 0.00030335 0.00048825 0.0003905 0.0003385 0.0003415 0.00018905 0.0004845 0.00035385 0.000189 0.00051465 0.0003594 0.0003021 0.0001891 0.0002904 0.00014335 0.0002039 0.0003477 0.0002642 0.00014465 0.00018725 0.00019585 0.0003037 0.00028975 0.00046825 0.0002184 0.00014455 0.0002441 0.0004155 0.0003483 0.0001446 0.0003376 0.00029935 0.00019865 0.00025055 0.0003028 0.00038295 0.0001947 0.0001984 0.00019925 0.0001446 0.0002195 0.0001958 0.00053275 0.00021905 0.00024455 0.00018835 0.0001427 0.00036955 0.00034955 0.00027915 0.0001946 0.00034885 0.00033445 0.0003457
5 0.0003619 0.00029375 0.00026025 0.0004164 0.0001876 0.0003425 0.0003667 0.00018725 0.00030005 0.00018795 0.0002994 0.0002938 0.0001722 0.00023875 0.0002989 0.00018735 0.0001796 0.0003498 0.0001952 0.0001803 0.0003429 0.0003596 0.0004204 0.00033565 0.00017905 0.0004394 0.0002227 0.00029145 0.00018075 0.0001833 0.000241 0.0003482 0.00022665 0.00024915 0.00030615 0.00045465 0.00029245 0.00024185 0.00044955 0.00030765 0.0003533 0.00023915 0.0003533 0.00018 0.00029235 0.00029875 0.00044935 0.0003868 0.00034235 0.0003359 0.00017915 0.00043955 0.00029665 0.0001726 0.0004712 0.0003479 0.0003072 0.00017915 0.00027735 0.0001952 0.00022995 0.000291 0.0002228 0.00018035 0.0001756 0.00023905 0.0002991 0.00028505 0.0004164 0.0002388 0.0001803 0.00023285 0.00041785 0.0003457 0.0001803 0.000351 0.0002883 0.0002412 0.00026425 0.0003003 0.00033465 0.00018545 0.00023285 0.00024885 0.0001868 0.0002319 0.00023255 0.0004982 0.0002237 0.00023495 0.00017885 0.00019645 0.00033755 0.0003534 0.0003115 0.0002314 0.00036225 0.00028045 0.00033745
6 0.00036255 0.00036815 0.00036195 0.0003352 0.00036435 0.0003667 0.0006259 0.00036745 0.00035745 0.00036195 0.0003355 0.00036835 0.0003846 0.0003215 0.000362 0.000364 0.00036605 0.00040555 0.0003629 0.00036645 0.00034515 0.0003659 0.00035795 0.0003441 0.00036545 0.00034985 0.00036325 0.00036125 0.0003669 0.0003636 0.00034455 0.000339 0.0003669 0.00034065 0.00037145 0.00034025 0.0003684 0.00033965 0.0003464 0.00036715 0.000366 0.0003618 0.00036595 0.00038575 0.00036185 0.00036185 0.0003462 0.00034375 0.0003446 0.0003787 0.0003656 0.00035 0.00033885 0.0003654 0.00033965 0.00034225 0.0003582 0.00036555 0.0003717 0.0003629 0.00034015 0.0003608 0.0003645 0.0003665 0.0003649 0.00036175 0.0003622 0.0003673 0.0003353 0.0003618 0.00036645 0.00034305 0.0003143 0.0003674 0.0003664 0.0003412 0.0003433 0.0003224 0.000314 0.00035765 0.00034355 0.00034445 0.0003453 0.0003396 0.00036655 0.00036125 0.0003616 0.0003229 0.0003847 0.0003662 0.0003849 0.00035845 0.0003672 0.0003661 0.0003671 0.0003631 0.0003629 0.00036895 0.00036155
7 0.00030995 0.0002275 0.0001215 0.00044885 0.00015325 0.00018725 0.00036745 2.25e-05 0.0002248 5.19e-05 0.00031845 0.00022755 9.095e-05 0.0002386 0.00018535 0.0001529 5.46e-05 0.000277 2.09e-05 1.89e-05 0.00028985 0.0002946 0.0003743 0.00032135 5.51e-05 0.00053255 0.00023965 0.00022825 1.82e-05 5.96e-05 9.42e-05 0.0003678 0.0002426 0.00010325 0.0002387 0.0004634 0.00026315 0.0001344 0.0005057 0.0002535 0.0003012 8e-05 0.00030125 4.84e-05 0.00019165 0.00018515 0.0005055 0.0003491 0.00029025 0.0003099 5.51e-05 0.0005327 0.000328 6.15e-05 0.00057445 0.000464 0.0001937 5.515e-05 0.00026105 2.09e-05 0.00019535 0.00022785 0.00013755 1.89e-05 0.0001918 7.995e-05 0.00018555 0.0002942 0.0004581 0.0001032 1.875e-05 0.0001375 0.0004232 0.0004336 1.88e-05 0.000299 0.0001929 0.00020635 0.00022745 0.00020005 0.00033305 0.00015585 0.0002269 0.00010355 1.235e-05 0.000112 8.63e-05 0.0005685 0.00013075 0.00010995 8.465e-05 6.05e-05 0.00031005 0.0003013 0.00033035 0.0002122 0.00031025 0.0003019 0.0003336
8 0.0003628 0.00032515 0.0002075 0.0002669 0.00030275 0.00030005 0.00035745 0.0002248 0.0003949 0.00021105 0.0002762 0.0003253 0.0002306 0.0003744 0.00021125 0.0003024 0.0002184 0.0003323 0.00022035 0.0002182 0.0003461 0.0003733 0.0002317 0.00033695 0.00021785 0.00043385 0.0002936 0.00020465 0.00021865 0.00021625 0.00030595 0.000334 0.0003512 0.00030135 0.00031835 0.00033225 0.00030885 0.000292 0.00044625 0.00030795 0.00036695 0.0002646 0.00036695 0.0002375 0.0002047 0.0002111 0.00044605 0.0003904 0.00034555 0.0003403 0.00021795 0.000434 0.00028285 0.0002114 0.00043225 0.0004244 0.0002068 0.00021795 0.0003065 0.00022035 0.0002832 0.00020425 0.0002621 0.00021825 0.00029855 0.0002645 0.00021145 0.0002994 0.00027615 0.00026445 0.0002182 0.0002987 0.00041925 0.00044935 0.0002182 0.00034145 0.0003499 0.0003649 0.00037525 0.0002007 0.00033875 0.00029405 0.0003877 0.00030155 0.0002247 0.0002564 0.000258 0.0004667 0.0002817 0.0002695 0.00023725 0.0002067 0.00036945 0.00036705 0.00040405 0.00034685 0.00036315 0.00030465 0.00041665
9 0.00032965 0.0002644 0.0001347 0.00044905 0.0001439 0.00018795 0.00036195 5.19e-05 0.00021105 8.27e-05 0.0002823 0.0002645 0.0001162 0.00024575 0.00021165 0.00014355 8.755e-05 0.00030445 4.235e-05 4.225e-05 0.0003187 0.0003285 0.0004054 0.00031835 8.66e-05 0.00053635 0.0002303 0.0002565 4.285e-05 8.72e-05 0.00012445 0.0003646 0.00024315 0.00012455 0.0002736 0.00048755 0.00026115 0.00012355 0.0005404 0.0002737 0.0003291 9.365e-05 0.0003287 7.17e-05 0.00021155 0.00021105 0.0005402 0.00037005 0.00031815 0.0002996 8.71e-05 0.0005365 0.0003338 8.705e-05 0.0005762 0.00044125 0.00021185 8.67e-05 0.0002606 4.235e-05 0.00018375 0.00025605 0.00016235 4.25e-05 0.0001882 9.4e-05 0.00021185 0.00026005 0.0004583 0.00011795 4.24e-05 0.00016865 0.00042225 0.00043025 4.2e-05 0.00031875 0.0002239 0.0001965 0.00024825 0.00021165 0.0003628 0.0001646 0.00022495 0.00012375 4.2e-05 0.00011815 9.395e-05 0.0005942 0.00014695 0.0001427 0.00011635 4.23e-05 0.0003398 0.0003292 0.0003182 0.00019505 0.00033 0.00030545 0.00036335
10 0.0003851 0.00034065 0.00030775 0.00028265 0.0003026 0.0002994 0.0003355 0.00031845 0.0002762 0.0002823 0.0004927 0.0003408 0.000324 0.0003366 0.0003122 0.00030225 0.00031155 0.00040865 0.000314 0.00031185 0.00036845 0.00039545 0.0003144 0.0003369 0.000311 0.0003598 0.00029425 0.0003052 0.0003123 0.0003094 0.00036895 0.0003325 0.0003504 0.0003644 0.0003454 0.000362 0.0003061 0.00033265 0.0003905 0.00033505 0.0003892 0.00035765 0.0003892 0.00033135 0.0003057 0.00031205 0.0003903 0.0004121 0.0003679 0.0003488 0.0003111 0.00035995 0.0002815 0.0003046 0.00036 0.0003333 0.0003078 0.0003111 0.00030375 0.000314 0.00028245 0.00030475 0.00035465 0.0003119 0.0002979 0.00035755 0.0003124 0.00027425 0.0002826 0.0003575 0.00031185 0.00036125 0.00039135 0.0003778 0.00031185 0.00036385 0.0004123 0.0003339 0.00036015 0.00030175 0.00036065 0.00028685 0.0003569 0.00036455 0.0003183 0.00034995 0.0003511 0.0004178 0.00037495 0.0003625 0.0003306 0.0002781 0.00038435 0.0003893 0.00037775 0.0003461 0.00038545 0.0003014 0.00038415
11 0.00031735 0.0002263 0.0002914 0.0003701 0.00029445 0.0002938 0.00036835 0.00022755 0.0003253 0.0002645 0.0003408 0.0004516 0.0002695 0.000309 0.00028765 0.0002941 0.00023415 0.0003393 0.00023415 0.00023325 0.0003205 0.0003031 0.00033995 0.00035125 0.0002337 0.0003509 0.00030265 0.00029475 0.0002336 0.0002383 0.0002788 0.00036745 0.00034735 0.000286 0.0002524 0.000381 0.00026525 0.0003163 0.00031965 0.00026535 0.00030975 0.0002917 0.00030975 0.00026275 0.0002938 0.0002874 0.0003196 0.0003779 0.00032 0.0003223 0.00023345 0.00035105 0.00031635 0.00024015 0.0003927 0.00041635 0.00029485 0.00023375 0.0002641 0.00023415 0.0002981 0.00029435 0.0002917 0.00023335 0.0002984 0.0002917 0.00028785 0.00029545 0.0003701 0.000292 0.0002332 0.0002854 0.00041515 0.00037005 0.0002332 0.00032765 0.000339 0.00031625 0.0002922 0.0003005 0.000327 0.00025775 0.0003385 0.00028545 0.00022675 0.00029995 0.00029805 0.00041355 0.0003206 0.0002877 0.0002632 0.000272 0.00028435 0.0003096 0.00036975 0.00035185 0.0003177 0.0002692 0.000284
12 0.00033785 0.0002695 0.0001637 0.00040935 0.0001882 0.0001722 0.0003846 9.095e-05 0.0002306 0.0001162 0.000324 0.0002695 0.0001518 0.0002659 0.00020475 0.00018785 8.36e-05 0.0002745 9.895e-05 8.38e-05 0.00031865 0.0003354 0.0003486 0.0003361 8.315e-05 0.00051175 0.0002253 0.00019775 8.425e-05 8.74e-05 0.0001718 0.0003488 0.00022775 0.00018015 0.00028055 0.0004327 0.0002928 0.00019735 0.0004975 0.000282 0.00032905 0.0001434 0.00032905 8.325e-05 0.00019815 0.0002046 0.0004973 0.0003629 0.0003181 0.00032465 8.315e-05 0.0005119 0.0002971 7.655e-05 0.0005433 0.0004399 0.00021325 8.315e-05 0.00027745 9.895e-05 0.0002298 0.0001974 0.0001276 8.385e-05 0.00017655 0.0001433 0.00020495 0.0003099 0.0004186 0.00014325 8.38e-05 0.0001642 0.00044035 0.0004183 8.38e-05 0.00032695 0.0002198 0.00026875 0.00026725 0.0002061 0.00031095 0.00018535 0.0002604 0.00017965 9.035e-05 0.00013815 0.00013675 0.00054615 0.00012765 0.0001392 8.26e-05 0.0001249 0.000314 0.00032915 0.00034135 0.0002325 0.0003382 0.00028115 0.0003613
13 0.0003434 0.0003091 0.0003339 0.00047285 0.00024945 0.00023875 0.0003215 0.0002386 0.0003744 0.00024575 0.0003366 0.000309 0.0002659 0.0003476 0.00036655 0.0002491 0.00023715 0.00039305 0.00024705 0.00023775 0.00032365 0.00033395 0.0004955 0.0003226 0.00023655 0.00039795 0.0002909 0.0003655 0.00023825 0.0002412 0.00020635 0.0003338 0.0002428 0.00021525 0.0003395 0.0004519 0.00032215 0.0002139 0.0003945 0.00034775 0.00033405 0.0002456 0.000334 0.0002673 0.00036635 0.00036635 0.0003943 0.00032225 0.0003231 0.0003321 0.0002367 0.0003981 0.00033375 0.0002365 0.0004315 0.00033835 0.0003756 0.00023665 0.00031265 0.00024705 0.000267 0.00036505 0.00023525 0.00023785 0.00024345 0.00024555 0.00036675 0.0003207 0.0004636 0.0002456 0.0002378 0.0002046 0.0003133 0.0003364 0.00023775 0.0003325 0.0002087 0.0001875 0.0001948 0.0003747 0.0003218 0.0002063 0.00020805 0.0002148 0.0002379 0.0002448 0.0002454 0.00040855 0.0002659 0.00024115 0.0002662 0.00025505 0.0003078 0.00033415 0.00030455 0.00024785 0.00034375 0.00031615 0.00029325
14 0.0003434 0.0002874 0.0001838 0.00027505 0.0003035 0.0002989 0.000362 0.00018535 0.00021125 0.00021165 0.0003122 0.00028765 0.00020475 0.00036655 0.0003666 0.00030315 0.0001856 0.00030405 0.00018955 0.0001838 0.00031715 0.00033805 0.0002089 0.0003394 0.00018515 0.0004383 0.00030235 0.00018505 0.0001845 0.00018725 0.0002665 0.0003367 0.0003502 0.00027145 0.00028225 0.0003165 0.00031135 0.0002935 0.00042005 0.0002869 0.00033795 0.00024105 0.0003381 0.0002036 0.0001837 0.0001839 0.00041985 0.00036825 0.00031655 0.0003504 0.00018505 0.00043845 0.00028555 0.0001849 0.0004388 0.00044655 0.000189 0.00018525 0.00030575 0.00018955 0.000285 0.0001846 0.00023695 0.0001837 0.0003016 0.00024045 0.00018355 0.0003333 0.00028435 0.0002412 0.000184 0.0002669 0.0004193 0.00045205 0.00018415 0.00032205 0.00031825 0.000365 0.0003537 0.0001881 0.00031745 0.0002852 0.0003799 0.00027075 0.0001843 0.0002403 0.00024065 0.00044925 0.00025585 0.00023685 0.000205 0.00021685 0.0003394 0.000338 0.0004065 0.00035485 0.00034375 0.00030945 0.00038625
15 0.0003481 0.0002939 0.00022655 0.0004679 0.0001419 0.00018735 0.000364 0.0001529 0.0003024 0.00014355 0.00030225 0.0002941 0.00018785 0.0002491 0.00030315 0.0002831 0.00018905 0.00034545 0.000143 0.0001443 0.0003386 0.00034895 0.0004645 0.00033845 0.00018865 0.000484 0.0002287 0.0003478 0.00014455 0.0001882 0.00019965 0.0003844 0.00024255 0.00019825 0.0002945 0.00049725 0.000289 0.00019875 0.0004881 0.0002939 0.0003491 0.0001956 0.00034915 0.00014355 0.00030305 0.000303 0.0004879 0.00039015 0.00033815 0.00034115 0.0001887 0.00048415 0.0003535 0.00018865 0.0005143 0.00035905 0.00030175 0.00018875 0.00029005 0.000143 0.00020355 0.00034735 0.00026385 0.0001443 0.000187 0.0001955 0.00030335 0.0002894 0.0004679 0.00021805 0.0001442 0.00024375 0.00041515 0.00034805 0.00014425 0.00033725 0.000299 0.0001983 0.0002502 0.00030245 0.0003826 0.00019435 0.00019805 0.0001989 0.00014425 0.00021915 0.00019545 0.0005324 0.0002187 0.0002442 0.000188 0.00014235 0.0003692 0.0003492 0.0002789 0.00019435 0.0003485 0.0003341 0.00034535
16 0.00031925 0.0002341 0.00015085 0.0004066 0.0001894 0.0001796 0.00036605 5.46e-05 0.0002184 8.755e-05 0.00031155 0.00023415 8.36e-05 0.00023715 0.0001856 0.00018905 0.0001076 0.0002854 6.39e-05 5.47e-05 0.0002986 0.00030975 0.00033945 0.000323 5.43e-05 0.0004994 0.0002331 0.0001853 5.42e-05 5.875e-05 0.00013545 0.00033625 0.00023515 0.00014525 0.0002548 0.00043 0.00026455 0.00016885 0.0004786 0.00026315 0.00030985 0.0001148 0.0003099 8.42e-05 0.00018545 0.00018545 0.0004784 0.0003502 0.0002989 0.00030285 5.425e-05 0.00049955 0.00028465 5.415e-05 0.00054055 0.00045695 0.00019465 5.43e-05 0.0002551 6.39e-05 0.00021705 0.000185 0.0001054 5.47e-05 0.00018415 0.0001147 0.0001858 0.00028805 0.00041585 0.00011485 5.46e-05 0.0001355 0.0004218 0.0004354 5.465e-05 0.00030825 0.0001911 0.00024065 0.00023285 0.00019385 0.00029855 0.0001557 0.0002612 0.0001447 5.47e-05 0.0001161 0.0001146 0.00054345 0.00013525 0.00010945 8.38e-05 9.68e-05 0.0002853 0.00030995 0.0003583 0.00024015 0.0003195 0.0002593 0.00033245
17 0.0003247 0.0003391 0.0002932 0.00039865 0.0003458 0.0003498 0.00040555 0.000277 0.0003323 0.00030445 0.00040865 0.0003393 0.0002745 0.00039305 0.00030405 0.00034545 0.0002854 0.0005105 0.0002807 0.00027615 0.0003311 0.00031985 0.00033185 0.00035485 0.0002849 0.00041455 0.00035575 0.00031305 0.0002765 0.0002873 0.0003069 0.0003889 0.0003524 0.0003112 0.00031635 0.00035865 0.00036485 0.0003349 0.0003938 0.0003202 0.00031995 0.0002804 0.00032 0.00026585 0.0003039 0.0003039 0.0003936 0.0003305 0.00033055 0.00035225 0.00028495 0.0004147 0.00038885 0.00028485 0.00042425 0.0004409 0.00030845 0.000285 0.00036005 0.0002807 0.00035345 0.0003126 0.00029355 0.00027615 0.0003523 0.0002803 0.00030425 0.00038845 0.0004079 0.00028925 0.00027605 0.00031525 0.0004106 0.0003851 0.0002761 0.00033535 0.0003179 0.0003854 0.00037775 0.0003078 0.00033935 0.00036315 0.0003714 0.0003106 0.00027615 0.0002904 0.0002802 0.0003853 0.0002745 0.00028795 0.00027465 0.00030905 0.00034785 0.00032005 0.0003632 0.00034535 0.00032505 0.00037135 0.0003779
18 0.0003052 0.000234 0.00011685 0.00045775 0.00014335 0.0001952 0.0003629 2.09e-05 0.00022035 4.235e-05 0.000314 0.00023415 9.895e-05 0.00024705 0.00018955 0.000143 6.39e-05 0.0002807 2.17e-05 1.815e-05 0.00029485 0.00029835 0.0003832 0.00032585 6.3e-05 0.0005436 0.00023875 0.0002414 1.86e-05 6.335e-05 9.46e-05 0.00037205 0.00025055 9.405e-05 0.00024295 0.00047225 0.0002608 0.0001253 0.00051685 0.00024915 0.00030535 7.035e-05 0.000305 4.745e-05 0.00019585 0.00018885 0.00051665 0.00035325 0.0002944 0.00030765 6.355e-05 0.00054375 0.0003411 6.995e-05 0.0005833 0.00046775 0.00018895 6.31e-05 0.00026745 1.095e-05 0.00019035 0.00024095 0.000146 1.84e-05 0.0001951 7.08e-05 0.00018975 0.00029195 0.000467 9.38e-05 1.825e-05 0.00014595 0.00041865 0.0004373 1.78e-05 0.00029435 0.00020135 0.00019735 0.0002184 0.00019565 0.0003461 0.00016495 0.000226 9.39e-05 1.135e-05 0.00010295 7.715e-05 0.0005773 0.00012985 0.0001192 9.265e-05 4.24e-05 0.0003166 0.00030545 0.00032525 0.0002026 0.0003056 0.00031255 0.0003401
19 0.0003102 0.0002331 0.0001041 0.00045075 0.00014465 0.0001803 0.00036645 1.89e-05 0.0002182 4.225e-05 0.00031185 0.00023325 8.38e-05 0.00023775 0.0001838 0.0001443 5.47e-05 0.00027615 1.815e-05 1.47e-05 0.0002897 0.0002999 0.00038245 0.0003143 5.4e-05 0.0005343 0.0002326 0.0002303 8.55e-06 5.805e-05 9.13e-05 0.0003608 0.00023565 0.00010095 0.00024385 0.0004652 0.00026365 0.00012495 0.00051415 0.0002525 0.00030005 7.02e-05 0.0003 3.765e-05 0.00018395 0.00018395 0.00051395 0.0003413 0.0002891 0.0003032 5.41e-05 0.00053445 0.00033 5.39e-05 0.00057625 0.00045695 0.00019405 5.41e-05 0.00025325 1.815e-05 0.00017895 0.00022985 0.00013065 7.7e-06 0.00018475 6.98e-05 0.000184 0.00028755 0.00046 9.465e-05 7.9e-06 0.00013665 0.0004222 0.00042645 7.8e-06 0.0002993 0.00019205 0.00019645 0.00023305 0.00019235 0.00033495 0.00015575 0.000217 9.95e-05 8.2e-06 9.545e-05 6.995e-05 0.0005702 0.00011455 0.00011 8.405e-05 5.235e-05 0.0003097 0.00030005 0.00031415 0.00019655 0.00031055 0.00030375 0.0003329
20 0.00031605 0.00032025 0.0003061 0.0003667 0.00033895 0.0003429 0.00034515 0.00028985 0.0003461 0.0003187 0.00036845 0.0003205 0.00031865 0.00032365 0.00031715 0.0003386 0.0002986 0.0003311 0.00029485 0.0002897 0.0005775 0.0003108 0.00034295 0.00031315 0.000299 0.00034395 0.00034905 0.0003267 0.00028915 0.00030155 0.0002902 0.0003488 0.00034335 0.00029595 0.0003112 0.0003169 0.00034975 0.00031975 0.0003201 0.0003155 0.0003107 0.00029505 0.0003108 0.00030945 0.000317 0.00031705 0.00031985 0.00028945 0.00028915 0.0003494 0.000299 0.00034415 0.0003486 0.0002989 0.0003607 0.00037885 0.00032215 0.0002991 0.00034435 0.00029485 0.00031425 0.00032625 0.00030835 0.00028965 0.0003456 0.0002949 0.00031735 0.00037345 0.0003667 0.00030405 0.00028955 0.00029995 0.00034065 0.0003549 0.00028965 0.0002945 0.00030045 0.0003197 0.00030915 0.00032135 0.0002985 0.0003224 0.0003346 0.0002953 0.0002897 0.00030515 0.0002948 0.00028905 0.0003188 0.000299 0.00031885 0.00032385 0.00032975 0.0003108 0.0003549 0.000339 0.0003163 0.0003564 0.00032045
21 0.00030495 0.00030295 0.0003334 0.0004044 0.0003493 0.0003596 0.0003659 0.0002946 0.0003733 0.0003285 0.00039545 0.0003031 0.0003354 0.00033395 0.00033805 0.00034895 0.00030975 0.00031985 0.00029835 0.0002999 0.0003108 0.0005851 0.00037425 0.00034115 0.00030885 0.0003502 0.00036585 0.00035395 0.0003004 0.00031195 0.000295 0.00037595 0.00036225 0.00029995 0.0002938 0.0003549 0.00033885 0.00033005 0.00031995 0.0003045 0.00029955 0.00030495 0.0002992 0.00031985 0.00034435 0.00033745 0.00031975 0.0003171 0.00031025 0.00034485 0.0003093 0.00035035 0.00037575 0.0003157 0.0003664 0.000406 0.00034305 0.00030895 0.0003399 0.00029835 0.0003399 0.0003535 0.00032505 0.0003001 0.00036235 0.0003053 0.00033825 0.00036885 0.0004044 0.0003144 0.00029995 0.0003103 0.0003614 0.00035015 0.0002996 0.0003157 0.000313 0.00033005 0.00031305 0.00034865 0.000326 0.00033335 0.00034495 0.00029875 0.00029315 0.00032195 0.00031165 0.0003273 0.00033555 0.00031235 0.0003291 0.00033415 0.00031885 0.00029965 0.00035025 0.00035575 0.0003053 0.0003519 0.00030965
22 0.0003751 0.00033975 0.0002857 0.00010195 0.00046485 0.0004204 0.00035795 0.0003743 0.0002317 0.0004054 0.0003144 0.00033995 0.0003486 0.0004955 0.0002089 0.0004645 0.00033945 0.00033185 0.0003832 0.00038245 0.00034295 0.00037425 6.99e-05 0.0003651 0.00033895 0.00031815 0.0003774 0.00016555 0.00038285 0.0003398 0.0004646 0.000313 0.00046785 0.000465 0.0003189 0.00016895 0.0003591 0.00048715 0.0002999 0.0003191 0.00037425 0.0004348 0.0003743 0.00039225 0.00020875 0.0002088 0.0002997 0.00039415 0.0003424 0.00039825 0.000339 0.0003183 0.0002413 0.00033885 0.00027695 0.00041435 0.00020945 0.00033905 0.00035815 0.0003832 0.00039075 0.00016515 0.00036695 0.00038245 0.0004214 0.00043465 0.0002091 0.00038115 0.0001112 0.00041105 0.0003824 0.0004206 0.00041515 0.00045595 0.00038245 0.0003433 0.0004681 0.0005364 0.00047285 0.00020895 0.00029885 0.0004143 0.00054565 0.00046465 0.00038255 0.00041065 0.00043455 0.0003026 0.00042025 0.00038685 0.00034885 0.0004061 0.00036785 0.00037435 0.0005019 0.0005163 0.00037545 0.00031565 0.00042855
23 0.00033985 0.000351 0.0003243 0.0003578 0.0003388 0.00033565 0.0003441 0.00032135 0.00033695 0.00031835 0.0003369 0.00035125 0.0003361 0.0003226 0.0003394 0.00033845 0.000323 0.00035485 0.00032585 0.0003143 0.00031315 0.00034115 0.0003651 0.0006109 0.0003229 0.0003367 0.0003402 0.0003418 0.0003143 0.0003254 0.00032085 0.00034135 0.00033595 0.000326 0.00034195 0.000332 0.0003496 0.00031845 0.00034365 0.00033985 0.0003346 0.0003188 0.0003347 0.00033405 0.00033285 0.00033935 0.0003434 0.0003064 0.00031305 0.0003417 0.0003229 0.0003369 0.0003413 0.00031635 0.0003534 0.00035215 0.00034435 0.000323 0.00033785 0.00032585 0.0003077 0.00034135 0.0003249 0.00031425 0.00033835 0.0003186 0.0003396 0.00034195 0.0003578 0.0003277 0.0003142 0.0003229 0.00034415 0.00034765 0.0003143 0.0003184 0.00032325 0.0003187 0.00033895 0.0003372 0.0003152 0.0003226 0.0003336 0.00032545 0.0003208 0.0003204 0.0003121 0.00030575 0.0003361 0.00032325 0.00034275 0.0003234 0.00035315 0.0003347 0.00034765 0.0003316 0.0003402 0.00034915 0.00034385
24 0.00031885 0.0002337 0.0001504 0.0004061 0.000189 0.00017905 0.00036545 5.51e-05 0.00021785 8.66e-05 0.000311 0.0002337 8.315e-05 0.00023655 0.00018515 0.00018865 5.43e-05 0.0002849 6.3e-05 5.4e-05 0.000299 0.00030885 0.00033895 0.0003229 0.0001064 0.00049885 0.0002326 0.0001849 5.465e-05 5.83e-05 0.0001358 0.0003357 0.0002346 0.0001448 0.00025445 0.0004295 0.0002641 0.00016825 0.00047815 0.00026275 0.0003094 0.00011375 0.000309 8.375e-05 0.000185 0.00018445 0.00047795 0.00034975 0.00029845 0.00030225 5.385e-05 0.000499 0.0002841 5.375e-05 0.00054005 0.00045645 0.00019425 5.335e-05 0.0002546 6.3e-05 0.0002166 0.00018445 0.0001048 5.43e-05 0.00018365 0.0001142 0.00018535 0.00028745 0.00041535 0.0001144 5.42e-05 0.0001349 0.0004212 0.0004349 5.37e-05 0.00030795 0.0001905 0.0002401 0.0002323 0.00019335 0.000298 0.0001559 0.00026065 0.0001437 5.375e-05 0.00011555 0.0001141 0.00054295 0.0001347 0.0001098 8.335e-05 9.635e-05 0.0002848 0.0003095 0.0003578 0.0002396 0.0003192 0.00025875 0.00033205
25 0.00034675 0.00035075 0.00049975 0.00027075 0.00048435 0.0004394 0.00034985 0.00053255 0.00043385 0.00053635 0.0003598 0.0003509 0.00051175 0.00039795 0.0004383 0.000484 0.0004994 0.00041455 0.0005436 0.0005343 0.00034395 0.0003502 0.00031815 0.0003367 0.00049885 0.0002921 0.0003996 0.00039665 0.00053475 0.0005015 0.00051475 0.0003427 0.0004381 0.0005173 0.00035215 0.00024115 0.0003467 0.00051 0.00015365 0.0003482 0.00034375 0.00053665 0.00034375 0.00055375 0.00043175 0.00043815 0.00015335 0.0003368 0.0003434 0.0003513 0.00049895 0.0001465 0.00032215 0.0004924 0.00016735 0.0003048 0.000441 0.00049895 0.0003372 0.0005436 0.00041985 0.0003962 0.0004774 0.00053435 0.00044215 0.00053655 0.0004385 0.00033915 0.0002615 0.000522 0.0005343 0.0004724 0.0003407 0.0002845 0.0005343 0.0003465 0.00047115 0.00043825 0.00040845 0.00043425 0.0003015 0.0004249 0.00045485 0.00051705 0.0005408 0.0005151 0.00053005 0.0001463 0.00053225 0.00049805 0.0005184 0.00053925 0.00032935 0.00034385 0.0003965 0.00047725 0.0003471 0.0003045 0.0002963
26 0.00035935 0.00030245 0.0002985 0.0003724 0.00022905 0.0002227 0.00036325 0.00023965 0.0002936 0.0002303 0.00029425 0.00030265 0.0002253 0.0002909 0.00030235 0.0002287 0.0002331 0.00035575 0.00023875 0.0002326 0.00034905 0.00036585 0.0003774 0.0003402 0.0002326 0.0003996 0.0004384 0.0002962 0.000233 0.0002321 0.0002939 0.0003538 0.0002777 0.0002933 0.0003119 0.00041205 0.00029 0.0002848 0.00041215 0.00030485 0.00035945 0.00028365 0.0003595 0.00023185 0.00029585 0.0003023 0.00041195 0.00039345 0.0003485 0.00033455 0.00023265 0.00039975 0.0003027 0.0002261 0.0004299 0.00035195 0.0003019 0.0002327 0.00028365 0.00023875 0.00027705 0.00029575 0.0002771 0.0002326 0.00022235 0.0002835 0.00030255 0.0002814 0.00037245 0.0002831 0.00023255 0.000287 0.00041595 0.0003498 0.0002326 0.00034845 0.00034205 0.00028385 0.0002986 0.00029525 0.00034205 0.00023695 0.00028355 0.00029305 0.0002391 0.0002744 0.000277 0.00045825 0.00027635 0.00028805 0.00023195 0.00022995 0.00034705 0.00035955 0.00034715 0.0002738 0.0003597 0.0002833 0.0003467
27 0.0003523 0.00029475 0.0002235 0.00022425 0.00034815 0.00029145 0.00036125 0.00022825 0.00020465 0.0002565 0.0003052 0.00029475 0.00019775 0.0003655 0.00018505 0.0003478 0.0001853 0.00031305 0.0002414 0.0002303 0.0003267 0.00035395 0.00016555 0.0003418 0.0001849 0.00039665 0.0002962 0.0002658 0.00023075 0.00018765 0.0003176 0.0003054 0.00034295 0.0003219 0.0002995 0.0002745 0.0003121 0.00033695 0.0003843 0.0002973 0.00034755 0.0002851 0.00034755 0.00024985 0.00017845 0.0001849 0.0003841 0.0003704 0.00032615 0.00034325 0.0001849 0.0003968 0.00023345 0.0001783 0.0003964 0.0004399 0.0001895 0.0001849 0.0003008 0.0002414 0.00031635 0.00013295 0.00020485 0.00023035 0.0002943 0.000285 0.00018525 0.00032705 0.0002335 0.0002612 0.0002303 0.00026525 0.0004185 0.0004543 0.0002303 0.00033095 0.0003168 0.0004088 0.0003596 0.0001827 0.00027425 0.00028565 0.0004237 0.0003218 0.00023685 0.0002541 0.00027845 0.00041575 0.00026975 0.0002369 0.00020445 0.00026115 0.00031475 0.00034765 0.00044395 0.0003917 0.00035265 0.00025825 0.00038565
28 0.00031045 0.0002333 0.00010455 0.00045115 0.0001449 0.00018075 0.0003669 1.82e-05 0.00021865 4.285e-05 0.0003123 0.0002336 8.425e-05 0.00023825 0.0001845 0.00014455 5.42e-05 0.0002765 1.86e-05 8.55e-06 0.00028915 0.0003004 0.00038285 0.0003143 5.465e-05 0.00053475 0.000233 0.00023075 1.55e-05 5.875e-05 9.08e-05 0.00036125 0.0002361 0.00010125 0.0002444 0.0004656 0.00026395 0.00012545 0.00051445 0.0002527 0.00030035 7.085e-05 0.00030055 3.835e-05 0.00018435 0.00018455 0.00051425 0.0003416 0.0002894 0.0003037 5.45e-05 0.0005349 0.00033045 5.42e-05 0.00057665 0.00045735 0.0001943 5.475e-05 0.0002535 1.86e-05 0.0001792 0.0002303 0.00013115 8.25e-06 0.00018515 7.055e-05 0.0001847 0.00028805 0.0004604 9.495e-05 8.3e-06 0.00013715 0.00042265 0.00042685 8.5e-06 0.00029945 0.00019255 0.0001969 0.0002334 0.0001927 0.0003354 0.0001554 0.00021745 0.0001001 8.7e-06 9.585e-05 7.03e-05 0.0005706 0.000115 0.0001095 8.445e-05 5.265e-05 0.00031005 0.0003004 0.00031455 0.000197 0.0003107 0.0003042 0.000333
29 0.0003169 0.00023805 0.00015275 0.00040695 0.00018855 0.0001833 0.0003636 5.96e-05 0.00021625 8.72e-05 0.0003094 0.0002383 8.74e-05 0.0002412 0.00018725 0.0001882 5.875e-05 0.0002873 6.335e-05 5.805e-05 0.00030155 0.00031195 0.0003398 0.0003254 5.83e-05 0.0005015 0.0002321 0.00018765 5.875e-05 0.0001151 0.00014025 0.00033845 0.00023885 0.00014475 0.0002566 0.00043035 0.00026395 0.00016855 0.00048085 0.00026075 0.0003119 0.00011445 0.00031205 8.735e-05 0.0001874 0.0001876 0.00048065 0.00035215 0.00030095 0.00030245 5.82e-05 0.00050165 0.00028685 5.805e-05 0.0005409 0.0004588 0.0001923 5.84e-05 0.0002588 6.335e-05 0.000219 0.0001872 0.00010945 5.795e-05 0.00018315 0.00011385 0.00018745 0.00028765 0.0004162 0.00011435 5.825e-05 0.00013955 0.00041935 0.00043725 5.84e-05 0.000306 0.00019515 0.00024 0.00022775 0.0001913 0.00030075 0.00016035 0.0002649 0.00014405 5.855e-05 0.0001154 0.00011405 0.0005438 0.00013895 0.00011425 8.765e-05 9.195e-05 0.0002894 0.00031195 0.00036015 0.0002395 0.00031725 0.00025855 0.00033635
30 0.0003113 0.0002787 0.0001939 0.00051725 0.0002 0.000241 0.00034455 9.42e-05 0.00030595 0.00012445 0.00036895 0.0002788 0.0001718 0.00020635 0.0002665 0.00019965 0.00013545 0.0003069 9.46e-05 9.13e-05 0.0002902 0.000295 0.0004646 0.00032085 0.0001358 0.00051475 0.0002939 0.0003176 9.08e-05 0.00014025 0.0001681 0.0003665 0.0002454 9.435e-05 0.0002951 0.00047225 0.000319 0.00012415 0.00048455 0.0003098 0.00030145 0.00010115 0.0003015 0.00012105 0.0002727 0.00026635 0.00048435 0.00029735 0.0002905 0.00032505 0.00013585 0.0005149 0.00038665 0.0001421 0.00055265 0.00043725 0.000276 0.0001359 0.00031545 9.46e-05 0.0002371 0.00031715 0.0001664 9.13e-05 0.00024555 0.00010105 0.0002667 0.0003487 0.00051725 0.00012505 9.12e-05 0.0001354 0.0003407 0.0004069 9.125e-05 0.0003003 0.00013985 0.0001692 0.00019595 0.0002811 0.0003414 0.0002065 0.00018975 9.345e-05 8.495e-05 0.00013215 0.0001073 0.0004964 0.0001516 0.00013975 0.00016565 0.00013415 0.0003094 0.00030155 0.0002946 0.0002064 0.00031155 0.00036455 0.0003183
31 0.0003746 0.0003674 0.0003542 0.0003044 0.00038475 0.0003482 0.000339 0.0003678 0.000334 0.0003646 0.0003325 0.00036745 0.0003488 0.0003338 0.0003367 0.0003844 0.00033625 0.0003889 0.00037205 0.0003608 0.0003488 0.00037595 0.000313 0.00034135 0.0003357 0.0003427 0.0003538 0.0003054 0.00036125 0.00033845 0.0003665 0.0006057 0.0003482 0.000371 0.0003775 0.00031785 0.0003667 0.0003635 0.0003486 0.00037535 0.00036965 0.0003638 0.00036965 0.00038045 0.00033015 0.00033655 0.0003484 0.00034055 0.00034825 0.00035795 0.0003358 0.00034285 0.00030345 0.00032925 0.0003377 0.0003484 0.00034135 0.0003358 0.00035525 0.00037205 0.00034585 0.00030495 0.00030365 0.00036085 0.00035105 0.0003637 0.0003369 0.0003591 0.00030435 0.00033975 0.0003608 0.0003345 0.0003396 0.00038235 0.0003608 0.00035325 0.00033455 0.00036365 0.0003508 0.00033445 0.0003167 0.0003355 0.00037855 0.0003708 0.0003673 0.0003329 0.0003572 0.0003295 0.00034815 0.0003362 0.00035545 0.00036945 0.0003354 0.00036975 0.00039685 0.00037635 0.00037495 0.000333 0.00035915
32 0.00036455 0.0003473 0.00031175 0.0004635 0.0002428 0.00022665 0.0003669 0.0002426 0.0003512 0.00024315 0.0003504 0.00034735 0.00022775 0.0002428 0.0003502 0.00024255 0.00023515 0.0003524 0.00025055 0.00023565 0.00034335 0.00036225 0.00046785 0.00033595 0.0002346 0.0004381 0.0002777 0.00034295 0.0002361 0.00023885 0.0002454 0.0003482 0.0004526 0.00025355 0.0003599 0.00045105 0.00034605 0.0002461 0.0004482 0.0003614 0.00035595 0.00024335 0.00035595 0.00023535 0.00034365 0.00035005 0.000448 0.0003361 0.0003428 0.00033835 0.0002347 0.00043825 0.000348 0.00022815 0.00046965 0.0003482 0.0003585 0.0002347 0.00033095 0.00025055 0.0002811 0.0003425 0.0002272 0.0002357 0.000231 0.00024325 0.0003504 0.0003385 0.0004635 0.000243 0.00023565 0.00023745 0.00036735 0.0003482 0.00023565 0.00035145 0.0002373 0.00024545 0.00026845 0.0003516 0.0003353 0.00024045 0.0002371 0.00025325 0.00024215 0.0002359 0.00023675 0.00044375 0.0002279 0.0002349 0.0002344 0.00025165 0.00033995 0.00035605 0.000314 0.00023545 0.0003649 0.00033425 0.00033985
33 0.00030615 0.00028595 0.00019935 0.0005175 0.0001986 0.00024915 0.00034065 0.00010325 0.00030135 0.00012455 0.0003644 0.000286 0.00018015 0.00021525 0.00027145 0.00019825 0.00014525 0.0003112 9.405e-05 0.00010095 0.00029595 0.00029995 0.000465 0.000326 0.0001448 0.0005173 0.0002933 0.0003219 0.00010125 0.00014475 9.435e-05 0.000371 0.00025355 0.0001867 0.00030005 0.0004725 0.0003158 0.00012405 0.0004871 0.00030615 0.00030645 0.0001013 0.00030645 0.00013005 0.00027765 0.00027125 0.0004869 0.00030235 0.0002955 0.00032275 0.0001449 0.00051745 0.000391 0.00015115 0.00055295 0.00044135 0.00027075 0.0001449 0.0003227 9.405e-05 0.00024155 0.00032145 0.00017495 0.000101 0.00024915 0.00010125 0.00027165 0.0003464 0.0005175 0.00012405 0.0001009 0.00014425 0.0003368 0.000411 0.0001009 0.0002953 0.0001487 0.00016965 0.00018755 0.00027745 0.00034575 0.0002162 0.00019835 9.42e-05 9.46e-05 0.00013275 0.0001075 0.0004967 0.0001601 0.0001496 0.000174 0.0001241 0.00031615 0.00030655 0.00029895 0.0002057 0.00030655 0.0003666 0.0003253
34 0.0003056 0.00025215 0.00027745 0.00035435 0.00029485 0.00030615 0.00037145 0.0002387 0.00031835 0.0002736 0.0003454 0.0002524 0.00028055 0.0003395 0.00028225 0.0002945 0.0002548 0.00031635 0.00024295 0.00024385 0.0003112 0.0002938 0.0003189 0.00034195 0.00025445 0.00035215 0.0003119 0.0002995 0.0002444 0.0002566 0.0002951 0.0003775 0.0003599 0.00030005 0.0004738 0.0003558 0.00028445 0.00033065 0.00032545 0.0002481 0.00030025 0.00030165 0.0003004 0.00026365 0.00028885 0.00028255 0.00032525 0.0003694 0.0003107 0.0003415 0.00025435 0.0003523 0.0003262 0.0002607 0.00037245 0.00040765 0.0002876 0.00025455 0.00028545 0.00024295 0.0002893 0.00029905 0.0003222 0.00024375 0.00030885 0.0003011 0.00028245 0.00031495 0.00035435 0.00031055 0.000244 0.0003114 0.00041765 0.0003523 0.00024415 0.00031615 0.0003652 0.00033165 0.0003183 0.00029325 0.0003274 0.00028285 0.00034655 0.00029945 0.0002378 0.00031855 0.00030775 0.00038405 0.0003318 0.0003085 0.0002743 0.0002787 0.0003201 0.0003003 0.0003522 0.0003534 0.000306 0.00029845 0.00031075
35 0.000349 0.0003808 0.00037865 0.00018425 0.0004976 0.00045465 0.00034025 0.0004634 0.00033225 0.00048755 0.000362 0.000381 0.0004327 0.0004519 0.0003165 0.00049725 0.00043 0.00035865 0.00047225 0.0004652 0.0003169 0.0003549 0.00016895 0.000332 0.0004295 0.00024115 0.00041205 0.0002745 0.0004656 0.00043035 0.00047225 0.00031785 0.00045105 0.0004725 0.0003558 0.0003219 0.0003972 0.00048775 0.00022555 0.00034955 0.0003483 0.00046525 0.00034835 0.000475 0.0003099 0.0003164 0.0002255 0.0003096 0.00031635 0.0003897 0.00042955 0.00024115 0.0002973 0.00042295 0.00021645 0.0003617 0.0003169 0.0004296 0.00038995 0.00047225 0.00041345 0.0002741 0.0004077 0.0004652 0.00045565 0.0004651 0.0003167 0.00041235 0.00018425 0.0004503 0.00046515 0.0004296 0.00033725 0.0003737 0.0004652 0.00031695 0.00042605 0.00048775 0.0004358 0.0003101 0.00027415 0.00045225 0.000497 0.0004723 0.00047175 0.00044305 0.00045855 0.00016105 0.0004532 0.00042635 0.0004394 0.0004881 0.0003591 0.0003484 0.0004404 0.00049045 0.00034935 0.00035525 0.00037355
36 0.0003365 0.0002651 0.00031115 0.0003625 0.00028935 0.00029245 0.0003684 0.00026315 0.00030885 0.00026115 0.0003061 0.00026525 0.0002928 0.00032215 0.00031135 0.000289 0.00026455 0.00036485 0.0002608 0.00026365 0.00034975 0.00033885 0.0003591 0.0003496 0.0002641 0.0003467 0.00029 0.0003121 0.00026395 0.00026395 0.000319 0.0003667 0.00034605 0.0003158 0.00028445 0.0003972 0.0005157 0.00031635 0.00035105 0.00028245 0.00033905 0.0003132 0.00033905 0.0002924 0.00031125 0.00031115 0.00035085 0.0004013 0.0003493 0.00031035 0.0002642 0.00034655 0.0003154 0.00026415 0.00039065 0.00039445 0.0003084 0.0002642 0.0002607 0.0002608 0.0002966 0.00031165 0.00031585 0.0002637 0.00029235 0.00031315 0.00031155 0.0002586 0.0003625 0.0003124 0.0002636 0.0003192 0.00041955 0.0003676 0.0002636 0.00034685 0.00037285 0.00031665 0.00031845 0.00030925 0.00034985 0.00026745 0.000347 0.00031685 0.0002636 0.00031365 0.0003131 0.0004353 0.00034405 0.0003181 0.00029295 0.00025845 0.0003169 0.00033915 0.00036755 0.0003416 0.0003369 0.0002611 0.00031655
