 slim_337637924 slim_337637768 slim_337637871 slim_337637728 slim_337637794 slim_337637895 slim_337637877 slim_337637882 slim_337637902 slim_337637848 slim_337637920 slim_337637845 slim_337637923 slim_337637927 slim_337637898 slim_337637837 slim_337637886 slim_337637811 slim_337637899 slim_337637628 slim_337637668 slim_337637767 slim_337637865 slim_337637917 slim_337637862 slim_337637850 slim_337637922 slim_337637866 slim_337637833 slim_337637915 slim_337637617 slim_337637887 slim_337637890 slim_337637885 slim_337637844 slim_337637919 slim_337637925 slim_337637854 slim_337637873 slim_337637864 slim_337637810 slim_337637802 slim_337637868 slim_337637867 slim_337637897 slim_337637878 slim_337637804 slim_337637880 slim_337637812 slim_337637740 slim_337637746 slim_337637397 slim_337637903 slim_337637689 slim_337637787 slim_337637649 slim_337637722 slim_337637693 slim_337637921 slim_337637874 slim_337637884 slim_337637706 slim_337637717 slim_337637788 slim_337637881 slim_337637912 slim_337637910 slim_337637892 slim_337637906 slim_337637822 slim_337637775 slim_337637755 slim_337637901 slim_337637905 slim_337637710 slim_337637817 slim_337637861 slim_337637713 slim_337637715 slim_337637776 slim_337637914 slim_337637893 slim_337637832 slim_337637876 slim_337637847 slim_337637883 slim_337637621 slim_337637783 slim_337637913 slim_337637826 slim_337637879 slim_337637858 slim_337637834 slim_337637744 slim_337637909 slim_337637839 slim_337637742 slim_337637907 slim_337637894 slim_337637801
0 1.64e-05 1.26e-05 1.25e-05 1.42e-05 1.275e-05 1.28e-05 1.115e-05 1.1e-05 1.335e-05 1.235e-05 9.95e-06 1.285e-05 1.29e-05 1.41e-05 1.305e-05 1.24e-05 1.345e-05 1.385e-05 1.45e-05 1.395e-05 1.19e-05 1.39e-05 1.25e-05 1.375e-05 1.3e-05 1.105e-05 1.105e-05 1.37e-05 1.455e-05 1.09e-05 1.295e-05 1.17e-05 1.325e-05 1.13e-05 1.32e-05 1.2e-05 1.035e-05 1.285e-05 1.16e-05 1.205e-05 1.345e-05 1.265e-05 1.105e-05 1.16e-05 9.6e-06 1.145e-05 1.445e-05 1.305e-05 1.315e-05 1.17e-05 1.275e-05 1.48e-05 1.38e-05 1.195e-05 1.25e-05 1.34e-05 1.24e-05 1.27e-05 1.095e-05 1.39e-05 1.26e-05 1.49e-05 1.435e-05 1.35e-05 1.265e-05 1.26e-05 1.23e-05 1.43e-05 1.075e-05 1.31e-05 1.34e-05 1.335e-05 1e-05 1.42e-05 1.04e-05 1.32e-05 1.25e-05 1.32e-05 1.115e-05 1.17e-05 1.385e-05 1.375e-05 1.35e-05 1.04e-05 1.37e-05 1.48e-05 1.415e-05 1.365e-05 1.2e-05 1.075e-05 1.3e-05 1.32e-05 1.165e-05 1.425e-05 1.425e-05 1.375e-05 1.33e-05 1.335e-05 1.115e-05 1.38e-05
1 1.26e-05 1.08e-05 9.15e-06 1.26e-05 9.65e-06 1.28e-05 6.15e-06 1.245e-05 1.315e-05 9.15e-06 1.255e-05 1.055e-05 8.3e-06 1.03e-05 1.335e-05 1.39e-05 1.045e-05 1.55e-05 1.27e-05 1.455e-05 5.95e-06 1.175e-05 1.235e-05 1.39e-05 1.32e-05 1.495e-05 1.37e-05 9.6e-06 1.065e-05 1.28e-05 1.615e-05 1.19e-05 1.225e-05 1.375e-05 1.4e-05 1.01e-05 7.8e-06 1.09e-05 1.205e-05 6.65e-06 1.175e-05 1.47e-05 6.05e-06 1.18e-05 1.05e-05 7.95e-06 1.28e-05 1.625e-05 1.225e-05 6.55e-06 1.56e-05 1.735e-05 1.185e-05 8e-06 1.03e-05 1.385e-05 1.29e-05 1.28e-05 5.95e-06 9.4e-06 1.62e-05 1.56e-05 9.5e-06 1.035e-05 1.25e-05 1.45e-05 1.4e-05 1.25e-05 1.09e-05 9.7e-06 7.55e-06 9.55e-06 1.27e-05 1.545e-05 1.055e-05 1.25e-05 1.205e-05 1.18e-05 8.35e-06 6.55e-06 8.15e-06 1.415e-05 1.645e-05 1.32e-05 1.495e-05 1.54e-05 1.235e-05 1.55e-05 1.405e-05 1.105e-05 1.085e-05 1.13e-05 8.5e-06 1.33e-05 1.69e-05 1.34e-05 1.105e-05 1.175e-05 1.225e-05 1.42e-05
2 1.25e-05 9.15e-06 1.15e-05 9.65e-06 8.4e-06 9.3e-06 6.05e-06 1.09e-05 1.02e-05 9.1e-06 1.26e-05 9.55e-06 7.5e-06 7.45e-06 1.13e-05 1.185e-05 7.95e-06 1.39e-05 1.32e-05 1.065e-05 6.2e-06 8.5e-06 1.1e-05 1.105e-05 1.045e-05 1.215e-05 1.335e-05 1.215e-05 1.075e-05 1.045e-05 1.305e-05 1.095e-05 8.45e-06 1.135e-05 1.395e-05 9.7e-06 8.45e-06 8e-06 1.055e-05 7.9e-06 7.7e-06 1.23e-05 5.95e-06 1.02e-05 9.85e-06 9.65e-06 1.165e-05 1.315e-05 8.6e-06 7.75e-06 1.31e-05 1.54e-05 1.115e-05 6.2e-06 8.25e-06 1.085e-05 9.8e-06 1.175e-05 5.85e-06 1.05e-05 1.37e-05 1.145e-05 1.18e-05 9.45e-06 1.115e-05 1.42e-05 1.18e-05 9.2e-06 9.95e-06 9.85e-06 8.9e-06 9.2e-06 1.29e-05 1.155e-05 1.005e-05 1.26e-05 1.285e-05 1.04e-05 9.25e-06 7.75e-06 7.95e-06 1.2e-05 1.325e-05 1.215e-05 1.52e-05 1.28e-05 9.05e-06 1.285e-05 1.385e-05 1.01e-05 1.005e-05 1.11e-05 1.04e-05 1.24e-05 1.395e-05 8e-06 9.2e-06 7.85e-06 1.03e-05 1.205e-05
3 1.42e-05 1.26e-05 9.65e-06 1.05e-05 8.1e-06 1.03e-05 1.32e-05 1e-05 7.05e-06 1.265e-05 1.325e-05 1.095e-05 9.15e-06 7.55e-06 1.075e-05 9.2e-06 6.95e-06 1.285e-05 1.32e-05 6.35e-06 1.26e-05 8.5e-06 7.6e-06 7.6e-06 6.75e-06 9.95e-06 1.345e-05 1.47e-05 1.14e-05 1.095e-05 9.9e-06 1.38e-05 6.2e-06 1.315e-05 1.555e-05 1.06e-05 1.27e-05 9.2e-06 8.85e-06 1.29e-05 7.75e-06 9.65e-06 1.31e-05 1.105e-05 1.36e-05 1.265e-05 1.245e-05 1.005e-05 6.35e-06 1.295e-05 1.14e-05 1.35e-05 1.245e-05 1.035e-05 1e-05 1.025e-05 9.15e-06 1.09e-05 1.3e-05 9.55e-06 1.07e-05 6.9e-06 1.515e-05 9.85e-06 7.75e-06 1.47e-05 8.5e-06 6.55e-06 1.315e-05 9.9e-06 1.35e-05 1.095e-05 1.315e-05 9.25e-06 1.2e-05 1.43e-05 1.25e-05 8e-06 1.17e-05 1.295e-05 1.01e-05 1.12e-05 1.035e-05 1.215e-05 1.555e-05 9.65e-06 6.45e-06 1.03e-05 1.23e-05 1.23e-05 9.1e-06 9.5e-06 1.43e-05 1.09e-05 1.19e-05 5.75e-06 1.09e-05 7.9e-06 1.035e-05 1.125e-05
4 1.275e-05 9.65e-06 8.4e-06 8.1e-06 7.6e-06 9e-06 9.25e-06 1.155e-05 8.4e-06 9.85e-06 1.255e-05 9.55e-06 7.7e-06 5.3e-06 9.8e-06 9.95e-06 5.4e-06 1.44e-05 1.19e-05 9.9e-06 8.9e-06 7.05e-06 8.65e-06 8.8e-06 8.4e-06 1.135e-05 1.395e-05 1.28e-05 1.05e-05 8.8e-06 1.255e-05 1.22e-05 7.15e-06 1.1e-05 1.47e-05 9.05e-06 1.085e-05 7.2e-06 1.12e-05 1.045e-05 6.7e-06 1.1e-05 9.15e-06 1.07e-05 1.08e-05 1.17e-05 1.245e-05 1.265e-05 6.95e-06 9.35e-06 1.19e-05 1.325e-05 1.055e-05 7.05e-06 9.55e-06 1.005e-05 9.1e-06 1.215e-05 9.05e-06 9.35e-06 1.26e-05 1.095e-05 1.365e-05 1.03e-05 8.8e-06 1.5e-05 1e-05 7.9e-06 1.115e-05 9.55e-06 1.195e-05 8.2e-06 1.295e-05 1.075e-05 1.055e-05 1.345e-05 1.205e-05 6.6e-06 8.15e-06 9.35e-06 8.15e-06 1.065e-05 1.285e-05 1.28e-05 1.565e-05 1.02e-05 7.75e-06 1.185e-05 1.145e-05 1.135e-05 9.75e-06 1.105e-05 1.125e-05 1.29e-05 1.335e-05 8.75e-06 1.03e-05 6.5e-06 8.8e-06 1.07e-05
5 1.28e-05 1.28e-05 9.3e-06 1.03e-05 9e-06 1.16e-05 1.145e-05 1.295e-05 1.025e-05 8.9e-06 1.26e-05 1.15e-05 1.045e-05 7.7e-06 9.7e-06 1.07e-05 8.2e-06 1.31e-05 1.34e-05 1.125e-05 1.155e-05 8.2e-06 1.015e-05 1.125e-05 1.05e-05 1.105e-05 1.215e-05 1.445e-05 1.14e-05 8.95e-06 1.125e-05 1.145e-05 8.7e-06 7.45e-06 1.215e-05 1.17e-05 1.2e-05 6.8e-06 1.18e-05 1.205e-05 6.15e-06 1.065e-05 1.135e-05 1.03e-05 1.105e-05 1.195e-05 1.05e-05 1.135e-05 8.7e-06 1.25e-05 1.18e-05 1.325e-05 1.385e-05 8.9e-06 1.13e-05 7.6e-06 8.35e-06 1.36e-05 1.125e-05 1.2e-05 1.205e-05 1.2e-05 1.355e-05 1.115e-05 1.03e-05 1.41e-05 1.065e-05 9.85e-06 1.08e-05 1.1e-05 1.165e-05 1.165e-05 1.21e-05 8.85e-06 9.2e-06 1.19e-05 1.4e-05 1.12e-05 9.85e-06 1.25e-05 9.7e-06 1.02e-05 1.13e-05 1.315e-05 1.34e-05 1.25e-05 9.7e-06 1.135e-05 1.055e-05 1.125e-05 1.235e-05 1.26e-05 1.41e-05 1.305e-05 1.015e-05 9.1e-06 1.035e-05 6.05e-06 9.2e-06 1.025e-05
6 1.115e-05 6.15e-06 6.05e-06 1.32e-05 9.25e-06 1.145e-05 9e-07 1.2e-05 1.395e-05 7.8e-06 1.14e-05 9.85e-06 5.5e-06 9.1e-06 1.26e-05 1.505e-05 9.6e-06 1.595e-05 1.37e-05 1.61e-05 1.55e-06 1.05e-05 1.405e-05 1.51e-05 1.42e-05 1.535e-05 1.33e-05 9.55e-06 1.075e-05 1.185e-05 1.65e-05 8.85e-06 1.225e-05 1.195e-05 1.385e-05 9e-06 5e-06 9.2e-06 1.265e-05 4.05e-06 1.09e-05 1.56e-05 5.5e-07 1.105e-05 7.5e-06 7.8e-06 1.31e-05 1.66e-05 1.22e-05 3.25e-06 1.515e-05 1.68e-05 9.25e-06 4.35e-06 8.45e-06 1.3e-05 1.26e-05 1.305e-05 4.5e-07 1.01e-05 1.71e-05 1.71e-05 9.8e-06 1.115e-05 1.42e-05 1.415e-05 1.495e-05 1.265e-05 7.95e-06 1.035e-05 7.25e-06 8.45e-06 1.275e-05 1.595e-05 9.3e-06 1.2e-05 1.225e-05 1.3e-05 7.3e-06 3.2e-06 7.35e-06 1.33e-05 1.675e-05 1.275e-05 1.51e-05 1.58e-05 1.25e-05 1.56e-05 1.475e-05 8.35e-06 1.1e-05 1.275e-05 6.9e-06 1.445e-05 1.68e-05 1.375e-05 8.65e-06 1.085e-05 1.135e-05 1.335e-05
7 1.1e-05 1.245e-05 1.09e-05 1e-05 1.155e-05 1.295e-05 1.2e-05 1.27e-05 8.7e-06 1.435e-05 9.15e-06 1.095e-05 1.26e-05 1.305e-05 1.35e-05 1.02e-05 1.205e-05 1.265e-05 1.5e-05 8.1e-06 1.225e-05 1.265e-05 9.8e-06 1.035e-05 8.25e-06 1.13e-05 1.195e-05 1.335e-05 1.43e-05 1.415e-05 1.11e-05 1.375e-05 9.3e-06 1.455e-05 1.52e-05 1.015e-05 1.005e-05 1.34e-05 7.4e-06 1.25e-05 1.145e-05 9.95e-06 1.19e-05 8.8e-06 1.375e-05 1.1e-05 1.335e-05 1.12e-05 9.35e-06 1.135e-05 1.19e-05 1.51e-05 1.255e-05 1.185e-05 9.95e-06 1.35e-05 1.11e-05 8.6e-06 1.18e-05 1.31e-05 1.06e-05 8.8e-06 1.51e-05 1.08e-05 9.95e-06 1.28e-05 9.6e-06 1.025e-05 1.22e-05 1.125e-05 1.35e-05 1.335e-05 1.05e-05 1.21e-05 1.135e-05 1.515e-05 1.205e-05 9.65e-06 1.25e-05 1.135e-05 1.35e-05 1.48e-05 1.13e-05 8.35e-06 1.575e-05 1.115e-05 1.01e-05 1.235e-05 1.44e-05 1.095e-05 8.75e-06 9.65e-06 1.055e-05 1.12e-05 1.435e-05 8.25e-06 1.215e-05 1.15e-05 1.42e-05 1.485e-05
8 1.335e-05 1.315e-05 1.02e-05 7.05e-06 8.4e-06 1.025e-05 1.395e-05 8.7e-06 8.6e-06 1.3e-05 1.15e-05 1.02e-05 1.175e-05 8.75e-06 1.115e-05 7e-06 8.2e-06 1.24e-05 1.4e-05 5.1e-06 1.38e-05 9.4e-06 7.4e-06 7.5e-06 4.6e-06 9.4e-06 1.265e-05 1.475e-05 1.295e-05 1.11e-05 9.6e-06 1.435e-05 5.95e-06 1.26e-05 1.54e-05 1.09e-05 1.21e-05 9.8e-06 7.4e-06 1.375e-05 7.9e-06 7.9e-06 1.385e-05 1.03e-05 1.39e-05 1.205e-05 1.28e-05 9.75e-06 6.1e-06 1.295e-05 1.11e-05 1.425e-05 1.345e-05 1.045e-05 9.6e-06 1.095e-05 8.4e-06 9.5e-06 1.375e-05 1.145e-05 9.95e-06 6.4e-06 1.59e-05 9.45e-06 7.55e-06 1.39e-05 6.6e-06 7.05e-06 1.29e-05 1.005e-05 1.405e-05 1.215e-05 1.09e-05 9.55e-06 1.105e-05 1.48e-05 1.255e-05 7.3e-06 1.19e-05 1.295e-05 1.145e-05 1.235e-05 1.015e-05 1.065e-05 1.615e-05 9.75e-06 6.95e-06 1.02e-05 1.275e-05 1.2e-05 8.25e-06 8.7e-06 1.235e-05 1.085e-05 1.285e-05 5.45e-06 1.195e-05 8.05e-06 1.13e-05 1.24e-05
9 1.235e-05 9.15e-06 9.1e-06 1.265e-05 9.85e-06 8.9e-06 7.8e-06 1.435e-05 1.3e-05 9.9e-06 1.24e-05 1.095e-05 9.05e-06 8.05e-06 1.04e-05 1.285e-05 8.55e-06 1.42e-05 1.255e-05 1.5e-05 8.4e-06 8.95e-06 1.215e-05 1.4e-05 1.325e-05 1.31e-05 1.27e-05 1.195e-05 1.015e-05 9.55e-06 1.42e-05 1.065e-05 1.11e-05 8.2e-06 1.15e-05 1.13e-05 9.7e-06 7.05e-06 1.325e-05 7.25e-06 9.75e-06 1.315e-05 7.7e-06 1.325e-05 9.35e-06 8.5e-06 1.195e-05 1.43e-05 1.095e-05 9.85e-06 1.45e-05 1.605e-05 1.38e-05 7.55e-06 1.145e-05 1.045e-05 1.005e-05 1.485e-05 7.6e-06 9.3e-06 1.48e-05 1.6e-05 8.4e-06 1.015e-05 1.23e-05 1.41e-05 1.275e-05 1.165e-05 9.8e-06 1e-05 6.2e-06 1.115e-05 1.215e-05 1.38e-05 8.45e-06 9.4e-06 1.355e-05 1.375e-05 8.35e-06 9.85e-06 6.6e-06 1.11e-05 1.445e-05 1.405e-05 1.275e-05 1.625e-05 1.15e-05 1.32e-05 1.165e-05 1.015e-05 1.345e-05 1.14e-05 1.26e-05 1.33e-05 1.45e-05 1.265e-05 1.165e-05 9.6e-06 9.75e-06 1.115e-05
10 9.95e-06 1.255e-05 1.26e-05 1.325e-05 1.255e-05 1.26e-05 1.14e-05 9.15e-06 1.15e-05 1.24e-05 1.31e-05 1.155e-05 1.31e-05 1.43e-05 1.285e-05 1.015e-05 1.335e-05 1.26e-05 1.595e-05 1.23e-05 1.215e-05 1.405e-05 1.105e-05 1.375e-05 1.105e-05 1.26e-05 1.085e-05 1.33e-05 1.51e-05 1.355e-05 1.23e-05 1.22e-05 1.23e-05 1.135e-05 1.4e-05 1.13e-05 9.9e-06 1.28e-05 1e-05 1.205e-05 1.365e-05 8.95e-06 1.13e-05 1.09e-05 1.23e-05 1.11e-05 1.5e-05 1.24e-05 1.22e-05 1.1e-05 1.19e-05 1.485e-05 1.33e-05 1.215e-05 1.11e-05 1.305e-05 1.055e-05 1.055e-05 1.12e-05 1.345e-05 1.115e-05 1.295e-05 1.5e-05 1.215e-05 1.12e-05 1.16e-05 1.06e-05 1.34e-05 1.035e-05 1.185e-05 1.36e-05 1.45e-05 9.2e-06 1.405e-05 9.5e-06 1.38e-05 1.175e-05 1.155e-05 1.07e-05 1.1e-05 1.42e-05 1.425e-05 1.27e-05 8.35e-06 1.45e-05 1.41e-05 1.325e-05 1.32e-05 1.195e-05 1.005e-05 1.115e-05 1.165e-05 1.03e-05 1.365e-05 1.465e-05 1.27e-05 1.34e-05 1.355e-05 1.385e-05 1.43e-05
11 1.285e-05 1.055e-05 9.55e-06 1.095e-05 9.55e-06 1.15e-05 9.85e-06 1.095e-05 1.02e-05 1.095e-05 1.155e-05 1.62e-05 1.05e-05 9.7e-06 1.255e-05 1.105e-05 9.5e-06 1.38e-05 1.37e-05 1.1e-05 1.01e-05 1.08e-05 1.15e-05 1.175e-05 1.01e-05 1.275e-05 1.345e-05 1.24e-05 1.22e-05 1.165e-05 1.33e-05 1.29e-05 9.3e-06 1.29e-05 1.44e-05 1.105e-05 1.025e-05 1.09e-05 1.065e-05 1.005e-05 9.6e-06 1.07e-05 9.75e-06 1.12e-05 1.215e-05 1.045e-05 1.275e-05 1.34e-05 9.6e-06 1.005e-05 1.29e-05 1.575e-05 1.265e-05 9.3e-06 9.9e-06 1.245e-05 1.055e-05 1.11e-05 9.65e-06 1.09e-05 1.345e-05 1.18e-05 1.255e-05 1e-05 1.165e-05 1.215e-05 1.14e-05 1.085e-05 1.145e-05 9.95e-06 1.05e-05 1.17e-05 1.245e-05 1.275e-05 1.105e-05 1.355e-05 1.315e-05 9.95e-06 1.08e-05 1.005e-05 1.03e-05 1.365e-05 1.365e-05 1.175e-05 1.525e-05 1.33e-05 1.07e-05 1.345e-05 1.435e-05 1.155e-05 1.05e-05 1.045e-05 1.09e-05 1.245e-05 1.49e-05 9.95e-06 1.16e-05 9.9e-06 1.23e-05 1.37e-05
12 1.29e-05 8.3e-06 7.5e-06 9.15e-06 7.7e-06 1.045e-05 5.5e-06 1.26e-05 1.175e-05 9.05e-06 1.31e-05 1.05e-05 1.03e-05 6.8e-06 1.1e-05 1.31e-05 6.95e-06 1.51e-05 1.265e-05 1.295e-05 5.65e-06 8.45e-06 1.165e-05 1.22e-05 1.175e-05 1.37e-05 1.345e-05 1.15e-05 9.7e-06 1.06e-05 1.425e-05 1.035e-05 9.85e-06 1.205e-05 1.435e-05 9.3e-06 8.35e-06 8.15e-06 1.225e-05 7.35e-06 8.85e-06 1.39e-05 5.4e-06 1.16e-05 9.6e-06 9.9e-06 1.25e-05 1.435e-05 9.9e-06 7.25e-06 1.365e-05 1.46e-05 1e-05 6.2e-06 9.5e-06 1.09e-05 1.125e-05 1.345e-05 5.3e-06 8.25e-06 1.485e-05 1.375e-05 1.145e-05 1.085e-05 1.18e-05 1.495e-05 1.3e-05 9.95e-06 1.015e-05 9.75e-06 9.55e-06 8.55e-06 1.345e-05 1.29e-05 1.035e-05 1.235e-05 1.255e-05 1.095e-05 8.5e-06 7.25e-06 7.2e-06 1.115e-05 1.45e-05 1.38e-05 1.47e-05 1.305e-05 9.8e-06 1.355e-05 1.29e-05 1.04e-05 1.11e-05 1.22e-05 1.06e-05 1.35e-05 1.395e-05 1.13e-05 8.85e-06 8.9e-06 9.75e-06 1.12e-05
13 1.41e-05 1.03e-05 7.45e-06 7.55e-06 5.3e-06 7.7e-06 9.1e-06 1.305e-05 8.75e-06 8.05e-06 1.43e-05 9.7e-06 6.8e-06 4.3e-06 8.25e-06 1.085e-05 2.9e-06 1.46e-05 1.185e-05 1.06e-05 8.65e-06 4.3e-06 9.65e-06 9.4e-06 9.05e-06 1.175e-05 1.435e-05 1.325e-05 8.9e-06 7.65e-06 1.29e-05 1.22e-05 6.25e-06 1.01e-05 1.41e-05 8.5e-06 1.11e-05 5.4e-06 1.18e-05 9.85e-06 4.9e-06 1.195e-05 9e-06 1.13e-05 1.085e-05 1.12e-05 1.145e-05 1.3e-05 6.55e-06 1.01e-05 1.335e-05 1.48e-05 1.23e-05 6.2e-06 9.9e-06 9.25e-06 8.85e-06 1.375e-05 8.9e-06 8.35e-06 1.35e-05 1.16e-05 1.215e-05 9.9e-06 9.8e-06 1.64e-05 1.075e-05 6.4e-06 1.135e-05 8.85e-06 1e-05 8.35e-06 1.38e-05 1.065e-05 1.02e-05 1.24e-05 1.405e-05 9.2e-06 8.95e-06 1.01e-05 5.85e-06 8.95e-06 1.315e-05 1.46e-05 1.535e-05 1.19e-05 6.25e-06 1.18e-05 1.225e-05 1.17e-05 1.085e-05 1.115e-05 1.31e-05 1.28e-05 1.32e-05 8.15e-06 1.01e-05 5.2e-06 7.75e-06 9e-06
14 1.305e-05 1.335e-05 1.13e-05 1.075e-05 9.8e-06 9.7e-06 1.26e-05 1.35e-05 1.115e-05 1.04e-05 1.285e-05 1.255e-05 1.1e-05 8.25e-06 1.51e-05 1.07e-05 8.2e-06 1.255e-05 1.415e-05 1.22e-05 1.25e-05 8e-06 1.06e-05 1.205e-05 1.11e-05 1.175e-05 1.215e-05 1.495e-05 1.21e-05 1.02e-05 1.16e-05 1.19e-05 1.02e-05 9.15e-06 1.285e-05 1.125e-05 1.27e-05 8.75e-06 1.24e-05 1.265e-05 9.4e-06 1.12e-05 1.25e-05 1.265e-05 1.185e-05 1.275e-05 1.315e-05 1.17e-05 1.005e-05 1.315e-05 1.1e-05 1.385e-05 1.45e-05 1.07e-05 1.22e-05 1.065e-05 1.01e-05 1.38e-05 1.24e-05 1.12e-05 1.21e-05 1.325e-05 1.42e-05 1.215e-05 1.075e-05 1.4e-05 1.08e-05 9.85e-06 1.035e-05 1.115e-05 1.26e-05 1.235e-05 1.165e-05 1.14e-05 1.075e-05 1.2e-05 1.33e-05 1.15e-05 1.095e-05 1.315e-05 1.03e-05 9.6e-06 1.155e-05 1.31e-05 1.37e-05 1.37e-05 9.7e-06 1.215e-05 1.04e-05 1.125e-05 1.29e-05 1.23e-05 1.44e-05 1.395e-05 1.205e-05 1.1e-05 1.255e-05 9.25e-06 9.8e-06 9.65e-06
15 1.24e-05 1.39e-05 1.185e-05 9.2e-06 9.95e-06 1.07e-05 1.505e-05 1.02e-05 7e-06 1.285e-05 1.015e-05 1.105e-05 1.31e-05 1.085e-05 1.07e-05 1.06e-05 9.95e-06 1.115e-05 1.49e-05 6.95e-06 1.49e-05 1.145e-05 7.7e-06 9.55e-06 6.4e-06 9.5e-06 1.145e-05 1.52e-05 1.42e-05 1.095e-05 9.65e-06 1.36e-05 8.35e-06 1.095e-05 1.455e-05 1.22e-05 1.28e-05 1.035e-05 8.85e-06 1.435e-05 1.005e-05 6.65e-06 1.495e-05 1.165e-05 1.325e-05 1.27e-05 1.405e-05 9.75e-06 8.35e-06 1.38e-05 1.025e-05 1.365e-05 1.445e-05 1.225e-05 1.03e-05 1.105e-05 7.9e-06 1.04e-05 1.485e-05 1.205e-05 9.2e-06 8.15e-06 1.655e-05 1.005e-05 7.85e-06 1.24e-05 6.15e-06 9.45e-06 1.175e-05 1.085e-05 1.505e-05 1.345e-05 9.55e-06 9.85e-06 1.055e-05 1.4e-05 1.185e-05 8.25e-06 1.14e-05 1.38e-05 1.3e-05 1.205e-05 1.01e-05 9.35e-06 1.5e-05 1.15e-05 9.3e-06 1.04e-05 1.04e-05 1.175e-05 9.9e-06 9.85e-06 1.295e-05 1.235e-05 1.23e-05 7.9e-06 1.325e-05 1.005e-05 1.115e-05 1.21e-05
16 1.345e-05 1.045e-05 7.95e-06 6.95e-06 5.4e-06 8.2e-06 9.6e-06 1.205e-05 8.2e-06 8.55e-06 1.335e-05 9.5e-06 6.95e-06 2.9e-06 8.2e-06 9.95e-06 5.3e-06 1.39e-05 1.15e-05 9.75e-06 9.15e-06 4.85e-06 9e-06 8.75e-06 8.1e-06 1.11e-05 1.36e-05 1.315e-05 9e-06 7.75e-06 1.215e-05 1.22e-05 6e-06 1.045e-05 1.4e-05 8.4e-06 1.085e-05 6.05e-06 1.08e-05 9.8e-06 5.4e-06 1.105e-05 9.5e-06 1.105e-05 1.095e-05 1.095e-05 1.15e-05 1.225e-05 6.3e-06 1.045e-05 1.27e-05 1.43e-05 1.16e-05 6.7e-06 9.7e-06 9.25e-06 8.65e-06 1.29e-05 9.4e-06 7.8e-06 1.275e-05 1.085e-05 1.22e-05 9.7e-06 9.15e-06 1.57e-05 9.8e-06 6.3e-06 1.115e-05 8.65e-06 1.05e-05 8.45e-06 1.29e-05 1.07e-05 9.95e-06 1.24e-05 1.365e-05 8.6e-06 9.05e-06 1.045e-05 6.35e-06 9.1e-06 1.24e-05 1.365e-05 1.49e-05 1.115e-05 6.15e-06 1.11e-05 1.185e-05 1.145e-05 1.045e-05 1.02e-05 1.315e-05 1.21e-05 1.275e-05 7.9e-06 1.01e-05 5.7e-06 7.85e-06 9.15e-06
17 1.385e-05 1.55e-05 1.39e-05 1.285e-05 1.44e-05 1.31e-05 1.595e-05 1.265e-05 1.24e-05 1.42e-05 1.26e-05 1.38e-05 1.51e-05 1.46e-05 1.255e-05 1.115e-05 1.39e-05 1.86e-05 1.49e-05 1.165e-05 1.605e-05 1.32e-05 1.22e-05 1.36e-05 1.205e-05 1.275e-05 1.13e-05 1.44e-05 1.435e-05 1.43e-05 1.07e-05 1.3e-05 1.265e-05 1.24e-05 1.245e-05 1.43e-05 1.41e-05 1.405e-05 1.18e-05 1.525e-05 1.305e-05 1.09e-05 1.585e-05 1.3e-05 1.485e-05 1.375e-05 1.29e-05 1.08e-05 1.245e-05 1.54e-05 1.155e-05 1.31e-05 1.555e-05 1.495e-05 1.315e-05 1.26e-05 1.19e-05 1.26e-05 1.575e-05 1.385e-05 1.085e-05 1.105e-05 1.435e-05 1.27e-05 1.235e-05 1.19e-05 1.165e-05 1.31e-05 1.26e-05 1.32e-05 1.435e-05 1.61e-05 1.19e-05 1.155e-05 1.3e-05 1.27e-05 1.28e-05 1.3e-05 1.425e-05 1.54e-05 1.485e-05 1.26e-05 1.04e-05 1.17e-05 1.2e-05 1.4e-05 1.295e-05 1.24e-05 1.175e-05 1.315e-05 1.315e-05 1.22e-05 1.485e-05 1.25e-05 1.13e-05 1.16e-05 1.365e-05 1.285e-05 1.44e-05 1.265e-05
18 1.45e-05 1.27e-05 1.32e-05 1.32e-05 1.19e-05 1.34e-05 1.37e-05 1.5e-05 1.4e-05 1.255e-05 1.595e-05 1.37e-05 1.265e-05 1.185e-05 1.415e-05 1.49e-05 1.15e-05 1.49e-05 1.69e-05 1.455e-05 1.37e-05 1.215e-05 1.415e-05 1.15e-05 1.375e-05 1.44e-05 1.38e-05 1.165e-05 1.015e-05 1.29e-05 1.465e-05 1.415e-05 1.295e-05 1.45e-05 1.17e-05 1.355e-05 1.32e-05 1.325e-05 1.37e-05 1.26e-05 1.18e-05 1.56e-05 1.36e-05 1.375e-05 1.37e-05 1.205e-05 1.035e-05 1.475e-05 1.295e-05 1.42e-05 1.56e-05 1.42e-05 1.36e-05 1.26e-05 1.415e-05 1.315e-05 1.42e-05 1.525e-05 1.35e-05 1.15e-05 1.55e-05 1.46e-05 9.85e-06 1.29e-05 1.43e-05 1.545e-05 1.495e-05 1.34e-05 1.46e-05 1.23e-05 1.155e-05 1.11e-05 1.425e-05 1.415e-05 1.34e-05 1.315e-05 1.57e-05 1.345e-05 1.36e-05 1.42e-05 1.15e-05 1.35e-05 1.5e-05 1.605e-05 1.16e-05 1.335e-05 1.325e-05 1.37e-05 1.43e-05 1.515e-05 1.475e-05 1.285e-05 1.5e-05 1.15e-05 1.28e-05 1.37e-05 1.29e-05 1.18e-05 1.285e-05 1.355e-05
19 1.395e-05 1.455e-05 1.065e-05 6.35e-06 9.9e-06 1.125e-05 1.61e-05 8.1e-06 5.1e-06 1.5e-05 1.23e-05 1.1e-05 1.295e-05 1.06e-05 1.22e-05 6.95e-06 9.75e-06 1.165e-05 1.455e-05 5.1e-06 1.57e-05 1.075e-05 7e-06 6.9e-06 4.75e-06 8.85e-06 1.28e-05 1.585e-05 1.4e-05 1.245e-05 8.85e-06 1.55e-05 6.15e-06 1.42e-05 1.615e-05 1.19e-05 1.325e-05 1.135e-05 6.6e-06 1.54e-05 8.8e-06 7.6e-06 1.6e-05 1.035e-05 1.53e-05 1.295e-05 1.295e-05 8.95e-06 6.3e-06 1.485e-05 1.06e-05 1.4e-05 1.395e-05 1.28e-05 9.75e-06 1.135e-05 8.6e-06 8.9e-06 1.59e-05 1.22e-05 9.1e-06 4.45e-06 1.705e-05 9.35e-06 7.15e-06 1.375e-05 6.65e-06 7.05e-06 1.42e-05 1.085e-05 1.525e-05 1.325e-05 1.12e-05 8.6e-06 1.225e-05 1.575e-05 1.265e-05 7.15e-06 1.355e-05 1.485e-05 1.305e-05 1.325e-05 9.35e-06 1.005e-05 1.65e-05 8.85e-06 6.9e-06 1.005e-05 1.325e-05 1.31e-05 8.25e-06 8.5e-06 1.36e-05 1.03e-05 1.23e-05 4e-06 1.23e-05 8.95e-06 1.235e-05 1.33e-05
20 1.19e-05 5.95e-06 6.2e-06 1.26e-05 8.9e-06 1.155e-05 1.55e-06 1.225e-05 1.38e-05 8.4e-06 1.215e-05 1.01e-05 5.65e-06 8.65e-06 1.25e-05 1.49e-05 9.15e-06 1.605e-05 1.37e-05 1.57e-05 2.3e-06 1.02e-05 1.345e-05 1.46e-05 1.405e-05 1.545e-05 1.395e-05 9.35e-06 1.065e-05 1.21e-05 1.66e-05 9.7e-06 1.2e-05 1.255e-05 1.445e-05 8.55e-06 5.9e-06 9.3e-06 1.28e-05 4.75e-06 1.065e-05 1.57e-05 1.45e-06 1.08e-05 8.35e-06 8.45e-06 1.32e-05 1.67e-05 1.195e-05 3.1e-06 1.53e-05 1.68e-05 9.3e-06 4.8e-06 8.55e-06 1.31e-05 1.27e-05 1.31e-05 1.35e-06 1e-05 1.72e-05 1.67e-05 1.04e-05 1.125e-05 1.36e-05 1.475e-05 1.48e-05 1.205e-05 8.6e-06 1.03e-05 7.9e-06 7.5e-06 1.34e-05 1.555e-05 9.95e-06 1.26e-05 1.205e-05 1.25e-05 7.1e-06 3.1e-06 7.35e-06 1.32e-05 1.685e-05 1.3e-05 1.57e-05 1.53e-05 1.19e-05 1.57e-05 1.465e-05 9.2e-06 1.03e-05 1.285e-05 6.65e-06 1.455e-05 1.69e-05 1.335e-05 9e-06 1.06e-05 1.135e-05 1.325e-05
21 1.39e-05 1.175e-05 8.5e-06 8.5e-06 7.05e-06 8.2e-06 1.05e-05 1.265e-05 9.4e-06 8.95e-06 1.405e-05 1.08e-05 8.45e-06 4.3e-06 8e-06 1.145e-05 4.85e-06 1.32e-05 1.215e-05 1.075e-05 1.02e-05 5.9e-06 1.045e-05 1.01e-05 9.7e-06 1.195e-05 1.32e-05 1.345e-05 9.45e-06 9.3e-06 1.195e-05 1.195e-05 7.6e-06 9.95e-06 1.275e-05 8.85e-06 1.16e-05 7.3e-06 1.16e-05 1.11e-05 5.95e-06 1.195e-05 1.04e-05 1.075e-05 1.175e-05 1.155e-05 1.075e-05 1.205e-05 7.55e-06 1.14e-05 1.24e-05 1.39e-05 1.305e-05 7.85e-06 1.06e-05 9.75e-06 9.65e-06 1.305e-05 1.03e-05 9.35e-06 1.275e-05 1.16e-05 1.185e-05 1.045e-05 1.06e-05 1.52e-05 1.135e-05 7e-06 1.115e-05 9.35e-06 9.9e-06 9.9e-06 1.31e-05 1.025e-05 1.08e-05 1.155e-05 1.43e-05 9.95e-06 1.055e-05 1.14e-05 6.9e-06 8.6e-06 1.23e-05 1.41e-05 1.4e-05 1.19e-05 6.85e-06 1.205e-05 1.21e-05 1.155e-05 1.145e-05 1.12e-05 1.34e-05 1.24e-05 1.21e-05 8.5e-06 1.05e-05 5.9e-06 8.9e-06 8.65e-06
22 1.25e-05 1.235e-05 1.1e-05 7.6e-06 8.65e-06 1.015e-05 1.405e-05 9.8e-06 7.4e-06 1.215e-05 1.105e-05 1.15e-05 1.165e-05 9.65e-06 1.06e-05 7.7e-06 9e-06 1.22e-05 1.415e-05 7e-06 1.345e-05 1.045e-05 1.14e-05 8.3e-06 7.1e-06 8.9e-06 1.255e-05 1.46e-05 1.315e-05 1.07e-05 9.55e-06 1.365e-05 7.45e-06 1.105e-05 1.485e-05 1.125e-05 1.28e-05 9.35e-06 8.75e-06 1.385e-05 9.55e-06 7.95e-06 1.395e-05 1.14e-05 1.275e-05 1.28e-05 1.37e-05 9.7e-06 7.45e-06 1.28e-05 1.1e-05 1.395e-05 1.39e-05 1.17e-05 1.05e-05 1.07e-05 8.3e-06 1.06e-05 1.385e-05 1.145e-05 9.85e-06 7.8e-06 1.605e-05 1.04e-05 5.85e-06 1.365e-05 7.15e-06 7.85e-06 1.23e-05 1.055e-05 1.44e-05 1.185e-05 1.125e-05 9.8e-06 1.075e-05 1.415e-05 1.065e-05 7.75e-06 9.9e-06 1.28e-05 1.165e-05 1.17e-05 1.01e-05 1.03e-05 1.545e-05 1.095e-05 7.75e-06 9.9e-06 9.6e-06 1.125e-05 8.75e-06 9.55e-06 1.32e-05 1.16e-05 1.265e-05 6.9e-06 1.27e-05 9.55e-06 1.02e-05 1.175e-05
23 1.375e-05 1.39e-05 1.105e-05 7.6e-06 8.8e-06 1.125e-05 1.51e-05 1.035e-05 7.5e-06 1.4e-05 1.375e-05 1.175e-05 1.22e-05 9.4e-06 1.205e-05 9.55e-06 8.75e-06 1.36e-05 1.15e-05 6.9e-06 1.46e-05 1.01e-05 8.3e-06 1.11e-05 7.1e-06 9.45e-06 1.395e-05 1.565e-05 1.31e-05 1.1e-05 1.05e-05 1.515e-05 7.1e-06 1.37e-05 1.59e-05 1.195e-05 1.375e-05 1.075e-05 9.1e-06 1.46e-05 8.75e-06 1.005e-05 1.5e-05 1.155e-05 1.39e-05 1.345e-05 1.32e-05 1.055e-05 7.25e-06 1.44e-05 1.23e-05 1.41e-05 1.36e-05 1.195e-05 1.105e-05 1.185e-05 9.9e-06 1.115e-05 1.49e-05 1.19e-05 1.145e-05 7.6e-06 1.63e-05 1.065e-05 8.45e-06 1.52e-05 8.95e-06 7.9e-06 1.42e-05 1.11e-05 1.48e-05 9.85e-06 1.32e-05 1.03e-05 1.275e-05 1.54e-05 1.355e-05 8.1e-06 1.285e-05 1.44e-05 1.19e-05 1.275e-05 1.115e-05 1.245e-05 1.64e-05 9.95e-06 7.75e-06 1.1e-05 1.32e-05 1.34e-05 9.8e-06 9.95e-06 1.48e-05 1.155e-05 1.33e-05 6.4e-06 1.28e-05 8.9e-06 1.08e-05 1.28e-05
24 1.3e-05 1.32e-05 1.045e-05 6.75e-06 8.4e-06 1.05e-05 1.42e-05 8.25e-06 4.6e-06 1.325e-05 1.105e-05 1.01e-05 1.175e-05 9.05e-06 1.11e-05 6.4e-06 8.1e-06 1.205e-05 1.375e-05 4.75e-06 1.405e-05 9.7e-06 7.1e-06 7.1e-06 7.7e-06 9.05e-06 1.23e-05 1.475e-05 1.3e-05 1.11e-05 9.3e-06 1.435e-05 5.9e-06 1.285e-05 1.54e-05 1.085e-05 1.2e-05 1.01e-05 6.95e-06 1.365e-05 8.15e-06 7.45e-06 1.41e-05 1.02e-05 1.39e-05 1.195e-05 1.28e-05 9.35e-06 6.05e-06 1.32e-05 1.075e-05 1.4e-05 1.31e-05 1.07e-05 9.5e-06 1.095e-05 8.3e-06 9.15e-06 1.4e-05 1.11e-05 9.6e-06 6.05e-06 1.59e-05 9.35e-06 7.25e-06 1.355e-05 6.05e-06 7.05e-06 1.28e-05 9.95e-06 1.43e-05 1.215e-05 1.05e-05 9.55e-06 1.095e-05 1.48e-05 1.23e-05 6.95e-06 1.19e-05 1.32e-05 1.17e-05 1.24e-05 9.8e-06 1.02e-05 1.59e-05 9.35e-06 6.9e-06 9.8e-06 1.25e-05 1.19e-05 8.2e-06 8.3e-06 1.26e-05 1.055e-05 1.26e-05 5.4e-06 1.195e-05 8.3e-06 1.13e-05 1.245e-05
25 1.105e-05 1.495e-05 1.215e-05 9.95e-06 1.135e-05 1.105e-05 1.535e-05 1.13e-05 9.4e-06 1.31e-05 1.26e-05 1.275e-05 1.37e-05 1.175e-05 1.175e-05 9.5e-06 1.11e-05 1.275e-05 1.44e-05 8.85e-06 1.545e-05 1.195e-05 8.9e-06 9.45e-06 9.05e-06 1.5e-05 1.245e-05 1.64e-05 1.45e-05 9.25e-06 9.9e-06 1.37e-05 9.15e-06 1.1e-05 1.435e-05 1.355e-05 1.395e-05 1.09e-05 1.015e-05 1.5e-05 1.075e-05 9.85e-06 1.525e-05 1.28e-05 1.135e-05 1.38e-05 1.415e-05 1e-05 9.15e-06 1.525e-05 1.16e-05 1.44e-05 1.56e-05 1.3e-05 1.215e-05 1.165e-05 9.75e-06 1.215e-05 1.515e-05 1.35e-05 1.085e-05 9.55e-06 1.655e-05 1.19e-05 9.05e-06 1.355e-05 8.9e-06 1.015e-05 1.275e-05 1.255e-05 1.51e-05 1.345e-05 1.17e-05 1.08e-05 1.17e-05 1.405e-05 1.26e-05 1.07e-05 1.245e-05 1.525e-05 1.35e-05 1.245e-05 1.055e-05 1.16e-05 1.485e-05 1.28e-05 1e-05 1.055e-05 1.125e-05 1.195e-05 1.15e-05 1.115e-05 1.55e-05 1.255e-05 1.265e-05 8.35e-06 1.385e-05 1.075e-05 9.5e-06 1.25e-05
26 1.105e-05 1.37e-05 1.335e-05 1.345e-05 1.395e-05 1.215e-05 1.33e-05 1.195e-05 1.265e-05 1.27e-05 1.085e-05 1.345e-05 1.345e-05 1.435e-05 1.215e-05 1.145e-05 1.36e-05 1.13e-05 1.38e-05 1.28e-05 1.395e-05 1.32e-05 1.255e-05 1.395e-05 1.23e-05 1.245e-05 1.39e-05 1.34e-05 1.35e-05 1.26e-05 1.005e-05 1.01e-05 1.31e-05 9.75e-06 1.035e-05 1.33e-05 1.01e-05 1.305e-05 1.005e-05 1.315e-05 1.27e-05 1.18e-05 1.32e-05 1.19e-05 1.23e-05 1.02e-05 1.25e-05 1.015e-05 1.31e-05 1.36e-05 1.165e-05 1.13e-05 1.405e-05 1.315e-05 1.315e-05 1.175e-05 1.215e-05 1.265e-05 1.31e-05 1.335e-05 1.065e-05 1.29e-05 1.34e-05 1.315e-05 1.27e-05 1.045e-05 1.155e-05 1.425e-05 1.075e-05 1.255e-05 1.315e-05 1.475e-05 7.45e-06 1.245e-05 9.25e-06 1.07e-05 1.225e-05 1.38e-05 1.24e-05 1.36e-05 1.41e-05 1.115e-05 1.09e-05 1.14e-05 9.9e-06 1.365e-05 1.41e-05 1.28e-05 9.6e-06 1.105e-05 1.36e-05 1.295e-05 1.225e-05 1.29e-05 1.055e-05 1.33e-05 1.255e-05 1.27e-05 1.285e-05 1.12e-05
27 1.37e-05 9.6e-06 1.215e-05 1.47e-05 1.28e-05 1.445e-05 9.55e-06 1.335e-05 1.475e-05 1.195e-05 1.33e-05 1.24e-05 1.15e-05 1.325e-05 1.495e-05 1.52e-05 1.315e-05 1.44e-05 1.165e-05 1.585e-05 9.35e-06 1.345e-05 1.46e-05 1.565e-05 1.475e-05 1.64e-05 1.34e-05 1.54e-05 1.04e-05 1.52e-05 1.59e-05 1.275e-05 1.44e-05 1.505e-05 1.165e-05 1.175e-05 1.005e-05 1.425e-05 1.32e-05 1.01e-05 1.35e-05 1.555e-05 9.45e-06 1.225e-05 1.305e-05 1.025e-05 1.08e-05 1.6e-05 1.43e-05 8.6e-06 1.57e-05 1.56e-05 1.25e-05 1.125e-05 1.245e-05 1.44e-05 1.48e-05 1.35e-05 9.35e-06 1.16e-05 1.6e-05 1.575e-05 8.65e-06 1.255e-05 1.475e-05 1.395e-05 1.545e-05 1.45e-05 1.275e-05 1.14e-05 1.01e-05 1.24e-05 1.34e-05 1.555e-05 1.255e-05 1.3e-05 1.335e-05 1.395e-05 1.145e-05 8.6e-06 1.13e-05 1.47e-05 1.61e-05 1.375e-05 1.19e-05 1.49e-05 1.435e-05 1.485e-05 1.485e-05 1.305e-05 1.18e-05 1.26e-05 9.1e-06 1.17e-05 1.45e-05 1.53e-05 1.185e-05 1.34e-05 1.49e-05 1.475e-05
28 1.455e-05 1.065e-05 1.075e-05 1.14e-05 1.05e-05 1.14e-05 1.075e-05 1.43e-05 1.295e-05 1.015e-05 1.51e-05 1.22e-05 9.7e-06 8.9e-06 1.21e-05 1.42e-05 9e-06 1.435e-05 1.015e-05 1.4e-05 1.065e-05 9.45e-06 1.315e-05 1.31e-05 1.3e-05 1.45e-05 1.35e-05 1.04e-05 1.6e-05 1.21e-05 1.43e-05 1.265e-05 1.14e-05 1.29e-05 1.105e-05 1.145e-05 1.145e-05 1.06e-05 1.31e-05 1.02e-05 9.75e-06 1.485e-05 1.065e-05 1.255e-05 1.265e-05 1.055e-05 9.3e-06 1.44e-05 1.14e-05 1.17e-05 1.51e-05 1.455e-05 1.285e-05 9.95e-06 1.24e-05 1.16e-05 1.275e-05 1.465e-05 1.055e-05 9.6e-06 1.495e-05 1.41e-05 8.4e-06 1.14e-05 1.33e-05 1.515e-05 1.42e-05 1.135e-05 1.285e-05 1.04e-05 9.2e-06 1.145e-05 1.385e-05 1.315e-05 1.195e-05 1.19e-05 1.485e-05 1.3e-05 1.175e-05 1.17e-05 8.65e-06 1.175e-05 1.44e-05 1.54e-05 1.135e-05 1.34e-05 1.12e-05 1.3e-05 1.36e-05 1.335e-05 1.34e-05 1.21e-05 1.35e-05 1.095e-05 1.22e-05 1.24e-05 1.105e-05 9.75e-06 1.165e-05 1.18e-05
29 1.09e-05 1.28e-05 1.045e-05 1.095e-05 8.8e-06 8.95e-06 1.185e-05 1.415e-05 1.11e-05 9.55e-06 1.355e-05 1.165e-05 1.06e-05 7.65e-06 1.02e-05 1.095e-05 7.75e-06 1.43e-05 1.29e-05 1.245e-05 1.21e-05 9.3e-06 1.07e-05 1.1e-05 1.11e-05 9.25e-06 1.26e-05 1.52e-05 1.21e-05 1.22e-05 1.21e-05 1.18e-05 9.2e-06 8.55e-06 1.315e-05 1.24e-05 1.25e-05 7.85e-06 1.28e-05 1.22e-05 8.3e-06 1.195e-05 1.175e-05 1.32e-05 8.9e-06 1.25e-05 1.33e-05 1.22e-05 9.45e-06 1.3e-05 1.27e-05 1.43e-05 1.46e-05 9.4e-06 1.22e-05 1.005e-05 9.6e-06 1.48e-05 1.165e-05 1.165e-05 1.29e-05 1.34e-05 1.425e-05 1.21e-05 1.085e-05 1.46e-05 1.09e-05 1.08e-05 1.12e-05 1.165e-05 1.265e-05 1.105e-05 1.215e-05 1.16e-05 1.005e-05 1.23e-05 1.35e-05 1.17e-05 9.95e-06 1.3e-05 1.02e-05 1.06e-05 1.26e-05 1.395e-05 1.4e-05 1.41e-05 1.065e-05 1.175e-05 1.055e-05 1.16e-05 1.335e-05 1.3e-05 1.485e-05 1.42e-05 1.26e-05 1.075e-05 1.245e-05 8.55e-06 7.1e-06 1.065e-05
30 1.295e-05 1.615e-05 1.305e-05 9.9e-06 1.255e-05 1.125e-05 1.65e-05 1.11e-05 9.6e-06 1.42e-05 1.23e-05 1.33e-05 1.425e-05 1.29e-05 1.16e-05 9.65e-06 1.215e-05 1.07e-05 1.465e-05 8.85e-06 1.66e-05 1.195e-05 9.55e-06 1.05e-05 9.3e-06 9.9e-06 1.005e-05 1.59e-05 1.43e-05 1.21e-05 1.51e-05 1.2e-05 9.7e-06 1.025e-05 1.225e-05 1.39e-05 1.44e-05 1.2e-05 1.005e-05 1.605e-05 1.095e-05 9.65e-06 1.64e-05 1.22e-05 1.405e-05 1.42e-05 1.3e-05 7.75e-06 9.7e-06 1.61e-05 1.025e-05 1.1e-05 1.495e-05 1.415e-05 1.27e-05 1.085e-05 1.03e-05 1.165e-05 1.63e-05 1.385e-05 8.95e-06 8.2e-06 1.63e-05 1.24e-05 9.7e-06 1.125e-05 9.05e-06 1.07e-05 1.26e-05 1.28e-05 1.565e-05 1.505e-05 1.115e-05 9.75e-06 1.215e-05 1.23e-05 1.21e-05 1.13e-05 1.37e-05 1.61e-05 1.46e-05 1.075e-05 8.55e-06 1.14e-05 1.18e-05 1.17e-05 1.06e-05 1.03e-05 9.65e-06 1.19e-05 1.175e-05 1.15e-05 1.565e-05 1.175e-05 9.75e-06 8.65e-06 1.305e-05 1.095e-05 1.22e-05 1.08e-05
31 1.17e-05 1.19e-05 1.095e-05 1.38e-05 1.22e-05 1.145e-05 8.85e-06 1.375e-05 1.435e-05 1.065e-05 1.22e-05 1.29e-05 1.035e-05 1.22e-05 1.19e-05 1.36e-05 1.22e-05 1.3e-05 1.415e-05 1.55e-05 9.7e-06 1.195e-05 1.365e-05 1.515e-05 1.435e-05 1.37e-05 1.01e-05 1.275e-05 1.265e-05 1.18e-05 1.2e-05 1.7e-05 1.34e-05 9.2e-06 1.11e-05 1.265e-05 1.01e-05 1.1e-05 1.35e-05 1.055e-05 1.21e-05 1.395e-05 8.75e-06 1.28e-05 1.01e-05 1.15e-05 1.31e-05 1.21e-05 1.33e-05 1.045e-05 1.255e-05 1.215e-05 1.255e-05 1.005e-05 1.225e-05 1.155e-05 1.245e-05 1.425e-05 8.65e-06 1.265e-05 1.315e-05 1.51e-05 1.265e-05 1.345e-05 1.38e-05 1.15e-05 1.36e-05 1.415e-05 9.65e-06 1.27e-05 1.175e-05 1.27e-05 1.15e-05 1.345e-05 1.055e-05 1.04e-05 1.22e-05 1.43e-05 1.055e-05 1.045e-05 1.175e-05 1.075e-05 1.275e-05 1.31e-05 1.095e-05 1.515e-05 1.4e-05 1.36e-05 1.025e-05 1.005e-05 1.38e-05 1.425e-05 1.2e-05 1.44e-05 1.18e-05 1.425e-05 1.105e-05 1.2e-05 1.165e-05 1.08e-05
32 1.325e-05 1.225e-05 8.45e-06 6.2e-06 7.15e-06 8.7e-06 1.225e-05 9.3e-06 5.95e-06 1.11e-05 1.23e-05 9.3e-06 9.85e-06 6.25e-06 1.02e-05 8.35e-06 6e-06 1.265e-05 1.295e-05 6.15e-06 1.2e-05 7.6e-06 7.45e-06 7.1e-06 5.9e-06 9.15e-06 1.31e-05 1.44e-05 1.14e-05 9.2e-06 9.7e-06 1.34e-05 9.4e-06 1.135e-05 1.47e-05 1.01e-05 1.18e-05 7.9e-06 8.15e-06 1.22e-05 5.9e-06 8.85e-06 1.215e-05 1e-05 1.26e-05 1.165e-05 1.18e-05 9.85e-06 5.1e-06 1.22e-05 1.14e-05 1.415e-05 1.29e-05 8.9e-06 9.25e-06 9.75e-06 7.9e-06 1.025e-05 1.205e-05 1.04e-05 1.05e-05 6.9e-06 1.455e-05 9e-06 7.6e-06 1.435e-05 7.65e-06 6.2e-06 1.22e-05 9.35e-06 1.23e-05 1.06e-05 1.225e-05 9.1e-06 1.06e-05 1.38e-05 1.27e-05 7.75e-06 1.085e-05 1.22e-05 9.4e-06 1.12e-05 1.015e-05 1.145e-05 1.56e-05 9.95e-06 6.1e-06 9.95e-06 1.25e-05 1.135e-05 8.55e-06 8.9e-06 1.33e-05 1.06e-05 1.23e-05 4.75e-06 1.09e-05 6.3e-06 9.7e-06 1.125e-05
33 1.13e-05 1.375e-05 1.135e-05 1.315e-05 1.1e-05 7.45e-06 1.195e-05 1.455e-05 1.26e-05 8.2e-06 1.135e-05 1.29e-05 1.205e-05 1.01e-05 9.15e-06 1.095e-05 1.045e-05 1.24e-05 1.45e-05 1.42e-05 1.255e-05 9.95e-06 1.105e-05 1.37e-05 1.285e-05 1.1e-05 9.75e-06 1.505e-05 1.29e-05 8.55e-06 1.025e-05 9.2e-06 1.135e-05 7.6e-06 9.65e-06 1.335e-05 1.235e-05 7.4e-06 1.34e-05 1.265e-05 9.7e-06 1.09e-05 1.185e-05 1.32e-05 9.75e-06 1.24e-05 1.305e-05 1.025e-05 1.12e-05 1.32e-05 1.135e-05 1.185e-05 1.51e-05 1.035e-05 1.305e-05 8.55e-06 8.85e-06 1.5e-05 1.175e-05 1.335e-05 1.14e-05 1.46e-05 1.4e-05 1.3e-05 1.12e-05 1.185e-05 1.09e-05 1.26e-05 9.2e-06 1.24e-05 1.23e-05 1.335e-05 1.04e-05 1.125e-05 8.3e-06 9.6e-06 1.27e-05 1.375e-05 9.35e-06 1.32e-05 1.135e-05 8.95e-06 1.095e-05 1.29e-05 1.105e-05 1.51e-05 1.245e-05 1.15e-05 7.45e-06 9.65e-06 1.43e-05 1.41e-05 1.445e-05 1.47e-05 1.035e-05 1.24e-05 1.255e-05 9.55e-06 9e-06 9e-06
34 1.32e-05 1.4e-05 1.395e-05 1.555e-05 1.47e-05 1.215e-05 1.385e-05 1.52e-05 1.54e-05 1.15e-05 1.4e-05 1.44e-05 1.435e-05 1.41e-05 1.285e-05 1.455e-05 1.4e-05 1.245e-05 1.17e-05 1.615e-05 1.445e-05 1.275e-05 1.485e-05 1.59e-05 1.54e-05 1.435e-05 1.035e-05 1.165e-05 1.105e-05 1.315e-05 1.225e-05 1.11e-05 1.47e-05 9.65e-06 1.52e-05 1.46e-05 1.295e-05 1.325e-05 1.41e-05 1.315e-05 1.275e-05 1.475e-05 1.375e-05 1.35e-05 1.3e-05 1.19e-05 9.85e-06 1.225e-05 1.455e-05 1.47e-05 1.37e-05 1.22e-05 1.505e-05 1.355e-05 1.495e-05 1.19e-05 1.375e-05 1.525e-05 1.365e-05 1.35e-05 1.345e-05 1.565e-05 9.55e-06 1.38e-05 1.5e-05 1.2e-05 1.46e-05 1.535e-05 1.215e-05 1.315e-05 1.115e-05 1.545e-05 1.19e-05 1.335e-05 1.19e-05 1.005e-05 1.46e-05 1.61e-05 1.35e-05 1.47e-05 1.295e-05 1.16e-05 1.28e-05 1.45e-05 8.05e-06 1.515e-05 1.52e-05 1.3e-05 1.115e-05 1.275e-05 1.59e-05 1.395e-05 1.475e-05 1.18e-05 9.95e-06 1.51e-05 1.29e-05 1.26e-05 1.34e-05 1.165e-05
35 1.2e-05 1.01e-05 9.7e-06 1.06e-05 9.05e-06 1.17e-05 9e-06 1.015e-05 1.09e-05 1.13e-05 1.13e-05 1.105e-05 9.3e-06 8.5e-06 1.125e-05 1.22e-05 8.4e-06 1.43e-05 1.355e-05 1.19e-05 8.55e-06 8.85e-06 1.125e-05 1.195e-05 1.085e-05 1.355e-05 1.33e-05 1.175e-05 1.145e-05 1.24e-05 1.39e-05 1.265e-05 1.01e-05 1.335e-05 1.46e-05 1.55e-05 9.5e-06 1.055e-05 1.075e-05 1.02e-05 9.85e-06 1.28e-05 8.9e-06 9.4e-06 1.21e-05 1.06e-05 1.27e-05 1.4e-05 1.005e-05 8.9e-06 1.36e-05 1.545e-05 1.17e-05 9.05e-06 1.04e-05 1.275e-05 1.18e-05 1.18e-05 8.8e-06 1.07e-05 1.335e-05 1.29e-05 1.265e-05 1.14e-05 1.14e-05 1.49e-05 1.205e-05 9.65e-06 1.145e-05 1.04e-05 1.115e-05 1.035e-05 1.215e-05 1.305e-05 1.105e-05 1.375e-05 1.31e-05 1.05e-05 1.02e-05 8.9e-06 9.6e-06 1.225e-05 1.42e-05 1.13e-05 1.55e-05 1.24e-05 9.55e-06 1.385e-05 1.385e-05 1.14e-05 1.02e-05 1.145e-05 9.85e-06 1.295e-05 1.5e-05 1.095e-05 1.115e-05 9.8e-06 1.195e-05 1.225e-05
36 1.035e-05 7.8e-06 8.45e-06 1.27e-05 1.085e-05 1.2e-05 5e-06 1.005e-05 1.21e-05 9.7e-06 9.9e-06 1.025e-05 8.35e-06 1.11e-05 1.27e-05 1.28e-05 1.085e-05 1.41e-05 1.32e-05 1.325e-05 5.9e-06 1.16e-05 1.28e-05 1.375e-05 1.2e-05 1.395e-05 1.01e-05 1.005e-05 1.145e-05 1.25e-05 1.44e-05 1.01e-05 1.18e-05 1.235e-05 1.295e-05 9.5e-06 9.3e-06 1.11e-05 9.05e-06 6.7e-06 1.135e-05 1.33e-05 4.9e-06 1e-05 9.45e-06 6.35e-06 1.235e-05 1.45e-05 1.185e-05 6.4e-06 1.41e-05 1.59e-05 1.07e-05 7.5e-06 9.3e-06 1.305e-05 1.215e-05 1.13e-05 4.8e-06 1.065e-05 1.445e-05 1.475e-05 1.04e-05 1.07e-05 1.295e-05 1.29e-05 1.28e-05 1.26e-05 9.05e-06 1e-05 8.45e-06 1.045e-05 8.55e-06 1.48e-05 7.85e-06 1.215e-05 1.215e-05 1.235e-05 9e-06 6.4e-06 9.45e-06 1.365e-05 1.475e-05 1.09e-05 1.385e-05 1.415e-05 1.245e-05 1.465e-05 1.39e-05 9.1e-06 1.065e-05 1.13e-05 7e-06 1.28e-05 1.535e-05 1.265e-05 9.9e-06 1.14e-05 1.23e-05 1.37e-05
37 1.285e-05 1.09e-05 8e-06 9.2e-06 7.2e-06 6.8e-06 9.2e-06 1.34e-05 9.8e-06 7.05e-06 1.28e-05 1.09e-05 8.15e-06 5.4e-06 8.75e-06 1.035e-05 6.05e-06 1.405e-05 1.325e-05 1.135e-05 9.3e-06 7.3e-06 9.35e-06 1.075e-05 1.01e-05 1.09e-05 1.305e-05 1.425e-05 1.06e-05 7.85e-06 1.2e-05 1.1e-05 7.9e-06 7.4e-06 1.325e-05 1.055e-05 1.11e-05 8.1e-06 1.21e-05 9.95e-06 6.75e-06 1.105e-05 9.1e-06 1.215e-05 9.7e-06 1.12e-05 1.24e-05 1.21e-05 7.9e-06 1.075e-05 1.265e-05 1.445e-05 1.325e-05 6.95e-06 1.035e-05 8.35e-06 7.8e-06 1.42e-05 9e-06 1.01e-05 1.265e-05 1.24e-05 1.3e-05 1.035e-05 9.5e-06 1.505e-05 1.02e-05 8.5e-06 1.015e-05 1.02e-05 1.05e-05 9.95e-06 1.25e-05 1.07e-05 8.7e-06 1.16e-05 1.34e-05 1.065e-05 8.1e-06 1.075e-05 7.6e-06 9.45e-06 1.23e-05 1.355e-05 1.45e-05 1.315e-05 8.35e-06 1.125e-05 1.035e-05 1.05e-05 1.18e-05 1.195e-05 1.365e-05 1.355e-05 1.25e-05 9e-06 1.07e-05 6.75e-06 7.85e-06 9.5e-06
38 1.16e-05 1.205e-05 1.055e-05 8.85e-06 1.12e-05 1.18e-05 1.265e-05 7.4e-06 7.4e-06 1.325e-05 1e-05 1.065e-05 1.225e-05 1.18e-05 1.24e-05 8.85e-06 1.08e-05 1.18e-05 1.37e-05 6.6e-06 1.28e-05 1.16e-05 8.75e-06 9.1e-06 6.95e-06 1.015e-05 1.005e-05 1.32e-05 1.31e-05 1.28e-05 1.005e-05 1.35e-05 8.15e-06 1.34e-05 1.41e-05 1.075e-05 9.05e-06 1.21e-05 1.1e-05 1.22e-05 1.02e-05 9e-06 1.255e-05 9.4e-06 1.34e-05 9.05e-06 1.225e-05 1.015e-05 8.3e-06 1.205e-05 1.18e-05 1.475e-05 1.31e-05 1.16e-05 9.75e-06 1.235e-05 1e-05 8.7e-06 1.245e-05 1.185e-05 1.025e-05 7.85e-06 1.405e-05 9.65e-06 8.9e-06 1.26e-05 8.3e-06 9.2e-06 1.2e-05 1.01e-05 1.235e-05 1.28e-05 8.2e-06 1.11e-05 9.45e-06 1.405e-05 1.205e-05 9.35e-06 1.215e-05 1.205e-05 1.23e-05 1.365e-05 1.055e-05 9.2e-06 1.465e-05 1.07e-05 9e-06 1.135e-05 1.325e-05 1.095e-05 8.65e-06 8.6e-06 1.065e-05 1.02e-05 1.325e-05 7.1e-06 1.19e-05 1.035e-05 1.285e-05 1.37e-05
39 1.205e-05 6.65e-06 7.9e-06 1.29e-05 1.045e-05 1.205e-05 4.05e-06 1.25e-05 1.375e-05 7.25e-06 1.205e-05 1.005e-05 7.35e-06 9.85e-06 1.265e-05 1.435e-05 9.8e-06 1.525e-05 1.26e-05 1.54e-05 4.75e-06 1.11e-05 1.385e-05 1.46e-05 1.365e-05 1.5e-05 1.315e-05 1.01e-05 1.02e-05 1.22e-05 1.605e-05 1.055e-05 1.22e-05 1.265e-05 1.315e-05 1.02e-05 6.7e-06 9.95e-06 1.22e-05 7.6e-06 1.14e-05 1.49e-05 4e-06 1.2e-05 9.3e-06 6.5e-06 1.23e-05 1.615e-05 1.215e-05 6.45e-06 1.55e-05 1.74e-05 1.105e-05 6.45e-06 9.65e-06 1.325e-05 1.255e-05 1.31e-05 3.9e-06 8.65e-06 1.665e-05 1.655e-05 7.85e-06 9.45e-06 1.4e-05 1.395e-05 1.435e-05 1.27e-05 9.25e-06 9.2e-06 5.35e-06 9.85e-06 1.24e-05 1.595e-05 9.65e-06 1.095e-05 1.34e-05 1.34e-05 8.95e-06 6.4e-06 6.9e-06 1.365e-05 1.63e-05 1.32e-05 1.405e-05 1.61e-05 1.255e-05 1.535e-05 1.485e-05 9.85e-06 1.215e-05 1.085e-05 9.55e-06 1.31e-05 1.66e-05 1.355e-05 1.025e-05 1.135e-05 1.19e-05 1.37e-05
40 1.345e-05 1.175e-05 7.7e-06 7.75e-06 6.7e-06 6.15e-06 1.09e-05 1.145e-05 7.9e-06 9.75e-06 1.365e-05 9.6e-06 8.85e-06 4.9e-06 9.4e-06 1.005e-05 5.4e-06 1.305e-05 1.18e-05 8.8e-06 1.065e-05 5.95e-06 9.55e-06 8.75e-06 8.15e-06 1.075e-05 1.27e-05 1.35e-05 9.75e-06 8.3e-06 1.095e-05 1.21e-05 5.9e-06 9.7e-06 1.275e-05 9.85e-06 1.135e-05 6.75e-06 1.02e-05 1.14e-05 6.7e-06 1.07e-05 1.08e-05 8.55e-06 1.17e-05 1.12e-05 8.95e-06 1.105e-05 6.3e-06 1.16e-05 1.16e-05 1.305e-05 1.245e-05 7.5e-06 9.8e-06 7.7e-06 8.45e-06 1.205e-05 1.07e-05 1.035e-05 1.175e-05 9.55e-06 1.29e-05 9.55e-06 9.7e-06 1.47e-05 1e-05 7.4e-06 1.145e-05 9.3e-06 1.095e-05 9.75e-06 1.265e-05 7.55e-06 1.015e-05 1.25e-05 1.43e-05 8.85e-06 1.04e-05 1.16e-05 8.05e-06 9.9e-06 1.1e-05 1.315e-05 1.4e-05 1.015e-05 7.25e-06 1.105e-05 1.21e-05 1.19e-05 1.05e-05 1.105e-05 1.32e-05 1.15e-05 9.85e-06 6.55e-06 8.85e-06 3.75e-06 8.8e-06 9.95e-06
