 slim_337472915 slim_337472860 slim_337472793 slim_337472916 slim_337472843 slim_337472959 slim_337472834 slim_337472938 slim_337472797 slim_337472885 slim_337472955 slim_337472855 slim_337472944 slim_337472690 slim_337472951 slim_337472423 slim_337472945 slim_337472946 slim_337472966 slim_337472702 slim_337472894 slim_337472950 slim_337472909 slim_337472900 slim_337472952 slim_337472963 slim_337472941 slim_337472755 slim_337472898 slim_337472929 slim_337472928 slim_337472961 slim_337472684 slim_337472827 slim_337472920 slim_337472957 slim_337472911 slim_337472906 slim_337472794 slim_337472854 slim_337472852 slim_337472859 slim_337472657 slim_337472886 slim_337472927 slim_337472904 slim_337472868 slim_337472913 slim_337472739 slim_337472875 slim_337472901 slim_337472804 slim_337472850 slim_337472926 slim_337472882 slim_337472969 slim_337472910 slim_337472802 slim_337472627 slim_337472962 slim_337472892 slim_337472714 slim_337472949 slim_337472840 slim_337472940 slim_337472943 slim_337472874 slim_337472626 slim_337472954 slim_337472895 slim_337472942 slim_337472897 slim_337472896 slim_337472948 slim_337472821 slim_337472967 slim_337472767 slim_337472887 slim_337472841 slim_337472964 slim_337472880 slim_337472947 slim_337472935 slim_337472435 slim_337472768 slim_337472492 slim_337472965 slim_337472871 slim_337472810 slim_337472879 slim_337472766 slim_337472716 slim_337472811 slim_337472933 slim_337472922 slim_337472831 slim_337472925 slim_337472848 slim_337472775 slim_337472918
0 0.0005398 0.0005997 0.00053515 0.00061125 0.00049225 0.0006451 0.0003649 0.0006346 0.0005637 0.00048445 0.0005471 0.0005541 0.00056875 0.00048815 0.0003934 0.00035055 0.0005601 0.0005206 0.0004359 0.00062515 0.00057705 0.00061205 0.00042595 0.000309 0.0006278 0.0003731 0.0004882 0.0006102 0.0005462 0.00035045 0.0005184 0.0005042 0.000651 0.00059615 0.0004748 0.00054325 0.0004882 0.00045945 0.0004308 0.00056855 0.00044 0.0003816 0.00066595 0.0006297 0.0006059 0.00042625 0.00061015 0.0005637 0.00062975 0.00054915 0.00048075 0.0005651 0.00049425 0.00053515 0.0006138 0.0005226 0.0005304 0.00070605 0.00045915 0.0006628 0.00055525 0.00061145 0.0006348 0.00060915 0.0006049 0.00049825 0.00055165 0.0006547 0.0004943 0.0005795 0.00036525 0.00058845 0.0005782 0.0003904 0.0005828 0.0005351 0.0007061 0.00060365 0.00044065 0.00047465 0.0005432 0.0005469 0.00058895 0.0003456 0.00048375 0.00034545 0.00050405 0.0005636 0.00067585 0.000479 0.0005155 0.00048485 0.00061085 0.00044855 0.00059105 0.0005686 0.0005638 0.00063085 0.000462 0.00040025
1 0.0005997 0.0007836 0.00046405 0.00043245 0.0005453 0.00052595 0.0005553 0.0004688 0.0004322 0.00061715 0.0004078 0.00045445 0.0004322 0.0004845 0.0005475 0.00054715 0.00054225 0.0004557 0.0005664 0.00068375 0.0004285 0.00049965 0.0004722 0.00054605 0.0004284 0.000521 0.00050705 0.0004392 0.00046185 0.00054705 0.0005122 0.0004788 0.0003981 0.000502 0.00061715 0.00042965 0.0005073 0.0006194 0.000472 0.00043225 0.0005081 0.00048455 0.0005821 0.0005327 0.00057255 0.00047245 0.00043915 0.0004563 0.00053275 0.00045455 0.0004644 0.0005422 0.0005444 0.00046405 0.000439 0.00049635 0.0004591 0.00039195 0.0006192 0.000549 0.0005422 0.0004324 0.00050505 0.00054905 0.00053415 0.00056575 0.0004155 0.0005257 0.00054445 0.0005504 0.00053315 0.00043065 0.00056695 0.00047095 0.00066235 0.000464 0.0003918 0.00049805 0.0005132 0.0006114 0.0004296 0.0004418 0.0004129 0.00052475 0.00058365 0.0005246 0.0004785 0.0004321 0.00040475 0.00045455 0.00045565 0.00059485 0.0004219 0.0004461 0.00044225 0.00043205 0.00043255 0.0004047 0.00043195 0.00051675
2 0.00053515 0.00046405 0.0002448 0.00030355 0.0003701 0.0002692 0.0002928 0.00053705 0.00025885 0.000435 0.00040875 0.00021845 0.00026465 0.0004449 0.0003939 0.00035465 0.0003206 0.0001843 0.00043655 0.00065935 0.0003955 0.00043125 0.0002402 0.000389 0.00020615 0.00053135 0.0003732 0.0001227 0.0002577 0.00035455 0.00050525 0.0002689 0.0002975 0.00052585 0.00043925 0.0003611 0.0003732 0.00059585 0.0002458 0.00026445 0.0003647 0.000626 0.00033885 0.00045585 0.0004283 0.0002405 0.00012285 0.00022385 0.0004559 0.00021275 0.00029955 0.00032635 0.00036915 0.00012255 0.00038055 0.0005099 0.00024205 0.00028285 0.00059565 0.0003877 0.0003306 0.00030375 0.0003943 0.00047935 0.000384 0.0004497 0.00038385 0.0002649 0.0003692 0.00026455 0.00036475 0.00032625 0.00040055 0.00027345 0.00062005 0.0001225 0.0002829 0.00051305 0.00039535 0.0004049 0.00036105 0.0002303 0.00029945 0.0004207 0.0004566 0.00042055 0.0002687 0.00025875 0.00028615 0.00021885 0.0001787 0.00050695 0.0002252 0.00041695 0.0001726 0.0002645 0.00025895 0.0002568 0.00044545 0.00047995
3 0.00061125 0.00043245 0.00030355 0.0003563 0.00042425 0.0003684 0.0004613 0.00043945 0.0002403 0.00053005 0.0004742 0.0002541 0.00024 0.00040375 0.0003861 0.00044725 0.0003841 0.0002893 0.0003731 0.00060335 0.00046075 0.00038665 0.00030125 0.00047755 0.00022905 0.00065375 0.0003862 0.00027765 0.00028385 0.00044715 0.0004956 0.0002275 0.00022595 0.0005763 0.0005261 0.0004959 0.00038615 0.0005857 0.00030075 0.00023975 0.00045315 0.0006575 0.00043635 0.0003999 0.0004709 0.00030155 0.0002776 0.0002284 0.00039995 0.0002545 0.00023975 0.00038375 0.0004355 0.00030355 0.00035765 0.00050025 0.00025495 0.00017845 0.0005855 0.00037475 0.0003798 0.0001785 0.00036275 0.00048285 0.00031855 0.000452 0.00048185 0.0003721 0.00043555 0.00039785 0.00047925 0.000207 0.0004874 0.0003293 0.00060575 0.0003035 0.00017865 0.00055945 0.00042565 0.00052695 0.00049585 0.0002939 0.00027865 0.00046525 0.00049955 0.0004651 0.0002274 0.0002402 0.00017965 0.00031955 0.00028955 0.00054785 0.00026785 0.0005078 0.00029165 0.00023985 0.00024035 0.0002408 0.00049345 0.00040375
4 0.00049225 0.0005453 0.0003701 0.00042425 0.0005029 0.00043525 0.00038275 0.00054135 0.0003805 0.00045355 0.00049195 0.0003694 0.00038175 0.00052495 0.00039165 0.0003488 0.0003574 0.00033595 0.00043415 0.0004463 0.00054745 0.00047755 0.0002526 0.0003856 0.00041845 0.0005264 0.0004766 0.00041805 0.0004442 0.0003487 0.0004375 0.0003617 0.000523 0.00052225 0.00044785 0.00051365 0.0004766 0.00046085 0.00025365 0.00038155 0.00047925 0.00056095 0.00040085 0.0004663 0.0004648 0.0002529 0.000418 0.00037905 0.00046635 0.00036835 0.0003221 0.0003586 0.00027185 0.0003701 0.0003906 0.00045795 0.00034955 0.0005092 0.00046065 0.00043285 0.0003529 0.00042445 0.0003804 0.0004657 0.00042135 0.0003542 0.0004996 0.0004407 0.0002719 0.0003926 0.0004315 0.00047655 0.0004371 0.0002898 0.0003818 0.00037005 0.00050925 0.00050365 0.0004979 0.00041765 0.0005136 0.0004436 0.00047565 0.00039635 0.00035405 0.0003962 0.00036185 0.0003804 0.00046415 0.0003727 0.00033475 0.00050215 0.0004852 0.00043025 0.00041045 0.0003816 0.0003807 0.00041915 0.00041745 0.0004658
5 0.0006451 0.00052595 0.0002692 0.0003684 0.00043525 0.0004006 0.00047915 0.00046155 0.00036925 0.00041465 0.0004897 0.00032845 0.0003744 0.0004913 0.0005223 0.00052795 0.0003166 0.0003178 0.0005142 0.0004651 0.00045735 0.00042355 0.00042985 0.00054435 0.0002523 0.0006568 0.00046725 0.00020035 0.00029775 0.00052785 0.0005014 0.00037525 0.0003171 0.00047335 0.00041055 0.00044675 0.00046725 0.00053305 0.0004348 0.0003742 0.00043475 0.0007038 0.00020475 0.00035855 0.0003669 0.00043015 0.0002007 0.0003122 0.0003586 0.0003234 0.00044765 0.0003217 0.0004285 0.00026915 0.0004449 0.00052235 0.00034445 0.00031335 0.00053285 0.00030925 0.0003176 0.0003686 0.00037955 0.00043305 0.0003302 0.0004323 0.0004694 0.0002047 0.00042855 0.00027295 0.0005036 0.0003569 0.0003669 0.00044785 0.00048975 0.0002691 0.0003134 0.00046955 0.0004708 0.00041085 0.0004467 0.0003259 0.000327 0.000547 0.0004792 0.00054685 0.00037505 0.00036915 0.0003086 0.00033435 0.0003128 0.00043895 0.0002606 0.00055875 0.0002425 0.00037425 0.00036935 0.000318 0.0005866 0.0005647
6 0.0003649 0.0005553 0.0002928 0.0004613 0.00038275 0.00047915 0.0003417 0.0006586 0.000393 0.00035885 0.0005041 0.0003612 0.00040015 0.00055785 0.0002684 0.00020695 0.00038765 0.00032865 0.00031905 0.00059905 0.00049425 0.00053615 0.0002357 0.0002067 0.0004761 0.0003394 0.0003641 0.00041445 0.00044735 0.00020685 0.00050005 0.0003658 0.00054505 0.00055 0.0003572 0.00046125 0.0003641 0.00057565 0.00024265 0.00039995 0.00048645 0.00055605 0.00050615 0.00057025 0.00050995 0.000236 0.0004144 0.0003904 0.0005703 0.00035415 0.0003157 0.00039475 0.00035915 0.0002928 0.00047765 0.00050425 0.00036395 0.000557 0.00057545 0.00053595 0.0003931 0.0004615 0.00054695 0.0005184 0.0004658 0.00041745 0.0004839 0.00048055 0.0003592 0.00035875 0.000365 0.0005021 0.00048225 0.0002407 0.0005714 0.00029275 0.00055705 0.0005485 0.0003597 0.00034 0.0004612 0.00037235 0.00053085 0.00039365 0.0003895 0.0003935 0.0003656 0.0003929 0.0005475 0.00032835 0.00032145 0.0005528 0.00048155 0.00036825 0.00043445 0.0004 0.0003931 0.00048435 0.00039805 0.00047355
7 0.0006346 0.0004688 0.00053705 0.00043945 0.00054135 0.00046155 0.0006586 0.0006841 0.0004808 0.0005911 0.00048185 0.000475 0.0004794 0.000492 0.00058215 0.00062175 0.00050015 0.0005 0.0005503 0.0005053 0.00047895 0.0005054 0.00053075 0.00062975 0.0004064 0.00062525 0.0005717 0.00047065 0.00043605 0.00062165 0.00045315 0.00047635 0.00042465 0.00048815 0.00058305 0.0005036 0.0005717 0.0005169 0.00052915 0.0004792 0.0005127 0.0005317 0.00048035 0.00044155 0.0005012 0.00053105 0.0004706 0.00046065 0.0004416 0.0004765 0.0005072 0.0004987 0.0005404 0.00053705 0.0004549 0.0004373 0.0004515 0.000429 0.0005167 0.0004496 0.00049065 0.00043965 0.00048975 0.00052405 0.0004686 0.00051205 0.0004895 0.00046935 0.00054045 0.0005356 0.0005793 0.00042145 0.00052335 0.0005357 0.00054135 0.000537 0.00042905 0.0004762 0.00055945 0.0005946 0.00050355 0.00050085 0.0003985 0.0005436 0.0005543 0.0005434 0.0004764 0.0004807 0.0003857 0.00050795 0.00050135 0.00051165 0.00043785 0.0005343 0.0004737 0.00047925 0.0004809 0.00042905 0.0005188 0.0005202
8 0.0005637 0.0004322 0.00025885 0.0002403 0.0003805 0.00036925 0.000393 0.0004808 0.0004341 0.0005073 0.0004463 0.00026025 0.0002402 0.0004078 0.00039605 0.00039585 0.00035145 0.0002615 0.00041495 0.00063455 0.0004574 0.00041355 0.00023995 0.00041215 0.00023945 0.0005928 0.0003729 0.00026005 0.0002941 0.00039575 0.00047555 0.0002383 0.00026405 0.0005665 0.00050335 0.00045855 0.00037325 0.0005796 0.00026275 0.00024025 0.0004292 0.0006229 0.0004372 0.00043555 0.00048425 0.0002402 0.00026 0.00026195 0.0004356 0.00023745 0.00024035 0.0003744 0.00038945 0.00025885 0.00035775 0.0004802 0.000238 0.00021725 0.0005794 0.00040895 0.00037045 0.00024015 0.0003805 0.0004631 0.00034775 0.00042805 0.0004536 0.00037295 0.0003895 0.0003716 0.0004282 0.0002544 0.00047865 0.0002776 0.00062645 0.0002588 0.00021705 0.00054565 0.00041985 0.00048465 0.0004585 0.00028455 0.0002922 0.0004081 0.0004574 0.00040795 0.00023815 0.0002171 0.00021805 0.00027775 0.00023855 0.00054235 0.00028565 0.00043695 0.00027745 0.00024005 0.00021765 0.0002181 0.000455 0.00040815
9 0.00048445 0.00061715 0.000435 0.00053005 0.00045355 0.00041465 0.00035885 0.0005911 0.0005073 0.0006719 0.00058505 0.0004751 0.0005138 0.00060815 0.00040665 0.00039005 0.0003836 0.000466 0.0004065 0.000404 0.00055605 0.0005259 0.00043745 0.00037185 0.000526 0.00047075 0.0004598 0.00048805 0.0004913 0.00038995 0.00050435 0.00048425 0.00056035 0.0004935 0.00033845 0.0005468 0.0004598 0.0005185 0.00044375 0.0005136 0.00056045 0.000642 0.00037205 0.0004704 0.00044605 0.00043775 0.000488 0.00048285 0.00047045 0.0004687 0.0004759 0.00039005 0.00042415 0.000435 0.00055 0.00052485 0.0004783 0.0005832 0.0005183 0.00045495 0.00039235 0.00053025 0.00052965 0.00046955 0.00042415 0.0004057 0.00056945 0.0004121 0.0004242 0.0003589 0.0005076 0.00053665 0.0004461 0.0004272 0.0004403 0.00043495 0.00058325 0.0005132 0.00043675 0.0003556 0.00054675 0.00046365 0.00056215 0.00053205 0.00041775 0.0005319 0.00048405 0.0005072 0.0005737 0.00044775 0.00045945 0.00048475 0.00051285 0.0005182 0.0005001 0.00051365 0.0005074 0.0005493 0.00054735 0.0005704
10 0.0005471 0.0004078 0.00040875 0.0004742 0.00049195 0.0004897 0.0005041 0.00048185 0.0004463 0.00058505 0.0006981 0.0004321 0.0004402 0.00049355 0.00052785 0.0004935 0.00051125 0.00039795 0.0005705 0.00067115 0.00041465 0.00051125 0.00041965 0.00049425 0.00041085 0.00047575 0.00052005 0.00038225 0.0004364 0.0004934 0.00049135 0.0004874 0.0004376 0.00047285 0.00058505 0.0003803 0.00052005 0.00057945 0.00041335 0.00044 0.00045135 0.0004349 0.0005465 0.0005309 0.00054315 0.00041995 0.00038245 0.0004325 0.00053095 0.0004383 0.00047145 0.0005051 0.00047965 0.0004087 0.00042035 0.0004755 0.00044295 0.0004664 0.00057925 0.0005443 0.0005051 0.0004744 0.00051225 0.0005513 0.0005629 0.0005266 0.00036565 0.0004897 0.0004797 0.00051575 0.000478 0.0004748 0.0005154 0.00041415 0.0006313 0.00040865 0.00046645 0.00047345 0.00049875 0.00056835 0.00038025 0.00042455 0.0003946 0.00047325 0.00053735 0.0004731 0.00048725 0.0004462 0.0004528 0.00039885 0.0004042 0.0005588 0.0004033 0.00040195 0.00037695 0.00044005 0.0004464 0.00041855 0.00038125 0.000525
11 0.0005541 0.00045445 0.00021845 0.0002541 0.0003694 0.00032845 0.0003612 0.000475 0.00026025 0.0004751 0.0004321 0.000433 0.0002491 0.00044175 0.00036655 0.0003612 0.0003417 0.0002183 0.00038545 0.00061575 0.0004231 0.0004277 0.0002278 0.0004068 0.000225 0.0005668 0.0003936 0.0002199 0.0002775 0.00036115 0.000475 0.00025425 0.0002995 0.00053595 0.00047115 0.00042395 0.0003936 0.0005774 0.0002165 0.0002489 0.000411 0.00061495 0.0003967 0.00043485 0.00044945 0.00022805 0.00021985 0.00022385 0.0004349 0.0002279 0.00025315 0.0003305 0.00036205 0.00021845 0.0003452 0.00047965 0.00022885 0.00028115 0.0005772 0.00038445 0.0003266 0.0002543 0.0003905 0.000485 0.00036315 0.0004301 0.0004237 0.00033215 0.00036195 0.00033055 0.00040975 0.0002879 0.00044385 0.00025505 0.00058965 0.0002184 0.0002812 0.000519 0.00041175 0.00045635 0.0004239 0.0002728 0.00029865 0.00042065 0.00045355 0.0004205 0.0002543 0.00026015 0.00025575 0.0002638 0.00022935 0.0005235 0.00026895 0.0004334 0.00024995 0.000249 0.00026035 0.00026035 0.00042205 0.00044615
12 0.00056875 0.0004322 0.00026465 0.00024 0.00038175 0.0003744 0.00040015 0.0004794 0.0002402 0.0005138 0.0004402 0.0002491 0.0004691 0.00041725 0.00039135 0.0003859 0.00036785 0.0002504 0.00041025 0.00062695 0.00046075 0.0004088 0.0002401 0.00042145 0.0002514 0.0005975 0.0003861 0.00026605 0.0002987 0.000386 0.00047935 0.00025485 0.0002744 0.0005599 0.00050985 0.0004619 0.00038635 0.00058305 0.00023455 0.00023465 0.0004329 0.00061485 0.0004426 0.0004399 0.0004769 0.0002401 0.000266 0.0002559 0.00043995 0.0002546 0.0002398 0.00036225 0.0003777 0.00026465 0.0003576 0.000484 0.00025505 0.00023475 0.00058285 0.0004147 0.0003585 0.00023995 0.00037625 0.00046625 0.0003635 0.00043575 0.00044785 0.0003781 0.00037795 0.00037655 0.0004317 0.00026305 0.0004713 0.00026305 0.0006031 0.0002646 0.00023455 0.00054305 0.0004258 0.00049515 0.00046185 0.00029405 0.000301 0.00042275 0.0004612 0.0004226 0.00025475 0.0002401 0.00023575 0.0002857 0.0002557 0.0005452 0.00029025 0.00045155 0.00028005 0.0002347 0.00024055 0.00024055 0.00043215 0.00042245
13 0.00048815 0.0004845 0.0004449 0.00040375 0.00052495 0.0004913 0.00055785 0.000492 0.0004078 0.00060815 0.00049355 0.00044175 0.00041725 0.0006993 0.00054195 0.00055535 0.00052785 0.0004422 0.00055275 0.00068135 0.0005146 0.00048745 0.000475 0.0005382 0.0003839 0.000628 0.00048805 0.00039995 0.0003845 0.00055525 0.00053645 0.00040705 0.0003504 0.0006046 0.0006042 0.00051495 0.0004883 0.00049455 0.00048425 0.0004173 0.00037485 0.0004846 0.0005541 0.00049485 0.00056175 0.00047525 0.0003999 0.00042905 0.0004949 0.0004324 0.0004495 0.00053725 0.0005523 0.0004449 0.00052735 0.0005411 0.00043315 0.00034985 0.00049435 0.00051895 0.0005333 0.0004037 0.00046695 0.00055985 0.00049815 0.0005446 0.00050955 0.000495 0.00055235 0.0005398 0.00042 0.0003521 0.00055615 0.00046325 0.00065415 0.00044485 0.00034965 0.00060085 0.00048865 0.00060265 0.0005149 0.0004247 0.0003595 0.0004078 0.00058915 0.00040765 0.0004068 0.0004077 0.00035885 0.000425 0.0004327 0.00047015 0.00037565 0.0005477 0.00039425 0.000417 0.00040815 0.0003818 0.00055175 0.00038215
14 0.0003934 0.0005475 0.0003939 0.0003861 0.00039165 0.0005223 0.0002684 0.00058215 0.00039605 0.00040665 0.00052785 0.00036655 0.00039135 0.00054195 0.0004746 0.00024255 0.00041645 0.0003678 0.00025655 0.00054725 0.0005233 0.000511 0.0002523 0.00024845 0.00047305 0.0003989 0.00038615 0.000488 0.00044565 0.00024245 0.00047765 0.0003246 0.0005264 0.00056795 0.0003968 0.0005243 0.00038615 0.0005507 0.0002474 0.00039115 0.0005185 0.0005547 0.0005483 0.00053485 0.00051515 0.0002526 0.00048795 0.00036315 0.0005349 0.00037135 0.00027095 0.0004117 0.00037755 0.0003939 0.0004442 0.00048185 0.0003523 0.00053465 0.0005505 0.0005187 0.00040185 0.0003863 0.00053045 0.00053205 0.0004253 0.00040575 0.00052405 0.0005319 0.0003776 0.00043765 0.0004246 0.0004431 0.00050955 0.00025655 0.0005345 0.00039385 0.0005347 0.00056235 0.00037775 0.00039925 0.00052425 0.0004162 0.0005082 0.00040315 0.00039425 0.000403 0.00032465 0.00039595 0.0004965 0.00037365 0.00037245 0.00056265 0.00050315 0.00040875 0.00048855 0.0003912 0.00039615 0.00048975 0.0004038 0.00042195
15 0.00035055 0.00054715 0.00035465 0.00044725 0.0003488 0.00052795 0.00020695 0.00062175 0.00039585 0.00039005 0.0004935 0.0003612 0.0003859 0.00055535 0.00024255 0.0003617 0.00039985 0.00032855 0.00029315 0.0005705 0.00052295 0.00053305 0.0001908 0.000192 0.00049505 0.00034235 0.000386 0.00047605 0.00046015 0.00018095 0.00046105 0.0003517 0.00057475 0.0005512 0.0003802 0.00048995 0.000386 0.0005477 0.00018085 0.0003857 0.0004979 0.0005117 0.0005542 0.0005745 0.0005208 0.0001909 0.000476 0.0003903 0.00057455 0.0003711 0.00027075 0.00038985 0.00031945 0.00035465 0.0004438 0.00046525 0.00035205 0.0005907 0.0005475 0.0005583 0.0003802 0.00044745 0.00054385 0.0005153 0.00047 0.00038915 0.0004897 0.00053755 0.00031965 0.000416 0.0003767 0.00049915 0.0004931 0.00018995 0.0005315 0.0003546 0.00059075 0.0005456 0.00037755 0.0003671 0.0004899 0.000416 0.0005302 0.0003603 0.00035555 0.00036015 0.00035175 0.00039575 0.0005525 0.00033945 0.00033825 0.00055965 0.0005252 0.00035215 0.0004766 0.00038595 0.00039595 0.00048935 0.00034215 0.0004404
16 0.0005601 0.00054225 0.0003206 0.0003841 0.0003574 0.0003166 0.00038765 0.00050015 0.00035145 0.0003836 0.00051125 0.0003417 0.00036785 0.00052785 0.00041645 0.00039985 0.0005177 0.0003326 0.0004163 0.00045775 0.0005075 0.000518 0.00027515 0.0004086 0.000383 0.0005654 0.00047605 0.00037365 0.00038495 0.00039975 0.0004132 0.0003389 0.0004506 0.0004498 0.0003836 0.00049825 0.00047605 0.00049985 0.00029135 0.00036765 0.0004927 0.0006263 0.00027385 0.0004223 0.0004507 0.00027545 0.0003736 0.00034945 0.00042235 0.0003255 0.0003207 0.0002753 0.00033985 0.0003206 0.0004437 0.0004337 0.0003261 0.0004437 0.00049965 0.00038965 0.0002753 0.0003843 0.00044985 0.00046165 0.0003045 0.00034835 0.0005071 0.00031635 0.0003399 0.00026315 0.00043985 0.0004177 0.00045075 0.0003018 0.0004921 0.00032055 0.00044375 0.00045005 0.00048275 0.0003838 0.0004982 0.00036645 0.0004412 0.0004357 0.0003936 0.00043555 0.0003389 0.00035135 0.00041815 0.0003413 0.00031625 0.00043565 0.00041565 0.00044075 0.00039915 0.0003677 0.00035165 0.00039375 0.000466 0.00048105
17 0.0005206 0.0004557 0.0001843 0.0002893 0.00033595 0.0003178 0.00032865 0.0005 0.0002615 0.000466 0.00039795 0.0002183 0.0002504 0.0004422 0.0003678 0.00032855 0.0003326 0.0003676 0.00041045 0.0006306 0.000424 0.00042795 0.0001951 0.0003741 0.0002249 0.00053405 0.00039485 0.0001841 0.0002703 0.00032845 0.00046605 0.0002546 0.000327 0.00052685 0.00046205 0.00038945 0.00039485 0.0005677 0.0001838 0.0002502 0.00037595 0.00058145 0.0003867 0.0004599 0.00043895 0.0001954 0.00018425 0.00022355 0.00045995 0.0002295 0.0002544 0.00032145 0.00032945 0.00018435 0.0003465 0.0004707 0.00022995 0.00031635 0.0005675 0.00040985 0.0003175 0.0002895 0.000391 0.00047605 0.000388 0.0004212 0.00038945 0.0003217 0.0003295 0.0003216 0.0003764 0.0003231 0.0004112 0.00022255 0.00057995 0.0001843 0.0003164 0.00050995 0.000413 0.0004318 0.0003894 0.00027375 0.0002986 0.00038715 0.00042245 0.000387 0.00025465 0.0002614 0.00029095 0.00022975 0.0001953 0.0005136 0.00026865 0.00040065 0.00021455 0.00025025 0.0002616 0.0002616 0.00038935 0.0004466
18 0.0004359 0.0005664 0.00043655 0.0003731 0.00043415 0.0005142 0.00031905 0.0005503 0.00041495 0.0004065 0.0005705 0.00038545 0.00041025 0.00055275 0.00025655 0.00029315 0.0004163 0.00041045 0.000449 0.00049645 0.0005422 0.00052195 0.0003029 0.00029905 0.000484 0.00044955 0.0004051 0.0005227 0.00044725 0.00029305 0.0004775 0.00033555 0.0005213 0.0005678 0.00039665 0.00056695 0.0004051 0.0005425 0.000298 0.00041005 0.00055305 0.0005972 0.0005402 0.00050305 0.0005071 0.0003032 0.00052265 0.0003741 0.0005031 0.00039025 0.00028985 0.00041155 0.00042815 0.00043655 0.0004631 0.0004817 0.0003712 0.00052185 0.0005423 0.0004869 0.0004017 0.0003733 0.00054125 0.00053195 0.00039345 0.00040565 0.0005667 0.0005238 0.0004282 0.0004375 0.0004671 0.0004303 0.00052925 0.00030715 0.0005263 0.0004365 0.0005219 0.0005622 0.00039665 0.0004164 0.0005669 0.0004351 0.00051915 0.00044565 0.0004219 0.0004455 0.0003356 0.00041485 0.0004837 0.0004163 0.0004151 0.0005544 0.0005141 0.00045935 0.00052325 0.0004101 0.00041505 0.00050865 0.0004544 0.00043275
19 0.00062515 0.00068375 0.00065935 0.00060335 0.0004463 0.0004651 0.00059905 0.0005053 0.00063455 0.000404 0.00067115 0.00061575 0.00062695 0.00068135 0.00054725 0.0005705 0.00045775 0.0006306 0.00049645 0.0001872 0.0006875 0.00047175 0.0006242 0.0005812 0.00060945 0.0006418 0.00058075 0.0006446 0.00060855 0.0005704 0.0004976 0.0006281 0.0006387 0.000507 0.00040475 0.000702 0.00058075 0.0004099 0.0006164 0.00062675 0.0006851 0.00072815 0.00035365 0.00035925 0.000369 0.0006245 0.00064455 0.0006076 0.00035925 0.00062345 0.0006233 0.0004501 0.00041415 0.00065935 0.00055275 0.0005343 0.00061375 0.00063685 0.00040965 0.0003543 0.00045085 0.00060355 0.0004488 0.00038455 0.0004574 0.0003659 0.0006875 0.0004641 0.0004142 0.0004787 0.00070005 0.00061255 0.0003969 0.0006269 0.0001773 0.0006593 0.0006369 0.00051185 0.0005747 0.0004261 0.00070195 0.00065065 0.0006305 0.00067885 0.0003907 0.0006787 0.0006279 0.00063445 0.0006057 0.00064125 0.00063815 0.00050485 0.00063495 0.00069555 0.0006031 0.0006268 0.00063465 0.0006248 0.00067345 0.00067785
20 0.00057705 0.0004285 0.0003955 0.00046075 0.00054745 0.00045735 0.00049425 0.00047895 0.0004574 0.00055605 0.00041465 0.0004231 0.00046075 0.0005146 0.0005233 0.00052295 0.0005075 0.000424 0.0005422 0.0006875 0.0007346 0.00053285 0.00047435 0.0005234 0.0003932 0.00046775 0.0005059 0.0003703 0.0004318 0.00052285 0.00052235 0.0004698 0.00042785 0.00047865 0.00055605 0.0003689 0.00050585 0.00062005 0.0004775 0.00046055 0.00047795 0.00049965 0.00051385 0.000533 0.0005455 0.00047465 0.0003701 0.0004246 0.00053305 0.00041985 0.00049215 0.0005108 0.0005435 0.0003955 0.0004412 0.0005065 0.00042425 0.00044335 0.00061985 0.00051125 0.0005108 0.00046095 0.0005336 0.0005821 0.00052515 0.0005664 0.00039185 0.00045695 0.00054355 0.00048215 0.00050335 0.000461 0.0005399 0.000478 0.0006725 0.00039545 0.0004434 0.00047465 0.0004902 0.00055025 0.00036885 0.00041115 0.0004164 0.00052845 0.00059045 0.0005283 0.00046965 0.0004573 0.00043 0.00042425 0.00042045 0.000565 0.0003914 0.0004192 0.000404 0.0004606 0.00045745 0.00042975 0.0004455 0.0005462
21 0.00061205 0.00049965 0.00043125 0.00038665 0.00047755 0.00042355 0.00053615 0.0005054 0.00041355 0.0005259 0.00051125 0.0004277 0.0004088 0.00048745 0.000511 0.00053305 0.000518 0.00042795 0.00052195 0.00047175 0.00053285 0.0005937 0.0005251 0.0005486 0.00033095 0.00063795 0.0004214 0.00033555 0.00038305 0.00053295 0.0005866 0.00043375 0.00032185 0.00060415 0.0005284 0.00053295 0.00042165 0.00058095 0.00052015 0.00040885 0.0005068 0.0006903 0.0004637 0.00041495 0.0003977 0.00052535 0.0003356 0.00040615 0.000415 0.00043255 0.00049345 0.0005132 0.000492 0.00043125 0.00044855 0.0006075 0.0004422 0.00029705 0.00058075 0.0004092 0.0005157 0.0003866 0.000361 0.0004125 0.00048855 0.0005175 0.0005189 0.0004209 0.00049205 0.00051635 0.0006027 0.0003489 0.00039195 0.0005292 0.00044275 0.0004312 0.00029685 0.0006027 0.00044625 0.0005227 0.0005329 0.00043715 0.0003561 0.0006041 0.0004893 0.00060395 0.00043345 0.00041345 0.0003116 0.00044355 0.00043275 0.0005923 0.0003413 0.00063005 0.0003281 0.00040855 0.0004139 0.00034545 0.00061125 0.00057225
22 0.00042595 0.0004722 0.0002402 0.00030125 0.0002526 0.00042985 0.0002357 0.00053075 0.00023995 0.00043745 0.00041965 0.0002278 0.0002401 0.000475 0.0002523 0.0001908 0.00027515 0.0001951 0.0003029 0.0006242 0.00047435 0.0005251 5.68e-05 0.0002287 0.000352 0.00043695 0.0004022 0.0003616 0.00035375 0.0001907 0.00036985 0.0002063 0.00046495 0.00050745 0.0004253 0.00044135 0.0004022 0.000529 2.84e-05 0.0002399 0.0004301 0.00049595 0.00045595 0.00052635 0.0005254 2.875e-05 0.00036155 0.00025685 0.0005264 0.00022785 0.0001155 0.00027525 0.0002353 0.0002402 0.00033745 0.00037405 0.0001998 0.00045115 0.0005288 0.00049295 0.0002631 0.00030145 0.000464 0.00050735 0.0003503 0.00033175 0.0004273 0.00044175 0.00023535 0.0003202 0.0003089 0.00038015 0.0004977 6.455e-05 0.00058325 0.00024015 0.0004512 0.0004824 0.0004235 0.00039505 0.0004413 0.00031875 0.0004092 0.0002639 0.00033135 0.00026375 0.00020655 0.00023985 0.0003969 0.00023295 0.000195 0.0005105 0.00042795 0.00027465 0.0003756 0.00023995 0.00024015 0.00033375 0.00026075 0.000351
23 0.000309 0.00054605 0.000389 0.00047755 0.0003856 0.00054435 0.0002067 0.00062975 0.00041215 0.00037185 0.00049425 0.0004068 0.00042145 0.0005382 0.00024845 0.000192 0.0004086 0.0003741 0.00029905 0.0005812 0.0005234 0.0005486 0.0002287 0.0002916 0.0005265 0.0003082 0.00037535 0.0005102 0.0004551 0.0001919 0.0004641 0.0003709 0.0005595 0.00054255 0.000362 0.0004904 0.00037535 0.00052885 0.0002378 0.00042125 0.00049095 0.0004797 0.00057035 0.00055755 0.0005434 0.000229 0.00051015 0.0004308 0.0005576 0.0003976 0.00030135 0.00041785 0.00035345 0.000389 0.00048165 0.0004683 0.00037815 0.00060445 0.00052865 0.00058055 0.000408 0.00047775 0.0005781 0.00052295 0.00047135 0.0003657 0.0004988 0.00055395 0.0003535 0.0004326 0.00036995 0.00048475 0.0005157 0.0001974 0.0005644 0.00038895 0.0006045 0.00055005 0.0003379 0.000362 0.00049035 0.0004059 0.0005214 0.0003457 0.0003705 0.0003453 0.00037085 0.00041205 0.00057375 0.000328 0.00036475 0.00053495 0.00052015 0.00034495 0.000502 0.0004213 0.00041225 0.00050585 0.00036265 0.0004184
24 0.0006278 0.0004284 0.00020615 0.00022905 0.00041845 0.0002523 0.0004761 0.0004064 0.00023945 0.000526 0.00041085 0.000225 0.0002514 0.0003839 0.00047305 0.00049505 0.000383 0.0002249 0.000484 0.00060945 0.0003932 0.00033095 0.000352 0.0005265 0.0001703 0.00066315 0.0003824 8.585e-05 0.0001932 0.00049495 0.00052895 0.0002579 0.0001639 0.000572 0.0005222 0.0003931 0.0003824 0.00058125 0.00036375 0.0002512 0.0003575 0.0006738 0.00036265 0.00036095 0.0003858 0.0003523 8.55e-05 0.00020315 0.000361 0.00021315 0.0003505 0.0003949 0.00043855 0.00020615 0.0003185 0.00053405 0.0002126 0.0001384 0.00058105 0.00030945 0.0003911 0.00022925 0.0003176 0.00044605 0.0003777 0.00047995 0.000402 0.00025555 0.0004386 0.000376 0.000478 0.0002063 0.00038015 0.0003888 0.0005915 0.0002061 0.00013845 0.00055125 0.0004077 0.0005035 0.00039305 0.0002505 0.00016255 0.00048475 0.00050745 0.00048455 0.0002579 0.00023935 0.00011195 0.000256 0.0002126 0.00052775 0.0001377 0.00052015 0.0001196 0.00025125 0.00023955 0.0001456 0.000541 0.00048335
25 0.0003731 0.000521 0.00053135 0.00065375 0.0005264 0.0006568 0.0003394 0.00062525 0.0005928 0.00047075 0.00047575 0.0005668 0.0005975 0.000628 0.0003989 0.00034235 0.0005654 0.00053405 0.00044955 0.0006418 0.00046775 0.00063795 0.00043695 0.0003082 0.00066315 0.0004857 0.00049805 0.00062645 0.00061445 0.00034225 0.000508 0.0005668 0.0007034 0.00049365 0.00046485 0.00043475 0.00049805 0.0005899 0.00044145 0.0005973 0.00056465 0.000396 0.00067105 0.0006727 0.00061665 0.00043725 0.0006264 0.0005909 0.00067275 0.0005622 0.0005094 0.00057005 0.0005006 0.00053135 0.0005393 0.0004917 0.0005472 0.0007529 0.0005897 0.0006842 0.00056415 0.00065395 0.0006867 0.00061215 0.0006318 0.000525 0.00045765 0.00066245 0.00050065 0.0005672 0.00046975 0.00067215 0.00058895 0.00041235 0.0006139 0.0005313 0.00075295 0.00050095 0.0004561 0.0004607 0.0004347 0.00055485 0.0006475 0.0004677 0.00049205 0.00046755 0.00056665 0.0005927 0.0007265 0.00049985 0.0005293 0.0006009 0.00064795 0.0003376 0.00063035 0.00059735 0.0005929 0.00065845 0.0003652 0.0005401
26 0.0004882 0.00050705 0.0003732 0.0003862 0.0004766 0.00046725 0.0003641 0.0005717 0.0003729 0.0004598 0.00052005 0.0003936 0.0003861 0.00048805 0.00038615 0.000386 0.00047605 0.00039485 0.0004051 0.00058075 0.0005059 0.0004214 0.0004022 0.00037535 0.0003824 0.00049805 0.000713 0.0003744 0.0004004 0.0003859 0.00056665 0.0003836 0.00037375 0.00061015 0.00045815 0.00050705 0.0003569 0.0005982 0.0004151 0.00038615 0.0004969 0.00063855 0.00053535 0.0004836 0.00047955 0.00040245 0.00037435 0.0003953 0.00048365 0.0003806 0.0003955 0.0004891 0.0004737 0.0003732 0.000464 0.0005713 0.00039015 0.0003567 0.000598 0.0004742 0.00048745 0.00038605 0.00046025 0.00047095 0.00046735 0.00048535 0.0005159 0.00046865 0.00047375 0.0004673 0.0004959 0.0003733 0.00047395 0.00040295 0.0005746 0.00037315 0.0003565 0.00060875 0.0003738 0.0004566 0.000507 0.0003817 0.0004131 0.0005044 0.0004815 0.00050425 0.00038325 0.0003729 0.00037355 0.00038415 0.0003817 0.0005914 0.0003828 0.00051435 0.00037835 0.00038595 0.00037335 0.0003736 0.0005363 0.00049745
27 0.0006102 0.0004392 0.0001227 0.00027765 0.00041805 0.00020035 0.00041445 0.00047065 0.00026005 0.00048805 0.00038225 0.0002199 0.00026605 0.00039995 0.000488 0.00047605 0.00037365 0.0001841 0.0005227 0.0006446 0.0003703 0.00033555 0.0003616 0.0005102 8.585e-05 0.00062645 0.0003744 4e-07 0.00018225 0.00047595 0.00055845 0.00028635 0.0001787 0.00055285 0.0004923 0.0003346 0.0003744 0.00060295 0.0003674 0.00026585 0.000318 0.000675 0.00031205 0.0003891 0.00035975 0.0003619 8.5e-07 0.000196 0.00038915 0.000214 0.00039385 0.0003796 0.0004351 0.0001226 0.0003557 0.00056355 0.00024305 0.00016405 0.00060275 0.000321 0.00038385 0.00027785 0.00032225 0.0004416 0.00040995 0.00050295 0.00035725 0.0001965 0.00043515 0.00031805 0.0004404 0.0002575 0.00033195 0.00039505 0.0006 0.00012255 0.0001641 0.0005401 0.00039655 0.00045805 0.00033455 0.00021925 0.0001792 0.00049575 0.00050975 0.0004956 0.00028615 0.00025995 0.0001673 0.0002186 0.00017845 0.00051385 0.00010445 0.00051205 5.08e-05 0.0002659 0.00026015 0.000167 0.0005408 0.0005279
28 0.0005462 0.00046185 0.0002577 0.00028385 0.0004442 0.00029775 0.00044735 0.00043605 0.0002941 0.0004913 0.0004364 0.0002775 0.0002987 0.0003845 0.00044565 0.00046015 0.00038495 0.0002703 0.00044725 0.00060855 0.0004318 0.00038305 0.00035375 0.0004551 0.0001932 0.00061445 0.0004004 0.00018225 0.0003609 0.00046005 0.00050415 0.0002631 0.0002173 0.00055275 0.00048735 0.0004247 0.00040035 0.0005382 0.00035815 0.0002985 0.0003562 0.00060765 0.00038505 0.0003707 0.00042665 0.00035405 0.0001822 0.00025605 0.0003707 0.000273 0.00035195 0.0003895 0.00045155 0.0002577 0.0004025 0.0005088 0.00027355 0.0002386 0.000538 0.0003712 0.00038555 0.00028405 0.0003889 0.0004813 0.00037905 0.0004471 0.00043355 0.00030145 0.0004516 0.00037675 0.00043185 0.00022625 0.00042665 0.0003484 0.00060535 0.00025765 0.00023865 0.0005489 0.0003789 0.00048745 0.00042465 0.0002697 0.0002193 0.0004398 0.0005103 0.00043965 0.00026295 0.000294 0.0002215 0.0002652 0.00026565 0.00047565 0.0001892 0.0005081 0.0002064 0.00029855 0.00029415 0.00024765 0.00052155 0.00043795
29 0.00035045 0.00054705 0.00035455 0.00044715 0.0003487 0.00052785 0.00020685 0.00062165 0.00039575 0.00038995 0.0004934 0.00036115 0.000386 0.00055525 0.00024245 0.00018095 0.00039975 0.00032845 0.00029305 0.0005704 0.00052285 0.00053295 0.0001907 0.0001919 0.00049495 0.00034225 0.0003859 0.00047595 0.00046005 0.0003615 0.00046095 0.0003516 0.00057465 0.0005511 0.00038005 0.00048985 0.0003859 0.0005476 0.00018075 0.0003858 0.0004978 0.0005116 0.0005541 0.0005744 0.0005207 0.000191 0.0004759 0.0003902 0.00057445 0.000371 0.00027065 0.00038995 0.00031955 0.00035455 0.0004437 0.00046515 0.00035195 0.0005906 0.0005474 0.0005582 0.00038005 0.00044735 0.00054375 0.0005152 0.0004699 0.00038905 0.0004896 0.00053745 0.0003196 0.0004159 0.0003766 0.00049905 0.000493 0.0001899 0.0005314 0.0003545 0.00059065 0.0005455 0.0003774 0.000367 0.0004898 0.0004159 0.0005301 0.0003602 0.00035545 0.00036005 0.00035165 0.00039565 0.0005524 0.00033935 0.00033815 0.00055955 0.0005251 0.00035205 0.0004765 0.0003858 0.00039585 0.00048925 0.00034205 0.0004403
30 0.0005184 0.0005122 0.00050525 0.0004956 0.0004375 0.0005014 0.00050005 0.00045315 0.00047555 0.00050435 0.00049135 0.000475 0.00047935 0.00053645 0.00047765 0.00046105 0.0004132 0.00046605 0.0004775 0.0004976 0.00052235 0.0005866 0.00036985 0.0004641 0.00052895 0.000508 0.00056665 0.00055845 0.00050415 0.00046095 0.0007319 0.00045255 0.00057255 0.00044985 0.00049615 0.0005131 0.00056665 0.0004797 0.00037345 0.00047915 0.00052325 0.00046395 0.00046245 0.0005155 0.00054125 0.00037015 0.0005584 0.0004829 0.00051555 0.00047125 0.0004077 0.00041695 0.0004226 0.00050525 0.00049915 0.00038645 0.00044735 0.0005846 0.0004795 0.0005236 0.00040875 0.0004958 0.00054675 0.00053025 0.0004429 0.0004254 0.000499 0.00050935 0.00042265 0.000456 0.00047025 0.0005253 0.0005413 0.00038 0.0005167 0.0005052 0.00058465 0.00043775 0.0005544 0.00049215 0.00051305 0.00051035 0.00052105 0.0004274 0.00044515 0.00042725 0.0004526 0.00047545 0.00054215 0.00046905 0.00046215 0.0004744 0.00055955 0.00041685 0.0005615 0.0004792 0.0004756 0.00051775 0.00040655 0.0004652
31 0.0005042 0.0004788 0.0002689 0.0002275 0.0003617 0.00037525 0.0003658 0.00047635 0.0002383 0.00048425 0.0004874 0.00025425 0.00025485 0.00040705 0.0003246 0.0003517 0.0003389 0.0002546 0.00033555 0.0006281 0.0004698 0.00043375 0.0002063 0.0003709 0.0002579 0.0005668 0.0003836 0.00028635 0.0002631 0.0003516 0.00045255 0.0002687 0.0003299 0.00057945 0.0004721 0.0004698 0.0003837 0.00054195 0.00022265 0.00025475 0.00040695 0.0005994 0.00042045 0.00046445 0.0004932 0.00020655 0.0002863 0.00022775 0.0004645 0.0002378 0.00017855 0.0003554 0.0003795 0.0002689 0.0003776 0.00045675 0.00020975 0.0002865 0.00054175 0.00042075 0.00034325 0.0002276 0.00041 0.0005206 0.00029925 0.00040865 0.00047865 0.00038715 0.00037955 0.00036955 0.0003897 0.00024495 0.00048755 0.0002401 0.00061705 0.00026885 0.00028645 0.0005503 0.0004269 0.00045335 0.00046975 0.0003246 0.0003271 0.0003588 0.00043945 0.00035865 0.00013465 0.0002382 0.00025805 0.00027375 0.000238 0.000508 0.00032995 0.00042145 0.00031985 0.00025465 0.0002385 0.0002851 0.00044685 0.0003314
32 0.000651 0.0003981 0.0002975 0.00022595 0.000523 0.0003171 0.00054505 0.00042465 0.00026405 0.00056035 0.0004376 0.0002995 0.0002744 0.0003504 0.0005264 0.00057475 0.0004506 0.000327 0.0005213 0.0006387 0.00042785 0.00032185 0.00046495 0.0005595 0.0001639 0.0007034 0.00037375 0.0001787 0.0002173 0.00057465 0.00057255 0.0003299 0.0001462 0.0005847 0.0005646 0.00045575 0.00037395 0.0006031 0.0004751 0.00027445 0.0004031 0.00067535 0.00042715 0.0003257 0.0004388 0.0004652 0.00017865 0.0002789 0.00032575 0.00028925 0.0004037 0.0004609 0.00053295 0.0002975 0.00039895 0.00057765 0.0003183 7.33e-05 0.0006029 0.00035095 0.00046515 0.0002259 0.0003322 0.00044645 0.00039315 0.0005116 0.0004508 0.0003126 0.000533 0.00043125 0.0005221 0.0001576 0.0004476 0.00045515 0.00064535 0.00029745 7.31e-05 0.00058915 0.00037365 0.00057085 0.0004557 0.00023795 0.00016595 0.0005412 0.00058575 0.00054105 0.00032945 0.00026395 0.0001112 0.0003117 0.0003166 0.00053725 0.00012605 0.00059365 0.00018675 0.00027425 0.00026435 0.00017135 0.00059905 0.0004796
33 0.00059615 0.000502 0.00052585 0.0005763 0.00052225 0.00047335 0.00055 0.00048815 0.0005665 0.0004935 0.00047285 0.00053595 0.0005599 0.0006046 0.00056795 0.0005512 0.0004498 0.00052685 0.0005678 0.000507 0.00047865 0.00060415 0.00050745 0.00054255 0.000572 0.00049365 0.00061015 0.00055285 0.00055275 0.0005511 0.00044985 0.00057945 0.0005847 0.0007705 0.00049745 0.0004694 0.00061015 0.0005397 0.00050065 0.0005597 0.00057165 0.00048795 0.0004188 0.0005195 0.00053905 0.00050775 0.0005528 0.00054385 0.00051955 0.00054265 0.0005448 0.00044315 0.00049485 0.00052585 0.000525 0.00044985 0.00054725 0.0006185 0.0005395 0.00052975 0.0004471 0.0005765 0.00057445 0.00054765 0.00049095 0.0004861 0.000469 0.00046915 0.0004949 0.000442 0.00054485 0.0005939 0.0005391 0.0004952 0.00052805 0.0005258 0.00061855 0.00040245 0.00057615 0.0005106 0.00046935 0.00052375 0.00056195 0.0005524 0.0005199 0.00055225 0.0005793 0.0005664 0.00060495 0.00051815 0.0005334 0.0004882 0.00055195 0.00044995 0.000564 0.00055975 0.0005666 0.0005804 0.00044295 0.0005897
34 0.0004748 0.00061715 0.00043925 0.0005261 0.00044785 0.00041055 0.0003572 0.00058305 0.00050335 0.00033845 0.00058505 0.00047115 0.00050985 0.0006042 0.0003968 0.0003802 0.0003836 0.00046205 0.00039665 0.00040475 0.00055605 0.0005284 0.0004253 0.000362 0.0005222 0.00046485 0.00045815 0.0004923 0.00048735 0.00038005 0.00049615 0.0004721 0.0005646 0.00049745 0.0006568 0.0005468 0.00045815 0.0005128 0.0004316 0.00050965 0.0005565 0.0006338 0.000372 0.0004729 0.00044855 0.0004256 0.00049225 0.0004789 0.00047295 0.00046475 0.00046375 0.00039005 0.00041845 0.00043925 0.00054195 0.00051665 0.0004663 0.00058745 0.0005126 0.00045745 0.00038005 0.0005263 0.00053215 0.00047205 0.00041195 0.0004 0.00056945 0.0004203 0.0004185 0.0003671 0.00050365 0.0005327 0.0004486 0.00041505 0.00044105 0.0004392 0.0005875 0.00050495 0.00043505 0.0003459 0.00054675 0.0004679 0.00055835 0.0005199 0.00041205 0.00051975 0.0004719 0.00050325 0.0005699 0.0004438 0.0004555 0.00048475 0.0005171 0.00051 0.00050435 0.0005097 0.00050345 0.0005455 0.00053915 0.00055825
35 0.00054325 0.00042965 0.0003611 0.0004959 0.00051365 0.00044675 0.00046125 0.0005036 0.00045855 0.0005468 0.0003803 0.00042395 0.0004619 0.00051495 0.0005243 0.00048995 0.00049825 0.00038945 0.00056695 0.000702 0.0003689 0.00053295 0.00044135 0.0004904 0.0003931 0.00043475 0.00050705 0.0003346 0.0004247 0.00048985 0.0005131 0.0004698 0.00045575 0.0004694 0.0005468 0.0006686 0.00050705 0.00061 0.0004445 0.0004617 0.0004428 0.00046585 0.00050365 0.0005582 0.0005349 0.00044165 0.00033475 0.00042425 0.00055825 0.0004207 0.00049315 0.00050155 0.0005105 0.00036115 0.0004421 0.00049725 0.0004252 0.00047865 0.0006098 0.00053585 0.00050155 0.0004961 0.00053395 0.000573 0.0005499 0.00055715 0.0003575 0.0004467 0.00051055 0.0004729 0.00046955 0.0004962 0.00050715 0.000445 0.00066245 0.0003611 0.0004787 0.0004654 0.00049165 0.0005255 0.0003343 0.0004127 0.000416 0.00049465 0.00055905 0.0004945 0.00046965 0.00045845 0.00046505 0.00039025 0.00038645 0.00055495 0.0003915 0.0003862 0.0003684 0.00046175 0.00045865 0.0004308 0.0004125 0.0005464
