 slim_337532542 slim_337532687 slim_337532262 slim_337532560 slim_337532486 slim_337532692 slim_337532647 slim_337532226 slim_337532732 slim_337532773 slim_337532691 slim_337532555 slim_337532785 slim_337532637 slim_337532716 slim_337532743 slim_337532680 slim_337532746 slim_337532481 slim_337532767 slim_337532782 slim_337532355 slim_337532741 slim_337532651 slim_337532657 slim_337532766 slim_337532738 slim_337532739 slim_337532718 slim_337532610 slim_337532774 slim_337532405 slim_337532727 slim_337532636 slim_337532722 slim_337532595 slim_337532681 slim_337532788 slim_337532662 slim_337532765 slim_337532585 slim_337532750 slim_337532742 slim_337532748 slim_337532776 slim_337532704 slim_337532759 slim_337532717 slim_337532762 slim_337532719 slim_337532583 slim_337532660 slim_337532478 slim_337532747 slim_337532670 slim_337532593 slim_337532726 slim_337532605 slim_337532715 slim_337532777 slim_337532783 slim_337532576 slim_337532775 slim_337532755 slim_337532562 slim_337532724 slim_337532789 slim_337532729 slim_337532736 slim_337532723 slim_337532780 slim_337532754 slim_337532740 slim_337532696 slim_337532770 slim_337532769 slim_337532733 slim_337532768 slim_337532760 slim_337532752 slim_337532744 slim_337532524 slim_337532243 slim_337532618 slim_337532707 slim_337532648 slim_337532663 slim_337532565 slim_337532698 slim_337532771 slim_337532749 slim_337532784 slim_337532761 slim_337532639 slim_337532621 slim_337532623 slim_337532757 slim_337532756 slim_337532676 slim_337532642
0 2.94e-05 0.00013375 3.065e-05 3.875e-05 4.355e-05 4.03e-05 3.995e-05 3.895e-05 5.1e-05 5.31e-05 1.82e-05 7.79e-05 5.405e-05 6.23e-05 6.715e-05 0.000143 0.0001314 5.34e-05 9.435e-05 0.00011765 3.915e-05 4.35e-05 4.37e-05 9.035e-05 0.00011925 0.00015625 9.17e-05 9.15e-05 0.00014135 5.275e-05 8.035e-05 0.00016865 0.0001195 6.82e-05 3.915e-05 2.945e-05 0.0001208 2.925e-05 6.265e-05 3.84e-05 0.00014095 6.26e-05 6.175e-05 0.0001963 0.0001193 3.925e-05 6.88e-05 9.025e-05 7.77e-05 3.86e-05 6.915e-05 8.91e-05 4.005e-05 2.965e-05 6.95e-05 0.00015625 4.045e-05 9.61e-05 6.235e-05 3.14e-05 7.635e-05 8.03e-05 0.00015655 3.86e-05 3.9e-05 6.195e-05 6.27e-05 4.085e-05 3.995e-05 7.795e-05 0.00014105 0.00014115 4.065e-05 7.765e-05 0.0001177 6.035e-05 0.0001177 6.915e-05 5.97e-05 0.00014095 6.25e-05 3.115e-05 3.86e-05 2.9e-05 6.06e-05 6.205e-05 3.87e-05 0.00011515 1.69e-05 6.245e-05 6.23e-05 3.99e-05 2.955e-05 8.09e-05 5.29e-05 0.0001054 0.00013745 5.315e-05 6.2e-05 4.025e-05
1 0.00013375 0.0002603 0.000133 0.00014415 0.00013105 0.00014425 0.00014405 0.00014395 0.0001427 0.0001432 0.0001329 0.00015375 0.00014325 0.00015405 0.00015425 0.0001422 0.0001321 0.00014235 0.0001544 0.0001434 0.00014415 0.0001311 0.00013135 0.0001536 0.0001322 0.00014275 0.0001432 0.00015315 0.0001438 0.00014305 0.0001432 0.00014315 0.0001321 0.00015405 0.00014415 0.0001328 0.00013235 0.0001322 0.0001542 0.00014435 0.0001433 0.00015415 0.00015445 0.00013265 0.00013225 0.00014395 0.00014475 0.00015415 0.0001536 0.00014385 0.00014255 0.00015455 0.00014445 0.000133 0.0001429 0.00014275 0.000143 0.00013315 0.0001541 0.00013355 0.00015385 0.00014315 0.00014185 0.00014365 0.000144 0.0001536 0.00015425 0.0001432 0.00014405 0.00015365 0.0001433 0.0001433 0.0001439 0.00015355 0.0001333 0.0001537 0.0001333 0.00015465 0.00015395 0.0001433 0.0001544 0.0001325 0.0001444 0.0001324 0.00015395 0.000154 0.00014425 0.0001535 0.00013415 0.0001549 0.0001541 0.000144 0.0001329 0.00014315 0.000143 0.00014195 0.0001473 0.0001423 0.000154 0.00014445
2 3.065e-05 0.000133 2.95e-05 3.95e-05 1.605e-05 3.815e-05 5.215e-05 4.01e-05 3.835e-05 3.79e-05 4.45e-05 8.945e-05 3.885e-05 6.025e-05 6.725e-05 0.0001543 0.00011875 3.905e-05 9.41e-05 0.00011775 4.03e-05 1.6e-05 1.6e-05 0.0001166 0.00013385 0.000159 0.0001063 0.00010615 0.000142 3.73e-05 6.575e-05 0.00016955 0.00013425 6.59e-05 4.03e-05 1.745e-05 0.0001319 2.945e-05 6.06e-05 5.24e-05 0.00014145 6.055e-05 7.255e-05 0.00019895 0.0001336 3.965e-05 6.74e-05 8.86e-05 7.82e-05 4e-05 5.57e-05 8.725e-05 3.84e-05 1.765e-05 5.47e-05 0.000159 5.225e-05 9.505e-05 6.03e-05 1.645e-05 8.845e-05 6.57e-05 0.00016885 3.98e-05 4.015e-05 6.055e-05 6.065e-05 5.29e-05 5.215e-05 7.845e-05 0.00015395 0.00014115 3.84e-05 7.815e-05 0.0001214 6.085e-05 0.0001214 6.67e-05 6.13e-05 0.00014145 6.025e-05 3.06e-05 4.02e-05 1.705e-05 6.11e-05 5.975e-05 5.12e-05 0.000127 1.735e-05 6.105e-05 6.12e-05 5.21e-05 1.755e-05 6.61e-05 3.77e-05 0.00010365 0.00014955 3.88e-05 6.09e-05 5.29e-05
3 3.875e-05 0.00014415 3.95e-05 4.93e-05 5.25e-05 2.78e-05 4.07e-05 2.79e-05 3.855e-05 4.085e-05 5.295e-05 5.785e-05 4.19e-05 2.885e-05 3.34e-05 0.0001318 0.00013 4.125e-05 6.27e-05 9.465e-05 2.81e-05 5.245e-05 5.265e-05 8.64e-05 0.00013065 0.0001341 9.39e-05 7.355e-05 0.00011865 4.01e-05 6.925e-05 0.00014635 0.0001311 3.435e-05 2.81e-05 3.96e-05 0.00013085 5.185e-05 2.93e-05 3.98e-05 0.00011835 2.925e-05 4.075e-05 0.00018415 0.0001304 2.735e-05 5.52e-05 5.71e-05 4.495e-05 2.78e-05 5.78e-05 5.64e-05 2.73e-05 3.98e-05 5.765e-05 0.0001341 4.06e-05 9.375e-05 2.89e-05 3.87e-05 5.765e-05 6.92e-05 0.0001482 2.76e-05 2.795e-05 2.97e-05 2.935e-05 4.14e-05 4.07e-05 4.53e-05 0.00013065 0.0001179 2.865e-05 4.49e-05 0.0001175 2.67e-05 0.0001175 3.56e-05 2.69e-05 0.00011835 2.905e-05 5.25e-05 2.77e-05 3.92e-05 2.695e-05 2.815e-05 4.01e-05 9.515e-05 2.695e-05 2.995e-05 2.985e-05 4.075e-05 3.97e-05 6.895e-05 4.065e-05 0.0001064 0.000125 4.09e-05 2.945e-05 4.12e-05
4 4.355e-05 0.00013105 1.605e-05 5.25e-05 3.3e-06 5.12e-05 6.415e-05 5.215e-05 3.79e-05 3.7e-05 5.655e-05 0.0001012 3.795e-05 7.195e-05 7.95e-05 0.00016635 0.0001182 3.725e-05 0.0001068 0.0001295 5.235e-05 1.9e-06 1.65e-06 0.0001295 0.00014575 0.00017095 0.0001182 0.00011855 0.0001541 3.71e-05 6.56e-05 0.0001815 0.00014615 7.815e-05 5.235e-05 1.71e-05 0.00014515 2.85e-05 7.23e-05 6.475e-05 0.0001533 7.225e-05 8.455e-05 0.00021085 0.0001455 5.215e-05 8.025e-05 0.0001004 9e-05 5.205e-05 5.45e-05 9.935e-05 5.165e-05 1.71e-05 5.39e-05 0.00017095 6.45e-05 0.00010795 7.2e-05 1.68e-05 0.00010075 6.535e-05 0.0001801 5.185e-05 5.22e-05 7.22e-05 7.235e-05 6.465e-05 6.415e-05 9.025e-05 0.00016585 0.00015335 5.155e-05 8.995e-05 0.0001336 7.28e-05 0.0001336 7.87e-05 7.335e-05 0.0001533 7.205e-05 3.045e-05 5.25e-05 1.67e-05 7.305e-05 7.195e-05 6.375e-05 0.0001388 3.14e-05 7.345e-05 7.32e-05 6.41e-05 1.72e-05 6.53e-05 3.68e-05 0.0001026 0.0001619 3.7e-05 7.29e-05 6.515e-05
5 4.03e-05 0.00014425 3.815e-05 2.78e-05 5.12e-05 4.95e-05 3.91e-05 2.705e-05 4.01e-05 3.825e-05 5.415e-05 5.56e-05 3.96e-05 2.495e-05 3.42e-05 0.0001313 0.0001304 3.895e-05 6.09e-05 9.385e-05 2.7e-05 5.11e-05 5.135e-05 8.61e-05 0.00013245 0.0001361 9.525e-05 7.44e-05 0.00011855 3.82e-05 6.715e-05 0.00014605 0.0001327 3.28e-05 2.7e-05 3.98e-05 0.0001309 5.175e-05 2.595e-05 4.01e-05 0.0001177 2.565e-05 3.825e-05 0.0001861 0.00013215 2.7e-05 5.48e-05 5.38e-05 4.405e-05 2.675e-05 5.62e-05 5.315e-05 2.585e-05 4e-05 5.545e-05 0.0001361 4.01e-05 9.395e-05 2.515e-05 3.9e-05 5.545e-05 6.71e-05 0.00014835 2.69e-05 2.71e-05 2.715e-05 2.565e-05 4.045e-05 3.92e-05 4.47e-05 0.0001306 0.0001177 2.71e-05 4.4e-05 0.0001194 2.695e-05 0.0001194 3.25e-05 2.775e-05 0.0001177 2.53e-05 5.27e-05 2.74e-05 3.955e-05 2.72e-05 2.535e-05 3.87e-05 9.455e-05 2.71e-05 2.72e-05 2.735e-05 3.93e-05 3.99e-05 6.695e-05 3.83e-05 0.00010625 0.00012295 3.855e-05 2.655e-05 4.055e-05
6 3.995e-05 0.00014405 5.215e-05 4.07e-05 6.415e-05 3.91e-05 7.37e-05 3.935e-05 5.325e-05 5.09e-05 3.93e-05 5.415e-05 5.19e-05 3.705e-05 4.695e-05 0.00013115 0.0001433 5.1e-05 7.34e-05 0.00010665 3.93e-05 6.405e-05 6.43e-05 7.29e-05 0.0001322 0.000149 9.5e-05 7.41e-05 0.000131 5.12e-05 7.975e-05 0.00015795 0.0001324 4.54e-05 3.93e-05 5.265e-05 0.00013195 5.165e-05 3.77e-05 3.95e-05 0.00013005 3.74e-05 3.745e-05 0.00019915 0.0001322 3.875e-05 6.675e-05 6.545e-05 5.64e-05 3.89e-05 6.88e-05 6.565e-05 3.87e-05 5.285e-05 6.765e-05 0.000149 3.995e-05 0.00010805 3.725e-05 5.195e-05 5.49e-05 7.97e-05 0.0001476 3.905e-05 3.94e-05 3.895e-05 3.74e-05 3.995e-05 3.695e-05 5.67e-05 0.00013055 0.0001301 3.965e-05 5.635e-05 0.00013195 3.955e-05 0.00013195 4.475e-05 4.15e-05 0.00013005 3.745e-05 5.23e-05 3.95e-05 5.225e-05 3.98e-05 3.78e-05 3.83e-05 9.39e-05 4.075e-05 3.95e-05 3.845e-05 3.7e-05 5.275e-05 7.915e-05 5.095e-05 0.00010635 0.0001224 5.095e-05 3.8e-05 3.82e-05
7 3.895e-05 0.00014395 4.01e-05 2.79e-05 5.215e-05 2.705e-05 3.935e-05 5.17e-05 4.01e-05 3.965e-05 5.23e-05 5.6e-05 4.045e-05 2.655e-05 3.43e-05 0.0001317 0.0001302 3.955e-05 6.1e-05 9.365e-05 2.645e-05 5.205e-05 5.23e-05 8.53e-05 0.00013045 0.00013475 9.34e-05 7.32e-05 0.0001183 3.985e-05 6.79e-05 0.0001454 0.0001307 3.44e-05 2.645e-05 3.905e-05 0.0001316 5.185e-05 2.645e-05 3.885e-05 0.00011715 2.67e-05 3.915e-05 0.00018485 0.00013045 2.67e-05 5.565e-05 5.475e-05 4.405e-05 2.655e-05 5.66e-05 5.41e-05 2.74e-05 3.925e-05 5.625e-05 0.0001348 3.995e-05 9.485e-05 2.63e-05 4.03e-05 5.595e-05 6.785e-05 0.0001477 2.605e-05 2.605e-05 2.725e-05 2.68e-05 3.94e-05 3.935e-05 4.415e-05 0.00012945 0.00011795 2.83e-05 4.4e-05 0.00011725 2.715e-05 0.00011725 3.35e-05 2.735e-05 0.00011715 2.69e-05 5.21e-05 2.635e-05 3.905e-05 2.74e-05 2.695e-05 3.925e-05 9.43e-05 2.71e-05 2.785e-05 2.745e-05 3.94e-05 3.915e-05 6.77e-05 3.915e-05 0.00010635 0.00012345 3.92e-05 2.73e-05 4.015e-05
8 5.1e-05 0.0001427 3.835e-05 3.855e-05 3.79e-05 4.01e-05 5.325e-05 4.01e-05 7.37e-05 3.945e-05 6.515e-05 7.015e-05 4.04e-05 4.125e-05 4.555e-05 0.00014405 0.0001281 4.035e-05 7.48e-05 0.00010655 4.03e-05 3.78e-05 3.785e-05 9.83e-05 0.0001422 0.0001455 0.00010545 8.52e-05 0.00013065 3.915e-05 6.755e-05 0.00015835 0.00014265 4.745e-05 4.03e-05 3.8e-05 0.00014285 5.11e-05 4.16e-05 5.21e-05 0.00013025 4.155e-05 5.325e-05 0.00019555 0.00014195 4.045e-05 6.93e-05 6.96e-05 5.685e-05 4e-05 5.685e-05 6.85e-05 4.06e-05 3.82e-05 5.625e-05 0.0001455 5.315e-05 0.00010545 4.13e-05 3.885e-05 6.98e-05 6.75e-05 0.000159 3.98e-05 4.015e-05 4.155e-05 4.165e-05 5.345e-05 5.325e-05 5.71e-05 0.0001426 0.0001304 4.105e-05 5.68e-05 0.0001292 3.895e-05 0.0001292 4.785e-05 3.87e-05 0.00013025 4.13e-05 5.195e-05 4.005e-05 3.755e-05 3.92e-05 4.11e-05 5.255e-05 0.000107 3.94e-05 4.215e-05 4.235e-05 5.32e-05 3.805e-05 6.765e-05 3.925e-05 0.00010435 0.00013715 4.01e-05 4.205e-05 5.385e-05
9 5.31e-05 0.0001432 3.79e-05 4.085e-05 3.7e-05 3.825e-05 5.09e-05 3.965e-05 3.945e-05 7.28e-05 6.59e-05 6.72e-05 3.8e-05 3.66e-05 4.64e-05 0.0001433 0.00012975 3.795e-05 7.345e-05 0.0001062 3.96e-05 3.71e-05 3.685e-05 9.825e-05 0.00014485 0.00014915 0.0001078 8.7e-05 0.0001309 3.725e-05 6.6e-05 0.0001584 0.00014525 4.515e-05 3.96e-05 3.94e-05 0.0001438 5.11e-05 3.76e-05 5.275e-05 0.00013005 3.73e-05 4.995e-05 0.00019915 0.00014455 3.945e-05 6.715e-05 6.545e-05 5.64e-05 3.93e-05 5.565e-05 6.5e-05 3.845e-05 3.935e-05 5.385e-05 0.00014915 5.22e-05 0.0001069 3.69e-05 3.835e-05 6.745e-05 6.575e-05 0.00015945 3.935e-05 3.97e-05 3.855e-05 3.74e-05 5.215e-05 5.09e-05 5.705e-05 0.00014295 0.0001302 3.94e-05 5.635e-05 0.0001327 3.93e-05 0.0001327 4.4e-05 4.095e-05 0.00013005 3.68e-05 5.18e-05 4e-05 3.9e-05 3.955e-05 3.74e-05 5.07e-05 0.00010615 4.08e-05 3.905e-05 3.905e-05 5.1e-05 3.95e-05 6.54e-05 3.675e-05 0.00010465 0.00013495 3.755e-05 3.835e-05 5.225e-05
10 1.82e-05 0.0001329 4.45e-05 5.295e-05 5.655e-05 5.415e-05 3.93e-05 5.23e-05 6.515e-05 6.59e-05 7.4e-06 7.775e-05 6.56e-05 7.49e-05 8.11e-05 0.0001421 0.0001451 6.565e-05 0.00010815 0.0001316 5.25e-05 5.65e-05 5.67e-05 8.115e-05 0.0001189 0.00017095 9.15e-05 9.41e-05 0.0001545 6.57e-05 9.35e-05 0.0001817 0.0001192 8.09e-05 5.25e-05 4.3e-05 0.00012075 3.175e-05 7.47e-05 3.94e-05 0.00015445 7.465e-05 6.2e-05 0.00021115 0.00011925 5.19e-05 8.12e-05 0.0001024 9.12e-05 5.24e-05 8.255e-05 0.0001025 5.37e-05 4.32e-05 8.185e-05 0.00017095 3.935e-05 0.0001105 7.495e-05 4.445e-05 7.805e-05 9.345e-05 0.000158 5.22e-05 5.235e-05 7.365e-05 7.475e-05 3.96e-05 3.93e-05 9.09e-05 0.0001416 0.00015435 5.24e-05 9.115e-05 0.00013195 7.43e-05 0.00013195 8.175e-05 7.5e-05 0.00015445 7.51e-05 2.99e-05 5.2e-05 4.28e-05 7.455e-05 7.48e-05 4.1e-05 0.00011355 3.13e-05 7.52e-05 7.325e-05 3.92e-05 4.31e-05 9.325e-05 6.57e-05 0.0001046 0.00013915 6.595e-05 7.35e-05 3.905e-05
11 7.79e-05 0.00015375 8.945e-05 5.785e-05 0.0001012 5.56e-05 5.415e-05 5.6e-05 7.015e-05 6.72e-05 7.775e-05 6.45e-05 6.825e-05 3.245e-05 4.305e-05 0.0001201 0.00015315 6.72e-05 3.49e-05 0.00011235 5.59e-05 0.0001011 0.00010135 3.54e-05 0.0001424 0.00012115 9.56e-05 3.625e-05 0.00012035 6.75e-05 7.935e-05 0.00013015 0.0001426 4.135e-05 5.595e-05 9.02e-05 0.0001419 8.91e-05 3.315e-05 5.665e-05 0.000119 3.28e-05 3.335e-05 0.0001984 0.0001424 5.535e-05 6.655e-05 4.41e-05 3.5e-05 5.565e-05 6.8e-05 4.54e-05 5.53e-05 9.04e-05 6.7e-05 0.00012115 5.66e-05 0.00013475 3.275e-05 8.94e-05 3.395e-05 7.93e-05 0.0001201 5.57e-05 5.605e-05 3.53e-05 3.295e-05 5.66e-05 5.41e-05 3.535e-05 0.0001197 0.000119 5.7e-05 3.495e-05 0.00014215 3.555e-05 0.00014215 4.025e-05 3.745e-05 0.000119 3.29e-05 8.98e-05 5.65e-05 8.98e-05 3.58e-05 3.32e-05 5.5e-05 7.365e-05 7.84e-05 3.535e-05 3.48e-05 5.43e-05 9.03e-05 7.87e-05 6.725e-05 0.0001066 0.00010805 6.71e-05 3.44e-05 5.57e-05
12 5.405e-05 0.00014325 3.885e-05 4.19e-05 3.795e-05 3.96e-05 5.19e-05 4.045e-05 4.04e-05 3.8e-05 6.56e-05 6.825e-05 7.47e-05 3.835e-05 4.745e-05 0.00014375 0.0001307 3.81e-05 7.44e-05 0.000107 4.095e-05 3.805e-05 3.78e-05 9.92e-05 0.0001449 0.00015005 0.00010785 8.795e-05 0.0001311 3.86e-05 6.695e-05 0.00015945 0.0001453 4.645e-05 4.095e-05 4.035e-05 0.00014385 5.205e-05 3.765e-05 5.325e-05 0.0001309 3.785e-05 5.085e-05 0.00020005 0.0001446 4.085e-05 6.83e-05 6.69e-05 5.775e-05 4.065e-05 5.66e-05 6.595e-05 3.98e-05 4.025e-05 5.5e-05 0.0001501 5.265e-05 0.0001078 3.815e-05 3.94e-05 6.88e-05 6.67e-05 0.0001604 4.02e-05 4.06e-05 3.86e-05 3.795e-05 5.205e-05 5.19e-05 5.72e-05 0.0001436 0.0001316 3.965e-05 5.77e-05 0.00013365 4.065e-05 0.00013365 4.5e-05 4.175e-05 0.0001309 3.85e-05 5.195e-05 4.105e-05 3.995e-05 4.09e-05 3.885e-05 5.205e-05 0.00010545 4.175e-05 3.91e-05 3.85e-05 5.185e-05 4.045e-05 6.645e-05 3.76e-05 0.0001047 0.0001363 3.845e-05 3.9e-05 5.21e-05
13 6.23e-05 0.00015405 6.025e-05 2.885e-05 7.195e-05 2.495e-05 3.705e-05 2.655e-05 4.125e-05 3.66e-05 7.49e-05 3.245e-05 3.835e-05 4e-07 1.32e-05 0.00011945 0.00014145 3.72e-05 3.945e-05 8.21e-05 2.625e-05 7.18e-05 7.21e-05 6.635e-05 0.0001435 0.00012675 9.695e-05 5.48e-05 0.00010725 3.73e-05 6.65e-05 0.0001347 0.0001439 1.09e-05 2.625e-05 6.195e-05 0.00014225 7.25e-05 2.05e-06 4.04e-05 0.0001061 1.5e-06 1.465e-05 0.0001868 0.00014315 2.605e-05 5.355e-05 2.975e-05 2.19e-05 2.595e-05 5.555e-05 2.975e-05 2.45e-05 6.215e-05 5.42e-05 0.00012675 3.92e-05 0.00010565 9.5e-07 6.015e-05 3.34e-05 6.645e-05 0.00013805 2.625e-05 2.66e-05 4.4e-06 1.6e-06 3.905e-05 3.705e-05 2.31e-05 0.00011945 0.0001062 2.725e-05 2.19e-05 0.00013135 5.2e-06 0.00013135 8.95e-06 7.9e-06 0.0001061 7e-07 7.34e-05 2.705e-05 6.155e-05 5.3e-06 1.9e-06 3.685e-05 7.305e-05 5.01e-05 4.05e-06 4.3e-06 3.725e-05 6.205e-05 6.58e-05 3.69e-05 0.00010705 0.0001073 3.665e-05 3.2e-06 3.9e-05
14 6.715e-05 0.00015425 6.725e-05 3.34e-05 7.95e-05 3.42e-05 4.695e-05 3.43e-05 4.555e-05 4.64e-05 8.11e-05 4.305e-05 4.745e-05 1.32e-05 2.36e-05 0.0001214 0.00014005 4.705e-05 4.795e-05 8.555e-05 3.45e-05 7.95e-05 7.965e-05 7.355e-05 0.00014135 0.00012375 9.51e-05 6.015e-05 0.00010765 4.665e-05 6.79e-05 0.00012835 0.0001418 2.105e-05 3.45e-05 6.725e-05 0.00014165 7.965e-05 1.365e-05 4.675e-05 0.00010715 1.36e-05 2.565e-05 0.0001795 0.0001411 3.47e-05 5.55e-05 3.44e-05 3.015e-05 3.42e-05 6.405e-05 3.38e-05 3.435e-05 6.74e-05 6.32e-05 0.00012375 4.78e-05 0.0001068 1.325e-05 6.73e-05 4.34e-05 6.78e-05 0.0001382 3.4e-05 3.435e-05 1.475e-05 1.37e-05 4.765e-05 4.695e-05 3.05e-05 0.00011975 0.00010765 3.575e-05 3.01e-05 0.00012835 1.245e-05 0.00012835 1.26e-05 1.3e-05 0.00010715 1.32e-05 7.98e-05 3.43e-05 6.685e-05 1.27e-05 1.34e-05 4.645e-05 7.45e-05 5.55e-05 1.44e-05 1.49e-05 4.7e-05 6.735e-05 6.745e-05 4.62e-05 0.00010675 0.0001106 4.67e-05 1.45e-05 4.765e-05
15 0.000143 0.0001422 0.0001543 0.0001318 0.00016635 0.0001313 0.00013115 0.0001317 0.00014405 0.0001433 0.0001421 0.0001201 0.00014375 0.00011945 0.0001214 0.0002367 0.00014345 0.00014345 0.0001211 0.00012035 0.00013165 0.00016625 0.0001665 0.0001221 0.00013105 0.0001206 0.00013255 0.0001213 0.00012085 0.00014245 0.000144 0.0001203 0.00013095 0.0001199 0.00013165 0.0001549 0.0001304 0.00015465 0.00012035 0.00013225 0.0001203 0.00012005 0.00012025 0.0001206 0.00013105 0.00013035 0.00013155 0.00012005 0.00012015 0.00013135 0.0001437 0.00012105 0.00013105 0.0001551 0.0001433 0.0001206 0.0001299 0.0001314 0.00011985 0.00015455 0.00012085 0.00014395 0.00012105 0.0001314 0.00013175 0.0001208 0.00012015 0.00013105 0.00013115 0.0001207 0.00012045 0.0001192 0.00013165 0.0001201 0.00013205 0.00012045 0.00013205 0.0001208 0.00012135 0.0001203 0.0001198 0.00015375 0.00013205 0.0001545 0.0001206 0.00011915 0.0001314 0.0001212 0.00014285 0.00012135 0.0001208 0.0001312 0.000155 0.00014365 0.00014335 0.0001439 0.00012065 0.00014325 0.0001203 0.0001319
16 0.0001314 0.0001321 0.00011875 0.00013 0.0001182 0.0001304 0.0001433 0.0001302 0.0001281 0.00012975 0.0001451 0.00015315 0.0001307 0.00014145 0.00014005 0.00014345 0.0002345 0.00013055 0.0001406 0.00012985 0.0001304 0.00011815 0.00011815 0.0001641 0.0001313 0.00012785 0.00014275 0.0001511 0.0001306 0.0001295 0.0001294 0.00012915 0.00013195 0.0001416 0.0001304 0.0001181 0.00013235 0.0001316 0.0001418 0.00014245 0.0001294 0.00014175 0.0001537 0.0001178 0.00013155 0.00013055 0.00013165 0.00014145 0.00014 0.0001301 0.00012985 0.00014185 0.0001313 0.0001184 0.00012935 0.0001281 0.00014325 0.00011885 0.0001415 0.0001197 0.0001528 0.00012945 0.0001412 0.0001299 0.00013025 0.00014135 0.00014185 0.00014355 0.0001433 0.00014025 0.0001415 0.00012955 0.000131 0.00013995 0.0001183 0.00013995 0.00011825 0.0001416 0.0001394 0.0001294 0.00014155 0.00013215 0.0001304 0.0001178 0.0001402 0.0001413 0.00014305 0.00015465 0.0001196 0.0001426 0.00014215 0.00014325 0.0001183 0.0001296 0.00012955 0.00014185 0.00014615 0.0001303 0.00014185 0.00014415
17 5.34e-05 0.00014235 3.905e-05 4.125e-05 3.725e-05 3.895e-05 5.1e-05 3.955e-05 4.035e-05 3.795e-05 6.565e-05 6.72e-05 3.81e-05 3.72e-05 4.705e-05 0.00014345 0.00013055 7.24e-05 7.345e-05 0.0001059 4.005e-05 3.725e-05 3.755e-05 9.825e-05 0.00014485 0.00014915 0.0001078 8.7e-05 0.0001311 3.83e-05 6.675e-05 0.00015855 0.00014525 4.505e-05 4.005e-05 4.03e-05 0.00014405 5.055e-05 3.65e-05 5.26e-05 0.0001299 3.67e-05 4.995e-05 0.0001991 0.00014455 3.995e-05 6.75e-05 6.585e-05 5.67e-05 3.975e-05 5.505e-05 6.475e-05 3.89e-05 4.05e-05 5.505e-05 0.0001492 5.245e-05 0.0001073 3.7e-05 3.935e-05 6.775e-05 6.67e-05 0.00015935 3.93e-05 3.97e-05 3.855e-05 3.68e-05 5.185e-05 5.1e-05 5.615e-05 0.0001427 0.0001306 4.01e-05 5.665e-05 0.0001329 3.975e-05 0.0001329 4.435e-05 4.08e-05 0.0001299 3.765e-05 5.26e-05 4.04e-05 3.99e-05 4e-05 3.77e-05 5.115e-05 0.00010615 4.135e-05 3.895e-05 3.835e-05 5.095e-05 4.04e-05 6.645e-05 3.75e-05 0.00010545 0.0001353 3.67e-05 3.885e-05 5.22e-05
18 9.435e-05 0.0001544 9.41e-05 6.27e-05 0.0001068 6.09e-05 7.34e-05 6.1e-05 7.48e-05 7.345e-05 0.00010815 3.49e-05 7.44e-05 3.945e-05 4.795e-05 0.0001211 0.0001406 7.345e-05 1e-07 0.00011765 6.12e-05 0.00010675 0.00010695 3e-05 0.00014175 9.07e-05 9.56e-05 1.805e-05 0.0001084 7.345e-05 6.685e-05 0.00010065 0.00014215 4.695e-05 6.12e-05 9.47e-05 0.0001417 0.00010665 3.98e-05 7.365e-05 0.00010695 3.975e-05 5.21e-05 0.00018515 0.0001421 6.12e-05 5.53e-05 3.34e-05 2.3e-05 6.09e-05 5.345e-05 3.5e-05 6.07e-05 9.49e-05 5.545e-05 9.07e-05 7.445e-05 0.0001392 3.95e-05 9.51e-05 3.475e-05 6.68e-05 0.0001028 6.07e-05 6.105e-05 4.055e-05 3.985e-05 7.45e-05 7.34e-05 2.325e-05 0.0001188 0.0001074 6.19e-05 2.295e-05 0.0001286 4.095e-05 0.0001286 4.65e-05 4.085e-05 0.00010695 3.975e-05 0.00010775 6.14e-05 9.43e-05 4.12e-05 3.955e-05 7.32e-05 7.49e-05 8.205e-05 4.05e-05 4.075e-05 7.335e-05 9.48e-05 6.725e-05 7.325e-05 0.0001076 0.00010905 7.32e-05 4.045e-05 7.445e-05
19 0.00011765 0.0001434 0.00011775 9.465e-05 0.0001295 9.385e-05 0.00010665 9.365e-05 0.00010655 0.0001062 0.0001316 0.00011235 0.000107 8.21e-05 8.555e-05 0.00012035 0.00012985 0.0001059 0.00011765 0.0001626 9.42e-05 0.00012935 0.00012965 0.00014325 0.0001311 0.000123 0.00013265 0.00012995 0.0001069 0.0001064 0.00013055 0.00013015 0.00013155 8.43e-05 9.42e-05 0.0001178 0.00013135 0.00012955 8.195e-05 0.00010705 0.0001057 8.225e-05 9.515e-05 0.0001057 0.0001306 9.44e-05 0.0001186 0.0001064 9.96e-05 9.39e-05 0.00012345 0.0001052 9.425e-05 0.000118 0.00012335 0.00012295 0.0001075 9.37e-05 8.18e-05 0.00011815 0.0001127 0.0001305 0.00013755 9.335e-05 9.375e-05 8.37e-05 8.235e-05 0.000107 0.00010665 9.97e-05 0.000119 0.0001066 9.59e-05 9.955e-05 0.0001181 8.26e-05 0.0001181 8.48e-05 8.245e-05 0.0001057 8.26e-05 0.00013065 9.455e-05 0.0001174 8.285e-05 8.25e-05 0.00010615 0.0001218 0.00010595 8.38e-05 8.395e-05 0.0001067 0.0001179 0.00013035 0.00010565 0.0001444 0.0001192 0.0001055 8.38e-05 0.0001079
20 3.915e-05 0.00014415 4.03e-05 2.81e-05 5.235e-05 2.7e-05 3.93e-05 2.645e-05 4.03e-05 3.96e-05 5.25e-05 5.59e-05 4.095e-05 2.625e-05 3.45e-05 0.00013165 0.0001304 4.005e-05 6.12e-05 9.42e-05 5.21e-05 5.225e-05 5.25e-05 8.55e-05 0.00013065 0.000135 9.355e-05 7.34e-05 0.0001186 3.98e-05 6.81e-05 0.0001456 0.0001309 3.435e-05 2.64e-05 3.925e-05 0.0001318 5.205e-05 2.725e-05 3.915e-05 0.00011765 2.69e-05 3.92e-05 0.0001851 0.00013065 2.665e-05 5.585e-05 5.47e-05 4.4e-05 2.65e-05 5.68e-05 5.445e-05 2.735e-05 3.945e-05 5.64e-05 0.000135 3.99e-05 9.51e-05 2.655e-05 4.05e-05 5.59e-05 6.805e-05 0.0001479 2.655e-05 2.65e-05 2.78e-05 2.705e-05 4e-05 3.92e-05 4.465e-05 0.00012985 0.0001179 2.855e-05 4.395e-05 0.00011745 2.71e-05 0.00011745 3.395e-05 2.77e-05 0.00011765 2.665e-05 5.23e-05 2.655e-05 3.925e-05 2.735e-05 2.69e-05 3.92e-05 9.46e-05 2.73e-05 2.83e-05 2.8e-05 3.94e-05 3.935e-05 6.79e-05 3.965e-05 0.00010655 0.0001234 3.965e-05 2.73e-05 4.045e-05
21 4.35e-05 0.0001311 1.6e-05 5.245e-05 1.9e-06 5.11e-05 6.405e-05 5.205e-05 3.78e-05 3.71e-05 5.65e-05 0.0001011 3.805e-05 7.18e-05 7.95e-05 0.00016625 0.00011815 3.725e-05 0.00010675 0.00012935 5.225e-05 3.2e-06 1.95e-06 0.00012945 0.0001457 0.00017085 0.00011815 0.0001185 0.000154 3.695e-05 6.555e-05 0.00018145 0.0001461 7.8e-05 5.225e-05 1.705e-05 0.0001451 2.855e-05 7.215e-05 6.47e-05 0.0001532 7.21e-05 8.445e-05 0.00021075 0.0001454 5.205e-05 8.02e-05 0.0001003 8.99e-05 5.195e-05 5.425e-05 9.905e-05 5.155e-05 1.725e-05 5.405e-05 0.00017085 6.44e-05 0.00010785 7.185e-05 1.67e-05 0.00010065 6.55e-05 0.0001801 5.175e-05 5.21e-05 7.21e-05 7.22e-05 6.455e-05 6.405e-05 9.015e-05 0.0001658 0.00015325 5.15e-05 8.985e-05 0.00013355 7.27e-05 0.00013355 7.865e-05 7.315e-05 0.0001532 7.2e-05 3.055e-05 5.245e-05 1.66e-05 7.295e-05 7.18e-05 6.365e-05 0.00013875 3.135e-05 7.335e-05 7.31e-05 6.4e-05 1.71e-05 6.545e-05 3.69e-05 0.00010275 0.0001618 3.7e-05 7.28e-05 6.51e-05
22 4.37e-05 0.00013135 1.6e-05 5.265e-05 1.65e-06 5.135e-05 6.43e-05 5.23e-05 3.785e-05 3.685e-05 5.67e-05 0.00010135 3.78e-05 7.21e-05 7.965e-05 0.0001665 0.00011815 3.755e-05 0.00010695 0.00012965 5.25e-05 1.95e-06 2.4e-06 0.00012965 0.0001459 0.0001711 0.00011835 0.0001187 0.00015425 3.705e-05 6.555e-05 0.00018165 0.0001463 7.83e-05 5.25e-05 1.705e-05 0.0001453 2.88e-05 7.245e-05 6.49e-05 0.00015345 7.24e-05 8.47e-05 0.000211 0.00014565 5.23e-05 8.04e-05 0.00010055 9.015e-05 5.22e-05 5.475e-05 9.95e-05 5.18e-05 1.695e-05 5.375e-05 0.0001711 6.465e-05 0.000108 7.215e-05 1.675e-05 0.0001009 6.52e-05 0.0001804 5.2e-05 5.235e-05 7.225e-05 7.25e-05 6.48e-05 6.43e-05 9.04e-05 0.000166 0.0001535 5.16e-05 9.01e-05 0.00013375 7.295e-05 0.00013375 7.885e-05 7.35e-05 0.00015345 7.22e-05 3.045e-05 5.265e-05 1.665e-05 7.32e-05 7.21e-05 6.39e-05 0.00013895 3.155e-05 7.36e-05 7.335e-05 6.425e-05 1.715e-05 6.515e-05 3.665e-05 0.00010245 0.00016205 3.73e-05 7.305e-05 6.53e-05
23 9.035e-05 0.0001536 0.0001166 8.64e-05 0.0001295 8.61e-05 7.29e-05 8.53e-05 9.83e-05 9.825e-05 8.115e-05 3.54e-05 9.92e-05 6.635e-05 7.355e-05 0.0001221 0.0001641 9.825e-05 3e-05 0.00014325 8.55e-05 0.00012945 0.00012965 3e-07 0.00014085 0.000115 9.36e-05 1.535e-05 0.000134 9.795e-05 9.125e-05 0.00012625 0.00014085 7.305e-05 8.55e-05 0.0001169 0.0001411 0.00010315 6.67e-05 7.345e-05 0.00013255 6.665e-05 5.45e-05 0.00020945 0.0001412 8.52e-05 8.03e-05 6.03e-05 4.86e-05 8.52e-05 7.98e-05 6.15e-05 8.53e-05 0.0001171 8.025e-05 0.000115 7.455e-05 0.0001629 6.64e-05 0.000118 3.335e-05 9.12e-05 0.00010035 8.5e-05 8.535e-05 6.745e-05 6.675e-05 7.49e-05 7.29e-05 4.885e-05 0.000121 0.0001327 8.69e-05 4.855e-05 0.0001516 6.655e-05 0.0001516 7.34e-05 6.655e-05 0.00013255 6.665e-05 0.00010605 8.57e-05 0.0001165 6.68e-05 6.615e-05 7.18e-05 7.55e-05 0.00010405 6.7e-05 6.765e-05 7.285e-05 0.000117 9.205e-05 9.805e-05 0.0001061 0.00010765 9.8e-05 6.735e-05 7.395e-05
24 0.00011925 0.0001322 0.00013385 0.00013065 0.00014575 0.00013245 0.0001322 0.00013045 0.0001422 0.00014485 0.0001189 0.0001424 0.0001449 0.0001435 0.00014135 0.00013105 0.0001313 0.00014485 0.00014175 0.0001311 0.00013065 0.0001457 0.0001459 0.00014085 0.0002338 0.00012785 0.0001288 0.0001393 0.00013085 0.00014455 0.00014415 0.00012965 0.0001178 0.00014335 0.00013065 0.0001315 0.00012 0.0001335 0.00014365 0.0001304 0.0001303 0.0001436 0.00014345 0.0001179 0.0001176 0.0001308 0.0001329 0.0001431 0.00014085 0.00013055 0.0001439 0.00014385 0.0001329 0.0001317 0.00014405 0.00012805 0.00013015 0.00012045 0.00014355 0.0001344 0.0001422 0.0001441 0.0001306 0.00013035 0.0001305 0.0001423 0.0001437 0.0001305 0.0001322 0.0001409 0.0001295 0.0001304 0.000132 0.0001408 0.00011725 0.000141 0.00011735 0.0001439 0.00014025 0.0001303 0.00014375 0.0001316 0.00013045 0.0001313 0.00014125 0.0001433 0.0001325 0.0001416 0.00011985 0.0001437 0.0001426 0.00013215 0.0001316 0.0001443 0.00014465 0.0001427 0.00013555 0.0001448 0.0001425 0.00013215
25 0.00015625 0.00014275 0.000159 0.0001341 0.00017095 0.0001361 0.000149 0.00013475 0.0001455 0.00014915 0.00017095 0.00012115 0.00015005 0.00012675 0.00012375 0.0001206 0.00012785 0.00014915 9.07e-05 0.000123 0.000135 0.00017085 0.0001711 0.000115 0.00012785 0.0001695 0.00013025 9.98e-05 0.00010715 0.00014875 0.00013185 8.87e-05 0.00012855 0.0001267 0.000135 0.0001569 0.0001303 0.0001705 0.000127 0.00014705 0.00010575 0.000127 0.000139 0.0001021 0.00012805 0.0001355 0.0001209 0.0001099 0.00010595 0.0001347 0.00013085 0.0001112 0.0001372 0.0001571 0.0001317 8.505e-05 0.00014855 0.0001334 0.00012675 0.0001599 0.0001209 0.0001318 0.00010245 0.00013445 0.0001348 0.0001274 0.0001271 0.00014895 0.000149 0.00010615 0.0001179 0.00010605 0.000138 0.0001059 0.000114 0.00012325 0.00011395 0.00012725 0.00012145 0.00010575 0.0001271 0.00017115 0.0001352 0.0001565 0.0001235 0.00012645 0.0001486 0.00012305 0.00014505 0.00012785 0.0001279 0.00014895 0.000157 0.00013215 0.0001489 0.00014415 0.00012085 0.0001489 0.00012765 0.00015005
26 9.17e-05 0.0001432 0.0001063 9.39e-05 0.0001182 9.525e-05 9.5e-05 9.34e-05 0.00010545 0.0001078 9.15e-05 9.56e-05 0.00010785 9.695e-05 9.51e-05 0.00013255 0.00014275 0.0001078 9.56e-05 0.00013265 9.355e-05 0.00011815 0.00011835 9.36e-05 0.0001288 0.00013025 0.0001795 9.29e-05 0.00013255 0.0001075 0.0001073 0.0001318 0.0001288 9.67e-05 9.36e-05 0.00010395 0.000131 0.00010575 9.71e-05 9.315e-05 0.00013225 9.705e-05 9.67e-05 0.00016795 0.0001291 9.38e-05 9.605e-05 9.675e-05 9.48e-05 9.37e-05 0.00010705 9.73e-05 9.585e-05 0.00010415 0.0001072 0.00013025 9.34e-05 0.0001315 9.7e-05 0.00010685 9.53e-05 0.00010725 0.00013195 9.35e-05 9.345e-05 9.6e-05 9.715e-05 9.375e-05 9.5e-05 9.485e-05 0.0001315 0.00013235 9.51e-05 9.475e-05 0.0001288 9.475e-05 0.0001288 9.735e-05 9.4e-05 0.00013225 9.72e-05 0.00010435 9.335e-05 0.00010395 9.5e-05 9.675e-05 9.525e-05 9.33e-05 9.23e-05 9.715e-05 9.63e-05 9.495e-05 0.00010405 0.00010745 0.0001076 0.00010435 0.0001324 0.00010775 9.62e-05 9.495e-05
27 9.15e-05 0.00015315 0.00010615 7.355e-05 0.00011855 7.44e-05 7.41e-05 7.32e-05 8.52e-05 8.7e-05 9.41e-05 3.625e-05 8.795e-05 5.48e-05 6.015e-05 0.0001213 0.0001511 8.7e-05 1.805e-05 0.00012995 7.34e-05 0.0001185 0.0001187 1.535e-05 0.0001393 9.98e-05 9.29e-05 3.04e-05 0.0001207 8.665e-05 8.025e-05 0.00011295 0.00013955 6.095e-05 7.34e-05 0.0001051 0.0001407 0.00010515 5.515e-05 7.34e-05 0.00011925 5.51e-05 5.5e-05 0.0001944 0.00013965 7.35e-05 6.93e-05 4.875e-05 3.52e-05 7.31e-05 6.835e-05 5.02e-05 7.455e-05 0.0001053 6.9e-05 9.98e-05 7.47e-05 0.00015 5.485e-05 0.0001073 3.51e-05 8.02e-05 0.0001011 7.29e-05 7.325e-05 5.575e-05 5.52e-05 7.51e-05 7.41e-05 3.545e-05 0.00011935 0.00011945 7.575e-05 3.515e-05 0.00013775 5.315e-05 0.00013775 6.185e-05 5.23e-05 0.00011925 5.51e-05 0.0001068 7.36e-05 0.0001047 5.34e-05 5.455e-05 7.35e-05 7.535e-05 9.275e-05 5.57e-05 5.61e-05 7.405e-05 0.0001052 8.08e-05 8.68e-05 0.00010625 0.0001094 8.675e-05 5.58e-05 7.515e-05
28 0.00014135 0.0001438 0.000142 0.00011865 0.0001541 0.00011855 0.000131 0.0001183 0.00013065 0.0001309 0.0001545 0.00012035 0.0001311 0.00010725 0.00010765 0.00012085 0.0001306 0.0001311 0.0001084 0.0001069 0.0001186 0.000154 0.00015425 0.000134 0.00013085 0.00010715 0.00013255 0.0001207 0.0002123 0.0001311 0.00013135 0.0001075 0.0001313 0.0001093 0.0001186 0.00014175 0.0001314 0.0001539 0.0001075 0.0001305 0.0001072 0.00010755 0.00011935 0.00010705 0.00013025 0.00011885 0.00011935 0.0001077 0.00010755 0.0001183 0.00013135 0.0001077 0.0001188 0.00014195 0.0001309 0.00010685 0.0001312 0.00011855 0.0001072 0.0001423 0.00012065 0.0001313 0.00012155 0.000118 0.00011835 0.00010735 0.00010765 0.00013095 0.000131 0.0001078 0.0001198 0.00010785 0.0001188 0.0001075 0.00011855 0.00010715 0.00011855 0.0001077 0.0001071 0.0001072 0.00010755 0.00015395 0.0001181 0.00014135 0.0001074 0.00010765 0.0001306 0.00012065 0.0001299 0.000107 0.00010755 0.000131 0.00014185 0.0001312 0.0001306 0.0001446 0.0001204 0.00013075 0.00010725 0.0001304
29 5.275e-05 0.00014305 3.73e-05 4.01e-05 3.71e-05 3.82e-05 5.12e-05 3.985e-05 3.915e-05 3.725e-05 6.57e-05 6.75e-05 3.86e-05 3.73e-05 4.665e-05 0.00014245 0.0001295 3.83e-05 7.345e-05 0.0001064 3.98e-05 3.695e-05 3.705e-05 9.795e-05 0.00014455 0.00014875 0.0001075 8.665e-05 0.0001311 7.26e-05 6.635e-05 0.0001586 0.00014495 4.395e-05 3.98e-05 3.915e-05 0.00014315 5.09e-05 3.84e-05 5.26e-05 0.00013025 3.81e-05 5.03e-05 0.00019875 0.00014425 3.85e-05 6.7e-05 6.625e-05 5.65e-05 3.95e-05 5.56e-05 6.58e-05 3.82e-05 3.935e-05 5.445e-05 0.00014875 5.135e-05 0.00010615 3.77e-05 3.77e-05 6.77e-05 6.63e-05 0.00015925 3.955e-05 3.99e-05 3.935e-05 3.82e-05 5.245e-05 5.12e-05 5.725e-05 0.00014295 0.0001292 3.925e-05 5.645e-05 0.0001323 3.95e-05 0.0001323 4.485e-05 4.07e-05 0.00013025 3.745e-05 5.18e-05 4.01e-05 3.87e-05 3.965e-05 3.705e-05 5.085e-05 0.00010645 4.005e-05 3.985e-05 3.985e-05 5.125e-05 3.91e-05 6.595e-05 3.73e-05 0.0001047 0.0001352 3.79e-05 3.915e-05 5.255e-05
30 8.035e-05 0.0001432 6.575e-05 6.925e-05 6.56e-05 6.715e-05 7.975e-05 6.79e-05 6.755e-05 6.6e-05 9.35e-05 7.935e-05 6.695e-05 6.65e-05 6.79e-05 0.000144 0.0001294 6.675e-05 6.685e-05 0.00013055 6.81e-05 6.555e-05 6.555e-05 9.125e-05 0.00014415 0.00013185 0.0001073 8.025e-05 0.00013135 6.635e-05 0.0001294 0.0001298 0.00014455 7.43e-05 6.81e-05 6.7e-05 0.0001435 7.905e-05 6.685e-05 8.07e-05 0.00013035 6.68e-05 7.93e-05 0.0001944 0.0001442 6.84e-05 6.725e-05 6.605e-05 6.81e-05 6.78e-05 6.665e-05 6.62e-05 6.71e-05 6.73e-05 6.56e-05 0.00013185 8.085e-05 0.0001307 6.655e-05 6.695e-05 7.89e-05 6.49e-05 0.00014175 6.76e-05 6.795e-05 6.7e-05 6.69e-05 8.055e-05 7.975e-05 6.835e-05 0.0001427 0.000131 6.755e-05 6.805e-05 0.00013185 6.82e-05 0.00013185 6.625e-05 6.91e-05 0.00013035 6.66e-05 8e-05 6.815e-05 6.67e-05 6.845e-05 6.69e-05 7.935e-05 0.0001066 6.805e-05 6.73e-05 6.765e-05 7.97e-05 6.72e-05 6.54e-05 6.58e-05 0.00010495 0.00013525 6.65e-05 6.735e-05 8.065e-05
31 0.00016865 0.00014315 0.00016955 0.00014635 0.0001815 0.00014605 0.00015795 0.0001454 0.00015835 0.0001584 0.0001817 0.00013015 0.00015945 0.0001347 0.00012835 0.0001203 0.00012915 0.00015855 0.00010065 0.00013015 0.0001456 0.00018145 0.00018165 0.00012625 0.00012965 8.87e-05 0.0001318 0.00011295 0.0001075 0.0001586 0.0001298 0.0001536 0.0001303 0.0001363 0.0001456 0.0001688 0.0001309 0.00018155 0.00013515 0.0001582 0.0001058 0.0001351 0.0001475 0.00010125 0.0001302 0.0001458 0.00011765 0.00010595 0.0001174 0.0001453 0.00014115 0.0001083 0.00014645 0.000169 0.0001408 8.895e-05 0.0001589 0.00014175 0.00013475 0.00016985 0.0001305 0.00012975 0.0001027 0.0001451 0.00014545 0.00013555 0.0001352 0.00015875 0.00015795 0.00011775 0.0001178 0.0001063 0.0001469 0.00011735 0.00011665 0.0001348 0.0001166 0.0001283 0.00013505 0.0001058 0.000135 0.0001815 0.00014575 0.0001684 0.00013505 0.0001349 0.00015835 0.00012195 0.00015695 0.0001363 0.0001357 0.000158 0.0001689 0.0001295 0.0001582 0.00014435 0.0001191 0.0001582 0.0001353 0.000159
32 0.0001195 0.0001321 0.00013425 0.0001311 0.00014615 0.0001327 0.0001324 0.0001307 0.00014265 0.00014525 0.0001192 0.0001426 0.0001453 0.0001439 0.0001418 0.00013095 0.00013195 0.00014525 0.00014215 0.00013155 0.0001309 0.0001461 0.0001463 0.00014085 0.0001178 0.00012855 0.0001288 0.00013955 0.0001313 0.00014495 0.00014455 0.0001303 0.0002348 0.00014375 0.0001309 0.00013175 0.00011985 0.0001337 0.00014405 0.00013045 0.00013095 0.000144 0.00014365 0.0001186 0.00011815 0.0001311 0.0001333 0.0001435 0.0001413 0.000131 0.0001443 0.00014425 0.0001333 0.00013195 0.00014445 0.00012855 0.00013065 0.0001209 0.00014395 0.0001348 0.0001424 0.0001445 0.00013065 0.0001308 0.00013075 0.0001427 0.0001441 0.000131 0.0001324 0.00014135 0.00013015 0.00013105 0.0001324 0.00014125 0.00011775 0.00014145 0.00011775 0.0001443 0.0001407 0.00013095 0.00014415 0.0001321 0.0001307 0.00013175 0.0001417 0.0001437 0.0001327 0.00014175 0.0001201 0.0001441 0.000143 0.00013235 0.00013185 0.0001447 0.00014505 0.00014285 0.0001358 0.0001452 0.0001429 0.00013235
33 6.82e-05 0.00015405 6.59e-05 3.435e-05 7.815e-05 3.28e-05 4.54e-05 3.44e-05 4.745e-05 4.515e-05 8.09e-05 4.135e-05 4.645e-05 1.09e-05 2.105e-05 0.0001199 0.0001416 4.505e-05 4.695e-05 8.43e-05 3.435e-05 7.8e-05 7.83e-05 7.305e-05 0.00014335 0.0001267 9.67e-05 6.095e-05 0.0001093 4.395e-05 7.43e-05 0.0001363 0.00014375 1.82e-05 3.435e-05 6.8e-05 0.0001417 7.855e-05 1.2e-05 4.735e-05 0.00010805 1.17e-05 2.41e-05 0.00018085 0.00014325 3.235e-05 6.08e-05 3.975e-05 3.005e-05 3.405e-05 6.225e-05 3.945e-05 3.225e-05 6.82e-05 6.225e-05 0.0001267 4.555e-05 0.00010515 1.13e-05 6.595e-05 4.205e-05 7.425e-05 0.00013855 3.41e-05 3.445e-05 1.365e-05 1.18e-05 4.705e-05 4.54e-05 3.08e-05 0.0001207 0.00010655 3.405e-05 3e-05 0.00013105 1.345e-05 0.00013105 1.89e-05 1.485e-05 0.00010805 1.13e-05 7.98e-05 3.49e-05 6.76e-05 1.36e-05 1.025e-05 4.535e-05 7.49e-05 5.53e-05 1.38e-05 1.36e-05 4.545e-05 6.81e-05 7.375e-05 4.52e-05 0.0001072 0.00011565 4.465e-05 1.29e-05 4.695e-05
34 3.915e-05 0.00014415 4.03e-05 2.81e-05 5.235e-05 2.7e-05 3.93e-05 2.645e-05 4.03e-05 3.96e-05 5.25e-05 5.595e-05 4.095e-05 2.625e-05 3.45e-05 0.00013165 0.0001304 4.005e-05 6.12e-05 9.42e-05 2.64e-05 5.225e-05 5.25e-05 8.55e-05 0.00013065 0.000135 9.36e-05 7.34e-05 0.0001186 3.98e-05 6.81e-05 0.0001456 0.0001309 3.435e-05 5.21e-05 3.925e-05 0.0001318 5.205e-05 2.725e-05 3.915e-05 0.00011765 2.695e-05 3.92e-05 0.0001851 0.00013065 2.665e-05 5.585e-05 5.47e-05 4.4e-05 2.65e-05 5.68e-05 5.445e-05 2.735e-05 3.94e-05 5.64e-05 0.000135 3.99e-05 9.51e-05 2.655e-05 4.05e-05 5.59e-05 6.805e-05 0.0001479 2.655e-05 2.65e-05 2.78e-05 2.705e-05 4e-05 3.93e-05 4.465e-05 0.00012985 0.0001179 2.855e-05 4.395e-05 0.00011745 2.71e-05 0.00011745 3.395e-05 2.77e-05 0.00011765 2.665e-05 5.23e-05 2.66e-05 3.925e-05 2.735e-05 2.69e-05 3.92e-05 9.46e-05 2.725e-05 2.83e-05 2.8e-05 3.94e-05 3.93e-05 6.79e-05 3.965e-05 0.00010655 0.0001234 3.965e-05 2.73e-05 4.045e-05
35 2.945e-05 0.0001328 1.745e-05 3.96e-05 1.71e-05 3.98e-05 5.265e-05 3.905e-05 3.8e-05 3.94e-05 4.3e-05 9.02e-05 4.035e-05 6.195e-05 6.725e-05 0.0001549 0.0001181 4.03e-05 9.47e-05 0.0001178 3.925e-05 1.705e-05 1.705e-05 0.0001169 0.0001315 0.0001569 0.00010395 0.0001051 0.00014175 3.915e-05 6.7e-05 0.0001688 0.00013175 6.8e-05 3.925e-05 3.21e-05 0.00013285 3.015e-05 6.23e-05 5.1e-05 0.0001411 6.225e-05 7.39e-05 0.00019695 0.00013155 3.945e-05 6.895e-05 8.99e-05 7.785e-05 3.935e-05 5.64e-05 8.92e-05 4.065e-05 1.64e-05 5.58e-05 0.0001569 5.23e-05 9.585e-05 6.2e-05 1.82e-05 8.945e-05 6.705e-05 0.0001688 3.915e-05 3.91e-05 6.145e-05 6.235e-05 5.26e-05 5.265e-05 7.81e-05 0.00015285 0.00014125 4.02e-05 7.78e-05 0.0001183 6.07e-05 0.0001183 6.855e-05 6.025e-05 0.0001411 6.2e-05 3.035e-05 3.895e-05 1.62e-05 6.095e-05 6.18e-05 5.235e-05 0.0001272 1.75e-05 6.28e-05 6.225e-05 5.26e-05 1.63e-05 6.72e-05 3.92e-05 0.00010385 0.00015055 4.005e-05 6.195e-05 5.32e-05
36 0.0001208 0.00013235 0.0001319 0.00013085 0.00014515 0.0001309 0.00013195 0.0001316 0.00014285 0.0001438 0.00012075 0.0001419 0.00014385 0.00014225 0.00014165 0.0001304 0.00013235 0.00014405 0.0001417 0.00013135 0.0001318 0.0001451 0.0001453 0.0001411 0.00012 0.0001303 0.000131 0.0001407 0.0001314 0.00014315 0.0001435 0.0001309 0.00011985 0.0001417 0.0001318 0.00013285 0.0002373 0.0001333 0.0001424 0.0001317 0.00013115 0.00014235 0.00014235 0.00012025 0.00012005 0.00013135 0.0001318 0.00014225 0.0001415 0.0001315 0.0001437 0.0001426 0.00013135 0.00013305 0.0001434 0.0001303 0.00013065 0.00011995 0.0001423 0.0001331 0.0001417 0.00014345 0.000131 0.0001313 0.00013165 0.00014185 0.00014245 0.00013135 0.00013195 0.00014155 0.0001311 0.0001309 0.00013065 0.00014145 0.0001206 0.00014145 0.0001206 0.0001425 0.0001414 0.00013115 0.00014245 0.0001324 0.0001318 0.00013245 0.0001417 0.0001417 0.00013185 0.0001416 0.0001201 0.00014265 0.000142 0.0001319 0.00013295 0.00014365 0.0001436 0.0001427 0.0001351 0.000144 0.0001419 0.0001321
37 2.925e-05 0.0001322 2.945e-05 5.185e-05 2.85e-05 5.175e-05 5.165e-05 5.185e-05 5.11e-05 5.11e-05 3.175e-05 8.91e-05 5.205e-05 7.25e-05 7.965e-05 0.00015465 0.0001316 5.055e-05 0.00010665 0.00012955 5.205e-05 2.855e-05 2.88e-05 0.00010315 0.0001335 0.0001705 0.00010575 0.00010515 0.0001539 5.09e-05 7.905e-05 0.00018155 0.0001337 7.855e-05 5.205e-05 3.015e-05 0.0001333 5.54e-05 7.285e-05 5.195e-05 0.00015335 7.28e-05 7.26e-05 0.0002104 0.00013325 5.18e-05 8.03e-05 0.00010095 9.005e-05 5.175e-05 6.745e-05 9.945e-05 5.125e-05 3.035e-05 6.8e-05 0.0001705 5.265e-05 0.0001084 7.255e-05 3.02e-05 8.785e-05 7.9e-05 0.00016805 5.155e-05 5.19e-05 7.29e-05 7.29e-05 5.29e-05 5.165e-05 9.03e-05 0.0001541 0.00015345 5.22e-05 9e-05 0.0001328 7.265e-05 0.0001328 7.955e-05 7.3e-05 0.00015335 7.28e-05 3.14e-05 5.195e-05 2.975e-05 7.29e-05 7.24e-05 5.02e-05 0.00012695 3.06e-05 7.33e-05 7.345e-05 5.16e-05 3.025e-05 7.94e-05 5.09e-05 0.00010455 0.000149 5.03e-05 7.315e-05 5.24e-05
38 6.265e-05 0.0001542 6.06e-05 2.93e-05 7.23e-05 2.595e-05 3.77e-05 2.645e-05 4.16e-05 3.76e-05 7.47e-05 3.315e-05 3.765e-05 2.05e-06 1.365e-05 0.00012035 0.0001418 3.65e-05 3.98e-05 8.195e-05 2.725e-05 7.215e-05 7.245e-05 6.67e-05 0.00014365 0.000127 9.71e-05 5.515e-05 0.0001075 3.84e-05 6.685e-05 0.00013515 0.00014405 1.2e-05 2.725e-05 6.23e-05 0.0001424 7.285e-05 1.7e-06 4.02e-05 0.00010605 1.45e-06 1.52e-05 0.00018705 0.0001433 2.72e-05 5.41e-05 3.085e-05 2.305e-05 2.695e-05 5.59e-05 2.995e-05 2.565e-05 6.25e-05 5.48e-05 0.0001271 4.01e-05 0.0001059 1.5e-06 6.06e-05 3.44e-05 6.68e-05 0.0001384 2.615e-05 2.665e-05 4.25e-06 1.55e-06 3.875e-05 3.77e-05 2.24e-05 0.00011935 0.0001074 2.76e-05 2.3e-05 0.0001317 6.2e-06 0.0001317 9.1e-06 7.95e-06 0.00010605 2.55e-06 7.365e-05 2.755e-05 6.19e-05 6.45e-06 3.1e-06 3.805e-05 7.31e-05 5.045e-05 4e-06 3.6e-06 3.775e-05 6.24e-05 6.625e-05 3.68e-05 0.0001072 0.0001083 3.67e-05 4.2e-06 3.89e-05
