 slim_337502516 slim_337502609 slim_337502633 slim_337502618 slim_337502539 slim_337502503 slim_337502619 slim_337502470 slim_337502095 slim_337502490 slim_337502367 slim_337502634 slim_337502360 slim_337502396 slim_337502637 slim_337502382 slim_337502504 slim_337502604 slim_337502620 slim_337502464 slim_337502472 slim_337502630 slim_337502575 slim_337502576 slim_337502622 slim_337502581 slim_337502589 slim_337502511 slim_337502523 slim_337502211 slim_337502582 slim_337502580 slim_337502631 slim_337502499 slim_337502439 slim_337502573 slim_337502485 slim_337502625 slim_337502478 slim_337502369 slim_337502592 slim_337502585 slim_337502627 slim_337502526 slim_337502621 slim_337502467 slim_337502605 slim_337502212 slim_337502567 slim_337502570 slim_337502170 slim_337502636 slim_337502389 slim_337502563 slim_337502451 slim_337502548 slim_337502278 slim_337502343 slim_337502317 slim_337502551 slim_337502629 slim_337502623 slim_337502603 slim_337502624 slim_337502476 slim_337502591 slim_337502607 slim_337502606 slim_337502559 slim_337502415 slim_337502635 slim_337502612 slim_337502564 slim_337502566 slim_337502388 slim_337502572 slim_337502322 slim_337502614 slim_337502425 slim_337502424 slim_337502462 slim_337502628 slim_337502626 slim_337502561 slim_337502527 slim_337502381 slim_337502562 slim_337502541 slim_337502608 slim_337502615 slim_337502501 slim_337502552 slim_337502555 slim_337502508 slim_337502632 slim_337502611 slim_337502597 slim_337502544 slim_337502440 slim_337502365
0 0.0001095 0.0002449 0.00023225 0.00044845 0.00020555 0.00023205 0.00038205 0.000232 0.0003368 0.0003374 0.0003119 0.00024575 0.0002074 0.0002452 5.505e-05 5.505e-05 0.0002007 0.00050475 0.00028175 0.0001122 0.00031215 0.00034175 0.0002332 0.0001438 0.00014335 0.00034125 0.00017435 0.00050465 0.0001435 6.47e-05 0.00031125 0.00014365 0.00014345 0.00026995 0.0001439 0.00015715 0.00024565 0.00024565 0.0002323 0.00044845 0.0003684 0.0002569 0.00021905 0.0002007 0.00021455 0.0002321 0.0001189 0.0001688 0.00023225 5.55e-05 5.495e-05 0.0003684 0.00033685 0.0003686 0.00025655 0.0002302 0.00023195 0.00020005 0.000313 0.00014345 0.0002324 0.00022525 0.0001436 0.0001168 0.0002235 0.00036855 0.0002798 0.00023215 0.00034135 0.00050475 0.0002077 0.00023945 0.00015695 0.00038205 0.0002323 0.00024575 0.0001167 0.0002799 0.00015695 0.00024505 0.00027995 0.0002452 0.0002325 0.0001437 0.0004485 0.0002248 0.00024525 0.0002056 0.00027995 0.000174 0.0001436 0.0002255 0.00020625 0.00036875 0.0001191 0.0002586 0.0003819 0.00015715 0.0002798 0.00022365
1 0.0002449 0.0004408 0.0002211 0.00038885 0.0002378 0.0002209 0.00027805 0.00023675 0.00028445 0.0002851 0.0003478 0.0002373 0.0002644 0.00023715 0.0002681 0.00026815 0.00024395 0.00030255 0.0003223 0.00026765 0.00034805 0.0002783 0.0002222 0.00024475 0.00024435 0.0003313 0.0002878 0.00030245 0.00024445 0.0002219 0.00036305 0.0002216 0.00024455 0.00028775 0.00024485 0.0002608 0.00024485 0.00023695 0.00022115 0.00038885 0.0002694 0.0002716 0.00025385 0.00024395 0.00034 0.0002207 0.00028805 0.0002719 0.0002211 0.0002528 0.000245 0.0002614 0.0002846 0.0002619 0.00028715 0.00028815 0.0002208 0.00024325 0.00034905 0.0002445 0.00022125 0.00030215 0.00024455 0.00026105 0.00037155 0.0002619 0.00028525 0.000221 0.00033115 0.00030255 0.0003046 0.0002527 0.0002376 0.00027805 0.00022115 0.0002373 0.0002609 0.00028535 0.00026065 0.000237 0.0002624 0.00023715 0.00023725 0.00024465 0.00038885 0.00029385 0.0002372 0.0002377 0.0002854 0.0002605 0.0002446 0.0002946 0.0002385 0.00026205 0.00028825 0.00025325 0.0002779 0.0002608 0.00026225 0.00037165
2 0.00023225 0.0002211 1e-06 0.00040155 5.81e-05 7e-07 0.0003845 4.49e-05 0.00022165 0.000223 0.0002542 0.00023705 0.0002059 0.00021965 0.0002857 0.00028575 7.525e-05 0.00029535 0.0001481 0.0002179 0.00025425 0.0002049 2.7e-06 0.0001433 0.0001432 0.0002763 0.0002153 0.00029525 0.00014325 0.0001892 0.00028465 9e-05 0.0001708 0.00029325 0.0001436 0.0003796 0.00024565 0.00023735 8.5e-07 0.00040155 0.00015655 7.425e-05 0.000294 7.525e-05 0.0003784 8.5e-07 0.0003485 0.00016325 8.5e-07 0.0002411 0.00023235 0.0001483 0.0002224 0.0001482 0.00011835 0.0001312 6.5e-07 7.4e-05 0.000256 0.0001431 9.5e-07 0.00015695 0.0001432 0.0002 0.0003967 0.0001481 0.0002905 7.5e-07 0.0002765 0.00029535 0.00026 0.00025775 0.00032615 0.0003845 8.5e-07 0.00026485 0.00019985 0.0002905 0.00037945 0.00021935 0.0002373 0.0002196 4.555e-05 0.0001433 0.00040165 0.00014765 0.00021945 5.77e-05 0.00029065 0.0001321 0.00014325 0.00014895 5.925e-05 0.00014855 0.00033155 0.00045585 0.00038435 0.0003796 0.00023715 0.0003968
3 0.00044845 0.00038885 0.00040155 0.0005391 0.00039975 0.00040135 0.0003237 0.0004015 0.0003281 0.00032825 0.0003355 0.00038895 0.00041335 0.00038905 0.00044855 0.0004486 0.0003931 0.00027055 0.00035285 0.0004168 0.00033575 0.0003346 0.00040205 0.0004252 0.0004248 0.0003359 0.00040075 0.00027025 0.0004249 0.0004399 0.00033565 0.00042515 0.00042505 0.0003647 0.00042515 0.00041245 0.0003884 0.00038885 0.0004016 0.0002699 0.0003351 0.0003771 0.00038735 0.0003931 0.0003774 0.0004014 0.000437 0.00040105 0.00040155 0.0004487 0.00044855 0.00033615 0.0003273 0.00033635 0.00037695 0.0003755 0.00040125 0.0003928 0.00033615 0.00042495 0.0004017 0.00036865 0.000425 0.00042335 0.00035925 0.00033565 0.0003597 0.00040145 0.000336 0.00027035 0.00039685 0.0003893 0.00041235 0.0003237 0.0004016 0.0003891 0.0004232 0.00035915 0.0004123 0.0003889 0.0003595 0.00038905 0.00040185 0.0004251 0.00027035 0.00036845 0.0003891 0.0004 0.00035985 0.0003915 0.00042505 0.0003688 0.0004002 0.00033635 0.00043705 0.00037635 0.00032355 0.00041245 0.00035935 0.00035935
4 0.00020555 0.0002378 5.81e-05 0.00039975 0.0001149 5.795e-05 0.0003827 7.53e-05 0.0002203 0.0002204 0.0002553 0.00023835 0.00020695 0.00022035 0.00023045 0.0002305 7.595e-05 0.0003466 0.00012735 0.00016205 0.00025545 0.00020215 5.865e-05 0.0001444 0.0001441 0.0002775 0.00017745 0.0003465 0.0001442 0.0001908 0.000259 0.00011955 0.00016135 0.00025525 0.0001441 0.00032455 0.000246 0.0002384 5.81e-05 0.00039975 0.00020995 9.26e-05 0.0002382 7.595e-05 0.00032415 5.805e-05 0.0002933 0.0001539 5.815e-05 0.00021365 0.00020565 0.0002024 0.0002199 0.00020245 0.00010975 9.245e-05 5.785e-05 7.57e-05 0.00025615 0.00014415 5.82e-05 0.00011855 0.0001442 0.000144 0.00034165 0.00020235 0.0002885 5.805e-05 0.00027765 0.0003466 0.00023335 0.00023225 0.00029965 0.0003827 5.79e-05 0.0002556 0.00014385 0.0002885 0.0003244 0.00022045 0.00026385 0.0002206 7.545e-05 0.0001443 0.00039985 0.00011035 0.00022065 5.795e-05 0.00028865 7.58e-05 0.00014425 0.00011045 5.845e-05 0.0002022 0.000276 0.0004008 0.00038255 0.00032455 0.0002637 0.00034175
5 0.00023205 0.0002209 7e-07 0.00040135 5.795e-05 8e-07 0.0003843 4.475e-05 0.0002215 0.0002228 0.00025395 0.00023705 0.00020575 0.0002195 0.0002855 0.00028555 7.51e-05 0.00029515 0.0001479 0.0002177 0.0002541 0.0002047 2.65e-06 0.0001431 0.00014295 0.00027605 0.0002151 0.00029505 0.0001431 0.000189 0.00028445 8.985e-05 0.00017065 0.00029305 0.00014355 0.0003794 0.0002456 0.00023715 7.5e-07 0.00040135 0.0001565 7.425e-05 0.0002938 7.51e-05 0.0003782 8.5e-07 0.0003483 0.00016305 9e-07 0.0002409 0.00023215 0.0001481 0.0002222 0.00014805 0.00011815 0.000131 5.5e-07 7.39e-05 0.0002559 0.0001429 8.5e-07 0.00015675 0.00014305 0.0001998 0.0003965 0.00014795 0.0002903 6e-07 0.0002763 0.00029515 0.0002598 0.00025755 0.00032595 0.0003843 7e-07 0.0002647 0.00019965 0.0002903 0.00037925 0.00021915 0.0002371 0.00021945 4.54e-05 0.00014315 0.00040145 0.0001475 0.00021955 5.755e-05 0.00029045 0.0001319 0.0001431 0.00014875 5.915e-05 0.0001484 0.00033135 0.00045565 0.00038415 0.0003794 0.00023695 0.0003966
6 0.00038205 0.00027805 0.0003845 0.0003237 0.0003827 0.0003843 0.0003424 0.0003844 0.00027615 0.0002763 0.00042935 0.0002779 0.00036385 0.00027855 0.0003893 0.00038935 0.00038235 0.000172 0.0003822 0.00038495 0.0004296 0.00027615 0.000385 0.00038705 0.00038665 0.00037435 0.00037265 0.000172 0.00038675 0.00036485 0.00042945 0.00037985 0.0003869 0.0002774 0.000387 0.00028035 0.0002846 0.00027785 0.00038455 0.0003237 0.0002853 0.00038325 0.0002762 0.00038235 0.0003873 0.00038435 0.0003664 0.000379 0.0003845 0.00038955 0.00038215 0.0002778 0.00027635 0.00027785 0.00038305 0.00038155 0.0003842 0.00038205 0.00043 0.0003868 0.00038465 0.00038835 0.00038685 0.0003851 0.000432 0.00027865 0.00028025 0.0003844 0.00037445 0.0001721 0.00040295 0.0002842 0.00027305 0.0001714 0.00038455 0.00027805 0.00038495 0.000281 0.00028015 0.0002784 0.000274 0.00027855 0.00038475 0.00038695 0.00032295 0.0003809 0.0002786 0.00038285 0.0002804 0.00038065 0.0003869 0.00038125 0.00038305 0.000278 0.00036645 0.0001719 0.0001712 0.00028035 0.00027385 0.0004321
7 0.000232 0.00023675 4.49e-05 0.0004015 7.53e-05 4.475e-05 0.0003844 8.9e-05 0.0002386 0.0002399 0.0002544 0.0002374 0.00020595 0.00023685 0.0002418 0.00024185 9.245e-05 0.00033875 0.0001385 0.00019115 0.0002545 0.0002218 4.675e-05 0.00014345 0.0001432 0.0002765 0.00018855 0.00033865 0.0001433 0.0002326 0.0002538 0.0001337 0.00014305 0.00028365 0.00014375 0.00033585 0.00024595 0.0002375 4.46e-05 0.0004015 0.00020035 9.16e-05 0.0002674 9.245e-05 0.0003347 4.495e-05 0.0003046 0.00018025 4.5e-05 0.00024095 0.0002321 0.00019195 0.0002393 0.0001919 9.15e-05 0.0001216 4.465e-05 9.125e-05 0.0002563 0.0001432 4.47e-05 0.00014735 0.00014325 0.00017325 0.000353 0.00019155 0.00029025 4.485e-05 0.0002767 0.00033875 0.00021595 0.00023085 0.00032605 0.0003844 4.49e-05 0.00023725 0.0001731 0.00029025 0.0003357 0.00023665 0.0002807 0.0002368 4.525e-05 0.00014335 0.0004016 0.0001381 0.0002369 7.465e-05 0.0002904 0.0001225 0.0001433 0.00013935 7.65e-05 0.00019225 0.0003048 0.00042925 0.00038425 0.00033585 0.00028055 0.0003531
8 0.0003368 0.00028445 0.00022165 0.0003281 0.0002203 0.0002215 0.00027615 0.0002386 0.0004069 0.00020455 0.0003363 0.000285 0.00031165 0.0002673 0.00036205 0.0003621 0.00021335 0.00020425 0.00020725 0.0002836 0.0003365 0.00021115 0.00022255 0.000292 0.00029165 0.0003199 0.00027735 0.000204 0.00029175 0.0003118 0.00033975 0.0002668 0.00030885 0.0002601 0.0002921 0.00035525 0.0002927 0.00028505 0.0002217 0.0003281 0.00022085 0.0002143 0.00028355 0.00021335 0.0003752 0.00022155 0.000382 0.0002599 0.00022165 0.0003453 0.0003369 0.0002127 0.00020475 0.0002128 0.0002312 0.00021285 0.0002214 0.00021255 0.0003373 0.00029175 0.0002218 0.0002136 0.0002918 0.00029025 0.0004067 0.00021325 0.00028285 0.0002216 0.00032005 0.0002041 0.0003532 0.00028415 0.00033 0.00027615 0.0002217 0.0003022 0.0002901 0.0002834 0.0003551 0.00026715 0.0002584 0.0002673 0.0002391 0.0002919 0.00032765 0.00020535 0.0002673 0.0002202 0.000283 0.00021185 0.00029185 0.00020615 0.0002208 0.00021295 0.00036475 0.0003306 0.000276 0.00035525 0.00025825 0.0004068
9 0.0003374 0.0002851 0.000223 0.00032825 0.0002204 0.0002228 0.0002763 0.0002399 0.00020455 0.0004072 0.000337 0.0002858 0.0003124 0.00026805 0.0003621 0.00036215 0.0002137 0.0002044 0.0002066 0.0002829 0.00033725 0.00021075 0.00022305 0.0002927 0.0002923 0.0003206 0.00027705 0.00020415 0.0002924 0.0003127 0.00034045 0.00026805 0.00030955 0.00025985 0.00029235 0.00035535 0.0002929 0.0002857 0.00022305 0.00032825 0.00022105 0.0002147 0.00028315 0.0002137 0.00037585 0.00022285 0.0003821 0.00026015 0.000223 0.00034535 0.0003375 0.00021335 0.00020435 0.00021355 0.0002315 0.00021205 0.0002227 0.0002138 0.0003372 0.00029245 0.00022315 0.0002132 0.0002925 0.0002898 0.0004068 0.000214 0.00028295 0.0002229 0.0003207 0.00020425 0.0003533 0.00028495 0.00033065 0.0002763 0.00022305 0.00030295 0.00028965 0.0002835 0.0003552 0.0002679 0.00025905 0.00026805 0.00024 0.0002926 0.0003278 0.0002056 0.0002681 0.0002204 0.0002831 0.00021105 0.00029255 0.00020535 0.00022015 0.00021325 0.0003648 0.00033075 0.00027615 0.00035535 0.0002589 0.0004069
10 0.0003119 0.0003478 0.0002542 0.0003355 0.0002553 0.00025395 0.00042935 0.0002544 0.0003363 0.000337 0.0005072 0.0003479 0.0003145 0.00034795 0.0003125 0.00031255 0.00025515 0.00041695 0.0002778 0.0002845 0.00025405 0.0003366 0.00025535 0.0002835 0.00028305 0.00029265 0.0003008 0.00041685 0.0002832 0.00031295 0.0002542 0.00028295 0.00028345 0.00035975 0.0002836 0.00037705 0.00034825 0.00034785 0.00025425 0.0003355 0.0003359 0.0002659 0.00034895 0.00025515 0.0003146 0.0002541 0.0003438 0.00029445 0.0002542 0.0003126 0.000312 0.00033555 0.0003364 0.0003357 0.000266 0.00026695 0.0002539 0.0002544 0.0002551 0.00028325 0.00025435 0.0002673 0.0002833 0.0002843 0.0002831 0.0003356 0.0003647 0.0002541 0.00029285 0.00041695 0.00028365 0.00034265 0.00037645 0.00042935 0.00025425 0.00034815 0.00028415 0.0003647 0.0003769 0.0003478 0.00036435 0.00034795 0.0002549 0.0002834 0.0003356 0.0002662 0.000348 0.0002553 0.00036485 0.0002562 0.00028335 0.000267 0.00025615 0.00033585 0.00034385 0.00044155 0.0004292 0.00037705 0.0003642 0.0002832
11 0.00024575 0.0002373 0.00023705 0.00038895 0.00023835 0.00023705 0.0002779 0.0002374 0.000285 0.0002858 0.0003479 0.0004735 0.0002651 0.00023765 0.00025345 0.0002535 0.0002445 0.0003189 0.00030735 0.00025285 0.00034805 0.000279 0.0002383 0.00024545 0.00024515 0.0003314 0.000273 0.0003188 0.00024525 0.00023825 0.00034825 0.0002378 0.0002454 0.00027275 0.00024545 0.0002452 0.00024455 0.0002371 0.0002372 0.00038895 0.0002856 0.00027195 0.00023805 0.0002445 0.0003247 0.000237 0.0002734 0.0002726 0.00023705 0.00025365 0.00024585 0.00027805 0.0002853 0.0002781 0.0002723 0.0002732 0.00023695 0.0002437 0.0003491 0.0002452 0.0002373 0.0002872 0.00024525 0.00024625 0.0003562 0.0002781 0.0002861 0.00023715 0.00033155 0.0003189 0.00028995 0.0002378 0.00023745 0.00027795 0.0002372 0.00023725 0.0002461 0.0002862 0.000245 0.0002375 0.00027875 0.00023765 0.0002379 0.00024535 0.00038895 0.0002788 0.00023755 0.00023825 0.00028625 0.00024555 0.0002453 0.00027965 0.0002391 0.00027825 0.00027345 0.00023745 0.00027775 0.0002452 0.0002786 0.0003563
12 0.0002074 0.0002644 0.0002059 0.00041335 0.00020695 0.00020575 0.00036385 0.00020595 0.00031165 0.0003124 0.0003145 0.0002651 0.000411 0.00026455 0.00020795 0.000208 0.0002131 0.00040325 0.0002761 0.0002145 0.0003146 0.0003056 0.0002071 0.000207 0.0002068 0.00034105 0.000247 0.00040315 0.0002069 0.00020845 0.0003141 0.0002065 0.0002069 0.00029965 0.00020715 0.00026615 0.00026615 0.00026515 0.00020575 0.00041335 0.0003056 0.0002409 0.00026615 0.0002132 0.00027315 0.0002059 0.00020685 0.00024135 0.000206 0.0002084 0.00020745 0.00030465 0.0003118 0.00030455 0.0002409 0.00024195 0.00020565 0.00021245 0.00031575 0.0002068 0.00020595 0.0002492 0.0002068 0.0002079 0.0003157 0.00030455 0.0003056 0.00020585 0.0003412 0.00040325 0.00023995 0.00025915 0.00026555 0.00036385 0.0002059 0.0002652 0.0002077 0.0003056 0.000266 0.00026435 0.00030525 0.0002644 0.00020645 0.0002069 0.00041345 0.0002476 0.0002646 0.00020695 0.00030575 0.0002143 0.0002068 0.0002484 0.0002079 0.00030485 0.00020705 0.00032365 0.0003637 0.00026615 0.0003051 0.00031575
13 0.0002452 0.00023715 0.00021965 0.00038905 0.00022035 0.0002195 0.00027855 0.00023685 0.0002673 0.00026805 0.00034795 0.00023765 0.00026455 0.0004384 0.0002699 0.00026995 0.00022675 0.00030135 0.0002893 0.0002521 0.0003481 0.00026125 0.0002206 0.0002449 0.0002446 0.0003315 0.0002723 0.00030125 0.0002447 0.0002207 0.00035165 0.00022025 0.00026185 0.0002543 0.000245 0.0002628 0.0002453 0.0002377 0.00021965 0.00038905 0.00026815 0.00025435 0.0002385 0.00022675 0.00034175 0.0002196 0.00028985 0.0002548 0.0002197 0.0002531 0.0002453 0.0002605 0.00026755 0.00026055 0.0002715 0.0002552 0.0002194 0.000226 0.0003492 0.00024465 0.00021975 0.0002692 0.0002447 0.0002455 0.00037325 0.00026055 0.00028555 0.0002196 0.00033165 0.00030135 0.0003064 0.0002366 0.0002381 0.00027855 0.00021945 0.0002549 0.00024535 0.00028565 0.00026265 0.0002196 0.0002612 0.00021945 0.00023735 0.0002448 0.00038905 0.00026085 0.0002195 0.0002205 0.0002857 0.0002276 0.00024475 0.00026165 0.0002214 0.0002607 0.0002727 0.0002374 0.0002784 0.0002628 0.00026105 0.00037335
14 5.505e-05 0.0002681 0.0002857 0.00044855 0.00023045 0.0002855 0.0003893 0.0002418 0.00036205 0.0003621 0.0003125 0.00025345 0.00020795 0.0002699 6e-07 6e-07 0.00022585 0.00055725 0.0002786 8.35e-05 0.00031275 0.0003666 0.0002861 0.00014325 0.0001429 0.0003491 0.000153 0.00055715 0.0001429 0.0001192 0.00028125 0.0001978 0.00011555 0.00026635 0.0001432 0.0001109 0.0002448 0.00025335 0.00028575 0.00044855 0.0004128 0.00028205 0.0001986 0.00022585 0.00017045 0.00028555 6.555e-05 0.00019405 0.0002857 4.6e-05 5.51e-05 0.0004214 0.0003615 0.0004216 0.00023805 0.0002272 0.0002854 0.00022565 0.00031305 0.00014305 0.00028585 0.00021385 0.00014305 8.82e-05 0.0001702 0.0004215 0.0002789 0.0002856 0.0003492 0.00055725 0.0001554 0.00022095 0.00016535 0.0003893 0.00028575 0.000226 8.8e-05 0.0002788 0.00011075 0.00026975 0.0003336 0.0002699 0.00024215 0.000143 0.00044865 0.0002221 0.00026995 0.0002309 0.00027905 0.000171 0.00014315 0.00022235 0.000231 0.0004216 8.29e-05 0.00023755 0.00038915 0.0001108 0.00033345 0.00017025
15 5.505e-05 0.00026815 0.00028575 0.0004486 0.0002305 0.00028555 0.00038935 0.00024185 0.0003621 0.00036215 0.00031255 0.0002535 0.000208 0.00026995 6e-07 7e-07 0.0002259 0.0005573 0.00027865 8.35e-05 0.0003128 0.00036665 0.00028615 0.00014315 0.0001429 0.00034915 0.00015315 0.0005572 0.00014305 0.00011925 0.0002813 0.00019785 0.00011555 0.0002664 0.0001431 0.00011095 0.00024485 0.0002534 0.0002858 0.0004486 0.00041285 0.0002821 0.00019865 0.0002259 0.0001705 0.0002856 6.55e-05 0.0001941 0.00028575 4.605e-05 5.5e-05 0.00042145 0.00036155 0.00042165 0.0002381 0.00022725 0.00028545 0.0002257 0.0003131 0.00014305 0.0002859 0.0002139 0.00014295 8.82e-05 0.0001702 0.00042155 0.0002789 0.00028565 0.00034925 0.0005573 0.0001554 0.000221 0.0001654 0.00038935 0.0002858 0.00022605 8.805e-05 0.00027895 0.00011075 0.0002698 0.00033365 0.00026995 0.0002422 0.0001432 0.0004487 0.00022215 0.00027 0.00023095 0.00027905 0.00017105 0.00014315 0.0002224 0.00023105 0.00042165 8.29e-05 0.0002376 0.0003892 0.00011095 0.0003335 0.00017015
16 0.0002007 0.00024395 7.525e-05 0.0003931 7.595e-05 7.51e-05 0.00038235 9.245e-05 0.00021335 0.0002137 0.00025515 0.0002445 0.0002131 0.00022675 0.00022585 0.0002259 0.0001497 0.0003508 0.00013055 0.0001509 0.00025525 0.0002134 7.575e-05 0.00015065 0.0001504 0.00027725 0.0001766 0.0003507 0.0001505 0.0001857 0.00025885 0.00012555 0.00016765 0.0002544 0.00015055 0.0003198 0.00025255 0.00024455 7.51e-05 0.0003931 0.00022105 0.0001028 0.0002449 7.5e-05 0.00031285 7.525e-05 0.0002887 0.00015295 7.535e-05 0.00020905 0.0002008 0.0002131 0.00021305 0.000213 0.00011995 0.0001032 7.5e-05 7.5e-05 0.0002557 0.0001504 7.53e-05 0.0001115 0.00015045 0.00015085 0.0003306 0.000213 0.0002883 7.52e-05 0.0002774 0.0003508 0.0002399 0.00023815 0.00029465 0.00038235 7.525e-05 0.00026175 0.0001507 0.0002883 0.00031965 0.00022655 0.0002634 0.00022655 9.255e-05 0.00015055 0.0003932 0.0001027 0.0002268 7.565e-05 0.00028845 7.545e-05 0.0001504 0.0001031 7.59e-05 0.000213 0.0002715 0.0003959 0.0003822 0.0003198 0.00026325 0.0003307
17 0.00050475 0.00030255 0.00029535 0.00027055 0.0003466 0.00029515 0.000172 0.00033875 0.00020425 0.0002044 0.00041695 0.0003189 0.00040325 0.00030135 0.00055725 0.0005573 0.0003508 2.7e-06 0.00029765 0.00048195 0.0004172 0.0001997 0.00029585 0.00042645 0.00042605 0.00036215 0.00041455 1.7e-06 0.00042615 0.0004424 0.0004469 0.000374 0.0004536 0.0003025 0.0004264 0.00044985 0.0003256 0.0003188 0.0002954 0.00027025 0.00015535 0.0002964 0.00037025 0.0003508 0.00050345 0.0002952 0.00053435 0.0003759 0.00029535 0.00051275 0.00050485 0.0001483 0.0002037 0.0001485 0.0003397 0.00034775 0.00029505 0.0003505 0.0004176 0.0004262 0.0002955 0.0003591 0.00042625 0.00047755 0.00054815 0.0001487 0.0002793 0.00029525 0.00036225 1.8e-06 0.00048585 0.00035045 0.00039735 0.000172 0.0002954 0.00034635 0.0004774 0.0002796 0.0004497 0.0003012 0.00022705 0.00030135 0.0003391 0.00042635 0.00027035 0.00035165 0.0003014 0.00034675 0.00027945 0.00040215 0.0004263 0.000352 0.00034695 0.0001485 0.0005174 0.0003248 0.00017185 0.00044985 0.0002269 0.00054825
18 0.00028175 0.0003223 0.0001481 0.00035285 0.00012735 0.0001479 0.0003822 0.0001385 0.00020725 0.0002066 0.0002778 0.00030735 0.0002761 0.0002893 0.0002786 0.00027865 0.00013055 0.00029765 8e-07 0.0001967 0.00027805 0.0002019 0.0001472 0.0002135 0.0002131 0.0002999 0.000138 0.00029755 0.0002132 0.0002948 0.00025475 0.0002167 0.00022005 0.00021555 0.00021295 0.0003726 0.00031485 0.00030725 0.00014815 0.00035285 0.00023035 7.425e-05 0.0002864 0.00013055 0.0003261 0.00014795 0.0003415 0.00014275 0.0001481 0.0002896 0.00028185 0.0002228 0.0002059 0.000223 6.455e-05 5.34e-05 0.0001478 0.00013175 0.00027705 0.00021325 0.00014825 6.645e-05 0.0002133 0.0001923 0.0003433 0.0002229 0.0002881 0.000148 0.0003 0.00029765 0.0002753 0.00027395 0.00037575 0.0003822 0.00014815 0.0003142 0.00019215 0.0002881 0.00037245 0.00028915 0.0002915 0.0002893 0.00013805 0.0002134 0.00035295 5.81e-05 0.00028935 0.0001272 0.00028825 0.0001096 0.00021335 5.755e-05 0.000126 0.0002224 0.00032405 0.00044845 0.00038205 0.0003726 0.00029135 0.0003434
19 0.0001122 0.00026765 0.0002179 0.0004168 0.00016205 0.0002177 0.00038495 0.00019115 0.0002836 0.0002829 0.0002845 0.00025285 0.0002145 0.0002521 8.35e-05 8.35e-05 0.0001509 0.00048195 0.0001967 0.0001664 0.00028475 0.00029415 0.00021785 0.00015085 0.0001504 0.00031385 0.00014605 0.00048185 0.00015055 0.0001509 0.00025735 0.0001797 0.0001402 0.0002415 0.0001505 0.00018565 0.0002523 0.00025275 0.00021795 0.0004168 0.00034935 0.0002072 0.0001971 0.0001509 0.0002091 0.00021775 0.0001474 0.0001689 0.0002179 0.0001117 0.0001124 0.00034985 0.0002826 0.00035005 0.00018035 0.00015145 0.0002176 0.00015105 0.0002846 0.0001505 0.00021805 0.00014025 0.00015065 9.48e-05 0.0002175 0.00034995 0.00028265 0.0002178 0.00031395 0.00048195 0.00018775 0.00021995 0.00021445 0.00038495 0.00021795 0.00024255 9.47e-05 0.0002827 0.00018545 0.00025195 0.00031175 0.0002521 0.00019125 0.00015075 0.0004169 0.00014045 0.00025215 0.0001622 0.0002828 9.515e-05 0.00015065 0.00014015 0.00016185 0.00034975 0.00014725 0.00028695 0.0003848 0.00018565 0.0003116 0.00021765
20 0.00031215 0.00034805 0.00025425 0.00033575 0.00025545 0.0002541 0.0004296 0.0002545 0.0003365 0.00033725 0.00025405 0.00034805 0.0003146 0.0003481 0.00031275 0.0003128 0.00025525 0.0004172 0.00027805 0.00028475 0.0005077 0.00033685 0.00025545 0.0002836 0.00028335 0.00029295 0.00030105 0.0004171 0.00028345 0.0003132 0.0002543 0.000283 0.0002836 0.00036 0.00028375 0.0003773 0.00034845 0.0003481 0.0002542 0.00033575 0.0003361 0.00026605 0.0003492 0.0002552 0.00031485 0.00025425 0.00034405 0.0002947 0.00025435 0.00031285 0.00031225 0.0003358 0.00033665 0.0003358 0.00026625 0.0002672 0.000254 0.00025445 0.0002553 0.00028335 0.00025425 0.00026755 0.0002834 0.00028455 0.00028345 0.0003357 0.00036495 0.0002542 0.0002931 0.0004172 0.00028375 0.0003429 0.0003767 0.0004296 0.00025425 0.0003483 0.0002844 0.00036495 0.00037715 0.0003479 0.0003646 0.00034805 0.000255 0.00028345 0.00033585 0.00026645 0.00034815 0.0002554 0.0003651 0.00025645 0.00028345 0.00026725 0.00025635 0.000336 0.0003441 0.0004418 0.00042945 0.0003773 0.00036445 0.00028355
21 0.00034175 0.0002783 0.0002049 0.0003346 0.00020215 0.0002047 0.00027615 0.0002218 0.00021115 0.00021075 0.0003366 0.000279 0.0003056 0.00026125 0.0003666 0.00036665 0.0002134 0.0001997 0.0002019 0.00029415 0.00033685 0.000398 0.0002051 0.0002859 0.0002855 0.0003202 0.00027695 0.0001997 0.0002856 0.0003169 0.00034005 0.0002611 0.00030275 0.00025975 0.00028555 0.00035985 0.0002861 0.0002789 0.00020495 0.0003346 0.0002097 0.0002033 0.0002762 0.0002134 0.00038665 0.00020475 0.0003866 0.0002599 0.0002049 0.00034985 0.00034185 0.0002019 0.0002108 0.0002021 0.0002201 0.0002005 0.0002046 0.0002135 0.00033695 0.00028565 0.00020505 0.0002197 0.0002857 0.00028275 0.0004177 0.00020265 0.0002828 0.0002048 0.0003203 0.0001998 0.0003466 0.00027815 0.000335 0.00027615 0.00020495 0.00029615 0.0002827 0.00028345 0.0003597 0.0002611 0.00025885 0.00026125 0.0002219 0.0002858 0.00033405 0.000212 0.0002613 0.00020205 0.00028295 0.0002105 0.00028575 0.00021175 0.00020205 0.0002018 0.0003693 0.00033525 0.000276 0.00035985 0.0002587 0.0004178
22 0.0002332 0.0002222 2.7e-06 0.00040205 5.865e-05 2.65e-06 0.000385 4.675e-05 0.00022255 0.00022305 0.00025535 0.0002383 0.0002071 0.0002206 0.0002861 0.00028615 7.575e-05 0.00029585 0.0001472 0.00021785 0.00025545 0.0002051 4.6e-06 0.00014455 0.0001443 0.00027745 0.00021505 0.00029575 0.0001444 0.00019045 0.0002858 9.17e-05 0.0001719 0.00029305 0.00014435 0.00038005 0.00024635 0.00023845 2.75e-06 0.00040205 0.00015725 7.48e-05 0.0002942 7.575e-05 0.0003794 2.7e-06 0.00034895 0.00016355 2.8e-06 0.0002415 0.0002333 0.0001494 0.00022245 0.0001494 0.0001188 0.0001307 2.55e-06 7.565e-05 0.0002553 0.0001443 2.85e-06 0.00015665 0.00014435 0.00020015 0.00039715 0.0001493 0.00029095 2.75e-06 0.0002776 0.00029585 0.00026055 0.000259 0.00032715 0.000385 2.45e-06 0.000266 0.0002 0.00029095 0.0003799 0.00022065 0.0002383 0.0002208 4.685e-05 0.00014445 0.00040215 0.0001479 0.0002208 5.86e-05 0.0002911 0.0001316 0.0001444 0.0001483 5.825e-05 0.00014925 0.000332 0.00045635 0.00038485 0.00038005 0.00023815 0.00039725
23 0.0001438 0.00024475 0.0001433 0.0004252 0.0001444 0.0001431 0.00038705 0.00014345 0.000292 0.0002927 0.0002835 0.00024545 0.000207 0.0002449 0.00014325 0.00014315 0.00015065 0.00042645 0.0002135 0.00015085 0.0002836 0.0002859 0.00014455 0.000286 0.0001432 0.00031285 0.00018435 0.00042635 0.0001433 0.00015435 0.0002831 0.000144 0.0001433 0.00027995 0.0001434 0.0002454 0.0002454 0.0002455 0.00014335 0.0004252 0.00028485 0.00017835 0.00024645 0.00015065 0.00027455 0.0001434 0.00020715 0.0001788 0.0001435 0.0001437 0.0001437 0.000285 0.0002921 0.000285 0.00017835 0.00017935 0.00014315 0.00014995 0.0002847 0.0001431 0.00014345 0.00018555 0.00014305 0.00014425 0.0002836 0.0002849 0.00028485 0.0001432 0.000313 0.00042645 0.00020785 0.0002395 0.0002459 0.00038705 0.0001433 0.00024555 0.00014405 0.00028485 0.00024525 0.00024455 0.0002856 0.00024485 0.00014395 0.0001433 0.0004253 0.00018505 0.00024495 0.0001444 0.000285 0.0001517 0.0001433 0.0001858 0.0001453 0.0002852 0.00020735 0.00034685 0.0003869 0.0002454 0.00028545 0.0002835
24 0.00014335 0.00024435 0.0001432 0.0004248 0.0001441 0.00014295 0.00038665 0.0001432 0.00029165 0.0002923 0.00028305 0.00024515 0.0002068 0.0002446 0.0001429 0.0001429 0.0001504 0.00042605 0.0002131 0.0001504 0.00028335 0.0002855 0.0001443 0.0001432 0.0002852 0.0003124 0.00018395 0.00042595 0.0001429 0.00015395 0.0002827 0.00014375 0.00014295 0.00027955 0.0001433 0.000245 0.0002451 0.0002451 0.00014325 0.0004248 0.00028455 0.00017805 0.00024605 0.0001504 0.0002742 0.0001431 0.00020675 0.0001784 0.0001432 0.0001433 0.0001435 0.0002846 0.0002917 0.00028475 0.00017795 0.00017895 0.0001429 0.0001497 0.00028435 0.0001429 0.00014335 0.00018515 0.000143 0.0001438 0.00028315 0.00028465 0.0002843 0.0001431 0.0003126 0.00042605 0.0002074 0.0002391 0.0002455 0.00038665 0.00014325 0.00024525 0.0001437 0.00028445 0.0002448 0.00024445 0.0002852 0.0002446 0.0001437 0.0001431 0.0004249 0.00018465 0.00024465 0.00014415 0.00028455 0.0001513 0.000143 0.0001854 0.00014495 0.0002849 0.00020695 0.00034645 0.0003865 0.000245 0.00028505 0.0002833
25 0.00034125 0.0003313 0.0002763 0.0003359 0.0002775 0.00027605 0.00037435 0.0002765 0.0003199 0.0003206 0.00029265 0.0003314 0.00034105 0.0003315 0.0003491 0.00034915 0.00027725 0.00036215 0.0002999 0.00031385 0.00029295 0.0003202 0.00027745 0.00031285 0.0003124 0.0005514 0.00031715 0.00036205 0.00031255 0.0003336 0.0002931 0.00030505 0.0003128 0.0003433 0.00031295 0.0003678 0.000339 0.00033135 0.00027635 0.0003359 0.00032685 0.000288 0.00033245 0.00027725 0.00034095 0.0002762 0.0003776 0.00031655 0.0002763 0.0003492 0.00034135 0.00031915 0.0003201 0.0003193 0.0002881 0.00028905 0.000276 0.0002765 0.000294 0.0003126 0.00027645 0.00029665 0.00031265 0.00031365 0.00032935 0.0003193 0.00035555 0.0002762 0.000276 0.00036215 0.0003298 0.0003316 0.00035995 0.00037435 0.00027635 0.00033165 0.0003135 0.00035565 0.00036765 0.00033135 0.00034805 0.0003315 0.000277 0.00031275 0.0003359 0.0002883 0.00033155 0.0002774 0.0003557 0.0002783 0.0003127 0.0002891 0.00027825 0.00031945 0.00037765 0.0003865 0.0003742 0.0003678 0.0003479 0.00032945
26 0.00017435 0.0002878 0.0002153 0.00040075 0.00017745 0.0002151 0.00037265 0.00018855 0.00027735 0.00027705 0.0003008 0.000273 0.000247 0.0002723 0.000153 0.00015315 0.0001766 0.00041455 0.000138 0.00014605 0.00030105 0.00027695 0.00021505 0.00018435 0.00018395 0.00031715 0.0002754 0.00041445 0.00018395 0.00020505 0.00027365 0.00020565 0.00017375 0.0002335 0.00018405 0.00024185 0.00028 0.0002729 0.00021535 0.00040075 0.00032195 0.0001765 0.0002351 0.0001766 0.00025325 0.00021515 0.00021605 0.00016675 0.0002153 0.0001813 0.00017445 0.0003148 0.0002765 0.000315 0.00014955 0.0001387 0.000215 0.0001771 0.0003007 0.0001841 0.00021545 0.0001461 0.00018415 0.0001462 0.00026995 0.000315 0.00028375 0.0002152 0.00031725 0.00041455 0.00022855 0.00024555 0.00026315 0.0003726 0.00021535 0.0002627 0.00014605 0.00028375 0.00024175 0.00027215 0.00030535 0.0002723 0.0001885 0.00018425 0.00040075 0.0001385 0.00027235 0.00017745 0.0002839 0.0001387 0.0001842 0.00013815 0.0001769 0.0003147 0.000216 0.0003299 0.0003725 0.00024175 0.0003052 0.00027005
27 0.00050465 0.00030245 0.00029525 0.00027025 0.0003465 0.00029505 0.000172 0.00033865 0.000204 0.00020415 0.00041685 0.0003188 0.00040315 0.00030125 0.00055715 0.0005572 0.0003507 1.7e-06 0.00029755 0.00048185 0.0004171 0.0001997 0.00029575 0.00042635 0.00042595 0.00036205 0.00041445 2.5e-06 0.00042605 0.0004423 0.0004468 0.0003739 0.0004535 0.0003024 0.0004263 0.00044975 0.0003255 0.0003187 0.0002953 0.00027045 0.00015505 0.0002963 0.00037015 0.0003507 0.00050335 0.0002951 0.00053425 0.0003758 0.00029525 0.00051265 0.00050475 0.0001483 0.0002039 0.0001485 0.0003396 0.00034765 0.00029495 0.0003504 0.0004175 0.0004261 0.0002954 0.000359 0.00042615 0.00047745 0.00054805 0.0001484 0.0002793 0.00029515 0.00036215 1.35e-06 0.00048575 0.00035035 0.00039725 0.000172 0.0002953 0.00034625 0.0004773 0.0002793 0.0004496 0.0003011 0.00022725 0.00030125 0.000339 0.00042625 0.00027035 0.00035155 0.0003013 0.00034665 0.00027945 0.00040205 0.0004262 0.0003519 0.00034685 0.0001485 0.0005173 0.0003247 0.00017185 0.00044975 0.0002271 0.00054815
28 0.0001435 0.00024445 0.00014325 0.0004249 0.0001442 0.0001431 0.00038675 0.0001433 0.00029175 0.0002924 0.0002832 0.00024525 0.0002069 0.0002447 0.0001429 0.00014305 0.0001505 0.00042615 0.0002132 0.00015055 0.00028345 0.0002856 0.0001444 0.0001433 0.0001429 0.00031255 0.00018395 0.00042605 0.0002854 0.00015405 0.0002828 0.00014385 0.0001431 0.00027965 0.0001434 0.0002451 0.0002452 0.0002452 0.00014335 0.0004249 0.00028465 0.00017815 0.00024615 0.0001505 0.0002743 0.0001432 0.0002069 0.0001785 0.0001431 0.0001434 0.0001436 0.0002847 0.0002918 0.00028485 0.00017805 0.00017905 0.00014285 0.0001498 0.00028445 0.00014305 0.00014345 0.00018525 0.0001431 0.00014395 0.0002833 0.00028475 0.00028455 0.00014305 0.0003127 0.00042615 0.00020755 0.0002392 0.0002456 0.00038675 0.00014335 0.00024535 0.0001438 0.00028445 0.00024495 0.00024455 0.0002853 0.0002447 0.0001438 0.0001432 0.000425 0.00018475 0.00024475 0.00014425 0.0002847 0.0001514 0.00014315 0.0001855 0.00014505 0.000285 0.0002071 0.00034655 0.0003866 0.000245 0.00028515 0.0002834
29 6.47e-05 0.0002219 0.0001892 0.0004399 0.0001908 0.000189 0.00036485 0.0002326 0.0003118 0.0003127 0.00031295 0.00023825 0.00020845 0.0002207 0.0001192 0.00011925 0.0001857 0.0004424 0.0002948 0.0001509 0.0003132 0.0003169 0.00019045 0.00015435 0.00015395 0.0003336 0.00020505 0.0004423 0.00015405 2.06e-05 0.0003429 9.99e-05 0.0001815 0.0002735 0.00015455 0.00020325 0.0002463 0.00023815 0.00018925 0.0004399 0.0003239 0.0002419 0.00023945 0.0001857 0.00026025 0.00018905 0.0001736 0.0001537 0.0001892 7.47e-05 6.48e-05 0.00031565 0.00031225 0.00031585 0.0002852 0.0002431 0.0001889 0.00018485 0.00031435 0.0001541 0.00018935 0.00024645 0.00015415 0.0001553 0.0002782 0.0003159 0.0002807 0.0001891 0.0003337 0.0004424 0.0002614 0.0002582 0.00014875 0.00036485 0.00018925 0.0002657 0.00015515 0.00028085 0.0002031 0.0002205 0.0002266 0.0002207 0.0002332 0.00015425 0.00043985 0.00023765 0.00022075 0.00019045 0.00028085 0.0001869 0.0001542 0.00023855 0.0001914 0.0003161 0.00015665 0.00026965 0.0003647 0.00020325 0.00022645 0.0002783
30 0.00031125 0.00036305 0.00028465 0.00033565 0.000259 0.00028445 0.00042945 0.0002538 0.00033975 0.00034045 0.0002542 0.00034825 0.0003141 0.00035165 0.00028125 0.0002813 0.00025885 0.0004469 0.00025475 0.00025735 0.0002543 0.00034005 0.0002858 0.0002831 0.0002827 0.0002931 0.00027365 0.0004468 0.0002828 0.0003429 0.0004455 0.00031315 0.00026855 0.0003367 0.0002832 0.00034655 0.0003486 0.0003482 0.0002847 0.00033565 0.0003661 0.0002696 0.00032255 0.00025885 0.00028415 0.00028455 0.00031255 0.000298 0.00028465 0.00031205 0.00031135 0.00036575 0.00033985 0.0003659 0.00023875 0.0002439 0.00028435 0.0002581 0.0002555 0.00028285 0.0002848 0.00024425 0.0002829 0.00025715 0.00025275 0.0003658 0.00036405 0.00028455 0.00029325 0.0004469 0.00025205 0.00031535 0.00037655 0.00042945 0.0002847 0.000334 0.000257 0.00036405 0.0003464 0.0003515 0.0003943 0.00035165 0.0002544 0.000283 0.00033575 0.00024315 0.0003517 0.000259 0.0003642 0.00023315 0.00028295 0.00024395 0.00025985 0.00036605 0.0003167 0.00041515 0.0004293 0.00034655 0.00039415 0.00025285
31 0.00014365 0.0002216 9e-05 0.00042515 0.00011955 8.985e-05 0.00037985 0.0001337 0.0002668 0.00026805 0.00028295 0.0002378 0.0002065 0.00022025 0.0001978 0.00019785 0.00012555 0.000374 0.0002167 0.0001797 0.000283 0.0002611 9.17e-05 0.000144 0.00014375 0.00030505 0.00020565 0.0003739 0.00014385 9.99e-05 0.00031315 0.0001792 0.0001713 0.0002836 0.0001443 0.0002917 0.0002463 0.00023785 8.995e-05 0.00042515 0.0002405 0.00015325 0.00026695 0.00012545 0.0003187 9e-05 0.0002606 0.0001536 9.01e-05 0.00015325 0.00014375 0.00023205 0.0002675 0.00023205 0.0001969 0.0001824 8.975e-05 0.0001243 0.0002847 0.00014375 8.995e-05 0.000197 0.0001438 0.00017295 0.000337 0.000232 0.00028585 8.995e-05 0.0003052 0.000374 0.00026025 0.00025805 0.00023755 0.00037985 9e-05 0.00026535 0.0001728 0.0002859 0.00029155 0.00022005 0.000232 0.0002202 0.00013435 0.0001438 0.0004252 0.0001878 0.0002203 0.00011915 0.000286 0.00015475 0.00014385 0.000189 0.0001206 0.0002324 0.00024365 0.00036795 0.0003797 0.0002917 0.00023185 0.0003371
32 0.00014345 0.00024455 0.0001708 0.00042505 0.00016135 0.00017065 0.0003869 0.00014305 0.00030885 0.00030955 0.00028345 0.0002454 0.0002069 0.00026185 0.00011555 0.00011555 0.00016765 0.0004536 0.00022005 0.0001402 0.0002836 0.00030275 0.0001719 0.0001433 0.00014295 0.0003128 0.00017375 0.0004535 0.0001431 0.0001815 0.00026855 0.0001713 0.0002305 0.0002865 0.0001434 0.0002178 0.0002454 0.00024545 0.00017055 0.00042505 0.00031215 0.0001953 0.000236 0.00016765 0.000247 0.00017075 0.0001794 0.0001957 0.00017085 0.00014345 0.0001436 0.00031225 0.00030895 0.0003123 0.00016775 0.0001859 0.00017055 0.00016695 0.00028465 0.000143 0.00017065 0.0001921 0.0001431 0.0001336 0.00025595 0.00031195 0.0002845 0.00017075 0.00031295 0.0004536 0.00018005 0.0002289 0.00024575 0.0003869 0.0001708 0.0002177 0.0001335 0.00028455 0.0002176 0.0002617 0.00031275 0.00026185 0.00014355 0.0001432 0.00042515 0.0001916 0.0002619 0.00016115 0.00028465 0.00015825 0.0001431 0.00019235 0.00016225 0.00031245 0.00019675 0.0003364 0.00038675 0.0002178 0.0003126 0.0002561
33 0.00026995 0.00028775 0.00029325 0.0003647 0.00025525 0.00029305 0.0002774 0.00028365 0.0002601 0.00025985 0.00035975 0.00027275 0.00029965 0.0002543 0.00026635 0.0002664 0.0002544 0.0003025 0.00021555 0.0002415 0.00036 0.00025975 0.00029305 0.00027995 0.00027955 0.0003433 0.0002335 0.0003024 0.00027965 0.0002735 0.0003367 0.0002836 0.0002865 0.0004305 0.00027965 0.0002593 0.00027985 0.00027265 0.0002933 0.0003647 0.000305 0.00025425 0.0002347 0.0002544 0.0003156 0.0002931 0.00028635 0.0002445 0.00029325 0.00027735 0.00027005 0.00029775 0.0002593 0.00029795 0.00024445 0.0002163 0.00029295 0.00025485 0.0003597 0.0002797 0.0002934 0.00022395 0.00027975 0.00024165 0.00034655 0.00029795 0.00028435 0.00029315 0.0003434 0.0003025 0.00031405 0.0002447 0.0002629 0.0002774 0.0002933 0.0002796 0.0002415 0.00028445 0.00025915 0.00025445 0.0002883 0.0002543 0.0002836 0.00027985 0.0003647 0.00021605 0.00025435 0.00025525 0.0002845 0.00021635 0.0002798 0.0002158 0.00025475 0.00029765 0.00026895 0.0002337 0.00027725 0.0002593 0.00028815 0.00034665
34 0.0001439 0.00024485 0.0001436 0.00042515 0.0001441 0.00014355 0.000387 0.00014375 0.0002921 0.00029235 0.0002836 0.00024545 0.00020715 0.000245 0.0001432 0.0001431 0.00015055 0.0004264 0.00021295 0.0001505 0.00028375 0.00028555 0.00014435 0.0001434 0.0001433 0.00031295 0.00018405 0.0004263 0.0001434 0.00015455 0.0002832 0.0001443 0.0001434 0.00027965 0.0002859 0.00024535 0.00024525 0.0002456 0.0001437 0.00042515 0.0002847 0.0001781 0.0002461 0.00015055 0.00027465 0.00014355 0.0002071 0.00017865 0.00014365 0.00014365 0.0001438 0.0002851 0.00029175 0.00028515 0.0001782 0.00017875 0.00014345 0.00015025 0.00028435 0.00014335 0.0001438 0.00018525 0.0001432 0.0001439 0.00028355 0.00028505 0.0002848 0.00014365 0.0003131 0.0004264 0.0002078 0.0002397 0.000246 0.000387 0.0001437 0.00024565 0.0001437 0.0002848 0.0002452 0.00024485 0.0002857 0.000245 0.00014385 0.00014345 0.00042525 0.0001849 0.00024495 0.00014425 0.00028495 0.0001511 0.00014345 0.0001852 0.00014465 0.0002849 0.0002073 0.0003468 0.00038685 0.00024535 0.00028555 0.00028345
35 0.00015715 0.0002608 0.0003796 0.00041245 0.00032455 0.0003794 0.00028035 0.00033585 0.00035525 0.00035535 0.00037705 0.0002452 0.00026615 0.0002628 0.0001109 0.00011095 0.0003198 0.00044985 0.0003726 0.00018565 0.0003773 0.00035985 0.00038005 0.0002454 0.000245 0.0003678 0.00024185 0.00044975 0.0002451 0.00020325 0.00034655 0.0002917 0.0002178 0.0002593 0.00024535 0.0002212 0.00024425 0.0002451 0.00037965 0.00041245 0.0004138 0.000376 0.0001904 0.0003198 0.00022075 0.00037945 0.00013195 0.000288 0.0003796 0.000156 0.00015725 0.0004146 0.00035485 0.0004148 0.00033215 0.0003212 0.0003793 0.00031955 0.00037765 0.00024515 0.00037975 0.00031565 0.0002452 0.00019035 0.00024295 0.0004148 0.0002803 0.0003795 0.0003679 0.00044985 0.00023765 0.0002194 0.0001571 0.00028025 0.00037965 0.0002179 0.0001902 0.0002804 0.0001107 0.00026265 0.0003269 0.0002628 0.0003362 0.0002453 0.00041245 0.00031605 0.00026285 0.00032485 0.00028045 0.000265 0.00024525 0.00031635 0.000325 0.0004148 0.00014915 0.0001283 0.0002802 0.0001107 0.00032675 0.00024305
36 0.00024565 0.00024485 0.00024565 0.0003884 0.000246 0.0002456 0.0002846 0.00024595 0.0002927 0.0002929 0.00034825 0.00024455 0.00026615 0.0002453 0.0002448 0.00024485 0.00025255 0.0003256 0.00031485 0.0002523 0.00034845 0.0002861 0.00024635 0.0002454 0.0002451 0.000339 0.00028 0.0003255 0.0002452 0.0002463 0.0003486 0.0002463 0.0002454 0.00027985 0.00024525 0.00024425 0.0004869 0.00024465 0.0002458 0.0003884 0.0002845 0.0002801 0.00024515 0.00025255 0.00032565 0.00024555 0.00026585 0.00028055 0.0002457 0.00024505 0.0002457 0.0002856 0.0002924 0.00028575 0.0002803 0.0002807 0.0002455 0.0002523 0.00034895 0.0002452 0.0002459 0.00028665 0.0002452 0.0002457 0.000348 0.00028575 0.00028515 0.0002457 0.0003391 0.0003256 0.00028175 0.00024585 0.000245 0.00028465 0.0002458 0.0002449 0.0002455 0.00028525 0.00024405 0.00024515 0.0002863 0.0002453 0.0002463 0.0002453 0.0003884 0.00028685 0.00024525 0.0002463 0.0002853 0.00025305 0.0002453 0.00028715 0.0002466 0.00028575 0.0002659 0.00024415 0.00028445 0.00024425 0.00028615 0.00034805
