 slim_337491251 slim_337491097 slim_337491258 slim_337491179 slim_337491222 slim_337491250 slim_337491278 slim_337491206 slim_337491246 slim_337491121 slim_337491189 slim_337491295 slim_337491285 slim_337491043 slim_337491223 slim_337491293 slim_337491247 slim_337491020 slim_337491219 slim_337491004 slim_337491264 slim_337490958 slim_337491211 slim_337490802 slim_337491088 slim_337491254 slim_337491273 slim_337491232 slim_337491156 slim_337491284 slim_337491277 slim_337491047 slim_337491167 slim_337491241 slim_337491153 slim_337491294 slim_337491230 slim_337491228 slim_337491267 slim_337491195 slim_337491193 slim_337491235 slim_337491221 slim_337491280 slim_337491263 slim_337491166 slim_337491212 slim_337491027 slim_337491199 slim_337491220 slim_337491291 slim_337491281 slim_337490544 slim_337491225 slim_337491288 slim_337491299 slim_337491183 slim_337491271 slim_337491287 slim_337491242 slim_337491181 slim_337491289 slim_337491090 slim_337491266 slim_337491233 slim_337491229 slim_337491108 slim_337491168 slim_337491257 slim_337491191 slim_337491204 slim_337491200 slim_337491292 slim_337491128 slim_337491236 slim_337490986 slim_337490937 slim_337491286 slim_337491120 slim_337491290 slim_337491178 slim_337491202 slim_337491269 slim_337491274 slim_337491136 slim_337491298 slim_337491023 slim_337491146 slim_337491248 slim_337491279 slim_337491224 slim_337491185 slim_337491234 slim_337490858 slim_337491268 slim_337491131 slim_337491252 slim_337491041 slim_337491283
0 0.0001147 7.35e-05 5.95e-05 5.96e-05 5.88e-05 5.905e-05 5.9e-05 5.77e-05 5.82e-05 7.595e-05 5.905e-05 7.58e-05 6.925e-05 5.8e-05 5.895e-05 5.94e-05 7.27e-05 6.93e-05 6.085e-05 5.84e-05 8.2e-05 5.96e-05 5.885e-05 7.46e-05 6.955e-05 6.995e-05 7.095e-05 8.635e-05 7.12e-05 7.955e-05 7.115e-05 6.08e-05 5.815e-05 5.98e-05 7.04e-05 7.57e-05 7.065e-05 6.245e-05 6.01e-05 7.09e-05 5.93e-05 5.95e-05 5.95e-05 5.82e-05 6.97e-05 6.92e-05 5.88e-05 7.6e-05 6.955e-05 5.985e-05 5.95e-05 5.975e-05 5.775e-05 6.205e-05 6.27e-05 5.87e-05 5.885e-05 5.965e-05 7.3e-05 6.94e-05 7.035e-05 7.11e-05 7.075e-05 5.925e-05 7.66e-05 7.965e-05 5.8e-05 5.885e-05 6.01e-05 5.855e-05 8.395e-05 7.52e-05 5.935e-05 7.11e-05 8.085e-05 7.005e-05 5.965e-05 5.895e-05 6.96e-05 6.225e-05 5.955e-05 6.96e-05 5.875e-05 7.085e-05 5.96e-05 5.95e-05 5.77e-05 5.99e-05 5.89e-05 7.065e-05 6.9e-05 5.85e-05 5.865e-05 7.07e-05 5.885e-05 5.81e-05 5.97e-05 5.845e-05 5.825e-05
1 7.35e-05 0.0001388 7.325e-05 7.55e-05 7.405e-05 7.175e-05 7.355e-05 7.345e-05 7.415e-05 7.61e-05 7.34e-05 7.53e-05 7.135e-05 7.3e-05 7.39e-05 7.285e-05 7.405e-05 7.41e-05 7.43e-05 7.155e-05 7.585e-05 7.52e-05 7.41e-05 7.455e-05 7.37e-05 7.225e-05 7.325e-05 7.735e-05 7.28e-05 7.155e-05 7.64e-05 7.535e-05 7.415e-05 7.165e-05 7.17e-05 7.585e-05 7.275e-05 7.18e-05 7.515e-05 7.325e-05 7.45e-05 7.27e-05 7.285e-05 7.315e-05 7.245e-05 7.165e-05 7.26e-05 7.615e-05 7.205e-05 7.445e-05 7.34e-05 7.515e-05 7.39e-05 7.19e-05 7.16e-05 7.22e-05 7.27e-05 7.3e-05 7.28e-05 7.185e-05 7.175e-05 7.205e-05 7.185e-05 7.31e-05 7.605e-05 7.15e-05 7.41e-05 7.16e-05 7.415e-05 7.455e-05 7.225e-05 7.505e-05 7.445e-05 7.32e-05 7.475e-05 7.175e-05 7.415e-05 7.25e-05 7.18e-05 7.185e-05 7.2e-05 7.195e-05 7.42e-05 7.32e-05 7.52e-05 7.425e-05 7.4e-05 7.575e-05 7.395e-05 7.1e-05 7.375e-05 7.315e-05 7.335e-05 7.38e-05 7.405e-05 7.415e-05 7.39e-05 7.395e-05 7.425e-05
2 5.95e-05 7.325e-05 5e-06 9.365e-05 7.68e-05 9.5e-06 7.58e-05 5.84e-05 9.485e-05 7.265e-05 3.84e-05 7.335e-05 6.83e-05 1.025e-05 3.74e-05 4.115e-05 7.96e-05 6.765e-05 5.685e-05 3.33e-05 0.0001307 7.185e-05 7.685e-05 0.00010645 0.0001054 7.485e-05 7.475e-05 0.00013425 7.555e-05 0.00010155 9.95e-05 8.175e-05 9.375e-05 1.225e-05 6.855e-05 7.235e-05 6.765e-05 6.405e-05 7.53e-05 0.00010235 3.79e-05 3.75e-06 7.92e-05 5.88e-05 0.0001014 4.935e-05 4.49e-05 9.025e-05 0.0001026 9.675e-05 2.07e-05 6.615e-05 9.35e-05 6.385e-05 7.45e-06 1.615e-05 4.395e-05 5.185e-05 7.875e-05 0.0001247 6.85e-05 0.0001041 0.00012585 2.6e-06 0.0001087 0.00010165 9.375e-05 8.95e-06 3.85e-05 7.105e-05 0.00013755 7.235e-05 5.84e-05 0.00010305 0.00012375 6.765e-05 9.525e-05 2.8e-06 0.00010315 4.23e-05 6.135e-05 0.0001249 9.52e-05 0.0001023 7.185e-05 8.545e-05 0.0001151 7.08e-05 3.74e-05 6.925e-05 3.59e-05 3.74e-05 3.75e-05 6.835e-05 5.89e-05 9.375e-05 2.05e-05 5.895e-05 9.385e-05
3 5.96e-05 7.55e-05 9.365e-05 4.95e-05 5.875e-05 8.865e-05 2.61e-05 5.95e-05 2.5e-05 7.625e-05 6.01e-05 7.715e-05 7.2e-05 8.74e-05 5.895e-05 6.065e-05 6.83e-05 7.055e-05 6.09e-05 8.175e-05 4.78e-05 2.5e-05 5.875e-05 4.09e-05 3.83e-05 6.61e-05 6.67e-05 5.255e-05 6.555e-05 7.64e-05 3.52e-05 2.66e-05 2.515e-05 8.845e-05 7.17e-05 7.6e-05 7.195e-05 6.32e-05 5.915e-05 3.765e-05 5.93e-05 9.47e-05 2.68e-05 5.955e-05 3.835e-05 0.00010295 5.42e-05 7.63e-05 3.775e-05 2.6e-05 9.36e-05 5.275e-05 2.505e-05 6.265e-05 9.655e-05 8.21e-05 5.43e-05 6.09e-05 6.92e-05 3.755e-05 7.165e-05 3.93e-05 3.9e-05 9.34e-05 4.385e-05 7.65e-05 2.52e-05 8.845e-05 9.32e-05 2.59e-05 5.29e-05 7.655e-05 5.935e-05 3.775e-05 5.24e-05 7.135e-05 2.655e-05 9.415e-05 3.78e-05 6.28e-05 6.025e-05 3.77e-05 2.565e-05 3.75e-05 2.5e-05 2.705e-05 2.485e-05 2.575e-05 5.895e-05 7.3e-05 9.765e-05 5.955e-05 5.97e-05 7.205e-05 5.88e-05 2.495e-05 9.28e-05 5.9e-05 2.505e-05
4 5.88e-05 7.405e-05 7.68e-05 5.875e-05 7.99e-05 7.705e-05 7.72e-05 5.965e-05 5.725e-05 7.535e-05 7.695e-05 7.6e-05 7.08e-05 7.69e-05 7.6e-05 7.78e-05 7.405e-05 6.905e-05 6.055e-05 5.915e-05 6.33e-05 7.675e-05 4e-05 7.465e-05 7.055e-05 7.175e-05 7.095e-05 6.81e-05 7.09e-05 6.275e-05 6.97e-05 7.34e-05 5.835e-05 7.825e-05 6.985e-05 7.51e-05 7.065e-05 6.29e-05 4.19e-05 7.095e-05 7.69e-05 7.76e-05 7.78e-05 5.88e-05 7.07e-05 5.085e-05 7.595e-05 5.8e-05 7.055e-05 5.93e-05 5.89e-05 5.905e-05 5.825e-05 6.22e-05 7.995e-05 7.715e-05 7.705e-05 6.755e-05 7.42e-05 5.18e-05 6.98e-05 7.205e-05 5.345e-05 7.655e-05 7.7e-05 6.285e-05 5.835e-05 7.725e-05 4.09e-05 7.665e-05 6.795e-05 7.58e-05 5.965e-05 7.06e-05 6.175e-05 7.005e-05 5.97e-05 7.745e-05 7.005e-05 8.045e-05 5.975e-05 5.2e-05 5.805e-05 7.09e-05 7.675e-05 6.725e-05 4.005e-05 7.705e-05 7.605e-05 7.125e-05 6.88e-05 7.68e-05 7.695e-05 7.08e-05 5.79e-05 5.815e-05 5.79e-05 5.805e-05 5.83e-05
5 5.905e-05 7.175e-05 9.5e-06 8.865e-05 7.705e-05 1.55e-05 6.975e-05 5.84e-05 8.83e-05 7.47e-05 3.805e-05 7.39e-05 6.815e-05 1.005e-05 3.855e-05 4.05e-05 7.365e-05 6.94e-05 5.725e-05 2.655e-05 0.0001265 6.735e-05 7.71e-05 0.0001018 0.00010025 6.895e-05 6.93e-05 0.0001306 7.04e-05 9.62e-05 9.57e-05 7.715e-05 8.765e-05 1.1e-05 6.925e-05 7.445e-05 6.915e-05 6.26e-05 7.71e-05 9.77e-05 3.89e-05 8.8e-06 7.28e-05 5.81e-05 9.635e-05 5.43e-05 3.825e-05 9.165e-05 9.68e-05 9.14e-05 2.68e-05 6.1e-05 8.74e-05 6.235e-05 1.315e-05 9.75e-06 3.76e-05 5.095e-05 7.215e-05 0.00011815 6.92e-05 9.825e-05 0.00011935 9.2e-06 0.00010385 9.63e-05 8.765e-05 8.2e-06 4.535e-05 6.615e-05 0.0001317 7.305e-05 5.955e-05 9.81e-05 0.0001252 6.87e-05 8.905e-05 8e-06 9.705e-05 4.125e-05 5.985e-05 0.00011835 8.87e-05 9.765e-05 6.735e-05 7.985e-05 0.00010855 6.705e-05 3.85e-05 6.86e-05 3.78e-05 3.72e-05 3.725e-05 6.89e-05 5.975e-05 8.765e-05 2.805e-05 5.965e-05 8.775e-05
6 5.9e-05 7.355e-05 7.58e-05 2.61e-05 7.72e-05 6.975e-05 1.19e-05 5.79e-05 2.545e-05 7.615e-05 4.145e-05 7.61e-05 7.02e-05 6.87e-05 4.12e-05 4.07e-05 6.64e-05 7.08e-05 6.06e-05 7.99e-05 6.625e-05 7.7e-06 7.725e-05 4.035e-05 3.59e-05 6.335e-05 6.55e-05 7.045e-05 6.535e-05 9.24e-05 3.725e-05 1.42e-05 2.43e-05 6.91e-05 7.135e-05 7.59e-05 7.135e-05 6.195e-05 7.745e-05 3.72e-05 4.27e-05 7.6e-05 6.1e-06 5.855e-05 3.64e-05 0.0001205 3.6e-05 9.37e-05 3.555e-05 2.55e-05 9.37e-05 5.355e-05 2.405e-05 6.175e-05 7.86e-05 6.275e-05 3.5e-05 5.145e-05 6.71e-05 5.425e-05 7.13e-05 3.705e-05 5.54e-05 7.565e-05 4.235e-05 9.25e-05 2.435e-05 6.91e-05 0.0001121 7.05e-06 6.78e-05 7.51e-05 5.85e-05 3.79e-05 7.17e-05 7.05e-05 2.58e-05 7.505e-05 3.61e-05 4.365e-05 5.925e-05 5.445e-05 2.58e-05 3.715e-05 7.7e-06 1.79e-05 4.225e-05 8.7e-06 4.12e-05 7.13e-05 9.76e-05 4.045e-05 4.065e-05 7.11e-05 5.945e-05 2.43e-05 9.42e-05 5.935e-05 2.44e-05
7 5.77e-05 7.345e-05 5.84e-05 5.95e-05 5.965e-05 5.84e-05 5.79e-05 0.0001126 5.9e-05 7.505e-05 5.83e-05 7.53e-05 6.845e-05 5.675e-05 5.78e-05 5.835e-05 7.21e-05 6.92e-05 6.06e-05 5.81e-05 8.25e-05 5.845e-05 5.97e-05 7.395e-05 6.91e-05 6.89e-05 7.045e-05 8.645e-05 7.11e-05 8.01e-05 7.1e-05 5.975e-05 5.8e-05 5.88e-05 7.025e-05 7.48e-05 6.995e-05 6.22e-05 5.995e-05 7.025e-05 5.855e-05 5.88e-05 5.845e-05 5.81e-05 6.905e-05 7.005e-05 5.86e-05 7.59e-05 6.89e-05 5.975e-05 5.94e-05 5.965e-05 5.765e-05 6.2e-05 6.17e-05 5.76e-05 5.775e-05 5.915e-05 7.24e-05 7.025e-05 7.02e-05 7.05e-05 7.14e-05 5.815e-05 7.58e-05 8.02e-05 5.775e-05 5.775e-05 6.075e-05 5.74e-05 8.375e-05 7.435e-05 5.815e-05 7.095e-05 8.17e-05 6.94e-05 5.96e-05 5.79e-05 6.945e-05 6.12e-05 5.95e-05 7.045e-05 5.935e-05 7.02e-05 5.845e-05 5.9e-05 5.855e-05 5.875e-05 5.78e-05 7.055e-05 6.855e-05 5.74e-05 5.755e-05 7.025e-05 5.87e-05 5.795e-05 5.955e-05 5.85e-05 5.81e-05
8 5.82e-05 7.415e-05 9.485e-05 2.5e-05 5.725e-05 8.83e-05 2.545e-05 5.9e-05 4.31e-05 7.785e-05 5.92e-05 7.74e-05 7.165e-05 8.705e-05 5.94e-05 6.075e-05 6.665e-05 7.09e-05 6.05e-05 8.025e-05 4.84e-05 2.6e-05 5.725e-05 4.195e-05 3.78e-05 6.555e-05 6.67e-05 5.35e-05 6.615e-05 7.48e-05 3.735e-05 2.755e-05 2.29e-05 8.76e-05 7.175e-05 7.76e-05 7.285e-05 6.145e-05 6.065e-05 3.87e-05 6.105e-05 9.455e-05 2.68e-05 5.805e-05 3.785e-05 0.0001018 5.23e-05 7.71e-05 3.655e-05 2.64e-05 9.385e-05 5.28e-05 2.28e-05 6.075e-05 9.74e-05 8.15e-05 5.36e-05 6.025e-05 6.805e-05 3.49e-05 7.17e-05 3.805e-05 3.65e-05 9.46e-05 4.365e-05 7.49e-05 2.265e-05 8.85e-05 9.36e-05 2.53e-05 5.125e-05 7.715e-05 5.955e-05 3.84e-05 5.31e-05 7.19e-05 2.425e-05 9.435e-05 3.61e-05 6.2e-05 5.835e-05 3.505e-05 2.235e-05 3.865e-05 2.6e-05 2.64e-05 2.165e-05 2.745e-05 5.945e-05 7.2e-05 9.82e-05 5.9e-05 5.915e-05 7.22e-05 5.83e-05 2.27e-05 9.4e-05 5.85e-05 2.28e-05
9 7.595e-05 7.61e-05 7.265e-05 7.625e-05 7.535e-05 7.47e-05 7.615e-05 7.505e-05 7.785e-05 0.0001408 7.585e-05 7.315e-05 7.525e-05 7.475e-05 7.32e-05 7.555e-05 7.715e-05 7.435e-05 7.495e-05 7.49e-05 7.49e-05 7.49e-05 7.54e-05 7.62e-05 7.615e-05 7.615e-05 7.385e-05 7.325e-05 7.585e-05 7.635e-05 7.525e-05 7.55e-05 7.695e-05 7.515e-05 7.415e-05 7.055e-05 7.39e-05 7.625e-05 7.34e-05 7.54e-05 7.415e-05 7.525e-05 7.625e-05 7.605e-05 7.62e-05 7.43e-05 7.6e-05 7.165e-05 7.63e-05 7.595e-05 7.38e-05 7.615e-05 7.67e-05 7.64e-05 7.265e-05 7.5e-05 7.525e-05 7.615e-05 7.635e-05 7.77e-05 7.41e-05 7.68e-05 7.78e-05 7.25e-05 7.38e-05 7.645e-05 7.695e-05 7.42e-05 7.29e-05 7.585e-05 7.755e-05 7.235e-05 7.375e-05 7.59e-05 7.48e-05 7.35e-05 7.75e-05 7.45e-05 7.665e-05 7.535e-05 7.62e-05 7.79e-05 7.785e-05 7.535e-05 7.49e-05 7.685e-05 7.78e-05 7.495e-05 7.33e-05 7.59e-05 7.3e-05 7.505e-05 7.525e-05 7.38e-05 7.435e-05 7.695e-05 7.17e-05 7.425e-05 7.705e-05
10 5.905e-05 7.34e-05 3.84e-05 6.01e-05 7.695e-05 3.805e-05 4.145e-05 5.83e-05 5.92e-05 7.585e-05 7.33e-05 7.44e-05 7e-05 3.785e-05 3.795e-05 4.175e-05 7.3e-05 6.975e-05 5.715e-05 5.485e-05 9.93e-05 3.83e-05 7.7e-05 7.445e-05 7.35e-05 6.96e-05 7.115e-05 0.0001032 7.115e-05 9.71e-05 6.725e-05 4.845e-05 5.83e-05 3.895e-05 7.055e-05 7.56e-05 7.06e-05 6.285e-05 7.75e-05 7.09e-05 3.905e-05 3.71e-05 4.59e-05 5.835e-05 6.925e-05 8.305e-05 3.84e-05 9.325e-05 6.93e-05 6.41e-05 5.585e-05 6.015e-05 5.81e-05 6.25e-05 4.21e-05 3.79e-05 3.77e-05 5.22e-05 7.325e-05 9.085e-05 7.06e-05 7.075e-05 9.22e-05 3.815e-05 7.595e-05 9.71e-05 5.845e-05 3.75e-05 7.425e-05 3.675e-05 0.000105 7.445e-05 5.9e-05 7.105e-05 9.815e-05 7.035e-05 5.98e-05 3.72e-05 6.93e-05 4.105e-05 6e-05 9.095e-05 5.97e-05 7.085e-05 3.83e-05 5.2e-05 7.965e-05 3.835e-05 3.805e-05 7.01e-05 6.58e-05 3.685e-05 3.7e-05 7.045e-05 5.955e-05 5.825e-05 5.665e-05 5.945e-05 5.845e-05
11 7.58e-05 7.53e-05 7.335e-05 7.715e-05 7.6e-05 7.39e-05 7.61e-05 7.53e-05 7.74e-05 7.315e-05 7.44e-05 0.000145 7.54e-05 7.46e-05 7.465e-05 7.475e-05 7.695e-05 7.5e-05 7.59e-05 7.48e-05 7.66e-05 7.625e-05 7.605e-05 7.74e-05 7.61e-05 7.595e-05 7.49e-05 7.505e-05 7.62e-05 7.605e-05 7.71e-05 7.67e-05 7.685e-05 7.465e-05 7.49e-05 7.29e-05 7.515e-05 7.59e-05 7.545e-05 7.665e-05 7.515e-05 7.305e-05 7.585e-05 7.52e-05 7.61e-05 7.455e-05 7.58e-05 7.375e-05 7.65e-05 7.655e-05 7.41e-05 7.67e-05 7.66e-05 7.59e-05 7.365e-05 7.475e-05 7.535e-05 7.535e-05 7.635e-05 7.7e-05 7.495e-05 7.68e-05 7.73e-05 7.32e-05 7.475e-05 7.605e-05 7.69e-05 7.355e-05 7.47e-05 7.585e-05 7.76e-05 7.275e-05 7.535e-05 7.665e-05 7.61e-05 7.485e-05 7.715e-05 7.325e-05 7.635e-05 7.525e-05 7.57e-05 7.71e-05 7.755e-05 7.66e-05 7.625e-05 7.645e-05 7.73e-05 7.6e-05 7.47e-05 7.47e-05 7.445e-05 7.455e-05 7.48e-05 7.42e-05 7.54e-05 7.685e-05 7.39e-05 7.53e-05 7.695e-05
12 6.925e-05 7.135e-05 6.83e-05 7.2e-05 7.08e-05 6.815e-05 7.02e-05 6.845e-05 7.165e-05 7.525e-05 7e-05 7.54e-05 0.0001325 6.8e-05 6.955e-05 6.89e-05 7.435e-05 6.955e-05 7.18e-05 6.855e-05 7.285e-05 7.125e-05 7.085e-05 7.465e-05 6.98e-05 6.88e-05 7.015e-05 7.725e-05 6.98e-05 6.84e-05 7.275e-05 7.285e-05 7.115e-05 6.985e-05 6.84e-05 7.5e-05 6.825e-05 7.345e-05 7.095e-05 6.92e-05 6.96e-05 6.87e-05 6.97e-05 6.955e-05 6.83e-05 6.9e-05 6.975e-05 7.565e-05 6.85e-05 7.125e-05 6.9e-05 7.175e-05 7.09e-05 7.33e-05 7.15e-05 6.885e-05 6.935e-05 6.95e-05 7.33e-05 6.98e-05 6.835e-05 7.01e-05 7.09e-05 6.815e-05 7.75e-05 6.85e-05 7.105e-05 6.765e-05 7.005e-05 7.04e-05 7.285e-05 7.44e-05 7.01e-05 7.015e-05 7.14e-05 6.74e-05 7.265e-05 6.775e-05 6.92e-05 7.27e-05 7.075e-05 7e-05 7.195e-05 6.925e-05 7.125e-05 7.065e-05 7.155e-05 7.12e-05 6.945e-05 6.86e-05 6.885e-05 6.9e-05 6.92e-05 6.99e-05 7.025e-05 7.115e-05 6.93e-05 7.015e-05 7.125e-05
13 5.8e-05 7.3e-05 1.025e-05 8.74e-05 7.69e-05 1.005e-05 6.87e-05 5.675e-05 8.705e-05 7.475e-05 3.785e-05 7.46e-05 6.8e-05 1.65e-05 3.775e-05 4.1e-05 7.15e-05 6.92e-05 5.7e-05 2.705e-05 0.00012645 6.59e-05 7.695e-05 0.0001015 9.975e-05 6.79e-05 7.015e-05 0.0001303 7.05e-05 9.655e-05 9.51e-05 7.555e-05 8.6e-05 1.025e-05 7.01e-05 7.45e-05 6.975e-05 6.24e-05 7.705e-05 9.755e-05 3.82e-05 1.02e-05 7.26e-05 5.795e-05 9.635e-05 5.58e-05 3.85e-05 9.225e-05 9.62e-05 9.11e-05 2.795e-05 5.97e-05 8.57e-05 6.22e-05 1.375e-05 9.25e-06 3.755e-05 5.185e-05 7.235e-05 0.00011815 7.005e-05 9.77e-05 0.0001193 9.95e-06 0.0001028 9.665e-05 8.595e-05 9.6e-06 4.66e-05 6.485e-05 0.0001312 7.355e-05 5.875e-05 9.83e-05 0.0001257 6.92e-05 8.74e-05 9.2e-06 9.68e-05 4.085e-05 5.97e-05 0.00011835 8.74e-05 9.75e-05 6.59e-05 7.975e-05 0.0001071 6.62e-05 3.76e-05 6.995e-05 3.76e-05 3.685e-05 3.685e-05 6.955e-05 5.92e-05 8.595e-05 2.875e-05 5.905e-05 8.61e-05
14 5.895e-05 7.39e-05 3.74e-05 5.895e-05 7.6e-05 3.855e-05 4.12e-05 5.78e-05 5.94e-05 7.32e-05 3.795e-05 7.465e-05 6.955e-05 3.775e-05 7.21e-05 4.225e-05 7.3e-05 6.88e-05 5.59e-05 5.465e-05 9.73e-05 3.66e-05 7.605e-05 7.295e-05 7.325e-05 6.955e-05 6.98e-05 0.0001011 7.05e-05 9.71e-05 6.51e-05 4.7e-05 5.82e-05 3.92e-05 6.95e-05 7.295e-05 6.92e-05 6.295e-05 7.515e-05 6.935e-05 3.775e-05 3.9e-05 4.6e-05 5.895e-05 6.905e-05 8.245e-05 3.83e-05 9.085e-05 6.885e-05 6.32e-05 5.52e-05 5.935e-05 5.795e-05 6.275e-05 4.075e-05 3.79e-05 3.73e-05 5.27e-05 7.3e-05 9.13e-05 6.945e-05 7.045e-05 9.245e-05 3.715e-05 7.47e-05 9.72e-05 5.825e-05 3.785e-05 7.21e-05 3.65e-05 0.0001047 7.375e-05 5.725e-05 7e-05 9.655e-05 6.87e-05 5.99e-05 3.815e-05 6.935e-05 4.085e-05 6.025e-05 9.15e-05 5.975e-05 6.93e-05 3.665e-05 5.21e-05 7.995e-05 3.7e-05 3.63e-05 7.1e-05 6.4e-05 3.7e-05 3.725e-05 6.975e-05 5.825e-05 5.82e-05 5.41e-05 5.81e-05 5.83e-05
15 5.94e-05 7.285e-05 4.115e-05 6.065e-05 7.78e-05 4.05e-05 4.07e-05 5.835e-05 6.075e-05 7.555e-05 4.175e-05 7.475e-05 6.89e-05 4.1e-05 4.225e-05 7.85e-05 7.29e-05 6.96e-05 6.14e-05 5.84e-05 9.96e-05 4.275e-05 7.785e-05 7.38e-05 6.81e-05 6.855e-05 7.04e-05 0.00010355 7.03e-05 9.68e-05 7.15e-05 4.88e-05 5.97e-05 4.195e-05 7.035e-05 7.53e-05 6.975e-05 6.29e-05 7.745e-05 7.015e-05 4.27e-05 4.055e-05 3.94e-05 5.82e-05 6.87e-05 8.72e-05 4.245e-05 9.305e-05 6.925e-05 5.9e-05 5.895e-05 6.015e-05 5.945e-05 6.27e-05 4.51e-05 4.08e-05 4.15e-05 5.04e-05 7.28e-05 8.76e-05 7.03e-05 7.065e-05 8.875e-05 4.095e-05 7.63e-05 9.69e-05 5.97e-05 4.005e-05 7.83e-05 4.145e-05 0.0001007 7.365e-05 5.95e-05 7.09e-05 9.885e-05 6.945e-05 6.1e-05 3.94e-05 6.985e-05 4.495e-05 6.02e-05 8.78e-05 6.11e-05 7.01e-05 4.275e-05 5.12e-05 7.725e-05 4.235e-05 4.21e-05 6.95e-05 6.93e-05 4.065e-05 4.06e-05 6.965e-05 6.01e-05 5.97e-05 6.045e-05 6e-05 5.98e-05
16 7.27e-05 7.405e-05 7.96e-05 6.83e-05 7.405e-05 7.365e-05 6.64e-05 7.21e-05 6.665e-05 7.715e-05 7.3e-05 7.695e-05 7.435e-05 7.15e-05 7.3e-05 7.29e-05 0.0001277 7.53e-05 7.38e-05 6.69e-05 7.125e-05 6.775e-05 7.41e-05 6.86e-05 6.84e-05 6.7e-05 6.965e-05 7.26e-05 6.985e-05 6.965e-05 7.07e-05 6.75e-05 6.61e-05 7.07e-05 7.555e-05 7.69e-05 7.565e-05 7.18e-05 7.555e-05 6.975e-05 7.47e-05 7.96e-05 6.69e-05 7.22e-05 6.89e-05 8.03e-05 6.755e-05 7.755e-05 6.765e-05 6.86e-05 8.03e-05 6.785e-05 6.57e-05 7.205e-05 7.885e-05 6.605e-05 6.71e-05 7.34e-05 6.595e-05 6.845e-05 7.55e-05 6.775e-05 6.825e-05 7.94e-05 6.97e-05 6.975e-05 6.59e-05 7.335e-05 8.18e-05 6.705e-05 6.665e-05 7.6e-05 7.36e-05 7.035e-05 7.675e-05 7.48e-05 6.615e-05 7.87e-05 6.81e-05 7.17e-05 7.19e-05 6.865e-05 6.655e-05 6.97e-05 6.775e-05 6.825e-05 6.615e-05 6.915e-05 7.295e-05 7.485e-05 7.465e-05 7.215e-05 7.21e-05 7.48e-05 7.345e-05 6.6e-05 8.105e-05 7.32e-05 6.62e-05
17 6.93e-05 7.41e-05 6.765e-05 7.055e-05 6.905e-05 6.94e-05 7.08e-05 6.92e-05 7.09e-05 7.435e-05 6.975e-05 7.5e-05 6.955e-05 6.92e-05 6.88e-05 6.96e-05 7.53e-05 0.0001331 7.06e-05 7.03e-05 7.095e-05 7.025e-05 6.91e-05 7.465e-05 6.955e-05 7.18e-05 7.135e-05 7.515e-05 7.085e-05 6.94e-05 6.99e-05 7.175e-05 7.085e-05 7.135e-05 6.935e-05 7.41e-05 6.93e-05 7.415e-05 6.85e-05 7.075e-05 6.87e-05 6.855e-05 7.07e-05 6.935e-05 7.015e-05 6.81e-05 7.075e-05 7.445e-05 7.115e-05 7.015e-05 6.785e-05 7.06e-05 7.06e-05 7.385e-05 7.17e-05 7.075e-05 7.08e-05 6.99e-05 7.505e-05 7.12e-05 6.93e-05 7.26e-05 7.25e-05 6.75e-05 7.74e-05 6.95e-05 7.08e-05 6.92e-05 6.74e-05 6.98e-05 7.565e-05 7.455e-05 6.935e-05 7.085e-05 6.835e-05 6.91e-05 7.22e-05 6.815e-05 7.11e-05 7.375e-05 7.13e-05 7.14e-05 7.135e-05 7.07e-05 7.025e-05 7.02e-05 7.075e-05 6.94e-05 6.88e-05 7.055e-05 6.72e-05 6.93e-05 6.95e-05 6.995e-05 6.9e-05 7.085e-05 6.71e-05 6.89e-05 7.095e-05
18 6.085e-05 7.43e-05 5.685e-05 6.09e-05 6.055e-05 5.725e-05 6.06e-05 6.06e-05 6.05e-05 7.495e-05 5.715e-05 7.59e-05 7.18e-05 5.7e-05 5.59e-05 6.14e-05 7.38e-05 7.06e-05 0.000111 5.635e-05 8.2e-05 5.63e-05 6.06e-05 7.4e-05 7.525e-05 7.225e-05 7.205e-05 8.53e-05 7.235e-05 8.175e-05 6.72e-05 6.035e-05 6.025e-05 5.67e-05 7.165e-05 7.47e-05 7.175e-05 6.28e-05 6.035e-05 7.175e-05 5.7e-05 5.795e-05 6.515e-05 6.075e-05 7.145e-05 6.705e-05 5.7e-05 7.45e-05 7.125e-05 6.5e-05 5.71e-05 6.115e-05 6e-05 6.31e-05 5.87e-05 5.73e-05 5.685e-05 6.155e-05 7.395e-05 7.58e-05 7.16e-05 7.105e-05 7.555e-05 5.66e-05 7.445e-05 8.185e-05 6.025e-05 5.725e-05 5.62e-05 5.615e-05 8.86e-05 7.52e-05 6.025e-05 7.21e-05 8.11e-05 7.115e-05 6.005e-05 5.73e-05 7.145e-05 5.88e-05 6.04e-05 7.6e-05 6.035e-05 7.17e-05 5.63e-05 6.11e-05 6.44e-05 5.665e-05 5.595e-05 7.23e-05 6.63e-05 5.645e-05 5.665e-05 7.175e-05 6.035e-05 6.025e-05 5.63e-05 6.025e-05 6.035e-05
19 5.84e-05 7.155e-05 3.33e-05 8.175e-05 5.915e-05 2.655e-05 7.99e-05 5.81e-05 8.025e-05 7.49e-05 5.485e-05 7.48e-05 6.855e-05 2.705e-05 5.465e-05 5.84e-05 6.69e-05 7.03e-05 5.635e-05 3.93e-05 0.00010325 7.735e-05 5.92e-05 9.585e-05 9.49e-05 6.345e-05 6.36e-05 0.00010795 6.5e-05 7.405e-05 8.94e-05 8.275e-05 8e-05 2.745e-05 6.94e-05 7.465e-05 6.99e-05 6.14e-05 6.015e-05 9.18e-05 5.59e-05 3.335e-05 8.38e-05 5.82e-05 9.115e-05 4.265e-05 4.84e-05 7.47e-05 9.02e-05 8.525e-05 3.36e-05 5.46e-05 7.975e-05 6.115e-05 3.575e-05 2.1e-05 4.82e-05 5.855e-05 6.62e-05 9.455e-05 6.935e-05 9.175e-05 9.575e-05 3.305e-05 9.74e-05 7.415e-05 7.995e-05 2.635e-05 3.405e-05 7.685e-05 0.00010835 7.405e-05 5.895e-05 9.215e-05 0.00010805 6.89e-05 8.155e-05 3.265e-05 9.04e-05 5.7e-05 5.865e-05 9.475e-05 8.065e-05 9.175e-05 7.735e-05 8.115e-05 8.395e-05 7.845e-05 5.47e-05 6.95e-05 3.84e-05 5.41e-05 5.43e-05 6.955e-05 5.89e-05 8e-05 3.39e-05 5.88e-05 8.01e-05
20 8.2e-05 7.585e-05 0.0001307 4.78e-05 6.33e-05 0.0001265 6.625e-05 8.25e-05 4.84e-05 7.49e-05 9.93e-05 7.66e-05 7.285e-05 0.00012645 9.73e-05 9.96e-05 7.125e-05 7.095e-05 8.2e-05 0.00010325 1.7e-05 6.445e-05 6.335e-05 4.235e-05 3.93e-05 6.845e-05 6.485e-05 1.49e-05 6.57e-05 4e-05 3.59e-05 6.175e-05 4.9e-05 0.00012745 7.11e-05 7.465e-05 7.175e-05 8.57e-05 6.265e-05 3.855e-05 9.74e-05 0.00013265 6.645e-05 8.205e-05 4.025e-05 8.545e-05 9.295e-05 5.775e-05 3.99e-05 4.78e-05 0.00011365 7.52e-05 4.875e-05 8.535e-05 0.0001336 0.00012115 9.365e-05 8.89e-05 7.115e-05 2.26e-05 7.105e-05 4.14e-05 2.395e-05 0.00013055 4.475e-05 4.01e-05 4.89e-05 0.0001266 9.475e-05 6.63e-05 1.755e-05 7.63e-05 8.12e-05 3.83e-05 1.455e-05 7.12e-05 5.05e-05 0.0001324 3.95e-05 0.0001022 8.285e-05 2.28e-05 4.89e-05 3.85e-05 6.445e-05 5.605e-05 3.19e-05 6.495e-05 9.735e-05 7.345e-05 9.79e-05 9.9e-05 9.92e-05 7.03e-05 8.05e-05 4.9e-05 0.0001117 8.04e-05 4.91e-05
21 5.96e-05 7.52e-05 7.185e-05 2.5e-05 7.675e-05 6.735e-05 7.7e-06 5.845e-05 2.6e-05 7.49e-05 3.83e-05 7.625e-05 7.125e-05 6.59e-05 3.66e-05 4.275e-05 6.775e-05 7.025e-05 5.63e-05 7.735e-05 6.445e-05 4.8e-06 7.68e-05 3.965e-05 4.135e-05 6.495e-05 6.585e-05 6.87e-05 6.52e-05 9.335e-05 3.05e-05 1.31e-05 2.48e-05 6.695e-05 7.125e-05 7.465e-05 7.095e-05 6.32e-05 7.55e-05 3.65e-05 3.76e-05 7.335e-05 1.265e-05 5.955e-05 3.715e-05 0.0001166 3.31e-05 9.25e-05 3.65e-05 2.965e-05 8.97e-05 5.3e-05 2.455e-05 6.3e-05 7.49e-05 6.045e-05 3.21e-05 5.32e-05 6.845e-05 5.92e-05 7.12e-05 3.805e-05 6.035e-05 7.16e-05 4.23e-05 9.345e-05 2.485e-05 6.665e-05 0.00010665 3.3e-06 7.3e-05 7.535e-05 5.77e-05 3.71e-05 6.945e-05 7.045e-05 2.65e-05 7.25e-05 3.7e-05 4.07e-05 6.05e-05 5.94e-05 2.635e-05 3.64e-05 2.45e-06 1.905e-05 4.68e-05 3.25e-06 3.68e-05 7.265e-05 9.31e-05 3.735e-05 3.76e-05 7.135e-05 5.895e-05 2.48e-05 8.87e-05 5.885e-05 2.49e-05
22 5.885e-05 7.41e-05 7.685e-05 5.875e-05 4e-05 7.71e-05 7.725e-05 5.97e-05 5.725e-05 7.54e-05 7.7e-05 7.605e-05 7.085e-05 7.695e-05 7.605e-05 7.785e-05 7.41e-05 6.91e-05 6.06e-05 5.92e-05 6.335e-05 7.68e-05 8e-05 7.47e-05 7.06e-05 7.18e-05 7.1e-05 6.815e-05 7.095e-05 6.28e-05 6.975e-05 7.345e-05 5.84e-05 7.83e-05 6.99e-05 7.515e-05 7.07e-05 6.295e-05 4.195e-05 7.1e-05 7.695e-05 7.765e-05 7.785e-05 5.885e-05 7.075e-05 5.09e-05 7.6e-05 5.805e-05 7.06e-05 5.935e-05 5.895e-05 5.91e-05 5.83e-05 6.22e-05 8e-05 7.72e-05 7.71e-05 6.76e-05 7.425e-05 5.185e-05 6.985e-05 7.21e-05 5.35e-05 7.66e-05 7.705e-05 6.29e-05 5.84e-05 7.73e-05 4.095e-05 7.67e-05 6.8e-05 7.585e-05 5.97e-05 7.065e-05 6.18e-05 7.01e-05 5.975e-05 7.75e-05 7.01e-05 8.05e-05 5.98e-05 5.2e-05 5.81e-05 7.095e-05 7.68e-05 6.73e-05 4.01e-05 7.71e-05 7.61e-05 7.13e-05 6.885e-05 7.685e-05 7.7e-05 7.085e-05 5.795e-05 5.82e-05 5.795e-05 5.81e-05 5.83e-05
23 7.46e-05 7.455e-05 0.00010645 4.09e-05 7.465e-05 0.0001018 4.035e-05 7.395e-05 4.195e-05 7.62e-05 7.445e-05 7.74e-05 7.465e-05 0.0001015 7.295e-05 7.38e-05 6.86e-05 7.465e-05 7.4e-05 9.585e-05 4.235e-05 3.965e-05 7.47e-05 7.78e-05 4.195e-05 6.96e-05 6.99e-05 4.385e-05 6.9e-05 7e-05 3.995e-05 4.02e-05 4.135e-05 0.00010095 7.46e-05 7.595e-05 7.45e-05 7.38e-05 7.345e-05 4.08e-05 7.315e-05 0.0001079 4.015e-05 7.45e-05 4.17e-05 0.0001069 6.875e-05 7.665e-05 4.145e-05 4.05e-05 0.00010725 6.85e-05 4.11e-05 7.405e-05 0.00010565 9.605e-05 6.83e-05 7.405e-05 6.835e-05 4.28e-05 7.455e-05 4.16e-05 4.26e-05 0.0001063 4.365e-05 7.01e-05 4.13e-05 0.0001013 0.00010715 4.07e-05 4.165e-05 7.655e-05 7.355e-05 4.135e-05 4.705e-05 7.39e-05 4.16e-05 0.0001071 4.185e-05 7.3e-05 7.39e-05 4.3e-05 4.185e-05 4.075e-05 3.965e-05 4.105e-05 4.21e-05 4.005e-05 7.305e-05 7.535e-05 0.0001012 7.36e-05 7.38e-05 7.535e-05 7.4e-05 4.135e-05 0.00010635 7.39e-05 4.145e-05
24 6.955e-05 7.37e-05 0.0001054 3.83e-05 7.055e-05 0.00010025 3.59e-05 6.91e-05 3.78e-05 7.615e-05 7.35e-05 7.61e-05 6.98e-05 9.975e-05 7.325e-05 6.81e-05 6.84e-05 6.955e-05 7.525e-05 9.49e-05 3.93e-05 4.135e-05 7.06e-05 4.195e-05 6.19e-05 6.5e-05 6.53e-05 4.455e-05 6.585e-05 6.45e-05 4.285e-05 3.915e-05 3.74e-05 0.00010095 7.08e-05 7.59e-05 7.07e-05 7.33e-05 7.08e-05 3.85e-05 7.37e-05 0.0001057 3.11e-05 6.93e-05 3.74e-05 0.0001063 6.845e-05 7.64e-05 3.77e-05 3.31e-05 0.0001061 6.525e-05 3.715e-05 7.31e-05 0.00010885 9.505e-05 6.815e-05 6.8e-05 6.865e-05 3.475e-05 7.075e-05 3.915e-05 3.59e-05 0.00010535 4.47e-05 6.46e-05 3.735e-05 9.995e-05 0.0001071 4.04e-05 3.835e-05 7.52e-05 7.01e-05 3.895e-05 4.445e-05 7.02e-05 3.88e-05 0.00010485 3.8e-05 7.635e-05 7.06e-05 3.495e-05 3.815e-05 3.845e-05 4.135e-05 3.56e-05 3.395e-05 4.12e-05 7.32e-05 7.085e-05 9.985e-05 7.26e-05 7.28e-05 6.985e-05 7.01e-05 3.74e-05 0.0001065 7e-05 3.75e-05
25 6.995e-05 7.225e-05 7.485e-05 6.61e-05 7.175e-05 6.895e-05 6.335e-05 6.89e-05 6.555e-05 7.615e-05 6.96e-05 7.595e-05 6.88e-05 6.79e-05 6.955e-05 6.855e-05 6.7e-05 7.18e-05 7.225e-05 6.345e-05 6.845e-05 6.495e-05 7.18e-05 6.96e-05 6.5e-05 0.0001228 6.56e-05 7.28e-05 6.495e-05 6.525e-05 6.785e-05 6.635e-05 6.45e-05 6.83e-05 7.02e-05 7.59e-05 7.03e-05 7.3e-05 7.215e-05 6.49e-05 7.07e-05 7.485e-05 6.305e-05 6.935e-05 6.425e-05 7.645e-05 6.45e-05 7.705e-05 6.335e-05 6.56e-05 7.605e-05 6.55e-05 6.42e-05 7.28e-05 7.77e-05 6.235e-05 6.355e-05 6.965e-05 6.785e-05 6.495e-05 7.015e-05 6.49e-05 6.61e-05 7.465e-05 7.13e-05 6.535e-05 6.445e-05 6.85e-05 7.815e-05 6.445e-05 6.785e-05 7.49e-05 7.02e-05 6.565e-05 7.345e-05 6.93e-05 6.595e-05 7.385e-05 6.395e-05 7.18e-05 7.03e-05 6.515e-05 6.59e-05 6.485e-05 6.495e-05 6.54e-05 6.525e-05 6.6e-05 6.945e-05 7e-05 7.095e-05 6.86e-05 6.86e-05 7.075e-05 7.065e-05 6.445e-05 7.69e-05 7.05e-05 6.46e-05
26 7.095e-05 7.325e-05 7.475e-05 6.67e-05 7.095e-05 6.93e-05 6.55e-05 7.045e-05 6.67e-05 7.385e-05 7.115e-05 7.49e-05 7.015e-05 7.015e-05 6.98e-05 7.04e-05 6.965e-05 7.135e-05 7.205e-05 6.36e-05 6.485e-05 6.585e-05 7.1e-05 6.99e-05 6.53e-05 6.56e-05 0.0001244 7.055e-05 6.6e-05 6.605e-05 6.685e-05 6.75e-05 6.625e-05 7.06e-05 7.005e-05 7.36e-05 7.05e-05 7.395e-05 7.06e-05 6.575e-05 7.08e-05 7.605e-05 6.515e-05 7.085e-05 6.615e-05 7.455e-05 6.445e-05 7.415e-05 6.55e-05 6.595e-05 7.54e-05 6.65e-05 6.6e-05 7.375e-05 7.73e-05 6.38e-05 6.445e-05 7.005e-05 6.84e-05 6.63e-05 7e-05 6.705e-05 6.745e-05 7.46e-05 7.11e-05 6.615e-05 6.62e-05 6.86e-05 7.525e-05 6.64e-05 6.955e-05 7.41e-05 7.04e-05 6.615e-05 7.14e-05 6.95e-05 6.785e-05 7.53e-05 6.575e-05 7.32e-05 7.125e-05 6.65e-05 6.705e-05 6.57e-05 6.585e-05 6.6e-05 6.66e-05 6.665e-05 6.99e-05 7.125e-05 7.02e-05 7.035e-05 7.055e-05 6.86e-05 7.045e-05 6.625e-05 7.46e-05 7.035e-05 6.635e-05
27 8.635e-05 7.735e-05 0.00013425 5.255e-05 6.81e-05 0.0001306 7.045e-05 8.645e-05 5.35e-05 7.325e-05 0.0001032 7.505e-05 7.725e-05 0.0001303 0.0001011 0.00010355 7.26e-05 7.515e-05 8.53e-05 0.00010795 1.49e-05 6.87e-05 6.815e-05 4.385e-05 4.455e-05 7.28e-05 7.055e-05 2.73e-05 7.06e-05 4.505e-05 4.085e-05 6.495e-05 5.365e-05 0.0001306 7.555e-05 7.3e-05 7.61e-05 8.67e-05 6.71e-05 4.335e-05 0.00010135 0.0001363 7.07e-05 8.645e-05 4.47e-05 9.035e-05 9.76e-05 5.665e-05 4.46e-05 5.26e-05 0.0001177 7.995e-05 5.34e-05 8.67e-05 0.0001341 0.00012535 9.785e-05 9.38e-05 7.255e-05 2.79e-05 7.55e-05 4.505e-05 2.82e-05 0.0001341 4.24e-05 4.515e-05 5.36e-05 0.00013055 9.925e-05 7.02e-05 1.945e-05 7.475e-05 8.51e-05 4.32e-05 1.965e-05 7.555e-05 5.41e-05 0.00013605 4.43e-05 0.00010305 8.65e-05 2.81e-05 5.365e-05 4.33e-05 6.87e-05 6.095e-05 3.705e-05 6.895e-05 0.00010115 7.725e-05 0.00010195 0.0001029 0.0001031 7.57e-05 8.48e-05 5.365e-05 0.00011565 8.47e-05 5.375e-05
28 7.12e-05 7.28e-05 7.555e-05 6.555e-05 7.09e-05 7.04e-05 6.535e-05 7.11e-05 6.615e-05 7.585e-05 7.115e-05 7.62e-05 6.98e-05 7.05e-05 7.05e-05 7.03e-05 6.985e-05 7.085e-05 7.235e-05 6.5e-05 6.57e-05 6.52e-05 7.095e-05 6.9e-05 6.585e-05 6.495e-05 6.6e-05 7.06e-05 0.0001265 6.475e-05 6.47e-05 6.69e-05 6.61e-05 7.125e-05 6.945e-05 7.56e-05 6.985e-05 7.465e-05 7.03e-05 6.42e-05 7.025e-05 7.61e-05 6.47e-05 7.075e-05 6.5e-05 7.5e-05 6.56e-05 7.595e-05 6.475e-05 6.48e-05 7.555e-05 6.48e-05 6.585e-05 7.43e-05 7.86e-05 6.515e-05 6.565e-05 7.065e-05 6.98e-05 6.485e-05 6.94e-05 6.62e-05 6.62e-05 7.535e-05 7.235e-05 6.485e-05 6.605e-05 7.03e-05 7.57e-05 6.615e-05 6.9e-05 7.57e-05 7.105e-05 6.42e-05 6.96e-05 6.93e-05 6.75e-05 7.565e-05 6.46e-05 7.405e-05 7.18e-05 6.505e-05 6.665e-05 6.41e-05 6.52e-05 6.605e-05 6.615e-05 6.56e-05 7.045e-05 7.03e-05 7.075e-05 7.065e-05 7.075e-05 7.11e-05 7.085e-05 6.61e-05 7.54e-05 7.075e-05 6.62e-05
29 7.955e-05 7.155e-05 0.00010155 7.64e-05 6.275e-05 9.62e-05 9.24e-05 8.01e-05 7.48e-05 7.635e-05 9.71e-05 7.605e-05 6.84e-05 9.655e-05 9.71e-05 9.68e-05 6.965e-05 6.94e-05 8.175e-05 7.405e-05 4e-05 9.335e-05 6.28e-05 7e-05 6.45e-05 6.525e-05 6.605e-05 4.505e-05 6.475e-05 7.01e-05 6.7e-05 9.04e-05 7.545e-05 9.775e-05 6.855e-05 7.61e-05 6.925e-05 8.345e-05 6.415e-05 6.515e-05 9.74e-05 0.0001015 9.2e-05 7.955e-05 6.415e-05 5.635e-05 9.16e-05 5.915e-05 6.435e-05 7.565e-05 8.445e-05 7.63e-05 7.52e-05 8.31e-05 0.0001047 9.21e-05 9.235e-05 8.655e-05 6.925e-05 4.665e-05 6.845e-05 6.585e-05 4.805e-05 0.0001014 7.315e-05 3.52e-05 7.535e-05 9.635e-05 6.75e-05 9.25e-05 4.135e-05 7.575e-05 8.1e-05 6.49e-05 4.315e-05 6.87e-05 7.695e-05 0.00010125 6.39e-05 0.0001003 8.06e-05 4.69e-05 7.53e-05 6.51e-05 9.335e-05 8.21e-05 5.805e-05 9.33e-05 9.715e-05 6.89e-05 6.84e-05 9.68e-05 9.7e-05 7.06e-05 8e-05 7.545e-05 8.45e-05 7.99e-05 7.555e-05
30 7.115e-05 7.64e-05 9.95e-05 3.52e-05 6.97e-05 9.57e-05 3.725e-05 7.1e-05 3.735e-05 7.525e-05 6.725e-05 7.71e-05 7.275e-05 9.51e-05 6.51e-05 7.15e-05 7.07e-05 6.99e-05 6.72e-05 8.94e-05 3.59e-05 3.05e-05 6.975e-05 3.995e-05 4.285e-05 6.785e-05 6.685e-05 4.085e-05 6.47e-05 6.7e-05 5.63e-05 3.63e-05 3.725e-05 9.65e-05 7.12e-05 7.5e-05 7.12e-05 7.525e-05 6.76e-05 3.665e-05 6.445e-05 0.0001015 4.15e-05 7.12e-05 3.885e-05 9.905e-05 6.16e-05 7.54e-05 3.89e-05 3.94e-05 9.965e-05 6.32e-05 3.7e-05 7.49e-05 0.00010275 8.99e-05 6.165e-05 7.16e-05 7.085e-05 4.315e-05 7.115e-05 4.04e-05 4.45e-05 9.925e-05 4.435e-05 6.71e-05 3.72e-05 9.545e-05 9.8e-05 3.285e-05 4.825e-05 7.67e-05 6.94e-05 3.665e-05 3.99e-05 7.105e-05 3.885e-05 0.00010115 3.875e-05 7.035e-05 7.24e-05 4.335e-05 3.785e-05 3.66e-05 3.05e-05 3.75e-05 4.145e-05 3.06e-05 6.52e-05 7.36e-05 9.345e-05 6.685e-05 6.705e-05 7.22e-05 6.96e-05 3.725e-05 9.765e-05 6.95e-05 3.735e-05
31 6.08e-05 7.535e-05 8.175e-05 2.66e-05 7.34e-05 7.715e-05 1.42e-05 5.975e-05 2.755e-05 7.55e-05 4.845e-05 7.67e-05 7.285e-05 7.555e-05 4.7e-05 4.88e-05 6.75e-05 7.175e-05 6.035e-05 8.275e-05 6.175e-05 1.31e-05 7.345e-05 4.02e-05 3.915e-05 6.635e-05 6.75e-05 6.495e-05 6.69e-05 9.04e-05 3.63e-05 2.58e-05 2.65e-05 7.5e-05 7.29e-05 7.525e-05 7.265e-05 6.25e-05 7.235e-05 3.84e-05 4.775e-05 8.31e-05 1.495e-05 6.075e-05 3.91e-05 0.0001173 4.33e-05 8.845e-05 3.85e-05 2.72e-05 9.49e-05 5.44e-05 2.615e-05 6.285e-05 8.335e-05 7.015e-05 4.24e-05 5.93e-05 6.845e-05 5.22e-05 7.285e-05 3.85e-05 5.19e-05 8.15e-05 4.16e-05 9.05e-05 2.64e-05 7.655e-05 0.0001073 1.395e-05 6.475e-05 7.585e-05 5.96e-05 3.905e-05 6.675e-05 7.21e-05 2.655e-05 8.23e-05 3.9e-05 4.955e-05 6.02e-05 5.24e-05 2.735e-05 3.835e-05 1.31e-05 2.55e-05 3.945e-05 1.385e-05 4.71e-05 7.365e-05 9.85e-05 4.765e-05 4.78e-05 7.29e-05 6.03e-05 2.645e-05 9.4e-05 6.01e-05 2.66e-05
32 5.815e-05 7.415e-05 9.375e-05 2.515e-05 5.835e-05 8.765e-05 2.43e-05 5.8e-05 2.29e-05 7.695e-05 5.83e-05 7.685e-05 7.115e-05 8.6e-05 5.82e-05 5.97e-05 6.61e-05 7.085e-05 6.025e-05 8e-05 4.9e-05 2.48e-05 5.84e-05 4.135e-05 3.74e-05 6.45e-05 6.625e-05 5.365e-05 6.61e-05 7.545e-05 3.725e-05 2.65e-05 4.5e-05 8.66e-05 7.165e-05 7.67e-05 7.225e-05 6.14e-05 6.055e-05 3.815e-05 6.015e-05 9.38e-05 2.575e-05 5.8e-05 3.725e-05 0.00010275 5.24e-05 7.705e-05 3.59e-05 2.635e-05 9.38e-05 5.29e-05 2.265e-05 6.095e-05 9.64e-05 8.04e-05 5.245e-05 5.98e-05 6.75e-05 3.6e-05 7.16e-05 3.75e-05 3.74e-05 9.35e-05 4.28e-05 7.555e-05 2.285e-05 8.74e-05 9.435e-05 2.4e-05 5.12e-05 7.63e-05 5.865e-05 3.83e-05 5.405e-05 7.135e-05 2.435e-05 9.33e-05 3.59e-05 6.095e-05 5.85e-05 3.62e-05 2.345e-05 3.81e-05 2.48e-05 2.59e-05 2.275e-05 2.625e-05 5.83e-05 7.195e-05 9.78e-05 5.785e-05 5.795e-05 7.18e-05 5.835e-05 2.265e-05 9.39e-05 5.84e-05 2.285e-05
33 5.98e-05 7.165e-05 1.225e-05 8.845e-05 7.825e-05 1.1e-05 6.91e-05 5.88e-05 8.76e-05 7.515e-05 3.895e-05 7.465e-05 6.985e-05 1.025e-05 3.92e-05 4.195e-05 7.07e-05 7.135e-05 5.67e-05 2.745e-05 0.00012745 6.695e-05 7.83e-05 0.00010095 0.00010095 6.83e-05 7.06e-05 0.0001306 7.125e-05 9.775e-05 9.65e-05 7.5e-05 8.66e-05 1.76e-05 7.13e-05 7.49e-05 7.145e-05 6.07e-05 7.885e-05 9.84e-05 4.04e-05 1.185e-05 7.275e-05 5.91e-05 9.74e-05 5.69e-05 3.89e-05 9.26e-05 9.665e-05 9.185e-05 2.99e-05 6.065e-05 8.63e-05 6.105e-05 1.355e-05 9.6e-06 3.8e-05 5.27e-05 7.14e-05 0.0001185 7.125e-05 9.645e-05 0.0001182 1.195e-05 0.0001007 9.785e-05 8.655e-05 1.06e-05 4.875e-05 6.61e-05 0.00013025 7.37e-05 6.02e-05 9.91e-05 0.00012745 7.045e-05 8.63e-05 1.095e-05 9.72e-05 3.975e-05 5.83e-05 0.0001187 8.74e-05 9.835e-05 6.695e-05 8.07e-05 0.00010765 6.785e-05 3.915e-05 7.03e-05 3.985e-05 3.805e-05 3.805e-05 7.075e-05 6.06e-05 8.655e-05 3.095e-05 6.045e-05 8.67e-05
34 7.04e-05 7.17e-05 6.855e-05 7.17e-05 6.985e-05 6.925e-05 7.135e-05 7.025e-05 7.175e-05 7.415e-05 7.055e-05 7.49e-05 6.84e-05 7.01e-05 6.95e-05 7.035e-05 7.555e-05 6.935e-05 7.165e-05 6.94e-05 7.11e-05 7.125e-05 6.99e-05 7.46e-05 7.08e-05 7.02e-05 7.005e-05 7.555e-05 6.945e-05 6.855e-05 7.12e-05 7.29e-05 7.165e-05 7.13e-05 0.0001348 7.39e-05 6.815e-05 7.43e-05 6.955e-05 6.955e-05 7.005e-05 6.955e-05 7.105e-05 7.035e-05 6.95e-05 6.79e-05 7.04e-05 7.435e-05 6.97e-05 7.1e-05 6.88e-05 7.16e-05 7.14e-05 7.395e-05 7.18e-05 7.02e-05 7.045e-05 7.045e-05 7.435e-05 6.965e-05 6.76e-05 7.125e-05 7.1e-05 6.84e-05 7.75e-05 6.855e-05 7.16e-05 6.9e-05 6.82e-05 7.135e-05 7.37e-05 7.46e-05 7.005e-05 6.955e-05 6.925e-05 6.76e-05 7.325e-05 6.93e-05 6.95e-05 7.38e-05 7.145e-05 6.97e-05 7.225e-05 6.95e-05 7.125e-05 7.145e-05 7.16e-05 7.12e-05 6.96e-05 6.9e-05 6.865e-05 7.025e-05 7.045e-05 7e-05 6.975e-05 7.165e-05 6.78e-05 6.965e-05 7.175e-05
35 7.57e-05 7.585e-05 7.235e-05 7.6e-05 7.51e-05 7.445e-05 7.59e-05 7.48e-05 7.76e-05 7.055e-05 7.56e-05 7.29e-05 7.5e-05 7.45e-05 7.295e-05 7.53e-05 7.69e-05 7.41e-05 7.47e-05 7.465e-05 7.465e-05 7.465e-05 7.515e-05 7.595e-05 7.59e-05 7.59e-05 7.36e-05 7.3e-05 7.56e-05 7.61e-05 7.5e-05 7.525e-05 7.67e-05 7.49e-05 7.39e-05 0.0001403 7.38e-05 7.6e-05 7.315e-05 7.515e-05 7.39e-05 7.5e-05 7.6e-05 7.58e-05 7.595e-05 7.405e-05 7.575e-05 7.14e-05 7.605e-05 7.57e-05 7.355e-05 7.59e-05 7.645e-05 7.615e-05 7.24e-05 7.475e-05 7.5e-05 7.59e-05 7.61e-05 7.745e-05 7.385e-05 7.655e-05 7.755e-05 7.22e-05 7.355e-05 7.62e-05 7.67e-05 7.395e-05 7.265e-05 7.56e-05 7.73e-05 7.21e-05 7.365e-05 7.565e-05 7.455e-05 7.32e-05 7.725e-05 7.425e-05 7.64e-05 7.51e-05 7.595e-05 7.765e-05 7.76e-05 7.51e-05 7.465e-05 7.66e-05 7.755e-05 7.47e-05 7.305e-05 7.565e-05 7.275e-05 7.48e-05 7.5e-05 7.355e-05 7.405e-05 7.67e-05 7.13e-05 7.4e-05 7.68e-05
36 7.065e-05 7.275e-05 6.765e-05 7.195e-05 7.065e-05 6.915e-05 7.135e-05 6.995e-05 7.285e-05 7.39e-05 7.06e-05 7.515e-05 6.825e-05 6.975e-05 6.92e-05 6.975e-05 7.565e-05 6.93e-05 7.175e-05 6.99e-05 7.175e-05 7.095e-05 7.07e-05 7.45e-05 7.07e-05 7.03e-05 7.05e-05 7.61e-05 6.985e-05 6.925e-05 7.12e-05 7.265e-05 7.225e-05 7.145e-05 6.815e-05 7.38e-05 0.0001335 7.485e-05 6.945e-05 6.94e-05 6.96e-05 6.9e-05 7.1e-05 7.035e-05 6.915e-05 6.9e-05 7.105e-05 7.46e-05 6.99e-05 7.12e-05 6.845e-05 7.18e-05 7.2e-05 7.47e-05 7.165e-05 7.03e-05 7.06e-05 7.015e-05 7.46e-05 7.095e-05 6.805e-05 7.15e-05 7.215e-05 6.75e-05 7.78e-05 6.94e-05 7.215e-05 6.855e-05 6.855e-05 7.085e-05 7.38e-05 7.425e-05 6.935e-05 7e-05 6.985e-05 6.745e-05 7.39e-05 6.815e-05 7.03e-05 7.4e-05 7.22e-05 7.12e-05 7.315e-05 6.935e-05 7.095e-05 7.12e-05 7.275e-05 7.035e-05 6.925e-05 6.93e-05 6.83e-05 6.97e-05 6.99e-05 6.975e-05 7e-05 7.225e-05 6.77e-05 6.99e-05 7.235e-05
37 6.245e-05 7.18e-05 6.405e-05 6.32e-05 6.29e-05 6.26e-05 6.195e-05 6.22e-05 6.145e-05 7.625e-05 6.285e-05 7.59e-05 7.345e-05 6.24e-05 6.295e-05 6.29e-05 7.18e-05 7.415e-05 6.28e-05 6.14e-05 8.57e-05 6.32e-05 6.295e-05 7.38e-05 7.33e-05 7.3e-05 7.395e-05 8.67e-05 7.465e-05 8.345e-05 7.525e-05 6.25e-05 6.14e-05 6.07e-05 7.43e-05 7.6e-05 7.485e-05 0.0001191 6.47e-05 7.43e-05 6.425e-05 6.385e-05 6.22e-05 6.215e-05 7.33e-05 7.315e-05 6.19e-05 7.63e-05 7.255e-05 6.34e-05 6.42e-05 6.325e-05 6.125e-05 6.04e-05 6.2e-05 6.17e-05 6.185e-05 6.305e-05 7.19e-05 7.245e-05 7.425e-05 7.205e-05 7.17e-05 6.38e-05 7.405e-05 8.355e-05 6.14e-05 6.24e-05 6.5e-05 6.235e-05 8.28e-05 7.525e-05 6.335e-05 7.46e-05 8.545e-05 7.385e-05 6.075e-05 6.325e-05 7.27e-05 6.065e-05 6.04e-05 7.265e-05 6.075e-05 7.425e-05 6.32e-05 6.3e-05 6.105e-05 6.41e-05 6.3e-05 7.37e-05 7.38e-05 6.225e-05 6.24e-05 7.445e-05 6.28e-05 6.125e-05 6.465e-05 6.29e-05 6.14e-05
38 6.01e-05 7.515e-05 7.53e-05 5.915e-05 4.19e-05 7.71e-05 7.745e-05 5.995e-05 6.065e-05 7.34e-05 7.75e-05 7.545e-05 7.095e-05 7.705e-05 7.515e-05 7.745e-05 7.555e-05 6.85e-05 6.035e-05 6.015e-05 6.265e-05 7.55e-05 4.195e-05 7.345e-05 7.08e-05 7.215e-05 7.06e-05 6.71e-05 7.03e-05 6.415e-05 6.76e-05 7.235e-05 6.055e-05 7.885e-05 6.955e-05 7.315e-05 6.945e-05 6.47e-05 7.94e-05 6.98e-05 7.52e-05 7.75e-05 7.755e-05 6.02e-05 7.09e-05 5.2e-05 7.725e-05 5.665e-05 7.14e-05 5.86e-05 5.865e-05 5.945e-05 6.025e-05 6.43e-05 7.89e-05 7.745e-05 7.73e-05 6.785e-05 7.51e-05 5.475e-05 6.95e-05 7.295e-05 5.61e-05 7.505e-05 7.68e-05 6.425e-05 6.045e-05 7.685e-05 4.02e-05 7.675e-05 6.94e-05 7.49e-05 5.895e-05 6.995e-05 6.105e-05 6.925e-05 6.215e-05 7.7e-05 7.14e-05 8.095e-05 6.18e-05 5.495e-05 6.12e-05 6.975e-05 7.55e-05 6.755e-05 4.365e-05 7.515e-05 7.525e-05 7.2e-05 6.8e-05 7.695e-05 7.715e-05 7.04e-05 5.86e-05 6.055e-05 5.66e-05 5.845e-05 6.065e-05
39 7.09e-05 7.325e-05 0.00010235 3.765e-05 7.095e-05 9.77e-05 3.72e-05 7.025e-05 3.87e-05 7.54e-05 7.09e-05 7.665e-05 6.92e-05 9.755e-05 6.935e-05 7.015e-05 6.975e-05 7.075e-05 7.175e-05 9.18e-05 3.855e-05 3.65e-05 7.1e-05 4.08e-05 3.85e-05 6.49e-05 6.575e-05 4.335e-05 6.42e-05 6.515e-05 3.665e-05 3.84e-05 3.815e-05 9.84e-05 6.955e-05 7.515e-05 6.94e-05 7.43e-05 6.98e-05 7.15e-05 6.955e-05 0.00010385 3.7e-05 7.08e-05 3.685e-05 0.00010265 6.505e-05 7.585e-05 3.66e-05 3.73e-05 0.0001031 6.51e-05 3.79e-05 7.415e-05 0.0001053 9.21e-05 6.465e-05 7.06e-05 6.93e-05 3.815e-05 6.95e-05 3.815e-05 3.925e-05 0.0001022 4.465e-05 6.525e-05 3.805e-05 9.715e-05 0.00010305 3.755e-05 4.16e-05 7.57e-05 6.99e-05 3.675e-05 4.285e-05 6.86e-05 3.975e-05 0.00010295 3.725e-05 7.315e-05 7.16e-05 3.835e-05 3.9e-05 3.59e-05 3.65e-05 3.805e-05 3.885e-05 3.69e-05 6.94e-05 7.085e-05 9.735e-05 6.995e-05 7.015e-05 7.12e-05 7.035e-05 3.815e-05 0.00010225 7.025e-05 3.825e-05
40 5.93e-05 7.45e-05 3.79e-05 5.93e-05 7.69e-05 3.89e-05 4.27e-05 5.855e-05 6.105e-05 7.415e-05 3.905e-05 7.515e-05 6.96e-05 3.82e-05 3.775e-05 4.27e-05 7.47e-05 6.87e-05 5.7e-05 5.59e-05 9.74e-05 3.76e-05 7.695e-05 7.315e-05 7.37e-05 7.07e-05 7.08e-05 0.00010135 7.025e-05 9.74e-05 6.445e-05 4.775e-05 6.015e-05 4.04e-05 7.005e-05 7.39e-05 6.96e-05 6.425e-05 7.52e-05 6.955e-05 7.32e-05 3.905e-05 4.665e-05 5.985e-05 6.99e-05 8.285e-05 3.96e-05 9.155e-05 7.04e-05 6.325e-05 5.545e-05 5.97e-05 5.99e-05 6.395e-05 4.14e-05 3.91e-05 3.88e-05 5.33e-05 7.425e-05 9.225e-05 7e-05 7.19e-05 9.355e-05 3.765e-05 7.625e-05 9.75e-05 6.02e-05 3.84e-05 7.23e-05 3.815e-05 0.000106 7.445e-05 5.875e-05 6.98e-05 9.6e-05 6.945e-05 6.165e-05 3.84e-05 7.07e-05 4.225e-05 6.145e-05 9.245e-05 6.15e-05 6.94e-05 3.76e-05 5.29e-05 8.15e-05 3.725e-05 3.77e-05 7.135e-05 6.455e-05 3.835e-05 3.855e-05 7.045e-05 5.94e-05 6.015e-05 5.46e-05 5.93e-05 6.025e-05
