 slim_337592243 slim_337592386 slim_337592363 slim_337592448 slim_337592346 slim_337592286 slim_337592468 slim_337592371 slim_337592456 slim_337592438 slim_337592260 slim_337592419 slim_337592461 slim_337592467 slim_337592379 slim_337592396 slim_337592444 slim_337592259 slim_337592323 slim_337592179 slim_337592388 slim_337592378 slim_337592408 slim_337592432 slim_337592269 slim_337592321 slim_337592403 slim_337592167 slim_337592127 slim_337592459 slim_337592450 slim_337592391 slim_337592447 slim_337592434 slim_337592181 slim_337592457 slim_337592423 slim_337592401 slim_337592436 slim_337592295 slim_337592294 slim_337592454 slim_337592333 slim_337592342 slim_337592398 slim_337592178 slim_337592349 slim_337592299 slim_337592246 slim_337592416 slim_337592092 slim_337592442 slim_337592465 slim_337592417 slim_337592441 slim_337592462 slim_337591912 slim_337592413 slim_337592332 slim_337592382 slim_337592362 slim_337592420 slim_337592392 slim_337592125 slim_337592411 slim_337592328 slim_337592302 slim_337592221 slim_337592404 slim_337592345 slim_337592452 slim_337592407 slim_337592446 slim_337592370 slim_337592365 slim_337592415 slim_337592443 slim_337592463 slim_337592439 slim_337592437 slim_337592393 slim_337592073 slim_337592426 slim_337592460 slim_337592389 slim_337592381 slim_337592464 slim_337592359 slim_337592247 slim_337592422 slim_337592322 slim_337592262 slim_337592142 slim_337592395 slim_337592418 slim_337592367 slim_337592265 slim_337592236 slim_337592303
0 9.5e-06 1.145e-05 6.1e-06 9.15e-06 6.45e-06 7.2e-06 1.06e-05 8e-06 9.55e-06 1.06e-05 8.85e-06 6.8e-06 5.65e-06 6.8e-06 1.345e-05 5.35e-06 5.25e-06 7.2e-06 6.7e-06 1.11e-05 9.35e-06 1.045e-05 6.9e-06 1.17e-05 6.55e-06 7e-06 6.5e-06 6.85e-06 1.095e-05 5.55e-06 8.9e-06 7.7e-06 1.015e-05 1.195e-05 4.75e-06 1e-05 5.5e-06 9.05e-06 5.25e-06 7.8e-06 6.05e-06 1.175e-05 6.2e-06 7.65e-06 8.7e-06 7.15e-06 7e-06 6.5e-06 7.3e-06 9.4e-06 7.45e-06 7.7e-06 6.6e-06 5.7e-06 5.85e-06 5.4e-06 1.05e-05 7.25e-06 5.65e-06 1.405e-05 1.055e-05 6.3e-06 6.2e-06 6.35e-06 5.6e-06 5.75e-06 6.6e-06 6.6e-06 6.55e-06 5.65e-06 5.35e-06 7.7e-06 1.03e-05 6.5e-06 6.2e-06 9.15e-06 7.2e-06 6.4e-06 7.75e-06 6.35e-06 9.75e-06 7.5e-06 7.5e-06 6.95e-06 7.35e-06 6.55e-06 7.25e-06 7.05e-06 6.85e-06 7.75e-06 8.85e-06 5.85e-06 1e-05 1.065e-05 9.55e-06 1.05e-05 1.49e-05 6.6e-06 7.6e-06
1 1.145e-05 1.94e-05 1.18e-05 1.19e-05 1.105e-05 1.135e-05 1.065e-05 1.125e-05 1.245e-05 1.14e-05 1.33e-05 1.15e-05 1.15e-05 1.1e-05 1.16e-05 1.145e-05 1.18e-05 1.14e-05 1.065e-05 1.07e-05 1.365e-05 1.205e-05 1.11e-05 1.125e-05 1.185e-05 1.185e-05 1.18e-05 1.085e-05 1.36e-05 1.19e-05 1.235e-05 1.235e-05 1.14e-05 1.175e-05 1.15e-05 1.16e-05 1.185e-05 1.18e-05 1.145e-05 1.2e-05 1.05e-05 1.12e-05 1.16e-05 1.195e-05 1.21e-05 1.07e-05 1.25e-05 1.17e-05 1.12e-05 1.37e-05 1.16e-05 1.235e-05 1.155e-05 1.2e-05 1.16e-05 1.145e-05 1.205e-05 1.15e-05 1.15e-05 1.1e-05 1.155e-05 1.17e-05 1.065e-05 1.165e-05 1.145e-05 1.16e-05 1.195e-05 1.205e-05 1.155e-05 1.2e-05 1.145e-05 1.135e-05 1.345e-05 1.155e-05 1.16e-05 1.18e-05 1.21e-05 1.18e-05 1e-05 1.08e-05 1.125e-05 1.055e-05 1.135e-05 1.155e-05 1.26e-05 1.145e-05 1.1e-05 1.19e-05 1.245e-05 1.25e-05 1.25e-05 1.16e-05 1.315e-05 1.145e-05 1.18e-05 1.055e-05 1.035e-05 1.08e-05 1.115e-05
2 6.1e-06 1.18e-05 4.2e-06 9.3e-06 7.85e-06 5.35e-06 1.015e-05 8.8e-06 9.85e-06 1.185e-05 1.02e-05 8.2e-06 8.1e-06 1.005e-05 1.15e-05 9.05e-06 5.15e-06 5.5e-06 1e-05 1.155e-05 1.1e-05 1.135e-05 7e-06 8.15e-06 5.75e-06 5.6e-06 5.7e-06 4.8e-06 9.8e-06 8.5e-06 1.225e-05 7.1e-06 1.05e-05 1e-05 2.45e-06 9.1e-06 8.45e-06 9.2e-06 5.3e-06 3.8e-06 1.055e-05 9.6e-06 9.55e-06 8e-06 1.21e-05 7.5e-06 5.6e-06 8e-06 9.6e-06 1.085e-05 5.6e-06 5.95e-06 7.25e-06 5.05e-06 8.3e-06 5.55e-06 8.4e-06 5.45e-06 8.1e-06 1.13e-05 1.065e-05 9.65e-06 1.07e-05 5.55e-06 8.05e-06 8.2e-06 5.95e-06 7.35e-06 5.1e-06 8.6e-06 9.05e-06 6.9e-06 1.09e-05 9.85e-06 9.55e-06 9.3e-06 3.3e-06 9.75e-06 1.175e-05 1.085e-05 1.135e-05 9.7e-06 5e-06 1.12e-05 4.6e-06 9.95e-06 1.14e-05 7.15e-06 5.45e-06 4e-06 1.15e-05 6.8e-06 1.06e-05 1.19e-05 1.19e-05 1.005e-05 1.235e-05 9.85e-06 7.65e-06
3 9.15e-06 1.19e-05 9.3e-06 1.28e-05 9.65e-06 1.085e-05 9.4e-06 1.145e-05 1.1e-05 1.17e-05 9.05e-06 1e-05 6.6e-06 9.4e-06 9.75e-06 8.1e-06 7.65e-06 1.09e-05 9.25e-06 1.12e-05 9.65e-06 1.28e-05 1.235e-05 1.1e-05 7.95e-06 1.075e-05 7.9e-06 1.025e-05 1.25e-05 8.8e-06 1.195e-05 1.025e-05 9.95e-06 1.285e-05 8.7e-06 9.7e-06 8.75e-06 6.5e-06 7.6e-06 9.85e-06 1.045e-05 1.29e-05 8.45e-06 1.06e-05 9.7e-06 1.26e-05 8.85e-06 9.35e-06 1.205e-05 1.19e-05 1.11e-05 1.1e-05 1.03e-05 8.45e-06 6.8e-06 1.005e-05 1.14e-05 1.105e-05 6.6e-06 9.35e-06 8.3e-06 8.55e-06 1.06e-05 7.75e-06 6.45e-06 6.6e-06 8.05e-06 9.95e-06 8.2e-06 8.9e-06 8.1e-06 1.24e-05 1.285e-05 9e-06 8.45e-06 6.6e-06 9.2e-06 8.65e-06 1.185e-05 1.075e-05 1.135e-05 1.235e-05 1.14e-05 1.07e-05 9.9e-06 9e-06 1.115e-05 9.75e-06 8.8e-06 9.6e-06 1.035e-05 9.5e-06 1.255e-05 1.175e-05 1.28e-05 9.3e-06 1.255e-05 9.2e-06 1.055e-05
4 6.45e-06 1.105e-05 7.85e-06 9.65e-06 1.02e-05 7e-06 1.055e-05 7.5e-06 9.8e-06 9.75e-06 9.45e-06 5.85e-06 5.3e-06 6.1e-06 1.385e-05 5.6e-06 6.3e-06 7.05e-06 6.05e-06 1.08e-05 9.7e-06 9.85e-06 6.35e-06 1.26e-05 7.1e-06 7.65e-06 7.05e-06 8e-06 1.165e-05 6.65e-06 8.3e-06 8.2e-06 9.55e-06 1.135e-05 7e-06 9.8e-06 6.6e-06 9.55e-06 6.1e-06 9.05e-06 5.95e-06 1.125e-05 5.6e-06 7.9e-06 8e-06 5.6e-06 8.45e-06 5.7e-06 6e-06 1.01e-05 7.35e-06 7.8e-06 6.5e-06 7.4e-06 5.3e-06 6.35e-06 1.07e-05 7.2e-06 5.3e-06 1.485e-05 1.09e-05 5.7e-06 6.1e-06 6.9e-06 5.25e-06 5.4e-06 7.2e-06 6.65e-06 6.9e-06 6.75e-06 5.6e-06 7.5e-06 1e-05 5.8e-06 5.6e-06 9.45e-06 8.7e-06 5.8e-06 6.7e-06 6.25e-06 9.75e-06 6.15e-06 7.2e-06 5.95e-06 8.5e-06 5.9e-06 6.3e-06 7.35e-06 8.3e-06 9.3e-06 9e-06 6.45e-06 9.65e-06 9.8e-06 8.2e-06 1.045e-05 1.46e-05 5.9e-06 7.8e-06
5 7.2e-06 1.135e-05 5.35e-06 1.085e-05 7e-06 8.5e-06 1.15e-05 8.45e-06 9.65e-06 1.02e-05 1.18e-05 7.5e-06 9.45e-06 9.6e-06 1.165e-05 9.4e-06 7.55e-06 4.95e-06 9.35e-06 1.145e-05 1.22e-05 9.75e-06 5.1e-06 9.8e-06 7e-06 5.5e-06 6.9e-06 6.75e-06 1.03e-05 9.35e-06 1.05e-05 7.65e-06 1.03e-05 8.5e-06 5.05e-06 8.5e-06 9.3e-06 1.075e-05 7.2e-06 5.25e-06 9.1e-06 8.3e-06 9.45e-06 7.85e-06 1.16e-05 4.75e-06 7.75e-06 7.35e-06 7.35e-06 1.105e-05 4.75e-06 5.15e-06 7.05e-06 7.25e-06 9.65e-06 6.05e-06 8.4e-06 4.65e-06 9.45e-06 1.285e-05 1.215e-05 9.55e-06 9.25e-06 6.8e-06 9.4e-06 9.55e-06 7.6e-06 7.2e-06 7.3e-06 9.45e-06 9.4e-06 5.4e-06 1e-05 9.65e-06 9.45e-06 1.08e-05 4.95e-06 9.65e-06 9.45e-06 9.4e-06 1.015e-05 7.15e-06 5.1e-06 9.55e-06 5.65e-06 9.55e-06 9.5e-06 6.95e-06 7.6e-06 5.95e-06 1.15e-05 7.25e-06 9.65e-06 1.025e-05 9.3e-06 1.14e-05 1.215e-05 9.4e-06 7.35e-06
6 1.06e-05 1.065e-05 1.015e-05 9.4e-06 1.055e-05 1.15e-05 1.64e-05 1.085e-05 1.235e-05 1.25e-05 1.08e-05 1.1e-05 8.3e-06 1.1e-05 1.145e-05 9.85e-06 9.2e-06 1.155e-05 1.08e-05 1.025e-05 1.135e-05 1.37e-05 1.255e-05 9.6e-06 9.3e-06 1.155e-05 9.3e-06 9.3e-06 1.355e-05 1.075e-05 1.315e-05 1.165e-05 1.06e-05 1.3e-05 9.8e-06 1.17e-05 1.07e-05 9.3e-06 9e-06 1.065e-05 1.205e-05 1.285e-05 1.035e-05 1.19e-05 1.13e-05 1.28e-05 1.045e-05 1.07e-05 1.29e-05 1.305e-05 1.175e-05 1.205e-05 1.145e-05 1.005e-05 8.45e-06 1.085e-05 1.2e-05 1.17e-05 8.3e-06 9.3e-06 9.45e-06 1.04e-05 1.22e-05 9.15e-06 8.3e-06 8.5e-06 9.45e-06 1.15e-05 9.35e-06 1.085e-05 9.75e-06 1.28e-05 1.38e-05 1.06e-05 1.03e-05 9.15e-06 1.03e-05 1.055e-05 1.325e-05 1.235e-05 1.205e-05 1.315e-05 1.18e-05 1.245e-05 1.105e-05 1.06e-05 1.285e-05 1.13e-05 1.04e-05 1.07e-05 1.215e-05 1.105e-05 1.35e-05 1.255e-05 1.365e-05 8.25e-06 1.04e-05 1.075e-05 1.19e-05
7 8e-06 1.125e-05 8.8e-06 1.145e-05 7.5e-06 8.45e-06 1.085e-05 1.33e-05 1.145e-05 1.14e-05 1.12e-05 7.9e-06 7.75e-06 8.45e-06 1.49e-05 7.95e-06 7.95e-06 8.5e-06 8.35e-06 1.1e-05 1.155e-05 1.165e-05 7.5e-06 1.21e-05 8.75e-06 8.9e-06 8.7e-06 7.45e-06 1.275e-05 8.2e-06 1.035e-05 9.1e-06 1.13e-05 1.235e-05 7.85e-06 1.135e-05 8.15e-06 1.135e-05 7.75e-06 1.01e-05 8.2e-06 1.235e-05 7.95e-06 9.35e-06 1.045e-05 7.25e-06 9.3e-06 7.3e-06 7.85e-06 1.15e-05 8.45e-06 8.6e-06 7.75e-06 8.25e-06 7.85e-06 7.65e-06 1.145e-05 8.45e-06 7.75e-06 1.45e-05 1.135e-05 8.05e-06 8.35e-06 8.55e-06 7.7e-06 7.85e-06 8.85e-06 7.45e-06 8.65e-06 8.3e-06 7.95e-06 8.9e-06 1.13e-05 8.05e-06 7.95e-06 1.145e-05 9.55e-06 8.15e-06 8.95e-06 8.5e-06 1.14e-05 7.95e-06 8.4e-06 8.35e-06 9.55e-06 8.1e-06 8.55e-06 8.9e-06 9.15e-06 1.015e-05 1.065e-05 8e-06 1.125e-05 1.145e-05 1.01e-05 1.075e-05 1.42e-05 8.25e-06 9.35e-06
8 9.55e-06 1.245e-05 9.85e-06 1.1e-05 9.8e-06 9.65e-06 1.235e-05 1.145e-05 1.69e-05 1.12e-05 1.075e-05 1.015e-05 9.75e-06 1.015e-05 1.21e-05 9.7e-06 9.85e-06 9.25e-06 9.8e-06 1.225e-05 1.105e-05 9.2e-06 1.01e-05 1.215e-05 9.75e-06 9.45e-06 9.7e-06 1.095e-05 1.105e-05 9.65e-06 9.35e-06 9.65e-06 1.135e-05 1.11e-05 9.45e-06 1.11e-05 9.75e-06 1.09e-05 9.55e-06 9.3e-06 9.65e-06 1.12e-05 9.7e-06 9.4e-06 9.2e-06 9.75e-06 9.5e-06 1.005e-05 9.9e-06 1.12e-05 9.9e-06 1.035e-05 9.85e-06 9.5e-06 9.95e-06 9.65e-06 1.15e-05 9.95e-06 9.75e-06 1.355e-05 1.23e-05 9.8e-06 9.8e-06 9.55e-06 9.7e-06 9.85e-06 9.4e-06 1.005e-05 9.8e-06 9.85e-06 9.7e-06 9.9e-06 1.125e-05 9.85e-06 9.7e-06 1.1e-05 9.4e-06 9.9e-06 1.01e-05 9.95e-06 1.105e-05 1.01e-05 1e-05 9.45e-06 1.05e-05 9.65e-06 1e-05 9.65e-06 9.5e-06 9.05e-06 9.2e-06 9.55e-06 1.095e-05 1.125e-05 9.3e-06 1.225e-05 1.375e-05 9.95e-06 9.9e-06
9 1.06e-05 1.14e-05 1.185e-05 1.17e-05 9.75e-06 1.02e-05 1.25e-05 1.14e-05 1.12e-05 1.52e-05 1.315e-05 1.015e-05 1.11e-05 1.03e-05 1.015e-05 1.03e-05 1.15e-05 1.025e-05 1.01e-05 1.09e-05 1.335e-05 1e-05 8.75e-06 1.335e-05 1.17e-05 1.095e-05 1.165e-05 1.275e-05 1.29e-05 1.07e-05 9.6e-06 1.07e-05 9.5e-06 8.65e-06 1.17e-05 1.03e-05 1.065e-05 1.16e-05 1.135e-05 1.225e-05 9.05e-06 8.75e-06 9.3e-06 1.075e-05 1.06e-05 8.4e-06 1.23e-05 1.015e-05 8.6e-06 1.25e-05 1.05e-05 1.105e-05 1.015e-05 1.195e-05 1.13e-05 1.03e-05 1.07e-05 1.045e-05 1.11e-05 1.305e-05 1.295e-05 9.4e-06 9.2e-06 1.15e-05 1.105e-05 1.12e-05 1.18e-05 1.045e-05 1.15e-05 1.08e-05 1.03e-05 9.65e-06 1.22e-05 9.9e-06 9.55e-06 1.16e-05 1.22e-05 9.75e-06 9.15e-06 9.35e-06 8.6e-06 8.9e-06 1.035e-05 8.05e-06 1.26e-05 9.85e-06 8.4e-06 1.01e-05 1.225e-05 1.26e-05 1.095e-05 9.65e-06 1.175e-05 7.7e-06 9.35e-06 1.24e-05 1.07e-05 1.01e-05 1.08e-05
10 8.85e-06 1.33e-05 1.02e-05 9.05e-06 9.45e-06 1.18e-05 1.08e-05 1.12e-05 1.075e-05 1.315e-05 1.11e-05 9.8e-06 5.65e-06 8.5e-06 1.45e-05 7.15e-06 7.5e-06 1.185e-05 8.3e-06 1.265e-05 6.5e-06 1.25e-05 1.275e-05 1.36e-05 8.2e-06 1.135e-05 8.15e-06 1.025e-05 1.04e-05 7.85e-06 1.045e-05 1.02e-05 1.135e-05 1.515e-05 9.05e-06 1.28e-05 7.8e-06 8.95e-06 7.3e-06 1.1e-05 9.5e-06 1.55e-05 7.6e-06 1.06e-05 8.2e-06 1.305e-05 8.8e-06 9.2e-06 1.185e-05 8.65e-06 1.205e-05 1.205e-05 1.005e-05 8.15e-06 5.9e-06 9.8e-06 1.35e-05 1.2e-05 5.65e-06 1.41e-05 1.075e-05 7.65e-06 9.65e-06 8e-06 5.65e-06 5.85e-06 8.25e-06 9.8e-06 8.45e-06 7.95e-06 7.15e-06 1.33e-05 1.04e-05 8.1e-06 7.55e-06 8.85e-06 1.065e-05 7.8e-06 1.09e-05 9.8e-06 1.275e-05 1.21e-05 1.235e-05 9.85e-06 1.03e-05 8.1e-06 1.025e-05 1.005e-05 9.05e-06 1.075e-05 8.85e-06 9.25e-06 1.01e-05 1.32e-05 1.2e-05 1.075e-05 1.63e-05 8.25e-06 1.09e-05
11 6.8e-06 1.15e-05 8.2e-06 1e-05 5.85e-06 7.5e-06 1.1e-05 7.9e-06 1.015e-05 1.015e-05 9.8e-06 1.09e-05 5.65e-06 6.2e-06 1.42e-05 5.95e-06 6.65e-06 7.55e-06 6.4e-06 1.125e-05 1.005e-05 1.02e-05 6.8e-06 1.305e-05 7.45e-06 8.05e-06 7.4e-06 8.45e-06 1.2e-05 7e-06 8.6e-06 8.55e-06 9.95e-06 1.175e-05 7.35e-06 1.025e-05 6.95e-06 9.9e-06 6.45e-06 9.45e-06 6.3e-06 1.165e-05 5.95e-06 8.1e-06 8.35e-06 5.45e-06 8.8e-06 6e-06 6e-06 1.04e-05 7.6e-06 8.1e-06 6.6e-06 7.75e-06 5.85e-06 6.65e-06 1.11e-05 7.3e-06 5.65e-06 1.53e-05 1.14e-05 6.05e-06 6.45e-06 7.25e-06 5.6e-06 5.55e-06 7.55e-06 6.95e-06 7.25e-06 7.1e-06 5.95e-06 7.9e-06 1.025e-05 6.15e-06 5.95e-06 9.8e-06 9.05e-06 5.9e-06 7.05e-06 6.6e-06 1.015e-05 6.4e-06 7.45e-06 6.3e-06 8.9e-06 6.25e-06 6.65e-06 7.7e-06 8.65e-06 9.65e-06 9.35e-06 6.8e-06 1.01e-05 1.02e-05 8.45e-06 1.09e-05 1.51e-05 6.25e-06 8.15e-06
12 5.65e-06 1.15e-05 8.1e-06 6.6e-06 5.3e-06 9.45e-06 8.3e-06 7.75e-06 9.75e-06 1.11e-05 5.65e-06 5.65e-06 2e-07 3.8e-06 1.505e-05 2.15e-06 3.75e-06 9.5e-06 3.75e-06 1.05e-05 6.05e-06 1.14e-05 1.02e-05 1.295e-05 4.6e-06 9.5e-06 4.55e-06 8.2e-06 1.205e-05 3.9e-06 8.45e-06 7.9e-06 8.95e-06 1.485e-05 7.2e-06 1.155e-05 3.85e-06 6.5e-06 3.6e-06 9.65e-06 5.2e-06 1.485e-05 2.55e-06 7.9e-06 5.35e-06 1.01e-05 6.65e-06 5e-06 8e-06 9.35e-06 9.7e-06 9.7e-06 6.9e-06 5.7e-06 5e-07 6.95e-06 1.285e-05 9.55e-06 1e-07 1.455e-05 8.4e-06 2.55e-06 5.35e-06 4.4e-06 2.5e-07 5e-07 4.7e-06 6.65e-06 4.65e-06 4e-06 2.15e-06 1.095e-05 1.125e-05 2.95e-06 2.45e-06 6.2e-06 8.8e-06 2.75e-06 6.95e-06 5.5e-06 1.08e-05 8.6e-06 9.85e-06 5.05e-06 8.85e-06 3.2e-06 5.85e-06 6.8e-06 6.5e-06 9.4e-06 7.05e-06 5.95e-06 1.095e-05 1.115e-05 1.04e-05 8.3e-06 1.685e-05 3.5e-06 8e-06
13 6.8e-06 1.1e-05 1.005e-05 9.4e-06 6.1e-06 9.6e-06 1.1e-05 8.45e-06 1.015e-05 1.03e-05 8.5e-06 6.2e-06 3.8e-06 7.2e-06 1.55e-05 4.1e-06 6.65e-06 9.65e-06 4.05e-06 1.125e-05 8.75e-06 1.005e-05 9.05e-06 1.49e-05 7.45e-06 1.01e-05 7.4e-06 1.005e-05 1.24e-05 5.35e-06 7.9e-06 8.9e-06 1.01e-05 1.39e-05 9.2e-06 1.175e-05 5.3e-06 9.3e-06 6.45e-06 1.13e-05 3.95e-06 1.35e-05 4.1e-06 8.25e-06 6.5e-06 8.3e-06 9e-06 6.35e-06 6.6e-06 1.025e-05 9.85e-06 1.03e-05 7.3e-06 7.95e-06 4e-06 7.8e-06 1.32e-05 9.65e-06 3.8e-06 1.655e-05 1.08e-05 4.2e-06 3.9e-06 7.25e-06 3.75e-06 3.7e-06 7.55e-06 7.5e-06 7.25e-06 5.45e-06 4.1e-06 9.8e-06 1.12e-05 4.3e-06 4.1e-06 9.2e-06 1.09e-05 4.05e-06 4.2e-06 4e-06 1.03e-05 6.3e-06 9.7e-06 4.45e-06 1.07e-05 4.4e-06 4.1e-06 7.7e-06 8.85e-06 1.15e-05 7.7e-06 6.8e-06 1.09e-05 1.035e-05 8.85e-06 1.09e-05 1.71e-05 3.7e-06 7.65e-06
14 1.345e-05 1.16e-05 1.15e-05 9.75e-06 1.385e-05 1.165e-05 1.145e-05 1.49e-05 1.21e-05 1.015e-05 1.45e-05 1.42e-05 1.505e-05 1.55e-05 8.5e-06 1.52e-05 1.355e-05 1.17e-05 1.515e-05 1.155e-05 1.505e-05 1.215e-05 1.215e-05 9.65e-06 1.3e-05 1.185e-05 1.295e-05 1.305e-05 1.28e-05 1.485e-05 1.4e-05 1.29e-05 1.01e-05 8.1e-06 1.155e-05 8.5e-06 1.495e-05 9.65e-06 1.325e-05 1.095e-05 1.52e-05 7.9e-06 1.52e-05 1.33e-05 1.42e-05 1.255e-05 1.29e-05 1.4e-05 1.415e-05 1.465e-05 1.19e-05 1.225e-05 1.36e-05 1.305e-05 1.525e-05 1.3e-05 9.2e-06 1.195e-05 1.505e-05 6.1e-06 1.105e-05 1.53e-05 1.535e-05 1.28e-05 1.5e-05 1.515e-05 1.31e-05 1.37e-05 1.305e-05 1.51e-05 1.52e-05 1.185e-05 1.4e-05 1.535e-05 1.52e-05 9.85e-06 1.095e-05 1.54e-05 1.55e-05 1.55e-05 1e-05 1.42e-05 1.2e-05 1.52e-05 1.22e-05 1.515e-05 1.555e-05 1.31e-05 1.295e-05 1.115e-05 1.395e-05 1.345e-05 1.365e-05 1.02e-05 1.305e-05 1.135e-05 6.3e-06 1.53e-05 1.325e-05
15 5.35e-06 1.145e-05 9.05e-06 8.1e-06 5.6e-06 9.4e-06 9.85e-06 7.95e-06 9.7e-06 1.03e-05 7.15e-06 5.95e-06 2.15e-06 4.1e-06 1.52e-05 4.1e-06 5.2e-06 9.45e-06 4.05e-06 1.07e-05 7.45e-06 1.045e-05 9e-06 1.41e-05 6.15e-06 9.3e-06 6.05e-06 9.35e-06 1.225e-05 3.6e-06 7.4e-06 8.3e-06 9.5e-06 1.425e-05 8.35e-06 1.15e-05 3.55e-06 8e-06 5.2e-06 1.055e-05 3.7e-06 1.41e-05 3.1e-06 7.85e-06 5.7e-06 8.85e-06 7.8e-06 5.6e-06 6.75e-06 9.15e-06 9.65e-06 9.9e-06 6.85e-06 6.85e-06 2.4e-06 6.8e-06 1.3e-05 9.5e-06 2.15e-06 1.57e-05 9.6e-06 3.15e-06 3.85e-06 5.95e-06 2.15e-06 2.35e-06 6.25e-06 6.85e-06 6.1e-06 3.7e-06 2.2e-06 9.85e-06 1.1e-05 3.35e-06 3.05e-06 7.8e-06 9.95e-06 3.3e-06 5.7e-06 4e-06 9.5e-06 7.35e-06 9.65e-06 4.1e-06 9.8e-06 3.5e-06 4.85e-06 7e-06 7.65e-06 1.055e-05 7e-06 6.15e-06 1.07e-05 1.035e-05 9.15e-06 9.8e-06 1.7e-05 3.85e-06 7.95e-06
16 5.25e-06 1.18e-05 5.15e-06 7.65e-06 6.3e-06 7.55e-06 9.2e-06 7.95e-06 9.85e-06 1.15e-05 7.5e-06 6.65e-06 3.75e-06 6.65e-06 1.355e-05 5.2e-06 7.1e-06 7.55e-06 6.65e-06 1.1e-05 8.15e-06 1.165e-05 8.45e-06 1.08e-05 5.15e-06 7.5e-06 5.1e-06 6.1e-06 1.1e-05 5.75e-06 1.005e-05 7.4e-06 9.75e-06 1.28e-05 4.1e-06 1.035e-05 5.7e-06 7.65e-06 3.95e-06 7.15e-06 7.65e-06 1.275e-05 5.6e-06 8e-06 8.5e-06 8.75e-06 5.95e-06 6.1e-06 8.7e-06 9.7e-06 7.8e-06 7.8e-06 6.8e-06 4.8e-06 3.95e-06 5.75e-06 1.065e-05 7.65e-06 3.75e-06 1.315e-05 9.45e-06 5.7e-06 7.8e-06 4.95e-06 3.6e-06 3.75e-06 5.2e-06 6.55e-06 5.25e-06 5.85e-06 5.2e-06 9.1e-06 1.085e-05 6.15e-06 5.6e-06 7.6e-06 6.3e-06 5.8e-06 9.3e-06 7.95e-06 1.11e-05 9.1e-06 7.95e-06 7.85e-06 6.7e-06 6.3e-06 8.4e-06 6.95e-06 5.8e-06 6.85e-06 9e-06 5.85e-06 1.055e-05 1.155e-05 1.11e-05 9.1e-06 1.5e-05 6.45e-06 7.95e-06
17 7.2e-06 1.14e-05 5.5e-06 1.09e-05 7.05e-06 4.95e-06 1.155e-05 8.5e-06 9.25e-06 1.025e-05 1.185e-05 7.55e-06 9.5e-06 9.65e-06 1.17e-05 9.45e-06 7.55e-06 8.6e-06 9.4e-06 1.15e-05 1.225e-05 9.85e-06 5.15e-06 9.2e-06 7.55e-06 5.2e-06 7.5e-06 6.75e-06 1.04e-05 9.4e-06 1.055e-05 7.45e-06 1.035e-05 8.3e-06 5e-06 8.55e-06 9.35e-06 1.08e-05 7.2e-06 5.4e-06 9.15e-06 8.4e-06 9.5e-06 7.55e-06 1.165e-05 4.8e-06 7.45e-06 7.4e-06 7.4e-06 1.11e-05 5.3e-06 5.75e-06 7.1e-06 7.15e-06 9.7e-06 6.05e-06 8.45e-06 5.25e-06 9.5e-06 1.29e-05 1.22e-05 9.6e-06 9.3e-06 7.35e-06 9.45e-06 9.6e-06 7e-06 7.25e-06 7.5e-06 9.5e-06 9.45e-06 5.5e-06 1.005e-05 9.7e-06 9.5e-06 1.085e-05 4.95e-06 9.7e-06 9.5e-06 9.45e-06 1.02e-05 7.2e-06 5.3e-06 9.6e-06 6.2e-06 9.6e-06 9.55e-06 7.5e-06 7e-06 4.95e-06 1.155e-05 7.25e-06 9.7e-06 1.03e-05 9.35e-06 1.145e-05 1.22e-05 9.45e-06 7.6e-06
18 6.7e-06 1.065e-05 1e-05 9.25e-06 6.05e-06 9.35e-06 1.08e-05 8.35e-06 9.8e-06 1.01e-05 8.3e-06 6.4e-06 3.75e-06 4.05e-06 1.515e-05 4.05e-06 6.65e-06 9.4e-06 6.9e-06 1.105e-05 8.55e-06 9.7e-06 8.9e-06 1.455e-05 7.25e-06 9.85e-06 7.2e-06 9.9e-06 1.205e-05 5.3e-06 7.8e-06 8.7e-06 9.9e-06 1.355e-05 9.05e-06 1.15e-05 5.25e-06 9.15e-06 6.35e-06 1.095e-05 3.85e-06 1.315e-05 4.1e-06 8e-06 6.3e-06 8.15e-06 8.8e-06 6.25e-06 6.5e-06 1.015e-05 9.6e-06 1.005e-05 7.2e-06 7.7e-06 4e-06 7.8e-06 1.295e-05 9.5e-06 3.75e-06 1.62e-05 1.065e-05 4.15e-06 4e-06 7.05e-06 3.75e-06 3.95e-06 7.35e-06 7.4e-06 7.2e-06 5.4e-06 4.05e-06 9.55e-06 1.095e-05 4.25e-06 4.05e-06 9e-06 1.065e-05 4.3e-06 3.5e-06 4.15e-06 1.01e-05 6.15e-06 9.6e-06 4.45e-06 1.045e-05 4.1e-06 4.2e-06 7.5e-06 8.65e-06 1.115e-05 7.5e-06 6.7e-06 1.065e-05 1.015e-05 8.6e-06 1.075e-05 1.675e-05 3.8e-06 7.15e-06
19 1.11e-05 1.07e-05 1.155e-05 1.12e-05 1.08e-05 1.145e-05 1.025e-05 1.1e-05 1.225e-05 1.09e-05 1.265e-05 1.125e-05 1.05e-05 1.125e-05 1.155e-05 1.07e-05 1.1e-05 1.15e-05 1.105e-05 1.98e-05 1.3e-05 1.235e-05 1.15e-05 1.12e-05 1.12e-05 1.185e-05 1.115e-05 1.09e-05 1.38e-05 1.12e-05 1.19e-05 1.175e-05 1.11e-05 1.18e-05 1.13e-05 1.165e-05 1.115e-05 1.11e-05 1.085e-05 1.205e-05 1.1e-05 1.175e-05 1.04e-05 1.18e-05 1.155e-05 1.12e-05 1.19e-05 1.11e-05 1.125e-05 1.34e-05 1.17e-05 1.21e-05 1.135e-05 1.155e-05 1.06e-05 1.12e-05 1.215e-05 1.165e-05 1.05e-05 1.09e-05 1.11e-05 1.05e-05 1.115e-05 1.1e-05 1.045e-05 1.06e-05 1.13e-05 1.15e-05 1.11e-05 1.13e-05 1.07e-05 1.185e-05 1.355e-05 1.085e-05 1.02e-05 1.11e-05 1.18e-05 1.06e-05 1.165e-05 1.13e-05 1.12e-05 1.155e-05 1.165e-05 1.065e-05 1.235e-05 1.08e-05 1.105e-05 1.105e-05 1.185e-05 1.22e-05 1.2e-05 1.08e-05 1.325e-05 1.095e-05 1.2e-05 1.015e-05 1.065e-05 1.105e-05 1.185e-05
20 9.35e-06 1.365e-05 1.1e-05 9.65e-06 9.7e-06 1.22e-05 1.135e-05 1.155e-05 1.105e-05 1.335e-05 6.5e-06 1.005e-05 6.05e-06 8.75e-06 1.505e-05 7.45e-06 8.15e-06 1.225e-05 8.55e-06 1.3e-05 1.2e-05 1.28e-05 1.3e-05 1.43e-05 8.8e-06 1.18e-05 8.75e-06 1.1e-05 1.12e-05 8.3e-06 1.05e-05 1.08e-05 1.175e-05 1.555e-05 9.9e-06 1.32e-05 8.25e-06 9.55e-06 7.9e-06 1.175e-05 9.6e-06 1.605e-05 7.85e-06 1.1e-05 8.35e-06 1.31e-05 9.55e-06 9.45e-06 1.19e-05 9.15e-06 1.245e-05 1.245e-05 1.045e-05 8.95e-06 6.35e-06 1.03e-05 1.405e-05 1.24e-05 6.05e-06 1.48e-05 1.145e-05 7.9e-06 9.75e-06 8.6e-06 6.1e-06 6.3e-06 8.9e-06 1.02e-05 9.05e-06 8.4e-06 7.45e-06 1.375e-05 9.75e-06 8.3e-06 7.8e-06 9.35e-06 1.14e-05 8.05e-06 1.095e-05 9.9e-06 1.3e-05 1.215e-05 1.275e-05 9.9e-06 1.035e-05 8.35e-06 1.03e-05 1.045e-05 9.8e-06 1.15e-05 9.15e-06 9.7e-06 9.6e-06 1.34e-05 1.195e-05 1.13e-05 1.68e-05 8.5e-06 1.13e-05
21 1.045e-05 1.205e-05 1.135e-05 1.28e-05 9.85e-06 9.75e-06 1.37e-05 1.165e-05 9.2e-06 1e-05 1.25e-05 1.02e-05 1.14e-05 1.005e-05 1.215e-05 1.045e-05 1.165e-05 9.85e-06 9.7e-06 1.235e-05 1.28e-05 1.32e-05 9.05e-06 1.405e-05 1.145e-05 1.035e-05 1.14e-05 1.245e-05 1.045e-05 1.05e-05 8.4e-06 1.045e-05 1.14e-05 1.005e-05 1.14e-05 1.13e-05 1.075e-05 1.27e-05 1.135e-05 1.09e-05 8.65e-06 8.9e-06 1.01e-05 9.75e-06 9.1e-06 8.2e-06 1.175e-05 1.055e-05 8.3e-06 1.185e-05 1e-05 1.09e-05 1.015e-05 1.17e-05 1.16e-05 1.035e-05 1.18e-05 1.005e-05 1.14e-05 1.505e-05 1.38e-05 1.02e-05 8.8e-06 1.125e-05 1.135e-05 1.15e-05 1.16e-05 1.08e-05 1.115e-05 1.09e-05 1.045e-05 7.95e-06 1.14e-05 9.85e-06 1.01e-05 1.27e-05 1.155e-05 1.03e-05 8.25e-06 8.95e-06 1.005e-05 8.4e-06 9.75e-06 8.1e-06 1.23e-05 9.65e-06 8.65e-06 1.01e-05 1.2e-05 1.16e-05 9.4e-06 1.01e-05 1.11e-05 1.005e-05 7.6e-06 1.36e-05 1.35e-05 9.85e-06 1e-05
22 6.9e-06 1.11e-05 7e-06 1.235e-05 6.35e-06 5.1e-06 1.255e-05 7.5e-06 1.01e-05 8.75e-06 1.275e-05 6.8e-06 1.02e-05 9.05e-06 1.215e-05 9e-06 8.45e-06 5.15e-06 8.9e-06 1.15e-05 1.3e-05 9.05e-06 3.8e-06 1.17e-05 9.1e-06 5.3e-06 9.05e-06 7.25e-06 1.095e-05 9.1e-06 8.7e-06 8.2e-06 9.85e-06 7.7e-06 6e-06 8.3e-06 9.05e-06 1.225e-05 8.05e-06 7.9e-06 7.4e-06 7.55e-06 9.2e-06 8.1e-06 1.12e-05 2.6e-06 9.5e-06 6.7e-06 5.4e-06 1.03e-05 5.2e-06 5.9e-06 6.5e-06 8.35e-06 1.04e-05 5.2e-06 7.8e-06 5.2e-06 1.02e-05 1.465e-05 1.345e-05 9.3e-06 7.55e-06 8.9e-06 1.015e-05 1.03e-05 9.2e-06 6.7e-06 8.8e-06 9.2e-06 9e-06 4.05e-06 9.15e-06 9.15e-06 9.2e-06 1.23e-05 7.8e-06 9.4e-06 7.75e-06 7.7e-06 8.55e-06 4.95e-06 4.95e-06 8.05e-06 7.55e-06 9.15e-06 7.95e-06 8.05e-06 9.35e-06 8.4e-06 1.125e-05 7.1e-06 8.75e-06 8.8e-06 7.25e-06 1.245e-05 1.2e-05 8.85e-06 7.85e-06
23 1.17e-05 1.125e-05 8.15e-06 1.1e-05 1.26e-05 9.8e-06 9.6e-06 1.21e-05 1.215e-05 1.335e-05 1.36e-05 1.305e-05 1.295e-05 1.49e-05 9.65e-06 1.41e-05 1.08e-05 9.2e-06 1.455e-05 1.12e-05 1.43e-05 1.405e-05 1.17e-05 1.23e-05 1.02e-05 9.45e-06 1.015e-05 8.3e-06 1.265e-05 1.385e-05 1.575e-05 1.125e-05 1.18e-05 1.03e-05 8.15e-06 1.08e-05 1.38e-05 1.09e-05 1.05e-05 7.35e-06 1.56e-05 1.035e-05 1.46e-05 1.19e-05 1.535e-05 1.235e-05 9.8e-06 1.28e-05 1.465e-05 1.44e-05 1.005e-05 1.035e-05 1.24e-05 1.015e-05 1.305e-05 1.09e-05 1.01e-05 1.01e-05 1.295e-05 7.55e-06 1.095e-05 1.47e-05 1.575e-05 1e-05 1.29e-05 1.305e-05 9.55e-06 1.245e-05 1.035e-05 1.395e-05 1.41e-05 1.115e-05 1.42e-05 1.49e-05 1.46e-05 1.095e-05 6.8e-06 1.48e-05 1.64e-05 1.59e-05 1.285e-05 1.455e-05 1.025e-05 1.645e-05 9.1e-06 1.47e-05 1.645e-05 1.18e-05 9.35e-06 6.75e-06 1.505e-05 1.22e-05 1.39e-05 1.34e-05 1.515e-05 9.5e-06 8.25e-06 1.47e-05 1.205e-05
24 6.55e-06 1.185e-05 5.75e-06 7.95e-06 7.1e-06 7e-06 9.3e-06 8.75e-06 9.75e-06 1.17e-05 8.2e-06 7.45e-06 4.6e-06 7.45e-06 1.3e-05 6.15e-06 5.15e-06 7.55e-06 7.25e-06 1.12e-05 8.8e-06 1.145e-05 9.1e-06 1.02e-05 9e-06 7.5e-06 4.65e-06 7e-06 1.085e-05 6.75e-06 1.08e-05 7.5e-06 9.9e-06 1.215e-05 5.4e-06 1.04e-05 6.7e-06 7.85e-06 4.95e-06 6e-06 8.5e-06 1.205e-05 6.55e-06 8e-06 9.15e-06 9.4e-06 6.1e-06 6.85e-06 9.5e-06 1.045e-05 7.2e-06 7.15e-06 7.6e-06 5.7e-06 4.85e-06 6.8e-06 1.07e-05 7.2e-06 4.6e-06 1.26e-05 9.65e-06 6.6e-06 8.65e-06 4.5e-06 4.6e-06 4.8e-06 5.3e-06 7.35e-06 5.3e-06 6.85e-06 6.1e-06 9e-06 1.14e-05 7.05e-06 6.5e-06 7.75e-06 5.2e-06 6.75e-06 9.85e-06 8.8e-06 1.135e-05 9.75e-06 7.9e-06 8.8e-06 6.1e-06 7.05e-06 9.2e-06 6.55e-06 5.95e-06 6.2e-06 9.7e-06 6.9e-06 1.11e-05 1.175e-05 1.165e-05 9.3e-06 1.445e-05 7.2e-06 7.7e-06
25 7e-06 1.185e-05 5.6e-06 1.075e-05 7.65e-06 5.5e-06 1.155e-05 8.9e-06 9.45e-06 1.095e-05 1.135e-05 8.05e-06 9.5e-06 1.01e-05 1.185e-05 9.3e-06 7.5e-06 5.2e-06 9.85e-06 1.185e-05 1.18e-05 1.035e-05 5.3e-06 9.45e-06 7.5e-06 8.4e-06 7.45e-06 6.8e-06 1.035e-05 9.2e-06 1.035e-05 7.35e-06 1.07e-05 8.6e-06 4.9e-06 8.8e-06 9.15e-06 1.065e-05 7.15e-06 4.95e-06 9.45e-06 9.2e-06 9.85e-06 7.35e-06 1.17e-05 5.8e-06 6.75e-06 7.7e-06 8.35e-06 1.03e-05 5.75e-06 6e-06 7.55e-06 7.1e-06 9.7e-06 5.7e-06 8.75e-06 5.7e-06 9.5e-06 1.275e-05 1.215e-05 9.95e-06 9.6e-06 7.3e-06 9.45e-06 9.6e-06 7.25e-06 7.5e-06 7.65e-06 9.3e-06 9.3e-06 5.65e-06 1.01e-05 1.015e-05 9.85e-06 1.075e-05 5.1e-06 1.005e-05 1.04e-05 9.75e-06 1.04e-05 8.15e-06 5.95e-06 1.04e-05 6.05e-06 1.005e-05 1.035e-05 7.8e-06 7.2e-06 4.6e-06 1.155e-05 7.55e-06 9.65e-06 1.1e-05 9.9e-06 1.145e-05 1.255e-05 9.9e-06 8e-06
26 6.5e-06 1.18e-05 5.7e-06 7.9e-06 7.05e-06 6.9e-06 9.3e-06 8.7e-06 9.7e-06 1.165e-05 8.15e-06 7.4e-06 4.55e-06 7.4e-06 1.295e-05 6.05e-06 5.1e-06 7.5e-06 7.2e-06 1.115e-05 8.75e-06 1.14e-05 9.05e-06 1.015e-05 4.65e-06 7.45e-06 8.9e-06 6.95e-06 1.08e-05 6.7e-06 1.075e-05 7.45e-06 9.85e-06 1.21e-05 5.35e-06 1.035e-05 6.65e-06 7.8e-06 4.9e-06 5.95e-06 8.45e-06 1.2e-05 6.5e-06 7.95e-06 9.1e-06 9.35e-06 6.05e-06 6.8e-06 9.45e-06 1.04e-05 7.2e-06 7.15e-06 7.55e-06 5.65e-06 4.8e-06 6.75e-06 1.065e-05 7.05e-06 4.55e-06 1.255e-05 9.6e-06 6.55e-06 8.6e-06 4.45e-06 4.55e-06 4.75e-06 5.25e-06 7.3e-06 5.25e-06 6.8e-06 6.1e-06 8.95e-06 1.135e-05 7e-06 6.45e-06 7.65e-06 5.15e-06 6.7e-06 9.8e-06 8.75e-06 1.13e-05 9.7e-06 7.85e-06 8.75e-06 6.1e-06 7e-06 9.15e-06 6.5e-06 5.9e-06 6.15e-06 9.65e-06 6.85e-06 1.105e-05 1.17e-05 1.16e-05 9.25e-06 1.44e-05 7.15e-06 7.65e-06
27 6.85e-06 1.085e-05 4.8e-06 1.025e-05 8e-06 6.75e-06 9.3e-06 7.45e-06 1.095e-05 1.275e-05 1.025e-05 8.45e-06 8.2e-06 1.005e-05 1.305e-05 9.35e-06 6.1e-06 6.75e-06 9.9e-06 1.09e-05 1.1e-05 1.245e-05 7.25e-06 8.3e-06 7e-06 6.8e-06 6.95e-06 6e-06 1.085e-05 9.1e-06 1.255e-05 8.4e-06 1.12e-05 1.16e-05 3.2e-06 1.02e-05 9.05e-06 1.015e-05 5.65e-06 6.1e-06 1.075e-05 1.13e-05 9.85e-06 9e-06 1.22e-05 7.9e-06 7e-06 8.2e-06 1.005e-05 1.105e-05 7e-06 7.3e-06 7.8e-06 5.6e-06 8.3e-06 6.05e-06 9.4e-06 6.75e-06 8.2e-06 1.13e-05 1.015e-05 9.95e-06 1.09e-05 6.8e-06 8.15e-06 8.3e-06 7.05e-06 7.85e-06 6.95e-06 9.2e-06 9.35e-06 8.1e-06 1.105e-05 1.015e-05 9.85e-06 1.02e-05 5.55e-06 1.005e-05 1.175e-05 1.105e-05 1.225e-05 9.85e-06 7e-06 1.17e-05 6.05e-06 1.015e-05 1.16e-05 8.6e-06 6.85e-06 6.1e-06 1.19e-05 7.35e-06 1.075e-05 1.28e-05 1.215e-05 9.2e-06 1.21e-05 9.85e-06 8.75e-06
28 1.095e-05 1.36e-05 9.8e-06 1.25e-05 1.165e-05 1.03e-05 1.355e-05 1.275e-05 1.105e-05 1.29e-05 1.04e-05 1.2e-05 1.205e-05 1.24e-05 1.28e-05 1.225e-05 1.1e-05 1.04e-05 1.205e-05 1.38e-05 1.12e-05 1.045e-05 1.095e-05 1.265e-05 1.085e-05 1.035e-05 1.08e-05 1.085e-05 1.69e-05 1.175e-05 1.2e-05 1.065e-05 1.27e-05 1.16e-05 9.45e-06 1.215e-05 1.185e-05 1.24e-05 1.07e-05 9.5e-06 1.215e-05 1.08e-05 1.235e-05 1.115e-05 1.22e-05 1.115e-05 1.045e-05 1.19e-05 1.21e-05 1.02e-05 1.055e-05 1.1e-05 1.125e-05 1.035e-05 1.225e-05 1.065e-05 1.185e-05 1.06e-05 1.205e-05 1.395e-05 1.38e-05 1.245e-05 1.23e-05 1.065e-05 1.2e-05 1.215e-05 1.1e-05 1.145e-05 1.09e-05 1.2e-05 1.225e-05 9.95e-06 1.095e-05 1.25e-05 1.235e-05 1.245e-05 9.7e-06 1.255e-05 1.23e-05 1.245e-05 1.265e-05 1.19e-05 1.065e-05 1.26e-05 1.025e-05 1.23e-05 1.26e-05 1.11e-05 1.07e-05 9.75e-06 1.18e-05 1.105e-05 1.065e-05 1.295e-05 1.185e-05 1.345e-05 1.4e-05 1.22e-05 1.11e-05
29 5.55e-06 1.19e-05 8.5e-06 8.8e-06 6.65e-06 9.35e-06 1.075e-05 8.2e-06 9.65e-06 1.07e-05 7.85e-06 7e-06 3.9e-06 5.35e-06 1.485e-05 3.6e-06 5.75e-06 9.4e-06 5.3e-06 1.12e-05 8.3e-06 1.05e-05 9.1e-06 1.385e-05 6.75e-06 9.2e-06 6.7e-06 9.1e-06 1.175e-05 6e-06 8e-06 7.3e-06 1.03e-05 1.405e-05 7.8e-06 1.16e-05 3.25e-06 8.7e-06 5.8e-06 1e-05 4.6e-06 1.37e-05 4.4e-06 8.05e-06 6.95e-06 9.3e-06 6.75e-06 6.7e-06 7.45e-06 9.2e-06 9.6e-06 9.85e-06 6.2e-06 5.85e-06 4.1e-06 6.75e-06 1.225e-05 9.45e-06 3.9e-06 1.56e-05 1.02e-05 4.5e-06 4.7e-06 6.55e-06 3.85e-06 4e-06 6.85e-06 6.2e-06 6.7e-06 3.4e-06 3.6e-06 9.7e-06 1.12e-05 4.7e-06 4.4e-06 8.85e-06 9.4e-06 4.6e-06 6.55e-06 4.9e-06 9.7e-06 8e-06 9.6e-06 5e-06 9.5e-06 4.8e-06 5.75e-06 7.2e-06 6.6e-06 1e-05 6.6e-06 6.35e-06 1.09e-05 1.075e-05 9.75e-06 1.065e-05 1.695e-05 5.15e-06 7.7e-06
30 8.9e-06 1.235e-05 1.225e-05 1.195e-05 8.3e-06 1.05e-05 1.315e-05 1.035e-05 9.35e-06 9.6e-06 1.045e-05 8.6e-06 8.45e-06 7.9e-06 1.4e-05 7.4e-06 1.005e-05 1.055e-05 7.8e-06 1.19e-05 1.05e-05 8.4e-06 8.7e-06 1.575e-05 1.08e-05 1.035e-05 1.075e-05 1.255e-05 1.2e-05 8e-06 1.07e-05 1.03e-05 1.09e-05 1.195e-05 1.145e-05 1.17e-05 8.1e-06 1.185e-05 9.9e-06 1.295e-05 6.45e-06 1.215e-05 7.25e-06 9.7e-06 7e-06 8.05e-06 1.145e-05 8.55e-06 7.25e-06 9.15e-06 1.075e-05 1.12e-05 9e-06 1.08e-05 8.65e-06 8.4e-06 1.285e-05 1.07e-05 8.45e-06 1.66e-05 1.325e-05 7.35e-06 6.6e-06 1.06e-05 8.4e-06 8.5e-06 1.09e-05 9.2e-06 1.07e-05 8.25e-06 7.4e-06 9.6e-06 1.05e-05 7.4e-06 7.25e-06 1.19e-05 1.305e-05 7.4e-06 7.1e-06 6.75e-06 9.6e-06 7.7e-06 1.07e-05 5.8e-06 1.275e-05 7.4e-06 6.65e-06 9.55e-06 1.17e-05 1.315e-05 7.7e-06 8.75e-06 1.005e-05 9.65e-06 6.9e-06 1.305e-05 1.54e-05 7.75e-06 1.02e-05
31 7.7e-06 1.235e-05 7.1e-06 1.025e-05 8.2e-06 7.65e-06 1.165e-05 9.1e-06 9.65e-06 1.07e-05 1.02e-05 8.55e-06 7.9e-06 8.9e-06 1.29e-05 8.3e-06 7.4e-06 7.45e-06 8.7e-06 1.175e-05 1.08e-05 1.045e-05 8.2e-06 1.125e-05 7.5e-06 7.35e-06 7.45e-06 8.4e-06 1.065e-05 7.3e-06 1.03e-05 1.16e-05 1.065e-05 9.5e-06 6.7e-06 1.06e-05 7.35e-06 1.015e-05 7.25e-06 6.95e-06 8.85e-06 1.06e-05 8.05e-06 7.9e-06 1.035e-05 8.4e-06 6.2e-06 8.1e-06 8.95e-06 1.075e-05 7.9e-06 8e-06 7.15e-06 6.5e-06 8.1e-06 7.4e-06 1.005e-05 7.85e-06 7.9e-06 1.395e-05 1.18e-05 8.15e-06 9e-06 7.3e-06 7.85e-06 8e-06 7.35e-06 7e-06 7.65e-06 7.5e-06 8.3e-06 8.35e-06 1.125e-05 8.65e-06 8.05e-06 1.025e-05 6.8e-06 8.25e-06 9.55e-06 9.15e-06 1.095e-05 9.1e-06 8.1e-06 8.7e-06 8.05e-06 8.6e-06 8.95e-06 7.6e-06 6.5e-06 6.55e-06 9.4e-06 7.45e-06 1.095e-05 1.075e-05 1.07e-05 1.155e-05 1.42e-05 8.7e-06 8e-06
32 1.015e-05 1.14e-05 1.05e-05 9.95e-06 9.55e-06 1.03e-05 1.06e-05 1.13e-05 1.135e-05 9.5e-06 1.135e-05 9.95e-06 8.95e-06 1.01e-05 1.01e-05 9.5e-06 9.75e-06 1.035e-05 9.9e-06 1.11e-05 1.175e-05 1.14e-05 9.85e-06 1.18e-05 9.9e-06 1.07e-05 9.85e-06 1.12e-05 1.27e-05 1.03e-05 1.09e-05 1.065e-05 1.77e-05 9.9e-06 1.025e-05 1.04e-05 1.025e-05 9.85e-06 9.55e-06 1.09e-05 1.015e-05 9.9e-06 9.55e-06 1.09e-05 1.04e-05 1.005e-05 1.09e-05 9.8e-06 1.03e-05 1.22e-05 1.06e-05 1.105e-05 1.03e-05 1.05e-05 9.2e-06 1e-05 1.06e-05 1.055e-05 8.95e-06 1.15e-05 1.135e-05 9.6e-06 1.03e-05 9.7e-06 8.95e-06 9.15e-06 1e-05 1.05e-05 9.8e-06 1.04e-05 9.5e-06 1.065e-05 1.25e-05 9.7e-06 9.5e-06 9.7e-06 1.075e-05 9.75e-06 1.08e-05 1.045e-05 9.5e-06 1.055e-05 1.055e-05 1.01e-05 1.135e-05 9.7e-06 1.05e-05 1.04e-05 1.085e-05 1.115e-05 1.115e-05 1.015e-05 1.205e-05 9.55e-06 1.105e-05 1.055e-05 1.05e-05 9.85e-06 1.09e-05
33 1.195e-05 1.175e-05 1e-05 1.285e-05 1.135e-05 8.5e-06 1.3e-05 1.235e-05 1.11e-05 8.65e-06 1.515e-05 1.175e-05 1.485e-05 1.39e-05 8.1e-06 1.425e-05 1.28e-05 8.3e-06 1.355e-05 1.18e-05 1.555e-05 1.005e-05 7.7e-06 1.03e-05 1.215e-05 8.6e-06 1.21e-05 1.16e-05 1.16e-05 1.405e-05 1.195e-05 9.5e-06 9.9e-06 9.3e-06 1.025e-05 9.3e-06 1.4e-05 1.275e-05 1.25e-05 8.7e-06 1.285e-05 5.85e-06 1.37e-05 1.06e-05 1.395e-05 7.85e-06 1.145e-05 1.175e-05 1.045e-05 1.35e-05 8.8e-06 9.35e-06 1.115e-05 1.225e-05 1.505e-05 1.045e-05 8.5e-06 8.85e-06 1.485e-05 1.095e-05 1.41e-05 1.38e-05 1.3e-05 1.195e-05 1.48e-05 1.495e-05 1.2e-05 1.145e-05 1.21e-05 1.415e-05 1.425e-05 8e-06 1.225e-05 1.39e-05 1.37e-05 1.275e-05 9.25e-06 1.39e-05 1.25e-05 1.315e-05 9.2e-06 1.035e-05 8.8e-06 1.265e-05 1.08e-05 1.37e-05 1.265e-05 1.095e-05 1.185e-05 8.8e-06 1.37e-05 1.14e-05 1.18e-05 8.7e-06 1.055e-05 1.29e-05 7.85e-06 1.37e-05 1.11e-05
34 4.75e-06 1.15e-05 2.45e-06 8.7e-06 7e-06 5.05e-06 9.8e-06 7.85e-06 9.45e-06 1.17e-05 9.05e-06 7.35e-06 7.2e-06 9.2e-06 1.155e-05 8.35e-06 4.1e-06 5e-06 9.05e-06 1.13e-05 9.9e-06 1.14e-05 6e-06 8.15e-06 5.4e-06 4.9e-06 5.35e-06 3.2e-06 9.45e-06 7.8e-06 1.145e-05 6.7e-06 1.025e-05 1.025e-05 4e-07 8.55e-06 7.75e-06 8.6e-06 3.75e-06 4.15e-06 9.9e-06 1.015e-05 8.75e-06 7.5e-06 1.135e-05 6.7e-06 5.05e-06 6.8e-06 9.1e-06 9.85e-06 5.3e-06 5.3e-06 6.4e-06 3.4e-06 7.4e-06 4.15e-06 7.85e-06 5.05e-06 7.2e-06 1.125e-05 1.03e-05 8.85e-06 1.005e-05 5.2e-06 7.15e-06 7.3e-06 5.4e-06 6.15e-06 5.6e-06 7.9e-06 8.35e-06 6.65e-06 9.85e-06 9.3e-06 8.75e-06 8.7e-06 3.3e-06 8.95e-06 1.105e-05 1.02e-05 1.13e-05 8.9e-06 5.55e-06 1.075e-05 3.95e-06 9.3e-06 1.065e-05 6.9e-06 4.9e-06 3.8e-06 1.075e-05 5.35e-06 9.55e-06 1.175e-05 1.12e-05 9.7e-06 1.265e-05 9e-06 7.3e-06
35 1e-05 1.16e-05 9.1e-06 9.7e-06 9.8e-06 8.5e-06 1.17e-05 1.135e-05 1.11e-05 1.03e-05 1.28e-05 1.025e-05 1.155e-05 1.175e-05 8.5e-06 1.15e-05 1.035e-05 8.55e-06 1.15e-05 1.165e-05 1.32e-05 1.13e-05 8.3e-06 1.08e-05 1.04e-05 8.8e-06 1.035e-05 1.02e-05 1.215e-05 1.16e-05 1.17e-05 1.06e-05 1.04e-05 9.3e-06 8.55e-06 1.53e-05 1.155e-05 9.6e-06 1e-05 9.3e-06 1.125e-05 9.25e-06 1.155e-05 1.065e-05 1.23e-05 8.15e-06 1.07e-05 1e-05 1.01e-05 1.255e-05 8.8e-06 9.15e-06 9.95e-06 1.02e-05 1.175e-05 9.35e-06 9.2e-06 8.75e-06 1.155e-05 9.8e-06 1.1e-05 1.165e-05 1.14e-05 1.02e-05 1.15e-05 1.165e-05 1.05e-05 1e-05 1.035e-05 1.17e-05 1.15e-05 8.85e-06 1.165e-05 1.175e-05 1.155e-05 9.8e-06 9.15e-06 1.175e-05 1.165e-05 1.155e-05 1.025e-05 9.95e-06 8.8e-06 1.165e-05 9.55e-06 1.165e-05 1.165e-05 1.035e-05 1.065e-05 9.55e-06 1.235e-05 1.005e-05 1.11e-05 1.035e-05 1.065e-05 1.16e-05 1.035e-05 1.155e-05 1.04e-05
36 5.5e-06 1.185e-05 8.45e-06 8.75e-06 6.6e-06 9.3e-06 1.07e-05 8.15e-06 9.75e-06 1.065e-05 7.8e-06 6.95e-06 3.85e-06 5.3e-06 1.495e-05 3.55e-06 5.7e-06 9.35e-06 5.25e-06 1.115e-05 8.25e-06 1.075e-05 9.05e-06 1.38e-05 6.7e-06 9.15e-06 6.65e-06 9.05e-06 1.185e-05 3.25e-06 8.1e-06 7.35e-06 1.025e-05 1.4e-05 7.75e-06 1.155e-05 5.9e-06 8.65e-06 5.75e-06 9.95e-06 4.5e-06 1.38e-05 4.35e-06 8.05e-06 7.05e-06 9.25e-06 6.55e-06 6.65e-06 7.45e-06 9.15e-06 9.55e-06 9.8e-06 6.25e-06 5.8e-06 4.05e-06 6.7e-06 1.22e-05 9.4e-06 3.85e-06 1.555e-05 1.015e-05 4.45e-06 4.7e-06 6.5e-06 3.8e-06 3.95e-06 6.8e-06 6.25e-06 6.65e-06 3.35e-06 3.55e-06 9.8e-06 1.115e-05 4.7e-06 4.35e-06 8.8e-06 9.35e-06 4.55e-06 6.5e-06 4.8e-06 9.85e-06 7.95e-06 9.55e-06 5.1e-06 9.45e-06 4.8e-06 5.7e-06 7.15e-06 6.55e-06 9.95e-06 6.7e-06 6.3e-06 1.085e-05 1.07e-05 9.85e-06 1.06e-05 1.69e-05 5.1e-06 7.7e-06
37 9.05e-06 1.18e-05 9.2e-06 6.5e-06 9.55e-06 1.075e-05 9.3e-06 1.135e-05 1.09e-05 1.16e-05 8.95e-06 9.9e-06 6.5e-06 9.3e-06 9.65e-06 8e-06 7.65e-06 1.08e-05 9.15e-06 1.11e-05 9.55e-06 1.27e-05 1.225e-05 1.09e-05 7.85e-06 1.065e-05 7.8e-06 1.015e-05 1.24e-05 8.7e-06 1.185e-05 1.015e-05 9.85e-06 1.275e-05 8.6e-06 9.6e-06 8.65e-06 1.26e-05 7.5e-06 9.75e-06 1.035e-05 1.28e-05 8.35e-06 1.05e-05 9.6e-06 1.25e-05 8.75e-06 9.25e-06 1.195e-05 1.18e-05 1.1e-05 1.09e-05 1.02e-05 8.35e-06 6.7e-06 9.95e-06 1.13e-05 1.095e-05 6.5e-06 9.2e-06 8.2e-06 8.45e-06 1.05e-05 7.65e-06 6.45e-06 6.6e-06 7.95e-06 9.85e-06 8.1e-06 8.8e-06 8e-06 1.23e-05 1.275e-05 8.9e-06 8.35e-06 6.45e-06 9.1e-06 8.55e-06 1.175e-05 1.065e-05 1.125e-05 1.225e-05 1.13e-05 1.06e-05 9.8e-06 8.9e-06 1.105e-05 9.65e-06 8.7e-06 9.5e-06 1.025e-05 9.4e-06 1.245e-05 1.165e-05 1.27e-05 9.2e-06 1.245e-05 9.1e-06 1.045e-05
38 5.25e-06 1.145e-05 5.3e-06 7.6e-06 6.1e-06 7.2e-06 9e-06 7.75e-06 9.55e-06 1.135e-05 7.3e-06 6.45e-06 3.6e-06 6.45e-06 1.325e-05 5.2e-06 3.95e-06 7.2e-06 6.35e-06 1.085e-05 7.9e-06 1.135e-05 8.05e-06 1.05e-05 4.95e-06 7.15e-06 4.9e-06 5.65e-06 1.07e-05 5.8e-06 9.9e-06 7.25e-06 9.55e-06 1.25e-05 3.75e-06 1e-05 5.75e-06 7.5e-06 7.1e-06 6.85e-06 7.5e-06 1.245e-05 5.6e-06 7.65e-06 8.3e-06 8.35e-06 5.8e-06 5.85e-06 8.5e-06 9.55e-06 7.45e-06 7.45e-06 6.6e-06 4.5e-06 3.9e-06 5.5e-06 1.03e-05 7.25e-06 3.6e-06 1.285e-05 9.3e-06 5.65e-06 7.65e-06 4.75e-06 3.65e-06 3.85e-06 5e-06 6.35e-06 5.1e-06 5.9e-06 5.2e-06 8.75e-06 1.05e-05 6.05e-06 5.55e-06 7.4e-06 6e-06 5.8e-06 8.95e-06 7.8e-06 1.1e-05 8.7e-06 7.65e-06 7.85e-06 6.35e-06 6.2e-06 8.2e-06 6.8e-06 5.65e-06 6.55e-06 8.85e-06 5.6e-06 1.02e-05 1.14e-05 1.075e-05 8.95e-06 1.47e-05 6.2e-06 7.6e-06
39 7.8e-06 1.2e-05 3.8e-06 9.85e-06 9.05e-06 5.25e-06 1.065e-05 1.01e-05 9.3e-06 1.225e-05 1.1e-05 9.45e-06 9.65e-06 1.13e-05 1.095e-05 1.055e-05 7.15e-06 5.4e-06 1.095e-05 1.205e-05 1.175e-05 1.09e-05 7.9e-06 7.35e-06 6e-06 4.95e-06 5.95e-06 6.1e-06 9.5e-06 1e-05 1.295e-05 6.95e-06 1.09e-05 8.7e-06 4.15e-06 9.3e-06 9.95e-06 9.75e-06 6.85e-06 3.9e-06 1.175e-05 8.9e-06 1.11e-05 7.35e-06 1.275e-05 8.45e-06 5.25e-06 9.35e-06 1.075e-05 1.155e-05 5.55e-06 6e-06 8.5e-06 6.25e-06 9.85e-06 7e-06 8.6e-06 5.6e-06 9.65e-06 1.08e-05 1.115e-05 1.12e-05 1.19e-05 5.8e-06 9.6e-06 9.75e-06 6.2e-06 8.7e-06 6.35e-06 1.01e-05 1.055e-05 7.05e-06 1.135e-05 1.13e-05 1.11e-05 9.85e-06 2.45e-06 1.13e-05 1.25e-05 1.205e-05 1.17e-05 1.065e-05 5.95e-06 1.265e-05 4.65e-06 1.11e-05 1.265e-05 7.35e-06 5.7e-06 2.35e-06 1.215e-05 8.35e-06 1.1e-05 1.23e-05 1.225e-05 1.055e-05 1.17e-05 1.11e-05 7.8e-06
40 6.05e-06 1.05e-05 1.055e-05 1.045e-05 5.95e-06 9.1e-06 1.205e-05 8.2e-06 9.65e-06 9.05e-06 9.5e-06 6.3e-06 5.2e-06 3.95e-06 1.52e-05 3.7e-06 7.65e-06 9.15e-06 3.85e-06 1.1e-05 9.6e-06 8.65e-06 7.4e-06 1.56e-05 8.5e-06 9.45e-06 8.45e-06 1.075e-05 1.215e-05 4.6e-06 6.45e-06 8.85e-06 1.015e-05 1.285e-05 9.9e-06 1.125e-05 4.5e-06 1.035e-05 7.5e-06 1.175e-05 3.8e-06 1.23e-05 4.2e-06 7.75e-06 6.35e-06 6.6e-06 9.7e-06 6.45e-06 4.9e-06 9.65e-06 9.35e-06 1.005e-05 6.8e-06 8.65e-06 5.4e-06 7.25e-06 1.29e-05 9.15e-06 5.2e-06 1.725e-05 1.155e-05 4.3e-06 2.15e-06 8.3e-06 5.15e-06 5.3e-06 8.6e-06 7.25e-06 8.15e-06 4.7e-06 3.7e-06 8.25e-06 1.05e-05 4.15e-06 4.2e-06 1.04e-05 1.16e-05 4.4e-06 2.5e-06 2.25e-06 8.55e-06 4.6e-06 9.05e-06 3.05e-06 1.12e-05 4.2e-06 2.85e-06 7.45e-06 9.55e-06 1.22e-05 7.2e-06 6.55e-06 1.02e-05 9.1e-06 7.15e-06 1.195e-05 1.68e-05 3.75e-06 7.15e-06
41 1.175e-05 1.12e-05 9.6e-06 1.29e-05 1.125e-05 8.3e-06 1.285e-05 1.235e-05 1.12e-05 8.75e-06 1.55e-05 1.165e-05 1.485e-05 1.35e-05 7.9e-06 1.41e-05 1.275e-05 8.4e-06 1.315e-05 1.175e-05 1.605e-05 8.9e-06 7.55e-06 1.035e-05 1.205e-05 9.2e-06 1.2e-05 1.13e-05 1.08e-05 1.37e-05 1.215e-05 1.06e-05 9.9e-06 5.85e-06 1.015e-05 9.25e-06 1.38e-05 1.28e-05 1.245e-05 8.9e-06 1.23e-05 9.3e-06 1.38e-05 1.095e-05 1.395e-05 7.65e-06 1.205e-05 1.2e-05 1.005e-05 1.38e-05 8.6e-06 9.5e-06 1.1e-05 1.22e-05 1.505e-05 1.035e-05 8.45e-06 8.65e-06 1.485e-05 1.085e-05 1.39e-05 1.39e-05 1.245e-05 1.185e-05 1.48e-05 1.495e-05 1.22e-05 1.165e-05 1.175e-05 1.395e-05 1.41e-05 6.8e-06 1.265e-05 1.36e-05 1.38e-05 1.28e-05 9.3e-06 1.4e-05 1.17e-05 1.26e-05 8.9e-06 9.85e-06 8.35e-06 1.235e-05 1.08e-05 1.34e-05 1.235e-05 1.095e-05 1.2e-05 9.65e-06 1.365e-05 1.145e-05 1.22e-05 8.8e-06 1.045e-05 1.275e-05 7.7e-06 1.33e-05 1.06e-05
42 6.2e-06 1.16e-05 9.55e-06 8.45e-06 5.6e-06 9.45e-06 1.035e-05 7.95e-06 9.7e-06 9.3e-06 7.6e-06 5.95e-06 2.55e-06 4.1e-06 1.52e-05 3.1e-06 5.6e-06 9.5e-06 4.1e-06 1.04e-05 7.85e-06 1.01e-05 9.2e-06 1.46e-05 6.55e-06 9.85e-06 6.5e-06 9.85e-06 1.235e-05 4.4e-06 7.25e-06 8.05e-06 9.55e-06 1.37e-05 8.75e-06 1.155e-05 4.35e-06 8.35e-06 5.6e-06 1.11e-05 4.2e-06 1.38e-05 4.7e-06 7.85e-06 5.7e-06 8.55e-06 8.15e-06 5.5e-06 6.4e-06 9.75e-06 9.7e-06 9.8e-06 6.85e-06 7.25e-06 2.75e-06 7.35e-06 1.305e-05 9.55e-06 2.55e-06 1.62e-05 1.01e-05 2.5e-06 4.35e-06 6.35e-06 2.5e-06 2.65e-06 6.65e-06 6.7e-06 6.55e-06 4.5e-06 3.1e-06 1.005e-05 1.105e-05 3.35e-06 2.65e-06 8.25e-06 1.035e-05 2.85e-06 5.4e-06 4.5e-06 1e-05 7.05e-06 9.75e-06 3.1e-06 1.02e-05 3.5e-06 3.85e-06 6.6e-06 8e-06 1.095e-05 6.95e-06 5.55e-06 1.075e-05 9.4e-06 8.8e-06 1.025e-05 1.715e-05 3.9e-06 8e-06
