 slim_337707138 slim_337707151 slim_337706944 slim_337707003 slim_337707079 slim_337707154 slim_337707169 slim_337707148 slim_337706807 slim_337707159 slim_337706797 slim_337707076 slim_337707128 slim_337707147 slim_337707084 slim_337707098 slim_337707135 slim_337707136 slim_337707121 slim_337707142 slim_337707150 slim_337706411 slim_337707063 slim_337707114 slim_337706700 slim_337707119 slim_337707155 slim_337707090 slim_337707167 slim_337707111 slim_337707139 slim_337707134 slim_337706912 slim_337707160 slim_337707023 slim_337707116 slim_337706890 slim_337707080 slim_337706792 slim_337707071 slim_337707149 slim_337707002 slim_337707082 slim_337707124 slim_337707013 slim_337706874 slim_337707104 slim_337707070 slim_337707170 slim_337707004 slim_337707089 slim_337707163 slim_337707146 slim_337707029 slim_337707162 slim_337707078 slim_337707157 slim_337707129 slim_337706927 slim_337707117 slim_337707033 slim_337706953 slim_337707143 slim_337707165 slim_337707059 slim_337706889 slim_337706867 slim_337707030 slim_337707110 slim_337707103 slim_337707122 slim_337707113 slim_337707031 slim_337707140 slim_337707164 slim_337706963 slim_337707152 slim_337707000 slim_337707123 slim_337707001 slim_337707115 slim_337707153 slim_337707144 slim_337707131 slim_337707112 slim_337707125 slim_337707066 slim_337706781 slim_337707127 slim_337706946 slim_337707118 slim_337707158 slim_337707095 slim_337707109 slim_337707130 slim_337707156 slim_337707101 slim_337706853 slim_337707137 slim_337707166
0 3.5e-06 8.65e-06 8.85e-06 8.85e-06 9.25e-06 1.01e-05 1.48e-05 2.85e-06 8.9e-06 9.95e-06 2.35e-06 7.6e-06 1.375e-05 1.175e-05 2e-06 1.33e-05 8.75e-06 8.65e-06 6.25e-06 8.95e-06 3.15e-06 1.21e-05 7.05e-06 1.02e-05 1.07e-05 1.105e-05 1.24e-05 7.55e-06 6.75e-06 8.55e-06 1.365e-05 3.15e-06 1.48e-05 9.55e-06 1.36e-05 2.75e-06 9.25e-06 1.54e-05 1.235e-05 6.1e-06 8.8e-06 1.335e-05 8.2e-06 1.36e-05 9.75e-06 5.25e-06 2.05e-06 1.295e-05 1.185e-05 3.45e-06 6.2e-06 8.8e-06 1.325e-05 1.4e-05 1.085e-05 3.15e-06 8.95e-06 8.25e-06 9.6e-06 9.15e-06 9.35e-06 7.8e-06 2.75e-06 1.49e-05 5.6e-06 3.85e-06 7.25e-06 8.35e-06 2.55e-06 4.35e-06 1.02e-05 1.475e-05 7.35e-06 7.8e-06 7.5e-06 7.95e-06 6.95e-06 3.5e-06 3.95e-06 9.85e-06 1.01e-05 5.8e-06 1.31e-05 1.25e-05 5.85e-06 1.385e-05 8.75e-06 2e-06 2.9e-06 2.8e-06 1.31e-05 2.1e-06 7.55e-06 1.37e-05 3e-06 1.345e-05 7.5e-06 9.65e-06 1.18e-05 7.75e-06
1 8.65e-06 1.19e-05 1.17e-05 1.155e-05 1.2e-05 1.175e-05 1.475e-05 8.75e-06 1.18e-05 1.09e-05 8.5e-06 1.165e-05 1.245e-05 7.95e-06 8.75e-06 1.045e-05 1.18e-05 1.17e-05 8.9e-06 7.55e-06 9e-06 8.8e-06 9.05e-06 1.15e-05 1.19e-05 1.03e-05 1.32e-05 1.125e-05 7.5e-06 1.145e-05 1.22e-05 8.85e-06 1.475e-05 1.115e-05 1.44e-05 8.55e-06 1.08e-05 1.45e-05 1.05e-05 9.1e-06 1.145e-05 1.05e-05 1.19e-05 1.375e-05 1.065e-05 8.4e-06 8.5e-06 1.275e-05 1.165e-05 8.85e-06 8.4e-06 9.05e-06 1.41e-05 1.485e-05 1.135e-05 8.95e-06 1.18e-05 1.195e-05 9.9e-06 1.13e-05 1.105e-05 9.2e-06 8.4e-06 1.48e-05 8.75e-06 7.75e-06 1.1e-05 6.05e-06 8.55e-06 9.5e-06 1.2e-05 1.47e-05 9.3e-06 1.02e-05 1.08e-05 1.025e-05 7.45e-06 8.85e-06 7.85e-06 1.1e-05 9.85e-06 1.01e-05 1.235e-05 1.185e-05 8.75e-06 1.16e-05 1.18e-05 8.35e-06 8.65e-06 8.85e-06 1.03e-05 8.6e-06 8.3e-06 1.29e-05 8.9e-06 1.05e-05 9.6e-06 1.07e-05 1.16e-05 1.06e-05
2 8.85e-06 1.17e-05 1.54e-05 8.9e-06 9.9e-06 9.6e-06 9.45e-06 8.15e-06 9.1e-06 1.07e-05 8.2e-06 9.4e-06 1.23e-05 1.295e-05 8.85e-06 1.245e-05 1e-05 8.55e-06 9.95e-06 1.13e-05 8.8e-06 1.275e-05 1.12e-05 1.055e-05 1.07e-05 1.245e-05 9.3e-06 8.65e-06 1.11e-05 8.05e-06 1.25e-05 7.85e-06 9.65e-06 8.8e-06 1.02e-05 8.3e-06 9e-06 9.75e-06 1.305e-05 1.075e-05 9.9e-06 1.25e-05 8.6e-06 9.1e-06 1.015e-05 9.1e-06 8.65e-06 1.225e-05 1.02e-05 8.45e-06 1.05e-05 1.16e-05 8.75e-06 8.75e-06 9.45e-06 8.85e-06 9.2e-06 8.65e-06 1.235e-05 9.5e-06 9.65e-06 1.155e-05 8.8e-06 1.11e-05 1.055e-05 8.65e-06 9e-06 1.14e-05 8.95e-06 1.02e-05 8.9e-06 9.6e-06 1.135e-05 1.145e-05 9.25e-06 1.03e-05 1.09e-05 8.7e-06 8.75e-06 1.02e-05 1.28e-05 1.11e-05 1.025e-05 1.125e-05 1.03e-05 1.135e-05 1.055e-05 8.5e-06 8.5e-06 8.6e-06 1.07e-05 8.8e-06 1.14e-05 1.085e-05 8.4e-06 1.225e-05 1.11e-05 9.05e-06 1.005e-05 9.15e-06
3 8.85e-06 1.155e-05 8.9e-06 1.48e-05 1.065e-05 9.4e-06 9.35e-06 9.25e-06 8.95e-06 1.05e-05 9e-06 9.55e-06 1.225e-05 1.27e-05 8.95e-06 1.22e-05 9.7e-06 8.85e-06 1.075e-05 1.11e-05 9.35e-06 1.25e-05 1.125e-05 1.03e-05 1.035e-05 1.22e-05 9.45e-06 9.4e-06 1.085e-05 8.6e-06 1.23e-05 9.4e-06 9.3e-06 8.85e-06 9.95e-06 8.7e-06 9.05e-06 9.7e-06 1.28e-05 1.07e-05 9.85e-06 1.225e-05 9.4e-06 9.1e-06 1e-05 8.7e-06 8.95e-06 1.2e-05 1.01e-05 9.35e-06 1.065e-05 1.155e-05 8.85e-06 9e-06 9.45e-06 8.9e-06 9.9e-06 9.45e-06 1.21e-05 9.75e-06 9.75e-06 1.135e-05 9.3e-06 1.1e-05 1.025e-05 9.25e-06 9.05e-06 1.125e-05 8.95e-06 1.025e-05 8.85e-06 9.25e-06 1.15e-05 1.15e-05 9.1e-06 1.085e-05 1.105e-05 8.35e-06 9.35e-06 1.01e-05 1.255e-05 1.03e-05 1.035e-05 1.115e-05 1.05e-05 1.12e-05 1.02e-05 8.8e-06 9.1e-06 9.2e-06 1.06e-05 9.1e-06 1.12e-05 1.11e-05 9.45e-06 1.205e-05 1.105e-05 8.2e-06 1.01e-05 9.15e-06
4 9.25e-06 1.2e-05 9.9e-06 1.065e-05 1.57e-05 1.175e-05 1.11e-05 8.35e-06 1.09e-05 8.85e-06 8.35e-06 1.09e-05 1.225e-05 1.345e-05 9.25e-06 1.08e-05 9.6e-06 1.06e-05 1.005e-05 1.225e-05 9.2e-06 1.39e-05 1.145e-05 1.205e-05 1.215e-05 1.34e-05 1.195e-05 9.75e-06 1.17e-05 1e-05 1.375e-05 8e-06 1.11e-05 1.11e-05 1.08e-05 8.45e-06 1.15e-05 1.295e-05 1.41e-05 1.13e-05 1.105e-05 1.085e-05 1.015e-05 1.245e-05 1.13e-05 1.015e-05 8.8e-06 1.23e-05 1.215e-05 8.6e-06 1.065e-05 1.185e-05 1.165e-05 1.22e-05 1.18e-05 9.15e-06 9.05e-06 1.02e-05 1.275e-05 1.105e-05 9.5e-06 1.18e-05 8.95e-06 8.95e-06 1.095e-05 8.8e-06 1.01e-05 1.175e-05 9e-06 1.045e-05 1.15e-05 1.105e-05 1.16e-05 1.21e-05 1.12e-05 1.125e-05 1.125e-05 9.2e-06 8.9e-06 1.13e-05 1.185e-05 1.15e-05 1.265e-05 1.26e-05 1.045e-05 1.25e-05 8.85e-06 8.65e-06 8.65e-06 9e-06 1.285e-05 8.95e-06 1.075e-05 1.31e-05 8.55e-06 1.36e-05 1.135e-05 1.08e-05 1.21e-05 1.085e-05
5 1.01e-05 1.175e-05 9.6e-06 9.4e-06 1.175e-05 1.47e-05 9.25e-06 1.11e-05 9.05e-06 1.1e-05 1.085e-05 1.015e-05 1.195e-05 1.265e-05 1.02e-05 1.235e-05 1.075e-05 9.55e-06 1.155e-05 1.14e-05 1.055e-05 1.245e-05 1.215e-05 9.1e-06 8.75e-06 1.205e-05 9.5e-06 1.07e-05 1.115e-05 9.3e-06 1.215e-05 1.125e-05 9.2e-06 8.4e-06 1.045e-05 1.085e-05 9.05e-06 8.7e-06 1.275e-05 1.08e-05 1.06e-05 1.24e-05 1.07e-05 8.1e-06 1.02e-05 9.9e-06 1.08e-05 1.18e-05 9.75e-06 1.105e-05 1.14e-05 1.185e-05 9e-06 9.15e-06 9.65e-06 1.05e-05 1.055e-05 1.075e-05 1.27e-05 1.055e-05 1e-05 1.21e-05 1.11e-05 1.09e-05 1.035e-05 1.05e-05 1.025e-05 1.15e-05 1.065e-05 1.18e-05 8.5e-06 9.05e-06 1.24e-05 1.17e-05 9e-06 1.175e-05 1.195e-05 1.04e-05 1.06e-05 1.035e-05 1.235e-05 1.15e-05 1.015e-05 1.09e-05 1.12e-05 1.1e-05 1.04e-05 1.065e-05 1.085e-05 1.045e-05 1.035e-05 1.08e-05 1.205e-05 1.085e-05 1.13e-05 1.19e-05 1.185e-05 9.1e-06 9.75e-06 9.65e-06
6 1.48e-05 1.475e-05 9.45e-06 9.35e-06 1.11e-05 9.25e-06 6.1e-06 1.55e-05 9.65e-06 1.045e-05 1.525e-05 1.075e-05 9.25e-06 1.39e-05 1.49e-05 1.02e-05 9.15e-06 9.5e-06 1.53e-05 1.425e-05 1.51e-05 1.365e-05 1.505e-05 1.105e-05 1.065e-05 1.41e-05 6.65e-06 1.095e-05 1.435e-05 9.4e-06 1.16e-05 1.565e-05 3.3e-06 8.6e-06 4.7e-06 1.53e-05 1.025e-05 5.35e-06 1.395e-05 1.49e-05 1.155e-05 1.025e-05 1.075e-05 5.6e-06 1.125e-05 1.31e-05 1.52e-05 1.065e-05 9.2e-06 1.545e-05 1.52e-05 1.46e-05 4.95e-06 4.75e-06 9.8e-06 1.525e-05 9.35e-06 1.08e-05 1.47e-05 1.08e-05 8.8e-06 1.5e-05 1.555e-05 4.65e-06 1.45e-05 1.5e-05 1.065e-05 1.445e-05 1.525e-05 1.585e-05 9e-06 3.2e-06 1.53e-05 1.47e-05 1.07e-05 1.445e-05 1.485e-05 1.38e-05 1.51e-05 1.115e-05 1.4e-05 1.53e-05 8.25e-06 1.055e-05 1.51e-05 8.4e-06 1.025e-05 1.505e-05 1.54e-05 1.515e-05 8.95e-06 1.525e-05 1.39e-05 8.95e-06 1.57e-05 1.135e-05 1.465e-05 9.1e-06 9.05e-06 1.11e-05
7 2.85e-06 8.75e-06 8.15e-06 9.25e-06 8.35e-06 1.11e-05 1.55e-05 2.5e-06 9.45e-06 9.9e-06 1.6e-06 8.45e-06 1.44e-05 1.225e-05 2.85e-06 1.365e-05 9.1e-06 8.55e-06 5.45e-06 9.1e-06 3.05e-06 1.27e-05 7.35e-06 1.105e-05 1.17e-05 1.16e-05 1.31e-05 7.15e-06 8e-06 8.3e-06 1.43e-05 1.4e-06 1.55e-05 1.035e-05 1.43e-05 1.9e-06 9.5e-06 1.62e-05 1.3e-05 6.8e-06 8.85e-06 1.37e-05 7.75e-06 1.445e-05 9.95e-06 5.5e-06 1.7e-06 1.355e-05 1.24e-05 2.4e-06 6.05e-06 8.85e-06 1.395e-05 1.47e-05 1.105e-05 2.95e-06 8.55e-06 7.8e-06 1.015e-05 9.3e-06 9.55e-06 8.15e-06 2.25e-06 1.535e-05 6.7e-06 2.95e-06 7.65e-06 8.5e-06 2.6e-06 4.2e-06 1.06e-05 1.545e-05 7.5e-06 8.5e-06 8.75e-06 7.5e-06 7.05e-06 3.65e-06 3.05e-06 1.01e-05 1.055e-05 6.85e-06 1.38e-05 1.305e-05 5.8e-06 1.45e-05 9.75e-06 1.5e-06 2.2e-06 2.7e-06 1.37e-05 2.05e-06 8e-06 1.425e-05 1.85e-06 1.405e-05 7.75e-06 9.85e-06 1.235e-05 8.15e-06
8 8.9e-06 1.18e-05 9.1e-06 8.95e-06 1.09e-05 9.05e-06 9.65e-06 9.45e-06 1.5e-05 1.08e-05 9.2e-06 9.25e-06 1.21e-05 1.3e-05 9e-06 1.235e-05 1e-05 8.95e-06 1.095e-05 1.17e-05 8.7e-06 1.28e-05 1.135e-05 1.075e-05 1.02e-05 1.25e-05 9.25e-06 9.4e-06 1.09e-05 8.8e-06 1.255e-05 9.7e-06 9.6e-06 9.1e-06 1.005e-05 9.3e-06 9.35e-06 9.25e-06 1.31e-05 1.06e-05 9.85e-06 1.24e-05 9.4e-06 8.45e-06 1.04e-05 9.2e-06 9.05e-06 1.23e-05 1.02e-05 8.95e-06 1.08e-05 1.185e-05 8.75e-06 8.9e-06 9.95e-06 9.55e-06 9.85e-06 9.45e-06 1.23e-05 9.95e-06 9.7e-06 1.07e-05 9.45e-06 1.09e-05 1.03e-05 9.6e-06 8.95e-06 1.15e-05 9e-06 9.75e-06 8.45e-06 9.45e-06 1.16e-05 1.145e-05 9.05e-06 1.125e-05 1.115e-05 8.8e-06 9.7e-06 1.05e-05 1.27e-05 1.08e-05 1.065e-05 1.14e-05 1.06e-05 1.135e-05 1.025e-05 8.9e-06 9.3e-06 9.3e-06 1.07e-05 9.2e-06 1.135e-05 1.125e-05 9.7e-06 1.23e-05 1.12e-05 9.25e-06 1.02e-05 9.15e-06
9 9.95e-06 1.09e-05 1.07e-05 1.05e-05 8.85e-06 1.1e-05 1.045e-05 9.9e-06 1.08e-05 1.44e-05 9.65e-06 1.145e-05 1.135e-05 1.255e-05 1.005e-05 9.9e-06 9.6e-06 1.07e-05 1.08e-05 1.095e-05 1.03e-05 1.3e-05 1.13e-05 1.135e-05 1.14e-05 1.265e-05 1.185e-05 1.085e-05 1.14e-05 1.045e-05 1.29e-05 1e-05 1.045e-05 1.04e-05 1.07e-05 9.7e-06 1.09e-05 1.23e-05 1.32e-05 1.12e-05 1.105e-05 9.95e-06 1.13e-05 1.18e-05 1e-05 9.3e-06 9.65e-06 1.17e-05 1.14e-05 1e-05 1.055e-05 1.05e-05 1.155e-05 1.21e-05 1.12e-05 1.03e-05 9.6e-06 1.135e-05 1.265e-05 1.125e-05 8.8e-06 1.145e-05 9.8e-06 8.3e-06 1.08e-05 8.7e-06 1.06e-05 1.065e-05 9.6e-06 1.11e-05 1.09e-05 1.04e-05 1.155e-05 1.225e-05 1.115e-05 1.185e-05 1.12e-05 9.9e-06 8.6e-06 1.075e-05 1.11e-05 1.205e-05 1.2e-05 1.185e-05 1.065e-05 1.185e-05 8.8e-06 9.5e-06 9.8e-06 1.015e-05 1.195e-05 9.8e-06 1.07e-05 1.26e-05 1.005e-05 1.275e-05 1.145e-05 9.45e-06 1.135e-05 1.08e-05
10 2.35e-06 8.5e-06 8.2e-06 9e-06 8.35e-06 1.085e-05 1.525e-05 1.6e-06 9.2e-06 9.65e-06 2e-06 8.15e-06 1.415e-05 1.2e-05 2.35e-06 1.34e-05 8.7e-06 8.5e-06 5.45e-06 8.85e-06 2.9e-06 1.245e-05 6.85e-06 1.08e-05 1.145e-05 1.135e-05 1.285e-05 6.8e-06 7.75e-06 7.95e-06 1.405e-05 1.3e-06 1.525e-05 1.01e-05 1.405e-05 1.5e-06 9.25e-06 1.595e-05 1.275e-05 6.5e-06 8.75e-06 1.345e-05 7.55e-06 1.42e-05 9.7e-06 5.25e-06 1.3e-06 1.33e-05 1.215e-05 2.1e-06 5.7e-06 8.6e-06 1.37e-05 1.445e-05 1.08e-05 2.6e-06 8.2e-06 7.6e-06 9.9e-06 8.8e-06 9.3e-06 7.9e-06 1.65e-06 1.51e-05 6.45e-06 2.6e-06 7.4e-06 8.25e-06 2.2e-06 4.15e-06 1.035e-05 1.52e-05 7e-06 8.2e-06 8.5e-06 7.3e-06 6.55e-06 3.15e-06 2.7e-06 9.85e-06 1.03e-05 6.6e-06 1.355e-05 1.28e-05 5.65e-06 1.425e-05 9.5e-06 1.25e-06 1.85e-06 2.55e-06 1.345e-05 1.45e-06 7.75e-06 1.4e-05 1.35e-06 1.38e-05 7.5e-06 9.6e-06 1.21e-05 7.9e-06
11 7.6e-06 1.165e-05 9.4e-06 9.55e-06 1.09e-05 1.015e-05 1.075e-05 8.45e-06 9.25e-06 1.145e-05 8.15e-06 1.22e-05 1.24e-05 1.31e-05 7.6e-06 1.295e-05 9.75e-06 9.2e-06 1.055e-05 1.22e-05 8.15e-06 1.355e-05 1.095e-05 1.14e-05 1.14e-05 1.335e-05 8.4e-06 7.3e-06 1.01e-05 9.25e-06 1.335e-05 8.55e-06 1.08e-05 9.75e-06 8.8e-06 8.2e-06 1.075e-05 1.15e-05 1.385e-05 9.2e-06 1.04e-05 1.3e-05 8.1e-06 1.03e-05 1.125e-05 8.4e-06 8.15e-06 1.34e-05 1.12e-05 8.65e-06 1.05e-05 1.19e-05 8.2e-06 8.85e-06 1.175e-05 8.2e-06 9.5e-06 8.15e-06 1.14e-05 1.045e-05 9.85e-06 1.115e-05 8.45e-06 1.17e-05 9.65e-06 9.1e-06 6.95e-06 1.13e-05 7.95e-06 9.3e-06 1.055e-05 1.075e-05 1.11e-05 9.85e-06 8.9e-06 1.14e-05 1.065e-05 8e-06 9.2e-06 1.1e-05 1.32e-05 9.5e-06 1.145e-05 1.26e-05 1.02e-05 1.24e-05 1.005e-05 8e-06 8.2e-06 7.85e-06 1.17e-05 8.3e-06 1.095e-05 1.205e-05 8.6e-06 1.31e-05 1.065e-05 1.035e-05 1.105e-05 9.3e-06
12 1.375e-05 1.245e-05 1.23e-05 1.225e-05 1.225e-05 1.195e-05 9.25e-06 1.44e-05 1.21e-05 1.135e-05 1.415e-05 1.24e-05 1.54e-05 1.055e-05 1.385e-05 1.01e-05 1.135e-05 1.23e-05 1.3e-05 1.25e-05 1.395e-05 1.05e-05 1.105e-05 1.21e-05 1.195e-05 1.105e-05 1.02e-05 1.245e-05 1.2e-05 1.205e-05 9.45e-06 1.45e-05 9.25e-06 1.145e-05 9.5e-06 1.42e-05 1.215e-05 1.11e-05 9.15e-06 1.275e-05 1.235e-05 1.015e-05 1.29e-05 1.005e-05 1.175e-05 1.23e-05 1.415e-05 1.07e-05 1.07e-05 1.43e-05 1.29e-05 1.17e-05 1.025e-05 1.08e-05 1.3e-05 1.425e-05 1.105e-05 1.295e-05 1.135e-05 1.305e-05 1.03e-05 1.075e-05 1.445e-05 8.65e-06 1.225e-05 1.36e-05 1.22e-05 1.21e-05 1.42e-05 1.37e-05 1.24e-05 9.1e-06 1.105e-05 1.22e-05 1.165e-05 1.255e-05 1.25e-05 1.31e-05 1.37e-05 1.21e-05 1.1e-05 1.29e-05 9.7e-06 1.07e-05 1.285e-05 1.045e-05 1.145e-05 1.4e-05 1.43e-05 1.4e-05 1.035e-05 1.43e-05 1.22e-05 1.03e-05 1.455e-05 1.085e-05 1.205e-05 1.17e-05 1.065e-05 1.205e-05
13 1.175e-05 7.95e-06 1.295e-05 1.27e-05 1.345e-05 1.265e-05 1.39e-05 1.225e-05 1.3e-05 1.255e-05 1.2e-05 1.31e-05 1.055e-05 9.1e-06 1.185e-05 9.4e-06 1.32e-05 1.295e-05 9.95e-06 8.3e-06 1.2e-05 6.05e-06 9.25e-06 1.17e-05 1.2e-05 7.6e-06 1.215e-05 1.29e-05 8.1e-06 1.27e-05 9.6e-06 1.235e-05 1.39e-05 1.205e-05 1.395e-05 1.205e-05 1.135e-05 1.335e-05 6.95e-06 9.95e-06 1.215e-05 9.45e-06 1.35e-05 1.245e-05 1.155e-05 1.095e-05 1.2e-05 1.08e-05 1.045e-05 1.215e-05 9.85e-06 8.85e-06 1.35e-05 1.42e-05 1.205e-05 1.205e-05 1.32e-05 1.355e-05 7.2e-06 1.225e-05 1.245e-05 9.2e-06 1.23e-05 1.415e-05 9.35e-06 1.145e-05 1.265e-05 7.85e-06 1.205e-05 1.155e-05 1.315e-05 1.385e-05 9.5e-06 9.6e-06 1.115e-05 1e-05 8.45e-06 1.14e-05 1.155e-05 1.155e-05 8.25e-06 1.065e-05 9.45e-06 9.85e-06 9.8e-06 1.02e-05 1.28e-05 1.185e-05 1.215e-05 1.205e-05 9.05e-06 1.21e-05 9.15e-06 1.025e-05 1.24e-05 8.7e-06 9.2e-06 1.215e-05 1.04e-05 1.14e-05
14 2e-06 8.75e-06 8.85e-06 8.95e-06 9.25e-06 1.02e-05 1.49e-05 2.85e-06 9e-06 1.005e-05 2.35e-06 7.6e-06 1.385e-05 1.185e-05 3.7e-06 1.34e-05 8.85e-06 8.75e-06 6.25e-06 9.05e-06 3.2e-06 1.22e-05 7.2e-06 1.03e-05 1.08e-05 1.115e-05 1.25e-05 7.5e-06 6.85e-06 8.7e-06 1.375e-05 3e-06 1.49e-05 9.65e-06 1.37e-05 2.75e-06 9.35e-06 1.55e-05 1.245e-05 6.1e-06 8.9e-06 1.345e-05 8.2e-06 1.37e-05 9.85e-06 5.35e-06 2.2e-06 1.305e-05 1.195e-05 3.4e-06 6.3e-06 8.9e-06 1.335e-05 1.41e-05 1.095e-05 3.1e-06 8.9e-06 8.25e-06 9.7e-06 9.1e-06 9.45e-06 7.9e-06 2.7e-06 1.5e-05 5.7e-06 3.8e-06 7.35e-06 8.45e-06 2.65e-06 4.45e-06 1.03e-05 1.485e-05 7.3e-06 7.8e-06 7.6e-06 7.95e-06 6.9e-06 3.65e-06 3.9e-06 9.95e-06 1.02e-05 5.9e-06 1.32e-05 1.26e-05 5.85e-06 1.395e-05 8.85e-06 2.15e-06 2.85e-06 2.85e-06 1.32e-05 2.35e-06 7.65e-06 1.38e-05 3e-06 1.355e-05 7.6e-06 9.75e-06 1.19e-05 7.85e-06
15 1.33e-05 1.045e-05 1.245e-05 1.22e-05 1.08e-05 1.235e-05 1.02e-05 1.365e-05 1.235e-05 9.9e-06 1.34e-05 1.295e-05 1.01e-05 9.4e-06 1.34e-05 1.47e-05 1.135e-05 1.245e-05 1.28e-05 1.07e-05 1.355e-05 9.8e-06 1.205e-05 1.25e-05 1.235e-05 1.21e-05 1.155e-05 1.26e-05 1.025e-05 1.22e-05 1.145e-05 1.375e-05 1.02e-05 1.175e-05 1.045e-05 1.345e-05 1.26e-05 1.1e-05 1.14e-05 1.295e-05 1.26e-05 7.4e-06 1.305e-05 1.15e-05 1.2e-05 1.24e-05 1.34e-05 1.15e-05 1.14e-05 1.355e-05 1.27e-05 1.23e-05 1.13e-05 1.185e-05 1.19e-05 1.365e-05 1.135e-05 1.31e-05 1.24e-05 1.195e-05 1.06e-05 1.2e-05 1.37e-05 8.25e-06 1.235e-05 1.285e-05 1.235e-05 1.015e-05 1.335e-05 1.375e-05 1.265e-05 1.015e-05 1.23e-05 1.32e-05 1.24e-05 1.305e-05 1.045e-05 1.27e-05 1.295e-05 1.23e-05 1.135e-05 1.34e-05 1.12e-05 1.145e-05 1.265e-05 9.3e-06 1.03e-05 1.325e-05 1.355e-05 1.36e-05 9.3e-06 1.355e-05 1.015e-05 1.18e-05 1.38e-05 9.9e-06 1.265e-05 1.165e-05 1.135e-05 1.25e-05
16 8.75e-06 1.18e-05 1e-05 9.7e-06 9.6e-06 1.075e-05 9.15e-06 9.1e-06 1e-05 9.6e-06 8.7e-06 9.75e-06 1.135e-05 1.32e-05 8.85e-06 1.135e-05 1.56e-05 9.8e-06 1.09e-05 1.205e-05 9.4e-06 1.36e-05 1.115e-05 1.155e-05 1.165e-05 1.325e-05 1.045e-05 9.55e-06 1.125e-05 9.75e-06 1.34e-05 9.4e-06 9.15e-06 1.015e-05 8.8e-06 9.1e-06 1.075e-05 1.18e-05 1.39e-05 1.09e-05 1.07e-05 1.14e-05 1e-05 1.095e-05 1.105e-05 9.5e-06 8.4e-06 1.195e-05 1.14e-05 9.5e-06 1.075e-05 1.185e-05 1.015e-05 1.07e-05 1.14e-05 9.45e-06 8.8e-06 1.005e-05 1.25e-05 1.055e-05 8.7e-06 1.16e-05 8.95e-06 8.85e-06 1.065e-05 9.4e-06 9.3e-06 1.155e-05 8.3e-06 1.015e-05 1.07e-05 9.05e-06 1.14e-05 1.17e-05 1.02e-05 1.175e-05 1.095e-05 8.7e-06 9.5e-06 1.09e-05 1.175e-05 1.105e-05 1.18e-05 1.235e-05 1.07e-05 1.155e-05 9.4e-06 8.35e-06 9.2e-06 9.3e-06 1.195e-05 8.45e-06 1.05e-05 1.235e-05 9.35e-06 1.315e-05 1.13e-05 9.9e-06 1.135e-05 1.01e-05
17 8.65e-06 1.17e-05 8.55e-06 8.85e-06 1.06e-05 9.55e-06 9.5e-06 8.55e-06 8.95e-06 1.07e-05 8.5e-06 9.2e-06 1.23e-05 1.295e-05 8.75e-06 1.245e-05 9.8e-06 1.53e-05 1.07e-05 1.13e-05 9.2e-06 1.275e-05 1.105e-05 1.05e-05 1.065e-05 1.245e-05 9.1e-06 8.95e-06 1.11e-05 8.4e-06 1.25e-05 9.05e-06 9.6e-06 8.9e-06 1e-05 8.75e-06 8.95e-06 9.7e-06 1.305e-05 1.075e-05 9.55e-06 1.25e-05 8.9e-06 9.05e-06 1.015e-05 9e-06 8.15e-06 1.22e-05 1.015e-05 9.25e-06 1.065e-05 1.175e-05 8.55e-06 8.2e-06 9.4e-06 9.3e-06 9.65e-06 8.95e-06 1.225e-05 9.4e-06 9.65e-06 1.145e-05 8.85e-06 1.105e-05 1.055e-05 9.15e-06 8.8e-06 1.14e-05 8.75e-06 9.5e-06 8.85e-06 9.55e-06 1.13e-05 1.155e-05 9.2e-06 1.08e-05 1.085e-05 8.45e-06 9.25e-06 1.015e-05 1.28e-05 1.105e-05 1.03e-05 1.13e-05 1.05e-05 1.13e-05 1.05e-05 7.95e-06 8.95e-06 9.1e-06 1.07e-05 8.45e-06 1.135e-05 1.105e-05 9e-06 1.225e-05 1.12e-05 9.05e-06 9.85e-06 9.1e-06
18 6.25e-06 8.9e-06 9.95e-06 1.075e-05 1.005e-05 1.155e-05 1.53e-05 5.45e-06 1.095e-05 1.08e-05 5.45e-06 1.055e-05 1.3e-05 9.95e-06 6.25e-06 1.28e-05 1.09e-05 1.07e-05 9.8e-06 9.45e-06 6.15e-06 1.075e-05 8.05e-06 1.07e-05 1.13e-05 8.2e-06 1.355e-05 9.5e-06 8.6e-06 1.005e-05 1.21e-05 5.05e-06 1.53e-05 1.075e-05 1.47e-05 5.55e-06 1.06e-05 1.575e-05 1.05e-05 6.35e-06 9.95e-06 1.285e-05 1.01e-05 1.43e-05 1.005e-05 7.1e-06 5.95e-06 1.09e-05 1.03e-05 5.65e-06 5.6e-06 8.6e-06 1.44e-05 1.515e-05 1.185e-05 6.05e-06 1.03e-05 1.015e-05 8.45e-06 1.095e-05 1.07e-05 8.4e-06 6.05e-06 1.52e-05 5.8e-06 5.75e-06 9.9e-06 8.8e-06 6.25e-06 6.8e-06 1.17e-05 1.525e-05 8.2e-06 8.85e-06 1e-05 8.15e-06 8.3e-06 6.45e-06 5.85e-06 1.04e-05 6.75e-06 7.55e-06 1.255e-05 1.01e-05 5.65e-06 1.38e-05 1.085e-05 5.8e-06 5.75e-06 5.95e-06 1.285e-05 6.05e-06 9.1e-06 1.295e-05 5.6e-06 1.24e-05 8.25e-06 1.075e-05 1.005e-05 9.8e-06
19 8.95e-06 7.55e-06 1.13e-05 1.11e-05 1.225e-05 1.14e-05 1.425e-05 9.1e-06 1.17e-05 1.095e-05 8.85e-06 1.22e-05 1.25e-05 8.3e-06 9.05e-06 1.07e-05 1.205e-05 1.13e-05 9.45e-06 1.22e-05 9.3e-06 8.5e-06 9.25e-06 1.07e-05 1.16e-05 1.02e-05 1.315e-05 1.185e-05 7.8e-06 1.105e-05 1.15e-05 9.2e-06 1.425e-05 1.085e-05 1.49e-05 8.9e-06 9.75e-06 1.365e-05 1.005e-05 9.6e-06 1.09e-05 1.075e-05 1.25e-05 1.3e-05 9.8e-06 8.5e-06 8.85e-06 1.225e-05 1.145e-05 9.2e-06 9.2e-06 9.3e-06 1.395e-05 1.47e-05 1.02e-05 9.35e-06 1.2e-05 1.255e-05 1.045e-05 1.09e-05 1.125e-05 9.4e-06 9e-06 1.49e-05 9.25e-06 7.95e-06 1.16e-05 7.25e-06 8.9e-06 9.8e-06 1.115e-05 1.42e-05 9.5e-06 1.06e-05 1.045e-05 9.95e-06 7.8e-06 9.2e-06 8e-06 1.065e-05 1.045e-05 1.05e-05 1.17e-05 1.17e-05 9.3e-06 1.105e-05 1.2e-05 8.7e-06 9e-06 9.15e-06 9.95e-06 9e-06 8.5e-06 1.26e-05 9.25e-06 1e-05 1.005e-05 1.01e-05 1.14e-05 1.03e-05
20 3.15e-06 9e-06 8.8e-06 9.35e-06 9.2e-06 1.055e-05 1.51e-05 3.05e-06 8.7e-06 1.03e-05 2.9e-06 8.15e-06 1.395e-05 1.2e-05 3.2e-06 1.355e-05 9.4e-06 9.2e-06 6.15e-06 9.3e-06 4.3e-06 1.23e-05 7.75e-06 1.05e-05 1.11e-05 1.125e-05 1.27e-05 7.6e-06 7.5e-06 8.7e-06 1.385e-05 2.85e-06 1.51e-05 9.85e-06 1.39e-05 3.1e-06 9.7e-06 1.585e-05 1.25e-05 6.6e-06 9.05e-06 1.36e-05 8.2e-06 1.405e-05 1.01e-05 5.7e-06 3.2e-06 1.325e-05 1.21e-05 2.55e-06 6.4e-06 8.95e-06 1.355e-05 1.43e-05 1.13e-05 3.3e-06 9e-06 8.25e-06 9.75e-06 9.85e-06 9.75e-06 7.35e-06 3.4e-06 1.52e-05 6.2e-06 3.95e-06 7.85e-06 8.7e-06 3.5e-06 4.35e-06 1.08e-05 1.505e-05 7.95e-06 8.15e-06 8.15e-06 7.9e-06 7.6e-06 4.4e-06 4.05e-06 1.03e-05 1.035e-05 6.35e-06 1.335e-05 1.27e-05 6.4e-06 1.415e-05 9.35e-06 3.05e-06 3.25e-06 2.8e-06 1.335e-05 3.35e-06 8.25e-06 1.38e-05 3.15e-06 1.37e-05 7.9e-06 1e-05 1.205e-05 8.35e-06
21 1.21e-05 8.8e-06 1.275e-05 1.25e-05 1.39e-05 1.245e-05 1.365e-05 1.27e-05 1.28e-05 1.3e-05 1.245e-05 1.355e-05 1.05e-05 6.05e-06 1.22e-05 9.8e-06 1.36e-05 1.275e-05 1.075e-05 8.5e-06 1.23e-05 9.8e-06 9.3e-06 1.125e-05 1.155e-05 6.85e-06 1.185e-05 1.345e-05 8.4e-06 1.25e-05 8.75e-06 1.28e-05 1.365e-05 1.19e-05 1.445e-05 1.25e-05 1.04e-05 1.255e-05 5.45e-06 1.065e-05 1.17e-05 9.85e-06 1.37e-05 1.14e-05 1.11e-05 1.13e-05 1.245e-05 1.07e-05 1.06e-05 1.26e-05 1.065e-05 9.4e-06 1.34e-05 1.375e-05 1.135e-05 1.255e-05 1.355e-05 1.375e-05 8.4e-06 1.21e-05 1.28e-05 9.25e-06 1.275e-05 1.45e-05 1.005e-05 1.19e-05 1.32e-05 8.45e-06 1.25e-05 1.135e-05 1.24e-05 1.36e-05 9.55e-06 1.005e-05 1.065e-05 8.9e-06 8.85e-06 1.185e-05 1.2e-05 1.145e-05 9.4e-06 1.075e-05 9.4e-06 9.75e-06 1.06e-05 9.95e-06 1.315e-05 1.23e-05 1.26e-05 1.235e-05 8.85e-06 1.26e-05 9.55e-06 1.015e-05 1.285e-05 8.25e-06 9.75e-06 1.195e-05 1.055e-05 1.1e-05
22 7.05e-06 9.05e-06 1.12e-05 1.125e-05 1.145e-05 1.215e-05 1.505e-05 7.35e-06 1.135e-05 1.13e-05 6.85e-06 1.095e-05 1.105e-05 9.25e-06 7.2e-06 1.205e-05 1.115e-05 1.105e-05 8.05e-06 9.25e-06 7.75e-06 9.3e-06 1.26e-05 1.12e-05 1.16e-05 9.05e-06 1.29e-05 1.045e-05 8.45e-06 1.09e-05 9.9e-06 7.6e-06 1.505e-05 1.145e-05 1.44e-05 7.3e-06 1.08e-05 1.55e-05 7.95e-06 8.35e-06 1.025e-05 1.21e-05 1.11e-05 1.37e-05 1.035e-05 8.2e-06 6.6e-06 1.19e-05 1.155e-05 7.8e-06 7.95e-06 8.5e-06 1.405e-05 1.48e-05 1.24e-05 7.9e-06 1.13e-05 1.115e-05 8.55e-06 1.125e-05 1.11e-05 7.15e-06 7.2e-06 1.5e-05 7.95e-06 7.45e-06 1.035e-05 8.75e-06 7.25e-06 7.45e-06 1.22e-05 1.5e-05 6.8e-06 8.8e-06 1.01e-05 8.6e-06 8e-06 7.35e-06 7.55e-06 1.08e-05 9.4e-06 8.2e-06 1.155e-05 1.105e-05 7.9e-06 1.325e-05 1.14e-05 6.55e-06 7.55e-06 7.65e-06 1.2e-05 6.75e-06 9.35e-06 1.215e-05 7.45e-06 1.145e-05 8.25e-06 1.115e-05 1.15e-05 1e-05
23 1.02e-05 1.15e-05 1.055e-05 1.03e-05 1.205e-05 9.1e-06 1.105e-05 1.105e-05 1.075e-05 1.135e-05 1.08e-05 1.14e-05 1.21e-05 1.17e-05 1.03e-05 1.25e-05 1.155e-05 1.05e-05 1.07e-05 1.07e-05 1.05e-05 1.125e-05 1.12e-05 1.38e-05 8.4e-06 1.02e-05 1.095e-05 1.15e-05 1.11e-05 1.03e-05 9.4e-06 1.12e-05 1.105e-05 9.3e-06 1.21e-05 1.085e-05 9.35e-06 1.095e-05 1.08e-05 1.04e-05 8.8e-06 1.255e-05 1.18e-05 1.04e-05 8.4e-06 1.045e-05 1.075e-05 9.25e-06 9.95e-06 1.105e-05 1.06e-05 1.085e-05 1.085e-05 1.125e-05 9.7e-06 1.045e-05 1.16e-05 1.185e-05 1.075e-05 1.09e-05 1.105e-05 1.12e-05 1.11e-05 1.23e-05 9.65e-06 1.05e-05 1.12e-05 1.13e-05 1.08e-05 1.07e-05 9.85e-06 1.095e-05 1.145e-05 1.11e-05 9.75e-06 1.07e-05 1.175e-05 1.065e-05 1.06e-05 8.45e-06 1.08e-05 1.035e-05 1.005e-05 9.3e-06 1.05e-05 1.18e-05 1.09e-05 1.06e-05 1.095e-05 1.05e-05 1.12e-05 1.07e-05 1.195e-05 1.08e-05 1.125e-05 9.9e-06 1.095e-05 1e-05 9.9e-06 1.04e-05
24 1.07e-05 1.19e-05 1.07e-05 1.035e-05 1.215e-05 8.75e-06 1.065e-05 1.17e-05 1.02e-05 1.14e-05 1.145e-05 1.14e-05 1.195e-05 1.2e-05 1.08e-05 1.235e-05 1.165e-05 1.065e-05 1.13e-05 1.16e-05 1.11e-05 1.155e-05 1.16e-05 8.4e-06 1.57e-05 1.07e-05 1.115e-05 1.18e-05 1.135e-05 1.04e-05 1.035e-05 1.185e-05 1.06e-05 9.45e-06 1.185e-05 1.145e-05 1.02e-05 9.95e-06 1.11e-05 1.07e-05 9.95e-06 1.24e-05 1.18e-05 9.8e-06 9.55e-06 1.1e-05 1.14e-05 1.03e-05 1e-05 1.165e-05 1.115e-05 1.12e-05 1.06e-05 1.075e-05 1.015e-05 1.105e-05 1.17e-05 1.185e-05 1.13e-05 1.105e-05 1.115e-05 1.155e-05 1.17e-05 1.185e-05 1.01e-05 1.11e-05 1.135e-05 1.17e-05 1.125e-05 1.13e-05 9.65e-06 1.05e-05 1.185e-05 1.12e-05 1.015e-05 1.125e-05 1.215e-05 1.125e-05 1.12e-05 9.7e-06 1.125e-05 1.08e-05 1.01e-05 9.3e-06 1.095e-05 1.17e-05 1.08e-05 1.125e-05 1.145e-05 1.1e-05 1.105e-05 1.135e-05 1.225e-05 1.07e-05 1.19e-05 1.085e-05 1.12e-05 1.005e-05 1e-05 1.08e-05
25 1.105e-05 1.03e-05 1.245e-05 1.22e-05 1.34e-05 1.205e-05 1.41e-05 1.16e-05 1.25e-05 1.265e-05 1.135e-05 1.335e-05 1.105e-05 7.6e-06 1.115e-05 1.21e-05 1.325e-05 1.245e-05 8.2e-06 1.02e-05 1.125e-05 6.85e-06 9.05e-06 1.02e-05 1.07e-05 8.6e-06 1.24e-05 1.315e-05 1.015e-05 1.22e-05 8.65e-06 1.17e-05 1.41e-05 1.145e-05 1.49e-05 1.14e-05 1.015e-05 1.38e-05 5.45e-06 8.4e-06 1.075e-05 1.215e-05 1.34e-05 1.195e-05 1.03e-05 1.045e-05 1.135e-05 8.6e-06 9.05e-06 1.15e-05 8.1e-06 8.65e-06 1.39e-05 1.425e-05 1.18e-05 1.14e-05 1.325e-05 1.345e-05 6.75e-06 1.255e-05 1.265e-05 9e-06 1.165e-05 1.48e-05 7.5e-06 1.095e-05 1.29e-05 1.015e-05 1.14e-05 9.95e-06 1.21e-05 1.405e-05 9.3e-06 9.25e-06 1.045e-05 8.05e-06 1.055e-05 1.075e-05 1.105e-05 1.05e-05 5.9e-06 9.3e-06 9.35e-06 7.75e-06 8.25e-06 1.21e-05 1.265e-05 1.12e-05 1.15e-05 1.13e-05 1.135e-05 1.145e-05 1.09e-05 1.005e-05 1.175e-05 1.01e-05 8.85e-06 1.18e-05 8.75e-06 1.075e-05
26 1.24e-05 1.32e-05 9.3e-06 9.45e-06 1.195e-05 9.5e-06 6.65e-06 1.31e-05 9.25e-06 1.185e-05 1.285e-05 8.4e-06 1.02e-05 1.215e-05 1.25e-05 1.155e-05 1.045e-05 9.1e-06 1.355e-05 1.315e-05 1.27e-05 1.185e-05 1.29e-05 1.095e-05 1.115e-05 1.24e-05 8.2e-06 8.7e-06 1.25e-05 9.1e-06 1.115e-05 1.33e-05 6.7e-06 9.1e-06 6.15e-06 1.295e-05 8.35e-06 7.2e-06 1.19e-05 1.305e-05 1.08e-05 1.16e-05 9.05e-06 4.95e-06 1.11e-05 1.1e-05 1.275e-05 1.2e-05 9.45e-06 1.31e-05 1.34e-05 1.29e-05 4.75e-06 5.05e-06 1.04e-05 1.3e-05 1.005e-05 9.1e-06 1.195e-05 1.06e-05 9.9e-06 1.285e-05 1.31e-05 8.55e-06 1.275e-05 1.32e-05 8.4e-06 1.285e-05 1.285e-05 1.34e-05 9.4e-06 6.55e-06 1.315e-05 1.235e-05 8.05e-06 1.215e-05 1.295e-05 1.125e-05 1.33e-05 1.08e-05 1.43e-05 1.31e-05 8.15e-06 1.115e-05 1.335e-05 9.7e-06 1.11e-05 1.26e-05 1.305e-05 1.28e-05 9.15e-06 1.29e-05 1.315e-05 8.9e-06 1.33e-05 1.115e-05 1.24e-05 9.75e-06 9.3e-06 8.45e-06
27 7.55e-06 1.125e-05 8.65e-06 9.4e-06 9.75e-06 1.07e-05 1.095e-05 7.15e-06 9.4e-06 1.085e-05 6.8e-06 7.3e-06 1.245e-05 1.29e-05 7.5e-06 1.26e-05 9.55e-06 8.95e-06 9.5e-06 1.185e-05 7.6e-06 1.345e-05 1.045e-05 1.15e-05 1.18e-05 1.315e-05 8.7e-06 1.29e-05 1.04e-05 8.5e-06 1.325e-05 6.75e-06 1.1e-05 1e-05 9.05e-06 6.95e-06 1.06e-05 1.19e-05 1.375e-05 9.95e-06 1.005e-05 1.265e-05 7.4e-06 1.085e-05 1.09e-05 8.3e-06 7.3e-06 1.325e-05 1.12e-05 7.15e-06 9.7e-06 1.14e-05 8.5e-06 9.2e-06 1.145e-05 7.5e-06 8.65e-06 7.45e-06 1.125e-05 9.95e-06 9.65e-06 1.08e-05 7.35e-06 1.155e-05 9.85e-06 7.85e-06 7e-06 1.095e-05 7.65e-06 8.85e-06 1.07e-05 1.095e-05 1.055e-05 1.06e-05 9.4e-06 1.05e-05 1.01e-05 7.35e-06 7.95e-06 1.075e-05 1.29e-05 9.85e-06 1.155e-05 1.24e-05 9.7e-06 1.25e-05 1.015e-05 7.15e-06 7.15e-06 7.45e-06 1.175e-05 7.45e-06 1.08e-05 1.2e-05 6.95e-06 1.3e-05 1.035e-05 1.01e-05 1.105e-05 9.3e-06
28 6.75e-06 7.5e-06 1.11e-05 1.085e-05 1.17e-05 1.115e-05 1.435e-05 8e-06 1.09e-05 1.14e-05 7.75e-06 1.01e-05 1.2e-05 8.1e-06 6.85e-06 1.025e-05 1.125e-05 1.11e-05 8.6e-06 7.8e-06 7.5e-06 8.4e-06 8.45e-06 1.11e-05 1.135e-05 1.015e-05 1.25e-05 1.04e-05 1.14e-05 1.085e-05 1.175e-05 8.1e-06 1.435e-05 1.06e-05 1.375e-05 7.75e-06 1.08e-05 1.39e-05 1.005e-05 8.1e-06 1.09e-05 1.03e-05 1.105e-05 1.31e-05 1.085e-05 7.9e-06 7.75e-06 1.26e-05 1.15e-05 8e-06 8.55e-06 9.5e-06 1.34e-05 1.415e-05 1.14e-05 7.6e-06 1.12e-05 1.11e-05 9.75e-06 1.075e-05 1.085e-05 8.5e-06 8.1e-06 1.465e-05 7.4e-06 7.8e-06 1e-05 7.15e-06 7.65e-06 8.35e-06 1.18e-05 1.43e-05 8.7e-06 9.15e-06 9.15e-06 9.65e-06 6.8e-06 7.85e-06 7.9e-06 1.13e-05 1e-05 8.15e-06 1.21e-05 1.175e-05 8.25e-06 1.11e-05 1.055e-05 7.6e-06 7.75e-06 7.3e-06 9.95e-06 7.9e-06 7.4e-06 1.27e-05 8.15e-06 1.015e-05 9.1e-06 1.09e-05 1.145e-05 9.85e-06
29 8.55e-06 1.145e-05 8.05e-06 8.6e-06 1e-05 9.3e-06 9.4e-06 8.3e-06 8.8e-06 1.045e-05 7.95e-06 9.25e-06 1.205e-05 1.27e-05 8.7e-06 1.22e-05 9.75e-06 8.4e-06 1.005e-05 1.105e-05 8.7e-06 1.25e-05 1.09e-05 1.03e-05 1.04e-05 1.22e-05 9.1e-06 8.5e-06 1.085e-05 1.49e-05 1.225e-05 8e-06 9.15e-06 8.75e-06 1e-05 8.05e-06 8.75e-06 9.5e-06 1.28e-05 1.055e-05 9.65e-06 1.225e-05 8.55e-06 8.8e-06 9.9e-06 8.9e-06 8.35e-06 1.2e-05 9.75e-06 8.3e-06 1.02e-05 1.135e-05 8.3e-06 8.65e-06 9.25e-06 8.65e-06 9e-06 8.6e-06 1.21e-05 9.4e-06 9.4e-06 1.13e-05 8.6e-06 1.085e-05 1.03e-05 8.45e-06 8.8e-06 1.115e-05 8.7e-06 9.95e-06 8.6e-06 9.3e-06 1.12e-05 1.125e-05 9e-06 1.02e-05 1.075e-05 8.4e-06 8.55e-06 9.95e-06 1.255e-05 1.085e-05 1.02e-05 1.11e-05 1.025e-05 1.085e-05 1.03e-05 8.2e-06 8.3e-06 8.5e-06 1.02e-05 8.5e-06 1.115e-05 1.08e-05 8.1e-06 1.2e-05 1.085e-05 8.75e-06 9.9e-06 8.9e-06
30 1.365e-05 1.22e-05 1.25e-05 1.23e-05 1.375e-05 1.215e-05 1.16e-05 1.43e-05 1.255e-05 1.29e-05 1.405e-05 1.335e-05 9.45e-06 9.6e-06 1.375e-05 1.145e-05 1.34e-05 1.25e-05 1.21e-05 1.15e-05 1.385e-05 8.75e-06 9.9e-06 9.4e-06 1.035e-05 8.65e-06 1.115e-05 1.325e-05 1.175e-05 1.225e-05 1.16e-05 1.44e-05 1.16e-05 1.16e-05 1.245e-05 1.41e-05 1.13e-05 1.12e-05 6.65e-06 1.2e-05 9.9e-06 1.15e-05 1.355e-05 1.06e-05 9.3e-06 1.275e-05 1.405e-05 8.65e-06 1.01e-05 1.425e-05 1.205e-05 1.07e-05 1.135e-05 1.175e-05 1.17e-05 1.41e-05 1.335e-05 1.36e-05 9.45e-06 1.265e-05 1.26e-05 1.005e-05 1.44e-05 1.255e-05 1.135e-05 1.355e-05 1.3e-05 1.19e-05 1.41e-05 1.255e-05 1.19e-05 1.15e-05 1.03e-05 1.13e-05 1.17e-05 1.095e-05 1.225e-05 1.325e-05 1.365e-05 9.6e-06 1.055e-05 1.15e-05 8.9e-06 8.35e-06 1.195e-05 1.15e-05 1.3e-05 1.39e-05 1.42e-05 1.385e-05 1.04e-05 1.415e-05 1.295e-05 9.55e-06 1.445e-05 8.2e-06 1.1e-05 1.18e-05 1.005e-05 1.21e-05
31 3.15e-06 8.85e-06 7.85e-06 9.4e-06 8e-06 1.125e-05 1.565e-05 1.4e-06 9.7e-06 1e-05 1.3e-06 8.55e-06 1.45e-05 1.235e-05 3e-06 1.375e-05 9.4e-06 9.05e-06 5.05e-06 9.2e-06 2.85e-06 1.28e-05 7.6e-06 1.12e-05 1.185e-05 1.17e-05 1.33e-05 6.75e-06 8.1e-06 8e-06 1.44e-05 8e-07 1.565e-05 1.045e-05 1.45e-05 1.45e-06 9.65e-06 1.635e-05 1.31e-05 6.8e-06 9.25e-06 1.38e-05 7.45e-06 1.46e-05 1.005e-05 5.6e-06 2.35e-06 1.37e-05 1.25e-05 1.65e-06 5.95e-06 8.8e-06 1.415e-05 1.49e-05 1.12e-05 2.5e-06 8.1e-06 7.5e-06 1.035e-05 9.45e-06 9.65e-06 8.35e-06 2.2e-06 1.55e-05 6.8e-06 2.45e-06 7.85e-06 8.6e-06 2.9e-06 4.8e-06 1.075e-05 1.56e-05 7.6e-06 8.4e-06 8.9e-06 7.15e-06 7.15e-06 3.95e-06 2.55e-06 1.025e-05 1.065e-05 7e-06 1.395e-05 1.315e-05 5.8e-06 1.465e-05 9.9e-06 2.2e-06 1.75e-06 2.4e-06 1.38e-05 2.5e-06 8.15e-06 1.425e-05 1.2e-06 1.415e-05 7.75e-06 9.95e-06 1.245e-05 8.3e-06
32 1.48e-05 1.475e-05 9.65e-06 9.3e-06 1.11e-05 9.2e-06 3.3e-06 1.55e-05 9.6e-06 1.045e-05 1.525e-05 1.08e-05 9.25e-06 1.39e-05 1.49e-05 1.02e-05 9.15e-06 9.6e-06 1.53e-05 1.425e-05 1.51e-05 1.365e-05 1.505e-05 1.105e-05 1.06e-05 1.41e-05 6.7e-06 1.1e-05 1.435e-05 9.15e-06 1.16e-05 1.565e-05 6.1e-06 8.8e-06 4.75e-06 1.53e-05 1.025e-05 5.35e-06 1.395e-05 1.49e-05 1.155e-05 1.025e-05 1.08e-05 5.55e-06 1.125e-05 1.315e-05 1.52e-05 1.065e-05 9e-06 1.545e-05 1.52e-05 1.46e-05 4.75e-06 4.9e-06 9.85e-06 1.525e-05 9.35e-06 1.085e-05 1.47e-05 1.085e-05 8.8e-06 1.5e-05 1.555e-05 4.65e-06 1.45e-05 1.5e-05 1.07e-05 1.445e-05 1.525e-05 1.585e-05 8.95e-06 3.15e-06 1.53e-05 1.47e-05 1.07e-05 1.445e-05 1.485e-05 1.38e-05 1.51e-05 1.115e-05 1.4e-05 1.53e-05 8.45e-06 1.065e-05 1.51e-05 8.15e-06 1.025e-05 1.505e-05 1.54e-05 1.515e-05 8.7e-06 1.525e-05 1.39e-05 9.15e-06 1.57e-05 1.135e-05 1.465e-05 9.05e-06 9.15e-06 1.11e-05
33 9.55e-06 1.115e-05 8.8e-06 8.85e-06 1.11e-05 8.4e-06 8.6e-06 1.035e-05 9.1e-06 1.04e-05 1.01e-05 9.75e-06 1.145e-05 1.205e-05 9.65e-06 1.175e-05 1.015e-05 8.9e-06 1.075e-05 1.085e-05 9.85e-06 1.19e-05 1.145e-05 9.3e-06 9.45e-06 1.145e-05 9.1e-06 1e-05 1.06e-05 8.75e-06 1.16e-05 1.045e-05 8.8e-06 1.39e-05 9.9e-06 1.015e-05 8.65e-06 9e-06 1.22e-05 1.02e-05 1.01e-05 1.18e-05 1e-05 8.35e-06 9.65e-06 9.1e-06 1.01e-05 1.14e-05 9.1e-06 1.03e-05 1.07e-05 1.125e-05 8.55e-06 8.55e-06 9.1e-06 9.5e-06 1e-05 1.005e-05 1.215e-05 9.95e-06 9.4e-06 1.145e-05 1.045e-05 1.05e-05 9.85e-06 9.75e-06 9.75e-06 1.09e-05 1.015e-05 1.115e-05 8.55e-06 8.75e-06 1.17e-05 1.135e-05 8.8e-06 1.115e-05 1.125e-05 9.65e-06 9.85e-06 9.8e-06 1.165e-05 1.07e-05 9.5e-06 1.01e-05 1.05e-05 1.06e-05 1.025e-05 9.95e-06 1.025e-05 9.85e-06 9.85e-06 1.005e-05 1.16e-05 1.01e-05 1.05e-05 1.135e-05 1.14e-05 8.6e-06 9.05e-06 9.35e-06
34 1.36e-05 1.44e-05 1.02e-05 9.95e-06 1.08e-05 1.045e-05 4.7e-06 1.43e-05 1.005e-05 1.07e-05 1.405e-05 8.8e-06 9.5e-06 1.395e-05 1.37e-05 1.045e-05 8.8e-06 1e-05 1.47e-05 1.49e-05 1.39e-05 1.445e-05 1.44e-05 1.21e-05 1.185e-05 1.49e-05 6.15e-06 9.05e-06 1.375e-05 1e-05 1.245e-05 1.45e-05 4.75e-06 9.9e-06 7.2e-06 1.415e-05 1.195e-05 7.6e-06 1.475e-05 1.425e-05 1.18e-05 1.05e-05 9.6e-06 7.45e-06 1.21e-05 1.24e-05 1.395e-05 1.175e-05 1.03e-05 1.43e-05 1.455e-05 1.45e-05 4.8e-06 5.3e-06 1.19e-05 1.41e-05 9.05e-06 9.65e-06 1.37e-05 1.14e-05 8.9e-06 1.435e-05 1.43e-05 5.2e-06 1.39e-05 1.44e-05 8.75e-06 1.41e-05 1.405e-05 1.46e-05 1.09e-05 4.65e-06 1.465e-05 1.4e-05 1.095e-05 1.47e-05 1.42e-05 1.255e-05 1.45e-05 1.18e-05 1.42e-05 1.415e-05 9.65e-06 1.18e-05 1.45e-05 9.65e-06 9.95e-06 1.38e-05 1.425e-05 1.4e-05 1.01e-05 1.4e-05 1.34e-05 1.02e-05 1.45e-05 1.22e-05 1.4e-05 1.025e-05 1.015e-05 1.135e-05
35 2.75e-06 8.55e-06 8.3e-06 8.7e-06 8.45e-06 1.085e-05 1.53e-05 1.9e-06 9.3e-06 9.7e-06 1.5e-06 8.2e-06 1.42e-05 1.205e-05 2.75e-06 1.345e-05 9.1e-06 8.75e-06 5.55e-06 8.9e-06 3.1e-06 1.25e-05 7.3e-06 1.085e-05 1.145e-05 1.14e-05 1.295e-05 6.95e-06 7.75e-06 8.05e-06 1.41e-05 1.45e-06 1.53e-05 1.015e-05 1.415e-05 2.3e-06 9.3e-06 1.595e-05 1.28e-05 6.5e-06 8.9e-06 1.35e-05 7.7e-06 1.42e-05 9.75e-06 4.95e-06 2.05e-06 1.335e-05 1.22e-05 2.2e-06 5.95e-06 8.65e-06 1.38e-05 1.455e-05 1.085e-05 2.35e-06 8.3e-06 7.75e-06 1e-05 9.25e-06 9.35e-06 8.05e-06 2.3e-06 1.515e-05 6.45e-06 2.6e-06 7.45e-06 8.3e-06 2.55e-06 4.5e-06 1.035e-05 1.525e-05 7.45e-06 8.2e-06 8.5e-06 7.4e-06 7e-06 3.25e-06 2.7e-06 9.9e-06 1.035e-05 6.25e-06 1.36e-05 1.285e-05 5.7e-06 1.43e-05 9.5e-06 1.9e-06 1.8e-06 2.6e-06 1.35e-05 2.2e-06 7.75e-06 1.405e-05 1.65e-06 1.385e-05 7.5e-06 9.65e-06 1.215e-05 7.9e-06
36 9.25e-06 1.08e-05 9e-06 9.05e-06 1.15e-05 9.05e-06 1.025e-05 9.5e-06 9.35e-06 1.09e-05 9.25e-06 1.075e-05 1.215e-05 1.135e-05 9.35e-06 1.26e-05 1.075e-05 8.95e-06 1.06e-05 9.75e-06 9.7e-06 1.04e-05 1.08e-05 9.35e-06 1.02e-05 1.015e-05 8.35e-06 1.06e-05 1.08e-05 8.75e-06 1.13e-05 9.65e-06 1.025e-05 8.65e-06 1.195e-05 9.3e-06 1.03e-05 9.95e-06 1.045e-05 1.055e-05 9.55e-06 1.265e-05 1.05e-05 7.1e-06 9.25e-06 8.9e-06 9.2e-06 1.125e-05 9.85e-06 9.7e-06 1.055e-05 1.035e-05 9.95e-06 9.95e-06 7.8e-06 9.75e-06 1.05e-05 1.055e-05 1.125e-05 9.95e-06 9.95e-06 1.1e-05 9.6e-06 1.22e-05 1.03e-05 9.05e-06 1.03e-05 1.05e-05 9.25e-06 1.06e-05 7.3e-06 1.01e-05 1.105e-05 1.075e-05 7.25e-06 9.2e-06 1.085e-05 9.1e-06 9.15e-06 9.1e-06 1.195e-05 1.135e-05 9.3e-06 1.1e-05 1.04e-05 1.075e-05 1.125e-05 9.05e-06 9.4e-06 9.5e-06 1.03e-05 9.35e-06 1.09e-05 1.02e-05 9.7e-06 1.13e-05 1.035e-05 8.7e-06 9.8e-06 7.15e-06
37 1.54e-05 1.45e-05 9.75e-06 9.7e-06 1.295e-05 8.7e-06 5.35e-06 1.62e-05 9.25e-06 1.23e-05 1.595e-05 1.15e-05 1.11e-05 1.335e-05 1.55e-05 1.1e-05 1.18e-05 9.7e-06 1.575e-05 1.365e-05 1.585e-05 1.255e-05 1.55e-05 1.095e-05 9.95e-06 1.38e-05 7.2e-06 1.19e-05 1.39e-05 9.5e-06 1.12e-05 1.635e-05 5.35e-06 9e-06 7.6e-06 1.595e-05 9.95e-06 5.3e-06 1.365e-05 1.515e-05 1.14e-05 1.105e-05 1.125e-05 4.8e-06 1.11e-05 1.395e-05 1.59e-05 1.14e-05 9.05e-06 1.615e-05 1.565e-05 1.515e-05 5.3e-06 4.75e-06 7.8e-06 1.6e-05 1.145e-05 1.13e-05 1.5e-05 9.4e-06 1.09e-05 1.545e-05 1.625e-05 7.9e-06 1.485e-05 1.57e-05 1.145e-05 1.415e-05 1.575e-05 1.63e-05 8e-06 5.2e-06 1.575e-05 1.505e-05 1.09e-05 1.44e-05 1.45e-05 1.445e-05 1.58e-05 1.105e-05 1.535e-05 1.57e-05 8.35e-06 1.01e-05 1.54e-05 8.5e-06 1.2e-05 1.575e-05 1.595e-05 1.575e-05 8e-06 1.605e-05 1.445e-05 9.1e-06 1.64e-05 1.015e-05 1.505e-05 9.5e-06 9e-06 1.125e-05
38 1.235e-05 1.05e-05 1.305e-05 1.28e-05 1.41e-05 1.275e-05 1.395e-05 1.3e-05 1.31e-05 1.32e-05 1.275e-05 1.385e-05 9.15e-06 6.95e-06 1.245e-05 1.14e-05 1.39e-05 1.305e-05 1.05e-05 1.005e-05 1.25e-05 5.45e-06 7.95e-06 1.08e-05 1.11e-05 5.45e-06 1.19e-05 1.375e-05 1.005e-05 1.28e-05 6.65e-06 1.31e-05 1.395e-05 1.22e-05 1.475e-05 1.28e-05 1.045e-05 1.365e-05 5.8e-06 1.04e-05 1.125e-05 1.145e-05 1.4e-05 1.145e-05 1.065e-05 1.16e-05 1.275e-05 9.7e-06 1.035e-05 1.29e-05 1.04e-05 8.45e-06 1.37e-05 1.405e-05 1.245e-05 1.285e-05 1.385e-05 1.405e-05 7e-06 1.32e-05 1.31e-05 7.9e-06 1.305e-05 1.47e-05 9.75e-06 1.22e-05 1.35e-05 1.015e-05 1.28e-05 1.095e-05 1.27e-05 1.39e-05 8.2e-06 9.1e-06 1.065e-05 8.05e-06 1.055e-05 1.215e-05 1.23e-05 1.1e-05 8.6e-06 1.005e-05 8.45e-06 8.75e-06 1.035e-05 1.165e-05 1.33e-05 1.26e-05 1.29e-05 1.255e-05 1.055e-05 1.29e-05 1.125e-05 9.2e-06 1.315e-05 9.2e-06 8.8e-06 1.225e-05 1.03e-05 1.105e-05
39 6.1e-06 9.1e-06 1.075e-05 1.07e-05 1.13e-05 1.08e-05 1.49e-05 6.8e-06 1.06e-05 1.12e-05 6.5e-06 9.2e-06 1.275e-05 9.95e-06 6.1e-06 1.295e-05 1.09e-05 1.075e-05 6.35e-06 9.6e-06 6.6e-06 1.065e-05 8.35e-06 1.04e-05 1.07e-05 8.4e-06 1.305e-05 9.95e-06 8.1e-06 1.055e-05 1.2e-05 6.8e-06 1.49e-05 1.02e-05 1.425e-05 6.5e-06 1.055e-05 1.515e-05 1.04e-05 1.01e-05 1.01e-05 1.3e-05 1.065e-05 1.355e-05 1.02e-05 7e-06 6.6e-06 1.085e-05 9.8e-06 6.9e-06 6.35e-06 8.9e-06 1.39e-05 1.46e-05 1.195e-05 6.45e-06 1.08e-05 1.07e-05 8.4e-06 1.12e-05 1.07e-05 8.55e-06 6.85e-06 1.515e-05 5.6e-06 6.7e-06 9.65e-06 8.95e-06 6.35e-06 7.05e-06 1.135e-05 1.485e-05 8.5e-06 7.85e-06 9.3e-06 8.9e-06 8.6e-06 6.9e-06 6.8e-06 1.045e-05 6.55e-06 7e-06 1.225e-05 1e-05 5.75e-06 1.35e-05 1.055e-05 6.45e-06 6.5e-06 6.25e-06 1.26e-05 6.7e-06 9.05e-06 1.28e-05 6.9e-06 1.23e-05 8.35e-06 1.08e-05 1.005e-05 9.6e-06
40 8.8e-06 1.145e-05 9.9e-06 9.85e-06 1.105e-05 1.06e-05 1.155e-05 8.85e-06 9.85e-06 1.105e-05 8.75e-06 1.04e-05 1.235e-05 1.215e-05 8.9e-06 1.26e-05 1.07e-05 9.55e-06 9.95e-06 1.09e-05 9.05e-06 1.17e-05 1.025e-05 8.8e-06 9.95e-06 1.075e-05 1.08e-05 1.005e-05 1.09e-05 9.65e-06 9.9e-06 9.25e-06 1.155e-05 1.01e-05 1.18e-05 8.9e-06 9.55e-06 1.14e-05 1.125e-05 1.01e-05 1.53e-05 1.265e-05 1.035e-05 1.085e-05 8.5e-06 9.65e-06 8.45e-06 9.85e-06 1.05e-05 9.2e-06 9.9e-06 1.075e-05 1.07e-05 1.11e-05 9.9e-06 9.35e-06 1.075e-05 1.04e-05 1.05e-05 1.015e-05 1.065e-05 1.03e-05 9.1e-06 1.24e-05 9.7e-06 9.25e-06 9.8e-06 1.12e-05 8.85e-06 8.55e-06 9.85e-06 1.145e-05 1.05e-05 1.075e-05 9.9e-06 1.005e-05 1.08e-05 8.9e-06 9.35e-06 8.5e-06 1.125e-05 9.75e-06 1.065e-05 9.9e-06 9.75e-06 1.225e-05 1.085e-05 8.3e-06 9.05e-06 9.15e-06 1.165e-05 8.7e-06 1.115e-05 1.13e-05 9.25e-06 1.04e-05 1.02e-05 1.005e-05 1.045e-05 9.8e-06
41 1.335e-05 1.05e-05 1.25e-05 1.225e-05 1.085e-05 1.24e-05 1.025e-05 1.37e-05 1.24e-05 9.95e-06 1.345e-05 1.3e-05 1.015e-05 9.45e-06 1.345e-05 7.4e-06 1.14e-05 1.25e-05 1.285e-05 1.075e-05 1.36e-05 9.85e-06 1.21e-05 1.255e-05 1.24e-05 1.215e-05 1.16e-05 1.265e-05 1.03e-05 1.225e-05 1.15e-05 1.38e-05 1.025e-05 1.18e-05 1.05e-05 1.35e-05 1.265e-05 1.105e-05 1.145e-05 1.3e-05 1.265e-05 1.48e-05 1.31e-05 1.155e-05 1.205e-05 1.245e-05 1.345e-05 1.155e-05 1.145e-05 1.36e-05 1.275e-05 1.235e-05 1.135e-05 1.19e-05 1.195e-05 1.37e-05 1.14e-05 1.315e-05 1.245e-05 1.2e-05 1.065e-05 1.205e-05 1.375e-05 8.25e-06 1.24e-05 1.29e-05 1.24e-05 1.02e-05 1.34e-05 1.38e-05 1.27e-05 1.02e-05 1.235e-05 1.325e-05 1.245e-05 1.31e-05 1.05e-05 1.275e-05 1.3e-05 1.235e-05 1.14e-05 1.345e-05 1.125e-05 1.15e-05 1.27e-05 9.35e-06 1.035e-05 1.33e-05 1.36e-05 1.365e-05 9.35e-06 1.36e-05 1.02e-05 1.185e-05 1.385e-05 9.95e-06 1.27e-05 1.17e-05 1.14e-05 1.255e-05
