 slim_337537588 slim_337537499 slim_337537628 slim_337537443 slim_337537548 slim_337537618 slim_337537633 slim_337537156 slim_337537529 slim_337537579 slim_337537611 slim_337537426 slim_337537636 slim_337537584 slim_337537473 slim_337537478 slim_337537061 slim_337537432 slim_337537431 slim_337537613 slim_337537553 slim_337537612 slim_337537619 slim_337537546 slim_337537444 slim_337537614 slim_337537592 slim_337537395 slim_337537450 slim_337537506 slim_337537352 slim_337537430 slim_337537601 slim_337537518 slim_337537583 slim_337537359 slim_337537587 slim_337537605 slim_337537596 slim_337537622 slim_337537549 slim_337537632 slim_337537638 slim_337537621 slim_337537505 slim_337537344 slim_337537537 slim_337537630 slim_337537631 slim_337537624 slim_337537424 slim_337536879 slim_337537536 slim_337537449 slim_337537494 slim_337537501 slim_337537629 slim_337537533 slim_337537561 slim_337537606 slim_337537608 slim_337537567 slim_337537627 slim_337537610 slim_337537595 slim_337537456 slim_337537552 slim_337537616 slim_337537270 slim_337537602 slim_337537420 slim_337537604 slim_337537634 slim_337537254 slim_337537623 slim_337537538 slim_337537582 slim_337537580 slim_337537617 slim_337537453 slim_337537620 slim_337537625 slim_337537524 slim_337537556 slim_337537635 slim_337537503 slim_337537562 slim_337537487 slim_337537484 slim_337537574 slim_337537564 slim_337537345 slim_337537289 slim_337537479 slim_337537464 slim_337537600 slim_337537543 slim_337537550 slim_337537554 slim_337537615
0 0.0001209 0.0001146 6.515e-05 6.255e-05 0.00016825 0.0001681 0.00011575 0.00011415 0.0001163 9.795e-05 6.985e-05 6.53e-05 0.00016695 0.00011645 0.0001153 6.575e-05 0.0001172 0.0001152 6.42e-05 8.785e-05 0.00011505 6.535e-05 0.0001169 6.205e-05 0.0001667 0.0001163 6.295e-05 6.435e-05 0.00011635 6.55e-05 9.805e-05 6.535e-05 0.0001161 6.64e-05 6.505e-05 6.745e-05 0.00011615 0.0001136 0.00013355 0.00013795 0.0001127 6.22e-05 6.655e-05 0.0001125 6.075e-05 6.33e-05 0.0001652 0.00011585 6.495e-05 0.0001169 0.00016885 0.0001124 0.00011595 8.84e-05 6.64e-05 6.295e-05 0.00011385 0.000116 0.00011695 8.955e-05 8.44e-05 6.57e-05 0.00011765 6.07e-05 0.0001151 6.565e-05 0.00016515 0.0001183 0.00016575 6.44e-05 0.00011575 0.00011455 6.205e-05 0.0001139 0.0001168 0.0001164 6.51e-05 8.67e-05 6.555e-05 0.0001173 0.00016565 0.0001126 6.385e-05 0.0001185 6.39e-05 6.38e-05 8.745e-05 6.475e-05 0.00011775 6.575e-05 6.79e-05 6.53e-05 0.00016615 6.195e-05 0.00016725 0.000151 6.175e-05 0.00011585 6.215e-05 0.00011645
1 0.0001146 0.0002229 0.00011515 0.0001149 0.00011555 0.00011545 0.00011465 0.0001157 0.0001164 0.00011645 0.00012165 0.00011725 0.0001161 0.00011705 0.00011635 0.0001181 0.00011655 0.0001131 0.0001157 0.00013935 0.00011695 0.00011775 0.00011765 0.00011735 0.00011425 0.00011655 0.00011355 0.0001163 0.00011555 0.0001174 0.0001185 0.00011965 0.0001154 0.0001189 0.00011785 0.00011885 0.00011545 0.00011325 0.0001152 0.00013725 0.00011605 0.0001147 0.00011905 0.00011475 0.00011755 0.0001153 0.0001136 0.0001146 0.00011895 0.0001168 0.0001161 0.00011265 0.0001169 0.0001403 0.00011665 0.00011445 0.00011475 0.0001156 0.00011685 0.00011435 0.00013845 0.0001186 0.000117 0.0001148 0.00011605 0.0001183 0.00011175 0.0001177 0.0001151 0.00011635 0.00011435 0.0001155 0.00011455 0.0001148 0.00011535 0.00011665 0.0001151 0.0001365 0.00011845 0.0001171 0.00011525 0.00011285 0.0001161 0.0001178 0.0001155 0.00011815 0.00013995 0.0001185 0.0001176 0.0001167 0.000119 0.00011725 0.00011215 0.00011725 0.0001146 0.000118 0.0001151 0.0001153 0.0001149 0.0001155
2 6.515e-05 0.00011515 2.17e-05 1.9e-05 0.00021955 0.0002199 0.0001142 0.0001166 0.00011825 4.72e-05 1.815e-05 1.28e-05 0.00021885 0.00011775 0.00011565 1.59e-05 0.00011735 0.0001158 6.075e-05 4.205e-05 0.0001231 1.54e-05 0.0001174 2.04e-05 0.00021895 0.00011735 1.795e-05 6.165e-05 0.00011405 1.335e-05 4.9e-05 2.215e-05 0.00011725 1.595e-05 1.54e-05 1.66e-05 0.0001173 0.0001618 0.0001789 0.00014345 0.0001209 5.98e-05 1.62e-05 0.00012185 2.605e-05 1.24e-05 0.0002176 0.0001161 1.39e-05 0.0001177 0.0002199 0.00016175 0.000117 4.33e-05 1.5e-05 1.225e-05 0.00011565 0.0001171 0.00011775 9.095e-05 4.665e-05 1.535e-05 0.0001178 6.535e-05 0.00011665 1.58e-05 0.00021765 0.00011835 0.0002182 6.17e-05 0.0001151 0.00011605 5.965e-05 0.00011565 0.0001172 0.00011745 1.085e-05 4.64e-05 1.52e-05 0.0001181 0.00021835 0.000162 1.415e-05 0.0001184 6.055e-05 2.115e-05 4.08e-05 1.42e-05 0.00011875 1.5e-05 1.595e-05 1.28e-05 0.0002182 2.03e-05 0.00021935 0.0001517 1.835e-05 0.00011715 5.925e-05 0.00011765
3 6.255e-05 0.0001149 1.9e-05 2.02e-05 0.00022015 0.00021965 0.0001207 0.0001149 0.0001165 4.635e-05 1.92e-05 1.81e-05 0.00021915 0.0001163 0.00011615 1.395e-05 0.00011755 0.00011535 6.5e-05 4.75e-05 0.0001168 1.45e-05 0.00011745 1.175e-05 0.00021865 0.00011595 1.165e-05 6.48e-05 0.00012125 2.02e-05 4.545e-05 1.59e-05 0.00011645 1.51e-05 1.33e-05 1.635e-05 0.0001165 0.00016575 0.0001851 0.00014885 0.0001144 6.21e-05 1.56e-05 0.00011435 1.25e-05 1.315e-05 0.0002174 0.0001165 1.92e-05 0.0001173 0.0002208 0.0001648 0.00011635 4.8e-05 1.555e-05 1.175e-05 0.00011485 0.0001164 0.00011735 8.955e-05 4.55e-05 1.53e-05 0.000118 6.275e-05 0.00011685 1.395e-05 0.0002169 0.00011865 0.0002178 6.485e-05 0.0001213 0.0001141 6.195e-05 0.00011485 0.0001172 0.00011595 1.895e-05 5.705e-05 1.515e-05 0.00011795 0.00021795 0.00016505 1.21e-05 0.0001189 6.455e-05 1.42e-05 5.18e-05 1.77e-05 0.0001179 1.44e-05 2.185e-05 1.815e-05 0.0002181 1.165e-05 0.0002188 0.0001505 1.245e-05 0.00011615 6.335e-05 0.00011675
4 0.00016825 0.00011555 0.00021955 0.00022015 3.9e-06 5.9e-06 0.0001116 0.0001152 0.00011945 0.00019125 0.00022945 0.0002195 5.55e-06 0.00011365 0.00011545 0.0002274 0.00011545 0.00011725 0.0001746 0.0002379 0.00010885 0.0002227 0.00011405 0.00022 5.65e-06 0.00011385 0.00021815 0.00017565 0.00010965 0.00021835 0.00019115 0.00022225 0.00011945 0.0002266 0.00022685 0.0002292 0.0001195 6.495e-05 4.36e-05 0.0001278 0.00011085 0.0001736 0.00022705 0.00011215 0.00021485 0.00022515 6.65e-06 0.0001149 0.0002216 0.0001184 2e-06 6.555e-05 0.00011705 0.00023825 0.0002257 0.00022435 0.0001172 0.0001193 0.00011845 0.00014345 0.0002307 0.0002274 0.0001159 0.00016845 0.00011395 0.0002273 7.2e-06 0.00011595 8.3e-06 0.0001757 0.00011025 0.00011525 0.00017345 0.0001172 0.00011725 0.00011395 0.0002195 0.00022305 0.00022725 0.0001178 8.2e-06 6.58e-05 0.00022335 0.0001161 0.00017545 0.00022185 0.0002324 0.00022135 0.00011585 0.0002251 0.0002206 0.0002195 5.45e-06 0.0002199 6.15e-06 8.005e-05 0.0002199 0.00011925 0.0001736 0.00011905
5 0.0001681 0.00011545 0.0002199 0.00021965 5.9e-06 8.2e-06 0.00011175 0.00011745 0.0001179 0.00019025 0.0002302 0.00022045 8.35e-06 0.0001152 0.00011765 0.0002277 0.00011805 0.0001152 0.00017485 0.00023735 0.0001105 0.0002239 0.00011555 0.0002205 6.3e-06 0.00011455 0.00021865 0.00017425 0.0001122 0.0002209 0.00019075 0.0002232 0.00011885 0.0002276 0.00022705 0.0002299 0.0001189 6.285e-05 4.72e-05 0.00012555 0.000113 0.0001728 0.0002279 0.00011175 0.0002161 0.00022525 8.95e-06 0.0001153 0.0002226 0.0001175 4.7e-06 6.42e-05 0.0001162 0.0002368 0.0002277 0.0002243 0.000117 0.0001188 0.00011755 0.0001426 0.0002304 0.00022855 0.0001185 0.0001683 0.00011665 0.0002276 6.9e-06 0.00011735 8.65e-06 0.0001743 0.00011105 0.0001167 0.00017265 0.0001171 0.0001182 0.0001145 0.00021985 0.0002235 0.0002284 0.0001174 8.55e-06 6.435e-05 0.00022445 0.00011745 0.00017505 0.00022275 0.00023175 0.0002215 0.0001174 0.0002268 0.0002217 0.00022045 6.95e-06 0.0002204 5.4e-06 8.05e-05 0.0002198 0.0001186 0.00017365 0.0001184
6 0.00011575 0.00011465 0.0001142 0.0001207 0.0001116 0.00011175 0.0002165 0.00011625 0.0001169 0.0001217 0.00012445 0.00011475 0.00011225 0.00011705 0.00011575 0.00012285 0.00011705 0.0001158 0.0001167 0.00013835 0.0001173 0.00012155 0.00011665 0.0001218 0.00011035 0.00011665 0.0001196 0.0001174 0.0001092 0.0001162 0.0001222 0.00012345 0.00011655 0.00012235 0.00012215 0.0001238 0.0001166 0.0001102 0.00011065 0.00013235 0.00011655 0.0001155 0.0001225 0.0001156 0.00012235 0.0001211 0.00011055 0.0001156 0.00011675 0.000117 0.000112 0.0001096 0.0001163 0.0001394 0.0001224 0.0001201 0.0001154 0.00011615 0.00011705 0.00011615 0.0001376 0.0001232 0.0001175 0.00011595 0.000117 0.00012275 0.00010865 0.0001179 0.00011165 0.00011745 0.0001094 0.00011575 0.00011535 0.0001152 0.0001165 0.00011675 0.00011415 0.00013265 0.00012305 0.00011755 0.00011165 0.00011005 0.0001206 0.00011815 0.0001165 0.0001228 0.0001323 0.00011615 0.00011805 0.00012195 0.00011795 0.00011475 0.0001093 0.0001217 0.000111 0.0001177 0.0001211 0.00011625 0.00011585 0.00011635
7 0.00011415 0.0001157 0.0001166 0.0001149 0.0001152 0.00011745 0.00011625 0.0002225 0.0001176 0.00011725 0.00012095 0.0001148 0.00011475 0.00011495 0.00011325 0.00011675 0.00011665 0.00011855 0.0001163 0.00013925 0.00011495 0.00011355 0.00011525 0.0001136 0.0001162 0.00011485 0.00011375 0.00011675 0.0001137 0.00011475 0.0001154 0.0001173 0.00011815 0.00011685 0.00011595 0.0001191 0.0001182 0.00011715 0.0001143 0.0001399 0.0001132 0.0001145 0.0001168 0.0001151 0.00011345 0.0001156 0.00011355 0.00011655 0.0001153 0.0001189 0.00011575 0.00011515 0.00011715 0.00013925 0.00011675 0.0001149 0.00011525 0.000118 0.00011895 0.00011595 0.0001365 0.00011685 0.0001171 0.00011435 0.00011485 0.00011665 0.00011535 0.00011755 0.00011635 0.0001168 0.0001159 0.0001126 0.00011435 0.00011525 0.00011675 0.00011495 0.00011655 0.0001366 0.0001167 0.0001185 0.00011625 0.0001154 0.0001125 0.00011785 0.0001169 0.000116 0.0001382 0.00011495 0.0001165 0.0001158 0.0001171 0.0001148 0.00011435 0.0001135 0.00011645 0.0001167 0.00011525 0.00011775 0.0001146 0.00011795
8 0.0001163 0.0001164 0.00011825 0.0001165 0.00011945 0.0001179 0.0001169 0.0001176 0.000227 0.0001181 0.0001192 0.0001185 0.0001198 0.00011875 0.00011925 0.0001174 0.00011775 0.00011665 0.00011605 0.0001362 0.00011965 0.00011895 0.00012 0.00011785 0.00011695 0.0001184 0.00011595 0.00011365 0.000119 0.00012045 0.0001183 0.00011915 0.000116 0.0001182 0.00011685 0.00011745 0.00011605 0.0001153 0.00011865 0.00013625 0.00011855 0.00011545 0.00011875 0.00011655 0.00011895 0.00011795 0.00011785 0.0001177 0.0001206 0.0001167 0.00012 0.0001145 0.0001185 0.00013455 0.00011845 0.0001166 0.00011685 0.0001156 0.00011675 0.0001168 0.00013695 0.00011885 0.0001182 0.0001165 0.0001194 0.0001173 0.00011505 0.00011875 0.00011805 0.0001137 0.00011745 0.00011725 0.0001153 0.00011665 0.0001171 0.00011835 0.0001182 0.000137 0.0001187 0.00011755 0.00011805 0.00011495 0.0001167 0.000119 0.00011555 0.00011795 0.00013835 0.0001189 0.00011595 0.0001174 0.0001174 0.0001185 0.0001168 0.00011775 0.00011695 0.0001201 0.00011745 0.0001157 0.0001169 0.0001159
9 9.795e-05 0.00011645 4.72e-05 4.635e-05 0.00019125 0.00019025 0.0001217 0.00011725 0.0001181 8.02e-05 4.79e-05 4.795e-05 0.00019205 0.00011675 0.00011745 4.425e-05 0.0001184 0.0001154 9.49e-05 7.67e-05 0.00012235 4.29e-05 0.000117 4.765e-05 0.0001903 0.0001164 4.755e-05 9.47e-05 0.0001229 4.855e-05 4.09e-05 5.075e-05 0.00011795 4.485e-05 4.37e-05 4.625e-05 0.000118 0.0001657 0.00018525 0.00014815 0.0001223 9.24e-05 4.48e-05 0.00012145 5.35e-05 4.105e-05 0.00019185 0.00011645 4.77e-05 0.00011735 0.0001909 0.0001663 0.00011595 7.72e-05 4.535e-05 4.095e-05 0.00011555 0.0001178 0.0001174 0.00011615 8.02e-05 4.42e-05 0.00011885 9.815e-05 0.0001167 4.415e-05 0.0001901 0.0001187 0.00019075 9.475e-05 0.00012215 0.0001168 9.225e-05 0.00011555 0.0001186 0.0001164 4.715e-05 8.585e-05 4.405e-05 0.000118 0.00019085 0.00016655 4.26e-05 0.00011875 9.445e-05 4.97e-05 8.04e-05 4.75e-05 0.00011895 4.47e-05 5.11e-05 4.795e-05 0.0001913 4.755e-05 0.00019045 0.0001156 4.675e-05 0.00011785 9.235e-05 0.00011805
10 6.985e-05 0.00012165 1.815e-05 1.92e-05 0.00022945 0.0002302 0.00012445 0.00012095 0.0001192 4.79e-05 4e-07 1.74e-05 0.00022905 0.00012185 0.00012045 9.6e-06 0.00011675 0.0001221 6.11e-05 3.83e-05 0.00012765 1.51e-05 0.000122 1.905e-05 0.0002287 0.0001215 1.93e-05 6.3e-05 0.00012445 1.925e-05 4.71e-05 1.3e-05 0.0001166 6.25e-06 9.55e-06 5.55e-06 0.00011665 0.00017185 0.00018865 0.0001504 0.0001252 6.41e-05 1.015e-05 0.00012615 2.505e-05 1.365e-05 0.00022805 0.00012145 1.785e-05 0.00011695 0.0002299 0.0001722 0.00012165 4.135e-05 1.005e-05 1.335e-05 0.00011995 0.00011635 0.000117 9.56e-05 4.805e-05 9.35e-06 0.0001172 7.005e-05 0.0001221 9.4e-06 0.0002277 0.00011775 0.00022845 6.305e-05 0.00012625 0.0001201 6.395e-05 0.00011995 0.00011695 0.0001216 1.81e-05 5.4e-05 9.2e-06 0.00011815 0.0002284 0.00017245 1.37e-05 0.0001179 6.01e-05 1.505e-05 4.71e-05 1.775e-05 0.00011985 1.005e-05 1.85e-05 1.74e-05 0.00022885 1.895e-05 0.00022955 0.0001557 1.965e-05 0.0001164 6.395e-05 0.0001168
11 6.53e-05 0.00011725 1.28e-05 1.81e-05 0.0002195 0.00022045 0.00011475 0.0001148 0.0001185 4.795e-05 1.74e-05 1.84e-05 0.00021875 0.00011505 0.0001145 1.29e-05 0.000117 0.0001195 6.13e-05 4.165e-05 0.00012185 1.245e-05 0.0001156 1.64e-05 0.00022035 0.00011465 1.83e-05 6.195e-05 0.00011305 1.275e-05 4.435e-05 2.05e-05 0.00011835 1.34e-05 1.225e-05 1.59e-05 0.0001184 0.0001648 0.00017855 0.00014525 0.0001198 5.85e-05 1.395e-05 0.00012195 2.355e-05 1.44e-05 0.00021765 0.00011725 1.165e-05 0.00011885 0.00021995 0.00016395 0.00011695 4.23e-05 1.43e-05 1.28e-05 0.00011635 0.0001182 0.0001189 9.105e-05 4.54e-05 1.44e-05 0.00011745 6.55e-05 0.00011685 1.28e-05 0.0002192 0.00011795 0.00021985 6.2e-05 0.00011655 0.0001131 5.835e-05 0.00011635 0.0001171 0.0001146 1.275e-05 4.665e-05 1.425e-05 0.0001188 0.0002198 0.0001642 1.03e-05 0.00011815 6.155e-05 1.945e-05 3.925e-05 9.9e-06 0.00011755 1.34e-05 1.49e-05 9.25e-06 0.0002187 1.63e-05 0.0002198 0.0001498 1.98e-05 0.0001181 6e-05 0.0001186
12 0.00016695 0.0001161 0.00021885 0.00021915 5.55e-06 8.35e-06 0.00011225 0.00011475 0.0001198 0.00019205 0.00022905 0.00021875 9.7e-06 0.00011485 0.0001152 0.00022635 0.0001167 0.000118 0.00017355 0.000237 0.00010925 0.0002224 0.0001149 0.00021875 8.15e-06 0.0001148 0.0002173 0.00017455 0.00010975 0.00021755 0.0001919 0.0002213 0.0001198 0.00022595 0.0002258 0.0002281 0.00011985 6.565e-05 4.51e-05 0.00012875 0.00010945 0.00017255 0.0002263 0.0001123 0.00021335 0.000224 6.1e-06 0.0001159 0.0002203 0.00011915 5.1e-06 6.565e-05 0.00011775 0.00023735 0.00022485 0.00022345 0.0001174 0.00011965 0.0001192 0.00014235 0.0002296 0.00022615 0.00011715 0.00016715 0.00011505 0.00022625 9.2e-06 0.0001165 7.95e-06 0.0001746 0.00011105 0.0001151 0.0001724 0.0001174 0.0001178 0.0001149 0.0002188 0.00022235 0.000226 0.00011855 7.8e-06 6.59e-05 0.0002225 0.000117 0.00017435 0.00022055 0.00023145 0.00022025 0.0001171 0.00022425 0.00021995 0.00021875 7.7e-06 0.00021865 8.5e-06 8.275e-05 0.0002187 0.0001196 0.00017235 0.0001198
13 0.00011645 0.00011705 0.00011775 0.0001163 0.00011365 0.0001152 0.00011705 0.00011495 0.00011875 0.00011675 0.00012185 0.00011505 0.00011485 0.0002265 0.0001156 0.0001172 0.00011705 0.00011835 0.000118 0.00014035 0.0001152 0.0001149 0.00011495 0.00011465 0.00011535 0.0001137 0.00011625 0.00011845 0.0001156 0.00011635 0.000114 0.0001191 0.00011915 0.0001177 0.00011655 0.00012045 0.0001192 0.00011705 0.0001146 0.00013915 0.0001154 0.0001153 0.00011825 0.00011685 0.00011615 0.00011735 0.00011515 0.0001162 0.00011695 0.00011855 0.00011335 0.00011705 0.00011675 0.00014045 0.0001181 0.00011605 0.00011665 0.000119 0.0001186 0.00011695 0.0001382 0.00011845 0.0001175 0.00011665 0.0001159 0.00011695 0.00011615 0.00011725 0.0001164 0.0001185 0.0001169 0.00011395 0.00011515 0.00011665 0.0001178 0.00011365 0.0001177 0.00013795 0.0001183 0.0001182 0.00011635 0.0001173 0.000114 0.00011745 0.0001186 0.0001181 0.0001392 0.00011545 0.00011705 0.0001172 0.00011845 0.00011505 0.00011515 0.0001147 0.00011535 0.00011445 0.00011735 0.0001189 0.00011655 0.0001191
14 0.0001153 0.00011635 0.00011565 0.00011615 0.00011545 0.00011765 0.00011575 0.00011325 0.00011925 0.00011745 0.00012045 0.0001145 0.0001152 0.0001156 0.0002241 0.00011725 0.00011675 0.00011885 0.0001169 0.00013885 0.00011555 0.0001148 0.0001147 0.00011475 0.00011665 0.0001155 0.00011575 0.0001186 0.0001132 0.0001138 0.00011625 0.0001176 0.00011845 0.0001172 0.00011655 0.000119 0.0001185 0.0001178 0.00011445 0.00013955 0.00011405 0.0001157 0.0001161 0.00011605 0.00011455 0.00011515 0.00011435 0.0001167 0.000114 0.00011895 0.00011585 0.00011615 0.0001166 0.0001401 0.00011675 0.00011545 0.00011525 0.0001183 0.000119 0.0001164 0.00013665 0.00011635 0.0001172 0.0001155 0.00011495 0.00011715 0.00011615 0.0001176 0.0001168 0.00011865 0.00011575 0.0001136 0.00011555 0.00011525 0.00011705 0.0001156 0.0001156 0.0001365 0.0001162 0.00011855 0.0001167 0.0001164 0.0001146 0.0001178 0.0001175 0.00011655 0.0001369 0.00011465 0.00011795 0.0001166 0.0001178 0.0001145 0.00011515 0.00011465 0.0001169 0.000117 0.00011575 0.00011815 0.0001148 0.00011825
15 6.575e-05 0.0001181 1.59e-05 1.395e-05 0.0002274 0.0002277 0.00012285 0.00011675 0.0001174 4.425e-05 9.6e-06 1.29e-05 0.00022635 0.0001172 0.00011725 1.1e-05 0.000116 0.0001194 5.96e-05 3.925e-05 0.00012405 1.035e-05 0.00011885 1.27e-05 0.00022695 0.00011685 1.495e-05 6.055e-05 0.00012235 1.605e-05 4.12e-05 1.475e-05 0.0001156 7.85e-06 5.95e-06 5.8e-06 0.00011565 0.00016995 0.00018605 0.00015045 0.00012165 5.89e-05 8.1e-06 0.0001227 1.98e-05 9.95e-06 0.000225 0.0001182 1.415e-05 0.00011695 0.000228 0.00016935 0.000119 4.095e-05 7.05e-06 8.75e-06 0.0001169 0.0001159 0.000117 9.07e-05 4.59e-05 7.45e-06 0.00011645 6.595e-05 0.0001187 6.05e-06 0.0002256 0.00011725 0.00022625 6.06e-05 0.0001245 0.0001151 5.88e-05 0.0001169 0.000116 0.0001168 1.585e-05 5.17e-05 7.3e-06 0.00011765 0.0002262 0.0001696 7.4e-06 0.0001173 5.91e-05 1.285e-05 4.615e-05 1.26e-05 0.00011775 7.05e-06 1.655e-05 1.285e-05 0.00022625 1.26e-05 0.00022685 0.00015255 1.555e-05 0.00011555 6.025e-05 0.00011615
16 0.0001172 0.00011655 0.00011735 0.00011755 0.00011545 0.00011805 0.00011705 0.00011665 0.00011775 0.0001184 0.00011675 0.000117 0.0001167 0.00011705 0.00011675 0.000116 0.0002277 0.00011825 0.0001157 0.0001363 0.00011735 0.0001178 0.0001176 0.00011755 0.0001169 0.00011665 0.0001166 0.0001174 0.00011605 0.0001177 0.000118 0.0001175 0.000116 0.00011635 0.0001158 0.0001145 0.00011605 0.0001175 0.00011475 0.00013875 0.00011675 0.0001169 0.00011695 0.00011765 0.00011815 0.0001174 0.00011615 0.00011695 0.00011845 0.0001163 0.0001163 0.0001175 0.00011895 0.0001384 0.00011515 0.0001167 0.0001171 0.00011565 0.00011635 0.0001169 0.00013805 0.00011585 0.0001143 0.0001174 0.0001164 0.0001157 0.0001163 0.00011545 0.0001178 0.00011745 0.0001175 0.00011605 0.00011675 0.0001171 0.0001149 0.00011675 0.0001173 0.00013665 0.0001157 0.00011675 0.0001177 0.00011775 0.00011645 0.0001154 0.00011545 0.0001161 0.000139 0.00011815 0.0001162 0.00011505 0.00011835 0.000117 0.0001162 0.00011745 0.0001173 0.0001178 0.00011775 0.00011595 0.00011695 0.00011615
17 0.0001152 0.0001131 0.0001158 0.00011535 0.00011725 0.0001152 0.0001158 0.00011855 0.00011665 0.0001154 0.0001221 0.0001195 0.000118 0.00011835 0.00011885 0.0001194 0.00011825 0.0002208 0.0001166 0.00013995 0.00011825 0.00011915 0.00011875 0.00011915 0.00011445 0.00011805 0.00011485 0.00011645 0.00011875 0.00011955 0.00011905 0.00012075 0.00011565 0.00012025 0.0001192 0.0001197 0.0001157 0.00011145 0.00011795 0.00013535 0.0001183 0.00011535 0.00012015 0.0001155 0.00011925 0.00011535 0.0001171 0.0001146 0.0001203 0.00011565 0.00011695 0.0001127 0.0001155 0.00014085 0.00011865 0.0001149 0.00011535 0.0001158 0.0001157 0.00011445 0.00013945 0.0001197 0.0001187 0.0001154 0.00011805 0.0001196 0.0001136 0.00011865 0.0001145 0.0001165 0.00011565 0.0001183 0.0001152 0.00011535 0.0001178 0.00011815 0.00011575 0.00013845 0.00011955 0.00011675 0.00011515 0.00011295 0.0001188 0.00011865 0.0001157 0.0001195 0.0001407 0.00012005 0.00011935 0.00011885 0.00012085 0.0001195 0.00011585 0.00011905 0.00011535 0.0001182 0.0001153 0.00011565 0.00011535 0.00011585
18 6.42e-05 0.0001157 6.075e-05 6.5e-05 0.0001746 0.00017485 0.0001167 0.0001163 0.00011605 9.49e-05 6.11e-05 6.13e-05 0.00017355 0.000118 0.0001169 5.96e-05 0.0001157 0.0001166 0.0001144 7.945e-05 0.00012355 6.23e-05 0.0001191 6.585e-05 0.0001732 0.000118 6.445e-05 5.905e-05 0.00011705 6.18e-05 9.54e-05 6.625e-05 0.0001149 6.03e-05 5.89e-05 5.795e-05 0.00011495 0.0001155 0.0001344 0.0001379 0.00012095 5.905e-05 6.085e-05 0.00012125 7.11e-05 5.98e-05 0.00017175 0.0001166 6.21e-05 0.0001155 0.00017515 0.0001149 0.0001184 8.12e-05 5.905e-05 5.93e-05 0.0001157 0.00011465 0.00011555 9.075e-05 8.62e-05 5.935e-05 0.00011615 6.44e-05 0.0001179 5.935e-05 0.00017175 0.00011665 0.0001726 5.91e-05 0.00011705 0.0001162 5.89e-05 0.00011575 0.0001152 0.0001181 6.07e-05 8.1e-05 5.92e-05 0.0001154 0.0001725 0.0001151 6.03e-05 0.00011695 5.745e-05 6.425e-05 8.265e-05 6.195e-05 0.00011735 5.93e-05 6.21e-05 6.13e-05 0.0001724 6.575e-05 0.00017395 0.0001531 6.515e-05 0.0001146 5.895e-05 0.0001152
19 8.785e-05 0.00013935 4.205e-05 4.75e-05 0.0002379 0.00023735 0.00013835 0.00013925 0.0001362 7.67e-05 3.83e-05 4.165e-05 0.000237 0.00014035 0.00013885 3.925e-05 0.0001363 0.00013995 7.945e-05 7.08e-05 0.0001462 4.415e-05 0.0001407 4.77e-05 0.00023685 0.00014 4.745e-05 7.97e-05 0.00013845 4.33e-05 7.625e-05 4.61e-05 0.0001359 4.015e-05 3.89e-05 3.6e-05 0.00013595 0.0001796 0.0001977 0.0001366 0.000144 8.205e-05 4e-05 0.00014445 5.375e-05 4.26e-05 0.00023575 0.0001399 4.28e-05 0.00013615 0.0002383 0.00017935 0.00014025 3.66e-05 3.975e-05 4.21e-05 0.0001389 0.0001356 0.00013625 0.00011355 4.45e-05 3.965e-05 0.00013675 8.805e-05 0.00014055 3.9e-05 0.0002356 0.0001371 0.0002363 7.975e-05 0.00013925 0.00013845 8.19e-05 0.0001389 0.0001362 0.00014 4.2e-05 3.95e-05 3.95e-05 0.00013695 0.00023625 0.0001796 4.22e-05 0.0001374 7.89e-05 4.455e-05 3.91e-05 4.2e-05 0.00013715 3.965e-05 4.06e-05 4.165e-05 0.0002367 4.76e-05 0.00023665 0.00017475 4.795e-05 0.0001356 8.26e-05 0.0001361
20 0.00011505 0.00011695 0.0001231 0.0001168 0.00010885 0.0001105 0.0001173 0.00011495 0.00011965 0.00012235 0.00012765 0.00012185 0.00010925 0.0001152 0.00011555 0.00012405 0.00011735 0.00011825 0.00012355 0.0001462 0.0002163 0.00012065 0.00011515 0.00011485 0.00011045 0.00011505 0.00011645 0.00012445 0.00011585 0.0001216 0.00012105 0.0001179 0.00011945 0.000124 0.0001234 0.00012625 0.0001195 0.00011695 0.0001149 0.0001395 0.0001091 0.00012175 0.00012395 0.00011035 0.00010855 0.00012235 0.0001099 0.00011655 0.00012205 0.00011885 0.0001085 0.0001164 0.00011695 0.0001468 0.00012395 0.00012195 0.00011655 0.0001193 0.0001189 0.00011775 0.00013725 0.00012385 0.0001178 0.00011525 0.0001148 0.00012395 0.00011095 0.0001172 0.00011115 0.0001245 0.00011705 0.0001153 0.0001216 0.00011655 0.0001181 0.00011515 0.00012305 0.0001434 0.0001237 0.00011865 0.0001111 0.00011665 0.0001209 0.00011775 0.000124 0.0001171 0.00014475 0.000122 0.00011795 0.00012315 0.0001247 0.00012185 0.00011015 0.00011475 0.00011065 0.00011495 0.00011595 0.0001192 0.00012155 0.0001194
21 6.535e-05 0.00011775 1.54e-05 1.45e-05 0.0002227 0.0002239 0.00012155 0.00011355 0.00011895 4.29e-05 1.51e-05 1.245e-05 0.0002224 0.0001149 0.0001148 1.035e-05 0.0001178 0.00011915 6.23e-05 4.415e-05 0.00012065 1.1e-05 0.0001144 1.265e-05 0.0002238 0.00011475 1.375e-05 6.26e-05 0.0001197 1.41e-05 3.99e-05 1.685e-05 0.0001194 1.05e-05 9.65e-06 1.325e-05 0.00011945 0.0001688 0.00018375 0.0001505 0.00011995 5.98e-05 9.8e-06 0.0001218 1.855e-05 1.035e-05 0.0002222 0.0001168 1.33e-05 0.0001189 0.0002224 0.0001681 0.0001158 4.415e-05 1.115e-05 9.2e-06 0.0001165 0.00011925 0.00011895 9.285e-05 4.675e-05 1.09e-05 0.00011825 6.555e-05 0.00011645 1.025e-05 0.0002238 0.00011795 0.00022355 6.265e-05 0.00012245 0.0001141 5.965e-05 0.0001165 0.00011805 0.00011485 1.535e-05 5.285e-05 1.075e-05 0.0001187 0.00022355 0.00016835 6.2e-06 0.0001182 6.275e-05 1.56e-05 4.695e-05 1.25e-05 0.00011775 9.9e-06 1.655e-05 1.245e-05 0.000223 1.255e-05 0.000224 0.00014795 1.545e-05 0.0001191 6.035e-05 0.00011935
22 0.0001169 0.00011765 0.0001174 0.00011745 0.00011405 0.00011555 0.00011665 0.00011525 0.00012 0.000117 0.000122 0.0001156 0.0001149 0.00011495 0.0001147 0.00011885 0.0001176 0.00011875 0.0001191 0.0001407 0.00011515 0.0001144 0.0002262 0.000116 0.0001158 0.00011465 0.0001173 0.0001199 0.0001151 0.00011585 0.00011515 0.0001192 0.00011985 0.0001184 0.00011825 0.00012145 0.0001199 0.0001174 0.000115 0.00013895 0.0001157 0.0001169 0.00011725 0.0001171 0.00011635 0.00011755 0.0001155 0.00011685 0.0001159 0.00011905 0.00011355 0.00011715 0.0001153 0.0001412 0.00011925 0.00011695 0.0001168 0.0001197 0.0001191 0.00011835 0.00013805 0.00011885 0.00011805 0.0001171 0.00011575 0.00011875 0.00011655 0.00011765 0.00011655 0.00011995 0.0001167 0.00011525 0.00011675 0.0001168 0.00011845 0.00011475 0.00011735 0.00013805 0.0001187 0.0001188 0.00011645 0.0001174 0.0001157 0.0001176 0.00011955 0.00011865 0.00013805 0.00011565 0.00011815 0.0001183 0.00011905 0.0001156 0.00011575 0.0001159 0.00011575 0.0001142 0.00011765 0.00011965 0.0001169 0.00011975
23 6.205e-05 0.00011735 2.04e-05 1.175e-05 0.00022 0.0002205 0.0001218 0.0001136 0.00011785 4.765e-05 1.905e-05 1.64e-05 0.00021875 0.00011465 0.00011475 1.27e-05 0.00011755 0.00011915 6.585e-05 4.77e-05 0.00011485 1.265e-05 0.000116 1.65e-05 0.00022 0.00011465 1.34e-05 6.615e-05 0.00012085 1.87e-05 4.36e-05 1.385e-05 0.00011805 1.4e-05 1.195e-05 1.64e-05 0.0001181 0.0001688 0.0001845 0.0001508 0.00011255 6.23e-05 1.42e-05 0.00011385 8.6e-06 1.355e-05 0.00021735 0.00011765 1.65e-05 0.0001188 0.00022065 0.0001668 0.0001166 4.805e-05 1.525e-05 1.255e-05 0.00011495 0.0001179 0.00011885 9.015e-05 4.37e-05 1.385e-05 0.000118 6.225e-05 0.00011535 1.245e-05 0.0002188 0.00011865 0.0002191 6.62e-05 0.00012275 0.00011285 6.215e-05 0.00011495 0.00011755 0.0001146 2.035e-05 5.735e-05 1.37e-05 0.0001188 0.00021905 0.00016705 1.04e-05 0.0001189 6.605e-05 1.215e-05 5.075e-05 1.51e-05 0.00011775 1.41e-05 2.16e-05 1.64e-05 0.00021875 8.3e-06 0.00021965 0.00015 1.225e-05 0.00011775 6.345e-05 0.00011835
24 0.0001667 0.00011425 0.00021895 0.00021865 5.65e-06 6.3e-06 0.00011035 0.0001162 0.00011695 0.0001903 0.0002287 0.00022035 8.15e-06 0.00011535 0.00011665 0.00022695 0.0001169 0.00011445 0.0001732 0.00023685 0.00011045 0.0002238 0.0001158 0.00022 1.02e-05 0.0001155 0.00021735 0.0001737 0.00011155 0.0002196 0.00019165 0.00022185 0.00011715 0.00022645 0.00022625 0.00022815 0.0001172 6.225e-05 4.65e-05 0.00012605 0.00011195 0.0001721 0.0002266 0.0001103 0.00021475 0.00022385 7.85e-06 0.00011435 0.00022185 0.0001165 5.3e-06 6.25e-05 0.0001159 0.00023735 0.000226 0.00022315 0.0001155 0.00011675 0.00011655 0.00014185 0.0002302 0.00022705 0.00011735 0.0001669 0.00011585 0.00022685 5.4e-06 0.000117 8e-06 0.00017375 0.00010955 0.00011635 0.00017195 0.0001153 0.000117 0.0001156 0.0002189 0.00022375 0.0002269 0.00011675 8e-06 6.295e-05 0.0002241 0.00011725 0.00017335 0.00022125 0.00023205 0.0002215 0.00011735 0.00022555 0.0002213 0.00022035 5.55e-06 0.0002199 6.35e-06 8.215e-05 0.00021845 0.00011685 0.0001722 0.00011665
25 0.0001163 0.00011655 0.00011735 0.00011595 0.00011385 0.00011455 0.00011665 0.00011485 0.0001184 0.0001164 0.0001215 0.00011465 0.0001148 0.0001137 0.0001155 0.00011685 0.00011665 0.00011805 0.000118 0.00014 0.00011505 0.00011475 0.00011465 0.00011465 0.0001155 0.0002258 0.00011585 0.0001181 0.0001151 0.00011675 0.00011365 0.00011895 0.0001188 0.0001173 0.0001162 0.0001201 0.00011885 0.0001167 0.00011425 0.00013885 0.00011535 0.00011495 0.0001181 0.0001167 0.00011635 0.00011735 0.000115 0.0001163 0.000117 0.00011825 0.00011355 0.0001169 0.00011665 0.0001401 0.00011815 0.00011565 0.00011665 0.00011865 0.0001183 0.0001166 0.00013805 0.00011845 0.0001171 0.0001165 0.0001157 0.00011675 0.00011565 0.00011685 0.00011645 0.00011815 0.00011695 0.0001135 0.0001148 0.00011665 0.0001173 0.00011295 0.0001173 0.0001373 0.0001183 0.0001182 0.00011635 0.00011715 0.0001136 0.00011695 0.00011825 0.00011795 0.0001389 0.00011515 0.00011665 0.0001168 0.0001185 0.00011465 0.00011505 0.00011455 0.00011485 0.00011375 0.0001172 0.00011855 0.00011655 0.00011875
26 6.295e-05 0.00011355 1.795e-05 1.165e-05 0.00021815 0.00021865 0.0001196 0.00011375 0.00011595 4.755e-05 1.93e-05 1.83e-05 0.0002173 0.00011625 0.00011575 1.495e-05 0.0001166 0.00011485 6.445e-05 4.745e-05 0.00011645 1.375e-05 0.0001173 1.34e-05 0.00021735 0.00011585 1.96e-05 6.425e-05 0.0001193 1.99e-05 4.785e-05 1.665e-05 0.0001162 1.56e-05 1.43e-05 1.64e-05 0.00011625 0.0001652 0.0001833 0.00014855 0.0001142 6.275e-05 1.65e-05 0.00011475 1.39e-05 1.36e-05 0.0002155 0.00011525 2.08e-05 0.00011705 0.00021875 0.0001646 0.000117 4.76e-05 1.46e-05 1.195e-05 0.00011525 0.00011615 0.0001171 8.995e-05 4.615e-05 1.605e-05 0.00011705 6.315e-05 0.00011645 1.495e-05 0.0002155 0.0001176 0.00021675 6.43e-05 0.00012 0.00011395 6.26e-05 0.00011525 0.00011615 0.00011595 1.79e-05 5.595e-05 1.59e-05 0.00011745 0.0002169 0.00016485 1.14e-05 0.0001179 6.425e-05 1.49e-05 5.265e-05 1.955e-05 0.00011665 1.36e-05 2.06e-05 1.83e-05 0.00021595 1.33e-05 0.00021775 0.0001509 1.29e-05 0.00011585 6.375e-05 0.00011645
27 6.435e-05 0.0001163 6.165e-05 6.48e-05 0.00017565 0.00017425 0.0001174 0.00011675 0.00011365 9.47e-05 6.3e-05 6.195e-05 0.00017455 0.00011845 0.0001186 6.055e-05 0.0001174 0.00011645 5.905e-05 7.97e-05 0.00012445 6.26e-05 0.0001199 6.615e-05 0.0001737 0.0001181 6.425e-05 0.0001128 0.0001184 6.385e-05 9.495e-05 6.775e-05 0.0001159 6.17e-05 6.01e-05 6.065e-05 0.00011595 0.0001148 0.00013565 0.00013635 0.000122 5.84e-05 6.26e-05 0.0001216 7.235e-05 6.105e-05 0.00017285 0.0001176 6.4e-05 0.0001167 0.0001762 0.0001145 0.00011855 7.785e-05 6.155e-05 5.975e-05 0.00011675 0.0001158 0.00011675 9.115e-05 8.55e-05 6.195e-05 0.00011785 6.455e-05 0.00011905 6.045e-05 0.000172 0.0001185 0.00017295 5.65e-05 0.00011765 0.0001164 5.82e-05 0.0001168 0.000117 0.00011805 6.16e-05 8.04e-05 6.18e-05 0.00011735 0.00017285 0.0001147 5.99e-05 0.00011865 5.855e-05 6.63e-05 8.205e-05 6.235e-05 0.0001155 6.055e-05 6.07e-05 6.195e-05 0.00017365 6.605e-05 0.0001734 0.00015325 6.57e-05 0.0001157 5.975e-05 0.0001163
28 0.00011635 0.00011555 0.00011405 0.00012125 0.00010965 0.0001122 0.0001092 0.0001137 0.000119 0.0001229 0.00012445 0.00011305 0.00010975 0.0001156 0.0001132 0.00012235 0.00011605 0.00011875 0.00011705 0.00013845 0.00011585 0.0001197 0.0001151 0.00012085 0.00011155 0.0001151 0.0001193 0.0001184 0.0002117 0.0001142 0.00012185 0.000123 0.00011845 0.00012165 0.0001217 0.0001238 0.0001185 0.00011305 0.00010835 0.00013435 0.00011455 0.00011605 0.000122 0.00011705 0.0001215 0.00012165 0.0001089 0.0001163 0.00011575 0.00011895 0.00011005 0.00011225 0.0001177 0.00013945 0.00012115 0.00012045 0.0001168 0.0001183 0.000119 0.0001168 0.00013725 0.0001227 0.0001165 0.00011655 0.00011565 0.00012225 0.00011065 0.0001169 0.00011205 0.00011845 0.0001098 0.0001131 0.0001159 0.0001168 0.00011635 0.0001152 0.000114 0.00013105 0.00012255 0.00011865 0.00011195 0.0001125 0.00011875 0.0001171 0.00011755 0.00012235 0.0001319 0.00011515 0.000117 0.0001205 0.0001164 0.00011305 0.00010935 0.00012075 0.00011145 0.0001168 0.0001217 0.00011815 0.0001164 0.00011825
29 6.55e-05 0.0001174 1.335e-05 2.02e-05 0.00021835 0.0002209 0.0001162 0.00011475 0.00012045 4.855e-05 1.925e-05 1.275e-05 0.00021755 0.00011635 0.0001138 1.605e-05 0.0001177 0.00011955 6.18e-05 4.33e-05 0.0001216 1.41e-05 0.00011585 1.87e-05 0.0002196 0.00011675 1.99e-05 6.385e-05 0.0001142 2.07e-05 4.79e-05 2.14e-05 0.00011945 1.62e-05 1.555e-05 1.77e-05 0.0001195 0.0001651 0.00017895 0.000146 0.00011925 6.105e-05 1.54e-05 0.0001222 2.32e-05 1.275e-05 0.00021685 0.00011705 1.105e-05 0.0001199 0.0002187 0.0001635 0.0001175 4.455e-05 1.485e-05 1.405e-05 0.0001156 0.0001193 0.00011995 9.25e-05 4.605e-05 1.41e-05 0.00011815 6.57e-05 0.00011545 1.595e-05 0.00021965 0.0001187 0.00021895 6.39e-05 0.0001156 0.00011545 6.09e-05 0.0001156 0.0001181 0.00011685 1.33e-05 4.69e-05 1.405e-05 0.00011915 0.0002189 0.00016375 1.38e-05 0.00011875 6.275e-05 2.04e-05 4.05e-05 1.28e-05 0.0001191 1.55e-05 1.535e-05 1.275e-05 0.0002182 1.86e-05 0.00022035 0.0001508 1.915e-05 0.00011935 5.92e-05 0.00011985
30 9.805e-05 0.0001185 4.9e-05 4.545e-05 0.00019115 0.00019075 0.0001222 0.0001154 0.0001183 4.09e-05 4.71e-05 4.435e-05 0.0001919 0.000114 0.00011625 4.12e-05 0.000118 0.00011905 9.54e-05 7.625e-05 0.00012105 3.99e-05 0.00011515 4.36e-05 0.00019165 0.00011365 4.785e-05 9.495e-05 0.00012185 4.79e-05 7.24e-05 4.905e-05 0.000119 4.225e-05 4.05e-05 4.55e-05 0.00011905 0.00016865 0.00018485 0.0001499 0.00012115 9.105e-05 4.25e-05 0.0001215 5.095e-05 4.3e-05 0.00019185 0.00011755 4.54e-05 0.00011845 0.0001909 0.00016845 0.00011585 7.615e-05 4.46e-05 4.14e-05 0.0001162 0.00011885 0.0001185 0.0001162 7.89e-05 4.32e-05 0.00011845 9.825e-05 0.00011685 4.11e-05 0.0001916 0.00011825 0.00019235 9.5e-05 0.00012355 0.00011385 9.09e-05 0.0001162 0.00011845 0.0001135 4.895e-05 8.605e-05 4.305e-05 0.00011865 0.00019225 0.0001687 3.87e-05 0.00011845 9.54e-05 4.795e-05 7.88e-05 4.315e-05 0.0001177 4.305e-05 5e-05 4.435e-05 0.00019175 4.35e-05 0.00019085 0.00011365 4.81e-05 0.00011875 9.305e-05 0.00011895
31 6.535e-05 0.00011965 2.215e-05 1.59e-05 0.00022225 0.0002232 0.00012345 0.0001173 0.00011915 5.075e-05 1.3e-05 2.05e-05 0.0002213 0.0001191 0.0001176 1.475e-05 0.0001175 0.00012075 6.625e-05 4.61e-05 0.0001179 1.685e-05 0.0001192 1.385e-05 0.00022185 0.00011895 1.665e-05 6.775e-05 0.000123 2.14e-05 4.905e-05 2.52e-05 0.00011765 1.365e-05 1.435e-05 1.405e-05 0.0001177 0.00017045 0.0001869 0.00015095 0.00011575 6.66e-05 1.51e-05 0.00011685 1.295e-05 1.61e-05 0.0002201 0.0001197 1.97e-05 0.0001182 0.0002228 0.00016925 0.0001193 4.805e-05 1.555e-05 1.61e-05 0.0001174 0.00011745 0.00011825 9.345e-05 4.55e-05 1.43e-05 0.00011795 6.555e-05 0.0001183 1.46e-05 0.00022085 0.00011855 0.00022115 6.78e-05 0.00012455 0.00011735 6.645e-05 0.0001174 0.0001176 0.00011905 2.21e-05 5.86e-05 1.415e-05 0.0001187 0.0002211 0.0001695 1.57e-05 0.00011875 6.595e-05 1.32e-05 5.185e-05 1.985e-05 0.00011945 1.525e-05 2.315e-05 2.05e-05 0.0002213 1.375e-05 0.00022245 0.0001533 1.535e-05 0.0001174 6.62e-05 0.0001179
32 0.0001161 0.0001154 0.00011725 0.00011645 0.00011945 0.00011885 0.00011655 0.00011815 0.000116 0.00011795 0.0001166 0.00011835 0.0001198 0.00011915 0.00011845 0.0001156 0.000116 0.00011565 0.0001149 0.0001359 0.00011945 0.0001194 0.00011985 0.00011805 0.00011715 0.0001188 0.0001162 0.0001159 0.00011845 0.00011945 0.000119 0.00011765 0.0002268 0.00011675 0.00011575 0.00011365 0.00011345 0.0001151 0.0001181 0.0001375 0.00011835 0.00011585 0.0001166 0.000116 0.00011855 0.0001166 0.0001178 0.0001167 0.0001192 0.00011525 0.00012 0.0001151 0.0001183 0.000138 0.0001151 0.000116 0.00011575 0.00011405 0.0001153 0.00011575 0.00013805 0.0001162 0.00011645 0.0001163 0.0001188 0.00011595 0.0001152 0.00011715 0.000118 0.00011595 0.00011715 0.00011765 0.0001157 0.0001159 0.0001153 0.0001189 0.0001172 0.00013765 0.00011605 0.0001162 0.00011785 0.0001152 0.0001177 0.00011725 0.00011395 0.00011615 0.00013915 0.0001188 0.0001182 0.00011555 0.00011955 0.00011835 0.00011685 0.00011795 0.0001179 0.0001204 0.0001168 0.0001135 0.000116 0.0001137
33 6.64e-05 0.0001189 1.595e-05 1.51e-05 0.0002266 0.0002276 0.00012235 0.00011685 0.0001182 4.485e-05 6.25e-06 1.34e-05 0.00022595 0.0001177 0.0001172 7.85e-06 0.00011635 0.00012025 6.03e-05 4.015e-05 0.000124 1.05e-05 0.0001184 1.4e-05 0.00022645 0.0001173 1.56e-05 6.17e-05 0.00012165 1.62e-05 4.225e-05 1.365e-05 0.00011675 1.24e-05 7.45e-06 7.65e-06 0.0001168 0.00016995 0.0001856 0.0001505 0.0001216 6.01e-05 9.05e-06 0.000123 2.06e-05 1.09e-05 0.00022475 0.000119 1.465e-05 0.0001173 0.00022715 0.00016955 0.00011875 4.205e-05 9.35e-06 9.3e-06 0.0001173 0.00011655 0.00011735 9.26e-05 4.66e-05 8.7e-06 0.0001168 6.66e-05 0.0001188 7.7e-06 0.0002252 0.0001174 0.00022605 6.175e-05 0.00012405 0.0001157 5.995e-05 0.0001173 0.00011645 0.0001174 1.59e-05 5.28e-05 8.55e-06 0.00011785 0.000226 0.0001698 8.5e-06 0.0001176 5.995e-05 1.385e-05 4.645e-05 1.35e-05 0.00011825 8.45e-06 1.71e-05 1.34e-05 0.0002257 1.39e-05 0.00022685 0.00015225 1.64e-05 0.0001165 6.1e-05 0.000117
34 6.505e-05 0.00011785 1.54e-05 1.33e-05 0.00022685 0.00022705 0.00012215 0.00011595 0.00011685 4.37e-05 9.55e-06 1.225e-05 0.0002258 0.00011655 0.00011655 5.95e-06 0.0001158 0.0001192 5.89e-05 3.89e-05 0.0001234 9.65e-06 0.00011825 1.195e-05 0.00022625 0.0001162 1.43e-05 6.01e-05 0.0001217 1.555e-05 4.05e-05 1.435e-05 0.00011575 7.45e-06 9.5e-06 6.2e-06 0.0001158 0.00016925 0.0001856 0.00015 0.000121 5.825e-05 8.1e-06 0.00012185 1.905e-05 9.5e-06 0.00022435 0.00011815 1.36e-05 0.0001164 0.00022745 0.0001686 0.00011835 4.07e-05 7.95e-06 8.15e-06 0.0001162 0.00011555 0.00011645 9.045e-05 4.54e-05 7.3e-06 0.00011625 6.525e-05 0.0001182 5.75e-06 0.0002248 0.00011675 0.00022565 6.015e-05 0.00012375 0.00011435 5.8e-05 0.00011625 0.0001157 0.00011615 1.535e-05 5.165e-05 7.15e-06 0.0001169 0.00022555 0.0001688 6.7e-06 0.0001171 5.855e-05 1.225e-05 4.57e-05 1.19e-05 0.00011735 7.35e-06 1.615e-05 1.225e-05 0.0002255 1.185e-05 0.00022615 0.00015195 1.495e-05 0.0001154 5.97e-05 0.000116
35 6.745e-05 0.00011885 1.66e-05 1.635e-05 0.0002292 0.0002299 0.0001238 0.0001191 0.00011745 4.625e-05 5.55e-06 1.59e-05 0.0002281 0.00012045 0.000119 5.8e-06 0.0001145 0.0001197 5.795e-05 3.6e-05 0.00012625 1.325e-05 0.00012145 1.64e-05 0.00022815 0.0001201 1.64e-05 6.065e-05 0.0001238 1.77e-05 4.55e-05 1.405e-05 0.00011365 7.65e-06 6.2e-06 1.9e-06 0.0001137 0.0001707 0.0001877 0.00015015 0.0001238 6.17e-05 7.5e-06 0.00012435 2.24e-05 1.09e-05 0.0002267 0.00011895 1.63e-05 0.00011475 0.00022975 0.00017065 0.0001211 3.99e-05 5.15e-06 1.065e-05 0.0001181 0.0001138 0.00011485 9.215e-05 4.655e-05 5.9e-06 0.00011495 6.765e-05 0.00012055 6e-06 0.00022675 0.0001156 0.0002275 6.07e-05 0.0001256 0.0001183 6.155e-05 0.0001181 0.0001144 0.0001202 1.655e-05 5.16e-05 5.75e-06 0.000116 0.00022745 0.0001709 1.1e-05 0.00011575 5.695e-05 1.165e-05 4.675e-05 1.625e-05 0.0001184 6.25e-06 1.705e-05 1.59e-05 0.0002279 1.63e-05 0.000229 0.00015535 1.695e-05 0.00011355 6.15e-05 0.00011415
36 0.00011615 0.00011545 0.0001173 0.0001165 0.0001195 0.0001189 0.0001166 0.0001182 0.00011605 0.000118 0.00011665 0.0001184 0.00011985 0.0001192 0.0001185 0.00011565 0.00011605 0.0001157 0.00011495 0.00013595 0.0001195 0.00011945 0.0001199 0.0001181 0.0001172 0.00011885 0.00011625 0.00011595 0.0001185 0.0001195 0.00011905 0.0001177 0.00011345 0.0001168 0.0001158 0.0001137 0.0002269 0.00011515 0.00011815 0.00013755 0.0001184 0.0001159 0.00011665 0.00011605 0.0001186 0.00011665 0.00011785 0.00011675 0.00011925 0.0001153 0.00012005 0.00011515 0.00011835 0.00013805 0.00011515 0.00011605 0.0001158 0.0001141 0.00011535 0.0001158 0.0001381 0.00011625 0.0001165 0.00011635 0.00011885 0.000116 0.00011525 0.0001172 0.00011805 0.000116 0.0001172 0.0001177 0.00011575 0.00011595 0.00011535 0.00011895 0.00011725 0.0001377 0.0001161 0.00011625 0.0001179 0.00011525 0.00011775 0.0001173 0.000114 0.0001162 0.0001392 0.00011885 0.00011825 0.0001156 0.0001196 0.0001184 0.0001169 0.000118 0.00011795 0.00012045 0.00011685 0.00011355 0.00011605 0.00011375
