 slim_337685414 slim_337685309 slim_337685444 slim_337685473 slim_337685151 slim_337685412 slim_337685413 slim_337685423 slim_337685128 slim_337685242 slim_337685420 slim_337685429 slim_337685344 slim_337685460 slim_337685457 slim_337685302 slim_337685101 slim_337685466 slim_337685442 slim_337685386 slim_337685320 slim_337685030 slim_337685475 slim_337685419 slim_337685428 slim_337685396 slim_337685458 slim_337685472 slim_337685445 slim_337685431 slim_337685427 slim_337685453 slim_337685324 slim_337685446 slim_337685357 slim_337685403 slim_337685465 slim_337685241 slim_337685474 slim_337685476 slim_337685291 slim_337685422 slim_337685223 slim_337685359 slim_337685397 slim_337685482 slim_337685405 slim_337685481 slim_337685389 slim_337685467 slim_337685294 slim_337685418 slim_337685316 slim_337685480 slim_337685322 slim_337685478 slim_337685284 slim_337685406 slim_337685388 slim_337685450 slim_337685296 slim_337685452 slim_337685432 slim_337685471 slim_337685440 slim_337685461 slim_337685434 slim_337685247 slim_337685398 slim_337685430 slim_337685454 slim_337685253 slim_337685449 slim_337685369 slim_337685263 slim_337685347 slim_337685441 slim_337685395 slim_337685455 slim_337685252 slim_337685470 slim_337685477 slim_337685382 slim_337685305 slim_337685424 slim_337685289 slim_337685160 slim_337685436 slim_337685297 slim_337685387 slim_337685456 slim_337685272 slim_337685366 slim_337685439 slim_337685462 slim_337685468 slim_337685463 slim_337685459 slim_337685334 slim_337685362
0 1.59e-05 8.3e-06 1.16e-05 1.045e-05 1.025e-05 1.275e-05 1.045e-05 9.75e-06 1.12e-05 9.5e-06 1e-05 1.065e-05 9.15e-06 1.11e-05 9.05e-06 1.2e-05 9.05e-06 1.005e-05 8.7e-06 9.65e-06 1.02e-05 9.95e-06 9.95e-06 1.09e-05 9.65e-06 1.055e-05 1.04e-05 1.165e-05 9.35e-06 9.4e-06 9.65e-06 1.035e-05 8.6e-06 9.8e-06 1.02e-05 9.6e-06 1.035e-05 1.01e-05 9.85e-06 9.9e-06 1.165e-05 1.01e-05 1.03e-05 1.215e-05 1.18e-05 1.19e-05 9.05e-06 9.8e-06 1.02e-05 8.9e-06 1.075e-05 1e-05 9.7e-06 9.5e-06 1.06e-05 1e-05 1.275e-05 1.225e-05 1.01e-05 1.045e-05 1.04e-05 9.65e-06 8.85e-06 1.055e-05 9.25e-06 1.255e-05 1.235e-05 1.005e-05 9.6e-06 9.2e-06 1.025e-05 1.09e-05 9.3e-06 1.065e-05 9.65e-06 9.8e-06 1.145e-05 9.85e-06 9.95e-06 9.75e-06 1.155e-05 8.55e-06 1.065e-05 9.4e-06 9.25e-06 8.9e-06 9.85e-06 9.25e-06 1.385e-05 1.19e-05 1.335e-05 1.24e-05 8.85e-06 1.2e-05 9.5e-06 9.5e-06 1.02e-05 9.35e-06 1.13e-05 8.2e-06
1 8.3e-06 1.2e-06 7.55e-06 6.6e-06 6.4e-06 1.42e-05 6.6e-06 8.55e-06 7.05e-06 9.45e-06 8.85e-06 6.7e-06 3.65e-06 6.7e-06 3.15e-06 9.1e-06 3.45e-06 5.75e-06 1.38e-05 9.05e-06 6.3e-06 6.6e-06 5.65e-06 7.45e-06 8.6e-06 6.7e-06 6.5e-06 8.5e-06 7.7e-06 4.35e-06 3.75e-06 1.36e-05 7.45e-06 8.7e-06 6.3e-06 9.2e-06 5.5e-06 6.7e-06 7.8e-06 8.8e-06 9.25e-06 6.7e-06 6.4e-06 8.85e-06 9.95e-06 9.5e-06 3.4e-06 4.55e-06 6.25e-06 1.355e-05 6.8e-06 6.05e-06 8.6e-06 7.45e-06 6.7e-06 9.9e-06 1.115e-05 9.7e-06 5.3e-06 1.315e-05 1.34e-05 4.2e-06 5.75e-06 6.65e-06 3.6e-06 1.1e-05 1.08e-05 6.2e-06 4.1e-06 3.6e-06 9.1e-06 1.265e-05 3.65e-06 6.8e-06 8.5e-06 8.65e-06 1.065e-05 9e-06 8.9e-06 4.9e-06 7.55e-06 1.7e-06 6.75e-06 4.4e-06 1.17e-05 1.355e-05 5.05e-06 1.14e-05 1.28e-05 9.25e-06 1.17e-05 1.075e-05 9.25e-06 1.32e-05 9.35e-06 4.5e-06 6.35e-06 7e-06 1.55e-05 6e-07
2 1.16e-05 7.55e-06 8e-06 6e-06 5.8e-06 1.32e-05 6e-06 7.55e-06 9.45e-06 8.3e-06 7.55e-06 5.5e-06 6.2e-06 9.35e-06 5.95e-06 7.9e-06 6.5e-06 6.35e-06 1.31e-05 8.15e-06 5.65e-06 5.75e-06 6.3e-06 6.8e-06 7.35e-06 6.1e-06 5.85e-06 9.9e-06 1.005e-05 5.75e-06 6.95e-06 1.285e-05 1.065e-05 7.75e-06 5.35e-06 9.35e-06 6.35e-06 5.1e-06 8.05e-06 7.85e-06 7.75e-06 5.2e-06 5.75e-06 9e-06 8.55e-06 7.55e-06 5.65e-06 6.5e-06 5e-06 1.285e-05 6.2e-06 4.45e-06 7.35e-06 8e-06 5.35e-06 9.25e-06 9.55e-06 8.85e-06 6.2e-06 1.235e-05 1.26e-05 6.5e-06 8.55e-06 5.35e-06 6.6e-06 8.95e-06 9.1e-06 5.6e-06 6.6e-06 6.65e-06 8.2e-06 1.155e-05 6.65e-06 6.15e-06 6.75e-06 7.65e-06 1.005e-05 7.35e-06 7.35e-06 5.45e-06 4.8e-06 7.25e-06 6.1e-06 6.55e-06 1.11e-05 1.285e-05 5.95e-06 1.015e-05 1.14e-05 8.8e-06 1.015e-05 8.45e-06 1.155e-05 1.11e-05 8.35e-06 6.65e-06 5.75e-06 9.05e-06 1.405e-05 7.4e-06
3 1.045e-05 6.6e-06 6e-06 1e-06 1.1e-06 1.37e-05 1.05e-06 3.95e-06 9.55e-06 6.65e-06 6.15e-06 4.3e-06 4.75e-06 9.2e-06 4.8e-06 6e-06 3.65e-06 3.85e-06 1.105e-05 4.8e-06 2.15e-06 3.1e-06 3.75e-06 4.15e-06 5.6e-06 1.3e-06 2.6e-06 1.1e-05 8.9e-06 4.6e-06 4.05e-06 1.23e-05 9.45e-06 3.85e-06 2.3e-06 6.6e-06 3.8e-06 3.9e-06 6e-06 4.1e-06 7.45e-06 3.9e-06 2.25e-06 7.95e-06 7.95e-06 7.7e-06 5e-06 4.05e-06 2.65e-06 1.08e-05 4.4e-06 3.45e-06 4.6e-06 5.05e-06 2.7e-06 6.1e-06 9.15e-06 6.5e-06 2.2e-06 1.115e-05 1.14e-05 5.2e-06 6.7e-06 2.65e-06 5.2e-06 9.1e-06 8.25e-06 1.35e-06 5.2e-06 3.8e-06 6e-06 1.045e-05 5.25e-06 2.6e-06 5.2e-06 5.35e-06 9.35e-06 5.7e-06 5.9e-06 3.2e-06 4.45e-06 5.85e-06 2.6e-06 4.45e-06 9.45e-06 1.08e-05 2.05e-06 8e-06 1.22e-05 1.045e-05 1.06e-05 9.45e-06 1.085e-05 1.13e-05 6.95e-06 4.55e-06 9e-07 7.3e-06 1.49e-05 6.45e-06
4 1.025e-05 6.4e-06 5.8e-06 1.1e-06 1e-06 1.35e-05 1.1e-06 3.65e-06 9.35e-06 6.45e-06 5.95e-06 4.1e-06 4.55e-06 9e-06 4.6e-06 5.85e-06 3.35e-06 3.7e-06 1.085e-05 4.8e-06 2.15e-06 2.9e-06 3.6e-06 3.95e-06 5.4e-06 1.2e-06 2.1e-06 1.08e-05 8.7e-06 4.4e-06 3.9e-06 1.21e-05 9.25e-06 3.85e-06 2.15e-06 6.4e-06 3.65e-06 3.7e-06 5.85e-06 3.95e-06 7.25e-06 3.7e-06 2.25e-06 7.8e-06 7.75e-06 7.5e-06 4.8e-06 3.85e-06 2.5e-06 1.06e-05 4.2e-06 3.25e-06 4.4e-06 4.9e-06 2.55e-06 5.95e-06 8.95e-06 6.75e-06 2.05e-06 1.095e-05 1.12e-05 5e-06 6.5e-06 2.5e-06 5e-06 8.9e-06 8.1e-06 1.35e-06 5e-06 3.65e-06 5.8e-06 1.025e-05 5.05e-06 2.45e-06 5e-06 5.15e-06 9.15e-06 5.5e-06 5.7e-06 3.05e-06 4.45e-06 5.65e-06 2.6e-06 4.25e-06 9.25e-06 1.06e-05 1.85e-06 7.8e-06 1.2e-05 1.025e-05 1.04e-05 9.25e-06 1.065e-05 1.11e-05 6.75e-06 4.35e-06 6e-07 7.1e-06 1.47e-05 6.25e-06
5 1.275e-05 1.42e-05 1.32e-05 1.37e-05 1.35e-05 8.8e-06 1.37e-05 1.185e-05 9.85e-06 1.12e-05 1.21e-05 1.375e-05 1.34e-05 9.3e-06 1.345e-05 1.065e-05 1.37e-05 1.35e-05 1.08e-05 1.13e-05 1.335e-05 1.32e-05 1.345e-05 1.45e-05 1.115e-05 1.38e-05 1.355e-05 1.565e-05 1.19e-05 1.39e-05 1.41e-05 6.95e-06 1.16e-05 1.2e-05 1.34e-05 1.16e-05 1.375e-05 1.325e-05 1.23e-05 1.21e-05 8.6e-06 1.325e-05 1.345e-05 9.6e-06 8.7e-06 8.8e-06 1.36e-05 1.38e-05 1.33e-05 1.105e-05 1.385e-05 1.31e-05 1.19e-05 1.195e-05 1.345e-05 1.16e-05 1.565e-05 9.75e-06 1.36e-05 7.5e-06 7.3e-06 1.38e-05 1.225e-05 1.345e-05 1.38e-05 1.55e-05 1.54e-05 1.33e-05 1.38e-05 1.385e-05 1.24e-05 1.37e-05 1.385e-05 1.385e-05 1.175e-05 1.19e-05 9.55e-06 1.15e-05 1.14e-05 1.32e-05 1.325e-05 1.415e-05 1.38e-05 1.395e-05 1.25e-05 1.105e-05 1.335e-05 9.85e-06 5e-06 1.515e-05 1.62e-05 1.52e-05 1.315e-05 1.39e-05 1.105e-05 1.405e-05 1.345e-05 1.23e-05 1.43e-05 1.405e-05
6 1.045e-05 6.6e-06 6e-06 1.05e-06 1.1e-06 1.37e-05 1.2e-06 3.95e-06 9.55e-06 6.65e-06 6.15e-06 4.3e-06 4.75e-06 9.2e-06 4.8e-06 5.8e-06 3.65e-06 3.85e-06 1.105e-05 4.85e-06 2.2e-06 3.1e-06 3.75e-06 4.15e-06 5.6e-06 6e-07 2.6e-06 1.1e-05 8.9e-06 4.6e-06 3.65e-06 1.23e-05 9.45e-06 3.85e-06 1.9e-06 6.6e-06 3.8e-06 3.9e-06 6e-06 3.8e-06 7.45e-06 3.9e-06 2.3e-06 7.95e-06 7.95e-06 7.7e-06 5e-06 4.05e-06 2.65e-06 1.08e-05 4.4e-06 3.45e-06 4.6e-06 5.05e-06 2.4e-06 5.7e-06 9.15e-06 6.85e-06 2.2e-06 1.115e-05 1.14e-05 5.2e-06 6.7e-06 2.2e-06 5.2e-06 9.1e-06 7.85e-06 1.4e-06 5.2e-06 3.5e-06 6e-06 1.045e-05 5.25e-06 2.2e-06 5.2e-06 5.35e-06 9.35e-06 5.7e-06 5.9e-06 3.2e-06 4.5e-06 5.85e-06 2.65e-06 4.45e-06 9.45e-06 1.08e-05 2.05e-06 8e-06 1.22e-05 1.045e-05 1.06e-05 9.45e-06 1.085e-05 1.13e-05 6.95e-06 4.55e-06 9.5e-07 7.3e-06 1.49e-05 6.45e-06
7 9.75e-06 8.55e-06 7.55e-06 3.95e-06 3.65e-06 1.185e-05 3.95e-06 6.7e-06 1.005e-05 5.6e-06 5.45e-06 6.2e-06 6.7e-06 9.7e-06 6.75e-06 6.9e-06 5.85e-06 5.6e-06 7.7e-06 4.75e-06 4.65e-06 4.85e-06 5.5e-06 6.3e-06 4.85e-06 4.05e-06 4.9e-06 1.26e-05 8.35e-06 6.6e-06 6.4e-06 9.3e-06 8.9e-06 3.7e-06 4.65e-06 6.4e-06 5.95e-06 5.4e-06 5.5e-06 3.8e-06 7.95e-06 5.4e-06 4.75e-06 8.65e-06 8.05e-06 8.15e-06 6.9e-06 6.35e-06 4.75e-06 7.5e-06 6.35e-06 5.35e-06 4.25e-06 4.55e-06 5e-06 5.95e-06 1.095e-05 7.8e-06 4.7e-06 8.1e-06 8.35e-06 7.1e-06 6e-06 4.95e-06 7.15e-06 1.105e-05 1.025e-05 4.05e-06 7.15e-06 6.15e-06 5.3e-06 9.85e-06 7.2e-06 5.05e-06 4.45e-06 4.65e-06 8.95e-06 4.95e-06 5.1e-06 5.35e-06 6.6e-06 7.8e-06 5.1e-06 6.6e-06 8.35e-06 7.5e-06 4.55e-06 4.75e-06 1.125e-05 1.205e-05 1.22e-05 1.1e-05 1.02e-05 1.025e-05 6.4e-06 6.7e-06 3.75e-06 6.6e-06 1.39e-05 8.4e-06
8 1.12e-05 7.05e-06 9.45e-06 9.55e-06 9.35e-06 9.85e-06 9.55e-06 1.005e-05 1.35e-05 1.025e-05 1.03e-05 9.65e-06 8.05e-06 7.2e-06 7.95e-06 9e-06 8e-06 8.95e-06 1.34e-05 1.01e-05 9.2e-06 9.3e-06 8.9e-06 1.035e-05 9.75e-06 9.65e-06 9.4e-06 1.215e-05 1.02e-05 8.6e-06 8.6e-06 1.17e-05 1.035e-05 1.02e-05 9.25e-06 1.075e-05 8.95e-06 9.4e-06 9.85e-06 1.03e-05 7.85e-06 9.4e-06 9.3e-06 7.5e-06 8.3e-06 8.1e-06 7.95e-06 8.55e-06 9.2e-06 1.34e-05 9.7e-06 9e-06 1.01e-05 9.5e-06 9.35e-06 1.105e-05 1.33e-05 8.7e-06 8.8e-06 1.17e-05 1.17e-05 8.5e-06 9.1e-06 9.35e-06 8.1e-06 1.32e-05 1.305e-05 9.15e-06 8.45e-06 8.15e-06 1.06e-05 1.39e-05 8.15e-06 9.7e-06 1e-05 1.01e-05 1.05e-05 1e-05 1.005e-05 8.4e-06 9.45e-06 7.7e-06 9.65e-06 8.6e-06 1.275e-05 1.34e-05 8.55e-06 1.1e-05 7.45e-06 1.175e-05 1.385e-05 1.29e-05 1.19e-05 1.395e-05 1.05e-05 8.7e-06 9.3e-06 9.6e-06 1.61e-05 7e-06
9 9.5e-06 9.45e-06 8.3e-06 6.65e-06 6.45e-06 1.12e-05 6.65e-06 5.6e-06 1.025e-05 7.7e-06 5.75e-06 7.2e-06 7.5e-06 9.9e-06 7.7e-06 7.35e-06 7.8e-06 6.2e-06 7.3e-06 5.1e-06 6.35e-06 5.05e-06 6.1e-06 7.55e-06 5.75e-06 6.75e-06 6.55e-06 1.29e-05 8e-06 7.55e-06 8.2e-06 7.85e-06 8.6e-06 5.6e-06 6.5e-06 6.6e-06 7.6e-06 5.35e-06 6.75e-06 5.7e-06 8.2e-06 5.3e-06 6.45e-06 9.7e-06 7.2e-06 8.45e-06 7.9e-06 7.65e-06 6.6e-06 7.3e-06 7.15e-06 6.4e-06 5.5e-06 6.4e-06 6.9e-06 6.5e-06 1.165e-05 8.9e-06 7.4e-06 8.25e-06 8.25e-06 7.65e-06 7e-06 6.85e-06 7.95e-06 1.16e-05 1.145e-05 6.25e-06 7.95e-06 7.95e-06 6.3e-06 9.6e-06 8e-06 6.7e-06 5.55e-06 5.55e-06 8.95e-06 5.8e-06 6.05e-06 7.15e-06 8.15e-06 8.7e-06 6.8e-06 7.3e-06 6.95e-06 7.3e-06 7.15e-06 4.3e-06 1.075e-05 1.235e-05 1.25e-05 1.14e-05 9.9e-06 1.065e-05 6.1e-06 7.4e-06 6.4e-06 7.35e-06 1.3e-05 9.3e-06
10 1e-05 8.85e-06 7.55e-06 6.15e-06 5.95e-06 1.21e-05 6.15e-06 5.45e-06 1.03e-05 5.75e-06 8.5e-06 6.2e-06 6.6e-06 9.95e-06 6.65e-06 8.05e-06 7.25e-06 6.7e-06 8.5e-06 5.9e-06 5.05e-06 5.65e-06 6.65e-06 6.4e-06 5.35e-06 6.25e-06 5.25e-06 1.265e-05 8.55e-06 6.7e-06 7.65e-06 9.4e-06 9.25e-06 5.5e-06 5.5e-06 7.25e-06 6.3e-06 5.5e-06 6e-06 5.6e-06 7.8e-06 5.5e-06 5.2e-06 9.7e-06 8.35e-06 8.15e-06 6.95e-06 6.65e-06 5.5e-06 8.3e-06 5.75e-06 5e-06 5e-06 6.2e-06 6e-06 7.15e-06 1.145e-05 9e-06 6.8e-06 8.95e-06 9.2e-06 7.4e-06 6.85e-06 6e-06 6.6e-06 1.1e-05 1.15e-05 5.75e-06 6.7e-06 7.4e-06 6.1e-06 9.7e-06 6.65e-06 5.6e-06 5.05e-06 4.6e-06 9.1e-06 5.6e-06 5.75e-06 6.05e-06 7.8e-06 8e-06 5.5e-06 6.25e-06 8.65e-06 8.3e-06 6.55e-06 5.5e-06 1.145e-05 1.23e-05 1.22e-05 1.095e-05 1.045e-05 1.085e-05 6.25e-06 6.35e-06 5.9e-06 7.4e-06 1.415e-05 8.7e-06
11 1.065e-05 6.7e-06 5.5e-06 4.3e-06 4.1e-06 1.375e-05 4.3e-06 6.2e-06 9.65e-06 7.2e-06 6.2e-06 4.4e-06 4.95e-06 9.3e-06 4.6e-06 7.5e-06 5.25e-06 5.3e-06 1.205e-05 6.8e-06 3.95e-06 4.3e-06 5.25e-06 5.1e-06 6.05e-06 4.4e-06 4.15e-06 1.105e-05 8.75e-06 4.3e-06 5.65e-06 1.25e-05 9.7e-06 6.4e-06 3.6e-06 7.95e-06 5.05e-06 3.7e-06 7.1e-06 6.5e-06 7.25e-06 3.65e-06 4.05e-06 9.15e-06 8.35e-06 7.2e-06 4.5e-06 5.25e-06 3.1e-06 1.18e-05 3.1e-06 2.6e-06 6e-06 7.05e-06 3.7e-06 7.85e-06 1e-05 8.5e-06 4.9e-06 1.2e-05 1.225e-05 4.9e-06 7.6e-06 3.7e-06 5.35e-06 9.65e-06 9.85e-06 3.9e-06 5.35e-06 5.4e-06 5.65e-06 9.95e-06 5.4e-06 4.45e-06 5.5e-06 6.3e-06 8.15e-06 6.05e-06 5.9e-06 4.1e-06 6.2e-06 5.95e-06 4.4e-06 5e-06 9.95e-06 1.18e-05 4.65e-06 9.15e-06 1.23e-05 1.055e-05 9.4e-06 8.8e-06 1.105e-05 1.215e-05 6.9e-06 5.1e-06 4.05e-06 7.8e-06 1.51e-05 6.55e-06
12 9.15e-06 3.65e-06 6.2e-06 4.75e-06 4.55e-06 1.34e-05 4.75e-06 6.7e-06 8.05e-06 7.5e-06 6.6e-06 4.95e-06 5.5e-06 7.7e-06 3.7e-06 7.6e-06 3.95e-06 5e-06 1.23e-05 7.1e-06 4.05e-06 4.75e-06 4.9e-06 5.25e-06 6.85e-06 4.85e-06 4.25e-06 8.9e-06 7.75e-06 4.15e-06 4.35e-06 1.23e-05 8.25e-06 6.85e-06 4.45e-06 7.9e-06 4.4e-06 4.85e-06 7.05e-06 6.95e-06 7.8e-06 4.85e-06 4.15e-06 8.5e-06 8.5e-06 8.05e-06 3.9e-06 4.2e-06 4.3e-06 1.205e-05 4.65e-06 4.2e-06 6.75e-06 6.7e-06 4.85e-06 8.25e-06 9.9e-06 8.55e-06 4.55e-06 1.195e-05 1.22e-05 4.05e-06 6.3e-06 4.8e-06 3.7e-06 9.8e-06 9.65e-06 4.35e-06 3.5e-06 4.1e-06 7.35e-06 1.11e-05 3.75e-06 4.65e-06 6.65e-06 6.4e-06 9.45e-06 7.15e-06 7.15e-06 4.15e-06 6.2e-06 3.25e-06 4.5e-06 3.9e-06 1.02e-05 1.205e-05 4.3e-06 9.45e-06 1.205e-05 9.5e-06 1.055e-05 9.45e-06 9.6e-06 1.2e-05 7.7e-06 4e-06 4.5e-06 6.85e-06 1.47e-05 3.5e-06
13 1.11e-05 6.7e-06 9.35e-06 9.2e-06 9e-06 9.3e-06 9.2e-06 9.7e-06 7.2e-06 9.9e-06 9.95e-06 9.3e-06 7.7e-06 1.28e-05 7.35e-06 8.6e-06 7.85e-06 8.7e-06 1.31e-05 9.75e-06 8.85e-06 8.95e-06 8.65e-06 1e-05 9.4e-06 9.3e-06 9.05e-06 1.18e-05 9.85e-06 8.4e-06 7.95e-06 1.13e-05 1.02e-05 9.85e-06 8.9e-06 1.04e-05 8.7e-06 9.05e-06 9.6e-06 9.95e-06 7.35e-06 9.05e-06 8.95e-06 7.75e-06 7.8e-06 7.6e-06 7.8e-06 8.3e-06 8.85e-06 1.31e-05 9.35e-06 8.65e-06 9.75e-06 9.25e-06 8.95e-06 1.07e-05 1.295e-05 8.2e-06 8.55e-06 1.13e-05 1.13e-05 8.15e-06 8.5e-06 8.95e-06 7.95e-06 1.285e-05 1.275e-05 8.8e-06 8.1e-06 8e-06 1.025e-05 1.355e-05 8e-06 9.35e-06 9.65e-06 9.75e-06 1.01e-05 9.6e-06 9.7e-06 8.15e-06 9.35e-06 7.1e-06 9.3e-06 8.4e-06 1.245e-05 1.31e-05 8.3e-06 1.065e-05 6.8e-06 1.18e-05 1.35e-05 1.255e-05 1.175e-05 1.36e-05 1.015e-05 8.5e-06 8.95e-06 9.25e-06 1.585e-05 6.6e-06
14 9.05e-06 3.15e-06 5.95e-06 4.8e-06 4.6e-06 1.345e-05 4.8e-06 6.75e-06 7.95e-06 7.7e-06 6.65e-06 4.6e-06 3.7e-06 7.35e-06 5.6e-06 7.65e-06 3.85e-06 4.95e-06 1.235e-05 7.3e-06 4.5e-06 4.8e-06 4.85e-06 5.65e-06 6.35e-06 4.9e-06 4.7e-06 9.25e-06 7.9e-06 3.8e-06 4e-06 1.25e-05 8.15e-06 6.9e-06 3.95e-06 8e-06 4.7e-06 4.55e-06 6.6e-06 7e-06 7.3e-06 4.55e-06 4.6e-06 8.45e-06 8.55e-06 7.75e-06 3.45e-06 4.35e-06 4.1e-06 1.21e-05 5.05e-06 3.35e-06 6.4e-06 6.65e-06 4.65e-06 8.3e-06 1e-05 8.5e-06 4.5e-06 1.2e-05 1.225e-05 4.2e-06 5.95e-06 4.6e-06 4e-06 9.5e-06 9.75e-06 4.4e-06 4.15e-06 4e-06 7.35e-06 1.08e-05 4.05e-06 5e-06 6.35e-06 6.85e-06 9.45e-06 6.95e-06 6.85e-06 3.55e-06 6.3e-06 3.15e-06 4.95e-06 4.2e-06 1.025e-05 1.21e-05 4.25e-06 9.65e-06 1.2e-05 9.45e-06 1.06e-05 9.25e-06 9.7e-06 1.21e-05 7.2e-06 4.3e-06 4.55e-06 7e-06 1.48e-05 3e-06
15 1.2e-05 9.1e-06 7.9e-06 6e-06 5.85e-06 1.065e-05 5.8e-06 6.9e-06 9e-06 7.35e-06 8.05e-06 7.5e-06 7.6e-06 8.6e-06 7.65e-06 9.4e-06 7.3e-06 6e-06 1.195e-05 7.7e-06 6.3e-06 5.45e-06 5.9e-06 7.7e-06 7.55e-06 5.7e-06 6.55e-06 1.255e-05 1.04e-05 7.8e-06 7.5e-06 1.14e-05 1.1e-05 7e-06 6.1e-06 9.05e-06 7.15e-06 5.75e-06 8.05e-06 6.9e-06 7.2e-06 5.9e-06 6.4e-06 7.9e-06 6.5e-06 7.45e-06 7.85e-06 7.5e-06 6.35e-06 1.17e-05 7.6e-06 6.65e-06 7.25e-06 7.4e-06 6.5e-06 8.55e-06 1.14e-05 7.65e-06 6.35e-06 1.055e-05 1.08e-05 7.5e-06 8.55e-06 6.45e-06 8.05e-06 1.145e-05 1.075e-05 5.85e-06 8.05e-06 7.25e-06 8.2e-06 1.23e-05 8.1e-06 6.5e-06 7.4e-06 7.55e-06 9.7e-06 7.9e-06 7.85e-06 6.55e-06 7.3e-06 8.7e-06 6.75e-06 7.75e-06 1.015e-05 1.17e-05 6.15e-06 8.95e-06 8.7e-06 1.2e-05 1.25e-05 1.135e-05 1.24e-05 1.22e-05 8.8e-06 7.85e-06 5.8e-06 9.15e-06 1.55e-05 8.95e-06
16 9.05e-06 3.45e-06 6.5e-06 3.65e-06 3.35e-06 1.37e-05 3.65e-06 5.85e-06 8e-06 7.8e-06 7.25e-06 5.25e-06 3.95e-06 7.85e-06 3.85e-06 7.3e-06 6.1e-06 4.5e-06 1.22e-05 6.75e-06 4.05e-06 4.6e-06 4.4e-06 5.55e-06 6.85e-06 3.75e-06 4.3e-06 9.5e-06 8.05e-06 4.15e-06 3.8e-06 1.27e-05 8.1e-06 6.1e-06 4.05e-06 7.65e-06 4.35e-06 5.05e-06 6.6e-06 6.2e-06 8.1e-06 5.05e-06 4.15e-06 8.1e-06 8.7e-06 8.35e-06 3.85e-06 4e-06 4.2e-06 1.195e-05 5.35e-06 4.5e-06 6.35e-06 5.95e-06 4.45e-06 7.75e-06 9.9e-06 8.05e-06 3.4e-06 1.19e-05 1.215e-05 4.45e-06 6.1e-06 4.4e-06 4.05e-06 9.8e-06 9.3e-06 3.6e-06 4.4e-06 3.35e-06 7.3e-06 1.13e-05 4.1e-06 4.45e-06 6.6e-06 6.75e-06 9.75e-06 7.1e-06 7.15e-06 3.75e-06 5.8e-06 3.65e-06 4.5e-06 4.1e-06 1.035e-05 1.195e-05 3.25e-06 9.45e-06 1.225e-05 9.55e-06 1.09e-05 9.85e-06 9.75e-06 1.2e-05 7.9e-06 4.2e-06 3.45e-06 6.9e-06 1.5e-05 3.3e-06
17 1.005e-05 5.75e-06 6.35e-06 3.85e-06 3.7e-06 1.35e-05 3.85e-06 5.6e-06 8.95e-06 6.2e-06 6.7e-06 5.3e-06 5e-06 8.7e-06 4.95e-06 6e-06 4.5e-06 6.1e-06 1.15e-05 6.4e-06 4.1e-06 3.5e-06 3.1e-06 5.5e-06 6.35e-06 3.95e-06 4.35e-06 1.055e-05 8.55e-06 5.35e-06 5e-06 1.23e-05 9.05e-06 5.7e-06 4.15e-06 7.7e-06 4.15e-06 4e-06 5.95e-06 5.8e-06 7.85e-06 3.95e-06 4.2e-06 7.7e-06 7.4e-06 8.1e-06 5.05e-06 4.65e-06 4.2e-06 1.125e-05 5.35e-06 4.5e-06 5.95e-06 5.3e-06 4.45e-06 7.4e-06 9.85e-06 7.9e-06 3.4e-06 1.145e-05 1.17e-05 4.95e-06 6.7e-06 4.45e-06 5.2e-06 9.9e-06 9.45e-06 3.7e-06 5.4e-06 4.65e-06 6.85e-06 1.095e-05 5.25e-06 4.5e-06 6.1e-06 6.2e-06 9.65e-06 6.55e-06 6.65e-06 3.6e-06 5.75e-06 5.8e-06 4.55e-06 5.25e-06 9e-06 1.125e-05 3.2e-06 8.5e-06 1.175e-05 9.8e-06 1.09e-05 9.8e-06 1.075e-05 1.15e-05 7.45e-06 5.35e-06 3.65e-06 7.35e-06 1.485e-05 5.6e-06
18 8.7e-06 1.38e-05 1.31e-05 1.105e-05 1.085e-05 1.08e-05 1.105e-05 7.7e-06 1.34e-05 7.3e-06 8.5e-06 1.205e-05 1.23e-05 1.31e-05 1.235e-05 1.195e-05 1.22e-05 1.15e-05 7.3e-06 7.7e-06 1.115e-05 1.05e-05 1.14e-05 1.2e-05 7.65e-06 1.115e-05 1.135e-05 1.5e-05 9.75e-06 1.225e-05 1.26e-05 6.75e-06 9.5e-06 7.65e-06 1.115e-05 8.4e-06 1.235e-05 1.085e-05 9.05e-06 7.75e-06 1.165e-05 1.085e-05 1.125e-05 1.285e-05 1.125e-05 1.19e-05 1.255e-05 1.25e-05 1.12e-05 4.4e-06 1.215e-05 1.13e-05 7.85e-06 8.4e-06 1.155e-05 8.25e-06 1.4e-05 1.21e-05 1.175e-05 6.7e-06 6.25e-06 1.275e-05 9.05e-06 1.15e-05 1.275e-05 1.4e-05 1.35e-05 1.08e-05 1.275e-05 1.235e-05 8.55e-06 9.6e-06 1.28e-05 1.155e-05 7.85e-06 8e-06 1.08e-05 7.65e-06 7.95e-06 1.175e-05 1.27e-05 1.31e-05 1.16e-05 1.22e-05 7.25e-06 4.4e-06 1.15e-05 4.55e-06 1.275e-05 1.465e-05 1.49e-05 1.385e-05 9.35e-06 1.04e-05 8.1e-06 1.23e-05 1.08e-05 8.95e-06 1.01e-05 1.37e-05
19 9.65e-06 9.05e-06 8.15e-06 4.8e-06 4.8e-06 1.13e-05 4.85e-06 4.75e-06 1.01e-05 5.1e-06 5.9e-06 6.8e-06 7.1e-06 9.75e-06 7.3e-06 7.7e-06 6.75e-06 6.4e-06 7.7e-06 8.7e-06 5.2e-06 5.4e-06 6.3e-06 6.85e-06 5.55e-06 5.05e-06 5.55e-06 1.275e-05 8.15e-06 7.1e-06 7.15e-06 8.25e-06 8.7e-06 4.7e-06 5.45e-06 6.3e-06 6.7e-06 5.95e-06 6.4e-06 4.9e-06 8.05e-06 5.95e-06 5.3e-06 9.05e-06 8.05e-06 8.3e-06 7.5e-06 6.8e-06 5.7e-06 7.7e-06 6.75e-06 6e-06 5.05e-06 5.75e-06 5.85e-06 6e-06 1.12e-05 8.05e-06 5.85e-06 8.35e-06 8.35e-06 7.7e-06 6.85e-06 5.8e-06 7.55e-06 1.115e-05 1.065e-05 4.8e-06 7.55e-06 6.9e-06 6.15e-06 9.75e-06 7.6e-06 5.6e-06 5.4e-06 5.4e-06 8.85e-06 5.65e-06 5.85e-06 6.25e-06 7.25e-06 8.3e-06 5.65e-06 6.8e-06 8.2e-06 7.7e-06 5.65e-06 4.55e-06 1.085e-05 1.22e-05 1.235e-05 1.125e-05 1.005e-05 1.075e-05 6.25e-06 6.9e-06 4.65e-06 7.2e-06 1.34e-05 8.9e-06
20 1.02e-05 6.3e-06 5.65e-06 2.15e-06 2.15e-06 1.335e-05 2.2e-06 4.65e-06 9.2e-06 6.35e-06 5.05e-06 3.95e-06 4.05e-06 8.85e-06 4.5e-06 6.3e-06 4.05e-06 4.1e-06 1.115e-05 5.2e-06 3.4e-06 3.25e-06 4.05e-06 3.55e-06 5.6e-06 2.4e-06 2.05e-06 1.045e-05 8.55e-06 4.4e-06 4.45e-06 1.19e-05 9.25e-06 4.65e-06 2.7e-06 6.8e-06 3.25e-06 3.7e-06 6.25e-06 4.85e-06 7.1e-06 3.7e-06 1.9e-06 8.1e-06 7.7e-06 7.35e-06 4.7e-06 3.65e-06 2.7e-06 1.09e-05 3.15e-06 3.15e-06 5e-06 5.6e-06 3e-06 6.5e-06 8.95e-06 7.2e-06 3.1e-06 1.12e-05 1.145e-05 4.85e-06 6.75e-06 3e-06 4.05e-06 8.9e-06 8.65e-06 2.15e-06 4.15e-06 4.2e-06 6e-06 1e-05 4.1e-06 2.35e-06 5.25e-06 4.55e-06 8.9e-06 5.7e-06 5.9e-06 3.4e-06 4.85e-06 5.45e-06 2.2e-06 3.6e-06 9.3e-06 1.09e-05 2.9e-06 8e-06 1.18e-05 1.01e-05 1e-05 9.05e-06 1.06e-05 1.11e-05 6.65e-06 3.7e-06 2e-06 7.3e-06 1.465e-05 6.15e-06
21 9.95e-06 6.6e-06 5.75e-06 3.1e-06 2.9e-06 1.32e-05 3.1e-06 4.85e-06 9.3e-06 5.05e-06 5.65e-06 4.3e-06 4.75e-06 8.95e-06 4.8e-06 5.45e-06 4.6e-06 3.5e-06 1.05e-05 5.4e-06 3.25e-06 3.6e-06 3.4e-06 3.95e-06 5.55e-06 3.2e-06 3.45e-06 1.075e-05 8.3e-06 4.6e-06 5e-06 1.155e-05 8.9e-06 4.9e-06 3.25e-06 6.65e-06 4.55e-06 2.85e-06 6.25e-06 5e-06 7.2e-06 2.8e-06 3.35e-06 8.45e-06 6.65e-06 7.45e-06 5e-06 4.7e-06 3.4e-06 1.025e-05 4.4e-06 3.45e-06 4.95e-06 5.75e-06 3.65e-06 6.45e-06 8.85e-06 7.6e-06 3.9e-06 1.085e-05 1.11e-05 4.75e-06 6.65e-06 3.6e-06 5.2e-06 9.25e-06 8.95e-06 2.35e-06 5.2e-06 4.75e-06 5.95e-06 9.85e-06 5.25e-06 3.55e-06 5.15e-06 5.3e-06 9.05e-06 5.65e-06 5.85e-06 3.95e-06 5.3e-06 5.85e-06 3.7e-06 4.45e-06 7.85e-06 1.025e-05 3.65e-06 7.45e-06 1.17e-05 1.02e-05 1.035e-05 9.2e-06 1.035e-05 1.1e-05 6.35e-06 4.55e-06 2.85e-06 7.25e-06 1.415e-05 6.45e-06
22 9.95e-06 5.65e-06 6.3e-06 3.75e-06 3.6e-06 1.345e-05 3.75e-06 5.5e-06 8.9e-06 6.1e-06 6.65e-06 5.25e-06 4.9e-06 8.65e-06 4.85e-06 5.9e-06 4.4e-06 3.1e-06 1.14e-05 6.3e-06 4.05e-06 3.4e-06 5.9e-06 5.45e-06 6.25e-06 3.85e-06 4.3e-06 1.05e-05 8.55e-06 5.25e-06 4.9e-06 1.22e-05 8.95e-06 5.6e-06 4.05e-06 7.65e-06 4.1e-06 3.9e-06 5.85e-06 5.7e-06 7.8e-06 3.85e-06 4.15e-06 7.65e-06 7.35e-06 8.05e-06 4.95e-06 4.6e-06 4.1e-06 1.115e-05 5.35e-06 4.4e-06 5.85e-06 5.2e-06 4.45e-06 7.35e-06 9.8e-06 7.85e-06 3.3e-06 1.135e-05 1.16e-05 4.9e-06 6.6e-06 4.4e-06 5.15e-06 9.85e-06 9.35e-06 3.6e-06 5.35e-06 4.55e-06 6.8e-06 1.09e-05 5.2e-06 4.45e-06 6e-06 6.15e-06 9.65e-06 6.5e-06 6.55e-06 3.5e-06 5.7e-06 5.7e-06 4.5e-06 5.2e-06 8.85e-06 1.115e-05 3.1e-06 8.4e-06 1.175e-05 9.75e-06 1.09e-05 9.75e-06 1.065e-05 1.145e-05 7.4e-06 5.3e-06 3.55e-06 7.3e-06 1.475e-05 5.5e-06
23 1.09e-05 7.45e-06 6.8e-06 4.15e-06 3.95e-06 1.45e-05 4.15e-06 6.3e-06 1.035e-05 7.55e-06 6.4e-06 5.1e-06 5.25e-06 1e-05 5.65e-06 7.7e-06 5.55e-06 5.5e-06 1.2e-05 6.85e-06 3.55e-06 3.95e-06 5.45e-06 5.7e-06 6.9e-06 4.25e-06 3.75e-06 1.05e-05 9.7e-06 5.55e-06 5.95e-06 1.31e-05 1.04e-05 6.4e-06 4.2e-06 8.2e-06 4.8e-06 4.85e-06 7.65e-06 6.5e-06 8.25e-06 4.85e-06 3.6e-06 9.5e-06 8.85e-06 8.5e-06 5.85e-06 5.2e-06 4.15e-06 1.175e-05 4.55e-06 4.3e-06 6.45e-06 7.15e-06 4.5e-06 8e-06 8.65e-06 8.75e-06 4.85e-06 1.25e-05 1.275e-05 6e-06 8.05e-06 4.5e-06 5.4e-06 9.1e-06 9.1e-06 3.4e-06 5.45e-06 5.7e-06 7.3e-06 1.005e-05 5.45e-06 4.05e-06 6.55e-06 6.05e-06 1.005e-05 7e-06 7.2e-06 4.8e-06 6.45e-06 6.6e-06 4e-06 4.95e-06 1e-05 1.175e-05 4.6e-06 9.35e-06 1.295e-05 1.02e-05 1e-05 9e-06 1.13e-05 1.13e-05 7.8e-06 5.05e-06 3.9e-06 8.6e-06 1.43e-05 7.3e-06
24 9.65e-06 8.6e-06 7.35e-06 5.6e-06 5.4e-06 1.115e-05 5.6e-06 4.85e-06 9.75e-06 5.75e-06 5.35e-06 6.05e-06 6.85e-06 9.4e-06 6.35e-06 7.55e-06 6.85e-06 6.35e-06 7.65e-06 5.55e-06 5.6e-06 5.55e-06 6.25e-06 6.9e-06 8.4e-06 5.7e-06 5.8e-06 1.25e-05 8.35e-06 6.6e-06 7.25e-06 8.85e-06 8.85e-06 5e-06 5.05e-06 7e-06 6.6e-06 5.4e-06 5.8e-06 5.1e-06 7.2e-06 5.4e-06 5.7e-06 8.85e-06 7.95e-06 7.6e-06 6.7e-06 7e-06 5.15e-06 7.9e-06 6.55e-06 4.7e-06 4.8e-06 5.55e-06 5.75e-06 6.75e-06 1.13e-05 8.4e-06 6.1e-06 8.2e-06 8.05e-06 7.3e-06 6.5e-06 5.7e-06 7.3e-06 1.1e-05 1.095e-05 5.35e-06 7.3e-06 7e-06 5.85e-06 9.6e-06 7.35e-06 6.1e-06 4.7e-06 5.25e-06 8.7e-06 4.95e-06 4.65e-06 5.45e-06 7.45e-06 7.95e-06 6.05e-06 7.05e-06 8.5e-06 7.9e-06 5.85e-06 5.2e-06 1.07e-05 1.195e-05 1.215e-05 1.065e-05 1.015e-05 1.06e-05 5.95e-06 7.15e-06 5.35e-06 6.7e-06 1.37e-05 8.45e-06
25 1.055e-05 6.7e-06 6.1e-06 1.3e-06 1.2e-06 1.38e-05 6e-07 4.05e-06 9.65e-06 6.75e-06 6.25e-06 4.4e-06 4.85e-06 9.3e-06 4.9e-06 5.7e-06 3.75e-06 3.95e-06 1.115e-05 5.05e-06 2.4e-06 3.2e-06 3.85e-06 4.25e-06 5.7e-06 2e-07 2.7e-06 1.11e-05 9e-06 4.7e-06 3.45e-06 1.24e-05 9.55e-06 4.1e-06 1.7e-06 6.7e-06 3.9e-06 4e-06 6.1e-06 3.6e-06 7.55e-06 4e-06 2.5e-06 8.05e-06 8.05e-06 7.8e-06 5.1e-06 4.15e-06 2.75e-06 1.09e-05 4.5e-06 3.55e-06 4.7e-06 5.15e-06 2.2e-06 5.5e-06 9.25e-06 7e-06 2.3e-06 1.125e-05 1.15e-05 5.3e-06 6.8e-06 2.05e-06 5.3e-06 9.2e-06 7.65e-06 1.6e-06 5.3e-06 3.3e-06 6.1e-06 1.055e-05 5.35e-06 2e-06 5.3e-06 5.45e-06 9.45e-06 5.8e-06 6e-06 3.3e-06 4.7e-06 5.95e-06 2.85e-06 4.55e-06 9.55e-06 1.09e-05 2.15e-06 8.1e-06 1.23e-05 1.055e-05 1.07e-05 9.55e-06 1.095e-05 1.14e-05 7.05e-06 4.65e-06 1.15e-06 7.4e-06 1.5e-05 6.55e-06
26 1.04e-05 6.5e-06 5.85e-06 2.6e-06 2.1e-06 1.355e-05 2.6e-06 4.9e-06 9.4e-06 6.55e-06 5.25e-06 4.15e-06 4.25e-06 9.05e-06 4.7e-06 6.55e-06 4.3e-06 4.35e-06 1.135e-05 5.55e-06 2.05e-06 3.45e-06 4.3e-06 3.75e-06 5.8e-06 2.7e-06 3.8e-06 1.065e-05 8.75e-06 4.6e-06 4.7e-06 1.21e-05 9.45e-06 5e-06 2.95e-06 7e-06 3.5e-06 3.9e-06 6.5e-06 5.1e-06 7.3e-06 3.9e-06 2.25e-06 8.35e-06 7.9e-06 7.55e-06 4.9e-06 3.85e-06 2.95e-06 1.11e-05 3.35e-06 3.35e-06 5.2e-06 5.85e-06 3.25e-06 6.75e-06 9.15e-06 7.5e-06 3.4e-06 1.14e-05 1.165e-05 5.05e-06 6.95e-06 3.25e-06 4.25e-06 9.1e-06 8.9e-06 2.5e-06 4.35e-06 4.45e-06 6.2e-06 1.02e-05 4.3e-06 2.6e-06 5.45e-06 4.75e-06 9.1e-06 5.9e-06 6.1e-06 3.65e-06 5.2e-06 5.65e-06 2.55e-06 3.8e-06 9.5e-06 1.11e-05 3.1e-06 8.2e-06 1.2e-05 1.03e-05 1.02e-05 9.25e-06 1.08e-05 1.13e-05 6.85e-06 3.9e-06 2.05e-06 7.5e-06 1.485e-05 6.35e-06
27 1.165e-05 8.5e-06 9.9e-06 1.1e-05 1.08e-05 1.565e-05 1.1e-05 1.26e-05 1.215e-05 1.29e-05 1.265e-05 1.105e-05 8.9e-06 1.18e-05 9.25e-06 1.255e-05 9.5e-06 1.055e-05 1.5e-05 1.275e-05 1.045e-05 1.075e-05 1.05e-05 1.05e-05 1.25e-05 1.11e-05 1.065e-05 1.5e-05 1.205e-05 1e-05 9.9e-06 1.54e-05 1.195e-05 1.275e-05 1.07e-05 1.29e-05 1.035e-05 1.085e-05 1.255e-05 1.285e-05 1.26e-05 1.085e-05 1.055e-05 1.29e-05 1.305e-05 1.285e-05 9.45e-06 9.85e-06 1.065e-05 1.49e-05 1.09e-05 1.045e-05 1.265e-05 1.22e-05 1.1e-05 1.335e-05 9.95e-06 1.325e-05 1.04e-05 1.53e-05 1.54e-05 9.5e-06 1.15e-05 1.1e-05 9.4e-06 9.15e-06 9.45e-06 1.06e-05 9.1e-06 9.65e-06 1.31e-05 1.33e-05 9.45e-06 1.095e-05 1.255e-05 1.245e-05 1.37e-05 1.285e-05 1.28e-05 1e-05 9.9e-06 8.6e-06 1.09e-05 9.8e-06 1.315e-05 1.49e-05 1.015e-05 1.475e-05 1.53e-05 8.8e-06 1.045e-05 9.55e-06 1.165e-05 1.1e-05 1.28e-05 9.9e-06 1.075e-05 1.18e-05 1.145e-05 8.35e-06
28 9.35e-06 7.7e-06 1.005e-05 8.9e-06 8.7e-06 1.19e-05 8.9e-06 8.35e-06 1.02e-05 8e-06 8.55e-06 8.75e-06 7.75e-06 9.85e-06 7.9e-06 1.04e-05 8.05e-06 8.55e-06 9.75e-06 8.15e-06 8.55e-06 8.3e-06 8.55e-06 9.7e-06 8.35e-06 9e-06 8.75e-06 1.205e-05 1.32e-05 8.25e-06 8.45e-06 9.7e-06 8.25e-06 8.45e-06 8.7e-06 7.65e-06 8.95e-06 8.5e-06 8.75e-06 8.55e-06 1.01e-05 8.5e-06 8.65e-06 1.08e-05 1.01e-05 1.035e-05 8.1e-06 8.55e-06 8.75e-06 9.75e-06 8.7e-06 8.55e-06 8.35e-06 8.4e-06 8.9e-06 7.9e-06 1.295e-05 1.075e-05 8.8e-06 9.85e-06 9.85e-06 7.5e-06 7.85e-06 8.95e-06 8.15e-06 1.285e-05 1.285e-05 8.5e-06 8.05e-06 8.2e-06 8.45e-06 1.11e-05 8.2e-06 8.95e-06 8.35e-06 8.35e-06 9.05e-06 8.5e-06 8.65e-06 8.5e-06 9.95e-06 7.55e-06 9e-06 8.05e-06 9.85e-06 9.75e-06 8.55e-06 7.95e-06 1.23e-05 1.265e-05 1.31e-05 1.265e-05 9.8e-06 1.25e-05 7.4e-06 8.15e-06 8.65e-06 7.45e-06 1.4e-05 7.55e-06
29 9.4e-06 4.35e-06 5.75e-06 4.6e-06 4.4e-06 1.39e-05 4.6e-06 6.6e-06 8.6e-06 7.55e-06 6.7e-06 4.3e-06 4.15e-06 8.4e-06 3.8e-06 7.8e-06 4.15e-06 5.35e-06 1.225e-05 7.1e-06 4.4e-06 4.6e-06 5.25e-06 5.55e-06 6.6e-06 4.7e-06 4.6e-06 1e-05 8.25e-06 5.6e-06 4.7e-06 1.265e-05 8.4e-06 6.75e-06 4.05e-06 7.8e-06 5.2e-06 4.05e-06 7.15e-06 6.85e-06 7.75e-06 4.15e-06 4.5e-06 9.2e-06 8.7e-06 7.55e-06 3.4e-06 4.75e-06 3.8e-06 1.2e-05 5.05e-06 3.25e-06 6.35e-06 7.1e-06 4.35e-06 8.1e-06 1.02e-05 8.85e-06 4.9e-06 1.215e-05 1.24e-05 4.55e-06 6.7e-06 4.3e-06 4.4e-06 9.8e-06 9.95e-06 4.2e-06 4.6e-06 4.3e-06 7.3e-06 1.04e-05 4.45e-06 4.8e-06 5.85e-06 6.8e-06 9.7e-06 6.7e-06 6.6e-06 4.25e-06 6.45e-06 3.95e-06 4.85e-06 3.7e-06 1.01e-05 1.2e-05 4.65e-06 9.5e-06 1.27e-05 1.02e-05 1.09e-05 9.25e-06 9.7e-06 1.235e-05 7.3e-06 3.8e-06 4.35e-06 7.4e-06 1.505e-05 4.2e-06
30 9.65e-06 3.75e-06 6.95e-06 4.05e-06 3.9e-06 1.41e-05 3.65e-06 6.4e-06 8.6e-06 8.2e-06 7.65e-06 5.65e-06 4.35e-06 7.95e-06 4e-06 7.5e-06 3.8e-06 5e-06 1.26e-05 7.15e-06 4.45e-06 5e-06 4.9e-06 5.95e-06 7.25e-06 3.45e-06 4.7e-06 9.9e-06 8.45e-06 4.7e-06 6.9e-06 1.31e-05 8.7e-06 6.5e-06 4.05e-06 8.05e-06 4.85e-06 5.45e-06 7.1e-06 6.3e-06 8.5e-06 5.45e-06 4.55e-06 8.6e-06 9.1e-06 8.75e-06 4.45e-06 4.5e-06 4.6e-06 1.235e-05 5.75e-06 4.9e-06 6.75e-06 6.45e-06 4.55e-06 7.75e-06 1.03e-05 8.45e-06 3.95e-06 1.23e-05 1.255e-05 4.85e-06 6.25e-06 4.4e-06 4.65e-06 1.02e-05 9.3e-06 4e-06 4.8e-06 3.65e-06 7.7e-06 1.17e-05 4.7e-06 4.45e-06 7e-06 7.15e-06 1.015e-05 7.5e-06 7.55e-06 4.25e-06 6.25e-06 3.8e-06 4.9e-06 4.65e-06 1.075e-05 1.235e-05 3.75e-06 9.85e-06 1.265e-05 1.01e-05 1.13e-05 1.025e-05 1.03e-05 1.24e-05 8.3e-06 4.75e-06 3.85e-06 7.3e-06 1.54e-05 3.65e-06
31 1.035e-05 1.36e-05 1.285e-05 1.23e-05 1.21e-05 6.95e-06 1.23e-05 9.3e-06 1.17e-05 7.85e-06 9.4e-06 1.25e-05 1.23e-05 1.13e-05 1.25e-05 1.14e-05 1.27e-05 1.23e-05 6.75e-06 8.25e-06 1.19e-05 1.155e-05 1.22e-05 1.31e-05 8.85e-06 1.24e-05 1.21e-05 1.54e-05 9.7e-06 1.265e-05 1.31e-05 8.8e-06 9.3e-06 9.35e-06 1.205e-05 8.95e-06 1.27e-05 1.165e-05 1.005e-05 9.45e-06 1.025e-05 1.165e-05 1.2e-05 1.145e-05 1.015e-05 1.045e-05 1.265e-05 1.27e-05 1.2e-05 7e-06 1.25e-05 1.18e-05 9.25e-06 9.7e-06 1.245e-05 8.95e-06 1.5e-05 1.125e-05 1.26e-05 5.6e-06 5.3e-06 1.29e-05 1e-05 1.24e-05 1.275e-05 1.485e-05 1.47e-05 1.19e-05 1.275e-05 1.285e-05 9.85e-06 1.11e-05 1.28e-05 1.235e-05 9.15e-06 9.2e-06 9e-06 9.2e-06 9.1e-06 1.225e-05 1.285e-05 1.32e-05 1.235e-05 1.255e-05 9.45e-06 7e-06 1.235e-05 5.55e-06 9.6e-06 1.51e-05 1.565e-05 1.46e-05 1.075e-05 1.2e-05 8.45e-06 1.265e-05 1.205e-05 1.01e-05 1.22e-05 1.345e-05
32 8.6e-06 7.45e-06 1.065e-05 9.45e-06 9.25e-06 1.16e-05 9.45e-06 8.9e-06 1.035e-05 8.6e-06 9.25e-06 9.7e-06 8.25e-06 1.02e-05 8.15e-06 1.1e-05 8.1e-06 9.05e-06 9.5e-06 8.7e-06 9.25e-06 8.9e-06 8.95e-06 1.04e-05 8.85e-06 9.55e-06 9.45e-06 1.195e-05 8.25e-06 8.4e-06 8.7e-06 9.3e-06 1.41e-05 9e-06 9.25e-06 8.45e-06 9.45e-06 9.05e-06 9.1e-06 9.1e-06 1.075e-05 9.05e-06 9.35e-06 1.125e-05 1.08e-05 1.095e-05 8.1e-06 8.85e-06 9.25e-06 9.5e-06 9.85e-06 9.05e-06 8.9e-06 8.75e-06 9.65e-06 8.85e-06 1.3e-05 1.13e-05 9.15e-06 9.45e-06 9.45e-06 8.75e-06 8.1e-06 9.6e-06 8.35e-06 1.28e-05 1.265e-05 9.05e-06 8.7e-06 8.25e-06 9.5e-06 1.095e-05 8.4e-06 9.65e-06 8.85e-06 9.05e-06 1.045e-05 9.15e-06 9.1e-06 8.85e-06 1.06e-05 7.65e-06 9.7e-06 8.4e-06 9.65e-06 9.5e-06 8.9e-06 8.5e-06 1.295e-05 1.225e-05 1.365e-05 1.265e-05 9.3e-06 1.245e-05 8.4e-06 8.5e-06 9.2e-06 8.65e-06 1.3e-05 7.3e-06
33 9.8e-06 8.7e-06 7.75e-06 3.85e-06 3.85e-06 1.2e-05 3.85e-06 3.7e-06 1.02e-05 5.6e-06 5.5e-06 6.4e-06 6.85e-06 9.85e-06 6.9e-06 7e-06 6.1e-06 5.7e-06 7.65e-06 4.7e-06 4.65e-06 4.9e-06 5.6e-06 6.4e-06 5e-06 4.1e-06 5e-06 1.275e-05 8.45e-06 6.75e-06 6.5e-06 9.35e-06 9e-06 6.8e-06 4.75e-06 6.45e-06 6.1e-06 5.55e-06 5.55e-06 3.8e-06 8.1e-06 5.55e-06 4.75e-06 8.8e-06 8.15e-06 8.35e-06 7.1e-06 6.45e-06 4.95e-06 7.45e-06 6.5e-06 5.55e-06 4.25e-06 4.6e-06 5.15e-06 6e-06 1.105e-05 7.85e-06 4.85e-06 8.1e-06 8.4e-06 7.3e-06 6.05e-06 5.1e-06 7.3e-06 1.115e-05 1.035e-05 4e-06 7.3e-06 6.25e-06 5.35e-06 1e-05 7.35e-06 5.1e-06 4.55e-06 4.65e-06 9.1e-06 5.05e-06 5.3e-06 5.5e-06 6.6e-06 7.95e-06 5.1e-06 6.65e-06 8.35e-06 7.45e-06 4.65e-06 4.75e-06 1.14e-05 1.22e-05 1.235e-05 1.12e-05 1.025e-05 1.03e-05 6.5e-06 6.75e-06 3.7e-06 6.65e-06 1.395e-05 8.55e-06
34 1.02e-05 6.3e-06 5.35e-06 2.3e-06 2.15e-06 1.34e-05 1.9e-06 4.65e-06 9.25e-06 6.5e-06 5.5e-06 3.6e-06 4.45e-06 8.9e-06 3.95e-06 6.1e-06 4.05e-06 4.15e-06 1.115e-05 5.45e-06 2.7e-06 3.25e-06 4.05e-06 4.2e-06 5.05e-06 1.7e-06 2.95e-06 1.07e-05 8.7e-06 4.05e-06 4.05e-06 1.205e-05 9.25e-06 4.75e-06 3.4e-06 6.9e-06 4e-06 3.35e-06 5.85e-06 4.55e-06 6.6e-06 3.35e-06 2.8e-06 8.15e-06 7.75e-06 7.05e-06 4.35e-06 4.25e-06 2.5e-06 1.09e-05 4.05e-06 2.2e-06 4.6e-06 5.6e-06 2.55e-06 6.2e-06 9.2e-06 7.3e-06 3.1e-06 1.12e-05 1.145e-05 4.9e-06 6.75e-06 2.4e-06 4.9e-06 8.75e-06 8.25e-06 2.25e-06 4.9e-06 3.9e-06 6e-06 9.9e-06 4.95e-06 2.7e-06 4.9e-06 5.4e-06 9e-06 5.5e-06 5.55e-06 2.85e-06 5e-06 5.55e-06 3.15e-06 4.35e-06 9.3e-06 1.09e-05 2.9e-06 8.15e-06 1.19e-05 1.015e-05 1.025e-05 8.8e-06 1.06e-05 1.135e-05 6.2e-06 4.45e-06 2.1e-06 7.35e-06 1.465e-05 6.15e-06
35 9.6e-06 9.2e-06 9.35e-06 6.6e-06 6.4e-06 1.16e-05 6.6e-06 6.4e-06 1.075e-05 6.6e-06 7.25e-06 7.95e-06 7.9e-06 1.04e-05 8e-06 9.05e-06 7.65e-06 7.7e-06 8.4e-06 6.3e-06 6.8e-06 6.65e-06 7.65e-06 8.2e-06 7e-06 6.7e-06 7e-06 1.29e-05 7.65e-06 7.8e-06 8.05e-06 8.95e-06 8.45e-06 6.45e-06 6.9e-06 1.12e-05 8.2e-06 7.1e-06 7.9e-06 6.55e-06 9.25e-06 7.1e-06 6.9e-06 1.045e-05 9.15e-06 9.5e-06 8.2e-06 7.45e-06 7.15e-06 8.4e-06 7.95e-06 7.25e-06 6.5e-06 7.4e-06 7.2e-06 6.25e-06 1.21e-05 9.5e-06 7.5e-06 8.9e-06 8.9e-06 8.35e-06 7.75e-06 7.2e-06 8.3e-06 1.19e-05 1.17e-05 6.45e-06 8.25e-06 7.8e-06 7.5e-06 9.95e-06 8.35e-06 7.1e-06 6.85e-06 6.9e-06 8.9e-06 7.05e-06 7.3e-06 7.7e-06 8.75e-06 8.4e-06 7.25e-06 7.55e-06 8.6e-06 8.4e-06 7.25e-06 6.4e-06 1.2e-05 1.3e-05 1.305e-05 1.21e-05 1e-05 1.17e-05 6.3e-06 7.65e-06 6.35e-06 8.1e-06 1.35e-05 9.05e-06
36 1.035e-05 5.5e-06 6.35e-06 3.8e-06 3.65e-06 1.375e-05 3.8e-06 5.95e-06 8.95e-06 7.6e-06 6.3e-06 5.05e-06 4.4e-06 8.7e-06 4.7e-06 7.15e-06 4.35e-06 4.15e-06 1.235e-05 6.7e-06 3.25e-06 4.55e-06 4.1e-06 4.8e-06 6.6e-06 3.9e-06 3.5e-06 1.035e-05 8.95e-06 5.2e-06 4.85e-06 1.27e-05 9.45e-06 6.1e-06 4e-06 8.2e-06 5.6e-06 4.9e-06 6.25e-06 6.2e-06 7.85e-06 4.9e-06 3.35e-06 7.7e-06 8.55e-06 8.1e-06 4.8e-06 3.95e-06 3.85e-06 1.21e-05 4.4e-06 4.25e-06 6.35e-06 5.6e-06 4.3e-06 7.9e-06 9.75e-06 8e-06 3.25e-06 1.2e-05 1.225e-05 5.15e-06 7e-06 4.3e-06 4.25e-06 9.8e-06 9.55e-06 3.65e-06 4.1e-06 4.5e-06 7.15e-06 1.12e-05 4.3e-06 3.85e-06 6.4e-06 5.8e-06 9.65e-06 6.85e-06 6.9e-06 3.35e-06 5.85e-06 5.35e-06 3.7e-06 4.6e-06 1.055e-05 1.21e-05 3.05e-06 9.25e-06 1.2e-05 9.8e-06 1.07e-05 9.75e-06 1.105e-05 1.185e-05 7.85e-06 4.7e-06 3.6e-06 7.65e-06 1.54e-05 5.35e-06
37 1.01e-05 6.7e-06 5.1e-06 3.9e-06 3.7e-06 1.325e-05 3.9e-06 5.4e-06 9.4e-06 5.35e-06 5.5e-06 3.7e-06 4.85e-06 9.05e-06 4.55e-06 5.75e-06 5.05e-06 4e-06 1.085e-05 5.95e-06 3.7e-06 2.85e-06 3.9e-06 4.85e-06 5.4e-06 4e-06 3.9e-06 1.085e-05 8.5e-06 4.05e-06 5.45e-06 1.165e-05 9.05e-06 5.55e-06 3.35e-06 7.1e-06 4.9e-06 4.2e-06 6.35e-06 5.65e-06 6.95e-06 2.4e-06 3.8e-06 8.8e-06 6.85e-06 6.8e-06 4.35e-06 5.05e-06 3.1e-06 1.06e-05 4.45e-06 2.55e-06 5.15e-06 6.3e-06 3.65e-06 7e-06 9.6e-06 8.05e-06 4.6e-06 1.11e-05 1.135e-05 4.65e-06 6.95e-06 3.6e-06 5.3e-06 9.25e-06 9.4e-06 3.5e-06 5.3e-06 5.2e-06 6.2e-06 9.4e-06 5.35e-06 4.1e-06 4.7e-06 5.6e-06 9.1e-06 5.5e-06 5.4e-06 3.95e-06 5.75e-06 5.95e-06 4.15e-06 4.75e-06 8.15e-06 1.06e-05 4.35e-06 7.85e-06 1.18e-05 1.03e-05 1.04e-05 8.65e-06 1.05e-05 1.13e-05 6.2e-06 4.85e-06 3.65e-06 7.55e-06 1.43e-05 6.55e-06
38 9.85e-06 7.8e-06 8.05e-06 6e-06 5.85e-06 1.23e-05 6e-06 5.5e-06 9.85e-06 6.75e-06 6e-06 7.1e-06 7.05e-06 9.6e-06 6.6e-06 8.05e-06 6.6e-06 5.95e-06 9.05e-06 6.4e-06 6.25e-06 6.25e-06 5.85e-06 7.65e-06 5.8e-06 6.1e-06 6.5e-06 1.255e-05 8.75e-06 7.15e-06 7.1e-06 1.005e-05 9.1e-06 5.55e-06 5.85e-06 7.9e-06 6.25e-06 6.35e-06 1.02e-05 5.65e-06 8.35e-06 6.35e-06 6.35e-06 8.6e-06 8.9e-06 8.7e-06 6.8e-06 6.8e-06 5.95e-06 8.85e-06 7.5e-06 5.85e-06 5.4e-06 5.1e-06 6.45e-06 7.6e-06 1.19e-05 8.85e-06 5.5e-06 9.15e-06 9.4e-06 7.5e-06 6.5e-06 6.4e-06 7.3e-06 1.155e-05 1.145e-05 5.85e-06 7.5e-06 6.75e-06 6.7e-06 1.08e-05 7.35e-06 6.7e-06 5.6e-06 6.05e-06 9.75e-06 6.2e-06 6.2e-06 5.25e-06 7.8e-06 7.85e-06 6.7e-06 7.45e-06 9.5e-06 8.85e-06 5.3e-06 6.2e-06 1.15e-05 1.18e-05 1.295e-05 1.15e-05 1.06e-05 1.125e-05 7.2e-06 7.55e-06 5.8e-06 7.2e-06 1.46e-05 7.65e-06
39 9.9e-06 8.8e-06 7.85e-06 4.1e-06 3.95e-06 1.21e-05 3.8e-06 3.8e-06 1.03e-05 5.7e-06 5.6e-06 6.5e-06 6.95e-06 9.95e-06 7e-06 6.9e-06 6.2e-06 5.8e-06 7.75e-06 4.9e-06 4.85e-06 5e-06 5.7e-06 6.5e-06 5.1e-06 3.6e-06 5.1e-06 1.285e-05 8.55e-06 6.85e-06 6.3e-06 9.45e-06 9.1e-06 3.8e-06 4.55e-06 6.55e-06 6.2e-06 5.65e-06 5.65e-06 7e-06 8.2e-06 5.65e-06 4.95e-06 8.9e-06 8.25e-06 8.45e-06 7.2e-06 6.55e-06 5.05e-06 7.55e-06 6.6e-06 5.65e-06 4.35e-06 4.7e-06 4.95e-06 5.8e-06 1.115e-05 8e-06 4.95e-06 8.25e-06 8.5e-06 7.4e-06 6.15e-06 4.9e-06 7.4e-06 1.125e-05 1.015e-05 4.2e-06 7.4e-06 6.05e-06 5.45e-06 1.01e-05 7.45e-06 4.9e-06 4.65e-06 4.8e-06 9.2e-06 5.15e-06 5.4e-06 5.6e-06 6.8e-06 8.05e-06 5.3e-06 6.75e-06 8.4e-06 7.5e-06 4.75e-06 4.85e-06 1.15e-05 1.23e-05 1.245e-05 1.13e-05 1.035e-05 1.04e-05 6.6e-06 6.85e-06 3.9e-06 6.75e-06 1.405e-05 8.65e-06
40 1.165e-05 9.25e-06 7.75e-06 7.45e-06 7.25e-06 8.6e-06 7.45e-06 7.95e-06 7.85e-06 8.2e-06 7.8e-06 7.25e-06 7.8e-06 7.35e-06 7.3e-06 7.2e-06 8.1e-06 7.85e-06 1.165e-05 8.05e-06 7.1e-06 7.2e-06 7.8e-06 8.25e-06 7.2e-06 7.55e-06 7.3e-06 1.26e-05 1.01e-05 7.75e-06 8.5e-06 1.025e-05 1.075e-05 8.1e-06 6.6e-06 9.25e-06 7.85e-06 6.95e-06 8.35e-06 8.2e-06 1.09e-05 6.95e-06 7.2e-06 7.3e-06 6.45e-06 5.9e-06 7.7e-06 8.05e-06 6.75e-06 1.165e-05 7.65e-06 6e-06 7.6e-06 8.4e-06 6.95e-06 9.15e-06 1.185e-05 7.05e-06 7.7e-06 1.02e-05 1.02e-05 8.2e-06 9e-06 6.95e-06 8.2e-06 1.14e-05 1.17e-05 7.05e-06 8.2e-06 8.25e-06 8.55e-06 1.175e-05 8.25e-06 7.6e-06 7.55e-06 8e-06 8.95e-06 7.6e-06 7.7e-06 6.75e-06 8.1e-06 8.85e-06 7.55e-06 8.1e-06 1.1e-05 1.165e-05 7.45e-06 8.95e-06 6.05e-06 1.185e-05 1.245e-05 1.11e-05 1.205e-05 1.255e-05 8.05e-06 8.2e-06 7.2e-06 9.3e-06 1.51e-05 9.1e-06
41 1.01e-05 6.7e-06 5.2e-06 3.9e-06 3.7e-06 1.325e-05 3.9e-06 5.4e-06 9.4e-06 5.3e-06 5.5e-06 3.65e-06 4.85e-06 9.05e-06 4.55e-06 5.9e-06 5.05e-06 3.95e-06 1.085e-05 5.95e-06 3.7e-06 2.8e-06 3.85e-06 4.85e-06 5.4e-06 4e-06 3.9e-06 1.085e-05 8.5e-06 4.15e-06 5.45e-06 1.165e-05 9.05e-06 5.55e-06 3.35e-06 7.1e-06 4.9e-06 2.4e-06 6.35e-06 5.65e-06 6.95e-06 4.2e-06 3.8e-06 8.8e-06 6.85e-06 6.9e-06 4.45e-06 5.05e-06 3.05e-06 1.06e-05 4.45e-06 2.4e-06 5.15e-06 6.3e-06 3.6e-06 7e-06 9.6e-06 8.05e-06 4.6e-06 1.11e-05 1.135e-05 4.75e-06 6.95e-06 3.55e-06 5.3e-06 9.25e-06 9.4e-06 3.5e-06 5.3e-06 5.2e-06 6.2e-06 9.35e-06 5.35e-06 4.1e-06 4.8e-06 5.6e-06 9.1e-06 5.45e-06 5.35e-06 3.95e-06 5.75e-06 5.95e-06 4.15e-06 4.75e-06 8.1e-06 1.06e-05 4.35e-06 7.85e-06 1.18e-05 1.03e-05 1.04e-05 8.6e-06 1.05e-05 1.13e-05 6.2e-06 4.85e-06 3.65e-06 7.55e-06 1.43e-05 6.55e-06
42 1.03e-05 6.4e-06 5.75e-06 2.25e-06 2.25e-06 1.345e-05 2.3e-06 4.75e-06 9.3e-06 6.45e-06 5.2e-06 4.05e-06 4.15e-06 8.95e-06 4.6e-06 6.4e-06 4.15e-06 4.2e-06 1.125e-05 5.3e-06 1.9e-06 3.35e-06 4.15e-06 3.6e-06 5.7e-06 2.5e-06 2.25e-06 1.055e-05 8.65e-06 4.5e-06 4.55e-06 1.2e-05 9.35e-06 4.75e-06 2.8e-06 6.9e-06 3.35e-06 3.8e-06 6.35e-06 4.95e-06 7.2e-06 3.8e-06 3.6e-06 8.2e-06 7.8e-06 7.45e-06 4.8e-06 3.75e-06 2.85e-06 1.1e-05 3.35e-06 3.25e-06 5.1e-06 5.7e-06 3.1e-06 6.6e-06 9.05e-06 7.3e-06 3.2e-06 1.13e-05 1.155e-05 4.95e-06 6.85e-06 3.1e-06 4.2e-06 9e-06 8.75e-06 2.25e-06 4.25e-06 4.3e-06 6.1e-06 1.01e-05 4.25e-06 2.5e-06 5.35e-06 4.7e-06 9e-06 5.8e-06 6e-06 3.5e-06 4.95e-06 5.55e-06 2.35e-06 3.75e-06 9.4e-06 1.1e-05 3e-06 8.1e-06 1.19e-05 1.02e-05 1.01e-05 9.15e-06 1.07e-05 1.12e-05 6.75e-06 3.85e-06 2.1e-06 7.4e-06 1.475e-05 6.25e-06
43 1.215e-05 8.85e-06 9e-06 7.95e-06 7.8e-06 9.6e-06 7.95e-06 8.65e-06 7.5e-06 9.7e-06 9.7e-06 9.15e-06 8.5e-06 7.75e-06 8.45e-06 7.9e-06 8.1e-06 7.7e-06 1.285e-05 9.05e-06 8.1e-06 8.45e-06 7.65e-06 9.5e-06 8.85e-06 8.05e-06 8.35e-06 1.29e-05 1.08e-05 9.2e-06 8.6e-06 1.145e-05 1.125e-05 8.8e-06 8.15e-06 1.045e-05 7.7e-06 8.8e-06 8.6e-06 8.9e-06 7.3e-06 8.8e-06 8.2e-06 1.25e-05 7.75e-06 7.55e-06 8.55e-06 8.25e-06 8.1e-06 1.285e-05 9.2e-06 8.4e-06 9.05e-06 7.95e-06 8.25e-06 1.015e-05 1.27e-05 7.65e-06 7.05e-06 1.11e-05 1.11e-05 8.9e-06 9.3e-06 8.25e-06 8.7e-06 1.275e-05 1.23e-05 7.8e-06 8.9e-06 8.25e-06 9.8e-06 1.36e-05 8.75e-06 8.6e-06 9.1e-06 9.2e-06 1.02e-05 9.1e-06 9.15e-06 7.15e-06 8.5e-06 9.25e-06 8.55e-06 9.2e-06 1.25e-05 1.285e-05 6.85e-06 1.015e-05 6.95e-06 1.175e-05 1.36e-05 1.255e-05 1.285e-05 1.335e-05 1.01e-05 9.3e-06 7.75e-06 9.7e-06 1.62e-05 8.7e-06
