 slim_337519305 slim_337519482 slim_337519281 slim_337519569 slim_337519611 slim_337519398 slim_337519411 slim_337519589 slim_337519505 slim_337519593 slim_337519575 slim_337519321 slim_337519474 slim_337519201 slim_337519617 slim_337519627 slim_337519592 slim_337519563 slim_337519202 slim_337519469 slim_337519561 slim_337519633 slim_337519494 slim_337519607 slim_337519238 slim_337519573 slim_337519604 slim_337519558 slim_337519632 slim_337519215 slim_337519241 slim_337519614 slim_337519579 slim_337519625 slim_337519631 slim_337519526 slim_337519512 slim_337519610 slim_337519585 slim_337519385 slim_337519597 slim_337519623 slim_337519557 slim_337519552 slim_337519576 slim_337519509 slim_337519418 slim_337519630 slim_337519395 slim_337519416 slim_337519511 slim_337519605 slim_337519514 slim_337519594 slim_337519577 slim_337519388 slim_337519521 slim_337519602 slim_337519504 slim_337519540 slim_337519435 slim_337519347 slim_337519412 slim_337519590 slim_337519578 slim_337519612 slim_337519527 slim_337519571 slim_337519620 slim_337519430 slim_337519545 slim_337519454 slim_337519609 slim_337519465 slim_337519626 slim_337519618 slim_337519629 slim_337519543 slim_337519468 slim_337519622 slim_337519506 slim_337519391 slim_337519595 slim_337519583 slim_337519419 slim_337519624 slim_337519562 slim_337519366 slim_337519613 slim_337519510 slim_337519591 slim_337519634 slim_337519516 slim_337519601 slim_337519507 slim_337519621 slim_337519553 slim_337519567 slim_337519459 slim_337519458
0 1e-07 0.0003898 0.0003677 0.00039285 0.00032345 0.00023445 0.0003434 0.0003557 0.00026285 0.0003978 0.0004781 0.0001465 0.0002907 0.0002978 0.0001838 0.00031145 0.0002486 0.0002315 0.00040345 0.0002556 0.00013165 0.00022745 0.00025335 0.00012155 0.00014565 0.00024645 0.00044915 0.00034385 0.00039735 0.0002905 0.00039725 0.0001799 0.0004418 0.00041135 0.0001993 0.00023435 0.00027325 0.0001382 0.00023655 0.0001982 0.00039855 0.0001838 0.00024635 2.045e-05 0.00027375 0.0003277 0.00027375 0.0003272 0.00046285 0.00025175 0.00018355 0.00024625 0.00024575 0.0003846 0.0003268 0.00030975 0.00036275 0.00029855 0.0001544 0.00024915 0.00010215 0.0002487 0.0003333 0.00016005 0.00032845 0.0003335 0.0002446 0.0003269 0.0004737 0.00018935 0.00012975 0.0003684 0.000301 0.0003092 0.0003084 0.000242 0.0001838 0.00028045 0.00029865 0.00024145 0.00048885 0.00017935 0.0002909 0.00026965 0.00032675 0.0002394 0.0004182 0.00035425 0.00032685 0.00024925 0.0001535 0.00036705 0.0004632 0.0001676 0.00032775 0.00018385 0.0001637 0.0001895 0.0002173 0.00031785
1 0.0003898 0.0003179 0.00022365 0.00020005 0.00020015 0.00031355 0.0002255 0.0002915 0.00042235 0.0002381 0.000165 0.0004111 0.0003308 0.0002271 0.0003198 0.00029155 0.00028535 0.00030775 0.0002381 0.0003224 0.00040595 0.0003218 0.00028485 0.00038065 0.0002746 0.0002855 0.0001849 0.000342 0.00020435 0.0003306 0.00020425 0.00029245 0.0002282 0.00020225 0.0003331 0.00025265 0.0003426 0.00030435 0.0004345 0.0003324 0.0002001 0.0003198 0.0003307 0.00039525 0.0003431 0.00023915 0.0003431 0.0002387 0.0001989 0.0003305 0.00031955 0.00033065 0.00033015 0.00018535 0.00029055 0.0002255 0.0003305 0.0002311 0.00030585 0.0002859 0.00041105 0.00028545 0.00023915 0.00027555 0.000211 0.0002393 0.0002746 0.0002912 0.00016005 0.0003197 0.0004236 0.0002242 0.00033085 0.00019905 0.0001986 0.0002916 0.0003198 0.0002942 0.0002279 0.0004348 0.0001596 0.00028055 0.00033095 0.0003323 0.00029105 0.00027265 0.0001853 0.0003035 0.00029115 0.00028595 0.00030515 0.0002172 0.000199 0.00037725 0.00023925 0.0003198 0.000314 0.00031985 0.0003195 0.0002258
2 0.0003677 0.00022365 0.0003009 0.00018575 0.00019015 0.00025925 0.0001805 0.0003459 0.00047235 0.00015115 0.0002155 0.00041635 0.0003121 0.000168 0.00025635 0.0003371 0.00020915 0.0003314 0.00015145 0.000355 0.0004199 0.00030345 0.00028605 0.00031255 0.0002983 0.000224 0.0001851 0.00026475 0.0001816 0.0003119 0.0001815 0.0002943 0.0001517 0.0001855 0.0002561 0.0002416 0.00026595 0.0002607 0.0004255 0.0002556 0.000186 0.00025635 0.0003033 0.00036445 0.0002654 0.0001519 0.0002654 0.00015235 0.00018545 0.00030315 0.0002561 0.0003031 0.0003036 0.0001853 0.0003363 0.00015235 0.0003122 0.0001952 0.0002559 0.00020835 0.00040745 0.00020895 0.00015195 0.0002982 0.0001982 0.00015225 0.00029315 0.00033685 0.00021865 0.00025645 0.00036985 0.0001513 0.00031235 0.0001905 0.00019125 0.00034145 0.00025635 0.0002897 0.0001679 0.0004258 0.00021875 0.0002945 0.0003124 0.00025545 0.00033675 0.00020875 0.0002134 0.00029905 0.0003368 0.00020855 0.0002556 0.0002189 0.00018475 0.00035955 0.00015185 0.0002565 0.0002603 0.0002566 0.0003192 0.0001522
3 0.00039285 0.00020005 0.00018575 0.0003672 0.00019945 0.00028915 0.00020145 0.0003148 0.0004461 0.00018445 0.0001854 0.00041975 0.00031495 0.00020125 0.00028885 0.0003059 0.0002422 0.0003222 0.00018565 0.0003405 0.00041935 0.00030735 0.0002898 0.000346 0.000304 0.0002578 0.00018535 0.00029865 0.0001848 0.00031475 0.0001847 0.00030415 0.00018545 0.0001853 0.0002888 0.0002571 0.000299 0.00028975 0.00042895 0.00028865 0.00018505 0.00028885 0.0003064 0.00039355 0.00029795 0.0001842 0.00029795 0.0001848 0.000184 0.00030695 0.0002886 0.00030585 0.00030685 0.0001859 0.00030635 0.0001867 0.00031595 0.00021085 0.00028965 0.000241 0.00041075 0.0002421 0.00018495 0.0003041 0.0002103 0.0001856 0.000289 0.0003063 0.000185 0.00029 0.00040295 0.0001852 0.00031625 0.00019995 0.00020085 0.00032155 0.00028885 0.00028855 0.000201 0.00042925 0.0001847 0.00030435 0.0003156 0.0002893 0.0003062 0.00024245 0.0002006 0.0002983 0.00030625 0.00024155 0.00028995 0.0002187 0.00018515 0.000363 0.0001838 0.00028935 0.00028935 0.00029015 0.00032275 0.00018555
4 0.00032345 0.00020015 0.00019015 0.00019945 0.0001148 0.0003078 6.53e-05 0.0004282 0.0005245 0.00017465 0.00032815 0.00040525 0.00028645 7.365e-05 0.0001766 0.00034595 0.0001301 0.0002188 0.00018145 0.0003615 0.00042385 0.000225 0.0003188 0.000248 0.000205 0.00013045 0.00031745 0.0003669 0.00019975 0.0002862 0.00019965 0.00019085 0.00028505 0.00018585 0.0001767 0.00014365 0.0002508 0.0002059 0.00047845 0.00017655 0.0002063 0.00017665 0.00020455 0.00030975 0.0002497 5.795e-05 0.0002497 5.855e-05 0.00031615 0.00021065 0.0001764 0.00020395 0.000205 0.00020685 0.000332 8.57e-05 0.0003712 0.0001397 0.00019155 0.0001289 0.0003229 0.00013 6.43e-05 0.0001906 0.00026415 6.495e-05 0.0003187 0.0003322 0.00032735 0.00018335 0.00036875 0.00018955 0.0002979 7.255e-05 7.335e-05 0.000204 0.0001766 0.00030425 7.34e-05 0.00048335 0.00031375 0.00017645 0.0002871 0.00029365 0.0003321 0.0001358 0.0001864 0.00037785 0.00033215 0.00012945 0.0001919 0.00022585 0.00031645 0.00027525 5.755e-05 0.00017715 0.00019155 0.0001835 0.0002195 6.48e-05
5 0.00023445 0.00031355 0.00025925 0.00028915 0.0003078 0.0004682 0.0003016 0.0003221 0.0003489 0.00025845 0.00029595 0.00029235 0.00031585 0.00028945 0.00025955 0.0003128 0.0002608 0.00032545 0.0002582 0.00031675 0.00029155 0.00030625 0.00026635 0.0002366 0.0002834 0.0002667 0.0002651 0.0002448 0.00028965 0.00031565 0.00028955 0.0002839 0.0002455 0.00028885 0.00025915 0.00028415 0.00026955 0.00025945 0.000302 0.00025855 0.00028885 0.00025955 0.0003064 0.0002352 0.0002691 0.0002827 0.0002691 0.0002832 0.0002652 0.00030585 0.0002593 0.00030635 0.00030675 0.00028845 0.000312 0.0002825 0.00030955 0.0002836 0.0002594 0.00026015 0.00028295 0.00026065 0.00028235 0.0002835 0.00026 0.0002825 0.00026445 0.0003125 0.00029485 0.0002591 0.0002458 0.00025875 0.00031555 0.0003078 0.0003082 0.0003314 0.00025955 0.0002653 0.0002893 0.0003023 0.00029455 0.0002844 0.000316 0.00023515 0.0003124 0.00026 0.0003075 0.00027515 0.00031245 0.0002602 0.00026015 0.0002747 0.00026485 0.00028365 0.0002828 0.00025955 0.00025905 0.00025925 0.00031305 0.00028245
6 0.0003434 0.0002255 0.0001805 0.00020145 6.53e-05 0.0003016 7.41e-05 0.0004418 0.00052965 0.0001495 0.0003443 0.00041395 0.00028 6.71e-05 0.00017375 0.00035395 0.00011095 0.0002159 0.00014855 0.0003763 0.0004364 0.00021625 0.0003322 0.000227 0.00023155 0.00010895 0.00032575 0.000335 0.00019805 0.0002798 0.00019795 0.0001979 0.0002653 0.00018275 0.00015755 0.00014525 0.00022605 0.00021845 0.0004653 0.00015755 0.00020045 0.00017375 0.00019205 0.00032585 0.000225 3.95e-05 0.000225 4.055e-05 0.0003117 0.00019075 0.0001735 0.00019195 0.0001929 0.00021435 0.00033775 6.755e-05 0.0003574 0.00013505 0.0002033 0.00010925 0.000326 0.00011035 3.84e-05 0.00021735 0.00028065 3.86e-05 0.00033745 0.000338 0.00034715 0.0001726 0.00035915 0.0001795 0.0002836 7.965e-05 8.06e-05 0.00021775 0.00017375 0.0003033 6.64e-05 0.0004702 0.0003314 0.00019935 0.0002802 0.0002678 0.00033795 0.000124 0.00018415 0.000371 0.00033795 0.00010935 0.00020455 0.00022385 0.0003113 0.0002616 3.955e-05 0.0001738 0.0001925 0.00017275 0.00021895 5.415e-05
7 0.0003557 0.0002915 0.0003459 0.0003148 0.0004282 0.0003221 0.0004418 0.0003513 0.00017615 0.000371 0.00019295 0.0002801 0.00031495 0.00043435 0.00041925 0.00026225 0.00043175 0.0003683 0.00036555 0.00023665 0.0002658 0.00036975 0.0002812 0.00040835 0.0003652 0.0004377 0.00022295 0.0002885 0.00031585 0.0003147 0.00031575 0.00039085 0.0002729 0.0003347 0.0004305 0.0003935 0.00037155 0.00037965 0.00023225 0.00043015 0.0003094 0.00041925 0.0004013 0.00037035 0.0003713 0.0004538 0.0003713 0.00045405 0.0002319 0.0003956 0.000419 0.0004012 0.00040145 0.00030045 0.00027835 0.0004179 0.00024975 0.00037035 0.0003941 0.0004313 0.00036645 0.0004316 0.0004483 0.00037925 0.00026735 0.0004485 0.0002821 0.0002782 0.0001927 0.0004137 0.00033665 0.00034585 0.0003096 0.0004143 0.00041465 0.0003756 0.00041925 0.0003075 0.00043445 0.0002326 0.0002079 0.00039345 0.00031515 0.00034795 0.00027805 0.00041455 0.0003243 0.00024815 0.00027815 0.0004314 0.00039395 0.0003166 0.0002327 0.0003786 0.00045385 0.0004193 0.000405 0.00041385 0.00038195 0.00043695
8 0.00026285 0.00042235 0.00047235 0.0004461 0.0005245 0.0003489 0.00052965 0.00017615 0.0 0.00049225 0.00035425 0.00014645 0.00028005 0.00052335 0.00041655 0.000274 0.00047385 0.00033475 0.0004868 0.00018305 0.0001313 0.0003444 0.0003093 0.000346 0.0003674 0.0004705 0.0003829 0.0002925 0.0004427 0.00027985 0.0004426 0.00038485 0.00040755 0.0004656 0.00042355 0.0004303 0.0003511 0.0003818 8.01e-05 0.00042355 0.0004407 0.00041655 0.0003778 0.0002732 0.0003501 0.00054985 0.0003501 0.00055085 0.0003884 0.0003721 0.0004163 0.0003777 0.0003787 0.00043495 0.00028905 0.0005182 0.0002242 0.0004477 0.00039565 0.0004724 0.0002442 0.00047345 0.00054435 0.0003811 0.0003788 0.00054455 0.0003179 0.00028915 0.00035735 0.000411 0.0002167 0.00047135 0.00026955 0.00051095 0.00051205 0.00035235 0.00041655 0.0003345 0.0005227 7.53e-05 0.0003726 0.000391 0.00028025 0.0003662 0.000289 0.00045975 0.00044635 0.0002614 0.0002891 0.0004725 0.00039645 0.0004212 0.00038835 0.00030015 0.0005499 0.0004166 0.00040735 0.00041115 0.00035065 0.0005371
9 0.0003978 0.0002381 0.00015115 0.00018445 0.00017465 0.00025845 0.0001495 0.000371 0.00049225 0.0002375 0.0002308 0.00042705 0.0003056 0.00016425 0.0002406 0.00033745 0.000179 0.0003262 0.0001197 0.0003794 0.0004449 0.00029755 0.00030265 0.0002816 0.00032845 0.00019395 0.0001987 0.0002335 0.00018095 0.00030535 0.00018085 0.0002948 0.00014525 0.0001663 0.0002247 0.00024085 0.00023555 0.0002863 0.00042005 0.00022485 0.0001853 0.00024065 0.00027235 0.00038025 0.0002335 0.00011925 0.0002335 0.00012085 0.0001844 0.0002725 0.0002404 0.0002718 0.00027375 0.0001988 0.00032085 0.00015065 0.00030625 0.0001938 0.0002707 0.0001766 0.0003934 0.00017865 0.00011965 0.00031425 0.00022785 0.00012025 0.00030755 0.00032145 0.0002333 0.00024135 0.0003552 0.0001493 0.00030645 0.00018945 0.00019135 0.00032765 0.0002406 0.00027315 0.000163 0.00042035 0.00021755 0.00029625 0.0003062 0.0002245 0.0003214 0.0001932 0.0001976 0.0002831 0.0003214 0.0001771 0.00027275 0.0002036 0.0001842 0.00032945 0.0001189 0.0002411 0.00026035 0.0002415 0.00031565 0.0001358
10 0.0004781 0.000165 0.0002155 0.0001854 0.00032815 0.00029595 0.0003443 0.00019295 0.00035425 0.0002308 4.21e-05 0.00042185 0.0003558 0.0003511 0.00041445 0.00025245 0.0003801 0.0004075 0.0002253 0.00031155 0.00041605 0.00040075 0.0002509 0.00046105 0.00039255 0.00039525 5.32e-05 0.00025655 0.00018465 0.0003556 0.00018455 0.0004068 0.0001256 0.0001886 0.0004278 0.0003624 0.0003734 0.000403 0.00038135 0.0004271 0.00018 0.00041445 0.0004152 0.0004796 0.00037385 0.0003481 0.00037385 0.00034765 6.8e-05 0.0004095 0.0004142 0.0004151 0.00041465 0.00016595 0.00025245 0.0003232 0.00027175 0.0002987 0.0004003 0.00038055 0.00048125 0.00038015 0.0003426 0.00039325 0.00017115 0.0003428 0.00025065 0.0002516 2.205e-05 0.0004089 0.0004401 0.00021665 0.0003458 0.0003276 0.00032725 0.00039515 0.00041445 0.0002647 0.0003519 0.00037705 2.2e-05 0.0003943 0.000356 0.00031075 0.0002514 0.00036185 0.000187 0.0002103 0.00025165 0.00038065 0.00039895 0.0001964 6.735e-05 0.00044745 0.00034815 0.0004145 0.00041265 0.00040905 0.000419 0.0003293
11 0.0001465 0.0004111 0.00041635 0.00041975 0.00040525 0.00029235 0.00041395 0.0002801 0.00014645 0.00042705 0.00042185 0.0002735 0.0002767 0.0004018 0.0002768 0.000293 0.0003386 0.0002746 0.00042715 0.0002247 0.00014635 0.0002774 0.00027685 0.0002109 0.00027085 0.00033585 0.0004215 0.00030465 0.00041635 0.0002765 0.00041625 0.00027845 0.00042525 0.0004245 0.00028855 0.00032375 0.00029405 0.0002702 0.0001541 0.0002887 0.0004199 0.00027655 0.0002895 0.00014185 0.0002938 0.0004162 0.0002938 0.00041645 0.0004305 0.00028935 0.00027655 0.0002894 0.00028965 0.00041065 0.0002947 0.0004055 0.0002895 0.0003646 0.0002655 0.00033815 0.0001498 0.00033845 0.00041625 0.0002705 0.00036775 0.00041645 0.00028685 0.0002948 0.00042495 0.00027665 0.0001543 0.000416 0.0002815 0.00040575 0.00040595 0.00027845 0.00027655 0.0002941 0.0004019 0.00015905 0.00042685 0.00026565 0.0002769 0.00029965 0.00029465 0.0003268 0.00041905 0.00029905 0.00029475 0.00033825 0.00026565 0.0003809 0.00043045 0.00021125 0.00041625 0.0002766 0.0002816 0.00027695 0.0002752 0.00040475
12 0.0002907 0.0003308 0.0003121 0.00031495 0.00028645 0.00031585 0.00028 0.00031495 0.00028005 0.0003056 0.0003558 0.0002767 0.0005407 0.00028095 0.00027685 0.00031755 0.000275 0.00027955 0.0003068 0.0002775 0.00028525 0.0002729 0.0003178 0.00027435 0.0002969 0.0002813 0.0003544 0.00031155 0.00031155 0.00027045 0.00031145 0.00028885 0.00032915 0.0003161 0.00027255 0.0002846 0.00027825 0.0002826 0.0002764 0.00027275 0.00031625 0.00027685 0.0002736 0.0002871 0.00027645 0.00027095 0.00027645 0.0002723 0.0003496 0.00027415 0.0002766 0.00027305 0.0002748 0.0003203 0.00031695 0.0002777 0.0002904 0.0002789 0.0002819 0.0002728 0.0002792 0.00027465 0.0002717 0.00029665 0.00032165 0.00027235 0.0003247 0.00031715 0.00035875 0.000278 0.0002827 0.0003106 0.0002766 0.0002873 0.00028895 0.000289 0.00027685 0.0003155 0.00027995 0.00028135 0.0003585 0.0002926 0.00027105 0.00030745 0.00031705 0.00027835 0.00032255 0.00032045 0.0003171 0.00027335 0.00028315 0.0003232 0.0003499 0.00027525 0.00027055 0.00027735 0.0002824 0.00027815 0.00028215 0.0002764
13 0.0002978 0.0002271 0.000168 0.00020125 7.365e-05 0.00028945 6.71e-05 0.00043435 0.00052335 0.00016425 0.0003511 0.0004018 0.00028095 9.13e-05 0.00016895 0.0003658 0.0001172 0.00022555 0.00017045 0.00036225 0.00041045 0.0002189 0.0003189 0.00023635 0.00019905 0.00011855 0.0003211 0.00035575 0.00019775 0.00028075 0.00019765 0.00019205 0.00026 0.00019995 0.0001659 0.00013915 0.0002385 0.00017205 0.00047225 0.0001657 0.0002075 0.00016885 0.0002125 0.00029405 0.0002392 4.79e-05 0.0002392 4.7e-05 0.00031775 0.00021825 0.0001687 0.0002122 0.0002115 0.0002105 0.0003652 6.375e-05 0.00036515 0.0001355 0.0001723 0.000118 0.00033315 0.00011735 5.385e-05 0.0001988 0.00025265 5.425e-05 0.00032595 0.00036545 0.0003541 0.00017495 0.00036025 0.00016795 0.0002918 7.425e-05 7.355e-05 0.00023815 0.00016885 0.0003191 4.695e-05 0.00047715 0.0003539 0.0001946 0.00028135 0.0002825 0.0003653 0.0001275 0.0002138 0.0003923 0.0003654 0.0001183 0.0001724 0.00023995 0.0003176 0.0002824 4.775e-05 0.0001691 0.00017205 0.0001752 0.0002114 5.73e-05
14 0.0001838 0.0003198 0.00025635 0.00028885 0.0001766 0.00025955 0.00017375 0.00041925 0.00041655 0.0002406 0.00041445 0.0002768 0.00027685 0.00016895 0.0002923 0.0003368 0.0001492 0.00022865 0.0002474 0.0003287 0.00030005 0.00021515 0.0002854 0.0001488 0.0002098 0.0001561 0.00038405 0.00031495 0.0002854 0.0002766 0.0002853 0.0001919 0.00033795 0.00027525 0.00014695 0.0001875 0.00022165 0.00018045 0.00035095 0.00014735 0.0002957 0.00014655 0.00019475 0.00016545 0.00022055 0.00014665 0.0002205 0.0001473 0.00038275 0.00020085 0.00014625 0.00019415 0.0001952 0.00029625 0.00032285 0.00017445 0.00035585 0.00020525 0.00016145 0.000148 0.00019435 0.0001491 0.00015305 0.0001955 0.00031085 0.0001537 0.0002939 0.00032305 0.0004174 0.00015325 0.00022085 0.0002555 0.0002883 0.00019155 0.0001923 0.00022455 0.0001465 0.0002753 0.0001687 0.00035585 0.0004038 0.0001768 0.0002775 0.0002411 0.00032295 0.00015485 0.0002955 0.00034935 0.000323 0.00014855 0.00016205 0.00028315 0.00038305 0.0001958 0.0001463 0.00014705 0.0001661 0.0001532 0.00021625 0.0001535
15 0.00031145 0.00029155 0.0003371 0.0003059 0.00034595 0.0003128 0.00035395 0.00026225 0.000274 0.00033745 0.00025245 0.000293 0.00031755 0.0003658 0.0003368 0.0005012 0.00033635 0.0003006 0.0003375 0.00028175 0.0002926 0.00030815 0.00028265 0.00031415 0.00032115 0.0003435 0.00028315 0.00032335 0.000307 0.00031735 0.0003069 0.0003214 0.0003245 0.0003056 0.00033675 0.0003251 0.00034595 0.00033565 0.00030325 0.00033625 0.000306 0.0003368 0.0003062 0.00031215 0.00034695 0.00036105 0.00034695 0.00036005 0.00028225 0.00030595 0.00033655 0.0003061 0.00030495 0.00030695 0.0002516 0.00036155 0.00031155 0.0003256 0.000337 0.00033765 0.0002816 0.0003367 0.00036105 0.00032125 0.000301 0.00036125 0.00028195 0.0002513 0.00025215 0.00033675 0.0003226 0.0003377 0.00031765 0.000346 0.000345 0.0002907 0.0003368 0.00028265 0.00036715 0.00030355 0.00025185 0.0003215 0.00031775 0.0003134 0.00025125 0.00033785 0.0002993 0.00029215 0.00025125 0.00033775 0.00033625 0.0002912 0.000283 0.00028255 0.0003611 0.00033685 0.00033525 0.0003369 0.000312 0.00036115
16 0.0002486 0.00028535 0.00020915 0.0002422 0.0001301 0.0002608 0.00011095 0.00043175 0.00047385 0.000179 0.0003801 0.0003386 0.000275 0.0001172 0.0001492 0.00033635 0.0001629 0.0002252 0.00018515 0.00034165 0.0003611 0.0002122 0.0003027 0.0001334 0.00022605 9.125e-05 0.0003501 0.0003007 0.0002389 0.0002748 0.0002388 0.0001927 0.00028745 0.0002207 0.0001338 0.0001389 0.00020505 0.0001916 0.0003965 0.00013355 0.0002484 0.0001492 0.0001797 0.000231 0.000207 8.55e-05 0.000207 8.335e-05 0.0003359 0.0001854 0.00014895 0.0001794 0.00017745 0.0002623 0.00032025 0.00012765 0.0003534 0.0001584 0.000179 8.46e-05 0.0002431 8.265e-05 9.14e-05 0.00021185 0.000279 9.18e-05 0.000308 0.0003205 0.00038295 0.00015525 0.0002708 0.0002091 0.0002858 0.00014465 0.00014275 0.0002242 0.0001492 0.00027495 0.00011905 0.0004014 0.0003672 0.0001938 0.0002754 0.00022755 0.00032035 0.00010645 0.00024555 0.00034795 0.00032045 8.49e-05 0.00017915 0.0002327 0.00033575 0.0001786 8.535e-05 0.00014945 0.00016495 0.0001554 0.00021305 0.00010725
17 0.0002315 0.00030775 0.0003314 0.0003222 0.0002188 0.00032545 0.0002159 0.0003683 0.00033475 0.0003262 0.0004075 0.0002746 0.00027955 0.00022555 0.00022865 0.0003006 0.0002252 0.0003737 0.0003318 0.0002903 0.000283 0.0002159 0.00031405 0.0002145 0.00021825 0.0002141 0.00041945 0.00039045 0.0003188 0.00027935 0.0003187 0.00021015 0.00040835 0.00032255 0.00022405 0.0002068 0.0002984 0.00023345 0.0003436 0.00022405 0.0003279 0.00022865 0.00021175 0.0002279 0.00029755 0.0002333 0.00029755 0.00023415 0.000415 0.00021715 0.0002284 0.00021165 0.00021245 0.0003321 0.00030015 0.0002493 0.0003572 0.00025 0.0002332 0.0002237 0.0002068 0.0002246 0.0002389 0.000218 0.00034585 0.0002391 0.0003211 0.0003002 0.0004106 0.0002342 0.0002928 0.00033075 0.00028975 0.0002192 0.00021995 0.00019715 0.00022865 0.00031235 0.00022505 0.0003484 0.00041035 0.00021395 0.00027975 0.0003172 0.0003001 0.00023365 0.00029865 0.000386 0.00030015 0.0002238 0.00023365 0.00031215 0.00041495 0.00020195 0.00023335 0.0002287 0.00023325 0.00023435 0.0002035 0.00024315
18 0.00040345 0.0002381 0.00015145 0.00018565 0.00018145 0.0002582 0.00014855 0.00036555 0.0004868 0.0001197 0.0002253 0.00042715 0.0003068 0.00017045 0.0002474 0.0003375 0.00018515 0.0003318 0.0002252 0.0003795 0.000445 0.00029665 0.00030275 0.0002869 0.0003341 0.0001994 0.00019285 0.0002276 0.0001822 0.0003066 0.0001821 0.0003004 0.00013995 0.0001669 0.0002311 0.0002464 0.0002361 0.0002925 0.0004145 0.0002311 0.00017885 0.0002474 0.0002786 0.0003859 0.00023465 0.0001267 0.00023465 0.0001282 0.0001792 0.00027155 0.00024715 0.00027855 0.0002799 0.00019225 0.0003208 0.0001432 0.0002999 0.0001929 0.00027665 0.00018325 0.000399 0.00018475 0.00011985 0.0003199 0.0002279 0.00012 0.00030755 0.00032145 0.00022775 0.00024045 0.0003552 0.0001497 0.0003 0.00019575 0.00019725 0.00033325 0.0002474 0.00027345 0.0001693 0.0004148 0.00021195 0.0003019 0.00030695 0.00022435 0.0003214 0.0001922 0.00019755 0.0002775 0.0003214 0.0001833 0.00027895 0.00020355 0.0001784 0.00033495 0.0001268 0.0002474 0.00026655 0.0002406 0.00032125 0.00013555
19 0.0002556 0.0003224 0.000355 0.0003405 0.0003615 0.00031675 0.0003763 0.00023665 0.00018305 0.0003794 0.00031155 0.0002247 0.0002775 0.00036225 0.0003287 0.00028175 0.00034165 0.0002903 0.0003795 0.0003467 0.0002192 0.00029575 0.0002843 0.0002989 0.00028495 0.00034675 0.0003288 0.0003254 0.0003369 0.0002773 0.0003368 0.00030665 0.00035245 0.00036015 0.0003399 0.0003016 0.00032815 0.000294 0.00022325 0.00033985 0.00034065 0.0003287 0.0003225 0.00026605 0.0003272 0.0003812 0.0003272 0.00038215 0.0003386 0.00032235 0.00032845 0.0003224 0.00032335 0.0003307 0.00029695 0.0003563 0.0002791 0.0002776 0.00030345 0.0003403 0.0002697 0.0003413 0.00038125 0.0002988 0.00025445 0.00038145 0.00029315 0.00029695 0.00031485 0.0003287 0.0002746 0.00035415 0.0002823 0.0003478 0.00034875 0.0003027 0.0003287 0.00031395 0.00036165 0.00022825 0.00033025 0.0003088 0.0002777 0.00033835 0.0002968 0.0003291 0.00035065 0.0003016 0.0002969 0.0003404 0.0003041 0.0003239 0.00033845 0.0002814 0.00038125 0.00032875 0.00031935 0.00032885 0.00030295 0.0003699
20 0.00013165 0.00040595 0.0004199 0.00041935 0.00042385 0.00029155 0.0004364 0.0002658 0.0001313 0.0004449 0.00041605 0.00014635 0.00028525 0.00041045 0.00030005 0.0002926 0.0003611 0.000283 0.000445 0.0002192 0.0002626 0.0002858 0.0002812 0.00023365 0.0002564 0.00035835 0.0004159 0.00031805 0.0004199 0.00028505 0.0004198 0.00028225 0.00042455 0.00043835 0.0003113 0.0003322 0.00031205 0.00026005 0.0001582 0.00031075 0.0004195 0.00030005 0.00031195 0.0001467 0.0003118 0.00043865 0.0003118 0.0004389 0.0004255 0.0003118 0.0002998 0.00031185 0.0003121 0.00040965 0.0003078 0.00041385 0.00029335 0.000373 0.0002749 0.00036065 0.00017305 0.00036095 0.0004387 0.00027045 0.0003535 0.0004389 0.0002813 0.0003079 0.0004154 0.00030005 0.0001731 0.00041975 0.00028515 0.00040995 0.0004101 0.00029705 0.00030005 0.00030735 0.00041055 0.00015825 0.0004306 0.00028505 0.00028545 0.0003178 0.00030775 0.00034945 0.00043215 0.0003077 0.00030785 0.00036075 0.00027485 0.000394 0.00042565 0.00023375 0.0004387 0.0003001 0.0002854 0.0003002 0.00028385 0.00042735
21 0.00022745 0.0003218 0.00030345 0.00030735 0.000225 0.00030625 0.00021625 0.00036975 0.0003444 0.00029755 0.00040075 0.0002774 0.0002729 0.0002189 0.00021515 0.00030815 0.0002122 0.0002159 0.00029665 0.00029575 0.0002858 0.0004158 0.00030865 0.00021025 0.0002339 0.00021765 0.0003988 0.00036555 0.00030395 0.0002727 0.00030385 0.0002258 0.0003742 0.0003078 0.00021055 0.00022105 0.00027955 0.0002203 0.0003407 0.00021055 0.00030625 0.00021515 0.0002112 0.00022385 0.00027835 0.00021035 0.00027835 0.00021155 0.0003948 0.0002098 0.0002149 0.0002111 0.00021225 0.00031025 0.00030745 0.00021265 0.0003445 0.0002322 0.0002192 0.00021055 0.0002157 0.0002118 0.00020905 0.00023365 0.0003299 0.00020925 0.00031545 0.00030775 0.0004036 0.0002139 0.00028305 0.000302 0.00027615 0.0002254 0.0002265 0.00022575 0.00021515 0.00030665 0.00021805 0.0003455 0.00040335 0.0002296 0.0002731 0.000298 0.00030765 0.00021365 0.00031355 0.0003749 0.0003077 0.00021065 0.00022085 0.0003138 0.0003944 0.0002112 0.0002104 0.0002152 0.0002201 0.0002138 0.0002189 0.00021335
22 0.00025335 0.00028485 0.00028605 0.0002898 0.0003188 0.00026635 0.0003322 0.0002812 0.0003093 0.00030265 0.0002509 0.00027685 0.0003178 0.0003189 0.0002854 0.00028265 0.0003027 0.00031405 0.00030275 0.0002843 0.0002812 0.00030865 0.0004886 0.00027945 0.00028265 0.00030915 0.0002526 0.0002885 0.00028525 0.0003176 0.00028525 0.0002945 0.00027825 0.00029425 0.00030155 0.00029285 0.00031165 0.00027815 0.00030345 0.0003014 0.00028995 0.0002856 0.00031915 0.0002493 0.0003121 0.00032625 0.0003121 0.0003258 0.0002661 0.000319 0.0002853 0.00031905 0.0003186 0.0002765 0.0002847 0.000311 0.00031185 0.00029315 0.00027 0.00030315 0.0002783 0.00030275 0.0003263 0.00028245 0.0002564 0.0003265 0.00025565 0.0002845 0.00025505 0.0002856 0.00027145 0.00028705 0.00031795 0.00031915 0.00031865 0.0003116 0.0002856 0.0002676 0.0003197 0.00030375 0.0002573 0.00027805 0.000318 0.0002782 0.00028435 0.0002877 0.00029765 0.0002774 0.00028445 0.00030325 0.0002688 0.0002769 0.00026575 0.00029585 0.0003263 0.00028565 0.00028935 0.00028555 0.0003126 0.0003107
23 0.00012155 0.00038065 0.00031255 0.000346 0.000248 0.0002366 0.000227 0.00040835 0.000346 0.0002816 0.00046105 0.0002109 0.00027435 0.00023635 0.0001488 0.00031415 0.0001334 0.0002145 0.0002869 0.0002989 0.00023365 0.00021025 0.00027945 0.0001032 0.00021715 0.00012875 0.00043 0.00027645 0.0003426 0.00027415 0.0003425 0.0001836 0.00037645 0.00032735 0.0001328 0.0001766 0.0002075 0.00019345 0.000269 0.0001329 0.00035125 0.0001487 0.00018005 0.0001037 0.0002067 0.00021185 0.0002067 0.00021265 0.000416 0.000185 0.00014855 0.00017995 0.0001807 0.00036545 0.0002982 0.0002525 0.00034605 0.00024195 0.0001783 0.00013165 0.0001166 0.0001326 0.00021705 0.00020295 0.00034085 0.00021725 0.00028515 0.00029825 0.00046415 0.0001538 0.00014345 0.00031155 0.00028425 0.00026235 0.000263 0.0002161 0.0001487 0.0002507 0.0002359 0.0002739 0.0004484 0.00018465 0.00027455 0.0002028 0.00029815 0.0001528 0.00033985 0.0003249 0.0002982 0.00013185 0.00017945 0.00028845 0.0004156 9.975e-05 0.0002119 0.00014875 0.0001675 0.0001541 0.0002041 0.0002328
24 0.00014565 0.0002746 0.0002983 0.000304 0.000205 0.0002834 0.00023155 0.0003652 0.0003674 0.00032845 0.00039255 0.00027085 0.0002969 0.00019905 0.0002098 0.00032115 0.00022605 0.00021825 0.0003341 0.00028495 0.0002564 0.0002339 0.00028265 0.00021715 0.0002906 0.00021735 0.0003831 0.00039235 0.0003085 0.0002967 0.0003084 0.00017975 0.0003855 0.0003225 0.0002253 0.000187 0.00029895 0.00016495 0.0003606 0.0002244 0.0003097 0.0002098 0.00025275 0.00016475 0.00029945 0.00023555 0.00029945 0.00023505 0.0003968 0.00025815 0.00020955 0.00025265 0.00025215 0.00029575 0.0003365 0.0002176 0.0003747 0.00022955 0.0001804 0.0002266 0.0002267 0.00022615 0.00024115 0.0001599 0.00028225 0.00024135 0.00027465 0.0003366 0.00038815 0.00021535 0.0002736 0.00029905 0.0003072 0.0001907 0.00019 0.0002221 0.0002098 0.00030975 0.0001999 0.0003655 0.0004033 0.00017905 0.0002971 0.00031845 0.00033645 0.00021685 0.00030965 0.00038325 0.00033655 0.0002267 0.00017945 0.0003103 0.00039715 0.0002436 0.0002356 0.00020985 0.0001901 0.0002155 0.0002171 0.0002257
25 0.00024645 0.0002855 0.000224 0.0002578 0.00013045 0.0002667 0.00010895 0.0004377 0.0004705 0.00019395 0.00039525 0.00033585 0.0002813 0.00011855 0.0001561 0.0003435 9.125e-05 0.0002141 0.0001994 0.00034675 0.00035835 0.00021765 0.00030915 0.00012875 0.00021735 0.0001568 0.0003647 0.00030625 0.0002544 0.0002811 0.0002543 0.0001839 0.0003017 0.0002387 0.0001403 0.00012785 0.00021385 0.0002001 0.0003934 0.00014015 0.00026325 0.0001561 0.000187 0.00022885 0.00021355 0.00010125 0.00021355 0.00010155 0.0003506 0.00019215 0.00015585 0.0001869 0.0001872 0.00027735 0.00032755 0.0001422 0.0003589 0.00017245 0.0001858 8.98e-05 0.00024155 9.02e-05 0.00010665 0.00020315 0.00029355 0.00010685 0.0003147 0.00032765 0.00039835 0.0001614 0.0002683 0.00022385 0.0002914 0.0001448 0.000145 0.0002161 0.0001561 0.00028085 0.0001186 0.0003983 0.0003826 0.0001851 0.0002815 0.00023325 0.0003275 0.000111 0.00024405 0.00035415 0.0003276 8.995e-05 0.00018595 0.0002307 0.00035035 0.0001754 0.0001013 0.00015615 0.00017415 0.0001616 0.00020435 0.0001223
26 0.00044915 0.0001849 0.0001851 0.00018535 0.00031745 0.0002651 0.00032575 0.00022295 0.0003829 0.0001987 5.32e-05 0.0004215 0.0003544 0.0003211 0.00038405 0.00028315 0.0003501 0.00041945 0.00019285 0.0003288 0.0004159 0.0003988 0.0002526 0.00043 0.0003831 0.0003647 0.0001046 0.0002249 0.0001853 0.0003542 0.0001852 0.00039725 9.345e-05 0.0001886 0.0003971 0.0003499 0.00034325 0.00037365 0.0003804 0.00039675 0.00017945 0.00038405 0.00041445 0.00045045 0.00034285 0.0003166 0.00034285 0.00031705 6.77e-05 0.0004083 0.0003838 0.0004144 0.0004148 0.00016455 0.00028235 0.00029065 0.00027 0.00028535 0.00036935 0.0003495 0.0004816 0.00034995 0.00031065 0.0003838 0.0001591 0.0003108 0.00025105 0.00028225 5.255e-05 0.000378 0.00041015 0.00018435 0.00034385 0.00031685 0.0003174 0.0004152 0.00038405 0.0002649 0.000321 0.0003761 5.25e-05 0.00038465 0.00035455 0.00027945 0.00028205 0.00033025 0.0001995 0.00021065 0.0002823 0.00034955 0.00037025 0.0001968 6.66e-05 0.00044715 0.0003167 0.00038405 0.0003833 0.0003781 0.0004189 0.00029725
27 0.00034385 0.000342 0.00026475 0.00029865 0.0003669 0.0002448 0.000335 0.0002885 0.0002925 0.0002335 0.00025655 0.00030465 0.00031155 0.00035575 0.00031495 0.00032335 0.0003007 0.00039045 0.0002276 0.0003254 0.00031805 0.00036555 0.0002885 0.00027645 0.00039235 0.00030625 0.0002249 0.0002908 0.0002952 0.00031135 0.0002951 0.0003587 0.00018235 0.00027975 0.00029875 0.0003535 0.00023465 0.00035975 0.00022335 0.00029875 0.0002928 0.00031495 0.00034625 0.00032625 0.00023355 0.0003215 0.0002335 0.00032265 0.00021095 0.00034015 0.0003147 0.0003462 0.0003472 0.00030645 0.0003069 0.0003399 0.0002414 0.0003298 0.0003445 0.0002994 0.0003394 0.00030055 0.0003156 0.00037815 0.00028225 0.00031575 0.0002936 0.00030735 0.0002592 0.00030895 0.00022685 0.0002635 0.0003012 0.0003812 0.00038245 0.00039155 0.00031495 0.00025965 0.00035495 0.00021915 0.00024345 0.0003601 0.0003117 0.000211 0.0003073 0.0003093 0.0003015 0.0001946 0.0003073 0.00029945 0.000346 0.00026905 0.0002104 0.00032395 0.0003216 0.00031495 0.0003338 0.0003091 0.00037975 0.0003313
28 0.00039735 0.00020435 0.0001816 0.0001848 0.00019975 0.00028965 0.00019805 0.00031585 0.0004427 0.00018095 0.00018465 0.00041635 0.00031155 0.00019775 0.0002854 0.000307 0.0002389 0.0003188 0.0001822 0.0003369 0.0004199 0.00030395 0.00028525 0.0003426 0.0003085 0.0002544 0.0001853 0.0002952 0.0003604 0.0003113 0.0001802 0.0003047 0.000182 0.00018565 0.0002854 0.0002535 0.00029565 0.00029035 0.00042555 0.00028525 0.0001861 0.00028545 0.00030305 0.0003941 0.0002945 0.00018075 0.0002945 0.0001814 0.000185 0.0003036 0.0002852 0.00030245 0.00030355 0.00018595 0.00030675 0.000183 0.00031255 0.00020725 0.00028595 0.0002376 0.0004074 0.00023875 0.00018155 0.0003084 0.0002101 0.0001822 0.0002933 0.00030665 0.00018865 0.0002866 0.00039955 0.00018145 0.00031285 0.0002005 0.00020145 0.00032195 0.0002854 0.00028885 0.00019745 0.00042585 0.00018875 0.0003047 0.0003122 0.00028585 0.00030655 0.00023905 0.00020095 0.0002986 0.0003066 0.00023815 0.00028585 0.000219 0.000185 0.00035965 0.00018035 0.00028595 0.00028995 0.00028675 0.00031925 0.00018215
29 0.0002905 0.0003306 0.0003119 0.00031475 0.0002862 0.00031565 0.0002798 0.0003147 0.00027985 0.00030535 0.0003556 0.0002765 0.00027045 0.00028075 0.0002766 0.00031735 0.0002748 0.00027935 0.0003066 0.0002773 0.00028505 0.0002727 0.0003176 0.00027415 0.0002967 0.0002811 0.0003542 0.00031135 0.0003113 0.0005403 0.0003112 0.00028865 0.000329 0.0003159 0.00027235 0.0002844 0.00027805 0.0002824 0.0002762 0.00027255 0.00031605 0.00027665 0.0002734 0.0002869 0.0002762 0.0002707 0.0002762 0.00027205 0.0003494 0.00027395 0.0002764 0.0002728 0.0002746 0.0003201 0.00031675 0.0002775 0.0002902 0.0002787 0.0002817 0.0002726 0.000279 0.00027445 0.0002715 0.00029645 0.00032145 0.00027215 0.0003245 0.00031695 0.00035855 0.0002778 0.0002825 0.0003104 0.0002764 0.0002871 0.00028875 0.0002888 0.0002766 0.0003153 0.00027975 0.00028115 0.0003583 0.0002924 0.0002711 0.00030725 0.00031685 0.00027815 0.00032235 0.00032025 0.0003169 0.00027315 0.00028295 0.000323 0.0003497 0.00027505 0.0002703 0.00027715 0.0002822 0.00027795 0.00028195 0.0002762
30 0.00039725 0.00020425 0.0001815 0.0001847 0.00019965 0.00028955 0.00019795 0.00031575 0.0004426 0.00018085 0.00018455 0.00041625 0.00031145 0.00019765 0.0002853 0.0003069 0.0002388 0.0003187 0.0001821 0.0003368 0.0004198 0.00030385 0.00028525 0.0003425 0.0003084 0.0002543 0.0001852 0.0002951 0.0001802 0.0003112 0.0003602 0.0003046 0.0001819 0.00018555 0.0002853 0.0002534 0.00029555 0.00029025 0.00042545 0.00028515 0.000186 0.00028535 0.00030295 0.000394 0.0002944 0.00018065 0.0002944 0.0001813 0.0001849 0.0003035 0.0002851 0.00030235 0.00030345 0.00018585 0.00030665 0.0001829 0.00031245 0.00020715 0.00028585 0.0002375 0.0004073 0.00023865 0.00018145 0.0003083 0.00021 0.0001821 0.0002932 0.00030655 0.00018855 0.0002865 0.00039945 0.00018135 0.00031275 0.0002004 0.00020135 0.00032185 0.0002853 0.00028875 0.00019735 0.00042575 0.00018865 0.0003046 0.0003121 0.00028575 0.00030645 0.00023895 0.00020085 0.0002985 0.0003065 0.00023805 0.00028575 0.0002189 0.0001849 0.00035955 0.00018025 0.00028585 0.00028985 0.00028665 0.00031915 0.00018205
31 0.0001799 0.00029245 0.0002943 0.00030415 0.00019085 0.0002839 0.0001979 0.00039085 0.00038485 0.0002948 0.0004068 0.00027845 0.00028885 0.00019205 0.0001919 0.0003214 0.0001927 0.00021015 0.0003004 0.00030665 0.00028225 0.0002258 0.0002945 0.0001836 0.00017975 0.0001839 0.00039725 0.0003587 0.0003047 0.00028865 0.0003046 0.0003583 0.00037725 0.0003035 0.00019175 0.00018325 0.0002655 0.00019095 0.00035255 0.0001905 0.0003098 0.0001919 0.0002193 0.000181 0.0002659 0.000202 0.0002659 0.0002016 0.00039695 0.00022465 0.00019165 0.0002192 0.00021875 0.0003099 0.0003211 0.00021365 0.0003666 0.0002257 0.00019215 0.0001931 0.0002089 0.00019275 0.00020755 0.0001799 0.00031195 0.00020775 0.00029305 0.00032115 0.00040615 0.0001974 0.0002557 0.00029515 0.0002991 0.0001906 0.00019005 0.00020805 0.0001919 0.00029425 0.0001928 0.00035745 0.00040585 0.00018055 0.00028905 0.0002847 0.00032105 0.0001989 0.0002941 0.00036775 0.0003211 0.0001932 0.0001913 0.00029485 0.000397 0.0002102 0.00020205 0.00019195 0.00019055 0.00019755 0.0002101 0.0002077
32 0.0004418 0.0002282 0.0001517 0.00018545 0.00028505 0.0002455 0.0002653 0.0002729 0.00040755 0.00014525 0.0001256 0.00042525 0.00032915 0.00026 0.00033795 0.0003245 0.00028745 0.00040835 0.00013995 0.00035245 0.00042455 0.0003742 0.00027825 0.00037645 0.0003855 0.0003017 9.345e-05 0.00018235 0.000182 0.000329 0.0001819 0.00037725 9.77e-05 0.0001859 0.00033345 0.00032325 0.0002804 0.0003436 0.0003661 0.0003334 0.0001801 0.00033795 0.0003809 0.0004382 0.0002787 0.0002418 0.0002787 0.0002433 8.92e-05 0.00037505 0.0003377 0.0003806 0.00038225 0.00018355 0.0003233 0.0002355 0.0002454 0.00025975 0.00034235 0.0002853 0.00047675 0.00028705 0.00023615 0.00038525 0.0001782 0.00023655 0.0002846 0.00032405 0.000128 0.00033245 0.00037495 0.00015005 0.00031925 0.00028565 0.00028725 0.00042405 0.00033795 0.000276 0.00025885 0.0003618 0.00012775 0.0003812 0.0003295 0.0002368 0.00032395 0.0002842 0.0002133 0.00022205 0.000324 0.0002856 0.00034435 0.0002061 8.89e-05 0.0004242 0.00024165 0.0003382 0.0003434 0.0003326 0.00039775 0.0002406
33 0.00041135 0.00020225 0.0001855 0.0001853 0.00018585 0.00028885 0.00018275 0.0003347 0.0004656 0.0001663 0.0001886 0.0004245 0.0003161 0.00019995 0.00027525 0.0003056 0.0002207 0.00032255 0.0001669 0.00036015 0.00043835 0.0003078 0.00029425 0.00032735 0.0003225 0.0002387 0.0001886 0.00027975 0.00018565 0.0003159 0.00018555 0.0003035 0.0001859 0.0003268 0.00027035 0.0002574 0.0002784 0.00030705 0.00042935 0.00026985 0.0001859 0.00027525 0.00028705 0.0003978 0.00028 0.0001667 0.00028 0.00016495 0.00018505 0.0002872 0.000275 0.0002868 0.00028515 0.00018855 0.0002888 0.00018715 0.0003165 0.00021145 0.00029445 0.0002229 0.0003953 0.00022135 0.00016705 0.00030835 0.0002288 0.0001674 0.0002912 0.0002896 0.0001872 0.0002757 0.0003886 0.0001858 0.0003167 0.0002003 0.00019895 0.0003061 0.00027525 0.0002736 0.0002017 0.00042965 0.00017135 0.00029435 0.00031645 0.0002702 0.0002895 0.0002286 0.0001841 0.0002827 0.00028955 0.00022315 0.00029425 0.00020285 0.00018485 0.00034305 0.0001666 0.00027545 0.00028735 0.00027585 0.0003219 0.0001723
34 0.0001993 0.0003331 0.0002561 0.0002888 0.0001767 0.00025915 0.00015755 0.0004305 0.00042355 0.0002247 0.0004278 0.00028855 0.00027255 0.0001659 0.00014695 0.00033675 0.0001338 0.00022405 0.0002311 0.0003399 0.0003113 0.00021055 0.00030155 0.0001328 0.0002253 0.0001403 0.0003971 0.00029875 0.0002854 0.00027235 0.0002853 0.00019175 0.00033345 0.00027035 0.0002595 0.0001873 0.000206 0.0001922 0.0003464 0.0001309 0.00029535 0.000147 0.0001784 0.00018145 0.00020475 0.0001304 0.00020475 0.00013195 0.0003823 0.00018495 0.0001467 0.0001786 0.00017975 0.0003093 0.0003206 0.00017385 0.0003512 0.00020485 0.00017745 0.0001323 0.0001947 0.0001336 0.00013715 0.0002111 0.00032625 0.00013695 0.0003072 0.0003208 0.0004307 0.0001534 0.00022095 0.0002544 0.0002837 0.0001906 0.0001924 0.0002246 0.000147 0.0002728 0.00016465 0.0003513 0.00041495 0.0001928 0.00027225 0.00022455 0.00032075 0.0001546 0.00029295 0.0003469 0.00032075 0.000132 0.0001782 0.00028085 0.00038265 0.0001801 0.00013075 0.00014665 0.00016625 0.0001535 0.000213 0.00015255
35 0.00023435 0.00025265 0.0002416 0.0002571 0.00014365 0.00028415 0.00014525 0.0003935 0.0004303 0.00024085 0.0003624 0.00032375 0.0002846 0.00013915 0.0001875 0.0003251 0.0001389 0.0002068 0.0002464 0.0003016 0.0003322 0.00022105 0.00029285 0.0001766 0.000187 0.00012785 0.0003499 0.0003535 0.0002535 0.0002844 0.0002534 0.00018325 0.00032325 0.0002574 0.0001873 0.0002536 0.00026135 0.00019225 0.00039705 0.0001872 0.0002627 0.0001875 0.0002161 0.0002308 0.0002607 0.00014805 0.0002607 0.0001487 0.0003499 0.0002214 0.00018725 0.000216 0.00021665 0.00026255 0.0003247 0.00015945 0.0003623 0.0001709 0.00018755 0.00013745 0.00025525 0.00013815 0.00015355 0.0001869 0.00026235 0.00015375 0.0003001 0.0003248 0.0003656 0.00019295 0.00030005 0.000241 0.0002948 0.0001439 0.00014445 0.0002116 0.0001875 0.0002957 0.00013885 0.00040195 0.0003655 0.0001829 0.0002848 0.00028035 0.00032465 0.00014315 0.0002483 0.00036935 0.00032475 0.00013755 0.00018805 0.0002471 0.00034965 0.0002053 0.0001481 0.00018755 0.00019185 0.0001931 0.0002069 0.00015365
