 slim_337564599 slim_337564567 slim_337564475 slim_337564563 slim_337564428 slim_337564162 slim_337564418 slim_337564589 slim_337564583 slim_337564491 slim_337564558 slim_337564538 slim_337564575 slim_337564572 slim_337564429 slim_337564547 slim_337564546 slim_337564398 slim_337564585 slim_337564370 slim_337564577 slim_337564535 slim_337564217 slim_337564331 slim_337564584 slim_337564534 slim_337564469 slim_337564411 slim_337564545 slim_337564368 slim_337564571 slim_337564310 slim_337564582 slim_337564594 slim_337564581 slim_337564592 slim_337564578 slim_337564588 slim_337564505 slim_337564507 slim_337564526 slim_337564452 slim_337564118 slim_337564341 slim_337564530 slim_337564501 slim_337564395 slim_337564566 slim_337564483 slim_337564194 slim_337564549 slim_337564493 slim_337564383 slim_337564474 slim_337564544 slim_337564165 slim_337564568 slim_337564461 slim_337564579 slim_337564464 slim_337564312 slim_337564513 slim_337564435 slim_337564591 slim_337564374 slim_337564597 slim_337564486 slim_337564500 slim_337564565 slim_337564595 slim_337564476 slim_337564510 slim_337564309 slim_337564555 slim_337564365 slim_337564536 slim_337564437 slim_337564071 slim_337564394 slim_337564570 slim_337564580 slim_337564516 slim_337564404 slim_337564586 slim_337564432 slim_337564587 slim_337564562 slim_337564576 slim_337564529 slim_337564598 slim_337564453 slim_337564346 slim_337564292 slim_337564455 slim_337564244 slim_337564364 slim_337564379 slim_337564561 slim_337564552 slim_337564573
0 0.0001972 9.985e-05 0.00010005 0.0001077 0.0001012 0.0001017 9.89e-05 0.0001003 0.0001028 0.0001031 0.0001018 0.00010265 0.0001052 0.0001043 9.965e-05 0.00010545 9.865e-05 0.0001012 0.0001058 0.0001045 0.0001057 0.0001035 0.0001054 0.00010555 0.00010125 0.0001055 0.00010235 0.00010185 0.0001038 9.86e-05 0.0001037 0.00010425 0.00010105 0.0001023 9.905e-05 0.00010245 0.0001066 0.0001079 0.00010375 0.00010575 0.0001007 0.0001011 0.0001052 0.0001071 0.00010445 0.0001011 0.00010055 0.0001028 0.00010235 0.0001064 0.0001023 0.00010115 0.00010425 9.97e-05 0.00010015 0.0001012 0.0001022 0.0001032 0.0001034 0.0001091 0.0001031 0.00010475 0.00010425 0.00010395 0.0001034 0.0001012 0.00010215 9.985e-05 0.00010485 0.00010515 0.00010215 0.00010195 0.0001032 9.975e-05 0.00010225 0.0001034 0.00010785 0.0001031 0.0001032 0.0001002 0.0001001 0.00010195 0.0001045 9.895e-05 0.0001081 0.0001033 0.0001021 0.0001087 0.00010445 0.00010095 0.0001067 0.00010205 0.0001073 0.0001059 9.885e-05 0.00010915 0.0001065 0.00010225 0.00010295 9.905e-05
1 9.985e-05 6.2e-06 5.1e-06 1.38e-05 4.7e-06 9.9e-05 9.975e-05 0.00010075 3.175e-05 0.0001297 0.00012485 0.0001008 5.555e-05 1.095e-05 0.0001009 0.0001344 9.965e-05 5.15e-06 3.595e-05 0.0001303 3.84e-05 0.0001012 0.00013475 0.00013425 6.55e-06 3.085e-05 3.2e-05 0.00019245 0.00012565 3.1e-06 0.00012205 0.0001032 9.8e-05 3.35e-05 3.9e-06 2.66e-05 0.0001056 1.4e-05 3.515e-05 3.625e-05 9.88e-05 0.00019445 5.98e-05 6.43e-05 9.35e-06 5.05e-06 9.835e-05 3.32e-05 3.34e-05 0.00013225 9.92e-05 6.3e-06 9.15e-06 4.35e-06 4.55e-06 5.5e-06 2.805e-05 2.865e-05 0.00010145 4.22e-05 3.65e-05 0.00013325 9.4e-06 3.58e-05 0.0001929 0.00019465 0.0001967 3.5e-06 3.685e-05 0.00010265 0.00019125 7.1e-06 3.56e-05 3.85e-06 3.33e-05 8.75e-06 4.105e-05 0.00010115 0.000101 4.35e-06 5.05e-06 0.00012435 3.68e-05 9.98e-05 6.175e-05 2.94e-05 0.00012425 6.305e-05 9.35e-06 4.65e-06 3.335e-05 0.0001003 3.84e-05 3.76e-05 3.65e-06 4.195e-05 3.315e-05 0.0001244 3.645e-05 9.97e-05
2 0.00010005 5.1e-06 5.1e-06 1.505e-05 6.3e-06 9.875e-05 9.925e-05 0.0001012 3.29e-05 0.00012985 0.0001233 0.0001006 5.645e-05 1.085e-05 9.925e-05 0.0001338 9.925e-05 6.25e-06 3.705e-05 0.0001302 3.725e-05 0.00010225 0.00013415 0.00013365 7.1e-06 3.2e-05 3.105e-05 0.00019275 0.0001263 3.35e-06 0.0001205 0.00010345 9.865e-05 3.195e-05 2.75e-06 2.78e-05 0.00010565 1.525e-05 3.37e-05 3.7e-05 9.7e-05 0.00019435 5.96e-05 6.45e-05 1.065e-05 6.15e-06 9.715e-05 3.4e-05 3.22e-05 0.00013105 9.975e-05 4.5e-06 1.045e-05 4.5e-06 4.45e-06 5e-06 2.81e-05 2.935e-05 0.0001013 4.255e-05 3.66e-05 0.0001327 1.045e-05 3.43e-05 0.00019325 0.00019465 0.0001959 4.5e-06 3.635e-05 0.0001033 0.00019175 7.55e-06 3.655e-05 4.6e-06 3.21e-05 9.1e-06 4.01e-05 0.000101 0.0001011 4.75e-06 4.55e-06 0.00012415 3.695e-05 9.93e-05 6.15e-05 2.775e-05 0.00012405 6.27e-05 1.065e-05 5.65e-06 3.4e-05 9.945e-05 3.94e-05 3.8e-05 2.7e-06 4.225e-05 3.38e-05 0.0001242 3.48e-05 9.99e-05
3 0.0001077 1.38e-05 1.505e-05 6e-07 1.115e-05 0.0001034 0.000107 0.00010565 3.79e-05 0.00012975 0.0001308 0.00010425 5.385e-05 1.11e-05 0.00010685 0.0001312 0.0001069 1.165e-05 3.215e-05 0.0001298 3.92e-05 0.0001038 0.00013195 0.00013105 1.505e-05 2.405e-05 3.92e-05 0.0001925 0.0001278 1.5e-05 0.0001241 0.0001065 0.000104 4.055e-05 1.515e-05 2.975e-05 9.94e-05 4e-07 3.975e-05 3.255e-05 0.0001054 0.0001953 6.065e-05 6.26e-05 6e-06 1.145e-05 0.000105 3.79e-05 3.905e-05 0.0001293 0.00010165 1.525e-05 5.7e-06 1.365e-05 1.335e-05 1.325e-05 3.45e-05 3.245e-05 0.0001051 3.085e-05 4.04e-05 0.000131 5.95e-06 4.07e-05 0.0001919 0.000196 0.00019875 1.285e-05 3.865e-05 9.685e-05 0.00019285 1.465e-05 3.955e-05 1.45e-05 3.895e-05 7.6e-06 3.555e-05 0.0001048 0.00010465 1.33e-05 1.43e-05 0.00012655 3.85e-05 0.00010705 5.78e-05 3.435e-05 0.00012645 5.925e-05 5.9e-06 1.225e-05 2.73e-05 0.0001064 3.07e-05 3.72e-05 1.49e-05 3.145e-05 2.705e-05 0.0001266 4.105e-05 0.00010725
4 0.0001012 4.7e-06 6.3e-06 1.115e-05 2.1e-06 9.8e-05 0.00010045 9.815e-05 2.835e-05 0.0001278 0.00012655 9.965e-05 5.31e-05 1.175e-05 0.0001002 0.00013335 0.0001004 1.7e-06 3.32e-05 0.0001286 3.925e-05 9.9e-05 0.0001337 0.0001332 6.5e-06 2.835e-05 3.05e-05 0.0001903 0.0001233 6.45e-06 0.00012255 0.00010165 9.915e-05 3.5e-05 6.5e-06 2.345e-05 0.0001041 1.135e-05 3.585e-05 3.345e-05 0.00010045 0.0001928 5.86e-05 6.275e-05 6.05e-06 2.1e-06 0.0001001 3.39e-05 3.515e-05 0.00013265 9.67e-05 6.5e-06 6.35e-06 4.6e-06 4.35e-06 3.8e-06 2.91e-05 2.665e-05 9.98e-05 4.075e-05 3.47e-05 0.00013205 6.6e-06 3.515e-05 0.00019105 0.0001932 0.0001959 3.75e-06 3.765e-05 0.00010025 0.0001889 5.05e-06 3.38e-05 5.45e-06 3.505e-05 8.75e-06 4.085e-05 9.95e-05 9.935e-05 3.7e-06 5.2e-06 0.0001232 3.865e-05 0.0001005 6.11e-05 2.88e-05 0.0001231 6.21e-05 6.55e-06 2.8e-06 3.15e-05 0.00010145 3.57e-05 3.57e-05 6.3e-06 4.005e-05 3.13e-05 0.00012325 3.57e-05 0.000101
5 0.0001017 9.9e-05 9.875e-05 0.0001034 9.8e-05 0.000194 0.00010095 0.0001009 9.95e-05 0.000103 9.905e-05 0.0001 0.00010075 0.0001034 0.000101 0.00010785 0.0001009 9.8e-05 0.000102 0.0001035 0.0001054 9.925e-05 0.0001082 0.00010775 9.95e-05 0.00010125 9.97e-05 9.885e-05 9.955e-05 9.89e-05 9.97e-05 0.0001013 9.88e-05 0.0001014 9.86e-05 9.87e-05 0.00010305 0.0001036 0.00010075 0.00010195 9.79e-05 0.0001008 0.000106 0.0001055 0.00010065 9.8e-05 9.785e-05 0.000101 9.975e-05 0.000105 9.82e-05 9.95e-05 0.00010055 9.815e-05 9.835e-05 9.84e-05 0.0001015 0.0001009 0.00010045 0.00010695 0.00010325 0.00010755 0.00010055 0.00010245 9.815e-05 0.0001009 0.000103 9.8e-05 0.0001051 0.0001004 9.835e-05 0.0001003 0.00010305 9.9e-05 9.965e-05 0.00010105 0.00010465 0.00010015 0.00010025 9.835e-05 9.845e-05 0.00010365 0.00010495 0.000101 0.00010735 0.0001015 0.0001036 0.0001085 0.00010075 9.82e-05 0.0001038 0.00010045 0.0001028 0.0001043 9.845e-05 0.0001074 0.0001036 0.00010375 0.00010345 0.00010175
6 9.89e-05 9.975e-05 9.925e-05 0.000107 0.00010045 0.00010095 0.0001956 9.945e-05 0.000102 0.0001021 0.00010105 0.00010175 0.00010435 0.0001036 9.905e-05 0.00010485 9.81e-05 0.00010035 0.00010505 0.00010365 0.00010485 0.00010275 0.0001045 0.00010455 0.00010035 0.00010475 0.00010155 0.00010105 0.000103 9.85e-05 0.00010295 0.0001035 0.0001009 0.00010145 9.815e-05 0.00010165 0.00010585 0.0001072 0.00010295 0.00010495 9.995e-05 0.00010015 0.00010435 0.00010625 0.0001037 0.00010025 9.985e-05 0.0001027 0.00010155 0.00010555 0.00010145 0.00010025 0.0001035 9.895e-05 9.935e-05 0.0001004 0.00010165 0.0001024 0.00010255 0.0001083 0.00010225 0.0001041 0.00010345 0.0001031 0.0001026 0.0001006 0.0001013 9.915e-05 0.00010405 0.00010435 0.00010145 0.00010105 0.0001024 9.96e-05 0.00010145 0.0001025 0.00010705 0.00010225 0.0001024 9.925e-05 9.93e-05 0.0001014 0.0001043 9.785e-05 0.00010725 0.0001025 0.00010115 0.00010785 0.0001037 0.00010015 0.00010595 0.00010115 0.0001065 0.00010505 9.81e-05 0.00010835 0.00010575 0.0001013 0.0001021 9.875e-05
7 0.0001003 0.00010075 0.0001012 0.00010565 9.815e-05 0.0001009 9.945e-05 0.0001953 9.96e-05 0.0001015 0.00010345 0.00010195 0.00010325 0.00010505 9.94e-05 0.0001049 9.95e-05 9.815e-05 0.0001034 0.00010325 0.0001065 0.00010145 0.00010455 0.0001047 0.00010105 0.00010355 0.00010105 0.0001002 0.0001017 0.00010155 0.0001045 0.0001029 0.0001021 0.00010375 0.00010125 9.97e-05 0.00010555 0.00010585 0.00010475 0.0001033 0.0001023 9.98e-05 0.0001043 0.0001057 0.0001016 9.865e-05 0.00010225 0.00010365 0.00010405 0.0001069 0.00010035 0.00010165 0.000102 9.99e-05 0.0001 9.97e-05 0.0001032 0.0001016 0.00010215 0.00010805 0.0001016 0.000104 0.000102 0.0001036 0.00010195 0.00010015 0.0001014 9.98e-05 0.0001056 0.00010335 0.0001004 0.0001002 0.00010145 0.0001011 0.00010395 0.0001035 0.00010795 0.00010185 0.00010195 9.95e-05 0.0001002 0.0001013 0.00010625 9.95e-05 0.0001077 0.000103 0.00010115 0.00010805 0.0001022 9.93e-05 0.0001053 0.00010315 0.00010505 0.0001042 0.0001011 0.0001077 0.0001051 0.0001013 0.0001025 0.00010025
8 0.0001028 3.175e-05 3.29e-05 3.79e-05 2.835e-05 9.95e-05 0.000102 9.96e-05 5.52e-05 0.00010305 0.0001016 0.00010135 5.3e-05 3.84e-05 0.00010185 0.0001085 0.000102 2.84e-05 3.275e-05 0.0001039 3.935e-05 9.785e-05 0.00010885 0.00010835 3.08e-05 5.455e-05 3.035e-05 0.0001669 9.76e-05 3.33e-05 0.00012345 0.00010075 0.0001005 3.51e-05 3.3e-05 4.955e-05 0.00010565 3.81e-05 3.625e-05 3.29e-05 0.00010175 0.0001693 5.83e-05 3.625e-05 3.27e-05 2.92e-05 0.0001017 3.44e-05 3.555e-05 0.0001078 9.845e-05 3.335e-05 3.34e-05 3.15e-05 3.115e-05 3.04e-05 5.525e-05 5.305e-05 0.0001014 4.11e-05 3.515e-05 0.00010905 3.34e-05 3.56e-05 0.0001673 0.00016925 0.00017225 3.075e-05 3.99e-05 0.00010225 0.00016555 3.17e-05 3.435e-05 3.23e-05 3.545e-05 3.55e-05 4.105e-05 0.0001011 0.0001012 3.035e-05 3.18e-05 0.0001241 3.905e-05 0.00010205 6.08e-05 5.5e-05 0.000124 6.18e-05 3.36e-05 2.99e-05 5.76e-05 0.000103 3.605e-05 3.79e-05 3.285e-05 4.225e-05 5.74e-05 0.00012415 3.615e-05 0.00010265
9 0.0001031 0.0001297 0.00012985 0.00012975 0.0001278 0.000103 0.0001021 0.0001015 0.00010305 0.0001489 7.885e-05 0.00010345 0.0001 0.0001317 0.0001024 7.94e-05 0.0001023 0.00012755 0.00010375 7.735e-05 0.00010665 0.00010145 7.905e-05 7.91e-05 0.00012795 0.0001276 0.0001039 7.57e-05 7.72e-05 0.00013025 0.000104 0.0001029 0.00010385 0.00010465 0.00012965 0.00012685 0.000105 0.00012995 0.00010495 0.0001034 0.00010385 7.535e-05 0.00010325 8e-05 0.0001288 0.00012745 0.00010405 0.00010275 0.00010425 8.035e-05 0.0001018 0.0001305 0.0001286 0.0001289 0.00012865 0.00012915 0.0001296 0.0001282 0.0001038 0.0001061 0.00010315 8.035e-05 0.0001283 0.0001045 7.655e-05 7.6e-05 7.74e-05 0.00012875 0.00010785 0.0001033 7.66e-05 0.00012965 0.00010295 0.0001301 0.00010415 0.00012985 0.0001061 0.0001035 0.0001039 0.00012895 0.00012895 0.0001018 0.0001066 0.00010215 0.00010575 0.0001296 0.00010155 0.00010615 0.0001288 0.0001285 0.0001294 0.00010485 0.00010235 0.00010675 0.00012955 0.00010765 0.0001292 0.0001017 0.00010395 0.00010265
10 0.0001018 0.00012485 0.0001233 0.0001308 0.00012655 9.905e-05 0.00010105 0.00010345 0.0001016 7.885e-05 0.000143 0.00010145 0.0001016 0.00012835 0.00010215 8.295e-05 0.000101 0.00012625 0.0001035 7.91e-05 0.0001039 0.00010005 8.33e-05 8.285e-05 0.0001235 0.0001282 0.00010035 7.6e-05 7.59e-05 0.0001226 9.9e-05 0.00010125 9.93e-05 9.925e-05 0.0001221 0.00012625 0.00010455 0.000131 9.935e-05 0.00010315 9.68e-05 7.755e-05 0.0001058 7.995e-05 0.00012865 0.00012615 9.68e-05 0.00010045 9.765e-05 7.885e-05 0.00010065 0.00012495 0.00012845 0.0001242 0.0001242 0.0001257 0.00012605 0.0001278 0.0001022 0.0001073 0.00010455 8.45e-05 0.0001282 0.00010235 7.53e-05 7.78e-05 7.905e-05 0.00012425 0.00010565 0.00010295 7.57e-05 0.0001275 0.00010455 0.00012425 9.755e-05 0.0001266 0.0001038 0.0001019 0.00010225 0.0001245 0.0001243 0.0001046 0.00010345 0.0001011 0.0001067 0.0001271 0.00010455 0.00010805 0.00012865 0.0001258 0.0001302 0.0001001 0.0001041 0.00010765 0.00012195 0.0001098 0.00013 0.0001047 0.00010345 0.00010185
11 0.00010265 0.0001008 0.0001006 0.00010425 9.965e-05 0.0001 0.00010175 0.00010195 0.00010135 0.00010345 0.00010145 0.0001951 0.0001016 0.0001027 0.00010215 0.0001064 0.00010185 9.965e-05 0.00010335 0.00010305 0.00010465 0.0001003 0.00010675 0.00010625 0.00010115 0.00010215 0.00010165 9.895e-05 0.00010035 0.00010055 0.00010065 0.00010025 9.975e-05 0.0001015 0.0001001 0.0001001 0.0001015 0.00010445 0.0001013 0.0001033 0.0001003 0.00010055 0.00010425 0.000106 0.000102 9.95e-05 0.00010025 0.0001022 0.0001019 0.0001048 9.86e-05 9.965e-05 0.00010175 0.00010005 9.995e-05 0.0001005 0.0001007 0.00010005 9.92e-05 0.00010695 0.0001042 0.00010625 0.0001017 0.00010185 9.795e-05 0.00010115 0.00010115 9.985e-05 0.0001045 0.0001005 9.88e-05 9.925e-05 0.00010395 0.00010105 0.0001018 0.0001022 0.00010445 9.89e-05 9.905e-05 0.0001 0.00010035 0.00010215 0.00010535 0.0001018 0.0001053 0.0001009 0.00010205 0.0001053 0.00010195 0.0001002 0.0001026 9.915e-05 0.0001038 0.00010435 0.0001001 0.0001064 0.0001024 0.0001022 0.00010435 0.00010235
12 0.0001052 5.555e-05 5.645e-05 5.385e-05 5.31e-05 0.00010075 0.00010435 0.00010325 5.3e-05 0.0001 0.0001016 0.0001016 9.41e-05 5.83e-05 0.00010455 0.000107 0.0001044 5.305e-05 5.305e-05 0.00010185 5.87e-05 9.9e-05 0.00010735 0.00010685 5.43e-05 5.04e-05 5.44e-05 0.00014615 9.88e-05 5.655e-05 0.00010055 0.0001016 0.00010135 5.58e-05 5.62e-05 5.03e-05 0.00010255 5.405e-05 5.52e-05 5.3e-05 0.0001023 0.00014875 5.585e-05 5.595e-05 5.355e-05 5.275e-05 0.00010225 5.22e-05 5.45e-05 0.00010445 9.89e-05 5.685e-05 5.315e-05 5.525e-05 5.455e-05 5.51e-05 5.505e-05 5.3e-05 0.0001021 5.68e-05 5.655e-05 0.00010835 5.315e-05 5.55e-05 0.0001452 0.0001493 0.00015195 5.46e-05 6.005e-05 9.965e-05 0.000146 5.615e-05 5.585e-05 5.61e-05 5.44e-05 5.505e-05 5.665e-05 0.0001018 0.0001019 5.48e-05 5.555e-05 0.00010305 5.84e-05 0.0001044 5.69e-05 5.53e-05 0.00010295 5.78e-05 5.335e-05 5.385e-05 5.395e-05 0.0001035 5.075e-05 5.865e-05 5.61e-05 5.875e-05 5.37e-05 0.0001031 5.735e-05 0.0001049
13 0.0001043 1.095e-05 1.085e-05 1.11e-05 1.175e-05 0.0001034 0.0001036 0.00010505 3.84e-05 0.0001317 0.00012835 0.0001027 5.83e-05 1.82e-05 0.0001045 0.0001312 0.0001035 1.205e-05 3.785e-05 0.0001319 3.735e-05 0.0001059 0.0001318 0.00013105 1.275e-05 3.115e-05 3.795e-05 0.00019605 0.0001303 9.7e-06 0.00012235 0.00010505 0.0001031 3.61e-05 9.9e-06 3.165e-05 0.0001029 1.12e-05 3.665e-05 3.82e-05 0.00010265 0.0001967 5.855e-05 6.45e-05 1.15e-05 1.195e-05 0.0001022 3.795e-05 3.675e-05 0.00012995 0.00010405 1.025e-05 1.13e-05 1.03e-05 1.1e-05 1.18e-05 2.98e-05 3.065e-05 0.00010355 3.78e-05 3.965e-05 0.00013065 1.155e-05 3.71e-05 0.0001958 0.000197 0.0001962 1.035e-05 3.64e-05 0.00010355 0.0001956 1.08e-05 3.965e-05 1.075e-05 3.665e-05 1.035e-05 3.66e-05 0.00010325 0.0001031 1.08e-05 1.1e-05 0.00012375 3.74e-05 0.00010365 5.715e-05 3.055e-05 0.00012365 5.78e-05 1.15e-05 1.14e-05 3.04e-05 0.00010195 3.82e-05 3.765e-05 9.65e-06 3.715e-05 3.01e-05 0.0001238 3.94e-05 0.00010415
14 9.965e-05 0.0001009 9.925e-05 0.00010685 0.0001002 0.000101 9.905e-05 9.94e-05 0.00010185 0.0001024 0.00010215 0.00010215 0.00010455 0.0001045 0.0001957 0.0001048 9.885e-05 0.00010015 0.00010495 0.0001038 0.00010585 0.00010285 0.0001047 0.00010485 0.0001014 0.00010475 0.0001005 0.0001012 0.0001031 0.00010035 0.00010335 0.0001036 0.00010195 0.0001027 0.00010005 0.0001016 0.0001059 0.00010705 0.0001036 0.00010485 0.000101 0.00010045 0.0001045 0.0001066 0.0001035 0.00010005 0.00010095 0.00010375 0.00010275 0.00010615 0.0001015 0.0001 0.0001033 9.975e-05 0.0001001 9.955e-05 0.0001027 0.0001024 0.0001026 0.0001086 0.00010215 0.00010395 0.0001033 0.0001025 0.00010285 0.00010055 0.0001015 9.995e-05 0.000105 0.0001044 0.00010145 0.00010135 0.0001023 0.00010075 0.00010265 0.0001035 0.0001073 0.0001023 0.0001024 0.0001002 0.00010005 0.00010135 0.0001056 9.91e-05 0.00010775 0.00010175 0.00010145 0.0001081 0.0001035 0.00010025 0.000106 0.0001023 0.00010655 0.00010495 9.99e-05 0.0001083 0.0001058 0.0001016 0.00010125 9.985e-05
15 0.00010545 0.0001344 0.0001338 0.0001312 0.00013335 0.00010785 0.00010485 0.0001049 0.0001085 7.94e-05 8.295e-05 0.0001064 0.000107 0.0001312 0.0001048 0.0001514 0.0001047 0.00013305 0.0001072 8.07e-05 0.00010455 0.00010695 7.66e-05 7.58e-05 0.0001327 0.00013125 0.0001086 8.135e-05 8.29e-05 0.0001342 0.00010705 0.0001057 0.0001086 0.0001072 0.00013365 0.0001325 0.0001058 0.0001314 0.0001077 0.00010685 0.00010795 7.905e-05 0.0001036 8.015e-05 0.00013225 0.00013295 0.00010815 0.0001088 0.00010825 7.995e-05 0.00010755 0.0001333 0.00013205 0.0001331 0.00013335 0.00013385 0.00013155 0.0001309 0.00010665 0.00010425 0.00010575 7.76e-05 0.0001318 0.0001065 8.23e-05 7.92e-05 7.815e-05 0.00013345 0.00010665 0.000107 8.22e-05 0.0001324 0.00010605 0.00013445 0.00010815 0.0001326 0.00010565 0.00010635 0.0001067 0.0001337 0.00013315 0.00010215 0.000106 0.0001049 0.0001031 0.00013155 0.00010225 0.000103 0.00013225 0.0001336 0.0001301 0.00010695 0.00010685 0.00010625 0.0001335 0.0001052 0.0001299 0.0001024 0.0001063 0.00010565
16 9.865e-05 9.965e-05 9.925e-05 0.0001069 0.0001004 0.0001009 9.81e-05 9.95e-05 0.000102 0.0001023 0.000101 0.00010185 0.0001044 0.0001035 9.885e-05 0.0001047 0.0001956 0.0001004 0.000105 0.0001037 0.0001049 0.0001027 0.0001046 0.00010475 0.00010045 0.0001047 0.00010155 0.00010105 0.000103 9.84e-05 0.0001029 0.00010345 0.00010085 0.0001015 9.825e-05 0.00010165 0.0001058 0.0001071 0.00010295 0.00010495 9.99e-05 0.0001003 0.0001044 0.0001063 0.00010365 0.0001003 9.975e-05 0.0001027 0.00010155 0.0001056 0.0001015 0.00010035 0.00010345 9.89e-05 9.935e-05 0.0001004 0.0001016 0.0001024 0.0001026 0.0001083 0.0001023 0.0001039 0.00010345 0.00010315 0.0001026 0.00010035 0.00010135 9.905e-05 0.00010405 0.00010435 0.00010135 0.00010115 0.0001024 9.955e-05 0.00010145 0.0001026 0.00010705 0.0001023 0.0001024 9.94e-05 9.93e-05 0.0001012 0.0001043 9.815e-05 0.0001073 0.0001025 0.0001013 0.0001079 0.00010365 0.00010015 0.0001059 0.00010125 0.0001065 0.0001051 9.805e-05 0.00010835 0.0001057 0.00010145 0.00010215 9.885e-05
17 0.0001012 5.15e-06 6.25e-06 1.165e-05 1.7e-06 9.8e-05 0.00010035 9.815e-05 2.84e-05 0.00012755 0.00012625 9.965e-05 5.305e-05 1.205e-05 0.00010015 0.00013305 0.0001004 2.7e-06 3.335e-05 0.00012835 3.895e-05 9.91e-05 0.0001334 0.0001329 6.75e-06 2.865e-05 3.05e-05 0.00019015 0.00012315 6.75e-06 0.0001225 0.0001017 9.92e-05 3.47e-05 6.4e-06 2.365e-05 0.0001042 1.185e-05 3.585e-05 3.33e-05 0.00010015 0.0001926 5.85e-05 6.255e-05 6.45e-06 1.5e-06 0.0001001 3.395e-05 3.515e-05 0.00013235 9.615e-05 6.65e-06 6.5e-06 4.85e-06 4.1e-06 4.05e-06 2.935e-05 2.665e-05 9.915e-05 4.09e-05 3.46e-05 0.00013175 6.4e-06 3.505e-05 0.0001909 0.00019295 0.0001956 4.2e-06 3.765e-05 0.00010035 0.00018855 5.25e-06 3.39e-05 5.7e-06 3.505e-05 9.05e-06 4.085e-05 9.89e-05 9.91e-05 3.9e-06 5.15e-06 0.00012315 3.87e-05 0.0001004 6.11e-05 2.9e-05 0.00012305 6.205e-05 6.7e-06 2.8e-06 3.185e-05 0.00010135 3.58e-05 3.565e-05 6.3e-06 4.015e-05 3.165e-05 0.0001232 3.56e-05 0.00010105
18 0.0001058 3.595e-05 3.705e-05 3.215e-05 3.32e-05 0.000102 0.00010505 0.0001034 3.275e-05 0.00010375 0.0001035 0.00010335 5.305e-05 3.785e-05 0.00010495 0.0001072 0.000105 3.335e-05 6.38e-05 0.0001042 3.91e-05 0.0001001 0.00010775 0.00010705 3.49e-05 5.2e-05 3.455e-05 0.00016765 9.975e-05 3.73e-05 0.000124 0.000103 0.0001027 3.765e-05 3.71e-05 5.27e-05 0.000103 3.24e-05 3.795e-05 3.22e-05 0.000104 0.00017025 5.91e-05 3.6e-05 3.26e-05 3.35e-05 0.0001039 3.61e-05 3.725e-05 0.0001059 0.00010055 3.75e-05 3.265e-05 3.58e-05 3.535e-05 3.5e-05 5.77e-05 5.565e-05 0.00010375 3.59e-05 3.78e-05 0.0001083 3.265e-05 3.815e-05 0.00016745 0.0001705 0.00017345 3.495e-05 4.015e-05 0.00010015 0.00016715 3.655e-05 3.69e-05 3.665e-05 3.715e-05 3.47e-05 3.82e-05 0.00010345 0.00010355 3.52e-05 3.615e-05 0.00012555 3.87e-05 0.0001051 5.89e-05 5.755e-05 0.00012545 6.015e-05 3.285e-05 3.44e-05 5.52e-05 0.00010525 3.335e-05 3.845e-05 3.69e-05 3.765e-05 5.5e-05 0.0001256 3.86e-05 0.0001055
19 0.0001045 0.0001303 0.0001302 0.0001298 0.0001286 0.0001035 0.00010365 0.00010325 0.0001039 7.735e-05 7.91e-05 0.00010305 0.00010185 0.0001319 0.0001038 8.07e-05 0.0001037 0.00012835 0.0001042 0.0001504 0.0001069 0.0001014 8.035e-05 8.055e-05 0.0001285 0.0001281 0.00010445 7.575e-05 7.725e-05 0.0001306 0.00010445 0.0001031 0.0001036 0.00010505 0.00013 0.00012775 0.00010485 0.00013 0.0001051 0.0001038 0.0001041 7.62e-05 0.0001025 8.045e-05 0.00012925 0.0001282 0.0001043 0.0001043 0.0001044 8.01e-05 0.0001016 0.00013085 0.000129 0.0001293 0.0001292 0.0001297 0.0001303 0.0001291 0.000104 0.0001062 0.00010185 8.155e-05 0.0001287 0.00010485 7.56e-05 7.68e-05 7.855e-05 0.00012935 0.000108 0.0001028 7.66e-05 0.00013025 0.0001021 0.0001307 0.0001043 0.00013005 0.0001061 0.0001037 0.0001041 0.00012955 0.00012935 0.00010355 0.00010685 0.0001037 0.00010635 0.0001303 0.00010345 0.00010665 0.0001292 0.0001293 0.00012995 0.00010485 0.00010365 0.00010725 0.0001299 0.00010765 0.00012975 0.0001036 0.00010285 0.00010425
20 0.0001057 3.84e-05 3.725e-05 3.92e-05 3.925e-05 0.0001054 0.00010485 0.0001065 3.935e-05 0.00010665 0.0001039 0.00010465 5.87e-05 3.735e-05 0.00010585 0.00010455 0.0001049 3.895e-05 3.91e-05 0.0001069 7.14e-05 0.00010615 0.00010585 0.0001044 3.82e-05 5.83e-05 3.88e-05 0.0001727 0.0001059 3.7e-05 0.000124 0.00010535 0.0001051 3.62e-05 3.625e-05 5.85e-05 0.00010535 3.94e-05 3.76e-05 3.88e-05 0.00010375 0.00017275 5.85e-05 3.785e-05 3.92e-05 3.885e-05 0.00010415 3.885e-05 3.75e-05 0.00010465 0.0001056 3.76e-05 3.9e-05 3.765e-05 3.75e-05 3.91e-05 5.675e-05 5.765e-05 0.00010515 3.8e-05 4e-05 0.00010615 3.875e-05 3.81e-05 0.0001725 0.0001731 0.00017235 3.78e-05 3.78e-05 0.0001057 0.0001723 3.84e-05 4.01e-05 3.81e-05 3.74e-05 3.8e-05 3.825e-05 0.00010485 0.0001052 3.805e-05 3.75e-05 0.0001248 3.715e-05 0.0001049 5.665e-05 5.76e-05 0.00012465 5.74e-05 3.92e-05 3.88e-05 5.79e-05 0.0001039 3.95e-05 3.91e-05 3.605e-05 3.895e-05 5.77e-05 0.0001248 3.965e-05 0.0001055
21 0.0001035 0.0001012 0.00010225 0.0001038 9.9e-05 9.925e-05 0.00010275 0.00010145 9.785e-05 0.00010145 0.00010005 0.0001003 9.9e-05 0.0001059 0.00010285 0.00010695 0.0001027 9.91e-05 0.0001001 0.0001014 0.00010615 0.0001912 0.0001073 0.0001068 9.885e-05 0.0001013 9.93e-05 9.75e-05 9.635e-05 0.0001023 0.00010185 9.915e-05 9.925e-05 0.0001025 0.0001021 9.9e-05 0.0001033 0.000104 0.00010225 0.00010005 0.000101 9.995e-05 0.0001052 0.0001025 0.0001013 9.93e-05 0.0001009 0.0001011 0.00010155 0.00010465 9.795e-05 0.0001027 0.0001014 0.00010105 0.00010075 0.00010025 0.0001036 0.00010195 0.00010115 0.0001063 0.00010325 0.0001085 0.0001014 0.00010315 9.6e-05 9.975e-05 0.00010315 0.0001002 0.00010765 0.0001001 9.7e-05 0.0001019 0.00010235 0.00010195 0.00010145 0.000103 0.00010555 0.00010085 0.00010095 0.00010055 0.0001014 0.00010415 0.0001058 0.0001028 0.0001069 0.00010365 0.00010405 0.0001079 0.0001016 0.0001001 0.0001044 0.00010225 0.0001014 0.00010615 0.0001019 0.00010845 0.0001042 0.0001042 0.000104 0.0001034
22 0.0001054 0.00013475 0.00013415 0.00013195 0.0001337 0.0001082 0.0001045 0.00010455 0.00010885 7.905e-05 8.33e-05 0.00010675 0.00010735 0.0001318 0.0001047 7.66e-05 0.0001046 0.0001334 0.00010775 8.035e-05 0.00010585 0.0001073 0.0001497 7.635e-05 0.00013305 0.0001318 0.00010895 8.125e-05 8.325e-05 0.00013455 0.0001074 0.00010605 0.00010895 0.00010755 0.000134 0.00013285 0.00010635 0.00013215 0.00010805 0.0001074 0.0001083 7.87e-05 0.0001033 8.115e-05 0.0001328 0.0001333 0.0001085 0.00010915 0.0001086 7.915e-05 0.0001079 0.00013365 0.0001326 0.00013345 0.0001337 0.0001342 0.00013195 0.0001313 0.000107 0.00010545 0.0001054 7.625e-05 0.00013235 0.0001069 8.265e-05 7.91e-05 7.78e-05 0.0001338 0.00010575 0.00010755 8.26e-05 0.00013275 0.0001057 0.0001348 0.0001085 0.00013315 0.00010625 0.0001067 0.00010705 0.00013405 0.0001335 0.00010215 0.000107 0.00010455 0.0001043 0.00013195 0.00010195 0.000102 0.0001328 0.00013395 0.0001307 0.0001073 0.0001074 0.00010535 0.00013385 0.0001045 0.0001305 0.0001021 0.00010595 0.0001053
23 0.00010555 0.00013425 0.00013365 0.00013105 0.0001332 0.00010775 0.00010455 0.0001047 0.00010835 7.91e-05 8.285e-05 0.00010625 0.00010685 0.00013105 0.00010485 7.58e-05 0.00010475 0.0001329 0.00010705 8.055e-05 0.0001044 0.0001068 7.635e-05 0.0001509 0.00013255 0.0001311 0.00010845 8.12e-05 8.275e-05 0.00013405 0.00010695 0.00010555 0.00010845 0.000107 0.0001335 0.00013235 0.00010565 0.00013125 0.0001075 0.0001067 0.00010785 7.875e-05 0.00010345 7.995e-05 0.0001321 0.0001328 0.00010805 0.00010865 0.00010805 7.975e-05 0.0001074 0.00013315 0.0001319 0.00013295 0.0001332 0.0001337 0.0001314 0.00013075 0.0001065 0.00010405 0.0001056 7.76e-05 0.00013165 0.00010635 8.215e-05 7.925e-05 7.795e-05 0.0001333 0.00010645 0.00010685 8.215e-05 0.00013225 0.0001059 0.0001343 0.00010795 0.00013245 0.00010545 0.0001062 0.00010655 0.00013355 0.000133 0.00010225 0.0001058 0.0001046 0.0001029 0.0001314 0.00010195 0.0001028 0.0001321 0.00013345 0.00012995 0.0001068 0.0001067 0.00010605 0.00013335 0.000105 0.00012975 0.0001021 0.00010615 0.00010535
24 0.00010125 6.55e-06 7.1e-06 1.505e-05 6.5e-06 9.95e-05 0.00010035 0.00010105 3.08e-05 0.00012795 0.0001235 0.00010115 5.43e-05 1.275e-05 0.0001014 0.0001327 0.00010045 6.75e-06 3.49e-05 0.0001285 3.82e-05 9.885e-05 0.00013305 0.00013255 1.09e-05 3.16e-05 3.1e-05 0.00019175 0.00012365 6.05e-06 0.0001218 0.00010105 9.945e-05 3.33e-05 6.05e-06 2.74e-05 0.0001059 1.525e-05 3.46e-05 3.495e-05 9.955e-05 0.00019375 5.845e-05 6.12e-05 1.065e-05 6.95e-06 9.915e-05 3.36e-05 3.32e-05 0.0001307 9.98e-05 7.85e-06 1.075e-05 6.3e-06 6.65e-06 6.75e-06 2.955e-05 2.975e-05 0.00010205 4.16e-05 3.58e-05 0.0001334 1.095e-05 3.53e-05 0.00019225 0.00019395 0.000196 5.95e-06 3.855e-05 0.00010325 0.00019065 8.45e-06 3.54e-05 6.7e-06 3.31e-05 1.035e-05 4.03e-05 0.00010175 0.00010165 6e-06 6.95e-06 0.0001241 3.735e-05 0.0001004 6.065e-05 3.04e-05 0.000124 6.185e-05 1.095e-05 6.7e-06 3.41e-05 0.000101 3.765e-05 3.895e-05 5.95e-06 4.31e-05 3.39e-05 0.00012415 3.585e-05 0.00010115
25 0.0001055 3.085e-05 3.2e-05 2.405e-05 2.835e-05 0.00010125 0.00010475 0.00010355 5.455e-05 0.0001276 0.0001282 0.00010215 5.04e-05 3.115e-05 0.00010475 0.00013125 0.0001047 2.865e-05 5.2e-05 0.0001281 5.83e-05 0.0001013 0.0001318 0.0001311 3.16e-05 4.76e-05 5.585e-05 0.0001715 0.00012545 3.19e-05 0.0001017 0.00010395 0.0001018 5.745e-05 3.195e-05 2.635e-05 0.0001005 2.43e-05 5.67e-05 5.23e-05 0.0001031 0.00017415 5.775e-05 8.145e-05 2.63e-05 2.83e-05 0.00010275 5.485e-05 5.6e-05 0.0001291 9.96e-05 3.22e-05 2.585e-05 3.06e-05 3.015e-05 3.035e-05 3.115e-05 2.905e-05 0.00010285 5.355e-05 5.77e-05 0.0001313 2.615e-05 5.72e-05 0.00017075 0.0001747 0.0001774 2.99e-05 5.805e-05 9.765e-05 0.0001715 3.16e-05 5.695e-05 3.145e-05 5.59e-05 2.795e-05 5.565e-05 0.00010255 0.00010235 3.025e-05 3.12e-05 0.0001041 5.77e-05 0.0001048 5.695e-05 3.13e-05 0.000104 5.805e-05 2.605e-05 2.915e-05 2.75e-05 0.0001041 5.08e-05 5.665e-05 3.175e-05 5.42e-05 2.725e-05 0.00010415 5.84e-05 0.0001052
26 0.00010235 3.2e-05 3.105e-05 3.92e-05 3.05e-05 9.97e-05 0.00010155 0.00010105 3.035e-05 0.0001039 0.00010035 0.00010165 5.44e-05 3.795e-05 0.0001005 0.0001086 0.00010155 3.05e-05 3.455e-05 0.00010445 3.88e-05 9.93e-05 0.00010895 0.00010845 3.1e-05 5.585e-05 5.92e-05 0.0001679 9.935e-05 3.22e-05 0.00012235 0.0001013 0.00010065 3.415e-05 3.19e-05 5.155e-05 0.0001061 3.94e-05 3.515e-05 3.43e-05 0.0001005 0.0001699 5.85e-05 3.705e-05 3.47e-05 3.07e-05 0.00010045 3.46e-05 3.43e-05 0.00010705 9.97e-05 3.18e-05 3.48e-05 3.135e-05 3.135e-05 3.01e-05 5.485e-05 5.395e-05 0.00010195 4.18e-05 3.56e-05 0.0001092 3.48e-05 3.46e-05 0.0001685 0.0001701 0.00017215 3.105e-05 3.94e-05 0.0001034 0.00016675 3.295e-05 3.525e-05 3.21e-05 3.42e-05 3.56e-05 4.045e-05 0.00010165 0.00010175 3.115e-05 3.165e-05 0.00012435 3.855e-05 0.0001016 6.1e-05 5.385e-05 0.00012425 6.195e-05 3.5e-05 3.1e-05 5.84e-05 0.00010225 3.765e-05 3.87e-05 3.175e-05 4.295e-05 5.82e-05 0.0001244 3.49e-05 0.00010225
27 0.00010185 0.00019245 0.00019275 0.0001925 0.0001903 9.885e-05 0.00010105 0.0001002 0.0001669 7.57e-05 7.6e-05 9.895e-05 0.00014615 0.00019605 0.0001012 8.135e-05 0.00010105 0.00019015 0.00016765 7.575e-05 0.0001727 9.75e-05 8.125e-05 8.12e-05 0.00019175 0.0001715 0.0001679 6e-06 7.34e-05 0.0001931 8.14e-05 0.00010035 9.9e-05 0.00016905 0.00019255 0.0001707 0.0001015 0.0001927 0.0001691 0.0001673 9.98e-05 6.2e-06 0.00015225 0.00014715 0.0001915 0.00018995 0.0001 0.0001678 0.0001684 7.96e-05 9.645e-05 0.00019345 0.0001912 0.00019215 0.0001913 0.00019195 0.000175 0.0001734 0.0001002 0.0001721 0.00017 8.165e-05 0.00019095 0.00017025 3.65e-06 7.05e-06 9.9e-06 0.0001915 0.00017325 9.775e-05 4.6e-06 0.0001931 0.0001693 0.00019305 0.0001683 0.0001927 0.00017175 9.99e-05 0.00010025 0.00019175 0.0001922 8.31e-05 0.00017265 0.0001011 0.00015435 0.00017505 8.3e-05 0.00015495 0.0001914 0.00019125 0.00017475 0.00010145 0.0001674 0.0001722 0.0001924 0.000173 0.00017455 8.315e-05 0.00017045 0.0001015
28 0.0001038 0.00012565 0.0001263 0.0001278 0.0001233 9.955e-05 0.000103 0.0001017 9.76e-05 7.72e-05 7.59e-05 0.00010035 9.88e-05 0.0001303 0.0001031 8.29e-05 0.000103 0.00012315 9.975e-05 7.725e-05 0.0001059 9.635e-05 8.325e-05 8.275e-05 0.00012365 0.00012545 9.935e-05 7.34e-05 0.0001436 0.0001267 0.0001021 9.965e-05 9.955e-05 0.00010225 0.00012615 0.0001233 0.00010335 0.000128 0.00010235 9.965e-05 0.000101 7.595e-05 0.0001053 7.835e-05 0.00012545 0.00012335 0.0001012 0.00010095 0.00010165 8.065e-05 9.775e-05 0.000127 0.00012555 0.0001255 0.0001248 0.0001248 0.00012795 0.00012625 0.0001011 0.0001061 0.00010345 8.445e-05 0.0001253 0.00010315 7.2e-05 7.59e-05 7.93e-05 0.00012465 0.0001077 9.995e-05 7.295e-05 0.0001262 0.00010255 0.0001263 0.00010155 0.00012715 0.00010565 0.0001008 0.00010115 0.00012485 0.00012555 0.0001044 0.0001058 0.00010305 0.00010685 0.00012795 0.0001043 0.0001079 0.00012575 0.0001244 0.00012855 0.00010245 0.00010125 0.00010625 0.000126 0.0001083 0.00012835 0.00010445 0.0001041 0.0001035
29 9.86e-05 3.1e-06 3.35e-06 1.5e-05 6.45e-06 9.89e-05 9.85e-05 0.00010155 3.33e-05 0.00013025 0.0001226 0.00010055 5.655e-05 9.7e-06 0.00010035 0.0001342 9.84e-05 6.75e-06 3.73e-05 0.0001306 3.7e-05 0.0001023 0.00013455 0.00013405 6.05e-06 3.19e-05 3.22e-05 0.0001931 0.0001267 1.2e-06 0.0001203 0.0001035 9.71e-05 3.145e-05 1.45e-06 2.785e-05 0.00010575 1.52e-05 3.325e-05 3.76e-05 9.66e-05 0.0001947 5.975e-05 6.47e-05 1.075e-05 6.65e-06 9.61e-05 3.25e-05 3.115e-05 0.000131 0.00010025 4.85e-06 1.055e-05 3.55e-06 4.15e-06 5.85e-06 2.67e-05 2.935e-05 0.0001018 4.245e-05 3.7e-05 0.0001332 1.08e-05 3.52e-05 0.0001935 0.000195 0.00019625 3.45e-06 3.555e-05 0.0001035 0.00019215 7.35e-06 3.685e-05 2.7e-06 3.105e-05 8.1e-06 4.005e-05 0.0001015 0.00010135 3.9e-06 4.3e-06 0.00012425 3.52e-05 9.855e-05 6.13e-05 2.875e-05 0.00012415 6.275e-05 1.075e-05 5.55e-06 3.385e-05 9.86e-05 3.955e-05 3.84e-05 1.2e-06 4.25e-05 3.365e-05 0.0001243 3.595e-05 9.845e-05
30 0.0001037 0.00012205 0.0001205 0.0001241 0.00012255 9.97e-05 0.00010295 0.0001045 0.00012345 0.000104 9.9e-05 0.00010065 0.00010055 0.00012235 0.00010335 0.00010705 0.0001029 0.0001225 0.000124 0.00010445 0.000124 0.00010185 0.0001074 0.00010695 0.0001218 0.0001017 0.00012235 8.14e-05 0.0001021 0.0001203 0.0001536 0.00010175 0.0001005 0.00011985 0.00012 0.0001011 0.00010225 0.0001243 0.00011855 0.0001239 9.84e-05 8.295e-05 0.00010445 0.00012605 0.0001233 0.0001224 9.845e-05 0.0001214 0.00011905 0.00010325 0.00010125 0.0001198 0.0001231 0.00012105 0.00012125 0.00012185 0.00010045 0.00010135 0.0001015 0.00012625 0.00012555 0.00010755 0.0001231 0.0001215 8e-05 8.32e-05 8.315e-05 0.0001211 0.0001245 0.000102 8.165e-05 0.00012215 0.00012555 0.00012155 0.00011895 0.0001221 0.0001215 0.0001012 0.0001013 0.00012135 0.00012135 8.32e-05 0.0001246 0.000103 0.0001046 0.00010085 8.315e-05 0.00010475 0.0001233 0.00012225 0.00010245 0.0001 0.00012285 0.00012565 0.00011985 0.00012645 0.00010215 8.33e-05 0.0001246 0.00010375
31 0.00010425 0.0001032 0.00010345 0.0001065 0.00010165 0.0001013 0.0001035 0.0001029 0.00010075 0.0001029 0.00010125 0.00010025 0.0001016 0.00010505 0.0001036 0.0001057 0.00010345 0.0001017 0.000103 0.0001031 0.00010535 9.915e-05 0.00010605 0.00010555 0.00010105 0.00010395 0.0001013 0.00010035 9.965e-05 0.0001035 0.00010175 0.0001968 0.0001018 0.0001024 0.0001033 0.0001016 0.0001026 0.0001067 0.00010215 0.0001028 0.0001022 0.00010165 0.0001039 0.00010355 0.00010395 0.0001019 0.0001021 0.000103 0.00010275 0.0001043 0.0001008 0.00010265 0.00010405 0.00010245 0.00010265 0.00010225 0.00010275 0.0001018 0.0001003 0.0001073 0.0001042 0.00010725 0.00010405 0.0001023 9.95e-05 0.00010185 0.00010125 0.00010225 0.00010685 0.000103 9.985e-05 0.0001017 0.00010395 0.00010355 0.00010265 0.00010495 0.0001047 0.0001001 0.0001002 0.00010245 0.0001028 0.00010285 0.00010605 0.00010355 0.0001051 0.0001028 0.00010275 0.00010505 0.00010425 0.0001024 0.0001043 0.0001008 0.00010405 0.0001061 0.0001031 0.0001084 0.0001041 0.0001029 0.00010475 0.00010415
32 0.00010105 9.8e-05 9.865e-05 0.000104 9.915e-05 9.88e-05 0.0001009 0.0001021 0.0001005 0.00010385 9.93e-05 9.975e-05 0.00010135 0.0001031 0.00010195 0.0001086 0.00010085 9.92e-05 0.0001027 0.0001036 0.0001051 9.925e-05 0.00010895 0.00010845 9.945e-05 0.0001018 0.00010065 9.9e-05 9.955e-05 9.71e-05 0.0001005 0.0001018 0.0001942 0.0001008 9.755e-05 9.96e-05 0.00010335 0.0001042 0.0001011 0.00010285 9.82e-05 0.00010105 0.0001066 0.00010615 0.0001016 9.91e-05 9.805e-05 0.00010015 9.97e-05 0.0001051 9.85e-05 9.975e-05 0.0001014 9.85e-05 9.84e-05 9.95e-05 0.00010095 0.0001017 0.000101 0.00010735 0.00010455 0.00010845 0.0001014 0.00010315 9.74e-05 0.00010095 0.00010355 9.795e-05 0.00010485 0.0001005 9.865e-05 0.00010085 0.00010395 9.815e-05 9.96e-05 0.0001008 0.0001055 0.0001007 0.0001008 9.845e-05 9.89e-05 0.00010445 0.00010385 0.00010095 0.0001077 0.00010215 0.00010435 0.00010895 0.0001016 9.91e-05 0.00010435 9.99e-05 0.00010345 0.00010575 9.735e-05 0.00010805 0.00010415 0.0001045 0.0001042 0.0001009
33 0.0001023 3.35e-05 3.195e-05 4.055e-05 3.5e-05 0.0001014 0.00010145 0.00010375 3.51e-05 0.00010465 9.925e-05 0.0001015 5.58e-05 3.61e-05 0.0001027 0.0001072 0.0001015 3.47e-05 3.765e-05 0.00010505 3.62e-05 0.0001025 0.00010755 0.000107 3.33e-05 5.745e-05 3.415e-05 0.00016905 0.00010225 3.145e-05 0.00011985 0.0001024 0.0001008 6.03e-05 3.07e-05 5.485e-05 0.0001052 4.075e-05 3.255e-05 3.735e-05 9.91e-05 0.0001706 5.77e-05 3.855e-05 3.775e-05 3.46e-05 9.95e-05 3.47e-05 3.27e-05 0.00010495 0.00010195 3.205e-05 3.755e-05 3.29e-05 3.26e-05 3.445e-05 5.35e-05 5.505e-05 0.0001022 4.15e-05 3.77e-05 0.0001079 3.73e-05 3.475e-05 0.00016945 0.00017095 0.0001709 3.29e-05 3.74e-05 0.00010485 0.00016865 3.435e-05 3.765e-05 3.31e-05 3.26e-05 3.59e-05 3.775e-05 0.0001019 0.00010225 3.315e-05 3.275e-05 0.0001237 3.72e-05 0.0001015 5.89e-05 5.445e-05 0.00012355 5.925e-05 3.775e-05 3.445e-05 5.795e-05 0.0001003 3.88e-05 3.935e-05 3.05e-05 4.2e-05 5.77e-05 0.0001237 3.68e-05 0.0001021
34 9.905e-05 3.9e-06 2.75e-06 1.515e-05 6.5e-06 9.86e-05 9.815e-05 0.00010125 3.3e-05 0.00012965 0.0001221 0.0001001 5.62e-05 9.9e-06 0.00010005 0.00013365 9.825e-05 6.4e-06 3.71e-05 0.00013 3.625e-05 0.0001021 0.000134 0.0001335 6.05e-06 3.195e-05 3.19e-05 0.00019255 0.00012615 1.45e-06 0.00012 0.0001033 9.755e-05 3.07e-05 1.5e-06 2.78e-05 0.00010555 1.535e-05 3.305e-05 3.705e-05 9.585e-05 0.00019415 5.94e-05 6.415e-05 1.08e-05 6.3e-06 9.595e-05 3.29e-05 3.1e-05 0.00013045 9.965e-05 4.65e-06 1.06e-05 3.65e-06 3.65e-06 5.8e-06 2.7e-05 2.93e-05 0.0001012 4.225e-05 3.665e-05 0.00013265 1.055e-05 3.485e-05 0.00019295 0.00019445 0.0001957 3.65e-06 3.54e-05 0.0001032 0.0001916 7.2e-06 3.66e-05 3.4e-06 3.09e-05 8.1e-06 3.985e-05 0.0001009 0.00010105 3.8e-06 3.75e-06 0.00012395 3.565e-05 9.82e-05 6.1e-05 2.87e-05 0.00012385 6.245e-05 1.08e-05 5.5e-06 3.39e-05 9.82e-05 3.93e-05 3.81e-05 8.5e-07 4.23e-05 3.37e-05 0.000124 3.56e-05 9.89e-05
35 0.00010245 2.66e-05 2.78e-05 2.975e-05 2.345e-05 9.87e-05 0.00010165 9.97e-05 4.955e-05 0.00012685 0.00012625 0.0001001 5.03e-05 3.165e-05 0.0001016 0.0001325 0.00010165 2.365e-05 5.27e-05 0.00012775 5.85e-05 9.9e-05 0.00013285 0.00013235 2.74e-05 2.635e-05 5.155e-05 0.0001707 0.0001233 2.785e-05 0.0001011 0.0001016 9.96e-05 5.485e-05 2.78e-05 4.61e-05 0.0001031 2.995e-05 5.495e-05 5.29e-05 0.0001008 0.00017315 5.69e-05 8.16e-05 2.635e-05 2.395e-05 0.0001005 5.31e-05 5.425e-05 0.00013095 9.745e-05 2.8e-05 2.655e-05 2.625e-05 2.59e-05 2.565e-05 2.865e-05 2.64e-05 0.00010045 5.87e-05 5.5e-05 0.000132 2.685e-05 5.46e-05 0.0001706 0.0001735 0.00017615 2.565e-05 5.775e-05 9.97e-05 0.00016985 2.66e-05 5.435e-05 2.71e-05 5.415e-05 2.87e-05 5.845e-05 0.00010015 9.995e-05 2.535e-05 2.68e-05 0.0001026 5.8e-05 0.0001017 5.88e-05 2.87e-05 0.0001025 5.965e-05 2.675e-05 2.465e-05 2.985e-05 0.0001018 5.345e-05 5.605e-05 2.765e-05 5.875e-05 2.96e-05 0.00010265 5.59e-05 0.0001023
36 0.0001066 0.0001056 0.00010565 9.94e-05 0.0001041 0.00010305 0.00010585 0.00010555 0.00010565 0.000105 0.00010455 0.0001015 0.00010255 0.0001029 0.0001059 0.0001058 0.0001058 0.0001042 0.000103 0.00010485 0.00010535 0.0001033 0.00010635 0.00010565 0.0001059 0.0001005 0.0001061 0.0001015 0.00010335 0.00010575 0.00010225 0.0001026 0.00010335 0.0001052 0.00010555 0.0001031 0.0001983 9.955e-05 0.0001042 0.00010305 0.00010375 0.000103 0.0001057 0.0001061 0.00010185 0.00010405 0.00010365 0.000105 0.0001048 0.00010385 0.000102 0.00010485 0.0001016 0.0001049 0.00010485 0.00010515 0.00010405 0.00010305 0.00010185 0.00010255 0.00010715 0.00010605 0.0001016 0.000105 0.00010005 0.0001035 0.00010285 0.00010465 0.00010555 0.00010005 0.0001018 0.00010425 0.00010685 0.0001059 0.0001047 0.0001025 0.00010235 0.00010155 0.00010165 0.000105 0.00010525 0.00010425 0.000106 0.0001059 0.0001041 0.00010405 0.00010415 0.0001043 0.0001018 0.0001047 0.0001008 0.0001023 0.0001015 0.00010505 0.00010535 0.0001024 0.0001007 0.0001043 0.00010745 0.0001063
37 0.0001079 1.4e-05 1.525e-05 4e-07 1.135e-05 0.0001036 0.0001072 0.00010585 3.81e-05 0.00012995 0.000131 0.00010445 5.405e-05 1.12e-05 0.00010705 0.0001314 0.0001071 1.185e-05 3.24e-05 0.00013 3.94e-05 0.000104 0.00013215 0.00013125 1.525e-05 2.43e-05 3.94e-05 0.0001927 0.000128 1.52e-05 0.0001243 0.0001067 0.0001042 4.075e-05 1.535e-05 2.995e-05 9.955e-05 2e-07 3.995e-05 3.28e-05 0.0001056 0.0001955 6.085e-05 6.28e-05 6.25e-06 1.165e-05 0.0001052 3.81e-05 3.925e-05 0.0001295 0.00010185 1.545e-05 5.95e-06 1.385e-05 1.355e-05 1.345e-05 3.47e-05 3.265e-05 0.0001053 3.085e-05 4.06e-05 0.0001312 6.2e-06 4.09e-05 0.0001921 0.0001962 0.00019895 1.305e-05 3.885e-05 9.71e-05 0.00019305 1.485e-05 3.975e-05 1.47e-05 3.915e-05 7.6e-06 3.565e-05 0.000105 0.00010485 1.35e-05 1.45e-05 0.00012675 3.87e-05 0.00010725 5.8e-05 3.455e-05 0.00012665 5.945e-05 6.15e-06 1.245e-05 2.745e-05 0.0001066 3.085e-05 3.74e-05 1.51e-05 3.16e-05 2.715e-05 0.0001268 4.125e-05 0.00010745
