 slim_337472641 slim_337472610 slim_337472628 slim_337472600 slim_337472606 slim_337472451 slim_337472603 slim_337472520 slim_337472497 slim_337472575 slim_337472440 slim_337472639 slim_337472638 slim_337472550 slim_337472546 slim_337472584 slim_337472517 slim_337472484 slim_337472258 slim_337472384 slim_337472604 slim_337472585 slim_337472365 slim_337472516 slim_337472622 slim_337472599 slim_337472615 slim_337472395 slim_337472527 slim_337472637 slim_337472630 slim_337472593 slim_337472614 slim_337472627 slim_337472561 slim_337472633 slim_337472356 slim_337472457 slim_337472625 slim_337472132 slim_337472574 slim_337472632 slim_337472539 slim_337472549 slim_337472531 slim_337472612 slim_337472528 slim_337472505 slim_337472560 slim_337472587 slim_337472609 slim_337472576 slim_337472565 slim_337472339 slim_337472568 slim_337472455 slim_337472488 slim_337472590 slim_337472581 slim_337472602 slim_337472524 slim_337472631 slim_337472598 slim_337472462 slim_337472507 slim_337472485 slim_337472518 slim_337472620 slim_337472500 slim_337472263 slim_337472640 slim_337472559 slim_337472601 slim_337472408 slim_337472629 slim_337472431 slim_337472512 slim_337472438 slim_337472448 slim_337472542 slim_337472634 slim_337472167 slim_337472619 slim_337472510 slim_337472588 slim_337472494 slim_337472617 slim_337472635 slim_337472636 slim_337472509 slim_337472586 slim_337472567 slim_337472558 slim_337472461 slim_337472566 slim_337472607 slim_337472388 slim_337472469 slim_337472605 slim_337472613
0 0.0002414 0.00018195 0.00012855 0.0001223 0.00012965 0.00012185 0.00019185 0.000311 0.0001818 0.0002254 0.0001457 0.000193 0.00024855 0.00012125 0.00012175 0.0001479 0.00018525 0.0001625 0.00012185 0.00018515 0.000248 0.0001219 0.00012125 0.00015665 0.0002451 0.0001852 0.00012125 0.0001854 0.00018125 0.0001852 0.0001219 0.0001464 0.0001919 0.00024505 0.0002717 0.00037435 0.0002478 0.0001817 0.00014565 0.0001815 0.000248 0.00012135 0.0003075 0.00020835 0.0001627 0.00031125 0.0001843 0.0003114 0.0001213 0.00014585 0.0002089 0.0002089 0.0002482 0.00012835 0.0002478 0.00024785 0.00024785 0.0001223 0.00012145 0.0001847 0.0002475 0.0002448 0.0001854 0.00030775 0.00024155 0.0001219 0.00018545 0.00012155 0.0001217 0.0003112 0.00012215 0.00012185 0.00014635 0.00014755 0.0001622 0.0001527 0.0001927 0.00012195 0.0002719 0.00012185 0.00012185 0.0001851 0.0001854 0.0003012 0.00018525 0.0001443 0.00016265 0.000248 0.0002741 0.00012175 0.00018555 0.0002553 0.00024795 0.00012205 0.00014625 0.00020155 0.00012195 0.00024805 0.00012145 0.0001294
1 0.00018195 0.0002471 0.00018205 0.0001515 0.0001326 0.0001249 0.0001905 0.0003108 0.00012395 0.00017505 0.0002085 0.00021845 0.0002522 0.00018175 0.0002077 0.000151 0.0001884 0.00019875 0.00012485 0.00018835 0.00024695 0.00012425 0.0001247 0.0001353 0.0001881 0.0001884 0.0001246 0.0001882 0.0001807 0.0001884 0.00012495 0.00015145 0.0001886 0.00018805 0.00024655 0.0003694 0.0002467 0.00012445 0.0001245 0.00012405 0.00024695 0.000182 0.0002464 0.0002391 0.00019835 0.00031055 0.00023955 0.00031065 0.00018195 0.00012475 0.00018825 0.00018805 0.0002468 0.00012475 0.0002467 0.00024685 0.00024665 0.00012515 0.0001811 0.0002456 0.0003042 0.00018785 0.000188 0.00024655 0.0001241 0.0001249 0.00018825 0.00018215 0.00012465 0.0003105 0.0001241 0.00012405 0.0001514 0.00015065 0.00025515 0.0001249 0.00019185 0.00012495 0.0002467 0.0001248 0.00018215 0.0001883 0.00018855 0.00023965 0.00018785 0.00012455 0.000199 0.00024695 0.00027325 0.0001247 0.00018785 0.00024715 0.000247 0.00012435 0.0001513 0.00017535 0.00012495 0.000247 0.00012475 0.0001891
2 0.00012855 0.00018205 0.000131 0.00019185 0.0001993 0.0001917 0.00023055 0.0003802 0.00018185 0.00015615 9.51e-05 0.0002316 0.00031775 0.00012855 0.0001912 0.00021755 0.00025465 0.0001632 0.00019165 0.0002545 0.0003174 0.00019155 0.00019145 0.00016005 0.00024495 0.00025465 0.0001914 0.0002547 0.0001813 0.00025465 0.00019175 0.00015825 0.0001922 0.0002449 0.0002717 0.00044345 0.0003171 0.0001819 0.0001491 0.0001817 0.0003174 0.0001285 0.00030735 0.0002085 0.00016325 0.00038035 0.00025385 0.0003805 0.00012855 0.0001494 0.0002122 0.0002121 0.0003175 0.00012895 0.0003171 0.0003173 0.00031715 0.00019185 0.0001911 0.0001916 0.0002544 0.00024465 0.0002547 0.0003076 0.00017215 0.0001917 0.00025475 0.0001289 0.0001915 0.0003803 0.00019165 0.0001915 0.0001582 0.0001723 0.00016275 9.53e-05 0.0002315 0.00019175 0.0002719 0.00019155 0.0001291 0.00025455 0.0002548 0.0003011 0.00025455 0.00014545 0.0001634 0.00031735 0.0003435 0.00019155 0.0002549 0.0002545 0.00031735 0.00019165 0.0001581 0.0002017 0.00019175 0.00031745 0.0001435 0.00019895
3 0.0001223 0.0001515 0.00019185 5.47e-05 3.55e-05 2.89e-05 0.00013025 0.00021985 0.00015155 0.00025745 0.00019685 0.0001302 0.0001571 0.000122 5.795e-05 5.5e-05 9.235e-05 0.0001626 2.84e-05 9.305e-05 0.00015515 2.915e-05 2.9e-05 0.00012325 0.0002154 9.28e-05 2.86e-05 9.34e-05 0.00018105 9.3e-05 2.895e-05 0.000103 0.00016155 0.00021535 0.000242 0.0002829 0.0001558 0.00015125 0.00011225 0.00015085 0.00015515 0.00012235 0.0002778 0.0002078 0.0001632 0.0002198 0.0001216 0.00021995 0.000122 0.00011215 0.00017615 0.00017615 0.0001562 9.655e-05 0.0001558 0.00015545 0.00015565 2.95e-05 5.855e-05 0.00018635 0.00024915 0.0002151 9.34e-05 0.00027805 0.0002736 2.84e-05 9.345e-05 0.0001225 2.835e-05 0.00021975 2.96e-05 2.91e-05 0.00010295 9.965e-05 0.00019275 0.00017195 0.0001308 2.85e-05 0.0002422 2.88e-05 0.00012175 9.27e-05 9.235e-05 0.0002714 9.325e-05 0.00011385 0.00016315 0.0001559 0.00018185 2.825e-05 9.335e-05 0.0002255 0.0001556 2.845e-05 0.0001029 0.00017045 2.85e-05 0.00015515 7.71e-05 6.615e-05
4 0.00012965 0.0001326 0.0001993 3.55e-05 1.63e-05 9.9e-06 0.0001045 0.000185 0.0001327 0.00023865 0.00023085 0.00013015 0.0001221 0.00012935 9.23e-05 2.805e-05 6.545e-05 0.00016995 9.5e-06 6.61e-05 0.0001281 1.02e-05 1e-05 0.00010425 0.0001885 6.58e-05 9.6e-06 6.645e-05 0.00018855 6.6e-05 9.95e-06 0.00011075 0.0001346 0.00018845 0.00021525 0.0002479 0.00012885 0.00013235 9.33e-05 0.00013195 0.000128 0.00012975 0.00025105 0.0002153 0.0001706 0.00018495 0.000129 0.00018495 0.00012935 9.315e-05 0.00014915 0.00014915 0.00012925 7.77e-05 0.00012885 0.00012845 0.000129 1.05e-05 6.595e-05 0.0001857 0.0002485 0.0001882 6.645e-05 0.00025115 0.0002548 9.35e-06 6.65e-05 0.00012985 9.35e-06 0.0001849 1.07e-05 1.015e-05 0.0001107 7.265e-05 0.0002265 0.00015315 0.0001038 9.5e-06 0.0002153 9.85e-06 0.0001292 6.57e-05 6.55e-05 0.00025115 6.63e-05 9.5e-05 0.0001705 0.00012895 0.00014685 9.3e-06 6.635e-05 0.0001986 0.0001285 9.65e-06 0.0001104 0.0001514 9.6e-06 0.00012825 5.82e-05 6.535e-05
5 0.00012185 0.0001249 0.0001917 2.89e-05 9.9e-06 2.4e-06 0.00010345 0.00019315 0.00012495 0.0002309 0.00022315 0.00013095 0.00013035 0.00012155 8.535e-05 2.8e-05 6.62e-05 0.0001622 1.6e-06 6.595e-05 0.00012895 2.35e-06 1.5e-06 9.635e-05 0.00018875 6.605e-05 1.75e-06 6.67e-05 0.00018105 6.615e-05 1.45e-06 0.0001035 0.0001354 0.0001887 0.0002154 0.00025615 0.0001291 0.0001245 8.51e-05 0.00012405 0.00012895 0.00012165 0.0002512 0.0002076 0.0001629 0.0001931 0.00012125 0.0001932 0.0001216 8.535e-05 0.00014935 0.00014935 0.0001295 7.1e-05 0.0001291 0.00012855 0.0001286 2.2e-06 5.83e-05 0.000186 0.0002488 0.00018845 6.67e-05 0.0002514 0.00024705 1.85e-06 6.675e-05 0.0001215 1.5e-06 0.00019305 2.95e-06 2.3e-06 0.00010345 7.28e-05 0.00021905 0.00014595 0.00010405 1.7e-06 0.00021555 1.5e-06 0.000122 6.595e-05 6.635e-05 0.0002447 6.655e-05 8.75e-05 0.00016215 0.0001288 0.0001552 1.45e-06 6.665e-05 0.00019895 0.00012915 2.5e-06 0.00010335 0.00014435 1.7e-06 0.000129 5.035e-05 6.665e-05
6 0.00019185 0.0001905 0.00023055 0.00013025 0.0001045 0.00010345 0.0002041 0.0001684 0.0001903 0.00026975 0.00026205 0.0001307 0.0001057 0.0001916 0.00018645 0.0001044 0.0001045 0.0002321 0.0001035 0.00010445 0.00016715 0.0001028 0.0001033 0.0001663 0.0001919 0.0001043 0.00010305 0.0001038 0.0002471 0.0001044 0.0001034 0.00017375 0.0001429 0.00019185 0.00022235 0.0002311 0.0001666 0.00019075 0.0001557 0.00019055 0.00016715 0.00019195 0.0002542 0.00027745 0.00023175 0.00016805 0.0002222 0.00016825 0.0001918 0.0001557 0.0001568 0.0001566 0.0001665 0.00014165 0.0001666 0.00016695 0.000167 0.00010385 0.0001597 0.00019295 0.00025565 0.0001916 0.00010405 0.00025445 0.0002782 0.0001035 0.0001041 0.00019205 0.00010315 0.000168 0.00010225 0.0001028 0.0001737 0.00012465 0.0002886 0.00018545 0.00010385 0.0001036 0.00022255 0.0001034 0.0001921 0.0001042 0.0001046 0.00025325 0.0001039 0.00015805 0.0002324 0.0001672 0.00016815 0.0001032 0.00010425 0.0002059 0.000167 0.000103 0.0001736 0.0002144 0.0001036 0.0001672 0.0001272 0.000161
7 0.000311 0.0003108 0.0003802 0.00021985 0.000185 0.00019315 0.0001684 0.0001277 0.00031055 0.000365 0.0004118 0.00019375 6.52e-05 0.00031085 0.00027555 0.00016635 0.00012915 0.00035185 0.00019315 0.000129 0.00012855 0.00019295 0.0001929 0.00028685 0.0002467 0.0001291 0.00019285 0.0001291 0.00036645 0.0001291 0.0001932 0.000294 0.0001978 0.00024665 0.0002142 6.42e-05 0.0001287 0.00031065 0.0002759 0.00031045 0.00012855 0.00031105 0.0002458 0.0003348 0.00035185 6.45e-05 0.0002489 6.46e-05 0.00031105 0.00027615 0.00021195 0.00021185 0.00012855 0.0002616 0.0001287 0.00012875 0.00012905 0.00019365 0.00024895 0.0002471 0.00024655 0.0002464 0.0001291 0.000246 0.0004282 0.0001932 0.00012915 0.0003112 0.00019295 6.45e-05 0.000193 0.0001929 0.00029395 0.00021085 0.0004078 0.00033595 0.00016715 0.00019325 0.00021435 0.00019305 0.0003113 0.000129 0.0001293 0.000253 0.00012895 0.00027795 0.00035205 0.0001285 0.0001019 0.000193 0.00012935 0.00019775 0.0001284 0.0001931 0.00029385 0.00027925 0.00019325 0.0001286 0.00024075 0.000241
8 0.0001818 0.00012395 0.00018185 0.00015155 0.0001327 0.00012495 0.0001903 0.00031055 0.0002469 0.00017515 0.00020825 0.0002183 0.000252 0.00018165 0.0002076 0.0001509 0.0001884 0.00019865 0.00012495 0.0001882 0.00024695 0.0001241 0.0001247 0.0001354 0.0001877 0.00018835 0.00012465 0.0001879 0.00018035 0.00018835 0.000125 0.00015145 0.00018845 0.00018765 0.00024635 0.0003692 0.0002464 0.0001242 0.0001245 0.00012425 0.00024695 0.0001818 0.00024625 0.000239 0.000198 0.0003103 0.00023955 0.00031045 0.00018185 0.00012485 0.0001882 0.000188 0.0002465 0.0001248 0.0002464 0.0002468 0.0002465 0.0001252 0.0001811 0.00024535 0.00030395 0.00018775 0.0001877 0.00024635 0.0001235 0.000125 0.00018795 0.000182 0.00012475 0.00031025 0.0001237 0.00012405 0.0001514 0.00015065 0.00025495 0.0001248 0.0001918 0.00012505 0.00024655 0.0001248 0.0001821 0.00018825 0.00018855 0.00023985 0.00018755 0.0001245 0.00019885 0.0002468 0.0002731 0.0001248 0.00018795 0.000247 0.0002467 0.00012425 0.0001513 0.0001756 0.00012505 0.000247 0.0001246 0.00018905
9 0.0002254 0.00017505 0.00015615 0.00025745 0.00023865 0.0002309 0.00026975 0.000365 0.00017515 0.0001128 0.0001776 0.0002972 0.00035765 0.00022525 0.0003135 0.0002568 0.0002942 0.00021845 0.0002309 0.00029395 0.0003015 0.00023075 0.00023065 0.0001579 0.00023855 0.00029415 0.0002306 0.0002942 0.00023135 0.00029415 0.00023095 0.00018315 0.00022525 0.0002385 0.00021425 0.00037235 0.00030115 0.0001752 0.00014715 0.00017485 0.0003015 0.00022535 0.0002457 0.000207 0.0002185 0.00036475 0.00029425 0.00036485 0.00022545 0.0001476 0.0002108 0.0002106 0.00030155 0.00016175 0.00030115 0.00030135 0.0003008 0.00023115 0.00028705 0.0002888 0.00029615 0.0002384 0.0002942 0.00024575 0.00011955 0.00023095 0.00029425 0.0002256 0.0002307 0.0003647 0.00023085 0.0002307 0.0001831 0.0002116 0.00027475 8.745e-05 0.00027075 0.000231 0.00021435 0.0002307 0.0002257 0.00029405 0.00029435 0.000239 0.00029405 0.0001448 0.00021865 0.00030125 0.00032765 0.00023075 0.0002943 0.00023225 0.0003015 0.0002309 0.000183 0.0001436 0.000231 0.00030155 0.0001824 0.000295
10 0.0001457 0.0002085 9.51e-05 0.00019685 0.00023085 0.00022315 0.00026205 0.0004118 0.00020825 0.0001776 0.0001367 0.00023665 0.0003494 0.0001457 0.0001698 0.000249 0.00028625 0.00016325 0.00022315 0.00028605 0.000349 0.00022295 0.0002229 0.0001834 0.0002715 0.0002862 0.00022285 0.0002862 0.0001814 0.0002862 0.0002232 0.00014585 0.00023595 0.00027145 0.0002982 0.0004751 0.0003486 0.00020835 0.00017245 0.00020815 0.000349 0.0001457 0.00033385 0.00020855 0.00016325 0.00041195 0.00025895 0.00041215 0.00014575 0.00017275 0.00023565 0.00023555 0.000349 0.00017265 0.0003486 0.00034885 0.0003487 0.0002233 0.0001962 0.0002089 0.0002717 0.0002712 0.0002862 0.00033415 0.0001936 0.0002232 0.00028625 0.00014605 0.00022295 0.0004119 0.000223 0.0002229 0.0001458 0.00021275 0.00013645 0.00012185 0.00026305 0.00022325 0.00029845 0.000223 0.0001463 0.0002861 0.0002864 0.00032765 0.00028605 0.00017245 0.00016345 0.0003489 0.00037505 0.000223 0.00028645 0.0002984 0.00034885 0.0002231 0.0001457 0.0002282 0.00022325 0.00034905 0.00018705 0.0002041
11 0.000193 0.00021845 0.0002316 0.0001302 0.00013015 0.00013095 0.0001307 0.00019375 0.0002183 0.0002972 0.00023665 0.0002596 0.00013095 0.0001928 0.0001601 0.00013045 0.00013055 0.0002333 0.00013065 0.0001308 0.0001933 0.0001309 0.00013085 0.00019425 0.0002183 0.0001308 0.00013065 0.000131 0.000248 0.0001309 0.000131 0.00017435 0.0001689 0.00021825 0.00024885 0.00025645 0.00019325 0.0002183 0.0001833 0.000218 0.0001933 0.000193 0.0002807 0.00027845 0.0002335 0.0001935 0.0002233 0.0001936 0.0001929 0.00018345 0.0001833 0.0001832 0.0001937 0.00016835 0.00019325 0.00019335 0.00019355 0.0001314 0.0001606 0.000193 0.0002557 0.000218 0.000131 0.00028085 0.00030565 0.00013075 0.00013105 0.0001932 0.0001306 0.00019345 0.00013105 0.00013085 0.0001743 0.00015085 0.00026325 0.00021245 0.0001303 0.00013085 0.00024895 0.0001308 0.00019285 0.0001307 0.00013075 0.00028095 0.00013085 0.00018515 0.00023365 0.00019355 0.0001932 0.00013055 0.00013115 0.00023225 0.0001934 0.00013075 0.0001743 0.0002416 0.00013075 0.00019325 0.00015455 0.00016035
12 0.00024855 0.0002522 0.00031775 0.0001571 0.0001221 0.00013035 0.0001057 6.52e-05 0.000252 0.00035765 0.0003494 0.00013095 1.1e-06 0.0002484 0.00021315 0.0001034 6.56e-05 0.0002891 0.00013035 6.535e-05 0.000129 0.0001302 0.0001301 0.00022405 0.00018735 6.535e-05 0.00013005 6.545e-05 0.0003082 6.555e-05 0.0001304 0.00023125 0.00013425 0.0001873 0.00021485 0.0001279 0.00012785 0.00025205 0.00021305 0.00025185 0.000129 0.00024855 0.00025065 0.00033485 0.00028915 6.435e-05 0.00024925 6.425e-05 0.0002486 0.00021335 0.00014825 0.00014825 0.00012905 0.0001988 0.000128 0.00012885 0.0001292 0.00013085 0.0001865 0.0001839 0.00024735 0.000187 6.56e-05 0.00025065 0.0003738 0.0001304 6.565e-05 0.0002487 0.00013015 6.43e-05 0.0001303 0.00013015 0.0002312 0.00014795 0.0003454 0.00027315 0.0001043 0.0001304 0.0002148 0.0001302 0.00024885 6.545e-05 6.57e-05 0.0002574 6.545e-05 0.00021515 0.00028925 0.0001289 0.00010225 0.0001302 6.58e-05 0.0001982 0.0001289 0.00013035 0.0002311 0.0002719 0.0001304 0.00012905 0.00017795 0.00017845
13 0.00012125 0.00018175 0.00012855 0.000122 0.00012935 0.00012155 0.0001916 0.00031085 0.00018165 0.00022525 0.0001457 0.0001928 0.0002484 0.0002411 0.0001216 0.0001476 0.000185 0.00016215 0.00012165 0.000185 0.00024775 0.00012125 0.0001215 0.00015635 0.00024495 0.0001848 0.0001212 0.00018525 0.00018115 0.00018455 0.00012155 0.00014615 0.0001917 0.0002449 0.00027155 0.0003742 0.00024765 0.0001812 0.00014545 0.00018115 0.00024775 0.00012135 0.00030735 0.0002081 0.00016255 0.0003111 0.000184 0.00031125 0.0001211 0.0001454 0.0002087 0.0002087 0.00024805 0.00012805 0.00024765 0.0002475 0.0002477 0.0001222 0.00012115 0.0001847 0.0002475 0.00024465 0.00018525 0.0003076 0.0002414 0.00012125 0.0001853 0.0001214 0.00012115 0.00031105 0.000122 0.00012165 0.0001461 0.0001472 0.0001621 0.0001525 0.0001923 0.00012175 0.00027175 0.0001215 0.00012155 0.0001847 0.00018515 0.000301 0.0001851 0.0001445 0.00016255 0.00024785 0.0002738 0.0001212 0.00018535 0.00025515 0.0002478 0.0001218 0.000146 0.0002013 0.00012175 0.0002478 0.0001215 0.00012925
14 0.00012175 0.0002077 0.0001912 5.795e-05 9.23e-05 8.535e-05 0.00018645 0.00027555 0.0002076 0.0003135 0.0001698 0.0001601 0.00021315 0.0001216 6.22e-05 0.00011125 0.0001488 0.0001627 8.495e-05 0.00014915 0.00021165 8.54e-05 8.525e-05 0.0001796 0.00027145 0.00014915 8.505e-05 0.00014945 0.00018035 0.00014925 8.54e-05 0.00013305 0.0002179 0.0002714 0.000298 0.00033895 0.00021185 0.0002075 0.0001685 0.0002072 0.00021165 0.00012175 0.0003338 0.0002075 0.000163 0.0002758 0.0001211 0.000276 0.00012165 0.00016865 0.00023235 0.00023235 0.00021225 0.0001533 0.00021185 0.0002118 0.0002118 8.595e-05 5.815e-05 0.0001857 0.0002485 0.00027115 0.00014945 0.0003341 0.00032965 8.505e-05 0.0001495 0.000122 8.5e-05 0.00027575 8.565e-05 8.53e-05 0.000133 0.000156 0.0001358 0.0002283 0.00018715 8.515e-05 0.00029825 8.52e-05 0.00012165 0.00014905 0.00014905 0.0003276 0.0001493 0.00017025 0.00016305 0.000212 0.00023805 8.495e-05 0.00014955 0.00028155 0.00021185 8.515e-05 0.000133 0.00022695 8.505e-05 0.0002116 0.0001333 6.575e-05
15 0.0001479 0.000151 0.00021755 5.5e-05 2.805e-05 2.8e-05 0.0001044 0.00016635 0.0001509 0.0002568 0.000249 0.00013045 0.0001034 0.0001476 0.00011125 5.46e-05 6.59e-05 0.00018835 2.805e-05 6.535e-05 0.00012865 2.85e-05 2.795e-05 0.0001227 0.00018825 6.575e-05 2.805e-05 6.625e-05 0.00020695 6.585e-05 2.8e-05 0.0001296 0.00013485 0.0001882 0.000215 0.00022925 0.00012865 0.0001506 0.00011115 0.00015035 0.00012865 0.0001474 0.00025075 0.0002336 0.0001888 0.0001663 0.00014755 0.0001663 0.00014775 0.00011165 0.000149 0.00014905 0.00012905 9.705e-05 0.00012865 0.00012845 0.0001282 2.875e-05 8.46e-05 0.00018545 0.00024825 0.0001879 6.625e-05 0.0002509 0.00027295 2.83e-05 6.63e-05 0.00014765 2.8e-05 0.00016625 2.895e-05 2.845e-05 0.00012955 7.245e-05 0.0002449 0.0001718 0.00010375 2.81e-05 0.00021505 2.775e-05 0.00014805 6.565e-05 6.605e-05 0.000251 6.61e-05 0.0001136 0.0001883 0.00012825 0.00012825 2.805e-05 6.635e-05 0.00019845 0.0001287 2.865e-05 0.00012945 0.00017045 2.81e-05 0.0001287 7.64e-05 8.46e-05
16 0.00018525 0.0001884 0.00025465 9.235e-05 6.545e-05 6.62e-05 0.0001045 0.00012915 0.0001884 0.0002942 0.00028625 0.00013055 6.56e-05 0.000185 0.0001488 6.59e-05 0.0001304 0.0002256 6.585e-05 6.585e-05 0.00012865 6.625e-05 6.615e-05 0.0001601 0.00018785 6.57e-05 6.59e-05 6.605e-05 0.0002445 6.57e-05 6.625e-05 0.00016695 0.00013435 0.0001878 0.00021505 0.00019195 0.00012845 0.00018825 0.00014925 0.00018795 0.00012865 0.00018535 0.00025085 0.00027115 0.00022595 0.00012865 0.0001852 0.00012865 0.0001851 0.00014925 0.00014885 0.0001487 0.0001292 0.00013425 0.00012835 0.0001287 0.0001291 6.67e-05 0.00012235 0.0001848 0.00024805 0.00018765 6.595e-05 0.00025095 0.00031035 6.6e-05 6.6e-05 0.00018545 6.58e-05 0.0001286 6.655e-05 6.62e-05 0.00016685 0.0001104 0.0002821 0.0002093 0.0001041 6.61e-05 0.0002151 6.615e-05 0.000185 6.56e-05 6.57e-05 0.00025095 6.59e-05 0.00015115 0.000226 0.00012905 0.00012865 6.575e-05 6.585e-05 0.00019845 0.0001289 6.61e-05 0.0001669 0.0002078 6.6e-05 0.0001286 0.0001142 0.0001222
17 0.0001625 0.00019875 0.0001632 0.0001626 0.00016995 0.0001622 0.0002321 0.00035185 0.00019865 0.00021845 0.00016325 0.0002333 0.0002891 0.00016215 0.0001627 0.00018835 0.0002256 0.0003227 0.00016235 0.0002257 0.00028835 0.00016225 0.0001623 0.00016225 0.00026195 0.00022545 0.00016195 0.00022585 0.00019865 0.00022555 0.0001623 0.00016315 0.00022585 0.0002619 0.00028835 0.0004148 0.00028825 0.00019845 0.00016255 0.0001981 0.00028835 0.0001626 0.00032435 0.00022495 0.00016195 0.0003517 0.00022505 0.00035185 0.0001622 0.00016245 0.0002258 0.0002257 0.00028865 0.0001622 0.00028825 0.00028805 0.0002884 0.00016265 0.0001622 0.00022585 0.00028865 0.00026165 0.00022585 0.0003246 0.0002348 0.00016225 0.0002259 0.0001627 0.00016145 0.00035165 0.0001626 0.00016235 0.0001631 0.00018795 0.00016195 0.00016305 0.00023285 0.00016245 0.00028855 0.00016215 0.00016225 0.00022535 0.00022575 0.000318 0.0002257 0.0001622 0.00016205 0.00028855 0.00031445 0.00016165 0.00022595 0.00028925 0.0002884 0.0001624 0.000163 0.0002183 0.00016245 0.0002884 0.00016245 0.00017035
18 0.00012185 0.00012485 0.00019165 2.84e-05 9.5e-06 1.6e-06 0.0001035 0.00019315 0.00012495 0.0002309 0.00022315 0.00013065 0.00013035 0.00012165 8.495e-05 2.805e-05 6.585e-05 0.00016235 2.4e-06 6.595e-05 0.00012875 2.45e-06 1.5e-06 9.64e-05 0.00018875 6.615e-05 1.85e-06 6.67e-05 0.00018095 6.625e-05 1.65e-06 0.0001032 0.00013525 0.0001887 0.0002154 0.00025615 0.0001291 0.0001246 8.51e-05 0.0001243 0.00012875 0.00012165 0.0002512 0.0002077 0.0001629 0.0001931 0.0001214 0.0001932 0.00012175 8.545e-05 0.00014935 0.00014935 0.0001295 7.05e-05 0.0001291 0.0001288 0.0001286 2.3e-06 5.845e-05 0.000186 0.0002488 0.00018845 6.67e-05 0.0002514 0.00024705 1.75e-06 6.675e-05 0.0001215 1.8e-06 0.00019305 2.95e-06 2.2e-06 0.0001031 7.285e-05 0.00021895 0.0001458 0.00010415 1.5e-06 0.00021555 1.8e-06 0.00012165 6.605e-05 6.615e-05 0.0002447 6.655e-05 8.735e-05 0.00016215 0.0001288 0.00015525 1.75e-06 6.66e-05 0.0001989 0.0001291 2.3e-06 0.00010315 0.00014415 1.4e-06 0.0001287 5.04e-05 6.635e-05
19 0.00018515 0.00018835 0.0002545 9.305e-05 6.61e-05 6.595e-05 0.00010445 0.000129 0.0001882 0.00029395 0.00028605 0.0001308 6.535e-05 0.000185 0.00014915 6.535e-05 6.585e-05 0.0002257 6.595e-05 0.0001301 0.00012895 6.625e-05 6.57e-05 0.00016015 0.00018775 6.58e-05 6.605e-05 6.59e-05 0.0002444 6.58e-05 6.6e-05 0.0001673 0.0001346 0.0001877 0.00021485 0.0001918 0.0001283 0.0001882 0.0001487 0.000188 0.00012895 0.00018465 0.0002506 0.00027105 0.0002258 0.0001285 0.0001853 0.0001285 0.0001852 0.00014945 0.0001487 0.00014865 0.00012905 0.0001349 0.0001283 0.0001288 0.00012835 6.66e-05 0.00012255 0.00018475 0.0002479 0.0001874 6.59e-05 0.00025075 0.0003101 6.635e-05 6.595e-05 0.0001849 6.615e-05 0.00012845 6.64e-05 6.605e-05 0.00016725 0.00011035 0.00028205 0.0002093 0.0001042 6.6e-05 0.0002149 6.57e-05 0.00018545 6.57e-05 6.6e-05 0.00025085 6.575e-05 0.0001513 0.00022545 0.0001284 0.00012865 6.62e-05 6.605e-05 0.0001983 0.0001289 6.64e-05 0.00016715 0.00020805 6.6e-05 0.000129 0.0001141 0.0001225
20 0.000248 0.00024695 0.0003174 0.00015515 0.0001281 0.00012895 0.00016715 0.00012855 0.00024695 0.0003015 0.000349 0.0001933 0.000129 0.00024775 0.00021165 0.00012865 0.00012865 0.00028835 0.00012875 0.00012895 0.0002559 0.000129 0.0001289 0.00022285 0.00024685 0.0001288 0.00012865 0.00012915 0.00030305 0.0001289 0.000129 0.0002298 0.0001975 0.0002468 0.0002148 0.0001282 0.00012875 0.0002468 0.000212 0.0002465 0.0001281 0.0002481 0.0002464 0.0002711 0.0002887 0.00012875 0.00018515 0.0001285 0.00024785 0.000212 0.0002119 0.0002118 0.0001287 0.000197 0.00012875 0.00012855 0.00012895 0.00012945 0.0001851 0.000248 0.00024755 0.00024655 0.00012915 0.00024625 0.0003647 0.0001287 0.0001292 0.0002482 0.00012855 0.0001287 0.0001293 0.00012895 0.00022975 0.00017315 0.00034485 0.0002719 0.00016675 0.0001288 0.00021455 0.0001289 0.0002479 0.0001287 0.00012875 0.0002466 0.000129 0.00021395 0.00028875 0.00012855 0.0001281 0.00012855 0.00012915 0.00019795 0.00012835 0.0001288 0.0002296 0.00021505 0.00012885 0.0001282 0.00017695 0.0001849
21 0.0001219 0.00012425 0.00019155 2.915e-05 1.02e-05 2.35e-06 0.0001028 0.00019295 0.0001241 0.00023075 0.00022295 0.0001309 0.0001302 0.00012125 8.54e-05 2.85e-05 6.625e-05 0.00016225 2.45e-06 6.625e-05 0.000129 2.7e-06 2.3e-06 9.63e-05 0.00018855 6.605e-05 2e-06 6.6e-05 0.00018095 6.58e-05 2.35e-06 0.00010355 0.0001354 0.0001885 0.00021515 0.0002559 0.0001287 0.00012435 8.55e-05 0.0001243 0.000129 0.000122 0.00025095 0.0002075 0.00016195 0.0001928 0.00012135 0.00019295 0.00012175 8.545e-05 0.0001493 0.0001492 0.0001288 7.13e-05 0.0001287 0.00012875 0.0001289 2.9e-06 5.86e-05 0.0001858 0.0002486 0.00018825 6.58e-05 0.0002512 0.0002469 2.05e-06 6.605e-05 0.0001221 1.95e-06 0.00019275 1.6e-06 1.75e-06 0.0001035 7.31e-05 0.00021885 0.000146 0.00010405 2.55e-06 0.00021535 2.3e-06 0.0001221 6.595e-05 6.64e-05 0.00024455 6.565e-05 8.775e-05 0.00016265 0.0001291 0.00015515 2e-06 6.595e-05 0.00019875 0.0001289 1.9e-06 0.0001034 0.00014445 2.55e-06 0.00012905 5.035e-05 6.675e-05
22 0.00012125 0.0001247 0.00019145 2.9e-05 1e-05 1.5e-06 0.0001033 0.0001929 0.0001247 0.00023065 0.0002229 0.00013085 0.0001301 0.0001215 8.525e-05 2.795e-05 6.615e-05 0.0001623 1.5e-06 6.57e-05 0.0001289 2.3e-06 1.7e-06 9.625e-05 0.0001885 6.61e-05 1.45e-06 6.645e-05 0.0001808 6.61e-05 1.55e-06 0.00010345 0.0001353 0.00018845 0.00021515 0.0002559 0.00012885 0.00012445 8.49e-05 0.00012425 0.0001289 0.0001214 0.00025095 0.00020755 0.00016265 0.00019285 0.00012135 0.00019295 0.0001217 8.545e-05 0.00014915 0.00014915 0.00012925 7.11e-05 0.00012885 0.00012875 0.00012835 2.05e-06 5.85e-05 0.00018575 0.00024855 0.0001882 6.645e-05 0.00025115 0.0002468 1.9e-06 6.65e-05 0.0001212 1.95e-06 0.0001928 2.7e-06 2.1e-06 0.0001034 7.28e-05 0.0002188 0.00014585 0.0001041 1.6e-06 0.0002153 1.75e-06 0.00012195 6.6e-05 6.63e-05 0.0002445 6.63e-05 8.705e-05 0.00016185 0.00012855 0.00015515 2e-06 6.645e-05 0.0001987 0.000129 2.45e-06 0.0001033 0.0001443 1.6e-06 0.00012895 4.985e-05 6.655e-05
23 0.00015665 0.0001353 0.00016005 0.00012325 0.00010425 9.635e-05 0.0001663 0.00028685 0.0001354 0.0001579 0.0001834 0.00019425 0.00022405 0.00015635 0.0001796 0.0001227 0.0001601 0.00016225 9.64e-05 0.00016015 0.00022285 9.63e-05 9.625e-05 0.0001898 0.0001991 0.00015995 9.6e-05 0.0001603 0.0001917 0.00016 9.635e-05 0.0001232 0.00016355 0.00019905 0.00022555 0.00034965 0.0002227 0.0001352 9.575e-05 0.000135 0.00022285 0.0001568 0.00026155 0.00021805 0.00016255 0.0002866 0.00021535 0.0002867 0.00015655 9.575e-05 0.0001595 0.0001593 0.0002231 9.955e-05 0.0002227 0.00022265 0.0002228 9.68e-05 0.0001527 0.00022045 0.00028325 0.0001988 0.0001603 0.00026175 0.00017425 9.64e-05 0.00016035 0.00015685 9.6e-05 0.00028655 9.665e-05 9.63e-05 0.00012315 0.0001222 0.0002189 9.99e-05 0.0001673 9.65e-05 0.0002257 9.635e-05 0.00015685 0.00015985 0.00016025 0.000255 0.00016015 9.945e-05 0.0001626 0.000223 0.0002492 9.605e-05 0.0001602 0.00022635 0.00022305 9.65e-05 0.00012305 0.0001551 9.65e-05 0.0002229 9.965e-05 0.0001609
24 0.0002451 0.0001881 0.00024495 0.0002154 0.0001885 0.00018875 0.0001919 0.0002467 0.0001877 0.00023855 0.0002715 0.0002183 0.00018735 0.00024495 0.00027145 0.00018825 0.00018785 0.00026195 0.00018875 0.00018775 0.00024685 0.00018855 0.0001885 0.0001991 0.0003737 0.0001879 0.00018845 0.0001879 0.00024395 0.0001878 0.0001888 0.0002152 0.0001877 0.0001869 0.0002462 0.0003052 0.0002461 0.0001878 0.0001882 0.00018785 0.00024685 0.0002451 0.0002461 0.0003026 0.00026195 0.0002461 0.00030335 0.0002461 0.00024515 0.00018855 0.0001877 0.00018745 0.00024685 0.0001884 0.000246 0.0002467 0.00024665 0.000189 0.0002449 0.0002443 0.00030335 0.0001871 0.0001878 0.00024605 0.0001869 0.0001888 0.00018785 0.0002453 0.00018855 0.00024605 0.0001886 0.0001885 0.00021515 0.0001879 0.00031825 0.0001883 0.00019175 0.00018885 0.00024625 0.0001886 0.0002454 0.0001878 0.0001881 0.0002462 0.00018775 0.0001881 0.00026215 0.0002467 0.00024655 0.0001886 0.00018795 0.0002467 0.0002468 0.0001887 0.00021505 0.0002392 0.00018885 0.0002469 0.0001882 0.00024485
25 0.0001852 0.0001884 0.00025465 9.28e-05 6.58e-05 6.605e-05 0.0001043 0.0001291 0.00018835 0.00029415 0.0002862 0.0001308 6.535e-05 0.0001848 0.00014915 6.575e-05 6.57e-05 0.00022545 6.615e-05 6.58e-05 0.0001288 6.605e-05 6.61e-05 0.00015995 0.0001879 0.0001303 6.555e-05 6.585e-05 0.00024455 6.56e-05 6.59e-05 0.0001672 0.00013465 0.00018785 0.000215 0.0001919 0.00012825 0.00018805 0.0001492 0.0001878 0.0001288 0.0001853 0.0002508 0.0002711 0.0002259 0.00012855 0.00018515 0.00012855 0.00018495 0.0001489 0.0001488 0.0001486 0.00012915 0.0001347 0.0001284 0.00012855 0.00012905 6.66e-05 0.0001223 0.00018485 0.000248 0.00018755 6.6e-05 0.0002509 0.0003103 6.6e-05 6.605e-05 0.0001854 6.555e-05 0.0001285 6.65e-05 6.62e-05 0.00016715 0.00011025 0.00028215 0.0002094 0.00010375 6.625e-05 0.00021505 6.6e-05 0.0001853 6.525e-05 6.58e-05 0.0002509 6.585e-05 0.00015125 0.00022595 0.000129 0.0001285 6.56e-05 6.605e-05 0.00019845 0.0001289 6.625e-05 0.00016705 0.00020795 6.625e-05 0.00012885 0.00011405 0.00012245
26 0.00012125 0.0001246 0.0001914 2.86e-05 9.6e-06 1.75e-06 0.00010305 0.00019285 0.00012465 0.0002306 0.00022285 0.00013065 0.00013005 0.0001212 8.505e-05 2.805e-05 6.59e-05 0.00016195 1.85e-06 6.605e-05 0.00012865 2e-06 1.45e-06 9.6e-05 0.00018845 6.555e-05 1.8e-06 6.64e-05 0.00018075 6.58e-05 1.6e-06 0.0001032 0.0001351 0.0001884 0.0002151 0.00025585 0.0001288 0.00012415 8.52e-05 0.0001239 0.00012865 0.00012175 0.0002509 0.0002074 0.0001626 0.0001928 0.0001211 0.0001929 0.00012135 8.485e-05 0.00014905 0.00014905 0.0001292 7.07e-05 0.0001288 0.0001284 0.0001287 2.25e-06 5.815e-05 0.0001857 0.0002485 0.00018815 6.64e-05 0.0002511 0.00024675 1.7e-06 6.645e-05 0.00012175 1.3e-06 0.00019275 2.65e-06 2.15e-06 0.00010315 7.26e-05 0.00021875 0.00014565 0.00010355 1.95e-06 0.00021525 1.8e-06 0.0001217 6.545e-05 6.605e-05 0.0002444 6.625e-05 8.69e-05 0.0001624 0.0001289 0.00015485 1.35e-06 6.635e-05 0.00019865 0.00012885 2.2e-06 0.00010305 0.00014405 1.95e-06 0.0001287 4.97e-05 6.635e-05
27 0.0001854 0.0001882 0.0002547 9.34e-05 6.645e-05 6.67e-05 0.0001038 0.0001291 0.0001879 0.0002942 0.0002862 0.000131 6.545e-05 0.00018525 0.00014945 6.625e-05 6.605e-05 0.00022585 6.67e-05 6.59e-05 0.00012915 6.6e-05 6.645e-05 0.0001603 0.0001879 6.585e-05 6.64e-05 0.0001302 0.00024465 6.6e-05 6.675e-05 0.00016755 0.0001349 0.00018785 0.00021495 0.00019185 0.00012805 0.0001885 0.00014945 0.0001883 0.00012915 0.00018545 0.00025075 0.0002712 0.00022535 0.00012845 0.0001855 0.0001285 0.00018545 0.0001497 0.000149 0.0001487 0.0001284 0.00013535 0.0001282 0.000129 0.00012915 6.71e-05 0.00012285 0.00018485 0.000248 0.00018755 6.55e-05 0.0002509 0.00031035 6.675e-05 6.555e-05 0.0001856 6.65e-05 0.0001284 6.53e-05 6.595e-05 0.0001675 0.00011085 0.00028215 0.0002097 0.0001044 6.68e-05 0.00021505 6.66e-05 0.0001857 6.59e-05 6.615e-05 0.000251 6.535e-05 0.0001517 0.00022605 0.0001291 0.00012885 6.655e-05 6.58e-05 0.00019845 0.0001289 6.615e-05 0.0001674 0.00020835 6.68e-05 0.0001292 0.0001145 0.0001228
28 0.00018125 0.0001807 0.0001813 0.00018105 0.00018855 0.00018105 0.0002471 0.00036645 0.00018035 0.00023135 0.0001814 0.000248 0.0003082 0.00018115 0.00018035 0.00020695 0.0002445 0.00019865 0.00018095 0.0002444 0.00030305 0.00018095 0.0001808 0.0001917 0.00024395 0.00024455 0.00018075 0.00024465 0.0003593 0.00024455 0.0001811 0.00018115 0.00024455 0.0002439 0.0003026 0.0004255 0.00030285 0.00018035 0.0001807 0.0001804 0.00030305 0.00018125 0.0003025 0.0002388 0.00019875 0.0003666 0.0002389 0.00036675 0.0001813 0.00018105 0.0002444 0.0002443 0.00030325 0.0001807 0.00030285 0.000303 0.00030275 0.0001814 0.00018035 0.0002449 0.0003035 0.000244 0.00024465 0.0003026 0.0001797 0.000181 0.0002447 0.0001815 0.00018085 0.00036655 0.0001811 0.00018085 0.0001811 0.0002067 0.0001981 0.00018085 0.000248 0.00018105 0.0003028 0.0001809 0.0001816 0.00024445 0.00024465 0.00029615 0.0002445 0.00018055 0.00019885 0.000303 0.00032925 0.0001809 0.00024475 0.0003032 0.0003031 0.000181 0.000181 0.00023165 0.00018105 0.0003031 0.00018065 0.00018815
29 0.0001852 0.0001884 0.00025465 9.3e-05 6.6e-05 6.615e-05 0.0001044 0.0001291 0.00018835 0.00029415 0.0002862 0.0001309 6.555e-05 0.00018455 0.00014925 6.585e-05 6.57e-05 0.00022555 6.625e-05 6.58e-05 0.0001289 6.58e-05 6.61e-05 0.00016 0.0001878 6.56e-05 6.58e-05 6.6e-05 0.00024455 0.0001303 6.615e-05 0.0001673 0.00013465 0.00018775 0.000215 0.0001919 0.0001284 0.00018795 0.0001492 0.0001879 0.0001289 0.0001853 0.0002508 0.0002711 0.0002259 0.0001286 0.00018515 0.0001286 0.00018505 0.00014915 0.0001488 0.00014865 0.00012915 0.0001349 0.0001283 0.00012865 0.00012905 6.67e-05 0.0001224 0.00018475 0.000248 0.0001876 6.585e-05 0.0002509 0.0003103 6.585e-05 6.595e-05 0.0001854 6.575e-05 0.00012855 6.65e-05 6.62e-05 0.00016725 0.00011035 0.00028215 0.0002095 0.000104 6.635e-05 0.00021505 6.61e-05 0.0001854 6.55e-05 6.595e-05 0.0002509 6.585e-05 0.00015135 0.00022595 0.000129 0.0001286 6.58e-05 6.595e-05 0.00019845 0.000129 6.635e-05 0.00016715 0.00020805 6.635e-05 0.00012895 0.00011395 0.00012255
30 0.0001219 0.00012495 0.00019175 2.895e-05 9.95e-06 1.45e-06 0.0001034 0.0001932 0.000125 0.00023095 0.0002232 0.000131 0.0001304 0.00012155 8.54e-05 2.8e-05 6.625e-05 0.0001623 1.65e-06 6.6e-05 0.000129 2.35e-06 1.55e-06 9.635e-05 0.0001888 6.59e-05 1.6e-06 6.675e-05 0.0001811 6.615e-05 2.5e-06 0.00010355 0.00013545 0.00018875 0.00021545 0.0002562 0.00012915 0.0001245 8.515e-05 0.00012425 0.000129 0.0001217 0.00025125 0.00020775 0.00016295 0.00019315 0.00012145 0.00019325 0.0001217 8.52e-05 0.0001494 0.0001494 0.00012955 7.105e-05 0.00012915 0.00012875 0.00012865 2.3e-06 5.85e-05 0.00018605 0.00024885 0.0001885 6.675e-05 0.00025145 0.0002471 1.85e-06 6.68e-05 0.00012155 1.65e-06 0.0001931 3e-06 2.35e-06 0.0001035 7.28e-05 0.0002191 0.000146 0.0001039 1.75e-06 0.0002156 1.75e-06 0.00012205 6.58e-05 6.64e-05 0.00024475 6.66e-05 8.755e-05 0.0001622 0.00012885 0.0001552 1.7e-06 6.67e-05 0.000199 0.0001292 2.55e-06 0.0001034 0.0001444 1.75e-06 0.00012905 5.035e-05 6.67e-05
31 0.0001464 0.00015145 0.00015825 0.000103 0.00011075 0.0001035 0.00017375 0.000294 0.00015145 0.00018315 0.00014585 0.00017435 0.00023125 0.00014615 0.00013305 0.0001296 0.00016695 0.00016315 0.0001032 0.0001673 0.0002298 0.00010355 0.00010345 0.0001232 0.0002152 0.0001672 0.0001032 0.00016755 0.00018115 0.0001673 0.00010355 0.000205 0.00017935 0.00021515 0.00024195 0.00035695 0.00022995 0.0001513 0.00011235 0.000151 0.0002298 0.00014645 0.0002776 0.00020795 0.0001635 0.00029385 0.0001961 0.000294 0.00014625 0.0001124 0.00017615 0.00017605 0.00023035 0.0001149 0.00022995 0.00022985 0.0002299 0.00010365 0.00013325 0.00021025 0.00027305 0.0002149 0.00016755 0.00027785 0.00019915 0.0001033 0.0001676 0.0001466 0.0001031 0.0002938 0.00010385 0.0001035 0.00010265 0.00013825 0.00019325 0.000115 0.00017455 0.0001034 0.00024215 0.0001034 0.0001462 0.0001671 0.0001672 0.0002712 0.0001674 0.0001152 0.00016355 0.00023015 0.00025625 0.00010305 0.00016755 0.00024205 0.00023005 0.0001034 0.00010265 0.00017085 0.0001032 0.00022965 0.00011565 0.0001411
32 0.0001919 0.0001886 0.0001922 0.00016155 0.0001346 0.0001354 0.0001429 0.0001978 0.00018845 0.00022525 0.00023595 0.0001689 0.00013425 0.0001917 0.0002179 0.00013485 0.00013435 0.00022585 0.00013525 0.0001346 0.0001975 0.0001354 0.0001353 0.00016355 0.0001877 0.00013465 0.0001351 0.0001349 0.00024455 0.00013465 0.00013545 0.00017935 0.0002677 0.00018765 0.0002149 0.0002606 0.0001973 0.0001884 0.00015255 0.0001881 0.0001976 0.00019185 0.00025065 0.0002712 0.0002261 0.0001973 0.00025435 0.0001973 0.0001918 0.0001527 0.000152 0.00015185 0.00019805 0.00013435 0.0001972 0.00019765 0.0001978 0.0001359 0.0001915 0.0001912 0.00025445 0.00018745 0.0001348 0.0002508 0.0002414 0.0001352 0.00013485 0.0001921 0.00013505 0.00019725 0.0001356 0.0001354 0.0001793 0.00013455 0.00028225 0.0001522 0.0001425 0.0001353 0.00021495 0.0001352 0.0001919 0.00013455 0.00013465 0.0002509 0.00013475 0.0001513 0.0002262 0.00019785 0.0001975 0.00013505 0.00013485 0.00019825 0.0001977 0.00013525 0.00017915 0.00020795 0.00013535 0.0001977 0.00013515 0.00019125
33 0.00024505 0.00018805 0.0002449 0.00021535 0.00018845 0.0001887 0.00019185 0.00024665 0.00018765 0.0002385 0.00027145 0.00021825 0.0001873 0.0002449 0.0002714 0.0001882 0.0001878 0.0002619 0.0001887 0.0001877 0.0002468 0.0001885 0.00018845 0.00019905 0.0001869 0.00018785 0.0001884 0.00018785 0.0002439 0.00018775 0.00018875 0.00021515 0.00018765 0.0003736 0.00024615 0.00030515 0.00024605 0.00018775 0.00018815 0.0001878 0.0002468 0.00024505 0.00024605 0.00030255 0.0002619 0.00024605 0.0003033 0.00024605 0.0002451 0.0001885 0.00018765 0.0001874 0.0002468 0.00018835 0.00024595 0.00024665 0.0002466 0.00018895 0.00024485 0.00024425 0.0003033 0.00018705 0.00018775 0.000246 0.00018685 0.00018875 0.0001878 0.00024525 0.0001885 0.000246 0.00018855 0.00018845 0.0002151 0.00018785 0.0003182 0.00018825 0.0001917 0.0001888 0.0002462 0.00018855 0.00024535 0.00018775 0.00018805 0.00024615 0.0001877 0.00018805 0.0002621 0.00024665 0.0002465 0.00018855 0.0001879 0.00024665 0.00024675 0.00018865 0.000215 0.00023915 0.0001888 0.00024685 0.00018815 0.0002448
34 0.0002717 0.00024655 0.0002717 0.000242 0.00021525 0.0002154 0.00022235 0.0002142 0.00024635 0.00021425 0.0002982 0.00024885 0.00021485 0.00027155 0.000298 0.000215 0.00021505 0.00028835 0.0002154 0.00021485 0.0002148 0.00021515 0.00021515 0.00022555 0.0002462 0.000215 0.0002151 0.00021495 0.0003026 0.000215 0.00021545 0.00024195 0.0002149 0.00024615 0.000427 0.00021445 0.00021455 0.0002465 0.00021485 0.0002463 0.0002148 0.0002717 0.00024545 0.0002704 0.0002883 0.0002141 0.00027135 0.0002145 0.00027175 0.0002152 0.00021475 0.00021455 0.00021475 0.00021505 0.00021455 0.00021475 0.0002146 0.0002158 0.0002715 0.00027145 0.00027125 0.000246 0.00021495 0.00024585 0.00027765 0.00021545 0.000215 0.0002719 0.0002152 0.0002141 0.00021515 0.0002151 0.0002419 0.00021465 0.0003446 0.0002151 0.00022235 0.0002155 0.000214 0.00021525 0.000272 0.0002149 0.0002152 0.00024595 0.0002148 0.00021475 0.00028855 0.00021465 0.0002146 0.00021525 0.00021515 0.0002148 0.0002147 0.0002153 0.0002418 0.0002151 0.0002155 0.00021485 0.00021495 0.00027155
35 0.00037435 0.0003694 0.00044345 0.0002829 0.0002479 0.00025615 0.0002311 6.42e-05 0.0003692 0.00037235 0.0004751 0.00025645 0.0001279 0.0003742 0.00033895 0.00022925 0.00019195 0.0004148 0.00025615 0.0001918 0.0001282 0.0002559 0.0002559 0.00034965 0.0003052 0.0001919 0.00025585 0.00019185 0.0004255 0.0001919 0.0002562 0.00035695 0.0002606 0.00030515 0.00021445 3e-07 0.00012865 0.00036935 0.0003388 0.00036915 0.0001282 0.0003744 0.00024185 0.00033485 0.00041475 6.465e-05 0.00024935 6.395e-05 0.0003744 0.00033905 0.00027475 0.00027455 0.00012805 0.0003246 0.00012865 0.00012875 0.00012915 0.00025655 0.0003123 0.00031025 0.00024645 0.0003049 0.00019185 0.00024135 0.0004826 0.0002562 0.0001919 0.00037455 0.00025595 6.46e-05 0.0002559 0.00025585 0.0003569 0.00027375 0.0004711 0.00039885 0.0002298 0.00025625 0.0002139 0.00025605 0.00037465 0.0001918 0.0001921 0.0002488 0.0001917 0.00034095 0.000415 0.00012805 0.00010145 0.000256 0.00019205 0.0001971 0.0001279 0.00025605 0.0003568 0.0002867 0.00025625 0.00012815 0.00030375 0.00030425
36 0.0002478 0.0002467 0.0003171 0.0001558 0.00012885 0.0001291 0.0001666 0.0001287 0.0002464 0.00030115 0.0003486 0.00019325 0.00012785 0.00024765 0.00021185 0.00012865 0.00012845 0.00028825 0.0001291 0.0001283 0.00012875 0.0001287 0.00012885 0.0002227 0.0002461 0.00012825 0.0001288 0.00012805 0.00030285 0.0001284 0.00012915 0.00022995 0.0001973 0.00024605 0.00021455 0.00012865 0.000255 0.0002467 0.00021185 0.0002465 0.00012875 0.00024785 0.00024615 0.00027075 0.00028805 0.00012805 0.00018505 0.0001281 0.00024785 0.0002121 0.0002114 0.0002111 0.00012855 0.00019775 0.00012765 0.0001285 0.00012865 0.0001295 0.00018525 0.00024725 0.0002476 0.00024575 0.0001282 0.0002463 0.00036435 0.00012915 0.00012825 0.000248 0.0001289 0.000128 0.00012855 0.00012865 0.0002299 0.00017325 0.00034455 0.0002721 0.00016665 0.0001292 0.00021465 0.000129 0.0002481 0.0001283 0.00012855 0.0002463 0.00012805 0.0002141 0.00028845 0.0001287 0.00012845 0.00012895 0.0001285 0.00019805 0.0001285 0.00012885 0.0002298 0.0002153 0.0001292 0.0001288 0.0001769 0.0001852
