 slim_337680287 slim_337680189 slim_337680342 slim_337680350 slim_337680399 slim_337680385 slim_337680316 slim_337680276 slim_337680250 slim_337680370 slim_337680395 slim_337680409 slim_337680199 slim_337680266 slim_337680388 slim_337680406 slim_337680412 slim_337680387 slim_337680305 slim_337680390 slim_337680425 slim_337680247 slim_337680393 slim_337680408 slim_337680289 slim_337680356 slim_337680420 slim_337680371 slim_337680298 slim_337680038 slim_337680360 slim_337680428 slim_337680403 slim_337680281 slim_337680265 slim_337680296 slim_337680426 slim_337680391 slim_337680072 slim_337680260 slim_337680318 slim_337680416 slim_337680212 slim_337680294 slim_337680376 slim_337680422 slim_337680367 slim_337680329 slim_337680381 slim_337680386 slim_337680429 slim_337680413 slim_337680328 slim_337680374 slim_337680415 slim_337680392 slim_337680364 slim_337680315 slim_337680259 slim_337680314 slim_337680290 slim_337680277 slim_337680432 slim_337680377 slim_337680431 slim_337680434 slim_337680151 slim_337680421 slim_337680325 slim_337680273 slim_337680411 slim_337680336 slim_337680121 slim_337680187 slim_337680424 slim_337680310 slim_337679608 slim_337680263 slim_337680327 slim_337680213 slim_337680090 slim_337680410 slim_337680365 slim_337680394 slim_337680359 slim_337680378 slim_337680357 slim_337680284 slim_337680436 slim_337680351 slim_337680405 slim_337680323 slim_337680176 slim_337680319 slim_337680396 slim_337680256 slim_337680397 slim_337680345 slim_337680056 slim_337680215
0 8e-06 5.3e-06 9.4e-06 5.35e-06 8.4e-06 9.55e-06 6.35e-06 1.245e-05 9.7e-06 1.035e-05 1.06e-05 8.55e-06 8.3e-06 7.6e-06 7.7e-06 1.28e-05 4.85e-06 1.02e-05 1.085e-05 5.55e-06 5.8e-06 1.2e-05 6.45e-06 8.5e-06 8.5e-06 5.85e-06 1.035e-05 5.1e-06 7.9e-06 1.225e-05 8.65e-06 1.075e-05 1.005e-05 9.85e-06 1.135e-05 1.05e-05 1.21e-05 7.95e-06 8.75e-06 9.8e-06 7.15e-06 6.65e-06 7.9e-06 4.65e-06 1.085e-05 7.7e-06 5.8e-06 8e-06 8.6e-06 5.7e-06 7.4e-06 5.2e-06 8.15e-06 9.8e-06 1.225e-05 9.3e-06 1.225e-05 9.85e-06 4.3e-06 7.85e-06 1.24e-05 8.95e-06 1.02e-05 1.155e-05 6.05e-06 9.55e-06 8.15e-06 1.22e-05 1.17e-05 7.85e-06 1.225e-05 1.15e-05 1.24e-05 1.06e-05 9.15e-06 5.6e-06 6e-06 8.3e-06 9.4e-06 8.55e-06 4.55e-06 7.7e-06 1.08e-05 8.55e-06 1.22e-05 8.7e-06 1.135e-05 8.4e-06 6.55e-06 1.215e-05 1.25e-05 1.225e-05 8.95e-06 1.145e-05 1.25e-05 6.65e-06 6e-06 4.25e-06 8.6e-06 9.45e-06
1 5.3e-06 2.6e-06 8.85e-06 8.8e-06 8.1e-06 1.175e-05 5.55e-06 9.75e-06 6.15e-06 8.35e-06 8.4e-06 8.5e-06 5.35e-06 9.15e-06 4.65e-06 1.12e-05 5.2e-06 8.2e-06 8.7e-06 9.15e-06 7.8e-06 9.75e-06 6.85e-06 8.45e-06 6.9e-06 5.7e-06 7.45e-06 5.85e-06 8.2e-06 9.1e-06 8.75e-06 1.1e-05 8.2e-06 8.85e-06 7.55e-06 8.35e-06 8.95e-06 4.9e-06 7.7e-06 1.02e-05 7.15e-06 5.7e-06 9.6e-06 5.1e-06 8.65e-06 4.7e-06 9.4e-06 5.6e-06 6.1e-06 9.45e-06 9.55e-06 5.7e-06 8.35e-06 6.95e-06 9.1e-06 1.135e-05 9.45e-06 8.15e-06 1.9e-06 5.15e-06 1.015e-05 7.2e-06 7.5e-06 8.1e-06 7.9e-06 9e-06 5.8e-06 9.05e-06 1.015e-05 4.7e-06 9.45e-06 8.05e-06 9.7e-06 8.4e-06 1.135e-05 9.45e-06 9.35e-06 8.3e-06 1.135e-05 6.8e-06 8.9e-06 8.1e-06 9.6e-06 8.65e-06 1.05e-05 8.9e-06 9.8e-06 8.35e-06 5.55e-06 9e-06 1.09e-05 9.1e-06 5.05e-06 7.65e-06 9.8e-06 5.3e-06 7.85e-06 5.35e-06 9.05e-06 9.95e-06
2 9.4e-06 8.85e-06 1.37e-05 9.95e-06 8.45e-06 1.05e-05 1.02e-05 1.015e-05 8.55e-06 8.45e-06 8.25e-06 8.55e-06 9.35e-06 9.8e-06 8.4e-06 1.125e-05 9.45e-06 8.4e-06 8.65e-06 1.01e-05 1.065e-05 9.35e-06 1.14e-05 8.5e-06 1.06e-05 8e-06 1.04e-05 9.85e-06 9.15e-06 8.95e-06 8.65e-06 1.225e-05 9.3e-06 1.105e-05 7.25e-06 8.45e-06 8.95e-06 8.45e-06 9.9e-06 1.065e-05 9.35e-06 9.3e-06 1.01e-05 9.65e-06 8.8e-06 8.15e-06 1.035e-05 8.35e-06 9.95e-06 1.025e-05 9.85e-06 9.95e-06 9.4e-06 8.3e-06 8.7e-06 1.17e-05 8.95e-06 9.5e-06 9.4e-06 8.4e-06 9.3e-06 9.9e-06 8.3e-06 7.15e-06 1.075e-05 7.1e-06 8.5e-06 8.75e-06 1.045e-05 8.35e-06 8.95e-06 7.1e-06 1.025e-05 8.25e-06 1.155e-05 1.015e-05 8.1e-06 1.06e-05 1.18e-05 9.15e-06 9.45e-06 8e-06 1.1e-05 8.85e-06 1.005e-05 8.85e-06 1.01e-05 8.4e-06 9.4e-06 8.7e-06 1.225e-05 8.8e-06 8.4e-06 7.2e-06 1.035e-05 9.15e-06 1.07e-05 9.35e-06 8.75e-06 1.055e-05
3 5.35e-06 8.8e-06 9.95e-06 3.8e-06 7.95e-06 8.2e-06 8.65e-06 1.43e-05 1.21e-05 1.15e-05 1.245e-05 8.1e-06 1.14e-05 6.55e-06 1.09e-05 1.5e-05 5.1e-06 1.135e-05 1.275e-05 2.7e-06 4.7e-06 1.44e-05 7.55e-06 8.1e-06 1.14e-05 7.05e-06 1.255e-05 5.85e-06 7.35e-06 1.455e-05 8.9e-06 1.095e-05 1.19e-05 1.135e-05 1.385e-05 1.24e-05 1.44e-05 1.11e-05 1.015e-05 9.55e-06 7.9e-06 8.55e-06 7.5e-06 4.9e-06 1.27e-05 1.095e-05 3.5e-06 1.09e-05 1.145e-05 3.35e-06 6.6e-06 5.75e-06 8.1e-06 1.135e-05 1.455e-05 7.5e-06 1.45e-05 1.135e-05 7.95e-06 1.1e-05 1.385e-05 9.7e-06 1.295e-05 1.4e-05 4.9e-06 1.01e-05 1.095e-05 1.45e-05 1.335e-05 1.085e-05 1.45e-05 1.395e-05 1.425e-05 1.245e-05 7.75e-06 2.95e-06 4.3e-06 9.4e-06 7.8e-06 1.045e-05 2.85e-06 7.3e-06 1.245e-05 8.8e-06 1.305e-05 8.7e-06 1.3e-05 8e-06 8.7e-06 1.445e-05 1.37e-05 1.455e-05 1.2e-05 1.395e-05 1.435e-05 8.75e-06 4.85e-06 5.3e-06 8.8e-06 9.3e-06
4 8.4e-06 8.1e-06 8.45e-06 7.95e-06 1.37e-05 1.035e-05 1.015e-05 1.035e-05 8.6e-06 8.75e-06 9.45e-06 8.1e-06 8.65e-06 1.055e-05 7.85e-06 1.145e-05 8.6e-06 8.6e-06 9.9e-06 9.1e-06 9.8e-06 9.4e-06 1.06e-05 8.05e-06 1.01e-05 9.1e-06 1.05e-05 8.9e-06 9e-06 9.1e-06 8.2e-06 1.26e-05 9.55e-06 1.08e-05 7.25e-06 9.7e-06 9.1e-06 7.9e-06 9.6e-06 1.045e-05 1.005e-05 9.75e-06 1.09e-05 7.55e-06 1e-05 7.6e-06 9.25e-06 8.35e-06 9.55e-06 9.3e-06 1.045e-05 8.85e-06 9.15e-06 8.1e-06 8.95e-06 1.135e-05 9.4e-06 9.4e-06 8.3e-06 8.15e-06 9.3e-06 9.8e-06 7.75e-06 7.45e-06 8.95e-06 8.6e-06 8.4e-06 8.9e-06 1.18e-05 7.8e-06 9.4e-06 7.4e-06 1.045e-05 9.45e-06 1.125e-05 9.3e-06 9.2e-06 1.145e-05 1.135e-05 8.75e-06 8.6e-06 9.3e-06 1.14e-05 8.45e-06 1.015e-05 8.6e-06 1.145e-05 7.95e-06 9.85e-06 8.85e-06 1.335e-05 8.95e-06 8.05e-06 7.2e-06 1.055e-05 9.75e-06 8.9e-06 8.35e-06 8.65e-06 1.015e-05
5 9.55e-06 1.175e-05 1.05e-05 8.2e-06 1.035e-05 1.29e-05 1.195e-05 1.325e-05 1.2e-05 1.135e-05 1.275e-05 1e-05 1.165e-05 1.065e-05 1.19e-05 1.22e-05 9.7e-06 1.12e-05 1.3e-05 8e-06 9.45e-06 1.235e-05 1.12e-05 9.95e-06 1.225e-05 1.035e-05 1.17e-05 9.15e-06 9.75e-06 1.185e-05 9.3e-06 1.245e-05 1.255e-05 1.145e-05 1.195e-05 1.27e-05 1.175e-05 1.205e-05 9.05e-06 1.035e-05 1.14e-05 1.19e-05 1.085e-05 1.02e-05 1.305e-05 1.19e-05 8.35e-06 1.13e-05 1.165e-05 7.6e-06 9.4e-06 1.015e-05 1.01e-05 1.165e-05 1.185e-05 9.95e-06 1.15e-05 1.24e-05 1.18e-05 1.165e-05 1.155e-05 1.18e-05 1.165e-05 1.175e-05 1e-05 1.065e-05 1.145e-05 1.18e-05 1.29e-05 1.185e-05 1.15e-05 1.17e-05 1.32e-05 1.275e-05 9.7e-06 7.15e-06 7.85e-06 1.245e-05 1.015e-05 1.135e-05 7.2e-06 1.005e-05 1.235e-05 9.25e-06 1.195e-05 9.9e-06 1.255e-05 9.85e-06 1.205e-05 1.175e-05 1.435e-05 1.185e-05 1.225e-05 1.205e-05 1.33e-05 1.195e-05 9.95e-06 9.5e-06 9.05e-06 1.005e-05
6 6.35e-06 5.55e-06 1.02e-05 8.65e-06 1.015e-05 1.195e-05 7.1e-06 1.07e-05 9.35e-06 1.12e-05 8.45e-06 1.005e-05 8.6e-06 7e-06 7.9e-06 1.245e-05 6.6e-06 1.105e-05 8.75e-06 8.3e-06 7.5e-06 1.185e-05 6.8e-06 1e-05 8.4e-06 6.9e-06 9.8e-06 6.8e-06 9.2e-06 1.2e-05 1.03e-05 9e-06 7.6e-06 9.8e-06 1.13e-05 8.4e-06 1.185e-05 8.1e-06 9.5e-06 1.095e-05 6.5e-06 6.2e-06 7.45e-06 6.65e-06 8.7e-06 7.95e-06 8.55e-06 7.4e-06 8.45e-06 8.6e-06 8.8e-06 6.45e-06 9.15e-06 1.065e-05 1.2e-05 1.125e-05 1.18e-05 8.15e-06 4.5e-06 7.85e-06 1.25e-05 1e-05 1.035e-05 1.13e-05 8e-06 1.035e-05 8.2e-06 1.195e-05 9.35e-06 7.85e-06 1.18e-05 1.125e-05 1.065e-05 8.45e-06 1.15e-05 8.8e-06 8.5e-06 6.4e-06 1.13e-05 8.7e-06 8.25e-06 9.4e-06 8.15e-06 1.02e-05 1.285e-05 9.7e-06 9e-06 9.9e-06 6.5e-06 1.19e-05 8.65e-06 1.2e-05 9.15e-06 1.14e-05 1.075e-05 6.6e-06 7.95e-06 6.3e-06 1.005e-05 1.045e-05
7 1.245e-05 9.75e-06 1.015e-05 1.43e-05 1.035e-05 1.325e-05 1.07e-05 1.27e-05 8.55e-06 9.6e-06 8.35e-06 1.05e-05 9.45e-06 1.235e-05 8.85e-06 1.04e-05 1.235e-05 9.45e-06 8.8e-06 1.44e-05 1.385e-05 9.1e-06 1.34e-05 1.045e-05 1.135e-05 1.215e-05 9.65e-06 1.29e-05 1.135e-05 7.8e-06 1.075e-05 1.18e-05 8.8e-06 1.115e-05 6.75e-06 8.6e-06 7.8e-06 8.9e-06 1.1e-05 1.245e-05 1.19e-05 1.2e-05 1.28e-05 1.25e-05 8.9e-06 8.6e-06 1.465e-05 8.9e-06 9.75e-06 1.47e-05 1.42e-05 1.275e-05 1.15e-05 9.1e-06 7.65e-06 1.37e-05 7.85e-06 8.8e-06 1.08e-05 8.9e-06 8.25e-06 1.15e-05 8.3e-06 6.7e-06 1.39e-05 1.03e-05 9.25e-06 7.55e-06 9.9e-06 8.8e-06 7.85e-06 6.65e-06 6.6e-06 8.35e-06 1.37e-05 1.47e-05 1.39e-05 1.2e-05 1.37e-05 9.9e-06 1.415e-05 1.25e-05 9.85e-06 1.095e-05 9.55e-06 1.075e-05 9.55e-06 1.035e-05 1.21e-05 7.55e-06 8.05e-06 7.65e-06 8.1e-06 6.7e-06 6.6e-06 1.185e-05 1.385e-05 1.24e-05 1.09e-05 1.175e-05
8 9.7e-06 6.15e-06 8.55e-06 1.21e-05 8.6e-06 1.2e-05 9.35e-06 8.55e-06 1e-05 7.45e-06 8.15e-06 8.7e-06 7.45e-06 1.17e-05 6.55e-06 1.005e-05 9.6e-06 7.4e-06 8.6e-06 1.215e-05 1.045e-05 8.1e-06 9.1e-06 8.65e-06 9.3e-06 9.7e-06 6.95e-06 1.01e-05 9.2e-06 7.15e-06 8.95e-06 1.255e-05 8.45e-06 9.15e-06 5.4e-06 8.4e-06 7.15e-06 6.6e-06 9.2e-06 1.065e-05 9.4e-06 8.8e-06 1.215e-05 9.8e-06 8.7e-06 6.3e-06 1.24e-05 6.5e-06 8.1e-06 1.245e-05 1.15e-05 9.95e-06 9.35e-06 7.05e-06 6.9e-06 1.3e-05 7.15e-06 8.4e-06 7.5e-06 6.55e-06 7.3e-06 8.15e-06 6.85e-06 5.3e-06 1.08e-05 8.8e-06 6.9e-06 6.95e-06 1.04e-05 6.45e-06 7.15e-06 5.25e-06 8.65e-06 8.15e-06 1.3e-05 1.245e-05 1.195e-05 1.045e-05 1.3e-05 6.95e-06 1.19e-05 1.03e-05 1.02e-05 9.15e-06 9.35e-06 8.9e-06 1.005e-05 8.55e-06 8.9e-06 6.9e-06 1.16e-05 7e-06 6.05e-06 5.35e-06 8.75e-06 8.65e-06 1.075e-05 9.6e-06 9.05e-06 1.065e-05
9 1.035e-05 8.35e-06 8.45e-06 1.15e-05 8.75e-06 1.135e-05 1.12e-05 9.6e-06 7.45e-06 1.17e-05 9.1e-06 8.8e-06 9e-06 1.19e-05 7.9e-06 1.135e-05 1.03e-05 6.05e-06 9.5e-06 1.155e-05 1.135e-05 9.1e-06 1.13e-05 8.75e-06 1.095e-05 1.02e-05 9.65e-06 1.08e-05 9.3e-06 8.3e-06 9e-06 1.31e-05 9.7e-06 1.085e-05 6.15e-06 9.2e-06 8.2e-06 8.05e-06 1e-05 1.1e-05 1.09e-05 1.05e-05 1.23e-05 1.055e-05 9.55e-06 7.75e-06 1.185e-05 7.95e-06 9.9e-06 1.18e-05 1.18e-05 1.075e-05 9.5e-06 6.05e-06 8.05e-06 1.24e-05 8.3e-06 9.6e-06 9.6e-06 8e-06 8.5e-06 7.2e-06 8.2e-06 6.15e-06 1.15e-05 8.7e-06 8.15e-06 8.1e-06 1.165e-05 7.85e-06 8.3e-06 6.1e-06 9.7e-06 9.1e-06 1.235e-05 1.175e-05 1.105e-05 1.19e-05 1.245e-05 8.5e-06 1.115e-05 8.45e-06 1.175e-05 9.1e-06 9.5e-06 9.05e-06 1.13e-05 8.65e-06 1.06e-05 8.05e-06 1.28e-05 8.15e-06 7.5e-06 6.1e-06 9.8e-06 1.035e-05 1.145e-05 1.03e-05 9.1e-06 1.11e-05
10 1.06e-05 8.4e-06 8.25e-06 1.245e-05 9.45e-06 1.275e-05 8.45e-06 8.35e-06 8.15e-06 9.1e-06 1.28e-05 9.55e-06 9e-06 9.5e-06 7.95e-06 1.1e-05 1.05e-05 8.95e-06 6.9e-06 1.255e-05 1.2e-05 9.05e-06 1.155e-05 9.55e-06 1.03e-05 9.3e-06 9.95e-06 1.105e-05 1.025e-05 8.55e-06 9.85e-06 1.14e-05 7.5e-06 1.095e-05 6.8e-06 6.7e-06 8.55e-06 8e-06 1.05e-05 1.185e-05 9.05e-06 9.15e-06 9.95e-06 1.065e-05 7e-06 7.7e-06 1.28e-05 8e-06 9.55e-06 1.285e-05 1.135e-05 1.09e-05 1.04e-05 8.6e-06 8.4e-06 1.37e-05 8.6e-06 7.75e-06 8.95e-06 8e-06 9.15e-06 1.05e-05 7.95e-06 6.7e-06 1.205e-05 8.35e-06 8.35e-06 8.35e-06 8.7e-06 7.9e-06 8.6e-06 6.7e-06 8.45e-06 6.45e-06 1.37e-05 1.285e-05 1.105e-05 9.15e-06 1.37e-05 9e-06 1.23e-05 1.005e-05 9.25e-06 1.005e-05 1.055e-05 9.85e-06 8.35e-06 9.45e-06 9.25e-06 8.3e-06 9.1e-06 8.35e-06 7.95e-06 6.7e-06 8.55e-06 9e-06 1.2e-05 1.055e-05 1e-05 1.155e-05
11 8.55e-06 8.5e-06 8.55e-06 8.1e-06 8.1e-06 1e-05 1.005e-05 1.05e-05 8.7e-06 8.8e-06 9.55e-06 1.45e-05 9.05e-06 9.7e-06 8.25e-06 1.115e-05 8e-06 8.65e-06 1.005e-05 8.05e-06 8.85e-06 9.45e-06 1.04e-05 7.45e-06 1.015e-05 9.2e-06 1.025e-05 9e-06 8e-06 9.15e-06 8.35e-06 1.24e-05 9.7e-06 1.055e-05 7.65e-06 9.85e-06 9.15e-06 8.3e-06 9.55e-06 9.75e-06 9.55e-06 9.85e-06 1.075e-05 8.75e-06 1.015e-05 8e-06 8.95e-06 8.2e-06 9.6e-06 8.8e-06 1.025e-05 8.8e-06 8.75e-06 8.5e-06 9e-06 1.065e-05 9.15e-06 9.25e-06 8.7e-06 8.25e-06 9.4e-06 9.9e-06 8.2e-06 7.5e-06 9.65e-06 8.6e-06 8.4e-06 8.95e-06 1.16e-05 8.2e-06 9.15e-06 7.5e-06 1.06e-05 9.6e-06 1.1e-05 8.4e-06 9e-06 1.13e-05 1.095e-05 8.85e-06 8.45e-06 9.4e-06 1.12e-05 8.55e-06 1.02e-05 8.25e-06 1.125e-05 7.35e-06 9.95e-06 8.9e-06 1.325e-05 8.95e-06 8.45e-06 7.5e-06 1.07e-05 9.85e-06 9.6e-06 8.5e-06 8.45e-06 9.75e-06
12 8.3e-06 5.35e-06 9.35e-06 1.14e-05 8.65e-06 1.165e-05 8.6e-06 9.45e-06 7.45e-06 9e-06 9e-06 9.05e-06 1.02e-05 1.18e-05 5.75e-06 8.8e-06 8.4e-06 8.85e-06 9.3e-06 1.175e-05 1.075e-05 7.85e-06 1.005e-05 9e-06 7.55e-06 8.85e-06 8.25e-06 8.95e-06 9.7e-06 7.1e-06 9.3e-06 1.265e-05 8.8e-06 9.15e-06 6.2e-06 9.1e-06 7.1e-06 5.85e-06 8.1e-06 1.06e-05 9.8e-06 8.65e-06 1.225e-05 8.1e-06 9.4e-06 5.65e-06 1.2e-05 6.55e-06 6.65e-06 1.205e-05 1.21e-05 8.8e-06 9.85e-06 7.75e-06 7.1e-06 1.295e-05 7.45e-06 8.8e-06 5.4e-06 6.1e-06 8.3e-06 1e-05 5.65e-06 6.6e-06 1.075e-05 9.5e-06 6.75e-06 7.05e-06 1.025e-05 5.9e-06 7.45e-06 6.55e-06 9.4e-06 9e-06 1.295e-05 1.205e-05 1.19e-05 1.12e-05 1.295e-05 7.85e-06 1.15e-05 1.075e-05 9.7e-06 9.35e-06 1.005e-05 9.45e-06 9.9e-06 8.9e-06 8.5e-06 7e-06 1.26e-05 7.1e-06 6.2e-06 6.3e-06 9.5e-06 8.45e-06 1.07e-05 8.45e-06 9.6e-06 1e-05
13 7.6e-06 9.15e-06 9.8e-06 6.55e-06 1.055e-05 1.065e-05 7e-06 1.235e-05 1.17e-05 1.19e-05 9.5e-06 9.7e-06 1.18e-05 1.08e-05 1.105e-05 1.46e-05 7.05e-06 1.175e-05 9.8e-06 6.2e-06 7.05e-06 1.41e-05 8.55e-06 9.65e-06 1.165e-05 7.3e-06 1.205e-05 8.05e-06 8.7e-06 1.405e-05 1.055e-05 9.8e-06 9.9e-06 1.155e-05 1.345e-05 9.45e-06 1.39e-05 1.125e-05 1.11e-05 1.1e-05 6.95e-06 8e-06 6.6e-06 8.05e-06 9.75e-06 1.11e-05 7.1e-06 1.06e-05 1.15e-05 6.95e-06 7.55e-06 7.85e-06 9.4e-06 1.19e-05 1.405e-05 9.9e-06 1.375e-05 9.8e-06 8.65e-06 1.09e-05 1.375e-05 1.045e-05 1.315e-05 1.335e-05 8.05e-06 9.95e-06 1.095e-05 1.4e-05 1.03e-05 1.1e-05 1.375e-05 1.33e-05 1.23e-05 9.5e-06 1.025e-05 6.4e-06 6.2e-06 7.15e-06 1.02e-05 1.075e-05 6.6e-06 8.1e-06 1.035e-05 1.045e-05 1.35e-05 1e-05 9.95e-06 9.55e-06 8.15e-06 1.395e-05 9.5e-06 1.405e-05 1.195e-05 1.355e-05 1.24e-05 8.05e-06 8e-06 7.55e-06 1.02e-05 1.075e-05
14 7.7e-06 4.65e-06 8.4e-06 1.09e-05 7.85e-06 1.19e-05 7.9e-06 8.85e-06 6.55e-06 7.9e-06 7.95e-06 8.25e-06 5.75e-06 1.105e-05 8.8e-06 9.4e-06 7.8e-06 7.75e-06 8.35e-06 1.125e-05 1.025e-05 7.45e-06 9.55e-06 8.2e-06 7.35e-06 8.1e-06 8.35e-06 8.35e-06 8.9e-06 7.1e-06 8.5e-06 1.24e-05 8e-06 9.35e-06 4.9e-06 7.75e-06 6.7e-06 5.05e-06 8.25e-06 1.05e-05 9.05e-06 7.9e-06 1.15e-05 7.5e-06 8.05e-06 4.75e-06 1.15e-05 5.75e-06 6.75e-06 1.155e-05 1.145e-05 8.2e-06 9.05e-06 6.2e-06 7e-06 1.28e-05 7.45e-06 7.95e-06 4.7e-06 5.3e-06 8.25e-06 8.9e-06 5.45e-06 5.6e-06 1.025e-05 8.55e-06 5.95e-06 6.95e-06 1.02e-05 4.55e-06 7.45e-06 5.55e-06 8.9e-06 7.95e-06 1.28e-05 1.155e-05 1.125e-05 1.045e-05 1.28e-05 6.75e-06 1.1e-05 9.8e-06 9.8e-06 8.25e-06 9.6e-06 8.75e-06 9.85e-06 8.1e-06 7.75e-06 6.9e-06 1.22e-05 7e-06 5.35e-06 4.9e-06 9e-06 7.7e-06 1.02e-05 7.85e-06 8.9e-06 1.02e-05
15 1.28e-05 1.12e-05 1.125e-05 1.5e-05 1.145e-05 1.22e-05 1.245e-05 1.04e-05 1.005e-05 1.135e-05 1.1e-05 1.115e-05 8.8e-06 1.46e-05 9.4e-06 6.6e-06 1.285e-05 1.12e-05 1.125e-05 1.445e-05 1.42e-05 5.45e-06 1.385e-05 1.11e-05 7.3e-06 1.31e-05 8e-06 1.325e-05 1.095e-05 5.55e-06 1.14e-05 1.43e-05 1.095e-05 8.75e-06 7.45e-06 1.1e-05 5.5e-06 9.5e-06 1.005e-05 9.5e-06 1.28e-05 1.285e-05 1.505e-05 1.33e-05 1.135e-05 9.35e-06 1.45e-05 8.85e-06 7.35e-06 1.475e-05 1.49e-05 1.29e-05 1.09e-05 1.105e-05 5.55e-06 1.455e-05 5.2e-06 1.095e-05 1.125e-05 9.1e-06 7.85e-06 1.45e-05 7.4e-06 7.2e-06 1.47e-05 1.14e-05 9.45e-06 5.5e-06 9.4e-06 9.35e-06 5.2e-06 7.15e-06 1.035e-05 1.1e-05 1.455e-05 1.495e-05 1.46e-05 1.43e-05 1.435e-05 1.045e-05 1.44e-05 1.47e-05 9e-06 1.14e-05 1.085e-05 1.065e-05 9.05e-06 1.1e-05 1.29e-05 5.45e-06 1.38e-05 5.55e-06 9.3e-06 7.55e-06 1.045e-05 1.28e-05 1.465e-05 1.275e-05 1.1e-05 8.95e-06
16 4.85e-06 5.2e-06 9.45e-06 5.1e-06 8.6e-06 9.7e-06 6.6e-06 1.235e-05 9.6e-06 1.03e-05 1.05e-05 8e-06 8.4e-06 7.05e-06 7.8e-06 1.285e-05 8.4e-06 1.015e-05 1.08e-05 4.95e-06 5.4e-06 1.21e-05 6.65e-06 7.95e-06 8.8e-06 5.9e-06 1.02e-05 5.5e-06 7.3e-06 1.21e-05 8.85e-06 1.075e-05 1.01e-05 9.85e-06 1.125e-05 1.045e-05 1.195e-05 8.05e-06 8.8e-06 9.55e-06 6.9e-06 6.75e-06 8.1e-06 5.05e-06 1.075e-05 7.85e-06 5.9e-06 8.1e-06 8.65e-06 5.75e-06 7.6e-06 5.3e-06 8e-06 9.7e-06 1.21e-05 8.95e-06 1.21e-05 9.7e-06 4.6e-06 7.95e-06 1.23e-05 8.85e-06 1.03e-05 1.145e-05 6.35e-06 9.6e-06 8.3e-06 1.205e-05 1.155e-05 7.95e-06 1.21e-05 1.14e-05 1.23e-05 1.05e-05 9.3e-06 5.35e-06 6.35e-06 8.4e-06 9.25e-06 8.6e-06 5.4e-06 7.75e-06 1.08e-05 8.75e-06 1.205e-05 8.6e-06 1.12e-05 7.85e-06 6.65e-06 1.2e-05 1.24e-05 1.21e-05 8.9e-06 1.135e-05 1.24e-05 6.55e-06 6.3e-06 5e-06 8.8e-06 9.3e-06
17 1.02e-05 8.2e-06 8.4e-06 1.135e-05 8.6e-06 1.12e-05 1.105e-05 9.45e-06 7.4e-06 6.05e-06 8.95e-06 8.65e-06 8.85e-06 1.175e-05 7.75e-06 1.12e-05 1.015e-05 1.14e-05 9.35e-06 1.14e-05 1.12e-05 8.95e-06 1.115e-05 8.6e-06 1.08e-05 1.005e-05 9.5e-06 1.065e-05 9.15e-06 8.15e-06 8.85e-06 1.295e-05 9.55e-06 1.07e-05 6e-06 9.05e-06 8.05e-06 7.9e-06 9.85e-06 1.085e-05 1.075e-05 1.035e-05 1.215e-05 1.04e-05 9.4e-06 7.6e-06 1.17e-05 7.8e-06 9.75e-06 1.165e-05 1.165e-05 1.06e-05 9.35e-06 5.9e-06 8e-06 1.225e-05 8.15e-06 9.45e-06 9.45e-06 7.85e-06 8.35e-06 7.05e-06 8.05e-06 6e-06 1.135e-05 8.55e-06 8e-06 7.95e-06 1.15e-05 7.7e-06 8.15e-06 5.95e-06 9.55e-06 8.95e-06 1.22e-05 1.16e-05 1.09e-05 1.175e-05 1.23e-05 8.35e-06 1.1e-05 8.3e-06 1.16e-05 8.95e-06 9.35e-06 8.9e-06 1.115e-05 8.5e-06 1.045e-05 7.9e-06 1.265e-05 8e-06 7.35e-06 5.95e-06 9.65e-06 1.02e-05 1.13e-05 1.015e-05 8.95e-06 1.095e-05
18 1.085e-05 8.7e-06 8.65e-06 1.275e-05 9.9e-06 1.3e-05 8.75e-06 8.8e-06 8.6e-06 9.5e-06 6.9e-06 1.005e-05 9.3e-06 9.8e-06 8.35e-06 1.125e-05 1.08e-05 9.35e-06 1.34e-05 1.285e-05 1.23e-05 9.45e-06 1.185e-05 1e-05 1.055e-05 9.55e-06 1.025e-05 1.13e-05 1.055e-05 8.6e-06 1.025e-05 1.17e-05 7.55e-06 1.125e-05 6.95e-06 7e-06 8.95e-06 8.05e-06 1.08e-05 1.21e-05 9.3e-06 9.45e-06 1.02e-05 1.095e-05 7.4e-06 8.15e-06 1.31e-05 8.15e-06 9.85e-06 1.31e-05 1.16e-05 1.12e-05 1.07e-05 9e-06 8.85e-06 1.4e-05 8.75e-06 8e-06 9.25e-06 8.15e-06 9.6e-06 1.08e-05 8.4e-06 7.05e-06 1.235e-05 8.8e-06 8.4e-06 8.8e-06 9e-06 8.3e-06 8.75e-06 7e-06 8.65e-06 6.9e-06 1.395e-05 1.31e-05 1.125e-05 9.35e-06 1.4e-05 9.4e-06 1.25e-05 1.03e-05 9.55e-06 1.04e-05 1.1e-05 1e-05 8.65e-06 9.9e-06 9.55e-06 8.75e-06 9.4e-06 8.85e-06 8.3e-06 7.3e-06 8.6e-06 9.3e-06 1.23e-05 1.08e-05 1.01e-05 1.185e-05
19 5.55e-06 9.15e-06 1.01e-05 2.7e-06 9.1e-06 8e-06 8.3e-06 1.44e-05 1.215e-05 1.155e-05 1.255e-05 8.05e-06 1.175e-05 6.2e-06 1.125e-05 1.445e-05 4.95e-06 1.14e-05 1.285e-05 2.7e-06 4.4e-06 1.44e-05 7.3e-06 8e-06 1.14e-05 7.2e-06 1.205e-05 6e-06 6.75e-06 1.435e-05 9.05e-06 1.045e-05 1.18e-05 1.085e-05 1.42e-05 1.25e-05 1.42e-05 1.145e-05 1.015e-05 8.8e-06 7.6e-06 8.6e-06 7.4e-06 6.05e-06 1.28e-05 1.13e-05 2.2e-06 1.07e-05 1.125e-05 2.3e-06 6.45e-06 4.9e-06 6.7e-06 1.17e-05 1.435e-05 6.7e-06 1.4e-05 1.15e-05 8.3e-06 1.105e-05 1.39e-05 9.75e-06 1.33e-05 1.405e-05 5.6e-06 1.025e-05 1.1e-05 1.43e-05 1.29e-05 1.12e-05 1.4e-05 1.4e-05 1.435e-05 1.255e-05 7.5e-06 2.65e-06 4.25e-06 9.2e-06 6.55e-06 1.05e-05 2.85e-06 7.45e-06 1.18e-05 8.95e-06 1.3e-05 7.55e-06 1.255e-05 7.9e-06 8.75e-06 1.425e-05 1.355e-05 1.435e-05 1.235e-05 1.43e-05 1.445e-05 8.8e-06 5.55e-06 5.5e-06 8.65e-06 7.9e-06
20 5.8e-06 7.8e-06 1.065e-05 4.7e-06 9.8e-06 9.45e-06 7.5e-06 1.385e-05 1.045e-05 1.135e-05 1.2e-05 8.85e-06 1.075e-05 7.05e-06 1.025e-05 1.42e-05 5.4e-06 1.12e-05 1.23e-05 4.4e-06 7.2e-06 1.39e-05 4.15e-06 8.85e-06 1.045e-05 7.3e-06 1.06e-05 6.25e-06 7.7e-06 1.405e-05 9.75e-06 1.09e-05 1.145e-05 9.45e-06 1.365e-05 1.195e-05 1.39e-05 1.045e-05 9.9e-06 1e-05 6.4e-06 6.75e-06 8.1e-06 6.3e-06 1.225e-05 1.03e-05 5.3e-06 9.7e-06 1.05e-05 5.15e-06 6.3e-06 6.05e-06 8.45e-06 1.135e-05 1.405e-05 8.65e-06 1.37e-05 1.1e-05 6.85e-06 1.005e-05 1.25e-05 8.3e-06 1.255e-05 1.35e-05 5.2e-06 1.08e-05 1.01e-05 1.4e-05 1.26e-05 1.02e-05 1.37e-05 1.345e-05 1.38e-05 1.2e-05 9e-06 4.75e-06 6.05e-06 7.55e-06 8.95e-06 8.5e-06 4.8e-06 8.2e-06 1.17e-05 9.65e-06 1.325e-05 9.15e-06 1.225e-05 8.75e-06 6.9e-06 1.395e-05 1.3e-05 1.405e-05 1.145e-05 1.375e-05 1.39e-05 6.95e-06 5.15e-06 5.75e-06 9.35e-06 9.75e-06
21 1.2e-05 9.75e-06 9.35e-06 1.44e-05 9.4e-06 1.235e-05 1.185e-05 9.1e-06 8.1e-06 9.1e-06 9.05e-06 9.45e-06 7.85e-06 1.41e-05 7.45e-06 5.45e-06 1.21e-05 8.95e-06 9.45e-06 1.44e-05 1.39e-05 8.5e-06 1.35e-05 9.4e-06 7.2e-06 1.215e-05 9.05e-06 1.245e-05 1.055e-05 5.55e-06 9.65e-06 1.46e-05 9.3e-06 1e-05 4.7e-06 9.3e-06 5.6e-06 7.45e-06 9.75e-06 9.65e-06 1.22e-05 1.19e-05 1.45e-05 1.22e-05 9.65e-06 7.15e-06 1.465e-05 7.4e-06 8.15e-06 1.465e-05 1.44e-05 1.235e-05 1.07e-05 8.6e-06 5.4e-06 1.495e-05 5.55e-06 9.25e-06 1e-05 7.4e-06 7e-06 1.27e-05 5.4e-06 4.55e-06 1.405e-05 9.5e-06 7.75e-06 5.3e-06 1.045e-05 7.4e-06 5.55e-06 4.5e-06 9.25e-06 9.05e-06 1.49e-05 1.465e-05 1.41e-05 1.375e-05 1.495e-05 8.95e-06 1.405e-05 1.325e-05 1.02e-05 9.9e-06 9.75e-06 9.65e-06 1.01e-05 9.3e-06 1.195e-05 5.3e-06 1.425e-05 5.4e-06 7.55e-06 4.65e-06 9.35e-06 1.185e-05 1.4e-05 1.195e-05 9.75e-06 1.055e-05
22 6.45e-06 6.85e-06 1.14e-05 7.55e-06 1.06e-05 1.12e-05 6.8e-06 1.34e-05 9.1e-06 1.13e-05 1.155e-05 1.04e-05 1.005e-05 8.55e-06 9.55e-06 1.385e-05 6.65e-06 1.115e-05 1.185e-05 7.3e-06 4.15e-06 1.35e-05 1.9e-06 1.035e-05 9.8e-06 7.8e-06 9.3e-06 6.9e-06 9.2e-06 1.365e-05 1.065e-05 1.12e-05 1.1e-05 7.4e-06 1.32e-05 1.15e-05 1.35e-05 9.75e-06 1.005e-05 1.13e-05 5.55e-06 4.95e-06 9e-06 6.85e-06 1.18e-05 9.6e-06 7.55e-06 9e-06 9.85e-06 7.6e-06 6.1e-06 6.75e-06 9.35e-06 1.11e-05 1.365e-05 1.065e-05 1.33e-05 1.095e-05 5.9e-06 9.35e-06 1.12e-05 6.6e-06 1.21e-05 1.305e-05 4.4e-06 1.155e-05 9.6e-06 1.36e-05 1.22e-05 9.5e-06 1.33e-05 1.3e-05 1.335e-05 1.155e-05 1.065e-05 7.6e-06 8.15e-06 5.45e-06 1.065e-05 6.95e-06 7.05e-06 9.15e-06 1.13e-05 1.055e-05 1.355e-05 1.01e-05 1.185e-05 1.025e-05 5.1e-06 1.355e-05 1.255e-05 1.365e-05 1.075e-05 1.33e-05 1.345e-05 5.15e-06 4.35e-06 6.4e-06 1.025e-05 1.075e-05
23 8.5e-06 8.45e-06 8.5e-06 8.1e-06 8.05e-06 9.95e-06 1e-05 1.045e-05 8.65e-06 8.75e-06 9.55e-06 7.45e-06 9e-06 9.65e-06 8.2e-06 1.11e-05 7.95e-06 8.6e-06 1e-05 8e-06 8.85e-06 9.4e-06 1.035e-05 1.44e-05 1.01e-05 9.15e-06 1.02e-05 8.95e-06 8e-06 9.1e-06 8.3e-06 1.235e-05 9.65e-06 1.05e-05 7.6e-06 9.8e-06 9.1e-06 8.25e-06 9.5e-06 9.7e-06 9.5e-06 9.8e-06 1.07e-05 8.7e-06 1.01e-05 7.95e-06 8.9e-06 8.15e-06 9.55e-06 8.75e-06 1.02e-05 8.75e-06 8.7e-06 8.45e-06 8.95e-06 1.06e-05 9.1e-06 9.25e-06 8.65e-06 8.2e-06 9.35e-06 9.85e-06 8.15e-06 7.5e-06 9.6e-06 8.65e-06 8.35e-06 8.9e-06 1.155e-05 8.15e-06 9.1e-06 7.45e-06 1.055e-05 9.55e-06 1.095e-05 8.35e-06 8.95e-06 1.125e-05 1.09e-05 8.8e-06 8.4e-06 9.35e-06 1.115e-05 8.5e-06 1.015e-05 8.2e-06 1.12e-05 7.2e-06 9.9e-06 8.85e-06 1.32e-05 8.95e-06 8.4e-06 7.55e-06 1.065e-05 9.8e-06 9.55e-06 8.45e-06 8.4e-06 9.7e-06
24 8.5e-06 6.9e-06 1.06e-05 1.14e-05 1.01e-05 1.225e-05 8.4e-06 1.135e-05 9.3e-06 1.095e-05 1.03e-05 1.015e-05 7.55e-06 1.165e-05 7.35e-06 7.3e-06 8.8e-06 1.08e-05 1.055e-05 1.14e-05 1.045e-05 7.2e-06 9.8e-06 1.01e-05 1.11e-05 9.4e-06 9.3e-06 8.8e-06 1e-05 8.85e-06 1.035e-05 1.315e-05 9.9e-06 9.5e-06 8.65e-06 1.025e-05 8.75e-06 7.5e-06 9e-06 9.65e-06 9.75e-06 8.95e-06 1.205e-05 8.7e-06 1.06e-05 7.35e-06 1.165e-05 7.45e-06 7.3e-06 1.165e-05 1.195e-05 8.7e-06 1.015e-05 1.015e-05 8.85e-06 1.345e-05 8.85e-06 9.85e-06 5.75e-06 7.45e-06 1.03e-05 1.2e-05 7.75e-06 8.8e-06 1.08e-05 1.075e-05 7.8e-06 8.8e-06 1.075e-05 7.15e-06 8.85e-06 8.75e-06 1.13e-05 1.03e-05 1.34e-05 1.165e-05 1.165e-05 1.105e-05 1.345e-05 8.9e-06 1.105e-05 1.195e-05 1e-05 1.03e-05 1.2e-05 1.02e-05 1.04e-05 1e-05 9e-06 8.75e-06 1.375e-05 8.85e-06 8.5e-06 8.75e-06 1.14e-05 9.1e-06 1.075e-05 8.3e-06 1.03e-05 1.03e-05
25 5.85e-06 5.7e-06 8e-06 7.05e-06 9.1e-06 1.035e-05 6.9e-06 1.215e-05 9.7e-06 1.02e-05 9.3e-06 9.2e-06 8.85e-06 7.3e-06 8.1e-06 1.31e-05 5.9e-06 1.005e-05 9.55e-06 7.2e-06 7.3e-06 1.215e-05 7.8e-06 9.15e-06 9.4e-06 9.5e-06 1.05e-05 6.5e-06 8.55e-06 1.205e-05 9.3e-06 1.075e-05 9.85e-06 1.05e-05 1.1e-05 9.2e-06 1.19e-05 8.35e-06 9.3e-06 1.06e-05 6.85e-06 6.35e-06 7.6e-06 6.1e-06 9.55e-06 8.15e-06 7.45e-06 8.4e-06 9.15e-06 7.35e-06 7.35e-06 6.6e-06 8.8e-06 9.65e-06 1.205e-05 1.015e-05 1.205e-05 1.005e-05 5.45e-06 8.25e-06 1.235e-05 9e-06 1.055e-05 1.12e-05 7.6e-06 8.15e-06 8.55e-06 1.2e-05 1.055e-05 8.25e-06 1.205e-05 1.115e-05 1.21e-05 9.3e-06 1e-05 7.25e-06 5.6e-06 7.85e-06 1.025e-05 9.05e-06 6.55e-06 6.5e-06 1.075e-05 9.2e-06 1.205e-05 9.35e-06 1.02e-05 9.05e-06 6.25e-06 1.195e-05 1.155e-05 1.205e-05 9e-06 1.11e-05 1.22e-05 6e-06 7.55e-06 6e-06 9.25e-06 1.025e-05
26 1.035e-05 7.45e-06 1.04e-05 1.255e-05 1.05e-05 1.17e-05 9.8e-06 9.65e-06 6.95e-06 9.65e-06 9.95e-06 1.025e-05 8.25e-06 1.205e-05 8.35e-06 8e-06 1.02e-05 9.5e-06 1.025e-05 1.205e-05 1.06e-05 9.05e-06 9.3e-06 1.02e-05 9.3e-06 1.05e-05 1.12e-05 1.075e-05 9.45e-06 6.95e-06 1.055e-05 1.21e-05 9.95e-06 7.65e-06 8e-06 9.95e-06 6.8e-06 8.5e-06 9.35e-06 1.035e-05 9.85e-06 9.6e-06 1.255e-05 1.075e-05 1.025e-05 8.35e-06 1.21e-05 7.8e-06 7.05e-06 1.24e-05 1.185e-05 1.035e-05 9.4e-06 9.35e-06 6.9e-06 1.245e-05 6.6e-06 9.95e-06 8.6e-06 8.1e-06 7.95e-06 9.8e-06 8.7e-06 7.8e-06 1.13e-05 1.055e-05 8.45e-06 6.85e-06 9.1e-06 8.25e-06 6.55e-06 7.75e-06 9.6e-06 9.95e-06 1.25e-05 1.26e-05 1.23e-05 1.085e-05 1.225e-05 8.3e-06 1.21e-05 1.16e-05 8.8e-06 1.05e-05 1.025e-05 9.75e-06 8.75e-06 1.01e-05 9.7e-06 6.8e-06 1.1e-05 6.9e-06 7.65e-06 8.1e-06 9.7e-06 9.45e-06 1.125e-05 1.025e-05 1.015e-05 9e-06
27 5.1e-06 5.85e-06 9.85e-06 5.85e-06 8.9e-06 9.15e-06 6.8e-06 1.29e-05 1.01e-05 1.08e-05 1.105e-05 9e-06 8.95e-06 8.05e-06 8.35e-06 1.325e-05 5.5e-06 1.065e-05 1.13e-05 6e-06 6.25e-06 1.245e-05 6.9e-06 8.95e-06 8.8e-06 6.5e-06 1.075e-05 8.9e-06 8.35e-06 1.27e-05 8.2e-06 1.12e-05 1.05e-05 1.03e-05 1.18e-05 1.095e-05 1.255e-05 8.55e-06 9.05e-06 1.025e-05 7.6e-06 7.1e-06 8.2e-06 5.35e-06 1.13e-05 8.4e-06 6.25e-06 8.45e-06 9e-06 5.55e-06 7e-06 5.5e-06 8.6e-06 1.025e-05 1.27e-05 9.75e-06 1.27e-05 1.03e-05 4.75e-06 8.5e-06 1.285e-05 9.4e-06 1.075e-05 1.2e-05 6.55e-06 1e-05 8.6e-06 1.265e-05 1.215e-05 8.15e-06 1.27e-05 1.195e-05 1.285e-05 1.105e-05 9.45e-06 5.2e-06 6.25e-06 8.75e-06 9.85e-06 9e-06 5.2e-06 8.15e-06 1.125e-05 8.1e-06 1.265e-05 9.15e-06 1.18e-05 8.85e-06 7.2e-06 1.26e-05 1.295e-05 1.27e-05 9.6e-06 1.19e-05 1.295e-05 7.3e-06 6.5e-06 4.9e-06 8.35e-06 9.9e-06
28 7.9e-06 8.2e-06 9.15e-06 7.35e-06 9e-06 9.75e-06 9.2e-06 1.135e-05 9.2e-06 9.3e-06 1.025e-05 8e-06 9.7e-06 8.7e-06 8.9e-06 1.095e-05 7.3e-06 9.15e-06 1.055e-05 6.75e-06 7.7e-06 1.055e-05 9.2e-06 8e-06 1e-05 8.55e-06 9.45e-06 8.35e-06 1.23e-05 9.9e-06 8.95e-06 1.155e-05 1.02e-05 9.75e-06 9.4e-06 1.02e-05 9.75e-06 9.1e-06 9.65e-06 9.2e-06 8.65e-06 9.2e-06 9.8e-06 8.4e-06 1.05e-05 8.95e-06 7.45e-06 8.4e-06 9.25e-06 7.55e-06 9.25e-06 7.9e-06 6.7e-06 9.15e-06 9.9e-06 9.7e-06 9.55e-06 9.8e-06 8.4e-06 8.7e-06 1.07e-05 9.15e-06 1e-05 9.25e-06 8.85e-06 9.3e-06 8.85e-06 9.85e-06 1.095e-05 8.85e-06 9.55e-06 9.2e-06 1.13e-05 1.025e-05 1.01e-05 7.35e-06 8e-06 1.025e-05 9.8e-06 9.05e-06 7.45e-06 8.75e-06 1.055e-05 8.85e-06 1.09e-05 8.1e-06 1.06e-05 7.9e-06 9.3e-06 9.8e-06 1.255e-05 9.9e-06 9.3e-06 9.5e-06 1.14e-05 9.2e-06 8.8e-06 7.85e-06 8.55e-06 8.8e-06
29 1.225e-05 9.1e-06 8.95e-06 1.455e-05 9.1e-06 1.185e-05 1.2e-05 7.8e-06 7.15e-06 8.3e-06 8.55e-06 9.15e-06 7.1e-06 1.405e-05 7.1e-06 5.55e-06 1.21e-05 8.15e-06 8.6e-06 1.435e-05 1.405e-05 5.55e-06 1.365e-05 9.1e-06 8.85e-06 1.205e-05 6.95e-06 1.27e-05 9.9e-06 6.4e-06 9.45e-06 1.36e-05 8.6e-06 8.55e-06 3.5e-06 8.8e-06 3.65e-06 6.75e-06 9.15e-06 1.035e-05 1.21e-05 1.185e-05 1.455e-05 1.235e-05 9.1e-06 6.85e-06 1.44e-05 6.8e-06 6.7e-06 1.47e-05 1.445e-05 1.23e-05 9.85e-06 7.65e-06 3.5e-06 1.395e-05 3.3e-06 8.9e-06 1.015e-05 6.8e-06 5.65e-06 1.165e-05 5.05e-06 3.5e-06 1.42e-05 9.1e-06 7.2e-06 3.45e-06 8.8e-06 7.05e-06 3.35e-06 3.45e-06 7.65e-06 8.55e-06 1.4e-05 1.49e-05 1.425e-05 1.375e-05 1.375e-05 8.6e-06 1.44e-05 1.27e-05 8.7e-06 9.65e-06 8.35e-06 8.85e-06 8.45e-06 9e-06 1.19e-05 3.4e-06 1.23e-05 3.5e-06 6.15e-06 3.85e-06 7.6e-06 1.165e-05 1.415e-05 1.22e-05 9.25e-06 8.95e-06
30 8.65e-06 8.75e-06 8.65e-06 8.9e-06 8.2e-06 9.3e-06 1.03e-05 1.075e-05 8.95e-06 9e-06 9.85e-06 8.35e-06 9.3e-06 1.055e-05 8.5e-06 1.14e-05 8.85e-06 8.85e-06 1.025e-05 9.05e-06 9.75e-06 9.65e-06 1.065e-05 8.3e-06 1.035e-05 9.3e-06 1.055e-05 8.2e-06 8.95e-06 9.45e-06 1.5e-05 1.27e-05 9.95e-06 1.085e-05 7.9e-06 1.005e-05 9.45e-06 8.55e-06 9.85e-06 1.03e-05 1.01e-05 1.01e-05 1.07e-05 8.9e-06 1.04e-05 8.25e-06 9.3e-06 8.45e-06 9.9e-06 8.6e-06 9.5e-06 9.2e-06 9.2e-06 8.75e-06 9.3e-06 1.13e-05 9.45e-06 9.75e-06 8.95e-06 8.5e-06 9.65e-06 1.015e-05 8.4e-06 7.8e-06 9.85e-06 8.8e-06 8.6e-06 9.25e-06 1.19e-05 8.45e-06 9.45e-06 7.75e-06 1.085e-05 9.85e-06 1.1e-05 8.25e-06 8.75e-06 1.15e-05 1.14e-05 9.1e-06 8.25e-06 9.5e-06 1.15e-05 7.75e-06 1.05e-05 8.65e-06 1.155e-05 8.2e-06 1.02e-05 9.2e-06 1.35e-05 9.3e-06 8.7e-06 7.85e-06 1.095e-05 1.01e-05 9.8e-06 8.6e-06 7.85e-06 1.02e-05
31 1.075e-05 1.1e-05 1.225e-05 1.095e-05 1.26e-05 1.245e-05 9e-06 1.18e-05 1.255e-05 1.31e-05 1.14e-05 1.24e-05 1.265e-05 9.8e-06 1.24e-05 1.43e-05 1.075e-05 1.295e-05 1.17e-05 1.045e-05 1.09e-05 1.46e-05 1.12e-05 1.235e-05 1.315e-05 1.075e-05 1.21e-05 1.12e-05 1.155e-05 1.36e-05 1.27e-05 1.53e-05 1.09e-05 1.225e-05 1.38e-05 1.135e-05 1.345e-05 1.26e-05 1.21e-05 1.29e-05 1.045e-05 1.105e-05 1.03e-05 1.11e-05 1.165e-05 1.245e-05 1.065e-05 1.195e-05 1.205e-05 1.08e-05 1.14e-05 1.075e-05 1.145e-05 1.305e-05 1.36e-05 9e-06 1.33e-05 1.15e-05 1.1e-05 1.225e-05 1.35e-05 1.235e-05 1.385e-05 1.37e-05 1.13e-05 1.24e-05 1.24e-05 1.355e-05 1.14e-05 1.235e-05 1.33e-05 1.365e-05 1.175e-05 1.14e-05 9.3e-06 1.105e-05 1.045e-05 1.02e-05 9e-06 1.225e-05 1.055e-05 1.135e-05 1.055e-05 1.26e-05 1.085e-05 1.19e-05 1.105e-05 1.225e-05 1.12e-05 1.35e-05 9.35e-06 1.36e-05 1.255e-05 1.39e-05 1.185e-05 1.11e-05 1.125e-05 1.07e-05 1.235e-05 1.185e-05
32 1.005e-05 8.2e-06 9.3e-06 1.19e-05 9.55e-06 1.255e-05 7.6e-06 8.8e-06 8.45e-06 9.7e-06 7.5e-06 9.7e-06 8.8e-06 9.9e-06 8e-06 1.095e-05 1.01e-05 9.55e-06 7.55e-06 1.18e-05 1.145e-05 9.3e-06 1.1e-05 9.65e-06 9.9e-06 9.85e-06 9.95e-06 1.05e-05 1.02e-05 8.6e-06 9.95e-06 1.09e-05 1.37e-05 1.075e-05 7.1e-06 7.7e-06 8.95e-06 7.7e-06 1.03e-05 1.14e-05 9.4e-06 9.55e-06 1.035e-05 1.01e-05 8e-06 7.8e-06 1.205e-05 7.8e-06 9.35e-06 1.21e-05 1.175e-05 1.015e-05 1.015e-05 9.15e-06 8.85e-06 1.325e-05 8.75e-06 7.75e-06 8.4e-06 7.8e-06 9.6e-06 1.095e-05 8.05e-06 7.2e-06 1.15e-05 9.45e-06 8.1e-06 8.8e-06 9.45e-06 7.95e-06 8.75e-06 7.15e-06 8.65e-06 7.5e-06 1.35e-05 1.23e-05 1.145e-05 9.55e-06 1.33e-05 9.05e-06 1.175e-05 1.095e-05 8.75e-06 1.01e-05 1.1e-05 9.45e-06 9.1e-06 9.55e-06 9.65e-06 8.75e-06 9.55e-06 8.85e-06 8.15e-06 7.45e-06 8.6e-06 9.55e-06 1.145e-05 1e-05 9.8e-06 1.115e-05
33 9.85e-06 8.85e-06 1.105e-05 1.135e-05 1.08e-05 1.145e-05 9.8e-06 1.115e-05 9.15e-06 1.085e-05 1.095e-05 1.055e-05 9.15e-06 1.155e-05 9.35e-06 8.75e-06 9.85e-06 1.07e-05 1.125e-05 1.085e-05 9.45e-06 1e-05 7.4e-06 1.05e-05 9.5e-06 1.05e-05 7.65e-06 1.03e-05 9.75e-06 8.55e-06 1.085e-05 1.225e-05 1.075e-05 1.4e-05 9.8e-06 1.095e-05 8.4e-06 9.5e-06 9.85e-06 1.075e-05 9.15e-06 8.85e-06 1.205e-05 1.025e-05 1.125e-05 9.35e-06 1.09e-05 8.8e-06 7.9e-06 1.12e-05 1.04e-05 9.9e-06 9.7e-06 1.055e-05 8.5e-06 1.21e-05 8.2e-06 1.075e-05 8.85e-06 9.1e-06 8.75e-06 9.85e-06 9.6e-06 9.6e-06 9.35e-06 1.12e-05 9.45e-06 8.45e-06 9.9e-06 9.3e-06 8.15e-06 9.55e-06 1.11e-05 1.095e-05 1.215e-05 1.14e-05 1.145e-05 9.6e-06 1.19e-05 8.65e-06 1.09e-05 1.165e-05 9.4e-06 1.08e-05 1.14e-05 1.005e-05 9.55e-06 1.04e-05 8.95e-06 8.4e-06 1.22e-05 8.5e-06 9.35e-06 9.9e-06 1.12e-05 8.85e-06 9.3e-06 9.8e-06 1.045e-05 9.1e-06
34 1.135e-05 7.55e-06 7.25e-06 1.385e-05 7.25e-06 1.195e-05 1.13e-05 6.75e-06 5.4e-06 6.15e-06 6.8e-06 7.65e-06 6.2e-06 1.345e-05 4.9e-06 7.45e-06 1.125e-05 6e-06 6.95e-06 1.42e-05 1.365e-05 4.7e-06 1.32e-05 7.6e-06 8.65e-06 1.1e-05 8e-06 1.18e-05 9.4e-06 3.5e-06 7.9e-06 1.38e-05 7.1e-06 9.8e-06 1.5e-06 6.85e-06 3.6e-06 4.85e-06 8.8e-06 1.045e-05 1.14e-05 1.08e-05 1.39e-05 1.115e-05 7.15e-06 4.85e-06 1.445e-05 5.5e-06 7.5e-06 1.45e-05 1.385e-05 1.165e-05 9.55e-06 4.85e-06 3.65e-06 1.425e-05 3.95e-06 7.35e-06 8.8e-06 5.25e-06 5.1e-06 9.55e-06 3.3e-06 1.3e-06 1.345e-05 7.4e-06 5.65e-06 3.6e-06 9.85e-06 4.85e-06 3.95e-06 1.25e-06 6.7e-06 6.8e-06 1.425e-05 1.45e-05 1.365e-05 1.31e-05 1.425e-05 6.85e-06 1.395e-05 1.105e-05 9.95e-06 7.9e-06 7.5e-06 8e-06 9.5e-06 7.5e-06 1.085e-05 3.55e-06 1.265e-05 3.65e-06 4.55e-06 1e-06 6.65e-06 1.06e-05 1.34e-05 1.13e-05 8.15e-06 1.04e-05
35 1.05e-05 8.35e-06 8.45e-06 1.24e-05 9.7e-06 1.27e-05 8.4e-06 8.6e-06 8.4e-06 9.2e-06 6.7e-06 9.85e-06 9.1e-06 9.45e-06 7.75e-06 1.1e-05 1.045e-05 9.05e-06 7e-06 1.25e-05 1.195e-05 9.3e-06 1.15e-05 9.8e-06 1.025e-05 9.2e-06 9.95e-06 1.095e-05 1.02e-05 8.8e-06 1.005e-05 1.135e-05 7.7e-06 1.095e-05 6.85e-06 1.27e-05 8.35e-06 8.2e-06 1.05e-05 1.18e-05 9e-06 9.1e-06 9.85e-06 1.06e-05 6.75e-06 7.95e-06 1.275e-05 8.2e-06 9.55e-06 1.275e-05 1.125e-05 1.085e-05 1.035e-05 8.3e-06 8.7e-06 1.365e-05 8.85e-06 7.85e-06 8.9e-06 8.2e-06 9.45e-06 1.025e-05 8.25e-06 7.25e-06 1.2e-05 8.6e-06 8.5e-06 8.65e-06 8.7e-06 7.7e-06 8.85e-06 7.2e-06 8.65e-06 6.7e-06 1.36e-05 1.275e-05 1.09e-05 9e-06 1.365e-05 8.8e-06 1.215e-05 9.85e-06 9.25e-06 9.8e-06 1.08e-05 1.005e-05 8.35e-06 9.7e-06 9.2e-06 8.6e-06 9.05e-06 8.7e-06 8.15e-06 6.85e-06 8.75e-06 8.95e-06 1.195e-05 1.045e-05 1.015e-05 1.155e-05
36 1.21e-05 8.95e-06 8.95e-06 1.44e-05 9.1e-06 1.175e-05 1.185e-05 7.8e-06 7.15e-06 8.2e-06 8.55e-06 9.15e-06 7.1e-06 1.39e-05 6.7e-06 5.5e-06 1.195e-05 8.05e-06 8.95e-06 1.42e-05 1.39e-05 5.6e-06 1.35e-05 9.1e-06 8.75e-06 1.19e-05 6.8e-06 1.255e-05 9.75e-06 3.65e-06 9.45e-06 1.345e-05 8.95e-06 8.4e-06 3.6e-06 8.35e-06 6.3e-06 7.1e-06 9.05e-06 1.025e-05 1.2e-05 1.17e-05 1.44e-05 1.22e-05 8.65e-06 6.85e-06 1.425e-05 7.05e-06 6.55e-06 1.455e-05 1.43e-05 1.215e-05 9.7e-06 7.15e-06 3.5e-06 1.38e-05 3.65e-06 8.95e-06 1e-05 7.05e-06 5.7e-06 1.13e-05 5.1e-06 3.9e-06 1.405e-05 9.1e-06 7.5e-06 3.45e-06 8.65e-06 6.65e-06 3.6e-06 3.85e-06 7.85e-06 8.55e-06 1.385e-05 1.475e-05 1.41e-05 1.36e-05 1.36e-05 8.2e-06 1.425e-05 1.245e-05 8.65e-06 9.25e-06 8.35e-06 9.1e-06 8.3e-06 9e-06 1.175e-05 3.4e-06 1.215e-05 3.5e-06 6.2e-06 3.6e-06 7.95e-06 1.15e-05 1.4e-05 1.205e-05 9.5e-06 8.85e-06
37 7.95e-06 4.9e-06 8.45e-06 1.11e-05 7.9e-06 1.205e-05 8.1e-06 8.9e-06 6.6e-06 8.05e-06 8e-06 8.3e-06 5.85e-06 1.125e-05 5.05e-06 9.5e-06 8.05e-06 7.9e-06 8.05e-06 1.145e-05 1.045e-05 7.45e-06 9.75e-06 8.25e-06 7.5e-06 8.35e-06 8.5e-06 8.55e-06 9.1e-06 6.75e-06 8.55e-06 1.26e-05 7.7e-06 9.5e-06 4.85e-06 8.2e-06 7.1e-06 9.2e-06 8.4e-06 1.065e-05 9.2e-06 8.1e-06 1.17e-05 7.75e-06 8.5e-06 4.85e-06 1.17e-05 5.55e-06 6.95e-06 1.175e-05 1.165e-05 8.4e-06 9.25e-06 6.9e-06 7e-06 1.3e-05 7.2e-06 7.95e-06 4.85e-06 5.15e-06 8.25e-06 9.3e-06 5.5e-06 5.25e-06 1.045e-05 8.6e-06 5.7e-06 6.95e-06 1.035e-05 5.15e-06 7.2e-06 5.2e-06 8.75e-06 8e-06 1.3e-05 1.175e-05 1.145e-05 1.065e-05 1.3e-05 7.2e-06 1.12e-05 1.01e-05 9.95e-06 8.7e-06 9.65e-06 8.55e-06 1e-05 8.15e-06 8e-06 6.9e-06 1.24e-05 7e-06 5.35e-06 5.2e-06 8.7e-06 7.95e-06 1.04e-05 8.05e-06 8.7e-06 1.035e-05
38 8.75e-06 7.7e-06 9.9e-06 1.015e-05 9.6e-06 9.05e-06 9.5e-06 1.1e-05 9.2e-06 1e-05 1.05e-05 9.55e-06 8.1e-06 1.11e-05 8.25e-06 1.005e-05 8.8e-06 9.85e-06 1.08e-05 1.015e-05 9.9e-06 9.75e-06 1.005e-05 9.5e-06 9e-06 9.3e-06 9.35e-06 9.05e-06 9.65e-06 9.15e-06 9.85e-06 1.21e-05 1.03e-05 9.85e-06 8.8e-06 1.05e-05 9.05e-06 8.4e-06 1.44e-05 1.045e-05 1.03e-05 9.65e-06 1.16e-05 8.95e-06 1.08e-05 8.25e-06 1.05e-05 8.3e-06 8.35e-06 1.05e-05 1.13e-05 8.95e-06 9.9e-06 9.45e-06 9.15e-06 1.14e-05 9.15e-06 1.03e-05 7.5e-06 8.35e-06 9.75e-06 1.07e-05 8.35e-06 8.95e-06 1.035e-05 1.005e-05 8.5e-06 9.1e-06 1.11e-05 8.05e-06 9.15e-06 8.9e-06 1.095e-05 1.05e-05 1.145e-05 1.04e-05 1.03e-05 1.135e-05 1.15e-05 9.1e-06 9.9e-06 1.04e-05 1.055e-05 9.8e-06 1.07e-05 9.7e-06 1.075e-05 9.4e-06 9.75e-06 9.05e-06 1.3e-05 9.15e-06 8.75e-06 8.9e-06 1.105e-05 9.7e-06 1.03e-05 8.55e-06 9.8e-06 9.95e-06
39 9.8e-06 1.02e-05 1.065e-05 9.55e-06 1.045e-05 1.035e-05 1.095e-05 1.245e-05 1.065e-05 1.1e-05 1.185e-05 9.75e-06 1.06e-05 1.1e-05 1.05e-05 9.5e-06 9.55e-06 1.085e-05 1.21e-05 8.8e-06 1e-05 9.65e-06 1.13e-05 9.7e-06 9.65e-06 1.06e-05 1.035e-05 1.025e-05 9.2e-06 1.035e-05 1.03e-05 1.29e-05 1.14e-05 1.075e-05 1.045e-05 1.18e-05 1.025e-05 1.065e-05 1.045e-05 1.61e-05 1.095e-05 1.135e-05 1.175e-05 1.04e-05 1.215e-05 1.05e-05 9.45e-06 9.95e-06 1.025e-05 9.4e-06 1.12e-05 9.8e-06 9.35e-06 1.1e-05 1.035e-05 1.09e-05 1e-05 1.15e-05 1.05e-05 1.025e-05 1.095e-05 1.175e-05 1.055e-05 1.025e-05 1.09e-05 1.08e-05 1.03e-05 1.03e-05 1.2e-05 1.045e-05 1e-05 1.02e-05 1.24e-05 1.185e-05 1.16e-05 9.4e-06 9.85e-06 1.235e-05 1.13e-05 1.065e-05 9.15e-06 1.105e-05 1.12e-05 1.025e-05 1.205e-05 9.45e-06 1.165e-05 9.6e-06 1.145e-05 1.025e-05 1.415e-05 1.035e-05 1.085e-05 1.055e-05 1.25e-05 1.135e-05 1.085e-05 9.75e-06 9.9e-06 9.6e-06
40 7.15e-06 7.15e-06 9.35e-06 7.9e-06 1.005e-05 1.14e-05 6.5e-06 1.19e-05 9.4e-06 1.09e-05 9.05e-06 9.55e-06 9.8e-06 6.95e-06 9.05e-06 1.28e-05 6.9e-06 1.075e-05 9.3e-06 7.6e-06 6.4e-06 1.22e-05 5.55e-06 9.5e-06 9.75e-06 6.85e-06 9.85e-06 7.6e-06 8.65e-06 1.21e-05 1.01e-05 1.045e-05 9.4e-06 9.15e-06 1.14e-05 9e-06 1.2e-05 9.2e-06 1.03e-05 1.095e-05 8.2e-06 5.5e-06 7.7e-06 7.55e-06 9.3e-06 9.1e-06 8.15e-06 8.4e-06 9.6e-06 8.05e-06 6.6e-06 7.4e-06 9.05e-06 1.045e-05 1.215e-05 1.085e-05 1.17e-05 9.35e-06 6.65e-06 8.75e-06 1.115e-05 8.5e-06 1.115e-05 1.12e-05 7.05e-06 9.5e-06 9.15e-06 1.21e-05 9.95e-06 9e-06 1.17e-05 1.115e-05 1.18e-05 9e-06 1.09e-05 7.95e-06 7.3e-06 6.2e-06 1.085e-05 8.25e-06 7.7e-06 8.2e-06 1e-05 1e-05 1.26e-05 9.4e-06 9.6e-06 9.4e-06 5.65e-06 1.205e-05 1.06e-05 1.215e-05 9.95e-06 1.155e-05 1.19e-05 5.55e-06 7e-06 7.1e-06 9.6e-06 1.04e-05
41 6.65e-06 5.7e-06 9.3e-06 8.55e-06 9.75e-06 1.19e-05 6.2e-06 1.2e-05 8.8e-06 1.05e-05 9.15e-06 9.85e-06 8.65e-06 8e-06 7.9e-06 1.285e-05 6.75e-06 1.035e-05 9.45e-06 8.6e-06 6.75e-06 1.19e-05 4.95e-06 9.8e-06 8.95e-06 6.35e-06 9.6e-06 7.1e-06 9.2e-06 1.185e-05 1.01e-05 1.105e-05 9.55e-06 8.85e-06 1.08e-05 9.1e-06 1.17e-05 8.1e-06 9.65e-06 1.135e-05 5.5e-06 8.9e-06 8.45e-06 6.75e-06 9.4e-06 7.95e-06 8.85e-06 7.8e-06 8.8e-06 8.9e-06 6.85e-06 6.95e-06 9.35e-06 9.7e-06 1.185e-05 1.14e-05 1.185e-05 9.8e-06 5e-06 8.05e-06 1.11e-05 7.75e-06 1.025e-05 1.1e-05 6.8e-06 9.45e-06 8.4e-06 1.18e-05 1.04e-05 7.85e-06 1.185e-05 1.095e-05 1.195e-05 9.15e-06 1.14e-05 8.9e-06 7.9e-06 6.3e-06 1.14e-05 7.65e-06 8.35e-06 8.05e-06 1.045e-05 1e-05 1.245e-05 9.9e-06 1.005e-05 9.7e-06 4.75e-06 1.175e-05 1.145e-05 1.185e-05 8.95e-06 1.09e-05 1.205e-05 4.7e-06 6.75e-06 6.6e-06 1.005e-05 1.08e-05
42 7.9e-06 9.6e-06 1.01e-05 7.5e-06 1.09e-05 1.085e-05 7.45e-06 1.28e-05 1.215e-05 1.23e-05 9.95e-06 1.075e-05 1.225e-05 6.6e-06 1.15e-05 1.505e-05 8.1e-06 1.215e-05 1.02e-05 7.4e-06 8.1e-06 1.45e-05 9e-06 1.07e-05 1.205e-05 7.6e-06 1.255e-05 8.2e-06 9.8e-06 1.455e-05 1.07e-05 1.03e-05 1.035e-05 1.205e-05 1.39e-05 9.85e-06 1.44e-05 1.17e-05 1.16e-05 1.175e-05 7.7e-06 8.45e-06 1.17e-05 8.4e-06 9.8e-06 1.155e-05 7.65e-06 1.105e-05 1.2e-05 7.4e-06 7.7e-06 8.45e-06 1.005e-05 1.235e-05 1.455e-05 1.075e-05 1.425e-05 1.045e-05 9.1e-06 1.135e-05 1.42e-05 1.09e-05 1.36e-05 1.38e-05 8.45e-06 1.025e-05 1.135e-05 1.45e-05 1.04e-05 1.145e-05 1.425e-05 1.375e-05 1.275e-05 9.95e-06 9.95e-06 7.3e-06 6.35e-06 7.55e-06 1.085e-05 1.12e-05 6.2e-06 8.4e-06 1.085e-05 1.06e-05 1.4e-05 1.06e-05 1.045e-05 1.06e-05 8.6e-06 1.445e-05 9.65e-06 1.455e-05 1.24e-05 1.4e-05 1.285e-05 8.5e-06 8.4e-06 7.85e-06 1.035e-05 1.14e-05
