 slim_337493392 slim_337493557 slim_337493524 slim_337493511 slim_337493455 slim_337493310 slim_337493489 slim_337493480 slim_337493222 slim_337493542 slim_337493468 slim_337493335 slim_337493561 slim_337493203 slim_337493399 slim_337493536 slim_337493239 slim_337493499 slim_337493400 slim_337493530 slim_337493325 slim_337493398 slim_337493518 slim_337493519 slim_337493559 slim_337493565 slim_337493532 slim_337493421 slim_337493495 slim_337493567 slim_337493507 slim_337493537 slim_337493266 slim_337493471 slim_337493402 slim_337493482 slim_337493356 slim_337493330 slim_337493311 slim_337493556 slim_337493539 slim_337493281 slim_337493404 slim_337493457 slim_337493501 slim_337493547 slim_337493508 slim_337493533 slim_337493568 slim_337493564 slim_337493473 slim_337493549 slim_337493553 slim_337493545 slim_337493466 slim_337493478 slim_337493492 slim_337493554 slim_337493329 slim_337493154 slim_337493563 slim_337493384 slim_337493258 slim_337493484 slim_337493443 slim_337493415 slim_337493531 slim_337493467 slim_337493494 slim_337493458 slim_337493359 slim_337493417 slim_337493401 slim_337493569 slim_337493462 slim_337493552 slim_337493520 slim_337493509 slim_337493118 slim_337493137 slim_337493523 slim_337493500 slim_337493430 slim_337493376 slim_337493516 slim_337493456 slim_337493522 slim_337493324 slim_337493558 slim_337493461 slim_337493031 slim_337493445 slim_337493343 slim_337493487 slim_337493551 slim_337493504 slim_337493560 slim_337493544 slim_337493566 slim_337493548
0 0.0005408 0.00036795 0.0002894 0.00048885 0.0003674 0.00041745 0.0003563 0.00053985 0.0004339 0.00029055 0.0003611 0.00046015 0.0004761 0.0004122 0.0003181 0.00027135 0.0004409 0.0002712 0.0003189 0.0002953 0.0003676 0.00032575 0.0003355 0.00046615 0.0003088 0.00040445 0.0004458 0.0004968 0.0003289 0.00035585 0.0003515 0.0003082 0.0004552 0.00036085 0.00035825 0.00048685 0.00031975 0.0004043 0.0003267 0.0004212 0.00036115 0.0004121 0.0004502 0.0004181 0.00027055 0.0004601 0.00040445 0.00036785 0.00035695 0.0003618 0.0003675 0.0003676 0.00042755 0.00027055 0.00042755 0.0002711 0.0002895 0.00027175 0.00032315 0.0002803 0.00032755 0.0003089 0.0003747 0.000281 0.0002713 0.00036205 0.00046625 0.000281 0.00035915 0.00029865 0.00040425 0.0004031 0.00039925 0.00028055 0.000384 0.00051965 0.0003446 0.00036765 0.00046585 0.00029035 0.00045525 0.00031955 0.0003748 0.0003383 0.0003087 0.0004092 0.00057445 0.00031685 0.00036185 0.000368 0.00045515 0.00045545 0.0003627 0.00040175 0.00034455 0.00053985 0.00045845 0.00035765 0.00031955 0.0003197
1 0.00036795 0.0006542 0.00034375 0.00048255 0.0004313 0.00040805 0.0003388 0.00042645 0.00042135 0.00035515 0.00042405 0.000424 0.0004942 0.0003726 0.00038235 0.00032815 0.0003503 0.00032775 0.00037965 0.00038935 0.0004316 0.00037965 0.0003933 0.0004598 0.00036865 0.0003911 0.00043295 0.0003834 0.0003932 0.0003791 0.00041055 0.0004088 0.0004489 0.0004237 0.0004183 0.0003962 0.0003795 0.00039095 0.0003844 0.0004323 0.0004241 0.0003725 0.00043695 0.00040825 0.0003283 0.000424 0.0003911 0.0004318 0.00042095 0.00045525 0.00044825 0.00043145 0.0004215 0.0003283 0.0004425 0.00032765 0.00034365 0.00032805 0.00041705 0.0003414 0.00042095 0.00036875 0.0003909 0.0003411 0.0003274 0.00045565 0.0004599 0.00034105 0.00037765 0.0003862 0.0003908 0.00041185 0.00038245 0.0003416 0.00039925 0.00046055 0.00035965 0.0004315 0.00042895 0.00035495 0.00044895 0.0003799 0.000391 0.000422 0.00040155 0.00037165 0.00052225 0.0004043 0.0004553 0.000432 0.00044885 0.00044915 0.00034625 0.0003852 0.0003596 0.00042645 0.00044915 0.00041835 0.00038005 0.0003794
2 0.0002894 0.00034375 0.0005147 0.00047965 0.00033855 0.00042 0.0003367 0.00051105 0.00042175 0.0002618 0.0003416 0.0004281 0.0004374 0.00038745 0.0002842 0.00025765 0.00041535 0.0002581 0.0002982 0.0002944 0.00033915 0.000298 0.00030045 0.0004606 0.0002841 0.00037725 0.0004172 0.0004664 0.0003003 0.00036815 0.00034145 0.0003154 0.000446 0.00034135 0.00033905 0.00045965 0.0002987 0.0003771 0.00028415 0.00043125 0.00034165 0.00038735 0.0004216 0.00041965 0.0002582 0.00042825 0.00037725 0.0003392 0.00032465 0.00035905 0.00035565 0.00033895 0.00042185 0.0002582 0.000397 0.000258 0.0002577 0.0002578 0.0003205 0.0002596 0.0003248 0.0002842 0.00037705 0.0002598 0.0002579 0.0003595 0.0004607 0.0002598 0.00032075 0.00028925 0.00037705 0.0003576 0.00038095 0.0002599 0.00039245 0.00048445 0.0003142 0.000339 0.0004399 0.0002616 0.00044605 0.000298 0.00037715 0.0003373 0.00031555 0.00038675 0.00055885 0.00030385 0.0003591 0.00033955 0.00044595 0.00044625 0.0003455 0.00038105 0.00031415 0.00051105 0.00044625 0.0003364 0.0002982 0.00029845
3 0.00048885 0.00048255 0.00047965 0.0004136 0.0002835 0.00044025 0.000646 0.0005661 0.0002492 0.00029175 0.00044795 0.00042405 0.0003223 0.0006194 0.00041975 0.00067345 0.0006192 0.0006732 0.00047855 0.00046145 0.000284 0.00047865 0.0002878 0.00024555 0.00044035 0.0004515 0.00027005 0.000592 0.0002877 0.0004618 0.0004833 0.000256 0.0002074 0.00044805 0.00031925 0.00043375 0.0004785 0.00045135 0.0003231 0.0004099 0.000448 0.0006193 0.00026625 0.00044045 0.00067365 0.00042435 0.0004515 0.00028395 0.00024585 0.0002456 0.0002837 0.000284 0.00024935 0.00067365 0.00051735 0.0006731 0.00055605 0.00067345 0.00024945 0.0004824 0.0002456 0.00044045 0.00045135 0.00048215 0.0006728 0.000246 0.00024565 0.00048215 0.00034045 0.0003648 0.0004516 0.00030825 0.0006206 0.0004826 0.0004372 0.00032655 0.0005351 0.00028405 0.00043005 0.00029155 0.00020745 0.0004789 0.00045145 0.0003509 0.00027335 0.00045225 0.000284 0.00027715 0.0002458 0.0002844 0.00020735 0.00020765 0.0004826 0.00046095 0.00053505 0.0005661 0.00020765 0.00046485 0.0004789 0.00047815
4 0.0003674 0.0004313 0.00033855 0.0002835 8e-07 0.00053335 0.00062815 0.00064675 0.0002905 7.895e-05 0.00021255 0.0003341 0.0001517 0.0006228 0.0003252 0.00057725 0.0006799 0.0005769 0.0002889 0.00032425 2.5e-06 0.00029605 4.715e-05 0.000246 0.00036275 0.0003403 0.00021285 0.00067385 4.055e-05 0.0004188 0.0002887 0.00015325 0.0003192 0.00021315 7.785e-05 0.00054685 0.00028955 0.0003402 0.0002007 0.00043205 0.0002126 0.0006227 0.00020835 0.00053355 0.00057745 0.0003351 0.0003403 1.65e-06 7.495e-05 0.00010975 1.835e-05 2.3e-06 0.00028415 0.00057745 0.0004401 0.0005768 0.00041495 0.00057715 0.00014815 0.0003279 0.0001435 0.00036285 0.00040895 0.00032755 0.0005765 0.0001102 0.0002461 0.00032755 0.00022685 0.00019495 0.000341 0.0001228 0.00060165 0.0003281 0.0004568 0.0003047 0.0004787 2.35e-06 0.0004414 7.875e-05 0.00031925 0.00028985 0.00040905 0.0001911 0.0001562 0.00035525 0.00039605 0.00014225 0.0001098 2.9e-06 0.00031915 0.00031945 0.0004418 0.0004956 0.00047865 0.00064675 0.00032245 0.00024165 0.00029005 0.0002884
5 0.00041745 0.00040805 0.00042 0.00044025 0.00053335 0.0007541 0.00037805 0.0004491 0.0004209 0.000465 0.0005247 0.0004866 0.00057355 0.00040895 0.0004226 0.0003777 0.00037815 0.00037765 0.0004552 0.000438 0.00053365 0.0004556 0.0004992 0.0004555 0.000406 0.00045605 0.0004719 0.0004089 0.00049915 0.00041815 0.00049025 0.00044595 0.0004056 0.0005245 0.0004994 0.00039445 0.0004559 0.0004559 0.00044775 0.00043425 0.00052475 0.00040885 0.00047225 0.00037765 0.00037725 0.0004866 0.00045605 0.00053385 0.000484 0.00048375 0.0005335 0.00053365 0.0004211 0.00037725 0.00049535 0.00037755 0.00041975 0.00037815 0.0004496 0.0004209 0.0004498 0.0004061 0.0004215 0.00042135 0.0003775 0.0004842 0.0004556 0.00042135 0.0004564 0.000463 0.0004559 0.000514 0.0004183 0.0004211 0.0004036 0.00051105 0.00041275 0.0005337 0.0004629 0.0004648 0.00040565 0.00045585 0.0004216 0.00046005 0.0004469 0.0004768 0.0004952 0.0004564 0.000484 0.00053405 0.00040555 0.00040585 0.000393 0.00039405 0.0004127 0.0004491 0.00040585 0.00049015 0.00045585 0.0004558
6 0.0003563 0.0003388 0.0003367 0.000646 0.00062815 0.00037805 0.0002135 0.0003383 0.0006064 0.000552 0.00050305 0.00048595 0.0007055 0.00022595 0.0003588 0.0001078 0.0001068 0.00010745 0.0003679 0.000381 0.00062875 0.00037445 0.00059675 0.00063855 0.0003417 0.0003678 0.00058895 0.00022515 0.0005902 0.0003558 0.00045415 0.0005906 0.00061235 0.0005028 0.0005799 0.000332 0.00036795 0.00036765 0.0004941 0.00046875 0.0005031 0.00022585 0.0005931 0.00037825 0.000108 0.0004861 0.00036775 0.0006288 0.00060265 0.00063705 0.00064525 0.00062855 0.0006001 0.000108 0.0004452 0.00010735 0.0002599 0.00010765 0.00059885 0.0003297 0.0006028 0.0003418 0.0003676 0.0003293 0.000107 0.0006375 0.00063865 0.00032935 0.00051075 0.00051115 0.00036755 0.00062835 0.0002206 0.0003299 0.00036905 0.00064615 0.00028405 0.0006286 0.0004897 0.0005518 0.0006124 0.00036825 0.0003676 0.00052775 0.0005915 0.000474 0.0007153 0.0005917 0.0006371 0.00062915 0.0006123 0.0006126 0.0003088 0.0003326 0.000284 0.0003383 0.0006156 0.00041655 0.00036845 0.0003677
7 0.00053985 0.00042645 0.00051105 0.0005661 0.00064675 0.0004491 0.0003383 0.0001049 0.0005121 0.0005708 0.00048395 0.00034975 0.0006935 0.0002487 0.00052365 0.0004443 0.00023255 0.00044425 0.00054545 0.00053785 0.00064735 0.00054555 0.00060895 0.00055065 0.0005276 0.00043995 0.00052385 0.00014255 0.0006089 0.00043405 0.0004898 0.0006232 0.00053245 0.0004837 0.00065325 0.0003204 0.0005458 0.0004398 0.0005186 0.0003743 0.000484 0.0002486 0.0005279 0.0004493 0.0004445 0.0003499 0.00043995 0.0006474 0.00062925 0.00066355 0.00066385 0.00064715 0.0005123 0.0004445 0.00059215 0.00044415 0.00043535 0.0004445 0.00062545 0.00050735 0.0006293 0.0005277 0.0004397 0.0005073 0.00044385 0.000664 0.00055075 0.0005073 0.0005 0.00052775 0.00043975 0.00059455 0.0002486 0.00050755 0.0004643 0.0005422 0.00043225 0.0006472 0.00036425 0.0005706 0.0005325 0.0005458 0.0004398 0.00066225 0.0006333 0.0003647 0.0005968 0.000619 0.0006636 0.00064775 0.0005324 0.0005327 0.0003944 0.00042635 0.0004322 5.255e-05 0.0005327 0.0005933 0.000546 0.00054555
8 0.0004339 0.00042135 0.00042175 0.0002492 0.0002905 0.0004209 0.0006064 0.0005121 0.0004154 0.00022155 0.00042075 0.0003975 0.00033235 0.00056935 0.00040685 0.00063385 0.0005796 0.0006336 0.0004621 0.0004068 0.0002907 0.00045575 0.00024925 0.00024935 0.0004274 0.00043535 0.0002719 0.00054195 0.00025595 0.00040685 0.0004622 0.0002277 0.0002147 0.0004205 0.0003324 0.0004169 0.00046205 0.0004352 0.00029205 0.00037965 0.0004208 0.00056925 0.00027255 0.0004211 0.00063405 0.00039745 0.00043535 0.00029095 0.00025635 0.0002559 0.0002906 0.0002907 0.0002147 0.00063405 0.0005039 0.0006335 0.00049835 0.00063385 0.0002215 0.0004275 0.00022195 0.0004275 0.0004008 0.00042725 0.0006332 0.00025635 0.0002494 0.00042725 0.0002938 0.0002918 0.00043515 0.0002678 0.00057705 0.0004277 0.00041095 0.00029785 0.0005 0.00029075 0.00039565 0.00022135 0.00021475 0.00046245 0.0004009 0.00033875 0.0002318 0.00037995 0.0002908 0.00022265 0.00025615 0.0002911 0.00021465 0.00021495 0.0004277 0.0004441 0.00049995 0.0005121 0.00021195 0.00048655 0.00046245 0.000462
9 0.00029055 0.00035515 0.0002618 0.00029175 7.895e-05 0.000465 0.000552 0.0005708 0.00022155 5e-07 0.0002212 0.00033545 0.0001959 0.00054675 0.00025675 0.0005012 0.00060385 0.00050075 0.00029 0.000248 7.945e-05 0.0002965 4.7e-05 0.00025415 0.000294 0.0003417 0.0002034 0.0005978 3.98e-05 0.00034195 0.00029705 8.38e-05 0.00025825 0.0002209 0.0001554 0.0004708 0.0002899 0.00034155 0.00013195 0.0003637 0.00022125 0.00054665 0.0002087 0.0004652 0.0005014 0.00033555 0.0003417 7.955e-05 8.37e-05 0.0001179 9.6e-05 7.925e-05 0.0002146 0.0005014 0.0004069 0.00050065 0.0003388 0.000501 7.9e-05 0.00025105 8.355e-05 0.0002941 0.0003415 0.00025015 0.00050035 0.00011835 0.00025425 0.0002502 0.0001577 0.000118 0.00034145 0.00012445 0.0005257 0.0002508 0.00038845 0.0002711 0.00040265 7.93e-05 0.00037265 2.5e-07 0.0002583 0.0002903 0.0003416 0.00020095 8.66e-05 0.0002865 0.00037055 7.35e-05 0.00011795 7.985e-05 0.0002582 0.0002585 0.00036525 0.00041955 0.0004026 0.0005708 0.0002615 0.0003184 0.0002905 0.0002897
10 0.0003611 0.00042405 0.0003416 0.00044795 0.00021255 0.0005247 0.00050305 0.00048395 0.00042075 0.0002212 0.0004249 0.0003658 0.0003497 0.0004807 0.0003486 0.0004417 0.00056505 0.0004414 0.00032715 0.0003491 0.00021365 0.0003338 0.0002238 0.00041075 0.00036495 0.00038895 0.0003778 0.00054215 0.00021725 0.0004229 0.0002675 0.00028465 0.00044825 0.00021285 0.0002681 0.0005494 0.00032745 0.0003888 0.000266 0.00040635 0.00021255 0.0004806 0.0003738 0.0005249 0.0004418 0.0003664 0.00038895 0.0002133 0.00025085 0.00028535 0.00022985 0.00021345 0.00041445 0.0004418 0.0004643 0.0004413 0.00034255 0.00044165 0.0002893 0.0003312 0.00028525 0.00036505 0.0004233 0.000331 0.0004411 0.0002858 0.00041085 0.000331 0.00029045 0.0002615 0.00038915 0.00029215 0.0004453 0.0003314 0.00044795 0.00045705 0.0004043 0.0002135 0.0003955 0.000221 0.0004483 0.0003276 0.0004234 0.0003387 0.0002759 0.0003098 0.00054725 0.0002756 0.0002854 0.00021405 0.0004482 0.0004485 0.00043425 0.00048775 0.00040425 0.00048395 0.0004515 0.00032295 0.0003278 0.0003268
11 0.00046015 0.000424 0.0004281 0.00042405 0.0003341 0.0004866 0.00048595 0.00034975 0.0003975 0.00033545 0.0003658 0.000668 0.0004216 0.00042395 0.0004309 0.00051325 0.000459 0.00051315 0.00042375 0.0004376 0.0003353 0.000424 0.0003353 0.00039765 0.00045175 0.0003967 0.00037895 0.00039655 0.0003352 0.0004331 0.00040615 0.00039875 0.0004252 0.00036605 0.0003752 0.0004404 0.0004242 0.00039655 0.0003664 0.0004048 0.00036585 0.00042385 0.0003787 0.0004868 0.00051345 0.00033465 0.0003967 0.0003349 0.0003625 0.0003972 0.00035145 0.0003351 0.00039765 0.00051345 0.00051125 0.00051305 0.0004279 0.0005134 0.00039745 0.00042415 0.0003971 0.00045185 0.00043105 0.00042405 0.00051275 0.00039765 0.00039775 0.00042405 0.00036215 0.00036815 0.00039695 0.00035445 0.0004395 0.00042435 0.0004673 0.0004226 0.0004502 0.00033515 0.00040935 0.00033525 0.00042525 0.00042425 0.00043115 0.0004336 0.0004054 0.0003662 0.00048445 0.00038805 0.00039725 0.0003357 0.00042515 0.00042545 0.0004247 0.0004676 0.00045015 0.00034975 0.00042545 0.00042425 0.00042445 0.0004235
12 0.0004761 0.0004942 0.0004374 0.0003223 0.0001517 0.00057355 0.0007055 0.0006935 0.00033235 0.0001959 0.0003497 0.0004216 0.0003027 0.0006852 0.0004117 0.0006779 0.00073375 0.00067765 0.000415 0.00043325 0.00015265 0.000415 0.0001742 0.00031095 0.00044915 0.00044275 0.0002764 0.00071285 0.0001741 0.0005041 0.0004256 0.0002476 0.00034505 0.00034995 0.0002281 0.00056625 0.00041505 0.0004426 0.0002852 0.0005002 0.00034975 0.0006851 0.00027585 0.00057375 0.0006781 0.00042225 0.00044275 0.00015225 0.0001864 0.0002208 0.0001688 0.00015245 0.0003325 0.0006781 0.00041475 0.00067755 0.0005138 0.0006779 0.0002426 0.0004367 0.0002421 0.00044925 0.0004984 0.00043645 0.00067725 0.00022125 0.00031105 0.00043645 0.000275 0.00030195 0.000443 0.0001846 0.00068665 0.0004369 0.0005212 0.0002639 0.00051505 0.0001525 0.000473 0.0001957 0.0003451 0.00041525 0.0004985 0.00032115 0.00025215 0.00042945 0.00031025 0.0002385 0.00022085 0.00015305 0.000345 0.0003453 0.000527 0.0005384 0.000515 0.0006935 0.0003453 0.00038355 0.00041545 0.00041435
13 0.0004122 0.0003726 0.00038745 0.0006194 0.0006228 0.00040895 0.00022595 0.0002487 0.00056935 0.00054675 0.0004807 0.00042395 0.0006852 0.0004496 0.0004191 0.0002251 0.0002259 0.0002258 0.00042405 0.00043745 0.0006235 0.0004239 0.000585 0.000608 0.00040245 0.00042465 0.00058105 0.0002254 0.00058495 0.0004125 0.00044495 0.00058885 0.0005856 0.0004805 0.00058775 0.0003863 0.00042485 0.0004245 0.0004877 0.00043165 0.00048075 0.0002248 0.00058515 0.0004086 0.00022565 0.00042415 0.00042465 0.0006235 0.00060115 0.00063575 0.00063995 0.0006233 0.00056955 0.00022565 0.0004864 0.0002257 0.0003106 0.0002255 0.00059755 0.0003859 0.0006015 0.00040255 0.00042445 0.00038625 0.0002256 0.0006362 0.0006081 0.00038625 0.0004903 0.00050095 0.0004245 0.00059515 0.0002486 0.0003861 0.0004322 0.00061895 0.00032525 0.00062335 0.00044215 0.00054655 0.00058565 0.0004239 0.00042455 0.0005665 0.0005925 0.0004286 0.00066975 0.0005875 0.0006358 0.0006239 0.00058555 0.00058585 0.00035825 0.00038615 0.0003252 0.0002487 0.00058585 0.0004725 0.0004241 0.00042455
14 0.0003181 0.00038235 0.0002842 0.00041975 0.0003252 0.0004226 0.0003588 0.00052365 0.00040685 0.00025675 0.0003486 0.0004309 0.0004117 0.0004191 0.0004498 0.000301 0.0004166 0.000301 0.00031295 0.0002753 0.000326 0.0003198 0.0002978 0.0004352 0.00026295 0.0003712 0.0003943 0.0004765 0.0002912 0.00037605 0.00038005 0.00028005 0.00038455 0.00034845 0.0003574 0.0004399 0.0003136 0.00037105 0.00024545 0.00042675 0.00034865 0.000419 0.00039475 0.000423 0.00030105 0.00043115 0.0003712 0.00032595 0.00027535 0.0003102 0.0003424 0.0003258 0.0004005 0.00030105 0.0003994 0.0003009 0.0002838 0.00030145 0.0002757 0.0002786 0.0002759 0.00026305 0.00037105 0.00027875 0.00030055 0.00031045 0.0004353 0.00027875 0.000294 0.0002907 0.0003711 0.0003614 0.00040625 0.0002788 0.00038555 0.00047935 0.0003165 0.00032585 0.00043965 0.00025655 0.0003846 0.0003136 0.00037115 0.0003384 0.0003055 0.00041755 0.000521 0.00028935 0.00031005 0.0003264 0.0003845 0.0003848 0.00038105 0.00038205 0.00031645 0.00052365 0.0003878 0.00034835 0.0003138 0.00031325
15 0.00027135 0.00032815 0.00025765 0.00067345 0.00057725 0.0003777 0.0001078 0.0004443 0.00063385 0.0005012 0.0004417 0.00051325 0.0006779 0.0002251 0.000301 2.1e-06 0.00021335 1.85e-06 0.0002892 0.00032335 0.00057795 0.0002957 0.0005459 0.00066605 0.0002638 0.0003956 0.00061655 0.0003312 0.0005394 0.00037745 0.0003656 0.0005333 0.00063965 0.0004415 0.00050185 0.0004383 0.0002902 0.00039545 0.00044295 0.0004855 0.00044175 0.000225 0.00062065 0.00037755 1.5e-06 0.00051345 0.0003956 0.00057795 0.0005516 0.0005862 0.0005944 0.00057775 0.0006276 1.5e-06 0.0003898 1.75e-06 0.00018075 1.75e-06 0.000548 0.00025105 0.00055195 0.0002639 0.0003954 0.0002516 1.6e-06 0.00058665 0.00066615 0.0002516 0.00048265 0.0004602 0.00039545 0.00060345 0.00022025 0.00025125 0.00038635 0.0006968 0.0002283 0.0005778 0.00050675 0.000501 0.0006397 0.00028925 0.0003955 0.00045615 0.00053015 0.0004798 0.00076605 0.0005408 0.00058625 0.00057835 0.0006396 0.0006399 0.00030855 0.0003323 0.00022825 0.0004443 0.0006429 0.00033785 0.00028945 0.0002899
16 0.0004409 0.0003503 0.00041535 0.0006192 0.0006799 0.00037815 0.0001068 0.00023255 0.0005796 0.00060385 0.00056505 0.000459 0.00073375 0.0002259 0.0004166 0.00021335 2e-07 0.0002135 0.00044655 0.00043895 0.0006806 0.00045315 0.00064855 0.0006118 0.00042075 0.0003403 0.0005622 0.000119 0.00064205 0.00033435 0.0005431 0.00064815 0.0005854 0.00056485 0.00065865 0.000226 0.00044715 0.00034015 0.00054535 0.00045205 0.0005651 0.0002258 0.00056635 0.00037835 0.00021355 0.0004592 0.0003403 0.0006806 0.00065425 0.00068885 0.00069705 0.0006804 0.00057335 0.00021355 0.00050035 0.0002134 0.0003382 0.00021375 0.00065065 0.0004084 0.0006546 0.00042085 0.0003401 0.00040855 0.0002131 0.0006893 0.0006119 0.00040855 0.00053875 0.0005626 0.00034015 0.0006535 0.00022045 0.0004086 0.00035175 0.00059565 0.0003391 0.00068045 0.0004732 0.00060365 0.00058545 0.00044695 0.0003402 0.0006002 0.0006535 0.00046835 0.000665 0.00064345 0.0006889 0.000681 0.00058535 0.00058565 0.0003089 0.0003327 0.00033905 0.00023255 0.00058865 0.00049545 0.00044715 0.00044685
17 0.0002712 0.00032775 0.0002581 0.0006732 0.0005769 0.00037765 0.00010745 0.00044425 0.0006336 0.00050075 0.0004414 0.00051315 0.00067765 0.0002258 0.000301 1.85e-06 0.0002135 2.4e-06 0.00028905 0.0003232 0.0005775 0.00029585 0.0005455 0.00066575 0.00026335 0.0003955 0.0006162 0.00033135 0.00053895 0.00037735 0.00036545 0.0005331 0.00063955 0.00044115 0.0005016 0.00043825 0.0002895 0.00039535 0.00044295 0.0004855 0.00044145 0.0002257 0.0006203 0.0003781 1.55e-06 0.0005133 0.0003955 0.00057755 0.0005514 0.0005858 0.000594 0.0005773 0.0006273 1.55e-06 0.00038955 1.3e-06 0.0001814 1.95e-06 0.0005476 0.00025085 0.00055155 0.00026345 0.0003953 0.00025095 1.3e-06 0.00058625 0.00066585 0.0002509 0.00048255 0.00046 0.0003953 0.0006034 0.00022075 0.00025105 0.00038635 0.0006968 0.00022825 0.00057735 0.0005065 0.00050055 0.0006396 0.00028965 0.0003954 0.0004558 0.00052985 0.00047975 0.0007659 0.00054045 0.00058585 0.0005779 0.0006395 0.0006398 0.00030835 0.00033225 0.0002282 0.00044425 0.0006428 0.00033795 0.00028985 0.00028925
18 0.0003189 0.00037965 0.0002982 0.00047855 0.0002889 0.0004552 0.0003679 0.00054545 0.0004621 0.00029 0.00032715 0.00042375 0.000415 0.00042405 0.00031295 0.0002892 0.00044655 0.00028905 0.0005771 0.00032365 0.00029045 0.000296 0.0002966 0.0004561 0.0003132 0.00036805 0.0004147 0.00050245 0.00029005 0.0003979 0.0003272 0.00034305 0.00047935 0.00032735 0.0002901 0.0004925 0.00028995 0.0003679 0.00032175 0.00045865 0.0003272 0.00042395 0.00041455 0.00045565 0.0002889 0.00042435 0.00036805 0.00029005 0.00031335 0.00034805 0.0003066 0.00029025 0.0004558 0.0002889 0.00041475 0.00028885 0.00029795 0.00028955 0.000348 0.00028915 0.00034765 0.0003133 0.0004021 0.0002895 0.0002889 0.0003485 0.0004562 0.0002895 0.0003546 0.0003275 0.0003683 0.0003632 0.00041105 0.00028935 0.00042145 0.0005008 0.0003531 0.0002903 0.00047395 0.0002898 0.0004794 0.0002898 0.0004022 0.0003237 0.00034305 0.0004174 0.0005811 0.00034145 0.0003481 0.00029085 0.0004793 0.0004796 0.00037485 0.00041365 0.00035305 0.00054545 0.0004826 0.0002901 0.00029 0.00028925
19 0.0002953 0.00038935 0.0002944 0.00046145 0.00032425 0.000438 0.000381 0.00053785 0.0004068 0.000248 0.0003491 0.0004376 0.00043325 0.00043745 0.0002753 0.00032335 0.00043895 0.0003232 0.00032365 0.0004945 0.00032465 0.0003305 0.00029285 0.00043875 0.00031315 0.0003819 0.0004235 0.00049485 0.00028615 0.00035325 0.0003867 0.00028525 0.00042795 0.00034895 0.0003624 0.00048495 0.00032395 0.00038175 0.00028415 0.0004248 0.00034915 0.00043735 0.00042795 0.0004384 0.0003234 0.00043765 0.0003819 0.0003248 0.00031405 0.00031405 0.00032445 0.00032465 0.00040035 0.0003234 0.0004326 0.0003231 0.0002945 0.00032365 0.00027565 0.0002852 0.0002799 0.00031325 0.0003474 0.0002854 0.00032275 0.0003143 0.00043885 0.0002854 0.0003168 0.00025625 0.0003818 0.0003605 0.00042445 0.0002856 0.0003876 0.0004974 0.0003498 0.0003247 0.0004745 0.0002478 0.000428 0.0003243 0.0003475 0.000318 0.000292 0.0004145 0.00054725 0.00026935 0.0003141 0.00032505 0.0004279 0.0004282 0.0003881 0.0004271 0.00034975 0.00053785 0.0004312 0.00036225 0.0003243 0.0003238
20 0.0003676 0.0004316 0.00033915 0.000284 2.5e-06 0.00053365 0.00062875 0.00064735 0.0002907 7.945e-05 0.00021365 0.0003353 0.00015265 0.0006235 0.000326 0.00057795 0.0006806 0.0005775 0.00029045 0.00032465 4e-07 0.00029615 4.63e-05 0.00024485 0.00036335 0.00034155 0.0002125 0.00067455 3.97e-05 0.000419 0.0002896 0.00015345 0.0003195 0.00021315 7.735e-05 0.00054745 0.00028865 0.0003414 0.0002014 0.00043235 0.0002137 0.0006234 0.00020745 0.00053385 0.00057815 0.00033435 0.00034155 1.4e-06 7.615e-05 0.00010945 1.745e-05 9e-07 0.00028435 0.00057815 0.00044055 0.0005774 0.00041565 0.00057775 0.00014835 0.0003285 0.00014335 0.00036345 0.00040925 0.00032805 0.0005771 0.000109 0.0002449 0.00032805 0.00022755 0.00019515 0.0003411 0.000124 0.00060225 0.0003287 0.0004571 0.00030515 0.0004794 9.5e-07 0.0004419 7.925e-05 0.00031955 0.00028995 0.00040935 0.000192 0.0001564 0.00035555 0.0003961 0.00014245 0.0001095 6e-07 0.00031945 0.00031975 0.0004424 0.0004962 0.00047935 0.00064735 0.00032275 0.00024115 0.0002893 0.00028955
21 0.00032575 0.00037965 0.000298 0.00047865 0.00029605 0.0004556 0.00037445 0.00054555 0.00045575 0.0002965 0.0003338 0.000424 0.000415 0.0004239 0.0003198 0.0002957 0.00045315 0.00029585 0.000296 0.0003305 0.00029615 0.0005903 0.00029625 0.0004558 0.00031975 0.00037475 0.00042105 0.0005026 0.00029615 0.0004045 0.00033375 0.00034965 0.0004795 0.00033345 0.00029625 0.00049905 0.00029605 0.0003746 0.0003219 0.00046525 0.00033385 0.0004238 0.00042065 0.0004555 0.000296 0.00042405 0.00037475 0.0002963 0.00032005 0.0003542 0.00031275 0.00029595 0.0004559 0.000296 0.0004149 0.00029575 0.0002978 0.0002958 0.00035455 0.00029595 0.0003541 0.00031985 0.0004087 0.000296 0.00029565 0.00035465 0.0004559 0.000296 0.0003549 0.0003276 0.0003743 0.000357 0.0004173 0.00029615 0.00042805 0.0005007 0.00035365 0.000296 0.000474 0.0002963 0.00047955 0.00029565 0.0004088 0.00033045 0.0003496 0.0004174 0.00057455 0.00034155 0.0003541 0.00029655 0.00047945 0.00047975 0.00038165 0.00042045 0.0003536 0.00054555 0.00047975 0.00029595 0.00029585 0.0002959
22 0.0003355 0.0003933 0.00030045 0.0002878 4.715e-05 0.0004992 0.00059675 0.00060895 0.00024925 4.7e-05 0.0002238 0.0003353 0.0001742 0.000585 0.0002978 0.0005459 0.00064855 0.0005455 0.0002966 0.00029285 4.63e-05 0.00029625 9.23e-05 0.0002494 0.0003351 0.000348 0.00021465 0.00063605 4.645e-05 0.0003869 0.00029965 0.0001251 0.0002888 0.0002234 0.0001228 0.00051545 0.00029575 0.00034785 0.0001666 0.00040435 0.00022385 0.0005849 0.0002145 0.0004994 0.0005461 0.00033485 0.000348 4.695e-05 8.635e-05 0.0001201 6.315e-05 4.655e-05 0.0002497 0.0005461 0.0004236 0.0005454 0.0003771 0.00054575 0.0001202 0.00029625 0.0001199 0.0003352 0.00038175 0.00029585 0.0005451 0.00012015 0.00024955 0.00029585 0.00019255 0.0001566 0.00034765 0.00011765 0.0005703 0.00029645 0.0004291 0.0002879 0.0004409 4.66e-05 0.00040715 4.68e-05 0.00028885 0.0002965 0.00038185 0.0002029 0.0001282 0.0003209 0.00037675 0.000108 0.00012015 4.675e-05 0.00028875 0.00028905 0.00041005 0.0004642 0.00044085 0.00060895 0.00028905 0.00028615 0.00029625 0.00029605
23 0.00046615 0.0004598 0.0004606 0.00024555 0.000246 0.0004555 0.00063855 0.00055065 0.00024935 0.00025415 0.00041075 0.00039765 0.00031095 0.000608 0.0004352 0.00066605 0.0006118 0.00066575 0.0004561 0.00043875 0.00024485 0.0004558 0.0002494 0.0004894 0.0004558 0.00042905 0.0002699 0.0005806 0.0002493 0.0004391 0.0004523 0.0002562 0.00024555 0.0004104 0.0002872 0.00044905 0.0004552 0.0004289 0.000327 0.0004078 0.0004108 0.0006079 0.00026575 0.0004557 0.00066625 0.00039705 0.00042905 0.00024565 0.0002463 0.0002454 0.00024505 0.0002453 0.0002495 0.00066625 0.000521 0.00066565 0.00053705 0.000666 0.0002498 0.0004599 0.0002455 0.0004559 0.00042845 0.0004596 0.00066535 0.00024545 0.00024505 0.0004596 0.00032895 0.0003305 0.00042875 0.0002743 0.00060915 0.0004601 0.0004391 0.00031525 0.00053865 0.00024535 0.00043055 0.00025395 0.0002456 0.00045605 0.00042855 0.000328 0.00026015 0.00041475 0.0003103 0.00025725 0.00024565 0.0002453 0.0002455 0.0002458 0.0004602 0.00047625 0.0005386 0.00055065 0.0002458 0.0004417 0.0004556 0.00045565
24 0.0003088 0.00036865 0.0002841 0.00044035 0.00036275 0.000406 0.0003417 0.0005276 0.0004274 0.000294 0.00036495 0.00045175 0.00044915 0.00040245 0.00026295 0.0002638 0.00042075 0.00026335 0.0003132 0.00031315 0.00036335 0.00031975 0.0003351 0.0004558 0.0005251 0.00039205 0.0004148 0.00048065 0.0003285 0.00038735 0.0003588 0.0003081 0.0004053 0.0003647 0.00035725 0.00044385 0.00031315 0.0003919 0.0002831 0.00042645 0.000365 0.00040235 0.00041525 0.0004062 0.000264 0.0004519 0.00039205 0.0003634 0.00031295 0.0003475 0.00037985 0.00036315 0.00042105 0.000264 0.00039955 0.00026325 0.0002839 0.00026355 0.000313 0.0002787 0.00031325 0.0002627 0.00039185 0.0002782 0.0002629 0.0003478 0.0004559 0.00027825 0.0003318 0.00032815 0.00039185 0.00039895 0.0003894 0.0002789 0.00038525 0.0005001 0.00031695 0.0003632 0.0004391 0.0002938 0.0004053 0.00031355 0.00039195 0.0003483 0.00032175 0.00042055 0.0005416 0.0003267 0.0003474 0.00036375 0.00040525 0.00040555 0.0003644 0.00036545 0.0003169 0.0005276 0.00040855 0.00034815 0.00031375 0.0003129
25 0.00040445 0.0003911 0.00037725 0.0004515 0.0003403 0.00045605 0.0003678 0.00043995 0.00043535 0.0003417 0.00038895 0.0003967 0.00044275 0.00042465 0.0003712 0.0003956 0.0003403 0.0003955 0.00036805 0.0003819 0.00034155 0.00037475 0.000348 0.00042905 0.00039205 0.0006805 0.00038775 0.00039675 0.00034145 0.0003769 0.00041605 0.000401 0.0004526 0.00038915 0.00036825 0.00038675 0.0003685 0.0003403 0.0003733 0.00044235 0.000389 0.00042455 0.0003875 0.00045625 0.0003958 0.0003973 0.0003404 0.00034105 0.00036475 0.00039945 0.0003577 0.00034135 0.00042905 0.0003958 0.0004704 0.0003954 0.00037685 0.00039575 0.0003997 0.00036845 0.00039935 0.00039215 0.0003748 0.00036835 0.0003951 0.0003999 0.00042915 0.00036835 0.0003831 0.00037905 0.00034075 0.0003883 0.00041135 0.00036865 0.00040455 0.00045035 0.0004092 0.0003414 0.0004576 0.0003415 0.00045265 0.00036855 0.00037495 0.0003958 0.00040515 0.0004121 0.0005307 0.00039315 0.0003995 0.00034195 0.00045255 0.00045285 0.00037565 0.00041445 0.00040915 0.00043995 0.00045585 0.00036855 0.00036875 0.0003677
26 0.0004458 0.00043295 0.0004172 0.00027005 0.00021285 0.0004719 0.00058895 0.00052385 0.0002719 0.0002034 0.0003778 0.00037895 0.0002764 0.00058105 0.0003943 0.00061655 0.0005622 0.0006162 0.0004147 0.0004235 0.0002125 0.00042105 0.00021465 0.0002699 0.0004148 0.00038775 0.0004064 0.0005536 0.0002078 0.0004187 0.0004193 0.0002444 0.0002705 0.0003775 0.00025445 0.0003828 0.0004142 0.0003876 0.00029245 0.00040555 0.00037785 0.00058095 0.00020805 0.0004721 0.00061675 0.0003787 0.00038775 0.00021295 0.0002136 0.0002475 0.0002292 0.00021265 0.0002653 0.00061675 0.0004782 0.0006161 0.00049395 0.00061645 0.000243 0.00041 0.0002472 0.0004149 0.00042125 0.00040945 0.0006158 0.0002476 0.00027 0.00040945 0.00031005 0.00031655 0.0003875 0.0002462 0.0005598 0.00041 0.0004328 0.00027205 0.00051155 0.0002127 0.00039545 0.0002032 0.00027055 0.00041485 0.00042135 0.000329 0.0002533 0.00039625 0.0003334 0.00025725 0.00024755 0.0002129 0.00027045 0.00027075 0.00041025 0.00041005 0.0005115 0.00052385 0.00027375 0.00040855 0.0004147 0.00041435
27 0.0004968 0.0003834 0.0004664 0.000592 0.00067385 0.0004089 0.00022515 0.00014255 0.00054195 0.0005978 0.00054215 0.00039655 0.00071285 0.0002254 0.0004765 0.0003312 0.000119 0.00033135 0.00050245 0.00049485 0.00067455 0.0005026 0.00063605 0.0005806 0.00048065 0.00039675 0.0005536 0.0002379 0.000636 0.00039075 0.00053345 0.0006461 0.0005582 0.00054195 0.00066585 0.0002798 0.00050305 0.0003966 0.00053865 0.0004147 0.0005422 0.0002253 0.00055775 0.0004091 0.0003314 0.00039675 0.0003967 0.00067455 0.0006522 0.0006868 0.000691 0.00067435 0.00054215 0.0003314 0.0005414 0.00033125 0.00038945 0.0003316 0.0006486 0.0004643 0.00065255 0.00048075 0.00039655 0.00046445 0.00033095 0.00068725 0.0005807 0.00046445 0.000518 0.0005519 0.00039655 0.0006199 0.0002488 0.0004645 0.0004147 0.0005681 0.0003803 0.0006744 0.00042515 0.0005976 0.00055825 0.00050285 0.0003966 0.00063825 0.00065395 0.00042265 0.00061895 0.00063855 0.00068685 0.00067495 0.00055815 0.00055845 0.00035815 0.00038605 0.00038025 0.00014255 0.00055845 0.00055135 0.00050305 0.00050275
28 0.0003289 0.0003932 0.0003003 0.0002877 4.055e-05 0.00049915 0.0005902 0.0006089 0.00025595 3.98e-05 0.00021725 0.0003352 0.0001741 0.00058495 0.0002912 0.0005394 0.00064205 0.00053895 0.00029005 0.00028615 3.97e-05 0.00029615 4.645e-05 0.0002493 0.0003285 0.00034145 0.0002078 0.000636 7.91e-05 0.0003803 0.00029315 0.00011845 0.0002887 0.00021685 0.00011625 0.00050895 0.00028915 0.0003413 0.0001665 0.00039785 0.0002173 0.00058485 0.00020795 0.00049935 0.0005396 0.00033475 0.00034145 4.035e-05 7.975e-05 0.0001135 5.655e-05 3.995e-05 0.0002493 0.0005396 0.00042355 0.00053885 0.00037705 0.0005392 0.0001135 0.0002896 0.00011325 0.0003286 0.0003752 0.00028895 0.00053855 0.00011355 0.00024945 0.00028895 0.00019245 0.0001564 0.0003411 0.00012405 0.0005638 0.0002896 0.0004226 0.00028795 0.00044085 4e-05 0.0004071 3.96e-05 0.00028875 0.00028995 0.0003753 0.0001963 0.00012135 0.00032085 0.00038315 0.0001078 0.00011355 4.015e-05 0.00028865 0.00028895 0.00040365 0.0004577 0.0004408 0.0006089 0.00029195 0.0002796 0.0002897 0.00028945
29 0.00035585 0.0003791 0.00036815 0.0004618 0.0004188 0.00041815 0.0003558 0.00043405 0.00040685 0.00034195 0.0004229 0.0004331 0.0005041 0.0004125 0.00037605 0.00037745 0.00033435 0.00037735 0.0003979 0.00035325 0.000419 0.0004045 0.0003869 0.0004391 0.00038735 0.0003769 0.0004187 0.00039075 0.0003803 0.0006686 0.00044035 0.0003658 0.00042815 0.00042265 0.0004367 0.00038075 0.0003983 0.00037675 0.000378 0.0004046 0.00042295 0.0004124 0.00042315 0.0004184 0.00037735 0.00043305 0.00037685 0.00041925 0.00040835 0.0004132 0.0004189 0.000419 0.0004005 0.00037735 0.00048315 0.00037725 0.00036815 0.00037765 0.00037455 0.0003593 0.00037895 0.00038745 0.00034715 0.00035955 0.0003772 0.00041345 0.0004392 0.00035955 0.00038735 0.00034995 0.00037665 0.0004282 0.00039925 0.00035955 0.00036685 0.00046915 0.0004004 0.00041905 0.0004492 0.00034175 0.0004282 0.0003983 0.00034715 0.0004104 0.0003705 0.0004036 0.000524 0.00036825 0.00041325 0.0004194 0.0004281 0.0004284 0.0003632 0.00040225 0.00040035 0.00043405 0.0004314 0.0004364 0.0003983 0.00039825
30 0.0003515 0.00041055 0.00034145 0.0004833 0.0002887 0.00049025 0.00045415 0.0004898 0.0004622 0.00029705 0.0002675 0.00040615 0.0004256 0.00044495 0.00038005 0.0003656 0.0005431 0.00036545 0.0003272 0.0003867 0.0002896 0.00033375 0.00029965 0.0004523 0.0003588 0.00041605 0.0004193 0.00053345 0.00029315 0.00044035 0.000492 0.00034485 0.0004836 0.0002676 0.0002679 0.000542 0.0003275 0.0004159 0.00033565 0.0004254 0.00026755 0.00044485 0.0004153 0.00049045 0.00036575 0.00040665 0.00041605 0.00028935 0.0003207 0.0003551 0.0003059 0.0002894 0.00045595 0.00036575 0.0004641 0.00036535 0.0003424 0.0003657 0.000359 0.0003311 0.000355 0.0003589 0.0004503 0.000331 0.0003651 0.00035555 0.0004524 0.000331 0.0003662 0.0003373 0.00041615 0.00036795 0.00041085 0.0003313 0.00045375 0.0005046 0.0004041 0.00028945 0.00041585 0.00029685 0.00048365 0.00032755 0.0004504 0.00034885 0.0003306 0.000351 0.00058865 0.00035145 0.00035515 0.00029 0.00048355 0.00048385 0.00040595 0.00045325 0.00040405 0.0004898 0.00048685 0.000323 0.00032775 0.00032695
31 0.0003082 0.0004088 0.0003154 0.000256 0.00015325 0.00044595 0.0005906 0.0006232 0.0002277 8.38e-05 0.00028465 0.00039875 0.0002476 0.00058885 0.00028005 0.0005333 0.00064815 0.0005331 0.00034305 0.00028525 0.00015345 0.00034965 0.0001251 0.0002562 0.0003081 0.000401 0.0002444 0.0006461 0.00011845 0.0003658 0.00034485 0.0001663 0.00022095 0.0002844 0.0002139 0.00049245 0.00034335 0.00040085 0.00016685 0.00036215 0.0002847 0.00058875 0.00024515 0.0004462 0.0005332 0.0003987 0.000401 0.0001537 0.0001185 0.00012355 0.00015335 0.00015345 0.0002213 0.0005332 0.00043735 0.000533 0.000392 0.0005334 8.855e-05 0.00030815 8.925e-05 0.0003082 0.00037125 0.0003083 0.00053295 0.0001236 0.0002563 0.0003083 0.00020825 0.0001668 0.0004008 0.00019865 0.0005679 0.0003084 0.0003829 0.00032295 0.00043315 0.0001535 0.00039845 8.36e-05 0.000221 0.00034345 0.00037135 0.0002308 0.0001006 0.00035 0.00035015 0.0001031 0.0001234 0.00015385 0.0002209 0.0002212 0.00041865 0.00043495 0.0004331 0.0006232 0.0002242 0.00036785 0.00034345 0.0003433
32 0.0004552 0.0004489 0.000446 0.0002074 0.0003192 0.0004056 0.00061235 0.00053245 0.0002147 0.00025825 0.00044825 0.0004252 0.00034505 0.0005856 0.00038455 0.00063965 0.0005854 0.00063955 0.00047935 0.00042795 0.0003195 0.0004795 0.0002888 0.00024555 0.0004053 0.0004526 0.0002705 0.0005582 0.0002887 0.00042815 0.0004836 0.00022095 0.0003426 0.00044805 0.00035505 0.00040005 0.0004795 0.00045245 0.00028785 0.00037525 0.0004483 0.0005855 0.0002672 0.0004058 0.00063985 0.0004252 0.0004526 0.0003197 0.0002455 0.0002455 0.00031935 0.0003195 0.00021485 0.00063985 0.00050515 0.00063945 0.00052225 0.0006398 0.000215 0.00044875 0.0002115 0.00040535 0.00041805 0.00044865 0.00063915 0.00024575 0.00024565 0.00044865 0.0003055 0.00033115 0.00045245 0.00030955 0.00058695 0.00044895 0.00040255 0.00031435 0.0005013 0.00031955 0.0003955 0.00025805 0.0001714 0.00047975 0.00041815 0.00035255 0.00023885 0.0004176 0.00027095 0.00024265 0.00024555 0.0003199 0.0001713 0.00017155 0.00044895 0.00042725 0.00050125 0.00053245 0.00017155 0.00050035 0.00047975 0.0004794
33 0.00036085 0.0004237 0.00034135 0.00044805 0.00021315 0.0005245 0.0005028 0.0004837 0.0004205 0.0002209 0.00021285 0.00036605 0.00034995 0.0004805 0.00034845 0.0004415 0.00056485 0.00044115 0.00032735 0.00034895 0.00021315 0.00033345 0.0002234 0.0004104 0.0003647 0.00038915 0.0003775 0.00054195 0.00021685 0.00042265 0.0002676 0.0002844 0.00044805 0.0004243 0.0002681 0.00054915 0.00032705 0.000389 0.0002658 0.00040615 0.0002129 0.0004804 0.0003734 0.0005247 0.0004416 0.00036605 0.00038915 0.00021335 0.00025105 0.0002848 0.0002298 0.00021275 0.0004142 0.0004416 0.0004641 0.00044105 0.00034235 0.0004414 0.00028905 0.00033095 0.0002849 0.0003648 0.0004231 0.0003307 0.00044085 0.00028545 0.0004105 0.0003307 0.00029025 0.00026125 0.0003888 0.0002924 0.00044505 0.00033115 0.00044775 0.00045685 0.0004041 0.0002128 0.0003952 0.0002207 0.0004481 0.00032705 0.0004232 0.000339 0.00027565 0.00030945 0.00054705 0.00027535 0.00028505 0.00021355 0.000448 0.0004483 0.000434 0.0004875 0.00040405 0.0004837 0.0004513 0.00032275 0.00032745 0.00032695
34 0.00035825 0.0004183 0.00033905 0.00031925 7.785e-05 0.0004994 0.0005799 0.00065325 0.0003324 0.0001554 0.0002681 0.0003752 0.0002281 0.00058775 0.0003574 0.00050185 0.00065865 0.0005016 0.0002901 0.0003624 7.735e-05 0.00029625 0.0001228 0.0002872 0.00035725 0.00036825 0.00025445 0.00066585 0.00011625 0.0004367 0.0002679 0.0002139 0.00035505 0.0002681 0.0001545 0.0005401 0.0002892 0.0003681 0.00027105 0.0004516 0.00026815 0.00058765 0.00024955 0.0004996 0.0005021 0.0003752 0.00036825 7.75e-05 0.0001456 0.00017955 9.405e-05 7.745e-05 0.0003261 0.0005021 0.00044035 0.0005015 0.0004155 0.00050185 0.0002183 0.00032845 0.00021355 0.00035735 0.00043645 0.00032815 0.00050115 0.0001794 0.0002871 0.00032815 0.0003033 0.0002712 0.00036825 0.00019935 0.00056785 0.00032865 0.0004631 0.0003527 0.0004792 7.75e-05 0.00046235 0.0001552 0.0003551 0.00029005 0.00043655 0.00020185 0.00021135 0.00039695 0.0004377 0.00021855 0.0001796 7.745e-05 0.000355 0.0003553 0.00041415 0.00046175 0.00047915 0.00065325 0.0003583 0.0002415 0.00028985 0.00028935
35 0.00048685 0.0003962 0.00045965 0.00043375 0.00054685 0.00039445 0.000332 0.0003204 0.0004169 0.0004708 0.0005494 0.0004404 0.00056625 0.0003863 0.0004399 0.0004383 0.000226 0.00043825 0.0004925 0.00048495 0.00054745 0.00049905 0.00051545 0.00044905 0.00044385 0.00038675 0.0003828 0.0002798 0.00050895 0.00038075 0.000542 0.00049245 0.00040005 0.00054915 0.0005401 0.0004519 0.00049285 0.0003866 0.00046485 0.0004157 0.00054945 0.0003862 0.00038685 0.00039465 0.0004385 0.00044055 0.0003867 0.0005475 0.00049855 0.00053295 0.00056395 0.00054725 0.00041065 0.0004385 0.00051185 0.00043815 0.00045935 0.0004385 0.0004948 0.00045435 0.0004987 0.00044395 0.00038655 0.0004543 0.00043785 0.0005334 0.00044915 0.0004543 0.00046625 0.00050475 0.0003865 0.0005104 0.00037285 0.00045455 0.00038045 0.00042125 0.00044545 0.0005473 0.0004114 0.0004706 0.0004001 0.00049285 0.0003866 0.0005286 0.0005027 0.00045285 0.00046785 0.0005082 0.000533 0.00054785 0.0004 0.0004003 0.00034775 0.00033225 0.0004454 0.0003204 0.0004033 0.0005311 0.00049305 0.0004926
