 slim_337594706 slim_337594714 slim_337594687 slim_337594668 slim_337594701 slim_337594670 slim_337594604 slim_337594686 slim_337594549 slim_337594669 slim_337594682 slim_337594090 slim_337594663 slim_337594697 slim_337594650 slim_337594704 slim_337594675 slim_337594695 slim_337594625 slim_337594676 slim_337594698 slim_337594622 slim_337594678 slim_337594568 slim_337594448 slim_337594672 slim_337594617 slim_337594673 slim_337594494 slim_337594558 slim_337594705 slim_337594619 slim_337594225 slim_337594556 slim_337594591 slim_337594621 slim_337594647 slim_337594501 slim_337594716 slim_337594454 slim_337594524 slim_337594456 slim_337594638 slim_337594523 slim_337594702 slim_337594689 slim_337594508 slim_337594715 slim_337594703 slim_337594606 slim_337594602 slim_337594709 slim_337594655 slim_337594540 slim_337594717 slim_337594512 slim_337594643 slim_337594653 slim_337594648 slim_337594646 slim_337594605 slim_337594546 slim_337594613 slim_337594369 slim_337594711 slim_337594497 slim_337594712 slim_337594700 slim_337594479 slim_337594243 slim_337594624 slim_337594674 slim_337594241 slim_337594681 slim_337594718 slim_337594699 slim_337594694 slim_337594522 slim_337594680 slim_337594563 slim_337594566 slim_337594618 slim_337594679 slim_337594685 slim_337594710 slim_337594688 slim_337594667 slim_337594641 slim_337594452 slim_337594651 slim_337594664 slim_337594526 slim_337594371 slim_337594564 slim_337594536 slim_337594569 slim_337594640 slim_337594649 slim_337594513 slim_337594630
0 4.7e-06 9.5e-06 8.15e-06 6.25e-06 1.365e-05 1.48e-05 1.05e-05 1.105e-05 8.95e-06 8.35e-06 1.175e-05 1.235e-05 8.55e-06 7.9e-06 1.09e-05 7.7e-06 6.95e-06 4.5e-06 8.5e-06 8.3e-06 8.25e-06 6.35e-06 7.9e-06 7.55e-06 1.26e-05 1.12e-05 1.245e-05 9.6e-06 3e-06 1.13e-05 9.2e-06 6.65e-06 6.95e-06 1.28e-05 1.295e-05 5.65e-06 6.75e-06 1.19e-05 7.85e-06 7.35e-06 6.5e-06 9.15e-06 6.95e-06 9.7e-06 1.265e-05 6.45e-06 1.185e-05 1.2e-05 8.4e-06 1.02e-05 7e-06 1.13e-05 9.05e-06 7.45e-06 1.005e-05 1.02e-05 1.255e-05 9.9e-06 1.01e-05 1.275e-05 9.05e-06 1.045e-05 8e-06 8.2e-06 9.6e-06 6.4e-06 8.45e-06 1.27e-05 5.95e-06 1.225e-05 8.45e-06 8.1e-06 6.7e-06 1.19e-05 9.25e-06 6.6e-06 8.9e-06 1.17e-05 8.35e-06 1.06e-05 7.7e-06 1.46e-05 7.55e-06 9.1e-06 1.02e-05 1.235e-05 1.05e-05 1.195e-05 7.1e-06 1.115e-05 8.95e-06 6.25e-06 1.255e-05 1.02e-05 9.65e-06 7.95e-06 9.7e-06 9.45e-06 9.35e-06 7.15e-06
1 9.5e-06 1.11e-05 9e-06 7.9e-06 1.29e-05 1.265e-05 9.55e-06 1.255e-05 9.2e-06 9.3e-06 9.65e-06 1.13e-05 8.55e-06 7e-06 9.55e-06 8.8e-06 8.15e-06 9.7e-06 1.215e-05 7.3e-06 6.9e-06 1.015e-05 7.9e-06 1.025e-05 1.05e-05 1.01e-05 1.285e-05 9.65e-06 9.95e-06 9.75e-06 1.03e-05 8.2e-06 9.65e-06 1.235e-05 1.31e-05 9.2e-06 8.05e-06 9.1e-06 9e-06 7.65e-06 8.8e-06 1.155e-05 1.025e-05 7.7e-06 1.055e-05 8.45e-06 8.95e-06 9.2e-06 9e-06 7.9e-06 9.6e-06 8.15e-06 8.05e-06 9.75e-06 1.12e-05 1.01e-05 8.4e-06 1.025e-05 9.25e-06 1.1e-05 8.05e-06 8.6e-06 7.9e-06 9.5e-06 6.6e-06 8.7e-06 8.45e-06 9.4e-06 1.06e-05 1.03e-05 7.65e-06 1.095e-05 9.5e-06 7.25e-06 7.85e-06 1.015e-05 8.8e-06 1.2e-05 7.1e-06 8.85e-06 8e-06 1.24e-05 8.75e-06 9.75e-06 1.005e-05 1.015e-05 7.5e-06 1.285e-05 8.15e-06 8.15e-06 8.55e-06 7.9e-06 1.045e-05 7.1e-06 6.9e-06 7.85e-06 9.6e-06 7.7e-06 9.4e-06 1.045e-05
2 8.15e-06 9e-06 1.11e-05 9.6e-06 1.255e-05 1.29e-05 9.25e-06 1.21e-05 9.75e-06 6.6e-06 1.14e-05 1.015e-05 8.25e-06 7.85e-06 8.8e-06 9.2e-06 9.75e-06 9.4e-06 1.08e-05 9.25e-06 9.1e-06 5.55e-06 6.75e-06 9.85e-06 9.6e-06 1.105e-05 1.23e-05 9.25e-06 9.25e-06 1.075e-05 1.005e-05 9.55e-06 7.45e-06 1.155e-05 1.175e-05 6.45e-06 9.75e-06 1.15e-05 5.9e-06 7.5e-06 8.15e-06 1.11e-05 8.55e-06 8.4e-06 9.65e-06 7.85e-06 1.03e-05 1.16e-05 8e-06 9.2e-06 8.3e-06 1.005e-05 9.6e-06 9.2e-06 9.3e-06 9.9e-06 1.17e-05 9.95e-06 1.1e-05 1.135e-05 8.55e-06 7.55e-06 7.9e-06 7.85e-06 7.45e-06 8.05e-06 8.15e-06 1.04e-05 9.65e-06 1.01e-05 9e-06 8.05e-06 9.85e-06 1.105e-05 9.75e-06 8.3e-06 8.6e-06 1e-05 8.2e-06 9.35e-06 7.1e-06 1.27e-05 5.95e-06 7.5e-06 1.045e-05 1.06e-05 9.05e-06 1.125e-05 8.75e-06 1.005e-05 8.75e-06 9.7e-06 9.55e-06 1.005e-05 8.3e-06 7.8e-06 8.6e-06 6.75e-06 9e-06 8.7e-06
3 6.25e-06 7.9e-06 9.6e-06 1.05e-05 1.455e-05 1.41e-05 1.03e-05 1.21e-05 7.5e-06 1.015e-05 1.075e-05 1.1e-05 9.15e-06 8.85e-06 1.04e-05 7.55e-06 5.85e-06 6.25e-06 9.6e-06 6.75e-06 6.15e-06 9.85e-06 1.01e-05 9.45e-06 1.18e-05 9.95e-06 1.33e-05 1.055e-05 5.8e-06 1.15e-05 1.085e-05 6.05e-06 9.05e-06 1.32e-05 1.335e-05 8.45e-06 5.65e-06 9.9e-06 9.8e-06 7.85e-06 8.2e-06 9.55e-06 8.45e-06 8.6e-06 1.185e-05 7.45e-06 9.9e-06 1.01e-05 8.7e-06 8.85e-06 8.65e-06 7.75e-06 7.2e-06 8.85e-06 1.225e-05 1.135e-05 9.15e-06 1.095e-05 8.9e-06 1.365e-05 1.04e-05 1.06e-05 7.7e-06 9.6e-06 1.04e-05 8.1e-06 9.05e-06 1.2e-05 8.95e-06 1.3e-05 7e-06 1.14e-05 7.6e-06 8e-06 6.8e-06 8.6e-06 8.55e-06 1.215e-05 8.75e-06 1.08e-05 8.55e-06 1.39e-05 9.65e-06 1.105e-05 1.06e-05 1.095e-05 8.65e-06 1.18e-05 7.25e-06 8.25e-06 8.35e-06 5.45e-06 1.175e-05 6.8e-06 7.65e-06 7.65e-06 1.16e-05 1.015e-05 1.03e-05 8.65e-06
4 1.365e-05 1.29e-05 1.255e-05 1.455e-05 1.47e-05 1.155e-05 1.305e-05 1.05e-05 1.47e-05 1.24e-05 1.185e-05 1.49e-05 1.355e-05 1.215e-05 1.37e-05 1.46e-05 1.475e-05 1.37e-05 1.33e-05 1.505e-05 1.495e-05 1.285e-05 1.16e-05 1.06e-05 1.33e-05 1.34e-05 1.05e-05 1.095e-05 1.38e-05 1.045e-05 1.045e-05 1.45e-05 1.35e-05 1.32e-05 1.38e-05 1.275e-05 1.47e-05 1.175e-05 1.23e-05 1.28e-05 1.275e-05 1.445e-05 1.385e-05 1.34e-05 1.335e-05 1.405e-05 1.33e-05 1.185e-05 1.42e-05 1.395e-05 1.2e-05 1.52e-05 1.41e-05 1.25e-05 1.05e-05 1.155e-05 1.44e-05 1.045e-05 1.29e-05 7.75e-06 1.245e-05 1.195e-05 1.42e-05 1.28e-05 1.1e-05 1.265e-05 1.345e-05 1.27e-05 1.245e-05 1.075e-05 1.48e-05 1.22e-05 1.355e-05 1.515e-05 1.49e-05 1.335e-05 1.43e-05 1.41e-05 1.255e-05 1e-05 1.265e-05 1.17e-05 1.205e-05 1.28e-05 1.15e-05 1.385e-05 1.39e-05 1.46e-05 1.295e-05 1.515e-05 1.47e-05 1.465e-05 1.325e-05 1.53e-05 1.345e-05 1.415e-05 1.15e-05 1.155e-05 1.07e-05 1.405e-05
5 1.48e-05 1.265e-05 1.29e-05 1.41e-05 1.155e-05 1.71e-05 1.21e-05 1.355e-05 1.41e-05 1.33e-05 1.15e-05 1.045e-05 1.345e-05 1.31e-05 1.26e-05 1.41e-05 1.43e-05 1.47e-05 1.27e-05 1.405e-05 1.35e-05 1.355e-05 1.28e-05 1.28e-05 1.08e-05 1.15e-05 9.85e-06 1.25e-05 1.51e-05 1.11e-05 1.12e-05 1.405e-05 1.4e-05 1.035e-05 1.015e-05 1.365e-05 1.425e-05 1.095e-05 1.315e-05 1.36e-05 1.365e-05 1.185e-05 1.445e-05 1.31e-05 1.085e-05 1.425e-05 1.18e-05 1.1e-05 1.355e-05 1.275e-05 1.335e-05 1.195e-05 1.31e-05 1.295e-05 1.11e-05 1.145e-05 1.21e-05 1.25e-05 1.2e-05 9.95e-06 1.345e-05 1.32e-05 1.345e-05 1.385e-05 1.21e-05 1.355e-05 1.335e-05 1.035e-05 1.345e-05 1.275e-05 1.38e-05 1.29e-05 1.395e-05 1.275e-05 1.345e-05 1.41e-05 1.36e-05 1.13e-05 1.305e-05 1.19e-05 1.345e-05 9.15e-06 1.31e-05 1.345e-05 1.18e-05 1.095e-05 1.335e-05 1.19e-05 1.365e-05 1.3e-05 1.29e-05 1.42e-05 1.075e-05 1.32e-05 1.305e-05 1.34e-05 1.21e-05 1.25e-05 1.225e-05 1.465e-05
6 1.05e-05 9.55e-06 9.25e-06 1.03e-05 1.305e-05 1.21e-05 1.33e-05 1.345e-05 9.85e-06 1.005e-05 1.04e-05 1.155e-05 1.115e-05 9.95e-06 1.08e-05 1e-05 1.05e-05 1.15e-05 1.265e-05 9.7e-06 9.1e-06 6.65e-06 8.4e-06 1.085e-05 1.27e-05 9.45e-06 1.24e-05 1e-05 1.18e-05 1.115e-05 1.01e-05 1.025e-05 8.9e-06 1.05e-05 1.2e-05 7.95e-06 1.045e-05 1.005e-05 9.45e-06 1.045e-05 1.195e-05 1.245e-05 1.015e-05 1.105e-05 1.275e-05 9.85e-06 1.09e-05 1.015e-05 8.35e-06 1.09e-05 1.18e-05 1.02e-05 9.35e-06 1.16e-05 8.95e-06 1.2e-05 8.35e-06 1.03e-05 9.25e-06 1.03e-05 9.75e-06 1.165e-05 7.9e-06 1.025e-05 1.11e-05 1.185e-05 1.105e-05 1.16e-05 9.75e-06 1.36e-05 9.45e-06 7.45e-06 1.1e-05 8.25e-06 9.35e-06 9.6e-06 8.5e-06 1.055e-05 9.85e-06 1.04e-05 1.095e-05 1.2e-05 9.3e-06 1.05e-05 1.02e-05 1.2e-05 9.75e-06 1.2e-05 1.09e-05 9.1e-06 1.025e-05 1.04e-05 1.265e-05 9.3e-06 1.06e-05 7.8e-06 1e-05 1.215e-05 9.75e-06 1.035e-05
7 1.105e-05 1.255e-05 1.21e-05 1.21e-05 1.05e-05 1.355e-05 1.345e-05 1.38e-05 1.315e-05 1.21e-05 1.2e-05 1.455e-05 1.15e-05 1.135e-05 1.365e-05 1.175e-05 1.24e-05 1.115e-05 1.22e-05 1.175e-05 1.19e-05 1.15e-05 1.185e-05 1.27e-05 1.405e-05 1.415e-05 1.235e-05 1.21e-05 1.155e-05 1.115e-05 1.025e-05 1.205e-05 1.13e-05 1.48e-05 1.41e-05 1.04e-05 1.225e-05 1.2e-05 1.185e-05 1.085e-05 1.205e-05 1.375e-05 1.185e-05 1.24e-05 1.41e-05 1.06e-05 1.285e-05 1.21e-05 1.225e-05 1.265e-05 1.19e-05 1.395e-05 1.19e-05 1.21e-05 1.135e-05 1.275e-05 1.42e-05 1.05e-05 1.315e-05 1.245e-05 1.24e-05 1.275e-05 1.225e-05 1.2e-05 1.24e-05 1.195e-05 1.17e-05 1.41e-05 1.24e-05 1.19e-05 1.15e-05 1.265e-05 1.135e-05 1.41e-05 1.21e-05 1.145e-05 1.25e-05 1.405e-05 1.15e-05 1.245e-05 1.12e-05 1.36e-05 1.16e-05 1.28e-05 1.095e-05 1.35e-05 1.325e-05 1.48e-05 1.075e-05 1.325e-05 1.245e-05 1.22e-05 1.4e-05 1.275e-05 1.245e-05 1.22e-05 1.31e-05 1.23e-05 1.215e-05 1.205e-05
8 8.95e-06 9.2e-06 9.75e-06 7.5e-06 1.47e-05 1.41e-05 9.85e-06 1.315e-05 1.38e-05 9.6e-06 1.14e-05 1.17e-05 1.05e-05 1e-05 1.025e-05 8.9e-06 7.85e-06 8.35e-06 1.05e-05 8.55e-06 7.95e-06 8.9e-06 9.95e-06 1.075e-05 1.25e-05 1.04e-05 1.33e-05 1.13e-05 8.4e-06 1.225e-05 1.16e-05 8.05e-06 8.65e-06 1.32e-05 1.34e-05 8.8e-06 7.75e-06 1.065e-05 9.95e-06 9.5e-06 1e-05 1.105e-05 8e-06 9.95e-06 1.255e-05 9.1e-06 1.07e-05 1.085e-05 8.95e-06 1.01e-05 1.02e-05 9.1e-06 8.65e-06 1.03e-05 1.17e-05 1.175e-05 9.9e-06 1.17e-05 9.55e-06 1.35e-05 1.08e-05 1.065e-05 8.2e-06 9.4e-06 1.125e-05 9.9e-06 1.04e-05 1.24e-05 1.03e-05 1.36e-05 8.55e-06 1.085e-05 9.1e-06 9e-06 8.35e-06 8.25e-06 8.1e-06 1.105e-05 9.9e-06 1.155e-05 1e-05 1.39e-05 9.9e-06 1.035e-05 1.135e-05 1.185e-05 8.6e-06 1.045e-05 8.9e-06 8.7e-06 9.7e-06 7.7e-06 1.245e-05 8.25e-06 9.1e-06 8.15e-06 1.205e-05 1.13e-05 1.105e-05 8.05e-06
9 8.35e-06 9.3e-06 6.6e-06 1.015e-05 1.24e-05 1.33e-05 1.005e-05 1.21e-05 9.6e-06 1.11e-05 1.185e-05 1.115e-05 8.3e-06 7.85e-06 8.8e-06 9.65e-06 1.03e-05 9.5e-06 1.08e-05 9.95e-06 1.01e-05 6.35e-06 6.95e-06 9.8e-06 9.8e-06 1.15e-05 1.22e-05 9.35e-06 9.35e-06 1.065e-05 1.015e-05 1.01e-05 6.85e-06 1.185e-05 1.205e-05 6.8e-06 1.03e-05 1.195e-05 6.05e-06 7.65e-06 8e-06 1.16e-05 8.1e-06 8.7e-06 9.85e-06 8.25e-06 1.065e-05 1.205e-05 8.9e-06 9.55e-06 8e-06 1.105e-05 1.02e-05 9e-06 9.65e-06 9.65e-06 1.26e-05 9.9e-06 1.145e-05 1.12e-05 8.5e-06 6.85e-06 8.75e-06 7.3e-06 7.05e-06 7.9e-06 8.2e-06 1.065e-05 9.55e-06 9.6e-06 9.7e-06 8.25e-06 9.95e-06 1.205e-05 1.07e-05 7.55e-06 8.3e-06 9.65e-06 8.5e-06 9.2e-06 7.1e-06 1.31e-05 6.15e-06 6.5e-06 1.09e-05 1.1e-05 9e-06 1.105e-05 8.75e-06 1.105e-05 9.45e-06 1.025e-05 9.8e-06 1.105e-05 8.6e-06 8.7e-06 8.25e-06 6.35e-06 9.1e-06 8.25e-06
10 1.175e-05 9.65e-06 1.14e-05 1.075e-05 1.185e-05 1.15e-05 1.04e-05 1.2e-05 1.14e-05 1.185e-05 1.5e-05 1.27e-05 1.155e-05 1.04e-05 1.175e-05 9.35e-06 1.08e-05 1.16e-05 1.315e-05 1.07e-05 1.015e-05 1.17e-05 1.07e-05 1.12e-05 1.27e-05 1.105e-05 1.115e-05 1.09e-05 1.19e-05 9.75e-06 9.75e-06 1.03e-05 1.165e-05 1.235e-05 1.39e-05 1.105e-05 1.09e-05 9.3e-06 1.16e-05 1.085e-05 1.19e-05 1.305e-05 1.21e-05 9.6e-06 1.275e-05 1.12e-05 1.11e-05 9.4e-06 9.9e-06 9.65e-06 1.16e-05 1.04e-05 1.03e-05 1.16e-05 1.04e-05 1.23e-05 8.6e-06 1.05e-05 9.85e-06 8.9e-06 1.08e-05 1.195e-05 1.07e-05 1.18e-05 1.07e-05 1.18e-05 1.145e-05 1.185e-05 1.125e-05 1.335e-05 1.005e-05 1.13e-05 1.1e-05 8.95e-06 1.035e-05 1.17e-05 1.055e-05 1.315e-05 1.035e-05 1.03e-05 1.115e-05 1.095e-05 1.145e-05 1.24e-05 9.3e-06 1.215e-05 1.09e-05 1.37e-05 1.055e-05 7.9e-06 1.065e-05 1.085e-05 1.265e-05 8e-06 1.045e-05 1.065e-05 1.12e-05 1.15e-05 1.065e-05 1.225e-05
11 1.235e-05 1.13e-05 1.015e-05 1.1e-05 1.49e-05 1.045e-05 1.155e-05 1.455e-05 1.17e-05 1.115e-05 1.27e-05 8.7e-06 1.095e-05 1.21e-05 9.7e-06 1.065e-05 1.11e-05 1.275e-05 1.095e-05 1.02e-05 9.15e-06 1.195e-05 1.275e-05 1.33e-05 7.4e-06 1.04e-05 1.25e-05 1.225e-05 1.3e-05 1.435e-05 1.385e-05 1.09e-05 1.155e-05 9.15e-06 7.65e-06 1.155e-05 1.115e-05 1.275e-05 1.09e-05 1.095e-05 1.165e-05 8.8e-06 1.245e-05 9.8e-06 7.45e-06 1.075e-05 9.55e-06 1.285e-05 1.075e-05 1e-05 1.18e-05 7.05e-06 9.95e-06 1.195e-05 1.425e-05 1.14e-05 1.035e-05 1.315e-05 1.19e-05 1.465e-05 1.33e-05 1.17e-05 1.055e-05 1.23e-05 1.185e-05 1.155e-05 1.085e-05 9e-06 1.335e-05 1.285e-05 9.9e-06 1.3e-05 1.29e-05 9.95e-06 9.5e-06 1.245e-05 1.075e-05 8.5e-06 1.155e-05 1.275e-05 1.04e-05 1.025e-05 1.105e-05 1.175e-05 1.275e-05 8.25e-06 1.135e-05 9.5e-06 1.205e-05 9.55e-06 8.85e-06 1.11e-05 7.35e-06 9.05e-06 9.65e-06 1.05e-05 1.2e-05 1.02e-05 1.2e-05 1.26e-05
12 8.55e-06 8.55e-06 8.25e-06 9.15e-06 1.355e-05 1.345e-05 1.115e-05 1.15e-05 1.05e-05 8.3e-06 1.155e-05 1.095e-05 1.03e-05 6.7e-06 8.75e-06 9.15e-06 9.4e-06 8.7e-06 1.02e-05 7.35e-06 8.05e-06 9.15e-06 8.45e-06 1.05e-05 1.005e-05 1.085e-05 1.26e-05 8.45e-06 9.15e-06 9.95e-06 9.95e-06 9.2e-06 7.75e-06 1.25e-05 1.24e-05 7.6e-06 9.3e-06 1.15e-05 8e-06 6.05e-06 7.6e-06 1.12e-05 8.5e-06 8.3e-06 1.01e-05 5.5e-06 9.85e-06 1.16e-05 9.6e-06 7.55e-06 8.65e-06 1e-05 8.3e-06 7.8e-06 1.145e-05 9.8e-06 1.16e-05 9.85e-06 1.11e-05 1.245e-05 9e-06 8.05e-06 9.3e-06 8.8e-06 6.9e-06 7.5e-06 5.35e-06 1.05e-05 1.03e-05 9.55e-06 7.2e-06 1.055e-05 9.7e-06 1.075e-05 8.55e-06 9.05e-06 9.7e-06 1.155e-05 7.2e-06 8.95e-06 6.15e-06 1.325e-05 7.75e-06 8.45e-06 9.9e-06 9.65e-06 9.45e-06 1.255e-05 7e-06 1.045e-05 6.75e-06 9.25e-06 1e-05 9.6e-06 8.05e-06 9.25e-06 8.9e-06 6.4e-06 8.5e-06 8.75e-06
13 7.9e-06 7e-06 7.85e-06 8.85e-06 1.215e-05 1.31e-05 9.95e-06 1.135e-05 1e-05 7.85e-06 1.04e-05 1.21e-05 6.7e-06 9e-06 9.5e-06 8.85e-06 9.1e-06 8.6e-06 1.115e-05 7.55e-06 8.05e-06 8.1e-06 6.35e-06 9.15e-06 1.09e-05 1.09e-05 1.22e-05 7.6e-06 8.5e-06 9.15e-06 8.5e-06 8.9e-06 6.9e-06 1.21e-05 1.285e-05 6.75e-06 9e-06 1.04e-05 7.55e-06 5.55e-06 7.65e-06 1.165e-05 7.65e-06 8.4e-06 1.095e-05 5e-06 1e-05 1.05e-05 9.1e-06 8.85e-06 8.4e-06 1.065e-05 8.1e-06 8.8e-06 9.8e-06 8.95e-06 1.095e-05 9.05e-06 9.95e-06 1.025e-05 7.3e-06 7.85e-06 8.8e-06 8.1e-06 5.7e-06 7.55e-06 6.55e-06 9.7e-06 8.8e-06 9.4e-06 7.4e-06 8.85e-06 9.25e-06 1.01e-05 8.75e-06 8.75e-06 9.2e-06 1.18e-05 5.8e-06 8.25e-06 5.6e-06 1.285e-05 7.3e-06 8.3e-06 8.9e-06 1.075e-05 8.95e-06 1.28e-05 7.55e-06 1.04e-05 7.75e-06 8.95e-06 1.085e-05 9.65e-06 8.15e-06 8.75e-06 8.1e-06 6.85e-06 7.3e-06 7.75e-06
14 1.09e-05 9.55e-06 8.8e-06 1.04e-05 1.37e-05 1.26e-05 1.08e-05 1.365e-05 1.025e-05 8.8e-06 1.175e-05 9.7e-06 8.75e-06 9.5e-06 1.29e-05 1.05e-05 1.06e-05 1.05e-05 1.08e-05 1.005e-05 9.7e-06 9.75e-06 9.55e-06 1.13e-05 9.7e-06 1.04e-05 1.26e-05 1.07e-05 1.12e-05 1.13e-05 1.195e-05 1.04e-05 9.55e-06 1.205e-05 1.2e-05 9.75e-06 1.055e-05 1.19e-05 8.9e-06 8.5e-06 9.2e-06 1.12e-05 1e-05 9e-06 9.75e-06 9.75e-06 9.65e-06 1.2e-05 9.9e-06 8.55e-06 1.01e-05 9.65e-06 1.025e-05 9.6e-06 1.195e-05 1.045e-05 1.095e-05 1.135e-05 1.14e-05 1.24e-05 1.045e-05 7.4e-06 9.8e-06 8.75e-06 8.25e-06 9.1e-06 8.65e-06 1.025e-05 1.195e-05 1.07e-05 9.85e-06 1.145e-05 1.12e-05 1.055e-05 1.03e-05 9.7e-06 9.75e-06 1.04e-05 9.65e-06 9.85e-06 8.85e-06 1.24e-05 8.8e-06 8.75e-06 1.175e-05 9.75e-06 8.7e-06 1.105e-05 8.9e-06 9.45e-06 8.6e-06 1.05e-05 9.65e-06 9.75e-06 8.95e-06 9.75e-06 1.005e-05 7.65e-06 1.045e-05 1.03e-05
15 7.7e-06 8.8e-06 9.2e-06 7.55e-06 1.46e-05 1.41e-05 1e-05 1.175e-05 8.9e-06 9.65e-06 9.35e-06 1.065e-05 9.15e-06 8.85e-06 1.05e-05 8.4e-06 7.45e-06 7.95e-06 1.065e-05 7.4e-06 6.85e-06 8.9e-06 9.75e-06 1.085e-05 1.17e-05 1.075e-05 1.38e-05 1.045e-05 7.95e-06 1.165e-05 1.055e-05 6.75e-06 8.25e-06 1.265e-05 1.28e-05 7.65e-06 7.7e-06 1.08e-05 9.4e-06 8e-06 9.5e-06 1.095e-05 8.95e-06 6.9e-06 1.175e-05 7.2e-06 9.6e-06 1.09e-05 6.6e-06 7.35e-06 9.6e-06 8.35e-06 7.75e-06 1e-05 1.18e-05 1.2e-05 7.7e-06 1.06e-05 9e-06 1.37e-05 9.9e-06 1.11e-05 8e-06 9e-06 1.065e-05 9.4e-06 9.05e-06 1.21e-05 9.85e-06 1.315e-05 6.4e-06 1.04e-05 8.9e-06 7.2e-06 7.45e-06 8.55e-06 7.5e-06 1.155e-05 8.8e-06 1.095e-05 8.35e-06 1.39e-05 9.3e-06 1.05e-05 1.055e-05 1.105e-05 9.55e-06 1.23e-05 7.9e-06 5.65e-06 7.8e-06 7.65e-06 1.165e-05 4.9e-06 8.35e-06 7.95e-06 1.12e-05 1.02e-05 1.02e-05 9.05e-06
16 6.95e-06 8.15e-06 9.75e-06 5.85e-06 1.475e-05 1.43e-05 1.05e-05 1.24e-05 7.85e-06 1.03e-05 1.08e-05 1.11e-05 9.4e-06 9.1e-06 1.06e-05 7.45e-06 1.1e-05 6.7e-06 1.005e-05 7e-06 6.4e-06 1.01e-05 1.035e-05 9.95e-06 1.19e-05 1.025e-05 1.37e-05 1.075e-05 5.85e-06 1.175e-05 1.11e-05 6.15e-06 9.25e-06 1.335e-05 1.35e-05 8.7e-06 5.9e-06 1.015e-05 9.95e-06 8.1e-06 8.5e-06 1.01e-05 8.85e-06 8.5e-06 1.195e-05 7.7e-06 9.9e-06 1.035e-05 8.7e-06 8.85e-06 8.85e-06 7.85e-06 7.35e-06 9.15e-06 1.25e-05 1.165e-05 9.1e-06 1.12e-05 8.95e-06 1.385e-05 1.055e-05 1.08e-05 7.95e-06 9.9e-06 1.065e-05 8.45e-06 9.3e-06 1.22e-05 9.5e-06 1.32e-05 7.05e-06 1.16e-05 8.1e-06 7.8e-06 7e-06 9e-06 8.6e-06 1.235e-05 9e-06 1.1e-05 8.7e-06 1.41e-05 9.9e-06 1.125e-05 1.085e-05 1.115e-05 8.85e-06 1.21e-05 7.65e-06 8.1e-06 8.6e-06 6.05e-06 1.185e-05 6.65e-06 7.8e-06 7.9e-06 1.18e-05 1.03e-05 1.05e-05 9e-06
17 4.5e-06 9.7e-06 9.4e-06 6.25e-06 1.37e-05 1.47e-05 1.15e-05 1.115e-05 8.35e-06 9.5e-06 1.16e-05 1.275e-05 8.7e-06 8.6e-06 1.05e-05 7.95e-06 6.7e-06 4.5e-06 5.8e-06 8.8e-06 8.75e-06 8.75e-06 9.3e-06 7.7e-06 1.26e-05 1.005e-05 1.155e-05 1.015e-05 3.05e-06 1.085e-05 9.95e-06 6.05e-06 8.5e-06 1.37e-05 1.385e-05 7.45e-06 6.1e-06 1.175e-05 9.15e-06 7.55e-06 6.1e-06 9.3e-06 7e-06 9.65e-06 1.265e-05 7.45e-06 1.16e-05 1.185e-05 9.45e-06 9.7e-06 6.9e-06 1.105e-05 9.25e-06 6.9e-06 1.125e-05 9.45e-06 1.22e-05 1.005e-05 9.3e-06 1.28e-05 9.9e-06 1.045e-05 9.2e-06 8.35e-06 9.9e-06 6.35e-06 8.6e-06 1.28e-05 7.1e-06 1.25e-05 8.8e-06 1.03e-05 6.75e-06 1.155e-05 9.6e-06 5.9e-06 9.8e-06 1.265e-05 9.05e-06 1.02e-05 8.3e-06 1.45e-05 8.85e-06 1.025e-05 1.07e-05 1.18e-05 1.07e-05 1.14e-05 4.9e-06 1.085e-05 9.2e-06 6.35e-06 1.255e-05 9.9e-06 9.6e-06 9.15e-06 1.08e-05 9.65e-06 9.9e-06 7.2e-06
18 8.5e-06 1.215e-05 1.08e-05 9.6e-06 1.33e-05 1.27e-05 1.265e-05 1.22e-05 1.05e-05 1.08e-05 1.315e-05 1.095e-05 1.02e-05 1.115e-05 1.08e-05 1.065e-05 1.005e-05 5.8e-06 9e-06 1.175e-05 1.17e-05 1.06e-05 1.125e-05 9.7e-06 1.075e-05 9.7e-06 9.55e-06 1.16e-05 7.2e-06 1.23e-05 1.18e-05 9.65e-06 1.08e-05 1.185e-05 1.035e-05 9.9e-06 9.8e-06 1.335e-05 1.055e-05 1.02e-05 8.55e-06 9.05e-06 9.4e-06 1.135e-05 1.08e-05 1.05e-05 1.115e-05 1.345e-05 1.16e-05 1.09e-05 8.85e-06 1.23e-05 1.145e-05 8.35e-06 1.25e-05 8.15e-06 1.365e-05 1.135e-05 1.085e-05 1.305e-05 1.165e-05 1.135e-05 1.155e-05 1.025e-05 1.095e-05 8.45e-06 1.01e-05 1.15e-05 9.65e-06 1.195e-05 1.155e-05 1.17e-05 9.55e-06 1.355e-05 1.21e-05 7.85e-06 1.185e-05 1.115e-05 1.16e-05 1.125e-05 1.03e-05 1.25e-05 1.03e-05 1.105e-05 1.255e-05 1.06e-05 1.275e-05 9.95e-06 7.15e-06 1.27e-05 1.07e-05 9.7e-06 1.07e-05 1.235e-05 1.135e-05 1.15e-05 1.13e-05 1.015e-05 1.135e-05 9.6e-06
19 8.3e-06 7.3e-06 9.25e-06 6.75e-06 1.505e-05 1.405e-05 9.7e-06 1.175e-05 8.55e-06 9.95e-06 1.07e-05 1.02e-05 7.35e-06 7.55e-06 1.005e-05 7.4e-06 7e-06 8.8e-06 1.175e-05 8.4e-06 4.25e-06 9.7e-06 1.005e-05 1.14e-05 1.15e-05 1.055e-05 1.465e-05 8.95e-06 9e-06 1.14e-05 1.05e-05 7.05e-06 7.6e-06 1.275e-05 1.29e-05 7.75e-06 6.9e-06 9.9e-06 9.6e-06 6.2e-06 9.75e-06 1.1e-05 8.4e-06 8.3e-06 1.155e-05 4.55e-06 9.1e-06 1e-05 8.3e-06 8.55e-06 1.02e-05 7.1e-06 5.55e-06 1.04e-05 1.245e-05 1.25e-05 8.3e-06 1.055e-05 9.4e-06 1.415e-05 1.03e-05 1.05e-05 7e-06 9.65e-06 1.045e-05 9.65e-06 7.55e-06 1.17e-05 1.06e-05 1.305e-05 4.65e-06 1.12e-05 9.3e-06 6.95e-06 5e-06 9.55e-06 7.95e-06 1.175e-05 7.3e-06 1.065e-05 7.25e-06 1.385e-05 9.6e-06 1.1e-05 9.4e-06 1.025e-05 7.8e-06 1.28e-05 7.9e-06 7.6e-06 6.65e-06 6.75e-06 1.145e-05 5.95e-06 7.3e-06 6.95e-06 1.15e-05 1.02e-05 9e-06 8.65e-06
20 8.25e-06 6.9e-06 9.1e-06 6.15e-06 1.495e-05 1.35e-05 9.1e-06 1.19e-05 7.95e-06 1.01e-05 1.015e-05 9.15e-06 8.05e-06 8.05e-06 9.7e-06 6.85e-06 6.4e-06 8.75e-06 1.17e-05 4.25e-06 6.1e-06 9.65e-06 1.02e-05 1.13e-05 1.115e-05 9.95e-06 1.46e-05 9.4e-06 8.95e-06 1.155e-05 1.05e-05 6.45e-06 7.9e-06 1.22e-05 1.235e-05 7.75e-06 6.3e-06 9.3e-06 9.75e-06 6.7e-06 9.9e-06 1.045e-05 8.7e-06 7.95e-06 1.12e-05 5.2e-06 8.7e-06 9.4e-06 7.75e-06 8.2e-06 1.035e-05 6e-06 5.3e-06 1.055e-05 1.24e-05 1.265e-05 7.2e-06 1.065e-05 8.8e-06 1.405e-05 1.045e-05 1.085e-05 6.4e-06 9.8e-06 1.08e-05 9.8e-06 8.05e-06 1.135e-05 1.055e-05 1.34e-05 4.6e-06 1.115e-05 9.25e-06 5.8e-06 4.05e-06 9.5e-06 7.35e-06 1.12e-05 7.1e-06 1.075e-05 7.75e-06 1.33e-05 9.75e-06 1.115e-05 9e-06 9.9e-06 7.4e-06 1.225e-05 8.05e-06 6.55e-06 6.45e-06 6.15e-06 1.11e-05 4.85e-06 6.9e-06 6.35e-06 1.165e-05 1.055e-05 9.25e-06 8.95e-06
21 6.35e-06 1.015e-05 5.55e-06 9.85e-06 1.285e-05 1.355e-05 6.65e-06 1.15e-05 8.9e-06 6.35e-06 1.17e-05 1.195e-05 9.15e-06 8.1e-06 9.75e-06 8.9e-06 1.01e-05 8.75e-06 1.06e-05 9.7e-06 9.65e-06 0.0 4.45e-06 9.75e-06 1.255e-05 1.14e-05 1.225e-05 9.35e-06 8.5e-06 1.135e-05 8.75e-06 9.9e-06 4.9e-06 1.075e-05 1.1e-05 2.85e-06 1e-05 1.185e-05 5.3e-06 8.55e-06 9.25e-06 1.165e-05 6.75e-06 1.085e-05 1.26e-05 7.4e-06 1.2e-05 1.195e-05 5.85e-06 1.095e-05 9.75e-06 1.235e-05 1.015e-05 9.8e-06 6.2e-06 1.04e-05 1.25e-05 9.7e-06 1.085e-05 1.135e-05 7.55e-06 9.7e-06 5.85e-06 7e-06 9.45e-06 9.15e-06 9.05e-06 1.185e-05 7.45e-06 1.19e-05 9.55e-06 3.55e-06 9.2e-06 1.225e-05 1.035e-05 5.7e-06 7e-06 8.6e-06 8.55e-06 1.06e-05 8.7e-06 1.335e-05 4.9e-06 6.7e-06 1e-05 1.25e-05 9.6e-06 1.07e-05 9.45e-06 1.04e-05 9.45e-06 9.95e-06 1.25e-05 1.145e-05 1.08e-05 5.7e-06 8.35e-06 1.01e-05 9.1e-06 6.95e-06
22 7.9e-06 7.9e-06 6.75e-06 1.01e-05 1.16e-05 1.28e-05 8.4e-06 1.185e-05 9.95e-06 6.95e-06 1.07e-05 1.275e-05 8.45e-06 6.35e-06 9.55e-06 9.75e-06 1.035e-05 9.3e-06 1.125e-05 1.005e-05 1.02e-05 4.45e-06 8.9e-06 9.05e-06 1.14e-05 1.11e-05 1.15e-05 8.75e-06 9.15e-06 9.6e-06 8.7e-06 1.015e-05 7.1e-06 1.14e-05 1.22e-05 5.65e-06 1.025e-05 1.09e-05 6.3e-06 7.95e-06 8.15e-06 1.21e-05 8.3e-06 9.5e-06 1.145e-05 8.25e-06 1.11e-05 1.1e-05 8e-06 9.75e-06 8.95e-06 1.22e-05 1.05e-05 9.15e-06 7.5e-06 8.65e-06 1.195e-05 9.25e-06 1.05e-05 9.4e-06 6.5e-06 8e-06 7.95e-06 7.65e-06 5.85e-06 8.05e-06 8.35e-06 9.8e-06 8.3e-06 9.45e-06 9.9e-06 6.25e-06 9.5e-06 1.15e-05 1.09e-05 7.7e-06 8.7e-06 1.05e-05 7e-06 8.7e-06 7.85e-06 1.255e-05 5.85e-06 7.05e-06 9.7e-06 1.175e-05 9.3e-06 1.195e-05 8.8e-06 1.085e-05 9.65e-06 1.02e-05 1.135e-05 1.13e-05 9.45e-06 7.85e-06 7.45e-06 7.4e-06 8.5e-06 8.5e-06
23 7.55e-06 1.025e-05 9.85e-06 9.45e-06 1.06e-05 1.28e-05 1.085e-05 1.27e-05 1.075e-05 9.8e-06 1.12e-05 1.33e-05 1.05e-05 9.15e-06 1.13e-05 1.085e-05 9.95e-06 7.7e-06 9.7e-06 1.14e-05 1.13e-05 9.75e-06 9.05e-06 1.27e-05 1.235e-05 1.035e-05 1.06e-05 8.45e-06 6.9e-06 1.03e-05 9.5e-06 9.65e-06 1.01e-05 1.225e-05 1.37e-05 9.2e-06 9.8e-06 1.13e-05 9.6e-06 9.55e-06 8.2e-06 1.105e-05 9.4e-06 1.08e-05 1.24e-05 1.005e-05 1.23e-05 1.14e-05 1.12e-05 1.145e-05 8.05e-06 1.265e-05 1.12e-05 8.65e-06 1e-05 9.55e-06 1.23e-05 8.5e-06 1e-05 8.05e-06 1e-05 1.01e-05 1.1e-05 9.8e-06 8.85e-06 8.1e-06 1.04e-05 1.19e-05 7.7e-06 1.175e-05 1.135e-05 9.5e-06 9.25e-06 1.25e-05 1.17e-05 9.3e-06 1.14e-05 1.285e-05 9.55e-06 8.3e-06 9.5e-06 1.27e-05 9.3e-06 1.025e-05 1.03e-05 1.285e-05 1.16e-05 1.235e-05 9.15e-06 1.27e-05 1.135e-05 9.55e-06 1.23e-05 1.24e-05 1.08e-05 1.095e-05 9.2e-06 9.25e-06 8.2e-06 9.6e-06
24 1.26e-05 1.05e-05 9.6e-06 1.18e-05 1.33e-05 1.08e-05 1.27e-05 1.405e-05 1.25e-05 9.8e-06 1.27e-05 7.4e-06 1.005e-05 1.09e-05 9.7e-06 1.17e-05 1.19e-05 1.26e-05 1.075e-05 1.15e-05 1.115e-05 1.255e-05 1.14e-05 1.235e-05 1.29e-05 1.115e-05 1.145e-05 1.18e-05 1.29e-05 1.265e-05 1.33e-05 1.17e-05 1.225e-05 1.045e-05 8.85e-06 1.195e-05 1.195e-05 1.29e-05 9.6e-06 1.025e-05 9.95e-06 9.8e-06 1.285e-05 8.85e-06 6.6e-06 1.165e-05 9.25e-06 1.3e-05 1.175e-05 9.35e-06 9.85e-06 9.05e-06 1.125e-05 1.055e-05 1.385e-05 9.65e-06 1.19e-05 1.245e-05 1.27e-05 1.305e-05 1.19e-05 8.9e-06 1.17e-05 1.15e-05 8.55e-06 9.85e-06 9.95e-06 8.4e-06 1.355e-05 9.7e-06 1.12e-05 1.355e-05 1.26e-05 1.165e-05 1.15e-05 1.26e-05 1.185e-05 9.8e-06 1.105e-05 1.085e-05 9.2e-06 1.06e-05 9.7e-06 1.035e-05 1.32e-05 8.3e-06 1.105e-05 1.04e-05 1.095e-05 1.095e-05 1e-05 1.19e-05 6.45e-06 1.06e-05 8.85e-06 1.165e-05 1.06e-05 6.9e-06 1.155e-05 1.3e-05
25 1.12e-05 1.01e-05 1.105e-05 9.95e-06 1.34e-05 1.15e-05 9.45e-06 1.415e-05 1.04e-05 1.15e-05 1.105e-05 1.04e-05 1.085e-05 1.09e-05 1.04e-05 1.075e-05 1.025e-05 1.005e-05 9.7e-06 1.055e-05 9.95e-06 1.14e-05 1.11e-05 1.035e-05 1.115e-05 1.5e-05 1.09e-05 1.07e-05 1.075e-05 1.155e-05 1.14e-05 9.9e-06 1.15e-05 1.085e-05 1.18e-05 1.105e-05 1.01e-05 1.07e-05 1.125e-05 1.105e-05 1.05e-05 1.085e-05 1.11e-05 1.075e-05 1.12e-05 1.11e-05 1.065e-05 1.08e-05 1.095e-05 1.02e-05 1.085e-05 9.8e-06 1.02e-05 1.025e-05 1.175e-05 1.025e-05 9e-06 1.08e-05 9.1e-06 1.08e-05 1.115e-05 1.17e-05 1.045e-05 1.16e-05 1.055e-05 1.04e-05 1.075e-05 1.09e-05 1.055e-05 1.3e-05 1.03e-05 1.115e-05 1.075e-05 8.7e-06 1.02e-05 1.07e-05 1.07e-05 1.15e-05 1.08e-05 1.045e-05 1.105e-05 1.14e-05 1.115e-05 1.16e-05 1.125e-05 1.095e-05 1.11e-05 1.13e-05 1e-05 1.015e-05 1.005e-05 1.005e-05 1.11e-05 9.75e-06 1.03e-05 1.04e-05 1.05e-05 1.075e-05 1.045e-05 1.13e-05
26 1.245e-05 1.285e-05 1.23e-05 1.33e-05 1.05e-05 9.85e-06 1.24e-05 1.235e-05 1.33e-05 1.22e-05 1.115e-05 1.25e-05 1.26e-05 1.22e-05 1.26e-05 1.38e-05 1.37e-05 1.155e-05 9.55e-06 1.465e-05 1.46e-05 1.225e-05 1.15e-05 1.06e-05 1.145e-05 1.09e-05 1.41e-05 1.17e-05 1.2e-05 1.065e-05 1.055e-05 1.335e-05 1.31e-05 1.08e-05 1.07e-05 1.235e-05 1.355e-05 1.175e-05 1.205e-05 1.295e-05 1.15e-05 1.145e-05 1.255e-05 1.325e-05 1.15e-05 1.375e-05 1.225e-05 1.185e-05 1.365e-05 1.29e-05 1.125e-05 1.405e-05 1.37e-05 1.085e-05 1.045e-05 9.25e-06 1.38e-05 1.125e-05 1.195e-05 8.3e-06 1.215e-05 1.22e-05 1.365e-05 1.24e-05 1.085e-05 1.14e-05 1.25e-05 1.095e-05 1.1e-05 1.2e-05 1.44e-05 1.145e-05 1.205e-05 1.45e-05 1.455e-05 1.185e-05 1.38e-05 1.19e-05 1.265e-05 1.095e-05 1.26e-05 9.3e-06 1.185e-05 1.22e-05 1.095e-05 1.185e-05 1.38e-05 1.15e-05 1.165e-05 1.45e-05 1.34e-05 1.335e-05 1.14e-05 1.48e-05 1.33e-05 1.36e-05 1.07e-05 1.13e-05 1.145e-05 1.275e-05
27 9.6e-06 9.65e-06 9.25e-06 1.055e-05 1.095e-05 1.25e-05 1e-05 1.21e-05 1.13e-05 9.35e-06 1.09e-05 1.225e-05 8.45e-06 7.6e-06 1.07e-05 1.045e-05 1.075e-05 1.015e-05 1.16e-05 8.95e-06 9.4e-06 9.35e-06 8.75e-06 8.45e-06 1.18e-05 1.07e-05 1.17e-05 1.31e-05 1.01e-05 9.95e-06 8.9e-06 1.055e-05 8.4e-06 1.155e-05 1.3e-05 8.25e-06 1.07e-05 1.08e-05 9.15e-06 7.65e-06 9.65e-06 1.235e-05 9.1e-06 1.025e-05 1.185e-05 6.9e-06 1.125e-05 1.09e-05 1.055e-05 1.09e-05 9.45e-06 1.155e-05 9.1e-06 1.005e-05 9.95e-06 1.045e-05 1.12e-05 7.95e-06 1.025e-05 8.4e-06 9.65e-06 9.6e-06 1.03e-05 9.6e-06 8.65e-06 9.55e-06 8.65e-06 1.135e-05 9.2e-06 1.155e-05 8.75e-06 9.05e-06 1.08e-05 1.12e-05 9.45e-06 1e-05 1.055e-05 1.22e-05 7.85e-06 8e-06 7.95e-06 1.24e-05 9e-06 9.95e-06 8.85e-06 1.19e-05 1.075e-05 1.31e-05 9.55e-06 1.18e-05 9.4e-06 1.065e-05 1.175e-05 1.13e-05 1.005e-05 1.025e-05 8.85e-06 9.05e-06 6.6e-06 9.35e-06
28 3e-06 9.95e-06 9.25e-06 5.8e-06 1.38e-05 1.51e-05 1.18e-05 1.155e-05 8.4e-06 9.35e-06 1.19e-05 1.3e-05 9.15e-06 8.5e-06 1.12e-05 7.95e-06 5.85e-06 3.05e-06 7.2e-06 9e-06 8.95e-06 8.5e-06 9.15e-06 6.9e-06 1.29e-05 1.075e-05 1.2e-05 1.01e-05 1.8e-06 1.155e-05 9.95e-06 5.85e-06 8.25e-06 1.385e-05 1.4e-05 7.25e-06 6.15e-06 1.225e-05 9e-06 7.95e-06 5.8e-06 8.75e-06 6.6e-06 9.8e-06 1.295e-05 7.3e-06 1.205e-05 1.235e-05 9.5e-06 1.04e-05 6.2e-06 1.17e-05 9.65e-06 6.75e-06 1.12e-05 9.65e-06 1.28e-05 1.04e-05 9.45e-06 1.29e-05 1.015e-05 1.075e-05 9.35e-06 8.75e-06 9.95e-06 5.75e-06 9.05e-06 1.31e-05 6.05e-06 1.255e-05 8.95e-06 1e-05 6.15e-06 1.2e-05 9.9e-06 6.95e-06 9.9e-06 1.285e-05 8.95e-06 1.085e-05 8.2e-06 1.49e-05 8.8e-06 1.015e-05 1.07e-05 1.275e-05 1.095e-05 1.135e-05 6.7e-06 1.13e-05 9.65e-06 5.9e-06 1.285e-05 1.035e-05 1e-05 9.3e-06 1.07e-05 9.7e-06 9.85e-06 6.75e-06
29 1.13e-05 9.75e-06 1.075e-05 1.15e-05 1.045e-05 1.11e-05 1.115e-05 1.115e-05 1.225e-05 1.065e-05 9.75e-06 1.435e-05 9.95e-06 9.15e-06 1.13e-05 1.165e-05 1.175e-05 1.085e-05 1.23e-05 1.14e-05 1.155e-05 1.135e-05 9.6e-06 1.03e-05 1.265e-05 1.155e-05 1.065e-05 9.95e-06 1.155e-05 1.29e-05 8.35e-06 1.145e-05 1.12e-05 1.32e-05 1.465e-05 1.07e-05 1.165e-05 9.1e-06 1.04e-05 9.15e-06 1.065e-05 1.36e-05 1.155e-05 1.075e-05 1.27e-05 1.055e-05 1.12e-05 9.2e-06 1.175e-05 1.04e-05 1.045e-05 1.235e-05 1.105e-05 1.005e-05 9e-06 1.1e-05 1.155e-05 9.8e-06 1.04e-05 8.2e-06 9.9e-06 9.65e-06 1.155e-05 1.035e-05 8.8e-06 1.055e-05 9.85e-06 1.175e-05 1.1e-05 1.1e-05 1.115e-05 1.115e-05 1.085e-05 1.155e-05 1.18e-05 1.105e-05 1.18e-05 1.38e-05 9.8e-06 7.75e-06 9.95e-06 1.16e-05 1.03e-05 1.13e-05 9.6e-06 1.12e-05 1.065e-05 1.435e-05 8.3e-06 1.22e-05 1.145e-05 1.16e-05 1.26e-05 1.17e-05 1.06e-05 1.15e-05 1.025e-05 9.65e-06 9.7e-06 1.175e-05
30 9.2e-06 1.03e-05 1.005e-05 1.085e-05 1.045e-05 1.12e-05 1.01e-05 1.025e-05 1.16e-05 1.015e-05 9.75e-06 1.385e-05 9.95e-06 8.5e-06 1.195e-05 1.055e-05 1.11e-05 9.95e-06 1.18e-05 1.05e-05 1.05e-05 8.75e-06 8.7e-06 9.5e-06 1.33e-05 1.14e-05 1.055e-05 8.9e-06 9.95e-06 8.35e-06 1.29e-05 1.085e-05 8.9e-06 1.215e-05 1.36e-05 7.7e-06 1.1e-05 9.25e-06 9.75e-06 9.05e-06 1.035e-05 1.295e-05 9.6e-06 1.125e-05 1.335e-05 8.35e-06 1.24e-05 9.3e-06 1.045e-05 1.145e-05 1.015e-05 1.265e-05 1.03e-05 1.03e-05 7.65e-06 1.1e-05 1.18e-05 8.9e-06 1e-05 8.2e-06 9.6e-06 1.115e-05 1.04e-05 1.025e-05 9.7e-06 1.025e-05 9.8e-06 1.23e-05 9e-06 1.195e-05 1.03e-05 8.65e-06 1.025e-05 1.2e-05 1.075e-05 9.8e-06 1.085e-05 1.28e-05 9e-06 9.5e-06 9.4e-06 1.175e-05 9.5e-06 1.065e-05 8.4e-06 1.295e-05 1.165e-05 1.37e-05 9.8e-06 1.22e-05 1.06e-05 1.095e-05 1.325e-05 1.19e-05 1.125e-05 1.035e-05 9.55e-06 1.065e-05 8.6e-06 9.9e-06
31 6.65e-06 8.2e-06 9.55e-06 6.05e-06 1.45e-05 1.405e-05 1.025e-05 1.205e-05 8.05e-06 1.01e-05 1.03e-05 1.09e-05 9.2e-06 8.9e-06 1.04e-05 6.75e-06 6.15e-06 6.05e-06 9.65e-06 7.05e-06 6.45e-06 9.9e-06 1.015e-05 9.65e-06 1.17e-05 9.9e-06 1.335e-05 1.055e-05 5.85e-06 1.145e-05 1.085e-05 1.06e-05 9.05e-06 1.315e-05 1.33e-05 8.5e-06 5.9e-06 1.04e-05 9.75e-06 7.9e-06 7.95e-06 9.8e-06 8.55e-06 8.15e-06 1.175e-05 7.5e-06 9.45e-06 1.05e-05 8.35e-06 8.5e-06 8.55e-06 8.1e-06 7.6e-06 8.85e-06 1.225e-05 1.135e-05 8.7e-06 1.09e-05 8.45e-06 1.36e-05 1.035e-05 1.08e-05 8e-06 9.6e-06 1.045e-05 8.15e-06 9.1e-06 1.2e-05 9.2e-06 1.3e-05 6.6e-06 1.14e-05 7.8e-06 7.3e-06 7.25e-06 8.7e-06 8.15e-06 1.215e-05 8.8e-06 1.075e-05 8.5e-06 1.385e-05 9.7e-06 1.105e-05 1.06e-05 1.09e-05 8.9e-06 1.18e-05 7.3e-06 7.55e-06 8.4e-06 6.15e-06 1.165e-05 5.95e-06 8e-06 7.95e-06 1.16e-05 1.01e-05 1.03e-05 8.7e-06
32 6.95e-06 9.65e-06 7.45e-06 9.05e-06 1.35e-05 1.4e-05 8.9e-06 1.13e-05 8.65e-06 6.85e-06 1.165e-05 1.155e-05 7.75e-06 6.9e-06 9.55e-06 8.25e-06 9.25e-06 8.5e-06 1.08e-05 7.6e-06 7.9e-06 4.9e-06 7.1e-06 1.01e-05 1.225e-05 1.15e-05 1.31e-05 8.4e-06 8.25e-06 1.12e-05 8.9e-06 9.05e-06 8.2e-06 1.155e-05 1.175e-05 4.6e-06 9.2e-06 1.165e-05 7.3e-06 6.55e-06 9.15e-06 1.15e-05 5.6e-06 1.005e-05 1.23e-05 4.5e-06 1.115e-05 1.175e-05 7.75e-06 1.04e-05 9.4e-06 1.11e-05 8e-06 9.7e-06 9.15e-06 1.095e-05 1.175e-05 9.75e-06 1.055e-05 1.23e-05 8.85e-06 9.35e-06 7.5e-06 7.2e-06 9.65e-06 9.05e-06 7.6e-06 1.2e-05 8.2e-06 1.205e-05 7.4e-06 6.75e-06 9.35e-06 1.12e-05 8.5e-06 6.4e-06 7.1e-06 9.4e-06 7.7e-06 1.04e-05 7.05e-06 1.38e-05 7.15e-06 7.4e-06 9.45e-06 1.18e-05 9.05e-06 1.11e-05 8.65e-06 1.03e-05 7.95e-06 9.15e-06 1.22e-05 1.015e-05 9.85e-06 7.45e-06 9.2e-06 9.85e-06 8.1e-06 6e-06
33 1.28e-05 1.235e-05 1.155e-05 1.32e-05 1.32e-05 1.035e-05 1.05e-05 1.48e-05 1.32e-05 1.185e-05 1.235e-05 9.15e-06 1.25e-05 1.21e-05 1.205e-05 1.265e-05 1.335e-05 1.37e-05 1.185e-05 1.275e-05 1.22e-05 1.075e-05 1.14e-05 1.225e-05 1.045e-05 1.085e-05 1.08e-05 1.155e-05 1.385e-05 1.32e-05 1.215e-05 1.315e-05 1.155e-05 1.59e-05 8.25e-06 1.11e-05 1.335e-05 1.265e-05 1.175e-05 1.265e-05 1.3e-05 1.1e-05 1.285e-05 1.275e-05 1.05e-05 1.225e-05 1.155e-05 1.275e-05 1.185e-05 1.25e-05 1.275e-05 1.135e-05 1.18e-05 1.245e-05 1.175e-05 1.1e-05 1.16e-05 1.22e-05 1.19e-05 1.115e-05 1.225e-05 1.32e-05 1.175e-05 1.275e-05 1.205e-05 1.29e-05 1.24e-05 1.005e-05 1.085e-05 1.325e-05 1.25e-05 9.65e-06 1.35e-05 1.22e-05 1.215e-05 1.225e-05 1.185e-05 9.55e-06 1.205e-05 1.205e-05 1.24e-05 1e-05 1.165e-05 1.195e-05 1.195e-05 1.08e-05 1.31e-05 1.1e-05 1.335e-05 1.24e-05 1.16e-05 1.33e-05 1.04e-05 1.26e-05 1.27e-05 1.17e-05 1.005e-05 1.24e-05 1.13e-05 1.305e-05
34 1.295e-05 1.31e-05 1.175e-05 1.335e-05 1.38e-05 1.015e-05 1.2e-05 1.41e-05 1.34e-05 1.205e-05 1.39e-05 7.65e-06 1.24e-05 1.285e-05 1.2e-05 1.28e-05 1.35e-05 1.385e-05 1.035e-05 1.29e-05 1.235e-05 1.1e-05 1.22e-05 1.37e-05 8.85e-06 1.18e-05 1.07e-05 1.3e-05 1.4e-05 1.465e-05 1.36e-05 1.33e-05 1.175e-05 8.25e-06 9.6e-06 1.13e-05 1.35e-05 1.41e-05 1.195e-05 1.28e-05 1.29e-05 9.5e-06 1.305e-05 1.29e-05 9e-06 1.24e-05 1.005e-05 1.42e-05 1.205e-05 1.24e-05 1.31e-05 1.165e-05 1.215e-05 1.255e-05 1.325e-05 1.01e-05 1.305e-05 1.365e-05 1.335e-05 1.4e-05 1.305e-05 1.34e-05 1.195e-05 1.295e-05 1.255e-05 1.28e-05 1.23e-05 9.15e-06 1.27e-05 1.225e-05 1.265e-05 1.14e-05 1.37e-05 1.34e-05 1.245e-05 1.245e-05 1.205e-05 8.1e-06 1.28e-05 1.35e-05 1.255e-05 9.9e-06 1.185e-05 1.19e-05 1.35e-05 9.3e-06 1.33e-05 9.45e-06 1.35e-05 1.26e-05 1.15e-05 1.345e-05 8.8e-06 1.275e-05 1.285e-05 1.19e-05 1.165e-05 1.23e-05 1.275e-05 1.325e-05
35 5.65e-06 9.2e-06 6.45e-06 8.45e-06 1.275e-05 1.365e-05 7.95e-06 1.04e-05 8.8e-06 6.8e-06 1.105e-05 1.155e-05 7.6e-06 6.75e-06 9.75e-06 7.65e-06 8.7e-06 7.45e-06 9.9e-06 7.75e-06 7.75e-06 2.85e-06 5.65e-06 9.2e-06 1.195e-05 1.105e-05 1.235e-05 8.25e-06 7.25e-06 1.07e-05 7.7e-06 8.5e-06 4.6e-06 1.11e-05 1.13e-05 5.7e-06 8.6e-06 1.12e-05 6.15e-06 6.65e-06 8.25e-06 1.1e-05 6.15e-06 9.5e-06 1.2e-05 4.95e-06 1.115e-05 1.13e-05 6.5e-06 9.8e-06 8.7e-06 1.105e-05 8.35e-06 8.95e-06 7.7e-06 1.02e-05 1.16e-05 8.85e-06 1.02e-05 1.155e-05 7.75e-06 9.45e-06 6.45e-06 7.25e-06 8.9e-06 8.15e-06 7.45e-06 1.165e-05 7.2e-06 1.145e-05 7.6e-06 5.3e-06 8.45e-06 1.115e-05 8.45e-06 6e-06 7.2e-06 9.55e-06 7.25e-06 9.9e-06 6.95e-06 1.345e-05 5.75e-06 7.3e-06 9e-06 1.17e-05 9.5e-06 1.135e-05 8e-06 9.85e-06 7.9e-06 8.55e-06 1.19e-05 9.9e-06 9.45e-06 6.35e-06 8.35e-06 9.15e-06 7.95e-06 6.45e-06
36 6.75e-06 8.05e-06 9.75e-06 5.65e-06 1.47e-05 1.425e-05 1.045e-05 1.225e-05 7.75e-06 1.03e-05 1.09e-05 1.115e-05 9.3e-06 9e-06 1.055e-05 7.7e-06 5.9e-06 6.1e-06 9.8e-06 6.9e-06 6.3e-06 1e-05 1.025e-05 9.8e-06 1.195e-05 1.01e-05 1.355e-05 1.07e-05 6.15e-06 1.165e-05 1.1e-05 5.9e-06 9.2e-06 1.335e-05 1.35e-05 8.6e-06 1.08e-05 1.005e-05 9.95e-06 8e-06 8e-06 9.95e-06 8.7e-06 8.75e-06 1.2e-05 7.6e-06 1.005e-05 1.025e-05 8.85e-06 9e-06 8.8e-06 7.9e-06 7.35e-06 9e-06 1.24e-05 1.15e-05 9.3e-06 1.11e-05 9.05e-06 1.38e-05 1.055e-05 1.075e-05 7.85e-06 9.75e-06 1.055e-05 8.25e-06 9.2e-06 1.215e-05 9.35e-06 1.315e-05 7.15e-06 1.155e-05 8e-06 8.15e-06 6.95e-06 8.8e-06 8.7e-06 1.23e-05 8.9e-06 1.095e-05 8.7e-06 1.405e-05 9.8e-06 1.12e-05 1.075e-05 1.11e-05 8.8e-06 1.205e-05 7.45e-06 8.4e-06 8.5e-06 5.85e-06 1.19e-05 6.95e-06 7.8e-06 7.8e-06 1.175e-05 1.03e-05 1.045e-05 8.9e-06
37 1.19e-05 9.1e-06 1.15e-05 9.9e-06 1.175e-05 1.095e-05 1.005e-05 1.2e-05 1.065e-05 1.195e-05 9.3e-06 1.275e-05 1.15e-05 1.04e-05 1.19e-05 1.08e-05 1.015e-05 1.175e-05 1.335e-05 9.9e-06 9.3e-06 1.185e-05 1.09e-05 1.13e-05 1.29e-05 1.07e-05 1.175e-05 1.08e-05 1.225e-05 9.1e-06 9.25e-06 1.04e-05 1.165e-05 1.265e-05 1.41e-05 1.12e-05 1.005e-05 1.55e-05 1.17e-05 1.06e-05 1.205e-05 1.315e-05 1.21e-05 1.07e-05 1.295e-05 1.095e-05 1.105e-05 8e-06 1.09e-05 1.065e-05 1.185e-05 9.65e-06 9.4e-06 1.175e-05 9.9e-06 1.255e-05 9.1e-06 1.065e-05 9.35e-06 9.5e-06 1.105e-05 1.175e-05 1.01e-05 1.18e-05 1.09e-05 1.195e-05 1.14e-05 1.2e-05 1.16e-05 1.31e-05 9.95e-06 1.165e-05 1.11e-05 8.8e-06 9.35e-06 1.185e-05 1.065e-05 1.325e-05 1.03e-05 1.025e-05 1.12e-05 1.145e-05 1.16e-05 1.26e-05 9.7e-06 1.21e-05 1.015e-05 1.39e-05 1.055e-05 1e-05 1.1e-05 1.01e-05 1.285e-05 9.2e-06 9.8e-06 1.005e-05 1.155e-05 1.175e-05 1.055e-05 1.23e-05
38 7.85e-06 9e-06 5.9e-06 9.8e-06 1.23e-05 1.315e-05 9.45e-06 1.185e-05 9.95e-06 6.05e-06 1.16e-05 1.09e-05 8e-06 7.55e-06 8.9e-06 9.4e-06 9.95e-06 9.15e-06 1.055e-05 9.6e-06 9.75e-06 5.3e-06 6.3e-06 9.6e-06 9.6e-06 1.125e-05 1.205e-05 9.15e-06 9e-06 1.04e-05 9.75e-06 9.75e-06 7.3e-06 1.175e-05 1.195e-05 6.15e-06 9.95e-06 1.17e-05 1.04e-05 7.3e-06 7.7e-06 1.135e-05 8.45e-06 8.4e-06 9.65e-06 7.9e-06 1.04e-05 1.18e-05 8.2e-06 9.25e-06 7.8e-06 1.075e-05 9.95e-06 8.8e-06 9.05e-06 9.45e-06 1.235e-05 9.7e-06 1.12e-05 1.11e-05 8.05e-06 7e-06 7.95e-06 7.5e-06 6.8e-06 7.6e-06 7.9e-06 1.045e-05 9.35e-06 9.45e-06 9.35e-06 7.6e-06 9.6e-06 1.17e-05 1.04e-05 8e-06 8.75e-06 1.02e-05 8.2e-06 9e-06 6.8e-06 1.295e-05 5.5e-06 7e-06 1.065e-05 1.075e-05 9.15e-06 1.15e-05 8.4e-06 1.07e-05 9.1e-06 9.9e-06 9.6e-06 1.07e-05 8.3e-06 8e-06 8.1e-06 6.1e-06 8.9e-06 8.6e-06
39 7.35e-06 7.65e-06 7.5e-06 7.85e-06 1.28e-05 1.36e-05 1.045e-05 1.085e-05 9.5e-06 7.65e-06 1.085e-05 1.095e-05 6.05e-06 5.55e-06 8.5e-06 8e-06 8.1e-06 7.55e-06 1.02e-05 6.2e-06 6.7e-06 8.55e-06 7.95e-06 9.55e-06 1.025e-05 1.105e-05 1.295e-05 7.65e-06 7.95e-06 9.15e-06 9.05e-06 7.9e-06 6.55e-06 1.265e-05 1.28e-05 6.65e-06 8e-06 1.06e-05 7.3e-06 6.7e-06 7.5e-06 1.095e-05 7.25e-06 7.65e-06 1.03e-05 3.65e-06 8.4e-06 1.07e-05 8.8e-06 8.3e-06 7.9e-06 9.2e-06 6.65e-06 8.5e-06 1.095e-05 1.015e-05 1.07e-05 9.25e-06 1.015e-05 1.19e-05 8.75e-06 6.75e-06 8.3e-06 6.85e-06 7.2e-06 7.4e-06 5.9e-06 1.065e-05 9.5e-06 1e-05 6.05e-06 1.005e-05 8.95e-06 9.65e-06 7.4e-06 8.25e-06 8.75e-06 1.165e-05 6.55e-06 8e-06 5.05e-06 1.34e-05 7.3e-06 8.7e-06 9.25e-06 9.4e-06 7.85e-06 1.26e-05 5.85e-06 9.75e-06 7e-06 7.95e-06 1.02e-05 8.4e-06 7.2e-06 8.25e-06 9.2e-06 6.75e-06 7.35e-06 7.5e-06
40 6.5e-06 8.8e-06 8.15e-06 8.2e-06 1.275e-05 1.365e-05 1.195e-05 1.205e-05 1e-05 8e-06 1.19e-05 1.165e-05 7.6e-06 7.65e-06 9.2e-06 9.5e-06 8.5e-06 6.1e-06 8.55e-06 9.75e-06 9.9e-06 9.25e-06 8.15e-06 8.2e-06 9.95e-06 1.05e-05 1.15e-05 9.65e-06 5.8e-06 1.065e-05 1.035e-05 7.95e-06 9.15e-06 1.3e-05 1.29e-05 8.25e-06 8e-06 1.205e-05 7.7e-06 7.5e-06 1.01e-05 9.9e-06 8.6e-06 8.35e-06 1e-05 8.35e-06 1.07e-05 1.215e-05 1.02e-05 8.65e-06 6.5e-06 1.115e-05 1.035e-05 6.75e-06 1.13e-05 8.35e-06 1.29e-05 1e-05 1.085e-05 1.165e-05 9e-06 7.65e-06 9.95e-06 8.55e-06 6.05e-06 5.3e-06 7.5e-06 1.055e-05 8.7e-06 8.9e-06 9.75e-06 1.07e-05 8.3e-06 1.225e-05 1.075e-05 8.55e-06 1.05e-05 1.2e-05 8.3e-06 9.25e-06 6.95e-06 1.345e-05 7.3e-06 8e-06 1.115e-05 1.095e-05 1.02e-05 1.17e-05 7.35e-06 1.155e-05 8.9e-06 8.3e-06 9.9e-06 1.09e-05 8.3e-06 9.9e-06 8.5e-06 5.4e-06 9.4e-06 8.8e-06
41 9.15e-06 1.155e-05 1.11e-05 9.55e-06 1.445e-05 1.185e-05 1.245e-05 1.375e-05 1.105e-05 1.16e-05 1.305e-05 8.8e-06 1.12e-05 1.165e-05 1.12e-05 1.095e-05 1.01e-05 9.3e-06 9.05e-06 1.1e-05 1.045e-05 1.165e-05 1.21e-05 1.105e-05 9.8e-06 1.085e-05 1.145e-05 1.235e-05 8.75e-06 1.36e-05 1.295e-05 9.8e-06 1.15e-05 1.1e-05 9.5e-06 1.1e-05 9.95e-06 1.315e-05 1.135e-05 1.095e-05 9.9e-06 1.65e-05 1.09e-05 1.11e-05 9.85e-06 1.085e-05 1.075e-05 1.325e-05 1.145e-05 1.105e-05 1.025e-05 1.015e-05 1.1e-05 1.015e-05 1.36e-05 1.035e-05 1.225e-05 1.29e-05 1.165e-05 1.42e-05 1.29e-05 1.215e-05 1.115e-05 1.175e-05 1.17e-05 9.8e-06 1.11e-05 1.045e-05 1.09e-05 1.275e-05 1.095e-05 1.275e-05 1.055e-05 1.205e-05 1.1e-05 1.095e-05 1.16e-05 1.03e-05 1.16e-05 1.255e-05 1.09e-05 1.17e-05 1.125e-05 1.2e-05 1.28e-05 9.9e-06 1.195e-05 9.9e-06 1.045e-05 1.135e-05 1.035e-05 9.55e-06 9.75e-06 1.09e-05 1.1e-05 1.11e-05 1.225e-05 1.1e-05 1.21e-05 1.11e-05
