 slim_337505915 slim_337506038 slim_337506086 slim_337506059 slim_337506023 slim_337506063 slim_337505978 slim_337506067 slim_337505961 slim_337506074 slim_337505851 slim_337506060 slim_337506076 slim_337505914 slim_337506007 slim_337506081 slim_337505780 slim_337505479 slim_337506079 slim_337505980 slim_337506045 slim_337506025 slim_337505999 slim_337505866 slim_337505923 slim_337505890 slim_337505598 slim_337506031 slim_337506073 slim_337506083 slim_337506049 slim_337505929 slim_337505823 slim_337505964 slim_337506064 slim_337505895 slim_337506011 slim_337505957 slim_337506093 slim_337506026 slim_337505936 slim_337506088 slim_337505989 slim_337505969 slim_337505897 slim_337505976 slim_337506085 slim_337506009 slim_337505833 slim_337506035 slim_337506061 slim_337506006 slim_337505941 slim_337505951 slim_337505756 slim_337505749 slim_337506046 slim_337506029 slim_337506069 slim_337505667 slim_337506043 slim_337505992 slim_337505896 slim_337505988 slim_337505930 slim_337506062 slim_337506078 slim_337506071 slim_337506021 slim_337506004 slim_337506065 slim_337506068 slim_337505933 slim_337505993 slim_337506030 slim_337505894 slim_337506014 slim_337506070 slim_337506053 slim_337505996 slim_337506008 slim_337505852 slim_337506017 slim_337505995 slim_337506082 slim_337505847 slim_337506066 slim_337506032 slim_337505814 slim_337506048 slim_337505983 slim_337506040 slim_337505900 slim_337505886 slim_337506090 slim_337506084 slim_337505985 slim_337506028 slim_337505981 slim_337506094
0 2.6e-06 0.0005351 0.0003896 0.00049315 6.225e-05 0.00024955 0.00049615 1.4e-06 0.00031775 0.000249 0.00051125 2.8e-06 0.00013115 1.95e-06 2.5e-06 6.905e-05 0.00019645 6.805e-05 8.265e-05 1.9e-06 2.1e-06 0.0003782 0.00026495 1.7e-06 0.00025605 0.0005116 0.000124 9.695e-05 0.0004582 0.00026495 0.00039045 0.00019535 0.00028955 0.00025265 2.77e-05 5.845e-05 0.000257 0.00046895 1.345e-05 0.00052695 0.00056815 0.00012395 0.00026495 0.000309 2.74e-05 2.7e-06 2.15e-06 1.315e-05 0.00013135 0.000131 0.0005217 0.00044355 0.0003679 1.3e-06 0.0001234 0.00024925 0.00019005 1.315e-05 0.00013365 0.0003469 2.85e-06 0.00020045 0.000124 2.65e-06 2.05e-06 0.0001237 3e-06 0.0002735 1.8e-06 1.32e-05 2.715e-05 1.23e-05 0.00045815 0.00024595 0.00012395 2.15e-06 0.000348 2.75e-05 5.795e-05 2.6e-06 0.0001766 0.00012405 0.0002496 0.00028965 0.0002466 0.00024955 0.0002598 0.0001955 1.32e-05 0.0001563 0.000249 0.0002491 0.00032415 1.2e-05 0.0002643 2.95e-06 0.0001306 0.00014895 0.0001316 0.00026495
1 0.0005351 0.0003302 0.00016805 0.00019475 0.00047735 0.00036725 0.00019895 0.000535 0.00023725 0.0003668 0.0001834 0.00053515 0.00047775 0.00053485 0.00053495 0.00047505 0.0003506 0.0004775 0.00046195 0.00053495 0.00053495 0.0003099 0.00035175 0.0005349 0.000293 0.00018375 0.00042165 0.0005172 0.0001682 0.0003517 0.00016585 0.0003504 0.00033375 0.00036445 0.0005173 0.0004792 0.0003589 0.0002367 0.00053135 0.00016845 0.00016725 0.00042175 0.00035185 0.00030935 0.000517 0.00053515 0.000535 0.0005311 0.0004778 0.0004776 0.0001788 0.00018295 0.0002496 0.000535 0.00042165 0.0003671 0.0003501 0.00053115 0.00041915 0.00034995 0.0005353 0.00034605 0.00042165 0.0005352 0.00053495 0.0004216 0.00053515 0.0003441 0.0005349 0.00053105 0.00051735 0.0005323 0.00016815 0.00036295 0.00042175 0.00053475 0.00035035 0.0005172 0.000479 0.00053505 0.00036365 0.0004217 0.0003672 0.00033385 0.00036295 0.0003671 0.0004204 0.0003504 0.00053105 0.00046005 0.00036705 0.00036695 0.00029385 0.00053215 0.00035155 0.00053525 0.00047765 0.0004039 0.0004779 0.00035185
2 0.0003896 0.00016805 9.1e-06 0.00017585 0.0003296 0.0002812 0.0001728 0.00038955 7.735e-05 0.00028115 0.00015725 0.00038955 0.00039885 0.00038935 0.0003894 0.00032265 0.00019745 0.0003354 0.00030925 0.0003895 0.00038935 0.0002905 0.00026565 0.0003894 0.00013775 0.0001571 0.00026925 0.0004334 7.365e-05 0.00026545 4.7e-06 0.00019715 0.0002409 0.0002787 0.00036495 0.00033365 0.00027325 0.0002334 0.000379 0.0001424 0.00018515 0.00026935 0.0002657 0.0002215 0.00036465 0.0003896 0.0003895 0.0003787 0.0003989 0.0003987 0.0001802 8.94e-05 0.00016395 0.0003895 0.0002693 0.00028105 0.0002038 0.00037875 0.0002599 0.00035345 0.0003898 0.0001929 0.00026915 0.00038965 0.00038935 0.0002692 0.00038965 0.00025665 0.0003894 0.00037855 0.00036505 0.0003798 7.35e-05 0.0002842 0.00026935 0.00038925 0.00035395 0.00036485 0.0003335 0.0003895 0.0002159 0.0002693 0.0002812 0.000241 0.00028415 0.00028105 0.00040815 0.000197 0.00037865 0.00037435 0.0002809 0.0002813 0.0002056 0.00037965 0.0002653 0.0003897 0.0003988 0.0002447 0.00039905 0.0002657
3 0.00049315 0.00019475 0.00017585 3.39e-05 0.0004332 0.00025655 1.835e-05 0.00049305 0.00024785 0.000255 2.695e-05 0.0004932 0.0003646 0.0004929 0.000493 0.0004381 0.0003336 0.0004276 0.00042255 0.000493 0.000493 0.000128 0.00026515 0.00049295 0.0002738 2.83e-05 0.0004073 0.00043345 0.00010535 0.0002651 0.00017445 0.0003332 0.00027385 0.0002789 0.00050205 0.0004373 0.0002561 0.0002679 0.00049435 3.625e-05 8.12e-05 0.0004074 0.00026515 0.0001953 0.00050175 0.0004932 0.00049305 0.0004941 0.00036465 0.00036445 0.0002081 9.72e-05 0.00016945 0.00049305 0.0004073 0.0002564 0.00033405 0.00049415 0.0004074 0.0003535 0.00049335 0.00033495 0.0004073 0.00049325 0.000493 0.00040725 0.0004932 0.00025605 0.00049295 0.00049405 0.0005021 0.00049295 0.0001052 0.00025505 0.0004074 0.0004928 0.000354 0.00050195 0.0004371 0.0004931 0.00034735 0.00040735 0.0002565 0.00027395 0.00025505 0.0002564 0.00023605 0.0003332 0.00049405 0.0003736 0.00025635 0.00025515 0.00020505 0.0004928 0.00026495 0.0004933 0.0003645 0.00041625 0.00036475 0.00026515
4 6.225e-05 0.00047735 0.0003296 0.0004332 0.0001207 0.0002492 0.0004362 6.245e-05 0.00031735 0.00024875 0.0004513 6.125e-05 0.0001433 6.195e-05 6.095e-05 0.00012775 0.00019585 6.67e-05 0.00014215 6.21e-05 6.19e-05 0.00033075 0.00026405 6.195e-05 0.00019535 0.00045165 0.0001824 0.0001567 0.00039825 0.00026435 0.0003305 0.0001959 0.00028965 0.00026465 8.66e-05 0.00011745 0.0002565 0.00047065 7.2e-05 0.000467 0.00050915 0.00018305 0.00026385 0.0002483 8.7e-05 6.11e-05 6.21e-05 7.16e-05 0.0001427 0.00014315 0.0004637 0.0003836 0.0003674 6.215e-05 0.00018335 0.00024905 0.0001896 7.225e-05 0.00019285 0.0003495 6.23e-05 0.00019995 0.00018285 6.12e-05 6.19e-05 0.000183 6.22e-05 0.00026415 6.195e-05 7.205e-05 8.77e-05 7.07e-05 0.0003982 0.0002465 0.00018305 6.15e-05 0.00034905 8.655e-05 0.00011765 6.1e-05 0.0001759 0.00018245 0.0002487 0.00028975 0.0002454 0.0002484 0.00022485 0.0001958 7.15e-05 0.0001689 0.0002493 0.0002489 0.0002635 7.12e-05 0.0002646 6.055e-05 0.0001436 0.0002085 0.0001438 0.0002638
5 0.00024955 0.00036725 0.0002812 0.00025655 0.0002492 0.0004966 0.00024905 0.0002498 0.0002817 0.0002492 0.00026455 0.0002495 0.0002486 0.00024945 0.00024905 0.00025025 0.0002653 0.0002493 0.0002487 0.00024945 0.0002495 0.00024865 0.00026465 0.00024925 0.00026525 0.0002642 0.0002657 0.00026545 0.00028005 0.00026455 0.0002812 0.0002649 0.0002801 0.0002656 0.0002651 0.00024925 0.0002573 0.00036725 0.0002506 0.00028045 0.00032325 0.00026525 0.0002649 0.0002495 0.00026485 0.0002489 0.0002496 0.0002503 0.0002492 0.0002488 0.0003672 0.00026505 0.00027285 0.00024945 0.00026595 0.00024865 0.00026565 0.0002498 0.00026555 0.00035085 0.0002496 0.00026645 0.0002657 0.0002493 0.0002495 0.00026545 0.0002497 0.00026445 0.00024925 0.00025025 0.0002654 0.00024925 0.0002802 0.0002567 0.00026525 0.0002488 0.0003512 0.000265 0.00024955 0.000249 0.00026555 0.00026575 0.00024905 0.0002802 0.00025645 0.0002489 0.0002489 0.00026485 0.00025025 0.00026495 0.0002489 0.0002493 0.00026425 0.00024875 0.0002646 0.00024955 0.0002493 0.00028145 0.0002495 0.0002649
6 0.00049615 0.00019895 0.0001728 1.835e-05 0.0004362 0.00024905 3.1e-06 0.00049605 0.00024535 0.0002488 1.74e-05 0.0004962 0.0003673 0.0004959 0.000496 0.0004316 0.000334 0.0004306 0.0004156 0.000496 0.000496 0.0001202 0.00026465 0.00049595 0.0002742 1.77e-05 0.0004074 0.00043325 0.00010215 0.0002646 0.00017165 0.0003333 0.0002704 0.0002787 0.00050195 0.0004403 0.00025705 0.00026525 0.00048785 3.37e-05 7.83e-05 0.0004075 0.00026505 0.0001891 0.00050165 0.0004962 0.00049605 0.0004876 0.00036735 0.00036715 0.0002123 8.71e-05 0.000177 0.00049605 0.0004074 0.0002489 0.000341 0.00048765 0.0003978 0.00035375 0.00049635 0.0003324 0.0004074 0.00049625 0.000496 0.00040735 0.0004962 0.0002556 0.00049595 0.00048755 0.000502 0.00048625 0.00010225 0.00026565 0.0004075 0.0004958 0.00035425 0.00050185 0.0004401 0.0004961 0.0003543 0.00040745 0.0002489 0.0002705 0.00026565 0.00024885 0.00023845 0.0003333 0.00048755 0.0003732 0.00024885 0.00024895 0.0002047 0.0004861 0.00026445 0.0004963 0.0003672 0.00041325 0.00036745 0.00026505
7 1.4e-06 0.000535 0.00038955 0.00049305 6.245e-05 0.0002498 0.00049605 2e-07 0.0003178 0.00024935 0.00051115 2.95e-06 0.00013145 1.55e-06 2.95e-06 6.935e-05 0.00019655 6.825e-05 8.27e-05 1.25e-06 1.75e-06 0.00037815 0.0002649 1.5e-06 0.00025605 0.0005115 0.00012425 9.65e-05 0.0004581 0.00026505 0.00039035 0.0001947 0.00028905 0.00025275 2.74e-05 5.875e-05 0.0002571 0.000469 1.36e-05 0.00052685 0.00056805 0.00012435 0.00026505 0.000309 2.71e-05 3.15e-06 1.8e-06 1.345e-05 0.0001315 0.0001313 0.00052165 0.00044345 0.00036795 1.3e-06 0.00012295 0.00024935 0.00019015 1.36e-05 0.00013405 0.0003466 3.3e-06 0.00020055 0.00012425 3.2e-06 1.65e-06 0.0001242 3.15e-06 0.00027325 1.7e-06 1.35e-05 2.615e-05 1.26e-05 0.00045805 0.0002453 0.00012435 2.35e-06 0.0003481 2.72e-05 5.755e-05 3.05e-06 0.00017675 0.0001243 0.00024955 0.00028915 0.0002467 0.00024965 0.0002598 0.0001951 1.35e-05 0.00015585 0.0002486 0.0002492 0.00032415 1.245e-05 0.0002639 3.25e-06 0.00013005 0.0001486 0.0001316 0.00026505
8 0.00031775 0.00023725 7.735e-05 0.00024785 0.00031735 0.0002817 0.00024535 0.0003178 0.000151 0.00028125 0.0002299 0.0003177 0.00038605 0.00031745 0.00031745 0.00025065 0.00019655 0.00032315 0.00023775 0.00031765 0.0003176 0.00035015 0.00026625 0.00031755 0.00019645 0.00023025 0.0001966 0.0003616 0.00014665 0.00026615 7.65e-05 0.00019725 0.0002416 0.0002653 0.0002931 0.00026155 0.0002733 0.00023045 0.00030715 0.00021465 0.00025715 0.0001968 0.0002664 0.0002813 0.00029275 0.00031765 0.0003176 0.00030685 0.0003861 0.0003859 0.00023735 0.00016085 0.0001633 0.00031765 0.00019685 0.00028155 0.00020335 0.0003069 0.00018735 0.0003512 0.0003179 0.0001926 0.0001967 0.0003177 0.0003176 0.00019645 0.0003177 0.00026635 0.00031755 0.0003068 0.0002933 0.00030795 0.0001466 0.00028425 0.0001968 0.0003173 0.0003516 0.000293 0.0002615 0.00031755 0.0002034 0.00019665 0.0002817 0.0002417 0.0002841 0.00028155 0.0004545 0.0001972 0.0003068 0.00036165 0.0002816 0.0002814 0.0002659 0.0003078 0.0002661 0.00031775 0.0003861 0.00017225 0.0003863 0.0002664
9 0.000249 0.0003668 0.00028115 0.000255 0.00024875 0.0002492 0.0002488 0.00024935 0.00028125 0.0004957 0.0002641 0.00024905 0.0002488 0.000249 0.0002486 0.00024985 0.00026485 0.00024885 0.00024885 0.00024905 0.00024905 0.00024945 0.0002648 0.0002487 0.0002648 0.000265 0.00026525 0.0002651 0.0002803 0.0002647 0.0002809 0.0002646 0.00028025 0.00026545 0.00026465 0.00024885 0.0002564 0.0003668 0.0002502 0.0002802 0.0003232 0.00026515 0.0002648 0.00024845 0.0002644 0.0002488 0.00024915 0.0002499 0.00024905 0.00024865 0.00036675 0.0002655 0.0002719 0.0002489 0.0002655 0.00024905 0.0002652 0.00024975 0.00026525 0.0003504 0.00024905 0.00026605 0.00026525 0.00024875 0.00024905 0.0002649 0.00024925 0.0002647 0.00024855 0.00024985 0.00026495 0.0002488 0.0002802 0.00025575 0.00026515 0.0002484 0.00035075 0.00026455 0.0002491 0.0002487 0.0002651 0.0002653 0.0002494 0.00028035 0.0002555 0.00024925 0.00024905 0.00026455 0.00024985 0.0002648 0.0002494 0.0002483 0.0002644 0.00024845 0.00026475 0.0002491 0.00024915 0.000281 0.00024935 0.0002648
10 0.00051125 0.0001834 0.00015725 2.695e-05 0.0004513 0.00026455 1.74e-05 0.00051115 0.0002299 0.0002641 3.41e-05 0.0005113 0.0003824 0.000511 0.0005111 0.0004456 0.0003337 0.0004457 0.00043095 0.0005111 0.0005111 0.0001357 0.00026435 0.00051105 0.0002739 1.77e-05 0.00040735 0.0004334 8.61e-05 0.0002643 0.0001561 0.0003329 0.000255 0.00027865 0.0005021 0.0004554 0.0002643 0.0002498 0.00050185 1.785e-05 6.24e-05 0.00040745 0.00026465 0.00020445 0.0005018 0.0005113 0.00051115 0.0005016 0.00038245 0.00038225 0.00019675 8.72e-05 0.0001702 0.00051115 0.00040735 0.0002644 0.00034085 0.00050165 0.00039795 0.00035345 0.00051145 0.00033115 0.00040735 0.00051135 0.0005111 0.0004073 0.0005113 0.00025515 0.00051105 0.00050155 0.00050215 0.00050155 8.635e-05 0.000274 0.00040745 0.0005109 0.00035395 0.000502 0.0004552 0.0005112 0.00035415 0.0004074 0.0002645 0.00025505 0.000274 0.0002644 0.00025355 0.0003329 0.00050155 0.00037335 0.00026435 0.00026425 0.00020425 0.0005014 0.00026415 0.0005114 0.0003823 0.00039825 0.00038255 0.00026465
11 2.8e-06 0.00053515 0.00038955 0.0004932 6.125e-05 0.0002495 0.0004962 2.95e-06 0.0003177 0.00024905 0.0005113 2.3e-06 0.00013075 2.55e-06 1.7e-06 6.83e-05 0.0001957 6.71e-05 8.275e-05 2.4e-06 2.1e-06 0.0003779 0.00026415 2.5e-06 0.0002557 0.00051165 0.0001232 9.725e-05 0.00045825 0.00026415 0.0003905 0.00019615 0.0002899 0.0002522 2.73e-05 5.82e-05 0.0002566 0.00046885 1.22e-05 0.000527 0.0005682 0.00012375 0.00026435 0.00030865 2.76e-05 1.95e-06 2.7e-06 1.22e-05 0.0001303 0.0001306 0.00052175 0.0004436 0.0003678 2.7e-06 0.000124 0.00024935 0.00018995 1.265e-05 0.00013355 0.00034765 2.9e-06 0.00020005 0.0001232 1.95e-06 2.1e-06 0.00012365 2.85e-06 0.0002733 2.5e-06 1.195e-05 2.82e-05 1.13e-05 0.0004582 0.00024675 0.00012375 1.85e-06 0.00034735 2.73e-05 5.835e-05 1.85e-06 0.0001765 0.0001233 0.0002488 0.00029 0.00024595 0.0002489 0.00025915 0.0001961 1.21e-05 0.0001563 0.0002496 0.0002492 0.00032385 1.16e-05 0.0002649 1.55e-06 0.000131 0.00014915 0.00013125 0.00026425
12 0.00013115 0.00047775 0.00039885 0.0003646 0.0001433 0.0002486 0.0003673 0.00013145 0.00038605 0.0002488 0.0003824 0.00013075 0.0002595 0.00013105 0.00013035 0.00019705 0.00026455 0.0001435 0.0002107 0.000131 0.000131 0.00024865 0.00026435 0.0001308 0.00027735 0.0003826 0.00025205 0.0001567 0.00039775 0.00026435 0.0003987 0.0002645 0.00028955 0.00025185 0.00015615 0.00018655 0.0002567 0.00047165 0.0001414 0.0003981 0.0004409 0.00025175 0.0002644 0.0002619 0.0001561 0.0001302 0.0001312 0.0001411 0.00013025 0.00013 0.0004777 0.0003831 0.0003678 0.00013105 0.00025255 0.00024875 0.0002583 0.00014075 0.0002618 0.0003503 0.00013115 0.00026855 0.00025215 0.0001306 0.000131 0.00025195 0.0001313 0.00026395 0.0001308 0.00014115 0.0001567 0.0001403 0.00039785 0.0002467 0.00025175 0.00013025 0.0003504 0.00015605 0.00018695 0.0001303 0.0002582 0.0002521 0.000249 0.00028965 0.0002462 0.00024885 0.00012985 0.00026445 0.00014105 0.0001559 0.00024925 0.0002489 0.00027675 0.00013995 0.00026455 0.0001307 0.0001306 0.0002777 0.0001308 0.0002644
13 1.95e-06 0.00053485 0.00038935 0.0004929 6.195e-05 0.00024945 0.0004959 1.55e-06 0.00031745 0.000249 0.000511 2.55e-06 0.00013105 2.7e-06 2.4e-06 6.885e-05 0.0001962 6.775e-05 8.255e-05 1.75e-06 2e-06 0.00037795 0.0002647 1.9e-06 0.00025575 0.00051135 0.0001237 9.67e-05 0.00045795 0.0002647 0.0003902 0.0001953 0.0002893 0.0002524 2.745e-05 5.84e-05 0.00025675 0.0004687 1.32e-05 0.0005267 0.0005679 0.00012385 0.0002647 0.0003087 2.67e-05 2.6e-06 1.6e-06 1.295e-05 0.0001311 0.0001309 0.0005214 0.0004433 0.00036765 1.85e-06 0.0001233 0.00024915 0.00018935 1.305e-05 0.00013355 0.0003469 2.9e-06 0.0002002 0.00012375 2.65e-06 1.9e-06 0.00012365 2.3e-06 0.0002732 1.95e-06 1.295e-05 2.705e-05 1.205e-05 0.0004579 0.0002459 0.00012385 2e-06 0.00034775 2.73e-05 5.79e-05 2.5e-06 0.00017585 0.00012375 0.00024935 0.0002894 0.00024635 0.0002493 0.00025955 0.0001954 1.295e-05 0.00015605 0.0002489 0.000249 0.00032385 1.19e-05 0.0002642 2.7e-06 0.00013045 0.0001487 0.00013135 0.0002647
14 2.5e-06 0.00053495 0.0003894 0.000493 6.095e-05 0.00024905 0.000496 2.95e-06 0.00031745 0.0002486 0.0005111 1.7e-06 0.00013035 2.4e-06 1.9e-06 6.815e-05 0.00019595 6.715e-05 8.235e-05 2.45e-06 2.35e-06 0.00037775 0.0002642 2.15e-06 0.0002555 0.00051145 0.0001228 9.715e-05 0.00045805 0.00026445 0.0003903 0.00019605 0.0002898 0.0002519 2.705e-05 5.765e-05 0.00025655 0.0004685 1.24e-05 0.0005268 0.000568 0.00012315 0.00026405 0.00030845 2.745e-05 1.4e-06 2.55e-06 1.205e-05 0.00013 0.00013015 0.0005215 0.0004434 0.00036745 2.4e-06 0.00012375 0.0002489 0.0001897 1.235e-05 0.000133 0.0003474 2.45e-06 0.0002 0.0001232 1.35e-06 2.35e-06 0.00012315 2.6e-06 0.00027325 2.15e-06 1.24e-05 2.82e-05 1.115e-05 0.000458 0.00024665 0.00012315 1.5e-06 0.00034705 2.71e-05 5.815e-05 1.3e-06 0.0001762 0.00012295 0.00024885 0.0002899 0.00024565 0.0002486 0.00025905 0.00019595 1.195e-05 0.00015625 0.00024945 0.00024875 0.00032365 1.13e-05 0.00026475 1e-06 0.00013095 0.0001489 0.0001311 0.0002639
15 6.905e-05 0.00047505 0.00032265 0.0004381 0.00012775 0.00025025 0.0004316 6.935e-05 0.00025065 0.00024985 0.0004456 6.83e-05 0.00019705 6.885e-05 6.815e-05 0.0001349 0.00019565 0.00013365 0.0001083 6.88e-05 6.86e-05 0.00037885 0.00026445 6.88e-05 0.0002555 0.00044595 0.00012295 0.00015305 0.00039145 0.0002642 0.00032365 0.00019595 0.00027915 0.0002517 8.33e-05 6.81e-05 0.00025615 0.0004017 6.825e-05 0.0004602 0.0005014 0.00012305 0.0002642 0.0003096 8.335e-05 6.83e-05 6.9e-05 6.775e-05 0.0001969 0.00019695 0.0004616 0.00037785 0.00031125 6.895e-05 0.00012345 0.00025015 0.00019635 6.805e-05 0.00012335 0.00034735 6.915e-05 0.0001957 0.00012275 6.84e-05 6.86e-05 0.00012315 6.91e-05 0.00027325 6.88e-05 6.775e-05 8.405e-05 6.82e-05 0.0003914 0.00025715 0.00012305 6.815e-05 0.00034725 8.315e-05 6.835e-05 6.82e-05 0.00018285 0.000123 0.0002502 0.00027925 0.00025645 0.0002499 0.00032565 0.00019575 6.775e-05 0.0002122 0.00025035 0.00025 0.00032365 6.825e-05 0.00026455 6.82e-05 0.00019745 0.00013805 0.00019765 0.0002642
16 0.00019645 0.0003506 0.00019745 0.0003336 0.00019585 0.0002653 0.000334 0.00019655 0.00019655 0.00026485 0.0003337 0.0001957 0.00026455 0.0001962 0.00019595 0.00019565 0.0003901 0.0002014 0.0001964 0.0001962 0.00019585 0.0003337 0.0002652 0.0001962 0.0001955 0.00033405 0.00019695 0.0002655 0.0002656 0.00026465 0.0001967 0.0001961 0.0002656 0.00026555 0.00019685 0.00019615 0.0002644 0.00035095 0.00019605 0.0003336 0.0003761 0.0001971 0.0002651 0.0002649 0.00019665 0.00019615 0.00019635 0.00019575 0.00026455 0.0002644 0.00035075 0.00026495 0.00026575 0.00019635 0.00019725 0.00026515 0.0001966 0.00019585 0.00019735 0.00035005 0.00019655 0.00019615 0.0001966 0.0001962 0.00019585 0.00019695 0.00019645 0.00026505 0.0001962 0.00019525 0.0001972 0.00019595 0.00026555 0.00026505 0.0001971 0.00019575 0.0003503 0.00019675 0.0001962 0.00019605 0.0001967 0.000197 0.00026525 0.0002657 0.00026475 0.0002651 0.00033295 0.00019595 0.0001957 0.0002654 0.0002652 0.000265 0.00026465 0.00019585 0.0002651 0.0001962 0.0002647 0.0001978 0.0002649 0.0002651
17 6.805e-05 0.0004775 0.0003354 0.0004276 6.67e-05 0.0002493 0.0004306 6.825e-05 0.00032315 0.00024885 0.0004457 6.71e-05 0.0001435 6.775e-05 6.715e-05 0.00013365 0.0002014 0.0001327 0.00014795 6.78e-05 6.755e-05 0.00032525 0.00026445 6.775e-05 0.00020125 0.00044605 0.0001886 0.0001568 0.00039835 0.0002642 0.0003363 0.0002017 0.00028975 0.000265 9.28e-05 0.00012345 0.0002565 0.00047095 7.8e-05 0.0004614 0.0005036 0.000189 0.00026435 0.0002485 9.28e-05 6.735e-05 6.79e-05 7.77e-05 0.0001433 0.00014335 0.00046385 0.0003837 0.00036765 6.795e-05 0.0001893 0.00024915 0.0001954 7.795e-05 0.0001988 0.00034965 6.81e-05 0.00020565 0.00018865 6.74e-05 6.755e-05 0.0001888 6.8e-05 0.00026435 6.775e-05 7.75e-05 9.35e-05 7.68e-05 0.0003983 0.0002466 0.000189 6.72e-05 0.0003496 9.275e-05 0.00012365 6.725e-05 0.0001817 0.00018865 0.0002491 0.00028985 0.00024595 0.0002489 0.00021945 0.0002016 7.76e-05 0.0001691 0.0002494 0.000249 0.0002637 7.69e-05 0.0002647 6.72e-05 0.0001438 0.00021445 0.000144 0.0002643
18 8.265e-05 0.00046195 0.00030925 0.00042255 0.00014215 0.0002487 0.0004156 8.27e-05 0.00023775 0.00024885 0.00043095 8.275e-05 0.0002107 8.255e-05 8.235e-05 0.0001083 0.0001964 0.00014795 0.0001632 8.255e-05 8.25e-05 0.0003778 0.00026475 8.235e-05 0.0002561 0.00043105 0.00012385 0.00016755 0.00037805 0.0002645 0.0003103 0.0001959 0.00027995 0.00025255 9.82e-05 0.00010725 0.00025685 0.0003889 8.385e-05 0.00044685 0.000488 0.0001234 0.00026475 0.0003088 9.795e-05 8.22e-05 8.27e-05 8.35e-05 0.0002113 0.0002109 0.0004485 0.00036325 0.00029735 8.255e-05 0.0001239 0.0002487 0.00019685 8.295e-05 0.0001237 0.0003474 8.295e-05 0.00019755 0.00012375 8.26e-05 8.25e-05 0.0001236 8.305e-05 0.0002735 8.235e-05 8.335e-05 9.83e-05 8.245e-05 0.000378 0.00025615 0.0001234 8.21e-05 0.000348 9.81e-05 0.0001075 8.23e-05 0.00018335 0.0001239 0.0002493 0.00028005 0.0002561 0.0002491 0.0003398 0.0001957 8.345e-05 0.00022685 0.0002489 0.0002488 0.00032395 8.195e-05 0.0002643 8.285e-05 0.0002112 0.0001394 0.00021165 0.00026475
19 1.9e-06 0.00053495 0.0003895 0.000493 6.21e-05 0.00024945 0.000496 1.25e-06 0.00031765 0.00024905 0.0005111 2.4e-06 0.000131 1.75e-06 2.45e-06 6.88e-05 0.0001962 6.78e-05 8.255e-05 2.1e-06 1.8e-06 0.000378 0.00026465 1.75e-06 0.0002559 0.00051145 0.0001239 9.66e-05 0.00045805 0.0002647 0.0003903 0.0001952 0.0002892 0.0002525 2.735e-05 5.845e-05 0.0002567 0.00046885 1.3e-05 0.0005268 0.000568 0.0001239 0.0002648 0.00030885 2.71e-05 2.6e-06 2e-06 1.29e-05 0.00013115 0.0001309 0.0005216 0.0004434 0.0003678 1.8e-06 0.00012325 0.0002492 0.00018995 1.29e-05 0.0001337 0.00034695 2.95e-06 0.00020015 0.0001238 2.7e-06 1.7e-06 0.0001238 2.9e-06 0.00027305 1.8e-06 1.28e-05 2.67e-05 1.21e-05 0.000458 0.0002458 0.0001239 1.5e-06 0.00034785 2.72e-05 5.775e-05 2.5e-06 0.00017655 0.00012395 0.0002493 0.0002893 0.00024645 0.0002494 0.00025955 0.0001955 1.29e-05 0.0001559 0.000249 0.00024905 0.000324 1.185e-05 0.0002643 2.8e-06 0.0001303 0.00014865 0.0001314 0.0002648
20 2.1e-06 0.00053495 0.00038935 0.000493 6.19e-05 0.0002495 0.000496 1.75e-06 0.0003176 0.00024905 0.0005111 2.1e-06 0.000131 2e-06 2.35e-06 6.86e-05 0.00019585 6.755e-05 8.25e-05 1.8e-06 2.9e-06 0.00037795 0.0002647 2e-06 0.0002558 0.00051145 0.00012375 9.675e-05 0.00045805 0.00026435 0.0003903 0.00019545 0.0002894 0.0002524 2.745e-05 5.835e-05 0.0002566 0.0004688 1.295e-05 0.0005268 0.000568 0.0001239 0.0002647 0.00030875 2.725e-05 2.55e-06 2.2e-06 1.27e-05 0.000131 0.00013085 0.00052155 0.0004434 0.00036775 2e-06 0.00012345 0.0002492 0.0001899 1.285e-05 0.00013365 0.000347 2.9e-06 0.00020005 0.00012335 2.6e-06 1.6e-06 0.00012375 2.8e-06 0.00027325 1.95e-06 1.235e-05 2.72e-05 1.185e-05 0.000458 0.00024605 0.0001239 1.95e-06 0.00034775 2.73e-05 5.795e-05 2.45e-06 0.00017645 0.0001238 0.00024935 0.0002895 0.00024635 0.0002493 0.00025945 0.00019545 1.27e-05 0.00015605 0.00024895 0.00024905 0.0003239 1.175e-05 0.00026425 2.6e-06 0.00013055 0.0001488 0.0001313 0.0002647
21 0.0003782 0.0003099 0.0002905 0.000128 0.00033075 0.00024865 0.0001202 0.00037815 0.00035015 0.00024945 0.0001357 0.0003779 0.00024865 0.00037795 0.00037775 0.00037885 0.0003337 0.00032525 0.0003778 0.000378 0.00037795 0.0002383 0.0002642 0.00037795 0.00028675 0.0001352 0.0003942 0.00032485 0.0002196 0.00026425 0.00028945 0.0003332 0.0002797 0.0002651 0.00039345 0.00037805 0.0002574 0.0003701 0.0003791 0.0001516 0.000196 0.00039445 0.00026465 0.0002026 0.00039335 0.00037795 0.0003781 0.00037885 0.00024855 0.0002485 0.00032325 0.0002046 0.0002729 0.0003781 0.00039445 0.00024865 0.0003341 0.00037905 0.0003945 0.00035365 0.00037835 0.00033495 0.0003943 0.000378 0.00037795 0.0003943 0.00037825 0.00025485 0.00037795 0.0003789 0.00039375 0.00037775 0.0002199 0.0002566 0.00039445 0.0003777 0.0003539 0.00039335 0.00037795 0.00037785 0.0003474 0.00039425 0.0002486 0.0002798 0.00025635 0.0002485 0.00011915 0.0003332 0.0003788 0.0002643 0.00024855 0.0002496 0.00021705 0.00037775 0.00026425 0.0003779 0.00024865 0.00040995 0.0002489 0.00026465
22 0.00026495 0.00035175 0.00026565 0.00026515 0.00026405 0.00026465 0.00026465 0.0002649 0.00026625 0.0002648 0.00026435 0.00026415 0.00026435 0.0002647 0.0002642 0.00026445 0.0002652 0.00026445 0.00026475 0.00026465 0.0002647 0.0002642 0.0005272 0.0002647 0.000265 0.00026435 0.00026525 0.00026545 0.0002643 0.00026415 0.0002656 0.0002646 0.0002645 0.00026535 0.0002647 0.00026475 0.00026485 0.00035175 0.00026425 0.00026475 0.00030755 0.00026575 0.0002644 0.0002647 0.0002649 0.00026445 0.00026485 0.0002643 0.00026395 0.0002642 0.00035175 0.0002653 0.000266 0.00026485 0.00026575 0.0002645 0.0002656 0.0002647 0.00026585 0.0003508 0.00026515 0.00026535 0.0002656 0.00026445 0.0002647 0.00026565 0.00026505 0.0002639 0.0002647 0.00026455 0.0002653 0.0002643 0.0002645 0.00026515 0.00026575 0.00026435 0.00035075 0.0002647 0.00026465 0.00026435 0.00026555 0.00026535 0.00026395 0.00026465 0.00026465 0.0002641 0.0002639 0.0002647 0.0002642 0.0002648 0.00026465 0.00026495 0.00026385 0.00026455 0.00026425 0.0002641 0.00026435 0.00026605 0.00026465 0.0002643
23 1.7e-06 0.0005349 0.0003894 0.00049295 6.195e-05 0.00024925 0.00049595 1.5e-06 0.00031755 0.0002487 0.00051105 2.5e-06 0.0001308 1.9e-06 2.15e-06 6.88e-05 0.0001962 6.775e-05 8.235e-05 1.75e-06 2e-06 0.00037795 0.0002647 2.8e-06 0.0002558 0.0005114 0.00012375 9.675e-05 0.000458 0.0002647 0.00039025 0.0001953 0.00028935 0.0002524 2.745e-05 5.815e-05 0.00025675 0.00046875 1.315e-05 0.00052675 0.00056795 0.00012365 0.0002647 0.00030875 2.72e-05 2.35e-06 2.1e-06 1.29e-05 0.00013105 0.00013065 0.0005215 0.00044335 0.0003677 1.6e-06 0.00012335 0.00024895 0.00018985 1.28e-05 0.00013345 0.0003469 2.6e-06 0.0002002 0.00012375 2.3e-06 1.95e-06 0.00012325 2.8e-06 0.00027325 1.65e-06 1.29e-05 2.71e-05 1.205e-05 0.00045795 0.0002459 0.00012365 1.75e-06 0.00034775 2.73e-05 5.79e-05 2.25e-06 0.0001764 0.0001238 0.00024935 0.00028945 0.00024635 0.0002493 0.0002595 0.00019545 1.29e-05 0.00015605 0.00024895 0.0002488 0.0003239 1.17e-05 0.00026425 2.65e-06 0.0001305 0.00014875 0.00013135 0.0002647
24 0.00025605 0.000293 0.00013775 0.0002738 0.00019535 0.00026525 0.0002742 0.00025605 0.00019645 0.0002648 0.0002739 0.0002557 0.00027735 0.00025575 0.0002555 0.0002555 0.0001955 0.00020125 0.0002561 0.0002559 0.0002558 0.00028675 0.000265 0.0002558 0.0002705 0.00027425 0.00025645 0.00032505 0.0002058 0.00026505 0.0001369 0.00019595 0.00026545 0.00027835 0.0002563 0.0002558 0.00026455 0.0003531 0.0002558 0.0002738 0.00031725 0.0002568 0.00026495 0.00020475 0.0002562 0.0002557 0.0002559 0.00025555 0.0002772 0.0002772 0.00029295 0.00020515 0.0002657 0.00025595 0.00025685 0.0002651 0.0001965 0.00025575 0.00025705 0.0003521 0.0002562 0.0001963 0.00025665 0.00025575 0.0002558 0.0002566 0.00025605 0.000256 0.0002558 0.0002556 0.0002567 0.0002557 0.00020575 0.0002649 0.0002568 0.00025555 0.0003523 0.00025625 0.00025575 0.0002556 0.0001964 0.0002565 0.00026505 0.00026555 0.00026455 0.0002649 0.00029885 0.0001959 0.00025545 0.0002781 0.00026515 0.00026495 0.00020455 0.00025575 0.00026505 0.0002556 0.0002774 0.0002574 0.00027765 0.0002649
25 0.0005116 0.00018375 0.0001571 2.83e-05 0.00045165 0.0002642 1.77e-05 0.0005115 0.00023025 0.000265 1.77e-05 0.00051165 0.0003826 0.00051135 0.00051145 0.00044595 0.00033405 0.00044605 0.00043105 0.00051145 0.00051145 0.0001352 0.00026435 0.0005114 0.00027425 3.32e-05 0.0004077 0.00043375 8.61e-05 0.0002643 0.00015625 0.00033305 0.000255 0.00027885 0.00050245 0.00045575 0.0002651 0.00025015 0.0005022 1.82e-05 6.21e-05 0.0004078 0.0002644 0.00020535 0.00050215 0.00051165 0.0005115 0.00050195 0.00038265 0.00038245 0.0001971 8.685e-05 0.000171 0.0005115 0.0004077 0.00026415 0.0003412 0.000502 0.0003983 0.0003538 0.0005118 0.0003315 0.0004077 0.0005117 0.00051145 0.00040765 0.00051165 0.00025505 0.0005114 0.0005019 0.0005025 0.0005019 8.6e-05 0.0002748 0.0004078 0.00051125 0.0003543 0.00050235 0.00045555 0.00051155 0.0003545 0.00040775 0.00026425 0.0002551 0.0002748 0.00026415 0.0002536 0.00033305 0.0005019 0.00037355 0.000264 0.00026515 0.00020425 0.00050175 0.00026415 0.00051175 0.0003825 0.0003986 0.00038275 0.0002644
26 0.000124 0.00042165 0.00026925 0.0004073 0.0001824 0.0002657 0.0004074 0.00012425 0.0001966 0.00026525 0.00040735 0.0001232 0.00025205 0.0001237 0.0001228 0.00012295 0.00019695 0.0001886 0.00012385 0.0001239 0.00012375 0.0003942 0.00026525 0.00012375 0.00025645 0.0004077 0.0002449 0.0001933 0.00033915 0.0002655 0.00027015 0.00019725 0.00026585 0.00025165 0.0001233 0.00012325 0.0002653 0.00034805 0.0001233 0.0004079 0.0004491 0.0001231 0.00026535 0.00032485 0.0001236 0.0001231 0.00012385 0.00012295 0.0002515 0.0002519 0.00040815 0.00033935 0.00026505 0.0001239 0.0001234 0.00026555 0.0001965 0.00012345 0.0001232 0.00034865 0.00012405 0.0001963 0.00012295 0.00012305 0.00012375 0.000123 0.0001239 0.00027455 0.00012375 0.0001233 0.00012435 0.00012295 0.0003391 0.0002659 0.0001231 0.0001233 0.00034835 0.00012335 0.00012345 0.000123 0.00018295 0.0001226 0.0002653 0.00026595 0.000265 0.00026505 0.00038055 0.00019715 0.00012285 0.0002525 0.0002658 0.0002654 0.0003249 0.0001233 0.0002657 0.0001226 0.00025235 0.0001234 0.0002525 0.0002652
27 9.695e-05 0.0005172 0.0004334 0.00043345 0.0001567 0.00026545 0.00043325 9.65e-05 0.0003616 0.0002651 0.0004334 9.725e-05 0.0001567 9.67e-05 9.715e-05 0.00015305 0.0002655 0.0001568 0.00016755 9.66e-05 9.675e-05 0.00032485 0.00026545 9.675e-05 0.00032505 0.00043375 0.0001933 0.0001916 0.00043385 0.0002655 0.0004335 0.0002647 0.00026475 0.00025285 9.66e-05 0.0001532 0.00026535 0.000445 9.73e-05 0.00043415 0.0004758 0.0001934 0.00026585 0.0003248 9.64e-05 9.735e-05 9.665e-05 9.715e-05 0.00015675 0.00015655 0.00050455 0.00043385 0.00036165 9.685e-05 0.00019295 0.00026515 0.0002654 9.72e-05 0.00019345 0.0003485 9.665e-05 0.0002652 0.00019325 9.74e-05 9.675e-05 0.00019325 9.645e-05 0.0002742 9.675e-05 9.71e-05 9.63e-05 9.715e-05 0.0004339 0.0002652 0.0001934 9.675e-05 0.00034925 9.66e-05 0.0001528 9.725e-05 0.0002527 0.00019335 0.0002653 0.00026485 0.00026555 0.0002653 0.0002161 0.00026485 9.71e-05 0.0001562 0.00026505 0.0002651 0.0003249 9.7e-05 0.00026515 9.745e-05 0.00015625 0.00019265 0.00015595 0.00026585
28 0.0004582 0.0001682 7.365e-05 0.00010535 0.00039825 0.00028005 0.00010215 0.0004581 0.00014665 0.0002803 8.61e-05 0.00045825 0.00039775 0.00045795 0.00045805 0.00039145 0.0002656 0.00039835 0.00037805 0.00045805 0.00045805 0.0002196 0.0002643 0.000458 0.0002058 8.61e-05 0.00033915 0.00043385 0.0001394 0.00026425 7.31e-05 0.0002647 0.00023985 0.00027885 0.0004341 0.00040235 0.00027235 0.00023435 0.0004477 7.11e-05 0.0001145 0.00033925 0.0002645 0.00022065 0.0004338 0.00045825 0.0004581 0.00044745 0.0003978 0.0003976 0.0001812 8.765e-05 0.0001642 0.0004581 0.00033915 0.0002799 0.0002729 0.0004475 0.00032995 0.00035315 0.0004584 0.0002621 0.00033915 0.0004583 0.00045805 0.0003391 0.00045825 0.00025495 0.000458 0.0004474 0.00043415 0.0004487 7.01e-05 0.00028315 0.00033925 0.00045785 0.00035365 0.000434 0.00040215 0.00045815 0.00028585 0.0003392 0.00028 0.0002399 0.00028315 0.0002799 0.0003373 0.0002647 0.0004474 0.00037375 0.00027985 0.00028045 0.00020405 0.00044855 0.0002641 0.00045835 0.00039765 0.0003151 0.0003979 0.0002645
29 0.00026495 0.0003517 0.00026545 0.0002651 0.00026435 0.00026455 0.0002646 0.00026505 0.00026615 0.0002647 0.0002643 0.00026415 0.00026435 0.0002647 0.00026445 0.0002642 0.00026465 0.0002642 0.0002645 0.0002647 0.00026435 0.00026425 0.00026415 0.0002647 0.00026505 0.0002643 0.0002655 0.0002655 0.00026425 0.0005271 0.00026555 0.00026465 0.00026455 0.0002654 0.0002651 0.0002647 0.00026455 0.0003517 0.00026455 0.0002647 0.0003075 0.00026565 0.0002646 0.00026475 0.0002649 0.00026465 0.00026485 0.00026425 0.00026435 0.0002642 0.00035165 0.00026525 0.00026595 0.00026485 0.0002658 0.0002644 0.0002655 0.00026435 0.00026575 0.00035075 0.00026505 0.00026505 0.00026515 0.0002647 0.00026435 0.0002655 0.00026495 0.00026405 0.0002647 0.0002637 0.00026545 0.0002643 0.00026445 0.0002652 0.00026565 0.00026425 0.000351 0.000265 0.00026475 0.00026455 0.0002654 0.00026555 0.0002645 0.0002647 0.0002649 0.00026435 0.00026405 0.0002645 0.0002642 0.00026495 0.00026445 0.00026485 0.00026385 0.0002642 0.00026405 0.0002647 0.0002645 0.0002661 0.0002647 0.0002646
30 0.00039045 0.00016585 4.7e-06 0.00017445 0.0003305 0.0002812 0.00017165 0.00039035 7.65e-05 0.0002809 0.0001561 0.0003905 0.0003987 0.0003902 0.0003903 0.00032365 0.0001967 0.0003363 0.0003103 0.0003903 0.0003903 0.00028945 0.0002656 0.00039025 0.0001369 0.00015625 0.00027015 0.0004335 7.31e-05 0.00026555 4.3e-06 0.0001962 0.00024085 0.00027855 0.0003658 0.00033455 0.0002731 0.00023285 0.00037995 0.00014125 0.0001841 0.00027025 0.00026575 0.00022125 0.0003655 0.0003905 0.00039035 0.0003797 0.00039875 0.00039855 0.0001796 8.765e-05 0.0001637 0.00039035 0.00027015 0.00028105 0.00020305 0.00037975 0.0002608 0.0003529 0.00039065 0.00019225 0.00027015 0.00039055 0.0003903 0.0002701 0.0003905 0.0002568 0.00039025 0.00037965 0.00036585 0.0003808 7.3e-05 0.0002839 0.00027025 0.0003901 0.0003534 0.0003657 0.00033435 0.0003904 0.00021675 0.0002702 0.00028115 0.00024095 0.0002839 0.00028105 0.00040695 0.0001962 0.00037965 0.00037415 0.000281 0.00028105 0.0002056 0.00038065 0.0002654 0.0003906 0.0003986 0.00024555 0.00039885 0.00026575
31 0.00019535 0.0003504 0.00019715 0.0003332 0.0001959 0.0002649 0.0003333 0.0001947 0.00019725 0.0002646 0.0003329 0.00019615 0.0002645 0.0001953 0.00019605 0.00019595 0.0001961 0.0002017 0.0001959 0.0001952 0.00019545 0.0003332 0.0002646 0.0001953 0.00019595 0.00033305 0.00019725 0.0002647 0.0002647 0.00026465 0.0001962 0.0003892 0.00026445 0.0002657 0.0001963 0.0001961 0.0002645 0.0003509 0.0001962 0.0003332 0.00037515 0.00019735 0.0002646 0.0002646 0.000196 0.00019625 0.0001955 0.000196 0.00026455 0.00026435 0.0003506 0.000265 0.00026585 0.00019525 0.0001966 0.0002646 0.00019665 0.0001961 0.00019755 0.0003491 0.0001964 0.00019645 0.00019725 0.0001963 0.0001954 0.0001972 0.00019625 0.00026425 0.0001954 0.000196 0.0001957 0.0001962 0.0002646 0.000264 0.00019735 0.00019565 0.0003501 0.00019615 0.0001954 0.00019615 0.0001968 0.0001973 0.00026475 0.00026455 0.0002647 0.00026475 0.0003328 0.0001948 0.000196 0.0002647 0.0002642 0.0002646 0.0002641 0.00019605 0.000264 0.00019635 0.00026375 0.0001974 0.00026465 0.0002646
32 0.00028955 0.00033375 0.0002409 0.00027385 0.00028965 0.0002801 0.0002704 0.00028905 0.0002416 0.00028025 0.000255 0.0002899 0.00028955 0.0002893 0.0002898 0.00027915 0.0002656 0.00028975 0.00027995 0.0002892 0.0002894 0.0002797 0.0002645 0.00028935 0.00026545 0.000255 0.00026585 0.00026475 0.00023985 0.00026455 0.00024085 0.00026445 0.0004783 0.0002656 0.0002646 0.0002899 0.00027265 0.00032715 0.00027935 0.0002403 0.0002831 0.00026595 0.0002651 0.00028025 0.0002644 0.00029 0.00028925 0.0002792 0.0002896 0.0002894 0.00033375 0.00025595 0.00025945 0.00028945 0.00026545 0.0002798 0.00027235 0.00027925 0.0002565 0.0003507 0.00029015 0.00026155 0.00026585 0.00029005 0.0002894 0.0002658 0.00029 0.0002642 0.00028935 0.00027915 0.00026425 0.0002803 0.00024005 0.00028305 0.00026595 0.0002894 0.0003515 0.0002646 0.00028945 0.0002899 0.0002723 0.0002659 0.00027995 0.0002393 0.00028345 0.00027995 0.00028915 0.0002646 0.00027915 0.0002644 0.00027965 0.00028025 0.00026425 0.00028015 0.00026415 0.0002901 0.00028905 0.00024055 0.0002897 0.0002651
33 0.00025265 0.00036445 0.0002787 0.0002789 0.00026465 0.0002656 0.0002787 0.00025275 0.0002653 0.00026545 0.00027865 0.0002522 0.00025185 0.0002524 0.0002519 0.0002517 0.00026555 0.000265 0.00025255 0.0002525 0.0002524 0.0002651 0.00026535 0.0002524 0.00027835 0.00027885 0.00025165 0.00025285 0.00027885 0.0002654 0.00027855 0.0002657 0.0002656 0.0005025 0.00025225 0.000252 0.0002655 0.000351 0.0002523 0.0002792 0.000322 0.00025185 0.00026555 0.00027835 0.0002523 0.0002521 0.00025255 0.0002519 0.0002516 0.0002517 0.0003644 0.00027905 0.0002652 0.00025255 0.000252 0.00026545 0.00026515 0.00025225 0.00025195 0.00035155 0.00025275 0.0002649 0.0002517 0.00025215 0.0002524 0.0002519 0.00025265 0.00026525 0.0002524 0.0002521 0.00025285 0.00025195 0.00027895 0.00026595 0.0002518 0.00025205 0.00035155 0.00025215 0.00025205 0.000252 0.00026505 0.0002517 0.0002654 0.0002657 0.0002654 0.00026515 0.00025135 0.00026565 0.00025185 0.00025215 0.0002656 0.0002656 0.00027805 0.0002521 0.0002655 0.0002519 0.000252 0.000252 0.0002522 0.00026555
34 2.77e-05 0.0005173 0.00036495 0.00050205 8.66e-05 0.0002651 0.00050195 2.74e-05 0.0002931 0.00026465 0.0005021 2.73e-05 0.00015615 2.745e-05 2.705e-05 8.33e-05 0.00019685 9.28e-05 9.82e-05 2.735e-05 2.745e-05 0.00039345 0.0002647 2.745e-05 0.0002563 0.00050245 0.0001233 9.66e-05 0.0004341 0.0002651 0.0003658 0.0001963 0.0002646 0.00025225 5.34e-05 8.345e-05 0.0002649 0.00044415 2.74e-05 0.00050285 0.00054405 0.00012385 0.00026495 0.0003242 2.715e-05 2.735e-05 2.74e-05 2.72e-05 0.0001556 0.000156 0.0005039 0.0004344 0.00036115 2.76e-05 0.0001236 0.0002648 0.00019685 2.77e-05 0.00012395 0.00034785 2.82e-05 0.0001966 0.0001237 2.73e-05 2.745e-05 0.00012385 2.81e-05 0.0002738 2.745e-05 2.755e-05 2.72e-05 2.72e-05 0.00043405 0.00026495 0.00012385 2.73e-05 0.00034795 2.685e-05 8.325e-05 2.725e-05 0.0001834 0.00012345 0.00026455 0.0002647 0.0002646 0.00026445 0.0002845 0.0001964 2.71e-05 0.00015585 0.00026485 0.00026465 0.00032445 2.755e-05 0.00026495 2.685e-05 0.0001559 0.0001233 0.0001565 0.0002648
35 5.845e-05 0.0004792 0.00033365 0.0004373 0.00011745 0.00024925 0.0004403 5.875e-05 0.00026155 0.00024885 0.0004554 5.82e-05 0.00018655 5.84e-05 5.765e-05 6.81e-05 0.00019615 0.00012345 0.00010725 5.845e-05 5.835e-05 0.00037805 0.00026475 5.815e-05 0.0002558 0.00045575 0.00012325 0.0001532 0.00040235 0.0002647 0.00033455 0.0001961 0.0002899 0.000252 8.345e-05 0.0001143 0.0002568 0.0004126 6.89e-05 0.0004711 0.0005123 0.00012315 0.0002645 0.0003088 8.35e-05 5.78e-05 5.855e-05 6.84e-05 0.0001866 0.00018645 0.00046575 0.00038765 0.00031155 5.835e-05 0.0001236 0.00024875 0.0001899 6.85e-05 0.000133 0.00034745 5.865e-05 0.0002002 0.00012325 5.79e-05 5.835e-05 0.00012325 5.88e-05 0.00027355 5.815e-05 6.86e-05 8.405e-05 6.76e-05 0.0004023 0.0002467 0.00012315 5.775e-05 0.00034755 8.33e-05 5.79e-05 5.77e-05 0.0001764 0.0001233 0.0002494 0.00029 0.00024615 0.0002491 0.00031535 0.000196 6.84e-05 0.00021235 0.0002495 0.0002486 0.00032395 6.745e-05 0.0002648 5.79e-05 0.000187 0.0001488 0.00018735 0.0002645
36 0.000257 0.0003589 0.00027325 0.0002561 0.0002565 0.0002573 0.00025705 0.0002571 0.0002733 0.0002564 0.0002643 0.0002566 0.0002567 0.00025675 0.00025655 0.00025615 0.0002644 0.0002565 0.00025685 0.0002567 0.0002566 0.0002574 0.00026485 0.00025675 0.00026455 0.0002651 0.0002653 0.00026535 0.00027235 0.00026455 0.0002731 0.0002645 0.00027265 0.0002655 0.0002649 0.0002568 0.0005112 0.000359 0.0002565 0.0002721 0.00031525 0.00026535 0.0002647 0.0002565 0.00026465 0.0002567 0.0002569 0.00025615 0.0002568 0.0002566 0.00035885 0.00026545 0.000265 0.0002569 0.00026555 0.0002572 0.00026515 0.0002562 0.0002656 0.00035035 0.0002571 0.00026455 0.0002651 0.0002568 0.0002566 0.00026525 0.000257 0.0002646 0.00025675 0.00025595 0.0002652 0.00025655 0.00027225 0.00025655 0.00026535 0.00025625 0.00035065 0.0002648 0.00025685 0.0002566 0.00026505 0.00026535 0.00025735 0.00027275 0.0002563 0.0002572 0.0002568 0.00026435 0.00025615 0.00026505 0.00025725 0.00025655 0.0002643 0.00025635 0.0002647 0.00025685 0.0002569 0.00027355 0.0002571 0.0002647
