 slim_337506160 slim_337506097 slim_337506013 slim_337506132 slim_337506125 slim_337505740 slim_337505980 slim_337506119 slim_337506006 slim_337505905 slim_337505851 slim_337506085 slim_337505772 slim_337506064 slim_337505872 slim_337506152 slim_337505906 slim_337506131 slim_337506153 slim_337506151 slim_337506057 slim_337506137 slim_337506021 slim_337506079 slim_337506140 slim_337506111 slim_337506146 slim_337506095 slim_337505968 slim_337505813 slim_337505961 slim_337506148 slim_337506157 slim_337506041 slim_337506011 slim_337505966 slim_337506123 slim_337506074 slim_337506159 slim_337506121 slim_337505792 slim_337506124 slim_337506147 slim_337506161 slim_337505602 slim_337506101 slim_337505923 slim_337506054 slim_337505783 slim_337506126 slim_337505937 slim_337505987 slim_337506004 slim_337506067 slim_337506103 slim_337506087 slim_337505956 slim_337506143 slim_337505830 slim_337506100 slim_337505806 slim_337505863 slim_337506083 slim_337506086 slim_337506139 slim_337506134 slim_337506117 slim_337506025 slim_337505613 slim_337505984 slim_337506127 slim_337506092 slim_337506062 slim_337506120 slim_337506094 slim_337505911 slim_337506104 slim_337506080 slim_337506059 slim_337506063 slim_337506045 slim_337506108 slim_337506138 slim_337506102 slim_337506051 slim_337505836 slim_337506114 slim_337505894 slim_337506133 slim_337506144 slim_337506149 slim_337506037 slim_337506033 slim_337506022 slim_337506113 slim_337506056
0 0.000177 0.00011675 0.00023645 0.0001023 0.00017485 0.0001152 0.00021235 9.065e-05 9.105e-05 0.00021845 0.0002364 9.09e-05 9.205e-05 0.00022475 0.0001329 9.02e-05 0.00019895 0.0002528 0.00012725 0.00010235 9.02e-05 9.185e-05 0.0001762 0.00026885 0.00028435 0.0001873 0.0001269 0.00013835 0.00023995 8.99e-05 0.00021245 0.00018785 0.0002007 9.195e-05 0.0001164 0.0001169 9.56e-05 0.0002248 0.00010405 0.000117 0.00020625 0.0002064 0.00021875 0.00010305 9.195e-05 0.00029675 0.0002129 0.00018845 0.00010285 0.0001765 0.0001065 0.00034685 9.215e-05 0.0002656 0.00010295 8.85e-05 0.00017685 0.0001815 0.0002085 0.00035075 0.0001419 0.0001464 0.00016445 0.000251 9.185e-05 9.065e-05 0.00015685 0.00010475 0.0002182 0.000227 9.89e-05 0.0001046 8.865e-05 0.00023085 8.995e-05 0.0001523 0.0001024 0.00017675 9.17e-05 9.015e-05 0.00030095 0.00013455 8.88e-05 0.000207 0.0001148 9.045e-05 0.0001046 9.785e-05 0.00019165 0.00010295 9.195e-05 0.00016455 0.00021935 0.00011465 8.86e-05 9.035e-05
1 0.00011675 0.0001734 0.0002083 0.000127 0.0001733 8.765e-05 0.0002121 8.885e-05 8.92e-05 0.0002085 0.00028885 8.925e-05 9.01e-05 0.0002215 0.00010635 0.0001168 0.0002518 0.0002993 0.00012685 0.00012705 8.815e-05 8.795e-05 0.0001726 0.0002674 0.00033705 0.00021255 0.000127 0.0001366 0.00023645 0.00011595 0.0002122 0.00024035 0.00022535 8.805e-05 8.75e-05 8.8e-05 0.0001499 0.0002213 0.00010225 8.77e-05 0.0002051 0.00020525 0.0002089 0.00012815 8.87e-05 0.0002936 0.00021205 0.0002129 0.0001028 0.000173 0.0001027 0.000372 8.825e-05 0.0002582 0.00012775 8.87e-05 0.00017335 0.0002336 0.0002554 0.00032925 8.7e-05 0.0001361 0.00013595 0.0002511 8.845e-05 8.885e-05 0.0001751 0.00010305 0.00020825 0.0002518 0.00011625 0.0001029 0.0001168 0.000209 8.805e-05 0.0001506 0.0001266 0.00017325 8.765e-05 8.81e-05 0.0002936 0.0001153 8.87e-05 0.00020545 8.795e-05 0.00011585 0.0001289 0.00011565 0.0002162 0.00012775 8.83e-05 0.00013605 0.00019115 0.0001161 0.0001168 8.74e-05
2 0.00023645 0.0002083 0.0004126 0.00024735 0.00023505 0.00020725 0.0002447 0.0002091 0.0002092 0.0002074 0.00032215 0.00020925 0.0002107 0.00021195 0.00020785 0.00023665 0.00028475 0.00033185 0.0002466 0.0002474 0.0002087 0.00020905 0.000235 0.0002578 0.00028335 0.00024605 0.0002462 0.00025705 0.0003567 0.0002363 0.0002448 0.0002738 0.0002504 0.00020895 0.00020785 0.0002082 0.00026455 0.0002836 0.0002145 0.00020855 0.00024525 0.0002454 0.0002072 0.00024765 0.000209 0.0002341 0.00024515 0.00024635 0.0002144 0.0002353 0.0002237 0.0002501 0.00020915 0.0002618 0.0002478 0.0002086 0.00023545 0.00027405 0.0003745 0.00020635 0.0002078 0.00025695 0.0002559 0.0002501 0.00020925 0.0002091 0.0002948 0.000215 0.0002073 0.00025165 0.0002365 0.00021485 0.0002365 0.00020785 0.0002086 0.00026275 0.00024745 0.00023555 0.0002087 0.00020865 0.0002341 0.0002355 0.0002086 0.00024605 0.0002078 0.0002361 0.0002411 0.0002359 0.00033625 0.0002478 0.00020885 0.000256 0.0002345 0.0002353 0.0002365 0.00020865
3 0.0001023 0.000127 0.00024735 0.0002011 0.00017605 0.00012675 0.0002137 0.0001028 0.00010275 0.00022865 0.00023735 0.0001028 0.0001022 0.00023515 0.0001451 0.00010205 0.0001885 0.00025395 0.0001263 0.00010065 0.00010155 0.00010125 0.0001752 0.0002794 0.0002759 0.0001887 0.0001262 0.0001503 0.00025025 0.00010135 0.0002138 0.00018855 0.00020155 0.00010185 0.00012655 0.0001275 0.0001077 0.0002242 0.00011385 0.00012715 0.00020735 0.0002075 0.000229 0.00010205 0.0001028 0.00029645 0.00021405 0.0001895 0.00011455 0.0001757 0.00011635 0.0003468 0.00010205 0.00025435 0.000102 0.00010225 0.0001765 0.0001822 0.0002077 0.0003614 0.00015255 0.0001563 0.00017505 0.0002512 0.0001017 0.0001028 0.0001675 0.0001152 0.0002284 0.0002269 0.0001095 0.00011505 0.00010235 0.00024145 0.00010145 0.0001625 0.00010105 0.0001759 0.0001015 0.0001015 0.00030065 0.0001447 0.00010225 0.0002081 0.00012705 0.0001015 0.0001145 0.0001078 0.00020185 0.000102 0.0001018 0.00017515 0.0002191 0.00012705 0.00010235 0.0001016
4 0.00017485 0.0001733 0.00023505 0.00017605 0.0002245 0.0001722 0.00027135 0.00011375 0.0001138 0.0002047 0.0003233 0.0001138 0.00012855 0.0001807 0.0001835 0.00017585 0.00027495 0.0003393 0.000235 0.0001761 0.0001133 0.0001144 0.00011305 0.0002348 0.0003116 0.0002124 0.00023475 0.0001616 0.000262 0.0001755 0.00027145 0.00025305 0.00021705 0.0001144 0.00017295 0.00017335 0.00024315 0.0001616 0.0001321 0.00017355 0.0002651 0.00026525 0.0001832 0.00017675 0.0001145 0.0001755 0.0002717 0.00021325 0.00013135 0.0001133 0.00012905 0.0003004 0.0001146 0.00011675 0.0001766 0.00011235 0.00011355 0.00024665 0.00034385 0.00026945 0.00023245 0.0001907 0.0002211 0.0002967 0.0001145 0.00011375 0.0002409 0.0001327 0.00020445 0.0002385 0.0001832 0.00013255 0.0001749 0.0002075 0.00011315 0.00018035 0.00017615 0.00011355 0.00011415 0.00011325 0.0001798 0.00023125 0.0001125 0.00026585 0.00017205 0.00015365 0.0001588 0.00018245 0.000254 0.0001766 0.00011945 0.0002212 0.0001836 0.00023435 0.0001749 0.0001135
5 0.0001152 8.765e-05 0.00020725 0.00012675 0.0001722 0.0001718 0.0002111 8.81e-05 8.86e-05 0.0002082 0.00028835 8.865e-05 9.005e-05 0.0002211 0.00010515 0.00011575 0.00025095 0.0002986 0.00012595 0.0001268 8.775e-05 8.845e-05 0.0001725 0.0002668 0.00033635 0.00021205 0.0001258 0.0001361 0.0002366 0.0001154 0.0002112 0.00024 0.000225 8.83e-05 8.72e-05 8.75e-05 0.0001488 0.0002211 0.0001023 8.79e-05 0.00020445 0.0002046 0.00020835 0.00012755 8.79e-05 0.0002928 0.0002113 0.0002125 0.00010175 0.0001728 0.0001031 0.0003712 8.85e-05 0.0002574 0.00012715 8.73e-05 0.0001729 0.0002333 0.00025445 0.0003284 8.71e-05 0.0001364 0.0001355 0.00025005 8.86e-05 8.81e-05 0.0001747 0.00010275 0.00020795 0.00025135 0.0001158 0.0001026 0.00011525 0.0002085 8.765e-05 0.00015055 0.00012685 0.00017305 8.805e-05 8.77e-05 0.0002928 0.00011485 8.72e-05 0.00020525 8.68e-05 0.0001151 0.0001289 0.00011555 0.00021615 0.00012715 8.84e-05 0.0001356 0.00019025 0.0001146 0.00011525 8.77e-05
6 0.00021235 0.0002121 0.0002447 0.0002137 0.00027135 0.0002111 0.0003015 0.00027235 0.0002724 0.0002582 0.0002112 0.00027245 0.00025985 0.00030975 0.00021175 0.0002126 0.00015345 0.00021 0.0001536 0.00021375 0.0002719 0.0002722 0.00027125 0.0003455 0.000151 0.00021145 0.0001532 0.00032025 0.0004199 0.00021215 0.00015085 0.00019895 0.00021585 0.00027215 0.00021165 0.00021205 0.00016395 0.00031985 0.0002636 0.00021235 0.00015145 0.0001516 0.00030445 0.0002141 0.00027225 0.0003048 0.0001513 0.0002118 0.00026355 0.00027155 0.0002868 0.00028465 0.00027235 0.0002711 0.0002142 0.00027185 0.00027175 0.00019935 0.00025365 0.00032625 0.00015225 0.00027315 0.0002597 0.0001907 0.00027245 0.00027235 0.00027075 0.00026415 0.00025795 0.00025165 0.0002121 0.000264 0.0002124 0.0002932 0.0002718 0.00031185 0.0002138 0.0002718 0.0002719 0.00027185 0.00030475 0.0001988 0.00027185 0.00015225 0.00021165 0.00025915 0.0002635 0.00021205 0.0003592 0.0002142 0.0002672 0.0002598 0.00021145 0.0001518 0.0002124 0.00027185
7 9.065e-05 8.885e-05 0.0002091 0.0001028 0.00011375 8.81e-05 0.00027235 5.1e-06 3.7e-06 0.00017845 0.0003128 3.65e-06 1.765e-05 0.00013765 0.00010605 9.165e-05 0.000287 0.00034085 0.0001873 0.00010285 3.45e-06 4.4e-06 0.00011435 0.000192 0.0003723 0.00018785 0.00018715 5.17e-05 0.0001519 9.12e-05 0.00027245 0.0002287 0.00020095 3.25e-06 8.85e-05 8.77e-05 0.00017305 0.00016295 3.1e-05 8.91e-05 0.0002657 0.00026585 0.0001329 0.0001027 3.65e-06 0.00023525 0.0002725 0.00018745 3.04e-05 0.00011465 1.905e-05 0.0003478 3.45e-06 0.0002294 0.0001022 2.55e-06 0.00011375 0.000222 0.0002968 0.00027635 0.00017355 0.00010605 0.00013675 0.00031135 3.65e-06 2.7e-06 0.00015595 3.045e-05 0.0001782 0.00022635 9.755e-05 3.03e-05 9.07e-05 0.00015485 3.25e-06 7.925e-05 0.0001029 0.0001149 3.5e-06 3.4e-06 0.0002395 0.00014705 2.75e-06 0.0002665 8.765e-05 4.41e-05 5.765e-05 9.83e-05 0.0001442 0.0001022 8.85e-06 0.00013625 0.00021735 0.0001757 9.07e-05 3.55e-06
8 9.105e-05 8.92e-05 0.0002092 0.00010275 0.0001138 8.86e-05 0.0002724 3.7e-06 5.6e-06 0.00017805 0.0003125 3e-06 1.825e-05 0.0001374 0.00010635 9.195e-05 0.00028705 0.00034005 0.0001878 0.0001028 3.25e-06 4.05e-06 0.00011405 0.0001918 0.00037175 0.00018745 0.0001876 5.19e-05 0.00015135 9.12e-05 0.0002725 0.00022825 0.00020065 3.85e-06 8.865e-05 8.89e-05 0.0001733 0.0001628 3.08e-05 8.925e-05 0.00026615 0.0002663 0.0001325 0.0001032 4.55e-06 0.0002349 0.00027285 0.00018795 3.05e-05 0.0001143 1.88e-05 0.00034735 4.05e-06 0.00022915 0.0001031 3e-06 0.0001144 0.0002219 0.00029645 0.0002759 0.0001743 0.00010585 0.00013705 0.00031145 3.85e-06 3.7e-06 0.0001562 3.12e-05 0.0001778 0.0002269 9.875e-05 3.105e-05 9.11e-05 0.0001554 3.3e-06 7.92e-05 0.000103 0.0001146 4.1e-06 3.2e-06 0.00023915 0.0001473 3.1e-06 0.0002669 8.83e-05 4.425e-05 5.745e-05 9.805e-05 0.0001435 0.0001031 8.75e-06 0.00013655 0.00021735 0.0001762 9.11e-05 3.7e-06
9 0.00021845 0.0002085 0.0002074 0.00022865 0.0002047 0.0002082 0.0002582 0.00017845 0.00017805 0.0003517 0.00031625 0.0001781 0.0001919 0.000181 0.0002084 0.0002185 0.0002794 0.00032615 0.0002599 0.0002287 0.0001774 0.00017705 0.000204 0.00023535 0.0002777 0.00022735 0.0002598 0.0002259 0.00032535 0.00021765 0.0002583 0.0002676 0.00023185 0.00017765 0.00020785 0.0002089 0.0002589 0.00025275 0.00019535 0.00020845 0.00025865 0.0002588 0.0001761 0.0002294 0.00017835 0.00020385 0.00025855 0.0002282 0.0001959 0.0002042 0.0001918 0.0002321 0.00017785 0.000236 0.00022975 0.00017795 0.0002051 0.00026805 0.00036895 0.00020675 0.00023975 0.0002249 0.0002564 0.00026365 0.00017775 0.00017845 0.0002766 0.0001965 0.00017585 0.00023355 0.00021875 0.00019635 0.0002185 0.00020815 0.0001773 0.00024375 0.00022895 0.0002045 0.0001774 0.00017735 0.0002081 0.0002664 0.00017795 0.0002594 0.0002085 0.0002174 0.00022205 0.00021675 0.00031735 0.00022975 0.00017725 0.00025655 0.00023535 0.00024895 0.0002185 0.0001775
10 0.0002364 0.00028885 0.00032215 0.00023735 0.0003233 0.00028835 0.0002112 0.0003128 0.0003125 0.00031625 0.0003141 0.00031255 0.0002981 0.00034915 0.0002888 0.00023665 0.00016055 0.0001749 0.00021445 0.0002374 0.0003119 0.0003118 0.0003228 0.00033585 0.0001572 0.00023445 0.00021435 0.000312 0.00036345 0.0002358 0.0002112 0.0001939 0.00023825 0.0003122 0.00028845 0.0002893 0.00015885 0.00032315 0.00030095 0.00028905 0.0002118 0.00021195 0.00035185 0.000238 0.0003125 0.0003567 0.00021155 0.0002352 0.0003013 0.00032305 0.0003116 0.0003086 0.0003124 0.0003388 0.0002383 0.00031225 0.00032375 0.0001946 0.0002195 0.00038505 0.00026615 0.0002826 0.00028855 0.0002518 0.0003123 0.0003128 0.00025285 0.00030195 0.000316 0.0002757 0.00024265 0.0003018 0.00023645 0.0003521 0.0003118 0.00030095 0.00023745 0.00032335 0.00031195 0.00031185 0.00036085 0.0002657 0.00031225 0.00021255 0.00028885 0.0002712 0.00027415 0.00024185 0.0003231 0.0002383 0.00030685 0.00028875 0.00030005 0.00021295 0.00023645 0.00031185
11 9.09e-05 8.925e-05 0.00020925 0.0001028 0.0001138 8.865e-05 0.00027245 3.65e-06 3e-06 0.0001781 0.00031255 5.7e-06 1.83e-05 0.00013745 0.00010635 9.195e-05 0.0002871 0.0003401 0.00018785 0.00010285 3.45e-06 4.1e-06 0.0001141 0.00019185 0.0003718 0.00018745 0.00018765 5.18e-05 0.0001514 9.12e-05 0.00027255 0.0002283 0.0002007 3.9e-06 8.87e-05 8.895e-05 0.0001733 0.00016285 3.085e-05 8.93e-05 0.0002662 0.00026635 0.00013255 0.00010325 4.6e-06 0.00023495 0.0002729 0.000188 3.055e-05 0.00011435 1.885e-05 0.0003474 4.1e-06 0.0002292 0.00010315 2.85e-06 0.00011445 0.00022195 0.0002965 0.00027595 0.00017435 0.0001059 0.0001371 0.0003115 3.9e-06 3.65e-06 0.00015625 3.125e-05 0.00017785 0.00022695 9.88e-05 3.11e-05 9.1e-05 0.00015545 3.25e-06 7.925e-05 0.00010305 0.00011465 4.15e-06 3.4e-06 0.0002392 0.00014735 3e-06 0.00026695 8.82e-05 4.43e-05 5.75e-05 9.81e-05 0.00014355 0.00010315 8.8e-06 0.0001366 0.0002174 0.0001762 9.095e-05 3.7e-06
12 9.205e-05 9.01e-05 0.0002107 0.0001022 0.00012855 9.005e-05 0.00025985 1.765e-05 1.825e-05 0.0001919 0.0002981 1.83e-05 3.28e-05 0.0001513 0.00010865 9.21e-05 0.00027275 0.00032635 0.0001748 0.00010225 1.785e-05 1.735e-05 0.00012765 0.00019545 0.00035785 0.00018775 0.0001748 6.635e-05 0.00016545 9.105e-05 0.00025995 0.0002136 0.0002005 1.665e-05 8.945e-05 8.92e-05 0.00015905 0.0001764 2.985e-05 9.005e-05 0.00025305 0.0002532 0.0001462 0.00010255 1.755e-05 0.00024895 0.0002599 0.00018715 3.06e-05 0.00012785 3.205e-05 0.00034745 1.685e-05 0.000243 0.00010205 1.86e-05 0.0001275 0.00020675 0.0002825 0.0002778 0.0001627 0.00011925 0.0001381 0.00029885 1.715e-05 1.765e-05 0.0001556 2.975e-05 0.00019165 0.00022605 9.73e-05 2.96e-05 9.21e-05 0.00015635 1.775e-05 7.825e-05 0.0001025 0.0001282 1.69e-05 1.78e-05 0.00025315 0.00013395 1.86e-05 0.00025385 9.025e-05 4.385e-05 5.67e-05 9.695e-05 0.00014325 0.00010205 2.17e-05 0.00013765 0.0002188 0.0001638 9.21e-05 1.785e-05
13 0.00022475 0.0002215 0.00021195 0.00023515 0.0001807 0.0002211 0.00030975 0.00013765 0.0001374 0.000181 0.00034915 0.00013745 0.0001513 0.0002371 0.0002146 0.00022415 0.0003244 0.00037355 0.0003198 0.0002352 0.0001369 0.00013635 0.0001802 0.00017665 0.0003144 0.00022565 0.00031965 0.0001841 0.0002798 0.00022415 0.00030985 0.00026575 0.00021645 0.00013705 0.00022095 0.0002217 0.00030075 0.00022765 0.000142 0.00022155 0.00031035 0.0003105 0.00013495 0.00023555 0.0001376 0.00017155 0.00031015 0.0002261 0.00014235 0.0001804 0.00015045 0.0002218 0.00013725 0.0002287 0.00023595 0.00013725 0.000181 0.00026635 0.00042465 0.0001494 0.00030625 0.00023715 0.00026815 0.0003152 0.00013715 0.00013765 0.0002852 0.00014285 0.0001809 0.00023145 0.00023155 0.0001427 0.0002248 0.00015905 0.0001368 0.0001891 0.00023535 0.0001803 0.0001368 0.00013685 0.0001758 0.0002795 0.00013725 0.0003111 0.0002214 0.00017685 0.00016815 0.0002301 0.0002728 0.00023595 0.00014175 0.0002687 0.00025825 0.0003088 0.0002248 0.00013685
14 0.0001329 0.00010635 0.00020785 0.0001451 0.0001835 0.00010515 0.00021175 0.00010605 0.00010635 0.0002084 0.0002888 0.00010635 0.00010865 0.0002146 0.0002088 0.0001339 0.0002515 0.0002989 0.0001448 0.00014515 0.0001055 0.00010665 0.0001843 0.00026045 0.00031865 0.000212 0.00014455 0.0001538 0.00025465 0.0001336 0.00021185 0.0002404 0.00021855 0.00010675 0.00010595 0.00010645 0.00016205 0.0002329 0.00011395 0.0001066 0.00021235 0.0002125 0.00020875 0.00014535 0.00010685 0.0002866 0.0002122 0.000213 0.00011315 0.0001846 0.0001213 0.0003533 0.00010695 0.0002628 0.00014575 0.0001045 0.00018495 0.00024085 0.00027285 0.0003106 0.0001063 0.0001546 0.0001541 0.00025055 0.00010675 0.00010605 0.0001932 0.00011465 0.00020815 0.0002517 0.00013475 0.0001145 0.00013295 0.00020895 0.00010535 0.0001622 0.0001452 0.00018485 0.0001065 0.00010545 0.0002866 0.0001337 0.00010465 0.00021315 0.000105 0.00013355 0.00014055 0.00013405 0.00023435 0.00014575 0.00010675 0.0001542 0.0001837 0.0001332 0.00013295 0.0001057
15 9.02e-05 0.0001168 0.00023665 0.00010205 0.00017585 0.00011575 0.0002126 9.165e-05 9.195e-05 0.0002185 0.00023665 9.195e-05 9.21e-05 0.00022415 0.0001339 0.0001794 0.0001988 0.000253 0.00012705 0.0001021 9.11e-05 9.14e-05 0.00017625 0.00026885 0.00028455 0.00018805 0.0001268 0.00013895 0.00023975 9.05e-05 0.0002127 0.00018795 0.00020015 9.195e-05 0.00011635 0.00011695 9.63e-05 0.0002244 0.000104 0.00011695 0.0002064 0.00020655 0.0002189 0.0001028 9.22e-05 0.00029685 0.00021305 0.00018855 0.0001036 0.00017645 0.0001062 0.00034695 9.215e-05 0.0002657 0.0001027 9.05e-05 0.0001769 0.00018165 0.00020835 0.00035085 0.000142 0.00014595 0.00016415 0.0002512 9.17e-05 9.165e-05 0.00015695 0.0001047 0.00021825 0.00022705 9.895e-05 0.00010455 9.02e-05 0.0002309 9.095e-05 0.0001518 0.00010215 0.00017635 9.17e-05 9.105e-05 0.00030105 0.00013465 9.065e-05 0.00020715 0.0001159 9.07e-05 0.000104 9.795e-05 0.00019165 0.0001027 9.2e-05 0.0001647 0.00021945 0.00011535 9.02e-05 9.09e-05
16 0.00019895 0.0002518 0.00028475 0.0001885 0.00027495 0.00025095 0.00015345 0.000287 0.00028705 0.0002794 0.00016055 0.0002871 0.00027275 0.0003244 0.0002515 0.0001988 0.0001809 0.00016565 0.00015345 0.00018855 0.00028655 0.0002869 0.0002749 0.0003584 9.09e-05 0.00018875 0.0001534 0.0003349 0.00043455 0.0001988 0.00015355 0.0001483 0.00019315 0.00028685 0.00025155 0.0002519 0.0001227 0.0003235 0.0002765 0.0002521 0.00015375 0.0001539 0.0003256 0.00018885 0.00028685 0.0003084 0.0001534 0.0001891 0.0002764 0.0002752 0.00030155 0.0002603 0.00028705 0.0002679 0.00018905 0.00028645 0.0002754 0.00014865 0.0002068 0.00035935 0.000217 0.0002944 0.0002998 0.0001918 0.00028685 0.000287 0.0002638 0.00027705 0.00027915 0.00022735 0.00020565 0.0002769 0.000199 0.00032635 0.00028645 0.00032475 0.0001886 0.00027545 0.0002866 0.0002865 0.00031255 0.000229 0.00028645 0.00015445 0.00025145 0.00024565 0.0002503 0.00020535 0.0003459 0.00018905 0.0002819 0.0002999 0.0002402 0.00016385 0.000199 0.0002865
17 0.0002528 0.0002993 0.00033185 0.00025395 0.0003393 0.0002986 0.00021 0.00034085 0.00034005 0.00032615 0.0001749 0.0003401 0.00032635 0.00037355 0.0002989 0.000253 0.00016565 0.0003246 0.00021305 0.000254 0.00034015 0.00034025 0.000339 0.00036325 0.00016245 0.0002513 0.0002129 0.00034035 0.0003812 0.0002524 0.00021 0.00021065 0.00025175 0.00034045 0.00029895 0.00029955 0.00017615 0.00033945 0.00032595 0.00029955 0.0002108 0.00021095 0.00037235 0.0002543 0.0003406 0.0003722 0.0002105 0.00025185 0.0003261 0.0003393 0.00034015 0.000324 0.00034065 0.00034275 0.0002547 0.0003403 0.00033975 0.0002115 0.00020685 0.0004121 0.0002586 0.0002933 0.00029905 0.00024985 0.00034055 0.00034085 0.00025175 0.00032675 0.0003259 0.0002916 0.0002533 0.0003266 0.00025285 0.00037965 0.00034005 0.00032605 0.00025405 0.00033955 0.0003402 0.0003401 0.00037635 0.00027645 0.0003403 0.00021155 0.0002991 0.00029935 0.0002998 0.00025235 0.0003407 0.0002547 0.00033525 0.0002991 0.0002981 0.0002115 0.00025285 0.0003401
18 0.00012725 0.00012685 0.0002466 0.0001263 0.000235 0.00012595 0.0001536 0.0001873 0.0001878 0.0002599 0.00021445 0.00018785 0.0001748 0.0003198 0.0001448 0.00012705 0.00015345 0.00021305 0.0001313 0.00012635 0.00018695 0.0001873 0.00023495 0.0003555 0.0002413 0.0002141 6.595e-05 0.0002353 0.00033545 0.0001271 0.0001537 0.00020155 0.00022685 0.00018715 0.00012655 0.0001267 8.47e-05 0.00028355 0.00018695 0.00012715 0.00014655 0.00014665 0.00030615 0.0001271 0.0001871 0.00035515 0.00015345 0.0002144 0.00018685 0.00023525 0.00020195 0.00037145 0.00018735 0.0002834 0.00012675 0.00018685 0.00023535 0.00019485 0.0001666 0.0004147 6.67e-05 0.0001882 0.00017495 0.000191 0.0001873 0.0001873 0.0001861 0.0001874 0.00025965 0.0002517 0.00012715 0.00018725 0.0001273 0.0002949 0.00018685 0.0002352 0.0001264 0.0002355 0.0001869 0.0001869 0.0003551 0.0001138 0.00018685 0.0001474 0.00012635 0.0001739 0.0001874 0.000127 0.00027465 0.00012675 0.0001823 0.00017505 0.00019315 6.69e-05 0.0001273 0.0001869
19 0.00010235 0.00012705 0.0002474 0.00010065 0.0001761 0.0001268 0.00021375 0.00010285 0.0001028 0.0002287 0.0002374 0.00010285 0.00010225 0.0002352 0.00014515 0.0001021 0.00018855 0.000254 0.00012635 0.0002012 0.0001016 0.0001013 0.00017525 0.00027945 0.00027595 0.00018875 0.00012625 0.00015035 0.0002503 0.0001014 0.00021385 0.0001886 0.0002016 0.0001019 0.0001266 0.00012755 0.00010775 0.00022425 0.0001139 0.0001272 0.0002074 0.00020755 0.00022905 0.0001021 0.00010285 0.0002965 0.0002141 0.00018955 0.0001146 0.00017575 0.0001164 0.00034685 0.0001021 0.0002544 0.00010205 0.0001023 0.00017655 0.00018225 0.00020775 0.00036145 0.0001526 0.00015635 0.0001751 0.00025125 0.00010175 0.00010285 0.00016755 0.00011525 0.00022845 0.00022695 0.00010955 0.0001151 0.0001024 0.0002415 0.0001015 0.00016255 0.0001011 0.00017595 0.0001015 0.00010155 0.0003007 0.00014475 0.0001023 0.00020815 0.0001271 0.00010155 0.00011455 0.00010785 0.0002019 0.00010205 0.00010185 0.0001752 0.00021915 0.0001271 0.0001024 0.00010165
20 9.02e-05 8.815e-05 0.0002087 0.00010155 0.0001133 8.775e-05 0.0002719 3.45e-06 3.25e-06 0.0001774 0.0003119 3.45e-06 1.785e-05 0.0001369 0.0001055 9.11e-05 0.00028655 0.00034015 0.00018695 0.0001016 3.9e-06 2.65e-06 0.0001132 0.0001913 0.0003716 0.0001868 0.00018675 5.095e-05 0.00015165 9e-05 0.000272 0.0002276 0.00020015 3.2e-06 8.77e-05 8.865e-05 0.00017235 0.0001622 2.96e-05 8.83e-05 0.00026565 0.0002658 0.00013185 0.00010295 4.3e-06 0.00023475 0.00027235 0.00018805 2.965e-05 0.0001137 1.775e-05 0.0003472 3.4e-06 0.000229 0.00010285 2.15e-06 0.0001145 0.00022125 0.0002962 0.00027575 0.00017345 0.00010475 0.0001361 0.00031095 3.2e-06 3.45e-06 0.00015655 3.095e-05 0.00017715 0.000227 9.85e-05 3.08e-05 9.025e-05 0.0001555 2.1e-06 7.825e-05 0.00010195 0.0001139 2.9e-06 2e-06 0.000239 0.00014625 2.25e-06 0.0002664 8.745e-05 4.325e-05 5.64e-05 9.69e-05 0.00014375 0.00010285 8.3e-06 0.0001362 0.00021685 0.00017535 9.025e-05 2.55e-06
21 9.185e-05 8.795e-05 0.00020905 0.00010125 0.0001144 8.845e-05 0.0002722 4.4e-06 4.05e-06 0.00017705 0.0003118 4.1e-06 1.735e-05 0.00013635 0.00010665 9.14e-05 0.0002869 0.00034025 0.0001873 0.0001013 2.65e-06 1.7e-06 0.00011275 0.00019135 0.0003717 0.000187 0.00018725 5.12e-05 0.0001511 9.01e-05 0.0002723 0.00022715 0.00019955 2.65e-06 8.72e-05 8.87e-05 0.00017295 0.00016155 2.89e-05 8.78e-05 0.0002658 0.00026595 0.0001316 0.00010315 4.45e-06 0.00023495 0.00027255 0.00018805 3.045e-05 0.0001132 1.665e-05 0.0003474 2.85e-06 0.0002292 0.00010305 4.15e-06 0.00011455 0.00022085 0.00029655 0.00027595 0.00017365 0.00010355 0.0001356 0.0003113 2.75e-06 4.4e-06 0.00015655 3.08e-05 0.0001768 0.00022705 9.855e-05 3.065e-05 9.19e-05 0.00015555 2.55e-06 7.74e-05 0.0001019 0.00011285 2.3e-06 2.6e-06 0.0002392 0.0001458 4.15e-06 0.00026655 8.855e-05 4.335e-05 5.52e-05 9.615e-05 0.0001432 0.00010305 7.5e-06 0.00013615 0.0002171 0.00017625 9.19e-05 2.85e-06
22 0.0001762 0.0001726 0.000235 0.0001752 0.00011305 0.0001725 0.00027125 0.00011435 0.00011405 0.000204 0.0003228 0.0001141 0.00012765 0.0001802 0.0001843 0.00017625 0.0002749 0.000339 0.00023495 0.00017525 0.0001132 0.00011275 0.0002241 0.00023445 0.0003113 0.0002122 0.00023485 0.00016195 0.00026125 0.0001751 0.00027135 0.00025225 0.0002165 0.00011325 0.00017215 0.000173 0.0002434 0.00016105 0.0001309 0.00017275 0.00026485 0.000265 0.00018255 0.00017655 0.00011425 0.00017535 0.0002715 0.00021285 0.00013175 0.00011255 0.00012785 0.0003002 0.00011345 0.0001166 0.0001764 0.00011405 0.00011325 0.00024585 0.0003438 0.00026925 0.00023225 0.0001896 0.00022065 0.00029665 0.00011345 0.00011435 0.0002405 0.00013215 0.00020375 0.00023815 0.00018285 0.000132 0.00017625 0.00020715 0.0001131 0.00017955 0.0001756 0.00011275 0.0001129 0.00011315 0.0001796 0.00023045 0.00011405 0.0002656 0.0001728 0.00015345 0.0001577 0.00018135 0.0002531 0.0001764 0.00011825 0.00022075 0.0001835 0.0002349 0.00017625 0.00011325
23 0.00026885 0.0002674 0.0002578 0.0002794 0.0002348 0.0002668 0.0003455 0.000192 0.0001918 0.00023535 0.00033585 0.00019185 0.00019545 0.00017665 0.00026045 0.00026885 0.0003584 0.00036325 0.0003555 0.00027945 0.0001913 0.00019135 0.00023445 0.000345 0.00034845 0.00026985 0.00035535 0.00019145 0.00024285 0.0002684 0.0003456 0.00029995 0.0002644 0.00019155 0.00026705 0.00026765 0.0003348 0.00023485 0.00018915 0.00026765 0.0003461 0.00034625 0.0001891 0.00027975 0.0001918 0.0002255 0.0003459 0.00027035 0.00018935 0.00023475 0.00019135 0.0002659 0.00019175 0.00028265 0.00028015 0.0001915 0.0002352 0.0003004 0.0004144 0.00019545 0.0003437 0.0002446 0.0002671 0.0003509 0.00019165 0.000192 0.0002851 0.00018995 0.0002351 0.00027565 0.0002758 0.0001898 0.0002689 0.00020515 0.0001912 0.0001892 0.0002795 0.000235 0.0001913 0.00019125 0.00022975 0.0003154 0.0001915 0.00034685 0.00026725 0.00022115 0.00021625 0.0002742 0.000273 0.00028015 0.0001961 0.00026725 0.00030395 0.0003445 0.0002689 0.0001912
24 0.00028435 0.00033705 0.00028335 0.0002759 0.0003116 0.00033635 0.000151 0.0003723 0.00037175 0.0002777 0.0001572 0.0003718 0.00035785 0.0003144 0.00031865 0.00028455 9.09e-05 0.00016245 0.0002413 0.00027595 0.0003716 0.0003717 0.0003113 0.00034845 5e-07 0.0001859 0.00024115 0.00041995 0.000519 0.00028395 0.000151 0.0001455 0.0001821 0.0003719 0.0003367 0.0003373 0.00020205 0.0003599 0.0003531 0.0003373 0.0001586 0.00015875 0.0003239 0.00027595 0.00037205 0.00025825 0.00015155 0.00018645 0.00035325 0.0003116 0.00038625 0.0001736 0.0003721 0.0002559 0.00027665 0.00037175 0.00031205 0.00015315 0.00029395 0.00027105 0.00030265 0.00037925 0.00038495 0.000192 0.000372 0.0003723 0.00034855 0.0003539 0.00027745 0.00022745 0.00029065 0.00035375 0.0002844 0.00032485 0.0003715 0.00040135 0.000276 0.00031185 0.00037165 0.00037155 0.0002624 0.00031395 0.00037175 0.00015935 0.00033685 0.00033095 0.0003264 0.0002903 0.00043045 0.00027665 0.0003667 0.00038505 0.0002587 0.00024935 0.0002844 0.00037155
25 0.0001873 0.00021255 0.00024605 0.0001887 0.0002124 0.00021205 0.00021145 0.00018785 0.00018745 0.00022735 0.00023445 0.00018745 0.00018775 0.00022565 0.000212 0.00018805 0.00018875 0.0002513 0.0002141 0.00018875 0.0001868 0.000187 0.0002122 0.00026985 0.0001859 0.0003715 0.000214 0.0002353 0.00033535 0.00018705 0.00021155 0.0001864 0.0001911 0.0001876 0.000212 0.000213 0.0001873 0.000261 0.00019125 0.0002126 0.00021205 0.0002122 0.00022765 0.00018955 0.00018825 0.0002465 0.0002119 0.00018725 0.0001913 0.0002125 0.0002018 0.0002604 0.0001878 0.00024245 0.00018985 0.00018675 0.00021335 0.000187 0.0002951 0.0002734 0.00023795 0.00024175 0.0002605 0.0002515 0.0001877 0.00018785 0.0002526 0.00019245 0.0002271 0.0002273 0.0001946 0.0001923 0.00018735 0.00024025 0.00018665 0.0002397 0.000189 0.00021275 0.00018735 0.00018675 0.0002507 0.0002299 0.0001868 0.0002128 0.000212 0.0001871 0.00019125 0.00019325 0.000287 0.00018985 0.00018725 0.0002606 0.00023775 0.0002125 0.00018735 0.00018725
26 0.0001269 0.000127 0.0002462 0.0001262 0.00023475 0.0001258 0.0001532 0.00018715 0.0001876 0.0002598 0.00021435 0.00018765 0.0001748 0.00031965 0.00014455 0.0001268 0.0001534 0.0002129 6.595e-05 0.00012625 0.00018675 0.00018725 0.00023485 0.00035535 0.00024115 0.000214 0.000131 0.0002351 0.00033535 0.0001269 0.0001533 0.00020145 0.0002267 0.00018715 0.00012655 0.0001269 8.445e-05 0.00028345 0.00018685 0.00012725 0.00014695 0.0001471 0.00030605 0.00012695 0.00018715 0.000355 0.00015365 0.00021435 0.0001866 0.00023515 0.0002019 0.0003713 0.00018735 0.00028325 0.0001267 0.0001865 0.0002353 0.0001949 0.00016645 0.0004145 6.7e-05 0.00018815 0.0001746 0.0001906 0.0001872 0.00018715 0.00018605 0.00018735 0.00025955 0.00025165 0.00012735 0.0001872 0.00012695 0.0002948 0.00018665 0.0002351 0.0001263 0.0002354 0.0001869 0.0001867 0.00035495 0.00011395 0.0001865 0.00014775 0.00012635 0.0001738 0.0001873 0.00012695 0.00027455 0.0001267 0.00018225 0.0001747 0.000193 6.64e-05 0.00012695 0.0001867
27 0.00013835 0.0001366 0.00025705 0.0001503 0.0001616 0.0001361 0.00032025 5.17e-05 5.19e-05 0.0002259 0.000312 5.18e-05 6.635e-05 0.0001841 0.0001538 0.00013895 0.0003349 0.00034035 0.0002353 0.00015035 5.095e-05 5.12e-05 0.00016195 0.00019145 0.00041995 0.0002353 0.0002351 0.0001006 0.0001035 0.0001387 0.00032035 0.00027605 0.00024735 5.2e-05 0.0001361 0.000137 0.00022055 0.00016175 7.765e-05 0.0001367 0.000314 0.00031415 0.0001804 0.0001513 5.265e-05 0.0002831 0.0003207 0.0002364 7.73e-05 0.0001621 5.12e-05 0.00039555 5.22e-05 0.00027735 0.0001512 5.03e-05 0.00016285 0.00026975 0.0002965 0.0003241 0.0002218 0.00010445 0.00013565 0.0003593 5.2e-05 5.17e-05 0.00015675 7.86e-05 0.00022565 0.00027535 0.00014685 7.845e-05 0.00013845 0.00020385 5.075e-05 7.71e-05 0.0001504 0.00016205 5.175e-05 5.09e-05 0.00028735 0.00019485 5.045e-05 0.00031475 0.00013565 9.15e-05 0.00010385 0.00014545 0.00014415 0.0001512 5.695e-05 0.0001364 0.0002652 0.00022365 0.0001384 5.105e-05
28 0.00023995 0.00023645 0.0003567 0.00025025 0.000262 0.0002366 0.0004199 0.0001519 0.00015135 0.00032535 0.00036345 0.0001514 0.00016545 0.0002798 0.00025465 0.00023975 0.00043455 0.0003812 0.00033545 0.0002503 0.00015165 0.0001511 0.00026125 0.00024285 0.000519 0.00033535 0.00033535 0.0001035 0.0001077 0.0002391 0.00042 0.00037545 0.00034305 0.00015105 0.00023595 0.00023625 0.000321 0.00021335 0.0001735 0.00023655 0.00041365 0.0004138 0.0002799 0.00025055 0.000152 0.0003821 0.00042025 0.00033515 0.0001741 0.0002614 0.00013595 0.0004946 0.00015125 0.0003763 0.00025055 0.00015225 0.00026155 0.00036925 0.00029645 0.00042315 0.00032185 0.0001565 0.0001879 0.00045895 0.00015115 0.0001519 0.0001973 0.00017385 0.0003251 0.0003741 0.0002461 0.0001737 0.00024 0.0003026 0.00015155 0.00012525 0.00025035 0.0002616 0.0001513 0.0001516 0.00038635 0.00029475 0.00015225 0.0004144 0.0002367 0.0001917 0.0001999 0.0002453 0.00014305 0.00025055 0.0001561 0.0001875 0.0003646 0.00032435 0.00024 0.0001514
29 8.99e-05 0.00011595 0.0002363 0.00010135 0.0001755 0.0001154 0.00021215 9.12e-05 9.12e-05 0.00021765 0.0002358 9.12e-05 9.105e-05 0.00022415 0.0001336 9.05e-05 0.0001988 0.0002524 0.0001271 0.0001014 9e-05 9.01e-05 0.0001751 0.0002684 0.00028395 0.00018705 0.0001269 0.0001387 0.0002391 0.0001788 0.00021225 0.00018695 0.00020005 9.07e-05 0.0001155 0.00011645 9.575e-05 0.0002241 0.00010275 0.0001161 0.0002059 0.00020605 0.000218 0.00010275 9.16e-05 0.00029645 0.0002126 0.00018795 0.00010315 0.0001756 0.0001052 0.00034655 9.09e-05 0.0002653 0.00010265 9.02e-05 0.0001764 0.0001806 0.00020835 0.00035045 0.0001416 0.0001452 0.0001639 0.00025085 9.07e-05 9.12e-05 0.00015635 0.0001041 0.0002174 0.00022655 9.845e-05 0.00010395 8.995e-05 0.0002304 8.985e-05 0.0001514 0.00010175 0.0001758 9.035e-05 8.995e-05 0.00030065 0.00013365 9.035e-05 0.00020665 0.00011555 9.015e-05 0.0001034 9.665e-05 0.00019065 0.00010265 9.065e-05 0.000164 0.0002191 0.0001151 8.995e-05 9e-05
30 0.00021245 0.0002122 0.0002448 0.0002138 0.00027145 0.0002112 0.00015085 0.00027245 0.0002725 0.0002583 0.0002112 0.00027255 0.00025995 0.00030985 0.00021185 0.0002127 0.00015355 0.00021 0.0001537 0.00021385 0.000272 0.0002723 0.00027135 0.0003456 0.000151 0.00021155 0.0001533 0.00032035 0.00042 0.00021225 0.0003017 0.00019895 0.00021595 0.00027225 0.00021175 0.00021215 0.00016395 0.00031995 0.0002637 0.00021245 0.00015155 0.0001517 0.00030455 0.0002142 0.00027235 0.0003049 0.0001514 0.0002119 0.00026365 0.00027165 0.0002869 0.00028475 0.00027245 0.0002712 0.0002143 0.00027195 0.00027185 0.00019945 0.00025375 0.00032635 0.00015235 0.00027325 0.0002598 0.0001908 0.00027255 0.00027245 0.00027085 0.00026425 0.00025805 0.00025175 0.0002122 0.0002641 0.0002125 0.0002933 0.0002719 0.00031195 0.0002139 0.0002719 0.000272 0.00027195 0.00030485 0.0001989 0.00027195 0.00015235 0.00021175 0.00025925 0.0002636 0.00021215 0.0003593 0.0002143 0.0002673 0.0002599 0.00021155 0.0001519 0.0002125 0.00027195
31 0.00018785 0.00024035 0.0002738 0.00018855 0.00025305 0.00024 0.00019895 0.0002287 0.00022825 0.0002676 0.0001939 0.0002283 0.0002136 0.00026575 0.0002404 0.00018795 0.0001483 0.00021065 0.00020155 0.0001886 0.0002276 0.00022715 0.00025225 0.00029995 0.0001455 0.0001864 0.00020145 0.00027605 0.00037545 0.00018695 0.00019895 0.0002907 0.00019095 0.0002278 0.00023965 0.0002408 0.00014675 0.00030095 0.00021725 0.00024025 0.00019955 0.0001997 0.00026775 0.0001894 0.00022845 0.0002865 0.0001994 0.00018725 0.0002179 0.0002524 0.00024175 0.0002601 0.000228 0.0002823 0.0001897 0.00022825 0.0002534 0.0001462 0.0002545 0.00030115 0.00025335 0.00028195 0.0002882 0.00023885 0.0002279 0.0002287 0.00025235 0.00021845 0.00026735 0.00022705 0.00019455 0.0002183 0.0001879 0.00026805 0.0002275 0.0002656 0.00018885 0.00025275 0.00022755 0.00022755 0.00029065 0.00021735 0.00022825 0.0002003 0.00024045 0.0001868 0.000191 0.00019265 0.00028645 0.0001897 0.0002272 0.0002884 0.0002654 0.0002 0.0001879 0.0002277
32 0.0002007 0.00022535 0.0002504 0.00020155 0.00021705 0.000225 0.00021585 0.00020095 0.00020065 0.00023185 0.00023825 0.0002007 0.0002005 0.00021645 0.00021855 0.00020015 0.00019315 0.00025175 0.00022685 0.0002016 0.00020015 0.00019955 0.0002165 0.0002644 0.0001821 0.0001911 0.0002267 0.00024735 0.00034305 0.00020005 0.00021595 0.00019095 0.0003637 0.0002003 0.0002248 0.0002256 0.0002002 0.00026395 0.00019115 0.0002254 0.0002166 0.00021675 0.00023225 0.00020205 0.0002009 0.0002423 0.00021635 0.0001916 0.00019155 0.0002167 0.0002136 0.0002564 0.0002005 0.00023805 0.0002024 0.00020055 0.00021735 0.0001917 0.00030385 0.0002694 0.00025075 0.0002534 0.000272 0.00025585 0.0002004 0.00020095 0.0002612 0.00019205 0.0002316 0.0002315 0.0002072 0.0001919 0.00020075 0.00024445 0.00020005 0.00023825 0.00020175 0.0002166 0.00020005 0.0002001 0.0002465 0.00024285 0.00020055 0.00021735 0.0002253 0.00019995 0.0001906 0.0002063 0.0002958 0.0002024 0.00020015 0.00027255 0.00023525 0.00022535 0.00020075 0.0002001
33 9.195e-05 8.805e-05 0.00020895 0.00010185 0.0001144 8.83e-05 0.00027215 3.25e-06 3.85e-06 0.00017765 0.0003122 3.9e-06 1.665e-05 0.00013705 0.00010675 9.195e-05 0.00028685 0.00034045 0.00018715 0.0001019 3.2e-06 2.65e-06 0.00011325 0.00019155 0.0003719 0.0001876 0.00018715 5.2e-05 0.00015105 9.07e-05 0.00027225 0.0002278 0.0002003 3.9e-06 8.76e-05 8.725e-05 0.0001732 0.00016225 2.97e-05 8.82e-05 0.00026535 0.0002655 0.00013215 0.0001024 3.3e-06 0.00023495 0.0002722 0.00018695 3.07e-05 0.00011375 1.775e-05 0.0003475 2.15e-06 0.0002291 0.0001019 4.25e-06 0.0001133 0.0002211 0.00029665 0.00027605 0.00017325 0.00010485 0.0001362 0.0003112 2.45e-06 3.25e-06 0.00015545 2.98e-05 0.0001774 0.0002259 9.71e-05 2.965e-05 9.2e-05 0.0001544 3.15e-06 7.835e-05 0.00010225 0.00011395 2.15e-06 3.2e-06 0.0002392 0.00014615 4.25e-06 0.00026615 8.835e-05 4.38e-05 5.645e-05 9.71e-05 0.0001432 0.0001019 7.55e-06 0.0001357 0.0002171 0.00017615 9.2e-05 3.2e-06
34 0.0001164 8.75e-05 0.00020785 0.00012655 0.00017295 8.72e-05 0.00021165 8.85e-05 8.865e-05 0.00020785 0.00028845 8.87e-05 8.945e-05 0.00022095 0.00010595 0.00011635 0.00025155 0.00029895 0.00012655 0.0001266 8.77e-05 8.72e-05 0.00017215 0.00026705 0.0003367 0.000212 0.00012655 0.0001361 0.00023595 0.0001155 0.00021175 0.00023965 0.0002248 8.76e-05 0.0001727 8.76e-05 0.0001495 0.0002208 0.0001017 8.715e-05 0.00020485 0.000205 0.00020835 0.0001278 8.835e-05 0.00029325 0.00021175 0.00021255 0.00010235 0.00017205 0.0001016 0.00037165 8.78e-05 0.00025785 0.0001274 8.835e-05 0.000173 0.000233 0.00025505 0.00032885 8.755e-05 0.0001353 0.00013535 0.00025065 8.8e-05 8.85e-05 0.00017475 0.0001026 0.0002076 0.00025145 0.0001159 0.00010245 0.00011645 0.0002086 8.76e-05 0.00015 0.00012685 0.0001726 8.735e-05 8.765e-05 0.00029325 0.0001147 8.835e-05 0.00020565 8.755e-05 0.0001152 0.00012815 0.00011485 0.0002155 0.0001274 8.75e-05 0.0001356 0.00019075 0.00011565 0.00011645 8.775e-05
35 0.0001169 8.8e-05 0.0002082 0.0001275 0.00017335 8.75e-05 0.00021205 8.77e-05 8.89e-05 0.0002089 0.0002893 8.895e-05 8.92e-05 0.0002217 0.00010645 0.00011695 0.0002519 0.00029955 0.0001267 0.00012755 8.865e-05 8.87e-05 0.000173 0.00026765 0.0003373 0.000213 0.0001269 0.000137 0.00023625 0.00011645 0.00021215 0.0002408 0.0002256 8.725e-05 8.76e-05 0.0001725 0.0001502 0.0002216 0.0001028 8.825e-05 0.00020465 0.0002048 0.0002093 0.00012745 8.755e-05 0.00029365 0.00021165 0.0002118 0.000103 0.0001733 0.00010335 0.00037215 8.745e-05 0.00025815 0.0001266 8.885e-05 0.0001721 0.0002337 0.00025555 0.00032935 8.755e-05 0.00013675 0.0001361 0.000251 8.81e-05 8.77e-05 0.000174 0.00010195 0.00020865 0.00025065 0.00011465 0.0001018 0.00011695 0.00020775 8.855e-05 0.00015105 0.0001276 0.00017355 8.75e-05 8.86e-05 0.00029365 0.0001152 8.885e-05 0.00020565 8.76e-05 0.0001162 0.00012935 0.0001163 0.000216 0.0001266 8.805e-05 0.0001356 0.00019115 0.000116 0.00011695 8.85e-05
36 9.56e-05 0.0001499 0.00026455 0.0001077 0.00024315 0.0001488 0.00016395 0.00017305 0.0001733 0.0002589 0.00015885 0.0001733 0.00015905 0.00030075 0.00016205 9.63e-05 0.0001227 0.00017615 8.47e-05 0.00010775 0.00017235 0.00017295 0.0002434 0.0003348 0.00020205 0.0001873 8.445e-05 0.00022055 0.000321 9.575e-05 0.00016395 0.00014675 0.0002002 0.0001732 0.0001495 0.0001502 3.82e-05 0.0002919 0.000171 0.0001501 0.000163 0.00016315 0.0002945 0.0001082 0.0001733 0.0003588 0.0001644 0.00018805 0.00017075 0.00024365 0.0001874 0.00034185 0.0001734 0.00031885 0.0001085 0.0001719 0.0002442 0.00014575 0.00013795 0.0004092 0.0001271 0.0001919 0.0001976 0.0002033 0.0001732 0.00017305 0.0001621 0.00017185 0.00025865 0.0002273 0.00010395 0.0001717 9.555e-05 0.0002946 0.0001722 0.00021915 0.0001078 0.00024395 0.00017295 0.0001723 0.00036295 0.000127 0.00017205 0.00016375 0.00014915 0.00013165 0.00014475 0.00010285 0.00023235 0.0001085 0.000168 0.0001978 0.0002335 7.26e-05 9.555e-05 0.00017225
37 0.0002248 0.0002213 0.0002836 0.0002242 0.0001616 0.0002211 0.00031985 0.00016295 0.0001628 0.00025275 0.00032315 0.00016285 0.0001764 0.00022765 0.0002329 0.0002244 0.0003235 0.00033945 0.00028355 0.00022425 0.0001622 0.00016155 0.00016105 0.00023485 0.0003599 0.000261 0.00028345 0.00016175 0.00021335 0.0002241 0.00031995 0.00030095 0.00026395 0.00016225 0.0002208 0.0002216 0.0002919 0.0003213 0.0001792 0.0002214 0.00031345 0.0003136 0.00023135 0.00022515 0.00016285 0.0002239 0.0003201 0.00026145 0.00017965 0.00016115 0.00016155 0.0003488 0.00016245 0.00016515 0.000225 0.00016265 0.0001618 0.0002946 0.00034435 0.00031785 0.00028085 0.0001895 0.0002204 0.00034525 0.00016245 0.00016295 0.00024095 0.00018005 0.0002525 0.00028675 0.00023145 0.0001799 0.00022485 0.00025575 0.0001621 0.00017865 0.0002243 0.0001611 0.000162 0.00016215 0.0002282 0.0002793 0.00016265 0.0003142 0.0002214 0.00020195 0.0002054 0.00023015 0.00025375 0.000225 0.00016715 0.0002212 0.00023205 0.0002835 0.00022485 0.00016205
