 slim_337508269 slim_337508366 slim_337508256 slim_337508300 slim_337508375 slim_337508331 slim_337508341 slim_337508292 slim_337508313 slim_337508367 slim_337508286 slim_337508204 slim_337508359 slim_337508066 slim_337508243 slim_337508357 slim_337508271 slim_337508365 slim_337508299 slim_337508364 slim_337507931 slim_337508311 slim_337508330 slim_337508312 slim_337508262 slim_337508302 slim_337508242 slim_337508258 slim_337508344 slim_337508278 slim_337508307 slim_337508349 slim_337508306 slim_337508381 slim_337508184 slim_337508316 slim_337508254 slim_337508362 slim_337508350 slim_337508351 slim_337508339 slim_337508373 slim_337508191 slim_337508255 slim_337508138 slim_337508186 slim_337508352 slim_337508354 slim_337508020 slim_337508324 slim_337508370 slim_337508264 slim_337508075 slim_337508265 slim_337508318 slim_337507861 slim_337508368 slim_337508337 slim_337508379 slim_337508246 slim_337508275 slim_337508378 slim_337508377 slim_337508096 slim_337508319 slim_337508072 slim_337508323 slim_337508314 slim_337508329 slim_337508374 slim_337508159 slim_337508257 slim_337508289 slim_337508276 slim_337508361 slim_337508342 slim_337508315 slim_337507908 slim_337508055 slim_337508219 slim_337508380 slim_337508340 slim_337508347 slim_337508281 slim_337508333 slim_337508023 slim_337508360 slim_337508238 slim_337508145 slim_337508345 slim_337508280 slim_337508295 slim_337508101 slim_337508355 slim_337508162 slim_337508310 slim_337508178 slim_337508272 slim_337508353 slim_337508002
0 7.96e-05 0.000118 0.0001177 0.00022495 0.0001612 0.00019455 0.0001762 0.0001941 0.00018915 0.00043815 0.0001182 0.00019475 0.0002506 0.00019475 0.0003015 0.0003744 0.00019495 0.00022425 0.0001941 0.00028385 0.00011815 0.00022305 4.065e-05 0.0001948 0.0002463 0.00012625 0.00011795 0.00011735 0.00011835 0.00020325 0.0004204 0.00022475 0.0001173 0.00019505 0.00017685 0.00026625 0.00011835 0.00030735 0.0002666 0.0003504 0.0003242 0.000302 0.00020345 0.00030165 0.00018225 0.0006514 0.0001169 0.00028635 0.0001943 0.0001614 0.0001178 0.0001179 0.0002346 0.000177 0.0002586 0.0001174 0.00025825 0.00040395 0.0001944 0.0003174 0.0001945 0.00023515 0.0002584 0.00022235 0.00018285 8.445e-05 0.0001267 0.00016365 0.00011705 0.00017 0.00019445 0.0002592 0.0001946 0.00022205 0.00020345 0.00019495 0.00022475 0.00018905 0.00036995 0.00011735 0.00016135 0.00019435 0.00010585 0.0001899 0.0001452 0.0001941 0.00026755 0.00044875 0.000118 0.00019425 0.00041205 0.0001823 0.00018275 0.0001262 0.00011795 0.0003734 0.0001177 0.000117 0.00016115 0.0001607
1 0.000118 0.0001731 0.00011775 0.00021365 8.73e-05 8.72e-05 0.0001469 0.000103 0.0001599 0.00036195 8.75e-05 0.00011895 0.00015935 0.00013425 0.0002135 0.00029855 0.0001194 0.00021405 0.00011745 0.00027265 8.765e-05 0.00013135 8.73e-05 0.000119 0.00024695 0.00012755 8.665e-05 0.00013395 8.74e-05 0.00013355 0.0004339 0.00021345 8.73e-05 8.845e-05 0.00014645 0.00016035 8.805e-05 0.00031785 0.00015955 0.00031815 0.00026275 0.00022995 0.00012695 0.0002137 0.00018205 0.00054515 8.8e-05 0.00017955 0.0001181 8.83e-05 0.0001491 8.68e-05 0.00016775 0.0001466 0.000152 0.0001487 0.00018245 0.00035375 0.00014935 0.00021115 0.00011805 0.0001687 0.00015185 0.0001147 0.00018255 8.705e-05 0.0001025 0.00023885 8.815e-05 0.00010305 0.0001179 0.0001825 0.00014955 0.0001456 0.00015815 0.00010355 0.00016685 0.0001598 0.00030455 0.0001189 8.765e-05 0.0001177 0.00018235 0.00015955 0.00011535 8.745e-05 0.0001919 0.0003981 0.0001181 0.0001488 0.0003463 0.0001823 0.00016715 0.0001031 8.68e-05 0.0002862 0.0001177 0.0001332 0.00011845 0.000118
2 0.0001177 0.00011775 0.0002333 0.0002249 0.000118 0.00011785 0.00017715 0.00011845 0.00019025 0.00036165 0.0001183 0.0001182 0.0001741 0.00011865 0.00022465 0.00029825 0.0001189 0.0002251 0.00011705 0.000284 0.00011835 0.00014655 0.00011805 0.0001181 0.0002467 0.00012725 0.0001177 0.0001186 0.00011815 0.00012635 0.0004208 0.0002242 0.00011795 0.00011875 0.0001769 0.00019065 0.00011855 0.00034845 0.00019 0.00034855 0.0002476 0.0002256 0.00012675 0.0002248 0.0001822 0.00057535 0.00011855 0.00020985 0.00011765 0.00011865 0.0001184 0.00011765 0.0001678 0.000177 0.0001823 0.000118 0.0001817 0.00036855 0.00011775 0.0002411 0.0001175 0.00016845 0.00018215 0.0001454 0.0001829 0.00011805 0.0001264 0.0002412 0.0001187 0.00012725 0.00011695 0.00018275 0.0001183 0.0001451 0.0001268 0.0001187 0.00018185 0.00019015 0.00033455 0.0001187 0.0001182 0.000117 0.0001826 0.0001901 0.00014595 0.00011805 0.0001913 0.0004132 0.0001183 0.00011695 0.0003767 0.0001823 0.00018265 0.0001273 0.0001177 0.000297 0.000117 0.00011735 0.000118 0.0001174
3 0.00022495 0.00021365 0.0002249 0.0004246 0.0002148 0.00021465 0.0002145 0.00022355 0.00028505 0.00046215 0.0002137 0.0002255 0.00022345 0.0002348 0.0002135 0.00040055 0.00022605 0.00021335 0.0002251 0.00028065 0.00021355 0.0002517 0.00021335 0.00022555 0.0003515 0.00022535 0.0002136 0.0002348 0.00021375 0.00022565 0.0004647 0.00021295 0.0002144 0.0002149 0.00021345 0.00028545 0.0002135 0.00037605 0.0002854 0.0003773 0.00035745 0.00022265 0.00022545 0.00021365 0.0002899 0.0005443 0.0002144 0.0003039 0.0002254 0.0002147 0.0002369 0.0002133 0.0002665 0.0002138 0.00027625 0.0002365 0.0002868 0.00039725 0.0002369 0.00027615 0.0002255 0.0002667 0.00027605 0.00024235 0.00028935 0.0002137 0.0002143 0.0002875 0.00021455 0.000215 0.0002252 0.00029045 0.0002371 0.00025305 0.00023645 0.0002237 0.00027835 0.00028495 0.000363 0.00022595 0.00021495 0.00022535 0.0002889 0.0002841 0.0002423 0.0002145 0.0002871 0.0004442 0.000225 0.00023625 0.00040545 0.00028995 0.00028055 0.0002147 0.00021355 0.0002842 0.0002247 0.00023395 0.0002258 0.0002253
4 0.0001612 8.73e-05 0.000118 0.0002148 6.93e-05 3.495e-05 0.0001392 5.09e-05 0.0001521 0.0003147 8.76e-05 6.85e-05 0.0001089 8.36e-05 0.0001622 0.0002499 6.885e-05 0.0002062 6.625e-05 0.00027385 8.905e-05 8.01e-05 0.0001311 6.855e-05 0.00024925 0.00011965 8.73e-05 0.00012595 8.77e-05 8.31e-05 0.0004363 0.0002137 7.875e-05 3.71e-05 0.00014775 0.00010965 8.925e-05 0.0003445 0.0001083 0.00029195 0.00021195 0.0001795 7.57e-05 0.0001625 0.00018185 0.00049475 7.99e-05 0.00013005 6.655e-05 3.66e-05 0.00014965 8.725e-05 0.00013335 0.0001479 0.0001024 0.00014925 0.00013375 0.0003304 9.87e-05 0.0001626 6.67e-05 0.0001354 0.0001021 6.27e-05 0.0001836 8.72e-05 0.0001028 0.0002821 8.005e-05 5.14e-05 6.68e-05 0.00013115 9.89e-05 9.43e-05 0.0001076 5.21e-05 0.0001168 0.000152 0.0002796 0.0001109 3.5e-05 6.65e-05 0.0002345 0.00016075 0.0001067 3.6e-05 0.00014315 0.0003729 0.00011935 9.83e-05 0.00032055 0.00018195 0.0001681 9.53e-05 8.725e-05 0.00023575 0.0001181 0.00012535 6.685e-05 6.63e-05
5 0.00019455 8.72e-05 0.00011785 0.00021465 3.495e-05 2e-06 0.00013895 1.71e-05 0.00015185 0.00028105 8.73e-05 3.485e-05 7.515e-05 5e-05 0.0001287 0.00021625 3.52e-05 0.00020605 3.265e-05 0.0002736 8.89e-05 4.645e-05 0.00016445 3.49e-05 0.0002491 0.00011955 8.715e-05 0.00012585 8.76e-05 4.945e-05 0.00043615 0.00021355 7.86e-05 3.3e-06 0.0001475 7.59e-05 8.91e-05 0.0003623 7.47e-05 0.0003099 0.0001783 0.00014585 4.215e-05 0.00012885 0.00018175 0.0004612 7.975e-05 9.64e-05 3.275e-05 3.67e-05 0.00014955 8.71e-05 9.955e-05 0.00014765 6.86e-05 0.00014915 0.0001001 0.0003147 6.51e-05 0.00012885 3.31e-05 0.00010175 6.825e-05 2.91e-05 0.00018345 0.0001207 0.00010265 0.00031545 7.99e-05 5.14e-05 3.315e-05 9.76e-05 6.53e-05 6.065e-05 7.4e-05 1.845e-05 0.0001168 0.00015175 0.0002638 0.0001108 3.515e-05 3.29e-05 0.00026785 0.0001605 0.00010655 2.35e-06 0.00010955 0.0003572 0.0001192 6.465e-05 0.00030475 0.00018185 0.00016795 9.515e-05 8.715e-05 0.000202 0.00011795 0.0001252 6.665e-05 6.63e-05
6 0.0001762 0.0001469 0.00017715 0.0002145 0.0001392 0.00013895 0.0002746 0.00015365 0.00020955 0.0004162 0.000147 0.0001694 0.00015345 0.00018485 0.00020665 0.0003506 0.00016985 0.0002059 0.00016905 0.00027295 0.00014675 0.00018235 0.00014605 0.00016945 0.00030695 0.00017765 0.00014685 0.0001843 0.00014725 0.000184 0.0004357 0.0002144 0.0001383 0.00013915 0.00014605 0.0002101 0.00014695 0.000321 0.0002105 0.00031315 0.00031405 0.00022195 0.00017835 0.0002068 0.00024145 0.000479 0.00013785 0.0002323 0.00016915 0.00013905 0.000208 0.0001468 0.00022665 0.0001461 0.00020445 0.0002076 0.00023465 0.0003502 0.00020015 0.00020365 0.00016945 0.000227 0.00020425 0.00016685 0.000242 0.00014685 0.0001615 0.0002386 0.000138 0.0001538 0.00016925 0.00023405 0.00020035 0.000197 0.0002088 0.0001543 0.00021975 0.00020945 0.00029795 0.0001691 0.00013935 0.0001693 0.00024945 0.0002182 0.0001662 0.00013855 0.0002439 0.0003931 0.0001776 0.00019965 0.00034085 0.0002415 0.00022675 0.000153 0.00014685 0.00027795 0.00017705 0.0001836 0.0001695 0.00016915
7 0.0001941 0.000103 0.00011845 0.00022355 5.09e-05 1.71e-05 0.00015365 3.26e-05 0.00016655 0.0002814 0.00010255 3.495e-05 7.525e-05 3.49e-05 0.0001383 0.0002162 3.515e-05 0.00021455 3.345e-05 0.0002825 0.000104 4.7e-05 0.00017915 3.5e-05 0.00024905 0.00011905 0.00010295 0.0001103 0.00010325 4.345e-05 0.0004361 0.00022295 9.4e-05 1.865e-05 0.0001626 9.065e-05 0.0001042 0.0003774 9.05e-05 0.00032515 0.00017875 0.00013965 4.275e-05 0.00013845 0.0001824 0.0004762 9.41e-05 0.00011205 3.3e-05 5.195e-05 0.0001343 0.0001029 9.97e-05 0.00016275 8.395e-05 0.0001339 0.0001002 0.00033 5e-05 0.00014395 3.375e-05 0.00010175 8.355e-05 4.545e-05 0.00018355 0.00013595 0.00011215 0.0003151 9.425e-05 6.055e-05 3.39e-05 9.82e-05 5.02e-05 6.13e-05 5.89e-05 1.83e-05 0.00013225 0.00016645 0.0002789 0.0001103 5.095e-05 3.37e-05 0.0002678 0.0001756 0.0001218 1.78e-05 0.00010945 0.00037265 0.00011915 4.975e-05 0.00032025 0.00018235 0.0001834 0.00010375 0.00010295 0.0002109 0.00011845 0.00010985 6.69e-05 6.655e-05
8 0.00018915 0.0001599 0.00019025 0.00028505 0.0001521 0.00015185 0.00020955 0.00016655 0.0003004 0.00038365 0.00016 0.00018275 0.0002224 0.00019805 0.0002771 0.0003181 0.00018305 0.00027635 0.00018215 0.00027685 0.00016 0.00018165 0.00015905 0.0001828 0.00028715 0.00018985 0.00015985 0.00019725 0.00016025 0.00019735 0.00042845 0.00028485 0.0001512 0.0001523 0.0002182 0.00015085 0.0001602 0.00035225 0.00015145 0.0003443 0.00026095 0.00029265 0.00019055 0.00027725 0.00022135 0.000516 0.00015075 0.00023165 0.00018225 0.00015225 0.00022095 0.0001598 0.0002149 0.00021835 0.00021765 0.00022055 0.00024805 0.0004042 0.0002133 0.000276 0.00018255 0.0002155 0.00021745 0.0001659 0.000222 0.00015985 0.00017465 0.000277 0.0001509 0.00016695 0.0001825 0.00021395 0.0002135 0.00019625 0.0002212 0.00016745 0.0002327 0.0001504 0.00032225 0.0001821 0.00015225 0.0001824 0.00022945 0.00015925 0.00016525 0.00015145 0.0002564 0.00039125 0.00019065 0.00021295 0.0003581 0.0002214 0.00020675 0.00016615 0.00015985 0.00027645 0.00019025 0.0001967 0.0001826 0.00018225
9 0.00043815 0.00036195 0.00036165 0.00046215 0.0003147 0.00028105 0.0004162 0.0002814 0.00038365 0.0002952 0.00036225 0.00028095 0.00033645 0.00028155 0.00038115 0.00021445 0.00028135 0.00045775 0.0002808 0.00048435 0.0003616 0.00028135 0.00043845 0.000281 0.000296 0.0003599 0.0003619 0.0003582 0.00036235 0.00028945 0.0003544 0.00046165 0.00035755 0.0002808 0.00042055 0.00030725 0.0003618 0.00048155 0.00030725 0.00043415 0.0002829 0.00038115 0.00028325 0.0003813 0.00036225 0.0002953 0.0003575 0.00021485 0.0002811 0.0003144 0.0003625 0.00036185 0.0003057 0.0004207 0.00021455 0.0003621 0.00021465 0.0003338 0.0002818 0.00027325 0.00028125 0.00030565 0.0002146 0.00028115 0.000363 0.0003955 0.00036985 0.0004974 0.00035765 0.000323 0.00028105 0.000282 0.000282 0.00028115 0.00028355 0.000281 0.00024835 0.00038355 0.0004123 0.0003583 0.0003149 0.00028105 0.0004434 0.0003881 0.00035785 0.00028085 0.00021705 0.0004015 0.00036245 0.00028125 0.000401 0.00036235 0.0003628 0.00036595 0.0003619 0.0004073 0.0003617 0.00035745 0.0003147 0.0003145
10 0.0001182 8.75e-05 0.0001183 0.0002137 8.76e-05 8.73e-05 0.000147 0.00010255 0.00016 0.00036225 0.0001736 0.0001194 0.00015965 0.00013455 0.0002142 0.0002988 0.0001197 0.0002143 0.0001183 0.0002725 8.81e-05 0.0001317 8.745e-05 0.00011945 0.0002472 0.00012765 8.745e-05 0.00013405 8.75e-05 0.000134 0.00043415 0.00021385 8.785e-05 8.84e-05 0.00014635 0.0001605 8.8e-05 0.00031785 0.0001601 0.00031805 0.00026345 0.00023025 0.0001275 0.00021435 0.0001827 0.0005452 8.82e-05 0.0001799 0.00011795 8.82e-05 0.00014925 8.715e-05 0.0001675 0.0001467 0.00015195 0.00014885 0.0001829 0.00035405 0.0001497 0.0002113 0.0001186 0.00016895 0.0001516 0.00011545 0.00018275 8.715e-05 0.00010285 0.00023905 8.835e-05 0.00010295 0.00011865 0.00018305 0.0001499 0.00014615 0.0001585 0.0001035 0.0001668 0.0001599 0.0003047 0.000119 8.765e-05 0.00011855 0.00018235 0.00015945 0.00011565 8.805e-05 0.00019205 0.0003986 0.0001186 0.00014945 0.00034635 0.00018265 0.00016765 0.0001033 8.74e-05 0.0002864 0.00011815 0.0001336 0.00011845 0.0001181
11 0.00019475 0.00011895 0.0001182 0.0002255 6.85e-05 3.485e-05 0.0001694 3.495e-05 0.00018275 0.00028095 0.0001194 6.51e-05 8.905e-05 3.4e-05 0.00014115 0.00021455 3.35e-05 0.00021765 3.36e-05 0.0002845 0.00011805 6.205e-05 0.00019535 3.325e-05 0.00024825 0.0001199 0.0001189 0.00011125 0.0001193 4.135e-05 0.0004228 0.0002254 0.0001111 3.43e-05 0.0001772 0.0001062 0.00011825 0.0003923 0.00010645 0.0003417 0.00016365 0.0001406 4.335e-05 0.0001413 0.00018315 0.00049135 0.0001108 0.00012745 3.4e-05 6.765e-05 0.0001191 0.00011885 0.00010155 0.00017735 9.995e-05 0.0001187 9.875e-05 0.0003294 3.41e-05 0.0001579 3.385e-05 0.00010045 9.975e-05 6.24e-05 0.0001835 0.00015265 0.00012635 0.0003182 0.00011095 7.59e-05 3.365e-05 9.935e-05 3.4e-05 6.155e-05 4.25e-05 3.385e-05 0.00013345 0.00018265 0.0002934 0.00011135 6.865e-05 3.385e-05 0.00026765 0.00019065 0.000139 3.425e-05 0.0001085 0.0003725 0.0001188 3.315e-05 0.0003363 0.0001832 0.0001834 0.0001186 0.0001189 0.00021285 0.00011805 0.00011015 6.78e-05 6.745e-05
12 0.0002506 0.00015935 0.0001741 0.00022345 0.0001089 7.515e-05 0.00015345 7.525e-05 0.0002224 0.00033645 0.00015965 8.905e-05 0.0001446 8.94e-05 0.00013915 0.00027035 8.97e-05 0.0002156 8.955e-05 0.0002819 0.00015835 0.0001024 0.0002357 8.91e-05 0.00030365 0.0001756 0.0001593 0.00016715 0.0001597 9.755e-05 0.0004358 0.00022335 0.0001515 7.45e-05 0.00016125 0.00014605 0.00015855 0.00037725 0.00014615 0.00032665 0.00023435 0.0001385 9.91e-05 0.0001393 0.0002387 0.0004209 0.00015135 0.00016775 8.985e-05 0.00010795 0.0001901 0.00015925 0.00015705 0.0001614 0.0001401 0.0001897 0.0001546 0.0003298 0.0001055 0.00014185 8.995e-05 0.00015635 0.0001399 0.00010285 0.00023905 0.000193 0.000167 0.0003161 0.0001515 0.00011655 8.965e-05 0.0001549 0.0001057 0.0001175 0.00011405 7.45e-05 0.00018925 0.0002223 0.00027715 0.0001672 0.00010905 8.98e-05 0.00032315 0.0002303 0.0001794 7.485e-05 0.0001641 0.0003726 0.00017475 0.00010465 0.0003208 0.00023875 0.0002389 0.00015925 0.0001593 0.0002101 0.0001741 0.0001661 0.00012375 0.00012335
13 0.00019475 0.00013425 0.00011865 0.0002348 8.36e-05 5e-05 0.00018485 3.49e-05 0.00019805 0.00028155 0.00013455 3.4e-05 8.94e-05 3.55e-05 0.00015045 0.00021555 3.38e-05 0.00022685 3.405e-05 0.00029375 0.0001337 6.245e-05 0.00021055 3.405e-05 0.00024875 0.00011955 0.0001342 9.505e-05 0.0001346 3.64e-05 0.0004231 0.0002347 0.0001263 4.98e-05 0.00019275 0.0001219 0.0001339 0.0004077 0.00012185 0.0003569 0.00016355 0.00013515 4.31e-05 0.0001506 0.00018335 0.00050615 0.0001263 0.0001429 3.435e-05 8.31e-05 0.000103 0.00013415 0.0001017 0.0001929 0.0001154 0.00010275 9.955e-05 0.0003451 1.84e-05 0.00017375 3.445e-05 0.00010145 0.0001152 7.755e-05 0.00018355 0.00016775 0.00013625 0.0003183 0.00012645 8.56e-05 3.44e-05 9.885e-05 1.845e-05 6.185e-05 2.77e-05 3.46e-05 0.00014885 0.00019795 0.00030905 0.00011025 8.375e-05 3.43e-05 0.00026785 0.00020605 0.00015405 4.985e-05 0.00010855 0.00038775 0.00011845 1.88e-05 0.00035155 0.0001834 0.00019855 0.0001284 0.0001342 0.00022225 0.00011865 9.54e-05 6.81e-05 6.77e-05
14 0.0003015 0.0002135 0.00022465 0.0002135 0.0001622 0.0001287 0.00020665 0.0001383 0.0002771 0.00038115 0.0002142 0.00014115 0.00013915 0.00015045 0.000256 0.0003182 0.00014175 0.0002053 0.0001396 0.0002819 0.00021455 0.00016665 0.00029055 0.0001412 0.0003536 0.00021745 0.0002135 0.0002268 0.00021405 0.0001413 0.0004669 0.00021285 0.00020535 0.00013 0.0002148 0.00020105 0.00021475 0.0004207 0.00020005 0.00036935 0.0002725 0.00013845 0.00014025 0.00012835 0.0002891 0.0004605 0.00020615 0.0002206 0.0001403 0.0001634 0.0002374 0.00021345 0.00019875 0.00021495 0.0001931 0.000237 0.0002042 0.0003581 0.0001525 0.0001939 0.0001402 0.0001997 0.00019295 0.00015615 0.00029025 0.00024745 0.0002143 0.0003641 0.0002063 0.00016365 0.0001399 0.00020515 0.0001527 0.00016775 0.00015215 0.00013885 0.00022855 0.000277 0.0003223 0.00021795 0.00016265 0.00013985 0.0003746 0.00028535 0.0002334 0.000129 0.0002048 0.000403 0.0002258 0.00015165 0.00036405 0.00028935 0.00028105 0.00020675 0.00021345 0.0002 0.0002247 0.00022575 0.0001742 0.0001737
15 0.0003744 0.00029855 0.00029825 0.00040055 0.0002499 0.00021625 0.0003506 0.0002162 0.0003181 0.00021445 0.0002988 0.00021455 0.00027035 0.00021555 0.0003182 0.0004269 0.000215 0.00039445 0.00021565 0.0004205 0.0002973 0.00021565 0.0003747 0.00021495 0.0002979 0.0002966 0.0002985 0.0002927 0.0002989 0.00022305 0.00035645 0.00040045 0.00029245 0.00021535 0.00035665 0.0002415 0.0002975 0.00046585 0.00024205 0.00041705 0.00021745 0.0003173 0.0002203 0.00031835 0.00029885 0.00033565 0.00029185 0.00021535 0.0002159 0.0002487 0.0002987 0.00029845 0.0002522 0.0003568 0.0002153 0.0002983 0.0002148 0.0003823 0.00021625 0.0002733 0.00021605 0.00025095 0.0002151 0.00021635 0.0002992 0.00033205 0.0003056 0.00043365 0.000292 0.00025695 0.0002159 0.00021685 0.00021645 0.00021595 0.0002202 0.00021495 0.0002491 0.000318 0.00039475 0.0002928 0.00025005 0.0002159 0.00038135 0.00032425 0.0002927 0.00021555 0.0002194 0.00038415 0.00029865 0.0002157 0.0003839 0.0002989 0.0002991 0.0002996 0.0002985 0.0003439 0.00029825 0.00029195 0.00024975 0.0002493
16 0.00019495 0.0001194 0.0001189 0.00022605 6.885e-05 3.52e-05 0.00016985 3.515e-05 0.00018305 0.00028135 0.0001197 3.35e-05 8.97e-05 3.38e-05 0.00014175 0.000215 6.59e-05 0.0002181 3.435e-05 0.00028495 0.00011845 6.235e-05 0.00019565 3.395e-05 0.00024865 0.0001201 0.00011935 0.00011085 0.00011975 4.21e-05 0.0004232 0.00022595 0.00011145 3.46e-05 0.00017775 0.00010655 0.00011865 0.0003927 0.0001069 0.000342 0.00016385 0.00014115 4.37e-05 0.0001419 0.0001836 0.00049165 0.00011105 0.00012775 3.465e-05 6.795e-05 0.0001188 0.0001193 0.00010185 0.0001779 0.00010025 0.0001184 9.95e-05 0.0003298 3.41e-05 0.00015845 3.475e-05 0.0001009 0.00010005 6.275e-05 0.0001838 0.00015295 0.0001268 0.0003185 0.0001112 7.625e-05 3.47e-05 9.945e-05 3.42e-05 6.215e-05 4.33e-05 3.405e-05 0.00013375 0.00018295 0.00029395 0.00011095 6.9e-05 3.46e-05 0.00026805 0.00019105 0.0001392 3.465e-05 0.0001088 0.0003728 0.00011835 3.42e-05 0.00033645 0.00018365 0.0001837 0.00011895 0.00011935 0.0002134 0.0001189 0.00011075 6.855e-05 6.805e-05
17 0.00022425 0.00021405 0.0002251 0.00021335 0.0002062 0.00020605 0.0002059 0.00021455 0.00027635 0.00045775 0.0002143 0.00021765 0.0002156 0.00022685 0.0002053 0.00039445 0.0002181 0.0004089 0.0002169 0.00028165 0.0002143 0.0002435 0.0002133 0.0002177 0.0003533 0.00021665 0.000214 0.0002261 0.0002144 0.0002178 0.0004666 0.00021315 0.00020535 0.00020665 0.00021455 0.00027695 0.0002145 0.00037955 0.0002772 0.00037155 0.0003494 0.0002148 0.00021725 0.00020525 0.0002896 0.00053665 0.00020505 0.00029745 0.00021715 0.0002065 0.0002371 0.00021395 0.000266 0.0002147 0.00026975 0.0002367 0.0002807 0.0003936 0.00022895 0.00027015 0.0002173 0.0002666 0.00026955 0.0002338 0.00029025 0.00021405 0.0002145 0.0002869 0.0002052 0.00020675 0.0002171 0.00028215 0.00022915 0.00024485 0.0002286 0.00021545 0.0002718 0.00027625 0.00035765 0.00021715 0.00020635 0.00021715 0.0002978 0.0002851 0.00023325 0.00020565 0.000281 0.00043875 0.00022565 0.0002284 0.00039975 0.00028965 0.0002812 0.000206 0.000214 0.00027635 0.0002251 0.00022535 0.00021755 0.00021705
18 0.0001941 0.00011745 0.00011705 0.0002251 6.625e-05 3.265e-05 0.00016905 3.345e-05 0.00018215 0.0002808 0.0001183 3.36e-05 8.955e-05 3.405e-05 0.0001396 0.00021565 3.435e-05 0.0002169 6.36e-05 0.0002843 0.00011865 6.17e-05 0.00019465 3.36e-05 0.00024855 0.0001192 0.00011745 0.00011045 0.00011795 4.205e-05 0.00042265 0.00022445 0.0001093 3.41e-05 0.0001772 0.0001061 0.00011885 0.00039205 0.00010505 0.0003407 0.00016255 0.00014115 4.185e-05 0.0001398 0.0001817 0.0004911 0.00011025 0.00012675 3.275e-05 6.75e-05 0.00011865 0.0001174 0.00010035 0.00017735 9.94e-05 0.00011825 9.885e-05 0.00032925 3.34e-05 0.0001585 3.24e-05 0.0001013 9.925e-05 5.995e-05 0.00018285 0.00015155 0.00012675 0.00031755 0.0001104 7.61e-05 3.215e-05 9.775e-05 3.365e-05 6e-05 4.225e-05 3.4e-05 0.00013245 0.00018205 0.0002935 0.00011055 6.655e-05 3.21e-05 0.00026735 0.0001904 0.00013735 3.295e-05 0.00010875 0.0003718 0.0001184 3.24e-05 0.0003354 0.0001819 0.0001826 0.0001192 0.0001174 0.00021255 0.0001171 0.0001092 6.665e-05 6.61e-05
19 0.00028385 0.00027265 0.000284 0.00028065 0.00027385 0.0002736 0.00027295 0.0002825 0.00027685 0.00048435 0.0002725 0.0002845 0.0002819 0.00029375 0.0002819 0.0004205 0.00028495 0.00028165 0.0002843 0.0005424 0.00027235 0.00029675 0.00027225 0.00028455 0.00037975 0.0002934 0.0002726 0.00029375 0.00027275 0.0002846 0.00045195 0.00028125 0.0002734 0.00027365 0.0002719 0.0002772 0.00027225 0.0004046 0.0002773 0.0004059 0.00035095 0.00029085 0.0002936 0.00028205 0.0003161 0.0005247 0.00027325 0.0003512 0.00028445 0.00027355 0.00029585 0.0002723 0.00031055 0.00027225 0.00033725 0.00029545 0.00034805 0.00045055 0.00029605 0.00033675 0.0002847 0.0003107 0.00033705 0.0002876 0.00031555 0.00027265 0.00027305 0.0003136 0.0002734 0.0002738 0.0002845 0.0003167 0.00029625 0.0002984 0.0003047 0.0002826 0.00033945 0.00027675 0.00038405 0.0002849 0.000274 0.00028455 0.000315 0.0002759 0.00028745 0.00027345 0.0003573 0.00044005 0.000284 0.00029555 0.0004197 0.00031615 0.00030675 0.00027345 0.00027255 0.0002854 0.0002838 0.00029305 0.0002848 0.00028445
20 0.00011815 8.765e-05 0.00011835 0.00021355 8.905e-05 8.89e-05 0.00014675 0.000104 0.00016 0.0003616 8.81e-05 0.00011805 0.00015835 0.0001337 0.00021455 0.0002973 0.00011845 0.0002143 0.00011865 0.00027235 0.0001728 0.0001312 8.75e-05 0.00011805 0.00024615 0.00012775 8.76e-05 0.00013425 8.82e-05 0.00013265 0.00043355 0.0002139 8.86e-05 8.8e-05 0.00014595 0.0001599 8.69e-05 0.0003176 0.00016045 0.00031865 0.00026335 0.0002289 0.00012795 0.0002147 0.000183 0.0005449 8.8e-05 0.00017975 0.0001189 8.78e-05 0.00014905 8.775e-05 0.00016845 0.0001461 0.00015205 0.00014865 0.0001819 0.0003534 0.0001495 0.00021005 0.00011905 0.0001677 0.00015185 0.00011665 0.0001827 8.765e-05 0.00010195 0.000239 8.815e-05 0.0001027 0.0001189 0.0001836 0.0001497 0.0001466 0.0001582 0.0001032 0.00016735 0.0001599 0.00030395 0.0001192 8.92e-05 0.0001189 0.00018215 0.0001593 0.0001165 8.82e-05 0.00019115 0.0003983 0.0001181 0.00014905 0.0003467 0.00018305 0.00016745 0.00010235 8.78e-05 0.000286 0.00011825 0.0001336 0.00011925 0.0001188
21 0.00022305 0.00013135 0.00014655 0.0002517 8.01e-05 4.645e-05 0.00018235 4.7e-05 0.00018165 0.00028135 0.0001317 6.205e-05 0.0001024 6.245e-05 0.00016665 0.00021565 6.235e-05 0.0002435 6.17e-05 0.00029675 0.0001312 9.15e-05 0.0002081 6.21e-05 0.0002489 0.00014815 0.0001313 0.00013935 0.0001316 7.055e-05 0.00040875 0.00025115 0.00012315 4.675e-05 0.0001905 0.00010515 0.0001314 0.0003978 0.000105 0.0003464 0.0001508 0.0001663 7.125e-05 0.0001668 0.00018305 0.00044925 0.00012325 0.0001117 6.205e-05 8e-05 0.00016265 0.00013125 0.00012405 0.00019065 0.0001124 0.00016225 0.00012765 0.000357 7.82e-05 0.00017125 6.2e-05 0.00012415 0.0001121 4.595e-05 0.0001837 0.00016495 0.0001394 0.00031625 0.0001234 8.86e-05 6.205e-05 9.89e-05 7.84e-05 6.15e-05 8.71e-05 4.66e-05 0.00016095 0.00018155 0.00030595 0.0001394 8.015e-05 6.195e-05 0.00026825 0.0001899 0.0001229 4.635e-05 0.00013715 0.00036495 0.0001473 7.77e-05 0.000313 0.000183 0.00018345 0.00013175 0.0001313 0.0002252 0.0001466 0.00013865 9.605e-05 9.545e-05
22 4.065e-05 8.73e-05 0.00011805 0.00021335 0.0001311 0.00016445 0.00014605 0.00017915 0.00015905 0.00043845 8.745e-05 0.00019535 0.0002357 0.00021055 0.00029055 0.0003747 0.00019565 0.0002133 0.00019465 0.00027225 8.75e-05 0.0002081 1.94e-05 0.0001954 0.00024655 0.00012665 8.725e-05 0.00013315 8.76e-05 0.00020995 0.0004335 0.0002136 8.72e-05 0.000165 0.00014605 0.00023615 8.765e-05 0.00027655 0.0002365 0.00032025 0.00033955 0.0003062 0.00020385 0.0002907 0.00018245 0.0006212 8.68e-05 0.0002563 0.00019485 0.0001313 0.0001487 8.715e-05 0.0002349 0.00014605 0.00022855 0.0001483 0.00025885 0.00038915 0.0002257 0.0002873 0.00019505 0.0002355 0.00022835 0.00019225 0.0001824 5.375e-05 0.00010255 0.00016155 8.695e-05 0.00014605 0.000195 0.0002594 0.0002259 0.0002226 0.0002345 0.00018005 0.00021 0.00015895 0.0003398 0.000118 0.00013125 0.0001949 0.0001054 0.00015915 0.0001151 0.000164 0.000268 0.00043375 0.00011805 0.00022545 0.0003819 0.0001825 0.0001672 0.00010225 8.71e-05 0.00036245 0.00011795 0.0001327 0.0001617 0.00016125
23 0.0001948 0.000119 0.0001181 0.00022555 6.855e-05 3.49e-05 0.00016945 3.5e-05 0.0001828 0.000281 0.00011945 3.325e-05 8.91e-05 3.405e-05 0.0001412 0.00021495 3.395e-05 0.0002177 3.36e-05 0.00028455 0.00011805 6.21e-05 0.0001954 6.52e-05 0.0002483 0.00011995 0.00011895 0.0001113 0.0001193 4.16e-05 0.00042285 0.00022545 0.00011115 3.43e-05 0.00017725 0.0001062 0.00011805 0.00039235 0.0001065 0.00034175 0.0001637 0.00014065 4.34e-05 0.00014135 0.0001832 0.0004914 0.0001108 0.0001275 3.41e-05 6.765e-05 0.00011915 0.0001189 0.0001016 0.0001774 0.0001 0.00011875 9.885e-05 0.00032945 3.4e-05 0.00015795 3.395e-05 0.00010085 9.98e-05 6.245e-05 0.00018355 0.0001527 0.00012675 0.00031825 0.00011095 7.63e-05 3.36e-05 9.94e-05 3.435e-05 6.155e-05 4.285e-05 3.42e-05 0.0001335 0.0001827 0.00029345 0.0001114 6.865e-05 3.375e-05 0.0002677 0.0001907 0.00013905 3.425e-05 0.00010855 0.00037255 0.00011895 3.31e-05 0.00033635 0.0001832 0.00018345 0.000119 0.00011895 0.0002129 0.0001182 0.00011005 6.8e-05 6.735e-05
24 0.0002463 0.00024695 0.0002467 0.0003515 0.00024925 0.0002491 0.00030695 0.00024905 0.00028715 0.000296 0.0002472 0.00024825 0.00030365 0.00024875 0.0003536 0.0002979 0.00024865 0.0003533 0.00024855 0.00037975 0.00024615 0.0002489 0.00024655 0.0002483 0.000486 0.0002553 0.0002469 0.00024895 0.0002473 0.00025675 0.0003543 0.0003514 0.00024875 0.00024865 0.0003051 0.00028735 0.00024635 0.000384 0.00028765 0.00038615 0.0002482 0.00035315 0.00025555 0.00035375 0.00024615 0.00047 0.0002484 0.0002463 0.0002488 0.0002485 0.000247 0.00024685 0.0002818 0.00030525 0.0002463 0.0002466 0.0002457 0.00038375 0.0002491 0.0003042 0.00024895 0.00028135 0.0002461 0.00024915 0.00024655 0.00024695 0.0002548 0.00030445 0.00024855 0.0002571 0.0002488 0.00024855 0.0002493 0.0002488 0.0002555 0.00024855 0.00024665 0.00028705 0.0003975 0.00024905 0.0002494 0.0002488 0.0002442 0.0002854 0.00024895 0.00024865 0.0002527 0.0003857 0.0002471 0.00024865 0.0003865 0.0002462 0.00024645 0.0002567 0.0002469 0.00039205 0.0002467 0.0002483 0.00024915 0.0002487
25 0.00012625 0.00012755 0.00012725 0.00022535 0.00011965 0.00011955 0.00017765 0.00011905 0.00018985 0.0003599 0.00012765 0.0001199 0.0001756 0.00011955 0.00021745 0.0002966 0.0001201 0.00021665 0.0001192 0.0002934 0.00012775 0.00014815 0.00012665 0.00011995 0.0002553 0.0002356 0.0001275 0.0001186 0.0001279 0.0001284 0.0004269 0.00022515 0.00011885 0.0001201 0.0001863 0.00019055 0.00012795 0.0003515 0.00019085 0.00034345 0.000249 0.000218 0.0001187 0.0002176 0.00019165 0.0005666 0.0001185 0.000211 0.0001193 0.0001199 0.0001271 0.00012745 0.0001681 0.00018645 0.0001832 0.0001267 0.00018295 0.00036335 0.0001192 0.000242 0.0001196 0.0001688 0.000183 0.0001474 0.00019225 0.00012735 0.0001363 0.00024955 0.00011865 0.0001285 0.0001194 0.00018375 0.0001194 0.0001471 0.0001187 0.00012005 0.0001829 0.00018975 0.00032955 0.0001186 0.0001198 0.00011945 0.0001997 0.0001986 0.0001467 0.00011925 0.0001824 0.0004083 0.00012755 0.00011935 0.00037175 0.0001917 0.00019215 0.0001278 0.0001275 0.0002885 0.00012725 0.00011855 0.0001195 0.00011915
26 0.00011795 8.665e-05 0.0001177 0.0002136 8.73e-05 8.715e-05 0.00014685 0.00010295 0.00015985 0.0003619 8.745e-05 0.0001189 0.0001593 0.0001342 0.0002135 0.0002985 0.00011935 0.000214 0.00011745 0.0002726 8.76e-05 0.0001313 8.725e-05 0.00011895 0.0002469 0.0001275 0.000173 0.0001339 8.735e-05 0.0001335 0.00043385 0.0002134 8.725e-05 8.84e-05 0.0001464 0.0001603 8.8e-05 0.0003178 0.00015955 0.0003181 0.0002627 0.0002299 0.00012695 0.00021365 0.00018205 0.0005451 8.795e-05 0.0001795 0.00011805 8.825e-05 0.00014905 8.675e-05 0.0001677 0.00014655 0.00015195 0.00014865 0.0001824 0.0003537 0.0001493 0.0002111 0.000118 0.00016865 0.0001518 0.0001147 0.0001825 8.7e-05 0.00010245 0.0002388 8.81e-05 0.000103 0.00011785 0.0001825 0.0001495 0.00014555 0.0001581 0.0001035 0.0001668 0.00015975 0.0003045 0.00011885 8.76e-05 0.0001177 0.0001823 0.0001595 0.0001153 8.74e-05 0.00019185 0.00039805 0.00011805 0.00014875 0.00034625 0.00018225 0.0001671 0.00010305 8.68e-05 0.00028615 0.00011765 0.00013315 0.0001184 0.00011795
27 0.00011735 0.00013395 0.0001186 0.0002348 0.00012595 0.00012585 0.0001843 0.0001103 0.00019725 0.0003582 0.00013405 0.00011125 0.00016715 9.505e-05 0.0002268 0.0002927 0.00011085 0.0002261 0.00011045 0.00029375 0.00013425 0.00013935 0.00013315 0.0001113 0.00024895 0.0001186 0.0001339 0.0001876 0.0001343 0.00011365 0.00042305 0.0002346 0.00012525 0.0001265 0.00019295 0.000198 0.00013445 0.00036675 0.00019815 0.0003586 0.00024015 0.00021235 0.00011925 0.00022695 0.000183 0.0005826 0.00012505 0.0002195 0.00011055 0.0001263 0.0001026 0.00013385 0.0001682 0.0001931 0.0001918 0.0001024 0.0001765 0.0003807 9.48e-05 0.00025085 0.00011085 0.000169 0.0001916 0.0001536 0.0001835 0.00013375 0.0001367 0.0002408 0.0001252 0.0001288 0.0001109 0.0001749 9.475e-05 0.00013825 0.0001042 0.0001113 0.0001914 0.00019715 0.00034495 0.00010915 0.0001261 0.0001107 0.00019115 0.000206 0.00015295 0.0001257 0.00018525 0.00042345 0.0001183 9.555e-05 0.0003868 0.00018305 0.00019855 0.00012815 0.0001339 0.00029885 0.0001186 9.46e-05 0.00011075 0.0001104
28 0.00011835 8.74e-05 0.00011815 0.00021375 8.77e-05 8.76e-05 0.00014725 0.00010325 0.00016025 0.00036235 8.75e-05 0.0001193 0.0001597 0.0001346 0.00021405 0.0002989 0.00011975 0.0002144 0.00011795 0.00027275 8.82e-05 0.0001316 8.76e-05 0.0001193 0.0002473 0.0001279 8.735e-05 0.0001343 0.0001738 0.00013385 0.00043425 0.0002139 8.78e-05 8.885e-05 0.00014655 0.0001607 8.815e-05 0.00031795 0.0001601 0.00031835 0.00026315 0.0002303 0.0001275 0.0002142 0.0001826 0.0005455 8.835e-05 0.0001798 0.00011835 8.85e-05 0.00014945 8.705e-05 0.000168 0.0001469 0.0001524 0.00014905 0.0001828 0.00035415 0.00014965 0.0002115 0.00011795 0.00016905 0.0001521 0.00011515 0.00018255 8.745e-05 0.00010295 0.0002392 8.85e-05 0.00010325 0.0001183 0.00018305 0.0001499 0.0001458 0.0001585 0.0001038 0.0001671 0.00016015 0.0003049 0.00011925 8.74e-05 0.0001182 0.00018245 0.00015965 0.0001156 8.795e-05 0.00019225 0.0003985 0.00011865 0.0001491 0.00034655 0.00018225 0.00016755 0.00010345 8.73e-05 0.00028655 0.000118 0.0001335 0.00011885 0.00011815
29 0.00020325 0.00013355 0.00012635 0.00022565 8.31e-05 4.945e-05 0.000184 4.345e-05 0.00019735 0.00028945 0.000134 4.135e-05 9.755e-05 3.64e-05 0.0001413 0.00022305 4.21e-05 0.0002178 4.205e-05 0.0002846 0.00013265 7.055e-05 0.00020995 4.16e-05 0.00025675 0.0001284 0.0001335 0.00011365 0.00013385 6.99e-05 0.0004313 0.00022555 0.0001257 4.89e-05 0.0001918 0.0001208 0.00013285 0.0004069 0.00012105 0.0003563 0.00017215 0.00013465 5.185e-05 0.00014145 0.00019165 0.00050595 0.0001254 0.00014205 4.255e-05 8.225e-05 0.0001215 0.00013345 0.00011005 0.00019195 0.00011455 0.0001211 0.0001073 0.000344 3.615e-05 0.0001725 4.24e-05 0.00010895 0.00011435 7.7e-05 0.000192 0.00016725 0.0001264 0.0003267 0.00012555 7.595e-05 4.195e-05 0.00010785 3.67e-05 7e-05 4.52e-05 4.235e-05 0.00014805 0.00019725 0.000308 0.00011985 8.32e-05 4.2e-05 0.00027615 0.00020525 0.0001536 4.885e-05 0.000117 0.0003871 0.0001274 3.525e-05 0.0003509 0.00019165 0.000198 0.00011865 0.0001335 0.000213 0.00012665 0.0001123 7.645e-05 7.58e-05
30 0.0004204 0.0004339 0.0004208 0.0004647 0.0004363 0.00043615 0.0004357 0.0004361 0.00042845 0.0003544 0.00043415 0.0004228 0.0004358 0.0004231 0.0004669 0.00035645 0.0004232 0.0004666 0.00042265 0.00045195 0.00043355 0.00040875 0.0004335 0.00042285 0.0003543 0.0004269 0.00043385 0.00042305 0.00043425 0.0004313 0.0005529 0.0004647 0.0004358 0.00043615 0.00043375 0.00042885 0.00043375 0.00045455 0.00042895 0.0004568 0.00028175 0.0004669 0.00042715 0.00046705 0.00035645 0.00030855 0.00043565 0.00040635 0.0004229 0.00043595 0.00040815 0.0004338 0.0004371 0.0004339 0.000434 0.00040775 0.0004206 0.0004849 0.00041025 0.00043375 0.00042305 0.0004371 0.0004338 0.00040855 0.00035675 0.0004339 0.0004423 0.0003558 0.0004358 0.0004446 0.0004229 0.00035885 0.00041045 0.00039525 0.00041415 0.00043605 0.0004211 0.00042835 0.00049455 0.00042315 0.00043645 0.0004229 0.0003544 0.0004266 0.00040835 0.0004359 0.00042505 0.0003796 0.0004211 0.0004098 0.0004295 0.0003565 0.00035665 0.0004442 0.00043385 0.0004596 0.0004207 0.0004224 0.00042325 0.0004228
31 0.00022475 0.00021345 0.0002242 0.00021295 0.0002137 0.00021355 0.0002144 0.00022295 0.00028485 0.00046165 0.00021385 0.0002254 0.00022335 0.0002347 0.00021285 0.00040045 0.00022595 0.00021315 0.00022445 0.00028125 0.0002139 0.00025115 0.0002136 0.00022545 0.0003514 0.00022515 0.0002134 0.0002346 0.0002139 0.00022555 0.0004647 0.0004244 0.00021365 0.0002143 0.00021415 0.00028525 0.0002141 0.00037675 0.00028475 0.00037685 0.0003572 0.00022255 0.0002248 0.000213 0.00028925 0.0005444 0.0002141 0.00030335 0.00022485 0.0002142 0.0002368 0.00021335 0.00026585 0.00021425 0.00027565 0.0002364 0.0002867 0.00039705 0.0002368 0.00027615 0.00022495 0.0002665 0.0002755 0.00024125 0.00028995 0.0002136 0.0002136 0.0002874 0.00021425 0.00021445 0.00022455 0.0002898 0.000237 0.0002525 0.00023635 0.0002232 0.0002776 0.00028475 0.000363 0.00022575 0.00021395 0.0002247 0.0002895 0.0002847 0.00024165 0.00021375 0.000287 0.00044405 0.00022535 0.00023615 0.000405 0.0002894 0.00028075 0.0002145 0.0002134 0.0002841 0.00022425 0.00023375 0.0002252 0.00022475
32 0.0001173 8.73e-05 0.00011795 0.0002144 7.875e-05 7.86e-05 0.0001383 9.4e-05 0.0001512 0.00035755 8.785e-05 0.0001111 0.0001515 0.0001263 0.00020535 0.00029245 0.00011145 0.00020535 0.0001093 0.0002734 8.86e-05 0.00012315 8.72e-05 0.00011115 0.00024875 0.00011885 8.725e-05 0.00012525 8.78e-05 0.0001257 0.0004358 0.00021365 0.000156 8.02e-05 0.0001473 0.00015185 8.88e-05 0.0003211 0.0001514 0.0003124 0.0002547 0.0002221 0.0001188 0.00020535 0.0001818 0.0005375 7.865e-05 0.0001731 0.00010985 8.01e-05 0.0001493 8.72e-05 0.00016725 0.00014745 0.0001455 0.0001489 0.00017635 0.0003501 0.0001414 0.00020515 0.00010985 0.0001686 0.00014535 0.0001062 0.0001832 8.76e-05 0.0001027 0.00023825 7.87e-05 9.48e-05 0.0001098 0.00017425 0.0001416 0.0001374 0.0001503 9.53e-05 0.0001603 0.0001511 0.0002992 0.0001101 7.905e-05 0.00010955 0.000191 0.0001603 0.0001063 7.86e-05 0.0001858 0.00039265 0.00011895 0.00014095 0.0003406 0.000182 0.0001678 9.44e-05 8.725e-05 0.00027835 0.000118 0.0001246 0.0001102 0.00010975
33 0.00019505 8.845e-05 0.00011875 0.0002149 3.71e-05 3.3e-06 0.00013915 1.865e-05 0.0001523 0.0002808 8.84e-05 3.43e-05 7.45e-05 4.98e-05 0.00013 0.00021535 3.46e-05 0.00020665 3.41e-05 0.00027365 8.8e-05 4.675e-05 0.000165 3.43e-05 0.00024865 0.0001201 8.84e-05 0.0001265 8.885e-05 4.89e-05 0.00043615 0.0002143 8.02e-05 5.4e-06 0.00014735 7.58e-05 8.83e-05 0.0003624 7.585e-05 0.0003109 0.00017925 0.00014515 4.34e-05 0.00013015 0.00018295 0.0004613 8.01e-05 9.705e-05 3.405e-05 3.67e-05 0.00014985 8.835e-05 0.00010075 0.0001475 6.86e-05 0.00014945 9.99e-05 0.0003147 6.56e-05 0.0001281 3.455e-05 0.0001011 6.88e-05 3.14e-05 0.00018395 0.0001218 0.0001024 0.00031595 8.025e-05 5.155e-05 3.445e-05 9.895e-05 6.58e-05 6.21e-05 7.44e-05 1.86e-05 0.0001178 0.0001522 0.00026355 0.00011145 3.73e-05 3.435e-05 0.000268 0.0001606 0.00010815 3.4e-06 0.00010915 0.00035775 0.00011955 6.525e-05 0.0003056 0.00018305 0.0001686 9.475e-05 8.84e-05 0.00020215 0.0001188 0.00012595 6.74e-05 6.76e-05
34 0.00017685 0.00014645 0.0001769 0.00021345 0.00014775 0.0001475 0.00014605 0.0001626 0.0002182 0.00042055 0.00014635 0.0001772 0.00016125 0.00019275 0.0002148 0.00035665 0.00017775 0.00021455 0.0001772 0.0002719 0.00014595 0.0001905 0.00014605 0.00017725 0.0003051 0.0001863 0.0001464 0.00019295 0.00014655 0.0001918 0.00043375 0.00021415 0.0001473 0.00014735 0.0002898 0.00021855 0.0001459 0.00031745 0.00021865 0.00031885 0.00032205 0.00022975 0.0001865 0.00021495 0.0002417 0.0004866 0.00014715 0.0002387 0.00017735 0.0001472 0.00020775 0.0001461 0.0002271 0.00014525 0.0002109 0.00020735 0.0002407 0.0003538 0.00020805 0.0002096 0.0001776 0.00022705 0.0002107 0.00017535 0.00024105 0.00014645 0.00016125 0.00023915 0.0001473 0.000162 0.0001773 0.0002423 0.00020825 0.00020515 0.0002166 0.0001625 0.00022625 0.0002181 0.00030325 0.0001779 0.0001479 0.00017745 0.0002405 0.00021715 0.0001752 0.00014735 0.00024995 0.0003985 0.0001769 0.00020745 0.0003465 0.00024175 0.00022605 0.00016165 0.00014635 0.00028575 0.0001766 0.00019215 0.0001777 0.00017735
35 0.00026625 0.00016035 0.00019065 0.00028545 0.00010965 7.59e-05 0.0002101 9.065e-05 0.00015085 0.00030725 0.0001605 0.0001062 0.00014605 0.0001219 0.00020105 0.0002415 0.00010655 0.00027695 0.0001061 0.0002772 0.0001599 0.00010515 0.00023615 0.0001062 0.00028735 0.00019055 0.0001603 0.000198 0.0001607 0.0001208 0.00042885 0.00028525 0.00015185 7.58e-05 0.00021855 0.000148 0.0001601 0.0003935 7.535e-05 0.00034265 0.00018495 0.0002161 0.0001146 0.0002012 0.00022185 0.00044 0.00015075 0.00015535 0.00010625 0.00010925 0.0002215 0.00016025 0.00014825 0.0002187 0.0001414 0.0002211 0.0001717 0.0003687 0.00013735 0.0001996 0.0001065 0.0001483 0.0001412 8.99e-05 0.00022245 0.00019385 0.0001746 0.00035415 0.00015095 0.000124 0.0001064 0.00013805 0.00013755 0.0001202 0.0001452 9.1e-05 0.00018995 0.00015095 0.00028695 0.00018285 0.0001098 0.00010635 0.0003064 0.0001596 0.0001659 7.485e-05 0.00018015 0.00035605 0.0001911 0.00013685 0.00032285 0.0002219 0.0002072 0.0001663 0.0001603 0.0002003 0.00019065 0.0001973 0.0001401 0.00013975
36 0.00011835 8.805e-05 0.00011855 0.0002135 8.925e-05 8.91e-05 0.00014695 0.0001042 0.0001602 0.0003618 8.8e-05 0.00011825 0.00015855 0.0001339 0.00021475 0.0002975 0.00011865 0.0002145 0.00011885 0.00027225 8.69e-05 0.0001314 8.765e-05 0.00011805 0.00024635 0.00012795 8.8e-05 0.00013445 8.815e-05 0.00013285 0.00043375 0.0002141 8.88e-05 8.83e-05 0.0001459 0.0001601 0.0001732 0.00031755 0.00016065 0.00031885 0.00026355 0.0002291 0.00012815 0.0002149 0.0001832 0.0005451 8.82e-05 0.00017995 0.0001191 8.81e-05 0.00014925 8.77e-05 0.00016865 0.00014625 0.00015225 0.00014885 0.0001821 0.0003536 0.0001497 0.00021025 0.00011925 0.0001679 0.00015205 0.00011685 0.00018265 8.805e-05 0.00010215 0.0002392 8.835e-05 0.0001029 0.0001191 0.0001838 0.0001499 0.0001468 0.0001584 0.0001034 0.00016755 0.0001601 0.00030415 0.0001194 8.94e-05 0.0001191 0.0001821 0.00015925 0.0001167 8.84e-05 0.00019135 0.0003985 0.0001185 0.00014925 0.0003469 0.00018325 0.00016765 0.00010255 8.795e-05 0.0002862 0.00011835 0.0001338 0.00011945 0.000119
