 slim_337704919 slim_337704858 slim_337704764 slim_337704914 slim_337704773 slim_337704723 slim_337704893 slim_337704794 slim_337704724 slim_337704685 slim_337704833 slim_337704605 slim_337704812 slim_337704767 slim_337704749 slim_337704815 slim_337704722 slim_337704588 slim_337704825 slim_337704912 slim_337704920 slim_337704752 slim_337704606 slim_337704776 slim_337704750 slim_337704800 slim_337704908 slim_337704876 slim_337704646 slim_337704844 slim_337704763 slim_337704884 slim_337704924 slim_337704907 slim_337704696 slim_337704852 slim_337704875 slim_337704881 slim_337704716 slim_337704916 slim_337704631 slim_337704877 slim_337704827 slim_337704923 slim_337704928 slim_337704901 slim_337704865 slim_337704791 slim_337704713 slim_337704885 slim_337704899 slim_337704892 slim_337704448 slim_337704804 slim_337704895 slim_337704810 slim_337704861 slim_337704887 slim_337704910 slim_337704911 slim_337704873 slim_337704675 slim_337704917 slim_337704697 slim_337704922 slim_337704725 slim_337704921 slim_337704863 slim_337704711 slim_337704792 slim_337704915 slim_337704744 slim_337704835 slim_337704869 slim_337704902 slim_337704572 slim_337704859 slim_337704904 slim_337704552 slim_337704880 slim_337704796 slim_337704925 slim_337704882 slim_337704913 slim_337704798 slim_337704927 slim_337704830 slim_337704769 slim_337704900 slim_337704866 slim_337704909 slim_337704897 slim_337704926 slim_337704839 slim_337704851 slim_337704770 slim_337704890 slim_337704874 slim_337704905 slim_337704906
0 1.62e-05 1.675e-05 1.62e-05 1.18e-05 1.59e-05 1.26e-05 1.485e-05 1.815e-05 1.32e-05 1.5e-05 1.165e-05 1.2e-05 1.585e-05 1.605e-05 1.46e-05 1.16e-05 1.265e-05 1.385e-05 1.505e-05 1.035e-05 1.315e-05 1.005e-05 1.28e-05 1.07e-05 1.165e-05 8.45e-06 1.44e-05 9e-06 1.585e-05 1.26e-05 1.465e-05 1.7e-05 1.725e-05 1.8e-05 1.32e-05 1.36e-05 1.575e-05 1.475e-05 1.645e-05 1.17e-05 1.5e-05 1.295e-05 1.465e-05 1.58e-05 1.045e-05 1.21e-05 8.6e-06 1.66e-05 1.575e-05 1.665e-05 1.36e-05 1.79e-05 1.13e-05 1.255e-05 1.145e-05 1.335e-05 1.59e-05 1.17e-05 1.64e-05 1.62e-05 1.43e-05 1.25e-05 1.455e-05 1.365e-05 1.7e-05 1.355e-05 1.32e-05 1.65e-05 1.155e-05 1.515e-05 1.36e-05 1.595e-05 1.55e-05 1.165e-05 1.125e-05 1.415e-05 1.305e-05 1.625e-05 1.36e-05 1.465e-05 1.305e-05 1.345e-05 1.645e-05 1.425e-05 8.45e-06 1.71e-05 1.735e-05 1.34e-05 1.635e-05 9.6e-06 1.475e-05 1.73e-05 1.535e-05 1.155e-05 1.16e-05 8.65e-06 1.17e-05 1.33e-05 1.19e-05 1.435e-05
1 1.675e-05 1.7e-05 1.445e-05 1.82e-05 1.19e-05 1.165e-05 1.3e-05 1.35e-05 1.5e-05 1.38e-05 1.65e-05 1.4e-05 1.12e-05 1.145e-05 1.6e-05 1.8e-05 1.525e-05 1.2e-05 1.275e-05 1.61e-05 1.46e-05 1.94e-05 1.43e-05 1.83e-05 1.65e-05 1.94e-05 1.36e-05 1.96e-05 1.605e-05 1.525e-05 1.35e-05 1.225e-05 1.47e-05 1.235e-05 1.75e-05 1.49e-05 1.615e-05 1.355e-05 1.395e-05 1.655e-05 1.095e-05 1.555e-05 1.5e-05 1.38e-05 1.375e-05 1.665e-05 1.955e-05 1.245e-05 1.54e-05 1.44e-05 1.54e-05 1.01e-05 1.615e-05 1.675e-05 1.39e-05 1.595e-05 1.13e-05 1.655e-05 1.45e-05 1.16e-05 1.49e-05 1.43e-05 1.335e-05 1.765e-05 1.4e-05 1.445e-05 1.53e-05 1.41e-05 1.64e-05 1.405e-05 1.455e-05 1.2e-05 1.54e-05 1.65e-05 1.625e-05 1.715e-05 1.45e-05 1.45e-05 1.365e-05 1.22e-05 1.74e-05 1.53e-05 1.47e-05 1.5e-05 1.94e-05 1.485e-05 9.35e-06 1.435e-05 1.395e-05 1.945e-05 1.345e-05 1.715e-05 1.625e-05 1.755e-05 1.63e-05 1.94e-05 1.655e-05 1.51e-05 1.39e-05 1.71e-05
2 1.62e-05 1.445e-05 1.81e-05 1.43e-05 1.43e-05 1.61e-05 1.26e-05 1.48e-05 1.58e-05 1.17e-05 1.21e-05 1.585e-05 1.435e-05 1.21e-05 1.025e-05 1.41e-05 1.05e-05 1.735e-05 1.565e-05 1.59e-05 1.525e-05 1.495e-05 1.495e-05 1.605e-05 1.215e-05 1.52e-05 1.31e-05 1.615e-05 1.3e-05 1.19e-05 1.05e-05 1.37e-05 1.09e-05 1.635e-05 1.215e-05 1.585e-05 1.335e-05 9.2e-06 1.23e-05 1.235e-05 1.28e-05 1.305e-05 1.125e-05 1.1e-05 1.735e-05 1.315e-05 1.48e-05 1.235e-05 1.375e-05 1.34e-05 1.48e-05 1.35e-05 1.43e-05 1.58e-05 1.33e-05 1.635e-05 1.195e-05 1.22e-05 9.3e-06 1.22e-05 1.64e-05 1.68e-05 1.29e-05 1.32e-05 1.76e-05 1.37e-05 1.38e-05 1.25e-05 1.455e-05 1.37e-05 1.375e-05 1.19e-05 1.8e-05 1.21e-05 1.66e-05 1.41e-05 1.515e-05 9.15e-06 1.54e-05 1.645e-05 1.205e-05 1.215e-05 9.35e-06 1.645e-05 1.505e-05 1.585e-05 1.5e-05 1.36e-05 1.235e-05 1.37e-05 9.3e-06 1.385e-05 9.6e-06 1.425e-05 1.755e-05 1.595e-05 1.47e-05 1.59e-05 1.58e-05 1.305e-05
3 1.18e-05 1.82e-05 1.43e-05 1.46e-05 1.8e-05 1.62e-05 1.53e-05 1.835e-05 1.45e-05 1.47e-05 1.02e-05 1.225e-05 1.64e-05 1.48e-05 1.35e-05 7.45e-06 1.15e-05 1.615e-05 1.64e-05 1.135e-05 1.23e-05 8.8e-06 1.21e-05 1.15e-05 1.025e-05 7.7e-06 1.55e-05 8.6e-06 1.475e-05 1.23e-05 1.37e-05 1.555e-05 1.36e-05 1.84e-05 1.15e-05 1.545e-05 1.21e-05 1.295e-05 1.45e-05 1.05e-05 1.495e-05 1.33e-05 1.035e-05 1.225e-05 1.575e-05 1.13e-05 7.8e-06 1.525e-05 1.36e-05 1.65e-05 1.535e-05 1.855e-05 1.185e-05 1.325e-05 1.45e-05 1.5e-05 1.465e-05 1.025e-05 1.45e-05 1.495e-05 1.64e-05 1.385e-05 1.54e-05 1.275e-05 1.89e-05 1.41e-05 1.435e-05 1.375e-05 1.21e-05 1.61e-05 1.385e-05 1.625e-05 1.74e-05 1.025e-05 1.235e-05 1.4e-05 1.215e-05 1.435e-05 1.3e-05 1.545e-05 1.17e-05 1.325e-05 1.455e-05 1.645e-05 7.6e-06 1.82e-05 1.665e-05 1.365e-05 1.36e-05 8.45e-06 1.3e-05 1.645e-05 1.285e-05 9.75e-06 1.33e-05 8.5e-06 1.215e-05 1.46e-05 1.24e-05 1.34e-05
4 1.59e-05 1.19e-05 1.43e-05 1.8e-05 1.76e-05 1.275e-05 1.235e-05 1.495e-05 1.345e-05 1.115e-05 1.565e-05 1.575e-05 1.065e-05 1.255e-05 1.565e-05 1.78e-05 1.435e-05 1.345e-05 1.305e-05 1.585e-05 1.595e-05 1.875e-05 1.565e-05 1.57e-05 1.565e-05 1.865e-05 1.2e-05 1.86e-05 1.615e-05 1.355e-05 1.16e-05 1.255e-05 1.63e-05 1.42e-05 1.76e-05 1.33e-05 1.63e-05 1.245e-05 1.44e-05 1.555e-05 1.245e-05 1.31e-05 1.44e-05 1.445e-05 1.325e-05 1.54e-05 1.845e-05 1.475e-05 1.495e-05 1.405e-05 1.48e-05 1.265e-05 1.37e-05 1.58e-05 1.28e-05 1.445e-05 1.24e-05 1.57e-05 1.45e-05 1.27e-05 1.355e-05 1.495e-05 9.8e-06 1.735e-05 1.415e-05 1.34e-05 1.51e-05 1.455e-05 1.39e-05 1.4e-05 1.415e-05 1.06e-05 1.575e-05 1.565e-05 1.625e-05 1.545e-05 1.585e-05 1.435e-05 1.42e-05 1.4e-05 1.75e-05 1.285e-05 1.455e-05 1.345e-05 1.88e-05 1.315e-05 1.265e-05 1.395e-05 1.44e-05 1.75e-05 1.255e-05 1.615e-05 1.45e-05 1.89e-05 1.59e-05 1.84e-05 1.405e-05 1.35e-05 1.57e-05 1.38e-05
5 1.26e-05 1.165e-05 1.61e-05 1.62e-05 1.275e-05 1.43e-05 1.445e-05 1.275e-05 1.505e-05 1.435e-05 1.65e-05 1.485e-05 1.04e-05 1.11e-05 1.66e-05 1.6e-05 1.545e-05 1.335e-05 1.32e-05 1.65e-05 1.3e-05 1.805e-05 1.27e-05 1.665e-05 1.65e-05 1.815e-05 1.385e-05 1.835e-05 1.575e-05 1.5e-05 1.43e-05 1.205e-05 1.485e-05 1.035e-05 1.79e-05 1.5e-05 1.52e-05 1.48e-05 1.345e-05 1.655e-05 1.305e-05 1.505e-05 1.425e-05 1.355e-05 1.125e-05 1.665e-05 1.79e-05 1.28e-05 1.36e-05 1.4e-05 1.615e-05 1.04e-05 1.57e-05 1.515e-05 1.1e-05 1.385e-05 1.095e-05 1.655e-05 1.635e-05 1.13e-05 1.32e-05 1.33e-05 1.37e-05 1.805e-05 1.265e-05 1.505e-05 1.605e-05 1.385e-05 1.595e-05 1.61e-05 1.4e-05 1.33e-05 1.32e-05 1.65e-05 1.485e-05 1.76e-05 1.295e-05 1.615e-05 1.165e-05 1.01e-05 1.78e-05 1.49e-05 1.635e-05 1.32e-05 1.815e-05 1.375e-05 7.45e-06 1.38e-05 1.37e-05 1.77e-05 1.485e-05 1.66e-05 1.735e-05 1.69e-05 1.49e-05 1.815e-05 1.61e-05 1.515e-05 1.48e-05 1.61e-05
6 1.485e-05 1.3e-05 1.26e-05 1.53e-05 1.235e-05 1.445e-05 1.29e-05 1.33e-05 1.585e-05 8.3e-06 1.08e-05 1.3e-05 1.135e-05 1.045e-05 1.63e-05 1.51e-05 1.15e-05 1.12e-05 1.19e-05 1.1e-05 1.485e-05 1.485e-05 1.45e-05 1.52e-05 1.08e-05 1.49e-05 1.505e-05 1.545e-05 1.795e-05 1.245e-05 7.5e-06 1.6e-05 1.73e-05 1.54e-05 1.69e-05 1.01e-05 1.485e-05 6.6e-06 1.59e-05 1.085e-05 8.7e-06 1.325e-05 1.085e-05 1.13e-05 1.125e-05 1.125e-05 1.485e-05 1.68e-05 1.44e-05 1.15e-05 1.575e-05 1.575e-05 1.155e-05 1.56e-05 1.075e-05 1.54e-05 1.03e-05 1.085e-05 1.28e-05 1.06e-05 1.375e-05 1.56e-05 8.5e-06 1.735e-05 1.505e-05 9.05e-06 1.535e-05 1.21e-05 1.18e-05 1.305e-05 1.25e-05 1.13e-05 1.74e-05 1.08e-05 1.485e-05 1.47e-05 1.475e-05 1.265e-05 1.43e-05 1.61e-05 1.675e-05 1.065e-05 1.285e-05 1.375e-05 1.495e-05 1.34e-05 1.43e-05 1.23e-05 1.195e-05 1.495e-05 6.7e-06 1.72e-05 1.22e-05 1.745e-05 1.52e-05 1.525e-05 1.2e-05 1.595e-05 1.29e-05 1.21e-05
7 1.815e-05 1.35e-05 1.48e-05 1.835e-05 1.495e-05 1.275e-05 1.33e-05 9.9e-06 1.775e-05 1.49e-05 1.68e-05 1.655e-05 1.265e-05 1.145e-05 1.71e-05 1.815e-05 1.6e-05 1.455e-05 1.425e-05 1.84e-05 1.505e-05 1.87e-05 1.475e-05 2.08e-05 1.68e-05 2.015e-05 1.595e-05 2.105e-05 1.66e-05 1.66e-05 1.395e-05 1.22e-05 1.34e-05 7.25e-06 1.83e-05 1.625e-05 1.44e-05 1.34e-05 1.59e-05 1.68e-05 1.305e-05 1.755e-05 1.465e-05 1.2e-05 1.67e-05 1.765e-05 2.015e-05 1.42e-05 1.31e-05 9.25e-06 1.86e-05 1.25e-05 1.79e-05 1.67e-05 1.485e-05 1.64e-05 1.13e-05 1.685e-05 1.5e-05 1.16e-05 1.52e-05 1.535e-05 1.525e-05 1.915e-05 9.35e-06 1.485e-05 1.78e-05 1.235e-05 1.815e-05 1.7e-05 1.55e-05 1.36e-05 1.135e-05 1.68e-05 1.75e-05 1.95e-05 1.495e-05 1.485e-05 1.45e-05 1.33e-05 1.82e-05 1.665e-05 1.505e-05 1.505e-05 2.015e-05 1.1e-05 9.5e-06 1.53e-05 1.22e-05 2e-05 1.335e-05 1.395e-05 1.805e-05 1.885e-05 1.825e-05 2.085e-05 1.83e-05 1.785e-05 1.65e-05 1.625e-05
8 1.32e-05 1.5e-05 1.58e-05 1.45e-05 1.345e-05 1.505e-05 1.585e-05 1.775e-05 1.88e-05 1.725e-05 1.44e-05 1.41e-05 1.615e-05 1.64e-05 1.405e-05 1.43e-05 1.545e-05 1.565e-05 1.76e-05 1.255e-05 1.325e-05 1.125e-05 1.305e-05 1.17e-05 1.44e-05 1.095e-05 1.185e-05 1.035e-05 1.475e-05 1.55e-05 1.775e-05 1.255e-05 1.48e-05 1.675e-05 1.255e-05 1.61e-05 1.665e-05 1.775e-05 1.54e-05 1.435e-05 1.735e-05 1.5e-05 1.75e-05 1.675e-05 1.485e-05 1.37e-05 1.16e-05 1.455e-05 1.69e-05 1.805e-05 1.145e-05 1.425e-05 1.415e-05 1.565e-05 1.655e-05 1.575e-05 1.625e-05 1.445e-05 1.6e-05 1.655e-05 1.735e-05 1.455e-05 1.76e-05 1.19e-05 1.755e-05 1.6e-05 1.22e-05 1.73e-05 1.44e-05 1.33e-05 1.58e-05 1.355e-05 1.61e-05 1.44e-05 1.385e-05 1.52e-05 1.315e-05 1.585e-05 1.615e-05 1.42e-05 1.255e-05 1.585e-05 1.605e-05 1.74e-05 1.11e-05 1.79e-05 1.505e-05 1.56e-05 1.715e-05 1.29e-05 1.765e-05 1.73e-05 1.695e-05 1.365e-05 1.305e-05 1.025e-05 1.42e-05 9.5e-06 1.415e-05 1.785e-05
9 1.5e-05 1.38e-05 1.17e-05 1.47e-05 1.115e-05 1.435e-05 8.3e-06 1.49e-05 1.725e-05 6.9e-06 1.01e-05 1.405e-05 9.95e-06 9.5e-06 1.57e-05 1.45e-05 8.9e-06 1.265e-05 1.02e-05 1.38e-05 1.62e-05 1.78e-05 1.59e-05 1.34e-05 1.01e-05 1.655e-05 1.46e-05 1.69e-05 1.73e-05 9.2e-06 3.85e-06 1.74e-05 1.855e-05 1.65e-05 1.83e-05 1.01e-05 1.365e-05 3.6e-06 1.475e-05 1.02e-05 7.45e-06 8.85e-06 8e-06 1.045e-05 1.255e-05 1.04e-05 1.595e-05 1.695e-05 1.31e-05 1.055e-05 1.765e-05 1.675e-05 1.045e-05 1.365e-05 8.6e-06 1.23e-05 9.35e-06 1.01e-05 1.19e-05 9.65e-06 1.16e-05 1.385e-05 4.4e-06 1.86e-05 1.385e-05 8.75e-06 1.74e-05 1.13e-05 1.07e-05 1.555e-05 9.85e-06 1.05e-05 1.68e-05 1.01e-05 1.545e-05 1.42e-05 1.61e-05 1.175e-05 1.28e-05 1.55e-05 1.82e-05 6.65e-06 1.19e-05 1.145e-05 1.655e-05 1.06e-05 1.54e-05 9.65e-06 1.115e-05 1.38e-05 3.85e-06 1.605e-05 9.05e-06 1.75e-05 1.565e-05 1.67e-05 1.085e-05 1.735e-05 1.4e-05 7.75e-06
10 1.165e-05 1.65e-05 1.21e-05 1.02e-05 1.565e-05 1.65e-05 1.08e-05 1.68e-05 1.44e-05 1.01e-05 1.52e-05 1.145e-05 1.49e-05 1.28e-05 1.31e-05 1.005e-05 8.95e-06 1.405e-05 1.4e-05 9.6e-06 1.305e-05 9.2e-06 1.285e-05 1.085e-05 7.8e-06 7.9e-06 1.44e-05 8.9e-06 1.585e-05 1.02e-05 8.9e-06 1.735e-05 1.61e-05 1.875e-05 1.225e-05 1.215e-05 1.31e-05 7.75e-06 1.53e-05 8e-06 1.135e-05 1.135e-05 1.01e-05 1.17e-05 1.355e-05 8.8e-06 8e-06 1.63e-05 1.425e-05 1.365e-05 1.46e-05 1.84e-05 9.9e-06 1.28e-05 1.155e-05 1.4e-05 1.265e-05 7.75e-06 1.23e-05 1.29e-05 1.47e-05 1.395e-05 1.115e-05 1.335e-05 1.78e-05 1.04e-05 1.36e-05 1.315e-05 1.015e-05 1.465e-05 1.16e-05 1.34e-05 1.755e-05 7.75e-06 1.22e-05 1.31e-05 1.285e-05 1.22e-05 1.405e-05 1.645e-05 1.23e-05 9.85e-06 1.24e-05 1.47e-05 7.9e-06 1.595e-05 1.785e-05 1.145e-05 1.3e-05 8.25e-06 7.8e-06 1.64e-05 1.045e-05 1.13e-05 1.315e-05 8.8e-06 1.02e-05 1.45e-05 1.155e-05 1.095e-05
11 1.2e-05 1.4e-05 1.585e-05 1.225e-05 1.575e-05 1.485e-05 1.3e-05 1.655e-05 1.41e-05 1.405e-05 1.145e-05 1.94e-05 1.48e-05 1.45e-05 1.63e-05 1.215e-05 1.305e-05 1.09e-05 1.31e-05 1e-05 1.315e-05 1.15e-05 1.295e-05 1.26e-05 1.15e-05 9.95e-06 1.58e-05 1.04e-05 1.66e-05 1.355e-05 1.35e-05 1.655e-05 1.71e-05 1.72e-05 1.43e-05 1.32e-05 1.485e-05 1.305e-05 1.675e-05 1.155e-05 1.13e-05 1.41e-05 1.365e-05 1.43e-05 1.22e-05 1.195e-05 1.06e-05 1.62e-05 1.59e-05 1.57e-05 1.445e-05 1.765e-05 1.18e-05 1.33e-05 1.355e-05 1.46e-05 1.435e-05 1.15e-05 1.605e-05 1.465e-05 1.485e-05 1.17e-05 1.39e-05 1.485e-05 1.615e-05 1.25e-05 1.405e-05 1.5e-05 1.205e-05 1.445e-05 1.32e-05 1.53e-05 1.585e-05 1.15e-05 1.17e-05 1.495e-05 1.3e-05 1.59e-05 1.31e-05 1.44e-05 1.44e-05 1.38e-05 1.61e-05 1.49e-05 1e-05 1.69e-05 1.595e-05 1.3e-05 1.485e-05 1.175e-05 1.29e-05 1.82e-05 1.55e-05 1.15e-05 1.205e-05 1.03e-05 1.21e-05 1.42e-05 9.9e-06 1.51e-05
12 1.585e-05 1.12e-05 1.435e-05 1.64e-05 1.065e-05 1.04e-05 1.135e-05 1.265e-05 1.615e-05 9.95e-06 1.49e-05 1.48e-05 1.59e-05 9.5e-06 1.675e-05 1.62e-05 1.375e-05 1.23e-05 1.165e-05 1.58e-05 1.38e-05 1.885e-05 1.35e-05 1.635e-05 1.49e-05 1.895e-05 1.445e-05 1.915e-05 1.645e-05 1.3e-05 1e-05 1.315e-05 1.55e-05 1.1e-05 1.855e-05 1.28e-05 1.4e-05 1.08e-05 1.325e-05 1.495e-05 1.06e-05 1.295e-05 1.205e-05 1.195e-05 1.3e-05 1.505e-05 1.86e-05 1.345e-05 1.29e-05 1.225e-05 1.655e-05 1.1e-05 1.335e-05 1.535e-05 1.185e-05 1.385e-05 9.35e-06 1.495e-05 1.46e-05 9.7e-06 1.25e-05 1.41e-05 8.6e-06 1.87e-05 1.24e-05 1.245e-05 1.645e-05 1.225e-05 1.355e-05 1.525e-05 1.31e-05 1.2e-05 1.455e-05 1.49e-05 1.565e-05 1.64e-05 1.375e-05 1.44e-05 1.195e-05 1.16e-05 1.845e-05 1.22e-05 1.46e-05 1.24e-05 1.895e-05 1.16e-05 8.25e-06 1.29e-05 1.21e-05 1.745e-05 1.09e-05 1.625e-05 1.475e-05 1.835e-05 1.57e-05 1.895e-05 1.37e-05 1.625e-05 1.475e-05 1.265e-05
13 1.605e-05 1.145e-05 1.21e-05 1.48e-05 1.255e-05 1.11e-05 1.045e-05 1.145e-05 1.64e-05 9.5e-06 1.28e-05 1.45e-05 9.5e-06 1.54e-05 1.515e-05 1.46e-05 1.175e-05 1.36e-05 1.22e-05 1.575e-05 1.29e-05 1.76e-05 1.275e-05 1.695e-05 1.275e-05 1.785e-05 1.39e-05 1.85e-05 1.585e-05 1.255e-05 8.6e-06 1.245e-05 1.375e-05 1.115e-05 1.715e-05 1.36e-05 1.28e-05 7.8e-06 1.235e-05 1.305e-05 9.45e-06 1.345e-05 9.8e-06 9.45e-06 1.44e-05 1.355e-05 1.745e-05 1.255e-05 1.215e-05 1.105e-05 1.73e-05 1.095e-05 1.43e-05 1.555e-05 1.12e-05 1.455e-05 7.75e-06 1.285e-05 1.235e-05 8.1e-06 1.365e-05 1.49e-05 1.03e-05 1.79e-05 1.35e-05 1.195e-05 1.66e-05 1.05e-05 1.455e-05 1.565e-05 1.21e-05 1.08e-05 1.53e-05 1.28e-05 1.595e-05 1.66e-05 1.3e-05 1.215e-05 1.21e-05 1.195e-05 1.705e-05 1.135e-05 1.235e-05 1.37e-05 1.77e-05 1.265e-05 7.85e-06 1.19e-05 1.04e-05 1.645e-05 7.95e-06 1.575e-05 1.25e-05 1.68e-05 1.66e-05 1.83e-05 1.47e-05 1.65e-05 1.445e-05 1.27e-05
14 1.46e-05 1.6e-05 1.025e-05 1.35e-05 1.565e-05 1.66e-05 1.63e-05 1.71e-05 1.405e-05 1.57e-05 1.31e-05 1.63e-05 1.675e-05 1.515e-05 1.33e-05 1.33e-05 1.065e-05 1.96e-05 1.82e-05 1.585e-05 1.455e-05 1.215e-05 1.425e-05 1.39e-05 1.31e-05 1.24e-05 1.04e-05 1.335e-05 1.19e-05 1.16e-05 1.48e-05 1.375e-05 1.005e-05 1.75e-05 9.55e-06 1.79e-05 1.445e-05 1.39e-05 1.24e-05 1.335e-05 1.7e-05 1.25e-05 1.425e-05 1.375e-05 1.85e-05 1.415e-05 1.2e-05 1.185e-05 1.48e-05 1.62e-05 1.265e-05 1.335e-05 1.46e-05 1.495e-05 1.55e-05 1.595e-05 1.5e-05 1.315e-05 1.05e-05 1.53e-05 1.75e-05 1.65e-05 1.65e-05 1.055e-05 1.93e-05 1.645e-05 1.165e-05 1.525e-05 1.48e-05 1.385e-05 1.505e-05 1.39e-05 1.735e-05 1.31e-05 1.56e-05 1.39e-05 1.445e-05 1.03e-05 1.645e-05 1.605e-05 9.4e-06 1.375e-05 1.05e-05 1.755e-05 1.225e-05 1.795e-05 1.64e-05 1.485e-05 1.51e-05 1.125e-05 1.4e-05 1.37e-05 1.135e-05 1.25e-05 1.655e-05 1.315e-05 1.5e-05 1.415e-05 1.625e-05 1.5e-05
15 1.16e-05 1.8e-05 1.41e-05 7.45e-06 1.78e-05 1.6e-05 1.51e-05 1.815e-05 1.43e-05 1.45e-05 1.005e-05 1.215e-05 1.62e-05 1.46e-05 1.33e-05 1.42e-05 1.13e-05 1.595e-05 1.62e-05 1.115e-05 1.195e-05 8.85e-06 1.19e-05 1.13e-05 9.9e-06 7.55e-06 1.53e-05 8.25e-06 1.455e-05 1.21e-05 1.35e-05 1.535e-05 1.34e-05 1.82e-05 1.15e-05 1.525e-05 1.19e-05 1.275e-05 1.43e-05 1.015e-05 1.475e-05 1.31e-05 1.015e-05 1.205e-05 1.555e-05 1.11e-05 7.65e-06 1.505e-05 1.34e-05 1.63e-05 1.515e-05 1.835e-05 1.165e-05 1.3e-05 1.43e-05 1.48e-05 1.445e-05 1.01e-05 1.43e-05 1.475e-05 1.62e-05 1.36e-05 1.52e-05 1.255e-05 1.87e-05 1.39e-05 1.4e-05 1.355e-05 1.19e-05 1.59e-05 1.365e-05 1.605e-05 1.72e-05 9.9e-06 1.2e-05 1.38e-05 1.2e-05 1.415e-05 1.28e-05 1.525e-05 1.15e-05 1.305e-05 1.435e-05 1.625e-05 7.25e-06 1.8e-05 1.645e-05 1.345e-05 1.34e-05 8.1e-06 1.28e-05 1.625e-05 1.265e-05 9.4e-06 1.31e-05 8.3e-06 1.195e-05 1.44e-05 1.22e-05 1.32e-05
16 1.265e-05 1.525e-05 1.05e-05 1.15e-05 1.435e-05 1.545e-05 1.15e-05 1.6e-05 1.545e-05 8.9e-06 8.95e-06 1.305e-05 1.375e-05 1.175e-05 1.065e-05 1.13e-05 1.3e-05 1.55e-05 1.33e-05 1.275e-05 1.425e-05 1.245e-05 1.39e-05 1.2e-05 8.95e-06 1.13e-05 1.24e-05 1.23e-05 1.415e-05 7.65e-06 7.7e-06 1.625e-05 1.455e-05 1.785e-05 1.29e-05 1.32e-05 1.23e-05 6.65e-06 1.39e-05 9.2e-06 1.065e-05 8.85e-06 9.15e-06 1.07e-05 1.46e-05 1e-05 1.05e-05 1.495e-05 1.325e-05 1.27e-05 1.52e-05 1.68e-05 1.08e-05 1.235e-05 1.05e-05 1.32e-05 1.16e-05 9e-06 1.07e-05 1.19e-05 1.39e-05 1.38e-05 9.8e-06 1.395e-05 1.715e-05 1.145e-05 1.42e-05 1.215e-05 1.1e-05 1.515e-05 1.085e-05 1.22e-05 1.69e-05 8.95e-06 1.365e-05 1.38e-05 1.415e-05 1.055e-05 1.31e-05 1.57e-05 1.275e-05 8.75e-06 1.075e-05 1.39e-05 1.115e-05 1.49e-05 1.685e-05 1.065e-05 1.2e-05 9.15e-06 6.9e-06 1.51e-05 9e-06 1.285e-05 1.46e-05 1.205e-05 1.12e-05 1.555e-05 1.295e-05 9.7e-06
17 1.385e-05 1.2e-05 1.735e-05 1.615e-05 1.345e-05 1.335e-05 1.12e-05 1.455e-05 1.565e-05 1.265e-05 1.405e-05 1.09e-05 1.23e-05 1.36e-05 1.96e-05 1.595e-05 1.55e-05 1.24e-05 1.04e-05 1.095e-05 1.51e-05 1.705e-05 1.48e-05 1.54e-05 1.405e-05 1.515e-05 1.69e-05 1.52e-05 1.865e-05 1.55e-05 1.27e-05 1.71e-05 1.985e-05 1.46e-05 1.875e-05 1.06e-05 1.72e-05 1.275e-05 1.765e-05 1.39e-05 9.5e-06 1.545e-05 1.44e-05 1.525e-05 9.8e-06 1.39e-05 1.595e-05 1.71e-05 1.605e-05 1.37e-05 1.55e-05 1.67e-05 1.265e-05 1.445e-05 1.265e-05 1.435e-05 1.345e-05 1.41e-05 1.755e-05 1.375e-05 1.225e-05 1.255e-05 1.15e-05 1.86e-05 1.305e-05 9.4e-06 1.57e-05 1.53e-05 1.29e-05 1.385e-05 1.375e-05 1.46e-05 1.47e-05 1.405e-05 1.275e-05 1.365e-05 1.5e-05 1.74e-05 1.23e-05 1.435e-05 1.865e-05 1.435e-05 1.76e-05 1.23e-05 1.53e-05 1.405e-05 1.445e-05 1.355e-05 1.515e-05 1.705e-05 1.26e-05 1.8e-05 1.7e-05 1.585e-05 1.25e-05 1.5e-05 1.305e-05 1.575e-05 1.085e-05 1.53e-05
18 1.505e-05 1.275e-05 1.565e-05 1.64e-05 1.305e-05 1.32e-05 1.19e-05 1.425e-05 1.76e-05 1.02e-05 1.4e-05 1.31e-05 1.165e-05 1.22e-05 1.82e-05 1.62e-05 1.33e-05 1.04e-05 1.59e-05 1.47e-05 1.64e-05 1.94e-05 1.61e-05 1.57e-05 1.4e-05 1.78e-05 1.605e-05 1.825e-05 1.82e-05 1.32e-05 9.85e-06 1.7e-05 1.92e-05 1.445e-05 1.975e-05 9.75e-06 1.47e-05 1e-05 1.635e-05 1.385e-05 9e-06 1.355e-05 1.195e-05 1.355e-05 1.21e-05 1.425e-05 1.785e-05 1.7e-05 1.26e-05 1.22e-05 1.78e-05 1.665e-05 1.335e-05 1.165e-05 1.115e-05 1.115e-05 1.205e-05 1.405e-05 1.585e-05 1.235e-05 9.6e-06 1.315e-05 9.4e-06 2e-05 1.305e-05 1.135e-05 1.76e-05 1.285e-05 1.36e-05 1.635e-05 1.245e-05 1.345e-05 1.465e-05 1.4e-05 1.47e-05 1.57e-05 1.63e-05 1.57e-05 1.19e-05 1.44e-05 1.965e-05 1.155e-05 1.59e-05 9.45e-06 1.795e-05 1.31e-05 1.44e-05 1.225e-05 1.27e-05 1.685e-05 1.005e-05 1.66e-05 1.435e-05 1.71e-05 1.485e-05 1.805e-05 1.375e-05 1.77e-05 1.305e-05 1.065e-05
19 1.035e-05 1.61e-05 1.59e-05 1.135e-05 1.585e-05 1.65e-05 1.1e-05 1.84e-05 1.255e-05 1.38e-05 9.6e-06 1e-05 1.58e-05 1.575e-05 1.585e-05 1.115e-05 1.275e-05 1.095e-05 1.47e-05 1.12e-05 1.25e-05 7.95e-06 1.205e-05 1.035e-05 9.6e-06 5.95e-06 1.565e-05 6.6e-06 1.745e-05 1.295e-05 1.32e-05 1.815e-05 1.84e-05 1.92e-05 1.255e-05 1.065e-05 1.62e-05 1.305e-05 1.765e-05 9.65e-06 1.335e-05 1.355e-05 1.455e-05 1.555e-05 1.04e-05 1.005e-05 7.05e-06 1.745e-05 1.68e-05 1.645e-05 1.26e-05 1.895e-05 9.4e-06 1.39e-05 1.395e-05 1.51e-05 1.56e-05 9.65e-06 1.61e-05 1.59e-05 1.535e-05 1.355e-05 1.335e-05 1.3e-05 1.78e-05 1.06e-05 1.22e-05 1.625e-05 9.65e-06 1.23e-05 1.405e-05 1.565e-05 1.745e-05 9.6e-06 1.065e-05 1.27e-05 1.24e-05 1.595e-05 1.495e-05 1.65e-05 1.225e-05 1.345e-05 1.615e-05 1.535e-05 6.05e-06 1.74e-05 1.845e-05 1.385e-05 1.61e-05 9.25e-06 1.29e-05 1.86e-05 1.515e-05 1.15e-05 1.1e-05 6.35e-06 9.9e-06 1.265e-05 9.75e-06 1.445e-05
20 1.315e-05 1.46e-05 1.525e-05 1.23e-05 1.595e-05 1.3e-05 1.485e-05 1.505e-05 1.325e-05 1.62e-05 1.305e-05 1.315e-05 1.38e-05 1.29e-05 1.455e-05 1.195e-05 1.425e-05 1.51e-05 1.64e-05 1.25e-05 2.07e-05 1.075e-05 1.06e-05 1.355e-05 1.29e-05 1.08e-05 1.44e-05 1.12e-05 1.515e-05 1.435e-05 1.555e-05 1.32e-05 1.34e-05 1.345e-05 1.29e-05 1.58e-05 1.395e-05 1.55e-05 1.395e-05 1.315e-05 1.55e-05 1.5e-05 1.47e-05 1.365e-05 1.52e-05 1.38e-05 1.115e-05 1.295e-05 1.445e-05 1.585e-05 1.425e-05 1.265e-05 1.38e-05 1.51e-05 1.56e-05 1.55e-05 1.29e-05 1.31e-05 1.55e-05 1.325e-05 1.65e-05 1.415e-05 1.64e-05 1.365e-05 1.615e-05 1.505e-05 1.34e-05 1.46e-05 1.405e-05 1.52e-05 1.49e-05 1.505e-05 1.525e-05 1.29e-05 1.31e-05 1.615e-05 1.075e-05 1.53e-05 1.405e-05 1.225e-05 1.29e-05 1.535e-05 1.55e-05 1.655e-05 1.05e-05 1.65e-05 1.05e-05 1.47e-05 1.445e-05 1.205e-05 1.54e-05 1.7e-05 1.66e-05 1.235e-05 1.39e-05 1.125e-05 1.41e-05 1.335e-05 1.32e-05 1.63e-05
21 1.005e-05 1.94e-05 1.495e-05 8.8e-06 1.875e-05 1.805e-05 1.485e-05 1.87e-05 1.125e-05 1.78e-05 9.2e-06 1.15e-05 1.885e-05 1.76e-05 1.215e-05 8.85e-06 1.245e-05 1.705e-05 1.94e-05 7.95e-06 1.075e-05 3.9e-06 1.065e-05 8.75e-06 9.35e-06 2.45e-06 1.46e-05 3.35e-06 1.48e-05 1.3e-05 1.69e-05 1.65e-05 1.41e-05 1.935e-05 7.75e-06 1.565e-05 1.4e-05 1.64e-05 1.655e-05 9.6e-06 1.86e-05 1.39e-05 1.605e-05 1.555e-05 1.565e-05 1.04e-05 3e-06 1.625e-05 1.625e-05 1.81e-05 1.15e-05 1.83e-05 1.07e-05 1.36e-05 1.7e-05 1.6e-05 1.745e-05 9.25e-06 1.505e-05 1.775e-05 1.86e-05 1.45e-05 1.825e-05 9.05e-06 2.015e-05 1.48e-05 1.05e-05 1.69e-05 1.095e-05 1.415e-05 1.55e-05 1.735e-05 1.72e-05 9.35e-06 1.085e-05 1.395e-05 1.05e-05 1.5e-05 1.705e-05 1.645e-05 8.1e-06 1.485e-05 1.52e-05 1.86e-05 2.45e-06 1.945e-05 1.88e-05 1.53e-05 1.675e-05 5.35e-06 1.63e-05 1.73e-05 1.555e-05 8.5e-06 1.18e-05 3.35e-06 1.09e-05 1.135e-05 1.18e-05 1.555e-05
22 1.28e-05 1.43e-05 1.495e-05 1.21e-05 1.565e-05 1.27e-05 1.45e-05 1.475e-05 1.305e-05 1.59e-05 1.285e-05 1.295e-05 1.35e-05 1.275e-05 1.425e-05 1.19e-05 1.39e-05 1.48e-05 1.61e-05 1.205e-05 1.06e-05 1.065e-05 2.01e-05 1.335e-05 1.285e-05 1.05e-05 1.41e-05 1.125e-05 1.49e-05 1.395e-05 1.52e-05 1.29e-05 1.31e-05 1.315e-05 1.27e-05 1.545e-05 1.375e-05 1.52e-05 1.365e-05 1.31e-05 1.52e-05 1.465e-05 1.44e-05 1.335e-05 1.485e-05 1.36e-05 1.09e-05 1.265e-05 1.415e-05 1.555e-05 1.405e-05 1.235e-05 1.34e-05 1.495e-05 1.53e-05 1.52e-05 1.26e-05 1.29e-05 1.52e-05 1.295e-05 1.62e-05 1.4e-05 1.605e-05 1.345e-05 1.585e-05 1.475e-05 1.335e-05 1.43e-05 1.365e-05 1.485e-05 1.46e-05 1.475e-05 1.495e-05 1.285e-05 1.305e-05 1.585e-05 1.055e-05 1.5e-05 1.37e-05 1.195e-05 1.25e-05 1.505e-05 1.52e-05 1.625e-05 1.04e-05 1.62e-05 1.035e-05 1.44e-05 1.415e-05 1.2e-05 1.51e-05 1.67e-05 1.63e-05 1.23e-05 1.37e-05 1.1e-05 1.385e-05 1.315e-05 1.28e-05 1.595e-05
23 1.07e-05 1.83e-05 1.605e-05 1.15e-05 1.57e-05 1.665e-05 1.52e-05 2.08e-05 1.17e-05 1.34e-05 1.085e-05 1.26e-05 1.635e-05 1.695e-05 1.39e-05 1.13e-05 1.2e-05 1.54e-05 1.57e-05 1.035e-05 1.355e-05 8.75e-06 1.335e-05 1.1e-05 1.085e-05 7.15e-06 1.405e-05 6.5e-06 1.565e-05 1.185e-05 1.425e-05 1.83e-05 1.82e-05 2.02e-05 1.255e-05 1.35e-05 1.495e-05 1.445e-05 1.665e-05 1.08e-05 1.61e-05 1.1e-05 1.475e-05 1.66e-05 1.395e-05 1.01e-05 7.55e-06 1.765e-05 1.615e-05 1.765e-05 1.205e-05 1.905e-05 1.025e-05 1.21e-05 1.43e-05 1.145e-05 1.68e-05 1.09e-05 1.625e-05 1.71e-05 1.485e-05 1.29e-05 1.375e-05 1.185e-05 1.84e-05 1.37e-05 1.285e-05 1.715e-05 1.05e-05 1.495e-05 1.215e-05 1.615e-05 1.535e-05 1.085e-05 1.175e-05 1.36e-05 1.345e-05 1.61e-05 1.53e-05 1.44e-05 1.255e-05 1.005e-05 1.63e-05 1.465e-05 7.3e-06 1.695e-05 1.945e-05 1.195e-05 1.7e-05 7.65e-06 1.45e-05 1.76e-05 1.435e-05 1.175e-05 1.09e-05 6.4e-06 1.03e-05 1.18e-05 1.265e-05 1.29e-05
24 1.165e-05 1.65e-05 1.215e-05 1.025e-05 1.565e-05 1.65e-05 1.08e-05 1.68e-05 1.44e-05 1.01e-05 7.8e-06 1.15e-05 1.49e-05 1.275e-05 1.31e-05 9.9e-06 8.95e-06 1.405e-05 1.4e-05 9.6e-06 1.29e-05 9.35e-06 1.285e-05 1.085e-05 1.52e-05 8.05e-06 1.44e-05 8.75e-06 1.585e-05 1.02e-05 8.95e-06 1.735e-05 1.61e-05 1.875e-05 1.23e-05 1.215e-05 1.32e-05 7.7e-06 1.53e-05 7.9e-06 1.135e-05 1.135e-05 1.015e-05 1.165e-05 1.355e-05 8.85e-06 8.15e-06 1.63e-05 1.425e-05 1.365e-05 1.46e-05 1.84e-05 9.9e-06 1.275e-05 1.16e-05 1.4e-05 1.265e-05 7.85e-06 1.235e-05 1.295e-05 1.47e-05 1.39e-05 1.115e-05 1.335e-05 1.78e-05 1.04e-05 1.345e-05 1.31e-05 1.015e-05 1.465e-05 1.165e-05 1.34e-05 1.755e-05 7.65e-06 1.205e-05 1.31e-05 1.295e-05 1.22e-05 1.405e-05 1.645e-05 1.23e-05 9.85e-06 1.24e-05 1.47e-05 7.75e-06 1.595e-05 1.785e-05 1.145e-05 1.3e-05 8.1e-06 7.8e-06 1.64e-05 1.045e-05 1.115e-05 1.315e-05 8.8e-06 1.02e-05 1.45e-05 1.155e-05 1.095e-05
25 8.45e-06 1.94e-05 1.52e-05 7.7e-06 1.865e-05 1.815e-05 1.49e-05 2.015e-05 1.095e-05 1.655e-05 7.9e-06 9.95e-06 1.895e-05 1.785e-05 1.24e-05 7.55e-06 1.13e-05 1.515e-05 1.78e-05 5.95e-06 1.08e-05 2.45e-06 1.05e-05 7.15e-06 8.05e-06 1.1e-06 1.465e-05 1.7e-06 1.495e-05 1.18e-05 1.575e-05 1.785e-05 1.565e-05 2.08e-05 8e-06 1.39e-05 1.41e-05 1.53e-05 1.68e-05 8.15e-06 1.715e-05 1.26e-05 1.48e-05 1.575e-05 1.39e-05 8.95e-06 1.65e-06 1.66e-05 1.63e-05 1.82e-05 1.125e-05 2e-05 9.05e-06 1.21e-05 1.575e-05 1.455e-05 1.77e-05 8e-06 1.54e-05 1.8e-05 1.715e-05 1.295e-05 1.695e-05 8.95e-06 2.005e-05 1.325e-05 1.04e-05 1.695e-05 9.3e-06 1.375e-05 1.42e-05 1.74e-05 1.71e-05 8.05e-06 9.35e-06 1.24e-05 1.06e-05 1.525e-05 1.555e-05 1.65e-05 7.95e-06 1.36e-05 1.545e-05 1.715e-05 8e-07 1.955e-05 2.04e-05 1.4e-05 1.68e-05 4e-06 1.515e-05 1.74e-05 1.445e-05 7e-06 1.015e-05 1.55e-06 9.4e-06 1.105e-05 9.95e-06 1.425e-05
26 1.44e-05 1.36e-05 1.31e-05 1.55e-05 1.2e-05 1.385e-05 1.505e-05 1.595e-05 1.185e-05 1.46e-05 1.44e-05 1.58e-05 1.445e-05 1.39e-05 1.04e-05 1.53e-05 1.24e-05 1.69e-05 1.605e-05 1.565e-05 1.44e-05 1.46e-05 1.41e-05 1.405e-05 1.44e-05 1.465e-05 1.71e-05 1.505e-05 1.435e-05 1.27e-05 1.435e-05 1.185e-05 1.365e-05 1.54e-05 1.35e-05 1.605e-05 1.61e-05 1.41e-05 1.35e-05 1.45e-05 1.54e-05 1.295e-05 1.5e-05 1.465e-05 1.57e-05 1.475e-05 1.44e-05 1.325e-05 1.515e-05 1.555e-05 1.33e-05 1.23e-05 1.485e-05 1.505e-05 1.42e-05 1.465e-05 1.375e-05 1.445e-05 1.33e-05 1.405e-05 1.57e-05 1.535e-05 1.5e-05 1.385e-05 1.685e-05 1.555e-05 1.3e-05 1.55e-05 1.505e-05 1.445e-05 1.43e-05 1.13e-05 1.575e-05 1.44e-05 1.545e-05 1.535e-05 1.43e-05 1.315e-05 1.53e-05 1.385e-05 1.34e-05 1.35e-05 1.335e-05 1.575e-05 1.465e-05 1.62e-05 1.37e-05 1.41e-05 1.535e-05 1.395e-05 1.42e-05 1.54e-05 1.39e-05 1.55e-05 1.57e-05 1.485e-05 1.525e-05 1.195e-05 1.575e-05 1.57e-05
27 9e-06 1.96e-05 1.615e-05 8.6e-06 1.86e-05 1.835e-05 1.545e-05 2.105e-05 1.035e-05 1.69e-05 8.9e-06 1.04e-05 1.915e-05 1.85e-05 1.335e-05 8.25e-06 1.23e-05 1.52e-05 1.825e-05 6.6e-06 1.12e-05 3.35e-06 1.125e-05 6.5e-06 8.75e-06 1.7e-06 1.505e-05 2.6e-06 1.53e-05 1.285e-05 1.675e-05 1.825e-05 1.66e-05 2.14e-05 8.9e-06 1.44e-05 1.5e-05 1.625e-05 1.745e-05 8.85e-06 1.765e-05 1.3e-05 1.575e-05 1.67e-05 1.4e-05 8.8e-06 2.7e-06 1.725e-05 1.72e-05 1.91e-05 1.065e-05 2.035e-05 9.65e-06 1.265e-05 1.625e-05 1.485e-05 1.835e-05 8.95e-06 1.635e-05 1.865e-05 1.76e-05 1.295e-05 1.75e-05 8.95e-06 2.035e-05 1.375e-05 1.065e-05 1.785e-05 9.9e-06 1.38e-05 1.455e-05 1.78e-05 1.74e-05 8.75e-06 9.6e-06 1.29e-05 1.125e-05 1.62e-05 1.61e-05 1.655e-05 9e-06 1.395e-05 1.64e-05 1.76e-05 1.55e-06 1.99e-05 2.075e-05 1.435e-05 1.77e-05 4.75e-06 1.61e-05 1.83e-05 1.54e-05 7.7e-06 9.55e-06 1.55e-06 9.6e-06 1.045e-05 1.055e-05 1.52e-05
28 1.585e-05 1.605e-05 1.3e-05 1.475e-05 1.615e-05 1.575e-05 1.795e-05 1.66e-05 1.475e-05 1.73e-05 1.585e-05 1.66e-05 1.645e-05 1.585e-05 1.19e-05 1.455e-05 1.415e-05 1.865e-05 1.82e-05 1.745e-05 1.515e-05 1.48e-05 1.49e-05 1.565e-05 1.585e-05 1.495e-05 1.435e-05 1.53e-05 1.86e-05 1.465e-05 1.72e-05 1.315e-05 1.075e-05 1.625e-05 1.22e-05 1.915e-05 1.435e-05 1.675e-05 1.345e-05 1.595e-05 1.74e-05 1.475e-05 1.545e-05 1.45e-05 1.86e-05 1.62e-05 1.445e-05 1.245e-05 1.52e-05 1.71e-05 1.45e-05 1.395e-05 1.64e-05 1.605e-05 1.68e-05 1.6e-05 1.57e-05 1.59e-05 1.325e-05 1.6e-05 1.64e-05 1.505e-05 1.79e-05 1.255e-05 1.725e-05 1.795e-05 1.42e-05 1.56e-05 1.665e-05 1.465e-05 1.55e-05 1.54e-05 1.585e-05 1.585e-05 1.48e-05 1.575e-05 1.505e-05 1.305e-05 1.39e-05 1.435e-05 1.215e-05 1.63e-05 1.325e-05 1.665e-05 1.495e-05 1.78e-05 1.495e-05 1.53e-05 1.545e-05 1.445e-05 1.685e-05 1.495e-05 1.455e-05 1.36e-05 1.505e-05 1.515e-05 1.675e-05 1.485e-05 1.66e-05 1.645e-05
29 1.26e-05 1.525e-05 1.19e-05 1.23e-05 1.355e-05 1.5e-05 1.245e-05 1.66e-05 1.55e-05 9.2e-06 1.02e-05 1.355e-05 1.3e-05 1.255e-05 1.16e-05 1.21e-05 7.65e-06 1.55e-05 1.32e-05 1.295e-05 1.435e-05 1.3e-05 1.395e-05 1.185e-05 1.02e-05 1.18e-05 1.27e-05 1.285e-05 1.465e-05 1.35e-05 7.65e-06 1.655e-05 1.55e-05 1.73e-05 1.36e-05 1.285e-05 1.295e-05 8.6e-06 1.415e-05 1.045e-05 1.185e-05 8.3e-06 1.065e-05 1.22e-05 1.43e-05 1.125e-05 1.09e-05 1.52e-05 1.345e-05 1.33e-05 1.54e-05 1.64e-05 1.045e-05 1.23e-05 1.12e-05 1.26e-05 1.24e-05 1.025e-05 1.21e-05 1.27e-05 1.34e-05 1.36e-05 8.2e-06 1.465e-05 1.63e-05 1.22e-05 1.44e-05 1.315e-05 1.065e-05 1.555e-05 1.155e-05 1.295e-05 1.625e-05 1.02e-05 1.375e-05 1.4e-05 1.425e-05 1.195e-05 1.33e-05 1.525e-05 1.34e-05 9.3e-06 1.215e-05 1.325e-05 1.165e-05 1.385e-05 1.65e-05 1.135e-05 1.3e-05 9.35e-06 8.85e-06 1.515e-05 1.04e-05 1.37e-05 1.47e-05 1.255e-05 1.085e-05 1.56e-05 1.34e-05 9.25e-06
30 1.465e-05 1.35e-05 1.05e-05 1.37e-05 1.16e-05 1.43e-05 7.5e-06 1.395e-05 1.775e-05 3.85e-06 8.9e-06 1.35e-05 1e-05 8.6e-06 1.48e-05 1.35e-05 7.7e-06 1.27e-05 9.85e-06 1.32e-05 1.555e-05 1.69e-05 1.52e-05 1.425e-05 8.95e-06 1.575e-05 1.435e-05 1.675e-05 1.72e-05 7.65e-06 4.1e-06 1.705e-05 1.755e-05 1.605e-05 1.74e-05 9.75e-06 1.285e-05 2.2e-06 1.41e-05 9.15e-06 6.65e-06 9.4e-06 6.85e-06 9.2e-06 1.26e-05 9.95e-06 1.5e-05 1.63e-05 1.23e-05 9.6e-06 1.8e-05 1.645e-05 1.02e-05 1.33e-05 8e-06 1.26e-05 8.45e-06 9e-06 1.07e-05 8.7e-06 1.15e-05 1.46e-05 3.6e-06 1.845e-05 1.445e-05 8.2e-06 1.7e-05 1.025e-05 1.045e-05 1.565e-05 9.65e-06 1.005e-05 1.71e-05 8.9e-06 1.515e-05 1.39e-05 1.545e-05 1.06e-05 1.245e-05 1.585e-05 1.725e-05 6.55e-06 1.08e-05 1.135e-05 1.56e-05 1.12e-05 1.5e-05 9.5e-06 1.01e-05 1.28e-05 2.45e-06 1.535e-05 7.9e-06 1.66e-05 1.61e-05 1.65e-05 1.06e-05 1.785e-05 1.34e-05 7.05e-06
31 1.7e-05 1.225e-05 1.37e-05 1.555e-05 1.255e-05 1.205e-05 1.6e-05 1.22e-05 1.255e-05 1.74e-05 1.735e-05 1.655e-05 1.315e-05 1.245e-05 1.375e-05 1.535e-05 1.625e-05 1.71e-05 1.7e-05 1.815e-05 1.32e-05 1.65e-05 1.29e-05 1.83e-05 1.735e-05 1.785e-05 1.185e-05 1.825e-05 1.315e-05 1.655e-05 1.705e-05 1.35e-05 8.75e-06 1.09e-05 1.435e-05 1.875e-05 1.335e-05 1.68e-05 1.23e-05 1.745e-05 1.59e-05 1.69e-05 1.48e-05 1.185e-05 1.76e-05 1.77e-05 1.785e-05 1.07e-05 1.285e-05 1.52e-05 1.505e-05 9.6e-06 1.795e-05 1.745e-05 1.655e-05 1.72e-05 1.23e-05 1.74e-05 1.39e-05 1.26e-05 1.745e-05 1.56e-05 1.785e-05 1.47e-05 1.48e-05 1.795e-05 1.475e-05 1.28e-05 1.82e-05 1.46e-05 1.64e-05 1.175e-05 1.48e-05 1.735e-05 1.7e-05 1.8e-05 1.31e-05 1.375e-05 1.415e-05 1.18e-05 1.425e-05 1.75e-05 1.395e-05 1.755e-05 1.785e-05 1.595e-05 8.1e-06 1.62e-05 1.265e-05 1.805e-05 1.675e-05 1.53e-05 1.685e-05 1.605e-05 1.725e-05 1.805e-05 1.835e-05 1.26e-05 1.65e-05 1.84e-05
32 1.725e-05 1.47e-05 1.09e-05 1.36e-05 1.63e-05 1.485e-05 1.73e-05 1.34e-05 1.48e-05 1.855e-05 1.61e-05 1.71e-05 1.55e-05 1.375e-05 1.005e-05 1.34e-05 1.455e-05 1.985e-05 1.92e-05 1.84e-05 1.34e-05 1.41e-05 1.31e-05 1.82e-05 1.61e-05 1.565e-05 1.365e-05 1.66e-05 1.075e-05 1.55e-05 1.755e-05 8.75e-06 1.04e-05 1.305e-05 1.045e-05 2.065e-05 1.175e-05 1.665e-05 1.125e-05 1.635e-05 1.755e-05 1.65e-05 1.41e-05 1.1e-05 2.045e-05 1.715e-05 1.55e-05 9.35e-06 1.255e-05 1.59e-05 1.445e-05 1.07e-05 1.775e-05 1.74e-05 1.79e-05 1.855e-05 1.36e-05 1.615e-05 1.115e-05 1.39e-05 1.93e-05 1.68e-05 1.94e-05 1.145e-05 1.73e-05 1.89e-05 1.345e-05 1.26e-05 1.8e-05 1.405e-05 1.72e-05 1.44e-05 1.645e-05 1.61e-05 1.72e-05 1.66e-05 1.33e-05 1.095e-05 1.535e-05 1.405e-05 1.03e-05 1.78e-05 1.115e-05 1.94e-05 1.55e-05 1.775e-05 1.085e-05 1.7e-05 1.245e-05 1.54e-05 1.66e-05 1.365e-05 1.435e-05 1.31e-05 1.815e-05 1.64e-05 1.815e-05 1.49e-05 1.705e-05 1.775e-05
33 1.8e-05 1.235e-05 1.635e-05 1.84e-05 1.42e-05 1.035e-05 1.54e-05 7.25e-06 1.675e-05 1.65e-05 1.875e-05 1.72e-05 1.1e-05 1.115e-05 1.75e-05 1.82e-05 1.785e-05 1.46e-05 1.445e-05 1.92e-05 1.345e-05 1.935e-05 1.315e-05 2.02e-05 1.875e-05 2.08e-05 1.54e-05 2.14e-05 1.625e-05 1.73e-05 1.605e-05 1.09e-05 1.305e-05 1.08e-05 1.855e-05 1.66e-05 1.455e-05 1.665e-05 1.4e-05 1.875e-05 1.5e-05 1.775e-05 1.6e-05 1.335e-05 1.67e-05 1.93e-05 2.08e-05 1.225e-05 1.27e-05 1.11e-05 1.79e-05 9.15e-06 1.85e-05 1.685e-05 1.6e-05 1.555e-05 1.1e-05 1.88e-05 1.66e-05 1.135e-05 1.465e-05 1.555e-05 1.6e-05 1.91e-05 9.35e-06 1.62e-05 1.74e-05 1.32e-05 1.875e-05 1.72e-05 1.64e-05 1.42e-05 1.085e-05 1.875e-05 1.74e-05 1.925e-05 1.34e-05 1.64e-05 1.365e-05 1.07e-05 1.845e-05 1.765e-05 1.66e-05 1.455e-05 2.08e-05 1.14e-05 5.7e-06 1.62e-05 1.305e-05 2.07e-05 1.66e-05 1.42e-05 1.97e-05 1.905e-05 1.785e-05 2.12e-05 1.89e-05 1.685e-05 1.715e-05 1.71e-05
34 1.32e-05 1.75e-05 1.215e-05 1.15e-05 1.76e-05 1.79e-05 1.69e-05 1.83e-05 1.255e-05 1.83e-05 1.225e-05 1.43e-05 1.855e-05 1.715e-05 9.55e-06 1.15e-05 1.29e-05 1.875e-05 1.975e-05 1.255e-05 1.29e-05 7.75e-06 1.27e-05 1.255e-05 1.23e-05 8e-06 1.35e-05 8.9e-06 1.22e-05 1.36e-05 1.74e-05 1.435e-05 1.045e-05 1.855e-05 1.52e-05 1.795e-05 1.44e-05 1.675e-05 1.38e-05 1.255e-05 1.875e-05 1.45e-05 1.61e-05 1.505e-05 1.805e-05 1.335e-05 8.35e-06 1.265e-05 1.595e-05 1.81e-05 1.165e-05 1.51e-05 1.37e-05 1.53e-05 1.765e-05 1.72e-05 1.7e-05 1.23e-05 1.24e-05 1.73e-05 1.915e-05 1.6e-05 1.89e-05 8.85e-06 2.015e-05 1.67e-05 1.065e-05 1.645e-05 1.395e-05 1.315e-05 1.65e-05 1.605e-05 1.785e-05 1.23e-05 1.38e-05 1.355e-05 1.275e-05 1.22e-05 1.725e-05 1.665e-05 7.8e-06 1.605e-05 1.24e-05 1.92e-05 7.9e-06 1.96e-05 1.755e-05 1.63e-05 1.63e-05 9.4e-06 1.665e-05 1.5e-05 1.36e-05 9.85e-06 1.475e-05 8.8e-06 1.4e-05 1.265e-05 1.445e-05 1.655e-05
35 1.36e-05 1.49e-05 1.585e-05 1.545e-05 1.33e-05 1.5e-05 1.01e-05 1.625e-05 1.61e-05 1.01e-05 1.215e-05 1.32e-05 1.28e-05 1.36e-05 1.79e-05 1.525e-05 1.32e-05 1.06e-05 9.75e-06 1.065e-05 1.58e-05 1.565e-05 1.545e-05 1.35e-05 1.215e-05 1.39e-05 1.605e-05 1.44e-05 1.915e-05 1.285e-05 9.75e-06 1.875e-05 2.065e-05 1.66e-05 1.795e-05 1.48e-05 1.61e-05 1.015e-05 1.74e-05 1.2e-05 1.11e-05 1.32e-05 1.3e-05 1.495e-05 1.05e-05 1.24e-05 1.435e-05 1.84e-05 1.365e-05 1.31e-05 1.6e-05 1.81e-05 1.12e-05 1.23e-05 1.17e-05 1.18e-05 1.345e-05 1.22e-05 1.605e-05 1.375e-05 1.025e-05 1.505e-05 9.05e-06 1.82e-05 1.485e-05 9.6e-06 1.58e-05 1.425e-05 1.145e-05 1.44e-05 1.345e-05 1.395e-05 1.64e-05 1.215e-05 1.37e-05 1.36e-05 1.57e-05 1.59e-05 1.395e-05 1.665e-05 1.78e-05 1.135e-05 1.61e-05 1.005e-05 1.41e-05 1.375e-05 1.705e-05 1.325e-05 1.41e-05 1.445e-05 1.02e-05 1.715e-05 1.415e-05 1.715e-05 1.385e-05 1.42e-05 1.165e-05 1.62e-05 1.31e-05 1.02e-05
36 1.575e-05 1.615e-05 1.335e-05 1.21e-05 1.63e-05 1.52e-05 1.485e-05 1.44e-05 1.665e-05 1.365e-05 1.31e-05 1.485e-05 1.4e-05 1.28e-05 1.445e-05 1.19e-05 1.23e-05 1.72e-05 1.47e-05 1.62e-05 1.395e-05 1.4e-05 1.375e-05 1.495e-05 1.32e-05 1.41e-05 1.61e-05 1.5e-05 1.435e-05 1.295e-05 1.285e-05 1.335e-05 1.175e-05 1.455e-05 1.44e-05 1.61e-05 1.7e-05 1.225e-05 1.4e-05 1.325e-05 1.38e-05 1.375e-05 1.09e-05 1.065e-05 1.795e-05 1.405e-05 1.385e-05 1.425e-05 1.135e-05 1.395e-05 1.715e-05 1.585e-05 1.44e-05 1.385e-05 1.48e-05 1.46e-05 1.265e-05 1.32e-05 1.355e-05 1.295e-05 1.54e-05 1.48e-05 1.415e-05 1.525e-05 1.615e-05 1.56e-05 1.635e-05 1.045e-05 1.465e-05 1.685e-05 1.4e-05 1.495e-05 1.57e-05 1.32e-05 1.555e-05 1.7e-05 1.38e-05 1.34e-05 1.32e-05 1.43e-05 1.44e-05 1.325e-05 1.36e-05 1.545e-05 1.42e-05 1.58e-05 1.335e-05 1.38e-05 1.03e-05 1.295e-05 1.235e-05 1.54e-05 1.365e-05 1.4e-05 1.63e-05 1.49e-05 1.47e-05 1.675e-05 1.49e-05 1.23e-05
37 1.475e-05 1.355e-05 9.2e-06 1.295e-05 1.245e-05 1.48e-05 6.6e-06 1.34e-05 1.775e-05 3.6e-06 7.75e-06 1.305e-05 1.08e-05 7.8e-06 1.39e-05 1.275e-05 6.65e-06 1.275e-05 1e-05 1.305e-05 1.55e-05 1.64e-05 1.52e-05 1.445e-05 7.7e-06 1.53e-05 1.41e-05 1.625e-05 1.675e-05 8.6e-06 2.2e-06 1.68e-05 1.665e-05 1.665e-05 1.675e-05 1.015e-05 1.225e-05 3e-07 1.39e-05 8e-06 5.5e-06 1e-05 5.45e-06 7.7e-06 1.295e-05 8.8e-06 1.465e-05 1.61e-05 1.215e-05 9.05e-06 1.785e-05 1.69e-05 1.06e-05 1.34e-05 7.4e-06 1.325e-05 7.7e-06 7.8e-06 9.4e-06 8e-06 1.205e-05 1.485e-05 5.25e-06 1.78e-05 1.535e-05 7.5e-06 1.685e-05 9.25e-06 1.085e-05 1.53e-05 9.05e-06 9.35e-06 1.78e-05 7.75e-06 1.51e-05 1.375e-05 1.54e-05 9.15e-06 1.23e-05 1.635e-05 1.665e-05 6.05e-06 9.45e-06 1.205e-05 1.515e-05 1.23e-05 1.54e-05 8.85e-06 9.15e-06 1.265e-05 5.5e-07 1.535e-05 6.55e-06 1.58e-05 1.605e-05 1.605e-05 1.1e-05 1.785e-05 1.3e-05 7.55e-06
38 1.645e-05 1.395e-05 1.23e-05 1.45e-05 1.44e-05 1.345e-05 1.59e-05 1.59e-05 1.54e-05 1.475e-05 1.53e-05 1.675e-05 1.325e-05 1.235e-05 1.24e-05 1.43e-05 1.39e-05 1.765e-05 1.635e-05 1.765e-05 1.395e-05 1.655e-05 1.365e-05 1.665e-05 1.53e-05 1.68e-05 1.35e-05 1.745e-05 1.345e-05 1.415e-05 1.41e-05 1.23e-05 1.125e-05 1.4e-05 1.38e-05 1.74e-05 1.4e-05 1.39e-05 2.11e-05 1.555e-05 1.525e-05 1.48e-05 1.305e-05 1.285e-05 1.775e-05 1.605e-05 1.64e-05 1.115e-05 1.385e-05 1.55e-05 1.545e-05 1.085e-05 1.61e-05 1.645e-05 1.515e-05 1.61e-05 1.22e-05 1.535e-05 1.26e-05 1.255e-05 1.645e-05 1.665e-05 1.51e-05 1.455e-05 1.715e-05 1.625e-05 1.475e-05 1.385e-05 1.635e-05 1.53e-05 1.53e-05 1.335e-05 1.69e-05 1.53e-05 1.685e-05 1.465e-05 1.39e-05 1.235e-05 1.425e-05 1.355e-05 1.37e-05 1.46e-05 1.255e-05 1.655e-05 1.665e-05 1.63e-05 1.085e-05 1.51e-05 1.37e-05 1.56e-05 1.4e-05 1.395e-05 1.23e-05 1.47e-05 1.75e-05 1.725e-05 1.65e-05 1.55e-05 1.67e-05 1.535e-05
39 1.17e-05 1.655e-05 1.235e-05 1.05e-05 1.555e-05 1.655e-05 1.085e-05 1.68e-05 1.435e-05 1.02e-05 8e-06 1.155e-05 1.495e-05 1.305e-05 1.335e-05 1.015e-05 9.2e-06 1.39e-05 1.385e-05 9.65e-06 1.315e-05 9.6e-06 1.31e-05 1.08e-05 7.9e-06 8.15e-06 1.45e-05 8.85e-06 1.595e-05 1.045e-05 9.15e-06 1.745e-05 1.635e-05 1.875e-05 1.255e-05 1.2e-05 1.325e-05 8e-06 1.555e-05 1.57e-05 1.14e-05 1.145e-05 1.01e-05 1.195e-05 1.34e-05 8.9e-06 8.4e-06 1.655e-05 1.43e-05 1.365e-05 1.45e-05 1.865e-05 9.95e-06 1.26e-05 1.16e-05 1.39e-05 1.29e-05 8.1e-06 1.255e-05 1.315e-05 1.455e-05 1.38e-05 1.12e-05 1.345e-05 1.765e-05 1.045e-05 1.35e-05 1.32e-05 1.02e-05 1.455e-05 1.17e-05 1.35e-05 1.74e-05 7.85e-06 1.21e-05 1.315e-05 1.32e-05 1.245e-05 1.395e-05 1.655e-05 1.255e-05 9.95e-06 1.265e-05 1.455e-05 8e-06 1.605e-05 1.81e-05 1.155e-05 1.305e-05 8.35e-06 8.05e-06 1.64e-05 1.07e-05 1.14e-05 1.305e-05 8.9e-06 1.025e-05 1.445e-05 1.16e-05 1.1e-05
40 1.5e-05 1.095e-05 1.28e-05 1.495e-05 1.245e-05 1.305e-05 8.7e-06 1.305e-05 1.735e-05 7.45e-06 1.135e-05 1.13e-05 1.06e-05 9.45e-06 1.7e-05 1.475e-05 1.065e-05 9.5e-06 9e-06 1.335e-05 1.55e-05 1.86e-05 1.52e-05 1.61e-05 1.135e-05 1.715e-05 1.54e-05 1.765e-05 1.74e-05 1.185e-05 6.65e-06 1.59e-05 1.755e-05 1.5e-05 1.875e-05 1.11e-05 1.38e-05 5.5e-06 1.525e-05 1.14e-05 1.07e-05 1.265e-05 8.85e-06 1.025e-05 1.15e-05 1.18e-05 1.705e-05 1.59e-05 1.37e-05 1.1e-05 1.76e-05 1.605e-05 1.24e-05 1.38e-05 9.25e-06 1.375e-05 9.3e-06 1.14e-05 1.3e-05 9.6e-06 1.21e-05 1.25e-05 7.9e-06 1.92e-05 1.36e-05 9.5e-06 1.72e-05 1.105e-05 1.265e-05 1.5e-05 1.05e-05 1.115e-05 1.6e-05 1.135e-05 1.45e-05 1.55e-05 1.54e-05 1.285e-05 1.125e-05 1.42e-05 1.865e-05 9.9e-06 1.305e-05 1.215e-05 1.715e-05 1.315e-05 1.34e-05 1.03e-05 1.09e-05 1.605e-05 5.55e-06 1.705e-05 1.15e-05 1.59e-05 1.485e-05 1.745e-05 1.28e-05 1.745e-05 1.125e-05 1.16e-05
