 slim_337699641 slim_337699621 slim_337699309 slim_337699619 slim_337699530 slim_337699584 slim_337699523 slim_337699559 slim_337699508 slim_337699558 slim_337699499 slim_337699585 slim_337699509 slim_337699603 slim_337699643 slim_337699582 slim_337699528 slim_337699242 slim_337699590 slim_337699066 slim_337699655 slim_337699650 slim_337699627 slim_337699562 slim_337699636 slim_337698955 slim_337699604 slim_337699522 slim_337699633 slim_337699567 slim_337699493 slim_337699384 slim_337699542 slim_337699624 slim_337699552 slim_337699632 slim_337699311 slim_337699609 slim_337699638 slim_337699635 slim_337699515 slim_337699480 slim_337699510 slim_337699403 slim_337699649 slim_337699589 slim_337699535 slim_337699521 slim_337699640 slim_337699651 slim_337699580 slim_337699511 slim_337699623 slim_337699634 slim_337699647 slim_337699587 slim_337699613 slim_337699625 slim_337699537 slim_337699654 slim_337699459 slim_337699393 slim_337699598 slim_337699388 slim_337699174 slim_337699577 slim_337699581 slim_337699608 slim_337699620 slim_337699591 slim_337699464 slim_337699611 slim_337699203 slim_337699653 slim_337699556 slim_337699478 slim_337699578 slim_337699592 slim_337699555 slim_337699543 slim_337699566 slim_337699514 slim_337699596 slim_337699599 slim_337699642 slim_337699329 slim_337699487 slim_337699610 slim_337699575 slim_337699536 slim_337699629 slim_337699630 slim_337699614 slim_337699533 slim_337699489 slim_337699652 slim_337699441 slim_337699517 slim_337699539 slim_337699639
0 5.2e-06 1.15e-05 1.08e-05 1.1e-05 1.085e-05 1e-05 7.35e-06 1.22e-05 9.5e-06 9.15e-06 1.11e-05 1.075e-05 9.05e-06 7.9e-06 1.08e-05 7.4e-06 1.045e-05 1.165e-05 1.025e-05 1.125e-05 7.7e-06 1.055e-05 1.265e-05 8.6e-06 1.005e-05 7.65e-06 5.25e-06 1.135e-05 1.02e-05 7.45e-06 1.06e-05 8.35e-06 1.08e-05 7.45e-06 1.27e-05 9.2e-06 1.045e-05 1.11e-05 1.205e-05 1.145e-05 6.65e-06 5.95e-06 8.35e-06 9.25e-06 8.2e-06 1.07e-05 1.105e-05 1.075e-05 7.5e-06 8.65e-06 1.12e-05 1.205e-05 7.2e-06 8.2e-06 1.11e-05 1.04e-05 1.075e-05 9.55e-06 5.8e-06 7e-06 1.045e-05 5e-06 7.1e-06 1.06e-05 1.055e-05 6.1e-06 9.6e-06 9.15e-06 1.12e-05 1.195e-05 9.05e-06 1.225e-05 8.9e-06 9.85e-06 9.75e-06 1.06e-05 9.5e-06 8.25e-06 1.105e-05 9.15e-06 6.1e-06 8.4e-06 8.55e-06 1.065e-05 1.135e-05 8.35e-06 1.1e-05 1.135e-05 8.8e-06 1.16e-05 8.1e-06 1.145e-05 7.45e-06 1.235e-05 6e-06 1.07e-05 1.035e-05 9.95e-06 1.1e-05 8.4e-06
1 1.15e-05 7.2e-06 1.14e-05 1.175e-05 1.125e-05 7.7e-06 1.03e-05 9.95e-06 1.005e-05 9e-06 4.4e-06 1.045e-05 1.01e-05 1.305e-05 1.16e-05 1.035e-05 9e-06 8.85e-06 9.25e-06 8.75e-06 1.2e-05 1.155e-05 1.285e-05 1.18e-05 8.6e-06 1.25e-05 9.05e-06 1.365e-05 7e-06 1.285e-05 1.295e-05 1.08e-05 1.07e-05 1.14e-05 1.31e-05 5.8e-06 6.35e-06 3.85e-06 1.2e-05 6.8e-06 8.3e-06 1.155e-05 9.65e-06 9.7e-06 1.3e-05 1.09e-05 3.75e-06 1.2e-05 1.255e-05 1.055e-05 3.9e-06 8.35e-06 9.8e-06 1.035e-05 3.95e-06 6.8e-06 8.05e-06 1.18e-05 1.095e-05 7.15e-06 7.5e-06 1.16e-05 9.7e-06 1.305e-05 1.19e-05 1.06e-05 1.37e-05 8.2e-06 1.19e-05 8.35e-06 7.8e-06 1.27e-05 1.11e-05 1.405e-05 8.55e-06 1.1e-05 1.145e-05 1.12e-05 1.08e-05 9.85e-06 9.7e-06 1.085e-05 1.185e-05 1.325e-05 5.3e-06 1.325e-05 3.75e-06 8e-06 1.35e-05 8.1e-06 1.05e-05 7.6e-06 1.25e-05 1.14e-05 1.06e-05 1.11e-05 6.35e-06 9.6e-06 3.7e-06 1.085e-05
2 1.08e-05 1.14e-05 6.8e-06 4.25e-06 7.3e-06 1.17e-05 1.24e-05 7.95e-06 9.7e-06 1.025e-05 1.345e-05 6.8e-06 8.45e-06 1.19e-05 4.5e-06 9.45e-06 1.225e-05 8.6e-06 1.03e-05 8e-06 7.05e-06 5.3e-06 4.15e-06 7.95e-06 1.16e-05 1.04e-05 9.7e-06 7.6e-06 1.105e-05 1.155e-05 6.95e-06 1.01e-05 6.45e-06 6.7e-06 4.9e-06 1.335e-05 1.035e-05 1.34e-05 7.6e-06 1.12e-05 9.75e-06 8.1e-06 8.6e-06 6.5e-06 1.065e-05 8.1e-06 1.335e-05 9.75e-06 8.15e-06 1.05e-05 1.35e-05 8.2e-06 1.21e-05 1.135e-05 1.34e-05 1.11e-05 9.75e-06 1.01e-05 1.1e-05 1.145e-05 9.05e-06 1.045e-05 1.2e-05 8.1e-06 4.4e-06 6.95e-06 9.85e-06 1.235e-05 4.2e-06 8.65e-06 1.1e-05 5.4e-06 1.055e-05 1.055e-05 1.285e-05 7.05e-06 9.6e-06 1.08e-05 6.3e-06 1.15e-05 8.85e-06 1.015e-05 8e-06 8.55e-06 1.31e-05 1.105e-05 1.33e-05 9.7e-06 1.09e-05 8.7e-06 9.9e-06 1.22e-05 8.1e-06 6.5e-06 7e-06 7.15e-06 1.08e-05 1.15e-05 1.33e-05 1.015e-05
3 1.1e-05 1.175e-05 4.25e-06 7.5e-06 7.6e-06 1.2e-05 1.26e-05 8.35e-06 9.8e-06 1.06e-05 1.37e-05 7.15e-06 8.8e-06 1.215e-05 4.65e-06 9.7e-06 1.25e-05 8.85e-06 1.04e-05 8.35e-06 7.6e-06 5.45e-06 4.5e-06 8.1e-06 1.19e-05 1.07e-05 1e-05 7.6e-06 1.15e-05 1.18e-05 7.25e-06 1.045e-05 6.8e-06 6.95e-06 4.95e-06 1.355e-05 1.07e-05 1.365e-05 7.85e-06 1.145e-05 1e-05 8.4e-06 9.05e-06 6.85e-06 1.095e-05 8.35e-06 1.36e-05 9.9e-06 8.35e-06 1.075e-05 1.375e-05 8.45e-06 1.235e-05 1.16e-05 1.365e-05 1.14e-05 1.005e-05 1.03e-05 1.125e-05 1.17e-05 9.4e-06 1.07e-05 1.225e-05 8.4e-06 4.4e-06 7.2e-06 1.005e-05 1.26e-05 4.6e-06 9e-06 1.13e-05 5.55e-06 1.09e-05 1.07e-05 1.31e-05 7.35e-06 1e-05 1.11e-05 6.7e-06 1.195e-05 9.3e-06 1.05e-05 8.05e-06 8.8e-06 1.335e-05 1.13e-05 1.355e-05 9.85e-06 1.105e-05 8.95e-06 1.035e-05 1.245e-05 8.3e-06 6.85e-06 7.5e-06 7.45e-06 1.125e-05 1.18e-05 1.355e-05 1.05e-05
4 1.085e-05 1.125e-05 7.3e-06 7.6e-06 1.14e-05 9e-06 1.23e-05 8.2e-06 9.4e-06 1.055e-05 1.235e-05 8.85e-06 1.055e-05 1.16e-05 7.1e-06 9.8e-06 1.23e-05 9.3e-06 1.03e-05 8.95e-06 8.7e-06 7.3e-06 6.35e-06 1.02e-05 1.19e-05 1.07e-05 9.85e-06 9.65e-06 1.11e-05 1.205e-05 8.9e-06 1.06e-05 7.8e-06 8.15e-06 7.35e-06 1.245e-05 1.005e-05 1.23e-05 8.25e-06 1.065e-05 9.35e-06 9.85e-06 9.55e-06 8.7e-06 1.175e-05 7.5e-06 1.225e-05 9.55e-06 8.95e-06 1.065e-05 1.24e-05 8.35e-06 1.055e-05 1.035e-05 1.23e-05 8.35e-06 1.02e-05 9.25e-06 8.55e-06 1.125e-05 1.055e-05 1.105e-05 1.045e-05 9.05e-06 7.65e-06 9.25e-06 1.205e-05 1.205e-05 7.75e-06 9.6e-06 1.13e-05 6.1e-06 1.025e-05 1.245e-05 1.175e-05 6e-06 1.07e-05 8.9e-06 8.05e-06 1.245e-05 9.75e-06 1.065e-05 1e-05 8.75e-06 1.15e-05 1.19e-05 1.22e-05 9.2e-06 1.245e-05 9.25e-06 1.07e-05 1.16e-05 8.9e-06 8e-06 8.95e-06 6.05e-06 1.08e-05 1.18e-05 1.22e-05 1.065e-05
5 1e-05 7.7e-06 1.17e-05 1.2e-05 9e-06 9.6e-06 1.005e-05 9.6e-06 1e-05 9.3e-06 6.65e-06 1.025e-05 1.025e-05 1.135e-05 1.17e-05 9.85e-06 9.95e-06 1.005e-05 9.85e-06 8.9e-06 1.145e-05 1.115e-05 1.315e-05 1.175e-05 1e-05 1.105e-05 8.75e-06 1.33e-05 8.65e-06 1.185e-05 1.28e-05 1.035e-05 1.085e-05 1.11e-05 1.31e-05 7.7e-06 7.8e-06 7.1e-06 1.19e-05 8.35e-06 7.2e-06 1.035e-05 9.2e-06 9.65e-06 1.235e-05 9.9e-06 7.05e-06 1.11e-05 1.155e-05 1e-05 7.2e-06 9.85e-06 8.15e-06 9.1e-06 7.1e-06 5.85e-06 1.005e-05 9.3e-06 7.5e-06 8.4e-06 9.05e-06 1.07e-05 8.05e-06 1.21e-05 1.19e-05 1.01e-05 1.33e-05 9.35e-06 1.205e-05 1.02e-05 9.2e-06 1.25e-05 9.95e-06 1.34e-05 9e-06 8.75e-06 1.125e-05 8.35e-06 1.11e-05 1.13e-05 9.5e-06 1.04e-05 1.125e-05 1.215e-05 5.85e-06 1.205e-05 7e-06 9.35e-06 1.285e-05 9.85e-06 1.03e-05 9.05e-06 1.15e-05 1.15e-05 1e-05 8.85e-06 8.2e-06 8.85e-06 7e-06 1.04e-05
6 7.35e-06 1.03e-05 1.24e-05 1.26e-05 1.23e-05 1.005e-05 1.05e-05 1.23e-05 8.75e-06 9.3e-06 9.9e-06 1.165e-05 9.5e-06 6.8e-06 1.235e-05 9.35e-06 9.3e-06 1.175e-05 9.2e-06 1.13e-05 1.03e-05 1.165e-05 1.41e-05 9.25e-06 9.3e-06 8.05e-06 8.15e-06 1.135e-05 1.06e-05 5.3e-06 1.115e-05 8.25e-06 1.24e-05 9.9e-06 1.36e-05 7.6e-06 1.045e-05 9.95e-06 1.3e-05 1.095e-05 7.95e-06 9.6e-06 1.045e-05 1.095e-05 7.25e-06 1.23e-05 9.9e-06 1.03e-05 1.105e-05 8.4e-06 1.005e-05 1.19e-05 9.4e-06 8.5e-06 9.95e-06 1.025e-05 1.06e-05 9.95e-06 9.35e-06 8.15e-06 1.07e-05 5.8e-06 9.3e-06 1.115e-05 1.225e-05 8.65e-06 9.1e-06 7.6e-06 1.275e-05 1.21e-05 9.05e-06 1.325e-05 9.6e-06 8.8e-06 9e-06 1.205e-05 1.02e-05 8e-06 1.265e-05 9.1e-06 8.95e-06 8.35e-06 9.35e-06 1.12e-05 1.015e-05 6.7e-06 9.85e-06 1.105e-05 7.4e-06 1.175e-05 8.7e-06 1.11e-05 1.1e-05 1.315e-05 8.65e-06 1.215e-05 1.075e-05 9.1e-06 9.85e-06 8.2e-06
7 1.22e-05 9.95e-06 7.95e-06 8.35e-06 8.2e-06 9.6e-06 1.23e-05 1.38e-05 9.8e-06 1.1e-05 1.115e-05 9.5e-06 1.085e-05 1.32e-05 8.5e-06 1.05e-05 1.215e-05 9.35e-06 9.8e-06 8.5e-06 9.8e-06 8.65e-06 7.5e-06 1.11e-05 1.19e-05 1.24e-05 1.085e-05 1.055e-05 1.08e-05 1.305e-05 1.01e-05 1.17e-05 9e-06 9.25e-06 8.1e-06 1.135e-05 1.005e-05 1.11e-05 9.45e-06 1.025e-05 1.035e-05 1.115e-05 1.03e-05 9.75e-06 1.285e-05 9.7e-06 1.105e-05 1.065e-05 1.04e-05 1.175e-05 1.12e-05 8.75e-06 1.005e-05 1.195e-05 1.11e-05 9.15e-06 9.5e-06 1.105e-05 1.075e-05 1.115e-05 1.04e-05 1.205e-05 1e-05 1.045e-05 8.35e-06 1.02e-05 1.31e-05 1.195e-05 8.5e-06 9.15e-06 1.13e-05 8.05e-06 1.195e-05 1.35e-05 1.225e-05 7.95e-06 1.19e-05 1.075e-05 8.95e-06 1.235e-05 1.055e-05 1.175e-05 1.115e-05 1.08e-05 1.08e-05 1.285e-05 1.1e-05 9.5e-06 1.34e-05 9.25e-06 1.15e-05 1.12e-05 1.035e-05 8.35e-06 1.005e-05 8.05e-06 1.05e-05 1.165e-05 1.1e-05 1.175e-05
8 9.5e-06 1.005e-05 9.7e-06 9.8e-06 9.4e-06 1e-05 8.75e-06 9.8e-06 1.32e-05 1.04e-05 1.015e-05 1.04e-05 1.035e-05 1.15e-05 9.35e-06 9.45e-06 1.16e-05 9.45e-06 7.55e-06 9e-06 9.15e-06 8.55e-06 8.95e-06 1.11e-05 1.145e-05 1.14e-05 9.4e-06 1.11e-05 1.075e-05 1.095e-05 1.075e-05 1.09e-05 9.9e-06 8.55e-06 9.25e-06 8.4e-06 1.03e-05 1.02e-05 9.8e-06 1.01e-05 8.95e-06 1.04e-05 1.08e-05 1.06e-05 1.2e-05 9.6e-06 1.015e-05 1e-05 9.7e-06 1.08e-05 1.03e-05 9.1e-06 1.04e-05 1.075e-05 1.02e-05 1e-05 8.75e-06 1.185e-05 1.025e-05 9.35e-06 1.055e-05 9.65e-06 1.03e-05 1.075e-05 9.65e-06 9.45e-06 1.31e-05 1.045e-05 1.005e-05 9.8e-06 1.05e-05 7.7e-06 1.155e-05 1.305e-05 1.115e-05 9.45e-06 1.215e-05 1.055e-05 1.015e-05 1.16e-05 9.85e-06 1.095e-05 1.12e-05 1.05e-05 1.02e-05 1.17e-05 1.01e-05 8.35e-06 1.23e-05 9.45e-06 1.085e-05 1.075e-05 9.65e-06 9.75e-06 9.35e-06 9.55e-06 1.07e-05 1.12e-05 1.01e-05 1.095e-05
9 9.15e-06 9e-06 1.025e-05 1.06e-05 1.055e-05 9.3e-06 9.3e-06 1.1e-05 1.04e-05 1.14e-05 8.8e-06 1.005e-05 7.7e-06 9.65e-06 1.015e-05 9.45e-06 8.95e-06 9e-06 1e-05 9.85e-06 9.95e-06 1.055e-05 1.165e-05 9.45e-06 8.45e-06 8.4e-06 7.65e-06 1.075e-05 7.7e-06 9.55e-06 9.9e-06 7.6e-06 8.5e-06 9.55e-06 1.18e-05 8.7e-06 7.1e-06 8.3e-06 1.155e-05 9.35e-06 7.35e-06 9.7e-06 6.65e-06 7.45e-06 9.05e-06 9.45e-06 8.25e-06 1.05e-05 1.075e-05 8.2e-06 8.4e-06 1e-05 1.025e-05 8.55e-06 8.2e-06 9.05e-06 1.035e-05 9.7e-06 9.75e-06 8.2e-06 9.05e-06 8.75e-06 1.015e-05 1.08e-05 1.06e-05 8.7e-06 9.4e-06 8.8e-06 1.07e-05 1.005e-05 7.7e-06 1.175e-05 7.95e-06 9.7e-06 9.05e-06 1.03e-05 7.5e-06 9.5e-06 8.75e-06 9.5e-06 7.3e-06 7.65e-06 9.4e-06 1.085e-05 9.25e-06 9.3e-06 8.2e-06 9.95e-06 9.8e-06 9.7e-06 7.7e-06 1.005e-05 1.07e-05 1.115e-05 8.4e-06 1.04e-05 7.4e-06 8.85e-06 8.2e-06 7.8e-06
10 1.11e-05 4.4e-06 1.345e-05 1.37e-05 1.235e-05 6.65e-06 9.9e-06 1.115e-05 1.015e-05 8.8e-06 2.7e-06 1.18e-05 1.04e-05 1.325e-05 1.33e-05 1.095e-05 8.1e-06 8.9e-06 9.15e-06 8.85e-06 1.28e-05 1.29e-05 1.5e-05 1.315e-05 7.95e-06 1.28e-05 8.8e-06 1.495e-05 5.9e-06 1.31e-05 1.445e-05 1.085e-05 1.165e-05 1.24e-05 1.48e-05 4.15e-06 5.75e-06 1.65e-06 1.34e-05 6.3e-06 7.05e-06 1.19e-05 9.3e-06 1.035e-05 1.35e-05 1.14e-05 1.35e-06 1.255e-05 1.32e-05 1.03e-05 1.65e-06 8.85e-06 9.5e-06 9.95e-06 1.8e-06 6.35e-06 9.25e-06 1.23e-05 1.065e-05 5.85e-06 7.1e-06 1.17e-05 9.4e-06 1.43e-05 1.365e-05 1.13e-05 1.46e-05 7.2e-06 1.38e-05 8.35e-06 6.9e-06 1.435e-05 1.11e-05 1.47e-05 7.5e-06 1.21e-05 1.185e-05 1.14e-05 1.19e-05 1.105e-05 9.7e-06 1.09e-05 1.295e-05 1.435e-05 3.65e-06 1.36e-05 1.55e-06 7.5e-06 1.405e-05 8e-06 1.035e-05 6.85e-06 1.315e-05 1.315e-05 1.135e-05 1.22e-05 5.25e-06 8.95e-06 1.45e-06 1.09e-05
11 1.075e-05 1.045e-05 6.8e-06 7.15e-06 8.85e-06 1.025e-05 1.165e-05 9.5e-06 1.04e-05 1.005e-05 1.18e-05 9.4e-06 8.1e-06 1.15e-05 6.6e-06 7.3e-06 1.145e-05 1.005e-05 1.085e-05 9.65e-06 8.85e-06 7e-06 8.65e-06 8.8e-06 1.125e-05 1.065e-05 9.6e-06 1.02e-05 1.085e-05 1.125e-05 9.5e-06 1.025e-05 8.8e-06 8.85e-06 9.05e-06 1.19e-05 9.7e-06 1.17e-05 7.7e-06 8.1e-06 9.05e-06 8.2e-06 9.2e-06 7.2e-06 1.1e-05 9.55e-06 1.165e-05 1.065e-05 1.005e-05 1.02e-05 1.18e-05 9.3e-06 1.105e-05 1.06e-05 1.17e-05 9.65e-06 1.05e-05 9.9e-06 1.035e-05 1.07e-05 8.6e-06 1.04e-05 1.095e-05 1.03e-05 7.15e-06 7.45e-06 1.07e-05 1.135e-05 6.8e-06 1.025e-05 1.065e-05 8.75e-06 1.06e-05 1.105e-05 1.175e-05 8.6e-06 1.04e-05 1.015e-05 9.05e-06 1.16e-05 9.6e-06 1.03e-05 8.55e-06 1.035e-05 1.135e-05 1.095e-05 1.16e-05 1.015e-05 1.105e-05 9.9e-06 1.04e-05 9.4e-06 1e-05 6.7e-06 7.7e-06 8.7e-06 1.06e-05 1.105e-05 1.16e-05 1.03e-05
12 9.05e-06 1.01e-05 8.45e-06 8.8e-06 1.055e-05 1.025e-05 9.5e-06 1.085e-05 1.035e-05 7.7e-06 1.04e-05 8.1e-06 1.12e-05 9.45e-06 8.35e-06 9.45e-06 9.9e-06 1.04e-05 9.85e-06 1.02e-05 9.25e-06 8.55e-06 1.105e-05 8.1e-06 9.45e-06 8.35e-06 8.8e-06 1.04e-05 1.01e-05 9.25e-06 9.6e-06 9.45e-06 1.02e-05 9.25e-06 1.12e-05 1.005e-05 9.8e-06 1.03e-05 1.135e-05 1.035e-05 8.5e-06 7.75e-06 8.85e-06 7.85e-06 8.9e-06 1.075e-05 1.025e-05 9.95e-06 1.035e-05 9.2e-06 1.04e-05 1.04e-05 1.03e-05 9.55e-06 1.03e-05 1.005e-05 1.04e-05 9.35e-06 9.95e-06 9.2e-06 8.35e-06 8.6e-06 1.02e-05 1.045e-05 8.8e-06 7.1e-06 8.7e-06 9.65e-06 8.45e-06 1.075e-05 8.7e-06 1.105e-05 9.75e-06 9e-06 1e-05 1.03e-05 9.5e-06 9.65e-06 1.045e-05 1.005e-05 9.05e-06 9.5e-06 7.95e-06 1.05e-05 1.06e-05 9.1e-06 1.02e-05 1.055e-05 9e-06 1.04e-05 9.35e-06 1.115e-05 1.03e-05 1.085e-05 7.35e-06 1.04e-05 1.015e-05 9.55e-06 1.02e-05 9.5e-06
13 7.9e-06 1.305e-05 1.19e-05 1.215e-05 1.16e-05 1.135e-05 6.8e-06 1.32e-05 1.15e-05 9.65e-06 1.325e-05 1.15e-05 9.45e-06 4.4e-06 1.19e-05 1.015e-05 9.05e-06 1.315e-05 1.235e-05 1.285e-05 1.075e-05 1.12e-05 1.365e-05 7.3e-06 9.05e-06 4.35e-06 9.25e-06 9.35e-06 1.25e-05 2.55e-06 9.05e-06 7.2e-06 1.26e-05 1.035e-05 1.31e-05 1.215e-05 1.225e-05 1.32e-05 1.275e-05 1.27e-05 8.5e-06 9.2e-06 1.065e-05 1.11e-05 3.85e-06 1.195e-05 1.315e-05 7.8e-06 1.07e-05 7e-06 1.33e-05 1.305e-05 1.04e-05 5.95e-06 1.32e-05 1.115e-05 1.31e-05 7.8e-06 8.75e-06 1.045e-05 1.205e-05 5.05e-06 1.03e-05 8e-06 1.185e-05 9.05e-06 5.55e-06 7.75e-06 1.225e-05 1.35e-05 9.8e-06 1.285e-05 7.1e-06 5.35e-06 7.8e-06 1.135e-05 8.75e-06 6.05e-06 1.285e-05 9.3e-06 9.95e-06 7.2e-06 6.65e-06 8.15e-06 1.29e-05 3.45e-06 1.31e-05 1.25e-05 4.35e-06 1.315e-05 8.2e-06 1.27e-05 1.065e-05 1.305e-05 8.9e-06 1.145e-05 1.27e-05 8.85e-06 1.31e-05 7.25e-06
14 1.08e-05 1.16e-05 4.5e-06 4.65e-06 7.1e-06 1.17e-05 1.235e-05 8.5e-06 9.35e-06 1.015e-05 1.33e-05 6.6e-06 8.35e-06 1.19e-05 7.4e-06 9.25e-06 1.215e-05 8.75e-06 1.025e-05 8.45e-06 7.35e-06 5.05e-06 4.4e-06 8e-06 1.155e-05 1.045e-05 9.65e-06 8.05e-06 1.125e-05 1.155e-05 7.1e-06 1.01e-05 6.55e-06 6.8e-06 5.55e-06 1.32e-05 1.015e-05 1.32e-05 7.35e-06 1.09e-05 9.6e-06 8.1e-06 8.8e-06 6.55e-06 1.07e-05 7.7e-06 1.315e-05 9.75e-06 8.25e-06 1.04e-05 1.33e-05 7.75e-06 1.215e-05 1.125e-05 1.32e-05 1.095e-05 9.95e-06 1.005e-05 1.105e-05 1.135e-05 9.1e-06 1.045e-05 1.205e-05 8.6e-06 4.8e-06 7e-06 9.8e-06 1.225e-05 4.7e-06 9.05e-06 1.095e-05 4.85e-06 1.055e-05 1.045e-05 1.275e-05 7.2e-06 9.65e-06 1.085e-05 6.8e-06 1.175e-05 9.15e-06 1.015e-05 8.05e-06 8.2e-06 1.285e-05 1.105e-05 1.31e-05 9.3e-06 1.08e-05 8.7e-06 1.02e-05 1.21e-05 8.2e-06 6.8e-06 7.3e-06 7.3e-06 1.1e-05 1.15e-05 1.31e-05 1.015e-05
15 7.4e-06 1.035e-05 9.45e-06 9.7e-06 9.8e-06 9.85e-06 9.35e-06 1.05e-05 9.45e-06 9.45e-06 1.095e-05 7.3e-06 9.45e-06 1.015e-05 9.25e-06 1.13e-05 1.095e-05 1.055e-05 1.005e-05 1.015e-05 8.15e-06 9.3e-06 1.05e-05 9.3e-06 1.07e-05 9.65e-06 6.95e-06 1.105e-05 1.015e-05 9.6e-06 1.03e-05 9.35e-06 9.65e-06 7.9e-06 1.08e-05 1e-05 9.65e-06 1.085e-05 8.75e-06 8.15e-06 7.7e-06 8.9e-06 8.8e-06 8.9e-06 1.005e-05 1e-05 1.08e-05 1.08e-05 9.65e-06 9.6e-06 1.095e-05 1.025e-05 9.8e-06 9.55e-06 1.085e-05 9.7e-06 9.9e-06 1.04e-05 9.05e-06 8.4e-06 1.005e-05 7.6e-06 9.7e-06 1.07e-05 9.55e-06 7.35e-06 1.115e-05 1.01e-05 9.85e-06 1.075e-05 9.75e-06 1.02e-05 1e-05 1.145e-05 1.08e-05 9.55e-06 1.02e-05 9.35e-06 9.9e-06 1.02e-05 7.5e-06 9.4e-06 9.45e-06 1.075e-05 1.095e-05 1.005e-05 1.075e-05 1.025e-05 1.07e-05 1.04e-05 9.25e-06 9.1e-06 9.6e-06 8.1e-06 7.15e-06 9.65e-06 1.01e-05 1.05e-05 1.075e-05 9.4e-06
16 1.045e-05 9e-06 1.225e-05 1.25e-05 1.23e-05 9.95e-06 9.3e-06 1.215e-05 1.16e-05 8.95e-06 8.1e-06 1.145e-05 9.9e-06 9.05e-06 1.215e-05 1.095e-05 1.46e-05 1.09e-05 1.135e-05 1.115e-05 1.195e-05 1.215e-05 1.385e-05 1.03e-05 8.2e-06 8.95e-06 9.5e-06 1.1e-05 8.75e-06 8.75e-06 1.115e-05 9.05e-06 1.145e-05 1.155e-05 1.33e-05 8.7e-06 8.7e-06 7.55e-06 1.285e-05 9.55e-06 8.6e-06 1.09e-05 8.65e-06 1.01e-05 8.7e-06 1.18e-05 7.45e-06 1.11e-05 1.225e-05 7.9e-06 7.6e-06 1.085e-05 1.07e-05 8.9e-06 7.65e-06 9.45e-06 1.155e-05 1.03e-05 1.08e-05 8.7e-06 9.45e-06 9.25e-06 1.06e-05 1.17e-05 1.235e-05 1.04e-05 9.45e-06 8e-06 1.26e-05 1.075e-05 8.05e-06 1.365e-05 9.45e-06 8.8e-06 8.45e-06 1.205e-05 9.5e-06 9.75e-06 1.17e-05 1.005e-05 9.8e-06 9.1e-06 1.02e-05 1.175e-05 9.2e-06 8.05e-06 7.45e-06 1.035e-05 9.35e-06 1.04e-05 9.25e-06 9.85e-06 1.22e-05 1.285e-05 1.03e-05 1.215e-05 8.6e-06 9e-06 7.4e-06 9.1e-06
17 1.165e-05 8.85e-06 8.6e-06 8.85e-06 9.3e-06 1.005e-05 1.175e-05 9.35e-06 9.45e-06 9e-06 8.9e-06 1.005e-05 1.04e-05 1.315e-05 8.75e-06 1.055e-05 1.09e-05 1.43e-05 9.3e-06 8.35e-06 9.75e-06 9.05e-06 8.15e-06 1.125e-05 1.05e-05 1.205e-05 9.65e-06 1.08e-05 8.7e-06 1.3e-05 1.02e-05 1.005e-05 7.55e-06 9.15e-06 8.4e-06 9.5e-06 7.75e-06 8.5e-06 9.8e-06 9.25e-06 9.05e-06 1.11e-05 8.65e-06 8.35e-06 1.265e-05 8.5e-06 8.4e-06 1.07e-05 1.03e-05 1.08e-05 8.55e-06 8.25e-06 1.165e-05 1.105e-05 8.4e-06 9.4e-06 9.35e-06 1.195e-05 1.14e-05 9.55e-06 9.3e-06 1.175e-05 1.155e-05 1.075e-05 8.95e-06 1.015e-05 1.3e-05 1.06e-05 9.05e-06 8.3e-06 9.65e-06 8.4e-06 1.045e-05 1.34e-05 1.09e-05 9.05e-06 1.02e-05 1.165e-05 7.65e-06 1.205e-05 9.2e-06 1.01e-05 1.135e-05 1.095e-05 9.5e-06 1.29e-05 8.4e-06 8.35e-06 1.335e-05 8.1e-06 1e-05 1.005e-05 1.025e-05 9.15e-06 9.95e-06 9.15e-06 8.1e-06 1.11e-05 8.35e-06 1.025e-05
18 1.025e-05 9.25e-06 1.03e-05 1.04e-05 1.03e-05 9.85e-06 9.2e-06 9.8e-06 7.55e-06 1e-05 9.15e-06 1.085e-05 9.85e-06 1.235e-05 1.025e-05 1.005e-05 1.135e-05 9.3e-06 1.12e-05 8.95e-06 9.9e-06 9.9e-06 9.95e-06 1.175e-05 1.12e-05 1.195e-05 1.02e-05 1.185e-05 1.06e-05 1.215e-05 1.13e-05 1.185e-05 1.055e-05 9.25e-06 1e-05 7.75e-06 1.015e-05 9.2e-06 1.065e-05 9.8e-06 1.015e-05 1.1e-05 1.14e-05 1.12e-05 1.265e-05 1.05e-05 9.15e-06 9.2e-06 1.035e-05 1.18e-05 9.3e-06 9.25e-06 1.04e-05 1.16e-05 9.2e-06 9.75e-06 7.4e-06 1.235e-05 1.085e-05 9.25e-06 1.03e-05 1.065e-05 1.03e-05 1.135e-05 1.03e-05 1.01e-05 1.36e-05 1.055e-05 1.065e-05 9.65e-06 1.03e-05 9.45e-06 1.215e-05 1.37e-05 1.09e-05 1e-05 1.275e-05 1.14e-05 1.085e-05 1.155e-05 1.06e-05 1.19e-05 1.17e-05 1.14e-05 9.3e-06 1.255e-05 9.1e-06 8.95e-06 1.315e-05 9.25e-06 1.18e-05 1.045e-05 1.03e-05 1.03e-05 1e-05 1.01e-05 1.055e-05 1.11e-05 9.1e-06 1.19e-05
19 1.125e-05 8.75e-06 8e-06 8.35e-06 8.95e-06 8.9e-06 1.13e-05 8.5e-06 9e-06 9.85e-06 8.85e-06 9.65e-06 1.02e-05 1.285e-05 8.45e-06 1.015e-05 1.115e-05 8.35e-06 8.95e-06 1.38e-05 9.4e-06 8.7e-06 7.5e-06 1.09e-05 1.075e-05 1.18e-05 9.7e-06 1.035e-05 9.25e-06 1.265e-05 9.9e-06 1.075e-05 8.25e-06 8.8e-06 7.95e-06 9.6e-06 8.85e-06 9.2e-06 9.35e-06 9.4e-06 8.85e-06 1.07e-05 9.15e-06 9.05e-06 1.245e-05 9e-06 9.15e-06 1.045e-05 9.9e-06 1.085e-05 9.3e-06 8.3e-06 1.105e-05 1.11e-05 9.2e-06 9.45e-06 8.75e-06 1.16e-05 1.1e-05 9.75e-06 9.5e-06 1.14e-05 1.095e-05 1.03e-05 8.4e-06 9.8e-06 1.27e-05 1.08e-05 8.55e-06 8.2e-06 9.9e-06 8.05e-06 1.105e-05 1.31e-05 1.115e-05 8.7e-06 1.095e-05 1.13e-05 8.2e-06 1.145e-05 9.4e-06 1.08e-05 1.105e-05 1.065e-05 8.75e-06 1.26e-05 9.1e-06 8.55e-06 1.3e-05 8.3e-06 1.03e-05 1.015e-05 9.85e-06 8.45e-06 9.65e-06 8.8e-06 8.85e-06 1e-05 9.1e-06 1.08e-05
20 7.7e-06 1.2e-05 7.05e-06 7.6e-06 8.7e-06 1.145e-05 1.03e-05 9.8e-06 9.15e-06 9.95e-06 1.28e-05 8.85e-06 9.25e-06 1.075e-05 7.35e-06 8.15e-06 1.195e-05 9.75e-06 9.9e-06 9.4e-06 1.15e-05 7.75e-06 7.2e-06 8.9e-06 1.13e-05 9.65e-06 7.35e-06 9.3e-06 1.095e-05 1.01e-05 8.1e-06 9.5e-06 7.6e-06 6.1e-06 7.85e-06 1.165e-05 1.06e-05 1.275e-05 9.15e-06 1.145e-05 8.6e-06 8.45e-06 8.8e-06 8.25e-06 9.95e-06 9.05e-06 1.27e-05 1.03e-05 8.05e-06 1.01e-05 1.285e-05 9.65e-06 1.1e-05 1.05e-05 1.275e-05 1.13e-05 9.8e-06 1.065e-05 9.85e-06 9.4e-06 1.035e-05 7.9e-06 1.09e-05 9.4e-06 7.5e-06 6.85e-06 1.045e-05 1.13e-05 7.4e-06 1.005e-05 1.035e-05 7.55e-06 1.025e-05 1.105e-05 1.21e-05 8.25e-06 9.75e-06 1.015e-05 8.15e-06 1.06e-05 7.4e-06 9.55e-06 9.05e-06 9.45e-06 1.29e-05 1.035e-05 1.265e-05 1.02e-05 1.065e-05 9.5e-06 9.35e-06 1.21e-05 8e-06 8.8e-06 6.5e-06 8.35e-06 1.09e-05 1.12e-05 1.265e-05 9.55e-06
21 1.055e-05 1.155e-05 5.3e-06 5.45e-06 7.3e-06 1.115e-05 1.165e-05 8.65e-06 8.55e-06 1.055e-05 1.29e-05 7e-06 8.55e-06 1.12e-05 5.05e-06 9.3e-06 1.215e-05 9.05e-06 9.9e-06 8.7e-06 7.75e-06 8.9e-06 5.4e-06 8.35e-06 1.18e-05 1.06e-05 9.75e-06 8.65e-06 1.165e-05 1.07e-05 8e-06 1.025e-05 7.6e-06 7.3e-06 6.15e-06 1.275e-05 1.065e-05 1.285e-05 7.7e-06 1.075e-05 8.9e-06 8.2e-06 9.65e-06 7.15e-06 1.085e-05 8.1e-06 1.28e-05 9.35e-06 8.45e-06 1.02e-05 1.295e-05 8.2e-06 1.155e-05 1.065e-05 1.285e-05 1.055e-05 1e-05 1.01e-05 1.045e-05 1.12e-05 9.15e-06 1.005e-05 1.145e-05 8.8e-06 5.5e-06 7.05e-06 1.06e-05 1.165e-05 5.55e-06 9.35e-06 1.12e-05 4.85e-06 1.085e-05 1.095e-05 1.23e-05 7.35e-06 1.065e-05 1.01e-05 7.85e-06 1.235e-05 9.75e-06 1.03e-05 8.4e-06 8.55e-06 1.255e-05 1.08e-05 1.275e-05 8.6e-06 1.075e-05 9e-06 1.035e-05 1.175e-05 8.4e-06 7.3e-06 7.6e-06 7.45e-06 1.14e-05 1.17e-05 1.275e-05 1.03e-05
22 1.265e-05 1.285e-05 4.15e-06 4.5e-06 6.35e-06 1.315e-05 1.41e-05 7.5e-06 8.95e-06 1.165e-05 1.5e-05 8.65e-06 1.105e-05 1.365e-05 4.4e-06 1.05e-05 1.385e-05 8.15e-06 9.95e-06 7.5e-06 7.2e-06 5.4e-06 2.1e-06 9.9e-06 1.32e-05 1.2e-05 1.135e-05 7.25e-06 1.225e-05 1.34e-05 6.55e-06 1.155e-05 5.75e-06 6.4e-06 2.75e-06 1.49e-05 1.165e-05 1.495e-05 6.1e-06 1.21e-05 1.14e-05 1.075e-05 9.85e-06 8.65e-06 1.24e-05 7.15e-06 1.49e-05 9.45e-06 7.85e-06 1.205e-05 1.505e-05 7.35e-06 1.385e-05 1.29e-05 1.495e-05 1.255e-05 9.45e-06 1.21e-05 1.26e-05 1.315e-05 1.155e-05 1.23e-05 1.375e-05 7.8e-06 4.7e-06 9.5e-06 1.2e-05 1.405e-05 4.8e-06 8.15e-06 1.255e-05 2.25e-06 1.19e-05 1.27e-05 1.445e-05 6.5e-06 1.095e-05 1.24e-05 5.7e-06 1.315e-05 1.02e-05 1.16e-05 1.035e-05 7.8e-06 1.465e-05 1.28e-05 1.485e-05 8.95e-06 1.315e-05 8.25e-06 1.125e-05 1.31e-05 7.8e-06 5.35e-06 9.15e-06 6.6e-06 1.2e-05 1.305e-05 1.485e-05 1.16e-05
23 8.6e-06 1.18e-05 7.95e-06 8.1e-06 1.02e-05 1.175e-05 9.25e-06 1.11e-05 1.11e-05 9.45e-06 1.315e-05 8.8e-06 8.1e-06 7.3e-06 8e-06 9.3e-06 1.03e-05 1.125e-05 1.175e-05 1.09e-05 8.9e-06 8.35e-06 9.9e-06 1e-05 9.5e-06 7.15e-06 8.4e-06 8.8e-06 1.165e-05 6.65e-06 7.7e-06 8.3e-06 9.8e-06 8.3e-06 1.01e-05 1.25e-05 1.105e-05 1.31e-05 1.075e-05 1.2e-05 8.8e-06 8.05e-06 9.35e-06 8.1e-06 6.25e-06 1.075e-05 1.305e-05 9.75e-06 9.75e-06 8.5e-06 1.32e-05 1.095e-05 1.11e-05 9e-06 1.31e-05 1.135e-05 1.185e-05 7.7e-06 1.01e-05 1.02e-05 9.95e-06 6.9e-06 1.1e-05 8.95e-06 8.15e-06 6.8e-06 5.75e-06 9.75e-06 8.25e-06 1.155e-05 9.75e-06 1.02e-05 9.05e-06 6.1e-06 1.055e-05 9.95e-06 8.1e-06 8.55e-06 9.95e-06 9.3e-06 8.8e-06 8.35e-06 6.75e-06 9.1e-06 1.3e-05 6.8e-06 1.3e-05 1.165e-05 5.85e-06 1.125e-05 8.9e-06 1.25e-05 9.7e-06 1.05e-05 7.2e-06 1.005e-05 1.17e-05 9.6e-06 1.3e-05 8.35e-06
24 1.005e-05 8.6e-06 1.16e-05 1.19e-05 1.19e-05 1e-05 9.3e-06 1.19e-05 1.145e-05 8.45e-06 7.95e-06 1.125e-05 9.45e-06 9.05e-06 1.155e-05 1.07e-05 8.2e-06 1.05e-05 1.12e-05 1.075e-05 1.13e-05 1.18e-05 1.32e-05 9.5e-06 1.43e-05 8.5e-06 8.85e-06 1.125e-05 8.4e-06 8.9e-06 9.9e-06 8.8e-06 1.08e-05 1.09e-05 1.31e-05 8.55e-06 8.3e-06 7.4e-06 1.26e-05 9.55e-06 8.45e-06 1.055e-05 8.65e-06 9.5e-06 7.85e-06 1.14e-05 7.3e-06 1.095e-05 1.185e-05 8.4e-06 7.45e-06 1.045e-05 1.07e-05 8.75e-06 7.5e-06 9.3e-06 1.115e-05 9.75e-06 1.065e-05 8.3e-06 9.1e-06 9e-06 1.06e-05 1.13e-05 1.18e-05 9.8e-06 8.25e-06 8e-06 1.2e-05 1.035e-05 7.6e-06 1.325e-05 9.05e-06 8.9e-06 8.3e-06 1.165e-05 8.35e-06 9.75e-06 1.105e-05 8.9e-06 9.15e-06 8.85e-06 9.6e-06 1.135e-05 9.05e-06 8.7e-06 7.3e-06 1.02e-05 8.95e-06 1e-05 9e-06 9.85e-06 1.18e-05 1.26e-05 9.35e-06 1.175e-05 8.2e-06 8.75e-06 7.25e-06 8.85e-06
25 7.65e-06 1.25e-05 1.04e-05 1.07e-05 1.07e-05 1.105e-05 8.05e-06 1.24e-05 1.14e-05 8.4e-06 1.28e-05 1.065e-05 8.35e-06 4.35e-06 1.045e-05 9.65e-06 8.95e-06 1.205e-05 1.195e-05 1.18e-05 9.65e-06 1.06e-05 1.2e-05 7.15e-06 8.5e-06 6.5e-06 8.55e-06 8.7e-06 1.11e-05 5.3e-06 7.9e-06 7.5e-06 1.07e-05 9.25e-06 1.195e-05 1.18e-05 1.12e-05 1.275e-05 1.18e-05 1.225e-05 8.9e-06 8.6e-06 8.65e-06 9.4e-06 4.75e-06 1.08e-05 1.27e-05 8.2e-06 9.9e-06 7.3e-06 1.285e-05 1.225e-05 1.045e-05 6.7e-06 1.275e-05 1.11e-05 1.225e-05 7.55e-06 8.7e-06 9.95e-06 1.12e-05 6.15e-06 1.035e-05 7.8e-06 1.05e-05 8.15e-06 5.15e-06 8.9e-06 1.08e-05 1.245e-05 7.95e-06 1.205e-05 6.65e-06 5.35e-06 8.1e-06 1.045e-05 7.35e-06 7.35e-06 1.095e-05 8.35e-06 8.6e-06 7.55e-06 6.4e-06 7.85e-06 1.27e-05 4.95e-06 1.265e-05 1.23e-05 5.55e-06 1.21e-05 7.85e-06 1.235e-05 9.85e-06 1.2e-05 7.85e-06 1.055e-05 1.14e-05 8.1e-06 1.265e-05 7.55e-06
26 5.25e-06 9.05e-06 9.7e-06 1e-05 9.85e-06 8.75e-06 8.15e-06 1.085e-05 9.4e-06 7.65e-06 8.8e-06 9.6e-06 8.8e-06 9.25e-06 9.65e-06 6.95e-06 9.5e-06 9.65e-06 1.02e-05 9.7e-06 7.35e-06 9.75e-06 1.135e-05 8.4e-06 8.85e-06 8.55e-06 6.4e-06 1.115e-05 7.65e-06 8.45e-06 1.015e-05 7.2e-06 8.5e-06 7.1e-06 1.165e-05 8.1e-06 7.5e-06 8.3e-06 1.11e-05 9.3e-06 4.9e-06 7.85e-06 6.35e-06 7.2e-06 8.9e-06 9.1e-06 8.25e-06 1.125e-05 9.15e-06 7.6e-06 8.4e-06 1.01e-05 8.8e-06 7.55e-06 8.25e-06 8.75e-06 1e-05 9.4e-06 7.75e-06 5.9e-06 8.65e-06 5.8e-06 8.7e-06 1.08e-05 9.9e-06 6e-06 9.95e-06 8.25e-06 1.015e-05 9.9e-06 7.7e-06 1.12e-05 8.15e-06 1.05e-05 9.2e-06 9.6e-06 8.05e-06 8.4e-06 8.75e-06 8.95e-06 4.75e-06 7.25e-06 8.75e-06 1.085e-05 9.5e-06 9.3e-06 8.2e-06 9.55e-06 9.5e-06 9.55e-06 6.75e-06 9.75e-06 9.1e-06 1.095e-05 5.85e-06 9.7e-06 7.3e-06 9.25e-06 8.2e-06 7.3e-06
27 1.135e-05 1.365e-05 7.6e-06 7.6e-06 9.65e-06 1.33e-05 1.135e-05 1.055e-05 1.11e-05 1.075e-05 1.495e-05 1.02e-05 1.04e-05 9.35e-06 8.05e-06 1.105e-05 1.1e-05 1.08e-05 1.185e-05 1.035e-05 9.3e-06 8.65e-06 7.25e-06 8.8e-06 1.125e-05 8.7e-06 1.115e-05 1.3e-05 1.245e-05 8.95e-06 7.35e-06 9.7e-06 8.85e-06 8.7e-06 6.75e-06 1.435e-05 1.22e-05 1.49e-05 9.7e-06 1.305e-05 1.095e-05 1.045e-05 9.55e-06 9.6e-06 8.3e-06 1.02e-05 1.485e-05 9.7e-06 9.7e-06 9e-06 1.5e-05 1.065e-05 1.315e-05 1.075e-05 1.49e-05 1.29e-05 1.18e-05 1.035e-05 1.19e-05 1.27e-05 1.21e-05 9.65e-06 1.305e-05 8.45e-06 7.9e-06 9.65e-06 8.3e-06 1.18e-05 8.1e-06 1.1e-05 1.13e-05 8.05e-06 1.02e-05 7.8e-06 1.235e-05 9.4e-06 9.4e-06 1.035e-05 8.8e-06 1.125e-05 1.035e-05 9.75e-06 9.05e-06 8.8e-06 1.48e-05 7.95e-06 1.48e-05 1.16e-05 9e-06 1.095e-05 1e-05 1.355e-05 9.65e-06 9.2e-06 9.35e-06 9.5e-06 1.255e-05 1.115e-05 1.48e-05 9.75e-06
28 1.02e-05 7e-06 1.105e-05 1.15e-05 1.11e-05 8.65e-06 1.06e-05 1.08e-05 1.075e-05 7.7e-06 5.9e-06 1.085e-05 1.01e-05 1.25e-05 1.125e-05 1.015e-05 8.75e-06 8.7e-06 1.06e-05 9.25e-06 1.095e-05 1.165e-05 1.225e-05 1.165e-05 8.4e-06 1.11e-05 7.65e-06 1.245e-05 9.6e-06 1.235e-05 1.195e-05 8.9e-06 8.85e-06 1.055e-05 1.255e-05 6.95e-06 5.9e-06 5.05e-06 1.205e-05 7.85e-06 6.9e-06 1.085e-05 5.9e-06 8e-06 1.195e-05 9.6e-06 4.95e-06 1.25e-05 1.17e-05 8.95e-06 5.1e-06 9.35e-06 1.04e-05 9.3e-06 5.15e-06 8.05e-06 1.03e-05 1.12e-05 1.035e-05 7.1e-06 8.05e-06 1.07e-05 1.03e-05 1.25e-05 1.145e-05 9.9e-06 1.225e-05 8.55e-06 1.16e-05 8.55e-06 7.3e-06 1.265e-05 9.15e-06 1.255e-05 8.85e-06 1.085e-05 9e-06 1.1e-05 8.9e-06 1.05e-05 7.1e-06 8.95e-06 1.15e-05 1.275e-05 7.4e-06 1.215e-05 4.95e-06 8.75e-06 1.26e-05 8.5e-06 7.9e-06 8.45e-06 1.165e-05 1.145e-05 9.75e-06 1.095e-05 5e-06 9.65e-06 4.9e-06 8.95e-06
29 7.45e-06 1.285e-05 1.155e-05 1.18e-05 1.205e-05 1.185e-05 5.3e-06 1.305e-05 1.095e-05 9.55e-06 1.31e-05 1.125e-05 9.25e-06 2.55e-06 1.155e-05 9.6e-06 8.75e-06 1.3e-05 1.215e-05 1.265e-05 1.01e-05 1.07e-05 1.34e-05 6.65e-06 8.9e-06 5.3e-06 8.45e-06 8.95e-06 1.235e-05 1e-07 8.85e-06 6.05e-06 1.235e-05 9.7e-06 1.28e-05 1.18e-05 1.205e-05 1.305e-05 1.26e-05 1.26e-05 7.4e-06 9.05e-06 1.045e-05 1.075e-05 2.9e-06 1.24e-05 1.3e-05 8.95e-06 1.065e-05 6.35e-06 1.315e-05 1.285e-05 1.045e-05 6.7e-06 1.305e-05 1.165e-05 1.295e-05 8.2e-06 9.4e-06 9.85e-06 1.175e-05 3.4e-06 1.035e-05 9e-06 1.145e-05 8.3e-06 5.3e-06 6.65e-06 1.19e-05 1.33e-05 9.65e-06 1.245e-05 8.1e-06 4.9e-06 8.75e-06 1.18e-05 8.55e-06 5.6e-06 1.26e-05 9.05e-06 9.3e-06 6.2e-06 7.15e-06 9.05e-06 1.315e-05 2e-06 1.295e-05 1.215e-05 2.95e-06 1.295e-05 7.05e-06 1.26e-05 1.06e-05 1.29e-05 8.25e-06 1.19e-05 1.25e-05 8.85e-06 1.295e-05 5.9e-06
30 1.06e-05 1.295e-05 6.95e-06 7.25e-06 8.9e-06 1.28e-05 1.115e-05 1.01e-05 1.075e-05 9.9e-06 1.445e-05 9.5e-06 9.6e-06 9.05e-06 7.1e-06 1.03e-05 1.115e-05 1.02e-05 1.13e-05 9.9e-06 8.1e-06 8e-06 6.55e-06 7.7e-06 9.9e-06 7.9e-06 1.015e-05 7.35e-06 1.195e-05 8.85e-06 1.1e-05 9.15e-06 7.6e-06 7.45e-06 7.1e-06 1.395e-05 1.145e-05 1.44e-05 8.95e-06 1.255e-05 1.055e-05 9.75e-06 9.2e-06 8.65e-06 7.1e-06 9.45e-06 1.435e-05 9.15e-06 8.7e-06 9.35e-06 1.45e-05 9.9e-06 1.265e-05 1.03e-05 1.44e-05 1.24e-05 1.105e-05 9.45e-06 1.14e-05 1.195e-05 1.14e-05 9.1e-06 1.255e-05 8e-06 7.3e-06 8.7e-06 6.75e-06 1.15e-05 7.45e-06 1.055e-05 1.05e-05 7.35e-06 9.45e-06 7.7e-06 1.185e-05 8.4e-06 7.9e-06 1.005e-05 8.1e-06 9.8e-06 9.55e-06 9.2e-06 8.1e-06 8.05e-06 1.43e-05 8.1e-06 1.43e-05 1.115e-05 8.3e-06 9.95e-06 9.65e-06 1.305e-05 8.65e-06 8.75e-06 8.05e-06 8.5e-06 1.2e-05 1.035e-05 1.43e-05 9.2e-06
31 8.35e-06 1.08e-05 1.01e-05 1.045e-05 1.06e-05 1.035e-05 8.25e-06 1.17e-05 1.09e-05 7.6e-06 1.085e-05 1.025e-05 9.45e-06 7.2e-06 1.01e-05 9.35e-06 9.05e-06 1.005e-05 1.185e-05 1.075e-05 9.5e-06 1.025e-05 1.155e-05 8.3e-06 8.8e-06 7.5e-06 7.2e-06 9.7e-06 8.9e-06 6.05e-06 9.15e-06 1.16e-05 8.5e-06 9.1e-06 1.155e-05 1.045e-05 8.2e-06 1.04e-05 1.14e-05 1.07e-05 6.55e-06 9.2e-06 6.9e-06 7.4e-06 6.75e-06 9.6e-06 1.035e-05 1.065e-05 1.03e-05 6.95e-06 1.05e-05 1.1e-05 1.06e-05 7.55e-06 1.03e-05 1.02e-05 1.195e-05 9e-06 9.45e-06 8.85e-06 1e-05 6.6e-06 1.05e-05 1e-05 1.03e-05 8.2e-06 7.8e-06 8.1e-06 1.055e-05 1.105e-05 8.6e-06 1.15e-05 7.25e-06 7.9e-06 9.35e-06 1.035e-05 6.85e-06 7.85e-06 8.75e-06 9.5e-06 6.95e-06 6e-06 8.45e-06 1.005e-05 1.125e-05 6.6e-06 1.03e-05 1.08e-05 7.25e-06 1.07e-05 6.25e-06 1.1e-05 1.025e-05 1.14e-05 8e-06 1.045e-05 8.5e-06 9.05e-06 1.03e-05 6.1e-06
32 1.08e-05 1.07e-05 6.45e-06 6.8e-06 7.8e-06 1.085e-05 1.24e-05 9e-06 9.9e-06 8.5e-06 1.165e-05 8.8e-06 1.02e-05 1.26e-05 6.55e-06 9.65e-06 1.145e-05 7.55e-06 1.055e-05 8.25e-06 7.6e-06 7.6e-06 5.75e-06 9.8e-06 1.08e-05 1.07e-05 8.5e-06 8.85e-06 8.85e-06 1.235e-05 7.6e-06 8.5e-06 9.4e-06 7.05e-06 6.6e-06 1.185e-05 7.85e-06 1.12e-05 8.2e-06 1.03e-05 8.4e-06 9.9e-06 6.6e-06 6.2e-06 1.135e-05 7e-06 1.115e-05 1.07e-05 8.5e-06 9.65e-06 1.13e-05 8.3e-06 1.215e-05 1.05e-05 1.11e-05 1.05e-05 1.005e-05 1.08e-05 1.09e-05 1.035e-05 9.75e-06 1.085e-05 1.205e-05 9.4e-06 6.95e-06 8.65e-06 1.1e-05 1.165e-05 7e-06 8.55e-06 9.9e-06 6.6e-06 9e-06 1.165e-05 1.205e-05 7.3e-06 7.9e-06 1.11e-05 5.3e-06 1.145e-05 7.4e-06 8.55e-06 9.9e-06 9.45e-06 1.185e-05 1.175e-05 1.11e-05 9.2e-06 1.21e-05 7.95e-06 8.45e-06 1.11e-05 8.45e-06 7.7e-06 8.3e-06 7.4e-06 8.25e-06 1.1e-05 1.11e-05 8.7e-06
33 7.45e-06 1.14e-05 6.7e-06 6.95e-06 8.15e-06 1.11e-05 9.9e-06 9.25e-06 8.55e-06 9.55e-06 1.24e-05 8.85e-06 9.25e-06 1.035e-05 6.8e-06 7.9e-06 1.155e-05 9.15e-06 9.25e-06 8.8e-06 6.1e-06 7.3e-06 6.4e-06 8.3e-06 1.09e-05 9.25e-06 7.1e-06 8.7e-06 1.055e-05 9.7e-06 7.45e-06 9.1e-06 7.05e-06 1.07e-05 7.1e-06 1.125e-05 1.02e-05 1.235e-05 8.55e-06 1.105e-05 8.2e-06 8.35e-06 8.4e-06 8e-06 9.55e-06 8.45e-06 1.23e-05 9.65e-06 7.4e-06 9.7e-06 1.245e-05 9.05e-06 1.065e-05 1.01e-05 1.235e-05 1.095e-05 9.15e-06 1.03e-05 9.5e-06 8.9e-06 1.02e-05 7.6e-06 1.055e-05 8.8e-06 6.95e-06 6.5e-06 1.005e-05 1.09e-05 7.2e-06 9.45e-06 9.95e-06 6.75e-06 9.85e-06 1.065e-05 1.17e-05 7.65e-06 9.35e-06 9.8e-06 7.55e-06 1.02e-05 7.15e-06 9.15e-06 8.7e-06 8.85e-06 1.25e-05 9.95e-06 1.225e-05 9.6e-06 1.025e-05 8.85e-06 8.95e-06 1.17e-05 7.35e-06 8.2e-06 6.25e-06 7.75e-06 1.05e-05 1.08e-05 1.225e-05 9.15e-06
34 1.27e-05 1.31e-05 4.9e-06 4.95e-06 7.35e-06 1.31e-05 1.36e-05 8.1e-06 9.25e-06 1.18e-05 1.48e-05 9.05e-06 1.12e-05 1.31e-05 5.55e-06 1.08e-05 1.33e-05 8.4e-06 1e-05 7.95e-06 7.85e-06 6.15e-06 2.75e-06 1.01e-05 1.31e-05 1.195e-05 1.165e-05 6.75e-06 1.255e-05 1.28e-05 7.1e-06 1.155e-05 6.6e-06 7.1e-06 3.7e-06 1.46e-05 1.2e-05 1.475e-05 7.05e-06 1.215e-05 1.11e-05 1.09e-05 1e-05 9.2e-06 1.215e-05 7.95e-06 1.47e-05 9.35e-06 8.3e-06 1.135e-05 1.485e-05 8.35e-06 1.38e-05 1.25e-05 1.475e-05 1.265e-05 9.85e-06 1.21e-05 1.255e-05 1.32e-05 1.17e-05 1.215e-05 1.37e-05 7.7e-06 5.35e-06 9.9e-06 1.195e-05 1.365e-05 5.2e-06 8.6e-06 1.265e-05 3.7e-06 1.195e-05 1.21e-05 1.41e-05 7.1e-06 1.125e-05 1.215e-05 6.15e-06 1.34e-05 1.075e-05 1.16e-05 1.065e-05 8.45e-06 1.46e-05 1.21e-05 1.465e-05 9.35e-06 1.28e-05 8.7e-06 1.15e-05 1.3e-05 8.25e-06 6.05e-06 9.6e-06 7.2e-06 1.23e-05 1.3e-05 1.465e-05 1.16e-05
35 9.2e-06 5.8e-06 1.335e-05 1.355e-05 1.245e-05 7.7e-06 7.6e-06 1.135e-05 8.4e-06 8.7e-06 4.15e-06 1.19e-05 1.005e-05 1.215e-05 1.32e-05 1e-05 8.7e-06 9.5e-06 7.75e-06 9.6e-06 1.165e-05 1.275e-05 1.49e-05 1.25e-05 8.55e-06 1.18e-05 8.1e-06 1.435e-05 6.95e-06 1.18e-05 1.395e-05 1.045e-05 1.185e-05 1.125e-05 1.46e-05 6.9e-06 6.9e-06 3.65e-06 1.34e-05 7.5e-06 7.6e-06 1.105e-05 9.55e-06 1.055e-05 1.255e-05 1.16e-05 3.6e-06 1.21e-05 1.235e-05 1.005e-05 3.7e-06 9.7e-06 8.95e-06 9.8e-06 3.8e-06 7.4e-06 8.75e-06 1.2e-05 1e-05 5.95e-06 8e-06 9.95e-06 8.85e-06 1.38e-05 1.335e-05 1.015e-05 1.375e-05 7.6e-06 1.37e-05 9.25e-06 7.4e-06 1.42e-05 1.09e-05 1.37e-05 8.1e-06 1.22e-05 1.165e-05 1.09e-05 1.21e-05 1.01e-05 8.95e-06 1.05e-05 1.225e-05 1.385e-05 5.45e-06 1.25e-05 3.55e-06 8.45e-06 1.295e-05 9e-06 1.01e-05 7.85e-06 1.23e-05 1.325e-05 1.02e-05 1.23e-05 6.65e-06 9.4e-06 3.45e-06 1.05e-05
36 1.045e-05 6.35e-06 1.035e-05 1.07e-05 1.005e-05 7.8e-06 1.045e-05 1.005e-05 1.03e-05 7.1e-06 5.75e-06 9.7e-06 9.8e-06 1.225e-05 1.015e-05 9.65e-06 8.7e-06 7.75e-06 1.015e-05 8.85e-06 1.06e-05 1.065e-05 1.165e-05 1.105e-05 8.3e-06 1.12e-05 7.5e-06 1.22e-05 5.9e-06 1.205e-05 1.145e-05 8.2e-06 7.85e-06 1.02e-05 1.2e-05 6.9e-06 8.8e-06 4.9e-06 1.14e-05 7.2e-06 6.7e-06 1.045e-05 6.5e-06 6.9e-06 1.18e-05 8.8e-06 4.85e-06 1.195e-05 1.14e-05 8.8e-06 5e-06 7.95e-06 9.95e-06 9.05e-06 4.75e-06 6.5e-06 9.85e-06 1.055e-05 9.9e-06 7.15e-06 7.45e-06 1.065e-05 9.85e-06 1.215e-05 1.07e-05 9.45e-06 1.215e-05 8.35e-06 1.08e-05 8.35e-06 7.45e-06 1.175e-05 8.65e-06 1.25e-05 8.7e-06 9.8e-06 8.4e-06 1.025e-05 8.1e-06 1.045e-05 7.3e-06 8.25e-06 1.085e-05 1.22e-05 6.2e-06 1.2e-05 4.8e-06 8.25e-06 1.24e-05 8e-06 8.25e-06 8.2e-06 1.135e-05 1.07e-05 9.3e-06 9.9e-06 5.05e-06 9.35e-06 4.8e-06 8.4e-06
37 1.11e-05 3.85e-06 1.34e-05 1.365e-05 1.23e-05 7.1e-06 9.95e-06 1.11e-05 1.02e-05 8.3e-06 1.65e-06 1.17e-05 1.03e-05 1.32e-05 1.32e-05 1.085e-05 7.55e-06 8.5e-06 9.2e-06 9.2e-06 1.275e-05 1.285e-05 1.495e-05 1.31e-05 7.4e-06 1.275e-05 8.3e-06 1.49e-05 5.05e-06 1.305e-05 1.44e-05 1.04e-05 1.12e-05 1.235e-05 1.475e-05 3.65e-06 4.9e-06 6e-07 1.335e-05 5.7e-06 6.7e-06 1.19e-05 8.6e-06 9.9e-06 1.35e-05 1.095e-05 4.5e-07 1.25e-05 1.32e-05 9.65e-06 4.5e-07 8.4e-06 9.5e-06 9.3e-06 7.5e-07 5.9e-06 9.2e-06 1.225e-05 1.065e-05 5.45e-06 6.5e-06 1.165e-05 9.4e-06 1.425e-05 1.36e-05 1.125e-05 1.455e-05 6.65e-06 1.375e-05 7.75e-06 6.35e-06 1.43e-05 1.065e-05 1.465e-05 6.95e-06 1.205e-05 1.14e-05 1.135e-05 1.145e-05 1.1e-05 9.25e-06 1.045e-05 1.29e-05 1.43e-05 3.7e-06 1.355e-05 3e-07 6.95e-06 1.4e-05 7.45e-06 9.8e-06 6.25e-06 1.315e-05 1.305e-05 1.13e-05 1.215e-05 4.2e-06 9.4e-06 3.5e-07 1.045e-05
38 1.205e-05 1.2e-05 7.6e-06 7.85e-06 8.25e-06 1.19e-05 1.3e-05 9.45e-06 9.8e-06 1.155e-05 1.34e-05 7.7e-06 1.135e-05 1.275e-05 7.35e-06 8.75e-06 1.285e-05 9.8e-06 1.065e-05 9.35e-06 9.15e-06 7.7e-06 6.1e-06 1.075e-05 1.26e-05 1.18e-05 1.11e-05 9.7e-06 1.205e-05 1.26e-05 8.95e-06 1.14e-05 8.2e-06 8.55e-06 7.05e-06 1.34e-05 1.14e-05 1.335e-05 1.09e-05 9.6e-06 1.075e-05 1.095e-05 1.045e-05 9.65e-06 1.22e-05 8.8e-06 1.33e-05 1.035e-05 9.5e-06 1.155e-05 1.345e-05 9.05e-06 1.26e-05 1.195e-05 1.335e-05 1.175e-05 1.02e-05 1.195e-05 1.175e-05 1.23e-05 1.15e-05 1.185e-05 1.25e-05 9.8e-06 7.75e-06 1.02e-05 1.24e-05 1.285e-05 8.05e-06 1e-05 1.205e-05 6e-06 1.165e-05 1.28e-05 1.315e-05 8.4e-06 1.14e-05 1.17e-05 8.45e-06 1.27e-05 1.075e-05 1.145e-05 1.07e-05 9.5e-06 1.335e-05 1.22e-05 1.325e-05 9.7e-06 1.29e-05 9.65e-06 1.15e-05 9.55e-06 9.45e-06 6.3e-06 9.9e-06 8.5e-06 1.18e-05 1.23e-05 1.325e-05 1.145e-05
39 1.145e-05 6.8e-06 1.12e-05 1.145e-05 1.065e-05 8.35e-06 1.095e-05 1.025e-05 1.01e-05 9.35e-06 6.3e-06 8.1e-06 1.035e-05 1.27e-05 1.09e-05 8.15e-06 9.55e-06 9.25e-06 9.8e-06 9.4e-06 1.145e-05 1.075e-05 1.21e-05 1.2e-05 9.55e-06 1.225e-05 9.3e-06 1.305e-05 7.85e-06 1.26e-05 1.255e-05 1.07e-05 1.03e-05 1.105e-05 1.215e-05 7.5e-06 7.2e-06 5.7e-06 9.6e-06 1.09e-05 8.05e-06 1.135e-05 9.25e-06 9.65e-06 1.29e-05 1.025e-05 5.6e-06 1.155e-05 1.2e-05 1.025e-05 5.75e-06 8.75e-06 1.03e-05 1.005e-05 5.8e-06 7.45e-06 9.55e-06 1.175e-05 1.065e-05 8.15e-06 8.35e-06 1.155e-05 1.02e-05 1.255e-05 1.14e-05 1.06e-05 1.385e-05 9e-06 1.155e-05 8.95e-06 8.7e-06 1.155e-05 1.09e-05 1.395e-05 9.25e-06 1.04e-05 1.15e-05 1.09e-05 1.055e-05 1.16e-05 9.85e-06 1.075e-05 1.185e-05 1.26e-05 7.1e-06 1.275e-05 5.6e-06 8.2e-06 1.35e-05 8.6e-06 1.045e-05 6.55e-06 1.195e-05 8.8e-06 1.05e-05 1.05e-05 7.35e-06 1.04e-05 5.55e-06 1.075e-05
40 6.65e-06 8.3e-06 9.75e-06 1e-05 9.35e-06 7.2e-06 7.95e-06 1.035e-05 8.95e-06 7.35e-06 7.05e-06 9.05e-06 8.5e-06 8.5e-06 9.6e-06 7.7e-06 8.6e-06 9.05e-06 1.015e-05 8.85e-06 8.6e-06 8.9e-06 1.14e-05 8.8e-06 8.45e-06 8.9e-06 4.9e-06 1.095e-05 6.9e-06 7.4e-06 1.055e-05 6.55e-06 8.4e-06 8.2e-06 1.11e-05 7.6e-06 6.7e-06 6.7e-06 1.075e-05 8.05e-06 4.1e-06 7.95e-06 5.75e-06 7e-06 9.05e-06 8.45e-06 6.7e-06 1.065e-05 9.35e-06 6.05e-06 6.8e-06 9.45e-06 8.45e-06 6.1e-06 6.8e-06 7.55e-06 1.045e-05 9.15e-06 7.4e-06 6.2e-06 7.75e-06 6.45e-06 8.35e-06 1.07e-05 9.85e-06 7e-06 1.06e-05 6.95e-06 1.01e-05 9.1e-06 7.4e-06 1.045e-05 7.85e-06 1.055e-05 8.3e-06 9.1e-06 8.3e-06 7.35e-06 8.65e-06 1.025e-05 5.85e-06 6.55e-06 9.25e-06 1.075e-05 7.8e-06 8.65e-06 6.6e-06 8e-06 9.25e-06 8.8e-06 6.05e-06 8.55e-06 9.3e-06 1.05e-05 6.95e-06 9.2e-06 6.4e-06 8.6e-06 6.6e-06 6.6e-06
41 5.95e-06 1.155e-05 8.1e-06 8.4e-06 9.85e-06 1.035e-05 9.6e-06 1.115e-05 1.04e-05 9.7e-06 1.19e-05 8.2e-06 7.75e-06 9.2e-06 8.1e-06 8.9e-06 1.09e-05 1.11e-05 1.1e-05 1.07e-05 8.45e-06 8.2e-06 1.075e-05 8.05e-06 1.055e-05 8.6e-06 7.85e-06 1.045e-05 1.085e-05 9.05e-06 9.75e-06 9.2e-06 9.9e-06 8.35e-06 1.09e-05 1.105e-05 1.045e-05 1.19e-05 1.095e-05 1.135e-05 7.95e-06 1.04e-05 8.7e-06 7.5e-06 9.1e-06 1.02e-05 1.185e-05 1.055e-05 7.85e-06 9.2e-06 1.2e-05 1.105e-05 8.4e-06 9.2e-06 1.19e-05 1.03e-05 1.13e-05 9e-06 7.05e-06 9.25e-06 8.95e-06 7.75e-06 8.3e-06 1.015e-05 8.1e-06 6.15e-06 9.1e-06 1.035e-05 8.2e-06 1.14e-05 9.9e-06 1.075e-05 9.45e-06 9.4e-06 1.065e-05 9.6e-06 9.65e-06 9e-06 1.015e-05 1.05e-05 8.15e-06 9.25e-06 7.6e-06 1.02e-05 1.17e-05 9.2e-06 1.18e-05 1.12e-05 9.1e-06 1.105e-05 9.2e-06 1.17e-05 7.8e-06 1.09e-05 6.5e-06 9.7e-06 1.08e-05 1.045e-05 1.18e-05 9.25e-06
42 8.35e-06 9.65e-06 8.6e-06 9.05e-06 9.55e-06 9.2e-06 1.045e-05 1.03e-05 1.08e-05 6.65e-06 9.3e-06 9.2e-06 8.85e-06 1.065e-05 8.8e-06 8.8e-06 8.65e-06 8.65e-06 1.14e-05 9.15e-06 8.8e-06 9.65e-06 9.85e-06 9.35e-06 8.65e-06 8.65e-06 6.35e-06 9.55e-06 5.9e-06 1.045e-05 9.2e-06 6.9e-06 6.6e-06 8.4e-06 1e-05 9.55e-06 6.5e-06 8.6e-06 1.045e-05 9.25e-06 5.75e-06 8.7e-06 5.8e-06 5.7e-06 9.55e-06 8.05e-06 8.55e-06 1.155e-05 9.6e-06 7.05e-06 8.7e-06 9.8e-06 1.02e-05 8.2e-06 8.5e-06 9.35e-06 1.11e-05 9.5e-06 9.1e-06 7.95e-06 8.6e-06 8.8e-06 1.01e-05 1.04e-05 9e-06 7.7e-06 9.45e-06 9.4e-06 9.15e-06 9.15e-06 7.55e-06 1.07e-05 7.3e-06 9.5e-06 9.75e-06 9.3e-06 6.4e-06 9.7e-06 6.65e-06 9.8e-06 5.1e-06 6.95e-06 9.35e-06 1.065e-05 1.015e-05 9.25e-06 8.5e-06 9.8e-06 1.03e-05 9.1e-06 5.9e-06 9.85e-06 9.55e-06 9.85e-06 7.4e-06 9.4e-06 5.75e-06 9e-06 8.5e-06 7.05e-06
