 slim_337561904 slim_337561956 slim_337562020 slim_337562006 slim_337561923 slim_337561849 slim_337561854 slim_337561691 slim_337562025 slim_337561900 slim_337561913 slim_337561921 slim_337562033 slim_337562017 slim_337561732 slim_337562024 slim_337562005 slim_337561987 slim_337561880 slim_337561866 slim_337562030 slim_337562022 slim_337562018 slim_337562028 slim_337562027 slim_337561834 slim_337561926 slim_337561779 slim_337561765 slim_337561851 slim_337561984 slim_337561912 slim_337561892 slim_337561883 slim_337561935 slim_337561999 slim_337561958 slim_337561965 slim_337561994 slim_337561977 slim_337561989 slim_337562032 slim_337562042 slim_337561983 slim_337561725 slim_337561947 slim_337562040 slim_337562037 slim_337561939 slim_337561980 slim_337562008 slim_337562036 slim_337561979 slim_337562029 slim_337561964 slim_337561583 slim_337561907 slim_337561933 slim_337562010 slim_337561953 slim_337561712 slim_337562023 slim_337561760 slim_337562047 slim_337562034 slim_337562012 slim_337561941 slim_337561902 slim_337562041 slim_337562045 slim_337561997 slim_337561918 slim_337561949 slim_337562031 slim_337562046 slim_337562039 slim_337561993 slim_337561991 slim_337561895 slim_337561848 slim_337562013 slim_337561931 slim_337561988 slim_337561774 slim_337562021 slim_337561978 slim_337562026 slim_337561874 slim_337562043 slim_337561996 slim_337562014 slim_337561831 slim_337561862 slim_337561792 slim_337561652 slim_337561519 slim_337561911 slim_337562035 slim_337561927 slim_337561914
0 6.18e-05 4.88e-05 4.755e-05 6.165e-05 4.775e-05 4.615e-05 4.98e-05 4.715e-05 4.805e-05 4.665e-05 4.665e-05 4.48e-05 5.605e-05 4.475e-05 5.98e-05 3.645e-05 4.79e-05 4.705e-05 3.59e-05 4.7e-05 5.98e-05 3.89e-05 5.1e-05 4.67e-05 4.29e-05 5.96e-05 3.805e-05 5.105e-05 3.42e-05 3.62e-05 4.915e-05 3.515e-05 6.165e-05 3.465e-05 4.905e-05 4.47e-05 3.475e-05 4.815e-05 4.59e-05 4.695e-05 4.685e-05 6.19e-05 4.65e-05 3.375e-05 4.865e-05 6.01e-05 3.49e-05 3.56e-05 4.36e-05 4.58e-05 4.65e-05 4.975e-05 3.53e-05 4.755e-05 4.445e-05 3.78e-05 4.785e-05 3.685e-05 3.78e-05 6.225e-05 3.58e-05 3.685e-05 3.415e-05 4.61e-05 4.475e-05 3.7e-05 3.435e-05 5.565e-05 4.5e-05 3.485e-05 4.44e-05 3.89e-05 4.61e-05 4.83e-05 4.67e-05 5.02e-05 4.945e-05 3.79e-05 3.33e-05 4.945e-05 4.695e-05 4.9e-05 4.71e-05 3.46e-05 5.915e-05 3.52e-05 5.945e-05 4.985e-05 5.965e-05 4.66e-05 5.765e-05 3.665e-05 5.94e-05 4.445e-05 3.535e-05 3.395e-05 3.69e-05 4.48e-05 3.46e-05 3.215e-05
1 4.88e-05 9.06e-05 4.72e-05 4.995e-05 4.955e-05 4.92e-05 4.955e-05 4.975e-05 4.98e-05 4.735e-05 4.935e-05 4.715e-05 4.71e-05 4.705e-05 4.925e-05 4.965e-05 4.9e-05 4.9e-05 4.93e-05 4.905e-05 4.73e-05 4.78e-05 4.815e-05 4.94e-05 4.93e-05 4.765e-05 5.01e-05 4.745e-05 4.845e-05 4.735e-05 4.99e-05 4.985e-05 4.995e-05 4.895e-05 4.9e-05 4.885e-05 4.965e-05 4.945e-05 4.79e-05 4.82e-05 5.005e-05 4.97e-05 4.905e-05 4.91e-05 4.96e-05 4.97e-05 4.805e-05 4.73e-05 4.905e-05 4.835e-05 4.77e-05 4.945e-05 4.705e-05 4.97e-05 4.71e-05 4.935e-05 4.765e-05 5.03e-05 4.975e-05 4.955e-05 4.72e-05 4.78e-05 4.895e-05 4.965e-05 4.705e-05 4.78e-05 4.865e-05 4.91e-05 4.68e-05 4.975e-05 4.72e-05 4.78e-05 5.01e-05 4.96e-05 4.925e-05 4.755e-05 4.94e-05 4.84e-05 4.905e-05 4.95e-05 4.92e-05 5.045e-05 4.915e-05 4.975e-05 5.01e-05 4.91e-05 4.735e-05 4.96e-05 5.03e-05 4.95e-05 4.985e-05 4.76e-05 4.74e-05 4.96e-05 4.695e-05 4.94e-05 4.815e-05 4.84e-05 4.76e-05 4.86e-05
2 4.755e-05 4.72e-05 8.86e-05 5.025e-05 4.895e-05 4.93e-05 4.74e-05 4.925e-05 4.88e-05 4.65e-05 4.835e-05 4.55e-05 4.57e-05 4.55e-05 4.885e-05 4.675e-05 4.94e-05 4.775e-05 4.675e-05 4.77e-05 4.69e-05 4.765e-05 5.04e-05 4.84e-05 4.895e-05 4.73e-05 4.765e-05 4.95e-05 4.64e-05 4.855e-05 4.825e-05 4.85e-05 5.025e-05 4.565e-05 4.815e-05 4.73e-05 4.86e-05 4.93e-05 4.67e-05 4.695e-05 4.88e-05 4.955e-05 4.815e-05 4.76e-05 4.865e-05 4.94e-05 4.775e-05 4.74e-05 4.82e-05 4.735e-05 4.655e-05 4.705e-05 4.925e-05 4.935e-05 4.655e-05 4.85e-05 4.49e-05 4.945e-05 4.855e-05 4.895e-05 4.825e-05 4.93e-05 4.55e-05 4.67e-05 4.55e-05 4.95e-05 4.52e-05 4.815e-05 4.575e-05 4.87e-05 4.55e-05 4.765e-05 4.855e-05 4.895e-05 4.835e-05 5e-05 4.855e-05 4.7e-05 4.66e-05 4.74e-05 4.815e-05 5e-05 4.78e-05 4.84e-05 5.03e-05 4.63e-05 4.695e-05 4.735e-05 5e-05 4.86e-05 4.955e-05 4.91e-05 4.705e-05 4.855e-05 4.915e-05 4.79e-05 4.825e-05 4.72e-05 4.735e-05 4.705e-05
3 6.165e-05 4.995e-05 5.025e-05 9e-07 1.85e-05 1.82e-05 4.535e-05 1.96e-05 2.03e-05 2.295e-05 4.415e-05 4.975e-05 1.28e-05 4.97e-05 7.15e-06 6.185e-05 4.74e-05 4.545e-05 6.06e-05 4.65e-05 7.15e-06 8.815e-05 4.43e-05 4.42e-05 2.5e-05 6.3e-06 6.055e-05 4.675e-05 8.715e-05 8.79e-05 1.865e-05 6.035e-05 5e-07 8.77e-05 4.37e-05 4.965e-05 3.46e-05 2.105e-05 2.36e-05 2.44e-05 2.45e-05 3.15e-06 4.395e-05 6.085e-05 2.05e-05 7.45e-06 8.84e-05 8.58e-05 2.37e-05 2.47e-05 2.38e-05 4.55e-05 6.18e-05 1.73e-05 2.38e-05 6.17e-05 5.01e-05 3.44e-05 6.015e-05 5.5e-06 8.775e-05 6.155e-05 8.755e-05 4.885e-05 4.97e-05 6.17e-05 8.79e-05 1.3e-05 2.255e-05 3.47e-05 4.97e-05 8.815e-05 2.35e-05 2.155e-05 4.42e-05 4.61e-05 4.37e-05 8.87e-05 6.06e-05 4.425e-05 4.495e-05 1.855e-05 4.66e-05 3.545e-05 8.75e-06 6.085e-05 6.8e-06 4.515e-05 3.1e-06 2.05e-05 1.265e-05 6.135e-05 6.1e-06 2.5e-05 6.17e-05 3.485e-05 4.02e-05 2.31e-05 8.8e-05 6.06e-05
4 4.775e-05 4.955e-05 4.895e-05 1.85e-05 3.49e-05 1.995e-05 4.74e-05 1.835e-05 1.98e-05 2.095e-05 4.615e-05 4.735e-05 2.025e-05 4.71e-05 1.955e-05 4.99e-05 4.86e-05 4.68e-05 4.795e-05 4.725e-05 1.935e-05 7.765e-05 4.87e-05 4.62e-05 2.145e-05 1.95e-05 4.88e-05 4.97e-05 7.435e-05 7.585e-05 1.95e-05 4.75e-05 1.85e-05 7.5e-05 4.69e-05 4.725e-05 1.995e-05 2.185e-05 1.975e-05 2.25e-05 2.245e-05 1.97e-05 4.58e-05 4.765e-05 2.2e-05 1.94e-05 7.62e-05 7.445e-05 2.025e-05 2.205e-05 2.195e-05 4.735e-05 4.995e-05 1.89e-05 2.115e-05 4.985e-05 4.875e-05 2.21e-05 4.85e-05 2.1e-05 7.595e-05 4.815e-05 7.5e-05 4.77e-05 4.71e-05 4.865e-05 7.52e-05 2.08e-05 2e-05 2.005e-05 4.725e-05 7.765e-05 2.125e-05 2.045e-05 4.6e-05 4.83e-05 4.73e-05 7.76e-05 4.705e-05 4.735e-05 4.55e-05 2.14e-05 4.735e-05 2.095e-05 2.04e-05 4.815e-05 1.9e-05 4.7e-05 1.855e-05 1.88e-05 2.17e-05 4.795e-05 1.93e-05 2.19e-05 4.985e-05 2.145e-05 2.805e-05 1.9e-05 7.565e-05 4.6e-05
5 4.615e-05 4.92e-05 4.93e-05 1.82e-05 1.995e-05 3.55e-05 4.825e-05 2.015e-05 2.09e-05 2.15e-05 4.62e-05 4.81e-05 2.155e-05 4.81e-05 2.08e-05 4.885e-05 4.74e-05 4.71e-05 4.87e-05 4.76e-05 2.045e-05 7.705e-05 4.765e-05 4.625e-05 1.95e-05 1.99e-05 5e-05 4.87e-05 7.525e-05 7.565e-05 2.08e-05 4.86e-05 1.82e-05 7.575e-05 4.705e-05 4.84e-05 2.115e-05 2.065e-05 2.15e-05 2.165e-05 2.175e-05 1.945e-05 4.61e-05 4.785e-05 2.055e-05 2.085e-05 7.525e-05 7.5e-05 2e-05 2.145e-05 2.115e-05 4.805e-05 4.705e-05 1.925e-05 1.99e-05 4.935e-05 4.965e-05 2.165e-05 4.97e-05 2.08e-05 7.55e-05 4.885e-05 7.565e-05 4.825e-05 4.81e-05 4.895e-05 7.545e-05 2.13e-05 2.03e-05 2.125e-05 4.815e-05 7.705e-05 2.145e-05 2.195e-05 4.63e-05 4.8e-05 4.745e-05 7.675e-05 4.745e-05 4.745e-05 4.685e-05 2e-05 4.77e-05 2.08e-05 2.085e-05 4.825e-05 2.01e-05 4.82e-05 1.835e-05 2.03e-05 2.21e-05 4.865e-05 1.97e-05 2.055e-05 4.715e-05 1.995e-05 2.94e-05 2.07e-05 7.49e-05 4.695e-05
6 4.98e-05 4.955e-05 4.74e-05 4.535e-05 4.74e-05 4.825e-05 8.82e-05 4.76e-05 4.95e-05 5.025e-05 4.675e-05 4.89e-05 4.845e-05 4.88e-05 4.615e-05 4.72e-05 4.755e-05 4.755e-05 4.7e-05 4.835e-05 4.715e-05 4.715e-05 4.775e-05 4.68e-05 5.075e-05 4.73e-05 4.735e-05 4.91e-05 4.695e-05 4.925e-05 4.585e-05 4.935e-05 4.535e-05 4.62e-05 4.54e-05 4.775e-05 5.08e-05 5.02e-05 5.005e-05 5.02e-05 4.965e-05 4.69e-05 4.655e-05 4.975e-05 4.92e-05 4.71e-05 4.875e-05 4.755e-05 4.95e-05 4.995e-05 4.975e-05 4.515e-05 5.045e-05 4.78e-05 5.04e-05 4.89e-05 4.685e-05 5.02e-05 4.825e-05 4.855e-05 4.89e-05 5e-05 4.605e-05 4.58e-05 4.88e-05 5.02e-05 4.66e-05 4.87e-05 4.92e-05 5.09e-05 4.88e-05 4.715e-05 4.92e-05 4.905e-05 4.675e-05 4.725e-05 4.58e-05 4.685e-05 4.785e-05 4.465e-05 4.655e-05 4.83e-05 4.845e-05 5.03e-05 4.785e-05 4.67e-05 4.68e-05 4.46e-05 4.555e-05 4.88e-05 4.98e-05 4.98e-05 4.71e-05 4.99e-05 5.035e-05 4.95e-05 4.845e-05 4.885e-05 4.835e-05 4.88e-05
7 4.715e-05 4.975e-05 4.925e-05 1.96e-05 1.835e-05 2.015e-05 4.76e-05 3.33e-05 1.955e-05 2.105e-05 4.595e-05 4.705e-05 2.045e-05 4.735e-05 1.985e-05 4.945e-05 4.765e-05 4.715e-05 4.69e-05 4.76e-05 2.03e-05 7.725e-05 4.9e-05 4.6e-05 2.1e-05 2.05e-05 4.845e-05 5e-05 7.35e-05 7.54e-05 1.845e-05 4.655e-05 1.96e-05 7.465e-05 4.695e-05 4.685e-05 1.885e-05 2.215e-05 1.945e-05 2.23e-05 2.215e-05 2.08e-05 4.615e-05 4.655e-05 2.225e-05 2.015e-05 7.51e-05 7.415e-05 1.98e-05 2.16e-05 2.21e-05 4.815e-05 4.935e-05 1.87e-05 2.125e-05 4.93e-05 4.91e-05 2.16e-05 4.78e-05 2.21e-05 7.55e-05 4.785e-05 7.46e-05 4.755e-05 4.735e-05 4.765e-05 7.485e-05 2.05e-05 2.01e-05 1.895e-05 4.745e-05 7.725e-05 2.085e-05 2.08e-05 4.635e-05 4.715e-05 4.735e-05 7.71e-05 4.67e-05 4.775e-05 4.625e-05 2.165e-05 4.77e-05 1.99e-05 1.945e-05 4.77e-05 1.995e-05 4.78e-05 1.85e-05 1.86e-05 2.145e-05 4.765e-05 2.03e-05 2.15e-05 4.925e-05 2.1e-05 2.72e-05 1.805e-05 7.515e-05 4.505e-05
8 4.805e-05 4.98e-05 4.88e-05 2.03e-05 1.98e-05 2.09e-05 4.95e-05 1.955e-05 3.57e-05 1.975e-05 4.685e-05 4.635e-05 2.005e-05 4.665e-05 2.22e-05 5.1e-05 4.925e-05 4.665e-05 4.89e-05 4.615e-05 2.005e-05 7.935e-05 5.065e-05 4.69e-05 2.2e-05 1.96e-05 5.035e-05 4.92e-05 7.495e-05 7.725e-05 2.19e-05 4.82e-05 2.03e-05 7.6e-05 4.83e-05 4.875e-05 1.94e-05 2.065e-05 1.88e-05 2.185e-05 2.41e-05 1.915e-05 4.705e-05 4.705e-05 2.1e-05 2.22e-05 7.655e-05 7.575e-05 2.085e-05 2.245e-05 2.16e-05 4.98e-05 5.105e-05 1.96e-05 2.04e-05 5.155e-05 4.865e-05 2.345e-05 4.99e-05 1.81e-05 7.735e-05 4.975e-05 7.59e-05 4.845e-05 4.665e-05 4.955e-05 7.62e-05 2.175e-05 1.93e-05 1.95e-05 4.67e-05 7.935e-05 2.265e-05 2.245e-05 4.725e-05 5.075e-05 4.87e-05 7.88e-05 4.805e-05 4.89e-05 4.765e-05 2.28e-05 4.625e-05 2.1e-05 2.245e-05 4.895e-05 2.005e-05 4.945e-05 1.955e-05 1.84e-05 2.335e-05 4.955e-05 1.94e-05 2.255e-05 5.095e-05 2.22e-05 2.88e-05 1.93e-05 7.655e-05 4.615e-05
9 4.665e-05 4.735e-05 4.65e-05 2.295e-05 2.095e-05 2.15e-05 5.025e-05 2.105e-05 1.975e-05 2.94e-05 4.785e-05 4.395e-05 1.75e-05 4.38e-05 2.23e-05 5.01e-05 5.09e-05 4.7e-05 4.84e-05 4.645e-05 1.88e-05 7.875e-05 5.16e-05 4.79e-05 2.04e-05 1.885e-05 4.985e-05 4.99e-05 7.475e-05 7.645e-05 2.185e-05 4.76e-05 2.295e-05 7.51e-05 4.955e-05 4.735e-05 1.71e-05 2.105e-05 1.73e-05 1.94e-05 2.235e-05 2.145e-05 4.77e-05 4.385e-05 2.13e-05 2.205e-05 7.605e-05 7.465e-05 1.905e-05 1.97e-05 1.885e-05 5.05e-05 4.995e-05 2.09e-05 1.755e-05 5.015e-05 4.635e-05 2.25e-05 4.955e-05 2.005e-05 7.63e-05 4.96e-05 7.5e-05 4.89e-05 4.39e-05 4.975e-05 7.53e-05 2.03e-05 1.63e-05 1.72e-05 4.395e-05 7.875e-05 2.07e-05 2.11e-05 4.79e-05 5.125e-05 4.995e-05 7.84e-05 4.64e-05 5e-05 4.79e-05 2.345e-05 4.655e-05 2.09e-05 2.235e-05 4.78e-05 1.88e-05 5.015e-05 2.27e-05 1.96e-05 2.13e-05 4.94e-05 1.865e-05 2.125e-05 4.985e-05 2.06e-05 2.91e-05 1.845e-05 7.57e-05 4.545e-05
10 4.665e-05 4.935e-05 4.835e-05 4.415e-05 4.615e-05 4.62e-05 4.675e-05 4.595e-05 4.685e-05 4.785e-05 8.74e-05 4.57e-05 4.71e-05 4.615e-05 4.635e-05 4.925e-05 4.715e-05 4.52e-05 4.715e-05 4.57e-05 4.63e-05 4.985e-05 4.785e-05 4.38e-05 4.815e-05 4.575e-05 4.885e-05 4.89e-05 4.555e-05 4.825e-05 4.68e-05 4.655e-05 4.415e-05 4.645e-05 4.54e-05 4.615e-05 4.755e-05 4.835e-05 4.74e-05 4.915e-05 4.955e-05 4.535e-05 4.42e-05 4.595e-05 4.835e-05 4.665e-05 4.725e-05 4.625e-05 4.7e-05 4.91e-05 4.89e-05 4.71e-05 4.97e-05 4.54e-05 4.805e-05 4.995e-05 4.815e-05 4.975e-05 4.84e-05 4.675e-05 4.785e-05 4.935e-05 4.635e-05 4.655e-05 4.615e-05 4.915e-05 4.67e-05 4.72e-05 4.695e-05 4.765e-05 4.62e-05 4.985e-05 4.795e-05 4.815e-05 4.43e-05 4.805e-05 4.585e-05 4.965e-05 4.63e-05 4.605e-05 4.49e-05 4.775e-05 4.58e-05 4.86e-05 4.69e-05 4.755e-05 4.595e-05 4.67e-05 4.375e-05 4.655e-05 4.82e-05 4.915e-05 4.56e-05 4.865e-05 4.96e-05 4.86e-05 4.71e-05 4.665e-05 4.74e-05 4.525e-05
11 4.48e-05 4.715e-05 4.55e-05 4.975e-05 4.735e-05 4.81e-05 4.89e-05 4.705e-05 4.635e-05 4.395e-05 4.57e-05 8.36e-05 4.355e-05 4.24e-05 4.83e-05 4.905e-05 4.985e-05 4.565e-05 4.645e-05 4.525e-05 4.54e-05 5.06e-05 5.135e-05 4.57e-05 4.705e-05 4.58e-05 4.88e-05 5.01e-05 4.48e-05 4.8e-05 4.83e-05 4.55e-05 4.975e-05 4.555e-05 4.845e-05 4.515e-05 4.545e-05 4.825e-05 4.36e-05 4.605e-05 4.885e-05 4.87e-05 4.605e-05 4.39e-05 4.86e-05 4.84e-05 4.66e-05 4.625e-05 4.585e-05 4.665e-05 4.585e-05 4.935e-05 4.95e-05 4.725e-05 4.435e-05 4.97e-05 4.54e-05 4.94e-05 4.85e-05 4.775e-05 4.76e-05 4.905e-05 4.545e-05 4.73e-05 4.24e-05 4.885e-05 4.58e-05 4.635e-05 4.31e-05 4.555e-05 4.245e-05 5.06e-05 4.71e-05 4.76e-05 4.625e-05 5.085e-05 4.885e-05 5.005e-05 4.485e-05 4.89e-05 4.615e-05 5.03e-05 4.535e-05 4.71e-05 4.905e-05 4.665e-05 4.545e-05 4.895e-05 4.89e-05 4.655e-05 4.78e-05 4.885e-05 4.555e-05 4.8e-05 4.94e-05 4.74e-05 4.71e-05 4.46e-05 4.68e-05 4.335e-05
12 5.605e-05 4.71e-05 4.57e-05 1.28e-05 2.025e-05 2.155e-05 4.845e-05 2.045e-05 2.005e-05 1.75e-05 4.71e-05 4.355e-05 1.09e-05 4.345e-05 1.04e-05 5.905e-05 5.01e-05 4.64e-05 5.685e-05 4.6e-05 8.45e-06 8.71e-05 5.1e-05 4.715e-05 2.05e-05 9.15e-06 5.87e-05 4.975e-05 8.28e-05 8.53e-05 2.03e-05 5.69e-05 1.28e-05 8.315e-05 4.845e-05 4.525e-05 2.935e-05 2.035e-05 1.76e-05 1.98e-05 2.2e-05 1.175e-05 4.68e-05 5.55e-05 2.175e-05 1.12e-05 8.48e-05 8.355e-05 1.915e-05 2.005e-05 1.93e-05 4.895e-05 5.955e-05 2.09e-05 1.81e-05 5.905e-05 4.56e-05 3.255e-05 5.85e-05 1.08e-05 8.495e-05 5.885e-05 8.315e-05 4.74e-05 4.345e-05 5.915e-05 8.34e-05 8.7e-06 1.67e-05 2.945e-05 4.36e-05 8.71e-05 2.08e-05 2.075e-05 4.7e-05 5.02e-05 4.885e-05 8.67e-05 5.575e-05 4.88e-05 4.66e-05 2.34e-05 4.61e-05 3.09e-05 1.235e-05 5.68e-05 8.5e-06 4.855e-05 1.24e-05 1.975e-05 1.145e-05 5.865e-05 8.9e-06 2.07e-05 5.945e-05 3.075e-05 3.83e-05 1.83e-05 8.435e-05 5.47e-05
13 4.475e-05 4.705e-05 4.55e-05 4.97e-05 4.71e-05 4.81e-05 4.88e-05 4.735e-05 4.665e-05 4.38e-05 4.615e-05 4.24e-05 4.345e-05 8.35e-05 4.82e-05 4.895e-05 5.02e-05 4.51e-05 4.675e-05 4.485e-05 4.545e-05 5.035e-05 5.115e-05 4.62e-05 4.69e-05 4.575e-05 4.865e-05 4.99e-05 4.485e-05 4.745e-05 4.82e-05 4.59e-05 4.97e-05 4.51e-05 4.84e-05 4.47e-05 4.575e-05 4.805e-05 4.39e-05 4.635e-05 4.87e-05 4.865e-05 4.565e-05 4.435e-05 4.855e-05 4.83e-05 4.71e-05 4.585e-05 4.57e-05 4.66e-05 4.58e-05 4.925e-05 4.935e-05 4.755e-05 4.43e-05 4.945e-05 4.53e-05 4.93e-05 4.84e-05 4.77e-05 4.705e-05 4.865e-05 4.53e-05 4.7e-05 4.2e-05 4.9e-05 4.55e-05 4.615e-05 4.32e-05 4.585e-05 4.235e-05 5.035e-05 4.705e-05 4.75e-05 4.585e-05 5.065e-05 4.88e-05 4.995e-05 4.44e-05 4.88e-05 4.575e-05 5.02e-05 4.495e-05 4.74e-05 4.895e-05 4.66e-05 4.545e-05 4.885e-05 4.925e-05 4.63e-05 4.765e-05 4.845e-05 4.555e-05 4.78e-05 4.925e-05 4.735e-05 4.725e-05 4.48e-05 4.66e-05 4.345e-05
14 5.98e-05 4.925e-05 4.885e-05 7.15e-06 1.955e-05 2.08e-05 4.615e-05 1.985e-05 2.22e-05 2.23e-05 4.635e-05 4.83e-05 1.04e-05 4.82e-05 1.08e-05 6.04e-05 4.905e-05 4.74e-05 5.87e-05 4.825e-05 8.1e-06 8.705e-05 4.765e-05 4.64e-05 2.425e-05 8.9e-06 5.755e-05 4.93e-05 8.545e-05 8.695e-05 1.845e-05 5.735e-05 7.15e-06 8.58e-05 4.61e-05 4.545e-05 3.365e-05 2.285e-05 2.225e-05 2.33e-05 2.22e-05 9e-06 4.615e-05 5.98e-05 2.27e-05 7.7e-06 8.715e-05 8.52e-05 2.29e-05 2.21e-05 2.275e-05 4.655e-05 6.11e-05 2.015e-05 2.275e-05 5.975e-05 4.865e-05 3.18e-05 5.735e-05 1.095e-05 8.66e-05 6.05e-05 8.53e-05 4.875e-05 4.82e-05 6.07e-05 8.605e-05 1.045e-05 2.145e-05 3.375e-05 4.785e-05 8.705e-05 2.155e-05 1.865e-05 4.635e-05 4.7e-05 4.65e-05 8.745e-05 5.895e-05 4.645e-05 4.59e-05 2.145e-05 4.835e-05 3.41e-05 9.05e-06 5.935e-05 7.75e-06 4.615e-05 8.25e-06 2.17e-05 1.02e-05 6.03e-05 8.7e-06 2.4e-05 6.1e-05 3.365e-05 3.985e-05 2.125e-05 8.68e-05 5.895e-05
15 3.645e-05 4.965e-05 4.675e-05 6.185e-05 4.99e-05 4.885e-05 4.72e-05 4.945e-05 5.1e-05 5.01e-05 4.925e-05 4.905e-05 5.905e-05 4.895e-05 6.04e-05 6.4e-05 4.72e-05 4.96e-05 3.55e-05 5.025e-05 6.165e-05 3.53e-05 5.02e-05 4.93e-05 4.68e-05 6.145e-05 3.61e-05 5.095e-05 3.59e-05 3.77e-05 4.79e-05 3.84e-05 6.185e-05 3.44e-05 4.835e-05 4.765e-05 3.86e-05 5.03e-05 4.98e-05 4.755e-05 4.665e-05 6.28e-05 4.905e-05 3.795e-05 4.785e-05 6.125e-05 3.635e-05 3.72e-05 4.69e-05 4.625e-05 4.665e-05 4.725e-05 3.7e-05 4.98e-05 4.865e-05 3.535e-05 4.69e-05 3.6e-05 3.775e-05 6.385e-05 3.735e-05 3.805e-05 3.43e-05 4.51e-05 4.895e-05 3.825e-05 3.43e-05 5.805e-05 4.88e-05 3.87e-05 4.9e-05 3.52e-05 4.765e-05 5e-05 4.925e-05 4.945e-05 4.875e-05 3.415e-05 3.515e-05 4.675e-05 4.945e-05 4.755e-05 5.035e-05 3.515e-05 6.05e-05 3.455e-05 6.13e-05 4.72e-05 6.01e-05 4.94e-05 5.995e-05 3.785e-05 6.125e-05 4.525e-05 3.69e-05 3.47e-05 3.815e-05 4.785e-05 3.595e-05 3.68e-05
16 4.79e-05 4.9e-05 4.94e-05 4.74e-05 4.86e-05 4.74e-05 4.755e-05 4.765e-05 4.925e-05 5.09e-05 4.715e-05 4.985e-05 5.01e-05 5.02e-05 4.905e-05 4.72e-05 8.53e-05 4.8e-05 4.675e-05 4.89e-05 5.04e-05 4.625e-05 4.66e-05 4.72e-05 4.775e-05 4.985e-05 4.905e-05 4.77e-05 4.625e-05 4.685e-05 4.78e-05 4.93e-05 4.74e-05 4.725e-05 4.62e-05 4.88e-05 4.9e-05 4.9e-05 5.065e-05 5.03e-05 4.965e-05 4.86e-05 4.745e-05 4.83e-05 4.87e-05 4.965e-05 4.5e-05 4.655e-05 4.76e-05 4.96e-05 5.01e-05 4.735e-05 4.65e-05 4.765e-05 5.005e-05 4.8e-05 4.975e-05 4.955e-05 4.855e-05 4.99e-05 4.66e-05 4.73e-05 4.72e-05 4.63e-05 5.02e-05 4.72e-05 4.695e-05 4.9e-05 4.995e-05 4.91e-05 5.03e-05 4.625e-05 4.96e-05 5.125e-05 4.76e-05 4.615e-05 4.66e-05 4.485e-05 4.79e-05 4.685e-05 4.815e-05 4.805e-05 4.9e-05 4.82e-05 4.89e-05 4.73e-05 5.005e-05 4.75e-05 4.485e-05 4.81e-05 5.07e-05 4.715e-05 4.965e-05 4.77e-05 4.64e-05 4.79e-05 4.695e-05 4.86e-05 4.515e-05 4.75e-05
17 4.705e-05 4.9e-05 4.775e-05 4.545e-05 4.68e-05 4.71e-05 4.755e-05 4.715e-05 4.665e-05 4.7e-05 4.52e-05 4.565e-05 4.64e-05 4.51e-05 4.74e-05 4.96e-05 4.8e-05 8.82e-05 4.79e-05 4.48e-05 4.62e-05 5.04e-05 4.89e-05 4.525e-05 4.845e-05 4.57e-05 4.94e-05 4.855e-05 4.605e-05 4.85e-05 4.76e-05 4.765e-05 4.545e-05 4.645e-05 4.63e-05 4.64e-05 4.8e-05 4.765e-05 4.72e-05 4.89e-05 5.01e-05 4.53e-05 4.47e-05 4.655e-05 4.78e-05 4.77e-05 4.815e-05 4.665e-05 4.73e-05 4.915e-05 4.835e-05 4.79e-05 5.035e-05 4.66e-05 4.755e-05 5.04e-05 4.755e-05 5.035e-05 4.9e-05 4.525e-05 4.81e-05 4.975e-05 4.665e-05 4.67e-05 4.525e-05 5.01e-05 4.685e-05 4.745e-05 4.645e-05 4.81e-05 4.56e-05 5.04e-05 4.86e-05 4.9e-05 4.49e-05 4.91e-05 4.67e-05 5e-05 4.63e-05 4.685e-05 4.54e-05 4.855e-05 4.49e-05 4.91e-05 4.795e-05 4.795e-05 4.62e-05 4.75e-05 4.505e-05 4.63e-05 4.9e-05 4.955e-05 4.55e-05 4.89e-05 5.025e-05 4.9e-05 4.805e-05 4.695e-05 4.765e-05 4.58e-05
18 3.59e-05 4.93e-05 4.675e-05 6.06e-05 4.795e-05 4.87e-05 4.7e-05 4.69e-05 4.89e-05 4.84e-05 4.715e-05 4.645e-05 5.685e-05 4.675e-05 5.87e-05 3.55e-05 4.675e-05 4.79e-05 6.43e-05 4.855e-05 5.955e-05 3.685e-05 5.035e-05 4.72e-05 4.67e-05 5.97e-05 3.67e-05 5.11e-05 3.315e-05 3.745e-05 4.73e-05 3.675e-05 6.06e-05 3.41e-05 4.665e-05 4.585e-05 3.655e-05 5.055e-05 4.72e-05 4.835e-05 4.8e-05 6.155e-05 4.735e-05 3.59e-05 4.98e-05 5.93e-05 3.56e-05 3.57e-05 4.555e-05 4.77e-05 4.81e-05 4.75e-05 3.825e-05 4.78e-05 4.8e-05 3.695e-05 4.655e-05 3.84e-05 3.65e-05 6.26e-05 3.705e-05 3.775e-05 3.405e-05 4.495e-05 4.675e-05 3.755e-05 3.435e-05 5.655e-05 4.69e-05 3.665e-05 4.685e-05 3.685e-05 4.575e-05 4.885e-05 4.755e-05 4.915e-05 4.705e-05 3.565e-05 3.47e-05 4.7e-05 4.75e-05 4.95e-05 4.865e-05 3.625e-05 5.9e-05 3.455e-05 5.92e-05 4.71e-05 5.83e-05 4.775e-05 5.845e-05 3.755e-05 5.95e-05 4.655e-05 3.815e-05 3.635e-05 3.6e-05 4.545e-05 3.56e-05 3.435e-05
19 4.7e-05 4.905e-05 4.77e-05 4.65e-05 4.725e-05 4.76e-05 4.835e-05 4.76e-05 4.615e-05 4.645e-05 4.57e-05 4.525e-05 4.6e-05 4.485e-05 4.825e-05 5.025e-05 4.89e-05 4.48e-05 4.855e-05 8.81e-05 4.635e-05 5.115e-05 4.985e-05 4.575e-05 4.87e-05 4.585e-05 5.005e-05 4.85e-05 4.635e-05 4.88e-05 4.84e-05 4.795e-05 4.65e-05 4.665e-05 4.715e-05 4.66e-05 4.78e-05 4.705e-05 4.68e-05 4.885e-05 5.07e-05 4.535e-05 4.51e-05 4.635e-05 4.765e-05 4.845e-05 4.855e-05 4.705e-05 4.755e-05 4.91e-05 4.83e-05 4.87e-05 5.075e-05 4.71e-05 4.715e-05 5.105e-05 4.75e-05 5.1e-05 4.965e-05 4.42e-05 4.84e-05 5.015e-05 4.695e-05 4.69e-05 4.475e-05 5.05e-05 4.715e-05 4.77e-05 4.605e-05 4.79e-05 4.52e-05 5.115e-05 4.92e-05 4.96e-05 4.525e-05 5e-05 4.755e-05 5.075e-05 4.65e-05 4.77e-05 4.57e-05 4.94e-05 4.415e-05 4.94e-05 4.87e-05 4.825e-05 4.635e-05 4.83e-05 4.605e-05 4.58e-05 4.955e-05 4.995e-05 4.565e-05 4.92e-05 5.065e-05 4.93e-05 4.845e-05 4.72e-05 4.805e-05 4.575e-05
20 5.98e-05 4.73e-05 4.69e-05 7.15e-06 1.935e-05 2.045e-05 4.715e-05 2.03e-05 2.005e-05 1.88e-05 4.63e-05 4.54e-05 8.45e-06 4.545e-05 8.1e-06 6.165e-05 5.04e-05 4.62e-05 5.955e-05 4.635e-05 1.02e-05 8.89e-05 4.855e-05 4.635e-05 2.415e-05 6.15e-06 6.04e-05 4.83e-05 8.635e-05 8.765e-05 1.95e-05 5.92e-05 7.15e-06 8.675e-05 4.7e-05 4.83e-05 3.265e-05 2.13e-05 1.925e-05 2.085e-05 2.355e-05 7.1e-06 4.615e-05 5.9e-05 2.11e-05 8.65e-06 8.78e-05 8.605e-05 2.275e-05 2.18e-05 2.03e-05 4.745e-05 6.165e-05 1.985e-05 1.965e-05 6.115e-05 4.685e-05 3.4e-05 6.015e-05 7.15e-06 8.75e-05 6.12e-05 8.66e-05 4.99e-05 4.545e-05 6.135e-05 8.695e-05 1.205e-05 1.82e-05 3.275e-05 4.545e-05 8.89e-05 2.255e-05 2.065e-05 4.635e-05 4.86e-05 4.74e-05 8.91e-05 5.91e-05 4.74e-05 4.59e-05 2.185e-05 4.645e-05 3.39e-05 1.08e-05 5.99e-05 5.15e-06 4.71e-05 8.9e-06 2.075e-05 1.22e-05 6.1e-05 5.9e-06 2.46e-05 6.155e-05 3.365e-05 4.045e-05 2.07e-05 8.74e-05 5.865e-05
21 3.89e-05 4.78e-05 4.765e-05 8.815e-05 7.765e-05 7.705e-05 4.715e-05 7.725e-05 7.935e-05 7.875e-05 4.985e-05 5.06e-05 8.71e-05 5.035e-05 8.705e-05 3.53e-05 4.625e-05 5.04e-05 3.685e-05 5.115e-05 8.89e-05 1.12e-05 4.74e-05 4.99e-05 7.6e-05 8.87e-05 3.715e-05 4.86e-05 9.15e-06 8.6e-06 7.655e-05 4.01e-05 8.815e-05 8.5e-06 4.745e-05 4.845e-05 6.79e-05 7.845e-05 7.865e-05 7.75e-05 7.63e-05 8.955e-05 4.95e-05 3.995e-05 7.78e-05 8.82e-05 9.1e-06 8.9e-06 7.59e-05 7.645e-05 7.71e-05 4.72e-05 3.61e-05 7.77e-05 7.78e-05 3.72e-05 4.78e-05 6.66e-05 3.795e-05 9.105e-05 8.7e-06 3.67e-05 8.5e-06 4.585e-05 5.035e-05 3.705e-05 8.4e-06 8.59e-05 7.775e-05 6.8e-05 5.05e-05 5.7e-06 7.685e-05 7.815e-05 4.97e-05 4.655e-05 4.785e-05 6.25e-06 3.79e-05 4.68e-05 4.99e-05 7.695e-05 5.125e-05 6.625e-05 8.735e-05 3.62e-05 8.855e-05 4.715e-05 8.7e-05 7.765e-05 8.755e-05 3.65e-05 8.85e-05 7.5e-05 3.6e-05 6.54e-05 5.625e-05 7.665e-05 8.65e-06 3.885e-05
22 5.1e-05 4.815e-05 5.04e-05 4.43e-05 4.87e-05 4.765e-05 4.775e-05 4.9e-05 5.065e-05 5.16e-05 4.785e-05 5.135e-05 5.1e-05 5.115e-05 4.765e-05 5.02e-05 4.66e-05 4.89e-05 5.035e-05 4.985e-05 4.855e-05 4.74e-05 8.85e-05 4.79e-05 5.075e-05 4.8e-05 5.05e-05 4.685e-05 4.955e-05 4.795e-05 4.875e-05 5.125e-05 4.43e-05 5.02e-05 4.635e-05 5.02e-05 5.21e-05 4.99e-05 5.205e-05 5.165e-05 5.11e-05 4.675e-05 4.755e-05 5.15e-05 4.97e-05 4.83e-05 4.89e-05 4.765e-05 5.055e-05 5.115e-05 5.11e-05 4.755e-05 4.775e-05 4.78e-05 5.115e-05 4.995e-05 5.075e-05 5.1e-05 5e-05 4.89e-05 4.75e-05 4.815e-05 5.02e-05 4.925e-05 5.115e-05 4.875e-05 4.99e-05 5.03e-05 5.1e-05 5.22e-05 5.13e-05 4.74e-05 5.13e-05 5.05e-05 4.775e-05 4.525e-05 4.63e-05 4.825e-05 5.085e-05 4.7e-05 4.83e-05 4.785e-05 4.995e-05 5.16e-05 4.83e-05 5.035e-05 4.82e-05 4.77e-05 4.555e-05 4.985e-05 5.06e-05 4.815e-05 4.78e-05 5.06e-05 4.765e-05 5.095e-05 4.84e-05 5.08e-05 4.845e-05 5.085e-05
23 4.67e-05 4.94e-05 4.84e-05 4.42e-05 4.62e-05 4.625e-05 4.68e-05 4.6e-05 4.69e-05 4.79e-05 4.38e-05 4.57e-05 4.715e-05 4.62e-05 4.64e-05 4.93e-05 4.72e-05 4.525e-05 4.72e-05 4.575e-05 4.635e-05 4.99e-05 4.79e-05 8.75e-05 4.82e-05 4.58e-05 4.89e-05 4.895e-05 4.56e-05 4.83e-05 4.685e-05 4.66e-05 4.42e-05 4.65e-05 4.545e-05 4.62e-05 4.76e-05 4.84e-05 4.745e-05 4.92e-05 4.96e-05 4.54e-05 4.425e-05 4.6e-05 4.84e-05 4.67e-05 4.725e-05 4.63e-05 4.705e-05 4.915e-05 4.895e-05 4.715e-05 4.975e-05 4.545e-05 4.81e-05 5e-05 4.82e-05 4.98e-05 4.845e-05 4.68e-05 4.79e-05 4.94e-05 4.64e-05 4.66e-05 4.62e-05 4.92e-05 4.675e-05 4.725e-05 4.7e-05 4.77e-05 4.625e-05 4.99e-05 4.8e-05 4.82e-05 4.435e-05 4.81e-05 4.59e-05 4.97e-05 4.635e-05 4.61e-05 4.495e-05 4.78e-05 4.585e-05 4.865e-05 4.695e-05 4.76e-05 4.6e-05 4.675e-05 4.38e-05 4.66e-05 4.825e-05 4.92e-05 4.565e-05 4.87e-05 4.965e-05 4.865e-05 4.715e-05 4.67e-05 4.745e-05 4.53e-05
24 4.29e-05 4.93e-05 4.895e-05 2.5e-05 2.145e-05 1.95e-05 5.075e-05 2.1e-05 2.2e-05 2.04e-05 4.815e-05 4.705e-05 2.05e-05 4.69e-05 2.425e-05 4.68e-05 4.775e-05 4.845e-05 4.67e-05 4.87e-05 2.415e-05 7.6e-05 5.075e-05 4.82e-05 2.85e-05 2.37e-05 4.89e-05 5.11e-05 7.295e-05 7.375e-05 2.24e-05 4.68e-05 2.5e-05 7.34e-05 4.975e-05 4.695e-05 1.805e-05 2.13e-05 2.03e-05 2.065e-05 1.975e-05 2.555e-05 4.79e-05 4.49e-05 2.195e-05 2.35e-05 7.29e-05 7.32e-05 1.495e-05 1.98e-05 2.025e-05 5.055e-05 4.505e-05 2.095e-05 1.855e-05 4.745e-05 4.93e-05 2e-05 4.865e-05 2.62e-05 7.36e-05 4.68e-05 7.345e-05 4.73e-05 4.69e-05 4.705e-05 7.31e-05 1.855e-05 1.9e-05 1.815e-05 4.71e-05 7.6e-05 1.875e-05 2.17e-05 4.81e-05 5.015e-05 5.015e-05 7.51e-05 4.43e-05 5.015e-05 4.85e-05 2.2e-05 4.88e-05 1.79e-05 2.19e-05 4.58e-05 2.38e-05 5.07e-05 2.3e-05 2.04e-05 2.01e-05 4.66e-05 2.35e-05 1.64e-05 4.51e-05 1.685e-05 2.81e-05 1.825e-05 7.25e-05 4.365e-05
25 5.96e-05 4.765e-05 4.73e-05 6.3e-06 1.95e-05 1.99e-05 4.73e-05 2.05e-05 1.96e-05 1.885e-05 4.575e-05 4.58e-05 9.15e-06 4.575e-05 8.9e-06 6.145e-05 4.985e-05 4.57e-05 5.97e-05 4.585e-05 6.15e-06 8.87e-05 4.8e-05 4.58e-05 2.37e-05 1.17e-05 6.03e-05 4.775e-05 8.62e-05 8.745e-05 1.995e-05 5.91e-05 6.3e-06 8.66e-05 4.635e-05 4.845e-05 3.23e-05 2.075e-05 1.96e-05 2.115e-05 2.36e-05 6.1e-06 4.565e-05 5.86e-05 2.055e-05 9e-06 8.76e-05 8.56e-05 2.235e-05 2.21e-05 2.045e-05 4.755e-05 6.14e-05 1.935e-05 1.99e-05 6.125e-05 4.715e-05 3.385e-05 6.005e-05 6.3e-06 8.73e-05 6.105e-05 8.645e-05 4.94e-05 4.565e-05 6.12e-05 8.68e-05 1.195e-05 1.86e-05 3.24e-05 4.575e-05 8.87e-05 2.245e-05 2.08e-05 4.58e-05 4.87e-05 4.69e-05 8.89e-05 5.895e-05 4.69e-05 4.6e-05 2.13e-05 4.595e-05 3.375e-05 1.07e-05 5.975e-05 6.15e-06 4.72e-05 8.05e-06 2.03e-05 1.205e-05 6.085e-05 5.9e-06 2.415e-05 6.13e-05 3.345e-05 4e-05 2.085e-05 8.72e-05 5.85e-05
26 3.805e-05 5.01e-05 4.765e-05 6.055e-05 4.88e-05 5e-05 4.735e-05 4.845e-05 5.035e-05 4.985e-05 4.885e-05 4.88e-05 5.87e-05 4.865e-05 5.755e-05 3.61e-05 4.905e-05 4.94e-05 3.67e-05 5.005e-05 6.04e-05 3.715e-05 5.05e-05 4.89e-05 4.89e-05 6.03e-05 6.76e-05 5.15e-05 3.645e-05 3.86e-05 4.82e-05 3.555e-05 6.055e-05 3.545e-05 4.805e-05 4.575e-05 3.86e-05 5.155e-05 4.905e-05 4.965e-05 4.785e-05 6.175e-05 4.86e-05 3.845e-05 5.05e-05 5.91e-05 3.825e-05 3.725e-05 4.78e-05 4.785e-05 4.92e-05 4.785e-05 3.975e-05 4.95e-05 4.995e-05 3.8e-05 4.73e-05 3.595e-05 3.5e-05 6.305e-05 3.85e-05 3.87e-05 3.5e-05 4.625e-05 4.865e-05 3.895e-05 3.59e-05 5.72e-05 4.89e-05 3.87e-05 4.83e-05 3.715e-05 4.74e-05 4.575e-05 4.88e-05 4.965e-05 4.845e-05 3.67e-05 3.65e-05 4.71e-05 4.885e-05 4.985e-05 5.015e-05 3.795e-05 5.865e-05 3.605e-05 6.005e-05 4.73e-05 5.965e-05 4.895e-05 5.75e-05 3.85e-05 6.01e-05 4.815e-05 3.965e-05 3.785e-05 3.765e-05 4.725e-05 3.79e-05 3.735e-05
27 5.105e-05 4.745e-05 4.95e-05 4.675e-05 4.97e-05 4.87e-05 4.91e-05 5e-05 4.92e-05 4.99e-05 4.89e-05 5.01e-05 4.975e-05 4.99e-05 4.93e-05 5.095e-05 4.77e-05 4.855e-05 5.11e-05 4.85e-05 4.83e-05 4.86e-05 4.685e-05 4.895e-05 5.11e-05 4.775e-05 5.15e-05 9.18e-05 4.995e-05 4.88e-05 5.01e-05 5.19e-05 4.675e-05 5.06e-05 4.775e-05 5.085e-05 5.17e-05 4.855e-05 5.08e-05 5.075e-05 5.205e-05 4.64e-05 4.86e-05 5.11e-05 4.87e-05 4.985e-05 4.95e-05 4.85e-05 5.09e-05 5.09e-05 5.02e-05 4.89e-05 4.845e-05 4.925e-05 4.99e-05 5.095e-05 4.985e-05 5.2e-05 5.1e-05 4.615e-05 4.865e-05 4.93e-05 5.06e-05 4.955e-05 4.99e-05 4.935e-05 5.03e-05 5.065e-05 4.975e-05 5.18e-05 5.005e-05 4.86e-05 5.225e-05 5.17e-05 4.88e-05 4.69e-05 4.815e-05 4.92e-05 5.125e-05 4.84e-05 4.93e-05 4.965e-05 4.86e-05 5.175e-05 4.985e-05 5.075e-05 4.83e-05 4.905e-05 4.71e-05 4.9e-05 5.175e-05 4.91e-05 4.755e-05 5.1e-05 4.835e-05 5.135e-05 4.935e-05 5.08e-05 4.905e-05 5.09e-05
28 3.42e-05 4.845e-05 4.64e-05 8.715e-05 7.435e-05 7.525e-05 4.695e-05 7.35e-05 7.495e-05 7.475e-05 4.555e-05 4.48e-05 8.28e-05 4.485e-05 8.545e-05 3.59e-05 4.625e-05 4.605e-05 3.315e-05 4.635e-05 8.635e-05 9.15e-06 4.955e-05 4.56e-05 7.295e-05 8.62e-05 3.645e-05 4.995e-05 7.4e-06 8.5e-06 7.51e-05 3.525e-05 8.715e-05 5.35e-06 4.565e-05 4.39e-05 6.28e-05 7.635e-05 7.355e-05 7.56e-05 7.545e-05 8.775e-05 4.55e-05 3.415e-05 7.675e-05 8.63e-05 7.05e-06 6.6e-06 7.19e-05 7.48e-05 7.535e-05 4.75e-05 3.745e-05 7.43e-05 7.45e-05 3.74e-05 4.615e-05 6.58e-05 3.56e-05 8.845e-05 7.85e-06 3.65e-05 5.45e-06 4.38e-05 4.485e-05 3.66e-05 5.65e-06 8.24e-05 7.35e-05 6.29e-05 4.51e-05 9.15e-06 7.38e-05 7.575e-05 4.57e-05 4.855e-05 4.605e-05 8.35e-06 3.375e-05 4.665e-05 4.595e-05 7.67e-05 4.645e-05 6.34e-05 8.55e-05 3.43e-05 8.6e-05 4.705e-05 8.475e-05 7.35e-05 8.49e-05 3.63e-05 8.6e-05 7.325e-05 3.735e-05 6.375e-05 5.4e-05 7.205e-05 6.8e-06 3.245e-05
29 3.62e-05 4.735e-05 4.855e-05 8.79e-05 7.585e-05 7.565e-05 4.925e-05 7.54e-05 7.725e-05 7.645e-05 4.825e-05 4.8e-05 8.53e-05 4.745e-05 8.695e-05 3.77e-05 4.685e-05 4.85e-05 3.745e-05 4.88e-05 8.765e-05 8.6e-06 4.795e-05 4.83e-05 7.375e-05 8.745e-05 3.86e-05 4.88e-05 8.5e-06 1.39e-05 7.68e-05 3.785e-05 8.79e-05 8.85e-06 4.83e-05 4.66e-05 6.51e-05 7.7e-05 7.59e-05 7.665e-05 7.6e-05 8.895e-05 4.75e-05 3.73e-05 7.75e-05 8.74e-05 8.55e-06 7.95e-06 7.37e-05 7.545e-05 7.615e-05 4.92e-05 3.55e-05 7.62e-05 7.54e-05 3.795e-05 4.89e-05 6.6e-05 3.815e-05 9.01e-05 7.5e-06 3.56e-05 9.3e-06 4.685e-05 4.735e-05 3.61e-05 8.8e-06 8.46e-05 7.54e-05 6.52e-05 4.795e-05 8.6e-06 7.58e-05 7.675e-05 4.77e-05 4.7e-05 4.87e-05 9.4e-06 3.625e-05 4.89e-05 4.8e-05 7.695e-05 4.89e-05 6.48e-05 8.645e-05 3.72e-05 8.73e-05 4.935e-05 8.655e-05 7.54e-05 8.61e-05 3.54e-05 8.725e-05 7.405e-05 3.54e-05 6.465e-05 5.53e-05 7.43e-05 8e-06 3.585e-05
30 4.915e-05 4.99e-05 4.825e-05 1.865e-05 1.95e-05 2.08e-05 4.585e-05 1.845e-05 2.19e-05 2.185e-05 4.68e-05 4.83e-05 2.03e-05 4.82e-05 1.845e-05 4.79e-05 4.78e-05 4.76e-05 4.73e-05 4.84e-05 1.95e-05 7.655e-05 4.875e-05 4.685e-05 2.24e-05 1.995e-05 4.82e-05 5.01e-05 7.51e-05 7.68e-05 3.06e-05 4.855e-05 1.865e-05 7.465e-05 4.67e-05 4.71e-05 2.215e-05 2.295e-05 2.18e-05 2.175e-05 2.065e-05 2.02e-05 4.66e-05 4.875e-05 2.15e-05 1.885e-05 7.655e-05 7.52e-05 2.1e-05 2.09e-05 2.14e-05 4.635e-05 5.07e-05 2.01e-05 2.23e-05 4.835e-05 4.805e-05 2.165e-05 4.87e-05 2.185e-05 7.665e-05 5.01e-05 7.455e-05 4.685e-05 4.82e-05 5.03e-05 7.485e-05 2.06e-05 2.095e-05 2.225e-05 4.825e-05 7.655e-05 2.075e-05 2.09e-05 4.68e-05 4.67e-05 4.71e-05 7.63e-05 4.705e-05 4.635e-05 4.63e-05 2.055e-05 4.85e-05 2.17e-05 1.895e-05 4.765e-05 1.915e-05 4.6e-05 1.805e-05 2.05e-05 2.12e-05 4.99e-05 1.975e-05 2.185e-05 5.06e-05 2.085e-05 2.94e-05 1.995e-05 7.62e-05 4.785e-05
31 3.515e-05 4.985e-05 4.85e-05 6.035e-05 4.75e-05 4.86e-05 4.935e-05 4.655e-05 4.82e-05 4.76e-05 4.655e-05 4.55e-05 5.69e-05 4.59e-05 5.735e-05 3.84e-05 4.93e-05 4.765e-05 3.675e-05 4.795e-05 5.92e-05 4.01e-05 5.125e-05 4.66e-05 4.68e-05 5.91e-05 3.555e-05 5.19e-05 3.525e-05 3.785e-05 4.855e-05 6.58e-05 6.035e-05 3.595e-05 4.87e-05 4.4e-05 3.575e-05 5.03e-05 4.625e-05 4.855e-05 4.77e-05 6.12e-05 4.685e-05 3.51e-05 5.025e-05 5.84e-05 3.7e-05 3.645e-05 4.575e-05 4.695e-05 4.83e-05 4.98e-05 3.93e-05 4.77e-05 4.755e-05 3.9e-05 4.83e-05 3.57e-05 3.53e-05 6.215e-05 3.77e-05 3.825e-05 3.55e-05 4.735e-05 4.59e-05 3.81e-05 3.62e-05 5.58e-05 4.655e-05 3.585e-05 4.56e-05 4.01e-05 4.63e-05 4.475e-05 4.705e-05 5.03e-05 4.91e-05 3.975e-05 3.515e-05 4.91e-05 4.72e-05 4.995e-05 4.805e-05 3.645e-05 5.775e-05 3.69e-05 5.885e-05 4.94e-05 5.885e-05 4.72e-05 5.61e-05 3.805e-05 5.89e-05 4.74e-05 3.92e-05 3.715e-05 3.68e-05 4.495e-05 3.72e-05 3.4e-05
32 6.165e-05 4.995e-05 5.025e-05 5e-07 1.85e-05 1.82e-05 4.535e-05 1.96e-05 2.03e-05 2.295e-05 4.415e-05 4.975e-05 1.28e-05 4.97e-05 7.15e-06 6.185e-05 4.74e-05 4.545e-05 6.06e-05 4.65e-05 7.15e-06 8.815e-05 4.43e-05 4.42e-05 2.5e-05 6.3e-06 6.055e-05 4.675e-05 8.715e-05 8.79e-05 1.865e-05 6.035e-05 9e-07 8.77e-05 4.37e-05 4.965e-05 3.46e-05 2.105e-05 2.36e-05 2.44e-05 2.45e-05 3.15e-06 4.4e-05 6.085e-05 2.05e-05 7.45e-06 8.84e-05 8.58e-05 2.37e-05 2.47e-05 2.38e-05 4.55e-05 6.18e-05 1.73e-05 2.38e-05 6.17e-05 5.01e-05 3.44e-05 6.015e-05 5.5e-06 8.775e-05 6.155e-05 8.755e-05 4.885e-05 4.97e-05 6.17e-05 8.79e-05 1.3e-05 2.255e-05 3.47e-05 4.97e-05 8.815e-05 2.35e-05 2.155e-05 4.42e-05 4.61e-05 4.37e-05 8.87e-05 6.06e-05 4.425e-05 4.495e-05 1.855e-05 4.66e-05 3.545e-05 8.75e-06 6.085e-05 6.8e-06 4.515e-05 3.15e-06 2.05e-05 1.265e-05 6.135e-05 6.1e-06 2.5e-05 6.17e-05 3.485e-05 4.02e-05 2.31e-05 8.8e-05 6.06e-05
33 3.465e-05 4.895e-05 4.565e-05 8.77e-05 7.5e-05 7.575e-05 4.62e-05 7.465e-05 7.6e-05 7.51e-05 4.645e-05 4.555e-05 8.315e-05 4.51e-05 8.58e-05 3.44e-05 4.725e-05 4.645e-05 3.41e-05 4.665e-05 8.675e-05 8.5e-06 5.02e-05 4.65e-05 7.34e-05 8.66e-05 3.545e-05 5.06e-05 5.35e-06 8.85e-06 7.465e-05 3.595e-05 8.77e-05 8.5e-06 4.665e-05 4.4e-05 6.38e-05 7.685e-05 7.445e-05 7.54e-05 7.475e-05 8.83e-05 4.58e-05 3.5e-05 7.655e-05 8.66e-05 7.95e-06 7.25e-06 7.235e-05 7.445e-05 7.5e-05 4.68e-05 3.805e-05 7.535e-05 7.485e-05 3.71e-05 4.525e-05 6.54e-05 3.64e-05 8.9e-05 8.25e-06 3.735e-05 4.65e-06 4.3e-05 4.5e-05 3.775e-05 5.05e-06 8.275e-05 7.385e-05 6.39e-05 4.545e-05 8.5e-06 7.36e-05 7.585e-05 4.6e-05 4.93e-05 4.705e-05 7.6e-06 3.295e-05 4.59e-05 4.615e-05 7.65e-05 4.675e-05 6.37e-05 8.6e-05 3.35e-05 8.64e-05 4.62e-05 8.575e-05 7.425e-05 8.515e-05 3.715e-05 8.64e-05 7.3e-05 3.795e-05 6.315e-05 5.515e-05 7.285e-05 7.45e-06 3.35e-05
34 4.905e-05 4.9e-05 4.815e-05 4.37e-05 4.69e-05 4.705e-05 4.54e-05 4.695e-05 4.83e-05 4.955e-05 4.54e-05 4.845e-05 4.845e-05 4.84e-05 4.61e-05 4.835e-05 4.62e-05 4.63e-05 4.665e-05 4.715e-05 4.7e-05 4.745e-05 4.635e-05 4.545e-05 4.975e-05 4.635e-05 4.805e-05 4.775e-05 4.565e-05 4.83e-05 4.67e-05 4.87e-05 4.37e-05 4.665e-05 8.65e-05 4.745e-05 4.965e-05 4.9e-05 4.965e-05 5.06e-05 5.03e-05 4.515e-05 4.53e-05 4.855e-05 4.87e-05 4.695e-05 4.785e-05 4.63e-05 4.855e-05 5.025e-05 5.005e-05 4.575e-05 4.95e-05 4.65e-05 5.005e-05 4.915e-05 4.795e-05 5.03e-05 4.69e-05 4.7e-05 4.79e-05 4.905e-05 4.655e-05 4.615e-05 4.84e-05 4.92e-05 4.69e-05 4.815e-05 4.89e-05 4.975e-05 4.845e-05 4.745e-05 4.92e-05 4.9e-05 4.545e-05 4.645e-05 4.38e-05 4.73e-05 4.81e-05 4.47e-05 4.6e-05 4.775e-05 4.725e-05 5.015e-05 4.71e-05 4.745e-05 4.665e-05 4.535e-05 4.38e-05 4.765e-05 4.925e-05 4.885e-05 4.63e-05 4.955e-05 4.94e-05 4.985e-05 4.715e-05 4.845e-05 4.75e-05 4.79e-05
35 4.47e-05 4.885e-05 4.73e-05 4.965e-05 4.725e-05 4.84e-05 4.775e-05 4.685e-05 4.875e-05 4.735e-05 4.615e-05 4.515e-05 4.525e-05 4.47e-05 4.545e-05 4.765e-05 4.88e-05 4.64e-05 4.585e-05 4.66e-05 4.83e-05 4.845e-05 5.02e-05 4.62e-05 4.695e-05 4.845e-05 4.575e-05 5.085e-05 4.39e-05 4.66e-05 4.71e-05 4.4e-05 4.965e-05 4.4e-05 4.745e-05 8.34e-05 4.67e-05 4.955e-05 4.685e-05 4.87e-05 4.73e-05 5.05e-05 4.55e-05 4.51e-05 5.01e-05 4.73e-05 4.64e-05 4.495e-05 4.58e-05 4.68e-05 4.82e-05 4.83e-05 4.875e-05 4.78e-05 4.74e-05 4.8e-05 4.705e-05 4.705e-05 4.555e-05 5.145e-05 4.6e-05 4.79e-05 4.395e-05 4.58e-05 4.46e-05 4.83e-05 4.455e-05 4.45e-05 4.63e-05 4.68e-05 4.47e-05 4.845e-05 4.6e-05 4.545e-05 4.57e-05 4.9e-05 4.785e-05 4.825e-05 4.41e-05 4.78e-05 4.56e-05 4.975e-05 4.67e-05 4.755e-05 4.715e-05 4.6e-05 4.795e-05 4.785e-05 4.855e-05 4.72e-05 4.56e-05 4.77e-05 4.825e-05 4.715e-05 4.865e-05 4.73e-05 4.66e-05 4.53e-05 4.595e-05 4.37e-05
36 3.475e-05 4.965e-05 4.86e-05 3.46e-05 1.995e-05 2.115e-05 5.08e-05 1.885e-05 1.94e-05 1.71e-05 4.755e-05 4.545e-05 2.935e-05 4.575e-05 3.365e-05 3.86e-05 4.9e-05 4.8e-05 3.655e-05 4.78e-05 3.265e-05 6.79e-05 5.21e-05 4.76e-05 1.805e-05 3.23e-05 3.86e-05 5.17e-05 6.28e-05 6.51e-05 2.215e-05 3.575e-05 3.46e-05 6.38e-05 4.965e-05 4.67e-05 8.1e-06 2.2e-05 1.72e-05 2.07e-05 2.16e-05 3.44e-05 4.775e-05 3.24e-05 2.245e-05 3.34e-05 6.42e-05 6.365e-05 1.69e-05 2e-05 2.05e-05 5.11e-05 3.845e-05 1.98e-05 1.905e-05 3.915e-05 4.845e-05 1.08e-05 3.81e-05 3.43e-05 6.52e-05 3.715e-05 6.375e-05 4.735e-05 4.575e-05 3.67e-05 6.4e-05 2.945e-05 1.795e-05 4.15e-06 4.585e-05 6.79e-05 1.965e-05 2.125e-05 4.795e-05 5.12e-05 5.005e-05 6.715e-05 3.48e-05 5.03e-05 4.825e-05 2.325e-05 4.79e-05 7.7e-06 3.225e-05 3.63e-05 3.23e-05 5.075e-05 3.235e-05 1.825e-05 3.115e-05 3.695e-05 3.21e-05 1.895e-05 3.835e-05 8.65e-06 1.655e-05 1.66e-05 6.425e-05 3.275e-05
37 4.815e-05 4.945e-05 4.93e-05 2.105e-05 2.185e-05 2.065e-05 5.02e-05 2.215e-05 2.065e-05 2.105e-05 4.835e-05 4.825e-05 2.035e-05 4.805e-05 2.285e-05 5.03e-05 4.9e-05 4.765e-05 5.055e-05 4.705e-05 2.13e-05 7.845e-05 4.99e-05 4.84e-05 2.13e-05 2.075e-05 5.155e-05 4.855e-05 7.635e-05 7.7e-05 2.295e-05 5.03e-05 2.105e-05 7.685e-05 4.9e-05 4.955e-05 2.2e-05 3.72e-05 2.165e-05 2.205e-05 2.39e-05 1.99e-05 4.805e-05 4.87e-05 2.045e-05 2.34e-05 7.67e-05 7.635e-05 2.13e-05 2.225e-05 2.145e-05 5e-05 4.93e-05 2.14e-05 2.055e-05 5.075e-05 4.965e-05 2.35e-05 5.12e-05 1.875e-05 7.685e-05 5.02e-05 7.685e-05 4.91e-05 4.805e-05 5.05e-05 7.655e-05 2.18e-05 2.06e-05 2.21e-05 4.82e-05 7.845e-05 2.4e-05 2.42e-05 4.825e-05 5.01e-05 4.94e-05 7.805e-05 4.91e-05 4.95e-05 4.875e-05 2.22e-05 4.715e-05 2.215e-05 2.34e-05 4.97e-05 2.13e-05 5.015e-05 2.065e-05 2.035e-05 2.455e-05 5e-05 2.055e-05 2.08e-05 4.92e-05 2.18e-05 3.095e-05 2.205e-05 7.625e-05 4.82e-05
38 4.59e-05 4.79e-05 4.67e-05 2.36e-05 1.975e-05 2.15e-05 5.005e-05 1.945e-05 1.88e-05 1.73e-05 4.74e-05 4.36e-05 1.76e-05 4.39e-05 2.225e-05 4.98e-05 5.065e-05 4.72e-05 4.72e-05 4.68e-05 1.925e-05 7.865e-05 5.205e-05 4.745e-05 2.03e-05 1.96e-05 4.905e-05 5.08e-05 7.355e-05 7.59e-05 2.18e-05 4.625e-05 2.36e-05 7.445e-05 4.965e-05 4.685e-05 1.72e-05 2.165e-05 3.11e-05 1.945e-05 2.22e-05 2.255e-05 4.76e-05 4.515e-05 2.2e-05 2.215e-05 7.52e-05 7.465e-05 1.91e-05 2.005e-05 1.92e-05 5.045e-05 4.975e-05 2.015e-05 1.77e-05 5.005e-05 4.635e-05 2.185e-05 4.875e-05 2.16e-05 7.6e-05 4.835e-05 7.435e-05 4.865e-05 4.39e-05 4.79e-05 7.465e-05 2.03e-05 1.655e-05 1.73e-05 4.375e-05 7.865e-05 2.06e-05 2.045e-05 4.78e-05 5.15e-05 5.005e-05 7.81e-05 4.595e-05 5.01e-05 4.765e-05 2.37e-05 4.69e-05 1.91e-05 2.28e-05 4.74e-05 1.925e-05 5.01e-05 2.285e-05 1.9e-05 2.155e-05 4.815e-05 1.94e-05 2.125e-05 4.965e-05 2.035e-05 2.75e-05 1.7e-05 7.52e-05 4.395e-05
39 4.695e-05 4.82e-05 4.695e-05 2.44e-05 2.25e-05 2.165e-05 5.02e-05 2.23e-05 2.185e-05 1.94e-05 4.915e-05 4.605e-05 1.98e-05 4.635e-05 2.33e-05 4.755e-05 5.03e-05 4.89e-05 4.835e-05 4.885e-05 2.085e-05 7.75e-05 5.165e-05 4.92e-05 2.065e-05 2.115e-05 4.965e-05 5.075e-05 7.56e-05 7.665e-05 2.175e-05 4.855e-05 2.44e-05 7.54e-05 5.06e-05 4.87e-05 2.07e-05 2.205e-05 1.945e-05 3.57e-05 2.055e-05 2.37e-05 4.93e-05 4.745e-05 2.085e-05 2.345e-05 7.565e-05 7.625e-05 2.06e-05 1.93e-05 1.845e-05 5.01e-05 4.87e-05 2.22e-05 1.86e-05 4.86e-05 4.735e-05 2.09e-05 5.025e-05 2.31e-05 7.65e-05 4.98e-05 7.53e-05 4.945e-05 4.635e-05 4.965e-05 7.51e-05 2.19e-05 1.855e-05 2.08e-05 4.64e-05 7.75e-05 2.15e-05 2.22e-05 4.95e-05 5.125e-05 5.1e-05 7.685e-05 4.685e-05 5.015e-05 4.945e-05 2.22e-05 4.895e-05 1.95e-05 2.385e-05 4.795e-05 2.085e-05 5.025e-05 2.38e-05 2.2e-05 2.285e-05 4.96e-05 2.09e-05 2.065e-05 4.86e-05 1.88e-05 3.04e-05 2.01e-05 7.56e-05 4.69e-05
