 slim_337716912 slim_337717001 slim_337717083 slim_337717138 slim_337717201 slim_337717211 slim_337717317 slim_337717393 slim_337717408 slim_337717412 slim_337717413 slim_337717418 slim_337717433 slim_337717447 slim_337717451 slim_337717469 slim_337717470 slim_337717473 slim_337717474 slim_337717482 slim_337717483 slim_337717484 slim_337717488 slim_337717490 slim_337717491 slim_337717493 slim_337717497 slim_337717499 slim_337717501 slim_337717508 slim_337717512 slim_337717513 slim_337717514 slim_337717517 slim_337717521 slim_337717523 slim_337717524 slim_337717526 slim_337717531 slim_337717532 slim_337717537 slim_337717539 slim_337717540 slim_337717542 slim_337717545 slim_337717546 slim_337717548 slim_337717551 slim_337717552 slim_337717554 slim_337717555 slim_337717556 slim_337717560 slim_337717562 slim_337717563 slim_337717564 slim_337717565 slim_337717567 slim_337717568 slim_337717569 slim_337717570 slim_337717571 slim_337717573 slim_337717574 slim_337717576 slim_337717577 slim_337717579 slim_337717581 slim_337717582 slim_337717583 slim_337717585 slim_337717590 slim_337717591 slim_337717592 slim_337717596 slim_337717599 slim_337717600 slim_337717601 slim_337717602 slim_337717603 slim_337717605 slim_337717606 slim_337717607 slim_337717608 slim_337717609 slim_337717610 slim_337717611 slim_337717612 slim_337717613 slim_337717614 slim_337717617 slim_337717618 slim_337717619 slim_337717620 slim_337717621 slim_337717623 slim_337717625 slim_337717626 slim_337717627
0 1.4e-05 9.5e-06 1.04e-05 1.11e-05 8.95e-06 9.3e-06 7.1e-06 7.9e-06 9.5e-06 1.165e-05 9.25e-06 9.35e-06 8.35e-06 8.5e-06 8.2e-06 9.65e-06 8.45e-06 9.5e-06 9.55e-06 1.005e-05 9.6e-06 8e-06 9.6e-06 9.4e-06 1.12e-05 1.095e-05 9.15e-06 1.09e-05 9.55e-06 1.155e-05 9.25e-06 8.8e-06 9.25e-06 1.18e-05 1.04e-05 9.1e-06 9.65e-06 8.85e-06 8.4e-06 9.8e-06 9.5e-06 9.5e-06 1e-05 1.015e-05 1e-05 9.4e-06 8e-06 1.01e-05 1.01e-05 7.65e-06 8e-06 9.6e-06 8e-06 8.95e-06 1e-05 8.7e-06 8.1e-06 7.9e-06 7.75e-06 9.8e-06 9.9e-06 7.3e-06 9.85e-06 1.07e-05 8.3e-06 7.7e-06 9.75e-06 9.7e-06 1.12e-05 8.5e-06 1.135e-05 8.95e-06 9.3e-06 1.05e-05 7.35e-06 8.8e-06 9.1e-06 1.18e-05 1.12e-05 8.6e-06 7.75e-06 9.75e-06 1.04e-05 8.1e-06 8.75e-06 9.45e-06 8.15e-06 8.4e-06 9.05e-06 8.6e-06 9.9e-06 8.5e-06 9.8e-06 9.35e-06 9.45e-06 1.105e-05 8.6e-06 7.25e-06 8.6e-06
1 9.5e-06 1.65e-05 9.75e-06 1.08e-05 8.85e-06 9.9e-06 9.35e-06 9.15e-06 9.75e-06 1.2e-05 9e-06 9.7e-06 1.04e-05 9.65e-06 1.01e-05 9.75e-06 9.65e-06 1.025e-05 1.045e-05 1.095e-05 1.06e-05 9.05e-06 1.06e-05 1.055e-05 1.14e-05 1.115e-05 1.015e-05 1.04e-05 1.02e-05 1.115e-05 9.95e-06 9.6e-06 1.055e-05 1.13e-05 1.045e-05 9.65e-06 1.05e-05 9.05e-06 9.45e-06 1.05e-05 1.03e-05 1.04e-05 1.1e-05 1.03e-05 1.075e-05 9.85e-06 9.4e-06 9.8e-06 1.085e-05 9.45e-06 8.85e-06 1.04e-05 9.35e-06 1.03e-05 9.95e-06 9.35e-06 8.95e-06 1.02e-05 9.5e-06 9.85e-06 1.065e-05 9.5e-06 1.085e-05 1.015e-05 8.65e-06 1e-05 1.04e-05 9.65e-06 1.05e-05 9.65e-06 1.06e-05 1.08e-05 8.95e-06 1.015e-05 9.55e-06 1.02e-05 9.55e-06 1.135e-05 1.095e-05 1.04e-05 9.85e-06 1.02e-05 1.04e-05 9.1e-06 9.4e-06 9.75e-06 9.9e-06 1.015e-05 1.04e-05 9.95e-06 1.095e-05 9.65e-06 1.01e-05 1.005e-05 1.025e-05 9.75e-06 9.4e-06 9.65e-06 9.85e-06
2 1.04e-05 9.75e-06 5.4e-06 1.06e-05 1e-05 9.9e-06 1.02e-05 1.1e-05 1.145e-05 1.43e-05 9.45e-06 1.06e-05 7.5e-06 4.4e-06 1.31e-05 1.24e-05 1.46e-05 1.225e-05 9.7e-06 1.26e-05 9.65e-06 1.625e-05 7.4e-06 8.65e-06 6.55e-06 8.3e-06 1.205e-05 6.7e-06 1.26e-05 8.15e-06 5.3e-06 1.5e-05 4.8e-06 1.095e-05 1.335e-05 1.2e-05 1.295e-05 3.85e-06 4.2e-06 1.29e-05 1.21e-05 7.15e-06 1.255e-05 3.4e-06 9.1e-06 1.16e-05 1.105e-05 1.52e-05 9.2e-06 1.59e-05 1.28e-05 1.06e-05 1.12e-05 9.3e-06 1.515e-05 9.7e-06 1.29e-05 1.06e-05 1.59e-05 1.05e-05 1.04e-05 1.035e-05 9.95e-06 7.75e-06 1.67e-05 1.08e-05 6.4e-06 9.4e-06 7.6e-06 4.4e-06 7.5e-06 4.4e-06 1.03e-05 5.9e-06 1.04e-05 9e-06 1.185e-05 1.17e-05 8.3e-06 8.25e-06 1.065e-05 5.85e-06 1.26e-05 1.66e-05 9.75e-06 1.345e-05 1.605e-05 1.285e-05 6.65e-06 1.11e-05 1.205e-05 4.4e-06 1.015e-05 1.53e-05 6.35e-06 3.65e-06 9.8e-06 1.01e-05 1.095e-05
3 1.11e-05 1.08e-05 1.06e-05 9.4e-06 1.045e-05 1.02e-05 1.09e-05 1.065e-05 9.4e-06 1.27e-05 1.16e-05 1.175e-05 1.02e-05 1.08e-05 1.08e-05 7.85e-06 1.045e-05 8.8e-06 9.85e-06 8.9e-06 8.05e-06 1.105e-05 8.9e-06 9.85e-06 8.7e-06 7.55e-06 8.55e-06 9e-06 9.2e-06 6.3e-06 1.13e-05 9.1e-06 9.75e-06 8.05e-06 7.1e-06 1.075e-05 9.55e-06 1.09e-05 1.06e-05 9.5e-06 8.35e-06 8.25e-06 8.75e-06 1.045e-05 7.2e-06 9.55e-06 1.07e-05 7.85e-06 7.6e-06 1.17e-05 1.035e-05 9.55e-06 1.085e-05 1.085e-05 7.8e-06 1.12e-05 1.045e-05 1.07e-05 1.175e-05 9.5e-06 1.04e-05 1.105e-05 9.7e-06 9.75e-06 1.04e-05 1.155e-05 9.1e-06 1.12e-05 6.25e-06 1.08e-05 9.4e-06 1.065e-05 1.075e-05 8.1e-06 1.11e-05 1.03e-05 7.95e-06 6.2e-06 7.6e-06 1.055e-05 1.14e-05 9.7e-06 8.95e-06 1.135e-05 1.125e-05 1.105e-05 1.13e-05 1.065e-05 8.05e-06 1.085e-05 8.25e-06 1.08e-05 8.95e-06 9.7e-06 9.2e-06 1e-05 1.13e-05 1.075e-05 8.05e-06
4 8.95e-06 8.85e-06 1e-05 1.045e-05 1.61e-05 9.6e-06 8.85e-06 8.85e-06 1e-05 1.175e-05 9.35e-06 9.4e-06 9.95e-06 8.65e-06 9.9e-06 9.4e-06 9.55e-06 1.005e-05 1.015e-05 1.08e-05 1.02e-05 8.75e-06 1.015e-05 1.005e-05 1.12e-05 1.085e-05 9.8e-06 9.9e-06 1.005e-05 1.09e-05 9.35e-06 9.35e-06 1e-05 1.115e-05 1.03e-05 9.35e-06 1.03e-05 9.1e-06 8.6e-06 1.035e-05 1e-05 1.005e-05 1.075e-05 9.55e-06 1.05e-05 1.005e-05 8.8e-06 9.75e-06 1.06e-05 9.25e-06 8.75e-06 1.015e-05 9.05e-06 1e-05 9.65e-06 8.65e-06 8.85e-06 9.7e-06 9.3e-06 9.5e-06 1.04e-05 9e-06 1.06e-05 9.45e-06 8.25e-06 9.5e-06 1.005e-05 1.005e-05 1.065e-05 8.65e-06 1.035e-05 1.025e-05 8.45e-06 9.35e-06 9.05e-06 9.9e-06 9.15e-06 1.115e-05 1.065e-05 1.02e-05 9.35e-06 1.04e-05 1.03e-05 9.05e-06 8.65e-06 9.75e-06 9.7e-06 1e-05 9.8e-06 9.7e-06 1.065e-05 8.8e-06 9.8e-06 9.85e-06 1.02e-05 1.01e-05 8.65e-06 9.1e-06 9.5e-06
5 9.3e-06 9.9e-06 9.9e-06 1.02e-05 9.6e-06 1.69e-05 9.2e-06 9.45e-06 9.95e-06 1.195e-05 1.015e-05 1.03e-05 1.035e-05 1.035e-05 9.85e-06 9.45e-06 8.95e-06 9.95e-06 9.2e-06 1.045e-05 1.02e-05 8.9e-06 1.05e-05 1.02e-05 1.015e-05 9.6e-06 9.75e-06 1.1e-05 9.95e-06 1.065e-05 1.075e-05 9.25e-06 9.7e-06 1.085e-05 9.5e-06 8.55e-06 1.02e-05 1.035e-05 1.015e-05 1.025e-05 9.9e-06 1.03e-05 1.04e-05 9.85e-06 1.05e-05 1e-05 9.45e-06 9.7e-06 1.06e-05 9.15e-06 8.9e-06 1.035e-05 9.65e-06 9e-06 9.45e-06 9.9e-06 9e-06 1.01e-05 9.15e-06 9.05e-06 9.55e-06 9.35e-06 9.5e-06 1.05e-05 8.75e-06 9.8e-06 8.95e-06 1.06e-05 1.065e-05 1.035e-05 1.13e-05 9.65e-06 9.95e-06 1.065e-05 9.4e-06 8.85e-06 9.4e-06 1.085e-05 9.95e-06 1.045e-05 9.65e-06 9.6e-06 9.5e-06 9.2e-06 9.9e-06 8.9e-06 9.65e-06 9.95e-06 1.02e-05 8.6e-06 1.035e-05 1.035e-05 9.3e-06 9.7e-06 1.06e-05 1.025e-05 9.9e-06 9.45e-06 9.45e-06
6 7.1e-06 9.35e-06 1.02e-05 1.09e-05 8.85e-06 9.2e-06 1.36e-05 7.75e-06 9.3e-06 1.155e-05 9.1e-06 9.15e-06 8.15e-06 8.4e-06 8.2e-06 9.55e-06 8.2e-06 9.2e-06 9.35e-06 9.85e-06 9.5e-06 7.9e-06 9.4e-06 9.25e-06 1.1e-05 1.075e-05 9.15e-06 1.07e-05 9.35e-06 1.135e-05 9.05e-06 8.5e-06 9.15e-06 1.155e-05 1.025e-05 9e-06 9.65e-06 8.65e-06 8.2e-06 9.5e-06 9.3e-06 9.3e-06 9.8e-06 9.95e-06 9.8e-06 9.4e-06 7.9e-06 9.95e-06 9.9e-06 7.35e-06 7.9e-06 9.4e-06 7.95e-06 8.75e-06 9.9e-06 8.4e-06 8e-06 7.8e-06 7.55e-06 9.7e-06 9.7e-06 7.1e-06 9.65e-06 1.045e-05 8.3e-06 7.6e-06 9.6e-06 9.5e-06 1.1e-05 8.4e-06 1.115e-05 8.85e-06 9.15e-06 1.03e-05 7.15e-06 8.5e-06 9e-06 1.16e-05 1.1e-05 8.4e-06 7.55e-06 9.65e-06 1.02e-05 8.15e-06 8.6e-06 9.3e-06 7.95e-06 8.1e-06 8.95e-06 8.3e-06 9.7e-06 8.4e-06 9.5e-06 9.15e-06 9.35e-06 1.085e-05 8.6e-06 7.05e-06 8.3e-06
7 7.9e-06 9.15e-06 1.1e-05 1.065e-05 8.85e-06 9.45e-06 7.75e-06 1.47e-05 9.75e-06 1.155e-05 9.85e-06 9.95e-06 8.7e-06 8.95e-06 9e-06 9.2e-06 9.25e-06 9.8e-06 9.8e-06 1.03e-05 9.6e-06 8.15e-06 9.6e-06 9.4e-06 1.145e-05 1.11e-05 9.6e-06 1.09e-05 9.8e-06 1.11e-05 9.6e-06 9.1e-06 9.35e-06 1.135e-05 1.045e-05 9.25e-06 1.01e-05 9.2e-06 8.75e-06 1.01e-05 9.75e-06 9.5e-06 1.025e-05 1.075e-05 1e-05 9.85e-06 7.9e-06 9.3e-06 1.01e-05 8.55e-06 8.15e-06 9.6e-06 7.75e-06 9.8e-06 9.45e-06 9.35e-06 8.25e-06 8.35e-06 8.6e-06 9.35e-06 1.015e-05 7.9e-06 1.01e-05 1.06e-05 7.75e-06 8.4e-06 9.85e-06 1.03e-05 1.085e-05 8.95e-06 1.135e-05 9.65e-06 8.8e-06 1.05e-05 7.95e-06 9.7e-06 9e-06 1.135e-05 1.085e-05 8.95e-06 8.35e-06 1.015e-05 1.045e-05 8.2e-06 9.4e-06 9.35e-06 8.75e-06 9.05e-06 9.15e-06 9.5e-06 1.015e-05 8.95e-06 9.5e-06 9.6e-06 9.55e-06 1.105e-05 9.4e-06 8e-06 9.25e-06
8 9.5e-06 9.75e-06 1.145e-05 9.4e-06 1e-05 9.95e-06 9.3e-06 9.75e-06 1.49e-05 1.21e-05 9.85e-06 1.04e-05 1.045e-05 1.16e-05 8.85e-06 8.55e-06 8.5e-06 8.3e-06 9.9e-06 8.75e-06 1.08e-05 8.2e-06 9.9e-06 1.12e-05 1.05e-05 1.1e-05 8.55e-06 1.06e-05 8.1e-06 1.02e-05 1.19e-05 8e-06 1.15e-05 1.02e-05 9.55e-06 9.7e-06 8.75e-06 1.11e-05 1.14e-05 8.55e-06 8.65e-06 1e-05 8.8e-06 1.19e-05 9.1e-06 7.9e-06 9.8e-06 9.4e-06 9.2e-06 8e-06 8e-06 9.7e-06 9.95e-06 9.6e-06 9.35e-06 1.005e-05 8.1e-06 1.015e-05 7.95e-06 1e-05 1.02e-05 9.3e-06 1.03e-05 1.155e-05 8.25e-06 9.95e-06 1.045e-05 1.025e-05 8.15e-06 1.16e-05 1.08e-05 1.165e-05 1.03e-05 1.05e-05 9.25e-06 9.8e-06 8.45e-06 9.8e-06 1.03e-05 1.035e-05 9.8e-06 9.7e-06 9.95e-06 8.5e-06 1e-05 1e-05 8.5e-06 8.95e-06 1e-05 9.55e-06 9.05e-06 1.16e-05 9.9e-06 8.1e-06 9.5e-06 1.16e-05 1.015e-05 9.6e-06 8.3e-06
9 1.165e-05 1.2e-05 1.43e-05 1.27e-05 1.175e-05 1.195e-05 1.155e-05 1.155e-05 1.21e-05 1.89e-05 1.25e-05 1.23e-05 1.255e-05 1.36e-05 1.12e-05 1.125e-05 1.115e-05 1.16e-05 1.265e-05 1.22e-05 1.29e-05 1.02e-05 1.295e-05 1.31e-05 1.38e-05 1.36e-05 1.18e-05 1.35e-05 1.155e-05 1.325e-05 1.355e-05 1.09e-05 1.38e-05 1.3e-05 1.215e-05 1.175e-05 1.18e-05 1.355e-05 1.34e-05 1.185e-05 1.2e-05 1.285e-05 1.225e-05 1.43e-05 1.24e-05 1.215e-05 1.155e-05 1.14e-05 1.25e-05 1.065e-05 1.04e-05 1.245e-05 1.175e-05 1.255e-05 1.115e-05 1.23e-05 1.05e-05 1.23e-05 1.07e-05 1.205e-05 1.29e-05 1.17e-05 1.3e-05 1.345e-05 9.75e-06 1.22e-05 1.29e-05 1.31e-05 1.335e-05 1.36e-05 1.335e-05 1.405e-05 1.21e-05 1.36e-05 1.175e-05 1.245e-05 1.12e-05 1.29e-05 1.36e-05 1.23e-05 1.205e-05 1.35e-05 1.225e-05 1.045e-05 1.23e-05 1.195e-05 1.1e-05 1.13e-05 1.31e-05 1.21e-05 1.255e-05 1.36e-05 1.235e-05 1.135e-05 1.36e-05 1.435e-05 1.23e-05 1.185e-05 1.155e-05
10 9.25e-06 9e-06 9.45e-06 1.16e-05 9.35e-06 1.015e-05 9.1e-06 9.85e-06 9.85e-06 1.25e-05 1.65e-05 9.45e-06 1.04e-05 9.65e-06 9.85e-06 1.06e-05 9.25e-06 1.035e-05 1.055e-05 1.105e-05 1.105e-05 9.3e-06 1.095e-05 1.1e-05 1.15e-05 1.135e-05 1.025e-05 1.075e-05 1.03e-05 1.195e-05 9.95e-06 9.7e-06 1.09e-05 1.21e-05 1.075e-05 9.9e-06 1.06e-05 9e-06 9.45e-06 1.06e-05 1.04e-05 1.075e-05 1.11e-05 1.005e-05 1.11e-05 9.95e-06 9.9e-06 1.095e-05 1.12e-05 8.95e-06 9.1e-06 1.075e-05 1.005e-05 9.8e-06 1.09e-05 9.1e-06 9.2e-06 1.02e-05 9e-06 1.07e-05 1.075e-05 9.25e-06 1.095e-05 1.06e-05 9.65e-06 9.75e-06 1.065e-05 9.45e-06 1.12e-05 9.65e-06 1.095e-05 1.055e-05 9.65e-06 1.05e-05 9.3e-06 9.7e-06 1.005e-05 1.215e-05 1.165e-05 1.04e-05 9.6e-06 1.03e-05 1.07e-05 9.55e-06 9.15e-06 1.02e-05 9.65e-06 9.9e-06 1.075e-05 9.45e-06 1.105e-05 9.65e-06 1.08e-05 1.015e-05 1.06e-05 1.015e-05 9.15e-06 9.4e-06 9.6e-06
11 9.35e-06 9.7e-06 1.06e-05 1.175e-05 9.4e-06 1.03e-05 9.15e-06 9.95e-06 1.04e-05 1.23e-05 9.45e-06 1.58e-05 1.015e-05 1.005e-05 9.25e-06 1.08e-05 8.9e-06 9.7e-06 1.055e-05 1.035e-05 1.065e-05 8.85e-06 1.07e-05 1.09e-05 1.13e-05 1.145e-05 1.045e-05 1.045e-05 9.65e-06 1.17e-05 9.2e-06 9.3e-06 1.145e-05 1.13e-05 1.04e-05 9.9e-06 1e-05 1.01e-05 9.85e-06 9.95e-06 1.015e-05 1.06e-05 1.065e-05 1.05e-05 1.095e-05 1.055e-05 1e-05 1.065e-05 1.105e-05 8.6e-06 9.15e-06 1.005e-05 1.015e-05 9.9e-06 1.06e-05 9.1e-06 9.25e-06 1.025e-05 8.25e-06 1.09e-05 1.09e-05 9.3e-06 1.105e-05 1.045e-05 9.4e-06 9.4e-06 1.13e-05 1.005e-05 1.225e-05 1.005e-05 9.5e-06 1.105e-05 9.7e-06 1.1e-05 9.35e-06 9.8e-06 1.025e-05 1.15e-05 1.22e-05 9.45e-06 9.25e-06 1.135e-05 1.02e-05 9.3e-06 9.15e-06 1e-05 9.25e-06 9.25e-06 1.13e-05 9.4e-06 1.115e-05 1.005e-05 1.095e-05 9.6e-06 1.155e-05 1.13e-05 9.2e-06 9.45e-06 9.75e-06
12 8.35e-06 1.04e-05 7.5e-06 1.02e-05 9.95e-06 1.035e-05 8.15e-06 8.7e-06 1.045e-05 1.255e-05 1.04e-05 1.015e-05 7.2e-06 5.55e-06 9.15e-06 1.05e-05 1.325e-05 9.75e-06 1.02e-05 9.85e-06 8.5e-06 1.305e-05 5.65e-06 8.15e-06 7.35e-06 1.025e-05 1.04e-05 7e-06 1.01e-05 7.8e-06 5.45e-06 1.29e-05 6.05e-06 9.6e-06 1.325e-05 1.22e-05 1.015e-05 5.75e-06 5.35e-06 1.04e-05 1.05e-05 5.8e-06 1.005e-05 7.3e-06 6.5e-06 1.06e-05 8.45e-06 1.32e-05 6.6e-06 1.29e-05 1.005e-05 8.65e-06 8.9e-06 1.015e-05 1.315e-05 9.9e-06 1.015e-05 8e-06 1.295e-05 1.055e-05 1.07e-05 8.3e-06 1e-05 9.5e-06 1.32e-05 8.8e-06 7.3e-06 1.005e-05 7.95e-06 5.55e-06 7.15e-06 6.05e-06 1.025e-05 7.45e-06 8.35e-06 9.7e-06 9.95e-06 1.015e-05 9.75e-06 4.6e-06 8.35e-06 7.25e-06 1.28e-05 1.335e-05 9.95e-06 1.345e-05 1.245e-05 8.3e-06 5.95e-06 1.155e-05 1.015e-05 5.55e-06 1.01e-05 1.31e-05 6.3e-06 7.85e-06 1e-05 8.05e-06 9.3e-06
13 8.5e-06 9.65e-06 4.4e-06 1.08e-05 8.65e-06 1.035e-05 8.4e-06 8.95e-06 1.16e-05 1.36e-05 9.65e-06 1.005e-05 5.55e-06 4e-06 1.215e-05 1.175e-05 1.49e-05 1.2e-05 1.03e-05 1.24e-05 8.65e-06 1.535e-05 6.2e-06 7.4e-06 7.75e-06 9.6e-06 1.165e-05 6.25e-06 1.24e-05 8.45e-06 3.7e-06 1.47e-05 3.9e-06 1.14e-05 1.425e-05 1.24e-05 1.275e-05 2.95e-06 2.15e-06 1.27e-05 1.175e-05 6.1e-06 1.225e-05 3.7e-06 8.45e-06 1.175e-05 9.1e-06 1.485e-05 8.55e-06 1.52e-05 1.21e-05 9.7e-06 9.05e-06 1.01e-05 1.48e-05 8.6e-06 1.22e-05 8.35e-06 1.525e-05 1.06e-05 1.075e-05 8.55e-06 1.03e-05 7.3e-06 1.55e-05 8.95e-06 6.7e-06 9.55e-06 8.05e-06 2e-06 7.4e-06 3.9e-06 8.95e-06 5.1e-06 8.6e-06 9.65e-06 1.12e-05 1.21e-05 8.9e-06 6.65e-06 9e-06 6.6e-06 1.355e-05 1.565e-05 8.65e-06 1.385e-05 1.505e-05 1.19e-05 5e-06 1.17e-05 1.165e-05 2.2e-06 1.015e-05 1.51e-05 5.3e-06 4.85e-06 8.7e-06 8.1e-06 1.05e-05
14 8.2e-06 1.01e-05 1.31e-05 1.08e-05 9.9e-06 9.85e-06 8.2e-06 9e-06 8.85e-06 1.12e-05 9.85e-06 9.25e-06 9.15e-06 1.215e-05 1.1e-05 8.9e-06 7.2e-06 7.75e-06 1.015e-05 8.1e-06 1.06e-05 6.5e-06 1.03e-05 1.13e-05 1.145e-05 1.195e-05 8.25e-06 1.155e-05 7.75e-06 1.12e-05 1.165e-05 7.45e-06 1.25e-05 1.07e-05 9.6e-06 9.45e-06 7.7e-06 1.205e-05 1.195e-05 8e-06 8.75e-06 1.03e-05 8.4e-06 1.315e-05 8.3e-06 8.6e-06 9e-06 9.05e-06 8.4e-06 6.15e-06 6.75e-06 9.65e-06 9.2e-06 9.55e-06 8.95e-06 9.65e-06 6.85e-06 8.95e-06 6.25e-06 1.035e-05 1.045e-05 8.4e-06 1.025e-05 1.235e-05 6.8e-06 8.9e-06 1.1e-05 1.015e-05 1.13e-05 1.215e-05 1.095e-05 1.22e-05 1.025e-05 1.22e-05 8.45e-06 9.4e-06 8.3e-06 1.045e-05 1.235e-05 7.7e-06 8.75e-06 1.115e-05 9.85e-06 6.45e-06 9.55e-06 9.6e-06 6.7e-06 6.7e-06 1.1e-05 9e-06 9e-06 1.215e-05 1.04e-05 7.85e-06 1.15e-05 1.37e-05 9.4e-06 8.5e-06 7.85e-06
15 9.65e-06 9.75e-06 1.24e-05 7.85e-06 9.4e-06 9.45e-06 9.55e-06 9.2e-06 8.55e-06 1.125e-05 1.06e-05 1.08e-05 1.05e-05 1.175e-05 8.9e-06 1.32e-05 8.8e-06 8.35e-06 9.85e-06 8.85e-06 1.02e-05 7.7e-06 9.9e-06 1.07e-05 1.06e-05 1.06e-05 7.6e-06 1.045e-05 8.35e-06 8.85e-06 1.22e-05 7.65e-06 1.125e-05 9.4e-06 8.95e-06 9.4e-06 8.6e-06 1.18e-05 1.155e-05 8.65e-06 8e-06 9.2e-06 8.7e-06 1.23e-05 8.25e-06 8.6e-06 9.2e-06 8.05e-06 8.15e-06 8.5e-06 7.7e-06 9.8e-06 9.4e-06 1.04e-05 7.8e-06 1.03e-05 7.8e-06 1.015e-05 8.55e-06 9e-06 1.02e-05 9.7e-06 1.015e-05 1.105e-05 6.9e-06 1.02e-05 9.5e-06 1.105e-05 7.75e-06 1.175e-05 1.08e-05 1.205e-05 9.75e-06 9.55e-06 9.75e-06 1.025e-05 7.35e-06 8.85e-06 9e-06 1.055e-05 1.005e-05 1.045e-05 9.5e-06 7.95e-06 1.03e-05 9.75e-06 8.75e-06 9.1e-06 9.05e-06 1.005e-05 8.2e-06 1.175e-05 9.1e-06 8.15e-06 1.02e-05 1.19e-05 1.03e-05 9.8e-06 8e-06
16 8.45e-06 9.65e-06 1.46e-05 1.045e-05 9.55e-06 8.95e-06 8.2e-06 9.25e-06 8.5e-06 1.115e-05 9.25e-06 8.9e-06 1.325e-05 1.49e-05 7.2e-06 8.8e-06 4.4e-06 8.05e-06 9.15e-06 8.6e-06 1.1e-05 3.45e-06 1.375e-05 1.185e-05 1.36e-05 1.08e-05 8.15e-06 1.425e-05 7.8e-06 1.37e-05 1.475e-05 3.9e-06 1.505e-05 1.12e-05 4.95e-06 6.5e-06 8.05e-06 1.485e-05 1.47e-05 7.75e-06 8.3e-06 1.365e-05 8.65e-06 1.46e-05 1.25e-05 8.55e-06 9.4e-06 5.95e-06 1.26e-05 2.55e-06 6.7e-06 1.025e-05 9.4e-06 8.35e-06 6e-06 8.7e-06 6.8e-06 9.8e-06 2.9e-06 9.8e-06 9.7e-06 8.5e-06 9.85e-06 1.215e-05 4.1e-06 8.95e-06 1.34e-05 1e-05 1.385e-05 1.49e-05 1.4e-05 1.44e-05 9.75e-06 1.445e-05 8.55e-06 8.45e-06 8.25e-06 1.055e-05 1.255e-05 1.275e-05 8.8e-06 1.38e-05 5.6e-06 3.6e-06 9.1e-06 5.5e-06 3.75e-06 7.1e-06 1.4e-05 6e-06 9.05e-06 1.49e-05 1.01e-05 4.65e-06 1.455e-05 1.555e-05 9.05e-06 8.85e-06 7.75e-06
17 9.5e-06 1.025e-05 1.225e-05 8.8e-06 1.005e-05 9.95e-06 9.2e-06 9.8e-06 8.3e-06 1.16e-05 1.035e-05 9.7e-06 9.75e-06 1.2e-05 7.75e-06 8.35e-06 8.05e-06 1.29e-05 9.9e-06 7.55e-06 9.95e-06 7.9e-06 9.05e-06 1.105e-05 9.75e-06 1.06e-05 8.3e-06 9.9e-06 7.15e-06 9.25e-06 1.155e-05 7.15e-06 1.185e-05 8.95e-06 8.85e-06 9.95e-06 7.65e-06 1.195e-05 1.18e-05 7.1e-06 8.45e-06 9.5e-06 7.7e-06 1.225e-05 8.15e-06 8.4e-06 9.85e-06 8.7e-06 8.25e-06 7.7e-06 7.8e-06 8.9e-06 1e-05 9.9e-06 8.65e-06 9.95e-06 7.9e-06 1.02e-05 7.9e-06 1e-05 1.035e-05 9.5e-06 1.03e-05 1.14e-05 7.95e-06 1e-05 1.055e-05 1.075e-05 8.8e-06 1.2e-05 9.35e-06 1.2e-05 1.035e-05 1.065e-05 9.55e-06 9.25e-06 8.25e-06 8.35e-06 1.07e-05 9e-06 9.85e-06 1.05e-05 9.45e-06 8.15e-06 1.015e-05 1.005e-05 8.35e-06 7.75e-06 1.015e-05 9.25e-06 8.85e-06 1.2e-05 9.3e-06 7.6e-06 1.04e-05 1.24e-05 1.015e-05 9.1e-06 7.55e-06
18 9.55e-06 1.045e-05 9.7e-06 9.85e-06 1.015e-05 9.2e-06 9.35e-06 9.8e-06 9.9e-06 1.265e-05 1.055e-05 1.055e-05 1.02e-05 1.03e-05 1.015e-05 9.85e-06 9.15e-06 9.9e-06 1.65e-05 1.01e-05 1.005e-05 9.55e-06 1.01e-05 1e-05 9.75e-06 9.4e-06 9.85e-06 1.075e-05 9.9e-06 1.03e-05 1.075e-05 9.2e-06 9.35e-06 1.045e-05 9.35e-06 9.1e-06 1.025e-05 1.035e-05 1.01e-05 1.02e-05 9.8e-06 1e-05 1.005e-05 9.8e-06 1.02e-05 1.005e-05 9.85e-06 1.005e-05 1.03e-05 9.65e-06 9.55e-06 1e-05 1e-05 8.95e-06 1e-05 1.02e-05 9.65e-06 9.95e-06 9.55e-06 9.3e-06 9.65e-06 9.5e-06 9.3e-06 1.045e-05 9.75e-06 9.85e-06 9.65e-06 1.065e-05 1.01e-05 1.03e-05 1.11e-05 9.45e-06 1.045e-05 1.045e-05 9.55e-06 9e-06 9.75e-06 1.045e-05 9.55e-06 1.035e-05 9.7e-06 9.7e-06 9.35e-06 1e-05 1.025e-05 9.4e-06 9.8e-06 1.015e-05 9.85e-06 8.9e-06 1.005e-05 1.03e-05 9.15e-06 9.55e-06 1.02e-05 1.01e-05 1.03e-05 9.6e-06 9.55e-06
19 1.005e-05 1.095e-05 1.26e-05 8.9e-06 1.08e-05 1.045e-05 9.85e-06 1.03e-05 8.75e-06 1.22e-05 1.105e-05 1.035e-05 9.85e-06 1.24e-05 8.1e-06 8.85e-06 8.6e-06 7.55e-06 1.01e-05 1.3e-05 1.005e-05 8.7e-06 9.15e-06 1.095e-05 9.85e-06 1.07e-05 8.85e-06 1.025e-05 7.6e-06 9.35e-06 1.19e-05 8.1e-06 1.2e-05 8.8e-06 8.85e-06 1.015e-05 8.15e-06 1.23e-05 1.22e-05 7.8e-06 8.9e-06 9.6e-06 6.8e-06 1.265e-05 8.1e-06 8.9e-06 1.035e-05 9.15e-06 8.2e-06 8.7e-06 8.85e-06 8.7e-06 1.05e-05 1.04e-05 9.1e-06 1.085e-05 8.95e-06 9.25e-06 8.7e-06 1.05e-05 1.025e-05 1e-05 9.3e-06 1.155e-05 8.8e-06 1.045e-05 1.115e-05 9.95e-06 8.9e-06 1.24e-05 9.65e-06 1.215e-05 1.11e-05 1.105e-05 1.005e-05 1.03e-05 8.7e-06 8.4e-06 1.015e-05 8.9e-06 1.03e-05 1.11e-05 9.25e-06 9.05e-06 1.09e-05 1.025e-05 8.15e-06 8.35e-06 1.03e-05 1e-05 7.85e-06 1.24e-05 1.035e-05 7.75e-06 1.05e-05 1.275e-05 1.095e-05 1.015e-05 8.55e-06
20 9.6e-06 1.06e-05 9.65e-06 8.05e-06 1.02e-05 1.02e-05 9.5e-06 9.6e-06 1.08e-05 1.29e-05 1.105e-05 1.065e-05 8.5e-06 8.65e-06 1.06e-05 1.02e-05 1.1e-05 9.95e-06 1.005e-05 1.005e-05 1.37e-05 1.145e-05 8.65e-06 8.85e-06 9.5e-06 8.25e-06 1.055e-05 9.55e-06 1.035e-05 8.85e-06 8.8e-06 1.055e-05 8.35e-06 9.75e-06 8.7e-06 1.06e-05 1.075e-05 8.9e-06 8.55e-06 1.065e-05 1.065e-05 8.35e-06 1.02e-05 9.45e-06 9.25e-06 1.095e-05 9.7e-06 9.3e-06 9.35e-06 1.175e-05 1.095e-05 9.05e-06 9.7e-06 1.05e-05 9.25e-06 1.06e-05 1.105e-05 9.2e-06 1.18e-05 1e-05 1.055e-05 9.65e-06 9.85e-06 9.65e-06 1.115e-05 1.005e-05 9.6e-06 1.065e-05 9.6e-06 8.65e-06 9.45e-06 8.75e-06 1.05e-05 9.45e-06 9.7e-06 9.95e-06 1.005e-05 8.45e-06 9.6e-06 8.45e-06 1.005e-05 9.8e-06 1e-05 1.175e-05 1.065e-05 1.085e-05 1.13e-05 1.035e-05 8.5e-06 1.035e-05 1.025e-05 8.65e-06 9.55e-06 1.11e-05 9.05e-06 9.55e-06 1.07e-05 9.25e-06 9.8e-06
21 8e-06 9.05e-06 1.625e-05 1.105e-05 8.75e-06 8.9e-06 7.9e-06 8.15e-06 8.2e-06 1.02e-05 9.3e-06 8.85e-06 1.305e-05 1.535e-05 6.5e-06 7.7e-06 3.45e-06 7.9e-06 9.55e-06 8.7e-06 1.145e-05 2.7e-06 1.385e-05 1.235e-05 1.49e-05 1.245e-05 7.85e-06 1.485e-05 7.5e-06 1.43e-05 1.52e-05 3.75e-06 1.56e-05 1.185e-05 6.75e-06 6.4e-06 7.75e-06 1.53e-05 1.515e-05 7.8e-06 7.9e-06 1.375e-05 8.75e-06 1.625e-05 1.235e-05 8.25e-06 8e-06 5.35e-06 1.245e-05 2.05e-06 4.95e-06 1.035e-05 8.35e-06 9.1e-06 5.25e-06 9.1e-06 5.05e-06 9.5e-06 1.95e-06 9.1e-06 9.85e-06 8.05e-06 1.04e-05 1.315e-05 1.45e-06 8.4e-06 1.34e-05 1.045e-05 1.41e-05 1.535e-05 1.46e-05 1.555e-05 9.15e-06 1.505e-05 8.1e-06 9.35e-06 7.45e-06 1.115e-05 1.325e-05 1.245e-05 8.25e-06 1.4e-05 7.45e-06 2.1e-06 9.1e-06 5.65e-06 3.05e-06 6.85e-06 1.41e-05 6.9e-06 9.15e-06 1.535e-05 9.8e-06 4.05e-06 1.465e-05 1.66e-05 9.1e-06 8.55e-06 7.95e-06
22 9.6e-06 1.06e-05 7.4e-06 8.9e-06 1.015e-05 1.05e-05 9.4e-06 9.6e-06 9.9e-06 1.295e-05 1.095e-05 1.07e-05 5.65e-06 6.2e-06 1.03e-05 9.9e-06 1.375e-05 9.05e-06 1.01e-05 9.15e-06 8.65e-06 1.385e-05 9.9e-06 8.35e-06 6.7e-06 9.7e-06 1.015e-05 6.4e-06 9.5e-06 6.5e-06 6.2e-06 1.27e-05 6.2e-06 8.55e-06 1.27e-05 1.235e-05 1.005e-05 6.4e-06 6e-06 9.7e-06 1.025e-05 5.7e-06 9.35e-06 7.2e-06 6.25e-06 1.005e-05 9.45e-06 1.295e-05 6.35e-06 1.405e-05 1.085e-05 8.2e-06 9.8e-06 1.065e-05 1.29e-05 1.045e-05 1.095e-05 9.25e-06 1.41e-05 1.025e-05 1.075e-05 9.55e-06 1.005e-05 9e-06 1.365e-05 1.005e-05 7.45e-06 1.06e-05 6e-06 6.2e-06 6.5e-06 6.65e-06 1.045e-05 6.6e-06 9.6e-06 1.02e-05 9.8e-06 9e-06 8.4e-06 5.9e-06 9.7e-06 7.15e-06 1.225e-05 1.415e-05 1.05e-05 1.36e-05 1.37e-05 1.015e-05 5.8e-06 1.205e-05 9.9e-06 6.2e-06 9.7e-06 1.25e-05 5.85e-06 7.3e-06 1.055e-05 9.3e-06 9.5e-06
23 9.4e-06 1.055e-05 8.65e-06 9.85e-06 1.005e-05 1.02e-05 9.25e-06 9.4e-06 1.12e-05 1.31e-05 1.1e-05 1.09e-05 8.15e-06 7.4e-06 1.13e-05 1.07e-05 1.185e-05 1.105e-05 1e-05 1.095e-05 8.85e-06 1.235e-05 8.35e-06 1.27e-05 9.3e-06 9.55e-06 1.105e-05 9.2e-06 1.11e-05 8.25e-06 8e-06 1.18e-05 7.25e-06 8.35e-06 1.09e-05 1e-05 1.145e-05 7.75e-06 7.3e-06 1.135e-05 1.115e-05 8.3e-06 1.09e-05 8.4e-06 9.55e-06 1.135e-05 9.55e-06 1.15e-05 9.65e-06 1.26e-05 1.15e-05 9.1e-06 9.35e-06 1.045e-05 1.145e-05 1.04e-05 1.16e-05 9.15e-06 1.27e-05 1e-05 1.07e-05 9.45e-06 1e-05 7.4e-06 1.205e-05 9.85e-06 9.2e-06 1.075e-05 9.6e-06 7.4e-06 9.5e-06 7.5e-06 1.035e-05 8.9e-06 9.5e-06 1.03e-05 1.055e-05 1.045e-05 8.7e-06 8.6e-06 9.9e-06 9.3e-06 8.8e-06 1.265e-05 1.05e-05 1.12e-05 1.235e-05 1.1e-05 7.9e-06 1.01e-05 1.09e-05 7.4e-06 9.9e-06 1.17e-05 8.2e-06 8.6e-06 1.055e-05 9.4e-06 1.065e-05
24 1.12e-05 1.14e-05 6.55e-06 8.7e-06 1.12e-05 1.015e-05 1.1e-05 1.145e-05 1.05e-05 1.38e-05 1.15e-05 1.13e-05 7.35e-06 7.75e-06 1.145e-05 1.06e-05 1.36e-05 9.75e-06 9.75e-06 9.85e-06 9.5e-06 1.49e-05 6.7e-06 9.3e-06 9.8e-06 8.25e-06 1.06e-05 6.3e-06 1.01e-05 6.3e-06 7.8e-06 1.31e-05 6.7e-06 7.75e-06 1.19e-05 1.21e-05 1.01e-05 7.7e-06 7.55e-06 1.04e-05 1.065e-05 6.7e-06 1.005e-05 6.35e-06 7e-06 1.065e-05 1.15e-05 1.34e-05 7.1e-06 1.49e-05 1.19e-05 9.35e-06 1.165e-05 1.01e-05 1.335e-05 1.125e-05 1.2e-05 1.115e-05 1.49e-05 1.025e-05 1.05e-05 1.115e-05 9.8e-06 9.15e-06 1.5e-05 1.16e-05 7.15e-06 1.115e-05 6.2e-06 7.75e-06 6.3e-06 6.6e-06 1.15e-05 7e-06 1.12e-05 9.4e-06 1.05e-05 8.4e-06 7.85e-06 7.6e-06 1.145e-05 7.05e-06 1.145e-05 1.525e-05 1.13e-05 1.335e-05 1.485e-05 1.09e-05 7e-06 1.155e-05 1.035e-05 7.75e-06 9.75e-06 1.305e-05 7.2e-06 6.75e-06 1.135e-05 1.09e-05 9.95e-06
25 1.095e-05 1.115e-05 8.3e-06 7.55e-06 1.085e-05 9.6e-06 1.075e-05 1.11e-05 1.1e-05 1.36e-05 1.135e-05 1.145e-05 1.025e-05 9.6e-06 1.195e-05 1.06e-05 1.08e-05 1.06e-05 9.4e-06 1.07e-05 8.25e-06 1.245e-05 9.7e-06 9.55e-06 8.25e-06 1.27e-05 1.07e-05 9.75e-06 1.1e-05 8.6e-06 1.005e-05 1.09e-05 8.4e-06 9.7e-06 7.85e-06 1.025e-05 1.135e-05 9.65e-06 9.4e-06 1.13e-05 1.075e-05 9.35e-06 1.06e-05 7.95e-06 9.95e-06 1.115e-05 1.115e-05 9.7e-06 1.005e-05 1.255e-05 1.175e-05 1.03e-05 1.13e-05 9.65e-06 9.5e-06 1.1e-05 1.185e-05 1.085e-05 1.255e-05 9.75e-06 1.005e-05 1.09e-05 9.35e-06 9.4e-06 1.245e-05 1.135e-05 8.8e-06 1.095e-05 9.15e-06 9.6e-06 1.01e-05 8.2e-06 1.115e-05 9.2e-06 1.095e-05 8.85e-06 1.045e-05 8.4e-06 8.65e-06 1.065e-05 1.12e-05 9.15e-06 9.15e-06 1.28e-05 1.105e-05 1.055e-05 1.24e-05 1.17e-05 9.2e-06 9.75e-06 1.04e-05 9.6e-06 9.35e-06 1.145e-05 9.8e-06 8.55e-06 1.11e-05 1.06e-05 9.95e-06
26 9.15e-06 1.015e-05 1.205e-05 8.55e-06 9.8e-06 9.75e-06 9.15e-06 9.6e-06 8.55e-06 1.18e-05 1.025e-05 1.045e-05 1.04e-05 1.165e-05 8.25e-06 7.6e-06 8.15e-06 8.3e-06 9.85e-06 8.85e-06 1.055e-05 7.85e-06 1.015e-05 1.105e-05 1.06e-05 1.07e-05 1.44e-05 1.07e-05 8.35e-06 9.55e-06 1.21e-05 7.6e-06 1.15e-05 1.01e-05 9.05e-06 9.55e-06 8.3e-06 1.17e-05 1.145e-05 8.6e-06 8e-06 9.45e-06 8.7e-06 1.195e-05 8.5e-06 8.3e-06 9.6e-06 8.9e-06 8.4e-06 7.85e-06 7.85e-06 1.005e-05 9.8e-06 9.8e-06 8.8e-06 9.9e-06 7.95e-06 1.005e-05 7.95e-06 9.75e-06 1.02e-05 9.35e-06 1.015e-05 1.14e-05 7.8e-06 9.85e-06 9.85e-06 1.07e-05 8.35e-06 1.165e-05 1.105e-05 1.17e-05 1.015e-05 9.7e-06 9.4e-06 9.6e-06 7.75e-06 9.55e-06 9.6e-06 1.045e-05 9.7e-06 1.03e-05 9.6e-06 7.8e-06 9.8e-06 9.9e-06 8.4e-06 8.7e-06 9.3e-06 9.4e-06 8.1e-06 1.165e-05 9.65e-06 8.15e-06 1.045e-05 1.215e-05 9.65e-06 9.4e-06 7.6e-06
27 1.09e-05 1.04e-05 6.7e-06 9e-06 9.9e-06 1.1e-05 1.07e-05 1.09e-05 1.06e-05 1.35e-05 1.075e-05 1.045e-05 7e-06 6.25e-06 1.155e-05 1.045e-05 1.425e-05 9.9e-06 1.075e-05 1.025e-05 9.55e-06 1.485e-05 6.4e-06 9.2e-06 6.3e-06 9.75e-06 1.07e-05 1.01e-05 1.025e-05 6.6e-06 6.45e-06 1.325e-05 7.05e-06 8.2e-06 1.275e-05 1.285e-05 1.025e-05 6.5e-06 5.95e-06 1.055e-05 1.08e-05 6.5e-06 1.045e-05 6.45e-06 7.05e-06 1.075e-05 1.095e-05 1.35e-05 7.15e-06 1.505e-05 1.185e-05 9.2e-06 1.11e-05 1.115e-05 1.345e-05 1.02e-05 1.195e-05 1.08e-05 1.51e-05 1.08e-05 1.13e-05 1.085e-05 1.085e-05 8.3e-06 1.465e-05 1.135e-05 7.95e-06 1.065e-05 6.25e-06 6.25e-06 5.4e-06 7.45e-06 1.02e-05 5.9e-06 1.09e-05 1.07e-05 1.035e-05 8.75e-06 8.5e-06 7.4e-06 1.12e-05 7.8e-06 1.23e-05 1.515e-05 1.025e-05 1.41e-05 1.495e-05 1.1e-05 6.65e-06 1.255e-05 1.07e-05 6.1e-06 1.03e-05 1.325e-05 6.85e-06 6.65e-06 1.03e-05 1.06e-05 1.005e-05
28 9.55e-06 1.02e-05 1.26e-05 9.2e-06 1.005e-05 9.95e-06 9.35e-06 9.8e-06 8.1e-06 1.155e-05 1.03e-05 9.65e-06 1.01e-05 1.24e-05 7.75e-06 8.35e-06 7.8e-06 7.15e-06 9.9e-06 7.6e-06 1.035e-05 7.5e-06 9.5e-06 1.11e-05 1.01e-05 1.1e-05 8.35e-06 1.025e-05 1.35e-05 9.6e-06 1.19e-05 7.3e-06 1.225e-05 8.95e-06 8.85e-06 9.55e-06 7.65e-06 1.23e-05 1.22e-05 7.4e-06 8.45e-06 9.85e-06 7.9e-06 1.265e-05 8.5e-06 8.4e-06 9.85e-06 8.7e-06 8.6e-06 7.2e-06 7.75e-06 8.75e-06 1e-05 9.75e-06 8.65e-06 1.01e-05 7.85e-06 1.02e-05 7.35e-06 1e-05 1.015e-05 9.25e-06 1.03e-05 1.145e-05 7.55e-06 1e-05 1.095e-05 1.07e-05 9.15e-06 1.24e-05 9.65e-06 1.24e-05 1.035e-05 1.105e-05 9.4e-06 9.8e-06 8.25e-06 8.7e-06 1.07e-05 9.3e-06 9.85e-06 1.09e-05 9.1e-06 7.8e-06 1.01e-05 9.65e-06 7.75e-06 7.85e-06 1.055e-05 9.4e-06 8.85e-06 1.24e-05 9.9e-06 7.1e-06 1.075e-05 1.275e-05 1.02e-05 9.65e-06 8.1e-06
29 1.155e-05 1.115e-05 8.15e-06 6.3e-06 1.09e-05 1.065e-05 1.135e-05 1.11e-05 1.02e-05 1.325e-05 1.195e-05 1.17e-05 7.8e-06 8.45e-06 1.12e-05 8.85e-06 1.37e-05 9.25e-06 1.03e-05 9.35e-06 8.85e-06 1.43e-05 6.5e-06 8.25e-06 6.3e-06 8.6e-06 9.55e-06 6.6e-06 9.6e-06 6.9e-06 8.45e-06 1.24e-05 7.4e-06 6.4e-06 1.095e-05 1.25e-05 9.95e-06 8.45e-06 8.25e-06 9.9e-06 9.35e-06 6.05e-06 9.5e-06 8.1e-06 5.35e-06 1.035e-05 1.115e-05 1.17e-05 5.75e-06 1.495e-05 1.13e-05 9.25e-06 1.13e-05 1.13e-05 1.165e-05 1.165e-05 1.14e-05 1.12e-05 1.5e-05 9.95e-06 1.09e-05 1.15e-05 1.02e-05 8.15e-06 1.365e-05 1.2e-05 7.3e-06 1.16e-05 4.8e-06 8.45e-06 6.5e-06 8.3e-06 1.12e-05 6.3e-06 1.155e-05 1.08e-05 8.95e-06 7.2e-06 7.05e-06 7.75e-06 1.185e-05 7.7e-06 1.015e-05 1.46e-05 1.17e-05 1.375e-05 1.46e-05 1.105e-05 6.25e-06 1.265e-05 9.3e-06 8.45e-06 9.45e-06 1.26e-05 7.2e-06 7.55e-06 1.175e-05 1.125e-05 9.1e-06
30 9.25e-06 9.95e-06 5.3e-06 1.13e-05 9.35e-06 1.075e-05 9.05e-06 9.6e-06 1.19e-05 1.355e-05 9.95e-06 9.2e-06 5.45e-06 3.7e-06 1.165e-05 1.22e-05 1.475e-05 1.155e-05 1.075e-05 1.19e-05 8.8e-06 1.52e-05 6.2e-06 8e-06 7.8e-06 1.005e-05 1.21e-05 6.45e-06 1.19e-05 8.45e-06 6.5e-06 1.46e-05 5.25e-06 1.075e-05 1.415e-05 1.26e-05 1.225e-05 4.05e-06 3.5e-06 1.22e-05 1.22e-05 6.3e-06 1.21e-05 4.95e-06 8.55e-06 1.205e-05 9.35e-06 1.475e-05 8.65e-06 1.505e-05 1.22e-05 9.25e-06 9.8e-06 1.055e-05 1.47e-05 9.3e-06 1.23e-05 9.15e-06 1.51e-05 1.1e-05 1.115e-05 9.2e-06 1.07e-05 7.85e-06 1.535e-05 9.7e-06 7.7e-06 9.85e-06 8.95e-06 3.7e-06 6.2e-06 5.2e-06 9.65e-06 6.4e-06 9.25e-06 1.01e-05 1.165e-05 1.165e-05 9.75e-06 5.9e-06 9.25e-06 7.45e-06 1.325e-05 1.55e-05 9.35e-06 1.385e-05 1.49e-05 1.14e-05 6.4e-06 1.195e-05 1.21e-05 3.7e-06 1.06e-05 1.49e-05 6.5e-06 5.7e-06 9.4e-06 8.95e-06 1.1e-05
31 8.8e-06 9.6e-06 1.5e-05 9.1e-06 9.35e-06 9.25e-06 8.5e-06 9.1e-06 8e-06 1.09e-05 9.7e-06 9.3e-06 1.29e-05 1.47e-05 7.45e-06 7.65e-06 3.9e-06 7.15e-06 9.2e-06 8.1e-06 1.055e-05 3.75e-06 1.27e-05 1.18e-05 1.31e-05 1.09e-05 7.6e-06 1.325e-05 7.3e-06 1.24e-05 1.46e-05 6.1e-06 1.45e-05 1.035e-05 5.7e-06 7.2e-06 7.6e-06 1.47e-05 1.45e-05 7.45e-06 7.7e-06 1.255e-05 8.1e-06 1.495e-05 1.125e-05 8.1e-06 9.15e-06 5.6e-06 1.135e-05 3.6e-06 6.65e-06 9.6e-06 9.3e-06 9.2e-06 5.55e-06 9.25e-06 6.75e-06 9.8e-06 3.75e-06 9.25e-06 9.7e-06 8.8e-06 9.85e-06 1.215e-05 3.85e-06 9.25e-06 1.33e-05 1.04e-05 1.19e-05 1.47e-05 1.305e-05 1.47e-05 9.65e-06 1.335e-05 8.85e-06 8.9e-06 7.6e-06 9.3e-06 1.15e-05 1.245e-05 9.1e-06 1.34e-05 6.75e-06 4.05e-06 9.45e-06 6.35e-06 4.25e-06 7.5e-06 1.285e-05 6.85e-06 8.45e-06 1.47e-05 8.95e-06 4.5e-06 1.35e-05 1.51e-05 9.45e-06 8.75e-06 7.25e-06
32 9.25e-06 1.055e-05 4.8e-06 9.75e-06 1e-05 9.7e-06 9.15e-06 9.35e-06 1.15e-05 1.38e-05 1.09e-05 1.145e-05 6.05e-06 3.9e-06 1.25e-05 1.125e-05 1.505e-05 1.185e-05 9.35e-06 1.2e-05 8.35e-06 1.56e-05 6.2e-06 7.25e-06 6.7e-06 8.4e-06 1.15e-05 7.05e-06 1.225e-05 7.4e-06 5.25e-06 1.45e-05 5.8e-06 1.035e-05 1.35e-05 1.185e-05 1.26e-05 4.35e-06 3.85e-06 1.255e-05 1.16e-05 5.95e-06 1.185e-05 4.5e-06 8.05e-06 1.165e-05 9.5e-06 1.42e-05 8.15e-06 1.58e-05 1.235e-05 9.55e-06 9.45e-06 9.85e-06 1.415e-05 1.03e-05 1.245e-05 8.85e-06 1.585e-05 9.1e-06 9.9e-06 9.3e-06 9.2e-06 8.1e-06 1.54e-05 9.7e-06 6.1e-06 1.055e-05 7.2e-06 3.9e-06 8.05e-06 3.75e-06 1.03e-05 6.05e-06 9.35e-06 9.35e-06 1.12e-05 1.105e-05 7.4e-06 7e-06 9.75e-06 5.8e-06 1.28e-05 1.59e-05 1.035e-05 1.33e-05 1.54e-05 1.225e-05 5e-06 1.15e-05 1.125e-05 3.9e-06 8.5e-06 1.495e-05 5.35e-06 4.35e-06 1.04e-05 8.85e-06 1.085e-05
33 1.18e-05 1.13e-05 1.095e-05 8.05e-06 1.115e-05 1.085e-05 1.155e-05 1.135e-05 1.02e-05 1.3e-05 1.21e-05 1.13e-05 9.6e-06 1.14e-05 1.07e-05 9.4e-06 1.12e-05 8.95e-06 1.045e-05 8.8e-06 9.75e-06 1.185e-05 8.55e-06 8.35e-06 7.75e-06 9.7e-06 1.01e-05 8.2e-06 8.95e-06 6.4e-06 1.075e-05 1.035e-05 1.035e-05 1e-05 9.4e-06 1.045e-05 8.95e-06 1.13e-05 1.12e-05 9.2e-06 1.02e-05 8.7e-06 9.1e-06 1.1e-05 8.15e-06 1.035e-05 1.14e-05 1.015e-05 8.25e-06 1.245e-05 1.125e-05 8.6e-06 1.155e-05 1.15e-05 1.01e-05 1.185e-05 1.135e-05 1.155e-05 1.255e-05 1.02e-05 1.125e-05 1.175e-05 1.055e-05 8.25e-06 1.12e-05 1.225e-05 1.045e-05 1.185e-05 7.8e-06 1.14e-05 7.5e-06 1.12e-05 1.145e-05 9.55e-06 1.18e-05 1.135e-05 9.7e-06 7.1e-06 8.3e-06 9.35e-06 1.21e-05 1.05e-05 7.55e-06 1.215e-05 1.195e-05 1.145e-05 1.225e-05 1.01e-05 9.5e-06 1.095e-05 9.95e-06 1.14e-05 1.005e-05 9.85e-06 9.9e-06 1.04e-05 1.2e-05 1.185e-05 1.02e-05
34 1.04e-05 1.045e-05 1.335e-05 7.1e-06 1.03e-05 9.5e-06 1.025e-05 1.045e-05 9.55e-06 1.215e-05 1.075e-05 1.04e-05 1.325e-05 1.425e-05 9.6e-06 8.95e-06 4.95e-06 8.85e-06 9.35e-06 8.85e-06 8.7e-06 6.75e-06 1.27e-05 1.09e-05 1.19e-05 7.85e-06 9.05e-06 1.275e-05 8.85e-06 1.095e-05 1.415e-05 5.7e-06 1.35e-05 9.4e-06 6e-06 7.8e-06 9.15e-06 1.425e-05 1.405e-05 9.15e-06 9.15e-06 1.245e-05 8.85e-06 1.33e-05 1.17e-05 9.65e-06 1.06e-05 4.9e-06 1.18e-05 6.9e-06 9.3e-06 9.95e-06 1.06e-05 9.6e-06 5.1e-06 1.05e-05 9.4e-06 1.065e-05 6.9e-06 9.65e-06 1.01e-05 1.04e-05 9.6e-06 1.075e-05 6.7e-06 1.085e-05 1.27e-05 1.07e-05 1.175e-05 1.425e-05 1.255e-05 1.355e-05 1.05e-05 1.275e-05 1.045e-05 9.45e-06 8.8e-06 7.25e-06 1.055e-05 1.305e-05 1.07e-05 1.33e-05 5.15e-06 6.95e-06 1.055e-05 6.8e-06 6.85e-06 9.55e-06 1.275e-05 7.75e-06 9.1e-06 1.425e-05 9.7e-06 6.4e-06 1.35e-05 1.36e-05 1.055e-05 1.05e-05 8.75e-06
35 9.1e-06 9.65e-06 1.2e-05 1.075e-05 9.35e-06 8.55e-06 9e-06 9.25e-06 9.7e-06 1.175e-05 9.9e-06 9.9e-06 1.22e-05 1.24e-05 9.45e-06 9.4e-06 6.5e-06 9.95e-06 9.1e-06 1.015e-05 1.06e-05 6.4e-06 1.235e-05 1e-05 1.21e-05 1.025e-05 9.55e-06 1.285e-05 9.55e-06 1.25e-05 1.26e-05 7.2e-06 1.185e-05 1.045e-05 7.8e-06 1.2e-05 9.8e-06 1.235e-05 1.22e-05 9.85e-06 9.7e-06 1.215e-05 1.02e-05 1.2e-05 1.235e-05 9.75e-06 9.2e-06 8e-06 1.245e-05 6.7e-06 8.6e-06 9.95e-06 9.45e-06 8.9e-06 7.9e-06 9.7e-06 8.7e-06 1e-05 6.7e-06 8.85e-06 9.55e-06 9.15e-06 9.5e-06 1.03e-05 6.2e-06 9.6e-06 1.13e-05 1.045e-05 1.265e-05 1.24e-05 1.295e-05 1.18e-05 9.75e-06 1.27e-05 9.2e-06 9.15e-06 9.1e-06 1.12e-05 1e-05 1.21e-05 9.45e-06 1.17e-05 7.05e-06 6.75e-06 9.7e-06 6.45e-06 7.3e-06 9.55e-06 1.225e-05 6.55e-06 1.025e-05 1.24e-05 9.6e-06 7.25e-06 1.26e-05 1.235e-05 9.7e-06 9.65e-06 9.65e-06
36 9.65e-06 1.05e-05 1.295e-05 9.55e-06 1.03e-05 1.02e-05 9.65e-06 1.01e-05 8.75e-06 1.18e-05 1.06e-05 1e-05 1.015e-05 1.275e-05 7.7e-06 8.6e-06 8.05e-06 7.65e-06 1.025e-05 8.15e-06 1.075e-05 7.75e-06 1.005e-05 1.145e-05 1.01e-05 1.135e-05 8.3e-06 1.025e-05 7.65e-06 9.95e-06 1.225e-05 7.6e-06 1.26e-05 8.95e-06 9.15e-06 9.8e-06 1.42e-05 1.265e-05 1.255e-05 7.9e-06 8.8e-06 1.015e-05 8.45e-06 1.3e-05 8.85e-06 8.5e-06 1.01e-05 9e-06 8.95e-06 7.75e-06 8e-06 9.35e-06 1.03e-05 1.025e-05 8.9e-06 1.04e-05 8.1e-06 1.055e-05 7.85e-06 1.025e-05 1.07e-05 9.85e-06 1.065e-05 1.18e-05 7.7e-06 1.035e-05 1.125e-05 1.105e-05 9.65e-06 1.275e-05 9.65e-06 1.275e-05 1.065e-05 1.14e-05 9.9e-06 1.01e-05 8.5e-06 8.6e-06 1.105e-05 9.6e-06 1.02e-05 1.12e-05 9.4e-06 7.7e-06 1.03e-05 9.95e-06 8.3e-06 7.85e-06 1.09e-05 9.7e-06 9.2e-06 1.275e-05 1.02e-05 7.75e-06 1.125e-05 1.31e-05 1.015e-05 9.95e-06 8.4e-06
37 8.85e-06 9.05e-06 3.85e-06 1.09e-05 9.1e-06 1.035e-05 8.65e-06 9.2e-06 1.11e-05 1.355e-05 9e-06 1.01e-05 5.75e-06 2.95e-06 1.205e-05 1.18e-05 1.485e-05 1.195e-05 1.035e-05 1.23e-05 8.9e-06 1.53e-05 6.4e-06 7.75e-06 7.7e-06 9.65e-06 1.17e-05 6.5e-06 1.23e-05 8.45e-06 4.05e-06 1.47e-05 4.35e-06 1.13e-05 1.425e-05 1.235e-05 1.265e-05 5.1e-06 2.75e-06 1.26e-05 1.18e-05 6.2e-06 1.225e-05 4.2e-06 8.45e-06 1.125e-05 9.35e-06 1.485e-05 8.55e-06 1.515e-05 1.185e-05 9.7e-06 9.4e-06 1.015e-05 1.48e-05 9.05e-06 1.195e-05 8.75e-06 1.52e-05 1.06e-05 1.075e-05 8.75e-06 1.03e-05 7.75e-06 1.545e-05 9.3e-06 6.8e-06 8.95e-06 7.65e-06 2.95e-06 7.4e-06 4.3e-06 9.4e-06 5.65e-06 8.8e-06 9.7e-06 1.125e-05 1.205e-05 8.95e-06 6.6e-06 9.25e-06 6.15e-06 1.35e-05 1.56e-05 9.1e-06 1.38e-05 1.5e-05 1.18e-05 5.5e-06 1.17e-05 1.17e-05 2.95e-06 1.02e-05 1.505e-05 5.2e-06 4.3e-06 9.15e-06 8.55e-06 1.06e-05
38 8.4e-06 9.45e-06 4.2e-06 1.06e-05 8.6e-06 1.015e-05 8.2e-06 8.75e-06 1.14e-05 1.34e-05 9.45e-06 9.85e-06 5.35e-06 2.15e-06 1.195e-05 1.155e-05 1.47e-05 1.18e-05 1.01e-05 1.22e-05 8.55e-06 1.515e-05 6e-06 7.3e-06 7.55e-06 9.4e-06 1.145e-05 5.95e-06 1.22e-05 8.25e-06 3.5e-06 1.45e-05 3.85e-06 1.12e-05 1.405e-05 1.22e-05 1.255e-05 2.75e-06 3.6e-06 1.25e-05 1.155e-05 5.9e-06 1.205e-05 3.65e-06 8.25e-06 1.155e-05 8.9e-06 1.465e-05 8.35e-06 1.5e-05 1.19e-05 9.5e-06 8.95e-06 9.9e-06 1.46e-05 8.55e-06 1.2e-05 8.3e-06 1.505e-05 1.04e-05 1.055e-05 8.35e-06 1.01e-05 7.25e-06 1.53e-05 8.85e-06 6.5e-06 9.35e-06 7.85e-06 2.15e-06 7.2e-06 3.8e-06 8.9e-06 5.05e-06 8.4e-06 9.45e-06 1.1e-05 1.19e-05 8.7e-06 6.45e-06 8.8e-06 6.4e-06 1.335e-05 1.545e-05 8.6e-06 1.365e-05 1.485e-05 1.17e-05 4.95e-06 1.15e-05 1.145e-05 2.05e-06 9.95e-06 1.49e-05 5.2e-06 4.65e-06 8.65e-06 8.05e-06 1.03e-05
39 9.8e-06 1.05e-05 1.29e-05 9.5e-06 1.035e-05 1.025e-05 9.5e-06 1.01e-05 8.55e-06 1.185e-05 1.06e-05 9.95e-06 1.04e-05 1.27e-05 8e-06 8.65e-06 7.75e-06 7.1e-06 1.02e-05 7.8e-06 1.065e-05 7.8e-06 9.7e-06 1.135e-05 1.04e-05 1.13e-05 8.6e-06 1.055e-05 7.4e-06 9.9e-06 1.22e-05 7.45e-06 1.255e-05 9.2e-06 9.15e-06 9.85e-06 7.9e-06 1.26e-05 1.25e-05 1.41e-05 8.75e-06 1.015e-05 8e-06 1.295e-05 8.8e-06 8.65e-06 1.015e-05 9e-06 8.9e-06 7.4e-06 8.05e-06 9.15e-06 1.03e-05 1.02e-05 8.95e-06 1.005e-05 8.15e-06 1.05e-05 7.8e-06 1.03e-05 1.065e-05 9.8e-06 1.06e-05 1.17e-05 7.85e-06 1.03e-05 1.125e-05 1.1e-05 9.45e-06 1.27e-05 9.95e-06 1.27e-05 1.065e-05 1.135e-05 9.85e-06 9.95e-06 8.55e-06 9e-06 1.1e-05 9.6e-06 1.015e-05 1.115e-05 9.35e-06 8.05e-06 1.045e-05 9.95e-06 8.25e-06 7.8e-06 1.085e-05 9.55e-06 9.15e-06 1.27e-05 1e-05 7.5e-06 1.105e-05 1.305e-05 1.045e-05 9.8e-06 8.25e-06
40 9.5e-06 1.03e-05 1.21e-05 8.35e-06 1e-05 9.9e-06 9.3e-06 9.75e-06 8.65e-06 1.2e-05 1.04e-05 1.015e-05 1.05e-05 1.175e-05 8.75e-06 8e-06 8.3e-06 8.45e-06 9.8e-06 8.9e-06 1.065e-05 7.9e-06 1.025e-05 1.115e-05 1.065e-05 1.075e-05 8e-06 1.08e-05 8.45e-06 9.35e-06 1.22e-05 7.7e-06 1.16e-05 1.02e-05 9.15e-06 9.7e-06 8.8e-06 1.18e-05 1.155e-05 8.75e-06 1.46e-05 9.75e-06 8.8e-06 1.2e-05 8.3e-06 8.8e-06 9.8e-06 9.05e-06 8.7e-06 8e-06 7.95e-06 1.015e-05 9.95e-06 9.85e-06 9e-06 1.005e-05 8.05e-06 1.015e-05 7.6e-06 9.95e-06 1.03e-05 9.45e-06 1.02e-05 1.15e-05 8.1e-06 9.55e-06 1.005e-05 1.075e-05 8.65e-06 1.175e-05 1.115e-05 1.175e-05 1.03e-05 1.01e-05 9.5e-06 9.7e-06 7.7e-06 9.65e-06 9.9e-06 1.055e-05 9.35e-06 1.055e-05 9.7e-06 8.35e-06 1.01e-05 1e-05 8.45e-06 8.85e-06 9.6e-06 9.5e-06 8.45e-06 1.175e-05 9.8e-06 8.1e-06 1.055e-05 1.225e-05 1.015e-05 9.55e-06 7.5e-06
41 9.5e-06 1.04e-05 7.15e-06 8.25e-06 1.005e-05 1.03e-05 9.3e-06 9.5e-06 1e-05 1.285e-05 1.075e-05 1.06e-05 5.8e-06 6.1e-06 1.03e-05 9.2e-06 1.365e-05 9.5e-06 1e-05 9.6e-06 8.35e-06 1.375e-05 5.7e-06 8.3e-06 6.7e-06 9.35e-06 9.45e-06 6.5e-06 9.85e-06 6.05e-06 6.3e-06 1.255e-05 5.95e-06 8.7e-06 1.245e-05 1.215e-05 1.015e-05 6.2e-06 5.9e-06 1.015e-05 9.75e-06 9.3e-06 9.7e-06 7e-06 5.85e-06 1.015e-05 9.55e-06 1.27e-05 5.75e-06 1.395e-05 1.075e-05 8.2e-06 9.7e-06 1.05e-05 1.265e-05 1.035e-05 1.085e-05 9.15e-06 1.4e-05 1e-05 1.05e-05 9.45e-06 9.8e-06 8.95e-06 1.355e-05 9.95e-06 6.8e-06 1.04e-05 5.5e-06 6.1e-06 6.6e-06 6.45e-06 1.035e-05 5.9e-06 9.5e-06 1e-05 9.35e-06 8.95e-06 7.55e-06 5.55e-06 9.8e-06 6.95e-06 1.22e-05 1.405e-05 1.04e-05 1.34e-05 1.36e-05 1.01e-05 5.1e-06 1.185e-05 9.2e-06 6.1e-06 9.45e-06 1.285e-05 5.95e-06 6.95e-06 1.045e-05 9.2e-06 9.05e-06
42 1e-05 1.1e-05 1.255e-05 8.75e-06 1.075e-05 1.04e-05 9.8e-06 1.025e-05 8.8e-06 1.225e-05 1.11e-05 1.065e-05 1.005e-05 1.225e-05 8.4e-06 8.7e-06 8.65e-06 7.7e-06 1.005e-05 6.8e-06 1.02e-05 8.75e-06 9.35e-06 1.09e-05 1.005e-05 1.06e-05 8.7e-06 1.045e-05 7.9e-06 9.5e-06 1.21e-05 8.1e-06 1.185e-05 9.1e-06 8.85e-06 1.02e-05 8.45e-06 1.225e-05 1.205e-05 8e-06 8.8e-06 9.7e-06 1.31e-05 1.25e-05 8.25e-06 8.95e-06 1.03e-05 9.15e-06 8.3e-06 8.75e-06 8.9e-06 9e-06 1.045e-05 1.035e-05 9.1e-06 1.08e-05 9e-06 9.2e-06 8.75e-06 1.045e-05 1.02e-05 9.95e-06 9.25e-06 1.15e-05 8.85e-06 1.04e-05 1.09e-05 1e-05 8.75e-06 1.225e-05 1.02e-05 1.2e-05 1.105e-05 1.08e-05 1e-05 1.02e-05 8.6e-06 8.65e-06 1e-05 9.45e-06 1.025e-05 1.105e-05 9.3e-06 9.1e-06 1.085e-05 1.03e-05 8.2e-06 8.65e-06 1.005e-05 1e-05 7.7e-06 1.225e-05 1.02e-05 7.8e-06 1.045e-05 1.27e-05 1.09e-05 1.005e-05 8.4e-06
