 slim_337540738 slim_337540701 slim_337540695 slim_337540733 slim_337540781 slim_337540801 slim_337540551 slim_337540676 slim_337540668 slim_337540783 slim_337540770 slim_337540847 slim_337540840 slim_337540649 slim_337540816 slim_337540766 slim_337540792 slim_337540817 slim_337540633 slim_337540703 slim_337540828 slim_337540507 slim_337540813 slim_337540809 slim_337540788 slim_337540852 slim_337540749 slim_337540810 slim_337540803 slim_337540735 slim_337540693 slim_337540791 slim_337540804 slim_337540744 slim_337540797 slim_337540812 slim_337540800 slim_337540706 slim_337540756 slim_337540672 slim_337540842 slim_337540823 slim_337540831 slim_337540794 slim_337540610 slim_337540721 slim_337540745 slim_337540691 slim_337540822 slim_337540704 slim_337540665 slim_337540829 slim_337540579 slim_337540820 slim_337540741 slim_337540819 slim_337540844 slim_337540848 slim_337540833 slim_337540503 slim_337540834 slim_337540762 slim_337540760 slim_337540750 slim_337540500 slim_337540846 slim_337540730 slim_337540845 slim_337540647 slim_337540726 slim_337540755 slim_337540826 slim_337540728 slim_337540790 slim_337540841 slim_337540839 slim_337540843 slim_337540635 slim_337540628 slim_337540796 slim_337540765 slim_337540830 slim_337540825 slim_337540799 slim_337540836 slim_337540575 slim_337540714 slim_337540656 slim_337540824 slim_337540776 slim_337540543 slim_337540802 slim_337540821 slim_337540773 slim_337540603 slim_337540827 slim_337540835 slim_337540634 slim_337540536 slim_337540787
0 0.0001752 9.355e-05 0.0001121 8.86e-05 0.00012255 0.000162 9.38e-05 0.00011065 9.14e-05 9.02e-05 9.385e-05 9.13e-05 0.0001124 9.115e-05 0.0001602 9.025e-05 0.0001418 9.06e-05 0.00012215 9.06e-05 9.43e-05 0.0001419 0.00015995 9.995e-05 0.000141 0.0001118 0.0001599 0.0001599 0.000123 9.165e-05 9.075e-05 0.00013 0.0001422 0.00011175 0.00011655 9.385e-05 9.165e-05 0.0001216 9.31e-05 8.88e-05 9.08e-05 9.185e-05 9.1e-05 0.0001226 0.00012855 9.27e-05 0.0001426 9.13e-05 0.00015775 9.25e-05 9.4e-05 9.27e-05 9.075e-05 0.0001428 9.4e-05 9.385e-05 0.0001087 9.135e-05 9.475e-05 9.37e-05 0.0001222 0.0001119 9.27e-05 0.0001089 9.13e-05 0.00014055 9.115e-05 9.175e-05 0.0001301 0.00011 9.14e-05 0.0001291 0.0001424 0.00013995 9.425e-05 0.0001284 9.35e-05 9.44e-05 9.125e-05 8.98e-05 9.42e-05 9.445e-05 0.00011055 0.00010925 9.43e-05 9.155e-05 0.00011155 0.00011195 0.00010675 0.000109 9.195e-05 9.44e-05 0.000112 9.415e-05 0.00014185 9.47e-05 8.985e-05 0.00014425 9.115e-05 9.35e-05
1 9.355e-05 4.6e-06 4.675e-05 8.905e-05 4.425e-05 9.675e-05 8.8e-06 0.0001244 7.3e-05 8.5e-06 8.55e-06 8.63e-05 4.14e-05 7.86e-05 0.00010025 0.0001545 5.865e-05 8.6e-05 4.22e-05 8.6e-05 3.2e-06 5.625e-05 9.5e-05 1.39e-05 5.64e-05 4.11e-05 9.48e-05 9.52e-05 6.3e-05 6.6e-06 8.815e-05 7.94e-05 6.265e-05 4.32e-05 4.685e-05 2.48e-05 7.315e-05 4.195e-05 2.85e-06 8.9e-05 8.63e-05 1.145e-05 9.19e-05 4.26e-05 0.0001422 5.65e-06 7.815e-05 8.615e-05 0.00015705 2.67e-05 3.3e-06 3.8e-06 0.0001117 7.81e-05 2.9e-06 1.06e-05 0.0001242 1.24e-05 2.7e-06 4.95e-06 4.13e-05 4.12e-05 1.17e-05 0.0001244 7.29e-05 8.045e-05 7.5e-05 5.75e-06 7.95e-05 4.95e-05 7.3e-05 4.53e-05 5.69e-05 5.92e-05 5e-06 0.0001423 3e-06 2.9e-06 7.51e-05 8.6e-06 1.08e-05 2.585e-05 4.415e-05 0.00012475 1.105e-05 5.7e-06 4.3e-05 4.14e-05 2.19e-05 0.0001245 6.15e-06 2.85e-06 4.145e-05 3.2e-06 6.245e-05 8.95e-06 8.2e-06 5.845e-05 9.205e-05 4.85e-06
2 0.0001121 4.675e-05 8.84e-05 0.0001131 6.575e-05 8.825e-05 4.525e-05 0.00012725 9.69e-05 5.24e-05 4.53e-05 0.00011 4.595e-05 9.575e-05 7.75e-05 0.0001582 7.965e-05 0.0001097 6.45e-05 0.0001097 4.65e-05 7.765e-05 7.73e-05 5.75e-05 7.83e-05 4.56e-05 7.72e-05 7.755e-05 6.4e-05 5.06e-05 0.0001118 4.495e-05 7.725e-05 4.76e-05 5.11e-05 4.79e-05 9.685e-05 6.42e-05 4.69e-05 0.0001129 0.00011 4.81e-05 0.00010905 6.415e-05 0.00012685 4.955e-05 6.1e-05 0.00011005 0.00015835 4.96e-05 4.665e-05 4.76e-05 0.0001098 6.095e-05 4.715e-05 4.775e-05 0.000109 5.02e-05 4.66e-05 4.81e-05 6.335e-05 4.565e-05 4.885e-05 0.00010925 9.68e-05 6.325e-05 9.855e-05 4.925e-05 4.515e-05 4.935e-05 9.69e-05 6.67e-05 7.805e-05 8.075e-05 4.84e-05 0.00012695 4.705e-05 4.655e-05 9.865e-05 5.23e-05 4.74e-05 4.85e-05 4.905e-05 0.00010965 4.735e-05 4.915e-05 4.735e-05 4.59e-05 5.905e-05 0.0001094 4.96e-05 4.655e-05 4.595e-05 4.665e-05 7.675e-05 4.575e-05 5.17e-05 8.875e-05 0.0001092 4.81e-05
3 8.86e-05 8.905e-05 0.0001131 0.000165 0.0001234 0.0001628 9.44e-05 0.0001058 8.67e-05 8.39e-05 9.445e-05 8.655e-05 0.0001079 9.185e-05 0.00016585 8.54e-05 0.0001422 8.555e-05 0.00012305 8.555e-05 8.955e-05 0.0001424 0.00016055 9.425e-05 0.00014145 0.0001072 0.0001605 0.0001603 0.0001237 8.63e-05 8.59e-05 0.0001258 0.000148 0.0001071 0.0001122 8.9e-05 8.7e-05 0.00012245 8.84e-05 8.28e-05 8.58e-05 9.2e-05 9.155e-05 0.0001232 0.000124 8.76e-05 0.0001433 8.65e-05 0.000158 8.665e-05 8.92e-05 8.795e-05 9.15e-05 0.0001437 8.96e-05 9.43e-05 0.00010405 9.25e-05 9.02e-05 8.89e-05 0.0001222 0.0001073 9.295e-05 0.00010425 8.66e-05 0.00014155 8.645e-05 8.58e-05 0.0001259 0.00011055 8.67e-05 0.00012985 0.00014285 0.0001398 8.97e-05 0.00012365 8.885e-05 8.965e-05 8.655e-05 8.31e-05 9.5e-05 8.975e-05 0.0001056 0.0001046 9.51e-05 8.61e-05 0.0001069 0.00010735 0.00010735 0.00010435 8.62e-05 8.965e-05 0.0001074 8.935e-05 0.00014765 9.555e-05 8.405e-05 0.0001449 9.17e-05 8.845e-05
4 0.00012255 4.425e-05 6.575e-05 0.0001234 8.41e-05 9.82e-05 4.47e-05 0.0001618 0.00011045 4.425e-05 4.475e-05 0.00012345 6.56e-05 0.00011035 8.205e-05 0.00018855 5.955e-05 0.0001233 4.29e-05 0.0001233 4.465e-05 6.04e-05 8.185e-05 5.23e-05 6.05e-05 6.55e-05 8.18e-05 8.18e-05 6.365e-05 4.455e-05 0.0001222 8.645e-05 6.13e-05 6.495e-05 6.97e-05 6.475e-05 0.0001103 4.295e-05 4.43e-05 0.00012335 0.0001234 4.455e-05 0.00012365 4.36e-05 0.0001628 4.43e-05 6.495e-05 0.0001234 0.00015745 6.495e-05 4.475e-05 4.455e-05 0.00014315 6.515e-05 4.42e-05 4.4e-05 0.00014415 4.31e-05 4.49e-05 4.325e-05 4.39e-05 6.56e-05 4.485e-05 0.00014435 0.00011035 6.43e-05 0.000109 4.455e-05 8.655e-05 6.565e-05 0.00011045 4.815e-05 6.095e-05 6.035e-05 4.35e-05 0.00016265 4.43e-05 4.475e-05 0.0001091 4.445e-05 4.37e-05 6.38e-05 6.55e-05 0.0001447 4.38e-05 4.43e-05 6.475e-05 6.565e-05 5.665e-05 0.00014445 4.475e-05 4.475e-05 6.57e-05 4.49e-05 6.095e-05 4.5e-05 4.395e-05 7.71e-05 0.0001238 4.395e-05
5 0.000162 9.675e-05 8.825e-05 0.0001628 9.82e-05 0.0001605 9.545e-05 0.00017645 0.0001468 0.00010205 9.57e-05 0.00015995 8.865e-05 0.000146 0.00010305 0.00020795 0.0001121 0.0001596 9.7e-05 0.0001596 9.645e-05 0.0001103 0.00010285 0.0001072 0.0001108 8.835e-05 0.00010265 0.0001032 9.595e-05 0.0001003 0.0001615 8.085e-05 0.00011025 9.04e-05 9.37e-05 9.73e-05 0.0001468 9.67e-05 9.665e-05 0.0001626 0.00015975 9.825e-05 0.0001593 9.665e-05 0.00016955 9.935e-05 8.665e-05 0.0001599 0.00019085 9.875e-05 9.64e-05 9.735e-05 0.0001594 8.64e-05 9.69e-05 9.755e-05 0.00015185 0.00010025 9.675e-05 9.78e-05 9.58e-05 8.86e-05 9.905e-05 0.00015205 0.0001467 8.86e-05 0.00014825 9.91e-05 8.05e-05 9.21e-05 0.0001468 9.92e-05 0.00011075 0.0001132 9.825e-05 0.00016985 9.68e-05 9.655e-05 0.00014835 0.00010195 9.76e-05 9.765e-05 9.17e-05 0.00015235 9.75e-05 9.885e-05 9.02e-05 8.86e-05 0.00010885 0.0001521 9.93e-05 9.655e-05 8.855e-05 9.655e-05 0.0001097 9.615e-05 0.00010135 8.85e-05 0.00015945 9.8e-05
6 9.38e-05 8.8e-06 4.525e-05 9.44e-05 4.47e-05 9.545e-05 1.38e-05 0.00012895 7.865e-05 1.41e-05 7.6e-06 9.185e-05 4.595e-05 7.78e-05 9.445e-05 0.0001594 5.86e-05 9.115e-05 4.315e-05 9.115e-05 8.05e-06 5.68e-05 9.43e-05 1.935e-05 5.68e-05 4.555e-05 9.43e-05 9.45e-05 6.295e-05 1.23e-05 9.35e-05 8.33e-05 5.655e-05 4.745e-05 5.145e-05 2.97e-05 7.87e-05 4.27e-05 8.1e-06 9.42e-05 9.115e-05 1.015e-05 9.11e-05 4.27e-05 0.00014655 1.18e-05 7.79e-05 9.19e-05 0.0001568 3.14e-05 8.05e-06 8.7e-06 0.00011175 7.785e-05 9e-06 9.4e-06 0.0001288 1.24e-05 9.15e-06 9.6e-06 4.195e-05 4.565e-05 1.13e-05 0.000129 7.855e-05 8.02e-05 8.025e-05 1.08e-05 8.345e-05 4.925e-05 7.865e-05 4.575e-05 5.715e-05 5.96e-05 1.065e-05 0.00014665 8.45e-06 8.65e-06 8.035e-05 1.37e-05 9.95e-06 3.07e-05 4.915e-05 0.00012935 9.8e-06 1.055e-05 4.725e-05 4.53e-05 2.16e-05 0.0001291 1.1e-05 8.35e-06 4.575e-05 8.5e-06 5.595e-05 8.45e-06 1.355e-05 5.805e-05 9.125e-05 9.65e-06
7 0.00011065 0.0001244 0.00012725 0.0001058 0.0001618 0.00017645 0.00012895 0.0001656 0.00010505 0.00012645 0.00012905 0.0001052 0.00012215 0.0001101 0.00018 8.47e-05 0.00017715 0.0001044 0.00016185 0.0001044 0.00012425 0.0001769 0.0001747 0.00013305 0.0001768 0.00012145 0.00017455 0.0001748 0.0001407 0.0001259 0.0001052 0.0001196 0.0001824 0.0001219 0.00012655 0.0001042 0.00010535 0.00016125 0.00012395 0.0001056 0.00010465 0.0001302 0.0001101 0.0001613 0.0001015 0.00012595 0.00015835 0.0001051 0.000156 0.0001045 0.00012385 0.000124 9.05e-05 0.00015825 0.00012495 0.00012935 0.00010235 0.00013055 0.0001247 0.00012405 0.00016145 0.00012165 0.00013125 0.00010255 0.00010495 0.00015905 0.00010525 0.00012465 0.00011945 0.00012855 0.00010505 0.0001652 0.00017735 0.0001782 0.00012465 0.00010165 0.0001244 0.0001243 0.00010535 0.0001257 0.00012985 0.00010395 0.0001235 0.00010275 0.0001299 0.0001246 0.0001217 0.00012155 0.00014195 0.0001025 0.0001248 0.00012435 0.00012165 0.000124 0.000182 0.00012995 0.0001263 0.00017915 0.00011025 0.0001238
8 9.14e-05 7.3e-05 9.69e-05 8.67e-05 0.00011045 0.0001468 7.865e-05 0.00010505 0.0001437 7.45e-05 7.83e-05 8.615e-05 9.185e-05 7.805e-05 0.0001498 8.565e-05 0.0001265 8.565e-05 0.0001104 8.565e-05 7.325e-05 0.0001257 0.00014455 8.175e-05 0.0001261 9.115e-05 0.00014435 0.0001446 0.00011075 7.415e-05 8.64e-05 0.00010975 0.0001319 9.165e-05 9.67e-05 7.43e-05 7.265e-05 0.00010985 7.305e-05 8.665e-05 8.595e-05 7.915e-05 9.155e-05 0.00011015 0.00012295 7.41e-05 0.00012805 8.625e-05 0.000157 7.465e-05 7.285e-05 7.33e-05 9.2e-05 0.00012815 7.375e-05 7.885e-05 0.00010415 7.915e-05 7.255e-05 7.34e-05 0.00010965 9.125e-05 7.97e-05 0.00010435 7.195e-05 0.0001283 7.295e-05 7.35e-05 0.00010985 9.775e-05 7.205e-05 0.00011485 0.00012635 0.0001267 7.3e-05 0.0001229 7.36e-05 7.315e-05 7.3e-05 7.435e-05 7.915e-05 7.44e-05 9.245e-05 0.0001047 7.94e-05 7.34e-05 9.145e-05 9.155e-05 9.13e-05 0.00010445 7.39e-05 7.32e-05 9.15e-05 7.255e-05 0.0001317 7.89e-05 7.405e-05 0.0001284 9.17e-05 7.3e-05
9 9.02e-05 8.5e-06 5.24e-05 8.39e-05 4.425e-05 0.00010205 1.41e-05 0.00012645 7.45e-05 2.6e-06 1.415e-05 8.76e-05 4.685e-05 7.985e-05 0.00010545 0.00015465 6.31e-05 8.72e-05 4.3e-05 8.72e-05 8.75e-06 6.175e-05 0.0001002 1.27e-05 6.175e-05 4.66e-05 0.00010015 9.985e-05 6.355e-05 4.3e-06 8.86e-05 8.48e-05 6.795e-05 4.77e-05 5.205e-05 2.835e-05 7.45e-05 4.275e-05 8.35e-06 8.37e-05 8.735e-05 1.105e-05 9.31e-05 4.325e-05 0.00014445 5.2e-06 8.3e-05 8.76e-05 0.0001591 2.55e-05 8.75e-06 7.9e-06 0.00011295 8.35e-05 8.65e-06 1.52e-05 0.0001253 1.32e-05 9.1e-06 9.55e-06 4.065e-05 4.67e-05 1.105e-05 0.0001255 7.44e-05 8.12e-05 7.54e-05 4.85e-06 8.49e-05 4.98e-05 7.45e-05 5.05e-05 6.23e-05 5.825e-05 1e-05 0.000144 8.45e-06 8.85e-06 7.55e-05 1.55e-06 1.555e-05 3.04e-05 4.34e-05 0.00012585 1.565e-05 5.25e-06 4.75e-05 4.675e-05 2.675e-05 0.0001256 5.4e-06 8.85e-06 4.675e-05 8.85e-06 6.76e-05 1.465e-05 1.75e-06 6.395e-05 9.325e-05 9.45e-06
10 9.385e-05 8.55e-06 4.53e-05 9.445e-05 4.475e-05 9.57e-05 7.6e-06 0.00012905 7.83e-05 1.415e-05 1.31e-05 9.15e-05 4.58e-05 7.74e-05 9.445e-05 0.0001594 5.855e-05 9.055e-05 4.325e-05 9.055e-05 8.1e-06 5.64e-05 9.435e-05 1.94e-05 5.68e-05 4.505e-05 9.39e-05 9.45e-05 6.305e-05 1.225e-05 9.355e-05 8.355e-05 5.61e-05 4.75e-05 5.16e-05 2.965e-05 7.83e-05 4.28e-05 8.4e-06 9.425e-05 9.14e-05 1.04e-05 9.07e-05 4.265e-05 0.0001467 1.185e-05 7.805e-05 9.195e-05 0.00015675 3.15e-05 8.4e-06 8.95e-06 0.00011185 7.805e-05 9.25e-06 9.8e-06 0.00012895 1.245e-05 8.5e-06 9.95e-06 4.205e-05 4.515e-05 1.095e-05 0.00012915 7.82e-05 8.035e-05 8.025e-05 1.02e-05 8.365e-05 4.935e-05 7.83e-05 4.585e-05 5.67e-05 5.955e-05 1.035e-05 0.00014675 8.7e-06 8.2e-06 8.035e-05 1.375e-05 9.55e-06 3.08e-05 4.93e-05 0.0001295 1.01e-05 1.04e-05 4.73e-05 4.585e-05 2.165e-05 0.00012925 1.095e-05 8.35e-06 4.575e-05 8.05e-06 5.615e-05 7.7e-06 1.355e-05 5.785e-05 9.09e-05 8.95e-06
11 9.13e-05 8.63e-05 0.00011 8.655e-05 0.00012345 0.00015995 9.185e-05 0.0001052 8.615e-05 8.76e-05 9.15e-05 0.0001706 0.0001046 9.14e-05 0.0001631 8.595e-05 0.0001396 8.57e-05 0.0001234 8.57e-05 8.59e-05 0.00013895 0.0001578 9.455e-05 0.0001395 0.0001045 0.00015755 0.00015785 0.000124 8.74e-05 8.61e-05 0.0001229 0.000145 0.000105 0.00010975 8.78e-05 8.565e-05 0.00012315 8.66e-05 8.66e-05 8.605e-05 9.24e-05 9.125e-05 0.0001235 0.000123 8.695e-05 0.0001412 8.595e-05 0.00015715 8.8e-05 8.65e-05 8.68e-05 9.185e-05 0.0001413 8.64e-05 9.215e-05 0.000104 9.22e-05 8.63e-05 8.655e-05 0.0001228 0.0001046 9.255e-05 0.0001042 8.605e-05 0.00014145 8.64e-05 8.695e-05 0.000123 0.00011105 8.615e-05 0.0001279 0.00013895 0.0001398 8.66e-05 0.00012295 8.655e-05 8.65e-05 8.65e-05 8.77e-05 9.2e-05 8.75e-05 0.00010545 0.00010455 9.23e-05 8.695e-05 0.0001048 0.00010485 0.000104 0.0001043 8.735e-05 8.65e-05 0.0001049 8.65e-05 0.00014485 9.135e-05 8.74e-05 0.0001409 9.14e-05 8.655e-05
12 0.0001124 4.14e-05 4.595e-05 0.0001079 6.56e-05 8.865e-05 4.595e-05 0.00012215 9.185e-05 4.685e-05 4.58e-05 0.0001046 7.94e-05 9.65e-05 8.29e-05 0.0001532 7.945e-05 0.00010445 6.415e-05 0.00010445 4.075e-05 7.745e-05 7.75e-05 5.19e-05 7.81e-05 4.025e-05 7.71e-05 7.78e-05 6.4e-05 4.505e-05 0.00010655 4.03e-05 8.305e-05 4.255e-05 4.595e-05 4.26e-05 9.145e-05 6.405e-05 4.125e-05 0.0001077 0.0001046 4.895e-05 0.0001098 6.405e-05 0.00012185 4.41e-05 6.125e-05 0.00010495 0.0001584 4.43e-05 4.125e-05 4.205e-05 0.00011015 6.1e-05 4.085e-05 4.79e-05 0.0001042 5.045e-05 4.145e-05 4.25e-05 6.315e-05 4.055e-05 4.925e-05 0.0001044 9.175e-05 6.325e-05 9.33e-05 4.38e-05 4.025e-05 4.96e-05 9.185e-05 6.67e-05 7.77e-05 8.045e-05 4.31e-05 0.00012215 4.075e-05 4.125e-05 9.34e-05 4.69e-05 4.79e-05 4.315e-05 4.37e-05 0.00010465 4.815e-05 4.375e-05 4.235e-05 4.055e-05 5.905e-05 0.0001044 4.42e-05 4.11e-05 4.065e-05 4.14e-05 8.285e-05 4.6e-05 4.645e-05 8.88e-05 0.00010995 4.265e-05
13 9.115e-05 7.86e-05 9.575e-05 9.185e-05 0.00011035 0.000146 7.78e-05 0.0001101 7.805e-05 7.985e-05 7.74e-05 9.14e-05 9.65e-05 0.0001539 0.00014425 9.075e-05 0.0001265 9.08e-05 0.0001102 9.08e-05 7.855e-05 0.00012615 0.00014415 8.72e-05 0.0001261 9.595e-05 0.0001439 0.00014415 0.00011055 7.955e-05 9.155e-05 0.00011415 0.0001258 9.645e-05 0.0001013 7.945e-05 7.805e-05 0.00010975 7.84e-05 9.18e-05 9.125e-05 7.83e-05 9.06e-05 0.00011005 0.0001277 7.97e-05 0.0001275 9.165e-05 0.00015695 7.975e-05 7.865e-05 7.85e-05 9.145e-05 0.00012765 7.91e-05 7.845e-05 0.0001089 7.875e-05 7.9e-05 7.86e-05 0.0001096 9.605e-05 7.895e-05 0.0001091 7.795e-05 0.0001278 7.82e-05 7.87e-05 0.00011425 9.735e-05 7.795e-05 0.00011455 0.00012645 0.00012685 7.905e-05 0.0001276 7.87e-05 7.875e-05 7.83e-05 7.955e-05 7.825e-05 7.95e-05 9.74e-05 0.00010945 7.855e-05 7.86e-05 9.625e-05 9.635e-05 9.11e-05 0.0001092 7.91e-05 7.88e-05 9.635e-05 7.86e-05 0.00012565 7.81e-05 7.925e-05 0.0001281 9.075e-05 7.82e-05
14 0.0001602 0.00010025 7.75e-05 0.00016585 8.205e-05 0.00010305 9.445e-05 0.00018 0.0001498 0.00010545 9.445e-05 0.0001631 8.29e-05 0.00014425 0.0001087 0.00021055 7.9e-05 0.0001627 8.09e-05 0.0001627 0.00010015 7.71e-05 5.995e-05 0.00011085 7.75e-05 8.26e-05 5.99e-05 6.01e-05 8.025e-05 0.00010365 0.0001646 6.535e-05 7.21e-05 8.44e-05 8.325e-05 0.00010105 0.00014995 8.06e-05 0.00010035 0.00016565 0.0001629 9.715e-05 0.00015755 8.04e-05 0.0001632 0.00010275 6.11e-05 0.00016295 0.00015725 0.00010275 0.0001 0.00010105 0.00015775 6.12e-05 0.00010065 9.63e-05 0.0001454 9.9e-05 0.0001001 0.00010145 8.11e-05 8.265e-05 9.765e-05 0.0001456 0.0001497 6.31e-05 0.00015135 0.00010265 6.55e-05 8.04e-05 0.0001498 7.875e-05 7.75e-05 7.995e-05 0.00010175 0.00016315 0.0001005 9.99e-05 0.00015145 0.00010545 9.635e-05 0.0001017 8.57e-05 0.000146 9.645e-05 0.0001023 8.42e-05 8.28e-05 0.00010295 0.00014575 0.00010275 0.00010005 8.25e-05 9.995e-05 7.175e-05 9.495e-05 0.0001049 0.0001203 0.0001577 0.00010155
15 9.025e-05 0.0001545 0.0001582 8.54e-05 0.00018855 0.00020795 0.0001594 8.47e-05 8.565e-05 0.00015465 0.0001594 8.595e-05 0.0001532 9.075e-05 0.00021055 3.24e-05 0.00020505 8.505e-05 0.00019035 8.505e-05 0.0001546 0.00020685 0.00020525 0.00016245 0.00020645 0.00015245 0.0002052 0.0002051 0.00017095 0.00015485 8.385e-05 0.0001512 0.0002124 0.00015075 0.0001573 0.000135 8.595e-05 0.00018975 0.000154 8.535e-05 8.535e-05 0.00015945 9.09e-05 0.00019005 0.00010265 0.0001552 0.00018865 8.59e-05 0.00015595 0.0001352 0.00015425 0.00015405 7.16e-05 0.00018895 0.00015505 0.0001577 8.37e-05 0.00015795 0.0001551 0.00015235 0.0001903 0.00015255 0.0001605 8.39e-05 8.555e-05 0.00018855 8.38e-05 0.00015395 0.0001513 0.0001584 8.565e-05 0.0001948 0.0002073 0.00020695 0.000153 0.0001024 0.00015445 0.00015465 8.39e-05 0.0001541 0.00015825 0.0001337 0.00015345 8.425e-05 0.00015835 0.0001537 0.00015055 0.00015265 0.00017205 8.4e-05 0.00015415 0.0001547 0.00015265 0.00015435 0.00021205 0.0001604 0.00015425 0.0002098 9.105e-05 0.00015195
16 0.0001418 5.865e-05 7.965e-05 0.0001422 5.955e-05 0.0001121 5.86e-05 0.00017715 0.0001265 6.31e-05 5.855e-05 0.0001396 7.945e-05 0.0001265 7.9e-05 0.00020505 0.0001133 0.00013945 6.065e-05 0.00013945 5.85e-05 5.73e-05 7.885e-05 6.88e-05 5.82e-05 7.935e-05 7.875e-05 7.88e-05 8.07e-05 6.175e-05 0.0001387 0.00010035 5.825e-05 7.915e-05 8.005e-05 7.96e-05 0.00012645 6.07e-05 5.89e-05 0.000142 0.0001396 6.09e-05 0.0001398 6.06e-05 0.00017815 6.065e-05 7.965e-05 0.00013955 0.00015585 8.13e-05 5.86e-05 5.965e-05 0.00016005 7.985e-05 5.88e-05 5.82e-05 0.00016035 5.99e-05 5.845e-05 5.74e-05 6.11e-05 7.945e-05 6.12e-05 0.00016055 0.0001264 8.135e-05 0.0001255 6.085e-05 0.00010045 8.255e-05 0.0001265 5.93e-05 5.79e-05 5.98e-05 5.77e-05 0.000178 5.89e-05 5.84e-05 0.0001255 6.325e-05 5.775e-05 7.8e-05 8.19e-05 0.0001609 5.8e-05 6.06e-05 7.895e-05 7.955e-05 6.675e-05 0.00016065 6.105e-05 5.845e-05 7.95e-05 5.86e-05 5.795e-05 5.88e-05 6.28e-05 9.095e-05 0.00013995 5.81e-05
17 9.06e-05 8.6e-05 0.0001097 8.555e-05 0.0001233 0.0001596 9.115e-05 0.0001044 8.565e-05 8.72e-05 9.055e-05 8.57e-05 0.00010445 9.08e-05 0.0001627 8.505e-05 0.00013945 0.0001689 0.00012295 8.445e-05 8.61e-05 0.00013905 0.0001574 9.46e-05 0.0001387 0.0001035 0.00015715 0.0001574 0.0001234 8.69e-05 8.575e-05 0.00012255 0.00014465 0.00010415 0.0001094 8.675e-05 8.595e-05 0.00012235 8.555e-05 8.56e-05 8.515e-05 9.165e-05 9.07e-05 0.0001226 0.0001224 8.745e-05 0.00014075 8.585e-05 0.0001565 8.705e-05 8.595e-05 8.555e-05 9.125e-05 0.0001409 8.675e-05 9.145e-05 0.0001034 9.2e-05 8.655e-05 8.605e-05 0.00012245 0.0001036 9.26e-05 0.0001036 8.555e-05 0.00014105 8.6e-05 8.555e-05 0.00012265 0.00011035 8.565e-05 0.0001275 0.0001395 0.00013975 8.665e-05 0.0001223 8.6e-05 8.605e-05 8.61e-05 8.655e-05 9.195e-05 8.72e-05 0.00010545 0.00010395 9.225e-05 8.56e-05 0.00010395 0.0001041 0.0001044 0.0001037 8.61e-05 8.62e-05 0.000104 8.575e-05 0.0001445 9.19e-05 8.68e-05 0.0001415 9.085e-05 8.505e-05
18 0.00012215 4.22e-05 6.45e-05 0.00012305 4.29e-05 9.7e-05 4.315e-05 0.00016185 0.0001104 4.3e-05 4.325e-05 0.0001234 6.415e-05 0.0001102 8.09e-05 0.00019035 6.065e-05 0.00012295 8.07e-05 0.00012295 4.32e-05 5.93e-05 8.07e-05 5.1e-05 5.845e-05 6.405e-05 8.065e-05 8.07e-05 6.215e-05 4.29e-05 0.0001242 8.525e-05 6.01e-05 6.555e-05 6.825e-05 6.34e-05 0.00011025 4.055e-05 4.195e-05 0.00012315 0.00012305 4.32e-05 0.0001235 4.19e-05 0.0001629 4.32e-05 6.295e-05 0.00012335 0.0001576 6.36e-05 4.33e-05 4.225e-05 0.0001424 6.31e-05 4.215e-05 4.465e-05 0.00014405 4.365e-05 4.38e-05 4.4e-05 4.185e-05 6.415e-05 4.365e-05 0.00014425 0.0001103 6.285e-05 0.00011115 4.3e-05 8.535e-05 6.405e-05 0.0001104 4.585e-05 5.985e-05 5.925e-05 4.465e-05 0.0001628 4.195e-05 4.335e-05 0.00011125 4.305e-05 4.47e-05 6.465e-05 6.435e-05 0.0001446 4.48e-05 4.275e-05 6.535e-05 6.415e-05 5.55e-05 0.00014435 4.32e-05 4.33e-05 6.425e-05 4.35e-05 5.975e-05 4.38e-05 4.27e-05 7.595e-05 0.00012365 4.43e-05
19 9.06e-05 8.6e-05 0.0001097 8.555e-05 0.0001233 0.0001596 9.115e-05 0.0001044 8.565e-05 8.72e-05 9.055e-05 8.57e-05 0.00010445 9.08e-05 0.0001627 8.505e-05 0.00013945 8.445e-05 0.00012295 0.0001689 8.61e-05 0.00013905 0.0001574 9.46e-05 0.0001387 0.0001035 0.00015715 0.0001574 0.0001234 8.69e-05 8.575e-05 0.00012255 0.00014465 0.00010415 0.0001094 8.675e-05 8.595e-05 0.00012235 8.555e-05 8.56e-05 8.515e-05 9.165e-05 9.07e-05 0.0001226 0.0001224 8.745e-05 0.00014075 8.585e-05 0.0001565 8.705e-05 8.595e-05 8.555e-05 9.125e-05 0.0001409 8.675e-05 9.145e-05 0.0001034 9.2e-05 8.655e-05 8.605e-05 0.00012245 0.0001036 9.26e-05 0.0001036 8.555e-05 0.00014105 8.6e-05 8.555e-05 0.00012265 0.00011035 8.565e-05 0.0001275 0.0001395 0.00013975 8.665e-05 0.0001223 8.6e-05 8.605e-05 8.61e-05 8.655e-05 9.195e-05 8.72e-05 0.00010545 0.00010395 9.225e-05 8.56e-05 0.00010395 0.0001041 0.0001044 0.0001037 8.61e-05 8.62e-05 0.000104 8.575e-05 0.0001445 9.19e-05 8.68e-05 0.0001415 9.085e-05 8.505e-05
20 9.43e-05 3.2e-06 4.65e-05 8.955e-05 4.465e-05 9.645e-05 8.05e-06 0.00012425 7.325e-05 8.75e-06 8.1e-06 8.59e-05 4.075e-05 7.855e-05 0.00010015 0.0001546 5.85e-05 8.61e-05 4.32e-05 8.61e-05 4e-06 5.625e-05 9.48e-05 1.36e-05 5.7e-05 4.075e-05 9.46e-05 9.505e-05 6.335e-05 6.95e-06 8.835e-05 7.9e-05 6.235e-05 4.285e-05 4.685e-05 2.49e-05 7.275e-05 4.295e-05 3.15e-06 8.935e-05 8.625e-05 1.13e-05 9.185e-05 4.295e-05 0.000142 5.9e-06 7.85e-05 8.65e-05 0.00015705 2.665e-05 2.75e-06 3.8e-06 0.00011245 7.84e-05 3.15e-06 9.95e-06 0.00012425 1.27e-05 3e-06 4.4e-06 4.2e-05 4.085e-05 1.155e-05 0.00012445 7.315e-05 8.075e-05 7.51e-05 5.7e-06 7.915e-05 4.99e-05 7.325e-05 4.6e-05 5.625e-05 5.935e-05 4.9e-06 0.00014215 3.15e-06 3.05e-06 7.52e-05 8.8e-06 1.035e-05 2.565e-05 4.41e-05 0.0001248 1.065e-05 5.65e-06 4.265e-05 4.07e-05 2.135e-05 0.00012455 6.1e-06 2.75e-06 4.115e-05 3.05e-06 6.22e-05 8.1e-06 8.5e-06 5.765e-05 9.2e-05 4.55e-06
21 0.0001419 5.625e-05 7.765e-05 0.0001424 6.04e-05 0.0001103 5.68e-05 0.0001769 0.0001257 6.175e-05 5.64e-05 0.00013895 7.745e-05 0.00012615 7.71e-05 0.00020685 5.73e-05 0.00013905 5.93e-05 0.00013905 5.625e-05 0.0001095 7.7e-05 6.71e-05 5.63e-05 7.735e-05 7.675e-05 7.705e-05 7.925e-05 5.99e-05 0.0001409 9.855e-05 5.625e-05 7.94e-05 7.83e-05 7.805e-05 0.0001258 5.92e-05 5.705e-05 0.0001422 0.0001394 5.95e-05 0.00013945 5.915e-05 0.0001779 5.865e-05 7.79e-05 0.0001391 0.00015555 7.99e-05 5.655e-05 5.785e-05 0.0001598 7.8e-05 5.665e-05 5.85e-05 0.00016015 6.07e-05 5.55e-05 5.8e-05 5.935e-05 7.745e-05 5.93e-05 0.00016035 0.0001256 7.99e-05 0.00012765 5.925e-05 9.865e-05 8.105e-05 0.0001257 5.75e-05 5.56e-05 5.8e-05 5.76e-05 0.00017785 5.7e-05 5.605e-05 0.00012775 6.225e-05 5.825e-05 7.86e-05 8.015e-05 0.0001607 5.855e-05 5.92e-05 7.92e-05 7.775e-05 6.475e-05 0.00016045 5.965e-05 5.61e-05 7.765e-05 5.62e-05 5.61e-05 5.64e-05 6.15e-05 8.87e-05 0.0001396 5.815e-05
22 0.00015995 9.5e-05 7.73e-05 0.00016055 8.185e-05 0.00010285 9.43e-05 0.0001747 0.00014455 0.0001002 9.435e-05 0.0001578 7.75e-05 0.00014415 5.995e-05 0.00020525 7.885e-05 0.0001574 8.07e-05 0.0001574 9.48e-05 7.7e-05 0.0001187 0.00010555 7.735e-05 7.72e-05 5.97e-05 5.99e-05 8.005e-05 9.845e-05 0.0001593 5.965e-05 7.715e-05 7.865e-05 7.785e-05 9.58e-05 0.00014465 8.04e-05 9.5e-05 0.00016035 0.00015755 9.705e-05 0.00015745 8.03e-05 0.0001578 9.76e-05 6.085e-05 0.00015775 0.0001571 9.745e-05 9.475e-05 9.57e-05 0.00015765 6.09e-05 9.53e-05 9.615e-05 0.0001399 9.875e-05 9.49e-05 9.61e-05 8.095e-05 7.715e-05 9.76e-05 0.0001401 0.00014445 6.28e-05 0.00014605 9.735e-05 5.995e-05 8.08e-05 0.00014455 7.855e-05 7.735e-05 7.985e-05 9.65e-05 0.0001578 9.515e-05 9.475e-05 0.00014615 0.00010015 9.625e-05 9.64e-05 8.035e-05 0.0001406 9.635e-05 9.71e-05 7.87e-05 7.735e-05 0.00010285 0.00014035 9.755e-05 9.475e-05 7.735e-05 9.48e-05 7.68e-05 9.485e-05 9.965e-05 0.00012015 0.0001576 9.625e-05
23 9.995e-05 1.39e-05 5.75e-05 9.425e-05 5.23e-05 0.0001072 1.935e-05 0.00013305 8.175e-05 1.27e-05 1.94e-05 9.455e-05 5.19e-05 8.72e-05 0.00011085 0.00016245 6.88e-05 9.46e-05 5.1e-05 9.46e-05 1.36e-05 6.71e-05 0.00010555 2.5e-05 6.745e-05 5.18e-05 0.0001055 0.0001055 7.12e-05 1.35e-05 9.625e-05 8.99e-05 7.335e-05 5.33e-05 5.74e-05 3.445e-05 8.145e-05 5.075e-05 1.39e-05 9.405e-05 9.475e-05 1.91e-05 0.00010045 5.1e-05 0.00015105 1.345e-05 8.875e-05 9.48e-05 0.00016595 3.365e-05 1.385e-05 1.39e-05 0.0001205 8.895e-05 1.385e-05 2.075e-05 0.0001326 2.08e-05 1.41e-05 1.51e-05 4.93e-05 5.19e-05 1.94e-05 0.0001328 8.165e-05 8.885e-05 8.305e-05 1.31e-05 9e-05 5.765e-05 8.175e-05 5.62e-05 6.73e-05 6.68e-05 1.545e-05 0.0001509 1.385e-05 1.4e-05 8.315e-05 1.26e-05 2.105e-05 3.585e-05 5.17e-05 0.00013315 2.115e-05 1.335e-05 5.31e-05 5.195e-05 2.37e-05 0.0001329 1.35e-05 1.4e-05 5.2e-05 1.4e-05 7.3e-05 1.945e-05 1.295e-05 6.875e-05 0.0001006 1.515e-05
24 0.000141 5.64e-05 7.83e-05 0.00014145 6.05e-05 0.0001108 5.68e-05 0.0001768 0.0001261 6.175e-05 5.68e-05 0.0001395 7.81e-05 0.0001261 7.75e-05 0.00020645 5.82e-05 0.0001387 5.845e-05 0.0001387 5.7e-05 5.63e-05 7.735e-05 6.745e-05 0.0001109 7.765e-05 7.725e-05 7.74e-05 7.89e-05 5.995e-05 0.0001409 9.905e-05 5.675e-05 7.95e-05 7.85e-05 7.775e-05 0.00012635 5.8e-05 5.605e-05 0.0001414 0.0001389 5.93e-05 0.0001394 5.86e-05 0.000178 5.98e-05 7.765e-05 0.00013945 0.0001558 7.955e-05 5.68e-05 5.695e-05 0.000159 7.78e-05 5.695e-05 5.86e-05 0.00016 6.07e-05 5.735e-05 5.83e-05 5.9e-05 7.775e-05 6.005e-05 0.0001602 0.000126 7.975e-05 0.00012775 5.89e-05 9.915e-05 8.065e-05 0.0001261 5.7e-05 5.67e-05 5.88e-05 5.89e-05 0.0001779 5.63e-05 5.695e-05 0.00012785 6.145e-05 5.91e-05 7.905e-05 8.08e-05 0.00016055 5.925e-05 5.865e-05 7.93e-05 7.78e-05 6.57e-05 0.0001603 5.91e-05 5.695e-05 7.78e-05 5.685e-05 5.645e-05 5.77e-05 6.135e-05 8.99e-05 0.00013955 5.805e-05
25 0.0001118 4.11e-05 4.56e-05 0.0001072 6.55e-05 8.835e-05 4.555e-05 0.00012145 9.115e-05 4.66e-05 4.505e-05 0.0001045 4.025e-05 9.595e-05 8.26e-05 0.00015245 7.935e-05 0.0001035 6.405e-05 0.0001035 4.075e-05 7.735e-05 7.72e-05 5.18e-05 7.765e-05 7.88e-05 7.68e-05 7.75e-05 6.35e-05 4.47e-05 0.00010625 4e-05 8.275e-05 4.195e-05 4.56e-05 4.18e-05 9.13e-05 6.36e-05 4.08e-05 0.000107 0.0001041 4.84e-05 0.0001093 6.345e-05 0.00012125 4.425e-05 6.1e-05 0.00010465 0.0001579 4.36e-05 4.075e-05 4.135e-05 0.0001097 6.065e-05 4.16e-05 4.75e-05 0.0001037 5.025e-05 4.115e-05 4.23e-05 6.3e-05 3.98e-05 4.92e-05 0.0001039 9.105e-05 6.285e-05 9.295e-05 4.285e-05 3.995e-05 4.91e-05 9.115e-05 6.65e-05 7.78e-05 8.04e-05 4.285e-05 0.00012165 4.11e-05 4.075e-05 9.305e-05 4.62e-05 4.78e-05 4.285e-05 4.355e-05 0.00010405 4.805e-05 4.285e-05 4.175e-05 4.005e-05 5.915e-05 0.0001038 4.34e-05 4.085e-05 3.99e-05 4.06e-05 8.255e-05 4.615e-05 4.6e-05 8.89e-05 0.00010945 4.16e-05
26 0.0001599 9.48e-05 7.72e-05 0.0001605 8.18e-05 0.00010265 9.43e-05 0.00017455 0.00014435 0.00010015 9.39e-05 0.00015755 7.71e-05 0.0001439 5.99e-05 0.0002052 7.875e-05 0.00015715 8.065e-05 0.00015715 9.46e-05 7.675e-05 5.97e-05 0.0001055 7.725e-05 7.68e-05 0.0001184 5.985e-05 7.99e-05 9.84e-05 0.00015925 6e-05 7.685e-05 7.905e-05 7.765e-05 9.565e-05 0.0001444 8.035e-05 9.5e-05 0.0001603 0.00015755 9.7e-05 0.0001572 8.025e-05 0.0001577 9.755e-05 6.085e-05 0.0001577 0.000157 9.73e-05 9.475e-05 9.57e-05 0.0001575 6.08e-05 9.53e-05 9.615e-05 0.00014005 9.87e-05 9.455e-05 9.61e-05 8.09e-05 7.71e-05 9.735e-05 0.00014025 0.00014425 6.26e-05 0.000146 9.71e-05 5.99e-05 8.08e-05 0.00014435 7.85e-05 7.705e-05 7.975e-05 9.63e-05 0.0001578 9.515e-05 9.455e-05 0.0001461 0.0001001 9.6e-05 9.625e-05 8.025e-05 0.0001405 9.63e-05 9.705e-05 7.885e-05 7.73e-05 0.00010275 0.00014025 9.75e-05 9.46e-05 7.715e-05 9.46e-05 7.67e-05 9.44e-05 9.96e-05 0.00011995 0.00015735 9.6e-05
27 0.0001599 9.52e-05 7.755e-05 0.0001603 8.18e-05 0.0001032 9.45e-05 0.0001748 0.0001446 9.985e-05 9.45e-05 0.00015785 7.78e-05 0.00014415 6.01e-05 0.0002051 7.88e-05 0.0001574 8.07e-05 0.0001574 9.505e-05 7.705e-05 5.99e-05 0.0001055 7.74e-05 7.75e-05 5.985e-05 0.0001184 8.015e-05 9.835e-05 0.00015925 6.03e-05 7.715e-05 7.92e-05 7.8e-05 9.605e-05 0.0001447 8.04e-05 9.52e-05 0.0001601 0.0001576 9.695e-05 0.00015745 8.03e-05 0.00015795 9.755e-05 6.035e-05 0.0001578 0.00015695 9.745e-05 9.5e-05 9.59e-05 0.00015775 6.115e-05 9.555e-05 9.63e-05 0.00014015 9.885e-05 9.515e-05 9.625e-05 8.085e-05 7.755e-05 9.75e-05 0.00014035 0.0001445 6.295e-05 0.000146 9.725e-05 6.045e-05 8.08e-05 0.0001446 7.85e-05 7.73e-05 7.96e-05 9.665e-05 0.0001572 9.535e-05 9.495e-05 0.0001461 9.98e-05 9.635e-05 9.66e-05 8.04e-05 0.00014075 9.645e-05 9.7e-05 7.9e-05 7.77e-05 0.0001029 0.0001405 9.745e-05 9.5e-05 7.765e-05 9.5e-05 7.68e-05 9.505e-05 9.93e-05 0.00012045 0.0001576 9.63e-05
28 0.000123 6.3e-05 6.4e-05 0.0001237 6.365e-05 9.595e-05 6.295e-05 0.0001407 0.00011075 6.355e-05 6.305e-05 0.000124 6.4e-05 0.00011055 8.025e-05 0.00017095 8.07e-05 0.0001234 6.215e-05 0.0001234 6.335e-05 7.925e-05 8.005e-05 7.12e-05 7.89e-05 6.35e-05 7.99e-05 8.015e-05 0.0001224 6.37e-05 0.00012505 6.44e-05 7.97e-05 6.51e-05 6.775e-05 6.27e-05 0.0001109 6.17e-05 6.27e-05 0.00012365 0.0001236 6.32e-05 0.0001238 6.23e-05 0.00014255 6.385e-05 6.325e-05 0.00012395 0.0001576 6.24e-05 6.315e-05 6.28e-05 0.0001232 6.315e-05 6.335e-05 6.45e-05 0.0001241 6.43e-05 6.375e-05 6.43e-05 6.315e-05 6.37e-05 6.4e-05 0.0001243 0.00011065 6.275e-05 0.00011195 6.3e-05 6.425e-05 6.4e-05 0.00011075 6.65e-05 7.975e-05 7.955e-05 6.48e-05 0.0001427 6.3e-05 6.345e-05 0.00011205 6.31e-05 6.48e-05 6.365e-05 6.43e-05 0.0001245 6.485e-05 6.295e-05 6.49e-05 6.36e-05 7.54e-05 0.00012425 6.32e-05 6.345e-05 6.37e-05 6.33e-05 7.93e-05 6.375e-05 6.335e-05 9.57e-05 0.00012395 6.425e-05
29 9.165e-05 6.6e-06 5.06e-05 8.63e-05 4.455e-05 0.0001003 1.23e-05 0.0001259 7.415e-05 4.3e-06 1.225e-05 8.74e-05 4.505e-05 7.955e-05 0.00010365 0.00015485 6.175e-05 8.69e-05 4.29e-05 8.69e-05 6.95e-06 5.99e-05 9.845e-05 1.35e-05 5.995e-05 4.47e-05 9.84e-05 9.835e-05 6.37e-05 7.6e-06 8.88e-05 8.3e-05 6.62e-05 4.62e-05 5.05e-05 2.6e-05 7.42e-05 4.265e-05 6.5e-06 8.61e-05 8.715e-05 1.13e-05 9.29e-05 4.275e-05 0.0001437 5.5e-06 8.145e-05 8.73e-05 0.0001584 2.65e-05 6.85e-06 5.8e-06 0.0001127 8.17e-05 6.8e-06 1.38e-05 0.0001251 1.315e-05 7.2e-06 8.15e-06 4.095e-05 4.48e-05 1.135e-05 0.0001253 7.405e-05 8.115e-05 7.55e-05 5.55e-06 8.31e-05 5e-05 7.415e-05 4.895e-05 6.055e-05 5.86e-05 8.5e-06 0.0001435 6.6e-06 6.75e-06 7.56e-05 4.75e-06 1.415e-05 2.92e-05 4.37e-05 0.00012565 1.425e-05 5.25e-06 4.6e-05 4.495e-05 2.51e-05 0.0001254 5.55e-06 7e-06 4.465e-05 6.75e-06 6.585e-05 1.285e-05 4.15e-06 6.22e-05 9.305e-05 7.85e-06
30 9.075e-05 8.815e-05 0.0001118 8.59e-05 0.0001222 0.0001615 9.35e-05 0.0001052 8.64e-05 8.86e-05 9.355e-05 8.61e-05 0.00010655 9.155e-05 0.0001646 8.385e-05 0.0001387 8.575e-05 0.0001242 8.575e-05 8.835e-05 0.0001409 0.0001593 9.625e-05 0.0001409 0.00010625 0.00015925 0.00015925 0.00012505 8.88e-05 0.0001669 0.00012445 0.0001468 0.00010455 0.0001111 8.9e-05 8.64e-05 0.0001241 8.805e-05 8.605e-05 8.59e-05 9.365e-05 9.14e-05 0.00012455 0.000123 8.86e-05 0.00014255 8.605e-05 0.0001571 8.915e-05 8.83e-05 8.83e-05 9.16e-05 0.00014275 8.83e-05 9.165e-05 0.00010385 9.115e-05 8.865e-05 8.575e-05 0.00012405 0.00010635 9.425e-05 0.00010405 8.63e-05 0.0001425 8.395e-05 8.83e-05 0.00012455 0.0001121 8.64e-05 0.00012915 0.00014135 0.00014115 8.625e-05 0.00012285 8.82e-05 8.845e-05 8.395e-05 8.845e-05 9.145e-05 8.655e-05 0.00010685 0.0001044 9.165e-05 8.81e-05 0.00010435 0.0001064 0.000106 0.00010415 8.85e-05 8.845e-05 0.00010645 8.845e-05 0.00014645 9.4e-05 8.835e-05 0.00014335 9.155e-05 8.63e-05
31 0.00013 7.94e-05 4.495e-05 0.0001258 8.645e-05 8.085e-05 8.33e-05 0.0001196 0.00010975 8.48e-05 8.355e-05 0.0001229 4.03e-05 0.00011415 6.535e-05 0.0001512 0.00010035 0.00012255 8.525e-05 0.00012255 7.9e-05 9.855e-05 5.965e-05 8.99e-05 9.905e-05 4e-05 6e-05 6.03e-05 6.44e-05 8.3e-05 0.00012445 6e-07 0.0001037 4.16e-05 4.52e-05 6e-05 0.00010975 8.495e-05 7.92e-05 0.0001256 0.0001226 8.625e-05 0.00012745 8.49e-05 0.0001014 8.205e-05 4.375e-05 0.00012285 0.0001594 6.165e-05 7.895e-05 7.99e-05 0.00010765 4.355e-05 7.945e-05 8.53e-05 8.33e-05 8.795e-05 7.94e-05 8.035e-05 8.425e-05 3.955e-05 8.695e-05 8.335e-05 0.00010965 4.585e-05 0.0001112 8.18e-05 1e-06 4.885e-05 0.00010975 8.73e-05 9.9e-05 0.0001015 8.09e-05 0.00010165 7.935e-05 7.92e-05 0.0001113 8.47e-05 8.545e-05 6.05e-05 4.33e-05 8.42e-05 8.545e-05 8.155e-05 4.135e-05 4.005e-05 9.66e-05 8.395e-05 8.2e-05 7.91e-05 4.02e-05 7.92e-05 0.00010325 8.4e-05 8.41e-05 0.0001196 0.0001276 8.065e-05
32 0.0001422 6.265e-05 7.725e-05 0.000148 6.13e-05 0.00011025 5.655e-05 0.0001824 0.0001319 6.795e-05 5.61e-05 0.000145 8.305e-05 0.0001258 7.21e-05 0.0002124 5.825e-05 0.00014465 6.01e-05 0.00014465 6.235e-05 5.625e-05 7.715e-05 7.335e-05 5.675e-05 8.275e-05 7.685e-05 7.715e-05 7.97e-05 6.62e-05 0.0001468 0.0001037 0.0001006 8.48e-05 8.375e-05 8.375e-05 0.00013185 5.98e-05 6.28e-05 0.0001478 0.00014505 5.925e-05 0.0001391 5.97e-05 0.00018325 6.54e-05 7.815e-05 0.00014525 0.00015615 8.545e-05 6.26e-05 6.35e-05 0.0001599 7.83e-05 6.315e-05 5.87e-05 0.0001655 6.115e-05 6.245e-05 6.395e-05 6.02e-05 8.285e-05 5.935e-05 0.0001657 0.0001318 8.02e-05 0.00013355 6.49e-05 0.0001038 8.13e-05 0.0001319 5.81e-05 5.645e-05 5.92e-05 6.42e-05 0.00018315 6.295e-05 6.24e-05 0.00013365 6.79e-05 5.825e-05 8.445e-05 8.61e-05 0.00016605 5.86e-05 6.485e-05 8.46e-05 8.315e-05 6.55e-05 0.0001658 6.53e-05 6.245e-05 8.31e-05 6.245e-05 5.06e-05 5.655e-05 6.74e-05 8.935e-05 0.00013905 6.38e-05
33 0.00011175 4.32e-05 4.76e-05 0.0001071 6.495e-05 9.04e-05 4.745e-05 0.0001219 9.165e-05 4.77e-05 4.75e-05 0.000105 4.255e-05 9.645e-05 8.44e-05 0.00015075 7.915e-05 0.00010415 6.555e-05 0.00010415 4.285e-05 7.94e-05 7.865e-05 5.33e-05 7.95e-05 4.195e-05 7.905e-05 7.92e-05 6.51e-05 4.62e-05 0.00010455 4.16e-05 8.48e-05 8.26e-05 4.77e-05 4.34e-05 9.18e-05 6.51e-05 4.27e-05 0.0001069 0.0001044 4.99e-05 0.0001098 6.495e-05 0.0001218 4.575e-05 6.275e-05 0.00010495 0.0001582 4.52e-05 4.265e-05 4.325e-05 0.0001101 6.275e-05 4.35e-05 4.735e-05 0.00010385 4.995e-05 4.345e-05 4.215e-05 6.45e-05 4.19e-05 5.09e-05 0.00010405 9.155e-05 6.465e-05 9.12e-05 4.47e-05 4.19e-05 5.055e-05 9.165e-05 6.83e-05 7.985e-05 8.185e-05 4.29e-05 0.00012185 4.3e-05 4.29e-05 9.13e-05 4.73e-05 4.785e-05 4.285e-05 4.525e-05 0.00010455 4.785e-05 4.44e-05 4.135e-05 4.215e-05 6.1e-05 0.0001043 4.49e-05 4.295e-05 4.21e-05 4.275e-05 8.44e-05 4.845e-05 4.71e-05 9.095e-05 0.00010995 4.17e-05
34 0.00011655 4.685e-05 5.11e-05 0.0001122 6.97e-05 9.37e-05 5.145e-05 0.00012655 9.67e-05 5.205e-05 5.16e-05 0.00010975 4.595e-05 0.0001013 8.325e-05 0.0001573 8.005e-05 0.0001094 6.825e-05 0.0001094 4.685e-05 7.83e-05 7.785e-05 5.74e-05 7.85e-05 4.56e-05 7.765e-05 7.8e-05 6.775e-05 5.05e-05 0.0001111 4.52e-05 8.375e-05 4.77e-05 8.92e-05 4.76e-05 9.665e-05 6.8e-05 4.67e-05 0.00011215 0.0001095 5.42e-05 0.00011455 6.83e-05 0.0001263 4.96e-05 6.545e-05 0.0001097 0.0001584 4.91e-05 4.685e-05 4.75e-05 0.00011425 6.525e-05 4.69e-05 5.33e-05 0.0001086 5.54e-05 4.725e-05 4.81e-05 6.82e-05 4.6e-05 5.475e-05 0.0001088 9.66e-05 6.7e-05 9.8e-05 4.93e-05 4.515e-05 5.415e-05 9.67e-05 6.495e-05 7.88e-05 8.105e-05 4.86e-05 0.00012655 4.68e-05 4.7e-05 9.81e-05 5.19e-05 5.34e-05 4.805e-05 4.875e-05 0.00010895 5.345e-05 4.92e-05 4.75e-05 4.58e-05 5.925e-05 0.0001087 4.95e-05 4.695e-05 4.58e-05 4.705e-05 8.335e-05 5.205e-05 5.165e-05 9.46e-05 0.0001147 4.835e-05
35 9.385e-05 2.48e-05 4.79e-05 8.9e-05 6.475e-05 9.73e-05 2.97e-05 0.0001042 7.43e-05 2.835e-05 2.965e-05 8.78e-05 4.26e-05 7.945e-05 0.00010105 0.000135 7.96e-05 8.675e-05 6.34e-05 8.675e-05 2.49e-05 7.805e-05 9.58e-05 3.445e-05 7.775e-05 4.18e-05 9.565e-05 9.605e-05 6.27e-05 2.6e-05 8.9e-05 6e-05 8.375e-05 4.34e-05 4.76e-05 4.6e-05 7.465e-05 6.28e-05 2.425e-05 8.88e-05 8.71e-05 3.16e-05 9.275e-05 6.265e-05 0.00012255 2.72e-05 7.925e-05 8.765e-05 0.00015775 2.59e-05 2.445e-05 2.405e-05 9.26e-05 7.9e-05 2.54e-05 3.12e-05 0.00010475 3.29e-05 2.54e-05 2.585e-05 6.245e-05 4.2e-05 3.26e-05 0.00010495 7.42e-05 8.075e-05 7.57e-05 2.58e-05 6e-05 4.97e-05 7.43e-05 6.66e-05 7.865e-05 8e-05 2.645e-05 0.00012285 2.47e-05 2.47e-05 7.58e-05 2.77e-05 3.185e-05 2.605e-05 4.46e-05 0.00010515 3.195e-05 2.555e-05 4.32e-05 4.2e-05 4.325e-05 0.0001049 2.565e-05 2.495e-05 4.18e-05 2.44e-05 8.34e-05 3.08e-05 2.81e-05 8.005e-05 9.29e-05 2.525e-05
36 9.165e-05 7.315e-05 9.685e-05 8.7e-05 0.0001103 0.0001468 7.87e-05 0.00010535 7.265e-05 7.45e-05 7.83e-05 8.565e-05 9.145e-05 7.805e-05 0.00014995 8.595e-05 0.00012645 8.595e-05 0.00011025 8.595e-05 7.275e-05 0.0001258 0.00014465 8.145e-05 0.00012635 9.13e-05 0.0001444 0.0001447 0.0001109 7.42e-05 8.64e-05 0.00010975 0.00013185 9.18e-05 9.665e-05 7.465e-05 0.0001443 0.00011 7.345e-05 8.695e-05 8.635e-05 7.92e-05 9.155e-05 0.0001103 0.0001231 7.38e-05 0.00012805 8.625e-05 0.00015725 7.495e-05 7.335e-05 7.36e-05 9.215e-05 0.00012815 7.325e-05 7.9e-05 0.0001043 7.905e-05 7.315e-05 7.34e-05 0.00010965 9.14e-05 7.94e-05 0.0001045 7.27e-05 0.0001283 7.295e-05 7.38e-05 0.00010985 9.795e-05 7.28e-05 0.0001148 0.0001258 0.00012665 7.345e-05 0.00012305 7.34e-05 7.33e-05 7.3e-05 7.465e-05 7.885e-05 7.44e-05 9.23e-05 0.00010485 7.915e-05 7.37e-05 9.16e-05 9.17e-05 9.085e-05 0.0001046 7.42e-05 7.335e-05 9.17e-05 7.33e-05 0.0001317 7.82e-05 7.42e-05 0.00012775 9.17e-05 7.33e-05
37 0.0001216 4.195e-05 6.42e-05 0.00012245 4.295e-05 9.67e-05 4.27e-05 0.00016125 0.00010985 4.275e-05 4.28e-05 0.00012315 6.405e-05 0.00010975 8.06e-05 0.00018975 6.07e-05 0.00012235 4.055e-05 0.00012235 4.295e-05 5.92e-05 8.04e-05 5.075e-05 5.8e-05 6.36e-05 8.035e-05 8.04e-05 6.17e-05 4.265e-05 0.0001241 8.495e-05 5.98e-05 6.51e-05 6.8e-05 6.28e-05 0.00011 8.01e-05 4.14e-05 0.00012255 0.0001225 4.275e-05 0.00012305 4.145e-05 0.00016245 4.33e-05 6.275e-05 0.0001231 0.00015715 6.3e-05 4.275e-05 4.165e-05 0.00014195 6.29e-05 4.225e-05 4.42e-05 0.0001436 4.36e-05 4.36e-05 4.39e-05 4.16e-05 6.37e-05 4.355e-05 0.0001438 0.00010975 6.255e-05 0.00011105 4.24e-05 8.505e-05 6.36e-05 0.00010985 4.57e-05 5.975e-05 5.915e-05 4.46e-05 0.00016235 4.17e-05 4.31e-05 0.00011115 4.245e-05 4.475e-05 6.455e-05 6.425e-05 0.00014415 4.485e-05 4.215e-05 6.49e-05 6.37e-05 5.54e-05 0.0001439 4.26e-05 4.305e-05 6.38e-05 4.295e-05 5.945e-05 4.37e-05 4.235e-05 7.585e-05 0.0001232 4.37e-05
38 9.31e-05 2.85e-06 4.69e-05 8.84e-05 4.43e-05 9.665e-05 8.1e-06 0.00012395 7.305e-05 8.35e-06 8.4e-06 8.66e-05 4.125e-05 7.84e-05 0.00010035 0.000154 5.89e-05 8.555e-05 4.195e-05 8.555e-05 3.15e-06 5.705e-05 9.5e-05 1.39e-05 5.605e-05 4.08e-05 9.5e-05 9.52e-05 6.27e-05 6.5e-06 8.805e-05 7.92e-05 6.28e-05 4.27e-05 4.67e-05 2.425e-05 7.345e-05 4.14e-05 2.8e-06 8.835e-05 8.51e-05 1.095e-05 9.17e-05 4.21e-05 0.00014185 6.55e-06 7.79e-05 8.655e-05 0.0001569 2.61e-05 2.55e-06 2.65e-06 0.00011135 7.785e-05 3.15e-06 1e-05 0.00012385 1.235e-05 4e-06 4.5e-06 4.115e-05 4.09e-05 1.2e-05 0.00012405 7.295e-05 8.025e-05 7.49e-05 5.15e-06 7.935e-05 4.915e-05 7.305e-05 4.51e-05 5.755e-05 5.955e-05 5.45e-06 0.00014195 2.3e-06 3.5e-06 7.5e-05 7.8e-06 1.1e-05 2.58e-05 4.43e-05 0.0001244 1.11e-05 4.9e-06 4.25e-05 4.07e-05 2.22e-05 0.00012415 5.35e-06 3.1e-06 4.1e-05 3.1e-06 6.245e-05 9.55e-06 7.95e-06 5.895e-05 9.185e-05 4.25e-06
