 slim_337567700 slim_337567795 slim_337567777 slim_337567590 slim_337567696 slim_337567656 slim_337567721 slim_337567738 slim_337567792 slim_337567730 slim_337567537 slim_337567622 slim_337567603 slim_337567748 slim_337567770 slim_337567688 slim_337567553 slim_337567503 slim_337567784 slim_337567453 slim_337567765 slim_337567488 slim_337567749 slim_337567446 slim_337567781 slim_337567735 slim_337567719 slim_337567653 slim_337567757 slim_337567693 slim_337567683 slim_337567633 slim_337567500 slim_337567483 slim_337567709 slim_337567783 slim_337567780 slim_337567762 slim_337567779 slim_337567742 slim_337567769 slim_337567716 slim_337567718 slim_337567794 slim_337567758 slim_337567744 slim_337567472 slim_337567751 slim_337567621 slim_337567517 slim_337567598 slim_337567695 slim_337567740 slim_337567531 slim_337567706 slim_337567675 slim_337567628 slim_337567610 slim_337567763 slim_337567767 slim_337567789 slim_337567703 slim_337567680 slim_337567689 slim_337567772 slim_337567717 slim_337567454 slim_337567678 slim_337567759 slim_337567746 slim_337567499 slim_337567568 slim_337567418 slim_337567698 slim_337567728 slim_337567737 slim_337567650 slim_337567673 slim_337567676 slim_337567686 slim_337567785 slim_337567697 slim_337567741 slim_337567681 slim_337567699 slim_337567652 slim_337567788 slim_337567585 slim_337567732 slim_337567508 slim_337567778 slim_337567752 slim_337567684 slim_337567761 slim_337567771 slim_337567722 slim_337567775 slim_337567638 slim_337567644 slim_337567790
0 5.3e-06 6.165e-05 2.13e-05 6.62e-05 6.635e-05 3.75e-05 6.25e-06 6.185e-05 3.52e-05 3.07e-05 5.225e-05 6.15e-05 3.59e-05 3.015e-05 2.85e-06 5.19e-05 3.95e-06 5.245e-05 6.15e-06 3.28e-05 3.565e-05 3.485e-05 3.495e-05 3.35e-05 3.825e-05 6.35e-06 5.635e-05 3.715e-05 3.25e-06 3.38e-05 3.505e-05 4.915e-05 6.14e-05 5.915e-05 3.64e-05 3.62e-05 5.93e-05 3.06e-05 6.19e-05 4.35e-06 3.47e-05 2.8e-06 6.16e-05 3.765e-05 6.11e-05 3.025e-05 6.595e-05 6.52e-05 6.195e-05 2.285e-05 5.88e-05 3.525e-05 3.465e-05 3.465e-05 3.9e-06 2.205e-05 3.615e-05 6.155e-05 4.74e-05 3.68e-05 3.48e-05 6.66e-05 6.47e-05 3.33e-05 6.145e-05 3.035e-05 3.05e-05 6.6e-05 6.47e-05 3.345e-05 3.75e-06 3.18e-05 2.9e-05 3.02e-05 6.44e-05 3.72e-05 2.16e-05 6.145e-05 3.75e-05 3.7e-06 5.95e-06 6.125e-05 6.635e-05 2.19e-05 3.02e-05 6.12e-05 5.375e-05 2.19e-05 5.68e-05 3.25e-06 3.275e-05 6.21e-05 2.7e-06 3.25e-05 6.59e-05 3.3e-06 3.815e-05 3.2e-06 6.665e-05 3.765e-05
1 6.165e-05 0.0001108 6.175e-05 5.555e-05 5.565e-05 5.815e-05 6.055e-05 5.775e-05 5.915e-05 6.185e-05 5.95e-05 5.9e-05 5.775e-05 6.175e-05 6.155e-05 6.12e-05 6.05e-05 5.985e-05 6.13e-05 5.98e-05 5.755e-05 5.82e-05 5.865e-05 6.015e-05 5.84e-05 6.07e-05 6.215e-05 5.725e-05 6.145e-05 6.06e-05 5.885e-05 6.2e-05 5.865e-05 5.97e-05 5.825e-05 5.745e-05 6.115e-05 6.105e-05 5.91e-05 6.15e-05 5.83e-05 6.15e-05 5.91e-05 5.825e-05 5.875e-05 6.135e-05 5.755e-05 5.65e-05 5.9e-05 6.09e-05 6.155e-05 5.92e-05 5.84e-05 5.85e-05 6.065e-05 6.285e-05 5.745e-05 5.875e-05 6.26e-05 5.88e-05 5.89e-05 5.56e-05 5.665e-05 5.93e-05 5.885e-05 6.06e-05 6.16e-05 5.735e-05 5.665e-05 5.93e-05 5.995e-05 6.09e-05 6.13e-05 6.18e-05 5.655e-05 5.91e-05 6.25e-05 5.895e-05 5.75e-05 6.085e-05 5.995e-05 5.885e-05 5.59e-05 6.175e-05 6.125e-05 6.075e-05 5.635e-05 6.175e-05 6.24e-05 6.145e-05 6e-05 5.845e-05 6.155e-05 6.055e-05 5.75e-05 6.15e-05 5.785e-05 6.13e-05 5.61e-05 5.74e-05
2 2.13e-05 6.175e-05 3.92e-05 5.175e-05 5.19e-05 3.685e-05 2.17e-05 6.095e-05 3.59e-05 4.415e-05 3.58e-05 5.965e-05 3.69e-05 4.4e-05 2.13e-05 3.515e-05 2.215e-05 3.6e-05 2.225e-05 3.65e-05 3.665e-05 3.645e-05 3.725e-05 4.68e-05 3.8e-05 2.185e-05 5.745e-05 3.68e-05 2.195e-05 3.605e-05 3.735e-05 3.435e-05 5.955e-05 4.87e-05 3.73e-05 3.68e-05 5.865e-05 4.645e-05 6.005e-05 2.31e-05 3.595e-05 2.125e-05 5.975e-05 3.7e-05 5.965e-05 4.43e-05 5.12e-05 5.22e-05 6.01e-05 2.055e-05 5.855e-05 3.595e-05 3.595e-05 3.59e-05 2.21e-05 2.095e-05 3.675e-05 5.97e-05 4.355e-05 3.8e-05 3.755e-05 5.215e-05 5.13e-05 3.605e-05 5.975e-05 4.435e-05 4.46e-05 5.125e-05 5.13e-05 3.615e-05 2.045e-05 3.465e-05 4.325e-05 4.405e-05 5.115e-05 3.635e-05 2.15e-05 5.96e-05 3.72e-05 2.115e-05 2.155e-05 4.975e-05 5.19e-05 2.07e-05 4.645e-05 4.89e-05 5.285e-05 2.05e-05 5.79e-05 2.195e-05 3.67e-05 6.12e-05 2.12e-05 4.475e-05 5.115e-05 2.2e-05 3.79e-05 2.12e-05 5.22e-05 3.725e-05
3 6.62e-05 5.555e-05 5.175e-05 7e-07 6e-07 3.25e-05 6.31e-05 5.62e-05 3.44e-05 8.825e-05 2.005e-05 5.515e-05 3.265e-05 8.78e-05 6.61e-05 2.22e-05 6.51e-05 2.05e-05 6.525e-05 3.605e-05 3.23e-05 3.3e-05 3.33e-05 8.63e-05 3.125e-05 6.325e-05 6.295e-05 3.05e-05 6.6e-05 3.795e-05 3.34e-05 2.635e-05 5.49e-05 1.075e-05 3.2e-05 3.17e-05 5.865e-05 8.905e-05 5.54e-05 6.64e-05 3.31e-05 6.605e-05 5.525e-05 3.265e-05 5.51e-05 8.735e-05 2.9e-06 2.4e-06 5.53e-05 5.03e-05 6.155e-05 3.445e-05 3.32e-05 3.32e-05 6.525e-05 5.315e-05 3.165e-05 5.505e-05 7.44e-05 3.245e-05 3.375e-05 7e-07 3.2e-06 3.495e-05 5.525e-05 8.675e-05 8.76e-05 2.8e-06 3.2e-06 3.495e-05 6.455e-05 3.945e-05 8.74e-05 8.785e-05 3.2e-06 3.24e-05 5.25e-05 5.51e-05 3.105e-05 6.54e-05 6.295e-05 8.45e-06 8e-07 5.175e-05 8.94e-05 1.06e-05 4.385e-05 5.17e-05 6.325e-05 6.6e-05 3.625e-05 5.69e-05 6.61e-05 8.505e-05 2.85e-06 6.605e-05 3.07e-05 6.57e-05 1.2e-06 3.045e-05
4 6.635e-05 5.565e-05 5.19e-05 6e-07 1e-06 3.26e-05 6.325e-05 5.63e-05 3.455e-05 8.84e-05 2.02e-05 5.53e-05 3.285e-05 8.795e-05 6.625e-05 2.235e-05 6.525e-05 2.07e-05 6.54e-05 3.62e-05 3.245e-05 3.31e-05 3.34e-05 8.645e-05 3.145e-05 6.34e-05 6.31e-05 3.06e-05 6.615e-05 3.81e-05 3.355e-05 2.65e-05 5.5e-05 1.09e-05 3.21e-05 3.18e-05 5.88e-05 8.92e-05 5.55e-05 6.655e-05 3.315e-05 6.62e-05 5.54e-05 3.275e-05 5.52e-05 8.75e-05 3.05e-06 2.45e-06 5.54e-05 5.045e-05 6.17e-05 3.46e-05 3.33e-05 3.335e-05 6.54e-05 5.33e-05 3.175e-05 5.515e-05 7.455e-05 3.255e-05 3.385e-05 7e-07 3.3e-06 3.505e-05 5.535e-05 8.69e-05 8.775e-05 2.9e-06 3.3e-06 3.505e-05 6.47e-05 3.96e-05 8.755e-05 8.8e-05 3.3e-06 3.255e-05 5.265e-05 5.525e-05 3.115e-05 6.555e-05 6.31e-05 8.55e-06 9.5e-07 5.19e-05 8.955e-05 1.075e-05 4.39e-05 5.185e-05 6.34e-05 6.615e-05 3.64e-05 5.71e-05 6.625e-05 8.515e-05 3e-06 6.62e-05 3.08e-05 6.585e-05 1.35e-06 3.055e-05
5 3.75e-05 5.815e-05 3.685e-05 3.25e-05 3.26e-05 6.47e-05 3.655e-05 5.67e-05 3.52e-05 5.645e-05 3.49e-05 5.64e-05 3.365e-05 5.87e-05 3.74e-05 3.655e-05 3.61e-05 3.525e-05 3.52e-05 3.645e-05 3.365e-05 3.465e-05 3.53e-05 5.89e-05 3.52e-05 3.67e-05 5.825e-05 3.355e-05 3.76e-05 3.61e-05 3.55e-05 3.6e-05 5.605e-05 3.535e-05 3.4e-05 3.46e-05 5.845e-05 5.965e-05 5.685e-05 3.875e-05 3.445e-05 3.735e-05 5.65e-05 3.25e-05 5.675e-05 5.86e-05 3.445e-05 3.29e-05 5.675e-05 3.695e-05 5.775e-05 3.525e-05 3.455e-05 3.465e-05 3.64e-05 3.73e-05 3.455e-05 5.62e-05 5.845e-05 3.505e-05 3.56e-05 3.26e-05 3.365e-05 3.49e-05 5.62e-05 5.775e-05 5.885e-05 3.425e-05 3.365e-05 3.49e-05 3.525e-05 3.585e-05 5.85e-05 5.875e-05 3.345e-05 3.535e-05 3.81e-05 5.635e-05 3.4e-05 3.68e-05 3.575e-05 3.45e-05 3.285e-05 3.715e-05 5.985e-05 3.635e-05 4.8e-05 3.715e-05 5.885e-05 3.76e-05 3.665e-05 5.735e-05 3.74e-05 5.73e-05 3.44e-05 3.765e-05 3.47e-05 3.715e-05 3.305e-05 3.365e-05
6 6.25e-06 6.055e-05 2.17e-05 6.31e-05 6.325e-05 3.655e-05 9.7e-06 6.09e-05 3.47e-05 3.195e-05 5.06e-05 6.055e-05 3.54e-05 3.185e-05 6.15e-06 5.02e-05 7.25e-06 5.075e-05 8.3e-06 3.335e-05 3.52e-05 3.465e-05 3.495e-05 3.175e-05 3.43e-05 5.15e-06 5.75e-05 3.67e-05 6.7e-06 3.195e-05 3.505e-05 4.955e-05 6.045e-05 5.815e-05 3.74e-05 3.485e-05 5.835e-05 3.275e-05 6.095e-05 7.55e-06 3.425e-05 6.1e-06 6.065e-05 3.67e-05 6.035e-05 3.215e-05 6.28e-05 6.355e-05 6.1e-05 2.225e-05 5.99e-05 3.475e-05 3.435e-05 3.42e-05 7.2e-06 2.29e-05 3.48e-05 6.06e-05 4.79e-05 3.435e-05 3.545e-05 6.35e-05 6.16e-05 3.445e-05 6.05e-05 3.225e-05 3.24e-05 6.285e-05 6.16e-05 3.445e-05 5.95e-06 3.34e-05 3.1e-05 3.19e-05 6.13e-05 3.67e-05 2.3e-05 6.05e-05 3.745e-05 6.3e-06 8.35e-06 6.025e-05 6.325e-05 2.24e-05 3.3e-05 6.015e-05 5e-05 2.24e-05 5.795e-05 6.75e-06 3.355e-05 6.11e-05 6.15e-06 3.42e-05 6.275e-05 6.8e-06 3.425e-05 5.85e-06 6.35e-05 3.72e-05
7 6.185e-05 5.775e-05 6.095e-05 5.62e-05 5.63e-05 5.67e-05 6.09e-05 0.0001121 5.94e-05 5.835e-05 5.865e-05 5.755e-05 5.8e-05 6.01e-05 6.175e-05 6.035e-05 6.07e-05 5.9e-05 5.98e-05 6.04e-05 5.78e-05 5.87e-05 5.925e-05 5.865e-05 5.915e-05 6.105e-05 5.955e-05 5.75e-05 6.19e-05 6.02e-05 5.945e-05 5.98e-05 5.72e-05 5.92e-05 5.795e-05 5.855e-05 5.975e-05 5.945e-05 5.785e-05 6.295e-05 5.855e-05 6.17e-05 5.765e-05 5.68e-05 5.775e-05 5.995e-05 5.82e-05 5.66e-05 5.775e-05 6.095e-05 5.895e-05 5.945e-05 5.865e-05 5.875e-05 6.085e-05 6.14e-05 5.855e-05 5.73e-05 5.965e-05 5.9e-05 5.945e-05 5.625e-05 5.725e-05 5.9e-05 5.74e-05 5.92e-05 6.015e-05 5.8e-05 5.73e-05 5.9e-05 5.98e-05 6e-05 5.99e-05 6.015e-05 5.72e-05 5.935e-05 6.205e-05 5.75e-05 5.795e-05 6.12e-05 6.005e-05 5.835e-05 5.655e-05 6.12e-05 5.97e-05 6.025e-05 5.71e-05 6.115e-05 6e-05 6.19e-05 6.06e-05 5.69e-05 6.175e-05 5.87e-05 5.815e-05 6.195e-05 5.855e-05 6.15e-05 5.675e-05 5.765e-05
8 3.52e-05 5.915e-05 3.59e-05 3.44e-05 3.455e-05 3.52e-05 3.47e-05 5.94e-05 6.61e-05 5.915e-05 3.61e-05 5.865e-05 3.405e-05 5.865e-05 3.51e-05 3.54e-05 3.49e-05 3.62e-05 3.59e-05 3.54e-05 3.385e-05 3.46e-05 3.52e-05 5.995e-05 3.525e-05 3.485e-05 5.965e-05 3.425e-05 3.56e-05 3.605e-05 3.53e-05 3.7e-05 5.855e-05 3.53e-05 3.475e-05 3.475e-05 5.795e-05 6.02e-05 5.905e-05 3.675e-05 3.425e-05 3.505e-05 5.875e-05 3.535e-05 5.84e-05 5.885e-05 3.385e-05 3.485e-05 5.91e-05 3.635e-05 5.995e-05 3.315e-05 3.435e-05 3.42e-05 3.48e-05 3.7e-05 3.47e-05 5.87e-05 6.02e-05 3.535e-05 3.57e-05 3.48e-05 3.47e-05 3.445e-05 5.86e-05 5.765e-05 5.91e-05 3.39e-05 3.47e-05 3.445e-05 3.33e-05 3.535e-05 5.775e-05 5.87e-05 3.44e-05 3.375e-05 3.745e-05 5.86e-05 3.48e-05 3.48e-05 3.45e-05 3.56e-05 3.455e-05 3.65e-05 6.045e-05 3.56e-05 4.935e-05 3.65e-05 6.01e-05 3.56e-05 3.56e-05 5.955e-05 3.51e-05 5.855e-05 3.375e-05 3.565e-05 3.525e-05 3.48e-05 3.475e-05 3.455e-05
9 3.07e-05 6.185e-05 4.415e-05 8.825e-05 8.84e-05 5.645e-05 3.195e-05 5.835e-05 5.915e-05 4.9e-05 7.255e-05 5.795e-05 5.855e-05 2.925e-05 3.06e-05 7.295e-05 3.005e-05 7.275e-05 2.81e-05 5.88e-05 5.885e-05 5.92e-05 6e-05 3.14e-05 6.17e-05 3.21e-05 5.275e-05 6.045e-05 3.095e-05 5.65e-05 6.01e-05 6.845e-05 5.785e-05 8.175e-05 5.985e-05 6.065e-05 5.695e-05 3.01e-05 5.875e-05 3.265e-05 5.9e-05 3.055e-05 5.805e-05 5.66e-05 5.905e-05 2.95e-05 8.875e-05 8.74e-05 5.88e-05 4.575e-05 5.43e-05 5.92e-05 5.91e-05 5.895e-05 3.05e-05 4.35e-05 6.06e-05 5.8e-05 4.21e-05 6.04e-05 6.03e-05 8.865e-05 8.735e-05 5.79e-05 5.785e-05 2.945e-05 2.97e-05 8.88e-05 8.735e-05 5.79e-05 2.92e-05 5.515e-05 2.93e-05 2.93e-05 8.7e-05 6.125e-05 4.555e-05 5.79e-05 6.08e-05 3.035e-05 3.155e-05 8.325e-05 8.84e-05 4.47e-05 3.015e-05 8.385e-05 6.28e-05 4.475e-05 5.36e-05 3.105e-05 5.9e-05 5.86e-05 3.06e-05 3.02e-05 8.87e-05 3.11e-05 6.16e-05 3.05e-05 8.87e-05 6.09e-05
10 5.225e-05 5.95e-05 3.58e-05 2.005e-05 2.02e-05 3.49e-05 5.06e-05 5.865e-05 3.61e-05 7.255e-05 3.94e-05 5.69e-05 3.58e-05 7.265e-05 5.215e-05 2.05e-05 5.18e-05 2.025e-05 5.105e-05 3.78e-05 3.56e-05 3.57e-05 3.63e-05 7.345e-05 3.54e-05 5.075e-05 6.03e-05 3.41e-05 5.21e-05 3.82e-05 3.64e-05 2.255e-05 5.68e-05 2.47e-05 3.495e-05 3.565e-05 5.855e-05 7.49e-05 5.705e-05 5.31e-05 3.59e-05 5.21e-05 5.7e-05 3.505e-05 5.725e-05 7.235e-05 2.075e-05 2.12e-05 5.71e-05 3.55e-05 5.96e-05 3.615e-05 3.6e-05 3.585e-05 5.195e-05 3.59e-05 3.56e-05 5.695e-05 5.66e-05 3.595e-05 3.675e-05 2.045e-05 2.17e-05 3.68e-05 5.715e-05 7.26e-05 7.255e-05 2.08e-05 2.17e-05 3.68e-05 5.105e-05 3.84e-05 7.26e-05 7.27e-05 2.17e-05 3.455e-05 3.675e-05 5.685e-05 3.435e-05 5.135e-05 4.98e-05 2.365e-05 2e-05 3.595e-05 7.51e-05 2.38e-05 4.9e-05 3.585e-05 6.05e-05 5.21e-05 3.8e-05 5.905e-05 5.215e-05 7.095e-05 2.07e-05 5.215e-05 3.515e-05 5.19e-05 2.065e-05 3.435e-05
11 6.15e-05 5.9e-05 5.965e-05 5.515e-05 5.53e-05 5.64e-05 6.055e-05 5.755e-05 5.865e-05 5.795e-05 5.69e-05 0.0001097 5.745e-05 5.835e-05 6.14e-05 5.825e-05 6.06e-05 5.725e-05 5.97e-05 5.99e-05 5.715e-05 5.8e-05 5.86e-05 6.02e-05 5.84e-05 6.07e-05 5.75e-05 5.635e-05 6.155e-05 6.02e-05 5.845e-05 5.795e-05 5.515e-05 5.865e-05 5.675e-05 5.81e-05 5.835e-05 6.095e-05 5.58e-05 6.265e-05 5.8e-05 6.135e-05 5.515e-05 5.655e-05 5.585e-05 5.815e-05 5.645e-05 5.575e-05 5.585e-05 5.97e-05 5.655e-05 5.87e-05 5.81e-05 5.79e-05 6.09e-05 6.005e-05 5.805e-05 5.52e-05 5.67e-05 5.835e-05 5.905e-05 5.56e-05 5.665e-05 5.83e-05 5.525e-05 5.785e-05 5.845e-05 5.67e-05 5.665e-05 5.83e-05 5.98e-05 5.91e-05 5.815e-05 5.84e-05 5.65e-05 5.77e-05 6.08e-05 5.485e-05 5.675e-05 6.08e-05 5.92e-05 5.78e-05 5.51e-05 5.99e-05 6.115e-05 5.895e-05 5.835e-05 5.99e-05 5.825e-05 6.155e-05 6.01e-05 5.795e-05 6.14e-05 5.645e-05 5.64e-05 6.16e-05 5.815e-05 6.115e-05 5.58e-05 5.66e-05
12 3.59e-05 5.775e-05 3.69e-05 3.265e-05 3.285e-05 3.365e-05 3.54e-05 5.8e-05 3.405e-05 5.855e-05 3.58e-05 5.745e-05 6.41e-05 5.89e-05 3.58e-05 3.72e-05 3.445e-05 3.545e-05 3.545e-05 3.565e-05 3.275e-05 3.4e-05 3.46e-05 5.965e-05 3.42e-05 3.555e-05 5.955e-05 3.285e-05 3.61e-05 3.605e-05 3.47e-05 3.71e-05 5.735e-05 3.555e-05 3.325e-05 3.415e-05 5.925e-05 5.99e-05 5.8e-05 3.725e-05 3.385e-05 3.575e-05 5.755e-05 3.38e-05 5.755e-05 5.89e-05 3.42e-05 3.315e-05 5.805e-05 3.715e-05 5.905e-05 3.41e-05 3.395e-05 3.38e-05 3.475e-05 3.785e-05 3.41e-05 5.75e-05 6.04e-05 3.475e-05 3.51e-05 3.31e-05 3.385e-05 3.405e-05 5.75e-05 5.74e-05 5.915e-05 3.425e-05 3.385e-05 3.405e-05 3.35e-05 3.525e-05 5.82e-05 5.895e-05 3.365e-05 3.435e-05 3.825e-05 5.74e-05 3.33e-05 3.53e-05 3.42e-05 3.5e-05 3.285e-05 3.73e-05 6.015e-05 3.595e-05 4.795e-05 3.73e-05 6.015e-05 3.61e-05 3.585e-05 5.77e-05 3.58e-05 5.765e-05 3.415e-05 3.615e-05 3.465e-05 3.55e-05 3.285e-05 3.315e-05
13 3.015e-05 6.175e-05 4.4e-05 8.78e-05 8.795e-05 5.87e-05 3.185e-05 6.01e-05 5.865e-05 2.925e-05 7.265e-05 5.835e-05 5.89e-05 5.63e-05 3.005e-05 7.275e-05 3.06e-05 7.285e-05 3.055e-05 5.88e-05 5.865e-05 5.88e-05 5.975e-05 3.38e-05 6.19e-05 3.2e-05 5.435e-05 5.93e-05 3.075e-05 5.815e-05 5.985e-05 6.89e-05 5.825e-05 8.275e-05 5.865e-05 6.015e-05 5.87e-05 3.205e-05 5.81e-05 3.26e-05 5.825e-05 3e-05 5.845e-05 5.885e-05 5.845e-05 2.94e-05 8.8e-05 8.695e-05 5.815e-05 4.585e-05 5.505e-05 5.87e-05 5.835e-05 5.82e-05 3.055e-05 4.34e-05 6.01e-05 5.84e-05 4.305e-05 6.06e-05 6.005e-05 8.82e-05 8.715e-05 5.715e-05 5.83e-05 2.91e-05 2.9e-05 8.805e-05 8.715e-05 5.7e-05 2.87e-05 5.475e-05 2.84e-05 2.835e-05 8.685e-05 5.975e-05 4.59e-05 5.83e-05 5.96e-05 2.98e-05 3.035e-05 8.4e-05 8.795e-05 4.48e-05 3.21e-05 8.415e-05 6.31e-05 4.485e-05 5.415e-05 3.075e-05 5.9e-05 6.035e-05 3.005e-05 2.99e-05 8.795e-05 3.08e-05 6.18e-05 2.995e-05 8.825e-05 5.975e-05
14 2.85e-06 6.155e-05 2.13e-05 6.61e-05 6.625e-05 3.74e-05 6.15e-06 6.175e-05 3.51e-05 3.06e-05 5.215e-05 6.14e-05 3.58e-05 3.005e-05 5.1e-06 5.18e-05 3.8e-06 5.235e-05 6.05e-06 3.27e-05 3.555e-05 3.475e-05 3.485e-05 3.34e-05 3.815e-05 6.3e-06 5.625e-05 3.705e-05 3.15e-06 3.37e-05 3.495e-05 4.905e-05 6.13e-05 5.905e-05 3.63e-05 3.61e-05 5.92e-05 3.05e-05 6.18e-05 4.2e-06 3.45e-05 2.65e-06 6.15e-05 3.755e-05 6.105e-05 3.015e-05 6.585e-05 6.51e-05 6.185e-05 2.275e-05 5.87e-05 3.515e-05 3.47e-05 3.455e-05 3.75e-06 2.195e-05 3.605e-05 6.145e-05 4.73e-05 3.67e-05 3.465e-05 6.65e-05 6.46e-05 3.335e-05 6.135e-05 3.03e-05 3.04e-05 6.59e-05 6.46e-05 3.335e-05 3.65e-06 3.16e-05 2.905e-05 3e-05 6.43e-05 3.71e-05 2.145e-05 6.135e-05 3.74e-05 3.6e-06 5.85e-06 6.115e-05 6.625e-05 2.18e-05 3.01e-05 6.11e-05 5.365e-05 2.18e-05 5.67e-05 3.15e-06 3.28e-05 6.2e-05 2.7e-06 3.24e-05 6.58e-05 3.2e-06 3.805e-05 3.1e-06 6.655e-05 3.755e-05
15 5.19e-05 6.12e-05 3.515e-05 2.22e-05 2.235e-05 3.655e-05 5.02e-05 6.035e-05 3.54e-05 7.295e-05 2.05e-05 5.825e-05 3.72e-05 7.275e-05 5.18e-05 3.75e-05 5.22e-05 2.06e-05 5.14e-05 3.78e-05 3.725e-05 3.66e-05 3.715e-05 7.385e-05 3.6e-05 5.035e-05 6.04e-05 3.605e-05 5.175e-05 3.83e-05 3.725e-05 2.27e-05 5.815e-05 2.47e-05 3.695e-05 3.66e-05 5.715e-05 7.53e-05 5.84e-05 5.275e-05 3.68e-05 5.175e-05 5.835e-05 3.67e-05 5.86e-05 7.245e-05 2.06e-05 2.325e-05 5.845e-05 3.49e-05 6.05e-05 3.55e-05 3.69e-05 3.675e-05 5.235e-05 3.52e-05 3.655e-05 5.83e-05 5.64e-05 3.67e-05 3.765e-05 2.26e-05 2.295e-05 3.76e-05 5.84e-05 7.345e-05 7.265e-05 2.065e-05 2.295e-05 3.76e-05 5.145e-05 3.885e-05 7.27e-05 7.28e-05 2.285e-05 3.43e-05 3.61e-05 5.82e-05 3.64e-05 5.1e-05 5.05e-05 2.455e-05 2.235e-05 3.53e-05 7.555e-05 2.31e-05 5.065e-05 3.52e-05 6.06e-05 5.175e-05 3.8e-05 6.05e-05 5.18e-05 7.215e-05 2.05e-05 5.18e-05 3.6e-05 5.15e-05 2.255e-05 3.635e-05
16 3.95e-06 6.05e-05 2.215e-05 6.51e-05 6.525e-05 3.61e-05 7.25e-06 6.07e-05 3.49e-05 3.005e-05 5.18e-05 6.06e-05 3.445e-05 3.06e-05 3.8e-06 5.22e-05 6.7e-06 5.2e-05 5.65e-06 3.32e-05 3.46e-05 3.465e-05 3.475e-05 3.325e-05 3.805e-05 7.4e-06 5.635e-05 3.625e-05 3.95e-06 3.38e-05 3.485e-05 4.88e-05 6.05e-05 5.955e-05 3.55e-05 3.6e-05 5.97e-05 3.035e-05 6.115e-05 5e-06 3.48e-05 3.75e-06 6.07e-05 3.625e-05 6.06e-05 3.04e-05 6.56e-05 6.41e-05 6.12e-05 2.33e-05 5.79e-05 3.495e-05 3.49e-05 3.475e-05 3.65e-06 2.25e-05 3.595e-05 6.065e-05 4.715e-05 3.66e-05 3.455e-05 6.55e-05 6.42e-05 3.355e-05 6.05e-05 2.99e-05 3.065e-05 6.565e-05 6.42e-05 3.355e-05 3.9e-06 3.19e-05 2.98e-05 3.065e-05 6.385e-05 3.705e-05 2.2e-05 6.055e-05 3.66e-05 4.4e-06 5.95e-06 6.105e-05 6.525e-05 2.235e-05 2.995e-05 6.165e-05 5.26e-05 2.235e-05 5.695e-05 3.95e-06 3.33e-05 6.095e-05 3.8e-06 3.18e-05 6.555e-05 4e-06 3.795e-05 4.2e-06 6.555e-05 3.67e-05
17 5.245e-05 5.985e-05 3.6e-05 2.05e-05 2.07e-05 3.525e-05 5.075e-05 5.9e-05 3.62e-05 7.275e-05 2.025e-05 5.725e-05 3.545e-05 7.285e-05 5.235e-05 2.06e-05 5.2e-05 3.98e-05 5.12e-05 3.81e-05 3.595e-05 3.605e-05 3.66e-05 7.36e-05 3.5e-05 5.09e-05 6.05e-05 3.45e-05 5.23e-05 3.835e-05 3.67e-05 2.275e-05 5.715e-05 2.5e-05 3.53e-05 3.605e-05 5.865e-05 7.505e-05 5.74e-05 5.33e-05 3.625e-05 5.23e-05 5.735e-05 3.54e-05 5.76e-05 7.255e-05 2.1e-05 2.16e-05 5.745e-05 3.575e-05 5.98e-05 3.625e-05 3.635e-05 3.62e-05 5.215e-05 3.61e-05 3.6e-05 5.73e-05 5.68e-05 3.615e-05 3.71e-05 2.095e-05 2.215e-05 3.705e-05 5.75e-05 7.28e-05 7.275e-05 2.105e-05 2.215e-05 3.705e-05 5.125e-05 3.86e-05 7.28e-05 7.29e-05 2.215e-05 3.475e-05 3.695e-05 5.72e-05 3.475e-05 5.155e-05 5.005e-05 2.4e-05 2.07e-05 3.615e-05 7.53e-05 2.35e-05 4.93e-05 3.605e-05 6.07e-05 5.23e-05 3.83e-05 5.87e-05 5.235e-05 7.125e-05 2.095e-05 5.235e-05 3.545e-05 5.205e-05 2.07e-05 3.48e-05
18 6.15e-06 6.13e-05 2.225e-05 6.525e-05 6.54e-05 3.52e-05 8.3e-06 5.98e-05 3.59e-05 2.81e-05 5.105e-05 5.97e-05 3.545e-05 3.055e-05 6.05e-06 5.14e-05 5.65e-06 5.12e-05 1e-05 3.445e-05 3.565e-05 3.555e-05 3.515e-05 3.24e-05 3.82e-05 8.45e-06 5.52e-05 3.725e-05 5.95e-06 3.375e-05 3.525e-05 4.785e-05 5.96e-05 5.945e-05 3.63e-05 3.675e-05 5.875e-05 2.97e-05 6.025e-05 7.2e-06 3.58e-05 6e-06 5.98e-05 3.535e-05 6.02e-05 3.025e-05 6.57e-05 6.405e-05 6.03e-05 2.315e-05 5.675e-05 3.595e-05 3.59e-05 3.575e-05 5.95e-06 2.21e-05 3.67e-05 5.975e-05 4.535e-05 3.66e-05 3.595e-05 6.565e-05 6.435e-05 3.435e-05 5.96e-05 3.04e-05 3.05e-05 6.575e-05 6.435e-05 3.435e-05 5.8e-06 3.265e-05 3.025e-05 3.06e-05 6.4e-05 3.8e-05 2.25e-05 5.965e-05 3.775e-05 6.05e-06 7.7e-06 6.095e-05 6.54e-05 2.235e-05 3.025e-05 6.15e-05 5.28e-05 2.235e-05 5.58e-05 6.05e-06 3.465e-05 6e-05 6.05e-06 3.175e-05 6.565e-05 6.1e-06 3.815e-05 5.45e-06 6.565e-05 3.77e-05
19 3.28e-05 5.98e-05 3.65e-05 3.605e-05 3.62e-05 3.645e-05 3.335e-05 6.04e-05 3.54e-05 5.88e-05 3.78e-05 5.99e-05 3.565e-05 5.88e-05 3.27e-05 3.78e-05 3.32e-05 3.81e-05 3.445e-05 6.3e-05 3.55e-05 3.44e-05 3.415e-05 5.89e-05 3.505e-05 3.35e-05 5.905e-05 3.685e-05 3.22e-05 3.445e-05 3.425e-05 3.89e-05 5.98e-05 3.3e-05 3.715e-05 3.45e-05 5.865e-05 5.85e-05 6.015e-05 3.265e-05 3.495e-05 3.265e-05 6e-05 3.66e-05 5.99e-05 5.815e-05 3.615e-05 3.645e-05 6.02e-05 3.6e-05 6.105e-05 3.545e-05 3.505e-05 3.49e-05 3.335e-05 3.73e-05 3.445e-05 5.995e-05 6.15e-05 3.49e-05 3.425e-05 3.645e-05 3.4e-05 3.51e-05 6e-05 5.915e-05 5.84e-05 3.62e-05 3.425e-05 3.51e-05 3.4e-05 3.59e-05 5.83e-05 5.885e-05 3.41e-05 3.69e-05 3.59e-05 5.985e-05 3.73e-05 3.295e-05 3.535e-05 3.54e-05 3.62e-05 3.63e-05 5.835e-05 3.53e-05 4.995e-05 3.625e-05 5.935e-05 3.24e-05 3.18e-05 6.075e-05 3.27e-05 6.07e-05 3.61e-05 3.245e-05 3.485e-05 3.28e-05 3.66e-05 3.715e-05
20 3.565e-05 5.755e-05 3.665e-05 3.23e-05 3.245e-05 3.365e-05 3.52e-05 5.78e-05 3.385e-05 5.885e-05 3.56e-05 5.715e-05 3.275e-05 5.865e-05 3.555e-05 3.725e-05 3.46e-05 3.595e-05 3.565e-05 3.55e-05 6.4e-05 3.38e-05 3.445e-05 5.965e-05 3.475e-05 3.535e-05 5.965e-05 3.235e-05 3.605e-05 3.605e-05 3.425e-05 3.695e-05 5.73e-05 3.54e-05 3.28e-05 3.39e-05 5.945e-05 5.99e-05 5.78e-05 3.72e-05 3.345e-05 3.55e-05 5.73e-05 3.38e-05 5.715e-05 5.885e-05 3.39e-05 3.29e-05 5.785e-05 3.705e-05 5.915e-05 3.39e-05 3.355e-05 3.335e-05 3.45e-05 3.78e-05 3.385e-05 5.745e-05 6.05e-05 3.47e-05 3.49e-05 3.275e-05 3.355e-05 3.375e-05 5.745e-05 5.69e-05 5.91e-05 3.415e-05 3.355e-05 3.375e-05 3.3e-05 3.5e-05 5.775e-05 5.87e-05 3.335e-05 3.405e-05 3.82e-05 5.71e-05 3.28e-05 3.525e-05 3.385e-05 3.48e-05 3.225e-05 3.725e-05 6.01e-05 3.64e-05 4.78e-05 3.725e-05 6.01e-05 3.605e-05 3.57e-05 5.82e-05 3.555e-05 5.745e-05 3.385e-05 3.61e-05 3.45e-05 3.53e-05 3.295e-05 3.26e-05
21 3.485e-05 5.82e-05 3.645e-05 3.3e-05 3.31e-05 3.465e-05 3.465e-05 5.87e-05 3.46e-05 5.92e-05 3.57e-05 5.8e-05 3.4e-05 5.88e-05 3.475e-05 3.66e-05 3.465e-05 3.605e-05 3.555e-05 3.44e-05 3.38e-05 6.54e-05 3.38e-05 5.97e-05 3.45e-05 3.48e-05 5.935e-05 3.35e-05 3.39e-05 3.57e-05 3.405e-05 3.745e-05 5.78e-05 3.46e-05 3.39e-05 3.305e-05 5.865e-05 5.97e-05 5.81e-05 3.555e-05 3.375e-05 3.47e-05 5.81e-05 3.48e-05 5.79e-05 5.78e-05 3.405e-05 3.33e-05 5.82e-05 3.57e-05 5.985e-05 3.465e-05 3.385e-05 3.38e-05 3.48e-05 3.695e-05 3.3e-05 5.795e-05 6.05e-05 3.425e-05 3.43e-05 3.325e-05 3.355e-05 3.395e-05 5.8e-05 5.855e-05 5.805e-05 3.4e-05 3.355e-05 3.395e-05 3.42e-05 3.55e-05 5.83e-05 5.885e-05 3.34e-05 3.46e-05 3.71e-05 5.795e-05 3.4e-05 3.295e-05 3.365e-05 3.45e-05 3.32e-05 3.585e-05 5.99e-05 3.555e-05 4.845e-05 3.585e-05 5.965e-05 3.405e-05 3.46e-05 5.92e-05 3.475e-05 5.855e-05 3.4e-05 3.41e-05 3.415e-05 3.45e-05 3.355e-05 3.385e-05
22 3.495e-05 5.865e-05 3.725e-05 3.33e-05 3.34e-05 3.53e-05 3.495e-05 5.925e-05 3.52e-05 6e-05 3.63e-05 5.86e-05 3.46e-05 5.975e-05 3.485e-05 3.715e-05 3.475e-05 3.66e-05 3.515e-05 3.415e-05 3.445e-05 3.38e-05 6.6e-05 5.99e-05 3.44e-05 3.51e-05 6e-05 3.415e-05 3.445e-05 3.57e-05 3.33e-05 3.83e-05 5.84e-05 3.495e-05 3.425e-05 3.38e-05 5.905e-05 5.92e-05 5.87e-05 3.495e-05 3.44e-05 3.48e-05 5.87e-05 3.545e-05 5.85e-05 5.91e-05 3.43e-05 3.33e-05 5.88e-05 3.66e-05 6.065e-05 3.525e-05 3.45e-05 3.445e-05 3.49e-05 3.805e-05 3.375e-05 5.855e-05 6.14e-05 3.39e-05 3.405e-05 3.355e-05 3.385e-05 3.43e-05 5.86e-05 5.95e-05 5.935e-05 3.425e-05 3.385e-05 3.43e-05 3.52e-05 3.635e-05 5.925e-05 5.98e-05 3.37e-05 3.52e-05 3.7e-05 5.855e-05 3.48e-05 3.475e-05 3.505e-05 3.485e-05 3.35e-05 3.705e-05 5.99e-05 3.585e-05 4.86e-05 3.7e-05 6.03e-05 3.455e-05 3.435e-05 5.97e-05 3.485e-05 5.95e-05 3.425e-05 3.46e-05 3.41e-05 3.41e-05 3.38e-05 3.45e-05
23 3.35e-05 6.015e-05 4.68e-05 8.63e-05 8.645e-05 5.89e-05 3.175e-05 5.865e-05 5.995e-05 3.14e-05 7.345e-05 6.02e-05 5.965e-05 3.38e-05 3.34e-05 7.385e-05 3.325e-05 7.36e-05 3.24e-05 5.89e-05 5.965e-05 5.97e-05 5.99e-05 6.11e-05 5.875e-05 3.19e-05 5.78e-05 6.105e-05 3.35e-05 5.635e-05 6e-05 7.22e-05 6.01e-05 8.26e-05 6.175e-05 5.985e-05 5.945e-05 3.23e-05 6.06e-05 3.425e-05 5.975e-05 3.335e-05 6.03e-05 5.905e-05 6.07e-05 3.365e-05 8.68e-05 8.675e-05 6.065e-05 4.685e-05 5.92e-05 6e-05 5.985e-05 5.97e-05 3.34e-05 4.72e-05 5.98e-05 6.025e-05 4.72e-05 5.88e-05 6.04e-05 8.67e-05 8.54e-05 5.995e-05 6.015e-05 3.385e-05 3.385e-05 8.685e-05 8.54e-05 5.995e-05 3.27e-05 5.855e-05 3.365e-05 3.385e-05 8.51e-05 6.185e-05 4.755e-05 6.015e-05 6.18e-05 3.32e-05 3.455e-05 8.41e-05 8.645e-05 4.705e-05 3.26e-05 8.47e-05 5.86e-05 4.7e-05 5.825e-05 3.355e-05 5.91e-05 5.89e-05 3.34e-05 3.5e-05 8.675e-05 3.36e-05 5.87e-05 3.31e-05 8.67e-05 6.155e-05
24 3.825e-05 5.84e-05 3.8e-05 3.125e-05 3.145e-05 3.52e-05 3.43e-05 5.915e-05 3.525e-05 6.17e-05 3.54e-05 5.84e-05 3.42e-05 6.19e-05 3.815e-05 3.6e-05 3.805e-05 3.5e-05 3.82e-05 3.505e-05 3.475e-05 3.45e-05 3.44e-05 5.875e-05 6.11e-05 3.445e-05 6.16e-05 3.465e-05 3.8e-05 3.445e-05 3.45e-05 3.915e-05 5.83e-05 3.465e-05 3.635e-05 3.35e-05 5.865e-05 6.225e-05 5.865e-05 3.81e-05 3.48e-05 3.81e-05 5.85e-05 3.535e-05 5.855e-05 6.145e-05 3.2e-05 3.305e-05 5.87e-05 3.665e-05 6.22e-05 3.53e-05 3.49e-05 3.475e-05 3.82e-05 3.935e-05 3.345e-05 5.845e-05 6.235e-05 3.26e-05 3.51e-05 3.17e-05 3.185e-05 3.63e-05 5.85e-05 6.18e-05 6.17e-05 3.205e-05 3.185e-05 3.63e-05 3.785e-05 3.84e-05 6.155e-05 6.195e-05 3.17e-05 3.535e-05 3.84e-05 5.835e-05 3.55e-05 3.78e-05 3.795e-05 3.47e-05 3.145e-05 3.8e-05 6.27e-05 3.495e-05 4.585e-05 3.795e-05 6.19e-05 3.805e-05 3.525e-05 5.88e-05 3.815e-05 6.18e-05 3.195e-05 3.81e-05 3.115e-05 3.765e-05 3.14e-05 3.5e-05
25 6.35e-06 6.07e-05 2.185e-05 6.325e-05 6.34e-05 3.67e-05 5.15e-06 6.105e-05 3.485e-05 3.21e-05 5.075e-05 6.07e-05 3.555e-05 3.2e-05 6.3e-06 5.035e-05 7.4e-06 5.09e-05 8.45e-06 3.35e-05 3.535e-05 3.48e-05 3.51e-05 3.19e-05 3.445e-05 1e-05 5.765e-05 3.685e-05 6.85e-06 3.21e-05 3.52e-05 4.97e-05 6.06e-05 5.83e-05 3.755e-05 3.5e-05 5.85e-05 3.29e-05 6.11e-05 7.7e-06 3.44e-05 6.25e-06 6.08e-05 3.685e-05 6.045e-05 3.23e-05 6.295e-05 6.37e-05 6.115e-05 2.24e-05 6.005e-05 3.49e-05 3.445e-05 3.435e-05 7.35e-06 2.305e-05 3.495e-05 6.075e-05 4.805e-05 3.45e-05 3.56e-05 6.365e-05 6.175e-05 3.455e-05 6.065e-05 3.235e-05 3.255e-05 6.3e-05 6.175e-05 3.46e-05 6.1e-06 3.355e-05 3.11e-05 3.205e-05 6.145e-05 3.685e-05 2.315e-05 6.065e-05 3.76e-05 6.45e-06 8.5e-06 6.04e-05 6.34e-05 2.255e-05 3.315e-05 6.03e-05 5.015e-05 2.255e-05 5.81e-05 6.9e-06 3.37e-05 6.125e-05 6.25e-06 3.435e-05 6.29e-05 6.95e-06 3.44e-05 6e-06 6.365e-05 3.735e-05
26 5.635e-05 6.215e-05 5.745e-05 6.295e-05 6.31e-05 5.825e-05 5.75e-05 5.955e-05 5.965e-05 5.275e-05 6.03e-05 5.75e-05 5.955e-05 5.435e-05 5.625e-05 6.04e-05 5.635e-05 6.05e-05 5.52e-05 5.905e-05 5.965e-05 5.935e-05 6e-05 5.78e-05 6.16e-05 5.765e-05 0.0001038 6.025e-05 5.64e-05 5.65e-05 6.01e-05 5.595e-05 5.755e-05 5.635e-05 5.96e-05 6.075e-05 5.78e-05 5.66e-05 5.82e-05 5.795e-05 5.935e-05 5.62e-05 5.775e-05 5.84e-05 5.85e-05 5.39e-05 6.315e-05 6.21e-05 5.825e-05 5.88e-05 5.32e-05 5.97e-05 5.945e-05 5.93e-05 5.665e-05 5.68e-05 6.07e-05 5.76e-05 5.475e-05 6.03e-05 6.03e-05 6.335e-05 6.23e-05 5.825e-05 5.75e-05 5.5e-05 5.46e-05 6.32e-05 6.23e-05 5.825e-05 5.565e-05 5.47e-05 5.44e-05 5.44e-05 6.2e-05 6.07e-05 5.85e-05 5.75e-05 6.055e-05 5.595e-05 5.68e-05 5.76e-05 6.31e-05 5.78e-05 5.665e-05 5.775e-05 6.295e-05 5.785e-05 5.28e-05 5.65e-05 5.925e-05 5.98e-05 5.625e-05 5.5e-05 6.31e-05 5.655e-05 6.15e-05 5.615e-05 6.34e-05 6.07e-05
27 3.715e-05 5.725e-05 3.68e-05 3.05e-05 3.06e-05 3.355e-05 3.67e-05 5.75e-05 3.425e-05 6.045e-05 3.41e-05 5.635e-05 3.285e-05 5.93e-05 3.705e-05 3.605e-05 3.625e-05 3.45e-05 3.725e-05 3.685e-05 3.235e-05 3.35e-05 3.415e-05 6.105e-05 3.465e-05 3.685e-05 6.025e-05 6.05e-05 3.75e-05 3.75e-05 3.435e-05 3.62e-05 5.62e-05 3.675e-05 3.09e-05 3.365e-05 5.96e-05 6.13e-05 5.655e-05 3.865e-05 3.325e-05 3.7e-05 5.645e-05 3.37e-05 5.605e-05 5.945e-05 3.26e-05 3.09e-05 5.675e-05 3.715e-05 5.89e-05 3.43e-05 3.335e-05 3.325e-05 3.62e-05 3.79e-05 3.36e-05 5.635e-05 5.975e-05 3.44e-05 3.465e-05 3.08e-05 3.32e-05 3.35e-05 5.64e-05 5.775e-05 5.97e-05 3.26e-05 3.32e-05 3.35e-05 3.475e-05 3.565e-05 5.84e-05 5.935e-05 3.305e-05 3.26e-05 3.83e-05 5.63e-05 3.095e-05 3.67e-05 3.36e-05 3.455e-05 3.07e-05 3.735e-05 6.15e-05 3.65e-05 4.75e-05 3.735e-05 6.07e-05 3.75e-05 3.705e-05 5.805e-05 3.705e-05 5.63e-05 3.255e-05 3.755e-05 3.425e-05 3.68e-05 3.115e-05 3.08e-05
28 3.25e-06 6.145e-05 2.195e-05 6.6e-05 6.615e-05 3.76e-05 6.7e-06 6.19e-05 3.56e-05 3.095e-05 5.21e-05 6.155e-05 3.61e-05 3.075e-05 3.15e-06 5.175e-05 3.95e-06 5.23e-05 5.95e-06 3.22e-05 3.605e-05 3.39e-05 3.445e-05 3.35e-05 3.8e-05 6.85e-06 5.64e-05 3.75e-05 3.7e-06 3.365e-05 3.455e-05 4.94e-05 6.145e-05 5.895e-05 3.67e-05 3.545e-05 5.925e-05 3.035e-05 6.18e-05 3.6e-06 3.52e-05 3.1e-06 6.165e-05 3.775e-05 6.145e-05 2.955e-05 6.575e-05 6.495e-05 6.185e-05 2.215e-05 5.895e-05 3.565e-05 3.53e-05 3.515e-05 4.1e-06 2.185e-05 3.54e-05 6.16e-05 4.75e-05 3.65e-05 3.44e-05 6.64e-05 6.45e-05 3.39e-05 6.15e-05 3.13e-05 2.98e-05 6.58e-05 6.45e-05 3.39e-05 4.85e-06 3.24e-05 3.015e-05 3.08e-05 6.42e-05 3.755e-05 2.125e-05 6.15e-05 3.785e-05 2.3e-06 5.7e-06 6.105e-05 6.615e-05 2.115e-05 3.005e-05 6.1e-05 5.355e-05 2.115e-05 5.67e-05 2.25e-06 3.25e-05 6.215e-05 3.15e-06 3.31e-05 6.57e-05 2.3e-06 3.79e-05 3.4e-06 6.645e-05 3.8e-05
29 3.38e-05 6.06e-05 3.605e-05 3.795e-05 3.81e-05 3.61e-05 3.195e-05 6.02e-05 3.605e-05 5.65e-05 3.82e-05 6.02e-05 3.605e-05 5.815e-05 3.37e-05 3.83e-05 3.38e-05 3.835e-05 3.375e-05 3.445e-05 3.605e-05 3.57e-05 3.57e-05 5.635e-05 3.445e-05 3.21e-05 5.65e-05 3.75e-05 3.365e-05 6.06e-05 3.58e-05 3.67e-05 6.01e-05 3.27e-05 3.82e-05 3.585e-05 5.87e-05 5.795e-05 6.045e-05 3.42e-05 3.59e-05 3.365e-05 6.03e-05 3.625e-05 6.06e-05 5.745e-05 3.815e-05 3.84e-05 6.05e-05 3.595e-05 5.84e-05 3.61e-05 3.6e-05 3.585e-05 3.395e-05 3.635e-05 3.58e-05 6.025e-05 6.03e-05 3.45e-05 3.62e-05 3.835e-05 3.68e-05 3.61e-05 6.015e-05 5.85e-05 5.81e-05 3.82e-05 3.68e-05 3.61e-05 3.36e-05 3.39e-05 5.805e-05 5.82e-05 3.65e-05 3.8e-05 3.645e-05 6.015e-05 3.825e-05 3.355e-05 3.535e-05 3.445e-05 3.81e-05 3.615e-05 5.82e-05 3.47e-05 4.955e-05 3.615e-05 5.68e-05 3.37e-05 3.465e-05 6.04e-05 3.37e-05 5.98e-05 3.81e-05 3.375e-05 3.44e-05 3.34e-05 3.835e-05 3.8e-05
30 3.505e-05 5.885e-05 3.735e-05 3.34e-05 3.355e-05 3.55e-05 3.505e-05 5.945e-05 3.53e-05 6.01e-05 3.64e-05 5.845e-05 3.47e-05 5.985e-05 3.495e-05 3.725e-05 3.485e-05 3.67e-05 3.525e-05 3.425e-05 3.425e-05 3.405e-05 3.33e-05 6e-05 3.45e-05 3.52e-05 6.01e-05 3.435e-05 3.455e-05 3.58e-05 6.62e-05 3.84e-05 5.86e-05 3.505e-05 3.445e-05 3.4e-05 5.915e-05 5.93e-05 5.895e-05 3.505e-05 3.46e-05 3.49e-05 5.86e-05 3.565e-05 5.87e-05 5.92e-05 3.42e-05 3.365e-05 5.9e-05 3.67e-05 6.075e-05 3.535e-05 3.47e-05 3.45e-05 3.5e-05 3.815e-05 3.395e-05 5.875e-05 6.15e-05 3.415e-05 3.425e-05 3.385e-05 3.405e-05 3.455e-05 5.88e-05 5.96e-05 5.945e-05 3.445e-05 3.405e-05 3.455e-05 3.53e-05 3.645e-05 5.935e-05 5.99e-05 3.39e-05 3.525e-05 3.71e-05 5.84e-05 3.495e-05 3.485e-05 3.51e-05 3.505e-05 3.335e-05 3.715e-05 6e-05 3.595e-05 4.88e-05 3.71e-05 6.04e-05 3.465e-05 3.445e-05 5.98e-05 3.495e-05 5.965e-05 3.415e-05 3.47e-05 3.43e-05 3.42e-05 3.4e-05 3.465e-05
31 4.915e-05 6.2e-05 3.435e-05 2.635e-05 2.65e-05 3.6e-05 4.955e-05 5.98e-05 3.7e-05 6.845e-05 2.255e-05 5.795e-05 3.71e-05 6.89e-05 4.905e-05 2.27e-05 4.88e-05 2.275e-05 4.785e-05 3.89e-05 3.695e-05 3.745e-05 3.83e-05 7.22e-05 3.915e-05 4.97e-05 5.595e-05 3.62e-05 4.94e-05 3.67e-05 3.84e-05 3.74e-05 5.785e-05 2.485e-05 3.595e-05 3.865e-05 5.92e-05 7.175e-05 5.825e-05 5.105e-05 3.725e-05 4.9e-05 5.805e-05 3.615e-05 5.84e-05 6.895e-05 2.66e-05 2.61e-05 5.83e-05 3.57e-05 5.455e-05 3.705e-05 3.735e-05 3.72e-05 4.885e-05 3.365e-05 3.86e-05 5.8e-05 5.4e-05 3.845e-05 3.86e-05 2.675e-05 2.725e-05 3.675e-05 5.805e-05 6.88e-05 6.925e-05 2.665e-05 2.725e-05 3.675e-05 4.745e-05 3.365e-05 6.88e-05 6.895e-05 2.71e-05 3.65e-05 3.58e-05 5.79e-05 3.63e-05 4.855e-05 4.735e-05 2.455e-05 2.65e-05 3.49e-05 7.18e-05 2.44e-05 5.295e-05 3.485e-05 5.63e-05 4.94e-05 3.91e-05 6.005e-05 4.905e-05 6.785e-05 2.655e-05 4.945e-05 3.905e-05 4.895e-05 2.68e-05 3.66e-05
32 6.14e-05 5.865e-05 5.955e-05 5.49e-05 5.5e-05 5.605e-05 6.045e-05 5.72e-05 5.855e-05 5.785e-05 5.68e-05 5.515e-05 5.735e-05 5.825e-05 6.13e-05 5.815e-05 6.05e-05 5.715e-05 5.96e-05 5.98e-05 5.73e-05 5.78e-05 5.84e-05 6.01e-05 5.83e-05 6.06e-05 5.755e-05 5.62e-05 6.145e-05 6.01e-05 5.86e-05 5.785e-05 0.0001095 5.855e-05 5.66e-05 5.775e-05 5.825e-05 6.085e-05 5.56e-05 6.255e-05 5.765e-05 6.125e-05 5.52e-05 5.62e-05 5.55e-05 5.81e-05 5.655e-05 5.53e-05 5.55e-05 5.96e-05 5.64e-05 5.86e-05 5.775e-05 5.785e-05 6.08e-05 5.995e-05 5.77e-05 5.495e-05 5.67e-05 5.815e-05 5.87e-05 5.5e-05 5.63e-05 5.81e-05 5.5e-05 5.775e-05 5.835e-05 5.635e-05 5.63e-05 5.81e-05 5.97e-05 5.9e-05 5.805e-05 5.83e-05 5.615e-05 5.765e-05 6.07e-05 5.51e-05 5.66e-05 6.07e-05 5.915e-05 5.745e-05 5.525e-05 5.98e-05 6.105e-05 5.885e-05 5.8e-05 5.98e-05 5.815e-05 6.145e-05 6e-05 5.785e-05 6.13e-05 5.625e-05 5.65e-05 6.15e-05 5.78e-05 6.105e-05 5.545e-05 5.63e-05
33 5.915e-05 5.97e-05 4.87e-05 1.075e-05 1.09e-05 3.535e-05 5.815e-05 5.92e-05 3.53e-05 8.175e-05 2.47e-05 5.865e-05 3.555e-05 8.275e-05 5.905e-05 2.47e-05 5.955e-05 2.5e-05 5.945e-05 3.3e-05 3.54e-05 3.46e-05 3.495e-05 8.26e-05 3.465e-05 5.83e-05 5.635e-05 3.675e-05 5.895e-05 3.27e-05 3.505e-05 2.485e-05 5.855e-05 1.24e-05 3.72e-05 3.475e-05 5.74e-05 8.34e-05 5.89e-05 5.98e-05 3.485e-05 5.9e-05 5.875e-05 3.55e-05 5.9e-05 8.205e-05 1.085e-05 1.13e-05 5.895e-05 4.855e-05 5.85e-05 3.535e-05 3.495e-05 3.48e-05 5.97e-05 4.905e-05 3.47e-05 5.87e-05 7.245e-05 3.465e-05 3.54e-05 1.115e-05 8.95e-06 3.515e-05 5.875e-05 8.345e-05 8.27e-05 1.09e-05 8.95e-06 3.515e-05 5.91e-05 3.45e-05 8.26e-05 8.28e-05 8.75e-06 3.68e-05 4.935e-05 5.86e-05 3.72e-05 5.865e-05 6.075e-05 8.65e-06 1.09e-05 4.88e-05 8.36e-05 8.55e-06 4.945e-05 4.88e-05 5.675e-05 5.905e-05 3.32e-05 5.955e-05 5.905e-05 8.465e-05 1.08e-05 5.91e-05 3.445e-05 5.88e-05 1.13e-05 3.705e-05
34 3.64e-05 5.825e-05 3.73e-05 3.2e-05 3.21e-05 3.4e-05 3.74e-05 5.795e-05 3.475e-05 5.985e-05 3.495e-05 5.675e-05 3.325e-05 5.865e-05 3.63e-05 3.695e-05 3.55e-05 3.53e-05 3.63e-05 3.715e-05 3.28e-05 3.39e-05 3.425e-05 6.175e-05 3.635e-05 3.755e-05 5.96e-05 3.09e-05 3.67e-05 3.82e-05 3.445e-05 3.595e-05 5.66e-05 3.72e-05 5.79e-05 3.505e-05 6.01e-05 6.035e-05 5.705e-05 3.845e-05 3.37e-05 3.625e-05 5.685e-05 3.415e-05 5.645e-05 5.875e-05 3.415e-05 3.055e-05 5.715e-05 3.86e-05 5.82e-05 3.48e-05 3.38e-05 3.35e-05 3.545e-05 3.77e-05 3.5e-05 5.675e-05 5.95e-05 3.43e-05 3.495e-05 3.23e-05 3.47e-05 3.21e-05 5.695e-05 5.71e-05 5.9e-05 3.415e-05 3.47e-05 3.21e-05 3.415e-05 3.5e-05 5.775e-05 5.87e-05 3.47e-05 3.255e-05 3.865e-05 5.67e-05 3.055e-05 3.6e-05 3.305e-05 3.5e-05 3.22e-05 3.78e-05 6.075e-05 3.69e-05 4.925e-05 3.78e-05 6.005e-05 3.67e-05 3.735e-05 5.845e-05 3.63e-05 5.57e-05 3.41e-05 3.675e-05 3.6e-05 3.585e-05 3.26e-05 3.085e-05
35 3.62e-05 5.745e-05 3.68e-05 3.17e-05 3.18e-05 3.46e-05 3.485e-05 5.855e-05 3.475e-05 6.065e-05 3.565e-05 5.81e-05 3.415e-05 6.015e-05 3.61e-05 3.66e-05 3.6e-05 3.605e-05 3.675e-05 3.45e-05 3.39e-05 3.305e-05 3.38e-05 5.985e-05 3.35e-05 3.5e-05 6.075e-05 3.365e-05 3.545e-05 3.585e-05 3.4e-05 3.865e-05 5.775e-05 3.475e-05 3.505e-05 6.31e-05 5.89e-05 6.085e-05 5.825e-05 3.63e-05 3.37e-05 3.605e-05 5.82e-05 3.465e-05 5.785e-05 5.905e-05 3.295e-05 3.305e-05 5.815e-05 3.47e-05 6.115e-05 3.48e-05 3.38e-05 3.39e-05 3.615e-05 3.81e-05 3.16e-05 5.785e-05 6.17e-05 3.425e-05 3.42e-05 3.175e-05 3.22e-05 3.51e-05 5.795e-05 5.99e-05 5.935e-05 3.275e-05 3.215e-05 3.51e-05 3.555e-05 3.68e-05 5.965e-05 6.02e-05 3.21e-05 3.475e-05 3.745e-05 5.805e-05 3.455e-05 3.425e-05 3.5e-05 3.45e-05 3.205e-05 3.615e-05 6.12e-05 3.575e-05 4.72e-05 3.615e-05 6.105e-05 3.54e-05 3.47e-05 5.93e-05 3.61e-05 5.99e-05 3.29e-05 3.545e-05 3.29e-05 3.57e-05 3.23e-05 3.38e-05
36 5.93e-05 6.115e-05 5.865e-05 5.865e-05 5.88e-05 5.845e-05 5.835e-05 5.975e-05 5.795e-05 5.695e-05 5.855e-05 5.835e-05 5.925e-05 5.87e-05 5.92e-05 5.715e-05 5.97e-05 5.865e-05 5.875e-05 5.865e-05 5.945e-05 5.865e-05 5.905e-05 5.945e-05 5.865e-05 5.85e-05 5.78e-05 5.96e-05 5.925e-05 5.87e-05 5.915e-05 5.92e-05 5.825e-05 5.74e-05 6.01e-05 5.89e-05 0.0001116 6.015e-05 5.885e-05 6.02e-05 5.875e-05 5.915e-05 5.845e-05 5.86e-05 5.895e-05 5.86e-05 5.725e-05 5.91e-05 5.89e-05 5.875e-05 5.925e-05 5.795e-05 5.885e-05 5.87e-05 6e-05 5.89e-05 5.885e-05 5.84e-05 5.81e-05 5.875e-05 5.955e-05 5.905e-05 5.835e-05 5.895e-05 5.835e-05 5.955e-05 5.88e-05 5.735e-05 5.835e-05 5.895e-05 5.915e-05 5.945e-05 5.855e-05 5.875e-05 5.81e-05 5.84e-05 5.955e-05 5.83e-05 6.015e-05 5.885e-05 5.975e-05 5.83e-05 5.88e-05 5.89e-05 6.04e-05 5.765e-05 6.05e-05 5.89e-05 5.835e-05 5.935e-05 5.885e-05 5.99e-05 5.92e-05 5.935e-05 5.73e-05 5.94e-05 5.865e-05 5.89e-05 5.9e-05 5.995e-05
37 3.06e-05 6.105e-05 4.645e-05 8.905e-05 8.92e-05 5.965e-05 3.275e-05 5.945e-05 6.02e-05 3.01e-05 7.49e-05 6.095e-05 5.99e-05 3.205e-05 3.05e-05 7.53e-05 3.035e-05 7.505e-05 2.97e-05 5.85e-05 5.99e-05 5.97e-05 5.92e-05 3.23e-05 6.225e-05 3.29e-05 5.66e-05 6.13e-05 3.035e-05 5.795e-05 5.93e-05 7.175e-05 6.085e-05 8.34e-05 6.035e-05 6.085e-05 6.015e-05 5.86e-05 6.135e-05 3.15e-05 6e-05 3.045e-05 6.105e-05 5.98e-05 6.13e-05 3.17e-05 8.955e-05 8.785e-05 6.14e-05 4.725e-05 5.805e-05 6.025e-05 6.01e-05 5.995e-05 3.05e-05 4.63e-05 6.08e-05 6.1e-05 4.665e-05 6.065e-05 6e-05 8.945e-05 8.815e-05 5.855e-05 6.09e-05 3.195e-05 3.19e-05 8.96e-05 8.815e-05 5.855e-05 3.045e-05 5.69e-05 3.175e-05 3.21e-05 8.785e-05 6.21e-05 4.655e-05 6.09e-05 6.18e-05 3.055e-05 3.21e-05 8.49e-05 8.92e-05 4.65e-05 3.005e-05 8.55e-05 6.2e-05 4.645e-05 5.705e-05 3.045e-05 5.87e-05 5.945e-05 3.05e-05 3.325e-05 8.95e-05 3.05e-05 6.22e-05 2.99e-05 8.945e-05 6.18e-05
38 6.19e-05 5.91e-05 6.005e-05 5.54e-05 5.55e-05 5.685e-05 6.095e-05 5.785e-05 5.905e-05 5.875e-05 5.705e-05 5.58e-05 5.8e-05 5.81e-05 6.18e-05 5.84e-05 6.115e-05 5.74e-05 6.025e-05 6.015e-05 5.78e-05 5.81e-05 5.87e-05 6.06e-05 5.865e-05 6.11e-05 5.82e-05 5.655e-05 6.18e-05 6.045e-05 5.895e-05 5.825e-05 5.56e-05 5.89e-05 5.705e-05 5.825e-05 5.885e-05 6.135e-05 0.0001102 6.29e-05 5.83e-05 6.175e-05 5.59e-05 5.7e-05 5.615e-05 5.845e-05 5.69e-05 5.575e-05 5.535e-05 5.995e-05 5.71e-05 5.91e-05 5.84e-05 5.835e-05 6.13e-05 5.96e-05 5.82e-05 5.575e-05 5.725e-05 5.845e-05 5.92e-05 5.565e-05 5.68e-05 5.855e-05 5.58e-05 5.84e-05 5.805e-05 5.685e-05 5.68e-05 5.855e-05 6.035e-05 5.95e-05 5.87e-05 5.815e-05 5.665e-05 5.815e-05 6.105e-05 5.575e-05 5.71e-05 6.105e-05 5.965e-05 5.795e-05 5.56e-05 6.015e-05 6.155e-05 5.92e-05 5.85e-05 6.015e-05 5.785e-05 6.18e-05 6.035e-05 5.835e-05 6.18e-05 5.705e-05 5.685e-05 6.185e-05 5.83e-05 6.155e-05 5.595e-05 5.695e-05
39 4.35e-06 6.15e-05 2.31e-05 6.64e-05 6.655e-05 3.875e-05 7.55e-06 6.295e-05 3.675e-05 3.265e-05 5.31e-05 6.265e-05 3.725e-05 3.26e-05 4.2e-06 5.275e-05 5e-06 5.33e-05 7.2e-06 3.265e-05 3.72e-05 3.555e-05 3.495e-05 3.425e-05 3.81e-05 7.7e-06 5.795e-05 3.865e-05 3.6e-06 3.42e-05 3.505e-05 5.105e-05 6.255e-05 5.98e-05 3.845e-05 3.63e-05 6.02e-05 3.15e-05 6.29e-05 4.7e-06 3.635e-05 4.15e-06 6.275e-05 3.89e-05 6.255e-05 3.18e-05 6.615e-05 6.595e-05 6.295e-05 2.3e-05 6.065e-05 3.68e-05 3.645e-05 3.63e-05 5.15e-06 2.375e-05 3.625e-05 6.27e-05 4.92e-05 3.72e-05 3.47e-05 6.68e-05 6.49e-05 3.565e-05 6.26e-05 3.315e-05 3.205e-05 6.62e-05 6.49e-05 3.565e-05 6.75e-06 3.415e-05 3.2e-05 3.265e-05 6.46e-05 3.87e-05 2.155e-05 6.26e-05 3.86e-05 5.1e-06 8.05e-06 6.19e-05 6.655e-05 2.275e-05 3.105e-05 6.185e-05 5.385e-05 2.27e-05 5.825e-05 3.8e-06 3.285e-05 6.32e-05 4.2e-06 3.495e-05 6.61e-05 3.85e-06 3.8e-05 4.65e-06 6.685e-05 3.915e-05
