 slim_337618197 slim_337618292 slim_337618037 slim_337618248 slim_337618222 slim_337618214 slim_337618299 slim_337618188 slim_337618326 slim_337618306 slim_337618253 slim_337618151 slim_337618086 slim_337618302 slim_337618303 slim_337618237 slim_337618261 slim_337618283 slim_337618200 slim_337618296 slim_337618263 slim_337618216 slim_337618288 slim_337618207 slim_337618093 slim_337618173 slim_337618251 slim_337618293 slim_337618153 slim_337618174 slim_337618230 slim_337618143 slim_337618281 slim_337618287 slim_337618238 slim_337618137 slim_337618258 slim_337618319 slim_337618245 slim_337618268 slim_337618022 slim_337618273 slim_337618225 slim_337618314 slim_337618305 slim_337618255 slim_337618291 slim_337618161 slim_337618282 slim_337618095 slim_337618195 slim_337617911 slim_337618211 slim_337618312 slim_337618270 slim_337618252 slim_337618058 slim_337618301 slim_337618227 slim_337618325 slim_337618235 slim_337618307 slim_337618279 slim_337618159 slim_337618236 slim_337618144 slim_337617945 slim_337618224 slim_337618304 slim_337618069 slim_337617629 slim_337618256 slim_337618066 slim_337618272 slim_337618259 slim_337618284 slim_337618321 slim_337618295 slim_337618322 slim_337618241 slim_337618271 slim_337618234 slim_337618249 slim_337618316 slim_337618213 slim_337618186 slim_337618215 slim_337618320 slim_337618243 slim_337618182 slim_337618167 slim_337618172 slim_337617906 slim_337618309 slim_337618168 slim_337618148 slim_337618323 slim_337618315 slim_337618006 slim_337618061
0 1.23e-05 8.25e-06 9.2e-06 1.065e-05 8.35e-06 8.7e-06 1.025e-05 7.85e-06 9.45e-06 1.18e-05 1.025e-05 1.015e-05 1.04e-05 7.3e-06 1.05e-05 9.1e-06 9.8e-06 9.55e-06 9.45e-06 8.45e-06 9.2e-06 9.9e-06 9.95e-06 9.6e-06 1.05e-05 8.1e-06 1.16e-05 1.51e-05 1.075e-05 1.105e-05 8.65e-06 8.95e-06 1.01e-05 9.05e-06 1.025e-05 9.7e-06 1.005e-05 1.015e-05 9.7e-06 9.8e-06 1e-05 9.65e-06 1.035e-05 9.5e-06 9.85e-06 8.45e-06 1.005e-05 9.15e-06 1.18e-05 1.02e-05 1.27e-05 1.26e-05 9.15e-06 9e-06 8.85e-06 9.35e-06 9.9e-06 9.25e-06 1.09e-05 9.5e-06 9.95e-06 1.27e-05 9.2e-06 8.75e-06 8.3e-06 1e-05 9.95e-06 8.85e-06 1.075e-05 7.8e-06 6.15e-06 1.35e-05 1.07e-05 1.36e-05 9.25e-06 8.2e-06 9e-06 1.36e-05 1.055e-05 1.34e-05 8.45e-06 9.8e-06 1.41e-05 1.1e-05 1.48e-05 9.05e-06 1.39e-05 9.65e-06 1.005e-05 9.4e-06 8.85e-06 1.01e-05 8.65e-06 9.65e-06 1.395e-05 1.22e-05 1.125e-05 1.095e-05 8.85e-06 8.9e-06
1 8.25e-06 1.5e-05 9.3e-06 1.055e-05 9.3e-06 9.3e-06 1e-05 7.6e-06 8.5e-06 1.225e-05 1e-05 1.005e-05 9.8e-06 8.5e-06 1.035e-05 1e-05 9.95e-06 1.02e-05 8.8e-06 8.15e-06 8.2e-06 9.25e-06 1.015e-05 9.7e-06 1.04e-05 8.75e-06 1.16e-05 1.505e-05 1.125e-05 1.07e-05 8.75e-06 9.2e-06 9.65e-06 8.95e-06 1.05e-05 8.55e-06 1.02e-05 1.005e-05 9e-06 9.1e-06 1.015e-05 8.95e-06 1e-05 9.6e-06 1e-05 8.75e-06 9.65e-06 7.95e-06 1.255e-05 1.05e-05 1.39e-05 1.29e-05 9.6e-06 7.75e-06 8.25e-06 9.6e-06 1.01e-05 8.9e-06 1.115e-05 9.75e-06 9.65e-06 1.27e-05 1.01e-05 9.55e-06 8.45e-06 9.25e-06 1.045e-05 8.4e-06 1.01e-05 8.85e-06 7.95e-06 1.37e-05 1.05e-05 1.335e-05 9.35e-06 9.55e-06 9.6e-06 1.355e-05 1.02e-05 1.235e-05 8.15e-06 8.65e-06 1.4e-05 1.075e-05 1.475e-05 8.95e-06 1.38e-05 1.03e-05 9.75e-06 9e-06 8.85e-06 9.95e-06 8.05e-06 1.02e-05 1.385e-05 1.17e-05 1.105e-05 1.03e-05 9.9e-06 8.45e-06
2 9.2e-06 9.3e-06 4.8e-06 8.3e-06 8.7e-06 4.75e-06 7.95e-06 8.9e-06 5.65e-06 8.35e-06 7.95e-06 5.8e-06 7.75e-06 8.5e-06 7.05e-06 9.75e-06 8.65e-06 9.1e-06 4.55e-06 4.05e-06 4.15e-06 7.85e-06 6.4e-06 6.65e-06 8.15e-06 1.02e-05 8.2e-06 1.285e-05 8.4e-06 6.75e-06 5.5e-06 3.7e-06 9.4e-06 6.05e-06 7.3e-06 6.5e-06 9.05e-06 8.45e-06 5.7e-06 5.8e-06 9.8e-06 5.65e-06 7.5e-06 6.55e-06 9.35e-06 1.285e-05 6.8e-06 4.6e-06 9.85e-06 6.45e-06 1.385e-05 9.85e-06 7.45e-06 4.45e-06 4.45e-06 5.5e-06 6.35e-06 5.15e-06 7.45e-06 8.1e-06 6.55e-06 1.005e-05 9.85e-06 1.135e-05 1.035e-05 7.4e-06 1.155e-05 5.35e-06 6.85e-06 3.9e-06 8.9e-06 1.44e-05 6.8e-06 1.13e-05 7.7e-06 6.7e-06 4.75e-06 1.035e-05 8e-06 1.05e-05 4.05e-06 6.6e-06 1.175e-05 7.7e-06 1.255e-05 6.05e-06 1.155e-05 1.035e-05 6.65e-06 8.65e-06 9.05e-06 6.1e-06 4.25e-06 1.04e-05 1.29e-05 8.6e-06 8.1e-06 9.15e-06 1.225e-05 6.75e-06
3 1.065e-05 1.055e-05 8.3e-06 6e-06 9.8e-06 9e-06 5.4e-06 1.015e-05 8.1e-06 9.65e-06 5.4e-06 4.05e-06 5.95e-06 1.055e-05 3.15e-06 1.03e-05 7.55e-06 9.1e-06 6.95e-06 8.7e-06 8.9e-06 9.05e-06 6.55e-06 5.05e-06 3.25e-06 1e-05 4.6e-06 1.155e-05 5e-06 7.6e-06 9.55e-06 8.35e-06 8.85e-06 6.6e-06 8.55e-06 8.95e-06 7.55e-06 4.4e-06 6.05e-06 6.15e-06 6.75e-06 6e-06 6.3e-06 4.75e-06 5.35e-06 1.045e-05 5.3e-06 9.1e-06 9.05e-06 7.15e-06 1.32e-05 1.265e-05 8.4e-06 8.95e-06 9.1e-06 6.3e-06 6.2e-06 9.25e-06 7.6e-06 6.3e-06 5.2e-06 9.75e-06 1.04e-05 9.15e-06 8.25e-06 8.15e-06 1.07e-05 7.7e-06 7.4e-06 9.55e-06 1.035e-05 1.365e-05 7.15e-06 1.225e-05 8.2e-06 8.8e-06 9.75e-06 1.09e-05 9e-06 1.315e-05 8.7e-06 9.05e-06 1.045e-05 6.55e-06 1.125e-05 6.6e-06 9.95e-06 7.15e-06 5.5e-06 9.75e-06 1e-05 6.2e-06 8.9e-06 7e-06 1.185e-05 9.75e-06 5.8e-06 9.8e-06 1.165e-05 8.1e-06
4 8.35e-06 9.3e-06 8.7e-06 9.8e-06 1.4e-05 7.9e-06 9.55e-06 8.9e-06 9.15e-06 1.125e-05 9.55e-06 9.7e-06 1e-05 9.15e-06 1.005e-05 8.1e-06 8.5e-06 8.5e-06 9.05e-06 7.8e-06 8.7e-06 8.65e-06 9.4e-06 8.95e-06 9.65e-06 9.35e-06 1.11e-05 1.495e-05 1.08e-05 1.07e-05 8.65e-06 8.3e-06 8.95e-06 9.1e-06 9.7e-06 9.35e-06 9.6e-06 9.2e-06 9.3e-06 9.4e-06 8.7e-06 9.25e-06 1e-05 8.85e-06 9e-06 7.8e-06 9.7e-06 8.8e-06 1.19e-05 9.55e-06 1.32e-05 1.215e-05 8.6e-06 8.65e-06 8.2e-06 8.6e-06 9.35e-06 8.75e-06 1.04e-05 9.15e-06 9.65e-06 1.255e-05 8.2e-06 7.85e-06 9.35e-06 9.75e-06 9.1e-06 8.25e-06 1.04e-05 8.45e-06 8.05e-06 1.245e-05 1.045e-05 1.355e-05 9.25e-06 8.55e-06 9.1e-06 1.34e-05 1.04e-05 1.325e-05 7.75e-06 9.45e-06 1.39e-05 1.075e-05 1.465e-05 9.1e-06 1.37e-05 8.5e-06 9.75e-06 8.15e-06 7.9e-06 9.4e-06 8e-06 8.75e-06 1.31e-05 1.195e-05 1.09e-05 1.07e-05 1.04e-05 8.5e-06
5 8.7e-06 9.3e-06 4.75e-06 9e-06 7.9e-06 6.4e-06 9.5e-06 8.9e-06 7.15e-06 8.4e-06 9.5e-06 6.8e-06 8.4e-06 9.45e-06 8.05e-06 8.15e-06 8.55e-06 9.35e-06 5.35e-06 4.05e-06 5e-06 7.6e-06 5.65e-06 7e-06 8.85e-06 1.105e-05 9.15e-06 1.35e-05 9.4e-06 7.85e-06 4.75e-06 4.5e-06 9.7e-06 6.85e-06 6.1e-06 6.95e-06 7.9e-06 8.7e-06 6.5e-06 6.6e-06 9.85e-06 6.45e-06 8.35e-06 6.9e-06 8.55e-06 1.175e-05 8.5e-06 5.2e-06 9.95e-06 6.7e-06 1.325e-05 9.75e-06 5.4e-06 5.05e-06 4.5e-06 5.75e-06 5.8e-06 4.4e-06 6.9e-06 7.1e-06 8.4e-06 1.15e-05 8.05e-06 9.8e-06 1.095e-05 8.9e-06 1.11e-05 5.5e-06 7.65e-06 5.05e-06 8.4e-06 1.41e-05 8.4e-06 1.28e-05 7.65e-06 5.45e-06 5.05e-06 1.1e-05 9.45e-06 1.095e-05 4.1e-06 7.05e-06 1.24e-05 9.55e-06 1.32e-05 6.85e-06 1.22e-05 1.025e-05 8.5e-06 8.5e-06 8.8e-06 7.65e-06 4.3e-06 1.035e-05 1.305e-05 9.2e-06 9.35e-06 9.4e-06 1.21e-05 6.05e-06
6 1.025e-05 1e-05 7.95e-06 5.4e-06 9.55e-06 9.5e-06 7.4e-06 9.6e-06 6.75e-06 1.095e-05 3.9e-06 7.35e-06 7.35e-06 9.35e-06 6.75e-06 1.005e-05 8.55e-06 9.5e-06 8.5e-06 8.95e-06 8.8e-06 8.55e-06 8.35e-06 7.2e-06 5.25e-06 9.2e-06 7.65e-06 1.245e-05 8.1e-06 9.1e-06 9.85e-06 8.95e-06 8.2e-06 8.1e-06 9.3e-06 8.5e-06 7.5e-06 6.25e-06 7.8e-06 7.9e-06 7.85e-06 7.75e-06 7.05e-06 7.1e-06 5.05e-06 9.55e-06 5.5e-06 9.1e-06 1.055e-05 9e-06 1.295e-05 1.22e-05 8.1e-06 8.95e-06 9.35e-06 8.05e-06 8.3e-06 9.5e-06 9.45e-06 6.65e-06 5.2e-06 1.055e-05 1.015e-05 8.1e-06 7.45e-06 5.95e-06 9.45e-06 8.3e-06 9e-06 8.9e-06 9.95e-06 1.23e-05 7.25e-06 9.7e-06 8.2e-06 9.55e-06 9.25e-06 1.175e-05 6.4e-06 1.245e-05 8.95e-06 8.6e-06 1.13e-05 6.4e-06 1.215e-05 8.1e-06 1.11e-05 8.1e-06 5.2e-06 9.1e-06 9.5e-06 5.65e-06 9.15e-06 8.45e-06 1.1e-05 1.08e-05 7.55e-06 8.6e-06 1.04e-05 7.55e-06
7 7.85e-06 7.6e-06 8.9e-06 1.015e-05 8.9e-06 8.9e-06 9.6e-06 1.42e-05 8.1e-06 1.185e-05 9.6e-06 9.65e-06 9.55e-06 8.1e-06 9.95e-06 9.6e-06 9.55e-06 9.8e-06 8.3e-06 7.75e-06 7.8e-06 8.85e-06 9.75e-06 9.3e-06 1e-05 8.35e-06 1.12e-05 1.465e-05 1.085e-05 1.03e-05 8.35e-06 8.8e-06 9.25e-06 8.55e-06 1.01e-05 8.3e-06 9.8e-06 9.65e-06 8.6e-06 8.7e-06 9.75e-06 8.55e-06 9.65e-06 9.2e-06 9.6e-06 8.3e-06 9.25e-06 7.55e-06 1.215e-05 1.01e-05 1.35e-05 1.25e-05 9.2e-06 7.35e-06 8.15e-06 9.2e-06 9.7e-06 8.5e-06 1.075e-05 9.35e-06 9.25e-06 1.23e-05 9.7e-06 9.15e-06 8.1e-06 9e-06 1.005e-05 8e-06 9.7e-06 8.45e-06 7.55e-06 1.33e-05 1.01e-05 1.295e-05 9.1e-06 9.15e-06 9.2e-06 1.315e-05 9.8e-06 1.235e-05 7.75e-06 8.4e-06 1.36e-05 1.035e-05 1.435e-05 8.55e-06 1.34e-05 9.9e-06 9.35e-06 8.6e-06 8.45e-06 9.55e-06 7.95e-06 9.8e-06 1.345e-05 1.13e-05 1.065e-05 1.005e-05 9.5e-06 8.05e-06
8 9.45e-06 8.5e-06 5.65e-06 8.1e-06 9.15e-06 7.15e-06 6.75e-06 8.1e-06 7.1e-06 9.2e-06 6.75e-06 6.75e-06 6.7e-06 8.85e-06 7.05e-06 1.095e-05 9.3e-06 1.01e-05 5.2e-06 4.55e-06 4.1e-06 6.75e-06 8.1e-06 6.6e-06 8.05e-06 9.85e-06 8.6e-06 1.205e-05 8.7e-06 7e-06 6.7e-06 5.8e-06 8.2e-06 6e-06 9.25e-06 5.1e-06 9.15e-06 7.95e-06 5.35e-06 5.2e-06 9.55e-06 5.3e-06 6.95e-06 6.35e-06 8.85e-06 1.13e-05 5.4e-06 4e-06 9.75e-06 7.3e-06 1.315e-05 9.85e-06 8.75e-06 3.8e-06 4.95e-06 6.45e-06 7.95e-06 6.4e-06 9.05e-06 8e-06 5.5e-06 1.02e-05 1.105e-05 1.07e-05 8.8e-06 5.35e-06 1.04e-05 4.85e-06 6.55e-06 5.6e-06 9.15e-06 1.335e-05 6.6e-06 9.5e-06 6.5e-06 8.1e-06 7.25e-06 1.05e-05 6.25e-06 9.35e-06 4.55e-06 4.95e-06 1.105e-05 6.7e-06 1.175e-05 6e-06 1.075e-05 1.035e-05 5.8e-06 8.1e-06 8.35e-06 6.85e-06 4.75e-06 1.005e-05 1.195e-05 8.3e-06 7.75e-06 7.3e-06 1.095e-05 6.15e-06
9 1.18e-05 1.225e-05 8.35e-06 9.65e-06 1.125e-05 8.4e-06 1.095e-05 1.185e-05 9.2e-06 1.29e-05 1.095e-05 7.85e-06 9.35e-06 1.25e-05 7.9e-06 1.32e-05 1.155e-05 1.225e-05 7.9e-06 7.15e-06 7.9e-06 1.075e-05 8.9e-06 7.05e-06 9.3e-06 1.3e-05 8.85e-06 1.165e-05 9.2e-06 9.25e-06 9.4e-06 7.5e-06 1.18e-05 8.15e-06 1.145e-05 9.4e-06 1.225e-05 1.02e-05 7.85e-06 7.9e-06 1.16e-05 7.8e-06 9.15e-06 7.15e-06 1.16e-05 1.495e-05 8.9e-06 8.05e-06 7e-06 8.25e-06 1.385e-05 9.6e-06 1.105e-05 7.9e-06 7.55e-06 7.3e-06 9.05e-06 9.15e-06 1.015e-05 9.7e-06 9.05e-06 8.5e-06 1.33e-05 1.385e-05 1.305e-05 1.065e-05 1.315e-05 7.25e-06 9e-06 8.25e-06 1.15e-05 1.415e-05 1.02e-05 1.175e-05 9.15e-06 9.15e-06 9.9e-06 1.035e-05 1.05e-05 1.06e-05 7.15e-06 9.45e-06 1.035e-05 1.02e-05 1.135e-05 8.15e-06 1.035e-05 1.175e-05 8.95e-06 1.175e-05 1.195e-05 1e-05 7.35e-06 1.2e-05 1.29e-05 7.2e-06 1.03e-05 1.075e-05 1.31e-05 9.8e-06
10 1.025e-05 1e-05 7.95e-06 5.4e-06 9.55e-06 9.5e-06 3.9e-06 9.6e-06 6.75e-06 1.095e-05 7.4e-06 7.35e-06 7.35e-06 9.35e-06 6.75e-06 1.005e-05 8.55e-06 9.5e-06 8.5e-06 8.95e-06 8.8e-06 8.55e-06 8.35e-06 7.2e-06 5.25e-06 9.2e-06 7.65e-06 1.245e-05 8.1e-06 9.1e-06 9.85e-06 8.95e-06 8.2e-06 8.1e-06 9.3e-06 8.5e-06 7.5e-06 6.25e-06 7.8e-06 7.9e-06 7.85e-06 7.75e-06 7.05e-06 7.1e-06 5.05e-06 9.55e-06 5.5e-06 9.1e-06 1.055e-05 9e-06 1.295e-05 1.22e-05 8.1e-06 8.95e-06 9.35e-06 8.05e-06 8.3e-06 9.5e-06 9.45e-06 6.65e-06 5.2e-06 1.055e-05 1.015e-05 8.1e-06 7.45e-06 5.85e-06 9.45e-06 8.3e-06 9e-06 8.9e-06 9.95e-06 1.23e-05 7.25e-06 9.8e-06 8.2e-06 9.55e-06 9.25e-06 1.175e-05 6.5e-06 1.245e-05 8.95e-06 8.6e-06 1.13e-05 6.4e-06 1.215e-05 8.1e-06 1.11e-05 8.1e-06 5.3e-06 9.1e-06 9.5e-06 5.65e-06 9.15e-06 8.45e-06 1.1e-05 1.08e-05 7.55e-06 8.6e-06 1.04e-05 7.55e-06
11 1.015e-05 1.005e-05 5.8e-06 4.05e-06 9.7e-06 6.8e-06 7.35e-06 9.65e-06 6.75e-06 7.85e-06 7.35e-06 2.9e-06 5.2e-06 1.005e-05 1.55e-06 1.065e-05 7.05e-06 8.85e-06 3.8e-06 5.95e-06 6.1e-06 8.65e-06 5.1e-06 4.1e-06 4.4e-06 1.045e-05 3.8e-06 1.1e-05 3.75e-06 5.4e-06 7.25e-06 5.55e-06 9.5e-06 4.6e-06 7.4e-06 7.55e-06 8.2e-06 4.7e-06 3.8e-06 3.9e-06 7.15e-06 3.75e-06 5.85e-06 3.55e-06 7.9e-06 1.25e-05 4.8e-06 6.25e-06 8.1e-06 5.15e-06 1.365e-05 1.145e-05 8.45e-06 6.1e-06 6.35e-06 4.4e-06 4.55e-06 6.95e-06 6.05e-06 6.75e-06 4.7e-06 8.8e-06 1.075e-05 1.13e-05 9.25e-06 8.5e-06 1.205e-05 5.9e-06 5.3e-06 6.7e-06 9.85e-06 1.5e-05 5.8e-06 1.27e-05 7.75e-06 7.45e-06 7.45e-06 9.3e-06 9.45e-06 1.185e-05 5.95e-06 7.65e-06 1e-05 6.2e-06 1.07e-05 4.6e-06 9.3e-06 8.25e-06 5.25e-06 9.55e-06 9.8e-06 6.4e-06 6.15e-06 7.55e-06 1.315e-05 7.85e-06 4.9e-06 9.95e-06 1.27e-05 7.6e-06
12 1.04e-05 9.8e-06 7.75e-06 5.95e-06 1e-05 8.4e-06 7.35e-06 9.55e-06 6.7e-06 9.35e-06 7.35e-06 5.2e-06 8.8e-06 1.065e-05 4.55e-06 1.14e-05 8.95e-06 1.03e-05 6.2e-06 6.75e-06 6.8e-06 8.25e-06 7.4e-06 5.2e-06 6.1e-06 1.035e-05 6.4e-06 1.045e-05 6.45e-06 7.25e-06 8.5e-06 7.35e-06 8.8e-06 6.2e-06 9.35e-06 5.5e-06 8.85e-06 6.3e-06 5.55e-06 5.65e-06 8.4e-06 5.5e-06 5.1e-06 4.9e-06 8.05e-06 1.145e-05 5.8e-06 6.6e-06 8.9e-06 7.05e-06 1.32e-05 1.015e-05 9.2e-06 6.55e-06 7e-06 6.2e-06 7.05e-06 8.2e-06 8.4e-06 7.4e-06 5.8e-06 9.95e-06 1.15e-05 1.075e-05 9.1e-06 5.8e-06 9.9e-06 5.95e-06 6.85e-06 8.2e-06 1.01e-05 1.285e-05 7.55e-06 1.04e-05 5.35e-06 8.35e-06 9.4e-06 9.6e-06 7.15e-06 1.005e-05 6.75e-06 5.6e-06 9.4e-06 7.1e-06 1.015e-05 6.2e-06 8.9e-06 9.25e-06 6.1e-06 9.5e-06 9.75e-06 7.75e-06 6.8e-06 8.75e-06 1.115e-05 9e-06 5.6e-06 5.8e-06 1.065e-05 7.55e-06
13 7.3e-06 8.5e-06 8.5e-06 1.055e-05 9.15e-06 9.45e-06 9.35e-06 8.1e-06 8.85e-06 1.25e-05 9.35e-06 1.005e-05 1.065e-05 1.25e-05 1.04e-05 9.15e-06 9.75e-06 9.55e-06 9.6e-06 9.4e-06 9.15e-06 1.005e-05 9.9e-06 1.02e-05 1.04e-05 7.5e-06 1.15e-05 1.525e-05 1.07e-05 1.075e-05 8.85e-06 9.5e-06 9.85e-06 9.25e-06 1.02e-05 1.02e-05 1e-05 1.005e-05 9.85e-06 9.95e-06 1e-05 9.8e-06 1.05e-05 1.01e-05 9.8e-06 8.75e-06 9.2e-06 9.55e-06 1.275e-05 1.09e-05 1.365e-05 1.355e-05 9.15e-06 9.4e-06 9.8e-06 1.005e-05 9.85e-06 9.45e-06 1.085e-05 9.35e-06 9.05e-06 1.2e-05 9.25e-06 8.8e-06 8.1e-06 9.45e-06 1.02e-05 9.7e-06 1.09e-05 7.8e-06 7.2e-06 1.375e-05 9.95e-06 1.295e-05 1.055e-05 9.2e-06 8e-06 1.375e-05 9.9e-06 1.38e-05 9.4e-06 1.03e-05 1.425e-05 1.01e-05 1.495e-05 9.25e-06 1.405e-05 9.65e-06 9.15e-06 9.65e-06 9.1e-06 9.05e-06 9.6e-06 9.65e-06 1.41e-05 1.235e-05 1.105e-05 1.145e-05 9.1e-06 9.1e-06
14 1.05e-05 1.035e-05 7.05e-06 3.15e-06 1.005e-05 8.05e-06 6.75e-06 9.95e-06 7.05e-06 7.9e-06 6.75e-06 1.55e-06 4.55e-06 1.04e-05 5e-07 1.095e-05 7.4e-06 9.2e-06 5.05e-06 7.2e-06 7.35e-06 9e-06 5.1e-06 2.9e-06 3.5e-06 9.55e-06 2.6e-06 1.035e-05 2.55e-06 5.45e-06 8.45e-06 6.85e-06 8.6e-06 4.6e-06 8.5e-06 8.1e-06 8.4e-06 3.8e-06 3.8e-06 3.9e-06 6.25e-06 3.75e-06 5.2e-06 2.35e-06 7.3e-06 1.19e-05 3.9e-06 7.45e-06 6.9e-06 5.2e-06 1.275e-05 1.205e-05 8.75e-06 7.3e-06 7.6e-06 4.45e-06 4.55e-06 8.15e-06 6.05e-06 5.85e-06 3.8e-06 7.6e-06 1.105e-05 1.07e-05 8.65e-06 8.15e-06 1.17e-05 5.9e-06 5.3e-06 8e-06 1.02e-05 1.465e-05 6.15e-06 1.235e-05 7.1e-06 7.45e-06 8.7e-06 9.9e-06 9.1e-06 1.24e-05 7.2e-06 8.2e-06 9.35e-06 5.3e-06 1.005e-05 4.6e-06 8.65e-06 7.35e-06 4.35e-06 9.85e-06 1.01e-05 6.75e-06 7.4e-06 6.65e-06 1.28e-05 7.85e-06 4.25e-06 9.85e-06 1.235e-05 7.9e-06
15 9.1e-06 1e-05 9.75e-06 1.03e-05 8.1e-06 8.15e-06 1.005e-05 9.6e-06 1.095e-05 1.32e-05 1.005e-05 1.065e-05 1.14e-05 9.15e-06 1.095e-05 1.12e-05 8.1e-06 8.55e-06 1.08e-05 1.065e-05 1.12e-05 9.75e-06 8.5e-06 1.09e-05 1.015e-05 9.2e-06 1.21e-05 1.615e-05 1.165e-05 1.225e-05 8.4e-06 1.06e-05 9.35e-06 1.075e-05 7.85e-06 1.155e-05 7.95e-06 9.15e-06 1.1e-05 1.11e-05 8.45e-06 1.095e-05 1.13e-05 1.08e-05 7.8e-06 7.2e-06 1.07e-05 1.13e-05 1.34e-05 1.16e-05 1.375e-05 1.45e-05 5.9e-06 1.115e-05 1.105e-05 1.07e-05 8.3e-06 8.5e-06 9.35e-06 7.8e-06 1.055e-05 1.33e-05 5.95e-06 5.75e-06 9.5e-06 1.115e-05 9.15e-06 1.1e-05 1.21e-05 1.025e-05 8.8e-06 1.25e-05 1.145e-05 1.475e-05 1.135e-05 8.3e-06 8.1e-06 1.465e-05 1.15e-05 1.525e-05 1.065e-05 1.165e-05 1.51e-05 1.165e-05 1.585e-05 1.075e-05 1.49e-05 8.5e-06 1.065e-05 8.7e-06 8.55e-06 9.95e-06 1.085e-05 8.35e-06 1.33e-05 1.355e-05 1.18e-05 1.23e-05 1.065e-05 8.5e-06
16 9.8e-06 9.95e-06 8.65e-06 7.55e-06 8.5e-06 8.55e-06 8.55e-06 9.55e-06 9.3e-06 1.155e-05 8.55e-06 7.05e-06 8.95e-06 9.75e-06 7.4e-06 8.1e-06 1.33e-05 8.3e-06 8.05e-06 9.1e-06 9.45e-06 9.15e-06 8.05e-06 8.65e-06 7.7e-06 9.45e-06 9.15e-06 1.435e-05 9.15e-06 9.85e-06 9.2e-06 8.9e-06 9.05e-06 8.9e-06 8.4e-06 1.005e-05 8.25e-06 7.35e-06 8.4e-06 8.5e-06 7.35e-06 8.35e-06 9.25e-06 8.35e-06 7.8e-06 8.35e-06 8.4e-06 9.55e-06 1.195e-05 9.4e-06 1.405e-05 1.355e-05 8e-06 9.4e-06 9.5e-06 8.55e-06 7.7e-06 8.85e-06 9.05e-06 8.05e-06 8.25e-06 1.175e-05 8.2e-06 7.8e-06 8.9e-06 9.95e-06 9.85e-06 9.4e-06 9.7e-06 9.5e-06 9.5e-06 1.285e-05 9.05e-06 1.39e-05 1.025e-05 9.4e-06 9.15e-06 1.25e-05 1.055e-05 1.41e-05 9.1e-06 1.015e-05 1.33e-05 9.55e-06 1.405e-05 8.9e-06 1.28e-05 8.15e-06 8.55e-06 8.45e-06 8.75e-06 8.4e-06 9.3e-06 7.65e-06 1.31e-05 1.17e-05 9.1e-06 1.13e-05 1.155e-05 8.55e-06
17 9.55e-06 1.02e-05 9.1e-06 9.1e-06 8.5e-06 9.35e-06 9.5e-06 9.8e-06 1.01e-05 1.225e-05 9.5e-06 8.85e-06 1.03e-05 9.55e-06 9.2e-06 8.55e-06 8.3e-06 1.49e-05 9.35e-06 9.75e-06 1.015e-05 9.9e-06 9.2e-06 9.65e-06 8.95e-06 9.75e-06 1.04e-05 1.525e-05 9.95e-06 1.085e-05 9.6e-06 8.85e-06 9.85e-06 9.4e-06 9.65e-06 1.08e-05 9.55e-06 8.7e-06 9.6e-06 9.7e-06 8.5e-06 9.55e-06 1.03e-05 9.55e-06 8.95e-06 8.55e-06 9.5e-06 1.025e-05 1.27e-05 1.035e-05 1.445e-05 1.41e-05 9.05e-06 1.01e-05 1.015e-05 9.45e-06 9.15e-06 9.7e-06 1.02e-05 9.1e-06 9.45e-06 1.255e-05 8.65e-06 8.3e-06 9.6e-06 1.07e-05 1.005e-05 1.01e-05 1.07e-05 9.7e-06 9.25e-06 1.34e-05 1.025e-05 1.45e-05 1.1e-05 9.8e-06 9.55e-06 1.37e-05 1.135e-05 1.47e-05 9.75e-06 1.09e-05 1.42e-05 1.055e-05 1.495e-05 9.4e-06 1.4e-05 8.45e-06 9.55e-06 9.1e-06 8.85e-06 9.35e-06 9.95e-06 8.55e-06 1.325e-05 1.245e-05 1.055e-05 1.215e-05 1.13e-05 9.45e-06
18 9.45e-06 8.8e-06 4.55e-06 6.95e-06 9.05e-06 5.35e-06 8.5e-06 8.3e-06 5.2e-06 7.9e-06 8.5e-06 3.8e-06 6.2e-06 9.6e-06 5.05e-06 1.08e-05 8.05e-06 9.35e-06 5e-06 3.15e-06 3.1e-06 7.05e-06 6.3e-06 5.75e-06 7.1e-06 1.13e-05 6.9e-06 1.195e-05 6.95e-06 5.7e-06 5.25e-06 3.95e-06 9.6e-06 4.55e-06 7.5e-06 5.15e-06 9.1e-06 7.3e-06 3.9e-06 4e-06 9.4e-06 3.85e-06 6.7e-06 5.45e-06 9.55e-06 1.28e-05 6.45e-06 2.95e-06 9.4e-06 5.6e-06 1.42e-05 9.7e-06 8.6e-06 2.75e-06 3.55e-06 4.75e-06 5.95e-06 4.95e-06 7.3e-06 8.4e-06 6.45e-06 1.04e-05 1.09e-05 1.225e-05 1.035e-05 7.75e-06 1.19e-05 4.35e-06 5.2e-06 4.7e-06 9.15e-06 1.485e-05 6.3e-06 1.205e-05 7.15e-06 7.25e-06 6.25e-06 9.2e-06 8.8e-06 9.55e-06 3.15e-06 5.25e-06 1.09e-05 7.75e-06 1.165e-05 4.55e-06 1.04e-05 1.025e-05 6.75e-06 8.35e-06 8.6e-06 6.7e-06 3.35e-06 9.75e-06 1.315e-05 7.35e-06 7.05e-06 8.6e-06 1.25e-05 6.4e-06
19 8.45e-06 8.15e-06 4.05e-06 8.7e-06 7.8e-06 4.05e-06 8.95e-06 7.75e-06 4.55e-06 7.15e-06 8.95e-06 5.95e-06 6.75e-06 9.4e-06 7.2e-06 1.065e-05 9.1e-06 9.75e-06 3.15e-06 2.5e-06 1.8e-06 6.1e-06 7.05e-06 5.55e-06 8.55e-06 1.115e-05 8.4e-06 1.22e-05 8.7e-06 6.1e-06 4.5e-06 2.85e-06 9e-06 4.75e-06 8.2e-06 3.9e-06 9.8e-06 8.8e-06 4.3e-06 4.4e-06 1.035e-05 4.2e-06 6.9e-06 5.45e-06 1.01e-05 1.245e-05 7.25e-06 1.65e-06 8.9e-06 5.3e-06 1.32e-05 7.9e-06 8.45e-06 1.4e-06 1.75e-06 4.35e-06 7e-06 4.2e-06 8.1e-06 8.75e-06 7.3e-06 1.07e-05 1.075e-05 1.21e-05 1.08e-05 7e-06 1.12e-05 2.65e-06 5.4e-06 3.55e-06 8.15e-06 1.415e-05 7.25e-06 1.125e-05 5.65e-06 6.25e-06 6e-06 9.7e-06 8e-06 8.3e-06 1.35e-06 4.05e-06 1.11e-05 8.45e-06 1.19e-05 4.75e-06 1.09e-05 1.08e-05 7.4e-06 7.6e-06 7.85e-06 7.15e-06 1.55e-06 1.08e-05 1.275e-05 7.1e-06 8.4e-06 7.4e-06 1.185e-05 5.65e-06
20 9.2e-06 8.2e-06 4.15e-06 8.9e-06 8.7e-06 5e-06 8.8e-06 7.8e-06 4.1e-06 7.9e-06 8.8e-06 6.1e-06 6.8e-06 9.15e-06 7.35e-06 1.12e-05 9.45e-06 1.015e-05 3.1e-06 1.8e-06 2e-06 5.6e-06 7.4e-06 6.15e-06 8.75e-06 1.11e-05 8.6e-06 1.24e-05 8.9e-06 5.6e-06 4.65e-06 3.45e-06 8.85e-06 4.75e-06 8.55e-06 3.75e-06 1.015e-05 8.95e-06 4.25e-06 4.35e-06 1.07e-05 4.15e-06 7.05e-06 6.05e-06 1.05e-05 1.265e-05 7e-06 1.4e-06 9.6e-06 6e-06 1.4e-05 8.65e-06 9e-06 1.15e-06 2.25e-06 5.05e-06 7.35e-06 4.35e-06 8.45e-06 9.15e-06 7.1e-06 1.06e-05 1.13e-05 1.265e-05 1.085e-05 6.7e-06 1.16e-05 3.05e-06 5.35e-06 3.7e-06 8.9e-06 1.455e-05 7.05e-06 1.11e-05 6.2e-06 7.1e-06 5.85e-06 9.9e-06 7.85e-06 8.3e-06 1.85e-06 3.9e-06 1.13e-05 8.25e-06 1.21e-05 4.75e-06 1.11e-05 1.12e-05 7.2e-06 7.75e-06 8e-06 6.85e-06 2.05e-06 1.115e-05 1.3e-05 7.1e-06 8.45e-06 7.5e-06 1.215e-05 5.8e-06
21 9.9e-06 9.25e-06 7.85e-06 9.05e-06 8.65e-06 7.6e-06 8.55e-06 8.85e-06 6.75e-06 1.075e-05 8.55e-06 8.65e-06 8.25e-06 1.005e-05 9e-06 9.75e-06 9.15e-06 9.9e-06 7.05e-06 6.1e-06 5.6e-06 1.05e-05 8.75e-06 8.05e-06 8.85e-06 1.105e-05 1.04e-05 1.38e-05 1.055e-05 8.2e-06 7.5e-06 7.5e-06 7.85e-06 7.85e-06 9.1e-06 6.65e-06 9e-06 8.2e-06 7.3e-06 7.4e-06 9.4e-06 7.25e-06 8.4e-06 8e-06 8.7e-06 9.45e-06 8.2e-06 5.9e-06 1.135e-05 8.85e-06 1.385e-05 1.125e-05 8.45e-06 5.7e-06 6.5e-06 7.9e-06 8.75e-06 7.2e-06 9.85e-06 8.85e-06 8.35e-06 1.255e-05 9.85e-06 9.5e-06 1.005e-05 7.75e-06 1.01e-05 6.45e-06 8.45e-06 7.65e-06 9.6e-06 1.3e-05 9.2e-06 1.21e-05 7.75e-06 8.6e-06 8.5e-06 1.22e-05 8.85e-06 1.11e-05 6.1e-06 6.75e-06 1.265e-05 9.5e-06 1.35e-05 7.85e-06 1.25e-05 1.01e-05 8.4e-06 7.9e-06 8.2e-06 8.25e-06 6.3e-06 9.95e-06 1.2e-05 1.02e-05 9.8e-06 8.7e-06 1.155e-05 6.95e-06
22 9.95e-06 1.015e-05 6.4e-06 6.55e-06 9.4e-06 5.65e-06 8.35e-06 9.75e-06 8.1e-06 8.9e-06 8.35e-06 5.1e-06 7.4e-06 9.9e-06 5.1e-06 8.5e-06 8.05e-06 9.2e-06 6.3e-06 7.05e-06 7.4e-06 8.75e-06 8.9e-06 5.55e-06 6.15e-06 1.02e-05 6.3e-06 1.26e-05 6.55e-06 7.45e-06 6.55e-06 6.8e-06 9.3e-06 6.6e-06 6.5e-06 8.6e-06 7.4e-06 6.4e-06 6.2e-06 6.3e-06 8.1e-06 6.15e-06 7.05e-06 5.8e-06 7.3e-06 1.145e-05 6.55e-06 7.55e-06 8.95e-06 7.05e-06 1.325e-05 1.205e-05 5.75e-06 7.4e-06 7.45e-06 6.1e-06 4.95e-06 6.2e-06 6.1e-06 5.5e-06 6.75e-06 9.7e-06 8.4e-06 9.25e-06 1.005e-05 9.2e-06 1.135e-05 7.05e-06 7.4e-06 7.4e-06 9.65e-06 1.435e-05 8e-06 1.315e-05 8.4e-06 6.35e-06 6.45e-06 1.13e-05 9.8e-06 1.265e-05 7.05e-06 8.7e-06 1.11e-05 7.95e-06 1.23e-05 6.6e-06 1.125e-05 8.55e-06 6.6e-06 9.4e-06 9.7e-06 7.45e-06 7.25e-06 8.6e-06 1.3e-05 9.1e-06 7.55e-06 1.04e-05 1.23e-05 6.95e-06
23 9.6e-06 9.7e-06 6.65e-06 5.05e-06 8.95e-06 7e-06 7.2e-06 9.3e-06 6.6e-06 7.05e-06 7.2e-06 4.1e-06 5.2e-06 1.02e-05 2.9e-06 1.09e-05 8.65e-06 9.65e-06 5.75e-06 5.55e-06 6.15e-06 8.05e-06 5.55e-06 4.5e-06 4.65e-06 9.35e-06 4e-06 1.06e-05 4.45e-06 5.9e-06 7.85e-06 5.9e-06 8e-06 4.95e-06 9.35e-06 6.85e-06 9.25e-06 5.5e-06 4.45e-06 4.55e-06 7.45e-06 4.4e-06 4.95e-06 2.5e-06 7.9e-06 1.15e-05 4.6e-06 6.2e-06 6.25e-06 5.1e-06 1.18e-05 1.03e-05 8.75e-06 6.1e-06 5.95e-06 4.15e-06 5.85e-06 7.55e-06 7e-06 6e-06 4.9e-06 7.65e-06 1.1e-05 1.065e-05 9.25e-06 7.35e-06 1.095e-05 4.2e-06 5.65e-06 7e-06 9.3e-06 1.39e-05 7.3e-06 1.15e-05 5.6e-06 6.6e-06 8.55e-06 1.05e-05 8.25e-06 1.11e-05 5.55e-06 6.95e-06 9.1e-06 6.1e-06 1.03e-05 4.95e-06 9.25e-06 7.75e-06 4.75e-06 9.2e-06 9.45e-06 7.2e-06 5.75e-06 7.9e-06 1.23e-05 7.45e-06 5.85e-06 8.5e-06 1.165e-05 7.3e-06
24 1.05e-05 1.04e-05 8.15e-06 3.25e-06 9.65e-06 8.85e-06 5.25e-06 1e-05 8.05e-06 9.3e-06 5.25e-06 4.4e-06 6.1e-06 1.04e-05 3.5e-06 1.015e-05 7.7e-06 8.95e-06 7.1e-06 8.55e-06 8.75e-06 8.85e-06 6.15e-06 4.65e-06 5.7e-06 9.85e-06 4.4e-06 1.15e-05 5.05e-06 7.5e-06 9.4e-06 8.2e-06 8.7e-06 6.55e-06 8.5e-06 8.8e-06 7.5e-06 4.45e-06 6.1e-06 6.2e-06 6.8e-06 6.05e-06 5.9e-06 4.8e-06 5.2e-06 1.03e-05 5e-06 8.95e-06 8.7e-06 7.1e-06 1.305e-05 1.25e-05 8.25e-06 8.8e-06 8.95e-06 6.15e-06 6.35e-06 9.1e-06 7.55e-06 6e-06 5.25e-06 9.4e-06 1.025e-05 9e-06 8.35e-06 8e-06 1.055e-05 7.55e-06 7.35e-06 9.4e-06 1.02e-05 1.35e-05 7.3e-06 1.21e-05 8.05e-06 8.65e-06 9.6e-06 1.105e-05 8.85e-06 1.3e-05 8.55e-06 8.9e-06 1.005e-05 6.5e-06 1.12e-05 6.55e-06 1.01e-05 6.85e-06 5.1e-06 9.6e-06 9.85e-06 6.05e-06 8.75e-06 7.25e-06 1.17e-05 9.4e-06 5.95e-06 9.65e-06 1.15e-05 7.95e-06
25 8.1e-06 8.75e-06 1.02e-05 1e-05 9.35e-06 1.105e-05 9.2e-06 8.35e-06 9.85e-06 1.3e-05 9.2e-06 1.045e-05 1.035e-05 7.5e-06 9.55e-06 9.2e-06 9.45e-06 9.75e-06 1.13e-05 1.115e-05 1.11e-05 1.105e-05 1.02e-05 9.35e-06 9.85e-06 1e-05 1.07e-05 1.51e-05 1.03e-05 1.145e-05 1.095e-05 1.125e-05 7.95e-06 1.01e-05 1.16e-05 1.12e-05 1.05e-05 9.6e-06 1.03e-05 1.04e-05 8.35e-06 1.025e-05 1.005e-05 9.25e-06 9.5e-06 7.1e-06 8.9e-06 1.13e-05 1.19e-05 1.14e-05 1.295e-05 1.465e-05 9.7e-06 1.115e-05 1.155e-05 1.05e-05 1.015e-05 1.105e-05 1.12e-05 8.7e-06 8.6e-06 9.8e-06 9.3e-06 7.95e-06 7.4e-06 9.55e-06 9.6e-06 1.015e-05 1.14e-05 1.025e-05 7.9e-06 1.275e-05 1.09e-05 1.315e-05 1.02e-05 9.95e-06 1.03e-05 1.48e-05 9.95e-06 1.49e-05 1.115e-05 1.13e-05 1.405e-05 9.7e-06 1.48e-05 1.01e-05 1.385e-05 8.55e-06 8.7e-06 9.3e-06 9.3e-06 1e-05 1.135e-05 8.55e-06 1.42e-05 1.285e-05 1.08e-05 1.165e-05 9e-06 9.8e-06
26 1.16e-05 1.16e-05 8.2e-06 4.6e-06 1.11e-05 9.15e-06 7.65e-06 1.12e-05 8.6e-06 8.85e-06 7.65e-06 3.8e-06 6.4e-06 1.15e-05 2.6e-06 1.21e-05 9.15e-06 1.04e-05 6.9e-06 8.4e-06 8.6e-06 1.04e-05 6.3e-06 4e-06 4.4e-06 1.07e-05 4.3e-06 9.35e-06 2.8e-06 5.6e-06 9.7e-06 8e-06 9.9e-06 6.1e-06 9.95e-06 9.5e-06 9.85e-06 5.65e-06 5.6e-06 5.7e-06 7.95e-06 5.55e-06 6.4e-06 3.95e-06 8.2e-06 1.315e-05 5.35e-06 8.85e-06 7.95e-06 5.15e-06 1.39e-05 1.215e-05 9.95e-06 8.7e-06 8.8e-06 5.4e-06 6.3e-06 9.45e-06 6.1e-06 6.9e-06 5.5e-06 8.65e-06 1.22e-05 1.185e-05 1.025e-05 9.45e-06 1.285e-05 7.1e-06 5.45e-06 9.15e-06 1.13e-05 1.485e-05 7.1e-06 1.255e-05 8.4e-06 8.6e-06 9.85e-06 1.065e-05 1.03e-05 1.27e-05 8.4e-06 9.6e-06 9.55e-06 5.35e-06 9.1e-06 6.1e-06 9.4e-06 8.05e-06 5.55e-06 1.115e-05 1.135e-05 7.65e-06 8.6e-06 8.35e-06 1.305e-05 9e-06 5.05e-06 1.115e-05 1.345e-05 9.2e-06
27 1.51e-05 1.505e-05 1.285e-05 1.155e-05 1.495e-05 1.35e-05 1.245e-05 1.465e-05 1.205e-05 1.165e-05 1.245e-05 1.1e-05 1.045e-05 1.525e-05 1.035e-05 1.615e-05 1.435e-05 1.525e-05 1.195e-05 1.22e-05 1.24e-05 1.38e-05 1.26e-05 1.06e-05 1.15e-05 1.51e-05 9.35e-06 1.56e-05 9.35e-06 1.035e-05 1.36e-05 1.265e-05 1.405e-05 1.155e-05 1.455e-05 1.14e-05 1.405e-05 1.19e-05 1.12e-05 1.13e-05 1.37e-05 1.115e-05 1.06e-05 1.04e-05 1.315e-05 1.655e-05 1.11e-05 1.215e-05 1.11e-05 1.005e-05 1.655e-05 1.015e-05 1.41e-05 1.215e-05 1.26e-05 1.13e-05 1.245e-05 1.345e-05 1.12e-05 1.23e-05 1.11e-05 1.205e-05 1.625e-05 1.55e-05 1.43e-05 1.135e-05 1.375e-05 1.14e-05 1e-05 1.305e-05 1.48e-05 1.265e-05 1.145e-05 9.95e-06 1.1e-05 1.32e-05 1.415e-05 9.9e-06 1.115e-05 1.035e-05 1.22e-05 1.15e-05 9.25e-06 9.9e-06 7.85e-06 1.155e-05 9.2e-06 1.42e-05 1.13e-05 1.475e-05 1.485e-05 1.285e-05 1.24e-05 1.4e-05 1.115e-05 1.145e-05 9e-06 1.045e-05 1.375e-05 1.28e-05
28 1.075e-05 1.125e-05 8.4e-06 5e-06 1.08e-05 9.4e-06 8.1e-06 1.085e-05 8.7e-06 9.2e-06 8.1e-06 3.75e-06 6.45e-06 1.07e-05 2.55e-06 1.165e-05 9.15e-06 9.95e-06 6.95e-06 8.7e-06 8.9e-06 1.055e-05 6.55e-06 4.45e-06 5.05e-06 1.03e-05 2.8e-06 9.35e-06 4.4e-06 5.7e-06 9.4e-06 8.3e-06 1e-05 5.55e-06 1.005e-05 9.65e-06 9.95e-06 5.6e-06 5.65e-06 5.75e-06 7.9e-06 5.6e-06 6.7e-06 4.15e-06 8.65e-06 1.27e-05 5.6e-06 9e-06 8.05e-06 5.4e-06 1.35e-05 1.23e-05 1e-05 8.85e-06 9.1e-06 5.7e-06 6.3e-06 9.55e-06 6.15e-06 7.1e-06 5.5e-06 8.8e-06 1.175e-05 1.14e-05 9.85e-06 9.55e-06 1.235e-05 7.4e-06 5.55e-06 8.75e-06 1.045e-05 1.475e-05 7.1e-06 1.25e-05 8.45e-06 8.2e-06 9.5e-06 1.055e-05 1.035e-05 1.27e-05 8.7e-06 9.75e-06 9.7e-06 5.4e-06 9.05e-06 5.55e-06 9.3e-06 8.1e-06 5.8e-06 1.12e-05 1.09e-05 8.1e-06 8.9e-06 7.85e-06 1.305e-05 9.2e-06 5.1e-06 1.125e-05 1.255e-05 9.3e-06
29 1.105e-05 1.07e-05 6.75e-06 7.6e-06 1.07e-05 7.85e-06 9.1e-06 1.03e-05 7e-06 9.25e-06 9.1e-06 5.4e-06 7.25e-06 1.075e-05 5.45e-06 1.225e-05 9.85e-06 1.085e-05 5.7e-06 6.1e-06 5.6e-06 8.2e-06 7.45e-06 5.9e-06 7.5e-06 1.145e-05 5.6e-06 1.035e-05 5.7e-06 9.8e-06 7.95e-06 6.45e-06 1.005e-05 6.25e-06 9.75e-06 7.55e-06 1.055e-05 7.85e-06 5.65e-06 5.75e-06 9.9e-06 5.6e-06 7.45e-06 5.75e-06 1.03e-05 1.355e-05 6.65e-06 6.1e-06 9.55e-06 5.6e-06 1.465e-05 1.08e-05 1.01e-05 5.95e-06 6.5e-06 5.85e-06 7.35e-06 7.7e-06 7.1e-06 8.75e-06 6.8e-06 1.025e-05 1.235e-05 1.29e-05 1.105e-05 8.75e-06 1.295e-05 6.1e-06 5.45e-06 6.9e-06 1.075e-05 1.495e-05 7.2e-06 1.2e-05 8.1e-06 8.5e-06 8.25e-06 1.04e-05 9.75e-06 1.09e-05 6.1e-06 7.65e-06 1.065e-05 6.6e-06 1.005e-05 6.25e-06 1.04e-05 1.06e-05 6.95e-06 1.03e-05 1.05e-05 8e-06 6.3e-06 1.03e-05 1.325e-05 8.95e-06 6.7e-06 1.015e-05 1.35e-05 8.35e-06
30 8.65e-06 8.75e-06 5.5e-06 9.55e-06 8.65e-06 4.75e-06 9.85e-06 8.35e-06 6.7e-06 9.4e-06 9.85e-06 7.25e-06 8.5e-06 8.85e-06 8.45e-06 8.4e-06 9.2e-06 9.6e-06 5.25e-06 4.5e-06 4.65e-06 7.5e-06 6.55e-06 7.85e-06 9.4e-06 1.095e-05 9.7e-06 1.36e-05 9.4e-06 7.95e-06 8.2e-06 5.5e-06 9.75e-06 6.3e-06 6.75e-06 6.45e-06 8.55e-06 8.95e-06 6.35e-06 6.45e-06 1.045e-05 6.25e-06 8.6e-06 7.75e-06 9.3e-06 1.17e-05 8.6e-06 4.5e-06 1.075e-05 7.65e-06 1.37e-05 1.05e-05 6.2e-06 4.25e-06 4.95e-06 6.75e-06 6.4e-06 4.4e-06 7.45e-06 7.85e-06 8.6e-06 1.18e-05 8.7e-06 1.015e-05 1.085e-05 8.8e-06 1.115e-05 5.75e-06 7.4e-06 5.3e-06 8.35e-06 1.445e-05 8.55e-06 1.275e-05 8.15e-06 5.95e-06 4.9e-06 1.12e-05 9.55e-06 1.055e-05 4.55e-06 6.6e-06 1.255e-05 9.7e-06 1.33e-05 6.3e-06 1.235e-05 1.06e-05 8.7e-06 8.5e-06 8.35e-06 8.1e-06 4.75e-06 1.05e-05 1.32e-05 9e-06 9.6e-06 9.4e-06 1.155e-05 6.05e-06
31 8.95e-06 9.2e-06 3.7e-06 8.35e-06 8.3e-06 4.5e-06 8.95e-06 8.8e-06 5.8e-06 7.5e-06 8.95e-06 5.55e-06 7.35e-06 9.5e-06 6.85e-06 1.06e-05 8.9e-06 8.85e-06 3.95e-06 2.85e-06 3.45e-06 7.5e-06 6.8e-06 5.9e-06 8.2e-06 1.125e-05 8e-06 1.265e-05 8.3e-06 6.45e-06 5.5e-06 4.4e-06 9.95e-06 5.6e-06 7.95e-06 5.75e-06 9.65e-06 8.55e-06 5.15e-06 5.25e-06 1.02e-05 5.1e-06 7.4e-06 5.8e-06 9.95e-06 1.31e-05 7.3e-06 3.7e-06 9.4e-06 5.6e-06 1.375e-05 9e-06 8.4e-06 3.55e-06 3.25e-06 4.65e-06 6.75e-06 5.2e-06 7.85e-06 8.7e-06 7.3e-06 1.075e-05 1.07e-05 1.215e-05 1.075e-05 7.95e-06 1.185e-05 4.25e-06 6.3e-06 4.1e-06 8.65e-06 1.48e-05 7.2e-06 1.205e-05 6.95e-06 6.7e-06 6e-06 1.01e-05 8.8e-06 9.95e-06 2.85e-06 5.85e-06 1.155e-05 8.45e-06 1.235e-05 5.6e-06 1.135e-05 1.06e-05 7.4e-06 8.7e-06 8.95e-06 7.05e-06 3.05e-06 1.065e-05 1.28e-05 8.15e-06 8.15e-06 8.8e-06 1.25e-05 6.75e-06
32 1.01e-05 9.65e-06 9.4e-06 8.85e-06 8.95e-06 9.7e-06 8.2e-06 9.25e-06 8.2e-06 1.18e-05 8.2e-06 9.5e-06 8.8e-06 9.85e-06 8.6e-06 9.35e-06 9.05e-06 9.85e-06 9.6e-06 9e-06 8.85e-06 7.85e-06 9.3e-06 8e-06 8.7e-06 7.95e-06 9.9e-06 1.405e-05 1e-05 1.005e-05 9.75e-06 9.95e-06 1.27e-05 9e-06 1.07e-05 8.9e-06 9.7e-06 8.1e-06 8.6e-06 8.7e-06 7.95e-06 8.55e-06 8.65e-06 7.9e-06 8.5e-06 8e-06 8e-06 8.9e-06 1.095e-05 1.005e-05 1.31e-05 1.31e-05 8.95e-06 8.7e-06 9.4e-06 9.1e-06 9.25e-06 9.4e-06 1.035e-05 8.15e-06 7.8e-06 1.02e-05 9.45e-06 8.2e-06 9.1e-06 8.15e-06 9.4e-06 8.05e-06 9.75e-06 9.7e-06 9.8e-06 1.22e-05 1.015e-05 1.22e-05 8.45e-06 9.3e-06 1e-05 1.37e-05 8.9e-06 1.305e-05 9e-06 9e-06 1.295e-05 8.95e-06 1.375e-05 9e-06 1.275e-05 8.7e-06 7.9e-06 8.15e-06 8.6e-06 9e-06 9.2e-06 8.65e-06 1.25e-05 1.135e-05 9.95e-06 9.85e-06 1.09e-05 8.25e-06
33 9.05e-06 8.95e-06 6.05e-06 6.6e-06 9.1e-06 6.85e-06 8.1e-06 8.55e-06 6e-06 8.15e-06 8.1e-06 4.6e-06 6.2e-06 9.25e-06 4.6e-06 1.075e-05 8.9e-06 9.4e-06 4.55e-06 4.75e-06 4.75e-06 7.85e-06 6.6e-06 4.95e-06 6.55e-06 1.01e-05 6.1e-06 1.155e-05 5.55e-06 6.25e-06 6.3e-06 5.6e-06 9e-06 8.3e-06 9e-06 6e-06 9.7e-06 6.85e-06 4.45e-06 4.55e-06 8.85e-06 4.3e-06 6.4e-06 4.75e-06 9.15e-06 1.2e-05 6.05e-06 4.55e-06 8.25e-06 6.1e-06 1.3e-05 1.045e-05 9.05e-06 4.3e-06 5.2e-06 5.2e-06 6.45e-06 6.3e-06 7.65e-06 7.65e-06 5.95e-06 9.3e-06 1.085e-05 1.13e-05 9.8e-06 7.7e-06 1.115e-05 4.6e-06 5.6e-06 5.7e-06 8.75e-06 1.45e-05 7.1e-06 1.175e-05 6.75e-06 6.95e-06 7.25e-06 1.02e-05 8.6e-06 1.03e-05 4.8e-06 6.25e-06 1.045e-05 7.2e-06 1.125e-05 4.25e-06 1.015e-05 9e-06 6.15e-06 8.85e-06 8.6e-06 7.25e-06 5e-06 8.85e-06 1.295e-05 7.45e-06 7e-06 8.8e-06 1.135e-05 6.9e-06
34 1.025e-05 1.05e-05 7.3e-06 8.55e-06 9.7e-06 6.1e-06 9.3e-06 1.01e-05 9.25e-06 1.145e-05 9.3e-06 7.4e-06 9.35e-06 1.02e-05 8.5e-06 7.85e-06 8.4e-06 9.65e-06 7.5e-06 8.2e-06 8.55e-06 9.1e-06 6.5e-06 9.35e-06 8.5e-06 1.16e-05 9.95e-06 1.455e-05 1.005e-05 9.75e-06 6.75e-06 7.95e-06 1.07e-05 9e-06 7.7e-06 9.45e-06 5.05e-06 7.85e-06 8.5e-06 8.6e-06 9.55e-06 8.45e-06 9.45e-06 9.15e-06 7.35e-06 1.095e-05 9.15e-06 8.75e-06 1.26e-05 9.3e-06 1.465e-05 1.285e-05 5e-06 8.6e-06 8.6e-06 8.45e-06 6.25e-06 6.4e-06 7.4e-06 7.35e-06 9.1e-06 1.335e-05 8.05e-06 8.75e-06 1.035e-05 1.01e-05 1.135e-05 9.3e-06 9.7e-06 8.5e-06 9.95e-06 1.435e-05 9.25e-06 1.405e-05 1.03e-05 7.5e-06 6.6e-06 1.215e-05 1.07e-05 1.35e-05 8.2e-06 9.55e-06 1.35e-05 1.03e-05 1.425e-05 9e-06 1.32e-05 1.025e-05 9.3e-06 9.75e-06 1.005e-05 8.3e-06 8.4e-06 1.005e-05 1.3e-05 1.17e-05 9.4e-06 1.09e-05 1.23e-05 7.3e-06
35 9.7e-06 8.55e-06 6.5e-06 8.95e-06 9.35e-06 6.95e-06 8.5e-06 8.3e-06 5.1e-06 9.4e-06 8.5e-06 7.55e-06 5.5e-06 1.02e-05 8.1e-06 1.155e-05 1.005e-05 1.08e-05 5.15e-06 3.9e-06 3.75e-06 6.65e-06 8.6e-06 6.85e-06 8.8e-06 1.12e-05 9.5e-06 1.14e-05 9.65e-06 7.55e-06 6.45e-06 5.75e-06 8.9e-06 6e-06 9.45e-06 5.9e-06 9.75e-06 8.85e-06 5.6e-06 5.7e-06 1.06e-05 5.45e-06 5.95e-06 6.75e-06 9.7e-06 1.18e-05 7.4e-06 3.25e-06 1.02e-05 7.5e-06 1.375e-05 8.4e-06 9.35e-06 3.1e-06 4.2e-06 6.55e-06 8.55e-06 6.05e-06 9.65e-06 9.05e-06 7.5e-06 1.155e-05 1.165e-05 1.17e-05 1.03e-05 5.05e-06 9.75e-06 4.25e-06 6.65e-06 6.2e-06 9.4e-06 1.27e-05 8.15e-06 9.75e-06 4.75e-06 8.15e-06 8.2e-06 9.6e-06 6.5e-06 7.75e-06 3.95e-06 3.2e-06 1.03e-05 8.65e-06 1.11e-05 6.1e-06 1.01e-05 1.125e-05 7.6e-06 8.25e-06 8.5e-06 8.05e-06 4e-06 1.105e-05 1.115e-05 8.35e-06 7.7e-06 4.45e-06 1.045e-05 6.25e-06
36 1.005e-05 1.02e-05 9.05e-06 7.55e-06 9.6e-06 7.9e-06 7.5e-06 9.8e-06 9.15e-06 1.225e-05 7.5e-06 8.2e-06 8.85e-06 1e-05 8.4e-06 7.95e-06 8.25e-06 9.55e-06 9.1e-06 9.8e-06 1.015e-05 9e-06 7.4e-06 9.25e-06 7.5e-06 1.05e-05 9.85e-06 1.405e-05 9.95e-06 1.055e-05 8.55e-06 9.65e-06 9.7e-06 9.7e-06 5.05e-06 9.75e-06 7.7e-06 6.85e-06 9.2e-06 9.3e-06 8.55e-06 9.15e-06 8.95e-06 9.05e-06 5.3e-06 8.95e-06 8.25e-06 1.025e-05 1.25e-05 1.01e-05 1.37e-05 1.325e-05 5.05e-06 1.01e-05 1.02e-05 9.25e-06 7.25e-06 8.2e-06 8.4e-06 6.2e-06 8.2e-06 1.325e-05 8.05e-06 6.7e-06 8.45e-06 8.8e-06 9.95e-06 1e-05 1.04e-05 1.02e-05 9.75e-06 1.295e-05 9.25e-06 1.275e-05 9.8e-06 8.6e-06 8.5e-06 1.255e-05 9.4e-06 1.38e-05 9.8e-06 9.85e-06 1.3e-05 9.4e-06 1.375e-05 9.7e-06 1.27e-05 9.25e-06 8.4e-06 9.55e-06 9.85e-06 8.2e-06 1e-05 9.05e-06 1.16e-05 1.24e-05 8.9e-06 1e-05 1.08e-05 6.95e-06
37 1.015e-05 1.005e-05 8.45e-06 4.4e-06 9.2e-06 8.7e-06 6.25e-06 9.65e-06 7.95e-06 1.02e-05 6.25e-06 4.7e-06 6.3e-06 1.005e-05 3.8e-06 9.15e-06 7.35e-06 8.7e-06 7.3e-06 8.8e-06 8.95e-06 8.2e-06 6.4e-06 5.5e-06 4.45e-06 9.6e-06 5.65e-06 1.19e-05 5.6e-06 7.85e-06 8.95e-06 8.55e-06 8.1e-06 6.85e-06 7.85e-06 8.85e-06 6.85e-06 7.2e-06 6.25e-06 6.35e-06 6.3e-06 6.2e-06 6.65e-06 5.15e-06 5.7e-06 9.25e-06 5.5e-06 9e-06 9.5e-06 7.6e-06 1.28e-05 1.285e-05 7.5e-06 8.85e-06 9.2e-06 6.75e-06 6.15e-06 8.75e-06 7.45e-06 6.25e-06 5.5e-06 1.02e-05 9.25e-06 8e-06 7.85e-06 8.15e-06 1e-05 7.8e-06 7.65e-06 9.55e-06 9.85e-06 1.3e-05 7.65e-06 1.235e-05 8.2e-06 8.3e-06 9.25e-06 1.135e-05 9.1e-06 1.315e-05 8.8e-06 8.95e-06 1.08e-05 6.9e-06 1.16e-05 6.85e-06 1.04e-05 7.15e-06 5.85e-06 9e-06 9.2e-06 7.05e-06 9e-06 6.8e-06 1.125e-05 1.01e-05 6e-06 9.8e-06 1.115e-05 7.6e-06
38 9.7e-06 9e-06 5.7e-06 6.05e-06 9.3e-06 6.5e-06 7.8e-06 8.6e-06 5.35e-06 7.85e-06 7.8e-06 3.8e-06 5.55e-06 9.85e-06 3.8e-06 1.1e-05 8.4e-06 9.6e-06 3.9e-06 4.3e-06 4.25e-06 7.3e-06 6.2e-06 4.45e-06 6.1e-06 1.03e-05 5.6e-06 1.12e-05 5.65e-06 5.65e-06 6.35e-06 5.15e-06 8.6e-06 4.45e-06 8.5e-06 5.6e-06 9.2e-06 6.25e-06 7.2e-06 3.85e-06 8.35e-06 3.7e-06 5.95e-06 4.1e-06 8.85e-06 1.215e-05 5.4e-06 4.05e-06 8.1e-06 5.55e-06 1.32e-05 1.02e-05 8.8e-06 3.85e-06 4.7e-06 4.7e-06 5.95e-06 6.05e-06 7.2e-06 7.4e-06 5.4e-06 9.1e-06 1.11e-05 1.155e-05 9.75e-06 7.3e-06 1.145e-05 4.25e-06 5.1e-06 5.9e-06 9.4e-06 1.44e-05 6.65e-06 1.16e-05 6.4e-06 7.15e-06 7.4e-06 9.8e-06 8.35e-06 1e-05 4.3e-06 5.7e-06 1.015e-05 6.75e-06 1.09e-05 4.45e-06 9.75e-06 9.25e-06 5.75e-06 8.55e-06 8.8e-06 6.95e-06 4.5e-06 8.85e-06 1.27e-05 7.25e-06 6.25e-06 8.4e-06 1.205e-05 6.6e-06
39 9.8e-06 9.1e-06 5.8e-06 6.15e-06 9.4e-06 6.6e-06 7.9e-06 8.7e-06 5.2e-06 7.9e-06 7.9e-06 3.9e-06 5.65e-06 9.95e-06 3.9e-06 1.11e-05 8.5e-06 9.7e-06 4e-06 4.4e-06 4.35e-06 7.4e-06 6.3e-06 4.55e-06 6.2e-06 1.04e-05 5.7e-06 1.13e-05 5.75e-06 5.75e-06 6.45e-06 5.25e-06 8.7e-06 4.55e-06 8.6e-06 5.7e-06 9.3e-06 6.35e-06 3.85e-06 7.4e-06 8.45e-06 3.8e-06 6.05e-06 4.2e-06 8.95e-06 1.225e-05 5.5e-06 4.15e-06 8.15e-06 5.65e-06 1.33e-05 1.03e-05 8.9e-06 3.95e-06 4.8e-06 4.8e-06 6.05e-06 6.15e-06 7.3e-06 7.5e-06 5.5e-06 9.15e-06 1.12e-05 1.165e-05 9.85e-06 7.4e-06 1.155e-05 4.35e-06 5.2e-06 6e-06 9.5e-06 1.45e-05 6.75e-06 1.17e-05 6.5e-06 7.25e-06 7.5e-06 9.9e-06 8.45e-06 1.01e-05 4.4e-06 5.55e-06 1.025e-05 6.85e-06 1.1e-05 4.55e-06 9.85e-06 9.35e-06 5.85e-06 8.65e-06 8.9e-06 7.05e-06 4.6e-06 8.95e-06 1.28e-05 7.3e-06 6.35e-06 8.5e-06 1.215e-05 6.7e-06
40 1e-05 1.015e-05 9.8e-06 6.75e-06 8.7e-06 9.85e-06 7.85e-06 9.75e-06 9.55e-06 1.16e-05 7.85e-06 7.15e-06 8.4e-06 1e-05 6.25e-06 8.45e-06 7.35e-06 8.5e-06 9.4e-06 1.035e-05 1.07e-05 9.4e-06 8.1e-06 7.45e-06 6.8e-06 8.35e-06 7.95e-06 1.37e-05 7.9e-06 9.9e-06 1.045e-05 1.02e-05 7.95e-06 8.85e-06 9.55e-06 1.06e-05 8.55e-06 6.3e-06 8.35e-06 8.45e-06 1.21e-05 8.3e-06 8.5e-06 7.1e-06 7.3e-06 7.6e-06 7.45e-06 1.075e-05 1.07e-05 9.45e-06 1.315e-05 1.415e-05 8.45e-06 1.06e-05 1.075e-05 8.6e-06 7.85e-06 1.01e-05 9.1e-06 7.3e-06 7.2e-06 1.045e-05 8.55e-06 7.3e-06 8.3e-06 9.5e-06 9.4e-06 9.4e-06 9.7e-06 1.065e-05 9.7e-06 1.215e-05 9.5e-06 1.345e-05 9.55e-06 9.4e-06 1.035e-05 1.32e-05 1.015e-05 1.465e-05 1.035e-05 1.07e-05 1.265e-05 8.55e-06 1.34e-05 8.85e-06 1.225e-05 7.1e-06 7.55e-06 8.4e-06 8.9e-06 8.65e-06 1.055e-05 6.85e-06 1.275e-05 1.17e-05 8.4e-06 1.125e-05 1.11e-05 8.95e-06
41 9.65e-06 8.95e-06 5.65e-06 6e-06 9.25e-06 6.45e-06 7.75e-06 8.55e-06 5.3e-06 7.8e-06 7.75e-06 3.75e-06 5.5e-06 9.8e-06 3.75e-06 1.095e-05 8.35e-06 9.55e-06 3.85e-06 4.2e-06 4.15e-06 7.25e-06 6.15e-06 4.4e-06 6.05e-06 1.025e-05 5.55e-06 1.115e-05 5.6e-06 5.6e-06 6.25e-06 5.1e-06 8.55e-06 4.3e-06 8.45e-06 5.45e-06 9.15e-06 6.2e-06 3.7e-06 3.8e-06 8.3e-06 7.1e-06 5.9e-06 4.05e-06 8.8e-06 1.21e-05 5.35e-06 3.95e-06 8.05e-06 5.5e-06 1.315e-05 1.015e-05 8.75e-06 3.7e-06 4.65e-06 4.65e-06 5.9e-06 5.9e-06 7.15e-06 7.35e-06 5.35e-06 9.05e-06 1.105e-05 1.15e-05 9.7e-06 7.25e-06 1.14e-05 4.1e-06 4.95e-06 5.85e-06 9.35e-06 1.435e-05 6.6e-06 1.155e-05 6.35e-06 7.1e-06 7.35e-06 9.75e-06 8.3e-06 9.95e-06 4.25e-06 5.65e-06 1.01e-05 6.7e-06 1.085e-05 4.35e-06 9.7e-06 9.2e-06 5.7e-06 8.45e-06 8.7e-06 6.9e-06 4.45e-06 8.8e-06 1.265e-05 7.1e-06 6.2e-06 8.35e-06 1.2e-05 6.45e-06
42 1.035e-05 1e-05 7.5e-06 6.3e-06 1e-05 8.35e-06 7.05e-06 9.65e-06 6.95e-06 9.15e-06 7.05e-06 5.85e-06 5.1e-06 1.05e-05 5.2e-06 1.13e-05 9.25e-06 1.03e-05 6.7e-06 6.9e-06 7.05e-06 8.4e-06 7.05e-06 4.95e-06 5.9e-06 1.005e-05 6.4e-06 1.06e-05 6.7e-06 7.45e-06 8.6e-06 7.4e-06 8.65e-06 6.4e-06 9.45e-06 5.95e-06 8.95e-06 6.65e-06 5.95e-06 6.05e-06 8.5e-06 5.9e-06 9.1e-06 5.2e-06 7.95e-06 1.155e-05 5.75e-06 6.85e-06 8.6e-06 7.25e-06 1.31e-05 1.015e-05 9.05e-06 6.8e-06 7.25e-06 6.3e-06 7.35e-06 8.25e-06 8.5e-06 7e-06 5.8e-06 9.45e-06 1.14e-05 1.065e-05 9.4e-06 5.85e-06 9.8e-06 6.1e-06 7.15e-06 7.9e-06 1.005e-05 1.265e-05 7.9e-06 1.01e-05 5.6e-06 8.25e-06 9.1e-06 9.95e-06 6.8e-06 1.025e-05 6.9e-06 6.05e-06 9.1e-06 7e-06 1.03e-05 6.4e-06 9.25e-06 9.05e-06 5.65e-06 9.45e-06 9.85e-06 7.45e-06 7.05e-06 9.1e-06 1.115e-05 8.9e-06 6.05e-06 6.05e-06 1.06e-05 7.6e-06
43 9.5e-06 9.6e-06 6.55e-06 4.75e-06 8.85e-06 6.9e-06 7.1e-06 9.2e-06 6.35e-06 7.15e-06 7.1e-06 3.55e-06 4.9e-06 1.01e-05 2.35e-06 1.08e-05 8.35e-06 9.55e-06 5.45e-06 5.45e-06 6.05e-06 8e-06 5.8e-06 2.5e-06 4.8e-06 9.25e-06 3.95e-06 1.04e-05 4.15e-06 5.75e-06 7.75e-06 5.8e-06 7.9e-06 4.75e-06 9.15e-06 6.75e-06 9.05e-06 5.15e-06 4.1e-06 4.2e-06 7.1e-06 4.05e-06 5.2e-06 4.3e-06 7.8e-06 1.14e-05 4.6e-06 6.1e-06 6.35e-06 4.9e-06 1.17e-05 1.02e-05 8.65e-06 6e-06 5.85e-06 4.05e-06 5.55e-06 7.45e-06 6.8e-06 6.15e-06 4.55e-06 7.75e-06 1.09e-05 1.055e-05 9e-06 7.25e-06 1.085e-05 4.1e-06 5.45e-06 6.9e-06 9.2e-06 1.38e-05 7e-06 1.14e-05 5.5e-06 6.5e-06 8.45e-06 1.02e-05 8.15e-06 1.1e-05 5.45e-06 6.85e-06 9.35e-06 5.9e-06 1.01e-05 4.75e-06 8.95e-06 7.8e-06 4.9e-06 9.1e-06 9.35e-06 7.1e-06 5.65e-06 7.6e-06 1.22e-05 7.55e-06 5.4e-06 8.4e-06 1.155e-05 7.2e-06
