 slim_337700370 slim_337700369 slim_337700315 slim_337700321 slim_337700244 slim_337700346 slim_337700158 slim_337700269 slim_337700265 slim_337700327 slim_337700203 slim_337700274 slim_337700247 slim_337700264 slim_337700174 slim_337700310 slim_337700164 slim_337700357 slim_337700189 slim_337700348 slim_337700036 slim_337700334 slim_337700317 slim_337700073 slim_337700243 slim_337700117 slim_337700304 slim_337700144 slim_337700352 slim_337700345 slim_337700318 slim_337700365 slim_337700216 slim_337700335 slim_337700343 slim_337700296 slim_337700150 slim_337700326 slim_337700355 slim_337700250 slim_337700308 slim_337700329 slim_337700347 slim_337700241 slim_337700302 slim_337700293 slim_337700263 slim_337700363 slim_337700268 slim_337700312 slim_337700238 slim_337700358 slim_337700219 slim_337700149 slim_337700328 slim_337700300 slim_337700323 slim_337700341 slim_337700101 slim_337700160 slim_337700368 slim_337700291 slim_337700232 slim_337700096 slim_337700235 slim_337700283 slim_337700217 slim_337700366 slim_337700242 slim_337700141 slim_337700137 slim_337700301 slim_337700340 slim_337700236 slim_337700256 slim_337700186 slim_337700292 slim_337700367 slim_337700195 slim_337700314 slim_337700339 slim_337700356 slim_337700307 slim_337700359 slim_337700364 slim_337700349 slim_337700319 slim_337699853 slim_337700225 slim_337700305 slim_337700075 slim_337700350 slim_337700342 slim_337700324 slim_337700351 slim_337700089 slim_337700333 slim_337700258 slim_337700322 slim_337700161
0 1.05e-05 7.45e-06 7.85e-06 8.4e-06 1.26e-05 1.11e-05 1.05e-05 1.39e-05 8e-06 9.3e-06 1.145e-05 1.22e-05 9.55e-06 1.045e-05 1.125e-05 8.55e-06 1.095e-05 1.34e-05 1.18e-05 1.11e-05 1.24e-05 1.455e-05 1.33e-05 1.165e-05 1.065e-05 1.085e-05 1.465e-05 8.7e-06 1.015e-05 8.9e-06 1.195e-05 1.23e-05 8.7e-06 8.95e-06 1.105e-05 8.35e-06 1.22e-05 8.95e-06 1.045e-05 8.45e-06 1.41e-05 8.75e-06 1.275e-05 1.41e-05 1.125e-05 8.75e-06 8.55e-06 1.39e-05 1.36e-05 1.195e-05 1.295e-05 9.55e-06 1.065e-05 1.05e-05 1.125e-05 9.95e-06 1.02e-05 1.165e-05 1.13e-05 1.055e-05 1.06e-05 1.41e-05 1.115e-05 1.225e-05 1e-05 6.8e-06 1.07e-05 1.23e-05 1.265e-05 1.005e-05 1.22e-05 1.235e-05 1.275e-05 1.175e-05 1.27e-05 1.325e-05 1.225e-05 1.24e-05 9.35e-06 9.8e-06 1.395e-05 7.4e-06 1.305e-05 1.01e-05 1.005e-05 1.21e-05 1.48e-05 7.7e-06 1.195e-05 1.215e-05 1.11e-05 1.06e-05 9.4e-06 9.3e-06 1.1e-05 1.34e-05 1.005e-05 1.38e-05 1.185e-05 1.04e-05
1 7.45e-06 3.3e-06 6.7e-06 2.3e-06 1.23e-05 7.6e-06 8.8e-06 1.4e-05 6.4e-06 5.7e-06 1.1e-05 1.16e-05 1.17e-05 9.85e-06 1.12e-05 9.95e-06 1.13e-05 1.355e-05 8.65e-06 7.6e-06 1.205e-05 1.445e-05 1.29e-05 1.085e-05 1.1e-05 1.13e-05 1.455e-05 6.2e-06 1.14e-05 8.5e-06 8.8e-06 1.065e-05 1.02e-05 5.75e-06 8.6e-06 7.85e-06 1.21e-05 6.15e-06 7.6e-06 8.5e-06 1.42e-05 1.15e-05 1.205e-05 1.425e-05 8.3e-06 6.45e-06 6.15e-06 1.39e-05 1.4e-05 1.13e-05 1.175e-05 1.035e-05 8.35e-06 8.35e-06 8.2e-06 1.155e-05 9.55e-06 1.125e-05 8.35e-06 1.22e-05 9.65e-06 1.38e-05 8.15e-06 1.23e-05 7.9e-06 8.55e-06 1.18e-05 1.165e-05 1.21e-05 7.7e-06 1.225e-05 1.185e-05 1.41e-05 8.55e-06 1.2e-05 1.35e-05 1.23e-05 1.06e-05 5.6e-06 8.4e-06 1.415e-05 7.15e-06 1.315e-05 5.15e-06 9.7e-06 1.16e-05 1.355e-05 6.3e-06 9.1e-06 1.215e-05 1.125e-05 8.25e-06 9.9e-06 9.8e-06 1.095e-05 1.36e-05 9.3e-06 1.38e-05 1.17e-05 6.8e-06
2 7.85e-06 6.7e-06 8e-06 7.55e-06 9.45e-06 9.3e-06 6e-06 1.27e-05 8.35e-06 1.015e-05 1.15e-05 8.75e-06 1.3e-05 1.245e-05 7.4e-06 8.7e-06 7.2e-06 1.185e-05 1.13e-05 9.3e-06 9.7e-06 1.415e-05 1.07e-05 1.15e-05 6.9e-06 7.25e-06 1.425e-05 5.8e-06 1.105e-05 7.05e-06 1.145e-05 9.15e-06 8.85e-06 6.1e-06 1.03e-05 8.8e-06 1.32e-05 9.5e-06 8.95e-06 6.7e-06 1.345e-05 1.055e-05 1.395e-05 1.295e-05 1.05e-05 4.35e-06 5.9e-06 1.275e-05 1.24e-05 1.185e-05 1.36e-05 8.25e-06 9.75e-06 7.85e-06 1.05e-05 1.305e-05 9.5e-06 7.4e-06 1.025e-05 1.3e-05 6.1e-06 1.265e-05 1.04e-05 9.7e-06 8.85e-06 8.8e-06 1.21e-05 1.225e-05 1.27e-05 1.03e-05 9.65e-06 1.22e-05 1.23e-05 1.06e-05 1.39e-05 1.14e-05 9.7e-06 1.13e-05 5.8e-06 7.4e-06 1.28e-05 7.75e-06 1.44e-05 7.65e-06 8.85e-06 1.305e-05 1.355e-05 1.005e-05 1.145e-05 9.15e-06 7.4e-06 9.7e-06 7.9e-06 7.8e-06 7.3e-06 1.105e-05 8.7e-06 1.265e-05 8.9e-06 5.85e-06
3 8.4e-06 2.3e-06 7.55e-06 3e-07 1.26e-05 6.6e-06 8.3e-06 1.415e-05 6.45e-06 4.95e-06 1.16e-05 1.19e-05 1.24e-05 9.95e-06 1.18e-05 1.06e-05 1.19e-05 1.36e-05 7.35e-06 6.6e-06 1.205e-05 1.39e-05 1.32e-05 1.105e-05 1.16e-05 1.205e-05 1.4e-05 5.55e-06 1.185e-05 9.1e-06 7.65e-06 1.03e-05 1.095e-05 5e-06 8.1e-06 8.45e-06 1.22e-05 5.65e-06 6.6e-06 9.1e-06 1.37e-05 1.245e-05 1.205e-05 1.44e-05 8.45e-06 7.55e-06 5.65e-06 1.36e-05 1.4e-05 1.15e-05 1.12e-05 1.095e-05 7.75e-06 8.9e-06 7.1e-06 1.165e-05 9.55e-06 1.225e-05 7.3e-06 1.23e-05 9.6e-06 1.35e-05 6.85e-06 1.23e-05 8.6e-06 9.3e-06 1.215e-05 1.2e-05 1.23e-05 7.05e-06 1.225e-05 1.135e-05 1.41e-05 7.2e-06 1.2e-05 1.38e-05 1.23e-05 1.03e-05 5.3e-06 9.4e-06 1.435e-05 7.8e-06 1.26e-05 3.3e-06 9.95e-06 1.165e-05 1.295e-05 5.65e-06 7.85e-06 1.24e-05 1.2e-05 7.7e-06 1.055e-05 1.045e-05 1.125e-05 1.405e-05 9.9e-06 1.35e-05 1.175e-05 6.45e-06
4 1.26e-05 1.23e-05 9.45e-06 1.26e-05 5.9e-06 7.85e-06 7.9e-06 1.22e-05 1.32e-05 1.355e-05 8.8e-06 9.3e-06 1.26e-05 1.42e-05 5.15e-06 1.02e-05 5.95e-06 7.3e-06 1.35e-05 7.85e-06 1.065e-05 1.285e-05 3.15e-06 1.24e-05 5.65e-06 8.5e-06 1.295e-05 9.95e-06 8.4e-06 7.3e-06 1.36e-05 9.45e-06 1.05e-05 1.015e-05 1.165e-05 1.27e-05 1.28e-05 1.3e-05 8.45e-06 8e-06 1.15e-05 8.4e-06 1.45e-05 1.245e-05 1.32e-05 9.5e-06 1.02e-05 9.4e-06 9.55e-06 1.245e-05 1.415e-05 1.16e-05 1.26e-05 7.5e-06 1.205e-05 1.295e-05 1.3e-05 8.75e-06 1.18e-05 1.225e-05 8.15e-06 9.35e-06 1.195e-05 1.08e-05 1.225e-05 1.215e-05 8.35e-06 8.7e-06 1.31e-05 1.22e-05 1.075e-05 1.27e-05 1.275e-05 1.23e-05 1.445e-05 7.75e-06 1.08e-05 5.55e-06 9.85e-06 1.085e-05 1.225e-05 1.25e-05 1.46e-05 1.065e-05 1.2e-05 1.295e-05 9.45e-06 1.28e-05 1.385e-05 1e-05 8.55e-06 1.255e-05 1.03e-05 1.02e-05 5.55e-06 7.7e-06 1.085e-05 9.3e-06 9.2e-06 8.85e-06
5 1.11e-05 7.6e-06 9.3e-06 6.6e-06 7.85e-06 1.28e-05 8.9e-06 1.365e-05 1.005e-05 9.35e-06 1e-05 1.125e-05 1.245e-05 1.2e-05 8.8e-06 1.085e-05 9.8e-06 1.04e-05 1.06e-05 6.4e-06 1.2e-05 1.365e-05 7.15e-06 1.2e-05 9.5e-06 1.115e-05 1.375e-05 8.35e-06 1.03e-05 8.3e-06 1.08e-05 1.045e-05 1.12e-05 8.2e-06 1.01e-05 1.1e-05 1.245e-05 9.45e-06 7.5e-06 9.2e-06 1.285e-05 1.075e-05 1.34e-05 1.39e-05 1.115e-05 9.25e-06 8.45e-06 1.16e-05 1.23e-05 1.215e-05 1.28e-05 1.205e-05 1.055e-05 7.55e-06 9.75e-06 1.235e-05 1.17e-05 1.135e-05 9.75e-06 1.235e-05 9.55e-06 1.155e-05 9.6e-06 1.225e-05 1.095e-05 1.115e-05 9.35e-06 9.4e-06 1.285e-05 9.7e-06 1.22e-05 1.23e-05 1.395e-05 1.01e-05 1.335e-05 1.025e-05 1.225e-05 6.85e-06 8.15e-06 1.065e-05 1.375e-05 1.05e-05 1.385e-05 7.35e-06 1.15e-05 1.24e-05 1.095e-05 9.2e-06 1.105e-05 1.195e-05 1.11e-05 1.05e-05 1.105e-05 1.095e-05 8.85e-06 1.115e-05 1.085e-05 1.15e-05 1.11e-05 8.25e-06
6 1.05e-05 8.8e-06 6e-06 8.3e-06 7.9e-06 8.9e-06 5.5e-06 1.07e-05 1.115e-05 1.08e-05 1.13e-05 6.85e-06 1.23e-05 1.455e-05 6.2e-06 8.25e-06 5.65e-06 9.7e-06 1.05e-05 8.9e-06 7.9e-06 1.13e-05 9.45e-06 1.14e-05 5.45e-06 5.7e-06 1.14e-05 5.65e-06 1.02e-05 8.7e-06 1.07e-05 5.8e-06 8.4e-06 5.95e-06 8.05e-06 1.015e-05 1.2e-05 1.135e-05 8.2e-06 8e-06 1.01e-05 1.045e-05 1.305e-05 1.095e-05 1.07e-05 6.25e-06 5.55e-06 1.045e-05 1.04e-05 1.165e-05 1.29e-05 9.05e-06 9.85e-06 9.2e-06 9.2e-06 1.225e-05 1.045e-05 6.35e-06 8.45e-06 1.15e-05 3.9e-06 1.035e-05 9.1e-06 7.8e-06 9.9e-06 1.015e-05 1.15e-05 1.195e-05 1.255e-05 9.8e-06 7.75e-06 1.125e-05 1.105e-05 9.35e-06 1.3e-05 1.035e-05 7.8e-06 1.085e-05 5.95e-06 8.7e-06 1.085e-05 1.13e-05 1.31e-05 5.5e-06 9.55e-06 1.165e-05 1.105e-05 1.06e-05 1.085e-05 7.2e-06 5.85e-06 9.8e-06 8.65e-06 8.55e-06 5.55e-06 9.15e-06 8.35e-06 1.035e-05 6.6e-06 4.85e-06
7 1.39e-05 1.4e-05 1.27e-05 1.415e-05 1.22e-05 1.365e-05 1.07e-05 1.4e-05 1.33e-05 1.385e-05 1.34e-05 9.4e-06 1.16e-05 1.235e-05 1.2e-05 1.175e-05 1.13e-05 1.08e-05 1.085e-05 1.365e-05 9.05e-06 7.65e-06 1.325e-05 9.5e-06 1.1e-05 8.95e-06 7.6e-06 1.26e-05 1.23e-05 1.395e-05 1.115e-05 8.95e-06 1.2e-05 1.27e-05 1.21e-05 1.33e-05 1.125e-05 1.33e-05 1.275e-05 1.315e-05 8.35e-06 1.28e-05 1.045e-05 7.95e-06 1.085e-05 1.245e-05 1.27e-05 9.15e-06 9.7e-06 9.65e-06 9.65e-06 1.135e-05 1.205e-05 1.38e-05 1.125e-05 1.095e-05 1.095e-05 9e-06 1.125e-05 1.045e-05 1.05e-05 9.35e-06 1.115e-05 9.3e-06 1.18e-05 1.295e-05 1.315e-05 1.39e-05 1.05e-05 1.22e-05 9e-06 1.095e-05 8.25e-06 1.085e-05 1.035e-05 1.145e-05 9.3e-06 1.385e-05 1.23e-05 1.07e-05 7.9e-06 1.36e-05 8.95e-06 1.235e-05 1.195e-05 1.09e-05 9.85e-06 1.335e-05 1.125e-05 1.015e-05 9.2e-06 1.2e-05 1.17e-05 1.16e-05 1.085e-05 1.005e-05 1.215e-05 9.2e-06 9.4e-06 1.18e-05
8 8e-06 6.4e-06 8.35e-06 6.45e-06 1.32e-05 1.005e-05 1.115e-05 1.33e-05 1.02e-05 8.9e-06 1.24e-05 1.135e-05 1.25e-05 6.2e-06 1.225e-05 1.115e-05 1.24e-05 1.24e-05 9.4e-06 1.005e-05 1.16e-05 1.175e-05 1.36e-05 9.65e-06 1.21e-05 1.245e-05 1.185e-05 8.5e-06 1.245e-05 9.25e-06 9.6e-06 1.3e-05 1.14e-05 8.6e-06 1.15e-05 9.55e-06 1.17e-05 6.3e-06 1e-05 9.25e-06 1.135e-05 1.185e-05 1.19e-05 1.355e-05 9.45e-06 8.95e-06 8.4e-06 1.3e-05 1.3e-05 1.02e-05 8.7e-06 1.11e-05 1.06e-05 1.01e-05 8.9e-06 1.05e-05 8.75e-06 1.3e-05 8.35e-06 1.115e-05 1.14e-05 1.305e-05 8.8e-06 1.16e-05 1.05e-05 9.55e-06 1.26e-05 1.31e-05 9.6e-06 1.005e-05 1.155e-05 1.2e-05 1.19e-05 9.35e-06 1.185e-05 1.41e-05 1.16e-05 1.165e-05 8.9e-06 1.03e-05 1.345e-05 5.65e-06 1.02e-05 9e-06 8.85e-06 1.13e-05 1.29e-05 8.7e-06 9.55e-06 1.16e-05 1.26e-05 1.055e-05 8.5e-06 8.4e-06 1.215e-05 1.33e-05 1.125e-05 1.29e-05 1.11e-05 1.005e-05
9 9.3e-06 5.7e-06 1.015e-05 4.95e-06 1.355e-05 9.35e-06 1.08e-05 1.385e-05 8.9e-06 9.7e-06 9.55e-06 1.305e-05 1.105e-05 1.1e-05 1.315e-05 1.08e-05 1.325e-05 1.42e-05 1e-05 9.35e-06 1.33e-05 1.44e-05 1.4e-05 1.125e-05 1.295e-05 1.24e-05 1.45e-05 8.75e-06 1.165e-05 1.115e-05 1.025e-05 1.125e-05 1.115e-05 8.3e-06 7.2e-06 7.2e-06 1.025e-05 8.45e-06 9.35e-06 1.115e-05 1.41e-05 1.21e-05 9.9e-06 1.41e-05 1.08e-05 1.01e-05 8.85e-06 1.43e-05 1.47e-05 1.145e-05 1.23e-05 1.155e-05 9.45e-06 1.09e-05 9.6e-06 1.12e-05 1.15e-05 1.26e-05 9.65e-06 1.175e-05 1.15e-05 1.425e-05 9.45e-06 1.355e-05 1.005e-05 9.75e-06 1.18e-05 1.025e-05 1.31e-05 8.7e-06 1.35e-05 1.045e-05 1.47e-05 9.85e-06 9.85e-06 1.36e-05 1.355e-05 1.145e-05 8.55e-06 1.04e-05 1.405e-05 9.95e-06 1.32e-05 7.2e-06 1.19e-05 9.4e-06 1.37e-05 7.25e-06 1.04e-05 1.365e-05 1.235e-05 9.4e-06 1.2e-05 1.19e-05 1.26e-05 1.475e-05 8.4e-06 1.42e-05 1.29e-05 9.55e-06
10 1.145e-05 1.1e-05 1.15e-05 1.16e-05 8.8e-06 1e-05 1.13e-05 1.34e-05 1.24e-05 9.55e-06 1.51e-05 1.245e-05 1.205e-05 1.295e-05 9.45e-06 1.135e-05 1.06e-05 1.065e-05 1.36e-05 1e-05 1.325e-05 1.45e-05 8.1e-06 1.225e-05 1.03e-05 1.11e-05 1.46e-05 1.145e-05 1.105e-05 9.55e-06 1.38e-05 1.145e-05 1.165e-05 1.145e-05 9.55e-06 9.6e-06 1.115e-05 1.215e-05 1.095e-05 1.06e-05 1.36e-05 9.75e-06 1.155e-05 1.365e-05 1.36e-05 1.155e-05 1.155e-05 1.3e-05 1.28e-05 1.215e-05 1.425e-05 1.22e-05 1.225e-05 1.01e-05 1.26e-05 1.255e-05 1.355e-05 1.145e-05 1.245e-05 1.245e-05 1.145e-05 1.3e-05 1.25e-05 1.34e-05 1.21e-05 1.175e-05 1.015e-05 8.65e-06 1.37e-05 1.2e-05 1.335e-05 1.145e-05 1.445e-05 1.305e-05 1.155e-05 1.055e-05 1.34e-05 8.6e-06 1.145e-05 1.14e-05 1.355e-05 1.21e-05 1.48e-05 1.155e-05 1.315e-05 1.05e-05 1.18e-05 1.145e-05 1.395e-05 1.3e-05 1.115e-05 1.22e-05 1.195e-05 1.185e-05 1.055e-05 1.225e-05 9.3e-06 1.29e-05 1.225e-05 1.14e-05
11 1.22e-05 1.16e-05 8.75e-06 1.19e-05 9.3e-06 1.125e-05 6.85e-06 9.4e-06 1.135e-05 1.305e-05 1.245e-05 1.09e-05 1.18e-05 1.145e-05 8.5e-06 9.35e-06 7.8e-06 8.15e-06 1.075e-05 1.125e-05 7.8e-06 7.5e-06 1.07e-05 1.005e-05 7.5e-06 7.75e-06 7.6e-06 9.25e-06 1.055e-05 1.12e-05 1.095e-05 8.35e-06 9.6e-06 9.35e-06 1.08e-05 1.22e-05 1.02e-05 1.17e-05 1e-05 1.04e-05 5.6e-06 1.115e-05 1.195e-05 9.65e-06 1.055e-05 8.25e-06 9.6e-06 8.9e-06 9.45e-06 1.025e-05 9.7e-06 1.115e-05 1.215e-05 1.08e-05 8.75e-06 9.7e-06 1.07e-05 7.55e-06 9.15e-06 8.9e-06 6.2e-06 9.35e-06 8.65e-06 8.05e-06 1.18e-05 1.135e-05 1.17e-05 1.3e-05 9.7e-06 1.145e-05 8e-06 1.095e-05 9.5e-06 9.5e-06 1.19e-05 1.14e-05 8.05e-06 1.185e-05 8.7e-06 1e-05 9.55e-06 1.165e-05 9.65e-06 9.6e-06 9.9e-06 9.85e-06 1e-05 1.205e-05 1.11e-05 7.35e-06 7.7e-06 1.21e-05 9e-06 8.9e-06 7e-06 8.5e-06 1.025e-05 8.8e-06 5.75e-06 7.65e-06
12 9.55e-06 1.17e-05 1.3e-05 1.24e-05 1.26e-05 1.245e-05 1.23e-05 1.16e-05 1.25e-05 1.105e-05 1.205e-05 1.18e-05 7.1e-06 1.235e-05 1.345e-05 8.05e-06 1.22e-05 1.275e-05 1.165e-05 1.245e-05 1.155e-05 1.09e-05 1.35e-05 1.2e-05 1.19e-05 1.24e-05 1.1e-05 1.26e-05 7.7e-06 1.38e-05 1.17e-05 1.225e-05 8.45e-06 1.25e-05 1.09e-05 1.09e-05 9.85e-06 1.25e-05 1.135e-05 1.245e-05 1.11e-05 9.8e-06 1.035e-05 1.18e-05 1.16e-05 1.29e-05 1.27e-05 1.065e-05 1.14e-05 1.215e-05 1.165e-05 1.21e-05 1.24e-05 1.29e-05 1.175e-05 7.1e-06 1.21e-05 1.26e-05 1.19e-05 7.25e-06 1.2e-05 1.035e-05 1.165e-05 1.18e-05 1.235e-05 8.05e-06 8.25e-06 1.08e-05 1.165e-05 7.85e-06 1.175e-05 1.12e-05 1.03e-05 1.21e-05 1.03e-05 1.235e-05 1.18e-05 1.255e-05 1.245e-05 1.27e-05 1.155e-05 1.295e-05 1.04e-05 1.22e-05 1.235e-05 1.035e-05 1.23e-05 7.9e-06 1.2e-05 1.195e-05 1.23e-05 1.235e-05 1.265e-05 1.255e-05 1.12e-05 1.045e-05 1.11e-05 1.055e-05 1.165e-05 1.295e-05
13 1.045e-05 9.85e-06 1.245e-05 9.95e-06 1.42e-05 1.2e-05 1.455e-05 1.235e-05 6.2e-06 1.1e-05 1.295e-05 1.145e-05 1.235e-05 2.6e-06 1.42e-05 1.275e-05 1.46e-05 1.105e-05 9.75e-06 1.2e-05 1.19e-05 8.8e-06 1.4e-05 8.75e-06 1.43e-05 1.475e-05 8.9e-06 1.23e-05 1.315e-05 1.19e-05 9.95e-06 1.5e-05 1.305e-05 1.21e-05 1.34e-05 1.175e-05 1.05e-05 5.65e-06 1.22e-05 1.22e-05 8.25e-06 1.205e-05 1.085e-05 1.26e-05 9.8e-06 1.25e-05 1.24e-05 1.205e-05 1.21e-05 8.2e-06 5.95e-06 1.35e-05 1.29e-05 1.22e-05 9.1e-06 8.85e-06 9.8e-06 1.51e-05 8.55e-06 9.5e-06 1.455e-05 1.225e-05 9e-06 1.205e-05 1.28e-05 1.13e-05 1.27e-05 1.365e-05 6.25e-06 1.175e-05 1.2e-05 1.145e-05 1.075e-05 9.7e-06 1.08e-05 1.485e-05 1.205e-05 1.22e-05 1.23e-05 1.265e-05 1.25e-05 5.7e-06 7.05e-06 1.23e-05 9.9e-06 1.01e-05 1.175e-05 1.035e-05 1.01e-05 1.195e-05 1.48e-05 1.285e-05 7.95e-06 7.85e-06 1.43e-05 1.295e-05 1.33e-05 1.195e-05 1.125e-05 1.345e-05
14 1.125e-05 1.12e-05 7.4e-06 1.18e-05 5.15e-06 8.8e-06 6.2e-06 1.2e-05 1.225e-05 1.315e-05 9.45e-06 8.5e-06 1.345e-05 1.42e-05 8.5e-06 9.5e-06 5.35e-06 8.1e-06 1.32e-05 8.8e-06 9.6e-06 1.31e-05 5.15e-06 1.225e-05 5.15e-06 6.9e-06 1.32e-05 8.25e-06 1.03e-05 6.85e-06 1.335e-05 8.75e-06 9.55e-06 8.4e-06 1.125e-05 1.15e-05 1.325e-05 1.245e-05 9.4e-06 7.55e-06 1.18e-05 8.6e-06 1.46e-05 1.225e-05 1.265e-05 7.5e-06 8.7e-06 1.085e-05 1.03e-05 1.23e-05 1.44e-05 9.9e-06 1.17e-05 7.8e-06 1.18e-05 1.355e-05 1.2e-05 7.5e-06 1.155e-05 1.285e-05 6.15e-06 1.08e-05 1.17e-05 9.6e-06 1.105e-05 1.135e-05 1.015e-05 1.035e-05 1.305e-05 1.22e-05 9.55e-06 1.25e-05 1.22e-05 1.21e-05 1.455e-05 8.6e-06 9.6e-06 7.85e-06 8.5e-06 9.5e-06 1.21e-05 1.125e-05 1.485e-05 9.85e-06 1.08e-05 1.31e-05 1.05e-05 1.285e-05 1.355e-05 8.55e-06 6.9e-06 1.165e-05 8.85e-06 8.75e-06 5.75e-06 8.85e-06 9.7e-06 1.075e-05 8.2e-06 7.45e-06
15 8.55e-06 9.95e-06 8.7e-06 1.06e-05 1.02e-05 1.085e-05 8.25e-06 1.175e-05 1.115e-05 1.08e-05 1.135e-05 9.35e-06 8.05e-06 1.275e-05 9.5e-06 1.33e-05 8.8e-06 1.145e-05 1.195e-05 1.085e-05 9.95e-06 1.215e-05 1.145e-05 1.14e-05 8.3e-06 8.75e-06 1.225e-05 9.1e-06 8.15e-06 1.065e-05 1.205e-05 9.75e-06 7.35e-06 9e-06 1.01e-05 9.65e-06 1.085e-05 1.15e-05 9.85e-06 9.85e-06 1.12e-05 9.1e-06 1.22e-05 1.195e-05 1.165e-05 8.6e-06 9.45e-06 1.125e-05 1.18e-05 1.16e-05 1.27e-05 9.95e-06 1.125e-05 1.04e-05 1.09e-05 8.95e-06 1.15e-05 9.05e-06 1.09e-05 8.85e-06 7.65e-06 1.145e-05 1.08e-05 1.04e-05 1.09e-05 7.65e-06 8.95e-06 1.105e-05 1.235e-05 9.9e-06 1.035e-05 1.16e-05 1.17e-05 1.135e-05 1.215e-05 1.14e-05 1.04e-05 1.16e-05 9.05e-06 9.85e-06 1.175e-05 1.105e-05 1.22e-05 9.85e-06 1.105e-05 1.105e-05 1.275e-05 8.55e-06 1.23e-05 9.85e-06 8.65e-06 1.12e-05 9.95e-06 9.85e-06 7.8e-06 1.055e-05 8.95e-06 1.115e-05 8.9e-06 9e-06
16 1.095e-05 1.13e-05 7.2e-06 1.19e-05 5.95e-06 9.8e-06 5.65e-06 1.13e-05 1.24e-05 1.325e-05 1.06e-05 7.8e-06 1.22e-05 1.46e-05 5.35e-06 8.8e-06 7.3e-06 8.8e-06 1.285e-05 9.8e-06 8.9e-06 1.23e-05 7.2e-06 1.2e-05 3.85e-06 6.35e-06 1.24e-05 8.05e-06 9.65e-06 8.05e-06 1.3e-05 8.15e-06 8.95e-06 8.25e-06 1.1e-05 1.13e-05 1.29e-05 1.27e-05 9.05e-06 6.65e-06 1.1e-05 8.9e-06 1.425e-05 1.155e-05 1.23e-05 7.25e-06 8.5e-06 1.005e-05 8.8e-06 1.22e-05 1.405e-05 9.4e-06 1.15e-05 8.8e-06 1.145e-05 1.275e-05 1.17e-05 6.9e-06 1.13e-05 1.205e-05 5.5e-06 9.45e-06 1.135e-05 8.95e-06 1.085e-05 1.07e-05 1.07e-05 1.15e-05 1.23e-05 1.14e-05 8.9e-06 1.16e-05 1.145e-05 1.175e-05 1.42e-05 9.3e-06 8.95e-06 9.55e-06 8.25e-06 9.25e-06 1.14e-05 1.155e-05 1.405e-05 9.6e-06 9.95e-06 1.275e-05 1.12e-05 1.25e-05 1.32e-05 7.4e-06 6.4e-06 1.145e-05 8.8e-06 8.7e-06 5.05e-06 6.95e-06 9.45e-06 9.95e-06 7.5e-06 7.2e-06
17 1.34e-05 1.355e-05 1.185e-05 1.36e-05 7.3e-06 1.04e-05 9.7e-06 1.08e-05 1.24e-05 1.42e-05 1.065e-05 8.15e-06 1.275e-05 1.105e-05 8.1e-06 1.145e-05 8.8e-06 1.27e-05 1.215e-05 1.04e-05 1.005e-05 8.5e-06 6.9e-06 1.1e-05 8.5e-06 1.02e-05 8.6e-06 1.17e-05 1.1e-05 1.005e-05 1.235e-05 1.045e-05 1.175e-05 1.19e-05 1.235e-05 1.39e-05 1.1e-05 1.225e-05 1.045e-05 1.065e-05 6.35e-06 9.95e-06 1.28e-05 1.105e-05 1.22e-05 1.19e-05 1.18e-05 9.05e-06 9.3e-06 1.1e-05 1.04e-05 1.32e-05 1.365e-05 1.06e-05 1.005e-05 1.05e-05 1.22e-05 1.055e-05 1.05e-05 9.75e-06 9.3e-06 9.55e-06 9.95e-06 1.02e-05 1.355e-05 1.32e-05 1.04e-05 1.145e-05 1.03e-05 1.285e-05 1.015e-05 1.195e-05 1.075e-05 1.105e-05 1.275e-05 1.035e-05 1.02e-05 8.6e-06 1.17e-05 1.235e-05 1.095e-05 1.23e-05 1.06e-05 1.17e-05 1.135e-05 1.06e-05 8.65e-06 1.33e-05 1.25e-05 9.55e-06 1.025e-05 1.36e-05 1.03e-05 1.02e-05 8.3e-06 8.85e-06 1.225e-05 8.95e-06 7.95e-06 1.07e-05
18 1.18e-05 8.65e-06 1.13e-05 7.35e-06 1.35e-05 1.06e-05 1.05e-05 1.085e-05 9.4e-06 1e-05 1.36e-05 1.075e-05 1.165e-05 9.75e-06 1.32e-05 1.195e-05 1.285e-05 1.215e-05 1.43e-05 1.06e-05 9.65e-06 8.6e-06 1.43e-05 1.11e-05 1.255e-05 1.29e-05 8.7e-06 9.8e-06 1.27e-05 1.255e-05 7.9e-06 1.165e-05 1.23e-05 9.65e-06 1.09e-05 1.185e-05 1.165e-05 9e-06 1.01e-05 1.21e-05 9.7e-06 1.35e-05 1.02e-05 1.115e-05 8.5e-06 1.125e-05 9.9e-06 1.035e-05 1.05e-05 1.14e-05 8.3e-06 1.24e-05 1.07e-05 1.23e-05 8.55e-06 1.06e-05 9.15e-06 1.31e-05 8.7e-06 1.08e-05 1.09e-05 1.025e-05 8.4e-06 9.9e-06 1.135e-05 1.175e-05 1.32e-05 1.4e-05 1.055e-05 9.25e-06 9.8e-06 1.165e-05 9.1e-06 8.1e-06 1.015e-05 1.385e-05 9.9e-06 1.255e-05 9.6e-06 1.225e-05 1.115e-05 1.06e-05 8.3e-06 8.25e-06 1.07e-05 1.11e-05 1.02e-05 9.6e-06 8e-06 1.13e-05 1.285e-05 1.065e-05 1.13e-05 1.12e-05 1.215e-05 1.245e-05 1.22e-05 1.025e-05 1.06e-05 1.02e-05
19 1.11e-05 7.6e-06 9.3e-06 6.6e-06 7.85e-06 6.4e-06 8.9e-06 1.365e-05 1.005e-05 9.35e-06 1e-05 1.125e-05 1.245e-05 1.2e-05 8.8e-06 1.085e-05 9.8e-06 1.04e-05 1.06e-05 1.28e-05 1.2e-05 1.365e-05 7.15e-06 1.2e-05 9.5e-06 1.115e-05 1.375e-05 8.35e-06 1.03e-05 8.3e-06 1.08e-05 1.045e-05 1.12e-05 8.2e-06 1.01e-05 1.1e-05 1.245e-05 9.45e-06 7.5e-06 9.2e-06 1.285e-05 1.075e-05 1.34e-05 1.39e-05 1.115e-05 9.25e-06 8.45e-06 1.16e-05 1.23e-05 1.215e-05 1.28e-05 1.205e-05 1.055e-05 7.55e-06 9.75e-06 1.235e-05 1.17e-05 1.135e-05 9.75e-06 1.235e-05 9.55e-06 1.155e-05 9.6e-06 1.225e-05 1.095e-05 1.115e-05 9.35e-06 9.4e-06 1.285e-05 9.7e-06 1.22e-05 1.23e-05 1.395e-05 1.01e-05 1.335e-05 1.025e-05 1.225e-05 6.85e-06 8.15e-06 1.065e-05 1.375e-05 1.05e-05 1.385e-05 7.35e-06 1.15e-05 1.24e-05 1.095e-05 9.2e-06 1.105e-05 1.195e-05 1.11e-05 1.05e-05 1.105e-05 1.095e-05 8.85e-06 1.115e-05 1.085e-05 1.15e-05 1.11e-05 8.25e-06
20 1.24e-05 1.205e-05 9.7e-06 1.205e-05 1.065e-05 1.2e-05 7.9e-06 9.05e-06 1.16e-05 1.33e-05 1.325e-05 7.8e-06 1.155e-05 1.19e-05 9.6e-06 9.95e-06 8.9e-06 1.005e-05 9.65e-06 1.2e-05 1.32e-05 7.6e-06 1.2e-05 1.115e-05 8.4e-06 9.05e-06 7.7e-06 9.8e-06 1.16e-05 1.18e-05 9.9e-06 9.75e-06 1.045e-05 9.9e-06 1.155e-05 1.235e-05 1.165e-05 1.195e-05 1.115e-05 1.1e-05 8.15e-06 1.205e-05 1.095e-05 9e-06 9.75e-06 9.6e-06 1.015e-05 8.8e-06 8.9e-06 1.135e-05 9.45e-06 1.065e-05 1.175e-05 1.185e-05 1.01e-05 1.1e-05 9.5e-06 9.35e-06 1e-05 1.05e-05 7.35e-06 8.7e-06 1e-05 7.05e-06 1.165e-05 1.17e-05 1.27e-05 1.38e-05 1.055e-05 1.095e-05 7.3e-06 1.165e-05 7.05e-06 9.4e-06 1.09e-05 1.16e-05 7.05e-06 1.28e-05 9.75e-06 1.12e-05 9.25e-06 1.18e-05 8.85e-06 1.025e-05 1.02e-05 1.13e-05 9.55e-06 1.245e-05 9.7e-06 8.15e-06 9e-06 1.17e-05 9.65e-06 9.55e-06 8.35e-06 9.6e-06 1.07e-05 8.7e-06 7.35e-06 9.25e-06
21 1.455e-05 1.445e-05 1.415e-05 1.39e-05 1.285e-05 1.365e-05 1.13e-05 7.65e-06 1.175e-05 1.44e-05 1.45e-05 7.5e-06 1.09e-05 8.8e-06 1.31e-05 1.215e-05 1.23e-05 8.5e-06 8.6e-06 1.365e-05 7.6e-06 5.5e-06 1.38e-05 9.95e-06 1.2e-05 1.225e-05 2.9e-06 1.315e-05 1.235e-05 1.5e-05 8.95e-06 1.15e-05 1.25e-05 1.325e-05 1.27e-05 1.475e-05 9.45e-06 1.18e-05 1.225e-05 1.41e-05 2.9e-06 1.325e-05 9e-06 8.15e-06 9.35e-06 1.405e-05 1.325e-05 6.8e-06 7.9e-06 1.01e-05 5.3e-06 1.39e-05 1.37e-05 1.47e-05 8.4e-06 8e-06 9.4e-06 1.245e-05 9e-06 7.45e-06 1.055e-05 7.3e-06 8.3e-06 7.85e-06 1.415e-05 1.355e-05 1.3e-05 1.495e-05 7.85e-06 1.165e-05 7.55e-06 1.115e-05 5.75e-06 8.6e-06 8.85e-06 1.335e-05 7.85e-06 1.36e-05 1.3e-05 1.41e-05 8.15e-06 1.285e-05 4.35e-06 1.215e-05 1.075e-05 8.85e-06 7.5e-06 1.295e-05 9e-06 9e-06 1.22e-05 1.365e-05 1.1e-05 1.09e-05 1.115e-05 9.65e-06 1.35e-05 6.65e-06 7.35e-06 1.25e-05
22 1.33e-05 1.29e-05 1.07e-05 1.32e-05 3.15e-06 7.15e-06 9.45e-06 1.325e-05 1.36e-05 1.4e-05 8.1e-06 1.07e-05 1.35e-05 1.4e-05 5.15e-06 1.145e-05 7.2e-06 6.9e-06 1.43e-05 7.15e-06 1.2e-05 1.38e-05 2.5e-06 1.305e-05 6.9e-06 9.9e-06 1.39e-05 1.11e-05 9.75e-06 6.75e-06 1.44e-05 1.07e-05 1.175e-05 1.13e-05 1.25e-05 1.35e-05 1.34e-05 1.32e-05 9.2e-06 8.7e-06 1.24e-05 8.45e-06 1.515e-05 1.35e-05 1.4e-05 1.075e-05 1.12e-05 1.035e-05 1.045e-05 1.29e-05 1.48e-05 1.275e-05 1.34e-05 6.8e-06 1.28e-05 1.375e-05 1.38e-05 1.025e-05 1.26e-05 1.31e-05 9.55e-06 1.035e-05 1.27e-05 1.215e-05 1.305e-05 1.32e-05 7.75e-06 7.8e-06 1.35e-05 1.3e-05 1.21e-05 1.335e-05 1.375e-05 1.325e-05 1.51e-05 7.25e-06 1.215e-05 4e-06 1.11e-05 1.17e-05 1.33e-05 1.27e-05 1.55e-05 1.165e-05 1.28e-05 1.355e-05 9.1e-06 1.35e-05 1.465e-05 1.135e-05 9.95e-06 1.335e-05 1.105e-05 1.095e-05 6.85e-06 8.7e-06 1.185e-05 1.025e-05 1.05e-05 1.015e-05
23 1.165e-05 1.085e-05 1.15e-05 1.105e-05 1.24e-05 1.2e-05 1.14e-05 9.5e-06 9.65e-06 1.125e-05 1.225e-05 1.005e-05 1.2e-05 8.75e-06 1.225e-05 1.14e-05 1.2e-05 1.1e-05 1.11e-05 1.2e-05 1.115e-05 9.95e-06 1.305e-05 1.54e-05 1.17e-05 9.65e-06 1.005e-05 1.14e-05 1.19e-05 1.23e-05 1.13e-05 9.6e-06 1.165e-05 1.13e-05 1.14e-05 1.15e-05 1.055e-05 1e-05 1.155e-05 1.195e-05 8.95e-06 1.2e-05 1.135e-05 1.005e-05 1.1e-05 1.125e-05 1.15e-05 1.165e-05 1.185e-05 8.1e-06 9.15e-06 1.145e-05 1.135e-05 1.215e-05 1e-05 1.01e-05 1.14e-05 9.7e-06 9.5e-06 1.005e-05 1.145e-05 1.18e-05 9.9e-06 1.14e-05 1.11e-05 1.15e-05 1.235e-05 1.28e-05 9.25e-06 1.175e-05 1.135e-05 1.055e-05 1.16e-05 1.05e-05 1.13e-05 1.22e-05 1.14e-05 1.245e-05 1.11e-05 9.5e-06 9.95e-06 1.03e-05 1e-05 1.115e-05 1.105e-05 1.015e-05 1.185e-05 1.11e-05 1.145e-05 1.095e-05 9.9e-06 1.13e-05 1.03e-05 1.02e-05 1.155e-05 1.115e-05 1.145e-05 1.155e-05 1.005e-05 1.115e-05
24 1.065e-05 1.1e-05 6.9e-06 1.16e-05 5.65e-06 9.5e-06 5.45e-06 1.1e-05 1.21e-05 1.295e-05 1.03e-05 7.5e-06 1.19e-05 1.43e-05 5.15e-06 8.3e-06 3.85e-06 8.5e-06 1.255e-05 9.5e-06 8.4e-06 1.2e-05 6.9e-06 1.17e-05 6.7e-06 6.15e-06 1.21e-05 7.85e-06 9.35e-06 7.75e-06 1.27e-05 7.85e-06 8.75e-06 8.05e-06 1.07e-05 1.1e-05 1.26e-05 1.24e-05 8.75e-06 6.35e-06 1.07e-05 8.7e-06 1.395e-05 1.125e-05 1.2e-05 6.95e-06 8.2e-06 9.75e-06 8.6e-06 1.19e-05 1.375e-05 9.1e-06 1.12e-05 8.5e-06 1.115e-05 1.245e-05 1.14e-05 6.6e-06 1.1e-05 1.175e-05 5.15e-06 9.15e-06 1.105e-05 8.75e-06 1.055e-05 1.04e-05 1.04e-05 1.12e-05 1.2e-05 1.11e-05 8.7e-06 1.13e-05 1.115e-05 1.145e-05 1.39e-05 9e-06 8.75e-06 9.25e-06 7.95e-06 8.95e-06 1.11e-05 1.125e-05 1.375e-05 9.3e-06 9.65e-06 1.245e-05 1.09e-05 1.22e-05 1.29e-05 7.2e-06 6.2e-06 1.115e-05 8.6e-06 8.5e-06 4.55e-06 6.65e-06 8.95e-06 9.65e-06 7e-06 6.95e-06
25 1.085e-05 1.13e-05 7.25e-06 1.205e-05 8.5e-06 1.115e-05 5.7e-06 8.95e-06 1.245e-05 1.24e-05 1.11e-05 7.75e-06 1.24e-05 1.475e-05 6.9e-06 8.75e-06 6.35e-06 1.02e-05 1.29e-05 1.115e-05 9.05e-06 1.225e-05 9.9e-06 9.65e-06 6.15e-06 8e-06 1.235e-05 8.1e-06 1.05e-05 9.55e-06 1.305e-05 5.85e-06 8.8e-06 8.45e-06 1.01e-05 1.03e-05 1.195e-05 1.295e-05 1.04e-05 8.85e-06 1.095e-05 1.01e-05 1.33e-05 9.5e-06 1.22e-05 7.25e-06 8.6e-06 1.13e-05 1.1e-05 9.85e-06 1.395e-05 8.05e-06 1.03e-05 1.01e-05 1.15e-05 1.255e-05 1.175e-05 4.55e-06 1.13e-05 1.18e-05 5.75e-06 1.13e-05 1.14e-05 8.9e-06 9.5e-06 1.035e-05 1.175e-05 1.185e-05 1.24e-05 1.19e-05 8.9e-06 1.08e-05 1.155e-05 1.175e-05 1.325e-05 9.3e-06 8.95e-06 1.2e-05 8.3e-06 6.95e-06 9.35e-06 1.18e-05 1.41e-05 9.7e-06 1.06e-05 1.18e-05 1.24e-05 1.235e-05 1.325e-05 8.1e-06 4.5e-06 1.025e-05 8.95e-06 8.9e-06 6.5e-06 8.95e-06 8.7e-06 1.12e-05 7.65e-06 7.2e-06
26 1.465e-05 1.455e-05 1.425e-05 1.4e-05 1.295e-05 1.375e-05 1.14e-05 7.6e-06 1.185e-05 1.45e-05 1.46e-05 7.6e-06 1.1e-05 8.9e-06 1.32e-05 1.225e-05 1.24e-05 8.6e-06 8.7e-06 1.375e-05 7.7e-06 2.9e-06 1.39e-05 1.005e-05 1.21e-05 1.235e-05 5.7e-06 1.325e-05 1.245e-05 1.51e-05 9.05e-06 1.16e-05 1.26e-05 1.335e-05 1.28e-05 1.485e-05 9.55e-06 1.19e-05 1.235e-05 1.42e-05 3e-06 1.335e-05 9.1e-06 8.25e-06 9.45e-06 1.415e-05 1.335e-05 6.75e-06 8e-06 1.02e-05 5.4e-06 1.4e-05 1.38e-05 1.48e-05 8.5e-06 8.1e-06 9.55e-06 1.255e-05 9.1e-06 7.55e-06 1.065e-05 7.4e-06 8.4e-06 7.95e-06 1.425e-05 1.365e-05 1.31e-05 1.505e-05 7.95e-06 1.175e-05 7.65e-06 1.125e-05 5.85e-06 8.7e-06 9e-06 1.345e-05 7.95e-06 1.37e-05 1.31e-05 1.42e-05 8.25e-06 1.295e-05 4.5e-06 1.225e-05 1.085e-05 8.95e-06 7.45e-06 1.305e-05 9.1e-06 9.1e-06 1.23e-05 1.375e-05 1.11e-05 1.1e-05 1.125e-05 9.75e-06 1.36e-05 6.8e-06 7.45e-06 1.26e-05
27 8.7e-06 6.2e-06 5.8e-06 5.55e-06 9.95e-06 8.35e-06 5.65e-06 1.26e-05 8.5e-06 8.75e-06 1.145e-05 9.25e-06 1.26e-05 1.23e-05 8.25e-06 9.1e-06 8.05e-06 1.17e-05 9.8e-06 8.35e-06 9.8e-06 1.315e-05 1.11e-05 1.14e-05 7.85e-06 8.1e-06 1.325e-05 1.04e-05 1.105e-05 8.1e-06 1e-05 8.7e-06 9.25e-06 5.6e-06 9.05e-06 9e-06 1.25e-05 8.85e-06 8e-06 7.75e-06 1.245e-05 1.095e-05 1.305e-05 1.285e-05 1.005e-05 6.25e-06 5.75e-06 1.23e-05 1.225e-05 1.175e-05 1.26e-05 9.25e-06 9.15e-06 8.8e-06 9e-06 1.235e-05 9.7e-06 8.8e-06 8.9e-06 1.23e-05 6.3e-06 1.22e-05 8.9e-06 9.65e-06 9.25e-06 9.3e-06 1.195e-05 1.21e-05 1.26e-05 9.1e-06 9.65e-06 1.165e-05 1.24e-05 9.2e-06 1.3e-05 1.185e-05 9.7e-06 1.085e-05 5.8e-06 8.7e-06 1.275e-05 8.75e-06 1.34e-05 5.8e-06 9.3e-06 1.215e-05 1.255e-05 8.85e-06 9.9e-06 9.4e-06 8.3e-06 9.1e-06 8.7e-06 8.65e-06 7.95e-06 1.15e-05 8.9e-06 1.22e-05 9e-06 5.8e-06
28 1.015e-05 1.14e-05 1.105e-05 1.185e-05 8.4e-06 1.03e-05 1.02e-05 1.23e-05 1.245e-05 1.165e-05 1.105e-05 1.055e-05 7.7e-06 1.315e-05 1.03e-05 8.15e-06 9.65e-06 1.1e-05 1.27e-05 1.03e-05 1.16e-05 1.235e-05 9.75e-06 1.19e-05 9.35e-06 1.05e-05 1.245e-05 1.105e-05 1.24e-05 1.135e-05 1.275e-05 1.08e-05 8.15e-06 1.095e-05 1.095e-05 1.12e-05 1.085e-05 1.245e-05 9.35e-06 1.06e-05 1.135e-05 9e-06 1.255e-05 1.25e-05 1.255e-05 1.09e-05 1.13e-05 1.025e-05 1.145e-05 1.21e-05 1.29e-05 1.19e-05 1.25e-05 1.04e-05 1.16e-05 8.85e-06 1.285e-05 1.06e-05 1.16e-05 8.75e-06 1.005e-05 1.045e-05 1.15e-05 1.185e-05 1.235e-05 8.6e-06 7.75e-06 9.8e-06 1.275e-05 1.035e-05 1.18e-05 1.215e-05 1.26e-05 1.205e-05 1.25e-05 1.085e-05 1.185e-05 9.7e-06 1.08e-05 1.145e-05 1.225e-05 1.26e-05 1.24e-05 1.11e-05 1.255e-05 1.135e-05 1.21e-05 9e-06 1.305e-05 1.145e-05 1.04e-05 1.245e-05 1.16e-05 1.15e-05 8.2e-06 9.75e-06 1.07e-05 1.015e-05 1.05e-05 1.075e-05
29 8.9e-06 8.5e-06 7.05e-06 9.1e-06 7.3e-06 8.3e-06 8.7e-06 1.395e-05 9.25e-06 1.115e-05 9.55e-06 1.12e-05 1.38e-05 1.19e-05 6.85e-06 1.065e-05 8.05e-06 1.005e-05 1.255e-05 8.3e-06 1.18e-05 1.5e-05 6.75e-06 1.23e-05 7.75e-06 9.55e-06 1.51e-05 8.1e-06 1.135e-05 1.15e-05 1.27e-05 1.11e-05 1.085e-05 8.5e-06 1.17e-05 1.035e-05 1.38e-05 9.9e-06 9.25e-06 6.8e-06 1.42e-05 9.2e-06 1.465e-05 1.42e-05 1.2e-05 7.85e-06 7.95e-06 1.275e-05 1.21e-05 1.245e-05 1.415e-05 1.015e-05 1.11e-05 7.5e-06 1.165e-05 1.37e-05 1.085e-05 1.025e-05 1.145e-05 1.37e-05 9.05e-06 1.27e-05 1.155e-05 1.17e-05 1.045e-05 1.05e-05 1.065e-05 1.055e-05 1.315e-05 1.155e-05 1.165e-05 1.305e-05 1.34e-05 1.2e-05 1.46e-05 1.02e-05 1.17e-05 7.9e-06 8.65e-06 9.6e-06 1.405e-05 8.25e-06 1.52e-05 9.6e-06 1.015e-05 1.365e-05 1.205e-05 1.115e-05 1.27e-05 1.12e-05 9.8e-06 1.105e-05 9.05e-06 8.95e-06 8.45e-06 1.125e-05 1.055e-05 1.265e-05 1.09e-05 8.75e-06
30 1.195e-05 8.8e-06 1.145e-05 7.65e-06 1.36e-05 1.08e-05 1.07e-05 1.115e-05 9.6e-06 1.025e-05 1.38e-05 1.095e-05 1.17e-05 9.95e-06 1.335e-05 1.205e-05 1.3e-05 1.235e-05 7.9e-06 1.08e-05 9.9e-06 8.95e-06 1.44e-05 1.13e-05 1.27e-05 1.305e-05 9.05e-06 1e-05 1.275e-05 1.27e-05 1.48e-05 1.185e-05 1.24e-05 9.85e-06 1.115e-05 1.205e-05 1.18e-05 9.1e-06 1.03e-05 1.225e-05 9.95e-06 1.365e-05 1.055e-05 1.14e-05 8.2e-06 1.14e-05 1.01e-05 1.06e-05 1.11e-05 1.16e-05 8.65e-06 1.255e-05 1.06e-05 1.24e-05 8.7e-06 1.075e-05 9.45e-06 1.325e-05 8.95e-06 1.095e-05 1.115e-05 1.05e-05 8.7e-06 1.015e-05 1.145e-05 1.185e-05 1.325e-05 1.405e-05 1.075e-05 9.4e-06 1.01e-05 1.18e-05 9.35e-06 8.4e-06 1.05e-05 1.395e-05 1.015e-05 1.27e-05 9.7e-06 1.24e-05 1.09e-05 1.075e-05 8.65e-06 8.5e-06 1.095e-05 1.135e-05 1.055e-05 9.8e-06 8.3e-06 1.155e-05 1.3e-05 1.075e-05 1.145e-05 1.135e-05 1.225e-05 1.255e-05 1.24e-05 1.05e-05 1.08e-05 1.03e-05
31 1.23e-05 1.065e-05 9.15e-06 1.03e-05 9.45e-06 1.045e-05 5.8e-06 8.95e-06 1.3e-05 1.125e-05 1.145e-05 8.35e-06 1.225e-05 1.5e-05 8.75e-06 9.75e-06 8.15e-06 1.045e-05 1.165e-05 1.045e-05 9.75e-06 1.15e-05 1.07e-05 9.6e-06 7.85e-06 5.85e-06 1.16e-05 8.7e-06 1.08e-05 1.11e-05 1.185e-05 9.5e-06 1e-05 8.8e-06 8.5e-06 1.125e-05 1.15e-05 1.27e-05 9.7e-06 1.04e-05 1.02e-05 1.145e-05 1.265e-05 9.5e-06 1.17e-05 9e-06 8.25e-06 1.11e-05 1.125e-05 9.8e-06 1.32e-05 9.9e-06 1.005e-05 1.105e-05 1.025e-05 1.21e-05 1.23e-05 5.9e-06 9.6e-06 1.135e-05 7e-06 1.11e-05 1.015e-05 1e-05 9.95e-06 1.155e-05 1.185e-05 1.195e-05 1.24e-05 1.095e-05 9.95e-06 1.045e-05 1.225e-05 1.05e-05 1.26e-05 1.01e-05 1e-05 1.18e-05 8.4e-06 8.1e-06 9.4e-06 1.335e-05 1.335e-05 7.5e-06 1.145e-05 1.115e-05 1.165e-05 1.14e-05 1.2e-05 9.25e-06 6.1e-06 1e-05 1.105e-05 1.095e-05 7.75e-06 9.5e-06 9.5e-06 1.1e-05 8.35e-06 7.35e-06
32 8.7e-06 1.02e-05 8.85e-06 1.095e-05 1.05e-05 1.12e-05 8.4e-06 1.2e-05 1.14e-05 1.115e-05 1.165e-05 9.6e-06 8.45e-06 1.305e-05 9.55e-06 7.35e-06 8.95e-06 1.175e-05 1.23e-05 1.12e-05 1.045e-05 1.25e-05 1.175e-05 1.165e-05 8.75e-06 8.8e-06 1.26e-05 9.25e-06 8.15e-06 1.085e-05 1.24e-05 1e-05 1.38e-05 8.9e-06 1.045e-05 9.9e-06 1.12e-05 1.18e-05 1.02e-05 1.005e-05 1.155e-05 9.2e-06 1.255e-05 1.22e-05 1.19e-05 8.75e-06 9.7e-06 1.16e-05 1.21e-05 1.185e-05 1.305e-05 1.01e-05 1.15e-05 1.065e-05 1.125e-05 9.35e-06 1.175e-05 9.2e-06 1.125e-05 9.25e-06 7.95e-06 1.18e-05 1.115e-05 1.055e-05 1.105e-05 7.7e-06 9.5e-06 1.14e-05 1.26e-05 1.025e-05 1.05e-05 1.185e-05 1.195e-05 1.17e-05 1.25e-05 1.165e-05 1.055e-05 1.195e-05 9.3e-06 1e-05 1.2e-05 1.125e-05 1.255e-05 1.02e-05 1.125e-05 1.14e-05 1.31e-05 8.95e-06 1.265e-05 9.7e-06 8.65e-06 1.145e-05 1.005e-05 9.95e-06 8.3e-06 1.08e-05 9.45e-06 1.15e-05 9.4e-06 9.2e-06
33 8.95e-06 5.75e-06 6.1e-06 5e-06 1.015e-05 8.2e-06 5.95e-06 1.27e-05 8.6e-06 8.3e-06 1.145e-05 9.35e-06 1.25e-05 1.21e-05 8.4e-06 9e-06 8.25e-06 1.19e-05 9.65e-06 8.2e-06 9.9e-06 1.325e-05 1.13e-05 1.13e-05 8.05e-06 8.45e-06 1.335e-05 5.6e-06 1.095e-05 8.5e-06 9.85e-06 8.8e-06 8.9e-06 9.8e-06 8.95e-06 8.9e-06 1.24e-05 8.6e-06 7.85e-06 8.15e-06 1.255e-05 1.11e-05 1.295e-05 1.295e-05 9.9e-06 6.1e-06 6.05e-06 1.24e-05 1.245e-05 1.165e-05 1.25e-05 9.3e-06 8.95e-06 8.65e-06 8.85e-06 1.205e-05 1e-05 8.9e-06 8.8e-06 1.22e-05 6.45e-06 1.23e-05 8.7e-06 1e-05 9.05e-06 9.2e-06 1.185e-05 1.2e-05 1.25e-05 8.95e-06 9.95e-06 1.155e-05 1.27e-05 8.95e-06 1.29e-05 1.19e-05 1e-05 1.075e-05 5.65e-06 8.55e-06 1.285e-05 8.95e-06 1.33e-05 5.55e-06 9.6e-06 1.205e-05 1.265e-05 8.5e-06 1.005e-05 9.05e-06 8.35e-06 8.9e-06 8.95e-06 8.85e-06 8.05e-06 1.16e-05 8.8e-06 1.23e-05 9.1e-06 5.85e-06
34 1.105e-05 8.6e-06 1.03e-05 8.1e-06 1.165e-05 1.01e-05 8.05e-06 1.21e-05 1.15e-05 7.2e-06 9.55e-06 1.08e-05 1.09e-05 1.34e-05 1.125e-05 1.01e-05 1.1e-05 1.235e-05 1.09e-05 1.01e-05 1.155e-05 1.27e-05 1.25e-05 1.14e-05 1.07e-05 1.01e-05 1.28e-05 9.05e-06 1.095e-05 1.17e-05 1.115e-05 8.5e-06 1.045e-05 8.95e-06 1.27e-05 8.5e-06 9.9e-06 1.115e-05 9.75e-06 1.135e-05 1.19e-05 1.175e-05 1.005e-05 1.235e-05 1.165e-05 1.03e-05 8.6e-06 1.26e-05 1.3e-05 1.15e-05 1.275e-05 1.15e-05 1.035e-05 1.15e-05 1e-05 1.125e-05 1.22e-05 1.03e-05 9.35e-06 1.11e-05 9.25e-06 1.255e-05 9.9e-06 1.18e-05 1.09e-05 1.075e-05 1.15e-05 1.025e-05 1.32e-05 9.6e-06 1.175e-05 1.02e-05 1.35e-05 1.03e-05 1e-05 1.225e-05 1.18e-05 1.16e-05 8.9e-06 1.06e-05 1.23e-05 1.245e-05 1.305e-05 7.2e-06 1.21e-05 9.05e-06 1.235e-05 9.2e-06 1.125e-05 1.16e-05 1.005e-05 1.03e-05 1.205e-05 1.195e-05 1.035e-05 1.255e-05 8e-06 1.25e-05 1.065e-05 8.8e-06
35 8.35e-06 7.85e-06 8.8e-06 8.45e-06 1.27e-05 1.1e-05 1.015e-05 1.33e-05 9.55e-06 7.2e-06 9.6e-06 1.22e-05 1.09e-05 1.175e-05 1.15e-05 9.65e-06 1.13e-05 1.39e-05 1.185e-05 1.1e-05 1.235e-05 1.475e-05 1.35e-05 1.15e-05 1.1e-05 1.03e-05 1.485e-05 9e-06 1.12e-05 1.035e-05 1.205e-05 1.125e-05 9.9e-06 8.9e-06 8.5e-06 1.2e-05 1.08e-05 1e-05 1.065e-05 1e-05 1.445e-05 1.1e-05 1.06e-05 1.355e-05 1.185e-05 8.95e-06 9.25e-06 1.41e-05 1.405e-05 1.16e-05 1.345e-05 8.85e-06 1.015e-05 1.075e-05 1.145e-05 1.135e-05 1.135e-05 1.085e-05 1.135e-05 1.19e-05 1.01e-05 1.405e-05 1.135e-05 1.235e-05 1e-05 7.95e-06 1.175e-05 1.06e-05 1.34e-05 1.025e-05 1.23e-05 1.1e-05 1.36e-05 1.18e-05 1.06e-05 1.26e-05 1.235e-05 1.19e-05 9.2e-06 9.55e-06 1.345e-05 9.5e-06 1.365e-05 9.7e-06 1.145e-05 1.015e-05 1.44e-05 8.9e-06 1.22e-05 1.235e-05 1.045e-05 1.01e-05 1.05e-05 1.04e-05 1.11e-05 1.38e-05 7.8e-06 1.4e-05 1.195e-05 1.02e-05
36 1.22e-05 1.21e-05 1.32e-05 1.22e-05 1.28e-05 1.245e-05 1.2e-05 1.125e-05 1.17e-05 1.025e-05 1.115e-05 1.02e-05 9.85e-06 1.05e-05 1.325e-05 1.085e-05 1.29e-05 1.1e-05 1.165e-05 1.245e-05 1.165e-05 9.45e-06 1.34e-05 1.055e-05 1.26e-05 1.195e-05 9.55e-06 1.25e-05 1.085e-05 1.38e-05 1.18e-05 1.15e-05 1.12e-05 1.24e-05 9.9e-06 1.08e-05 1.57e-05 1.165e-05 1.155e-05 1.335e-05 8e-06 1.2e-05 9.75e-06 1.15e-05 1.195e-05 1.31e-05 1.26e-05 1.105e-05 1.22e-05 1.06e-05 1.01e-05 1.325e-05 1.285e-05 1.32e-05 1.01e-05 8.7e-06 1.24e-05 1.215e-05 1.06e-05 8.5e-06 1.155e-05 1.155e-05 1e-05 1.19e-05 1.305e-05 1.14e-05 1.115e-05 1.07e-05 1.085e-05 1.125e-05 1.185e-05 1.035e-05 1.19e-05 1.105e-05 9.7e-06 1.3e-05 1.19e-05 1.265e-05 1.235e-05 1.245e-05 1.135e-05 1.24e-05 1.015e-05 1.18e-05 1.225e-05 8.1e-06 1.185e-05 1.06e-05 1.2e-05 1.165e-05 1.19e-05 1.28e-05 1.19e-05 1.18e-05 1.15e-05 1.185e-05 1.04e-05 1.095e-05 1.005e-05 1.225e-05
37 8.95e-06 6.15e-06 9.5e-06 5.65e-06 1.3e-05 9.45e-06 1.135e-05 1.33e-05 6.3e-06 8.45e-06 1.215e-05 1.17e-05 1.25e-05 5.65e-06 1.245e-05 1.15e-05 1.27e-05 1.225e-05 9e-06 9.45e-06 1.195e-05 1.18e-05 1.32e-05 1e-05 1.24e-05 1.295e-05 1.19e-05 8.85e-06 1.245e-05 9.9e-06 9.1e-06 1.27e-05 1.18e-05 8.6e-06 1.115e-05 1e-05 1.165e-05 1.08e-05 9.55e-06 1.005e-05 1.145e-05 1.175e-05 1.185e-05 1.355e-05 9.15e-06 9.6e-06 8.95e-06 1.295e-05 1.295e-05 1e-05 9.05e-06 1.17e-05 1.02e-05 1.025e-05 8.4e-06 1.055e-05 9.6e-06 1.33e-05 8.4e-06 1.12e-05 1.205e-05 1.3e-05 8.45e-06 1.21e-05 1.03e-05 1.005e-05 1.24e-05 1.28e-05 9.4e-06 9.7e-06 1.205e-05 1.14e-05 1.235e-05 8.95e-06 1.18e-05 1.4e-05 1.21e-05 1.14e-05 8.65e-06 1.065e-05 1.345e-05 6.15e-06 1.03e-05 8.3e-06 9.7e-06 1.13e-05 1.28e-05 8.3e-06 9.4e-06 1.2e-05 1.3e-05 1.01e-05 8.65e-06 8.55e-06 1.245e-05 1.325e-05 1.155e-05 1.285e-05 1.15e-05 9.85e-06
38 1.045e-05 7.6e-06 8.95e-06 6.6e-06 8.45e-06 7.5e-06 8.2e-06 1.275e-05 1e-05 9.35e-06 1.095e-05 1e-05 1.135e-05 1.22e-05 9.4e-06 9.85e-06 9.05e-06 1.045e-05 1.01e-05 7.5e-06 1.115e-05 1.225e-05 9.2e-06 1.155e-05 8.75e-06 1.04e-05 1.235e-05 8e-06 9.35e-06 9.25e-06 1.03e-05 9.7e-06 1.02e-05 7.85e-06 9.75e-06 1.065e-05 1.155e-05 9.55e-06 1.28e-05 8.8e-06 1.105e-05 1.065e-05 1.29e-05 1.3e-05 1.065e-05 8.9e-06 8.1e-06 1.015e-05 1.14e-05 1.185e-05 1.215e-05 1.135e-05 1.02e-05 8.65e-06 8.85e-06 1.09e-05 1.12e-05 1.06e-05 9.35e-06 1.08e-05 8.35e-06 1.065e-05 8.7e-06 1.14e-05 1.06e-05 1.015e-05 9.8e-06 1.05e-05 1.25e-05 9.25e-06 1.135e-05 1.185e-05 1.295e-05 9.55e-06 1.285e-05 1.1e-05 1.14e-05 8.5e-06 7.8e-06 1.025e-05 1.285e-05 1.06e-05 1.27e-05 7e-06 1.105e-05 1.15e-05 1.14e-05 8.55e-06 1.055e-05 1.115e-05 1.035e-05 1.015e-05 1.08e-05 1.07e-05 7.55e-06 1.03e-05 1.05e-05 1.005e-05 9.85e-06 7.85e-06
39 8.45e-06 8.5e-06 6.7e-06 9.1e-06 8e-06 9.2e-06 8e-06 1.315e-05 9.25e-06 1.115e-05 1.06e-05 1.04e-05 1.245e-05 1.22e-05 7.55e-06 9.85e-06 6.65e-06 1.065e-05 1.21e-05 9.2e-06 1.1e-05 1.41e-05 8.7e-06 1.195e-05 6.35e-06 8.85e-06 1.42e-05 7.75e-06 1.06e-05 6.8e-06 1.225e-05 1.04e-05 1.005e-05 8.15e-06 1.135e-05 1e-05 1.335e-05 1.005e-05 8.8e-06 1.15e-05 1.33e-05 9.3e-06 1.42e-05 1.34e-05 1.155e-05 7.5e-06 7.6e-06 1.185e-05 1.06e-05 1.225e-05 1.37e-05 9.45e-06 1.075e-05 8.4e-06 1.12e-05 1.28e-05 1.04e-05 9.55e-06 1.11e-05 1.28e-05 8.25e-06 1.125e-05 1.11e-05 1.09e-05 1.01e-05 9.7e-06 1.11e-05 1.16e-05 1.23e-05 1.065e-05 1.085e-05 1.205e-05 1.25e-05 1.155e-05 1.415e-05 1.075e-05 1.09e-05 9.5e-06 8.3e-06 9.25e-06 1.325e-05 8.4e-06 1.43e-05 9.25e-06 9.15e-06 1.32e-05 1.265e-05 1.07e-05 1.225e-05 9.85e-06 9.1e-06 1.07e-05 8.85e-06 8.75e-06 7.65e-06 9.25e-06 1.02e-05 1.175e-05 1.01e-05 8.4e-06
40 1.41e-05 1.42e-05 1.345e-05 1.37e-05 1.15e-05 1.285e-05 1.01e-05 8.35e-06 1.135e-05 1.41e-05 1.36e-05 5.6e-06 1.11e-05 8.25e-06 1.18e-05 1.12e-05 1.1e-05 6.35e-06 9.7e-06 1.285e-05 8.15e-06 2.9e-06 1.24e-05 8.95e-06 1.07e-05 1.095e-05 3e-06 1.245e-05 1.135e-05 1.42e-05 9.95e-06 1.02e-05 1.155e-05 1.255e-05 1.19e-05 1.445e-05 8e-06 1.145e-05 1.105e-05 1.33e-05 3e-07 1.215e-05 1.015e-05 8.6e-06 1.035e-05 1.335e-05 1.255e-05 7.1e-06 8.4e-06 9.1e-06 5.7e-06 1.415e-05 1.395e-05 1.39e-05 7e-06 6.65e-06 1.075e-05 1.115e-05 8.1e-06 5.8e-06 9.1e-06 8.1e-06 6.9e-06 8.4e-06 1.44e-05 1.31e-05 1.195e-05 1.41e-05 7.1e-06 1.21e-05 8.35e-06 1.055e-05 7.9e-06 8.55e-06 1.01e-05 1.3e-05 8.4e-06 1.26e-05 1.23e-05 1.33e-05 8.55e-06 1.25e-05 5.4e-06 1.145e-05 1.025e-05 7.35e-06 8.15e-06 1.25e-05 1.005e-05 8e-06 1.09e-05 1.39e-05 1.015e-05 1.005e-05 9.45e-06 8.65e-06 1.27e-05 7e-06 5.45e-06 1.125e-05
41 8.75e-06 1.15e-05 1.055e-05 1.245e-05 8.4e-06 1.075e-05 1.045e-05 1.28e-05 1.185e-05 1.21e-05 9.75e-06 1.115e-05 9.8e-06 1.205e-05 8.6e-06 9.1e-06 8.9e-06 9.95e-06 1.35e-05 1.075e-05 1.205e-05 1.325e-05 8.45e-06 1.2e-05 8.7e-06 1.01e-05 1.335e-05 1.095e-05 9e-06 9.2e-06 1.365e-05 1.145e-05 9.2e-06 1.11e-05 1.175e-05 1.1e-05 1.2e-05 1.175e-05 1.065e-05 9.3e-06 1.215e-05 1.32e-05 1.32e-05 1.3e-05 1.295e-05 1.085e-05 1.125e-05 1.175e-05 1.135e-05 1.2e-05 1.35e-05 1.13e-05 1.255e-05 1.03e-05 1.23e-05 1.025e-05 1.265e-05 1.08e-05 1.235e-05 1.015e-05 1.04e-05 1.205e-05 1.22e-05 1.195e-05 1.19e-05 9.25e-06 8.9e-06 1.07e-05 1.265e-05 1.175e-05 1.19e-05 1.23e-05 1.26e-05 1.29e-05 1.315e-05 1.075e-05 1.195e-05 9.25e-06 1.13e-05 1.12e-05 1.285e-05 1.09e-05 1.33e-05 1.205e-05 1.2e-05 1.19e-05 1.205e-05 1.03e-05 1.385e-05 1.145e-05 1.025e-05 1.25e-05 1.02e-05 1.01e-05 9.15e-06 1.085e-05 1.08e-05 1.165e-05 1.085e-05 1.12e-05
