 slim_337516950 slim_337517111 slim_337517176 slim_337517178 slim_337517171 slim_337517130 slim_337517163 slim_337517110 slim_337517167 slim_337517188 slim_337517107 slim_337517168 slim_337517084 slim_337517103 slim_337517179 slim_337516853 slim_337517161 slim_337517155 slim_337517153 slim_337516929 slim_337517055 slim_337517108 slim_337516786 slim_337517050 slim_337517086 slim_337517138 slim_337517125 slim_337517077 slim_337517151 slim_337517127 slim_337517073 slim_337517121 slim_337516930 slim_337517090 slim_337517142 slim_337517182 slim_337517164 slim_337517054 slim_337516917 slim_337517117 slim_337516940 slim_337517052 slim_337516989 slim_337517042 slim_337517126 slim_337517139 slim_337517194 slim_337517183 slim_337517154 slim_337517193 slim_337517026 slim_337517199 slim_337517094 slim_337516997 slim_337517141 slim_337517065 slim_337516825 slim_337517156 slim_337517043 slim_337517190 slim_337517076 slim_337517152 slim_337516879 slim_337517022 slim_337517128 slim_337517189 slim_337517197 slim_337517165 slim_337517080 slim_337516968 slim_337517034 slim_337516990 slim_337517027 slim_337517191 slim_337517095 slim_337517160 slim_337516953 slim_337517192 slim_337517170 slim_337517185 slim_337516952 slim_337517074 slim_337516827 slim_337517044 slim_337516938 slim_337517062 slim_337517195 slim_337517175 slim_337517057 slim_337516883 slim_337517001 slim_337517083 slim_337517072 slim_337517137 slim_337517172 slim_337517136 slim_337517187 slim_337517104 slim_337517031 slim_337517120
0 0.0001706 8.73e-05 8.795e-05 8.875e-05 8.715e-05 8.715e-05 8.595e-05 8.715e-05 8.68e-05 8.76e-05 8.575e-05 8.555e-05 8.96e-05 8.675e-05 8.71e-05 8.885e-05 0.00010195 8.57e-05 8.84e-05 8.985e-05 8.93e-05 8.705e-05 0.0001403 8.82e-05 8.62e-05 8.98e-05 8.76e-05 8.855e-05 8.9e-05 8.645e-05 8.83e-05 8.745e-05 8.82e-05 8.55e-05 8.715e-05 8.725e-05 0.000139 8.72e-05 8.7e-05 0.0001386 8.72e-05 8.765e-05 8.71e-05 8.565e-05 8.545e-05 8.91e-05 8.715e-05 8.6e-05 8.76e-05 8.855e-05 8.69e-05 8.845e-05 8.6e-05 8.59e-05 8.69e-05 8.72e-05 8.84e-05 8.605e-05 8.72e-05 8.7e-05 8.705e-05 8.71e-05 8.545e-05 8.84e-05 8.535e-05 8.655e-05 8.705e-05 8.84e-05 8.74e-05 8.6e-05 8.98e-05 0.0001512 8.695e-05 8.665e-05 8.79e-05 0.00013865 8.545e-05 8.79e-05 8.99e-05 0.00010035 8.725e-05 8.68e-05 8.7e-05 8.965e-05 9.895e-05 8.995e-05 8.765e-05 8.75e-05 0.0001387 8.69e-05 8.695e-05 8.63e-05 8.815e-05 0.00014135 8.71e-05 8.97e-05 9.05e-05 8.725e-05 8.725e-05 0.0001546
1 8.73e-05 0.0001658 8.845e-05 8.81e-05 8.6e-05 8.61e-05 8.41e-05 8.6e-05 8.73e-05 8.645e-05 8.36e-05 8.745e-05 8.76e-05 8.985e-05 8.985e-05 9.025e-05 0.00010155 8.725e-05 9.18e-05 9.065e-05 9.07e-05 8.65e-05 0.00014005 8.755e-05 8.79e-05 9.06e-05 9.085e-05 9.175e-05 8.91e-05 8.785e-05 9.15e-05 8.86e-05 8.81e-05 8.72e-05 8.83e-05 8.62e-05 0.0001365 8.34e-05 8.63e-05 0.0001361 8.545e-05 8.99e-05 8.98e-05 8.435e-05 8.34e-05 9.04e-05 8.735e-05 8.73e-05 8.645e-05 8.775e-05 8.62e-05 8.805e-05 8.385e-05 8.76e-05 8.685e-05 8.99e-05 8.63e-05 8.355e-05 8.45e-05 8.71e-05 8.975e-05 8.56e-05 8.685e-05 8.87e-05 8.725e-05 8.73e-05 8.635e-05 8.895e-05 8.345e-05 8.615e-05 8.78e-05 0.00014925 8.685e-05 9.15e-05 9.22e-05 0.0001366 8.315e-05 9.16e-05 9.07e-05 9.945e-05 9.065e-05 8.78e-05 8.585e-05 8.975e-05 9.705e-05 9.075e-05 8.725e-05 8.655e-05 0.0001401 8.81e-05 8.58e-05 8.835e-05 8.805e-05 0.0001408 8.425e-05 9.165e-05 9.23e-05 8.995e-05 8.33e-05 0.00015605
2 8.795e-05 8.845e-05 2.8e-06 7.52e-05 6.46e-05 6.465e-05 0.0001274 6.435e-05 2.395e-05 1.26e-05 7.54e-05 8.81e-05 8.795e-05 2.53e-05 2.485e-05 6.49e-05 7.97e-05 8.77e-05 8.765e-05 6.42e-05 6.545e-05 6.505e-05 0.0001356 0.0001269 8.84e-05 6.43e-05 8.805e-05 8.76e-05 7.435e-05 8.74e-05 8.735e-05 3.575e-05 2.22e-05 8.765e-05 3.545e-05 6.475e-05 7.92e-05 8.875e-05 6.46e-05 0.00013105 7.425e-05 6.14e-05 2.48e-05 0.0001398 0.00012745 6.565e-05 1.285e-05 3.575e-05 1.26e-05 0.00012715 6.47e-05 1.135e-05 7.565e-05 8.825e-05 4.855e-05 2.51e-05 3.31e-05 0.00012695 7.505e-05 7.47e-05 2.49e-05 8.755e-05 8.75e-05 1.8e-06 8.79e-05 7.6e-05 6.485e-05 9.4e-06 3.63e-05 2.31e-05 8.805e-05 8.845e-05 4.86e-05 4.84e-05 8.95e-05 0.0001315 0.00012665 8.92e-05 6.44e-05 1.69e-05 7.14e-05 3.585e-05 6.425e-05 7.385e-05 8e-05 6.43e-05 1.17e-05 3.64e-05 9.66e-05 3.525e-05 6.435e-05 3.495e-05 2.215e-05 0.0001309 7.495e-05 7.445e-05 0.00012855 2.495e-05 3.615e-05 0.00011515
3 8.875e-05 8.81e-05 7.52e-05 0.0001462 7.425e-05 7.425e-05 7.49e-05 7.425e-05 7.625e-05 7.435e-05 7.39e-05 8.89e-05 8.74e-05 8.995e-05 8.885e-05 7.535e-05 8.74e-05 8.86e-05 8.875e-05 7.435e-05 7.57e-05 7.465e-05 0.00013475 7.36e-05 8.915e-05 7.435e-05 8.845e-05 8.875e-05 7.39e-05 8.865e-05 8.85e-05 8.915e-05 7.505e-05 8.855e-05 8.885e-05 7.435e-05 0.000138 8.835e-05 7.445e-05 0.0001383 7.45e-05 8.81e-05 8.88e-05 8.76e-05 7.41e-05 7.5e-05 7.595e-05 8.815e-05 7.4e-05 7.415e-05 7.445e-05 7.475e-05 7.42e-05 8.905e-05 0.00010235 8.89e-05 8.815e-05 7.39e-05 7.43e-05 7.495e-05 8.885e-05 8.795e-05 8.83e-05 7.44e-05 8.87e-05 7.65e-05 7.46e-05 7.505e-05 8.75e-05 7.43e-05 8.8e-05 0.00014835 0.0001024 0.00010275 9.09e-05 0.0001387 7.425e-05 8.95e-05 7.445e-05 8.745e-05 8.855e-05 8.75e-05 7.41e-05 7.395e-05 8.74e-05 7.445e-05 7.46e-05 8.86e-05 0.00014925 8.865e-05 7.415e-05 8.89e-05 7.5e-05 0.00013845 7.42e-05 7.5e-05 7.47e-05 8.895e-05 8.765e-05 0.00016875
4 8.715e-05 8.6e-05 6.46e-05 7.425e-05 0.0001273 6.4e-05 6.535e-05 6.395e-05 8.25e-05 7.205e-05 7.2e-05 8.73e-05 8.8e-05 8.8e-05 8.69e-05 6.735e-05 7.955e-05 8.71e-05 8.935e-05 6.63e-05 6.785e-05 6.44e-05 0.0001351 6.605e-05 8.785e-05 6.635e-05 8.915e-05 8.93e-05 7.44e-05 8.72e-05 8.905e-05 9.545e-05 8.135e-05 8.705e-05 9.515e-05 6.41e-05 0.00013625 8.635e-05 6.425e-05 0.0001282 7.25e-05 7.865e-05 8.685e-05 7.79e-05 6.415e-05 6.71e-05 7.36e-05 9.48e-05 7.205e-05 6.635e-05 6.425e-05 7.24e-05 7.225e-05 8.745e-05 0.0001086 8.67e-05 9.345e-05 6.395e-05 7.225e-05 7.335e-05 8.69e-05 8.615e-05 8.67e-05 6.38e-05 8.71e-05 7.49e-05 6.44e-05 7.215e-05 9.375e-05 8.075e-05 8.815e-05 0.0001461 0.00010865 0.0001094 9.155e-05 0.0001287 6.43e-05 9.02e-05 6.645e-05 7.705e-05 8.77e-05 9.425e-05 6.375e-05 7.455e-05 7.735e-05 6.64e-05 7.21e-05 9.475e-05 0.00015545 9.495e-05 6.385e-05 9.5e-05 8.13e-05 0.0001306 7.215e-05 7.56e-05 6.955e-05 8.7e-05 9.36e-05 0.00017495
5 8.715e-05 8.61e-05 6.465e-05 7.425e-05 6.4e-05 0.0001273 6.545e-05 6.405e-05 8.255e-05 7.205e-05 7.2e-05 8.73e-05 8.8e-05 8.8e-05 8.69e-05 6.735e-05 7.955e-05 8.71e-05 8.935e-05 6.63e-05 6.785e-05 6.425e-05 0.0001351 6.615e-05 8.79e-05 6.635e-05 8.915e-05 8.93e-05 7.44e-05 8.72e-05 8.905e-05 9.545e-05 8.135e-05 8.705e-05 9.515e-05 6.405e-05 0.00013625 8.635e-05 6.425e-05 0.0001283 7.25e-05 7.87e-05 8.685e-05 7.77e-05 6.425e-05 6.71e-05 7.36e-05 9.48e-05 7.205e-05 6.645e-05 6.425e-05 7.24e-05 7.225e-05 8.745e-05 0.0001086 8.69e-05 9.345e-05 6.385e-05 7.235e-05 7.325e-05 8.69e-05 8.605e-05 8.66e-05 6.375e-05 8.71e-05 7.495e-05 6.44e-05 7.215e-05 9.375e-05 8.075e-05 8.815e-05 0.0001461 0.00010865 0.0001094 9.155e-05 0.0001287 6.445e-05 9.02e-05 6.645e-05 7.705e-05 8.775e-05 9.425e-05 6.39e-05 7.455e-05 7.735e-05 6.64e-05 7.21e-05 9.475e-05 0.00015545 9.495e-05 6.395e-05 9.5e-05 8.13e-05 0.0001306 7.225e-05 7.56e-05 6.955e-05 8.7e-05 9.36e-05 0.00017495
6 8.595e-05 8.41e-05 0.0001274 7.49e-05 6.535e-05 6.545e-05 4.5e-06 6.535e-05 0.0001424 0.00013305 7.04e-05 8.61e-05 8.85e-05 0.00014815 0.0001483 6.985e-05 8.105e-05 8.59e-05 9.06e-05 7.015e-05 7.03e-05 6.585e-05 0.0001362 7.25e-06 8.555e-05 7.01e-05 8.93e-05 9.055e-05 7.64e-05 8.66e-05 9.03e-05 0.00015475 0.0001424 8.585e-05 0.00015445 6.555e-05 0.00019485 8.445e-05 6.565e-05 0.00012735 7.27e-05 9.695e-05 0.00014825 1.605e-05 2.95e-06 6.9e-05 0.0001344 0.00015305 0.0001329 7.6e-06 6.555e-05 0.0001351 7.065e-05 8.625e-05 0.0001667 0.00014835 0.0001541 3.05e-06 7.155e-05 7.39e-05 0.0001482 8.48e-05 8.55e-05 0.00012785 8.59e-05 7.52e-05 6.57e-05 0.0001355 0.0001513 0.00014 8.87e-05 0.00020505 0.00016675 0.00016945 9.05e-05 0.00012785 2.35e-06 8.95e-05 7.02e-05 0.0001386 0.00010515 0.00015375 6.52e-05 7.715e-05 7.64e-05 7.025e-05 0.0001342 0.0001543 0.0002154 0.00015425 6.515e-05 0.0001546 0.00014235 0.0001322 7.145e-05 7.86e-05 1.125e-05 0.0001484 0.0001513 0.00023415
7 8.715e-05 8.6e-05 6.435e-05 7.425e-05 6.395e-05 6.405e-05 6.535e-05 0.0001273 8.255e-05 7.195e-05 7.2e-05 8.73e-05 8.8e-05 8.79e-05 8.68e-05 6.735e-05 7.955e-05 8.71e-05 8.935e-05 6.62e-05 6.785e-05 6.445e-05 0.0001351 6.6e-05 8.785e-05 6.625e-05 8.915e-05 8.93e-05 7.44e-05 8.72e-05 8.905e-05 9.545e-05 8.135e-05 8.705e-05 9.515e-05 6.415e-05 0.00013625 8.635e-05 6.41e-05 0.0001282 7.25e-05 7.86e-05 8.675e-05 7.79e-05 6.415e-05 6.695e-05 7.36e-05 9.48e-05 7.195e-05 6.635e-05 6.415e-05 7.23e-05 7.225e-05 8.745e-05 0.0001086 8.695e-05 9.335e-05 6.4e-05 7.225e-05 7.335e-05 8.68e-05 8.615e-05 8.67e-05 6.385e-05 8.71e-05 7.495e-05 6.43e-05 7.195e-05 9.375e-05 8.075e-05 8.815e-05 0.0001461 0.00010865 0.0001094 9.155e-05 0.0001287 6.43e-05 9.02e-05 6.635e-05 7.695e-05 8.775e-05 9.425e-05 6.37e-05 7.455e-05 7.735e-05 6.63e-05 7.2e-05 9.475e-05 0.00015545 9.495e-05 6.375e-05 9.5e-05 8.13e-05 0.0001306 7.215e-05 7.56e-05 6.955e-05 8.69e-05 9.36e-05 0.00017495
8 8.68e-05 8.73e-05 2.395e-05 7.625e-05 8.25e-05 8.255e-05 0.0001424 8.255e-05 1.31e-05 1.545e-05 7.435e-05 8.695e-05 8.865e-05 2.835e-05 2.735e-05 8.53e-05 9.715e-05 8.665e-05 8.845e-05 8.425e-05 8.575e-05 8.29e-05 0.0001358 0.0001433 8.685e-05 8.43e-05 8.825e-05 8.83e-05 7.675e-05 8.67e-05 8.805e-05 1.995e-05 7.65e-06 8.66e-05 1.955e-05 8.265e-05 7.82e-05 8.755e-05 8.275e-05 0.0001454 7.525e-05 7.855e-05 2.72e-05 0.0001538 0.00014195 8.42e-05 1.725e-05 1.93e-05 1.54e-05 0.0001436 8.275e-05 1.595e-05 7.485e-05 8.71e-05 3.175e-05 2.72e-05 2.015e-05 0.00014175 7.49e-05 7.48e-05 2.725e-05 8.69e-05 8.635e-05 2.315e-05 8.675e-05 7.43e-05 8.29e-05 1.615e-05 1.98e-05 7.4e-06 8.88e-05 8.78e-05 3.18e-05 3.1e-05 8.98e-05 0.0001458 0.0001421 8.835e-05 8.44e-05 3.6e-05 7.055e-05 1.875e-05 8.24e-05 7.675e-05 9.55e-05 8.435e-05 1.58e-05 1.98e-05 7.865e-05 1.945e-05 8.245e-05 1.985e-05 7.6e-06 0.00014715 7.48e-05 7.65e-05 0.0001453 2.735e-05 1.94e-05 9.845e-05
9 8.76e-05 8.645e-05 1.26e-05 7.435e-05 7.205e-05 7.205e-05 0.00013305 7.195e-05 1.545e-05 2.36e-05 7.23e-05 8.775e-05 8.815e-05 2.85e-05 2.74e-05 7.515e-05 8.735e-05 8.745e-05 8.96e-05 7.385e-05 7.565e-05 7.245e-05 0.0001353 0.0001338 8.815e-05 7.405e-05 8.94e-05 8.955e-05 7.47e-05 8.75e-05 8.93e-05 2.835e-05 1.425e-05 8.74e-05 2.805e-05 7.215e-05 7.67e-05 8.67e-05 7.215e-05 0.0001363 7.285e-05 7.065e-05 2.735e-05 0.0001456 0.0001321 7.47e-05 1.425e-05 2.77e-05 1.24e-05 0.0001341 7.215e-05 1.28e-05 7.22e-05 8.79e-05 4.155e-05 2.755e-05 2.63e-05 0.0001319 7.265e-05 7.38e-05 2.74e-05 8.63e-05 8.715e-05 1.2e-05 8.755e-05 7.53e-05 7.23e-05 1.255e-05 2.655e-05 1.385e-05 8.83e-05 8.665e-05 4.16e-05 4.245e-05 9.17e-05 0.0001367 0.00013225 9.035e-05 7.415e-05 2.51e-05 7.245e-05 2.715e-05 7.18e-05 7.47e-05 8.535e-05 7.41e-05 1.265e-05 2.78e-05 8.845e-05 2.785e-05 7.185e-05 2.81e-05 1.42e-05 0.0001384 7.255e-05 7.585e-05 0.0001369 2.75e-05 2.64e-05 0.00010795
10 8.575e-05 8.36e-05 7.54e-05 7.39e-05 7.2e-05 7.2e-05 7.04e-05 7.2e-05 7.435e-05 7.23e-05 0.0001364 8.59e-05 8.835e-05 8.975e-05 8.925e-05 7.75e-05 8.775e-05 8.6e-05 9.12e-05 7.715e-05 7.795e-05 7.205e-05 0.00013555 7.355e-05 8.695e-05 7.705e-05 8.98e-05 9.115e-05 7.53e-05 8.7e-05 9.09e-05 8.795e-05 7.455e-05 8.595e-05 8.765e-05 7.21e-05 0.0001339 8.35e-05 7.185e-05 0.0001337 7.145e-05 8.89e-05 8.92e-05 8.3e-05 6.845e-05 7.655e-05 7.43e-05 8.6e-05 7.225e-05 7.39e-05 7.17e-05 7.46e-05 6.875e-05 8.605e-05 0.0001005 8.93e-05 8.675e-05 6.925e-05 7.045e-05 7.3e-05 8.91e-05 8.48e-05 8.565e-05 7.52e-05 8.565e-05 7.465e-05 7.185e-05 7.57e-05 8.35e-05 7.12e-05 8.855e-05 0.00014445 0.00010055 0.00010335 9.24e-05 0.00013375 6.93e-05 9.065e-05 7.715e-05 8.56e-05 8.965e-05 8.605e-05 7.185e-05 7.635e-05 8.23e-05 7.725e-05 7.34e-05 8.61e-05 0.00014805 8.745e-05 7.175e-05 8.745e-05 7.45e-05 0.0001389 7.035e-05 7.815e-05 7.845e-05 8.935e-05 8.315e-05 0.0001675
11 8.555e-05 8.745e-05 8.81e-05 8.89e-05 8.73e-05 8.73e-05 8.61e-05 8.73e-05 8.695e-05 8.775e-05 8.59e-05 0.0001709 8.975e-05 8.69e-05 8.725e-05 8.9e-05 0.0001021 8.585e-05 8.855e-05 9e-05 8.945e-05 8.73e-05 0.00014045 8.835e-05 8.635e-05 8.995e-05 8.775e-05 8.87e-05 8.915e-05 8.66e-05 8.845e-05 8.76e-05 8.835e-05 8.565e-05 8.73e-05 8.74e-05 0.00013915 8.72e-05 8.715e-05 0.00013875 8.735e-05 8.78e-05 8.725e-05 8.58e-05 8.57e-05 8.925e-05 8.73e-05 8.615e-05 8.775e-05 8.87e-05 8.69e-05 8.86e-05 8.6e-05 8.595e-05 8.705e-05 8.735e-05 8.855e-05 8.62e-05 8.735e-05 8.715e-05 8.72e-05 8.725e-05 8.56e-05 8.855e-05 8.55e-05 8.67e-05 8.72e-05 8.855e-05 8.755e-05 8.615e-05 8.995e-05 0.00015135 8.71e-05 8.68e-05 8.805e-05 0.0001388 8.56e-05 8.805e-05 9.005e-05 0.0001005 8.74e-05 8.695e-05 8.715e-05 8.98e-05 9.91e-05 9.01e-05 8.78e-05 8.77e-05 0.00013885 8.705e-05 8.71e-05 8.645e-05 8.83e-05 0.0001415 8.725e-05 8.985e-05 9.065e-05 8.74e-05 8.74e-05 0.00015475
12 8.96e-05 8.76e-05 8.795e-05 8.74e-05 8.8e-05 8.8e-05 8.85e-05 8.8e-05 8.865e-05 8.815e-05 8.835e-05 8.975e-05 0.0001725 8.97e-05 8.91e-05 8.775e-05 0.00010085 8.935e-05 8.9e-05 8.75e-05 8.81e-05 8.84e-05 0.0001389 8.735e-05 8.995e-05 8.755e-05 8.92e-05 8.9e-05 8.74e-05 8.915e-05 8.875e-05 8.945e-05 8.825e-05 8.93e-05 8.915e-05 8.81e-05 0.00014055 8.785e-05 8.82e-05 0.00014045 8.815e-05 8.875e-05 8.905e-05 8.86e-05 8.845e-05 8.865e-05 8.865e-05 8.94e-05 8.815e-05 8.79e-05 8.825e-05 8.785e-05 8.86e-05 8.99e-05 8.83e-05 8.915e-05 8.735e-05 8.795e-05 8.81e-05 8.87e-05 8.915e-05 8.84e-05 8.915e-05 8.755e-05 8.955e-05 8.865e-05 8.84e-05 8.795e-05 8.735e-05 8.9e-05 8.685e-05 0.0001528 8.855e-05 9.055e-05 9.045e-05 0.00014085 8.79e-05 9.025e-05 8.765e-05 0.00010095 8.92e-05 8.93e-05 8.785e-05 8.7e-05 0.00010145 8.76e-05 8.81e-05 8.85e-05 0.00014095 8.895e-05 8.795e-05 8.945e-05 8.82e-05 0.00014 8.8e-05 8.815e-05 8.835e-05 8.92e-05 8.72e-05 0.00015695
13 8.675e-05 8.985e-05 2.53e-05 8.995e-05 8.8e-05 8.8e-05 0.00014815 8.79e-05 2.835e-05 2.85e-05 8.975e-05 8.69e-05 8.97e-05 4.68e-05 2.52e-05 8.64e-05 0.00010235 8.65e-05 8.69e-05 8.81e-05 8.69e-05 8.835e-05 0.000141 0.00014925 8.67e-05 8.81e-05 8.655e-05 8.675e-05 8.92e-05 8.67e-05 8.65e-05 2.775e-05 2.925e-05 8.645e-05 2.72e-05 8.81e-05 8.215e-05 9.01e-05 8.81e-05 0.0001416 8.92e-05 7.05e-05 2.505e-05 0.0001476 0.0001494 8.805e-05 2.64e-05 2.7e-05 2.84e-05 0.00014955 8.805e-05 2.775e-05 9e-05 8.705e-05 2.68e-05 2.525e-05 2.83e-05 0.0001492 9.02e-05 8.855e-05 2.49e-05 8.855e-05 8.63e-05 2.66e-05 8.67e-05 8.79e-05 8.82e-05 2.61e-05 3.01e-05 2.875e-05 8.985e-05 9.375e-05 2.685e-05 2.555e-05 8.56e-05 0.000142 0.00014795 8.665e-05 8.82e-05 4.055e-05 7.09e-05 2.855e-05 8.775e-05 8.92e-05 0.0001022 8.815e-05 2.76e-05 2.95e-05 7.995e-05 2.725e-05 8.775e-05 2.63e-05 2.92e-05 0.00014185 9.01e-05 8.875e-05 0.00014975 2.51e-05 2.995e-05 9.48e-05
14 8.71e-05 8.985e-05 2.485e-05 8.885e-05 8.69e-05 8.69e-05 0.0001483 8.68e-05 2.735e-05 2.74e-05 8.925e-05 8.725e-05 8.91e-05 2.52e-05 4.94e-05 8.62e-05 0.00010125 8.685e-05 8.665e-05 8.64e-05 8.67e-05 8.725e-05 0.00013975 0.00014815 8.71e-05 8.65e-05 8.68e-05 8.665e-05 8.81e-05 8.665e-05 8.64e-05 2.755e-05 2.76e-05 8.68e-05 2.725e-05 8.7e-05 8.145e-05 9.01e-05 8.7e-05 0.0001409 8.83e-05 6.93e-05 2.495e-05 0.00014795 0.0001489 8.695e-05 2.68e-05 2.735e-05 2.74e-05 0.00014845 8.705e-05 2.635e-05 8.95e-05 8.745e-05 2.765e-05 2.515e-05 2.765e-05 0.0001484 8.91e-05 8.75e-05 2.505e-05 8.83e-05 8.665e-05 2.49e-05 8.705e-05 8.69e-05 8.72e-05 2.495e-05 3.01e-05 2.83e-05 8.925e-05 9.31e-05 2.77e-05 2.545e-05 8.69e-05 0.0001413 0.0001481 8.73e-05 8.66e-05 3.955e-05 6.975e-05 2.755e-05 8.665e-05 8.77e-05 0.0001017 8.65e-05 2.66e-05 2.895e-05 7.88e-05 2.69e-05 8.675e-05 2.655e-05 2.755e-05 0.00014055 8.9e-05 8.71e-05 0.00014865 2.51e-05 2.995e-05 9.475e-05
15 8.885e-05 9.025e-05 6.49e-05 7.535e-05 6.735e-05 6.735e-05 6.985e-05 6.735e-05 8.53e-05 7.515e-05 7.75e-05 8.9e-05 8.775e-05 8.64e-05 8.62e-05 0.0001291 8.03e-05 8.86e-05 8.665e-05 6.495e-05 6.515e-05 6.775e-05 0.00013545 6.745e-05 8.93e-05 6.53e-05 8.695e-05 8.635e-05 7.45e-05 8.835e-05 8.61e-05 9.635e-05 8.355e-05 8.855e-05 9.605e-05 6.745e-05 0.000141 9.05e-05 6.755e-05 0.00013325 7.64e-05 7.865e-05 8.615e-05 8.155e-05 6.995e-05 6.675e-05 7.41e-05 9.63e-05 7.515e-05 6.75e-05 6.76e-05 7.395e-05 7.775e-05 8.915e-05 0.00010875 8.625e-05 9.52e-05 6.945e-05 7.725e-05 7.635e-05 8.625e-05 8.9e-05 8.84e-05 6.47e-05 8.88e-05 7.77e-05 6.775e-05 7.265e-05 9.77e-05 8.435e-05 8.765e-05 0.0001503 0.0001088 0.00010785 8.785e-05 0.00013365 6.915e-05 8.825e-05 6.54e-05 7.985e-05 8.74e-05 9.65e-05 6.72e-05 7.405e-05 8.25e-05 6.505e-05 7.425e-05 9.73e-05 0.00015695 9.585e-05 6.73e-05 9.55e-05 8.35e-05 0.0001309 7.715e-05 7.42e-05 6.72e-05 8.63e-05 9.755e-05 0.0001754
16 0.00010195 0.00010155 7.97e-05 8.74e-05 7.955e-05 7.955e-05 8.105e-05 7.955e-05 9.715e-05 8.735e-05 8.775e-05 0.0001021 0.00010085 0.00010235 0.00010125 8.03e-05 0.000157 0.00010155 0.00010115 7.92e-05 8.025e-05 7.995e-05 0.0001353 7.95e-05 0.00010245 7.88e-05 0.00010125 0.0001015 8.765e-05 0.00010175 0.00010125 0.0001097 9.545e-05 0.0001015 0.0001094 7.965e-05 0.00015175 0.0001018 7.975e-05 0.000144 8.81e-05 9.3e-05 0.0001012 9.36e-05 8.02e-05 8.015e-05 8.89e-05 0.0001094 8.73e-05 7.98e-05 7.975e-05 8.755e-05 8.8e-05 0.00010225 0.0001229 0.0001013 0.00010845 7.995e-05 8.775e-05 8.8e-05 0.00010125 0.0001013 0.0001015 7.89e-05 0.0001019 8.94e-05 7.99e-05 8.72e-05 0.000109 9.57e-05 0.000101 0.00013505 0.00012295 0.00012305 0.0001038 0.0001444 8.03e-05 0.00010255 7.89e-05 7.87e-05 0.0001012 0.00010885 7.94e-05 8.755e-05 7.945e-05 7.925e-05 8.75e-05 0.0001092 0.0001571 0.0001092 7.945e-05 0.0001097 9.54e-05 0.0001437 8.765e-05 8.725e-05 8.045e-05 0.0001013 0.00010885 0.0001767
17 8.57e-05 8.725e-05 8.77e-05 8.86e-05 8.71e-05 8.71e-05 8.59e-05 8.71e-05 8.665e-05 8.745e-05 8.6e-05 8.585e-05 8.935e-05 8.65e-05 8.685e-05 8.86e-05 0.00010155 0.0001701 8.83e-05 8.96e-05 8.905e-05 8.73e-05 0.0001401 8.815e-05 8.605e-05 8.955e-05 8.745e-05 8.83e-05 8.895e-05 8.61e-05 8.805e-05 8.72e-05 8.795e-05 8.52e-05 8.69e-05 8.72e-05 0.00013885 8.735e-05 8.715e-05 0.00013855 8.715e-05 8.74e-05 8.685e-05 8.56e-05 8.59e-05 8.895e-05 8.71e-05 8.575e-05 8.745e-05 8.85e-05 8.705e-05 8.82e-05 8.625e-05 8.605e-05 8.655e-05 8.695e-05 8.815e-05 8.61e-05 8.715e-05 8.695e-05 8.68e-05 8.685e-05 8.54e-05 8.815e-05 8.565e-05 8.61e-05 8.72e-05 8.815e-05 8.725e-05 8.625e-05 8.955e-05 0.00015085 8.66e-05 8.64e-05 8.765e-05 0.0001388 8.55e-05 8.775e-05 8.965e-05 9.995e-05 8.7e-05 8.665e-05 8.695e-05 8.94e-05 9.895e-05 8.97e-05 8.76e-05 8.77e-05 0.0001385 8.665e-05 8.69e-05 8.625e-05 8.79e-05 0.0001411 8.705e-05 8.945e-05 9.035e-05 8.7e-05 8.71e-05 0.00015425
18 8.84e-05 9.18e-05 8.765e-05 8.875e-05 8.935e-05 8.935e-05 9.06e-05 8.935e-05 8.845e-05 8.96e-05 9.12e-05 8.855e-05 8.9e-05 8.69e-05 8.665e-05 8.665e-05 0.00010115 8.83e-05 0.0001706 8.69e-05 8.65e-05 8.97e-05 0.00013965 8.84e-05 8.855e-05 8.66e-05 8.61e-05 8.605e-05 8.8e-05 8.81e-05 8.58e-05 8.855e-05 8.85e-05 8.81e-05 8.825e-05 8.945e-05 0.0001434 9.205e-05 8.955e-05 0.0001432 9.025e-05 8.685e-05 8.665e-05 9.025e-05 9.12e-05 8.765e-05 8.88e-05 8.845e-05 8.955e-05 8.87e-05 8.96e-05 8.855e-05 9.145e-05 8.89e-05 8.875e-05 8.675e-05 8.975e-05 9.07e-05 9.095e-05 8.885e-05 8.675e-05 9.015e-05 8.81e-05 8.75e-05 8.835e-05 8.835e-05 8.975e-05 8.765e-05 9.17e-05 8.94e-05 8.915e-05 0.0001551 8.88e-05 8.605e-05 8.65e-05 0.0001436 9.04e-05 8.69e-05 8.67e-05 0.00010215 8.61e-05 8.865e-05 8.92e-05 8.76e-05 0.00010405 8.695e-05 8.88e-05 9.005e-05 0.0001399 8.8e-05 8.93e-05 8.775e-05 8.845e-05 0.0001408 9.085e-05 8.59e-05 8.705e-05 8.675e-05 9.155e-05 0.00015585
19 8.985e-05 9.065e-05 6.42e-05 7.435e-05 6.63e-05 6.63e-05 7.015e-05 6.62e-05 8.425e-05 7.385e-05 7.715e-05 9e-05 8.75e-05 8.81e-05 8.64e-05 6.495e-05 7.92e-05 8.96e-05 8.69e-05 0.0001256 6.545e-05 6.67e-05 0.00013455 6.645e-05 9.03e-05 6.35e-05 8.795e-05 8.65e-05 7.35e-05 8.89e-05 8.625e-05 9.66e-05 8.17e-05 8.955e-05 9.63e-05 6.64e-05 0.0001407 9.09e-05 6.64e-05 0.00013295 7.56e-05 7.775e-05 8.635e-05 8.255e-05 6.96e-05 6.56e-05 7.515e-05 9.73e-05 7.4e-05 6.63e-05 6.655e-05 7.245e-05 7.74e-05 9.015e-05 0.0001105 8.655e-05 9.475e-05 6.88e-05 7.615e-05 7.525e-05 8.655e-05 8.925e-05 8.94e-05 6.3e-05 8.98e-05 7.665e-05 6.67e-05 7.125e-05 9.81e-05 8.4e-05 8.72e-05 0.00015005 0.00011055 0.00010885 9.02e-05 0.00013335 6.945e-05 8.925e-05 6.36e-05 7.88e-05 8.67e-05 9.615e-05 6.605e-05 7.26e-05 8.215e-05 6.305e-05 7.32e-05 9.71e-05 0.0001567 9.61e-05 6.625e-05 9.65e-05 8.165e-05 0.00012975 7.605e-05 7.235e-05 6.62e-05 8.65e-05 9.795e-05 0.00017625
20 8.93e-05 9.07e-05 6.545e-05 7.57e-05 6.785e-05 6.785e-05 7.03e-05 6.785e-05 8.575e-05 7.565e-05 7.795e-05 8.945e-05 8.81e-05 8.69e-05 8.67e-05 6.515e-05 8.025e-05 8.905e-05 8.65e-05 6.545e-05 0.0001298 6.825e-05 0.0001358 6.78e-05 8.975e-05 6.53e-05 8.71e-05 8.68e-05 7.485e-05 8.88e-05 8.655e-05 9.67e-05 8.38e-05 8.9e-05 9.64e-05 6.795e-05 0.00014145 9.095e-05 6.805e-05 0.0001337 7.685e-05 7.91e-05 8.665e-05 8.2e-05 7.04e-05 6.725e-05 7.445e-05 9.675e-05 7.56e-05 6.795e-05 6.81e-05 7.445e-05 7.82e-05 8.96e-05 0.0001092 8.675e-05 9.57e-05 6.99e-05 7.76e-05 7.67e-05 8.675e-05 8.935e-05 8.885e-05 6.53e-05 8.925e-05 7.815e-05 6.825e-05 7.32e-05 9.815e-05 8.48e-05 8.81e-05 0.00015075 0.00010925 0.0001083 8.83e-05 0.0001341 6.96e-05 8.87e-05 6.54e-05 8.035e-05 8.77e-05 9.695e-05 6.77e-05 7.44e-05 8.295e-05 6.55e-05 7.475e-05 9.775e-05 0.0001574 9.62e-05 6.78e-05 9.595e-05 8.375e-05 0.00013135 7.75e-05 7.395e-05 6.755e-05 8.675e-05 9.8e-05 0.00017585
21 8.705e-05 8.65e-05 6.505e-05 7.465e-05 6.44e-05 6.425e-05 6.585e-05 6.445e-05 8.29e-05 7.245e-05 7.205e-05 8.73e-05 8.84e-05 8.835e-05 8.725e-05 6.775e-05 7.995e-05 8.73e-05 8.97e-05 6.67e-05 6.825e-05 0.0001281 0.0001355 6.655e-05 8.825e-05 6.675e-05 8.95e-05 8.965e-05 7.48e-05 8.755e-05 8.94e-05 9.58e-05 8.17e-05 8.725e-05 9.55e-05 6.445e-05 0.00013665 8.64e-05 6.43e-05 0.0001287 7.29e-05 7.91e-05 8.72e-05 7.83e-05 6.42e-05 6.75e-05 7.4e-05 9.515e-05 7.245e-05 6.685e-05 6.43e-05 7.28e-05 7.23e-05 8.745e-05 0.00010895 8.725e-05 9.38e-05 6.445e-05 7.275e-05 7.37e-05 8.725e-05 8.655e-05 8.705e-05 6.415e-05 8.71e-05 7.515e-05 6.445e-05 7.25e-05 9.415e-05 8.09e-05 8.855e-05 0.0001465 0.000109 0.0001097 9.19e-05 0.00012875 6.485e-05 9.055e-05 6.685e-05 7.745e-05 8.81e-05 9.46e-05 6.43e-05 7.495e-05 7.74e-05 6.68e-05 7.25e-05 9.485e-05 0.0001558 9.53e-05 6.435e-05 9.535e-05 8.165e-05 0.000131 7.265e-05 7.595e-05 6.995e-05 8.735e-05 9.4e-05 0.0001753
22 0.0001403 0.00014005 0.0001356 0.00013475 0.0001351 0.0001351 0.0001362 0.0001351 0.0001358 0.0001353 0.00013555 0.00014045 0.0001389 0.000141 0.00013975 0.00013545 0.0001353 0.0001401 0.00013965 0.00013455 0.0001358 0.0001355 0.0002666 0.00013435 0.0001405 0.00013455 0.00013975 0.00013965 0.000135 0.0001398 0.0001394 0.0001404 0.00013555 0.00014005 0.0001401 0.0001352 0.00019015 0.0001403 0.0001353 0.00019 0.00013555 0.000139 0.0001397 0.0001396 0.0001356 0.00013545 0.0001367 0.00014015 0.0001353 0.000135 0.0001353 0.00013515 0.0001358 0.0001406 0.00014435 0.0001398 0.00013945 0.0001354 0.0001355 0.00013575 0.00013975 0.00013965 0.00013985 0.0001346 0.00014025 0.00013585 0.00013545 0.00013525 0.0001399 0.000136 0.0001393 0.0001347 0.0001444 0.00014415 0.0001416 0.0001904 0.00013575 0.00014065 0.00013465 0.00013535 0.0001394 0.0001394 0.00013495 0.00013455 0.00013595 0.00013465 0.00013545 0.0001402 0.0001385 0.0001399 0.000135 0.00014045 0.0001355 0.0001895 0.0001354 0.00013515 0.00013505 0.00013985 0.00013975 0.0001941
23 8.82e-05 8.755e-05 0.0001269 7.36e-05 6.605e-05 6.615e-05 7.25e-06 6.6e-05 0.0001433 0.0001338 7.355e-05 8.835e-05 8.735e-05 0.00014925 0.00014815 6.745e-05 7.95e-05 8.815e-05 8.84e-05 6.645e-05 6.78e-05 6.655e-05 0.00013435 1.11e-05 8.89e-05 6.645e-05 8.815e-05 8.84e-05 7.375e-05 8.825e-05 8.815e-05 0.00015615 0.00014205 8.81e-05 0.00015585 6.625e-05 0.0001978 8.79e-05 6.635e-05 0.0001301 7.405e-05 9.575e-05 0.0001481 1.98e-05 6.05e-06 6.735e-05 0.0001352 0.0001555 0.0001338 6.3e-06 6.635e-05 0.00013415 7.38e-05 8.85e-05 0.0001693 0.0001482 0.0001551 5.9e-06 7.38e-05 7.44e-05 0.00014815 8.77e-05 8.775e-05 0.00012615 8.815e-05 7.605e-05 6.65e-05 0.00013435 0.00015495 0.00014145 8.775e-05 0.0002077 0.00016935 0.0001696 9.075e-05 0.0001306 6.2e-06 8.94e-05 6.655e-05 0.0001392 0.00010375 0.00015495 6.59e-05 7.39e-05 7.93e-05 6.655e-05 0.00013385 0.00015545 0.00021615 0.00015565 6.595e-05 0.0001557 0.000142 0.00013055 7.37e-05 7.465e-05 7.25e-06 0.00014825 0.0001548 0.00023565
24 8.62e-05 8.79e-05 8.84e-05 8.915e-05 8.785e-05 8.79e-05 8.555e-05 8.785e-05 8.685e-05 8.815e-05 8.695e-05 8.635e-05 8.995e-05 8.67e-05 8.71e-05 8.93e-05 0.00010245 8.605e-05 8.855e-05 9.03e-05 8.975e-05 8.825e-05 0.0001405 8.89e-05 0.0001695 9.025e-05 8.74e-05 8.85e-05 8.97e-05 8.655e-05 8.825e-05 8.715e-05 8.86e-05 8.6e-05 8.715e-05 8.8e-05 0.00013955 8.82e-05 8.81e-05 0.00013945 8.795e-05 8.765e-05 8.705e-05 8.64e-05 8.69e-05 8.86e-05 8.785e-05 8.595e-05 8.8e-05 8.925e-05 8.8e-05 8.89e-05 8.72e-05 8.62e-05 8.68e-05 8.715e-05 8.875e-05 8.7e-05 8.795e-05 8.765e-05 8.7e-05 8.76e-05 8.575e-05 8.885e-05 8.615e-05 8.685e-05 8.815e-05 8.885e-05 8.77e-05 8.685e-05 9.015e-05 0.00015145 8.685e-05 8.58e-05 8.68e-05 0.0001399 8.635e-05 8.69e-05 9.035e-05 0.00010085 8.715e-05 8.675e-05 8.77e-05 9.01e-05 0.0001001 9.04e-05 8.835e-05 8.81e-05 0.00013845 8.695e-05 8.765e-05 8.655e-05 8.855e-05 0.00014195 8.785e-05 9.005e-05 9e-05 8.72e-05 8.77e-05 0.0001546
25 8.98e-05 9.06e-05 6.43e-05 7.435e-05 6.635e-05 6.635e-05 7.01e-05 6.625e-05 8.43e-05 7.405e-05 7.705e-05 8.995e-05 8.755e-05 8.81e-05 8.65e-05 6.53e-05 7.88e-05 8.955e-05 8.66e-05 6.35e-05 6.53e-05 6.675e-05 0.00013455 6.645e-05 9.025e-05 0.000126 8.765e-05 8.695e-05 7.35e-05 8.885e-05 8.67e-05 9.67e-05 8.19e-05 8.95e-05 9.64e-05 6.645e-05 0.0001406 9.085e-05 6.645e-05 0.00013285 7.55e-05 7.805e-05 8.645e-05 8.25e-05 6.95e-05 6.565e-05 7.525e-05 9.725e-05 7.4e-05 6.67e-05 6.645e-05 7.235e-05 7.73e-05 9.01e-05 0.0001105 8.665e-05 9.48e-05 6.885e-05 7.62e-05 7.53e-05 8.645e-05 8.935e-05 8.935e-05 6.32e-05 8.975e-05 7.67e-05 6.655e-05 7.135e-05 9.805e-05 8.39e-05 8.765e-05 0.00014995 0.00011055 0.00010895 9.02e-05 0.00013325 6.94e-05 8.92e-05 6.32e-05 7.87e-05 8.685e-05 9.62e-05 6.61e-05 7.26e-05 8.205e-05 6.355e-05 7.31e-05 9.71e-05 0.00015675 9.62e-05 6.615e-05 9.645e-05 8.185e-05 0.00013015 7.61e-05 7.215e-05 6.62e-05 8.655e-05 9.79e-05 0.00017625
26 8.76e-05 9.085e-05 8.805e-05 8.845e-05 8.915e-05 8.915e-05 8.93e-05 8.915e-05 8.825e-05 8.94e-05 8.98e-05 8.775e-05 8.92e-05 8.655e-05 8.68e-05 8.695e-05 0.00010125 8.745e-05 8.61e-05 8.795e-05 8.71e-05 8.95e-05 0.00013975 8.815e-05 8.74e-05 8.765e-05 0.0001696 8.635e-05 8.775e-05 8.79e-05 8.61e-05 8.885e-05 8.96e-05 8.74e-05 8.855e-05 8.925e-05 0.0001425 9.11e-05 8.935e-05 0.00014235 8.96e-05 8.74e-05 8.69e-05 8.93e-05 8.98e-05 8.725e-05 8.79e-05 8.745e-05 8.935e-05 8.855e-05 8.925e-05 8.895e-05 9.005e-05 8.795e-05 8.825e-05 8.7e-05 9.005e-05 8.99e-05 9.08e-05 8.87e-05 8.685e-05 9.045e-05 8.715e-05 8.85e-05 8.755e-05 8.825e-05 8.94e-05 8.85e-05 9.07e-05 8.795e-05 8.945e-05 0.00015415 8.83e-05 8.615e-05 8.595e-05 0.00014275 8.93e-05 8.575e-05 8.775e-05 0.0001019 8.67e-05 8.825e-05 8.9e-05 8.81e-05 0.00010275 8.805e-05 8.845e-05 8.93e-05 0.0001399 8.82e-05 8.895e-05 8.67e-05 8.955e-05 0.0001412 9.07e-05 8.725e-05 8.66e-05 8.705e-05 9.06e-05 0.0001558
27 8.855e-05 9.175e-05 8.76e-05 8.875e-05 8.93e-05 8.93e-05 9.055e-05 8.93e-05 8.83e-05 8.955e-05 9.115e-05 8.87e-05 8.9e-05 8.675e-05 8.665e-05 8.635e-05 0.0001015 8.83e-05 8.605e-05 8.65e-05 8.68e-05 8.965e-05 0.00013965 8.84e-05 8.85e-05 8.695e-05 8.635e-05 0.0001705 8.8e-05 8.81e-05 8.525e-05 8.85e-05 8.84e-05 8.825e-05 8.81e-05 8.94e-05 0.00014335 9.2e-05 8.95e-05 0.00014315 9.02e-05 8.69e-05 8.64e-05 9.025e-05 9.115e-05 8.76e-05 8.86e-05 8.845e-05 8.955e-05 8.815e-05 8.955e-05 8.85e-05 9.14e-05 8.885e-05 8.875e-05 8.655e-05 8.97e-05 9.065e-05 9.09e-05 8.875e-05 8.66e-05 9.015e-05 8.81e-05 8.745e-05 8.85e-05 8.82e-05 8.97e-05 8.76e-05 9.165e-05 8.93e-05 8.86e-05 0.00015505 8.88e-05 8.605e-05 8.645e-05 0.00014355 9.035e-05 8.675e-05 8.705e-05 0.0001021 8.61e-05 8.865e-05 8.915e-05 8.76e-05 0.000104 8.645e-05 8.875e-05 8.995e-05 0.0001399 8.8e-05 8.925e-05 8.775e-05 8.835e-05 0.0001404 9.08e-05 8.63e-05 8.705e-05 8.655e-05 9.15e-05 0.00015585
28 8.9e-05 8.91e-05 7.435e-05 7.39e-05 7.44e-05 7.44e-05 7.64e-05 7.44e-05 7.675e-05 7.47e-05 7.53e-05 8.915e-05 8.74e-05 8.92e-05 8.81e-05 7.45e-05 8.765e-05 8.895e-05 8.8e-05 7.35e-05 7.485e-05 7.48e-05 0.000135 7.375e-05 8.97e-05 7.35e-05 8.775e-05 8.8e-05 0.0001445 8.905e-05 8.775e-05 8.96e-05 7.55e-05 8.89e-05 8.93e-05 7.425e-05 0.0001399 8.935e-05 7.46e-05 0.00013965 7.405e-05 8.735e-05 8.805e-05 8.89e-05 7.525e-05 7.44e-05 7.435e-05 8.895e-05 7.47e-05 7.43e-05 7.46e-05 7.355e-05 7.555e-05 8.93e-05 0.00010245 8.815e-05 8.815e-05 7.51e-05 7.565e-05 7.52e-05 8.81e-05 8.945e-05 8.855e-05 7.355e-05 8.895e-05 7.685e-05 7.475e-05 7.42e-05 8.905e-05 7.495e-05 8.8e-05 0.0001497 0.00010265 0.0001021 9.035e-05 0.00014005 7.545e-05 8.9e-05 7.36e-05 8.77e-05 8.79e-05 8.84e-05 7.425e-05 7.275e-05 8.865e-05 7.36e-05 7.295e-05 8.86e-05 0.0001496 8.91e-05 7.43e-05 8.74e-05 7.545e-05 0.0001388 7.555e-05 7.425e-05 7.41e-05 8.82e-05 8.89e-05 0.000169
29 8.645e-05 8.785e-05 8.74e-05 8.865e-05 8.72e-05 8.72e-05 8.66e-05 8.72e-05 8.67e-05 8.75e-05 8.7e-05 8.66e-05 8.915e-05 8.67e-05 8.665e-05 8.835e-05 0.00010175 8.61e-05 8.81e-05 8.89e-05 8.88e-05 8.755e-05 0.0001398 8.825e-05 8.655e-05 8.885e-05 8.79e-05 8.81e-05 8.905e-05 0.0001707 8.785e-05 8.705e-05 8.735e-05 8.615e-05 8.675e-05 8.725e-05 0.00013925 8.81e-05 8.74e-05 0.000139 8.67e-05 8.71e-05 8.665e-05 8.62e-05 8.695e-05 8.895e-05 8.765e-05 8.63e-05 8.75e-05 8.86e-05 8.73e-05 8.705e-05 8.725e-05 8.68e-05 8.685e-05 8.675e-05 8.785e-05 8.68e-05 8.73e-05 8.71e-05 8.66e-05 8.67e-05 8.6e-05 8.745e-05 8.64e-05 8.655e-05 8.745e-05 8.745e-05 8.78e-05 8.71e-05 8.935e-05 0.00015145 8.69e-05 8.63e-05 8.8e-05 0.0001394 8.63e-05 8.825e-05 8.895e-05 0.00010015 8.675e-05 8.68e-05 8.705e-05 8.825e-05 0.0001001 8.9e-05 8.77e-05 8.815e-05 0.0001383 8.65e-05 8.7e-05 8.685e-05 8.73e-05 0.00014075 8.72e-05 8.88e-05 9.035e-05 8.68e-05 8.765e-05 0.0001542
30 8.83e-05 9.15e-05 8.735e-05 8.85e-05 8.905e-05 8.905e-05 9.03e-05 8.905e-05 8.805e-05 8.93e-05 9.09e-05 8.845e-05 8.875e-05 8.65e-05 8.64e-05 8.61e-05 0.00010125 8.805e-05 8.58e-05 8.625e-05 8.655e-05 8.94e-05 0.0001394 8.815e-05 8.825e-05 8.67e-05 8.61e-05 8.525e-05 8.775e-05 8.785e-05 0.00017 8.825e-05 8.815e-05 8.8e-05 8.785e-05 8.915e-05 0.0001431 9.175e-05 8.925e-05 0.0001429 8.995e-05 8.665e-05 8.62e-05 9e-05 9.09e-05 8.735e-05 8.835e-05 8.82e-05 8.93e-05 8.805e-05 8.93e-05 8.825e-05 9.115e-05 8.86e-05 8.85e-05 8.63e-05 8.945e-05 9.04e-05 9.065e-05 8.85e-05 8.635e-05 8.99e-05 8.785e-05 8.72e-05 8.825e-05 8.795e-05 8.945e-05 8.735e-05 9.14e-05 8.905e-05 8.85e-05 0.0001548 8.855e-05 8.58e-05 8.62e-05 0.0001433 9.01e-05 8.65e-05 8.68e-05 0.00010185 8.585e-05 8.84e-05 8.89e-05 8.735e-05 0.00010375 8.635e-05 8.85e-05 8.97e-05 0.00013965 8.775e-05 8.9e-05 8.75e-05 8.81e-05 0.00014015 9.055e-05 8.605e-05 8.68e-05 8.635e-05 9.125e-05 0.0001556
31 8.745e-05 8.86e-05 3.575e-05 8.915e-05 9.545e-05 9.545e-05 0.00015475 9.545e-05 1.995e-05 2.835e-05 8.795e-05 8.76e-05 8.945e-05 2.775e-05 2.755e-05 9.635e-05 0.0001097 8.72e-05 8.855e-05 9.66e-05 9.67e-05 9.58e-05 0.0001404 0.00015615 8.715e-05 9.67e-05 8.885e-05 8.85e-05 8.96e-05 8.705e-05 8.825e-05 3.78e-05 1.9e-05 8.715e-05 1.925e-05 9.555e-05 8.045e-05 8.885e-05 9.565e-05 0.0001476 8.83e-05 7.945e-05 2.75e-05 0.0001545 0.0001553 9.705e-05 2.875e-05 2e-05 2.835e-05 0.0001564 9.57e-05 2.86e-05 8.82e-05 8.735e-05 2.035e-05 2.76e-05 2.1e-05 0.0001548 8.72e-05 8.72e-05 2.76e-05 8.655e-05 8.7e-05 3.56e-05 8.74e-05 8.72e-05 9.585e-05 2.82e-05 2.115e-05 2.085e-05 8.955e-05 9.265e-05 2.04e-05 1.94e-05 8.83e-05 0.000148 0.0001545 8.905e-05 9.68e-05 4.87e-05 7.095e-05 2.02e-05 9.53e-05 8.93e-05 0.0001086 9.67e-05 2.875e-05 2.14e-05 7.18e-05 1.91e-05 9.54e-05 2.05e-05 1.9e-05 0.0001488 8.71e-05 8.835e-05 0.0001581 2.765e-05 2.1e-05 8.78e-05
32 8.82e-05 8.81e-05 2.22e-05 7.505e-05 8.135e-05 8.135e-05 0.0001424 8.135e-05 7.65e-06 1.425e-05 7.455e-05 8.835e-05 8.825e-05 2.925e-05 2.76e-05 8.355e-05 9.545e-05 8.795e-05 8.85e-05 8.17e-05 8.38e-05 8.17e-05 0.00013555 0.00014205 8.86e-05 8.19e-05 8.96e-05 8.84e-05 7.55e-05 8.735e-05 8.815e-05 1.9e-05 5.8e-06 8.79e-05 1.865e-05 8.145e-05 7.875e-05 8.835e-05 8.155e-05 0.0001459 7.45e-05 7.855e-05 2.75e-05 0.00015505 0.0001419 8.335e-05 1.665e-05 2.075e-05 1.425e-05 0.0001422 8.17e-05 1.42e-05 7.48e-05 8.85e-05 3.4e-05 2.76e-05 1.975e-05 0.0001411 7.25e-05 7.245e-05 2.77e-05 8.58e-05 8.775e-05 2.08e-05 8.815e-05 7.495e-05 8.185e-05 1.395e-05 2.065e-05 7.4e-06 8.825e-05 8.845e-05 3.405e-05 3.325e-05 9.115e-05 0.0001463 0.00014175 9.015e-05 8.2e-05 3.465e-05 6.94e-05 1.96e-05 8.12e-05 7.48e-05 9.515e-05 8.18e-05 1.475e-05 2.015e-05 8.045e-05 1.86e-05 8.14e-05 2.125e-05 3e-06 0.0001463 7.235e-05 7.28e-05 0.0001444 2.765e-05 2.05e-05 0.00010025
33 8.55e-05 8.72e-05 8.765e-05 8.855e-05 8.705e-05 8.705e-05 8.585e-05 8.705e-05 8.66e-05 8.74e-05 8.595e-05 8.565e-05 8.93e-05 8.645e-05 8.68e-05 8.855e-05 0.0001015 8.52e-05 8.81e-05 8.955e-05 8.9e-05 8.725e-05 0.00014005 8.81e-05 8.6e-05 8.95e-05 8.74e-05 8.825e-05 8.89e-05 8.615e-05 8.8e-05 8.715e-05 8.79e-05 0.00017 8.685e-05 8.715e-05 0.0001388 8.73e-05 8.71e-05 0.0001385 8.71e-05 8.735e-05 8.68e-05 8.555e-05 8.585e-05 8.89e-05 8.705e-05 8.58e-05 8.74e-05 8.845e-05 8.7e-05 8.815e-05 8.62e-05 8.6e-05 8.66e-05 8.69e-05 8.81e-05 8.605e-05 8.71e-05 8.69e-05 8.675e-05 8.68e-05 8.535e-05 8.81e-05 8.545e-05 8.605e-05 8.715e-05 8.81e-05 8.72e-05 8.62e-05 8.95e-05 0.0001508 8.665e-05 8.635e-05 8.76e-05 0.00013875 8.545e-05 8.77e-05 8.96e-05 9.99e-05 8.695e-05 8.66e-05 8.69e-05 8.935e-05 9.89e-05 8.965e-05 8.755e-05 8.765e-05 0.00013845 8.66e-05 8.685e-05 8.62e-05 8.785e-05 0.00014105 8.7e-05 8.94e-05 9.03e-05 8.695e-05 8.705e-05 0.0001543
34 8.715e-05 8.83e-05 3.545e-05 8.885e-05 9.515e-05 9.515e-05 0.00015445 9.515e-05 1.955e-05 2.805e-05 8.765e-05 8.73e-05 8.915e-05 2.72e-05 2.725e-05 9.605e-05 0.0001094 8.69e-05 8.825e-05 9.63e-05 9.64e-05 9.55e-05 0.0001401 0.00015585 8.715e-05 9.64e-05 8.855e-05 8.81e-05 8.93e-05 8.675e-05 8.785e-05 1.925e-05 1.865e-05 8.685e-05 3.72e-05 9.525e-05 8.015e-05 8.855e-05 9.535e-05 0.0001473 8.8e-05 7.915e-05 2.71e-05 0.0001542 0.000155 9.675e-05 2.845e-05 1.97e-05 2.805e-05 0.0001561 9.54e-05 2.83e-05 8.79e-05 8.745e-05 2.005e-05 2.72e-05 2.07e-05 0.0001545 8.69e-05 8.685e-05 2.705e-05 8.615e-05 8.67e-05 3.53e-05 8.71e-05 8.68e-05 9.555e-05 2.79e-05 2.085e-05 2.05e-05 8.925e-05 9.235e-05 2.01e-05 1.94e-05 8.835e-05 0.0001477 0.0001542 8.85e-05 9.65e-05 4.84e-05 7.06e-05 1.99e-05 9.5e-05 8.9e-05 0.0001083 9.64e-05 2.845e-05 2.105e-05 7.15e-05 1.88e-05 9.51e-05 2.02e-05 1.865e-05 0.0001485 8.68e-05 8.8e-05 0.0001578 2.725e-05 2.07e-05 8.75e-05
35 8.725e-05 8.62e-05 6.475e-05 7.435e-05 6.41e-05 6.405e-05 6.555e-05 6.415e-05 8.265e-05 7.215e-05 7.21e-05 8.74e-05 8.81e-05 8.81e-05 8.7e-05 6.745e-05 7.965e-05 8.72e-05 8.945e-05 6.64e-05 6.795e-05 6.445e-05 0.0001352 6.625e-05 8.8e-05 6.645e-05 8.925e-05 8.94e-05 7.425e-05 8.725e-05 8.915e-05 9.555e-05 8.145e-05 8.715e-05 9.525e-05 0.0001275 0.00013635 8.645e-05 6.435e-05 0.0001284 7.23e-05 7.88e-05 8.695e-05 7.8e-05 6.435e-05 6.72e-05 7.345e-05 9.49e-05 7.215e-05 6.655e-05 6.435e-05 7.25e-05 7.235e-05 8.755e-05 0.0001087 8.7e-05 9.355e-05 6.42e-05 7.245e-05 7.345e-05 8.7e-05 8.625e-05 8.68e-05 6.38e-05 8.72e-05 7.505e-05 6.45e-05 7.225e-05 9.385e-05 8.085e-05 8.825e-05 0.0001462 0.00010875 0.0001095 9.165e-05 0.0001288 6.455e-05 9.03e-05 6.655e-05 7.715e-05 8.785e-05 9.435e-05 6.4e-05 7.465e-05 7.745e-05 6.65e-05 7.195e-05 9.485e-05 0.00015555 9.505e-05 6.405e-05 9.485e-05 8.14e-05 0.0001307 7.235e-05 7.57e-05 6.965e-05 8.71e-05 9.37e-05 0.00017505
36 0.000139 0.0001365 7.92e-05 0.000138 0.00013625 0.00013625 0.00019485 0.00013625 7.82e-05 7.67e-05 0.0001339 0.00013915 0.00014055 8.215e-05 8.145e-05 0.000141 0.00015175 0.00013885 0.0001434 0.0001407 0.00014145 0.00013665 0.00019015 0.0001978 0.00013955 0.0001406 0.0001425 0.00014335 0.0001399 0.00013925 0.0001431 8.045e-05 7.875e-05 0.0001388 8.015e-05 0.00013635 0.0001469 0.00013675 0.00013645 0.00013345 0.0001361 0.0001252 8.14e-05 0.00019555 0.00019375 0.0001404 7.885e-05 7.87e-05 7.63e-05 0.00019815 0.0001363 7.855e-05 0.0001342 0.0001393 8.135e-05 8.15e-05 7.905e-05 0.000194 0.000135 0.0001376 8.13e-05 0.00013695 0.00013855 7.875e-05 0.00013895 0.0001381 0.00013645 7.935e-05 7.62e-05 7.65e-05 0.00014075 0.0001395 8.14e-05 8.395e-05 0.0001444 0.00013385 0.00019405 0.00014315 0.0001407 8.96e-05 0.0001263 7.855e-05 0.0001361 0.0001403 0.00014735 0.0001408 7.8e-05 7.95e-05 0.00013105 7.995e-05 0.000136 8.07e-05 7.87e-05 0.00013795 0.0001349 0.00014205 0.0002023 8.155e-05 7.64e-05 9.665e-05
37 8.72e-05 8.34e-05 8.875e-05 8.835e-05 8.635e-05 8.635e-05 8.445e-05 8.635e-05 8.755e-05 8.67e-05 8.35e-05 8.72e-05 8.785e-05 9.01e-05 9.01e-05 9.05e-05 0.0001018 8.735e-05 9.205e-05 9.09e-05 9.095e-05 8.64e-05 0.0001403 8.79e-05 8.82e-05 9.085e-05 9.11e-05 9.2e-05 8.935e-05 8.81e-05 9.175e-05 8.885e-05 8.835e-05 8.73e-05 8.855e-05 8.645e-05 0.00013675 0.0001663 8.62e-05 0.00013645 8.57e-05 9.015e-05 9.005e-05 8.46e-05 8.34e-05 9.065e-05 8.76e-05 8.755e-05 8.67e-05 8.825e-05 8.595e-05 8.83e-05 8.36e-05 8.74e-05 8.71e-05 9.015e-05 8.655e-05 8.39e-05 8.485e-05 8.735e-05 9e-05 8.585e-05 8.71e-05 8.895e-05 8.715e-05 8.74e-05 8.625e-05 8.92e-05 8.37e-05 8.62e-05 8.805e-05 0.0001495 8.71e-05 9.175e-05 9.245e-05 0.0001365 8.355e-05 9.185e-05 9.095e-05 9.97e-05 9.09e-05 8.805e-05 8.62e-05 9e-05 9.695e-05 9.1e-05 8.75e-05 8.66e-05 0.00014035 8.835e-05 8.615e-05 8.86e-05 8.83e-05 0.00014105 8.475e-05 9.19e-05 9.255e-05 9.02e-05 8.355e-05 0.0001563
38 8.7e-05 8.63e-05 6.46e-05 7.445e-05 6.425e-05 6.425e-05 6.565e-05 6.41e-05 8.275e-05 7.215e-05 7.185e-05 8.715e-05 8.82e-05 8.81e-05 8.7e-05 6.755e-05 7.975e-05 8.715e-05 8.955e-05 6.64e-05 6.805e-05 6.43e-05 0.0001353 6.635e-05 8.81e-05 6.645e-05 8.935e-05 8.95e-05 7.46e-05 8.74e-05 8.925e-05 9.565e-05 8.155e-05 8.71e-05 9.535e-05 6.435e-05 0.00013645 8.62e-05 0.0001277 0.0001285 7.27e-05 7.88e-05 8.695e-05 7.81e-05 6.41e-05 6.715e-05 7.38e-05 9.5e-05 7.215e-05 6.665e-05 6.4e-05 7.25e-05 7.21e-05 8.73e-05 0.0001088 8.715e-05 9.355e-05 6.43e-05 7.255e-05 7.355e-05 8.7e-05 8.635e-05 8.69e-05 6.405e-05 8.695e-05 7.5e-05 6.405e-05 7.215e-05 9.395e-05 8.075e-05 8.835e-05 0.0001463 0.00010885 0.0001096 9.175e-05 0.00012845 6.465e-05 9.04e-05 6.655e-05 7.715e-05 8.795e-05 9.445e-05 6.4e-05 7.475e-05 7.72e-05 6.65e-05 7.22e-05 9.475e-05 0.00015565 9.515e-05 6.405e-05 9.52e-05 8.15e-05 0.0001308 7.245e-05 7.58e-05 6.975e-05 8.71e-05 9.38e-05 0.00017515
