 slim_337627234 slim_337627242 slim_337627212 slim_337626981 slim_337627225 slim_337627192 slim_337627031 slim_337627130 slim_337627147 slim_337627162 slim_337627096 slim_337627231 slim_337627243 slim_337627193 slim_337627241 slim_337627214 slim_337627254 slim_337627252 slim_337627048 slim_337627213 slim_337627221 slim_337627142 slim_337627017 slim_337626861 slim_337627183 slim_337627122 slim_337627136 slim_337627215 slim_337627126 slim_337627161 slim_337627205 slim_337627196 slim_337626975 slim_337627201 slim_337627179 slim_337627166 slim_337627207 slim_337627123 slim_337627229 slim_337627158 slim_337627190 slim_337627227 slim_337627092 slim_337627146 slim_337627137 slim_337627105 slim_337627266 slim_337627224 slim_337627223 slim_337627270 slim_337627232 slim_337627204 slim_337627148 slim_337627253 slim_337627203 slim_337626691 slim_337627228 slim_337627067 slim_337627199 slim_337627008 slim_337627233 slim_337627230 slim_337627191 slim_337627268 slim_337627006 slim_337627262 slim_337627261 slim_337627235 slim_337627180 slim_337627202 slim_337627250 slim_337626932 slim_337627047 slim_337627244 slim_337627172 slim_337627198 slim_337627121 slim_337627043 slim_337627226 slim_337627222 slim_337627156 slim_337627085 slim_337627135 slim_337627259 slim_337627152 slim_337627141 slim_337627240 slim_337627189 slim_337626581 slim_337627218 slim_337627265 slim_337627090 slim_337627247 slim_337626660 slim_337626988 slim_337627188 slim_337627257 slim_337627089 slim_337627171 slim_337627208
0 1.2e-05 7.1e-06 1.2e-05 1.005e-05 1.135e-05 8.45e-06 7.6e-06 1.31e-05 8.65e-06 8.25e-06 1.03e-05 8.1e-06 7.85e-06 1.055e-05 7.95e-06 1.16e-05 7.05e-06 9.15e-06 1.57e-05 9.9e-06 8.35e-06 8.1e-06 1.225e-05 1.355e-05 7.8e-06 1.205e-05 8.9e-06 6.35e-06 1.045e-05 8.65e-06 9.85e-06 1.155e-05 8.15e-06 1.13e-05 8.3e-06 1.215e-05 6.15e-06 9.85e-06 8.65e-06 9.7e-06 8.8e-06 1.255e-05 8.85e-06 8.55e-06 1.02e-05 1.195e-05 8.9e-06 1.175e-05 1.285e-05 8.75e-06 1.04e-05 7.95e-06 9.15e-06 9.75e-06 1.255e-05 8.2e-06 9.05e-06 9e-06 1.135e-05 9.65e-06 8.8e-06 8.25e-06 1.01e-05 9.7e-06 1.065e-05 8.4e-06 1.075e-05 1.375e-05 1e-05 7.65e-06 1.155e-05 1.22e-05 8.5e-06 8.55e-06 1.265e-05 1.195e-05 9.45e-06 1.125e-05 8.9e-06 9.45e-06 8.95e-06 6.9e-06 8.05e-06 1.28e-05 1e-05 7.95e-06 1e-05 8.6e-06 1.245e-05 1.355e-05 9e-06 8.95e-06 1.05e-05 8.2e-06 9e-06 1.065e-05 8.75e-06 1.11e-05 7.55e-06 9.5e-06
1 7.1e-06 1.2e-05 1.22e-05 1.01e-05 1.135e-05 8.45e-06 7.75e-06 1.31e-05 8.65e-06 8.25e-06 1.04e-05 8.3e-06 8.7e-06 1.065e-05 7.95e-06 1.16e-05 7.95e-06 9.4e-06 1.57e-05 1e-05 8.15e-06 8.1e-06 1.225e-05 1.355e-05 8.5e-06 1.17e-05 8.9e-06 7.55e-06 1.02e-05 8.3e-06 9.85e-06 1.155e-05 8.3e-06 1.15e-05 7.95e-06 1.215e-05 7.85e-06 9.95e-06 9.55e-06 9.7e-06 8.45e-06 1.26e-05 8.85e-06 8.85e-06 1.02e-05 1.215e-05 9.05e-06 1.175e-05 1.295e-05 9.5e-06 1.04e-05 8.35e-06 9.15e-06 9.75e-06 1.255e-05 8.2e-06 9.05e-06 9e-06 1.135e-05 9.75e-06 8.95e-06 8.55e-06 1.005e-05 9.7e-06 1.065e-05 9.1e-06 1.085e-05 1.385e-05 1.01e-05 7.95e-06 1.165e-05 1.22e-05 8.5e-06 8.55e-06 1.265e-05 1.215e-05 9.45e-06 1.155e-05 9.1e-06 9.45e-06 9.25e-06 7.1e-06 7.7e-06 1.285e-05 1.03e-05 8.15e-06 9.65e-06 8.25e-06 1.255e-05 1.355e-05 1e-05 8.65e-06 1.055e-05 8.2e-06 8.65e-06 1.07e-05 8.4e-06 1.125e-05 8.45e-06 9.5e-06
2 1.2e-05 1.22e-05 1.77e-05 1.38e-05 1.295e-05 1.315e-05 1.125e-05 1.295e-05 1.255e-05 1.295e-05 1.37e-05 1.11e-05 1.145e-05 1.39e-05 1.295e-05 1.09e-05 1.195e-05 1.205e-05 1.165e-05 1.365e-05 1.03e-05 1.325e-05 1.255e-05 1.105e-05 1.275e-05 1.135e-05 1.235e-05 1e-05 1.345e-05 1.2e-05 1.3e-05 1.085e-05 1.08e-05 1.385e-05 1.215e-05 1.295e-05 1.055e-05 1.385e-05 1.185e-05 1.235e-05 1.18e-05 1.2e-05 1.3e-05 1.185e-05 1.185e-05 8.85e-06 1.01e-05 1.23e-05 1.23e-05 1.25e-05 1.21e-05 8.95e-06 1.275e-05 1.245e-05 1.255e-05 1.285e-05 1.275e-05 1.24e-05 1.095e-05 1.395e-05 1.08e-05 1.075e-05 1.31e-05 1.185e-05 1.145e-05 1.27e-05 1.415e-05 1.26e-05 1.385e-05 1.05e-05 1.25e-05 1.225e-05 1.305e-05 1.315e-05 1.265e-05 1.465e-05 1.19e-05 1.07e-05 1.045e-05 1.265e-05 1.005e-05 1.105e-05 1.18e-05 1.225e-05 1.185e-05 1.095e-05 1.265e-05 1.195e-05 1.19e-05 1.115e-05 1.25e-05 1.175e-05 1.32e-05 1.29e-05 1.14e-05 1.4e-05 1.215e-05 1.065e-05 1.175e-05 1.255e-05
3 1.005e-05 1.01e-05 1.38e-05 1.14e-05 9.55e-06 7.75e-06 9.85e-06 9.3e-06 7.3e-06 7.55e-06 7.3e-06 1.005e-05 1.06e-05 7.5e-06 6.5e-06 1.11e-05 1e-05 9.45e-06 1.29e-05 6.35e-06 1.295e-05 6.9e-06 1.06e-05 1.22e-05 8.1e-06 1.325e-05 8.05e-06 1.265e-05 9.6e-06 1.06e-05 9.35e-06 1.105e-05 1.065e-05 7.45e-06 1.015e-05 1.05e-05 1.3e-05 7.1e-06 1.165e-05 9.05e-06 1.145e-05 1.23e-05 8.35e-06 1.055e-05 9.15e-06 1.375e-05 1.1e-05 9.7e-06 1.015e-05 1.075e-05 9.75e-06 1.335e-05 8.4e-06 9.2e-06 1.085e-05 7.3e-06 8.35e-06 8e-06 1.02e-05 7.15e-06 1.01e-05 1.075e-05 7.9e-06 8.55e-06 9.6e-06 8.6e-06 8.3e-06 1.06e-05 7.05e-06 1.025e-05 8.4e-06 1.055e-05 7.45e-06 7.55e-06 1.095e-05 7.05e-06 8.6e-06 1.27e-05 1.16e-05 9.15e-06 1.14e-05 1e-05 9.85e-06 1.255e-05 1.055e-05 9.9e-06 1.02e-05 1.09e-05 9.75e-06 1.175e-05 9.7e-06 1.27e-05 6.75e-06 7.5e-06 1.135e-05 7.3e-06 1.11e-05 1.22e-05 1.035e-05 8.9e-06
4 1.135e-05 1.135e-05 1.295e-05 9.55e-06 1.03e-05 7.3e-06 9.35e-06 1.115e-05 7.9e-06 7.1e-06 9.5e-06 1.09e-05 1.185e-05 1.005e-05 7.45e-06 1e-05 1.075e-05 1.2e-05 9.85e-06 9.7e-06 1.385e-05 7.65e-06 8e-06 1.045e-05 8.9e-06 1.195e-05 7.45e-06 1.32e-05 1.14e-05 9.55e-06 8.3e-06 1e-05 1.02e-05 1.18e-05 1.09e-05 7.7e-06 1.35e-05 9.95e-06 1.135e-05 9.4e-06 1.105e-05 1e-05 7e-06 1.05e-05 6.7e-06 1.29e-05 1e-05 8.65e-06 1.205e-05 1.035e-05 7.9e-06 1.4e-05 8e-06 8e-06 8.7e-06 7.1e-06 8.2e-06 7.85e-06 1.005e-05 1e-05 1.095e-05 1.065e-05 1.1e-05 7.9e-06 9.6e-06 7.65e-06 1.005e-05 1.205e-05 9.95e-06 1.095e-05 1.01e-05 8.35e-06 7.65e-06 7.4e-06 8.8e-06 1.23e-05 8.3e-06 1.145e-05 1.13e-05 8.2e-06 1.05e-05 1.135e-05 1.055e-05 1.03e-05 1.325e-05 1.075e-05 1.275e-05 1.08e-05 1.165e-05 9.05e-06 1.285e-05 1.22e-05 9.8e-06 7.05e-06 1.12e-05 9.85e-06 1.065e-05 1.085e-05 9.35e-06 8.2e-06
5 8.45e-06 8.45e-06 1.315e-05 7.75e-06 7.3e-06 6.6e-06 6.5e-06 1.11e-05 6.35e-06 3.3e-06 6.7e-06 9e-06 9.45e-06 7.85e-06 5.9e-06 8.9e-06 8.9e-06 1.005e-05 1.34e-05 7.9e-06 1.165e-05 4.95e-06 8.4e-06 1.155e-05 7.4e-06 1.265e-05 4.85e-06 1.105e-05 9.15e-06 8.25e-06 6e-06 8.9e-06 7.55e-06 9.9e-06 9.05e-06 7.7e-06 1.135e-05 8.3e-06 1.005e-05 6.5e-06 8.25e-06 1.055e-05 3.4e-06 8.2e-06 6.95e-06 1.31e-05 9.4e-06 9.65e-06 1.165e-05 8.4e-06 6.6e-06 1.175e-05 5.4e-06 7e-06 8.75e-06 4.5e-06 5.65e-06 5.8e-06 9.75e-06 8.25e-06 8.95e-06 9.1e-06 9.25e-06 7.6e-06 9.3e-06 6.7e-06 7.45e-06 1.265e-05 8.3e-06 9.15e-06 9.55e-06 8.3e-06 5.7e-06 4.85e-06 8.85e-06 1.04e-05 7e-06 1.215e-05 8.6e-06 5.45e-06 9.9e-06 8.4e-06 8.7e-06 1.085e-05 1.125e-05 8.85e-06 1.08e-05 8.55e-06 1.125e-05 1.13e-05 1.075e-05 9.9e-06 7.9e-06 3.3e-06 9.6e-06 7.65e-06 7.75e-06 1.155e-05 8.05e-06 6.55e-06
6 7.6e-06 7.75e-06 1.125e-05 9.85e-06 9.35e-06 6.5e-06 9.4e-06 1.26e-05 7.65e-06 6.3e-06 8.75e-06 7.5e-06 8.3e-06 1e-05 7.3e-06 9.1e-06 7.25e-06 8.75e-06 1.48e-05 1e-05 7.55e-06 7.85e-06 9.85e-06 1.235e-05 7.55e-06 1.115e-05 6.2e-06 6.3e-06 9.25e-06 7.2e-06 7.5e-06 9.1e-06 5.4e-06 1.205e-05 7.55e-06 9.25e-06 6.65e-06 1.015e-05 8.2e-06 8e-06 6.4e-06 1.08e-05 4.8e-06 6.95e-06 8.35e-06 1.12e-05 7.2e-06 1.105e-05 1.27e-05 7.4e-06 7.5e-06 7.35e-06 6.7e-06 8.95e-06 1.015e-05 5.95e-06 8.8e-06 7.25e-06 1.025e-05 1.015e-05 7.75e-06 7.6e-06 1e-05 8.55e-06 9.9e-06 7.3e-06 9.3e-06 1.34e-05 1.015e-05 6.25e-06 1.12e-05 9.75e-06 7.15e-06 6.2e-06 1.025e-05 1.295e-05 8.45e-06 1.045e-05 6.7e-06 6.5e-06 7.75e-06 7.7e-06 7.2e-06 1.11e-05 1.02e-05 7.35e-06 9.75e-06 7.1e-06 1.23e-05 1.225e-05 9.8e-06 7.25e-06 1e-05 6.25e-06 8.25e-06 9.8e-06 6.3e-06 9.8e-06 6.85e-06 8.2e-06
7 1.31e-05 1.31e-05 1.295e-05 9.3e-06 1.115e-05 1.11e-05 1.26e-05 1.27e-05 1.045e-05 1.09e-05 9.7e-06 1.33e-05 1.18e-05 9.85e-06 1.045e-05 1.035e-05 1.305e-05 1.065e-05 9.35e-06 9.2e-06 1.51e-05 1.085e-05 1.06e-05 1.035e-05 1.13e-05 1.255e-05 1.06e-05 1.49e-05 1.04e-05 1.345e-05 1.155e-05 1.03e-05 1.345e-05 8.7e-06 1.335e-05 1.1e-05 1.52e-05 9e-06 1.29e-05 1.07e-05 1.41e-05 1.215e-05 1.14e-05 1.34e-05 1.03e-05 1.29e-05 1.16e-05 9.9e-06 7.9e-06 1.365e-05 1.065e-05 1.56e-05 1.075e-05 1.135e-05 1.055e-05 1.08e-05 1.085e-05 1.055e-05 8.65e-06 9.3e-06 1.225e-05 1.275e-05 9.8e-06 1.005e-05 9.2e-06 1.165e-05 9.75e-06 9.75e-06 9.15e-06 1.315e-05 8.65e-06 1.03e-05 1.105e-05 1.12e-05 1.065e-05 7.9e-06 1.03e-05 1.205e-05 1.43e-05 1.22e-05 1.19e-05 1.305e-05 1.29e-05 1.24e-05 1.165e-05 1.315e-05 1.085e-05 1.345e-05 7.5e-06 9.35e-06 1.17e-05 1.54e-05 8.8e-06 1.085e-05 1.31e-05 9.75e-06 1.37e-05 1.165e-05 1.325e-05 1.125e-05
8 8.65e-06 8.65e-06 1.255e-05 7.3e-06 7.9e-06 6.35e-06 7.65e-06 1.045e-05 4.7e-06 6.15e-06 8.7e-06 7.05e-06 9.35e-06 8.9e-06 2.95e-06 9.1e-06 7.25e-06 1.08e-05 1.195e-05 7.35e-06 1.145e-05 4.8e-06 9e-06 1.13e-05 4.85e-06 1.18e-05 4.05e-06 1.08e-05 1.075e-05 8.15e-06 6.15e-06 9.05e-06 8.45e-06 1.16e-05 7e-06 9.25e-06 1.11e-05 7.5e-06 1.02e-05 7.4e-06 9.15e-06 1.05e-05 5.7e-06 8.15e-06 7.45e-06 1.25e-05 9.9e-06 7.4e-06 1.17e-05 8e-06 8.2e-06 1.16e-05 4.85e-06 6.3e-06 9.05e-06 4.15e-06 6.4e-06 4.25e-06 7.2e-06 7.55e-06 7.15e-06 7.9e-06 9.25e-06 6.3e-06 7.1e-06 5.7e-06 9.2e-06 1.3e-05 7.35e-06 8.15e-06 1.09e-05 8.75e-06 4e-06 4.2e-06 9.15e-06 1.2e-05 4.05e-06 1.13e-05 9.4e-06 6.5e-06 1.025e-05 8.65e-06 7.15e-06 1.075e-05 1.19e-05 7e-06 1.14e-05 8.6e-06 1.13e-05 1.105e-05 1.15e-05 1.04e-05 7.15e-06 6.1e-06 8.5e-06 8.8e-06 8.8e-06 1.085e-05 7.95e-06 5.65e-06
9 8.25e-06 8.25e-06 1.295e-05 7.55e-06 7.1e-06 3.3e-06 6.3e-06 1.09e-05 6.15e-06 6.2e-06 6.5e-06 8.8e-06 9.25e-06 7.65e-06 5.7e-06 8.7e-06 8.7e-06 9.85e-06 1.32e-05 7.7e-06 1.145e-05 4.75e-06 8.2e-06 1.135e-05 7.2e-06 1.245e-05 4.65e-06 1.085e-05 8.95e-06 8.05e-06 5.8e-06 8.7e-06 7.35e-06 9.7e-06 8.85e-06 7.5e-06 1.115e-05 8.1e-06 9.85e-06 6.3e-06 8.05e-06 1.035e-05 3.2e-06 8e-06 6.75e-06 1.29e-05 9.2e-06 9.45e-06 1.145e-05 8.2e-06 6.4e-06 1.155e-05 5.2e-06 6.8e-06 8.55e-06 4.3e-06 5.5e-06 5.6e-06 9.55e-06 8.05e-06 8.75e-06 8.9e-06 9.05e-06 7.4e-06 9.1e-06 6.5e-06 7.25e-06 1.245e-05 8.1e-06 8.95e-06 9.35e-06 8.1e-06 5.5e-06 4.65e-06 8.65e-06 1.02e-05 6.8e-06 1.195e-05 8.4e-06 5.25e-06 9.7e-06 8.2e-06 8.5e-06 1.065e-05 1.105e-05 8.65e-06 1.06e-05 8.35e-06 1.105e-05 1.11e-05 1.055e-05 9.7e-06 7.7e-06 3.1e-06 9.4e-06 7.45e-06 7.55e-06 1.135e-05 7.85e-06 6.35e-06
10 1.03e-05 1.04e-05 1.37e-05 7.3e-06 9.5e-06 6.7e-06 8.75e-06 9.7e-06 8.7e-06 6.5e-06 1.16e-05 1.09e-05 1.045e-05 7.1e-06 8.4e-06 1.02e-05 1.08e-05 9.4e-06 1.32e-05 7.1e-06 1.27e-05 8.05e-06 9.6e-06 1.22e-05 9.3e-06 1.33e-05 7.25e-06 1.235e-05 8.9e-06 1.08e-05 8.3e-06 1.02e-05 9.85e-06 7.4e-06 1.105e-05 9.05e-06 1.275e-05 7.85e-06 1.145e-05 8.1e-06 1.025e-05 1.205e-05 5.9e-06 1.015e-05 9.5e-06 1.365e-05 1.12e-05 1.08e-05 1e-05 1.065e-05 8.55e-06 1.305e-05 7.75e-06 9.4e-06 9.9e-06 7.05e-06 8.7e-06 8.2e-06 1.09e-05 7.8e-06 1.035e-05 1.085e-05 7.9e-06 9.6e-06 1.06e-05 9.15e-06 7e-06 1.085e-05 7.85e-06 1.085e-05 8.2e-06 9.5e-06 8.25e-06 7.3e-06 1e-05 6.6e-06 9.2e-06 1.27e-05 1.05e-05 8e-06 1.13e-05 1.025e-05 1.07e-05 1.235e-05 1.02e-05 1.075e-05 1.01e-05 1.06e-05 9.6e-06 1.195e-05 9.35e-06 1.225e-05 7.3e-06 6.45e-06 1.145e-05 7.25e-06 9.8e-06 1.25e-05 1.05e-05 8.9e-06
11 8.1e-06 8.3e-06 1.11e-05 1.005e-05 1.09e-05 9e-06 7.5e-06 1.33e-05 7.05e-06 8.8e-06 1.09e-05 1.18e-05 9.25e-06 1.11e-05 6.5e-06 1.13e-05 7.2e-06 9.95e-06 1.57e-05 9.9e-06 7.35e-06 7.8e-06 1.21e-05 1.365e-05 7e-06 1.19e-05 8.25e-06 7.05e-06 1.105e-05 8.05e-06 9.8e-06 1.125e-05 7.9e-06 1.25e-05 7.05e-06 1.2e-05 7.6e-06 1e-05 9.35e-06 1.015e-05 8.45e-06 1.21e-05 8.55e-06 8e-06 9.75e-06 1.105e-05 8.95e-06 1.105e-05 1.36e-05 8.1e-06 1.025e-05 6e-06 8.55e-06 9.9e-06 1.235e-05 7.35e-06 9.85e-06 8.3e-06 1.07e-05 1.01e-05 7.45e-06 8.3e-06 1.02e-05 8.7e-06 1.005e-05 7.75e-06 1.135e-05 1.45e-05 9.85e-06 6.5e-06 1.23e-05 1.205e-05 7.2e-06 7.4e-06 1.245e-05 1.35e-05 9.05e-06 1.125e-05 7.6e-06 8.95e-06 8.95e-06 7.15e-06 7.15e-06 1.235e-05 9.8e-06 5.95e-06 1.06e-05 8.25e-06 1.32e-05 1.355e-05 1.045e-05 8.35e-06 1.075e-05 8.75e-06 8.95e-06 1.12e-05 8.45e-06 1.115e-05 7.8e-06 9.35e-06
12 7.85e-06 8.7e-06 1.145e-05 1.06e-05 1.185e-05 9.45e-06 8.3e-06 1.18e-05 9.35e-06 9.25e-06 1.045e-05 9.25e-06 1.26e-05 1.07e-05 9.9e-06 1.145e-05 8.45e-06 8.75e-06 1.43e-05 1.045e-05 8.65e-06 9.6e-06 1.23e-05 1.305e-05 9.15e-06 1.15e-05 9.1e-06 6.7e-06 1e-05 9.3e-06 9.7e-06 1.14e-05 8.75e-06 1.04e-05 9.45e-06 1.265e-05 6.65e-06 1.04e-05 9.05e-06 8.4e-06 9.45e-06 1.23e-05 9.85e-06 9.2e-06 1.085e-05 1.14e-05 9.25e-06 1.21e-05 1.17e-05 9.4e-06 1.105e-05 8.25e-06 9.8e-06 9.5e-06 1.235e-05 9.75e-06 8.9e-06 9.15e-06 1.085e-05 1.075e-05 8.6e-06 7.9e-06 9.95e-06 1.085e-05 1.125e-05 9.1e-06 1.07e-05 1.265e-05 1.035e-05 8.05e-06 1.135e-05 1.2e-05 1e-05 1.005e-05 1.245e-05 1.105e-05 8.5e-06 1.07e-05 9.45e-06 1.035e-05 9.25e-06 8.5e-06 9.1e-06 1.255e-05 9.6e-06 9.1e-06 9.4e-06 9.25e-06 1.13e-05 1.3e-05 8.85e-06 9.55e-06 9.8e-06 9.2e-06 8.5e-06 1.08e-05 9.4e-06 1.06e-05 8.25e-06 9.5e-06
13 1.055e-05 1.065e-05 1.39e-05 7.5e-06 1.005e-05 7.85e-06 1e-05 9.85e-06 8.9e-06 7.65e-06 7.1e-06 1.11e-05 1.07e-05 1.2e-05 8.4e-06 1.125e-05 1.09e-05 9.65e-06 1.34e-05 7.2e-06 1.29e-05 8.2e-06 1.08e-05 1.24e-05 9.3e-06 1.35e-05 8.45e-06 1.255e-05 9.75e-06 1.095e-05 9.6e-06 1.12e-05 1.09e-05 7.65e-06 1.125e-05 1.055e-05 1.295e-05 8e-06 1.165e-05 9.2e-06 1.135e-05 1.24e-05 8.15e-06 8.85e-06 9.6e-06 1.385e-05 1.135e-05 1.09e-05 1.025e-05 1.06e-05 9.75e-06 1.325e-05 8.65e-06 8.95e-06 1.09e-05 8.15e-06 8.9e-06 7.4e-06 1.1e-05 7.95e-06 1.055e-05 1.105e-05 8.05e-06 9.75e-06 1.07e-05 9.2e-06 8.05e-06 1.105e-05 8.1e-06 1.105e-05 8.4e-06 1.07e-05 7.45e-06 8.55e-06 1.1e-05 6.9e-06 9.45e-06 1.29e-05 1.155e-05 8.05e-06 1.145e-05 1.05e-05 1.08e-05 1.24e-05 1.045e-05 1.095e-05 1.035e-05 9.6e-06 9.85e-06 1.21e-05 9.45e-06 1.23e-05 7.5e-06 7.6e-06 1.17e-05 6.45e-06 1.1e-05 1.27e-05 1.065e-05 7.9e-06
14 7.95e-06 7.95e-06 1.295e-05 6.5e-06 7.45e-06 5.9e-06 7.3e-06 1.045e-05 2.95e-06 5.7e-06 8.4e-06 6.5e-06 9.9e-06 8.4e-06 1e-06 9.35e-06 6.1e-06 1.06e-05 1.29e-05 6e-06 1.13e-05 4e-06 9e-06 1.155e-05 3.25e-06 1.22e-05 4.75e-06 1.065e-05 1.035e-05 7.85e-06 6.65e-06 9.3e-06 8.1e-06 1.145e-05 6.5e-06 8.8e-06 1.095e-05 6.35e-06 9.9e-06 7.8e-06 8.85e-06 1.075e-05 5.25e-06 7.65e-06 7e-06 1.29e-05 9.55e-06 6.8e-06 1.21e-05 7.25e-06 7.75e-06 1.145e-05 4.5e-06 6.85e-06 9.1e-06 2.85e-06 6.9e-06 4.6e-06 7.65e-06 6.4e-06 7.85e-06 8.6e-06 8.65e-06 5.5e-06 6.5e-06 4.95e-06 8.7e-06 1.34e-05 6.6e-06 7.8e-06 1.06e-05 9e-06 3.1e-06 3.4e-06 9.2e-06 1.185e-05 5.7e-06 1.17e-05 9.1e-06 5.85e-06 9.95e-06 7.95e-06 5.85e-06 1.1e-05 1.175e-05 6.35e-06 1.125e-05 8.1e-06 1.17e-05 1.13e-05 1.135e-05 1.01e-05 7.85e-06 5.65e-06 9.15e-06 8.3e-06 8.5e-06 1.12e-05 7.65e-06 6e-06
15 1.16e-05 1.16e-05 1.09e-05 1.11e-05 1e-05 8.9e-06 9.1e-06 1.035e-05 9.1e-06 8.7e-06 1.02e-05 1.13e-05 1.145e-05 1.125e-05 9.35e-06 1.13e-05 1.11e-05 1.205e-05 1.075e-05 1.115e-05 1.27e-05 1e-05 9.3e-06 9.25e-06 1.055e-05 1.18e-05 7.9e-06 1.2e-05 1.165e-05 1.1e-05 9.35e-06 5.65e-06 8.4e-06 1.31e-05 1.125e-05 9.25e-06 1.23e-05 1.14e-05 1.105e-05 8.2e-06 9.8e-06 1.06e-05 7.4e-06 1.075e-05 7.75e-06 1.085e-05 8.55e-06 1.005e-05 9.7e-06 1.12e-05 7.1e-06 1.29e-05 8.25e-06 1.05e-05 9.3e-06 8.25e-06 1.045e-05 8.8e-06 7.2e-06 1.145e-05 1.065e-05 1.09e-05 1.21e-05 7.85e-06 7.6e-06 1.04e-05 1.07e-05 1.215e-05 1.14e-05 1.12e-05 9.6e-06 9e-06 9.3e-06 8.55e-06 9.4e-06 1.33e-05 9.4e-06 1.13e-05 9.4e-06 7.5e-06 8.9e-06 1.165e-05 1.09e-05 1.09e-05 1.32e-05 1.115e-05 1.265e-05 1.09e-05 9.3e-06 8.5e-06 1.275e-05 1.175e-05 1.065e-05 8.65e-06 1.145e-05 1.115e-05 1.025e-05 1.085e-05 1.08e-05 9.75e-06
16 7.05e-06 7.95e-06 1.195e-05 1e-05 1.075e-05 8.9e-06 7.25e-06 1.305e-05 7.25e-06 8.7e-06 1.08e-05 7.2e-06 8.45e-06 1.09e-05 6.1e-06 1.11e-05 1.15e-05 9.75e-06 1.555e-05 9.7e-06 8.15e-06 7.95e-06 1.195e-05 1.345e-05 5.8e-06 1.185e-05 8.1e-06 6.05e-06 1.1e-05 8e-06 9.65e-06 1.105e-05 7.65e-06 1.28e-05 7.35e-06 1.185e-05 6e-06 9.55e-06 8.4e-06 1.005e-05 8.4e-06 1.22e-05 8.4e-06 7.9e-06 9.55e-06 1.19e-05 8.65e-06 1.075e-05 1.345e-05 7.5e-06 1.005e-05 7.8e-06 8.1e-06 9.75e-06 1.21e-05 7.05e-06 9.75e-06 8.05e-06 1.025e-05 9.55e-06 8.15e-06 8.1e-06 1.005e-05 8.75e-06 9.55e-06 6.9e-06 1.115e-05 1.445e-05 9.9e-06 6.75e-06 1.215e-05 1.19e-05 7.3e-06 7.5e-06 1.22e-05 1.345e-05 8.9e-06 1.105e-05 8.45e-06 8.7e-06 8.7e-06 7.8e-06 7e-06 1.245e-05 1.07e-05 7.05e-06 1.06e-05 8.1e-06 1.305e-05 1.335e-05 9.6e-06 8.55e-06 1.065e-05 8.65e-06 8.9e-06 1.1e-05 8.4e-06 1.09e-05 6.9e-06 9.1e-06
17 9.15e-06 9.4e-06 1.205e-05 9.45e-06 1.2e-05 1.005e-05 8.75e-06 1.065e-05 1.08e-05 9.85e-06 9.4e-06 9.95e-06 8.75e-06 9.65e-06 1.06e-05 1.205e-05 9.75e-06 1.4e-05 1.48e-05 9.4e-06 8.85e-06 1.02e-05 1.27e-05 1.32e-05 1.035e-05 1.21e-05 1.055e-05 8e-06 8.95e-06 9.9e-06 1.13e-05 1.2e-05 9.2e-06 8.35e-06 1.015e-05 1.265e-05 8.45e-06 8.95e-06 9.9e-06 1.025e-05 1.015e-05 1.285e-05 1.055e-05 9.9e-06 1.085e-05 1.2e-05 9.05e-06 1.27e-05 1.015e-05 1.055e-05 1.115e-05 8.95e-06 1.11e-05 1.11e-05 1.295e-05 1.045e-05 1.04e-05 1.06e-05 1.205e-05 9.5e-06 9.55e-06 9.5e-06 8.9e-06 1.095e-05 1.185e-05 1.02e-05 9.4e-06 1.13e-05 8.95e-06 8.5e-06 9.7e-06 1.26e-05 1.07e-05 1.075e-05 1.305e-05 8e-06 1.085e-05 1.13e-05 1.015e-05 1.105e-05 9.35e-06 9.2e-06 9.8e-06 1.31e-05 8.3e-06 9.8e-06 8.35e-06 9.95e-06 9.85e-06 1.3e-05 8.4e-06 1.02e-05 9.4e-06 9.8e-06 1.01e-05 9.65e-06 1.01e-05 1.095e-05 9.45e-06 1.11e-05
18 1.57e-05 1.57e-05 1.165e-05 1.29e-05 9.85e-06 1.34e-05 1.48e-05 9.35e-06 1.195e-05 1.32e-05 1.32e-05 1.57e-05 1.43e-05 1.34e-05 1.29e-05 1.075e-05 1.555e-05 1.48e-05 2e-07 1.295e-05 1.8e-05 1.33e-05 8.4e-06 8.55e-06 1.39e-05 9.1e-06 1.195e-05 1.735e-05 1.485e-05 1.555e-05 1.185e-05 1.07e-05 1.56e-05 1.335e-05 1.57e-05 8.15e-06 1.765e-05 1.32e-05 1.49e-05 1.29e-05 1.625e-05 8.65e-06 1.335e-05 1.555e-05 1.14e-05 1.16e-05 1.305e-05 6.55e-06 1.02e-05 1.605e-05 1.185e-05 1.815e-05 1.235e-05 1.035e-05 6.9e-06 1.3e-05 1.15e-05 1.2e-05 8.9e-06 1.325e-05 1.435e-05 1.31e-05 1.37e-05 1.14e-05 9.95e-06 1.385e-05 1.37e-05 8.15e-06 1.32e-05 1.55e-05 1.14e-05 6.7e-06 1.32e-05 1.33e-05 7e-06 1.335e-05 1e-05 8.6e-06 1.65e-05 1.415e-05 1.335e-05 1.57e-05 1.535e-05 8.8e-06 1.585e-05 1.555e-05 1.535e-05 1.57e-05 9.8e-06 5e-06 1.545e-05 1.77e-05 1.175e-05 1.315e-05 1.365e-05 1.33e-05 1.59e-05 8.2e-06 1.535e-05 1.14e-05
19 9.9e-06 1e-05 1.365e-05 6.35e-06 9.7e-06 7.9e-06 1e-05 9.2e-06 7.35e-06 7.7e-06 7.1e-06 9.9e-06 1.045e-05 7.2e-06 6e-06 1.115e-05 9.7e-06 9.4e-06 1.295e-05 1.15e-05 1.265e-05 7.05e-06 1.065e-05 1.225e-05 7.65e-06 1.315e-05 8.1e-06 1.23e-05 9.6e-06 1.06e-05 9.4e-06 1.11e-05 1.08e-05 7.4e-06 1.005e-05 1.055e-05 1.27e-05 6.8e-06 1.15e-05 9.1e-06 1.135e-05 1.235e-05 8.4e-06 1.03e-05 9.4e-06 1.36e-05 1.125e-05 9.6e-06 1e-05 1.045e-05 9.9e-06 1.3e-05 8.25e-06 9.2e-06 1.08e-05 7.2e-06 8.5e-06 7.95e-06 1.01e-05 6.85e-06 9.95e-06 1.06e-05 7.35e-06 8.7e-06 9.5e-06 8.4e-06 8.05e-06 1.075e-05 6.9e-06 1.04e-05 8.3e-06 1.06e-05 7.4e-06 7.6e-06 1.09e-05 6.65e-06 8.65e-06 1.255e-05 1.145e-05 9.1e-06 1.135e-05 9.85e-06 9.4e-06 1.26e-05 1.02e-05 9.75e-06 1.01e-05 1.07e-05 9.6e-06 1.19e-05 9.3e-06 1.26e-05 6.9e-06 7.65e-06 1.125e-05 7.35e-06 1.1e-05 1.235e-05 1.03e-05 8.8e-06
20 8.35e-06 8.15e-06 1.03e-05 1.295e-05 1.385e-05 1.165e-05 7.55e-06 1.51e-05 1.145e-05 1.145e-05 1.27e-05 7.35e-06 8.65e-06 1.29e-05 1.13e-05 1.27e-05 8.15e-06 8.85e-06 1.8e-05 1.265e-05 5.2e-06 1.175e-05 1.47e-05 1.52e-05 1.04e-05 1.06e-05 1.125e-05 4.05e-06 1.035e-05 7.25e-06 1.245e-05 1.265e-05 7.55e-06 1.385e-05 7.4e-06 1.47e-05 4.45e-06 1.27e-05 8.75e-06 1.205e-05 7.05e-06 1.325e-05 1.135e-05 8.45e-06 1.195e-05 1.025e-05 8.15e-06 1.465e-05 1.425e-05 9.05e-06 1.22e-05 3.1e-06 1.175e-05 1.245e-05 1.49e-05 1.12e-05 1.235e-05 1.13e-05 1.305e-05 1.275e-05 6.85e-06 8.1e-06 1.07e-05 1.195e-05 1.29e-05 1.035e-05 1.29e-05 1.495e-05 1.27e-05 6.25e-06 1.325e-05 1.46e-05 1.14e-05 1.15e-05 1.5e-05 1.405e-05 1.19e-05 1.09e-05 7.15e-06 1.135e-05 8e-06 7.45e-06 7.05e-06 1.35e-05 8.5e-06 7.2e-06 8.6e-06 7.2e-06 1.385e-05 1.525e-05 9.35e-06 5.9e-06 1.29e-05 1.14e-05 7.7e-06 1.315e-05 7.4e-06 1.095e-05 7.95e-06 1.2e-05
21 8.1e-06 8.1e-06 1.325e-05 6.9e-06 7.65e-06 4.95e-06 7.85e-06 1.085e-05 4.8e-06 4.75e-06 8.05e-06 7.8e-06 9.6e-06 8.2e-06 4e-06 1e-05 7.95e-06 1.02e-05 1.33e-05 7.05e-06 1.175e-05 6.8e-06 9.65e-06 1.175e-05 6e-06 1.265e-05 5.9e-06 1.115e-05 1.005e-05 8.2e-06 7.2e-06 9.95e-06 8.65e-06 1.005e-05 7.85e-06 9.3e-06 1.145e-05 7.4e-06 1.025e-05 7.65e-06 9.5e-06 1.1e-05 6.05e-06 8.6e-06 7e-06 1.32e-05 9.6e-06 8.6e-06 1.18e-05 8.45e-06 8.05e-06 1.185e-05 6.2e-06 6.95e-06 9.9e-06 4.85e-06 5.7e-06 5.8e-06 9.15e-06 7.45e-06 8.7e-06 9e-06 8.95e-06 6.45e-06 8.35e-06 6.2e-06 8.75e-06 1.27e-05 7.25e-06 8.8e-06 9.75e-06 9.6e-06 4.75e-06 4.85e-06 1e-05 1.055e-05 6.6e-06 1.215e-05 9.7e-06 6.8e-06 1.01e-05 8.05e-06 7.85e-06 1.125e-05 1.14e-05 7.6e-06 1.095e-05 8.9e-06 1.14e-05 1.14e-05 1.085e-05 1.04e-05 7.65e-06 4.7e-06 9.55e-06 8e-06 9.15e-06 1.155e-05 8e-06 6.7e-06
22 1.225e-05 1.225e-05 1.255e-05 1.06e-05 8e-06 8.4e-06 9.85e-06 1.06e-05 9e-06 8.2e-06 9.6e-06 1.21e-05 1.23e-05 1.08e-05 9e-06 9.3e-06 1.195e-05 1.27e-05 8.4e-06 1.065e-05 1.47e-05 9.65e-06 1.34e-05 1.02e-05 1.025e-05 1.165e-05 7.65e-06 1.405e-05 1.19e-05 1.19e-05 8.4e-06 9.3e-06 1.09e-05 1.24e-05 1.21e-05 7.55e-06 1.435e-05 1.085e-05 1.235e-05 9.55e-06 1.145e-05 1.02e-05 6.8e-06 1.145e-05 9.3e-06 1.25e-05 1.125e-05 8.7e-06 1.135e-05 1.185e-05 8.5e-06 1.485e-05 8.15e-06 9e-06 7.95e-06 7.75e-06 9.6e-06 8.75e-06 9.5e-06 1.08e-05 1.17e-05 1.13e-05 1.175e-05 9.35e-06 9.55e-06 1.015e-05 1.015e-05 1.155e-05 1.085e-05 1.21e-05 1.095e-05 7.5e-06 9e-06 8.1e-06 8.05e-06 1.26e-05 8.8e-06 1.115e-05 1.185e-05 8.9e-06 1.16e-05 1.225e-05 1.175e-05 1.05e-05 1.38e-05 1.195e-05 1.33e-05 1.18e-05 1.095e-05 9e-06 1.345e-05 1.355e-05 1.04e-05 8.15e-06 1.18e-05 1.07e-05 1.08e-05 1.07e-05 1.17e-05 9e-06
23 1.355e-05 1.355e-05 1.105e-05 1.22e-05 1.045e-05 1.155e-05 1.235e-05 1.035e-05 1.13e-05 1.135e-05 1.22e-05 1.365e-05 1.305e-05 1.24e-05 1.155e-05 9.25e-06 1.345e-05 1.32e-05 8.55e-06 1.225e-05 1.52e-05 1.175e-05 1.02e-05 1.31e-05 1.27e-05 1.195e-05 1.1e-05 1.45e-05 1.325e-05 1.335e-05 1.155e-05 9.2e-06 1.23e-05 1.3e-05 1.36e-05 1.035e-05 1.48e-05 1.24e-05 1.07e-05 1.135e-05 1.35e-05 1.135e-05 1.14e-05 1.335e-05 9.55e-06 1.1e-05 1.05e-05 1.005e-05 1.03e-05 1.405e-05 9.8e-06 1.54e-05 1.14e-05 1.1e-05 1.02e-05 1.135e-05 1.13e-05 1.1e-05 9.15e-06 1.26e-05 1.295e-05 1.245e-05 1.305e-05 9.65e-06 9.5e-06 1.255e-05 1.26e-05 1.14e-05 1.24e-05 1.35e-05 1.03e-05 9.9e-06 1.155e-05 1.165e-05 1.03e-05 1.32e-05 1.07e-05 1.145e-05 1.33e-05 1.145e-05 1.085e-05 1.36e-05 1.325e-05 1.16e-05 1.435e-05 1.35e-05 1.38e-05 1.33e-05 9.9e-06 8.1e-06 1.4e-05 1.48e-05 1.17e-05 1.13e-05 1.29e-05 1.23e-05 1.35e-05 1.1e-05 1.315e-05 1.12e-05
24 7.8e-06 8.5e-06 1.275e-05 8.1e-06 8.9e-06 7.4e-06 7.55e-06 1.13e-05 4.85e-06 7.2e-06 9.3e-06 7e-06 9.15e-06 9.3e-06 3.25e-06 1.055e-05 5.8e-06 1.035e-05 1.39e-05 7.65e-06 1.04e-05 6e-06 1.025e-05 1.27e-05 5.6e-06 1.215e-05 6.15e-06 8.6e-06 1.13e-05 8.1e-06 8.05e-06 1.05e-05 8.35e-06 1.16e-05 7.15e-06 1.015e-05 8.65e-06 7.5e-06 9.3e-06 9e-06 9e-06 1.205e-05 6.65e-06 7.6e-06 8.45e-06 1.27e-05 9.75e-06 8.5e-06 1.28e-05 6.65e-06 9.1e-06 1.005e-05 5.85e-06 8.25e-06 1.03e-05 4.75e-06 8.4e-06 6e-06 8.7e-06 7.55e-06 8.2e-06 8.5e-06 8.35e-06 7.35e-06 8e-06 4.35e-06 9.6e-06 1.43e-05 8e-06 6.65e-06 1.145e-05 1.02e-05 5e-06 5.3e-06 1.04e-05 1.225e-05 7.1e-06 1.14e-05 9.1e-06 7.25e-06 9.8e-06 8.35e-06 6.7e-06 1.23e-05 1.125e-05 6.85e-06 1.115e-05 8.25e-06 1.24e-05 1.245e-05 1.03e-05 1.035e-05 8.95e-06 7.15e-06 9.3e-06 9.4e-06 8.65e-06 1.125e-05 7.2e-06 7.35e-06
25 1.205e-05 1.17e-05 1.135e-05 1.325e-05 1.195e-05 1.265e-05 1.115e-05 1.255e-05 1.18e-05 1.245e-05 1.33e-05 1.19e-05 1.15e-05 1.35e-05 1.22e-05 1.18e-05 1.185e-05 1.21e-05 9.1e-06 1.315e-05 1.06e-05 1.265e-05 1.165e-05 1.195e-05 1.215e-05 1.82e-05 1.17e-05 1.065e-05 1.27e-05 1.07e-05 1.225e-05 1.175e-05 1.155e-05 1.395e-05 1.085e-05 1.15e-05 1.085e-05 1.335e-05 1.18e-05 1.26e-05 1.095e-05 1.12e-05 1.245e-05 1.215e-05 1.175e-05 1.13e-05 1.055e-05 1.07e-05 1.26e-05 1.27e-05 1.21e-05 1.125e-05 1.215e-05 1.15e-05 1.095e-05 1.22e-05 1.205e-05 1.175e-05 1.105e-05 1.345e-05 1.14e-05 1.065e-05 1.22e-05 1.175e-05 1.15e-05 1.21e-05 1.375e-05 1.19e-05 1.335e-05 1.09e-05 1.265e-05 1.075e-05 1.24e-05 1.25e-05 1.105e-05 1.44e-05 1.105e-05 9.75e-06 1.22e-05 1.285e-05 1.07e-05 1.195e-05 1.075e-05 1.135e-05 1.29e-05 1.175e-05 1.175e-05 1.1e-05 1.22e-05 1.02e-05 1.265e-05 1.125e-05 1.265e-05 1.24e-05 1.025e-05 1.355e-05 1.095e-05 9.5e-06 1.165e-05 1.18e-05
26 8.9e-06 8.9e-06 1.235e-05 8.05e-06 7.45e-06 4.85e-06 6.2e-06 1.06e-05 4.05e-06 4.65e-06 7.25e-06 8.25e-06 9.1e-06 8.45e-06 4.75e-06 7.9e-06 8.1e-06 1.055e-05 1.195e-05 8.1e-06 1.125e-05 5.9e-06 7.65e-06 1.1e-05 6.15e-06 1.17e-05 5.7e-06 1.06e-05 9.75e-06 8.1e-06 4.85e-06 7.9e-06 7.25e-06 1.135e-05 8.25e-06 7.55e-06 1.09e-05 8.3e-06 9.9e-06 6.15e-06 7.8e-06 9.95e-06 2.95e-06 7.65e-06 7.3e-06 1.23e-05 9.6e-06 8.35e-06 1.145e-05 7.85e-06 6.65e-06 1.14e-05 3.95e-06 6.25e-06 7.8e-06 3.7e-06 6.35e-06 4.15e-06 7.7e-06 8.25e-06 7.3e-06 7.9e-06 9.45e-06 7.3e-06 7.95e-06 6.1e-06 7.8e-06 1.285e-05 8.3e-06 8.4e-06 1.06e-05 7.35e-06 4.95e-06 4.05e-06 7.9e-06 1.175e-05 4.35e-06 1.12e-05 8.2e-06 5.05e-06 9.95e-06 8.9e-06 7.9e-06 1.025e-05 1.165e-05 8.1e-06 1.115e-05 8.15e-06 1.105e-05 1.085e-05 1.13e-05 9.8e-06 7.3e-06 4.6e-06 8.45e-06 8.35e-06 7.3e-06 1.075e-05 7.9e-06 5.4e-06
27 6.35e-06 7.55e-06 1e-05 1.265e-05 1.32e-05 1.105e-05 6.3e-06 1.49e-05 1.08e-05 1.085e-05 1.235e-05 7.05e-06 6.7e-06 1.255e-05 1.065e-05 1.2e-05 6.05e-06 8e-06 1.735e-05 1.23e-05 4.05e-06 1.115e-05 1.405e-05 1.45e-05 8.6e-06 1.065e-05 1.06e-05 1.9e-06 1.08e-05 7.3e-06 1.18e-05 1.195e-05 6.3e-06 1.33e-05 7.45e-06 1.405e-05 1.35e-06 1.245e-05 6.65e-06 1.145e-05 7.1e-06 1.27e-05 1.07e-05 7.2e-06 1.125e-05 9.95e-06 6.85e-06 1.4e-05 1.395e-05 7.35e-06 1.15e-05 3.1e-06 1.11e-05 1.18e-05 1.425e-05 1.055e-05 1.175e-05 1.065e-05 1.235e-05 1.26e-05 7.5e-06 6.45e-06 1.055e-05 1.125e-05 1.22e-05 8.55e-06 1.275e-05 1.46e-05 1.245e-05 4.8e-06 1.285e-05 1.395e-05 1.075e-05 1.085e-05 1.435e-05 1.42e-05 1.125e-05 9.25e-06 6.85e-06 1.07e-05 6.3e-06 7.15e-06 7.1e-06 1.295e-05 8.7e-06 6.9e-06 9.1e-06 7.25e-06 1.355e-05 1.455e-05 7.6e-06 6.05e-06 1.26e-05 1.08e-05 7.8e-06 1.285e-05 7.45e-06 9.7e-06 5.9e-06 1.135e-05
28 1.045e-05 1.02e-05 1.345e-05 9.6e-06 1.14e-05 9.15e-06 9.25e-06 1.04e-05 1.075e-05 8.95e-06 8.9e-06 1.105e-05 1e-05 9.75e-06 1.035e-05 1.165e-05 1.1e-05 8.95e-06 1.485e-05 9.6e-06 1.035e-05 1.005e-05 1.19e-05 1.325e-05 1.13e-05 1.27e-05 9.75e-06 1.08e-05 1.43e-05 1.04e-05 1.05e-05 1.165e-05 9.9e-06 9.35e-06 1.065e-05 1.145e-05 1.11e-05 9.4e-06 1.11e-05 9.5e-06 1.005e-05 1.265e-05 8.9e-06 1.11e-05 1.09e-05 1.34e-05 1.055e-05 1.26e-05 1.095e-05 1.145e-05 1.045e-05 1.13e-05 1.02e-05 1.1e-05 1.205e-05 9.5e-06 1.035e-05 1.04e-05 1.225e-05 9.75e-06 1.05e-05 1.095e-05 9.95e-06 1.1e-05 1.195e-05 1.12e-05 8.95e-06 1.19e-05 9.45e-06 1.09e-05 1.015e-05 1.18e-05 1.04e-05 9.85e-06 1.22e-05 8.75e-06 1.09e-05 1.275e-05 1.07e-05 1.02e-05 1.09e-05 1.03e-05 1.025e-05 1.295e-05 9.9e-06 1.09e-05 8.7e-06 1.03e-05 1.055e-05 1.315e-05 1.01e-05 1.06e-05 9.65e-06 8.9e-06 1.07e-05 9.65e-06 9.85e-06 1.23e-05 1.075e-05 1.095e-05
29 8.65e-06 8.3e-06 1.2e-05 1.06e-05 9.55e-06 8.25e-06 7.2e-06 1.345e-05 8.15e-06 8.05e-06 1.08e-05 8.05e-06 9.3e-06 1.095e-05 7.85e-06 1.1e-05 8e-06 9.9e-06 1.555e-05 1.06e-05 7.25e-06 8.2e-06 1.19e-05 1.335e-05 8.1e-06 1.07e-05 8.1e-06 7.3e-06 1.04e-05 1.15e-05 9.6e-06 1.095e-05 7.6e-06 1.29e-05 7e-06 1.165e-05 7.5e-06 1.08e-05 9.2e-06 9.95e-06 7.15e-06 1.195e-05 8.2e-06 8.15e-06 8.1e-06 1.195e-05 8.35e-06 1.17e-05 1.355e-05 8.4e-06 9.6e-06 7.9e-06 8.6e-06 9.65e-06 1.21e-05 7.9e-06 9.25e-06 8.1e-06 1.095e-05 1.09e-05 8.25e-06 8.45e-06 1.005e-05 9.2e-06 1.065e-05 6.95e-06 1.125e-05 1.445e-05 1.08e-05 7.2e-06 1.19e-05 1.18e-05 8.05e-06 8.2e-06 1.22e-05 1.365e-05 9.05e-06 1.135e-05 8.4e-06 8.55e-06 8.65e-06 8.55e-06 6.9e-06 1.22e-05 1.085e-05 7.9e-06 9.7e-06 7.15e-06 1.315e-05 1.3e-05 1.06e-05 7.15e-06 1.07e-05 8e-06 8.05e-06 1.09e-05 7.15e-06 1.095e-05 6.7e-06 9.1e-06
30 9.85e-06 9.85e-06 1.3e-05 9.35e-06 8.3e-06 6e-06 7.5e-06 1.155e-05 6.15e-06 5.8e-06 8.3e-06 9.8e-06 9.7e-06 9.6e-06 6.65e-06 9.35e-06 9.65e-06 1.13e-05 1.185e-05 9.4e-06 1.245e-05 7.2e-06 8.4e-06 1.155e-05 8.05e-06 1.225e-05 4.85e-06 1.18e-05 1.05e-05 9.6e-06 8.7e-06 9.35e-06 8.65e-06 1.185e-05 9.8e-06 8.05e-06 1.21e-05 9.4e-06 1.1e-05 6.95e-06 9.2e-06 1.065e-05 4.45e-06 9.2e-06 8.85e-06 1.295e-05 1.085e-05 9.25e-06 1.225e-05 9.55e-06 7.65e-06 1.26e-05 5.65e-06 5.2e-06 8.55e-06 5.45e-06 5.9e-06 5.9e-06 9.3e-06 9.55e-06 8.85e-06 8.05e-06 1.065e-05 8.9e-06 9.55e-06 7.95e-06 8.75e-06 1.305e-05 9.4e-06 9.95e-06 1.16e-05 8.1e-06 6.7e-06 5.55e-06 8.65e-06 1.225e-05 4.75e-06 1.175e-05 9.6e-06 6.65e-06 1.12e-05 9.85e-06 9.45e-06 1.095e-05 1.24e-05 9.65e-06 1.19e-05 9.55e-06 1.185e-05 1.145e-05 1.225e-05 1.115e-05 8.6e-06 5.75e-06 8.25e-06 9.5e-06 8.7e-06 1.13e-05 9.4e-06 5.75e-06
31 1.155e-05 1.155e-05 1.085e-05 1.105e-05 1e-05 8.9e-06 9.1e-06 1.03e-05 9.05e-06 8.7e-06 1.02e-05 1.125e-05 1.14e-05 1.12e-05 9.3e-06 5.65e-06 1.105e-05 1.2e-05 1.07e-05 1.11e-05 1.265e-05 9.95e-06 9.3e-06 9.2e-06 1.05e-05 1.175e-05 7.9e-06 1.195e-05 1.165e-05 1.095e-05 9.35e-06 1.12e-05 8.4e-06 1.305e-05 1.12e-05 9.3e-06 1.225e-05 1.135e-05 1.1e-05 8.2e-06 9.8e-06 1.06e-05 7.45e-06 1.07e-05 7.7e-06 1.08e-05 8.5e-06 1e-05 9.65e-06 1.115e-05 7.1e-06 1.285e-05 8.25e-06 1.045e-05 9.3e-06 8.25e-06 1.04e-05 8.75e-06 7.15e-06 1.14e-05 1.06e-05 1.085e-05 1.205e-05 7.8e-06 7.55e-06 1.035e-05 1.07e-05 1.21e-05 1.135e-05 1.115e-05 9.55e-06 9e-06 9.25e-06 8.55e-06 9.4e-06 1.325e-05 9.35e-06 1.125e-05 9.4e-06 7.5e-06 8.85e-06 1.16e-05 1.085e-05 1.085e-05 1.315e-05 1.11e-05 1.26e-05 1.085e-05 9.25e-06 8.45e-06 1.27e-05 1.17e-05 1.06e-05 8.65e-06 1.14e-05 1.11e-05 1.025e-05 1.08e-05 1.075e-05 9.7e-06
32 8.15e-06 8.3e-06 1.08e-05 1.065e-05 1.02e-05 7.55e-06 5.4e-06 1.345e-05 8.45e-06 7.35e-06 9.85e-06 7.9e-06 8.75e-06 1.09e-05 8.1e-06 8.4e-06 7.65e-06 9.2e-06 1.56e-05 1.08e-05 7.55e-06 8.65e-06 1.09e-05 1.23e-05 8.35e-06 1.155e-05 7.25e-06 6.3e-06 9.9e-06 7.6e-06 8.65e-06 8.4e-06 9.4e-06 1.29e-05 7.95e-06 1.04e-05 6.65e-06 1.1e-05 8.6e-06 7.9e-06 6.6e-06 1.125e-05 6.15e-06 7.45e-06 8.6e-06 1.075e-05 7.05e-06 1.185e-05 1.3e-05 7.85e-06 8.05e-06 7.35e-06 7.75e-06 9.8e-06 1.11e-05 7e-06 9.65e-06 8.15e-06 1.05e-05 1.11e-05 8.15e-06 8e-06 1.08e-05 8.8e-06 1.015e-05 8.1e-06 1.03e-05 1.38e-05 1.1e-05 6.65e-06 1.145e-05 1.08e-05 8.05e-06 7.3e-06 1.12e-05 1.38e-05 9.3e-06 1.085e-05 6e-06 6.45e-06 7.6e-06 8.25e-06 7.6e-06 1.155e-05 1.065e-05 7.75e-06 1.02e-05 7.6e-06 1.26e-05 1.25e-05 1.02e-05 7.3e-06 1.08e-05 7.3e-06 8.7e-06 1.07e-05 6.95e-06 1.02e-05 7.25e-06 9.1e-06
33 1.13e-05 1.15e-05 1.385e-05 7.45e-06 1.18e-05 9.9e-06 1.205e-05 8.7e-06 1.16e-05 9.7e-06 7.4e-06 1.25e-05 1.04e-05 7.65e-06 1.145e-05 1.31e-05 1.28e-05 8.35e-06 1.335e-05 7.4e-06 1.385e-05 1.005e-05 1.24e-05 1.3e-05 1.16e-05 1.395e-05 1.135e-05 1.33e-05 9.35e-06 1.29e-05 1.185e-05 1.305e-05 1.29e-05 6.5e-06 1.315e-05 1.24e-05 1.38e-05 7.8e-06 1.265e-05 1.01e-05 1.35e-05 1.405e-05 1.14e-05 1.26e-05 1.155e-05 1.38e-05 1.225e-05 1.24e-05 8.8e-06 1.33e-05 1.185e-05 1.32e-05 1.19e-05 1.135e-05 1.265e-05 1.13e-05 9.95e-06 1.13e-05 1.265e-05 8e-06 1.225e-05 1.225e-05 7.5e-06 1.165e-05 1.25e-05 1.145e-05 7.85e-06 9.35e-06 7.8e-06 1.18e-05 7.55e-06 1.23e-05 1.155e-05 1.16e-05 1.275e-05 3.6e-06 1.135e-05 1.325e-05 1.31e-05 1.23e-05 1.23e-05 1.085e-05 1.28e-05 1.43e-05 8.45e-06 1.235e-05 9.2e-06 1.295e-05 8.4e-06 1.255e-05 8.6e-06 1.47e-05 7.1e-06 9.65e-06 1.28e-05 7.5e-06 1.31e-05 1.31e-05 1.25e-05 1.16e-05
34 8.3e-06 7.95e-06 1.215e-05 1.015e-05 1.09e-05 9.05e-06 7.55e-06 1.335e-05 7e-06 8.85e-06 1.105e-05 7.05e-06 9.45e-06 1.125e-05 6.5e-06 1.125e-05 7.35e-06 1.015e-05 1.57e-05 1.005e-05 7.4e-06 7.85e-06 1.21e-05 1.36e-05 7.15e-06 1.085e-05 8.25e-06 7.45e-06 1.065e-05 7e-06 9.8e-06 1.12e-05 7.95e-06 1.315e-05 1.18e-05 1.2e-05 7.65e-06 1.015e-05 9.45e-06 1.02e-05 7.4e-06 1.24e-05 8.55e-06 8.45e-06 9.7e-06 1.21e-05 8.95e-06 1.105e-05 1.37e-05 8.55e-06 1.02e-05 8.05e-06 8.55e-06 9.9e-06 1.235e-05 7.35e-06 9.9e-06 8.3e-06 1.065e-05 1.025e-05 8.3e-06 8.55e-06 9.95e-06 8.65e-06 1e-05 7.9e-06 1.15e-05 1.47e-05 1e-05 7.15e-06 1.24e-05 1.205e-05 7.2e-06 7.4e-06 1.245e-05 1.38e-05 9.05e-06 1.15e-05 8.65e-06 8.95e-06 9.15e-06 8.2e-06 6.35e-06 1.265e-05 1.1e-05 7e-06 9.85e-06 7.45e-06 1.33e-05 1.35e-05 1.075e-05 7.6e-06 1.085e-05 8.8e-06 8.15e-06 1.13e-05 7.4e-06 1.12e-05 7.95e-06 9.35e-06
35 1.215e-05 1.215e-05 1.295e-05 1.05e-05 7.7e-06 7.7e-06 9.25e-06 1.1e-05 9.25e-06 7.5e-06 9.05e-06 1.2e-05 1.265e-05 1.055e-05 8.8e-06 9.25e-06 1.185e-05 1.265e-05 8.15e-06 1.055e-05 1.47e-05 9.3e-06 7.55e-06 1.035e-05 1.015e-05 1.15e-05 7.55e-06 1.405e-05 1.145e-05 1.165e-05 8.05e-06 9.3e-06 1.04e-05 1.24e-05 1.2e-05 1.14e-05 1.435e-05 1.075e-05 1.21e-05 9.45e-06 1.1e-05 9.6e-06 5.8e-06 1.12e-05 8.8e-06 1.29e-05 1.095e-05 8.5e-06 1.175e-05 1.14e-05 7.55e-06 1.485e-05 8.1e-06 9.1e-06 7.35e-06 7.2e-06 9.7e-06 8.85e-06 1.03e-05 1.07e-05 1.205e-05 1.165e-05 1.175e-05 9e-06 9.85e-06 9.9e-06 9.7e-06 1.16e-05 1.075e-05 1.205e-05 1.07e-05 6.95e-06 8.65e-06 7.3e-06 7.45e-06 1.26e-05 9.5e-06 1.1e-05 1.14e-05 8.2e-06 1.135e-05 1.215e-05 1.165e-05 9.9e-06 1.38e-05 1.185e-05 1.33e-05 1.155e-05 1.135e-05 8.65e-06 1.345e-05 1.31e-05 1.075e-05 7.45e-06 1.215e-05 1.045e-05 1.05e-05 1.05e-05 1.145e-05 9.1e-06
36 6.15e-06 7.85e-06 1.055e-05 1.3e-05 1.35e-05 1.135e-05 6.65e-06 1.52e-05 1.11e-05 1.115e-05 1.275e-05 7.6e-06 6.65e-06 1.295e-05 1.095e-05 1.23e-05 6e-06 8.45e-06 1.765e-05 1.27e-05 4.45e-06 1.145e-05 1.435e-05 1.48e-05 8.65e-06 1.085e-05 1.09e-05 1.35e-06 1.11e-05 7.5e-06 1.21e-05 1.225e-05 6.65e-06 1.38e-05 7.65e-06 1.435e-05 9e-07 1.285e-05 6.55e-06 1.175e-05 7.3e-06 1.31e-05 1.1e-05 7.75e-06 1.155e-05 1.05e-05 7.2e-06 1.43e-05 1.435e-05 7.5e-06 1.18e-05 3.9e-06 1.14e-05 1.21e-05 1.455e-05 1.085e-05 1.205e-05 1.095e-05 1.265e-05 1.3e-05 8e-06 7.2e-06 1.085e-05 1.155e-05 1.25e-05 8.6e-06 1.315e-05 1.5e-05 1.285e-05 5.3e-06 1.325e-05 1.425e-05 1.105e-05 1.115e-05 1.465e-05 1.47e-05 1.155e-05 1e-05 7.4e-06 1.1e-05 7.05e-06 7.7e-06 7.3e-06 1.335e-05 9.35e-06 7.45e-06 9.3e-06 7.45e-06 1.395e-05 1.485e-05 7.55e-06 6.35e-06 1.295e-05 1.11e-05 8e-06 1.32e-05 7.65e-06 1.005e-05 5.75e-06 1.165e-05
37 9.85e-06 9.95e-06 1.385e-05 7.1e-06 9.95e-06 8.3e-06 1.015e-05 9e-06 7.5e-06 8.1e-06 7.85e-06 1e-05 1.04e-05 8e-06 6.35e-06 1.14e-05 9.55e-06 8.95e-06 1.32e-05 6.8e-06 1.27e-05 7.4e-06 1.085e-05 1.24e-05 7.5e-06 1.335e-05 8.3e-06 1.245e-05 9.4e-06 1.08e-05 9.4e-06 1.135e-05 1.1e-05 7.8e-06 1.015e-05 1.075e-05 1.285e-05 1.2e-05 1.16e-05 9.1e-06 1.155e-05 1.255e-05 8.55e-06 1.05e-05 9.65e-06 1.38e-05 1.145e-05 9.7e-06 9.6e-06 1.06e-05 1.01e-05 1.315e-05 8.35e-06 9.25e-06 1.105e-05 7.25e-06 8.75e-06 8.25e-06 1.015e-05 6.55e-06 1.01e-05 1.08e-05 8.2e-06 8.85e-06 9.45e-06 8.6e-06 7.8e-06 1.145e-05 6.4e-06 1.06e-05 9.1e-06 1.08e-05 7.55e-06 7.7e-06 1.115e-05 6.95e-06 8.7e-06 1.275e-05 1.165e-05 9.35e-06 1.155e-05 9.8e-06 9.8e-06 1.28e-05 9.9e-06 9.85e-06 9.9e-06 1.09e-05 9.3e-06 1.215e-05 1.005e-05 1.275e-05 7.7e-06 8.05e-06 1.125e-05 8.1e-06 1.115e-05 1.255e-05 1.05e-05 9.05e-06
38 8.65e-06 9.55e-06 1.185e-05 1.165e-05 1.135e-05 1.005e-05 8.2e-06 1.29e-05 1.02e-05 9.85e-06 1.145e-05 9.35e-06 9.05e-06 1.165e-05 9.9e-06 1.105e-05 8.4e-06 9.9e-06 1.49e-05 1.15e-05 8.75e-06 1.025e-05 1.235e-05 1.07e-05 9.3e-06 1.18e-05 9.9e-06 6.65e-06 1.11e-05 9.2e-06 1.1e-05 1.1e-05 8.6e-06 1.265e-05 9.45e-06 1.21e-05 6.55e-06 1.16e-05 1.26e-05 1.105e-05 9.35e-06 1.255e-05 9.75e-06 9.3e-06 9.65e-06 1.18e-05 8.1e-06 1.24e-05 1.26e-05 9.5e-06 9.9e-06 8.45e-06 1.04e-05 1.1e-05 1.255e-05 9.7e-06 1.09e-05 9.9e-06 1.125e-05 1.185e-05 9.55e-06 9.15e-06 1.105e-05 9.75e-06 1.095e-05 9.15e-06 1.18e-05 1.4e-05 1.16e-05 8.15e-06 1.13e-05 1.225e-05 9.9e-06 1e-05 1.265e-05 1.33e-05 1.07e-05 1.1e-05 9.45e-06 1.015e-05 8.15e-06 9.45e-06 9.1e-06 1.28e-05 1.09e-05 9.2e-06 1.075e-05 9.15e-06 1.22e-05 1.22e-05 9.85e-06 9.5e-06 1.17e-05 9.8e-06 9.85e-06 1.175e-05 9.35e-06 1.085e-05 8.1e-06 1.065e-05
39 9.7e-06 9.7e-06 1.235e-05 9.05e-06 9.4e-06 6.5e-06 8e-06 1.07e-05 7.4e-06 6.3e-06 8.1e-06 1.015e-05 8.4e-06 9.2e-06 7.8e-06 8.2e-06 1.005e-05 1.025e-05 1.29e-05 9.1e-06 1.205e-05 7.65e-06 9.55e-06 1.135e-05 9e-06 1.26e-05 6.15e-06 1.145e-05 9.5e-06 9.95e-06 6.95e-06 8.2e-06 7.9e-06 1.01e-05 1.02e-05 9.45e-06 1.175e-05 9.1e-06 1.105e-05 1.04e-05 9.2e-06 1.12e-05 5.75e-06 9.5e-06 8.85e-06 1.23e-05 1.015e-05 1.035e-05 1.085e-05 9.95e-06 8.15e-06 1.215e-05 6.85e-06 7.85e-06 9.6e-06 6.65e-06 7.3e-06 7.05e-06 9.35e-06 9.4e-06 9.3e-06 9.25e-06 1.015e-05 8.95e-06 9.6e-06 8.85e-06 8.4e-06 1.23e-05 9.05e-06 1.015e-05 1.02e-05 9.25e-06 7.75e-06 6.95e-06 9.7e-06 1.05e-05 6.9e-06 1.21e-05 8.8e-06 6.5e-06 1.05e-05 9.65e-06 9.85e-06 1.15e-05 1.13e-05 1e-05 1.07e-05 9.85e-06 1.045e-05 1.145e-05 1.12e-05 1.1e-05 8.4e-06 6.25e-06 9.6e-06 9.1e-06 9.15e-06 1.165e-05 9.75e-06 7.6e-06
40 8.8e-06 8.45e-06 1.18e-05 1.145e-05 1.105e-05 8.25e-06 6.4e-06 1.41e-05 9.15e-06 8.05e-06 1.025e-05 8.45e-06 9.45e-06 1.135e-05 8.85e-06 9.8e-06 8.4e-06 1.015e-05 1.625e-05 1.135e-05 7.05e-06 9.5e-06 1.145e-05 1.35e-05 9e-06 1.095e-05 7.8e-06 7.1e-06 1.005e-05 7.15e-06 9.2e-06 9.8e-06 6.6e-06 1.35e-05 7.4e-06 1.1e-05 7.3e-06 1.155e-05 9.35e-06 9.2e-06 1.11e-05 1.21e-05 6.6e-06 8.15e-06 9.65e-06 1.175e-05 8.4e-06 1.255e-05 1.36e-05 8.65e-06 8.85e-06 7.7e-06 8.2e-06 1.045e-05 1.155e-05 7.6e-06 1.045e-05 8.75e-06 1.125e-05 1.155e-05 8.65e-06 8.75e-06 1.07e-05 9.75e-06 1.095e-05 8.85e-06 1.07e-05 1.475e-05 1.155e-05 7.6e-06 1.22e-05 1.135e-05 8.7e-06 7.9e-06 1.175e-05 1.415e-05 9.95e-06 1.16e-05 7.3e-06 7.7e-06 8.6e-06 8.7e-06 7.3e-06 1.24e-05 1.1e-05 8.3e-06 9.85e-06 7.2e-06 1.32e-05 1.34e-05 1.075e-05 6.9e-06 1.155e-05 8e-06 8.35e-06 1.14e-05 6.25e-06 1.13e-05 8.1e-06 9.65e-06
41 1.255e-05 1.26e-05 1.2e-05 1.23e-05 1e-05 1.055e-05 1.08e-05 1.215e-05 1.05e-05 1.035e-05 1.205e-05 1.21e-05 1.23e-05 1.24e-05 1.075e-05 1.06e-05 1.22e-05 1.285e-05 8.65e-06 1.235e-05 1.325e-05 1.1e-05 1.02e-05 1.135e-05 1.205e-05 1.12e-05 9.95e-06 1.27e-05 1.265e-05 1.195e-05 1.065e-05 1.06e-05 1.125e-05 1.405e-05 1.24e-05 9.6e-06 1.31e-05 1.255e-05 1.255e-05 1.12e-05 1.21e-05 1.71e-05 1.01e-05 1.105e-05 1.04e-05 1.195e-05 1.105e-05 9.7e-06 1.245e-05 1.115e-05 1.06e-05 1.31e-05 1.045e-05 1.05e-05 9.65e-06 1.03e-05 1.07e-05 1.015e-05 1.04e-05 1.265e-05 1.145e-05 1.12e-05 1.35e-05 1.07e-05 1.07e-05 1.17e-05 1.255e-05 1.135e-05 1.255e-05 1.235e-05 1.225e-05 9.3e-06 1.065e-05 1.06e-05 9.75e-06 1.425e-05 1.005e-05 1.055e-05 1.2e-05 1.07e-05 1.135e-05 1.23e-05 1.205e-05 9e-06 1.375e-05 1.195e-05 1.355e-05 1.2e-05 1.205e-05 9.6e-06 1.365e-05 1.135e-05 1.185e-05 1.03e-05 1.185e-05 1.23e-05 1.205e-05 1.015e-05 1.17e-05 1.04e-05
42 8.85e-06 8.85e-06 1.3e-05 8.35e-06 7e-06 3.4e-06 4.8e-06 1.14e-05 5.7e-06 3.2e-06 5.9e-06 8.55e-06 9.85e-06 8.15e-06 5.25e-06 7.4e-06 8.4e-06 1.055e-05 1.335e-05 8.4e-06 1.135e-05 6.05e-06 6.8e-06 1.14e-05 6.65e-06 1.245e-05 2.95e-06 1.07e-05 8.9e-06 8.2e-06 4.45e-06 7.45e-06 6.15e-06 1.14e-05 8.55e-06 5.8e-06 1.1e-05 8.55e-06 9.75e-06 5.75e-06 6.6e-06 1.01e-05 3e-07 7.3e-06 7.15e-06 1.295e-05 9.4e-06 9.3e-06 1.205e-05 7.6e-06 5.05e-06 1.15e-05 3.5e-06 7.2e-06 7.25e-06 2.6e-06 7.25e-06 5.05e-06 9.25e-06 8.4e-06 8.6e-06 9.05e-06 9.75e-06 7.35e-06 8.8e-06 6.4e-06 6.55e-06 1.355e-05 8.55e-06 8.65e-06 1.045e-05 6.7e-06 4.85e-06 2.9e-06 7.35e-06 1.18e-05 6.75e-06 1.195e-05 7.15e-06 3.6e-06 9.8e-06 8.85e-06 8.2e-06 1.045e-05 1.17e-05 8.4e-06 1.12e-05 7.85e-06 1.165e-05 1.135e-05 1.14e-05 9.35e-06 8.6e-06 3.15e-06 9.5e-06 8.05e-06 6e-06 1.145e-05 8e-06 6.15e-06
