 slim_337510284 slim_337509969 slim_337510364 slim_337509934 slim_337510373 slim_337510268 slim_337510304 slim_337510370 slim_337509979 slim_337510357 slim_337510363 slim_337510201 slim_337510215 slim_337510254 slim_337510269 slim_337510385 slim_337510251 slim_337510360 slim_337510377 slim_337510198 slim_337510317 slim_337510270 slim_337510263 slim_337510280 slim_337510258 slim_337510362 slim_337510382 slim_337510250 slim_337510212 slim_337510356 slim_337510352 slim_337510078 slim_337510368 slim_337510361 slim_337509965 slim_337510232 slim_337510207 slim_337510371 slim_337510388 slim_337510243 slim_337510176 slim_337510294 slim_337510329 slim_337510320 slim_337510211 slim_337510192 slim_337510290 slim_337510342 slim_337510354 slim_337510380 slim_337510344 slim_337510314 slim_337510288 slim_337510208 slim_337510138 slim_337510379 slim_337510310 slim_337510244 slim_337510315 slim_337510341 slim_337510025 slim_337510335 slim_337510372 slim_337510012 slim_337510071 slim_337510324 slim_337510348 slim_337510235 slim_337510381 slim_337510184 slim_337510355 slim_337510339 slim_337510387 slim_337510338 slim_337510327 slim_337510309 slim_337510227 slim_337510312 slim_337510351 slim_337510247 slim_337510271 slim_337510334 slim_337510378 slim_337510376 slim_337510359 slim_337510234 slim_337510367 slim_337510366 slim_337510146 slim_337510259 slim_337510307 slim_337510383 slim_337510350 slim_337510214 slim_337510346 slim_337510210 slim_337510331 slim_337510302 slim_337510318 slim_337509967
0 0.0002976 0.00022095 0.00033395 0.0005668 0.00014905 0.0002232 0.00032485 0.00043065 0.0004655 0.00060215 0.0004349 0.0004702 0.00022785 0.00051495 0.0004322 0.00068925 0.00020385 0.0002352 0.00027425 0.00046325 0.0004323 0.0003088 0.00022695 0.0004929 0.0004964 0.00034525 0.0004094 0.0004066 0.0002552 0.0003523 0.000464 0.0002671 0.0004628 0.00047825 0.0003259 0.0002286 0.0002113 0.00053125 0.00037095 0.000707 0.0003883 0.0003282 0.0004043 0.00038075 0.00024705 0.00027535 0.0003809 0.00050665 0.00018945 0.00031 0.00051465 0.00045435 0.00029375 0.00077255 0.00059875 0.00023895 0.00025465 0.00016815 0.00026755 0.00016835 0.000672 0.000423 0.00030985 0.00022295 0.000447 0.0002744 0.00025515 0.00038675 0.00049695 0.0002744 0.0002077 0.0003848 0.0004989 0.00063845 0.00041005 0.00040485 0.00041505 0.00024615 0.0005032 0.00031685 0.00075015 0.00030985 0.0001489 0.00044565 0.00035635 0.0004322 0.0003453 0.0003518 0.00061 0.00034515 0.0005469 0.0003262 0.000336 0.00032445 0.00029455 0.00064075 0.00056395 0.00064435 0.0006021 0.00059925
1 0.00022095 0.0002157 0.00048095 0.00048565 0.00022095 0.00018135 0.0002309 0.0005779 0.00046515 0.0004509 0.0003975 0.0004321 0.0002986 0.0004837 0.00058 0.0007214 0.00016215 0.0002122 0.0002331 0.0005287 0.0005801 0.00044945 0.0002084 0.0004326 0.00053505 0.0003962 0.0003783 0.0003262 0.00029055 0.0003875 0.00043205 0.00022525 0.0004519 0.0005158 0.00051035 0.00029905 0.00016205 0.0004508 0.0003599 0.00055525 0.00027595 0.00035585 0.0002923 0.0004515 0.0003177 0.0003386 0.0003 0.0004754 0.00014845 0.0003445 0.00043405 0.00044345 0.0002932 0.000702 0.00056745 0.0001273 0.00021355 0.0001273 0.0002267 0.00012735 0.00066035 0.00039115 0.00035115 0.0001811 0.0003653 0.0003096 0.00040335 0.0002806 0.00051605 0.00029005 0.00030215 0.00047885 0.0004609 0.0006623 0.00037235 0.0005881 0.00051905 0.00020505 0.00068725 0.0002757 0.0005987 0.00034435 0.0002208 0.0003561 0.00042775 0.00058 0.00041675 0.00031065 0.00071175 0.000233 0.00050355 0.00033825 0.00029475 0.0003955 0.0003577 0.00049005 0.0005644 0.00067565 0.00045085 0.00044735
2 0.00033395 0.00048095 0.0004425 0.000578 0.000334 0.0004498 0.0004925 0.0002476 0.000464 0.00061725 0.0005806 0.00057695 0.00033375 0.00057945 0.0002775 0.00052195 0.000446 0.00045345 0.00044995 0.00037575 0.0002776 0.00038915 0.00043135 0.0005394 0.0003803 0.0004191 0.00057945 0.0005318 0.0003337 0.00035905 0.0005794 0.0004462 0.0004882 0.00059575 0.00027775 0.00033365 0.00046305 0.0005814 0.000488 0.0007361 0.0005729 0.0005048 0.00058 0.0003899 0.0003372 0.00041725 0.0005717 0.00060495 0.0004569 0.0003338 0.00061765 0.00051355 0.0004353 0.0007115 0.00066255 0.0004853 0.000446 0.00044955 0.0004933 0.0004496 0.0006332 0.00057645 0.00032205 0.00044955 0.0005272 0.0003372 0.0002217 0.00055605 0.00040265 0.00036305 0.00031585 0.00037175 0.00060565 0.0005493 0.00049265 0.0002775 0.0003889 0.0004713 0.00033385 0.0005376 0.00070855 0.0003337 0.00033385 0.0005583 0.00044215 0.00027755 0.0003934 0.00047145 0.00049505 0.00048475 0.00063175 0.00048385 0.0005411 0.00035985 0.0004208 0.00068675 0.0005203 0.00051935 0.0006172 0.0006983
3 0.0005668 0.00048565 0.000578 0.0007543 0.00056685 0.0004358 0.00044285 0.0006023 0.00057185 0.0004359 0.0005739 0.0005155 0.000513 0.0005703 0.0006401 0.0005208 0.00043195 0.0004394 0.0004907 0.0006398 0.0006402 0.0006119 0.0004855 0.00058215 0.0005434 0.0005582 0.00057015 0.0004729 0.0005515 0.00057585 0.0005155 0.0004322 0.0005751 0.00057615 0.00065535 0.00051345 0.0004903 0.0004356 0.0005752 0.0006231 0.0005425 0.0005353 0.0005505 0.0005205 0.00051665 0.0006182 0.0005304 0.00059465 0.0004976 0.0004971 0.0004765 0.0005993 0.00043465 0.00051555 0.00057025 0.00049035 0.00048665 0.00049015 0.00051935 0.0004902 0.00047695 0.0005238 0.00050365 0.00043555 0.0005785 0.0005551 0.00063185 0.00048915 0.00052035 0.00053555 0.00056225 0.00057055 0.0005556 0.00056365 0.00047855 0.00060165 0.0005966 0.0005108 0.00066385 0.00054225 0.00049125 0.0004969 0.0005667 0.00054095 0.0006367 0.0006401 0.00057875 0.0005111 0.0006907 0.00049 0.00059075 0.0005212 0.00054585 0.00053725 0.0006219 0.0006108 0.00063415 0.00061465 0.00043585 0.0005855
4 0.00014905 0.00022095 0.000334 0.00056685 0.0002977 0.00022325 0.00032495 0.0004307 0.00046555 0.00060225 0.00043495 0.00047025 0.0002279 0.000515 0.00043225 0.0006893 0.00020395 0.0002353 0.0002743 0.0004633 0.00043235 0.00030885 0.000227 0.00049295 0.00049645 0.0003453 0.0004095 0.00040665 0.0002553 0.00035235 0.00046405 0.00026715 0.00046285 0.0004783 0.00032595 0.00022865 0.00021135 0.0005313 0.000371 0.00070705 0.00038835 0.00032825 0.00040435 0.0003808 0.0002471 0.0002754 0.00038095 0.0005067 0.0001895 0.00031005 0.0005147 0.0004544 0.0002938 0.0007726 0.0005988 0.00023925 0.00025465 0.0001684 0.00026785 0.00016845 0.00067205 0.00042305 0.0003099 0.000223 0.0004471 0.00027445 0.0002552 0.0003868 0.000497 0.00027445 0.00020775 0.00038485 0.00049895 0.0006385 0.0004101 0.0004049 0.0004151 0.00024615 0.00050325 0.0003169 0.0007502 0.0003099 0.0001489 0.0004457 0.0003564 0.00043225 0.00034535 0.00035185 0.00061005 0.0003452 0.00054695 0.00032625 0.00033605 0.00032455 0.0002946 0.0006408 0.000564 0.0006444 0.0006022 0.0005993
5 0.0002232 0.00018135 0.0004498 0.0004358 0.00022325 0.0001487 0.0002374 0.00052815 0.00050155 0.0005426 0.000351 0.0003511 0.00024735 0.0004264 0.0005427 0.00070125 7.49e-05 0.0001312 0.000165 0.00048795 0.0005428 0.00041135 0.00014135 0.00047515 0.00051475 0.00031305 0.00033675 0.0003503 0.00027775 0.00035565 0.0003363 0.0001372 0.0003753 0.00045005 0.0004881 0.00024765 0.0001497 0.0004357 0.00028975 0.00066625 0.00033385 0.00026315 0.0003301 0.0003399 0.000247 0.0003095 0.0003224 0.0004148 7.915e-05 0.0002773 0.0004277 0.00036355 0.00019765 0.0006977 0.00051045 0.00018175 0.00016495 7.495e-05 0.0001754 7.485e-05 0.00062435 0.0003231 0.0002891 7.44e-05 0.0003918 0.00027735 0.0004257 0.00030455 0.00049285 0.00025145 0.0002897 0.00040675 0.00039125 0.0006705 0.0003158 0.00051235 0.0004659 0.00015315 0.00060535 0.00022735 0.0006907 0.00027735 0.0002231 0.00039615 0.00037985 0.0005427 0.00033975 0.00024295 0.0006245 0.00027145 0.00051795 0.0002453 0.00022695 0.00032565 0.0003092 0.0005622 0.00059465 0.00066205 0.00054255 0.00057685
6 0.00032485 0.0002309 0.0004925 0.00044285 0.00032495 0.0002374 0.0004482 0.0005709 0.00046735 0.00043655 0.0004294 0.0004295 0.0003255 0.00051925 0.00058545 0.00062415 0.00023715 0.0002306 0.0003273 0.0005814 0.00058555 0.00046175 0.00025135 0.00051405 0.0005572 0.00039775 0.0004293 0.00035695 0.0004041 0.0004823 0.0004294 0.00030005 0.00050445 0.00049165 0.00050615 0.00032585 0.0002718 0.0004425 0.0004187 0.0005738 0.0003834 0.00037395 0.0003797 0.0004186 0.0003254 0.00040815 0.00034255 0.00050765 0.00024135 0.0004043 0.0004343 0.0004927 0.00024505 0.000635 0.0006031 0.00023095 0.00032705 0.000237 0.00033725 0.00023705 0.0005796 0.0004047 0.00041105 0.00023715 0.0004081 0.000404 0.00049195 0.0003496 0.00054155 0.0003845 0.0003393 0.00043285 0.00045805 0.0006138 0.00039395 0.00050685 0.000541 0.00031525 0.0005999 0.00038925 0.0005849 0.00040425 0.0003248 0.00039355 0.0004706 0.00058545 0.00041835 0.0004053 0.00066975 0.00032135 0.00051615 0.00035905 0.0003891 0.0004038 0.00040805 0.0005274 0.0005605 0.0005983 0.0004365 0.0004844
7 0.00043065 0.0005779 0.0002476 0.0006023 0.0004307 0.00052815 0.0005709 0.0003515 0.0004643 0.0006232 0.0006008 0.0006155 0.000431 0.0005469 0.000245 0.0004881 0.0005427 0.0005502 0.0004572 0.00030835 0.0002451 0.00048415 0.00050965 0.00046805 0.0003314 0.0004393 0.000618 0.000595 0.0003593 0.00028805 0.00061795 0.00050905 0.00042085 0.0006905 0.0003163 0.0004312 0.0005414 0.00058735 0.00048285 0.0006538 0.00057625 0.00058145 0.00056715 0.00042845 0.0004162 0.00051395 0.0006502 0.0005469 0.00051865 0.0003594 0.00064675 0.0004207 0.000532 0.00067765 0.0006287 0.00056365 0.0004716 0.0005279 0.00049305 0.00052795 0.0006558 0.0006598 0.0003476 0.0005279 0.0005126 0.00034445 0.0002473 0.000611 0.0003571 0.00037025 0.0004125 0.00041025 0.0006442 0.0005736 0.0004999 0.00031675 0.0004128 0.0004714 0.00031425 0.0005407 0.0006359 0.00035925 0.00043055 0.000558 0.0004807 0.00024495 0.0004136 0.00040045 0.00042075 0.000492 0.0006298 0.0005224 0.00052585 0.00035915 0.00049915 0.00059355 0.0004619 0.0004366 0.00062315 0.0006982
8 0.0004655 0.00046515 0.000464 0.00057185 0.00046555 0.00050155 0.00046735 0.0004643 0.0008581 0.00053685 0.00060245 0.00060205 0.0004653 0.00064455 0.00050605 0.00057815 0.00050115 0.0005027 0.00053555 0.00054005 0.00050615 0.0005163 0.0004967 0.00049615 0.00055695 0.0005137 0.00061085 0.0005347 0.0005 0.00049975 0.00061065 0.00052995 0.0005752 0.00062855 0.0004715 0.0004653 0.00050535 0.000572 0.00054535 0.000544 0.0004693 0.0005523 0.00046985 0.00050725 0.00046545 0.00054505 0.0005545 0.00061075 0.0005056 0.00049995 0.00057835 0.00054125 0.000498 0.0006816 0.00069425 0.0004662 0.000535 0.00050145 0.00050135 0.0005015 0.0006228 0.0006145 0.00049495 0.0005013 0.0005061 0.0005001 0.00046425 0.0004602 0.00056715 0.00050635 0.00046085 0.0005027 0.0006308 0.0006158 0.00056235 0.0004714 0.0005508 0.000501 0.00051355 0.0005049 0.00053615 0.00049985 0.0004654 0.0004607 0.0005595 0.00050605 0.0005075 0.00053485 0.00057655 0.0004998 0.0005163 0.00054285 0.000505 0.00046555 0.0005452 0.00050585 0.00047145 0.000544 0.0005368 0.0005181
9 0.00060215 0.0004509 0.00061725 0.0004359 0.00060225 0.0005426 0.00043655 0.0006232 0.00053685 0.0006273 0.0005868 0.00060195 0.00060275 0.0006017 0.0006518 0.0005155 0.0005575 0.0005583 0.0005277 0.00065155 0.0006519 0.00068715 0.0005518 0.00051015 0.00053475 0.0006078 0.00061665 0.00048635 0.00057195 0.0005779 0.0006167 0.0005578 0.0006222 0.0006792 0.00068195 0.00060305 0.0005028 0.00042025 0.0006282 0.00047625 0.0004919 0.0006273 0.00048015 0.0006374 0.00058755 0.00068525 0.0005078 0.00062275 0.00053315 0.00057215 0.0004698 0.0006431 0.0005679 0.0004951 0.0006017 0.0004356 0.0005425 0.00054225 0.0005719 0.0005423 0.0005208 0.0006302 0.00057395 0.00054235 0.00051515 0.00055675 0.00061675 0.00050355 0.00052125 0.00054345 0.0006118 0.0006469 0.00063065 0.00056365 0.00050485 0.0006826 0.00065695 0.00056335 0.00071725 0.0005981 0.00037 0.00057205 0.0006021 0.00050135 0.00068945 0.0006518 0.0006221 0.0005485 0.0007422 0.0004207 0.00057685 0.0006188 0.00058285 0.0006086 0.00067005 0.00050295 0.0005716 0.00059295 0.00031365 0.000457
10 0.0004349 0.0003975 0.0005806 0.0005739 0.00043495 0.000351 0.0004294 0.0006008 0.00060245 0.0005868 0.0006219 0.0003509 0.00047055 0.00036425 0.0005606 0.00065635 0.000368 0.0003939 0.00036435 0.000511 0.0005607 0.00059165 0.0003886 0.00055075 0.00049585 0.0004065 0.00032875 0.0004444 0.00045565 0.00047505 0.0003513 0.0003962 0.0004366 0.00050235 0.0005398 0.0004705 0.00032875 0.000534 0.0003967 0.0005353 0.00048465 0.00048525 0.000457 0.0004732 0.0004534 0.00044825 0.000381 0.0003483 0.0003116 0.00047825 0.00049005 0.0004205 0.0004543 0.0005345 0.0004461 0.00038115 0.0003811 0.00032845 0.0003875 0.0003283 0.00070805 0.00035685 0.00048995 0.00035085 0.00043635 0.00043845 0.000545 0.00050845 0.00047715 0.00041255 0.00049515 0.0005108 0.00033975 0.000654 0.00037565 0.00057555 0.0006124 0.00036495 0.00055565 0.0004327 0.0006835 0.00047825 0.0004348 0.0005379 0.0004203 0.0005606 0.0004332 0.0004006 0.00061115 0.00041665 0.00063455 0.00038785 0.0004155 0.0004907 0.0004311 0.0005534 0.00058265 0.00054815 0.00058675 0.00052995
11 0.0004702 0.0004321 0.00057695 0.0005155 0.00047025 0.0003511 0.0004295 0.0006155 0.00060205 0.00060195 0.0003509 0.0006332 0.00045165 0.0004002 0.0005845 0.00062615 0.00034875 0.00037535 0.0004344 0.00054825 0.0005846 0.00058415 0.0004168 0.0006196 0.00052135 0.00043455 0.00034905 0.0004311 0.00050595 0.0005443 0.00031705 0.00037725 0.00047425 0.0004632 0.0005487 0.00045205 0.0003829 0.00054955 0.00042825 0.00057595 0.00053535 0.00049685 0.0005275 0.0004272 0.00045385 0.000452 0.00040415 0.00038755 0.00038295 0.00047415 0.0004972 0.00046145 0.00040925 0.00051595 0.0004817 0.00043515 0.0004318 0.00038285 0.0004409 0.00038285 0.00066145 0.0003174 0.0004857 0.00035085 0.0004773 0.0005081 0.00059555 0.0004891 0.0004993 0.0004823 0.00050425 0.00049325 0.0003169 0.00061895 0.00040195 0.00053025 0.0006199 0.00041895 0.0005379 0.00048305 0.0006982 0.000474 0.0004701 0.00056525 0.00043835 0.0005845 0.00046135 0.00047025 0.0006087 0.00048645 0.0006453 0.00039665 0.0004852 0.00049015 0.00045425 0.0005939 0.0006098 0.0005347 0.0006019 0.00055225
12 0.00022785 0.0002986 0.00033375 0.000513 0.0002279 0.00024735 0.0003255 0.000431 0.0004653 0.00060275 0.00047055 0.00045165 0.0004551 0.0005506 0.00044365 0.00062275 0.00022825 0.0002359 0.0003526 0.0004989 0.00044375 0.0003206 0.000255 0.00057125 0.00052005 0.0003567 0.0004453 0.00041195 0.0003338 0.00043065 0.00044545 0.00029125 0.00049845 0.00044705 0.00033765 0.0002282 0.00029 0.00053165 0.00040645 0.00074265 0.00046645 0.0003397 0.0004828 0.000338 0.00024685 0.00031135 0.0004164 0.0005423 0.00026795 0.00033415 0.0005149 0.00049 0.0002439 0.00073025 0.00063435 0.0003179 0.0003332 0.0002469 0.0003464 0.00024695 0.00060555 0.0004044 0.000334 0.0002471 0.00048285 0.00035275 0.0003338 0.0004107 0.0005206 0.00035275 0.00023605 0.00034595 0.0004803 0.0005963 0.0004337 0.00033775 0.00042655 0.0003247 0.00044775 0.0003952 0.00075055 0.000334 0.00022775 0.0004737 0.0003901 0.00044365 0.00035675 0.00043015 0.0005788 0.0004235 0.0005584 0.00033765 0.00041435 0.00032505 0.00033035 0.0006764 0.0005754 0.000602 0.0006027 0.00063475
13 0.00051495 0.0004837 0.00057945 0.0005703 0.000515 0.0004264 0.00051925 0.0005469 0.00064455 0.0006017 0.00036425 0.0004002 0.0005506 0.0006155 0.0005221 0.00062405 0.00043935 0.0004652 0.0003492 0.00045705 0.0005222 0.0006717 0.0004637 0.00049435 0.0004185 0.0004529 0.00036245 0.00048005 0.00044585 0.00041245 0.000385 0.0004048 0.00037365 0.0005717 0.00059115 0.00055055 0.0004038 0.0005341 0.00041995 0.0005317 0.00051075 0.00056035 0.00049345 0.0005159 0.00053715 0.0005283 0.0004708 0.0003292 0.0003897 0.00046845 0.0005349 0.00039495 0.00052565 0.0004932 0.00039 0.00047105 0.0003623 0.00040355 0.00040615 0.0004036 0.00070445 0.0004121 0.00048015 0.00042615 0.0004821 0.00043235 0.00054385 0.00056985 0.00039245 0.00040665 0.0005752 0.0005535 0.000389 0.00065905 0.00037585 0.0006269 0.0006026 0.00038355 0.00056965 0.000444 0.00064195 0.00046845 0.00051485 0.00057135 0.00046285 0.0005221 0.0004798 0.000329 0.00059925 0.0004169 0.000668 0.0004219 0.0004305 0.000518 0.00051485 0.00054465 0.0005874 0.0005384 0.00060165 0.0005781
14 0.0004322 0.00058 0.0002775 0.0006401 0.00043225 0.0005427 0.00058545 0.000245 0.00050605 0.0006518 0.0005606 0.0005845 0.00044365 0.0005221 0.0004238 0.0004629 0.00055535 0.00056285 0.00047795 0.0003583 0.0002121 0.0004826 0.0005131 0.000516 0.0003789 0.000391 0.0005759 0.0005861 0.00037815 0.00034535 0.00058695 0.00052135 0.00047075 0.0006788 0.000266 0.00044385 0.00054485 0.00061595 0.0005164 0.0006788 0.0006067 0.0005818 0.0005896 0.0003892 0.00043075 0.00051785 0.00065 0.00054325 0.00051795 0.00038935 0.00061645 0.00049175 0.00054465 0.0006607 0.00060295 0.0005671 0.00049045 0.00053135 0.0005334 0.0005314 0.0006794 0.00065395 0.0003776 0.00054245 0.0005471 0.0003652 0.00026615 0.0006307 0.0004044 0.00039105 0.00041405 0.00035995 0.0006132 0.00060265 0.00053175 0.0002775 0.00042855 0.0005114 0.00021205 0.00057115 0.0006917 0.00038925 0.0004321 0.00058865 0.0004386 0.00021195 0.00036525 0.00045775 0.00045275 0.00051275 0.00065735 0.00047225 0.0005582 0.00041105 0.00050495 0.00065525 0.00044075 0.00048285 0.00065175 0.0007252
15 0.00068925 0.0007214 0.00052195 0.0005208 0.0006893 0.00070125 0.00062415 0.0004881 0.00057815 0.0005155 0.00065635 0.00062615 0.00062275 0.00062405 0.0004629 0.0007403 0.0007141 0.0006726 0.00069065 0.000619 0.0004631 0.00063355 0.00068055 0.00064045 0.00053275 0.00055695 0.000678 0.0006075 0.0006565 0.0006224 0.00063475 0.00067995 0.000666 0.0006748 0.00049565 0.0006229 0.0007132 0.0005505 0.00071175 0.00062435 0.0007127 0.00068855 0.0006968 0.00052055 0.00060965 0.0007401 0.0007024 0.00064405 0.00073065 0.0006134 0.0005559 0.00068585 0.000609 0.00048475 0.00062175 0.0007091 0.00070335 0.0007442 0.00073195 0.00074425 0.0005083 0.00070165 0.0006084 0.000701 0.00067145 0.00064335 0.0005885 0.0006892 0.00053865 0.0006496 0.0006257 0.0005002 0.00065475 0.00054685 0.0006201 0.0004292 0.0006008 0.00072315 0.00037025 0.00074815 0.00051945 0.0006133 0.00068915 0.0006493 0.00064615 0.0004629 0.0005507 0.00066935 0.0005849 0.00065465 0.0006573 0.0006049 0.000735 0.00058885 0.000727 0.0006758 0.0005194 0.00050015 0.00051545 0.0006708
16 0.00020385 0.00016215 0.000446 0.00043195 0.00020395 7.49e-05 0.00023715 0.0005427 0.00050115 0.0005575 0.000368 0.00034875 0.00022825 0.00043935 0.00055535 0.0007141 0.0001108 0.00011185 0.0001804 0.0005024 0.00055545 0.00039255 0.00014165 0.0004897 0.00052935 0.00032975 0.00033405 0.0003315 0.00027345 0.0003703 0.00033395 0.0001187 0.00039005 0.00043155 0.0004857 0.00022885 0.00014905 0.000451 0.0002983 0.0006842 0.00033 0.00026345 0.00034605 0.0003375 0.00024725 0.0002903 0.00032265 0.00043105 9.575e-05 0.00027355 0.00043445 0.0003816 0.00017895 0.00071055 0.0005233 0.0001811 0.000161 7.47e-05 0.0001742 7.475e-05 0.0006208 0.00030425 0.00028505 7.465e-05 0.0004099 0.00029245 0.0004217 0.00028555 0.00050415 0.0002667 0.0002709 0.0004046 0.0003889 0.0006668 0.00033115 0.00051015 0.00046215 0.0001525 0.0006196 0.0002232 0.00070535 0.0002734 0.0002038 0.0003958 0.00037735 0.00055535 0.0003566 0.0002579 0.00064245 0.0002868 0.0005176 0.00024265 0.00024215 0.00032485 0.00030935 0.00058005 0.0006107 0.0006801 0.00055745 0.00057645
17 0.0002352 0.0002122 0.00045345 0.0004394 0.0002353 0.0001312 0.0002306 0.0005502 0.0005027 0.0005583 0.0003939 0.00037535 0.0002359 0.0004652 0.00056285 0.0006726 0.00011185 0.0002223 0.000236 0.0005472 0.00056295 0.00037555 0.0001575 0.0005321 0.0005553 0.00033715 0.00036015 0.00033825 0.0003294 0.000426 0.00036045 0.00017505 0.0004348 0.0004095 0.0004686 0.00023625 0.00020485 0.0004577 0.00034305 0.0006983 0.0003798 0.000271 0.00039585 0.00034565 0.00025465 0.0003185 0.0003426 0.0004569 0.0001514 0.00032975 0.00044115 0.00042635 0.00013845 0.00068745 0.00054925 0.0002311 0.0002169 0.0001306 0.00023045 0.00013065 0.0005794 0.00031925 0.00034145 0.00013095 0.00044875 0.00034815 0.00045285 0.00033605 0.00053015 0.00032245 0.0002622 0.00037225 0.00040385 0.00064575 0.00035705 0.00046935 0.00046975 0.0002084 0.00057885 0.00027925 0.0007062 0.00032975 0.00023515 0.0004058 0.00039765 0.00056285 0.00036405 0.00031355 0.000639 0.00033655 0.0005193 0.00025035 0.00029795 0.00033255 0.00033725 0.00061295 0.0006123 0.00065185 0.00055825 0.00059055
18 0.00027425 0.0002331 0.00044995 0.0004907 0.0002743 0.000165 0.0003273 0.0004572 0.00053555 0.0005277 0.00036435 0.0004344 0.0003526 0.0003492 0.00047795 0.00069065 0.0001804 0.000236 0.0001887 0.00039445 0.00047805 0.0005052 0.0002032 0.00035005 0.00040335 0.0003377 0.0003654 0.0003994 0.00022395 0.0002301 0.0004195 0.0001799 0.00028105 0.0005739 0.0005282 0.00035245 0.0001856 0.0004204 0.0002878 0.00060745 0.0003094 0.0003415 0.0002962 0.0004348 0.0003365 0.0003921 0.0003889 0.0003717 0.00010075 0.0002781 0.00046555 0.0003034 0.000329 0.0006754 0.000434 0.0002178 0.0001104 0.0001105 0.0001556 0.00011065 0.0006675 0.0004331 0.0002898 0.00016475 0.00038815 0.0002078 0.00037165 0.0003854 0.00037745 0.0001822 0.00036695 0.0004733 0.0004632 0.0007021 0.0002898 0.00060665 0.0004549 0.0001327 0.00063475 0.00020325 0.0006198 0.0002781 0.00027415 0.0004024 0.0004108 0.00047795 0.0003646 0.00011665 0.00061275 0.00020215 0.0005408 0.0002855 0.0001871 0.0003598 0.000376 0.00050255 0.00056375 0.00065735 0.00052765 0.00058815
19 0.00046325 0.0005287 0.00037575 0.0006398 0.0004633 0.00048795 0.0005814 0.00030835 0.00054005 0.00065155 0.000511 0.00054825 0.0004989 0.00045705 0.0003583 0.000619 0.0005024 0.0005472 0.00039445 0.0004664 0.0003584 0.0006179 0.0004812 0.000468 0.000357 0.0004925 0.000528 0.00057465 0.0003565 0.00028905 0.00055065 0.00046885 0.0002857 0.00070165 0.000465 0.00049925 0.000505 0.0006023 0.0003477 0.00057165 0.0005212 0.0006197 0.000508 0.0005042 0.00048425 0.00047275 0.00056045 0.0004607 0.0004559 0.0003793 0.000661 0.0002892 0.0005634 0.0006655 0.00053785 0.00051415 0.0004087 0.000465 0.000434 0.00046505 0.00077175 0.0005526 0.0003675 0.0004877 0.00039085 0.0003418 0.00034015 0.0005785 0.0003827 0.0003676 0.00047955 0.00049775 0.00053705 0.00061025 0.0004654 0.00050075 0.00051115 0.00041215 0.0004834 0.000472 0.00065855 0.00037915 0.00046315 0.00053725 0.00045125 0.00035825 0.0004668 0.00034135 0.00041005 0.00044265 0.00067575 0.00053315 0.0004573 0.0004315 0.0004581 0.0004661 0.0005228 0.000482 0.0006515 0.00061615
20 0.0004323 0.0005801 0.0002776 0.0006402 0.00043235 0.0005428 0.00058555 0.0002451 0.00050615 0.0006519 0.0005607 0.0005846 0.00044375 0.0005222 0.0002121 0.0004631 0.00055545 0.00056295 0.00047805 0.0003584 0.000424 0.0004827 0.0005132 0.0005161 0.000379 0.00039105 0.000576 0.0005862 0.00037825 0.00034545 0.00058705 0.00052145 0.00047085 0.0006789 0.00026615 0.00044395 0.00054495 0.00061605 0.0005165 0.0006789 0.0006068 0.0005819 0.0005897 0.0003894 0.00043085 0.00051795 0.0006501 0.00054335 0.00051805 0.00038945 0.00061655 0.00049185 0.00054475 0.0006608 0.00060305 0.0005672 0.00049055 0.00053145 0.0005335 0.0005315 0.0006795 0.00065405 0.0003777 0.00054255 0.0005472 0.0003653 0.00026625 0.0006308 0.0004045 0.00039115 0.00041415 0.0003601 0.0006133 0.00060275 0.00053185 0.0002777 0.00042865 0.0005115 0.0002123 0.00057125 0.0006918 0.00038935 0.0004322 0.00058875 0.0004387 0.00021215 0.0003653 0.00045785 0.00045285 0.00051285 0.00065745 0.0004723 0.0005583 0.00041115 0.00050505 0.00065535 0.00044075 0.00048295 0.00065185 0.0007253
21 0.0003088 0.00044945 0.00038915 0.0006119 0.00030885 0.00041135 0.00046175 0.00048415 0.0005163 0.00068715 0.00059165 0.00058415 0.0003206 0.0006717 0.0004826 0.00063355 0.00039255 0.00037555 0.0005052 0.0006179 0.0004827 0.0004725 0.00039905 0.000627 0.00061215 0.0004326 0.0005668 0.00053285 0.00044985 0.00054485 0.00057795 0.0004553 0.0006544 0.0004033 0.0003415 0.00032095 0.000427 0.00061915 0.00056275 0.0008224 0.0005781 0.0003274 0.0005958 0.0004253 0.0003392 0.0004064 0.00053775 0.00066195 0.0004206 0.00046115 0.0006034 0.0006445 0.0003747 0.00078625 0.00071505 0.0004678 0.0004862 0.0003999 0.0004866 0.00039995 0.00052825 0.00053695 0.00046105 0.0004111 0.0006357 0.0004684 0.0003774 0.0005336 0.00061275 0.00046845 0.00030805 0.0004133 0.0006128 0.00062585 0.00056275 0.0003534 0.0003774 0.00047625 0.00044695 0.0005102 0.0007967 0.00046105 0.0003087 0.0005764 0.00047405 0.0004826 0.00043265 0.0005813 0.0005704 0.0005726 0.00050475 0.00043295 0.00052875 0.00041555 0.000425 0.000791 0.00060995 0.0006606 0.0006871 0.00071475
22 0.00022695 0.0002084 0.00043135 0.0004855 0.000227 0.00014135 0.00025135 0.00050965 0.0004967 0.0005518 0.0003886 0.0004168 0.000255 0.0004637 0.0005131 0.00068055 0.00014165 0.0001575 0.0002032 0.0004812 0.0005132 0.00039905 0.0002251 0.0005012 0.0005359 0.00033555 0.0003744 0.00036665 0.00029055 0.0003681 0.00040195 0.00020405 0.0003943 0.000472 0.00044945 0.000255 0.00018815 0.00045705 0.0003088 0.0006792 0.00035995 0.00028565 0.0003562 0.0003644 0.0002543 0.0003234 0.00034755 0.0004521 0.0001174 0.0003182 0.0004491 0.00038255 0.0001568 0.00071815 0.00054775 0.00020815 0.0002035 0.0001135 0.0002142 0.00011355 0.00063 0.00037745 0.0003182 0.0001411 0.00039865 0.0002898 0.00040335 0.0003473 0.0005398 0.00028985 0.00022615 0.00033595 0.0004455 0.00066715 0.00036265 0.0004776 0.00046265 0.0001917 0.00055945 0.000266 0.0006999 0.00031815 0.00022685 0.00035525 0.00039055 0.0005131 0.00033605 0.00028115 0.00060135 0.00029765 0.0005283 0.0002682 0.00026525 0.00033325 0.0003227 0.0005832 0.00057865 0.0006562 0.00055175 0.00058985
23 0.0004929 0.0004326 0.0005394 0.00058215 0.00049295 0.00047515 0.00051405 0.00046805 0.00049615 0.00051015 0.00055075 0.0006196 0.00057125 0.00049435 0.000516 0.00064045 0.0004897 0.0005321 0.00035005 0.000468 0.0005161 0.000627 0.0005012 0.0005704 0.00045455 0.00051255 0.0005654 0.0005408 0.0004036 0.0003324 0.00061955 0.00045605 0.00042895 0.0007185 0.00060525 0.0005715 0.0004395 0.00051305 0.00049095 0.0004605 0.0003606 0.00055485 0.00035165 0.0006021 0.0005565 0.000608 0.00056535 0.00049435 0.0004115 0.0004579 0.00057245 0.0004288 0.0006126 0.00065795 0.00054345 0.0004177 0.0003644 0.0004207 0.0003645 0.00042075 0.00066205 0.00066155 0.0004646 0.0004749 0.00048195 0.0003888 0.00046105 0.000468 0.00043495 0.0003693 0.0005735 0.00062845 0.00064845 0.00070055 0.00047155 0.0006837 0.00053765 0.0003642 0.0006604 0.0003637 0.00045315 0.0004578 0.0004928 0.0004409 0.0005781 0.000516 0.0005331 0.0002933 0.00062855 0.0003458 0.00049475 0.00050725 0.0003489 0.00049985 0.00059325 0.0004019 0.00047275 0.00059965 0.0005101 0.0005049
24 0.0004964 0.00053505 0.0003803 0.0005434 0.00049645 0.00051475 0.0005572 0.0003314 0.00055695 0.00053475 0.00049585 0.00052135 0.00052005 0.0004185 0.0003789 0.00053275 0.00052935 0.0005553 0.00040335 0.000357 0.000379 0.00061215 0.0005359 0.00045455 0.0004781 0.0005027 0.0005194 0.000537 0.00037895 0.00032975 0.00053005 0.000467 0.000396 0.0006515 0.0004963 0.0005202 0.00047405 0.0005177 0.00048775 0.00056865 0.0005558 0.00061965 0.0005427 0.0005294 0.0005052 0.00054675 0.00055285 0.00047035 0.00049455 0.0003897 0.00060725 0.0004477 0.00058745 0.00053345 0.0005017 0.0005208 0.0004178 0.00050385 0.0004915 0.00050385 0.00064845 0.0005288 0.0003897 0.0005145 0.0004987 0.00036405 0.0003567 0.0006077 0.00023915 0.0003641 0.00052855 0.0005508 0.00051055 0.0005608 0.00036395 0.00052005 0.0004947 0.00046945 0.00051875 0.0005391 0.0005699 0.00038965 0.0004963 0.0005879 0.00051885 0.0003789 0.00050375 0.0003687 0.0005473 0.0004193 0.00067165 0.00055 0.0005242 0.0004711 0.0005319 0.0005767 0.00055575 0.0004838 0.0005347 0.0006045
25 0.00034525 0.0003962 0.0004191 0.0005582 0.0003453 0.00031305 0.00039775 0.0004393 0.0005137 0.0006078 0.0004065 0.00043455 0.0003567 0.0004529 0.000391 0.00055695 0.00032975 0.00033715 0.0003377 0.0004925 0.00039105 0.0004326 0.00033555 0.00051255 0.0005027 0.0005688 0.0004174 0.00046405 0.00038135 0.00040075 0.00042835 0.00035795 0.00046575 0.0005216 0.00035485 0.00035665 0.0003454 0.0005299 0.00042585 0.00065285 0.0004831 0.0003892 0.00045545 0.00033965 0.00033955 0.00043075 0.00047345 0.00043695 0.00028495 0.00039235 0.00048595 0.00044965 0.00037115 0.0006457 0.00053475 0.0003796 0.00035445 0.0003018 0.00036085 0.00030185 0.00063455 0.00047375 0.00040405 0.0003128 0.0004906 0.00036415 0.0004077 0.0004953 0.000484 0.00033845 0.0003791 0.00036245 0.00046325 0.00065905 0.00043015 0.0003664 0.0004687 0.0003383 0.0003384 0.00040605 0.0007045 0.00039235 0.00034515 0.00050995 0.0003889 0.000391 0.0003114 0.00037395 0.0005451 0.0004153 0.0005636 0.00030175 0.00038885 0.00037685 0.0004136 0.00061255 0.00048575 0.0005534 0.00060775 0.0006475
26 0.0004094 0.0003783 0.00057945 0.00057015 0.0004095 0.00033675 0.0004293 0.000618 0.00061085 0.00061665 0.00032875 0.00034905 0.0004453 0.00036245 0.0005759 0.000678 0.00033405 0.00036015 0.0003654 0.000528 0.000576 0.0005668 0.0003744 0.0005654 0.0005194 0.0004174 0.0006215 0.0004259 0.00044505 0.0004839 0.00033385 0.0003629 0.00044545 0.00046875 0.00054005 0.00044585 0.0003133 0.0005496 0.0003993 0.0005681 0.0004811 0.000471 0.00047325 0.0004647 0.0004478 0.0004229 0.00038145 0.0003498 0.00031385 0.00046825 0.0004971 0.00043265 0.00042095 0.00054715 0.000444 0.0003805 0.00036255 0.00031355 0.00037135 0.00031345 0.0007046 0.0003228 0.00047985 0.0003365 0.00046315 0.0004477 0.00054365 0.00048955 0.00049735 0.00042195 0.00047035 0.00050265 0.0003378 0.0006591 0.00039145 0.000576 0.0006026 0.0003497 0.00057255 0.00041385 0.0007131 0.00046815 0.00040935 0.0005377 0.0004115 0.0005759 0.00044425 0.0004013 0.00063165 0.00043235 0.0006343 0.00037055 0.0004163 0.00048375 0.0004254 0.0005819 0.0006075 0.0005749 0.0006166 0.0005444
27 0.0004066 0.0003262 0.0005318 0.0004729 0.00040665 0.0003503 0.00035695 0.000595 0.0005347 0.00048635 0.0004444 0.0004311 0.00041195 0.00048005 0.0005861 0.0006075 0.0003315 0.00033825 0.0003994 0.00057465 0.0005862 0.00053285 0.00036665 0.0005408 0.000537 0.00046405 0.0004259 0.0006504 0.0004463 0.0005088 0.000431 0.00034355 0.0005091 0.0004949 0.00054635 0.00041135 0.00034495 0.00048585 0.00046735 0.0005604 0.00044935 0.00047115 0.0004661 0.0004715 0.00043035 0.0004625 0.0003875 0.00048855 0.0003654 0.00045155 0.0004789 0.00051745 0.00036025 0.0005672 0.0005618 0.00034525 0.0003806 0.00034485 0.0004111 0.0003449 0.00059395 0.0004085 0.0004583 0.00035 0.00047345 0.00046465 0.0005265 0.0004155 0.00051805 0.00044515 0.0004285 0.00048815 0.00045985 0.0006038 0.0004361 0.0005518 0.00057255 0.0003889 0.0006062 0.00045 0.00059065 0.00045145 0.0004065 0.00047125 0.0004948 0.0005861 0.00048465 0.0004432 0.00068905 0.0003997 0.00057575 0.0004122 0.00046835 0.0004751 0.0004809 0.0005547 0.0005892 0.00058595 0.0004863 0.00049175
28 0.0002552 0.00029055 0.0003337 0.0005515 0.0002553 0.00027775 0.0004041 0.0003593 0.0005 0.00057195 0.00045565 0.00050595 0.0003338 0.00044585 0.00037815 0.0006565 0.00027345 0.0003294 0.00022395 0.0003565 0.00037825 0.00044985 0.00029055 0.0004036 0.00037895 0.00038135 0.00044505 0.0004463 0.0004369 0.0002446 0.00049975 0.00027415 0.00035735 0.00060095 0.00041465 0.00033445 0.0002673 0.00050095 0.0003572 0.0006551 0.00038235 0.0004176 0.00038915 0.00043285 0.00033795 0.0003731 0.0004555 0.00047135 0.0002307 0.00027335 0.00053725 0.0003827 0.00039695 0.00072345 0.000529 0.0002938 0.0002194 0.0002229 0.00026615 0.0002228 0.00069155 0.00049685 0.0002733 0.0002775 0.0004315 0.00022275 0.0002552 0.00043125 0.0003755 0.00022285 0.00032295 0.00044595 0.0005347 0.0006513 0.0003797 0.0004933 0.0004133 0.0002447 0.00053785 0.00031095 0.00066345 0.00027325 0.00025515 0.00045285 0.0004087 0.00037815 0.0003824 0.00024545 0.00057915 0.00029405 0.0005799 0.00037735 0.00031505 0.0003593 0.00037725 0.0005678 0.00054465 0.0006291 0.0005719 0.00061745
29 0.0003523 0.0003875 0.00035905 0.00057585 0.00035235 0.00035565 0.0004823 0.00028805 0.00049975 0.0005779 0.00047505 0.0005443 0.00043065 0.00041245 0.00034535 0.0006224 0.0003703 0.000426 0.0002301 0.00028905 0.00034545 0.00054485 0.0003681 0.0003324 0.00032975 0.00040075 0.0004839 0.0005088 0.0002446 0.0003458 0.0005381 0.0003365 0.00028935 0.00069545 0.00045295 0.0004307 0.00034605 0.00050635 0.00035155 0.0005728 0.00038545 0.00049375 0.0003759 0.00047125 0.00041555 0.00047005 0.0005331 0.00041235 0.00029165 0.0002989 0.0005659 0.0002891 0.0004932 0.0006893 0.00049485 0.0003726 0.0002448 0.00030115 0.000267 0.0003012 0.00071415 0.00058005 0.00029895 0.0003554 0.00041685 0.00022945 0.00028075 0.0004863 0.00032975 0.0002296 0.00041935 0.000484 0.0005731 0.00067545 0.00038615 0.0005314 0.0004372 0.0002445 0.0005178 0.00031455 0.000591 0.0002989 0.0003522 0.00045255 0.00044725 0.00034535 0.00040185 0.0001732 0.00050475 0.00030065 0.0005782 0.0004159 0.0002994 0.0003596 0.00045495 0.00047475 0.00048625 0.0005467 0.00057785 0.0006172
30 0.000464 0.00043205 0.0005794 0.0005155 0.00046405 0.0003363 0.0004294 0.00061795 0.00061065 0.0006167 0.0003513 0.00031705 0.00044545 0.000385 0.00058695 0.00063475 0.00033395 0.00036045 0.0004195 0.00055065 0.00058705 0.00057795 0.00040195 0.00061955 0.00053005 0.00042835 0.00033385 0.000431 0.00049975 0.0005381 0.0006035 0.00036235 0.000468 0.000448 0.00055115 0.00044585 0.000368 0.0005495 0.000422 0.0005906 0.0005353 0.000482 0.00052745 0.0004211 0.00044765 0.0004458 0.000404 0.00037235 0.0003681 0.00046795 0.00049715 0.0004552 0.00039435 0.00051555 0.0004665 0.0004351 0.00041695 0.000368 0.00042605 0.00036805 0.0006614 0.00030215 0.00047955 0.000336 0.00048585 0.0005019 0.000598 0.0004891 0.000508 0.00047615 0.00049805 0.00048705 0.0003172 0.00062755 0.000402 0.0005327 0.0006137 0.0004041 0.00054035 0.0004682 0.00071295 0.00046775 0.0004639 0.0005652 0.000432 0.00058695 0.0004552 0.0004554 0.0006111 0.00048645 0.00064525 0.0003818 0.00047035 0.00048395 0.00044805 0.0006044 0.0006184 0.0005432 0.00061665 0.0005669
31 0.0002671 0.00022525 0.0004462 0.0004322 0.00026715 0.0001372 0.00030005 0.00050905 0.00052995 0.0005578 0.0003962 0.00037725 0.00029125 0.0004048 0.00052135 0.00067995 0.0001187 0.00017505 0.0001799 0.00046885 0.00052145 0.0004553 0.00020405 0.00045605 0.000467 0.00035795 0.0003629 0.00034355 0.00027415 0.0003365 0.00036235 0.0002363 0.00035595 0.00049225 0.00051425 0.00029155 0.00021235 0.0004509 0.00032725 0.00068015 0.00035895 0.00032585 0.00037495 0.000366 0.00030965 0.0003534 0.00038505 0.0004254 0.00015825 0.00027365 0.00046295 0.0003764 0.0002416 0.0006764 0.00048915 0.0002444 0.0001611 0.0001376 0.0002038 0.00013765 0.00062085 0.0003512 0.00028545 0.0001371 0.00043895 0.0002925 0.0004221 0.0003236 0.0004418 0.00026675 0.00033365 0.00043295 0.00041745 0.00066695 0.000331 0.0005385 0.00046235 0.0001815 0.00061375 0.00025245 0.00067165 0.00027365 0.000267 0.0004246 0.000406 0.00052135 0.0003848 0.00022355 0.0006424 0.00028675 0.0005464 0.00027145 0.0002708 0.00035405 0.00037185 0.0005751 0.0006053 0.00067595 0.00055775 0.00060525
32 0.0004628 0.0004519 0.0004882 0.0005751 0.00046285 0.0003753 0.00050445 0.00042085 0.0005752 0.0006222 0.0004366 0.00047425 0.00049845 0.00037365 0.00047075 0.000666 0.00039005 0.0004348 0.00028105 0.0002857 0.00047085 0.0006544 0.0003943 0.00042895 0.000396 0.00046575 0.00044545 0.0005091 0.00035735 0.00028935 0.000468 0.00035595 0.0004483 0.00065605 0.00057615 0.0004986 0.00042255 0.0005372 0.0002868 0.00054195 0.00044455 0.0005441 0.0004311 0.00050365 0.0004833 0.0004724 0.00049465 0.0003776 0.00034295 0.00038 0.0005962 0.00022795 0.00047685 0.0006304 0.0004558 0.00043735 0.0002958 0.00035245 0.00032195 0.0003525 0.0007441 0.00046995 0.00037995 0.00037505 0.00036545 0.00034215 0.0004526 0.0005136 0.00039595 0.0003422 0.00050475 0.00052295 0.00046305 0.00065735 0.000391 0.0006119 0.00054895 0.00029955 0.00059455 0.0003601 0.00062955 0.00037995 0.0004627 0.00048645 0.0004507 0.00047075 0.00046585 0.0002279 0.0004616 0.0003661 0.00063625 0.00043865 0.0003449 0.00043105 0.00045725 0.00041855 0.00055795 0.0005283 0.00062215 0.00058645
33 0.00047825 0.0005158 0.00059575 0.00057615 0.0004783 0.00045005 0.00049165 0.0006905 0.00062855 0.0006792 0.00050235 0.0004632 0.00044705 0.0005717 0.0006788 0.0006748 0.00043155 0.0004095 0.0005739 0.00070165 0.0006789 0.0004033 0.000472 0.0007185 0.0006515 0.0005216 0.00046875 0.0004949 0.00060095 0.00069545 0.000448 0.00049225 0.00065605 0.0006048 0.00055605 0.0004472 0.00045445 0.00061505 0.00056615 0.0007277 0.00063465 0.0003957 0.0006524 0.00050945 0.0004654 0.00046295 0.00046375 0.0005634 0.0004912 0.0005802 0.0005944 0.0006476 0.00041095 0.0006134 0.0006128 0.00053465 0.0005552 0.0004706 0.00055715 0.00047065 0.000522 0.00036715 0.00059195 0.0004499 0.0006352 0.00061925 0.000627 0.00057015 0.00062635 0.00059355 0.00047975 0.0005316 0.0004521 0.0006076 0.0005217 0.00052495 0.0005261 0.0005467 0.0006081 0.00057095 0.00077865 0.00058025 0.00047815 0.0006354 0.0005296 0.0006788 0.00054845 0.0006498 0.0006327 0.00063735 0.0005591 0.0004777 0.00058925 0.00054175 0.0004813 0.00075695 0.0007118 0.00063535 0.00067915 0.0006268
34 0.0003259 0.00051035 0.00027775 0.00065535 0.00032595 0.0004881 0.00050615 0.0003163 0.0004715 0.00068195 0.0005398 0.0005487 0.00033765 0.00059115 0.000266 0.00049565 0.0004857 0.0004686 0.0005282 0.000465 0.00026615 0.0003415 0.00044945 0.00060525 0.0004963 0.00035485 0.00054005 0.00054635 0.00041465 0.00045295 0.00055115 0.00051425 0.00057615 0.00055605 0.0003544 0.00033795 0.0004888 0.0006462 0.0005301 0.00073065 0.0006126 0.00049235 0.0006047 0.0003371 0.0003398 0.00042005 0.00057535 0.0005785 0.00047665 0.0004259 0.0005938 0.00056335 0.0004414 0.00070975 0.00067265 0.00051235 0.00052565 0.0004767 0.0005349 0.00047675 0.0006598 0.00058005 0.0004141 0.00048785 0.00056255 0.00041675 0.00026605 0.00058615 0.0005258 0.00044255 0.00029875 0.00029875 0.00057735 0.00058975 0.00056205 0.00018905 0.00043025 0.0005128 0.0001774 0.000577 0.00077835 0.0004258 0.0003258 0.0005814 0.0003862 0.000266 0.0003281 0.00056405 0.00048355 0.0005638 0.0006243 0.00042105 0.0005791 0.00037615 0.0004222 0.00072815 0.00046 0.00049805 0.0006819 0.00070695
35 0.0002286 0.00029905 0.00033365 0.00051345 0.00022865 0.00024765 0.00032585 0.0004312 0.0004653 0.00060305 0.0004705 0.00045205 0.0002282 0.00055055 0.00044385 0.0006229 0.00022885 0.00023625 0.00035245 0.00049925 0.00044395 0.00032095 0.000255 0.0005715 0.0005202 0.00035665 0.00044585 0.00041135 0.00033445 0.0004307 0.00044585 0.00029155 0.0004986 0.0004472 0.00033795 0.0004544 0.00029065 0.00053165 0.0004061 0.0007429 0.00046595 0.00033975 0.000483 0.00033845 0.00024655 0.000312 0.00041625 0.00054225 0.0002679 0.00033455 0.0005144 0.00049015 0.0002441 0.00073035 0.00063445 0.00031865 0.00033365 0.00024735 0.00034735 0.0002474 0.00060575 0.00040485 0.0003345 0.0002474 0.0004833 0.0003528 0.00033415 0.00041115 0.0005208 0.00035285 0.00023635 0.0003461 0.00048075 0.0005965 0.00043365 0.0003376 0.0004268 0.00032515 0.0004479 0.00039595 0.0007508 0.0003345 0.0002285 0.00047395 0.00039065 0.00044385 0.00035675 0.00043 0.0005791 0.0004236 0.0005587 0.0003383 0.0004143 0.00032565 0.0003304 0.0006768 0.00057565 0.00060215 0.000603 0.00063485
