 slim_337710392 slim_337710447 slim_337710507 slim_337710418 slim_337710474 slim_337710424 slim_337710432 slim_337710263 slim_337710450 slim_337710329 slim_337710427 slim_337710423 slim_337710164 slim_337710363 slim_337710483 slim_337710518 slim_337710380 slim_337710465 slim_337710477 slim_337710369 slim_337710479 slim_337709887 slim_337710425 slim_337710436 slim_337710460 slim_337710442 slim_337710325 slim_337710455 slim_337710443 slim_337710462 slim_337710390 slim_337710234 slim_337710454 slim_337710470 slim_337710461 slim_337710302 slim_337710321 slim_337710308 slim_337710372 slim_337710376 slim_337710441 slim_337710347 slim_337710183 slim_337710449 slim_337710272 slim_337710434 slim_337710431 slim_337710440 slim_337710478 slim_337710354 slim_337710445 slim_337710367 slim_337710435 slim_337710333 slim_337710469 slim_337710251 slim_337710493 slim_337710491 slim_337710490 slim_337710482 slim_337710519 slim_337710366 slim_337710488 slim_337710305 slim_337710428 slim_337710510 slim_337710501 slim_337710517 slim_337710494 slim_337710452 slim_337710514 slim_337710430 slim_337710459 slim_337710400 slim_337710405 slim_337710353 slim_337710508 slim_337710480 slim_337710389 slim_337710487 slim_337710451 slim_337710489 slim_337710516 slim_337710503 slim_337710386 slim_337710511 slim_337710512 slim_337710411 slim_337710414 slim_337710509 slim_337710433 slim_337710241 slim_337710468 slim_337710356 slim_337710484 slim_337710492 slim_337710244 slim_337710368 slim_337710453 slim_337710496
0 1.15e-05 6.05e-06 1.005e-05 1.005e-05 9.8e-06 7.85e-06 1e-05 9.75e-06 1.125e-05 6.85e-06 1.005e-05 7.65e-06 8.3e-06 1.115e-05 8.65e-06 9.6e-06 8.75e-06 9.85e-06 1.02e-05 7.45e-06 6.8e-06 9.25e-06 1.235e-05 7.65e-06 8.9e-06 9.95e-06 8.3e-06 8.2e-06 8.9e-06 7.95e-06 8.2e-06 9.65e-06 1.075e-05 1.11e-05 8.5e-06 9.75e-06 1.015e-05 9.3e-06 1.11e-05 8.25e-06 7.4e-06 1.02e-05 7.4e-06 9.6e-06 7.95e-06 9.85e-06 8.2e-06 7.5e-06 1.165e-05 6.75e-06 8.95e-06 1.005e-05 7.15e-06 6.2e-06 6.9e-06 1.01e-05 1.215e-05 8.4e-06 7.15e-06 8.05e-06 8.05e-06 1.145e-05 7.95e-06 9.35e-06 1.025e-05 9.6e-06 9.65e-06 6.9e-06 8.7e-06 1.04e-05 6.45e-06 8.35e-06 1.075e-05 7.4e-06 9e-06 9.75e-06 7.1e-06 9.5e-06 8.1e-06 7.85e-06 9.15e-06 8.85e-06 7.85e-06 9.15e-06 7.7e-06 8.65e-06 1.1e-05 9.85e-06 9.25e-06 1.355e-05 9.05e-06 1.36e-05 7.95e-06 8.8e-06 1.025e-05 8.3e-06 9.65e-06 8.7e-06 9.7e-06 8.1e-06
1 6.05e-06 1.3e-06 6.35e-06 6.85e-06 9.25e-06 7.6e-06 7.1e-06 1.015e-05 1.13e-05 2.55e-06 6.35e-06 8.4e-06 7.9e-06 1.12e-05 4.95e-06 1.06e-05 4.65e-06 8.45e-06 9.1e-06 3.25e-06 3.3e-06 7.75e-06 1.28e-05 4.6e-06 5.3e-06 7.4e-06 3.9e-06 3.8e-06 1.03e-05 5.4e-06 3.8e-06 9.1e-06 7.55e-06 1.15e-05 4.4e-06 1.06e-05 9.05e-06 1.02e-05 1.065e-05 7.75e-06 5.5e-06 7.6e-06 5.5e-06 8.2e-06 6.55e-06 8.8e-06 5.4e-06 7.65e-06 1.155e-05 3.5e-06 1e-05 6.95e-06 9.85e-06 6.95e-06 2.65e-06 8.6e-06 1.01e-05 7.9e-06 5.2e-06 6.35e-06 3.9e-06 1.135e-05 6.05e-06 8.45e-06 7.4e-06 1.05e-05 6.6e-06 2.65e-06 7.4e-06 1.18e-05 1.1e-06 4.25e-06 8.2e-06 5.45e-06 1.015e-05 9.2e-06 5.15e-06 1.04e-05 6.25e-06 3.45e-06 9.85e-06 9.9e-06 7.5e-06 9.65e-06 6.15e-06 6.8e-06 1.045e-05 6.35e-06 8.15e-06 1.25e-05 7.8e-06 1.25e-05 5.9e-06 7.85e-06 9.15e-06 9.5e-06 6.55e-06 7.05e-06 8.75e-06 6.1e-06
2 1.005e-05 6.35e-06 6e-07 9.55e-06 1.1e-05 1.14e-05 1.02e-05 1.19e-05 1.285e-05 6.6e-06 4.5e-07 1.18e-05 1.1e-05 1.275e-05 6.45e-06 1.35e-05 7.6e-06 6.75e-06 1.055e-05 6.25e-06 7.45e-06 1.16e-05 1.36e-05 7.35e-06 7.35e-06 9.1e-06 3.55e-06 3.55e-06 1.31e-05 8.15e-06 3.55e-06 1.085e-05 8.05e-06 1.295e-05 7.35e-06 1.325e-05 1.05e-05 1.265e-05 1.235e-05 1.04e-05 9.8e-06 9.3e-06 9.8e-06 6.6e-06 9.55e-06 1.005e-05 4.65e-06 1.11e-05 1.265e-05 8.05e-06 1.24e-05 9.55e-06 1.285e-05 1e-05 5.35e-06 1.065e-05 1e-05 1.055e-05 9.65e-06 8.7e-06 7.1e-06 1.245e-05 9.8e-06 1.015e-05 9.65e-06 1.295e-05 9.25e-06 6.6e-06 1.115e-05 1.395e-05 6.7e-06 7.25e-06 9.4e-06 9.85e-06 1.35e-05 1.095e-05 9.6e-06 1.285e-05 9.85e-06 3.3e-06 1.185e-05 1.28e-05 1.06e-05 1.29e-05 9.9e-06 8.7e-06 1.135e-05 8.45e-06 9.7e-06 1.225e-05 9.95e-06 1.225e-05 9.75e-06 9.85e-06 1.06e-05 1.235e-05 9.2e-06 9.6e-06 9.9e-06 9.4e-06
3 1.005e-05 6.85e-06 9.55e-06 1.31e-05 1.26e-05 1.105e-05 7.45e-06 9.45e-06 9.2e-06 7.95e-06 9.55e-06 1.145e-05 1.045e-05 8.85e-06 8.55e-06 1.27e-05 8.65e-06 1.19e-05 1.19e-05 7.85e-06 8.65e-06 1.015e-05 1.065e-05 8.9e-06 8.75e-06 7.45e-06 8.55e-06 8.45e-06 1.29e-05 9.2e-06 8.45e-06 1.245e-05 9.5e-06 9.15e-06 8.4e-06 1.405e-05 1.185e-05 1.39e-05 9.85e-06 1.19e-05 9.3e-06 7.3e-06 9.3e-06 1.165e-05 9.55e-06 1.175e-05 8.85e-06 1.01e-05 1.04e-05 8.25e-06 1.37e-05 7.1e-06 1.17e-05 1.035e-05 7.3e-06 7.65e-06 8.3e-06 1.205e-05 9.1e-06 9.85e-06 8.15e-06 1.04e-05 1.065e-05 1.035e-05 7.2e-06 1.42e-05 6.9e-06 8e-06 1.02e-05 1.395e-05 7.2e-06 8.3e-06 7.5e-06 9.3e-06 1.12e-05 1.255e-05 9.05e-06 1.41e-05 1.1e-05 8.15e-06 1.21e-05 1.255e-05 1.06e-05 1.345e-05 9.65e-06 1.135e-05 1.17e-05 9.45e-06 1.15e-05 7.25e-06 1.155e-05 6.8e-06 1.075e-05 1.015e-05 1.195e-05 1.215e-05 6.75e-06 1.09e-05 1.175e-05 1.03e-05
4 9.8e-06 9.25e-06 1.1e-05 1.26e-05 6.2e-06 9.85e-06 1.235e-05 1.215e-05 1.33e-05 9.05e-06 1.1e-05 8.3e-06 9.6e-06 1.32e-05 7.75e-06 7.75e-06 8.15e-06 7.3e-06 4.8e-06 8.7e-06 8.65e-06 8.85e-06 1.165e-05 8.4e-06 7.4e-06 1.165e-05 1.05e-05 1.04e-05 7e-06 1.13e-05 1.04e-05 3.15e-06 5.8e-06 1.31e-05 7.9e-06 4e-06 4.75e-06 3.15e-06 1.075e-05 5.3e-06 1.03e-05 1.185e-05 1.03e-05 7e-06 1e-05 4.05e-06 1.115e-05 1.1e-05 9.4e-06 1.085e-05 5e-06 1.26e-05 1.09e-05 9.25e-06 8.8e-06 1.34e-05 1.025e-05 5.5e-06 1.015e-05 1.055e-05 8e-06 9.2e-06 6.25e-06 7.85e-06 1.27e-05 3.55e-06 1.23e-05 9.05e-06 9.25e-06 5.75e-06 9.6e-06 7.8e-06 1.24e-05 1.035e-05 1.14e-05 3.35e-06 1.01e-05 3.35e-06 6.65e-06 1.01e-05 7.6e-06 7e-06 9.2e-06 5.25e-06 1e-05 6.85e-06 9.45e-06 8.6e-06 4.85e-06 1.525e-05 6.25e-06 1.525e-05 6.55e-06 8.7e-06 4.9e-06 8.6e-06 1.225e-05 6.25e-06 5.15e-06 7.8e-06
5 7.85e-06 7.6e-06 1.14e-05 1.105e-05 9.85e-06 1.38e-05 1.075e-05 9.25e-06 1.095e-05 8.4e-06 1.14e-05 8.8e-06 8.85e-06 1.09e-05 9.15e-06 9.3e-06 9.5e-06 1.045e-05 1.005e-05 8.5e-06 8.25e-06 9.1e-06 1.235e-05 8.5e-06 9.55e-06 1.08e-05 9.75e-06 9.65e-06 8.25e-06 8e-06 9.65e-06 9.7e-06 1.07e-05 1.085e-05 9.25e-06 9.4e-06 1e-05 9.05e-06 1.135e-05 8.8e-06 7.65e-06 1.115e-05 7.6e-06 1.015e-05 7.9e-06 9.9e-06 9.25e-06 7.3e-06 1.18e-05 7.95e-06 9e-06 1.11e-05 8.8e-06 8.05e-06 8.45e-06 1.075e-05 1.26e-05 9e-06 7.5e-06 8.2e-06 8.55e-06 1.16e-05 8.35e-06 8.95e-06 1.135e-05 9.25e-06 1.085e-05 8.45e-06 9.25e-06 1.01e-05 7.9e-06 9.2e-06 1.15e-05 7.65e-06 8.3e-06 9.85e-06 7.4e-06 9.25e-06 8.8e-06 9.4e-06 8.8e-06 8.15e-06 8e-06 8.85e-06 7.85e-06 9.25e-06 1.125e-05 1.05e-05 9.25e-06 1.4e-05 9.5e-06 1.415e-05 8.6e-06 8.4e-06 1.005e-05 7.95e-06 1.08e-05 8.75e-06 9.7e-06 8.4e-06
6 1e-05 7.1e-06 1.02e-05 7.45e-06 1.235e-05 1.075e-05 1.28e-05 9.85e-06 9.5e-06 8.3e-06 1.02e-05 1.125e-05 1.04e-05 9.4e-06 8.35e-06 1.24e-05 9.05e-06 1.195e-05 1.195e-05 7.45e-06 8.7e-06 1.005e-05 1.06e-05 8.4e-06 9.05e-06 7.6e-06 8.95e-06 8.85e-06 1.255e-05 9.3e-06 8.85e-06 1.22e-05 1.02e-05 9.65e-06 8.8e-06 1.365e-05 1.19e-05 1.335e-05 1e-05 1.16e-05 9.25e-06 7.4e-06 9.25e-06 1.17e-05 8.7e-06 1.175e-05 9.3e-06 1.015e-05 1.05e-05 8.35e-06 1.325e-05 7.55e-06 1.155e-05 1.02e-05 7.7e-06 7.9e-06 8.95e-06 1.175e-05 9.1e-06 9.8e-06 7.95e-06 1.025e-05 9.9e-06 1.055e-05 7.75e-06 1.365e-05 7.1e-06 8.3e-06 1.02e-05 1.345e-05 7.45e-06 8.7e-06 7.1e-06 9.3e-06 1.11e-05 1.23e-05 9.05e-06 1.355e-05 1.07e-05 8.55e-06 1.13e-05 1.22e-05 1.05e-05 1.31e-05 9.6e-06 1.11e-05 1.17e-05 9.8e-06 1.14e-05 7.55e-06 1.08e-05 7.3e-06 1.05e-05 1.025e-05 1.2e-05 1.19e-05 7.2e-06 1.015e-05 1.165e-05 9.45e-06
7 9.75e-06 1.015e-05 1.19e-05 9.45e-06 1.215e-05 9.25e-06 9.85e-06 8.2e-06 6.65e-06 1.095e-05 1.19e-05 9.7e-06 8.7e-06 6.45e-06 9.95e-06 1.035e-05 1.065e-05 1.285e-05 1.185e-05 9.9e-06 1.085e-05 8.4e-06 1.02e-05 1.03e-05 1e-05 8.7e-06 1.155e-05 1.145e-05 9.3e-06 8.15e-06 1.145e-05 1.2e-05 9.75e-06 6.7e-06 1.04e-05 1.345e-05 1.18e-05 1.345e-05 1.11e-05 1.205e-05 7.7e-06 9.2e-06 7.65e-06 1.26e-05 7.6e-06 1.185e-05 9e-06 5.5e-06 1.1e-05 8.85e-06 1.31e-05 9.8e-06 8.6e-06 9.3e-06 1.005e-05 7.45e-06 9.5e-06 1.22e-05 7.55e-06 7.9e-06 1e-05 1.1e-05 1.2e-05 7.25e-06 9.75e-06 1.375e-05 9.55e-06 1.095e-05 1.065e-05 1.31e-05 1.05e-05 1.03e-05 9.8e-06 7.75e-06 5.65e-06 1.21e-05 7.45e-06 1.365e-05 1.24e-05 1.115e-05 9.45e-06 8.9e-06 7.6e-06 1.35e-05 7.35e-06 1.26e-05 1.18e-05 1.07e-05 1.17e-05 8.25e-06 1.225e-05 8.5e-06 1.23e-05 7.2e-06 1.19e-05 8.3e-06 9.45e-06 1.17e-05 1.18e-05 1.19e-05
8 1.125e-05 1.13e-05 1.285e-05 9.2e-06 1.33e-05 1.095e-05 9.5e-06 6.65e-06 1.27e-05 1.21e-05 1.285e-05 1.12e-05 9.6e-06 6.75e-06 1.115e-05 1.125e-05 1.18e-05 1.39e-05 1.3e-05 1.105e-05 1.2e-05 9.3e-06 1.01e-05 1.14e-05 1.115e-05 8.85e-06 1.26e-05 1.25e-05 1.1e-05 9.75e-06 1.25e-05 1.315e-05 1.105e-05 7e-06 1.155e-05 1.455e-05 1.295e-05 1.46e-05 1.09e-05 1.32e-05 9.4e-06 8.85e-06 9.35e-06 1.365e-05 9.3e-06 1.31e-05 1.06e-05 7.65e-06 1.08e-05 1.055e-05 1.43e-05 9.35e-06 9.85e-06 1.08e-05 1.115e-05 7.65e-06 8.95e-06 1.335e-05 9.25e-06 9.4e-06 1.12e-05 1.065e-05 1.315e-05 8.95e-06 9.5e-06 1.49e-05 9.2e-06 1.21e-05 1.15e-05 1.4e-05 1.165e-05 1.145e-05 9.3e-06 9.45e-06 7e-06 1.325e-05 9.05e-06 1.48e-05 1.355e-05 1.22e-05 1.115e-05 1.05e-05 9.3e-06 1.46e-05 9e-06 1.365e-05 1.265e-05 1.175e-05 1.29e-05 6.9e-06 1.34e-05 6.55e-06 1.345e-05 8.95e-06 1.305e-05 1.01e-05 9e-06 1.28e-05 1.305e-05 1.3e-05
9 6.85e-06 2.55e-06 6.6e-06 7.95e-06 9.05e-06 8.4e-06 8.3e-06 1.095e-05 1.21e-05 2.8e-06 6.6e-06 9.7e-06 8.5e-06 1.2e-05 5.65e-06 1.115e-05 5.1e-06 8.7e-06 9.65e-06 4.75e-06 3.6e-06 9.35e-06 1.33e-05 5.3e-06 6.55e-06 8.6e-06 4.15e-06 4.05e-06 1.08e-05 7e-06 4.05e-06 8.9e-06 8.45e-06 1.225e-05 5.45e-06 1.105e-05 9.6e-06 1.045e-05 1.085e-05 8.05e-06 6.55e-06 8.8e-06 6.55e-06 8.45e-06 7.1e-06 9.15e-06 6.6e-06 8.95e-06 1.205e-05 5.25e-06 1.02e-05 7.45e-06 1.04e-05 7.9e-06 3.45e-06 1.005e-05 1.07e-05 8.2e-06 6.3e-06 7.3e-06 4.9e-06 1.185e-05 6.8e-06 9.1e-06 8.45e-06 1.075e-05 7.65e-06 2.1e-06 8.65e-06 1.205e-05 2.4e-06 5.35e-06 8.7e-06 5.9e-06 1.1e-05 9e-06 6.25e-06 1.065e-05 7.05e-06 4.25e-06 1.055e-05 1.045e-05 8.1e-06 9.8e-06 7.45e-06 7.45e-06 1.075e-05 7.65e-06 8.3e-06 1.325e-05 8.25e-06 1.325e-05 6.65e-06 8.3e-06 9.7e-06 1e-05 7.6e-06 7.7e-06 9e-06 6.4e-06
10 1.005e-05 6.35e-06 4.5e-07 9.55e-06 1.1e-05 1.14e-05 1.02e-05 1.19e-05 1.285e-05 6.6e-06 4e-07 1.18e-05 1.1e-05 1.275e-05 6.45e-06 1.35e-05 7.6e-06 6.7e-06 1.055e-05 6.25e-06 7.45e-06 1.16e-05 1.36e-05 7.35e-06 7.35e-06 9.1e-06 3.75e-06 3.5e-06 1.31e-05 8.1e-06 3.5e-06 1.085e-05 8.05e-06 1.295e-05 7.35e-06 1.325e-05 1.05e-05 1.265e-05 1.235e-05 1.04e-05 9.8e-06 9.3e-06 9.8e-06 6.55e-06 9.55e-06 1.005e-05 4.6e-06 1.11e-05 1.265e-05 8.05e-06 1.24e-05 9.55e-06 1.285e-05 1e-05 5.35e-06 1.065e-05 1e-05 1.055e-05 9.65e-06 8.65e-06 7.1e-06 1.245e-05 9.8e-06 1.015e-05 9.65e-06 1.295e-05 9.25e-06 6.6e-06 1.115e-05 1.395e-05 6.7e-06 7.25e-06 9.4e-06 9.85e-06 1.35e-05 1.095e-05 9.6e-06 1.285e-05 9.85e-06 3.25e-06 1.185e-05 1.28e-05 1.06e-05 1.29e-05 9.9e-06 8.65e-06 1.135e-05 8.45e-06 9.7e-06 1.225e-05 9.95e-06 1.225e-05 9.75e-06 9.85e-06 1.06e-05 1.235e-05 9.2e-06 9.6e-06 9.9e-06 9.4e-06
11 7.65e-06 8.4e-06 1.18e-05 1.145e-05 8.3e-06 8.8e-06 1.125e-05 9.7e-06 1.12e-05 9.7e-06 1.18e-05 1.3e-05 8.8e-06 1.11e-05 9.05e-06 8.7e-06 9.2e-06 9.95e-06 8.45e-06 8.6e-06 8.85e-06 7.9e-06 1.21e-05 8.9e-06 8.55e-06 1.065e-05 1.06e-05 1.05e-05 8e-06 8.9e-06 1.05e-05 8.15e-06 8.8e-06 1.105e-05 8.95e-06 8e-06 8.4e-06 7.75e-06 1.16e-05 8.1e-06 8.65e-06 1.09e-05 8.65e-06 9.7e-06 9e-06 8.35e-06 9.6e-06 7.9e-06 1.095e-05 8.5e-06 8.2e-06 1.155e-05 7.9e-06 7.2e-06 9e-06 1.07e-05 1.15e-05 8.25e-06 8.5e-06 8.9e-06 8.75e-06 1.075e-05 8.35e-06 8.5e-06 1.155e-05 8.05e-06 1.125e-05 9.7e-06 9.4e-06 9.3e-06 8.75e-06 8.85e-06 1.2e-05 8.7e-06 8.75e-06 8.25e-06 8.45e-06 7.95e-06 8.55e-06 1.02e-05 8.3e-06 7.95e-06 8.35e-06 8.6e-06 8.35e-06 8.85e-06 1.11e-05 9.5e-06 8.35e-06 1.37e-05 8.9e-06 1.375e-05 8.55e-06 8.55e-06 8.5e-06 8.2e-06 1.12e-05 8.55e-06 8.7e-06 9.35e-06
12 8.3e-06 7.9e-06 1.1e-05 1.045e-05 9.6e-06 8.85e-06 1.04e-05 8.7e-06 9.6e-06 8.5e-06 1.1e-05 8.8e-06 1e-05 9.5e-06 9.2e-06 7.75e-06 9.55e-06 1.075e-05 1.035e-05 7.8e-06 6.85e-06 6.75e-06 1.25e-05 7.1e-06 8.5e-06 9.7e-06 9.85e-06 9.75e-06 8.6e-06 8.3e-06 9.75e-06 9.45e-06 1.025e-05 9.8e-06 9.3e-06 1.04e-05 1.03e-05 1.015e-05 1.17e-05 7.65e-06 7.35e-06 9.55e-06 7.35e-06 1.05e-05 7.8e-06 1.02e-05 9e-06 6.95e-06 1.155e-05 8.05e-06 9.9e-06 1.055e-05 6.9e-06 7.45e-06 7.9e-06 9.9e-06 1.15e-05 7.8e-06 7.2e-06 7.6e-06 8.9e-06 1.135e-05 9.3e-06 8.2e-06 1.065e-05 1.045e-05 1.03e-05 8.5e-06 9.7e-06 1.11e-05 8.25e-06 9.2e-06 1.11e-05 7.4e-06 5.65e-06 9.55e-06 7.15e-06 1.035e-05 9.5e-06 9.45e-06 9.5e-06 8.2e-06 5.75e-06 1.05e-05 7.1e-06 9.7e-06 1.145e-05 9.85e-06 9.75e-06 1.29e-05 9.55e-06 1.25e-05 9.4e-06 7.8e-06 1.04e-05 7.75e-06 1.02e-05 9.6e-06 1.015e-05 9.85e-06
13 1.115e-05 1.12e-05 1.275e-05 8.85e-06 1.32e-05 1.09e-05 9.4e-06 6.45e-06 6.75e-06 1.2e-05 1.275e-05 1.11e-05 9.5e-06 1.25e-05 1.105e-05 1.115e-05 1.165e-05 1.38e-05 1.285e-05 1.095e-05 1.19e-05 9.2e-06 1e-05 1.13e-05 1.1e-05 8.75e-06 1.25e-05 1.24e-05 1.09e-05 9.7e-06 1.24e-05 1.305e-05 1.08e-05 6.7e-06 1.14e-05 1.445e-05 1.28e-05 1.45e-05 1.065e-05 1.31e-05 9.3e-06 8.75e-06 9.3e-06 1.355e-05 9.2e-06 1.29e-05 1.05e-05 7.7e-06 1.055e-05 1.045e-05 1.42e-05 9.3e-06 9.75e-06 1.07e-05 1.11e-05 7.55e-06 9e-06 1.325e-05 9.15e-06 9.45e-06 1.11e-05 1.055e-05 1.305e-05 8.9e-06 9.2e-06 1.48e-05 9.1e-06 1.2e-05 1.14e-05 1.39e-05 1.155e-05 1.13e-05 9.3e-06 9.35e-06 7.05e-06 1.315e-05 9.1e-06 1.47e-05 1.345e-05 1.21e-05 1.105e-05 1.055e-05 9.2e-06 1.45e-05 9.05e-06 1.355e-05 1.25e-05 1.16e-05 1.28e-05 6.8e-06 1.33e-05 6.5e-06 1.335e-05 8.85e-06 1.29e-05 1.005e-05 8.95e-06 1.27e-05 1.29e-05 1.29e-05
14 8.65e-06 4.95e-06 6.45e-06 8.55e-06 7.75e-06 9.15e-06 8.35e-06 9.95e-06 1.115e-05 5.65e-06 6.45e-06 9.05e-06 9.2e-06 1.105e-05 6.1e-06 1.03e-05 5.4e-06 8e-06 7.2e-06 4.25e-06 6.4e-06 8.4e-06 1.23e-05 5.6e-06 5.25e-06 8.25e-06 6.1e-06 6e-06 1.005e-05 7.7e-06 6e-06 7.6e-06 4.95e-06 1.125e-05 5.2e-06 9.35e-06 7.15e-06 9.2e-06 1.045e-05 8.2e-06 7.95e-06 8.45e-06 7.95e-06 7.75e-06 7.25e-06 7.1e-06 6.85e-06 9e-06 1.055e-05 6.8e-06 9.15e-06 8.6e-06 1.105e-05 8.65e-06 4.85e-06 9.5e-06 8.4e-06 8.35e-06 7.8e-06 8.2e-06 4.15e-06 1.035e-05 7.25e-06 7.6e-06 8.8e-06 9.2e-06 8.35e-06 5.7e-06 9.45e-06 1.13e-05 5.25e-06 5.15e-06 8.05e-06 7.95e-06 1.085e-05 7.7e-06 7.75e-06 9.4e-06 7.65e-06 5.75e-06 8.6e-06 9.75e-06 8.8e-06 9.2e-06 7.85e-06 7.8e-06 1.005e-05 6.3e-06 6.2e-06 1.15e-05 6.85e-06 1.15e-05 7.5e-06 6.75e-06 7.1e-06 9.65e-06 8.3e-06 6.6e-06 6.65e-06 6.65e-06
15 9.6e-06 1.06e-05 1.35e-05 1.27e-05 7.75e-06 9.3e-06 1.24e-05 1.035e-05 1.125e-05 1.115e-05 1.35e-05 8.7e-06 7.75e-06 1.115e-05 1.03e-05 1.32e-05 1.065e-05 1.055e-05 8.55e-06 1.045e-05 1.02e-05 7.55e-06 1.22e-05 1e-05 9.95e-06 1.23e-05 1.25e-05 1.24e-05 7.55e-06 1.06e-05 1.24e-05 7.6e-06 9.6e-06 1.11e-05 1.04e-05 7.35e-06 8.5e-06 7.15e-06 1.155e-05 8.1e-06 9.55e-06 1.215e-05 9.55e-06 1.025e-05 9.6e-06 8.35e-06 1.165e-05 8.8e-06 1.09e-05 1.085e-05 7.45e-06 1.28e-05 8.05e-06 9.1e-06 1.09e-05 1.215e-05 1.2e-05 8.3e-06 9.4e-06 9.8e-06 1.02e-05 1.07e-05 9e-06 8.65e-06 1.29e-05 6.65e-06 1.255e-05 1.115e-05 9.95e-06 8.45e-06 1.095e-05 1.03e-05 1.295e-05 9.6e-06 7.25e-06 7.75e-06 9.35e-06 7.35e-06 9.4e-06 1.21e-05 8.65e-06 7.5e-06 8.5e-06 7.9e-06 9.25e-06 9.6e-06 1.125e-05 1.09e-05 8.45e-06 1.46e-05 9.4e-06 1.42e-05 9.3e-06 8.8e-06 8.2e-06 8e-06 1.245e-05 9.05e-06 8.75e-06 9.85e-06
16 8.75e-06 4.65e-06 7.6e-06 8.65e-06 8.15e-06 9.5e-06 9.05e-06 1.065e-05 1.18e-05 5.1e-06 7.6e-06 9.2e-06 9.55e-06 1.165e-05 5.4e-06 1.065e-05 9e-06 8.75e-06 7.1e-06 5.55e-06 6.1e-06 8.35e-06 1.29e-05 6.55e-06 4.95e-06 8.7e-06 6.2e-06 6.1e-06 1.05e-05 7.8e-06 6.1e-06 8e-06 4.9e-06 1.19e-05 4.75e-06 9.4e-06 7.15e-06 9.55e-06 1.11e-05 8.55e-06 7.95e-06 8.9e-06 7.95e-06 8.5e-06 8.15e-06 7.4e-06 7.45e-06 9.45e-06 1.115e-05 6.7e-06 9.95e-06 8.55e-06 1.16e-05 9e-06 5e-06 1e-05 8.95e-06 8.7e-06 7.75e-06 8.45e-06 5.05e-06 1.1e-05 7.35e-06 7.95e-06 9.05e-06 9.55e-06 8.55e-06 5.5e-06 9.4e-06 1.16e-05 4.75e-06 4.75e-06 9.15e-06 7.6e-06 1.125e-05 8.1e-06 7.7e-06 9.75e-06 7.7e-06 6.05e-06 9.7e-06 1.015e-05 9.2e-06 9.3e-06 8.3e-06 8e-06 1.055e-05 6.05e-06 7.3e-06 1.245e-05 8.15e-06 1.24e-05 7.45e-06 7.9e-06 7e-06 1.05e-05 8.45e-06 7.55e-06 7.45e-06 7.55e-06
17 9.85e-06 8.45e-06 6.75e-06 1.19e-05 7.3e-06 1.045e-05 1.195e-05 1.285e-05 1.39e-05 8.7e-06 6.7e-06 9.95e-06 1.075e-05 1.38e-05 8e-06 1.055e-05 8.75e-06 1.3e-05 7.6e-06 8.15e-06 8.5e-06 1.085e-05 1.265e-05 8.35e-06 8.25e-06 1.12e-05 7.95e-06 7.8e-06 9.55e-06 1.035e-05 7.8e-06 7.15e-06 8.15e-06 1.37e-05 8.5e-06 7.3e-06 7.5e-06 6.65e-06 1.15e-05 7.3e-06 1.07e-05 1.14e-05 1.07e-05 6.65e-06 1.045e-05 7.1e-06 8.7e-06 1.155e-05 1.09e-05 1.01e-05 7.9e-06 1.19e-05 1.18e-05 9.55e-06 7.9e-06 1.285e-05 1.13e-05 7.25e-06 1.055e-05 1.025e-05 8.4e-06 1.07e-05 7.7e-06 1e-05 1.2e-05 7.45e-06 1.16e-05 8.7e-06 1.005e-05 8.75e-06 8.8e-06 8.4e-06 1.175e-05 1.075e-05 1.31e-05 7e-06 1.05e-05 6.85e-06 7.95e-06 7.5e-06 9.45e-06 9.6e-06 1.035e-05 8.1e-06 1.06e-05 7.45e-06 1.04e-05 9.4e-06 7.2e-06 1.475e-05 7.5e-06 1.475e-05 7.85e-06 1.015e-05 7.9e-06 1.04e-05 1.155e-05 7.65e-06 7.45e-06 8.4e-06
18 1.02e-05 9.1e-06 1.055e-05 1.19e-05 4.8e-06 1.005e-05 1.195e-05 1.185e-05 1.3e-05 9.65e-06 1.055e-05 8.45e-06 1.035e-05 1.285e-05 7.2e-06 8.55e-06 7.1e-06 7.6e-06 8.3e-06 8.4e-06 9.2e-06 8.85e-06 1.175e-05 8.45e-06 6.35e-06 1.115e-05 1.03e-05 1.02e-05 7.8e-06 1.105e-05 1.02e-05 4.6e-06 4.55e-06 1.275e-05 6.95e-06 4.4e-06 4.3e-06 4.15e-06 1.065e-05 6.35e-06 1.06e-05 1.135e-05 1.06e-05 7.3e-06 1.015e-05 4.5e-06 1.065e-05 1.1e-05 9.35e-06 1.06e-05 6.15e-06 1.205e-05 1.15e-05 9.65e-06 8.6e-06 1.26e-05 9.65e-06 6.55e-06 1.045e-05 1.085e-05 7.55e-06 9.2e-06 6.7e-06 8.1e-06 1.21e-05 4.7e-06 1.18e-05 9.65e-06 9.55e-06 6.9e-06 9.45e-06 6.95e-06 1.17e-05 1.065e-05 1.19e-05 4.8e-06 1.04e-05 4.35e-06 7.2e-06 9.9e-06 7.7e-06 7.75e-06 1e-05 5.6e-06 1.035e-05 7.4e-06 9.55e-06 7.5e-06 5.15e-06 1.42e-05 6.65e-06 1.415e-05 7.1e-06 8.75e-06 4.4e-06 9.45e-06 1.17e-05 6.25e-06 5.05e-06 7.8e-06
19 7.45e-06 3.25e-06 6.25e-06 7.85e-06 8.7e-06 8.5e-06 7.45e-06 9.9e-06 1.105e-05 4.75e-06 6.25e-06 8.6e-06 7.8e-06 1.095e-05 4.25e-06 1.045e-05 5.55e-06 8.15e-06 8.4e-06 5.1e-06 4.45e-06 8.05e-06 1.225e-05 4.2e-06 4.85e-06 7.05e-06 5.2e-06 5.1e-06 1.01e-05 6.55e-06 5.1e-06 8.55e-06 6.7e-06 1.12e-05 5.3e-06 1.01e-05 8.35e-06 9.7e-06 1.09e-05 7.3e-06 6.85e-06 7.15e-06 6.85e-06 7.9e-06 6.75e-06 8.15e-06 5.9e-06 8.1e-06 1.095e-05 5.05e-06 9.7e-06 7.95e-06 1e-05 6.95e-06 3.45e-06 8.8e-06 9.35e-06 7.45e-06 6.7e-06 7.15e-06 4.7e-06 1.075e-05 6.7e-06 8.15e-06 8.05e-06 1e-05 7.65e-06 4.75e-06 8.4e-06 1.135e-05 3.6e-06 5.2e-06 7.95e-06 6.9e-06 1.035e-05 8.65e-06 6.65e-06 9.9e-06 7e-06 4.8e-06 8.95e-06 9.75e-06 7.4e-06 1e-05 6.85e-06 7.25e-06 9.9e-06 6.35e-06 7.8e-06 1.18e-05 6.5e-06 1.18e-05 6.9e-06 7.85e-06 8.45e-06 9.55e-06 7.6e-06 6.6e-06 8.15e-06 6.7e-06
20 6.8e-06 3.3e-06 7.45e-06 8.65e-06 8.65e-06 8.25e-06 8.7e-06 1.085e-05 1.2e-05 3.6e-06 7.45e-06 8.85e-06 6.85e-06 1.19e-05 6.4e-06 1.02e-05 6.1e-06 8.5e-06 9.2e-06 4.45e-06 5.7e-06 8.7e-06 1.29e-05 4.45e-06 6.05e-06 8.15e-06 5.2e-06 5.1e-06 9.9e-06 6.9e-06 5.1e-06 8.5e-06 8.8e-06 1.22e-05 6.1e-06 9.8e-06 9.15e-06 9.2e-06 1.115e-05 6.1e-06 6.65e-06 8.35e-06 6.65e-06 8.25e-06 7.45e-06 8.7e-06 6.85e-06 8.5e-06 1.165e-05 5.35e-06 9.05e-06 8.35e-06 9.6e-06 6.7e-06 3.75e-06 1.01e-05 1.11e-05 6.25e-06 6.45e-06 7.1e-06 5.65e-06 1.145e-05 6.55e-06 8.95e-06 8.95e-06 9.5e-06 8.35e-06 3.9e-06 8.3e-06 1.08e-05 3.35e-06 6e-06 9.6e-06 6.4e-06 1.035e-05 8.6e-06 6.4e-06 9.4e-06 6.7e-06 5.15e-06 9.95e-06 9.5e-06 6.45e-06 9.25e-06 7e-06 6.95e-06 1.04e-05 7.6e-06 8.05e-06 1.37e-05 7.45e-06 1.37e-05 6.45e-06 8.35e-06 9.25e-06 9.15e-06 8.3e-06 7.55e-06 8.65e-06 7.05e-06
21 9.25e-06 7.75e-06 1.16e-05 1.015e-05 8.85e-06 9.1e-06 1.005e-05 8.4e-06 9.3e-06 9.35e-06 1.16e-05 7.9e-06 6.75e-06 9.2e-06 8.4e-06 7.55e-06 8.35e-06 1.085e-05 8.85e-06 8.05e-06 8.7e-06 1e-05 1.245e-05 8.7e-06 7.65e-06 9.85e-06 1.025e-05 1.015e-05 8.4e-06 7.75e-06 1.015e-05 8.7e-06 7.65e-06 9.5e-06 8.1e-06 9.8e-06 8.8e-06 9.75e-06 1.17e-05 9.2e-06 7.45e-06 9.7e-06 7.45e-06 1.06e-05 7.95e-06 8.95e-06 9.15e-06 6.95e-06 1.105e-05 8e-06 1.02e-05 1.035e-05 8.2e-06 8.75e-06 8.65e-06 9.45e-06 1.015e-05 9.35e-06 7.3e-06 7.7e-06 7.9e-06 1.085e-05 9.05e-06 7.15e-06 1.045e-05 1.005e-05 1.01e-05 9.35e-06 9.8e-06 1.115e-05 8.1e-06 8e-06 1.095e-05 7.5e-06 5.65e-06 8.8e-06 7.25e-06 9.95e-06 9.4e-06 9.85e-06 8.85e-06 8e-06 7.5e-06 1.04e-05 7.15e-06 9.6e-06 1.17e-05 8.55e-06 8.95e-06 1.23e-05 9.8e-06 1.19e-05 9.3e-06 7.2e-06 8.9e-06 8.25e-06 1e-05 9.25e-06 9.3e-06 1.005e-05
22 1.235e-05 1.28e-05 1.36e-05 1.065e-05 1.165e-05 1.235e-05 1.06e-05 1.02e-05 1.01e-05 1.33e-05 1.36e-05 1.21e-05 1.25e-05 1e-05 1.23e-05 1.22e-05 1.29e-05 1.265e-05 1.175e-05 1.225e-05 1.29e-05 1.245e-05 1.36e-05 1.235e-05 1.22e-05 9.45e-06 1.365e-05 1.355e-05 1.155e-05 1.29e-05 1.355e-05 1.15e-05 1.17e-05 9.9e-06 1.265e-05 1.17e-05 1.17e-05 1.125e-05 1.03e-05 1.175e-05 1.265e-05 9.95e-06 1.265e-05 1.235e-05 1.23e-05 1.14e-05 1.31e-05 1.215e-05 9.7e-06 1.335e-05 1.16e-05 1.075e-05 1.275e-05 1.185e-05 1.23e-05 1.025e-05 9.85e-06 1.195e-05 1.25e-05 1.27e-05 1.26e-05 9.45e-06 1.215e-05 1.165e-05 1.085e-05 1.145e-05 1.035e-05 1.33e-05 9.75e-06 9.15e-06 1.315e-05 1.255e-05 1.05e-05 1.27e-05 1.24e-05 1.165e-05 1.245e-05 1.145e-05 1.255e-05 1.325e-05 1.165e-05 1.155e-05 1.21e-05 1.22e-05 1.24e-05 1.255e-05 1.01e-05 1.3e-05 1.18e-05 7.35e-06 1.215e-05 7.75e-06 1.245e-05 1.205e-05 1.175e-05 1.175e-05 1.04e-05 1.185e-05 1.195e-05 1.26e-05
23 7.65e-06 4.6e-06 7.35e-06 8.9e-06 8.4e-06 8.5e-06 8.4e-06 1.03e-05 1.14e-05 5.3e-06 7.35e-06 8.9e-06 7.1e-06 1.13e-05 5.6e-06 1e-05 6.55e-06 8.35e-06 8.45e-06 4.2e-06 4.45e-06 8.7e-06 1.235e-05 7.1e-06 5.95e-06 8.2e-06 6.35e-06 6.25e-06 9.7e-06 7.95e-06 6.25e-06 8.25e-06 7.65e-06 1.155e-05 6.35e-06 9.25e-06 8.4e-06 9e-06 1.09e-05 6.35e-06 7.45e-06 8.4e-06 7.45e-06 8.1e-06 7e-06 8.35e-06 7.1e-06 8.55e-06 1.105e-05 6.35e-06 9e-06 8.95e-06 9.45e-06 7.2e-06 4.6e-06 9.9e-06 1.03e-05 6.5e-06 7.3e-06 7.85e-06 5.8e-06 1.085e-05 6.9e-06 8.65e-06 9.1e-06 9.3e-06 8.75e-06 5.35e-06 8.6e-06 1.065e-05 4.9e-06 6.25e-06 8.65e-06 7.45e-06 1.02e-05 8.35e-06 7.25e-06 9.2e-06 7.3e-06 6e-06 8.95e-06 9.35e-06 6.65e-06 9.05e-06 7.55e-06 7.65e-06 1.005e-05 7.45e-06 7.95e-06 1.27e-05 6.85e-06 1.265e-05 7.2e-06 8.3e-06 8.5e-06 9.15e-06 8.65e-06 6.3e-06 8.3e-06 6.45e-06
24 8.9e-06 5.3e-06 7.35e-06 8.75e-06 7.4e-06 9.55e-06 9.05e-06 1e-05 1.115e-05 6.55e-06 7.35e-06 8.55e-06 8.5e-06 1.1e-05 5.25e-06 9.95e-06 4.95e-06 8.25e-06 6.35e-06 4.85e-06 6.05e-06 7.65e-06 1.22e-05 5.95e-06 7.5e-06 7.65e-06 6.75e-06 6.65e-06 9.8e-06 7.65e-06 6.65e-06 7.25e-06 4.15e-06 1.125e-05 4.8e-06 8.65e-06 6.4e-06 8.8e-06 1.11e-05 7.45e-06 8e-06 7.85e-06 8e-06 8e-06 8.15e-06 6.65e-06 7.1e-06 8.9e-06 1.045e-05 6.7e-06 9.3e-06 8.9e-06 1.105e-05 8e-06 4.7e-06 9.45e-06 8.25e-06 7.6e-06 7.85e-06 8.25e-06 5.2e-06 1.03e-05 7.3e-06 7.25e-06 8.95e-06 8.8e-06 8.65e-06 6.55e-06 9.25e-06 1.085e-05 5.65e-06 4.8e-06 9.15e-06 8.05e-06 1.06e-05 7.35e-06 7.8e-06 9e-06 7.55e-06 6.35e-06 9e-06 9.45e-06 8.15e-06 9.25e-06 7.8e-06 7.75e-06 9.9e-06 5.4e-06 6.75e-06 1.18e-05 7.3e-06 1.175e-05 7.45e-06 7.4e-06 6.25e-06 9.9e-06 8.55e-06 7.3e-06 6.8e-06 8.1e-06
25 9.95e-06 7.4e-06 9.1e-06 7.45e-06 1.165e-05 1.08e-05 7.6e-06 8.7e-06 8.85e-06 8.6e-06 9.1e-06 1.065e-05 9.7e-06 8.75e-06 8.25e-06 1.23e-05 8.7e-06 1.12e-05 1.115e-05 7.05e-06 8.15e-06 9.85e-06 9.45e-06 8.2e-06 7.65e-06 1.18e-05 8.65e-06 8.55e-06 1.195e-05 8.65e-06 8.55e-06 1.15e-05 8.9e-06 9e-06 8.45e-06 1.325e-05 1.11e-05 1.295e-05 1.025e-05 1.06e-05 9.1e-06 6.4e-06 9.1e-06 1.095e-05 9.3e-06 1.09e-05 8.25e-06 9.25e-06 1.01e-05 8e-06 1.285e-05 7.55e-06 1.14e-05 9.1e-06 6.8e-06 7.2e-06 8.05e-06 1.075e-05 8.95e-06 9.25e-06 8.15e-06 9.85e-06 1.04e-05 9.5e-06 7.65e-06 1.325e-05 7.15e-06 8.6e-06 1e-05 1.3e-05 7.75e-06 8.35e-06 7.85e-06 9.15e-06 1.08e-05 1.16e-05 8.9e-06 1.315e-05 1.065e-05 8.25e-06 1.115e-05 1.16e-05 9.3e-06 1.335e-05 8.9e-06 1.075e-05 1.1e-05 8.9e-06 1.07e-05 6.45e-06 1.05e-05 6.85e-06 1.055e-05 9.3e-06 1.12e-05 1.13e-05 7.2e-06 1.055e-05 1.095e-05 1.08e-05
26 8.3e-06 3.9e-06 3.55e-06 8.55e-06 1.05e-05 9.75e-06 8.95e-06 1.155e-05 1.26e-05 4.15e-06 3.75e-06 1.06e-05 9.85e-06 1.25e-05 6.1e-06 1.25e-05 6.2e-06 7.95e-06 1.03e-05 5.2e-06 5.2e-06 1.025e-05 1.365e-05 6.35e-06 6.75e-06 8.65e-06 6.9e-06 3.55e-06 1.215e-05 7e-06 3.55e-06 1.035e-05 8.4e-06 1.275e-05 6.2e-06 1.24e-05 1.025e-05 1.18e-05 1.18e-05 9.4e-06 7.95e-06 8.85e-06 7.95e-06 7.75e-06 8.35e-06 9.8e-06 5.45e-06 9.9e-06 1.255e-05 6.1e-06 1.155e-05 8.25e-06 1.18e-05 8.8e-06 4.2e-06 1.015e-05 1.05e-05 9.55e-06 7.75e-06 7.75e-06 5.8e-06 1.235e-05 8.15e-06 9.75e-06 8.85e-06 1.21e-05 8.25e-06 4.45e-06 9.75e-06 1.325e-05 3.95e-06 6.1e-06 9.1e-06 7.7e-06 1.235e-05 1.045e-05 7.7e-06 1.2e-05 8.3e-06 3.6e-06 1.13e-05 1.18e-05 9.45e-06 1.16e-05 8.45e-06 7.9e-06 1.125e-05 7.85e-06 9.2e-06 1.29e-05 9.2e-06 1.29e-05 8.05e-06 9.2e-06 1.035e-05 1.135e-05 8.2e-06 8.75e-06 9.65e-06 8e-06
27 8.2e-06 3.8e-06 3.55e-06 8.45e-06 1.04e-05 9.65e-06 8.85e-06 1.145e-05 1.25e-05 4.05e-06 3.5e-06 1.05e-05 9.75e-06 1.24e-05 6e-06 1.24e-05 6.1e-06 7.8e-06 1.02e-05 5.1e-06 5.1e-06 1.015e-05 1.355e-05 6.25e-06 6.65e-06 8.55e-06 3.55e-06 6.7e-06 1.205e-05 6.85e-06 3.35e-06 1.025e-05 8.3e-06 1.265e-05 6.1e-06 1.23e-05 1.015e-05 1.17e-05 1.17e-05 9.3e-06 7.85e-06 8.75e-06 7.85e-06 7.6e-06 8.25e-06 9.7e-06 5.3e-06 9.8e-06 1.245e-05 6e-06 1.145e-05 8.15e-06 1.17e-05 8.7e-06 4.1e-06 1.005e-05 1.04e-05 9.45e-06 7.65e-06 7.6e-06 5.7e-06 1.225e-05 8.05e-06 9.65e-06 8.75e-06 1.2e-05 8.15e-06 4.35e-06 9.65e-06 1.315e-05 3.85e-06 6e-06 9e-06 7.6e-06 1.225e-05 1.035e-05 7.6e-06 1.19e-05 8.2e-06 3.45e-06 1.12e-05 1.17e-05 9.35e-06 1.15e-05 8.35e-06 7.75e-06 1.115e-05 7.75e-06 9.1e-06 1.28e-05 9.1e-06 1.28e-05 7.95e-06 9.1e-06 1.025e-05 1.125e-05 8.1e-06 8.65e-06 9.55e-06 7.9e-06
28 8.9e-06 1.03e-05 1.31e-05 1.29e-05 7e-06 8.25e-06 1.255e-05 9.3e-06 1.1e-05 1.08e-05 1.31e-05 8e-06 8.6e-06 1.09e-05 1.005e-05 7.55e-06 1.05e-05 9.55e-06 7.8e-06 1.01e-05 9.9e-06 8.4e-06 1.155e-05 9.7e-06 9.8e-06 1.195e-05 1.215e-05 1.205e-05 1.12e-05 9.85e-06 1.205e-05 6.85e-06 9.55e-06 1.04e-05 1.025e-05 6.25e-06 7.6e-06 5.65e-06 1.125e-05 7.1e-06 8.75e-06 1.23e-05 8.8e-06 9.3e-06 8.75e-06 7.6e-06 1.105e-05 7.45e-06 1.045e-05 1.03e-05 6.85e-06 1.3e-05 8.4e-06 8.4e-06 1.055e-05 1.205e-05 1.235e-05 7.35e-06 8.6e-06 9.05e-06 1e-05 1.025e-05 8.1e-06 8.05e-06 1.31e-05 6.45e-06 1.27e-05 1.08e-05 9.4e-06 7.25e-06 1.065e-05 1.015e-05 1.31e-05 8.8e-06 7.65e-06 6.95e-06 8.6e-06 5.85e-06 8.5e-06 1.175e-05 7.3e-06 6.15e-06 7.7e-06 7e-06 8.5e-06 8.7e-06 1.065e-05 1.08e-05 7.65e-06 1.47e-05 8.4e-06 1.485e-05 8.4e-06 8.1e-06 8.1e-06 6.9e-06 1.265e-05 8.15e-06 7.95e-06 9.1e-06
29 7.95e-06 5.4e-06 8.15e-06 9.2e-06 1.13e-05 8e-06 9.3e-06 8.15e-06 9.75e-06 7e-06 8.1e-06 8.9e-06 8.3e-06 9.7e-06 7.7e-06 1.06e-05 7.8e-06 1.035e-05 1.105e-05 6.55e-06 6.9e-06 7.75e-06 1.29e-05 7.95e-06 7.65e-06 8.65e-06 7e-06 6.85e-06 9.85e-06 9e-06 6.85e-06 1.115e-05 9.45e-06 1e-05 7.65e-06 1.255e-05 1.1e-05 1.225e-05 1.245e-05 1.02e-05 6.3e-06 9e-06 6.25e-06 1.01e-05 7.3e-06 1.085e-05 6.25e-06 6.1e-06 1.255e-05 5.6e-06 1.19e-05 9.1e-06 9.45e-06 7.85e-06 6.5e-06 8.55e-06 1.11e-05 1.035e-05 6.15e-06 5.55e-06 7.1e-06 1.235e-05 9.3e-06 7.95e-06 9.5e-06 1.255e-05 9e-06 7.15e-06 9.45e-06 1.31e-05 5.55e-06 7.6e-06 1.04e-05 6.2e-06 7.6e-06 1.125e-05 6.05e-06 1.245e-05 9.4e-06 6.75e-06 9.75e-06 9.4e-06 7.45e-06 1.24e-05 6.15e-06 8.55e-06 1.19e-05 8.55e-06 1.005e-05 1.23e-05 1.045e-05 1.245e-05 9.2e-06 7.25e-06 1.11e-05 8.85e-06 8.95e-06 1e-05 1.07e-05 1e-05
30 8.2e-06 3.8e-06 3.55e-06 8.45e-06 1.04e-05 9.65e-06 8.85e-06 1.145e-05 1.25e-05 4.05e-06 3.5e-06 1.05e-05 9.75e-06 1.24e-05 6e-06 1.24e-05 6.1e-06 7.8e-06 1.02e-05 5.1e-06 5.1e-06 1.015e-05 1.355e-05 6.25e-06 6.65e-06 8.55e-06 3.55e-06 3.35e-06 1.205e-05 6.85e-06 6.7e-06 1.025e-05 8.3e-06 1.265e-05 6.1e-06 1.23e-05 1.015e-05 1.17e-05 1.17e-05 9.3e-06 7.85e-06 8.75e-06 7.85e-06 7.6e-06 8.25e-06 9.7e-06 5.3e-06 9.8e-06 1.245e-05 6e-06 1.145e-05 8.15e-06 1.17e-05 8.7e-06 4.1e-06 1.005e-05 1.04e-05 9.45e-06 7.65e-06 7.6e-06 5.7e-06 1.225e-05 8.05e-06 9.65e-06 8.75e-06 1.2e-05 8.15e-06 4.35e-06 9.65e-06 1.315e-05 3.85e-06 6e-06 9e-06 7.6e-06 1.225e-05 1.035e-05 7.6e-06 1.19e-05 8.2e-06 3.45e-06 1.12e-05 1.17e-05 9.35e-06 1.15e-05 8.35e-06 7.75e-06 1.115e-05 7.75e-06 9.1e-06 1.28e-05 9.1e-06 1.28e-05 7.95e-06 9.1e-06 1.025e-05 1.125e-05 8.1e-06 8.65e-06 9.55e-06 7.9e-06
31 9.65e-06 9.1e-06 1.085e-05 1.245e-05 3.15e-06 9.7e-06 1.22e-05 1.2e-05 1.315e-05 8.9e-06 1.085e-05 8.15e-06 9.45e-06 1.305e-05 7.6e-06 7.6e-06 8e-06 7.15e-06 4.6e-06 8.55e-06 8.5e-06 8.7e-06 1.15e-05 8.25e-06 7.25e-06 1.15e-05 1.035e-05 1.025e-05 6.85e-06 1.115e-05 1.025e-05 5.9e-06 5.65e-06 1.295e-05 7.75e-06 3.85e-06 4.6e-06 2.95e-06 1.06e-05 5.15e-06 1.015e-05 1.17e-05 1.015e-05 6.85e-06 9.85e-06 3.85e-06 1.1e-05 1.085e-05 9.25e-06 1.07e-05 4.85e-06 1.245e-05 1.075e-05 9.1e-06 8.65e-06 1.325e-05 1.01e-05 5.35e-06 1e-05 1.04e-05 7.85e-06 9.05e-06 6.05e-06 7.7e-06 1.255e-05 3.4e-06 1.215e-05 8.9e-06 9.1e-06 5.6e-06 9.45e-06 7.65e-06 1.225e-05 1.02e-05 1.125e-05 3.2e-06 9.95e-06 3.15e-06 6.5e-06 9.95e-06 7.45e-06 6.8e-06 9.05e-06 5.1e-06 9.85e-06 6.7e-06 9.3e-06 8.45e-06 4.7e-06 1.51e-05 6.1e-06 1.51e-05 6.4e-06 8.55e-06 4.75e-06 8.45e-06 1.21e-05 6.05e-06 4.95e-06 7.65e-06
32 1.075e-05 7.55e-06 8.05e-06 9.5e-06 5.8e-06 1.07e-05 1.02e-05 9.75e-06 1.105e-05 8.45e-06 8.05e-06 8.8e-06 1.025e-05 1.08e-05 4.95e-06 9.6e-06 4.9e-06 8.15e-06 4.55e-06 6.7e-06 8.8e-06 7.65e-06 1.17e-05 7.65e-06 4.15e-06 8.9e-06 8.4e-06 8.3e-06 9.55e-06 9.45e-06 8.3e-06 5.65e-06 1.7e-06 1.1e-05 4.65e-06 7.5e-06 4.5e-06 7.9e-06 1.07e-05 8.45e-06 9.55e-06 9.15e-06 9.55e-06 7.9e-06 8.95e-06 4.65e-06 8.45e-06 9.95e-06 9.55e-06 9e-06 8.85e-06 9.85e-06 1.235e-05 1.02e-05 6.7e-06 1.01e-05 6.35e-06 8.6e-06 9.4e-06 9.8e-06 5.45e-06 9.5e-06 7.95e-06 5.95e-06 9.8e-06 7.5e-06 9.6e-06 8.45e-06 1.02e-05 1.03e-05 7.9e-06 4.65e-06 9.35e-06 9.6e-06 1.115e-05 5.75e-06 9.35e-06 8.1e-06 8.4e-06 8e-06 8.45e-06 9.25e-06 9.85e-06 8.6e-06 9.3e-06 8.6e-06 9.8e-06 5.25e-06 5.8e-06 1.105e-05 7.65e-06 1.105e-05 8.3e-06 7.15e-06 4.25e-06 1.035e-05 9.5e-06 7.1e-06 5.55e-06 8.45e-06
33 1.11e-05 1.15e-05 1.295e-05 9.15e-06 1.31e-05 1.085e-05 9.65e-06 6.7e-06 7e-06 1.225e-05 1.295e-05 1.105e-05 9.8e-06 6.7e-06 1.125e-05 1.11e-05 1.19e-05 1.37e-05 1.275e-05 1.12e-05 1.22e-05 9.5e-06 9.9e-06 1.155e-05 1.125e-05 9e-06 1.275e-05 1.265e-05 1.04e-05 1e-05 1.265e-05 1.295e-05 1.1e-05 1.29e-05 1.165e-05 1.405e-05 1.27e-05 1.41e-05 1.055e-05 1.305e-05 9.55e-06 9e-06 9.6e-06 1.345e-05 9.4e-06 1.28e-05 1.075e-05 7.65e-06 1.045e-05 1.075e-05 1.38e-05 9.55e-06 9.7e-06 1.065e-05 1.135e-05 7.8e-06 9.2e-06 1.32e-05 9.4e-06 9.75e-06 1.135e-05 1.045e-05 1.3e-05 9.15e-06 9.45e-06 1.44e-05 9.35e-06 1.225e-05 1.135e-05 1.35e-05 1.185e-05 1.155e-05 9.5e-06 9.6e-06 7.35e-06 1.305e-05 9.4e-06 1.43e-05 1.34e-05 1.235e-05 1.09e-05 1.05e-05 9.45e-06 1.41e-05 9.35e-06 1.35e-05 1.24e-05 1.185e-05 1.27e-05 7e-06 1.32e-05 6.7e-06 1.33e-05 9.05e-06 1.28e-05 1e-05 9.2e-06 1.26e-05 1.28e-05 1.28e-05
34 8.5e-06 4.4e-06 7.35e-06 8.4e-06 7.9e-06 9.25e-06 8.8e-06 1.04e-05 1.155e-05 5.45e-06 7.35e-06 8.95e-06 9.3e-06 1.14e-05 5.2e-06 1.04e-05 4.75e-06 8.5e-06 6.95e-06 5.3e-06 6.1e-06 8.1e-06 1.265e-05 6.35e-06 4.8e-06 8.45e-06 6.2e-06 6.1e-06 1.025e-05 7.65e-06 6.1e-06 7.75e-06 4.65e-06 1.165e-05 8.5e-06 9.25e-06 6.9e-06 9.3e-06 1.085e-05 8.3e-06 7.7e-06 8.65e-06 7.7e-06 8.25e-06 7.9e-06 7.15e-06 7.2e-06 9.2e-06 1.09e-05 6.45e-06 9.7e-06 8.55e-06 1.135e-05 8.75e-06 4.75e-06 9.75e-06 8.7e-06 8.45e-06 7.5e-06 8.35e-06 4.85e-06 1.075e-05 7.1e-06 7.7e-06 8.8e-06 9.3e-06 8.3e-06 5.5e-06 9.15e-06 1.135e-05 4.75e-06 4.5e-06 8.9e-06 7.7e-06 1.1e-05 7.85e-06 7.45e-06 9.5e-06 7.45e-06 5.8e-06 9.45e-06 9.9e-06 8.95e-06 9.15e-06 8.05e-06 7.9e-06 1.03e-05 5.9e-06 7.1e-06 1.22e-05 7.9e-06 1.215e-05 7.2e-06 7.7e-06 6.85e-06 1.025e-05 8.2e-06 7.35e-06 7.2e-06 7.3e-06
35 9.75e-06 1.06e-05 1.325e-05 1.405e-05 4e-06 9.4e-06 1.365e-05 1.345e-05 1.455e-05 1.105e-05 1.325e-05 8e-06 1.04e-05 1.445e-05 9.35e-06 7.35e-06 9.4e-06 7.3e-06 4.4e-06 1.01e-05 9.8e-06 9.8e-06 1.17e-05 9.25e-06 8.65e-06 1.325e-05 1.24e-05 1.23e-05 6.25e-06 1.255e-05 1.23e-05 3.85e-06 7.5e-06 1.405e-05 9.25e-06 2.7e-06 4.4e-06 1.4e-06 1.065e-05 4.75e-06 1.155e-05 1.345e-05 1.155e-05 7.25e-06 1.13e-05 4.55e-06 1.275e-05 1.165e-05 9.35e-06 1.21e-05 3.55e-06 1.415e-05 1.05e-05 9.2e-06 1.07e-05 1.47e-05 1.24e-05 4.75e-06 1.14e-05 1.18e-05 9.5e-06 9.15e-06 6.1e-06 9.7e-06 1.425e-05 1.9e-06 1.39e-05 1.105e-05 8.9e-06 4.1e-06 1.095e-05 9.2e-06 1.4e-05 1.16e-05 1.23e-05 3.75e-06 1.135e-05 1.6e-06 6.55e-06 1.2e-05 7.25e-06 6.6e-06 1.005e-05 2.8e-06 1.13e-05 6.75e-06 9.7e-06 9.8e-06 4.95e-06 1.69e-05 5.95e-06 1.685e-05 6.45e-06 1.015e-05 4.55e-06 8.45e-06 1.38e-05 5.85e-06 5.25e-06 7.35e-06
36 1.015e-05 9.05e-06 1.05e-05 1.185e-05 4.75e-06 1e-05 1.19e-05 1.18e-05 1.295e-05 9.6e-06 1.05e-05 8.4e-06 1.03e-05 1.28e-05 7.15e-06 8.5e-06 7.15e-06 7.5e-06 4.3e-06 8.35e-06 9.15e-06 8.8e-06 1.17e-05 8.4e-06 6.4e-06 1.11e-05 1.025e-05 1.015e-05 7.6e-06 1.1e-05 1.015e-05 4.6e-06 4.5e-06 1.27e-05 6.9e-06 4.4e-06 8.2e-06 4.15e-06 1.06e-05 6.2e-06 1.055e-05 1.13e-05 1.055e-05 7.25e-06 1.01e-05 4.5e-06 1.06e-05 1.095e-05 9.3e-06 1.055e-05 6.1e-06 1.2e-05 1.145e-05 9.6e-06 8.55e-06 1.255e-05 9.6e-06 6.45e-06 1.04e-05 1.08e-05 7.5e-06 9.15e-06 6.7e-06 8.05e-06 1.205e-05 4.65e-06 1.175e-05 9.6e-06 9.5e-06 6.85e-06 9.4e-06 6.9e-06 1.165e-05 1.06e-05 1.185e-05 4.7e-06 1.035e-05 4.35e-06 7.15e-06 9.85e-06 7.65e-06 7.75e-06 9.95e-06 5.65e-06 1.03e-05 7.35e-06 9.5e-06 7.55e-06 5.1e-06 1.415e-05 6.55e-06 1.41e-05 7.05e-06 8.7e-06 4.45e-06 9.4e-06 1.165e-05 6.25e-06 5.05e-06 7.75e-06
37 9.3e-06 1.02e-05 1.265e-05 1.39e-05 3.15e-06 9.05e-06 1.335e-05 1.345e-05 1.46e-05 1.045e-05 1.265e-05 7.75e-06 1.015e-05 1.45e-05 9.2e-06 7.15e-06 9.55e-06 6.65e-06 4.15e-06 9.7e-06 9.2e-06 9.75e-06 1.125e-05 9e-06 8.8e-06 1.295e-05 1.18e-05 1.17e-05 5.65e-06 1.225e-05 1.17e-05 2.95e-06 7.9e-06 1.41e-05 9.3e-06 1.4e-06 4.15e-06 1e-07 1.02e-05 3.85e-06 1.125e-05 1.315e-05 1.125e-05 6.3e-06 1.1e-05 3.65e-06 1.245e-05 1.165e-05 8.7e-06 1.18e-05 2.95e-06 1.39e-05 1.04e-05 8.75e-06 1.01e-05 1.47e-05 1.225e-05 4.1e-06 1.11e-05 1.15e-05 9.35e-06 8.5e-06 5.1e-06 9.5e-06 1.4e-05 1.4e-06 1.36e-05 1.045e-05 8.5e-06 3e-06 1.055e-05 9.2e-06 1.375e-05 1.13e-05 1.235e-05 3.2e-06 1.105e-05 2.5e-07 5.6e-06 1.14e-05 6.6e-06 5.9e-06 9.75e-06 2.75e-06 1.095e-05 5.8e-06 9e-06 1e-05 4.25e-06 1.69e-05 5.3e-06 1.69e-05 5.5e-06 1.01e-05 4.75e-06 8.1e-06 1.355e-05 5.2e-06 4.5e-06 6.95e-06
38 1.11e-05 1.065e-05 1.235e-05 9.85e-06 1.075e-05 1.135e-05 1e-05 1.11e-05 1.09e-05 1.085e-05 1.235e-05 1.16e-05 1.17e-05 1.065e-05 1.045e-05 1.155e-05 1.11e-05 1.15e-05 1.065e-05 1.09e-05 1.115e-05 1.17e-05 1.03e-05 1.09e-05 1.11e-05 1.025e-05 1.18e-05 1.17e-05 1.125e-05 1.245e-05 1.17e-05 1.06e-05 1.07e-05 1.055e-05 1.085e-05 1.065e-05 1.06e-05 1.02e-05 1.75e-05 1.07e-05 1.17e-05 1.005e-05 1.17e-05 1.12e-05 1.13e-05 1.04e-05 1.22e-05 1.21e-05 9.5e-06 1.2e-05 1.07e-05 1.01e-05 1.2e-05 1.13e-05 1.055e-05 1.06e-05 9.95e-06 1.09e-05 1.15e-05 1.225e-05 1.045e-05 9.55e-06 1.04e-05 1.14e-05 1.02e-05 1.07e-05 9.75e-06 1.09e-05 1.08e-05 1.07e-05 1.1e-05 1.075e-05 9.85e-06 1.17e-05 1.235e-05 1.075e-05 1.145e-05 1.04e-05 1.095e-05 1.14e-05 1.115e-05 1.125e-05 1.18e-05 9.8e-06 1.205e-05 1.135e-05 1.15e-05 1.185e-05 1.025e-05 9.3e-06 1.095e-05 8.95e-06 1.075e-05 1.13e-05 1.08e-05 1.145e-05 9.75e-06 1.04e-05 1.035e-05 9.6e-06
39 8.25e-06 7.75e-06 1.04e-05 1.19e-05 5.3e-06 8.8e-06 1.16e-05 1.205e-05 1.32e-05 8.05e-06 1.04e-05 8.1e-06 7.65e-06 1.31e-05 8.2e-06 8.1e-06 8.55e-06 7.3e-06 6.35e-06 7.3e-06 6.1e-06 9.2e-06 1.175e-05 6.35e-06 7.45e-06 1.06e-05 9.4e-06 9.3e-06 7.1e-06 1.02e-05 9.3e-06 5.15e-06 8.45e-06 1.305e-05 8.3e-06 4.75e-06 6.2e-06 3.85e-06 1.07e-05 7.6e-06 9.3e-06 1.08e-05 9.3e-06 7.05e-06 9.45e-06 5.85e-06 1.005e-05 1.005e-05 9.85e-06 9.25e-06 5.25e-06 1.19e-05 9.5e-06 7.35e-06 7.35e-06 1.27e-05 1.18e-05 4.05e-06 9.15e-06 9.55e-06 8.15e-06 9.65e-06 5.95e-06 9.1e-06 1.2e-05 4.65e-06 1.16e-05 8.05e-06 8.45e-06 6.1e-06 8.1e-06 8.2e-06 1.215e-05 9.35e-06 1.1e-05 5.25e-06 9.1e-06 4.05e-06 6.2e-06 9e-06 7.95e-06 7.15e-06 7.25e-06 5.55e-06 9.05e-06 6.4e-06 9.4e-06 9.05e-06 5.9e-06 1.545e-05 5.9e-06 1.545e-05 6.1e-06 9.2e-06 6.65e-06 8.1e-06 1.155e-05 6.3e-06 6.3e-06 7.3e-06
40 7.4e-06 5.5e-06 9.8e-06 9.3e-06 1.03e-05 7.65e-06 9.25e-06 7.7e-06 9.4e-06 6.55e-06 9.8e-06 8.65e-06 7.35e-06 9.3e-06 7.95e-06 9.55e-06 7.95e-06 1.07e-05 1.06e-05 6.85e-06 6.65e-06 7.45e-06 1.265e-05 7.45e-06 8e-06 9.1e-06 7.95e-06 7.85e-06 8.75e-06 6.3e-06 7.85e-06 1.015e-05 9.55e-06 9.55e-06 7.7e-06 1.155e-05 1.055e-05 1.125e-05 1.17e-05 9.3e-06 1.04e-05 9.45e-06 5.6e-06 1.045e-05 6.35e-06 1.04e-05 7.45e-06 5.8e-06 1.22e-05 5.95e-06 1.09e-05 9.4e-06 8.4e-06 7.65e-06 6.6e-06 9.05e-06 1.13e-05 9.45e-06 5.4e-06 6.35e-06 7.15e-06 1.2e-05 8.6e-06 7.5e-06 9.65e-06 1.155e-05 9.1e-06 6.2e-06 9.2e-06 1.22e-05 5.85e-06 7.6e-06 1.02e-05 5.6e-06 6.55e-06 1.025e-05 5.5e-06 1.145e-05 8.9e-06 7.55e-06 9.25e-06 8.4e-06 6.35e-06 1.1e-05 6e-06 9.35e-06 1.16e-05 8.95e-06 9.8e-06 1.26e-05 9.9e-06 1.275e-05 8.3e-06 6.9e-06 1.065e-05 7.85e-06 9.05e-06 9.4e-06 1.025e-05 8.85e-06
41 1.02e-05 7.6e-06 9.3e-06 7.3e-06 1.185e-05 1.115e-05 7.4e-06 9.2e-06 8.85e-06 8.8e-06 9.3e-06 1.09e-05 9.55e-06 8.75e-06 8.45e-06 1.215e-05 8.9e-06 1.14e-05 1.135e-05 7.15e-06 8.35e-06 9.7e-06 9.95e-06 8.4e-06 7.85e-06 6.4e-06 8.85e-06 8.75e-06 1.23e-05 9e-06 8.75e-06 1.17e-05 9.15e-06 9e-06 8.65e-06 1.345e-05 1.13e-05 1.315e-05 1.005e-05 1.08e-05 9.45e-06 1.22e-05 9.45e-06 1.115e-05 9.65e-06 1.11e-05 8.6e-06 9.75e-06 9.9e-06 8.35e-06 1.305e-05 7.4e-06 1.13e-05 9.35e-06 7e-06 7.15e-06 7.9e-06 1.095e-05 9.3e-06 9.6e-06 8.35e-06 9.65e-06 1.06e-05 9.85e-06 7.5e-06 1.345e-05 6.95e-06 8.8e-06 1.02e-05 1.32e-05 7.95e-06 8.55e-06 7.7e-06 9.5e-06 1.08e-05 1.18e-05 9.25e-06 1.335e-05 1.085e-05 8.45e-06 1.15e-05 1.195e-05 9.65e-06 1.355e-05 9.25e-06 1.095e-05 1.115e-05 9.05e-06 1.09e-05 6.55e-06 1.07e-05 6.3e-06 1.075e-05 9.7e-06 1.14e-05 1.165e-05 7.05e-06 1.075e-05 1.115e-05 1.1e-05
42 7.4e-06 5.5e-06 9.8e-06 9.3e-06 1.03e-05 7.6e-06 9.25e-06 7.65e-06 9.35e-06 6.55e-06 9.8e-06 8.65e-06 7.35e-06 9.3e-06 7.95e-06 9.55e-06 7.95e-06 1.07e-05 1.06e-05 6.85e-06 6.65e-06 7.45e-06 1.265e-05 7.45e-06 8e-06 9.1e-06 7.95e-06 7.85e-06 8.8e-06 6.25e-06 7.85e-06 1.015e-05 9.55e-06 9.6e-06 7.7e-06 1.155e-05 1.055e-05 1.125e-05 1.17e-05 9.3e-06 5.6e-06 9.45e-06 1.04e-05 1.045e-05 6.4e-06 1.04e-05 7.45e-06 5.75e-06 1.22e-05 5.95e-06 1.09e-05 9.4e-06 8.4e-06 7.65e-06 6.6e-06 9.05e-06 1.13e-05 9.45e-06 5.55e-06 6.3e-06 7.15e-06 1.2e-05 8.6e-06 7.45e-06 9.65e-06 1.155e-05 9.1e-06 6.45e-06 9.2e-06 1.22e-05 5.85e-06 7.6e-06 1.02e-05 5.75e-06 6.5e-06 1.025e-05 5.45e-06 1.145e-05 8.9e-06 7.55e-06 9.3e-06 8.35e-06 6.5e-06 1.1e-05 5.95e-06 9.35e-06 1.16e-05 8.95e-06 9.8e-06 1.26e-05 9.9e-06 1.275e-05 8.55e-06 6.95e-06 1.065e-05 7.8e-06 9.05e-06 9.4e-06 1.025e-05 8.85e-06
