 slim_337521661 slim_337521645 slim_337521672 slim_337521676 slim_337521472 slim_337521603 slim_337521604 slim_337521663 slim_337521609 slim_337521662 slim_337521671 slim_337521201 slim_337521611 slim_337521549 slim_337521626 slim_337521624 slim_337521470 slim_337521631 slim_337521490 slim_337521466 slim_337521437 slim_337521633 slim_337521153 slim_337521658 slim_337521613 slim_337521546 slim_337521622 slim_337521557 slim_337521625 slim_337521551 slim_337521674 slim_337521641 slim_337521344 slim_337521678 slim_337521544 slim_337521618 slim_337521608 slim_337521584 slim_337521601 slim_337521467 slim_337521677 slim_337521505 slim_337521353 slim_337521621 slim_337521659 slim_337521681 slim_337521579 slim_337521571 slim_337521219 slim_337521597 slim_337521496 slim_337521572 slim_337521175 slim_337521660 slim_337521619 slim_337521593 slim_337521654 slim_337521588 slim_337521628 slim_337521638 slim_337521643 slim_337521627 slim_337521545 slim_337521648 slim_337521578 slim_337521580 slim_337521636 slim_337521595 slim_337521664 slim_337521669 slim_337521657 slim_337521594 slim_337521617 slim_337521581 slim_337521644 slim_337521596 slim_337521362 slim_337521647 slim_337521483 slim_337521675 slim_337521680 slim_337521487 slim_337521554 slim_337521620 slim_337521606 slim_337521656 slim_337521679 slim_337521646 slim_337521447 slim_337521486 slim_337521469 slim_337521665 slim_337521653 slim_337521670 slim_337521615 slim_337521512 slim_337521212 slim_337521650 slim_337521630 slim_337521382
0 3.12e-05 0.0002523 0.0003343 0.0003092 0.000443 7.31e-05 1.775e-05 1.81e-05 9.905e-05 0.0001885 0.00025325 0.00025455 1.585e-05 0.0002444 0.000443 7.26e-05 0.00016505 0.0001007 0.0004889 3.065e-05 0.00020765 2.02e-05 3.775e-05 8.605e-05 0.00026335 0.00018955 8.465e-05 0.00028865 1.835e-05 1.87e-05 1.835e-05 5.225e-05 1.605e-05 0.00012075 1.58e-05 0.0002743 1.875e-05 3.105e-05 0.0002532 7.365e-05 1.795e-05 1.835e-05 1.635e-05 0.00025205 1.76e-05 1.88e-05 0.0001082 1.61e-05 1.59e-05 0.00026945 7.715e-05 0.00012885 0.00010585 2.02e-05 0.00027655 2.87e-05 0.0002526 1.91e-05 0.00021975 9.43e-05 1.815e-05 0.00018685 9.95e-05 1.71e-05 0.0001566 8.595e-05 1.77e-05 0.00041245 0.00018685 1.9e-05 9.49e-05 8.85e-05 1.83e-05 5.035e-05 1.68e-05 0.0001486 0.0003342 1.665e-05 0.00025235 0.0002067 1.605e-05 5.265e-05 1.885e-05 1.875e-05 9.685e-05 0.00025245 9.8e-05 0.00017055 2.915e-05 0.0003221 3.815e-05 0.00028535 0.0001308 9.45e-05 1.675e-05 1.76e-05 1.855e-05 0.0003191 0.0002075 9.88e-05
1 0.0002523 0.0005031 0.0002524 0.0002616 0.00025265 0.00026205 0.00025325 0.00025395 0.00025255 0.0002635 0.00025295 0.00025375 0.0002517 0.00026365 0.0002523 0.0002619 0.00027605 0.00025385 0.00025205 0.0002591 0.0002532 0.00025525 0.0002533 0.00026025 0.00026295 0.00025345 0.000266 0.0002525 0.0002541 0.0002542 0.00025325 0.0002604 0.0002518 0.0002539 0.0002521 0.0002535 0.00025425 0.00025955 0.0002529 0.00025375 0.00025345 0.0002541 0.0002526 0.00025205 0.00025255 0.0002545 0.00026085 0.00025275 0.00025205 0.00026245 0.0002586 0.00027545 0.0002605 0.00025515 0.00025945 0.00025835 0.00025265 0.0002542 0.0002591 0.0002686 0.00025345 0.00026255 0.000253 0.0002528 0.000254 0.00025985 0.00025335 0.0002521 0.00026255 0.0002544 0.00026875 0.00026105 0.0002536 0.0002593 0.000253 0.00025295 0.0002522 0.0002532 0.0002516 0.00025245 0.00025195 0.0002608 0.00025405 0.00025415 0.00027025 0.0002517 0.0002518 0.0002525 0.0002641 0.00025945 0.00025365 0.00026925 0.0002636 0.00026845 0.0002533 0.00025255 0.00025395 0.00026305 0.00025325 0.0002523
2 0.0003343 0.0002524 0.0003387 0.00026205 0.00017075 0.0003438 0.0003353 0.00033585 0.00025235 0.00026325 0.00025235 0.00025405 0.00033385 0.00026385 0.00017075 0.00034375 0.0003446 0.0002537 0.00017105 0.00033425 0.00025305 0.00033715 0.000315 0.00033535 0.0002622 0.0003182 0.000294 0.00017 0.000336 0.0003361 0.0003355 0.00031535 0.00033375 0.0002336 0.000334 0.00023375 0.00033615 0.000335 0.00025315 0.0003361 0.0003355 0.000336 0.00033445 0.00025165 0.00033475 0.0003364 0.0003162 0.00033465 0.000334 0.00018015 0.00033385 0.00032355 0.0003181 0.00033705 0.0002527 0.00033415 0.0002522 0.00033605 0.0002521 0.00034365 0.00033545 0.0002623 0.00025285 0.0003348 0.0002543 0.0003349 0.0003354 0.0001705 0.0002623 0.0003363 0.0003438 0.00033655 0.0003356 0.00031425 0.0003349 0.00025295 0.0001697 0.0003351 0.0002523 0.00025225 0.0003341 0.00031575 0.0003359 0.00033605 0.0003452 0.0002524 0.00025155 0.00033405 0.00034585 0.00025325 0.0003154 0.0002622 0.0003458 0.00034365 0.0003352 0.00033475 0.00033585 0.0001808 0.0002531 0.00025215
3 0.0003092 0.0002616 0.00026205 0.0003992 0.00023005 0.00026125 0.00032385 0.0002956 0.0003136 0.00026685 0.00026635 0.00026245 0.0003235 0.0002201 0.0002297 0.0002618 0.00021435 0.0002998 0.00020005 0.00032665 0.0002778 0.00031055 0.0003097 0.00026885 0.0002626 0.0002481 0.00030785 0.0002916 0.0003098 0.0002959 0.00029545 0.00031605 0.0003234 0.00030015 0.0003089 0.00024845 0.00029595 0.0003289 0.000248 0.00024845 0.00032405 0.00030975 0.00030905 0.00027595 0.00030915 0.0003102 0.00025545 0.00029475 0.0003089 0.0002705 0.0003153 0.00027535 0.0002549 0.0003245 0.00025095 0.000314 0.0002758 0.0003241 0.00028355 0.0002686 0.000324 0.0002662 0.0002994 0.00030975 0.00025305 0.00028305 0.0003099 0.0002615 0.0002662 0.00031015 0.0002828 0.0002694 0.00032415 0.00030125 0.00030905 0.0003096 0.0002757 0.00029515 0.0002615 0.00029165 0.0003093 0.0003164 0.0003099 0.0003099 0.00026955 0.00026155 0.0003234 0.00027645 0.00031035 0.0002211 0.00030965 0.0002517 0.00020165 0.00028335 0.00029525 0.00030915 0.0003097 0.00026655 0.0002777 0.0003134
4 0.000443 0.00025265 0.00017075 0.00023005 9.45e-05 0.00043425 0.00045735 0.00042915 0.00036495 0.0003069 0.0002566 0.0002529 0.00045725 0.0002817 4.76e-05 0.0004349 0.00038615 0.00035095 4.81e-05 0.00045335 0.00023835 0.0004438 0.0004231 0.0004172 0.000262 0.00030375 0.0003873 0.0001702 0.00044335 0.00042935 0.0004291 0.00042235 0.0004571 0.0003312 0.0004427 0.00021895 0.0004294 0.0004557 0.0002383 0.0004036 0.00045755 0.00044325 0.0004428 0.00026655 0.00044285 0.00044355 0.00038335 0.00042855 0.0004427 0.00022845 0.00039425 0.0004054 0.0003845 0.00045775 0.00022705 0.0004414 0.0002664 0.0004574 0.0002379 0.00042585 0.0004575 0.00030655 0.00035075 0.0004433 0.00032575 0.0004314 0.0004434 9.29e-05 0.00030655 0.0004436 0.00044 0.0004174 0.00045765 0.0004078 0.0004428 0.00031165 0.00018435 0.0004289 0.00025255 0.00025225 0.00044305 0.00042275 0.0004432 0.00044335 0.0004266 0.00025265 0.00037515 0.00034905 0.00045265 0.00022675 0.00042305 0.0002363 0.0003956 0.00044055 0.000429 0.00044285 0.00044315 0.00017515 0.0002383 0.0003648
5 7.31e-05 0.00026205 0.0003438 0.00026125 0.00043425 0.0001432 7.42e-05 7.405e-05 0.00015515 0.0002059 0.00026185 0.00026305 7.34e-05 0.0002147 0.00043425 7.285e-05 0.00011725 0.000156 0.0004508 8.68e-05 0.0002458 7.54e-05 9.375e-05 9.48e-05 0.0002629 0.00019825 0.00013995 0.0003276 7.415e-05 7.405e-05 7.405e-05 0.00010765 7.32e-05 0.0001761 7.28e-05 0.000283 7.41e-05 8.615e-05 0.0002618 8.245e-05 7.44e-05 7.42e-05 7.29e-05 0.0002616 7.39e-05 7.475e-05 0.00011655 7.275e-05 7.28e-05 0.00028675 0.00013395 0.0001284 0.00011415 7.52e-05 0.0002679 8.46e-05 0.0002609 7.485e-05 0.00025815 9.455e-05 7.435e-05 0.0002048 0.00015475 7.36e-05 0.0001648 9.485e-05 7.435e-05 0.00042175 0.0002048 7.42e-05 9.42e-05 9.665e-05 7.445e-05 0.00010655 7.25e-05 0.00020515 0.00034345 7.325e-05 0.00026195 0.00024565 7.32e-05 0.0001078 7.48e-05 7.395e-05 9.595e-05 0.00026205 0.0001553 0.0001802 7.53e-05 0.0002835 9.33e-05 0.00026745 8.27e-05 9.53e-05 7.335e-05 7.39e-05 7.375e-05 0.0003367 0.00024545 0.00015505
6 1.775e-05 0.00025325 0.0003353 0.00032385 0.00045735 7.42e-05 6.3e-06 3.255e-05 9.535e-05 0.0002017 0.0002489 0.0002539 3.3e-06 0.00025815 0.00045735 7.395e-05 0.0001787 0.0001096 0.00050335 1.955e-05 0.00022235 1.83e-05 3.885e-05 8.655e-05 0.00026275 0.0002031 9.94e-05 0.00028955 1.86e-05 3.28e-05 3.39e-05 5.14e-05 3.5e-06 0.00013065 1.775e-05 0.00028885 3.285e-05 1.505e-05 0.0002682 8.865e-05 3.4e-06 1.795e-05 1.8e-05 0.0002389 1.915e-05 1.87e-05 0.00012245 3.22e-05 1.775e-05 0.0002789 7.84e-05 0.0001289 0.0001198 3.75e-06 0.00027695 2.88e-05 0.0002393 3.45e-06 0.0002351 9.52e-05 4e-06 0.0002016 0.00010985 1.82e-05 0.00016605 7.235e-05 1.78e-05 0.0004131 0.0002016 1.89e-05 8.115e-05 8.755e-05 3.8e-06 6.56e-05 1.825e-05 0.00014985 0.0003209 3.24e-05 0.0002533 0.00020755 1.755e-05 5.18e-05 1.775e-05 1.825e-05 9.545e-05 0.0002534 8.55e-05 0.00015735 2.72e-05 0.00032195 3.905e-05 0.00028535 0.0001446 8.09e-05 3.25e-05 1.915e-05 1.805e-05 0.0003335 0.0002224 9.51e-05
7 1.81e-05 0.00025395 0.00033585 0.0002956 0.00042915 7.405e-05 3.255e-05 6e-06 0.0001052 0.000173 0.00025815 0.0002538 3.29e-05 0.00023 0.00042915 7.46e-05 0.0001505 9.02e-05 0.0004751 4.22e-05 0.00019435 1.795e-05 3.91e-05 8.62e-05 0.00026265 0.00017435 7.105e-05 0.0002901 1.78e-05 3.9e-06 5.65e-06 5.165e-05 3.28e-05 0.00011175 1.8e-05 0.0002606 4.05e-06 4.31e-05 0.0002399 6.015e-05 3.275e-05 1.805e-05 1.805e-05 0.00026755 1.945e-05 1.84e-05 9.42e-05 3.45e-06 1.78e-05 0.00026005 7.895e-05 0.00012895 9.16e-05 3.25e-05 0.0002773 2.815e-05 0.0002673 3.25e-05 0.0002065 9.5e-05 3.27e-05 0.0001732 9.09e-05 1.88e-05 0.0001472 0.0001008 1.81e-05 0.00041345 0.0001732 1.875e-05 0.0001094 8.745e-05 3.285e-05 3.715e-05 1.795e-05 0.00015015 0.00034935 3.75e-06 0.00025385 0.00020815 1.855e-05 5.2e-05 1.78e-05 1.85e-05 9.57e-05 0.00025395 0.0001148 0.00018605 2.75e-05 0.0003218 3.895e-05 0.0002854 0.00011645 0.00011005 3.85e-06 1.945e-05 1.83e-05 0.00030505 0.0001941 0.000105
8 9.905e-05 0.00025255 0.00025235 0.0003136 0.00036495 0.00015515 9.535e-05 0.0001052 0.0001867 0.0001928 0.00024765 0.00025415 9.395e-05 0.0002486 0.00036495 0.00015525 0.00023755 9.975e-05 0.00041125 0.00010405 0.0002117 0.0001018 9.99e-05 0.00016165 0.0002629 0.0002581 0.0001173 0.00020635 0.0001007 0.0001053 0.0001053 0.00010715 9.355e-05 9.985e-05 9.875e-05 0.0002587 0.00010535 0.00010145 0.0002578 0.0001606 9.555e-05 0.00010075 9.925e-05 0.0002475 0.00010005 0.0001013 0.0001677 0.0001041 9.875e-05 0.00018645 0.00015275 0.00017675 0.00016695 9.705e-05 0.00026965 0.000105 0.0002479 9.62e-05 0.000218 0.0001699 9.55e-05 0.00019195 9.88e-05 9.955e-05 0.00015555 0.0001564 0.0001001 0.00033025 0.00019195 0.00010085 0.00016525 0.0001632 9.565e-05 0.0001108 9.955e-05 0.00014875 0.00024735 0.0001046 0.00025245 0.0002064 9.885e-05 0.0001074 0.0001007 0.0001006 0.0001715 0.00025255 9.385e-05 0.000248 0.0001106 0.0003149 0.00010015 0.0002781 0.00021685 0.00016525 0.0001047 0.00010005 0.0001004 0.00024145 0.0002118 9.36e-05
9 0.0001885 0.0002635 0.00026325 0.00026685 0.0003069 0.0002059 0.0002017 0.000173 0.0001928 0.0003425 0.0002672 0.00026245 0.00020295 0.0001995 0.0003069 0.00020635 0.0002381 0.00017685 0.00032415 0.00020455 0.00023245 0.0001863 0.0001887 0.0002196 0.0002622 0.0002478 0.0001866 0.00024635 0.0001877 0.00017315 0.0001757 0.00019355 0.0002028 0.00017895 0.0001884 0.0002497 0.0001732 0.0002049 0.00024945 0.0002008 0.0002019 0.00018745 0.00018835 0.0002771 0.0001895 0.0001877 0.00020725 0.0001741 0.0001884 0.0001769 0.00019425 0.00022595 0.0002067 0.00020075 0.0002794 0.00019145 0.0002768 0.00020135 0.00023845 0.0002196 0.00020185 0.0001728 0.00017855 0.0001887 0.0002051 0.00023395 0.00018725 0.0002916 0.0001728 0.0001879 0.0002336 0.00022005 0.000202 0.0001802 0.0001882 0.00018845 0.0002769 0.0001743 0.0002634 0.0002464 0.00018865 0.0001939 0.00018665 0.00018765 0.00021895 0.0002635 0.00020285 0.0002775 0.00018665 0.00029445 0.0001885 0.0002781 0.0002178 0.0002343 0.0001744 0.0001895 0.00018745 0.00017255 0.0002324 0.00019265
10 0.00025325 0.00025295 0.00025235 0.00026635 0.0002566 0.00026185 0.0002489 0.00025815 0.00024765 0.0002672 0.0004924 0.00025295 0.0002489 0.00026805 0.0002566 0.00026245 0.0002802 0.0002523 0.0002571 0.00025765 0.0002574 0.000254 0.0002535 0.0002597 0.00026135 0.0002579 0.00027045 0.00025245 0.0002534 0.00025835 0.0002585 0.0002597 0.00024875 0.00025265 0.00025305 0.000258 0.0002584 0.0002537 0.00025765 0.0002586 0.0002491 0.0002534 0.00025305 0.0002476 0.00025355 0.00025345 0.00026515 0.0002575 0.00025305 0.00026115 0.00025895 0.0002751 0.0002643 0.0002492 0.00025975 0.00025775 0.0002474 0.0002489 0.0002635 0.0002685 0.00024885 0.0002668 0.00025215 0.00025365 0.00025315 0.0002553 0.0002537 0.00025265 0.0002668 0.00025365 0.0002639 0.00026015 0.0002492 0.00026385 0.000253 0.0002533 0.0002471 0.00025775 0.00025285 0.0002526 0.00025335 0.00026005 0.00025345 0.0002536 0.00026895 0.00025295 0.0002487 0.0002476 0.00026265 0.0002593 0.0002534 0.00026875 0.00026795 0.0002645 0.00025785 0.00025355 0.0002534 0.0002668 0.0002574 0.0002475
11 0.00025455 0.00025375 0.00025405 0.00026245 0.0002529 0.00026305 0.0002539 0.0002538 0.00025415 0.00026245 0.00025295 0.0005038 0.0002549 0.0002634 0.0002529 0.00026375 0.0002754 0.00025315 0.0002523 0.0002597 0.0002542 0.00025335 0.00025455 0.0002603 0.0002616 0.00025295 0.00026655 0.00025405 0.00025325 0.000254 0.0002547 0.0002597 0.00025475 0.0002542 0.00025435 0.00025385 0.00025405 0.0002577 0.00025375 0.0002544 0.0002541 0.00025365 0.0002543 0.0002537 0.00025445 0.00025275 0.00026065 0.00025405 0.00025435 0.00026255 0.0002603 0.00027555 0.0002602 0.0002532 0.00026015 0.000258 0.00025335 0.0002534 0.00025995 0.0002692 0.0002534 0.00026295 0.00025395 0.0002547 0.0002541 0.00026065 0.00025405 0.0002535 0.00026295 0.0002535 0.00026915 0.00025915 0.0002542 0.0002601 0.0002541 0.00025475 0.0002534 0.00025425 0.00025365 0.0002541 0.00025465 0.0002601 0.0002533 0.0002539 0.0002687 0.00025375 0.0002548 0.00025385 0.00026165 0.00025945 0.0002543 0.00026935 0.0002634 0.0002699 0.00025435 0.00025445 0.0002537 0.00026315 0.000254 0.000254
12 1.585e-05 0.0002517 0.00033385 0.0003235 0.00045725 7.34e-05 3.3e-06 3.29e-05 9.395e-05 0.00020295 0.0002489 0.0002549 8e-07 0.00025855 0.00045725 7.245e-05 0.0001793 0.0001105 0.0005032 1.9e-05 0.00022155 2.075e-05 3.77e-05 8.67e-05 0.00026365 0.0002041 9.895e-05 0.0002882 1.9e-05 3.32e-05 3.26e-05 5.26e-05 7.5e-07 0.00013045 1.57e-05 0.0002887 3.325e-05 1.745e-05 0.0002675 8.815e-05 3.5e-06 1.91e-05 1.66e-05 0.00023745 1.74e-05 1.96e-05 0.0001226 3.12e-05 1.565e-05 0.000279 7.69e-05 0.00012885 0.00012015 6.6e-06 0.0002763 2.945e-05 0.0002388 5.1e-06 0.00023435 9.47e-05 3.55e-06 0.0002015 0.0001091 1.66e-05 0.0001661 7.165e-05 1.745e-05 0.0004122 0.0002015 1.935e-05 8.085e-05 8.885e-05 3.75e-06 6.505e-05 1.745e-05 0.00014825 0.0003199 3.175e-05 0.0002517 0.0002061 1.515e-05 5.3e-05 1.9e-05 1.91e-05 9.715e-05 0.00025185 8.265e-05 0.00015595 2.955e-05 0.00032235 3.85e-05 0.00028535 0.00014495 7.97e-05 3.185e-05 1.74e-05 1.89e-05 0.0003336 0.0002218 9.36e-05
13 0.0002444 0.00026365 0.00026385 0.0002201 0.0002817 0.0002147 0.00025815 0.00023 0.0002486 0.0001995 0.00026805 0.0002634 0.00025855 0.0003385 0.0002817 0.0002153 0.00018165 0.00023405 0.0002688 0.0002608 0.00026275 0.0002441 0.00024465 0.0002201 0.0002636 0.0002494 0.0002426 0.00027665 0.0002442 0.0002302 0.00023055 0.00025015 0.00025845 0.000235 0.00024405 0.00025015 0.00023025 0.00026245 0.0002497 0.00019955 0.00025835 0.0002441 0.0002442 0.0002777 0.0002443 0.00024445 0.00020655 0.00022995 0.00024405 0.00020385 0.00024985 0.0002264 0.0002058 0.00025805 0.00025265 0.00024835 0.00027755 0.0002584 0.0002688 0.0002199 0.0002583 0.0001998 0.0002344 0.00024465 0.00020395 0.0002343 0.0002442 0.00029185 0.0001998 0.00024445 0.000234 0.0002198 0.00025845 0.00023615 0.00024415 0.00024405 0.00027765 0.0002303 0.00026355 0.00027665 0.00024435 0.00025055 0.0002442 0.0002442 0.00022 0.00026365 0.0002585 0.0002782 0.0002439 0.0002393 0.00024455 0.00025305 0.0001697 0.00023455 0.0002304 0.0002443 0.000244 0.00019935 0.00026265 0.0002484
14 0.000443 0.0002523 0.00017075 0.0002297 4.76e-05 0.00043425 0.00045735 0.00042915 0.00036495 0.0003069 0.0002566 0.0002529 0.00045725 0.0002817 9.45e-05 0.0004349 0.00038615 0.00035095 4.775e-05 0.00045335 0.00023835 0.0004438 0.0004231 0.0004172 0.000262 0.0003034 0.0003873 0.0001702 0.00044335 0.00042935 0.0004291 0.00042235 0.0004571 0.0003312 0.0004427 0.0002188 0.0004294 0.0004557 0.00023865 0.0004036 0.00045755 0.00044325 0.0004428 0.00026655 0.00044285 0.00044355 0.00038335 0.00042855 0.0004427 0.00022845 0.00039425 0.0004054 0.0003845 0.00045775 0.00022705 0.0004414 0.0002664 0.0004574 0.0002379 0.00042585 0.0004575 0.00030655 0.00035075 0.0004433 0.00032575 0.0004314 0.0004434 9.255e-05 0.00030655 0.0004436 0.00044 0.0004174 0.00045765 0.0004078 0.0004428 0.00031165 0.00018435 0.0004289 0.0002522 0.00025225 0.00044305 0.00042275 0.0004432 0.00044335 0.0004266 0.0002523 0.00037515 0.00034905 0.00045265 0.0002264 0.00042305 0.0002363 0.0003956 0.00044055 0.000429 0.00044285 0.00044315 0.00017515 0.0002384 0.0003648
15 7.26e-05 0.0002619 0.00034375 0.0002618 0.0004349 7.285e-05 7.395e-05 7.46e-05 0.00015525 0.00020635 0.00026245 0.00026375 7.245e-05 0.0002153 0.0004349 0.0001444 0.00011785 0.0001565 0.0004515 8.685e-05 0.00024645 7.6e-05 9.425e-05 9.545e-05 0.00026345 0.00019875 0.00014105 0.00032755 7.485e-05 7.495e-05 7.505e-05 0.0001084 7.265e-05 0.00017685 7.28e-05 0.0002838 7.5e-05 8.685e-05 0.00026285 8.315e-05 7.415e-05 7.48e-05 7.32e-05 0.00026165 7.425e-05 7.535e-05 0.00011735 7.335e-05 7.28e-05 0.0002873 0.00013375 0.000129 0.00011475 7.6e-05 0.00026805 8.515e-05 0.0002622 7.505e-05 0.00025905 9.495e-05 7.435e-05 0.0002053 0.00015575 7.375e-05 0.00016545 9.51e-05 7.39e-05 0.0004219 0.0002053 7.525e-05 9.515e-05 9.735e-05 7.45e-05 0.00010715 7.365e-05 0.0002052 0.00034365 7.375e-05 0.00026195 0.0002456 7.27e-05 0.00010875 7.48e-05 7.5e-05 9.66e-05 0.00026205 0.0001546 0.00018015 7.585e-05 0.00028425 9.465e-05 0.00026805 8.33e-05 9.475e-05 7.385e-05 7.425e-05 7.48e-05 0.00033735 0.0002465 0.000155
16 0.00016505 0.00027605 0.0003446 0.00021435 0.00038615 0.00011725 0.0001787 0.0001505 0.00023755 0.0002381 0.0002802 0.0002754 0.0001793 0.00018165 0.00038615 0.00011785 2.2e-05 0.00022285 0.00037285 0.0001625 0.00027555 0.00016445 0.00018535 9.535e-05 0.0002757 0.00020745 0.00016695 0.0003578 0.0001645 0.0001507 0.0001512 0.0001725 0.00017915 0.000244 0.00016475 0.00028255 0.00015075 0.00016815 0.00026205 9.37e-05 0.0001789 0.0001646 0.00016485 0.0002901 0.00016495 0.0001645 0.0001017 0.0001506 0.00016475 0.0003109 0.0001997 0.0001035 9.58e-05 0.0001784 0.00021965 0.00015385 0.0002899 0.00017875 0.00026285 9.515e-05 0.00017865 0.00023845 0.00022335 0.00016535 0.0001664 0.00010955 0.00016475 0.0004217 0.00023845 0.00016475 0.00010925 9.465e-05 0.000179 0.00015865 0.0001648 0.0002826 0.0003583 0.00015095 0.00027595 0.00028945 0.0001651 0.0001729 0.00016455 0.0001647 9.465e-05 0.00027605 0.0002476 0.0002221 0.00016415 0.00020625 0.00018525 0.0002204 4.575e-05 0.00010985 0.00015105 0.00016495 0.0001645 0.00035595 0.0002754 0.0002374
17 0.0001007 0.00025385 0.0002537 0.0002998 0.00035095 0.000156 0.0001096 9.02e-05 9.975e-05 0.00017685 0.0002523 0.00025315 0.0001105 0.00023405 0.00035095 0.0001565 0.00022285 0.0001776 0.0003973 0.0001154 0.00019835 9.92e-05 0.00010105 0.0001615 0.00026195 0.00024245 0.00010375 0.0002076 0.00010025 9.035e-05 9.255e-05 0.0001063 0.00011035 9.07e-05 0.0001006 0.00024485 9.04e-05 0.00011315 0.00024445 0.0001469 0.0001098 0.00010005 0.0001006 0.0002628 0.0001017 0.0001004 0.00015355 9.1e-05 0.0001006 0.0001769 0.0001541 0.0001768 0.0001525 0.000109 0.0002702 0.00010405 0.00026255 0.0001092 0.00020465 0.0001703 0.00010975 0.000178 9.015e-05 0.00010105 0.000146 0.00017115 9.98e-05 0.00033105 0.000178 0.00010045 0.0001797 0.0001619 0.0001099 9.73e-05 0.0001005 0.0001501 0.0002623 9.125e-05 0.00025375 0.00020765 0.00010085 0.0001066 9.915e-05 0.0001002 0.0001701 0.00025385 0.0001104 0.0002632 0.0001086 0.00031445 0.0001009 0.0002781 0.00020235 0.00018035 9.135e-05 0.0001017 0.0001 0.00022725 0.00019835 9.96e-05
18 0.0004889 0.00025205 0.00017105 0.00020005 4.81e-05 0.0004508 0.00050335 0.0004751 0.00041125 0.00032415 0.0002571 0.0002523 0.0005032 0.0002688 4.775e-05 0.0004515 0.00037285 0.0003973 1.6e-06 0.00049935 0.000285 0.00048985 0.000469 0.0004339 0.00026235 0.0003032 0.00043315 0.0002169 0.0004893 0.0004753 0.00047395 0.0004683 0.00050305 0.00037745 0.0004886 0.0002185 0.00047535 0.00050175 0.00023835 0.0004194 0.00050355 0.0004892 0.0004887 0.0002668 0.00048775 0.0004895 0.00039915 0.0004744 0.0004886 0.000246 0.00044045 0.00042215 0.0004009 0.0005038 0.00024265 0.00048735 0.0002666 0.0005034 0.00028395 0.0004426 0.0005035 0.0003237 0.000397 0.0004892 0.00034195 0.00044815 0.0004894 9.235e-05 0.0003237 0.00048955 0.00045675 0.0004333 0.00050365 0.00045365 0.00048865 0.00035785 0.0001846 0.00047475 0.00025195 0.00029895 0.00048895 0.0004687 0.0004892 0.0004893 0.00044345 0.000252 0.0004211 0.0003492 0.00049875 0.00019695 0.0004689 0.00025325 0.0003823 0.00045735 0.00047485 0.00048775 0.0004891 0.0001926 0.00028475 0.0004111
19 3.065e-05 0.0002591 0.00033425 0.00032665 0.00045335 8.68e-05 1.955e-05 4.22e-05 0.00010405 0.00020455 0.00025765 0.0002597 1.9e-05 0.0002608 0.00045335 8.685e-05 0.0001625 0.0001154 0.00049935 3.73e-05 0.0002251 3.145e-05 5.15e-05 8.645e-05 0.0002685 0.00021135 8.39e-05 0.0002885 3.12e-05 4.245e-05 4.35e-05 5.195e-05 1.895e-05 0.0001365 3.03e-05 0.00029175 4.25e-05 2.055e-05 0.000271 9.81e-05 1.975e-05 3.135e-05 3.08e-05 0.00024755 3.17e-05 3.135e-05 0.00011925 4.205e-05 3.025e-05 0.00027785 7.855e-05 0.000116 0.0001151 2.035e-05 0.0002698 3.105e-05 0.00024805 1.995e-05 0.00022515 9.485e-05 1.95e-05 0.00020465 0.0001156 3.095e-05 0.00017165 7.495e-05 3.065e-05 0.00041205 0.00020465 3.15e-05 8.38e-05 8.725e-05 1.98e-05 6.29e-05 3.11e-05 0.00015555 0.0003228 4.25e-05 0.000259 0.00021325 3.025e-05 5.235e-05 3.08e-05 3.14e-05 9.545e-05 0.0002591 9.415e-05 0.00017285 4.03e-05 0.0003148 5.175e-05 0.0002782 0.00015405 8.375e-05 4.26e-05 3.17e-05 3.12e-05 0.0003295 0.0002252 0.0001038
20 0.00020765 0.0002532 0.00025305 0.0002778 0.00023835 0.0002458 0.00022235 0.00019435 0.0002117 0.00023245 0.0002574 0.0002542 0.00022155 0.00026275 0.00023835 0.00024645 0.00027555 0.00019835 0.000285 0.0002251 0.0003838 0.0002094 0.00020735 0.000244 0.0002629 0.0002401 0.00020455 0.00020675 0.0002086 0.00019385 0.00019415 0.00021455 0.00022135 0.00019765 0.0002073 0.0002392 0.0001939 0.0002278 0.0002388 0.0002243 0.00022255 0.0002086 0.00020775 0.00026675 0.0002086 0.000209 0.0002303 0.0001935 0.00020725 0.00023585 0.00021345 0.0002583 0.0002303 0.0002234 0.0002447 0.00021285 0.0002667 0.00022305 0.00019855 0.00025255 0.00022245 0.00023185 0.0001971 0.0002073 0.00022865 0.000258 0.00020835 0.00025345 0.00023185 0.00020815 0.0002665 0.00024535 0.0002226 0.0001997 0.00020755 0.0002077 0.0002669 0.00019395 0.0002531 0.0002067 0.0002073 0.0002142 0.0002088 0.0002079 0.0002537 0.0002532 0.0002215 0.00026735 0.0002183 0.00028945 0.0002071 0.0002519 0.0002631 0.000267 0.00019405 0.0002086 0.0002077 0.00023185 0.0001925 0.0002116
21 2.02e-05 0.00025525 0.00033715 0.00031055 0.0004438 7.54e-05 1.83e-05 1.795e-05 0.0001018 0.0001863 0.000254 0.00025335 2.075e-05 0.0002441 0.0004438 7.6e-05 0.00016445 9.92e-05 0.00048985 3.145e-05 0.0002094 3.11e-05 4.04e-05 8.685e-05 0.00026225 0.00018795 8.61e-05 0.0002913 1.865e-05 1.81e-05 2.15e-05 5.05e-05 2.06e-05 0.00012185 2.02e-05 0.00027535 1.825e-05 2.67e-05 0.0002552 7.55e-05 1.85e-05 1.775e-05 1.985e-05 0.00025475 2.13e-05 1.83e-05 0.00010865 1.96e-05 2.02e-05 0.0002698 8.055e-05 0.0001293 0.0001058 1.575e-05 0.000278 2.83e-05 0.00025425 1.68e-05 0.00022215 9.61e-05 1.88e-05 0.0001881 0.00010155 2.015e-05 0.000157 8.75e-05 1.83e-05 0.0004144 0.0001881 1.885e-05 9.59e-05 8.67e-05 1.81e-05 5.255e-05 1.95e-05 0.00015175 0.00033635 1.95e-05 0.00025515 0.00020935 2.04e-05 5.085e-05 1.675e-05 1.825e-05 9.43e-05 0.00025525 0.00010265 0.0001731 2.545e-05 0.00032195 4e-05 0.0002857 0.0001306 9.68e-05 1.96e-05 2.13e-05 1.805e-05 0.00031975 0.0002093 0.00010165
22 3.775e-05 0.0002533 0.000315 0.0003097 0.0004231 9.375e-05 3.885e-05 3.91e-05 9.99e-05 0.0001887 0.0002535 0.00025455 3.77e-05 0.00024465 0.0004231 9.425e-05 0.00018535 0.00010105 0.000469 5.15e-05 0.00020735 4.04e-05 7.34e-05 0.0001069 0.00026335 0.0002099 6.205e-05 0.00026935 3.915e-05 3.85e-05 3.855e-05 5.205e-05 3.75e-05 9.955e-05 3.755e-05 0.00025295 3.855e-05 5.125e-05 0.0002529 9.47e-05 3.905e-05 3.91e-05 3.74e-05 0.0002529 3.85e-05 3.925e-05 0.00010695 3.775e-05 3.755e-05 0.0002497 9.86e-05 0.0001277 0.0001262 4.03e-05 0.00027705 4.955e-05 0.0002528 3.935e-05 0.0002196 0.0001154 3.89e-05 0.0001876 9.935e-05 3.735e-05 0.000157 0.00010665 3.895e-05 0.00039285 0.0001876 3.86e-05 0.0001152 0.0001086 3.915e-05 5.08e-05 3.765e-05 0.0001497 0.00031475 3.805e-05 0.0002532 0.00020755 3.78e-05 5.14e-05 3.92e-05 3.845e-05 0.00011695 0.0002533 9.945e-05 0.0001914 4.915e-05 0.0003223 3.69e-05 0.00028465 0.00015135 0.0001157 3.815e-05 3.85e-05 3.825e-05 0.00029945 0.0002072 9.98e-05
23 8.605e-05 0.00026025 0.00033535 0.00026885 0.0004172 9.48e-05 8.655e-05 8.62e-05 0.00016165 0.0002196 0.0002597 0.0002603 8.67e-05 0.0002201 0.0004172 9.545e-05 9.535e-05 0.0001615 0.0004339 8.645e-05 0.000244 8.685e-05 0.0001069 0.0001694 0.00026915 0.00020085 0.00012795 0.00031885 8.625e-05 8.675e-05 8.76e-05 0.0001071 8.66e-05 0.0001822 8.585e-05 0.0002809 8.68e-05 8.71e-05 0.0002603 8.63e-05 8.675e-05 8.565e-05 8.545e-05 0.0002598 8.73e-05 8.635e-05 0.0001076 8.49e-05 8.585e-05 0.00029445 0.000134 0.0001157 0.0001036 8.67e-05 0.0002441 8.56e-05 0.00025955 8.67e-05 0.0002431 9.425e-05 8.67e-05 0.00021855 0.00016145 8.66e-05 0.000162 8.58e-05 8.675e-05 0.00041285 0.00021855 8.685e-05 9.46e-05 8.705e-05 8.68e-05 0.00010605 8.535e-05 0.00021105 0.00033485 8.475e-05 0.00026015 0.0002437 8.645e-05 0.0001075 8.665e-05 8.66e-05 9.51e-05 0.00026025 0.0001618 0.00018495 9.575e-05 0.0002593 0.00010675 0.0002524 9.54e-05 9.525e-05 8.485e-05 8.73e-05 8.64e-05 0.0003439 0.00024375 0.00016145
24 0.00026335 0.00026295 0.0002622 0.0002626 0.000262 0.0002629 0.00026275 0.00026265 0.0002629 0.0002622 0.00026135 0.0002616 0.00026365 0.0002636 0.000262 0.00026345 0.0002757 0.00026195 0.00026235 0.0002685 0.0002629 0.00026225 0.00026335 0.00026915 0.0005215 0.0002622 0.0002754 0.0002627 0.00026215 0.00026285 0.00026395 0.0002686 0.0002635 0.000263 0.00026315 0.0002631 0.0002629 0.0002666 0.000263 0.0002637 0.00026295 0.00026255 0.0002631 0.0002621 0.00026365 0.00026165 0.00026995 0.0002629 0.00026315 0.00026225 0.0002691 0.0002755 0.00026945 0.00026215 0.0002692 0.00026685 0.00026185 0.00026225 0.0002687 0.00026915 0.00026225 0.0002627 0.00026275 0.0002635 0.00026335 0.00026945 0.00026285 0.00026255 0.0002627 0.0002624 0.00026915 0.0002685 0.00026305 0.00026895 0.000263 0.00026355 0.0002618 0.0002631 0.00026285 0.00026275 0.00026345 0.000269 0.0002621 0.0002628 0.0002686 0.00026295 0.00026355 0.00026225 0.00026145 0.0002687 0.0002632 0.0002692 0.0002636 0.0002698 0.0002632 0.00026365 0.0002626 0.0002629 0.00026285 0.00026275
25 0.00018955 0.00025345 0.0003182 0.0002481 0.00030375 0.00019825 0.0002031 0.00017435 0.0002581 0.0002478 0.0002579 0.00025295 0.0002041 0.0002494 0.0003034 0.00019875 0.00020745 0.00024245 0.0003032 0.00021135 0.0002401 0.00018795 0.0002099 0.00020085 0.0002622 0.0003458 0.00023865 0.0003182 0.00018905 0.0001745 0.0001758 0.0002204 0.00020395 0.0002643 0.0001895 0.0002599 0.00017455 0.0002116 0.0002397 0.00017555 0.0002033 0.00018875 0.0001894 0.00026775 0.00018965 0.00018895 0.00020745 0.0001751 0.0001895 0.0003173 0.00020095 0.00024165 0.00018655 0.0002024 0.00026565 0.00019745 0.00026745 0.00020255 0.0002513 0.0002098 0.00020325 0.00024885 0.0002438 0.00018975 0.00024405 0.0002153 0.00018865 0.00031805 0.00024885 0.00018925 0.00022385 0.00020045 0.0002034 0.0002067 0.00018925 0.00025475 0.0003316 0.00017525 0.00025335 0.0002541 0.00018975 0.00022075 0.00018785 0.000189 0.00020955 0.00025345 0.00026815 0.00020405 0.0001974 0.0002646 0.0002097 0.00027475 0.00018455 0.00022455 0.00017535 0.00018965 0.0001888 0.00031395 0.00023995 0.00025795
26 8.465e-05 0.000266 0.000294 0.00030785 0.0003873 0.00013995 9.94e-05 7.105e-05 0.0001173 0.0001866 0.00027045 0.00026655 9.895e-05 0.0002426 0.0003873 0.00014105 0.00016695 0.00010375 0.00043315 8.39e-05 0.00020455 8.61e-05 6.205e-05 0.00012795 0.0002754 0.00023865 1e-07 0.00024835 8.525e-05 6.985e-05 7.025e-05 5.235e-05 9.86e-05 8.1e-05 8.435e-05 0.00022955 6.99e-05 9e-05 0.00025055 0.0001267 9.96e-05 8.525e-05 8.445e-05 0.00027965 8.545e-05 8.525e-05 9.225e-05 7.015e-05 8.435e-05 0.00021875 0.00012 0.0001018 0.00013 0.00010015 0.00026455 7.46e-05 0.00027905 9.975e-05 0.0001918 0.00013665 9.945e-05 0.00018595 0.00010185 8.335e-05 0.00015975 0.0001422 8.535e-05 0.00037165 0.00018595 8.41e-05 0.0001504 0.0001293 9.97e-05 3.74e-05 8.4e-05 0.0001624 0.00030775 7.05e-05 0.0002659 0.0002203 8.46e-05 5.035e-05 8.545e-05 8.395e-05 0.0001377 0.000266 0.00012695 0.00025205 9.5e-05 0.0003092 6.155e-05 0.0002709 0.0001832 0.0001514 7.06e-05 8.545e-05 8.375e-05 0.00026365 0.00020485 0.00011735
27 0.00028865 0.0002525 0.00017 0.0002916 0.0001702 0.0003276 0.00028955 0.0002901 0.00020635 0.00024635 0.00025245 0.00025405 0.0002882 0.00027665 0.0001702 0.00032755 0.0003578 0.0002076 0.0002169 0.0002885 0.00020675 0.0002913 0.00026935 0.00031885 0.0002627 0.0003182 0.00024835 0.0002474 0.00029025 0.00029035 0.00029045 0.0002696 0.0002881 0.0001876 0.00028835 0.00023385 0.0002904 0.00028915 0.00025325 0.00032005 0.00028975 0.00029025 0.0002888 0.000252 0.0002897 0.00029065 0.00030015 0.000289 0.00028835 0.000163 0.0002879 0.00030705 0.0003015 0.0002912 0.0002371 0.0002884 0.00025255 0.0002903 0.00020635 0.00032715 0.0002897 0.0002455 0.00020685 0.00028915 0.0002379 0.0003184 0.00028965 0.00017065 0.0002455 0.00029055 0.0003273 0.0003204 0.00028985 0.0002686 0.00028925 0.000207 0.00017005 0.00028945 0.0002524 0.00020595 0.00028845 0.00027 0.00029015 0.0002903 0.0003287 0.0002525 0.0002059 0.0003345 0.0003001 0.0002825 0.00026975 0.0002456 0.000359 0.00032715 0.00028955 0.0002897 0.0002901 0.0001637 0.00020695 0.00020615
28 1.835e-05 0.0002541 0.000336 0.0003098 0.00044335 7.415e-05 1.86e-05 1.78e-05 0.0001007 0.0001877 0.0002534 0.00025325 1.9e-05 0.0002442 0.00044335 7.485e-05 0.0001645 0.00010025 0.0004893 3.12e-05 0.0002086 1.865e-05 3.915e-05 8.625e-05 0.00026215 0.00018905 8.525e-05 0.00029025 3.44e-05 1.875e-05 1.99e-05 5.17e-05 1.89e-05 0.0001212 1.815e-05 0.0002747 1.88e-05 2.945e-05 0.00025415 7.435e-05 1.88e-05 1.815e-05 1.82e-05 0.00025365 1.96e-05 1.74e-05 0.0001082 1.765e-05 1.795e-05 0.0002696 7.895e-05 0.000129 0.0001057 1.85e-05 0.00027735 2.86e-05 0.00025335 1.855e-05 0.00022065 9.505e-05 1.805e-05 0.0001874 0.0001005 1.9e-05 0.00015675 8.68e-05 1.875e-05 0.0004136 0.0001874 1.82e-05 9.535e-05 8.675e-05 1.89e-05 5.13e-05 1.805e-05 0.0001503 0.00033545 1.795e-05 0.000254 0.0002083 1.875e-05 5.21e-05 1.845e-05 1.865e-05 9.545e-05 0.0002541 0.0001009 0.0001719 2.695e-05 0.00032185 3.895e-05 0.0002855 0.00013065 9.605e-05 1.805e-05 1.96e-05 1.845e-05 0.00031925 0.00020835 0.0001005
29 1.87e-05 0.0002542 0.0003361 0.0002959 0.00042935 7.405e-05 3.28e-05 3.9e-06 0.0001053 0.00017315 0.00025835 0.000254 3.32e-05 0.0002302 0.00042935 7.495e-05 0.0001507 9.035e-05 0.0004753 4.245e-05 0.00019385 1.81e-05 3.85e-05 8.675e-05 0.00026285 0.0001745 6.985e-05 0.00029035 1.875e-05 6.2e-06 4.9e-06 5.165e-05 3.295e-05 0.00011125 1.86e-05 0.0002601 3.35e-06 4.33e-05 0.00023925 6.07e-05 3.3e-05 1.86e-05 1.85e-05 0.0002678 1.955e-05 1.89e-05 9.37e-05 4.35e-06 1.86e-05 0.00026025 7.945e-05 0.00012845 9.18e-05 3.27e-05 0.00027755 2.87e-05 0.00026715 3.275e-05 0.00020635 9.555e-05 3.295e-05 0.00017375 9.025e-05 1.83e-05 0.0001474 0.000101 1.83e-05 0.0004137 0.00017375 1.81e-05 0.00010925 8.765e-05 3.31e-05 3.75e-05 1.815e-05 0.00015065 0.0003496 4.65e-06 0.0002541 0.0002084 1.88e-05 5.15e-05 1.8e-05 1.775e-05 9.59e-05 0.0002542 0.0001151 0.0001863 2.77e-05 0.000322 3.81e-05 0.0002849 0.00011665 0.0001103 4.75e-06 1.955e-05 1.765e-05 0.0003055 0.00019345 0.00010525
30 1.835e-05 0.00025325 0.0003355 0.00029545 0.0004291 7.405e-05 3.39e-05 5.65e-06 0.0001053 0.0001757 0.0002585 0.0002547 3.26e-05 0.00023055 0.0004291 7.505e-05 0.0001512 9.255e-05 0.00047395 4.35e-05 0.00019415 2.15e-05 3.855e-05 8.76e-05 0.00026395 0.0001758 7.025e-05 0.00029045 1.99e-05 4.9e-06 5.4e-06 5.32e-05 3.235e-05 0.00011185 1.805e-05 0.00025975 5.05e-06 4.635e-05 0.0002384 6.015e-05 3.41e-05 2e-05 1.825e-05 0.00026725 1.75e-05 2.05e-05 9.37e-05 4.1e-06 1.805e-05 0.0002612 7.94e-05 0.00012945 9.205e-05 3.55e-05 0.00027725 3.035e-05 0.00026675 3.49e-05 0.00020645 9.61e-05 3.405e-05 0.0001744 9.035e-05 1.82e-05 0.0001474 0.0001016 1.99e-05 0.0004131 0.0001744 1.93e-05 0.0001099 8.875e-05 3.42e-05 3.765e-05 1.8e-05 0.0001506 0.00034925 4.65e-06 0.00025315 0.0002085 1.83e-05 5.31e-05 2.065e-05 1.89e-05 9.805e-05 0.00025325 0.0001145 0.00018585 3.045e-05 0.0003222 3.825e-05 0.00028595 0.00011695 0.0001108 4.75e-06 1.74e-05 1.885e-05 0.0003064 0.00019355 0.00010525
31 5.225e-05 0.0002604 0.00031535 0.00031605 0.00042235 0.00010765 5.14e-05 5.165e-05 0.00010715 0.00019355 0.0002597 0.0002597 5.26e-05 0.00025015 0.00042235 0.0001084 0.0001725 0.0001063 0.0004683 5.195e-05 0.00021455 5.05e-05 5.205e-05 0.0001071 0.0002686 0.0002204 5.235e-05 0.0002696 5.17e-05 5.165e-05 5.32e-05 9.98e-05 5.245e-05 0.000107 5.205e-05 0.0002603 5.17e-05 5.08e-05 0.0002602 0.0001079 5.16e-05 5.1e-05 5.185e-05 0.00025995 5.315e-05 5.145e-05 0.0001083 5.16e-05 5.205e-05 0.0002488 0.00010005 0.00011655 0.0001247 5.01e-05 0.000271 5.13e-05 0.00025955 5.06e-05 0.0002145 0.00011615 5.185e-05 0.00019375 0.00010675 5.2e-05 0.0001629 0.0001076 5.19e-05 0.0003928 0.00019375 5.175e-05 0.00011605 0.00010775 5.12e-05 5.085e-05 5.16e-05 0.00015685 0.0003148 5.165e-05 0.0002603 0.0002146 5.235e-05 5.115e-05 5.105e-05 5.12e-05 0.0001155 0.0002604 0.00010755 0.0002053 5.97e-05 0.00031535 5.175e-05 0.0002788 0.00016375 0.00011685 5.175e-05 5.315e-05 5.1e-05 0.0002985 0.0002144 0.000107
32 1.605e-05 0.0002518 0.00033375 0.0003234 0.0004571 7.32e-05 3.5e-06 3.28e-05 9.355e-05 0.0002028 0.00024875 0.00025475 7.5e-07 0.00025845 0.0004571 7.265e-05 0.00017915 0.00011035 0.00050305 1.895e-05 0.00022135 2.06e-05 3.75e-05 8.66e-05 0.0002635 0.00020395 9.86e-05 0.0002881 1.89e-05 3.295e-05 3.235e-05 5.245e-05 9e-07 0.0001302 1.57e-05 0.00028845 3.3e-05 1.73e-05 0.00026725 8.81e-05 3.7e-06 1.9e-05 1.655e-05 0.0002374 1.73e-05 1.95e-05 0.00012235 3.115e-05 1.565e-05 0.00027885 7.71e-05 0.0001286 0.00012 6.45e-06 0.0002762 2.935e-05 0.00023855 5e-06 0.00023415 9.46e-05 3.55e-06 0.0002014 0.00010885 1.645e-05 0.000166 7.145e-05 1.765e-05 0.0004121 0.0002014 1.91e-05 8.06e-05 8.87e-05 3.7e-06 6.495e-05 1.725e-05 0.0001482 0.0003198 3.17e-05 0.0002517 0.00020605 1.54e-05 5.275e-05 1.89e-05 1.885e-05 9.7e-05 0.0002518 8.27e-05 0.00015595 2.94e-05 0.0003222 3.815e-05 0.0002851 0.00014485 7.99e-05 3.18e-05 1.73e-05 1.865e-05 0.00033345 0.00022155 9.355e-05
33 0.00012075 0.0002539 0.0002336 0.00030015 0.0003312 0.0001761 0.00013065 0.00011175 9.985e-05 0.00017895 0.00025265 0.0002542 0.00013045 0.000235 0.0003312 0.00017685 0.000244 9.07e-05 0.00037745 0.0001365 0.00019765 0.00012185 9.955e-05 0.0001822 0.000263 0.0002643 8.1e-05 0.0001876 0.0001212 0.00011125 0.00011185 0.000107 0.0001302 0.0001385 0.00012055 0.00022345 0.0001113 0.00013565 0.00024385 0.0001674 0.00013085 0.0001211 0.00012055 0.0002629 0.00012165 0.0001213 0.00015255 0.00011095 0.00012055 0.00015755 0.0001742 0.0001761 0.0001734 0.00013115 0.00027065 0.00012545 0.00026255 0.0001308 0.0002037 0.00019095 0.0001307 0.0001784 8.97e-05 0.00012035 0.00014675 0.00019185 0.00012135 0.00031115 0.0001784 0.00012075 0.00020025 0.00018335 0.00013095 9.69e-05 0.00012035 0.0001501 0.00024245 0.0001112 0.0002538 0.0002078 0.00012085 0.0001063 0.00012125 0.0001206 0.0001917 0.0002539 0.0001102 0.0002833 0.0001306 0.00031525 9.93e-05 0.0002779 0.00022355 0.000201 0.0001113 0.00012165 0.0001204 0.0002077 0.00019785 9.98e-05
34 1.58e-05 0.0002521 0.000334 0.0003089 0.0004427 7.28e-05 1.775e-05 1.8e-05 9.875e-05 0.0001884 0.00025305 0.00025435 1.57e-05 0.00024405 0.0004427 7.28e-05 0.00016475 0.0001006 0.0004886 3.03e-05 0.0002073 2.02e-05 3.755e-05 8.585e-05 0.00026315 0.0001895 8.435e-05 0.00028835 1.815e-05 1.86e-05 1.805e-05 5.205e-05 1.57e-05 0.00012055 3.06e-05 0.0002741 1.865e-05 3.095e-05 0.0002529 7.33e-05 1.795e-05 1.825e-05 1.615e-05 0.0002517 1.73e-05 1.87e-05 0.000108 1.59e-05 1.555e-05 0.00026915 7.705e-05 0.00012855 0.0001056 2.01e-05 0.00027625 2.86e-05 0.0002523 1.9e-05 0.00021945 9.4e-05 1.79e-05 0.00018665 9.92e-05 1.685e-05 0.00015625 8.565e-05 1.785e-05 0.00041215 0.00018665 1.88e-05 9.46e-05 8.83e-05 1.805e-05 5.015e-05 1.66e-05 0.00014825 0.0003339 1.655e-05 0.000252 0.00020635 1.59e-05 5.245e-05 1.885e-05 1.855e-05 9.665e-05 0.0002521 9.765e-05 0.0001703 2.905e-05 0.0003218 3.795e-05 0.00028505 0.00013045 9.44e-05 1.665e-05 1.73e-05 1.835e-05 0.0003188 0.0002072 9.845e-05
35 0.0002743 0.0002535 0.00023375 0.00024845 0.00021895 0.000283 0.00028885 0.0002606 0.0002587 0.0002497 0.000258 0.00025385 0.0002887 0.00025015 0.0002188 0.0002838 0.00028255 0.00024485 0.0002185 0.00029175 0.0002392 0.00027535 0.00025295 0.0002809 0.0002631 0.0002599 0.00022955 0.00023385 0.0002747 0.0002601 0.00025975 0.0002603 0.00028845 0.00022345 0.0002741 0.0004356 0.00026015 0.0002938 0.0002389 0.0002607 0.00028905 0.00027455 0.00027405 0.00026765 0.00027425 0.0002746 0.00024565 0.00025975 0.0002741 0.0002336 0.00028035 0.00027475 0.000267 0.0002893 0.00026055 0.0002789 0.00026725 0.0002889 0.0002448 0.00028975 0.0002889 0.0002491 0.00024385 0.00027375 0.0002453 0.0002953 0.0002749 0.0002333 0.0002491 0.00027425 0.0003037 0.00028125 0.00028915 0.0002455 0.0002738 0.00025455 0.0002474 0.00025995 0.0002534 0.00025405 0.0002744 0.00025965 0.0002747 0.0002741 0.0002905 0.0002535 0.00026845 0.00028805 0.00028415 0.00026005 0.00025265 0.000269 0.0002704 0.0003045 0.00026005 0.00027425 0.0002739 0.00022935 0.00023925 0.00025865
36 1.875e-05 0.00025425 0.00033615 0.00029595 0.0004294 7.41e-05 3.285e-05 4.05e-06 0.00010535 0.0001732 0.0002584 0.00025405 3.325e-05 0.00023025 0.0004294 7.5e-05 0.00015075 9.04e-05 0.00047535 4.25e-05 0.0001939 1.825e-05 3.855e-05 8.68e-05 0.0002629 0.00017455 6.99e-05 0.0002904 1.88e-05 3.35e-06 5.05e-06 5.17e-05 3.3e-05 0.0001113 1.865e-05 0.00026015 6.3e-06 4.335e-05 0.0002393 6.075e-05 3.305e-05 1.865e-05 1.855e-05 0.00026785 1.96e-05 1.895e-05 9.375e-05 4.4e-06 1.865e-05 0.0002603 7.95e-05 0.0001285 9.185e-05 3.275e-05 0.0002776 2.875e-05 0.0002672 3.28e-05 0.0002064 9.56e-05 3.3e-05 0.0001738 9.03e-05 1.835e-05 0.00014745 0.00010105 1.83e-05 0.00041375 0.0001738 1.815e-05 0.0001093 8.77e-05 3.315e-05 3.755e-05 1.82e-05 0.0001507 0.00034965 4.7e-06 0.00025415 0.00020845 1.88e-05 5.155e-05 1.8e-05 1.79e-05 9.595e-05 0.00025425 0.00011515 0.00018635 2.775e-05 0.00032205 3.815e-05 0.00028495 0.0001167 0.00011035 4.8e-06 1.96e-05 1.77e-05 0.00030555 0.00019335 0.0001053
