 slim_337514211 slim_337514186 slim_337514215 slim_337514048 slim_337514175 slim_337514252 slim_337514146 slim_337514227 slim_337514172 slim_337514268 slim_337514199 slim_337514294 slim_337514265 slim_337514263 slim_337514207 slim_337514305 slim_337514253 slim_337514297 slim_337514276 slim_337514226 slim_337514017 slim_337514286 slim_337514292 slim_337514100 slim_337514232 slim_337514306 slim_337514129 slim_337513984 slim_337514249 slim_337513920 slim_337514311 slim_337514289 slim_337514281 slim_337514308 slim_337514174 slim_337514143 slim_337514155 slim_337514277 slim_337514275 slim_337514236 slim_337514145 slim_337514237 slim_337514121 slim_337514307 slim_337514302 slim_337514298 slim_337514313 slim_337514266 slim_337514250 slim_337514310 slim_337513946 slim_337514202 slim_337514309 slim_337514261 slim_337514300 slim_337514137 slim_337514290 slim_337514183 slim_337514120 slim_337513881 slim_337514093 slim_337514280 slim_337514254 slim_337514050 slim_337514293 slim_337514283 slim_337514272 slim_337514312 slim_337514255 slim_337514279 slim_337514282 slim_337514098 slim_337514206 slim_337514149 slim_337514267 slim_337514221 slim_337514139 slim_337514244 slim_337514125 slim_337514271 slim_337514248 slim_337514068 slim_337514301 slim_337514152 slim_337514164 slim_337514205 slim_337514228 slim_337514296 slim_337514114 slim_337514037 slim_337514230 slim_337514154 slim_337514058 slim_337514288 slim_337514287 slim_337514059 slim_337514238 slim_337514220 slim_337514217 slim_337514260
0 4.77e-05 6.73e-05 5.06e-05 4.97e-05 9.255e-05 9.5e-05 0.00016545 9.25e-05 9.81e-05 9.28e-05 0.000146 4.635e-05 6.165e-05 5.985e-05 0.0002185 4.09e-05 6.635e-05 6.66e-05 4.865e-05 7.68e-05 8.675e-05 6.745e-05 5.92e-05 7.32e-05 2.44e-05 2.45e-05 6.73e-05 6.72e-05 5.38e-05 5.515e-05 7.32e-05 5.79e-05 0.0001132 6.915e-05 6.19e-05 0.0001345 0.0001366 6.73e-05 0.00013865 6.735e-05 6.65e-05 5.55e-05 0.0001411 7.665e-05 0.00014625 5.78e-05 5.78e-05 3.68e-05 7.305e-05 0.00013845 9.27e-05 6.705e-05 5.805e-05 0.000143 4.86e-05 4.3e-05 5.97e-05 5.615e-05 7.335e-05 6.97e-05 4.85e-05 0.00013885 0.00013985 6.02e-05 4.88e-05 5.585e-05 0.00014575 3.93e-05 4.885e-05 7.34e-05 8.425e-05 6.545e-05 5.95e-05 0.0001237 0.00014015 6.13e-05 6.595e-05 9.265e-05 4.25e-05 4.845e-05 5.8e-05 5.555e-05 6.68e-05 0.0001252 5.59e-05 6.15e-05 7.32e-05 8.85e-05 4.605e-05 8.485e-05 0.00014155 6.555e-05 4.3e-05 5.82e-05 5.415e-05 4.99e-05 6.515e-05 4.09e-05 4.88e-05 0.00014875
1 6.73e-05 6.04e-05 3.255e-05 3.835e-05 5.68e-05 9.97e-05 0.00013625 5.685e-05 5.72e-05 5.8e-05 0.00010995 6.01e-05 5.91e-05 3.21e-05 0.00018885 4.05e-05 3.135e-05 3.18e-05 3.925e-05 4.985e-05 5.685e-05 3.06e-05 3.05e-05 3.055e-05 4.765e-05 8.725e-05 3.055e-05 3.045e-05 5.915e-05 5.95e-05 3.045e-05 3.145e-05 7.115e-05 5.035e-05 3.13e-05 0.0001384 0.00013385 3.07e-05 0.00011075 3.07e-05 3.14e-05 5.89e-05 0.00010655 5.005e-05 0.000111 3.155e-05 3.145e-05 6.74e-05 3.105e-05 0.00011135 5.705e-05 3.225e-05 3.18e-05 0.00010625 5.89e-05 5.185e-05 3.21e-05 5.93e-05 3.165e-05 7.43e-05 5.86e-05 0.00011095 0.00010955 3.14e-05 3.915e-05 7.18e-05 0.00010965 8.735e-05 3.925e-05 3.17e-05 9.955e-05 3.18e-05 3.29e-05 0.0001141 0.0001097 5.95e-05 3.16e-05 5.7e-05 5.875e-05 5.95e-05 3.21e-05 5.875e-05 3.115e-05 0.0001134 5.915e-05 5.885e-05 3.065e-05 7.98e-05 5.98e-05 5.83e-05 0.00010675 3.18e-05 4.05e-05 3.15e-05 6.06e-05 8.735e-05 3.05e-05 6.02e-05 3.895e-05 0.00010685
2 5.06e-05 3.255e-05 2.32e-05 2.91e-05 5.685e-05 9.93e-05 0.00013705 5.68e-05 5.52e-05 5.68e-05 0.00011015 5.02e-05 5.94e-05 2.41e-05 0.00018995 2.165e-05 3.335e-05 3.05e-05 3.04e-05 3.945e-05 5.945e-05 3.27e-05 3.195e-05 3.005e-05 3.055e-05 7.12e-05 3.255e-05 3.245e-05 5.905e-05 6.015e-05 3.005e-05 2.085e-05 6.99e-05 3.9e-05 3.375e-05 0.00013955 0.0001341 3.255e-05 0.00010085 3.26e-05 3.01e-05 6.165e-05 9.575e-05 4e-05 0.0001101 2.075e-05 2.085e-05 5.945e-05 2.955e-05 0.0001016 5.7e-05 3.085e-05 2.1e-05 0.0001062 5.045e-05 4.315e-05 2.395e-05 6.2e-05 2.99e-05 5.5e-05 5.035e-05 0.00010105 0.0001124 3.245e-05 3.03e-05 7.225e-05 0.0001099 7.97e-05 3.035e-05 2.995e-05 9.03e-05 2.13e-05 2.165e-05 0.0001052 0.0001127 5.87e-05 2.085e-05 5.695e-05 5.275e-05 4.995e-05 2.1e-05 6.17e-05 3.09e-05 0.0001039 6.205e-05 5.925e-05 3.005e-05 7.01e-05 5e-05 4.815e-05 0.00010515 2.14e-05 3.22e-05 2.955e-05 5.09e-05 8.855e-05 2.95e-05 4.175e-05 3.03e-05 0.00010505
3 4.97e-05 3.835e-05 2.91e-05 5.19e-05 6.28e-05 0.00010895 0.0001527 6.26e-05 5.27e-05 6.38e-05 0.00011625 6.09e-05 5.915e-05 3.92e-05 0.0002057 2.85e-05 3.87e-05 3.605e-05 2.78e-05 4.725e-05 7.485e-05 3.85e-05 4.68e-05 2.625e-05 2.91e-05 7.025e-05 3.835e-05 3.81e-05 6.8e-05 7.015e-05 2.625e-05 2.8e-05 6.745e-05 5.585e-05 5.005e-05 0.00014915 0.0001346 3.82e-05 0.00011725 3.85e-05 3.6e-05 7.1e-05 0.00010305 5.52e-05 0.0001172 2.775e-05 2.79e-05 6.055e-05 2.655e-05 0.00011695 6.295e-05 3.835e-05 2.8e-05 0.00011365 4.82e-05 5.045e-05 3.905e-05 7.115e-05 2.715e-05 6.44e-05 4.825e-05 0.00011745 0.0001279 4.785e-05 2.76e-05 8.2e-05 0.0001158 8.195e-05 2.785e-05 2.72e-05 9.875e-05 2.715e-05 3.75e-05 0.00010335 0.0001282 5.925e-05 2.74e-05 6.275e-05 6.01e-05 4.85e-05 2.84e-05 7.105e-05 3.72e-05 0.00010335 7.14e-05 5.915e-05 2.61e-05 6.885e-05 6.06e-05 6.36e-05 0.0001117 2.705e-05 3.905e-05 4.455e-05 6.01e-05 9.2e-05 3.475e-05 4.895e-05 2.775e-05 0.00010305
4 9.255e-05 5.68e-05 5.685e-05 6.28e-05 0.0001078 9.945e-05 0.00010845 5.42e-05 5.57e-05 5.515e-05 0.00010875 8.42e-05 8.365e-05 5.88e-05 0.00016275 6.505e-05 5.795e-05 5.495e-05 6.345e-05 7.395e-05 5.685e-05 5.695e-05 5.8e-05 5.425e-05 7.235e-05 0.0001127 5.69e-05 5.68e-05 8.5e-05 8.49e-05 5.425e-05 5.48e-05 7.08e-05 7.315e-05 5.905e-05 0.00013805 0.00013445 5.69e-05 0.0001106 5.71e-05 5.465e-05 8.595e-05 0.00010735 5.585e-05 0.0001096 5.48e-05 5.47e-05 9.245e-05 5.535e-05 0.0001105 5.415e-05 5.66e-05 5.505e-05 0.00010755 8.365e-05 7.64e-05 5.865e-05 8.56e-05 5.515e-05 9.81e-05 8.345e-05 0.0001108 0.000111 5.695e-05 6.335e-05 9.67e-05 0.00010845 0.00011285 6.345e-05 5.52e-05 9.94e-05 5.595e-05 5.7e-05 0.00011435 0.0001113 8.455e-05 5.635e-05 5.41e-05 8.6e-05 8.475e-05 5.565e-05 8.6e-05 5.57e-05 0.00011335 8.635e-05 8.34e-05 5.435e-05 7.985e-05 8.39e-05 5.58e-05 0.0001057 5.595e-05 6.385e-05 5.57e-05 8.55e-05 0.00011275 5.55e-05 8.53e-05 6.325e-05 0.0001064
5 9.5e-05 9.97e-05 9.93e-05 0.00010895 9.945e-05 0.000144 0.00012395 9.94e-05 0.00012465 0.0001004 0.00014725 8.19e-05 9.775e-05 9.33e-05 0.00017135 0.0001029 0.0001008 9.905e-05 0.0001096 0.00012505 7.64e-05 9.985e-05 7.655e-05 0.00012285 9.615e-05 9.4e-05 9.97e-05 9.96e-05 7.485e-05 7.375e-05 0.00012285 0.000107 0.0001222 0.0001002 7.565e-05 0.0001222 0.00014255 9.97e-05 0.0001395 9.98e-05 9.775e-05 7.435e-05 0.0001602 9.28e-05 0.0001482 0.0001069 0.0001069 8.42e-05 0.0001232 0.00014075 9.96e-05 0.0001002 0.00010715 0.00014385 0.00010845 8.53e-05 9.315e-05 7.42e-05 0.0001237 0.0001274 0.00010835 0.0001397 0.00012385 7.505e-05 0.0001095 7.355e-05 0.000147 8.19e-05 0.00010955 0.00012375 8.17e-05 0.00011615 9.12e-05 0.0001545 0.00012415 9.79e-05 0.0001152 9.955e-05 8.51e-05 0.0001088 0.00010705 7.44e-05 9.925e-05 0.0001421 7.475e-05 9.76e-05 0.00012285 0.0001088 8.16e-05 9.28e-05 0.0001435 0.00011625 8.58e-05 7.535e-05 9.13e-05 7.245e-05 9.975e-05 0.0001018 0.0001095 0.00016895
6 0.00016545 0.00013625 0.00013705 0.0001527 0.00010845 0.00012395 0.0001118 0.00010865 0.0001363 0.0001088 0.0001089 0.00014645 0.0001637 0.00012925 5.62e-05 0.00014605 0.00013635 0.00013635 0.00015335 0.00014455 8.375e-05 0.0001364 0.0001135 0.00016125 0.00014525 0.0001858 0.00013625 0.00013615 0.0001412 0.0001381 0.00016125 0.000144 0.00014685 0.00011845 0.00011165 0.0001114 0.0001393 0.00013625 0.0001019 0.0001364 0.0001359 0.00013845 0.00013015 0.00010955 0.00010885 0.0001439 0.0001439 0.0001555 0.000162 0.0001018 0.0001086 0.00013585 0.00014415 0.0001125 0.00017355 0.0001395 0.0001291 0.0001379 0.00016125 0.00015215 0.00017345 0.0001021 8.35e-05 0.0001103 0.00015325 0.00014995 0.0001085 0.0001761 0.0001533 0.0001613 0.00013395 0.00015395 0.000129 0.00012905 8.395e-05 0.00016425 0.00015435 0.00010855 0.00014835 0.0001743 0.00014445 0.0001385 0.00013575 0.00015455 0.00013885 0.00016355 0.00016125 0.0001388 0.00014615 0.00010125 0.0001114 0.00015405 0.0001257 0.0001126 0.00015665 0.00016595 0.00013855 0.0001663 0.00015325 0.0001373
7 9.25e-05 5.685e-05 5.68e-05 6.26e-05 5.42e-05 9.94e-05 0.00010865 0.0001077 5.56e-05 5.5e-05 0.0001087 8.415e-05 8.345e-05 5.875e-05 0.0001627 6.5e-05 5.79e-05 5.475e-05 6.325e-05 7.39e-05 5.685e-05 5.7e-05 5.795e-05 5.415e-05 7.23e-05 0.00011265 5.685e-05 5.66e-05 8.495e-05 8.485e-05 5.415e-05 5.485e-05 7.085e-05 7.31e-05 5.9e-05 0.000138 0.0001344 5.67e-05 0.00011055 5.705e-05 5.46e-05 8.59e-05 0.0001073 5.605e-05 0.00010955 5.46e-05 5.475e-05 9.24e-05 5.54e-05 0.00011045 5.435e-05 5.655e-05 5.485e-05 0.0001075 8.34e-05 7.635e-05 5.86e-05 8.555e-05 5.495e-05 9.805e-05 8.35e-05 0.00011075 0.00011095 5.69e-05 6.31e-05 9.665e-05 0.00010825 0.0001128 6.34e-05 5.5e-05 9.935e-05 5.6e-05 5.695e-05 0.0001143 0.00011125 8.45e-05 5.615e-05 5.415e-05 8.595e-05 8.47e-05 5.56e-05 8.595e-05 5.55e-05 0.0001133 8.63e-05 8.345e-05 5.4e-05 7.98e-05 8.385e-05 5.595e-05 0.00010565 5.6e-05 6.38e-05 5.565e-05 8.545e-05 0.0001127 5.53e-05 8.525e-05 6.33e-05 0.00010635
8 9.81e-05 5.72e-05 5.52e-05 5.27e-05 5.57e-05 0.00012465 0.0001363 5.56e-05 5.77e-05 5.595e-05 0.00010995 0.0001009 8.4e-05 6.59e-05 0.0001903 6.23e-05 5.775e-05 5.455e-05 5.39e-05 6.505e-05 8.34e-05 5.735e-05 8.115e-05 2.96e-05 7.8e-05 0.0001182 5.72e-05 5.71e-05 0.0001082 0.0001103 2.96e-05 4.65e-05 4.635e-05 8.96e-05 8.44e-05 0.00016455 0.0001343 5.72e-05 0.00011875 5.71e-05 5.475e-05 0.00011135 8.885e-05 6.435e-05 0.0001105 4.64e-05 4.64e-05 0.000108 2.925e-05 0.0001187 5.585e-05 5.63e-05 4.665e-05 0.00010735 7.4e-05 9.195e-05 6.575e-05 0.0001116 2.99e-05 0.0001049 7.39e-05 0.00011895 0.00013745 8.21e-05 5.38e-05 0.00012215 0.00010985 0.0001287 5.37e-05 2.985e-05 0.000115 3.81e-05 6.39e-05 0.0001043 0.00013775 8.345e-05 3.835e-05 5.58e-05 0.0001014 7.365e-05 4.65e-05 0.0001114 5.6e-05 0.0001043 0.00011175 8.385e-05 2.96e-05 7.05e-05 0.0001006 6.425e-05 0.0001053 3.81e-05 8.045e-05 7.865e-05 9.265e-05 0.0001382 5.36e-05 8.245e-05 5.38e-05 8.055e-05
9 9.28e-05 5.8e-05 5.68e-05 6.38e-05 5.515e-05 0.0001004 0.0001088 5.5e-05 5.595e-05 0.0001079 0.00010965 8.435e-05 8.495e-05 5.87e-05 0.0001629 6.485e-05 5.795e-05 5.565e-05 6.445e-05 7.395e-05 5.715e-05 5.815e-05 5.895e-05 5.61e-05 7.26e-05 0.0001128 5.8e-05 5.79e-05 8.615e-05 8.505e-05 5.61e-05 5.55e-05 7.23e-05 7.295e-05 5.95e-05 0.00013855 0.00013515 5.8e-05 0.0001109 5.81e-05 5.605e-05 8.66e-05 0.00010785 5.58e-05 0.00010885 5.54e-05 5.54e-05 9.3e-05 5.705e-05 0.00011025 5.53e-05 5.52e-05 5.565e-05 0.00010805 8.465e-05 7.625e-05 5.855e-05 8.635e-05 5.52e-05 9.79e-05 8.455e-05 0.0001111 0.0001113 5.725e-05 6.435e-05 9.685e-05 0.0001094 0.00011385 6.44e-05 5.495e-05 0.0001005 5.64e-05 5.7e-05 0.00011475 0.0001116 8.57e-05 5.745e-05 5.525e-05 8.635e-05 8.56e-05 5.62e-05 8.665e-05 5.63e-05 0.000114 8.7e-05 8.48e-05 5.61e-05 8.05e-05 8.405e-05 5.55e-05 0.00010605 5.66e-05 6.395e-05 5.65e-05 8.56e-05 0.0001136 5.71e-05 8.51e-05 6.435e-05 0.00010575
10 0.000146 0.00010995 0.00011015 0.00011625 0.00010875 0.00014725 0.0001089 0.0001087 0.00010995 0.00010965 0.0002145 0.0001375 0.0001369 0.00011185 0.0001074 0.0001185 0.000111 0.00010845 0.0001169 0.00010945 0.000111 0.0001101 0.000111 0.0001078 0.0001258 0.00016615 0.00010995 0.00010985 0.0001382 0.00013815 0.0001078 0.0001084 0.0001189 0.000109 0.0001119 0.00013665 0.0001373 0.00010995 0.00010935 0.00010995 0.000108 0.0001388 0.0001102 0.00011035 0.00010875 0.0001083 0.0001083 0.0001457 0.0001087 0.0001093 0.0001089 0.00011005 0.00010855 0.0001104 0.0001371 0.00012985 0.0001117 0.0001384 0.0001086 0.0001334 0.000137 0.0001094 0.00010975 0.00011 0.0001168 0.00014995 0.0001076 0.00016595 0.0001166 0.00010865 0.00014725 0.0001095 0.0001102 0.0001174 0.0001097 0.0001376 0.0001096 0.00010885 0.00013905 0.000138 0.00010895 0.00013885 0.00010915 0.0001432 0.0001392 0.00013675 0.0001078 0.00012785 0.0001372 0.0001105 0.00010875 0.0001095 0.0001171 0.00010895 0.00013875 0.0001658 0.0001089 0.00013875 0.0001168 0.00010945
11 4.635e-05 6.01e-05 5.02e-05 6.09e-05 8.42e-05 8.19e-05 0.00014645 8.415e-05 0.0001009 8.435e-05 0.0001375 8.18e-05 5.81e-05 5.27e-05 0.00019935 5.385e-05 6.08e-05 5.915e-05 6.155e-05 7.675e-05 6.905e-05 6.025e-05 4.4e-05 7.535e-05 4.755e-05 4.55e-05 6.01e-05 6e-05 4.235e-05 4.18e-05 7.535e-05 5.815e-05 0.00011515 5.97e-05 4.39e-05 0.0001203 0.00013315 6.01e-05 0.0001295 6.015e-05 5.895e-05 4.295e-05 0.00014235 6.84e-05 0.00013765 5.805e-05 5.815e-05 4.435e-05 7.545e-05 0.00013 8.435e-05 5.895e-05 5.83e-05 0.0001341 6.035e-05 4.47e-05 5.255e-05 4.315e-05 7.54e-05 7.83e-05 6.025e-05 0.0001297 0.000122 4.34e-05 6.145e-05 4.17e-05 0.00013725 4.29e-05 6.15e-05 7.545e-05 8.33e-05 6.765e-05 5.155e-05 0.00013635 0.0001223 5.835e-05 6.745e-05 8.43e-05 4.49e-05 6.045e-05 5.83e-05 4.3e-05 5.88e-05 0.00013485 4.335e-05 5.83e-05 7.535e-05 0.0001012 4.105e-05 7.655e-05 0.00013385 6.775e-05 4.54e-05 4.275e-05 5.065e-05 4.1e-05 5.93e-05 5.27e-05 6.145e-05 0.00015055
12 6.165e-05 5.91e-05 5.94e-05 5.915e-05 8.365e-05 9.775e-05 0.0001637 8.345e-05 8.4e-05 8.495e-05 0.0001369 5.81e-05 0.0001129 6.11e-05 0.0002165 6.165e-05 6.055e-05 5.805e-05 5.98e-05 7.715e-05 8.595e-05 5.925e-05 5.98e-05 5.675e-05 6.28e-05 6.045e-05 5.91e-05 5.885e-05 5.77e-05 5.835e-05 5.675e-05 5.835e-05 9.765e-05 7.75e-05 6.035e-05 0.00013665 0.00013205 5.895e-05 0.00013785 5.925e-05 5.78e-05 5.895e-05 0.00013325 7.725e-05 0.00013815 5.81e-05 5.825e-05 5.975e-05 5.76e-05 0.00013875 8.38e-05 5.965e-05 5.835e-05 0.00013345 5.865e-05 6.085e-05 6.095e-05 5.895e-05 5.795e-05 9.53e-05 5.87e-05 0.00013805 0.0001388 6.015e-05 5.97e-05 5.8e-05 0.00013645 5.765e-05 5.995e-05 5.8e-05 9.835e-05 5.87e-05 5.99e-05 0.0001351 0.0001391 5.75e-05 5.785e-05 8.36e-05 6.08e-05 5.95e-05 5.87e-05 5.9e-05 5.82e-05 0.0001338 5.935e-05 5.685e-05 5.66e-05 0.00010055 5.815e-05 8.55e-05 0.0001335 5.87e-05 6.17e-05 5.885e-05 5.86e-05 5.655e-05 5.75e-05 6.055e-05 5.985e-05 0.0001336
13 5.985e-05 3.21e-05 2.41e-05 3.92e-05 5.88e-05 9.33e-05 0.00012925 5.875e-05 6.59e-05 5.87e-05 0.00011185 5.27e-05 6.11e-05 4.49e-05 0.0001819 3.135e-05 3.21e-05 3.395e-05 4.1e-05 5.105e-05 4.95e-05 3.195e-05 2.325e-05 4.15e-05 4.03e-05 8.01e-05 3.18e-05 3.19e-05 5.235e-05 5.17e-05 4.15e-05 3.31e-05 8.125e-05 4.29e-05 2.355e-05 0.0001315 0.0001356 3.225e-05 0.0001028 3.185e-05 3.385e-05 5.16e-05 0.00010725 4.105e-05 0.00011175 3.3e-05 3.3e-05 6.03e-05 4.08e-05 0.0001024 5.895e-05 3.21e-05 3.325e-05 0.00010755 6.055e-05 4.39e-05 2.275e-05 5.235e-05 4.13e-05 6.66e-05 6.045e-05 0.000103 0.0001022 2.405e-05 4.09e-05 6.41e-05 0.0001116 8.08e-05 4.095e-05 4.135e-05 9.345e-05 3.21e-05 2.46e-05 0.0001156 0.0001025 6.02e-05 3.255e-05 5.89e-05 5.11e-05 5.985e-05 3.29e-05 5.15e-05 3.22e-05 0.0001147 5.155e-05 6.095e-05 4.15e-05 8.06e-05 5.24e-05 4.945e-05 0.00010845 3.195e-05 3.325e-05 2.465e-05 5.17e-05 8.05e-05 3.255e-05 5.095e-05 4.09e-05 0.00011625
14 0.0002185 0.00018885 0.00018995 0.0002057 0.00016275 0.00017135 5.62e-05 0.0001627 0.0001903 0.0001629 0.0001074 0.00019935 0.0002165 0.0001819 7e-07 0.0001991 0.000189 0.0001894 0.00020635 0.00017965 0.0001375 0.000189 0.0001661 0.0002142 0.0001983 0.00023885 0.00018885 0.00018875 0.000194 0.00019095 0.0002142 0.00019705 0.0001944 0.0001539 0.0001641 0.00010975 0.00014175 0.00018885 0.0001002 0.000189 0.0001888 0.0001909 0.0001326 0.00016365 0.0001077 0.00019695 0.00019695 0.00020835 0.00021495 0.00010035 0.0001629 0.0001889 0.0001972 0.00011495 0.00022655 0.00019255 0.00018175 0.0001903 0.00021425 0.00018705 0.00022645 0.00010045 8.195e-05 0.00016295 0.00020625 0.0002028 0.0001073 0.00022875 0.0002063 0.0002143 0.00018135 0.00020695 0.0001818 0.0001317 8.21e-05 0.00021705 0.00020715 0.00016285 0.000201 0.0002273 0.0001975 0.00019095 0.00018875 0.00018395 0.0001913 0.00021635 0.0002142 0.0001864 0.00019905 0.00015555 0.00011405 0.00020705 0.00017855 0.00016545 0.0002095 0.0002186 0.0001915 0.00021935 0.00020625 0.00013995
15 4.09e-05 4.05e-05 2.165e-05 2.85e-05 6.505e-05 0.0001029 0.00014605 6.5e-05 6.23e-05 6.485e-05 0.0001185 5.385e-05 6.165e-05 3.135e-05 0.0001991 3.79e-05 4.035e-05 3.87e-05 2.84e-05 4.88e-05 6.805e-05 4.065e-05 4.045e-05 3.76e-05 1.94e-05 6.33e-05 4.05e-05 4.04e-05 6.185e-05 6.295e-05 3.76e-05 2.98e-05 7.775e-05 4.875e-05 4.315e-05 0.0001426 0.0001367 4.05e-05 0.0001103 4.055e-05 3.88e-05 6.43e-05 0.00010475 4.745e-05 0.0001183 2.97e-05 2.97e-05 5.215e-05 3.7e-05 0.00010925 6.52e-05 3.88e-05 2.995e-05 0.00011555 5.03e-05 4.17e-05 3.12e-05 6.47e-05 3.73e-05 5.595e-05 5.02e-05 0.0001105 0.00012115 4.11e-05 2.85e-05 7.485e-05 0.00011825 7.575e-05 2.855e-05 3.735e-05 9.3e-05 2.84e-05 3.035e-05 0.00010355 0.00012145 6.085e-05 2.95e-05 6.515e-05 5.3e-05 4.97e-05 2.985e-05 6.435e-05 3.9e-05 0.0001042 6.47e-05 6.15e-05 3.76e-05 6.84e-05 5.355e-05 5.59e-05 0.00011375 2.825e-05 3.08e-05 3.835e-05 5.245e-05 8.55e-05 3.76e-05 4.09e-05 2.85e-05 0.0001128
16 6.635e-05 3.135e-05 3.335e-05 3.87e-05 5.795e-05 0.0001008 0.00013635 5.79e-05 5.775e-05 5.795e-05 0.000111 6.08e-05 6.055e-05 3.21e-05 0.000189 4.035e-05 5.95e-05 3.295e-05 3.98e-05 5.055e-05 5.67e-05 3.14e-05 3.11e-05 3.27e-05 4.65e-05 8.615e-05 3.125e-05 3.115e-05 6.04e-05 6.02e-05 3.27e-05 3.295e-05 7.305e-05 5.1e-05 3.16e-05 0.0001389 0.0001347 3.15e-05 0.00011135 3.13e-05 3.31e-05 5.91e-05 0.0001075 5.04e-05 0.0001109 3.285e-05 3.285e-05 6.735e-05 3.315e-05 0.00011175 5.81e-05 3.245e-05 3.31e-05 0.0001072 5.945e-05 5.155e-05 3.22e-05 5.96e-05 3.25e-05 7.5e-05 5.935e-05 0.00011155 0.0001094 3.155e-05 3.96e-05 7.25e-05 0.00011075 8.83e-05 3.965e-05 3.265e-05 0.00010075 3.325e-05 3.38e-05 0.00011405 0.0001097 6.08e-05 3.315e-05 5.805e-05 5.805e-05 5.99e-05 3.335e-05 5.9e-05 3.245e-05 0.00011455 5.925e-05 6.04e-05 3.27e-05 8e-05 6.05e-05 5.855e-05 0.00010755 3.335e-05 3.99e-05 3.27e-05 6.135e-05 8.82e-05 3.235e-05 6.005e-05 3.96e-05 0.0001071
17 6.66e-05 3.18e-05 3.05e-05 3.605e-05 5.495e-05 9.905e-05 0.00013635 5.475e-05 5.455e-05 5.565e-05 0.00010845 5.915e-05 5.805e-05 3.395e-05 0.0001894 3.87e-05 3.295e-05 5.33e-05 3.67e-05 4.715e-05 5.975e-05 3.195e-05 3.31e-05 2.695e-05 4.64e-05 8.64e-05 3.18e-05 3.155e-05 5.975e-05 6.105e-05 2.695e-05 2.805e-05 6.845e-05 4.655e-05 3.575e-05 0.00013955 0.0001334 3.165e-05 0.0001108 3.195e-05 2.79e-05 6.265e-05 0.000105 4.865e-05 0.0001091 2.78e-05 2.795e-05 6.765e-05 2.84e-05 0.00011045 5.51e-05 3.075e-05 2.805e-05 0.0001065 5.69e-05 5.135e-05 3.38e-05 6.255e-05 2.755e-05 7.18e-05 5.695e-05 0.000111 0.00011285 3.21e-05 3.66e-05 7.28e-05 0.000108 8.805e-05 3.685e-05 2.76e-05 9.785e-05 2.91e-05 3.065e-05 0.00011215 0.00011315 5.93e-05 2.945e-05 5.49e-05 6.155e-05 5.835e-05 2.905e-05 6.27e-05 2.99e-05 0.0001112 6.305e-05 5.805e-05 2.675e-05 7.805e-05 5.885e-05 5.7e-05 0.00010295 2.905e-05 3.955e-05 2.89e-05 6.03e-05 8.91e-05 2.83e-05 5.895e-05 3.675e-05 0.00010335
18 4.865e-05 3.925e-05 3.04e-05 2.78e-05 6.345e-05 0.0001096 0.00015335 6.325e-05 5.39e-05 6.445e-05 0.0001169 6.155e-05 5.98e-05 4.1e-05 0.00020635 2.84e-05 3.98e-05 3.67e-05 5.32e-05 4.79e-05 7.575e-05 3.94e-05 4.795e-05 2.685e-05 2.705e-05 7.075e-05 3.925e-05 3.9e-05 6.89e-05 7.105e-05 2.69e-05 2.865e-05 6.815e-05 5.65e-05 5.12e-05 0.0001498 0.00013525 3.91e-05 0.00011855 3.94e-05 3.665e-05 7.19e-05 0.00010435 5.675e-05 0.00011785 2.84e-05 2.855e-05 5.955e-05 2.775e-05 0.0001185 6.36e-05 3.925e-05 2.855e-05 0.00011455 4.88e-05 4.995e-05 4.085e-05 7.195e-05 2.78e-05 6.395e-05 4.885e-05 0.00011875 0.0001288 4.875e-05 2.69e-05 8.285e-05 0.00011645 8.26e-05 2.715e-05 2.785e-05 9.94e-05 2.86e-05 3.895e-05 0.00010235 0.0001291 6.045e-05 2.865e-05 6.34e-05 6.095e-05 4.965e-05 2.935e-05 7.195e-05 3.805e-05 0.0001032 7.23e-05 5.98e-05 2.675e-05 6.79e-05 6.125e-05 6.505e-05 0.00011235 2.86e-05 3.835e-05 4.545e-05 6.165e-05 9.265e-05 3.555e-05 5.045e-05 2.705e-05 0.0001037
19 7.68e-05 4.985e-05 3.945e-05 4.725e-05 7.395e-05 0.00012505 0.00014455 7.39e-05 6.505e-05 7.395e-05 0.00010945 7.675e-05 7.715e-05 5.105e-05 0.00017965 4.88e-05 5.055e-05 4.715e-05 4.79e-05 7.36e-05 8.495e-05 5e-05 5.785e-05 3.895e-05 5.665e-05 9.695e-05 4.985e-05 4.975e-05 8.54e-05 8.7e-05 3.895e-05 3.855e-05 7.935e-05 4.635e-05 6.035e-05 0.0001477 0.00013625 4.985e-05 0.0001103 4.99e-05 4.71e-05 8.78e-05 9.92e-05 6.68e-05 0.00010945 3.845e-05 3.845e-05 8.58e-05 3.965e-05 0.00011055 7.41e-05 4.89e-05 3.87e-05 0.0001088 6.805e-05 6.965e-05 5.09e-05 8.79e-05 3.885e-05 6.27e-05 6.795e-05 0.0001105 0.0001201 5.8e-05 4.78e-05 9.9e-05 0.0001092 0.00010615 4.785e-05 3.89e-05 0.0001159 3.985e-05 4.81e-05 0.0001071 0.0001204 7.765e-05 3.99e-05 7.405e-05 7.875e-05 6.875e-05 3.925e-05 8.785e-05 4.89e-05 0.00010305 8.82e-05 7.7e-05 3.895e-05 8.815e-05 7.645e-05 7.49e-05 0.0001067 3.995e-05 5.805e-05 5.53e-05 7.83e-05 0.00011515 4.7e-05 6.9e-05 4.78e-05 9.84e-05
20 8.675e-05 5.685e-05 5.945e-05 7.485e-05 5.685e-05 7.64e-05 8.375e-05 5.685e-05 8.34e-05 5.715e-05 0.000111 6.905e-05 8.595e-05 4.95e-05 0.0001375 6.805e-05 5.67e-05 5.975e-05 7.575e-05 8.495e-05 5.87e-05 5.705e-05 3.3e-05 8.42e-05 6.71e-05 0.0001069 5.69e-05 5.68e-05 6.215e-05 5.945e-05 8.42e-05 6.73e-05 9.935e-05 5.98e-05 3.105e-05 0.0001128 0.00013585 5.705e-05 0.0001031 5.7e-05 5.935e-05 5.855e-05 0.0001265 4.945e-05 0.00011125 6.72e-05 6.72e-05 7.72e-05 8.445e-05 0.0001035 5.7e-05 5.805e-05 6.745e-05 0.00010835 9.54e-05 6.15e-05 4.95e-05 5.88e-05 8.435e-05 9.305e-05 9.53e-05 0.0001033 8.345e-05 3.17e-05 7.565e-05 7.18e-05 0.00011075 9.755e-05 7.57e-05 8.44e-05 8.63e-05 7.65e-05 5.17e-05 0.00012575 8.37e-05 8.6e-05 7.64e-05 5.695e-05 6.805e-05 9.565e-05 6.745e-05 5.84e-05 5.78e-05 0.0001248 5.88e-05 8.58e-05 8.42e-05 9.075e-05 6.875e-05 4.92e-05 0.0001094 7.66e-05 4.91e-05 3.515e-05 7.85e-05 8.75e-05 6.02e-05 8.775e-05 7.565e-05 0.0001347
21 6.745e-05 3.06e-05 3.27e-05 3.85e-05 5.695e-05 9.985e-05 0.0001364 5.7e-05 5.735e-05 5.815e-05 0.0001101 6.025e-05 5.925e-05 3.195e-05 0.000189 4.065e-05 3.14e-05 3.195e-05 3.94e-05 5e-05 5.705e-05 6.07e-05 3.06e-05 3.07e-05 4.78e-05 8.74e-05 3.04e-05 3.05e-05 5.925e-05 5.965e-05 3.07e-05 3.17e-05 7.14e-05 5.05e-05 3.145e-05 0.00013855 0.000134 3.085e-05 0.0001109 3.055e-05 3.155e-05 5.905e-05 0.0001067 5.02e-05 0.00011115 3.17e-05 3.155e-05 6.755e-05 3.13e-05 0.0001115 5.72e-05 3.24e-05 3.195e-05 0.0001064 5.905e-05 5.2e-05 3.225e-05 5.945e-05 3.18e-05 7.445e-05 5.885e-05 0.0001111 0.0001097 3.155e-05 3.93e-05 7.195e-05 0.0001098 8.75e-05 3.94e-05 3.185e-05 9.97e-05 3.205e-05 3.305e-05 0.00011425 0.00011 5.965e-05 3.175e-05 5.715e-05 5.89e-05 5.965e-05 3.225e-05 5.895e-05 3.13e-05 0.00011355 5.895e-05 5.9e-05 3.08e-05 7.995e-05 5.995e-05 5.845e-05 0.0001069 3.205e-05 4.065e-05 3.16e-05 6.075e-05 8.75e-05 3.06e-05 6.035e-05 3.92e-05 0.000107
22 5.92e-05 3.05e-05 3.195e-05 4.68e-05 5.8e-05 7.655e-05 0.0001135 5.795e-05 8.115e-05 5.895e-05 0.000111 4.4e-05 5.98e-05 2.325e-05 0.0001661 4.045e-05 3.11e-05 3.31e-05 4.795e-05 5.785e-05 3.3e-05 3.06e-05 1.03e-05 5.56e-05 4.01e-05 7.915e-05 3.045e-05 3.035e-05 3.48e-05 3.52e-05 5.56e-05 3.98e-05 9.56e-05 3.465e-05 6.25e-06 0.00011525 0.0001344 3.065e-05 0.0001031 3.05e-05 3.25e-05 3.45e-05 0.0001226 4.24e-05 0.00011195 3.97e-05 3.97e-05 5.185e-05 5.535e-05 0.0001037 5.815e-05 3.205e-05 3.995e-05 0.00010605 6.705e-05 3.61e-05 2.33e-05 3.56e-05 5.645e-05 6.62e-05 6.695e-05 0.0001033 8.565e-05 7.5e-06 4.785e-05 4.805e-05 0.00011075 7.17e-05 4.79e-05 5.65e-05 8.43e-05 4.82e-05 2.525e-05 0.00012265 8.595e-05 5.935e-05 4.78e-05 5.81e-05 4.19e-05 6.68e-05 3.965e-05 3.45e-05 3.11e-05 0.00012185 3.48e-05 5.965e-05 5.56e-05 8.78e-05 4.37e-05 5.065e-05 0.0001077 4.82e-05 2.535e-05 7.55e-06 5.255e-05 6.38e-05 3.04e-05 5.96e-05 4.785e-05 0.0001315
23 7.32e-05 3.055e-05 3.005e-05 2.625e-05 5.425e-05 0.00012285 0.00016125 5.415e-05 2.96e-05 5.61e-05 0.0001078 7.535e-05 5.675e-05 4.15e-05 0.0002142 3.76e-05 3.27e-05 2.695e-05 2.685e-05 3.895e-05 8.42e-05 3.07e-05 5.56e-05 9e-07 5.3e-05 9.315e-05 3.065e-05 3.04e-05 8.21e-05 8.505e-05 6.5e-07 1.925e-05 4.29e-05 6.38e-05 5.94e-05 0.00016375 0.00013255 3.05e-05 0.00011835 3.09e-05 2.68e-05 8.64e-05 8.75e-05 5.675e-05 0.00010945 1.91e-05 1.915e-05 8.275e-05 2.25e-06 0.00011845 5.45e-05 3.09e-05 1.93e-05 0.00010555 4.71e-05 6.685e-05 4.135e-05 8.62e-05 2.4e-06 7.945e-05 4.705e-05 0.00011855 0.0001372 5.675e-05 2.68e-05 9.68e-05 0.0001073 0.00010275 2.71e-05 2.45e-06 0.00011275 1.155e-05 3.83e-05 0.0001028 0.0001375 5.815e-05 1.145e-05 5.43e-05 7.68e-05 4.87e-05 2.04e-05 8.645e-05 2.895e-05 0.00010205 8.68e-05 5.665e-05 6e-07 6.9e-05 7.505e-05 6.515e-05 0.00010315 1.145e-05 5.535e-05 5.215e-05 6.77e-05 0.0001127 2.57e-05 5.785e-05 2.685e-05 7.865e-05
24 2.44e-05 4.765e-05 3.055e-05 2.91e-05 7.235e-05 9.615e-05 0.00014525 7.23e-05 7.8e-05 7.26e-05 0.0001258 4.755e-05 6.28e-05 4.03e-05 0.0001983 1.94e-05 4.65e-05 4.64e-05 2.705e-05 5.665e-05 6.71e-05 4.78e-05 4.01e-05 5.3e-05 1e-07 4.835e-05 4.765e-05 4.755e-05 5.55e-05 5.685e-05 5.3e-05 3.775e-05 9.31e-05 4.9e-05 4.28e-05 0.00013565 0.00013775 4.765e-05 0.00011855 4.77e-05 4.63e-05 5.72e-05 0.000121 5.655e-05 0.00012605 3.765e-05 3.765e-05 3.655e-05 5.295e-05 0.00011835 7.25e-05 4.74e-05 3.79e-05 0.00012335 5.055e-05 3.245e-05 4.015e-05 5.75e-05 5.315e-05 4.825e-05 5.045e-05 0.00011875 0.0001202 4.055e-05 2.655e-05 6.87e-05 0.00012555 6.225e-05 2.66e-05 5.32e-05 8.585e-05 4.535e-05 3.94e-05 0.0001021 0.0001205 6.255e-05 4.585e-05 7.245e-05 4.5e-05 5.05e-05 3.81e-05 5.725e-05 4.715e-05 0.00010415 5.76e-05 6.265e-05 5.3e-05 6.7e-05 4.725e-05 6.475e-05 0.00012135 4.545e-05 2.075e-05 3.855e-05 5.54e-05 7.24e-05 4.55e-05 4.295e-05 2.655e-05 0.00012855
25 2.45e-05 8.725e-05 7.12e-05 7.025e-05 0.0001127 9.4e-05 0.0001858 0.00011265 0.0001182 0.0001128 0.00016615 4.55e-05 6.045e-05 8.01e-05 0.00023885 6.33e-05 8.615e-05 8.64e-05 7.075e-05 9.695e-05 0.0001069 8.74e-05 7.915e-05 9.315e-05 4.835e-05 1.8e-06 8.725e-05 8.715e-05 5.26e-05 5.395e-05 9.315e-05 7.82e-05 0.00013325 8.965e-05 8.185e-05 0.0001335 0.00013525 8.725e-05 0.0001591 8.73e-05 8.665e-05 5.43e-05 0.0001612 9.71e-05 0.00016625 7.81e-05 7.81e-05 3.775e-05 9.33e-05 0.0001589 0.00011285 8.685e-05 7.835e-05 0.0001628 4.71e-05 5.345e-05 7.995e-05 5.495e-05 9.315e-05 9.165e-05 4.7e-05 0.0001593 0.00016 8.035e-05 7.075e-05 4.315e-05 0.0001659 1.66e-05 7.08e-05 9.32e-05 8.29e-05 8.57e-05 7.995e-05 0.00014565 0.0001603 6.04e-05 8.62e-05 0.0001128 4.1e-05 4.725e-05 7.825e-05 5.435e-05 8.675e-05 0.0001462 5.47e-05 6.03e-05 9.315e-05 0.0001107 4.52e-05 0.0001053 0.00016155 8.58e-05 6.515e-05 7.835e-05 5.325e-05 2.755e-05 8.51e-05 3.97e-05 7.075e-05 0.0001684
26 6.73e-05 3.055e-05 3.255e-05 3.835e-05 5.69e-05 9.97e-05 0.00013625 5.685e-05 5.72e-05 5.8e-05 0.00010995 6.01e-05 5.91e-05 3.18e-05 0.00018885 4.05e-05 3.125e-05 3.18e-05 3.925e-05 4.985e-05 5.69e-05 3.04e-05 3.045e-05 3.065e-05 4.765e-05 8.725e-05 6.04e-05 3.035e-05 5.91e-05 5.95e-05 3.065e-05 3.165e-05 7.135e-05 5.035e-05 3.13e-05 0.0001384 0.00013385 3.07e-05 0.00011075 3.04e-05 3.14e-05 5.89e-05 0.00010655 5.005e-05 0.000111 3.155e-05 3.155e-05 6.74e-05 3.125e-05 0.00011135 5.705e-05 3.225e-05 3.18e-05 0.00010625 5.89e-05 5.185e-05 3.21e-05 5.93e-05 3.165e-05 7.43e-05 5.88e-05 0.00011095 0.00010955 3.14e-05 3.915e-05 7.18e-05 0.00010965 8.735e-05 3.925e-05 3.17e-05 9.955e-05 3.2e-05 3.29e-05 0.0001141 0.00010985 5.95e-05 3.16e-05 5.7e-05 5.875e-05 5.95e-05 3.21e-05 5.88e-05 3.115e-05 0.0001134 5.885e-05 5.895e-05 3.065e-05 7.98e-05 5.98e-05 5.83e-05 0.00010675 3.2e-05 4.05e-05 3.145e-05 6.06e-05 8.735e-05 3.045e-05 6.02e-05 3.915e-05 0.00010685
27 6.72e-05 3.045e-05 3.245e-05 3.81e-05 5.68e-05 9.96e-05 0.00013615 5.66e-05 5.71e-05 5.79e-05 0.00010985 6e-05 5.885e-05 3.19e-05 0.00018875 4.04e-05 3.115e-05 3.155e-05 3.9e-05 4.975e-05 5.68e-05 3.05e-05 3.035e-05 3.04e-05 4.755e-05 8.715e-05 3.035e-05 6.02e-05 5.9e-05 5.94e-05 3.04e-05 3.155e-05 7.125e-05 5.025e-05 3.12e-05 0.0001383 0.00013375 3.045e-05 0.00011065 3.05e-05 3.13e-05 5.88e-05 0.00010645 4.995e-05 0.0001109 3.13e-05 3.145e-05 6.73e-05 3.115e-05 0.00011125 5.695e-05 3.215e-05 3.155e-05 0.00010615 5.865e-05 5.175e-05 3.2e-05 5.92e-05 3.14e-05 7.42e-05 5.87e-05 0.00011085 0.00010945 3.13e-05 3.89e-05 7.17e-05 0.0001094 8.725e-05 3.915e-05 3.145e-05 9.945e-05 3.19e-05 3.28e-05 0.000114 0.00010975 5.94e-05 3.135e-05 5.675e-05 5.865e-05 5.94e-05 3.2e-05 5.87e-05 3.09e-05 0.0001133 5.895e-05 5.885e-05 3.025e-05 7.97e-05 5.97e-05 5.82e-05 0.00010665 3.19e-05 4.04e-05 3.135e-05 6.05e-05 8.725e-05 3.02e-05 6.01e-05 3.905e-05 0.00010675
28 5.38e-05 5.915e-05 5.905e-05 6.8e-05 8.5e-05 7.485e-05 0.0001412 8.495e-05 0.0001082 8.615e-05 0.0001382 4.235e-05 5.77e-05 5.235e-05 0.000194 6.185e-05 6.04e-05 5.975e-05 6.89e-05 8.54e-05 6.215e-05 5.925e-05 3.48e-05 8.21e-05 5.55e-05 5.26e-05 5.91e-05 5.9e-05 6.63e-05 3.43e-05 8.21e-05 6.675e-05 0.00012215 6.205e-05 3.555e-05 0.00011385 0.00013285 5.93e-05 0.00013045 5.915e-05 5.915e-05 3.49e-05 0.00014955 6.985e-05 0.00013935 6.665e-05 6.665e-05 4.445e-05 8.195e-05 0.00013135 8.515e-05 5.97e-05 6.69e-05 0.0001335 6.72e-05 4.535e-05 5.24e-05 3.55e-05 8.315e-05 8.745e-05 6.71e-05 0.00013065 0.000115 3.635e-05 6.88e-05 3.45e-05 0.00013795 4.225e-05 6.885e-05 8.32e-05 8.335e-05 7.515e-05 5.25e-05 0.0001439 0.0001153 5.76e-05 7.445e-05 8.51e-05 4.42e-05 6.705e-05 6.65e-05 3.48e-05 5.855e-05 0.0001425 3.51e-05 5.78e-05 8.21e-05 0.0001088 4.23e-05 7.81e-05 0.0001347 7.515e-05 4.68e-05 3.5e-05 5.09e-05 3.335e-05 5.765e-05 6.02e-05 6.88e-05 0.0001585
29 5.515e-05 5.95e-05 6.015e-05 7.015e-05 8.49e-05 7.375e-05 0.0001381 8.485e-05 0.0001103 8.505e-05 0.00013815 4.18e-05 5.835e-05 5.17e-05 0.00019095 6.295e-05 6.02e-05 6.105e-05 7.105e-05 8.7e-05 5.945e-05 5.965e-05 3.52e-05 8.505e-05 5.685e-05 5.395e-05 5.95e-05 5.94e-05 3.43e-05 6.2e-05 8.505e-05 6.85e-05 0.0001247 6.22e-05 3.3e-05 0.0001115 0.00013305 5.95e-05 0.00012975 5.955e-05 6.09e-05 3.255e-05 0.00015165 6.87e-05 0.0001383 6.84e-05 6.84e-05 4.405e-05 8.49e-05 0.00013025 8.505e-05 5.825e-05 6.865e-05 0.0001335 6.935e-05 4.395e-05 5.155e-05 3.315e-05 8.51e-05 8.835e-05 6.925e-05 0.00012995 0.00011235 3.505e-05 7.095e-05 3.135e-05 0.0001379 4.205e-05 7.1e-05 8.515e-05 8.45e-05 7.695e-05 5.31e-05 0.00014585 0.00011265 5.8e-05 7.675e-05 8.5e-05 4.36e-05 6.92e-05 6.825e-05 3.26e-05 5.81e-05 0.0001442 3.295e-05 5.82e-05 8.505e-05 0.00011055 4.15e-05 7.685e-05 0.0001358 7.705e-05 4.585e-05 3.65e-05 5.05e-05 3.145e-05 6.08e-05 6.13e-05 7.095e-05 0.00016025
30 7.32e-05 3.045e-05 3.005e-05 2.625e-05 5.425e-05 0.00012285 0.00016125 5.415e-05 2.96e-05 5.61e-05 0.0001078 7.535e-05 5.675e-05 4.15e-05 0.0002142 3.76e-05 3.27e-05 2.695e-05 2.69e-05 3.895e-05 8.42e-05 3.07e-05 5.56e-05 6.5e-07 5.3e-05 9.315e-05 3.065e-05 3.04e-05 8.21e-05 8.505e-05 9e-07 1.915e-05 4.28e-05 6.38e-05 5.94e-05 0.00016375 0.00013255 3.05e-05 0.00011835 3.09e-05 2.68e-05 8.64e-05 8.75e-05 5.675e-05 0.00010945 1.91e-05 1.915e-05 8.275e-05 2.15e-06 0.00011845 5.45e-05 3.09e-05 1.935e-05 0.00010555 4.71e-05 6.685e-05 4.135e-05 8.62e-05 2.4e-06 7.945e-05 4.695e-05 0.00011855 0.0001372 5.675e-05 2.68e-05 9.68e-05 0.0001073 0.00010275 2.71e-05 2.45e-06 0.00011275 1.145e-05 3.83e-05 0.0001028 0.0001375 5.815e-05 1.15e-05 5.425e-05 7.68e-05 4.87e-05 2.04e-05 8.645e-05 2.9e-05 0.00010205 8.68e-05 5.665e-05 6e-07 6.9e-05 7.505e-05 6.515e-05 0.00010315 1.135e-05 5.535e-05 5.215e-05 6.77e-05 0.0001127 2.575e-05 5.785e-05 2.675e-05 7.865e-05
31 5.79e-05 3.145e-05 2.085e-05 2.8e-05 5.48e-05 0.000107 0.000144 5.485e-05 4.65e-05 5.55e-05 0.0001084 5.815e-05 5.835e-05 3.31e-05 0.00019705 2.98e-05 3.295e-05 2.805e-05 2.865e-05 3.855e-05 6.73e-05 3.17e-05 3.98e-05 1.925e-05 3.775e-05 7.82e-05 3.165e-05 3.155e-05 6.675e-05 6.85e-05 1.915e-05 3.78e-05 6.03e-05 4.6e-05 4.295e-05 0.0001474 0.00013365 3.165e-05 0.00011 3.18e-05 2.795e-05 7.04e-05 9.66e-05 4.79e-05 0.00010895 1.905e-05 1.905e-05 6.735e-05 2e-05 0.0001097 5.505e-05 3.02e-05 1.93e-05 0.0001062 4.88e-05 5.07e-05 3.295e-05 7.04e-05 1.985e-05 6.245e-05 4.85e-05 0.0001102 0.0001204 4e-05 2.855e-05 8.05e-05 0.0001081 8.8e-05 2.865e-05 1.99e-05 9.77e-05 2.035e-05 2.995e-05 0.00010405 0.0001207 5.9e-05 2.11e-05 5.5e-05 6.09e-05 4.965e-05 2e-05 7.045e-05 2.96e-05 0.0001031 7.08e-05 5.81e-05 1.935e-05 6.965e-05 5.795e-05 5.62e-05 0.0001035 2.04e-05 3.905e-05 3.605e-05 5.975e-05 9.715e-05 2.755e-05 5e-05 2.835e-05 9.56e-05
32 0.0001132 7.115e-05 6.99e-05 6.745e-05 7.08e-05 0.0001222 0.00014685 7.085e-05 4.635e-05 7.23e-05 0.0001189 0.00011515 9.765e-05 8.125e-05 0.0001944 7.775e-05 7.305e-05 6.845e-05 6.815e-05 7.935e-05 9.935e-05 7.14e-05 9.56e-05 4.29e-05 9.31e-05 0.00013325 7.135e-05 7.125e-05 0.00012215 0.0001247 4.28e-05 6.03e-05 8.51e-05 0.0001037 9.875e-05 0.00017355 0.00014305 7.135e-05 0.0001282 7.155e-05 6.76e-05 0.00012575 9.805e-05 8.05e-05 0.00012025 6.04e-05 6.03e-05 0.0001225 4.385e-05 0.00012865 7.105e-05 7.155e-05 6.065e-05 0.00011605 8.825e-05 0.0001068 8.11e-05 0.00012565 4.43e-05 0.00011935 8.795e-05 0.0001284 0.00014695 9.645e-05 6.805e-05 0.0001364 0.0001186 0.0001423 6.815e-05 4.435e-05 0.00011225 5.25e-05 7.79e-05 0.00011365 0.00014725 9.85e-05 5.245e-05 7.1e-05 0.0001164 8.93e-05 6.085e-05 0.0001258 7.015e-05 0.0001009 0.00012615 9.74e-05 4.3e-05 6.78e-05 0.00011485 8.065e-05 0.000114 5.25e-05 9.55e-05 9.255e-05 0.0001075 0.0001521 6.73e-05 9.79e-05 6.785e-05 9.015e-05
33 6.915e-05 5.035e-05 3.9e-05 5.585e-05 7.315e-05 0.0001002 0.00011845 7.31e-05 8.96e-05 7.295e-05 0.000109 5.97e-05 7.75e-05 4.29e-05 0.0001539 4.875e-05 5.1e-05 4.655e-05 5.65e-05 4.635e-05 5.98e-05 5.05e-05 3.465e-05 6.38e-05 4.9e-05 8.965e-05 5.035e-05 5.025e-05 6.205e-05 6.22e-05 6.38e-05 4.6e-05 0.0001037 5.57e-05 3.64e-05 0.00012275 0.0001379 5.035e-05 0.00010195 5.045e-05 4.66e-05 6.38e-05 0.00011745 5.73e-05 0.0001088 4.59e-05 4.59e-05 6.99e-05 6.43e-05 0.00010145 7.33e-05 4.84e-05 4.615e-05 0.0001105 7.665e-05 5.315e-05 4.275e-05 6.365e-05 6.35e-05 5.45e-05 7.655e-05 0.00010215 9.53e-05 3.225e-05 5.64e-05 7.425e-05 0.00010875 9.065e-05 5.645e-05 6.355e-05 9.97e-05 5.61e-05 3.94e-05 0.000117 9.56e-05 7.78e-05 5.685e-05 7.325e-05 6.3e-05 7.715e-05 4.645e-05 6.385e-05 4.86e-05 0.000112 6.42e-05 7.735e-05 6.38e-05 9.625e-05 5.94e-05 6.55e-05 0.00010645 5.615e-05 4.08e-05 3.035e-05 7e-05 9.1e-05 4.815e-05 6.895e-05 5.64e-05 0.00012435
34 6.19e-05 3.13e-05 3.375e-05 5.005e-05 5.905e-05 7.565e-05 0.00011165 5.9e-05 8.44e-05 5.95e-05 0.0001119 4.39e-05 6.035e-05 2.355e-05 0.0001641 4.315e-05 3.16e-05 3.575e-05 5.12e-05 6.035e-05 3.105e-05 3.145e-05 6.25e-06 5.94e-05 4.28e-05 8.185e-05 3.13e-05 3.12e-05 3.555e-05 3.3e-05 5.94e-05 4.295e-05 9.875e-05 3.64e-05 5.3e-06 0.0001129 0.0001345 3.125e-05 0.00010265 3.135e-05 3.505e-05 3.2e-05 0.0001246 4.295e-05 0.00011235 4.285e-05 4.285e-05 5.185e-05 5.915e-05 0.00010405 5.92e-05 3.26e-05 4.31e-05 0.00010545 7.03e-05 3.66e-05 2.33e-05 3.295e-05 5.975e-05 6.86e-05 7.02e-05 0.00010285 8.355e-05 7.15e-06 5.11e-05 4.585e-05 0.00011165 7.105e-05 5.115e-05 5.98e-05 8.545e-05 5.135e-05 2.67e-05 0.00012545 8.385e-05 5.99e-05 5.025e-05 5.915e-05 4.19e-05 7.005e-05 4.28e-05 3.205e-05 3.215e-05 0.00012425 3.24e-05 6.02e-05 5.94e-05 9.04e-05 4.36e-05 5.105e-05 0.0001099 5.145e-05 2.6e-05 1.04e-05 5.255e-05 6.11e-05 3.44e-05 6.23e-05 5.11e-05 0.00013435
35 0.0001345 0.0001384 0.00013955 0.00014915 0.00013805 0.0001222 0.0001114 0.000138 0.00016455 0.00013855 0.00013665 0.0001203 0.00013665 0.0001315 0.00010975 0.0001426 0.0001389 0.00013955 0.0001498 0.0001477 0.0001128 0.00013855 0.00011525 0.00016375 0.00013565 0.0001335 0.0001384 0.0001383 0.00011385 0.0001115 0.00016375 0.0001474 0.00017355 0.00012275 0.0001129 0.0002192 0.00013685 0.0001384 0.0001289 0.0001385 0.000139 0.0001114 0.000156 0.0001309 0.0001375 0.0001473 0.0001473 0.00012275 0.0001641 0.00012965 0.0001382 0.00013885 0.00014755 0.00013835 0.00014865 0.0001239 0.00013135 0.0001112 0.00016415 0.0001493 0.00014855 0.00012895 0.0001114 0.00011345 0.0001497 0.0001112 0.00013675 0.00012085 0.00014975 0.0001642 0.00013285 0.00015655 0.00013185 0.00014975 0.00011135 0.00013715 0.00015595 0.00013815 0.0001231 0.000149 0.00014745 0.00011145 0.00013835 0.00017495 0.0001118 0.00013685 0.00016375 0.00015945 0.00012035 0.0001309 0.00013915 0.00015665 0.0001235 0.0001157 0.0001297 0.0001097 0.00014065 0.0001415 0.0001497 0.00016445
36 0.0001366 0.00013385 0.0001341 0.0001346 0.00013445 0.00014255 0.0001393 0.0001344 0.0001343 0.00013515 0.0001373 0.00013315 0.00013205 0.0001356 0.00014175 0.0001367 0.0001347 0.0001334 0.00013525 0.00013625 0.00013585 0.000134 0.0001344 0.00013255 0.00013775 0.00013525 0.00013385 0.00013375 0.00013285 0.00013305 0.00013255 0.00013365 0.00014305 0.0001379 0.0001345 0.00013685 0.0002618 0.00013385 0.0001377 0.0001339 0.0001331 0.00013295 0.00013225 0.00013595 0.000138 0.00013355 0.00013355 0.0001343 0.0001331 0.00013895 0.0001346 0.00013435 0.0001338 0.00013245 0.0001341 0.0001358 0.00013545 0.00013305 0.00013315 0.0001555 0.000134 0.0001379 0.00013835 0.0001347 0.00013515 0.00013255 0.00013705 0.0001321 0.0001352 0.0001332 0.0001433 0.000134 0.0001346 0.00013435 0.00013865 0.00013225 0.00013305 0.00013455 0.0001352 0.00013465 0.00013395 0.000133 0.00013365 0.00016415 0.0001335 0.0001319 0.00013255 0.0001456 0.00013285 0.00013595 0.0001329 0.0001341 0.00013675 0.00013415 0.00013375 0.00013135 0.00013315 0.0001356 0.00013515 0.00013265
37 6.73e-05 3.07e-05 3.255e-05 3.82e-05 5.69e-05 9.97e-05 0.00013625 5.67e-05 5.72e-05 5.8e-05 0.00010995 6.01e-05 5.895e-05 3.225e-05 0.00018885 4.05e-05 3.15e-05 3.165e-05 3.91e-05 4.985e-05 5.705e-05 3.085e-05 3.065e-05 3.05e-05 4.765e-05 8.725e-05 3.07e-05 3.045e-05 5.93e-05 5.95e-05 3.05e-05 3.165e-05 7.135e-05 5.035e-05 3.125e-05 0.0001384 0.00013385 6.04e-05 0.00011075 3.085e-05 3.14e-05 5.89e-05 0.00010655 5.005e-05 0.000111 3.14e-05 3.155e-05 6.74e-05 3.125e-05 0.00011135 5.705e-05 3.225e-05 3.165e-05 0.00010625 5.875e-05 5.185e-05 3.205e-05 5.925e-05 3.15e-05 7.43e-05 5.88e-05 0.00011095 0.0001097 3.155e-05 3.9e-05 7.18e-05 0.0001095 8.735e-05 3.925e-05 3.155e-05 9.955e-05 3.2e-05 3.29e-05 0.0001141 0.00011 5.95e-05 3.145e-05 5.685e-05 5.87e-05 5.95e-05 3.21e-05 5.895e-05 3.1e-05 0.0001134 5.93e-05 5.895e-05 3.035e-05 7.98e-05 5.98e-05 5.83e-05 0.00010675 3.2e-05 4.05e-05 3.165e-05 6.06e-05 8.735e-05 3.05e-05 6.02e-05 3.915e-05 0.00010685
38 0.00013865 0.00011075 0.00010085 0.00011725 0.0001106 0.0001395 0.0001019 0.00011055 0.00011875 0.0001109 0.00010935 0.0001295 0.00013785 0.0001028 0.0001002 0.0001103 0.00011135 0.0001108 0.00011855 0.0001103 0.0001031 0.0001109 0.0001031 0.00011835 0.00011855 0.0001591 0.00011075 0.00011065 0.00013045 0.00012975 0.00011835 0.00011 0.0001282 0.00010195 0.00010265 0.0001289 0.0001377 0.00011075 0.0002002 0.00011085 0.00011005 0.00013 0.0001093 0.0001024 0.00010985 0.0001099 0.0001099 0.00013775 0.0001181 0.0001013 0.00011075 0.00011065 0.00011015 0.00011035 0.00013865 0.00012225 0.00010265 0.00012995 0.00011855 0.0001259 0.00013855 0.00010035 0.0001017 0.0001024 0.00011845 0.00014165 0.0001093 0.00015755 0.0001185 0.0001186 0.00013975 0.0001101 0.00010185 0.0001185 0.0001018 0.0001374 0.00010925 0.0001107 0.00013085 0.0001384 0.00011005 0.00013005 0.00011035 0.0001439 0.0001304 0.0001377 0.00011835 0.00012825 0.0001292 0.0001024 0.00011035 0.0001102 0.0001102 0.0001024 0.00012985 0.00015715 0.00011075 0.00013045 0.00011845 0.00011885
