 slim_337121616 slim_337125447 slim_337120140 slim_337121698 slim_337101031 slim_337108387 slim_337115753 slim_337112525 slim_337115396 slim_337124596 slim_337119335 slim_337117050 slim_337106839 slim_337120147 slim_337115874 slim_337114135 slim_337123921 slim_337126981 slim_337121255 slim_337113648 slim_337116855 slim_337107337 slim_337124826 slim_337094543 slim_337121399 slim_337116431 slim_337122476 slim_337126790 slim_337122335 slim_337113361 slim_337126102 slim_337118005 slim_337117195 slim_337125017 slim_337127098 slim_337113012 slim_337126173 slim_337115186 slim_337126133 slim_337117563 slim_337120531 slim_337125210 slim_337123036 slim_337116523 slim_337121968 slim_337125251 slim_337118441 slim_337125163 slim_337081201 slim_337125386 slim_337124291 slim_337124989 slim_337125688 slim_337126669 slim_337122321 slim_337123784 slim_337111066 slim_337125852 slim_337113434 slim_337121704 slim_337103346 slim_337126508 slim_337120401 slim_337126844 slim_337123749 slim_337112900 slim_337121643 slim_337124926 slim_337125006 slim_337118088 slim_337117574 slim_337111582 slim_337126036 slim_337125900 slim_337101059 slim_337125590 slim_337119642 slim_337116750 slim_337107119 slim_337121092 slim_337124169 slim_337125699 slim_337122829 slim_337121229 slim_337123306 slim_337125538 slim_337124302 slim_337126478 slim_337112845 slim_337123819 slim_337105065 slim_337117403 slim_337126975 slim_337126958 slim_337121518 slim_337108514 slim_337112380 slim_337103837 slim_337111641 slim_337088376
0 0.0009247 0.00094065 0.00093365 0.0009074 0.00095325 0.0009939 0.00086345 0.0009623 0.00091895 0.0009105 0.00093755 0.000967 0.00084275 0.0008924 0.0009085 0.00089765 0.00097955 0.0009266 0.00091795 0.00085645 0.00090175 0.00091985 0.00093765 0.0008849 0.00087225 0.00091385 0.0009432 0.00087365 0.0009367 0.0008445 0.0008997 0.00090455 0.0009241 0.000853 0.00086205 0.00094925 0.00100445 0.00095345 0.0009017 0.0008952 0.0008695 0.0009064 0.00086325 0.00086825 0.0008635 0.0009198 0.0009132 0.00090905 0.00094185 0.0008767 0.00090405 0.00083875 0.0008309 0.0009508 0.0009702 0.0009205 0.00091375 0.0008893 0.00087765 0.00090455 0.00094015 0.0009522 0.00093935 0.00094525 0.0008946 0.0008993 0.0009082 0.0008999 0.00089485 0.0009416 0.0009466 0.0008756 0.0009078 0.00088785 0.00085755 0.00079665 0.0009497 0.00093095 0.00090395 0.0009039 0.00089675 0.00094935 0.0009211 0.00092205 0.0009086 0.00090705 0.0009126 0.00090555 0.0009326 0.0009213 0.00090475 0.00089615 0.0008764 0.00090155 0.0009348 0.0008704 0.00089735 0.00088545 0.0009279 0.0009079
1 0.00094065 0.0009467 0.00097805 0.00091875 0.0008316 0.00090655 0.0009197 0.00094305 0.00093245 0.00090115 0.0009077 0.0009673 0.00094935 0.00091975 0.000878 0.00089025 0.00095715 0.0009301 0.00090915 0.00086835 0.0008907 0.00083465 0.0009358 0.00091625 0.00092965 0.00086995 0.00091005 0.00091445 0.00091975 0.00091905 0.0009003 0.00069335 0.00091545 0.0008805 0.00094495 0.000929 0.0009316 0.00092475 0.0008986 0.0008467 0.0009199 0.00093755 0.0009084 0.00089315 0.0009216 0.00094905 0.00090695 0.00093015 0.00094705 0.0009371 0.0009309 0.0009224 0.00089975 0.0009218 0.0008288 0.000931 0.00084075 0.00093495 0.00086195 0.0009146 0.0008972 0.000863 0.00091825 0.00092665 0.0009311 0.0009234 0.0009232 0.00083715 0.0008749 0.0009119 0.00091315 0.00092035 0.0008965 0.00087845 0.00087055 0.0009059 0.00081975 0.00088835 0.00090005 0.0009224 0.00090175 0.00090855 0.0008906 0.00093755 0.0009505 0.0008259 0.00093885 0.0009384 0.00090985 0.000896 0.0009727 0.0008661 0.00088985 0.0009013 0.00088665 0.00092475 0.0009328 0.000898 0.0009458 0.00083635
2 0.00093365 0.00097805 0.0010044 0.0009179 0.00094185 0.00098895 0.00092145 0.00095225 0.00089165 0.0009642 0.00091475 0.0009403 0.00093355 0.0010038 0.0009441 0.0009539 0.0008734 0.00091165 0.00097775 0.00093325 0.00094015 0.0009655 0.0009609 0.0009503 0.00091445 0.00097105 0.00092625 0.0009216 0.00098605 0.00091575 0.0009052 0.0009598 0.000972 0.0009445 0.0009459 0.00094345 0.0009757 0.0009133 0.0009485 0.0009718 0.0009303 0.00088485 0.0009572 0.0009648 0.00095055 0.0009735 0.00089185 0.00096615 0.00092895 0.00087265 0.00087585 0.00084975 0.000973 0.00098475 0.00097255 0.00086225 0.0009554 0.00091185 0.00093105 0.00088705 0.0009713 0.00096105 0.00091565 0.0009468 0.0009411 0.0009316 0.0009546 0.00095325 0.00091835 0.0009375 0.0009668 0.00092695 0.00096735 0.0009161 0.0009343 0.00092575 0.00091875 0.00097295 0.00097065 0.00089865 0.000936 0.0009678 0.0009305 0.00098495 0.00100845 0.0009541 0.00097035 0.0008921 0.00093695 0.00095145 0.00090175 0.0009462 0.0009591 0.00096915 0.0009298 0.00094315 0.00097055 0.00089835 0.000946 0.00095915
3 0.0009074 0.00091875 0.0009179 0.0008685 0.00090715 0.0008884 0.0009417 0.0009441 0.000701 0.0008724 0.0009333 0.00098395 0.00089515 0.0009258 0.00094705 0.0008885 0.0009267 0.00091625 0.00090095 0.00089545 0.0008828 0.00090045 0.0009305 0.0009605 0.0008902 0.0009578 0.00089965 0.00092185 0.0008857 0.0009084 0.00089265 0.00094565 0.000937 0.0008926 0.00087705 0.0009165 0.00095515 0.0008899 0.0008863 0.0009262 0.00094095 0.00091935 0.0009787 0.00091725 0.0009371 0.00094185 0.0009037 0.0009238 0.00093225 0.0008922 0.0009183 0.0008813 0.0008107 0.00090195 0.0009696 0.00094405 0.00092745 0.00093795 0.00090085 0.00089655 0.0009327 0.00089105 0.0008973 0.00091655 0.0009392 0.00091185 0.00093175 0.0009094 0.0009159 0.00095255 0.0008663 0.0008577 0.0009056 0.00095355 0.00094775 0.00089095 0.0009228 0.00097515 0.0009381 0.0009145 0.00092385 0.0009281 0.00092375 0.00092225 0.0009398 0.00091795 0.00093235 0.00085735 0.00096325 0.00089055 0.00096655 0.00083115 0.00089825 0.00093735 0.0009109 0.00092285 0.0008267 0.0009396 0.0009654 0.0009148
4 0.00095325 0.0008316 0.00094185 0.00090715 0.000931 0.00090335 0.0009091 0.0009293 0.00087175 0.0009348 0.0008712 0.0008916 0.0009127 0.00090535 0.0009149 0.00089925 0.0008946 0.00093905 0.0009167 0.00092305 0.0009609 0.0009141 0.0009121 0.00089565 0.0009417 0.000893 0.00085065 0.0008738 0.000909 0.0009347 0.00094695 0.0008126 0.00096395 0.000946 0.00087635 0.00087595 0.00099635 0.0009441 0.00093725 0.00093775 0.00091225 0.0009468 0.00092605 0.00090355 0.000892 0.00092715 0.00085215 0.00089335 0.0008393 0.0009155 0.000901 0.0008683 0.0008837 0.00092665 0.00091725 0.00081505 0.00092775 0.00086795 0.0009163 0.0008837 0.0009412 0.00090185 0.00093805 0.000956 0.00092555 0.00091835 0.00085105 0.0008984 0.00090965 0.0008519 0.000944 0.0009124 0.00094105 0.00090645 0.0009159 0.000902 0.0008419 0.0008573 0.0009613 0.00093995 0.00093005 0.0008698 0.00086795 0.0009553 0.0009519 0.00087025 0.00093835 0.00086715 0.0009049 0.0009145 0.0009388 0.00093925 0.00094245 0.00091515 0.0009208 0.00091975 0.00089905 0.0009512 0.00091285 0.00095265
5 0.0009939 0.00090655 0.00098895 0.0008884 0.00090335 0.0009844 0.00095 0.00095305 0.00095725 0.000885 0.00095245 0.000939 0.0008844 0.00091795 0.0009223 0.0008929 0.0009177 0.0009271 0.00086545 0.00089595 0.00098 0.00087845 0.0008787 0.00093075 0.00095385 0.0009196 0.0008937 0.00091125 0.00090465 0.0008996 0.00089725 0.0009661 0.0008965 0.00094925 0.00093505 0.0008292 0.0009315 0.00091345 0.00097075 0.00089845 0.0008894 0.00096695 0.00096065 0.0009503 0.00089405 0.0008933 0.0009156 0.0009429 0.0009588 0.00092975 0.0009154 0.00094715 0.00089795 0.00086905 0.00090475 0.00096045 0.00092085 0.0009444 0.00089935 0.00091515 0.0009313 0.00093045 0.00093465 0.0009208 0.00093035 0.0009289 0.0009469 0.0009422 0.00086295 0.00090135 0.00092975 0.00095805 0.0009234 0.00091585 0.00092825 0.0008917 0.00100035 0.00092785 0.00094675 0.0008971 0.0009407 0.0007953 0.00091275 0.00092335 0.00094265 0.00088295 0.0009579 0.0008778 0.00090325 0.0009237 0.00097105 0.00088115 0.00092685 0.0009445 0.00088485 0.00094035 0.00091865 0.00099465 0.0008748 0.0008211
6 0.00086345 0.0009197 0.00092145 0.0009417 0.0009091 0.00095 0.0008064 0.0009025 0.00091565 0.00087305 0.00076425 0.0009029 0.0008509 0.00092485 0.0009131 0.00087125 0.0008915 0.0008877 0.0009307 0.0008462 0.00091205 0.00078725 0.00091695 0.0009248 0.0008977 0.0008015 0.00086045 0.00088315 0.00091105 0.0008474 0.00092625 0.00092555 0.0009423 0.0008755 0.0009129 0.0008945 0.00097675 0.00091485 0.00095655 0.00090845 0.0008483 0.00091155 0.0008318 0.00086665 0.0009231 0.00086885 0.000847 0.0008941 0.0009151 0.0008626 0.00083755 0.00088245 0.000886 0.00091295 0.0008796 0.0008902 0.00085535 0.0008213 0.00087175 0.00078655 0.00085905 0.0008739 0.0009168 0.00091765 0.00090925 0.00091075 0.00086085 0.00088595 0.0008703 0.00083565 0.00096615 0.0008823 0.0008871 0.00092745 0.0008707 0.00088745 0.00093435 0.00084075 0.00088405 0.0008884 0.0008628 0.0008888 0.0009033 0.0008807 0.00095375 0.00093085 0.0008921 0.0008906 0.0008721 0.00083615 0.0008531 0.00090675 0.0009055 0.0008991 0.000868 0.0006952 0.0009208 0.00087565 0.00088375 0.0008972
7 0.0009623 0.00094305 0.00095225 0.0009441 0.0009293 0.00095305 0.0009025 0.0009399 0.00097665 0.00091195 0.0008051 0.000927 0.0009276 0.00089815 0.0009291 0.0009324 0.00092715 0.00097885 0.00091265 0.00088205 0.0009358 0.00092465 0.00094175 0.0009314 0.0008814 0.0009126 0.00090925 0.00096645 0.00093395 0.000933 0.00096635 0.0009496 0.00089135 0.00092535 0.0009081 0.0008893 0.0009651 0.00091115 0.0009554 0.00085525 0.00092435 0.00097465 0.00092745 0.0009422 0.00094495 0.0009513 0.00081605 0.00095175 0.0009121 0.0009411 0.0008958 0.00093365 0.0009393 0.00088725 0.00085305 0.0008158 0.0008936 0.00090195 0.00087365 0.00090785 0.00092715 0.0008249 0.00089955 0.0009876 0.00090805 0.00086095 0.00078805 0.00091345 0.0008873 0.0008825 0.0008866 0.0009487 0.0009093 0.0008986 0.0009312 0.0009299 0.0009619 0.00092385 0.0009201 0.0009083 0.0009608 0.00093665 0.00094785 0.00092305 0.0009787 0.0008744 0.00079115 0.00088525 0.000922 0.0009084 0.0009636 0.0008756 0.00094635 0.0009621 0.00090755 0.00088065 0.00092015 0.00090295 0.0009755 0.0008571
8 0.00091895 0.00093245 0.00089165 0.000701 0.00087175 0.00095725 0.00091565 0.00097665 0.0009746 0.00097815 0.0008975 0.0009489 0.00093775 0.00094475 0.00091 0.00090375 0.00088355 0.0009234 0.0009588 0.0008888 0.00091215 0.0008906 0.0009262 0.0009579 0.00093195 0.00097245 0.0008688 0.00089005 0.0009258 0.00089685 0.00093275 0.0009342 0.0009508 0.00091945 0.0008926 0.00093965 0.00095475 0.0009258 0.0009556 0.0009434 0.0009373 0.00087535 0.000981 0.00092285 0.00092715 0.00095795 0.00091115 0.000922 0.00093685 0.00091365 0.0009104 0.00089395 0.0008564 0.000942 0.00096805 0.0009002 0.0009207 0.0008754 0.00093115 0.0008871 0.00085935 0.00088455 0.000922 0.00094065 0.0009524 0.00093285 0.000873 0.00094895 0.0009257 0.00091455 0.00089475 0.00086845 0.0009603 0.0009338 0.0009221 0.00089845 0.0009363 0.00093885 0.00091025 0.0009195 0.00094645 0.0009144 0.00090055 0.0009324 0.00091785 0.0009213 0.000973 0.00091895 0.0009368 0.0009148 0.0009409 0.00093795 0.0009264 0.00094525 0.0009147 0.00091165 0.0008995 0.0009272 0.000955 0.00093115
9 0.0009105 0.00090115 0.0009642 0.0008724 0.0009348 0.000885 0.00087305 0.00091195 0.00097815 0.0009196 0.00086675 0.0009289 0.00074035 0.00092405 0.0009052 0.00086675 0.00090465 0.0009312 0.00091215 0.00089875 0.00090995 0.0008864 0.00088585 0.00089075 0.0009071 0.0008457 0.0008986 0.00095545 0.000861 0.0009561 0.00088995 0.00097515 0.0009194 0.0009197 0.00089065 0.00088055 0.0009421 0.0008902 0.000909 0.00087245 0.0009207 0.00091955 0.000897 0.0008927 0.00093765 0.0009295 0.000931 0.00091165 0.0009135 0.0008848 0.00092995 0.0008945 0.0009028 0.0009034 0.0009121 0.0009062 0.00091175 0.0009155 0.0008996 0.0008814 0.00088535 0.0008916 0.00092225 0.00083585 0.0008966 0.00092505 0.00090145 0.00082655 0.000909 0.000917 0.00094165 0.0009252 0.00087355 0.00087295 0.00093915 0.0008768 0.00093625 0.0008799 0.00075945 0.0009091 0.00088915 0.00088015 0.00092765 0.0008974 0.0009636 0.000872 0.0008422 0.000875 0.0009444 0.00090925 0.0009382 0.000738 0.00090375 0.00092785 0.0009035 0.0008661 0.0008456 0.00092765 0.00090785 0.00090535
10 0.00093755 0.0009077 0.00091475 0.0009333 0.0008712 0.00095245 0.00076425 0.0008051 0.0008975 0.00086675 0.0007835 0.00084695 0.0009029 0.0009424 0.00090045 0.00089955 0.0008377 0.00092135 0.0009296 0.0008281 0.00093935 0.0008812 0.0008642 0.0009461 0.00089305 0.00086525 0.00084975 0.00089715 0.000921 0.00093425 0.000939 0.00094015 0.00091125 0.00094995 0.00089165 0.000898 0.00092155 0.00088095 0.00095015 0.00086315 0.00081965 0.0009257 0.0008934 0.00088915 0.00093955 0.0009735 0.0008124 0.00087005 0.0008239 0.00091755 0.00082545 0.00086695 0.00091665 0.00087545 0.0008635 0.0008512 0.0009087 0.00075775 0.00088595 0.00083515 0.0009094 0.00060755 0.00093105 0.0009363 0.00091755 0.00092855 0.00086675 0.00082535 0.00083915 0.00087685 0.0009716 0.00093725 0.0009307 0.00091475 0.00093435 0.00089335 0.0009582 0.0008912 0.00087425 0.00084785 0.0009158 0.00084905 0.0008382 0.0008893 0.0009749 0.00090905 0.0009405 0.00088645 0.00087945 0.0009098 0.00092425 0.0009201 0.00095455 0.00092305 0.00089195 0.0008482 0.0009011 0.0008862 0.00089405 0.0008581
11 0.000967 0.0009673 0.0009403 0.00098395 0.0008916 0.000939 0.0009029 0.000927 0.0009489 0.0009289 0.00084695 0.0009853 0.00090425 0.0009287 0.00092985 0.0009303 0.0007673 0.0008854 0.00095605 0.00091105 0.0009241 0.00094155 0.0008804 0.0009079 0.0008927 0.0008949 0.00092035 0.0009481 0.0009462 0.0008875 0.0009265 0.00096425 0.00093125 0.00090695 0.00089225 0.0009093 0.00090475 0.00090075 0.00096795 0.00091915 0.00088685 0.00096525 0.00095625 0.000934 0.00091825 0.00092305 0.0009008 0.00095125 0.0009015 0.00090855 0.0009088 0.00086535 0.000919 0.00089575 0.00090855 0.0009366 0.0009179 0.00086775 0.0009493 0.00087735 0.0007957 0.00087535 0.000923 0.000937 0.0009446 0.0009441 0.0008843 0.00089865 0.0009262 0.0008672 0.0009361 0.00097485 0.0009332 0.00093995 0.00088605 0.0009322 0.000937 0.00093235 0.0007897 0.0008868 0.00093205 0.00090625 0.000933 0.00087495 0.0008461 0.000911 0.00097295 0.00091585 0.0009327 0.0009257 0.00090695 0.0009397 0.00093115 0.0009413 0.00081665 0.0009166 0.0009237 0.00091595 0.0009614 0.0009332
12 0.00084275 0.00094935 0.00093355 0.00089515 0.0009127 0.0008844 0.0008509 0.0009276 0.00093775 0.00074035 0.0009029 0.00090425 0.0008841 0.00091535 0.0009293 0.00089945 0.00091705 0.0009284 0.0009075 0.00091155 0.0008876 0.0008829 0.00089745 0.0008822 0.0008793 0.0008752 0.0009084 0.0009535 0.00089955 0.0008874 0.00090375 0.0009476 0.0008923 0.00077375 0.0008751 0.00086345 0.0009851 0.00092165 0.0009585 0.000889 0.00091855 0.00093735 0.00090025 0.0009587 0.0009167 0.0009404 0.0008978 0.000917 0.00093535 0.0008856 0.00089985 0.00089215 0.00088345 0.00090065 0.0009462 0.00093045 0.0009237 0.00085735 0.0009345 0.00088725 0.0009555 0.00094015 0.0009325 0.00091725 0.0008942 0.00098025 0.0009013 0.0009015 0.00095295 0.0009127 0.0009072 0.00095805 0.0009257 0.00086875 0.00090335 0.00091055 0.0009464 0.00091945 0.0009189 0.00086675 0.00088945 0.00091265 0.00086525 0.0009315 0.00099695 0.000887 0.00088905 0.00088715 0.00094195 0.00091495 0.0009217 0.00081705 0.0009083 0.00088975 0.00087925 0.0008966 0.0008969 0.0009191 0.0009056 0.0009322
13 0.0008924 0.00091975 0.0010038 0.0009258 0.00090535 0.00091795 0.00092485 0.00089815 0.00094475 0.00092405 0.0009424 0.0009287 0.00091535 0.0009764 0.0009142 0.00087755 0.00094735 0.0009583 0.0008626 0.0008609 0.0009191 0.0009025 0.0008586 0.0009242 0.00083905 0.0008704 0.00092055 0.0009339 0.00091255 0.0009051 0.0009097 0.0009319 0.0009139 0.00091925 0.00084095 0.0009094 0.00094415 0.00094765 0.0008597 0.0008978 0.00089215 0.0009285 0.0008799 0.0009329 0.00084195 0.00096085 0.00090875 0.00086735 0.0009282 0.0008991 0.00092435 0.00086245 0.00084645 0.00088985 0.00092715 0.00093525 0.0008852 0.00090075 0.00092485 0.00086215 0.00090145 0.00094335 0.00079075 0.00091425 0.00090775 0.00089485 0.0008554 0.0009221 0.0008949 0.0008791 0.0009049 0.00091295 0.0008997 0.0009435 0.0009131 0.0008818 0.00093225 0.00091415 0.00092925 0.0009416 0.00084775 0.0009133 0.00093355 0.00087585 0.00089325 0.00086555 0.00093175 0.0008832 0.00092225 0.0009051 0.00088025 0.0008631 0.0009444 0.0008502 0.00096065 0.00091185 0.00087885 0.0009332 0.00090095 0.0009381
14 0.0009085 0.000878 0.0009441 0.00094705 0.0009149 0.0009223 0.0009131 0.0009291 0.00091 0.0009052 0.00090045 0.00092985 0.0009293 0.0009142 0.0009273 0.00094165 0.00088 0.00097425 0.0009119 0.0009063 0.00091215 0.0008906 0.00091235 0.00087 0.00094905 0.00089075 0.00086215 0.0008697 0.0009429 0.00088405 0.0009433 0.00093045 0.00095545 0.0009262 0.00091815 0.0009001 0.0009312 0.00088025 0.00091475 0.00088675 0.0009177 0.0009537 0.00092615 0.0008525 0.0009108 0.00095645 0.00090745 0.000876 0.00090545 0.00092415 0.0009066 0.0009092 0.00084895 0.00088915 0.0008445 0.0008799 0.0008901 0.0008903 0.00089655 0.0009128 0.00088195 0.00088205 0.0009508 0.0009091 0.0009157 0.00087805 0.00086625 0.0008402 0.0009317 0.0009291 0.00091445 0.00086995 0.00089735 0.0009188 0.0009062 0.00088625 0.00093255 0.0009263 0.0009348 0.0009419 0.00087935 0.0009018 0.00086855 0.0009219 0.0008843 0.0008834 0.0009329 0.00090875 0.0009539 0.0009329 0.0009562 0.00085425 0.0009291 0.00093155 0.00092975 0.0009114 0.00094495 0.00093015 0.00091715 0.00091975
15 0.00089765 0.00089025 0.0009539 0.0008885 0.00089925 0.0008929 0.00087125 0.0009324 0.00090375 0.00086675 0.00089955 0.0009303 0.00089945 0.00087755 0.00094165 0.0009216 0.00091065 0.00091575 0.0008846 0.0008435 0.00089375 0.0009105 0.00091245 0.0008821 0.00095195 0.00084455 0.00091405 0.00087625 0.00090835 0.000887 0.0009039 0.0009309 0.00089215 0.0009021 0.00086435 0.0008922 0.00095145 0.0009501 0.0009401 0.00087425 0.0008407 0.0009056 0.0008854 0.00093035 0.0008848 0.00093075 0.000858 0.0008806 0.0009476 0.00090625 0.0008859 0.00084435 0.0008671 0.0008905 0.0009104 0.0009 0.00073335 0.00092095 0.00083475 0.0009012 0.00091265 0.0009132 0.0008621 0.00085 0.0008943 0.0008918 0.0009099 0.00085575 0.0008967 0.0008701 0.0009325 0.00092665 0.00091225 0.0008941 0.00089935 0.00083435 0.0009471 0.00088715 0.00084445 0.0008559 0.00087075 0.00092695 0.00085495 0.0009328 0.0009269 0.0008652 0.0009449 0.000896 0.0008826 0.000865 0.0008807 0.000908 0.0008604 0.0008695 0.0009062 0.00089405 0.0008904 0.00093485 0.00089845 0.00087135
16 0.00097955 0.00095715 0.0008734 0.0009267 0.0008946 0.0009177 0.0008915 0.00092715 0.00088355 0.00090465 0.0008377 0.0007673 0.00091705 0.00094735 0.00088 0.00091065 0.0009725 0.0008794 0.00093055 0.00091345 0.0008743 0.0009452 0.00089675 0.0008778 0.000905 0.0008996 0.0008701 0.0009162 0.00088685 0.00091295 0.00090455 0.0009305 0.00090945 0.0009043 0.00090625 0.0008677 0.0009302 0.00084995 0.00092325 0.0008961 0.0009234 0.0009248 0.0009136 0.00091615 0.0009059 0.0009215 0.0008661 0.0009821 0.00088195 0.0009127 0.0009009 0.0009028 0.0009231 0.0008604 0.00091425 0.00087895 0.00091905 0.0008507 0.0009248 0.00086505 0.0008475 0.00084705 0.0008991 0.00088865 0.00090935 0.00090335 0.0008599 0.000901 0.00088045 0.00081025 0.0008807 0.00090605 0.00094555 0.00093565 0.00089195 0.00091885 0.0009182 0.00087395 0.0008752 0.00086845 0.0009076 0.00093095 0.0008623 0.0008905 0.00092005 0.00089625 0.00096705 0.0008561 0.00091605 0.00091235 0.00092085 0.00094535 0.00093045 0.00091855 0.000903 0.00090575 0.00095405 0.00085645 0.00092805 0.0008932
17 0.0009266 0.0009301 0.00091165 0.00091625 0.00093905 0.0009271 0.0008877 0.00097885 0.0009234 0.0009312 0.00092135 0.0008854 0.0009284 0.0009583 0.00097425 0.00091575 0.0008794 0.0006343 0.0009493 0.0008686 0.00081055 0.000887 0.00090935 0.0009264 0.00088555 0.00094525 0.0009447 0.0009171 0.00091695 0.0009392 0.0008594 0.0009033 0.00096435 0.00090415 0.000918 0.00089945 0.00093375 0.0009452 0.0009513 0.0009371 0.00089995 0.0009219 0.00096135 0.0009013 0.00086925 0.0009197 0.00090485 0.0009209 0.00092055 0.0008619 0.00089845 0.0008937 0.0009286 0.0009472 0.00092275 0.0009263 0.0009352 0.00091045 0.00092355 0.0008562 0.00089865 0.00089205 0.00087285 0.00090525 0.00086965 0.0009444 0.0008927 0.00091735 0.0008704 0.0009377 0.0009309 0.0009354 0.00095275 0.0008756 0.000866 0.00089155 0.0009461 0.0009471 0.0009039 0.0009579 0.0009069 0.0009176 0.00094235 0.0009325 0.00096815 0.0009413 0.00093285 0.0009399 0.0009263 0.000856 0.00097565 0.0009325 0.0008185 0.00092535 0.00086895 0.00089375 0.00095035 0.00088515 0.0009552 0.0009188
18 0.00091795 0.00090915 0.00097775 0.00090095 0.0009167 0.00086545 0.0009307 0.00091265 0.0009588 0.00091215 0.0009296 0.00095605 0.0009075 0.0008626 0.0009119 0.0008846 0.00093055 0.0009493 0.0007943 0.000875 0.0009209 0.0009367 0.0007723 0.00092405 0.00088335 0.00083745 0.00092495 0.00091225 0.0007748 0.00090985 0.0009024 0.00089235 0.00083485 0.00082915 0.00085035 0.0009455 0.00096055 0.0008694 0.000924 0.00088205 0.0008909 0.0009293 0.0007987 0.0009037 0.00068755 0.00091255 0.00084275 0.00091665 0.0009244 0.00096755 0.00089 0.0008469 0.00089565 0.0009564 0.00087545 0.00095005 0.00092265 0.0009124 0.00093745 0.00083575 0.000875 0.00088235 0.0009427 0.0009225 0.0008411 0.00090955 0.0009028 0.00087855 0.0008406 0.00091915 0.0008774 0.000897 0.0009016 0.0008845 0.00088075 0.00086585 0.00092745 0.00090565 0.00091985 0.0009013 0.0009281 0.0008925 0.0009043 0.00086725 0.00092935 0.00084445 0.00089965 0.00087435 0.0008931 0.0008938 0.0009111 0.00085795 0.00090755 0.0009029 0.0009053 0.0009106 0.00090005 0.00088215 0.0008323 0.0007652
19 0.00085645 0.00086835 0.00093325 0.00089545 0.00092305 0.00089595 0.0008462 0.00088205 0.0008888 0.00089875 0.0008281 0.00091105 0.00091155 0.0008609 0.0009063 0.0008435 0.00091345 0.0008686 0.000875 0.0009072 0.0008887 0.0008125 0.00084095 0.0008872 0.00084475 0.00087075 0.00085215 0.0008879 0.0008087 0.0008717 0.0009006 0.0008876 0.0007655 0.00085315 0.0008576 0.0009013 0.0009249 0.0009042 0.00090475 0.00084705 0.0008847 0.0008804 0.00089105 0.0008952 0.00087745 0.00091975 0.0008488 0.0008703 0.0008805 0.0008926 0.0007519 0.0008667 0.0008759 0.00088015 0.0009253 0.0009081 0.0008992 0.00087215 0.0008805 0.0008213 0.00083695 0.00083795 0.000893 0.00088555 0.00089855 0.0008984 0.0008411 0.00082805 0.00083405 0.00088475 0.0008837 0.00087875 0.00088765 0.0008914 0.00084905 0.0007619 0.0009083 0.0008833 0.00088285 0.0008828 0.0008449 0.00088435 0.00089375 0.00086875 0.00087945 0.00085135 0.00091135 0.00088165 0.0008867 0.00083955 0.0008474 0.0007665 0.00085605 0.00093455 0.00088895 0.0008529 0.00089665 0.00092435 0.0009034 0.00088305
20 0.00090175 0.0008907 0.00094015 0.0008828 0.0009609 0.00098 0.00091205 0.0009358 0.00091215 0.00090995 0.00093935 0.0009241 0.0008876 0.0009191 0.00091215 0.00089375 0.0008743 0.00081055 0.0009209 0.0008887 0.0009475 0.0009316 0.00090715 0.00087825 0.00089095 0.0009275 0.0009526 0.00095865 0.00091205 0.00088835 0.00091835 0.0009305 0.0008637 0.0008266 0.0009176 0.0008033 0.0009143 0.00089325 0.00092605 0.00089915 0.0009397 0.00093895 0.0009331 0.0008395 0.0008875 0.0009468 0.00088995 0.00093865 0.00093005 0.0008837 0.0009431 0.00093885 0.0009533 0.0009309 0.00093875 0.0009184 0.00089125 0.0009264 0.0009212 0.0008583 0.0008892 0.0009217 0.0008891 0.00091515 0.00089805 0.00091925 0.0008805 0.0009336 0.00088155 0.00093045 0.0008933 0.00093805 0.0009346 0.0009303 0.00085605 0.000907 0.0009473 0.0009451 0.00093665 0.00093545 0.0008795 0.0009558 0.00093345 0.00087345 0.00099125 0.0009126 0.00091495 0.0009082 0.00093265 0.0009072 0.00096955 0.0008833 0.00071785 0.00094245 0.00091925 0.0009078 0.00091465 0.00085955 0.00093715 0.0008906
21 0.00091985 0.00083465 0.0009655 0.00090045 0.0009141 0.00087845 0.00078725 0.00092465 0.0008906 0.0008864 0.0008812 0.00094155 0.0008829 0.0009025 0.0008906 0.0009105 0.0009452 0.000887 0.0009367 0.0008125 0.0009316 0.000909 0.00093725 0.0009223 0.00089855 0.0008643 0.0008585 0.00088935 0.0009088 0.0008836 0.000917 0.00090625 0.0009541 0.0008826 0.00090765 0.0009152 0.00094805 0.0008808 0.0008996 0.00089055 0.00094605 0.0009451 0.00090335 0.00091015 0.0009303 0.0009531 0.0009395 0.00089935 0.0009235 0.0008916 0.00088065 0.0009288 0.0008677 0.0008961 0.00091655 0.00092495 0.00084325 0.00079925 0.00092135 0.00088025 0.000861 0.0008933 0.000925 0.00085695 0.0009321 0.0009141 0.0008636 0.0009086 0.00088445 0.0008946 0.0009404 0.0008835 0.0008761 0.00096195 0.00091185 0.00090985 0.0008774 0.0008655 0.0009077 0.0009199 0.0008831 0.000864 0.00091265 0.00089535 0.0009034 0.00088785 0.0008856 0.0009139 0.00090625 0.00083155 0.0008551 0.00090745 0.0009047 0.0009014 0.00083475 0.00088105 0.00092865 0.000954 0.00092825 0.00083515
22 0.00093765 0.0009358 0.0009609 0.0009305 0.0009121 0.0008787 0.00091695 0.00094175 0.0009262 0.00088585 0.0008642 0.0008804 0.00089745 0.0008586 0.00091235 0.00091245 0.00089675 0.00090935 0.0007723 0.00084095 0.00090715 0.00093725 0.0009586 0.0009012 0.0008789 0.0008402 0.0008991 0.00091285 0.0008545 0.00089335 0.000888 0.0009223 0.0009019 0.0009023 0.00086415 0.0008843 0.0009197 0.0009024 0.00091905 0.00090625 0.0008683 0.0009207 0.0008926 0.0008747 0.0008166 0.000886 0.00087845 0.0008552 0.00089175 0.0008143 0.0007997 0.00084785 0.0009184 0.0009497 0.00086975 0.00092535 0.00089665 0.0009206 0.00089305 0.00082365 0.00082055 0.000846 0.0009028 0.0008927 0.00090095 0.00092165 0.0009141 0.00085385 0.0008374 0.00091845 0.00096075 0.000933 0.0009071 0.00087665 0.0009004 0.0008605 0.0009354 0.00093705 0.0008433 0.00093175 0.0008807 0.0008813 0.00075115 0.0007097 0.00090545 0.000905 0.00092955 0.0009066 0.00087425 0.00089085 0.0008941 0.0008915 0.0009199 0.00090855 0.0009134 0.00086005 0.0009079 0.00091085 0.0007156 0.0008959
23 0.0008849 0.00091625 0.0009503 0.0009605 0.00089565 0.00093075 0.0009248 0.0009314 0.0009579 0.00089075 0.0009461 0.0009079 0.0008822 0.0009242 0.00087 0.0008821 0.0008778 0.0009264 0.00092405 0.0008872 0.00087825 0.0009223 0.0009012 0.0009536 0.00091655 0.00087985 0.0008279 0.0009052 0.0008838 0.00085545 0.00091055 0.0009102 0.00093835 0.00087855 0.00085305 0.0009071 0.0009406 0.0008775 0.00093175 0.0008805 0.0009162 0.0009411 0.00089445 0.0008705 0.0009072 0.0009045 0.0008721 0.0009069 0.00093555 0.00088215 0.0009016 0.00088975 0.000916 0.000926 0.0008969 0.0009156 0.00086885 0.0009078 0.00086865 0.00091025 0.00095675 0.0009288 0.0009263 0.0009167 0.00089 0.0009191 0.0008969 0.00090185 0.0008773 0.00090295 0.0009298 0.0009108 0.00088745 0.00086575 0.00092275 0.00087085 0.00093485 0.0009097 0.00090585 0.00093755 0.0009007 0.0009083 0.000838 0.00093095 0.0009394 0.0008902 0.0007318 0.00088985 0.00094985 0.0008667 0.00093355 0.0008978 0.0009307 0.0009344 0.00094055 0.00090825 0.0008996 0.0009199 0.00086315 0.00089115
24 0.00087225 0.00092965 0.00091445 0.0008902 0.0009417 0.00095385 0.0008977 0.0008814 0.00093195 0.0009071 0.00089305 0.0008927 0.0008793 0.00083905 0.00094905 0.00095195 0.000905 0.00088555 0.00088335 0.00084475 0.00089095 0.00089855 0.0008789 0.00091655 0.0009284 0.0008828 0.0008769 0.00094795 0.00092005 0.00086905 0.00088585 0.0008925 0.0009048 0.0008661 0.0008262 0.0009125 0.00096595 0.00088125 0.0009236 0.00092275 0.00087975 0.0009279 0.00089345 0.0009124 0.00090425 0.0009315 0.00084635 0.0008875 0.00091295 0.00086915 0.00086315 0.00086195 0.0008625 0.00090525 0.00090285 0.00091645 0.0009148 0.00086425 0.0008986 0.0008202 0.0009125 0.00088285 0.00090955 0.000858 0.0008827 0.00092535 0.00087025 0.00087835 0.00087815 0.00091065 0.00088585 0.00090125 0.00091695 0.00089025 0.0008873 0.000865 0.0009176 0.0009304 0.0009045 0.0008946 0.0008914 0.0009096 0.0009182 0.0008977 0.00092935 0.0009308 0.0008968 0.00090575 0.00093625 0.00082945 0.00090615 0.00085935 0.0009113 0.00093365 0.00090445 0.0008931 0.0008538 0.0008515 0.0009614 0.00091655
25 0.00091385 0.00086995 0.00097105 0.0009578 0.000893 0.0009196 0.0008015 0.0009126 0.00097245 0.0008457 0.00086525 0.0008949 0.0008752 0.0008704 0.00089075 0.00084455 0.0008996 0.00094525 0.00083745 0.00087075 0.0009275 0.0008643 0.0008402 0.00087985 0.0008828 0.0008548 0.0008695 0.0008978 0.00089315 0.0008917 0.0009542 0.0009422 0.0009606 0.0008756 0.00089935 0.0008711 0.00094305 0.0009056 0.000914 0.00089895 0.0008425 0.00090005 0.0006568 0.00086105 0.00086025 0.00090005 0.00090265 0.00084785 0.0009251 0.0008888 0.00081515 0.00085915 0.00089135 0.0008779 0.000792 0.00091065 0.000885 0.0008565 0.00086605 0.0008262 0.0008541 0.00091265 0.00094255 0.0008886 0.0008872 0.0008828 0.00086315 0.000756 0.0009023 0.0008735 0.0009326 0.00092645 0.00087365 0.0009158 0.0008704 0.00087495 0.00089275 0.00083935 0.00088035 0.0008628 0.00083275 0.00092635 0.0008709 0.00090635 0.0009361 0.0008678 0.00091725 0.00084125 0.00086335 0.00084555 0.00081165 0.00088065 0.00093745 0.00089475 0.0009051 0.00083155 0.0009015 0.0009093 0.00082385 0.00092965
26 0.0009432 0.00091005 0.00092625 0.00089965 0.00085065 0.0008937 0.00086045 0.00090925 0.0008688 0.0008986 0.00084975 0.00092035 0.0009084 0.00092055 0.00086215 0.00091405 0.0008701 0.0009447 0.00092495 0.00085215 0.0009526 0.0008585 0.0008991 0.0008279 0.0008769 0.0008695 0.0008118 0.00075675 0.00090075 0.000893 0.0009158 0.00087345 0.0009383 0.0008812 0.0008964 0.0008978 0.00094315 0.00075975 0.00094025 0.00092095 0.00087855 0.00087125 0.00089145 0.00088075 0.0009383 0.00096045 0.0008776 0.00088765 0.00091115 0.0009322 0.0008502 0.0009206 0.00087865 0.00091595 0.00085655 0.00088685 0.0009141 0.0008273 0.00081975 0.0008144 0.0008471 0.0008732 0.00091205 0.00092355 0.0009658 0.0009063 0.0008525 0.0008853 0.0008502 0.00090365 0.00092195 0.000881 0.0008755 0.000912 0.00090455 0.00089785 0.0009449 0.0008601 0.00090945 0.0009482 0.00092305 0.0008577 0.00082865 0.0008902 0.0008688 0.0009159 0.00086975 0.0008889 0.00089955 0.0008718 0.0009364 0.0008764 0.0009533 0.00098275 0.00092455 0.000834 0.0008993 0.0009169 0.0009024 0.0009038
27 0.00087365 0.00091445 0.0009216 0.00092185 0.0008738 0.00091125 0.00088315 0.00096645 0.00089005 0.00095545 0.00089715 0.0009481 0.0009535 0.0009339 0.0008697 0.00087625 0.0009162 0.0009171 0.00091225 0.0008879 0.00095865 0.00088935 0.00091285 0.0009052 0.00094795 0.0008978 0.00075675 0.0009502 0.0009094 0.0008893 0.00093175 0.00087365 0.0009434 0.00091025 0.00091215 0.00093365 0.0009618 0.00087135 0.00095165 0.0009547 0.00084895 0.0008689 0.0009007 0.0008799 0.0006915 0.0009291 0.0009158 0.0009161 0.00092485 0.00091395 0.0008956 0.0008777 0.0008977 0.00095195 0.0009209 0.00086405 0.00092675 0.00087615 0.000849 0.0008755 0.00092435 0.00088685 0.0009621 0.00090345 0.0009428 0.0008306 0.00092745 0.0009107 0.0008375 0.00091195 0.00095505 0.00091445 0.0008963 0.0009191 0.00086295 0.0008255 0.0009077 0.00088455 0.0009489 0.0009287 0.0008848 0.0009221 0.0007864 0.0009322 0.00088755 0.0009007 0.00097165 0.0008461 0.0009035 0.00090935 0.0008436 0.00092955 0.0009366 0.00096175 0.00091705 0.0008904 0.00093385 0.00093175 0.00092595 0.00089805
28 0.0009367 0.00091975 0.00098605 0.0008857 0.000909 0.00090465 0.00091105 0.00093395 0.0009258 0.000861 0.000921 0.0009462 0.00089955 0.00091255 0.0009429 0.00090835 0.00088685 0.00091695 0.0007748 0.0008087 0.00091205 0.0009088 0.0008545 0.0008838 0.00092005 0.00089315 0.00090075 0.0009094 0.0009819 0.0008825 0.00094315 0.00089775 0.0008568 0.00087475 0.0008744 0.00092135 0.00095875 0.00092435 0.0009155 0.00085315 0.0009321 0.00091125 0.00087095 0.00090725 0.00081865 0.0009398 0.000895 0.0009288 0.00094215 0.00092165 0.000885 0.0008551 0.00089155 0.00094565 0.0009155 0.00092965 0.0009098 0.000919 0.00095605 0.0008565 0.00089695 0.000909 0.0009208 0.00088275 0.00087675 0.000917 0.00092315 0.00085405 0.00089395 0.000947 0.0008561 0.0009147 0.00094395 0.00093605 0.00089 0.00090145 0.00090995 0.00090135 0.00087925 0.0009137 0.00090475 0.0009008 0.0008994 0.00092005 0.00091945 0.00090025 0.0009019 0.000901 0.0009538 0.0008621 0.00090895 0.0008711 0.00091235 0.00092815 0.00092815 0.00091335 0.0008733 0.0009137 0.00086855 0.0008455
29 0.0008445 0.00091905 0.00091575 0.0009084 0.0009347 0.0008996 0.0008474 0.000933 0.00089685 0.0009561 0.00093425 0.0008875 0.0008874 0.0009051 0.00088405 0.000887 0.00091295 0.0009392 0.00090985 0.0008717 0.00088835 0.0008836 0.00089335 0.00085545 0.00086905 0.0008917 0.000893 0.0008893 0.0008825 0.0008244 0.0009193 0.00091805 0.000921 0.00084175 0.00078665 0.00088985 0.0009484 0.00091505 0.00093915 0.0008778 0.00086955 0.0009296 0.0009056 0.0008308 0.00089905 0.00083665 0.0009029 0.00089865 0.0009061 0.00080895 0.0008789 0.00082075 0.00085785 0.00093785 0.00089565 0.0009138 0.000834 0.0009065 0.00091425 0.00089985 0.00086735 0.00095555 0.000929 0.00095215 0.0008938 0.00093095 0.0009185 0.00090145 0.0009246 0.00088495 0.0009143 0.0008516 0.00089 0.00094155 0.0008061 0.0008757 0.00093895 0.0009266 0.000892 0.00084295 0.0009112 0.0009222 0.0008689 0.00091965 0.0009098 0.0008845 0.0009558 0.0008867 0.0009267 0.00092175 0.0009033 0.0009348 0.00085125 0.0008833 0.00087565 0.00086295 0.0009019 0.0009115 0.000866 0.000828
30 0.0008997 0.0009003 0.0009052 0.00089265 0.00094695 0.00089725 0.00092625 0.00096635 0.00093275 0.00088995 0.000939 0.0009265 0.00090375 0.0009097 0.0009433 0.0009039 0.00090455 0.0008594 0.0009024 0.0009006 0.00091835 0.000917 0.000888 0.00091055 0.00088585 0.0009542 0.0009158 0.00093175 0.00094315 0.0009193 0.0008795 0.00092015 0.00092705 0.0009189 0.0009055 0.00092815 0.00089965 0.0009 0.0009348 0.00092225 0.00087245 0.0009433 0.00098675 0.00092995 0.0008878 0.00095715 0.000885 0.00092555 0.00090865 0.00089915 0.00091145 0.0008548 0.00089555 0.0009541 0.0009124 0.0008881 0.0009439 0.00091035 0.00088775 0.00083245 0.00092635 0.0009204 0.00093795 0.00090335 0.00089905 0.00092135 0.00090165 0.00086305 0.0008155 0.00090955 0.00086385 0.00085245 0.0009224 0.00080115 0.00087885 0.00083135 0.00093915 0.0009373 0.0009241 0.00097175 0.00090555 0.00091265 0.00093325 0.00087835 0.0009344 0.00091965 0.00087605 0.000893 0.00094345 0.0009336 0.0009114 0.0008552 0.00088 0.00092085 0.00088695 0.00090085 0.00090885 0.0008727 0.00090735 0.00089705
31 0.00090455 0.00069335 0.0009598 0.00094565 0.0008126 0.0009661 0.00092555 0.0009496 0.0009342 0.00097515 0.00094015 0.00096425 0.0009476 0.0009319 0.00093045 0.0009309 0.0009305 0.0009033 0.00089235 0.0008876 0.0009305 0.00090625 0.0009223 0.0009102 0.0008925 0.0009422 0.00087345 0.00087365 0.00089775 0.00091805 0.00092015 0.0008733 0.0009201 0.0008705 0.00093765 0.00094345 0.000972 0.00093195 0.0009272 0.00086575 0.00088855 0.0009224 0.00089605 0.0009219 0.00086295 0.00095135 0.00089075 0.0009597 0.00087825 0.00090765 0.0009142 0.0009064 0.0009025 0.00094605 0.00090545 0.00094905 0.0009224 0.0009227 0.0008793 0.0008765 0.0009429 0.00087815 0.0009048 0.00091355 0.00092445 0.0009111 0.0009375 0.00094065 0.00083105 0.00090965 0.00092025 0.000953 0.0009246 0.0008499 0.0008085 0.000882 0.00081215 0.00088315 0.00092985 0.00094035 0.0008767 0.0009421 0.00090405 0.0009347 0.00086525 0.0008447 0.00096915 0.0009223 0.00090155 0.0008817 0.00092125 0.0008947 0.0009427 0.0009097 0.00089135 0.0009405 0.0009892 0.0008921 0.0009484 0.0009068
32 0.0009241 0.00091545 0.000972 0.000937 0.00096395 0.0008965 0.0009423 0.00089135 0.0009508 0.0009194 0.00091125 0.00093125 0.0008923 0.0009139 0.00095545 0.00089215 0.00090945 0.00096435 0.00083485 0.0007655 0.0008637 0.0009541 0.0009019 0.00093835 0.0009048 0.0009606 0.0009383 0.0009434 0.0008568 0.000921 0.00092705 0.0009201 0.0008882 0.00087125 0.00089875 0.00088035 0.0009418 0.00092975 0.00092725 0.0008421 0.00091455 0.00096055 0.00093735 0.00098225 0.00087155 0.00096635 0.0008457 0.00093375 0.00090625 0.00095595 0.0009091 0.0009031 0.00090615 0.0009153 0.0009437 0.00090725 0.00095055 0.0009527 0.0009476 0.00086715 0.0009132 0.00090895 0.0009006 0.0009257 0.00085715 0.00094675 0.0009112 0.00092275 0.00089415 0.0008423 0.0009341 0.0009624 0.000962 0.0009249 0.00086705 0.0009444 0.00099045 0.0009206 0.00090715 0.0008458 0.0009248 0.0009188 0.0009134 0.00092625 0.0009251 0.00087085 0.00093225 0.00092215 0.00086515 0.0008837 0.0009493 0.0008316 0.0008075 0.0009103 0.00090925 0.0009199 0.0008944 0.0009457 0.0009263 0.00085825
33 0.000853 0.0008805 0.0009445 0.0008926 0.000946 0.00094925 0.0008755 0.00092535 0.00091945 0.0009197 0.00094995 0.00090695 0.00077375 0.00091925 0.0009262 0.0009021 0.0009043 0.00090415 0.00082915 0.00085315 0.0008266 0.0008826 0.0009023 0.00087855 0.0008661 0.0008756 0.0008812 0.00091025 0.00087475 0.00084175 0.0009189 0.0008705 0.00087125 0.0009047 0.0008971 0.0009126 0.00096365 0.00091385 0.00094275 0.0008719 0.0009208 0.000903 0.0007925 0.000862 0.0008801 0.0009129 0.00090665 0.0009477 0.00091765 0.00088415 0.00089045 0.0008718 0.00086995 0.0009238 0.0009017 0.0009171 0.00086 0.0008793 0.0009328 0.0008679 0.00084465 0.000927 0.0008971 0.00095855 0.0008792 0.00090835 0.0008283 0.00088325 0.00090935 0.0008763 0.00092495 0.00090045 0.0008862 0.0008825 0.0007209 0.0008874 0.0009576 0.0009078 0.0008794 0.00088325 0.00089785 0.00095205 0.0008858 0.00089605 0.0009238 0.0008882 0.0009283 0.0008772 0.00094175 0.0008603 0.0009143 0.00086855 0.00080275 0.00092645 0.00087895 0.0008326 0.00089635 0.00090235 0.00093095 0.0009083
34 0.00086205 0.00094495 0.0009459 0.00087705 0.00087635 0.00093505 0.0009129 0.0009081 0.0008926 0.00089065 0.00089165 0.00089225 0.0008751 0.00084095 0.00091815 0.00086435 0.00090625 0.000918 0.00085035 0.0008576 0.0009176 0.00090765 0.00086415 0.00085305 0.0008262 0.00089935 0.0008964 0.00091215 0.0008744 0.00078665 0.0009055 0.00093765 0.00089875 0.0008971 0.0009118 0.0008708 0.00095545 0.0008996 0.0009258 0.0008524 0.00083855 0.0009192 0.00089625 0.0008878 0.00083385 0.00091005 0.0008415 0.0008639 0.0008961 0.00090175 0.0008882 0.00067215 0.000816 0.00093085 0.0009101 0.00085895 0.00086925 0.00083355 0.00089855 0.00086685 0.0008944 0.00091305 0.00093225 0.000933 0.000861 0.0009705 0.0008475 0.0008916 0.0009027 0.00093235 0.00086245 0.0008365 0.0009067 0.0008903 0.00089675 0.000872 0.0009553 0.0009453 0.0008491 0.00087505 0.00093515 0.0009093 0.00089965 0.00088605 0.00088015 0.0008895 0.00088355 0.0009187 0.00089165 0.0008842 0.00092995 0.0009318 0.000877 0.0008518 0.0009093 0.000911 0.000861 0.00089025 0.0009078 0.00092
35 0.00094925 0.000929 0.00094345 0.0009165 0.00087595 0.0008292 0.0008945 0.0008893 0.00093965 0.00088055 0.000898 0.0009093 0.00086345 0.0009094 0.0009001 0.0008922 0.0008677 0.00089945 0.0009455 0.0009013 0.0008033 0.0009152 0.0008843 0.0009071 0.0009125 0.0008711 0.0008978 0.00093365 0.00092135 0.00088985 0.00092815 0.00094345 0.00088035 0.0009126 0.0008708 0.0009444 0.00094465 0.00090535 0.0009717 0.0008207 0.0008997 0.000933 0.00092125 0.0008914 0.00094055 0.00094815 0.00085745 0.0008438 0.00092935 0.00087675 0.0008629 0.00091265 0.0008866 0.0009166 0.0008863 0.00084125 0.00087695 0.00091625 0.00089625 0.00084515 0.00091185 0.00091545 0.00090035 0.00092375 0.0009128 0.0009353 0.00090345 0.00092735 0.00087745 0.00085535 0.0009237 0.0009066 0.0009153 0.00092505 0.00091385 0.00091795 0.0009801 0.00088645 0.0009334 0.0009252 0.00089805 0.00088895 0.00093355 0.00088235 0.00095895 0.0009014 0.0009313 0.0008785 0.0008934 0.0008558 0.0009553 0.00089465 0.00090655 0.000927 0.0009101 0.0008855 0.00091035 0.00089785 0.00091865 0.00095535
