 slim_337590454 slim_337590401 slim_337590471 slim_337590315 slim_337590306 slim_337590285 slim_337590494 slim_337590373 slim_337590316 slim_337590445 slim_337590458 slim_337590463 slim_337590278 slim_337590245 slim_337590446 slim_337590470 slim_337590299 slim_337590450 slim_337590427 slim_337590440 slim_337590424 slim_337590271 slim_337590326 slim_337590092 slim_337590080 slim_337590266 slim_337590392 slim_337590491 slim_337590397 slim_337590418 slim_337590480 slim_337590406 slim_337590403 slim_337590437 slim_337590321 slim_337590433 slim_337590289 slim_337590479 slim_337590499 slim_337590484 slim_337590252 slim_337590462 slim_337590356 slim_337590482 slim_337590396 slim_337590275 slim_337590229 slim_337590389 slim_337590461 slim_337590495 slim_337590354 slim_337590497 slim_337590487 slim_337590377 slim_337590153 slim_337590422 slim_337590498 slim_337590423 slim_337590410 slim_337590161 slim_337590452 slim_337590468 slim_337590488 slim_337590388 slim_337590442 slim_337590474 slim_337590485 slim_337590483 slim_337590476 slim_337590473 slim_337590194 slim_337590472 slim_337590444 slim_337590493 slim_337590411 slim_337590358 slim_337590394 slim_337590475 slim_337590492 slim_337590303 slim_337590281 slim_337590486 slim_337590416 slim_337590288 slim_337590090 slim_337590391 slim_337590436 slim_337590451 slim_337590247 slim_337590453 slim_337590362 slim_337590449 slim_337590477 slim_337590464 slim_337590489 slim_337590419 slim_337590345 slim_337589966 slim_337589968 slim_337590466
0 4.8e-06 1.075e-05 1.245e-05 1.545e-05 6.75e-06 9.2e-06 1.48e-05 1.095e-05 1.13e-05 1.75e-05 1.25e-05 1.555e-05 1.08e-05 1.055e-05 6.4e-06 1.22e-05 1.34e-05 7.3e-06 6.6e-06 1.49e-05 1.45e-05 1.465e-05 1.095e-05 1.415e-05 8.3e-06 1.66e-05 1.42e-05 8.45e-06 1.095e-05 6.4e-06 1.255e-05 1.42e-05 1.24e-05 9.8e-06 1.48e-05 1.23e-05 1.015e-05 1.485e-05 6.85e-06 8.35e-06 1.07e-05 7.9e-06 8.75e-06 6.65e-06 1.425e-05 7.9e-06 6.6e-06 1.36e-05 6.4e-06 1.57e-05 1.36e-05 1.38e-05 8.15e-06 1.2e-05 2.7e-06 1.205e-05 6.7e-06 1.33e-05 7.6e-06 1.455e-05 1.35e-05 1.11e-05 1.225e-05 1.17e-05 7.2e-06 1e-05 1.135e-05 9.1e-06 9.9e-06 1.45e-05 1.11e-05 1.455e-05 1.435e-05 1.525e-05 9.9e-06 1.505e-05 1.555e-05 1.22e-05 1.605e-05 1.16e-05 1.285e-05 1.105e-05 9.5e-06 1.265e-05 1.515e-05 1.255e-05 1.1e-05 1.41e-05 1.4e-05 1.805e-05 6.8e-06 7.6e-06 7.25e-06 1.52e-05 1.675e-05 1.23e-05 1.49e-05 1.435e-05 6.85e-06 8.95e-06
1 1.075e-05 5.5e-06 5.55e-06 1.17e-05 7.85e-06 1.03e-05 1.06e-05 1.165e-05 6.4e-06 1.385e-05 1.33e-05 1.12e-05 5.15e-06 3.8e-06 8.05e-06 7.45e-06 7.4e-06 9.75e-06 7.85e-06 7.95e-06 9.95e-06 1.055e-05 5.25e-06 9.15e-06 1e-05 1.275e-05 1.005e-05 9.55e-06 4.25e-06 7.15e-06 7.5e-06 8.5e-06 6.35e-06 9.75e-06 8.95e-06 7.1e-06 1.255e-05 1.055e-05 7.35e-06 7.25e-06 3.55e-06 1.07e-05 1.055e-05 7.15e-06 9.65e-06 9.2e-06 8e-06 9.1e-06 8.25e-06 1.075e-05 8.05e-06 9.25e-06 8.7e-06 5.6e-06 1.15e-05 7.55e-06 8.75e-06 7.25e-06 8.2e-06 1.01e-05 7.5e-06 4.55e-06 6.25e-06 4.3e-06 8.4e-06 1.185e-05 6.1e-06 1.06e-05 1.265e-05 9.4e-06 4.45e-06 9.3e-06 1.01e-05 1.115e-05 1.21e-05 1.05e-05 1.055e-05 5.15e-06 1.155e-05 1.325e-05 6.25e-06 4.7e-06 9.65e-06 6.25e-06 1.08e-05 5.75e-06 4.45e-06 9.25e-06 8.4e-06 1.435e-05 8.45e-06 1.03e-05 9.4e-06 9.6e-06 1.24e-05 6.05e-06 9.4e-06 9.25e-06 8.15e-06 1.08e-05
2 1.245e-05 5.55e-06 7e-06 1.05e-05 9.25e-06 9.95e-06 1.105e-05 1.255e-05 7.8e-06 1.35e-05 1.245e-05 1.145e-05 6.15e-06 5.25e-06 9.85e-06 8.7e-06 7.2e-06 1.14e-05 1.035e-05 5.5e-06 8.5e-06 8.95e-06 7.4e-06 9.9e-06 1.01e-05 1.29e-05 1.045e-05 9.6e-06 4.4e-06 8.5e-06 7.65e-06 6.75e-06 6.3e-06 9.8e-06 7.15e-06 6.75e-06 1.345e-05 1.06e-05 8.9e-06 8.7e-06 5.15e-06 1.225e-05 1.085e-05 7.55e-06 1.03e-05 1.105e-05 8.65e-06 1.085e-05 1.065e-05 8.5e-06 8.1e-06 1.03e-05 8.3e-06 7e-06 1.365e-05 8.75e-06 1.105e-05 7.05e-06 9.65e-06 8.3e-06 7.3e-06 5.65e-06 7.25e-06 4.7e-06 1.025e-05 1.23e-05 6.45e-06 1.09e-05 1.355e-05 8.8e-06 6.3e-06 9.45e-06 1.05e-05 1.135e-05 1.3e-05 1.115e-05 1.01e-05 4.35e-06 1.115e-05 1.22e-05 4.55e-06 5.9e-06 9.85e-06 5.65e-06 1.105e-05 5.05e-06 5.3e-06 7.2e-06 9.85e-06 1.37e-05 1.05e-05 1.185e-05 1.11e-05 9.6e-06 1.115e-05 4.8e-06 8.45e-06 9.2e-06 1.02e-05 1.13e-05
3 1.545e-05 1.17e-05 1.05e-05 1.12e-05 1.365e-05 1.215e-05 9.7e-06 1.12e-05 1.105e-05 7.4e-06 8.95e-06 1.01e-05 1.2e-05 1.185e-05 1.415e-05 1.21e-05 1.085e-05 1.315e-05 1.395e-05 9.8e-06 8.15e-06 7.45e-06 1.25e-05 9.65e-06 1.27e-05 8.9e-06 7.7e-06 1.26e-05 1.15e-05 1.34e-05 1.085e-05 8.9e-06 1.075e-05 1.365e-05 9.4e-06 9.65e-06 1.165e-05 1.015e-05 1.35e-05 1.405e-05 1.175e-05 1.315e-05 1.315e-05 1.29e-05 9.95e-06 1.445e-05 1.36e-05 1.095e-05 1.415e-05 8.2e-06 1.12e-05 9.3e-06 1.185e-05 1.25e-05 1.61e-05 1.1e-05 1.455e-05 1.115e-05 1.455e-05 7.8e-06 1.105e-05 1.24e-05 1.26e-05 1.26e-05 1.43e-05 1.105e-05 1.055e-05 1.325e-05 1.17e-05 9.3e-06 1.23e-05 9.85e-06 1.005e-05 8.85e-06 1.095e-05 1.005e-05 9.1e-06 1.025e-05 8.25e-06 1.06e-05 1.05e-05 1.215e-05 1.19e-05 1.06e-05 9.7e-06 1.07e-05 1.225e-05 7.35e-06 9.6e-06 7.4e-06 1.44e-05 1.275e-05 1.4e-05 1.02e-05 8.45e-06 1.01e-05 1.03e-05 9.3e-06 1.415e-05 1.265e-05
4 6.75e-06 7.85e-06 9.25e-06 1.365e-05 1.16e-05 1.04e-05 1.27e-05 1.165e-05 9.3e-06 1.59e-05 1.245e-05 1.345e-05 8e-06 7.5e-06 7.2e-06 9.6e-06 1.05e-05 8.35e-06 6.5e-06 1.19e-05 1.205e-05 1.25e-05 8.35e-06 1.19e-05 8.75e-06 1.495e-05 1.24e-05 8.2e-06 7.65e-06 7.7e-06 1.04e-05 1.14e-05 9.6e-06 9.75e-06 1.2e-05 1.025e-05 1.085e-05 1.27e-05 7.75e-06 8.35e-06 7.85e-06 9.7e-06 9.6e-06 7.3e-06 1.23e-05 8.45e-06 6.8e-06 1.15e-05 7.05e-06 1.325e-05 1.13e-05 1.17e-05 8.85e-06 9.2e-06 6e-06 9.9e-06 7.45e-06 1.05e-05 7.5e-06 1.27e-05 1.07e-05 8.55e-06 9.45e-06 8.65e-06 7e-06 1.155e-05 8.85e-06 9.5e-06 1.1e-05 1.205e-05 8.1e-06 1.22e-05 1.255e-05 1.36e-05 1.035e-05 1.295e-05 1.305e-05 9.2e-06 1.395e-05 1.27e-05 9.7e-06 8.25e-06 9.7e-06 9.6e-06 1.305e-05 9.5e-06 8.3e-06 1.16e-05 1.18e-05 1.645e-05 7.5e-06 9.3e-06 7.8e-06 1.29e-05 1.465e-05 9e-06 1.25e-05 1.125e-05 7.2e-06 9.05e-06
5 9.2e-06 1.03e-05 9.95e-06 1.215e-05 1.04e-05 1.48e-05 1.27e-05 1.125e-05 9.55e-06 1.41e-05 1.305e-05 1.255e-05 1.095e-05 1.04e-05 1.045e-05 1.14e-05 1.055e-05 1.03e-05 1.105e-05 9.3e-06 1.09e-05 1.025e-05 1.125e-05 1.225e-05 1.01e-05 1.28e-05 1.22e-05 1.095e-05 1e-05 8.75e-06 1.055e-05 1.01e-05 1.075e-05 1.05e-05 1.01e-05 1.025e-05 1.245e-05 1.185e-05 9.15e-06 9.4e-06 9.85e-06 1.12e-05 9.65e-06 8.8e-06 1.2e-05 1.065e-05 1.04e-05 1.235e-05 1.105e-05 1.21e-05 9.15e-06 1.35e-05 9.15e-06 1.065e-05 1.09e-05 1.045e-05 1.14e-05 1.045e-05 1.065e-05 8.8e-06 1.065e-05 1e-05 1.09e-05 1.015e-05 1.12e-05 1.08e-05 9.8e-06 9.85e-06 1.24e-05 1.155e-05 1.06e-05 1.175e-05 1.15e-05 1.145e-05 1.31e-05 1.24e-05 1.275e-05 9.4e-06 1.265e-05 1.045e-05 9.7e-06 9.9e-06 9.3e-06 9.7e-06 1.215e-05 9.55e-06 9.85e-06 1.01e-05 1.215e-05 1.375e-05 1.085e-05 1.09e-05 1.1e-05 1.165e-05 1.195e-05 1.045e-05 1.135e-05 1.14e-05 1.07e-05 1.105e-05
6 1.48e-05 1.06e-05 1.105e-05 9.7e-06 1.27e-05 1.27e-05 1.41e-05 1.105e-05 1.135e-05 7.15e-06 1.125e-05 8.45e-06 1.05e-05 1.025e-05 1.32e-05 7.25e-06 1.035e-05 1.31e-05 1.195e-05 1.165e-05 1.015e-05 9.25e-06 1.085e-05 9.25e-06 1.265e-05 1.015e-05 1.035e-05 1.32e-05 1.105e-05 1.315e-05 1.03e-05 9.5e-06 1.17e-05 1.395e-05 1.005e-05 1.16e-05 1.085e-05 9.85e-06 1.32e-05 1.38e-05 1.115e-05 1.305e-05 1.305e-05 1.275e-05 9.5e-06 1.34e-05 1.275e-05 8.55e-06 1.215e-05 8.9e-06 1.14e-05 1e-05 1.315e-05 1.085e-05 1.475e-05 9.25e-06 1.255e-05 1.05e-05 1.365e-05 1.045e-05 1.055e-05 1.19e-05 1e-05 1.21e-05 1.22e-05 1.095e-05 1.1e-05 1.315e-05 1.095e-05 9.85e-06 1.075e-05 1.03e-05 1.045e-05 1.02e-05 1.23e-05 9.2e-06 8.7e-06 1.085e-05 9.85e-06 1.28e-05 1.125e-05 1.155e-05 1.205e-05 1.095e-05 8.05e-06 1.135e-05 1.165e-05 1.07e-05 9.15e-06 8.45e-06 1.34e-05 1.265e-05 1.085e-05 1.07e-05 9.35e-06 1.12e-05 1.13e-05 9.75e-06 1.315e-05 1.17e-05
7 1.095e-05 1.165e-05 1.255e-05 1.12e-05 1.165e-05 1.125e-05 1.105e-05 1.74e-05 1.145e-05 8.8e-06 1.195e-05 1.245e-05 1.25e-05 1.215e-05 1.195e-05 1.34e-05 1.335e-05 1.16e-05 1.165e-05 1.37e-05 1.25e-05 1.225e-05 1.26e-05 1.05e-05 1.17e-05 1.12e-05 1.14e-05 1.22e-05 1.23e-05 1.13e-05 1.3e-05 1.295e-05 1.275e-05 1.31e-05 1.35e-05 1.255e-05 1e-05 1.24e-05 1.14e-05 1.13e-05 1.205e-05 1.095e-05 1.22e-05 1.12e-05 1.03e-05 1.26e-05 1.18e-05 1.205e-05 1.205e-05 1.07e-05 1.255e-05 1.225e-05 1.16e-05 1.34e-05 1.145e-05 1.24e-05 1.225e-05 1.35e-05 1.255e-05 1.18e-05 1.355e-05 1.285e-05 1.36e-05 1.32e-05 1.22e-05 9.55e-06 1.18e-05 1.225e-05 1.015e-05 1.15e-05 1.265e-05 1.165e-05 1.145e-05 1.13e-05 1.155e-05 1.215e-05 1.27e-05 1.245e-05 1.245e-05 1.115e-05 1.295e-05 1.21e-05 1.1e-05 1.22e-05 1.205e-05 1.28e-05 1.215e-05 1.195e-05 1.01e-05 1.02e-05 1.215e-05 1.055e-05 1.235e-05 1.225e-05 1.235e-05 1.255e-05 1.24e-05 1.135e-05 1.185e-05 1.245e-05
8 1.13e-05 6.4e-06 7.8e-06 1.105e-05 9.3e-06 9.55e-06 1.135e-05 1.145e-05 8.5e-06 1.345e-05 1.425e-05 1.16e-05 6.6e-06 6.7e-06 9e-06 9.35e-06 9.15e-06 8.55e-06 9.95e-06 9.65e-06 1.015e-05 1.035e-05 6.9e-06 1.005e-05 1.05e-05 1.09e-05 8.85e-06 1.1e-05 6.15e-06 7.85e-06 8.95e-06 1.065e-05 7.55e-06 1.065e-05 1.07e-05 8.15e-06 1.29e-05 1.04e-05 8.6e-06 8.2e-06 5.75e-06 1.12e-05 1.065e-05 8.2e-06 8.95e-06 9.6e-06 9.3e-06 9.35e-06 9.8e-06 1.145e-05 7.75e-06 1.025e-05 9.75e-06 7.5e-06 1.245e-05 6.85e-06 9.7e-06 9.1e-06 9.7e-06 8.7e-06 9.35e-06 6.05e-06 8.15e-06 6.6e-06 1.02e-05 1.18e-05 5.35e-06 1.085e-05 1.285e-05 9.75e-06 7e-06 1.01e-05 9.65e-06 8.95e-06 1.31e-05 1.095e-05 1.255e-05 7.7e-06 1.195e-05 1.215e-05 8e-06 5.2e-06 1.025e-05 7.35e-06 1.12e-05 8e-06 5.3e-06 9.05e-06 9.75e-06 1.35e-05 9.1e-06 1.08e-05 1.075e-05 1e-05 1.245e-05 7.85e-06 9.6e-06 9.6e-06 9e-06 1.225e-05
9 1.75e-05 1.385e-05 1.35e-05 7.4e-06 1.59e-05 1.41e-05 7.15e-06 8.8e-06 1.345e-05 2e-07 1.055e-05 9.2e-06 1.45e-05 1.42e-05 1.64e-05 1.42e-05 1.355e-05 1.495e-05 1.565e-05 1.3e-05 1.07e-05 1.005e-05 1.48e-05 7.55e-06 1.495e-05 6.35e-06 9.15e-06 1.53e-05 1.455e-05 1.61e-05 1.355e-05 1.175e-05 1.405e-05 1.58e-05 1.225e-05 1.335e-05 8.85e-06 1.025e-05 1.615e-05 1.67e-05 1.46e-05 1.35e-05 1.46e-05 1.575e-05 7.75e-06 1.64e-05 1.6e-05 1.045e-05 1.585e-05 6.15e-06 1.33e-05 1.065e-05 1.5e-05 1.505e-05 1.77e-05 1.305e-05 1.625e-05 1.385e-05 1.68e-05 9.8e-06 1.375e-05 1.53e-05 1.51e-05 1.55e-05 1.605e-05 8.6e-06 1.315e-05 1.47e-05 9e-06 8.95e-06 1.465e-05 9.35e-06 9.5e-06 7.9e-06 1.22e-05 9.2e-06 9.7e-06 1.33e-05 8.8e-06 1.105e-05 1.37e-05 1.5e-05 1.47e-05 1.35e-05 8.8e-06 1.375e-05 1.51e-05 1.06e-05 7.5e-06 2.45e-06 1.66e-05 1.31e-05 1.585e-05 9.7e-06 8.1e-06 1.36e-05 1.075e-05 8.8e-06 1.635e-05 1.47e-05
10 1.25e-05 1.33e-05 1.245e-05 8.95e-06 1.245e-05 1.305e-05 1.125e-05 1.195e-05 1.425e-05 1.055e-05 1.39e-05 1.16e-05 1.325e-05 1.31e-05 1.295e-05 1.205e-05 1.235e-05 1.325e-05 1.205e-05 1.195e-05 1.11e-05 1.055e-05 1.37e-05 1.215e-05 1.14e-05 1.225e-05 1.065e-05 1.14e-05 1.345e-05 1.36e-05 1.22e-05 1.03e-05 1.265e-05 1.275e-05 1.09e-05 1.175e-05 1.105e-05 1.215e-05 1.365e-05 1.43e-05 1.365e-05 1.325e-05 1.265e-05 1.31e-05 1.245e-05 1.355e-05 1.24e-05 1.24e-05 1.225e-05 1.075e-05 1.38e-05 1.025e-05 1.205e-05 1.4e-05 1.175e-05 1.325e-05 1.265e-05 1.235e-05 1.345e-05 1.215e-05 1.255e-05 1.445e-05 1.365e-05 1.465e-05 1.24e-05 1.185e-05 1.38e-05 1.275e-05 1.11e-05 1.18e-05 1.365e-05 1.235e-05 1.25e-05 1.265e-05 9.45e-06 1.17e-05 9.35e-06 1.22e-05 9.9e-06 1.17e-05 1.255e-05 1.405e-05 1.18e-05 1.245e-05 1.12e-05 1.275e-05 1.415e-05 1.1e-05 1.21e-05 1.05e-05 1.315e-05 1.285e-05 1.18e-05 1.28e-05 1.07e-05 1.205e-05 1.315e-05 1.18e-05 1.29e-05 1.09e-05
11 1.555e-05 1.12e-05 1.145e-05 1.01e-05 1.345e-05 1.255e-05 8.45e-06 1.245e-05 1.16e-05 9.2e-06 1.16e-05 1.5e-05 1.125e-05 1.085e-05 1.395e-05 7.75e-06 1.03e-05 1.335e-05 1.27e-05 1.07e-05 1.055e-05 9.3e-06 1.16e-05 1.06e-05 1.315e-05 9.45e-06 1.06e-05 1.395e-05 1.165e-05 1.39e-05 1.07e-05 9.5e-06 1.245e-05 1.37e-05 9.6e-06 1.19e-05 1.225e-05 9.65e-06 1.395e-05 1.41e-05 1.175e-05 1.38e-05 1.325e-05 1.35e-05 1.09e-05 1.365e-05 1.35e-05 8.5e-06 1.29e-05 1.01e-05 1.125e-05 1.075e-05 1.39e-05 1.1e-05 1.55e-05 9.3e-06 1.33e-05 1.04e-05 1.395e-05 1.03e-05 1.05e-05 1.22e-05 9.95e-06 1.225e-05 1.295e-05 1.235e-05 1.125e-05 1.335e-05 1.23e-05 9.55e-06 1.105e-05 1e-05 1.015e-05 9.4e-06 1.305e-05 8.6e-06 9e-06 1.105e-05 1.005e-05 1.26e-05 1.115e-05 1.215e-05 1.245e-05 1.13e-05 7.55e-06 1.125e-05 1.225e-05 1.11e-05 1.05e-05 8.9e-06 1.415e-05 1.34e-05 1.155e-05 9.95e-06 8.4e-06 1.195e-05 1.095e-05 9.45e-06 1.39e-05 1.21e-05
12 1.08e-05 5.15e-06 6.15e-06 1.2e-05 8e-06 1.095e-05 1.05e-05 1.25e-05 6.6e-06 1.45e-05 1.325e-05 1.125e-05 6.4e-06 4.85e-06 7.85e-06 6.6e-06 7.8e-06 1.015e-05 7.9e-06 9.3e-06 9.75e-06 1.04e-05 4.35e-06 9.9e-06 1e-05 1.37e-05 1.075e-05 9.45e-06 4.25e-06 7.35e-06 7.15e-06 8.7e-06 5.75e-06 1.08e-05 9.3e-06 8.1e-06 1.285e-05 1.07e-05 8e-06 8.6e-06 4.65e-06 1.115e-05 1.11e-05 6.75e-06 9.6e-06 9.45e-06 7.35e-06 9.35e-06 7.75e-06 1.07e-05 8.3e-06 8.05e-06 8.85e-06 6.5e-06 1.13e-05 7.7e-06 7.25e-06 7.8e-06 9e-06 1.1e-05 8e-06 5.35e-06 6.65e-06 6.1e-06 8.25e-06 1.24e-05 6.05e-06 1.13e-05 1.28e-05 9.25e-06 5.4e-06 1.04e-05 1.075e-05 1.22e-05 1.22e-05 1.085e-05 1.055e-05 6.6e-06 1.175e-05 1.365e-05 6.45e-06 4.95e-06 9.95e-06 7.05e-06 1.085e-05 7.1e-06 5.05e-06 9.35e-06 9.75e-06 1.51e-05 7.7e-06 1.075e-05 8.8e-06 1.09e-05 1.265e-05 5.35e-06 1.065e-05 9.9e-06 7.6e-06 1.045e-05
13 1.055e-05 3.8e-06 5.25e-06 1.185e-05 7.5e-06 1.04e-05 1.025e-05 1.215e-05 6.7e-06 1.42e-05 1.31e-05 1.085e-05 4.85e-06 5.6e-06 8e-06 6.4e-06 7e-06 9.55e-06 6.8e-06 8e-06 9.5e-06 1.01e-05 4.8e-06 9.2e-06 9.75e-06 1.29e-05 1.025e-05 9.2e-06 4.35e-06 7.45e-06 7.25e-06 8.05e-06 6.75e-06 9.55e-06 8.5e-06 7.2e-06 1.235e-05 1.01e-05 7.3e-06 7.65e-06 4.25e-06 1.085e-05 1.025e-05 7.25e-06 1.005e-05 9.15e-06 7.75e-06 8.75e-06 7.4e-06 1.095e-05 8.5e-06 9.05e-06 8.8e-06 5.25e-06 1.085e-05 7.1e-06 8.15e-06 6.85e-06 7.9e-06 1.01e-05 7.1e-06 4.85e-06 5.8e-06 4.05e-06 7.6e-06 1.21e-05 6.2e-06 1.02e-05 1.255e-05 9.6e-06 3.9e-06 9.4e-06 1.035e-05 1.14e-05 1.185e-05 1.025e-05 1.025e-05 5.25e-06 1.125e-05 1.33e-05 6.3e-06 5e-06 9.6e-06 6.35e-06 1.045e-05 5.7e-06 4.35e-06 9.3e-06 9.1e-06 1.465e-05 8.55e-06 1.045e-05 8.6e-06 9.85e-06 1.22e-05 6.1e-06 9.05e-06 9.45e-06 8.15e-06 9.95e-06
14 6.4e-06 8.05e-06 9.85e-06 1.415e-05 7.2e-06 1.045e-05 1.32e-05 1.195e-05 9e-06 1.64e-05 1.295e-05 1.395e-05 7.85e-06 8e-06 1.18e-05 1.01e-05 1.08e-05 8.45e-06 7.1e-06 1.18e-05 1.265e-05 1.3e-05 8.05e-06 1.24e-05 8.9e-06 1.55e-05 1.29e-05 8.9e-06 8.45e-06 6.35e-06 9.65e-06 1.18e-05 9.45e-06 9.95e-06 1.215e-05 1.03e-05 1.135e-05 1.325e-05 7.8e-06 8.35e-06 7.9e-06 9.95e-06 9.6e-06 7.5e-06 1.2e-05 8.55e-06 7.1e-06 1.2e-05 6.75e-06 1.39e-05 1.125e-05 1.14e-05 9.05e-06 9.4e-06 6.15e-06 1.04e-05 6.75e-06 1.07e-05 7.75e-06 1.305e-05 1.09e-05 7.35e-06 9.65e-06 8.8e-06 7.65e-06 1.16e-05 9.5e-06 9.9e-06 1.11e-05 1.27e-05 8.35e-06 1.245e-05 1.27e-05 1.41e-05 1.09e-05 1.345e-05 1.355e-05 9.5e-06 1.445e-05 1.29e-05 1e-05 8.1e-06 1e-05 1.025e-05 1.355e-05 9.65e-06 7.95e-06 1.225e-05 1.21e-05 1.695e-05 6.8e-06 9.55e-06 7.95e-06 1.31e-05 1.515e-05 9.8e-06 1.3e-05 1.255e-05 6.9e-06 9.6e-06
15 1.22e-05 7.45e-06 8.7e-06 1.21e-05 9.6e-06 1.14e-05 7.25e-06 1.34e-05 9.35e-06 1.42e-05 1.205e-05 7.75e-06 6.6e-06 6.4e-06 1.01e-05 6e-07 7.25e-06 1.135e-05 8.35e-06 1.04e-05 9.7e-06 8.55e-06 7e-06 1.105e-05 1.045e-05 1.405e-05 1.165e-05 1.12e-05 7.65e-06 1.03e-05 7.15e-06 7.35e-06 9.45e-06 1.22e-05 7.95e-06 9.95e-06 1.295e-05 9.55e-06 1.035e-05 1.1e-05 7.8e-06 1.27e-05 1.16e-05 9.85e-06 1.135e-05 1.05e-05 9.6e-06 6.7e-06 8.55e-06 1.175e-05 9.6e-06 9.45e-06 1.14e-05 6.75e-06 1.19e-05 5.35e-06 8.95e-06 7.25e-06 1.06e-05 1.12e-05 7.45e-06 8.6e-06 4.95e-06 8.8e-06 8.45e-06 1.33e-05 8.95e-06 1.17e-05 1.3e-05 1.085e-05 6.95e-06 1.135e-05 1.15e-05 1.26e-05 1.25e-05 9.3e-06 7.75e-06 8.5e-06 1.1e-05 1.465e-05 8.9e-06 8.2e-06 9.5e-06 8.5e-06 7.35e-06 9.05e-06 8.3e-06 1.09e-05 1.09e-05 1.455e-05 1.03e-05 1.23e-05 6.05e-06 1.18e-05 1.07e-05 8.9e-06 1.195e-05 1.08e-05 1.005e-05 8.8e-06
16 1.34e-05 7.4e-06 7.2e-06 1.085e-05 1.05e-05 1.055e-05 1.035e-05 1.335e-05 9.15e-06 1.355e-05 1.235e-05 1.03e-05 7.8e-06 7e-06 1.08e-05 7.25e-06 1.11e-05 1.195e-05 1.05e-05 5.85e-06 8.6e-06 7.4e-06 8.35e-06 1.09e-05 1.09e-05 1.29e-05 1.115e-05 1.105e-05 7.25e-06 1.025e-05 7e-06 6.1e-06 8.4e-06 9.8e-06 5.75e-06 7.75e-06 1.36e-05 9.6e-06 1.075e-05 9.7e-06 7.25e-06 1.355e-05 1.13e-05 1.01e-05 1.12e-05 1.125e-05 1.06e-05 1.015e-05 1.07e-05 1.05e-05 8.6e-06 1.05e-05 1.05e-05 5.65e-06 1.385e-05 8.5e-06 1.11e-05 6.25e-06 1e-05 8.8e-06 5.85e-06 6.75e-06 6.75e-06 6.65e-06 1.04e-05 1.32e-05 8.6e-06 1.14e-05 1.365e-05 1.005e-05 6.55e-06 9.9e-06 1.09e-05 1.14e-05 1.335e-05 9.75e-06 8.8e-06 6.6e-06 1.06e-05 1.295e-05 6.75e-06 7.95e-06 9.4e-06 7.55e-06 9.9e-06 6.55e-06 7.9e-06 8.65e-06 1.065e-05 1.335e-05 1.135e-05 1.315e-05 1.045e-05 9.4e-06 9.5e-06 7.8e-06 1.015e-05 9.9e-06 1.11e-05 9.75e-06
17 7.3e-06 9.75e-06 1.14e-05 1.315e-05 8.35e-06 1.03e-05 1.31e-05 1.16e-05 8.55e-06 1.495e-05 1.325e-05 1.335e-05 1.015e-05 9.55e-06 8.45e-06 1.135e-05 1.195e-05 1.33e-05 8.25e-06 1.325e-05 1.245e-05 1.255e-05 1.035e-05 1.25e-05 1e-05 1.275e-05 1.1e-05 1.005e-05 9.75e-06 9e-06 1.22e-05 1.345e-05 1.175e-05 9.95e-06 1.35e-05 1.115e-05 1.09e-05 1.25e-05 9.15e-06 9.4e-06 9.7e-06 1.035e-05 9.35e-06 8.85e-06 1.275e-05 8.45e-06 8.3e-06 1.11e-05 8.25e-06 1.4e-05 1.18e-05 1.29e-05 1.04e-05 1.03e-05 6.85e-06 9.1e-06 8.6e-06 1.19e-05 8.75e-06 1.14e-05 1.215e-05 1.015e-05 1.095e-05 1.02e-05 8.55e-06 1.14e-05 8.4e-06 9.6e-06 1.075e-05 1.23e-05 9.85e-06 1.255e-05 1.24e-05 1.095e-05 1.125e-05 1.27e-05 1.47e-05 1.13e-05 1.37e-05 1.21e-05 1.16e-05 1.005e-05 1.095e-05 1.145e-05 1.295e-05 1.15e-05 1.015e-05 1.205e-05 1.235e-05 1.5e-05 8.7e-06 9.95e-06 8.95e-06 1.255e-05 1.45e-05 1.145e-05 1.25e-05 1.215e-05 8.65e-06 1.05e-05
18 6.6e-06 7.85e-06 1.035e-05 1.395e-05 6.5e-06 1.105e-05 1.195e-05 1.165e-05 9.95e-06 1.565e-05 1.205e-05 1.27e-05 7.9e-06 6.8e-06 7.1e-06 8.35e-06 1.05e-05 8.25e-06 9.3e-06 1.305e-05 1.205e-05 1.23e-05 7.5e-06 1.16e-05 8.6e-06 1.52e-05 1.27e-05 8.15e-06 8.8e-06 8.4e-06 1.02e-05 1.135e-05 1.045e-05 1e-05 1.2e-05 1.12e-05 1.015e-05 1.245e-05 7.9e-06 9.05e-06 8.7e-06 1.015e-05 9.5e-06 8.2e-06 1.245e-05 8.3e-06 6.9e-06 1.08e-05 5.55e-06 1.37e-05 1.19e-05 1.095e-05 9.75e-06 9.2e-06 4.95e-06 9.65e-06 6.3e-06 1.05e-05 7.5e-06 1.345e-05 1.07e-05 9.5e-06 9.4e-06 9.75e-06 6e-06 1.175e-05 9.8e-06 9.3e-06 1.04e-05 1.25e-05 7.45e-06 1.235e-05 1.26e-05 1.385e-05 9.65e-06 1.225e-05 1.235e-05 1.03e-05 1.33e-05 1.335e-05 1.085e-05 9.1e-06 9.65e-06 1.05e-05 1.23e-05 1.035e-05 9.1e-06 1.255e-05 1.145e-05 1.625e-05 7.3e-06 9.75e-06 6.7e-06 1.335e-05 1.435e-05 1.015e-05 1.335e-05 1.235e-05 6.9e-06 7.9e-06
19 1.49e-05 7.95e-06 5.5e-06 9.8e-06 1.19e-05 9.3e-06 1.165e-05 1.37e-05 9.65e-06 1.3e-05 1.195e-05 1.07e-05 9.3e-06 8e-06 1.18e-05 1.04e-05 5.85e-06 1.325e-05 1.305e-05 0.0 7.7e-06 7.05e-06 1.01e-05 1.105e-05 1.105e-05 1.185e-05 1.125e-05 1.13e-05 7.45e-06 1.03e-05 7.65e-06 4.75e-06 7.95e-06 8.6e-06 3.65e-06 6.35e-06 1.455e-05 1.035e-05 1.145e-05 9.6e-06 7.5e-06 1.47e-05 1.14e-05 1.055e-05 1.135e-05 1.29e-05 1.2e-05 1.225e-05 1.325e-05 8.85e-06 7.6e-06 1.185e-05 9.8e-06 7.35e-06 1.63e-05 1.015e-05 1.365e-05 5.65e-06 1.05e-05 6.6e-06 5.85e-06 5.8e-06 7.6e-06 5.6e-06 1.295e-05 1.32e-05 8.85e-06 1.15e-05 1.46e-05 9.05e-06 7.15e-06 8.25e-06 1.02e-05 1.03e-05 1.46e-05 1.09e-05 9.6e-06 4.3e-06 1.07e-05 1.115e-05 4.1e-06 8.4e-06 1.03e-05 6.5e-06 1.03e-05 3.45e-06 8e-06 6.6e-06 1.1e-05 1.185e-05 1.31e-05 1.43e-05 1.325e-05 7.5e-06 8.6e-06 7e-06 8.25e-06 8.9e-06 1.285e-05 1.17e-05
20 1.45e-05 9.95e-06 8.5e-06 8.15e-06 1.205e-05 1.09e-05 1.015e-05 1.25e-05 1.015e-05 1.07e-05 1.11e-05 1.055e-05 9.75e-06 9.5e-06 1.265e-05 9.7e-06 8.6e-06 1.245e-05 1.205e-05 7.7e-06 1.08e-05 6.1e-06 1.04e-05 1.05e-05 1.135e-05 1.22e-05 1.025e-05 1.115e-05 9.55e-06 1.215e-05 8.75e-06 6.65e-06 9.1e-06 1.2e-05 7.15e-06 9.3e-06 1.27e-05 1.035e-05 1.235e-05 1.265e-05 9.9e-06 1.435e-05 1.16e-05 1.16e-05 1.08e-05 1.335e-05 1.205e-05 1.165e-05 1.225e-05 8.9e-06 9.5e-06 1.065e-05 1.065e-05 1.025e-05 1.49e-05 9.7e-06 1.265e-05 8.9e-06 1.29e-05 6.75e-06 8.8e-06 1.045e-05 1.035e-05 1.05e-05 1.165e-05 1.235e-05 9.5e-06 1.17e-05 1.275e-05 1e-05 9.95e-06 1.045e-05 1.095e-05 1.04e-05 1.3e-05 1.05e-05 9.2e-06 8.15e-06 9.4e-06 1.165e-05 8.5e-06 1.035e-05 1.05e-05 8.85e-06 1.015e-05 8.6e-06 1.04e-05 6.4e-06 1.04e-05 1.095e-05 1.3e-05 1.395e-05 1.22e-05 1.08e-05 9.05e-06 8.3e-06 1.065e-05 9.95e-06 1.275e-05 1.085e-05
21 1.465e-05 1.055e-05 8.95e-06 7.45e-06 1.25e-05 1.025e-05 9.25e-06 1.225e-05 1.035e-05 1.005e-05 1.055e-05 9.3e-06 1.04e-05 1.01e-05 1.3e-05 8.55e-06 7.4e-06 1.255e-05 1.23e-05 7.05e-06 6.1e-06 7.3e-06 1.075e-05 1.035e-05 1.105e-05 1.155e-05 1.045e-05 1.19e-05 1.04e-05 1.25e-05 7.45e-06 4.9e-06 9.95e-06 1.225e-05 5.3e-06 9.8e-06 1.245e-05 9.1e-06 1.26e-05 1.305e-05 1.05e-05 1.46e-05 1.16e-05 1.215e-05 1.065e-05 1.32e-05 1.26e-05 1.11e-05 1.25e-05 8.6e-06 8.95e-06 1.1e-05 1.14e-05 9.7e-06 1.505e-05 9.15e-06 1.29e-05 8e-06 1.33e-05 5.8e-06 7.6e-06 1.105e-05 1.01e-05 1.125e-05 1.25e-05 1.21e-05 1e-05 1.17e-05 1.25e-05 9.8e-06 1.045e-05 1.02e-05 1.04e-05 9.75e-06 1.325e-05 9.25e-06 7.95e-06 8.35e-06 9.55e-06 1.125e-05 8.65e-06 1.09e-05 9.05e-06 8.85e-06 8.9e-06 8.7e-06 1.1e-05 6.2e-06 1.025e-05 9.95e-06 1.325e-05 1.42e-05 1.17e-05 1.045e-05 6.85e-06 9.45e-06 1.04e-05 9.65e-06 1.3e-05 9.4e-06
22 1.095e-05 5.25e-06 7.4e-06 1.25e-05 8.35e-06 1.125e-05 1.085e-05 1.26e-05 6.9e-06 1.48e-05 1.37e-05 1.16e-05 4.35e-06 4.8e-06 8.05e-06 7e-06 8.35e-06 1.035e-05 7.5e-06 1.01e-05 1.04e-05 1.075e-05 6.2e-06 8.85e-06 1.015e-05 1.4e-05 1.125e-05 1.005e-05 5.85e-06 7.7e-06 7.5e-06 9.2e-06 6.35e-06 1.135e-05 9.85e-06 8.85e-06 1.295e-05 1.1e-05 6.95e-06 8.95e-06 5e-06 1.155e-05 1.13e-05 8.1e-06 9.85e-06 9.45e-06 8.4e-06 9.7e-06 7.55e-06 1.18e-05 8.4e-06 8.3e-06 9.65e-06 7.05e-06 1.125e-05 8.1e-06 7.2e-06 8.35e-06 9.35e-06 1.14e-05 8.55e-06 5.95e-06 7.25e-06 6.8e-06 8.6e-06 1.27e-05 7.45e-06 1.145e-05 1.295e-05 1.06e-05 5.45e-06 1.07e-05 1.09e-05 1.255e-05 1.245e-05 1.115e-05 1.085e-05 7.35e-06 1.22e-05 1.395e-05 7.9e-06 5.45e-06 1.005e-05 7.6e-06 1.12e-05 7.65e-06 5.45e-06 1.02e-05 9.6e-06 1.54e-05 7.65e-06 1.115e-05 9e-06 1.145e-05 1.295e-05 7.2e-06 1.11e-05 1.045e-05 7.5e-06 1.055e-05
23 1.415e-05 9.15e-06 9.9e-06 9.65e-06 1.19e-05 1.225e-05 9.25e-06 1.05e-05 1.005e-05 7.55e-06 1.215e-05 1.06e-05 9.9e-06 9.2e-06 1.24e-05 1.105e-05 1.09e-05 1.25e-05 1.16e-05 1.105e-05 1.05e-05 1.035e-05 8.85e-06 1.47e-05 1.24e-05 9.9e-06 9.9e-06 1.245e-05 9.7e-06 1.18e-05 1.08e-05 1.04e-05 1.015e-05 1.34e-05 1.1e-05 1.06e-05 1.095e-05 1.06e-05 1.055e-05 1.235e-05 9.55e-06 1.23e-05 1.28e-05 1.15e-05 8.95e-06 1.285e-05 1.205e-05 1.025e-05 1.2e-05 8.75e-06 1.065e-05 1.015e-05 1.19e-05 1.1e-05 1.46e-05 1.055e-05 1.255e-05 1.105e-05 1.285e-05 1.01e-05 1.11e-05 1.045e-05 1.115e-05 1.06e-05 1.255e-05 1.055e-05 9.8e-06 1.285e-05 1.105e-05 9.5e-06 9.8e-06 9.65e-06 9.95e-06 9.95e-06 1.23e-05 1.035e-05 1.045e-05 9.8e-06 1.065e-05 1.21e-05 1.03e-05 1.01e-05 1.215e-05 1.005e-05 1.02e-05 1.01e-05 1.01e-05 9.9e-06 8.2e-06 8.9e-06 1.245e-05 1.19e-05 1.275e-05 1.03e-05 1.05e-05 9.9e-06 1.04e-05 9.35e-06 1.215e-05 1.285e-05
24 8.3e-06 1e-05 1.01e-05 1.27e-05 8.75e-06 1.01e-05 1.265e-05 1.17e-05 1.05e-05 1.495e-05 1.14e-05 1.315e-05 1e-05 9.75e-06 8.9e-06 1.045e-05 1.09e-05 1e-05 8.6e-06 1.105e-05 1.135e-05 1.105e-05 1.015e-05 1.24e-05 1.51e-05 1.515e-05 1.305e-05 9.3e-06 1e-05 9.45e-06 1.055e-05 1.02e-05 1.045e-05 1.055e-05 1.08e-05 1.12e-05 1.135e-05 1.285e-05 9.55e-06 1.005e-05 9.95e-06 1.16e-05 1e-05 9.3e-06 1.21e-05 1.005e-05 8.7e-06 1.28e-05 8.65e-06 1.24e-05 1.1e-05 1.225e-05 9.7e-06 1.12e-05 7.8e-06 1.125e-05 9e-06 1.09e-05 9.75e-06 1.17e-05 1.11e-05 1.065e-05 1.105e-05 1.105e-05 9.2e-06 1.19e-05 1.095e-05 1.025e-05 1.125e-05 1.25e-05 1.03e-05 1.275e-05 1.155e-05 1.38e-05 1.115e-05 1.305e-05 1.205e-05 9.95e-06 1.33e-05 1.215e-05 1.045e-05 9.7e-06 9.45e-06 8.85e-06 1.275e-05 1.035e-05 9.8e-06 1.095e-05 1.23e-05 1.525e-05 9.1e-06 1.12e-05 8.95e-06 1.335e-05 1.315e-05 1.02e-05 1.305e-05 1.235e-05 9e-06 9.35e-06
25 1.66e-05 1.275e-05 1.29e-05 8.9e-06 1.495e-05 1.28e-05 1.015e-05 1.12e-05 1.09e-05 6.35e-06 1.225e-05 9.45e-06 1.37e-05 1.29e-05 1.55e-05 1.405e-05 1.29e-05 1.275e-05 1.52e-05 1.185e-05 1.22e-05 1.155e-05 1.4e-05 9.9e-06 1.515e-05 7.3e-06 8.2e-06 1.555e-05 1.28e-05 1.485e-05 1.39e-05 1.31e-05 1.395e-05 1.385e-05 1.265e-05 1.225e-05 1.165e-05 8.75e-06 1.49e-05 1.44e-05 1.28e-05 1.28e-05 1.365e-05 1.45e-05 1.02e-05 1.43e-05 1.51e-05 8.85e-06 1.54e-05 9.75e-06 1.2e-05 1.145e-05 1.49e-05 1.285e-05 1.715e-05 1.105e-05 1.58e-05 1.295e-05 1.49e-05 9.65e-06 1.31e-05 1.305e-05 1.34e-05 1.275e-05 1.535e-05 1.115e-05 1.06e-05 1.375e-05 1.17e-05 8.65e-06 1.285e-05 9.05e-06 9.2e-06 6.3e-06 1.29e-05 9.2e-06 1.185e-05 1.255e-05 9.55e-06 9.95e-06 1.25e-05 1.325e-05 1.465e-05 1.285e-05 9.05e-06 1.255e-05 1.335e-05 1.165e-05 9.8e-06 5.05e-06 1.57e-05 1.24e-05 1.55e-05 8.4e-06 9.05e-06 1.35e-05 8.45e-06 8.45e-06 1.545e-05 1.54e-05
26 1.42e-05 1.005e-05 1.045e-05 7.7e-06 1.24e-05 1.22e-05 1.035e-05 1.14e-05 8.85e-06 9.15e-06 1.065e-05 1.06e-05 1.075e-05 1.025e-05 1.29e-05 1.165e-05 1.115e-05 1.1e-05 1.27e-05 1.125e-05 1.025e-05 1.045e-05 1.125e-05 9.9e-06 1.305e-05 8.2e-06 1.33e-05 1.25e-05 9.9e-06 1.215e-05 1.165e-05 1.15e-05 1.065e-05 1.25e-05 1.155e-05 9.05e-06 1.19e-05 1.01e-05 1.225e-05 1.225e-05 1.01e-05 1.19e-05 1.25e-05 1.165e-05 1.02e-05 1.25e-05 1.235e-05 9.3e-06 1.29e-05 1e-05 1.125e-05 9.2e-06 1.175e-05 1.065e-05 1.485e-05 9.2e-06 1.33e-05 1.11e-05 1.28e-05 9.35e-06 1.135e-05 1.065e-05 1.125e-05 1.05e-05 1.28e-05 1.13e-05 8.35e-06 1.26e-05 1.195e-05 9.4e-06 1.055e-05 9.95e-06 1.015e-05 8e-06 1.085e-05 1e-05 1.07e-05 1.045e-05 8.75e-06 1.14e-05 1.06e-05 1.055e-05 1.265e-05 1.06e-05 1.02e-05 1.08e-05 1.065e-05 9.45e-06 9.8e-06 9e-06 1.315e-05 1.15e-05 1.315e-05 9.8e-06 1.06e-05 1e-05 1.005e-05 9.4e-06 1.29e-05 1.345e-05
27 8.45e-06 9.55e-06 9.6e-06 1.26e-05 8.2e-06 1.095e-05 1.32e-05 1.22e-05 1.1e-05 1.53e-05 1.14e-05 1.395e-05 9.45e-06 9.2e-06 8.9e-06 1.12e-05 1.105e-05 1.005e-05 8.15e-06 1.13e-05 1.115e-05 1.19e-05 1.005e-05 1.245e-05 9.3e-06 1.555e-05 1.25e-05 1.5e-05 9.1e-06 9.4e-06 1.095e-05 1.08e-05 8.95e-06 1.03e-05 1.14e-05 1.035e-05 1.14e-05 1.33e-05 9.45e-06 1.005e-05 9.55e-06 1.15e-05 1.015e-05 8.75e-06 1.285e-05 1.015e-05 8.25e-06 1.315e-05 8.75e-06 1.245e-05 1.185e-05 1.18e-05 8.2e-06 1.09e-05 7.7e-06 1.155e-05 9.15e-06 1.105e-05 9.2e-06 1.21e-05 1.125e-05 1.025e-05 1.11e-05 1.035e-05 8.6e-06 1.21e-05 1.03e-05 1.005e-05 1.155e-05 1.235e-05 9.8e-06 1.275e-05 1.31e-05 1.415e-05 1.04e-05 1.35e-05 1.235e-05 9.75e-06 1.29e-05 1.235e-05 1e-05 9.95e-06 1.025e-05 1.015e-05 1.355e-05 1.005e-05 1e-05 9.8e-06 1.235e-05 1.585e-05 9.2e-06 1.11e-05 9.45e-06 1.345e-05 1.405e-05 8.1e-06 1.31e-05 1.245e-05 8.9e-06 9.6e-06
28 1.095e-05 4.25e-06 4.4e-06 1.15e-05 7.65e-06 1e-05 1.105e-05 1.23e-05 6.15e-06 1.455e-05 1.345e-05 1.165e-05 4.25e-06 4.35e-06 8.45e-06 7.65e-06 7.25e-06 9.75e-06 8.8e-06 7.45e-06 9.55e-06 1.04e-05 5.85e-06 9.7e-06 1e-05 1.28e-05 9.9e-06 9.1e-06 3.7e-06 7.25e-06 7.8e-06 8.5e-06 5.75e-06 9.65e-06 8.85e-06 6.6e-06 1.32e-05 1.05e-05 7.5e-06 7.35e-06 3.8e-06 1.075e-05 1.07e-05 5.8e-06 1e-05 9.4e-06 7.1e-06 9.5e-06 9e-06 1.005e-05 8e-06 9.75e-06 7.9e-06 5.6e-06 1.205e-05 7.4e-06 9.4e-06 7.2e-06 8.3e-06 9.7e-06 7.45e-06 4.5e-06 6.15e-06 4e-06 8.7e-06 1.215e-05 4.55e-06 1.08e-05 1.325e-05 8.45e-06 4.95e-06 9.65e-06 1.04e-05 1.125e-05 1.25e-05 1.105e-05 1.105e-05 4.85e-06 1.185e-05 1.285e-05 4.85e-06 3.7e-06 9.8e-06 5e-06 1.125e-05 5.55e-06 4.35e-06 8.2e-06 9.6e-06 1.495e-05 8.85e-06 1.035e-05 9.75e-06 9.75e-06 1.26e-05 3.95e-06 9.05e-06 9.1e-06 8.6e-06 1.125e-05
29 6.4e-06 7.15e-06 8.5e-06 1.34e-05 7.7e-06 8.75e-06 1.315e-05 1.13e-05 7.85e-06 1.61e-05 1.36e-05 1.39e-05 7.35e-06 7.45e-06 6.35e-06 1.03e-05 1.025e-05 9e-06 8.4e-06 1.03e-05 1.215e-05 1.25e-05 7.7e-06 1.18e-05 9.45e-06 1.485e-05 1.215e-05 9.4e-06 7.25e-06 8.8e-06 8.8e-06 1.115e-05 8.3e-06 1.005e-05 1.15e-05 8.65e-06 1.225e-05 1.285e-05 6.2e-06 7.1e-06 6.6e-06 8.65e-06 9.95e-06 5.8e-06 1.13e-05 9.15e-06 7.6e-06 1.195e-05 8.05e-06 1.315e-05 1.015e-05 1.135e-05 7.3e-06 8.75e-06 8.4e-06 9.9e-06 8e-06 1.005e-05 8.1e-06 1.17e-05 1.025e-05 5.8e-06 9e-06 7.3e-06 8.85e-06 1.03e-05 8.3e-06 1.025e-05 1.21e-05 1.195e-05 7.8e-06 1.165e-05 1.225e-05 1.335e-05 1.185e-05 1.34e-05 1.35e-05 8e-06 1.44e-05 1.165e-05 8.65e-06 6.95e-06 9.3e-06 9.1e-06 1.35e-05 8.25e-06 6.65e-06 1.105e-05 1.15e-05 1.665e-05 7.45e-06 8.35e-06 9.15e-06 1.22e-05 1.48e-05 8.6e-06 1.175e-05 1.18e-05 7.4e-06 1.08e-05
30 1.255e-05 7.5e-06 7.65e-06 1.085e-05 1.04e-05 1.055e-05 1.03e-05 1.3e-05 8.95e-06 1.355e-05 1.22e-05 1.07e-05 7.15e-06 7.25e-06 9.65e-06 7.15e-06 7e-06 1.22e-05 1.02e-05 7.65e-06 8.75e-06 7.45e-06 7.5e-06 1.08e-05 1.055e-05 1.39e-05 1.165e-05 1.095e-05 7.8e-06 8.8e-06 1.13e-05 6.15e-06 7.85e-06 1.15e-05 6.55e-06 8.6e-06 1.34e-05 1.01e-05 1.01e-05 1.055e-05 7.35e-06 1.305e-05 1.145e-05 9.65e-06 1.045e-05 1.16e-05 1.04e-05 1.065e-05 1.005e-05 1.06e-05 8.75e-06 9.7e-06 1.005e-05 7.4e-06 1.335e-05 9e-06 1.005e-05 7.2e-06 1.1e-05 9.3e-06 7.1e-06 7.05e-06 7.9e-06 8.2e-06 1.04e-05 1.265e-05 9.25e-06 1.165e-05 1.335e-05 1.06e-05 7.65e-06 1.065e-05 1.11e-05 1.24e-05 1.31e-05 1.025e-05 8.7e-06 7.05e-06 1.11e-05 1.305e-05 7.6e-06 7.65e-06 9.05e-06 7.95e-06 1.03e-05 7.4e-06 7.5e-06 8.8e-06 1.05e-05 1.38e-05 1.04e-05 1.265e-05 1.01e-05 1.105e-05 9.95e-06 8e-06 1.095e-05 1.045e-05 1.025e-05 9.6e-06
31 1.42e-05 8.5e-06 6.75e-06 8.9e-06 1.14e-05 1.01e-05 9.5e-06 1.295e-05 1.065e-05 1.175e-05 1.03e-05 9.5e-06 8.7e-06 8.05e-06 1.18e-05 7.35e-06 6.1e-06 1.345e-05 1.135e-05 4.75e-06 6.65e-06 4.9e-06 9.2e-06 1.04e-05 1.02e-05 1.31e-05 1.15e-05 1.08e-05 8.5e-06 1.115e-05 6.15e-06 6.1e-06 8.25e-06 1.12e-05 3.85e-06 8.55e-06 1.315e-05 9.3e-06 1.15e-05 1.18e-05 8.45e-06 1.435e-05 1.145e-05 1.09e-05 1.075e-05 1.285e-05 1.15e-05 1.125e-05 1.155e-05 8.5e-06 8.35e-06 1.025e-05 1.015e-05 8.3e-06 1.475e-05 9.6e-06 1.2e-05 6.25e-06 1.205e-05 7.25e-06 6.2e-06 8.9e-06 8.4e-06 8.9e-06 1.14e-05 1.265e-05 1.01e-05 1.155e-05 1.32e-05 9.65e-06 8.55e-06 9.75e-06 1.05e-05 1.16e-05 1.31e-05 9.45e-06 6.85e-06 5.6e-06 9.7e-06 1.185e-05 6.55e-06 9.2e-06 8.65e-06 7.2e-06 9.1e-06 6.1e-06 9e-06 6.7e-06 1.035e-05 1.16e-05 1.235e-05 1.395e-05 1.095e-05 1.015e-05 7.4e-06 7.55e-06 9.95e-06 9.5e-06 1.21e-05 8.9e-06
32 1.24e-05 6.35e-06 6.3e-06 1.075e-05 9.6e-06 1.075e-05 1.17e-05 1.275e-05 7.55e-06 1.405e-05 1.265e-05 1.245e-05 5.75e-06 6.75e-06 9.45e-06 9.45e-06 8.4e-06 1.175e-05 1.045e-05 7.95e-06 9.1e-06 9.95e-06 6.35e-06 1.015e-05 1.045e-05 1.395e-05 1.065e-05 8.95e-06 5.75e-06 8.3e-06 7.85e-06 8.25e-06 8.3e-06 1.125e-05 8.85e-06 7.6e-06 1.375e-05 1.145e-05 8.95e-06 9.55e-06 5.25e-06 1.25e-05 1.155e-05 8.25e-06 9.85e-06 1.07e-05 9.35e-06 1.165e-05 1.03e-05 1.015e-05 7.75e-06 9e-06 7.7e-06 8.35e-06 1.355e-05 9.6e-06 9.9e-06 8.5e-06 1.06e-05 9.65e-06 8.7e-06 6.3e-06 8.55e-06 7.05e-06 1.075e-05 1.265e-05 7.55e-06 1.175e-05 1.37e-05 1.005e-05 7.3e-06 1.065e-05 1.1e-05 1.245e-05 1.275e-05 1.2e-05 1.045e-05 6.4e-06 1.14e-05 1.255e-05 6.65e-06 5.9e-06 1.025e-05 6.85e-06 1.205e-05 6.9e-06 6e-06 7.05e-06 9.75e-06 1.46e-05 8.95e-06 1.21e-05 1.135e-05 1.115e-05 1.225e-05 4.75e-06 1.05e-05 1.015e-05 8.8e-06 1.18e-05
33 9.8e-06 9.75e-06 9.8e-06 1.365e-05 9.75e-06 1.05e-05 1.395e-05 1.31e-05 1.065e-05 1.58e-05 1.275e-05 1.37e-05 1.08e-05 9.55e-06 9.95e-06 1.22e-05 9.8e-06 9.95e-06 1e-05 8.6e-06 1.2e-05 1.225e-05 1.135e-05 1.34e-05 1.055e-05 1.385e-05 1.25e-05 1.03e-05 9.65e-06 1.005e-05 1.15e-05 1.12e-05 1.125e-05 1.46e-05 1.04e-05 9.55e-06 1.26e-05 1.27e-05 1.065e-05 9.1e-06 9.55e-06 1.25e-05 9.55e-06 1e-05 1.37e-05 1.005e-05 9.85e-06 1.27e-05 1.02e-05 1.33e-05 1.15e-05 1.335e-05 1.04e-05 8.8e-06 9.6e-06 1.11e-05 1.06e-05 9.85e-06 8.65e-06 1.08e-05 9.9e-06 8.8e-06 1e-05 8.35e-06 9.95e-06 1.285e-05 1.01e-05 9.65e-06 1.265e-05 1.235e-05 8.95e-06 1.21e-05 1.32e-05 1.245e-05 1.245e-05 1.29e-05 1.345e-05 9.35e-06 1.265e-05 1.245e-05 9.5e-06 1.035e-05 1.115e-05 1.035e-05 1.33e-05 9.2e-06 1.02e-05 1.16e-05 1.325e-05 1.535e-05 1.07e-05 1.21e-05 1.08e-05 1.11e-05 1.355e-05 1.055e-05 1.195e-05 1.22e-05 1.045e-05 1.09e-05
34 1.48e-05 8.95e-06 7.15e-06 9.4e-06 1.2e-05 1.01e-05 1.005e-05 1.35e-05 1.07e-05 1.225e-05 1.09e-05 9.6e-06 9.3e-06 8.5e-06 1.215e-05 7.95e-06 5.75e-06 1.35e-05 1.2e-05 3.65e-06 7.15e-06 5.3e-06 9.85e-06 1.1e-05 1.08e-05 1.265e-05 1.155e-05 1.14e-05 8.85e-06 1.15e-05 6.55e-06 3.85e-06 8.85e-06 1.04e-05 6.9e-06 8.3e-06 1.37e-05 9.35e-06 1.215e-05 1.155e-05 8.9e-06 1.495e-05 1.15e-05 1.15e-05 1.13e-05 1.29e-05 1.21e-05 1.13e-05 1.22e-05 9.05e-06 8.35e-06 1.085e-05 1.075e-05 7.65e-06 1.535e-05 9.65e-06 1.26e-05 5.95e-06 1.18e-05 7.2e-06 5.85e-06 8.4e-06 8.15e-06 8.45e-06 1.195e-05 1.32e-05 1.015e-05 1.16e-05 1.375e-05 9.75e-06 8.35e-06 9.65e-06 1.06e-05 1.115e-05 1.37e-05 9.5e-06 7.45e-06 6.25e-06 9.75e-06 1.195e-05 6.25e-06 9.55e-06 9.15e-06 7.55e-06 9.2e-06 6.1e-06 9.4e-06 7.2e-06 1.09e-05 1.165e-05 1.295e-05 1.455e-05 1.155e-05 9.4e-06 7.4e-06 8.15e-06 9.85e-06 9.6e-06 1.27e-05 9.45e-06
35 1.23e-05 7.1e-06 6.75e-06 9.65e-06 1.025e-05 1.025e-05 1.16e-05 1.255e-05 8.15e-06 1.335e-05 1.175e-05 1.19e-05 8.1e-06 7.2e-06 1.03e-05 9.95e-06 7.75e-06 1.115e-05 1.12e-05 6.35e-06 9.3e-06 9.8e-06 8.85e-06 1.06e-05 1.12e-05 1.225e-05 9.05e-06 1.035e-05 6.6e-06 8.65e-06 8.6e-06 8.55e-06 7.6e-06 9.55e-06 8.3e-06 9.9e-06 1.35e-05 1.08e-05 9.45e-06 8.5e-06 6.65e-06 1.195e-05 1.12e-05 8.6e-06 1.09e-05 1.125e-05 1.02e-05 1.1e-05 1.14e-05 1.045e-05 9.3e-06 9.9e-06 8.7e-06 6.9e-06 1.385e-05 9.05e-06 1.18e-05 7.85e-06 9.5e-06 8.8e-06 7.75e-06 5.85e-06 7.6e-06 5.65e-06 1.125e-05 1.2e-05 7.4e-06 1.13e-05 1.355e-05 9.9e-06 6.85e-06 9.65e-06 1.095e-05 1.085e-05 1.205e-05 1.135e-05 1.075e-05 6.25e-06 1.04e-05 1.18e-05 6.6e-06 7.5e-06 1.055e-05 7.6e-06 1.15e-05 6.3e-06 7.2e-06 8.05e-06 1.05e-05 1.345e-05 1.125e-05 1.15e-05 1.18e-05 9.25e-06 1.16e-05 6.7e-06 9.5e-06 9.9e-06 1.1e-05 1.205e-05
36 1.015e-05 1.255e-05 1.345e-05 1.165e-05 1.085e-05 1.245e-05 1.085e-05 1e-05 1.29e-05 8.85e-06 1.105e-05 1.225e-05 1.285e-05 1.235e-05 1.135e-05 1.295e-05 1.36e-05 1.09e-05 1.015e-05 1.455e-05 1.27e-05 1.245e-05 1.295e-05 1.095e-05 1.135e-05 1.165e-05 1.19e-05 1.14e-05 1.32e-05 1.225e-05 1.34e-05 1.315e-05 1.375e-05 1.26e-05 1.37e-05 1.35e-05 1.75e-05 1.26e-05 1.22e-05 1.295e-05 1.315e-05 1.13e-05 1.15e-05 1.2e-05 1.13e-05 1.19e-05 1.105e-05 1.19e-05 1.065e-05 1.115e-05 1.395e-05 1.22e-05 1.24e-05 1.37e-05 9.05e-06 1.265e-05 1.1e-05 1.375e-05 1.18e-05 1.27e-05 1.38e-05 1.39e-05 1.385e-05 1.415e-05 1.08e-05 9.95e-06 1.27e-05 1.15e-05 9e-06 1.195e-05 1.29e-05 1.21e-05 1.215e-05 1.18e-05 1.035e-05 1.2e-05 1.25e-05 1.335e-05 1.23e-05 1.19e-05 1.38e-05 1.355e-05 1.225e-05 1.35e-05 1.185e-05 1.36e-05 1.36e-05 1.28e-05 1.085e-05 1.025e-05 1.155e-05 1.09e-05 1.095e-05 1.275e-05 1.245e-05 1.34e-05 1.325e-05 1.18e-05 1.12e-05 1.1e-05
37 1.485e-05 1.055e-05 1.06e-05 1.015e-05 1.27e-05 1.185e-05 9.85e-06 1.24e-05 1.04e-05 1.025e-05 1.215e-05 9.65e-06 1.07e-05 1.01e-05 1.325e-05 9.55e-06 9.6e-06 1.25e-05 1.245e-05 1.035e-05 1.035e-05 9.1e-06 1.1e-05 1.06e-05 1.285e-05 8.75e-06 1.01e-05 1.33e-05 1.05e-05 1.285e-05 1.01e-05 9.3e-06 1.145e-05 1.27e-05 9.35e-06 1.08e-05 1.26e-05 1.61e-05 1.29e-05 1.29e-05 1.045e-05 1.335e-05 1.235e-05 1.25e-05 1.09e-05 1.28e-05 1.285e-05 9.5e-06 1.265e-05 1.045e-05 1.055e-05 1.085e-05 1.29e-05 9.8e-06 1.515e-05 9.55e-06 1.305e-05 9.35e-06 1.315e-05 9.45e-06 9.8e-06 1.105e-05 1.04e-05 1.095e-05 1.25e-05 1.235e-05 1.01e-05 1.245e-05 1.265e-05 9.85e-06 1.035e-05 1.025e-05 1.04e-05 9.5e-06 1.305e-05 8.85e-06 9.5e-06 1.025e-05 9.9e-06 1.14e-05 1.05e-05 1.095e-05 1.155e-05 1.05e-05 9.25e-06 1.055e-05 1.105e-05 1.05e-05 1.045e-05 9.75e-06 1.345e-05 1.295e-05 1.225e-05 1.01e-05 9.15e-06 1.1e-05 9.6e-06 9.65e-06 1.32e-05 1.185e-05
38 6.85e-06 7.35e-06 8.9e-06 1.35e-05 7.75e-06 9.15e-06 1.32e-05 1.14e-05 8.6e-06 1.615e-05 1.365e-05 1.395e-05 8e-06 7.3e-06 7.8e-06 1.035e-05 1.075e-05 9.15e-06 7.9e-06 1.145e-05 1.235e-05 1.26e-05 6.95e-06 1.055e-05 9.55e-06 1.49e-05 1.225e-05 9.45e-06 7.5e-06 6.2e-06 1.01e-05 1.15e-05 8.95e-06 1.065e-05 1.215e-05 9.45e-06 1.22e-05 1.29e-05 1.03e-05 7.75e-06 7.15e-06 9.05e-06 1.025e-05 6.3e-06 1.2e-05 9.1e-06 7.8e-06 1.2e-05 8.1e-06 1.33e-05 1.045e-05 1.19e-05 7.8e-06 9.35e-06 8.4e-06 1e-05 8.6e-06 1.065e-05 8.6e-06 1.2e-05 1.085e-05 7.8e-06 9.6e-06 8.15e-06 8.9e-06 1.07e-05 8.5e-06 1.04e-05 1.22e-05 1.21e-05 7.95e-06 1.205e-05 1.235e-05 1.345e-05 1.18e-05 1.345e-05 1.355e-05 8.7e-06 1.445e-05 1.195e-05 9.4e-06 7.75e-06 9.4e-06 9.25e-06 1.355e-05 9e-06 7.6e-06 1.125e-05 1.135e-05 1.67e-05 8.05e-06 8.75e-06 9.25e-06 1.28e-05 1.485e-05 8.85e-06 1.205e-05 1.195e-05 7.85e-06 1.075e-05
39 8.35e-06 7.25e-06 8.7e-06 1.405e-05 8.35e-06 9.4e-06 1.38e-05 1.13e-05 8.2e-06 1.67e-05 1.43e-05 1.41e-05 8.6e-06 7.65e-06 8.35e-06 1.1e-05 9.7e-06 9.4e-06 9.05e-06 9.6e-06 1.265e-05 1.305e-05 8.95e-06 1.235e-05 1.005e-05 1.44e-05 1.225e-05 1.005e-05 7.35e-06 7.1e-06 1.055e-05 1.18e-05 9.55e-06 9.1e-06 1.155e-05 8.5e-06 1.295e-05 1.29e-05 7.75e-06 1.16e-05 7.05e-06 1.025e-05 1.05e-05 7.3e-06 1.22e-05 9.5e-06 8.5e-06 1.2e-05 9.45e-06 1.37e-05 1.025e-05 1.27e-05 8.85e-06 7.75e-06 9.45e-06 1e-05 9.65e-06 9.9e-06 7.6e-06 1.19e-05 9.8e-06 6.5e-06 8.45e-06 6.35e-06 9.3e-06 1.19e-05 8.3e-06 1.055e-05 1.305e-05 1.205e-05 7.3e-06 1.155e-05 1.23e-05 1.295e-05 1.26e-05 1.345e-05 1.42e-05 8.3e-06 1.445e-05 1.24e-05 8.7e-06 7.4e-06 9.25e-06 8.9e-06 1.37e-05 8.2e-06 7.2e-06 1.16e-05 1.19e-05 1.68e-05 9.1e-06 9.85e-06 1.015e-05 1.135e-05 1.49e-05 9.1e-06 1.155e-05 1.19e-05 8.8e-06 1.145e-05
40 1.07e-05 3.55e-06 5.15e-06 1.175e-05 7.85e-06 9.85e-06 1.115e-05 1.205e-05 5.75e-06 1.46e-05 1.365e-05 1.175e-05 4.65e-06 4.25e-06 7.9e-06 7.8e-06 7.25e-06 9.7e-06 8.7e-06 7.5e-06 9.9e-06 1.05e-05 5e-06 9.55e-06 9.95e-06 1.28e-05 1.01e-05 9.55e-06 3.8e-06 6.6e-06 7.35e-06 8.45e-06 5.25e-06 9.55e-06 8.9e-06 6.65e-06 1.315e-05 1.045e-05 7.15e-06 7.05e-06 4.6e-06 1.07e-05 1.045e-05 6.7e-06 9.6e-06 8.75e-06 7.95e-06 9.55e-06 8.9e-06 1.09e-05 6.9e-06 9.25e-06 8.25e-06 5.55e-06 1.19e-05 7.5e-06 8.65e-06 7.15e-06 8.2e-06 9.6e-06 7.45e-06 4e-06 6.2e-06 3.9e-06 8.8e-06 1.2e-05 5.65e-06 1.055e-05 1.32e-05 9.55e-06 4.9e-06 9.65e-06 1.035e-05 1.13e-05 1.26e-05 1.1e-05 1.11e-05 4.7e-06 1.195e-05 1.28e-05 5.8e-06 4.05e-06 9.55e-06 5.8e-06 1.135e-05 5.45e-06 3.85e-06 8.8e-06 9e-06 1.5e-05 7.75e-06 1.03e-05 9.75e-06 9.75e-06 1.265e-05 5.6e-06 9e-06 9.4e-06 7.5e-06 1.12e-05
41 7.9e-06 1.07e-05 1.225e-05 1.315e-05 9.7e-06 1.12e-05 1.305e-05 1.095e-05 1.12e-05 1.35e-05 1.325e-05 1.38e-05 1.115e-05 1.085e-05 9.95e-06 1.27e-05 1.355e-05 1.035e-05 1.015e-05 1.47e-05 1.435e-05 1.46e-05 1.155e-05 1.23e-05 1.16e-05 1.28e-05 1.19e-05 1.15e-05 1.075e-05 8.65e-06 1.305e-05 1.435e-05 1.25e-05 1.25e-05 1.495e-05 1.195e-05 1.13e-05 1.335e-05 9.05e-06 1.025e-05 1.07e-05 1.3e-05 1.2e-05 8.6e-06 1.245e-05 1.125e-05 9.8e-06 1.18e-05 1.015e-05 1.36e-05 1.375e-05 1.225e-05 1.01e-05 1.215e-05 9.2e-06 1.2e-05 1.05e-05 1.345e-05 1.065e-05 1.42e-05 1.365e-05 1.12e-05 1.24e-05 1.15e-05 1.05e-05 1.005e-05 1.095e-05 1.22e-05 1.125e-05 1.24e-05 1.14e-05 1.26e-05 1.285e-05 1.295e-05 1.105e-05 1.33e-05 1.415e-05 1.2e-05 1.425e-05 1.19e-05 1.265e-05 1.115e-05 1.17e-05 1.255e-05 1.34e-05 1.25e-05 1.11e-05 1.37e-05 1.22e-05 1.4e-05 1.035e-05 6.6e-06 1.08e-05 1.31e-05 1.495e-05 1.21e-05 1.305e-05 1.215e-05 1.02e-05 1.235e-05
