 slim_337469241 slim_337494040 slim_337496981 slim_337497338 slim_337459970 slim_337488770 slim_337497329 slim_337494286 slim_337485200 slim_337481545 slim_337497897 slim_337498928 slim_337498944 slim_337491841 slim_337489268 slim_337498952 slim_337493176 slim_337498935 slim_337498960 slim_337498942 slim_337493798 slim_337498945 slim_337498146 slim_337492979 slim_337498918 slim_337498938 slim_337498954 slim_337499074 slim_337499021 slim_337498983 slim_337499089 slim_337499016 slim_337498982 slim_337499081 slim_337499039 slim_337498973 slim_337498991 slim_337499012 slim_337499002 slim_337499095 slim_337499019 slim_337499045 slim_337499069 slim_337499090 slim_337499009 slim_337499075 slim_337499092 slim_337499100 slim_337499048 slim_337498977 slim_337499029 slim_337499046 slim_337499084 slim_337499033 slim_337499061 slim_337499073 slim_337499052 slim_337499057 slim_337499078 slim_337499031 slim_337499036 slim_337499059 slim_337499083 slim_337498980 slim_337498986 slim_337498994 slim_337499051 slim_337499076 slim_337499080 slim_337499042 slim_337499035 slim_337499068 slim_337499082 slim_337499097 slim_337499079 slim_337499018 slim_337499017 slim_337499050 slim_337499062 slim_337499071 slim_337499028 slim_337499044 slim_337499055 slim_337499086 slim_337499098 slim_337499096 slim_337499077 slim_337498999 slim_337499099 slim_337499085 slim_337499022 slim_337499067 slim_337499015 slim_337498997 slim_337499056 slim_337499010 slim_337498976 slim_337499001 slim_337498998 slim_337498972 slim_337499034
0 0.000869 0.00079395 0.00082605 0.0008503 0.0008387 0.00067795 0.0008163 0.00083225 0.00081695 0.00083405 0.0008706 0.0008468 0.00076175 0.00083565 0.0008335 0.00082195 0.00085075 0.00083445 0.00075435 0.0006812 0.0008396 0.0008725 0.0008658 0.0008443 0.000784 0.0007637 0.00084435 0.00083485 0.00081755 0.00079145 0.0007877 0.00085535 0.0007913 0.00079625 0.00081955 0.00080865 0.00084385 0.00079825 0.00081505 0.00082075 0.00077245 0.00085705 0.00085335 0.00085705 0.00079635 0.000804 0.0008447 0.0008409 0.00082865 0.0008421 0.0008635 0.00083685 0.000891 0.0008072 0.00079455 0.00063635 0.0008448 0.0008295 0.0007475 0.00082315 0.0008098 0.0008297 0.00084525 0.00085825 0.0008042 0.000842 0.00088915 0.0008215 0.00078885 0.0006134 0.00084675 0.0008062 0.00079795 0.00080455 0.00070955 0.0005036 0.00080595 0.0007212 0.00084215 0.00080135 0.0008549 0.0008301 0.0008021 0.0008042 0.000807 0.0008154 0.00086565 0.0007748 0.0007725 0.0008194 0.00078445 0.00087555 0.00083675 0.00079685 0.0008326 0.0008195 0.00083325 0.00082535 0.0008064 0.0007565 0.000814
1 0.00079395 0.0008472 0.00078805 0.0008302 0.0007915 0.000782 0.0008094 0.0008274 0.00079355 0.00083855 0.00085695 0.0008303 0.00078435 0.00085425 0.0008224 0.00082275 0.0007902 0.0008315 0.00081975 0.00060915 0.0008648 0.00086 0.00080925 0.00079135 0.0007833 0.00070465 0.00081195 0.0008599 0.0008386 0.00050815 0.00084525 0.0008343 0.00086905 0.00080295 0.0006573 0.00080445 0.0008014 0.0007865 0.0008282 0.0007964 0.00079175 0.0008503 0.00081385 0.00062705 0.00079585 0.00083005 0.0008102 0.0008472 0.000817 0.00080615 0.00081055 0.0006285 0.000853 0.0008545 0.00080005 0.0007896 0.0007828 0.0007824 0.00068545 0.000834 0.0007758 0.0006231 0.00058295 0.00084085 0.00083025 0.0008789 0.00086975 0.00080745 0.00086735 0.00077755 0.0006367 0.00080215 0.00079005 0.00084765 0.00076865 0.00071925 0.0007887 0.0008108 0.0008532 0.00083185 0.00085215 0.00078315 0.0007874 0.00080605 0.00073485 0.0007828 0.0008537 0.0008309 0.0007918 0.0008375 0.0007713 0.0008257 0.00081235 0.00077845 0.00079765 0.00083465 0.0007846 0.0007696 0.0007515 0.0007758 0.00087145
2 0.00082605 0.00078805 0.0008604 0.000816 0.00081585 0.00083135 0.0008503 0.0008337 0.00085785 0.00082765 0.0008384 0.00088435 0.00082405 0.0008766 0.0008954 0.00085785 0.00084365 0.0008258 0.00082265 0.00083195 0.00086525 0.0008919 0.0008737 0.00084065 0.0008246 0.0008551 0.00084315 0.0008573 0.00083245 0.00082425 0.00083635 0.00087095 0.000868 0.00084845 0.000833 0.0008256 0.00084785 0.00085135 0.0008799 0.0008507 0.0008381 0.0008075 0.0008665 0.0006302 0.000825 0.00083905 0.0008508 0.00082735 0.0008395 0.00089475 0.0008616 0.00083945 0.0008536 0.0008211 0.00085665 0.00085475 0.00084595 0.00087825 0.0008264 0.00089565 0.00078535 0.0008137 0.0008249 0.00087945 0.00083925 0.00089785 0.00087575 0.0008162 0.0008379 0.0008364 0.0008691 0.0008312 0.0008207 0.0008517 0.00086275 0.0008637 0.00084945 0.0008188 0.00084475 0.00084355 0.00082595 0.0008349 0.00082045 0.00088215 0.0007661 0.000884 0.0008269 0.0008352 0.00083815 0.0008512 0.000802 0.0008866 0.00085015 0.0008383 0.00066525 0.0008332 0.00085825 0.0007824 0.0008394 0.0008234 0.0008447
3 0.0008503 0.0008302 0.000816 0.0009011 0.00085325 0.0008666 0.00084815 0.000835 0.00085725 0.00086655 0.0008549 0.0008569 0.0008234 0.0008345 0.0008667 0.00085065 0.00080825 0.0008587 0.0008739 0.0008706 0.00089595 0.000815 0.0008109 0.00081595 0.0008745 0.0008206 0.00081875 0.00086865 0.0008567 0.00081875 0.0008962 0.0008446 0.00087125 0.00083815 0.00082785 0.00081125 0.00081285 0.00085465 0.0008433 0.00086015 0.00086545 0.00085125 0.0008678 0.0008546 0.000817 0.00087575 0.0008394 0.00085455 0.0008557 0.0008232 0.0008624 0.0008423 0.0008391 0.00089265 0.0008487 0.00087855 0.0008091 0.0008119 0.0008202 0.0007377 0.0008304 0.0008523 0.00085125 0.0008383 0.00087595 0.00085915 0.00087075 0.000801 0.0008694 0.0008557 0.0008572 0.0008455 0.00082165 0.0008792 0.0008612 0.0008949 0.00084205 0.0008585 0.0008486 0.0007761 0.0007656 0.00086055 0.0008522 0.0008394 0.0007752 0.00083695 0.0006307 0.0008038 0.0008655 0.0008736 0.00081505 0.00083585 0.0008704 0.00084515 0.00080535 0.00084615 0.0008203 0.00081575 0.00087345 0.0008632 0.00087965
4 0.0008387 0.0007915 0.00081585 0.00085325 0.0008469 0.0008487 0.0008351 0.0008445 0.0008268 0.00087675 0.0008344 0.00077335 0.000738 0.0008728 0.000842 0.00086455 0.0008518 0.0008532 0.0007732 0.0008401 0.0008818 0.00084255 0.00087515 0.00083985 0.00083915 0.00084725 0.000844 0.0008464 0.0008036 0.0007869 0.00087205 0.00080915 0.0008408 0.00080775 0.0008363 0.0008362 0.00082465 0.00084245 0.0008621 0.0008207 0.00077735 0.0008645 0.00080645 0.00078215 0.0008158 0.00082015 0.00082045 0.0008238 0.00082405 0.00083655 0.00083415 0.000742 0.0008659 0.0008001 0.00078575 0.0008313 0.0008408 0.00085065 0.00083445 0.0008749 0.0007912 0.00079475 0.0005781 0.0008806 0.00082035 0.00082845 0.00062145 0.0008032 0.00083925 0.00081895 0.00081615 0.0007711 0.0007654 0.00086325 0.0008583 0.00085325 0.00060625 0.00083545 0.00085145 0.00079895 0.0008563 0.0006074 0.00082815 0.0008169 0.00078385 0.0007422 0.0008253 0.00084675 0.0007774 0.0008096 0.0008033 0.0008771 0.000849 0.000781 0.00083685 0.00085025 0.0008099 0.00079985 0.0006471 0.00084105 0.00085345
5 0.00067795 0.000782 0.00083135 0.0008666 0.0008487 0.0008099 0.0008068 0.0008104 0.0008328 0.0008262 0.0008558 0.0008258 0.0008412 0.00087735 0.0008091 0.00083035 0.00084405 0.00080925 0.00077915 0.0006071 0.00080935 0.000867 0.000883 0.00081785 0.00082135 0.00074925 0.00089305 0.00083005 0.00083665 0.00076765 0.00080465 0.0008528 0.0007967 0.00083595 0.0008486 0.00079975 0.00084225 0.0007962 0.0008422 0.00085485 0.0008029 0.0008324 0.00085855 0.0008431 0.0008052 0.0008297 0.00087725 0.0008394 0.0008109 0.0008725 0.0008196 0.00083065 0.000867 0.000817 0.00079435 0.0006792 0.0008355 0.00083545 0.0007447 0.00084315 0.0008108 0.0008128 0.0008655 0.0008396 0.0008299 0.00084685 0.0008553 0.0008231 0.0007981 0.0006737 0.0008608 0.0008034 0.00079115 0.00078955 0.00061835 0.0004667 0.00083425 0.00079705 0.0008271 0.00080825 0.0008323 0.0008649 0.0008142 0.0007786 0.0008207 0.00084755 0.00086615 0.00082385 0.00080295 0.00082405 0.0008328 0.0008443 0.0008142 0.00078385 0.00086955 0.0006064 0.00077585 0.0008141 0.000826 0.00079895 0.0008092
6 0.0008163 0.0008094 0.0008503 0.00084815 0.0008351 0.0008068 0.0007761 0.00078835 0.00077045 0.0008231 0.0008732 0.00083845 0.0008342 0.0008457 0.0007129 0.0007727 0.00078795 0.00081415 0.00078415 0.00076645 0.00085445 0.0008292 0.0008005 0.00078045 0.0008389 0.0007823 0.000863 0.0008649 0.0007931 0.0007699 0.00085845 0.00089245 0.00083445 0.000819 0.0007778 0.000778 0.0008064 0.00083595 0.0007778 0.00085425 0.00074475 0.00083575 0.0008659 0.0008066 0.00084275 0.00079775 0.0008517 0.00082325 0.0008493 0.0008455 0.0006148 0.00079825 0.00084435 0.00074835 0.0007681 0.00084875 0.00076315 0.0005931 0.00078755 0.00076795 0.00083965 0.00076975 0.0008184 0.0007965 0.00079795 0.0008599 0.00086355 0.00075075 0.00080625 0.00081985 0.00077045 0.0008096 0.00076245 0.0008407 0.0008383 0.0008224 0.00084385 0.00081575 0.0008314 0.0007516 0.0008136 0.00086795 0.0007917 0.0008184 0.0007764 0.0008679 0.00084945 0.000804 0.0007448 0.0007822 0.0008278 0.0008093 0.00080165 0.00079605 0.0008021 0.00079565 0.00063995 0.000813 0.00062655 0.0008309 0.00085435
7 0.00083225 0.0008274 0.0008337 0.000835 0.0008445 0.0008104 0.00078835 0.0007773 0.00074775 0.00079235 0.00081955 0.000826 0.00080435 0.0008127 0.00079625 0.00055625 0.0007848 0.00082065 0.00080175 0.00084365 0.00081385 0.00081905 0.0007881 0.000722 0.00079015 0.00077725 0.0008333 0.00081265 0.00078825 0.0007989 0.0008012 0.0008211 0.00082145 0.0007777 0.00083555 0.00079025 0.00077365 0.0007958 0.00074585 0.0007704 0.00078575 0.0008328 0.00081415 0.00080665 0.0007862 0.0007827 0.0008153 0.00081215 0.00082465 0.00079305 0.0008013 0.00080855 0.00083945 0.00083185 0.0008037 0.000822 0.000746 0.00076745 0.00076955 0.00078665 0.00080295 0.00080715 0.0008093 0.00081765 0.0007829 0.00077935 0.00086515 0.00075235 0.0005918 0.00081155 0.0007696 0.00080595 0.0007688 0.00081215 0.00083295 0.00084025 0.00083375 0.00080075 0.0008051 0.00081995 0.00083685 0.0008054 0.0005726 0.00081465 0.00078725 0.00078645 0.00080535 0.0008073 0.0007858 0.00081915 0.00079235 0.0007299 0.00078075 0.00082745 0.00082395 0.000789 0.0007944 0.0007757 0.0008023 0.0008235 0.00079075
8 0.00081695 0.00079355 0.00085785 0.00085725 0.0008268 0.0008328 0.00077045 0.00074775 0.0007732 0.00082725 0.0008338 0.00078785 0.0007825 0.0008138 0.00081165 0.00072005 0.000831 0.00080545 0.00075275 0.00082755 0.00082185 0.00083725 0.0008258 0.000783 0.00082 0.0007924 0.0008653 0.0008759 0.00072245 0.00078715 0.0008296 0.00087225 0.00083215 0.0008392 0.00081265 0.0008384 0.00081455 0.00081895 0.0008062 0.0008194 0.0005454 0.00080485 0.00081885 0.00078635 0.0007452 0.00062685 0.00084595 0.0008333 0.0008906 0.0008051 0.0007973 0.0008059 0.0008776 0.0007489 0.0007831 0.00086205 0.000825 0.00078195 0.00079825 0.0008274 0.00083605 0.00079785 0.0007716 0.0008243 0.00062705 0.0008392 0.0008734 0.0007758 0.0008322 0.0008334 0.00078465 0.00078515 0.0007188 0.00085885 0.00083745 0.00085265 0.0008204 0.00083545 0.0008272 0.00079825 0.000826 0.0008272 0.00070915 0.0008258 0.00078575 0.0008245 0.0008384 0.000857 0.0005453 0.00077205 0.00080695 0.00082815 0.00079825 0.00080875 0.00086235 0.00082625 0.00082355 0.00078835 0.0007881 0.00082335 0.00083535
9 0.00083405 0.00083855 0.00082765 0.00086655 0.00087675 0.0008262 0.0008231 0.00079235 0.00082725 0.0008585 0.0008622 0.00086075 0.00081805 0.00085615 0.00082205 0.00081975 0.0008434 0.00084255 0.0008311 0.00085495 0.0008512 0.00087365 0.0008635 0.0008147 0.0008552 0.0008507 0.00087865 0.00056485 0.00083995 0.00084705 0.00086735 0.0008761 0.0008881 0.00076375 0.00085065 0.0008311 0.0008417 0.00085905 0.0008487 0.00087575 0.00080215 0.0008633 0.00083315 0.0008398 0.0008019 0.00074775 0.00085095 0.00083175 0.0007618 0.00085505 0.0008038 0.0008772 0.00086115 0.00082985 0.0008335 0.0007636 0.0008334 0.00082035 0.00083815 0.0008538 0.00074265 0.0008511 0.00086265 0.00085155 0.00074795 0.00085705 0.00090605 0.00086295 0.00082885 0.00083175 0.00086415 0.0007544 0.00082665 0.00084945 0.0008246 0.00083645 0.0008779 0.0008403 0.0008562 0.0008215 0.0008703 0.0008603 0.0008163 0.0008884 0.00081575 0.0008497 0.0008688 0.00085865 0.0008022 0.00084145 0.00080765 0.0008471 0.0008384 0.00081595 0.0008456 0.0008332 0.0008113 0.00081265 0.00084275 0.0008375 0.000788
10 0.0008706 0.00085695 0.0008384 0.0008549 0.0008344 0.0008558 0.0008732 0.00081955 0.0008338 0.0008622 0.000787 0.00086585 0.00081175 0.00085985 0.00090245 0.000855 0.00080815 0.0008484 0.0008317 0.00086415 0.00079495 0.00083225 0.00083055 0.00087975 0.00080785 0.0008651 0.00089835 0.0008356 0.00082415 0.00085635 0.0007976 0.0008304 0.0008291 0.00085395 0.0008529 0.0008622 0.00082435 0.00080595 0.000867 0.0008272 0.0008519 0.00062975 0.0008597 0.0008242 0.0007861 0.00087015 0.0008716 0.00087245 0.00085695 0.00084235 0.0008839 0.00084525 0.0008406 0.00082255 0.00088185 0.00088785 0.00085765 0.00084285 0.00083635 0.0008576 0.0008412 0.0008509 0.0008294 0.00086305 0.00087035 0.000856 0.00087745 0.0008337 0.0008161 0.00088125 0.0008659 0.0008587 0.00084825 0.00081385 0.00088215 0.0009017 0.0008367 0.00081455 0.0008351 0.0008487 0.0008482 0.00083395 0.00082115 0.0008304 0.00079955 0.00081065 0.00085235 0.00081285 0.00085195 0.0008489 0.0008175 0.00092755 0.0008341 0.00083845 0.00088485 0.0008416 0.00083445 0.00079765 0.00084475 0.0008057 0.0008342
11 0.0008468 0.0008303 0.00088435 0.0008569 0.00077335 0.0008258 0.00083845 0.000826 0.00078785 0.00086075 0.00086585 0.000927 0.00076175 0.0008567 0.00083215 0.00083575 0.0008349 0.0008671 0.0006479 0.0008333 0.00084255 0.00082795 0.00084975 0.00079875 0.00087525 0.00082945 0.00085075 0.00085195 0.0007573 0.00079865 0.0008672 0.00082535 0.00081105 0.0008195 0.0008316 0.0008844 0.00084775 0.0008432 0.00082905 0.00084105 0.0006544 0.00086285 0.00084265 0.0008569 0.000788 0.0008511 0.00084175 0.00082005 0.00084935 0.000817 0.0008378 0.00079295 0.00090215 0.00079085 0.00067665 0.0008499 0.00082705 0.00081265 0.0008236 0.0008222 0.00083135 0.0008461 0.0007888 0.0008441 0.0008513 0.00080115 0.0006193 0.0007869 0.00083385 0.0007906 0.0008296 0.00066035 0.00061125 0.0008396 0.00081845 0.0008412 0.0007784 0.0008705 0.0008342 0.0007712 0.0008678 0.0008102 0.00083565 0.0007814 0.00080235 0.0007806 0.0007924 0.0008739 0.00065445 0.00080705 0.00079425 0.00083475 0.00086935 0.0006524 0.00085305 0.0008386 0.0008084 0.00080655 0.0008074 0.00084025 0.00084765
12 0.00076175 0.00078435 0.00082405 0.0008234 0.000738 0.0008412 0.0008342 0.00080435 0.0007825 0.00081805 0.00081175 0.00076175 0.0007565 0.00080005 0.00082025 0.00082925 0.0008026 0.0008134 0.000786 0.00083025 0.00081695 0.00084635 0.00079205 0.0007998 0.00082045 0.00083445 0.0007953 0.00079235 0.0007718 0.0007698 0.00081035 0.00083245 0.0007914 0.0007546 0.0007821 0.00083665 0.00080405 0.000799 0.00080135 0.00075805 0.0007662 0.0008002 0.00065875 0.00077095 0.0007663 0.00077475 0.00078565 0.0008174 0.0008094 0.00065145 0.00083485 0.00075805 0.0008524 0.0007749 0.00079595 0.0008083 0.00080885 0.0008088 0.0008085 0.00083395 0.00076015 0.00079115 0.00070545 0.00079205 0.00077495 0.0008124 0.00078435 0.0007714 0.00081075 0.0008146 0.0007941 0.00076395 0.000759 0.0008183 0.000811 0.0008482 0.00073435 0.00081755 0.00082775 0.0007912 0.0008398 0.0007462 0.00080775 0.0007753 0.0007467 0.00060695 0.00080825 0.0008304 0.00076625 0.0008062 0.00058355 0.0008333 0.00087055 0.0008006 0.00081845 0.00082415 0.00079745 0.00075905 0.00075965 0.00082595 0.00078175
13 0.00083565 0.00085425 0.0008766 0.0008345 0.0008728 0.00087735 0.0008457 0.0008127 0.0008138 0.00085615 0.00085985 0.0008567 0.00080005 0.0009892 0.00085335 0.0008252 0.00086255 0.0008752 0.00085915 0.00088235 0.00086385 0.0008472 0.0008247 0.00086205 0.00084245 0.00083785 0.00085835 0.00087275 0.0008693 0.0008445 0.0008226 0.0008923 0.00083845 0.00085245 0.00068315 0.0008115 0.00084205 0.00081215 0.000851 0.00085705 0.0008538 0.0008558 0.0008758 0.00086235 0.0008027 0.00084285 0.0007024 0.00087115 0.00085555 0.0008484 0.00085685 0.0008599 0.0008884 0.00085735 0.00087365 0.00085965 0.0008591 0.0008137 0.0008479 0.0008178 0.00084635 0.00082655 0.000858 0.0008555 0.00084305 0.00085715 0.0008676 0.00084615 0.0008369 0.0008595 0.0008655 0.0008692 0.00086475 0.00084495 0.00084685 0.00087735 0.00084215 0.0008115 0.000864 0.00084965 0.00084335 0.00087745 0.00083385 0.00083145 0.00082725 0.00085415 0.000847 0.00085415 0.00085385 0.00087515 0.00081015 0.0008586 0.00085245 0.00086625 0.0008737 0.0008574 0.000845 0.0008344 0.00084475 0.0008179 0.000848
14 0.0008335 0.0008224 0.0008954 0.0008667 0.000842 0.0008091 0.0007129 0.00079625 0.00081165 0.00082205 0.00090245 0.00083215 0.00082025 0.00085335 0.0008708 0.0007948 0.00082025 0.00080395 0.00083115 0.00081895 0.0008447 0.0008496 0.0008272 0.0008174 0.0008462 0.00082445 0.00078705 0.0008601 0.00076825 0.00079075 0.0008726 0.00084585 0.0008663 0.0008369 0.00083515 0.00082155 0.0008047 0.00082435 0.0008089 0.0008304 0.00079295 0.0008585 0.0008285 0.0008369 0.0008926 0.00082445 0.00081845 0.00080775 0.0008643 0.0008432 0.0007503 0.00082 0.0008475 0.00077625 0.0006138 0.0008377 0.00076045 0.0007678 0.0008127 0.00083095 0.00085285 0.0008022 0.00081675 0.000852 0.00082465 0.00086735 0.0008516 0.00074115 0.00082095 0.00080315 0.0007739 0.00082385 0.00079535 0.00087415 0.00087335 0.0008174 0.00085555 0.00084195 0.0008539 0.00077375 0.00085365 0.0008221 0.000822 0.00082345 0.0007837 0.00084545 0.00082145 0.00084025 0.000793 0.0007952 0.0008527 0.0008423 0.00085125 0.00083255 0.0007684 0.0007997 0.0007484 0.0008177 0.0008005 0.00084175 0.00086555
15 0.00082195 0.00082275 0.00085785 0.00085065 0.00086455 0.00083035 0.0007727 0.00055625 0.00072005 0.00081975 0.000855 0.00083575 0.00082925 0.0008252 0.0007948 0.000762 0.00078035 0.0008364 0.0007968 0.0008336 0.00083835 0.0008303 0.00081815 0.0007386 0.00079335 0.0007619 0.00085395 0.00087685 0.0008155 0.00080345 0.00082555 0.0008514 0.00083895 0.0008484 0.0008179 0.0007757 0.0007687 0.00080775 0.00059825 0.00081205 0.0007668 0.00086275 0.00080495 0.0008295 0.00082055 0.0008084 0.0008361 0.0007884 0.00087555 0.00080355 0.000779 0.00082585 0.0007845 0.00083725 0.0008113 0.00087515 0.0007486 0.00076995 0.00077125 0.00081325 0.00085255 0.00080865 0.00080175 0.0007533 0.0008086 0.000796 0.00089975 0.0007637 0.00076275 0.0008192 0.00059095 0.00084165 0.000777 0.00083395 0.0008439 0.00086045 0.00083985 0.00081665 0.00082935 0.00084885 0.0008632 0.00082625 0.0005587 0.00081085 0.00078825 0.000823 0.00080225 0.0007734 0.00076685 0.0007956 0.0008076 0.0007516 0.0007481 0.0008337 0.0008445 0.00078765 0.0008174 0.0008037 0.000784 0.00083745 0.000842
16 0.00085075 0.0007902 0.00084365 0.00080825 0.0008518 0.00084405 0.00078795 0.0007848 0.000831 0.0008434 0.00080815 0.0008349 0.0008026 0.00086255 0.00082025 0.00078035 0.000739 0.00083855 0.0008162 0.00080025 0.00089305 0.00078335 0.00075905 0.0008056 0.0008119 0.0008348 0.0007986 0.0008371 0.00082605 0.0007745 0.0008457 0.00079785 0.00089285 0.00064485 0.0007705 0.00073295 0.00073265 0.0007899 0.0007411 0.0008413 0.00081655 0.0008076 0.0007917 0.00080805 0.00076595 0.00084755 0.0008316 0.00080445 0.0008371 0.0008114 0.00075145 0.0008418 0.00056375 0.00083885 0.0008105 0.00087515 0.0007966 0.00077335 0.00079265 0.0008092 0.0008641 0.00080065 0.00081295 0.00083425 0.00084775 0.00085225 0.00086235 0.0008007 0.00080915 0.0008723 0.00077045 0.00082535 0.00080215 0.00084545 0.0008277 0.00087655 0.0008839 0.00081065 0.0008409 0.00083565 0.00082655 0.0008598 0.000798 0.00083055 0.0008357 0.0008239 0.0008201 0.0005866 0.0008166 0.00087035 0.00082155 0.0008036 0.00086815 0.00080585 0.0007756 0.0008433 0.0007865 0.00083965 0.0008117 0.00082595 0.00086505
17 0.00083445 0.0008315 0.0008258 0.0008587 0.0008532 0.00080925 0.00081415 0.00082065 0.00080545 0.00084255 0.0008484 0.0008671 0.0008134 0.0008752 0.00080395 0.0008364 0.00083855 0.0009033 0.00083395 0.0008111 0.00083735 0.0008725 0.00082575 0.0008643 0.0008497 0.0008146 0.00087755 0.0008795 0.0008039 0.00081535 0.000849 0.0008022 0.00078875 0.0008506 0.00084585 0.0007534 0.00077555 0.0008193 0.0008322 0.00082305 0.0007963 0.0006442 0.0008616 0.0008197 0.0008644 0.0008163 0.00079585 0.0008643 0.0008628 0.0008234 0.0008342 0.0008111 0.00087565 0.00083135 0.00080335 0.000863 0.00083515 0.00081665 0.0008085 0.000808 0.0008629 0.00077115 0.0008326 0.0008563 0.0008165 0.0007908 0.00088105 0.0008461 0.0008198 0.00085135 0.00082825 0.0008543 0.0008549 0.0008274 0.00084615 0.00081775 0.0008095 0.00084665 0.00061725 0.0008139 0.00065025 0.00079215 0.0008207 0.00076925 0.0008298 0.0008058 0.0008825 0.00083675 0.00079635 0.00081525 0.00081055 0.00083255 0.0008408 0.00084255 0.00084495 0.00083545 0.0008043 0.0008004 0.0008366 0.00085455 0.00083925
18 0.00075435 0.00081975 0.00082265 0.0008739 0.0007732 0.00077915 0.00078415 0.00080175 0.00075275 0.0008311 0.0008317 0.0006479 0.000786 0.00085915 0.00083115 0.0007968 0.0008162 0.00083395 0.0007337 0.00078995 0.0008698 0.00085735 0.00088845 0.0008098 0.00072385 0.00082265 0.00089805 0.00082785 0.00072235 0.00079975 0.00074435 0.0008244 0.000795 0.00079435 0.00082415 0.00082755 0.0008297 0.0007564 0.000793 0.0008548 0.0005653 0.00082605 0.0008523 0.000814 0.00079265 0.00078835 0.0008154 0.00079015 0.0008094 0.0008422 0.0008123 0.0007803 0.0008874 0.00066955 0.0006314 0.0007765 0.0008509 0.0008009 0.00079715 0.0008364 0.00075255 0.00079765 0.0007801 0.0008025 0.00078855 0.00080555 0.0008576 0.00079995 0.00059515 0.0007091 0.0008059 0.00059005 0.000563 0.00081965 0.00080435 0.00075595 0.0007586 0.00072805 0.0008209 0.00075445 0.00083535 0.00077605 0.0007869 0.0007504 0.00075915 0.0008075 0.00078925 0.0008374 0.00056535 0.00078095 0.0008092 0.000827 0.0008385 0.0005861 0.00083265 0.00082335 0.00078965 0.00073745 0.0007777 0.0007024 0.0008237
19 0.0006812 0.00060915 0.00083195 0.0008706 0.0008401 0.0006071 0.00076645 0.00084365 0.00082755 0.00085495 0.00086415 0.0008333 0.00083025 0.00088235 0.00081895 0.0008336 0.00080025 0.0008111 0.00078995 0.0007338 0.00081425 0.00084565 0.0008254 0.00082995 0.000835 0.00071025 0.00084815 0.00087005 0.00086395 0.0005928 0.0008232 0.0008384 0.0007872 0.00082885 0.00060895 0.0008191 0.00083155 0.0007995 0.0007972 0.00082105 0.00078415 0.00083615 0.00086605 0.00071745 0.0007363 0.00084255 0.00085465 0.0008674 0.00081385 0.00083305 0.00081025 0.0006994 0.00089195 0.0008611 0.0007902 0.0006963 0.0008182 0.0007603 0.0006966 0.0008159 0.00082825 0.00071085 0.00072665 0.0008339 0.00084275 0.0008698 0.0008762 0.00080955 0.0008398 0.00067565 0.0007161 0.00080625 0.0007847 0.0007757 0.0005732 0.0004475 0.0008167 0.00081145 0.0008402 0.00083885 0.00082845 0.0008532 0.00082645 0.0007642 0.0007917 0.0008384 0.0008705 0.00081915 0.0007842 0.0008655 0.00082445 0.0008466 0.0008361 0.0007552 0.0008335 0.00082995 0.00076545 0.0008148 0.00077555 0.0008104 0.00082685
20 0.0008396 0.0008648 0.00086525 0.00089595 0.0008818 0.00080935 0.00085445 0.00081385 0.00082185 0.0008512 0.00079495 0.00084255 0.00081695 0.00086385 0.0008447 0.00083835 0.00089305 0.00083735 0.0008698 0.00081425 0.0009046 0.0008703 0.0008445 0.0008515 0.0008703 0.0008421 0.0008866 0.0008808 0.000855 0.0008496 0.00066545 0.00083825 0.0006127 0.0008601 0.00085455 0.00085765 0.0008352 0.000845 0.0008546 0.0006704 0.0008356 0.00080885 0.00083145 0.0008803 0.00081695 0.00086095 0.0008599 0.0008616 0.0009053 0.0008185 0.0008369 0.00082465 0.0009161 0.000867 0.00084875 0.0008574 0.0008464 0.0008324 0.0008434 0.0008413 0.00087055 0.00086735 0.00087195 0.00085865 0.00086115 0.00084315 0.00087325 0.0008264 0.0008634 0.00084665 0.0008729 0.0008603 0.00083335 0.00068855 0.000824 0.00081425 0.00082065 0.00084545 0.00085575 0.00086255 0.00087385 0.0008544 0.0008343 0.0007967 0.00083185 0.0008308 0.0008854 0.00089315 0.00083565 0.00086765 0.0008174 0.0008719 0.0008351 0.0008797 0.00086225 0.00084365 0.00082215 0.00083695 0.00088005 0.00084445 0.00066925
21 0.0008725 0.00086 0.0008919 0.000815 0.00084255 0.000867 0.0008292 0.00081905 0.00083725 0.00087365 0.00083225 0.00082795 0.00084635 0.0008472 0.0008496 0.0008303 0.00078335 0.0008725 0.00085735 0.00084565 0.0008703 0.000826 0.0007941 0.00080525 0.0008363 0.00079415 0.00082415 0.00084085 0.0008265 0.00082055 0.0008348 0.0006149 0.00087035 0.00079755 0.0008257 0.00084395 0.00084425 0.0007909 0.0008379 0.00083335 0.00084335 0.00087525 0.00082045 0.0008728 0.000704 0.00085045 0.00082145 0.00085475 0.0008171 0.00079045 0.00085535 0.00087245 0.00083255 0.00088225 0.00083655 0.00085735 0.00078265 0.00081375 0.0008334 0.00079635 0.0008253 0.00086555 0.00087005 0.00086375 0.00085065 0.00083 0.0008221 0.0007649 0.00086715 0.0008674 0.00085855 0.00082395 0.0008023 0.0008418 0.000815 0.00087505 0.0008705 0.0008038 0.00083045 0.0008278 0.0008756 0.000849 0.00084315 0.00082075 0.0007686 0.0007925 0.0008192 0.0008131 0.0008434 0.0008333 0.0008569 0.00085795 0.0008431 0.00080975 0.0007959 0.0008879 0.0008448 0.0008385 0.0008785 0.000838 0.0008561
22 0.0008658 0.00080925 0.0008737 0.0008109 0.00087515 0.000883 0.0008005 0.0007881 0.0008258 0.0008635 0.00083055 0.00084975 0.00079205 0.0008247 0.0008272 0.00081815 0.00075905 0.00082575 0.00088845 0.0008254 0.0008445 0.0007941 0.0007568 0.0008135 0.00085245 0.00080245 0.0007732 0.0008655 0.00085665 0.0007603 0.0008673 0.000817 0.0008551 0.00081355 0.00079655 0.0008514 0.0008051 0.00082965 0.00081815 0.00079985 0.00084615 0.0008114 0.00079425 0.00083525 0.0007773 0.00085065 0.0008426 0.0008144 0.0008435 0.00055285 0.0008149 0.0008013 0.00084495 0.000869 0.0008385 0.00088015 0.0008127 0.0005736 0.00078735 0.0005864 0.0008382 0.000832 0.00081765 0.00080995 0.00085085 0.00082485 0.00086725 0.0007844 0.00085405 0.00082805 0.000817 0.00086685 0.0008239 0.0008397 0.00085305 0.00088205 0.0008501 0.0008626 0.0007983 0.0008278 0.00081645 0.0008612 0.00080895 0.000828 0.0007852 0.0007618 0.00077975 0.0008418 0.0008462 0.00086315 0.0007925 0.0008385 0.0008611 0.00083875 0.00078245 0.000881 0.0008117 0.00080405 0.00083135 0.0008548 0.0008679
23 0.0008443 0.00079135 0.00084065 0.00081595 0.00083985 0.00081785 0.00078045 0.000722 0.000783 0.0008147 0.00087975 0.00079875 0.0007998 0.00086205 0.0008174 0.0007386 0.0008056 0.0008643 0.0008098 0.00082995 0.0008515 0.00080525 0.0008135 0.0007886 0.000821 0.000785 0.00078015 0.000798 0.00077535 0.0007667 0.0008593 0.0008226 0.0008309 0.00077315 0.0008481 0.0008055 0.0008121 0.00084145 0.00081095 0.0008119 0.0007756 0.00088315 0.0007452 0.0008236 0.0007817 0.000759 0.00083685 0.0007725 0.00078655 0.0007946 0.00076535 0.00075955 0.0008007 0.0008182 0.0008054 0.00079135 0.0006007 0.0008027 0.00079875 0.0008118 0.0007738 0.00079285 0.0007761 0.0007907 0.0007592 0.0008141 0.00084645 0.0006006 0.00079505 0.0008129 0.00076765 0.00076625 0.00058865 0.00085625 0.00078325 0.0008252 0.0007875 0.00081245 0.00085025 0.00078315 0.0008682 0.0008116 0.00075215 0.00080295 0.00079785 0.0007971 0.0008161 0.00082275 0.00077565 0.00078955 0.00080125 0.0006016 0.0007593 0.0008029 0.00077235 0.0008219 0.0007559 0.0008187 0.00081045 0.0008356 0.0008197
24 0.000784 0.0007833 0.0008246 0.0008745 0.00083915 0.00082135 0.0008389 0.00079015 0.00082 0.0008552 0.00080785 0.00087525 0.00082045 0.00084245 0.0008462 0.00079335 0.0008119 0.0008497 0.00072385 0.000835 0.0008703 0.0008363 0.00085245 0.000821 0.0007828 0.00082435 0.00089715 0.0008587 0.0008157 0.0008271 0.00063005 0.00084305 0.0008635 0.00082145 0.0008355 0.0008076 0.00082035 0.00067995 0.00085815 0.0008587 0.00080965 0.00081445 0.0008587 0.00082295 0.00082685 0.000829 0.00082985 0.0008369 0.0008493 0.0008429 0.0008423 0.00082845 0.00084975 0.0007546 0.00084105 0.00080825 0.0008245 0.0008201 0.0006138 0.00083145 0.0007973 0.0008017 0.00081595 0.0008094 0.0008292 0.0008071 0.0009031 0.0008274 0.0007327 0.00078015 0.00082615 0.0008298 0.0008173 0.00085875 0.00083445 0.0007976 0.00083595 0.00062725 0.00082915 0.00082545 0.00086725 0.00082235 0.00057205 0.0008516 0.0007637 0.00080195 0.00085635 0.00084105 0.0008097 0.00082475 0.00082765 0.0008253 0.00081385 0.0008297 0.00087495 0.00076915 0.000809 0.00078835 0.00082895 0.00060185 0.00085895
25 0.0007637 0.00070465 0.0008551 0.0008206 0.00084725 0.00074925 0.0007823 0.00077725 0.0007924 0.0008507 0.0008651 0.00082945 0.00083445 0.00083785 0.00082445 0.0007619 0.0008348 0.0008146 0.00082265 0.00071025 0.0008421 0.00079415 0.00080245 0.000785 0.00082435 0.000819 0.00086365 0.0008546 0.00081435 0.0006156 0.0008535 0.00079415 0.00087785 0.0008478 0.0007744 0.0007982 0.00083955 0.0008056 0.0007868 0.00084285 0.00079355 0.0008506 0.00083415 0.00084505 0.0008129 0.0008166 0.0008116 0.00082995 0.00082575 0.00079015 0.00082025 0.0008331 0.0008674 0.0008215 0.00082025 0.0007764 0.00077485 0.00077105 0.00061645 0.00076975 0.0008298 0.0007966 0.0008301 0.0008055 0.0008168 0.0007949 0.000859 0.00076935 0.00081935 0.00074735 0.0007913 0.0008216 0.00078915 0.0008439 0.00077765 0.0006964 0.0008562 0.0007901 0.0008025 0.0007993 0.00082145 0.0008244 0.0007932 0.0008239 0.0007783 0.0007785 0.0008162 0.0008083 0.0007936 0.0006268 0.0008533 0.0008097 0.0005993 0.00080245 0.0008468 0.00080965 0.00080535 0.0008162 0.0008215 0.0008205 0.00086315
26 0.00084435 0.00081195 0.00084315 0.00081875 0.000844 0.00089305 0.000863 0.0008333 0.0008653 0.00087865 0.00089835 0.00085075 0.0007953 0.00085835 0.00078705 0.00085395 0.0007986 0.00087755 0.00089805 0.00084815 0.0008866 0.00082415 0.0007732 0.00078015 0.00089715 0.00086365 0.0008957 0.0008939 0.0008848 0.0008081 0.0008947 0.00085335 0.00090475 0.0008229 0.00079865 0.00086785 0.0008439 0.00087945 0.0008206 0.0008096 0.0008755 0.00088605 0.0008083 0.0008404 0.0008028 0.00086495 0.00083015 0.00085805 0.00088185 0.00080235 0.00085 0.0008213 0.0008438 0.0008928 0.0007811 0.00087775 0.0007703 0.0008321 0.0008826 0.0008533 0.0008641 0.00083145 0.00079135 0.0008895 0.00086515 0.00086055 0.0008381 0.0007204 0.00086975 0.00088105 0.00081365 0.00087705 0.00080905 0.00089795 0.00080935 0.0008859 0.00086865 0.00086335 0.0008709 0.00088025 0.00088265 0.00085195 0.0008702 0.00089755 0.00080475 0.0008271 0.00082975 0.0008408 0.00087555 0.00087555 0.0007875 0.00082995 0.00086295 0.00089215 0.0006599 0.000893 0.0008566 0.00085985 0.00086325 0.0008691 0.00088295
27 0.00083485 0.0008599 0.0008573 0.00086865 0.0008464 0.00083005 0.0008649 0.00081265 0.0008759 0.00056485 0.0008356 0.00085195 0.00079235 0.00087275 0.0008601 0.00087685 0.0008371 0.0008795 0.00082785 0.00087005 0.0008808 0.00084085 0.0008655 0.000798 0.0008587 0.0008546 0.0008939 0.000562 0.00083565 0.0008289 0.00087645 0.00078465 0.00091275 0.0005513 0.0008923 0.0008419 0.0008596 0.00086515 0.00089595 0.00087715 0.00084875 0.00089405 0.0008021 0.0008742 0.00074405 0.0005894 0.0008334 0.00084955 0.0005557 0.0008306 0.00084035 0.0008693 0.00087725 0.0008197 0.00083875 0.00053355 0.0008387 0.00086295 0.000845 0.00088915 0.0004781 0.00084385 0.0008463 0.00082135 0.0005896 0.0008322 0.0008799 0.0008445 0.00082075 0.00082045 0.0008835 0.0005402 0.0008018 0.00087555 0.0007784 0.0008157 0.00087155 0.0008203 0.00086615 0.00084035 0.00089615 0.00080795 0.0008631 0.0008951 0.0007786 0.0007876 0.00085285 0.0008598 0.0008488 0.0008541 0.00078825 0.00087945 0.0008517 0.0008148 0.00085035 0.00085365 0.0008339 0.00076575 0.00084425 0.00081535 0.0006012
28 0.00081755 0.0008386 0.00083245 0.0008567 0.0008036 0.00083665 0.0007931 0.00078825 0.00072245 0.00083995 0.00082415 0.0007573 0.0007718 0.0008693 0.00076825 0.0008155 0.00082605 0.0008039 0.00072235 0.00086395 0.000855 0.0008265 0.00085665 0.00077535 0.0008157 0.00081435 0.0008848 0.00083565 0.0008144 0.0008193 0.00086975 0.0007222 0.00085605 0.00081165 0.00085535 0.00083695 0.00082785 0.0008373 0.0008367 0.0008115 0.00065825 0.000811 0.0007641 0.0008181 0.00079355 0.0007596 0.0007433 0.00070235 0.00083765 0.00080715 0.00076535 0.00082095 0.00081815 0.00062585 0.00072135 0.0008533 0.00078205 0.00081575 0.0007786 0.0008525 0.00081375 0.00082875 0.0008251 0.0008578 0.0007598 0.0008268 0.00083305 0.0007521 0.0007986 0.0007541 0.0008337 0.0007353 0.0006898 0.0008457 0.0008568 0.000866 0.00084095 0.0008522 0.0008273 0.00063 0.0008483 0.0007326 0.00076795 0.00083315 0.0007558 0.0007865 0.0007526 0.00084425 0.0006583 0.00061205 0.0007873 0.0008423 0.0008126 0.00073605 0.0008462 0.0008267 0.0007973 0.0007926 0.0008348 0.0008447 0.00084505
29 0.00079145 0.00050815 0.00082425 0.00081875 0.0007869 0.00076765 0.0007699 0.0007989 0.00078715 0.00084705 0.00085635 0.00079865 0.0007698 0.0008445 0.00079075 0.00080345 0.0007745 0.00081535 0.00079975 0.0005928 0.0008496 0.00082055 0.0007603 0.0007667 0.0008271 0.0006156 0.0008081 0.0008289 0.0008193 0.000811 0.00087265 0.00079965 0.0008643 0.00080035 0.0006465 0.00081105 0.0008193 0.00078845 0.00079415 0.0007588 0.00077185 0.00085105 0.00078505 0.000625 0.0007906 0.0008077 0.0007931 0.0008276 0.00078385 0.00076345 0.00077665 0.00062105 0.0008466 0.0008243 0.00076975 0.00076295 0.00074675 0.0007346 0.00060345 0.0007846 0.00078145 0.0006103 0.00057625 0.00079895 0.0008079 0.0008396 0.00084585 0.00076025 0.0008363 0.00076335 0.0006107 0.0007699 0.00075725 0.00082685 0.0007556 0.00070255 0.0007915 0.00081625 0.0008459 0.0007955 0.00084135 0.00077045 0.00079625 0.00077585 0.0007384 0.0007573 0.00081505 0.00081225 0.0007719 0.0008263 0.00076735 0.0007979 0.00081435 0.00074775 0.00081125 0.0008164 0.00075095 0.0007818 0.0007352 0.0008123 0.0008491
30 0.0007877 0.00084525 0.00083635 0.0008962 0.00087205 0.00080465 0.00085845 0.0008012 0.0008296 0.00086735 0.0007976 0.0008672 0.00081035 0.0008226 0.0008726 0.00082555 0.0008457 0.000849 0.00074435 0.0008232 0.00066545 0.0008348 0.0008673 0.0008593 0.00063005 0.0008535 0.0008947 0.00087645 0.00086975 0.00087265 0.0008852 0.00086985 0.00063325 0.0008295 0.0008451 0.0008257 0.0008216 0.0006992 0.0008581 0.0006693 0.000835 0.00080805 0.0008722 0.0008895 0.0008149 0.0008551 0.0008556 0.00087675 0.0008828 0.00084785 0.00086195 0.00086995 0.0008917 0.00078265 0.00085025 0.00081035 0.000872 0.0008391 0.0008256 0.00084685 0.00082365 0.00085155 0.00088625 0.0008517 0.0008553 0.00083025 0.0008946 0.0008518 0.00073665 0.0008022 0.0008874 0.00085025 0.00083475 0.00066885 0.00080635 0.0007676 0.00084215 0.0006444 0.0008441 0.0008779 0.0008619 0.0008717 0.00080285 0.00083775 0.00080925 0.00084515 0.00088945 0.00086525 0.00083505 0.00089295 0.00083655 0.0008389 0.00086085 0.00086245 0.00085235 0.00085025 0.00080375 0.0007884 0.00087965 0.00061395 0.0006566
31 0.00085535 0.0008343 0.00087095 0.0008446 0.00080915 0.0008528 0.00089245 0.0008211 0.00087225 0.0008761 0.0008304 0.00082535 0.00083245 0.0008923 0.00084585 0.0008514 0.00079785 0.0008022 0.0008244 0.0008384 0.00083825 0.0006149 0.000817 0.0008226 0.00084305 0.00079415 0.00085335 0.00078465 0.0007222 0.00079965 0.00086985 0.0007568 0.00086195 0.00075255 0.0008539 0.0008293 0.0008167 0.00083135 0.00081835 0.00081065 0.0008403 0.00086815 0.0008387 0.00084895 0.0007262 0.0008254 0.0006351 0.00083215 0.00076545 0.00080605 0.00089395 0.0008331 0.0008503 0.0008552 0.000807 0.0007976 0.0007902 0.00085045 0.0008162 0.0008336 0.00075115 0.00083825 0.00081025 0.0008521 0.0008256 0.0007629 0.0008299 0.0007982 0.0008191 0.00080495 0.0008163 0.00077175 0.00080875 0.00082815 0.000831 0.00084955 0.0008325 0.0008251 0.00077815 0.00081015 0.0008732 0.00060135 0.000848 0.0008283 0.0007597 0.00072715 0.00079645 0.0008008 0.00084035 0.00078275 0.00079525 0.0008588 0.00083565 0.0007801 0.000812 0.0008641 0.00083665 0.0007944 0.0008726 0.0008574 0.0008199
32 0.0007913 0.00086905 0.000868 0.00087125 0.0008408 0.0007967 0.00083445 0.00082145 0.00083215 0.0008881 0.0008291 0.00081105 0.0007914 0.00083845 0.0008663 0.00083895 0.00089285 0.00078875 0.000795 0.0007872 0.0006127 0.00087035 0.0008551 0.0008309 0.0008635 0.00087785 0.00090475 0.00091275 0.00085605 0.0008643 0.00063325 0.00086195 0.0008018 0.00085305 0.00085845 0.00086835 0.0008497 0.00083245 0.0008525 0.0006381 0.00081345 0.0008315 0.00085065 0.00087925 0.000842 0.0008762 0.00087445 0.00086535 0.00088915 0.00081855 0.0008331 0.0006838 0.00092345 0.0008499 0.00082725 0.0008427 0.0008467 0.000814 0.0008647 0.00080325 0.00085405 0.00085655 0.0008312 0.0008488 0.0008764 0.00083305 0.0008654 0.0008247 0.0008236 0.00081505 0.0008629 0.0008358 0.0007911 0.00064025 0.00081005 0.00076615 0.0006011 0.00084085 0.0008504 0.00083425 0.00087985 0.00083125 0.0008374 0.0005932 0.00082485 0.0008278 0.0008839 0.00088805 0.0008135 0.00088645 0.0008122 0.0008332 0.00087585 0.00082615 0.0008568 0.00086015 0.0007677 0.0008116 0.00084335 0.00083735 0.00064985
33 0.00079625 0.00080295 0.00084845 0.00083815 0.00080775 0.00083595 0.000819 0.0007777 0.0008392 0.00076375 0.00085395 0.0008195 0.0007546 0.00085245 0.0008369 0.0008484 0.00064485 0.0008506 0.00079435 0.00082885 0.0008601 0.00079755 0.00081355 0.00077315 0.00082145 0.0008478 0.0008229 0.0005513 0.00081165 0.00080035 0.0008295 0.00075255 0.00085305 0.0008555 0.000833 0.0007913 0.00076675 0.00081665 0.0008006 0.00082035 0.00081635 0.0008773 0.0007782 0.0008417 0.00071715 0.0006467 0.00080195 0.0008338 0.00062845 0.0008104 0.00080365 0.00080955 0.0007824 0.0008035 0.00079975 0.00059265 0.00081145 0.000829 0.0008302 0.0008534 0.0005511 0.00081 0.00079955 0.00081475 0.0006469 0.0008194 0.00083845 0.00080285 0.00078305 0.0008022 0.00083605 0.00059725 0.00076585 0.00084555 0.0007744 0.0007931 0.0008279 0.000784 0.0008333 0.00081845 0.0008469 0.0007896 0.000829 0.00083945 0.0007644 0.00075595 0.0008416 0.000758 0.0008164 0.0008482 0.0007778 0.00083415 0.00085665 0.00079785 0.0007859 0.00086735 0.0007861 0.00073255 0.00082585 0.0007774 0.0006452
34 0.00081955 0.0006573 0.000833 0.00082785 0.0008363 0.0008486 0.0007778 0.00083555 0.00081265 0.00085065 0.0008529 0.0008316 0.0007821 0.00068315 0.00083515 0.0008179 0.0007705 0.00084585 0.00082415 0.00060895 0.00085455 0.0008257 0.00079655 0.0008481 0.0008355 0.0007744 0.00079865 0.0008923 0.00085535 0.0006465 0.0008451 0.0008539 0.00085845 0.000833 0.0008168 0.0008428 0.0008198 0.0007995 0.0007767 0.0008198 0.0008036 0.0008439 0.0008547 0.00070155 0.0007474 0.00086015 0.00064125 0.00086625 0.00083095 0.0008338 0.0008015 0.00072915 0.0008603 0.00086765 0.00081555 0.0008627 0.0007885 0.00074485 0.0007722 0.00083175 0.00085365 0.00072435 0.00069515 0.0008268 0.00086035 0.00086625 0.00087115 0.0008095 0.00086465 0.00083625 0.0007023 0.0008386 0.0008257 0.0008069 0.0007753 0.00081995 0.00084105 0.0008132 0.0008518 0.0008471 0.00081665 0.00084355 0.00081855 0.0008158 0.00076985 0.00083515 0.00082965 0.0008073 0.00080365 0.0008559 0.00077455 0.00082765 0.00083745 0.00077415 0.0008107 0.00085135 0.0007742 0.00081315 0.00076675 0.00082615 0.00087145
35 0.00080865 0.00080445 0.0008256 0.00081125 0.0008362 0.00079975 0.000778 0.00079025 0.0008384 0.0008311 0.0008622 0.0008844 0.00083665 0.0008115 0.00082155 0.0007757 0.00073295 0.0007534 0.00082755 0.0008191 0.00085765 0.00084395 0.0008514 0.0008055 0.0008076 0.0007982 0.00086785 0.0008419 0.00083695 0.00081105 0.0008257 0.0008293 0.00086835 0.0007913 0.0008428 0.0007549 0.00059705 0.000785 0.00075395 0.0008548 0.0008406 0.00080725 0.0007987 0.00083255 0.0008382 0.000832 0.0008477 0.00080075 0.00083225 0.00085985 0.00076 0.00084835 0.0007039 0.00081745 0.0008315 0.00081265 0.0007955 0.00079915 0.00080865 0.00080435 0.00081605 0.0006064 0.00086865 0.00083205 0.0008322 0.0008193 0.00084815 0.00080615 0.0007909 0.0008222 0.0007884 0.0008358 0.0008304 0.00085155 0.00085575 0.00081325 0.0008861 0.000763 0.0007662 0.00078385 0.00077415 0.0008609 0.0008201 0.0008298 0.0007992 0.0008295 0.0008708 0.000697 0.00084065 0.0008228 0.0008336 0.00081865 0.00083085 0.0008406 0.0008202 0.00079465 0.00081075 0.0007952 0.00085505 0.000778 0.00084685
