 slim_337500061 slim_337499937 slim_337500072 slim_337500066 slim_337500142 slim_337500164 slim_337499983 slim_337500140 slim_337500119 slim_337500170 slim_337499901 slim_337499911 slim_337500076 slim_337499659 slim_337500040 slim_337500056 slim_337500079 slim_337500087 slim_337500070 slim_337500103 slim_337500118 slim_337499998 slim_337500017 slim_337500010 slim_337500131 slim_337500093 slim_337500171 slim_337500137 slim_337500030 slim_337500165 slim_337500097 slim_337500128 slim_337500047 slim_337500163 slim_337499950 slim_337500147 slim_337500089 slim_337500026 slim_337500101 slim_337499982 slim_337500127 slim_337499708 slim_337499999 slim_337500039 slim_337500174 slim_337500020 slim_337500041 slim_337500080 slim_337500088 slim_337500071 slim_337500161 slim_337500151 slim_337500152 slim_337500144 slim_337500121 slim_337500150 slim_337499993 slim_337500110 slim_337499947 slim_337500036 slim_337500172 slim_337500123 slim_337500009 slim_337500149 slim_337500115 slim_337500001 slim_337500166 slim_337500136 slim_337500148 slim_337500155 slim_337500159 slim_337500168 slim_337500120 slim_337500114 slim_337499816 slim_337499936 slim_337500117 slim_337500162 slim_337500096 slim_337499831 slim_337500108 slim_337500084 slim_337500014 slim_337499958 slim_337500124 slim_337500158 slim_337499895 slim_337500156 slim_337500054 slim_337500157 slim_337500167 slim_337500143 slim_337500086 slim_337500139 slim_337500107 slim_337500098 slim_337500146 slim_337500169 slim_337500153 slim_337500160
0 0.0001781 0.00020745 0.00023725 0.0002096 0.00024635 0.00014295 0.00020855 0.00040235 9.245e-05 0.00014365 0.0001582 0.0002588 9.205e-05 0.00015555 0.0002044 0.00014375 0.00031955 0.00016295 0.0003907 0.0001981 0.0001971 9.215e-05 9.215e-05 0.00025835 0.00025885 0.0002133 0.0002044 0.00015435 0.0001607 0.00025915 0.00032265 0.00020765 9.17e-05 9.21e-05 9.235e-05 9.22e-05 0.0002077 0.0003673 0.00014305 0.00015815 8.995e-05 0.00025895 0.00015555 0.00019515 0.00012935 0.00039045 9.19e-05 8.95e-05 0.00026165 0.00010035 0.00031325 0.00013455 8.93e-05 9.17e-05 0.00014415 0.0001175 0.00014335 0.00020905 0.0002138 0.00014365 0.00014305 0.0002154 0.0002618 0.00032255 0.00036715 0.0002705 0.00031325 8.955e-05 0.0001434 0.0001511 0.00020965 0.0002591 9.07e-05 0.0001951 9.835e-05 0.00014355 0.00024245 0.0001527 8.97e-05 0.0002099 8.94e-05 0.00014335 0.0001434 0.0001456 0.000204 0.0001547 0.0002618 0.00020885 0.0003365 0.00027545 9.205e-05 0.0001465 0.0002616 9.04e-05 0.00014345 0.00014325 8.92e-05 0.00014615 0.00014615 0.00022645
1 0.00020745 0.0003954 0.000351 0.00030765 0.000312 0.0002596 0.0001998 0.00041055 0.0002095 0.0002613 0.0002474 0.0003128 0.00020085 0.0002467 0.00026975 0.00026965 0.0003225 0.00021755 0.0004254 0.0003129 0.00032165 0.00020945 0.0002 0.0003221 0.00031285 0.00033585 0.00026975 0.0002609 0.0002173 0.00031315 0.0002602 0.0001991 0.00019955 0.0002092 0.00020115 0.0002095 0.0002074 0.0004249 0.0002597 0.00024735 0.0002165 0.00031295 0.00024575 0.0002933 0.000247 0.00042515 0.0001997 0.0002077 0.00026 0.00020795 0.00038195 0.00026075 0.00019905 0.0001996 0.00026915 0.0001997 0.0002695 0.0003071 0.00027725 0.00026955 0.000269 0.00026115 0.0002505 0.0002602 0.0004345 0.00030775 0.0003737 0.00021705 0.00026985 0.00026 0.0003077 0.0003131 0.0002013 0.00029325 0.0002162 0.0002612 0.00029955 0.0002785 0.0002089 0.0002982 0.00019915 0.0002695 0.00026955 0.0002613 0.00030925 0.00020105 0.0002504 0.000307 0.00037255 0.0002781 0.0002091 0.0002622 0.00025995 0.00019995 0.00026015 0.00026915 0.0002075 0.00026185 0.00026185 0.0002634
2 0.00023725 0.000351 0.0001734 0.00014735 0.0001353 0.0001921 0.0003515 0.00030115 0.00023855 0.00014145 0.00025265 0.0001475 0.00024645 0.00020055 0.00019295 0.000133 0.000208 0.00029715 0.0002423 8.79e-05 8.785e-05 0.0002384 0.00029785 0.000148 0.00014755 9.01e-05 0.00019295 0.000191 0.00024545 0.00014785 0.00030675 0.0003 0.0002974 0.00023825 0.00024675 0.0002382 0.0002915 0.0002182 0.0001922 0.0002526 0.0001768 0.00014765 0.00025185 0.0001919 0.00023695 0.00024205 0.00029755 0.0002368 0.00024685 0.00023595 0.0002636 0.00013275 0.0002455 0.00029745 0.00013205 0.00027165 0.000133 0.000147 0.0001915 0.0001329 0.0001327 0.00025095 0.00024615 0.00030665 0.000219 0.00020715 0.00027225 0.0001778 0.00013325 0.00019955 0.0001475 0.0001478 0.0002464 0.0001918 0.00023715 0.00014135 0.00020035 0.00013315 0.0001864 0.0001469 0.0002456 0.000133 0.00013305 0.00019295 0.00025025 0.0003058 0.00024615 0.00014825 0.0002867 0.00025195 0.0002379 0.00019375 0.0002468 0.0002973 0.00019255 0.0001326 0.0002373 0.0001934 0.0001934 0.00025125
3 0.0002096 0.00030765 0.00014735 0.0002729 0.0002055 0.0002084 0.0003184 0.0002767 0.00021055 0.0001565 0.000209 0.00021805 0.0002287 0.0001565 0.0002191 0.0001486 0.00027835 0.0002797 0.00027705 0.00014765 0.0001469 0.00022075 0.00027055 0.0002181 0.0002181 0.0001599 0.0002191 0.00020695 0.0002276 0.0002184 0.0003172 0.0002662 0.0002701 0.00022055 0.000229 0.0002208 0.000258 0.0002786 0.0002085 0.00020895 0.00015915 0.0002182 0.00019825 0.0001379 0.00020955 0.0002768 0.00027025 0.0002194 0.00024625 0.00021865 0.00027985 0.00015875 0.0002178 0.00027015 0.00014755 0.00024395 0.0001481 0.00014695 0.00021765 0.00014825 0.0001586 0.00027795 0.00024675 0.00030705 0.00026805 0.00020735 0.0002881 0.00016 0.00015885 0.00021645 0.00013665 0.00021835 0.0002287 0.0001378 0.00020965 0.0001565 0.00021645 0.0001485 0.0001683 0.0001473 0.0002179 0.0001482 0.00014825 0.0002192 0.0002668 0.0002882 0.0002568 0.000137 0.00028845 0.00027835 0.00022045 0.0002093 0.00024645 0.00027005 0.00019815 0.00015875 0.00020965 0.00020885 0.00020885 0.0002075
4 0.00024635 0.000312 0.0001353 0.0002055 0.0001559 0.0002007 0.00029485 0.00035735 0.00023965 0.0001429 0.00030045 9.19e-05 0.00023765 0.0002487 0.0001374 0.00013435 0.00010535 0.00024075 0.0002518 8.93e-05 8.88e-05 0.0002295 0.0003066 9.195e-05 9.185e-05 9.49e-05 0.0001374 0.00019245 0.0001894 9.225e-05 0.0002031 0.00024345 0.00030615 0.0002293 0.00023795 0.0002294 0.00023485 0.00021765 0.0002008 0.0003004 0.00016835 9.205e-05 0.00031755 0.0002964 0.00028475 0.00025155 0.0003063 0.0002282 0.0002002 0.00022725 0.0002632 0.00012385 0.0002546 0.0003062 0.0001335 0.00025065 0.00013445 0.00019465 0.00013495 0.00013425 0.0001236 0.0001954 0.00019945 0.000213 0.0002284 0.0002083 0.00027175 0.00016925 0.0001248 0.00020895 0.00020555 9.22e-05 0.00023795 0.00029635 0.00024625 0.0001428 0.00020155 0.0001346 0.0001778 0.000195 0.0002547 0.00013445 0.0001345 0.00018365 0.0002512 0.0002496 0.00018945 0.0002063 0.0002862 0.0001488 0.000229 0.00019485 0.00020015 0.0003064 0.00021155 0.00012355 0.0002464 0.0001945 0.0001945 0.0002518
5 0.00014295 0.0002596 0.0001921 0.0002084 0.0002007 0.0002652 0.00026175 0.00041925 0.00014665 0.00014395 0.00021105 0.0002138 0.0001464 0.0002178 0.00020535 0.0001439 0.0002575 0.00019855 0.00034565 0.00015255 0.00013355 0.0001465 0.00013645 0.00019525 0.00021385 0.0001511 0.00020535 0.00014405 0.0002057 0.00021415 0.000322 0.0002699 0.000136 0.0001463 0.0001467 0.00014665 0.0002698 0.0003219 0.0001328 0.000211 0.00015235 0.00021395 0.00020775 0.00025715 0.0001839 0.0003454 0.00013615 0.00014325 0.00026045 0.00015335 0.00031375 0.00014315 0.00014295 0.00013605 0.00014305 0.0001712 0.00014375 0.00020745 0.00019495 0.0001438 0.0001428 0.00020565 0.0002782 0.0003219 0.0003043 0.00026985 0.00031385 0.00015325 0.00014415 0.0001413 0.00020845 0.0002141 0.00014545 0.0002571 0.0001348 0.00014385 0.00024315 0.0001358 0.00015335 0.0002263 0.00014305 0.00014375 0.0001438 0.00013605 0.0002118 0.00020635 0.0002782 0.0002086 0.00035475 0.00025755 0.00014625 0.0001374 0.0002604 0.00013505 0.0001337 0.0001429 0.000143 0.00013705 0.00013705 0.00026995
6 0.00020855 0.0001998 0.0003515 0.0003184 0.00029485 0.00026175 0.0003612 0.00042885 0.0002002 0.00025355 0.00024705 0.0002956 0.00018205 0.0002464 0.00025175 0.0002616 0.0003053 0.0001995 0.00043625 0.00030595 0.00031495 0.00019015 0.0002006 0.00030515 0.00029565 0.00031855 0.00025175 0.00025405 0.0001993 0.00029595 0.00024305 0.00018115 0.00020065 0.00019035 0.00018185 0.0001904 0.00018915 0.0004255 0.00026185 0.00024705 0.00019845 0.00029575 0.00026535 0.00031095 0.00024605 0.000436 0.00020075 0.00019035 0.0002531 0.00019 0.00038145 0.000243 0.00020015 0.0002007 0.0002622 0.000196 0.00026175 0.00030785 0.0002603 0.0002615 0.00025125 0.00024405 0.00024335 0.00025305 0.00044535 0.00030825 0.0003735 0.00019795 0.000252 0.0002619 0.00031845 0.0002959 0.0001817 0.0003109 0.0002173 0.00025345 0.00029925 0.00027075 0.0001901 0.0002987 0.00020025 0.00026175 0.0002618 0.00024355 0.00030275 0.000183 0.00023325 0.00031775 0.00037205 0.0002609 0.00019 0.00025395 0.00025305 0.00020025 0.0002723 0.0002511 0.0002086 0.00025405 0.00025405 0.0002639
7 0.00040235 0.00041055 0.00030115 0.0002767 0.00035735 0.00041925 0.00042885 0.0003732 0.00040985 0.0003675 0.000337 0.00035735 0.0004276 0.00027755 0.00036765 0.00035945 0.0003835 0.00043455 0.0002769 0.00034915 0.000376 0.0004196 0.00047025 0.00038475 0.0003574 0.00037205 0.00036765 0.00041705 0.0003755 0.0003577 0.0003759 0.0003683 0.0004698 0.00041955 0.0004279 0.00041965 0.0003602 0.000302 0.00041935 0.00033695 0.00035165 0.0003575 0.0003201 0.0002122 0.0003631 0.0002766 0.00046995 0.00041985 0.0003674 0.0004098 0.00031265 0.0003602 0.00041055 0.00046985 0.0003591 0.0004136 0.0003591 0.0002861 0.00038365 0.00035935 0.00036875 0.0004256 0.00033965 0.0003658 0.00031975 0.0002851 0.00032075 0.00035205 0.0003692 0.0004197 0.00027675 0.00035765 0.0004289 0.00021215 0.0004193 0.0003674 0.00031995 0.0003763 0.00036035 0.0002591 0.00041065 0.0003591 0.00035915 0.0004362 0.00039845 0.00042735 0.00034965 0.00027675 0.0002694 0.00038285 0.00041945 0.00042715 0.00036735 0.00047105 0.00040985 0.0003689 0.0004024 0.0004268 0.0004268 0.0002845
8 9.245e-05 0.0002095 0.00023855 0.00021055 0.00023965 0.00014665 0.0002002 0.00040985 0.0001649 0.00013775 0.0001566 0.0002524 8.36e-05 0.0001564 0.00019755 0.0001377 0.00031185 0.0001534 0.00039145 0.00019275 0.00019165 8.31e-05 9.215e-05 0.00025195 0.00025245 0.00020585 0.00019755 0.000149 0.0001536 0.00025275 0.00031465 0.0002005 9.255e-05 8.345e-05 8.305e-05 8.385e-05 0.0002003 0.0003684 0.00014675 0.00015655 8.435e-05 0.00025255 0.0001657 0.00020255 0.0001299 0.0003912 9.27e-05 8.455e-05 0.0002546 9.465e-05 0.00031365 0.00012905 9.255e-05 9.26e-05 0.0001387 0.00011465 0.00013745 0.00021035 0.00020715 0.00013745 0.0001373 0.0002091 0.00025505 0.0003145 0.0003679 0.0002705 0.0003139 8.325e-05 0.00013805 0.0001548 0.0002106 0.0002527 8.36e-05 0.0002025 0.00010155 0.00013765 0.0002433 0.0001468 8.35e-05 0.0002112 9.265e-05 0.00013745 0.0001375 0.0001376 0.0001977 0.0001454 0.0002551 0.0002099 0.00033685 0.0002675 8.335e-05 0.0001373 0.00025465 9.25e-05 0.00014685 0.0001374 9.25e-05 0.0001378 0.0001378 0.0002262
9 0.00014365 0.0002613 0.00014145 0.0001565 0.0001429 0.00014395 0.00025355 0.0003675 0.00013775 0.0001659 0.00021095 0.0001553 0.0001372 0.00015655 0.0001451 8.375e-05 0.00020685 0.0001994 0.00029445 9.39e-05 8.34e-05 0.0001378 0.00019815 0.0001456 0.00015535 0.0001003 0.0001451 0.00014495 0.00014545 0.00015565 0.0002628 0.00020075 0.0001977 0.0001377 0.00013755 0.00013785 0.00020125 0.0002716 0.00014405 0.0002109 8.37e-05 0.00015545 0.0002172 0.00020415 0.0001829 0.0002942 0.00019785 0.00013575 0.00020085 0.0001453 0.00026175 8.375e-05 0.0001434 0.00019775 8.36e-05 0.00016695 8.31e-05 0.00015685 0.0001453 8.34e-05 8.37e-05 0.00020695 0.0002111 0.00026265 0.0002613 0.00021835 0.0002613 8.365e-05 8.365e-05 0.000152 0.00015655 0.0001556 0.00013575 0.0002041 0.0001439 8.305e-05 0.0001905 8.37e-05 8.365e-05 0.00016695 0.0001434 8.32e-05 8.325e-05 0.00013775 0.0002056 0.0001993 0.00021115 0.0001568 0.0002945 0.000207 0.00013765 0.00013785 0.00020105 0.0001962 0.0001437 8.39e-05 0.0001437 0.0001374 0.0001374 0.00021855
10 0.0001582 0.0002474 0.00025265 0.000209 0.00030045 0.00021105 0.00024705 0.000337 0.0001566 0.00021095 0.0003073 0.0003131 0.0001559 0.00015565 0.00026935 0.000211 0.00038105 0.00022305 0.00039245 0.0002549 0.00026365 0.00015655 0.00015715 0.0003224 0.00031315 0.0002636 0.00026935 0.00021125 0.00022545 0.00031345 0.0003586 0.0002469 0.00015635 0.0001556 0.00015655 0.00015605 0.0002469 0.0003835 0.00021115 0.000154 0.0001579 0.00031325 0.00015655 0.0001543 0.0001564 0.0003922 0.0001562 0.00015795 0.0003001 0.000158 0.0003399 0.0002021 0.00015815 0.0001564 0.00021125 0.000183 0.0002108 0.0002085 0.0002778 0.0002109 0.00021045 0.0002698 0.00029055 0.0003585 0.00039305 0.0002674 0.00033995 0.00015775 0.00021105 0.0002192 0.00020905 0.0003134 0.0001579 0.00015425 0.00016705 0.00021085 0.0002687 0.0002199 0.0001579 0.0001996 0.00015825 0.0002108 0.00021085 0.0002087 0.00025905 0.000215 0.00029055 0.00020845 0.000339 0.0003369 0.00015585 0.0002099 0.00030005 0.0001583 0.00021155 0.00021055 0.00015825 0.0002089 0.0002089 0.0002232
11 0.0002588 0.0003128 0.0001475 0.00021805 9.19e-05 0.0002138 0.0002956 0.00035735 0.0002524 0.0001553 0.0003131 0.0001814 0.00025015 0.000261 0.00013615 0.000147 9.11e-05 0.0002408 0.0002519 0.0001019 0.00010185 0.0002421 0.0003194 9.13e-05 9.11e-05 0.0001059 0.00013635 0.00020495 0.00018905 9.115e-05 0.0001902 0.00024395 0.00031895 0.00024205 0.00025045 0.0002419 0.0002356 0.00022195 0.0002139 0.00031305 0.00018065 9.12e-05 0.00033015 0.00030885 0.0002973 0.00025165 0.0003191 0.0002407 0.00020095 0.00023995 0.00026725 0.0001366 0.00026705 0.000319 0.000146 0.0002635 0.00014685 0.0002076 0.0001353 0.0001469 0.00013665 0.00019425 0.00020025 0.0002001 0.00023265 0.0002074 0.00027575 0.00018165 0.0001369 0.0002134 0.0002181 9.11e-05 0.0002501 0.0003088 0.0002587 0.0001552 0.00020085 0.000147 0.00019015 0.0002075 0.00026715 0.00014685 0.0001469 0.0001968 0.00026395 0.00024905 0.00019025 0.00021885 0.0002863 0.00013505 0.00024175 0.0002076 0.0002009 0.00031885 0.00022425 0.0001366 0.00025885 0.00020725 0.00020725 0.00025165
12 9.205e-05 0.00020085 0.00024645 0.0002287 0.00023765 0.0001464 0.00018205 0.0004276 8.36e-05 0.0001372 0.0001559 0.00025015 0.0001281 0.0001556 0.00019515 0.000146 0.00030935 0.00014295 0.00040965 0.00020095 0.00019995 7.34e-05 8.455e-05 0.0002497 0.0002502 0.0002038 0.00019515 0.00014905 0.0001431 0.0002505 0.000304 0.00018125 8.36e-05 7.295e-05 6.49e-05 7.315e-05 0.00019 0.0003763 0.0001465 0.0001557 8.23e-05 0.0002503 0.0001753 0.0002204 0.00012965 0.0004094 8.39e-05 7.415e-05 0.0002545 8.45e-05 0.00032165 0.0001269 8.355e-05 8.365e-05 0.0001471 0.0001058 0.0001456 0.0002182 0.00020525 0.0001459 0.00013535 0.0001986 0.0002547 0.0003139 0.0003861 0.0002781 0.00031295 8.125e-05 0.00013565 0.00015455 0.00022875 0.00025045 6.475e-05 0.00022035 0.0001011 0.0001372 0.00024245 0.0001549 7.305e-05 0.00021905 8.355e-05 0.0001456 0.00014565 0.0001269 0.00019765 0.0001262 0.0002447 0.00022805 0.0003449 0.00026535 7.275e-05 0.00013825 0.00025445 8.425e-05 0.0001569 0.00013555 9.21e-05 0.00013755 0.00013755 0.00023415
13 0.00015555 0.0002467 0.00020055 0.0001565 0.0002487 0.0002178 0.0002464 0.00027755 0.0001564 0.00015655 0.00015565 0.000261 0.0001556 0.0001869 0.0002161 0.00015705 0.00033825 0.00023375 0.0003407 0.0002018 0.0002188 0.000156 0.0002177 0.00027855 0.00026105 0.0002203 0.0002161 0.0002179 0.0001721 0.00026135 0.0003073 0.000185 0.00021725 0.00015605 0.0001559 0.00015605 0.00018545 0.0003317 0.0002179 0.0001556 9.49e-05 0.00026115 0.00015565 9.375e-05 0.0001547 0.00034045 0.0002174 0.0001554 0.0002478 0.0001555 0.00028725 0.0001478 0.00015535 0.0002173 0.0001576 0.0001815 0.00015655 0.00015595 0.00023395 0.00015695 0.00015635 0.00027745 0.00022995 0.0003072 0.00034955 0.0002159 0.00028685 9.435e-05 0.00015645 0.00022595 0.00015655 0.0002613 0.00015515 9.37e-05 0.0001729 0.00015645 0.0002153 0.00017415 9.43e-05 0.0001388 0.00015545 0.00015655 0.0001566 0.00021795 0.0002589 0.0002178 0.00022995 0.0001557 0.0002781 0.0002941 0.000156 0.00021885 0.00024775 0.00021675 0.00021835 0.00015655 0.0001556 0.0002185 0.0002185 0.0001717
14 0.0002044 0.00026975 0.00019295 0.0002191 0.0001374 0.00020535 0.00025175 0.00036765 0.00019755 0.0001451 0.00026935 0.00013615 0.00019515 0.0002161 0.0002501 0.0001372 0.00012545 0.00018755 0.0002969 0.0001479 0.0001375 0.00018695 0.00026625 0.0001263 0.0001364 0.0001405 0.0001253 0.00020745 0.00013465 0.0001365 0.0001905 0.00019905 0.0002658 0.00018715 0.00019545 0.000187 0.0001911 0.00026745 0.00020545 0.0002693 0.00012635 0.0001365 0.0002871 0.0002642 0.0002424 0.00029665 0.00026595 0.0001866 0.000202 0.0001965 0.0002569 0.0001263 0.00021275 0.00026585 0.0001377 0.00020915 0.00013655 0.00020855 0.00012675 0.0001371 0.00012645 0.000196 0.00021155 0.0002005 0.0002679 0.00020775 0.00026505 0.0001258 0.00012625 0.0002054 0.00021915 0.00013645 0.00019465 0.00026415 0.0002047 0.000145 0.0001901 0.0001371 0.00013405 0.0002188 0.00021285 0.00013655 0.0001366 0.00018765 0.00026585 0.0001954 0.00020155 0.00021895 0.00028575 0.00012595 0.00018715 0.00019855 0.00020195 0.00026525 0.0002159 0.0001267 0.00020445 0.0001982 0.0001982 0.0002085
15 0.00014375 0.00026965 0.000133 0.0001486 0.00013435 0.0001439 0.0002616 0.00035945 0.0001377 8.375e-05 0.000211 0.000147 0.000146 0.00015705 0.0001372 0.0001493 0.00019905 0.0001992 0.0002864 8.51e-05 7.535e-05 0.0001379 0.00020635 0.00013755 0.00014705 9.22e-05 0.0001372 0.0001449 0.00014565 0.00014735 0.00026315 0.0002097 0.0002059 0.00013755 0.0001463 0.00013765 0.00020095 0.00026315 0.000144 0.000211 7.515e-05 0.00014715 0.0002173 0.000196 0.00018255 0.00028615 0.000206 0.00013555 0.0002012 0.00014485 0.00025315 7.56e-05 0.0001521 0.00020595 7.52e-05 0.0001755 7.52e-05 0.0001487 0.0001369 7.495e-05 7.535e-05 0.0002069 0.00021095 0.000263 0.00025335 0.00021045 0.00026195 7.51e-05 7.575e-05 0.0001517 0.00014865 0.0001473 0.0001448 0.00019595 0.00014405 8.365e-05 0.00019105 7.575e-05 8.38e-05 0.00015855 0.0001522 7.52e-05 7.525e-05 0.0001377 0.0002053 0.00020785 0.000211 0.0001483 0.0002859 0.00019885 0.0001372 0.00013795 0.0002009 0.00020465 0.0001438 7.52e-05 0.0001438 0.00013755 0.00013755 0.0002103
16 0.00031955 0.0003225 0.000208 0.00027835 0.00010535 0.0002575 0.0003053 0.0003835 0.00031185 0.00020685 0.00038105 9.11e-05 0.00030935 0.00033825 0.00012545 0.00019905 2e-07 0.000222 0.00025235 0.0001644 0.00013635 0.0003013 0.00037085 6.36e-05 9.085e-05 0.00013695 0.00012515 0.00025915 0.0001795 9.145e-05 0.00012845 0.0002614 0.0003704 0.00030145 0.00030965 0.00030135 0.00025355 0.00022685 0.0002576 0.000381 0.00025025 9.095e-05 0.00039965 0.0003851 0.00035705 0.0002521 0.00037055 0.00030175 0.00020145 0.0003112 0.0002615 0.00019665 0.0003278 0.00037045 0.0001986 0.00029725 0.0001984 0.0002678 0.00010875 0.00019895 0.0001883 0.0001862 0.00022865 0.00013845 0.00020965 0.00020495 0.0002697 0.00025065 0.0001881 0.00024955 0.0002784 9.14e-05 0.00031035 0.00038505 0.00030255 0.00020675 0.0001906 0.00018165 0.0002588 0.0002957 0.0003279 0.0001984 0.00019845 0.00023895 0.00033415 0.00024565 0.00021865 0.00027915 0.0003042 4.64e-05 0.00030145 0.00024985 0.0002014 0.00037135 0.00026805 0.00018855 0.0003196 0.0002495 0.0002495 0.0002509
17 0.00016295 0.00021755 0.00029715 0.0002797 0.00024075 0.00019855 0.0001995 0.00043455 0.0001534 0.0001994 0.00022305 0.0002408 0.00014295 0.00023375 0.00018755 0.0001992 0.000222 0.000264 0.00040045 0.0002527 0.0002347 0.00014335 0.00015335 0.00022335 0.00024085 0.0002367 0.00018755 0.00020085 0.00014315 0.00024115 0.0002422 0.0002079 0.00015255 0.00014235 0.0001436 0.00014295 0.00020765 0.00037105 0.00019865 0.0002234 0.0001532 0.00024095 0.0002437 0.00028855 0.00019985 0.0004002 0.0001524 0.000145 0.0002538 0.00015465 0.00031785 0.00018805 0.00016305 0.0001526 0.0001994 0.00015825 0.0001991 0.0002691 0.0001781 0.0001991 0.0001885 0.0001893 0.0002709 0.0002521 0.00036395 0.000268 0.00031815 0.0001531 0.00018945 0.00019905 0.00027975 0.0002411 0.0001452 0.0002885 0.0001545 0.0001993 0.0002438 0.0001909 0.0001533 0.00028695 0.00016315 0.0001991 0.00019915 0.00017835 0.0002653 0.00014025 0.0002609 0.00027915 0.00035405 0.00017715 0.00014265 0.00018965 0.00025375 0.00015475 0.00020915 0.00018865 0.000163 0.00018865 0.00018865 0.00022325
18 0.0003907 0.0004254 0.0002423 0.00027705 0.0002518 0.00034565 0.00043625 0.0002769 0.00039145 0.00029445 0.00039245 0.0002519 0.00040965 0.0003407 0.0002969 0.0002864 0.00025235 0.00040045 0.0004609 0.0002415 0.00024095 0.00040165 0.00045095 0.00025205 0.00025195 0.0002523 0.0002969 0.00034445 0.0003491 0.00025225 0.00033165 0.0003845 0.0004505 0.00040145 0.00040995 0.0004017 0.00037625 0.00024215 0.00034575 0.0003924 0.00034075 0.00025205 0.0003819 0.0003228 0.0003915 0.0002305 0.00045065 0.0004005 0.0003208 0.00039985 0.0002874 0.0002964 0.00039895 0.00045055 0.0002854 0.0003993 0.000286 0.00028725 0.00029525 0.00028615 0.00029635 0.00035535 0.00032105 0.0003215 0.00023185 0.0002878 0.00029565 0.0003416 0.00029665 0.000346 0.0002771 0.0002522 0.00040995 0.00032275 0.0003906 0.00029425 0.0002955 0.0002861 0.00034995 0.0002875 0.00039905 0.00028595 0.000286 0.00035625 0.0003454 0.0004091 0.0003311 0.0002781 0.0002861 0.000296 0.00040135 0.00034625 0.0003209 0.00045075 0.0003353 0.0002965 0.00039075 0.00034605 0.00034605 0.0003315
19 0.0001981 0.0003129 8.79e-05 0.00014765 8.93e-05 0.00015255 0.00030595 0.00034915 0.00019275 9.39e-05 0.0002549 0.0001019 0.00020095 0.0002018 0.0001479 8.51e-05 0.0001644 0.0002527 0.0002415 7.82e-05 3.99e-05 0.00019295 0.0002597 0.00010255 0.0001019 5.76e-05 0.0001479 0.0001429 0.0002 0.0001018 0.00026275 0.00025455 0.00025925 0.00019265 0.00020125 0.00019275 0.00024595 0.000218 0.00015265 0.00025485 0.0001298 0.0001017 0.00026045 0.00024065 0.00023785 0.00024125 0.0002594 0.00018995 0.00020035 0.0001888 0.0002639 8.58e-05 0.00020635 0.0002593 8.4e-05 0.0002298 8.545e-05 0.00014785 0.00014565 8.525e-05 8.57e-05 0.00020535 0.00020005 0.0002626 0.0002182 0.00020995 0.0002725 0.0001312 8.61e-05 0.0001602 0.0001477 0.0001019 0.0001999 0.0002406 0.000198 9.38e-05 0.00020165 8.56e-05 0.0001398 0.00014755 0.00020645 8.545e-05 8.55e-05 0.00014705 0.00020385 0.00026145 0.0002001 0.0001483 0.00028685 0.00020795 0.0001923 0.0001472 0.00020005 0.00025815 0.00015235 8.56e-05 0.00019815 0.00014685 0.00014685 0.00025355
20 0.0001971 0.00032165 8.785e-05 0.0001469 8.88e-05 0.00013355 0.00031495 0.000376 0.00019165 8.34e-05 0.00026365 0.00010185 0.00019995 0.0002188 0.0001375 7.535e-05 0.00013635 0.0002347 0.00024095 3.99e-05 2.27e-05 0.00019185 0.00025045 7.415e-05 0.0001019 2.965e-05 0.0001375 0.00013445 0.00019025 0.0001022 0.0002621 0.00027155 0.00025 0.0001916 0.00020025 0.000192 0.0002632 0.0002178 0.00013365 0.0002636 0.0001375 0.000102 0.0002692 0.00025765 0.0002371 0.0002407 0.00025015 0.0001892 0.0001996 0.000198 0.0002537 8.375e-05 0.00020535 0.00025005 7.395e-05 0.0002288 7.495e-05 0.00014685 0.00011785 7.5e-05 7.49e-05 0.000197 0.00022745 0.00026195 0.00019 0.0002093 0.00026205 0.0001387 7.585e-05 0.000142 0.00014695 0.00010215 0.0001989 0.0002576 0.0001801 8.34e-05 0.00019125 5.83e-05 0.000147 0.00017495 0.00020545 7.505e-05 7.51e-05 0.00012805 0.0002132 0.00025915 0.0002275 0.00014805 0.0003042 0.00018055 0.00019155 0.00012855 0.0001998 0.0002489 0.0001337 7.51e-05 0.00019715 0.0001281 0.0001281 0.00025355
21 9.215e-05 0.00020945 0.0002384 0.00022075 0.0002295 0.0001465 0.00019015 0.0004196 8.31e-05 0.0001378 0.00015655 0.0002421 7.34e-05 0.000156 0.00018695 0.0001379 0.0003013 0.00014335 0.00040165 0.00019295 0.00019185 0.000145 9.235e-05 0.00024155 0.00024215 0.00019555 0.00018695 0.0001493 0.0001432 0.00024245 0.00030435 0.0001902 9.26e-05 7.34e-05 7.3e-05 7.35e-05 0.00019025 0.00036825 0.0001466 0.0001565 7.41e-05 0.00024225 0.00017555 0.0002123 0.00012975 0.0004014 9.275e-05 7.43e-05 0.0002549 8.46e-05 0.0003135 0.00011865 9.225e-05 9.265e-05 0.000139 0.00011435 0.0001375 0.0002101 0.0001969 0.0001378 0.00012705 0.0001988 0.00025505 0.00031425 0.0003781 0.0002701 0.0003135 7.3e-05 0.0001275 0.00015475 0.0002208 0.0002424 7.295e-05 0.00021225 0.00010125 0.0001377 0.0002429 0.00014685 7.31e-05 0.00021105 9.235e-05 0.0001375 0.00013755 0.00012755 0.0001979 0.0001352 0.00024505 0.00022 0.00033675 0.0002571 7.34e-05 0.00013785 0.00025485 9.21e-05 0.00015715 0.0001273 9.22e-05 0.0001382 0.0001382 0.00022595
22 9.215e-05 0.0002 0.00029785 0.00027055 0.0003066 0.00013645 0.0002006 0.00047025 9.215e-05 0.00019815 0.00015715 0.0003194 8.455e-05 0.0002177 0.00026625 0.00020635 0.00037085 0.00015335 0.00045095 0.0002597 0.00025045 9.235e-05 4.53e-05 0.0003107 0.00031945 0.00026495 0.00026625 0.00014795 0.0002143 0.00031975 0.00037405 0.00026125 2.315e-05 9.275e-05 8.4e-05 9.31e-05 0.0002694 0.0004276 0.00013655 0.0001571 0.0001617 0.00031955 0.00015665 0.00026425 0.00013145 0.0004507 2.335e-05 9.245e-05 0.00031405 0.00010325 0.00037455 0.0001975 8.395e-05 2.32e-05 0.0002064 0.0001109 0.0002062 0.00027005 0.00026625 0.00020625 0.00020575 0.000208 0.0003225 0.00037395 0.00041915 0.00033045 0.00036645 0.0001617 0.0002066 0.0001446 0.0002706 0.0003197 8.48e-05 0.0002642 9.285e-05 0.00019805 0.00029595 0.00020705 0.00015365 0.00027915 8.405e-05 0.0002062 0.00020625 0.00013695 0.0002044 0.0001444 0.0003225 0.00027015 0.00040605 0.00032685 9.265e-05 0.00013695 0.000314 2.345e-05 0.0001369 0.0002059 9.22e-05 0.00013745 0.00013745 0.0002865
23 0.00025835 0.0003221 0.000148 0.0002181 9.195e-05 0.00019525 0.00030515 0.00038475 0.00025195 0.0001456 0.0003224 9.13e-05 0.0002497 0.00027855 0.0001263 0.00013755 6.36e-05 0.00022335 0.00025205 0.00010255 7.415e-05 0.00024155 0.0003107 0.0001264 9.16e-05 7.85e-05 0.0001265 0.00019735 0.00017985 9.165e-05 0.0001901 0.0002615 0.00031025 0.00024155 0.00025 0.0002417 0.0002534 0.00022225 0.0001954 0.00032235 0.00018895 9.17e-05 0.00033945 0.0003264 0.0002971 0.0002518 0.0003104 0.0002405 0.000201 0.0002497 0.0002576 0.00013505 0.0002666 0.0003103 0.0001368 0.00026305 0.00013715 0.00020715 0.0001081 0.00013745 0.0001264 0.0001865 0.00022815 0.0002 0.00020525 0.0002073 0.00026585 0.0001897 0.0001272 0.0001958 0.00021815 9.16e-05 0.00024965 0.00032635 0.00024135 0.0001455 0.000191 0.0001204 0.0001979 0.0002354 0.0002667 0.00013715 0.0001372 0.0001783 0.00027385 0.0002473 0.00021815 0.0002189 0.0003042 0.0001082 0.00024155 0.00018965 0.00020095 0.00031015 0.0002063 0.00012655 0.0002584 0.0001893 0.0001893 0.0002522
24 0.00025885 0.00031285 0.00014755 0.0002181 9.185e-05 0.00021385 0.00029565 0.0003574 0.00025245 0.00015535 0.00031315 9.11e-05 0.0002502 0.00026105 0.0001364 0.00014705 9.085e-05 0.00024085 0.00025195 0.0001019 0.0001019 0.00024215 0.00031945 9.16e-05 0.0001815 0.00010595 0.00013615 0.00020505 0.0001891 9.14e-05 0.00019045 0.000244 0.000319 0.0002421 0.0002505 0.00024195 0.00023565 0.000222 0.00021395 0.0003131 0.00018075 9.105e-05 0.0003302 0.0003089 0.00029735 0.0002517 0.00031915 0.00024075 0.000201 0.00024 0.0002673 0.00013665 0.0002671 0.00031905 0.0001461 0.00026355 0.0001469 0.00020765 0.00013535 0.00014695 0.0001367 0.00019455 0.00020015 0.0002004 0.0002327 0.0002073 0.0002758 0.0001817 0.00013695 0.00021355 0.00021815 9.135e-05 0.00025015 0.00030885 0.00025875 0.00015525 0.00020085 0.00014705 0.0001902 0.0002075 0.0002672 0.0001469 0.00014695 0.00019685 0.000264 0.00024925 0.00019015 0.0002189 0.00028635 0.00013535 0.0002418 0.00020765 0.00020095 0.0003189 0.0002243 0.00013665 0.0002589 0.0002073 0.0002073 0.0002517
25 0.0002133 0.00033585 9.01e-05 0.0001599 9.49e-05 0.0001511 0.00031855 0.00037205 0.00020585 0.0001003 0.0002636 0.0001059 0.0002038 0.0002203 0.0001405 9.22e-05 0.00013695 0.0002367 0.0002523 5.76e-05 2.965e-05 0.00019555 0.00026495 7.85e-05 0.00010595 3.75e-05 0.0001405 0.00015235 0.0001938 0.00010625 0.0002631 0.00027495 0.00026465 0.0001956 0.00020395 0.00019585 0.0002668 0.00022025 0.0001512 0.00026355 0.00014395 0.00010605 0.0002815 0.00025485 0.0002384 0.00025205 0.0002648 0.00019545 0.0002145 0.0002046 0.000255 9.045e-05 0.00022155 0.0002647 9.185e-05 0.0002437 9.185e-05 0.0001497 0.0001228 9.21e-05 8.18e-05 0.000201 0.00024195 0.000273 0.0002028 0.0002084 0.00026335 0.0001443 8.18e-05 0.0001576 0.00015995 0.0001062 0.0002042 0.0002548 0.0001963 0.0001002 0.00019115 7.51e-05 0.00015255 0.0001775 0.00022165 9.185e-05 9.19e-05 0.00013325 0.00022935 0.0002609 0.00023195 0.0001608 0.00030435 0.0001817 0.0001956 0.00014365 0.00021445 0.000265 0.0001613 8.205e-05 0.00021335 0.00014345 0.00014345 0.0002532
26 0.0002044 0.00026975 0.00019295 0.0002191 0.0001374 0.00020535 0.00025175 0.00036765 0.00019755 0.0001451 0.00026935 0.00013635 0.00019515 0.0002161 0.0001253 0.0001372 0.00012515 0.00018755 0.0002969 0.0001479 0.0001375 0.00018695 0.00026625 0.0001265 0.00013615 0.0001405 0.0002501 0.00020745 0.00013465 0.0001367 0.00019075 0.00019905 0.0002658 0.00018715 0.00019545 0.000187 0.0001911 0.00026745 0.00020545 0.0002693 0.00012635 0.00013635 0.0002871 0.0002642 0.0002424 0.00029665 0.00026595 0.0001866 0.000202 0.0001965 0.0002569 0.0001263 0.00021275 0.00026585 0.0001377 0.00020915 0.00013655 0.00020855 0.00012675 0.0001371 0.00012645 0.00019625 0.00021155 0.0002007 0.0002679 0.0002076 0.00026505 0.0001258 0.00012625 0.00020545 0.00021915 0.00013665 0.00019465 0.00026415 0.0002047 0.000145 0.00019005 0.0001371 0.00013405 0.0002188 0.00021285 0.00013655 0.0001366 0.00018765 0.00026585 0.0001956 0.00020155 0.00021895 0.00028575 0.00012615 0.00018715 0.00019855 0.00020195 0.00026525 0.0002159 0.0001267 0.00020445 0.0001982 0.0001982 0.0002085
27 0.00015435 0.0002609 0.000191 0.00020695 0.00019245 0.00014405 0.00025405 0.00041705 0.000149 0.00014495 0.00021125 0.00020495 0.00014905 0.0002179 0.00020745 0.0001449 0.00025915 0.00020085 0.00034445 0.0001429 0.00013445 0.0001493 0.00014795 0.00019735 0.00020505 0.00015235 0.00020745 0.0002677 0.0002079 0.00020535 0.00031405 0.0002624 0.0001475 0.000149 0.00014935 0.0001491 0.00026205 0.00032115 0.00014415 0.0002112 0.0001541 0.00020515 0.0002167 0.000265 0.0001941 0.0003442 0.00014765 0.0001462 0.0002514 0.00014485 0.00032345 0.00014555 0.00015435 0.00014755 0.00014325 0.0001776 0.00014475 0.00020745 0.00019705 0.00014455 0.0001453 0.00019655 0.00025975 0.0003139 0.00031275 0.0002695 0.00032385 0.00015555 0.00014565 0.0001516 0.000207 0.0002053 0.000148 0.00026495 0.00014605 0.00014495 0.00025295 0.0001368 0.00015595 0.0002155 0.00015445 0.00014485 0.0001449 0.00013865 0.00020365 0.00020855 0.0002598 0.0002075 0.00035475 0.0002593 0.00014865 0.0001386 0.0002516 0.0001464 0.00014365 0.0001452 0.0001544 0.00013815 0.00013815 0.0002697
28 0.0001607 0.0002173 0.00024545 0.0002276 0.0001894 0.0002057 0.0001993 0.0003755 0.0001536 0.00014545 0.00022545 0.00018905 0.0001431 0.0001721 0.00013465 0.00014565 0.0001795 0.00014315 0.0003491 0.0002 0.00019025 0.0001432 0.0002143 0.00017985 0.0001891 0.0001938 0.00013465 0.0002079 0.0001792 0.0001894 0.0001913 0.0001465 0.00021385 0.0001432 0.0001434 0.00014335 0.00014665 0.00031965 0.0002058 0.0002254 9.06e-05 0.0001892 0.0002432 0.0002284 0.00019855 0.00034885 0.000214 0.00014285 0.00020195 0.00015255 0.0002656 0.00013415 0.0001607 0.0002139 0.00014615 0.00015665 0.00014525 0.00021695 0.00013465 0.00014555 0.0001348 0.0001973 0.00021075 0.00020125 0.00032085 0.00021685 0.0002655 9.01e-05 0.0001351 0.0002062 0.00022765 0.00018935 0.0001429 0.00022835 0.00016075 0.00014535 0.00019085 0.00014555 8.985e-05 0.00022655 0.0001608 0.00014525 0.0001453 0.000188 0.00026555 0.00014345 0.00020075 0.0002268 0.00029355 0.00013475 0.0001432 0.000199 0.0002019 0.0002136 0.00021635 0.00013505 0.00016075 0.00019865 0.00019865 0.00017205
29 0.00025915 0.00031315 0.00014785 0.0002184 9.225e-05 0.00021415 0.00029595 0.0003577 0.00025275 0.00015565 0.00031345 9.115e-05 0.0002505 0.00026135 0.0001365 0.00014735 9.145e-05 0.00024115 0.00025225 0.0001018 0.0001022 0.00024245 0.00031975 9.165e-05 9.14e-05 0.00010625 0.0001367 0.00020535 0.0001894 0.0001821 0.00019055 0.0002443 0.0003193 0.0002424 0.0002508 0.00024225 0.00023595 0.0002223 0.00021425 0.0003134 0.00018105 9.12e-05 0.0003305 0.0003092 0.00029765 0.000252 0.00031945 0.00024105 0.0002013 0.0002403 0.0002676 0.0001369 0.0002674 0.00031935 0.0001464 0.00026385 0.0001472 0.00020795 0.00013565 0.00014725 0.000137 0.00019465 0.00020055 0.00020045 0.000233 0.00020775 0.0002761 0.000182 0.00013725 0.0002138 0.00021845 9.115e-05 0.00025045 0.00030915 0.00025905 0.00015555 0.0002012 0.00014735 0.0001905 0.0002078 0.0002675 0.0001472 0.00014725 0.00019715 0.0002643 0.0002494 0.00019055 0.0002192 0.00028665 0.0001354 0.0002421 0.00020795 0.00020125 0.0003192 0.0002246 0.00013695 0.0002592 0.0002076 0.0002076 0.000252
30 0.00032265 0.0002602 0.00030675 0.0003172 0.0002031 0.000322 0.00024305 0.0003759 0.00031465 0.0002628 0.0003586 0.0001902 0.000304 0.0003073 0.0001905 0.00026315 0.00012845 0.0002422 0.00033165 0.00026275 0.0002621 0.00030435 0.00037405 0.0001901 0.00019045 0.0002631 0.00019075 0.00031405 0.0001913 0.00019055 0.0002561 0.00019055 0.0003736 0.0003043 0.0003043 0.0003044 0.00019085 0.0003251 0.0003221 0.00035855 0.00025295 0.00019055 0.00037725 0.0003624 0.00036005 0.0003314 0.00037375 0.0003048 0.0002004 0.00030415 0.00032565 0.0002525 0.0003225 0.00037365 0.00026275 0.0002914 0.00026275 0.00030665 0.00019025 0.00026305 0.00025245 0.0002418 0.0002003 0.0001382 0.0003353 0.00024505 0.00032555 0.00025335 0.00025275 0.0003143 0.00031725 0.0001905 0.00030535 0.00036235 0.0003226 0.0002627 0.00024725 0.00026295 0.0002533 0.00030715 0.0003226 0.00026275 0.0002628 0.0003034 0.00037115 0.0002418 0.0001902 0.00031715 0.00032185 0.00012865 0.00030425 0.0003143 0.00020035 0.0003749 0.00033255 0.00025265 0.0003227 0.00031395 0.00031395 0.0002455
31 0.00020765 0.0001991 0.0003 0.0002662 0.00024345 0.0002699 0.00018115 0.0003683 0.0002005 0.00020075 0.0002469 0.00024395 0.00018125 0.000185 0.00019905 0.0002097 0.0002614 0.0002079 0.0003845 0.00025455 0.00027155 0.0001902 0.00026125 0.0002615 0.000244 0.00027495 0.00019905 0.0002624 0.0001465 0.0002443 0.00019055 0.000239 0.0002608 0.00019015 0.0001816 0.00019025 0.0001284 0.000374 0.00027 0.00024685 0.0001375 0.0002441 0.0002647 0.00024985 0.00024555 0.00038425 0.00026095 0.00018975 0.00020085 0.0001896 0.00032945 0.00019055 0.000199 0.00026085 0.00021025 0.000195 0.0002093 0.00025565 0.00021665 0.0002096 0.000199 0.00025215 0.0001831 0.00020055 0.00040185 0.0002558 0.0003206 0.000137 0.0001993 0.0002703 0.00026625 0.00024425 0.00018115 0.0002498 0.00022485 0.00020075 0.00024645 0.00022675 0.0001287 0.0002385 0.000199 0.0002093 0.00020935 0.00025215 0.0003029 0.0001836 0.000173 0.0002653 0.0003118 0.000217 0.0001901 0.00026305 0.0002008 0.00026065 0.00028045 0.0001992 0.0002077 0.0002627 0.0002627 0.00021145
32 9.17e-05 0.00019955 0.0002974 0.0002701 0.00030615 0.000136 0.00020065 0.0004698 9.255e-05 0.0001977 0.00015635 0.00031895 8.36e-05 0.00021725 0.0002658 0.0002059 0.0003704 0.00015255 0.0004505 0.00025925 0.00025 9.26e-05 2.315e-05 0.00031025 0.000319 0.00026465 0.0002658 0.0001475 0.00021385 0.0003193 0.0003736 0.0002608 4.44e-05 9.195e-05 8.44e-05 9.235e-05 0.00026895 0.00042715 0.0001361 0.00015615 0.00016125 0.0003191 0.0001562 0.0002638 0.000131 0.00045025 2.255e-05 9.2e-05 0.0003136 0.0001028 0.0003741 0.00019705 8.35e-05 2.225e-05 0.00020595 0.00011045 0.00020575 0.0002696 0.0002658 0.0002058 0.0002053 0.00020755 0.00032205 0.0003735 0.0004187 0.00033 0.000366 0.00016125 0.00020615 0.00014415 0.00027015 0.00031925 8.485e-05 0.00026375 9.24e-05 0.0001976 0.0002955 0.0002066 0.0001532 0.0002787 8.36e-05 0.00020575 0.0002058 0.000136 0.00020395 0.0001436 0.00032205 0.0002697 0.0004056 0.0003264 9.17e-05 0.00013735 0.00031355 2.35e-05 0.00013645 0.00020545 9.175e-05 0.00013665 0.00013665 0.00028605
33 9.21e-05 0.0002092 0.00023825 0.00022055 0.0002293 0.0001463 0.00019035 0.00041955 8.345e-05 0.0001377 0.0001556 0.00024205 7.295e-05 0.00015605 0.00018715 0.00013755 0.00030145 0.00014235 0.00040145 0.00019265 0.0001916 7.34e-05 9.275e-05 0.00024155 0.0002421 0.0001956 0.00018715 0.000149 0.0001432 0.0002424 0.0003043 0.00019015 9.195e-05 0.0001445 7.36e-05 7.295e-05 0.00018995 0.0003681 0.0001464 0.00015595 7.4e-05 0.0002422 0.0001754 0.00021225 0.00012955 0.0004012 9.18e-05 7.42e-05 0.0002546 8.43e-05 0.0003133 0.00011865 9.22e-05 9.2e-05 0.0001387 0.0001143 0.0001374 0.00021 0.00019675 0.00013745 0.00012675 0.00019875 0.0002548 0.0003142 0.0003779 0.00027015 0.00031355 7.29e-05 0.00012765 0.0001545 0.0002206 0.00024235 7.37e-05 0.0002122 0.0001012 0.0001376 0.00024295 0.00014675 7.295e-05 0.0002109 9.23e-05 0.0001374 0.00013745 0.00012695 0.0001976 0.00013445 0.0002448 0.0002198 0.00033655 0.0002571 7.27e-05 0.0001382 0.00025455 9.265e-05 0.00015685 0.00012705 9.215e-05 0.0001372 0.0001372 0.00022585
34 9.235e-05 0.00020115 0.00024675 0.000229 0.00023795 0.0001467 0.00018185 0.0004279 8.305e-05 0.00013755 0.00015655 0.00025045 6.49e-05 0.0001559 0.00019545 0.0001463 0.00030965 0.0001436 0.00040995 0.00020125 0.00020025 7.3e-05 8.4e-05 0.00025 0.0002505 0.00020395 0.00019545 0.00014935 0.0001434 0.0002508 0.0003043 0.0001816 8.44e-05 7.36e-05 0.0001287 7.375e-05 0.0001903 0.0003766 0.0001468 0.0001565 8.26e-05 0.0002506 0.0001756 0.0002207 0.00012995 0.0004097 8.455e-05 7.445e-05 0.0002548 8.48e-05 0.00032195 0.0001272 8.385e-05 8.445e-05 0.0001474 0.0001061 0.0001459 0.0002185 0.00020555 0.0001462 0.00013565 0.0001989 0.000255 0.0003142 0.0003864 0.0002784 0.0003133 8.155e-05 0.00013595 0.00015485 0.00022905 0.00025075 6.46e-05 0.00022065 0.0001014 0.0001375 0.00024275 0.0001552 7.335e-05 0.00021935 8.39e-05 0.0001459 0.00014595 0.0001277 0.00019795 0.00012685 0.000245 0.00022835 0.0003452 0.00026565 7.355e-05 0.0001377 0.00025475 8.405e-05 0.0001572 0.00013585 9.24e-05 0.0001382 0.0001382 0.00023445
35 9.22e-05 0.0002095 0.0002382 0.0002208 0.0002294 0.00014665 0.0001904 0.00041965 8.385e-05 0.00013785 0.00015605 0.0002419 7.315e-05 0.00015605 0.000187 0.00013765 0.00030135 0.00014295 0.0004017 0.00019275 0.000192 7.35e-05 9.31e-05 0.0002417 0.00024195 0.00019585 0.000187 0.0001491 0.00014335 0.00024225 0.0003044 0.00019025 9.235e-05 7.295e-05 7.375e-05 0.0001451 0.00019 0.00036805 0.00014675 0.00015625 7.385e-05 0.00024205 0.0001756 0.00021235 0.0001295 0.00040145 9.225e-05 7.405e-05 0.00025495 8.435e-05 0.00031325 0.0001188 9.23e-05 9.24e-05 0.0001388 0.0001144 0.00013755 0.00021025 0.00019715 0.00013755 0.00012725 0.0001986 0.00025485 0.0003143 0.00037815 0.00027015 0.00031355 7.275e-05 0.00012755 0.00015455 0.00022085 0.0002422 7.355e-05 0.0002123 0.0001013 0.00013775 0.00024295 0.0001469 7.32e-05 0.00021085 9.24e-05 0.00013755 0.0001376 0.0001274 0.0001977 0.0001347 0.00024485 0.00022005 0.0003365 0.00025725 7.285e-05 0.0001386 0.0002549 9.27e-05 0.0001572 0.00012715 9.225e-05 0.0001377 0.0001377 0.0002261
36 0.0002077 0.0002074 0.0002915 0.000258 0.00023485 0.0002698 0.00018915 0.0003602 0.0002003 0.00020125 0.0002469 0.0002356 0.00019 0.00018545 0.0001911 0.00020095 0.00025355 0.00020765 0.00037625 0.00024595 0.0002632 0.00019025 0.0002694 0.0002534 0.00023565 0.0002668 0.0001911 0.00026205 0.00014665 0.00023595 0.00019085 0.0001284 0.00026895 0.00018995 0.0001903 0.00019 0.0002559 0.0003655 0.0002699 0.0002469 0.0001289 0.00023575 0.00026475 0.00024165 0.00024515 0.000376 0.00026905 0.0001895 0.0002009 0.0001891 0.0003208 0.00018235 0.00020765 0.000269 0.00020155 0.0002035 0.0002011 0.00024745 0.0002082 0.00020085 0.0001906 0.00025205 0.0001829 0.00020085 0.0003936 0.00024785 0.0003212 0.0001284 0.00019135 0.00026995 0.00025805 0.0002359 0.00019015 0.0002416 0.00022495 0.00020115 0.00024695 0.0002186 0.0001288 0.00023005 0.00020775 0.0002011 0.00020115 0.00025205 0.00030255 0.0001921 0.0001728 0.000257 0.00030315 0.0002088 0.0001896 0.00026295 0.00020085 0.00026905 0.00028035 0.00019045 0.00020775 0.00026255 0.00026255 0.00020315
