 slim_337476031 slim_337476046 slim_337475933 slim_337475974 slim_337475791 slim_337476037 slim_337475967 slim_337475988 slim_337476034 slim_337475806 slim_337475994 slim_337476052 slim_337476010 slim_337476023 slim_337475996 slim_337475717 slim_337475880 slim_337475769 slim_337476013 slim_337476049 slim_337475775 slim_337476042 slim_337476012 slim_337475970 slim_337475762 slim_337475929 slim_337476036 slim_337475948 slim_337475999 slim_337475941 slim_337475899 slim_337475973 slim_337475913 slim_337475935 slim_337475892 slim_337476048 slim_337476050 slim_337475839 slim_337476053 slim_337475990 slim_337475864 slim_337476025 slim_337476015 slim_337475912 slim_337475893 slim_337475598 slim_337475976 slim_337475542 slim_337475932 slim_337475695 slim_337476030 slim_337476038 slim_337475934 slim_337476009 slim_337475945 slim_337475868 slim_337475886 slim_337475964 slim_337476047 slim_337475811 slim_337476024 slim_337475984 slim_337475501 slim_337475958 slim_337475995 slim_337475921 slim_337476040 slim_337476044 slim_337476054 slim_337475960 slim_337475919 slim_337475821 slim_337475969 slim_337476028 slim_337475639 slim_337475904 slim_337475972 slim_337476006 slim_337476000 slim_337476043 slim_337475888 slim_337476051 slim_337475985 slim_337476017 slim_337475911 slim_337476016 slim_337475963 slim_337476002 slim_337476045 slim_337475982 slim_337476033 slim_337476029
0 0.0008269 0.00074685 0.0005015 0.00051645 0.00067075 0.00082005 0.00072685 0.00080905 0.0007493 0.00083065 0.0007188 0.0005018 0.00064785 0.000511 0.0008966 0.0007905 0.00078875 0.00058705 0.00047035 0.0008239 0.00079765 0.0005013 0.00089135 0.0005129 0.0008246 0.0007585 0.00078735 0.0007024 0.00065595 0.0005759 0.0007397 0.0008147 0.0005127 0.0006585 0.00076535 0.00059045 0.00048235 0.00083105 0.0004273 0.000864 0.00064755 0.0007881 0.0008174 0.0006561 0.000808 0.0008119 0.00051295 0.000471 0.0006546 0.0006174 0.0005984 0.000648 0.00065895 0.0006658 0.00073985 0.00067835 0.00063865 0.00066345 0.00067285 0.00063125 0.00051305 0.0007991 0.0005872 0.00061755 0.0008233 0.00058685 0.00061745 0.0007305 0.0005613 0.0006687 0.0007618 0.00059795 0.0005163 0.00075535 0.0005016 0.00064785 0.00068485 0.0007565 0.00061955 0.00061735 0.0005982 0.00070275 0.00057805 0.00058675 0.0006686 0.00064785 0.0008744 0.0006871 0.0007654 0.00079925 0.0007842 0.00059055
1 0.00074685 0.000828 0.0006455 0.00073915 0.0007972 0.00081865 0.00073025 0.0008076 0.0007767 0.000843 0.00075125 0.00064575 0.00073035 0.0007334 0.00088005 0.00070095 0.00069535 0.0006287 0.0007092 0.0007139 0.00082165 0.0006454 0.0008797 0.00072905 0.0008383 0.0004474 0.0007731 0.0007647 0.00070385 0.000659 0.00063355 0.00063355 0.00072895 0.00069345 0.00070885 0.00066195 0.0008065 0.0007922 0.00068165 0.0008434 0.00073015 0.0007793 0.00078225 0.0007039 0.0006149 0.0008207 0.0007291 0.00065265 0.0007495 0.0007671 0.00056285 0.0007305 0.00067515 0.00073615 0.00070685 0.0007537 0.00068275 0.00076955 0.00061335 0.0005371 0.00072915 0.0007644 0.00062865 0.00076725 0.0006088 0.0005299 0.0007374 0.0007005 0.00074725 0.00071655 0.00061825 0.00056265 0.000739 0.0005913 0.00064555 0.0007303 0.00057515 0.000712 0.00076295 0.00076705 0.0005628 0.00076505 0.0005412 0.00052995 0.00071655 0.00073045 0.0008515 0.00057905 0.0007089 0.00068205 0.000647 0.000662
2 0.0005015 0.0006455 1e-06 0.0004163 0.00075545 0.0007616 0.0005024 0.00076405 0.0005152 0.00091055 0.0004816 7.5e-07 0.00042065 0.00041085 0.00091595 0.0007699 0.0007692 0.00067825 0.0003592 0.0007776 0.00089315 6e-07 0.00091125 0.0004043 0.0008755 0.00070895 0.00074735 0.0004618 0.00034015 0.0006323 0.00066935 0.00082495 0.00040435 0.0003239 0.0006872 0.00014945 0.00077605 0.00079105 0.00025405 0.00080495 0.00042065 0.0006072 0.00068305 0.00034 0.0008209 0.0008452 0.0004043 0.000107 0.00042505 0.00067695 0.0003087 0.0004208 0.0004211 0.00042535 0.0006397 0.0004558 0.0002348 0.0005598 0.0008043 0.000507 0.00040435 0.00073065 0.0006782 0.0006771 0.0007442 0.00024535 0.00052685 0.00054795 0.00046775 0.00036705 0.00069645 0.0003086 0.0004162 0.00066685 5.5e-07 0.0004206 0.00053465 0.00053345 0.00067055 0.0006769 0.00030885 0.0004619 0.0002685 0.0002456 0.00036725 0.00042095 0.0009097 0.00045735 0.00068725 0.00076975 0.0007029 0.00014945
3 0.00051645 0.00073915 0.0004163 0.0008321 0.0005991 0.00080625 0.0006893 0.00077995 0.0006894 0.00090735 0.0006474 0.00041625 0.000628 0.00042205 0.0009037 0.00082655 0.0008266 0.0005294 0.00042955 0.0008347 0.0008874 0.0004162 0.0009003 0.00042225 0.00087315 0.0007767 0.0008051 0.00066105 0.00059945 0.00050635 0.00073135 0.00078545 0.00042215 0.0005767 0.00076175 0.0005102 0.00044545 0.0008255 0.00058935 0.00084885 0.00062815 0.00075385 0.00078695 0.0005995 0.00081665 0.0008537 0.00042195 0.0004893 0.0005973 0.0005529 0.0005881 0.0006281 0.0006309 0.0006422 0.00075355 0.0006616 0.0005352 0.00072945 0.00061035 0.00067755 0.00042205 0.00080165 0.00052935 0.00055305 0.0007927 0.00055065 0.000701 0.00069195 0.00045165 0.0006091 0.000777 0.0005881 0.00041635 0.000726 0.00041605 0.00062805 0.0006548 0.0006934 0.000553 0.00055285 0.00058835 0.0006611 0.000524 0.000551 0.00060945 0.00062845 0.00088655 0.0006818 0.0007618 0.0008329 0.00079435 0.00050995
4 0.00067075 0.0007972 0.00075545 0.0005991 0.0008847 0.00078845 0.00074805 0.0005959 0.0008075 0.0008889 0.00077315 0.0007557 0.0007761 0.00060595 0.0008475 0.0008021 0.00083905 0.00060775 0.00062675 0.00083905 0.0008636 0.00075535 0.00085955 0.00060895 0.00084405 0.00079855 0.00060365 0.00079745 0.00059905 0.000575 0.00077575 0.0007707 0.00060885 0.0007546 0.00078835 0.00079825 0.00048085 0.0006146 0.0008523 0.00078825 0.0007759 0.00084435 0.00058955 0.0005991 0.0007944 0.00080575 0.000609 0.0007993 0.00075255 0.00059875 0.00078025 0.00077625 0.00079555 0.0007854 0.00077755 0.00082365 0.00078935 0.00085735 0.00062705 0.00081755 0.00060905 0.00061845 0.0006077 0.0005989 0.0007646 0.000779 0.00081985 0.0007733 0.000612 0.00063465 0.00079455 0.00077995 0.00059895 0.00075865 0.0007555 0.00077605 0.0007507 0.0008051 0.00060195 0.0005987 0.0007802 0.0007978 0.00075765 0.00077905 0.00063465 0.0007762 0.0008174 0.0008228 0.0007884 0.00082225 0.00082485 0.0007983
5 0.00082005 0.00081865 0.0007616 0.00080625 0.00078845 0.000923 0.0006837 0.00079375 0.00069675 0.0008527 0.0008158 0.00076185 0.000673 0.0008006 0.00059665 0.00067435 0.0008145 0.00081315 0.0007807 0.00062435 0.000777 0.0007615 0.0006309 0.00079985 0.00072955 0.00082465 0.00069755 0.00068395 0.0007441 0.00077145 0.00081875 0.0008609 0.00079975 0.00062925 0.00063145 0.00083975 0.0007941 0.00069735 0.0008544 0.000694 0.0006728 0.00075735 0.00075385 0.00074415 0.00072255 0.0007019 0.0007999 0.00080955 0.0008115 0.0006503 0.0007751 0.00067315 0.00078175 0.0007908 0.00051465 0.0008184 0.0008297 0.0007613 0.0008492 0.00085905 0.00079995 0.000768 0.0008131 0.00065045 0.00082125 0.0007692 0.00072085 0.0006258 0.00081815 0.00075225 0.00072245 0.0007748 0.0008061 0.0006635 0.00076165 0.00067295 0.00062445 0.00059905 0.0006497 0.0006503 0.00077505 0.0006843 0.00077455 0.00076925 0.00075225 0.0006731 0.00063275 0.000853 0.00063145 0.00069745 0.00068655 0.0008398
6 0.00072685 0.00073025 0.0005024 0.0006893 0.00074805 0.0006837 0.0008206 0.00070515 0.000693 0.00088485 0.0006925 0.00050255 0.0006327 0.00068485 0.00081665 0.00076045 0.00080525 0.00077125 0.00064645 0.0006927 0.00085305 0.0005023 0.0008557 0.00068215 0.00082755 0.00076905 0.0006812 0.00065795 0.00056145 0.0007404 0.000711 0.00080925 0.00068205 0.0005385 0.0006637 0.00058845 0.0008166 0.00071545 0.0006445 0.000612 0.0006326 0.0007456 0.0005152 0.0005615 0.00079575 0.0007841 0.0006821 0.0005637 0.00064645 0.0006872 0.000606 0.00063285 0.00066135 0.0006541 0.0005643 0.0006975 0.0006274 0.0007598 0.0008449 0.0007266 0.00068215 0.0006979 0.0007712 0.00068735 0.00061965 0.0005673 0.0006939 0.0005748 0.0007183 0.000614 0.0007214 0.0006058 0.00068925 0.00066825 0.00050235 0.00063265 0.00059165 0.0006236 0.00068455 0.0006872 0.00060605 0.0006582 0.0005892 0.00056745 0.0006141 0.0006329 0.00081395 0.0006918 0.0006637 0.00076155 0.0007243 0.0005884
7 0.00080905 0.0008076 0.00076405 0.00077995 0.0005959 0.00079375 0.00070515 0.0007925 0.0007962 0.0008802 0.0007864 0.0007643 0.0007962 0.00078605 0.0008289 0.0007947 0.00084375 0.00082295 0.00078405 0.0008064 0.0008565 0.00076395 0.00085375 0.00078515 0.0008579 0.0007961 0.00057885 0.00079245 0.0005803 0.00079005 0.00060215 0.0006017 0.00078505 0.00074915 0.00078285 0.0007777 0.00080365 0.0005903 0.00081065 0.0007652 0.000796 0.0008102 0.00055275 0.00058035 0.0008177 0.0008182 0.0007852 0.00078715 0.00058035 0.0007711 0.0007746 0.00079635 0.0007978 0.00078635 0.0007415 0.000826 0.00070785 0.0008444 0.00080645 0.0008086 0.00078525 0.00059665 0.0008229 0.00077125 0.00075835 0.0007862 0.0008192 0.0007514 0.0007857 0.00062775 0.0007962 0.0007743 0.0007798 0.00074695 0.0007641 0.00079615 0.00078665 0.0008232 0.0007704 0.00077105 0.00077455 0.0007928 0.00080135 0.00078625 0.00062775 0.0007963 0.00080685 0.000788 0.0007829 0.000803 0.00081845 0.00077775
8 0.0007493 0.0007767 0.0005152 0.0006894 0.0008075 0.00069675 0.000693 0.0007962 0.0008728 0.0009076 0.0007045 0.00051535 0.0005928 0.00068375 0.0004364 0.000634 0.00085295 0.00081955 0.00069115 0.00062235 0.00083155 0.0005151 0.00059415 0.0006822 0.00078235 0.00081265 0.0007491 0.00048065 0.0006336 0.0007983 0.00077145 0.00084585 0.0006821 0.0005917 0.0007983 0.00055325 0.00086135 0.00072765 0.00062315 0.00058845 0.0005927 0.0005139 0.0007411 0.00063365 0.00076075 0.0007842 0.00068215 0.0005596 0.00067815 0.0007993 0.0006447 0.00059295 0.00068275 0.0007069 0.0007904 0.000705 0.0005161 0.00067785 0.00084985 0.0007274 0.0006822 0.00080365 0.0008195 0.00079945 0.000791 0.00060885 0.0006371 0.0006363 0.00064435 0.00060825 0.000703 0.0006445 0.00068935 0.00079455 0.00051515 0.00059275 0.0007671 0.000558 0.00079785 0.00079925 0.00064475 0.0004809 0.0006514 0.000609 0.00060835 0.000593 0.0005703 0.0006825 0.00079835 0.00061015 0.00056935 0.0005532
9 0.00083065 0.000843 0.00091055 0.00090735 0.0008889 0.0008527 0.00088485 0.0008802 0.0009076 0.0008843 0.0006828 0.0009108 0.00091895 0.0009027 0.0009091 0.000881 0.00086365 0.0008657 0.0008972 0.000866 0.0006749 0.00091045 0.00086765 0.0009063 0.0008825 0.0008409 0.00089095 0.0009097 0.0008924 0.00085795 0.00087575 0.0008535 0.0009062 0.00085935 0.00084515 0.0009129 0.0008846 0.00089385 0.000784 0.0009048 0.00091875 0.00091225 0.0008872 0.00089245 0.000874 0.0006846 0.00090635 0.0008493 0.0008986 0.0008534 0.00088585 0.0009191 0.00089445 0.0006765 0.0007572 0.00087435 0.0008981 0.0008071 0.00086115 0.0008043 0.0009064 0.0007087 0.00086565 0.00085355 0.00086075 0.00088805 0.0008576 0.00089425 0.0009004 0.00090995 0.0008895 0.00088555 0.0009072 0.0008203 0.0009106 0.0009189 0.0008249 0.0009106 0.0008572 0.00085335 0.0008858 0.00091005 0.00087395 0.0008881 0.00090995 0.00091905 0.00091165 0.00088795 0.0008452 0.000885 0.00088715 0.00091295
10 0.0007188 0.00075125 0.0004816 0.0006474 0.00077315 0.0008158 0.0006925 0.0007864 0.0007045 0.0006828 0.0008917 0.00048155 0.000698 0.00063745 0.0009148 0.0008444 0.0008031 0.0007574 0.0006566 0.00083765 0.00090205 0.0004815 0.00087525 0.0006362 0.0009102 0.00078445 0.00080895 0.0006953 0.0006076 0.00073015 0.00077215 0.00081865 0.0006361 0.0005891 0.00077035 0.00052365 0.00080905 0.0008197 0.0005872 0.00083145 0.0006981 0.0007402 0.00074345 0.00060765 0.0008562 0.00068015 0.00063595 0.00052345 0.0006609 0.0007385 0.00062625 0.00069815 0.0006693 0.000464 0.00068745 0.000694 0.00053935 0.00070035 0.0007939 0.0006813 0.000636 0.00062065 0.0007574 0.00073865 0.00077595 0.00059315 0.0007398 0.0007335 0.00064385 0.00063455 0.00080555 0.00062625 0.00064755 0.0007425 0.00048135 0.000698 0.00070295 0.0007417 0.00073715 0.00073845 0.0006265 0.00069535 0.00060195 0.0005935 0.00063485 0.0006984 0.0009108 0.0006681 0.0007704 0.00084 0.00080975 0.0005234
11 0.0005018 0.00064575 7.5e-07 0.00041625 0.0007557 0.00076185 0.00050255 0.0007643 0.00051535 0.0009108 0.00048155 5e-07 0.0004206 0.0004108 0.0009162 0.00077015 0.00076945 0.00067845 0.0003591 0.0007778 0.0008934 6.5e-07 0.0009115 0.00040475 0.00087575 0.0007092 0.0007476 0.00046205 0.00034045 0.00063255 0.0006696 0.0008252 0.00040465 0.00032405 0.00068745 0.00014995 0.0007763 0.0007913 0.0002544 0.0008052 0.00042095 0.0006075 0.0006833 0.0003405 0.00082115 0.00084545 0.00040425 0.00010735 0.00042535 0.0006772 0.00030855 0.00042075 0.00042095 0.00042585 0.00063995 0.0004561 0.00023495 0.0005601 0.00080455 0.0005073 0.0004042 0.0007309 0.0006784 0.00067735 0.00074445 0.0002452 0.00052715 0.0005481 0.0004679 0.000367 0.0006967 0.0003089 0.00041665 0.0006671 2.5e-07 0.00042055 0.00053485 0.00053365 0.0006708 0.00067715 0.00030915 0.00046185 0.00026875 0.0002459 0.00036755 0.00042125 0.00090995 0.00045765 0.0006875 0.00077 0.00070315 0.00014935
12 0.00064785 0.00073035 0.00042065 0.000628 0.0007761 0.000673 0.0006327 0.0007962 0.0005928 0.00091895 0.000698 0.0004206 0.0008408 0.0006226 0.00066945 0.00065295 0.0007998 0.00073835 0.0005787 0.0007055 0.00078835 0.00042055 0.0007517 0.0006188 0.0006491 0.0007661 0.00066675 0.0005485 0.00056895 0.00071785 0.0007456 0.00086025 0.0006187 0.00059955 0.0007662 0.0005267 0.0007859 0.00070925 0.0005453 0.0006752 0.0004206 0.00065105 0.00069535 0.000569 0.0006328 0.00064895 0.0006185 0.00047095 0.0006484 0.0007536 0.0005538 0.0004206 0.0006352 0.00064935 0.0007354 0.00064945 0.0005788 0.00067745 0.0008306 0.0006829 0.0006186 0.0007322 0.0007383 0.00075375 0.00075965 0.00051815 0.00047075 0.0006192 0.00067045 0.0005889 0.00065875 0.0005538 0.0006282 0.00076435 0.0004204 0.0004205 0.0006677 0.00058365 0.0007497 0.00075355 0.00055405 0.00054855 0.00053675 0.0005185 0.00058925 0.0004209 0.00068585 0.00065965 0.00076625 0.0006817 0.00064255 0.00052645
13 0.000511 0.0007334 0.00041085 0.00042205 0.00060595 0.0008006 0.00068485 0.00078605 0.00068375 0.0009027 0.00063745 0.0004108 0.0006226 0.0008212 0.00089785 0.0008209 0.00081985 0.0005184 0.00042395 0.00083005 0.00088175 0.00041075 0.00089445 0.00041115 0.0008655 0.00077095 0.00080065 0.0006564 0.000595 0.00049525 0.00073645 0.00079025 0.00041105 0.00057125 0.00076715 0.00050345 0.00043435 0.00082085 0.0005839 0.0008452 0.0006227 0.0007469 0.0007835 0.00059505 0.0008109 0.00084925 0.0004109 0.00048385 0.0006024 0.0005418 0.00058265 0.00062275 0.0006363 0.00063775 0.0007481 0.00065395 0.0005401 0.0007238 0.00059895 0.0006718 0.00041095 0.0007982 0.0005181 0.00054195 0.00078795 0.0005452 0.00069555 0.0006863 0.0004407 0.0006037 0.00077135 0.00058265 0.0004222 0.00072025 0.0004106 0.0006226 0.00064935 0.00068875 0.0005419 0.00054175 0.0005829 0.00065645 0.00051855 0.00054555 0.000604 0.000623 0.0008807 0.00067505 0.0007672 0.00082825 0.0007887 0.0005032
14 0.0008966 0.00088005 0.00091595 0.0009037 0.0008475 0.00059665 0.00081665 0.0008289 0.0004364 0.0009091 0.0009148 0.0009162 0.00066945 0.00089785 1e-07 0.00048105 0.00092165 0.00090225 0.00090965 0.00043205 0.0007638 0.00091585 0.0003202 0.00090115 0.00064025 0.0008885 0.0007198 0.0004643 0.00086005 0.00090555 0.0008456 0.0008882 0.00090105 0.00085975 0.00084685 0.00092355 0.0008882 0.0006757 0.0009043 0.00038345 0.00066925 0.0004657 0.0007789 0.0008601 0.00067275 0.00067425 0.0009012 0.00091135 0.00088505 0.0008629 0.0008852 0.0006696 0.0008818 0.00092105 0.00084635 0.000887 0.00082955 0.0007735 0.00090425 0.0009146 0.00090125 0.0008562 0.0009022 0.00086305 0.00083845 0.00087685 0.00066475 0.0006894 0.0008762 0.00084925 0.0006925 0.0008849 0.00090355 0.0008762 0.000916 0.0006694 0.00088605 0.0005473 0.0008664 0.00086285 0.00088515 0.00046465 0.00092075 0.0008769 0.00084925 0.00066955 0.00027405 0.00089255 0.0008469 0.00043355 0.00041875 0.0009236
15 0.0007905 0.00070095 0.0007699 0.00082655 0.0008021 0.00067435 0.00076045 0.0007947 0.000634 0.000881 0.0008444 0.00077015 0.00065295 0.0008209 0.00048105 0.0009618 0.00074535 0.0008379 0.00080625 0.00062575 0.00072815 0.0007698 0.000633 0.00082185 0.000704 0.0006736 0.00064965 0.0006303 0.00074575 0.0008229 0.0007022 0.00086665 0.00082175 0.0007685 0.00072325 0.00080405 0.00085485 0.00064825 0.00075205 0.0006365 0.00065275 0.0006597 0.00075165 0.0007458 0.00070065 0.00070945 0.0008219 0.0007643 0.0008191 0.00081065 0.0006259 0.0006531 0.0007335 0.0008267 0.0007462 0.0008212 0.0007821 0.0007718 0.00086935 0.00081195 0.00082195 0.00078075 0.00083785 0.0008108 0.00082385 0.00065335 0.00064725 0.00068445 0.00082935 0.0007498 0.00055585 0.0006256 0.0008264 0.00079725 0.00076995 0.0006529 0.0007773 0.0006573 0.0008118 0.0008106 0.00062585 0.00063065 0.0007873 0.0006534 0.0007498 0.00065305 0.00052835 0.0006598 0.0007233 0.0004863 0.00050875 0.0008041
16 0.00078875 0.00069535 0.0007692 0.0008266 0.00083905 0.0008145 0.00080525 0.00084375 0.00085295 0.00086365 0.0008031 0.00076945 0.0007998 0.00081985 0.00092165 0.00074535 0.000904 0.0008053 0.0008034 0.00083815 0.00078975 0.0007691 0.0007638 0.00081625 0.0008799 0.0006765 0.00073005 0.00084705 0.00078195 0.0008087 0.000745 0.00084325 0.00081615 0.0007973 0.0007517 0.00072525 0.0008536 0.0007494 0.00075205 0.0008875 0.0007996 0.00080155 0.0008221 0.000782 0.00081195 0.00082155 0.0008163 0.00077085 0.00083125 0.0008401 0.00066435 0.00079995 0.00073145 0.00079125 0.00080465 0.00084955 0.00080185 0.0006892 0.0008282 0.00078295 0.00081635 0.0007794 0.00080525 0.00084025 0.00082185 0.0006833 0.00080135 0.0007534 0.0008273 0.00078895 0.00065075 0.00066405 0.00082645 0.00080055 0.00076925 0.00079975 0.00077555 0.00084325 0.0008367 0.00084005 0.0006643 0.0008474 0.00075505 0.00068335 0.00078895 0.0007999 0.00081325 0.00062015 0.00075175 0.0007422 0.00075935 0.0007253
17 0.00058705 0.0006287 0.00067825 0.0005294 0.00060775 0.00081315 0.00077125 0.00082295 0.00081955 0.0008657 0.0007574 0.00067845 0.00073835 0.0005184 0.00090225 0.0008379 0.0008053 0.0007152 0.00051815 0.00075445 0.0008361 0.00067815 0.00087995 0.00051835 0.00084145 0.00065995 0.00080645 0.0007922 0.0007569 0.00042985 0.0007743 0.0006649 0.00051825 0.0007409 0.0007971 0.0007305 0.00038125 0.00082665 0.0007894 0.00085795 0.0007382 0.00084255 0.00082235 0.00075695 0.00065895 0.0008173 0.00051835 0.0007202 0.0007446 0.00055145 0.00073935 0.0007385 0.00076405 0.0007575 0.0007819 0.0007816 0.0007656 0.00080985 0.00043865 0.00064065 0.0005184 0.00081195 0.00035785 0.0005516 0.00066465 0.0007083 0.0007802 0.0007467 0.0005478 0.00077025 0.0007781 0.0007391 0.0005293 0.00062845 0.00067825 0.0007383 0.00055135 0.00075285 0.00055155 0.0005514 0.00073935 0.0007925 0.0005181 0.0007084 0.0007703 0.0007385 0.0008604 0.00079135 0.00079715 0.0008533 0.00082015 0.0007305
18 0.00047035 0.0007092 0.0003592 0.00042955 0.00062675 0.0007807 0.00064645 0.00078405 0.00069115 0.0008972 0.0006566 0.0003591 0.0005787 0.00042395 0.00090965 0.00080625 0.0008034 0.00051815 0.0007178 0.00079835 0.0008699 0.0003591 0.00090625 0.0004243 0.00085155 0.0007468 0.0007705 0.0006379 0.00055665 0.0005084 0.00072645 0.00079715 0.0004242 0.00054695 0.00074655 0.00048175 0.00045585 0.0008142 0.0005375 0.00083995 0.00057885 0.0007569 0.0007584 0.0005567 0.00078925 0.00081995 0.000424 0.00043485 0.00058715 0.00055495 0.00053625 0.00057885 0.00061565 0.0006007 0.00069795 0.00063225 0.0005561 0.0007065 0.00063425 0.00064495 0.00042405 0.0007744 0.0005182 0.0005551 0.0007718 0.0004988 0.0006543 0.00066635 0.00048105 0.0005877 0.0007567 0.0005363 0.00042975 0.0006908 0.0003589 0.0005787 0.00058455 0.0006702 0.00055505 0.0005549 0.00053655 0.0006379 0.00045375 0.0004992 0.00058805 0.00057915 0.0008925 0.0006586 0.0007466 0.000815 0.00077405 0.00048145
19 0.0008239 0.0007139 0.0007776 0.0008347 0.00083905 0.00062435 0.0006927 0.0008064 0.00062235 0.000866 0.00083765 0.0007778 0.0007055 0.00083005 0.00043205 0.00062575 0.00083815 0.00075445 0.00079835 0.0008581 0.00079515 0.0007775 0.00059595 0.00083225 0.0007387 0.0007253 0.0007478 0.0006032 0.00078225 0.00080185 0.00077545 0.0007645 0.00083215 0.000709 0.00070265 0.00081395 0.00084225 0.0007491 0.00081535 0.00060685 0.00070535 0.00064125 0.0007856 0.0007823 0.00066825 0.0007417 0.00083225 0.00079755 0.00080205 0.0007436 0.00076255 0.00070565 0.0007891 0.0008141 0.00062 0.00081105 0.0008087 0.0007886 0.0007947 0.00076015 0.0008323 0.00081695 0.0007544 0.00074375 0.00074405 0.00075135 0.00072535 0.0006339 0.00084755 0.0007997 0.00071825 0.0007623 0.0008346 0.00065025 0.0007776 0.00070545 0.00061605 0.0005914 0.0007459 0.0007436 0.00076255 0.0006035 0.0007024 0.00075145 0.00079975 0.00070565 0.0005721 0.00079865 0.00070265 0.00058815 0.00057845 0.00081395
20 0.00079765 0.00082165 0.00089315 0.0008874 0.0008636 0.000777 0.00085305 0.0008565 0.00083155 0.0006749 0.00090205 0.0008934 0.00078835 0.00088175 0.0007638 0.00072815 0.00078975 0.0008361 0.0008699 0.00079515 0.0009431 0.00089305 0.0007187 0.0008829 0.0007707 0.0007865 0.00065885 0.0008333 0.00086965 0.0008288 0.00084585 0.00084275 0.0008828 0.0008785 0.0008185 0.0009179 0.0008575 0.00067125 0.0007696 0.00081155 0.00078815 0.0008533 0.0008476 0.0008697 0.000751 0.00078065 0.00088295 0.00083695 0.00088025 0.0008637 0.00082385 0.0007885 0.00083655 0.00088575 0.0008484 0.00087575 0.00089165 0.00072715 0.00084535 0.00079955 0.000883 0.0008473 0.00083605 0.00086385 0.0008341 0.0008591 0.00073205 0.000723 0.00088475 0.0008703 0.0006607 0.00082355 0.00088725 0.0008337 0.0008932 0.0007883 0.0008301 0.00082775 0.00086505 0.00086365 0.0008238 0.00083365 0.0008479 0.00085915 0.0008703 0.00078845 0.00063045 0.00084835 0.00081855 0.000764 0.00079425 0.00091795
21 0.0005013 0.0006454 6e-07 0.0004162 0.00075535 0.0007615 0.0005023 0.00076395 0.0005151 0.00091045 0.0004815 6.5e-07 0.00042055 0.00041075 0.00091585 0.0007698 0.0007691 0.00067815 0.0003591 0.0007775 0.00089305 8e-07 0.00091115 0.00040435 0.0008754 0.00070885 0.00074725 0.0004617 0.00033995 0.0006322 0.00066925 0.00082485 0.00040415 0.0003238 0.0006871 0.00014945 0.00077595 0.00079095 0.00025375 0.00080485 0.00042045 0.00060705 0.00068295 0.0003401 0.0008208 0.0008451 0.0004042 0.0001067 0.00042485 0.00067685 0.0003086 0.0004207 0.000421 0.00042545 0.0006396 0.0004556 0.0002347 0.0005596 0.0008042 0.0005068 0.00040425 0.00073055 0.0006781 0.000677 0.0007441 0.00024525 0.00052665 0.00054785 0.00046765 0.00036695 0.00069635 0.0003084 0.00041625 0.00066675 4.5e-07 0.0004205 0.00053455 0.00053335 0.00067045 0.0006768 0.00030865 0.0004618 0.0002683 0.0002454 0.00036705 0.00042075 0.0009096 0.0004572 0.00068715 0.00076965 0.0007028 0.0001493
22 0.00089135 0.0008797 0.00091125 0.0009003 0.00085955 0.0006309 0.0008557 0.00085375 0.00059415 0.00086765 0.00087525 0.0009115 0.0007517 0.00089445 0.0003202 0.000633 0.0007638 0.00087995 0.00090625 0.00059595 0.0007187 0.00091115 0.0006403 0.00089485 0.0007381 0.00088285 0.00069205 0.00062205 0.0008708 0.0008761 0.00088085 0.0008761 0.00089475 0.00087185 0.00086565 0.00091885 0.0008823 0.00064795 0.0008969 0.0005746 0.0007515 0.0006233 0.00082305 0.00087085 0.0007335 0.00072165 0.0008949 0.0009058 0.00089445 0.0008763 0.00090105 0.00075185 0.0008838 0.0008815 0.00087525 0.0008979 0.00082265 0.0006104 0.00087645 0.00088755 0.00089495 0.00082855 0.0008799 0.00087645 0.00084565 0.000898 0.00074615 0.0006671 0.0008728 0.00086 0.00067515 0.00090075 0.00090015 0.00087295 0.0009113 0.00075165 0.00087925 0.0006588 0.0008769 0.00087625 0.000901 0.0006224 0.00089715 0.00089805 0.00086 0.0007518 0.00039315 0.0009084 0.0008657 0.00061185 0.0006023 0.0009189
23 0.0005129 0.00072905 0.0004043 0.00042225 0.00060895 0.00079985 0.00068215 0.00078515 0.0006822 0.0009063 0.0006362 0.00040475 0.0006188 0.00041115 0.00090115 0.00082185 0.00081625 0.00051835 0.0004243 0.00083225 0.0008829 0.00040435 0.00089485 0.000808 0.0008672 0.0007692 0.00079975 0.00065475 0.00059145 0.00049725 0.00073245 0.0007885 0.0004042 0.00056855 0.0007664 0.00049645 0.00043805 0.00081995 0.00057925 0.00084355 0.00061855 0.0007452 0.00078 0.00059135 0.00080905 0.0008502 0.0004044 0.00047715 0.00059835 0.0005455 0.00057895 0.00061895 0.00063205 0.000636 0.0007491 0.0006531 0.0005336 0.0007192 0.0005944 0.0006674 0.00040445 0.0007972 0.0005182 0.0005455 0.0007836 0.0005389 0.0006914 0.0006836 0.0004407 0.0006005 0.00076735 0.0005786 0.00042185 0.00072005 0.00040455 0.00061875 0.0006466 0.0006822 0.0005389 0.0005453 0.00057885 0.0006551 0.00051195 0.0005389 0.00060045 0.00061885 0.00088165 0.000671 0.00076645 0.0008292 0.00078705 0.00049685
24 0.0008246 0.0008383 0.0008755 0.00087315 0.00084405 0.00072955 0.00082755 0.0008579 0.00078235 0.0008825 0.0009102 0.00087575 0.0006491 0.0008655 0.00064025 0.000704 0.0008799 0.00084145 0.00085155 0.0007387 0.0007707 0.0008754 0.0007381 0.0008672 0.0008448 0.00084495 0.0007479 0.0007576 0.0008467 0.00082285 0.0008546 0.0008817 0.0008671 0.00088715 0.0008726 0.0009126 0.00083555 0.00076885 0.00083165 0.0007144 0.0006489 0.00079505 0.0008032 0.00084675 0.000644 0.00066185 0.00086725 0.00085045 0.00088695 0.00085235 0.00085005 0.00064925 0.00088575 0.00088855 0.00084255 0.00064905 0.00092065 0.00083065 0.0008619 0.0008453 0.0008673 0.0008066 0.0008414 0.0008525 0.00082725 0.0008435 0.00062395 0.00079545 0.0008899 0.000851 0.00076565 0.00084975 0.000873 0.00087305 0.00087555 0.00064905 0.00083895 0.0007589 0.00085425 0.0008523 0.00085 0.00075795 0.00085185 0.00084355 0.000851 0.0006492 0.0006804 0.0008869 0.00087265 0.00073215 0.0007257 0.00091265
25 0.0007585 0.0004474 0.00070895 0.0007767 0.00079855 0.00082465 0.00076905 0.0007961 0.00081265 0.0008409 0.00078445 0.0007092 0.0007661 0.00077095 0.0008885 0.0006736 0.0006765 0.00065995 0.0007468 0.0007253 0.0007865 0.00070885 0.00088285 0.0007692 0.00084495 0.0008333 0.00073705 0.00080065 0.0007311 0.00066615 0.00065825 0.0006282 0.0007691 0.00073225 0.00069715 0.0007254 0.0008122 0.00075615 0.0007192 0.00087935 0.0007659 0.00081525 0.0008095 0.00073115 0.0006198 0.0008262 0.00076925 0.0007161 0.0007742 0.00078 0.00056295 0.00076625 0.0006881 0.00076935 0.000721 0.00078805 0.0007462 0.0008002 0.00062315 0.0005702 0.0007693 0.00076395 0.0006599 0.00078015 0.0006414 0.00059335 0.00077315 0.0007393 0.0007848 0.0007438 0.0006184 0.0005628 0.00077655 0.0005917 0.000709 0.00076605 0.00060765 0.00077425 0.00077845 0.00077995 0.0005629 0.000801 0.00059835 0.0005934 0.0007438 0.0007662 0.00082415 0.00057915 0.0006972 0.00065465 0.00068295 0.00072545
26 0.00078735 0.0007731 0.00074735 0.0008051 0.00060365 0.00069755 0.0006812 0.00057885 0.0007491 0.00089095 0.00080895 0.0007476 0.00066675 0.00080065 0.0007198 0.00064965 0.00073005 0.00080645 0.0007705 0.0007478 0.00065885 0.00074725 0.00069205 0.00079975 0.0007479 0.00073705 0.0006895 0.00073195 0.00054615 0.0007699 0.0007764 0.00080945 0.00079965 0.00075745 0.000748 0.0007978 0.0008176 0.0003792 0.00078625 0.000672 0.00066655 0.0007841 0.00048595 0.00054625 0.0006961 0.0006973 0.0007998 0.00076835 0.00078025 0.0007949 0.0007077 0.0006669 0.00075375 0.0007782 0.0007513 0.00082875 0.00080075 0.0007268 0.0008289 0.00079765 0.00079985 0.00055555 0.0008064 0.00079505 0.0007168 0.00074385 0.00068765 0.00061885 0.0008161 0.00059175 0.00057685 0.0007074 0.00080495 0.0007664 0.0007474 0.0006667 0.00074805 0.0007472 0.0007942 0.00079485 0.00070765 0.0007323 0.00075355 0.0007439 0.00059175 0.00066685 0.00056695 0.0007579 0.00074805 0.0006923 0.0007299 0.00079785
27 0.0007024 0.0007647 0.0004618 0.00066105 0.00079745 0.00068395 0.00065795 0.00079245 0.00048065 0.0009097 0.0006953 0.00046205 0.0005485 0.0006564 0.0004643 0.0006303 0.00084705 0.0007922 0.0006379 0.0006032 0.0008333 0.0004617 0.00062205 0.00065475 0.0007576 0.00080065 0.00073195 0.0009226 0.0005985 0.0007708 0.0007584 0.0008561 0.00065465 0.0005952 0.00076795 0.00053825 0.00083405 0.00073325 0.00058255 0.0005876 0.0005483 0.0005396 0.0007244 0.00059855 0.00074875 0.0007581 0.0006548 0.00051255 0.000656 0.00077185 0.0006004 0.00054865 0.0006525 0.0006717 0.00074635 0.00067115 0.0005346 0.0006715 0.0008548 0.00071275 0.00065485 0.00078685 0.00079215 0.000772 0.0007883 0.00056455 0.00059915 0.00062355 0.00067395 0.0006116 0.0006993 0.0006001 0.0006609 0.00077345 0.00046185 0.00054845 0.0007137 0.00053875 0.0007704 0.0007718 0.00060035 0.00046175 0.000598 0.0005646 0.0006116 0.0005486 0.0005982 0.0006766 0.000768 0.0006 0.00056565 0.0005383
28 0.00065595 0.00070385 0.00034015 0.00059945 0.00059905 0.0007441 0.00056145 0.0005803 0.0006336 0.0008924 0.0006076 0.00034045 0.00056895 0.000595 0.00086005 0.00074575 0.00078195 0.0007569 0.00055665 0.00078225 0.00086965 0.00033995 0.0008708 0.00059145 0.0008467 0.0007311 0.00054615 0.0005985 0.0006794 0.00070125 0.00071405 0.0008105 0.0005912 0.0005021 0.0007141 0.0004379 0.0008117 0.00058045 0.0005171 0.00074465 0.0005686 0.00069795 0.00048595 0.0003401 0.00079895 0.00079755 0.00059155 0.00041705 0.0005803 0.0007231 0.0005011 0.0005691 0.000586 0.00056905 0.000664 0.000618 0.00048925 0.0006879 0.0008213 0.0006472 0.0005916 0.00054775 0.00075685 0.00072325 0.0007164 0.00047395 0.0006459 0.0006296 0.0006284 0.0003928 0.0007143 0.0005006 0.00059925 0.0006998 0.00034025 0.0005689 0.00063085 0.00064545 0.0007198 0.00072305 0.0005007 0.00059885 0.00050215 0.0004738 0.00039245 0.0005687 0.00084085 0.0005986 0.00071415 0.0007594 0.0007337 0.000438
29 0.0005759 0.000659 0.0006323 0.00050635 0.000575 0.00077145 0.0007404 0.00079005 0.0007983 0.00085795 0.00073015 0.00063255 0.00071785 0.00049525 0.00090555 0.0008229 0.0008087 0.00042985 0.0005084 0.00080185 0.0008288 0.0006322 0.0008761 0.00049725 0.00082285 0.00066615 0.0007699 0.0007708 0.00070125 0.0007148 0.0007814 0.0006876 0.00049715 0.00067725 0.0007646 0.00072465 0.00037045 0.0007901 0.000786 0.00087795 0.00071765 0.00086135 0.00080805 0.0007013 0.00068425 0.0008154 0.0004973 0.00070505 0.00072135 0.0005105 0.00069975 0.000718 0.00074935 0.00073015 0.0007387 0.00073755 0.0007614 0.0008122 0.00046345 0.0006714 0.00049735 0.0007825 0.0004297 0.0005105 0.00070585 0.0006927 0.0007905 0.0007176 0.0005248 0.00071025 0.00078155 0.00069945 0.0005062 0.00063015 0.00063235 0.0007178 0.0005827 0.00075455 0.0005127 0.0005103 0.0006997 0.0007712 0.0005672 0.00069275 0.00071025 0.00071795 0.00085815 0.00079185 0.00076465 0.0008383 0.00082915 0.0007247
30 0.0007397 0.00063355 0.00066935 0.00073135 0.00077575 0.00081875 0.000711 0.00060215 0.00077145 0.00087575 0.00077215 0.0006696 0.0007456 0.00073645 0.0008456 0.0007022 0.000745 0.0007743 0.00072645 0.00077545 0.00084585 0.00066925 0.00088085 0.00073245 0.0008546 0.00065825 0.0007764 0.0007584 0.00071405 0.0007814 0.0008913 0.00063355 0.00073235 0.0006981 0.00070055 0.00068985 0.00079935 0.0007961 0.0006792 0.0008167 0.0007454 0.00077805 0.00077205 0.0007141 0.0008216 0.0008376 0.0007325 0.000665 0.0005577 0.0007509 0.00058225 0.00074575 0.0006861 0.00076165 0.00068815 0.0007786 0.00063645 0.00078835 0.00080825 0.00074095 0.00073255 0.0007847 0.00077425 0.00075105 0.0008037 0.00055765 0.00074115 0.00069935 0.00075035 0.0007318 0.0006397 0.00058205 0.0007312 0.00073695 0.0006694 0.00074555 0.0007223 0.0007382 0.0007471 0.00075085 0.0005822 0.00075875 0.0007076 0.0005577 0.0007318 0.0007457 0.0008399 0.0006025 0.0007006 0.0006713 0.0006456 0.0006899
31 0.0008147 0.00063355 0.00082495 0.00078545 0.0007707 0.0008609 0.00080925 0.0006017 0.00084585 0.0008535 0.00081865 0.0008252 0.00086025 0.00079025 0.0008882 0.00086665 0.00084325 0.0006649 0.00079715 0.0007645 0.00084275 0.00082485 0.0008761 0.0007885 0.0008817 0.0006282 0.00080945 0.0008561 0.0008105 0.0006876 0.00063355 0.0008149 0.0007884 0.00081355 0.0008331 0.0008012 0.0007672 0.00080695 0.0008432 0.00087285 0.00086005 0.0008329 0.00082695 0.00081055 0.0006518 0.0008697 0.00078855 0.00083435 0.0006164 0.00078925 0.00083665 0.0008604 0.0008341 0.0008347 0.0008135 0.00084665 0.0007185 0.00085385 0.0005798 0.0006258 0.0007886 0.00080825 0.00066485 0.0007894 0.0006333 0.00084245 0.00086955 0.0007929 0.00077945 0.00082205 0.0008389 0.00083635 0.0007853 0.0006156 0.000825 0.0008602 0.00069925 0.0008629 0.0007877 0.0007892 0.0008366 0.00085645 0.0007 0.0008425 0.00082205 0.00086035 0.0008534 0.00081265 0.00083315 0.0008678 0.0008739 0.00080125
32 0.0005127 0.00072895 0.00040435 0.00042215 0.00060885 0.00079975 0.00068205 0.00078505 0.0006821 0.0009062 0.0006361 0.00040465 0.0006187 0.00041105 0.00090105 0.00082175 0.00081615 0.00051825 0.0004242 0.00083215 0.0008828 0.00040415 0.00089475 0.0004042 0.0008671 0.0007691 0.00079965 0.00065465 0.0005912 0.00049715 0.00073235 0.0007884 0.0008078 0.00056845 0.0007663 0.0004966 0.00043795 0.00081985 0.00057895 0.00084345 0.00061835 0.00074505 0.0007799 0.0005914 0.00080895 0.0008501 0.0004043 0.00047675 0.0005981 0.0005454 0.00057885 0.00061885 0.00063195 0.00063605 0.000749 0.0006528 0.0005335 0.000719 0.0005943 0.0006672 0.00040435 0.0007971 0.0005181 0.0005454 0.0007835 0.0005388 0.0006912 0.0006835 0.0004406 0.0006004 0.00076725 0.0005783 0.00042195 0.00071995 0.00040445 0.00061865 0.0006465 0.0006821 0.0005388 0.0005452 0.0005786 0.000655 0.0005117 0.0005386 0.0006002 0.0006186 0.00088155 0.00067085 0.00076635 0.0008291 0.00078695 0.0004967
33 0.0006585 0.00069345 0.0003239 0.0005767 0.0007546 0.00062925 0.0005385 0.00074915 0.0005917 0.00085935 0.0005891 0.00032405 0.00059955 0.00057125 0.00085975 0.0007685 0.0007973 0.0007409 0.00054695 0.000709 0.0008785 0.0003238 0.00087185 0.00056855 0.00088715 0.00073225 0.00075745 0.0005952 0.0005021 0.00067725 0.0006981 0.00081355 0.00056845 0.000647 0.00055225 0.0004325 0.0007775 0.0007799 0.0005373 0.00080985 0.00059945 0.00070045 0.00071645 0.00050215 0.00084205 0.0008356 0.0005685 0.00042085 0.0005713 0.0005708 0.00048975 0.0005997 0.00055265 0.00056025 0.0004206 0.00061175 0.0004793 0.0007008 0.00081075 0.0006632 0.00056855 0.000724 0.00074085 0.00057095 0.0007811 0.00045105 0.0006964 0.00056045 0.0005711 0.0004957 0.00072895 0.00048955 0.00057665 0.0005664 0.00032385 0.0005995 0.0004937 0.0005581 0.00056825 0.00057085 0.0004898 0.00059545 0.00049395 0.0004512 0.0004958 0.00059975 0.00087005 0.0005981 0.0005523 0.00076105 0.00071885 0.00043245
34 0.00076535 0.00070885 0.0006872 0.00076175 0.00078835 0.00063145 0.0006637 0.00078285 0.0007983 0.00084515 0.00077035 0.00068745 0.0007662 0.00076715 0.00084685 0.00072325 0.0007517 0.0007971 0.00074655 0.00070265 0.0008185 0.0006871 0.00086565 0.0007664 0.0008726 0.00069715 0.000748 0.00076795 0.0007141 0.0007646 0.00070055 0.0008331 0.0007663 0.00055225 0.0007092 0.0007636 0.00080455 0.00076475 0.00075065 0.00083455 0.000766 0.0008435 0.0007804 0.00071415 0.00084325 0.0008265 0.00076645 0.0007295 0.0007562 0.0006006 0.0006201 0.00076635 0.00052135 0.0007478 0.0004019 0.00079385 0.00078155 0.0008281 0.00084325 0.0008065 0.0007665 0.0007606 0.00079705 0.00060075 0.0008309 0.0006319 0.0008084 0.0006611 0.00079835 0.00073535 0.00068255 0.0006198 0.0007616 0.00059585 0.00068725 0.00076615 0.00055125 0.0006716 0.00060005 0.0006006 0.00062005 0.0007683 0.00071755 0.00063195 0.00073535 0.0007663 0.00081805 0.00069625 0.0003547 0.00070085 0.00071155 0.00076365
35 0.00059045 0.00066195 0.00014945 0.0005102 0.00079825 0.00083975 0.00058845 0.0007777 0.00055325 0.0009129 0.00052365 0.00014995 0.0005267 0.00050345 0.00092355 0.00080405 0.00072525 0.0007305 0.00048175 0.00081395 0.0009179 0.00014945 0.00091885 0.00049645 0.0009126 0.0007254 0.0007978 0.00053825 0.0004379 0.00072465 0.00068985 0.0008012 0.0004966 0.0004325 0.0007636 0.0002982 0.0008491 0.00081835 0.00032185 0.00081865 0.00052635 0.0005365 0.00071815 0.00043785 0.00083845 0.0008812 0.0004969 0.00021515 0.00048945 0.0007693 0.00041365 0.00052685 0.00049775 0.00050425 0.0007337 0.0005357 0.00026 0.0005975 0.0008084 0.000527 0.00049695 0.0007587 0.00073045 0.00076945 0.0007419 0.0003503 0.0005922 0.0006262 0.00052 0.00044915 0.0007306 0.0004132 0.00050975 0.0007273 0.00014975 0.00052665 0.00064325 0.00060995 0.0007629 0.00076925 0.00041345 0.0005386 0.000377 0.0003502 0.000449 0.00052665 0.0009173 0.0004132 0.00076365 0.0008022 0.00073705 0.00014955
36 0.00048235 0.0008065 0.00077605 0.00044545 0.00048085 0.0007941 0.0008166 0.00080365 0.00086135 0.0008846 0.00080905 0.0007763 0.0007859 0.00043435 0.0008882 0.00085485 0.0008536 0.00038125 0.00045585 0.00084225 0.0008575 0.00077595 0.0008823 0.00043805 0.00083555 0.0008122 0.0008176 0.00083405 0.0008117 0.00037045 0.00079935 0.0007672 0.00043795 0.0007775 0.00080455 0.0008491 0.0001837 0.0008378 0.0008672 0.0008862 0.00078575 0.00090525 0.00086355 0.00081175 0.00078505 0.0008187 0.00043805 0.00081865 0.00076825 0.00040615 0.0008131 0.00078605 0.00083265 0.0008091 0.00076925 0.0008259 0.00086995 0.0008688 0.00043695 0.0008177 0.00043815 0.0008443 0.0003813 0.0004064 0.00082735 0.0008075 0.00082845 0.00078745 0.0004639 0.00081215 0.0008336 0.0008128 0.00044535 0.00073425 0.0007761 0.0007859 0.0006956 0.00083155 0.00041015 0.0004062 0.00081305 0.0008344 0.00072345 0.00080755 0.0008122 0.00078605 0.0008586 0.0008859 0.0008046 0.0008711 0.0008634 0.00084915
37 0.00083105 0.0007922 0.00079105 0.0008255 0.0006146 0.00069735 0.00071545 0.0005903 0.00072765 0.00089385 0.0008197 0.0007913 0.00070925 0.00082085 0.0006757 0.00064825 0.0007494 0.00082665 0.0008142 0.0007491 0.00067125 0.00079095 0.00064795 0.00081995 0.00076885 0.00075615 0.0003792 0.00073325 0.00058045 0.0007901 0.0007961 0.00080695 0.00081985 0.0007799 0.00076475 0.00081835 0.0008378 0.0007391 0.00082995 0.00066385 0.00070905 0.00076075 0.00051075 0.0005805 0.0007152 0.00073035 0.00082 0.00081205 0.00080115 0.0008151 0.0007502 0.0007094 0.0007705 0.00081245 0.0007938 0.0008509 0.00077775 0.0007266 0.0008257 0.00081795 0.00082005 0.00058035 0.0008266 0.00081525 0.00072765 0.00078635 0.00073015 0.00061865 0.00081505 0.0006142 0.00057545 0.0007499 0.00082535 0.0007867 0.0007911 0.0007092 0.00079175 0.00074855 0.0008144 0.00081505 0.00075015 0.0007336 0.00079725 0.0007864 0.0006142 0.00070935 0.00052285 0.00077725 0.0007648 0.0006924 0.0007285 0.0008184
38 0.0004273 0.00068165 0.00025405 0.00058935 0.0008523 0.0008544 0.0006445 0.00081065 0.00062315 0.000784 0.0005872 0.0002544 0.0005453 0.0005839 0.0009043 0.00075205 0.00075205 0.0007894 0.0005375 0.00081535 0.0007696 0.00025375 0.0008969 0.00057925 0.00083165 0.0007192 0.00078625 0.00058255 0.0005171 0.000786 0.0006792 0.0008432 0.00057895 0.0005373 0.00075065 0.00032185 0.0008672 0.00082995 8.21e-05 0.0008359 0.0005448 0.0006471 0.00077045 0.00051735 0.000841 0.0008283 0.0005794 0.0001473 0.00054735 0.0008228 0.0004235 0.00054545 0.00051175 0.00053735 0.00072895 0.00054045 0.00036485 0.0004652 0.00087485 0.0004432 0.00057945 0.0007687 0.00078935 0.00082295 0.00080325 0.00038605 0.0004386 0.00066745 0.00062775 0.0005326 0.0006986 0.0004229 0.0005891 0.00078545 0.0002542 0.00054525 0.0006992 0.00067595 0.00081845 0.00082275 0.00042315 0.0005829 0.00045975 0.0003858 0.0005323 0.0005451 0.00089215 0.00049105 0.0007507 0.0007519 0.00071095 0.000322
39 0.000864 0.0008434 0.00080495 0.00084885 0.00078825 0.000694 0.000612 0.0007652 0.00058845 0.0009048 0.00083145 0.0008052 0.0006752 0.0008452 0.00038345 0.0006365 0.0008875 0.00085795 0.00083995 0.00060685 0.00081155 0.00080485 0.0005746 0.00084355 0.0007144 0.00087935 0.000672 0.0005876 0.00074465 0.00087795 0.0008167 0.00087285 0.00084345 0.00080985 0.00083455 0.00081865 0.0008862 0.00066385 0.0008359 0.0007411 0.000675 0.000608 0.0005273 0.0007447 0.00072245 0.00069555 0.0008436 0.0008108 0.00082575 0.0008555 0.0008321 0.00067535 0.00082425 0.0008256 0.0008295 0.0008444 0.00076885 0.00079115 0.0008906 0.000858 0.00084365 0.00074295 0.0008579 0.00085565 0.0006353 0.00079625 0.00068095 0.00071105 0.0008394 0.0007833 0.00071545 0.0008318 0.0008487 0.00085845 0.000805 0.00067515 0.00082865 0.00061325 0.00085405 0.00085545 0.00083205 0.00058795 0.0008181 0.0007963 0.0007833 0.0006753 0.0005138 0.00084555 0.0008346 0.00061475 0.00058535 0.0008187
