 slim_337544088 slim_337544042 slim_337543906 slim_337544067 slim_337544105 slim_337543745 slim_337543937 slim_337544038 slim_337544098 slim_337544077 slim_337543648 slim_337544071 slim_337544094 slim_337544093 slim_337544003 slim_337544016 slim_337543926 slim_337544061 slim_337544065 slim_337544036 slim_337543922 slim_337544013 slim_337544029 slim_337544063 slim_337544095 slim_337544070 slim_337544084 slim_337544046 slim_337543908 slim_337544027 slim_337544101 slim_337544089 slim_337544078 slim_337544017 slim_337544066 slim_337543904 slim_337544056 slim_337543876 slim_337543995 slim_337544023 slim_337544075 slim_337544081 slim_337544002 slim_337544047 slim_337544103 slim_337544082 slim_337543986 slim_337543816 slim_337544104 slim_337544045 slim_337544086 slim_337544035 slim_337544026 slim_337543971 slim_337543766 slim_337544021 slim_337543857 slim_337544059 slim_337543943 slim_337544005 slim_337543976 slim_337544001 slim_337544106 slim_337543992 slim_337543866 slim_337543724 slim_337544083 slim_337543615 slim_337543975 slim_337543983 slim_337543972 slim_337544004 slim_337543818 slim_337543935 slim_337543967 slim_337544099 slim_337544087 slim_337544028 slim_337544096 slim_337544050 slim_337544010 slim_337544107 slim_337544090 slim_337544052 slim_337543841 slim_337544058 slim_337543973 slim_337543951 slim_337544024 slim_337543998 slim_337544074 slim_337543911 slim_337544040 slim_337544034 slim_337544100 slim_337544073 slim_337544014 slim_337544072 slim_337543793 slim_337543909
0 5.47e-05 3.575e-05 3.45e-05 3.36e-05 2.84e-05 3.11e-05 2.985e-05 3.355e-05 2.85e-05 3.665e-05 2.86e-05 3.215e-05 3.685e-05 3.24e-05 3.27e-05 3.535e-05 3.19e-05 3.27e-05 3.25e-05 3.42e-05 2.91e-05 3.475e-05 3.32e-05 3.09e-05 3.26e-05 3.375e-05 3.66e-05 3.315e-05 3.445e-05 3.25e-05 2.865e-05 3.345e-05 3.34e-05 3.56e-05 2.84e-05 3.725e-05 2.92e-05 2.88e-05 3.13e-05 2.81e-05 3.32e-05 3.37e-05 2.86e-05 3.585e-05 3.595e-05 3.515e-05 2.895e-05 3.27e-05 3.495e-05 3.14e-05 2.88e-05 2.855e-05 3.345e-05 3.625e-05 3.59e-05 3.325e-05 2.905e-05 3.05e-05 3.275e-05 2.91e-05 3.27e-05 3.215e-05 3.415e-05 3.605e-05 2.735e-05 3.245e-05 2.955e-05 3.635e-05 3.125e-05 3.17e-05 3.695e-05 2.77e-05 3.305e-05 3.19e-05 3.17e-05 3.295e-05 3.225e-05 3.66e-05 3.235e-05 3.295e-05 2.84e-05 3.215e-05 3.01e-05 2.885e-05 2.825e-05 3.225e-05 3.59e-05 3.3e-05 3.215e-05 3.195e-05 3.105e-05 3.205e-05 3.735e-05 2.905e-05 2.875e-05 3.675e-05 2.835e-05 2.84e-05 3.215e-05 2.87e-05
1 3.575e-05 3.29e-05 1.745e-05 2.21e-05 3.475e-05 3.295e-05 3.56e-05 3.245e-05 3.49e-05 3.09e-05 3.47e-05 4.355e-05 2.16e-05 3.235e-05 3.11e-05 2.925e-05 2.1e-05 4.775e-05 3.355e-05 3.285e-05 4.5e-05 2.105e-05 2.24e-05 3.335e-05 3.19e-05 3.27e-05 4.595e-05 2.195e-05 2.04e-05 3.21e-05 3.505e-05 3.57e-05 2.255e-05 2.025e-05 3.47e-05 3.535e-05 2.255e-05 3.21e-05 2.05e-05 4.72e-05 3.145e-05 4.585e-05 3.495e-05 3.415e-05 2.16e-05 1.77e-05 2.225e-05 4.09e-05 1.78e-05 3.31e-05 3.49e-05 4.465e-05 2.145e-05 3.04e-05 4.105e-05 3.6e-05 4.495e-05 3.255e-05 3.115e-05 2.24e-05 2.205e-05 4.36e-05 4.625e-05 3.55e-05 4.71e-05 4.43e-05 3.265e-05 3.265e-05 3.44e-05 4.425e-05 2.16e-05 4.745e-05 2.225e-05 4.335e-05 2.185e-05 4.07e-05 3.22e-05 3.085e-05 3.225e-05 3.45e-05 3.48e-05 4.335e-05 3.315e-05 3.495e-05 3.455e-05 4.345e-05 2.815e-05 4.285e-05 3.21e-05 2.21e-05 3.305e-05 2.22e-05 3.59e-05 3.165e-05 3.485e-05 2.985e-05 3.57e-05 3.515e-05 4.335e-05 3.3e-05
2 3.45e-05 1.745e-05 2.3e-06 3.185e-05 3.49e-05 3.15e-05 3.64e-05 3.435e-05 3.505e-05 3.475e-05 3.49e-05 3.79e-05 3.485e-05 3.41e-05 3.37e-05 3.025e-05 2.785e-05 3.87e-05 3.48e-05 3.55e-05 3.745e-05 3.2e-05 3.205e-05 3.345e-05 3.1e-05 3.46e-05 3.92e-05 3.27e-05 2.835e-05 3.31e-05 3.52e-05 3.49e-05 3.22e-05 3.325e-05 3.485e-05 3.58e-05 3.095e-05 3.14e-05 1.605e-05 3.91e-05 3.565e-05 3.935e-05 3.51e-05 3.385e-05 3.345e-05 1.265e-05 3.065e-05 3.575e-05 1.28e-05 3.175e-05 3.51e-05 3.705e-05 3.095e-05 3.5e-05 3.57e-05 3.575e-05 3.74e-05 3.425e-05 3.375e-05 3.08e-05 3.035e-05 3.795e-05 3.92e-05 3.78e-05 3.9e-05 3.54e-05 3.33e-05 3.825e-05 3.565e-05 3.535e-05 3.36e-05 3.935e-05 3.19e-05 3.77e-05 3.245e-05 3.55e-05 3.395e-05 3.47e-05 3.4e-05 3.6e-05 3.495e-05 3.77e-05 3.52e-05 3.515e-05 3.34e-05 3.785e-05 1.895e-05 3.555e-05 3.385e-05 3.16e-05 2.04e-05 3.17e-05 3.69e-05 3.1e-05 3.5e-05 3.355e-05 3.58e-05 3.53e-05 3.775e-05 3.23e-05
3 3.36e-05 2.21e-05 3.185e-05 1.58e-05 3.005e-05 3.165e-05 3.105e-05 2.995e-05 3.045e-05 2.975e-05 3.025e-05 5.105e-05 1.165e-05 3.15e-05 2.875e-05 3.03e-05 9.85e-06 5.515e-05 3.13e-05 3.305e-05 5.125e-05 1.19e-05 9.4e-06 3.235e-05 2.845e-05 3.02e-05 5.66e-05 1.065e-05 1.2e-05 2.995e-05 3.055e-05 3.385e-05 9.3e-06 1.155e-05 3.01e-05 3.46e-05 8.25e-06 3e-05 2e-05 5.185e-05 3.08e-05 5.51e-05 3.05e-05 3.55e-05 1.315e-05 2.16e-05 7.95e-06 4.94e-05 2.16e-05 3.19e-05 3.04e-05 5.08e-05 9.35e-06 3.125e-05 5.105e-05 3.375e-05 5.12e-05 3.24e-05 2.88e-05 8.1e-06 1.04e-05 5.105e-05 5.675e-05 3.665e-05 5.225e-05 5.36e-05 2.905e-05 3.605e-05 3.255e-05 5.09e-05 1.15e-05 5.26e-05 9e-06 5.08e-05 1.08e-05 4.895e-05 3.135e-05 2.98e-05 3.14e-05 3.01e-05 3.03e-05 5.035e-05 3.025e-05 3.035e-05 3.155e-05 5.105e-05 4.075e-05 5.15e-05 3.125e-05 1.05e-05 4.235e-05 1.05e-05 3.475e-05 2.89e-05 2.965e-05 2.995e-05 3.19e-05 3.045e-05 5.095e-05 3.195e-05
4 2.84e-05 3.475e-05 3.49e-05 3.005e-05 4.85e-05 2.91e-05 2.755e-05 3.255e-05 2.48e-05 3.44e-05 2.475e-05 2.915e-05 3.495e-05 3.125e-05 2.875e-05 3.345e-05 2.93e-05 3.165e-05 3.015e-05 3.24e-05 2.735e-05 3.19e-05 3.025e-05 2.94e-05 2.94e-05 3.28e-05 3.79e-05 2.96e-05 3.32e-05 3.055e-05 2.49e-05 3.185e-05 3.005e-05 3.225e-05 2.45e-05 3.72e-05 2.45e-05 2.875e-05 2.92e-05 2.475e-05 3.055e-05 3.41e-05 2.49e-05 3.6e-05 3.395e-05 3.49e-05 2.43e-05 3.11e-05 3.49e-05 2.95e-05 2.49e-05 2.685e-05 3.015e-05 3.38e-05 3.515e-05 3.155e-05 2.735e-05 2.91e-05 2.875e-05 2.445e-05 3.2e-05 2.91e-05 3.47e-05 3.565e-05 2.46e-05 3.11e-05 2.705e-05 3.575e-05 2.87e-05 2.91e-05 3.515e-05 2.5e-05 2.995e-05 2.885e-05 2.86e-05 2.995e-05 3.11e-05 3.435e-05 3.115e-05 3.02e-05 2.465e-05 2.89e-05 2.84e-05 2.475e-05 2.68e-05 2.925e-05 3.465e-05 3.355e-05 3.1e-05 2.86e-05 2.97e-05 2.85e-05 3.715e-05 2.78e-05 2.445e-05 3.45e-05 2.605e-05 2.47e-05 2.915e-05 3.05e-05
5 3.11e-05 3.295e-05 3.15e-05 3.165e-05 2.91e-05 5.7e-05 3.065e-05 3.37e-05 2.925e-05 3.37e-05 2.925e-05 3.155e-05 3.42e-05 3.365e-05 3.165e-05 3.115e-05 2.97e-05 3.235e-05 3.13e-05 3.31e-05 3.135e-05 3.275e-05 3.175e-05 3.015e-05 3.08e-05 3.395e-05 3.73e-05 3.21e-05 3.135e-05 3.285e-05 2.955e-05 3.295e-05 3.175e-05 3.315e-05 2.915e-05 3.48e-05 2.965e-05 3.145e-05 3.055e-05 2.9e-05 3.29e-05 3.6e-05 2.95e-05 3.38e-05 3.405e-05 3.005e-05 2.93e-05 3.35e-05 3.05e-05 2.93e-05 2.945e-05 3.11e-05 3.18e-05 3.37e-05 3.495e-05 3.325e-05 3.15e-05 3.06e-05 3.17e-05 2.945e-05 3.16e-05 3.155e-05 3.415e-05 3.58e-05 2.885e-05 3.04e-05 3.17e-05 3.61e-05 3.11e-05 3.04e-05 3.4e-05 2.925e-05 3.15e-05 3.13e-05 3.215e-05 3.235e-05 3.35e-05 3.365e-05 3.355e-05 3.14e-05 2.93e-05 3.13e-05 3.255e-05 2.945e-05 2.94e-05 3.155e-05 3.275e-05 3.52e-05 3.34e-05 3.14e-05 3.06e-05 3.145e-05 3.535e-05 3.05e-05 2.92e-05 3.38e-05 3.05e-05 2.95e-05 3.145e-05 3.31e-05
6 2.985e-05 3.56e-05 3.64e-05 3.105e-05 2.755e-05 3.065e-05 4.85e-05 3.03e-05 2.77e-05 3.21e-05 2.78e-05 3.01e-05 2.985e-05 3.405e-05 3.285e-05 3.59e-05 3.385e-05 3.17e-05 2.84e-05 3.28e-05 2.83e-05 3.65e-05 3e-05 3.095e-05 3.31e-05 3.05e-05 3.8e-05 3.355e-05 3.66e-05 3.35e-05 2.785e-05 3.445e-05 3.015e-05 3.59e-05 2.76e-05 3.355e-05 3.065e-05 3.14e-05 3.295e-05 2.53e-05 2.885e-05 3.495e-05 2.785e-05 3.73e-05 3.655e-05 3.72e-05 3.035e-05 3.29e-05 3.715e-05 3.105e-05 2.8e-05 2.78e-05 3.16e-05 3.54e-05 3.625e-05 3.43e-05 2.83e-05 2.935e-05 3.29e-05 3.05e-05 3.06e-05 3.005e-05 3.415e-05 3.745e-05 2.46e-05 3e-05 3.1e-05 3.575e-05 3.065e-05 3.065e-05 3.265e-05 2.505e-05 2.975e-05 2.98e-05 3.435e-05 3.11e-05 3.39e-05 3.21e-05 3.395e-05 2.815e-05 2.76e-05 3.03e-05 2.825e-05 2.805e-05 2.86e-05 3.02e-05 3.63e-05 3.465e-05 3.38e-05 3.355e-05 3.05e-05 3.365e-05 3.37e-05 3.06e-05 2.815e-05 3.365e-05 2.885e-05 2.795e-05 3.01e-05 3.29e-05
7 3.355e-05 3.245e-05 3.435e-05 2.995e-05 3.255e-05 3.37e-05 3.03e-05 5.46e-05 3.27e-05 3.04e-05 3.265e-05 3.375e-05 2.895e-05 3.165e-05 3.27e-05 3.38e-05 3.305e-05 3.6e-05 3.115e-05 3.43e-05 3.095e-05 3.5e-05 2.97e-05 3.44e-05 3.285e-05 2.77e-05 3.57e-05 3.29e-05 3.47e-05 3.045e-05 3.28e-05 3.525e-05 2.985e-05 3.37e-05 3.25e-05 3.285e-05 3.18e-05 3.04e-05 3.3e-05 3.375e-05 2.885e-05 3.38e-05 3.28e-05 3.655e-05 3.48e-05 3.43e-05 3.15e-05 3.055e-05 3.425e-05 3.395e-05 3.285e-05 3.05e-05 3.055e-05 3.365e-05 3.26e-05 3.515e-05 3.07e-05 3.255e-05 3.275e-05 3.165e-05 3.035e-05 3.37e-05 3.72e-05 3.755e-05 3.345e-05 3.515e-05 2.995e-05 3.475e-05 3.445e-05 3.425e-05 3.045e-05 3.385e-05 2.945e-05 3.345e-05 3.26e-05 3.04e-05 3.175e-05 3.05e-05 3.16e-05 3.085e-05 3.255e-05 3.365e-05 2.79e-05 3.29e-05 3.35e-05 3.375e-05 3.405e-05 2.985e-05 3.155e-05 3.36e-05 3.425e-05 3.37e-05 3.3e-05 3.065e-05 3.28e-05 3.13e-05 3.25e-05 3.295e-05 3.365e-05 3.04e-05
8 2.85e-05 3.49e-05 3.505e-05 3.045e-05 2.48e-05 2.925e-05 2.77e-05 3.27e-05 4.88e-05 3.45e-05 2.49e-05 2.925e-05 3.51e-05 3.13e-05 2.915e-05 3.37e-05 2.97e-05 3.18e-05 3.03e-05 3.25e-05 2.735e-05 3.21e-05 3.015e-05 2.97e-05 2.925e-05 3.295e-05 3.805e-05 3.005e-05 3.335e-05 3.045e-05 2.48e-05 3.215e-05 3.055e-05 3.25e-05 2.48e-05 3.735e-05 2.475e-05 2.88e-05 2.94e-05 2.49e-05 3.07e-05 3.425e-05 2.48e-05 3.63e-05 3.395e-05 3.52e-05 2.465e-05 3.12e-05 3.515e-05 2.975e-05 2.52e-05 2.7e-05 3.06e-05 3.385e-05 3.525e-05 3.185e-05 2.75e-05 2.91e-05 2.92e-05 2.48e-05 3.205e-05 2.92e-05 3.485e-05 3.57e-05 2.475e-05 3.125e-05 2.735e-05 3.59e-05 2.875e-05 2.92e-05 3.525e-05 2.515e-05 3.025e-05 2.895e-05 2.885e-05 3.005e-05 3.115e-05 3.445e-05 3.12e-05 3.045e-05 2.455e-05 2.9e-05 2.855e-05 2.525e-05 2.685e-05 2.935e-05 3.475e-05 3.37e-05 3.105e-05 2.88e-05 2.985e-05 2.89e-05 3.73e-05 2.785e-05 2.49e-05 3.46e-05 2.595e-05 2.52e-05 2.925e-05 3.06e-05
9 3.665e-05 3.09e-05 3.475e-05 2.975e-05 3.44e-05 3.37e-05 3.21e-05 3.04e-05 3.45e-05 5.16e-05 3.44e-05 3.095e-05 2.61e-05 3.385e-05 2.975e-05 2.9e-05 3.29e-05 3.74e-05 3.155e-05 3.205e-05 3.535e-05 3.19e-05 2.975e-05 3.36e-05 3.17e-05 3.07e-05 3.7e-05 3.225e-05 3.215e-05 3.34e-05 3.465e-05 3.665e-05 2.995e-05 3.035e-05 3.44e-05 3.265e-05 3.345e-05 3.43e-05 3.455e-05 3.56e-05 2.925e-05 3.695e-05 3.46e-05 3.53e-05 3.175e-05 3.3e-05 3.32e-05 3.025e-05 3.295e-05 3.385e-05 3.46e-05 3.505e-05 3.075e-05 2.88e-05 3.035e-05 3.655e-05 3.535e-05 3.335e-05 2.99e-05 3.335e-05 3e-05 3.105e-05 3.59e-05 3.575e-05 3.545e-05 3.38e-05 3.43e-05 3.325e-05 3.395e-05 3.34e-05 2.82e-05 3.585e-05 2.955e-05 3.07e-05 3.315e-05 2.91e-05 3.37e-05 2.595e-05 3.375e-05 3.085e-05 3.44e-05 3.07e-05 3.3e-05 3.465e-05 3.48e-05 3.085e-05 2.995e-05 3.515e-05 3.36e-05 3.29e-05 3.585e-05 3.3e-05 3.28e-05 3.335e-05 3.45e-05 2.695e-05 3.59e-05 3.48e-05 3.08e-05 3.59e-05
10 2.86e-05 3.47e-05 3.49e-05 3.025e-05 2.475e-05 2.925e-05 2.78e-05 3.265e-05 2.49e-05 3.44e-05 4.88e-05 2.9e-05 3.5e-05 3.13e-05 2.9e-05 3.345e-05 2.94e-05 3.17e-05 3.025e-05 3.245e-05 2.745e-05 3.19e-05 3.025e-05 2.955e-05 2.935e-05 3.29e-05 3.785e-05 2.99e-05 3.315e-05 3.05e-05 2.5e-05 3.195e-05 3.04e-05 3.225e-05 2.465e-05 3.72e-05 2.48e-05 2.89e-05 2.925e-05 2.47e-05 3.07e-05 3.405e-05 2.475e-05 3.6e-05 3.39e-05 3.49e-05 2.445e-05 3.115e-05 3.485e-05 2.92e-05 2.475e-05 2.695e-05 3.04e-05 3.375e-05 3.51e-05 3.165e-05 2.71e-05 2.925e-05 2.905e-05 2.46e-05 3.21e-05 2.92e-05 3.475e-05 3.56e-05 2.485e-05 3.115e-05 2.725e-05 3.57e-05 2.87e-05 2.92e-05 3.515e-05 2.5e-05 3.01e-05 2.895e-05 2.86e-05 3.005e-05 3.115e-05 3.435e-05 3.12e-05 3.04e-05 2.475e-05 2.895e-05 2.85e-05 2.475e-05 2.66e-05 2.89e-05 3.46e-05 3.36e-05 3.105e-05 2.87e-05 2.945e-05 2.88e-05 3.715e-05 2.795e-05 2.48e-05 3.445e-05 2.615e-05 2.515e-05 2.9e-05 3.055e-05
11 3.215e-05 4.355e-05 3.79e-05 5.105e-05 2.915e-05 3.155e-05 3.01e-05 3.375e-05 2.925e-05 3.095e-05 2.9e-05 1.77e-05 5.09e-05 3.32e-05 2.905e-05 3.145e-05 5.165e-05 1.45e-05 3.115e-05 3.18e-05 1.215e-05 5.12e-05 5.1e-05 3.105e-05 3.195e-05 3.4e-05 1.865e-05 5.06e-05 5.265e-05 3.36e-05 2.935e-05 3.47e-05 5.12e-05 5.035e-05 2.905e-05 3.64e-05 4.91e-05 3.265e-05 4.345e-05 8.95e-06 3.045e-05 1.63e-05 2.89e-05 3.585e-05 5.185e-05 4.6e-05 4.885e-05 1.155e-05 4.595e-05 3.155e-05 2.92e-05 1.165e-05 5.125e-05 3.065e-05 1.405e-05 3.44e-05 1.19e-05 3.075e-05 2.925e-05 4.9e-05 5.2e-05 9.45e-06 1.5e-05 3.48e-05 9.3e-06 1.27e-05 3.19e-05 3.33e-05 3.035e-05 1.2e-05 5.23e-05 9.35e-06 5.09e-05 9.05e-06 5.045e-05 1.045e-05 3.305e-05 3.09e-05 3.31e-05 3.125e-05 2.91e-05 9e-06 3.185e-05 2.925e-05 3.015e-05 9.15e-06 2.355e-05 1.71e-05 3.295e-05 5.03e-05 2.37e-05 5.04e-05 3.635e-05 3.17e-05 2.92e-05 3.115e-05 3.065e-05 2.955e-05 9.2e-06 3.435e-05
12 3.685e-05 2.16e-05 3.485e-05 1.165e-05 3.495e-05 3.42e-05 2.985e-05 2.895e-05 3.51e-05 2.61e-05 3.5e-05 5.09e-05 7.6e-06 3.51e-05 3.27e-05 3.19e-05 1.645e-05 5.595e-05 3.045e-05 3.215e-05 5.355e-05 1.55e-05 1.05e-05 3.41e-05 3.465e-05 2.92e-05 5.59e-05 1.54e-05 1.57e-05 3.47e-05 3.525e-05 3.775e-05 1.065e-05 1.35e-05 3.5e-05 3.1e-05 1.71e-05 3.555e-05 2.64e-05 5.365e-05 2.68e-05 5.57e-05 3.525e-05 3.635e-05 1.49e-05 2.48e-05 1.68e-05 5.085e-05 2.475e-05 3.44e-05 3.52e-05 5.33e-05 1.27e-05 3.125e-05 5.11e-05 3.765e-05 5.36e-05 3.275e-05 3.28e-05 1.695e-05 1.07e-05 5.09e-05 5.395e-05 3.685e-05 5.295e-05 5.135e-05 3.555e-05 3.32e-05 3.455e-05 5.325e-05 8.65e-06 5.34e-05 1.04e-05 5.055e-05 1.655e-05 4.9e-05 3.495e-05 2.6e-05 3.5e-05 2.97e-05 3.495e-05 5.11e-05 3.14e-05 3.525e-05 3.54e-05 5.08e-05 4.115e-05 5.42e-05 3.485e-05 1.65e-05 4.47e-05 1.66e-05 3.115e-05 3.475e-05 3.555e-05 2.82e-05 3.625e-05 3.535e-05 5.075e-05 3.68e-05
13 3.24e-05 3.235e-05 3.41e-05 3.15e-05 3.125e-05 3.365e-05 3.405e-05 3.165e-05 3.13e-05 3.385e-05 3.13e-05 3.32e-05 3.51e-05 5.33e-05 2.965e-05 3.2e-05 3.045e-05 3.785e-05 3.435e-05 3.275e-05 3.125e-05 2.9e-05 3.21e-05 3.36e-05 3.105e-05 3.17e-05 3.69e-05 3.06e-05 2.965e-05 2.935e-05 3.14e-05 3.495e-05 3.235e-05 3.13e-05 3.12e-05 3.9e-05 2.785e-05 2.79e-05 3.085e-05 3.455e-05 3.105e-05 3.4e-05 3.135e-05 3.655e-05 2.995e-05 3.36e-05 2.765e-05 2.905e-05 3.355e-05 3.385e-05 3.15e-05 3.075e-05 3.115e-05 3.195e-05 3.215e-05 3.46e-05 3.075e-05 3.32e-05 2.97e-05 2.78e-05 3.265e-05 3.32e-05 3.85e-05 3.36e-05 3.47e-05 3.6e-05 2.765e-05 3.52e-05 3.06e-05 3.445e-05 3.465e-05 3.505e-05 3.2e-05 3.295e-05 2.885e-05 2.975e-05 2.69e-05 3.38e-05 2.67e-05 3.5e-05 3.115e-05 3.275e-05 2.92e-05 3.155e-05 3.195e-05 3.32e-05 3.29e-05 3e-05 2.68e-05 2.73e-05 3.46e-05 2.74e-05 3.895e-05 2.8e-05 3.11e-05 3.27e-05 3.14e-05 3.165e-05 3.31e-05 2.83e-05
14 3.27e-05 3.11e-05 3.37e-05 2.875e-05 2.875e-05 3.165e-05 3.285e-05 3.27e-05 2.915e-05 2.975e-05 2.9e-05 2.905e-05 3.27e-05 2.965e-05 4.93e-05 2.76e-05 2.785e-05 3.685e-05 3.28e-05 3.125e-05 3.205e-05 2.75e-05 2.995e-05 3.115e-05 2.75e-05 3.295e-05 3.77e-05 2.745e-05 2.935e-05 2.97e-05 2.925e-05 3.355e-05 2.985e-05 2.735e-05 2.885e-05 3.825e-05 2.49e-05 2.91e-05 2.93e-05 3.26e-05 3.005e-05 3.53e-05 2.92e-05 3.505e-05 2.935e-05 3.215e-05 2.47e-05 2.75e-05 3.215e-05 3.19e-05 2.915e-05 3.16e-05 2.88e-05 2.765e-05 3.005e-05 3.325e-05 3.2e-05 3.195e-05 2.49e-05 2.485e-05 3.13e-05 2.92e-05 3.685e-05 3.415e-05 3.3e-05 3.49e-05 2.785e-05 3.39e-05 3.065e-05 3.135e-05 3.23e-05 3.335e-05 2.97e-05 2.88e-05 2.65e-05 2.705e-05 2.95e-05 2.97e-05 2.955e-05 3.29e-05 2.9e-05 2.835e-05 3.075e-05 2.905e-05 3.06e-05 2.91e-05 2.935e-05 3.325e-05 2.94e-05 2.66e-05 3.365e-05 2.655e-05 3.82e-05 2.8e-05 2.835e-05 2.885e-05 3.065e-05 2.915e-05 2.905e-05 3.11e-05
15 3.535e-05 2.925e-05 3.025e-05 3.03e-05 3.345e-05 3.115e-05 3.59e-05 3.38e-05 3.37e-05 2.9e-05 3.345e-05 3.145e-05 3.19e-05 3.2e-05 2.76e-05 5.03e-05 2.82e-05 3.75e-05 3.39e-05 3.19e-05 3.615e-05 2.83e-05 3.14e-05 3.185e-05 2.885e-05 3.405e-05 3.705e-05 2.985e-05 2.745e-05 3.195e-05 3.385e-05 3.46e-05 3.145e-05 2.82e-05 3.345e-05 3.58e-05 2.995e-05 3.175e-05 3.06e-05 3.68e-05 3.235e-05 3.715e-05 3.375e-05 3.28e-05 2.94e-05 2.725e-05 2.965e-05 2.985e-05 2.77e-05 3.165e-05 3.365e-05 3.58e-05 3.04e-05 2.75e-05 2.98e-05 3.49e-05 3.61e-05 3.355e-05 2.775e-05 2.98e-05 3.085e-05 3.16e-05 3.625e-05 3.425e-05 3.72e-05 3.415e-05 3.245e-05 3.42e-05 3.3e-05 3.26e-05 3.11e-05 3.755e-05 3.12e-05 3.125e-05 3e-05 2.935e-05 3.185e-05 2.895e-05 3.19e-05 3.405e-05 3.36e-05 3.075e-05 3.485e-05 3.365e-05 3.315e-05 3.135e-05 2.74e-05 3.485e-05 3.175e-05 2.935e-05 3.45e-05 2.94e-05 3.635e-05 3.065e-05 3.305e-05 2.81e-05 3.52e-05 3.385e-05 3.13e-05 3.365e-05
16 3.19e-05 2.1e-05 2.785e-05 9.85e-06 2.93e-05 2.97e-05 3.385e-05 3.305e-05 2.97e-05 3.29e-05 2.94e-05 5.165e-05 1.645e-05 3.045e-05 2.785e-05 2.82e-05 1.09e-05 5.51e-05 3.335e-05 3.295e-05 5.18e-05 9.4e-06 1.11e-05 3.08e-05 2.67e-05 3.33e-05 5.66e-05 9.5e-06 7.9e-06 2.92e-05 2.98e-05 3.2e-05 1.1e-05 1.05e-05 2.925e-05 3.71e-05 6e-06 2.81e-05 1.68e-05 5.26e-05 3.295e-05 5.535e-05 2.975e-05 3.35e-05 1.19e-05 1.725e-05 5.5e-06 4.98e-05 1.67e-05 2.975e-05 2.955e-05 5.135e-05 9.9e-06 3.12e-05 5.12e-05 3.245e-05 5.175e-05 3.22e-05 2.79e-05 5.65e-06 1.115e-05 5.165e-05 5.625e-05 3.55e-05 5.3e-05 5.31e-05 2.8e-05 3.705e-05 3.17e-05 5.015e-05 1.44e-05 5.335e-05 1.07e-05 5.14e-05 8.55e-06 4.935e-05 3.03e-05 3.285e-05 3.035e-05 3.36e-05 2.955e-05 5.095e-05 3.185e-05 2.96e-05 2.985e-05 5.165e-05 3.9e-05 5.16e-05 3.02e-05 8.05e-06 4.075e-05 8.15e-06 3.76e-05 2.7e-05 2.89e-05 3.185e-05 3.105e-05 2.97e-05 5.155e-05 3.005e-05
17 3.27e-05 4.775e-05 3.87e-05 5.515e-05 3.165e-05 3.235e-05 3.17e-05 3.6e-05 3.18e-05 3.74e-05 3.17e-05 1.45e-05 5.595e-05 3.785e-05 3.685e-05 3.75e-05 5.51e-05 1.69e-05 3.265e-05 3.59e-05 1.32e-05 5.775e-05 5.485e-05 3.345e-05 3.62e-05 3.635e-05 1.55e-05 5.545e-05 5.71e-05 3.66e-05 3.195e-05 3.15e-05 5.5e-05 5.645e-05 3.155e-05 3.19e-05 5.425e-05 3.58e-05 4.645e-05 9e-06 3.64e-05 1.415e-05 3.185e-05 3.355e-05 5.77e-05 4.72e-05 5.395e-05 1.785e-05 4.72e-05 3.255e-05 3.19e-05 1.27e-05 5.54e-05 3.765e-05 1.935e-05 3.22e-05 1.315e-05 3.285e-05 3.69e-05 5.41e-05 5.53e-05 1.455e-05 1.215e-05 3.51e-05 9.2e-06 1.255e-05 3.555e-05 3.39e-05 3.385e-05 1.305e-05 5.585e-05 9.55e-06 5.47e-05 1.43e-05 5.535e-05 1.78e-05 3.77e-05 3.735e-05 3.78e-05 3.27e-05 3.17e-05 1.4e-05 3.475e-05 3.195e-05 3.235e-05 1.45e-05 2.895e-05 1.83e-05 3.76e-05 5.64e-05 2.43e-05 5.65e-05 3.285e-05 3.59e-05 3.145e-05 3.785e-05 3.17e-05 3.205e-05 1.44e-05 3.605e-05
18 3.25e-05 3.355e-05 3.48e-05 3.13e-05 3.015e-05 3.13e-05 2.84e-05 3.115e-05 3.03e-05 3.155e-05 3.025e-05 3.115e-05 3.045e-05 3.435e-05 3.28e-05 3.39e-05 3.335e-05 3.265e-05 5.6e-05 3.355e-05 3.075e-05 3.545e-05 3.09e-05 3.225e-05 3.235e-05 3.145e-05 3.705e-05 3.37e-05 3.495e-05 3.315e-05 3.045e-05 3.46e-05 3.105e-05 3.47e-05 3.005e-05 3.32e-05 3.21e-05 3.295e-05 3.34e-05 2.865e-05 3.06e-05 3.56e-05 3.04e-05 3.625e-05 3.555e-05 3.465e-05 3.18e-05 3.285e-05 3.46e-05 3.155e-05 3.045e-05 3.025e-05 3.035e-05 3.4e-05 3.445e-05 3.46e-05 3.075e-05 3.085e-05 3.285e-05 3.195e-05 3.16e-05 3.115e-05 3.505e-05 3.71e-05 2.835e-05 3.12e-05 3.245e-05 3.51e-05 3.195e-05 3.14e-05 3.23e-05 2.875e-05 3.075e-05 3.09e-05 3.44e-05 3.165e-05 3.42e-05 3.15e-05 3.425e-05 2.935e-05 3.02e-05 3.105e-05 3.075e-05 3.05e-05 3.115e-05 3.115e-05 3.42e-05 3.435e-05 3.41e-05 3.385e-05 3.195e-05 3.395e-05 3.345e-05 3.22e-05 3.04e-05 3.09e-05 3.14e-05 3.055e-05 3.105e-05 3.425e-05
19 3.42e-05 3.285e-05 3.55e-05 3.305e-05 3.24e-05 3.31e-05 3.28e-05 3.43e-05 3.25e-05 3.205e-05 3.245e-05 3.18e-05 3.215e-05 3.275e-05 3.125e-05 3.19e-05 3.295e-05 3.59e-05 3.355e-05 5.55e-05 3.395e-05 3.025e-05 3.295e-05 3.2e-05 3.305e-05 3.455e-05 3.64e-05 3.005e-05 3.19e-05 3.425e-05 3.265e-05 3.58e-05 3.315e-05 2.925e-05 3.24e-05 3.645e-05 3.21e-05 3.305e-05 3.385e-05 3.295e-05 3.13e-05 3.515e-05 3.26e-05 3.46e-05 2.925e-05 3.45e-05 3.185e-05 3.23e-05 3.445e-05 3.33e-05 3.265e-05 3.36e-05 3.34e-05 2.925e-05 3.365e-05 3.545e-05 3.395e-05 3.21e-05 3.13e-05 3.2e-05 3.275e-05 3.18e-05 3.315e-05 3.305e-05 3.28e-05 3.125e-05 3.35e-05 3.27e-05 3.165e-05 3.255e-05 3.085e-05 3.32e-05 3.285e-05 3.155e-05 3.275e-05 3.115e-05 3.26e-05 3.2e-05 3.265e-05 3.35e-05 3.24e-05 3.155e-05 3.325e-05 3.27e-05 3.24e-05 3.175e-05 3.29e-05 3.615e-05 3.25e-05 3.125e-05 3.455e-05 3.135e-05 3.635e-05 3.21e-05 3.25e-05 3.235e-05 3.39e-05 3.28e-05 3.165e-05 3.47e-05
20 2.91e-05 4.5e-05 3.745e-05 5.125e-05 2.735e-05 3.135e-05 2.83e-05 3.095e-05 2.735e-05 3.535e-05 2.745e-05 1.215e-05 5.355e-05 3.125e-05 3.205e-05 3.615e-05 5.18e-05 1.32e-05 3.075e-05 3.395e-05 1.39e-05 5.42e-05 5.09e-05 3.18e-05 3.31e-05 3.12e-05 1.725e-05 5.125e-05 5.51e-05 3.09e-05 2.76e-05 3.33e-05 5.105e-05 5.36e-05 2.735e-05 3.645e-05 4.755e-05 2.875e-05 4.195e-05 7.7e-06 3.03e-05 1.27e-05 2.76e-05 3.7e-05 5.48e-05 4.72e-05 4.725e-05 1.175e-05 4.715e-05 3.175e-05 2.765e-05 7.2e-06 5.105e-05 3.54e-05 1.62e-05 3.3e-05 7.7e-06 2.98e-05 3.21e-05 4.74e-05 5.23e-05 1.21e-05 1.62e-05 3.65e-05 7.3e-06 1.395e-05 2.755e-05 3.47e-05 3.095e-05 1.28e-05 5.44e-05 7.7e-06 5.075e-05 1.185e-05 4.99e-05 1.205e-05 3.1e-05 3.53e-05 3.12e-05 3.125e-05 2.735e-05 1.215e-05 2.65e-05 2.77e-05 2.905e-05 1.215e-05 2.755e-05 1.205e-05 3.1e-05 5.1e-05 2.225e-05 5.11e-05 3.64e-05 2.9e-05 2.77e-05 3.54e-05 2.715e-05 2.775e-05 1.19e-05 2.85e-05
21 3.475e-05 2.105e-05 3.2e-05 1.19e-05 3.19e-05 3.275e-05 3.65e-05 3.5e-05 3.21e-05 3.19e-05 3.19e-05 5.12e-05 1.55e-05 2.9e-05 2.75e-05 2.83e-05 9.4e-06 5.775e-05 3.545e-05 3.025e-05 5.42e-05 9.5e-06 1.295e-05 3.165e-05 2.905e-05 3.525e-05 5.59e-05 9.35e-06 7.5e-06 3.095e-05 3.22e-05 3.495e-05 1.305e-05 7.8e-06 3.185e-05 3.92e-05 8.5e-06 3.09e-05 2.06e-05 5.51e-05 3.255e-05 5.49e-05 3.215e-05 3.39e-05 7.7e-06 2.075e-05 8.2e-06 4.935e-05 2.07e-05 3.285e-05 3.205e-05 5.385e-05 1.21e-05 2.835e-05 5.03e-05 3.46e-05 5.415e-05 3.36e-05 2.755e-05 8.35e-06 1.34e-05 5.12e-05 5.49e-05 3.12e-05 5.55e-05 5.345e-05 3.055e-05 3.39e-05 3.025e-05 5.215e-05 1.36e-05 5.585e-05 1.275e-05 5.095e-05 8.7e-06 4.89e-05 2.885e-05 3.185e-05 2.89e-05 3.555e-05 3.195e-05 5.05e-05 3.425e-05 3.21e-05 3.255e-05 5.11e-05 3.895e-05 5.365e-05 2.875e-05 6.7e-06 4.435e-05 6.8e-06 3.91e-05 2.98e-05 3.15e-05 3.1e-05 3.365e-05 3.23e-05 5.1e-05 3.28e-05
22 3.32e-05 2.24e-05 3.205e-05 9.4e-06 3.025e-05 3.175e-05 3e-05 2.97e-05 3.015e-05 2.975e-05 3.025e-05 5.1e-05 1.05e-05 3.21e-05 2.995e-05 3.14e-05 1.11e-05 5.485e-05 3.09e-05 3.295e-05 5.09e-05 1.295e-05 1.78e-05 3.245e-05 2.915e-05 2.995e-05 5.655e-05 1.185e-05 1.3e-05 3.04e-05 3.025e-05 3.425e-05 9.3e-06 1.265e-05 3.025e-05 3.39e-05 9.25e-06 3.06e-05 2.065e-05 5.13e-05 2.98e-05 5.505e-05 3.025e-05 3.59e-05 1.4e-05 2.235e-05 9.15e-06 5.005e-05 2.23e-05 3.2e-05 3.055e-05 5.05e-05 1.025e-05 3.215e-05 5.17e-05 3.415e-05 5.09e-05 3.205e-05 3e-05 9.3e-06 1.015e-05 5.095e-05 5.595e-05 3.68e-05 5.115e-05 5.255e-05 2.99e-05 3.6e-05 3.245e-05 5.08e-05 1.15e-05 5.155e-05 9.2e-06 5.065e-05 1.17e-05 4.89e-05 3.195e-05 2.96e-05 3.2e-05 3.035e-05 2.995e-05 5.075e-05 2.98e-05 3.06e-05 3.145e-05 5.1e-05 4.13e-05 5.19e-05 3.185e-05 1.155e-05 4.195e-05 1.165e-05 3.405e-05 2.965e-05 3.035e-05 3.055e-05 3.16e-05 3.065e-05 5.09e-05 3.23e-05
23 3.09e-05 3.335e-05 3.345e-05 3.235e-05 2.94e-05 3.015e-05 3.095e-05 3.44e-05 2.97e-05 3.36e-05 2.955e-05 3.105e-05 3.41e-05 3.36e-05 3.115e-05 3.185e-05 3.08e-05 3.345e-05 3.225e-05 3.2e-05 3.18e-05 3.165e-05 3.245e-05 5.76e-05 3.175e-05 3.465e-05 3.695e-05 3.135e-05 3.21e-05 3.355e-05 2.985e-05 3.405e-05 3.245e-05 3.16e-05 2.945e-05 3.63e-05 2.995e-05 3.175e-05 3.16e-05 2.93e-05 3.24e-05 3.525e-05 2.98e-05 3.36e-05 3.295e-05 3.245e-05 2.96e-05 3.3e-05 3.25e-05 3.05e-05 2.975e-05 3.14e-05 3.275e-05 3.265e-05 3.485e-05 3.42e-05 3.18e-05 3.045e-05 3.12e-05 2.975e-05 3.23e-05 3.105e-05 3.28e-05 3.47e-05 2.88e-05 3.125e-05 3.2e-05 3.455e-05 3.105e-05 3.135e-05 3.365e-05 2.915e-05 3.22e-05 3.08e-05 3.165e-05 3.185e-05 3.345e-05 3.355e-05 3.35e-05 3.21e-05 2.96e-05 3.08e-05 3.285e-05 2.975e-05 2.97e-05 3.105e-05 3.305e-05 3.59e-05 3.335e-05 3.135e-05 3.165e-05 3.14e-05 3.67e-05 3.08e-05 2.95e-05 3.395e-05 3.095e-05 2.94e-05 3.095e-05 3.34e-05
24 3.26e-05 3.19e-05 3.1e-05 2.845e-05 2.94e-05 3.08e-05 3.31e-05 3.285e-05 2.925e-05 3.17e-05 2.935e-05 3.195e-05 3.465e-05 3.105e-05 2.75e-05 2.885e-05 2.67e-05 3.62e-05 3.235e-05 3.305e-05 3.31e-05 2.905e-05 2.915e-05 3.175e-05 4.9e-05 3.31e-05 3.775e-05 2.87e-05 2.88e-05 2.905e-05 2.935e-05 3.265e-05 2.96e-05 2.97e-05 2.935e-05 3.67e-05 2.49e-05 2.925e-05 2.8e-05 3.335e-05 3.32e-05 3.675e-05 2.93e-05 3.455e-05 3.105e-05 2.955e-05 2.485e-05 3.065e-05 2.95e-05 3.1e-05 2.965e-05 3.265e-05 2.825e-05 3.06e-05 3.18e-05 3.265e-05 3.305e-05 3.26e-05 2.755e-05 2.5e-05 3.025e-05 3.195e-05 3.78e-05 3.565e-05 3.375e-05 3.465e-05 2.865e-05 3.685e-05 3.175e-05 3.04e-05 3.275e-05 3.41e-05 2.93e-05 3.17e-05 2.78e-05 3.02e-05 3.09e-05 3.165e-05 3.095e-05 3.285e-05 2.91e-05 3.125e-05 3.21e-05 2.97e-05 3.045e-05 3.195e-05 3.045e-05 3.32e-05 3.08e-05 2.745e-05 3.27e-05 2.755e-05 3.695e-05 2.815e-05 2.9e-05 3.04e-05 3.095e-05 2.98e-05 3.185e-05 3.13e-05
25 3.375e-05 3.27e-05 3.46e-05 3.02e-05 3.28e-05 3.395e-05 3.05e-05 2.77e-05 3.295e-05 3.07e-05 3.29e-05 3.4e-05 2.92e-05 3.17e-05 3.295e-05 3.405e-05 3.33e-05 3.635e-05 3.145e-05 3.455e-05 3.12e-05 3.525e-05 2.995e-05 3.465e-05 3.31e-05 5.51e-05 3.595e-05 3.315e-05 3.495e-05 3.065e-05 3.305e-05 3.55e-05 3.01e-05 3.395e-05 3.28e-05 3.31e-05 3.205e-05 3.055e-05 3.325e-05 3.41e-05 2.92e-05 3.405e-05 3.305e-05 3.68e-05 3.505e-05 3.455e-05 3.175e-05 3.075e-05 3.45e-05 3.42e-05 3.31e-05 3.075e-05 3.08e-05 3.39e-05 3.285e-05 3.535e-05 3.075e-05 3.28e-05 3.3e-05 3.19e-05 3.055e-05 3.395e-05 3.745e-05 3.78e-05 3.37e-05 3.54e-05 3.015e-05 3.5e-05 3.475e-05 3.45e-05 3.075e-05 3.41e-05 2.965e-05 3.37e-05 3.285e-05 3.075e-05 3.195e-05 3.075e-05 3.165e-05 3.115e-05 3.28e-05 3.4e-05 2.81e-05 3.315e-05 3.37e-05 3.4e-05 3.43e-05 2.98e-05 3.175e-05 3.385e-05 3.45e-05 3.395e-05 3.325e-05 3.08e-05 3.315e-05 3.155e-05 3.275e-05 3.32e-05 3.39e-05 3.06e-05
26 3.66e-05 4.595e-05 3.92e-05 5.66e-05 3.79e-05 3.73e-05 3.8e-05 3.57e-05 3.805e-05 3.7e-05 3.785e-05 1.865e-05 5.59e-05 3.69e-05 3.77e-05 3.705e-05 5.66e-05 1.55e-05 3.705e-05 3.64e-05 1.725e-05 5.59e-05 5.655e-05 3.695e-05 3.775e-05 3.595e-05 1.98e-05 5.5e-05 5.68e-05 3.445e-05 3.82e-05 3.49e-05 5.67e-05 5.375e-05 3.785e-05 3.405e-05 5.72e-05 3.61e-05 4.865e-05 1.89e-05 3.74e-05 1.28e-05 3.81e-05 3.32e-05 5.545e-05 4.715e-05 5.69e-05 1.66e-05 4.7e-05 3.74e-05 3.805e-05 1.69e-05 5.645e-05 3.54e-05 1.395e-05 3.46e-05 1.72e-05 3.63e-05 3.775e-05 5.705e-05 5.645e-05 1.87e-05 1.34e-05 3.415e-05 1.875e-05 1.855e-05 3.64e-05 3.17e-05 3.835e-05 1.805e-05 5.415e-05 1.91e-05 5.64e-05 1.845e-05 5.45e-05 1.845e-05 3.675e-05 3.695e-05 3.69e-05 3.75e-05 3.795e-05 1.85e-05 3.62e-05 3.81e-05 3.795e-05 1.855e-05 2.825e-05 1.29e-05 3.665e-05 5.755e-05 2.97e-05 5.765e-05 3.4e-05 3.74e-05 3.805e-05 3.68e-05 3.64e-05 3.83e-05 1.845e-05 3.445e-05
27 3.315e-05 2.195e-05 3.27e-05 1.065e-05 2.96e-05 3.21e-05 3.355e-05 3.29e-05 3.005e-05 3.225e-05 2.99e-05 5.06e-05 1.54e-05 3.06e-05 2.745e-05 2.985e-05 9.5e-06 5.545e-05 3.37e-05 3.005e-05 5.125e-05 9.35e-06 1.185e-05 3.135e-05 2.87e-05 3.315e-05 5.5e-05 1.35e-05 1.155e-05 2.99e-05 3.015e-05 3.335e-05 1.17e-05 7.35e-06 2.975e-05 3.785e-05 6.95e-06 2.905e-05 1.985e-05 5.23e-05 3.125e-05 5.295e-05 3.01e-05 3.41e-05 9.3e-06 2.225e-05 6.8e-06 4.85e-05 2.225e-05 3.235e-05 3.005e-05 5.08e-05 1.09e-05 2.765e-05 5.07e-05 3.3e-05 5.12e-05 3.195e-05 2.74e-05 6.95e-06 1.275e-05 5.06e-05 5.455e-05 3.405e-05 5.27e-05 5.46e-05 2.825e-05 3.355e-05 3.21e-05 5.045e-05 1.165e-05 5.305e-05 1.16e-05 5.035e-05 9.05e-06 4.805e-05 3.045e-05 3.22e-05 3.05e-05 3.36e-05 2.99e-05 4.99e-05 3.075e-05 2.99e-05 3.105e-05 5.06e-05 4.05e-05 5.16e-05 3.035e-05 9.25e-06 4.3e-05 9.15e-06 3.775e-05 2.795e-05 2.925e-05 3.145e-05 3.155e-05 3e-05 5.05e-05 3.105e-05
28 3.445e-05 2.04e-05 2.835e-05 1.2e-05 3.32e-05 3.135e-05 3.66e-05 3.47e-05 3.335e-05 3.215e-05 3.315e-05 5.265e-05 1.57e-05 2.965e-05 2.935e-05 2.745e-05 7.9e-06 5.71e-05 3.495e-05 3.19e-05 5.51e-05 7.5e-06 1.3e-05 3.21e-05 2.88e-05 3.495e-05 5.68e-05 1.155e-05 1.07e-05 3.15e-05 3.35e-05 3.47e-05 1.315e-05 1.08e-05 3.315e-05 3.735e-05 1.015e-05 3.06e-05 1.96e-05 5.6e-05 3.395e-05 5.69e-05 3.34e-05 3.34e-05 9.25e-06 1.705e-05 9.85e-06 5.08e-05 1.65e-05 3.13e-05 3.335e-05 5.475e-05 1.2e-05 3.035e-05 5.075e-05 3.495e-05 5.505e-05 3.395e-05 2.94e-05 1e-05 1.19e-05 5.27e-05 5.63e-05 3.295e-05 5.64e-05 5.255e-05 3.19e-05 3.655e-05 3.09e-05 5.21e-05 1.42e-05 5.675e-05 1.285e-05 5.245e-05 1.115e-05 5.035e-05 2.95e-05 3.21e-05 2.955e-05 3.525e-05 3.325e-05 5.195e-05 3.515e-05 3.34e-05 3.225e-05 5.255e-05 3.815e-05 5.355e-05 2.94e-05 7.75e-06 4.3e-05 7.85e-06 3.785e-05 2.95e-05 3.28e-05 3.105e-05 3.49e-05 3.36e-05 5.245e-05 3.25e-05
29 3.25e-05 3.21e-05 3.31e-05 2.995e-05 3.055e-05 3.285e-05 3.35e-05 3.045e-05 3.045e-05 3.34e-05 3.05e-05 3.36e-05 3.47e-05 2.935e-05 2.97e-05 3.195e-05 2.92e-05 3.66e-05 3.315e-05 3.425e-05 3.09e-05 3.095e-05 3.04e-05 3.355e-05 2.905e-05 3.065e-05 3.445e-05 2.99e-05 3.15e-05 5.26e-05 3.05e-05 3.335e-05 3.08e-05 3.09e-05 3.05e-05 3.69e-05 2.665e-05 2.805e-05 2.99e-05 3.42e-05 3.15e-05 3.36e-05 3.05e-05 3.57e-05 3.245e-05 3.235e-05 2.655e-05 2.95e-05 3.22e-05 3.305e-05 3.08e-05 3.045e-05 2.96e-05 3.23e-05 3.05e-05 3.315e-05 3.06e-05 3.3e-05 2.975e-05 2.67e-05 3.19e-05 3.355e-05 3.82e-05 3.605e-05 3.435e-05 3.655e-05 2.7e-05 3.535e-05 3.31e-05 3.33e-05 3.345e-05 3.47e-05 3.05e-05 3.33e-05 2.795e-05 3.015e-05 2.945e-05 3.335e-05 2.93e-05 3.38e-05 3.025e-05 3.315e-05 2.89e-05 3.085e-05 3.205e-05 3.36e-05 3.285e-05 2.775e-05 2.925e-05 2.935e-05 3.405e-05 2.945e-05 3.695e-05 2.815e-05 3.04e-05 3.225e-05 3.055e-05 3.095e-05 3.35e-05 2.84e-05
30 2.865e-05 3.505e-05 3.52e-05 3.055e-05 2.49e-05 2.955e-05 2.785e-05 3.28e-05 2.48e-05 3.465e-05 2.5e-05 2.935e-05 3.525e-05 3.14e-05 2.925e-05 3.385e-05 2.98e-05 3.195e-05 3.045e-05 3.265e-05 2.76e-05 3.22e-05 3.025e-05 2.985e-05 2.935e-05 3.305e-05 3.82e-05 3.015e-05 3.35e-05 3.05e-05 4.89e-05 3.225e-05 3.065e-05 3.26e-05 2.49e-05 3.75e-05 2.48e-05 2.89e-05 2.95e-05 2.5e-05 3.08e-05 3.435e-05 2.485e-05 3.645e-05 3.41e-05 3.535e-05 2.47e-05 3.13e-05 3.53e-05 2.99e-05 2.53e-05 2.71e-05 3.07e-05 3.4e-05 3.54e-05 3.195e-05 2.76e-05 2.94e-05 2.93e-05 2.485e-05 3.22e-05 2.895e-05 3.5e-05 3.585e-05 2.49e-05 3.14e-05 2.74e-05 3.605e-05 2.89e-05 2.935e-05 3.54e-05 2.525e-05 3.035e-05 2.895e-05 2.89e-05 3.015e-05 3.125e-05 3.46e-05 3.13e-05 3.06e-05 2.45e-05 2.915e-05 2.86e-05 2.535e-05 2.7e-05 2.95e-05 3.49e-05 3.38e-05 3.115e-05 2.89e-05 3e-05 2.9e-05 3.745e-05 2.795e-05 2.5e-05 3.475e-05 2.625e-05 2.53e-05 2.94e-05 3.07e-05
31 3.345e-05 3.57e-05 3.49e-05 3.385e-05 3.185e-05 3.295e-05 3.445e-05 3.525e-05 3.215e-05 3.665e-05 3.195e-05 3.47e-05 3.775e-05 3.495e-05 3.355e-05 3.46e-05 3.2e-05 3.15e-05 3.46e-05 3.58e-05 3.33e-05 3.495e-05 3.425e-05 3.405e-05 3.265e-05 3.55e-05 3.49e-05 3.335e-05 3.47e-05 3.335e-05 3.225e-05 6.13e-05 3.425e-05 3.435e-05 3.18e-05 3.39e-05 3.11e-05 3.29e-05 3.295e-05 3.28e-05 3.61e-05 3.35e-05 3.22e-05 3.34e-05 3.61e-05 3.405e-05 3.07e-05 3.445e-05 3.405e-05 3.315e-05 3.21e-05 3.285e-05 3.38e-05 3.555e-05 3.6e-05 3.165e-05 3.325e-05 3.425e-05 3.36e-05 3.085e-05 3.505e-05 3.47e-05 3.415e-05 3.505e-05 3.29e-05 3.475e-05 3.215e-05 3.485e-05 3.46e-05 3.285e-05 3.63e-05 3.325e-05 3.395e-05 3.445e-05 3.21e-05 3.495e-05 3.48e-05 3.66e-05 3.49e-05 3.495e-05 3.2e-05 3.43e-05 3.385e-05 3.215e-05 3.305e-05 3.47e-05 3.54e-05 3.485e-05 3.47e-05 3.36e-05 3.425e-05 3.37e-05 3.485e-05 3.3e-05 3.175e-05 3.625e-05 3.195e-05 3.225e-05 3.46e-05 3.32e-05
32 3.34e-05 2.255e-05 3.22e-05 9.3e-06 3.005e-05 3.175e-05 3.015e-05 2.985e-05 3.055e-05 2.995e-05 3.04e-05 5.12e-05 1.065e-05 3.235e-05 2.985e-05 3.145e-05 1.1e-05 5.5e-05 3.105e-05 3.315e-05 5.105e-05 1.305e-05 9.3e-06 3.245e-05 2.96e-05 3.01e-05 5.67e-05 1.17e-05 1.315e-05 3.08e-05 3.065e-05 3.425e-05 1.81e-05 1.27e-05 3.025e-05 3.405e-05 9.3e-06 3.085e-05 2.075e-05 5.145e-05 2.995e-05 5.52e-05 3.065e-05 3.59e-05 1.43e-05 2.235e-05 9.1e-06 5.025e-05 2.235e-05 3.205e-05 3.055e-05 5.065e-05 1.01e-05 3.24e-05 5.19e-05 3.415e-05 5.105e-05 3.22e-05 2.985e-05 9.25e-06 1.04e-05 5.115e-05 5.61e-05 3.705e-05 5.13e-05 5.27e-05 2.99e-05 3.615e-05 3.27e-05 5.1e-05 1.17e-05 5.17e-05 9.2e-06 5.085e-05 1.175e-05 4.91e-05 3.22e-05 2.98e-05 3.225e-05 3.04e-05 3.035e-05 5.095e-05 2.995e-05 3.04e-05 3.17e-05 5.12e-05 4.15e-05 5.205e-05 3.21e-05 1.165e-05 4.21e-05 1.155e-05 3.42e-05 2.99e-05 3.02e-05 3.075e-05 3.18e-05 3.045e-05 5.11e-05 3.25e-05
33 3.56e-05 2.025e-05 3.325e-05 1.155e-05 3.225e-05 3.315e-05 3.59e-05 3.37e-05 3.25e-05 3.035e-05 3.225e-05 5.035e-05 1.35e-05 3.13e-05 2.735e-05 2.82e-05 1.05e-05 5.645e-05 3.47e-05 2.925e-05 5.36e-05 7.8e-06 1.265e-05 3.16e-05 2.97e-05 3.395e-05 5.375e-05 7.35e-06 1.08e-05 3.09e-05 3.26e-05 3.435e-05 1.27e-05 9.4e-06 3.22e-05 3.72e-05 9.6e-06 3.15e-05 2.185e-05 5.475e-05 3.1e-05 5.305e-05 3.255e-05 3.29e-05 7.9e-06 2.185e-05 9.25e-06 4.825e-05 2.18e-05 3.325e-05 3.24e-05 5.325e-05 1.205e-05 2.545e-05 4.9e-05 3.4e-05 5.355e-05 3.275e-05 2.74e-05 9.4e-06 1.355e-05 5.035e-05 5.31e-05 3.25e-05 5.515e-05 5.445e-05 3.07e-05 3.105e-05 3.28e-05 5.145e-05 1.02e-05 5.55e-05 1.24e-05 5.01e-05 8.75e-06 4.78e-05 3.115e-05 3.03e-05 3.12e-05 3.45e-05 3.235e-05 4.965e-05 3.31e-05 3.245e-05 3.34e-05 5.025e-05 3.88e-05 5.26e-05 3.105e-05 9.95e-06 4.49e-05 1.005e-05 3.71e-05 3.04e-05 3.185e-05 2.975e-05 3.4e-05 3.265e-05 5.015e-05 3.34e-05
34 2.84e-05 3.47e-05 3.485e-05 3.01e-05 2.45e-05 2.915e-05 2.76e-05 3.25e-05 2.48e-05 3.44e-05 2.465e-05 2.905e-05 3.5e-05 3.12e-05 2.885e-05 3.345e-05 2.925e-05 3.155e-05 3.005e-05 3.24e-05 2.735e-05 3.185e-05 3.025e-05 2.945e-05 2.935e-05 3.28e-05 3.785e-05 2.975e-05 3.315e-05 3.05e-05 2.49e-05 3.18e-05 3.025e-05 3.22e-05 4.84e-05 3.72e-05 2.465e-05 2.87e-05 2.915e-05 2.46e-05 3.055e-05 3.405e-05 2.48e-05 3.6e-05 3.39e-05 3.49e-05 2.425e-05 3.105e-05 3.485e-05 2.94e-05 2.48e-05 2.665e-05 3.025e-05 3.375e-05 3.51e-05 3.15e-05 2.725e-05 2.91e-05 2.89e-05 2.44e-05 3.2e-05 2.91e-05 3.47e-05 3.56e-05 2.465e-05 3.11e-05 2.7e-05 3.57e-05 2.85e-05 2.91e-05 3.515e-05 2.495e-05 2.995e-05 2.885e-05 2.855e-05 2.99e-05 3.105e-05 3.435e-05 3.11e-05 3.02e-05 2.465e-05 2.88e-05 2.84e-05 2.485e-05 2.67e-05 2.915e-05 3.46e-05 3.35e-05 3.095e-05 2.855e-05 2.96e-05 2.865e-05 3.715e-05 2.775e-05 2.45e-05 3.445e-05 2.605e-05 2.49e-05 2.91e-05 3.045e-05
35 3.725e-05 3.535e-05 3.58e-05 3.46e-05 3.72e-05 3.48e-05 3.355e-05 3.285e-05 3.735e-05 3.265e-05 3.72e-05 3.64e-05 3.1e-05 3.9e-05 3.825e-05 3.58e-05 3.71e-05 3.19e-05 3.32e-05 3.645e-05 3.645e-05 3.92e-05 3.39e-05 3.63e-05 3.67e-05 3.31e-05 3.405e-05 3.785e-05 3.735e-05 3.69e-05 3.75e-05 3.39e-05 3.405e-05 3.72e-05 3.72e-05 5.63e-05 3.935e-05 3.795e-05 3.805e-05 3.565e-05 3.515e-05 3.5e-05 3.745e-05 3.345e-05 3.835e-05 3.47e-05 3.905e-05 3.705e-05 3.47e-05 3.495e-05 3.74e-05 3.615e-05 3.545e-05 3.655e-05 3.615e-05 3.48e-05 3.645e-05 3.55e-05 3.83e-05 3.92e-05 3.36e-05 3.64e-05 3.305e-05 3.65e-05 3.52e-05 3.35e-05 3.845e-05 3.405e-05 3.775e-05 3.475e-05 3.21e-05 3.56e-05 3.365e-05 3.615e-05 3.86e-05 3.685e-05 3.885e-05 3.27e-05 3.895e-05 3.265e-05 3.725e-05 3.645e-05 3.595e-05 3.745e-05 3.71e-05 3.63e-05 3.585e-05 3.66e-05 3.875e-05 3.975e-05 3.63e-05 3.985e-05 2.93e-05 3.82e-05 3.76e-05 3.42e-05 3.705e-05 3.76e-05 3.62e-05 3.785e-05
36 2.92e-05 2.255e-05 3.095e-05 8.25e-06 2.45e-05 2.965e-05 3.065e-05 3.18e-05 2.475e-05 3.345e-05 2.48e-05 4.91e-05 1.71e-05 2.785e-05 2.49e-05 2.995e-05 6e-06 5.425e-05 3.21e-05 3.21e-05 4.755e-05 8.5e-06 9.25e-06 2.995e-05 2.49e-05 3.205e-05 5.72e-05 6.95e-06 1.015e-05 2.665e-05 2.48e-05 3.11e-05 9.3e-06 9.6e-06 2.465e-05 3.935e-05 1.2e-06 2.535e-05 1.535e-05 4.825e-05 3.05e-05 5.335e-05 2.48e-05 3.56e-05 1.155e-05 2.145e-05 6e-07 4.725e-05 2.145e-05 3e-05 2.505e-05 4.7e-05 8.25e-06 3.095e-05 5.135e-05 3.08e-05 4.75e-05 3.06e-05 2.49e-05 7.5e-07 1.15e-05 4.905e-05 5.685e-05 3.515e-05 4.865e-05 5.36e-05 2.34e-05 3.66e-05 2.91e-05 4.87e-05 1.54e-05 4.9e-05 9.2e-06 4.88e-05 5e-06 4.68e-05 2.77e-05 3.34e-05 2.775e-05 3.225e-05 2.455e-05 4.84e-05 2.76e-05 2.49e-05 2.72e-05 4.92e-05 4.065e-05 4.995e-05 2.76e-05 5.2e-06 3.97e-05 5.1e-06 3.93e-05 2.425e-05 2.415e-05 3.24e-05 2.63e-05 2.49e-05 4.91e-05 2.745e-05
37 2.88e-05 3.21e-05 3.14e-05 3e-05 2.875e-05 3.145e-05 3.14e-05 3.04e-05 2.88e-05 3.43e-05 2.89e-05 3.265e-05 3.555e-05 2.79e-05 2.91e-05 3.175e-05 2.81e-05 3.58e-05 3.295e-05 3.305e-05 2.875e-05 3.09e-05 3.06e-05 3.175e-05 2.925e-05 3.055e-05 3.61e-05 2.905e-05 3.06e-05 2.805e-05 2.89e-05 3.29e-05 3.085e-05 3.15e-05 2.87e-05 3.795e-05 2.535e-05 4.81e-05 2.785e-05 3.205e-05 3.075e-05 3.245e-05 2.885e-05 3.53e-05 3.18e-05 3.17e-05 2.515e-05 2.83e-05 3.15e-05 3.17e-05 2.91e-05 2.805e-05 2.975e-05 3.235e-05 3.235e-05 3.265e-05 2.87e-05 3.08e-05 2.915e-05 2.53e-05 3.005e-05 3.265e-05 3.705e-05 3.545e-05 3.22e-05 3.57e-05 2.495e-05 3.56e-05 3.15e-05 3.255e-05 3.41e-05 3.255e-05 3.045e-05 3.24e-05 2.81e-05 2.945e-05 2.76e-05 3.425e-05 2.785e-05 3.35e-05 2.865e-05 3.22e-05 2.68e-05 2.915e-05 2.84e-05 3.275e-05 3.265e-05 2.86e-05 2.765e-05 2.81e-05 3.17e-05 2.82e-05 3.805e-05 2.42e-05 2.86e-05 3.325e-05 2.89e-05 2.915e-05 3.265e-05 2.47e-05
38 3.13e-05 2.05e-05 1.605e-05 2e-05 2.92e-05 3.055e-05 3.295e-05 3.3e-05 2.94e-05 3.455e-05 2.925e-05 4.345e-05 2.64e-05 3.085e-05 2.93e-05 3.06e-05 1.68e-05 4.645e-05 3.34e-05 3.385e-05 4.195e-05 2.06e-05 2.065e-05 3.16e-05 2.8e-05 3.325e-05 4.865e-05 1.985e-05 1.96e-05 2.99e-05 2.95e-05 3.295e-05 2.075e-05 2.185e-05 2.915e-05 3.805e-05 1.535e-05 2.785e-05 2.98e-05 4.31e-05 3.3e-05 4.63e-05 2.945e-05 3.515e-05 2.29e-05 1.76e-05 1.495e-05 4.145e-05 1.76e-05 3.085e-05 2.95e-05 4.145e-05 1.96e-05 3.35e-05 4.4e-05 3.32e-05 4.19e-05 3.235e-05 2.935e-05 1.51e-05 2.09e-05 4.345e-05 4.845e-05 3.685e-05 4.325e-05 4.46e-05 2.775e-05 3.785e-05 3.225e-05 4.2e-05 2.495e-05 4.36e-05 2.045e-05 4.32e-05 1.86e-05 4.11e-05 3.07e-05 3.45e-05 3.075e-05 3.41e-05 2.925e-05 4.3e-05 3.085e-05 2.955e-05 2.98e-05 4.35e-05 3.03e-05 4.27e-05 3.06e-05 1.825e-05 2.95e-05 1.835e-05 3.855e-05 2.71e-05 2.905e-05 3.345e-05 3.045e-05 2.96e-05 4.34e-05 2.935e-05
39 2.81e-05 4.72e-05 3.91e-05 5.185e-05 2.475e-05 2.9e-05 2.53e-05 3.375e-05 2.49e-05 3.56e-05 2.47e-05 8.95e-06 5.365e-05 3.455e-05 3.26e-05 3.68e-05 5.26e-05 9e-06 2.865e-05 3.295e-05 7.7e-06 5.51e-05 5.13e-05 2.93e-05 3.335e-05 3.41e-05 1.89e-05 5.23e-05 5.6e-05 3.42e-05 2.5e-05 3.28e-05 5.145e-05 5.475e-05 2.46e-05 3.565e-05 4.825e-05 3.205e-05 4.31e-05 1.9e-06 3.135e-05 1.515e-05 2.455e-05 3.66e-05 5.595e-05 4.85e-05 4.795e-05 1.49e-05 4.845e-05 2.91e-05 2.49e-05 7.05e-06 5.23e-05 3.63e-05 1.89e-05 3.25e-05 7.45e-06 2.815e-05 3.265e-05 4.81e-05 5.27e-05 9.35e-06 1.315e-05 3.61e-05 1.4e-06 9.35e-06 3.085e-05 3.52e-05 2.83e-05 9.75e-06 5.515e-05 1.45e-06 5.115e-05 9.1e-06 5.225e-05 1.325e-05 3.44e-05 3.555e-05 3.445e-05 2.85e-05 2.475e-05 9e-06 2.975e-05 2.495e-05 2.63e-05 9.25e-06 2.86e-05 1.74e-05 3.43e-05 5.18e-05 1.995e-05 5.19e-05 3.56e-05 3.11e-05 2.47e-05 3.65e-05 2.625e-05 2.515e-05 9.25e-06 3.375e-05
