 slim_337508590 slim_337508639 slim_337508645 slim_337508319 slim_337508641 slim_337508644 slim_337508629 slim_337508564 slim_337508637 slim_337508618 slim_337508443 slim_337508528 slim_337508609 slim_337508646 slim_337508599 slim_337508638 slim_337508612 slim_337508619 slim_337508591 slim_337508598 slim_337508510 slim_337508607 slim_337508474 slim_337508631 slim_337508340 slim_337508451 slim_337508543 slim_337508604 slim_337508461 slim_337508344 slim_337508527 slim_337508593 slim_337508559 slim_337508560 slim_337508479 slim_337508626 slim_337508588 slim_337508487 slim_337508578 slim_337508636 slim_337508623 slim_337508595 slim_337508594 slim_337508338 slim_337508633 slim_337508630 slim_337508525 slim_337508432 slim_337508081 slim_337508405 slim_337508573 slim_337508622 slim_337508589 slim_337508634 slim_337508616 slim_337508400 slim_337508205 slim_337508635 slim_337508444 slim_337508642 slim_337508450 slim_337508566 slim_337508565 slim_337508649 slim_337508375 slim_337508028 slim_337508596 slim_337508371 slim_337508603 slim_337508512 slim_337508625 slim_337508581 slim_337508115 slim_337508606 slim_337508548 slim_337508481 slim_337508587 slim_337508615 slim_337508343 slim_337508536 slim_337508576 slim_337508534 slim_337508493 slim_337508650 slim_337508620 slim_337508537 slim_337508524 slim_337508439 slim_337508427 slim_337508494 slim_337508632 slim_337508643 slim_337508640 slim_337508532 slim_337508376
0 2.57e-05 0.00017195 7.935e-05 0.00017195 0.00014015 3.78e-05 6.22e-05 8.975e-05 0.00011135 7.55e-05 6.365e-05 1.345e-05 3.71e-05 0.0001135 8.96e-05 1.51e-05 4.585e-05 0.00015405 1.41e-05 8.955e-05 9.07e-05 6.21e-05 9.235e-05 0.0001081 0.00011185 0.0001595 8.945e-05 0.0001655 0.0001513 0.00015425 9.025e-05 0.0001543 0.00020395 0.00016615 0.00013445 4.37e-05 1.515e-05 0.0001803 3.405e-05 1.385e-05 0.00017215 0.0001352 1.435e-05 0.0001656 9.035e-05 0.00015335 1.445e-05 9.285e-05 0.0001052 6.27e-05 0.00022485 0.0001268 8.975e-05 1.545e-05 9.035e-05 7.575e-05 0.00017385 1.525e-05 5.835e-05 0.0001658 0.00016605 0.00015595 1.425e-05 7.68e-05 8.945e-05 5.87e-05 8.89e-05 0.0001383 0.0001386 0.0001661 1.335e-05 7.83e-05 1.38e-05 0.00011875 9.62e-05 0.0001289 9.05e-05 9.565e-05 1.555e-05 4.38e-05 0.0001386 0.00018015 0.00010385 0.0001408 0.00011055 7.695e-05 5.895e-05 5.865e-05 0.0001658 1.45e-05 6.155e-05 0.00010665 0.00018025 0.00016615 0.00013475
1 0.00017195 0.0003366 0.00017015 0.00016855 0.0001697 0.0001706 0.0002194 0.00017 0.0001924 0.00017045 0.0002191 0.00017055 0.00017045 0.00016885 0.0001705 0.0001714 0.000171 0.0001692 0.0001723 0.0001706 0.00017085 0.0002193 0.00021885 0.00016995 0.00019225 0.00024005 0.00017055 0.0001702 0.00017 0.0001688 0.00016915 0.00016885 0.00020225 0.0001684 0.00022775 0.00017365 0.00017055 0.0002241 0.00019145 0.00017135 0.00016845 0.0001695 0.0001724 0.00016935 0.00017165 0.0002179 0.00017 0.00022155 0.00022525 0.00021895 0.0002229 0.0002183 0.0001701 0.00017235 0.00017065 0.0001705 0.0001711 0.000172 0.00017075 0.00016865 0.0001697 0.0001914 0.00017175 0.00021935 0.0001713 0.00017135 0.0001705 0.0002181 0.0002178 0.00016835 0.0001717 0.0002189 0.0001719 0.00016955 0.00017045 0.00020205 0.0001706 0.00017005 0.0001708 0.00017355 0.0002192 0.00022455 0.00022575 0.0001915 0.00018995 0.0002194 0.00017085 0.00017095 0.00017005 0.00017185 0.00021955 0.0001859 0.00022405 0.0001684 0.00017115
2 7.935e-05 0.00017015 0.0001367 0.0001701 0.0001595 7.775e-05 0.0001343 8.965e-05 0.00011135 7.845e-05 0.00012525 8.58e-05 7.79e-05 8.075e-05 8.955e-05 8.535e-05 8.625e-05 8.035e-05 8.735e-05 8.955e-05 7.825e-05 0.0001342 0.00012605 6.925e-05 0.00011105 0.00015905 8.995e-05 9.375e-05 8.17e-05 8.055e-05 8.105e-05 8.06e-05 0.0002034 9.275e-05 0.00020065 0.0001168 7.725e-05 0.0001735 0.0001062 8.66e-05 0.00017035 8.16e-05 8.715e-05 9.245e-05 9.09e-05 0.0001492 6.945e-05 0.00016465 0.0001614 0.00013415 0.00022375 0.00012525 8.975e-05 8.655e-05 8.245e-05 7.045e-05 0.0001727 8.735e-05 7.805e-05 9.23e-05 9.395e-05 0.0001031 8.625e-05 0.00014595 9.085e-05 7.85e-05 7.02e-05 0.000137 0.0001374 9.27e-05 8.665e-05 0.0001251 8.655e-05 0.0001176 0.00016775 0.00018985 8.97e-05 0.00016725 7.735e-05 0.0001167 0.0001387 0.00017325 0.00017045 0.00010305 0.0001094 0.0001342 7.845e-05 7.835e-05 9.36e-05 8.635e-05 0.0001344 0.00010005 0.00017345 9.275e-05 8.245e-05
3 0.00017195 0.00016855 0.0001701 0.0003366 0.0001697 0.00017065 0.0002194 0.0001702 0.0001924 0.00017045 0.0002191 0.00017055 0.0001705 0.00016865 0.0001705 0.0001714 0.000171 0.0001691 0.0001723 0.00017055 0.00017085 0.0002193 0.0002188 0.00016985 0.00019225 0.00024005 0.00017055 0.00017015 0.00016995 0.00016895 0.00016935 0.000169 0.00020225 0.0001688 0.00022775 0.00017365 0.00017055 0.0002243 0.00019145 0.00017135 0.00016865 0.0001697 0.0001724 0.0001693 0.00017165 0.0002181 0.00017 0.00022155 0.00022525 0.00021895 0.0002229 0.00021825 0.0001703 0.00017235 0.00017065 0.0001705 0.0001713 0.000172 0.00017065 0.0001688 0.0001699 0.0001914 0.00017175 0.00021935 0.0001713 0.00017135 0.00017045 0.00021805 0.000218 0.00016875 0.0001717 0.0002189 0.0001719 0.00016975 0.00017045 0.00020205 0.00017035 0.00017005 0.0001708 0.00017355 0.0002192 0.0002245 0.00022575 0.00019145 0.00019015 0.0002194 0.00017085 0.00017095 0.00017 0.00017185 0.00021955 0.00018585 0.00022425 0.0001688 0.00017115
4 0.00014015 0.0001697 0.0001595 0.0001697 0.0002728 0.0001397 0.0001871 0.00017045 0.0001922 0.00015505 0.0001878 0.0001377 0.00013945 0.0001705 0.0001705 0.0001403 0.0001385 0.00019 0.0001398 0.00017065 0.00013835 0.000187 0.00018745 0.0001592 0.0001921 0.00024 0.0001693 0.0002011 0.0001875 0.00019 0.00017055 0.00019005 0.00020255 0.0002017 0.000196 0.0001416 0.0001385 0.00022485 0.0001594 0.00013895 0.0001699 0.00016995 0.0001402 0.0002007 0.0001707 0.0002331 0.0001395 0.0001896 0.00019415 0.00018665 0.00022395 0.00020675 0.00017055 0.0001402 0.00017055 0.0001565 0.00017295 0.00013935 0.0001394 0.00020155 0.0002015 0.0001911 0.0001395 0.0002017 0.00017025 0.00013925 0.000139 0.00021825 0.00021835 0.00020165 0.0001393 0.0002025 0.0001396 0.00017095 0.00013935 0.000172 0.00017095 0.00013865 0.00013925 0.0001415 0.00021825 0.0002249 0.00019365 0.0001921 0.00019075 0.000202 0.00013855 0.00013855 0.00020145 0.0001396 0.00018715 0.0001749 0.0002248 0.0002017 0.00017085
5 3.78e-05 0.0001706 7.775e-05 0.00017065 0.0001397 7.03e-05 8.52e-05 8.9e-05 0.00011005 7.545e-05 8.56e-05 3.61e-05 3.595e-05 8.855e-05 8.91e-05 3.72e-05 5.895e-05 0.0001301 3.82e-05 8.925e-05 8.02e-05 8.51e-05 9.26e-05 8.48e-05 0.0001117 0.0001594 8.975e-05 0.00014235 0.0001281 0.00013005 8.865e-05 0.0001301 0.0002036 0.00014175 0.0001536 6.765e-05 3.675e-05 0.00017495 5.71e-05 3.74e-05 0.0001708 0.0001113 3.805e-05 0.00014175 8.935e-05 0.0001527 3.565e-05 0.0001167 0.00012245 8.615e-05 0.00022435 0.00012635 8.91e-05 3.69e-05 8.97e-05 7.51e-05 0.0001732 3.93e-05 5.83e-05 0.00014165 0.00014255 0.0001328 3.725e-05 9.98e-05 8.98e-05 5.86e-05 6.59e-05 0.0001379 0.00013795 0.0001417 3.635e-05 0.00010015 3.575e-05 0.000118 0.00011965 0.00015025 8.85e-05 0.00011805 3.755e-05 6.755e-05 0.00013885 0.00017505 0.00012225 0.00011805 0.00010995 9.995e-05 5.915e-05 5.84e-05 0.00014255 3.735e-05 8.46e-05 0.00010205 0.0001749 0.00014175 0.0001121
6 6.22e-05 0.0002194 0.0001343 0.0002194 0.0001871 8.52e-05 0.0001026 0.0001371 0.00015925 0.00012345 6.02e-05 5.165e-05 8.475e-05 0.00017 0.0001371 5.37e-05 8.39e-05 0.000211 5.35e-05 0.00013745 0.0001376 5.13e-05 9.125e-05 0.00016535 0.00015955 0.00015905 0.0001378 0.00022265 0.0002086 0.000211 0.00014515 0.00021105 0.0002521 0.0002227 0.0001754 8.235e-05 6.075e-05 0.0002303 7.26e-05 5.23e-05 0.0002196 0.00019135 5.35e-05 0.00022205 0.00013825 0.00015175 6.77e-05 8.22e-05 0.0001534 5.185e-05 0.000273 0.0001254 0.00013735 5.36e-05 0.0001457 0.0001312 0.000222 5.365e-05 0.0001062 0.00022255 0.00022305 0.00021255 5.27e-05 6.6e-05 0.0001376 0.000106 0.00014555 0.0001369 0.000137 0.00022265 5.175e-05 7.495e-05 5.24e-05 0.00016685 0.0001355 0.0001748 0.00013795 0.00013415 6.045e-05 8.21e-05 0.00013745 0.00023035 0.0001449 0.0001983 0.0001583 6.645e-05 0.0001067 0.0001056 0.000223 5.28e-05 5.165e-05 0.00015755 0.00023025 0.0002227 0.00019185
7 8.975e-05 0.00017 8.965e-05 0.0001702 0.00017045 8.9e-05 0.0001371 0.0001749 0.0001106 8.95e-05 0.0001387 8.795e-05 8.85e-05 8.83e-05 8.81e-05 8.98e-05 8.95e-05 8.835e-05 9.02e-05 8.835e-05 8.92e-05 0.000137 0.0001381 8.91e-05 0.00011145 0.0001591 8.95e-05 8.96e-05 8.925e-05 8.795e-05 8.825e-05 8.8e-05 0.00020375 8.745e-05 0.0002057 0.00011945 8.98e-05 0.000174 0.0001089 8.94e-05 0.0001701 8.87e-05 9.005e-05 8.865e-05 9e-05 0.00013705 8.905e-05 0.00016885 0.0001755 0.0001385 0.00022425 0.00013755 8.785e-05 9.04e-05 9e-05 8.97e-05 0.0001724 9.16e-05 8.85e-05 8.78e-05 8.91e-05 0.0001108 8.945e-05 0.00013705 8.93e-05 8.91e-05 8.98e-05 0.00013735 0.00013705 8.75e-05 8.79e-05 0.0001385 8.86e-05 0.0001174 0.0001721 0.00020365 8.87e-05 0.0001703 9.06e-05 0.0001192 0.0001387 0.00017445 0.00017425 0.00011075 0.00010885 0.00013725 8.97e-05 8.87e-05 8.945e-05 8.955e-05 0.0001363 0.000113 0.00017395 8.745e-05 9.035e-05
8 0.00011135 0.0001924 0.00011135 0.0001924 0.0001922 0.00011005 0.00015925 0.0001106 0.0002183 0.0001106 0.00015995 0.00011025 0.000111 0.00011085 0.00011065 0.00011165 0.00011155 0.00011065 0.00011185 0.0001108 0.0001113 0.00015915 0.0001599 0.00011135 0.0001108 0.0001585 0.0001107 0.0001111 0.00011065 0.00011065 0.0001108 0.0001107 0.00021095 0.00011065 0.000217 0.000141 0.00011125 0.0001866 0.00011725 0.00011155 0.0001926 0.00011125 0.00011125 0.00011075 0.00011035 0.0001594 0.00011105 0.0001898 0.0001871 0.00016005 0.00020985 0.0001594 0.0001107 0.00011085 0.00011135 0.00011095 0.0001942 0.0001128 0.0001109 0.0001105 0.000111 0.00011045 0.00011135 0.0001592 0.00011095 0.00011085 0.0001118 0.0001592 0.0001593 0.0001106 0.00011065 0.0001598 0.0001099 0.0001393 0.0001932 0.00021105 0.0001099 0.00019255 0.000112 0.0001409 0.00015975 0.00018665 0.0001866 0.0001106 0.0001174 0.0001593 0.00011085 0.00011105 0.00011095 0.00011145 0.00015865 0.0001344 0.00018655 0.00011065 0.0001111
9 7.55e-05 0.00017045 7.845e-05 0.00017045 0.00015505 7.545e-05 0.00012345 8.95e-05 0.0001106 0.0001456 0.0001239 7.395e-05 7.53e-05 8.93e-05 8.975e-05 7.62e-05 7.54e-05 9.235e-05 7.58e-05 8.99e-05 7.535e-05 0.00012335 0.00012375 7.835e-05 0.00011085 0.0001585 8.795e-05 0.00010325 8.835e-05 9.215e-05 8.945e-05 9.22e-05 0.0002026 0.0001037 0.00019 0.00010485 7.47e-05 0.00017465 9.555e-05 7.54e-05 0.00017055 8.945e-05 7.575e-05 0.00010365 8.935e-05 0.00015215 7.53e-05 0.0001531 0.00016075 0.00012335 0.00022375 0.0001262 8.96e-05 7.645e-05 8.915e-05 7.405e-05 0.00017225 7.585e-05 7.545e-05 0.00010375 0.0001032 0.00011005 7.585e-05 0.0001378 8.9e-05 7.55e-05 7.55e-05 0.00013775 0.00013765 0.00010365 7.54e-05 0.0001264 7.56e-05 0.0001173 0.00015625 0.00018915 8.99e-05 0.00015635 7.56e-05 0.00010475 0.00013725 0.0001749 0.0001605 0.00011055 0.00010985 0.00012615 7.385e-05 7.51e-05 0.00010335 7.595e-05 0.00012315 0.00010085 0.0001746 0.0001037 8.93e-05
10 6.365e-05 0.0002191 0.00012525 0.0002191 0.0001878 8.56e-05 6.02e-05 0.0001387 0.00015995 0.0001239 0.0001169 6.115e-05 8.58e-05 0.00016225 0.00013875 6.09e-05 9.23e-05 0.0002036 6.23e-05 0.0001389 0.0001383 6.015e-05 9.115e-05 0.00015795 0.0001591 0.00015895 0.0001384 0.00021535 0.00020115 0.0002036 0.00013755 0.00020365 0.00025185 0.00021535 0.0001819 9.115e-05 5.99e-05 0.00022945 8.17e-05 6.115e-05 0.0002193 0.0001837 6.225e-05 0.0002144 0.0001391 0.00015165 5.985e-05 8.945e-05 0.0001511 5.915e-05 0.0002726 0.00012525 0.0001388 6.14e-05 0.00013815 0.0001235 0.00022165 6.105e-05 0.00010765 0.0002152 0.00021575 0.0002048 6.115e-05 7.485e-05 0.0001391 0.00010705 0.0001379 0.0001368 0.0001369 0.0002153 6.215e-05 7.33e-05 6.2e-05 0.0001666 0.0001426 0.00017285 0.00013875 0.00014265 5.89e-05 9.105e-05 0.0001374 0.0002295 0.00015285 0.00019085 0.00015845 7.51e-05 0.0001069 0.0001069 0.0002157 6.125e-05 6.145e-05 0.00015655 0.0002294 0.00021535 0.0001841
11 1.345e-05 0.00017055 8.58e-05 0.00017055 0.0001377 3.61e-05 5.165e-05 8.795e-05 0.00011025 7.395e-05 6.115e-05 3.1e-06 3.555e-05 0.0001214 8.8e-05 4.6e-06 3.605e-05 0.00016245 4.45e-06 8.83e-05 8.94e-05 5.155e-05 9.245e-05 0.00011715 0.0001115 0.000159 8.83e-05 0.00017395 0.00016005 0.00016245 9.65e-05 0.0001625 0.0002033 0.00017415 0.00012805 3.425e-05 1.13e-05 0.0001819 2.365e-05 3.7e-06 0.00017075 0.000143 4.65e-06 0.0001734 8.895e-05 0.0001526 1.895e-05 8.41e-05 0.00010505 5.325e-05 0.0002245 0.00012625 8.82e-05 5e-06 9.68e-05 8.255e-05 0.00017345 6.05e-06 5.735e-05 0.000174 0.00017425 0.00016425 4e-06 6.625e-05 8.82e-05 5.725e-05 9.755e-05 0.00013775 0.00013785 0.0001741 2e-06 7.575e-05 2.75e-06 0.00011805 8.7e-05 0.0001263 8.89e-05 8.47e-05 1.28e-05 3.4e-05 0.00013805 0.00018195 9.59e-05 0.00015015 0.00010995 6.66e-05 5.77e-05 5.665e-05 0.0001742 4.1e-06 5.035e-05 0.00010915 0.00018185 0.00017415 0.0001437
12 3.71e-05 0.00017045 7.79e-05 0.0001705 0.00013945 3.595e-05 8.475e-05 8.85e-05 0.000111 7.53e-05 8.58e-05 3.555e-05 6.97e-05 8.835e-05 8.86e-05 3.685e-05 5.855e-05 0.00013 3.735e-05 8.855e-05 7.98e-05 8.465e-05 9.255e-05 8.47e-05 0.00011185 0.0001595 8.955e-05 0.00014215 0.000128 0.00012995 8.845e-05 0.00013 0.0002034 0.00014165 0.0001535 6.69e-05 3.68e-05 0.00017485 5.655e-05 3.66e-05 0.00017065 0.00011115 3.735e-05 0.0001416 9e-05 0.00015265 3.535e-05 0.00011665 0.0001226 8.605e-05 0.0002243 0.0001263 8.85e-05 3.8e-05 8.94e-05 7.49e-05 0.0001731 3.905e-05 5.76e-05 0.00014155 0.00014235 0.0001327 3.675e-05 9.935e-05 8.895e-05 5.79e-05 6.575e-05 0.00013785 0.0001379 0.0001416 3.535e-05 0.00010035 3.59e-05 0.0001178 0.0001195 0.0001504 8.94e-05 0.0001174 3.765e-05 6.705e-05 0.0001387 0.00017495 0.00012165 0.000118 0.0001098 9.94e-05 5.9e-05 5.785e-05 0.00014235 3.695e-05 8.365e-05 0.00010195 0.0001748 0.00014165 0.00011205
13 0.0001135 0.00016885 8.075e-05 0.00016865 0.0001705 8.855e-05 0.00017 8.83e-05 0.00011085 8.93e-05 0.00016225 0.0001214 8.835e-05 0.0001082 8.865e-05 0.0001221 0.00011145 5.485e-05 0.0001231 8.87e-05 7.925e-05 0.0001699 0.00013705 5.56e-05 0.00011075 0.00015855 8.93e-05 5.655e-05 5.61e-05 5.465e-05 7.985e-05 5.47e-05 0.00020265 5.45e-05 0.00023005 0.0001522 0.0001139 0.00016615 0.00014175 0.00012215 0.00016895 5.605e-05 0.00012285 5.57e-05 9.04e-05 0.0001363 0.0001053 0.0002002 0.00019205 0.00016985 0.000223 0.00013645 8.84e-05 0.000123 8.18e-05 8.14e-05 0.00017125 0.0001231 8.88e-05 5.455e-05 5.62e-05 7.805e-05 0.00012235 0.00016995 9e-05 8.995e-05 5.685e-05 0.0001363 0.0001362 5.445e-05 0.0001222 0.000162 0.00012245 0.00011615 0.0002033 0.0002268 8.855e-05 0.00020275 0.00011415 0.0001521 0.000138 0.0001664 0.0002 7.75e-05 0.00010805 0.00016995 8.97e-05 8.97e-05 5.635e-05 0.00012245 0.0001702 0.0001047 0.0001661 5.45e-05 5.77e-05
14 8.96e-05 0.0001705 8.955e-05 0.0001705 0.0001705 8.91e-05 0.0001371 8.81e-05 0.00011065 8.975e-05 0.00013875 8.8e-05 8.86e-05 8.865e-05 0.000175 8.985e-05 8.955e-05 8.81e-05 9.025e-05 8.825e-05 8.925e-05 0.00013705 0.00013795 8.88e-05 0.0001115 0.00015915 8.935e-05 8.95e-05 8.935e-05 8.83e-05 8.875e-05 8.835e-05 0.00020365 8.85e-05 0.00020585 0.0001197 8.985e-05 0.0001744 0.0001088 8.945e-05 0.0001707 8.93e-05 9.01e-05 8.86e-05 9.005e-05 0.00013765 8.91e-05 0.0001691 0.00017545 0.00013855 0.00022415 0.00013745 8.835e-05 9.045e-05 9.005e-05 8.995e-05 0.0001731 9.165e-05 8.835e-05 8.815e-05 8.96e-05 0.00011085 8.95e-05 0.0001371 8.935e-05 8.915e-05 8.965e-05 0.00013725 0.00013755 8.845e-05 8.795e-05 0.0001386 8.865e-05 0.0001179 0.00017235 0.00020355 8.9e-05 0.00017045 9.065e-05 0.00011945 0.00013875 0.00017425 0.0001742 0.0001106 0.0001093 0.00013735 8.995e-05 8.875e-05 8.935e-05 8.96e-05 0.0001363 0.0001131 0.00017435 8.85e-05 9.02e-05
15 1.51e-05 0.0001714 8.535e-05 0.0001714 0.0001403 3.72e-05 5.37e-05 8.98e-05 0.00011165 7.62e-05 6.09e-05 4.6e-06 3.685e-05 0.0001221 8.985e-05 7.9e-06 3.8e-05 0.00016345 6.4e-06 8.99e-05 9.065e-05 5.36e-05 9.365e-05 0.00011815 0.0001123 0.00016015 9.055e-05 0.00017525 0.0001611 0.00016345 9.7e-05 0.0001635 0.00020415 0.00017515 0.00012955 3.61e-05 1.22e-05 0.00018315 2.58e-05 5.85e-06 0.0001716 0.00014385 6.4e-06 0.00017425 9.065e-05 0.0001538 1.895e-05 8.555e-05 0.000105 5.5e-05 0.00022505 0.00012745 8.96e-05 6.2e-06 9.76e-05 8.31e-05 0.0001739 7.95e-06 5.895e-05 0.000175 0.00017555 0.0001651 5.4e-06 6.83e-05 9.01e-05 5.845e-05 9.84e-05 0.00013895 0.00013905 0.0001751 4.25e-06 7.565e-05 4.75e-06 0.0001189 8.81e-05 0.00012525 9.03e-05 8.595e-05 1.295e-05 3.61e-05 0.00013955 0.0001832 9.76e-05 0.00015115 0.00011125 6.825e-05 5.94e-05 5.835e-05 0.0001755 5.3e-06 5.265e-05 0.00011035 0.0001831 0.00017515 0.00014435
16 4.585e-05 0.000171 8.625e-05 0.000171 0.0001385 5.895e-05 8.39e-05 8.95e-05 0.00011155 7.54e-05 9.23e-05 3.605e-05 5.855e-05 0.00011145 8.955e-05 3.8e-05 6.89e-05 0.00013095 3.69e-05 8.975e-05 5.67e-05 8.38e-05 0.00010545 9.945e-05 0.0001113 0.0001592 8.975e-05 0.0001423 0.00012855 0.00013095 9.695e-05 0.000131 0.0002037 0.00014265 0.0001589 6.645e-05 4.47e-05 0.000182 5.68e-05 3.565e-05 0.0001712 0.00011085 3.77e-05 0.0001418 9.025e-05 0.0001518 5.135e-05 0.00011405 0.0001371 8.295e-05 0.0002249 0.00012545 8.965e-05 3.76e-05 9.725e-05 8.3e-05 0.00017385 3.625e-05 5.83e-05 0.0001425 0.00014275 0.0001321 3.675e-05 9.85e-05 8.965e-05 5.815e-05 7.92e-05 0.00013695 0.00013705 0.0001426 3.65e-05 0.00010705 3.7e-05 0.00011845 0.00011845 0.00015865 9.02e-05 0.0001181 4.395e-05 6.63e-05 0.00013725 0.00018205 0.00012895 0.00013245 0.00011005 9.89e-05 5.845e-05 5.755e-05 0.0001427 3.685e-05 8.48e-05 0.00010925 0.00018195 0.00014265 0.00011165
17 0.00015405 0.0001692 8.035e-05 0.0001691 0.00019 0.0001301 0.000211 8.835e-05 0.00011065 9.235e-05 0.0002036 0.00016245 0.00013 5.485e-05 8.81e-05 0.00016345 0.00013095 2.4e-05 0.0001642 8.795e-05 7.72e-05 0.0002109 0.00017055 4.735e-05 0.00011055 0.00015835 8.905e-05 1.535e-05 1.735e-05 1.285e-05 8.04e-05 1.29e-05 0.0002029 1.35e-05 0.00027095 0.0001934 0.00015535 0.0001659 0.00018245 0.0001632 0.0001694 3.45e-05 0.00016385 1.41e-05 9.06e-05 0.0001333 0.0001474 0.0002413 0.0002332 0.0002108 0.00022285 0.0001356 8.845e-05 0.0001639 8.255e-05 8.5e-05 0.00017175 0.00016415 0.0001076 1.275e-05 1.545e-05 5.635e-05 0.00016335 0.000208 9.03e-05 0.0001094 6.885e-05 0.00013545 0.00013615 1.345e-05 0.0001633 0.00018855 0.00016345 0.00011655 0.0002448 0.0002682 8.86e-05 0.00024425 0.00015555 0.0001933 0.0001382 0.00016515 0.0002408 6.99e-05 0.0001077 0.00019615 0.0001093 0.0001092 1.48e-05 0.00016345 0.0002112 0.00010405 0.00016585 1.35e-05 3.58e-05
18 1.41e-05 0.0001723 8.735e-05 0.0001723 0.0001398 3.82e-05 5.35e-05 9.02e-05 0.00011185 7.58e-05 6.23e-05 4.45e-06 3.735e-05 0.0001231 9.025e-05 6.4e-06 3.69e-05 0.0001642 8e-06 9.02e-05 9.05e-05 5.34e-05 9.315e-05 0.00011825 0.0001119 0.00015975 9.01e-05 0.0001749 0.00016125 0.0001642 9.805e-05 0.00016425 0.00020425 0.0001759 0.00012855 3.51e-05 1.345e-05 0.0001834 2.58e-05 4.85e-06 0.0001725 0.0001443 5.85e-06 0.0001749 9.035e-05 0.00015395 2.03e-05 8.445e-05 0.00010635 5.39e-05 0.00022565 0.0001276 9.02e-05 6.35e-06 9.76e-05 8.355e-05 0.0001746 5.25e-06 5.905e-05 0.00017575 0.00017525 0.000165 5.1e-06 6.81e-05 8.93e-05 5.865e-05 9.82e-05 0.0001391 0.0001392 0.00017585 4.5e-06 7.695e-05 5.05e-06 0.00011905 8.71e-05 0.0001278 9.105e-05 8.67e-05 1.395e-05 3.525e-05 0.00013865 0.00018345 9.765e-05 0.0001507 0.0001116 6.825e-05 5.9e-05 5.845e-05 0.0001752 5.3e-06 5.27e-05 0.0001102 0.00018335 0.0001759 0.00014445
19 8.955e-05 0.0001706 8.955e-05 0.00017055 0.00017065 8.925e-05 0.00013745 8.835e-05 0.0001108 8.99e-05 0.0001389 8.83e-05 8.855e-05 8.87e-05 8.825e-05 8.99e-05 8.975e-05 8.795e-05 9.02e-05 0.0001753 8.945e-05 0.00013735 0.000138 8.87e-05 0.00011165 0.0001593 8.95e-05 8.95e-05 8.93e-05 8.825e-05 8.885e-05 8.83e-05 0.0002038 8.855e-05 0.000206 0.00011965 9e-05 0.0001745 0.0001091 8.94e-05 0.0001708 8.94e-05 8.975e-05 8.855e-05 9.02e-05 0.00013775 8.925e-05 0.00016925 0.0001756 0.0001387 0.0002243 0.00013745 8.835e-05 9.06e-05 9.01e-05 9.01e-05 0.0001732 9.18e-05 8.825e-05 8.805e-05 8.97e-05 0.000111 8.945e-05 0.0001374 8.93e-05 8.91e-05 8.97e-05 0.0001372 0.00013765 8.85e-05 8.815e-05 0.0001387 8.86e-05 0.000118 0.0001725 0.0002037 8.905e-05 0.0001705 9.08e-05 0.00011975 0.0001389 0.00017425 0.00017425 0.00011065 0.0001094 0.00013735 9.01e-05 8.905e-05 8.93e-05 8.965e-05 0.0001364 0.0001131 0.00017445 8.855e-05 9.035e-05
20 9.07e-05 0.00017085 7.825e-05 0.00017085 0.00013835 8.02e-05 0.0001376 8.92e-05 0.0001113 7.535e-05 0.0001383 8.94e-05 7.98e-05 7.925e-05 8.925e-05 9.065e-05 5.67e-05 7.72e-05 9.05e-05 8.945e-05 4.68e-05 0.0001375 0.0001209 6.09e-05 0.00011085 0.0001592 8.97e-05 8.855e-05 7.485e-05 7.72e-05 8.915e-05 7.725e-05 0.0002036 8.89e-05 0.00020555 0.0001201 9.035e-05 0.0001747 0.0001099 8.995e-05 0.00017105 5.63e-05 9.07e-05 8.745e-05 9.005e-05 0.00015205 8.95e-05 0.00016825 0.00017555 0.0001378 0.00022475 0.0001257 8.935e-05 9.055e-05 8.955e-05 7.525e-05 0.00017365 9.05e-05 5.79e-05 8.875e-05 8.91e-05 7.76e-05 8.97e-05 0.0001522 8.945e-05 5.735e-05 3.985e-05 0.0001372 0.0001373 8.885e-05 8.965e-05 0.0001531 9.015e-05 0.00011835 0.0001723 0.0002042 8.99e-05 0.0001714 9.005e-05 0.00011995 0.0001376 0.00017475 0.0001751 9.395e-05 0.0001097 0.00015265 5.745e-05 5.635e-05 8.905e-05 8.98e-05 0.000138 0.0001019 0.00017465 8.89e-05 5.745e-05
21 6.21e-05 0.0002193 0.0001342 0.0002193 0.000187 8.51e-05 5.13e-05 0.000137 0.00015915 0.00012335 6.015e-05 5.155e-05 8.465e-05 0.0001699 0.00013705 5.36e-05 8.38e-05 0.0002109 5.34e-05 0.00013735 0.0001375 0.0001024 9.115e-05 0.00016525 0.00015945 0.00015895 0.0001377 0.00022255 0.0002085 0.0002109 0.00014505 0.00021095 0.000252 0.0002226 0.0001753 8.225e-05 6.065e-05 0.0002302 7.25e-05 5.22e-05 0.0002195 0.00019125 5.34e-05 0.00022195 0.00013815 0.00015165 6.76e-05 8.21e-05 0.0001533 5.175e-05 0.0002729 0.0001253 0.00013725 5.35e-05 0.0001456 0.0001311 0.0002219 5.355e-05 0.0001061 0.00022245 0.00022295 0.00021245 5.26e-05 6.59e-05 0.0001375 0.0001059 0.00014545 0.0001368 0.0001369 0.00022255 5.165e-05 7.485e-05 5.23e-05 0.00016675 0.0001354 0.0001747 0.00013785 0.00013405 6.035e-05 8.2e-05 0.00013735 0.00023025 0.0001448 0.0001982 0.0001582 6.635e-05 0.0001066 0.0001055 0.0002229 5.27e-05 5.16e-05 0.00015745 0.00023015 0.0002226 0.00019175
22 9.235e-05 0.00021885 0.00012605 0.0002188 0.00018745 9.26e-05 9.125e-05 0.0001381 0.0001599 0.00012375 9.115e-05 9.245e-05 9.255e-05 0.00013705 0.00013795 9.365e-05 0.00010545 0.00017055 9.315e-05 0.000138 0.0001209 9.115e-05 0.0001783 0.0001241 0.00015895 0.0001586 0.00013785 0.00018295 0.0001688 0.00017085 0.0001376 0.0001709 0.0002517 0.00018285 0.0002063 0.00012205 9.265e-05 0.00022235 0.00011235 9.17e-05 0.00021905 0.0001518 9.335e-05 0.0001824 0.00013915 0.00015075 9.245e-05 0.00012005 0.00017735 8.94e-05 0.00027235 0.0001241 0.0001382 9.31e-05 0.0001386 0.000124 0.0002214 9.15e-05 0.0001066 0.0001824 0.00018365 0.0001732 9.26e-05 0.00010585 0.0001389 0.0001071 0.0001049 0.0001356 0.000136 0.0001828 9.345e-05 0.0001059 9.355e-05 0.00016625 0.00017365 0.00020585 0.00013835 0.0001743 9.14e-05 0.00012195 0.0001369 0.0002221 0.00017765 0.00015755 0.0001572 0.0001062 0.0001069 0.0001069 0.0001833 9.27e-05 9.29e-05 0.0001492 0.0002223 0.00018285 0.0001523
23 0.0001081 0.00016995 6.925e-05 0.00016985 0.0001592 8.48e-05 0.00016535 8.91e-05 0.00011135 7.835e-05 0.00015795 0.00011715 8.47e-05 5.56e-05 8.88e-05 0.00011815 9.945e-05 4.735e-05 0.00011825 8.87e-05 6.09e-05 0.00016525 0.0001241 7.08e-05 0.00011095 0.00015875 8.945e-05 6.14e-05 4.94e-05 4.785e-05 8.115e-05 4.79e-05 0.0002033 6.03e-05 0.0002251 0.00014775 0.00011005 0.00016645 0.0001369 0.0001172 0.00017015 4.975e-05 0.0001183 6.05e-05 9.1e-05 0.00014835 0.0001021 0.0001953 0.0001877 0.00016445 0.00022355 0.00012415 8.92e-05 0.0001183 8.295e-05 7.1e-05 0.0001725 0.00011785 7.705e-05 5.955e-05 6.19e-05 7.155e-05 0.00011775 0.000177 9.07e-05 7.86e-05 3.72e-05 0.00013585 0.00013655 6.025e-05 0.000118 0.00015775 0.00011815 0.0001173 0.00019885 0.0002229 8.935e-05 0.00019895 0.0001099 0.00014765 0.00013825 0.0001659 0.0001953 6.975e-05 0.0001082 0.00016535 7.85e-05 7.84e-05 6.125e-05 0.00011785 0.0001659 9.275e-05 0.0001664 6.03e-05 5.07e-05
24 0.00011185 0.00019225 0.00011105 0.00019225 0.0001921 0.0001117 0.00015955 0.00011145 0.0001108 0.00011085 0.0001591 0.0001115 0.00011185 0.00011075 0.0001115 0.0001123 0.0001113 0.00011055 0.0001119 0.00011165 0.00011085 0.00015945 0.00015895 0.00011095 0.0002179 0.00015815 0.000111 0.0001109 0.0001105 0.00011055 0.0001109 0.0001106 0.0002108 0.00011055 0.0002162 0.00014135 0.00011135 0.0001863 0.0001179 0.000112 0.00019245 0.00011055 0.0001118 0.00011035 0.0001118 0.00015875 0.00011135 0.00018865 0.0001866 0.000159 0.0002097 0.00015875 0.00011155 0.0001108 0.0001114 0.000111 0.00019405 0.0001114 0.00011135 0.0001104 0.00011085 0.0001097 0.00011085 0.0001595 0.00011175 0.0001111 0.0001108 0.00015855 0.00015865 0.0001105 0.00011245 0.00015905 0.00011235 0.00013915 0.0001924 0.00021075 0.00011155 0.00019335 0.0001112 0.00014125 0.00015905 0.00018635 0.00018725 0.00011015 0.0001171 0.0001597 0.00011055 0.0001113 0.0001108 0.00011085 0.00016005 0.0001341 0.00018625 0.00011055 0.0001104
25 0.0001595 0.00024005 0.00015905 0.00024005 0.00024 0.0001594 0.00015905 0.0001591 0.0001585 0.0001585 0.00015895 0.000159 0.0001595 0.00015855 0.00015915 0.00016015 0.0001592 0.00015835 0.00015975 0.0001593 0.0001592 0.00015895 0.0001586 0.00015875 0.00015815 0.0003135 0.00015865 0.0001587 0.0001583 0.00015835 0.0001587 0.0001584 0.0002586 0.00015835 0.0002642 0.00018905 0.0001592 0.00023425 0.0001658 0.0001595 0.00024025 0.00015865 0.0001597 0.0001582 0.0001595 0.0001584 0.00015915 0.00018835 0.00023475 0.0001585 0.0002575 0.0001584 0.0001592 0.0001599 0.0001592 0.0001588 0.00024185 0.00015945 0.00015935 0.0001582 0.00015865 0.0001578 0.00015955 0.000159 0.0001594 0.00015905 0.0001589 0.0001582 0.0001583 0.0001583 0.00015995 0.0001588 0.0001599 0.00018695 0.00024035 0.00025875 0.00015925 0.000241 0.00015925 0.00018895 0.0001587 0.0002343 0.00023505 0.00015795 0.00016515 0.0001591 0.0001585 0.00015925 0.0001586 0.00015965 0.00015935 0.00018205 0.0002342 0.00015835 0.0001585
26 8.945e-05 0.00017055 8.995e-05 0.00017055 0.0001693 8.975e-05 0.0001378 8.95e-05 0.0001107 8.795e-05 0.0001384 8.83e-05 8.955e-05 8.93e-05 8.935e-05 9.055e-05 8.975e-05 8.905e-05 9.01e-05 8.95e-05 8.97e-05 0.0001377 0.00013785 8.945e-05 0.000111 0.00015865 0.0001745 8.845e-05 8.865e-05 8.925e-05 8.95e-05 8.93e-05 0.0002023 8.945e-05 0.0002047 0.00011955 8.9e-05 0.00017465 0.00010965 8.975e-05 0.00017075 8.955e-05 9.01e-05 8.895e-05 8.925e-05 0.00013785 8.965e-05 0.0001679 0.00017515 0.0001378 0.00022365 0.00013765 8.96e-05 9.085e-05 8.905e-05 8.905e-05 0.0001727 9.025e-05 8.945e-05 8.91e-05 8.88e-05 0.0001102 9.02e-05 0.00013775 8.885e-05 8.985e-05 8.96e-05 0.00013745 0.00013775 8.94e-05 8.965e-05 0.00013825 8.99e-05 0.00011735 0.00017105 0.0002034 8.995e-05 0.0001708 9.01e-05 0.00011945 0.0001372 0.0001745 0.00017475 0.00011035 0.0001097 0.00013785 8.87e-05 8.945e-05 8.855e-05 9.03e-05 0.0001375 0.00011265 0.0001746 8.945e-05 8.885e-05
27 0.0001655 0.0001702 9.375e-05 0.00017015 0.0002011 0.00014235 0.00022265 8.96e-05 0.0001111 0.00010325 0.00021535 0.00017395 0.00014215 5.655e-05 8.95e-05 0.00017525 0.0001423 1.535e-05 0.0001749 8.95e-05 8.855e-05 0.00022255 0.00018295 6.14e-05 0.0001109 0.0001587 8.845e-05 5.7e-06 1.83e-05 1.565e-05 8.17e-05 1.57e-05 0.00020175 4.25e-06 0.000282 0.00020445 0.0001669 0.00016715 0.0001944 0.00017465 0.0001704 3.545e-05 0.0001748 3.75e-06 8.925e-05 0.00012275 0.00015925 0.00025225 0.00024505 0.00022215 0.0002235 0.0001488 8.97e-05 0.00017575 8.115e-05 9.62e-05 0.0001724 0.0001745 0.00012045 3.8e-06 3.5e-06 5.64e-05 0.0001751 0.00020795 8.9e-05 0.00012115 8.105e-05 0.0001369 0.0001373 4.2e-06 0.00017505 0.0002004 0.0001753 0.0001166 0.00025565 0.00028035 9e-05 0.00025575 0.00016705 0.00020435 0.00013665 0.0001669 0.00025255 7.1e-05 0.00010915 0.0002079 0.00012015 0.00012065 3.15e-06 0.0001752 0.00022295 0.0001167 0.0001671 4.25e-06 3.55e-05
28 0.0001513 0.00017 8.17e-05 0.00016995 0.0001875 0.0001281 0.0002086 8.925e-05 0.00011065 8.835e-05 0.00020115 0.00016005 0.000128 5.61e-05 8.935e-05 0.0001611 0.00012855 1.735e-05 0.00016125 8.93e-05 7.485e-05 0.0002085 0.0001688 4.94e-05 0.0001105 0.0001583 8.865e-05 1.83e-05 3.42e-05 1.745e-05 8.13e-05 1.75e-05 0.0002026 1.76e-05 0.00026745 0.00018995 0.0001529 0.00016675 0.00018035 0.0001608 0.0001701 3.535e-05 0.00016085 1.83e-05 9.01e-05 0.0001368 0.0001451 0.00023775 0.0002308 0.0002083 0.00022305 0.0001369 8.935e-05 0.00016155 8.205e-05 8.11e-05 0.0001715 0.0001611 0.00010605 1.73e-05 1.815e-05 5.63e-05 0.000161 0.0002083 8.98e-05 0.00010705 6.715e-05 0.0001367 0.00013695 1.755e-05 0.000161 0.00018885 0.00016115 0.00011675 0.00024125 0.00026605 8.955e-05 0.00024175 0.0001531 0.00018985 0.0001376 0.0001667 0.00023845 7.055e-05 0.0001088 0.0001965 0.00010575 0.00010685 1.795e-05 0.0001611 0.0002088 0.0001043 0.0001667 1.76e-05 3.545e-05
29 0.00015425 0.0001688 8.055e-05 0.00016895 0.00019 0.00013005 0.000211 8.795e-05 0.00011065 9.215e-05 0.0002036 0.00016245 0.00012995 5.465e-05 8.83e-05 0.00016345 0.00013095 1.285e-05 0.0001642 8.825e-05 7.72e-05 0.0002109 0.00017085 4.785e-05 0.00011055 0.00015835 8.925e-05 1.565e-05 1.745e-05 2.52e-05 8e-05 1.27e-05 0.00020305 1.27e-05 0.00027085 0.0001932 0.00015535 0.0001656 0.0001826 0.0001632 0.0001689 3.41e-05 0.00016385 1.44e-05 9.06e-05 0.0001329 0.0001474 0.0002411 0.0002333 0.0002108 0.000223 0.0001358 8.8e-05 0.0001639 8.255e-05 8.48e-05 0.00017115 0.00016415 0.00010785 1.265e-05 1.505e-05 5.635e-05 0.00016335 0.000208 9.03e-05 0.0001094 6.915e-05 0.00013575 0.00013575 1.26e-05 0.0001633 0.00018855 0.00016345 0.00011615 0.0002446 0.00026835 8.845e-05 0.00024415 0.00015555 0.0001931 0.0001382 0.00016575 0.0002409 7.02e-05 0.00010745 0.00019615 0.0001091 0.0001092 1.51e-05 0.00016345 0.0002112 0.00010405 0.00016555 1.27e-05 3.6e-05
30 9.025e-05 0.00016915 8.105e-05 0.00016935 0.00017055 8.865e-05 0.00014515 8.825e-05 0.0001108 8.945e-05 0.00013755 9.65e-05 8.845e-05 7.985e-05 8.875e-05 9.7e-05 9.695e-05 8.04e-05 9.805e-05 8.885e-05 8.915e-05 0.00014505 0.0001376 8.115e-05 0.0001109 0.0001587 8.95e-05 8.17e-05 8.13e-05 8e-05 0.0001591 8.005e-05 0.0002029 7.965e-05 0.00021175 0.00012735 8.915e-05 0.00017265 0.00011705 9.73e-05 0.00016925 8.08e-05 9.805e-05 8.065e-05 9.02e-05 0.00013665 7.965e-05 0.00017575 0.0001735 0.0001454 0.0002234 0.000137 8.835e-05 9.795e-05 8.135e-05 8.095e-05 0.00017155 9.845e-05 8.9e-05 7.99e-05 8.12e-05 0.0001028 9.73e-05 0.0001451 8.98e-05 8.95e-05 8.18e-05 0.00013685 0.00013655 7.96e-05 9.695e-05 0.0001373 9.72e-05 0.00011655 0.0001787 0.00020215 8.89e-05 0.00017785 8.945e-05 0.00012725 0.0001382 0.0001731 0.0001813 0.00010285 0.00010855 0.0001451 8.96e-05 8.925e-05 8.155e-05 9.74e-05 0.00014525 0.0001115 0.0001726 7.965e-05 8.235e-05
31 0.0001543 0.00016885 8.06e-05 0.000169 0.00019005 0.0001301 0.00021105 8.8e-05 0.0001107 9.22e-05 0.00020365 0.0001625 0.00013 5.47e-05 8.835e-05 0.0001635 0.000131 1.29e-05 0.00016425 8.83e-05 7.725e-05 0.00021095 0.0001709 4.79e-05 0.0001106 0.0001584 8.93e-05 1.57e-05 1.75e-05 1.27e-05 8.005e-05 2.53e-05 0.0002031 1.275e-05 0.0002709 0.00019325 0.0001554 0.00016565 0.00018265 0.00016325 0.00016895 3.415e-05 0.0001639 1.445e-05 9.065e-05 0.00013295 0.00014745 0.00024115 0.00023335 0.00021085 0.00022305 0.00013585 8.81e-05 0.00016395 8.26e-05 8.485e-05 0.0001712 0.0001642 0.0001079 1.27e-05 1.51e-05 5.64e-05 0.0001634 0.00020805 9.035e-05 0.00010945 6.92e-05 0.0001358 0.0001358 1.27e-05 0.00016335 0.0001886 0.0001635 0.0001162 0.00024465 0.0002684 8.85e-05 0.0002442 0.0001556 0.00019315 0.00013825 0.0001658 0.00024095 7.025e-05 0.0001075 0.0001962 0.00010915 0.00010925 1.515e-05 0.0001635 0.00021125 0.0001041 0.0001656 1.275e-05 3.605e-05
32 0.00020395 0.00020225 0.0002034 0.00020225 0.00020255 0.0002036 0.0002521 0.00020375 0.00021095 0.0002026 0.00025185 0.0002033 0.0002034 0.00020265 0.00020365 0.00020415 0.0002037 0.0002029 0.00020425 0.0002038 0.0002036 0.000252 0.0002517 0.0002033 0.0002108 0.0002586 0.0002023 0.00020175 0.0002026 0.00020305 0.0002029 0.0002031 0.000402 0.0002032 0.00023095 0.0002042 0.0002033 0.0002305 0.0002034 0.00020405 0.00020245 0.0002033 0.00020435 0.00020275 0.000203 0.00025165 0.0002027 0.0002521 0.00023065 0.00025165 0.00020885 0.0002515 0.00020385 0.00020515 0.00020195 0.0002026 0.0002027 0.00020395 0.00020375 0.0002029 0.00020205 0.00020995 0.0002045 0.00025205 0.00020275 0.0002041 0.0002034 0.0002513 0.00025155 0.00020315 0.0002044 0.0002517 0.00020465 0.0002021 0.0002029 0.0002026 0.0002042 0.000203 0.00020355 0.0002041 0.0002505 0.0002304 0.0002311 0.00021015 0.00020295 0.00025215 0.0002032 0.0002037 0.00020185 0.0002046 0.00025225 0.0002187 0.00023045 0.0002032 0.00020295
33 0.00016615 0.0001684 9.275e-05 0.0001688 0.0002017 0.00014175 0.0002227 8.745e-05 0.00011065 0.0001037 0.00021535 0.00017415 0.00014165 5.45e-05 8.85e-05 0.00017515 0.00014265 1.35e-05 0.0001759 8.855e-05 8.89e-05 0.0002226 0.00018285 6.03e-05 0.00011055 0.00015835 8.945e-05 4.25e-06 1.76e-05 1.27e-05 7.965e-05 1.275e-05 0.0002032 2e-07 0.00028245 0.0002047 0.0001671 0.0001653 0.00019445 0.0001749 0.0001684 3.36e-05 0.00017555 3e-06 9.06e-05 0.0001207 0.0001592 0.0002526 0.00024515 0.0002225 0.00022315 0.00014795 8.765e-05 0.0001756 8.26e-05 9.64e-05 0.00017055 0.00017585 0.0001198 8.5e-07 2.95e-06 5.635e-05 0.00017505 0.000208 9.03e-05 0.0001211 8.115e-05 0.00013605 0.00013535 1.5e-07 0.000175 0.00020035 0.00017515 0.00011575 0.0002561 0.00028025 8.83e-05 0.00025575 0.0001673 0.0002046 0.0001382 0.00016615 0.0002527 7.05e-05 0.0001071 0.0002079 0.0001206 0.0001209 3.7e-06 0.00017515 0.0002229 0.000116 0.00016525 1e-07 3.62e-05
34 0.00013445 0.00022775 0.00020065 0.00022775 0.000196 0.0001536 0.0001754 0.0002057 0.000217 0.00019 0.0001819 0.00012805 0.0001535 0.00023005 0.00020585 0.00012955 0.0001589 0.00027095 0.00012855 0.000206 0.00020555 0.0001753 0.0002063 0.0002251 0.0002162 0.0002642 0.0002047 0.000282 0.00026745 0.00027085 0.00021175 0.0002709 0.00023095 0.00028245 0.0001657 0.0001059 0.00013485 0.00018285 0.0001325 0.0001279 0.00022785 0.0002512 0.00012855 0.00028215 0.0002059 0.0002669 0.00014115 0.00015245 0.0001123 0.00017415 0.00024195 0.00024065 0.0002058 0.00012895 0.00021185 0.0001968 0.00022565 0.00012715 0.0001746 0.0002824 0.00028235 0.00026205 0.0001284 0.00019 0.0002056 0.00017455 0.0002053 0.00025215 0.00025215 0.0002824 0.00012905 0.00019665 0.0001292 0.00022535 0.00014985 0.00016055 0.00020605 0.0001511 0.00013385 0.0001058 0.00025215 0.00018285 0.000106 0.0002476 0.00020935 0.00019035 0.00017315 0.0001743 0.0002824 0.0001285 0.00017675 0.00019255 0.00018265 0.00028245 0.000251
35 4.37e-05 0.00017365 0.0001168 0.00017365 0.0001416 6.765e-05 8.235e-05 0.00011945 0.000141 0.00010485 9.115e-05 3.425e-05 6.69e-05 0.0001522 0.0001197 3.61e-05 6.645e-05 0.0001934 3.51e-05 0.00011965 0.0001201 8.225e-05 0.00012205 0.00014775 0.00014135 0.00018905 0.00011955 0.00020445 0.00018995 0.0001932 0.00012735 0.00019325 0.0002042 0.0002047 0.0001059 6.74e-05 4.33e-05 0.0001914 5.515e-05 3.455e-05 0.00017375 0.0001736 3.52e-05 0.0002045 0.0001201 0.00018235 5.01e-05 8.22e-05 0.0001148 8.275e-05 0.000225 0.0001562 0.00011945 3.615e-05 0.0001275 0.00011255 0.0001734 3.56e-05 8.84e-05 0.00020475 0.00020465 0.0001943 3.5e-05 9.695e-05 0.00011915 8.825e-05 0.000128 0.0001677 0.0001676 0.00020465 3.42e-05 0.00010585 3.465e-05 0.00014845 8.89e-05 0.00012755 0.0001202 8.84e-05 4.305e-05 3.385e-05 0.00016765 0.00019165 0.0001061 0.00018 0.0001405 9.715e-05 8.81e-05 8.82e-05 0.0002048 3.52e-05 8.23e-05 0.0001389 0.00019135 0.0002047 0.00017365
36 1.515e-05 0.00017055 7.725e-05 0.00017055 0.0001385 3.675e-05 6.075e-05 8.98e-05 0.00011125 7.47e-05 5.99e-05 1.13e-05 3.68e-05 0.0001139 8.985e-05 1.22e-05 4.47e-05 0.00015535 1.345e-05 9e-05 9.035e-05 6.065e-05 9.265e-05 0.00011005 0.00011135 0.0001592 8.9e-05 0.0001669 0.0001529 0.00015535 8.915e-05 0.0001554 0.0002033 0.0001671 0.00013485 4.33e-05 2.06e-05 0.00018135 3.3e-05 1.28e-05 0.00017075 0.00013565 1.365e-05 0.00016605 9.005e-05 0.0001528 1.13e-05 9.165e-05 0.0001029 6.085e-05 0.0002244 0.0001264 8.99e-05 1.31e-05 8.945e-05 7.51e-05 0.0001734 1.37e-05 5.905e-05 0.00016695 0.0001672 0.0001568 1.27e-05 7.535e-05 8.99e-05 5.855e-05 9.02e-05 0.00013795 0.00013805 0.00016705 1.26e-05 7.445e-05 1.26e-05 0.00011805 9.44e-05 0.00012485 9e-05 9.345e-05 1.17e-05 4.32e-05 0.00013825 0.0001814 0.0001041 0.000143 0.0001104 7.55e-05 5.82e-05 5.82e-05 0.00016715 1.28e-05 6.035e-05 0.00010845 0.0001813 0.0001671 0.00013625
37 0.0001803 0.0002241 0.0001735 0.0002243 0.00022485 0.00017495 0.0002303 0.000174 0.0001866 0.00017465 0.00022945 0.0001819 0.00017485 0.00016615 0.0001744 0.00018315 0.000182 0.0001659 0.0001834 0.0001745 0.0001747 0.0002302 0.00022235 0.00016645 0.0001863 0.00023425 0.00017465 0.00016715 0.00016675 0.0001656 0.00017265 0.00016565 0.0002305 0.0001653 0.00018285 0.0001914 0.00018135 0.0003304 0.0001864 0.0001825 0.0002242 0.0001664 0.0001832 0.0001663 0.0001758 0.0002217 0.0001801 0.0002391 0.00017315 0.0002299 0.0002412 0.000222 0.0001741 0.0001832 0.00017435 0.00017395 0.00022465 0.00018315 0.0001745 0.00016545 0.0001668 0.00017855 0.00018265 0.00023025 0.0001755 0.00017515 0.0001671 0.0002218 0.0002216 0.00016525 0.0001828 0.0002293 0.00018295 0.0001943 0.00023305 0.00023665 0.00017455 0.0002329 0.0001814 0.0001913 0.0002232 0.0001658 0.0001742 0.00017835 0.0001778 0.00023035 0.00017475 0.00017495 0.00016705 0.00018275 0.0002306 0.00016665 0.0001654 0.0001653 0.0001677
38 3.405e-05 0.00019145 0.0001062 0.00019145 0.0001594 5.71e-05 7.26e-05 0.0001089 0.00011725 9.555e-05 8.17e-05 2.365e-05 5.655e-05 0.00014175 0.0001088 2.58e-05 5.68e-05 0.00018245 2.58e-05 0.0001091 0.0001099 7.25e-05 0.00011235 0.0001369 0.0001179 0.0001658 0.00010965 0.0001944 0.00018035 0.0001826 0.00011705 0.00018265 0.0002034 0.00019445 0.0001325 5.515e-05 3.3e-05 0.0001864 4.63e-05 2.5e-05 0.00019165 0.0001634 2.51e-05 0.00019395 0.00011025 0.0001729 3.975e-05 0.00010435 0.0001098 7.39e-05 0.0002103 0.0001464 0.00010915 2.6e-05 0.0001177 0.00010325 0.00019405 2.7e-05 7.785e-05 0.00019415 0.0001949 0.0001707 2.5e-05 8.72e-05 0.0001095 7.8e-05 0.00011755 0.0001579 0.00015815 0.0001944 2.355e-05 9.64e-05 2.435e-05 0.00013885 0.00010805 0.0001264 0.00010985 0.00010625 3.36e-05 5.49e-05 0.0001587 0.0001863 0.00010105 0.0001561 0.00010885 8.765e-05 7.89e-05 7.77e-05 0.0001947 2.51e-05 7.195e-05 0.00012925 0.00018635 0.00019445 0.0001637
39 1.385e-05 0.00017135 8.66e-05 0.00017135 0.00013895 3.74e-05 5.23e-05 8.94e-05 0.00011155 7.54e-05 6.115e-05 3.7e-06 3.66e-05 0.00012215 8.945e-05 5.85e-06 3.565e-05 0.0001632 4.85e-06 8.94e-05 8.995e-05 5.22e-05 9.17e-05 0.0001172 0.000112 0.0001595 8.975e-05 0.00017465 0.0001608 0.0001632 9.73e-05 0.00016325 0.00020405 0.0001749 0.0001279 3.455e-05 1.28e-05 0.0001825 2.5e-05 6.8e-06 0.00017155 0.00014355 5.65e-06 0.00017415 9.025e-05 0.00015255 1.98e-05 8.33e-05 0.0001057 5.205e-05 0.00022525 0.0001262 8.94e-05 6.05e-06 9.76e-05 8.335e-05 0.0001742 5.35e-06 5.825e-05 0.00017475 0.000175 0.0001648 4.85e-06 6.69e-05 8.925e-05 5.81e-05 9.74e-05 0.0001377 0.0001378 0.00017485 3.9e-06 7.58e-05 4.4e-06 0.0001188 8.715e-05 0.0001271 9.02e-05 8.595e-05 1.28e-05 3.47e-05 0.000138 0.00018255 9.695e-05 0.0001502 0.0001106 6.705e-05 5.89e-05 5.79e-05 0.00017495 5.05e-06 5.2e-05 0.00010975 0.00018245 0.0001749 0.00014425
