 slim_337508502 slim_337508525 slim_337508578 slim_337508642 slim_337508661 slim_337508700 slim_337508708 slim_337508711 slim_337508566 slim_337508464 slim_337508722 slim_337508674 slim_337508479 slim_337508579 slim_337508644 slim_337508599 slim_337508720 slim_337508475 slim_337508668 slim_337508734 slim_337508638 slim_337508584 slim_337508683 slim_337508647 slim_337508625 slim_337508710 slim_337508624 slim_337508669 slim_337508648 slim_337508685 slim_337508545 slim_337508629 slim_337508617 slim_337508608 slim_337508687 slim_337508562 slim_337508696 slim_337508600 slim_337508681 slim_337508271 slim_337508679 slim_337508660 slim_337508657 slim_337508603 slim_337508706 slim_337508707 slim_337508725 slim_337508618 slim_337508730 slim_337508360 slim_337508732 slim_337508444 slim_337508654 slim_337508692 slim_337508465 slim_337508686 slim_337508400 slim_337508703 slim_337508481 slim_337508719 slim_337508573 slim_337508656 slim_337508664 slim_337508694 slim_337508459 slim_337508637 slim_337508614 slim_337508640 slim_337508735 slim_337508495 slim_337508733 slim_337508521 slim_337508680 slim_337508709 slim_337508704 slim_337508588 slim_337508728 slim_337508655 slim_337508724 slim_337508498 slim_337508659 slim_337508291 slim_337508723 slim_337507938 slim_337508651 slim_337508406 slim_337508672 slim_337508698 slim_337508729 slim_337508646 slim_337508701 slim_337508712 slim_337508591 slim_337508715 slim_337508622 slim_337508714 slim_337508408 slim_337508602 slim_337508731 slim_337508547
0 8.99e-05 0.0001651 0.0001665 0.00015565 0.00017085 4.645e-05 0.00015885 0.00016525 0.00014385 0.00015035 0.00016645 0.00015735 0.0001002 4.74e-05 4.755e-05 6.765e-05 0.0001903 0.0001773 0.00015995 0.00024495 7.69e-05 6.875e-05 0.00026085 7.125e-05 0.0001663 0.00023005 0.0001731 0.0001817 5.115e-05 8.7e-05 0.0002816 0.000194 0.00016625 7.565e-05 0.0001689 7.27e-05 4.705e-05 9.735e-05 7.49e-05 4.69e-05 0.0002747 0.00016535 0.00016505 0.0001614 0.0001508 9.535e-05 0.00026935 7.105e-05 0.0001466 4.6e-05 0.0001665 4.745e-05 4.65e-05 9.04e-05 4.605e-05 4.745e-05 5.005e-05 0.00016655 0.0002539 4.515e-05 0.0001653 4.735e-05 0.0002444 0.0002728 0.00024385 0.0001598 0.0001504 0.00016535 6.875e-05 9.39e-05 9.545e-05 0.0001467 0.0001289 0.0001758 0.00014375 0.00018765 0.0002438 0.0001622 0.00016575 0.0001564 0.00016535 0.0001425 6.87e-05 9.41e-05 0.0001527 5.12e-05 4.635e-05 4.515e-05 4.71e-05 6.835e-05 0.0001721 0.00014365 0.000173 0.00013625 0.00015975 4.625e-05 0.0001653 6.885e-05 0.00017585 4.695e-05
1 0.0001651 0.0003261 0.00016485 0.00019075 0.00016945 0.00016455 0.00017365 0.0001653 0.00018255 0.00016435 0.00016445 0.00016455 0.00021905 0.0001653 0.00016545 0.00016565 0.0001891 0.00019265 0.00019525 0.00018015 0.00019525 0.00016645 0.00016415 0.00018935 0.00016405 0.0001858 0.00019035 0.0001936 0.0001688 0.00016875 0.0001644 0.00019245 0.0001649 0.00019375 0.00020835 0.00017055 0.00016455 0.00019565 0.00019305 0.0001646 0.00019015 0.00016595 0.00020045 0.0001636 0.00016505 0.0001902 0.00016365 0.00018895 0.00016665 0.00016565 0.00016855 0.00016515 0.00016435 0.0001683 0.0001638 0.0001651 0.00016825 0.00016495 0.00018235 0.0001651 0.00016595 0.00016505 0.00016515 0.0001644 0.000164 0.00019535 0.00016445 0.00016415 0.0001664 0.00019225 0.0001903 0.00016675 0.00016915 0.00019085 0.00018245 0.0001659 0.0001642 0.00019735 0.0001639 0.00016585 0.0001843 0.00018345 0.00016635 0.00018935 0.00019325 0.00016905 0.00016445 0.0001633 0.0001646 0.00016605 0.0001667 0.0001824 0.0001717 0.0001731 0.0001907 0.00016425 0.000164 0.00016675 0.0001906 0.00016465
2 0.0001665 0.00016485 0.0002808 0.00019355 0.0001455 0.00016555 0.00015285 0.0001427 0.00016175 0.0001408 0.00014145 0.00014065 0.00020015 0.00014165 0.0001418 0.000167 0.0001656 0.0001719 0.0001746 0.000159 0.00017395 0.00014335 0.00014085 0.0001661 0.00014105 0.00016525 0.0001691 0.0001725 0.00014555 0.0001456 0.0001406 0.0001719 0.0001652 0.00017285 0.00019 0.0001477 0.00014105 0.0001749 0.0001718 0.0001649 0.0001697 0.0001423 0.00018165 0.0001648 0.00014165 0.00016905 0.00014095 0.0001659 0.00014315 0.0001424 0.00014555 0.0001417 0.0001651 0.00014535 0.0001648 0.00014145 0.0001696 0.0001408 0.00016155 0.0001666 0.00014225 0.0001416 0.00014115 0.00014075 0.0001409 0.0001746 0.000141 0.0001649 0.0001431 0.00017135 0.00016915 0.00014335 0.00014575 0.00016945 0.00016155 0.00014325 0.0001411 0.0001762 0.00016485 0.0001424 0.00016405 0.00016325 0.00014305 0.00019285 0.00017185 0.0001456 0.00016545 0.00018895 0.0001411 0.0001664 0.00014325 0.00016175 0.0001506 0.00015235 0.00016995 0.00016525 0.00016475 0.00014345 0.00016945 0.00016495
3 0.00015565 0.00019075 0.00019355 0.0003025 0.0001981 0.00015535 0.00015455 0.0001939 0.0001776 0.00018255 0.0001933 0.0001914 0.00016165 0.0001574 0.00015755 0.0001549 0.00019855 0.0001545 0.0001589 0.00020025 0.000163 0.0001574 0.00020845 0.00016265 0.0001933 0.0001769 0.0001892 0.0001545 0.00016145 0.00016325 0.00022895 0.00019655 0.00019105 0.00016135 0.0001782 0.00016145 0.00015725 0.0001613 0.0001606 0.00015485 0.0001903 0.00019395 0.00015805 0.0001907 0.0001828 0.000155 0.0002182 0.00016265 0.00019165 0.0001579 0.0001973 0.00015765 0.0001549 0.0001573 0.000155 0.0001576 0.0001594 0.0001934 0.0002115 0.00015575 0.00019395 0.00015755 0.00022785 0.00022735 0.0002273 0.0001591 0.0001824 0.0001911 0.00015735 0.00015805 0.0001551 0.00019175 0.00019605 0.00018355 0.0001775 0.00019315 0.00022745 0.00016105 0.00019015 0.00019225 0.00017735 0.0001778 0.0001573 0.00015245 0.00019505 0.00016195 0.00015525 0.0001528 0.0001573 0.00015445 0.0001826 0.0001772 0.0001562 0.0001553 0.00015495 0.00015505 0.00019095 0.0001573 0.0001836 0.0001549
4 0.00017085 0.00016945 0.0001455 0.0001981 0.0002898 0.00016995 0.0001577 0.00014735 0.0001644 0.00014565 0.00014615 0.0001453 0.0001985 0.00014615 0.0001463 0.0001716 0.00016675 0.00017655 0.0001743 0.0001637 0.00017065 0.00014825 0.00014545 0.00016735 0.00014595 0.00016765 0.00017355 0.00017695 0.00014545 0.00014555 0.0001455 0.00017335 0.0001697 0.0001743 0.0001895 0.00014765 0.0001459 0.00017635 0.0001732 0.00016955 0.00017435 0.0001469 0.00018305 0.00016945 0.00014635 0.0001737 0.00014585 0.00016735 0.00014785 0.00014705 0.00014555 0.0001464 0.00016965 0.00015025 0.0001694 0.00014615 0.00016925 0.00014565 0.00016395 0.00017095 0.0001469 0.0001463 0.00014555 0.0001455 0.0001456 0.0001743 0.00014585 0.0001692 0.000148 0.00017315 0.0001738 0.00014805 0.0001455 0.00017105 0.0001643 0.00014805 0.0001457 0.00017745 0.00016955 0.00014685 0.00016665 0.0001656 0.00014795 0.0001972 0.0001731 0.0001454 0.00016985 0.00019325 0.00014595 0.00017125 0.00014795 0.0001643 0.00015545 0.00015695 0.0001746 0.00016965 0.00016905 0.00014815 0.00017125 0.0001696
5 4.645e-05 0.00016455 0.00016555 0.00015535 0.00016995 5.13e-05 0.0001587 0.0001855 0.00012485 0.00013095 0.0001646 0.00015635 8.155e-05 2.57e-05 2.575e-05 4.845e-05 0.0001888 0.0001775 0.00015995 0.00022535 5.795e-05 4.955e-05 0.00025975 5.01e-05 0.00016575 0.00022285 0.0001918 0.0001938 3.17e-05 6.755e-05 0.00028055 0.00019375 0.0001563 5.675e-05 0.00015025 5.34e-05 2.77e-05 7.855e-05 5.585e-05 2.74e-05 0.00029355 0.00018515 0.0001652 0.000142 0.0001302 9.565e-05 0.0002687 5.12e-05 0.0001458 4.745e-05 0.000147 2.695e-05 2.585e-05 7.13e-05 2.675e-05 2.685e-05 3.095e-05 0.00016555 0.00025325 4.665e-05 0.00018515 2.685e-05 0.00026185 0.00027175 0.0002617 0.0001601 0.00013095 0.00016425 4.955e-05 7.5e-05 9.575e-05 0.0001459 0.0001282 0.00015615 0.00012475 0.00018735 0.0002618 0.00015515 0.0001652 0.00017625 0.00014645 0.00014425 4.95e-05 9.44e-05 0.00015215 3.21e-05 2.565e-05 2.585e-05 2.775e-05 4.895e-05 0.00015225 0.0001246 0.0001727 0.0001568 0.0001787 2.575e-05 0.00016435 4.835e-05 0.0001568 2.745e-05
6 0.00015885 0.00017365 0.00015285 0.00015455 0.0001577 0.0001587 0.0001823 0.0001532 0.0001378 0.0001428 0.00015275 0.000151 0.0001832 0.0001373 0.00013745 0.00013535 0.00017745 0.0001105 0.00013765 0.0001419 0.00016335 0.0001137 0.00014805 0.00016145 0.0001521 0.0001161 0.00014805 0.0001116 0.0001406 0.0001422 0.00016855 0.0001769 0.00017465 0.00016135 0.0001599 0.0001181 0.00013605 0.0001391 0.000161 0.00015795 0.00014885 0.0001538 0.0001387 0.00017365 0.00014375 0.00013315 0.0001587 0.00016075 0.0001287 0.000137 0.00015645 0.00013685 0.00015815 9.14e-05 0.0001577 0.00013685 0.0001622 0.000153 0.0001525 0.00015895 0.0001538 0.00013675 0.0001679 0.00016695 0.0001668 0.00013755 0.00014295 0.00017455 0.0001137 0.0001359 0.00013325 0.0001288 0.00015545 0.0001658 0.0001377 0.00012985 0.0001671 0.00014005 0.0001737 0.0001521 0.00011535 0.00013855 0.00011365 0.0001547 0.0001758 0.0001406 0.0001586 0.0001796 0.0001361 0.0001347 0.0001211 0.0001377 0.00011525 0.0001148 0.0001333 0.0001584 0.0001744 0.0001143 0.00016535 0.000158
7 0.00016525 0.0001653 0.0001427 0.0001939 0.00014735 0.0001855 0.0001532 0.0002445 0.00018145 0.0001611 0.0001425 0.0001424 0.0002192 0.0001622 0.00016235 0.0001864 0.000167 0.00017195 0.00017475 0.00017885 0.0001937 0.000163 0.0001423 0.00018615 0.00014195 0.0001723 0.0001507 0.00016035 0.00016555 0.00016555 0.0001424 0.0001722 0.0001746 0.0001921 0.000209 0.00016725 0.00016115 0.00019395 0.0001915 0.0001849 0.0001508 0.0001232 0.0001818 0.00018455 0.00016195 0.00016935 0.00014175 0.0001856 0.0001444 0.00014165 0.00016545 0.0001619 0.0001851 0.0001648 0.0001846 0.00016185 0.00018895 0.0001428 0.0001625 0.0001653 0.00012315 0.0001618 0.0001242 0.0001424 0.0001231 0.0001746 0.0001612 0.0001662 0.00016295 0.0001906 0.00016945 0.0001445 0.00014685 0.0001894 0.00018135 0.0001436 0.00012315 0.00018325 0.0001653 0.000123 0.00018315 0.00016175 0.0001629 0.0001927 0.0001728 0.00016555 0.0001854 0.0002083 0.0001612 0.000186 0.0001634 0.0001813 0.00015135 0.000132 0.0001512 0.0001852 0.00016605 0.00016345 0.0001891 0.00018495
8 0.00014385 0.00018255 0.00016175 0.0001776 0.0001644 0.00012485 0.0001378 0.00018145 0.0002036 0.00012795 0.00016215 0.00015655 0.00015915 0.00010395 0.0001041 0.0001243 0.0001855 0.00015675 0.0001589 0.00012835 0.00013205 0.0001032 0.0001778 0.00012685 0.0001613 0.00012515 0.0002034 0.0001739 0.0001049 0.00011185 0.0001982 0.00019095 0.0001754 0.00013295 0.00012925 0.00010545 0.0001025 0.00013345 0.00013205 0.00012395 0.00021495 0.00018195 0.0001669 0.00016015 0.00012925 0.000151 0.00018695 0.0001262 0.00015545 0.0001223 0.00014135 0.00010355 0.00012445 0.00010365 0.00012365 0.0001033 0.00012635 0.00016205 0.00015645 0.00014395 0.00018195 0.00010345 0.0002145 0.0001931 0.0002135 0.0001589 0.0001282 0.00018335 0.00010295 0.00013 0.0001511 0.00015555 0.0001574 0.0001558 0.0001021 0.00016195 0.0002137 0.00015575 0.0001827 0.00017675 0.0001028 0.0001222 0.0001029 0.00017225 0.0001844 0.0001049 0.00012475 0.00014525 0.00010255 0.00012405 0.00012925 0.00010225 0.00014405 0.00015735 0.00017885 0.00012455 0.0001832 0.00010375 0.0001554 0.000124
9 0.00015035 0.00016435 0.0001408 0.00018255 0.00014565 0.00013095 0.0001428 0.0001611 0.00012795 0.0002083 0.0001414 0.00014055 0.0001652 0.0001075 0.00010765 0.00013295 0.00016635 0.000162 0.00016345 0.00012515 0.0001385 0.00010885 0.0001511 0.00013165 0.00013985 0.00015025 0.00019365 0.00017985 0.0001096 0.0001096 0.0001528 0.00017145 0.00015735 0.0001375 0.0001568 0.0001134 0.0001049 0.000141 0.00013615 0.00012925 0.00019335 0.00016195 0.00017065 0.0001412 0.0001061 0.00015745 0.0001395 0.00013055 0.00014465 0.00012555 0.0001217 0.00010665 0.00013035 0.0001123 0.00012905 0.00010615 0.0001343 0.00014095 0.0001639 0.00015045 0.00016195 0.00010655 0.0001772 0.00015275 0.00017585 0.00016345 0.00010435 0.0001655 0.00010835 0.00013735 0.00015755 0.00014475 0.0001459 0.00013435 0.00012785 0.00014385 0.00017615 0.00015955 0.0001643 0.00016185 0.0001318 0.0001489 0.0001083 0.00018195 0.0001723 0.00010965 0.00013085 0.0001539 0.00010495 0.00013215 0.0001091 0.00012785 0.00013885 0.0001602 0.0001815 0.00013065 0.00016535 0.00010985 0.0001335 0.0001293
10 0.00016645 0.00016445 0.00014145 0.0001933 0.00014615 0.0001646 0.00015275 0.0001425 0.00016215 0.0001414 0.0002803 0.0001411 0.00020025 0.0001402 0.00014025 0.0001669 0.0001652 0.00017185 0.00017445 0.00015895 0.00017445 0.0001435 0.00014085 0.0001647 0.0001409 0.0001648 0.0001691 0.00017215 0.0001458 0.0001458 0.00014105 0.00017165 0.00016435 0.0001729 0.00019005 0.00014765 0.0001415 0.00017485 0.00017215 0.0001651 0.00016935 0.0001427 0.00018165 0.00016485 0.00014105 0.00016935 0.0001408 0.00016545 0.0001433 0.0001428 0.00014565 0.0001411 0.00016415 0.0001454 0.000165 0.00014095 0.00016955 0.0001415 0.00016155 0.00016655 0.0001427 0.000141 0.00014135 0.00014105 0.00014055 0.0001746 0.00014145 0.00016495 0.00014345 0.0001714 0.00016945 0.0001434 0.00014585 0.00016945 0.00016205 0.000143 0.00014085 0.0001759 0.00016445 0.0001426 0.00016395 0.0001632 0.0001434 0.0001927 0.00017195 0.00014615 0.0001646 0.0001887 0.00014155 0.0001663 0.00014325 0.00016195 0.00015075 0.0001523 0.00016985 0.0001644 0.0001648 0.00014265 0.00016975 0.00016515
11 0.00015735 0.00016455 0.00014065 0.0001914 0.0001453 0.00015635 0.000151 0.0001424 0.00015655 0.00014055 0.0001411 0.0002623 0.000191 0.0001324 0.00013255 0.0001579 0.00016525 0.00017 0.00017265 0.0001622 0.00016495 0.0001343 0.00014935 0.0001569 0.0001407 0.00016695 0.0001599 0.0001705 0.00013615 0.0001452 0.00014915 0.0001716 0.0001648 0.00016375 0.0001846 0.0001386 0.0001317 0.0001658 0.00016245 0.00015555 0.0001766 0.0001421 0.00017975 0.0001644 0.00014115 0.00015985 0.00014935 0.0001568 0.000134 0.0001332 0.00014515 0.00013255 0.0001559 0.0001363 0.0001556 0.0001322 0.00016045 0.00014045 0.000156 0.00015745 0.0001421 0.00013245 0.00014075 0.00014025 0.00014055 0.00017265 0.00014035 0.00016455 0.00013395 0.00016225 0.00015995 0.0001342 0.00013655 0.000169 0.00015645 0.00014295 0.0001407 0.0001742 0.00016435 0.0001332 0.00015865 0.0001578 0.0001339 0.0001837 0.00016265 0.00013665 0.00015625 0.0001798 0.0001318 0.00015715 0.00014285 0.0001561 0.00015745 0.00015045 0.00016805 0.00015605 0.0001644 0.0001343 0.00016905 0.0001556
12 0.0001002 0.00021905 0.00020015 0.00016165 0.0001985 8.155e-05 0.0001832 0.0002192 0.00015915 0.0001652 0.00020025 0.000191 5.4e-06 6.225e-05 6.24e-05 0.0001029 0.00017815 0.0001643 0.00014075 0.0002624 3.075e-05 8.365e-05 0.00029475 4.02e-05 0.0002 0.0002581 0.0001788 0.00018125 5.995e-05 9.58e-05 0.00031545 0.0001706 0.0002112 3.46e-05 0.0001295 8.185e-05 6.16e-05 5.675e-05 3.245e-05 8.11e-05 0.0002804 0.0002192 0.0001317 0.0001965 0.00016575 8.215e-05 0.00030325 3.98e-05 0.0001805 8.085e-05 0.0001755 6.21e-05 8.12e-05 0.00010575 8.095e-05 6.22e-05 7.92e-05 0.0002002 0.0002882 0.0001003 0.0002192 6.2e-05 0.00029695 0.00030665 0.00029645 0.0001407 0.00016525 0.00021935 8.375e-05 5.41e-05 8.225e-05 0.0001806 0.0001567 0.00013585 0.00015905 0.00022185 0.00029655 0.00013355 0.0002191 0.0002103 0.000181 0.000178 8.37e-05 0.0001012 0.0001289 6.01e-05 8.145e-05 0.00010035 6.165e-05 0.0001026 0.0001873 0.00015895 0.000197 0.0001805 0.00016525 8.125e-05 0.0002192 8.395e-05 0.000136 8.115e-05
13 4.74e-05 0.0001653 0.00014165 0.0001574 0.00014615 2.57e-05 0.0001373 0.0001622 0.00010395 0.0001075 0.0001402 0.0001324 6.225e-05 1e-07 2.5e-07 4.92e-05 0.0001644 0.0001562 0.00013865 0.00020365 3.665e-05 2.61e-05 0.000236 2.515e-05 0.0001423 0.00020135 0.00017005 0.00017185 8.2e-06 4.41e-05 0.0002567 0.00017245 0.00015525 3.54e-05 0.00013145 3e-05 4.15e-06 5.725e-05 3.445e-05 2.74e-05 0.00027225 0.0001614 0.0001459 0.00014275 0.0001057 7.43e-05 0.0002453 2.72e-05 0.00012195 2.41e-05 0.0001236 2.4e-06 2.535e-05 4.79e-05 2.745e-05 2.4e-06 3.175e-05 0.0001416 0.00023195 4.75e-05 0.0001614 2.3e-06 0.00023755 0.0002479 0.00023785 0.00013885 0.00010745 0.0001648 2.61e-05 5.365e-05 7.44e-05 0.00012205 0.0001044 0.00013425 0.00010385 0.00016395 0.00023795 0.0001332 0.00016525 0.0001525 0.0001256 0.0001235 2.605e-05 9.73e-05 0.00013035 8.7e-06 2.56e-05 5.08e-05 4.2e-06 4.87e-05 0.0001283 0.00010365 0.00015125 0.0001355 0.00015735 2.54e-05 0.00016465 2.395e-05 0.00013545 2.745e-05
14 4.755e-05 0.00016545 0.0001418 0.00015755 0.0001463 2.575e-05 0.00013745 0.00016235 0.0001041 0.00010765 0.00014025 0.00013255 6.24e-05 2.5e-07 4e-07 4.935e-05 0.00016455 0.00015635 0.0001388 0.0002038 3.68e-05 2.625e-05 0.00023615 2.52e-05 0.00014245 0.0002015 0.0001702 0.000172 8.35e-06 4.425e-05 0.00025685 0.0001726 0.0001554 3.555e-05 0.0001316 3.015e-05 4.3e-06 5.74e-05 3.46e-05 2.755e-05 0.0002724 0.00016155 0.00014605 0.0001429 0.0001058 7.445e-05 0.00024545 2.735e-05 0.0001221 2.425e-05 0.00012375 2.55e-06 2.54e-05 4.805e-05 2.76e-05 2.45e-06 3.19e-05 0.00014175 0.0002321 4.765e-05 0.00016155 2.45e-06 0.0002377 0.00024805 0.000238 0.000139 0.0001076 0.00016495 2.625e-05 5.38e-05 7.455e-05 0.0001222 0.00010455 0.0001344 0.000104 0.0001641 0.0002381 0.00013335 0.0001654 0.00015265 0.00012575 0.00012365 2.62e-05 9.745e-05 0.0001305 8.85e-06 2.575e-05 5.095e-05 4.35e-06 4.885e-05 0.00012845 0.0001038 0.0001514 0.00013565 0.0001575 2.555e-05 0.0001648 2.4e-05 0.0001356 2.76e-05
15 6.765e-05 0.00016565 0.000167 0.0001549 0.0001716 4.845e-05 0.00013535 0.0001864 0.0001243 0.00013295 0.0001669 0.0001579 0.0001029 4.92e-05 4.935e-05 9.39e-05 0.00019135 0.0001543 0.0001593 0.0002068 7.905e-05 4.77e-05 0.0002415 7.325e-05 0.0001664 0.0002016 0.00017165 0.00017195 5.25e-05 8.83e-05 0.00026215 0.0001949 0.0001589 7.76e-05 0.00015015 5.185e-05 4.82e-05 7.715e-05 7.685e-05 4.84e-05 0.00027285 0.00018685 0.00016455 0.000143 0.00013375 9.45e-05 0.00025095 7.27e-05 0.00012495 6.81e-05 0.00014785 4.89e-05 4.825e-05 4.72e-05 4.76e-05 4.89e-05 5.185e-05 0.0001671 0.00023375 6.775e-05 0.00018685 4.88e-05 0.0002443 0.00025335 0.00024335 0.0001592 0.00013305 0.0001664 4.77e-05 7.365e-05 9.46e-05 0.00012505 0.00012965 0.00015955 0.0001242 0.00016585 0.00024355 0.0001553 0.00016635 0.00017795 0.00012365 0.00014395 4.765e-05 9.375e-05 0.000154 5.255e-05 4.835e-05 4.72e-05 4.825e-05 4.745e-05 0.0001329 0.00012415 0.00017165 0.00015595 0.00017785 4.815e-05 0.00016625 4.815e-05 0.00015925 4.845e-05
16 0.0001903 0.0001891 0.0001656 0.00019855 0.00016675 0.0001888 0.00017745 0.000167 0.0001855 0.00016635 0.0001652 0.00016525 0.00017815 0.0001644 0.00016455 0.00019135 0.0003281 0.00017735 0.0001765 0.0001835 0.0001737 0.0001684 0.0001649 0.0001643 0.00016625 0.00018775 0.000174 0.0001773 0.00016725 0.0001673 0.0001652 0.000172 0.0001885 0.00017305 0.0001911 0.0001691 0.0001664 0.000175 0.0001723 0.0001896 0.00017505 0.0001662 0.0001815 0.0001893 0.0001656 0.0001749 0.0001659 0.00016525 0.0001675 0.00016715 0.0001671 0.00016565 0.00018845 0.0001703 0.0001895 0.00016565 0.00019055 0.0001656 0.0001841 0.0001904 0.0001662 0.00016555 0.00016475 0.0001652 0.00016515 0.00017665 0.00016635 0.0001885 0.0001684 0.00017405 0.000175 0.0001677 0.0001667 0.0001718 0.0001854 0.000168 0.00016525 0.0001757 0.00018915 0.00016615 0.00018725 0.0001859 0.00016835 0.00019775 0.0001715 0.00016765 0.0001887 0.0002127 0.00016645 0.000191 0.00016785 0.00018525 0.0001755 0.0001764 0.00017555 0.0001885 0.00018835 0.0001673 0.0001724 0.00018965
17 0.0001773 0.00019265 0.0001719 0.0001545 0.00017655 0.0001775 0.0001105 0.00017195 0.00015675 0.000162 0.00017185 0.00017 0.0001643 0.0001562 0.00015635 0.0001543 0.00017735 0.0002207 0.0001373 0.00016095 0.0001633 0.0001329 0.00016715 0.00016135 0.00017135 0.0001349 0.00014775 0.0001113 0.00015955 0.0001612 0.0001876 0.0001771 0.0001935 0.0001615 0.0001598 0.0001371 0.0001552 0.00013925 0.0001611 0.0001769 0.00014875 0.00017235 0.0001388 0.0001926 0.0001628 0.000133 0.00017795 0.0001608 0.00014775 0.0001557 0.00017545 0.0001559 0.00017705 0.0001106 0.00017665 0.0001559 0.00018095 0.000172 0.0001713 0.0001774 0.00017235 0.0001558 0.0001868 0.000186 0.0001859 0.0001372 0.0001621 0.00019335 0.0001329 0.00013605 0.0001331 0.00014785 0.0001743 0.0001658 0.00015665 0.0001488 0.0001859 0.00014005 0.00019255 0.00017065 0.0001343 0.000157 0.00013285 0.0001543 0.0001758 0.0001596 0.0001774 0.0001983 0.00015525 0.00015385 0.00014015 0.0001566 0.00013455 0.0001336 0.0001332 0.0001772 0.0001932 0.00013335 0.0001655 0.00017695
18 0.00015995 0.00019525 0.0001746 0.0001589 0.0001743 0.00015995 0.00013765 0.00017475 0.0001589 0.00016345 0.00017445 0.00017265 0.00014075 0.00013865 0.0001388 0.0001593 0.0001765 0.0001373 0.000273 0.0001836 0.00013825 0.0001382 0.00018965 0.00014055 0.00017425 0.00015855 0.00017225 0.0001376 0.00013735 0.000139 0.00021015 0.0001765 0.0001959 0.0001411 0.00015885 0.0001372 0.0001382 0.0001411 0.0001406 0.0001597 0.0001732 0.00017495 0.00014015 0.0001952 0.00016395 0.0001378 0.00019925 0.0001403 0.00017275 0.00013865 0.00017315 0.00013865 0.00015965 0.00013815 0.0001594 0.00013865 0.0001588 0.00017465 0.0001931 0.00016005 0.00017495 0.00013855 0.0002092 0.00020855 0.0002085 0.0001369 0.0001635 0.00019575 0.0001382 0.0001382 0.0001379 0.00017285 0.00017215 0.0001639 0.0001588 0.00017385 0.0002084 0.00014115 0.00019525 0.00017325 0.0001587 0.00015905 0.00013815 0.0001588 0.0001751 0.00013775 0.00015985 0.00018075 0.00013825 0.0001591 0.00016365 0.0001587 0.0001393 0.0001383 0.0001378 0.00015965 0.0001956 0.00013835 0.00016385 0.00015975
19 0.00024495 0.00018015 0.000159 0.00020025 0.0001637 0.00022535 0.0001419 0.00017885 0.00012835 0.00012515 0.00015895 0.0001622 0.0002624 0.00020365 0.0002038 0.0002068 0.0001835 0.00016095 0.0001836 9.42e-05 0.0002364 0.00018545 8.965e-05 0.00022815 0.00015865 7.24e-05 0.00022335 0.0001777 0.00020755 0.00017875 9.155e-05 0.0001895 0.0001725 0.0002348 0.00015645 0.00018965 0.0002032 0.00021675 0.00023395 0.00022475 0.00013425 0.00017895 0.00019085 0.00015755 0.00012565 0.00023335 8.045e-05 0.00022805 0.0001753 0.00022315 0.00014045 0.0002038 0.00022485 0.00016735 0.0002247 0.00020355 0.00022945 0.0001589 8.72e-05 0.00024505 0.00017895 0.0002037 0.00014905 9.52e-05 0.00014845 0.0001837 0.00012505 0.00018055 0.0001852 0.00021345 0.00023345 0.0001754 0.00019785 0.00015365 0.00012825 0.00014075 0.00014865 0.00017915 0.00018005 0.00018255 0.00011025 0.00014805 0.00018515 0.00025485 0.00022405 0.000208 0.00022525 0.00024655 0.00020325 0.0002061 0.00010735 0.000128 0.00013085 0.00018005 0.0002017 0.00022505 0.0001804 0.00018545 0.0001537 0.0002248
20 7.69e-05 0.00019525 0.00017395 0.000163 0.00017065 5.795e-05 0.00016335 0.0001937 0.00013205 0.0001385 0.00017445 0.00016495 3.075e-05 3.665e-05 3.68e-05 7.905e-05 0.0001737 0.0001633 0.00013825 0.0002364 5.7e-05 5.76e-05 0.00026905 3.57e-05 0.0001737 0.00023165 0.00017815 0.0001805 3.21e-05 6.795e-05 0.0002895 0.0001726 0.0001877 3.6e-05 0.00012855 5.425e-05 3.53e-05 5.81e-05 3.415e-05 5.71e-05 0.00027945 0.00019395 0.0001401 0.0001725 0.00013975 8.09e-05 0.00027705 3.51e-05 0.00015475 5.505e-05 0.00014775 3.63e-05 5.765e-05 7.965e-05 5.685e-05 3.61e-05 5.385e-05 0.00017415 0.0002618 7.7e-05 0.00019395 3.62e-05 0.0002715 0.0002807 0.00027075 0.0001382 0.00013875 0.0001958 5.74e-05 5.395e-05 8.1e-05 0.00015485 0.00012945 0.0001357 0.00013195 0.0001958 0.00027085 0.0001353 0.0001954 0.00018505 0.0001543 0.00015185 5.735e-05 0.00010245 0.00013135 3.195e-05 5.785e-05 7.875e-05 3.535e-05 7.88e-05 0.0001612 0.000132 0.0001769 0.0001612 0.0001642 5.765e-05 0.00019565 5.81e-05 0.0001355 5.715e-05
21 6.875e-05 0.00016645 0.00014335 0.0001574 0.00014825 4.955e-05 0.0001137 0.000163 0.0001032 0.00010885 0.0001435 0.0001343 8.365e-05 2.61e-05 2.625e-05 4.77e-05 0.0001684 0.0001329 0.0001382 0.00018545 5.76e-05 4.59e-05 0.00021825 5.025e-05 0.0001424 0.00018115 0.0001505 0.000151 2.87e-05 6.45e-05 0.0002387 0.00017355 0.00015935 5.56e-05 0.0001316 2.815e-05 2.35e-05 5.575e-05 5.525e-05 4.835e-05 0.0002516 0.0001638 0.00014525 0.0001437 0.00011025 7.29e-05 0.00022715 4.865e-05 0.00010125 4.44e-05 0.0001242 2.495e-05 4.9e-05 2.32e-05 4.81e-05 2.52e-05 5.27e-05 0.0001435 0.0002133 6.885e-05 0.0001638 2.465e-05 0.0002211 0.0002299 0.0002198 0.000138 0.000109 0.00016755 2.355e-05 5.205e-05 7.3e-05 0.00010135 0.00010615 0.00013835 0.0001031 0.0001421 0.0002201 0.00013425 0.0001665 0.0001549 0.0001027 0.00012345 2.35e-05 9.695e-05 0.00013265 2.86e-05 4.945e-05 7.25e-05 2.355e-05 4.7e-05 0.0001093 0.0001031 0.0001499 0.00013475 0.0001564 4.925e-05 0.0001674 2.46e-05 0.0001377 4.84e-05
22 0.00026085 0.00016415 0.00014085 0.00020845 0.00014545 0.00025975 0.00014805 0.0001423 0.0001778 0.0001511 0.00014085 0.00014935 0.00029475 0.000236 0.00023615 0.0002415 0.0001649 0.00016715 0.00018965 8.965e-05 0.00026905 0.00021825 8.97e-05 0.00026045 0.00014095 0.0001012 0.00019015 0.00016765 0.0002405 0.0002047 4.555e-05 0.00017145 0.00016465 0.0002674 0.0002056 0.00022245 0.00023615 0.0002495 0.00026675 0.0002597 8.975e-05 0.000142 0.00019675 0.00016435 0.0001513 0.0002441 5.57e-05 0.0002605 0.0001643 0.0002374 0.00014535 0.0002363 0.0002593 0.0002003 0.0002595 0.0002363 0.000264 0.0001409 9.075e-05 0.00026095 0.000142 0.0002362 8.695e-05 5.43e-05 8.68e-05 0.00018975 0.00015115 0.00016405 0.00021825 0.0002461 0.0002442 0.0001645 0.0001868 0.0001792 0.0001777 0.000123 8.705e-05 0.0001912 0.00016425 0.00015075 0.0001597 0.00017875 0.0002182 0.00026725 0.00021285 0.0002408 0.00025965 0.000283 0.0002362 0.000241 0.0001332 0.0001776 0.00013015 0.0001674 0.00018515 0.00025945 0.0001639 0.0002181 0.00017935 0.00025975
23 7.125e-05 0.00018935 0.0001661 0.00016265 0.00016735 5.01e-05 0.00016145 0.00018615 0.00012685 0.00013165 0.0001647 0.0001569 4.02e-05 2.515e-05 2.52e-05 7.325e-05 0.0001643 0.00016135 0.00014055 0.00022815 3.57e-05 5.025e-05 0.00026045 5.02e-05 0.00016645 0.0002247 0.0001755 0.00017745 2.915e-05 6.5e-05 0.00028115 0.00017225 0.00017985 3.52e-05 0.0001325 5.09e-05 2.835e-05 5.705e-05 3.43e-05 5.16e-05 0.0002774 0.00018565 0.00014565 0.0001668 0.0001303 7.945e-05 0.00026945 2.68e-05 0.0001464 4.805e-05 0.0001445 2.7e-05 4.975e-05 7.205e-05 5.15e-05 2.69e-05 5.255e-05 0.0001661 0.00025515 7.135e-05 0.00018565 2.69e-05 0.0002623 0.00027235 0.0002623 0.00014075 0.00013165 0.00018915 5.025e-05 5.595e-05 7.955e-05 0.0001465 0.0001256 0.000137 0.00012675 0.0001881 0.0002624 0.00013345 0.0001894 0.00017675 0.0001485 0.0001462 5.02e-05 0.00010235 0.00013045 2.96e-05 5.01e-05 7.475e-05 2.84e-05 7.29e-05 0.0001529 0.0001266 0.0001754 0.00015945 0.0001625 4.99e-05 0.000189 4.845e-05 0.00013775 5.165e-05
24 0.0001663 0.00016405 0.00014105 0.0001933 0.00014595 0.00016575 0.0001521 0.00014195 0.0001613 0.00013985 0.0001409 0.0001407 0.0002 0.0001423 0.00014245 0.0001664 0.00016625 0.00017135 0.00017425 0.00015865 0.0001737 0.0001424 0.00014095 0.00016645 0.0002787 0.00016545 0.00016945 0.00017275 0.00014475 0.0001447 0.0001408 0.00017115 0.00016545 0.0001723 0.00018985 0.00014695 0.00014005 0.00017435 0.0001712 0.0001643 0.00016895 0.000143 0.00018135 0.00016415 0.0001414 0.00016825 0.0001397 0.00016545 0.0001432 0.0001416 0.00014475 0.00014155 0.00016515 0.0001444 0.00016395 0.00014095 0.0001692 0.0001411 0.000162 0.0001664 0.000143 0.00014145 0.0001422 0.0001408 0.00014055 0.00017425 0.0001399 0.0001654 0.000142 0.0001708 0.00016825 0.0001433 0.0001459 0.0001696 0.0001612 0.0001422 0.00014095 0.00017645 0.00016405 0.0001429 0.00016345 0.00016305 0.00014195 0.00019265 0.0001722 0.00014495 0.00016565 0.0001887 0.0001401 0.00016565 0.000143 0.0001611 0.0001497 0.000152 0.0001692 0.00016545 0.00016525 0.0001433 0.00016885 0.00016435
25 0.00023005 0.0001858 0.00016525 0.0001769 0.00016765 0.00022285 0.0001161 0.0001723 0.00012515 0.00015025 0.0001648 0.00016695 0.0002581 0.00020135 0.0002015 0.0002016 0.00018775 0.0001349 0.00015855 7.24e-05 0.00023165 0.00018115 0.0001012 0.0002247 0.00016545 9.38e-05 0.00020695 0.000134 0.0002046 0.00017745 0.00012175 0.00019435 0.0001795 0.0002321 0.0001514 0.00018305 0.00020255 0.00021065 0.0002316 0.0002233 0.00011905 0.00017195 0.0001667 0.0001799 0.0001499 0.0002119 0.00011285 0.0002253 0.0001763 0.0002094 0.0001614 0.0002022 0.00022255 0.00015965 0.00022315 0.0002022 0.00022535 0.00016525 8.92e-05 0.00023015 0.00017195 0.0002021 0.00016045 0.00012385 0.0001603 0.00015875 0.00015025 0.00018575 0.00018115 0.00020745 0.000212 0.0001764 0.00019995 0.0001763 0.00012505 0.0001438 0.0001604 0.00015445 0.0001859 0.00017395 0.0001035 0.00013155 0.0001811 0.00023225 0.00022675 0.00020495 0.00022275 0.00024385 0.0002026 0.00020145 0.0001283 0.0001249 0.00011035 0.00014455 0.0001627 0.00022255 0.0001856 0.00018045 0.00017695 0.00022335
26 0.0001731 0.00019035 0.0001691 0.0001892 0.00017355 0.0001918 0.00014805 0.0001507 0.0002034 0.00019365 0.0001691 0.0001599 0.0001788 0.00017005 0.0001702 0.00017165 0.000174 0.00014775 0.00017225 0.00022335 0.00017815 0.0001505 0.00019015 0.0001755 0.00016945 0.00020695 0.000167 0.00013085 0.00017485 0.0002108 0.00019025 0.00017475 0.0001986 0.00017635 0.00020595 0.0001547 0.0001705 0.00015645 0.0001761 0.0001919 0.0001664 0.0001502 0.0001735 0.00021315 0.0001936 0.00012715 0.00019215 0.00017565 0.0001072 0.0001519 0.00019625 0.00017045 0.00019145 0.00013055 0.0001918 0.0001706 0.0001959 0.0001691 0.0001924 0.0001732 0.0001502 0.00017035 0.00012565 0.0001814 0.00012565 0.0001721 0.00019365 0.00019015 0.00015065 0.0001533 0.00012725 0.00010725 0.00013125 0.0001962 0.0002033 0.000149 0.00012555 0.0001804 0.0001902 0.0001413 0.00018315 0.0001843 0.0001506 0.0001482 0.00013245 0.00017495 0.0001917 0.00021305 0.00017055 0.0001713 0.00017325 0.00020315 0.000204 0.0001495 0.00014535 0.0001915 0.00019 0.00015025 0.00019665 0.00019195
27 0.0001817 0.0001936 0.0001725 0.0001545 0.00017695 0.0001938 0.0001116 0.00016035 0.0001739 0.00017985 0.00017215 0.0001705 0.00018125 0.00017185 0.000172 0.00017195 0.0001773 0.0001113 0.0001376 0.0001777 0.0001805 0.000151 0.00016765 0.00017745 0.00017275 0.000134 0.00013085 0.0001872 0.0001771 0.00017885 0.00018815 0.00017805 0.0001953 0.0001788 0.0001765 0.000155 0.00017295 0.0001568 0.0001784 0.00019415 0.0001329 0.00015995 0.0001391 0.00020995 0.00017955 0.00013335 0.00017935 0.000178 0.0001486 0.00016055 0.00019305 0.00017265 0.00019345 0.00012895 0.00019405 0.00017265 0.00019815 0.0001725 0.0001712 0.0001818 0.00015995 0.00017255 0.00017015 0.00018655 0.00017005 0.0001376 0.00017985 0.0001935 0.000151 0.0001537 0.00013345 0.0001487 0.0001747 0.0001823 0.0001738 0.00015035 0.00016995 0.0001393 0.00019345 0.00015825 0.0001517 0.00016115 0.00015095 0.00015435 0.00017595 0.00017725 0.0001937 0.00021525 0.000173 0.0001716 0.00015735 0.00017365 0.0001353 0.00012135 0.0001174 0.0001935 0.00019335 0.00015035 0.0001829 0.0001942
28 5.115e-05 0.0001688 0.00014555 0.00016145 0.00014545 3.17e-05 0.0001406 0.00016555 0.0001049 0.0001096 0.0001458 0.00013615 5.995e-05 8.2e-06 8.35e-06 5.25e-05 0.00016725 0.00015955 0.00013735 0.00020755 3.21e-05 2.87e-05 0.0002405 2.915e-05 0.00014475 0.0002046 0.00017485 0.0001771 1.15e-05 4.175e-05 0.0002607 0.0001727 0.00016145 3.545e-05 0.00013035 2.805e-05 6.25e-06 5.74e-05 3.405e-05 3.045e-05 0.0002758 0.0001661 0.0001465 0.0001458 0.00011085 7.715e-05 0.00024795 2.84e-05 0.00012615 2.68e-05 0.0001214 7.7e-06 3.13e-05 5.06e-05 3.03e-05 7.35e-06 3.03e-05 0.0001454 0.0002348 5.125e-05 0.0001661 7.6e-06 0.0002433 0.0002519 0.00024225 0.00013745 0.00010945 0.00016965 2.835e-05 5.405e-05 7.725e-05 0.00012625 0.00010385 0.000136 0.0001048 0.0001669 0.0002424 0.0001352 0.00016875 0.0001572 0.0001269 0.00012525 2.83e-05 0.0001012 0.00013185 6.3e-06 3.16e-05 5.47e-05 6.35e-06 5.19e-05 0.00013235 0.0001045 0.00015415 0.00013925 0.00016065 3.14e-05 0.0001695 2.935e-05 0.0001355 3.05e-05
29 8.7e-05 0.00016875 0.0001456 0.00016325 0.00014555 6.755e-05 0.0001422 0.00016555 0.00011185 0.0001096 0.0001458 0.0001452 9.58e-05 4.41e-05 4.425e-05 8.83e-05 0.0001673 0.0001612 0.000139 0.00017875 6.795e-05 6.45e-05 0.0002047 6.5e-05 0.0001447 0.00017745 0.0002108 0.00017885 4.175e-05 8.31e-05 0.00022495 0.00017265 0.0001615 7.125e-05 0.00013735 6.385e-05 4.225e-05 9.32e-05 7e-05 6.64e-05 0.0002416 0.0001662 0.00014815 0.0001458 0.0001109 0.000113 0.0002121 6.42e-05 0.00016205 6.265e-05 0.0001214 4.355e-05 6.71e-05 8.64e-05 6.61e-05 4.32e-05 6.615e-05 0.0001456 0.0002148 8.71e-05 0.0001662 4.345e-05 0.00024345 0.00022495 0.0002423 0.00013915 0.0001096 0.0001697 6.405e-05 8.985e-05 0.0001131 0.00016215 0.0001398 0.00013605 0.00011175 0.0001669 0.0002425 0.0001369 0.00016885 0.0001661 0.00013385 0.00013225 6.4e-05 0.00013705 0.0001678 4.215e-05 6.745e-05 9.05e-05 4.23e-05 8.78e-05 0.0001324 0.0001116 0.00011975 0.0001409 0.0001623 6.725e-05 0.00016955 6.52e-05 0.00013555 6.645e-05
30 0.0002816 0.0001644 0.0001406 0.00022895 0.0001455 0.00028055 0.00016855 0.0001424 0.0001982 0.0001528 0.00014105 0.00014915 0.00031545 0.0002567 0.00025685 0.00026215 0.0001652 0.0001876 0.00021015 9.155e-05 0.0002895 0.0002387 4.555e-05 0.00028115 0.0001408 0.00012175 0.00019025 0.00018815 0.0002607 0.00022495 4.91e-05 0.0001716 0.0001648 0.000288 0.00022625 0.0002429 0.00025635 0.00027005 0.00028705 0.00028 8.98e-05 0.000142 0.00021735 0.0001642 0.00015325 0.00026435 3.71e-05 0.0002811 0.00016435 0.0002577 0.000145 0.0002569 0.00028005 0.0002207 0.00027995 0.00025665 0.0002847 0.0001405 9.09e-05 0.0002817 0.00014195 0.0002568 6.675e-05 3.355e-05 6.65e-05 0.00021025 0.0001527 0.00016445 0.00023845 0.00026665 0.00026445 0.00016455 0.0001869 0.00018125 0.0001981 0.000123 6.67e-05 0.0002118 0.0001643 0.0001509 0.0001802 0.00019935 0.0002384 0.00028795 0.00021305 0.00026115 0.00028045 0.0003039 0.0002564 0.00026145 0.0001351 0.00019785 0.00015045 0.000188 0.0002057 0.00028025 0.0001643 0.00023865 0.0001813 0.00028005
31 0.000194 0.00019245 0.0001719 0.00019655 0.00017335 0.00019375 0.0001769 0.0001722 0.00019095 0.00017145 0.00017165 0.0001716 0.0001706 0.00017245 0.0001726 0.0001949 0.000172 0.0001771 0.0001765 0.0001895 0.0001726 0.00017355 0.00017145 0.00017225 0.00017115 0.00019435 0.00017475 0.00017805 0.0001727 0.00017265 0.0001716 0.0003406 0.0001935 0.0001725 0.0001903 0.0001746 0.0001715 0.00017455 0.0001709 0.00019305 0.0001746 0.0001728 0.0001746 0.00019285 0.00017225 0.0001745 0.00017095 0.00017175 0.00017385 0.0001724 0.0001726 0.0001722 0.0001933 0.00017555 0.0001929 0.00017215 0.00019425 0.000172 0.00019085 0.0001941 0.0001728 0.0001721 0.0001723 0.0001716 0.0001712 0.00017655 0.00017155 0.00019335 0.0001735 0.0001729 0.0001746 0.00017395 0.0001731 0.0001715 0.00019085 0.00017315 0.0001714 0.00017605 0.0001925 0.0001727 0.00019285 0.00019165 0.00017345 0.0001958 0.00017135 0.0001729 0.00019365 0.00021455 0.00017155 0.00019435 0.00017395 0.0001908 0.0001748 0.000176 0.000175 0.00019345 0.0001932 0.00017395 0.00017125 0.0001931
32 0.00016625 0.0001649 0.0001652 0.00019105 0.0001697 0.0001563 0.00017465 0.0001746 0.0001754 0.00015735 0.00016435 0.0001648 0.0002112 0.00015525 0.0001554 0.0001589 0.0001885 0.0001935 0.0001959 0.0001725 0.0001877 0.00015935 0.00016465 0.00017985 0.00016545 0.0001795 0.0001986 0.0001953 0.00016145 0.0001615 0.0001648 0.0001935 0.0003104 0.00018635 0.0002008 0.0001633 0.00015735 0.0001883 0.00018555 0.0001566 0.00019945 0.0001742 0.000201 0.0001569 0.00015655 0.00019105 0.00016515 0.0001809 0.000167 0.0001665 0.00016135 0.00015655 0.0001559 0.00016125 0.00015705 0.00015655 0.00016135 0.0001652 0.0001826 0.00016635 0.0001742 0.00015645 0.0001729 0.0001648 0.0001728 0.00019605 0.00015735 0.0001648 0.00015935 0.0001848 0.00019115 0.0001671 0.00016935 0.0001825 0.0001753 0.00016725 0.00017295 0.00019085 0.0001648 0.0001741 0.00017715 0.0001842 0.0001593 0.0001905 0.0001932 0.00016185 0.0001562 0.00015685 0.0001574 0.00015865 0.00015875 0.00017515 0.0001727 0.000182 0.00019995 0.000156 0.00016465 0.0001582 0.0001832 0.00015665
33 7.565e-05 0.00019375 0.00017285 0.00016135 0.0001743 5.675e-05 0.00016135 0.0001921 0.00013295 0.0001375 0.0001729 0.00016375 3.46e-05 3.54e-05 3.555e-05 7.76e-05 0.00017305 0.0001615 0.0001411 0.0002348 3.6e-05 5.56e-05 0.0002674 3.52e-05 0.0001723 0.0002321 0.00017635 0.0001788 3.545e-05 7.125e-05 0.000288 0.0001725 0.00018635 6.65e-05 0.00013295 5.715e-05 3.375e-05 5.565e-05 3.455e-05 5.605e-05 0.0002776 0.0001925 0.00013975 0.0001712 0.0001384 7.95e-05 0.0002754 3.41e-05 0.000153 5.39e-05 0.0001508 3.475e-05 5.63e-05 7.79e-05 5.58e-05 3.5e-05 5.71e-05 0.00017295 0.00026225 7.575e-05 0.0001925 3.445e-05 0.00026985 0.0002792 0.00026895 0.0001411 0.0001376 0.00019445 5.605e-05 5.61e-05 7.96e-05 0.0001531 0.0001324 0.0001382 0.00013285 0.0001941 0.00026915 0.0001333 0.00019385 0.0001836 0.00015465 0.0001524 5.6e-05 0.00010095 0.0001313 3.56e-05 5.665e-05 7.76e-05 3.38e-05 7.715e-05 0.0001598 0.0001328 0.0001753 0.0001594 0.0001626 5.645e-05 0.0001943 5.66e-05 0.00013795 5.61e-05
34 0.0001689 0.00020835 0.00019 0.0001782 0.0001895 0.00015025 0.0001599 0.000209 0.00012925 0.0001568 0.00019005 0.0001846 0.0001295 0.00013145 0.0001316 0.00015015 0.0001911 0.0001598 0.00015885 0.00015645 0.00012855 0.0001316 0.0002056 0.0001325 0.00018985 0.0001514 0.00020595 0.0001765 0.00013035 0.00013735 0.00022625 0.0001903 0.0002008 0.00013295 0.0002536 0.00013075 0.00013105 0.00013345 0.0001316 0.00014995 0.00021795 0.00020905 0.00015995 0.00018615 0.00015735 0.00015425 0.00021545 0.0001323 0.00018335 0.0001501 0.0001668 0.0001315 0.00014995 0.00013205 0.0001497 0.00013145 0.0001491 0.0001901 0.00018265 0.000169 0.00020905 0.0001314 0.0002419 0.00022115 0.00024135 0.00015885 0.0001569 0.0002087 0.00013155 0.00012935 0.00015435 0.00018345 0.0001822 0.00015495 0.0001291 0.0001902 0.00024145 0.0001552 0.0002085 0.00020385 0.00012965 0.0001481 0.0001315 0.00017275 0.0001833 0.0001305 0.00015015 0.00016855 0.0001311 0.0001501 0.00015745 0.00012905 0.00016635 0.00017865 0.0001819 0.00014995 0.00020855 0.0001317 0.00015485 0.00015
35 7.27e-05 0.00017055 0.0001477 0.00016145 0.00014765 5.34e-05 0.0001181 0.00016725 0.00010545 0.0001134 0.00014765 0.0001386 8.185e-05 3e-05 3.015e-05 5.185e-05 0.0001691 0.0001371 0.0001372 0.00018965 5.425e-05 2.815e-05 0.00022245 5.09e-05 0.00014695 0.00018305 0.0001547 0.000155 2.805e-05 6.385e-05 0.0002429 0.0001746 0.0001633 5.715e-05 0.00013075 5.49e-05 2.86e-05 5.675e-05 5.64e-05 5.265e-05 0.00025575 0.00016785 0.0001464 0.0001478 0.0001144 7.725e-05 0.00023155 5.015e-05 0.0001057 4.88e-05 0.00012345 2.95e-05 5.3e-05 2.77e-05 5.235e-05 2.95e-05 5.185e-05 0.0001478 0.0002152 7.28e-05 0.00016785 2.94e-05 0.0002253 0.0002341 0.0002242 0.0001372 0.0001135 0.00017145 2.815e-05 5.355e-05 7.735e-05 0.0001058 0.0001056 0.0001396 0.00010535 0.00014645 0.0002244 0.00013515 0.0001707 0.00015895 0.00010485 0.0001254 2.81e-05 0.00010085 0.0001338 2.82e-05 5.33e-05 7.63e-05 2.865e-05 5.14e-05 0.00011355 0.0001053 0.00015435 0.00013895 0.0001607 5.31e-05 0.0001713 2.88e-05 0.00013915 5.27e-05
36 4.705e-05 0.00016455 0.00014105 0.00015725 0.0001459 2.77e-05 0.00013605 0.00016115 0.0001025 0.0001049 0.0001415 0.0001317 6.16e-05 4.15e-06 4.3e-06 4.82e-05 0.0001664 0.0001552 0.0001382 0.0002032 3.53e-05 2.35e-05 0.00023615 2.835e-05 0.00014005 0.00020255 0.0001705 0.00017295 6.25e-06 4.225e-05 0.00025635 0.0001715 0.00015735 3.375e-05 0.00013105 2.86e-05 2e-06 5.625e-05 3.275e-05 2.6e-05 0.0002715 0.0001619 0.0001452 0.00014155 0.00010655 7.265e-05 0.0002434 2.675e-05 0.00012155 2.225e-05 0.000122 3e-06 2.715e-05 4.595e-05 2.59e-05 2.9e-06 3.1e-05 0.00014095 0.00023275 4.715e-05 0.0001619 2.7e-06 0.00023895 0.00024755 0.0002377 0.0001381 0.0001048 0.0001656 2.36e-05 5.24e-05 7.275e-05 0.00012165 0.00010425 0.0001346 0.0001024 0.0001624 0.00023795 0.00013415 0.0001644 0.000153 0.0001246 0.00012315 2.355e-05 9.715e-05 0.00013055 6.55e-06 2.76e-05 5.075e-05 1.1e-06 4.735e-05 0.00012795 0.00010215 0.00014955 0.0001349 0.0001562 2.74e-05 0.00016545 2.5e-05 0.0001339 2.605e-05
