 slim_337462294 slim_337467947 slim_337467965 slim_337467864 slim_337468086 slim_337468011 slim_337468005 slim_337467997 slim_337468104 slim_337468064 slim_337468078 slim_337468054 slim_337468090 slim_337468193 slim_337468246 slim_337468171 slim_337468210 slim_337468235 slim_337468230 slim_337468213 slim_337468165 slim_337468130 slim_337468241 slim_337468208 slim_337468234 slim_337468199 slim_337468187 slim_337468231 slim_337468197 slim_337468242 slim_337468243 slim_337468170 slim_337468139 slim_337468202 slim_337468211 slim_337468249 slim_337468132 slim_337468344 slim_337468278 slim_337468322 slim_337468319 slim_337468352 slim_337468320 slim_337468361 slim_337468347 slim_337468345 slim_337468341 slim_337468351 slim_337468294 slim_337468353 slim_337468301 slim_337468295 slim_337468302 slim_337468355 slim_337468348 slim_337468273 slim_337468311 slim_337468337 slim_337468366 slim_337468329 slim_337468357 slim_337468159 slim_337468354 slim_337468304 slim_337468327 slim_337468367 slim_337468328 slim_337468358 slim_337468330 slim_337468360 slim_337468364 slim_337468335 slim_337468117 slim_337468346 slim_337468286 slim_337468325 slim_337468299 slim_337468334 slim_337468280 slim_337468362 slim_337468288 slim_337468321 slim_337468350 slim_337468359 slim_337468258 slim_337468318 slim_337468332 slim_337468331 slim_337468312 slim_337468365 slim_337468303 slim_337468313 slim_337468323 slim_337468265 slim_337468314 slim_337468343 slim_337468336 slim_337468307 slim_337468356 slim_337468255
0 0.000869 0.00093295 0.0008236 0.00084615 0.00090365 0.00087245 0.0009127 0.0008203 0.000868 0.00093245 0.00065125 0.0008644 0.0008998 0.00081255 0.0008542 0.0007978 0.00081025 0.0009249 0.0009205 0.00085965 0.0008468 0.0008735 0.00085615 0.00080465 0.00085935 0.00081355 0.00085235 0.00088845 0.0008478 0.0009131 0.00090905 0.0008088 0.00062495 0.0006545 0.00086805 0.00082415 0.0009593 0.00084735 0.0006328 0.00086655 0.0008625 0.00079455 0.000878 0.0008379 0.0008171 0.0008492 0.00084575 0.0008638 0.00086365 0.000856 0.00086375 0.0008785 0.0008681 0.0008647 0.00088095 0.00086225 0.00089225 0.00079935 0.00087315 0.00090075 0.00085475 0.0008829 0.0008638 0.0009062 0.0008556 0.00078975 0.0008 0.00083845 0.0008504 0.0008731 0.0007865 0.0008688 0.00087575 0.00088955 0.0008225 0.0008474 0.00081465 0.00085135 0.00078585 0.0008257 0.00091685 0.0008525 0.0008924 0.00085395 0.0008733 0.00085875 0.00085 0.0008817 0.00083645 0.00091935 0.0008744 0.00088605 0.00063915 0.00084915 0.0008539 0.0008231 0.00089865 0.00087025 0.00088805 0.0008735
1 0.00093295 0.0008053 0.00081075 0.0008809 0.00088005 0.00087285 0.0009225 0.0008956 0.00091985 0.00089715 0.000932 0.0009019 0.00091025 0.00084415 0.00087575 0.00089235 0.00088795 0.0008553 0.0006652 0.00084785 0.0008693 0.00089455 0.00088225 0.00082955 0.00092035 0.0009311 0.00085145 0.00091495 0.000855 0.00065725 0.00088825 0.0008682 0.00092665 0.0009076 0.00083075 0.0008741 0.00040285 0.0008688 0.00086425 0.0008707 0.00090305 0.00088085 0.0008855 0.0008549 0.00087505 0.0008748 0.00072315 0.0008902 0.00089005 0.0008603 0.0008366 0.00065145 0.00083975 0.00090485 0.00067875 0.0006774 0.0009274 0.0008501 0.0008365 0.0008508 0.00084785 0.00091275 0.0009224 0.0008449 0.00081095 0.00086495 0.0008788 0.00085295 0.0008323 0.0008605 0.00086775 0.00090075 0.0008961 0.0008457 0.00089545 0.00088925 0.00088255 0.0009073 0.0008732 0.000881 0.00064625 0.0009516 0.00060615 0.0008824 0.00092105 0.00090615 0.00083195 0.00089475 0.0008512 0.00064825 0.0009197 0.0008906 0.0008821 0.0008255 0.00088235 0.0008442 0.00092005 0.0009029 0.00087655 0.0009045
2 0.0008236 0.00081075 0.0005606 0.00084785 0.0008627 0.00083615 0.00086985 0.00089505 0.00086065 0.00084905 0.00082415 0.00087155 0.0008718 0.000807 0.00056175 0.0008081 0.0008254 0.0005596 0.00089625 0.00085155 0.0005884 0.00087005 0.0008444 0.0008234 0.0008961 0.0008227 0.00085965 0.00086395 0.00086105 0.00089195 0.00090625 0.0008277 0.00077845 0.0008276 0.00081195 0.00084275 0.0009294 0.00084365 0.00080845 0.0008443 0.0008068 0.0008569 0.00089215 0.0008585 0.00086155 0.00085315 0.00049515 0.0008533 0.00085315 0.0005677 0.000856 0.0007944 0.0005657 0.00090075 0.00088445 0.00087135 0.00086655 0.0008163 0.0008346 0.0008895 0.00085605 0.0009232 0.0008489 0.0009025 0.00086245 0.00081255 0.00080905 0.00057775 0.00067115 0.0008671 0.00080855 0.00084955 0.00088165 0.00084005 0.0009169 0.00085415 0.00086875 0.0008478 0.0008317 0.0008408 0.0008908 0.000878 0.0008749 0.0008825 0.000846 0.0008757 0.00082245 0.00087705 0.00082275 0.00091425 0.0008589 0.00085995 0.0005418 0.00059345 0.00088245 0.00083455 0.0008773 0.000853 0.00087175 0.00086545
3 0.00084615 0.0008809 0.00084785 0.0008344 0.00088635 0.0009141 0.0008366 0.0008376 0.00067215 0.0009065 0.0008418 0.0008407 0.00082225 0.00083735 0.00073855 0.0008384 0.00084885 0.00089765 0.00088725 0.0006214 0.00082895 0.0008557 0.0006587 0.00087475 0.00087085 0.0006242 0.0008746 0.0008793 0.0007883 0.0006618 0.000944 0.00088485 0.00087635 0.00087525 0.0008502 0.000853 0.0009064 0.00089455 0.00086855 0.00084495 0.000701 0.00082245 0.00082545 0.00084165 0.00085455 0.0004174 0.00080085 0.00087895 0.0008788 0.00062935 0.0009078 0.00083845 0.0008796 0.0008389 0.00079865 0.0008693 0.00062945 0.00085295 0.0008354 0.00083265 0.0008758 0.0008745 0.00053395 0.00083915 0.0008363 0.00084815 0.00080505 0.0008483 0.00087825 0.00079525 0.00085605 0.00083005 0.0006521 0.00087895 0.00085095 0.0006723 0.00088475 0.0009045 0.0008429 0.00065275 0.0008924 0.000808 0.00088415 0.0008226 0.00083585 0.00061945 0.00086155 0.0009391 0.0008243 0.00089695 0.00064275 0.0008271 0.0008545 0.00083875 0.00082255 0.00090365 0.0008524 0.0008216 0.0009159 0.00064035
4 0.00090365 0.00088005 0.0008627 0.00088635 0.0009378 0.0009058 0.0008841 0.0008982 0.00092485 0.00091585 0.00094195 0.00074085 0.0006907 0.00087725 0.00087845 0.0007938 0.0008803 0.00087115 0.0008896 0.0008959 0.0008817 0.0008779 0.0008886 0.00084265 0.0009094 0.00081275 0.0008666 0.00089765 0.0008855 0.00089675 0.0008134 0.0007932 0.00091675 0.00090195 0.0008882 0.00085925 0.0008841 0.00090345 0.0008847 0.00086615 0.0008146 0.00087235 0.00071845 0.0008784 0.0008546 0.0008954 0.00087125 0.00090695 0.0009068 0.0008751 0.0008873 0.0008832 0.0006547 0.00087635 0.0009059 0.0009007 0.0009113 0.0008613 0.0008296 0.0006751 0.0008678 0.00079865 0.00090595 0.0008914 0.00087395 0.0008537 0.00082925 0.000867 0.0008525 0.00083685 0.00081675 0.0008648 0.00089675 0.0006272 0.00090325 0.00090195 0.00084785 0.00085385 0.0008799 0.00086445 0.0008941 0.0009198 0.0008753 0.00087595 0.00078785 0.0009 0.00078395 0.00091965 0.00088845 0.0008755 0.00090235 0.00087505 0.00088665 0.00087915 0.0008759 0.00085545 0.00089365 0.00083335 0.00090595 0.00089195
5 0.00087245 0.00087285 0.00083615 0.0009141 0.0009058 0.0008841 0.00082575 0.00088275 0.0006823 0.00087195 0.000853 0.0009316 0.0008596 0.00085605 0.0009 0.00087915 0.00083515 0.0008841 0.00084655 0.0009016 0.00088495 0.0008387 0.00089835 0.0008739 0.0006677 0.00090785 0.0008929 0.0006105 0.00084965 0.00091335 0.0008617 0.000737 0.00083615 0.0008962 0.0007606 0.00089175 0.00090425 0.00064175 0.0008584 0.00080685 0.0008797 0.0008877 0.00088325 0.00089505 0.00092775 0.0009028 0.00087215 0.00066025 0.0006601 0.00088715 0.0008259 0.0008952 0.0008946 0.00087195 0.0009168 0.00088665 0.00089755 0.00087275 0.0008557 0.0008808 0.0008923 0.0009031 0.00093535 0.00086615 0.0008645 0.0008898 0.0008841 0.00082435 0.00086745 0.0008869 0.00072465 0.00087255 0.00092185 0.0008853 0.00090695 0.0006741 0.0007441 0.0005047 0.0008397 0.00091485 0.0009103 0.000731 0.00087275 0.0008857 0.00087225 0.0009358 0.00086545 0.0006289 0.0008584 0.0009245 0.00085575 0.00079495 0.00084875 0.0008661 0.00088565 0.0008493 0.0008616 0.00086845 0.0008633 0.0008867
6 0.0009127 0.0009225 0.00086985 0.0008366 0.0008841 0.00082575 0.0008918 0.00088765 0.0008309 0.00091685 0.0009128 0.000887 0.0008259 0.0008661 0.00089505 0.0008687 0.000914 0.00091985 0.0009493 0.00085355 0.0009161 0.00086815 0.00084285 0.00086815 0.0008443 0.000877 0.0008722 0.00061635 0.0008971 0.00091225 0.0008945 0.00083245 0.00086245 0.0009232 0.0008734 0.00087095 0.0009494 0.00081835 0.0008947 0.00066375 0.00089105 0.0008907 0.00090355 0.00090215 0.00092045 0.0008361 0.0009164 0.00080325 0.0008031 0.0008833 0.000856 0.00092505 0.00089195 0.00088235 0.00088665 0.00088775 0.0006606 0.00088805 0.0008697 0.0008632 0.00087055 0.00091445 0.00088985 0.000895 0.00085045 0.0008844 0.0008961 0.00091855 0.00086025 0.00088185 0.00082885 0.00080125 0.00088395 0.0009061 0.00090645 0.00079255 0.0008448 0.0007825 0.00091275 0.0008811 0.00092685 0.0008256 0.00089965 0.00086075 0.00085165 0.0009149 0.0009002 0.0008245 0.0008545 0.00092205 0.00091225 0.00067845 0.00091015 0.00085345 0.0008607 0.00084205 0.0006544 0.00088785 0.00088305 0.0008691
7 0.0008203 0.0008956 0.00089505 0.0008376 0.0008982 0.00088275 0.00088765 0.0007165 0.0008903 0.0008596 0.0008169 0.00082615 0.0008328 0.0007942 0.0008934 0.0008065 0.0008518 0.0008665 0.00086255 0.0008768 0.0008315 0.0008878 0.0008652 0.00076175 0.0006211 0.00090545 0.00076905 0.00087845 0.00082675 0.00090015 0.00083765 0.0008486 0.0008286 0.0008377 0.00087065 0.00084515 0.00090345 0.0008051 0.00077505 0.0007817 0.00084965 0.00062055 0.0005895 0.000757 0.00079245 0.00083155 0.0008358 0.00086335 0.0008632 0.00087885 0.00074985 0.00083775 0.0008736 0.00059 0.00084345 0.0008132 0.0008995 0.0007743 0.0008422 0.00087845 0.00077165 0.00063025 0.00091315 0.00085645 0.0007868 0.0008317 0.00085135 0.0008633 0.0008215 0.00083365 0.0008912 0.0008427 0.0008479 0.000864 0.0006106 0.0008312 0.00088145 0.0008918 0.0008744 0.00084735 0.0008805 0.0006172 0.0008149 0.0006006 0.0008404 0.0008424 0.00081905 0.0008206 0.00079695 0.0008577 0.00085935 0.00087195 0.0008468 0.0009079 0.00060055 0.000755 0.0008618 0.0008209 0.0008153 0.00085935
8 0.000868 0.00091985 0.00086065 0.00067215 0.00092485 0.0006823 0.0008309 0.0008903 0.0009191 0.00088875 0.0008854 0.0009274 0.00087 0.00089005 0.0007718 0.0008972 0.0008422 0.00090405 0.0008624 0.000642 0.0008734 0.0008802 0.00068455 0.0009205 0.0006649 0.0006775 0.00093865 0.00061275 0.0008746 0.0006877 0.00093515 0.00076905 0.0008829 0.00090925 0.00088045 0.0008938 0.00091585 0.0006841 0.00091225 0.00082475 0.00075495 0.00087315 0.0008838 0.0009148 0.0009268 0.0007081 0.0008783 0.0006539 0.0006537 0.00066455 0.00091945 0.0009225 0.0009099 0.00088295 0.00092085 0.00092925 0.00067775 0.0009007 0.00087825 0.00089505 0.00093985 0.0009051 0.0005688 0.0008794 0.0008998 0.0008999 0.00085885 0.00086305 0.00091845 0.0008663 0.00074075 0.00085015 0.00074975 0.0009294 0.00090775 0.00067235 0.00077555 0.00053255 0.00086655 0.00069635 0.00091075 0.00066485 0.0009122 0.00085905 0.00089595 0.00069045 0.0009168 0.00069685 0.0008583 0.0009424 0.00063435 0.0007746 0.0008695 0.00089025 0.000859 0.00092705 0.0008958 0.00086875 0.00091785 0.0006778
9 0.00093245 0.00089715 0.00084905 0.0009065 0.00091585 0.00087195 0.00091685 0.0008596 0.00088875 0.0009466 0.0009574 0.0008808 0.00087745 0.00089465 0.00086735 0.0008789 0.00089975 0.00065625 0.00088115 0.00090565 0.0008425 0.0009181 0.00087685 0.0009035 0.0008727 0.00088485 0.0009024 0.00088365 0.00088015 0.0008796 0.00094035 0.000884 0.00092905 0.000912 0.00085865 0.0008878 0.0008694 0.00089635 0.0009306 0.00088325 0.00086735 0.0008825 0.00088745 0.0008914 0.00089005 0.00090785 0.0008573 0.00087595 0.0008758 0.00086465 0.0009124 0.00090145 0.0008571 0.00087035 0.0008915 0.0008979 0.00092195 0.00090695 0.0008764 0.000901 0.00090325 0.0009093 0.00089305 0.00087545 0.00087515 0.0008931 0.00089505 0.0008534 0.00087485 0.0008641 0.00088645 0.00084845 0.00089585 0.00088175 0.0008778 0.0009056 0.00088195 0.0008767 0.0008875 0.0008963 0.00086975 0.0008823 0.00088715 0.00086085 0.0009224 0.000884 0.00088555 0.00090355 0.00088775 0.00088475 0.00089145 0.000867 0.0008807 0.00087055 0.0008608 0.00090685 0.0009185 0.000883 0.00089485 0.00088655
10 0.00065125 0.000932 0.00082415 0.0008418 0.00094195 0.000853 0.0009128 0.0008169 0.0008854 0.0009574 0.0008564 0.00090405 0.00090375 0.0008569 0.0008861 0.00088175 0.0008812 0.00092085 0.0009339 0.00091915 0.00086165 0.00083355 0.0009073 0.00084855 0.00084775 0.00088915 0.0009035 0.0008847 0.00086285 0.0009535 0.0009263 0.0008098 0.00062855 0.00067235 0.00087875 0.00084645 0.0009796 0.0008713 0.00066595 0.00091315 0.0008506 0.0008635 0.00087065 0.0008968 0.0008463 0.0008166 0.00082515 0.0008716 0.00087145 0.0008784 0.000922 0.0008895 0.0008859 0.0008746 0.0008936 0.00091445 0.0009135 0.0007701 0.0008673 0.00092325 0.0009054 0.00087995 0.0009315 0.0009332 0.00090225 0.00080805 0.0008529 0.0008484 0.00087595 0.00086815 0.0008481 0.0009015 0.0008921 0.0008887 0.0008154 0.00079995 0.0008002 0.0008324 0.00087135 0.00086305 0.0009482 0.0008484 0.00093935 0.00087585 0.00067125 0.0009111 0.0008198 0.00089085 0.00082075 0.00094385 0.0009079 0.000931 0.00062875 0.00087775 0.0008758 0.00084555 0.0008983 0.0008641 0.0009307 0.0009124
11 0.0008644 0.0009019 0.00087155 0.0008407 0.00074085 0.0009316 0.000887 0.00082615 0.0009274 0.0008808 0.00090405 0.0008644 0.00084205 0.00082905 0.00089695 0.0007458 0.0008422 0.0008687 0.00089015 0.00085515 0.00065485 0.0008062 0.0008299 0.0008636 0.0008891 0.00077585 0.00064645 0.0009014 0.00081185 0.000892 0.0008482 0.00082665 0.0008709 0.00088505 0.00084845 0.000824 0.0009037 0.0009175 0.00086125 0.00082625 0.00081325 0.0008061 0.0008326 0.0006464 0.00064965 0.0008291 0.0007776 0.00086955 0.0008694 0.00086835 0.00085125 0.0006663 0.00070875 0.0008587 0.00084075 0.0008846 0.000913 0.00088535 0.00076375 0.0008654 0.00064875 0.00082905 0.00091185 0.0008452 0.0008355 0.00083155 0.00080495 0.00085325 0.0006227 0.000806 0.00079735 0.000807 0.00064445 0.0006621 0.00082745 0.00088795 0.0008189 0.0008804 0.0008295 0.0008739 0.0009085 0.00087605 0.00088205 0.00078405 0.00069175 0.0006565 0.00078265 0.0008968 0.000834 0.0006682 0.00087855 0.00083555 0.00086725 0.0008616 0.000784 0.0008644 0.00092965 0.00085765 0.00087755 0.00089715
12 0.0008998 0.00091025 0.0008718 0.00082225 0.0006907 0.0008596 0.0008259 0.0008328 0.00087 0.00087745 0.00090375 0.00084205 0.0008707 0.00084755 0.00087115 0.0008282 0.00087085 0.00086355 0.00088435 0.00087385 0.00084415 0.00091095 0.0008561 0.0008655 0.00083945 0.00084235 0.00088995 0.00083305 0.0008288 0.0008852 0.0008699 0.0008677 0.00086485 0.00092785 0.0008498 0.00085025 0.00092285 0.0008843 0.00088615 0.00080625 0.0008248 0.0008415 0.000611 0.00086095 0.00085045 0.00081125 0.00082365 0.0008795 0.00087935 0.0008369 0.00089565 0.0008718 0.00083025 0.0007993 0.00086835 0.0008923 0.00086285 0.00085135 0.00087255 0.00068715 0.000889 0.00080555 0.0008852 0.0008629 0.0008518 0.0008382 0.00076425 0.0008274 0.00088935 0.00072975 0.00088835 0.00065095 0.00086435 0.0008565 0.0008601 0.00084485 0.00090715 0.00088635 0.00086275 0.0008516 0.00094055 0.0008472 0.00089945 0.0008264 0.00087425 0.00084685 0.00087155 0.0009039 0.0008569 0.00091345 0.0008468 0.0008237 0.00087015 0.00088835 0.00082635 0.00086815 0.0008451 0.00072215 0.0009366 0.00083
13 0.00081255 0.00084415 0.000807 0.00083735 0.00087725 0.00085605 0.0008661 0.0007942 0.00089005 0.00089465 0.0008569 0.00082905 0.00084755 0.0008497 0.0008556 0.0006435 0.00078735 0.0008349 0.00084495 0.00087715 0.0007949 0.0008356 0.00085705 0.0006344 0.00086105 0.0008595 0.0006235 0.0008771 0.0008411 0.0008933 0.00078705 0.000866 0.0008538 0.00086965 0.0008295 0.00078845 0.00090445 0.0006616 0.0006307 0.0006552 0.0008412 0.00080705 0.0008285 0.00060335 0.00081265 0.0008324 0.00074335 0.00086145 0.0008613 0.0008325 0.0005589 0.00078275 0.00082705 0.00083635 0.00088275 0.0006624 0.00087905 0.0007635 0.0008104 0.00086445 0.0006233 0.00085285 0.0009068 0.0008392 0.0006356 0.000635 0.0008079 0.00079915 0.0007229 0.00083595 0.000839 0.0008358 0.0008467 0.00083365 0.0008627 0.0008454 0.00089485 0.00089305 0.0008029 0.00086325 0.0009039 0.00084285 0.0006648 0.00082445 0.0008773 0.000832 0.00081615 0.0007936 0.0007539 0.00086325 0.0008339 0.0008568 0.0008223 0.00084825 0.0008244 0.0007476 0.0008622 0.0008373 0.00079785 0.0008655
14 0.0008542 0.00087575 0.00056175 0.00073855 0.00087845 0.0009 0.00089505 0.0008934 0.0007718 0.00086735 0.0008861 0.00089695 0.00087115 0.0008556 0.0008313 0.0008495 0.0008569 0.000642 0.0009148 0.0007589 0.0007219 0.00089795 0.00068725 0.00088325 0.00091565 0.00072115 0.00091105 0.00091675 0.00089575 0.0007817 0.0009365 0.00087545 0.00088175 0.0007853 0.0008756 0.0008553 0.00093195 0.00089905 0.0008935 0.0009109 0.00072965 0.000868 0.0008832 0.0009002 0.00089765 0.00075035 0.00061195 0.00085435 0.0008542 0.00052885 0.00091785 0.0008671 0.0006453 0.00088965 0.00089735 0.00089125 0.0007501 0.00087415 0.0008319 0.00088665 0.0009104 0.0009212 0.0005236 0.0009126 0.0008835 0.00085345 0.00081585 0.0006594 0.0007939 0.000848 0.0008434 0.00082345 0.0007953 0.0008659 0.00091425 0.00087905 0.00088985 0.0008911 0.0008549 0.0007564 0.0008004 0.0008975 0.0009089 0.00085775 0.000875 0.00077315 0.0008679 0.00092835 0.00083185 0.0009342 0.00076465 0.0008496 0.0007157 0.0008043 0.0008577 0.00089655 0.0008644 0.0008376 0.0008092 0.00074595
15 0.0007978 0.00089235 0.0008081 0.0008384 0.0007938 0.00087915 0.0008687 0.0008065 0.0008972 0.0008789 0.00088175 0.0007458 0.0008282 0.0006435 0.0008495 0.0008685 0.00076695 0.00084735 0.00086845 0.00088565 0.00079595 0.0008013 0.0008549 0.0006827 0.0008575 0.0006526 0.00065535 0.0009006 0.0008145 0.0008931 0.0007894 0.00081175 0.0008627 0.0008683 0.00084875 0.00084755 0.00091555 0.0007093 0.0006636 0.00066335 0.0007735 0.00075225 0.0008185 0.00063965 0.00082765 0.0008331 0.0007811 0.0008781 0.00087795 0.0008334 0.00062305 0.0008269 0.00075225 0.0007992 0.0008553 0.00069585 0.0008653 0.00079655 0.0007768 0.0008552 0.00065835 0.0008094 0.0008913 0.00083265 0.00066315 0.00083075 0.0007467 0.0008053 0.000737 0.00080585 0.0007329 0.000845 0.00083765 0.00071485 0.0008511 0.0008651 0.00083195 0.0008382 0.00076405 0.000871 0.0009132 0.00084455 0.00070515 0.00081175 0.0008225 0.00082775 0.00076075 0.0008309 0.0007772 0.00086585 0.0008461 0.00085615 0.00081675 0.00082585 0.0008117 0.00079635 0.0008335 0.00079375 0.00083095 0.00083905
16 0.00081025 0.00088795 0.0008254 0.00084885 0.0008803 0.00083515 0.000914 0.0008518 0.0008422 0.00089975 0.0008812 0.0008422 0.00087085 0.00078735 0.0008569 0.00076695 0.0008521 0.0008842 0.0006684 0.000831 0.00082195 0.00088485 0.0008512 0.0008707 0.00082575 0.0007917 0.0008587 0.0008646 0.0007907 0.00088425 0.00090545 0.00090705 0.0008444 0.00083475 0.00081875 0.00084255 0.00091025 0.0008365 0.0008186 0.000838 0.0007698 0.0006258 0.00085195 0.00083105 0.00085505 0.00085335 0.00079765 0.00082985 0.0008297 0.00084355 0.0008698 0.00084055 0.00084665 0.0008392 0.00087345 0.0008854 0.0008916 0.0008829 0.00083155 0.0008611 0.0008599 0.00087175 0.0008698 0.00070045 0.0008366 0.0008101 0.0006517 0.00079325 0.00085895 0.0008518 0.0006727 0.0008634 0.0008686 0.0008471 0.00086275 0.00083295 0.00090985 0.0008727 0.00059215 0.0008768 0.0008962 0.0008058 0.0008785 0.00082935 0.00092215 0.00083695 0.00086165 0.00086225 0.0008521 0.00089055 0.0006425 0.00087365 0.00080815 0.0008524 0.0008293 0.0008901 0.00088895 0.0008652 0.00088735 0.0008558
17 0.0009249 0.0008553 0.0005596 0.00089765 0.00087115 0.0008841 0.00091985 0.0008665 0.00090405 0.00065625 0.00092085 0.0008687 0.00086355 0.0008349 0.000642 0.00084735 0.0008842 0.0007937 0.00088485 0.00091275 0.00068995 0.00091935 0.0008598 0.00085825 0.0009075 0.00087625 0.0008616 0.0009114 0.0008957 0.0008934 0.00093375 0.00087315 0.00092535 0.00089355 0.000907 0.00085845 0.00088185 0.00087735 0.00089265 0.0008821 0.0008711 0.00089655 0.00089105 0.00086375 0.0008706 0.00091545 0.00058955 0.0008659 0.00086575 0.0006513 0.0008866 0.00085245 0.0006193 0.00090265 0.00091625 0.0008891 0.0009125 0.0008558 0.0008576 0.00091445 0.00085985 0.00092885 0.00088765 0.00090225 0.0008897 0.0008432 0.00086215 0.0006412 0.0007385 0.0008855 0.0008811 0.00082705 0.0009058 0.00086385 0.00091515 0.0008969 0.0008999 0.0008921 0.0008832 0.00088535 0.00086615 0.00090375 0.00086665 0.00087015 0.0008833 0.00089065 0.00086765 0.000913 0.00083735 0.0008769 0.0008965 0.00086665 0.00072045 0.000819 0.0008701 0.0008814 0.0009067 0.00086835 0.00088595 0.00089935
18 0.0009205 0.0006652 0.00089625 0.00088725 0.0008896 0.00084655 0.0009493 0.00086255 0.0008624 0.00088115 0.0009339 0.00089015 0.00088435 0.00084495 0.0009148 0.00086845 0.0006684 0.00088485 0.0009247 0.0008509 0.0008827 0.0009333 0.0008806 0.000857 0.0008203 0.0009196 0.0008695 0.00087115 0.00087925 0.0006806 0.00089785 0.0008991 0.00092445 0.0008875 0.00082785 0.0008708 0.0004624 0.000829 0.0008655 0.0008444 0.0008035 0.00084455 0.00083865 0.00085435 0.00087965 0.00088725 0.0008545 0.00084225 0.0008421 0.0008896 0.000858 0.00087245 0.0008862 0.0008423 0.0007049 0.0007076 0.00094055 0.00087065 0.00087375 0.00083075 0.00086775 0.000863 0.00091395 0.00064975 0.00080315 0.00086855 0.00087845 0.0009059 0.0009036 0.0008284 0.00089515 0.00089935 0.0009026 0.0008906 0.00086265 0.00085115 0.00091345 0.00087095 0.00090315 0.0008908 0.0006675 0.0008417 0.00064715 0.0008363 0.00093465 0.00088795 0.000882 0.00085805 0.00085845 0.00068475 0.00068085 0.000905 0.00089545 0.000875 0.00083625 0.0008787 0.00092625 0.0008763 0.00087845 0.00088455
19 0.00085965 0.00084785 0.00085155 0.0006214 0.0008959 0.0009016 0.00085355 0.0008768 0.000642 0.00090565 0.00091915 0.00085515 0.00087385 0.00087715 0.0007589 0.00088565 0.000831 0.00091275 0.0008509 0.0008001 0.0008215 0.00088715 0.00063505 0.00091285 0.0008641 0.0006267 0.0008952 0.000852 0.00078495 0.0006139 0.00094815 0.000869 0.0008715 0.00086485 0.00087585 0.00086165 0.00082775 0.0009065 0.0009184 0.00087595 0.00072645 0.00081645 0.00086465 0.0008706 0.00085455 0.0006741 0.000841 0.00084765 0.0008475 0.00063315 0.00094185 0.00084015 0.0008786 0.00087785 0.00079325 0.00089335 0.00064355 0.00090185 0.0008508 0.0008705 0.00089455 0.00089295 0.0005233 0.00086205 0.00088475 0.0008573 0.00081245 0.00085325 0.0008823 0.0008384 0.0008148 0.0008338 0.0006831 0.0008907 0.0008619 0.0008635 0.00086045 0.0008625 0.00081465 0.00064875 0.0008245 0.00079115 0.00087835 0.0008277 0.00091405 0.0006063 0.00089305 0.0009172 0.0008589 0.0008447 0.00063715 0.00081675 0.0008698 0.0008502 0.00082765 0.00091805 0.0008992 0.00087395 0.00088785 0.0006559
20 0.0008468 0.0008693 0.0005884 0.00082895 0.0008817 0.00088495 0.0009161 0.0008315 0.0008734 0.0008425 0.00086165 0.00065485 0.00084415 0.0007949 0.0007219 0.00079595 0.00082195 0.00068995 0.0008827 0.0008215 0.0008739 0.0008504 0.00082245 0.0008699 0.0008705 0.0008197 0.0007062 0.00089575 0.00081065 0.00087675 0.00086525 0.0008763 0.0008061 0.0008583 0.00080355 0.00081535 0.00090895 0.00087665 0.0008436 0.00083925 0.00083165 0.00081345 0.00083595 0.00064405 0.00066305 0.0008325 0.0005646 0.0008428 0.00084265 0.00069235 0.000847 0.00063345 0.0006932 0.00085725 0.00085835 0.00088735 0.00089375 0.0008501 0.0008121 0.00086575 0.00070555 0.00086315 0.00086895 0.00084515 0.00083285 0.00081515 0.0008029 0.0006838 0.0006216 0.0008162 0.0008258 0.0008195 0.0007062 0.00084365 0.00085625 0.00085795 0.0008688 0.0008829 0.000808 0.00086705 0.00089435 0.0008452 0.00087995 0.00081095 0.0008796 0.000641 0.00086525 0.0008637 0.0007971 0.0007353 0.0008506 0.0008333 0.000637 0.00074105 0.0008109 0.00086645 0.0009093 0.0008468 0.00086125 0.0008603
21 0.0008735 0.00089455 0.00087005 0.0008557 0.0008779 0.0008387 0.00086815 0.0008878 0.0008802 0.0009181 0.00083355 0.0008062 0.00091095 0.0008356 0.00089795 0.0008013 0.00088485 0.00091935 0.0009333 0.00088715 0.0008504 0.0008716 0.0008353 0.00085415 0.00090135 0.0007979 0.0008164 0.00089405 0.00091435 0.0009013 0.00086115 0.00084385 0.0008336 0.00087065 0.0008226 0.0008557 0.0009577 0.00087465 0.0008118 0.0008651 0.00071055 0.00087435 0.0008854 0.0008229 0.0008434 0.00085945 0.00086445 0.00086775 0.0008676 0.00087095 0.00084715 0.0008218 0.0008754 0.0008789 0.00094715 0.0008976 0.0008543 0.00090025 0.00062795 0.00087265 0.00081715 0.0008745 0.0008749 0.0008528 0.0008387 0.00085675 0.00078365 0.000896 0.00081125 0.00077475 0.00083715 0.000875 0.0008254 0.00064495 0.00088355 0.00089115 0.00084655 0.0008642 0.00087845 0.0008601 0.00095565 0.00088895 0.0008957 0.0008535 0.00083995 0.00082865 0.0005995 0.00087935 0.0008727 0.0008785 0.000877 0.0008256 0.0008384 0.0008134 0.00085345 0.00084845 0.0008671 0.0007883 0.00090695 0.0008579
22 0.00085615 0.00088225 0.0008444 0.0006587 0.0008886 0.00089835 0.00084285 0.0008652 0.00068455 0.00087685 0.0009073 0.0008299 0.0008561 0.00085705 0.00068725 0.0008549 0.0008512 0.0008598 0.0008806 0.00063505 0.00082245 0.0008353 0.000762 0.00088135 0.0008923 0.0006213 0.0008477 0.0008754 0.00085735 0.00065255 0.00090905 0.00087065 0.000866 0.00086045 0.00081025 0.0006928 0.0008605 0.00091205 0.00089815 0.0008702 0.0007034 0.00083125 0.00084895 0.0008625 0.0008444 0.0006909 0.00084715 0.0006529 0.00065275 0.00063715 0.00090085 0.0008648 0.0008733 0.0008661 0.0008337 0.0008643 0.000652 0.00088615 0.0006232 0.00078935 0.00085 0.00088805 0.0004939 0.00082355 0.00080915 0.00083515 0.0008151 0.0008526 0.00083495 0.0007733 0.0008401 0.0006193 0.0006521 0.0008911 0.00085435 0.0008988 0.0008634 0.0009012 0.00083915 0.00065425 0.00084495 0.00084275 0.00088 0.0006206 0.0008788 0.0006352 0.0008568 0.0009039 0.00064495 0.0008283 0.00067275 0.0006167 0.00085565 0.00081375 0.00062055 0.00087815 0.0008657 0.00085005 0.00086565 0.0006585
23 0.00080465 0.00082955 0.0008234 0.00087475 0.00084265 0.0008739 0.00086815 0.00076175 0.0009205 0.0009035 0.00084855 0.0008636 0.0008655 0.0006344 0.00088325 0.0006827 0.0008707 0.00085825 0.000857 0.00091285 0.0008699 0.00085415 0.00088135 0.0007999 0.00083225 0.0009249 0.00061475 0.0008706 0.0009087 0.0009126 0.0007441 0.0006401 0.00084915 0.00083525 0.00084935 0.0006519 0.00087875 0.00064735 0.00059755 0.00065285 0.00078455 0.0008384 0.0008014 0.0006397 0.00063985 0.0008581 0.0008293 0.000875 0.00087485 0.00087995 0.0005233 0.00082995 0.0008309 0.0008209 0.00088445 0.00064465 0.00091805 0.00054475 0.00081695 0.0008587 0.00061775 0.00080585 0.0009469 0.0008277 0.0006404 0.00063275 0.0008754 0.00087505 0.00071905 0.0008624 0.0008933 0.00088575 0.00087085 0.0008135 0.00082225 0.00084895 0.00087735 0.0008872 0.00092195 0.00067365 0.00088055 0.00084335 0.00063935 0.0008126 0.00087845 0.0009131 0.00063935 0.0007673 0.00077215 0.0008541 0.00089095 0.00088445 0.00082445 0.0008289 0.00081255 0.0005072 0.0008807 0.000858 0.0007643 0.0009093
24 0.00085935 0.00092035 0.0008961 0.00087085 0.0009094 0.0006677 0.0008443 0.0006211 0.0006649 0.0008727 0.00084775 0.0008891 0.00083945 0.00086105 0.00091565 0.0008575 0.00082575 0.0009075 0.0008203 0.0008641 0.0008705 0.00090135 0.0008923 0.00083225 0.0008682 0.0009238 0.0008571 0.0005981 0.0008476 0.00090145 0.00086265 0.00074245 0.000829 0.0008479 0.00088225 0.00088815 0.0009073 0.0006224 0.00082555 0.00075025 0.0008571 0.0006765 0.0006627 0.0008426 0.0008644 0.0008557 0.0008875 0.0006656 0.00066545 0.00089595 0.0008221 0.0009041 0.00090325 0.00066215 0.00090035 0.0008883 0.0009111 0.00084295 0.0008967 0.00090185 0.0008586 0.000663 0.00091035 0.00086255 0.000853 0.00088215 0.0009026 0.000878 0.0008772 0.0008909 0.00077475 0.0008809 0.00088415 0.0009034 0.0006756 0.0006403 0.00077395 0.0005324 0.0008895 0.00087515 0.0008831 0.00049565 0.0008589 0.00066555 0.00088115 0.0008853 0.00087075 0.00063105 0.0008642 0.0009056 0.00081455 0.00081055 0.0008518 0.0009259 0.0006655 0.0008305 0.00090825 0.00088825 0.00084615 0.00089295
25 0.00081355 0.0009311 0.0008227 0.0006242 0.00081275 0.00090785 0.000877 0.00090545 0.0006775 0.00088485 0.00088915 0.00077585 0.00084235 0.0008595 0.00072115 0.0006526 0.0007917 0.00087625 0.0009196 0.0006267 0.0008197 0.0007979 0.0006213 0.0009249 0.0009238 0.0008025 0.00089605 0.0009213 0.0008001 0.0006713 0.0009422 0.00084315 0.00087415 0.00088235 0.0008699 0.00085075 0.00094135 0.00093995 0.00089425 0.0009083 0.00066005 0.00079005 0.00087335 0.00087825 0.00087715 0.0006686 0.0008253 0.00086605 0.0008659 0.00061585 0.00094735 0.0008757 0.00079425 0.0008663 0.0008633 0.0009127 0.0006332 0.0009209 0.00077125 0.0008503 0.00089835 0.00090485 0.00051515 0.00086615 0.0008798 0.0008562 0.0007155 0.00080125 0.0008607 0.00078915 0.00072425 0.00080365 0.0006777 0.0007612 0.0008941 0.0009006 0.0008285 0.00085805 0.00072935 0.00066285 0.00092445 0.000853 0.0009337 0.000836 0.0008213 0.00061585 0.0008053 0.000956 0.00084795 0.0009038 0.0006495 0.00081675 0.00083325 0.00082355 0.00083595 0.00093695 0.0008519 0.00079185 0.00093795 0.00062015
26 0.00085235 0.00085145 0.00085965 0.0008746 0.0008666 0.0008929 0.0008722 0.00076905 0.00093865 0.0009024 0.0009035 0.00064645 0.00088995 0.0006235 0.00091105 0.00065535 0.0008587 0.0008616 0.0008695 0.0008952 0.0007062 0.0008164 0.0008477 0.00061475 0.0008571 0.00089605 0.0008324 0.00087345 0.0008429 0.00091165 0.00071875 0.0008598 0.00087615 0.00089115 0.00083725 0.00081955 0.0008749 0.00067275 0.00064315 0.00063925 0.00084375 0.00081965 0.00083085 0.00048125 0.00067955 0.00085665 0.00080775 0.0008483 0.00084815 0.00090195 0.00051595 0.00068705 0.0008443 0.00084295 0.000857 0.0006536 0.0009374 0.0007732 0.0007625 0.0008686 0.0004195 0.00080375 0.0009584 0.0008426 0.000627 0.00081965 0.00086865 0.00085875 0.0005202 0.0008604 0.00088015 0.00084405 0.00066415 0.0007953 0.0008217 0.000865 0.0008824 0.00091765 0.0008582 0.00088105 0.00089705 0.00086555 0.0006457 0.0007764 0.0008455 0.00074735 0.00078845 0.00076125 0.0007503 0.0006458 0.00090635 0.00084675 0.00086495 0.0008525 0.00077635 0.00071505 0.00091345 0.00089205 0.00076715 0.00092465
27 0.00088845 0.00091495 0.00086395 0.0008793 0.00089765 0.0006105 0.00061635 0.00087845 0.00061275 0.00088365 0.0008847 0.0009014 0.00083305 0.0008771 0.00091675 0.0009006 0.0008646 0.0009114 0.00087115 0.000852 0.00089575 0.00089405 0.0008754 0.0008706 0.0005981 0.0009213 0.00087345 0.0006617 0.0008844 0.00090615 0.00089705 0.00069345 0.0008309 0.0009087 0.0008679 0.0008911 0.00091775 0.00059225 0.0008792 0.00059215 0.0008896 0.0008853 0.00088675 0.00090485 0.00092205 0.0008747 0.0009178 0.0005956 0.00059555 0.0008976 0.0008553 0.00093425 0.0009023 0.00088365 0.00091245 0.00090175 0.00089815 0.0008664 0.00089715 0.0008946 0.0008725 0.00090115 0.00091305 0.0008765 0.00087585 0.00089265 0.0009106 0.00089685 0.0008606 0.00090705 0.0007021 0.00082755 0.00088905 0.000919 0.0009033 0.00059765 0.0007203 0.00041495 0.0008994 0.0008915 0.0009145 0.0006478 0.0008856 0.00086275 0.000855 0.00092555 0.00090125 0.00059845 0.0008525 0.0009057 0.00085965 0.0006213 0.0008709 0.00087515 0.0008627 0.00086285 0.00090185 0.00090905 0.00088405 0.00089845
28 0.0008478 0.000855 0.00086105 0.0007883 0.0008855 0.00084965 0.0008971 0.00082675 0.0008746 0.00088015 0.00086285 0.00081185 0.0008288 0.0008411 0.00089575 0.0008145 0.0007907 0.0008957 0.00087925 0.00078495 0.00081065 0.00091435 0.00085735 0.0009087 0.0008476 0.0008001 0.0008429 0.0008844 0.0008582 0.0008596 0.00089775 0.00088865 0.0008473 0.00088935 0.0008656 0.0008812 0.0008738 0.0009067 0.0008712 0.00087175 0.0008731 0.0007444 0.0008149 0.0008393 0.00083855 0.00078755 0.00080935 0.0008692 0.00086905 0.00085135 0.0008896 0.0008027 0.0008614 0.00083345 0.00064395 0.00088435 0.0008873 0.0008423 0.00085825 0.000856 0.0008392 0.00085865 0.00089715 0.00087 0.0008582 0.0008387 0.00077335 0.00064295 0.00081885 0.0008281 0.00078325 0.00082945 0.00080975 0.0008738 0.00082505 0.00081765 0.0008641 0.0008865 0.0005632 0.000877 0.00090645 0.0008456 0.00089165 0.0008129 0.00087045 0.0008074 0.0008939 0.0008875 0.0008054 0.00082515 0.00086515 0.0008457 0.0008461 0.00085615 0.00081285 0.00088155 0.0009023 0.0008625 0.00090425 0.0008606
29 0.0009131 0.00065725 0.00089195 0.0006618 0.00089675 0.00091335 0.00091225 0.00090015 0.0006877 0.0008796 0.0009535 0.000892 0.0008852 0.0008933 0.0007817 0.0008931 0.00088425 0.0008934 0.0006806 0.0006139 0.00087675 0.0009013 0.00065255 0.0009126 0.00090145 0.0006713 0.00091165 0.00090615 0.0008596 0.0009028 0.0009324 0.0008955 0.00094825 0.00092835 0.0008584 0.0008705 0.00045155 0.00091435 0.0009361 0.0008986 0.00074755 0.00086925 0.00087285 0.00089075 0.0008988 0.0007022 0.0008617 0.00085725 0.0008571 0.000669 0.00092905 0.00086995 0.00089245 0.0008744 0.0006985 0.00073425 0.0006938 0.0009126 0.00084195 0.0008274 0.000911 0.00089515 0.00056155 0.00079915 0.00083225 0.0008992 0.00084785 0.00088595 0.0009161 0.000798 0.00086485 0.00083895 0.0007251 0.0008959 0.00088825 0.00089825 0.00088405 0.0008971 0.0008726 0.00068635 0.00067005 0.0008726 0.00067805 0.0008346 0.00092305 0.0006643 0.0008997 0.0009366 0.0008473 0.00068525 0.0006806 0.0008455 0.0009226 0.00084315 0.00083455 0.0009237 0.000903 0.0008531 0.00092085 0.0006608
30 0.00090905 0.00088825 0.00090625 0.000944 0.0008134 0.0008617 0.0008945 0.00083765 0.00093515 0.00094035 0.0009263 0.0008482 0.0008699 0.00078705 0.0009365 0.0007894 0.00090545 0.00093375 0.00089785 0.00094815 0.00086525 0.00086115 0.00090905 0.0007441 0.00086265 0.0009422 0.00071875 0.00089705 0.00089775 0.0009324 0.0008772 0.00086365 0.00091575 0.00093485 0.00088925 0.00087385 0.000883 0.0007588 0.00077505 0.0007861 0.0008892 0.00086785 0.00084885 0.00073015 0.0008453 0.0009351 0.00089265 0.00086925 0.0008691 0.0009354 0.00053395 0.00086245 0.00080235 0.0008379 0.00090485 0.0007861 0.0009326 0.00083455 0.00083825 0.0008959 0.00071995 0.0006376 0.00097635 0.00092865 0.00075505 0.00090005 0.00089745 0.00090855 0.0007404 0.00088855 0.00088335 0.00086265 0.0008859 0.0007712 0.0008752 0.0008975 0.0008909 0.0008782 0.0009137 0.00092085 0.00091735 0.00087435 0.000756 0.0008433 0.00089995 0.0009067 0.000841 0.0006635 0.0008297 0.00084585 0.00094735 0.00090565 0.0009088 0.00091805 0.00084325 0.0006808 0.00086115 0.0008676 0.00069515 0.00091055
31 0.0008088 0.0008682 0.0008277 0.00088485 0.0007932 0.000737 0.00083245 0.0008486 0.00076905 0.000884 0.0008098 0.00082665 0.0008677 0.000866 0.00087545 0.00081175 0.00090705 0.00087315 0.0008991 0.000869 0.0008763 0.00084385 0.00087065 0.0006401 0.00074245 0.00084315 0.0008598 0.00069345 0.00088865 0.0008955 0.00086365 0.000902 0.0008214 0.0008331 0.00087555 0.0006705 0.0008848 0.0007305 0.00081255 0.000803 0.0007671 0.0008772 0.0008609 0.00087245 0.0006834 0.00087605 0.00086905 0.0007455 0.0007454 0.00086875 0.0008423 0.0008838 0.00078395 0.00088 0.00089975 0.0008777 0.000908 0.0006387 0.0008236 0.00088325 0.0008621 0.0008624 0.0009085 0.0008891 0.00087305 0.0006769 0.0008362 0.0008673 0.0008424 0.00084405 0.00067615 0.0008792 0.00088925 0.0007624 0.0008661 0.00074785 0.00066525 0.00054145 0.00090255 0.00067885 0.0008801 0.0008028 0.0008569 0.000856 0.0007832 0.0009112 0.00063415 0.0007399 0.00084265 0.0008878 0.0009099 0.00079785 0.00081395 0.00084875 0.00085595 0.00064635 0.00090835 0.0008391 0.00086535 0.00090675
32 0.00062495 0.00092665 0.00077845 0.00087635 0.00091675 0.00083615 0.00086245 0.0008286 0.0008829 0.00092905 0.00062855 0.0008709 0.00086485 0.0008538 0.00088175 0.0008627 0.0008444 0.00092535 0.00092445 0.0008715 0.0008061 0.0008336 0.000866 0.00084915 0.000829 0.00087415 0.00087615 0.0008309 0.0008473 0.00094825 0.00091575 0.0008214 0.0008032 0.00062675 0.0008342 0.0008136 0.0009659 0.00087 0.0006527 0.0008604 0.0008699 0.00081465 0.00084925 0.00087085 0.00081535 0.0008641 0.0008357 0.0008326 0.00083245 0.0008958 0.0009172 0.00086225 0.00088975 0.00086495 0.0008562 0.0008665 0.00091445 0.00081875 0.0008494 0.00089895 0.0008753 0.00086235 0.00091715 0.00090655 0.000894 0.0007984 0.0008376 0.0008353 0.00085505 0.000876 0.0008277 0.00083395 0.0008765 0.00089375 0.0007742 0.0008288 0.00078745 0.0008421 0.00080825 0.00086245 0.00090905 0.0008309 0.0009353 0.0008263 0.00088045 0.00088395 0.0008366 0.0008783 0.0008367 0.00090685 0.0009069 0.00084625 0.00058865 0.00079925 0.00082625 0.0008034 0.00090265 0.000888 0.0008908 0.000919
33 0.0006545 0.0009076 0.0008276 0.00087525 0.00090195 0.0008962 0.0009232 0.0008377 0.00090925 0.000912 0.00067235 0.00088505 0.00092785 0.00086965 0.0007853 0.0008683 0.00083475 0.00089355 0.0008875 0.00086485 0.0008583 0.00087065 0.00086045 0.00083525 0.0008479 0.00088235 0.00089115 0.0009087 0.00088935 0.00092835 0.00093485 0.0008331 0.00062675 0.0009211 0.000872 0.00083005 0.00092315 0.0008895 0.0006768 0.00091365 0.00086145 0.0008146 0.00086445 0.00088495 0.0008263 0.0008725 0.00083315 0.00087145 0.0008713 0.0008875 0.00092575 0.00088405 0.0008652 0.00085765 0.00088415 0.00088815 0.00092375 0.0008146 0.00086515 0.0009094 0.0008903 0.00086155 0.0008231 0.0008922 0.0008991 0.00080975 0.0008635 0.00086665 0.0008903 0.00090645 0.00085385 0.00090005 0.00090785 0.00088075 0.000792 0.0008511 0.00083145 0.0008872 0.0008553 0.0008554 0.000692 0.000847 0.00090855 0.0008343 0.0008894 0.0009049 0.00083335 0.0009176 0.00085505 0.00090585 0.0008928 0.0009008 0.00065085 0.0008621 0.00083425 0.0008401 0.00090915 0.00090665 0.00070905 0.00091915
34 0.00086805 0.00083075 0.00081195 0.0008502 0.0008882 0.0007606 0.0008734 0.00087065 0.00088045 0.00085865 0.00087875 0.00084845 0.0008498 0.0008295 0.0008756 0.00084875 0.00081875 0.000907 0.00082785 0.00087585 0.00080355 0.0008226 0.00081025 0.00084935 0.00088225 0.0008699 0.00083725 0.0008679 0.0008656 0.0008584 0.00088925 0.00087555 0.0008342 0.000872 0.0008989 0.0008143 0.00084985 0.00086065 0.0008435 0.00082515 0.00080965 0.00085145 0.00084485 0.00082915 0.0008513 0.00084075 0.0008192 0.00082295 0.0008228 0.00085885 0.0008423 0.0008214 0.0008805 0.00083785 0.0008466 0.0008247 0.00088595 0.00085835 0.0007735 0.00065765 0.00083965 0.0008959 0.0008859 0.00066155 0.0006384 0.00085155 0.0008488 0.000855 0.00082295 0.0006574 0.00085585 0.0008197 0.0008473 0.00085275 0.0008845 0.00086385 0.0008891 0.0008867 0.000846 0.00086955 0.0008698 0.00088555 0.00083855 0.00081115 0.00088465 0.00084915 0.0008426 0.000872 0.00079835 0.00084865 0.0008365 0.0007974 0.00081535 0.0006776 0.0008111 0.00085545 0.000855 0.0008353 0.0008734 0.0008362
35 0.00082415 0.0008741 0.00084275 0.000853 0.00085925 0.00089175 0.00087095 0.00084515 0.0008938 0.0008878 0.00084645 0.000824 0.00085025 0.00078845 0.0008553 0.00084755 0.00084255 0.00085845 0.0008708 0.00086165 0.00081535 0.0008557 0.0006928 0.0006519 0.00088815 0.00085075 0.00081955 0.0008911 0.0008812 0.0008705 0.00087385 0.0006705 0.0008136 0.00083005 0.0008143 0.000898 0.0008808 0.00089105 0.00081825 0.00084715 0.00079395 0.00083695 0.0008263 0.00080825 0.0006054 0.00085395 0.00082345 0.00072925 0.0007291 0.00084505 0.0008489 0.0008147 0.0008609 0.0008647 0.00086715 0.00085985 0.00087365 0.0006491 0.00069895 0.00079735 0.00082185 0.00087675 0.00086965 0.00078865 0.00081155 0.00058345 0.0008324 0.0008611 0.0008177 0.00080415 0.00085845 0.0007117 0.00082295 0.00087945 0.0008299 0.00088675 0.0008516 0.0009097 0.00085885 0.00065485 0.00088215 0.0008682 0.0008677 0.0006899 0.0009013 0.0008112 0.00070385 0.0008772 0.00069 0.00083275 0.0008606 0.00071 0.0008229 0.00079895 0.00068985 0.00064385 0.00088375 0.00086025 0.0008632 0.0008705
