 slim_337497861 slim_337498153 slim_337498041 slim_337498110 slim_337497959 slim_337497976 slim_337498146 slim_337497992 slim_337498049 slim_337497995 slim_337497896 slim_337498191 slim_337497963 slim_337498091 slim_337498077 slim_337498148 slim_337498181 slim_337497986 slim_337498100 slim_337498059 slim_337498066 slim_337498186 slim_337497940 slim_337497910 slim_337498115 slim_337498095 slim_337498157 slim_337498151 slim_337498182 slim_337498176 slim_337498160 slim_337498114 slim_337498060 slim_337498154 slim_337498135 slim_337498174 slim_337498130 slim_337498109 slim_337497827 slim_337498094 slim_337498180 slim_337498138 slim_337498113 slim_337498082 slim_337498086 slim_337498123 slim_337498164 slim_337498129 slim_337498116 slim_337498144 slim_337498112 slim_337498163 slim_337498168 slim_337498043 slim_337498111 slim_337498147 slim_337497958 slim_337498099 slim_337498145 slim_337498120 slim_337497931 slim_337498185 slim_337498139 slim_337498009 slim_337498166 slim_337498187 slim_337498189 slim_337498128 slim_337498183 slim_337498171 slim_337498136 slim_337498096 slim_337498134 slim_337498079 slim_337498143 slim_337498098 slim_337498158 slim_337498175 slim_337498072 slim_337498170 slim_337498119 slim_337498101 slim_337498179 slim_337498156 slim_337498169 slim_337498140 slim_337498173 slim_337498178 slim_337497856 slim_337498019 slim_337498055 slim_337498107 slim_337498025 slim_337498075 slim_337498058 slim_337498085 slim_337498021 slim_337498172 slim_337498068 slim_337498080
0 0.0002816 0.0001952 0.00028425 0.0002933 0.00024975 0.0001772 0.0002076 0.00024255 0.00023725 0.000219 0.00025405 0.000226 0.0003192 0.0001982 0.00018885 0.000289 0.00020465 0.00017375 0.0001999 0.00031315 0.00027165 0.0001689 0.00023195 0.00025325 0.00026835 0.00023335 0.0002074 0.0002554 0.0002611 0.00021195 0.00021355 0.00016305 0.0002505 0.00022475 0.000299 0.0002888 0.00026835 0.0002243 0.00016925 0.00027895 0.0002173 0.0002217 0.0001747 0.0002613 0.00022265 0.0002286 0.0002749 0.00022235 0.00026855 0.0002616 0.0002068 0.00026125 0.0002314 0.00021465 0.0002018 0.00027125 0.00021305 0.00023875 0.00024305 0.0001595 0.0002231 0.000201 0.0002452 0.0002282 0.00025145 0.0002613 0.00016965 0.00023895 0.0002169 0.00025415 0.00022325 0.00019575 0.00023675 0.0001811 0.000301 0.00021315 0.0002427 0.00021545 0.00019195 0.00020515 0.00026115 0.00021325 0.0002367 0.000169 0.00028695 0.0003194 0.00014095 0.0002425 0.0001881 0.00014815 0.00015945 0.00022865 0.0002227 0.00025195 0.00016325 0.00025795 0.0003193 0.00021345 0.0002236 0.00023365
1 0.0001952 0.0003772 0.000234 0.0002409 0.0002269 0.00019905 0.0002249 0.0002197 0.0002017 0.0002071 0.0002202 0.0002059 0.0002865 0.00020595 0.00019095 0.00026085 0.000202 0.00019115 0.00020095 0.0002622 0.00024245 0.0002009 0.00019145 0.00025765 0.000218 0.0001913 0.0002054 0.00020085 0.000224 0.00019295 0.00019835 0.0001961 0.0002266 0.00022325 0.00026715 0.0002451 0.00021785 0.00019225 0.0001911 0.00027015 0.00019675 0.00022035 0.00019215 0.000225 0.0001905 0.00023095 0.00025795 0.00020665 0.0002451 0.0002251 0.0002241 0.0002241 0.00019965 0.0002001 0.0001951 0.0002581 0.0001957 0.00024655 0.00022565 0.00019635 0.0001922 0.00020005 0.00024535 0.00023075 0.0002006 0.000225 0.00019295 0.0002016 0.00019575 0.0002203 0.0001931 0.00018995 0.00020985 0.0001946 0.0002462 0.0001958 0.00022025 0.0002223 0.0001984 0.00020105 0.000225 0.00019585 0.0002098 0.000201 0.00025295 0.0002865 0.00018875 0.0002329 0.0001902 0.0001997 0.0001963 0.000231 0.0001904 0.0002021 0.0002011 0.00022635 0.00028655 0.00019595 0.000192 0.00019145
2 0.00028425 0.000234 0.0001761 0.000153 0.00021015 0.00031685 0.00027285 0.0001702 0.00016855 0.00022165 0.00016365 0.00021575 0.0001962 0.00030005 0.000249 0.0002404 0.0002251 0.0002629 0.00023015 0.00015185 0.0001818 0.0003542 0.0001281 0.00020795 0.0001265 0.00013095 0.0002312 9.4e-05 0.0001378 0.0001608 0.00021165 0.0003515 0.00019735 0.00022825 0.00013235 0.00012975 0.0001141 0.000143 0.00027665 0.0002209 0.0002174 0.0002403 0.00027765 0.0001382 0.0001833 0.00025515 0.0002751 0.0002112 0.000198 0.0001379 0.00027255 0.00013765 0.0001827 0.0002145 0.00023605 0.00028535 0.00022715 0.0002032 0.00016655 0.00036185 0.0001422 0.00022835 0.0002901 0.00025535 0.00013995 0.0001382 0.000277 0.0001261 0.0002171 0.00016375 0.00014145 0.00023445 0.0001767 0.0002232 0.00014085 0.00022725 0.00015725 0.00018975 0.0002564 0.00022515 0.00013725 0.00022735 0.00017675 0.0003543 0.00015885 0.0001958 0.0003685 0.00021935 0.00024875 0.0003121 0.0003618 0.0002552 0.00018335 8.825e-05 0.00029225 0.00013285 0.0002007 0.00022755 0.00014135 0.00013205
3 0.0002933 0.0002409 0.000153 0.0002339 0.00019515 0.00031345 0.000302 0.0001681 0.000176 0.0002364 0.0001507 0.0002353 0.0001901 0.0003078 0.0002451 0.00020175 0.00023735 0.0002736 0.00024145 0.00013045 0.0001505 0.00036135 0.0001458 0.00018175 0.000123 0.00014965 0.00024615 0.000119 0.0001793 0.0001821 0.00023665 0.00035755 0.00022225 0.00027405 0.00021255 0.00018115 0.00014995 0.00015055 0.00028615 0.00027835 0.0002346 0.00024135 0.0002736 0.0001785 0.00019145 0.000296 0.0002459 0.0002363 0.00024875 0.00017865 0.0003017 0.00017935 0.00019045 0.0002217 0.00024525 0.0002457 0.00023485 0.00017035 0.00020695 0.00035745 0.00016475 0.0002423 0.000244 0.00029575 0.00014755 0.0001785 0.00028745 0.00015055 0.00023525 0.0001508 0.0001652 0.0002406 0.00019245 0.00023495 0.00011785 0.00023495 0.000196 0.00022715 0.0002679 0.00023645 0.0001797 0.00023505 0.0001924 0.00036145 0.0001791 0.00019015 0.0003633 0.000251 0.00024485 0.0003223 0.0003574 0.00029605 0.0001915 0.00012115 0.0003126 0.00018075 0.0001947 0.00023525 0.00016415 0.0001488
4 0.00024975 0.0002269 0.00021015 0.00019515 0.0002853 0.0002022 0.0002465 0.0001614 0.0001701 0.00021055 0.0001705 0.0002235 0.0002363 0.00020855 0.0002126 0.0001922 0.00016225 0.0002213 0.0001664 0.00020515 0.0001892 0.0002716 0.0001888 0.00023945 0.00016745 0.0002072 0.0002195 0.00018045 0.00021105 0.00020125 0.00023105 0.00026785 0.00017975 0.00025695 0.000232 0.00021695 0.0002044 0.0001749 0.00022115 0.0002057 0.0002329 0.0001787 0.0002141 0.00021145 0.00017775 0.00025215 0.00025745 0.00022085 0.0002172 0.0002117 0.00024665 0.0002112 0.00016765 0.00018235 0.00023125 0.00024685 0.00022155 0.0002177 0.0002079 0.0002569 0.00018645 0.00021575 0.00023415 0.0002518 0.00016865 0.00021145 0.0002219 0.00019545 0.00023235 0.0001706 0.000187 0.0002276 0.0001559 0.0002238 0.00017475 0.00022165 0.0001992 0.0002516 0.0002163 0.00016145 0.00021155 0.00022175 0.00015585 0.0002717 0.0002029 0.00023645 0.0002625 0.0001862 0.0002128 0.00027835 0.00025685 0.0002522 0.0001778 0.00017825 0.00027985 0.00020935 0.0002367 0.00022195 0.00018605 0.00020725
5 0.0001772 0.00019905 0.00031685 0.00031345 0.0002022 0.0001225 0.000144 0.0002926 0.0002174 0.00020395 0.00026115 0.0002683 0.0002832 0.0001255 0.00013325 0.0002007 0.00015195 0.00016465 0.0001515 0.00033425 0.00027885 0.0001374 0.00030915 0.0003157 0.000339 0.00032045 0.0002008 0.00033195 0.0002804 0.0002861 0.0002595 0.0001326 0.00016015 0.00018415 0.0002655 0.00025915 0.0002967 0.00024395 0.0001525 0.0001733 0.00026885 0.00023505 0.00010605 0.00028075 0.00020075 0.0002141 0.000271 0.0002651 0.00018995 0.0002809 0.00014475 0.00028055 0.00019855 0.00018355 0.000204 0.00020955 0.0002068 0.00029145 0.00025435 7.02e-05 0.00028865 0.00019605 0.0001823 0.00021385 0.00024465 0.00028075 0.00015215 0.00031725 0.00026845 0.00026125 0.0002888 0.0001996 0.0001951 0.0002213 0.00037175 0.0002069 0.00025075 0.00027385 0.00017275 0.0001517 0.0002806 0.000207 0.00019505 0.0001375 0.0002991 0.00028325 6.33e-05 0.0001429 0.00013405 0.0001809 7.015e-05 0.00021415 0.0002008 0.00032895 0.00024535 0.00027785 0.0002784 0.0002072 0.00028835 0.00032075
6 0.0002076 0.0002249 0.00027285 0.000302 0.0002465 0.000144 0.0002689 0.0003064 0.0002357 0.0002368 0.00025375 0.0003018 0.00023655 0.00020605 0.00015935 0.000246 0.0002133 0.00019495 0.0002133 0.0003324 0.00027195 0.0002078 0.0002865 0.00030915 0.0003271 0.0003146 0.00023595 0.0003205 0.00022505 0.0002845 0.0002835 0.000203 0.00016975 0.00017735 0.0001859 0.00018615 0.0002496 0.0002216 0.00020425 0.0001551 0.0002927 0.00029405 0.0001364 0.0002245 0.00022515 0.00020305 0.00030445 0.0002983 0.0001621 0.0002252 0.00013505 0.00022495 0.00023425 0.0002339 0.0002301 0.00024265 0.0002304 0.00028465 0.00019645 0.0001407 0.00029355 0.00023115 0.0002174 0.00020225 0.0002587 0.0002245 0.00020385 0.00032045 0.0002924 0.00025385 0.0002939 0.0002254 0.00024015 0.000209 0.00036945 0.0002305 0.00022945 0.0002325 0.0002008 0.0002134 0.0002245 0.0002306 0.0002401 0.0002079 0.0002521 0.00023715 0.0001356 0.00014485 0.0001597 0.00021225 0.00014065 0.0002031 0.0002252 0.00031745 0.00027475 0.00022155 0.00023815 0.0002308 0.00029385 0.00031465
7 0.00024255 0.0002197 0.0001702 0.0001681 0.0001614 0.0002926 0.0003064 0.0001606 0.0001599 0.0002109 0.00015655 0.00016495 0.0002663 0.0002446 0.0002645 0.0002527 0.00016385 0.000228 0.00016675 0.00017845 0.00017625 0.00029105 0.00010245 0.0002028 8.905e-05 0.0001116 0.00022225 9.575e-05 0.0001834 0.00011955 0.0001705 0.00028735 0.00024065 0.0002943 0.0002579 0.0002389 0.00016805 0.00014745 0.0002114 0.0002825 0.00016495 0.00011775 0.0002789 0.00018345 0.00016915 0.00025115 0.0002475 0.00016305 0.000267 0.0001838 0.0003061 0.0001835 0.00017015 0.0001839 0.00022405 0.00029505 0.00021195 0.00019085 0.00018845 0.000335 9.09e-05 0.0002185 0.0002945 0.0002507 0.00014555 0.00018345 0.00021405 0.0001098 0.0001646 0.00015665 9.145e-05 0.00022015 0.00016855 0.00020225 9.82e-05 0.00021205 0.00016185 0.00021585 0.0002206 0.00016145 0.00018375 0.00021215 0.0001685 0.00029115 0.00018405 0.00026655 0.00034255 0.0002562 0.00026425 0.00027165 0.00033495 0.0002512 0.0001692 9.43e-05 0.0002126 0.0001821 0.00027125 0.00021235 8.905e-05 0.0001114
8 0.00023725 0.0002017 0.00016855 0.000176 0.0001701 0.0002174 0.0002357 0.0001599 0.000265 0.0001953 0.0001538 0.0001942 0.00022155 0.00021015 0.00020215 0.00020345 0.00015655 0.00020185 0.00016065 0.00018875 0.00017665 0.00026415 0.000135 0.00022345 0.00015465 0.0001514 0.0002056 0.00013515 0.0001681 0.00015145 0.0001957 0.00026145 0.00017765 0.0002346 0.0002012 0.0001896 0.0001621 0.00013585 0.00020695 0.0002103 0.0001941 0.0001802 0.0002009 0.0001678 0.00015055 0.0002279 0.00024755 0.0001952 0.0002042 0.0001678 0.0002354 0.00016815 0.00015 0.00016675 0.0002048 0.00024735 0.000194 0.0002121 0.0001689 0.00026135 0.0001408 0.00020285 0.00024635 0.0002278 0.0001339 0.0001678 0.00020825 0.0001522 0.0001944 0.0001539 0.0001411 0.00020155 0.0001514 0.00018725 0.000175 0.0001941 0.00016825 0.0002227 0.0001945 0.00015565 0.0001685 0.0001942 0.00015135 0.00026425 0.0001886 0.00022145 0.00026885 0.0001831 0.0002019 0.0002653 0.0002613 0.00022795 0.0001506 0.0001368 0.00025505 0.00016955 0.00021975 0.0001944 0.00014005 0.00015085
9 0.000219 0.0002071 0.00022165 0.0002364 0.00021055 0.00020395 0.0002368 0.0002109 0.0001953 0.0003765 0.00021495 0.00019625 0.0002804 0.0001944 0.00020435 0.00024775 0.00019235 0.0002041 0.0001918 0.00024605 0.00023325 0.0002036 0.00019865 0.00026295 0.0002134 0.0001985 0.0001999 0.0001934 0.0002275 0.00019595 0.00019325 0.00020615 0.0002184 0.0002356 0.0002558 0.00024535 0.00022095 0.0001957 0.00020405 0.00025035 0.0001975 0.0002137 0.00020455 0.0002276 0.00019495 0.00022645 0.00025 0.0001921 0.00024475 0.0002277 0.0002365 0.0002274 0.00019525 0.00019555 0.0002044 0.0002461 0.00019305 0.0002482 0.0002279 0.00020235 0.00019545 0.0002023 0.0002428 0.00022625 0.00019515 0.0002276 0.00020485 0.000194 0.00019715 0.00021505 0.0001952 0.0002076 0.00019005 0.00020415 0.00023735 0.00019315 0.00021905 0.00023445 0.0001904 0.00019195 0.0002271 0.0001931 0.0001901 0.0002037 0.0002472 0.0002804 0.0002162 0.00022375 0.0002041 0.0002176 0.0002023 0.0002265 0.000195 0.00018885 0.00020995 0.00022325 0.00028035 0.00019345 0.00019465 0.00019915
10 0.00025405 0.0002202 0.00016365 0.0001507 0.0001705 0.00026115 0.00025375 0.00015655 0.0001538 0.00021495 0.0002538 0.00021415 0.0001951 0.000255 0.00022065 0.0002027 0.0001981 0.0002205 0.0002024 0.00016285 0.0001508 0.0003083 0.0001302 0.00019575 0.00012975 0.0001595 0.0002253 0.00013095 0.0001628 0.00015975 0.0002153 0.0003045 0.0001979 0.0002531 0.00019575 0.0001846 0.00015665 0.0001302 0.00024695 0.0002305 0.00021435 0.00020155 0.00021895 0.00016305 0.00017035 0.0002472 0.0002461 0.00021485 0.00022435 0.00016325 0.00025345 0.0001629 0.00017095 0.00020015 0.00022435 0.0002459 0.00021355 0.0001844 0.00016295 0.0003044 0.0001571 0.00022145 0.00024495 0.0002469 0.0001554 0.00016305 0.00024805 0.00016045 0.00021395 0.000127 0.00015735 0.00022075 0.00017175 0.0001804 0.0001271 0.00021365 0.00018455 0.00021605 0.0002142 0.0001974 0.000163 0.00021375 0.0001717 0.0003084 0.0001617 0.0001952 0.00031085 0.0002033 0.0002204 0.00028325 0.00030435 0.00024725 0.0001704 0.0001319 0.00027295 0.0001641 0.0001933 0.00021395 0.0001565 0.0001597
11 0.000226 0.0002059 0.00021575 0.0002353 0.0002235 0.0002683 0.0003018 0.00016495 0.0001942 0.00019625 0.00021415 0.0002578 0.000329 0.00019975 0.0002691 0.0002957 0.00019935 0.00021125 0.00019725 0.0002373 0.0002408 0.0002024 0.0001316 0.00025355 0.0001608 0.00013175 0.00020755 0.00013515 0.00022675 0.00013755 0.0001419 0.00020475 0.00028275 0.0002863 0.00030715 0.0003097 0.00022005 0.0001949 0.0002095 0.0003153 0.0001303 0.00015345 0.0002693 0.00022675 0.00019375 0.0002259 0.00023225 0.00013405 0.00030935 0.00022685 0.0003015 0.00022685 0.00019375 0.00019435 0.0002032 0.00029415 0.00019195 0.0002556 0.00022705 0.0002668 0.0001369 0.00021005 0.00030755 0.0002257 0.00019405 0.00022675 0.00021185 0.0001361 0.0001302 0.00021425 0.00013665 0.0002061 0.0001978 0.00019995 0.0001706 0.00019205 0.00022605 0.00024145 0.00019765 0.0001974 0.00022655 0.00019215 0.00019775 0.00020225 0.00024665 0.000329 0.00028055 0.00028875 0.00026885 0.0002246 0.00026675 0.00022575 0.0001938 0.0001398 0.00015115 0.00023155 0.00032895 0.00019235 0.00013455 0.0001321
12 0.0003192 0.0002865 0.0001962 0.0001901 0.0002363 0.0002832 0.00023655 0.0002663 0.00022155 0.0002804 0.0001951 0.000329 0.0002791 0.000319 0.000238 0.0001865 0.0002632 0.00029095 0.0002684 0.0001901 0.0001945 0.00037885 0.000239 0.00022265 0.0002399 0.00027015 0.0002908 0.00024055 0.0001905 0.00027445 0.00032275 0.00037505 0.00018955 0.0002422 0.00014565 0.00014585 0.00019235 0.00019055 0.00031295 0.0001874 0.000329 0.000316 0.0002425 0.00018995 0.00023615 0.0002789 0.0002784 0.00032885 0.00018975 0.00019055 0.00023625 0.00019035 0.0002371 0.00026645 0.00029075 0.00022965 0.0002798 0.0002228 0.0001887 0.0003264 0.00026645 0.00028695 0.00024025 0.0002782 0.0002171 0.00018995 0.00031315 0.0002702 0.00032875 0.0001952 0.0002668 0.00028695 0.00023725 0.00026375 0.00023845 0.0002799 0.00021925 0.0002513 0.0002846 0.0002634 0.00019015 0.00028 0.0002372 0.00037895 0.00018905 0.00014015 0.0003329 0.00018745 0.00023775 0.0003489 0.00032635 0.00027895 0.0002362 0.00024085 0.0003871 0.00019035 0.00014575 0.0002802 0.00026685 0.00027015
13 0.0001982 0.00020595 0.00030005 0.0003078 0.00020855 0.0001255 0.00020605 0.0002446 0.00021015 0.0001944 0.000255 0.00019975 0.000319 0.000226 0.0001957 0.00023865 0.0001496 0.0001745 0.00014895 0.0003189 0.0002762 0.00013025 0.0002467 0.00031105 0.00028865 0.00025885 0.0002038 0.00027365 0.0002734 0.00022745 0.00019375 0.00013265 0.00021045 0.0002325 0.00029985 0.0003081 0.0002903 0.0002364 0.00016175 0.0002217 0.0002003 0.0001754 0.00016805 0.0002736 0.00019415 0.00020035 0.0002454 0.0002 0.00023905 0.0002738 0.0002062 0.0002735 0.00019355 0.00017865 0.0002036 0.0002395 0.00019385 0.00029995 0.0002465 0.0001264 0.00022955 0.00020635 0.0002379 0.00020005 0.00023785 0.0002736 0.0001622 0.00025905 0.00019995 0.0002551 0.0002297 0.00020645 0.0001935 0.00022325 0.0003121 0.00019395 0.00024695 0.00028355 0.00016275 0.00014905 0.0002735 0.00019405 0.00019345 0.0001302 0.000293 0.0003191 0.00013875 0.0001931 0.0001959 0.00019655 0.00012635 0.00020025 0.0001942 0.0002741 0.0001929 0.00027415 0.00031435 0.00019425 0.00022905 0.0002591
14 0.00018885 0.00019095 0.000249 0.0002451 0.0002126 0.00013325 0.00015935 0.0002645 0.00020215 0.00020435 0.00022065 0.0002691 0.000238 0.0001957 0.0002477 0.0002121 0.00019465 0.00018435 0.0001944 0.0002758 0.0002382 0.0001982 0.0002548 0.00026725 0.00027025 0.0002586 0.0002025 0.0002639 0.0002255 0.0002516 0.00025045 0.0001934 0.00016105 0.00017635 0.00022005 0.00017965 0.0002189 0.0001886 0.0001855 0.00020565 0.00025995 0.0002763 0.00012605 0.00022595 0.00019215 0.00022805 0.0002717 0.00026585 0.0001805 0.00022605 0.00015965 0.0002256 0.00020035 0.00020085 0.0001964 0.0002099 0.00019745 0.00024275 0.0002229 0.0001311 0.0002517 0.0001977 0.00018365 0.00022785 0.00020015 0.00022595 0.00018545 0.0002647 0.00025945 0.00022075 0.0002523 0.0001916 0.00020655 0.0001996 0.00031335 0.00019755 0.000213 0.0002151 0.0001912 0.0001945 0.00022615 0.00019765 0.0002065 0.0001983 0.00025395 0.000238 0.000125 0.0001675 0.00012435 0.0001928 0.00013105 0.0002281 0.0001922 0.00026115 0.0002563 0.0002233 0.00023805 0.00019785 0.000252 0.00025855
15 0.000289 0.00026085 0.0002404 0.00020175 0.0001922 0.0002007 0.000246 0.0002527 0.00020345 0.00024775 0.0002027 0.0002957 0.0001865 0.00023865 0.0002121 0.0002827 0.0002021 0.00026085 0.00020685 0.00019215 0.0002016 0.00030865 0.00026185 0.0002294 0.000252 0.0002762 0.00025585 0.0002522 0.00024615 0.00027625 0.00029895 0.00030485 0.00018015 0.0002492 0.00022545 0.00021905 0.00023965 0.0002131 0.0002614 0.0002058 0.00030535 0.0002572 0.00021235 0.0002464 0.00021195 0.00029025 0.00024515 0.00029585 0.0002178 0.00024655 0.00024615 0.00024625 0.0002016 0.0002163 0.00026485 0.00019675 0.0002564 0.0002298 0.0002467 0.0002561 0.00026175 0.00025205 0.00020535 0.00029 0.00020325 0.0002464 0.00026155 0.0002672 0.000305 0.0002028 0.0002619 0.00026135 0.0001924 0.00027625 0.00024095 0.0002565 0.00024075 0.00029285 0.00025675 0.0002019 0.0002463 0.0002566 0.00019235 0.00030875 0.00023635 0.00018655 0.0002608 0.00018565 0.0002123 0.00031775 0.00025605 0.0002903 0.000212 0.00025255 0.0003579 0.00024685 0.0001862 0.0002568 0.00026155 0.00027645
16 0.00020465 0.000202 0.0002251 0.00023735 0.00016225 0.00015195 0.0002133 0.00016385 0.00015655 0.00019235 0.0001981 0.00019935 0.0002632 0.0001496 0.00019465 0.0002021 0.0002005 0.00018025 0.00010685 0.00024815 0.0002155 0.0002045 0.00018185 0.00025445 0.0002119 0.00020035 0.00020135 0.0001962 0.00021125 0.00017865 0.00019595 0.0002018 0.00016945 0.000231 0.00024005 0.00023875 0.0002188 0.00017495 0.0001538 0.00018945 0.0001997 0.00013175 0.0001804 0.0002111 0.00015 0.00021115 0.0002515 0.0001957 0.0001974 0.0002116 0.00021345 0.00021135 0.0001503 0.0001506 0.0002049 0.00024785 0.00019555 0.00023995 0.00019285 0.0001978 0.0001499 0.00019865 0.00024245 0.00021055 0.00017085 0.0002111 0.00015225 0.0001968 0.0001994 0.0001982 0.00015005 0.0002025 0.0001466 0.00020835 0.00023935 0.00019565 0.0001694 0.0002467 0.00017415 0.0001019 0.00021105 0.00019575 0.00014655 0.0002046 0.000231 0.0002636 0.0002045 0.00016145 0.00019485 0.0002325 0.00019775 0.0002112 0.00015005 0.0001928 0.000227 0.0002078 0.0002633 0.00019595 0.0001514 0.0002006
17 0.00017375 0.00019115 0.0002629 0.0002736 0.0002213 0.00016465 0.00019495 0.000228 0.00020185 0.0002041 0.0002205 0.00021125 0.00029095 0.0001745 0.00018435 0.00026085 0.00018025 0.0003084 0.00018045 0.0002936 0.0002366 0.00017035 0.0002022 0.0002706 0.0002485 0.00022875 0.0002024 0.000234 0.000231 0.0001919 0.0001983 0.00016555 0.0002204 0.00022075 0.0002691 0.0002671 0.0002477 0.0001946 0.0001706 0.0002405 0.00020235 0.0002037 0.0001565 0.0002312 0.00019245 0.00020485 0.0002618 0.0002075 0.00023915 0.0002313 0.00019415 0.00023095 0.0002014 0.00020145 0.0001968 0.0002581 0.00019805 0.00025605 0.00020495 0.00016195 0.0002072 0.00019705 0.0002419 0.00020465 0.00022985 0.0002312 0.0001712 0.00023435 0.00020195 0.0002206 0.00020745 0.0001917 0.00020685 0.00015645 0.0002837 0.00019815 0.0002267 0.0002292 0.0001616 0.00018055 0.00023115 0.00019825 0.0002068 0.00017045 0.00025895 0.00029095 0.00015435 0.00020305 0.0001836 0.0001784 0.0001619 0.0002049 0.0001925 0.0002305 0.00018365 0.0002278 0.00028545 0.00019845 0.0002076 0.00022895
18 0.0001999 0.00020095 0.00023015 0.00024145 0.0001664 0.0001515 0.0002133 0.00016675 0.00016065 0.0001918 0.0002024 0.00019725 0.0002684 0.00014895 0.0001944 0.00020685 0.00010685 0.00018045 0.0002097 0.0002533 0.00022095 0.0001981 0.0001855 0.0002549 0.00021545 0.0001984 0.00020125 0.0002005 0.0002153 0.00017795 0.00019575 0.00019545 0.0001742 0.0002306 0.00024505 0.00024365 0.000223 0.00017915 0.0001521 0.0001945 0.0001977 0.000129 0.00018025 0.00021545 0.00015485 0.0002099 0.00025035 0.0001948 0.00020235 0.00021555 0.00021345 0.0002154 0.0001542 0.00014925 0.0002038 0.00024705 0.000194 0.00024045 0.00019775 0.0001918 0.0001558 0.0001986 0.00024215 0.0002097 0.00017485 0.00021545 0.0001537 0.00019585 0.0001975 0.0002025 0.00015595 0.00020125 0.0001516 0.00020885 0.00024275 0.0001941 0.0001761 0.0002472 0.00017385 0.00010525 0.0002155 0.0001942 0.00015155 0.0001982 0.00023545 0.0002684 0.000199 0.00016605 0.0001946 0.00022775 0.00019175 0.00020995 0.0001549 0.00019825 0.00022145 0.0002133 0.00026815 0.0001944 0.00015415 0.00019845
19 0.00031315 0.0002622 0.00015185 0.00013045 0.00020515 0.00033425 0.0003324 0.00017845 0.00018875 0.00024605 0.00016285 0.0002373 0.0001901 0.0003189 0.0002758 0.00019215 0.00024815 0.0002936 0.0002533 0.0002184 0.00016175 0.0003822 0.00015905 0.0001712 0.0001328 0.00016115 0.0002553 0.00012035 0.00020105 0.000193 0.0002456 0.0003784 0.0002434 0.0002938 0.00022345 0.0002119 0.00017105 0.0001724 0.0003073 0.0002903 0.00024765 0.0002441 0.00030395 0.0002011 0.00021295 0.0003171 0.00023635 0.00023625 0.00027935 0.00020115 0.0003321 0.0002009 0.00020345 0.0002334 0.00026585 0.00024585 0.00025665 0.00018135 0.00022885 0.000388 0.00017605 0.00025145 0.0002653 0.00031695 0.00016065 0.0002011 0.0003075 0.0001506 0.00024735 0.00016295 0.0001758 0.00026265 0.00019235 0.0002542 0.0001115 0.00025675 0.0002164 0.00024735 0.0002884 0.00024835 0.00020065 0.00025685 0.0001923 0.0003823 0.0001913 0.00019005 0.00039335 0.000272 0.00027555 0.00034215 0.00038795 0.00031715 0.000213 0.0001189 0.00032325 0.00019985 0.0001944 0.00025705 0.00017585 0.00016175
20 0.00027165 0.00024245 0.0001818 0.0001505 0.0001892 0.00027885 0.00027195 0.00017625 0.00017665 0.00023325 0.0001508 0.0002408 0.0001945 0.0002762 0.0002382 0.0002016 0.0002155 0.0002366 0.00022095 0.00016175 0.0002887 0.0003306 0.00015705 0.00019455 0.000153 0.00018665 0.000243 0.000153 0.0001855 0.00018075 0.0002365 0.0003268 0.00021575 0.0002714 0.0002144 0.00020275 0.0001794 0.0001525 0.00026565 0.0002486 0.000241 0.0002247 0.0002378 0.0001856 0.00019265 0.00026975 0.0002496 0.000237 0.0002426 0.0001857 0.00027165 0.0001854 0.000193 0.00022275 0.0002466 0.00024555 0.0002364 0.0001797 0.00018605 0.00032285 0.00017905 0.00023915 0.0002404 0.00026955 0.0001772 0.0001856 0.0002656 0.00018305 0.00024065 0.0001509 0.0001793 0.00024295 0.0001893 0.0001968 0.00015505 0.0002365 0.00020225 0.00023375 0.0002309 0.00021595 0.0001856 0.0002366 0.00018925 0.0003307 0.00018495 0.0001945 0.0003287 0.000221 0.00023795 0.0003008 0.0003228 0.0002698 0.0001927 0.00014945 0.00029495 0.00018215 0.0001935 0.0002368 0.0001796 0.0001868
21 0.0001689 0.0002009 0.0003542 0.00036135 0.0002716 0.0001374 0.0002078 0.00029105 0.00026415 0.0002036 0.0003083 0.0002024 0.00037885 0.00013025 0.0001982 0.00030865 0.0002045 0.00017035 0.0001981 0.0003822 0.0003306 0.0001499 0.00028445 0.0003403 0.0003352 0.0002816 0.0002033 0.00032135 0.0003177 0.0002511 0.000195 8.31e-05 0.00027115 0.00023395 0.00035955 0.00035855 0.00033435 0.0002814 0.0001566 0.0002904 0.0001937 0.0002167 0.00017035 0.00031785 0.0002384 0.0002 0.0002544 0.00020315 0.00028945 0.0003182 0.0002075 0.00031785 0.00024795 0.0002179 0.0001933 0.00025455 0.00019325 0.0003292 0.00029055 8.335e-05 0.00026795 0.0002111 0.00024305 0.00019955 0.00029205 0.00031785 0.00015815 0.0002916 0.0001933 0.0003084 0.0002681 0.00020145 0.0002577 0.00021295 0.00036705 0.00019335 0.00029165 0.00027875 0.00016305 0.00020335 0.0003177 0.00019345 0.00025765 7.52e-05 0.00034575 0.0003791 9.08e-05 0.00025395 0.00019795 0.0001373 8.33e-05 0.0002001 0.00023845 0.0003223 0.0001373 0.0003189 0.0003742 0.00019365 0.0002668 0.0002819
22 0.00023195 0.00019145 0.0001281 0.0001458 0.0001888 0.00030915 0.0002865 0.00010245 0.000135 0.00019865 0.0001302 0.0001316 0.000239 0.0002467 0.0002548 0.00026185 0.00018185 0.0002022 0.0001855 0.00015905 0.00015705 0.00028445 6.07e-05 0.0001848 7.17e-05 6.405e-05 0.00020925 4.6e-05 0.00012655 7.435e-05 0.0001348 0.00028175 0.00023845 0.00027305 0.0002171 0.00021025 0.00012135 9.45e-05 0.00022255 0.00027925 0.0001216 0.0001427 0.00026035 0.0001258 0.00013965 0.00021695 0.0002345 0.0001366 0.0002555 0.0001263 0.0002862 0.00012665 0.00014895 0.00018105 0.0001949 0.00029625 0.00018345 0.00018685 0.00012545 0.0003436 6.41e-05 0.0002065 0.00030895 0.00021635 0.0001295 0.0001258 0.00022435 7.84e-05 0.0001219 0.0001303 6.475e-05 0.0001913 0.00016425 0.0001507 9.145e-05 0.00018355 0.0001534 0.00018695 0.00019455 0.00018045 0.00012685 0.00018365 0.0001642 0.00028455 0.00015635 0.0002394 0.0003514 0.0002445 0.00025455 0.0002605 0.00034355 0.000217 0.0001397 5.22e-05 0.000188 0.0001321 0.0002453 0.00018385 6.32e-05 6.315e-05
23 0.00025325 0.00025765 0.00020795 0.00018175 0.00023945 0.0003157 0.00030915 0.0002028 0.00022345 0.00026295 0.00019575 0.00025355 0.00022265 0.00031105 0.00026725 0.0002294 0.00025445 0.0002706 0.0002549 0.0001712 0.00019455 0.0003403 0.0001848 0.0003341 0.0001815 0.00018925 0.00026255 0.0001758 0.000227 0.00020225 0.00025315 0.00033545 0.0002702 0.00028995 0.0002591 0.00024885 0.00021145 0.0001936 0.0002788 0.0003116 0.00025395 0.000244 0.00028055 0.0002271 0.000234 0.0003049 0.0002492 0.00025325 0.00029655 0.0002274 0.00030885 0.0002271 0.00023415 0.0002471 0.00026275 0.0002586 0.0002628 0.00017725 0.00023555 0.00034495 0.00019635 0.00025765 0.0002684 0.0003045 0.0002102 0.0002271 0.0002786 0.00018905 0.0002536 0.00019585 0.0001965 0.00025815 0.00023375 0.0002362 0.00017035 0.0002629 0.00023285 0.0002346 0.0002761 0.00025505 0.000227 0.000263 0.0002337 0.0003404 0.00022435 0.00022285 0.0003396 0.000285 0.000267 0.0002851 0.0003449 0.00030495 0.00023405 0.0001757 0.00027595 0.0002271 0.00022725 0.0002632 0.00019695 0.0001895
24 0.00026835 0.000218 0.0001265 0.000123 0.00016745 0.000339 0.0003271 8.905e-05 0.00015465 0.0002134 0.00012975 0.0001608 0.0002399 0.00028865 0.00027025 0.000252 0.0002119 0.0002485 0.00021545 0.0001328 0.000153 0.0003352 7.17e-05 0.0001815 9.2e-05 7.755e-05 0.00022375 4.935e-05 0.00015545 0.0001085 0.0001695 0.00033145 0.0002463 0.00029565 0.00023345 0.0002039 0.0001252 0.0001239 0.00026035 0.00030295 0.0001612 0.0001641 0.00029965 0.0001563 0.00016835 0.00026905 0.0002445 0.0001621 0.0002729 0.00015625 0.0003268 0.0001556 0.0001687 0.00019875 0.0002216 0.0002955 0.0002113 0.0001729 0.0001797 0.00038255 9.085e-05 0.00021995 0.0002973 0.000269 0.0001253 0.0001563 0.0002622 7.97e-05 0.0001605 0.00012985 9.06e-05 0.00021885 0.0001699 0.00019685 4.96e-05 0.0002114 0.00016925 0.0002006 0.00024215 0.00021045 0.00015545 0.0002115 0.00016985 0.0003353 0.0001572 0.00023975 0.00038905 0.00027575 0.00027 0.0002972 0.0003825 0.0002691 0.0001684 5.06e-05 0.0002357 0.0001575 0.0002449 0.0002117 8.89e-05 7.855e-05
25 0.00023335 0.0001913 0.00013095 0.00014965 0.0002072 0.00032045 0.0003146 0.0001116 0.0001514 0.0001985 0.0001595 0.00013175 0.00027015 0.00025885 0.0002586 0.0002762 0.00020035 0.00022875 0.0001984 0.00016115 0.00018665 0.0002816 6.405e-05 0.00018925 7.755e-05 6.91e-05 0.00020935 5.055e-05 0.00015855 7.285e-05 0.00013475 0.00027785 0.00025825 0.00027215 0.0002488 0.00022255 0.0001286 0.00013085 0.0002246 0.00032335 0.0001232 0.0001541 0.0002868 0.0001594 0.00015565 0.00024525 0.00023365 0.00013645 0.00027565 0.0001593 0.0003143 0.0001587 0.00016575 0.0001643 0.0001947 0.0002954 0.0001841 0.0001913 0.0001863 0.0003397 7.115e-05 0.00020555 0.00030835 0.00024525 0.00012325 0.0001594 0.00022685 4.94e-05 0.00012255 0.0001596 7.05e-05 0.0001921 0.0001793 0.0001919 9.245e-05 0.0001842 0.0001644 0.0001965 0.0002219 0.0001985 0.0001584 0.0001843 0.00017925 0.0002817 0.0001873 0.00026995 0.0003467 0.00028735 0.00025835 0.0002626 0.00033965 0.0002453 0.0001557 5.505e-05 0.00018985 0.00016385 0.0002748 0.0001845 6.87e-05 3.59e-05
26 0.0002074 0.0002054 0.0002312 0.00024615 0.0002195 0.0002008 0.00023595 0.00022225 0.0002056 0.0001999 0.0002253 0.00020755 0.0002908 0.0002038 0.0002025 0.00025585 0.00020135 0.0002024 0.00020125 0.0002553 0.000243 0.0002033 0.00020925 0.00026255 0.00022375 0.00020935 0.0003952 0.000203 0.0002382 0.0002068 0.0002038 0.0002059 0.0002267 0.00023375 0.0002664 0.0002549 0.000231 0.00020615 0.00020335 0.0002607 0.0002088 0.0002259 0.0002032 0.00023835 0.0002046 0.0002386 0.00026095 0.00020315 0.0002544 0.0002384 0.0002357 0.0002381 0.0002037 0.000205 0.00020235 0.0002574 0.0002047 0.00024805 0.0002394 0.0002024 0.00020585 0.00020045 0.00024095 0.00023845 0.00020495 0.00023835 0.00020365 0.0002046 0.00020845 0.0002254 0.0002056 0.0002059 0.00019835 0.00020425 0.0002474 0.0002048 0.0002293 0.00023335 0.00020205 0.0002014 0.00023785 0.0002049 0.0001983 0.0002034 0.00025805 0.00029075 0.00020295 0.0002325 0.0002023 0.00020475 0.00020235 0.00023865 0.00020465 0.0001982 0.00021045 0.00023375 0.0002906 0.0002051 0.0002055 0.00021
27 0.0002554 0.00020085 9.4e-05 0.000119 0.00018045 0.00033195 0.0003205 9.575e-05 0.00013515 0.0001934 0.00013095 0.00013515 0.00024055 0.00027365 0.0002639 0.0002522 0.0001962 0.000234 0.0002005 0.00012035 0.000153 0.00032135 4.6e-05 0.0001758 4.935e-05 5.055e-05 0.000203 3.31e-05 0.0001374 8.385e-05 0.0001422 0.00031865 0.00023805 0.0002774 0.0002141 0.00019605 0.00010745 0.00010975 0.000247 0.0002944 0.00013535 0.0001627 0.000293 0.00013665 0.0001501 0.00025505 0.00023895 0.00013505 0.0002646 0.00013655 0.0003202 0.00013725 0.0001486 0.00018155 0.0002037 0.000297 0.00019385 0.00017445 0.000166 0.0003768 6.505e-05 0.00020025 0.0003053 0.00025505 0.0001061 0.00013665 0.0002481 4.985e-05 0.000136 0.00013105 6.51e-05 0.00020055 0.0001486 0.00018205 5.985e-05 0.00019395 0.00015395 0.0001865 0.00022735 0.0001955 0.00013745 0.00019405 0.00014855 0.00032145 0.00015845 0.00024035 0.0003836 0.00026725 0.00026365 0.00028325 0.00037675 0.0002551 0.00015015 1.7e-05 0.00021545 0.00013725 0.00024525 0.00019425 6.425e-05 5.01e-05
28 0.0002611 0.000224 0.0001378 0.0001793 0.00021105 0.0002804 0.00022505 0.0001834 0.0001681 0.0002275 0.0001628 0.00022675 0.0001905 0.0002734 0.0002255 0.00024615 0.00021125 0.000231 0.0002153 0.00020105 0.0001855 0.0003177 0.00012655 0.000227 0.00015545 0.00015855 0.0002382 0.0001374 0.0002499 0.0001649 0.0002191 0.000315 0.00018345 0.0002252 0.00013635 0.00012915 0.00012775 0.00012715 0.0002525 0.0001917 0.0002173 0.0002345 0.0002312 0.0001268 0.00017245 0.00021625 0.0002808 0.0002274 0.0001745 0.0001262 0.00022475 0.00012525 0.00018265 0.00021405 0.00022765 0.0002806 0.00021585 0.00021565 0.00012635 0.0003149 0.00015475 0.00023545 0.00028 0.00021675 0.0001625 0.0001268 0.0002539 0.0001691 0.00021625 0.0001629 0.00015565 0.00022515 0.00019305 0.00019135 0.00018635 0.00021595 0.0001567 0.00018985 0.00022325 0.00021025 0.00012675 0.0002161 0.000193 0.0003178 0.00015655 0.0001899 0.0003228 0.00018195 0.00022525 0.00028965 0.00031485 0.0002163 0.0001726 0.0001386 0.000279 0.0001279 0.00019655 0.0002163 0.0001545 0.00015875
29 0.00021195 0.00019295 0.0001608 0.0001821 0.00020125 0.0002861 0.0002845 0.00011955 0.00015145 0.00019595 0.00015975 0.00013755 0.00027445 0.00022745 0.0002516 0.00027625 0.00017865 0.0001919 0.00017795 0.000193 0.00018075 0.0002511 7.435e-05 0.00020225 0.0001085 7.285e-05 0.0002068 8.385e-05 0.0001649 0.0001426 0.00013525 0.00024735 0.00025165 0.0002702 0.0002511 0.0002437 0.00015895 0.00013265 0.00020415 0.00029345 0.00012855 0.0001375 0.00025125 0.00016515 0.0001569 0.00021925 0.00023755 0.00013775 0.0002693 0.0001653 0.0002842 0.00016485 0.00016725 0.0001655 0.00019725 0.00029545 0.00018575 0.00020085 0.00016525 0.00030535 8.545e-05 0.000203 0.00030495 0.000219 0.00015195 0.00016515 0.00020515 8.235e-05 0.00012805 0.00015985 8.59e-05 0.0001936 0.00017675 0.00015425 0.0001297 0.00018585 0.00017045 0.000203 0.00018485 0.00017805 0.0001652 0.00018595 0.0001767 0.0002512 0.000193 0.0002745 0.00031235 0.00025765 0.00025135 0.00024135 0.0003053 0.0002193 0.00015695 8.44e-05 0.00017245 0.0001658 0.0002738 0.00018615 8.515e-05 7.295e-05
30 0.00021355 0.00019835 0.00021165 0.00023665 0.00023105 0.0002595 0.0002835 0.0001705 0.0001957 0.00019325 0.0002153 0.0001419 0.00032275 0.00019375 0.00025045 0.00029895 0.00019595 0.0001983 0.00019575 0.0002456 0.0002365 0.000195 0.0001348 0.00025315 0.0001695 0.00013475 0.0002038 0.0001422 0.0002191 0.00013525 0.0002621 0.0001974 0.00027405 0.0002679 0.00029765 0.00029185 0.0002125 0.0001866 0.0001987 0.0003156 0.00013365 0.0001625 0.0002507 0.0002192 0.00018605 0.00021815 0.0002369 0.00014095 0.00029155 0.0002192 0.0002832 0.00021895 0.0001957 0.0001962 0.00019555 0.0002889 0.00018515 0.0002518 0.00021955 0.0002495 0.00013475 0.0002063 0.00029815 0.00021805 0.0001955 0.0002192 0.0001992 0.000143 0.00013335 0.0002154 0.0001344 0.0001988 0.0002033 0.00019215 0.00019205 0.00018525 0.0002135 0.0002291 0.00018545 0.00019585 0.00021865 0.00018535 0.00020315 0.00019495 0.0002481 0.00032265 0.0002625 0.0002796 0.0002502 0.00021215 0.00024945 0.00021805 0.0001861 0.00014045 0.00014945 0.00021795 0.0003227 0.00018555 0.00013415 0.00013545
31 0.00016305 0.0001961 0.0003515 0.00035755 0.00026785 0.0001326 0.000203 0.00028735 0.00026145 0.00020615 0.0003045 0.00020475 0.00037505 0.00013265 0.0001934 0.00030485 0.0002018 0.00016555 0.00019545 0.0003784 0.0003268 8.31e-05 0.00028175 0.00033545 0.00033145 0.00027785 0.0002059 0.00031865 0.000315 0.00024735 0.0001974 0.0001655 0.00026845 0.0002286 0.00035685 0.00035585 0.00033165 0.0002787 0.00015185 0.0002877 0.0001961 0.0002128 0.00016555 0.00031515 0.00023585 0.0002026 0.0002557 0.00020555 0.00028675 0.0003155 0.0002027 0.00031515 0.00024525 0.00021415 0.0001959 0.000256 0.0001958 0.00032435 0.00028785 8.38e-05 0.00026525 0.0002063 0.0002447 0.00020215 0.00028935 0.00031515 0.00015335 0.00028785 0.0001956 0.0003046 0.0002654 0.00019665 0.000255 0.00020815 0.00036215 0.0001959 0.00028895 0.00027395 0.0001656 0.0002007 0.000315 0.000196 0.00025495 8.3e-05 0.00034195 0.0003753 8.39e-05 0.00025125 0.00019315 0.0001378 8.375e-05 0.00020245 0.0002359 0.0003196 0.00013755 0.0003162 0.0003704 0.0001962 0.00026415 0.00027815
32 0.0002505 0.0002266 0.00019735 0.00022225 0.00017975 0.00016015 0.00016975 0.00024065 0.00017765 0.0002184 0.0001979 0.00028275 0.00018955 0.00021045 0.00016105 0.00018015 0.00016945 0.0002204 0.0001742 0.0002434 0.00021575 0.00027115 0.00023845 0.0002702 0.0002463 0.00025825 0.0002267 0.00023805 0.00018345 0.00025165 0.00027405 0.00026845 0.0002165 0.0001862 0.00014335 0.00010845 0.00017585 0.0001733 0.00022125 0.00011825 0.00028285 0.00025755 0.00016305 0.00018405 0.00017625 0.0002254 0.00028805 0.0002794 0.00011015 0.000184 0.0001699 0.00018355 0.00017495 0.0001916 0.00022995 0.00022675 0.00022085 0.0002459 0.00018115 0.0002068 0.0002354 0.000224 0.00021085 0.00022535 0.0001757 0.00018405 0.00022145 0.000255 0.00028235 0.000198 0.000236 0.00022725 0.00017175 0.0002354 0.00028195 0.00022095 0.00016935 0.000223 0.000215 0.00016915 0.00018425 0.00022105 0.0001717 0.00027125 0.0002046 0.0001894 0.0002128 0.00011655 0.00016125 0.0002781 0.00020675 0.00022545 0.0001763 0.0002352 0.00033095 0.0001813 0.00018965 0.00022125 0.0002356 0.0002582
33 0.00022475 0.00022325 0.00022825 0.00027405 0.00025695 0.00018415 0.00017735 0.0002943 0.0002346 0.0002356 0.0002531 0.0002863 0.0002422 0.0002325 0.00017635 0.0002492 0.000231 0.00022075 0.0002306 0.0002938 0.0002714 0.00023395 0.00027305 0.00028995 0.00029565 0.00027215 0.00023375 0.0002774 0.0002252 0.0002702 0.0002679 0.0002286 0.0001862 0.0003474 0.0001855 0.0001792 0.0002249 0.0002259 0.00022125 0.00019675 0.000278 0.00029795 0.00017695 0.00022565 0.00022445 0.0002312 0.00029425 0.00028295 0.0001787 0.0002256 0.00017705 0.0002253 0.00023295 0.00023335 0.0002278 0.0002466 0.0002298 0.00027545 0.0002264 0.0001816 0.00027005 0.0002289 0.0002303 0.00023115 0.00023405 0.00022565 0.00022195 0.0002781 0.00027765 0.0002532 0.0002697 0.00022375 0.0002382 0.00023585 0.0003275 0.0002299 0.00022375 0.00022585 0.00022765 0.0002307 0.00022505 0.00023 0.00023815 0.00023405 0.0002535 0.00024205 0.00017485 0.00018515 0.0001761 0.00022875 0.00018155 0.00023125 0.0002245 0.00027345 0.0002781 0.000222 0.0002421 0.0002302 0.00026925 0.0002729
34 0.000299 0.00026715 0.00013235 0.00021255 0.000232 0.0002655 0.0001859 0.0002579 0.0002012 0.0002558 0.00019575 0.00030715 0.00014565 0.00029985 0.00022005 0.00022545 0.00024005 0.0002691 0.00024505 0.00022345 0.0002144 0.00035955 0.0002171 0.0002591 0.00023345 0.0002488 0.0002664 0.0002141 0.00013635 0.0002511 0.00029765 0.00035685 0.00014335 0.0001855 0.0001086 7.27e-05 0.0001444 0.00017015 0.00029115 0.00010855 0.00030765 0.000312 0.00022505 0.00013615 0.00021555 0.0002259 0.00031685 0.0003035 0.0001174 0.00013645 0.0001856 0.0001362 0.00021625 0.00024725 0.0002698 0.00026885 0.00025915 0.00024435 0.0001355 0.00030895 0.00024165 0.00026365 0.00026475 0.0002255 0.00019625 0.00013615 0.00029155 0.0002454 0.00030735 0.00019585 0.0002415 0.0002676 0.0002124 0.0002416 0.0002585 0.00025925 0.00016915 0.00020255 0.00026145 0.00024005 0.0001358 0.00025935 0.00021235 0.00035965 0.0001566 0.00014585 0.00031675 0.00013465 0.0002198 0.00032755 0.0003089 0.00022595 0.0002156 0.00021005 0.0003648 0.0001324 0.0001519 0.00025955 0.00024135 0.0002493
35 0.0002888 0.0002451 0.00012975 0.00018115 0.00021695 0.00025915 0.00018615 0.0002389 0.0001896 0.00024535 0.0001846 0.0003097 0.00014585 0.0003081 0.00017965 0.00021905 0.00023875 0.0002671 0.00024365 0.0002119 0.00020275 0.00035855 0.00021025 0.00024885 0.0002039 0.00022255 0.0002549 0.00019605 0.00012915 0.0002437 0.00029185 0.00035585 0.00010845 0.0001792 7.27e-05 4e-07 9.755e-05 0.0001452 0.00028085 0.0001239 0.0003001 0.00032495 0.0002107 0.00012985 0.00019425 0.00023995 0.0003158 0.0003062 7.295e-05 0.00012975 0.00018585 0.0001292 0.00020335 0.0002355 0.00024895 0.00025465 0.00023815 0.0002245 0.0001503 0.0002948 0.00022465 0.00025215 0.0002399 0.00023995 0.0001586 0.00012985 0.0002814 0.0002285 0.0002995 0.0001847 0.0002257 0.00024585 0.00020975 0.00024045 0.0002497 0.00023825 0.00013045 0.0001631 0.0002605 0.0002386 0.0001304 0.00023835 0.0002097 0.00035865 0.00016005 0.00014565 0.00030155 0.0001422 0.0001794 0.00031665 0.00029475 0.00024 0.0001943 0.00019335 0.0003681 0.00012725 0.00015085 0.00023855 0.0002254 0.00022215
