 slim_337505116 slim_337505157 slim_337505181 slim_337505238 slim_337505209 slim_337505192 slim_337505102 slim_337504727 slim_337505035 slim_337505137 slim_337505179 slim_337504545 slim_337504967 slim_337505065 slim_337505212 slim_337505020 slim_337505232 slim_337505138 slim_337504869 slim_337505233 slim_337505206 slim_337504984 slim_337505196 slim_337505096 slim_337505174 slim_337505224 slim_337504749 slim_337505082 slim_337505167 slim_337504987 slim_337505163 slim_337505185 slim_337505242 slim_337505216 slim_337505187 slim_337505202 slim_337505175 slim_337505219 slim_337505050 slim_337505048 slim_337505099 slim_337505086 slim_337505173 slim_337505235 slim_337504965 slim_337505244 slim_337505201 slim_337504912 slim_337505077 slim_337505126 slim_337505227 slim_337505128 slim_337505115 slim_337505165 slim_337505101 slim_337505231 slim_337505070 slim_337505103 slim_337505195 slim_337504982 slim_337505150 slim_337505221 slim_337505223 slim_337505222 slim_337505205 slim_337505135 slim_337505226 slim_337505236 slim_337505183 slim_337505092 slim_337505207 slim_337505171 slim_337505154 slim_337505229 slim_337505208 slim_337504996 slim_337505177 slim_337505241 slim_337505064 slim_337505095 slim_337505182 slim_337505143 slim_337505164 slim_337505168 slim_337504889 slim_337505225 slim_337505200 slim_337505127 slim_337505186 slim_337504988 slim_337505170 slim_337505156 slim_337505059 slim_337505078 slim_337505243 slim_337505151 slim_337505051 slim_337505218 slim_337505040 slim_337505056
0 0.0002316 0.0001187 0.0001177 0.00011865 0.00011985 0.00011935 0.0001196 0.00011715 0.00011815 0.0001185 0.0001185 0.00011935 0.00011735 0.00012005 0.0001179 0.00011935 0.00011845 0.00011955 0.0001191 0.00011755 0.00011895 0.00011815 0.00011725 0.0001188 0.0001191 0.00011905 0.00011725 0.00011885 0.00011865 0.00011965 0.000119 0.0001188 0.00011725 0.0001185 0.00011935 0.0001177 0.0001194 0.0001172 0.000117 0.00011775 0.00011895 0.00011595 0.00011895 0.00011685 0.00011745 0.00011845 0.00011925 0.000116 0.0001188 0.0001184 0.0001184 0.00011895 0.0001176 0.0001182 0.00011825 0.00011805 0.00011745 0.00011875 0.0001183 0.00011745 0.0001192 0.00011745 0.0001196 0.0001185 0.00011755 0.00011785 0.0001177 0.00011825 0.00011735 0.00011775 0.0001185 0.0001184 0.00011965 0.0001174 0.00011885 0.0001193 0.00012005 0.0001199 0.00011845 0.00011775 0.000118 0.00011855 0.00011925 0.00011965 0.0001194 0.0001184 0.00011885 0.0001193 0.00011945 0.0001195 0.0001175 0.00011825 0.0001181 0.00011935 0.0001178 0.00011875 0.0001172 0.000119 0.00011725 0.0001184
1 0.0001187 2.47e-05 0.0001186 3.62e-05 3.605e-05 1.565e-05 3.575e-05 0.00011935 0.00014105 8.93e-05 1.39e-05 1.335e-05 0.00014655 3.675e-05 0.0001263 1.325e-05 5.105e-05 3.545e-05 1.26e-05 0.00011865 1.48e-05 1.27e-05 6.645e-05 8.17e-05 1.485e-05 8.195e-05 1.25e-05 3.685e-05 0.0001415 3.585e-05 1.275e-05 5.055e-05 6.705e-05 1.495e-05 1.425e-05 0.00011875 3.685e-05 0.0001239 0.00011965 1.385e-05 1.64e-05 0.0002242 3.685e-05 0.0001195 0.00011855 1.35e-05 1.255e-05 0.00022425 1.44e-05 1.31e-05 5.125e-05 1.405e-05 0.0001196 1.275e-05 1.38e-05 0.0001412 0.00011985 4.19e-05 4.065e-05 5.9e-05 1.52e-05 1.27e-05 5.76e-05 1.36e-05 0.0001186 1.3e-05 1.345e-05 8.025e-05 1.37e-05 1.325e-05 1.345e-05 3.505e-05 3.555e-05 8.215e-05 1.43e-05 1.53e-05 1.47e-05 3.715e-05 7.38e-05 0.00011885 3.545e-05 0.00014155 1.555e-05 3.565e-05 3.74e-05 0.0001192 1.31e-05 3.575e-05 1.545e-05 3.53e-05 1.38e-05 1.305e-05 1.55e-05 1.365e-05 0.0001197 1.545e-05 0.00022485 1.275e-05 1.385e-05 7.345e-05
2 0.0001177 0.0001186 0.000215 0.00011935 0.0001094 0.0001141 0.00010955 0.00011805 0.00010925 0.00010975 0.00011805 0.00010815 0.0001098 0.0001098 0.00010935 0.00010855 0.00011655 0.00010975 0.0001083 0.00010825 0.0001187 0.00011805 0.00011775 0.0001099 0.00011355 0.00011015 0.00012785 0.0001185 0.0001103 0.00010905 0.0001082 0.00010835 0.00011775 0.00012345 0.0001091 0.0001084 0.00011965 0.00010865 0.00011815 0.00012735 0.0001235 0.00010815 0.00011935 0.000118 0.0001081 0.00011785 0.00010845 0.0001082 0.00011835 0.00011775 0.00011815 0.00011795 0.00011845 0.0001184 0.0001182 0.00010945 0.00011915 0.00011035 0.000109 0.00011855 0.00011345 0.00012805 0.00011015 0.00011845 0.00010845 0.00011805 0.0001278 0.0001193 0.00012775 0.0001262 0.00011825 0.00011905 0.00010955 0.0001192 0.00011785 0.00011355 0.00010945 0.00011445 0.000119 0.00010845 0.00011945 0.00011025 0.00011405 0.00010955 0.0001144 0.00010935 0.0001086 0.00010935 0.00011365 0.0001094 0.00012755 0.0001183 0.0001226 0.0001087 0.00011895 0.000123 0.0001099 0.0001082 0.0001277 0.0001186
3 0.00011865 3.62e-05 0.00011935 6.81e-05 3.62e-05 3.77e-05 3.595e-05 0.0001193 0.00011875 6.765e-05 3.53e-05 3.64e-05 0.0001251 3.695e-05 0.0001042 3.63e-05 7.325e-05 3.52e-05 3.615e-05 0.00011945 3.67e-05 3.565e-05 6.68e-05 5.955e-05 3.71e-05 5.98e-05 3.52e-05 3.535e-05 0.000119 3.6e-05 3.605e-05 7.33e-05 6.645e-05 3.7e-05 3.645e-05 0.00011955 3.51e-05 0.0001186 0.0001187 3.47e-05 3.67e-05 0.0002027 3.47e-05 0.00011855 0.00011935 3.575e-05 3.63e-05 0.00020275 3.55e-05 3.59e-05 7.315e-05 3.625e-05 0.00011825 3.535e-05 3.5e-05 0.0001189 0.00011855 4.26e-05 4.17e-05 5.97e-05 3.725e-05 3.54e-05 3.47e-05 3.52e-05 0.0001193 3.54e-05 3.545e-05 7.835e-05 3.515e-05 3.555e-05 3.6e-05 3.465e-05 3.565e-05 8.135e-05 3.56e-05 3.735e-05 3.73e-05 3.615e-05 7.275e-05 0.00011965 3.49e-05 0.00011925 3.76e-05 3.565e-05 3.62e-05 0.0001198 3.62e-05 3.535e-05 3.75e-05 3.55e-05 3.44e-05 3.59e-05 3.665e-05 3.67e-05 0.00011945 3.695e-05 0.00020295 3.605e-05 3.45e-05 7.26e-05
4 0.00011985 3.605e-05 0.0001094 3.62e-05 4.88e-05 3.24e-05 2.495e-05 0.00011995 0.00011005 5.85e-05 3.57e-05 2.475e-05 0.0001178 2.605e-05 9.545e-05 2.55e-05 7.085e-05 2.545e-05 2.52e-05 0.0001099 3.63e-05 3.55e-05 6.71e-05 5.075e-05 3.12e-05 5.1e-05 4.585e-05 3.575e-05 0.0001108 2.465e-05 2.51e-05 6.265e-05 6.74e-05 4.215e-05 2.53e-05 0.00011 3.64e-05 0.0001099 0.00012055 4.545e-05 4.24e-05 0.00019455 3.65e-05 0.0001204 0.0001098 3.5e-05 2.535e-05 0.0001946 3.56e-05 3.535e-05 7.27e-05 3.48e-05 0.00012015 3.555e-05 3.585e-05 0.0001102 0.0001213 3.42e-05 3.25e-05 6.085e-05 3.16e-05 4.605e-05 2.5e-05 3.61e-05 0.00011 3.55e-05 4.55e-05 7.995e-05 4.545e-05 4.365e-05 3.56e-05 3.57e-05 2.555e-05 8.405e-05 3.565e-05 3.17e-05 2.655e-05 3.125e-05 7.315e-05 0.0001101 3.59e-05 0.00011015 3.235e-05 2.555e-05 3.175e-05 0.00011075 2.565e-05 2.575e-05 3.18e-05 2.54e-05 4.565e-05 3.575e-05 4.095e-05 2.545e-05 0.0001206 4.16e-05 0.0001958 2.51e-05 4.59e-05 7.26e-05
5 0.00011935 1.565e-05 0.0001141 3.77e-05 3.24e-05 1.58e-05 3.21e-05 0.00011975 0.0001364 8.425e-05 1.545e-05 1.01e-05 0.0001415 3.215e-05 0.00012155 1e-05 5.105e-05 3.215e-05 9.7e-06 0.000114 1.525e-05 1.515e-05 6.78e-05 7.705e-05 9e-06 7.73e-05 2.065e-05 3.77e-05 0.0001366 3.22e-05 9.6e-06 4.64e-05 6.805e-05 1.505e-05 9.6e-06 0.0001141 3.825e-05 0.0001193 0.0001198 2.1e-05 1.45e-05 0.00021815 3.765e-05 0.00011965 0.0001139 1.53e-05 9.75e-06 0.0002182 1.6e-05 1.55e-05 5.215e-05 1.585e-05 0.00011995 1.525e-05 1.54e-05 0.0001364 0.00011995 3.645e-05 3.71e-05 6.015e-05 9.4e-06 2.085e-05 5.41e-05 1.555e-05 0.0001139 1.515e-05 2.09e-05 8.08e-05 2.085e-05 1.98e-05 1.54e-05 3.735e-05 3.215e-05 8.295e-05 1.585e-05 9.3e-06 1.005e-05 3.255e-05 7.455e-05 0.0001142 3.735e-05 0.0001364 8.55e-06 3.225e-05 3.15e-05 0.00011445 8.85e-06 3.175e-05 8.75e-06 3.2e-05 2.1e-05 1.515e-05 1.515e-05 9.4e-06 0.00012 1.435e-05 0.0002186 9.6e-06 2.075e-05 7.45e-05
6 0.0001196 3.575e-05 0.00010955 3.595e-05 2.495e-05 3.21e-05 4.83e-05 0.0001197 0.0001098 5.805e-05 3.52e-05 2.485e-05 0.00011755 2.65e-05 9.5e-05 2.485e-05 7.045e-05 2.515e-05 2.465e-05 0.0001094 3.57e-05 3.52e-05 6.665e-05 5.05e-05 3.09e-05 5.075e-05 4.56e-05 3.55e-05 0.00011055 2.48e-05 2.455e-05 6.2e-05 6.695e-05 4.19e-05 2.52e-05 0.0001092 3.615e-05 0.00010965 0.0001203 4.52e-05 4.215e-05 0.0001943 3.625e-05 0.00012015 0.0001093 3.45e-05 2.5e-05 0.00019435 3.615e-05 3.55e-05 7.23e-05 3.525e-05 0.0001199 3.525e-05 3.535e-05 0.00010995 0.00012105 3.39e-05 3.2e-05 6.06e-05 3.11e-05 4.58e-05 2.51e-05 3.58e-05 0.0001095 3.52e-05 4.525e-05 7.97e-05 4.52e-05 4.34e-05 3.48e-05 3.545e-05 2.52e-05 8.38e-05 3.58e-05 3.12e-05 2.645e-05 3.1e-05 7.29e-05 0.0001093 3.565e-05 0.0001099 3.205e-05 2.475e-05 3.15e-05 0.00010995 2.51e-05 2.525e-05 3.13e-05 2.51e-05 4.54e-05 3.525e-05 4.07e-05 2.585e-05 0.00012035 4.135e-05 0.00019555 2.455e-05 4.565e-05 7.235e-05
7 0.00011715 0.00011935 0.00011805 0.0001193 0.00011995 0.00011975 0.0001197 0.000232 0.00011845 0.00011885 0.00011865 0.00011975 0.00011725 0.0001204 0.0001183 0.00011975 0.0001183 0.00011995 0.0001195 0.00011785 0.0001184 0.0001188 0.0001168 0.00011915 0.0001191 0.0001194 0.00011815 0.0001192 0.00011865 0.00011975 0.0001194 0.0001191 0.0001177 0.0001189 0.0001197 0.000118 0.0001195 0.00011755 0.00011715 0.0001175 0.0001188 0.00011615 0.0001191 0.000117 0.00011775 0.000118 0.00011965 0.0001162 0.00011935 0.00011905 0.00011785 0.00011815 0.0001178 0.0001189 0.0001188 0.0001183 0.00011765 0.00011905 0.00011855 0.0001181 0.00011935 0.00011835 0.0001201 0.00011905 0.0001178 0.0001188 0.00011715 0.00011875 0.0001171 0.00011795 0.0001185 0.00011915 0.00012 0.00011815 0.000119 0.00011945 0.0001202 0.00012005 0.000118 0.00011805 0.00011835 0.0001183 0.0001197 0.00012 0.00011965 0.00011845 0.00011955 0.0001197 0.00011955 0.00011985 0.00011775 0.0001188 0.00011735 0.00012005 0.00011665 0.00011845 0.0001169 0.0001194 0.00011785 0.0001181
8 0.00011815 0.00014105 0.00010925 0.00011875 0.00011005 0.0001364 0.0001098 0.00011845 0.0001734 8.85e-05 0.00014045 0.00013165 8.875e-05 0.0001108 8.765e-05 0.00013165 0.00013915 0.0001092 0.0001314 0.0001094 0.000141 0.0001405 0.00011825 8.795e-05 0.0001358 8.785e-05 0.00014965 0.00011755 8.805e-05 0.00010985 0.0001313 0.0001314 0.0001182 0.0001452 0.00013145 0.00010955 0.0001184 0.00010365 0.0001186 0.00014915 0.0001452 8.735e-05 0.00011915 0.00011845 0.0001092 0.0001402 0.00013155 8.74e-05 0.00014115 0.00014075 0.00014045 0.0001407 0.0001185 0.0001404 0.0001406 8.74e-05 0.0001194 0.0001113 0.0001101 0.00011915 0.00013585 0.00014985 8.77e-05 0.00014085 0.0001095 0.0001405 0.0001495 0.00011895 0.00014945 0.0001482 0.0001407 0.0001185 0.000109 0.0001195 0.0001408 0.00013595 0.00013265 0.0001131 0.0001184 0.0001096 0.00011915 8.835e-05 0.00013635 0.00010945 0.0001138 0.0001103 0.0001316 0.00010985 0.00013605 0.0001093 0.00014935 0.00014075 0.0001442 0.0001321 0.00011915 0.0001448 8.87e-05 0.0001313 0.00014945 0.000118
9 0.0001185 8.93e-05 0.00010975 6.765e-05 5.85e-05 8.425e-05 5.805e-05 0.00011885 8.85e-05 6.98e-05 8.87e-05 7.97e-05 8.88e-05 5.77e-05 7.31e-05 7.97e-05 0.0001243 5.83e-05 7.95e-05 0.0001096 8.855e-05 8.875e-05 6.61e-05 3.645e-05 8.415e-05 3.67e-05 9.795e-05 6.705e-05 8.915e-05 5.83e-05 7.94e-05 0.00011635 6.605e-05 9.305e-05 8.005e-05 0.00010965 6.8e-05 0.00010415 0.00011905 9.755e-05 9.315e-05 0.00013975 6.75e-05 0.0001189 0.0001095 8.84e-05 7.975e-05 0.0001398 8.945e-05 8.9e-05 0.0001256 8.9e-05 0.0001192 8.875e-05 8.88e-05 8.85e-05 0.0001198 5.845e-05 5.795e-05 6.69e-05 8.355e-05 9.815e-05 3.66e-05 8.915e-05 0.0001097 8.875e-05 9.785e-05 0.0001108 9.78e-05 9.655e-05 8.875e-05 6.735e-05 5.84e-05 8.3e-05 8.915e-05 8.365e-05 7.965e-05 6.285e-05 0.0001044 0.0001097 6.77e-05 8.89e-05 8.42e-05 5.825e-05 6.22e-05 0.0001104 7.975e-05 5.795e-05 8.375e-05 5.83e-05 9.77e-05 8.865e-05 9.21e-05 8.035e-05 0.00011955 9.265e-05 0.0001411 7.94e-05 9.785e-05 0.00010395
10 0.0001185 1.39e-05 0.00011805 3.53e-05 3.57e-05 1.545e-05 3.52e-05 0.00011865 0.00014045 8.87e-05 2.43e-05 1.295e-05 0.000146 3.625e-05 0.00012565 1.285e-05 5.025e-05 3.54e-05 1.265e-05 0.0001179 1.405e-05 1.335e-05 6.6e-05 8.12e-05 1.475e-05 8.145e-05 1.39e-05 3.555e-05 0.0001409 3.55e-05 1.255e-05 4.97e-05 6.57e-05 1.555e-05 1.415e-05 0.000118 3.55e-05 0.00012345 0.000118 1.25e-05 1.485e-05 0.0002233 3.45e-05 0.00011785 0.00011775 1.295e-05 1.3e-05 0.00022335 1.345e-05 1.365e-05 5.045e-05 1.37e-05 0.00011795 1.35e-05 1.265e-05 0.0001406 0.00011855 4.165e-05 4.025e-05 5.93e-05 1.46e-05 1.41e-05 5.745e-05 1.31e-05 0.00011785 1.325e-05 1.385e-05 7.895e-05 1.37e-05 1.365e-05 1.335e-05 3.565e-05 3.535e-05 8.15e-05 1.3e-05 1.47e-05 1.4e-05 3.695e-05 7.31e-05 0.0001181 3.54e-05 0.00014085 1.54e-05 3.52e-05 3.705e-05 0.00011845 1.295e-05 3.425e-05 1.475e-05 3.525e-05 1.29e-05 1.34e-05 1.495e-05 1.37e-05 0.000119 1.51e-05 0.00022395 1.255e-05 1.29e-05 7.285e-05
11 0.00011935 1.335e-05 0.00010815 3.64e-05 2.475e-05 1.01e-05 2.485e-05 0.00011975 0.00013165 7.97e-05 1.295e-05 2.1e-06 0.0001388 2.55e-05 0.00011675 1.75e-06 4.825e-05 2.525e-05 1.55e-06 0.0001084 1.4e-05 1.28e-05 6.655e-05 7.225e-05 9.1e-06 7.25e-05 2.39e-05 3.59e-05 0.0001326 2.485e-05 1.45e-06 3.905e-05 6.68e-05 2.035e-05 3.6e-06 0.0001084 3.675e-05 0.00011465 0.00012015 2.355e-05 2.075e-05 0.0002154 3.69e-05 0.00012 0.0001083 1.245e-05 1.9e-06 0.00021545 1.32e-05 1.27e-05 5.04e-05 1.25e-05 0.00012005 1.32e-05 1.31e-05 0.0001318 0.0001211 3.325e-05 3.095e-05 6.02e-05 8.85e-06 2.41e-05 4.74e-05 1.355e-05 0.0001086 1.28e-05 2.39e-05 8.055e-05 2.385e-05 2.175e-05 1.27e-05 3.575e-05 2.495e-05 8.37e-05 1.315e-05 8.95e-06 3.25e-06 3.14e-05 7.375e-05 0.0001085 3.665e-05 0.0001327 1.005e-05 2.47e-05 3.195e-05 0.00010935 2.25e-06 2.505e-05 9.05e-06 2.485e-05 2.375e-05 1.285e-05 1.955e-05 2.3e-06 0.0001206 1.97e-05 0.00021705 1.45e-06 2.41e-05 7.285e-05
12 0.00011735 0.00014655 0.0001098 0.0001251 0.0001178 0.0001415 0.00011755 0.00011725 8.875e-05 8.88e-05 0.000146 0.0001388 0.0001589 0.00011785 8.835e-05 0.00013875 0.0001459 0.0001173 0.0001385 0.00010965 0.00014645 0.000146 0.0001172 8.925e-05 0.00014115 8.95e-05 0.0001536 0.0001253 8.82e-05 0.0001176 0.0001384 0.00013825 0.0001179 0.00014875 0.00013905 0.00010975 0.0001254 0.00010395 0.00011725 0.00015315 0.00014875 8.07e-05 0.00012495 0.0001171 0.00010955 0.0001459 0.0001386 8.075e-05 0.0001467 0.0001463 0.00014585 0.0001464 0.00011745 0.0001459 0.00014615 8.865e-05 0.00011695 0.00011055 0.00010905 0.00011785 0.000141 0.0001538 9.61e-05 0.00014635 0.00010935 0.00014595 0.0001536 0.00012465 0.0001535 0.00015365 0.00014625 0.00012485 0.0001176 0.00011725 0.00014635 0.0001411 0.00013905 0.0001201 0.0001244 0.00010985 0.0001241 8.81e-05 0.00014145 0.0001176 0.00011975 0.0001093 0.0001387 0.00011725 0.0001412 0.0001174 0.0001533 0.00014615 0.00014845 0.0001392 0.0001167 0.0001484 7.97e-05 0.0001384 0.00015335 0.00012515
13 0.00012005 3.675e-05 0.0001098 3.695e-05 2.605e-05 3.215e-05 2.65e-05 0.0001204 0.0001108 5.77e-05 3.625e-05 2.55e-05 0.00011785 5.03e-05 9.58e-05 2.62e-05 7.12e-05 2.655e-05 2.595e-05 0.00011015 3.605e-05 3.62e-05 6.8e-05 5.115e-05 3.205e-05 5.14e-05 4.65e-05 3.665e-05 0.0001114 2.615e-05 2.585e-05 6.28e-05 6.79e-05 4.195e-05 2.67e-05 0.00011025 3.73e-05 0.0001102 0.0001206 4.605e-05 4.205e-05 0.0001943 3.685e-05 0.00012045 0.00011005 3.595e-05 2.61e-05 0.00019435 3.62e-05 3.605e-05 7.305e-05 3.575e-05 0.00012035 3.625e-05 3.635e-05 0.0001108 0.0001213 3.34e-05 3.305e-05 6.085e-05 3.145e-05 4.67e-05 2.64e-05 3.66e-05 0.00011025 3.62e-05 4.64e-05 8.015e-05 4.635e-05 4.455e-05 3.64e-05 3.665e-05 2.665e-05 8.45e-05 3.62e-05 3.155e-05 2.585e-05 3.245e-05 7.375e-05 0.00011035 3.735e-05 0.0001112 3.21e-05 2.665e-05 3.185e-05 0.000111 2.63e-05 2.63e-05 3.165e-05 2.65e-05 4.62e-05 3.62e-05 4.1e-05 2.61e-05 0.00012105 4.15e-05 0.00019555 2.585e-05 4.64e-05 7.33e-05
14 0.0001179 0.0001263 0.00010935 0.0001042 9.545e-05 0.00012155 9.5e-05 0.0001183 8.765e-05 7.31e-05 0.00012565 0.00011675 8.835e-05 9.58e-05 0.0001441 0.00011675 0.00012425 9.48e-05 0.00011655 0.0001091 0.00012615 0.00012575 0.00010315 7.345e-05 0.0001211 7.37e-05 0.0001349 0.00010355 8.82e-05 9.525e-05 0.00011645 0.00011635 0.0001031 0.00013035 0.00011685 0.00010915 0.0001045 0.0001035 0.00011845 0.00013445 0.0001304 0.0001017 0.0001045 0.0001183 0.000109 0.0001254 0.0001168 0.00010175 0.00012645 0.000126 0.00012555 0.000126 0.00011845 0.00012565 0.0001258 8.755e-05 0.00011925 9.63e-05 9.51e-05 0.0001043 0.0001209 0.0001351 7.31e-05 0.00012615 0.0001092 0.00012575 0.0001348 0.00011025 0.00013475 0.0001335 0.00012575 0.0001039 9.5e-05 0.00011955 0.0001261 0.000121 0.00011755 9.925e-05 0.0001033 0.0001092 0.00010455 8.83e-05 0.0001215 9.485e-05 9.91e-05 0.00010985 0.00011675 9.505e-05 0.0001211 9.49e-05 0.00013465 0.00012575 0.0001294 0.00011735 0.00011895 0.00012995 0.000103 0.00011645 0.00013475 0.0001034
15 0.00011935 1.325e-05 0.00010855 3.63e-05 2.55e-05 1e-05 2.485e-05 0.00011975 0.00013165 7.97e-05 1.285e-05 1.75e-06 0.00013875 2.62e-05 0.00011675 2e-06 4.82e-05 2.515e-05 1.4e-06 0.00010835 1.395e-05 1.27e-05 6.66e-05 7.23e-05 9.05e-06 7.255e-05 2.395e-05 3.58e-05 0.0001326 2.53e-05 1.3e-06 3.895e-05 6.67e-05 2.035e-05 3.75e-06 0.00010835 3.665e-05 0.0001146 0.00012 2.345e-05 2.06e-05 0.00021535 3.67e-05 0.00011985 0.00010825 1.245e-05 1.65e-06 0.0002154 1.38e-05 1.315e-05 5.035e-05 1.325e-05 0.0001199 1.31e-05 1.295e-05 0.0001318 0.00012095 3.315e-05 3.09e-05 6.025e-05 8.8e-06 2.415e-05 4.775e-05 1.33e-05 0.00010855 1.27e-05 2.395e-05 8.04e-05 2.39e-05 2.18e-05 1.27e-05 3.58e-05 2.49e-05 8.36e-05 1.345e-05 8.9e-06 3.6e-06 3.145e-05 7.375e-05 0.00010845 3.67e-05 0.0001327 9.95e-06 2.47e-05 3.195e-05 0.0001093 2.15e-06 2.495e-05 9e-06 2.475e-05 2.36e-05 1.285e-05 1.955e-05 2.95e-06 0.0001206 1.965e-05 0.000217 1.3e-06 2.4e-05 7.285e-05
16 0.00011845 5.105e-05 0.00011655 7.325e-05 7.085e-05 5.105e-05 7.045e-05 0.0001183 0.00013915 0.0001243 5.025e-05 4.825e-05 0.0001459 7.12e-05 0.00012425 4.82e-05 9.39e-05 7.105e-05 4.795e-05 0.0001162 4.995e-05 5.05e-05 0.0001031 0.00011695 5.04e-05 0.0001172 5.3e-05 7.26e-05 0.0001398 7.065e-05 4.785e-05 4.735e-05 0.0001036 5.32e-05 4.89e-05 0.0001163 7.345e-05 0.0001219 0.00011875 5.225e-05 5.31e-05 0.0001845 7.31e-05 0.0001186 0.0001161 4.945e-05 4.82e-05 0.00018455 5.11e-05 5.08e-05 4.92e-05 5.035e-05 0.00011895 5.09e-05 5.04e-05 0.000139 0.0001197 7.755e-05 7.675e-05 9.68e-05 5.04e-05 5.32e-05 9.32e-05 5.075e-05 0.0001164 5.05e-05 5.245e-05 7.935e-05 5.24e-05 5.005e-05 5.05e-05 7.31e-05 7.08e-05 0.0001202 5.075e-05 5.05e-05 4.9e-05 7.34e-05 7.225e-05 0.0001164 7.345e-05 0.0001395 5.1e-05 7.07e-05 7.305e-05 0.00011725 4.815e-05 7.045e-05 5.06e-05 7.065e-05 5.245e-05 5.04e-05 5.185e-05 4.88e-05 0.00011915 5.265e-05 0.00018615 4.785e-05 5.27e-05 7.205e-05
17 0.00011955 3.545e-05 0.00010975 3.52e-05 2.545e-05 3.215e-05 2.515e-05 0.00011995 0.0001092 5.83e-05 3.54e-05 2.525e-05 0.0001173 2.655e-05 9.48e-05 2.515e-05 7.105e-05 4.67e-05 2.475e-05 0.0001098 3.63e-05 3.5e-05 6.7e-05 4.97e-05 3.11e-05 5.015e-05 4.53e-05 3.49e-05 0.0001095 2.525e-05 2.46e-05 6.25e-05 6.71e-05 4.17e-05 2.595e-05 0.0001099 3.535e-05 0.0001091 0.0001204 4.485e-05 4.205e-05 0.0001946 3.62e-05 0.00012025 0.0001097 3.485e-05 2.465e-05 0.00019465 3.615e-05 3.54e-05 7.265e-05 3.54e-05 0.0001195 3.435e-05 3.555e-05 0.00010915 0.00012095 3.395e-05 3.205e-05 6.06e-05 3.13e-05 4.55e-05 2.44e-05 3.56e-05 0.0001098 3.5e-05 4.52e-05 7.97e-05 4.515e-05 4.36e-05 3.53e-05 3.46e-05 2.445e-05 8.36e-05 3.58e-05 3.14e-05 2.68e-05 2.99e-05 7.255e-05 0.00011 3.595e-05 0.0001103 3.21e-05 2.43e-05 3.075e-05 0.00011045 2.545e-05 2.55e-05 3.15e-05 2.415e-05 4.505e-05 3.535e-05 4.07e-05 2.6e-05 0.0001204 4.1e-05 0.00019545 2.465e-05 4.545e-05 7.16e-05
18 0.0001191 1.26e-05 0.0001083 3.615e-05 2.52e-05 9.7e-06 2.465e-05 0.0001195 0.0001314 7.95e-05 1.265e-05 1.55e-06 0.0001385 2.595e-05 0.00011655 1.4e-06 4.795e-05 2.475e-05 1.4e-06 0.00010805 1.375e-05 1.24e-05 6.635e-05 7.2e-05 8.7e-06 7.225e-05 2.365e-05 3.565e-05 0.00013235 2.5e-05 8.5e-07 3.865e-05 6.66e-05 2.01e-05 3.4e-06 0.0001082 3.65e-05 0.0001143 0.0001199 2.32e-05 2.05e-05 0.00021515 3.665e-05 0.00011975 0.000108 1.21e-05 9e-07 0.0002152 1.365e-05 1.285e-05 5.01e-05 1.295e-05 0.0001198 1.27e-05 1.275e-05 0.00013155 0.00012085 3.285e-05 3.055e-05 5.995e-05 8.5e-06 2.385e-05 4.745e-05 1.28e-05 0.0001083 1.24e-05 2.365e-05 8.03e-05 2.36e-05 2.15e-05 1.25e-05 3.55e-05 2.455e-05 8.345e-05 1.33e-05 8.6e-06 3.35e-06 3.115e-05 7.35e-05 0.0001083 3.64e-05 0.00013245 9.65e-06 2.45e-05 3.17e-05 0.00010915 1.75e-06 2.475e-05 8.75e-06 2.435e-05 2.34e-05 1.255e-05 1.93e-05 2.6e-06 0.00012035 1.935e-05 0.0002168 8.5e-07 2.385e-05 7.26e-05
19 0.00011755 0.00011865 0.00010825 0.00011945 0.0001099 0.000114 0.0001094 0.00011785 0.0001094 0.0001096 0.0001179 0.0001084 0.00010965 0.00011015 0.0001091 0.00010835 0.0001162 0.0001098 0.00010805 0.0002152 0.00011845 0.0001181 0.0001177 0.00011 0.00011355 0.00011025 0.00012795 0.0001186 0.00011015 0.0001097 0.00010795 0.00010775 0.00011775 0.0001234 0.00010935 0.000108 0.00011975 0.0001085 0.000118 0.00012745 0.00012345 0.00010775 0.00011945 0.00011785 0.00010775 0.0001176 0.00010845 0.0001077 0.00011885 0.0001184 0.0001178 0.0001184 0.00011855 0.00011845 0.000118 0.0001093 0.000119 0.00011025 0.0001088 0.00011865 0.0001131 0.00012815 0.0001104 0.0001185 0.00010805 0.0001181 0.00012785 0.00011915 0.0001278 0.00012625 0.0001181 0.00011915 0.00010955 0.0001193 0.0001185 0.0001132 0.0001094 0.00011455 0.0001188 0.0001079 0.00011955 0.0001101 0.00011395 0.0001094 0.00011435 0.00010895 0.00010835 0.0001092 0.00011335 0.00010945 0.00012765 0.000118 0.0001225 0.00010915 0.00011875 0.00012295 0.0001095 0.00010795 0.0001278 0.00011845
20 0.00011895 1.48e-05 0.0001187 3.67e-05 3.63e-05 1.525e-05 3.57e-05 0.0001184 0.000141 8.855e-05 1.405e-05 1.4e-05 0.00014645 3.605e-05 0.00012615 1.395e-05 4.995e-05 3.63e-05 1.375e-05 0.00011845 2.51e-05 1.425e-05 6.615e-05 8.15e-05 1.495e-05 8.175e-05 1.47e-05 3.695e-05 0.00014125 3.61e-05 1.365e-05 5.03e-05 6.725e-05 1.545e-05 1.455e-05 0.00011835 3.695e-05 0.00012385 0.000119 1.4e-05 1.54e-05 0.0002232 3.655e-05 0.00011885 0.00011835 1.315e-05 1.4e-05 0.00022325 1.485e-05 1.455e-05 5.005e-05 1.4e-05 0.00011915 1.44e-05 1.415e-05 0.00014095 0.0001194 4.125e-05 4.135e-05 5.96e-05 1.47e-05 1.49e-05 5.835e-05 1.45e-05 0.0001184 1.425e-05 1.405e-05 7.98e-05 1.4e-05 1.375e-05 1.395e-05 3.655e-05 3.63e-05 8.28e-05 1.455e-05 1.48e-05 1.39e-05 3.785e-05 7.265e-05 0.00011845 3.605e-05 0.0001409 1.52e-05 3.6e-05 3.705e-05 0.0001188 1.385e-05 3.59e-05 1.49e-05 3.615e-05 1.42e-05 1.405e-05 1.425e-05 1.45e-05 0.00011875 1.49e-05 0.00022385 1.365e-05 1.445e-05 7.3e-05
21 0.00011815 1.27e-05 0.00011805 3.565e-05 3.55e-05 1.515e-05 3.52e-05 0.0001188 0.0001405 8.875e-05 1.335e-05 1.28e-05 0.000146 3.62e-05 0.00012575 1.27e-05 5.05e-05 3.5e-05 1.24e-05 0.0001181 1.425e-05 2.36e-05 6.59e-05 8.115e-05 1.435e-05 8.14e-05 1.2e-05 3.63e-05 0.00014095 3.53e-05 1.23e-05 5e-05 6.65e-05 1.465e-05 1.375e-05 0.0001182 3.63e-05 0.0001234 0.0001191 1.335e-05 1.585e-05 0.00022365 3.63e-05 0.00011895 0.000118 1.295e-05 1.245e-05 0.0002237 1.385e-05 1.25e-05 5.07e-05 1.35e-05 0.00011905 1.225e-05 1.325e-05 0.00014065 0.0001193 4.14e-05 4.01e-05 5.84e-05 1.465e-05 1.22e-05 5.705e-05 1.34e-05 0.00011805 1.225e-05 1.275e-05 7.97e-05 1.315e-05 1.265e-05 1.29e-05 3.435e-05 3.505e-05 8.16e-05 1.375e-05 1.475e-05 1.415e-05 3.66e-05 7.325e-05 0.0001183 3.49e-05 0.000141 1.505e-05 3.51e-05 3.685e-05 0.00011865 1.26e-05 3.52e-05 1.49e-05 3.485e-05 1.33e-05 1.245e-05 1.495e-05 1.315e-05 0.00011915 1.495e-05 0.0002243 1.23e-05 1.33e-05 7.29e-05
22 0.00011725 6.645e-05 0.00011775 6.68e-05 6.71e-05 6.78e-05 6.665e-05 0.0001168 0.00011825 6.61e-05 6.6e-05 6.655e-05 0.0001172 6.8e-05 0.00010315 6.66e-05 0.0001031 6.7e-05 6.635e-05 0.0001177 6.615e-05 6.59e-05 0.0001269 6.655e-05 6.66e-05 6.68e-05 6.54e-05 6.675e-05 0.0001187 6.69e-05 6.625e-05 0.00010375 6.48e-05 6.68e-05 6.715e-05 0.00011775 6.705e-05 0.00011745 0.0001176 6.485e-05 6.705e-05 0.0001691 6.705e-05 0.00011745 0.0001176 6.49e-05 6.66e-05 0.00016915 6.68e-05 6.615e-05 0.00010265 6.57e-05 0.000118 6.6e-05 6.615e-05 0.00011835 0.0001181 6.695e-05 6.54e-05 6.555e-05 6.7e-05 6.56e-05 6.715e-05 6.65e-05 0.00011765 6.59e-05 6.485e-05 0.00011065 6.48e-05 6.51e-05 6.57e-05 6.63e-05 6.7e-05 8.09e-05 6.645e-05 6.71e-05 6.77e-05 6.715e-05 0.00010325 0.0001178 6.565e-05 0.00011845 6.775e-05 6.685e-05 6.745e-05 0.0001182 6.67e-05 6.705e-05 6.72e-05 6.69e-05 6.51e-05 6.595e-05 6.57e-05 6.73e-05 0.0001172 6.61e-05 0.00016985 6.625e-05 6.545e-05 0.00010335
23 0.0001188 8.17e-05 0.0001099 5.955e-05 5.075e-05 7.705e-05 5.05e-05 0.00011915 8.795e-05 3.645e-05 8.12e-05 7.225e-05 8.925e-05 5.115e-05 7.345e-05 7.23e-05 0.00011695 4.97e-05 7.2e-05 0.00011 8.15e-05 8.115e-05 6.655e-05 5.5e-05 7.655e-05 2.805e-05 9.035e-05 5.87e-05 8.855e-05 5.055e-05 7.19e-05 0.0001091 6.655e-05 8.585e-05 7.22e-05 0.00011015 5.97e-05 0.00010425 0.00011935 8.995e-05 8.595e-05 0.00014795 6.005e-05 0.0001192 0.0001099 8.09e-05 7.215e-05 0.000148 8.185e-05 8.14e-05 0.00011825 8.14e-05 0.00011925 8.105e-05 8.13e-05 8.78e-05 0.0001201 5.17e-05 5.06e-05 5.895e-05 7.645e-05 9.055e-05 2.85e-05 8.155e-05 0.0001101 8.115e-05 9.025e-05 0.00010345 9.02e-05 8.895e-05 8.135e-05 5.925e-05 5.015e-05 8.305e-05 8.155e-05 7.655e-05 7.3e-05 5.435e-05 9.67e-05 0.0001102 5.99e-05 8.905e-05 7.7e-05 4.995e-05 5.45e-05 0.0001109 7.225e-05 5.06e-05 7.665e-05 5e-05 9.01e-05 8.14e-05 8.49e-05 7.275e-05 0.00011985 8.545e-05 0.0001493 7.19e-05 9.025e-05 9.57e-05
24 0.0001191 1.485e-05 0.00011355 3.71e-05 3.12e-05 9e-06 3.09e-05 0.0001191 0.0001358 8.415e-05 1.475e-05 9.1e-06 0.00014115 3.205e-05 0.0001211 9.05e-06 5.04e-05 3.11e-05 8.7e-06 0.00011355 1.495e-05 1.435e-05 6.66e-05 7.655e-05 1.52e-05 7.68e-05 2.005e-05 3.695e-05 0.0001361 3.1e-05 8.6e-06 4.595e-05 6.735e-05 1.52e-05 8.75e-06 0.00011365 3.75e-05 0.00011885 0.00011965 2.03e-05 1.55e-05 0.00021825 3.725e-05 0.0001195 0.00011345 1.41e-05 8.75e-06 0.0002183 1.54e-05 1.47e-05 5.15e-05 1.465e-05 0.0001197 1.445e-05 1.48e-05 0.0001359 0.0001199 3.67e-05 3.62e-05 5.99e-05 9.35e-06 2.025e-05 5.305e-05 1.495e-05 0.0001134 1.435e-05 1.99e-05 8.075e-05 1.985e-05 1.88e-05 1.45e-05 3.655e-05 3.11e-05 8.255e-05 1.515e-05 9.4e-06 9.9e-06 3.15e-05 7.39e-05 0.00011375 3.635e-05 0.00013575 9e-06 3.12e-05 3.145e-05 0.000114 8.2e-06 3.105e-05 9.45e-06 3.095e-05 2.04e-05 1.455e-05 1.49e-05 8.75e-06 0.00011935 1.505e-05 0.0002187 8.6e-06 2.025e-05 7.39e-05
25 0.00011905 8.195e-05 0.00011015 5.98e-05 5.1e-05 7.73e-05 5.075e-05 0.0001194 8.785e-05 3.67e-05 8.145e-05 7.25e-05 8.95e-05 5.14e-05 7.37e-05 7.255e-05 0.0001172 5.015e-05 7.225e-05 0.00011025 8.175e-05 8.14e-05 6.68e-05 2.805e-05 7.68e-05 5.55e-05 9.06e-05 5.845e-05 8.9e-05 5.08e-05 7.215e-05 0.00010935 6.68e-05 8.61e-05 7.245e-05 0.0001104 5.96e-05 0.00010455 0.0001196 9.02e-05 8.62e-05 0.0001482 6.03e-05 0.00011945 0.00011015 8.115e-05 7.24e-05 0.00014825 8.21e-05 8.165e-05 0.0001185 8.165e-05 0.0001195 8.13e-05 8.155e-05 8.835e-05 0.00012035 5.195e-05 5.085e-05 5.92e-05 7.67e-05 9.08e-05 2.875e-05 8.18e-05 0.00011035 8.14e-05 9.05e-05 0.0001037 9.045e-05 8.92e-05 8.16e-05 5.95e-05 5.005e-05 8.33e-05 8.18e-05 7.68e-05 7.325e-05 5.425e-05 9.695e-05 0.00011045 6.015e-05 8.93e-05 7.725e-05 5.04e-05 5.475e-05 0.00011115 7.25e-05 5.085e-05 7.69e-05 5.025e-05 9.035e-05 8.165e-05 8.515e-05 7.3e-05 0.0001201 8.57e-05 0.00014955 7.215e-05 9.05e-05 9.615e-05
26 0.00011725 1.25e-05 0.00012785 3.52e-05 4.585e-05 2.065e-05 4.56e-05 0.00011815 0.00014965 9.795e-05 1.39e-05 2.39e-05 0.0001536 4.65e-05 0.0001349 2.395e-05 5.3e-05 4.53e-05 2.365e-05 0.00012795 1.47e-05 1.2e-05 6.54e-05 9.035e-05 2.005e-05 9.06e-05 5e-07 3.7e-05 0.0001496 4.565e-05 2.355e-05 6.105e-05 6.635e-05 9.15e-06 2.415e-05 0.00012805 3.615e-05 0.00013255 0.00011835 3.55e-06 1.125e-05 0.0002322 3.6e-05 0.0001182 0.00012785 1.36e-05 2.38e-05 0.00023225 1.41e-05 1.225e-05 5.125e-05 1.41e-05 0.00011835 1.19e-05 1.355e-05 0.0001498 0.0001178 5e-05 4.95e-05 5.695e-05 2.06e-05 4.5e-07 6.67e-05 1.38e-05 0.00012765 1.265e-05 2.15e-06 7.915e-05 2.75e-06 3.9e-06 1.315e-05 3.35e-05 4.555e-05 7.98e-05 1.425e-05 2.07e-05 2.48e-05 4.21e-05 7.305e-05 0.00012815 3.345e-05 0.0001496 2.05e-05 4.555e-05 4.205e-05 0.000128 2.325e-05 4.55e-05 2.09e-05 4.54e-05 3.25e-06 1.225e-05 1.065e-05 2.375e-05 0.000118 1.06e-05 0.00023185 2.355e-05 2.8e-06 7.325e-05
27 0.00011885 3.685e-05 0.0001185 3.535e-05 3.575e-05 3.77e-05 3.55e-05 0.0001192 0.00011755 6.705e-05 3.555e-05 3.59e-05 0.0001253 3.665e-05 0.00010355 3.58e-05 7.26e-05 3.49e-05 3.565e-05 0.0001186 3.695e-05 3.63e-05 6.675e-05 5.87e-05 3.695e-05 5.845e-05 3.7e-05 6.77e-05 0.0001187 3.555e-05 3.555e-05 7.275e-05 6.595e-05 3.805e-05 3.595e-05 0.00011875 3.5e-05 0.000118 0.0001186 3.58e-05 3.73e-05 0.0002015 3.5e-05 0.00011845 0.0001185 3.6e-05 3.58e-05 0.00020155 3.63e-05 3.655e-05 7.335e-05 3.65e-05 0.0001185 3.62e-05 3.575e-05 0.00011805 0.0001195 4.305e-05 4.17e-05 6e-05 3.715e-05 3.72e-05 3.485e-05 3.6e-05 0.0001187 3.625e-05 3.685e-05 7.925e-05 3.675e-05 3.61e-05 3.65e-05 3.575e-05 3.48e-05 8.25e-05 3.585e-05 3.725e-05 3.705e-05 3.58e-05 7.315e-05 0.0001188 3.635e-05 0.000119 3.765e-05 3.515e-05 3.655e-05 0.0001195 3.585e-05 3.49e-05 3.735e-05 3.5e-05 3.605e-05 3.655e-05 3.705e-05 3.635e-05 0.0001199 3.765e-05 0.00020285 3.555e-05 3.6e-05 7.235e-05
28 0.00011865 0.0001415 0.0001103 0.000119 0.0001108 0.0001366 0.00011055 0.00011865 8.805e-05 8.915e-05 0.0001409 0.0001326 8.82e-05 0.0001114 8.82e-05 0.0001326 0.0001398 0.0001095 0.00013235 0.00011015 0.00014125 0.00014095 0.0001187 8.855e-05 0.0001361 8.9e-05 0.0001496 0.0001187 0.0001745 0.0001106 0.00013225 0.0001321 0.000119 0.0001449 0.0001324 0.00011025 0.0001191 0.0001041 0.00011885 0.0001491 0.0001449 8.79e-05 0.0001194 0.0001187 0.00011005 0.0001406 0.0001325 8.795e-05 0.0001416 0.0001412 0.0001406 0.0001411 0.0001187 0.00014065 0.00014105 8.775e-05 0.0001186 0.0001116 0.00011055 0.00011965 0.00013605 0.0001498 8.825e-05 0.0001413 0.00011 0.00014095 0.0001494 0.0001188 0.00014935 0.0001486 0.00014115 0.00011875 0.0001102 0.00011905 0.00014125 0.00013615 0.0001332 0.0001137 0.00011835 0.00011035 0.0001191 8.785e-05 0.00013655 0.00010995 0.0001138 0.00011025 0.00013255 0.0001106 0.00013625 0.00011005 0.0001493 0.00014105 0.0001441 0.00013305 0.00011855 0.0001445 8.74e-05 0.00013225 0.0001494 0.00011825
29 0.00011965 3.585e-05 0.00010905 3.6e-05 2.465e-05 3.22e-05 2.48e-05 0.00011975 0.00010985 5.83e-05 3.55e-05 2.485e-05 0.0001176 2.615e-05 9.525e-05 2.53e-05 7.065e-05 2.525e-05 2.5e-05 0.0001097 3.61e-05 3.53e-05 6.69e-05 5.055e-05 3.1e-05 5.08e-05 4.565e-05 3.555e-05 0.0001106 4.84e-05 2.49e-05 6.245e-05 6.72e-05 4.195e-05 2.51e-05 0.0001098 3.62e-05 0.0001097 0.00012035 4.525e-05 4.22e-05 0.00019435 3.63e-05 0.0001202 0.0001096 3.48e-05 2.515e-05 0.0001944 3.58e-05 3.5e-05 7.25e-05 3.49e-05 0.00011995 3.535e-05 3.565e-05 0.00011 0.0001211 3.4e-05 3.23e-05 6.065e-05 3.14e-05 4.585e-05 2.505e-05 3.59e-05 0.0001098 3.53e-05 4.53e-05 7.98e-05 4.525e-05 4.345e-05 3.54e-05 3.55e-05 2.535e-05 8.385e-05 3.53e-05 3.15e-05 2.65e-05 3.105e-05 7.295e-05 0.0001099 3.57e-05 0.00011 3.215e-05 2.535e-05 3.155e-05 0.00011055 2.545e-05 2.555e-05 3.16e-05 2.52e-05 4.545e-05 3.555e-05 4.075e-05 2.555e-05 0.0001204 4.14e-05 0.0001956 2.49e-05 4.57e-05 7.24e-05
30 0.000119 1.275e-05 0.0001082 3.605e-05 2.51e-05 9.6e-06 2.455e-05 0.0001194 0.0001313 7.94e-05 1.255e-05 1.45e-06 0.0001384 2.585e-05 0.00011645 1.3e-06 4.785e-05 2.46e-05 8.5e-07 0.00010795 1.365e-05 1.23e-05 6.625e-05 7.19e-05 8.6e-06 7.215e-05 2.355e-05 3.555e-05 0.00013225 2.49e-05 1.2e-06 3.855e-05 6.65e-05 2e-05 3.3e-06 0.0001081 3.64e-05 0.0001142 0.0001198 2.31e-05 2.04e-05 0.00021505 3.655e-05 0.00011965 0.0001079 1.2e-05 9.5e-07 0.0002151 1.355e-05 1.275e-05 5e-05 1.285e-05 0.0001197 1.255e-05 1.265e-05 0.00013145 0.00012075 3.275e-05 3.045e-05 5.985e-05 8.4e-06 2.375e-05 4.735e-05 1.295e-05 0.0001082 1.23e-05 2.355e-05 8.02e-05 2.35e-05 2.14e-05 1.24e-05 3.54e-05 2.445e-05 8.335e-05 1.32e-05 8.5e-06 3.25e-06 3.105e-05 7.34e-05 0.0001082 3.63e-05 0.00013235 9.55e-06 2.44e-05 3.16e-05 0.00010905 1.65e-06 2.465e-05 8.65e-06 2.42e-05 2.33e-05 1.245e-05 1.92e-05 2.5e-06 0.00012025 1.925e-05 0.0002167 7.5e-07 2.375e-05 7.25e-05
31 0.0001188 5.055e-05 0.00010835 7.33e-05 6.265e-05 4.64e-05 6.2e-05 0.0001191 0.0001314 0.00011635 4.97e-05 3.905e-05 0.00013825 6.28e-05 0.00011635 3.895e-05 4.735e-05 6.25e-05 3.865e-05 0.00010775 5.03e-05 5e-05 0.00010375 0.0001091 4.595e-05 0.00010935 6.105e-05 7.275e-05 0.0001321 6.245e-05 3.855e-05 7.62e-05 0.00010375 5.685e-05 4.07e-05 0.0001079 7.36e-05 0.0001142 0.00011925 6.045e-05 5.69e-05 0.00017715 7.335e-05 0.0001191 0.0001077 4.94e-05 3.915e-05 0.0001772 5.08e-05 5.035e-05 4.95e-05 5.035e-05 0.0001194 5.04e-05 4.98e-05 0.0001313 0.0001202 6.955e-05 6.8e-05 9.7e-05 4.525e-05 6.125e-05 8.505e-05 5.04e-05 0.000108 5e-05 6.095e-05 7.965e-05 6.09e-05 5.88e-05 4.99e-05 7.3e-05 6.22e-05 0.0001205 5.045e-05 4.535e-05 4.01e-05 6.87e-05 7.31e-05 0.000108 7.375e-05 0.0001321 4.635e-05 6.195e-05 6.855e-05 0.00010885 3.91e-05 6.18e-05 4.55e-05 6.21e-05 6.065e-05 4.98e-05 5.595e-05 4.005e-05 0.00011995 5.63e-05 0.0001788 3.855e-05 6.09e-05 7.235e-05
32 0.00011725 6.705e-05 0.00011775 6.645e-05 6.74e-05 6.805e-05 6.695e-05 0.0001177 0.0001182 6.605e-05 6.57e-05 6.68e-05 0.0001179 6.79e-05 0.0001031 6.67e-05 0.0001036 6.71e-05 6.66e-05 0.00011775 6.725e-05 6.65e-05 6.48e-05 6.655e-05 6.735e-05 6.68e-05 6.635e-05 6.595e-05 0.000119 6.72e-05 6.65e-05 0.00010375 0.0001276 6.755e-05 6.745e-05 0.0001178 6.655e-05 0.00011745 0.000117 6.52e-05 6.685e-05 0.00016895 6.55e-05 0.0001169 0.00011765 6.62e-05 6.685e-05 0.000169 6.655e-05 6.675e-05 0.0001037 6.68e-05 0.00011715 6.65e-05 6.59e-05 0.00011835 0.00011795 6.73e-05 6.6e-05 6.595e-05 6.74e-05 6.655e-05 6.72e-05 6.625e-05 0.00011785 6.645e-05 6.63e-05 0.00011 6.62e-05 6.62e-05 6.65e-05 6.68e-05 6.72e-05 8.09e-05 6.605e-05 6.75e-05 6.79e-05 6.77e-05 0.0001042 0.00011785 6.685e-05 0.00011885 6.8e-05 6.705e-05 6.775e-05 0.00011855 6.68e-05 6.62e-05 6.76e-05 6.71e-05 6.545e-05 6.665e-05 6.665e-05 6.74e-05 0.0001184 6.715e-05 0.0001703 6.65e-05 6.535e-05 0.00010365
33 0.0001185 1.495e-05 0.00012345 3.7e-05 4.215e-05 1.505e-05 4.19e-05 0.0001189 0.0001452 9.305e-05 1.555e-05 2.035e-05 0.00014875 4.195e-05 0.00013035 2.035e-05 5.32e-05 4.17e-05 2.01e-05 0.0001234 1.545e-05 1.465e-05 6.68e-05 8.585e-05 1.52e-05 8.61e-05 9.15e-06 3.805e-05 0.0001449 4.195e-05 2e-05 5.685e-05 6.755e-05 1.8e-05 2.05e-05 0.0001235 3.775e-05 0.000128 0.000119 1.075e-05 1.08e-05 0.00022665 3.73e-05 0.00011885 0.0001233 1.535e-05 2.025e-05 0.0002267 1.585e-05 1.49e-05 5.235e-05 1.585e-05 0.0001192 1.455e-05 1.53e-05 0.0001452 0.00011845 4.565e-05 4.575e-05 5.87e-05 1.45e-05 9.35e-06 6.32e-05 1.555e-05 0.00012305 1.495e-05 1.01e-05 8.025e-05 1.035e-05 1.095e-05 1.535e-05 3.62e-05 4.195e-05 8.13e-05 1.59e-05 1.505e-05 2.02e-05 3.73e-05 7.415e-05 0.0001236 3.58e-05 0.0001448 1.49e-05 4.195e-05 3.605e-05 0.00012335 1.975e-05 4.16e-05 1.525e-05 4.18e-05 1.055e-05 1.465e-05 1.04e-05 2.025e-05 0.00011865 1.05e-05 0.0002261 2e-05 1.03e-05 7.45e-05
34 0.00011935 1.425e-05 0.0001091 3.645e-05 2.53e-05 9.6e-06 2.52e-05 0.0001197 0.00013145 8.005e-05 1.415e-05 3.6e-06 0.00013905 2.67e-05 0.00011685 3.75e-06 4.89e-05 2.595e-05 3.4e-06 0.00010935 1.455e-05 1.375e-05 6.715e-05 7.22e-05 8.75e-06 7.245e-05 2.415e-05 3.595e-05 0.0001324 2.51e-05 3.3e-06 4.07e-05 6.745e-05 2.05e-05 4.6e-06 0.00010945 3.68e-05 0.00011525 0.00012015 2.44e-05 2.08e-05 0.00021515 3.67e-05 0.00012 0.00010925 1.36e-05 3.45e-06 0.0002152 1.46e-05 1.39e-05 5.105e-05 1.395e-05 0.00012005 1.41e-05 1.42e-05 0.0001316 0.000121 3.285e-05 3.24e-05 6.035e-05 9.95e-06 2.435e-05 4.76e-05 1.435e-05 0.00010955 1.375e-05 2.41e-05 8.01e-05 2.405e-05 2.195e-05 1.39e-05 3.59e-05 2.57e-05 8.36e-05 1.435e-05 1e-05 4.85e-06 3.19e-05 7.34e-05 0.00010955 3.595e-05 0.00013175 9.55e-06 2.58e-05 3.2e-05 0.0001104 2.9e-06 2.58e-05 1.005e-05 2.555e-05 2.45e-05 1.405e-05 1.965e-05 3.25e-06 0.00012055 2.035e-05 0.0002168 3.3e-06 2.435e-05 7.28e-05
35 0.0001177 0.00011875 0.0001084 0.00011955 0.00011 0.0001141 0.0001092 0.000118 0.00010955 0.00010965 0.000118 0.0001084 0.00010975 0.00011025 0.00010915 0.00010835 0.0001163 0.0001099 0.0001082 0.000108 0.00011835 0.0001182 0.00011775 0.00011015 0.00011365 0.0001104 0.00012805 0.00011875 0.00011025 0.0001098 0.0001081 0.0001079 0.0001178 0.0001235 0.00010945 0.0002154 0.00011985 0.0001085 0.00011815 0.00012755 0.00012355 0.00010795 0.00011955 0.000118 0.0001079 0.00011775 0.00010855 0.000108 0.00011895 0.0001185 0.0001179 0.0001185 0.00011865 0.00011855 0.00011815 0.00010945 0.0001191 0.00011035 0.00010895 0.0001188 0.00011325 0.00012825 0.0001105 0.0001186 0.0001082 0.0001182 0.00012795 0.00011925 0.0001279 0.00012635 0.0001179 0.00011925 0.00010965 0.0001194 0.0001186 0.00011335 0.0001095 0.00011465 0.0001189 0.0001079 0.00011965 0.0001102 0.00011405 0.0001092 0.00011445 0.00010875 0.0001085 0.0001093 0.00011345 0.00010955 0.00012775 0.0001181 0.0001226 0.00010925 0.00011885 0.00012305 0.0001096 0.0001081 0.0001279 0.0001186
36 0.0001194 3.685e-05 0.00011965 3.51e-05 3.64e-05 3.825e-05 3.615e-05 0.0001195 0.0001184 6.8e-05 3.55e-05 3.675e-05 0.0001254 3.73e-05 0.0001045 3.665e-05 7.345e-05 3.535e-05 3.65e-05 0.00011975 3.695e-05 3.63e-05 6.705e-05 5.97e-05 3.75e-05 5.96e-05 3.615e-05 3.5e-05 0.0001191 3.62e-05 3.64e-05 7.36e-05 6.655e-05 3.775e-05 3.68e-05 0.00011985 6.86e-05 0.0001189 0.0001187 3.49e-05 3.69e-05 0.00020295 3.455e-05 0.00011865 0.00011965 3.6e-05 3.665e-05 0.000203 3.625e-05 3.655e-05 7.335e-05 3.65e-05 0.0001182 3.6e-05 3.57e-05 0.000119 0.0001192 4.31e-05 4.205e-05 6.035e-05 3.77e-05 3.635e-05 3.53e-05 3.595e-05 0.0001196 3.62e-05 3.6e-05 7.9e-05 3.585e-05 3.61e-05 3.65e-05 3.555e-05 3.535e-05 8.22e-05 3.565e-05 3.78e-05 3.765e-05 3.605e-05 7.295e-05 0.00011995 3.555e-05 0.0001194 3.82e-05 3.58e-05 3.69e-05 0.0001201 3.67e-05 3.555e-05 3.79e-05 3.565e-05 3.51e-05 3.655e-05 3.7e-05 3.72e-05 0.00011965 3.735e-05 0.0002032 3.64e-05 3.49e-05 7.27e-05
37 0.0001172 0.0001239 0.00010865 0.0001186 0.0001099 0.0001193 0.00010965 0.00011755 0.00010365 0.00010415 0.00012345 0.00011465 0.00010395 0.0001102 0.0001035 0.0001146 0.0001219 0.0001091 0.0001143 0.0001085 0.00012385 0.0001234 0.00011745 0.00010425 0.00011885 0.00010455 0.00013255 0.000118 0.0001041 0.0001097 0.0001142 0.0001142 0.00011745 0.000128 0.00011525 0.0001085 0.0001189 0.0002046 0.0001177 0.0001319 0.00012805 0.00010255 0.00011875 0.00011755 0.0001084 0.00012315 0.00011435 0.0001026 0.00012415 0.0001237 0.0001232 0.0001237 0.0001178 0.00012325 0.0001236 0.0001035 0.00011845 0.00011045 0.00010925 0.0001184 0.0001187 0.00013275 0.00010425 0.00012375 0.0001086 0.0001234 0.00013245 0.00011845 0.0001324 0.0001311 0.00012365 0.0001183 0.0001095 0.00011875 0.0001238 0.0001188 0.00011555 0.0001137 0.00011795 0.0001087 0.00011895 0.00010425 0.00011925 0.00010945 0.0001135 0.00010935 0.00011465 0.00010945 0.0001189 0.00010925 0.0001321 0.00012355 0.00012705 0.00011515 0.0001182 0.0001274 0.0001038 0.0001142 0.0001324 0.0001178
38 0.000117 0.00011965 0.00011815 0.0001187 0.00012055 0.0001198 0.0001203 0.00011715 0.0001186 0.00011905 0.000118 0.00012015 0.00011725 0.0001206 0.00011845 0.00012 0.00011875 0.0001204 0.0001199 0.000118 0.000119 0.0001191 0.0001176 0.00011935 0.00011965 0.0001196 0.00011835 0.0001186 0.00011885 0.00012035 0.0001198 0.00011925 0.000117 0.000119 0.00012015 0.00011815 0.0001187 0.0001177 0.0002318 0.00011695 0.00011785 0.00011605 0.0001173 0.0001159 0.0001179 0.0001188 0.00012005 0.0001161 0.00011875 0.00011935 0.0001184 0.0001193 0.00011665 0.0001192 0.0001182 0.0001185 0.0001168 0.0001191 0.0001188 0.00011815 0.00011955 0.00011855 0.00012055 0.00011845 0.00011785 0.000119 0.0001182 0.0001179 0.00011805 0.00011855 0.0001193 0.00011945 0.00012045 0.00011745 0.0001181 0.00011965 0.0001204 0.0001205 0.00011855 0.0001182 0.0001187 0.00011865 0.00011975 0.00012045 0.00011985 0.0001186 0.0001198 0.00011915 0.00011975 0.0001203 0.00011715 0.0001192 0.0001183 0.0001203 0.00011755 0.00011875 0.0001168 0.0001198 0.0001168 0.00011885
