 slim_337492567 slim_337492558 slim_337492639 slim_337492672 slim_337492795 slim_337492701 slim_337492751 slim_337492752 slim_337492788 slim_337492817 slim_337492896 slim_337492877 slim_337492916 slim_337492914 slim_337492861 slim_337492921 slim_337492900 slim_337492904 slim_337492931 slim_337492918 slim_337492911 slim_337492927 slim_337492848 slim_337492894 slim_337492902 slim_337492822 slim_337492860 slim_337492884 slim_337493019 slim_337493006 slim_337493046 slim_337493043 slim_337493051 slim_337493003 slim_337493026 slim_337492975 slim_337492956 slim_337493016 slim_337493049 slim_337492960 slim_337493014 slim_337493052 slim_337492983 slim_337493012 slim_337492943 slim_337493037 slim_337492959 slim_337493001 slim_337493015 slim_337492993 slim_337492986 slim_337492994 slim_337493028 slim_337493022 slim_337492969 slim_337492997 slim_337493013 slim_337493033 slim_337492950 slim_337493035 slim_337493034 slim_337493048 slim_337492995 slim_337492990 slim_337493009 slim_337492985 slim_337493042 slim_337492965 slim_337493036 slim_337493029 slim_337493021 slim_337493041 slim_337492948 slim_337492974 slim_337493025 slim_337493024 slim_337493027 slim_337492984 slim_337493045 slim_337492982 slim_337492955 slim_337493032 slim_337493007 slim_337493053 slim_337493047 slim_337493005 slim_337492987 slim_337493004 slim_337493020 slim_337492962 slim_337493008 slim_337493050 slim_337492981 slim_337492954 slim_337493017 slim_337493044 slim_337493040 slim_337492971 slim_337492944 slim_337492979
0 0.0008509 0.0008093 0.000878 0.0008325 0.0008426 0.00062755 0.0008426 0.0008076 0.00083415 0.00082375 0.00063215 0.00083615 0.000866 0.0007536 0.0008588 0.0008648 0.00084175 0.0007781 0.0008688 0.00085385 0.0008586 0.0008078 0.00085555 0.0008295 0.00082345 0.0008635 0.0008691 0.0008388 0.00083745 0.00080885 0.00085485 0.0008656 0.00083285 0.00083685 0.0008588 0.0008295 0.0008526 0.0008294 0.0008187 0.000611 0.00083445 0.0008261 0.00086535 0.00083365 0.00084385 0.0008046 0.00088045 0.00083755 0.0008027 0.000823 0.00085125 0.0008409 0.00083115 0.0008584 0.0008066 0.00086695 0.0008165 0.000833 0.00081105 0.00082915 0.00081755 0.0008178 0.00087375 0.00082555 0.00084505 0.0008725 0.00087375 0.00081795 0.00061715 0.0008417 0.0008749 0.00086545 0.00084355 0.0008622 0.0008731 0.00081685 0.00083055 0.0008404 0.0008516 0.00083235 0.00087395 0.000821 0.00085195 0.0008312 0.000865 0.00081345 0.00090155 0.00082295 0.00081835 0.0008226 0.00083945 0.0008265 0.0008684 0.0008325 0.0008631 0.00081875 0.0008883 0.0007732 0.0008535 0.0008395
1 0.0008093 0.0009009 0.00081795 0.0008767 0.0007433 0.0008644 0.000873 0.0008371 0.00089215 0.00084925 0.0008626 0.0008178 0.00090795 0.00079775 0.00083515 0.0008837 0.0007798 0.0008066 0.0008313 0.00089555 0.0008834 0.00087545 0.00087885 0.000625 0.0008472 0.0008371 0.0008801 0.0008425 0.00085015 0.00078845 0.00085745 0.00085465 0.00084045 0.0006481 0.0008836 0.0008688 0.00067175 0.00088675 0.00082715 0.0008156 0.0006215 0.00082985 0.00087995 0.00088705 0.00070455 0.0007914 0.0009182 0.00067575 0.0006195 0.00066535 0.0008435 0.00088785 0.00077375 0.00081465 0.0007934 0.000834 0.0006262 0.00083455 0.0008807 0.00078315 0.0006785 0.0008345 0.0008988 0.00088115 0.00085485 0.0008814 0.0009019 0.0008665 0.0007794 0.00081975 0.00088805 0.00087715 0.00083085 0.00076535 0.0008935 0.00067325 0.0006928 0.0006809 0.00090975 0.00086185 0.0009217 0.00069235 0.00090705 0.0006794 0.0008796 0.00072995 0.00090065 0.0006653 0.0006195 0.00087965 0.00082595 0.0008353 0.0009059 0.00083215 0.00088925 0.0008451 0.0008614 0.0005954 0.0008423 0.00088165
2 0.000878 0.00081795 0.0008598 0.00082065 0.000601 0.00087785 0.00084185 0.00079915 0.000816 0.00080425 0.00083875 0.0005921 0.00088185 0.0008348 0.0007645 0.0008353 0.000784 0.00087565 0.0005836 0.0008731 0.00062195 0.00067465 0.00060535 0.00082145 0.00084095 0.00076405 0.00064355 0.0008265 0.00080455 0.0008305 0.00082805 0.0007924 0.00080265 0.00085285 0.00062215 0.0007809 0.00060575 0.0008323 0.00082895 0.000875 0.0006865 0.0008415 0.00065785 0.0008042 0.00075895 0.00086015 0.00085015 0.00084045 0.0008447 0.00087205 0.0008341 0.0007965 0.0007757 0.0006236 0.00079555 0.0006456 0.00080585 0.00084365 0.00084395 0.0007318 0.0008554 0.00074915 0.00082235 0.0008016 0.0008584 0.00064565 0.0008049 0.00081815 0.00085035 0.00062525 0.0006264 0.0008297 0.00075865 0.0005683 0.000641 0.0008434 0.0008332 0.00081925 0.00085045 0.0007944 0.0008652 0.00080625 0.0008519 0.00085565 0.0006575 0.0007735 0.00084405 0.000872 0.00084135 0.0008137 0.00074345 0.000805 0.0008415 0.0008211 0.00085 0.00085885 0.00070195 0.0007862 0.0007837 0.00081275
3 0.0008325 0.0008767 0.00082065 0.0008671 0.00085 0.00079925 0.00064215 0.0008205 0.00076105 0.00075515 0.00083735 0.00080985 0.00079625 0.00087395 0.0008748 0.0008154 0.0008892 0.0008539 0.00083235 0.0007976 0.00061905 0.00080105 0.00081775 0.0008778 0.0007808 0.00086925 0.00082775 0.0008573 0.00083575 0.00087035 0.00077595 0.00084895 0.000843 0.00078915 0.00061925 0.0006153 0.0008436 0.0008177 0.00065225 0.00083305 0.0008652 0.0008476 0.0008024 0.00083045 0.0008212 0.00086475 0.00081305 0.00085165 0.00087005 0.00083475 0.00082485 0.0008371 0.0008113 0.0006353 0.0008398 0.0008163 0.00087635 0.0008605 0.00068915 0.0008622 0.00078075 0.00080815 0.000839 0.0008307 0.0008203 0.00080145 0.00081795 0.00063855 0.00084675 0.0008061 0.00082455 0.0008267 0.0008455 0.0008712 0.0008285 0.00084995 0.00083815 0.0008398 0.00081155 0.00075465 0.00082255 0.00065455 0.00077205 0.0008613 0.00080205 0.00080135 0.00083405 0.0008347 0.0008723 0.0006502 0.000868 0.00083045 0.0008145 0.000852 0.00081945 0.00084465 0.0008287 0.0008629 0.00085035 0.0008367
4 0.0008426 0.0007433 0.000601 0.00085 0.0007725 0.0008901 0.0008247 0.00078115 0.0008579 0.00074665 0.00087545 0.0007006 0.0008942 0.0008415 0.000831 0.0008736 0.0008624 0.000866 0.0007568 0.0008642 0.0008554 0.00086085 0.00083845 0.0008259 0.00084605 0.00083785 0.0008305 0.00084 0.0007905 0.00083725 0.00085215 0.00086415 0.0007819 0.0008098 0.0008556 0.00078605 0.0007811 0.00083975 0.00082115 0.00083325 0.00069855 0.00083035 0.00084775 0.0008327 0.00073755 0.0008682 0.00088295 0.0008029 0.0007931 0.00081405 0.00085825 0.0008476 0.00080495 0.0005943 0.0007443 0.0006179 0.00079165 0.00084105 0.00083735 0.00072885 0.00080215 0.0007105 0.0008499 0.00086465 0.0008586 0.0007252 0.00086955 0.00082035 0.0008215 0.00062155 0.00082945 0.00086075 0.00077935 0.00060285 0.0008792 0.00077675 0.0007736 0.0007937 0.0008887 0.00082525 0.00092585 0.0007404 0.0008989 0.00084595 0.0008474 0.0007217 0.0009142 0.000814 0.0007933 0.0008485 0.00084 0.0007886 0.00085305 0.0008833 0.00092345 0.00085185 0.00077995 0.00062695 0.0008342 0.0008435
5 0.00062755 0.0008644 0.00087785 0.00079925 0.0008901 0.0008117 0.00084665 0.0008241 0.0008424 0.00085155 0.0006281 0.00084535 0.0009159 0.00078055 0.0008396 0.00067595 0.00084645 0.00085155 0.00084825 0.00090495 0.0008257 0.0007618 0.0008533 0.0008424 0.0008332 0.00088185 0.0008735 0.00082985 0.00087025 0.00083175 0.0008386 0.00086885 0.00086815 0.0008375 0.0008259 0.00081135 0.0008498 0.000834 0.0008176 0.0008511 0.0008794 0.00085595 0.000901 0.00086825 0.00085825 0.00082595 0.00089965 0.00090475 0.0008642 0.0009209 0.00084425 0.00086995 0.0008417 0.0008547 0.0008449 0.00088225 0.00083735 0.00086105 0.00081625 0.00085985 0.0008659 0.00085465 0.0008705 0.00084155 0.0009032 0.0008888 0.0008648 0.0008005 0.0008317 0.00082675 0.0008423 0.00082775 0.00084515 0.00087545 0.0008642 0.00089155 0.0009083 0.0008487 0.0008597 0.0008483 0.0008793 0.0008427 0.00085355 0.00088455 0.00090065 0.0008245 0.00087095 0.00092085 0.00086505 0.00078805 0.0008506 0.0008404 0.0008888 0.00084595 0.00069795 0.0008533 0.00089675 0.00080915 0.00085795 0.000858
6 0.0008426 0.000873 0.00084185 0.00064215 0.0008247 0.00084665 0.0008081 0.00081785 0.0007496 0.0007279 0.0008479 0.0008398 0.00081605 0.0008188 0.00086325 0.0008381 0.0008769 0.0008486 0.0008377 0.0007818 0.00087685 0.0008369 0.0008684 0.0008648 0.00072495 0.00084335 0.00063945 0.0008201 0.00084055 0.00081335 0.00065285 0.00084805 0.00083915 0.0008602 0.00087705 0.00061665 0.0008748 0.00075205 0.0006089 0.0006858 0.00086825 0.0006463 0.000855 0.0006718 0.0008315 0.0008265 0.00079195 0.00083245 0.0008454 0.00085645 0.00085185 0.00065925 0.00085425 0.0006288 0.0008147 0.0007691 0.0008443 0.0006088 0.0006541 0.00085945 0.00075725 0.0008139 0.00080725 0.0008406 0.00083775 0.0007853 0.0008099 0.0005887 0.00083075 0.00081945 0.0008506 0.0008454 0.000832 0.0008548 0.00086795 0.00067925 0.0008471 0.0007986 0.0008075 0.00072985 0.0008292 0.00063475 0.0007494 0.00086985 0.00085465 0.00083175 0.0008712 0.0008564 0.000838 0.00062505 0.00088105 0.0008197 0.0007578 0.00085845 0.00085555 0.00066035 0.0008374 0.0008503 0.00081385 0.00078165
7 0.0008076 0.0008371 0.00079915 0.0008205 0.00078115 0.0008241 0.00081785 0.0006943 0.00081035 0.0008132 0.0008061 0.0006377 0.00082445 0.00081605 0.00079815 0.00081075 0.00075725 0.00080435 0.00079415 0.00079875 0.00080105 0.0007938 0.00078645 0.00076755 0.00082005 0.00081215 0.0007988 0.0007999 0.00082525 0.00080485 0.0008214 0.0008165 0.000826 0.0008311 0.00080125 0.00080115 0.0008047 0.0008105 0.00081555 0.0008163 0.0008534 0.00080235 0.00080245 0.00078855 0.0007708 0.0007975 0.0008275 0.00084335 0.0008341 0.0008402 0.00079475 0.00080495 0.00077645 0.00082255 0.0008028 0.0007959 0.0008133 0.0008074 0.00082855 0.00079625 0.00084955 0.0005675 0.00080925 0.00056665 0.00079635 0.0007699 0.0008037 0.0008312 0.00079925 0.0008129 0.0007913 0.00080455 0.0007932 0.0008063 0.00082335 0.00082755 0.0008043 0.0007959 0.00058975 0.00077 0.00084555 0.0008142 0.0008475 0.00086155 0.0008021 0.00055735 0.0008186 0.00084015 0.0008242 0.00061615 0.0007933 0.000568 0.0008019 0.00074935 0.0008429 0.00079095 0.00081165 0.0008134 0.00079085 0.0008319
8 0.00083415 0.00089215 0.000816 0.00076105 0.0008579 0.0008424 0.0007496 0.00081035 0.0009298 0.0006652 0.0006537 0.0008258 0.0008213 0.0008176 0.0008338 0.00080325 0.00087475 0.00087765 0.00078505 0.00073525 0.0008313 0.0007665 0.00063895 0.0008535 0.00066605 0.00074685 0.00082025 0.0008203 0.000764 0.0008671 0.00084325 0.00083115 0.00078405 0.00089945 0.0008315 0.00074235 0.0008323 0.00067525 0.00076975 0.0008181 0.000904 0.0008539 0.0008438 0.00064315 0.0008302 0.00086025 0.0006841 0.00076075 0.0008943 0.00089785 0.00078845 0.0006415 0.00063 0.00076755 0.00086595 0.0007079 0.00085925 0.0008472 0.00052645 0.00087975 0.0006935 0.00082455 0.00068685 0.00063225 0.0008015 0.0006904 0.000671 0.00071625 0.0008445 0.00084115 0.00079335 0.00081095 0.00061105 0.00085675 0.00073775 0.0008715 0.00086815 0.0007298 0.0007839 0.00055925 0.00071545 0.0007614 0.000564 0.00079225 0.00084345 0.00080835 0.0007381 0.0008978 0.0009008 0.00076525 0.0006794 0.0006736 0.00059815 0.0006602 0.00074775 0.00083745 0.0008504 0.00085395 0.00074515 0.00067705
9 0.00082375 0.00084925 0.00080425 0.00075515 0.00074665 0.00085155 0.0007279 0.0008132 0.0006652 0.0008182 0.00087865 0.00076125 0.00083725 0.0008096 0.00082675 0.00084435 0.00084845 0.000856 0.0007687 0.0006929 0.00084055 0.00080375 0.00087015 0.00084235 0.0006389 0.0007295 0.0008137 0.00083225 0.0006464 0.0008688 0.00086045 0.0008442 0.000643 0.0008735 0.00084075 0.00072395 0.00083235 0.00064655 0.0007585 0.00080255 0.0008272 0.00084425 0.0008316 0.00086915 0.00083435 0.00084955 0.0007161 0.00071935 0.00085295 0.0008404 0.0007842 0.00086725 0.00087785 0.0007479 0.00064055 0.000666 0.0008571 0.00083845 0.00047205 0.0006335 0.0006233 0.00081845 0.00069875 0.0008793 0.00078455 0.0006693 0.0007138 0.00070215 0.000838 0.00082825 0.0008075 0.0008195 0.0008198 0.0008238 0.0008513 0.00082715 0.00080865 0.000702 0.000834 0.00064755 0.00085715 0.0007026 0.0006465 0.00086055 0.00083125 0.000812 0.00088665 0.00084035 0.00086015 0.00076815 0.0008894 0.00079195 0.00057185 0.0008802 0.00088825 0.00082375 0.0008527 0.0007666 0.0006999 0.00067625
10 0.00063215 0.0008626 0.00083875 0.00083735 0.00087545 0.0006281 0.0008479 0.0008061 0.0006537 0.00087865 0.0008732 0.00083785 0.0008663 0.00076115 0.0008529 0.00081615 0.0008718 0.0008168 0.00083095 0.0009072 0.00083775 0.00074355 0.00063555 0.0008299 0.00085635 0.0008771 0.0008487 0.0008279 0.0007737 0.0008419 0.000841 0.00085045 0.00079505 0.00086615 0.00083795 0.0008369 0.0008213 0.0008516 0.00083775 0.0008339 0.00090775 0.0008494 0.00087915 0.00064135 0.00082455 0.00083925 0.00083585 0.0008935 0.0008831 0.00092385 0.0008578 0.00064745 0.00061575 0.0008466 0.0008639 0.00086725 0.0008249 0.0008523 0.0008433 0.0008892 0.0008978 0.0008294 0.0008384 0.00061835 0.00087995 0.0008546 0.0008155 0.00082465 0.0008259 0.0008296 0.0008243 0.00084665 0.00063205 0.00086765 0.00074765 0.00088525 0.00087595 0.0008462 0.00080455 0.00075675 0.000735 0.0008344 0.00076605 0.0007928 0.0008788 0.00080375 0.0007471 0.0009238 0.0008793 0.00083625 0.00066415 0.0007107 0.00087685 0.0006442 0.0007396 0.0008414 0.0008814 0.00079085 0.0008914 0.0008374
11 0.00083615 0.0008178 0.0005921 0.00080985 0.0007006 0.00084535 0.0008398 0.0006377 0.0008258 0.00076125 0.00083785 0.0008167 0.00085115 0.0008203 0.00074465 0.00081535 0.0007478 0.00084875 0.00059315 0.00084705 0.0006039 0.0006421 0.00061065 0.0007971 0.0008374 0.00075175 0.00063425 0.0008228 0.00075145 0.00083545 0.00082885 0.0007578 0.0007524 0.00085685 0.0006041 0.00079 0.0005934 0.00081865 0.00082815 0.00083335 0.00076205 0.00084915 0.00063755 0.00084055 0.00074835 0.0008292 0.0008306 0.00084425 0.0008496 0.0008647 0.00080235 0.00080945 0.00079945 0.00080375 0.00076165 0.00080205 0.0008065 0.00084735 0.0008282 0.00068115 0.0008518 0.0006363 0.00081755 0.0007877 0.00083645 0.0006908 0.0007909 0.0008185 0.00082575 0.00079585 0.0006097 0.00080395 0.00079505 0.00072735 0.00061435 0.00086635 0.00078105 0.0008004 0.0007998 0.0007872 0.00082815 0.00076145 0.00082975 0.00084195 0.0006372 0.0006497 0.00081225 0.00086465 0.0008491 0.00078075 0.0007456 0.0006713 0.0008266 0.0008144 0.0008201 0.00084595 0.0007469 0.0007276 0.00075375 0.00081675
12 0.000866 0.00090795 0.00088185 0.00079625 0.0008942 0.0009159 0.00081605 0.00082445 0.0008213 0.00083725 0.0008663 0.00085115 0.0008072 0.00087135 0.0008721 0.0008622 0.00085855 0.0006409 0.0008737 0.0006178 0.0008341 0.00086685 0.00084455 0.00086115 0.0008261 0.00085515 0.0008543 0.0008343 0.0008209 0.0008199 0.0008689 0.00064955 0.00083455 0.00091825 0.0008343 0.0007917 0.00088975 0.0008483 0.00081145 0.0008192 0.0009032 0.0008132 0.00064145 0.00080535 0.0008328 0.0008304 0.0006094 0.0008601 0.00086245 0.00065425 0.0007555 0.00081855 0.00080665 0.00083945 0.00083215 0.00085865 0.0008602 0.00082475 0.00084395 0.00086885 0.0008689 0.0008049 0.00083205 0.00081645 0.00058405 0.0008521 0.0008167 0.0008384 0.00081335 0.000869 0.00086385 0.0007978 0.0008395 0.0008904 0.00083915 0.00085275 0.0006359 0.00087165 0.0006131 0.00084005 0.00060165 0.0008302 0.00081615 0.0008525 0.0006411 0.0008149 0.0007182 0.0006543 0.0008716 0.00082645 0.0008528 0.00080995 0.00082355 0.000816 0.0008376 0.0008207 0.00065235 0.00090225 0.00086365 0.0008399
13 0.0007536 0.00079775 0.0008348 0.00087395 0.0008415 0.00078055 0.0008188 0.00081605 0.0008176 0.0008096 0.00076115 0.0008203 0.00087135 0.0008986 0.00079555 0.0008126 0.00078495 0.0006755 0.00076745 0.00084535 0.0008564 0.00079485 0.0008318 0.00076105 0.00077675 0.00078305 0.00080165 0.0007724 0.0008064 0.0007626 0.0008454 0.00082485 0.00079705 0.0008824 0.0008566 0.0008271 0.0007902 0.00061925 0.00080845 0.00080605 0.00084685 0.00078865 0.0008607 0.00082755 0.00082205 0.0007572 0.0007992 0.0008028 0.0008053 0.00087485 0.00082345 0.0008201 0.0008434 0.00085065 0.00079 0.0008199 0.00076175 0.0007732 0.0007202 0.0008186 0.0008197 0.0007931 0.00077 0.00083715 0.00085275 0.0008118 0.00077095 0.0006542 0.00079715 0.00084625 0.00080085 0.0008128 0.00078 0.0008298 0.00080185 0.00082945 0.0008247 0.0007685 0.0008354 0.00078895 0.0008127 0.00080755 0.0007879 0.00081645 0.00086035 0.00082255 0.0008339 0.0008748 0.00080285 0.0008431 0.0008265 0.0008241 0.0007733 0.0008027 0.0008137 0.00078135 0.00087695 0.0007909 0.0007989 0.0006035
14 0.0008588 0.00083515 0.0007645 0.0008748 0.000831 0.0008396 0.00086325 0.00079815 0.0008338 0.00082675 0.0008529 0.00074465 0.0008721 0.00079555 0.0008619 0.00059625 0.0005978 0.00086355 0.00071155 0.0008625 0.00078025 0.000757 0.00074505 0.00079465 0.0007675 0.00062575 0.0007691 0.00056115 0.0008252 0.00069145 0.00089575 0.00064085 0.00082995 0.0008956 0.00078045 0.00084195 0.0007454 0.00079455 0.00077325 0.00085995 0.0007381 0.0007903 0.0007799 0.00085295 0.0007727 0.0007386 0.0008357 0.00083235 0.0007677 0.00086865 0.000818 0.0008422 0.0007858 0.00087005 0.000749 0.00084755 0.000758 0.0007817 0.0008341 0.0006205 0.000844 0.0008001 0.0006259 0.0008087 0.0008532 0.00082995 0.00082645 0.0008119 0.00077585 0.00084015 0.00054855 0.00062705 0.0007906 0.0006472 0.0007532 0.00086295 0.0008602 0.00082925 0.000822 0.00081995 0.0008456 0.00084 0.0008422 0.0008424 0.00077955 0.0007755 0.0008341 0.0008686 0.00078105 0.00081475 0.0006275 0.00081425 0.0008262 0.00079435 0.000801 0.00083385 0.0007462 0.00082655 0.00063135 0.00078905
15 0.0008648 0.0008837 0.0008353 0.0008154 0.0008736 0.00067595 0.0008381 0.00081075 0.00080325 0.00084435 0.00081615 0.00081535 0.0008622 0.0008126 0.00059625 0.0007789 0.00082675 0.0008756 0.000768 0.0008754 0.00080805 0.00080255 0.0007935 0.0008349 0.00077405 0.00080975 0.00083115 0.0005545 0.0008297 0.00071965 0.00085025 0.0008141 0.00081305 0.00089675 0.00080825 0.000819 0.0008142 0.00081245 0.0007716 0.00088085 0.00089085 0.00078515 0.00085425 0.0008137 0.0007557 0.0007744 0.0008209 0.00088065 0.0008321 0.00092185 0.0008354 0.00081965 0.00074865 0.0008541 0.00078625 0.0008569 0.00076945 0.0007864 0.00081655 0.0008317 0.00088675 0.00078965 0.00060315 0.00080225 0.0008638 0.0008543 0.00080625 0.0008024 0.00080965 0.0008225 0.00059925 0.00061595 0.0007526 0.0008326 0.000804 0.000897 0.00087385 0.0008375 0.00082575 0.0007982 0.00081215 0.0008341 0.000814 0.00087205 0.0008539 0.0007574 0.0007987 0.0009218 0.00082855 0.0008258 0.0007905 0.00079775 0.0008342 0.00081425 0.00059435 0.0008393 0.000835 0.00085 0.00082735 0.00079495
16 0.00084175 0.0007798 0.000784 0.0008892 0.0008624 0.00084645 0.0008769 0.00075725 0.00087475 0.00084845 0.0008718 0.0007478 0.00085855 0.00078495 0.0005978 0.00082675 0.0006913 0.0008205 0.0007564 0.0008711 0.0007723 0.0007433 0.00076735 0.0005554 0.0007913 0.0006073 0.0007604 0.0007737 0.0008359 0.00069755 0.00089735 0.00059355 0.0008364 0.00086845 0.0007725 0.00085625 0.0007177 0.0008356 0.00080075 0.00081975 0.0007022 0.00076925 0.00077305 0.0008577 0.00083475 0.00059495 0.0008553 0.00083165 0.00074585 0.0008348 0.0007942 0.00086165 0.00084615 0.0008996 0.00075055 0.0008825 0.00073125 0.00077395 0.0008771 0.00057875 0.00083985 0.00082155 0.0008596 0.0007911 0.00084705 0.00087065 0.00082335 0.000854 0.00075175 0.00087795 0.00076015 0.00080995 0.00085355 0.0006219 0.00076505 0.0008226 0.0008182 0.00081635 0.0007796 0.00086625 0.00085075 0.00083205 0.0008727 0.00082725 0.0007727 0.0008126 0.0008524 0.00083475 0.0007562 0.0007789 0.00060505 0.00083205 0.00086795 0.0006051 0.00083175 0.0006717 0.0007502 0.00081755 0.00060625 0.00083675
17 0.0007781 0.0008066 0.00087565 0.0008539 0.000866 0.00085155 0.0008486 0.00080435 0.00087765 0.000856 0.0008168 0.00084875 0.0006409 0.0006755 0.00086355 0.0008756 0.0008205 0.0009242 0.00088305 0.00067055 0.00086495 0.00087535 0.0008809 0.0007669 0.00084135 0.0008697 0.00086005 0.00082825 0.0008512 0.0007943 0.0008843 0.00084215 0.00084195 0.00089365 0.00086515 0.0008471 0.0008263 0.00088395 0.0008335 0.0008112 0.0008673 0.0008079 0.00067875 0.0008397 0.00081695 0.0007958 0.00084715 0.0008715 0.0008312 0.00066515 0.0007941 0.0008615 0.0008376 0.00086525 0.00081005 0.0008679 0.0007759 0.00080965 0.00082705 0.00084425 0.0008785 0.000787 0.00086865 0.00084115 0.0006322 0.0008882 0.00087165 0.00088315 0.0007923 0.0008628 0.00087865 0.00082425 0.0008691 0.00086085 0.0008868 0.00084035 0.00058885 0.00081225 0.0008174 0.00084825 0.00084915 0.00080015 0.0008838 0.00087365 0.0006784 0.00080105 0.0008765 0.0006651 0.00081975 0.0008537 0.0008658 0.0008294 0.0008769 0.00082155 0.00088385 0.00080495 0.00075685 0.00080485 0.00087185 0.0008819
18 0.0008688 0.0008313 0.0005836 0.00083235 0.0007568 0.00084825 0.0008377 0.00079415 0.00078505 0.0007687 0.00083095 0.00059315 0.0008737 0.00076745 0.00071155 0.000768 0.0007564 0.00088305 0.0008062 0.00084565 0.00061575 0.00062775 0.00059945 0.00080945 0.0007972 0.00069865 0.0006215 0.00077365 0.0007848 0.0008194 0.00081645 0.00076625 0.00078125 0.0008475 0.00061595 0.00079795 0.00060255 0.0007301 0.00082815 0.00086425 0.0007596 0.00082755 0.00065705 0.00081035 0.0007895 0.0008315 0.0007699 0.0007747 0.00083315 0.0008784 0.00079715 0.00079515 0.00080875 0.0007966 0.00079125 0.00077265 0.00081025 0.0008292 0.0007609 0.0007288 0.0008112 0.0007763 0.0007153 0.0007952 0.0008538 0.0006519 0.00072145 0.00075705 0.00084785 0.00078355 0.00056595 0.0007624 0.0005991 0.0007295 0.00060545 0.0008363 0.000868 0.0007988 0.0008163 0.00077255 0.0008223 0.00082405 0.0007913 0.00082725 0.0006567 0.00080795 0.00079925 0.00087835 0.0008348 0.00079895 0.00074505 0.00080625 0.00074195 0.0008064 0.0008076 0.00083465 0.00077635 0.0007847 0.00073825 0.0006906
19 0.00085385 0.00089555 0.0008731 0.0007976 0.0008642 0.00090495 0.0007818 0.00079875 0.00073525 0.0006929 0.0009072 0.00084705 0.0006178 0.00084535 0.0008625 0.0008754 0.0008711 0.00067055 0.00084565 0.000863 0.00086265 0.000873 0.0009079 0.0008777 0.0007089 0.0007676 0.00084725 0.0008456 0.0008643 0.0008705 0.000878 0.00085405 0.00086275 0.0008955 0.00086285 0.0007836 0.0009051 0.0006064 0.0008165 0.0008059 0.0008747 0.0008427 0.00066235 0.000864 0.00086555 0.00086195 0.00071755 0.0007504 0.00087 0.00065055 0.00071935 0.00086805 0.0008797 0.00081255 0.0008556 0.00064275 0.0008939 0.00083605 0.00063895 0.0008714 0.00070865 0.0008137 0.0007261 0.00086165 0.0005488 0.00065875 0.00075315 0.0007759 0.0008431 0.00086955 0.0008568 0.00079685 0.0008609 0.0008791 0.00089135 0.00083725 0.0006562 0.0006768 0.000802 0.0007189 0.000847 0.00081935 0.0007189 0.00088 0.000662 0.00081705 0.00087355 0.0006505 0.000879 0.00078575 0.0009136 0.00078875 0.00053135 0.00088055 0.00091005 0.0008292 0.000742 0.0008977 0.00066785 0.00070625
20 0.0008586 0.0008834 0.00062195 0.00061905 0.0008554 0.0008257 0.00087685 0.00080105 0.0008313 0.00084055 0.00083775 0.0006039 0.0008341 0.0008564 0.00078025 0.00080805 0.0007723 0.00086495 0.00061575 0.00086265 0.000764 0.000639 0.0005886 0.00084665 0.0008724 0.0007788 0.00064025 0.0008577 0.0008086 0.0008772 0.00075555 0.00077645 0.00081205 0.00078685 0.00038225 0.00081055 0.0006266 0.00085415 0.00086665 0.0008653 0.0007942 0.00087995 0.00061 0.0008398 0.00081515 0.00087105 0.00083315 0.00086315 0.0008839 0.000864 0.00080655 0.0008174 0.0008107 0.0008358 0.0008426 0.00087505 0.000874 0.00088765 0.0008504 0.0007679 0.00087935 0.00079675 0.00083705 0.00079495 0.0008394 0.00073325 0.00078745 0.00084095 0.0008614 0.00080945 0.0006103 0.0008051 0.00082195 0.0007922 0.0005929 0.00088765 0.00085925 0.0008823 0.00081275 0.000819 0.0008172 0.00086575 0.00083585 0.00084735 0.00060965 0.00081705 0.00080345 0.00086395 0.0008909 0.00080475 0.00075855 0.00083125 0.0008618 0.0008087 0.00079075 0.0008748 0.0007644 0.00086885 0.00080505 0.000828
21 0.0008078 0.00087545 0.00067465 0.00080105 0.00086085 0.0007618 0.0008369 0.0007938 0.0007665 0.00080375 0.00074355 0.0006421 0.00086685 0.00079485 0.000757 0.00080255 0.0007433 0.00087535 0.00062775 0.000873 0.000639 0.0007826 0.0006129 0.0008159 0.000823 0.0007509 0.00067525 0.0008392 0.00077205 0.0008601 0.00084485 0.00075615 0.00078605 0.00086015 0.0006392 0.000808 0.0006598 0.00079255 0.0008314 0.0008736 0.000804 0.00087275 0.000698 0.0008152 0.0008249 0.00081635 0.00081155 0.0008613 0.0008881 0.0009165 0.00083465 0.0008061 0.00080235 0.0008364 0.0008413 0.0008501 0.0008504 0.00086585 0.000791 0.00075865 0.00085125 0.00079505 0.0008125 0.0007727 0.0008846 0.00076485 0.0005989 0.0007811 0.00086795 0.0008524 0.0006486 0.0008178 0.0007618 0.00078335 0.00060055 0.00089975 0.00088105 0.0008322 0.00080745 0.0007692 0.0007696 0.00082675 0.0007544 0.0008195 0.00069765 0.0008237 0.00074005 0.00091645 0.00088185 0.0007858 0.0007213 0.00080115 0.0008178 0.00076905 0.0007546 0.000828 0.0007661 0.00078755 0.00076235 0.0007812
22 0.00085555 0.00087885 0.00060535 0.00081775 0.00083845 0.0008533 0.0008684 0.00078645 0.00063895 0.00087015 0.00063555 0.00061065 0.00084455 0.0008318 0.00074505 0.0007935 0.00076735 0.0008809 0.00059945 0.0009079 0.0005886 0.0006129 0.0007789 0.00083025 0.0008762 0.00076545 0.0006396 0.00082535 0.00072905 0.00086395 0.00082225 0.0007474 0.00075415 0.00087975 0.0005888 0.00081735 0.0006094 0.00085885 0.0008559 0.00085655 0.00081925 0.0008794 0.0006437 0.0006368 0.0008005 0.00087015 0.0008097 0.0008772 0.0008952 0.00091195 0.000831 0.00060785 0.0006 0.00083975 0.00085845 0.00086995 0.00084645 0.0008767 0.00086985 0.0007776 0.0009077 0.0007978 0.00080745 0.00057735 0.0008639 0.000733 0.00076095 0.00082735 0.00085045 0.0008264 0.0005883 0.00080935 0.00059915 0.0007624 0.0004979 0.00090535 0.0008702 0.00087505 0.00077835 0.0007292 0.0006989 0.0008441 0.00074755 0.00076655 0.0006434 0.00080935 0.0006914 0.0009119 0.0009024 0.00080255 0.0005463 0.0007037 0.00087315 0.00061045 0.0007032 0.0008803 0.000766 0.0008402 0.0008108 0.0008136
23 0.0008295 0.000625 0.00082145 0.0008778 0.0008259 0.0008424 0.0008648 0.00076755 0.0008535 0.00084235 0.0008299 0.0007971 0.00086115 0.00076105 0.00079465 0.0008349 0.0005554 0.0007669 0.00080945 0.0008777 0.00084665 0.0008159 0.00083025 0.0007514 0.00081465 0.00080085 0.00083405 0.00079915 0.00081515 0.0007441 0.00083675 0.00078965 0.0008072 0.00083075 0.00084685 0.00085785 0.00060725 0.0008719 0.0008225 0.00082145 0.00083715 0.00078135 0.0008585 0.00082495 0.00066095 0.0006073 0.0008556 0.00086155 0.0008001 0.000867 0.0008148 0.00084015 0.00072235 0.00084925 0.00077045 0.0008411 0.00055985 0.00078665 0.00086755 0.0007673 0.0008709 0.0007986 0.0008607 0.00078755 0.00084135 0.0008608 0.0008283 0.0008811 0.00078085 0.00082825 0.00084655 0.00083965 0.00080105 0.00076985 0.0008347 0.00084215 0.00067145 0.00063595 0.00079875 0.00082745 0.00083755 0.000674 0.0008582 0.00084365 0.00085815 0.00070265 0.00084425 0.00086695 0.0007894 0.00081985 0.00077835 0.0008049 0.00087225 0.00059875 0.00082315 0.00064935 0.00085665 0.0006063 0.00080625 0.0008666
24 0.00082345 0.0008472 0.00084095 0.0007808 0.00084605 0.0008332 0.00072495 0.00082005 0.00066605 0.0006389 0.00085635 0.0008374 0.0008261 0.00077675 0.0007675 0.00077405 0.0007913 0.00084135 0.0007972 0.0007089 0.0008724 0.000823 0.0008762 0.00081465 0.0008562 0.0006616 0.00081695 0.0006024 0.00086215 0.0004283 0.00085965 0.00078035 0.0008364 0.0009025 0.0008726 0.00070975 0.00082685 0.00064435 0.00054675 0.00082055 0.00087005 0.00061135 0.00084935 0.0008412 0.0008233 0.0006194 0.00068365 0.00071895 0.00065055 0.0008613 0.0007854 0.00085205 0.0008553 0.0007668 0.0006365 0.00070095 0.00061665 0.00060675 0.00050285 0.00080415 0.00065065 0.00081395 0.0006709 0.00085885 0.0007978 0.00069505 0.00069105 0.00069615 0.00064015 0.00072655 0.0008126 0.0008009 0.00082495 0.00079615 0.00086145 0.0008257 0.00083575 0.00069505 0.000808 0.0006512 0.0008384 0.000735 0.00065145 0.00087385 0.000849 0.00081675 0.0008406 0.00086125 0.0006527 0.0007564 0.0008311 0.0008033 0.00056655 0.00086405 0.000823 0.00079455 0.000843 0.00083395 0.0006632 0.00064285
25 0.0008635 0.0008371 0.00076405 0.00086925 0.00083785 0.00088185 0.00084335 0.00081215 0.00074685 0.0007295 0.0008771 0.00075175 0.00085515 0.00078305 0.00062575 0.00080975 0.0006073 0.0008697 0.00069865 0.0007676 0.0007788 0.0007509 0.00076545 0.00080085 0.0006616 0.0008742 0.0007533 0.0007569 0.0008488 0.0006996 0.0008983 0.00062815 0.0008405 0.00090335 0.000779 0.00083415 0.0007426 0.000681 0.0007706 0.00083 0.00073325 0.00078695 0.00077615 0.00086805 0.0008543 0.00076195 0.00062815 0.00063395 0.0007651 0.00086085 0.00076495 0.00085585 0.0008692 0.0008517 0.0007643 0.00075595 0.0007619 0.0007726 0.0006966 0.00063635 0.00072735 0.00083515 0.00062585 0.00082635 0.00080985 0.00073165 0.0006294 0.0007855 0.00076945 0.00086555 0.0007376 0.0008079 0.00080335 0.0006525 0.00076145 0.00084835 0.00086035 0.0007441 0.0008008 0.0007433 0.00084065 0.00082575 0.0007431 0.0008466 0.0007758 0.00085525 0.0008448 0.0008608 0.0007782 0.00079455 0.0006536 0.0007974 0.0005407 0.00082375 0.0008337 0.0008452 0.0007457 0.0008309 0.00054065 0.00057755
26 0.0008691 0.0008801 0.00064355 0.00082775 0.0008305 0.0008735 0.00063945 0.0007988 0.00082025 0.0008137 0.0008487 0.00063425 0.0008543 0.00080165 0.0007691 0.00083115 0.0007604 0.00086005 0.0006215 0.00084725 0.00064025 0.00067525 0.0006396 0.00083405 0.00081695 0.0007533 0.0009038 0.0008209 0.0008138 0.0008206 0.00063245 0.00077595 0.0008086 0.0008583 0.00064045 0.00081245 0.0006582 0.0007889 0.0008238 0.0007184 0.00079765 0.00067905 0.00066295 0.00068155 0.00082585 0.0008332 0.00081245 0.00084435 0.00085965 0.0008861 0.00083395 0.00063955 0.00085405 0.0008294 0.0008179 0.00082825 0.00084235 0.0006365 0.00081575 0.00076555 0.00085625 0.0008029 0.0008057 0.00080525 0.00085725 0.0007175 0.0007798 0.0007912 0.0008458 0.0008232 0.00063675 0.0008242 0.00080885 0.0007762 0.00063275 0.00071735 0.0008686 0.0008415 0.0008091 0.0007946 0.00082425 0.0008465 0.0008136 0.0008563 0.00066265 0.00084785 0.000841 0.00088605 0.000857 0.0007801 0.000772 0.0008209 0.0008055 0.00081555 0.00082725 0.0006909 0.0007735 0.00085665 0.00076895 0.00077335
27 0.0008388 0.0008425 0.0008265 0.0008573 0.00084 0.00082985 0.0008201 0.0007999 0.0008203 0.00083225 0.0008279 0.0008228 0.0008343 0.0007724 0.00056115 0.0005545 0.0007737 0.00082825 0.00077365 0.0008456 0.0008577 0.0008392 0.00082535 0.00079915 0.0006024 0.0007569 0.0008209 0.0007767 0.0008345 0.0003885 0.00086325 0.00077 0.00081785 0.00090475 0.0008579 0.00079545 0.00080565 0.0007898 0.000607 0.00086075 0.00087525 0.00060075 0.0008446 0.0008112 0.0007357 0.00059035 0.00079305 0.0008384 0.0006426 0.00087955 0.0008346 0.00082385 0.0007634 0.00083755 0.00061735 0.00082795 0.00058665 0.0006019 0.00080855 0.00079115 0.0008567 0.00077085 0.0005843 0.0008121 0.00083855 0.00081625 0.00080955 0.00079215 0.0006383 0.00070265 0.0006074 0.00062155 0.0007727 0.00078055 0.0008235 0.0008474 0.0008328 0.0008088 0.0008029 0.00080525 0.0008134 0.00081235 0.0008187 0.0008589 0.00084425 0.00075145 0.00079995 0.0008795 0.00063905 0.00082905 0.0007791 0.0008096 0.00080445 0.0008189 0.0007707 0.00079515 0.00082785 0.00082525 0.00078135 0.00076545
28 0.00083745 0.00085015 0.00080455 0.00083575 0.0007905 0.00087025 0.00084055 0.00082525 0.000764 0.0006464 0.0007737 0.00075145 0.0008209 0.0008064 0.0008252 0.0008297 0.0008359 0.0008512 0.0007848 0.0008643 0.0008086 0.00077205 0.00072905 0.00081515 0.00086215 0.0008488 0.0008138 0.0008345 0.0008866 0.0008749 0.000865 0.00082275 0.00046575 0.00088235 0.0008088 0.00083095 0.00079715 0.00081955 0.0008543 0.0008167 0.0008537 0.0008606 0.00081615 0.0007659 0.0008167 0.0008632 0.00081545 0.00086105 0.00087765 0.0008664 0.0008566 0.00076395 0.00074335 0.000848 0.0006594 0.00085315 0.00084475 0.0008614 0.00084255 0.00064985 0.00086515 0.00082395 0.000818 0.00076405 0.0008502 0.00084465 0.0007977 0.00080035 0.0008436 0.00084855 0.0007869 0.0008298 0.0007344 0.00084315 0.00061135 0.00086685 0.0007944 0.0008483 0.00081935 0.00085325 0.0006163 0.0007821 0.0006465 0.00066205 0.0008158 0.0008048 0.0006317 0.00086635 0.00088015 0.0008602 0.00076735 0.00075385 0.00085895 0.0007471 0.00065425 0.0008524 0.0008362 0.00076695 0.0008662 0.00080225
29 0.00080885 0.00078845 0.0008305 0.00087035 0.00083725 0.00083175 0.00081335 0.00080485 0.0008671 0.0008688 0.0008419 0.00083545 0.0008199 0.0007626 0.00069145 0.00071965 0.00069755 0.0007943 0.0008194 0.0008705 0.0008772 0.0008601 0.00086395 0.0007441 0.0004283 0.0006996 0.0008206 0.0003885 0.0008749 4e-07 0.00087275 0.00070165 0.0008291 0.0009021 0.0008774 0.00077895 0.0007746 0.00083885 0.0004181 0.0008386 0.00085465 0.0003866 0.0008464 0.00081795 0.0007755 0.00040445 0.00079525 0.00083005 0.00043355 0.0008546 0.00084725 0.00085225 0.000825 0.000824 0.00043985 0.00085505 0.00034975 0.00039575 0.00085265 0.0007438 0.0008617 0.00078245 0.00078515 0.00083585 0.0008516 0.0008548 0.0008161 0.0008106 0.00042755 0.0005962 0.0008134 0.0008054 0.0008335 0.00070885 0.0008591 0.00081235 0.00078965 0.0008046 0.0007954 0.00085015 0.0008328 0.00078075 0.0008625 0.00086775 0.00084605 0.00079425 0.00080185 0.00085455 0.00042665 0.000825 0.000742 0.0008484 0.00084595 0.0008335 0.00076545 0.00078325 0.0008157 0.0007976 0.0007523 0.00078625
30 0.00085485 0.00085745 0.00082805 0.00077595 0.00085215 0.0008386 0.00065285 0.0008214 0.00084325 0.00086045 0.000841 0.00082885 0.0008689 0.0008454 0.00089575 0.00085025 0.00089735 0.0008843 0.00081645 0.000878 0.00075555 0.00084485 0.00082225 0.00083675 0.00085965 0.0008983 0.00063245 0.00086325 0.000865 0.00087275 0.0008167 0.00089085 0.0008676 0.0006599 0.00075575 0.00084225 0.00081055 0.00083915 0.000859 0.00069595 0.00090235 0.00070655 0.0008493 0.0006891 0.00081005 0.00088015 0.0008516 0.0008778 0.00088455 0.000895 0.0008684 0.00062415 0.00084525 0.00084535 0.0008769 0.0008572 0.00084455 0.00066685 0.000848 0.00090605 0.0008717 0.00083005 0.0008566 0.00083145 0.0008853 0.0008119 0.0008408 0.0008298 0.0008692 0.00076985 0.00082925 0.00085695 0.00083415 0.00089485 0.00083005 0.00071735 0.00089195 0.0008407 0.00083345 0.00082735 0.00084985 0.0008665 0.0008513 0.0008762 0.00084895 0.00083545 0.0008674 0.00089495 0.0008927 0.00082345 0.00088875 0.00083815 0.0008608 0.0008485 0.00085115 0.00071295 0.00088785 0.00084275 0.0009 0.00083755
31 0.0008656 0.00085465 0.0007924 0.00084895 0.00086415 0.00086885 0.00084805 0.0008165 0.00083115 0.0008442 0.00085045 0.0007578 0.00064955 0.00082485 0.00064085 0.0008141 0.00059355 0.00084215 0.00076625 0.00085405 0.00077645 0.00075615 0.0007474 0.00078965 0.00078035 0.00062815 0.00077595 0.00077 0.00082275 0.00070165 0.00089085 0.0008865 0.0008368 0.0009085 0.00077665 0.00081975 0.0007635 0.0008368 0.00076905 0.00084325 0.00076405 0.00077705 0.0007738 0.00082565 0.0008216 0.00074535 0.00062825 0.00084105 0.00078525 0.00086225 0.0007956 0.0008264 0.0008094 0.0008599 0.0007623 0.0008731 0.00076845 0.0007809 0.0008521 0.0006363 0.0008642 0.00081575 0.0008259 0.00080315 0.00083605 0.00085125 0.0007962 0.00083315 0.0007647 0.0008681 0.00076505 0.0008067 0.00082215 0.00066845 0.0007538 0.0008585 0.00084005 0.0008467 0.00062315 0.00084295 0.00062975 0.0008277 0.0008378 0.0008427 0.00077345 0.000823 0.0007239 0.0008622 0.00079715 0.00080985 0.00062325 0.0008212 0.00083285 0.0007736 0.00080295 0.0008186 0.00066615 0.00085115 0.0006479 0.00081715
32 0.00083285 0.00084045 0.00080265 0.000843 0.0007819 0.00086815 0.00083915 0.000826 0.00078405 0.000643 0.00079505 0.0007524 0.00083455 0.00079705 0.00082995 0.00081305 0.0008364 0.00084195 0.00078125 0.00086275 0.00081205 0.00078605 0.00075415 0.0008072 0.0008364 0.0008405 0.0008086 0.00081785 0.00046575 0.0008291 0.0008676 0.0008368 0.0008844 0.0008831 0.00081225 0.00083405 0.0007894 0.0008179 0.0008374 0.0008081 0.00084725 0.0008303 0.00081645 0.0007814 0.0008135 0.00084845 0.0008242 0.0008519 0.0008524 0.00086215 0.00085415 0.00078905 0.0007725 0.00084515 0.00063595 0.0008494 0.0008119 0.0008311 0.00083685 0.0006478 0.00085995 0.00081325 0.00081745 0.00078895 0.000844 0.0008472 0.00080645 0.0008046 0.00081765 0.00084485 0.00079535 0.0008379 0.00075155 0.00083755 0.00063645 0.0008571 0.00078515 0.0008413 0.0008369 0.0008428 0.00065475 0.00077815 0.00066665 0.0006826 0.0008161 0.0008098 0.00067025 0.0008621 0.00085055 0.00086165 0.00078875 0.0007755 0.0008525 0.000772 0.00065425 0.00085315 0.00084765 0.00075545 0.00086505 0.00079345
33 0.00083685 0.0006481 0.00085285 0.00078915 0.0008098 0.0008375 0.0008602 0.0008311 0.00089945 0.0008735 0.00086615 0.00085685 0.00091825 0.0008824 0.0008956 0.00089675 0.00086845 0.00089365 0.0008475 0.0008955 0.00078685 0.00086015 0.00087975 0.00083075 0.0009025 0.00090335 0.0008583 0.00090475 0.00088235 0.0009021 0.0006599 0.0009085 0.0008831 0.0009128 0.00078705 0.00087235 0.00083595 0.0008843 0.00088505 0.000845 0.00067405 0.00087055 0.0008835 0.00087975 0.00084825 0.0008898 0.00092825 0.00070785 0.00069725 0.00069775 0.0008723 0.0008797 0.00087845 0.00085745 0.000876 0.0008653 0.00085515 0.0008775 0.00088635 0.00086395 0.0006979 0.0008553 0.00091545 0.00088025 0.0008866 0.00086595 0.00090585 0.0008717 0.00086905 0.0007883 0.00088555 0.0008911 0.0008638 0.0008632 0.000892 0.000678 0.0008778 0.0008461 0.00089885 0.000882 0.00092695 0.0008623 0.00091195 0.0007067 0.00088315 0.00082955 0.0009027 0.0006977 0.0006974 0.0008637 0.0008898 0.00086235 0.0009056 0.0008746 0.0009033 0.00087055 0.0008915 0.00078585 0.0008858 0.00090195
34 0.0008588 0.0008836 0.00062215 0.00061925 0.0008556 0.0008259 0.00087705 0.00080125 0.0008315 0.00084075 0.00083795 0.0006041 0.0008343 0.0008566 0.00078045 0.00080825 0.0007725 0.00086515 0.00061595 0.00086285 0.00038225 0.0006392 0.0005888 0.00084685 0.0008726 0.000779 0.00064045 0.0008579 0.0008088 0.0008774 0.00075575 0.00077665 0.00081225 0.00078705 0.0007644 0.00081075 0.0006268 0.00085435 0.00086685 0.0008655 0.0007944 0.00088015 0.0006102 0.00084 0.00081535 0.00087125 0.00083335 0.00086335 0.0008841 0.0008642 0.00080675 0.0008176 0.0008109 0.000836 0.0008428 0.00087525 0.0008742 0.00088785 0.0008506 0.0007681 0.00087955 0.00079695 0.00083725 0.00079515 0.0008396 0.00073345 0.00078765 0.00084115 0.0008616 0.00080965 0.0006105 0.0008053 0.00082215 0.0007924 0.0005931 0.00088785 0.00085945 0.0008825 0.00081295 0.0008192 0.0008174 0.00086595 0.00083605 0.00084755 0.00060985 0.00081725 0.00080365 0.00086415 0.0008911 0.00080495 0.00075875 0.00083145 0.000862 0.0008089 0.00079095 0.000875 0.0007646 0.00086905 0.00080525 0.0008282
35 0.0008295 0.0008688 0.0007809 0.0006153 0.00078605 0.00081135 0.00061665 0.00080115 0.00074235 0.00072395 0.0008369 0.00079 0.0007917 0.0008271 0.00084195 0.000819 0.00085625 0.0008471 0.00079795 0.0007836 0.00081055 0.000808 0.00081735 0.00085785 0.00070975 0.00083415 0.00081245 0.00079545 0.00083095 0.00077895 0.00084225 0.00081975 0.00083405 0.00087235 0.00081075 0.0007987 0.00083285 0.00076365 0.00058935 0.0008271 0.0008588 0.0007825 0.0008033 0.0008044 0.000739 0.00079075 0.00078215 0.00083055 0.00082165 0.00084 0.000802 0.0008257 0.0007745 0.0006128 0.00079275 0.00076165 0.00082695 0.00080655 0.0006484 0.00083965 0.0007527 0.0006958 0.00080445 0.00083455 0.00082055 0.0007417 0.0008105 0.000592 0.00080625 0.00077275 0.00080135 0.0007954 0.0008248 0.0008218 0.0008225 0.00081455 0.0008347 0.00081265 0.00079625 0.00072885 0.0008111 0.00062735 0.00074775 0.00085965 0.00080295 0.00074135 0.0008121 0.00083995 0.0008308 0.00063925 0.00085795 0.00081275 0.00077415 0.0008424 0.00084025 0.00078365 0.00082085 0.00084315 0.0008117 0.0007862
