 slim_337604998 slim_337604954 slim_337605124 slim_337605045 slim_337605028 slim_337604914 slim_337605030 slim_337605116 slim_337605080 slim_337605034 slim_337605130 slim_337605097 slim_337605107 slim_337604972 slim_337605078 slim_337605095 slim_337605050 slim_337605064 slim_337605026 slim_337605105 slim_337605032 slim_337604659 slim_337605120 slim_337605049 slim_337604896 slim_337605118 slim_337605003 slim_337605129 slim_337605042 slim_337605092 slim_337605038 slim_337605099 slim_337604831 slim_337605072 slim_337605134 slim_337605119 slim_337605031 slim_337605001 slim_337605084 slim_337604730 slim_337604865 slim_337605135 slim_337605109 slim_337605123 slim_337605094 slim_337605041 slim_337604943 slim_337605083 slim_337605121 slim_337605132 slim_337604617 slim_337605077 slim_337605108 slim_337604934 slim_337605112 slim_337605074 slim_337604923 slim_337605088 slim_337605056 slim_337604931 slim_337605098 slim_337605117 slim_337604745 slim_337605126 slim_337605127 slim_337605086 slim_337605063 slim_337605066 slim_337605106 slim_337605110 slim_337604937 slim_337605009 slim_337604930 slim_337605133 slim_337604809 slim_337604661 slim_337605096 slim_337604764 slim_337604900 slim_337604951 slim_337604985 slim_337605047 slim_337605082 slim_337605128 slim_337604956 slim_337604849 slim_337605075 slim_337604995 slim_337605111 slim_337604979 slim_337605093 slim_337604987 slim_337605122 slim_337605065 slim_337605020 slim_337604686 slim_337604990 slim_337605114 slim_337604781 slim_337604994
0 1.39e-05 1.15e-05 1.915e-05 1.17e-05 1.3e-05 8.35e-06 1.325e-05 1.38e-05 9.65e-06 7.8e-06 1.27e-05 1.165e-05 1.4e-05 1.57e-05 1.215e-05 1.585e-05 1.34e-05 1.33e-05 1.21e-05 1.135e-05 9.15e-06 1.105e-05 1.59e-05 1.205e-05 9.3e-06 1.125e-05 1.325e-05 1.05e-05 1.325e-05 1.775e-05 9.35e-06 7.4e-06 1.15e-05 8.45e-06 1.595e-05 7.2e-06 1.21e-05 1.1e-05 1.06e-05 1.38e-05 1.575e-05 1.435e-05 1.085e-05 1.23e-05 1.47e-05 1.55e-05 9.2e-06 1.15e-05 1.095e-05 1.165e-05 1.565e-05 1.195e-05 1.315e-05 1.355e-05 1.26e-05 1.38e-05 1.015e-05 1.51e-05 1.05e-05 1.63e-05 1.51e-05 1.54e-05 1.575e-05 1.635e-05 1.035e-05 1.48e-05 7.65e-06 1.225e-05 1.43e-05 1.185e-05 1.135e-05 1.155e-05 1.1e-05 1.5e-05 1.085e-05 1.12e-05 1.58e-05 8.2e-06 1.425e-05 1.45e-05 1.045e-05 1.095e-05 1.26e-05 1.335e-05 1.3e-05 1.37e-05 9.5e-06 1.155e-05 1.15e-05 1.64e-05 1.25e-05 1.15e-05 1.175e-05 1.165e-05 1.19e-05 1.36e-05 1.325e-05 1.3e-05 1.555e-05 1.135e-05
1 1.15e-05 1.73e-05 1.695e-05 1.425e-05 1.35e-05 1.26e-05 1.145e-05 1.455e-05 1.195e-05 9.5e-06 1.365e-05 1.42e-05 1.36e-05 1.495e-05 1.36e-05 1.255e-05 1.16e-05 1.15e-05 1.275e-05 1.205e-05 1.145e-05 1.095e-05 1.175e-05 9.55e-06 1.06e-05 1.365e-05 1.15e-05 1.37e-05 1.43e-05 1.565e-05 1.315e-05 1.205e-05 9.45e-06 1.265e-05 1.5e-05 9.7e-06 1.21e-05 1.185e-05 1.335e-05 9.45e-06 1.48e-05 1.415e-05 1.21e-05 1.26e-05 1.27e-05 1.35e-05 1.05e-05 9e-06 1.025e-05 1.21e-05 1.385e-05 1.21e-05 1.13e-05 1.175e-05 1.225e-05 1.435e-05 1.27e-05 1.385e-05 9.7e-06 1.4e-05 1.385e-05 1.125e-05 1.135e-05 1.54e-05 1.355e-05 1.32e-05 9.35e-06 1.21e-05 9.2e-06 1.005e-05 1.165e-05 9.8e-06 1.11e-05 1.455e-05 1.075e-05 1.13e-05 9.1e-06 1.21e-05 1.36e-05 1.405e-05 1.455e-05 1.37e-05 1.145e-05 1.075e-05 1.14e-05 1.19e-05 1.035e-05 1.14e-05 1.18e-05 1.41e-05 1.235e-05 1.405e-05 1.16e-05 9e-06 1.365e-05 1.355e-05 1.475e-05 1.265e-05 8.75e-06 1.225e-05
2 1.915e-05 1.695e-05 2.15e-05 1.86e-05 1.99e-05 2.015e-05 1.67e-05 1.935e-05 1.9e-05 1.875e-05 1.81e-05 1.855e-05 1.485e-05 1.905e-05 1.83e-05 1.82e-05 1.61e-05 1.675e-05 1.765e-05 1.78e-05 1.895e-05 1.75e-05 1.64e-05 1.705e-05 1.885e-05 1.93e-05 1.675e-05 1.99e-05 1.985e-05 1.355e-05 1.98e-05 1.875e-05 1.605e-05 1.985e-05 1.85e-05 1.875e-05 1.8e-05 1.76e-05 1.93e-05 1.55e-05 1.68e-05 1.445e-05 1.82e-05 1.88e-05 1.635e-05 1.505e-05 1.875e-05 1.7e-05 1.775e-05 1.77e-05 1.49e-05 1.8e-05 1.65e-05 1.62e-05 1.765e-05 1.735e-05 1.84e-05 1.74e-05 1.68e-05 1.335e-05 1.74e-05 1.59e-05 1.395e-05 1.865e-05 1.97e-05 1.705e-05 1.875e-05 1.595e-05 1.555e-05 1.59e-05 1.71e-05 1.715e-05 1.75e-05 1.505e-05 1.77e-05 1.8e-05 1.53e-05 1.945e-05 1.475e-05 1.485e-05 2.005e-05 1.805e-05 1.775e-05 1.765e-05 1.67e-05 1.64e-05 1.745e-05 1.72e-05 1.72e-05 1.34e-05 1.61e-05 1.915e-05 1.81e-05 1.71e-05 1.88e-05 1.62e-05 1.995e-05 1.805e-05 1.505e-05 1.965e-05
3 1.17e-05 1.425e-05 1.86e-05 1.98e-05 1.49e-05 1.165e-05 1.35e-05 1.39e-05 1.32e-05 1.27e-05 1.185e-05 9.95e-06 1.64e-05 1.35e-05 1.075e-05 1.615e-05 1.105e-05 1.355e-05 1.29e-05 1.17e-05 1.315e-05 1.13e-05 1.355e-05 1.435e-05 1.32e-05 1.415e-05 1.355e-05 1.315e-05 1.505e-05 1.495e-05 1.175e-05 1.17e-05 1.215e-05 1.14e-05 1.42e-05 1.205e-05 1.29e-05 1.07e-05 1.09e-05 1.4e-05 1.655e-05 1.64e-05 1.205e-05 1.355e-05 1.345e-05 1.615e-05 1.31e-05 1.43e-05 1.4e-05 1.31e-05 1.38e-05 1.3e-05 1.12e-05 1.12e-05 1.18e-05 1.22e-05 1.005e-05 1.28e-05 1.325e-05 1.61e-05 1.28e-05 1.3e-05 1.64e-05 1.52e-05 1.3e-05 1.245e-05 1.25e-05 1.505e-05 1.43e-05 1.115e-05 1.125e-05 1.38e-05 1.125e-05 1.67e-05 1.365e-05 1.36e-05 1.595e-05 1.145e-05 1.64e-05 1.64e-05 1.16e-05 1.04e-05 1.375e-05 1.51e-05 1.32e-05 1.14e-05 1.085e-05 1.225e-05 1.14e-05 1.62e-05 1.51e-05 1.235e-05 1.405e-05 1.44e-05 1.115e-05 1.575e-05 1.48e-05 1.225e-05 1.57e-05 1.425e-05
4 1.3e-05 1.35e-05 1.99e-05 1.49e-05 1.28e-05 1.235e-05 1.58e-05 1.09e-05 1.245e-05 1.425e-05 1.55e-05 1.485e-05 1.785e-05 1.24e-05 1.5e-05 9.65e-06 1.655e-05 1.585e-05 1.68e-05 1.405e-05 1.255e-05 1.595e-05 1.58e-05 1.35e-05 1.035e-05 1.02e-05 1.585e-05 1.105e-05 8.15e-06 1.94e-05 9.35e-06 1.275e-05 1.545e-05 1.32e-05 1.265e-05 1.43e-05 1.245e-05 1.595e-05 1.315e-05 1.41e-05 1.065e-05 1.76e-05 1.41e-05 1.12e-05 1.76e-05 1.515e-05 1.025e-05 1.355e-05 1.365e-05 1.33e-05 1.645e-05 1.265e-05 1.67e-05 1.67e-05 1.21e-05 1.8e-05 1.35e-05 1.355e-05 1.37e-05 1.835e-05 1.355e-05 1.53e-05 1.365e-05 1.295e-05 1.09e-05 1.695e-05 1.345e-05 1.46e-05 1.215e-05 1.515e-05 1.57e-05 1.36e-05 1.595e-05 1.795e-05 1.465e-05 1.495e-05 1.285e-05 1.325e-05 1.785e-05 1.77e-05 1.36e-05 1.47e-05 1.255e-05 1e-05 1.55e-05 1.685e-05 1.46e-05 1.65e-05 1.585e-05 1.845e-05 1.46e-05 1.41e-05 1.49e-05 1.37e-05 1.53e-05 1.21e-05 8.6e-06 1.25e-05 1.25e-05 1.025e-05
5 8.35e-06 1.26e-05 2.015e-05 1.165e-05 1.235e-05 7e-06 1.315e-05 1.345e-05 1.225e-05 1.02e-05 1.29e-05 1.165e-05 1.55e-05 1.62e-05 1.015e-05 1.515e-05 1.555e-05 1.32e-05 1.42e-05 9.85e-06 1.2e-05 1.335e-05 1.665e-05 1.29e-05 1.02e-05 1.355e-05 1.315e-05 8.3e-06 1.36e-05 1.885e-05 8.15e-06 8.45e-06 1.415e-05 8.5e-06 1.645e-05 1.1e-05 1.085e-05 1.445e-05 6.1e-06 1.475e-05 1.51e-05 1.56e-05 9.05e-06 1.34e-05 1.55e-05 1.435e-05 1.01e-05 1.265e-05 1.23e-05 1.435e-05 1.645e-05 9.55e-06 1.56e-05 1.57e-05 1.34e-05 1.54e-05 1.02e-05 1.675e-05 1.145e-05 1.76e-05 1.675e-05 1.615e-05 1.535e-05 1.55e-05 8.15e-06 1.45e-05 9.8e-06 1.315e-05 1.36e-05 1.41e-05 1.345e-05 1.38e-05 1.335e-05 1.6e-05 1.125e-05 1.1e-05 1.535e-05 7.75e-06 1.57e-05 1.57e-05 9.7e-06 1.185e-05 9.4e-06 1.305e-05 1.295e-05 1.585e-05 1.305e-05 1.385e-05 1.36e-05 1.77e-05 1.32e-05 9.2e-06 1.185e-05 1.275e-05 1.265e-05 1.42e-05 1.43e-05 1.38e-05 1.51e-05 1.22e-05
6 1.325e-05 1.145e-05 1.67e-05 1.35e-05 1.58e-05 1.315e-05 1.49e-05 1.58e-05 1.505e-05 1.31e-05 1.265e-05 1.345e-05 1.465e-05 1.445e-05 1.3e-05 1.285e-05 9.95e-06 7.65e-06 1.225e-05 9.8e-06 1.515e-05 1.275e-05 1.165e-05 1.14e-05 1.445e-05 1.71e-05 7.95e-06 1.54e-05 1.61e-05 1.415e-05 1.52e-05 1.31e-05 8.1e-06 1.385e-05 1.455e-05 1.34e-05 1.215e-05 1.3e-05 1.155e-05 8.6e-06 1.565e-05 1.45e-05 1.06e-05 1.225e-05 9.25e-06 1.23e-05 1.435e-05 1.15e-05 1.285e-05 1.235e-05 1.43e-05 1.215e-05 1.07e-05 1.01e-05 1.415e-05 1.35e-05 1.195e-05 1.385e-05 1.095e-05 1.175e-05 1.385e-05 1.115e-05 1.265e-05 1.325e-05 1.525e-05 1.01e-05 1.32e-05 1.45e-05 9.45e-06 8.4e-06 1.26e-05 1.18e-05 1.275e-05 1.5e-05 1.075e-05 1.06e-05 9.8e-06 1.355e-05 1.445e-05 1.45e-05 1.555e-05 1.29e-05 1.17e-05 1.315e-05 7.6e-06 1.025e-05 1.15e-05 1.31e-05 1.275e-05 1.17e-05 1.475e-05 1.11e-05 1.1e-05 1.16e-05 1.36e-05 1.63e-05 1.63e-05 1.455e-05 9.55e-06 1.43e-05
7 1.38e-05 1.455e-05 1.935e-05 1.39e-05 1.09e-05 1.345e-05 1.58e-05 1.8e-05 1.3e-05 1.315e-05 1.445e-05 1.385e-05 1.715e-05 1.165e-05 1.3e-05 1.275e-05 1.36e-05 1.585e-05 1.52e-05 1.34e-05 1.3e-05 1.32e-05 1.52e-05 1.46e-05 1.28e-05 1.26e-05 1.585e-05 1.255e-05 1.05e-05 1.715e-05 1.345e-05 1.34e-05 1.395e-05 1.38e-05 1.195e-05 1.35e-05 1.52e-05 1.36e-05 1.415e-05 1.49e-05 1.345e-05 1.675e-05 1.345e-05 1.215e-05 1.54e-05 1.73e-05 1.27e-05 1.46e-05 1.47e-05 1.355e-05 1.575e-05 1.44e-05 1.385e-05 1.375e-05 1.295e-05 1.49e-05 1.405e-05 1.2e-05 1.44e-05 1.745e-05 1.2e-05 1.475e-05 1.68e-05 1.285e-05 1.24e-05 1.56e-05 1.26e-05 1.555e-05 1.535e-05 1.375e-05 1.28e-05 1.505e-05 1.32e-05 1.735e-05 1.47e-05 1.525e-05 1.605e-05 1.32e-05 1.715e-05 1.705e-05 1.215e-05 1.395e-05 1.435e-05 1.41e-05 1.545e-05 1.385e-05 1.38e-05 1.37e-05 1.295e-05 1.755e-05 1.56e-05 1.605e-05 1.505e-05 1.47e-05 1.43e-05 1.495e-05 1.095e-05 1.33e-05 1.58e-05 1.105e-05
8 9.65e-06 1.195e-05 1.9e-05 1.32e-05 1.245e-05 1.225e-05 1.505e-05 1.3e-05 1.17e-05 6.55e-06 1.455e-05 1.315e-05 1.465e-05 1.475e-05 1.37e-05 1.61e-05 1.205e-05 1.51e-05 1.355e-05 1.285e-05 6.45e-06 1.03e-05 1.58e-05 1.145e-05 8.2e-06 6.2e-06 1.51e-05 1.03e-05 1.04e-05 1.78e-05 1.125e-05 1e-05 1.065e-05 9.75e-06 1.5e-05 6.9e-06 1.48e-05 1.015e-05 1.45e-05 1.365e-05 1.555e-05 1.5e-05 1.235e-05 1.105e-05 1.565e-05 1.775e-05 8.1e-06 1.2e-05 1.065e-05 8.35e-06 1.51e-05 1.47e-05 1.235e-05 1.22e-05 1.17e-05 1.485e-05 1.175e-05 1.215e-05 1.18e-05 1.63e-05 1.215e-05 1.53e-05 1.64e-05 1.77e-05 1.01e-05 1.665e-05 7.55e-06 1.15e-05 1.49e-05 1.06e-05 1.065e-05 1.19e-05 1.03e-05 1.425e-05 1.295e-05 1.26e-05 1.69e-05 1.02e-05 1.485e-05 1.435e-05 1.145e-05 1.295e-05 1.535e-05 1.285e-05 1.475e-05 1.235e-05 8.75e-06 1.08e-05 1.08e-05 1.64e-05 1.115e-05 1.615e-05 1.275e-05 1.21e-05 1.25e-05 1.125e-05 1.035e-05 1.21e-05 1.665e-05 1.095e-05
9 7.8e-06 9.5e-06 1.875e-05 1.27e-05 1.425e-05 1.02e-05 1.31e-05 1.315e-05 6.55e-06 2.6e-06 1.48e-05 1.265e-05 1.2e-05 1.43e-05 1.195e-05 1.735e-05 8.75e-06 1.315e-05 1.21e-05 1.09e-05 6.65e-06 6.15e-06 1.465e-05 9.35e-06 6.75e-06 1.1e-05 1.315e-05 1.18e-05 1.355e-05 1.645e-05 1.3e-05 9e-06 6.5e-06 8.4e-06 1.455e-05 2.85e-06 1.6e-05 7.4e-06 1.315e-05 1.205e-05 1.63e-05 1.32e-05 1.015e-05 1.075e-05 1.365e-05 1.75e-05 6.65e-06 9.55e-06 9.15e-06 9.4e-06 1.345e-05 1.54e-05 8.65e-06 8.9e-06 1.11e-05 1.395e-05 1.105e-05 1.255e-05 9.15e-06 1.45e-05 1.255e-05 1.415e-05 1.645e-05 1.855e-05 1.165e-05 1.515e-05 2.6e-06 9e-06 1.435e-05 7.1e-06 7.35e-06 1.085e-05 6.15e-06 1.26e-05 1.02e-05 1.025e-05 1.745e-05 8.55e-06 1.215e-05 1.215e-05 1.17e-05 1.24e-05 1.53e-05 1.445e-05 1.28e-05 9.05e-06 5.8e-06 6.65e-06 7.5e-06 1.46e-05 9.2e-06 1.7e-05 1.035e-05 9.65e-06 1.075e-05 1.29e-05 1.425e-05 1.15e-05 1.72e-05 9.15e-06
10 1.27e-05 1.365e-05 1.81e-05 1.185e-05 1.55e-05 1.29e-05 1.265e-05 1.445e-05 1.455e-05 1.48e-05 2.06e-05 1.185e-05 1.645e-05 1.55e-05 1.265e-05 1.485e-05 1.365e-05 1.27e-05 1.22e-05 1.285e-05 1.45e-05 1.4e-05 1.355e-05 1.375e-05 1.45e-05 1.475e-05 1.28e-05 1.365e-05 1.57e-05 1.565e-05 1.22e-05 1.235e-05 1.39e-05 1.265e-05 1.555e-05 1.405e-05 1.145e-05 1.335e-05 1.28e-05 1.325e-05 1.74e-05 1.61e-05 1.315e-05 1.48e-05 1.27e-05 1.5e-05 1.44e-05 1.37e-05 1.385e-05 1.43e-05 1.595e-05 1.205e-05 1.375e-05 1.38e-05 1.375e-05 1.17e-05 1.195e-05 1.485e-05 1.325e-05 1.6e-05 1.485e-05 1.305e-05 1.525e-05 1.39e-05 1.35e-05 1.24e-05 1.465e-05 1.66e-05 1.355e-05 1.375e-05 1.365e-05 1.31e-05 1.4e-05 1.675e-05 1.305e-05 1.3e-05 1.265e-05 1.26e-05 1.645e-05 1.645e-05 1.215e-05 1.205e-05 1.23e-05 1.375e-05 1.27e-05 1.395e-05 1.35e-05 1.43e-05 1.38e-05 1.61e-05 1.665e-05 1.08e-05 1.345e-05 1.38e-05 1.375e-05 1.655e-05 1.545e-05 1.415e-05 1.24e-05 1.565e-05
11 1.165e-05 1.42e-05 1.855e-05 9.95e-06 1.485e-05 1.165e-05 1.345e-05 1.385e-05 1.315e-05 1.265e-05 1.185e-05 1.97e-05 1.635e-05 1.345e-05 1.075e-05 1.61e-05 1.1e-05 1.35e-05 1.285e-05 1.17e-05 1.31e-05 1.125e-05 1.35e-05 1.43e-05 1.315e-05 1.41e-05 1.35e-05 1.315e-05 1.5e-05 1.49e-05 1.175e-05 1.165e-05 1.21e-05 1.14e-05 1.415e-05 1.2e-05 1.29e-05 1.065e-05 1.09e-05 1.395e-05 1.65e-05 1.635e-05 1.205e-05 1.35e-05 1.34e-05 1.61e-05 1.305e-05 1.425e-05 1.395e-05 1.305e-05 1.375e-05 1.3e-05 1.115e-05 1.115e-05 1.175e-05 1.215e-05 1.005e-05 1.275e-05 1.32e-05 1.605e-05 1.275e-05 1.295e-05 1.635e-05 1.515e-05 1.3e-05 1.24e-05 1.245e-05 1.5e-05 1.425e-05 1.11e-05 1.12e-05 1.375e-05 1.115e-05 1.665e-05 1.36e-05 1.355e-05 1.59e-05 1.145e-05 1.635e-05 1.635e-05 1.16e-05 1.03e-05 1.375e-05 1.505e-05 1.315e-05 1.135e-05 1.08e-05 1.22e-05 1.135e-05 1.615e-05 1.505e-05 1.235e-05 1.4e-05 1.435e-05 1.11e-05 1.57e-05 1.475e-05 1.22e-05 1.565e-05 1.42e-05
12 1.4e-05 1.36e-05 1.485e-05 1.64e-05 1.785e-05 1.55e-05 1.465e-05 1.715e-05 1.465e-05 1.2e-05 1.645e-05 1.635e-05 2.23e-05 1.76e-05 1.575e-05 1.77e-05 1.365e-05 1.47e-05 1.515e-05 1.46e-05 1.415e-05 1.32e-05 1.595e-05 1.415e-05 1.44e-05 1.655e-05 1.47e-05 1.65e-05 1.755e-05 1.31e-05 1.7e-05 1.445e-05 1.21e-05 1.52e-05 1.72e-05 1.22e-05 1.675e-05 1.395e-05 1.625e-05 1.4e-05 1.89e-05 1.185e-05 1.46e-05 1.56e-05 1.505e-05 1.765e-05 1.43e-05 1.36e-05 1.44e-05 1.475e-05 1.7e-05 1.635e-05 1.36e-05 1.38e-05 1.565e-05 1.63e-05 1.53e-05 1.615e-05 1.295e-05 1.18e-05 1.615e-05 1.545e-05 1.705e-05 1.835e-05 1.63e-05 1.605e-05 1.2e-05 1.565e-05 1.5e-05 1.255e-05 1.36e-05 1.445e-05 1.315e-05 1.22e-05 1.38e-05 1.455e-05 1.58e-05 1.465e-05 1.145e-05 1.18e-05 1.665e-05 1.585e-05 1.615e-05 1.63e-05 1.445e-05 1.395e-05 1.29e-05 1.305e-05 1.375e-05 1.19e-05 1.58e-05 1.735e-05 1.47e-05 1.375e-05 1.595e-05 1.73e-05 1.8e-05 1.605e-05 1.555e-05 1.53e-05
13 1.57e-05 1.495e-05 1.905e-05 1.35e-05 1.24e-05 1.62e-05 1.445e-05 1.165e-05 1.475e-05 1.43e-05 1.55e-05 1.345e-05 1.76e-05 1.82e-05 1.325e-05 1.25e-05 1.035e-05 1.45e-05 1.535e-05 1.365e-05 1.47e-05 1.165e-05 1.275e-05 1.505e-05 1.505e-05 1.515e-05 1.45e-05 1.625e-05 1.195e-05 1.5e-05 1.67e-05 1.61e-05 1.145e-05 1.61e-05 1.02e-05 1.435e-05 1.67e-05 1.185e-05 1.445e-05 1.355e-05 1.33e-05 1.8e-05 1.455e-05 1.185e-05 1.405e-05 1.695e-05 1.495e-05 1.5e-05 1.6e-05 1.35e-05 1.325e-05 1.65e-05 1.05e-05 1.05e-05 1.25e-05 1.455e-05 1.365e-05 1e-05 1.475e-05 1.615e-05 1e-05 1.255e-05 1.645e-05 1.275e-05 1.61e-05 1.34e-05 1.35e-05 1.6e-05 1.38e-05 1.05e-05 1.21e-05 1.52e-05 1.17e-05 1.785e-05 1.51e-05 1.57e-05 1.575e-05 1.58e-05 1.74e-05 1.76e-05 1.565e-05 1.325e-05 1.65e-05 1.535e-05 1.405e-05 1.025e-05 1.205e-05 1.26e-05 1.225e-05 1.625e-05 1.6e-05 1.755e-05 1.55e-05 1.51e-05 1.21e-05 1.615e-05 1.215e-05 1.245e-05 1.55e-05 1.155e-05
14 1.215e-05 1.36e-05 1.83e-05 1.075e-05 1.5e-05 1.015e-05 1.3e-05 1.3e-05 1.37e-05 1.195e-05 1.265e-05 1.075e-05 1.575e-05 1.325e-05 1.88e-05 1.59e-05 1.055e-05 1.305e-05 1.34e-05 1.065e-05 1.36e-05 1.065e-05 1.305e-05 1.375e-05 1.295e-05 1.51e-05 1.305e-05 1.215e-05 1.52e-05 1.445e-05 1.29e-05 1.215e-05 1.165e-05 1.21e-05 1.395e-05 1.24e-05 1.37e-05 1.12e-05 9.55e-06 1.35e-05 1.65e-05 1.575e-05 1.07e-05 1.37e-05 1.295e-05 1.585e-05 1.285e-05 1.365e-05 1.395e-05 1.37e-05 1.35e-05 1.25e-05 1.07e-05 1.07e-05 1.165e-05 1.265e-05 1.085e-05 1.255e-05 1.26e-05 1.56e-05 1.255e-05 1.25e-05 1.61e-05 1.495e-05 1.2e-05 1.195e-05 1.185e-05 1.465e-05 1.38e-05 1.065e-05 1.06e-05 1.43e-05 1.06e-05 1.61e-05 1.3e-05 1.3e-05 1.545e-05 1.115e-05 1.575e-05 1.58e-05 1.14e-05 1.1e-05 1.24e-05 1.495e-05 1.27e-05 1.09e-05 1.135e-05 1.16e-05 1.075e-05 1.57e-05 1.47e-05 1.315e-05 1.345e-05 1.375e-05 1.165e-05 1.58e-05 1.565e-05 1.21e-05 1.52e-05 1.385e-05
15 1.585e-05 1.255e-05 1.82e-05 1.615e-05 9.65e-06 1.515e-05 1.285e-05 1.275e-05 1.61e-05 1.735e-05 1.485e-05 1.61e-05 1.77e-05 1.25e-05 1.59e-05 1.49e-05 1.55e-05 1.29e-05 1.6e-05 1.395e-05 1.605e-05 1.7e-05 1.275e-05 1.265e-05 1.47e-05 1.48e-05 1.29e-05 1.495e-05 1.095e-05 1.735e-05 1.37e-05 1.555e-05 1.415e-05 1.65e-05 1.25e-05 1.73e-05 1.15e-05 1.705e-05 1.405e-05 1.085e-05 1.11e-05 1.74e-05 1.48e-05 1.24e-05 1.465e-05 1.275e-05 1.46e-05 1.26e-05 1.395e-05 1.47e-05 1.595e-05 1.185e-05 1.56e-05 1.565e-05 1.44e-05 1.705e-05 1.475e-05 1.365e-05 1.34e-05 1.61e-05 1.365e-05 1.225e-05 1.115e-05 1.115e-05 1.48e-05 1.42e-05 1.625e-05 1.615e-05 9e-06 1.41e-05 1.67e-05 1.27e-05 1.7e-05 1.795e-05 1.38e-05 1.425e-05 7.75e-06 1.61e-05 1.75e-05 1.77e-05 1.695e-05 1.565e-05 1.145e-05 1.015e-05 1.275e-05 1.58e-05 1.57e-05 1.735e-05 1.685e-05 1.62e-05 1.615e-05 1.345e-05 1.42e-05 1.27e-05 1.64e-05 1.46e-05 1.115e-05 1.48e-05 7.65e-06 1.225e-05
16 1.34e-05 1.16e-05 1.61e-05 1.105e-05 1.655e-05 1.555e-05 9.95e-06 1.36e-05 1.205e-05 8.75e-06 1.365e-05 1.1e-05 1.365e-05 1.035e-05 1.055e-05 1.55e-05 6.8e-06 1e-05 1.18e-05 9.7e-06 1.215e-05 6.15e-06 9.55e-06 1.155e-05 1.27e-05 1.545e-05 1e-05 1.66e-05 1.56e-05 1.085e-05 1.765e-05 1.42e-05 4.1e-06 1.37e-05 1.11e-05 9.15e-06 1.65e-05 6.45e-06 1.335e-05 8.85e-06 1.605e-05 1.445e-05 1.075e-05 1.05e-05 9e-06 1.605e-05 1.26e-05 1.165e-05 1.255e-05 9.65e-06 9.95e-06 1.6e-05 4.25e-06 3.6e-06 1.01e-05 1.12e-05 1.105e-05 8.5e-06 1.12e-05 1.09e-05 8.5e-06 9e-06 1.505e-05 1.52e-05 1.645e-05 1e-05 9.15e-06 1.24e-05 1.12e-05 3.45e-06 6.9e-06 1.205e-05 6.1e-06 1.4e-05 1.225e-05 1.235e-05 1.445e-05 1.35e-05 1.345e-05 1.35e-05 1.455e-05 1.075e-05 1.605e-05 1.56e-05 9.45e-06 3.8e-06 6.5e-06 7.15e-06 7.05e-06 1.1e-05 1.265e-05 1.75e-05 1.25e-05 1.175e-05 9.35e-06 1.555e-05 1.58e-05 1.055e-05 1.42e-05 1.245e-05
17 1.33e-05 1.15e-05 1.675e-05 1.355e-05 1.585e-05 1.32e-05 7.65e-06 1.585e-05 1.51e-05 1.315e-05 1.27e-05 1.35e-05 1.47e-05 1.45e-05 1.305e-05 1.29e-05 1e-05 1.5e-05 1.23e-05 9.85e-06 1.52e-05 1.28e-05 1.17e-05 1.145e-05 1.45e-05 1.715e-05 8.15e-06 1.545e-05 1.615e-05 1.42e-05 1.525e-05 1.315e-05 8.15e-06 1.39e-05 1.46e-05 1.345e-05 1.22e-05 1.305e-05 1.16e-05 8.65e-06 1.57e-05 1.455e-05 1.08e-05 1.23e-05 9.45e-06 1.235e-05 1.44e-05 1.155e-05 1.29e-05 1.255e-05 1.435e-05 1.22e-05 1.075e-05 1.015e-05 1.42e-05 1.355e-05 1.2e-05 1.39e-05 1.1e-05 1.18e-05 1.39e-05 1.12e-05 1.27e-05 1.33e-05 1.53e-05 1e-05 1.325e-05 1.455e-05 9.5e-06 8.45e-06 1.265e-05 1.185e-05 1.28e-05 1.505e-05 1.08e-05 1.065e-05 9.85e-06 1.36e-05 1.45e-05 1.455e-05 1.56e-05 1.295e-05 1.175e-05 1.32e-05 7.65e-06 1.03e-05 1.155e-05 1.315e-05 1.28e-05 1.19e-05 1.48e-05 1.115e-05 1.105e-05 1.165e-05 1.365e-05 1.635e-05 1.635e-05 1.46e-05 9.6e-06 1.435e-05
18 1.21e-05 1.275e-05 1.765e-05 1.29e-05 1.68e-05 1.42e-05 1.225e-05 1.52e-05 1.355e-05 1.21e-05 1.22e-05 1.285e-05 1.515e-05 1.535e-05 1.34e-05 1.6e-05 1.18e-05 1.23e-05 2.03e-05 1.31e-05 1.315e-05 1.18e-05 1.35e-05 1.32e-05 1.41e-05 1.51e-05 1.24e-05 1.525e-05 1.64e-05 1.52e-05 1.47e-05 1.24e-05 1.12e-05 1.32e-05 1.54e-05 1.095e-05 1.38e-05 1.11e-05 1.435e-05 1.27e-05 1.78e-05 1.545e-05 1.34e-05 1.425e-05 1.105e-05 1.52e-05 1.4e-05 1.28e-05 1.335e-05 1.33e-05 1.515e-05 1.415e-05 1.155e-05 1.195e-05 1.385e-05 1.055e-05 1.285e-05 1.425e-05 1.23e-05 1.505e-05 1.425e-05 1.3e-05 1.575e-05 1.395e-05 1.51e-05 1.25e-05 1.225e-05 1.53e-05 1.39e-05 1.175e-05 1.21e-05 1.215e-05 1.18e-05 1.6e-05 1.185e-05 1.26e-05 1.39e-05 1.245e-05 1.515e-05 1.55e-05 1.345e-05 1.23e-05 1.435e-05 1.5e-05 1.215e-05 1.21e-05 1.11e-05 1.21e-05 1.225e-05 1.515e-05 1.555e-05 1.33e-05 1.26e-05 1.29e-05 1.255e-05 1.66e-05 1.615e-05 1.425e-05 1.365e-05 1.465e-05
19 1.135e-05 1.205e-05 1.78e-05 1.17e-05 1.405e-05 9.85e-06 9.8e-06 1.34e-05 1.285e-05 1.09e-05 1.285e-05 1.17e-05 1.46e-05 1.365e-05 1.065e-05 1.395e-05 9.7e-06 9.85e-06 1.31e-05 1.48e-05 1.29e-05 1.145e-05 1.32e-05 1.205e-05 1.225e-05 1.485e-05 9.85e-06 1.21e-05 1.435e-05 1.505e-05 1.245e-05 1.13e-05 8.15e-06 1.115e-05 1.405e-05 1.125e-05 1.225e-05 1.18e-05 9.2e-06 1.025e-05 1.505e-05 1.455e-05 8.55e-06 1.1e-05 1.125e-05 1.42e-05 1.215e-05 1.21e-05 1.28e-05 1.135e-05 1.415e-05 1.09e-05 1.06e-05 9.9e-06 1.285e-05 1.445e-05 1.015e-05 1.305e-05 1.1e-05 1.28e-05 1.305e-05 1.27e-05 1.44e-05 1.45e-05 1.195e-05 1.215e-05 1.09e-05 1.345e-05 1.115e-05 8.2e-06 1.14e-05 1.25e-05 1.145e-05 1.5e-05 1.15e-05 1.13e-05 1.325e-05 1.035e-05 1.44e-05 1.45e-05 1.225e-05 1.195e-05 1.125e-05 1.375e-05 9.3e-06 1.005e-05 1.03e-05 1.21e-05 1.155e-05 1.29e-05 1.37e-05 1.17e-05 1.18e-05 1.22e-05 1.245e-05 1.52e-05 1.455e-05 1.325e-05 1.3e-05 1.255e-05
20 9.15e-06 1.145e-05 1.895e-05 1.315e-05 1.255e-05 1.2e-05 1.515e-05 1.3e-05 6.45e-06 6.65e-06 1.45e-05 1.31e-05 1.415e-05 1.47e-05 1.36e-05 1.605e-05 1.215e-05 1.52e-05 1.315e-05 1.29e-05 1.16e-05 9.8e-06 1.575e-05 1.2e-05 8.6e-06 6.3e-06 1.52e-05 1.035e-05 1.035e-05 1.775e-05 1.135e-05 9.95e-06 1.035e-05 1e-05 1.495e-05 5.9e-06 1.475e-05 9.75e-06 1.44e-05 1.375e-05 1.55e-05 1.495e-05 1.24e-05 1.115e-05 1.575e-05 1.77e-05 8.5e-06 1.15e-05 1.09e-05 8.45e-06 1.505e-05 1.46e-05 1.19e-05 1.23e-05 1.18e-05 1.48e-05 1.17e-05 1.21e-05 1.13e-05 1.64e-05 1.21e-05 1.525e-05 1.635e-05 1.765e-05 1.015e-05 1.66e-05 6.75e-06 1.175e-05 1.485e-05 1.07e-05 1.06e-05 1.15e-05 9.8e-06 1.465e-05 1.245e-05 1.315e-05 1.685e-05 9.75e-06 1.435e-05 1.46e-05 1.145e-05 1.29e-05 1.525e-05 1.295e-05 1.485e-05 1.245e-05 8.35e-06 1.015e-05 1.075e-05 1.65e-05 1.155e-05 1.61e-05 1.33e-05 1.16e-05 1.235e-05 1.135e-05 1.03e-05 1.22e-05 1.66e-05 1.045e-05
21 1.105e-05 1.095e-05 1.75e-05 1.13e-05 1.595e-05 1.335e-05 1.275e-05 1.32e-05 1.03e-05 6.15e-06 1.4e-05 1.125e-05 1.32e-05 1.165e-05 1.065e-05 1.7e-05 6.15e-06 1.28e-05 1.18e-05 1.145e-05 9.8e-06 1.06e-05 1.155e-05 1.165e-05 1.07e-05 1.37e-05 1.28e-05 1.47e-05 1.5e-05 1.3e-05 1.59e-05 1.23e-05 6.45e-06 1.195e-05 1.235e-05 6.45e-06 1.685e-05 6.35e-06 1.345e-05 1.17e-05 1.67e-05 1.445e-05 1.155e-05 1.175e-05 1.18e-05 1.74e-05 1.06e-05 1.115e-05 1.185e-05 1.06e-05 1.11e-05 1.63e-05 5.9e-06 6.3e-06 1.01e-05 1.155e-05 1.13e-05 9.9e-06 1.075e-05 1.375e-05 9.9e-06 1.11e-05 1.64e-05 1.67e-05 1.455e-05 1.21e-05 6.3e-06 1.165e-05 1.365e-05 6.15e-06 6.75e-06 1.205e-05 5.5e-06 1.415e-05 1.175e-05 1.245e-05 1.665e-05 1.15e-05 1.32e-05 1.365e-05 1.3e-05 1.1e-05 1.625e-05 1.57e-05 1.24e-05 6.4e-06 6.4e-06 6.4e-06 6.9e-06 1.385e-05 1.19e-05 1.785e-05 1.26e-05 1.11e-05 9.4e-06 1.48e-05 1.545e-05 1.045e-05 1.64e-05 1.125e-05
22 1.59e-05 1.175e-05 1.64e-05 1.355e-05 1.58e-05 1.665e-05 1.165e-05 1.52e-05 1.58e-05 1.465e-05 1.355e-05 1.35e-05 1.595e-05 1.275e-05 1.305e-05 1.275e-05 9.55e-06 1.17e-05 1.35e-05 1.32e-05 1.575e-05 1.155e-05 1.71e-05 1.185e-05 1.485e-05 1.69e-05 1.17e-05 1.72e-05 1.645e-05 1.29e-05 1.665e-05 1.605e-05 1.035e-05 1.66e-05 1.345e-05 1.48e-05 1.35e-05 1.185e-05 1.44e-05 9.5e-06 1.59e-05 1.61e-05 1.41e-05 1.415e-05 1.14e-05 1.41e-05 1.475e-05 1.18e-05 1.325e-05 1.385e-05 1.195e-05 1.365e-05 9.65e-06 9.7e-06 1.185e-05 1.265e-05 1.365e-05 1.19e-05 1.24e-05 1.38e-05 1.19e-05 8.75e-06 1.205e-05 1.425e-05 1.705e-05 1.085e-05 1.445e-05 1.515e-05 9.15e-06 9.65e-06 1.175e-05 1.21e-05 1.16e-05 1.625e-05 1.345e-05 1.36e-05 8.85e-06 1.615e-05 1.575e-05 1.595e-05 1.645e-05 1.3e-05 1.32e-05 1.26e-05 1.155e-05 9.55e-06 1.2e-05 1.225e-05 1.19e-05 1.39e-05 1.52e-05 1.56e-05 1.385e-05 1.19e-05 1.285e-05 1.6e-05 1.665e-05 1.195e-05 8.75e-06 1.545e-05
23 1.205e-05 9.55e-06 1.705e-05 1.435e-05 1.35e-05 1.29e-05 1.14e-05 1.46e-05 1.145e-05 9.35e-06 1.375e-05 1.43e-05 1.415e-05 1.505e-05 1.375e-05 1.265e-05 1.155e-05 1.145e-05 1.32e-05 1.205e-05 1.2e-05 1.165e-05 1.185e-05 1.75e-05 1.03e-05 1.36e-05 1.145e-05 1.37e-05 1.44e-05 1.575e-05 1.315e-05 1.215e-05 9.8e-06 1.245e-05 1.51e-05 1.06e-05 1.22e-05 1.23e-05 1.35e-05 9.4e-06 1.49e-05 1.425e-05 1.21e-05 1.255e-05 1.265e-05 1.36e-05 1.02e-05 9.6e-06 1.005e-05 1.205e-05 1.395e-05 1.225e-05 1.18e-05 1.17e-05 1.225e-05 1.445e-05 1.28e-05 1.395e-05 1.025e-05 1.395e-05 1.395e-05 1.135e-05 1.15e-05 1.55e-05 1.355e-05 1.33e-05 1.02e-05 1.19e-05 9.35e-06 1e-05 1.175e-05 1.03e-05 1.165e-05 1.41e-05 1.13e-05 1.08e-05 9e-06 1.26e-05 1.415e-05 1.385e-05 1.46e-05 1.38e-05 1.165e-05 1.075e-05 1.135e-05 1.185e-05 1.08e-05 1.195e-05 1.19e-05 1.405e-05 1.19e-05 1.415e-05 1.1e-05 9.5e-06 1.385e-05 1.35e-05 1.485e-05 1.265e-05 8.95e-06 1.28e-05
24 9.3e-06 1.06e-05 1.885e-05 1.32e-05 1.035e-05 1.02e-05 1.445e-05 1.28e-05 8.2e-06 6.75e-06 1.45e-05 1.315e-05 1.44e-05 1.505e-05 1.295e-05 1.47e-05 1.27e-05 1.45e-05 1.41e-05 1.225e-05 8.6e-06 1.07e-05 1.485e-05 1.03e-05 1.12e-05 9.1e-06 1.45e-05 9.9e-06 1.17e-05 1.79e-05 8.9e-06 9.3e-06 1.12e-05 9e-06 1.53e-05 7.7e-06 1.31e-05 1.13e-05 1.27e-05 1.26e-05 1.455e-05 1.44e-05 1.15e-05 1.145e-05 1.57e-05 1.61e-05 5.7e-06 1.065e-05 9.25e-06 1.075e-05 1.455e-05 1.3e-05 1.3e-05 1.285e-05 1.005e-05 1.55e-05 1.16e-05 1.395e-05 1.065e-05 1.63e-05 1.395e-05 1.435e-05 1.41e-05 1.74e-05 9.75e-06 1.615e-05 7.5e-06 1.02e-05 1.25e-05 1.11e-05 1.07e-05 1.13e-05 1.07e-05 1.445e-05 1.225e-05 1.19e-05 1.425e-05 9.85e-06 1.46e-05 1.37e-05 1.13e-05 1.295e-05 1.285e-05 1.07e-05 1.42e-05 1.3e-05 9.75e-06 1.12e-05 1.085e-05 1.64e-05 1.07e-05 1.49e-05 1.22e-05 1.08e-05 1.285e-05 1.11e-05 1.24e-05 1.045e-05 1.39e-05 1.09e-05
25 1.125e-05 1.365e-05 1.93e-05 1.415e-05 1.02e-05 1.355e-05 1.71e-05 1.26e-05 6.2e-06 1.1e-05 1.475e-05 1.41e-05 1.655e-05 1.515e-05 1.51e-05 1.48e-05 1.545e-05 1.715e-05 1.51e-05 1.485e-05 6.3e-06 1.37e-05 1.69e-05 1.36e-05 9.1e-06 3.1e-06 1.715e-05 7.95e-06 7.25e-06 1.91e-05 9.55e-06 1.12e-05 1.45e-05 1.145e-05 1.54e-05 1.035e-05 1.405e-05 1.3e-05 1.55e-05 1.535e-05 1.485e-05 1.65e-05 1.435e-05 1.16e-05 1.775e-05 1.805e-05 9e-06 1.37e-05 1.25e-05 8.2e-06 1.68e-05 1.44e-05 1.56e-05 1.56e-05 1.185e-05 1.62e-05 1.29e-05 1.185e-05 1.365e-05 1.82e-05 1.185e-05 1.64e-05 1.64e-05 1.68e-05 7.7e-06 1.81e-05 1.13e-05 1.395e-05 1.54e-05 1.42e-05 1.365e-05 1.305e-05 1.37e-05 1.58e-05 1.495e-05 1.51e-05 1.63e-05 1.165e-05 1.675e-05 1.64e-05 1.145e-05 1.395e-05 1.505e-05 1.07e-05 1.68e-05 1.575e-05 1.18e-05 1.42e-05 1.38e-05 1.83e-05 1.31e-05 1.575e-05 1.52e-05 1.38e-05 1.46e-05 9.15e-06 7.2e-06 1.225e-05 1.605e-05 1.195e-05
26 1.325e-05 1.15e-05 1.675e-05 1.355e-05 1.585e-05 1.315e-05 7.95e-06 1.585e-05 1.51e-05 1.315e-05 1.28e-05 1.35e-05 1.47e-05 1.45e-05 1.305e-05 1.29e-05 1e-05 8.15e-06 1.24e-05 9.85e-06 1.52e-05 1.28e-05 1.17e-05 1.145e-05 1.45e-05 1.715e-05 1.5e-05 1.545e-05 1.615e-05 1.42e-05 1.525e-05 1.305e-05 8.15e-06 1.39e-05 1.46e-05 1.345e-05 1.22e-05 1.305e-05 1.155e-05 8.65e-06 1.57e-05 1.45e-05 1.065e-05 1.23e-05 9.4e-06 1.245e-05 1.44e-05 1.155e-05 1.29e-05 1.24e-05 1.435e-05 1.22e-05 1.075e-05 1.015e-05 1.42e-05 1.365e-05 1.2e-05 1.39e-05 1.1e-05 1.18e-05 1.39e-05 1.12e-05 1.27e-05 1.34e-05 1.53e-05 1.06e-05 1.325e-05 1.455e-05 9.5e-06 8.45e-06 1.26e-05 1.185e-05 1.28e-05 1.505e-05 1.09e-05 1.02e-05 9.85e-06 1.36e-05 1.45e-05 1.455e-05 1.56e-05 1.29e-05 1.175e-05 1.32e-05 7.95e-06 1.03e-05 1.155e-05 1.315e-05 1.275e-05 1.175e-05 1.48e-05 1.16e-05 1.115e-05 1.165e-05 1.37e-05 1.635e-05 1.635e-05 1.46e-05 9.6e-06 1.435e-05
27 1.05e-05 1.37e-05 1.99e-05 1.315e-05 1.105e-05 8.3e-06 1.54e-05 1.255e-05 1.03e-05 1.18e-05 1.365e-05 1.315e-05 1.65e-05 1.625e-05 1.215e-05 1.495e-05 1.66e-05 1.545e-05 1.525e-05 1.21e-05 1.035e-05 1.47e-05 1.72e-05 1.37e-05 9.9e-06 7.95e-06 1.545e-05 1.34e-05 1.065e-05 1.93e-05 8.3e-06 1.005e-05 1.555e-05 1.025e-05 1.65e-05 1.225e-05 1.21e-05 1.515e-05 1.025e-05 1.555e-05 1.54e-05 1.605e-05 1.13e-05 1.325e-05 1.69e-05 1.625e-05 9.8e-06 1.375e-05 1.31e-05 1.24e-05 1.75e-05 1.13e-05 1.675e-05 1.675e-05 1.285e-05 1.64e-05 1.18e-05 1.5e-05 1.29e-05 1.83e-05 1.5e-05 1.67e-05 1.615e-05 1.59e-05 6.75e-06 1.65e-05 1.195e-05 1.445e-05 1.5e-05 1.525e-05 1.425e-05 1.425e-05 1.47e-05 1.63e-05 1.345e-05 1.33e-05 1.565e-05 9.65e-06 1.67e-05 1.64e-05 1.01e-05 1.345e-05 1.115e-05 1.15e-05 1.515e-05 1.69e-05 1.385e-05 1.52e-05 1.44e-05 1.84e-05 1.405e-05 1.19e-05 1.375e-05 1.385e-05 1.505e-05 1.18e-05 1.135e-05 1.325e-05 1.54e-05 1.28e-05
28 1.325e-05 1.43e-05 1.985e-05 1.505e-05 8.15e-06 1.36e-05 1.61e-05 1.05e-05 1.04e-05 1.355e-05 1.57e-05 1.5e-05 1.755e-05 1.195e-05 1.52e-05 1.095e-05 1.56e-05 1.615e-05 1.64e-05 1.435e-05 1.035e-05 1.5e-05 1.645e-05 1.44e-05 1.17e-05 7.25e-06 1.615e-05 1.065e-05 1.25e-05 1.9e-05 1.16e-05 1.32e-05 1.46e-05 1.36e-05 1.225e-05 1.34e-05 1.43e-05 1.495e-05 1.44e-05 1.485e-05 1.145e-05 1.75e-05 1.44e-05 1.045e-05 1.725e-05 1.66e-05 1.16e-05 1.435e-05 1.45e-05 1.11e-05 1.68e-05 1.45e-05 1.575e-05 1.575e-05 1.32e-05 1.75e-05 1.375e-05 1.145e-05 1.43e-05 1.805e-05 1.145e-05 1.595e-05 1.575e-05 1.29e-05 1.045e-05 1.715e-05 1.285e-05 1.52e-05 1.425e-05 1.43e-05 1.495e-05 1.435e-05 1.5e-05 1.735e-05 1.48e-05 1.54e-05 1.52e-05 1.35e-05 1.755e-05 1.755e-05 1.36e-05 1.485e-05 1.45e-05 1.16e-05 1.575e-05 1.59e-05 1.37e-05 1.555e-05 1.51e-05 1.815e-05 1.475e-05 1.55e-05 1.52e-05 1.445e-05 1.51e-05 1.18e-05 6.75e-06 1.36e-05 1.495e-05 9.85e-06
29 1.775e-05 1.565e-05 1.355e-05 1.495e-05 1.94e-05 1.885e-05 1.415e-05 1.715e-05 1.78e-05 1.645e-05 1.565e-05 1.49e-05 1.31e-05 1.5e-05 1.445e-05 1.735e-05 1.085e-05 1.42e-05 1.52e-05 1.505e-05 1.775e-05 1.3e-05 1.29e-05 1.575e-05 1.79e-05 1.91e-05 1.42e-05 1.93e-05 1.9e-05 1.91e-05 1.975e-05 1.775e-05 1.23e-05 1.845e-05 1.505e-05 1.66e-05 1.76e-05 1.32e-05 1.655e-05 1.35e-05 1.93e-05 1.31e-05 1.59e-05 1.645e-05 1.305e-05 1.755e-05 1.78e-05 1.57e-05 1.68e-05 1.58e-05 1.47e-05 1.73e-05 1.12e-05 1.1e-05 1.445e-05 1.39e-05 1.55e-05 1.345e-05 1.495e-05 1.09e-05 1.345e-05 1.235e-05 1.7e-05 1.65e-05 1.91e-05 1.295e-05 1.64e-05 1.8e-05 1.43e-05 1.14e-05 1.295e-05 1.6e-05 1.295e-05 1.33e-05 1.585e-05 1.615e-05 1.5e-05 1.8e-05 1.29e-05 1.31e-05 1.79e-05 1.44e-05 1.715e-05 1.74e-05 1.39e-05 1.12e-05 1.38e-05 1.33e-05 1.31e-05 1.095e-05 1.795e-05 1.82e-05 1.625e-05 1.58e-05 1.475e-05 1.905e-05 1.92e-05 1.49e-05 1.475e-05 1.78e-05
30 9.35e-06 1.315e-05 1.98e-05 1.175e-05 9.35e-06 8.15e-06 1.52e-05 1.345e-05 1.125e-05 1.3e-05 1.22e-05 1.175e-05 1.7e-05 1.67e-05 1.29e-05 1.37e-05 1.765e-05 1.525e-05 1.47e-05 1.245e-05 1.135e-05 1.59e-05 1.665e-05 1.315e-05 8.9e-06 9.55e-06 1.525e-05 8.3e-06 1.16e-05 1.975e-05 9.3e-06 8.7e-06 1.65e-05 8.85e-06 1.695e-05 1.235e-05 9e-06 1.52e-05 1e-05 1.49e-05 1.425e-05 1.635e-05 1.195e-05 1.325e-05 1.735e-05 1.47e-05 8.8e-06 1.32e-05 1.2e-05 1.325e-05 1.705e-05 9.5e-06 1.78e-05 1.78e-05 1.185e-05 1.6e-05 1.03e-05 1.675e-05 1.255e-05 1.865e-05 1.675e-05 1.615e-05 1.395e-05 1.575e-05 8.15e-06 1.64e-05 1.28e-05 1.4e-05 1.3e-05 1.62e-05 1.525e-05 1.255e-05 1.59e-05 1.715e-05 1.355e-05 1.32e-05 1.34e-05 9.25e-06 1.72e-05 1.685e-05 9.85e-06 1.225e-05 1.015e-05 1.01e-05 1.5e-05 1.795e-05 1.38e-05 1.64e-05 1.54e-05 1.875e-05 1.405e-05 9.25e-06 1.38e-05 1.335e-05 1.43e-05 1.205e-05 1.16e-05 1.225e-05 1.305e-05 1.33e-05
31 7.4e-06 1.205e-05 1.875e-05 1.17e-05 1.275e-05 8.45e-06 1.31e-05 1.34e-05 1e-05 9e-06 1.235e-05 1.165e-05 1.445e-05 1.61e-05 1.215e-05 1.555e-05 1.42e-05 1.315e-05 1.24e-05 1.13e-05 9.95e-06 1.23e-05 1.605e-05 1.215e-05 9.3e-06 1.12e-05 1.305e-05 1.005e-05 1.32e-05 1.775e-05 8.7e-06 1.18e-05 1.27e-05 8.2e-06 1.635e-05 8.85e-06 1.14e-05 1.225e-05 1.06e-05 1.39e-05 1.575e-05 1.295e-05 1.08e-05 1.265e-05 1.455e-05 1.5e-05 9.15e-06 1.21e-05 1.09e-05 1.2e-05 1.61e-05 1.125e-05 1.44e-05 1.435e-05 1.28e-05 1.37e-05 1.01e-05 1.55e-05 1.08e-05 1.625e-05 1.55e-05 1.555e-05 1.55e-05 1.58e-05 9.9e-06 1.47e-05 9.15e-06 1.245e-05 1.455e-05 1.26e-05 1.08e-05 1.21e-05 1.23e-05 1.495e-05 1.12e-05 1.1e-05 1.525e-05 8.6e-06 1.465e-05 1.425e-05 1.015e-05 1.085e-05 1.19e-05 1.305e-05 1.285e-05 1.45e-05 1.07e-05 1.28e-05 1.095e-05 1.635e-05 1.29e-05 1.055e-05 1.16e-05 1.22e-05 1.29e-05 1.36e-05 1.32e-05 1.32e-05 1.5e-05 1.215e-05
32 1.15e-05 9.45e-06 1.605e-05 1.215e-05 1.545e-05 1.415e-05 8.1e-06 1.395e-05 1.065e-05 6.5e-06 1.39e-05 1.21e-05 1.21e-05 1.145e-05 1.165e-05 1.415e-05 4.1e-06 8.15e-06 1.12e-05 8.15e-06 1.035e-05 6.45e-06 1.035e-05 9.8e-06 1.12e-05 1.45e-05 8.15e-06 1.555e-05 1.46e-05 1.23e-05 1.65e-05 1.27e-05 2.7e-06 1.22e-05 1.17e-05 6.55e-06 1.51e-05 6.85e-06 1.285e-05 7.05e-06 1.49e-05 1.33e-05 9.15e-06 9e-06 8.65e-06 1.465e-05 1.11e-05 9.5e-06 1.09e-05 8.15e-06 1.095e-05 1.47e-05 4.2e-06 4.25e-06 1.12e-05 1.305e-05 1.05e-05 9.7e-06 8.9e-06 9.65e-06 9.7e-06 9.85e-06 1.36e-05 1.535e-05 1.54e-05 1.085e-05 6.8e-06 1.085e-05 9.55e-06 2.45e-06 7.65e-06 9.95e-06 6.45e-06 1.305e-05 1.015e-05 1.06e-05 1.28e-05 1.165e-05 1.19e-05 1.235e-05 1.48e-05 1.185e-05 1.465e-05 1.42e-05 7.65e-06 4.4e-06 5.25e-06 6.95e-06 7.8e-06 9.75e-06 1.13e-05 1.61e-05 1.08e-05 9.6e-06 1.02e-05 1.445e-05 1.48e-05 1.16e-05 1.255e-05 1.06e-05
33 8.45e-06 1.265e-05 1.985e-05 1.14e-05 1.32e-05 8.5e-06 1.385e-05 1.38e-05 9.75e-06 8.4e-06 1.265e-05 1.14e-05 1.52e-05 1.61e-05 1.21e-05 1.65e-05 1.37e-05 1.39e-05 1.32e-05 1.115e-05 1e-05 1.195e-05 1.66e-05 1.245e-05 9e-06 1.145e-05 1.39e-05 1.025e-05 1.36e-05 1.845e-05 8.85e-06 8.2e-06 1.22e-05 1.48e-05 1.635e-05 8.45e-06 1.2e-05 1.18e-05 1.065e-05 1.435e-05 1.615e-05 1.495e-05 1.065e-05 1.255e-05 1.53e-05 1.625e-05 8.8e-06 1.27e-05 1.1e-05 1.19e-05 1.61e-05 1.205e-05 1.4e-05 1.385e-05 1.285e-05 1.46e-05 9.8e-06 1.55e-05 1.17e-05 1.685e-05 1.55e-05 1.61e-05 1.645e-05 1.705e-05 1.01e-05 1.555e-05 8.85e-06 1.205e-05 1.5e-05 1.21e-05 1.17e-05 1.26e-05 1.195e-05 1.54e-05 1.21e-05 1.17e-05 1.675e-05 8.5e-06 1.54e-05 1.455e-05 1.025e-05 1.185e-05 1.28e-05 1.385e-05 1.36e-05 1.4e-05 1.025e-05 1.245e-05 1.185e-05 1.695e-05 1.265e-05 1.145e-05 1.22e-05 1.28e-05 1.245e-05 1.385e-05 1.36e-05 1.325e-05 1.65e-05 1.22e-05
34 1.595e-05 1.5e-05 1.85e-05 1.42e-05 1.265e-05 1.645e-05 1.455e-05 1.195e-05 1.5e-05 1.455e-05 1.555e-05 1.415e-05 1.72e-05 1.02e-05 1.395e-05 1.25e-05 1.11e-05 1.46e-05 1.54e-05 1.405e-05 1.495e-05 1.235e-05 1.345e-05 1.51e-05 1.53e-05 1.54e-05 1.46e-05 1.65e-05 1.225e-05 1.505e-05 1.695e-05 1.635e-05 1.17e-05 1.635e-05 1.89e-05 1.46e-05 1.675e-05 1.255e-05 1.515e-05 1.365e-05 1.345e-05 1.76e-05 1.485e-05 1.22e-05 1.415e-05 1.685e-05 1.52e-05 1.505e-05 1.615e-05 1.38e-05 1.4e-05 1.675e-05 1.115e-05 1.125e-05 1.32e-05 1.46e-05 1.435e-05 1.075e-05 1.495e-05 1.58e-05 1.075e-05 1.305e-05 1.635e-05 1.285e-05 1.635e-05 1.39e-05 1.38e-05 1.61e-05 1.39e-05 1.125e-05 1.28e-05 1.525e-05 1.24e-05 1.745e-05 1.515e-05 1.575e-05 1.56e-05 1.605e-05 1.7e-05 1.72e-05 1.59e-05 1.395e-05 1.655e-05 1.54e-05 1.43e-05 1.13e-05 1.275e-05 1.2e-05 1.295e-05 1.59e-05 1.61e-05 1.76e-05 1.555e-05 1.515e-05 1.31e-05 1.625e-05 1.245e-05 1.35e-05 1.535e-05 1.185e-05
35 7.2e-06 9.7e-06 1.875e-05 1.205e-05 1.43e-05 1.1e-05 1.34e-05 1.35e-05 6.9e-06 2.85e-06 1.405e-05 1.2e-05 1.22e-05 1.435e-05 1.24e-05 1.73e-05 9.15e-06 1.345e-05 1.095e-05 1.125e-05 5.9e-06 6.45e-06 1.48e-05 1.06e-05 7.7e-06 1.035e-05 1.345e-05 1.225e-05 1.34e-05 1.66e-05 1.235e-05 8.85e-06 6.55e-06 8.45e-06 1.46e-05 3.3e-06 1.525e-05 6.35e-06 1.36e-05 1.235e-05 1.62e-05 1.385e-05 1.075e-05 1.07e-05 1.395e-05 1.75e-05 7.6e-06 9.75e-06 9.5e-06 8.9e-06 1.355e-05 1.5e-05 8.55e-06 9.3e-06 1.135e-05 1.345e-05 1.04e-05 1.26e-05 9.4e-06 1.48e-05 1.26e-05 1.43e-05 1.645e-05 1.85e-05 1.21e-05 1.53e-05 3e-06 9.8e-06 1.45e-05 7.5e-06 8.1e-06 9.7e-06 6.45e-06 1.37e-05 1.04e-05 1.14e-05 1.75e-05 7.7e-06 1.24e-05 1.3e-05 1.135e-05 1.175e-05 1.565e-05 1.46e-05 1.31e-05 9.45e-06 4.75e-06 6.8e-06 8.25e-06 1.49e-05 1.025e-05 1.625e-05 1.16e-05 9.85e-06 1e-05 1.3e-05 1.34e-05 1.175e-05 1.725e-05 9.3e-06
36 1.21e-05 1.21e-05 1.8e-05 1.29e-05 1.245e-05 1.085e-05 1.215e-05 1.52e-05 1.48e-05 1.6e-05 1.145e-05 1.29e-05 1.675e-05 1.67e-05 1.37e-05 1.15e-05 1.65e-05 1.22e-05 1.38e-05 1.225e-05 1.475e-05 1.685e-05 1.35e-05 1.22e-05 1.31e-05 1.405e-05 1.22e-05 1.21e-05 1.43e-05 1.76e-05 9e-06 1.14e-05 1.51e-05 1.2e-05 1.675e-05 1.525e-05 1.58e-05 1.62e-05 1.08e-05 1.155e-05 1.46e-05 1.605e-05 1.255e-05 1.435e-05 1.43e-05 1.22e-05 1.3e-05 1.215e-05 1.22e-05 1.455e-05 1.645e-05 8.6e-06 1.66e-05 1.665e-05 1.4e-05 1.495e-05 1.145e-05 1.675e-05 1.215e-05 1.63e-05 1.675e-05 1.3e-05 1.135e-05 1.385e-05 1.195e-05 1.355e-05 1.55e-05 1.545e-05 9.75e-06 1.505e-05 1.615e-05 1.155e-05 1.685e-05 1.705e-05 1.26e-05 1.24e-05 8.2e-06 1.2e-05 1.675e-05 1.675e-05 1.31e-05 1.31e-05 8.95e-06 1.015e-05 1.215e-05 1.68e-05 1.48e-05 1.715e-05 1.63e-05 1.64e-05 1.55e-05 8.45e-06 1.3e-05 1.225e-05 1.53e-05 1.445e-05 1.405e-05 1.44e-05 8.1e-06 1.52e-05
37 1.1e-05 1.185e-05 1.76e-05 1.07e-05 1.595e-05 1.445e-05 1.3e-05 1.36e-05 1.015e-05 7.4e-06 1.335e-05 1.065e-05 1.395e-05 1.185e-05 1.12e-05 1.705e-05 6.45e-06 1.305e-05 1.11e-05 1.18e-05 9.75e-06 6.35e-06 1.185e-05 1.23e-05 1.13e-05 1.3e-05 1.305e-05 1.515e-05 1.495e-05 1.32e-05 1.52e-05 1.225e-05 6.85e-06 1.18e-05 1.255e-05 6.35e-06 1.62e-05 1.13e-05 1.4e-05 1.195e-05 1.67e-05 1.52e-05 1.215e-05 1.165e-05 1.205e-05 1.75e-05 1.12e-05 1.19e-05 1.2e-05 1.005e-05 1.135e-05 1.605e-05 6.25e-06 6.6e-06 1.025e-05 1.115e-05 1.07e-05 1e-05 1.15e-05 1.4e-05 1e-05 1.13e-05 1.65e-05 1.675e-05 1.5e-05 1.23e-05 7.5e-06 1.225e-05 1.39e-05 6.45e-06 7.55e-06 1.13e-05 6.3e-06 1.48e-05 1.25e-05 1.31e-05 1.68e-05 1.115e-05 1.395e-05 1.43e-05 1.27e-05 1.04e-05 1.675e-05 1.58e-05 1.265e-05 6.8e-06 5.7e-06 7.3e-06 7.7e-06 1.41e-05 1.25e-05 1.72e-05 1.325e-05 1.2e-05 8.9e-06 1.485e-05 1.47e-05 1.07e-05 1.655e-05 1.19e-05
38 1.06e-05 1.335e-05 1.93e-05 1.09e-05 1.315e-05 6.1e-06 1.155e-05 1.415e-05 1.45e-05 1.315e-05 1.28e-05 1.09e-05 1.625e-05 1.445e-05 9.55e-06 1.405e-05 1.335e-05 1.16e-05 1.435e-05 9.2e-06 1.44e-05 1.345e-05 1.44e-05 1.35e-05 1.27e-05 1.55e-05 1.155e-05 1.025e-05 1.44e-05 1.655e-05 1e-05 1.06e-05 1.285e-05 1.065e-05 1.515e-05 1.36e-05 1.08e-05 1.4e-05 1.06e-05 1.325e-05 1.475e-05 1.625e-05 9.25e-06 1.33e-05 1.39e-05 1.34e-05 1.26e-05 1.34e-05 1.37e-05 1.45e-05 1.495e-05 9.6e-06 1.35e-05 1.35e-05 1.3e-05 1.52e-05 9.45e-06 1.495e-05 1.205e-05 1.61e-05 1.495e-05 1.385e-05 1.45e-05 1.43e-05 1.015e-05 1.21e-05 1.27e-05 1.45e-05 1.21e-05 1.19e-05 1.34e-05 1.405e-05 1.34e-05 1.66e-05 1.19e-05 1.15e-05 1.375e-05 9.7e-06 1.625e-05 1.63e-05 1.15e-05 1.105e-05 9.5e-06 1.335e-05 1.13e-05 1.37e-05 1.26e-05 1.44e-05 1.355e-05 1.62e-05 1.455e-05 9.05e-06 1.235e-05 1.35e-05 1.225e-05 1.525e-05 1.485e-05 1.345e-05 1.35e-05 1.345e-05
39 1.38e-05 9.45e-06 1.55e-05 1.4e-05 1.41e-05 1.475e-05 8.6e-06 1.49e-05 1.365e-05 1.205e-05 1.325e-05 1.395e-05 1.4e-05 1.355e-05 1.35e-05 1.085e-05 8.85e-06 8.65e-06 1.27e-05 1.025e-05 1.375e-05 1.17e-05 9.5e-06 9.4e-06 1.26e-05 1.535e-05 8.65e-06 1.555e-05 1.485e-05 1.35e-05 1.49e-05 1.39e-05 7.05e-06 1.435e-05 1.365e-05 1.235e-05 1.155e-05 1.195e-05 1.325e-05 1.28e-05 1.41e-05 1.41e-05 1.125e-05 1.13e-05 9.85e-06 1.21e-05 1.25e-05 9.5e-06 1.08e-05 1.11e-05 1.26e-05 1.165e-05 9.65e-06 9.05e-06 1.23e-05 1.395e-05 1.245e-05 1.245e-05 1.01e-05 1.11e-05 1.245e-05 9e-06 1e-05 1.385e-05 1.54e-05 1.11e-05 1.215e-05 1.28e-05 6.65e-06 7.35e-06 1.18e-05 9.8e-06 1.17e-05 1.435e-05 1.12e-05 1.115e-05 6.7e-06 1.405e-05 1.38e-05 1.385e-05 1.605e-05 1.345e-05 1.125e-05 1.065e-05 8.4e-06 9.2e-06 1.045e-05 1.205e-05 1.195e-05 1.12e-05 1.305e-05 1.365e-05 1.145e-05 9.6e-06 1.35e-05 1.425e-05 1.505e-05 1.27e-05 6.6e-06 1.34e-05
40 1.575e-05 1.48e-05 1.68e-05 1.655e-05 1.065e-05 1.51e-05 1.565e-05 1.345e-05 1.555e-05 1.63e-05 1.74e-05 1.65e-05 1.89e-05 1.33e-05 1.65e-05 1.11e-05 1.605e-05 1.57e-05 1.78e-05 1.505e-05 1.55e-05 1.67e-05 1.59e-05 1.49e-05 1.455e-05 1.485e-05 1.57e-05 1.54e-05 1.145e-05 1.93e-05 1.425e-05 1.575e-05 1.49e-05 1.615e-05 1.345e-05 1.62e-05 1.46e-05 1.67e-05 1.475e-05 1.41e-05 1.66e-05 1.89e-05 1.55e-05 1.295e-05 1.735e-05 1.19e-05 1.445e-05 1.485e-05 1.55e-05 1.5e-05 1.305e-05 1.47e-05 1.625e-05 1.62e-05 1.5e-05 1.88e-05 1.515e-05 1.43e-05 1.515e-05 1.815e-05 1.43e-05 1.54e-05 1.07e-05 1.395e-05 1.525e-05 1.69e-05 1.52e-05 1.245e-05 1.245e-05 1.465e-05 1.67e-05 1.49e-05 1.67e-05 1.915e-05 1.565e-05 1.62e-05 1.345e-05 1.59e-05 1.88e-05 1.89e-05 1.73e-05 1.63e-05 1.46e-05 1.295e-05 1.55e-05 1.635e-05 1.535e-05 1.71e-05 1.685e-05 1.825e-05 1.265e-05 1.61e-05 1.605e-05 1.495e-05 1.605e-05 1.17e-05 1.155e-05 1.54e-05 1.32e-05 1.225e-05
