 slim_337503028 slim_337503049 slim_337503059 slim_337503085 slim_337503062 slim_337503087 slim_337503088 slim_337503022 slim_337503080 slim_337503035 slim_337502967 slim_337503075 slim_337503027 slim_337503036 slim_337502841 slim_337502941 slim_337503097 slim_337503052 slim_337502995 slim_337503094 slim_337502815 slim_337503092 slim_337502759 slim_337503086 slim_337503053 slim_337502860 slim_337503042 slim_337503029 slim_337502934 slim_337502745 slim_337503090 slim_337502970 slim_337502897 slim_337502790 slim_337502974 slim_337503072 slim_337502961 slim_337502975 slim_337503025 slim_337502916 slim_337502907 slim_337503098 slim_337502782 slim_337502968 slim_337503041 slim_337503077 slim_337503074 slim_337502937 slim_337502928 slim_337503040 slim_337503010 slim_337502962 slim_337502987 slim_337503044 slim_337503002 slim_337503020 slim_337503068 slim_337502990 slim_337503037 slim_337503100 slim_337503000 slim_337503084 slim_337503046 slim_337503016 slim_337502856 slim_337503058 slim_337502917 slim_337502817 slim_337503001 slim_337502415 slim_337503024 slim_337503069 slim_337502966 slim_337502986 slim_337502835 slim_337503038 slim_337502988 slim_337502902 slim_337503082 slim_337503048 slim_337503089 slim_337503017 slim_337502870 slim_337502881 slim_337502927 slim_337502978 slim_337503043 slim_337502608 slim_337502911 slim_337503063 slim_337503078 slim_337503034 slim_337502956 slim_337503026 slim_337502827 slim_337502929 slim_337503056
0 0.0003251 0.0001856 0.00016545 0.000184 0.0002298 0.0001631 0.0001645 0.00018565 0.0002547 0.00023605 0.00016315 0.00019915 0.000182 0.0001649 0.0001645 0.0001648 0.0001898 0.0001655 0.0002472 0.0001655 0.0002292 0.000165 0.00016475 0.0001666 0.0002968 0.0001654 0.00024785 0.0002236 0.0002297 0.0002317 0.00022985 0.00016285 0.00024295 0.0002504 0.00016495 0.0001654 0.00016345 0.00016495 0.0002078 0.00023145 0.0001647 0.0001667 0.00023135 0.00031285 0.000167 0.00023615 0.00023615 0.00016455 0.0002422 0.000164 0.0001848 0.0002422 0.0002356 0.0001814 0.00016665 0.00016495 0.00016475 0.0002505 0.0002295 0.00016335 0.00016335 0.00023035 0.00016675 0.00016365 0.00016515 0.00024475 0.0001649 0.0001844 0.00023165 0.0002342 0.0001986 0.0002315 0.00016655 0.00016395 0.00016365 0.00023175 0.0001656 0.00016415 0.0002302 0.00016485 0.0002307 0.00016685 0.0002314 0.00020815 0.00016515 0.00023135 0.00023175 0.00023055 0.00016505 0.0001836 0.00025005 0.00016655 0.00016295 0.00023 0.0002319 0.0001821 0.0001659
1 0.0001856 0.0001136 5.98e-05 5.77e-05 0.00017385 0.0003122 5.88e-05 5.8e-05 0.0001601 0.00016115 0.00018585 0.0001804 8.53e-05 0.00018495 0.00018575 5.985e-05 0.00011875 5.905e-05 0.00022925 7.35e-05 0.00017365 5.905e-05 0.00018505 5.835e-05 0.00027945 5.975e-05 0.0002298 0.00015035 0.00017375 0.0001684 0.0001682 0.00031205 0.00016955 0.00016805 5.91e-05 5.915e-05 0.0001857 5.785e-05 0.00013725 0.0001692 0.00018555 5.845e-05 0.00016935 0.0002698 5.88e-05 0.0001619 0.0001619 5.835e-05 0.0001684 7.455e-05 0.0001044 0.00016735 0.0001614 0.00012035 5.775e-05 5.825e-05 5.975e-05 0.00016825 0.0001744 5.87e-05 5.875e-05 0.00017465 5.85e-05 6.03e-05 5.785e-05 0.00016905 5.895e-05 0.0001072 0.00016875 0.0001628 0.0001803 0.000169 5.83e-05 7.45e-05 0.0002963 0.00016885 5.87e-05 5.88e-05 0.00016985 0.00018495 0.000174 5.865e-05 0.0001743 0.0001372 5.885e-05 0.0001694 0.0001686 0.0001736 0.00018565 5.81e-05 0.00017325 5.835e-05 0.0001856 0.00029585 0.00016925 0.00011965 5.93e-05
2 0.00016545 5.98e-05 3.69e-05 5.93e-05 0.000157 0.0003106 1.93e-05 5.895e-05 0.0002016 0.0001611 0.00016565 0.00014135 6.66e-05 0.0001654 0.0001656 1.975e-05 0.0001037 1.96e-05 0.0002111 3.515e-05 0.0001569 1.945e-05 0.0001652 2.035e-05 0.0002823 1.875e-05 0.0002117 0.0001322 0.0001569 0.0001512 0.0001501 0.0003105 0.00016935 0.00019075 1.945e-05 1.985e-05 0.0001655 1.95e-05 9.84e-05 0.0001512 0.0001653 1.925e-05 0.0001516 0.00031045 1.945e-05 0.00016385 0.00016385 2.015e-05 0.0001681 3.45e-05 6.63e-05 0.0001682 0.00016225 8.01e-05 2.025e-05 1.97e-05 1.98e-05 0.00019085 0.00015775 1.98e-05 1.98e-05 0.0001578 1.93e-05 1.885e-05 1.96e-05 0.0001693 1.935e-05 6.8e-05 0.00015115 0.0001628 0.00014125 0.000151 2.03e-05 3.445e-05 0.00029465 0.00015125 1.975e-05 1.9e-05 0.00015055 0.0001653 0.00015645 1.935e-05 0.00015665 9.75e-05 1.95e-05 0.00015145 0.00015125 0.0001573 0.00016455 5.995e-05 0.00019715 2.03e-05 0.00016545 0.0002965 0.00015035 8.055e-05 2.075e-05
3 0.000184 5.77e-05 5.93e-05 0.0001092 0.00017245 0.00030975 5.71e-05 5.8e-05 0.00015835 0.0001614 0.0001842 0.0001803 8.725e-05 0.000185 0.0001854 5.92e-05 0.0001177 5.995e-05 0.0002284 7.37e-05 0.000172 5.86e-05 0.0001847 6.085e-05 0.00027885 5.925e-05 0.00022945 0.00015225 0.00017235 0.0001695 0.00016605 0.00030965 0.00016775 0.00016675 5.97e-05 5.86e-05 0.0001843 5.73e-05 0.0001368 0.00016995 0.00018535 6.05e-05 0.0001699 0.0002691 6.08e-05 0.00016405 0.00016405 5.9e-05 0.00016695 7.225e-05 0.00010515 0.0001656 0.0001615 0.0001188 6.02e-05 5.74e-05 5.9e-05 0.0001667 0.0001744 5.65e-05 5.655e-05 0.00017285 6.055e-05 5.73e-05 5.75e-05 0.00016975 5.85e-05 0.0001082 0.00016945 0.0001622 0.00017975 0.0001682 6.08e-05 7.22e-05 0.0002939 0.00016955 5.82e-05 5.58e-05 0.00016805 0.0001848 0.0001749 6.065e-05 0.0001756 0.0001367 5.875e-05 0.00016995 0.00016955 0.0001745 0.0001854 5.645e-05 0.00017255 6.08e-05 0.000184 0.00029435 0.00016995 0.00012015 6.1e-05
4 0.0002298 0.00017385 0.000157 0.00017245 0.0002915 0.0003108 0.0001479 0.00017425 0.00022045 0.0001956 0.00023 0.00016615 0.0001498 0.0002296 0.0002301 0.0001569 0.00016585 0.0001492 0.0001773 0.0001479 0.00014635 0.00015645 0.0002295 0.0001491 0.0001898 0.00015695 0.00017785 0.00017 0.00014575 0.00016905 0.00016755 0.0003107 0.00020255 0.0001943 0.00014915 0.00014835 0.0002299 0.00014735 0.0001687 0.0001696 0.00023005 0.000149 0.00016975 0.00024105 0.0001491 0.00018355 0.00018355 0.0001487 0.0002024 0.00015585 0.00014895 0.0001931 0.0001957 0.00016525 0.0001486 0.00014765 0.0001568 0.0001944 0.0001474 0.00014745 0.0001474 0.00014695 0.00014905 0.00016435 0.0001473 0.0001952 0.00015635 0.0001563 0.00016905 0.0001911 0.00016605 0.0001685 0.00014905 0.0001558 0.00029485 0.00016915 0.0001479 0.00014695 0.00017705 0.00022965 0.0001477 0.00014895 0.00014775 0.0001686 0.00015635 0.0001696 0.0001691 0.00014725 0.0002301 0.00017405 0.0001726 0.00014905 0.0002298 0.00025035 0.0001696 0.0001577 0.00014955
5 0.0001631 0.0003122 0.0003106 0.00030975 0.0003108 1.2e-06 0.00032395 0.0003124 0.0002966 0.00031165 0.00016305 0.0002698 0.0003106 0.00016375 0.000164 0.0003105 0.0002769 0.00032645 0.0002972 0.0003093 0.00031015 0.00030995 0.00016385 0.00032735 0.00032605 0.00031055 0.0002978 0.0003304 0.0003107 0.0003264 0.0003237 7.5e-07 0.00030285 0.00031155 0.0003263 0.0003253 0.00016305 0.00032415 0.0003319 0.00032675 0.00016455 0.00032695 0.0003266 0.000303 0.0003273 0.00030895 0.00030895 0.00032565 0.0003019 0.00029265 0.00031785 0.0003162 0.00031175 0.00028165 0.00032675 0.0003241 0.0003103 0.00031165 0.0003124 0.00032365 0.0003237 0.00031125 0.000327 0.0002935 0.0003244 0.00031995 0.00030985 0.0003002 0.00032635 0.00029195 0.00026925 0.00032525 0.0003273 0.0002926 1.82e-05 0.00032645 0.0003249 0.0003226 0.00030975 0.00016405 0.0003127 0.00032715 0.0003134 0.0003318 0.00031015 0.00032675 0.00032645 0.0003124 0.00016405 0.0003112 0.00029835 0.0003273 0.00016285 0.0001634 0.00032675 0.0002981 0.0003273
6 0.0001645 5.88e-05 1.93e-05 5.71e-05 0.0001479 0.00032395 6.4e-06 5.825e-05 0.00021265 0.00016045 0.0001647 0.0001276 5.375e-05 0.00016545 0.00016565 1.985e-05 0.0001024 5.25e-06 0.00019695 2.125e-05 0.00014685 1.945e-05 0.00016515 7.25e-06 0.00026795 1.925e-05 0.00019765 0.0001191 0.0001478 0.0001374 0.0001353 0.00032385 0.0001821 0.00018905 5.6e-06 5.65e-06 0.00016455 5e-06 8.395e-05 0.00013755 0.0001655 6.35e-06 0.0001378 0.00032245 6.65e-06 0.00016375 0.00016375 5.75e-06 0.00018125 3.395e-05 5.24e-05 0.0001669 0.0001612 7.995e-05 6.9e-06 4.65e-06 1.985e-05 0.00018915 0.0001487 4.4e-06 4.45e-06 0.0001485 6.4e-06 3.23e-05 5.2e-06 0.0001691 1.935e-05 6.85e-05 0.00013735 0.00017605 0.00012705 0.00013705 7.2e-06 3.39e-05 0.000308 0.00013745 5.55e-06 3.7e-06 0.0001501 0.00016525 0.0001483 6.5e-06 0.000149 8.33e-05 1.96e-05 0.00013765 0.00013745 0.00014875 0.000165 5.775e-05 0.0002012 7.2e-06 0.0001645 0.000296 0.000137 6.68e-05 7.5e-06
7 0.00018565 5.8e-05 5.895e-05 5.8e-05 0.00017425 0.0003124 5.825e-05 0.000114 0.0001601 0.0001601 0.0001859 0.00018 8.46e-05 0.00018565 0.00018575 5.995e-05 0.00011865 5.815e-05 0.00022915 7.415e-05 0.00017405 5.975e-05 0.00018545 5.9e-05 0.00027965 5.895e-05 0.0002297 0.0001501 0.00017415 0.00016925 0.0001685 0.00031225 0.00016985 0.00016825 5.805e-05 5.88e-05 0.0001857 5.855e-05 0.0001372 0.00016915 0.00018545 5.79e-05 0.00016935 0.00026985 5.81e-05 0.00016265 0.00016265 5.88e-05 0.0001687 7.505e-05 0.000105 0.00016765 0.00016125 0.00012035 5.9e-05 5.875e-05 6.01e-05 0.00016845 0.00017455 5.885e-05 5.89e-05 0.00017505 5.795e-05 6.07e-05 5.865e-05 0.00016815 5.965e-05 0.00010795 0.0001692 0.00016315 0.0001799 0.0001693 5.895e-05 7.5e-05 0.0002965 0.0001693 5.88e-05 5.835e-05 0.00017015 0.00018555 0.0001732 5.8e-05 0.0001734 0.0001363 5.98e-05 0.0001694 0.0001693 0.00017415 0.00018475 5.815e-05 0.00017345 5.895e-05 0.00018565 0.00029605 0.0001683 0.00011915 5.91e-05
8 0.0002547 0.0001601 0.0002016 0.00015835 0.00022045 0.0002966 0.00021265 0.0001601 0.0002091 0.00016015 0.0002549 0.00025795 0.00019505 0.00025595 0.0002561 0.0002015 0.0001982 0.00021455 0.00022285 0.0002141 0.0002197 0.00020115 0.0002556 0.00021565 0.0001897 0.00020155 0.0002237 0.0001949 0.00022035 0.00020245 0.0001999 0.0002965 0.0001559 0.00014705 0.00021425 0.0002142 0.00025505 0.0002131 0.0002136 0.00020265 0.000256 0.0002153 0.0002024 0.000113 0.0002156 0.0001756 0.0001756 0.0002137 0.0001544 0.00020015 0.0002229 0.0001666 0.00016025 0.00022265 0.00021525 0.00021315 0.0002015 0.00014725 0.0002211 0.00021225 0.0002124 0.000221 0.00021535 0.00018735 0.0002133 0.00017015 0.00020105 0.000214 0.0002024 0.0001613 0.00025745 0.0002018 0.0002156 0.0002001 0.0002808 0.0002025 0.00021395 0.00021225 0.0001885 0.0002557 0.00022165 0.00021545 0.0002223 0.0002135 0.0002013 0.00020265 0.0002025 0.0002215 0.0002561 0.00015875 0.00016685 0.0002156 0.0002547 0.0002432 0.00020265 0.0002363 0.00021535
9 0.00023605 0.00016115 0.0001611 0.0001614 0.0001956 0.00031165 0.00016045 0.0001601 0.00016015 0.0003172 0.00023625 0.0002046 0.00015995 0.00023625 0.0002362 0.00016205 0.0001831 0.0001598 0.0001911 0.0001612 0.0001955 0.00016205 0.00023605 0.00016075 0.00017875 0.000161 0.00019155 0.00016045 0.0001955 0.00016975 0.00016945 0.00031155 0.0001707 0.00017 0.00015955 0.0001609 0.00023615 0.0001609 0.0001608 0.0001695 0.00023585 0.00015975 0.0001697 0.0001664 0.0001599 0.00017425 0.00017425 0.00016055 0.0001688 0.00016245 0.0001697 0.00016775 0.0001598 0.00018395 0.00016095 0.0001611 0.0001624 0.0001701 0.00019535 0.0001609 0.00016095 0.0001965 0.0001598 0.0001633 0.00016095 0.00016845 0.00016195 0.0001738 0.0001697 0.0001751 0.00020455 0.0001702 0.0001607 0.0001624 0.00029575 0.0001698 0.00016105 0.00016095 0.000171 0.00023615 0.00019405 0.0001597 0.00019425 0.0001599 0.00016205 0.00016975 0.0001698 0.0001952 0.0002351 0.000161 0.0001957 0.0001607 0.00023605 0.00024525 0.0001687 0.0001823 0.0001607
10 0.00016315 0.00018585 0.00016565 0.0001842 0.00023 0.00016305 0.0001647 0.0001859 0.0002549 0.00023625 0.0003254 0.0001994 0.00018245 0.00016515 0.0001647 0.00016495 0.00019025 0.0001657 0.0002476 0.00016575 0.0002294 0.0001652 0.000165 0.0001668 0.00029745 0.0001656 0.0002483 0.000224 0.0002299 0.00023215 0.0002302 0.00016325 0.00024315 0.00025085 0.000165 0.00016555 0.00016335 0.00016515 0.00020795 0.00023185 0.0001649 0.00016695 0.0002318 0.00031305 0.00016725 0.0002364 0.0002364 0.00016465 0.0002424 0.0001642 0.000185 0.0002424 0.00023575 0.0001816 0.0001669 0.00016515 0.0001649 0.00025095 0.00022955 0.0001634 0.00016335 0.00023055 0.000167 0.0001638 0.00016535 0.000245 0.0001651 0.00018465 0.0002321 0.00023445 0.00019885 0.00023195 0.00016675 0.00016415 0.0001639 0.0002322 0.0001658 0.0001643 0.0002306 0.0001651 0.00023095 0.0001671 0.0002316 0.00020835 0.00016535 0.00023175 0.0002322 0.0002308 0.000165 0.0001837 0.00025025 0.00016675 0.000163 0.00023045 0.00023235 0.0001823 0.0001661
11 0.00019915 0.0001804 0.00014135 0.0001803 0.00016615 0.0002698 0.0001276 0.00018 0.00025795 0.0002046 0.0001994 4e-07 0.0001742 0.0001985 0.0001988 0.00014185 0.00010005 0.00012765 9.995e-05 0.0001121 0.0001665 0.0001416 0.00019835 0.00012775 0.00019665 0.0001413 9.84e-05 0.0001828 0.00016605 0.0001619 0.0001634 0.00026965 0.0002082 0.00021485 0.00012765 0.00012755 0.00019915 0.0001273 0.00012815 0.00016225 0.00019875 0.00012705 0.0001624 0.00027445 0.0001271 0.00020035 0.00020035 0.000128 0.00021115 0.0001264 8.645e-05 0.00019685 0.0002053 7.805e-05 0.00012745 0.00012765 0.00014195 0.00021495 0.00016695 0.00012805 0.000128 0.0001645 0.0001271 0.0001558 0.00012725 0.00019375 0.0001415 9.88e-05 0.00016185 0.0002142 7e-07 0.00016185 0.0001277 0.00012635 0.0002538 0.00016195 0.00012705 0.0001266 0.0001762 0.00019855 0.000166 0.00012695 0.0001658 0.00012745 0.0001415 0.00016225 0.00016195 0.0001663 0.00019825 0.00018105 0.00021915 0.0001277 0.00019915 0.00023325 0.00016165 6.45e-05 0.000128
12 0.000182 8.53e-05 6.66e-05 8.725e-05 0.0001498 0.0003106 5.375e-05 8.46e-05 0.00019505 0.00015995 0.00018245 0.0001742 9.9e-05 0.0001808 0.0001812 6.765e-05 0.00012995 5.165e-05 0.0001973 6.735e-05 0.00015025 6.73e-05 0.00018075 5.13e-05 0.000221 6.65e-05 0.00019745 0.000116 0.0001497 0.00013595 0.00013755 0.00031045 0.00018445 0.00017015 5.17e-05 5.32e-05 0.00018205 5.3e-05 0.00012875 0.00013605 0.0001808 5.04e-05 0.00013655 0.0002764 4.99e-05 0.000161 0.000161 5.255e-05 0.00018295 8.41e-05 9.855e-05 0.00016865 0.00016125 0.0001288 5.125e-05 5.345e-05 6.78e-05 0.00017025 0.00014945 5.45e-05 5.445e-05 0.00015095 5.045e-05 8.34e-05 5.295e-05 0.0001676 6.72e-05 0.00011445 0.0001353 0.0001767 0.00017455 0.0001372 5.125e-05 8.405e-05 0.0002946 0.00013545 5.245e-05 5.465e-05 0.00015215 0.00018085 0.00014735 4.97e-05 0.0001471 0.00012785 6.72e-05 0.0001364 0.000136 0.0001476 0.00018005 8.685e-05 0.00018215 5.125e-05 0.0001822 0.00026585 0.0001353 0.00011295 5.2e-05
13 0.0001649 0.00018495 0.0001654 0.000185 0.0002296 0.00016375 0.00016545 0.00018565 0.00025595 0.00023625 0.00016515 0.0001985 0.0001808 0.0003268 0.0001648 0.0001654 0.0001902 0.0001659 0.00024725 0.00016445 0.0002295 0.0001643 0.00016435 0.000165 0.00029705 0.00016535 0.00024765 0.00022345 0.0002295 0.0002303 0.00023035 0.0001636 0.00024335 0.00025105 0.00016595 0.00016585 0.00016495 0.00016425 0.0002083 0.0002315 0.00016505 0.000165 0.0002316 0.000313 0.00016555 0.00023345 0.0002335 0.0001649 0.0002421 0.00016435 0.0001839 0.0002421 0.00023645 0.00018155 0.00016395 0.00016495 0.000165 0.00025115 0.00023035 0.00016535 0.00016535 0.0002304 0.00016505 0.0001646 0.000164 0.00024415 0.0001642 0.00018265 0.00023085 0.0002337 0.0001984 0.00023075 0.00016495 0.0001643 0.0001645 0.00023095 0.0001652 0.0001652 0.0002308 0.0001641 0.00023 0.0001654 0.0002303 0.0002082 0.0001641 0.0002316 0.00023025 0.00022945 0.000165 0.00018565 0.00025 0.00016495 0.00016465 0.0002303 0.0002315 0.00018215 0.00016615
14 0.0001645 0.00018575 0.0001656 0.0001854 0.0002301 0.000164 0.00016565 0.00018575 0.0002561 0.0002362 0.0001647 0.0001988 0.0001812 0.0001648 0.0003274 0.0001646 0.0001905 0.0001653 0.00024765 0.0001654 0.00023 0.0001654 0.0001648 0.00016555 0.00029735 0.00016555 0.00024795 0.0002223 0.00023 0.00023155 0.000231 0.00016385 0.00024375 0.00025135 0.0001653 0.0001655 0.00016425 0.00016535 0.0002079 0.0002311 0.00016465 0.0001658 0.00023075 0.00031315 0.000166 0.0002353 0.0002353 0.00016515 0.0002425 0.00016505 0.0001845 0.0002425 0.0002354 0.00018195 0.0001659 0.00016545 0.0001651 0.00025145 0.00023 0.000165 0.000165 0.0002309 0.00016585 0.0001651 0.00016545 0.00024425 0.0001653 0.00018405 0.0002315 0.00023455 0.0001987 0.00023155 0.0001655 0.000165 0.0001648 0.0002316 0.0001659 0.0001656 0.0002312 0.0001651 0.0002302 0.00016585 0.00023035 0.0002083 0.00016545 0.0002307 0.0002316 0.0002302 0.0001651 0.0001852 0.00025025 0.0001655 0.0001642 0.0002306 0.0002316 0.00018175 0.0001641
15 0.0001648 5.985e-05 1.975e-05 5.92e-05 0.0001569 0.0003105 1.985e-05 5.995e-05 0.0002015 0.00016205 0.00016495 0.00014185 6.765e-05 0.0001654 0.0001646 3.67e-05 0.0001039 1.99e-05 0.00021135 3.52e-05 0.0001568 1.945e-05 0.0001651 2.01e-05 0.0002822 1.97e-05 0.0002119 0.0001312 0.0001568 0.0001512 0.0001501 0.0003104 0.00016925 0.00019065 1.98e-05 1.985e-05 0.00016465 1.95e-05 9.805e-05 0.00015085 0.00016495 2.035e-05 0.0001506 0.00031035 2.055e-05 0.00016395 0.00016395 1.955e-05 0.000168 3.43e-05 6.585e-05 0.0001681 0.0001612 8.01e-05 2.035e-05 1.965e-05 1.93e-05 0.00019075 0.00015705 1.91e-05 1.91e-05 0.0001577 2.04e-05 1.86e-05 1.96e-05 0.00017025 1.92e-05 6.8e-05 0.00015115 0.0001628 0.00014175 0.000151 2.005e-05 3.44e-05 0.00029455 0.00015125 2.015e-05 1.965e-05 0.00015045 0.0001653 0.0001574 2.04e-05 0.00015755 9.845e-05 1.95e-05 0.00015025 0.00015125 0.0001573 0.0001655 5.925e-05 0.000197 2.005e-05 0.00016475 0.0002964 0.00015135 8.06e-05 1.88e-05
16 0.0001898 0.00011875 0.0001037 0.0001177 0.00016585 0.0002769 0.0001024 0.00011865 0.0001982 0.0001831 0.00019025 0.00010005 0.00012995 0.0001902 0.0001905 0.0001039 0.0001998 0.0001035 0.00016345 0.00010285 0.00016575 0.00010355 0.00019 0.00010405 0.00022645 0.00010365 0.00016315 0.0001667 0.00016575 0.00016495 0.00016435 0.00027675 0.00018155 0.00017995 0.0001034 0.00010305 0.00019015 0.00010245 0.00014245 0.0001653 0.00019045 0.00010355 0.00016545 0.00026225 0.0001037 0.0001822 0.0001822 0.00010335 0.0001828 0.0001029 0.0001056 0.0001817 0.0001835 0.0001018 0.00010365 0.00010265 0.00010385 0.00018015 0.00016685 0.00010245 0.0001024 0.00016525 0.0001036 0.0001036 0.0001025 0.00018165 0.00010345 0.00010675 0.0001649 0.00018175 0.0001 0.00016455 0.000104 0.00010285 0.0002609 0.000165 0.0001026 0.00010135 0.000165 0.00019015 0.0001666 0.00010355 0.00016685 0.00014205 0.00010355 0.0001653 0.000165 0.0001666 0.00019025 0.00011865 0.00018195 0.000104 0.00019 0.0002517 0.000165 0.00010205 0.0001043
17 0.0001655 5.905e-05 1.96e-05 5.995e-05 0.0001492 0.00032645 5.25e-06 5.815e-05 0.00021455 0.0001598 0.0001657 0.00012765 5.165e-05 0.0001659 0.0001653 1.99e-05 0.0001035 5.7e-06 0.0001977 2.15e-05 0.00014915 2.045e-05 0.00016575 4.3e-06 0.0002685 1.955e-05 0.00019795 0.000116 0.0001491 0.0001369 0.00013755 0.0003263 0.000184 0.00019055 4e-06 5e-06 0.00016525 6.15e-06 8.36e-05 0.00013565 0.0001647 4.4e-06 0.00013655 0.00032315 4.55e-06 0.0001622 0.0001622 4.95e-06 0.0001829 3.66e-05 5.175e-05 0.00016855 0.0001603 8.16e-05 5.5e-06 6.35e-06 2.025e-05 0.00019065 0.0001481 5.85e-06 5.8e-06 0.00015015 4.45e-06 3.555e-05 6.2e-06 0.00016805 2.035e-05 6.805e-05 0.00013685 0.00017685 0.00012755 0.00013805 4.25e-06 3.655e-05 0.00031045 0.00013695 6.25e-06 6.65e-06 0.000152 0.00016585 0.00014715 4.4e-06 0.0001473 8.38e-05 2.045e-05 0.00013635 0.00013695 0.00014815 0.00016495 5.88e-05 0.00020205 4.3e-06 0.00016545 0.0002975 0.00013595 6.525e-05 4.4e-06
18 0.0002472 0.00022925 0.0002111 0.0002284 0.0001773 0.0002972 0.00019695 0.00022915 0.00022285 0.0001911 0.0002476 9.995e-05 0.0001973 0.00024725 0.00024765 0.00021135 0.00016345 0.0001977 0.0001995 0.00018165 0.00017755 0.0002109 0.00024715 0.00019785 0.00010025 0.00021105 9.995e-05 0.00016905 0.0001772 0.0001487 0.000148 0.0002971 0.0001947 0.0001804 0.00019755 0.0001972 0.00024755 0.00019655 0.000158 0.0001491 0.00024755 0.00019735 0.0001493 0.0001773 0.00019755 0.0002014 0.0002014 0.00019745 0.00019725 0.00019525 0.00015375 0.0001829 0.00019155 0.00016225 0.0001974 0.00019705 0.0002112 0.0001805 0.0001783 0.0001969 0.00019685 0.00017675 0.0001974 0.00022455 0.00019665 0.00018125 0.0002108 0.00016965 0.0001487 0.00021455 0.0001001 0.00014835 0.0001978 0.0001952 0.00028125 0.0001488 0.0001967 0.0001957 0.00016235 0.0002472 0.00017805 0.0001974 0.000178 0.0001576 0.0002109 0.00014915 0.00014875 0.00017805 0.0002473 0.00022935 0.00020975 0.0001978 0.0002474 0.0001988 0.00014885 0.00014915 0.00019825
19 0.0001655 7.35e-05 3.515e-05 7.37e-05 0.0001479 0.0003093 2.125e-05 7.415e-05 0.0002141 0.0001612 0.00016575 0.0001121 6.735e-05 0.00016445 0.0001654 3.52e-05 0.00010285 2.15e-05 0.00018165 3.7e-05 0.00014805 3.415e-05 0.0001646 2.065e-05 0.00025275 3.51e-05 0.0001823 0.0001287 0.0001478 0.00013615 0.00013585 0.00030915 0.00018275 0.00018975 2.155e-05 2.14e-05 0.00016555 1.985e-05 8.45e-05 0.000137 0.0001652 2.04e-05 0.0001373 0.00030735 2.01e-05 0.00016165 0.00016165 2.06e-05 0.00018125 3.365e-05 5.125e-05 0.000167 0.00016145 8.045e-05 1.97e-05 2.06e-05 3.495e-05 0.00018985 0.00014875 2.115e-05 2.115e-05 0.00014875 2.045e-05 4.88e-05 1.995e-05 0.0001691 3.405e-05 6.735e-05 0.00013565 0.00017585 0.0001122 0.0001364 2.06e-05 3.36e-05 0.00029305 0.00013575 2e-05 2.1e-05 0.00015075 0.00016435 0.00014835 1.995e-05 0.00014835 8.44e-05 3.42e-05 0.00013715 0.0001362 0.00014705 0.0001653 7.445e-05 0.00020125 2.06e-05 0.0001655 0.00028105 0.000137 6.68e-05 2.17e-05
20 0.0002292 0.00017365 0.0001569 0.000172 0.00014635 0.00031015 0.00014685 0.00017405 0.0002197 0.0001955 0.0002294 0.0001665 0.00015025 0.0002295 0.00023 0.0001568 0.00016575 0.00014915 0.00017755 0.00014805 0.0002904 0.0001562 0.00022935 0.00014955 0.00018965 0.00015685 0.00017795 0.00017045 0.00014625 0.0001692 0.00016745 0.00031005 0.00020215 0.0001938 0.0001491 0.00014845 0.0002293 0.00014705 0.0001683 0.00016975 0.00022995 0.0001493 0.0001699 0.00024095 0.00014955 0.0001839 0.0001839 0.0001484 0.0002023 0.00015545 0.00014895 0.0001933 0.0001956 0.0001651 0.0001489 0.00014675 0.00015655 0.0001939 0.00014775 0.00014705 0.0001471 0.0001472 0.00014935 0.0001637 0.00014715 0.00019535 0.0001561 0.00015615 0.0001692 0.00019095 0.00016595 0.0001685 0.0001495 0.0001554 0.0002942 0.0001693 0.0001479 0.0001465 0.00017665 0.0002294 0.00014755 0.0001494 0.00014845 0.0001682 0.00015625 0.00016975 0.00016925 0.00014715 0.00023 0.00017325 0.00017265 0.0001495 0.0002292 0.00024995 0.00016975 0.00015765 0.00015
21 0.000165 5.905e-05 1.945e-05 5.86e-05 0.00015645 0.00030995 1.945e-05 5.975e-05 0.00020115 0.00016205 0.0001652 0.0001416 6.73e-05 0.0001643 0.0001654 1.945e-05 0.00010355 2.045e-05 0.0002109 3.415e-05 0.0001562 3.52e-05 0.0001645 1.985e-05 0.00028175 1.915e-05 0.00021155 0.0001326 0.00015635 0.00015015 0.00014945 0.00030985 0.00016865 0.00019015 2.04e-05 2.015e-05 0.0001651 1.795e-05 9.835e-05 0.0001512 0.00016525 1.925e-05 0.00015145 0.0003101 2.02e-05 0.00016255 0.00016255 1.895e-05 0.0001672 3.345e-05 6.485e-05 0.0001676 0.00016225 7.98e-05 1.835e-05 1.89e-05 1.89e-05 0.00019025 0.00015745 1.925e-05 1.93e-05 0.00015725 1.93e-05 1.785e-05 1.84e-05 0.0001701 1.78e-05 6.685e-05 0.0001505 0.0001619 0.0001414 0.00015015 1.98e-05 3.325e-05 0.000294 0.0001506 1.945e-05 1.91e-05 0.0001497 0.0001638 0.00015725 2.005e-05 0.00015755 9.825e-05 1.815e-05 0.0001513 0.0001502 0.00015665 0.0001653 5.945e-05 0.00019665 1.98e-05 0.000165 0.0002959 0.0001512 8.095e-05 2.1e-05
22 0.00016475 0.00018505 0.0001652 0.0001847 0.0002295 0.00016385 0.00016515 0.00018545 0.0002556 0.00023605 0.000165 0.00019835 0.00018075 0.00016435 0.0001648 0.0001651 0.00019 0.00016575 0.00024715 0.0001646 0.00022935 0.0001645 0.0003263 0.00016565 0.000297 0.00016515 0.00024755 0.0002233 0.0002294 0.00023095 0.0002303 0.0001637 0.00024315 0.00025085 0.0001658 0.0001657 0.0001648 0.00016445 0.0002081 0.00023145 0.000165 0.00016535 0.00023145 0.0003127 0.00016555 0.00023455 0.00023455 0.0001651 0.0002418 0.0001643 0.00018425 0.00024185 0.00023615 0.0001813 0.000165 0.0001641 0.00016505 0.00025095 0.00023025 0.00016505 0.0001651 0.0002303 0.0001654 0.00016425 0.0001646 0.0002441 0.0001644 0.0001833 0.00023085 0.00023385 0.00019825 0.000231 0.0001656 0.00016425 0.0001644 0.00023095 0.0001651 0.00016495 0.0002306 0.00016445 0.00023 0.0001654 0.0002302 0.000208 0.0001646 0.00023145 0.000231 0.0002295 0.00016495 0.0001853 0.00024975 0.0001656 0.00016465 0.0002304 0.00023145 0.00018205 0.0001659
23 0.0001666 5.835e-05 2.035e-05 6.085e-05 0.0001491 0.00032735 7.25e-06 5.9e-05 0.00021565 0.00016075 0.0001668 0.00012775 5.13e-05 0.000165 0.00016555 2.01e-05 0.00010405 4.3e-06 0.00019785 2.065e-05 0.00014955 1.985e-05 0.00016565 4.9e-06 0.0002686 2.03e-05 0.00019805 0.0001156 0.000149 0.00013545 0.0001377 0.0003272 0.00018445 0.0001911 5e-06 5.7e-06 0.0001664 5.55e-06 8.385e-05 0.0001355 0.00016495 3.75e-06 0.0001364 0.00032335 4.15e-06 0.00016 0.00016 4.6e-06 0.0001829 3.69e-05 5.08e-05 0.0001686 0.0001607 8.205e-05 3e-06 6.45e-06 2.005e-05 0.0001912 0.00014825 6.95e-06 6.9e-06 0.00015025 3.8e-06 3.635e-05 5.25e-06 0.00016845 1.975e-05 6.675e-05 0.00013615 0.0001764 0.0001281 0.0001372 2.5e-06 3.685e-05 0.00031135 0.00013625 6.3e-06 8.35e-06 0.00015245 0.0001653 0.0001475 4e-06 0.00014725 8.465e-05 1.935e-05 0.0001362 0.00013565 0.0001474 0.00016575 5.995e-05 0.00020215 2.6e-06 0.00016655 0.000298 0.00013635 6.56e-05 4e-06
24 0.0002968 0.00027945 0.0002823 0.00027885 0.0001898 0.00032605 0.00026795 0.00027965 0.0001897 0.00017875 0.00029745 0.00019665 0.000221 0.00029705 0.00029735 0.0002822 0.00022645 0.0002685 0.00010025 0.00025275 0.00018965 0.00028175 0.000297 0.0002686 5e-07 0.00028225 9.835e-05 0.0001558 0.0001897 0.0001342 0.0001358 0.0003259 0.00018065 0.00014535 0.0002686 0.0002684 0.0002972 0.00026745 0.0001893 0.00013455 0.0002973 0.0002683 0.0001347 8.11e-05 0.00026855 0.0002032 0.0002032 0.00026815 0.0001846 0.00026655 0.0002197 0.0001703 0.00017885 0.00024615 0.0002681 0.0002674 0.000282 0.0001454 0.0001906 0.0002679 0.00026785 0.00018885 0.00026835 0.00029565 0.0002676 0.0001673 0.00028165 0.00024075 0.00013415 0.00021645 0.0001965 0.00013415 0.00026855 0.0002665 0.00031015 0.00013425 0.000268 0.00026755 0.000148 0.0002969 0.00019025 0.0002684 0.00019055 0.0001892 0.00028185 0.00013455 0.00013425 0.00018995 0.0002974 0.0002796 0.0002015 0.00026855 0.0002972 0.0001632 0.0001345 0.00023255 0.00026885
25 0.0001654 5.975e-05 1.875e-05 5.925e-05 0.00015695 0.00031055 1.925e-05 5.895e-05 0.00020155 0.000161 0.0001656 0.0001413 6.65e-05 0.00016535 0.00016555 1.97e-05 0.00010365 1.955e-05 0.00021105 3.51e-05 0.00015685 1.915e-05 0.00016515 2.03e-05 0.00028225 3.68e-05 0.00021165 0.00013215 0.00015685 0.00015115 0.00015005 0.00031045 0.0001693 0.0001907 1.935e-05 1.98e-05 0.00016545 1.945e-05 9.835e-05 0.00015115 0.00016525 1.925e-05 0.00015155 0.0003104 1.945e-05 0.0001638 0.0001638 2.01e-05 0.0001678 3.445e-05 6.625e-05 0.00016815 0.0001622 8.005e-05 2.02e-05 1.965e-05 1.985e-05 0.0001908 0.0001577 1.975e-05 1.975e-05 0.00015775 1.93e-05 1.865e-05 1.955e-05 0.0001692 1.93e-05 6.795e-05 0.0001511 0.00016275 0.0001412 0.00015095 2.025e-05 3.425e-05 0.0002946 0.0001512 1.97e-05 1.895e-05 0.00015035 0.00016525 0.00015635 1.925e-05 0.0001566 9.745e-05 1.93e-05 0.0001514 0.0001512 0.00015725 0.00016445 5.99e-05 0.0001971 2.025e-05 0.0001654 0.00029645 0.00015035 8.05e-05 2.07e-05
26 0.00024785 0.0002298 0.0002117 0.00022945 0.00017785 0.0002978 0.00019765 0.0002297 0.0002237 0.00019155 0.0002483 9.84e-05 0.00019745 0.00024765 0.00024795 0.0002119 0.00016315 0.00019795 9.995e-05 0.0001823 0.00017795 0.00021155 0.00024755 0.00019805 9.835e-05 0.00021165 0.0001964 0.00016915 0.00017775 0.0001479 0.00014945 0.00029765 0.0001943 0.00017995 0.000198 0.00019785 0.00024805 0.00019725 0.0001586 0.00014825 0.0002479 0.00019755 0.0001484 0.00017765 0.0001977 0.00020165 0.00020165 0.00019795 0.00019775 0.00019635 0.00015295 0.00018345 0.00019195 0.000162 0.00019765 0.0001974 0.00021185 0.00018 0.00017865 0.00019785 0.0001978 0.00017655 0.0001976 0.0002256 0.0001973 0.0001804 0.00021145 0.00016965 0.00014785 0.0002152 9.85e-05 0.00014785 0.000198 0.0001963 0.00028185 0.00014795 0.0001974 0.00019695 0.00016195 0.0002476 0.000178 0.00019755 0.00017805 0.0001582 0.00021155 0.00014825 0.00014795 0.000178 0.0002477 0.0002302 0.0002102 0.000198 0.00024805 0.00019815 0.000148 0.0001484 0.0001983
27 0.0002236 0.00015035 0.0001322 0.00015225 0.00017 0.0003304 0.0001191 0.0001501 0.0001949 0.00016045 0.000224 0.0001828 0.000116 0.00022345 0.0002223 0.0001312 0.0001667 0.000116 0.00016905 0.0001287 0.00017045 0.0001326 0.0002233 0.0001156 0.0001558 0.00013215 0.00016915 0.0002278 0.0001699 0.0001361 0.0001376 0.00033025 0.00018445 0.00017 0.00011645 0.00011765 0.0002234 0.0001183 0.00012775 0.000135 0.00022235 0.0001162 0.00013515 0.00021135 0.00011625 0.0001731 0.0001731 0.00011695 0.00018305 0.0001447 0.00013615 0.00016875 0.0001598 0.00016565 0.00011675 0.0001186 0.0001323 0.0001701 0.00016875 0.0001187 0.00011865 0.00017115 0.00011625 0.0001485 0.00011825 0.00016815 0.0001325 0.0001539 0.00013605 0.0001886 0.00018315 0.00013725 0.00011555 0.00014465 0.0003144 0.00013615 0.00011865 0.0001204 0.0001521 0.0002235 0.0001681 0.0001161 0.00016775 0.00012835 0.0001325 0.0001348 0.00013615 0.00016855 0.00022305 0.00015095 0.0002022 0.0001156 0.00022375 0.00024315 0.00013575 0.00014905 0.00011435
28 0.0002297 0.00017375 0.0001569 0.00017235 0.00014575 0.0003107 0.0001478 0.00017415 0.00022035 0.0001955 0.0002299 0.00016605 0.0001497 0.0002295 0.00023 0.0001568 0.00016575 0.0001491 0.0001772 0.0001478 0.00014625 0.00015635 0.0002294 0.000149 0.0001897 0.00015685 0.00017775 0.0001699 0.0002913 0.00016895 0.00016745 0.0003106 0.00020245 0.0001942 0.00014905 0.00014825 0.0002298 0.00014725 0.0001686 0.0001695 0.00022995 0.0001489 0.00016965 0.00024095 0.000149 0.00018345 0.00018345 0.0001486 0.0002023 0.00015575 0.00014885 0.000193 0.0001956 0.00016515 0.0001485 0.00014755 0.0001567 0.0001943 0.0001474 0.00014735 0.0001473 0.00014685 0.00014895 0.00016425 0.0001472 0.0001951 0.00015625 0.0001562 0.00016895 0.000191 0.00016595 0.0001684 0.00014895 0.0001557 0.00029475 0.00016905 0.0001478 0.00014685 0.00017695 0.00022955 0.0001476 0.00014885 0.00014765 0.0001685 0.00015625 0.0001695 0.000169 0.00014715 0.00023 0.00017395 0.0001725 0.00014895 0.0002297 0.00025025 0.0001695 0.0001576 0.00014945
29 0.0002317 0.0001684 0.0001512 0.0001695 0.00016905 0.0003264 0.0001374 0.00016925 0.00020245 0.00016975 0.00023215 0.0001619 0.00013595 0.0002303 0.00023155 0.0001512 0.00016495 0.0001369 0.0001487 0.00013615 0.0001692 0.00015015 0.00023095 0.00013545 0.0001342 0.00015115 0.0001479 0.0001361 0.00016895 0.000268 0.0001363 0.00032625 0.0001822 0.0001679 0.00013705 0.00013735 0.00023185 0.00013585 0.00013695 0.00013535 0.0002314 0.00013565 0.0001356 0.000202 0.00013615 0.0001807 0.0001807 0.0001361 0.0001834 0.00015125 0.0001348 0.0001691 0.00016995 0.00016375 0.00013445 0.00013655 0.0001508 0.000168 0.0001694 0.0001374 0.00013735 0.00016915 0.0001357 0.0001656 0.00013565 0.0001678 0.00015005 0.000153 0.0001347 0.0001959 0.000162 0.00013515 0.0001354 0.0001512 0.00031045 0.0001348 0.0001367 0.0001376 0.00014985 0.0002305 0.00016875 0.000136 0.00016885 0.00013685 0.00014975 0.00013545 0.0001342 0.0001682 0.0002315 0.0001698 0.00020155 0.0001354 0.0002319 0.00023035 0.0001354 0.00014935 0.0001369
30 0.00022985 0.0001682 0.0001501 0.00016605 0.00016755 0.0003237 0.0001353 0.0001685 0.0001999 0.00016945 0.0002302 0.0001634 0.00013755 0.00023035 0.000231 0.0001501 0.00016435 0.00013755 0.000148 0.00013585 0.00016745 0.00014945 0.0002303 0.0001377 0.0001358 0.00015005 0.00014945 0.0001376 0.00016745 0.0001363 0.0002654 0.00032365 0.00018115 0.0001672 0.00013725 0.00013625 0.00023035 0.0001348 0.00013575 0.0001369 0.00023085 0.00013755 0.00013715 0.00020095 0.0001378 0.0001829 0.0001829 0.0001366 0.00018155 0.0001482 0.00013675 0.00016715 0.00016965 0.00016265 0.0001371 0.0001354 0.0001499 0.0001673 0.0001693 0.0001348 0.00013485 0.00016805 0.0001376 0.0001619 0.000135 0.00016935 0.00014935 0.0001544 0.0001364 0.00019495 0.0001633 0.00013495 0.00013765 0.00014815 0.0003078 0.0001365 0.0001357 0.0001338 0.0001488 0.00023035 0.00016975 0.00013765 0.00016995 0.00013565 0.0001494 0.000137 0.00013635 0.00016935 0.00023085 0.00016765 0.0002004 0.00013765 0.00023005 0.00022985 0.00013695 0.00015065 0.0001384
31 0.00016285 0.00031205 0.0003105 0.00030965 0.0003107 7.5e-07 0.00032385 0.00031225 0.0002965 0.00031155 0.00016325 0.00026965 0.00031045 0.0001636 0.00016385 0.0003104 0.00027675 0.0003263 0.0002971 0.00030915 0.00031005 0.00030985 0.0001637 0.0003272 0.0003259 0.00031045 0.00029765 0.00033025 0.0003106 0.00032625 0.00032365 9e-07 0.00030275 0.0003114 0.0003262 0.0003252 0.0001632 0.00032405 0.0003318 0.0003266 0.0001644 0.0003268 0.00032645 0.0003029 0.00032715 0.0003088 0.0003088 0.00032555 0.0003018 0.00029255 0.0003177 0.0003161 0.00031165 0.00028155 0.0003266 0.000324 0.0003102 0.0003115 0.0003123 0.0003236 0.00032365 0.00031115 0.00032685 0.00029345 0.0003243 0.0003198 0.00030975 0.00030005 0.0003262 0.00029185 0.0002691 0.0003251 0.00032715 0.0002925 1.805e-05 0.0003263 0.0003248 0.00032255 0.00030965 0.0001639 0.00031255 0.000327 0.00031325 0.0003317 0.00031005 0.0003266 0.0003263 0.00031225 0.0001642 0.0003111 0.0002982 0.00032715 0.00016275 0.00016325 0.0003266 0.00029795 0.00032715
32 0.00024295 0.00016955 0.00016935 0.00016775 0.00020255 0.00030285 0.0001821 0.00016985 0.0001559 0.0001707 0.00024315 0.0002082 0.00018445 0.00024335 0.00024375 0.00016925 0.00018155 0.000184 0.0001947 0.00018275 0.00020215 0.00016865 0.00024315 0.00018445 0.00018065 0.0001693 0.0001943 0.00018445 0.00020245 0.0001822 0.00018115 0.00030275 0.0003068 0.0001677 0.0001839 0.00018315 0.0002431 0.0001819 0.0001827 0.00018265 0.0002437 0.0001841 0.0001825 0.0001566 0.0001844 0.00018435 0.00018435 0.00018325 0.0001552 0.00016775 0.00018215 0.0001685 0.0001708 0.000181 0.0001838 0.0001819 0.00016905 0.0001678 0.000204 0.00018185 0.00018185 0.0002023 0.00018415 0.0001538 0.0001821 0.00016905 0.00016855 0.00017315 0.00018215 0.00016895 0.00020785 0.0001814 0.0001844 0.0001677 0.00028705 0.00018225 0.00018265 0.0001811 0.0001672 0.00024315 0.0002041 0.00018425 0.0002046 0.0001826 0.0001688 0.00018265 0.00018225 0.0002037 0.00024375 0.0001691 0.0001898 0.0001844 0.00024295 0.0002418 0.00018265 0.0001961 0.0001845
33 0.0002504 0.00016805 0.00019075 0.00016675 0.0001943 0.00031155 0.00018905 0.00016825 0.00014705 0.00017 0.00025085 0.00021485 0.00017015 0.00025105 0.00025135 0.00019065 0.00017995 0.00019055 0.0001804 0.00018975 0.0001938 0.00019015 0.00025085 0.0001911 0.00014535 0.0001907 0.00017995 0.00017 0.0001942 0.0001679 0.0001672 0.0003114 0.0001677 0.0002903 0.0001905 0.0001901 0.00025075 0.00018895 0.0001895 0.00016825 0.0002513 0.00019075 0.0001682 0.0001486 0.00019105 0.00018345 0.00018345 0.0001899 0.0001693 0.0001895 0.0001888 0.00016825 0.0001701 0.00020245 0.00019055 0.00018895 0.00019045 0.00014535 0.0001953 0.0001889 0.00018895 0.00019405 0.0001908 0.00019005 0.00018915 0.0001684 0.00019005 0.0001943 0.00016785 0.00018275 0.0002145 0.00016735 0.00019105 0.00018945 0.0002957 0.00016795 0.0001897 0.00018845 0.00016765 0.00025085 0.00019535 0.0001909 0.00019585 0.0001894 0.0001903 0.00016825 0.00016795 0.00019505 0.0002514 0.0001676 0.0001729 0.00019105 0.0002506 0.0002285 0.0001683 0.0002027 0.00019115
34 0.00016495 5.91e-05 1.945e-05 5.97e-05 0.00014915 0.0003263 5.6e-06 5.805e-05 0.00021425 0.00015955 0.000165 0.00012765 5.17e-05 0.00016595 0.0001653 1.98e-05 0.0001034 4e-06 0.00019755 2.155e-05 0.0001491 2.04e-05 0.0001658 5e-06 0.0002686 1.935e-05 0.000198 0.00011645 0.00014905 0.00013705 0.00013725 0.0003262 0.0001839 0.0001905 6.7e-06 5.5e-06 0.0001652 6.1e-06 8.405e-05 0.0001363 0.0001651 4.5e-06 0.00013665 0.00032305 4.65e-06 0.0001624 0.0001624 4.5e-06 0.00018285 3.64e-05 5.18e-05 0.00016855 0.00016015 8.145e-05 5.7e-06 6.3e-06 2.01e-05 0.0001906 0.0001476 5.2e-06 5.1e-06 0.00015005 4.55e-06 3.525e-05 6.15e-06 0.00016805 2.03e-05 6.825e-05 0.000137 0.0001768 0.00012755 0.000138 4.95e-06 3.635e-05 0.00031035 0.0001371 6.15e-06 6.4e-06 0.0001519 0.0001659 0.0001472 4.45e-06 0.0001474 8.365e-05 2.04e-05 0.00013645 0.0001371 0.00014835 0.0001648 5.815e-05 0.00020205 4.95e-06 0.0001648 0.0002975 0.000136 6.565e-05 4.5e-06
35 0.0001654 5.915e-05 1.985e-05 5.86e-05 0.00014835 0.0003253 5.65e-06 5.88e-05 0.0002142 0.0001609 0.00016555 0.00012755 5.32e-05 0.00016585 0.0001655 1.985e-05 0.00010305 5e-06 0.0001972 2.14e-05 0.00014845 2.015e-05 0.0001657 5.7e-06 0.0002684 1.98e-05 0.00019785 0.00011765 0.00014825 0.00013735 0.00013625 0.0003252 0.00018315 0.0001901 5.5e-06 9.1e-06 0.0001654 5.8e-06 8.375e-05 0.0001365 0.000165 5.95e-06 0.00013725 0.00032305 6.1e-06 0.00016325 0.00016325 5.9e-06 0.00018195 3.52e-05 5.22e-05 0.00016745 0.0001611 8.075e-05 6.5e-06 6.05e-06 2e-05 0.0001902 0.00014865 5.35e-06 5.3e-06 0.0001491 6e-06 3.395e-05 5.9e-06 0.00016905 2.005e-05 6.865e-05 0.0001373 0.0001766 0.00012745 0.00013725 5.65e-06 3.515e-05 0.00030935 0.0001374 5.9e-06 4.8e-06 0.00015115 0.0001658 0.0001483 5.95e-06 0.00014845 8.41e-05 2.015e-05 0.00013705 0.0001374 0.00014875 0.0001654 5.885e-05 0.00020175 5.5e-06 0.00016535 0.0002969 0.00013695 6.61e-05 5.9e-06
36 0.00016345 0.0001857 0.0001655 0.0001843 0.0002299 0.00016305 0.00016455 0.0001857 0.00025505 0.00023615 0.00016335 0.00019915 0.00018205 0.00016495 0.00016425 0.00016465 0.00019015 0.00016525 0.00024755 0.00016555 0.0002293 0.0001651 0.0001648 0.0001664 0.0002972 0.00016545 0.00024805 0.0002234 0.0002298 0.00023185 0.00023035 0.0001632 0.0002431 0.00025075 0.0001652 0.0001654 0.0003255 0.00016505 0.0002078 0.0002315 0.00016465 0.00016655 0.0002313 0.000313 0.00016685 0.00023605 0.00023605 0.00016485 0.0002423 0.00016425 0.0001847 0.0002423 0.0002355 0.00018155 0.00016655 0.00016505 0.0001647 0.00025085 0.0002298 0.00016385 0.00016385 0.0002305 0.0001666 0.00016395 0.00016525 0.00024465 0.000165 0.0001843 0.0002318 0.00023435 0.0001986 0.00023185 0.00016635 0.0001642 0.00016385 0.0002319 0.0001657 0.00016445 0.00023055 0.0001649 0.00023055 0.0001667 0.0002312 0.0002082 0.00016525 0.00023125 0.0002319 0.00023045 0.0001648 0.0001841 0.0002501 0.00016635 0.0001634 0.0002303 0.000232 0.00018195 0.00016535
37 0.00016495 5.785e-05 1.95e-05 5.73e-05 0.00014735 0.00032415 5e-06 5.855e-05 0.0002131 0.0001609 0.00016515 0.0001273 5.3e-05 0.00016425 0.00016535 1.95e-05 0.00010245 6.15e-06 0.00019655 1.985e-05 0.00014705 1.795e-05 0.00016445 5.55e-06 0.00026745 1.945e-05 0.00019725 0.0001183 0.00014725 0.00013585 0.0001348 0.00032405 0.0001819 0.00018895 6.1e-06 5.8e-06 0.00016505 6.6e-06 8.39e-05 0.0001369 0.0001652 4.95e-06 0.00013715 0.0003221 5.9e-06 0.0001614 0.0001614 4.6e-06 0.00018065 3.35e-05 5.06e-05 0.00016635 0.0001611 7.985e-05 4.05e-06 4.45e-06 1.895e-05 0.00018905 0.00014845 4.8e-06 4.9e-06 0.00014815 5e-06 3.24e-05 3.95e-06 0.000169 1.785e-05 6.69e-05 0.0001362 0.0001751 0.0001271 0.0001356 5.5e-06 3.345e-05 0.0003082 0.0001363 5.1e-06 4.7e-06 0.0001499 0.0001638 0.00014825 5.75e-06 0.00014855 8.38e-05 1.835e-05 0.000137 0.0001359 0.00014765 0.00016525 5.82e-05 0.00020075 5.5e-06 0.00016495 0.00029585 0.0001369 6.665e-05 6.7e-06
