 slim_337570580 slim_337570561 slim_337570370 slim_337570562 slim_337570460 slim_337570533 slim_337570027 slim_337570225 slim_337570412 slim_337570506 slim_337570574 slim_337570461 slim_337570218 slim_337570449 slim_337570551 slim_337570579 slim_337570538 slim_337570568 slim_337570474 slim_337570476 slim_337570487 slim_337570244 slim_337570504 slim_337570585 slim_337570425 slim_337570582 slim_337570485 slim_337570419 slim_337570587 slim_337570566 slim_337570537 slim_337570271 slim_337570493 slim_337570542 slim_337570527 slim_337570549 slim_337570554 slim_337570470 slim_337570577 slim_337570422 slim_337570414 slim_337570567 slim_337570458 slim_337570436 slim_337570473 slim_337570404 slim_337570525 slim_337570097 slim_337570435 slim_337570502 slim_337570388 slim_337570547 slim_337570424 slim_337570523 slim_337570264 slim_337570483 slim_337570583 slim_337570528 slim_337570316 slim_337570415 slim_337570535 slim_337570246 slim_337570541 slim_337570569 slim_337570524 slim_337570479 slim_337570558 slim_337570588 slim_337570581 slim_337570559 slim_337570584 slim_337570545 slim_337570298 slim_337570423 slim_337570068 slim_337570351 slim_337570550 slim_337570464 slim_337570586 slim_337570471 slim_337570488 slim_337570573 slim_337570517 slim_337570590 slim_337570576 slim_337570490 slim_337570434 slim_337570571 slim_337570392 slim_337570552 slim_337570444 slim_337570515 slim_337570575 slim_337570572 slim_337570481 slim_337570578 slim_337570531 slim_337570503 slim_337570457 slim_337570509
0 1.21e-05 9.95e-06 1.08e-05 8.9e-06 1.045e-05 9.45e-06 1e-05 8.9e-06 8.1e-06 8.25e-06 7.9e-06 8.8e-06 8.45e-06 1.045e-05 1.035e-05 7.65e-06 8e-06 1.025e-05 9.85e-06 1.105e-05 8.45e-06 8.95e-06 9.8e-06 1.095e-05 1.02e-05 1.1e-05 9.2e-06 1.15e-05 1.05e-05 1.03e-05 8.05e-06 1.075e-05 8.25e-06 1.17e-05 7.95e-06 9.75e-06 9.8e-06 7.85e-06 9.8e-06 8.65e-06 7.1e-06 1.005e-05 8.25e-06 1e-05 9.05e-06 9.8e-06 1.01e-05 8.6e-06 9.3e-06 1.045e-05 9.25e-06 1.015e-05 1.13e-05 9.4e-06 8.15e-06 1.105e-05 1.13e-05 8.75e-06 8.95e-06 1.055e-05 9.15e-06 9.6e-06 9.65e-06 1.15e-05 8.75e-06 1.04e-05 1.015e-05 1.24e-05 1.23e-05 1.075e-05 8.75e-06 1.005e-05 9.65e-06 9.95e-06 1.075e-05 8.1e-06 7.3e-06 7.75e-06 7.75e-06 1.01e-05 7.75e-06 1.02e-05 1.04e-05 9.15e-06 8.35e-06 8.85e-06 7.85e-06 7.5e-06 8.05e-06 9e-06 9.15e-06 1.055e-05 8.75e-06 1.07e-05 1.13e-05 7.7e-06 1.08e-05 1.075e-05 9.9e-06 9.05e-06
1 9.95e-06 1.2e-05 8.5e-06 9.85e-06 8.05e-06 9.65e-06 6.65e-06 8.85e-06 9.8e-06 8.95e-06 7.65e-06 9.1e-06 8e-06 1.2e-05 9.7e-06 7.35e-06 1.115e-05 7.25e-06 1.145e-05 1.005e-05 8.05e-06 9.05e-06 1.14e-05 8.75e-06 1.085e-05 8.55e-06 9.3e-06 8.55e-06 1.205e-05 1.095e-05 7.6e-06 1.32e-05 1.175e-05 1.035e-05 1.095e-05 1.045e-05 1.05e-05 7.6e-06 7e-06 9.3e-06 9.95e-06 1.165e-05 8.75e-06 1.01e-05 6.9e-06 1.055e-05 7.95e-06 8.6e-06 9.75e-06 8.05e-06 1.13e-05 7.55e-06 9.75e-06 9.35e-06 8.85e-06 8e-06 8.45e-06 9.4e-06 9.25e-06 1.055e-05 9.9e-06 9.5e-06 7.3e-06 9.25e-06 9.4e-06 1.04e-05 7.9e-06 6.7e-06 9.25e-06 9.4e-06 9e-06 1.015e-05 1.015e-05 9.7e-06 9.75e-06 8.8e-06 7.95e-06 1.15e-05 7.85e-06 1.075e-05 7.5e-06 1.18e-05 1.155e-05 9.9e-06 8.7e-06 9.5e-06 8.8e-06 8.05e-06 8.6e-06 1.055e-05 9.55e-06 1.21e-05 9.15e-06 1.025e-05 9.05e-06 7.9e-06 8.8e-06 1.015e-05 9.9e-06 9.9e-06
2 1.08e-05 8.5e-06 1.2e-05 8.15e-06 6.45e-06 9e-06 8.2e-06 7.05e-06 1.145e-05 8.55e-06 9.5e-06 1.005e-05 7.7e-06 1.11e-05 9.9e-06 9.85e-06 1.11e-05 8.25e-06 9.15e-06 8.9e-06 8.75e-06 9.65e-06 9.1e-06 6.8e-06 1.025e-05 8.35e-06 9.9e-06 8.45e-06 1.115e-05 1.035e-05 9.4e-06 1.2e-05 1.12e-05 9.5e-06 9.9e-06 8.45e-06 8.5e-06 1.035e-05 8.05e-06 9.9e-06 1.045e-05 9.35e-06 9.45e-06 9e-06 8.1e-06 8.1e-06 8e-06 1e-05 7.3e-06 6.3e-06 9.05e-06 8.25e-06 9.25e-06 1.055e-05 8.45e-06 7.3e-06 7.4e-06 1.04e-05 9.9e-06 8.75e-06 6.5e-06 9.9e-06 9.2e-06 8.7e-06 1.04e-05 8.6e-06 8.95e-06 7e-06 8.5e-06 9.35e-06 8.35e-06 9.05e-06 8.65e-06 9.15e-06 8.6e-06 8.4e-06 1.055e-05 1.005e-05 1.005e-05 1.015e-05 1.025e-05 9.5e-06 1.115e-05 6.5e-06 7.95e-06 1.05e-05 9.65e-06 1.06e-05 9.55e-06 1.125e-05 8.75e-06 1.12e-05 1e-05 1.035e-05 8.5e-06 1.025e-05 7.35e-06 9.25e-06 9.75e-06 8.6e-06
3 8.9e-06 9.85e-06 8.15e-06 8.5e-06 7.85e-06 8.5e-06 9.95e-06 5.35e-06 9.85e-06 6.8e-06 8.35e-06 8.5e-06 6.3e-06 1.025e-05 6.95e-06 8.4e-06 7.5e-06 9.95e-06 8.3e-06 1.18e-05 7.55e-06 8.2e-06 8.25e-06 8.2e-06 8.5e-06 9.75e-06 8.45e-06 9.55e-06 1.03e-05 8.6e-06 8.25e-06 1.205e-05 8.5e-06 1.18e-05 8.55e-06 6.7e-06 6.75e-06 8.95e-06 9.75e-06 8.2e-06 8.7e-06 8.5e-06 8.75e-06 8.6e-06 1.03e-05 6.4e-06 1.025e-05 7.65e-06 5.75e-06 7.85e-06 8.15e-06 9.95e-06 1.155e-05 1e-05 6.7e-06 1.005e-05 1.015e-05 8.65e-06 8.45e-06 8.2e-06 4.65e-06 6.4e-06 9.25e-06 1.01e-05 8.65e-06 8.05e-06 1.035e-05 1.115e-05 1.17e-05 1.135e-05 6.9e-06 8.65e-06 6.85e-06 6.9e-06 1.15e-05 6.65e-06 8.8e-06 6.95e-06 8.6e-06 8.4e-06 8.85e-06 8.65e-06 9.45e-06 4.75e-06 6.4e-06 8.75e-06 8.7e-06 8.85e-06 6.3e-06 1.04e-05 7e-06 1.035e-05 8.45e-06 8.95e-06 9.9e-06 8.8e-06 8.35e-06 1.005e-05 7.4e-06 6.6e-06
4 1.045e-05 8.05e-06 6.45e-06 7.85e-06 1.14e-05 8.8e-06 7.7e-06 6.8e-06 1.125e-05 8.3e-06 9.3e-06 9.85e-06 7.45e-06 1.085e-05 9.7e-06 9.6e-06 1.085e-05 7.75e-06 8.85e-06 9.15e-06 8.55e-06 9.45e-06 8.8e-06 6.7e-06 1.005e-05 7.8e-06 9.7e-06 8e-06 1.09e-05 1.015e-05 9.2e-06 1.17e-05 1.095e-05 9.4e-06 9.65e-06 8.2e-06 8.25e-06 1.015e-05 7.5e-06 9.65e-06 1.02e-05 9.05e-06 9.15e-06 8.8e-06 7.45e-06 7.8e-06 7.35e-06 9.8e-06 7.1e-06 5.85e-06 8.75e-06 8.2e-06 8.65e-06 1.035e-05 8.2e-06 6.8e-06 7.35e-06 1.02e-05 9.7e-06 8.5e-06 6.2e-06 9.7e-06 8.75e-06 8.65e-06 1.02e-05 8.35e-06 8.9e-06 6.7e-06 8.85e-06 8.85e-06 8.1e-06 8.85e-06 8.4e-06 8.9e-06 8.85e-06 8.15e-06 1.035e-05 9.75e-06 9.85e-06 9.95e-06 1.005e-05 9.2e-06 1.09e-05 6.2e-06 7.7e-06 1.03e-05 9.35e-06 1.04e-05 9.3e-06 1.1e-05 8.55e-06 1.095e-05 9.8e-06 1.015e-05 8.45e-06 1.005e-05 7.25e-06 9.05e-06 9.55e-06 8.3e-06
5 9.45e-06 9.65e-06 9e-06 8.5e-06 8.8e-06 1.1e-05 9.45e-06 6.95e-06 9.5e-06 8.15e-06 7.8e-06 7.3e-06 7.6e-06 8.7e-06 1.03e-05 8.65e-06 1.075e-05 9.45e-06 8.75e-06 1.065e-05 7.55e-06 7.5e-06 8.7e-06 9.15e-06 7.15e-06 8.7e-06 7.65e-06 8.65e-06 8.75e-06 7.25e-06 8e-06 1.03e-05 9.05e-06 1.055e-05 8.3e-06 7.35e-06 7.4e-06 8.85e-06 8.95e-06 8.9e-06 8.8e-06 8.95e-06 8.75e-06 6.4e-06 9.25e-06 8.4e-06 9.2e-06 9.35e-06 7.65e-06 8.8e-06 8.9e-06 9.15e-06 1.03e-05 8.6e-06 8.05e-06 8.15e-06 8.15e-06 8e-06 7.25e-06 8.1e-06 7.4e-06 1.045e-05 1.01e-05 9.05e-06 8e-06 7.95e-06 1e-05 1.075e-05 9.8e-06 1.065e-05 7.8e-06 6.5e-06 7.95e-06 9.15e-06 1.035e-05 8e-06 8.85e-06 9.8e-06 8.5e-06 7.1e-06 8.75e-06 9.1e-06 1.06e-05 7.4e-06 7.4e-06 8.1e-06 7.5e-06 9e-06 8.45e-06 9.55e-06 7.7e-06 8.8e-06 7.15e-06 9.55e-06 8.9e-06 8.4e-06 9.6e-06 7.15e-06 8.55e-06 8.35e-06
6 1e-05 6.65e-06 8.2e-06 9.95e-06 7.7e-06 9.45e-06 1.14e-05 8.85e-06 9.85e-06 9.35e-06 7.8e-06 9.25e-06 8.05e-06 1.19e-05 1.02e-05 7.2e-06 1.14e-05 7.15e-06 1.12e-05 9.6e-06 8.2e-06 9.35e-06 1.115e-05 8.45e-06 1.105e-05 8.35e-06 9.6e-06 8.65e-06 1.195e-05 1.115e-05 8e-06 1.28e-05 1.195e-05 9.9e-06 1.085e-05 1.05e-05 1.055e-05 7.45e-06 6.65e-06 9.75e-06 9.8e-06 1.14e-05 8.65e-06 1e-05 6.55e-06 1.045e-05 7.5e-06 9.3e-06 9.7e-06 7.7e-06 1.105e-05 7.25e-06 9.25e-06 9.65e-06 9.25e-06 7.55e-06 8e-06 9.95e-06 9.3e-06 1.035e-05 9.8e-06 9.8e-06 7.5e-06 9.1e-06 9.95e-06 1.02e-05 8.1e-06 6.65e-06 8.85e-06 9.35e-06 9e-06 1.005e-05 1.045e-05 9.95e-06 9.3e-06 9.2e-06 8.85e-06 1.18e-05 8.5e-06 1.095e-05 7.35e-06 1.155e-05 1.15e-05 9.8e-06 8.6e-06 1.005e-05 8.85e-06 8.9e-06 8.7e-06 1.08e-05 9.65e-06 1.2e-05 9.2e-06 1.025e-05 8.9e-06 8.4e-06 8.75e-06 9.8e-06 1.025e-05 1.03e-05
7 8.9e-06 8.85e-06 7.05e-06 5.35e-06 6.8e-06 6.95e-06 8.85e-06 4.2e-06 1.045e-05 5.35e-06 6.5e-06 7.2e-06 3.9e-06 9.65e-06 9.2e-06 6.95e-06 9.6e-06 9e-06 6.95e-06 1.16e-05 4.65e-06 6.9e-06 6.9e-06 7.1e-06 7.85e-06 9.45e-06 7.15e-06 8.9e-06 9.7e-06 7.95e-06 6.3e-06 1.15e-05 8.7e-06 1.15e-05 8.1e-06 5.3e-06 5.35e-06 7.45e-06 8.9e-06 6.9e-06 7.9e-06 7.15e-06 8.9e-06 7.3e-06 9.8e-06 4.4e-06 9.9e-06 8.4e-06 3.5e-06 6.8e-06 6.9e-06 9.05e-06 1.13e-05 9.65e-06 5.25e-06 9.1e-06 9.1e-06 7.95e-06 7.25e-06 7.15e-06 2.5e-06 9.55e-06 1.03e-05 9.75e-06 7.95e-06 7e-06 9.95e-06 1.135e-05 1.17e-05 1.145e-05 4.85e-06 7.35e-06 6.05e-06 6.85e-06 1.13e-05 5.2e-06 8.05e-06 6.95e-06 7.25e-06 7.75e-06 7.35e-06 7.3e-06 1.075e-05 2.6e-06 4.45e-06 8.05e-06 7.85e-06 8.2e-06 7.35e-06 9.75e-06 4.3e-06 9.75e-06 7.25e-06 1.055e-05 9.55e-06 7.45e-06 7.8e-06 9.1e-06 8.2e-06 4.85e-06
8 8.1e-06 9.8e-06 1.145e-05 9.85e-06 1.125e-05 9.5e-06 9.85e-06 1.045e-05 9.7e-06 9.9e-06 8.6e-06 9.5e-06 9.35e-06 9.9e-06 9.95e-06 8.6e-06 8.8e-06 1.02e-05 9.95e-06 9.9e-06 9.15e-06 9.55e-06 9.9e-06 1.15e-05 1.1e-05 1.115e-05 9.8e-06 1.145e-05 9.95e-06 1.11e-05 8.45e-06 8.85e-06 9.75e-06 1.025e-05 9.15e-06 1.12e-05 1.125e-05 8.55e-06 1.005e-05 1.015e-05 8.65e-06 1.015e-05 9.45e-06 1.045e-05 9.65e-06 1.175e-05 1.12e-05 9e-06 1.115e-05 1.125e-05 9.7e-06 1.015e-05 1.01e-05 8.95e-06 9.8e-06 1.06e-05 1.085e-05 9.75e-06 9.85e-06 1.055e-05 1.125e-05 9e-06 8.9e-06 1.14e-05 9.75e-06 1.04e-05 1.025e-05 1.155e-05 1.085e-05 9.8e-06 1.03e-05 1.05e-05 1.095e-05 1.055e-05 9.75e-06 9.75e-06 8.5e-06 9.75e-06 8.55e-06 1.09e-05 8.45e-06 1.03e-05 9.15e-06 1.125e-05 9.9e-06 9.85e-06 9.1e-06 8.7e-06 8.45e-06 8.65e-06 1.03e-05 1e-05 9.45e-06 9.35e-06 1.12e-05 8.8e-06 1.12e-05 9.75e-06 1.01e-05 1.15e-05
9 8.25e-06 8.95e-06 8.55e-06 6.8e-06 8.3e-06 8.15e-06 9.35e-06 5.35e-06 9.9e-06 8.3e-06 5.05e-06 6.35e-06 5.2e-06 1.08e-05 9.05e-06 5.45e-06 1.035e-05 8.95e-06 8.9e-06 1.29e-05 6e-06 6.55e-06 8.9e-06 8.35e-06 8.2e-06 1.01e-05 6.8e-06 9.75e-06 1.085e-05 8.3e-06 5.25e-06 1.345e-05 9.4e-06 1.295e-05 9.9e-06 6.25e-06 6.35e-06 5.7e-06 8.45e-06 6.25e-06 7.9e-06 8.9e-06 7.5e-06 8.75e-06 9.1e-06 6.4e-06 1.02e-05 6.5e-06 5.85e-06 8.3e-06 8.85e-06 8.6e-06 1.275e-05 8.3e-06 4.25e-06 1.085e-05 1.09e-05 6.3e-06 6.5e-06 8.4e-06 4.4e-06 1e-05 9.75e-06 1.04e-05 6.3e-06 8.25e-06 8.5e-06 1.215e-05 1.265e-05 1.255e-05 4.8e-06 8.8e-06 6.5e-06 8.1e-06 1.26e-05 4.25e-06 4.2e-06 7.75e-06 4.8e-06 8.1e-06 5.55e-06 9.1e-06 1.195e-05 4.4e-06 4.65e-06 6.3e-06 6.9e-06 4.45e-06 6.75e-06 8.9e-06 6.45e-06 1.09e-05 6.3e-06 1.125e-05 1.02e-05 4.8e-06 8.55e-06 1.085e-05 8.35e-06 5.7e-06
10 7.9e-06 7.65e-06 9.5e-06 8.35e-06 9.3e-06 7.8e-06 7.8e-06 6.5e-06 8.6e-06 5.05e-06 2.4e-06 4e-06 4.7e-06 1.085e-05 9.8e-06 3.6e-06 1.125e-05 6.9e-06 1.045e-05 1.315e-05 4.25e-06 4.2e-06 1.04e-05 9.55e-06 7.45e-06 9.65e-06 4.4e-06 9.05e-06 1.09e-05 7.55e-06 1.3e-06 1.43e-05 9.7e-06 1.325e-05 1.115e-05 7.2e-06 7.25e-06 3.6e-06 6.6e-06 6.3e-06 6.5e-06 1.065e-05 6.5e-06 8.95e-06 8e-06 8.3e-06 9.95e-06 6.3e-06 7.25e-06 9.3e-06 1.03e-05 6.7e-06 1.31e-05 7.6e-06 4.95e-06 1.135e-05 1.13e-05 5.35e-06 4.45e-06 9.6e-06 6.8e-06 1.045e-05 8.85e-06 9.9e-06 5.35e-06 9.45e-06 7.9e-06 1.21e-05 1.24e-05 1.305e-05 4.35e-06 9e-06 7.95e-06 8.8e-06 1.285e-05 4.9e-06 3.25e-06 1.025e-05 2.35e-06 7.35e-06 3.5e-06 1.08e-05 1.26e-05 6.8e-06 3.95e-06 5.45e-06 5.5e-06 3.4e-06 5.45e-06 8.75e-06 7.6e-06 1.095e-05 4.05e-06 1.135e-05 9.7e-06 2.45e-06 1.025e-05 1.13e-05 8.35e-06 7.3e-06
11 8.8e-06 9.1e-06 1.005e-05 8.5e-06 9.85e-06 7.3e-06 9.25e-06 7.2e-06 9.5e-06 6.35e-06 4e-06 6.5e-06 6.25e-06 9.3e-06 9.55e-06 5.8e-06 1.095e-05 8.75e-06 1.055e-05 1.325e-05 6.25e-06 4.3e-06 1.05e-05 1.01e-05 4.7e-06 8.55e-06 4.65e-06 7.9e-06 9.35e-06 4.8e-06 4.45e-06 1.395e-05 8.15e-06 1.335e-05 1.125e-05 6.1e-06 6.15e-06 5.8e-06 8e-06 7.6e-06 7.25e-06 1.075e-05 7.3e-06 7.85e-06 9.35e-06 8.85e-06 9.7e-06 7.2e-06 7.8e-06 9.85e-06 1.04e-05 8.1e-06 1.32e-05 7.55e-06 6.25e-06 1.19e-05 1.185e-05 5e-06 4.1e-06 8.8e-06 7.35e-06 1.02e-05 1.005e-05 8.8e-06 5e-06 8.65e-06 9.2e-06 1.265e-05 1.16e-05 1.315e-05 5.4e-06 7.9e-06 7.2e-06 8.95e-06 1.295e-05 6.2e-06 5.3e-06 1.035e-05 4.95e-06 4.6e-06 5.7e-06 1.09e-05 1.23e-05 7.35e-06 5.35e-06 5.1e-06 5.25e-06 5.4e-06 6.45e-06 9.6e-06 8.5e-06 9.4e-06 3.55e-06 1.015e-05 8.6e-06 4.4e-06 1.08e-05 1.05e-05 6.9e-06 8e-06
12 8.45e-06 8e-06 7.7e-06 6.3e-06 7.45e-06 7.6e-06 8.05e-06 3.9e-06 9.35e-06 5.2e-06 4.7e-06 6.25e-06 6.9e-06 1.025e-05 9.35e-06 5.55e-06 1.005e-05 8e-06 8.15e-06 1.195e-05 4.6e-06 6e-06 8.1e-06 7.75e-06 8e-06 9.5e-06 6.25e-06 8.95e-06 1.03e-05 8.1e-06 4.35e-06 1.255e-05 9.15e-06 1.2e-05 9.3e-06 6.05e-06 6.1e-06 5.85e-06 8.05e-06 6.65e-06 7.45e-06 8.35e-06 8.15e-06 8.2e-06 8.95e-06 5.65e-06 9.85e-06 7.65e-06 4.75e-06 7.45e-06 8.05e-06 8.2e-06 1.18e-05 8.9e-06 5.1e-06 9.9e-06 9.9e-06 7.2e-06 6.5e-06 7.9e-06 3.95e-06 9.7e-06 9.45e-06 9.8e-06 7.2e-06 7.75e-06 9.1e-06 1.13e-05 1.175e-05 1.18e-05 4.7e-06 8.25e-06 6.8e-06 7.5e-06 1.165e-05 5.05e-06 6.4e-06 8e-06 5.45e-06 7.9e-06 5.75e-06 8.5e-06 1.135e-05 3.95e-06 4.4e-06 7.3e-06 7.1e-06 6.55e-06 6.7e-06 9.45e-06 5.95e-06 1.035e-05 6.3e-06 1.07e-05 9.6e-06 5.8e-06 8.45e-06 1e-05 8.35e-06 5.85e-06
13 1.045e-05 1.2e-05 1.11e-05 1.025e-05 1.085e-05 8.7e-06 1.19e-05 9.65e-06 9.9e-06 1.08e-05 1.085e-05 9.3e-06 1.025e-05 1.34e-05 1.14e-05 1.14e-05 1.075e-05 1.175e-05 8.1e-06 1.04e-05 1.045e-05 8.9e-06 8.2e-06 1.115e-05 6.95e-06 9.45e-06 9e-06 9.3e-06 6.85e-06 7e-06 1.09e-05 6.75e-06 8.4e-06 9.65e-06 9.55e-06 8.4e-06 8.45e-06 1.19e-05 1.14e-05 1.16e-05 1e-05 8.4e-06 1.095e-05 8.1e-06 1.165e-05 1.085e-05 1.04e-05 1.135e-05 1.01e-05 1.085e-05 8.75e-06 1.155e-05 9.4e-06 9.25e-06 1.07e-05 1.065e-05 1.09e-05 9.35e-06 8.85e-06 8.5e-06 9.8e-06 1.155e-05 1.225e-05 9.7e-06 9.3e-06 8.35e-06 1.225e-05 1.245e-05 9.9e-06 1.015e-05 1.06e-05 8.2e-06 9.55e-06 1.095e-05 1.01e-05 1.065e-05 1.175e-05 1.04e-05 1.14e-05 6.85e-06 1.18e-05 8.45e-06 9.45e-06 9.8e-06 1.02e-05 9.45e-06 9e-06 1.185e-05 1.06e-05 9.25e-06 1.065e-05 6.95e-06 9.25e-06 9.3e-06 9.6e-06 1.145e-05 1.155e-05 8.15e-06 9.05e-06 1.075e-05
14 1.035e-05 9.7e-06 9.9e-06 6.95e-06 9.7e-06 1.03e-05 1.02e-05 9.2e-06 9.95e-06 9.05e-06 9.8e-06 9.55e-06 9.35e-06 1.14e-05 4e-07 9.15e-06 5.95e-06 1.01e-05 1.175e-05 1.205e-05 9.45e-06 9.05e-06 1.17e-05 9.95e-06 8.75e-06 9.3e-06 9.3e-06 9.1e-06 1.145e-05 8.85e-06 9.7e-06 1.41e-05 9.25e-06 1.215e-05 1.055e-05 9.25e-06 9.3e-06 9.7e-06 9.9e-06 9.5e-06 1.03e-05 1.195e-05 7.3e-06 1.01e-05 1.055e-05 1.03e-05 1.03e-05 4.2e-06 9.6e-06 9.7e-06 1.16e-05 1e-05 1.2e-05 9.8e-06 8.95e-06 1.085e-05 1.09e-05 8.6e-06 9.3e-06 1.06e-05 9.6e-06 2.05e-06 8.7e-06 9.55e-06 8.6e-06 1.045e-05 9.5e-06 9.8e-06 1.1e-05 1.155e-05 1.005e-05 1.015e-05 6.8e-06 5e-06 1.175e-05 9e-06 8.45e-06 8.65e-06 9.15e-06 8.65e-06 9.5e-06 1.21e-05 8.3e-06 9.6e-06 9.65e-06 8.7e-06 9.7e-06 8.4e-06 6.95e-06 1.125e-05 8.65e-06 1.15e-05 9.5e-06 6.75e-06 9.35e-06 9.35e-06 8.75e-06 1.14e-05 4.3e-06 9.2e-06
15 7.65e-06 7.35e-06 9.85e-06 8.4e-06 9.6e-06 8.65e-06 7.2e-06 6.95e-06 8.6e-06 5.45e-06 3.6e-06 5.8e-06 5.55e-06 1.14e-05 9.15e-06 5.5e-06 1.045e-05 8.1e-06 1.08e-05 1.29e-05 5.45e-06 6.25e-06 1.075e-05 9.9e-06 8.8e-06 1.015e-05 6.5e-06 9.9e-06 1.145e-05 8.9e-06 4.05e-06 1.405e-05 9.95e-06 1.3e-05 1.065e-05 8.35e-06 8.4e-06 3.15e-06 7.35e-06 6.15e-06 7.3e-06 1.1e-05 6.9e-06 9.55e-06 8e-06 8.75e-06 9.85e-06 5.9e-06 7.95e-06 9.6e-06 1.065e-05 7.5e-06 1.28e-05 7.5e-06 5.35e-06 1.11e-05 1.115e-05 5.95e-06 5.95e-06 1.005e-05 7.75e-06 9.7e-06 8.3e-06 1.045e-05 5.95e-06 9.9e-06 7.7e-06 1.165e-05 1.225e-05 1.255e-05 5.75e-06 9.6e-06 8.3e-06 8.7e-06 1.26e-05 5.35e-06 3.1e-06 9.5e-06 3.65e-06 8.7e-06 3e-06 1.115e-05 1.21e-05 7.75e-06 5.35e-06 6.05e-06 6.3e-06 3.3e-06 5.95e-06 8.55e-06 7.15e-06 1.15e-05 5.75e-06 1.095e-05 1.025e-05 3.3e-06 9.8e-06 1.12e-05 8.65e-06 7.2e-06
16 8e-06 1.115e-05 1.11e-05 7.5e-06 1.085e-05 1.075e-05 1.14e-05 9.6e-06 8.8e-06 1.035e-05 1.125e-05 1.095e-05 1.005e-05 1.075e-05 5.95e-06 1.045e-05 8.7e-06 1.18e-05 1.05e-05 1.12e-05 1.04e-05 1.055e-05 1.045e-05 1.115e-05 1.03e-05 1.105e-05 1.08e-05 1.115e-05 1.08e-05 1.04e-05 1.115e-05 1.125e-05 7.25e-06 1.175e-05 7.8e-06 1.02e-05 1.025e-05 1.095e-05 1.16e-05 1.05e-05 8.7e-06 1.07e-05 1e-05 1.07e-05 1.175e-05 1.035e-05 1.15e-05 8.1e-06 9.85e-06 1.085e-05 9.9e-06 1.175e-05 1.155e-05 1.12e-05 1.025e-05 1.165e-05 1.175e-05 1.05e-05 1.08e-05 1.105e-05 9.95e-06 4.5e-06 9.45e-06 1.135e-05 1.05e-05 1.09e-05 1.165e-05 1.175e-05 1.23e-05 1.06e-05 1.095e-05 1.075e-05 8.9e-06 7.9e-06 1.09e-05 1.02e-05 1.07e-05 6.75e-06 1.1e-05 1.02e-05 1.085e-05 1.085e-05 8.15e-06 9.95e-06 1.055e-05 1.06e-05 1.06e-05 1.075e-05 8.05e-06 1.095e-05 9.6e-06 1.085e-05 1.09e-05 8.25e-06 1.115e-05 1.12e-05 1.045e-05 1.15e-05 7.75e-06 9.95e-06
17 1.025e-05 7.25e-06 8.25e-06 9.95e-06 7.75e-06 9.45e-06 7.15e-06 9e-06 1.02e-05 8.95e-06 6.9e-06 8.75e-06 8e-06 1.175e-05 1.01e-05 8.1e-06 1.18e-05 1.24e-05 1.12e-05 1.005e-05 7.6e-06 8.1e-06 1.115e-05 8.5e-06 1.035e-05 8.25e-06 8.4e-06 8.4e-06 1.18e-05 1.045e-05 6.2e-06 1.32e-05 1.18e-05 1.035e-05 1.125e-05 9.95e-06 1e-05 8.4e-06 6.85e-06 9.7e-06 9.85e-06 1.14e-05 8.4e-06 9.85e-06 6.85e-06 1.04e-05 7.7e-06 9.05e-06 9.6e-06 7.75e-06 1.105e-05 7.45e-06 9.7e-06 9.6e-06 8.85e-06 8e-06 8.45e-06 9.4e-06 8.9e-06 1.03e-05 9.4e-06 1.02e-05 8.2e-06 9e-06 9.4e-06 1.015e-05 8.15e-06 7.15e-06 9.25e-06 9.8e-06 8.65e-06 9.9e-06 1e-05 1e-05 9.75e-06 8.8e-06 8.45e-06 1.19e-05 7.35e-06 1.025e-05 8.3e-06 1.155e-05 1.19e-05 9.4e-06 8.35e-06 9.5e-06 8.6e-06 8.5e-06 8.85e-06 1.08e-05 9.9e-06 1.185e-05 8.8e-06 1.06e-05 8.8e-06 8.05e-06 8.9e-06 1.015e-05 9.9e-06 1.015e-05
18 9.85e-06 1.145e-05 9.15e-06 8.3e-06 8.85e-06 8.75e-06 1.12e-05 6.95e-06 9.95e-06 8.9e-06 1.045e-05 1.055e-05 8.15e-06 8.1e-06 1.175e-05 1.08e-05 1.05e-05 1.12e-05 1.17e-05 9.8e-06 9.2e-06 1.025e-05 6.05e-06 9.15e-06 1.05e-05 1.095e-05 1.05e-05 1.095e-05 8.25e-06 1.06e-05 1.035e-05 5.9e-06 9.8e-06 9e-06 8.15e-06 8.45e-06 8.55e-06 1.135e-05 1.1e-05 1.035e-05 9.5e-06 6.2e-06 1.11e-05 8.9e-06 1.115e-05 8e-06 1.1e-05 1.14e-05 7.35e-06 8.85e-06 6.65e-06 1.12e-05 8.7e-06 1.05e-05 8.85e-06 9.35e-06 9.65e-06 1.1e-05 1.05e-05 8.1e-06 6.3e-06 1.18e-05 1.19e-05 1.13e-05 1.1e-05 7.95e-06 1.19e-05 1.195e-05 1.105e-05 9.5e-06 8.7e-06 8.95e-06 9.1e-06 1.01e-05 9.5e-06 8.8e-06 1.15e-05 8.45e-06 1.1e-05 1.04e-05 1.125e-05 6.3e-06 9.15e-06 6.3e-06 8.35e-06 1.11e-05 1.035e-05 1.165e-05 1.025e-05 8.7e-06 8.7e-06 8.3e-06 1.05e-05 1.08e-05 1.11e-05 1.12e-05 9.75e-06 8.5e-06 1.08e-05 8.5e-06
19 1.105e-05 1.005e-05 8.9e-06 1.18e-05 9.15e-06 1.065e-05 9.6e-06 1.16e-05 9.9e-06 1.29e-05 1.315e-05 1.325e-05 1.195e-05 1.04e-05 1.205e-05 1.29e-05 1.12e-05 1.005e-05 9.8e-06 1.19e-05 1.215e-05 1.285e-05 9.75e-06 9.5e-06 1.3e-05 9.7e-06 1.31e-05 1.03e-05 1.045e-05 1.31e-05 1.305e-05 7.85e-06 1.18e-05 7.4e-06 9.35e-06 1.255e-05 1.26e-05 1.34e-05 9.85e-06 1.305e-05 1.13e-05 1e-05 1.155e-05 1.06e-05 9.1e-06 1.235e-05 8.9e-06 1.27e-05 1.185e-05 9.15e-06 9.2e-06 1.005e-05 7.15e-06 1.14e-05 1.28e-05 7.3e-06 7.65e-06 1.34e-05 1.31e-05 1.07e-05 1.195e-05 1.165e-05 1.02e-05 1.005e-05 1.34e-05 1.055e-05 1.055e-05 7.15e-06 7.75e-06 6.85e-06 1.29e-05 1.065e-05 1.23e-05 1.195e-05 6e-06 1.275e-05 1.38e-05 1.155e-05 1.35e-05 1.29e-05 1.33e-05 1.015e-05 9.95e-06 1.195e-05 1.25e-05 1.35e-05 1.2e-05 1.385e-05 1.23e-05 1.08e-05 1.22e-05 1.05e-05 1.32e-05 1.045e-05 9.85e-06 1.37e-05 9.6e-06 8.7e-06 1.215e-05 1.26e-05
20 8.45e-06 8.05e-06 8.75e-06 7.55e-06 8.55e-06 7.55e-06 8.2e-06 4.65e-06 9.15e-06 6e-06 4.25e-06 6.25e-06 4.6e-06 1.045e-05 9.45e-06 5.45e-06 1.04e-05 7.6e-06 9.2e-06 1.215e-05 6.9e-06 5.7e-06 9.15e-06 8.8e-06 8.3e-06 9.75e-06 6e-06 9.4e-06 1.05e-05 8.4e-06 3.45e-06 1.265e-05 9.55e-06 1.21e-05 9.45e-06 7.2e-06 7.25e-06 5.7e-06 8.1e-06 6.85e-06 7.45e-06 9.4e-06 7.8e-06 8.25e-06 8.8e-06 7.05e-06 9.85e-06 7.5e-06 6.15e-06 8.55e-06 9.2e-06 8.2e-06 1.195e-05 8.65e-06 5.9e-06 9.9e-06 9.9e-06 7.15e-06 6.6e-06 8.85e-06 5.95e-06 9.9e-06 9.6e-06 1e-05 7.15e-06 8.7e-06 8.95e-06 1.165e-05 1.175e-05 1.215e-05 5.55e-06 8.3e-06 7.65e-06 7.95e-06 1.185e-05 5.85e-06 6e-06 8.95e-06 4.75e-06 8.2e-06 5.6e-06 9.55e-06 1.15e-05 5.95e-06 5.35e-06 7.25e-06 7e-06 6.15e-06 6.9e-06 9.3e-06 5.5e-06 1.055e-05 6.4e-06 1.075e-05 9.8e-06 5.45e-06 9.2e-06 9.85e-06 8.55e-06 6.7e-06
21 8.95e-06 9.05e-06 9.65e-06 8.2e-06 9.45e-06 7.5e-06 9.35e-06 6.9e-06 9.55e-06 6.55e-06 4.2e-06 4.3e-06 6e-06 8.9e-06 9.05e-06 6.25e-06 1.055e-05 8.1e-06 1.025e-05 1.285e-05 5.7e-06 7.3e-06 1.02e-05 9.7e-06 4.2e-06 8.05e-06 4.05e-06 7.4e-06 8.95e-06 4.3e-06 3.7e-06 1.365e-05 7.75e-06 1.295e-05 1.095e-05 5.7e-06 5.75e-06 6.5e-06 8.3e-06 7.8e-06 7.75e-06 1.045e-05 7.5e-06 7.45e-06 9.4e-06 8.55e-06 9.2e-06 7.3e-06 7.55e-06 9.45e-06 1.01e-05 8.4e-06 1.28e-05 7.5e-06 6.45e-06 1.15e-05 1.145e-05 5.1e-06 4.4e-06 8.25e-06 7.05e-06 9.7e-06 1.01e-05 8.3e-06 5.1e-06 8.1e-06 9.3e-06 1.215e-05 1.095e-05 1.275e-05 6.05e-06 7.5e-06 6.95e-06 8.6e-06 1.255e-05 6.4e-06 6e-06 1.005e-05 4.9e-06 4.1e-06 6.4e-06 1.06e-05 1.19e-05 7.05e-06 5.75e-06 5.2e-06 5.3e-06 6.1e-06 6.85e-06 9.8e-06 8.25e-06 9e-06 4.35e-06 9.5e-06 8.1e-06 5.4e-06 1.04e-05 9.95e-06 6.4e-06 8e-06
22 9.8e-06 1.14e-05 9.1e-06 8.25e-06 8.8e-06 8.7e-06 1.115e-05 6.9e-06 9.9e-06 8.9e-06 1.04e-05 1.05e-05 8.1e-06 8.2e-06 1.17e-05 1.075e-05 1.045e-05 1.115e-05 6.05e-06 9.75e-06 9.15e-06 1.02e-05 1.16e-05 9.15e-06 1.045e-05 1.09e-05 1.045e-05 1.09e-05 8.25e-06 1.055e-05 1.03e-05 6e-06 9.75e-06 8.85e-06 8.1e-06 8.45e-06 8.5e-06 1.13e-05 1.095e-05 1.03e-05 9.45e-06 6.25e-06 1.105e-05 8.85e-06 1.11e-05 7.95e-06 1.095e-05 1.135e-05 7.3e-06 8.8e-06 6.6e-06 1.115e-05 8.7e-06 1.045e-05 8.8e-06 9.3e-06 9.6e-06 1.095e-05 1.045e-05 8.1e-06 6.3e-06 1.175e-05 1.185e-05 1.125e-05 1.095e-05 7.95e-06 1.185e-05 1.19e-05 1.1e-05 9.45e-06 8.7e-06 8.9e-06 9.05e-06 1.005e-05 9.45e-06 8.75e-06 1.145e-05 8.4e-06 1.095e-05 1.035e-05 1.12e-05 6.4e-06 9e-06 6.25e-06 8.3e-06 1.105e-05 1.03e-05 1.16e-05 1.02e-05 8.7e-06 8.65e-06 8.3e-06 1.045e-05 1.075e-05 1.105e-05 1.115e-05 9.7e-06 8.45e-06 1.075e-05 8.45e-06
23 1.095e-05 8.75e-06 6.8e-06 8.2e-06 6.7e-06 9.15e-06 8.45e-06 7.1e-06 1.15e-05 8.35e-06 9.55e-06 1.01e-05 7.75e-06 1.115e-05 9.95e-06 9.9e-06 1.115e-05 8.5e-06 9.15e-06 9.5e-06 8.8e-06 9.7e-06 9.15e-06 1.21e-05 1.03e-05 8.6e-06 9.95e-06 8.6e-06 1.12e-05 1.04e-05 9.45e-06 1.205e-05 1.125e-05 9.1e-06 1.005e-05 8.25e-06 8.35e-06 1.04e-05 8.3e-06 9.95e-06 1.06e-05 9.1e-06 9.7e-06 9.15e-06 8.45e-06 7.95e-06 8.35e-06 1.005e-05 7.45e-06 6.7e-06 9.1e-06 7.8e-06 9.5e-06 1.06e-05 8.3e-06 7.65e-06 7.1e-06 1.045e-05 9.95e-06 8.55e-06 6.25e-06 9.95e-06 9.45e-06 8.3e-06 1.045e-05 8.35e-06 8.65e-06 6.8e-06 9.15e-06 9.6e-06 8.1e-06 9.2e-06 8.5e-06 9.2e-06 9.2e-06 8.25e-06 1.06e-05 9.9e-06 1.01e-05 1.02e-05 1.03e-05 9.35e-06 1.12e-05 6.3e-06 8e-06 1.055e-05 9.8e-06 1.065e-05 9.6e-06 1.13e-05 8.8e-06 1.125e-05 1.005e-05 1.04e-05 8.1e-06 1.03e-05 6.75e-06 9.4e-06 9.8e-06 8.6e-06
24 1.02e-05 1.085e-05 1.025e-05 8.5e-06 1.005e-05 7.15e-06 1.105e-05 7.85e-06 1.1e-05 8.2e-06 7.45e-06 4.7e-06 8e-06 6.95e-06 8.75e-06 8.8e-06 1.03e-05 1.035e-05 1.05e-05 1.3e-05 8.3e-06 4.2e-06 1.045e-05 1.03e-05 5e-07 6.45e-06 4.1e-06 5.75e-06 7e-06 5e-07 7.65e-06 1.345e-05 5.8e-06 1.31e-05 1.12e-05 4.2e-06 4.25e-06 9.25e-06 9.85e-06 9.45e-06 9.05e-06 1.07e-05 8.55e-06 5.95e-06 1.1e-05 9.25e-06 8.75e-06 8.45e-06 8.25e-06 1.005e-05 1.035e-05 9.95e-06 1.295e-05 7.35e-06 8.1e-06 1.21e-05 1.205e-05 4.45e-06 3.85e-06 7.15e-06 7.75e-06 9.4e-06 1.145e-05 6.7e-06 4.55e-06 7e-06 1.085e-05 1.265e-05 9.75e-06 1.29e-05 7.8e-06 5.9e-06 6.25e-06 8.8e-06 1.27e-05 8.05e-06 8.6e-06 1.03e-05 8.2e-06 5e-07 9.15e-06 1.085e-05 1.165e-05 7.75e-06 7.4e-06 4.5e-06 5.15e-06 8.65e-06 8.1e-06 1.1e-05 9.3e-06 6.9e-06 4.65e-06 7.9e-06 6.6e-06 8.1e-06 1.1e-05 8.85e-06 4.75e-06 8.85e-06
25 1.1e-05 8.55e-06 8.35e-06 9.75e-06 7.8e-06 8.7e-06 8.35e-06 9.45e-06 1.115e-05 1.01e-05 9.65e-06 8.55e-06 9.5e-06 9.45e-06 9.3e-06 1.015e-05 1.105e-05 8.25e-06 1.095e-05 9.7e-06 9.75e-06 8.05e-06 1.09e-05 8.6e-06 6.45e-06 1.24e-05 8.15e-06 6.35e-06 9.5e-06 6.55e-06 9.7e-06 1.25e-05 9.5e-06 1e-05 1.1e-05 8.1e-06 8.15e-06 1.065e-05 7.85e-06 1.085e-05 1.065e-05 1.115e-05 8.95e-06 8e-06 7.9e-06 1.06e-05 6.65e-06 9.7e-06 9.8e-06 7.8e-06 1.08e-05 8.5e-06 9.3e-06 9.05e-06 1e-05 8.05e-06 8.55e-06 8.5e-06 8e-06 8.8e-06 9.6e-06 9.4e-06 9.05e-06 7.05e-06 8.5e-06 8.65e-06 9.2e-06 7.15e-06 7.65e-06 9.45e-06 9.9e-06 8.05e-06 8.8e-06 9.7e-06 9.4e-06 9.95e-06 1.055e-05 1.165e-05 1.02e-05 6.4e-06 1.055e-05 1.13e-05 1.115e-05 9.6e-06 9.5e-06 8.6e-06 7.95e-06 1.055e-05 9.6e-06 1.15e-05 1.045e-05 9.55e-06 8.5e-06 8.6e-06 6.9e-06 1.025e-05 9e-06 8.65e-06 7.75e-06 1.05e-05
26 9.2e-06 9.3e-06 9.9e-06 8.45e-06 9.7e-06 7.65e-06 9.6e-06 7.15e-06 9.8e-06 6.8e-06 4.4e-06 4.65e-06 6.25e-06 9e-06 9.3e-06 6.5e-06 1.08e-05 8.4e-06 1.05e-05 1.31e-05 6e-06 4.05e-06 1.045e-05 9.95e-06 4.1e-06 8.15e-06 7.8e-06 7.5e-06 9.05e-06 4.25e-06 4e-06 1.39e-05 7.85e-06 1.32e-05 1.12e-05 5.8e-06 5.85e-06 6.75e-06 8.55e-06 8.05e-06 8e-06 1.07e-05 7.75e-06 7.55e-06 9.65e-06 8.8e-06 9.45e-06 7.55e-06 7.8e-06 9.7e-06 1.035e-05 8.65e-06 1.305e-05 7.65e-06 6.7e-06 1.175e-05 1.17e-05 5.2e-06 4.5e-06 8.4e-06 7.3e-06 9.95e-06 1.035e-05 8.4e-06 5.2e-06 8.25e-06 9.55e-06 1.24e-05 1.11e-05 1.3e-05 6.3e-06 7.6e-06 7.2e-06 8.85e-06 1.28e-05 6.65e-06 6.25e-06 1.03e-05 5.2e-06 4.1e-06 6.65e-06 1.085e-05 1.215e-05 7.3e-06 6e-06 5.3e-06 5.55e-06 6.35e-06 7.1e-06 1.005e-05 8.5e-06 9.1e-06 4.7e-06 9.65e-06 8.25e-06 5.65e-06 1.065e-05 1.01e-05 6.65e-06 8.25e-06
27 1.15e-05 8.55e-06 8.45e-06 9.55e-06 8e-06 8.65e-06 8.65e-06 8.9e-06 1.145e-05 9.75e-06 9.05e-06 7.9e-06 8.95e-06 9.3e-06 9.1e-06 9.9e-06 1.115e-05 8.4e-06 1.095e-05 1.03e-05 9.4e-06 7.4e-06 1.09e-05 8.6e-06 5.75e-06 6.35e-06 7.5e-06 1.1e-05 9.35e-06 5.75e-06 9.1e-06 1.3e-05 9.2e-06 1.05e-05 1.14e-05 7.4e-06 7.5e-06 1.04e-05 8e-06 1.065e-05 1.07e-05 1.115e-05 9.65e-06 7.95e-06 8.8e-06 1.025e-05 7.6e-06 9.5e-06 9.25e-06 8e-06 1.08e-05 8.45e-06 1e-05 9.2e-06 9.65e-06 8.8e-06 9.1e-06 8.05e-06 7.35e-06 8.8e-06 9.1e-06 9.5e-06 9.4e-06 6.85e-06 7.95e-06 8.65e-06 9.35e-06 7.6e-06 8.25e-06 1e-05 9.35e-06 8.05e-06 8.35e-06 9.3e-06 1e-05 9.6e-06 1.035e-05 1.16e-05 9.8e-06 5.65e-06 1.03e-05 1.13e-05 1.145e-05 9.1e-06 8.95e-06 8.15e-06 8e-06 1.035e-05 9.35e-06 1.165e-05 1.025e-05 9.45e-06 7.85e-06 8.9e-06 6.8e-06 9.85e-06 9.15e-06 9.25e-06 7.25e-06 1.01e-05
28 1.05e-05 1.205e-05 1.115e-05 1.03e-05 1.09e-05 8.75e-06 1.195e-05 9.7e-06 9.95e-06 1.085e-05 1.09e-05 9.35e-06 1.03e-05 6.85e-06 1.145e-05 1.145e-05 1.08e-05 1.18e-05 8.25e-06 1.045e-05 1.05e-05 8.95e-06 8.25e-06 1.12e-05 7e-06 9.5e-06 9.05e-06 9.35e-06 1.35e-05 7.05e-06 1.095e-05 6.9e-06 8.45e-06 9.7e-06 9.6e-06 8.45e-06 8.45e-06 1.195e-05 1.145e-05 1.165e-05 1.005e-05 8.45e-06 1.1e-05 8.15e-06 1.17e-05 1.09e-05 1.045e-05 1.14e-05 1.015e-05 1.09e-05 8.8e-06 1.16e-05 9.45e-06 9.3e-06 1.075e-05 1.07e-05 1.095e-05 9.4e-06 8.9e-06 8.55e-06 9.85e-06 1.16e-05 1.23e-05 9.75e-06 9.35e-06 8.4e-06 1.23e-05 1.25e-05 9.95e-06 1.02e-05 1.065e-05 8.25e-06 9.6e-06 1.1e-05 1.015e-05 1.07e-05 1.18e-05 1.045e-05 1.145e-05 6.9e-06 1.185e-05 8.6e-06 9.5e-06 9.85e-06 1.025e-05 9.5e-06 9.05e-06 1.19e-05 1.065e-05 9.2e-06 1.07e-05 7e-06 9.3e-06 9.35e-06 9.65e-06 1.15e-05 1.16e-05 8.2e-06 9.1e-06 1.08e-05
29 1.03e-05 1.095e-05 1.035e-05 8.6e-06 1.015e-05 7.25e-06 1.115e-05 7.95e-06 1.11e-05 8.3e-06 7.55e-06 4.8e-06 8.1e-06 7e-06 8.85e-06 8.9e-06 1.04e-05 1.045e-05 1.06e-05 1.31e-05 8.4e-06 4.3e-06 1.055e-05 1.04e-05 5e-07 6.55e-06 4.25e-06 5.75e-06 7.05e-06 7e-07 7.75e-06 1.355e-05 5.9e-06 1.32e-05 1.13e-05 4.2e-06 4.3e-06 9.35e-06 9.95e-06 9.55e-06 9.15e-06 1.08e-05 8.65e-06 6e-06 1.11e-05 9.35e-06 8.85e-06 8.55e-06 8.35e-06 1.015e-05 1.045e-05 1.005e-05 1.305e-05 7.45e-06 8.2e-06 1.22e-05 1.215e-05 4.45e-06 3.95e-06 7.25e-06 7.85e-06 9.5e-06 1.155e-05 6.65e-06 4.5e-06 7.1e-06 1.095e-05 1.275e-05 9.85e-06 1.3e-05 7.9e-06 6e-06 6.35e-06 8.9e-06 1.28e-05 8.15e-06 8.7e-06 1.04e-05 8.3e-06 5.5e-07 9.25e-06 1.095e-05 1.175e-05 7.85e-06 7.5e-06 4.65e-06 5.25e-06 8.75e-06 8.2e-06 1.11e-05 9.4e-06 7.05e-06 4.75e-06 8e-06 6.7e-06 8.2e-06 1.11e-05 8.95e-06 4.85e-06 8.95e-06
30 8.05e-06 7.6e-06 9.4e-06 8.25e-06 9.2e-06 8e-06 8e-06 6.3e-06 8.45e-06 5.25e-06 1.3e-06 4.45e-06 4.35e-06 1.09e-05 9.7e-06 4.05e-06 1.115e-05 6.2e-06 1.035e-05 1.305e-05 3.45e-06 3.7e-06 1.03e-05 9.45e-06 7.65e-06 9.7e-06 4e-06 9.1e-06 1.095e-05 7.75e-06 2e-07 1.42e-05 9.75e-06 1.315e-05 1.105e-05 7.25e-06 7.3e-06 4.1e-06 7.1e-06 6.5e-06 6.8e-06 1.055e-05 6.8e-06 9e-06 8.15e-06 8.2e-06 1e-05 6.5e-06 7.2e-06 9.2e-06 1.02e-05 7.2e-06 1.3e-05 7.8e-06 5.15e-06 1.125e-05 1.12e-05 5.7e-06 5e-06 9.5e-06 6.7e-06 1.035e-05 9.1e-06 9.95e-06 5.7e-06 9.35e-06 8.1e-06 1.2e-05 1.23e-05 1.295e-05 4.65e-06 9.05e-06 8e-06 8.75e-06 1.275e-05 5.1e-06 3.75e-06 1.015e-05 1.95e-06 7.55e-06 4e-06 1.07e-05 1.25e-05 6.7e-06 4.45e-06 5.8e-06 5.8e-06 3.9e-06 5.95e-06 8.95e-06 7.55e-06 1.1e-05 4.6e-06 1.125e-05 9.75e-06 3.05e-06 1.015e-05 1.12e-05 8.4e-06 7.5e-06
31 1.075e-05 1.32e-05 1.2e-05 1.205e-05 1.17e-05 1.03e-05 1.28e-05 1.15e-05 8.85e-06 1.345e-05 1.43e-05 1.395e-05 1.255e-05 6.75e-06 1.41e-05 1.405e-05 1.125e-05 1.32e-05 5.9e-06 7.85e-06 1.265e-05 1.365e-05 6e-06 1.205e-05 1.345e-05 1.25e-05 1.39e-05 1.3e-05 6.9e-06 1.355e-05 1.42e-05 4e-07 1.105e-05 6.25e-06 7.95e-06 1.275e-05 1.28e-05 1.46e-05 1.3e-05 1.38e-05 1.1e-05 6.2e-06 1.34e-05 1.04e-05 1.235e-05 1.25e-05 1.21e-05 1.43e-05 1.2e-05 1.17e-05 7.15e-06 1.32e-05 5.95e-06 1.12e-05 1.335e-05 9.25e-06 9.8e-06 1.42e-05 1.39e-05 9.9e-06 1.19e-05 1.375e-05 1.31e-05 1.285e-05 1.42e-05 9.75e-06 1.37e-05 1.23e-05 1.01e-05 7.4e-06 1.345e-05 1.045e-05 1.29e-05 1.315e-05 7.55e-06 1.33e-05 1.495e-05 1.055e-05 1.465e-05 1.335e-05 1.45e-05 6.25e-06 7.3e-06 1.19e-05 1.305e-05 1.43e-05 1.29e-05 1.51e-05 1.315e-05 7.6e-06 1.205e-05 6.95e-06 1.39e-05 1.075e-05 1.265e-05 1.485e-05 1.215e-05 7.5e-06 1.34e-05 1.27e-05
32 8.25e-06 1.175e-05 1.12e-05 8.5e-06 1.095e-05 9.05e-06 1.195e-05 8.7e-06 9.75e-06 9.4e-06 9.7e-06 8.15e-06 9.15e-06 8.4e-06 9.25e-06 9.95e-06 7.25e-06 1.18e-05 9.8e-06 1.18e-05 9.55e-06 7.75e-06 9.75e-06 1.125e-05 5.8e-06 9.5e-06 7.85e-06 9.2e-06 8.45e-06 5.9e-06 9.75e-06 1.105e-05 1.11e-05 1.235e-05 8.45e-06 7.35e-06 7.4e-06 1.045e-05 1.145e-05 1.005e-05 8.1e-06 1e-05 1.04e-05 8.5e-06 1.21e-05 9.65e-06 1.085e-05 9.4e-06 8.95e-06 1.095e-05 9.2e-06 1.16e-05 1.215e-05 9.65e-06 9.3e-06 1.24e-05 1.245e-05 7.9e-06 7.7e-06 9.25e-06 8.75e-06 9e-06 1.13e-05 9.8e-06 7.9e-06 9.1e-06 1.2e-05 1.335e-05 1.18e-05 1.145e-05 9.5e-06 8.55e-06 8.05e-06 9.25e-06 1.15e-05 9.25e-06 1e-05 7.45e-06 9.95e-06 5.75e-06 1.035e-05 1.015e-05 1.025e-05 8.75e-06 9.1e-06 8e-06 8.25e-06 1.01e-05 8.8e-06 1.05e-05 9.5e-06 8.5e-06 8.1e-06 9.3e-06 9.65e-06 1e-05 1.125e-05 1.035e-05 7.4e-06 9.3e-06
33 1.17e-05 1.035e-05 9.5e-06 1.18e-05 9.4e-06 1.055e-05 9.9e-06 1.15e-05 1.025e-05 1.295e-05 1.325e-05 1.335e-05 1.2e-05 9.65e-06 1.215e-05 1.3e-05 1.175e-05 1.035e-05 9e-06 7.4e-06 1.21e-05 1.295e-05 8.85e-06 9.1e-06 1.31e-05 1e-05 1.32e-05 1.05e-05 9.7e-06 1.32e-05 1.315e-05 6.25e-06 1.235e-05 1.21e-05 9.7e-06 1.26e-05 1.265e-05 1.35e-05 1.015e-05 1.325e-05 1.195e-05 9.2e-06 1.185e-05 1.05e-05 9.5e-06 1.25e-05 9.3e-06 1.28e-05 1.195e-05 9.4e-06 9.5e-06 9.7e-06 6.6e-06 1.115e-05 1.285e-05 7.4e-06 7.1e-06 1.35e-05 1.32e-05 1.04e-05 1.195e-05 1.175e-05 1.05e-05 9.65e-06 1.35e-05 1.025e-05 1.03e-05 7e-06 8.05e-06 7.4e-06 1.295e-05 1.055e-05 1.235e-05 1.21e-05 7.1e-06 1.28e-05 1.39e-05 1.205e-05 1.36e-05 1.3e-05 1.34e-05 9.35e-06 9.1e-06 1.195e-05 1.255e-05 1.36e-05 1.22e-05 1.395e-05 1.235e-05 1.005e-05 1.2e-05 9.75e-06 1.33e-05 1.02e-05 9.5e-06 1.38e-05 9.2e-06 8.25e-06 1.225e-05 1.27e-05
34 7.95e-06 1.095e-05 9.9e-06 8.55e-06 9.65e-06 8.3e-06 1.085e-05 8.1e-06 9.15e-06 9.9e-06 1.115e-05 1.125e-05 9.3e-06 9.55e-06 1.055e-05 1.065e-05 7.8e-06 1.125e-05 8.15e-06 9.35e-06 9.45e-06 1.095e-05 8.1e-06 1.005e-05 1.12e-05 1.1e-05 1.12e-05 1.14e-05 9.6e-06 1.13e-05 1.105e-05 7.95e-06 8.45e-06 9.7e-06 1.09e-05 9.95e-06 1e-05 1.115e-05 1.105e-05 1.005e-05 8.5e-06 8.35e-06 1.095e-05 8.4e-06 1.07e-05 8.95e-06 1.055e-05 1.065e-05 8.5e-06 9.65e-06 7.85e-06 1.13e-05 9.4e-06 1.07e-05 9.8e-06 8.4e-06 8.6e-06 1.12e-05 1.12e-05 9.6e-06 8.55e-06 9.8e-06 1.04e-05 1.14e-05 1.12e-05 9.45e-06 1.15e-05 1.125e-05 1.105e-05 9.1e-06 1.02e-05 8.4e-06 9.7e-06 9.55e-06 9.05e-06 9.75e-06 1.12e-05 7e-06 1.12e-05 1.11e-05 1.105e-05 8.5e-06 9.1e-06 8.55e-06 9.8e-06 1.13e-05 1.05e-05 1.135e-05 9.75e-06 9.55e-06 8.3e-06 9.65e-06 1.12e-05 1.015e-05 1.12e-05 1.14e-05 9.75e-06 7.95e-06 1.05e-05 8.9e-06
35 9.75e-06 1.045e-05 8.45e-06 6.7e-06 8.2e-06 7.35e-06 1.05e-05 5.3e-06 1.12e-05 6.25e-06 7.2e-06 6.1e-06 6.05e-06 8.4e-06 9.25e-06 8.35e-06 1.02e-05 9.95e-06 8.45e-06 1.255e-05 7.2e-06 5.7e-06 8.45e-06 8.25e-06 4.2e-06 8.1e-06 5.8e-06 7.4e-06 8.45e-06 4.2e-06 7.25e-06 1.275e-05 7.35e-06 1.26e-05 9.95e-06 7.9e-06 4.2e-06 8.85e-06 9.6e-06 8.35e-06 8.7e-06 8.45e-06 8.85e-06 6.8e-06 1.065e-05 6.35e-06 9.5e-06 8.65e-06 5.65e-06 8.2e-06 8.4e-06 9.75e-06 1.24e-05 8.75e-06 6.2e-06 1.095e-05 1.095e-05 6.35e-06 5.65e-06 6.7e-06 4.2e-06 9.8e-06 1.125e-05 8.3e-06 6.25e-06 6.55e-06 1.065e-05 1.23e-05 1.105e-05 1.24e-05 5.85e-06 6.9e-06 5.75e-06 8.1e-06 1.225e-05 6.15e-06 8.5e-06 8.3e-06 7.95e-06 4.1e-06 8.75e-06 8.65e-06 1.15e-05 4.2e-06 5.7e-06 6.45e-06 6.65e-06 8.6e-06 7.9e-06 1.06e-05 7.5e-06 8.55e-06 6.05e-06 9.55e-06 8.25e-06 8e-06 9.15e-06 9.35e-06 6.65e-06 6.7e-06
36 9.8e-06 1.05e-05 8.5e-06 6.75e-06 8.25e-06 7.4e-06 1.055e-05 5.35e-06 1.125e-05 6.35e-06 7.25e-06 6.15e-06 6.1e-06 8.45e-06 9.3e-06 8.4e-06 1.025e-05 1e-05 8.55e-06 1.26e-05 7.25e-06 5.75e-06 8.5e-06 8.35e-06 4.25e-06 8.15e-06 5.85e-06 7.5e-06 8.45e-06 4.3e-06 7.3e-06 1.28e-05 7.4e-06 1.265e-05 1e-05 4.2e-06 8e-06 8.9e-06 9.65e-06 8.4e-06 8.75e-06 8.55e-06 8.9e-06 6.85e-06 1.07e-05 6.3e-06 9.55e-06 8.7e-06 5.7e-06 8.25e-06 8.45e-06 9.8e-06 1.245e-05 8.8e-06 6.15e-06 1.1e-05 1.1e-05 6.4e-06 5.7e-06 6.8e-06 4.3e-06 9.85e-06 1.13e-05 8.4e-06 6.35e-06 6.65e-06 1.07e-05 1.235e-05 1.11e-05 1.245e-05 5.95e-06 6.95e-06 5.8e-06 8.15e-06 1.23e-05 6.2e-06 8.55e-06 8.35e-06 8e-06 4.15e-06 8.8e-06 8.6e-06 1.155e-05 4.3e-06 5.75e-06 6.5e-06 6.7e-06 8.65e-06 7.95e-06 1.065e-05 7.55e-06 8.6e-06 6.1e-06 9.6e-06 8.3e-06 8.05e-06 9.2e-06 9.4e-06 6.7e-06 6.75e-06
37 7.85e-06 7.6e-06 1.035e-05 8.95e-06 1.015e-05 8.85e-06 7.45e-06 7.45e-06 8.55e-06 5.7e-06 3.6e-06 5.8e-06 5.85e-06 1.19e-05 9.7e-06 3.15e-06 1.095e-05 8.4e-06 1.135e-05 1.34e-05 5.7e-06 6.5e-06 1.13e-05 1.04e-05 9.25e-06 1.065e-05 6.75e-06 1.04e-05 1.195e-05 9.35e-06 4.1e-06 1.46e-05 1.045e-05 1.35e-05 1.115e-05 8.85e-06 8.9e-06 5.4e-06 7.6e-06 6.45e-06 7.55e-06 1.155e-05 7.1e-06 1e-05 8.2e-06 9.3e-06 1.035e-05 6.15e-06 8.5e-06 1.015e-05 1.12e-05 7.7e-06 1.335e-05 7.7e-06 5.6e-06 1.16e-05 1.16e-05 6.15e-06 6.15e-06 1.055e-05 8.3e-06 1.015e-05 8.55e-06 1.09e-05 6.15e-06 1.04e-05 7.9e-06 1.215e-05 1.27e-05 1.31e-05 6e-06 1.005e-05 8.85e-06 9.25e-06 1.31e-05 5.55e-06 3.05e-06 1.01e-05 3.65e-06 9.15e-06 2.95e-06 1.17e-05 1.26e-05 8.3e-06 5.6e-06 6.25e-06 6.45e-06 3.25e-06 6.2e-06 8.8e-06 7.65e-06 1.2e-05 5.75e-06 1.14e-05 1.07e-05 3.25e-06 1.035e-05 1.165e-05 9.15e-06 7.85e-06
38 9.8e-06 7e-06 8.05e-06 9.75e-06 7.5e-06 8.95e-06 6.65e-06 8.9e-06 1.005e-05 8.45e-06 6.6e-06 8e-06 8.05e-06 1.14e-05 9.9e-06 7.35e-06 1.16e-05 6.85e-06 1.1e-05 9.85e-06 8.1e-06 8.3e-06 1.095e-05 8.3e-06 9.85e-06 7.85e-06 8.55e-06 8e-06 1.145e-05 9.95e-06 7.1e-06 1.3e-05 1.145e-05 1.015e-05 1.105e-05 9.6e-06 9.65e-06 7.6e-06 1.2e-05 9.2e-06 9.25e-06 1.12e-05 7.8e-06 9.5e-06 6.35e-06 1.02e-05 7.3e-06 8.55e-06 9.35e-06 7.5e-06 1.085e-05 6.65e-06 9.45e-06 9.1e-06 8.35e-06 7.75e-06 8.25e-06 8.75e-06 8.05e-06 1.01e-05 9.2e-06 1e-05 7.65e-06 8.65e-06 8.75e-06 9.95e-06 7.65e-06 6.95e-06 9.05e-06 9.6e-06 8.05e-06 9.55e-06 9.65e-06 9.75e-06 9.55e-06 8.3e-06 7.65e-06 1.17e-05 7.45e-06 9.75e-06 7.5e-06 1.135e-05 1.17e-05 9.2e-06 7.55e-06 8.85e-06 8e-06 7.7e-06 8.05e-06 1.03e-05 9.65e-06 1.15e-05 7.95e-06 1.04e-05 8.45e-06 7.15e-06 8.7e-06 9.95e-06 9.55e-06 9.65e-06
39 8.65e-06 9.3e-06 9.9e-06 8.2e-06 9.65e-06 8.9e-06 9.75e-06 6.9e-06 1.015e-05 6.25e-06 6.3e-06 7.6e-06 6.65e-06 1.16e-05 9.5e-06 6.15e-06 1.05e-05 9.7e-06 1.035e-05 1.305e-05 6.85e-06 7.8e-06 1.03e-05 9.95e-06 9.45e-06 1.085e-05 8.05e-06 1.065e-05 1.165e-05 9.55e-06 6.5e-06 1.38e-05 1.005e-05 1.325e-05 1.005e-05 8.35e-06 8.4e-06 6.45e-06 9.2e-06 1.02e-05 8.55e-06 1.055e-05 8.35e-06 9.5e-06 9.6e-06 6.4e-06 1.07e-05 7.2e-06 6.8e-06 9.65e-06 1.01e-05 9.35e-06 1.305e-05 8.9e-06 6.15e-06 1.11e-05 1.115e-05 7.4e-06 7.75e-06 1e-05 7.1e-06 1.025e-05 1e-05 1.115e-05 7.4e-06 9.85e-06 9.2e-06 1.24e-05 1.29e-05 1.27e-05 6.9e-06 9.55e-06 8.15e-06 8.05e-06 1.275e-05 6.15e-06 5.35e-06 8.8e-06 6e-06 9.35e-06 6.3e-06 1.07e-05 1.225e-05 7.1e-06 6.5e-06 7.5e-06 7.85e-06 5.55e-06 7.55e-06 9.55e-06 6.25e-06 1.17e-05 7.55e-06 1.15e-05 1.095e-05 5.9e-06 9.7e-06 1.11e-05 9.15e-06 6.3e-06
40 7.1e-06 9.95e-06 1.045e-05 8.7e-06 1.02e-05 8.8e-06 9.8e-06 7.9e-06 8.65e-06 7.9e-06 6.5e-06 7.25e-06 7.45e-06 1e-05 1.03e-05 7.3e-06 8.7e-06 9.85e-06 9.5e-06 1.13e-05 7.45e-06 7.75e-06 9.45e-06 1.06e-05 9.05e-06 1.065e-05 8e-06 1.07e-05 1.005e-05 9.15e-06 6.8e-06 1.1e-05 8.1e-06 1.195e-05 8.5e-06 8.7e-06 8.75e-06 7.55e-06 9.25e-06 8.55e-06 1.18e-05 9.7e-06 8.5e-06 9.5e-06 9.8e-06 9.1e-06 1.07e-05 8.7e-06 8.35e-06 1.02e-05 8.9e-06 9.5e-06 1.165e-05 9.65e-06 7.8e-06 1.13e-05 1.145e-05 8.3e-06 7.6e-06 1.02e-05 8.2e-06 1.015e-05 1.02e-05 1.105e-05 8.3e-06 1.005e-05 1.04e-05 1.285e-05 1.255e-05 1.125e-05 7.3e-06 9.55e-06 9.05e-06 9.45e-06 1.1e-05 7.75e-06 7.55e-06 8.15e-06 7.25e-06 8.95e-06 7.45e-06 9.85e-06 1.08e-05 8.2e-06 7.1e-06 8.4e-06 7.85e-06 7.7e-06 7.55e-06 9.25e-06 8.85e-06 1.01e-05 7.4e-06 1.11e-05 1.085e-05 6.75e-06 1.09e-05 1.095e-05 9.35e-06 8.6e-06
41 1.005e-05 1.165e-05 9.35e-06 8.5e-06 9.05e-06 8.95e-06 1.14e-05 7.15e-06 1.015e-05 8.9e-06 1.065e-05 1.075e-05 8.35e-06 8.4e-06 1.195e-05 1.1e-05 1.07e-05 1.14e-05 6.2e-06 1e-05 9.4e-06 1.045e-05 6.25e-06 9.1e-06 1.07e-05 1.115e-05 1.07e-05 1.115e-05 8.45e-06 1.08e-05 1.055e-05 6.2e-06 1e-05 9.2e-06 8.35e-06 8.45e-06 8.55e-06 1.155e-05 1.12e-05 1.055e-05 9.7e-06 1.21e-05 1.13e-05 9.1e-06 1.135e-05 8e-06 1.12e-05 1.16e-05 7.55e-06 9.05e-06 6.85e-06 1.14e-05 8.9e-06 1.07e-05 8.85e-06 9.55e-06 9.85e-06 1.12e-05 1.07e-05 8.1e-06 6.2e-06 1.2e-05 1.21e-05 1.15e-05 1.12e-05 7.9e-06 1.21e-05 1.215e-05 1.125e-05 9.7e-06 8.6e-06 9.15e-06 9.1e-06 1.03e-05 9.7e-06 8.8e-06 1.17e-05 8.45e-06 1.12e-05 1.06e-05 1.145e-05 6.4e-06 9.35e-06 6.3e-06 8.55e-06 1.13e-05 1.055e-05 1.185e-05 1.045e-05 8.9e-06 8.9e-06 8.5e-06 1.07e-05 1.1e-05 1.13e-05 1.14e-05 9.75e-06 8.7e-06 1.1e-05 8.65e-06
42 8.25e-06 8.75e-06 9.45e-06 8.75e-06 9.15e-06 8.75e-06 8.65e-06 8.9e-06 9.45e-06 7.5e-06 6.5e-06 7.3e-06 8.15e-06 1.095e-05 7.3e-06 6.9e-06 1e-05 8.4e-06 1.11e-05 1.155e-05 7.8e-06 7.5e-06 1.105e-05 9.7e-06 8.55e-06 8.95e-06 7.75e-06 9.65e-06 1.1e-05 8.65e-06 6.8e-06 1.34e-05 1.04e-05 1.185e-05 1.095e-05 8.85e-06 8.9e-06 7.1e-06 7.8e-06 8.35e-06 8.5e-06 1.13e-05 8.6e-06 9.15e-06 6.95e-06 1.01e-05 8e-06 6.4e-06 9.45e-06 9.15e-06 1.095e-05 8.2e-06 1.14e-05 8.3e-06 7.4e-06 9.8e-06 1.01e-05 7.25e-06 7.35e-06 1.005e-05 9e-06 7.6e-06 9.2e-06 9.5e-06 7.25e-06 9.9e-06 8.3e-06 1.035e-05 1.06e-05 1.16e-05 7.9e-06 9.2e-06 8.45e-06 8.65e-06 1.125e-05 7.4e-06 5.95e-06 1.1e-05 6.45e-06 8.45e-06 6.95e-06 1.145e-05 1.06e-05 9e-06 7.5e-06 7.35e-06 6.2e-06 6.05e-06 7.2e-06 9.65e-06 9.3e-06 1.105e-05 7.25e-06 9.25e-06 9.3e-06 6.25e-06 9.9e-06 1.03e-05 7.6e-06 9.05e-06
