 slim_337661996 slim_337661813 slim_337661800 slim_337661988 slim_337661977 slim_337661948 slim_337661861 slim_337662001 slim_337661925 slim_337661420 slim_337661969 slim_337661997 slim_337661750 slim_337662008 slim_337661995 slim_337661886 slim_337661870 slim_337661980 slim_337661998 slim_337661965 slim_337661850 slim_337661990 slim_337661903 slim_337661986 slim_337661917 slim_337661972 slim_337661887 slim_337661976 slim_337662007 slim_337661735 slim_337661915 slim_337661978 slim_337661906 slim_337661985 slim_337661881 slim_337661979 slim_337661705 slim_337661993 slim_337661949 slim_337661866 slim_337661989 slim_337661938 slim_337661964 slim_337661931 slim_337661932 slim_337661933 slim_337661476 slim_337661902 slim_337661923 slim_337661826 slim_337661899 slim_337661855 slim_337661984 slim_337662005 slim_337661900 slim_337661669 slim_337661810 slim_337661909 slim_337661950 slim_337661967 slim_337661757 slim_337662004 slim_337661820 slim_337661939 slim_337661959 slim_337662009 slim_337661670 slim_337661992 slim_337661946 slim_337661962 slim_337661472 slim_337661934 slim_337661961 slim_337661865 slim_337661974 slim_337661796 slim_337661873 slim_337662003 slim_337661864 slim_337661971 slim_337661776 slim_337661981 slim_337661970 slim_337661822 slim_337661999 slim_337661968 slim_337661884 slim_337661953 slim_337661945 slim_337661983 slim_337661574 slim_337661893 slim_337662010 slim_337661951 slim_337661628 slim_337661726 slim_337661991 slim_337661910 slim_337662000 slim_337661883
0 3.5e-06 1.155e-05 1.08e-05 1.37e-05 4.75e-06 9.35e-06 9.15e-06 9.35e-06 6.95e-06 1e-05 1.37e-05 6.9e-06 1.315e-05 7.6e-06 1.365e-05 9.85e-06 8.05e-06 1.345e-05 1.375e-05 2.75e-06 1.3e-05 1.36e-05 6.85e-06 1.39e-05 8.95e-06 8.45e-06 1.355e-05 8.65e-06 1.13e-05 6.85e-06 1.245e-05 3.85e-06 1.285e-05 9.5e-06 5.55e-06 9.85e-06 8.95e-06 3.75e-06 1.375e-05 1.08e-05 7.5e-06 8.1e-06 1.33e-05 1.345e-05 1.355e-05 5.3e-06 1.36e-05 8.6e-06 1e-05 1.34e-05 1e-05 1.465e-05 9.15e-06 5.4e-06 1.29e-05 7.45e-06 7.35e-06 8.6e-06 1.15e-05 9.15e-06 1.05e-05 2.3e-06 7.7e-06 5e-06 8.05e-06 9.25e-06 1.37e-05 1.375e-05 2.5e-06 1.3e-05 3.35e-06 7.95e-06 9.5e-06 1.355e-05 6.95e-06 1.185e-05 1.285e-05 1.135e-05 1.37e-05 1.37e-05 5.55e-06 8.3e-06 9.45e-06 1.2e-05 9.7e-06 8.2e-06 1.375e-05 1.28e-05 9.05e-06 1.385e-05 1.45e-05 7.1e-06 1.01e-05 1.45e-05 8.1e-06 1.45e-05 9.4e-06 4e-06 1.345e-05 1.325e-05
1 1.155e-05 1.5e-05 1.105e-05 1.05e-05 1.125e-05 1.32e-05 1.045e-05 1.26e-05 1.24e-05 1.165e-05 1.225e-05 1.265e-05 1.325e-05 1.185e-05 1.355e-05 1.025e-05 1.33e-05 1.355e-05 1.42e-05 1.155e-05 1.275e-05 1.36e-05 1.265e-05 1.14e-05 1.185e-05 1.15e-05 1.45e-05 1.195e-05 1.355e-05 1.21e-05 1.315e-05 1.145e-05 1.42e-05 1.34e-05 9.6e-06 1.235e-05 1.165e-05 1.21e-05 1.38e-05 1.265e-05 1.195e-05 1.31e-05 1.385e-05 1.065e-05 1.045e-05 1.215e-05 1.005e-05 1.31e-05 1.165e-05 1.29e-05 1.23e-05 1.345e-05 1.205e-05 1.07e-05 1.245e-05 1.31e-05 1.185e-05 1.345e-05 1.415e-05 1.185e-05 1.34e-05 1.12e-05 1.19e-05 1.17e-05 1.29e-05 1.335e-05 1.48e-05 1.485e-05 1.125e-05 1.38e-05 1.11e-05 1.215e-05 1.03e-05 1.49e-05 1.24e-05 1.385e-05 1.345e-05 1.075e-05 1.48e-05 1.385e-05 1.105e-05 1.17e-05 1.315e-05 1.245e-05 9.9e-06 1.295e-05 1.475e-05 1.31e-05 1.305e-05 1.37e-05 9.9e-06 1.255e-05 1.11e-05 1.355e-05 1.295e-05 1.315e-05 1.285e-05 1.16e-05 1.385e-05 1.26e-05
2 1.08e-05 1.105e-05 1.17e-05 1.11e-05 1.04e-05 1.185e-05 9.45e-06 9.4e-06 1.06e-05 8.3e-06 8.05e-06 1.08e-05 9.5e-06 1.04e-05 1e-05 1.26e-05 1.22e-05 9.95e-06 1.075e-05 1.08e-05 8.2e-06 1.005e-05 1.08e-05 1.36e-05 8.65e-06 9.95e-06 1.24e-05 9.6e-06 1.09e-05 1.065e-05 1.125e-05 1.07e-05 1.175e-05 1.16e-05 9.55e-06 9.3e-06 8.15e-06 1.095e-05 1.01e-05 9.1e-06 9.6e-06 1.19e-05 1.08e-05 1.065e-05 1.145e-05 1.07e-05 1.07e-05 1.17e-05 8.35e-06 8.95e-06 9.2e-06 9.45e-06 9.2e-06 8.55e-06 9.15e-06 1.205e-05 9.5e-06 1.21e-05 1.21e-05 8.45e-06 1.175e-05 1.045e-05 9.05e-06 1.05e-05 1.145e-05 1.165e-05 1.275e-05 1.28e-05 1.05e-05 1.1e-05 1.035e-05 9.3e-06 1.205e-05 1.315e-05 1.06e-05 1.115e-05 1.11e-05 1.215e-05 1.295e-05 1.08e-05 8.55e-06 9.15e-06 1.175e-05 8.35e-06 1.26e-05 1.155e-05 1.265e-05 1.085e-05 1.19e-05 9.6e-06 1.005e-05 1.075e-05 6.85e-06 9.55e-06 1.155e-05 8.6e-06 1.065e-05 1.085e-05 1.1e-05 8e-06
3 1.37e-05 1.05e-05 1.11e-05 1.27e-05 1.57e-05 1.405e-05 1.1e-05 9.7e-06 1.11e-05 1.255e-05 9.75e-06 1.24e-05 1.005e-05 1.335e-05 1.035e-05 9.6e-06 1.345e-05 1e-05 1.01e-05 1.435e-05 7.55e-06 1.025e-05 1.24e-05 9.7e-06 1.17e-05 1.195e-05 1.245e-05 1.105e-05 1.085e-05 1.26e-05 1.04e-05 1.48e-05 1.21e-05 1.25e-05 1.385e-05 1.235e-05 1.215e-05 1.3e-05 1.005e-05 8.2e-06 1.055e-05 1.33e-05 1.06e-05 6.6e-06 7.25e-06 1.24e-05 7.15e-06 1.355e-05 1.255e-05 1.045e-05 1.235e-05 1.15e-05 1.27e-05 1.35e-05 7.5e-06 1.32e-05 1.04e-05 1.37e-05 1.165e-05 1.17e-05 1.345e-05 1.395e-05 1.02e-05 1.435e-05 1.33e-05 1.24e-05 1.27e-05 1.275e-05 1.41e-05 1.035e-05 1.44e-05 1.055e-05 9.5e-06 1.26e-05 1.11e-05 1.115e-05 1.095e-05 8.4e-06 1.255e-05 1.08e-05 1.205e-05 1.23e-05 1.405e-05 1e-05 1.08e-05 1.345e-05 1.265e-05 1.06e-05 1.375e-05 1e-05 8.1e-06 1.125e-05 1.145e-05 1.145e-05 1.335e-05 1.085e-05 1.32e-05 1.495e-05 1.05e-05 8.25e-06
4 4.75e-06 1.125e-05 1.04e-05 1.57e-05 3.6e-06 8.55e-06 1.1e-05 1.1e-05 8.25e-06 7.25e-06 1.315e-05 6.9e-06 1.455e-05 4.8e-06 1.465e-05 1.155e-05 1.01e-05 1.485e-05 1.545e-05 4.85e-06 1.465e-05 1.48e-05 6.9e-06 1.545e-05 8.85e-06 7.6e-06 1.5e-05 8.05e-06 1.26e-05 5.95e-06 1.42e-05 3.3e-06 1.235e-05 1.09e-05 5.55e-06 1.14e-05 8.35e-06 5.7e-06 1.5e-05 1.24e-05 9.4e-06 1.005e-05 1.47e-05 1.54e-05 1.525e-05 6.65e-06 1.525e-05 1e-05 7.25e-06 1.09e-05 1.155e-05 1.395e-05 8.9e-06 5.05e-06 1.465e-05 1.015e-05 9.4e-06 1.055e-05 1.285e-05 9.05e-06 9.95e-06 4.6e-06 9.65e-06 4.25e-06 9.75e-06 1.065e-05 1.515e-05 1.52e-05 4.45e-06 1.475e-05 3.15e-06 9.9e-06 1.115e-05 1.535e-05 8.25e-06 1.305e-05 1.425e-05 1.295e-05 1.54e-05 1.495e-05 7.4e-06 8.25e-06 8.65e-06 1.14e-05 9.2e-06 9.7e-06 1.525e-05 1.42e-05 8.75e-06 1.52e-05 1.43e-05 8.4e-06 9.65e-06 1.4e-05 9.8e-06 1.395e-05 9.15e-06 3.45e-06 1.515e-05 1.42e-05
5 9.35e-06 1.32e-05 1.185e-05 1.405e-05 8.55e-06 1.47e-05 1.11e-05 1.1e-05 9.2e-06 9.85e-06 1.13e-05 9.55e-06 1.01e-05 8.3e-06 1.04e-05 1.215e-05 9.3e-06 1.04e-05 1.065e-05 1.025e-05 1.245e-05 1.045e-05 9.55e-06 1.16e-05 1.125e-05 9.35e-06 8.35e-06 9.85e-06 1e-05 8.55e-06 9.7e-06 8.75e-06 9.65e-06 8.7e-06 1.005e-05 9.75e-06 1.105e-05 8.85e-06 1.055e-05 1.11e-05 1.115e-05 9.55e-06 9.8e-06 1.37e-05 1.365e-05 8.9e-06 1.36e-05 8.65e-06 9.85e-06 1.135e-05 9.85e-06 1.055e-05 1.11e-05 9.55e-06 1.26e-05 9.2e-06 1.11e-05 9.2e-06 9e-06 1.135e-05 8.8e-06 9.95e-06 1.125e-05 9.35e-06 9.15e-06 8.5e-06 8e-06 8.05e-06 9.9e-06 1.015e-05 8.6e-06 1.15e-05 1.17e-05 8.5e-06 9.2e-06 9.2e-06 9.25e-06 1.22e-05 8.85e-06 1.015e-05 1.03e-05 1.075e-05 8.1e-06 1.105e-05 1.145e-05 9.2e-06 8.6e-06 9.9e-06 8.35e-06 1.165e-05 1.36e-05 9.35e-06 1.145e-05 1e-05 9.2e-06 1.135e-05 1.045e-05 8.95e-06 1.035e-05 1.22e-05
6 9.15e-06 1.045e-05 9.45e-06 1.1e-05 1.1e-05 1.11e-05 1.24e-05 9.2e-06 8.8e-06 1.11e-05 8.7e-06 1.05e-05 9.35e-06 1.095e-05 1.015e-05 1.095e-05 1e-05 9.65e-06 1.035e-05 9.15e-06 9.3e-06 9.85e-06 1.05e-05 1.175e-05 9.8e-06 9.4e-06 1.07e-05 1.015e-05 9.15e-06 1.005e-05 8.95e-06 1.025e-05 1.14e-05 9.9e-06 8.9e-06 9.35e-06 9.75e-06 9.2e-06 1.03e-05 8.85e-06 9.05e-06 9.95e-06 1.015e-05 1.045e-05 1.11e-05 8.95e-06 1.045e-05 9.85e-06 1.11e-05 1.13e-05 9.3e-06 1.115e-05 1.015e-05 9.45e-06 9.45e-06 9.85e-06 8.85e-06 1.005e-05 1.01e-05 9.75e-06 1.085e-05 8.7e-06 8.95e-06 9.9e-06 9.85e-06 9.85e-06 1.085e-05 1.09e-05 8.95e-06 1e-05 9.8e-06 9.2e-06 1.03e-05 1.085e-05 8.8e-06 9.8e-06 8.5e-06 1.035e-05 1.09e-05 1.01e-05 8.25e-06 9.9e-06 1.12e-05 9.95e-06 1.215e-05 1e-05 1.09e-05 9.15e-06 1.1e-05 9.35e-06 1.17e-05 8.95e-06 9.55e-06 1.1e-05 9.9e-06 1.025e-05 1.01e-05 1.04e-05 9.9e-06 9.45e-06
7 9.35e-06 1.26e-05 9.4e-06 9.7e-06 1.1e-05 1.1e-05 9.2e-06 1.09e-05 5.7e-06 9.5e-06 8.2e-06 8.45e-06 8.7e-06 9.05e-06 9.25e-06 9.55e-06 1.095e-05 8.6e-06 8.8e-06 1.015e-05 6.35e-06 8.85e-06 8.45e-06 1.26e-05 9.15e-06 8.65e-06 1.135e-05 7.9e-06 7.9e-06 8.2e-06 9.2e-06 1.02e-05 1e-05 8.45e-06 1.03e-05 1.065e-05 9.25e-06 7.1e-06 8.9e-06 5.7e-06 7.8e-06 1.07e-05 9.5e-06 8.85e-06 1.04e-05 5.45e-06 9.55e-06 1.035e-05 9.5e-06 8.35e-06 1.065e-05 1.04e-05 1.005e-05 1e-05 6.9e-06 1.085e-05 7.65e-06 1.13e-05 9.2e-06 9.15e-06 9.35e-06 9.75e-06 7.75e-06 8.7e-06 1.065e-05 8.35e-06 1.16e-05 1.165e-05 9.9e-06 9.4e-06 9.75e-06 7.8e-06 8.65e-06 1.165e-05 5.7e-06 8.9e-06 9.4e-06 9.1e-06 1.15e-05 9.75e-06 7.55e-06 9.55e-06 1.1e-05 7.55e-06 1.2e-05 1.08e-05 1.155e-05 9.25e-06 1.08e-05 8.1e-06 1.1e-05 5.9e-06 9.4e-06 1.035e-05 1.07e-05 9.25e-06 1.03e-05 1.035e-05 9.5e-06 7.15e-06
8 6.95e-06 1.24e-05 1.06e-05 1.11e-05 8.25e-06 9.2e-06 8.8e-06 5.7e-06 4.4e-06 8.9e-06 8.4e-06 6.55e-06 8.75e-06 6.05e-06 9.85e-06 7.75e-06 9.55e-06 9.05e-06 1.025e-05 7.8e-06 8.6e-06 9.25e-06 6.6e-06 1.195e-05 9.1e-06 6.8e-06 1.07e-05 7.8e-06 5.45e-06 5e-06 8.5e-06 7.65e-06 9e-06 6.5e-06 9.1e-06 1.06e-05 8.45e-06 4.3e-06 1.005e-05 5.6e-06 7.9e-06 9.4e-06 9.55e-06 1.055e-05 1.07e-05 2.2e-06 1.01e-05 8.4e-06 8.9e-06 8.6e-06 1.075e-05 1.085e-05 9.3e-06 9.25e-06 8.6e-06 9.4e-06 7.75e-06 9.75e-06 6.95e-06 9.3e-06 7.4e-06 7.4e-06 8.15e-06 5.7e-06 9.15e-06 6.25e-06 1.085e-05 1.09e-05 7.55e-06 9.65e-06 7.2e-06 8.4e-06 7.15e-06 1.11e-05 2.2e-06 7.45e-06 8.5e-06 7.4e-06 1.105e-05 1e-05 6.55e-06 8.45e-06 9.3e-06 6.5e-06 1.045e-05 9.3e-06 1.095e-05 8.45e-06 9.3e-06 8.25e-06 1.16e-05 2.45e-06 9.85e-06 1.07e-05 9.2e-06 9.45e-06 9.55e-06 7.8e-06 9.95e-06 8.55e-06
9 1e-05 1.165e-05 8.3e-06 1.255e-05 7.25e-06 9.85e-06 1.11e-05 9.5e-06 8.9e-06 1.2e-05 8.4e-06 8.45e-06 1.095e-05 6.4e-06 1.135e-05 1.21e-05 1.23e-05 1.14e-05 1.205e-05 1.08e-05 1.01e-05 1.135e-05 8.45e-06 1.415e-05 9.25e-06 8.05e-06 1.32e-05 7.95e-06 1.025e-05 7.55e-06 1.18e-05 8.35e-06 1.065e-05 1.11e-05 8.85e-06 1.18e-05 8.35e-06 9.15e-06 1.155e-05 9.35e-06 1.015e-05 1.205e-05 1.195e-05 1.21e-05 1.275e-05 8.85e-06 1.215e-05 1.185e-05 6.15e-06 7.7e-06 1.18e-05 9.75e-06 8.95e-06 8.35e-06 1.055e-05 1.23e-05 1.02e-05 1.255e-05 1.16e-05 9.25e-06 1.01e-05 1.06e-05 1e-05 8.7e-06 1.18e-05 1.1e-05 1.345e-05 1.35e-05 1.035e-05 1.205e-05 8.25e-06 1.025e-05 1.155e-05 1.37e-05 8.9e-06 1.115e-05 1.18e-05 1.18e-05 1.355e-05 1.2e-05 9.7e-06 8.6e-06 9.85e-06 7.7e-06 1.075e-05 1.175e-05 1.345e-05 1.165e-05 1e-05 1.075e-05 1.055e-05 9.05e-06 8.35e-06 9.95e-06 1.185e-05 8.75e-06 1.02e-05 8.45e-06 1.215e-05 9.85e-06
10 1.37e-05 1.225e-05 8.05e-06 9.75e-06 1.315e-05 1.13e-05 8.7e-06 8.2e-06 8.4e-06 8.4e-06 8.1e-06 1.04e-05 7.15e-06 9.6e-06 8e-06 1.185e-05 1.235e-05 7.55e-06 8.35e-06 1.435e-05 6.35e-06 7.65e-06 1.04e-05 1.155e-05 9.85e-06 9e-06 9.95e-06 9.35e-06 6.65e-06 9.7e-06 7.75e-06 1.34e-05 8.95e-06 1.01e-05 1.24e-05 1.085e-05 8.95e-06 1.18e-05 8.1e-06 6.3e-06 1.015e-05 1.225e-05 8.35e-06 9.15e-06 1.005e-05 1.01e-05 9.05e-06 1.155e-05 8.3e-06 6.65e-06 1.085e-05 7.35e-06 9.6e-06 1.225e-05 6.9e-06 1.22e-05 1.01e-05 1.21e-05 8.7e-06 9.8e-06 1.005e-05 1.405e-05 9.9e-06 1.2e-05 1.2e-05 1e-05 1.005e-05 1.01e-05 1.4e-05 8.45e-06 1.31e-05 1.015e-05 1.115e-05 1.03e-05 8.4e-06 8e-06 7.05e-06 9.65e-06 1.03e-05 8.3e-06 1.1e-05 9.35e-06 1.145e-05 5.65e-06 1.31e-05 1.205e-05 1.02e-05 7.75e-06 1.15e-05 6.1e-06 8.7e-06 8.55e-06 8.45e-06 7.25e-06 1.205e-05 5.4e-06 1.045e-05 1.355e-05 8.35e-06 6.3e-06
11 6.9e-06 1.265e-05 1.08e-05 1.24e-05 6.9e-06 9.55e-06 1.05e-05 8.45e-06 6.55e-06 8.45e-06 1.04e-05 1.13e-05 1.15e-05 6.3e-06 1.12e-05 1.065e-05 1.02e-05 1.165e-05 1.18e-05 7.75e-06 9.9e-06 1.18e-05 5.8e-06 1.355e-05 8.25e-06 8e-06 1.265e-05 7.75e-06 9.2e-06 6.5e-06 1.105e-05 6.95e-06 9.3e-06 9.65e-06 8.4e-06 1.16e-05 9.2e-06 6.25e-06 1.165e-05 8.3e-06 8.4e-06 1.015e-05 1.125e-05 1.18e-05 1.215e-05 6.5e-06 1.25e-05 1.03e-05 8.45e-06 7.5e-06 1.175e-05 1.19e-05 9.4e-06 8.4e-06 9.9e-06 1.025e-05 8.35e-06 1.085e-05 1.005e-05 8.45e-06 9.65e-06 7.4e-06 8.65e-06 7.1e-06 1.005e-05 9.4e-06 1.28e-05 1.285e-05 7.4e-06 1.11e-05 6.55e-06 8.9e-06 9.95e-06 1.28e-05 6.55e-06 1.04e-05 1.13e-05 1.02e-05 1.285e-05 1.16e-05 8.5e-06 8.75e-06 9.65e-06 8.8e-06 1.055e-05 1.01e-05 1.285e-05 1.125e-05 9.4e-06 1.15e-05 1.25e-05 6.7e-06 1.005e-05 1.185e-05 1.01e-05 1.12e-05 8.75e-06 7.1e-06 1.15e-05 9.65e-06
12 1.315e-05 1.325e-05 9.5e-06 1.005e-05 1.455e-05 1.01e-05 9.35e-06 8.7e-06 8.75e-06 1.095e-05 7.15e-06 1.15e-05 9.6e-06 1.165e-05 6.25e-06 1.18e-05 1.035e-05 5.3e-06 6.85e-06 1.39e-05 7.2e-06 5.75e-06 1.15e-05 9.7e-06 1.1e-05 1.04e-05 5e-06 1.065e-05 7.1e-06 1.07e-05 6.6e-06 1.395e-05 7.8e-06 7.6e-06 1.32e-05 8.15e-06 1.045e-05 1.16e-05 6.1e-06 7e-06 1.055e-05 9.7e-06 6.85e-06 9.6e-06 1.035e-05 1.025e-05 9.35e-06 9.5e-06 1.1e-05 9.4e-06 8.1e-06 6.9e-06 1.15e-05 1.275e-05 7.9e-06 1.01e-05 1.04e-05 1.015e-05 7.05e-06 1.08e-05 8.85e-06 1.35e-05 1.015e-05 1.275e-05 9.25e-06 7.75e-06 5.55e-06 5.6e-06 1.365e-05 7.05e-06 1.355e-05 1.04e-05 1.125e-05 5.95e-06 8.75e-06 6.4e-06 5.45e-06 9.95e-06 5.4e-06 6.55e-06 1.085e-05 1.135e-05 9.65e-06 7.75e-06 1.37e-05 9.6e-06 5.1e-06 5.85e-06 9.8e-06 6.65e-06 1.045e-05 8.9e-06 1.01e-05 7.15e-06 9.5e-06 7.4e-06 1.125e-05 1.41e-05 6.5e-06 7.35e-06
13 7.6e-06 1.185e-05 1.04e-05 1.335e-05 4.8e-06 8.3e-06 1.095e-05 9.05e-06 6.05e-06 6.4e-06 9.6e-06 6.3e-06 1.165e-05 7.1e-06 1.19e-05 1.06e-05 1.08e-05 1.195e-05 1.27e-05 8.35e-06 1.135e-05 1.19e-05 6.35e-06 1.37e-05 8.95e-06 6.6e-06 1.285e-05 7.25e-06 9e-06 4.8e-06 1.135e-05 5.85e-06 9.55e-06 9.55e-06 7.95e-06 1.205e-05 8.6e-06 6.55e-06 1.23e-05 8.8e-06 9.45e-06 1.065e-05 1.2e-05 1.29e-05 1.295e-05 6.1e-06 1.275e-05 1.03e-05 6.4e-06 7.55e-06 1.22e-05 1.115e-05 8.9e-06 7.65e-06 1.135e-05 1.085e-05 9.5e-06 1.12e-05 9.75e-06 9.15e-06 8.55e-06 8.15e-06 9.7e-06 6.1e-06 1.04e-05 9.3e-06 1.3e-05 1.305e-05 7.9e-06 1.21e-05 5.8e-06 9.95e-06 1.005e-05 1.325e-05 6.05e-06 1.015e-05 1.135e-05 1.01e-05 1.32e-05 1.225e-05 8.9e-06 8.25e-06 8.45e-06 7.65e-06 9.4e-06 1.035e-05 1.31e-05 1.13e-05 8.6e-06 1.17e-05 1.19e-05 6.1e-06 9.65e-06 1.12e-05 1.045e-05 1.055e-05 9.2e-06 6.05e-06 1.24e-05 1.09e-05
14 1.365e-05 1.355e-05 1e-05 1.035e-05 1.465e-05 1.04e-05 1.015e-05 9.25e-06 9.85e-06 1.135e-05 8e-06 1.12e-05 6.25e-06 1.19e-05 1.06e-05 1.255e-05 1.075e-05 6.4e-06 7.15e-06 1.43e-05 7.05e-06 6.35e-06 1.12e-05 1.01e-05 1.055e-05 1.1e-05 5.65e-06 1.075e-05 8.15e-06 1.135e-05 7.4e-06 1.415e-05 7.65e-06 8.55e-06 1.35e-05 8.75e-06 1.125e-05 1.235e-05 6.1e-06 7.65e-06 1.075e-05 1.025e-05 6.9e-06 9.8e-06 1.04e-05 1.125e-05 1.025e-05 1.015e-05 1.135e-05 8.2e-06 8.3e-06 7.2e-06 1.195e-05 1.29e-05 7.8e-06 1.06e-05 1.07e-05 1.065e-05 7.9e-06 1.035e-05 9.4e-06 1.4e-05 1.035e-05 1.33e-05 9.85e-06 8.7e-06 6.25e-06 6.3e-06 1.395e-05 7.1e-06 1.385e-05 1.06e-05 1.19e-05 6.6e-06 9.85e-06 7.2e-06 6.45e-06 1.07e-05 6.2e-06 6.35e-06 1.145e-05 1.185e-05 1.01e-05 8.7e-06 1.4e-05 9.7e-06 5.95e-06 6.85e-06 1.025e-05 7.75e-06 1.1e-05 1e-05 1.05e-05 7.75e-06 9.85e-06 8.2e-06 1.085e-05 1.43e-05 6.75e-06 6.2e-06
15 9.85e-06 1.025e-05 1.26e-05 9.6e-06 1.155e-05 1.215e-05 1.095e-05 9.55e-06 7.75e-06 1.21e-05 1.185e-05 1.065e-05 1.18e-05 1.06e-05 1.255e-05 1.43e-05 1.21e-05 1.21e-05 1.285e-05 1.075e-05 1.145e-05 1.22e-05 1.065e-05 1.02e-05 1.195e-05 1.03e-05 1.315e-05 1.095e-05 1.05e-05 9.75e-06 1.135e-05 1.085e-05 1.275e-05 1.02e-05 1.12e-05 1.235e-05 1.17e-05 8.35e-06 1.27e-05 1e-05 1.08e-05 1.205e-05 1.225e-05 9.85e-06 9.3e-06 7.15e-06 9.15e-06 1.155e-05 1.21e-05 1.255e-05 1.25e-05 1.355e-05 1.225e-05 1.135e-05 1.09e-05 1.18e-05 1.065e-05 1.23e-05 1.12e-05 1.215e-05 1.115e-05 1.035e-05 1.1e-05 9.75e-06 1.185e-05 9.95e-06 1.33e-05 1.335e-05 1.05e-05 1.22e-05 1.04e-05 1.125e-05 7.55e-06 1.34e-05 7.75e-06 1.14e-05 1.17e-05 8.35e-06 1.345e-05 1.265e-05 9.4e-06 1.15e-05 1.225e-05 1.1e-05 9.3e-06 1.2e-05 1.34e-05 1.145e-05 1.21e-05 1.195e-05 1.01e-05 7.95e-06 1.21e-05 1.34e-05 1.19e-05 1.29e-05 1.275e-05 1.1e-05 1.255e-05 1.15e-05
16 8.05e-06 1.33e-05 1.22e-05 1.345e-05 1.01e-05 9.3e-06 1e-05 1.095e-05 9.55e-06 1.23e-05 1.235e-05 1.02e-05 1.035e-05 1.08e-05 1.075e-05 1.21e-05 1.39e-05 1.065e-05 1.05e-05 7.5e-06 1.23e-05 1.07e-05 1.02e-05 1.145e-05 1.1e-05 1.1e-05 8.65e-06 1.105e-05 1.02e-05 1.015e-05 9.15e-06 8.85e-06 1.065e-05 9.1e-06 1.015e-05 9.3e-06 1.12e-05 8.8e-06 1.085e-05 1.09e-05 9.4e-06 7.8e-06 1.025e-05 1.3e-05 1.35e-05 9.4e-06 1.34e-05 8.25e-06 1.23e-05 1.325e-05 9.4e-06 1.165e-05 1.05e-05 9.9e-06 1.245e-05 7.55e-06 9.6e-06 8.35e-06 9.25e-06 1.11e-05 1e-05 7.55e-06 9.5e-06 9.65e-06 7.85e-06 8.9e-06 8.45e-06 8.5e-06 7e-06 9.65e-06 8.8e-06 9.75e-06 1.155e-05 8e-06 9.55e-06 9.45e-06 9.5e-06 1.19e-05 8.7e-06 1.045e-05 9.35e-06 1.08e-05 9.75e-06 1.21e-05 1.265e-05 7.9e-06 8.8e-06 1.015e-05 9.25e-06 1.185e-05 1.425e-05 9.7e-06 1.19e-05 1.125e-05 7.8e-06 1.24e-05 9.9e-06 8.9e-06 1.02e-05 1.255e-05
17 1.345e-05 1.355e-05 9.95e-06 1e-05 1.485e-05 1.04e-05 9.65e-06 8.6e-06 9.05e-06 1.14e-05 7.55e-06 1.165e-05 5.3e-06 1.195e-05 6.4e-06 1.21e-05 1.065e-05 1.02e-05 6.75e-06 1.42e-05 6.95e-06 5.8e-06 1.165e-05 1e-05 1.115e-05 1.07e-05 5.3e-06 1.06e-05 7.45e-06 1.1e-05 6.9e-06 1.425e-05 7.95e-06 7.85e-06 1.35e-05 8.45e-06 1.09e-05 1.19e-05 6e-06 6.9e-06 1.05e-05 1e-05 7e-06 9.55e-06 1.05e-05 1.055e-05 9.4e-06 9.8e-06 1.14e-05 9.4e-06 8.4e-06 7.35e-06 1.195e-05 1.305e-05 7.7e-06 1.04e-05 1.035e-05 1.045e-05 7.35e-06 1.095e-05 9.15e-06 1.38e-05 1.01e-05 1.305e-05 9.5e-06 8.05e-06 5.85e-06 5.9e-06 1.395e-05 7.2e-06 1.385e-05 1.03e-05 1.155e-05 6.25e-06 9.05e-06 6.65e-06 5.75e-06 1.025e-05 5.7e-06 6.7e-06 1.115e-05 1.175e-05 9.95e-06 8.2e-06 1.4e-05 9.9e-06 5.4e-06 6.15e-06 1.01e-05 6.75e-06 1.085e-05 9.2e-06 1.05e-05 7.6e-06 9.8e-06 7.9e-06 1.14e-05 1.44e-05 6.65e-06 7.35e-06
18 1.375e-05 1.42e-05 1.075e-05 1.01e-05 1.545e-05 1.065e-05 1.035e-05 8.8e-06 1.025e-05 1.205e-05 8.35e-06 1.18e-05 6.85e-06 1.27e-05 7.15e-06 1.285e-05 1.05e-05 6.75e-06 1.18e-05 1.44e-05 6.8e-06 7.05e-06 1.18e-05 1.035e-05 1.14e-05 1.16e-05 6.7e-06 1.06e-05 8.4e-06 1.195e-05 7.25e-06 1.465e-05 8.7e-06 9.25e-06 1.405e-05 9.5e-06 1.175e-05 1.255e-05 6.65e-06 7.35e-06 1.03e-05 1.065e-05 7.05e-06 9.35e-06 1.08e-05 1.165e-05 1.025e-05 1.02e-05 1.205e-05 9.6e-06 9.45e-06 8.3e-06 1.205e-05 1.355e-05 7.5e-06 1.035e-05 1.015e-05 1e-05 7.55e-06 1.13e-05 1.03e-05 1.4e-05 1.01e-05 1.39e-05 1.045e-05 9.2e-06 6.6e-06 6.65e-06 1.415e-05 7.05e-06 1.425e-05 1.015e-05 1.2e-05 6.75e-06 1.025e-05 7.55e-06 7e-06 1.08e-05 7e-06 7.15e-06 1.19e-05 1.205e-05 1.1e-05 9.2e-06 1.45e-05 1.06e-05 6.9e-06 7.55e-06 1.095e-05 7.7e-06 1.14e-05 1.04e-05 1.12e-05 7.9e-06 1.05e-05 8.55e-06 1.14e-05 1.48e-05 7.05e-06 7.6e-06
19 2.75e-06 1.155e-05 1.08e-05 1.435e-05 4.85e-06 1.025e-05 9.15e-06 1.015e-05 7.8e-06 1.08e-05 1.435e-05 7.75e-06 1.39e-05 8.35e-06 1.43e-05 1.075e-05 7.5e-06 1.42e-05 1.44e-05 2e-06 1.36e-05 1.425e-05 7.75e-06 1.455e-05 8.8e-06 9.35e-06 1.43e-05 9.4e-06 1.2e-05 7.7e-06 1.31e-05 3.65e-06 1.34e-05 1.04e-05 5.85e-06 9.95e-06 8.9e-06 4.9e-06 1.44e-05 1.14e-05 7e-06 7.65e-06 1.4e-05 1.39e-05 1.425e-05 6.35e-06 1.43e-05 8.55e-06 1.08e-05 1.39e-05 1.01e-05 1.52e-05 8.35e-06 5.55e-06 1.36e-05 8e-06 6.9e-06 8.85e-06 1.22e-05 9e-06 1.13e-05 1.25e-06 7.25e-06 5.1e-06 7.7e-06 1.015e-05 1.445e-05 1.45e-05 1.05e-06 1.36e-05 3.55e-06 7.5e-06 1.02e-05 1.42e-05 7.8e-06 1.25e-05 1.36e-05 1.185e-05 1.435e-05 1.435e-05 5.7e-06 8.5e-06 1.035e-05 1.26e-05 1.06e-05 7.75e-06 1.445e-05 1.355e-05 9.9e-06 1.46e-05 1.515e-05 7.95e-06 1.015e-05 1.515e-05 7.6e-06 1.515e-05 9.05e-06 3.65e-06 1.41e-05 1.385e-05
20 1.3e-05 1.275e-05 8.2e-06 7.55e-06 1.465e-05 1.245e-05 9.3e-06 6.35e-06 8.6e-06 1.01e-05 6.35e-06 9.9e-06 7.2e-06 1.135e-05 7.05e-06 1.145e-05 1.23e-05 6.95e-06 6.8e-06 1.36e-05 4.4e-06 7.35e-06 9.9e-06 1.16e-05 8.9e-06 9.9e-06 1.04e-05 8.15e-06 7.9e-06 1.06e-05 8.15e-06 1.385e-05 9.05e-06 1.04e-05 1.29e-05 1.03e-05 9.8e-06 1.145e-05 6.45e-06 4.55e-06 7.85e-06 1.21e-05 6.6e-06 6.65e-06 7.45e-06 1.025e-05 8e-06 1.19e-05 1.01e-05 6.15e-06 1.03e-05 8.6e-06 1.05e-05 1.215e-05 3e-06 1.22e-05 7.7e-06 1.25e-05 9.2e-06 8.9e-06 1.145e-05 1.32e-05 7.85e-06 1.28e-05 1.19e-05 1.03e-05 1.065e-05 1.07e-05 1.335e-05 6.5e-06 1.345e-05 7.9e-06 1.045e-05 1.08e-05 8.6e-06 8.65e-06 8.4e-06 9e-06 1.07e-05 7e-06 1.02e-05 1.03e-05 1.245e-05 6.7e-06 1.34e-05 1.205e-05 1.06e-05 8.1e-06 1.24e-05 6.6e-06 9.15e-06 8.75e-06 8.6e-06 8.55e-06 1.195e-05 7.45e-06 1.08e-05 1.4e-05 6.9e-06 2.9e-06
21 1.36e-05 1.36e-05 1.005e-05 1.025e-05 1.48e-05 1.045e-05 9.85e-06 8.85e-06 9.25e-06 1.135e-05 7.65e-06 1.18e-05 5.75e-06 1.19e-05 6.35e-06 1.22e-05 1.07e-05 5.8e-06 7.05e-06 1.425e-05 7.35e-06 1.05e-05 1.18e-05 1e-05 1.13e-05 1.08e-05 5.6e-06 1.08e-05 7.75e-06 1.115e-05 7.1e-06 1.42e-05 8.25e-06 8.2e-06 1.355e-05 8.85e-06 1.1e-05 1.2e-05 5.95e-06 7.3e-06 1.07e-05 1.02e-05 7.25e-06 9.8e-06 1.075e-05 1.06e-05 9.2e-06 9.9e-06 1.135e-05 9.55e-06 8.4e-06 7.05e-06 1.19e-05 1.31e-05 8.1e-06 1.055e-05 1.065e-05 1.06e-05 7.6e-06 1.11e-05 9.15e-06 1.395e-05 1.025e-05 1.305e-05 9.8e-06 8.35e-06 6.2e-06 6.25e-06 1.39e-05 7.45e-06 1.39e-05 1.05e-05 1.165e-05 6.55e-06 9.25e-06 6.6e-06 6.15e-06 1.05e-05 6.15e-06 6.6e-06 1.125e-05 1.18e-05 1.015e-05 8.35e-06 1.405e-05 9.6e-06 5.9e-06 6.55e-06 1.03e-05 6.6e-06 1.09e-05 9.4e-06 1.06e-05 7.65e-06 9.8e-06 8e-06 1.145e-05 1.435e-05 7.05e-06 7.6e-06
22 6.85e-06 1.265e-05 1.08e-05 1.24e-05 6.9e-06 9.55e-06 1.05e-05 8.45e-06 6.6e-06 8.45e-06 1.04e-05 5.8e-06 1.15e-05 6.35e-06 1.12e-05 1.065e-05 1.02e-05 1.165e-05 1.18e-05 7.75e-06 9.9e-06 1.18e-05 1.13e-05 1.355e-05 8.15e-06 8e-06 1.265e-05 7.75e-06 9.25e-06 6.55e-06 1.105e-05 6.95e-06 9.35e-06 9.65e-06 8.45e-06 1.16e-05 9.2e-06 6.3e-06 1.165e-05 8.35e-06 8.4e-06 1.015e-05 1.125e-05 1.18e-05 1.215e-05 6.5e-06 1.25e-05 1.03e-05 8.45e-06 7.4e-06 1.175e-05 1.19e-05 9.4e-06 8.4e-06 9.9e-06 1.025e-05 8.35e-06 1.085e-05 1.01e-05 8.4e-06 9.65e-06 7.4e-06 8.65e-06 7.1e-06 1.005e-05 9.4e-06 1.28e-05 1.285e-05 7.4e-06 1.11e-05 6.55e-06 8.9e-06 9.95e-06 1.28e-05 6.6e-06 1.04e-05 1.13e-05 1.025e-05 1.285e-05 1.16e-05 8.5e-06 8.75e-06 9.65e-06 8.85e-06 1.055e-05 1.01e-05 1.285e-05 1.125e-05 9.4e-06 1.15e-05 1.25e-05 6.75e-06 1.005e-05 1.185e-05 1.01e-05 1.12e-05 8.7e-06 7.1e-06 1.15e-05 9.65e-06
23 1.39e-05 1.14e-05 1.36e-05 9.7e-06 1.545e-05 1.16e-05 1.175e-05 1.26e-05 1.195e-05 1.415e-05 1.155e-05 1.355e-05 9.7e-06 1.37e-05 1.01e-05 1.02e-05 1.145e-05 1e-05 1.035e-05 1.455e-05 1.16e-05 1e-05 1.355e-05 1.43e-05 1.38e-05 1.28e-05 8.25e-06 1.32e-05 1.06e-05 1.305e-05 9.3e-06 1.475e-05 1.105e-05 1.07e-05 1.455e-05 1.09e-05 1.38e-05 1.345e-05 1.005e-05 1.135e-05 1.285e-05 1.16e-05 9.7e-06 1e-05 9.35e-06 1.3e-05 9.5e-06 1.13e-05 1.415e-05 1.33e-05 1.105e-05 1.095e-05 1.385e-05 1.45e-05 1.115e-05 1.12e-05 1.28e-05 1.13e-05 9.85e-06 1.395e-05 1.17e-05 1.425e-05 1.295e-05 1.45e-05 1.125e-05 1.045e-05 8.25e-06 8.3e-06 1.42e-05 9.75e-06 1.445e-05 1.32e-05 1.05e-05 8.45e-06 1.195e-05 9.35e-06 8.95e-06 9.65e-06 8.7e-06 9.75e-06 1.345e-05 1.35e-05 1.185e-05 1.225e-05 1.135e-05 1.125e-05 8.5e-06 9.45e-06 1.185e-05 1.12e-05 1.01e-05 1.21e-05 1.35e-05 1.08e-05 1.13e-05 1.175e-05 1.35e-05 1.49e-05 9.95e-06 1.155e-05
24 8.95e-06 1.185e-05 8.65e-06 1.17e-05 8.85e-06 1.125e-05 9.8e-06 9.15e-06 9.1e-06 9.25e-06 9.85e-06 8.25e-06 1.1e-05 8.95e-06 1.055e-05 1.195e-05 1.1e-05 1.115e-05 1.14e-05 8.8e-06 8.9e-06 1.13e-05 8.15e-06 1.38e-05 1.49e-05 9.45e-06 1.295e-05 8.95e-06 1.07e-05 9.15e-06 1.13e-05 8.95e-06 1.04e-05 1.115e-05 9.25e-06 1.04e-05 9.05e-06 9.2e-06 1.115e-05 8.85e-06 8.7e-06 1.085e-05 1.115e-05 1.11e-05 1.175e-05 9.2e-06 1.18e-05 1.11e-05 9.25e-06 7.5e-06 1.04e-05 1.14e-05 9.6e-06 8.3e-06 9.4e-06 1.1e-05 8.6e-06 1.15e-05 1.15e-05 7.55e-06 1.115e-05 8.45e-06 8.55e-06 8.95e-06 1.075e-05 1.105e-05 1.32e-05 1.325e-05 8.5e-06 1.1e-05 8.6e-06 8.8e-06 1.125e-05 1.32e-05 9.1e-06 1.12e-05 1.155e-05 1.135e-05 1.315e-05 1.135e-05 8.35e-06 9.3e-06 1.125e-05 9.35e-06 1.195e-05 1.08e-05 1.315e-05 1.14e-05 1.105e-05 1.115e-05 1.18e-05 9.25e-06 8.7e-06 1.145e-05 1.08e-05 1.085e-05 9.05e-06 9.1e-06 1.125e-05 8.5e-06
25 8.45e-06 1.15e-05 9.95e-06 1.195e-05 7.6e-06 9.35e-06 9.4e-06 8.65e-06 6.8e-06 8.05e-06 9e-06 8e-06 1.04e-05 6.6e-06 1.1e-05 1.03e-05 1.1e-05 1.07e-05 1.16e-05 9.35e-06 9.9e-06 1.08e-05 8e-06 1.28e-05 9.45e-06 1.27e-05 1.215e-05 7.95e-06 8.85e-06 6.7e-06 9.45e-06 7.8e-06 1.045e-05 9.55e-06 8.7e-06 1.1e-05 9.05e-06 7.35e-06 1.13e-05 8.45e-06 9.3e-06 1.085e-05 1.095e-05 1.15e-05 1.16e-05 6.8e-06 1.125e-05 1.03e-05 8.05e-06 8.95e-06 1.115e-05 1.115e-05 9.7e-06 8.35e-06 9.9e-06 1.09e-05 9.25e-06 1.125e-05 9.9e-06 9.65e-06 9.5e-06 9.05e-06 9.5e-06 7.85e-06 1.06e-05 9.3e-06 1.23e-05 1.235e-05 9e-06 1.105e-05 7.65e-06 9.75e-06 9.75e-06 1.255e-05 6.8e-06 1e-05 1.015e-05 9.95e-06 1.25e-05 1.125e-05 8.55e-06 9.15e-06 9.5e-06 8.4e-06 1.015e-05 1.065e-05 1.24e-05 9.4e-06 9.65e-06 1.03e-05 1.15e-05 6.95e-06 9.45e-06 1.11e-05 1.065e-05 1.025e-05 1.02e-05 8e-06 1.13e-05 9.65e-06
26 1.355e-05 1.45e-05 1.24e-05 1.245e-05 1.5e-05 8.35e-06 1.07e-05 1.135e-05 1.07e-05 1.32e-05 9.95e-06 1.265e-05 5e-06 1.285e-05 5.65e-06 1.315e-05 8.65e-06 5.3e-06 6.7e-06 1.43e-05 1.04e-05 5.6e-06 1.265e-05 8.25e-06 1.295e-05 1.215e-05 8e-07 1.26e-05 8.1e-06 1.21e-05 6.2e-06 1.44e-05 6.55e-06 6.2e-06 1.41e-05 6.95e-06 1.285e-05 1.26e-05 5.55e-06 1e-05 1.245e-05 7.85e-06 6.2e-06 1.21e-05 1.225e-05 1.185e-05 1.2e-05 8e-06 1.32e-05 1.2e-05 6.75e-06 6.65e-06 1.335e-05 1.4e-05 1.09e-05 8.4e-06 1.23e-05 8.35e-06 6.2e-06 1.275e-05 7.6e-06 1.39e-05 1.22e-05 1.375e-05 7.25e-06 6.45e-06 1.35e-06 1.4e-06 1.405e-05 6.5e-06 1.4e-05 1.245e-05 1.27e-05 1.85e-06 1.07e-05 5.8e-06 4.1e-06 1.175e-05 1.15e-06 5.5e-06 1.265e-05 1.32e-05 7.7e-06 1.09e-05 1.45e-05 7.55e-06 7e-07 5.15e-06 7.95e-06 8.6e-06 1.295e-05 1.085e-05 1.265e-05 7.15e-06 7.35e-06 9.25e-06 1.16e-05 1.455e-05 5.65e-06 1.035e-05
27 8.65e-06 1.195e-05 9.6e-06 1.105e-05 8.05e-06 9.85e-06 1.015e-05 7.9e-06 7.8e-06 7.95e-06 9.35e-06 7.75e-06 1.065e-05 7.25e-06 1.075e-05 1.095e-05 1.105e-05 1.06e-05 1.06e-05 9.4e-06 8.15e-06 1.08e-05 7.75e-06 1.32e-05 8.95e-06 7.95e-06 1.26e-05 1.36e-05 9.75e-06 7.45e-06 1.07e-05 8.1e-06 1.035e-05 1.025e-05 9e-06 1.12e-05 9.2e-06 7.85e-06 1.06e-05 7.75e-06 8e-06 1.09e-05 1.065e-05 1.03e-05 1.125e-05 7.75e-06 1.12e-05 1.09e-05 7.9e-06 8.2e-06 1.135e-05 1.105e-05 9.5e-06 8.4e-06 8.25e-06 1.11e-05 7.95e-06 1.16e-05 1.065e-05 9.15e-06 1.02e-05 9.1e-06 8.45e-06 8.55e-06 1.085e-05 1e-05 1.275e-05 1.28e-05 9.05e-06 1.055e-05 7.9e-06 8.55e-06 1.01e-05 1.28e-05 7.8e-06 1.065e-05 1.105e-05 1.035e-05 1.275e-05 1.11e-05 8.8e-06 9e-06 9.9e-06 8.6e-06 1.05e-05 1.09e-05 1.28e-05 1.085e-05 9.9e-06 1.045e-05 1.135e-05 7.95e-06 9.15e-06 1.1e-05 1.09e-05 1.03e-05 9.95e-06 8.25e-06 1.095e-05 8.65e-06
28 1.13e-05 1.355e-05 1.09e-05 1.085e-05 1.26e-05 1e-05 9.15e-06 7.9e-06 5.45e-06 1.025e-05 6.65e-06 9.2e-06 7.1e-06 9e-06 8.15e-06 1.05e-05 1.02e-05 7.45e-06 8.4e-06 1.2e-05 7.9e-06 7.75e-06 9.25e-06 1.06e-05 1.07e-05 8.85e-06 8.1e-06 9.75e-06 7e-06 7.9e-06 6.85e-06 1.2e-05 8.05e-06 7.8e-06 1.245e-05 1.055e-05 9.5e-06 9.2e-06 8.35e-06 5.85e-06 9.7e-06 1.02e-05 7.8e-06 1.025e-05 1.055e-05 7.35e-06 1e-05 9.15e-06 1.03e-05 8.55e-06 1.07e-05 8.65e-06 1.02e-05 1.275e-05 8e-06 1e-05 9.55e-06 1.005e-05 6.15e-06 1.085e-05 8.7e-06 1.16e-05 9.85e-06 1.035e-05 9.95e-06 7.55e-06 8.1e-06 8.15e-06 1.175e-05 7.9e-06 1.16e-05 1.01e-05 9.8e-06 8.35e-06 5.45e-06 6.3e-06 6.3e-06 8.15e-06 8.45e-06 8.05e-06 1.04e-05 9.75e-06 1.025e-05 6.2e-06 1.285e-05 1.01e-05 8.35e-06 6.95e-06 1.03e-05 5.5e-06 1.09e-05 5.65e-06 1.065e-05 8.3e-06 1e-05 6e-06 1.015e-05 1.215e-05 8e-06 7.85e-06
29 6.85e-06 1.21e-05 1.065e-05 1.26e-05 5.95e-06 8.55e-06 1.005e-05 8.2e-06 5e-06 7.55e-06 9.7e-06 6.5e-06 1.07e-05 4.8e-06 1.135e-05 9.75e-06 1.015e-05 1.1e-05 1.195e-05 7.7e-06 1.06e-05 1.115e-05 6.55e-06 1.305e-05 9.15e-06 6.7e-06 1.21e-05 7.45e-06 7.9e-06 9.4e-06 1.045e-05 6.2e-06 9.75e-06 8.7e-06 8.2e-06 1.13e-05 8.65e-06 5.7e-06 1.165e-05 7.85e-06 8.8e-06 1e-05 1.125e-05 1.215e-05 1.22e-05 5.15e-06 1.19e-05 9.45e-06 7.6e-06 8.7e-06 1.145e-05 1.15e-05 9.25e-06 7.9e-06 1.06e-05 1.01e-05 8.75e-06 1.045e-05 8.8e-06 9.35e-06 8.65e-06 7.4e-06 9.05e-06 6.2e-06 9.75e-06 8.45e-06 1.225e-05 1.23e-05 7.35e-06 1.135e-05 6e-06 9.3e-06 9.2e-06 1.25e-05 5e-06 9.3e-06 1.045e-05 9.15e-06 1.245e-05 1.16e-05 8.05e-06 8.5e-06 8.65e-06 7.7e-06 9.6e-06 9.8e-06 1.235e-05 1.04e-05 8.8e-06 1.07e-05 1.215e-05 5.05e-06 9.9e-06 1.145e-05 9.8e-06 1.065e-05 9.5e-06 6.25e-06 1.165e-05 1.035e-05
30 1.245e-05 1.315e-05 1.125e-05 1.04e-05 1.42e-05 9.7e-06 8.95e-06 9.2e-06 8.5e-06 1.18e-05 7.75e-06 1.105e-05 6.6e-06 1.135e-05 7.4e-06 1.135e-05 9.15e-06 6.9e-06 7.25e-06 1.31e-05 8.15e-06 7.1e-06 1.105e-05 9.3e-06 1.13e-05 9.45e-06 6.2e-06 1.07e-05 6.85e-06 1.045e-05 1e-05 1.34e-05 8.35e-06 8.15e-06 1.3e-05 9.25e-06 1.12e-05 1.105e-05 7.55e-06 7.55e-06 1.035e-05 9.65e-06 6.9e-06 9.9e-06 1.035e-05 9.95e-06 9.9e-06 9.1e-06 1.18e-05 1e-05 9.35e-06 8.4e-06 1.14e-05 1.295e-05 8.3e-06 9e-06 1.02e-05 9.55e-06 6.7e-06 1.14e-05 9.1e-06 1.27e-05 1.04e-05 1.24e-05 9.55e-06 7.95e-06 6e-06 6.05e-06 1.285e-05 6.55e-06 1.3e-05 1.065e-05 1.075e-05 5.8e-06 8.5e-06 6.8e-06 5.8e-06 9.5e-06 6.4e-06 7.15e-06 1.105e-05 1.135e-05 1.015e-05 8.65e-06 1.325e-05 9.7e-06 6.4e-06 5.75e-06 9.9e-06 7.35e-06 1.11e-05 8.65e-06 1.12e-05 7.9e-06 9.6e-06 8.25e-06 1.095e-05 1.355e-05 6.95e-06 8.3e-06
31 3.85e-06 1.145e-05 1.07e-05 1.48e-05 3.3e-06 8.75e-06 1.025e-05 1.02e-05 7.65e-06 8.35e-06 1.34e-05 6.95e-06 1.395e-05 5.85e-06 1.415e-05 1.085e-05 8.85e-06 1.425e-05 1.465e-05 3.65e-06 1.385e-05 1.42e-05 6.95e-06 1.475e-05 8.95e-06 7.8e-06 1.44e-05 8.1e-06 1.2e-05 6.2e-06 1.34e-05 5.8e-06 1.255e-05 1.03e-05 5.65e-06 1.085e-05 8.85e-06 4.9e-06 1.44e-05 1.16e-05 8.15e-06 8.65e-06 1.41e-05 1.44e-05 1.455e-05 6.05e-06 1.455e-05 9.25e-06 8.35e-06 1.2e-05 1.1e-05 1.42e-05 8.7e-06 5.1e-06 1.385e-05 9.25e-06 8.45e-06 9.85e-06 1.225e-05 9.15e-06 1.02e-05 3.7e-06 8.4e-06 4.9e-06 8.7e-06 1.005e-05 1.455e-05 1.46e-05 2.95e-06 1.395e-05 3.25e-06 8.5e-06 1.035e-05 1.455e-05 7.65e-06 1.245e-05 1.365e-05 1.215e-05 1.46e-05 1.435e-05 6.65e-06 8.4e-06 8.9e-06 1.165e-05 9.35e-06 8.65e-06 1.46e-05 1.36e-05 8.8e-06 1.46e-05 1.445e-05 7.8e-06 9.95e-06 1.425e-05 8.75e-06 1.42e-05 9.1e-06 3.25e-06 1.435e-05 1.37e-05
32 1.285e-05 1.42e-05 1.175e-05 1.21e-05 1.235e-05 9.65e-06 1.14e-05 1e-05 9e-06 1.065e-05 8.95e-06 9.3e-06 7.8e-06 9.55e-06 7.65e-06 1.275e-05 1.065e-05 7.95e-06 8.7e-06 1.34e-05 9.05e-06 8.25e-06 9.35e-06 1.105e-05 1.04e-05 1.045e-05 6.55e-06 1.035e-05 8.05e-06 9.75e-06 8.35e-06 1.255e-05 1.26e-05 8.5e-06 1.31e-05 1.025e-05 1.13e-05 1.15e-05 8e-06 8.35e-06 1.105e-05 1.01e-05 8.15e-06 1.15e-05 1.185e-05 1.045e-05 1.205e-05 1.015e-05 1.065e-05 7.25e-06 1.03e-05 8.35e-06 1.165e-05 1.3e-05 9.3e-06 1.06e-05 1.1e-05 1.08e-05 7.85e-06 1.04e-05 8.75e-06 1.31e-05 1.105e-05 1.175e-05 9.75e-06 8.5e-06 7e-06 7.05e-06 1.305e-05 8.3e-06 1.225e-05 1.13e-05 1.205e-05 7.15e-06 9e-06 7.8e-06 7.3e-06 1.08e-05 6.7e-06 7.95e-06 1.23e-05 1.135e-05 9.15e-06 8.7e-06 1.345e-05 9.95e-06 6.4e-06 7.8e-06 9.25e-06 9.3e-06 1.205e-05 9.15e-06 1.155e-05 8.6e-06 9.95e-06 9e-06 1e-05 1.27e-05 7.95e-06 8.65e-06
33 9.5e-06 1.34e-05 1.16e-05 1.25e-05 1.09e-05 8.7e-06 9.9e-06 8.45e-06 6.5e-06 1.11e-05 1.01e-05 9.65e-06 7.6e-06 9.55e-06 8.55e-06 1.02e-05 9.1e-06 7.85e-06 9.25e-06 1.04e-05 1.04e-05 8.2e-06 9.65e-06 1.07e-05 1.115e-05 9.55e-06 6.2e-06 1.025e-05 7.8e-06 8.7e-06 8.15e-06 1.03e-05 8.5e-06 1.2e-05 1.085e-05 8.65e-06 1.08e-05 7.5e-06 8.6e-06 8.8e-06 1.03e-05 8.55e-06 8.65e-06 1.205e-05 1.22e-05 6e-06 1.175e-05 8.15e-06 1.11e-05 1.12e-05 8.75e-06 9.55e-06 1.145e-05 1.09e-05 1.065e-05 8.9e-06 1.015e-05 9.05e-06 7.45e-06 1.115e-05 7.3e-06 1e-05 1.03e-05 8.9e-06 8.05e-06 6.05e-06 6.65e-06 6.7e-06 1.015e-05 8.85e-06 9.85e-06 1.055e-05 9.7e-06 7.05e-06 6.5e-06 7.45e-06 7e-06 1.04e-05 6.6e-06 8.55e-06 8.75e-06 1.09e-05 8.35e-06 9.7e-06 1.235e-05 8.45e-06 6.3e-06 7.5e-06 8.45e-06 9.3e-06 1.3e-05 6.7e-06 1.13e-05 9.7e-06 8.35e-06 1.025e-05 1.07e-05 1.045e-05 8.5e-06 1.035e-05
34 5.55e-06 9.6e-06 9.55e-06 1.385e-05 5.55e-06 1.005e-05 8.9e-06 1.03e-05 9.1e-06 8.85e-06 1.24e-05 8.4e-06 1.32e-05 7.95e-06 1.35e-05 1.12e-05 1.015e-05 1.35e-05 1.405e-05 5.85e-06 1.29e-05 1.355e-05 8.45e-06 1.455e-05 9.25e-06 8.7e-06 1.41e-05 9e-06 1.245e-05 8.2e-06 1.3e-05 5.65e-06 1.31e-05 1.085e-05 9.8e-06 1.05e-05 9.05e-06 6.35e-06 1.375e-05 1.175e-05 9.1e-06 9.95e-06 1.375e-05 1.335e-05 1.385e-05 7.45e-06 1.36e-05 1.025e-05 8.85e-06 1.22e-05 1.045e-05 1.34e-05 9.35e-06 6e-06 1.295e-05 1.015e-05 9e-06 1.07e-05 1.3e-05 9.25e-06 1.085e-05 5.45e-06 9.1e-06 6.6e-06 9.85e-06 1.08e-05 1.44e-05 1.445e-05 5.55e-06 1.36e-05 5.2e-06 9.35e-06 1.06e-05 1.44e-05 9.1e-06 1.295e-05 1.325e-05 1.245e-05 1.43e-05 1.38e-05 6.95e-06 8.95e-06 1e-05 1.165e-05 1.025e-05 9.9e-06 1.43e-05 1.305e-05 9.75e-06 1.37e-05 1.335e-05 9.25e-06 9.25e-06 1.35e-05 9.9e-06 1.315e-05 9.9e-06 5.8e-06 1.37e-05 1.285e-05
35 9.85e-06 1.235e-05 9.3e-06 1.235e-05 1.14e-05 9.75e-06 9.35e-06 1.065e-05 1.06e-05 1.18e-05 1.085e-05 1.16e-05 8.15e-06 1.205e-05 8.75e-06 1.235e-05 9.3e-06 8.45e-06 9.5e-06 9.95e-06 1.03e-05 8.85e-06 1.16e-05 1.09e-05 1.04e-05 1.1e-05 6.95e-06 1.12e-05 1.055e-05 1.13e-05 9.25e-06 1.085e-05 1.025e-05 8.65e-06 1.05e-05 1.3e-05 1.065e-05 1.035e-05 8.8e-06 1.06e-05 1.03e-05 8.9e-06 8.9e-06 1.2e-05 1.205e-05 1.045e-05 1.19e-05 8.75e-06 1.18e-05 1.235e-05 6.9e-06 9.9e-06 1.14e-05 9.55e-06 1.09e-05 9.05e-06 1.01e-05 9e-06 9.6e-06 1.035e-05 1.01e-05 9.45e-06 1.005e-05 1.085e-05 8.25e-06 8.5e-06 7.3e-06 7.35e-06 9.75e-06 9.2e-06 1.04e-05 1.03e-05 1.19e-05 7.85e-06 1.06e-05 9.1e-06 8.15e-06 1.225e-05 7.55e-06 8.9e-06 8.9e-06 1.115e-05 9.5e-06 1.15e-05 1.3e-05 8.65e-06 7.05e-06 8.55e-06 9.75e-06 1.045e-05 1.285e-05 1.075e-05 9.55e-06 9.95e-06 8.55e-06 1.11e-05 1.095e-05 1.1e-05 9e-06 1.01e-05
36 8.95e-06 1.165e-05 8.15e-06 1.215e-05 8.35e-06 1.105e-05 9.75e-06 9.25e-06 8.45e-06 8.35e-06 8.95e-06 9.2e-06 1.045e-05 8.6e-06 1.125e-05 1.17e-05 1.12e-05 1.09e-05 1.175e-05 8.9e-06 9.8e-06 1.1e-05 9.2e-06 1.38e-05 9.05e-06 9.05e-06 1.285e-05 9.2e-06 9.5e-06 8.65e-06 1.12e-05 8.85e-06 1.13e-05 1.08e-05 9.05e-06 1.065e-05 1.53e-05 8.95e-06 1.13e-05 8.9e-06 9.15e-06 1.105e-05 1.16e-05 1.175e-05 1.23e-05 8.6e-06 1.16e-05 1.075e-05 8.4e-06 9.35e-06 1.065e-05 1.06e-05 8.9e-06 8.7e-06 1.025e-05 1.11e-05 9.05e-06 1.14e-05 1.11e-05 9.05e-06 1.08e-05 8.55e-06 9e-06 8.3e-06 1.075e-05 1.07e-05 1.31e-05 1.315e-05 8.6e-06 1.165e-05 8.5e-06 9.25e-06 1.12e-05 1.33e-05 8.45e-06 1.075e-05 1.13e-05 1.125e-05 1.325e-05 1.175e-05 8.55e-06 8.6e-06 1.105e-05 8.2e-06 1.185e-05 1.08e-05 1.31e-05 1.11e-05 1.105e-05 1.005e-05 1.115e-05 8.6e-06 8.35e-06 1.06e-05 1.08e-05 9.25e-06 1.015e-05 9e-06 1.185e-05 9.75e-06
37 3.75e-06 1.21e-05 1.095e-05 1.3e-05 5.7e-06 8.85e-06 9.2e-06 7.1e-06 4.3e-06 9.15e-06 1.18e-05 6.25e-06 1.16e-05 6.55e-06 1.235e-05 8.35e-06 8.8e-06 1.19e-05 1.255e-05 4.9e-06 1.145e-05 1.2e-05 6.3e-06 1.345e-05 9.2e-06 7.35e-06 1.26e-05 7.85e-06 9.2e-06 5.7e-06 1.105e-05 4.9e-06 1.15e-05 7.5e-06 6.35e-06 1.035e-05 8.95e-06 4.6e-06 1.25e-05 8.95e-06 7.8e-06 8.75e-06 1.2e-05 1.25e-05 1.275e-05 2.3e-06 1.245e-05 8.55e-06 9.15e-06 1.17e-05 1.05e-05 1.335e-05 9.4e-06 6.5e-06 1.145e-05 8.75e-06 7.65e-06 9.35e-06 9.9e-06 9.4e-06 8.45e-06 4.45e-06 8.05e-06 4.5e-06 8.65e-06 7.25e-06 1.275e-05 1.28e-05 4.65e-06 1.185e-05 4.35e-06 8.3e-06 7.8e-06 1.275e-05 4.3e-06 1.03e-05 1.13e-05 1e-05 1.28e-05 1.245e-05 5.15e-06 8.55e-06 8.95e-06 1.005e-05 9.7e-06 8.8e-06 1.28e-05 1.125e-05 8.65e-06 1.175e-05 1.37e-05 4.5e-06 1.01e-05 1.32e-05 8.7e-06 1.27e-05 9.65e-06 5.05e-06 1.225e-05 1.16e-05
38 1.375e-05 1.38e-05 1.01e-05 1.005e-05 1.5e-05 1.055e-05 1.03e-05 8.9e-06 1.005e-05 1.155e-05 8.1e-06 1.165e-05 6.1e-06 1.23e-05 6.1e-06 1.27e-05 1.085e-05 6e-06 6.65e-06 1.44e-05 6.45e-06 5.95e-06 1.165e-05 1.005e-05 1.115e-05 1.13e-05 5.55e-06 1.06e-05 8.35e-06 1.165e-05 7.55e-06 1.44e-05 8e-06 8.6e-06 1.375e-05 8.8e-06 1.13e-05 1.25e-05 1.04e-05 7.35e-06 1.045e-05 1.04e-05 6.7e-06 9.5e-06 1.03e-05 1.145e-05 1e-05 1.02e-05 1.155e-05 9.1e-06 8.35e-06 7.1e-06 1.205e-05 1.33e-05 7.25e-06 1.07e-05 1.04e-05 1.065e-05 7.95e-06 1.095e-05 9.7e-06 1.41e-05 1.005e-05 1.355e-05 9.85e-06 8.75e-06 6.15e-06 6.2e-06 1.405e-05 7e-06 1.41e-05 1.02e-05 1.205e-05 6.6e-06 1.005e-05 7.1e-06 6.5e-06 1.085e-05 6.25e-06 6.05e-06 1.175e-05 1.195e-05 1.025e-05 8.8e-06 1.425e-05 9.65e-06 5.85e-06 6.9e-06 1.05e-05 7.55e-06 1.105e-05 1.02e-05 1.065e-05 7.7e-06 9.85e-06 8.3e-06 1.13e-05 1.455e-05 6.65e-06 6.85e-06
39 1.08e-05 1.265e-05 9.1e-06 8.2e-06 1.24e-05 1.11e-05 8.85e-06 5.7e-06 5.6e-06 9.35e-06 6.3e-06 8.3e-06 7e-06 8.8e-06 7.65e-06 1e-05 1.09e-05 6.9e-06 7.35e-06 1.14e-05 4.55e-06 7.3e-06 8.35e-06 1.135e-05 8.85e-06 8.45e-06 1e-05 7.75e-06 5.85e-06 7.85e-06 7.55e-06 1.16e-05 8.35e-06 8.8e-06 1.175e-05 1.06e-05 8.9e-06 8.95e-06 7.35e-06 7.2e-06 7.5e-06 1.065e-05 7.9e-06 7.35e-06 8.9e-06 7.45e-06 8.1e-06 1.04e-05 9.35e-06 6.5e-06 1.06e-05 8.8e-06 9.75e-06 1.14e-05 5.05e-06 1.08e-05 7.35e-06 1.125e-05 7.4e-06 8.85e-06 9.7e-06 1.1e-05 7.45e-06 1.03e-05 1.06e-05 8.7e-06 1.025e-05 1.03e-05 1.115e-05 7.8e-06 1.12e-05 7.55e-06 9.05e-06 1.03e-05 5.6e-06 7.2e-06 7.75e-06 7.4e-06 1.015e-05 8.15e-06 9.2e-06 9.35e-06 1.11e-05 5.5e-06 1.22e-05 1.075e-05 1.02e-05 7.6e-06 1.095e-05 6.3e-06 9.5e-06 5.75e-06 9.2e-06 8.75e-06 1.065e-05 7.4e-06 1e-05 1.175e-05 7.9e-06 5.3e-06
40 7.5e-06 1.195e-05 9.6e-06 1.055e-05 9.4e-06 1.115e-05 9.05e-06 7.8e-06 7.9e-06 1.015e-05 1.015e-05 8.4e-06 1.055e-05 9.45e-06 1.075e-05 1.08e-05 9.4e-06 1.05e-05 1.03e-05 7e-06 7.85e-06 1.07e-05 8.4e-06 1.285e-05 8.7e-06 9.3e-06 1.245e-05 8e-06 9.7e-06 8.8e-06 1.035e-05 8.15e-06 1.105e-05 1.03e-05 9.1e-06 1.03e-05 9.15e-06 7.8e-06 1.045e-05 7.5e-06 1.27e-05 9.35e-06 1.05e-05 9.75e-06 1.09e-05 8e-06 1.09e-05 1e-05 1.015e-05 9.85e-06 1.045e-05 1.18e-05 9e-06 8.7e-06 7.95e-06 9.8e-06 6.65e-06 1.055e-05 1.055e-05 8.9e-06 1.115e-05 6.95e-06 6.9e-06 8.65e-06 9.45e-06 1.005e-05 1.26e-05 1.265e-05 6.4e-06 1.015e-05 8.1e-06 7e-06 9.9e-06 1.24e-05 7.9e-06 1.055e-05 1.095e-05 1e-05 1.245e-05 1.095e-05 7.85e-06 9e-06 1.125e-05 9.4e-06 1.165e-05 9.45e-06 1.26e-05 1.075e-05 1.085e-05 1.04e-05 1.19e-05 8.05e-06 9.3e-06 1.175e-05 9.5e-06 1.11e-05 9.6e-06 8.3e-06 1.065e-05 8.65e-06
41 8.1e-06 1.31e-05 1.19e-05 1.33e-05 1.005e-05 9.55e-06 9.95e-06 1.07e-05 9.4e-06 1.205e-05 1.225e-05 1.015e-05 9.7e-06 1.065e-05 1.025e-05 1.205e-05 7.8e-06 1e-05 1.065e-05 7.65e-06 1.21e-05 1.02e-05 1.015e-05 1.16e-05 1.085e-05 1.085e-05 7.85e-06 1.09e-05 1.02e-05 1e-05 9.65e-06 8.65e-06 1.01e-05 8.55e-06 9.95e-06 8.9e-06 1.105e-05 8.75e-06 1.04e-05 1.065e-05 9.35e-06 1.4e-05 1.055e-05 1.275e-05 1.35e-05 9.25e-06 1.325e-05 8.5e-06 1.205e-05 1.3e-05 8.95e-06 1.115e-05 1.08e-05 9.75e-06 1.235e-05 8.15e-06 9.55e-06 8.85e-06 9.5e-06 1.085e-05 9.55e-06 7.6e-06 9.35e-06 9.6e-06 7.4e-06 8.55e-06 8.3e-06 8.35e-06 7.05e-06 1.02e-05 8.75e-06 9.45e-06 1.14e-05 8.1e-06 9.4e-06 9.4e-06 9.1e-06 1.175e-05 7.6e-06 1.035e-05 9.2e-06 1.09e-05 9.2e-06 1.185e-05 1.26e-05 7.6e-06 7.85e-06 9.6e-06 8.8e-06 1.175e-05 1.41e-05 9.55e-06 1.17e-05 1.14e-05 7.6e-06 1.23e-05 1.02e-05 8.95e-06 9.8e-06 1.235e-05
