 slim_337561697 slim_337561622 slim_337561675 slim_337561654 slim_337561700 slim_337561201 slim_337561717 slim_337561090 slim_337561652 slim_337561643 slim_337561695 slim_337561693 slim_337561542 slim_337561503 slim_337561588 slim_337561384 slim_337561698 slim_337561634 slim_337561718 slim_337561673 slim_337561659 slim_337561690 slim_337561603 slim_337561653 slim_337561642 slim_337561586 slim_337561537 slim_337561569 slim_337561687 slim_337561584 slim_337561513 slim_337561536 slim_337561708 slim_337561712 slim_337561510 slim_337561692 slim_337561664 slim_337561374 slim_337561677 slim_337561674 slim_337561701 slim_337561576 slim_337561679 slim_337561392 slim_337561676 slim_337561629 slim_337561448 slim_337561715 slim_337561583 slim_337561681 slim_337561648 slim_337561645 slim_337561515 slim_337561719 slim_337561595 slim_337561683 slim_337561705 slim_337561694 slim_337561689 slim_337561710 slim_337561609 slim_337561644 slim_337561669 slim_337561602 slim_337561633 slim_337561660 slim_337561668 slim_337561704 slim_337561621 slim_337561670 slim_337561688 slim_337561624 slim_337561580 slim_337561581 slim_337561656 slim_337561663 slim_337561535 slim_337561655 slim_337561711 slim_337561628 slim_337561403 slim_337561686 slim_337561546 slim_337561709 slim_337561601 slim_337561661 slim_337561627 slim_337561651 slim_337561362 slim_337561492 slim_337561716 slim_337561658 slim_337561714 slim_337561380 slim_337561625 slim_337561507 slim_337561640 slim_337561612 slim_337561696 slim_337561685
0 7.88e-05 6.14e-05 5.605e-05 4.3e-05 5.915e-05 5.89e-05 6.02e-05 4.07e-05 5.9e-05 5.68e-05 4.335e-05 7.26e-05 7.6e-05 6.075e-05 3.99e-05 4.1e-05 6.03e-05 7.57e-05 4.115e-05 4.12e-05 6.005e-05 6.07e-05 5.925e-05 5.925e-05 7.83e-05 4.33e-05 4.01e-05 5.935e-05 4.375e-05 5.91e-05 5.81e-05 5.885e-05 6.005e-05 4.1e-05 5.99e-05 5.88e-05 4.39e-05 6.15e-05 6.05e-05 4.085e-05 5.905e-05 4.175e-05 4.21e-05 6.005e-05 4.08e-05 7.545e-05 7.525e-05 6.125e-05 5.875e-05 7.715e-05 4.42e-05 7.83e-05 3.975e-05 5.68e-05 4.085e-05 7.7e-05 4.065e-05 5.985e-05 4.01e-05 7.645e-05 7.465e-05 5.54e-05 7.465e-05 6.305e-05 6.005e-05 4e-05 4.195e-05 4.19e-05 5.56e-05 4.075e-05 6.08e-05 3.99e-05 6.07e-05 5.98e-05 4.325e-05 5.73e-05 6.02e-05 5.585e-05 6.215e-05 5.855e-05 4.105e-05 4.335e-05 5.965e-05 5.92e-05 4.295e-05 5.95e-05 5.89e-05 7.595e-05 4.165e-05 7.645e-05 5.89e-05 6.175e-05 7.835e-05 5.965e-05 5.99e-05 5.84e-05 6.005e-05 7.82e-05 4.235e-05 4.11e-05
1 6.14e-05 0.0001119 6.165e-05 5.875e-05 5.965e-05 5.96e-05 5.815e-05 6.095e-05 5.93e-05 5.985e-05 5.935e-05 6.045e-05 5.91e-05 5.83e-05 6.125e-05 6.025e-05 5.905e-05 5.965e-05 6.04e-05 5.925e-05 5.865e-05 5.865e-05 5.94e-05 5.85e-05 5.66e-05 5.815e-05 6.085e-05 6.065e-05 5.96e-05 5.98e-05 5.985e-05 5.85e-05 6.085e-05 6.13e-05 6.015e-05 5.85e-05 5.995e-05 5.73e-05 5.955e-05 6.02e-05 5.82e-05 6.035e-05 5.795e-05 5.86e-05 6.155e-05 5.885e-05 5.865e-05 5.995e-05 5.99e-05 5.665e-05 6.01e-05 5.65e-05 6.13e-05 5.98e-05 6.145e-05 5.715e-05 6.13e-05 5.815e-05 6.11e-05 5.955e-05 5.835e-05 5.955e-05 5.88e-05 5.805e-05 5.94e-05 6.09e-05 6.02e-05 6.015e-05 5.93e-05 6.005e-05 5.875e-05 6.085e-05 5.98e-05 6.105e-05 5.815e-05 5.975e-05 5.93e-05 6.1e-05 5.84e-05 5.875e-05 6.035e-05 5.825e-05 6e-05 6.09e-05 5.86e-05 6.025e-05 5.85e-05 5.905e-05 6.025e-05 5.955e-05 5.87e-05 6.03e-05 5.63e-05 5.825e-05 5.84e-05 5.855e-05 6.005e-05 5.64e-05 5.995e-05 6.005e-05
2 5.605e-05 6.165e-05 0.0001082 5.86e-05 5.925e-05 5.885e-05 6.135e-05 5.63e-05 6.085e-05 5.765e-05 5.79e-05 5.43e-05 6.105e-05 6.04e-05 5.635e-05 5.57e-05 6.135e-05 5.915e-05 5.815e-05 5.765e-05 6.105e-05 6.2e-05 5.95e-05 6.03e-05 6.38e-05 5.89e-05 5.655e-05 5.93e-05 5.89e-05 5.905e-05 5.81e-05 6.015e-05 6e-05 5.66e-05 6.175e-05 6.06e-05 5.825e-05 6.145e-05 6.135e-05 5.845e-05 6.075e-05 5.87e-05 5.815e-05 6.09e-05 5.655e-05 5.89e-05 5.87e-05 6.2e-05 5.87e-05 6.27e-05 5.86e-05 6.38e-05 5.63e-05 5.755e-05 5.645e-05 6.225e-05 5.655e-05 6.13e-05 5.615e-05 6.115e-05 5.97e-05 5.705e-05 6.05e-05 6.325e-05 6.115e-05 5.645e-05 5.86e-05 5.855e-05 5.715e-05 5.82e-05 6.175e-05 5.645e-05 6.16e-05 6.1e-05 5.885e-05 5.83e-05 6.115e-05 5.58e-05 6.075e-05 5.975e-05 5.865e-05 5.895e-05 6.16e-05 5.9e-05 5.92e-05 5.945e-05 6.07e-05 6.1e-05 5.86e-05 5.99e-05 5.995e-05 6.255e-05 6.42e-05 6.105e-05 6.075e-05 5.96e-05 6.05e-05 6.37e-05 5.82e-05 5.78e-05
3 4.3e-05 5.875e-05 5.86e-05 1.13e-05 9.51e-05 9.47e-05 5.96e-05 4.21e-05 5.84e-05 2.34e-05 1.18e-05 3.915e-05 7.455e-05 6.065e-05 4.3e-05 7.455e-05 6.06e-05 7.41e-05 9e-06 3.99e-05 6.03e-05 6.08e-05 9.49e-05 6.03e-05 0.0001118 6.6e-06 4.32e-05 9.335e-05 1.235e-05 9.49e-05 9.175e-05 5.96e-05 9.47e-05 4.17e-05 5.945e-05 5.985e-05 1.26e-05 5.73e-05 5.805e-05 8.5e-06 6.04e-05 8.65e-06 6.85e-06 5.94e-05 4.35e-05 7.555e-05 7.535e-05 5.91e-05 9.485e-05 0.0001108 1.285e-05 0.0001118 4.295e-05 2.34e-05 4.25e-05 0.0001108 4.305e-05 6e-05 4.3e-05 7.4e-05 7.465e-05 2.28e-05 7.3e-05 5.875e-05 5.845e-05 4.33e-05 8e-06 7.95e-06 2.33e-05 7.5e-06 5.58e-05 4.31e-05 5.9e-05 5.915e-05 6.45e-06 2.375e-05 5.865e-05 5.815e-05 6.42e-05 5.915e-05 8.2e-06 6.55e-06 5.93e-05 9.36e-05 7.85e-06 9.36e-05 5.995e-05 7.45e-05 8.55e-06 7.51e-05 5.93e-05 5.975e-05 0.0001115 5.92e-05 5.935e-05 5.885e-05 5.575e-05 0.0001117 3.965e-05 7.85e-06
4 5.915e-05 5.965e-05 5.925e-05 9.51e-05 4.65e-05 2.37e-05 5.885e-05 5.89e-05 6.205e-05 9.5e-05 9.27e-05 9.545e-05 6.17e-05 5.94e-05 5.93e-05 2.69e-05 6.005e-05 6.24e-05 9.495e-05 6.28e-05 5.965e-05 5.97e-05 2.355e-05 5.91e-05 2.365e-05 9.53e-05 5.945e-05 2.63e-05 9.26e-05 2.39e-05 2.625e-05 5.945e-05 2.61e-05 5.995e-05 6.17e-05 5.95e-05 9.285e-05 6.255e-05 6.175e-05 9.52e-05 5.87e-05 9.53e-05 9.52e-05 5.925e-05 5.935e-05 5.985e-05 5.965e-05 6.335e-05 2.365e-05 2.36e-05 9.3e-05 2.365e-05 5.94e-05 9.495e-05 5.9e-05 2.405e-05 5.955e-05 5.915e-05 5.93e-05 6.315e-05 5.95e-05 9.47e-05 6.18e-05 6.3e-05 6.195e-05 5.87e-05 9.485e-05 9.48e-05 9.395e-05 9.47e-05 6.46e-05 5.95e-05 6.32e-05 6.225e-05 9.525e-05 9.5e-05 6.175e-05 5.9e-05 5.73e-05 5.96e-05 9.53e-05 9.535e-05 6.155e-05 2.625e-05 9.42e-05 2.665e-05 5.95e-05 6.165e-05 9.52e-05 6.2e-05 5.96e-05 6.37e-05 2.37e-05 6.01e-05 5.905e-05 5.94e-05 6.38e-05 2.355e-05 6.22e-05 9.43e-05
5 5.89e-05 5.96e-05 5.885e-05 9.47e-05 2.37e-05 4.5e-05 5.895e-05 5.835e-05 6.12e-05 9.48e-05 9.195e-05 9.44e-05 6.09e-05 5.85e-05 5.87e-05 2.595e-05 5.925e-05 6.125e-05 9.43e-05 6.22e-05 5.9e-05 5.995e-05 2.325e-05 5.785e-05 2.33e-05 9.49e-05 5.865e-05 2.53e-05 9.255e-05 2.27e-05 2.52e-05 5.835e-05 2.545e-05 5.94e-05 6.11e-05 5.865e-05 9.23e-05 6.17e-05 6.095e-05 9.495e-05 5.795e-05 9.51e-05 9.45e-05 5.845e-05 5.93e-05 5.87e-05 5.85e-05 6.265e-05 2.3e-05 2.32e-05 9.245e-05 2.32e-05 5.86e-05 9.475e-05 5.865e-05 2.275e-05 5.9e-05 5.925e-05 5.825e-05 6.24e-05 5.87e-05 9.43e-05 6.16e-05 6.255e-05 6.115e-05 5.81e-05 9.465e-05 9.46e-05 9.355e-05 9.43e-05 6.42e-05 5.87e-05 6.22e-05 6.17e-05 9.485e-05 9.49e-05 6.095e-05 5.88e-05 5.615e-05 5.875e-05 9.505e-05 9.495e-05 6.095e-05 2.575e-05 9.385e-05 2.545e-05 5.865e-05 6.085e-05 9.5e-05 6.085e-05 5.89e-05 6.31e-05 2.395e-05 5.99e-05 5.825e-05 5.855e-05 6.31e-05 2.32e-05 6.165e-05 9.35e-05
6 6.02e-05 5.815e-05 6.135e-05 5.96e-05 5.885e-05 5.895e-05 0.0001099 5.9e-05 5.745e-05 5.835e-05 5.925e-05 6.025e-05 5.875e-05 5.88e-05 6.015e-05 6.14e-05 5.755e-05 5.87e-05 5.82e-05 5.96e-05 5.71e-05 5.695e-05 5.86e-05 5.7e-05 5.555e-05 5.895e-05 5.97e-05 5.97e-05 5.82e-05 5.915e-05 5.9e-05 5.695e-05 6.07e-05 5.93e-05 5.94e-05 5.705e-05 5.885e-05 5.91e-05 5.69e-05 5.81e-05 5.705e-05 5.82e-05 5.93e-05 5.625e-05 6.025e-05 5.83e-05 5.81e-05 5.905e-05 5.925e-05 5.56e-05 5.915e-05 5.555e-05 6.01e-05 5.835e-05 5.935e-05 5.625e-05 5.99e-05 5.65e-05 5.975e-05 5.925e-05 5.75e-05 5.815e-05 5.71e-05 6.095e-05 5.76e-05 6e-05 5.735e-05 5.73e-05 5.82e-05 5.715e-05 5.88e-05 5.96e-05 5.885e-05 5.94e-05 5.885e-05 5.875e-05 5.77e-05 6.095e-05 5.81e-05 5.71e-05 5.805e-05 5.895e-05 5.925e-05 5.985e-05 5.785e-05 5.915e-05 5.705e-05 5.87e-05 5.81e-05 5.95e-05 5.715e-05 5.925e-05 5.515e-05 5.69e-05 5.62e-05 5.705e-05 5.74e-05 5.545e-05 5.76e-05 5.71e-05
7 4.07e-05 6.095e-05 5.63e-05 4.21e-05 5.89e-05 5.835e-05 5.9e-05 7.75e-05 5.965e-05 5.695e-05 4.38e-05 7.265e-05 7.56e-05 6.05e-05 4.06e-05 4.1e-05 5.995e-05 7.535e-05 4.2e-05 4.22e-05 5.975e-05 6.035e-05 5.865e-05 5.94e-05 7.74e-05 4.21e-05 4.08e-05 5.84e-05 4.375e-05 5.855e-05 5.745e-05 5.905e-05 5.985e-05 3.91e-05 6.035e-05 5.935e-05 4.395e-05 6.115e-05 5.865e-05 4.195e-05 5.935e-05 4.19e-05 4.275e-05 5.86e-05 4.115e-05 7.505e-05 7.485e-05 6.085e-05 5.855e-05 7.635e-05 4.42e-05 7.74e-05 4.06e-05 5.695e-05 3.99e-05 7.625e-05 4.04e-05 5.94e-05 4.06e-05 7.605e-05 7.425e-05 5.64e-05 7.44e-05 6.265e-05 5.92e-05 4.025e-05 4.065e-05 4.06e-05 5.64e-05 4.07e-05 6.03e-05 4.075e-05 6.09e-05 5.945e-05 4.225e-05 5.73e-05 5.93e-05 5.595e-05 6.16e-05 5.85e-05 4.14e-05 4.235e-05 6.02e-05 5.905e-05 4.19e-05 5.9e-05 5.945e-05 7.555e-05 4.18e-05 7.605e-05 5.87e-05 6.16e-05 7.74e-05 5.945e-05 5.805e-05 5.81e-05 5.775e-05 7.725e-05 4.08e-05 4.065e-05
8 5.9e-05 5.93e-05 6.085e-05 5.84e-05 6.205e-05 6.12e-05 5.745e-05 5.965e-05 0.000107 5.615e-05 5.82e-05 5.72e-05 5.75e-05 5.79e-05 5.925e-05 6.325e-05 5.745e-05 5.545e-05 5.485e-05 5.835e-05 5.715e-05 5.805e-05 6.18e-05 5.61e-05 5.885e-05 5.775e-05 5.875e-05 5.975e-05 5.83e-05 6.14e-05 5.91e-05 5.6e-05 6.165e-05 5.92e-05 5.745e-05 5.6e-05 5.835e-05 5.645e-05 5.57e-05 5.485e-05 5.715e-05 5.58e-05 5.635e-05 5.715e-05 6.02e-05 5.79e-05 5.77e-05 5.77e-05 6.14e-05 5.875e-05 5.88e-05 5.885e-05 5.895e-05 5.615e-05 6.015e-05 5.835e-05 5.96e-05 5.735e-05 5.88e-05 5.81e-05 5.745e-05 5.485e-05 5.495e-05 6.03e-05 5.535e-05 5.98e-05 5.59e-05 5.585e-05 5.585e-05 5.475e-05 5.765e-05 5.84e-05 5.68e-05 5.675e-05 5.77e-05 5.705e-05 5.575e-05 6.12e-05 5.995e-05 5.675e-05 5.51e-05 5.78e-05 5.72e-05 5.915e-05 5.795e-05 5.84e-05 5.61e-05 5.75e-05 5.57e-05 5.79e-05 5.705e-05 5.8e-05 5.92e-05 5.71e-05 5.705e-05 5.67e-05 5.615e-05 5.885e-05 5.595e-05 5.475e-05
9 5.68e-05 5.985e-05 5.765e-05 2.34e-05 9.5e-05 9.48e-05 5.835e-05 5.695e-05 5.615e-05 3.57e-05 2.53e-05 2.145e-05 5.74e-05 6.01e-05 5.69e-05 9.03e-05 5.785e-05 5.71e-05 2.01e-05 5.37e-05 5.71e-05 5.75e-05 9.475e-05 5.835e-05 9.605e-05 2.26e-05 5.645e-05 9.34e-05 2.27e-05 9.5e-05 9.155e-05 5.76e-05 9.53e-05 5.65e-05 5.92e-05 5.8e-05 2.365e-05 5.825e-05 5.725e-05 1.89e-05 5.895e-05 1.92e-05 2.155e-05 5.865e-05 5.585e-05 5.895e-05 5.875e-05 5.785e-05 9.5e-05 9.505e-05 2.415e-05 9.605e-05 5.67e-05 1.805e-05 5.74e-05 9.53e-05 5.635e-05 5.785e-05 5.635e-05 5.695e-05 5.685e-05 1.88e-05 5.465e-05 6.12e-05 5.645e-05 5.745e-05 1.95e-05 1.95e-05 1.975e-05 2.04e-05 5.59e-05 5.615e-05 5.765e-05 5.705e-05 2.255e-05 1.905e-05 5.68e-05 5.705e-05 6.32e-05 5.685e-05 1.96e-05 2.265e-05 5.905e-05 9.335e-05 2.29e-05 9.265e-05 5.81e-05 5.74e-05 1.895e-05 5.9e-05 5.605e-05 5.785e-05 9.535e-05 5.685e-05 5.86e-05 5.695e-05 5.55e-05 9.595e-05 5.42e-05 2.065e-05
10 4.335e-05 5.935e-05 5.79e-05 1.18e-05 9.27e-05 9.195e-05 5.925e-05 4.38e-05 5.82e-05 2.53e-05 1.55e-05 3.815e-05 7.46e-05 5.935e-05 4.325e-05 7.37e-05 5.9e-05 7.285e-05 9.95e-06 3.98e-05 5.87e-05 5.95e-05 9.245e-05 5.8e-05 0.0001071 1.135e-05 4.285e-05 9.245e-05 9.75e-06 9.215e-05 9.185e-05 5.78e-05 9.35e-05 4.41e-05 6e-05 5.79e-05 9.2e-06 5.935e-05 5.945e-05 9.95e-06 5.81e-05 1.05e-05 9.9e-06 5.895e-05 4.415e-05 7.255e-05 7.235e-05 5.87e-05 9.215e-05 0.00010715 9.6e-06 0.0001071 4.325e-05 2.525e-05 4.435e-05 0.00010685 4.355e-05 5.875e-05 4.3e-05 7.37e-05 7.345e-05 2.435e-05 7.335e-05 6.105e-05 5.88e-05 4.325e-05 1.085e-05 1.08e-05 2.45e-05 1.01e-05 5.725e-05 4.285e-05 5.805e-05 6.025e-05 1.13e-05 2.595e-05 5.91e-05 5.925e-05 5.755e-05 5.845e-05 1.015e-05 1.14e-05 5.99e-05 9.265e-05 1.22e-05 9.205e-05 5.8e-05 7.455e-05 1.04e-05 7.365e-05 5.875e-05 5.92e-05 0.00010715 5.785e-05 5.88e-05 5.835e-05 5.845e-05 0.000107 4.335e-05 1.01e-05
11 7.26e-05 6.045e-05 5.43e-05 3.915e-05 9.545e-05 9.44e-05 6.025e-05 7.265e-05 5.72e-05 2.145e-05 3.815e-05 4e-07 4.325e-05 5.95e-05 7.27e-05 0.00010475 5.98e-05 3.885e-05 3.73e-05 6.96e-05 5.95e-05 6.06e-05 9.52e-05 5.88e-05 8.175e-05 3.855e-05 7.235e-05 9.3e-05 3.94e-05 9.46e-05 9.115e-05 5.845e-05 9.49e-05 7.22e-05 6.045e-05 5.905e-05 3.825e-05 5.8e-05 5.83e-05 3.755e-05 6.005e-05 3.79e-05 3.73e-05 5.97e-05 7.305e-05 4.075e-05 4.065e-05 5.825e-05 9.46e-05 8.075e-05 3.88e-05 8.175e-05 7.25e-05 2.13e-05 7.32e-05 8.015e-05 7.255e-05 6e-05 7.205e-05 4.205e-05 4.285e-05 2.085e-05 4.175e-05 6.135e-05 5.78e-05 7.33e-05 3.805e-05 3.8e-05 2.18e-05 3.765e-05 5.72e-05 7.21e-05 5.76e-05 5.92e-05 3.85e-05 2.265e-05 5.805e-05 5.76e-05 6.03e-05 5.83e-05 3.785e-05 3.86e-05 6.03e-05 9.295e-05 3.995e-05 9.235e-05 5.915e-05 4.32e-05 3.78e-05 4.09e-05 5.85e-05 5.875e-05 8.21e-05 5.915e-05 5.955e-05 5.825e-05 5.555e-05 8.165e-05 6.995e-05 3.73e-05
12 7.6e-05 5.91e-05 6.105e-05 7.455e-05 6.17e-05 6.09e-05 5.875e-05 7.56e-05 5.75e-05 5.74e-05 7.46e-05 4.325e-05 8.17e-05 5.88e-05 7.6e-05 7.745e-05 5.895e-05 4.265e-05 7.32e-05 7.505e-05 5.855e-05 5.94e-05 6.145e-05 5.795e-05 4.385e-05 7.38e-05 7.545e-05 6.035e-05 7.42e-05 6.11e-05 5.985e-05 5.79e-05 6.02e-05 7.54e-05 5.845e-05 5.83e-05 7.435e-05 5.795e-05 5.785e-05 7.35e-05 5.87e-05 7.365e-05 7.305e-05 5.84e-05 7.625e-05 4.345e-05 4.325e-05 5.785e-05 6.11e-05 4.38e-05 7.465e-05 4.385e-05 7.59e-05 5.74e-05 7.605e-05 4.345e-05 7.58e-05 5.88e-05 7.53e-05 4.165e-05 4.235e-05 5.7e-05 4.24e-05 5.88e-05 5.77e-05 7.6e-05 7.355e-05 7.35e-05 5.73e-05 7.325e-05 5.87e-05 7.53e-05 5.735e-05 5.98e-05 7.375e-05 5.81e-05 5.765e-05 6.06e-05 5.945e-05 5.835e-05 7.37e-05 7.385e-05 5.83e-05 6.05e-05 7.285e-05 5.97e-05 5.84e-05 4.13e-05 7.355e-05 4.23e-05 5.85e-05 5.815e-05 4.41e-05 5.855e-05 5.835e-05 5.825e-05 5.85e-05 4.385e-05 7.33e-05 7.28e-05
13 6.075e-05 5.83e-05 6.04e-05 6.065e-05 5.94e-05 5.85e-05 5.88e-05 6.05e-05 5.79e-05 6.01e-05 5.935e-05 5.95e-05 5.88e-05 0.0001112 6.07e-05 5.88e-05 5.9e-05 5.765e-05 6.045e-05 5.875e-05 5.865e-05 5.955e-05 5.91e-05 5.795e-05 5.675e-05 6.015e-05 6.015e-05 5.895e-05 6.02e-05 5.87e-05 5.865e-05 5.795e-05 5.995e-05 6.08e-05 6.04e-05 5.825e-05 6.005e-05 5.755e-05 5.885e-05 6.07e-05 5.845e-05 6.095e-05 5.94e-05 5.845e-05 6.115e-05 5.8e-05 5.78e-05 6.015e-05 5.875e-05 5.655e-05 6.035e-05 5.675e-05 6.06e-05 6.005e-05 6.09e-05 5.615e-05 6.08e-05 5.89e-05 6.015e-05 5.935e-05 5.78e-05 5.955e-05 5.79e-05 5.995e-05 5.875e-05 6.065e-05 6.08e-05 6.075e-05 5.96e-05 6.04e-05 5.875e-05 6.005e-05 5.965e-05 6.025e-05 6.01e-05 6.06e-05 5.87e-05 6.06e-05 5.79e-05 5.83e-05 6.085e-05 6.02e-05 6.025e-05 5.86e-05 6.14e-05 5.78e-05 5.835e-05 5.88e-05 6.085e-05 5.895e-05 5.845e-05 6.055e-05 5.715e-05 5.845e-05 5.835e-05 5.815e-05 5.98e-05 5.675e-05 6.01e-05 6e-05
14 3.99e-05 6.125e-05 5.635e-05 4.3e-05 5.93e-05 5.87e-05 6.015e-05 4.06e-05 5.925e-05 5.69e-05 4.325e-05 7.27e-05 7.6e-05 6.07e-05 7.84e-05 4.08e-05 6.025e-05 7.58e-05 4.13e-05 4.105e-05 6e-05 6.065e-05 5.905e-05 5.925e-05 7.81e-05 4.325e-05 3.975e-05 5.9e-05 4.385e-05 5.89e-05 5.79e-05 5.885e-05 6.025e-05 4.09e-05 5.98e-05 5.885e-05 4.4e-05 6.15e-05 6.05e-05 4.105e-05 5.87e-05 4.18e-05 4.215e-05 5.995e-05 4.11e-05 7.54e-05 7.52e-05 6.12e-05 5.89e-05 7.695e-05 4.42e-05 7.81e-05 3.98e-05 5.69e-05 4.095e-05 7.68e-05 4.06e-05 5.975e-05 4.01e-05 7.645e-05 7.46e-05 5.56e-05 7.475e-05 6.295e-05 6.005e-05 3.965e-05 4.2e-05 4.195e-05 5.54e-05 4.09e-05 6.08e-05 3.995e-05 6.075e-05 5.99e-05 4.32e-05 5.725e-05 6.005e-05 5.6e-05 6.2e-05 5.85e-05 4.12e-05 4.33e-05 5.975e-05 5.95e-05 4.285e-05 5.945e-05 5.895e-05 7.595e-05 4.17e-05 7.645e-05 5.885e-05 6.175e-05 7.815e-05 5.96e-05 5.98e-05 5.83e-05 6.005e-05 7.8e-05 4.245e-05 4.12e-05
15 4.1e-05 6.025e-05 5.57e-05 7.455e-05 2.69e-05 2.595e-05 6.14e-05 4.1e-05 6.325e-05 9.03e-05 7.37e-05 0.00010475 7.745e-05 5.88e-05 4.08e-05 1.11e-05 6.17e-05 7.805e-05 7.6e-05 4.07e-05 6.14e-05 6.205e-05 2.63e-05 6.095e-05 4.665e-05 7.495e-05 4.07e-05 2.86e-05 7.49e-05 2.61e-05 2.765e-05 6.065e-05 2.875e-05 4.205e-05 6.27e-05 6.09e-05 7.485e-05 6.245e-05 6.35e-05 7.595e-05 6.02e-05 7.615e-05 7.44e-05 6.12e-05 4.155e-05 7.57e-05 7.55e-05 6.355e-05 2.65e-05 4.535e-05 7.5e-05 4.665e-05 4.055e-05 9.025e-05 4.125e-05 4.52e-05 4.13e-05 6.125e-05 4.06e-05 7.785e-05 7.515e-05 8.965e-05 7.775e-05 6.255e-05 6.33e-05 4.03e-05 7.61e-05 7.605e-05 8.89e-05 7.565e-05 6.205e-05 4.075e-05 6.34e-05 6.315e-05 7.49e-05 9.04e-05 6.3e-05 5.535e-05 5.995e-05 5.99e-05 7.605e-05 7.5e-05 6.255e-05 2.905e-05 7.57e-05 2.87e-05 6.1e-05 7.74e-05 7.605e-05 7.765e-05 6.01e-05 6.415e-05 4.675e-05 6.085e-05 6.105e-05 5.965e-05 6.355e-05 4.655e-05 4.645e-05 7.56e-05
16 6.03e-05 5.905e-05 6.135e-05 6.06e-05 6.005e-05 5.925e-05 5.755e-05 5.995e-05 5.745e-05 5.785e-05 5.9e-05 5.98e-05 5.895e-05 5.9e-05 6.025e-05 6.17e-05 0.000112 5.86e-05 5.77e-05 5.955e-05 5.655e-05 5.71e-05 5.98e-05 5.65e-05 5.66e-05 5.99e-05 5.98e-05 6e-05 5.795e-05 5.93e-05 5.93e-05 5.675e-05 6.1e-05 6.025e-05 5.955e-05 5.7e-05 5.805e-05 5.925e-05 5.795e-05 5.735e-05 5.705e-05 5.715e-05 5.905e-05 5.73e-05 5.985e-05 5.815e-05 5.795e-05 5.895e-05 5.955e-05 5.665e-05 5.835e-05 5.65e-05 6.02e-05 5.785e-05 6.055e-05 5.64e-05 6.01e-05 5.725e-05 5.975e-05 5.95e-05 5.77e-05 5.815e-05 5.77e-05 6.135e-05 5.74e-05 6.01e-05 5.745e-05 5.74e-05 5.82e-05 5.8e-05 5.965e-05 5.965e-05 5.87e-05 5.82e-05 5.985e-05 5.82e-05 5.775e-05 6.11e-05 5.8e-05 5.715e-05 5.79e-05 5.995e-05 5.94e-05 6.02e-05 5.92e-05 5.95e-05 5.685e-05 5.89e-05 5.725e-05 5.935e-05 5.66e-05 5.93e-05 5.675e-05 5.75e-05 5.7e-05 5.69e-05 5.85e-05 5.645e-05 5.86e-05 5.765e-05
17 7.57e-05 5.965e-05 5.915e-05 7.41e-05 6.24e-05 6.125e-05 5.87e-05 7.535e-05 5.545e-05 5.71e-05 7.285e-05 3.885e-05 4.265e-05 5.765e-05 7.58e-05 7.805e-05 5.86e-05 7.76e-05 7.195e-05 7.49e-05 5.825e-05 5.945e-05 6.215e-05 5.725e-05 4.445e-05 7.345e-05 7.53e-05 5.98e-05 7.355e-05 6.145e-05 5.92e-05 5.74e-05 6.17e-05 7.49e-05 5.94e-05 5.79e-05 7.28e-05 5.65e-05 5.665e-05 7.255e-05 5.895e-05 7.285e-05 7.25e-05 5.81e-05 7.605e-05 4.135e-05 4.125e-05 5.855e-05 6.145e-05 4.44e-05 7.33e-05 4.445e-05 7.56e-05 5.7e-05 7.585e-05 4.37e-05 7.56e-05 5.89e-05 7.495e-05 4.29e-05 4.26e-05 5.66e-05 4.09e-05 6.06e-05 5.655e-05 7.635e-05 7.265e-05 7.26e-05 5.75e-05 7.23e-05 5.87e-05 7.505e-05 5.78e-05 5.805e-05 7.34e-05 5.815e-05 5.68e-05 6.125e-05 5.865e-05 5.805e-05 7.28e-05 7.35e-05 5.925e-05 5.92e-05 7.43e-05 5.84e-05 5.8e-05 4.265e-05 7.275e-05 4.145e-05 5.82e-05 5.89e-05 4.515e-05 5.86e-05 5.8e-05 5.8e-05 5.67e-05 4.445e-05 7.19e-05 7.155e-05
18 4.115e-05 6.04e-05 5.815e-05 9e-06 9.495e-05 9.43e-05 5.82e-05 4.2e-05 5.485e-05 2.01e-05 9.95e-06 3.73e-05 7.32e-05 6.045e-05 4.13e-05 7.6e-05 5.77e-05 7.195e-05 4.6e-06 3.865e-05 5.72e-05 5.765e-05 9.47e-05 5.63e-05 0.00011035 8.25e-06 4.08e-05 9.29e-05 9.25e-06 9.45e-05 9.095e-05 5.6e-05 9.48e-05 4.155e-05 5.82e-05 5.67e-05 9.7e-06 5.835e-05 5.665e-05 3.9e-06 5.785e-05 4.25e-06 6.2e-06 5.805e-05 4.165e-05 7.38e-05 7.36e-05 5.74e-05 9.45e-05 0.00010925 1.015e-05 0.00011035 4.105e-05 2.015e-05 4.245e-05 0.00010905 4.065e-05 5.75e-05 4.04e-05 7.3e-05 7.28e-05 1.945e-05 7.03e-05 6.17e-05 5.58e-05 4.19e-05 5.2e-06 5.15e-06 2.045e-05 4.65e-06 5.62e-05 4.05e-05 5.64e-05 5.72e-05 8.2e-06 2.1e-05 5.64e-05 5.835e-05 6.295e-05 5.54e-05 4.2e-06 8.3e-06 5.8e-05 9.285e-05 8.15e-06 9.21e-05 5.68e-05 7.315e-05 4.4e-06 7.385e-05 5.61e-05 5.625e-05 0.0001105 5.635e-05 5.8e-05 5.605e-05 5.525e-05 0.00011035 3.885e-05 4.15e-06
19 4.12e-05 5.925e-05 5.765e-05 3.99e-05 6.28e-05 6.22e-05 5.96e-05 4.22e-05 5.835e-05 5.37e-05 3.98e-05 6.96e-05 7.505e-05 5.875e-05 4.105e-05 4.07e-05 5.955e-05 7.49e-05 3.865e-05 7.28e-05 5.93e-05 5.98e-05 6.24e-05 5.89e-05 7.955e-05 3.945e-05 4.055e-05 6.28e-05 4.07e-05 6.235e-05 6.12e-05 5.815e-05 6.38e-05 4.25e-05 5.975e-05 5.81e-05 4.095e-05 5.95e-05 6.005e-05 3.8e-05 5.815e-05 3.885e-05 3.8e-05 5.96e-05 4.24e-05 7.465e-05 7.445e-05 5.95e-05 6.255e-05 7.835e-05 4.125e-05 7.955e-05 4.095e-05 5.37e-05 4.265e-05 7.835e-05 4.185e-05 5.895e-05 4.115e-05 7.45e-05 7.37e-05 5.235e-05 7.36e-05 6.09e-05 5.93e-05 4.105e-05 3.935e-05 3.93e-05 5.235e-05 3.82e-05 5.7e-05 4.055e-05 5.9e-05 6.06e-05 3.94e-05 5.42e-05 5.94e-05 5.73e-05 6.135e-05 5.775e-05 3.82e-05 3.95e-05 5.985e-05 6.3e-05 4.065e-05 6.225e-05 5.82e-05 7.5e-05 3.875e-05 7.565e-05 5.81e-05 6e-05 7.925e-05 5.8e-05 5.945e-05 5.76e-05 5.86e-05 7.945e-05 4.285e-05 3.89e-05
20 6.005e-05 5.865e-05 6.105e-05 6.03e-05 5.965e-05 5.9e-05 5.71e-05 5.975e-05 5.715e-05 5.71e-05 5.87e-05 5.95e-05 5.855e-05 5.865e-05 6e-05 6.14e-05 5.655e-05 5.825e-05 5.72e-05 5.93e-05 0.0001112 5.665e-05 5.94e-05 5.635e-05 5.6e-05 5.955e-05 5.95e-05 5.965e-05 5.695e-05 5.92e-05 5.9e-05 5.635e-05 6.065e-05 6.005e-05 5.93e-05 5.655e-05 5.735e-05 5.89e-05 5.755e-05 5.67e-05 5.69e-05 5.695e-05 5.87e-05 5.675e-05 5.915e-05 5.765e-05 5.745e-05 5.88e-05 5.905e-05 5.625e-05 5.765e-05 5.615e-05 5.995e-05 5.71e-05 6.02e-05 5.59e-05 5.965e-05 5.7e-05 5.935e-05 5.91e-05 5.73e-05 5.785e-05 5.7e-05 6.11e-05 5.72e-05 5.985e-05 5.685e-05 5.675e-05 5.79e-05 5.77e-05 5.93e-05 5.935e-05 5.835e-05 5.855e-05 5.95e-05 5.74e-05 5.755e-05 6.095e-05 5.75e-05 5.67e-05 5.725e-05 5.96e-05 5.915e-05 5.985e-05 5.88e-05 5.91e-05 5.68e-05 5.85e-05 5.67e-05 5.9e-05 5.59e-05 5.88e-05 5.625e-05 5.68e-05 5.685e-05 5.675e-05 5.83e-05 5.615e-05 5.84e-05 5.725e-05
21 6.07e-05 5.865e-05 6.2e-05 6.08e-05 5.97e-05 5.995e-05 5.695e-05 6.035e-05 5.805e-05 5.75e-05 5.95e-05 6.06e-05 5.94e-05 5.955e-05 6.065e-05 6.205e-05 5.71e-05 5.945e-05 5.765e-05 5.98e-05 5.665e-05 0.0001114 5.945e-05 5.755e-05 5.645e-05 6e-05 6.02e-05 6.07e-05 5.725e-05 6.015e-05 6e-05 5.75e-05 6.17e-05 6.065e-05 5.995e-05 5.76e-05 5.81e-05 5.98e-05 5.84e-05 5.715e-05 5.76e-05 5.685e-05 5.945e-05 5.775e-05 5.975e-05 5.9e-05 5.88e-05 5.955e-05 6.025e-05 5.65e-05 5.84e-05 5.645e-05 6.06e-05 5.75e-05 6.08e-05 5.73e-05 6.025e-05 5.685e-05 6.025e-05 5.99e-05 5.815e-05 5.83e-05 5.735e-05 6.16e-05 5.805e-05 6.05e-05 5.725e-05 5.72e-05 5.835e-05 5.815e-05 5.975e-05 6.005e-05 5.94e-05 5.895e-05 5.995e-05 5.78e-05 5.84e-05 6.155e-05 5.885e-05 5.75e-05 5.77e-05 6.005e-05 5.98e-05 6.09e-05 5.92e-05 6.02e-05 5.76e-05 5.935e-05 5.71e-05 6.02e-05 5.67e-05 5.92e-05 5.59e-05 5.715e-05 5.76e-05 5.755e-05 5.905e-05 5.635e-05 5.9e-05 5.81e-05
22 5.925e-05 5.94e-05 5.95e-05 9.49e-05 2.355e-05 2.325e-05 5.86e-05 5.865e-05 6.18e-05 9.475e-05 9.245e-05 9.52e-05 6.145e-05 5.91e-05 5.905e-05 2.63e-05 5.98e-05 6.215e-05 9.47e-05 6.24e-05 5.94e-05 5.945e-05 4.6e-05 5.885e-05 2.34e-05 9.505e-05 5.905e-05 2.605e-05 9.235e-05 2.345e-05 2.595e-05 5.92e-05 2.62e-05 5.97e-05 6.145e-05 5.925e-05 9.26e-05 6.23e-05 6.15e-05 9.495e-05 5.845e-05 9.505e-05 9.495e-05 5.9e-05 5.945e-05 5.96e-05 5.94e-05 6.31e-05 2.375e-05 2.33e-05 9.275e-05 2.34e-05 5.895e-05 9.47e-05 5.895e-05 2.375e-05 5.93e-05 5.89e-05 5.885e-05 6.29e-05 5.925e-05 9.445e-05 6.155e-05 6.275e-05 6.17e-05 5.845e-05 9.46e-05 9.455e-05 9.37e-05 9.445e-05 6.435e-05 5.91e-05 6.295e-05 6.2e-05 9.5e-05 9.475e-05 6.15e-05 5.91e-05 5.705e-05 5.93e-05 9.505e-05 9.51e-05 6.13e-05 2.65e-05 9.395e-05 2.625e-05 5.925e-05 6.14e-05 9.495e-05 6.175e-05 5.93e-05 6.345e-05 2.345e-05 5.985e-05 5.88e-05 5.91e-05 6.355e-05 2.33e-05 6.195e-05 9.405e-05
23 5.925e-05 5.85e-05 6.03e-05 6.03e-05 5.91e-05 5.785e-05 5.7e-05 5.94e-05 5.61e-05 5.835e-05 5.8e-05 5.88e-05 5.795e-05 5.795e-05 5.925e-05 6.095e-05 5.65e-05 5.725e-05 5.63e-05 5.89e-05 5.635e-05 5.755e-05 5.885e-05 0.0001086 5.535e-05 5.96e-05 5.87e-05 5.86e-05 5.85e-05 5.79e-05 5.785e-05 5.5e-05 5.96e-05 5.97e-05 5.855e-05 5.565e-05 5.825e-05 5.825e-05 5.695e-05 5.75e-05 5.595e-05 5.805e-05 5.8e-05 5.63e-05 5.995e-05 5.68e-05 5.66e-05 5.855e-05 5.815e-05 5.535e-05 5.855e-05 5.525e-05 5.915e-05 5.835e-05 5.985e-05 5.465e-05 5.935e-05 5.69e-05 5.825e-05 5.88e-05 5.67e-05 5.75e-05 5.75e-05 6.085e-05 5.67e-05 5.915e-05 5.81e-05 5.805e-05 5.765e-05 5.735e-05 5.935e-05 5.855e-05 5.735e-05 5.905e-05 5.955e-05 5.89e-05 5.69e-05 6.065e-05 5.67e-05 5.605e-05 5.77e-05 5.965e-05 5.835e-05 5.88e-05 5.895e-05 5.8e-05 5.55e-05 5.79e-05 5.795e-05 5.8e-05 5.635e-05 5.87e-05 5.625e-05 5.715e-05 5.615e-05 5.605e-05 5.805e-05 5.535e-05 5.78e-05 5.615e-05
24 7.83e-05 5.66e-05 6.38e-05 0.0001118 2.365e-05 2.33e-05 5.555e-05 7.74e-05 5.885e-05 9.605e-05 0.0001071 8.175e-05 4.385e-05 5.675e-05 7.81e-05 4.665e-05 5.66e-05 4.445e-05 0.00011035 7.955e-05 5.6e-05 5.645e-05 2.34e-05 5.535e-05 2.3e-06 0.00011105 7.76e-05 2.61e-05 0.00010685 2.35e-05 2.66e-05 5.605e-05 2.62e-05 7.845e-05 5.985e-05 5.595e-05 0.000107 5.945e-05 5.84e-05 0.0001109 5.54e-05 0.000111 0.0001108 5.555e-05 7.835e-05 4.155e-05 4.135e-05 6.035e-05 2.345e-05 2.45e-06 0.00010715 1.3e-06 7.82e-05 9.6e-05 7.785e-05 2.5e-06 7.81e-05 5.6e-05 7.76e-05 4.54e-05 4.175e-05 9.585e-05 4.425e-05 6.05e-05 5.87e-05 7.73e-05 0.00011045 0.0001104 9.51e-05 0.00011035 6.26e-05 7.765e-05 5.99e-05 6.125e-05 0.000111 9.605e-05 5.855e-05 6.355e-05 5.22e-05 5.735e-05 0.000111 0.0001111 5.97e-05 2.655e-05 0.0001097 2.58e-05 5.61e-05 4.38e-05 0.0001109 4.405e-05 5.73e-05 6.055e-05 1.65e-06 5.715e-05 5.555e-05 5.72e-05 6.155e-05 1.3e-06 7.75e-05 0.0001096
25 4.33e-05 5.815e-05 5.89e-05 6.6e-06 9.53e-05 9.49e-05 5.895e-05 4.21e-05 5.775e-05 2.26e-05 1.135e-05 3.855e-05 7.38e-05 6.015e-05 4.325e-05 7.495e-05 5.99e-05 7.345e-05 8.25e-06 3.945e-05 5.955e-05 6e-05 9.505e-05 5.96e-05 0.00011105 1.07e-05 4.285e-05 9.34e-05 1.155e-05 9.51e-05 9.185e-05 5.89e-05 9.49e-05 4.17e-05 5.97e-05 5.92e-05 1.19e-05 5.675e-05 5.72e-05 7.8e-06 5.975e-05 7.9e-06 6.35e-06 5.87e-05 4.365e-05 7.49e-05 7.47e-05 5.845e-05 9.51e-05 0.00011005 1.215e-05 0.00011105 4.32e-05 2.26e-05 4.275e-05 0.0001101 4.31e-05 5.925e-05 4.3e-05 7.325e-05 7.39e-05 2.21e-05 7.215e-05 5.86e-05 5.76e-05 4.355e-05 7.05e-06 7e-06 2.26e-05 6.85e-06 5.525e-05 4.275e-05 5.835e-05 5.935e-05 5.95e-06 2.295e-05 5.78e-05 5.84e-05 6.355e-05 5.83e-05 7.25e-06 6.05e-06 5.955e-05 9.385e-05 7e-06 9.32e-05 5.93e-05 7.375e-05 7.8e-06 7.445e-05 5.855e-05 5.9e-05 0.0001107 5.84e-05 5.845e-05 5.815e-05 5.51e-05 0.00011095 3.965e-05 7.15e-06
26 4.01e-05 6.085e-05 5.655e-05 4.32e-05 5.945e-05 5.865e-05 5.97e-05 4.08e-05 5.875e-05 5.645e-05 4.285e-05 7.235e-05 7.545e-05 6.015e-05 3.975e-05 4.07e-05 5.98e-05 7.53e-05 4.08e-05 4.055e-05 5.95e-05 6.02e-05 5.905e-05 5.87e-05 7.76e-05 4.285e-05 7.77e-05 5.935e-05 4.34e-05 5.885e-05 5.79e-05 5.825e-05 6.03e-05 4.105e-05 6e-05 5.84e-05 4.36e-05 6.1e-05 6e-05 4.065e-05 5.83e-05 4.14e-05 4.17e-05 5.945e-05 4.12e-05 7.495e-05 7.475e-05 6.085e-05 5.9e-05 7.64e-05 4.38e-05 7.76e-05 3.985e-05 5.645e-05 4.11e-05 7.62e-05 4.075e-05 5.935e-05 3.985e-05 7.595e-05 7.405e-05 5.52e-05 7.43e-05 6.275e-05 5.96e-05 3.98e-05 4.16e-05 4.155e-05 5.495e-05 4.05e-05 6.04e-05 3.915e-05 6.03e-05 6.01e-05 4.28e-05 5.68e-05 5.965e-05 5.62e-05 6.155e-05 5.795e-05 4.08e-05 4.29e-05 5.995e-05 5.955e-05 4.24e-05 5.85e-05 5.85e-05 7.545e-05 4.13e-05 7.6e-05 5.83e-05 6.125e-05 7.77e-05 5.915e-05 5.935e-05 5.78e-05 5.97e-05 7.76e-05 4.265e-05 4.07e-05
27 5.935e-05 6.065e-05 5.93e-05 9.335e-05 2.63e-05 2.53e-05 5.97e-05 5.84e-05 5.975e-05 9.34e-05 9.245e-05 9.3e-05 6.035e-05 5.895e-05 5.9e-05 2.86e-05 6e-05 5.98e-05 9.29e-05 6.28e-05 5.965e-05 6.07e-05 2.605e-05 5.86e-05 2.61e-05 9.34e-05 5.935e-05 4.96e-05 9.295e-05 2.55e-05 2.595e-05 5.895e-05 2.655e-05 5.87e-05 6.055e-05 5.93e-05 9.27e-05 6.055e-05 5.865e-05 9.355e-05 5.945e-05 9.365e-05 9.34e-05 5.885e-05 5.975e-05 5.935e-05 5.915e-05 6.205e-05 2.55e-05 2.595e-05 9.295e-05 2.61e-05 5.925e-05 9.335e-05 5.885e-05 2.54e-05 5.945e-05 5.995e-05 5.89e-05 6.185e-05 5.93e-05 9.29e-05 6.015e-05 6.23e-05 5.905e-05 5.93e-05 9.285e-05 9.28e-05 9.29e-05 9.265e-05 6.36e-05 5.93e-05 6.165e-05 6.03e-05 9.35e-05 9.385e-05 5.905e-05 5.96e-05 5.87e-05 5.935e-05 9.325e-05 9.36e-05 6.04e-05 2.615e-05 9.355e-05 2.6e-05 5.94e-05 6.01e-05 9.355e-05 6.01e-05 5.95e-05 6.255e-05 2.685e-05 6.035e-05 5.86e-05 5.91e-05 6.1e-05 2.61e-05 5.98e-05 9.185e-05
28 4.375e-05 5.96e-05 5.89e-05 1.235e-05 9.26e-05 9.255e-05 5.82e-05 4.375e-05 5.83e-05 2.27e-05 9.75e-06 3.94e-05 7.42e-05 6.02e-05 4.385e-05 7.49e-05 5.795e-05 7.355e-05 9.25e-06 4.07e-05 5.695e-05 5.725e-05 9.235e-05 5.85e-05 0.00010685 1.155e-05 4.34e-05 9.295e-05 1.32e-05 9.275e-05 9.25e-05 5.805e-05 9.405e-05 4.405e-05 6.035e-05 5.815e-05 7.8e-06 6.015e-05 5.905e-05 7.95e-06 5.85e-05 8.3e-06 1.065e-05 5.865e-05 4.25e-05 7.34e-05 7.32e-05 5.895e-05 9.275e-05 0.00010695 8.3e-06 0.00010685 4.365e-05 2.265e-05 4.42e-05 0.00010735 4.325e-05 5.785e-05 4.33e-05 7.365e-05 7.31e-05 2.38e-05 7.17e-05 6.21e-05 5.84e-05 4.38e-05 8.4e-06 8.4e-06 2.41e-05 9.6e-06 5.735e-05 4.31e-05 5.875e-05 5.915e-05 1.15e-05 2.32e-05 5.895e-05 5.925e-05 5.845e-05 5.805e-05 8.6e-06 1.16e-05 6.02e-05 9.31e-05 1.12e-05 9.24e-05 5.825e-05 7.415e-05 8e-06 7.445e-05 5.7e-05 5.875e-05 0.000106 5.695e-05 5.86e-05 5.82e-05 5.865e-05 0.00010675 4.33e-05 9.85e-06
29 5.91e-05 5.98e-05 5.905e-05 9.49e-05 2.39e-05 2.27e-05 5.915e-05 5.855e-05 6.14e-05 9.5e-05 9.215e-05 9.46e-05 6.11e-05 5.87e-05 5.89e-05 2.61e-05 5.93e-05 6.145e-05 9.45e-05 6.235e-05 5.92e-05 6.015e-05 2.345e-05 5.79e-05 2.35e-05 9.51e-05 5.885e-05 2.55e-05 9.275e-05 4.54e-05 2.54e-05 5.855e-05 2.565e-05 5.96e-05 6.13e-05 5.885e-05 9.25e-05 6.19e-05 6.115e-05 9.515e-05 5.815e-05 9.53e-05 9.47e-05 5.865e-05 5.95e-05 5.89e-05 5.87e-05 6.285e-05 2.32e-05 2.34e-05 9.265e-05 2.34e-05 5.88e-05 9.495e-05 5.885e-05 2.295e-05 5.92e-05 5.945e-05 5.845e-05 6.26e-05 5.89e-05 9.45e-05 6.18e-05 6.275e-05 6.135e-05 5.83e-05 9.485e-05 9.48e-05 9.375e-05 9.45e-05 6.44e-05 5.89e-05 6.24e-05 6.19e-05 9.505e-05 9.51e-05 6.115e-05 5.9e-05 5.635e-05 5.895e-05 9.525e-05 9.515e-05 6.115e-05 2.595e-05 9.405e-05 2.565e-05 5.87e-05 6.105e-05 9.52e-05 6.105e-05 5.91e-05 6.33e-05 2.41e-05 6.01e-05 5.845e-05 5.875e-05 6.33e-05 2.34e-05 6.185e-05 9.37e-05
30 5.81e-05 5.985e-05 5.81e-05 9.175e-05 2.625e-05 2.52e-05 5.9e-05 5.745e-05 5.91e-05 9.155e-05 9.185e-05 9.115e-05 5.985e-05 5.865e-05 5.79e-05 2.765e-05 5.93e-05 5.92e-05 9.095e-05 6.12e-05 5.9e-05 6e-05 2.595e-05 5.785e-05 2.66e-05 9.185e-05 5.79e-05 2.595e-05 9.25e-05 2.54e-05 4.69e-05 5.8e-05 2.685e-05 5.775e-05 6.015e-05 5.86e-05 9.225e-05 5.985e-05 5.91e-05 9.165e-05 5.855e-05 9.18e-05 9.14e-05 5.845e-05 5.85e-05 5.87e-05 5.85e-05 6.155e-05 2.55e-05 2.535e-05 9.24e-05 2.655e-05 5.795e-05 9.15e-05 5.79e-05 2.485e-05 5.805e-05 5.925e-05 5.755e-05 6.135e-05 5.84e-05 9.1e-05 5.955e-05 6.17e-05 5.93e-05 5.775e-05 9.14e-05 9.135e-05 9.085e-05 9.1e-05 6.285e-05 5.795e-05 6.11e-05 5.985e-05 9.18e-05 9.185e-05 5.91e-05 5.825e-05 5.935e-05 5.755e-05 9.175e-05 9.19e-05 6e-05 2.62e-05 9.15e-05 2.595e-05 5.865e-05 5.98e-05 9.17e-05 5.98e-05 5.775e-05 6.2e-05 2.73e-05 5.97e-05 5.83e-05 5.735e-05 5.995e-05 2.655e-05 5.85e-05 9.02e-05
31 5.885e-05 5.85e-05 6.015e-05 5.96e-05 5.945e-05 5.835e-05 5.695e-05 5.905e-05 5.6e-05 5.76e-05 5.78e-05 5.845e-05 5.79e-05 5.795e-05 5.885e-05 6.065e-05 5.675e-05 5.74e-05 5.6e-05 5.815e-05 5.635e-05 5.75e-05 5.92e-05 5.5e-05 5.605e-05 5.89e-05 5.825e-05 5.895e-05 5.805e-05 5.855e-05 5.8e-05 0.0001089 5.995e-05 5.935e-05 5.845e-05 5.56e-05 5.8e-05 5.825e-05 5.69e-05 5.67e-05 5.6e-05 5.73e-05 5.725e-05 5.63e-05 5.96e-05 5.7e-05 5.68e-05 5.825e-05 5.855e-05 5.58e-05 5.83e-05 5.605e-05 5.875e-05 5.76e-05 5.95e-05 5.515e-05 5.9e-05 5.685e-05 5.785e-05 5.85e-05 5.62e-05 5.67e-05 5.71e-05 6.07e-05 5.665e-05 5.875e-05 5.735e-05 5.73e-05 5.685e-05 5.655e-05 5.89e-05 5.81e-05 5.7e-05 5.895e-05 5.885e-05 5.815e-05 5.685e-05 6.03e-05 5.72e-05 5.58e-05 5.69e-05 5.895e-05 5.825e-05 5.915e-05 5.82e-05 5.83e-05 5.57e-05 5.785e-05 5.72e-05 5.815e-05 5.61e-05 5.84e-05 5.665e-05 5.67e-05 5.625e-05 5.58e-05 5.75e-05 5.615e-05 5.75e-05 5.585e-05
32 6.005e-05 6.085e-05 6e-05 9.47e-05 2.61e-05 2.545e-05 6.07e-05 5.985e-05 6.165e-05 9.53e-05 9.35e-05 9.49e-05 6.02e-05 5.995e-05 6.025e-05 2.875e-05 6.1e-05 6.17e-05 9.48e-05 6.38e-05 6.065e-05 6.17e-05 2.62e-05 5.96e-05 2.62e-05 9.49e-05 6.03e-05 2.655e-05 9.405e-05 2.565e-05 2.685e-05 5.995e-05 4.98e-05 6.04e-05 6.045e-05 6.03e-05 9.38e-05 6.165e-05 6.12e-05 9.545e-05 5.985e-05 9.56e-05 9.45e-05 6.01e-05 6.03e-05 6.035e-05 6.015e-05 6.195e-05 2.53e-05 2.605e-05 9.39e-05 2.62e-05 6.03e-05 9.525e-05 5.995e-05 2.55e-05 6.05e-05 6.1e-05 5.99e-05 6.17e-05 6.03e-05 9.48e-05 6.205e-05 6.135e-05 6.14e-05 5.975e-05 9.515e-05 9.51e-05 9.42e-05 9.48e-05 6.4e-05 6.03e-05 6.15e-05 6.225e-05 9.485e-05 9.535e-05 6.13e-05 5.99e-05 5.875e-05 6.035e-05 9.555e-05 9.495e-05 6.03e-05 2.685e-05 9.315e-05 2.7e-05 6.04e-05 5.98e-05 9.55e-05 5.98e-05 6.05e-05 6.24e-05 2.695e-05 6.135e-05 6e-05 6.015e-05 6.355e-05 2.62e-05 6.215e-05 9.4e-05
33 4.1e-05 6.13e-05 5.66e-05 4.17e-05 5.995e-05 5.94e-05 5.93e-05 3.91e-05 5.92e-05 5.65e-05 4.41e-05 7.22e-05 7.54e-05 6.08e-05 4.09e-05 4.205e-05 6.025e-05 7.49e-05 4.155e-05 4.25e-05 6.005e-05 6.065e-05 5.97e-05 5.97e-05 7.845e-05 4.17e-05 4.105e-05 5.87e-05 4.405e-05 5.96e-05 5.775e-05 5.935e-05 6.04e-05 7.66e-05 6.015e-05 5.965e-05 4.425e-05 6.075e-05 5.82e-05 4.15e-05 5.955e-05 4.145e-05 4.235e-05 5.89e-05 4.145e-05 7.535e-05 7.515e-05 6.065e-05 5.96e-05 7.74e-05 4.45e-05 7.845e-05 4.09e-05 5.65e-05 4.02e-05 7.73e-05 4.065e-05 5.97e-05 4.09e-05 7.585e-05 7.455e-05 5.595e-05 7.395e-05 6.25e-05 5.875e-05 4.04e-05 4.02e-05 4.015e-05 5.585e-05 4.025e-05 6.005e-05 4.105e-05 6.07e-05 5.9e-05 4.185e-05 5.69e-05 5.885e-05 5.63e-05 6.265e-05 5.88e-05 4.095e-05 4.195e-05 6e-05 5.935e-05 4.17e-05 5.93e-05 5.975e-05 7.535e-05 4.135e-05 7.585e-05 5.9e-05 6.14e-05 7.845e-05 5.975e-05 5.835e-05 5.84e-05 5.73e-05 7.83e-05 4.035e-05 4.02e-05
34 5.99e-05 6.015e-05 6.175e-05 5.945e-05 6.17e-05 6.11e-05 5.94e-05 6.035e-05 5.745e-05 5.92e-05 6e-05 6.045e-05 5.845e-05 6.04e-05 5.98e-05 6.27e-05 5.955e-05 5.94e-05 5.82e-05 5.975e-05 5.93e-05 5.995e-05 6.145e-05 5.855e-05 5.985e-05 5.97e-05 6e-05 6.055e-05 6.035e-05 6.13e-05 6.015e-05 5.845e-05 6.045e-05 6.015e-05 0.0001129 5.82e-05 6.05e-05 5.925e-05 5.87e-05 5.795e-05 5.84e-05 5.875e-05 5.865e-05 5.925e-05 6.105e-05 6.015e-05 5.995e-05 5.835e-05 6.13e-05 5.975e-05 6.075e-05 5.985e-05 5.98e-05 5.92e-05 6.09e-05 5.96e-05 6.04e-05 5.915e-05 6.01e-05 5.895e-05 5.96e-05 5.795e-05 5.84e-05 5.955e-05 5.83e-05 5.98e-05 5.885e-05 5.88e-05 5.81e-05 5.78e-05 5.925e-05 5.995e-05 5.785e-05 5.9e-05 5.965e-05 5.965e-05 5.86e-05 6.15e-05 6.1e-05 5.89e-05 5.815e-05 5.975e-05 5.655e-05 6.075e-05 5.86e-05 6.07e-05 5.83e-05 5.85e-05 5.865e-05 5.9e-05 5.92e-05 5.885e-05 5.995e-05 5.9e-05 5.91e-05 5.875e-05 5.915e-05 5.975e-05 5.765e-05 5.805e-05
35 5.88e-05 5.85e-05 6.06e-05 5.985e-05 5.95e-05 5.865e-05 5.705e-05 5.935e-05 5.6e-05 5.8e-05 5.79e-05 5.905e-05 5.83e-05 5.825e-05 5.885e-05 6.09e-05 5.7e-05 5.79e-05 5.67e-05 5.81e-05 5.655e-05 5.76e-05 5.925e-05 5.565e-05 5.595e-05 5.92e-05 5.84e-05 5.93e-05 5.815e-05 5.885e-05 5.86e-05 5.56e-05 6.03e-05 5.965e-05 5.82e-05 0.0001107 5.82e-05 5.855e-05 5.73e-05 5.67e-05 5.59e-05 5.76e-05 5.785e-05 5.65e-05 5.995e-05 5.73e-05 5.71e-05 5.84e-05 5.87e-05 5.615e-05 5.85e-05 5.61e-05 5.87e-05 5.8e-05 5.985e-05 5.56e-05 5.935e-05 5.685e-05 5.855e-05 5.885e-05 5.705e-05 5.67e-05 5.725e-05 6.07e-05 5.695e-05 5.875e-05 5.77e-05 5.765e-05 5.69e-05 5.655e-05 5.895e-05 5.82e-05 5.755e-05 5.895e-05 5.915e-05 5.85e-05 5.715e-05 6.055e-05 5.72e-05 5.645e-05 5.69e-05 5.925e-05 5.795e-05 5.95e-05 5.86e-05 5.88e-05 5.565e-05 5.825e-05 5.75e-05 5.865e-05 5.675e-05 5.875e-05 5.645e-05 5.685e-05 5.655e-05 5.635e-05 5.795e-05 5.61e-05 5.78e-05 5.655e-05
36 4.39e-05 5.995e-05 5.825e-05 1.26e-05 9.285e-05 9.23e-05 5.885e-05 4.395e-05 5.835e-05 2.365e-05 9.2e-06 3.825e-05 7.435e-05 6.005e-05 4.4e-05 7.485e-05 5.805e-05 7.28e-05 9.7e-06 4.095e-05 5.735e-05 5.81e-05 9.26e-05 5.825e-05 0.000107 1.19e-05 4.36e-05 9.27e-05 7.8e-06 9.25e-05 9.225e-05 5.8e-05 9.38e-05 4.425e-05 6.05e-05 5.82e-05 1.55e-05 6e-05 5.92e-05 8.8e-06 5.855e-05 9.1e-06 1.08e-05 5.88e-05 4.305e-05 7.265e-05 7.245e-05 5.865e-05 9.25e-05 0.0001071 8.3e-06 0.000107 4.38e-05 2.36e-05 4.445e-05 0.000107 4.355e-05 5.845e-05 4.34e-05 7.35e-05 7.325e-05 2.435e-05 7.25e-05 6.215e-05 5.85e-05 4.395e-05 9.3e-06 9.25e-06 2.465e-05 1.015e-05 5.77e-05 4.33e-05 5.83e-05 5.935e-05 1.185e-05 2.425e-05 5.905e-05 5.945e-05 5.77e-05 5.825e-05 9.4e-06 1.195e-05 6.035e-05 9.285e-05 1.185e-05 9.22e-05 5.83e-05 7.43e-05 8.8e-06 7.37e-05 5.745e-05 5.88e-05 0.00010675 5.765e-05 5.87e-05 5.83e-05 5.835e-05 0.0001069 4.35e-05 1.01e-05
37 6.15e-05 5.73e-05 6.145e-05 5.73e-05 6.255e-05 6.17e-05 5.91e-05 6.115e-05 5.645e-05 5.825e-05 5.935e-05 5.8e-05 5.795e-05 5.755e-05 6.15e-05 6.245e-05 5.925e-05 5.65e-05 5.835e-05 5.95e-05 5.89e-05 5.98e-05 6.23e-05 5.825e-05 5.945e-05 5.675e-05 6.1e-05 6.055e-05 6.015e-05 6.19e-05 5.985e-05 5.825e-05 6.165e-05 6.075e-05 5.925e-05 5.855e-05 6e-05 0.0001096 5.76e-05 5.855e-05 5.925e-05 5.88e-05 5.62e-05 5.875e-05 6.185e-05 5.86e-05 5.84e-05 5.9e-05 6.19e-05 5.94e-05 6.03e-05 5.945e-05 6.14e-05 5.82e-05 6.165e-05 5.9e-05 6.145e-05 5.92e-05 6.095e-05 5.85e-05 5.84e-05 5.775e-05 5.675e-05 5.765e-05 5.745e-05 6.18e-05 5.865e-05 5.86e-05 5.83e-05 5.83e-05 5.75e-05 6.085e-05 5.85e-05 5.875e-05 5.675e-05 5.865e-05 5.755e-05 6.155e-05 6.03e-05 5.875e-05 5.875e-05 5.685e-05 5.91e-05 6e-05 5.805e-05 5.925e-05 5.865e-05 5.795e-05 5.87e-05 5.81e-05 5.885e-05 5.94e-05 5.985e-05 5.875e-05 5.865e-05 5.86e-05 5.8e-05 5.945e-05 5.8e-05 5.79e-05
38 6.05e-05 5.955e-05 6.135e-05 5.805e-05 6.175e-05 6.095e-05 5.69e-05 5.865e-05 5.57e-05 5.725e-05 5.945e-05 5.83e-05 5.785e-05 5.885e-05 6.05e-05 6.35e-05 5.795e-05 5.665e-05 5.665e-05 6.005e-05 5.755e-05 5.84e-05 6.15e-05 5.695e-05 5.84e-05 5.72e-05 6e-05 5.865e-05 5.905e-05 6.115e-05 5.91e-05 5.69e-05 6.12e-05 5.82e-05 5.87e-05 5.73e-05 5.92e-05 5.76e-05 0.0001062 5.695e-05 5.82e-05 5.695e-05 5.795e-05 5.555e-05 6.075e-05 5.825e-05 5.805e-05 5.81e-05 6.115e-05 5.835e-05 5.955e-05 5.84e-05 6.04e-05 5.725e-05 5.87e-05 5.8e-05 6.025e-05 5.765e-05 5.98e-05 5.84e-05 5.775e-05 5.685e-05 5.59e-05 6.065e-05 5.475e-05 6.1e-05 5.555e-05 5.55e-05 5.76e-05 5.485e-05 5.81e-05 5.985e-05 5.775e-05 5.8e-05 5.68e-05 5.805e-05 5.515e-05 6.16e-05 5.99e-05 5.73e-05 5.62e-05 5.69e-05 5.855e-05 5.975e-05 5.725e-05 5.9e-05 5.74e-05 5.76e-05 5.685e-05 5.805e-05 5.75e-05 5.855e-05 5.87e-05 5.76e-05 5.59e-05 5.71e-05 5.45e-05 5.84e-05 5.54e-05 5.44e-05
39 4.085e-05 6.02e-05 5.845e-05 8.5e-06 9.52e-05 9.495e-05 5.81e-05 4.195e-05 5.485e-05 1.89e-05 9.95e-06 3.755e-05 7.35e-05 6.07e-05 4.105e-05 7.595e-05 5.735e-05 7.255e-05 3.9e-06 3.8e-05 5.67e-05 5.715e-05 9.495e-05 5.75e-05 0.0001109 7.8e-06 4.065e-05 9.355e-05 7.95e-06 9.515e-05 9.165e-05 5.67e-05 9.545e-05 4.15e-05 5.795e-05 5.67e-05 8.8e-06 5.855e-05 5.695e-05 4.5e-06 5.775e-05 3.45e-06 6.15e-06 5.835e-05 4.08e-05 7.44e-05 7.42e-05 5.725e-05 9.515e-05 0.00010985 9.25e-06 0.0001109 4.075e-05 1.895e-05 4.245e-05 0.00011005 4.115e-05 5.735e-05 4.085e-05 7.3e-05 7.31e-05 1.88e-05 6.985e-05 6.145e-05 5.595e-05 4.16e-05 3.95e-06 3.95e-06 1.98e-05 4e-06 5.575e-05 4.025e-05 5.67e-05 5.65e-05 7.75e-06 1.97e-05 5.665e-05 5.82e-05 6.35e-05 5.625e-05 3.1e-06 7.85e-06 5.77e-05 9.35e-05 7.75e-06 9.285e-05 5.68e-05 7.345e-05 3.2e-06 7.445e-05 5.555e-05 5.73e-05 0.0001103 5.64e-05 5.825e-05 5.635e-05 5.51e-05 0.0001108 3.895e-05 4.7e-06
