 slim_337491107 slim_337491146 slim_337491156 slim_337491076 slim_337490928 slim_337491135 slim_337491159 slim_337491158 slim_337491015 slim_337491172 slim_337491042 slim_337491079 slim_337491080 slim_337491179 slim_337491087 slim_337491105 slim_337491004 slim_337491127 slim_337491012 slim_337491124 slim_337490860 slim_337491168 slim_337490954 slim_337491092 slim_337491148 slim_337491134 slim_337491153 slim_337491095 slim_337491177 slim_337491132 slim_337491110 slim_337491013 slim_337491129 slim_337491106 slim_337491103 slim_337490916 slim_337491160 slim_337491121 slim_337490986 slim_337491162 slim_337491139 slim_337491149 slim_337491109 slim_337491144 slim_337491169 slim_337491140 slim_337491171 slim_337491065 slim_337491056 slim_337491063 slim_337491130 slim_337491061 slim_337490933 slim_337491072 slim_337491064 slim_337490894 slim_337491071 slim_337491164 slim_337490955 slim_337491152 slim_337491023 slim_337490993 slim_337491049 slim_337491114 slim_337491151 slim_337490919 slim_337491120 slim_337491122 slim_337491000 slim_337490998 slim_337490882 slim_337491026 slim_337491102 slim_337491147 slim_337491007 slim_337491036 slim_337491157 slim_337491174 slim_337491112 slim_337490959 slim_337491096 slim_337491163 slim_337491173 slim_337490987 slim_337491154 slim_337491044 slim_337491133 slim_337491088 slim_337491075 slim_337490994 slim_337491098 slim_337491180 slim_337491175 slim_337490822 slim_337491055 slim_337491097 slim_337491125 slim_337491178 slim_337491093 slim_337491111
0 0.0005801 0.00029035 0.00040525 0.00063895 0.0005175 0.0006576 0.00067365 0.00065765 0.00051525 0.00062855 0.00063205 0.00052565 0.0003958 0.0003516 0.0005265 0.00064055 0.00044775 0.00047025 0.0006275 0.00049735 0.0006642 0.0006101 0.00047465 0.0006021 0.00046525 0.0005287 0.00042555 0.00062875 0.00063785 0.0006375 0.0005127 0.00065015 0.0004987 0.00067505 0.00064745 0.00054775 0.0003954 0.00057 0.0003315 0.00052005 0.0005684 0.0005289 0.0006213 0.000474 0.00038635 0.0005927 0.00046445 0.00051525 0.00051125 0.00043415 0.0004454 0.0006501 0.00062855 0.0006365 0.00047375 0.0005162 0.00050885 0.00037625 0.0006115 0.0005714 0.00049835 0.000606 0.0004965 0.00037315 0.0004934 0.0005586 0.0004962 0.0006161 0.0004564 0.00039575 0.00065125 0.00063275 0.0005124 0.0004327 0.00063755 0.00046535 0.00038755 0.00051535 0.00061615 0.00057155 0.00033165 0.00051265 0.0005448 0.00053785 0.00037395 0.0006836 0.00057085 0.00063245 0.00037415 0.0004701 0.0006738 0.0005975 0.0006416 0.0004972 0.00043695 0.00060215 0.0004002 0.0004326 0.00043705 0.0004933
1 0.00029035 0.0005805 0.00040545 0.00063915 0.0005177 0.0006578 0.00067385 0.00065785 0.00051545 0.00062875 0.00063225 0.00052585 0.00039575 0.0003515 0.0005267 0.00064075 0.00044795 0.00047045 0.0006277 0.00049755 0.0006644 0.0006103 0.00047485 0.0006023 0.00046545 0.0005289 0.00042575 0.00062895 0.00063805 0.0006377 0.0005129 0.00065035 0.0004989 0.00067525 0.00064765 0.00054795 0.0003956 0.0005702 0.00033175 0.00052025 0.0005686 0.0005291 0.0006215 0.0004742 0.00038655 0.0005929 0.0004647 0.00051545 0.00051145 0.00043435 0.00044565 0.0006503 0.00062875 0.0006367 0.00047395 0.0005164 0.00050905 0.00037645 0.0006117 0.0005716 0.00049855 0.0006062 0.0004967 0.00037335 0.0004936 0.0005588 0.0004964 0.0006163 0.00045635 0.000396 0.00065145 0.00063295 0.0005126 0.0004329 0.00063775 0.0004653 0.0003876 0.00051555 0.00061635 0.00057175 0.0003319 0.00051285 0.000545 0.00053805 0.00037415 0.0006838 0.00057105 0.00063265 0.00037435 0.0004703 0.000674 0.0005977 0.0006418 0.0004974 0.00043715 0.00060235 0.0004004 0.00043255 0.0004373 0.0004935
2 0.00040525 0.00040545 0.0003016 0.00070205 0.0003818 0.00089645 0.00056265 0.0008967 0.00060895 0.00054575 0.0005322 0.00031605 0.00036205 0.00017725 0.00052285 0.000554 0.0003359 0.000452 0.00072065 0.0003387 0.00050115 0.00058245 0.00049195 0.0006488 0.0003989 0.00035435 0.00029955 0.00054595 0.00070125 0.0006958 0.0005559 0.00072635 0.0003176 0.00058275 0.0007404 0.00061405 0.0002873 0.00053335 0.0002623 0.0003589 0.0004814 0.00041945 0.0004862 0.0005679 0.00016065 0.0006792 0.0003422 0.0006093 0.0003583 0.00027535 0.00029955 0.0007263 0.00054575 0.00058115 0.00056765 0.0005335 0.0004396 0.0003988 0.00063575 0.000618 0.0005331 0.00069915 0.00041445 0.0003217 0.0004998 0.000575 0.0005135 0.00085535 0.0003341 0.00036205 0.00072715 0.00052945 0.000337 0.00053125 0.00070095 0.00041405 0.00049945 0.00060905 0.0008554 0.00061815 0.00026245 0.00055585 0.0003896 0.00045825 0.0002459 0.0007185 0.00057285 0.0005326 0.0002461 0.0005106 0.0005628 0.0006608 0.0005388 0.00053225 0.000421 0.0006662 0.00018005 0.0005087 0.0004966 0.0006993
3 0.00063895 0.00063915 0.00070205 0.0009396 0.00064215 0.00046985 0.00058735 0.0004703 0.0006173 0.00050885 0.00051725 0.0006782 0.00063895 0.00070635 0.00057235 0.00059465 0.00065925 0.00062025 0.0005095 0.0005992 0.00062645 0.00051715 0.0006115 0.00050915 0.00063635 0.00064765 0.0007344 0.00050905 0.00047045 0.00057795 0.000586 0.00051815 0.000681 0.00059495 0.00050885 0.0006066 0.00072665 0.00063055 0.00072325 0.00066105 0.00059315 0.0006067 0.0005518 0.00062975 0.0007012 0.0004998 0.00065425 0.00061765 0.00059375 0.00068295 0.0006648 0.0005181 0.00050885 0.0005052 0.0006295 0.00059955 0.00066475 0.0006947 0.0005873 0.0005449 0.0005815 0.0005213 0.00061725 0.0007646 0.0006329 0.0005797 0.00059975 0.00048265 0.00065785 0.00063895 0.00051755 0.0005813 0.00067535 0.00066385 0.0004704 0.00062285 0.0005905 0.0006174 0.0004827 0.00054505 0.0007234 0.00058595 0.00065185 0.0006459 0.0007465 0.00054835 0.00057955 0.00051765 0.0007467 0.000629 0.00058745 0.00048255 0.0005647 0.00058205 0.00067985 0.000578 0.0006957 0.0005886 0.0006151 0.0005442
4 0.0005175 0.0005177 0.0003818 0.00064215 0.0006505 0.0007784 0.00061635 0.00077865 0.0006054 0.00052935 0.0004159 0.00047635 0.00050335 0.00035285 0.00059925 0.0004786 0.000485 0.00054705 0.00071535 0.00041605 0.00063395 0.0004787 0.00057135 0.0005371 0.0005014 0.00033525 0.0004054 0.00052955 0.00064245 0.0006527 0.0005976 0.0005529 0.00046315 0.0005138 0.00066585 0.00060715 0.0003926 0.00052775 0.00039685 0.00047605 0.00032695 0.0004707 0.00055265 0.00062455 0.0003732 0.000566 0.00048525 0.00060575 0.00042995 0.0003657 0.00034405 0.00055285 0.00052935 0.00061485 0.0006242 0.0005527 0.00037945 0.00046305 0.0005888 0.00053205 0.00055235 0.0006848 0.00046905 0.00043245 0.0004615 0.0005585 0.00060195 0.0007975 0.0004806 0.00050335 0.0005526 0.0003269 0.00047685 0.0005344 0.00064215 0.00035505 0.000563 0.0006054 0.00079755 0.0005322 0.0003971 0.00059755 0.000494 0.00049485 0.0003795 0.0007287 0.0004968 0.0004162 0.0003798 0.0004765 0.0006165 0.0006611 0.00052055 0.0005526 0.0005385 0.00061775 0.00038705 0.00058905 0.00046495 0.00079725
5 0.0006576 0.0006578 0.00089645 0.00046985 0.0007784 1e-07 0.00085085 7.5e-07 0.0004656 0.00093595 0.0007808 0.00089405 0.0007687 0.0009475 0.0004237 0.00072065 0.00077215 0.0007583 0.0005858 0.00095055 0.0008141 0.0007057 0.00056055 0.00064365 0.00079965 0.00078595 0.00096355 0.00093615 0.00047165 0.0004834 0.000573 0.0003134 0.0008994 0.00068655 0.00046645 0.00046475 0.0009308 0.0006276 0.000938 0.0008839 0.00069985 0.0009343 0.0008881 0.00054505 0.00090295 0.0005688 0.0008925 0.00046595 0.00095875 0.0009588 0.000841 0.00031335 0.00093595 0.0007773 0.0005448 0.0004816 0.00077665 0.000844 0.00059365 0.00055595 0.0004725 0.0005461 0.00093485 0.00093055 0.00066315 0.00056645 0.0006003 8.03e-05 0.0008913 0.0007687 0.0003116 0.00062715 0.0009074 0.0006618 0.00047135 0.00077515 0.0006589 0.0004657 8.035e-05 0.0005561 0.00093815 0.00057295 0.000913 0.00093135 0.0009462 0.0003847 0.00059805 0.0007812 0.0009464 0.0005801 0.000851 0.0005495 0.0009625 0.00047425 0.0007608 0.00051885 0.0009111 0.0005527 0.00064675 0.00023595
6 0.00067365 0.00067385 0.00056265 0.00058735 0.00061635 0.00085085 0.0006426 0.0008511 0.00073515 0.0003223 0.0004995 0.0004576 0.00060155 0.0005753 0.0006908 0.00049525 0.0006158 0.00058135 0.0004681 0.0004513 0.00032215 0.00054025 0.0006602 0.00053995 0.000606 0.0006346 0.0006072 0.00032255 0.00058675 0.0005904 0.0006539 0.00076295 0.0004591 0.00049435 0.00058605 0.0006696 0.00059835 0.000613 0.0005883 0.00045795 0.0006553 0.0004059 0.0003313 0.00068065 0.0005557 0.00059125 0.0004397 0.0007355 0.00045155 0.00057165 0.00059995 0.0007629 0.00032235 0.0003969 0.0006804 0.0007152 0.0006478 0.00063255 0.0005393 0.0006186 0.0007079 0.0005314 0.00047155 0.0006197 0.000668 0.00067375 0.00059695 0.0007963 0.0004481 0.00060155 0.00076355 0.00068275 0.00045915 0.00068915 0.00058645 0.000612 0.00056945 0.00073525 0.00079635 0.00061875 0.00058845 0.00065385 0.00044435 0.0004053 0.0005994 0.0005859 0.0006563 0.0004999 0.0005996 0.00071905 0.00032195 0.00053265 0.0003531 0.00070725 0.0006325 0.00059065 0.0005559 0.00064945 0.00065665 0.0007468
7 0.00065765 0.00065785 0.0008967 0.0004703 0.00077865 7.5e-07 0.0008511 1.4e-06 0.00046605 0.0009362 0.00078105 0.0008943 0.00076895 0.00094775 0.00042375 0.0007209 0.0007724 0.00075855 0.00058575 0.0009508 0.00081435 0.0007058 0.0005606 0.00064375 0.0007999 0.0007862 0.0009638 0.0009364 0.0004717 0.00048345 0.00057305 0.00031345 0.00089965 0.0006868 0.0004669 0.0004652 0.00093105 0.0006278 0.00093825 0.00088415 0.0007001 0.00093455 0.00088835 0.0005451 0.0009032 0.00056885 0.00089275 0.00046575 0.000959 0.00095905 0.00084125 0.0003134 0.0009362 0.00077755 0.00054485 0.00048145 0.0007769 0.00084425 0.00059375 0.0005563 0.00047295 0.00054615 0.0009351 0.0009308 0.00066325 0.0005666 0.00060025 7.985e-05 0.00089155 0.00076895 0.00031205 0.00062735 0.00090765 0.00066185 0.0004714 0.0007754 0.00065895 0.00046615 7.995e-05 0.00055645 0.0009384 0.000573 0.00091325 0.0009316 0.00094645 0.00038515 0.0005983 0.00078145 0.00094665 0.00058015 0.00085125 0.00054955 0.00096275 0.0004743 0.00076105 0.0005189 0.00091135 0.00055275 0.00064685 0.0002361
8 0.00051525 0.00051545 0.00060895 0.0006173 0.0006054 0.0004656 0.00073515 0.00046605 0.0009303 0.0007918 0.00071975 0.00065675 0.00057715 0.0006114 0.0005127 0.0005968 0.00062105 0.00065095 0.00069015 0.0007078 0.0006549 0.00068465 0.0005754 0.00065985 0.0006568 0.00066515 0.0006431 0.000792 0.0006178 0.000575 0.0006136 0.0005691 0.00064625 0.000597 0.00064035 0.00052115 0.00056905 0.00057075 0.0005148 0.0006592 0.0006717 0.00067265 0.0007071 0.0004846 0.00060305 0.00063195 0.0006092 0.0004661 0.0007217 0.0006981 0.0006054 0.00056905 0.0007918 0.0007191 0.00048495 0.0005567 0.00056875 0.0005279 0.0006029 0.000616 0.00053865 0.00065955 0.0006168 0.00046625 0.0006129 0.00061395 0.00060605 0.00048515 0.00060455 0.00057715 0.0005686 0.0006594 0.00065995 0.00050425 0.0006175 0.0005514 0.000571 0.0004659 0.0004852 0.00061615 0.00051435 0.00061355 0.00068905 0.00069615 0.0005566 0.0005602 0.00056485 0.00072015 0.00055615 0.0005711 0.0007353 0.0006365 0.00081945 0.0005391 0.00052815 0.00057505 0.0006169 0.00053395 0.0005572 0.0004849
9 0.00062855 0.00062875 0.00054575 0.00050885 0.00052935 0.00093595 0.0003223 0.0009362 0.0007918 0.0001624 0.00028675 0.0005005 0.00056985 0.00048895 0.00075845 0.0005326 0.0005809 0.0004773 0.00039055 0.0002809 0.00051745 0.00036165 0.00065335 0.00037445 0.0005015 0.0005009 0.0004908 8.145e-05 0.00050825 0.00068515 0.0005899 0.0007138 0.00049465 0.0005673 0.00050855 0.0007641 0.00053985 0.0006866 0.00055805 0.00047025 0.0004719 0.0003368 0.00029515 0.00073725 0.00053145 0.00044445 0.00048025 0.00079215 0.0002618 0.00039255 0.00050625 0.00071375 8.125e-05 0.00030915 0.000737 0.0007084 0.0005702 0.00059095 0.00057975 0.0005249 0.0007009 0.00045385 0.0003646 0.0006479 0.00055485 0.0006019 0.0005901 0.00088135 0.00048865 0.00056985 0.0007144 0.0005209 0.00047535 0.0006776 0.00050795 0.0005201 0.00053035 0.0007919 0.0008814 0.00052505 0.0005582 0.00058985 0.00042275 0.0003372 0.00056415 0.0007495 0.0006214 0.00028715 0.00056435 0.00064395 0.0003224 0.0004541 0.00011895 0.00070025 0.00065925 0.0006498 0.0005123 0.0006476 0.00056785 0.0008488
10 0.00063205 0.00063225 0.0005322 0.00051725 0.0004159 0.0007808 0.0004995 0.00078105 0.00071975 0.00028675 0.0005063 0.00053925 0.0005665 0.0004752 0.0006874 0.000496 0.00055305 0.00053555 0.0005509 0.0003476 0.00063295 0.0003289 0.00062345 0.0003994 0.00049985 0.0003624 0.0004784 0.00028695 0.00051765 0.0006609 0.00058615 0.0005178 0.0005284 0.00053155 0.00055055 0.000698 0.00053055 0.00059565 0.0005689 0.00050845 0.0002819 0.00043425 0.00043415 0.00073215 0.0005177 0.0004485 0.0005434 0.0007201 0.00034215 0.0003846 0.0004199 0.00051775 0.00028675 0.000426 0.0007319 0.00061155 0.0004563 0.00058795 0.00057655 0.00047525 0.00061135 0.00056275 0.0004561 0.00065895 0.0004882 0.00054315 0.00061165 0.00079315 0.000547 0.0005665 0.0005174 0.00028255 0.00052275 0.00064935 0.00051735 0.000432 0.00058135 0.00071985 0.0007932 0.0004754 0.00056905 0.0005861 0.00048745 0.000468 0.0005504 0.00072955 0.0005193 0.0002537 0.0005506 0.00054275 0.0004996 0.00052945 0.0002999 0.0006117 0.0006561 0.0006257 0.0005122 0.0006423 0.00051215 0.00085465
11 0.00052565 0.00052585 0.00031605 0.0006782 0.00047635 0.00089405 0.0004576 0.0008943 0.00065675 0.0005005 0.00053925 0.0006312 0.0004709 0.00033645 0.00060435 0.0004869 0.00045035 0.000559 0.00064765 0.00039725 0.0003357 0.00056755 0.0005652 0.00062495 0.00050545 0.00046645 0.00042305 0.0005007 0.0006775 0.00061195 0.00062245 0.00075495 0.00032435 0.0005159 0.0007166 0.00061295 0.0004079 0.0005304 0.0003881 0.00035605 0.00056855 0.0003969 0.0003891 0.00060895 0.00032445 0.00065535 0.0003362 0.0006571 0.00041685 0.00042145 0.000417 0.0007549 0.0005005 0.0005031 0.0006087 0.0006135 0.0005183 0.00047985 0.00055175 0.0006024 0.0006131 0.0006686 0.0004408 0.0004197 0.0005798 0.00064645 0.0005443 0.0008462 0.00033645 0.0004709 0.00075565 0.00059555 0.00034375 0.0005723 0.0006772 0.00050665 0.00051755 0.00065685 0.00084625 0.00060255 0.00038825 0.0006224 0.0003813 0.00043575 0.0003761 0.00063485 0.0006207 0.00053965 0.0003763 0.0005906 0.00045755 0.0006302 0.0005003 0.00061235 0.00050205 0.00058215 0.000344 0.00057755 0.0005722 0.00073495
12 0.0003958 0.00039575 0.00036205 0.00063895 0.00050335 0.0007687 0.00060155 0.00076895 0.00057715 0.00056985 0.0005665 0.0004709 0.0005011 0.0003104 0.00056035 0.00061305 0.00030705 0.00035405 0.00067965 0.00043365 0.0005718 0.00055105 0.0005223 0.00059975 0.0003361 0.0004975 0.0004126 0.00057005 0.00063815 0.00068425 0.0005539 0.000696 0.000457 0.00061215 0.00069985 0.00059495 0.00037235 0.0004562 0.00031805 0.0004571 0.0005485 0.000465 0.0005322 0.00053615 0.0003562 0.00065285 0.0004112 0.0005775 0.00044095 0.00039015 0.0004157 0.00069595 0.00056985 0.0004678 0.0005358 0.0005638 0.0005051 0.00031845 0.00063115 0.0006547 0.00053695 0.00065865 0.0004473 0.00038565 0.00053185 0.00051645 0.00054335 0.00072765 0.00040285 0.000251 0.0006968 0.00061285 0.0004641 0.0005408 0.00063785 0.0004514 0.00048345 0.00057715 0.0007277 0.00065485 0.0003183 0.00055385 0.00049665 0.00052635 0.00037205 0.0006702 0.00045185 0.0005669 0.00037235 0.00057765 0.0006017 0.00059775 0.0006093 0.0005361 0.000318 0.0006843 0.00036345 0.00046835 0.00047055 0.00060645
13 0.0003516 0.0003515 0.00017725 0.00070635 0.00035285 0.0009475 0.0005753 0.00094775 0.0006114 0.00048895 0.0004752 0.00033645 0.0003104 0.0001897 0.00060255 0.0005969 0.0003106 0.00041955 0.0007106 0.0002817 0.00059775 0.00051615 0.0004817 0.00058665 0.0003658 0.0002906 0.00021645 0.00048915 0.00070555 0.0007218 0.00054565 0.0007161 0.0003302 0.0006255 0.00073035 0.0006399 0.00022845 0.00053635 0.00018505 0.0003715 0.00040985 0.00039855 0.00051335 0.00057035 0.00017905 0.00063575 0.0003365 0.00061175 0.0003013 0.0002038 0.0002097 0.00071605 0.00048895 0.0005626 0.00057 0.00052325 0.00038065 0.00033055 0.0006432 0.00057485 0.00052275 0.0006891 0.00037015 0.00027535 0.0004231 0.0005549 0.00050325 0.0009064 0.00032815 0.00031065 0.0007169 0.0004579 0.0003496 0.00048585 0.00070525 0.00035425 0.00045395 0.0006114 0.00090645 0.000575 0.0001853 0.0005456 0.0004022 0.000423 0.00018695 0.00079225 0.00057005 0.0004756 0.00018725 0.0004526 0.00057545 0.0006651 0.00046745 0.0005219 0.0004005 0.00069235 0.0001986 0.0004799 0.0004016 0.00075035
14 0.0005265 0.0005267 0.00052285 0.00057235 0.00059925 0.0004237 0.0006908 0.00042375 0.0005127 0.00075845 0.0006874 0.00060435 0.00056035 0.00060255 0.0008421 0.00058825 0.0005786 0.0006159 0.00065845 0.0006744 0.00058475 0.0006748 0.00054355 0.00066265 0.0006222 0.00063955 0.0006906 0.00075865 0.00057115 0.0005666 0.00058175 0.0005381 0.0006016 0.00058745 0.00061005 0.00051305 0.00062785 0.0005583 0.00059085 0.0006145 0.00065395 0.0006615 0.00064785 0.0005304 0.00052465 0.00063455 0.00058245 0.00051265 0.0006883 0.00067925 0.00060545 0.00053805 0.00075845 0.00067 0.00053015 0.00052595 0.00062805 0.0006184 0.00059455 0.0006186 0.00050835 0.00062775 0.00066105 0.00060155 0.0006303 0.0005785 0.0005743 0.00044135 0.0005777 0.00056035 0.0005393 0.00064265 0.0006153 0.0005974 0.00057085 0.00058525 0.00057425 0.0005128 0.0004414 0.00061875 0.000591 0.0005817 0.0006445 0.00069965 0.00061485 0.00050445 0.0005651 0.0006878 0.00061505 0.0005883 0.00069095 0.00059005 0.00080075 0.0005071 0.0005706 0.0005665 0.00053865 0.0005199 0.0005924 0.00044035
15 0.00064055 0.00064075 0.000554 0.00059465 0.0004786 0.00072065 0.00049525 0.0007209 0.0005968 0.0005326 0.000496 0.0004869 0.00061305 0.0005969 0.00058825 0.0006424 0.00065975 0.00068635 0.00065915 0.00054775 0.00034695 0.00053685 0.00068605 0.00055425 0.00066485 0.0005885 0.0006506 0.0005328 0.00059505 0.0005353 0.0007055 0.00062295 0.00047795 0.00035745 0.00065885 0.00056515 0.0005536 0.0004996 0.00050685 0.00048125 0.00055235 0.00043895 0.0003985 0.0006092 0.0005413 0.00057315 0.000431 0.00059715 0.00056165 0.00064995 0.0005434 0.0006229 0.0005326 0.00052885 0.00060895 0.00067415 0.00049865 0.00054355 0.00048065 0.00058925 0.0006472 0.00067105 0.0004707 0.0004732 0.0006476 0.0006567 0.0006742 0.000733 0.0004347 0.00061305 0.00062255 0.00053125 0.00049165 0.0005787 0.00059475 0.0004315 0.00058375 0.0005969 0.00073305 0.0005894 0.000507 0.00070545 0.0004936 0.0005036 0.0005502 0.00055685 0.0005037 0.0004964 0.0005504 0.0006526 0.0004952 0.00060685 0.00059565 0.00064755 0.00057895 0.00049965 0.00055515 0.00064305 0.00059035 0.00077755
16 0.00044775 0.00044795 0.0003359 0.00065925 0.000485 0.00077215 0.0006158 0.0007724 0.00062105 0.0005809 0.00055305 0.00045035 0.00030705 0.0003106 0.0005786 0.00065975 0.0005548 0.00035955 0.00067385 0.00042025 0.00061565 0.00054705 0.00049205 0.0006202 0.00031795 0.0004227 0.00036655 0.0005811 0.00065845 0.00070085 0.00052375 0.0006656 0.00044715 0.0006585 0.00069405 0.000619 0.00038255 0.00049185 0.00040295 0.00044725 0.00048425 0.0005059 0.0005729 0.00058005 0.00034075 0.00066625 0.00047595 0.0006214 0.00042755 0.0003263 0.00042635 0.00066555 0.0005809 0.0004997 0.0005798 0.00053355 0.00051525 0.0003817 0.00065515 0.00062585 0.0005334 0.00065285 0.00050805 0.0004702 0.00050175 0.0005152 0.0005131 0.0007311 0.00046785 0.0003069 0.0006664 0.00054875 0.00045425 0.000573 0.00065815 0.00051885 0.00052725 0.00062115 0.00073115 0.000626 0.0004031 0.0005237 0.0004869 0.00054115 0.00038235 0.0006937 0.0004897 0.00055335 0.00038255 0.0005405 0.00061595 0.00061805 0.0005698 0.00053255 0.00037385 0.00070125 0.000348 0.000513 0.00051505 0.0006099
17 0.00047025 0.00047045 0.000452 0.00062025 0.00054705 0.0007583 0.00058135 0.00075855 0.00065095 0.0004773 0.00053555 0.000559 0.00035405 0.00041955 0.0006159 0.00068635 0.00035955 0.0005947 0.0005954 0.00044855 0.0006895 0.00054175 0.0005455 0.00055725 0.00032435 0.0005093 0.0004246 0.0004775 0.00061945 0.0007279 0.0005134 0.00067335 0.00054425 0.00068545 0.0006156 0.00064155 0.00045975 0.00054025 0.0004768 0.00052435 0.0005136 0.0005033 0.00057755 0.00060995 0.00044535 0.00062415 0.0005497 0.0006513 0.0004365 0.00036325 0.00052375 0.0006733 0.0004773 0.0004947 0.0006097 0.000587 0.00056675 0.0004209 0.000661 0.0006528 0.0005797 0.0005744 0.0005128 0.00054385 0.0005119 0.0004939 0.00056655 0.00071725 0.0005416 0.0003539 0.00067415 0.0006062 0.000532 0.00061845 0.00061915 0.00054575 0.0005424 0.00065105 0.0007173 0.00065295 0.00047695 0.00051335 0.0005202 0.00049875 0.00047955 0.00072385 0.00048955 0.00053595 0.00047975 0.00059085 0.0005815 0.00057905 0.00049745 0.00057885 0.00042065 0.00072795 0.00043325 0.0005431 0.0005212 0.0006098
18 0.0006275 0.0006277 0.00072065 0.0005095 0.00071535 0.0005858 0.0004681 0.00058575 0.00069015 0.00039055 0.0005509 0.00064765 0.00067965 0.0007106 0.00065845 0.00065915 0.00067385 0.0005954 0.0006967 0.0005636 0.0005872 0.00055075 0.000585 0.00050945 0.00064485 0.00068895 0.00070045 0.00039075 0.0005087 0.00059105 0.0005595 0.00062695 0.0006492 0.00065845 0.0004671 0.00066945 0.00072405 0.00072965 0.0007533 0.0006288 0.00064875 0.00059295 0.00051845 0.00063515 0.0007137 0.00051395 0.0006498 0.00069 0.00055815 0.00064845 0.0007322 0.0006269 0.00039055 0.0004635 0.0006349 0.00064 0.00073185 0.0007203 0.00058655 0.00054145 0.00064195 0.0004121 0.00061355 0.00079435 0.00063475 0.0006374 0.00052145 0.0005307 0.00065825 0.00067965 0.00062775 0.0006858 0.00064355 0.0006582 0.0005084 0.00072115 0.0005347 0.00069025 0.0005307 0.0005416 0.00075345 0.00055945 0.0006152 0.0005512 0.00074435 0.0005868 0.0006882 0.0005513 0.00074455 0.0006447 0.00046795 0.0004545 0.000399 0.0006411 0.00072025 0.0005911 0.0007082 0.00059435 0.0006492 0.00052325
19 0.00049735 0.00049755 0.0003387 0.0005992 0.00041605 0.00095055 0.0004513 0.0009508 0.0007078 0.0002809 0.0003476 0.00039725 0.00043365 0.0002817 0.0006744 0.00054775 0.00042025 0.00044855 0.0005636 0.0004946 0.0005424 0.0004109 0.00055085 0.00048135 0.00040475 0.000363 0.0003226 0.0002811 0.0005985 0.0007005 0.0005518 0.0006989 0.0003825 0.0005822 0.0006325 0.0007012 0.000365 0.00059775 0.00037535 0.000391 0.00039985 0.00034965 0.0003825 0.00066 0.00032375 0.00053045 0.00040135 0.00070815 0.0002478 0.00025685 0.0003389 0.00069885 0.0002809 0.00041455 0.0006598 0.00059925 0.00045685 0.00045505 0.00061615 0.0005304 0.00059895 0.0005845 0.00035635 0.0004654 0.00048165 0.00056785 0.0005301 0.0009027 0.0004015 0.00043365 0.0006996 0.00044815 0.0003826 0.00057725 0.0005982 0.00043115 0.0004947 0.00070795 0.00090275 0.00053055 0.00037545 0.00055175 0.00038315 0.0003834 0.00035625 0.00076915 0.00057915 0.0003481 0.0003566 0.00053045 0.0004514 0.0005512 0.0002809 0.0005982 0.00052325 0.0006653 0.000324 0.0005702 0.00050025 0.00080815
20 0.0006642 0.0006644 0.00050115 0.00062645 0.00063395 0.0008141 0.00032215 0.00081435 0.0006549 0.00051745 0.00063295 0.0003357 0.0005718 0.00059775 0.00058475 0.00034695 0.00061565 0.0006895 0.0005872 0.0005424 5.21e-05 0.0006394 0.0006754 0.00065925 0.0006605 0.0007367 0.0006919 0.00051765 0.00062585 0.00048195 0.0007261 0.0008205 0.00034485 0.0003564 0.00070535 0.00055865 0.00059335 0.0004854 0.0005227 0.00036695 0.00080715 0.0003708 0.0002409 0.00060035 0.00050165 0.000678 0.0002879 0.00065525 0.000562 0.00071915 0.00062985 0.00082045 0.00051745 0.0004083 0.0006001 0.00073045 0.00066185 0.0005823 0.00045305 0.00067485 0.0007037 0.0006506 0.00046715 0.00049595 0.0007828 0.00073585 0.00061205 0.0007595 0.0002965 0.0005718 0.0008211 0.0008131 0.00036425 0.00064275 0.00062555 0.00060805 0.0005538 0.000655 0.00075955 0.000675 0.00052285 0.00072605 0.0003869 0.00045015 0.00057115 0.0004307 0.00063005 0.0006333 0.00057135 0.00078195 0.00032185 0.0005717 0.00058885 0.00070305 0.0005446 0.00047185 0.0005212 0.0006273 0.00071475 0.00069305
21 0.0006101 0.0006103 0.00058245 0.00051715 0.0004787 0.0007057 0.00054025 0.0007058 0.00068465 0.00036165 0.0003289 0.00056755 0.00055105 0.00051615 0.0006748 0.00053685 0.00054705 0.00054175 0.00055075 0.0004109 0.0006394 0.0006561 0.0006116 0.0003988 0.00050585 0.0004257 0.00051855 0.00036175 0.0005174 0.00062615 0.00058585 0.00051825 0.0005574 0.00057255 0.00055045 0.0006636 0.00055885 0.00056735 0.00058715 0.00053745 0.0003582 0.00047475 0.00047465 0.0006969 0.00056865 0.0004478 0.00056235 0.00068485 0.00040535 0.00044785 0.00046165 0.0005182 0.00036165 0.00043205 0.00069665 0.0005997 0.0004969 0.000559 0.00054175 0.0004767 0.00059935 0.0005625 0.000496 0.00066385 0.0004761 0.0005491 0.0005999 0.00071775 0.00056595 0.00055105 0.000518 0.0003462 0.00055175 0.00061425 0.000517 0.0004855 0.00056165 0.00068475 0.0007178 0.00047685 0.0005873 0.0005858 0.000528 0.0005086 0.0005787 0.0006953 0.00052575 0.0003292 0.0005789 0.00053055 0.00054035 0.0005291 0.00037095 0.00059955 0.0006273 0.0005908 0.00056315 0.0006204 0.00049 0.00077955
22 0.00047465 0.00047485 0.00049195 0.0006115 0.00057135 0.00056055 0.0006602 0.0005606 0.0005754 0.00065335 0.00062345 0.0005652 0.0005223 0.0004817 0.00054355 0.00068605 0.00049205 0.0005455 0.000585 0.00055085 0.0006754 0.0006116 0.0008792 0.000628 0.00052695 0.00052035 0.0005106 0.00065355 0.0006105 0.00061805 0.0004785 0.00057215 0.00054955 0.000685 0.00060265 0.0005786 0.00052805 0.00061275 0.00054895 0.00056255 0.0005256 0.00062935 0.0006607 0.00051505 0.00048435 0.00061155 0.0005917 0.00057535 0.0005649 0.0004916 0.00053415 0.0005721 0.00065335 0.00063205 0.00051485 0.0005002 0.0005878 0.00056325 0.00063465 0.0005504 0.00050925 0.00054225 0.00062605 0.0005902 0.0005308 0.0005725 0.0004825 0.0005002 0.0005836 0.0005223 0.00057315 0.00057325 0.0005633 0.000515 0.0006102 0.0006014 0.00051155 0.00057555 0.0005002 0.00055055 0.00054905 0.0004785 0.0005964 0.00062095 0.0005149 0.0006181 0.00061565 0.00062395 0.00051515 0.0005004 0.0006603 0.00055115 0.00062415 0.0005082 0.0005631 0.00061825 0.00049825 0.0004741 0.0005508 0.00043975
23 0.0006021 0.0006023 0.0006488 0.00050915 0.0005371 0.00064365 0.00053995 0.00064375 0.00065985 0.00037445 0.0003994 0.00062495 0.00059975 0.00058665 0.00066265 0.00055425 0.0006202 0.00055725 0.00050945 0.00048135 0.00065925 0.0003988 0.000628 0.0007482 0.00057905 0.00052065 0.0005968 0.00037455 0.0005094 0.00060965 0.00060235 0.0005347 0.00061475 0.00058995 0.0005092 0.0006425 0.0006125 0.00060295 0.0006164 0.0005948 0.00045315 0.0005077 0.0005076 0.0006721 0.00063495 0.0004444 0.0005953 0.00066005 0.0004758 0.0005428 0.0005321 0.00053465 0.00037445 0.00048075 0.00067185 0.0006161 0.0005506 0.0005909 0.000504 0.00049315 0.00060875 0.00052125 0.00052525 0.0006763 0.00047585 0.0005855 0.0006163 0.0006557 0.0005989 0.00059975 0.00053445 0.0004412 0.0006091 0.00061245 0.000509 0.000516 0.00055365 0.00065995 0.00065575 0.0004933 0.00061655 0.0006023 0.00058545 0.00050835 0.00063235 0.0006742 0.0005589 0.0003997 0.00063255 0.00055155 0.00054 0.0005211 0.00040815 0.00060895 0.0006592 0.0005743 0.00062945 0.0006124 0.0004655 0.0007175
24 0.00046525 0.00046545 0.0003989 0.00063635 0.0005014 0.00079965 0.000606 0.0007999 0.0006568 0.0005015 0.00049985 0.00050545 0.0003361 0.0003658 0.0006222 0.00066485 0.00031795 0.00032435 0.00064485 0.00040475 0.0006605 0.00050585 0.00052695 0.00057905 0.0005408 0.0004394 0.0003452 0.0005017 0.00063555 0.0007293 0.0004938 0.0006629 0.00049025 0.0006746 0.00066505 0.00064715 0.0004162 0.0005201 0.00044705 0.00048085 0.00045115 0.00048365 0.0005582 0.0006158 0.00039175 0.0006251 0.00051995 0.00065715 0.00039255 0.00029425 0.00046965 0.00066285 0.0005015 0.000477 0.0006156 0.00056845 0.00052085 0.00039265 0.0006726 0.00062365 0.000568 0.00062385 0.0004934 0.0005143 0.0004989 0.000486 0.000548 0.0007586 0.00051185 0.00033625 0.0006637 0.000544 0.00047785 0.00059085 0.00063525 0.00052405 0.0005374 0.00065695 0.00075865 0.0006238 0.00044715 0.00049375 0.00046515 0.0005128 0.00042555 0.0007404 0.00048015 0.00050025 0.0004257 0.00055715 0.00060615 0.00059515 0.0004975 0.00056715 0.0004029 0.0007187 0.0003795 0.0005488 0.0005326 0.000643
25 0.0005287 0.0005289 0.00035435 0.00064765 0.00033525 0.00078595 0.0006346 0.0007862 0.00066515 0.0005009 0.0003624 0.00046645 0.0004975 0.0002906 0.00063955 0.0005885 0.0004227 0.0005093 0.00068895 0.000363 0.0007367 0.0004257 0.00052035 0.00052065 0.0004394 0.0004314 0.00031615 0.0005011 0.00064795 0.0006961 0.00054665 0.00050115 0.00046245 0.00061805 0.00063945 0.00065795 0.0003938 0.0005672 0.00045465 0.00047535 0.000216 0.00051945 0.00060845 0.0006843 0.00035495 0.0005627 0.00054105 0.0006655 0.0003769 0.0002562 0.00029095 0.0005011 0.0005009 0.000609 0.00068405 0.0005017 0.0003801 0.0005172 0.0006247 0.00048615 0.00052795 0.0006584 0.00052675 0.0005446 0.00038855 0.0005258 0.00055095 0.00080505 0.0005364 0.0004975 0.0005008 0.00021655 0.00047615 0.0005806 0.00064765 0.0004126 0.0005742 0.00066525 0.0008051 0.0004862 0.0004548 0.0005466 0.00049335 0.0005117 0.0003808 0.0007809 0.00054505 0.00036235 0.000381 0.0004167 0.00063475 0.0006666 0.0004356 0.0005282 0.000587 0.0006668 0.0003688 0.00059455 0.0004485 0.0008048
26 0.00042555 0.00042575 0.00029955 0.0007344 0.0004054 0.00096355 0.0006072 0.0009638 0.0006431 0.0004908 0.0004784 0.00042305 0.0004126 0.00021645 0.0006906 0.0006506 0.00036655 0.0004246 0.00070045 0.0003226 0.0006919 0.00051855 0.0005106 0.0005968 0.0003452 0.00031615 0.000279 0.000491 0.0007336 0.0007524 0.00051025 0.0007074 0.00039535 0.00068495 0.0007202 0.00067765 0.0002635 0.00059565 0.00028755 0.0004272 0.0003762 0.0004483 0.0005777 0.00060205 0.0002799 0.0006363 0.0004598 0.00064345 0.0003227 0.00017175 0.00030965 0.00070735 0.0004908 0.0006123 0.00060155 0.0005521 0.0003874 0.0003643 0.00067765 0.00057195 0.00057845 0.00067895 0.00041385 0.00032235 0.0004146 0.00055895 0.0005321 0.00092245 0.0004517 0.0004126 0.0007082 0.00045255 0.0003953 0.00048485 0.0007333 0.00044285 0.0005205 0.00064295 0.0009225 0.0005721 0.00028795 0.0005102 0.0004031 0.00043455 0.00023135 0.00085035 0.0006024 0.0004789 0.00023175 0.00045395 0.00060735 0.00069315 0.00041945 0.0005776 0.00044695 0.0007172 0.00028 0.00056715 0.0004707 0.000772
27 0.00062875 0.00062895 0.00054595 0.00050905 0.00052955 0.00093615 0.00032255 0.0009364 0.000792 8.145e-05 0.00028695 0.0005007 0.00057005 0.00048915 0.00075865 0.0005328 0.0005811 0.0004775 0.00039075 0.0002811 0.00051765 0.00036175 0.00065355 0.00037455 0.0005017 0.0005011 0.000491 0.0001628 0.00050845 0.00068535 0.0005901 0.000714 0.00049485 0.0005675 0.0005088 0.0007643 0.00054005 0.0006868 0.00055825 0.00047045 0.0004721 0.0003369 0.00029525 0.00073745 0.00053165 0.00044455 0.00048045 0.00079235 0.00026185 0.00039275 0.00050645 0.00071395 8.14e-05 0.00030925 0.0007372 0.0007086 0.0005704 0.00059115 0.00057995 0.0005251 0.0007011 0.00045405 0.0003648 0.0006481 0.00055505 0.0006021 0.0005903 0.00088155 0.00048885 0.00057005 0.0007146 0.0005211 0.00047555 0.0006778 0.00050805 0.0005203 0.00053055 0.0007921 0.0008816 0.00052525 0.0005584 0.00059005 0.00042295 0.0003374 0.00056435 0.0007497 0.0006216 0.00028725 0.00056455 0.00064415 0.0003226 0.0004542 0.0001192 0.00070045 0.00065945 0.00065 0.0005125 0.0006478 0.00056805 0.000849
28 0.00063785 0.00063805 0.00070125 0.00047045 0.00064245 0.00047165 0.00058675 0.0004717 0.0006178 0.00050825 0.00051765 0.0006775 0.00063815 0.00070555 0.00057115 0.00059505 0.00065845 0.00061945 0.0005087 0.0005985 0.00062585 0.0005174 0.0006105 0.0005094 0.00063555 0.00064795 0.0007336 0.00050845 0.0009384 0.00057815 0.000585 0.00051805 0.0006802 0.0005942 0.00050945 0.00060715 0.00072585 0.00062965 0.00072245 0.00066025 0.00059345 0.000606 0.0005511 0.00062875 0.0007004 0.0005 0.00065355 0.00061775 0.00059305 0.00068215 0.0006651 0.000518 0.00050825 0.0005046 0.0006285 0.00059965 0.00066505 0.0006939 0.00058755 0.0005453 0.000582 0.0005204 0.00061655 0.0007638 0.00063305 0.00057875 0.00059885 0.00048255 0.00065705 0.00063815 0.00051915 0.00058265 0.00067455 0.00066285 0.0004693 0.000622 0.0005894 0.0006179 0.0004826 0.00054545 0.0007226 0.00058495 0.00065115 0.0006452 0.0007457 0.00054895 0.0005787 0.00051805 0.0007459 0.0006291 0.00058685 0.00048165 0.0005641 0.00058085 0.00067905 0.0005782 0.0006949 0.0005876 0.00061525 0.0005433
29 0.0006375 0.0006377 0.0006958 0.00057795 0.0006527 0.0004834 0.0005904 0.00048345 0.000575 0.00068515 0.0006609 0.00061195 0.00068425 0.0007218 0.0005666 0.0005353 0.00070085 0.0007279 0.00059105 0.0007005 0.00048195 0.00062615 0.00061805 0.00060965 0.0007293 0.0006961 0.0007524 0.00068535 0.00057815 0.0009629 0.00064955 0.0005671 0.0006092 0.0005353 0.00059085 0.0005196 0.00070125 0.0005634 0.00068395 0.0006125 0.0006783 0.00061395 0.00058085 0.0005872 0.0006893 0.0005769 0.0005917 0.00057515 0.0007144 0.00076365 0.0006746 0.00056705 0.00068515 0.00062165 0.00058695 0.00060615 0.00065845 0.00066675 0.0005146 0.00057005 0.00060305 0.00060285 0.00066945 0.00066685 0.0006519 0.00065055 0.0006063 0.00049535 0.0005954 0.00068425 0.0005669 0.0006447 0.0006229 0.0005912 0.00057785 0.0006452 0.00058295 0.0005751 0.0004954 0.0005702 0.0006841 0.0006495 0.00063695 0.0006273 0.00069785 0.00048275 0.00062805 0.0006613 0.00069805 0.00060525 0.00059025 0.00058995 0.00070485 0.0006032 0.0006667 0.0004819 0.00070315 0.0006045 0.0006241 0.00054025
30 0.0005127 0.0005129 0.0005559 0.000586 0.0005976 0.000573 0.0006539 0.00057305 0.0006136 0.0005899 0.00058615 0.00062245 0.0005539 0.00054565 0.00058175 0.0007055 0.00052375 0.0005134 0.0005595 0.0005518 0.0007261 0.00058585 0.0004785 0.00060235 0.0004938 0.00054665 0.00051025 0.0005901 0.000585 0.00064955 0.0009041 0.0005727 0.0006074 0.0007046 0.00057715 0.0006099 0.00058305 0.00064405 0.0006129 0.00061085 0.00051415 0.0006227 0.00065425 0.00055325 0.0005489 0.0005859 0.00064895 0.00061355 0.0005462 0.000482 0.0005988 0.00057265 0.0005899 0.00060665 0.00055305 0.000539 0.0006141 0.0005947 0.000666 0.00056345 0.00054785 0.00051675 0.0006263 0.00065415 0.0005499 0.0005468 0.0005213 0.00051265 0.00064085 0.0005539 0.0005737 0.0005905 0.0006016 0.00055335 0.0005847 0.00062755 0.0005429 0.00061375 0.00051265 0.0005636 0.000613 0.0004521 0.00058905 0.0006143 0.00057955 0.00064975 0.00060945 0.00058655 0.0005797 0.00053905 0.000654 0.00052565 0.00057405 0.0005468 0.0005947 0.0006496 0.00054325 0.0005123 0.00058885 0.00045805
31 0.00065015 0.00065035 0.00072635 0.00051815 0.0005529 0.0003134 0.00076295 0.00031345 0.0005691 0.0007138 0.0005178 0.00075495 0.000696 0.0007161 0.0005381 0.00062295 0.0006656 0.00067335 0.00062695 0.0006989 0.0008205 0.00051825 0.00057215 0.0005347 0.0006629 0.00050115 0.0007074 0.000714 0.00051805 0.0005671 0.0005727 0.0006259 0.00074665 0.00062295 0.0005093 0.00055715 0.00073455 0.00059235 0.0007834 0.00073115 0.00038875 0.0007617 0.0007703 0.000647 0.0007193 0.00051825 0.0007815 0.00056905 0.0007071 0.0006603 0.00059705 0.000313 0.0007138 0.00069805 0.00064675 0.00049435 0.00056875 0.000737 0.0005837 0.00048695 0.0005034 0.0005872 0.00077355 0.00082465 0.00051925 0.0005295 0.00061195 0.00039125 0.0007802 0.000696 0.0003132 0.00033 0.00075465 0.00064695 0.00051775 0.000584 0.0006492 0.0005692 0.0003913 0.00048695 0.00078355 0.00057265 0.00074845 0.0007533 0.00074995 0.00056705 0.0005375 0.0005178 0.00075015 0.0004946 0.0007631 0.00059605 0.00069775 0.0005032 0.0007368 0.0005673 0.00072745 0.00060595 0.0005445 0.00054605
32 0.0004987 0.0004989 0.0003176 0.000681 0.00046315 0.0008994 0.0004591 0.00089965 0.00064625 0.00049465 0.0005284 0.00032435 0.000457 0.0003302 0.0006016 0.00047795 0.00044715 0.00054425 0.0006492 0.0003825 0.00034485 0.0005574 0.00054955 0.00061475 0.00049025 0.00046245 0.00039535 0.00049485 0.0006802 0.0006092 0.0006074 0.00074665 0.0006051 0.0005126 0.0007133 0.00060175 0.00038 0.0005191 0.0003618 0.0003347 0.00054325 0.00038315 0.0003826 0.000595 0.0003041 0.00064515 0.0003249 0.0006466 0.0004022 0.00039245 0.00039255 0.0007466 0.00049465 0.0005107 0.0005948 0.00060115 0.0004943 0.0004529 0.00054325 0.0005838 0.00060115 0.00066185 0.00042775 0.00039345 0.0005547 0.0006347 0.0005368 0.0008481 0.0003167 0.000457 0.00074745 0.0005734 0.00032235 0.00054505 0.0006799 0.00048265 0.0004899 0.0006464 0.00084815 0.00058395 0.00036195 0.00060735 0.00036885 0.0004159 0.00034805 0.000645 0.00060905 0.0005289 0.00034815 0.00056525 0.00045915 0.00062955 0.000488 0.0006003 0.00048815 0.0005737 0.0003239 0.00056365 0.00054875 0.0007332
33 0.00067505 0.00067525 0.00058275 0.00059495 0.0005138 0.00068655 0.00049435 0.0006868 0.000597 0.0005673 0.00053155 0.0005159 0.00061215 0.0006255 0.00058745 0.00035745 0.0006585 0.00068545 0.00065845 0.0005822 0.0003564 0.00057255 0.000685 0.00058995 0.0006746 0.00061805 0.00068495 0.0005675 0.0005942 0.0005353 0.0007046 0.00062295 0.0005126 0.0007118 0.00065915 0.00056535 0.00058795 0.00049865 0.00054135 0.0005159 0.00058765 0.00047355 0.0004334 0.0006083 0.0005758 0.00060885 0.0004659 0.00059735 0.0005961 0.0006843 0.00057885 0.0006229 0.0005673 0.00052815 0.00060805 0.0006742 0.0005341 0.00057805 0.0005167 0.0006247 0.0006474 0.00067025 0.0005053 0.0005077 0.00068305 0.00065575 0.00067325 0.0006978 0.0004695 0.00061215 0.0006237 0.00056765 0.0005263 0.00061305 0.0005939 0.00046575 0.00061825 0.0005971 0.00069785 0.00062485 0.0005415 0.00070455 0.00052855 0.0005382 0.00058455 0.00052155 0.00050255 0.00053195 0.00058475 0.00068805 0.000494 0.00060605 0.0006302 0.0006466 0.00057805 0.00053565 0.00058965 0.00064215 0.00062595 0.00074125
34 0.00064745 0.00064765 0.0007404 0.00050885 0.00066585 0.00046645 0.00058605 0.0004669 0.00064035 0.00050855 0.00055055 0.0007166 0.00069985 0.00073035 0.00061005 0.00065885 0.00069405 0.0006156 0.0004671 0.0006325 0.00070535 0.00055045 0.00060265 0.0005092 0.00066505 0.00063945 0.0007202 0.0005088 0.00050945 0.00059085 0.00057715 0.0005093 0.0007133 0.00065915 0.0009328 0.00062245 0.00074425 0.0006839 0.00077305 0.00069335 0.00057885 0.00066465 0.0006317 0.0006528 0.00073345 0.0005137 0.00071875 0.0006407 0.00062705 0.00066865 0.0006827 0.00050925 0.0005086 0.0005815 0.00065255 0.0005907 0.00068235 0.0007405 0.00058635 0.0005362 0.00059215 0.0004789 0.00068245 0.0008141 0.00058535 0.0005889 0.0005909 0.00047925 0.00072235 0.00069985 0.0005087 0.000567 0.00070765 0.0006758 0.00050915 0.00067265 0.000599 0.00064045 0.0004793 0.00053635 0.0007732 0.0005771 0.00068415 0.0006229 0.0007641 0.0005861 0.00064015 0.00055095 0.0007643 0.0005953 0.0005862 0.0005213 0.000517 0.0005927 0.00074045 0.0005909 0.00072795 0.00061195 0.00059975 0.0005408
35 0.00054775 0.00054795 0.00061405 0.0006066 0.00060715 0.00046475 0.0006696 0.0004652 0.00052115 0.0007641 0.000698 0.00061295 0.00059495 0.0006399 0.00051305 0.00056515 0.000619 0.00064155 0.00066945 0.0007012 0.00055865 0.0006636 0.0005786 0.0006425 0.00064715 0.00065795 0.00067765 0.0007643 0.00060715 0.0005196 0.0006099 0.00055715 0.00060175 0.00056535 0.00062245 0.0009294 0.00061935 0.00050945 0.0005946 0.0006052 0.00064855 0.00060645 0.00064875 0.00054035 0.00060745 0.00061445 0.00058525 0.0005215 0.00071495 0.00068895 0.000629 0.0005571 0.0007641 0.0006976 0.00054015 0.0005599 0.00061285 0.0005774 0.00054765 0.0005983 0.00054895 0.00064165 0.00066275 0.0005775 0.00060925 0.0006047 0.00060645 0.0004843 0.0005806 0.00059495 0.00055665 0.00064305 0.0006153 0.0005526 0.00060685 0.00059205 0.0005676 0.0005213 0.00048435 0.00059845 0.0005947 0.00060985 0.00063765 0.0006227 0.00061585 0.0005119 0.00057495 0.0006984 0.000616 0.00056745 0.0006697 0.00062585 0.0007912 0.0005494 0.0005774 0.00051965 0.00062115 0.0005577 0.00057425 0.0004925
