 slim_337740014 slim_337739953 slim_337740003 slim_337739944 slim_337740005 slim_337739982 slim_337739968 slim_337739901 slim_337739821 slim_337739819 slim_337739932 slim_337740001 slim_337739912 slim_337739976 slim_337739979 slim_337739999 slim_337739914 slim_337739992 slim_337739872 slim_337739597 slim_337739936 slim_337739922 slim_337739737 slim_337739781 slim_337739996 slim_337739797 slim_337739961 slim_337739817 slim_337739861 slim_337739960 slim_337739915 slim_337739835 slim_337740004 slim_337739925 slim_337739877 slim_337739970 slim_337739946 slim_337740012 slim_337739977 slim_337739734 slim_337739994 slim_337739886 slim_337739949 slim_337739747 slim_337739823 slim_337739962 slim_337739990 slim_337739945 slim_337739995 slim_337739812 slim_337739792 slim_337739937 slim_337739917 slim_337739871 slim_337739991 slim_337739894 slim_337739538 slim_337739909 slim_337740016 slim_337739773 slim_337739975 slim_337739943 slim_337739777 slim_337739969 slim_337739921 slim_337739897 slim_337739965 slim_337740018 slim_337739868 slim_337739879 slim_337739816 slim_337740002 slim_337739986 slim_337739855 slim_337739938 slim_337739926 slim_337739993 slim_337739988 slim_337740011 slim_337739923 slim_337739891 slim_337739963 slim_337739849 slim_337739838 slim_337740013 slim_337740000 slim_337739927 slim_337739941 slim_337739952 slim_337739867 slim_337739981 slim_337739967 slim_337739955 slim_337739898 slim_337739957 slim_337739780 slim_337739853 slim_337739636 slim_337739788 slim_337739985
0 1.1e-06 1.27e-05 8.15e-06 9.9e-06 1.41e-05 4.4e-06 1.5e-05 1.46e-05 1.31e-05 1.58e-05 1.32e-05 1.1e-05 7.15e-06 7.15e-06 8e-06 1.345e-05 8.35e-06 7e-06 1.6e-06 1.355e-05 1.2e-05 3.95e-06 1.44e-05 1.505e-05 1.455e-05 7.2e-06 3.25e-06 7.15e-06 7.65e-06 1.46e-05 1.535e-05 1.335e-05 8.5e-06 1.535e-05 1.375e-05 8.35e-06 1.34e-05 1.445e-05 1.165e-05 1.34e-05 9.45e-06 1.365e-05 1.32e-05 1.595e-05 8.45e-06 1.595e-05 1.455e-05 1.345e-05 1.395e-05 9.6e-06 3.4e-06 1.335e-05 8.05e-06 8.35e-06 4.65e-06 7.85e-06 1.285e-05 1.185e-05 1.375e-05 9.15e-06 1.535e-05 1.325e-05 8.55e-06 6.65e-06 2.95e-06 9.3e-06 1.355e-05 1e-05 1.44e-05 1.46e-05 4.1e-06 8.35e-06 1.34e-05 1.33e-05 1.35e-05 8.75e-06 8.4e-06 1.545e-05 8e-06 1.47e-05 1.465e-05 7.15e-06 1.605e-05 1.385e-05 1.37e-05 1.33e-05 1.36e-05 8.35e-06 5.45e-06 8.35e-06 1.325e-05 1.365e-05 1.385e-05 9.15e-06 9.2e-06 1.8e-06 9.9e-06 2.75e-06 1.455e-05 1.315e-05
1 1.27e-05 7.6e-06 1.075e-05 8.25e-06 1.02e-05 1.115e-05 6.05e-06 5.9e-06 5.5e-06 7.65e-06 5.05e-06 1.2e-05 8.75e-06 8.65e-06 9.55e-06 9.15e-06 8.9e-06 1.215e-05 1.26e-05 9.65e-06 7.7e-06 1.175e-05 5.85e-06 8e-06 5.8e-06 8.85e-06 1.15e-05 8.3e-06 9.7e-06 7e-06 8.95e-06 1.135e-05 9.5e-06 7.6e-06 8.95e-06 9.2e-06 7.8e-06 9.65e-06 8.2e-06 4.15e-06 9.75e-06 4.55e-06 4.85e-06 7.8e-06 8.65e-06 9.5e-06 6.15e-06 9.15e-06 6.05e-06 7.25e-06 1.36e-05 8.95e-06 9.1e-06 9.05e-06 1.16e-05 9.3e-06 4.45e-06 7.85e-06 5.2e-06 1.025e-05 7.4e-06 4.8e-06 8.95e-06 9.2e-06 1.22e-05 1.01e-05 5e-06 7.55e-06 7.75e-06 8.25e-06 1.19e-05 8.35e-06 1.075e-05 1.03e-05 4.65e-06 1.245e-05 8.55e-06 9.2e-06 1.265e-05 7.2e-06 5.95e-06 8.75e-06 9.8e-06 5.95e-06 4.4e-06 4.95e-06 4.1e-06 8.3e-06 1.26e-05 1.265e-05 1.595e-05 5e-06 4.6e-06 1.02e-05 7.75e-06 1.295e-05 8.25e-06 1.255e-05 8.6e-06 5.4e-06
2 8.15e-06 1.075e-05 5.7e-06 5.85e-06 9e-06 6.45e-06 1.135e-05 1.015e-05 7.6e-06 1.26e-05 8.75e-06 1.225e-05 8.6e-06 8.7e-06 9e-06 9e-06 9.35e-06 9e-06 8.3e-06 9.8e-06 6.15e-06 6e-06 9.95e-06 1.245e-05 1.01e-05 8.7e-06 5.5e-06 8.8e-06 3.95e-06 1.045e-05 1.28e-05 9.35e-06 9.5e-06 1.135e-05 9.55e-06 9.35e-06 9.35e-06 1.045e-05 6.5e-06 8.95e-06 1.02e-05 9.15e-06 8.75e-06 1.275e-05 9.15e-06 1.34e-05 1.01e-05 9e-06 9.55e-06 5.95e-06 9.7e-06 1.185e-05 8.75e-06 9.35e-06 6.2e-06 8.8e-06 8.3e-06 6e-06 9.1e-06 1.02e-05 1.135e-05 8.8e-06 9.35e-06 8.35e-06 8.85e-06 1.045e-05 9.1e-06 6.1e-06 1.18e-05 1.2e-05 5.9e-06 9.05e-06 1.06e-05 1.05e-05 9.05e-06 1.22e-05 9.15e-06 1.285e-05 9.65e-06 1.08e-05 1.02e-05 8.85e-06 1.35e-05 9.45e-06 9.2e-06 8.8e-06 9.15e-06 9.05e-06 7e-06 9.8e-06 1.12e-05 9.15e-06 9.35e-06 1.02e-05 5.25e-06 8.7e-06 5.85e-06 8.95e-06 1.195e-05 8.55e-06
3 9.9e-06 8.25e-06 5.85e-06 8.9e-06 8.95e-06 8.15e-06 8.65e-06 7.4e-06 6.55e-06 9.7e-06 6.25e-06 1.175e-05 8.2e-06 8.3e-06 8.25e-06 9.2e-06 8.95e-06 1.05e-05 1e-05 9.05e-06 7.05e-06 7.6e-06 6.95e-06 1.005e-05 7.2e-06 8.3e-06 7.15e-06 8.4e-06 5.15e-06 7.4e-06 1.035e-05 1.04e-05 8.85e-06 8.15e-06 8.15e-06 8.95e-06 8.75e-06 9.35e-06 6.75e-06 6.45e-06 9.6e-06 6.65e-06 6.25e-06 9.85e-06 8.55e-06 1.06e-05 7.35e-06 9.2e-06 6.8e-06 5.45e-06 1.13e-05 1.105e-05 7.8e-06 8.95e-06 7.6e-06 8.55e-06 5.95e-06 6.9e-06 5.65e-06 9.55e-06 8.4e-06 6.3e-06 8.85e-06 7.6e-06 1.055e-05 9.85e-06 6.3e-06 5.65e-06 9.6e-06 9.5e-06 7.55e-06 8.65e-06 1.065e-05 1.055e-05 6.55e-06 1.19e-05 8.55e-06 1.015e-05 1.115e-05 8.25e-06 7.45e-06 8.45e-06 1.06e-05 6.7e-06 6.7e-06 5.95e-06 6.65e-06 8.65e-06 8.45e-06 1.12e-05 1.185e-05 6.65e-06 6.85e-06 9.4e-06 4.95e-06 1.045e-05 4.45e-06 1.065e-05 9.2e-06 5.1e-06
4 1.41e-05 1.02e-05 9e-06 8.95e-06 7.7e-06 1.145e-05 7.75e-06 6.4e-06 8.2e-06 6.15e-06 8.1e-06 1.215e-05 1.095e-05 1.12e-05 1.175e-05 7.25e-06 1.165e-05 1.07e-05 1.405e-05 9.65e-06 8.35e-06 1.21e-05 6.5e-06 1.025e-05 6.6e-06 1.105e-05 1.185e-05 1.135e-05 9.2e-06 5.55e-06 8.25e-06 1.02e-05 9.45e-06 4.95e-06 7.65e-06 1.145e-05 7.7e-06 6.15e-06 7.9e-06 8.3e-06 9.65e-06 8.45e-06 8.25e-06 6.3e-06 1.055e-05 8.5e-06 6.15e-06 7.25e-06 6.05e-06 8.9e-06 1.41e-05 8.15e-06 1.06e-05 1.165e-05 1.125e-05 1.17e-05 8.2e-06 7.95e-06 8.3e-06 9.45e-06 4.7e-06 8.35e-06 1.075e-05 1.135e-05 1.415e-05 9.75e-06 8.1e-06 9.2e-06 1.01e-05 1.015e-05 1.225e-05 1.135e-05 1.07e-05 1.06e-05 8.2e-06 1.335e-05 1.06e-05 1e-05 1.1e-05 7.6e-06 6.45e-06 1.145e-05 8.65e-06 5.95e-06 8.3e-06 8.45e-06 8.5e-06 1.135e-05 1.215e-05 1.065e-05 1.455e-05 8.05e-06 8.65e-06 9.7e-06 9.05e-06 1.44e-05 8.95e-06 1.425e-05 1.03e-05 8e-06
5 4.4e-06 1.115e-05 6.45e-06 8.15e-06 1.145e-05 8.5e-06 1.26e-05 1.16e-05 1.025e-05 1.395e-05 1.045e-05 1.145e-05 7.5e-06 7.35e-06 8.5e-06 1.12e-05 8.3e-06 8.1e-06 4.85e-06 1.13e-05 9.15e-06 5.25e-06 1.155e-05 1.335e-05 1.16e-05 7.55e-06 4.75e-06 7.35e-06 5.85e-06 1.215e-05 1.38e-05 1.195e-05 8.65e-06 1.305e-05 1.175e-05 8.45e-06 1.115e-05 1.25e-05 9.15e-06 1.01e-05 9.45e-06 1.005e-05 1.03e-05 1.41e-05 7.9e-06 1.445e-05 1.17e-05 1.12e-05 1.135e-05 7.45e-06 6.5e-06 1.27e-05 8.35e-06 8e-06 5.55e-06 8.4e-06 1.015e-05 9.15e-06 1.085e-05 9.4e-06 1.29e-05 1.035e-05 8.4e-06 7.4e-06 5.65e-06 9.6e-06 1.055e-05 8e-06 1.27e-05 1.305e-05 5.4e-06 8.1e-06 1.155e-05 1.145e-05 1.035e-05 1.04e-05 8.15e-06 1.4e-05 9.05e-06 1.25e-05 1.165e-05 7.35e-06 1.465e-05 1.125e-05 1.055e-05 1.07e-05 1.03e-05 8.1e-06 6.4e-06 9.2e-06 1.265e-05 1.065e-05 1.055e-05 9.45e-06 7.65e-06 5.4e-06 8.15e-06 5.75e-06 1.325e-05 1.065e-05
6 1.5e-05 6.05e-06 1.135e-05 8.65e-06 7.75e-06 1.26e-05 8.8e-06 5.2e-06 6.3e-06 4.85e-06 5.6e-06 1.23e-05 1.015e-05 1.01e-05 1.11e-05 7.75e-06 1.045e-05 1.195e-05 1.495e-05 9.25e-06 8.3e-06 1.33e-05 5e-06 8.35e-06 5.1e-06 1.025e-05 1.295e-05 1.01e-05 1.03e-05 5.55e-06 8.1e-06 1.15e-05 1.02e-05 5.15e-06 7.55e-06 1.07e-05 6.95e-06 7.15e-06 8.6e-06 4.85e-06 1.025e-05 5.05e-06 5.45e-06 5e-06 9.95e-06 8.35e-06 5.4e-06 7.75e-06 5.35e-06 7.85e-06 1.56e-05 7.6e-06 1.04e-05 1.06e-05 1.29e-05 1.085e-05 5.2e-06 8.4e-06 5.6e-06 1.05e-05 5.1e-06 5.4e-06 1e-05 1.065e-05 1.51e-05 1.025e-05 5.15e-06 8.35e-06 8.15e-06 8.35e-06 1.345e-05 9.85e-06 1.09e-05 1.08e-05 5.1e-06 1.345e-05 9.75e-06 8.8e-06 1.24e-05 6.1e-06 5.25e-06 1.01e-05 8.5e-06 5.25e-06 5.3e-06 5.75e-06 4.95e-06 1.025e-05 1.375e-05 1.225e-05 1.56e-05 5.5e-06 5.2e-06 1.045e-05 8.35e-06 1.535e-05 8.65e-06 1.53e-05 8.75e-06 5.8e-06
7 1.46e-05 5.9e-06 1.015e-05 7.4e-06 6.4e-06 1.16e-05 5.2e-06 5.6e-06 4.8e-06 5.75e-06 4.1e-06 1.205e-05 9.15e-06 8.85e-06 1.015e-05 8.25e-06 9.25e-06 1.28e-05 1.455e-05 8.5e-06 6.6e-06 1.26e-05 3.6e-06 7.2e-06 3.25e-06 9.25e-06 1.225e-05 9.1e-06 9.1e-06 3.85e-06 6.65e-06 1.05e-05 8.85e-06 4.35e-06 7.9e-06 9.7e-06 7.15e-06 7.65e-06 7.2e-06 3.35e-06 9.15e-06 3.55e-06 3.7e-06 5.9e-06 8.95e-06 7.2e-06 3.55e-06 8.25e-06 3.6e-06 6.5e-06 1.52e-05 9.4e-06 9.45e-06 9.6e-06 1.22e-05 9.95e-06 3.7e-06 6.9e-06 3.85e-06 9.25e-06 3.85e-06 3.7e-06 8.95e-06 9.7e-06 1.47e-05 9.85e-06 3.9e-06 7e-06 7.05e-06 7.5e-06 1.275e-05 9.15e-06 9.65e-06 9.75e-06 3.6e-06 1.295e-05 8.85e-06 7.95e-06 1.33e-05 5.5e-06 3.2e-06 9.2e-06 7.65e-06 3.5e-06 3.7e-06 4.15e-06 3.45e-06 9.25e-06 1.305e-05 1.31e-05 1.53e-05 3.9e-06 3.2e-06 9.4e-06 7.15e-06 1.495e-05 7.4e-06 1.49e-05 7.7e-06 4.35e-06
8 1.31e-05 5.5e-06 7.6e-06 6.55e-06 8.2e-06 1.025e-05 6.3e-06 4.8e-06 4.8e-06 8.1e-06 3.7e-06 1.215e-05 8.45e-06 8.25e-06 9.25e-06 8.35e-06 8.75e-06 1.3e-05 1.31e-05 8.5e-06 5e-06 1.115e-05 4.75e-06 7.4e-06 4.8e-06 8.55e-06 1.065e-05 8.15e-06 8e-06 5.85e-06 8.2e-06 8.9e-06 9.5e-06 6.7e-06 8.85e-06 9.05e-06 8.1e-06 9.7e-06 5.7e-06 2.75e-06 9.95e-06 3.45e-06 3.4e-06 8.25e-06 8.7e-06 8.75e-06 5.05e-06 8.35e-06 4.7e-06 5.7e-06 1.435e-05 1.125e-05 9e-06 8.9e-06 1.12e-05 8.95e-06 2.95e-06 5.15e-06 3.95e-06 1.01e-05 6.55e-06 3.45e-06 8.75e-06 8.75e-06 1.34e-05 1.04e-05 3.75e-06 6.25e-06 7e-06 7.4e-06 1.13e-05 8.45e-06 9.25e-06 8.95e-06 3.5e-06 1.24e-05 8.55e-06 8.25e-06 1.365e-05 5.95e-06 4.85e-06 8.4e-06 8.95e-06 4.6e-06 3.45e-06 3.95e-06 3.1e-06 8.2e-06 1.2e-05 1.365e-05 1.485e-05 3.9e-06 3.5e-06 1.015e-05 6e-06 1.35e-05 6.55e-06 1.36e-05 7.6e-06 3.9e-06
9 1.58e-05 7.65e-06 1.26e-05 9.7e-06 6.15e-06 1.395e-05 4.85e-06 5.75e-06 8.1e-06 3.7e-06 7.15e-06 1.15e-05 1.145e-05 1.165e-05 1.205e-05 7.4e-06 1.205e-05 1.115e-05 1.575e-05 9.2e-06 1.02e-05 1.425e-05 5.25e-06 8.85e-06 5.75e-06 1.155e-05 1.4e-05 1.175e-05 1.155e-05 4.55e-06 7.1e-06 1.155e-05 1.01e-05 2.5e-06 6.7e-06 1.195e-05 6.85e-06 4.95e-06 9.3e-06 7.4e-06 1.01e-05 7.55e-06 7.25e-06 2.1e-06 1.095e-05 7.15e-06 5.6e-06 7.4e-06 5.25e-06 9.75e-06 1.58e-05 5.65e-06 1.09e-05 1.205e-05 1.34e-05 1.19e-05 7.1e-06 9.95e-06 7.3e-06 1.01e-05 2.8e-06 7.3e-06 1.115e-05 1.165e-05 1.585e-05 8.9e-06 6.85e-06 1.005e-05 8.8e-06 8.4e-06 1.44e-05 1.175e-05 1.16e-05 1.15e-05 7.4e-06 1.325e-05 1.1e-05 8.25e-06 1.145e-05 5.5e-06 5.8e-06 1.185e-05 6.9e-06 5.15e-06 7.5e-06 7.45e-06 7.6e-06 1.175e-05 1.43e-05 1.11e-05 1.555e-05 7.35e-06 7.75e-06 1.015e-05 9.7e-06 1.61e-05 9.7e-06 1.595e-05 8.8e-06 6.85e-06
10 1.32e-05 5.05e-06 8.75e-06 6.25e-06 8.1e-06 1.045e-05 5.6e-06 4.1e-06 3.7e-06 7.15e-06 3.3e-06 1.175e-05 7.35e-06 8.15e-06 8.9e-06 8e-06 8.55e-06 1.275e-05 1.295e-05 7.25e-06 5.85e-06 1.125e-05 4.1e-06 7.1e-06 4e-06 7.5e-06 1.08e-05 8.15e-06 7.2e-06 4.95e-06 7.7e-06 9.95e-06 9e-06 5.8e-06 8.15e-06 7.95e-06 7.55e-06 9e-06 6.1e-06 2.7e-06 9.5e-06 2.85e-06 2.4e-06 7.3e-06 8.3e-06 8.15e-06 3.5e-06 8e-06 3.35e-06 5.55e-06 1.43e-05 1.05e-05 8.6e-06 8.55e-06 1.125e-05 8.65e-06 2.7e-06 5.15e-06 3.35e-06 9.65e-06 5.55e-06 2.75e-06 8.45e-06 8.4e-06 1.345e-05 9.95e-06 3.2e-06 6.05e-06 5.75e-06 7.05e-06 1.14e-05 8.25e-06 9.65e-06 9.55e-06 2.15e-06 1.24e-05 8.3e-06 7.9e-06 1.335e-05 5.2e-06 4.15e-06 8.2e-06 8.5e-06 3.65e-06 2.35e-06 3.3e-06 2.85e-06 8.3e-06 1.205e-05 1.33e-05 1.475e-05 1.7e-06 3.05e-06 9.6e-06 5.75e-06 1.36e-05 6.25e-06 1.365e-05 7.2e-06 3.05e-06
11 1.1e-05 1.2e-05 1.225e-05 1.175e-05 1.215e-05 1.145e-05 1.23e-05 1.205e-05 1.215e-05 1.15e-05 1.175e-05 1.81e-05 1.14e-05 1.17e-05 1.195e-05 1.265e-05 1.2e-05 1.19e-05 1.08e-05 1.02e-05 1.28e-05 1.125e-05 1.175e-05 1.255e-05 1.2e-05 1.15e-05 1.11e-05 1.18e-05 1.15e-05 1.175e-05 1.23e-05 1.31e-05 1.06e-05 1.11e-05 1.25e-05 1.18e-05 1.23e-05 1.215e-05 1.14e-05 1.215e-05 1.115e-05 1.245e-05 1.195e-05 1.165e-05 1.075e-05 1.235e-05 1.18e-05 1.265e-05 1.135e-05 1.17e-05 1.1e-05 1.22e-05 1.065e-05 1.2e-05 1.02e-05 1.18e-05 1.19e-05 1.245e-05 1.23e-05 1.145e-05 1.12e-05 1.2e-05 1.13e-05 1.165e-05 1.03e-05 1.075e-05 1.21e-05 1.185e-05 1.25e-05 1.265e-05 1.14e-05 1.135e-05 1.33e-05 1.32e-05 1.21e-05 1.225e-05 1.07e-05 1.27e-05 1.22e-05 1.085e-05 1.21e-05 1.18e-05 1.235e-05 1.125e-05 1.23e-05 1.215e-05 1.24e-05 1.135e-05 1.145e-05 1.175e-05 1.585e-05 1.205e-05 1.265e-05 1.145e-05 1.16e-05 1.12e-05 1.175e-05 1.06e-05 1.26e-05 1.165e-05
12 7.15e-06 8.75e-06 8.6e-06 8.2e-06 1.095e-05 7.5e-06 1.015e-05 9.15e-06 8.45e-06 1.145e-05 7.35e-06 1.14e-05 1.35e-05 7.6e-06 8.55e-06 1.045e-05 8.35e-06 9.95e-06 7.5e-06 1.07e-05 8.85e-06 7.75e-06 9.1e-06 1.1e-05 9.05e-06 6.95e-06 7.25e-06 7.6e-06 7.8e-06 9.7e-06 1.15e-05 1.175e-05 8.7e-06 1.055e-05 1.1e-05 7.75e-06 1.04e-05 1.175e-05 9.05e-06 7.85e-06 9.4e-06 7.95e-06 8.05e-06 1.16e-05 8.25e-06 1.2e-05 8.55e-06 1.045e-05 8.95e-06 7.5e-06 8.9e-06 1.195e-05 8.4e-06 8.35e-06 8.05e-06 8.3e-06 7.7e-06 8.15e-06 8.45e-06 9.4e-06 1.035e-05 8e-06 8.35e-06 7.7e-06 8.25e-06 9.65e-06 8.25e-06 8e-06 9.7e-06 1.085e-05 7.9e-06 8.2e-06 1.14e-05 1.13e-05 7.25e-06 1.065e-05 8.25e-06 1.175e-05 1.075e-05 1.015e-05 9.2e-06 7.65e-06 1.23e-05 8.85e-06 7.45e-06 8.25e-06 7.95e-06 8.3e-06 8.85e-06 1.085e-05 1.41e-05 6.75e-06 8.15e-06 9.35e-06 7.55e-06 7.9e-06 8.2e-06 8.3e-06 1.095e-05 8.3e-06
13 7.15e-06 8.65e-06 8.7e-06 8.3e-06 1.12e-05 7.35e-06 1.01e-05 8.85e-06 8.25e-06 1.165e-05 8.15e-06 1.17e-05 7.6e-06 1.37e-05 8.65e-06 1.1e-05 8e-06 9.95e-06 7.5e-06 1.095e-05 8.45e-06 7.85e-06 9e-06 1.095e-05 8.8e-06 7.65e-06 7.35e-06 7.4e-06 7.9e-06 9.8e-06 1.16e-05 1.19e-05 8.8e-06 1.075e-05 1.115e-05 8.55e-06 1.03e-05 1.19e-05 9.2e-06 7.45e-06 9.45e-06 7.8e-06 7.4e-06 1.18e-05 8.35e-06 1.23e-05 9.3e-06 1.1e-05 9.05e-06 7.35e-06 9.1e-06 1.21e-05 8.55e-06 8.4e-06 8.2e-06 8.5e-06 7.6e-06 8.9e-06 8.05e-06 9.5e-06 1.06e-05 7.6e-06 8.3e-06 7.7e-06 8.35e-06 9.8e-06 8.1e-06 7.9e-06 1.05e-05 1.09e-05 8e-06 8.1e-06 1.105e-05 1.125e-05 7.85e-06 1.07e-05 8.2e-06 1.185e-05 1.09e-05 1.03e-05 8.7e-06 7.45e-06 1.25e-05 8.95e-06 8e-06 8.15e-06 7.65e-06 8.1e-06 9e-06 1.105e-05 1.42e-05 8.25e-06 7.25e-06 9.6e-06 7.75e-06 8e-06 8.3e-06 8.4e-06 1.11e-05 8.4e-06
14 8e-06 9.55e-06 9e-06 8.25e-06 1.175e-05 8.5e-06 1.11e-05 1.015e-05 9.25e-06 1.205e-05 8.9e-06 1.195e-05 8.55e-06 8.65e-06 1.46e-05 1.165e-05 8.3e-06 1.065e-05 8.25e-06 1.135e-05 9.75e-06 7.55e-06 9.7e-06 1.16e-05 9.95e-06 8.65e-06 7.75e-06 8.75e-06 8.25e-06 1.01e-05 1.195e-05 1.215e-05 9.35e-06 1.08e-05 1.115e-05 8.3e-06 1.105e-05 1.19e-05 9.45e-06 9.1e-06 1.005e-05 9.3e-06 8.9e-06 1.22e-05 9.1e-06 1.24e-05 1.01e-05 1.165e-05 9.55e-06 8.3e-06 8.45e-06 1.245e-05 8.15e-06 8.3e-06 8.35e-06 8.05e-06 8.65e-06 9.6e-06 9e-06 9e-06 1.105e-05 8.95e-06 9.3e-06 7.75e-06 8.6e-06 1.01e-05 8.95e-06 8.6e-06 1.11e-05 1.1e-05 7.75e-06 9e-06 1.235e-05 1.225e-05 9.2e-06 1.13e-05 9.1e-06 1.185e-05 1.07e-05 1.07e-05 1.02e-05 8.8e-06 1.24e-05 9.45e-06 9.35e-06 8.25e-06 9.3e-06 9e-06 8.35e-06 1.085e-05 1.45e-05 9.3e-06 9.5e-06 8.85e-06 8.1e-06 7.55e-06 8.25e-06 7.7e-06 1.075e-05 8.45e-06
15 1.345e-05 9.15e-06 9e-06 9.2e-06 7.25e-06 1.12e-05 7.75e-06 8.25e-06 8.35e-06 7.4e-06 8e-06 1.265e-05 1.045e-05 1.1e-05 1.165e-05 1.39e-05 1.145e-05 1.04e-05 1.34e-05 1.01e-05 8.5e-06 1.175e-05 8.05e-06 1.11e-05 8.25e-06 1.055e-05 1.14e-05 1.11e-05 9.2e-06 8.1e-06 1.045e-05 1.095e-05 1.065e-05 7.7e-06 8.05e-06 1.1e-05 7.9e-06 7.65e-06 8.6e-06 8.4e-06 1.1e-05 8.55e-06 8.45e-06 7.55e-06 1.075e-05 1.075e-05 7.75e-06 6.95e-06 7.95e-06 8.85e-06 1.395e-05 8.1e-06 1.09e-05 1.145e-05 1.13e-05 1.155e-05 8.35e-06 7.85e-06 8.7e-06 1.1e-05 7.7e-06 8.5e-06 1.09e-05 1.12e-05 1.355e-05 1.075e-05 8.4e-06 9.3e-06 1.03e-05 1.08e-05 1.19e-05 1.115e-05 1.135e-05 1.125e-05 8.05e-06 1.37e-05 1.08e-05 1.12e-05 1.08e-05 8.7e-06 8.3e-06 1.12e-05 1.08e-05 7.85e-06 8.15e-06 8.8e-06 8.6e-06 1.115e-05 1.215e-05 1.06e-05 1.47e-05 7.65e-06 8.75e-06 1.105e-05 9.05e-06 1.38e-05 9.2e-06 1.375e-05 1.11e-05 8.45e-06
16 8.35e-06 8.9e-06 9.35e-06 8.95e-06 1.165e-05 8.3e-06 1.045e-05 9.25e-06 8.75e-06 1.205e-05 8.55e-06 1.2e-05 8.35e-06 8e-06 8.3e-06 1.145e-05 1.47e-05 1.085e-05 8.45e-06 1.14e-05 8.9e-06 8.05e-06 9.35e-06 1.115e-05 9.1e-06 8.45e-06 8.25e-06 8.25e-06 8.55e-06 1.055e-05 1.205e-05 1.235e-05 9.45e-06 1.115e-05 1.16e-05 7.95e-06 1.05e-05 1.23e-05 9.55e-06 7.85e-06 9.7e-06 8.1e-06 8.1e-06 1.22e-05 8.6e-06 1.26e-05 9.7e-06 1.145e-05 9.55e-06 7.9e-06 8.5e-06 1.25e-05 9.05e-06 7.8e-06 8.7e-06 8.15e-06 8.15e-06 9.3e-06 8.5e-06 9e-06 1.095e-05 8.05e-06 8.6e-06 8.8e-06 8.55e-06 1.01e-05 8.5e-06 8.3e-06 1.085e-05 1.135e-05 8.2e-06 8.35e-06 1.145e-05 1.16e-05 8.15e-06 1.16e-05 8.45e-06 1.23e-05 1.09e-05 1.075e-05 9.25e-06 8.3e-06 1.29e-05 9.45e-06 8.3e-06 8.55e-06 7.95e-06 8.45e-06 8.5e-06 1.09e-05 1.48e-05 8.55e-06 7.65e-06 8.95e-06 8.45e-06 7.75e-06 8.95e-06 7.75e-06 1.17e-05 8.9e-06
17 7e-06 1.215e-05 9e-06 1.05e-05 1.07e-05 8.1e-06 1.195e-05 1.28e-05 1.3e-05 1.115e-05 1.275e-05 1.19e-05 9.95e-06 9.95e-06 1.065e-05 1.04e-05 1.085e-05 1.33e-05 7.35e-06 1.215e-05 1.155e-05 7.95e-06 1.245e-05 1.44e-05 1.275e-05 1e-05 7.55e-06 1.005e-05 8.65e-06 1.22e-05 1.375e-05 1.28e-05 1.005e-05 1.18e-05 1e-05 1.085e-05 9.8e-06 9.45e-06 1.125e-05 1.295e-05 1.05e-05 1.315e-05 1.275e-05 1.13e-05 1.045e-05 1.405e-05 1.275e-05 1.04e-05 1.22e-05 1.04e-05 8.4e-06 8.7e-06 1.02e-05 1.085e-05 7.95e-06 1.055e-05 1.255e-05 1.14e-05 1.305e-05 1.035e-05 1.195e-05 1.28e-05 1.055e-05 9.75e-06 8.15e-06 1.005e-05 1.275e-05 1.075e-05 1.41e-05 1.395e-05 8.1e-06 1.07e-05 1.315e-05 1.305e-05 1.305e-05 1.135e-05 1.045e-05 1.43e-05 7.65e-06 1.255e-05 1.285e-05 1.01e-05 1.4e-05 1.21e-05 1.32e-05 1.29e-05 1.315e-05 1.07e-05 8.7e-06 7.55e-06 1.355e-05 1.315e-05 1.335e-05 1.035e-05 1.02e-05 7.8e-06 1.05e-05 8.1e-06 1.41e-05 1.25e-05
18 1.6e-06 1.26e-05 8.3e-06 1e-05 1.405e-05 4.85e-06 1.495e-05 1.455e-05 1.31e-05 1.575e-05 1.295e-05 1.08e-05 7.5e-06 7.5e-06 8.25e-06 1.34e-05 8.45e-06 7.35e-06 2.6e-06 1.32e-05 1.2e-05 4.4e-06 1.435e-05 1.5e-05 1.45e-05 7.55e-06 3.9e-06 7.6e-06 7.45e-06 1.465e-05 1.53e-05 1.335e-05 8.4e-06 1.53e-05 1.37e-05 8.45e-06 1.335e-05 1.44e-05 1.155e-05 1.335e-05 9.25e-06 1.36e-05 1.295e-05 1.59e-05 8.25e-06 1.59e-05 1.45e-05 1.34e-05 1.37e-05 9.7e-06 3.55e-06 1.325e-05 8e-06 8.45e-06 4.6e-06 8.15e-06 1.3e-05 1.185e-05 1.37e-05 9.25e-06 1.53e-05 1.315e-05 8.55e-06 7.3e-06 2.5e-06 9.1e-06 1.35e-05 1.01e-05 1.425e-05 1.455e-05 4.55e-06 8.15e-06 1.335e-05 1.325e-05 1.345e-05 9.1e-06 8.2e-06 1.54e-05 8.3e-06 1.46e-05 1.46e-05 7.6e-06 1.6e-05 1.375e-05 1.365e-05 1.34e-05 1.355e-05 8.15e-06 5.55e-06 8.45e-06 1.335e-05 1.36e-05 1.38e-05 9.25e-06 9.5e-06 2.45e-06 1e-05 2.7e-06 1.465e-05 1.305e-05
19 1.355e-05 9.65e-06 9.8e-06 9.05e-06 9.65e-06 1.13e-05 9.25e-06 8.5e-06 8.5e-06 9.2e-06 7.25e-06 1.02e-05 1.07e-05 1.095e-05 1.135e-05 1.01e-05 1.14e-05 1.215e-05 1.32e-05 1.25e-05 9.15e-06 1.185e-05 8.25e-06 1.03e-05 8.45e-06 1.08e-05 1.15e-05 1.105e-05 8.1e-06 8.4e-06 1.01e-05 1.11e-05 1.09e-05 8.35e-06 9.7e-06 1.125e-05 9.4e-06 9.65e-06 8.45e-06 8.05e-06 1.135e-05 8.35e-06 7.4e-06 9.35e-06 1.09e-05 1.045e-05 8.3e-06 1.01e-05 7.35e-06 8.8e-06 1.415e-05 1.105e-05 1.08e-05 1.14e-05 1.16e-05 1.12e-05 7.8e-06 8.85e-06 8.4e-06 1.14e-05 8.4e-06 7.8e-06 1.095e-05 1.09e-05 1.36e-05 1.115e-05 8.05e-06 9.15e-06 9.7e-06 9.95e-06 1.2e-05 1.105e-05 1.115e-05 1.105e-05 8.05e-06 1.315e-05 1.085e-05 1.035e-05 1.27e-05 7.5e-06 8.55e-06 1.105e-05 1.05e-05 7.6e-06 8.25e-06 8.25e-06 8.3e-06 1.1e-05 1.24e-05 1.245e-05 1.475e-05 8.05e-06 8.55e-06 1.14e-05 8.7e-06 1.39e-05 9.05e-06 1.38e-05 1.015e-05 7.65e-06
20 1.2e-05 7.7e-06 6.15e-06 7.05e-06 8.35e-06 9.15e-06 8.3e-06 6.6e-06 5e-06 1.02e-05 5.85e-06 1.28e-05 8.85e-06 8.45e-06 9.75e-06 8.5e-06 8.9e-06 1.155e-05 1.2e-05 9.15e-06 9.2e-06 1.005e-05 6.7e-06 9.45e-06 6.3e-06 8.95e-06 9.55e-06 8.75e-06 6.9e-06 7.95e-06 1.03e-05 9.15e-06 1e-05 8.8e-06 9e-06 9.45e-06 8.1e-06 9.85e-06 6.35e-06 5.15e-06 1.025e-05 5.35e-06 5.35e-06 1.035e-05 9.1e-06 1.085e-05 7.05e-06 8.5e-06 6.95e-06 6.05e-06 1.325e-05 1.14e-05 9.5e-06 9.3e-06 1.01e-05 9.35e-06 5.2e-06 5.2e-06 5.55e-06 1.06e-05 8.6e-06 5.2e-06 9.1e-06 9.25e-06 1.23e-05 1.09e-05 5.8e-06 6.6e-06 9e-06 9.5e-06 1.02e-05 8.85e-06 9.25e-06 9.55e-06 5.45e-06 1.3e-05 9e-06 1.045e-05 1.22e-05 8.35e-06 6.55e-06 8.85e-06 1.115e-05 6.85e-06 5.55e-06 5.9e-06 5.25e-06 8.95e-06 1.09e-05 1.22e-05 1.415e-05 5.8e-06 4.6e-06 1.055e-05 6.4e-06 1.24e-05 7.05e-06 1.25e-05 9.8e-06 6.15e-06
21 3.95e-06 1.175e-05 6e-06 7.6e-06 1.21e-05 5.25e-06 1.33e-05 1.26e-05 1.115e-05 1.425e-05 1.125e-05 1.125e-05 7.75e-06 7.85e-06 7.55e-06 1.175e-05 8.05e-06 7.95e-06 4.4e-06 1.185e-05 1.005e-05 6.6e-06 1.235e-05 1.395e-05 1.255e-05 7.85e-06 3.55e-06 7.95e-06 5.5e-06 1.27e-05 1.435e-05 1.24e-05 8.65e-06 1.345e-05 1.19e-05 8.05e-06 1.155e-05 1.265e-05 9.5e-06 1.145e-05 9.4e-06 1.17e-05 1.125e-05 1.44e-05 8.45e-06 1.495e-05 1.255e-05 1.175e-05 1.195e-05 7.35e-06 5.15e-06 1.275e-05 7.9e-06 8.05e-06 4.35e-06 7.65e-06 1.09e-05 9.9e-06 1.165e-05 8.8e-06 1.35e-05 1.13e-05 8.65e-06 7.35e-06 4.9e-06 9.45e-06 1.155e-05 7.7e-06 1.345e-05 1.36e-05 3.55e-06 8.35e-06 1.245e-05 1.235e-05 1.155e-05 1.045e-05 8.4e-06 1.445e-05 7.9e-06 1.3e-05 1.265e-05 7.95e-06 1.5e-05 1.185e-05 1.175e-05 1.105e-05 1.165e-05 8.35e-06 4.95e-06 8.3e-06 1.175e-05 1.17e-05 1.19e-05 8.8e-06 7.05e-06 4.05e-06 7.6e-06 4.4e-06 1.345e-05 1.105e-05
22 1.44e-05 5.85e-06 9.95e-06 6.95e-06 6.5e-06 1.155e-05 5e-06 3.6e-06 4.75e-06 5.25e-06 4.1e-06 1.175e-05 9.1e-06 9e-06 9.7e-06 8.05e-06 9.35e-06 1.245e-05 1.435e-05 8.25e-06 6.7e-06 1.235e-05 5.8e-06 7.05e-06 3.35e-06 9.2e-06 1.2e-05 9.05e-06 8.95e-06 3.5e-06 6.8e-06 1.02e-05 9.1e-06 3.5e-06 7.3e-06 9.65e-06 6.95e-06 6.7e-06 7.05e-06 3.45e-06 9.2e-06 3.65e-06 3.9e-06 5.4e-06 8.9e-06 6.9e-06 3.85e-06 8.05e-06 3.8e-06 6.4e-06 1.5e-05 9.05e-06 9e-06 9.55e-06 1.195e-05 9.75e-06 3.65e-06 6.85e-06 3.7e-06 9.4e-06 3.8e-06 3.85e-06 8.9e-06 9.25e-06 1.45e-05 9.5e-06 3.25e-06 6.95e-06 6.9e-06 6.6e-06 1.255e-05 9.1e-06 9.7e-06 9.65e-06 3.7e-06 1.265e-05 8.8e-06 7.05e-06 1.295e-05 5.25e-06 3.65e-06 9.15e-06 6.75e-06 3.7e-06 3.8e-06 3.85e-06 3.55e-06 9.2e-06 1.285e-05 1.275e-05 1.5e-05 4e-06 3.6e-06 9.2e-06 6.95e-06 1.475e-05 6.95e-06 1.47e-05 7.15e-06 3.95e-06
23 1.505e-05 8e-06 1.245e-05 1.005e-05 1.025e-05 1.335e-05 8.35e-06 7.2e-06 7.4e-06 8.85e-06 7.1e-06 1.255e-05 1.1e-05 1.095e-05 1.16e-05 1.11e-05 1.115e-05 1.44e-05 1.5e-05 1.03e-05 9.45e-06 1.395e-05 7.05e-06 1.15e-05 7.05e-06 1.11e-05 1.375e-05 1.1e-05 1.18e-05 7.8e-06 6.95e-06 8.95e-06 1.115e-05 7.75e-06 1.075e-05 1.14e-05 9.7e-06 1.08e-05 9.5e-06 6.65e-06 1.125e-05 6.9e-06 6.95e-06 9e-06 1.075e-05 6.55e-06 7.4e-06 1.11e-05 7.2e-06 9.45e-06 1.54e-05 1.185e-05 1.095e-05 1.135e-05 1.36e-05 1.14e-05 6.7e-06 9.55e-06 7.05e-06 1.155e-05 7.65e-06 6.9e-06 1.075e-05 1.13e-05 1.485e-05 1.145e-05 7.1e-06 9.45e-06 6.65e-06 7e-06 1.41e-05 1.08e-05 9.15e-06 9.1e-06 6.9e-06 1.055e-05 1.065e-05 6.7e-06 1.485e-05 7.7e-06 7.25e-06 1.11e-05 6.8e-06 7.1e-06 7e-06 6.7e-06 6.8e-06 1.085e-05 1.4e-05 1.455e-05 1.65e-05 7.15e-06 6.85e-06 1.145e-05 9.8e-06 1.525e-05 1.005e-05 1.495e-05 6.5e-06 7.1e-06
24 1.455e-05 5.8e-06 1.01e-05 7.2e-06 6.6e-06 1.16e-05 5.1e-06 3.25e-06 4.8e-06 5.75e-06 4e-06 1.2e-05 9.05e-06 8.8e-06 9.95e-06 8.25e-06 9.1e-06 1.275e-05 1.45e-05 8.45e-06 6.3e-06 1.255e-05 3.35e-06 7.05e-06 5.3e-06 9.15e-06 1.22e-05 9e-06 9.05e-06 3.95e-06 6.85e-06 1.04e-05 9.1e-06 4.2e-06 7.7e-06 9.6e-06 7.05e-06 7.45e-06 7.15e-06 3.3e-06 9e-06 3.4e-06 3.65e-06 5.9e-06 8.85e-06 6.8e-06 3.65e-06 8.25e-06 3.75e-06 6.4e-06 1.515e-05 9.35e-06 9.25e-06 9.5e-06 1.215e-05 9.8e-06 3.6e-06 6.8e-06 3.4e-06 9.4e-06 3.95e-06 3.4e-06 8.85e-06 9.5e-06 1.465e-05 9.85e-06 3.65e-06 6.9e-06 6.9e-06 7.25e-06 1.27e-05 9.05e-06 9.35e-06 9.65e-06 3.45e-06 1.285e-05 8.75e-06 7.7e-06 1.325e-05 5.45e-06 3.2e-06 9.1e-06 7.4e-06 3.65e-06 3.55e-06 3.9e-06 3.3e-06 9.25e-06 1.3e-05 1.305e-05 1.525e-05 3.75e-06 2.65e-06 9.05e-06 7e-06 1.49e-05 7.2e-06 1.485e-05 7.45e-06 4.15e-06
25 7.2e-06 8.85e-06 8.7e-06 8.3e-06 1.105e-05 7.55e-06 1.025e-05 9.25e-06 8.55e-06 1.155e-05 7.5e-06 1.15e-05 6.95e-06 7.65e-06 8.65e-06 1.055e-05 8.45e-06 1e-05 7.55e-06 1.08e-05 8.95e-06 7.85e-06 9.2e-06 1.11e-05 9.15e-06 1.37e-05 7.35e-06 7.65e-06 7.9e-06 9.75e-06 1.16e-05 1.185e-05 8.75e-06 1.065e-05 1.11e-05 7.9e-06 1.05e-05 1.185e-05 9.15e-06 7.95e-06 9.5e-06 8.05e-06 8.15e-06 1.17e-05 8.35e-06 1.21e-05 8.55e-06 1.055e-05 9.05e-06 7.6e-06 9e-06 1.205e-05 8.5e-06 8.45e-06 8.15e-06 8.4e-06 7.8e-06 8.25e-06 8.55e-06 9.5e-06 1.045e-05 8.1e-06 8.45e-06 7.75e-06 8.35e-06 9.75e-06 8.35e-06 8.1e-06 9.85e-06 1.095e-05 8e-06 8.3e-06 1.15e-05 1.14e-05 7.4e-06 1.07e-05 8.35e-06 1.185e-05 1.085e-05 1.025e-05 9.3e-06 7.7e-06 1.24e-05 8.95e-06 7.55e-06 8.35e-06 8.05e-06 8.4e-06 8.95e-06 1.095e-05 1.42e-05 6.95e-06 8.25e-06 9.45e-06 7.65e-06 8e-06 8.3e-06 8.4e-06 1.105e-05 8.4e-06
26 3.25e-06 1.15e-05 5.5e-06 7.15e-06 1.185e-05 4.75e-06 1.295e-05 1.225e-05 1.065e-05 1.4e-05 1.08e-05 1.11e-05 7.25e-06 7.35e-06 7.75e-06 1.14e-05 8.25e-06 7.55e-06 3.9e-06 1.15e-05 9.55e-06 3.55e-06 1.2e-05 1.375e-05 1.22e-05 7.35e-06 5.7e-06 7.45e-06 5.05e-06 1.24e-05 1.41e-05 1.2e-05 8.45e-06 1.32e-05 1.155e-05 8.25e-06 1.135e-05 1.24e-05 9.25e-06 1.1e-05 9.25e-06 1.125e-05 1.08e-05 1.415e-05 8.2e-06 1.47e-05 1.22e-05 1.14e-05 1.16e-05 6.9e-06 5.5e-06 1.25e-05 7.65e-06 8.25e-06 4.1e-06 7.7e-06 1.04e-05 9.4e-06 1.12e-05 9.1e-06 1.325e-05 1.085e-05 8.35e-06 6.85e-06 4.85e-06 9.3e-06 1.11e-05 7.4e-06 1.31e-05 1.325e-05 3.8e-06 8.1e-06 1.21e-05 1.2e-05 1.11e-05 1.005e-05 8.15e-06 1.41e-05 8.25e-06 1.265e-05 1.23e-05 7.45e-06 1.475e-05 1.15e-05 1.13e-05 1.075e-05 1.12e-05 8.1e-06 5.15e-06 8.6e-06 1.14e-05 1.125e-05 1.145e-05 9.1e-06 6.55e-06 4.05e-06 7.15e-06 4.8e-06 1.31e-05 1.06e-05
27 7.15e-06 8.3e-06 8.8e-06 8.4e-06 1.135e-05 7.35e-06 1.01e-05 9.1e-06 8.15e-06 1.175e-05 8.15e-06 1.18e-05 7.6e-06 7.4e-06 8.75e-06 1.11e-05 8.25e-06 1.005e-05 7.6e-06 1.105e-05 8.75e-06 7.95e-06 9.05e-06 1.1e-05 9e-06 7.65e-06 7.45e-06 1.39e-05 8e-06 9.95e-06 1.175e-05 1.2e-05 8.95e-06 1.085e-05 1.125e-05 8.55e-06 1.035e-05 1.2e-05 9.3e-06 7.25e-06 9.55e-06 7.7e-06 7.95e-06 1.19e-05 8.35e-06 1.23e-05 9.35e-06 1.11e-05 9.2e-06 7.4e-06 9.2e-06 1.22e-05 8.65e-06 8.4e-06 8.3e-06 8.5e-06 7.45e-06 8.9e-06 8.35e-06 9.65e-06 1.065e-05 7.9e-06 8.35e-06 7.7e-06 8.45e-06 9.9e-06 8.1e-06 7.95e-06 1.05e-05 1.1e-05 8.1e-06 8.1e-06 1.135e-05 1.09e-05 7.75e-06 1.08e-05 8.2e-06 1.195e-05 1.1e-05 1.04e-05 9.15e-06 7.35e-06 1.26e-05 9.1e-06 7.55e-06 8.2e-06 7.2e-06 8.05e-06 9.1e-06 1.115e-05 1.43e-05 8.15e-06 7.75e-06 9.6e-06 7.75e-06 8.1e-06 8.4e-06 8.5e-06 1.12e-05 8.5e-06
28 7.65e-06 9.7e-06 3.95e-06 5.15e-06 9.2e-06 5.85e-06 1.03e-05 9.1e-06 8e-06 1.155e-05 7.2e-06 1.15e-05 7.8e-06 7.9e-06 8.25e-06 9.2e-06 8.55e-06 8.65e-06 7.45e-06 8.1e-06 6.9e-06 5.5e-06 8.95e-06 1.18e-05 9.05e-06 7.9e-06 5.05e-06 8e-06 4.8e-06 9.45e-06 1.215e-05 1.055e-05 8.65e-06 1.035e-05 9e-06 8.55e-06 8.75e-06 9.9e-06 6.45e-06 7.85e-06 9.35e-06 8.1e-06 7.2e-06 1.17e-05 8.3e-06 1.275e-05 9.05e-06 9.2e-06 8e-06 5.2e-06 9.15e-06 1.125e-05 7.95e-06 8.55e-06 5.65e-06 8.2e-06 7.45e-06 6.75e-06 8.1e-06 9.4e-06 1.03e-05 7.6e-06 8.55e-06 7.6e-06 8.15e-06 9.6e-06 8.05e-06 5.35e-06 1.105e-05 1.14e-05 5.4e-06 8.2e-06 1.045e-05 1.035e-05 7.95e-06 1.18e-05 8.25e-06 1.225e-05 9.3e-06 9.7e-06 9.15e-06 8e-06 1.29e-05 8.25e-06 8.15e-06 7.8e-06 8.05e-06 8.2e-06 6.5e-06 9.45e-06 1.07e-05 8.1e-06 8.3e-06 9.4e-06 4.7e-06 8.2e-06 5.15e-06 8.35e-06 1.135e-05 7.4e-06
29 1.46e-05 7e-06 1.045e-05 7.4e-06 5.55e-06 1.215e-05 5.55e-06 3.85e-06 5.85e-06 4.55e-06 4.95e-06 1.175e-05 9.7e-06 9.8e-06 1.01e-05 8.1e-06 1.055e-05 1.22e-05 1.465e-05 8.4e-06 7.95e-06 1.27e-05 3.5e-06 7.8e-06 3.95e-06 9.75e-06 1.24e-05 9.95e-06 9.45e-06 4.2e-06 6.05e-06 1.045e-05 8.25e-06 2.75e-06 7.2e-06 1.045e-05 7.5e-06 6.05e-06 7.5e-06 5.15e-06 9.3e-06 5.3e-06 5e-06 4.7e-06 9.8e-06 6.5e-06 3.8e-06 8.1e-06 3.5e-06 7.55e-06 1.545e-05 8.65e-06 9.3e-06 1.055e-05 1.23e-05 1.035e-05 4.8e-06 7.7e-06 4.9e-06 9.05e-06 2.95e-06 5.1e-06 1.005e-05 9.4e-06 1.51e-05 9.4e-06 4.35e-06 7.95e-06 7.4e-06 6.75e-06 1.29e-05 1.025e-05 1.065e-05 1.055e-05 5.15e-06 1.26e-05 9.85e-06 7.1e-06 1.275e-05 5.2e-06 4e-06 1.005e-05 6.3e-06 3.4e-06 5.25e-06 4.8e-06 5.35e-06 1.025e-05 1.34e-05 1.27e-05 1.52e-05 5.1e-06 5.5e-06 9.1e-06 7.5e-06 1.52e-05 7.4e-06 1.52e-05 7.25e-06 4.5e-06
30 1.535e-05 8.95e-06 1.28e-05 1.035e-05 8.25e-06 1.38e-05 8.1e-06 6.65e-06 8.2e-06 7.1e-06 7.7e-06 1.23e-05 1.15e-05 1.16e-05 1.195e-05 1.045e-05 1.205e-05 1.375e-05 1.53e-05 1.01e-05 1.03e-05 1.435e-05 6.8e-06 6.95e-06 6.85e-06 1.16e-05 1.41e-05 1.175e-05 1.215e-05 6.05e-06 1e-05 9.3e-06 1.045e-05 5.95e-06 1e-05 1.2e-05 9.9e-06 9.1e-06 9.85e-06 7.85e-06 1.09e-05 8e-06 7.7e-06 7.25e-06 1.135e-05 5.9e-06 6.65e-06 1.045e-05 6.3e-06 1.03e-05 1.56e-05 1.04e-05 1.12e-05 1.205e-05 1.39e-05 1.195e-05 7.6e-06 1.01e-05 7.85e-06 1.065e-05 5.75e-06 7.8e-06 1.14e-05 1.155e-05 1.54e-05 1.09e-05 7.65e-06 1.06e-05 6.55e-06 6.3e-06 1.45e-05 1.175e-05 9.85e-06 9.75e-06 7.9e-06 1.09e-05 1.14e-05 6.55e-06 1.42e-05 7.1e-06 6.8e-06 1.185e-05 6.1e-06 6.2e-06 8e-06 7.8e-06 8.05e-06 1.175e-05 1.47e-05 1.395e-05 1.635e-05 7.9e-06 8.2e-06 1.08e-05 1.03e-05 1.565e-05 1.035e-05 1.55e-05 6.8e-06 7.45e-06
31 1.335e-05 1.135e-05 9.35e-06 1.04e-05 1.02e-05 1.195e-05 1.15e-05 1.05e-05 8.9e-06 1.155e-05 9.95e-06 1.31e-05 1.175e-05 1.19e-05 1.215e-05 1.095e-05 1.235e-05 1.28e-05 1.335e-05 1.11e-05 9.15e-06 1.24e-05 1.02e-05 8.95e-06 1.04e-05 1.185e-05 1.2e-05 1.2e-05 1.055e-05 1.045e-05 9.3e-06 1.52e-05 1.19e-05 1.04e-05 1.12e-05 1.23e-05 1.115e-05 1.13e-05 9.25e-06 1.02e-05 1.235e-05 1.04e-05 1e-05 1.17e-05 1.18e-05 9e-06 1.04e-05 1.095e-05 9.9e-06 1.045e-05 1.4e-05 1.24e-05 1.155e-05 1.235e-05 1.21e-05 1.195e-05 9.65e-06 8.95e-06 1.015e-05 1.23e-05 1.05e-05 1.005e-05 1.19e-05 1.17e-05 1.36e-05 1.225e-05 1.015e-05 1.08e-05 9.15e-06 9.15e-06 1.255e-05 1.205e-05 9.6e-06 9.5e-06 1.03e-05 1.07e-05 1.185e-05 8.9e-06 1.34e-05 1.015e-05 1.055e-05 1.21e-05 9.05e-06 9.8e-06 1.04e-05 1.015e-05 1.045e-05 1.2e-05 1.245e-05 1.31e-05 1.55e-05 1.03e-05 1.06e-05 1.225e-05 1.015e-05 1.37e-05 1.04e-05 1.37e-05 8.65e-06 9.6e-06
32 8.5e-06 9.5e-06 9.5e-06 8.85e-06 9.45e-06 8.65e-06 1.02e-05 8.85e-06 9.5e-06 1.01e-05 9e-06 1.06e-05 8.7e-06 8.8e-06 9.35e-06 1.065e-05 9.45e-06 1.005e-05 8.4e-06 1.09e-05 1e-05 8.65e-06 9.1e-06 1.115e-05 9.1e-06 8.75e-06 8.45e-06 8.95e-06 8.65e-06 8.25e-06 1.045e-05 1.19e-05 1.46e-05 9.15e-06 1.05e-05 9.35e-06 1.03e-05 1.05e-05 9.05e-06 9.2e-06 8.75e-06 9.4e-06 9.05e-06 1.025e-05 8.3e-06 1.105e-05 8.8e-06 1.065e-05 8.45e-06 8.7e-06 9.35e-06 1.09e-05 8.15e-06 9.45e-06 7.9e-06 9.3e-06 8.95e-06 9.75e-06 9.35e-06 8.85e-06 8.85e-06 9.15e-06 9.15e-06 8.75e-06 8.25e-06 8.9e-06 9.25e-06 8.9e-06 1.09e-05 1.11e-05 8.8e-06 8.8e-06 1.19e-05 1.18e-05 9.2e-06 1.1e-05 8.3e-06 1.16e-05 1.05e-05 9.9e-06 9e-06 9e-06 1.13e-05 8.35e-06 9.35e-06 9.1e-06 9.4e-06 8.85e-06 9.35e-06 1.045e-05 1.43e-05 9.2e-06 9.6e-06 9.05e-06 8.65e-06 9e-06 8.85e-06 8.55e-06 1.11e-05 8.9e-06
33 1.535e-05 7.6e-06 1.135e-05 8.15e-06 4.95e-06 1.305e-05 5.15e-06 4.35e-06 6.7e-06 2.5e-06 5.8e-06 1.11e-05 1.055e-05 1.075e-05 1.08e-05 7.7e-06 1.115e-05 1.18e-05 1.53e-05 8.35e-06 8.8e-06 1.345e-05 3.5e-06 7.75e-06 4.2e-06 1.065e-05 1.32e-05 1.085e-05 1.035e-05 2.75e-06 5.95e-06 1.04e-05 9.15e-06 2e-06 6.6e-06 1.105e-05 7.05e-06 4.75e-06 7.9e-06 6.05e-06 9.2e-06 6.2e-06 5.9e-06 2.65e-06 1.005e-05 5.85e-06 4.2e-06 7.7e-06 3.85e-06 8.5e-06 1.535e-05 7.25e-06 9.65e-06 1.115e-05 1.26e-05 1.095e-05 5.7e-06 8.55e-06 5.6e-06 9.15e-06 1.65e-06 5.95e-06 1.025e-05 1.04e-05 1.54e-05 8.35e-06 5.1e-06 8.85e-06 7.7e-06 6.9e-06 1.365e-05 1.085e-05 1.06e-05 1.05e-05 6.05e-06 1.26e-05 1.01e-05 6.75e-06 1.215e-05 4.8e-06 4.4e-06 1.095e-05 5.4e-06 3.75e-06 6.15e-06 5.75e-06 6.25e-06 1.085e-05 1.355e-05 1.175e-05 1.51e-05 6e-06 6.4e-06 9.05e-06 8.45e-06 1.565e-05 8.15e-06 1.55e-05 7.35e-06 5.15e-06
34 1.375e-05 8.95e-06 9.55e-06 8.15e-06 7.65e-06 1.175e-05 7.55e-06 7.9e-06 8.85e-06 6.7e-06 8.15e-06 1.25e-05 1.1e-05 1.115e-05 1.115e-05 8.05e-06 1.16e-05 1e-05 1.37e-05 9.7e-06 9e-06 1.19e-05 7.3e-06 1.075e-05 7.7e-06 1.11e-05 1.155e-05 1.125e-05 9e-06 7.2e-06 1e-05 1.12e-05 1.05e-05 6.6e-06 1.23e-05 1.155e-05 7.25e-06 6.35e-06 8.7e-06 8.4e-06 1.085e-05 8.55e-06 8.2e-06 6.85e-06 1.075e-05 9.95e-06 7.8e-06 8.05e-06 7.35e-06 8.85e-06 1.425e-05 7.2e-06 1.025e-05 1.16e-05 1.13e-05 1.14e-05 8.05e-06 8.8e-06 7.6e-06 1.08e-05 7e-06 8.25e-06 1.105e-05 1.07e-05 1.395e-05 1.055e-05 7.9e-06 9.25e-06 1.06e-05 1.02e-05 1.21e-05 1.13e-05 1.175e-05 1.165e-05 8.45e-06 1.36e-05 1.08e-05 1.035e-05 1.03e-05 8.05e-06 7.95e-06 1.135e-05 9.8e-06 7.25e-06 8.55e-06 8.05e-06 8.6e-06 1.13e-05 1.22e-05 1.02e-05 1.43e-05 8.45e-06 8.75e-06 1.065e-05 8.8e-06 1.41e-05 8.15e-06 1.405e-05 1.02e-05 7.1e-06
35 8.35e-06 9.2e-06 9.35e-06 8.95e-06 1.145e-05 8.45e-06 1.07e-05 9.7e-06 9.05e-06 1.195e-05 7.95e-06 1.18e-05 7.75e-06 8.55e-06 8.3e-06 1.1e-05 7.95e-06 1.085e-05 8.45e-06 1.125e-05 9.45e-06 8.05e-06 9.65e-06 1.14e-05 9.6e-06 7.9e-06 8.25e-06 8.55e-06 8.55e-06 1.045e-05 1.2e-05 1.23e-05 9.35e-06 1.105e-05 1.155e-05 1.47e-05 1.08e-05 1.225e-05 9.5e-06 8.45e-06 9.8e-06 8.55e-06 8.65e-06 1.21e-05 8.7e-06 1.25e-05 9.1e-06 1.1e-05 9.5e-06 8.25e-06 8.4e-06 1.245e-05 9e-06 7.95e-06 8.65e-06 8.15e-06 8.45e-06 8.75e-06 9.05e-06 8.95e-06 1.085e-05 8.6e-06 8.85e-06 8.8e-06 8.55e-06 1.005e-05 8.85e-06 8.6e-06 1.025e-05 1.14e-05 8.2e-06 8.65e-06 1.195e-05 1.185e-05 7.85e-06 1.155e-05 8.7e-06 1.23e-05 1.085e-05 1.07e-05 9.75e-06 8.6e-06 1.28e-05 9.4e-06 8.05e-06 8.85e-06 8.55e-06 8.75e-06 8.45e-06 1.08e-05 1.48e-05 7.4e-06 8.75e-06 8.9e-06 8.45e-06 7.75e-06 8.95e-06 7.75e-06 1.165e-05 8.9e-06
36 1.34e-05 7.8e-06 9.35e-06 8.75e-06 7.7e-06 1.115e-05 6.95e-06 7.15e-06 8.1e-06 6.85e-06 7.55e-06 1.23e-05 1.04e-05 1.03e-05 1.105e-05 7.9e-06 1.05e-05 9.8e-06 1.335e-05 9.4e-06 8.1e-06 1.155e-05 6.95e-06 9.7e-06 7.05e-06 1.05e-05 1.135e-05 1.035e-05 8.75e-06 7.5e-06 9.9e-06 1.115e-05 1.03e-05 7.05e-06 7.25e-06 1.08e-05 1.22e-05 6.75e-06 8.5e-06 7.05e-06 1.015e-05 7.25e-06 7.35e-06 7e-06 1.01e-05 1.015e-05 7.4e-06 7.9e-06 7.2e-06 8.05e-06 1.38e-05 7.3e-06 1.04e-05 1.07e-05 1.12e-05 1.08e-05 7.15e-06 8.25e-06 7.5e-06 1.05e-05 7e-06 7.3e-06 1.015e-05 1.075e-05 1.32e-05 1.02e-05 7.35e-06 8.05e-06 1.005e-05 1.025e-05 1.17e-05 1.015e-05 1.095e-05 1.09e-05 7.3e-06 1.35e-05 1e-05 1.06e-05 1.025e-05 8e-06 7.2e-06 1.045e-05 1.03e-05 7.1e-06 7.4e-06 7.15e-06 7.15e-06 1.025e-05 1.2e-05 1e-05 1.435e-05 7.6e-06 7.2e-06 1.045e-05 8.45e-06 1.36e-05 8.75e-06 1.33e-05 1.05e-05 7.6e-06
37 1.445e-05 9.65e-06 1.045e-05 9.35e-06 6.15e-06 1.25e-05 7.15e-06 7.65e-06 9.7e-06 4.95e-06 9e-06 1.215e-05 1.175e-05 1.19e-05 1.19e-05 7.65e-06 1.23e-05 9.45e-06 1.44e-05 9.65e-06 9.85e-06 1.265e-05 6.7e-06 1.08e-05 7.45e-06 1.185e-05 1.24e-05 1.2e-05 9.9e-06 6.05e-06 9.1e-06 1.13e-05 1.05e-05 4.75e-06 6.35e-06 1.225e-05 6.75e-06 8.8e-06 9.3e-06 9.25e-06 1.045e-05 9.4e-06 9.05e-06 5.1e-06 1.13e-05 8.95e-06 7.55e-06 7.65e-06 7.1e-06 9.75e-06 1.45e-05 5.85e-06 1.085e-05 1.23e-05 1.19e-05 1.21e-05 8.9e-06 9.65e-06 8.75e-06 1.04e-05 5.4e-06 9.1e-06 1.145e-05 1.15e-05 1.45e-05 9.95e-06 8.2e-06 1.01e-05 1.08e-05 9.85e-06 1.285e-05 1.2e-05 1.185e-05 1.175e-05 9.3e-06 1.36e-05 1.135e-05 9.7e-06 9.9e-06 7.7e-06 7.7e-06 1.21e-05 8.45e-06 7e-06 9.4e-06 8.9e-06 9.45e-06 1.2e-05 1.275e-05 9.45e-06 1.455e-05 9.3e-06 9.6e-06 1.025e-05 9.7e-06 1.475e-05 9.35e-06 1.46e-05 1.035e-05 8.25e-06
38 1.165e-05 8.2e-06 6.5e-06 6.75e-06 7.9e-06 9.15e-06 8.6e-06 7.2e-06 5.7e-06 9.3e-06 6.1e-06 1.14e-05 9.05e-06 9.2e-06 9.45e-06 8.6e-06 9.55e-06 1.125e-05 1.155e-05 8.45e-06 6.35e-06 9.5e-06 7.05e-06 9.5e-06 7.15e-06 9.15e-06 9.25e-06 9.3e-06 6.45e-06 7.5e-06 9.85e-06 9.25e-06 9.05e-06 7.9e-06 8.7e-06 9.5e-06 8.5e-06 9.3e-06 9.3e-06 6.45e-06 9.7e-06 6.75e-06 6.15e-06 9.45e-06 8.75e-06 1.01e-05 7.1e-06 8.6e-06 6.4e-06 6.7e-06 1.225e-05 1.085e-05 8.6e-06 9.55e-06 8.95e-06 9.25e-06 6.1e-06 6.15e-06 6.6e-06 9.85e-06 7.85e-06 5.8e-06 9.3e-06 9.1e-06 1.14e-05 9.95e-06 6.7e-06 6.9e-06 9.35e-06 9.65e-06 9.65e-06 9.1e-06 9.8e-06 9.7e-06 6.55e-06 1.235e-05 8.7e-06 1.01e-05 1.165e-05 7.15e-06 7.25e-06 9.3e-06 1.025e-05 5.9e-06 6.75e-06 6.45e-06 6.7e-06 9.05e-06 1e-05 1.145e-05 1.36e-05 6.65e-06 6.95e-06 9.85e-06 6.5e-06 1.19e-05 6.75e-06 1.16e-05 9.45e-06 5.45e-06
39 1.34e-05 4.15e-06 8.95e-06 6.45e-06 8.3e-06 1.01e-05 4.85e-06 3.35e-06 2.75e-06 7.4e-06 2.7e-06 1.215e-05 7.85e-06 7.45e-06 9.1e-06 8.4e-06 7.85e-06 1.295e-05 1.335e-05 8.05e-06 5.15e-06 1.145e-05 3.45e-06 6.65e-06 3.3e-06 7.95e-06 1.1e-05 7.25e-06 7.85e-06 5.15e-06 7.85e-06 1.02e-05 9.2e-06 6.05e-06 8.4e-06 8.45e-06 7.05e-06 9.25e-06 6.45e-06 1.3e-06 9.4e-06 1.45e-06 2.2e-06 7.55e-06 7.95e-06 8.4e-06 3.9e-06 8.4e-06 4e-06 4.85e-06 1.46e-05 1.075e-05 8.85e-06 8.15e-06 1.15e-05 8.8e-06 1.8e-06 5.6e-06 2.65e-06 9.8e-06 5.7e-06 2.15e-06 7.85e-06 8.6e-06 1.355e-05 1.015e-05 2.1e-06 5.55e-06 6.35e-06 7.05e-06 1.16e-05 7.45e-06 9e-06 8.7e-06 1.55e-06 1.265e-05 7.45e-06 8.05e-06 1.36e-05 5.55e-06 3.4e-06 7.3e-06 8.8e-06 3.9e-06 1.7e-06 2.8e-06 8.5e-07 7.45e-06 1.23e-05 1.36e-05 1.495e-05 2.45e-06 1.45e-06 9.8e-06 5.9e-06 1.38e-05 6.45e-06 1.385e-05 7.45e-06 3.35e-06
40 9.45e-06 9.75e-06 1.02e-05 9.6e-06 9.65e-06 9.45e-06 1.025e-05 9.15e-06 9.95e-06 1.01e-05 9.5e-06 1.115e-05 9.4e-06 9.45e-06 1.005e-05 1.1e-05 9.7e-06 1.05e-05 9.25e-06 1.135e-05 1.025e-05 9.4e-06 9.2e-06 1.125e-05 9e-06 9.5e-06 9.25e-06 9.55e-06 9.35e-06 9.3e-06 1.09e-05 1.235e-05 8.75e-06 9.2e-06 1.085e-05 9.8e-06 1.015e-05 1.045e-05 9.7e-06 9.4e-06 1.6e-05 9.55e-06 9.45e-06 1.025e-05 8.85e-06 1.115e-05 9.1e-06 1.1e-05 8.85e-06 9.15e-06 9.75e-06 1.08e-05 9.05e-06 9.8e-06 8.7e-06 9.8e-06 9.35e-06 1.025e-05 9.65e-06 9.2e-06 8.85e-06 9.4e-06 9.35e-06 9.75e-06 8.35e-06 8.75e-06 9.65e-06 9.25e-06 1.125e-05 1.16e-05 9.55e-06 9.1e-06 1.195e-05 1.195e-05 9.45e-06 1.17e-05 8.8e-06 1.195e-05 1.085e-05 1.02e-05 8.95e-06 9.6e-06 1.15e-05 8.85e-06 9.6e-06 9.5e-06 9.5e-06 8.85e-06 9.85e-06 1.065e-05 1.48e-05 9.6e-06 9.5e-06 9.25e-06 9.3e-06 9.65e-06 9.6e-06 9.05e-06 1.17e-05 9.55e-06
41 1.365e-05 4.55e-06 9.15e-06 6.65e-06 8.45e-06 1.005e-05 5.05e-06 3.55e-06 3.45e-06 7.55e-06 2.85e-06 1.245e-05 7.95e-06 7.8e-06 9.3e-06 8.55e-06 8.1e-06 1.315e-05 1.36e-05 8.35e-06 5.35e-06 1.17e-05 3.65e-06 6.9e-06 3.4e-06 8.05e-06 1.125e-05 7.7e-06 8.1e-06 5.3e-06 8e-06 1.04e-05 9.4e-06 6.2e-06 8.55e-06 8.55e-06 7.25e-06 9.4e-06 6.75e-06 1.45e-06 9.55e-06 1.8e-06 2.6e-06 7.7e-06 7.65e-06 8.5e-06 3.95e-06 8.55e-06 4.25e-06 5.1e-06 1.485e-05 1.09e-05 9.05e-06 7.85e-06 1.175e-05 8.9e-06 2.2e-06 5.65e-06 2.85e-06 1e-05 5.8e-06 2.45e-06 8.1e-06 8.8e-06 1.38e-05 1.035e-05 2.45e-06 5.8e-06 6.4e-06 7.2e-06 1.185e-05 7.7e-06 9.25e-06 9.15e-06 1.8e-06 1.29e-05 7.85e-06 8.25e-06 1.38e-05 5.9e-06 3.6e-06 7.7e-06 9e-06 4.15e-06 2e-06 3e-06 1.45e-06 8e-06 1.255e-05 1.38e-05 1.515e-05 2.4e-06 1.7e-06 9.9e-06 6e-06 1.405e-05 6.65e-06 1.41e-05 7.65e-06 3.6e-06
42 1.32e-05 4.85e-06 8.75e-06 6.25e-06 8.25e-06 1.03e-05 5.45e-06 3.7e-06 3.4e-06 7.25e-06 2.4e-06 1.195e-05 8.05e-06 7.4e-06 8.9e-06 8.45e-06 8.1e-06 1.275e-05 1.295e-05 7.4e-06 5.35e-06 1.125e-05 3.9e-06 6.95e-06 3.65e-06 8.15e-06 1.08e-05 7.95e-06 7.2e-06 5e-06 7.7e-06 1e-05 9.05e-06 5.9e-06 8.2e-06 8.65e-06 7.35e-06 9.05e-06 6.15e-06 2.2e-06 9.45e-06 2.6e-06 3.3e-06 7.4e-06 8.3e-06 8.35e-06 4.15e-06 8.45e-06 3.35e-06 5.3e-06 1.44e-05 1.055e-05 8.65e-06 8.5e-06 1.13e-05 8.75e-06 2.5e-06 5.8e-06 2.85e-06 9.65e-06 5.7e-06 2.25e-06 8.3e-06 8.4e-06 1.345e-05 1e-05 2.95e-06 5.85e-06 6.45e-06 7e-06 1.14e-05 8.05e-06 9.2e-06 9.4e-06 2.65e-06 1.245e-05 8.15e-06 7.9e-06 1.34e-05 5.25e-06 3.55e-06 8e-06 8.6e-06 3.65e-06 2.8e-06 3.1e-06 2.45e-06 8e-06 1.21e-05 1.34e-05 1.475e-05 3.05e-06 2.05e-06 9.75e-06 5.85e-06 1.36e-05 6.25e-06 1.365e-05 7.25e-06 3.05e-06
