 slim_337482562 slim_337482454 slim_337482538 slim_337482564 slim_337482222 slim_337482426 slim_337482346 slim_337482575 slim_337482532 slim_337482537 slim_337482470 slim_337482567 slim_337482467 slim_337482574 slim_337482524 slim_337482554 slim_337482424 slim_337482573 slim_337482516 slim_337482508 slim_337482497 slim_337482563 slim_337482487 slim_337482557 slim_337482310 slim_337482556 slim_337482477 slim_337482502 slim_337482452 slim_337482582 slim_337482513 slim_337482525 slim_337482527 slim_337482429 slim_337482427 slim_337482441 slim_337482550 slim_337482482 slim_337482464 slim_337482512 slim_337482571 slim_337482444 slim_337482248 slim_337482536 slim_337482560 slim_337482518 slim_337482492 slim_337482455 slim_337482486 slim_337482440 slim_337482128 slim_337482569 slim_337482521 slim_337482298 slim_337482533 slim_337482541 slim_337482368 slim_337482539 slim_337482171 slim_337482445 slim_337482523 slim_337482545 slim_337482519 slim_337482343 slim_337482559 slim_337482364 slim_337482212 slim_337482206 slim_337482507 slim_337482504 slim_337482506 slim_337482375 slim_337482240 slim_337482285 slim_337482388 slim_337482385 slim_337482517 slim_337482566 slim_337482495 slim_337482580 slim_337482581 slim_337482529 slim_337482549 slim_337482578 slim_337482577 slim_337482367 slim_337482544 slim_337482491 slim_337482480 slim_337482355 slim_337482416 slim_337482484 slim_337482548 slim_337482522 slim_337482565 slim_337482553 slim_337482490 slim_337482395 slim_337482526 slim_337482511
0 0.0007761 0.00045325 0.00051745 0.00038885 0.0004681 0.00071145 0.00057015 0.00048065 0.00049805 0.0006638 0.00046025 0.0005506 0.00045385 0.00055045 0.00058695 0.0006275 0.00044035 0.0005621 0.00057095 0.0006144 0.0003884 0.00041665 0.0005162 0.0005379 0.00070465 0.00044325 0.00048905 0.00051745 0.0004795 0.0006014 0.00055925 0.00055075 0.00046175 0.00064635 0.00055035 0.0006029 0.0006506 0.0004701 0.0005811 0.000489 0.00049965 0.00055885 0.00060205 0.0005184 0.00060445 0.00049905 0.00051735 0.0006233 0.000389 0.0005161 0.00054045 0.00055995 0.0006204 0.00048705 0.0005597 0.0004404 0.0005134 0.00055415 0.0006505 0.0003886 0.0005633 0.00038895 0.00054045 0.00062485 0.0005497 0.00044045 0.00060225 0.0006066 0.0004698 0.00060155 0.0005497 0.00053395 0.00041635 0.00065685 0.00060145 0.00055035 0.0007124 0.00038845 0.000633 0.0004165 0.00044035 0.00051375 0.0004537 0.0004891 0.0005604 0.00060205 0.00047015 0.00046915 0.0005319 0.00048925 0.0004409 0.00065065 0.00052175 0.00044 0.00058045 0.000489 0.000462 0.0004535 0.00055645 0.00051745
1 0.00045325 0.0007281 0.0005292 0.0004899 0.0005643 0.00069435 0.00048165 0.0004716 0.0004712 0.0005268 0.0003823 0.00054155 0.0004422 0.0005969 0.000508 0.0006513 0.0005113 0.00051785 0.0005786 0.0005173 0.0004199 0.000399 0.0005767 0.0005247 0.00067295 0.000491 0.0004033 0.0005292 0.0004038 0.00060885 0.00052945 0.0005417 0.0005277 0.00060255 0.0005968 0.0005287 0.0005798 0.0004988 0.0004925 0.0004587 0.00057135 0.00047355 0.0006325 0.00054225 0.0005925 0.000464 0.0005291 0.00064875 0.00044245 0.0005651 0.0004942 0.00054805 0.00061795 0.000499 0.00055185 0.0005114 0.0005634 0.0005618 0.0005797 0.0004538 0.00058225 0.0004345 0.0004942 0.00057905 0.00056235 0.00045595 0.0006327 0.0005769 0.00044305 0.000609 0.00057315 0.0005466 0.0004542 0.0005893 0.0006089 0.0005888 0.0007183 0.00041995 0.0006035 0.00045435 0.0005113 0.00057075 0.00036465 0.00040335 0.000604 0.0006325 0.0004989 0.0005155 0.00057255 0.0005061 0.00053385 0.00057985 0.0005345 0.0005447 0.00051985 0.00045875 0.0005205 0.0004199 0.0005339 0.00048935
2 0.00051745 0.0005292 0.0008026 0.0005049 0.00051735 0.0006113 0.00053375 0.00048015 0.00052475 0.00065625 0.00054225 0.0005504 0.0005304 0.00055025 0.0006271 0.00059195 0.0004548 0.00053645 0.0005252 0.00058995 0.00050805 0.00052025 0.00051275 0.0004978 0.0006118 0.00043655 0.00054505 0.00040135 0.00053535 0.00051595 0.00061505 0.00055055 0.0005086 0.00062055 0.00055015 0.00064685 0.00058715 0.000497 0.00054455 0.00054505 0.0005833 0.00061505 0.00049705 0.00054035 0.0005116 0.0005461 0.0004014 0.00055065 0.00050955 0.0005047 0.0004916 0.00056895 0.00059205 0.000543 0.0006165 0.0004549 0.00045535 0.0005084 0.00058705 0.0005176 0.0004592 0.000505 0.0004917 0.00057585 0.0004714 0.00045485 0.000497 0.00054075 0.00049705 0.00051585 0.000569 0.00047915 0.00051995 0.0006057 0.00051575 0.0004936 0.00059265 0.0005081 0.0005582 0.0005201 0.00045485 0.0004465 0.0005292 0.0005451 0.000569 0.000497 0.000497 0.00046485 0.0004885 0.0005204 0.00045615 0.0005872 0.0004438 0.00046415 0.00057865 0.000545 0.00050085 0.00052905 0.000531 0.00057475
3 0.00038885 0.0004899 0.0005049 4.17e-05 0.00059065 0.0007747 0.00077315 0.00061345 0.0005884 0.0005448 0.00062665 0.0006019 0.00068905 0.0003709 0.0004977 0.0007675 0.00045565 0.0006982 0.0005641 0.00075075 0.00011085 0.0003635 0.00037775 0.0003596 0.0007393 0.0004126 0.0006633 0.0005049 0.0004283 0.00077265 0.0003862 0.00060205 0.00031445 0.0006343 0.0003708 0.0005744 0.00078225 0.00044875 0.0007337 0.00051925 0.00041355 0.00047605 0.00071875 0.00040235 0.0007329 0.0004474 0.0005048 0.0005774 0.00040015 0.0003891 0.0007801 0.00046995 0.0008182 0.00052585 0.00067545 0.00036885 0.0005755 0.0005292 0.00078215 0.00053 0.00081105 0.00025195 0.0007801 0.00071635 0.00070545 0.00059975 0.00071895 0.0006934 0.00045185 0.0007728 0.0004247 0.0004151 0.00013245 0.00078525 0.0007727 0.0006603 0.0007211 0.0001109 0.00050605 0.0001325 0.0004397 0.0006349 0.0005781 0.00066335 0.00038025 0.0007028 0.00036195 0.00041945 0.0007876 0.0003389 0.00065815 0.0007823 0.00069385 0.0006468 0.0008511 0.00043225 0.00046645 0.0004 0.00057175 0.0006329
4 0.0004681 0.0005643 0.00051735 0.00059065 0.0004296 0.00065335 0.0004529 0.0004941 0.0004845 0.00073345 0.0004954 0.000581 0.00032285 0.00062025 0.0006684 0.0005857 0.00039285 0.00040995 0.00044455 0.0005727 0.00064995 0.0006449 0.00049465 0.00059235 0.0005555 0.00044115 0.0005164 0.00051735 0.0006259 0.00047545 0.0005866 0.00058115 0.00047575 0.00052485 0.00062015 0.00069905 0.0005736 0.0004502 0.0004826 0.0005063 0.0005124 0.0006342 0.00046025 0.0005858 0.0004334 0.000561 0.00051725 0.000543 0.00045635 0.00048345 0.0003956 0.00067705 0.0005912 0.00063985 0.000393 0.00044235 0.00036525 0.00045235 0.0005735 0.00038125 0.00042215 0.00055135 0.0003956 0.00051065 0.00036395 0.000403 0.00046045 0.0004426 0.00054735 0.0004756 0.00063535 0.0005341 0.000684 0.0005831 0.0004755 0.00030015 0.00063845 0.00065 0.00069705 0.00068415 0.00040155 0.0002968 0.0005005 0.00051645 0.0006295 0.00046895 0.0004997 0.00051885 0.00041455 0.0006068 0.0002488 0.00057365 0.0003484 0.00026045 0.0005279 0.00055575 0.00039265 0.00051655 0.0006417 0.0005678
5 0.00071145 0.00069435 0.0006113 0.0007747 0.00065335 0.0005264 0.0005764 0.00045875 0.0005543 0.0005758 0.00064995 0.0004386 0.00068115 0.00051995 0.00062845 0.0005117 0.0007096 0.0006175 0.00059785 0.0004871 0.0007481 0.00065515 0.0005832 0.00067995 0.0003889 0.0007301 0.0006362 0.0006113 0.00064095 0.0004872 0.00066855 0.0004387 0.0006955 0.0005299 0.00051985 0.000556 0.00046095 0.00060135 0.0005947 0.00068355 0.00058205 0.00064 0.0004871 0.0006255 0.000506 0.0007128 0.0006112 0.0004729 0.0007066 0.00057785 0.0006847 0.0005196 0.0004874 0.0007039 0.00062705 0.0007438 0.00069685 0.00060695 0.00046085 0.0006586 0.00059355 0.00069325 0.0006847 0.00059725 0.00060305 0.0006623 0.0004873 0.0005034 0.00060705 0.00048735 0.0005199 0.00058805 0.0007364 0.0004851 0.00048725 0.0006452 0.00026355 0.00074815 0.00049455 0.00073655 0.00070555 0.00064385 0.0006625 0.00063625 0.0005482 0.00048305 0.00063555 0.00060695 0.00071445 0.00068935 0.00070235 0.000461 0.00059865 0.0007071 0.0006883 0.0007177 0.0007132 0.00072275 0.0006976 0.0004794
6 0.00057015 0.00048165 0.00053375 0.00077315 0.0004529 0.0005764 0.0003933 0.0004315 0.00040565 0.0004974 0.0003713 0.000558 0.00032625 0.0006962 0.00056905 0.00057765 0.00049785 0.00033645 0.000466 0.00044095 0.00074435 0.00060605 0.0006249 0.00058315 0.00052075 0.00057515 0.00034555 0.00053375 0.0004906 0.000465 0.0005956 0.00055815 0.0006059 0.000492 0.0006961 0.00052575 0.0004092 0.00039685 0.00025805 0.00039695 0.0006028 0.00056915 0.0005102 0.0006611 0.0003929 0.0004781 0.00053365 0.0006181 0.00056275 0.00061685 0.0002977 0.00065095 0.00051075 0.00060395 0.000414 0.0005848 0.00050685 0.0004673 0.00040915 0.0004584 0.00042325 0.0006349 0.0002977 0.0004534 0.00035805 0.0004465 0.0005104 0.00031655 0.00045745 0.00046515 0.0006509 0.00053785 0.0007441 0.0004307 0.00046505 0.00047995 0.0006219 0.0007444 0.0006082 0.00074425 0.00050655 0.00043765 0.0004227 0.0003456 0.00067745 0.0005189 0.00048385 0.000555 0.0004504 0.00066605 0.00040325 0.00040925 0.00030655 0.00041055 0.00034945 0.0004839 0.00054265 0.00050795 0.00052675 0.00053535
7 0.00048065 0.0004716 0.00048015 0.00061345 0.0004941 0.00045875 0.0004315 0.0004094 0.0003504 0.0006463 0.0003428 0.0003652 0.00045655 0.00056535 0.00054765 0.0005153 0.000452 0.00051015 0.0005859 0.00047645 0.0005462 0.000358 0.00053045 0.0006266 0.0005261 0.0005135 0.00034565 0.00048015 0.0004109 0.0004322 0.00059455 0.0003652 0.0005536 0.0006045 0.00056525 0.00050235 0.00050615 0.00040405 0.00049255 0.00045925 0.0004578 0.0005356 0.000499 0.00057595 0.00049055 0.0005471 0.00048005 0.0006005 0.00047245 0.00052235 0.0004795 0.0005258 0.00042975 0.0004894 0.0005208 0.0005388 0.00057405 0.0005872 0.00050605 0.00033935 0.00046435 0.00041315 0.0004795 0.000574 0.00048445 0.00033875 0.0004992 0.00049565 0.00043195 0.00043235 0.00049845 0.00052895 0.0005581 0.0005247 0.00043225 0.00050995 0.00052585 0.00054625 0.0005703 0.00055825 0.00043805 0.0005032 0.0003829 0.00034575 0.0005848 0.00048505 0.00049085 0.0004594 0.00048075 0.00059325 0.0004651 0.00050615 0.00041055 0.0004732 0.0004879 0.000546 0.00055745 0.0005304 0.00053335 0.00029685
8 0.00049805 0.0004712 0.00052475 0.0005884 0.0004845 0.0005543 0.00040565 0.0003504 0.0005845 0.00056915 0.00040215 0.00042165 0.00050525 0.00056555 0.00051475 0.0005661 0.0004893 0.00044755 0.00043355 0.00054455 0.0005163 0.00038885 0.00053355 0.00053475 0.0004972 0.0005137 0.00040545 0.00052475 0.0004233 0.0005327 0.0005621 0.0004218 0.0005127 0.0004801 0.00056545 0.00048085 0.00053485 0.00038185 0.0004245 0.00049485 0.0005349 0.0004983 0.0005294 0.0004952 0.00043815 0.00054785 0.00052465 0.00055265 0.0004868 0.00052215 0.00051315 0.00050215 0.0005567 0.00052055 0.0005326 0.00054395 0.0005312 0.00044265 0.00053475 0.00041795 0.00055395 0.00044445 0.00051315 0.00054585 0.00040035 0.0004001 0.0005296 0.00030205 0.00037275 0.00053285 0.00056875 0.00044645 0.0005326 0.00054735 0.00053275 0.00050905 0.0005513 0.00051635 0.00054565 0.00053275 0.00048205 0.0004423 0.00041205 0.0004055 0.000566 0.00052215 0.0004365 0.0005282 0.0005416 0.00051975 0.0005145 0.0005349 0.0003931 0.00052565 0.00054705 0.00054945 0.00052865 0.00053485 0.0005452 0.00041325
9 0.0006638 0.0005268 0.00065625 0.0005448 0.00073345 0.0005758 0.0004974 0.0006463 0.00056915 0.0003449 0.0006107 0.00056045 0.0006802 0.00049 0.0004105 0.00069255 0.0007428 0.00053595 0.0005227 0.000596 0.0005212 0.00059255 0.00057765 0.0004358 0.0004656 0.00069345 0.0005738 0.00065625 0.000425 0.00077595 0.00042485 0.0005606 0.00060415 0.00038705 0.0004899 0.0004019 0.0004568 0.0005834 0.0004654 0.00055615 0.00070895 0.00040945 0.00064355 0.00051905 0.00058925 0.0005004 0.00065615 0.00050475 0.00065945 0.0005727 0.00065685 0.0004468 0.00079725 0.00069705 0.0005631 0.00069015 0.00070505 0.0005137 0.0004567 0.00074965 0.0008368 0.0006152 0.00065685 0.00050825 0.00065245 0.0007605 0.00064375 0.00046945 0.0005154 0.0007761 0.0006223 0.0005216 0.00052195 0.0004843 0.000776 0.0007285 0.0004437 0.00052125 0.000402 0.00052225 0.00073275 0.0007229 0.0005808 0.00057385 0.00046225 0.0006335 0.00053075 0.00063095 0.00087355 0.0005369 0.00082845 0.00045685 0.00067425 0.0008327 0.0006868 0.00050345 0.00069895 0.00054205 0.00060435 0.00071915
10 0.00046025 0.0003823 0.00054225 0.00062665 0.0004954 0.00064995 0.0003713 0.0003428 0.00040215 0.0006107 0.000482 0.00049875 0.0003196 0.00068445 0.00056205 0.00059335 0.00043135 0.0004462 0.0006325 0.0004453 0.00056755 0.0004084 0.0006326 0.0006552 0.00067815 0.00050905 0.00027005 0.00054225 0.00041135 0.00048375 0.00058035 0.0004989 0.00057015 0.0006164 0.00068435 0.0005127 0.00052785 0.00044115 0.0004324 0.00036905 0.0004825 0.00053545 0.00059025 0.000638 0.00057505 0.000466 0.00054215 0.0007289 0.0004602 0.0006321 0.00036155 0.0006417 0.0004804 0.00049655 0.000473 0.00051825 0.00056285 0.0006338 0.0005278 0.0003194 0.00045515 0.00044085 0.00036155 0.0005319 0.00049385 0.0003326 0.00059045 0.00056285 0.0004832 0.0004839 0.00057785 0.000608 0.000594 0.0005341 0.0004838 0.00051985 0.00075675 0.0005676 0.00068905 0.00059415 0.00043135 0.0005088 0.00029415 0.00027015 0.00068665 0.00059025 0.00052805 0.0005173 0.0004416 0.0006385 0.00041095 0.0005279 0.00043385 0.0004109 0.00037925 0.00045595 0.00052 0.00042705 0.000534 0.00036765
11 0.0005506 0.00054155 0.0005504 0.0006019 0.000581 0.0004386 0.000558 0.0003652 0.00042165 0.00056045 0.00049875 0.0007299 0.00060825 0.00047935 0.000546 0.0005108 0.0005749 0.000577 0.00055915 0.00058055 0.00053465 0.0004324 0.0005356 0.0005939 0.00044995 0.00058375 0.00050155 0.0005504 0.00048525 0.0005683 0.0005929 0.00036515 0.00057355 0.00051555 0.00047925 0.00047295 0.00050165 0.0005017 0.00057625 0.00058185 0.00056475 0.00053395 0.0004948 0.0004969 0.00052945 0.00061705 0.0005503 0.00049325 0.00054265 0.0005275 0.00063125 0.0004398 0.00056555 0.00055935 0.0006009 0.00060905 0.00062315 0.00056825 0.00050155 0.00049525 0.0006161 0.00048755 0.00063125 0.00056995 0.0005516 0.0004948 0.000495 0.00048695 0.00047695 0.00056845 0.00055275 0.00052335 0.00054655 0.0005202 0.00056835 0.0005901 0.0003654 0.0005347 0.0004843 0.0005467 0.00056485 0.00057035 0.00050715 0.0005016 0.0004988 0.00048475 0.00053585 0.0005336 0.0006325 0.00056055 0.0006171 0.0005017 0.00054125 0.00062495 0.00063935 0.00061595 0.0006065 0.00060035 0.0006033 0.00043715
12 0.00045385 0.0004422 0.0005304 0.00068905 0.00032285 0.00068115 0.00032625 0.00045655 0.00050525 0.0006802 0.0003196 0.00060825 0.0002867 0.00072585 0.00070245 0.0005765 0.00038615 0.00036375 0.0005804 0.00042715 0.00071785 0.00063445 0.0006445 0.00067915 0.00069215 0.000482 0.0003406 0.0005304 0.00056645 0.00042835 0.0006453 0.0006084 0.0005655 0.0005965 0.00072575 0.00065755 0.0004892 0.00047615 0.00038735 0.00037145 0.000522 0.00066825 0.000504 0.00071105 0.0005179 0.00046355 0.0005303 0.0006832 0.00044225 0.0006331 0.0002363 0.00075515 0.00049115 0.00059295 0.0003697 0.00047305 0.00043055 0.0005817 0.0004891 0.0003133 0.00032525 0.0005714 0.0002363 0.0004692 0.0004012 0.00035535 0.0005042 0.0005504 0.00058605 0.0004285 0.0006501 0.0006528 0.0007519 0.0004987 0.0004284 0.00040795 0.0007571 0.0007179 0.0007623 0.00075205 0.0004021 0.00037875 0.0003544 0.00034065 0.00073225 0.00051995 0.00056305 0.00051435 0.00033045 0.0007093 0.0001975 0.00048925 0.00035715 0.000209 0.00031565 0.0004583 0.0004173 0.0004191 0.0005791 0.0005109
13 0.00055045 0.0005969 0.00055025 0.0003709 0.00062025 0.00051995 0.0006962 0.00056535 0.00056555 0.00049 0.00068445 0.00047935 0.00072585 0.0007243 0.00053825 0.00059425 0.00060255 0.00065035 0.00052145 0.0006914 0.0003935 0.0005162 0.0004506 0.00046515 0.00048375 0.00056545 0.0006951 0.00055025 0.0005381 0.0007076 0.0005014 0.00047945 0.0004788 0.00050345 0.00036215 0.0005257 0.00057805 0.0005332 0.0006642 0.00063085 0.00057075 0.0005326 0.00054985 0.00043575 0.0005859 0.0005842 0.00055015 0.000426 0.0005539 0.0004536 0.0007656 0.00041215 0.0007365 0.0006156 0.0006618 0.0005499 0.00061375 0.00051245 0.00057795 0.0006363 0.0007574 0.0004879 0.0007656 0.00061885 0.0006363 0.00066685 0.00055005 0.00054335 0.0005118 0.00070775 0.0005199 0.00045745 0.0003991 0.00059335 0.00070765 0.0006491 0.0003625 0.00039355 0.00041675 0.00039915 0.0005925 0.00062235 0.0006509 0.00069515 0.0003811 0.0005398 0.00048055 0.00050225 0.0007816 0.00046275 0.00071035 0.0005781 0.0006581 0.0007068 0.0008098 0.00057815 0.0005772 0.00056565 0.00063305 0.0006453
14 0.00058695 0.000508 0.0006271 0.0004977 0.0006684 0.00062845 0.00056905 0.00054765 0.00051475 0.0004105 0.00056205 0.000546 0.00070245 0.00053825 0.000715 0.0006957 0.00068235 0.0006116 0.0005799 0.00061465 0.0004372 0.0004286 0.0005093 0.00050975 0.00051105 0.0006338 0.00054535 0.0006271 0.00042855 0.00073525 0.00042055 0.00054615 0.00059585 0.00054715 0.00053815 0.0004577 0.00059235 0.0005524 0.0005485 0.00057505 0.00064405 0.0003742 0.00069975 0.00051725 0.0005638 0.0005286 0.000627 0.0006131 0.00058555 0.00050735 0.00069905 0.0004891 0.00071675 0.0005636 0.0005689 0.00064505 0.00072005 0.0005696 0.00059225 0.00064105 0.00079745 0.0005054 0.00069905 0.00063455 0.0006687 0.0006527 0.00069995 0.0005279 0.0004688 0.0007354 0.00057365 0.00052495 0.0004207 0.0006066 0.0007353 0.0006613 0.00059325 0.00043725 0.0005039 0.00042065 0.0006723 0.0007192 0.00053235 0.0005454 0.0005355 0.0006897 0.0005151 0.0005936 0.0007916 0.0004954 0.00079345 0.0005924 0.00066655 0.00079475 0.0006842 0.0005377 0.00067725 0.0005542 0.00058135 0.0005971
15 0.0006275 0.0006513 0.00059195 0.0007675 0.0005857 0.0005117 0.00057765 0.0005153 0.0005661 0.00069255 0.00059335 0.0005108 0.0005765 0.00059425 0.0006957 0.0007956 0.0006166 0.00059025 0.0005982 0.00061825 0.0007374 0.00064405 0.0006343 0.00069815 0.00052615 0.00064345 0.00061085 0.00059195 0.00067935 0.00056835 0.0007342 0.0005109 0.00067125 0.00059155 0.00059415 0.0006211 0.0005226 0.00061515 0.00059595 0.0006602 0.0006911 0.00070555 0.0004791 0.0006125 0.0005345 0.0006992 0.00059185 0.00053365 0.0006342 0.0006405 0.00057915 0.0005907 0.0004993 0.0005433 0.000631 0.0006509 0.0005904 0.0006073 0.0005225 0.00057265 0.0005235 0.00068395 0.00057915 0.0005806 0.00053465 0.0005673 0.0004793 0.0005418 0.00062085 0.0005685 0.0006834 0.0006267 0.0007274 0.0005102 0.0005684 0.00059545 0.00042275 0.00073745 0.00057465 0.00072755 0.0006225 0.00054695 0.00061745 0.0006109 0.0006194 0.000485 0.00064945 0.00060075 0.0004671 0.0006668 0.00054775 0.00052265 0.0005402 0.00054095 0.0005106 0.00069445 0.0006324 0.0006798 0.0005749 0.00060735
16 0.00044035 0.0005113 0.0004548 0.00045565 0.00039285 0.0007096 0.00049785 0.000452 0.0004893 0.0007428 0.00043135 0.0005749 0.00038615 0.00060255 0.00068235 0.0006166 0.0005466 0.0004781 0.0005519 0.00061185 0.0005061 0.00050635 0.00056145 0.000572 0.0007226 0.0003707 0.0004602 0.0004548 0.0005374 0.0004674 0.0005954 0.00057505 0.000395 0.00061495 0.00060245 0.0006269 0.0006434 0.0003702 0.00055895 0.00040105 0.00038515 0.00065445 0.00051585 0.00057345 0.00062 0.00049815 0.00045475 0.0006373 0.00044025 0.0005611 0.0004011 0.0006708 0.0005617 0.00054155 0.00052955 0.0003604 0.00039515 0.0005532 0.0006433 0.00035365 0.00041105 0.00042795 0.0004011 0.0005381 0.00043045 0.0003325 0.00051605 0.00058645 0.00051625 0.00046755 0.000554 0.00054115 0.00053395 0.00064965 0.00046745 0.0004031 0.00075835 0.00050615 0.00069905 0.000534 0.0002734 0.00035065 0.0004773 0.00046025 0.0006119 0.00051585 0.00045715 0.00046455 0.00038885 0.00056865 0.00029455 0.00064345 0.00037045 0.00029445 0.0005164 0.00048795 0.00039535 0.0004522 0.00056565 0.0005008
17 0.0005621 0.00051785 0.00053645 0.0006982 0.00040995 0.0006175 0.00033645 0.00051015 0.00044755 0.00053595 0.0004462 0.000577 0.00036375 0.00065035 0.0006116 0.00059025 0.0004781 0.0006542 0.00043365 0.00049965 0.0007021 0.0006465 0.000603 0.0005589 0.00055095 0.00052285 0.00043815 0.00053645 0.000551 0.00050005 0.0005876 0.00057715 0.000544 0.00042305 0.00065025 0.00057505 0.000466 0.00046615 0.00035535 0.00045685 0.00059225 0.00059385 0.0004874 0.0005999 0.00044055 0.0005127 0.0005363 0.0005531 0.0005545 0.0005949 0.00034845 0.0006473 0.0005842 0.000641 0.00044 0.0005329 0.00043575 0.00044275 0.000466 0.0004825 0.00045695 0.0006248 0.0003485 0.00044445 0.000358 0.0004594 0.00048745 0.00035535 0.0005272 0.00050005 0.0006629 0.0005271 0.0007197 0.00048455 0.00049995 0.0004259 0.00060515 0.00070215 0.0006292 0.00071985 0.0004868 0.00034865 0.0004593 0.00043815 0.0006411 0.00049605 0.0005209 0.0005688 0.00046655 0.0006225 0.0003852 0.0004661 0.0003666 0.0003928 0.0004453 0.00051165 0.00048065 0.00051145 0.00058975 0.0005886
18 0.00057095 0.0005786 0.0005252 0.0005641 0.00044455 0.00059785 0.000466 0.0005859 0.00043355 0.0005227 0.0006325 0.00055915 0.0005804 0.00052145 0.0005799 0.0005982 0.0005519 0.00043365 0.0004439 0.00064635 0.0005627 0.00061675 0.00050085 0.00036345 0.0004522 0.000515 0.0006358 0.0005252 0.0005722 0.00061455 0.00056835 0.0005593 0.00040895 0.00039115 0.00052135 0.0005916 0.0005521 0.00044925 0.00045095 0.000612 0.0006465 0.00056355 0.0004921 0.00045345 0.00041085 0.0005966 0.0005251 0.000349 0.00055995 0.00048945 0.0005687 0.00051635 0.00070795 0.00064305 0.0005656 0.00053815 0.0003654 0.0002476 0.000552 0.00061345 0.00060715 0.00060175 0.0005687 0.00052635 0.0003667 0.00057575 0.0004923 0.00022295 0.00043075 0.0006147 0.0006438 0.00037205 0.0005789 0.0005646 0.0006146 0.00046925 0.0004757 0.00056275 0.0005024 0.00057905 0.00056055 0.00037385 0.0006078 0.00063585 0.0005212 0.00050075 0.0004355 0.0005775 0.000612 0.0004065 0.00053545 0.00055215 0.0004148 0.00054635 0.000672 0.0005982 0.0004363 0.00058325 0.00060965 0.0006768
19 0.0006144 0.0005173 0.00058995 0.00075075 0.0005727 0.0004871 0.00044095 0.00047645 0.00054455 0.000596 0.0004453 0.00058055 0.00042715 0.0006914 0.00061465 0.00061825 0.00061185 0.00049965 0.00064635 0.0006762 0.0007215 0.00062135 0.00064855 0.00069845 0.00060195 0.00063715 0.00044975 0.00058995 0.0005591 0.0004417 0.0006293 0.0005807 0.0007034 0.00061185 0.0006913 0.0006213 0.0005052 0.0005932 0.0004525 0.00052665 0.00055685 0.00060395 0.0005905 0.0007247 0.0005186 0.00055995 0.00058985 0.0006819 0.00060625 0.00063965 0.00045965 0.0006819 0.0004541 0.0006437 0.00051405 0.00064595 0.0006366 0.00062955 0.0005051 0.0005289 0.00047165 0.00063985 0.00045965 0.000572 0.0005547 0.000535 0.0005907 0.0005638 0.000602 0.00044185 0.00054245 0.0006407 0.00073205 0.0005203 0.00044175 0.0005799 0.00063625 0.00072155 0.00066765 0.0007322 0.00061785 0.00058515 0.0004317 0.0004498 0.0007073 0.0005965 0.0006273 0.0005887 0.00056645 0.0007226 0.00053075 0.00050525 0.0005324 0.0005388 0.00048115 0.0005607 0.00062675 0.0005425 0.00062835 0.0004453
20 0.0003884 0.0004199 0.00050805 0.00011085 0.00064995 0.0007481 0.00074435 0.0005462 0.0005163 0.0005212 0.00056755 0.00053465 0.00071785 0.0003935 0.0004372 0.0007374 0.0005061 0.0007021 0.0005627 0.0007215 0.0001807 0.0002597 0.0004207 0.00036925 0.00071015 0.0004225 0.0005964 0.00050805 0.0003614 0.0007739 0.00040915 0.0005348 0.0003648 0.0006382 0.0003934 0.00051875 0.0007583 0.0004665 0.0007049 0.0005422 0.00048175 0.00040905 0.0007223 0.00036935 0.00070375 0.00046555 0.00050795 0.00058085 0.00038865 0.0004202 0.000784 0.0004033 0.00078255 0.00045595 0.00070725 0.0004193 0.0006068 0.0005278 0.0007582 0.00052965 0.0008123 0.00025195 0.000784 0.00072025 0.00070415 0.00056035 0.0007225 0.0006594 0.00037965 0.00077405 0.000445 0.000423 0.0001185 0.00076455 0.00077395 0.0006917 0.0006968 9.045e-05 0.0004912 0.00011855 0.00049015 0.0006663 0.0005082 0.00059645 0.00040355 0.00070635 0.0003797 0.00044205 0.00077765 0.0003058 0.00071745 0.00075835 0.00069255 0.00071725 0.00081365 0.00045535 0.00050565 0.00041995 0.00054015 0.00055375
21 0.00041665 0.000399 0.00052025 0.0003635 0.0006449 0.00065515 0.00060605 0.000358 0.00038885 0.00059255 0.0004084 0.0004324 0.00063445 0.0005162 0.0004286 0.00064405 0.00050635 0.0006465 0.00061675 0.00062135 0.0002597 0.0003515 0.0005114 0.00051575 0.00067045 0.0004747 0.00042065 0.00052025 0.000326 0.0006453 0.0005121 0.00043255 0.00048745 0.00066805 0.0005161 0.00045375 0.00067735 0.00044505 0.00061685 0.00050465 0.0004973 0.0004284 0.00067915 0.0004306 0.0006414 0.00049965 0.00052015 0.0006601 0.0004117 0.0005061 0.0006674 0.0004489 0.00060475 0.00038225 0.0006641 0.00050635 0.0006504 0.00059995 0.00067725 0.0004165 0.0006817 0.0002796 0.0006674 0.0006891 0.0006358 0.0004226 0.00067935 0.0006015 0.0003614 0.00064545 0.00048225 0.000499 0.00025955 0.0006826 0.00064535 0.0006669 0.0006893 0.00025975 0.00054995 0.0002599 0.0004904 0.0006485 0.0003987 0.00042075 0.00053265 0.0006632 0.00044505 0.000479 0.00063625 0.0004037 0.0006584 0.0006774 0.00059205 0.00066325 0.00063445 0.0005046 0.0005692 0.00048255 0.00050165 0.00037985
22 0.0005162 0.0005767 0.00051275 0.00037775 0.00049465 0.0005832 0.0006249 0.00053045 0.00053355 0.00057765 0.0006326 0.0005356 0.0006445 0.0004506 0.0005093 0.0006343 0.00056145 0.000603 0.00050085 0.00064855 0.0004207 0.0005114 0.000731 0.00047115 0.00051 0.0005394 0.0006432 0.00051275 0.00052735 0.00065675 0.00047275 0.00053575 0.00048155 0.00056985 0.0004505 0.0005999 0.000619 0.00049395 0.00060435 0.00059565 0.0005579 0.0005036 0.0005849 0.0004938 0.0004816 0.0005642 0.00051265 0.00050485 0.00051965 0.00036935 0.00069245 0.00050015 0.00069065 0.00059455 0.00057165 0.00052415 0.00057855 0.00049055 0.0006189 0.00057035 0.00067995 0.0004627 0.00069245 0.00065945 0.00058305 0.00060905 0.0005851 0.0005047 0.00048755 0.0006569 0.00052235 0.00043455 0.00042625 0.0006343 0.0006568 0.0005613 0.00051165 0.00042075 0.000493 0.0004264 0.0005542 0.0005691 0.0006011 0.00064325 0.00046935 0.00057765 0.00045665 0.00047935 0.00070755 0.00048055 0.0006231 0.00061905 0.0005837 0.0006196 0.00074165 0.0005583 0.00055395 0.0005457 0.0006002 0.0006157
23 0.0005379 0.0005247 0.0004978 0.0003596 0.00059235 0.00067995 0.00058315 0.0006266 0.00053475 0.0004358 0.0006552 0.0005939 0.00067915 0.00046515 0.00050975 0.00069815 0.000572 0.0005589 0.00036345 0.00069845 0.00036925 0.00051575 0.00047115 0.0005179 0.0005722 0.0004936 0.00064725 0.0004978 0.0004715 0.0007184 0.00048575 0.00059405 0.00037945 0.00049635 0.00046505 0.0005641 0.0006207 0.00049615 0.00056105 0.00058705 0.0006302 0.000492 0.00060575 0.00043135 0.00057085 0.0005197 0.0004977 0.0004131 0.0005302 0.00046305 0.00065905 0.00046205 0.0007921 0.00060125 0.0006467 0.0005036 0.00045205 0.00035415 0.0006206 0.0006604 0.00072615 0.0004883 0.00065905 0.00059665 0.0005468 0.00063225 0.00060595 0.00045755 0.00043405 0.00071855 0.0005777 0.0004019 0.00038685 0.0006392 0.00071845 0.00060315 0.0005676 0.0003693 0.0004318 0.000387 0.00057195 0.00054415 0.00061255 0.0006473 0.00045585 0.0006057 0.00042775 0.0005304 0.0007304 0.00033485 0.0006646 0.00062075 0.0005683 0.0006722 0.00074535 0.0005186 0.0004696 0.0005183 0.00053775 0.0007055
24 0.00070465 0.00067295 0.0006118 0.0007393 0.0005555 0.0003889 0.00052075 0.0005261 0.0004972 0.0004656 0.00067815 0.00044995 0.00069215 0.00048375 0.00051105 0.00052615 0.0007226 0.00055095 0.0004522 0.00060195 0.00071015 0.00067045 0.00051 0.0005722 0.0004491 0.00070155 0.00066325 0.0006118 0.00062485 0.0006246 0.0005496 0.0004501 0.0006602 0.00040355 0.00048365 0.0005149 0.00043805 0.00056975 0.00050765 0.00070035 0.00072005 0.00051695 0.0004604 0.0005411 0.00038585 0.0006914 0.0006117 0.00039785 0.00069695 0.00050215 0.00067365 0.0004603 0.0006686 0.00072485 0.0005364 0.00071945 0.0006337 0.0004678 0.00043795 0.0007035 0.0006977 0.00070545 0.00067365 0.00052625 0.00050785 0.00068555 0.0004606 0.0003257 0.000534 0.00062475 0.00064785 0.0004901 0.0007041 0.0004596 0.00062465 0.0005157 0.000225 0.0007102 0.00042065 0.00070425 0.00071845 0.0005735 0.00066315 0.0006633 0.000493 0.00045625 0.0005666 0.00063055 0.0007442 0.00061825 0.0007063 0.0004381 0.0005391 0.0007139 0.00072185 0.00069715 0.0006895 0.00070545 0.00068275 0.00064325
25 0.00044325 0.000491 0.00043655 0.0004126 0.00044115 0.0007301 0.00057515 0.0005135 0.0005137 0.00069345 0.00050905 0.00058375 0.000482 0.00056545 0.0006338 0.00064345 0.0003707 0.00052285 0.000515 0.00063715 0.0004225 0.0004747 0.0005394 0.0004936 0.00070155 0.0006735 0.00053005 0.00043655 0.0005201 0.0005354 0.0005819 0.0005839 0.0004238 0.00060695 0.00056535 0.000655 0.00067295 0.0004678 0.00058595 0.0005119 0.00050435 0.0006001 0.0005319 0.000496 0.00060135 0.0005171 0.00043635 0.0005848 0.00043195 0.00052795 0.00047805 0.00059285 0.00063725 0.00052445 0.00059135 0.00037075 0.00039025 0.0004982 0.00067285 0.00044335 0.0004786 0.00043085 0.00047815 0.0005623 0.00046175 0.0003889 0.0005318 0.0005861 0.00048605 0.00053525 0.00056885 0.0004992 0.00045625 0.00068245 0.00053515 0.0004289 0.0007269 0.00042255 0.00064495 0.0004562 0.0003707 0.00038195 0.00049095 0.0005301 0.0005747 0.00053185 0.0004678 0.0004801 0.0004554 0.00047545 0.00037995 0.000673 0.0004342 0.0003914 0.00059655 0.00051185 0.0004127 0.00047265 0.0005589 0.00055885
26 0.00048905 0.0004033 0.00054505 0.0006633 0.0005164 0.0006362 0.00034555 0.00034565 0.00040545 0.0005738 0.00027005 0.00050155 0.0003406 0.0006951 0.00054535 0.00061085 0.0004602 0.00043815 0.0006358 0.00044975 0.0005964 0.00042065 0.0006432 0.00064725 0.00066325 0.00053005 0.000524 0.00054505 0.0004034 0.0004882 0.00058025 0.0005017 0.000599 0.00060845 0.000695 0.00049985 0.0005016 0.0004523 0.00040665 0.00036885 0.0005192 0.0005275 0.00059305 0.00065025 0.00056015 0.0004568 0.00054495 0.0007317 0.0004812 0.0006349 0.0003535 0.00063375 0.0004873 0.00051125 0.00046505 0.0005471 0.00058385 0.0006371 0.00050155 0.0003482 0.0004596 0.00046965 0.0003535 0.00052395 0.00049715 0.0003536 0.00059325 0.00054845 0.0004865 0.00048835 0.00059015 0.0006191 0.0006141 0.0005201 0.00048825 0.00054085 0.00074135 0.00059645 0.00067515 0.00061425 0.0004602 0.0005298 0.0003152 0.0002621 0.00068655 0.00059305 0.0005392 0.00052795 0.00045665 0.00065075 0.00043195 0.00050165 0.00043715 0.0004397 0.00036525 0.00045575 0.000541 0.0004559 0.0005201 0.0003887
27 0.00051745 0.0005292 0.00040135 0.0005049 0.00051735 0.0006113 0.00053375 0.00048015 0.00052475 0.00065625 0.00054225 0.0005504 0.0005304 0.00055025 0.0006271 0.00059195 0.0004548 0.00053645 0.0005252 0.00058995 0.00050805 0.00052025 0.00051275 0.0004978 0.0006118 0.00043655 0.00054505 0.0008026 0.00053535 0.00051595 0.00061505 0.00055055 0.0005086 0.00062055 0.00055015 0.00064685 0.00058715 0.000497 0.00054455 0.00054505 0.0005833 0.00061505 0.00049705 0.00054035 0.0005116 0.0005461 0.0004014 0.00055065 0.00050955 0.0005047 0.0004916 0.00056895 0.00059205 0.000543 0.0006165 0.0004549 0.00045535 0.0005084 0.00058705 0.0005176 0.0004592 0.000505 0.0004917 0.00057585 0.0004714 0.00045485 0.000497 0.00054075 0.00049705 0.00051585 0.000569 0.00047915 0.00051995 0.0006057 0.00051575 0.0004936 0.00059265 0.0005081 0.0005582 0.0005201 0.00045485 0.0004465 0.0005292 0.0005451 0.000569 0.000497 0.000497 0.00046485 0.0004885 0.0005204 0.00045615 0.0005872 0.0004438 0.00046415 0.00057865 0.000545 0.00050085 0.00052905 0.000531 0.00057475
28 0.0004795 0.0004038 0.00053535 0.0004283 0.0006259 0.00064095 0.0004906 0.0004109 0.0004233 0.000425 0.00041135 0.00048525 0.00056645 0.0005381 0.00042855 0.00067935 0.0005374 0.000551 0.0005722 0.0005591 0.0003614 0.000326 0.00052735 0.0004715 0.00062485 0.0005201 0.0004034 0.00053535 0.0006168 0.00064025 0.0004637 0.0004854 0.0005101 0.0005725 0.000538 0.00044895 0.00058025 0.0004486 0.0005014 0.0004564 0.00053285 0.00041095 0.00066135 0.00050245 0.0005961 0.00045745 0.00053525 0.0006339 0.00047155 0.00051905 0.00057945 0.00047675 0.00063955 0.0005015 0.00057385 0.0005374 0.00063335 0.0005554 0.00058015 0.0004794 0.0006753 0.0003754 0.00057945 0.00060105 0.00059965 0.0004846 0.00066155 0.00053785 0.0003959 0.0006404 0.0005169 0.0004963 0.0003787 0.00059875 0.0006403 0.00064975 0.00066235 0.00036145 0.0005182 0.000379 0.00052145 0.0006323 0.00040355 0.00040345 0.00052955 0.0006454 0.0004486 0.0005023 0.00067245 0.0004747 0.0006476 0.0005803 0.0005559 0.00065545 0.00059135 0.00045635 0.00058885 0.0004564 0.00051065 0.0004562
29 0.0006014 0.00060885 0.00051595 0.00077265 0.00047545 0.0004872 0.000465 0.0004322 0.0005327 0.00077595 0.00048375 0.0005683 0.00042835 0.0007076 0.00073525 0.00056835 0.0004674 0.00050005 0.00061455 0.0004417 0.0007739 0.0006453 0.00065675 0.0007184 0.0006246 0.0005354 0.0004882 0.00051595 0.00064025 0.0006671 0.00072525 0.00056845 0.00063025 0.00064345 0.0007075 0.0006913 0.00056055 0.00052535 0.0005261 0.0005408 0.0004835 0.00072455 0.0004872 0.0007106 0.00053935 0.00062685 0.00051585 0.00064995 0.00059295 0.00064805 0.00040715 0.0007256 0.00039965 0.00063 0.0005443 0.0005543 0.0004967 0.00061585 0.00056045 0.0004628 0.0003341 0.0006333 0.000407 0.0005507 0.0004519 0.0004148 0.0004875 0.000569 0.00061155 0.0003339 0.0005541 0.0006396 0.00078445 0.00057565 0.00033395 0.00044875 0.0006409 0.00077395 0.0007242 0.0007846 0.00047345 0.0004269 0.00052295 0.00048825 0.00072635 0.0004933 0.0006122 0.00056925 0.0004087 0.00072685 0.0003734 0.0005606 0.0003979 0.00038165 0.00048195 0.0006276 0.00054975 0.0006094 0.00063035 0.00042175
30 0.00055925 0.00052945 0.00061505 0.0003862 0.0005866 0.00066855 0.0005956 0.00059455 0.0005621 0.00042485 0.00058035 0.0005929 0.0006453 0.0005014 0.00042055 0.0007342 0.0005954 0.0005876 0.00056835 0.0006293 0.00040915 0.0005121 0.00047275 0.00048575 0.0005496 0.0005819 0.00058025 0.00061505 0.0004637 0.00072525 0.0007432 0.00059305 0.0005089 0.00052315 0.0005013 0.0005115 0.00061845 0.000516 0.00057505 0.0005262 0.0005441 0.0004091 0.00068775 0.00054205 0.00060235 0.0004949 0.00061495 0.0006011 0.00056265 0.00047555 0.00067505 0.0005295 0.00075625 0.0006379 0.00052515 0.0005581 0.00065795 0.00055805 0.00061835 0.00061335 0.00078745 0.00047765 0.00067505 0.00061055 0.00065715 0.0006495 0.00068795 0.0005669 0.00051615 0.0007254 0.0005388 0.0005101 0.00042055 0.0006337 0.0007253 0.0005992 0.00063135 0.0004092 0.000531 0.0004206 0.00058535 0.0006571 0.0005538 0.0005803 0.00049225 0.0006777 0.0004787 0.00055675 0.0007924 0.0005202 0.00071165 0.0006185 0.000655 0.00070815 0.0007231 0.00048885 0.00059525 0.000492 0.00062025 0.0006321
31 0.00055075 0.0005417 0.00055055 0.00060205 0.00058115 0.0004387 0.00055815 0.0003652 0.0004218 0.0005606 0.0004989 0.00036515 0.0006084 0.00047945 0.00054615 0.0005109 0.00057505 0.00057715 0.0005593 0.0005807 0.0005348 0.00043255 0.00053575 0.00059405 0.0004501 0.0005839 0.0005017 0.00055055 0.0004854 0.00056845 0.00059305 0.0007302 0.0005737 0.0005157 0.00047935 0.0004731 0.00050175 0.00050185 0.0005764 0.000582 0.0005649 0.0005341 0.0004949 0.00049705 0.0005296 0.0006172 0.00055045 0.00049345 0.0005428 0.00052765 0.0006314 0.0004399 0.0005657 0.0005595 0.00060105 0.0006092 0.0006233 0.0005684 0.00050165 0.0004954 0.00061625 0.0004877 0.0006314 0.0005701 0.00055175 0.00049495 0.0004951 0.0004871 0.0004771 0.0005686 0.0005529 0.0005235 0.0005467 0.0005203 0.0005685 0.00059025 0.00036545 0.00053485 0.0004844 0.00054685 0.000565 0.0005705 0.0005073 0.00050175 0.0004989 0.00048485 0.000536 0.0005337 0.00063265 0.0005607 0.00061725 0.00050175 0.0005414 0.0006251 0.0006395 0.0006161 0.00060665 0.0006005 0.00060345 0.0004373
32 0.00046175 0.0005277 0.0005086 0.00031445 0.00047575 0.0006955 0.0006059 0.0005536 0.0005127 0.00060415 0.00057015 0.00057355 0.0005655 0.0004788 0.00059585 0.00067125 0.000395 0.000544 0.00040895 0.0007034 0.0003648 0.00048745 0.00048155 0.00037945 0.0006602 0.0004238 0.000599 0.0005086 0.0005101 0.00063025 0.0005089 0.0005737 0.0005376 0.0005342 0.0004787 0.0005751 0.00067735 0.00038895 0.0006341 0.00048585 0.0004219 0.00056795 0.0005866 0.0004569 0.00065645 0.00051455 0.0005085 0.0004603 0.0004619 0.000481 0.000612 0.00054705 0.00070845 0.00057865 0.000606 0.00041355 0.00039555 0.00041775 0.00067725 0.00049745 0.000638 0.00040915 0.000612 0.00060235 0.00052595 0.0005082 0.0005868 0.0005387 0.0004666 0.0006304 0.00052235 0.00045165 0.00039265 0.0006836 0.0006303 0.0005176 0.00065215 0.00036485 0.00057735 0.0003927 0.00039495 0.00045345 0.0005816 0.00059905 0.00048815 0.00058655 0.0004075 0.0004914 0.00062045 0.0003741 0.0005107 0.0006774 0.00051525 0.00051045 0.0007112 0.00050435 0.0003671 0.0004686 0.0006048 0.00059155
33 0.00064635 0.00060255 0.00062055 0.0006343 0.00052485 0.0005299 0.000492 0.0006045 0.0004801 0.00038705 0.0006164 0.00051555 0.0005965 0.00050345 0.00054715 0.00059155 0.00061495 0.00042305 0.00039115 0.00061185 0.0006382 0.00066805 0.00056985 0.00049635 0.00040355 0.00060695 0.00060845 0.00062055 0.0005725 0.00064345 0.00052315 0.0005157 0.0005342 0.0005704 0.00050335 0.00048285 0.0004679 0.0005257 0.00046805 0.0005945 0.0006404 0.0005294 0.0004885 0.0004825 0.00049695 0.00059755 0.0006204 0.00040755 0.00063865 0.00056175 0.0005813 0.0005004 0.0007278 0.0007253 0.0005236 0.000617 0.0005212 0.00040805 0.0004678 0.0006522 0.00068915 0.00064635 0.00058135 0.0004438 0.0004531 0.00062895 0.00048855 0.0003225 0.000534 0.00064345 0.0006583 0.00048325 0.0006558 0.0004864 0.00064335 0.0005095 0.00037525 0.00063825 0.0004823 0.00065595 0.0006136 0.0004438 0.00059765 0.0006085 0.0004942 0.0004871 0.0005277 0.00064285 0.00069885 0.00055995 0.00061735 0.00046795 0.00051135 0.00062505 0.0006783 0.00059645 0.00056615 0.00059615 0.00067405 0.00066945
34 0.00055035 0.0005968 0.00055015 0.0003708 0.00062015 0.00051985 0.0006961 0.00056525 0.00056545 0.0004899 0.00068435 0.00047925 0.00072575 0.00036215 0.00053815 0.00059415 0.00060245 0.00065025 0.00052135 0.0006913 0.0003934 0.0005161 0.0004505 0.00046505 0.00048365 0.00056535 0.000695 0.00055015 0.000538 0.0007075 0.0005013 0.00047935 0.0004787 0.00050335 0.0007241 0.0005256 0.00057795 0.0005331 0.0006641 0.00063075 0.00057065 0.0005325 0.00054975 0.00043565 0.0005858 0.0005841 0.00055005 0.0004259 0.0005538 0.0004535 0.0007655 0.00041205 0.0007364 0.0006155 0.0006617 0.0005498 0.00061365 0.00051235 0.00057785 0.0006362 0.0007573 0.0004878 0.0007655 0.00061875 0.0006362 0.00066675 0.00054995 0.00054325 0.0005117 0.00070765 0.0005198 0.00045735 0.000399 0.00059325 0.00070755 0.000649 0.0003624 0.00039345 0.00041665 0.00039905 0.0005924 0.00062225 0.0006508 0.00069505 0.000381 0.0005397 0.00048045 0.00050215 0.0007815 0.00046265 0.00071025 0.000578 0.000658 0.0007067 0.0008097 0.00057805 0.0005771 0.00056555 0.00063295 0.0006452
35 0.0006029 0.0005287 0.00064685 0.0005744 0.00069905 0.000556 0.00052575 0.00050235 0.00048085 0.0004019 0.0005127 0.00047295 0.00065755 0.0005257 0.0004577 0.0006211 0.0006269 0.00057505 0.0005916 0.0006213 0.00051875 0.00045375 0.0005999 0.0005641 0.0005149 0.000655 0.00049985 0.00064685 0.00044895 0.0006913 0.0005115 0.0004731 0.0005751 0.00048285 0.0005256 0.0007211 0.00051805 0.00049945 0.00054395 0.00051865 0.0005838 0.00046995 0.0006264 0.00051465 0.0006349 0.000552 0.00064675 0.00057445 0.0006063 0.0006027 0.00065325 0.00048135 0.000668 0.00058385 0.00059905 0.000661 0.0007099 0.0006007 0.00051795 0.0005917 0.0007535 0.0005216 0.00065325 0.00056135 0.0006345 0.00060815 0.0006266 0.00051555 0.00049205 0.00069145 0.0005905 0.0005627 0.00050635 0.00053585 0.00069135 0.00069225 0.0004914 0.0005188 0.0004986 0.0005065 0.00061695 0.0006836 0.0005384 0.0004999 0.00052295 0.00061645 0.00053355 0.00060875 0.00074935 0.00055515 0.0007486 0.0005181 0.0006243 0.0007451 0.000641 0.0005527 0.00066715 0.0005701 0.0006036 0.00055255
