 slim_337491872 slim_337491821 slim_337491974 slim_337491943 slim_337491932 slim_337491650 slim_337491903 slim_337491938 slim_337491809 slim_337491840 slim_337491879 slim_337491281 slim_337491923 slim_337491934 slim_337491968 slim_337491381 slim_337491686 slim_337491915 slim_337491828 slim_337491882 slim_337491909 slim_337491964 slim_337491972 slim_337491958 slim_337491978 slim_337491803 slim_337491817 slim_337491885 slim_337491941 slim_337491852 slim_337491901 slim_337491959 slim_337491944 slim_337491668 slim_337491858 slim_337491815 slim_337491939 slim_337491921 slim_337491672 slim_337491962 slim_337491947 slim_337491954 slim_337491681 slim_337491963 slim_337491928 slim_337491886 slim_337491822 slim_337491709 slim_337491896 slim_337491945 slim_337491857 slim_337491787 slim_337491930 slim_337491861 slim_337491899 slim_337491830 slim_337491837 slim_337491892 slim_337491924 slim_337491937 slim_337491839 slim_337491888 slim_337491977 slim_337491767 slim_337491952 slim_337491804 slim_337491734 slim_337491966 slim_337491953 slim_337491969 slim_337491936 slim_337491951 slim_337491971 slim_337491979 slim_337491975 slim_337491956 slim_337491829 slim_337491867 slim_337491792 slim_337491869 slim_337491855 slim_337491907 slim_337491980 slim_337491917 slim_337491914 slim_337491957 slim_337491874 slim_337491864 slim_337491894 slim_337491715 slim_337491973 slim_337491850 slim_337491940 slim_337491838 slim_337491895 slim_337491967 slim_337491893 slim_337491931 slim_337491960 slim_337491912
0 2.99e-05 1.65e-05 3.92e-05 2.845e-05 1.9e-05 1.77e-05 1.665e-05 3.915e-05 3.895e-05 3.98e-05 3.79e-05 3.755e-05 3.78e-05 2.975e-05 1.505e-05 3.01e-05 2.955e-05 3.105e-05 3.415e-05 2.76e-05 3.04e-05 1.765e-05 3.99e-05 2.585e-05 3.795e-05 3.895e-05 3.845e-05 2.46e-05 2.595e-05 3.835e-05 2.755e-05 2.155e-05 2.975e-05 2.79e-05 3.75e-05 3.835e-05 1.82e-05 3.77e-05 3.73e-05 1.91e-05 2.67e-05 1.875e-05 3.955e-05 2.855e-05 1.86e-05 2.94e-05 2.94e-05 2.965e-05 3.055e-05 1.815e-05 2.925e-05 1.74e-05 3.87e-05 3.015e-05 3.77e-05 1.81e-05 2.275e-05 3.925e-05 3.635e-05 3.81e-05 3.73e-05 2.74e-05 2.79e-05 3.015e-05 2.93e-05 2.065e-05 1.865e-05 3.075e-05 3.05e-05 1.665e-05 3.855e-05 2.79e-05 2.835e-05 2.675e-05 3.22e-05 3.96e-05 3.04e-05 2.725e-05 2.955e-05 3.975e-05 2.79e-05 3.085e-05 2.985e-05 2.73e-05 2.91e-05 3.93e-05 2.95e-05 3.02e-05 2.825e-05 1.75e-05 2.75e-05 3.83e-05 2.755e-05 2.925e-05 2.985e-05 2.785e-05 2.875e-05 2.975e-05 2.775e-05 3.835e-05
1 1.65e-05 3.1e-05 3.925e-05 2.67e-05 1.855e-05 1.77e-05 1.565e-05 4e-05 3.815e-05 3.985e-05 3.85e-05 3.77e-05 3.86e-05 3.06e-05 1.56e-05 3.075e-05 3.04e-05 3.105e-05 3.39e-05 2.775e-05 2.965e-05 1.7e-05 4.06e-05 2.595e-05 3.73e-05 3.95e-05 3.94e-05 2.615e-05 2.615e-05 3.775e-05 2.835e-05 2.09e-05 2.915e-05 2.87e-05 3.76e-05 3.93e-05 1.79e-05 3.78e-05 3.765e-05 1.91e-05 2.745e-05 1.775e-05 4.04e-05 2.935e-05 1.78e-05 2.96e-05 3.02e-05 2.895e-05 3.035e-05 1.775e-05 3.04e-05 1.77e-05 3.85e-05 2.92e-05 3.735e-05 1.665e-05 2.275e-05 3.89e-05 3.81e-05 3.78e-05 3.74e-05 2.85e-05 2.93e-05 3.035e-05 2.845e-05 1.96e-05 1.97e-05 3.095e-05 3.01e-05 1.565e-05 3.945e-05 2.725e-05 2.755e-05 2.67e-05 3.285e-05 4.045e-05 2.945e-05 2.885e-05 2.865e-05 4.06e-05 2.855e-05 3.16e-05 2.96e-05 2.565e-05 2.865e-05 3.94e-05 2.86e-05 2.935e-05 2.665e-05 1.75e-05 2.795e-05 3.85e-05 2.88e-05 3.04e-05 2.89e-05 2.705e-05 2.72e-05 2.915e-05 2.85e-05 3.85e-05
2 3.92e-05 3.925e-05 9.4e-06 1.88e-05 5.255e-05 4.145e-05 3.94e-05 6.4e-06 6.45e-06 7.1e-06 7.2e-06 6.45e-06 6.45e-06 2.98e-05 4.92e-05 3.015e-05 2.96e-05 3.225e-05 1.215e-05 2.85e-05 2.835e-05 5.125e-05 6.65e-06 2.81e-05 6.15e-06 7.25e-06 7e-06 2.97e-05 2.825e-05 5.95e-06 2.895e-05 5.45e-05 2.765e-05 2.77e-05 7e-06 6.9e-06 4.125e-05 7.95e-06 9.4e-06 5.19e-05 2.805e-05 4.145e-05 6.85e-06 2.995e-05 4.015e-05 2.76e-05 3.055e-05 2.805e-05 2.82e-05 4.195e-05 3e-05 4.11e-05 6.9e-06 1.995e-05 7.5e-06 4.105e-05 5.245e-05 8.3e-06 8.65e-06 8.3e-06 6.8e-06 3.06e-05 3.015e-05 2.77e-05 2.115e-05 5.1e-05 5.34e-05 2.83e-05 2.73e-05 3.94e-05 6.65e-06 2.9e-05 1.83e-05 2.81e-05 3.165e-05 6.9e-06 2.015e-05 2.97e-05 1.825e-05 7e-06 2.895e-05 3.155e-05 3.165e-05 1.82e-05 2.99e-05 8.3e-06 1.82e-05 2.805e-05 1.82e-05 4.125e-05 2.985e-05 7.25e-06 3.04e-05 3.005e-05 2.135e-05 1.77e-05 1.74e-05 2.765e-05 3.025e-05 6.9e-06
3 2.845e-05 2.67e-05 1.88e-05 2.62e-05 3.865e-05 2.69e-05 2.68e-05 2.025e-05 1.545e-05 1.88e-05 1.745e-05 1.675e-05 1.875e-05 3.135e-05 4.04e-05 3.12e-05 3.09e-05 2.86e-05 1.525e-05 2.85e-05 2.675e-05 3.93e-05 2.06e-05 2.76e-05 1.56e-05 1.92e-05 1.91e-05 2.855e-05 2.77e-05 1.58e-05 2.885e-05 4.05e-05 2.77e-05 2.94e-05 1.69e-05 1.9e-05 2.755e-05 1.585e-05 1.68e-05 3.895e-05 2.97e-05 2.645e-05 2.08e-05 2.915e-05 2.655e-05 2.955e-05 2.925e-05 2.735e-05 2.96e-05 3.12e-05 3.09e-05 2.715e-05 1.635e-05 1.915e-05 1.52e-05 2.67e-05 4.18e-05 1.705e-05 1.795e-05 1.495e-05 1.67e-05 2.83e-05 2.98e-05 2.955e-05 1.89e-05 3.915e-05 3.98e-05 3.015e-05 2.86e-05 2.685e-05 1.81e-05 2.635e-05 1.61e-05 2.775e-05 3.285e-05 2.06e-05 1.935e-05 2.955e-05 1.775e-05 2.1e-05 2.92e-05 3.115e-05 2.74e-05 1.385e-05 2.84e-05 1.795e-05 1.77e-05 2.745e-05 1.405e-05 2.67e-05 2.735e-05 1.615e-05 2.785e-05 3.085e-05 1.78e-05 1.585e-05 1.485e-05 2.77e-05 2.735e-05 1.7e-05
4 1.9e-05 1.855e-05 5.255e-05 3.865e-05 5.4e-06 1.605e-05 1.87e-05 5.295e-05 5.07e-05 5.27e-05 5.13e-05 5e-05 5.105e-05 2.95e-05 1.02e-05 3.01e-05 2.905e-05 3.04e-05 4.595e-05 3.105e-05 2.925e-05 6.7e-06 5.375e-05 2.98e-05 5.005e-05 5.22e-05 5.11e-05 2.87e-05 2.99e-05 5.03e-05 2.69e-05 6.55e-06 2.9e-05 2.865e-05 5.01e-05 5.1e-05 1.64e-05 4.92e-05 4.935e-05 4.85e-06 3.06e-05 1.59e-05 5.32e-05 2.77e-05 1.635e-05 2.93e-05 2.91e-05 2.85e-05 3.12e-05 1.79e-05 3e-05 1.53e-05 5.12e-05 3.835e-05 4.98e-05 1.82e-05 9.4e-06 5.065e-05 4.92e-05 4.92e-05 4.99e-05 2.775e-05 2.88e-05 2.96e-05 3.795e-05 5.1e-06 5e-06 3.02e-05 2.93e-05 1.87e-05 5.13e-05 2.96e-05 3.915e-05 3.015e-05 3.28e-05 5.3e-05 3.84e-05 2.805e-05 4.11e-05 5.34e-05 2.82e-05 3.07e-05 2.815e-05 3.805e-05 2.69e-05 5.14e-05 4.105e-05 2.92e-05 3.855e-05 1.585e-05 2.73e-05 5.075e-05 2.76e-05 3e-05 3.795e-05 3.905e-05 3.905e-05 2.9e-05 2.76e-05 5.05e-05
5 1.77e-05 1.77e-05 4.145e-05 2.69e-05 1.605e-05 2.95e-05 1.785e-05 4.175e-05 3.95e-05 4.16e-05 3.97e-05 3.91e-05 4.015e-05 3.06e-05 2.075e-05 3.045e-05 3.015e-05 3.04e-05 3.42e-05 3.03e-05 3.005e-05 1.84e-05 4.255e-05 2.935e-05 3.885e-05 4.1e-05 4.025e-05 2.735e-05 2.945e-05 3.94e-05 2.815e-05 1.86e-05 2.995e-05 2.96e-05 3.89e-05 4.015e-05 1.64e-05 3.835e-05 3.785e-05 1.695e-05 3.045e-05 1.575e-05 4.215e-05 2.795e-05 1.68e-05 3.035e-05 2.87e-05 2.93e-05 3.14e-05 2.02e-05 2.95e-05 1.515e-05 3.98e-05 2.98e-05 3.845e-05 1.74e-05 2.145e-05 3.925e-05 3.715e-05 3.85e-05 3.87e-05 2.685e-05 2.815e-05 3.06e-05 2.925e-05 1.805e-05 1.61e-05 3.12e-05 3.04e-05 1.785e-05 3.98e-05 2.96e-05 2.76e-05 2.995e-05 3.28e-05 4.195e-05 3e-05 2.74e-05 2.935e-05 4.235e-05 2.825e-05 3.09e-05 2.85e-05 2.615e-05 2.79e-05 4.01e-05 2.93e-05 2.99e-05 2.695e-05 1.48e-05 2.695e-05 3.955e-05 2.66e-05 2.95e-05 2.925e-05 2.735e-05 2.75e-05 2.995e-05 2.69e-05 3.96e-05
6 1.665e-05 1.565e-05 3.94e-05 2.68e-05 1.87e-05 1.785e-05 3.13e-05 4.015e-05 3.83e-05 4e-05 3.865e-05 3.785e-05 3.875e-05 3.075e-05 1.57e-05 3.09e-05 3.055e-05 3.12e-05 3.405e-05 2.79e-05 2.98e-05 1.71e-05 4.075e-05 2.61e-05 3.745e-05 3.965e-05 3.955e-05 2.63e-05 2.625e-05 3.79e-05 2.85e-05 2.105e-05 2.93e-05 2.885e-05 3.775e-05 3.945e-05 1.805e-05 3.795e-05 3.78e-05 1.925e-05 2.755e-05 1.79e-05 4.055e-05 2.95e-05 1.79e-05 2.975e-05 3.035e-05 2.91e-05 3.05e-05 1.79e-05 3.055e-05 1.785e-05 3.865e-05 2.935e-05 3.75e-05 1.68e-05 2.29e-05 3.905e-05 3.825e-05 3.795e-05 3.755e-05 2.865e-05 2.945e-05 3.05e-05 2.86e-05 1.975e-05 1.985e-05 3.11e-05 3.025e-05 1.575e-05 3.96e-05 2.74e-05 2.765e-05 2.685e-05 3.3e-05 4.06e-05 2.96e-05 2.9e-05 2.88e-05 4.075e-05 2.87e-05 3.175e-05 2.975e-05 2.575e-05 2.88e-05 3.955e-05 2.875e-05 2.95e-05 2.675e-05 1.765e-05 2.81e-05 3.865e-05 2.895e-05 3.055e-05 2.905e-05 2.72e-05 2.735e-05 2.93e-05 2.865e-05 3.865e-05
7 3.915e-05 4e-05 6.4e-06 2.025e-05 5.295e-05 4.175e-05 4.015e-05 8.4e-06 8.3e-06 6.5e-06 7.25e-06 7e-06 5.35e-06 2.9e-05 4.95e-05 2.97e-05 2.825e-05 3.335e-05 1.275e-05 2.795e-05 2.98e-05 5.185e-05 5.9e-06 2.84e-05 7.2e-06 6.1e-06 5.9e-06 2.965e-05 2.86e-05 7.95e-06 2.835e-05 5.52e-05 2.935e-05 2.805e-05 6.6e-06 5.8e-06 4.21e-05 9.2e-06 9.75e-06 5.31e-05 2.765e-05 4.235e-05 5.55e-06 2.965e-05 4.07e-05 2.73e-05 3.05e-05 2.9e-05 2.755e-05 4.255e-05 2.835e-05 4.135e-05 7.85e-06 2.13e-05 8.65e-06 4.215e-05 5.33e-05 9.9e-06 7.9e-06 9.4e-06 6.4e-06 3.03e-05 2.89e-05 2.775e-05 2.16e-05 5.17e-05 5.34e-05 2.835e-05 2.845e-05 4.015e-05 7.6e-06 3.02e-05 1.835e-05 2.9e-05 3.05e-05 5e-06 2.145e-05 2.885e-05 1.745e-05 5.75e-06 2.96e-05 3.125e-05 3.275e-05 1.895e-05 2.98e-05 8.55e-06 1.74e-05 2.935e-05 1.955e-05 4.155e-05 3.065e-05 7.6e-06 3.11e-05 2.845e-05 2.26e-05 1.745e-05 1.89e-05 2.935e-05 3.095e-05 7.1e-06
8 3.895e-05 3.815e-05 6.45e-06 1.545e-05 5.07e-05 3.95e-05 3.83e-05 8.3e-06 4.8e-06 6.95e-06 6.1e-06 5.05e-06 6.8e-06 3.135e-05 4.99e-05 3.14e-05 3.09e-05 2.95e-05 9.55e-06 2.79e-05 2.525e-05 5.045e-05 8.05e-06 2.725e-05 3.7e-06 8.45e-06 6.6e-06 2.945e-05 2.755e-05 3.25e-06 2.88e-05 5.24e-05 2.525e-05 2.855e-05 5.85e-06 6.5e-06 3.96e-05 5.1e-06 7.95e-06 4.99e-05 2.82e-05 3.9e-05 8.9e-06 2.88e-05 3.805e-05 2.73e-05 2.935e-05 2.55e-05 2.84e-05 4.115e-05 3.13e-05 3.935e-05 3.5e-06 1.75e-05 4.15e-06 3.88e-05 5.03e-05 6.5e-06 7.85e-06 5.45e-06 5.65e-06 2.915e-05 3.025e-05 2.63e-05 1.905e-05 4.9e-05 5.17e-05 2.69e-05 2.495e-05 3.83e-05 6.3e-06 2.65e-05 1.665e-05 2.63e-05 3.27e-05 8.7e-06 1.76e-05 2.975e-05 1.88e-05 9.1e-06 2.95e-05 3.04e-05 2.89e-05 1.58e-05 2.855e-05 6e-06 1.875e-05 2.515e-05 1.46e-05 3.93e-05 2.795e-05 5.1e-06 2.8e-05 3.12e-05 1.83e-05 1.63e-05 1.445e-05 2.525e-05 2.765e-05 4.55e-06
9 3.98e-05 3.985e-05 7.1e-06 1.88e-05 5.27e-05 4.16e-05 4e-05 6.5e-06 6.95e-06 1.15e-05 6.95e-06 7.4e-06 7.2e-06 2.995e-05 5.025e-05 3.025e-05 2.92e-05 3.225e-05 1.19e-05 2.835e-05 2.88e-05 5.18e-05 7.25e-06 2.845e-05 6.9e-06 6.75e-06 8.05e-06 3.03e-05 2.87e-05 7.05e-06 2.93e-05 5.46e-05 2.86e-05 2.91e-05 7.6e-06 7.95e-06 4.17e-05 7.9e-06 9.85e-06 5.24e-05 2.91e-05 4.16e-05 7.4e-06 3.055e-05 4.035e-05 2.835e-05 2.97e-05 2.84e-05 2.745e-05 4.25e-05 2.94e-05 4.12e-05 7.3e-06 2.075e-05 7.35e-06 4.145e-05 5.305e-05 9.2e-06 9.25e-06 8.3e-06 7.4e-06 3.035e-05 3e-05 2.875e-05 2.085e-05 5.155e-05 5.345e-05 2.935e-05 2.85e-05 4e-05 7.75e-06 2.9e-05 1.89e-05 2.805e-05 3.115e-05 6.85e-06 2.08e-05 3e-05 1.775e-05 7.6e-06 3.03e-05 3.215e-05 3.165e-05 1.835e-05 3.045e-05 8.25e-06 1.77e-05 2.84e-05 1.775e-05 4.14e-05 3.025e-05 7.7e-06 3.035e-05 2.955e-05 2.12e-05 1.835e-05 1.815e-05 2.86e-05 3.01e-05 6.9e-06
10 3.79e-05 3.85e-05 7.2e-06 1.745e-05 5.13e-05 3.97e-05 3.865e-05 7.25e-06 6.1e-06 6.95e-06 8.4e-06 6.6e-06 6.55e-06 3e-05 4.89e-05 3.01e-05 2.935e-05 3.04e-05 1.035e-05 2.68e-05 2.8e-05 5.06e-05 8e-06 2.71e-05 6.05e-06 6.55e-06 7.8e-06 2.84e-05 2.715e-05 6.2e-06 2.79e-05 5.31e-05 2.78e-05 2.755e-05 6.8e-06 7.7e-06 3.995e-05 5.5e-06 8.3e-06 5.065e-05 2.83e-05 3.985e-05 8.2e-06 2.935e-05 3.88e-05 2.77e-05 2.93e-05 2.76e-05 2.78e-05 4.13e-05 2.955e-05 3.945e-05 6.45e-06 1.99e-05 5.45e-06 4.01e-05 5.195e-05 8.7e-06 7.9e-06 6.5e-06 6.6e-06 2.845e-05 2.78e-05 2.85e-05 1.965e-05 5.09e-05 5.15e-05 2.91e-05 2.82e-05 3.865e-05 7.3e-06 2.76e-05 1.81e-05 2.735e-05 3.12e-05 7.75e-06 2.01e-05 2.825e-05 1.81e-05 8.4e-06 2.855e-05 3.105e-05 2.98e-05 1.7e-05 2.98e-05 8.1e-06 1.805e-05 2.76e-05 1.7e-05 3.95e-05 2.87e-05 6.7e-06 2.77e-05 2.97e-05 1.99e-05 1.74e-05 1.73e-05 2.78e-05 2.78e-05 6.7e-06
11 3.755e-05 3.77e-05 6.45e-06 1.675e-05 5e-05 3.91e-05 3.785e-05 7e-06 5.05e-06 7.4e-06 6.6e-06 7.3e-06 5e-06 3.01e-05 4.835e-05 3.065e-05 2.965e-05 3.02e-05 1.025e-05 2.8e-05 2.67e-05 4.965e-05 7.5e-06 2.695e-05 4.85e-06 7.85e-06 4.1e-06 2.805e-05 2.705e-05 4.1e-06 2.755e-05 5.22e-05 2.56e-05 2.69e-05 4.8e-06 4e-06 3.9e-05 6.25e-06 6.35e-06 4.945e-05 2.615e-05 3.915e-05 7.05e-06 2.74e-05 3.76e-05 2.65e-05 2.97e-05 2.62e-05 2.875e-05 4.035e-05 3.02e-05 3.87e-05 5.2e-06 1.825e-05 5.8e-06 3.87e-05 5.06e-05 7.65e-06 6e-06 6.5e-06 4.6e-06 2.88e-05 2.915e-05 2.555e-05 1.94e-05 4.875e-05 5.1e-05 2.615e-05 2.57e-05 3.785e-05 6.1e-06 2.74e-05 1.57e-05 2.655e-05 3.195e-05 6.85e-06 1.84e-05 2.845e-05 1.855e-05 7.3e-06 2.845e-05 2.9e-05 2.96e-05 1.63e-05 2.725e-05 6e-06 1.85e-05 2.655e-05 1.595e-05 3.89e-05 2.73e-05 5.45e-06 2.835e-05 3.02e-05 1.915e-05 1.58e-05 1.575e-05 2.56e-05 2.82e-05 4.35e-06
12 3.78e-05 3.86e-05 6.45e-06 1.875e-05 5.105e-05 4.015e-05 3.875e-05 5.35e-06 6.8e-06 7.2e-06 6.55e-06 5e-06 5.3e-06 2.955e-05 4.835e-05 3.03e-05 2.89e-05 3.19e-05 1.13e-05 2.71e-05 2.82e-05 5.025e-05 6.5e-06 2.725e-05 5.8e-06 7.05e-06 3.05e-06 2.83e-05 2.745e-05 6.5e-06 2.635e-05 5.34e-05 2.78e-05 2.665e-05 4.65e-06 2.95e-06 4.05e-05 8e-06 7.7e-06 5.17e-05 2.57e-05 4.07e-05 5.6e-06 2.74e-05 3.89e-05 2.5e-05 3.095e-05 2.705e-05 2.835e-05 4.08e-05 2.91e-05 3.955e-05 6.35e-06 1.97e-05 7.35e-06 4.055e-05 5.16e-05 9.05e-06 5.65e-06 8.2e-06 4.35e-06 2.885e-05 2.81e-05 2.535e-05 1.975e-05 4.945e-05 5.18e-05 2.605e-05 2.64e-05 3.875e-05 6.9e-06 2.855e-05 1.615e-05 2.76e-05 3.13e-05 5.15e-06 1.945e-05 2.7e-05 1.82e-05 5.7e-06 2.84e-05 2.9e-05 3.13e-05 1.755e-05 2.74e-05 6.45e-06 1.815e-05 2.77e-05 1.79e-05 3.995e-05 2.925e-05 6.2e-06 2.965e-05 2.935e-05 2.095e-05 1.605e-05 1.725e-05 2.78e-05 2.95e-05 4.8e-06
13 2.975e-05 3.06e-05 2.98e-05 3.135e-05 2.95e-05 3.06e-05 3.075e-05 2.9e-05 3.135e-05 2.995e-05 3e-05 3.01e-05 2.955e-05 5.53e-05 3.015e-05 2.915e-05 2.805e-05 3.325e-05 3.065e-05 3.025e-05 3.135e-05 3.08e-05 2.94e-05 2.98e-05 3.035e-05 2.905e-05 3.015e-05 2.985e-05 3e-05 3.1e-05 2.835e-05 3.29e-05 3.105e-05 2.865e-05 2.98e-05 3.005e-05 3.09e-05 3.05e-05 3.08e-05 3.035e-05 3.01e-05 3.095e-05 2.88e-05 3.015e-05 3e-05 2.98e-05 3.025e-05 3.04e-05 2.95e-05 3.15e-05 2.915e-05 3.025e-05 3.125e-05 3.195e-05 3.05e-05 3.215e-05 3.31e-05 3.16e-05 2.99e-05 3.06e-05 2.96e-05 3.005e-05 2.945e-05 3.06e-05 3.14e-05 3.075e-05 3.045e-05 3.12e-05 3.095e-05 3.075e-05 3.01e-05 3.135e-05 3.075e-05 3.07e-05 3.17e-05 2.92e-05 3.215e-05 2.95e-05 2.985e-05 2.9e-05 2.955e-05 3.245e-05 3.195e-05 3.03e-05 3.055e-05 3.195e-05 2.98e-05 3.105e-05 3.12e-05 3.04e-05 3.035e-05 3.085e-05 3.06e-05 2.925e-05 3.21e-05 3.04e-05 3.125e-05 3.105e-05 3.06e-05 3.06e-05
14 1.505e-05 1.56e-05 4.92e-05 4.04e-05 1.02e-05 2.075e-05 1.57e-05 4.95e-05 4.99e-05 5.025e-05 4.89e-05 4.835e-05 4.835e-05 3.015e-05 2e-07 3.08e-05 3.02e-05 3.23e-05 4.605e-05 2.625e-05 3.035e-05 5.7e-06 5.01e-05 2.365e-05 4.86e-05 4.955e-05 4.97e-05 2.465e-05 2.38e-05 4.9e-05 2.815e-05 1.28e-05 2.945e-05 2.74e-05 4.83e-05 4.96e-05 2.02e-05 4.885e-05 4.93e-05 9.8e-06 2.485e-05 2.125e-05 4.99e-05 3.02e-05 2.01e-05 2.905e-05 3.125e-05 2.97e-05 3.01e-05 1.445e-05 3.04e-05 2.045e-05 4.97e-05 3.93e-05 4.88e-05 1.865e-05 1.3e-05 5.11e-05 4.945e-05 4.895e-05 4.81e-05 2.905e-05 2.93e-05 3.03e-05 3.815e-05 1.09e-05 1.08e-05 3.09e-05 3.07e-05 1.57e-05 5.04e-05 2.67e-05 4.05e-05 2.48e-05 3.29e-05 5.02e-05 3.96e-05 2.87e-05 4.105e-05 5.01e-05 2.845e-05 3.22e-05 3.13e-05 3.9e-05 3.025e-05 5.08e-05 4.1e-05 3.005e-05 4.025e-05 2.055e-05 2.885e-05 4.93e-05 2.985e-05 3.04e-05 3.91e-05 3.975e-05 4.075e-05 2.945e-05 2.97e-05 4.945e-05
15 3.01e-05 3.075e-05 3.015e-05 3.12e-05 3.01e-05 3.045e-05 3.09e-05 2.97e-05 3.14e-05 3.025e-05 3.01e-05 3.065e-05 3.03e-05 2.915e-05 3.08e-05 5.64e-05 2.93e-05 3.235e-05 2.98e-05 3.065e-05 3.135e-05 3.09e-05 3.005e-05 3.035e-05 3.06e-05 2.925e-05 3.11e-05 3.02e-05 3.035e-05 3.11e-05 2.945e-05 3.185e-05 3.11e-05 2.955e-05 3.05e-05 3.1e-05 2.955e-05 3.04e-05 3.025e-05 2.97e-05 3.09e-05 2.955e-05 2.955e-05 2.98e-05 3.04e-05 3.015e-05 3.03e-05 3.05e-05 2.975e-05 3.17e-05 2.945e-05 3.005e-05 3.165e-05 3.19e-05 3.045e-05 3.18e-05 3.225e-05 3.055e-05 3.04e-05 3.055e-05 3.03e-05 3.03e-05 2.965e-05 3.105e-05 3.15e-05 3.06e-05 2.925e-05 3.165e-05 3.105e-05 3.09e-05 3.05e-05 3.13e-05 3.105e-05 3.105e-05 3.115e-05 2.995e-05 3.205e-05 2.98e-05 2.995e-05 2.975e-05 2.905e-05 3.21e-05 3.11e-05 3.035e-05 3.08e-05 3.15e-05 2.99e-05 3.105e-05 3.105e-05 3.025e-05 3.045e-05 3.115e-05 3.055e-05 2.955e-05 3.19e-05 3.065e-05 3.11e-05 3.11e-05 3.055e-05 3.11e-05
16 2.955e-05 3.04e-05 2.96e-05 3.09e-05 2.905e-05 3.015e-05 3.055e-05 2.825e-05 3.09e-05 2.92e-05 2.935e-05 2.965e-05 2.89e-05 2.805e-05 3.02e-05 2.93e-05 5.44e-05 3.28e-05 3.02e-05 2.96e-05 3.09e-05 3.06e-05 2.955e-05 2.96e-05 2.99e-05 2.83e-05 2.97e-05 2.965e-05 2.98e-05 3.055e-05 2.77e-05 3.245e-05 3.06e-05 2.84e-05 2.935e-05 2.96e-05 3.05e-05 3.005e-05 3.035e-05 2.99e-05 2.99e-05 3.05e-05 2.895e-05 2.97e-05 2.955e-05 2.915e-05 2.97e-05 2.995e-05 2.875e-05 3.13e-05 2.84e-05 2.98e-05 3.08e-05 3.15e-05 3e-05 3.17e-05 3.265e-05 3.12e-05 2.945e-05 3.015e-05 2.915e-05 2.945e-05 2.88e-05 3.015e-05 3.08e-05 3.03e-05 3e-05 3.075e-05 3.05e-05 3.055e-05 2.97e-05 3.095e-05 3.03e-05 3.05e-05 3.095e-05 2.845e-05 3.17e-05 2.885e-05 2.91e-05 2.915e-05 2.93e-05 3.2e-05 3.15e-05 2.985e-05 3.01e-05 3.15e-05 2.905e-05 3.06e-05 3.075e-05 2.995e-05 2.99e-05 3.04e-05 3.015e-05 2.855e-05 3.165e-05 2.99e-05 3.08e-05 3.06e-05 3.015e-05 3.015e-05
17 3.105e-05 3.105e-05 3.225e-05 2.86e-05 3.04e-05 3.04e-05 3.12e-05 3.335e-05 2.95e-05 3.225e-05 3.04e-05 3.02e-05 3.19e-05 3.325e-05 3.23e-05 3.235e-05 3.28e-05 5.34e-05 2.85e-05 3.12e-05 2.895e-05 3.165e-05 3.39e-05 3.05e-05 2.96e-05 3.2e-05 3.22e-05 3.11e-05 3.015e-05 2.955e-05 3.08e-05 2.86e-05 2.985e-05 3.085e-05 3.06e-05 3.21e-05 2.995e-05 2.84e-05 2.97e-05 2.94e-05 3.22e-05 2.945e-05 3.39e-05 3.035e-05 2.985e-05 3.125e-05 3.135e-05 2.96e-05 3.195e-05 3.195e-05 3.275e-05 3.025e-05 3.035e-05 3.08e-05 2.865e-05 3.095e-05 2.875e-05 3.01e-05 3.11e-05 2.775e-05 3.04e-05 3.035e-05 3.135e-05 3.135e-05 3.065e-05 3.065e-05 2.97e-05 3.195e-05 3.055e-05 3.12e-05 3.11e-05 2.9e-05 3.115e-05 3.06e-05 3.11e-05 3.37e-05 3.1e-05 3.125e-05 3.27e-05 3.41e-05 3.045e-05 2.94e-05 2.78e-05 2.945e-05 3.135e-05 3.025e-05 3.265e-05 2.985e-05 2.94e-05 3.02e-05 2.955e-05 2.92e-05 2.965e-05 3.27e-05 2.91e-05 3.08e-05 3.01e-05 2.985e-05 2.935e-05 3.045e-05
18 3.415e-05 3.39e-05 1.215e-05 1.525e-05 4.595e-05 3.42e-05 3.405e-05 1.275e-05 9.55e-06 1.19e-05 1.035e-05 1.025e-05 1.13e-05 3.065e-05 4.605e-05 2.98e-05 3.02e-05 2.85e-05 1.31e-05 2.705e-05 2.805e-05 4.635e-05 1.37e-05 2.64e-05 9.2e-06 1.19e-05 1.175e-05 2.775e-05 2.64e-05 1.01e-05 2.815e-05 4.73e-05 2.855e-05 2.865e-05 9.7e-06 1.165e-05 3.395e-05 9.3e-06 8.65e-06 4.535e-05 2.885e-05 3.32e-05 1.335e-05 2.81e-05 3.4e-05 2.905e-05 2.905e-05 2.74e-05 2.93e-05 3.775e-05 2.99e-05 3.43e-05 1.02e-05 2e-05 8.65e-06 3.415e-05 4.805e-05 9.65e-06 1.065e-05 9.2e-06 9.5e-06 2.725e-05 2.87e-05 2.955e-05 1.865e-05 4.665e-05 4.495e-05 3.015e-05 2.9e-05 3.405e-05 1.145e-05 2.69e-05 1.69e-05 2.745e-05 3.165e-05 1.315e-05 2.02e-05 2.87e-05 1.835e-05 1.355e-05 2.805e-05 3.005e-05 2.765e-05 1.475e-05 2.895e-05 1.06e-05 1.83e-05 2.79e-05 1.535e-05 3.4e-05 2.73e-05 9.9e-06 2.755e-05 2.985e-05 1.885e-05 1.65e-05 1.635e-05 2.855e-05 2.69e-05 1.02e-05
19 2.76e-05 2.775e-05 2.85e-05 2.85e-05 3.105e-05 3.03e-05 2.79e-05 2.795e-05 2.79e-05 2.835e-05 2.68e-05 2.8e-05 2.71e-05 3.025e-05 2.625e-05 3.065e-05 2.96e-05 3.12e-05 2.705e-05 4.89e-05 2.89e-05 2.92e-05 2.925e-05 2.55e-05 2.695e-05 2.79e-05 2.855e-05 2.765e-05 2.575e-05 2.835e-05 2.79e-05 3.325e-05 2.925e-05 2.78e-05 2.695e-05 2.845e-05 3.1e-05 2.765e-05 2.875e-05 3.085e-05 2.735e-05 3.055e-05 2.9e-05 2.98e-05 2.945e-05 2.8e-05 3.075e-05 2.815e-05 2.825e-05 2.89e-05 2.925e-05 3.04e-05 2.8e-05 2.995e-05 2.705e-05 2.97e-05 3.26e-05 2.96e-05 2.885e-05 2.76e-05 2.675e-05 2.815e-05 2.805e-05 2.93e-05 2.825e-05 3.095e-05 3.09e-05 2.99e-05 2.945e-05 2.79e-05 2.925e-05 2.71e-05 2.905e-05 2.7e-05 3.185e-05 2.855e-05 3.015e-05 2.845e-05 2.91e-05 2.92e-05 2.88e-05 3.165e-05 3.04e-05 2.735e-05 3.01e-05 2.94e-05 2.905e-05 2.845e-05 2.855e-05 3.01e-05 2.9e-05 2.765e-05 2.935e-05 2.94e-05 2.94e-05 2.825e-05 2.9e-05 2.925e-05 2.87e-05 2.805e-05
20 3.04e-05 2.965e-05 2.835e-05 2.675e-05 2.925e-05 3.005e-05 2.98e-05 2.98e-05 2.525e-05 2.88e-05 2.8e-05 2.67e-05 2.82e-05 3.135e-05 3.035e-05 3.135e-05 3.09e-05 2.895e-05 2.805e-05 2.89e-05 4.83e-05 2.995e-05 2.985e-05 2.835e-05 2.575e-05 2.985e-05 2.795e-05 3.05e-05 2.84e-05 2.55e-05 2.88e-05 3.11e-05 2.515e-05 2.83e-05 2.73e-05 2.785e-05 3.01e-05 2.635e-05 2.94e-05 2.85e-05 2.91e-05 2.95e-05 3.03e-05 2.875e-05 2.835e-05 2.71e-05 2.98e-05 2.55e-05 2.855e-05 3.055e-05 3.13e-05 2.985e-05 2.62e-05 2.76e-05 2.64e-05 3.035e-05 2.865e-05 2.835e-05 2.935e-05 2.555e-05 2.71e-05 2.925e-05 3.025e-05 2.59e-05 2.905e-05 2.735e-05 3.02e-05 2.65e-05 2.53e-05 2.98e-05 2.815e-05 2.68e-05 2.86e-05 2.765e-05 3.285e-05 3.01e-05 2.77e-05 2.975e-05 3.08e-05 3.05e-05 2.95e-05 3.05e-05 2.815e-05 2.785e-05 2.85e-05 2.78e-05 3.075e-05 2.5e-05 2.7e-05 2.985e-05 2.82e-05 2.595e-05 2.845e-05 3.125e-05 2.75e-05 2.83e-05 2.7e-05 2.51e-05 2.81e-05 2.635e-05
21 1.765e-05 1.7e-05 5.125e-05 3.93e-05 6.7e-06 1.84e-05 1.71e-05 5.185e-05 5.045e-05 5.18e-05 5.06e-05 4.965e-05 5.025e-05 3.08e-05 5.7e-06 3.09e-05 3.06e-05 3.165e-05 4.635e-05 2.92e-05 2.995e-05 1.13e-05 5.245e-05 2.725e-05 4.955e-05 5.14e-05 5.115e-05 2.73e-05 2.72e-05 4.98e-05 2.84e-05 9.3e-06 2.935e-05 2.89e-05 4.975e-05 5.105e-05 1.825e-05 4.94e-05 4.985e-05 7.65e-06 2.83e-05 1.84e-05 5.22e-05 2.95e-05 1.845e-05 2.95e-05 3.055e-05 2.935e-05 3.1e-05 1.615e-05 3.075e-05 1.765e-05 5.08e-05 3.87e-05 4.965e-05 1.815e-05 1.14e-05 5.105e-05 5.005e-05 4.945e-05 4.955e-05 2.9e-05 2.97e-05 3.035e-05 3.8e-05 7.6e-06 8.35e-06 3.095e-05 3.02e-05 1.71e-05 5.145e-05 2.82e-05 3.985e-05 2.78e-05 3.33e-05 5.225e-05 3.875e-05 2.89e-05 4.1e-05 5.24e-05 2.88e-05 3.2e-05 2.99e-05 3.835e-05 2.84e-05 5.13e-05 4.095e-05 2.975e-05 3.91e-05 1.82e-05 2.845e-05 5.045e-05 2.92e-05 3.075e-05 3.84e-05 3.94e-05 3.96e-05 2.935e-05 2.905e-05 5.04e-05
22 3.99e-05 4.06e-05 6.65e-06 2.06e-05 5.375e-05 4.255e-05 4.075e-05 5.9e-06 8.05e-06 7.25e-06 8e-06 7.5e-06 6.5e-06 2.94e-05 5.01e-05 3.005e-05 2.955e-05 3.39e-05 1.37e-05 2.925e-05 2.985e-05 5.245e-05 1.04e-05 2.925e-05 7.6e-06 7.55e-06 6.7e-06 3.04e-05 2.945e-05 7.9e-06 2.96e-05 5.6e-05 2.945e-05 2.895e-05 7.45e-06 6.6e-06 4.285e-05 9.65e-06 1.07e-05 5.38e-05 2.835e-05 4.31e-05 5.85e-06 3.055e-05 4.15e-05 2.84e-05 3.1e-05 2.96e-05 2.865e-05 4.32e-05 2.97e-05 4.21e-05 7.25e-06 2.16e-05 9.15e-06 4.3e-05 5.38e-05 1.01e-05 8.75e-06 9.95e-06 7.35e-06 3.15e-05 3.02e-05 2.815e-05 2.265e-05 5.235e-05 5.435e-05 2.865e-05 2.865e-05 4.075e-05 7.95e-06 3.065e-05 1.905e-05 2.92e-05 3.19e-05 6.25e-06 2.165e-05 3.01e-05 1.865e-05 6.05e-06 3.05e-05 3.215e-05 3.33e-05 1.98e-05 3.05e-05 8.9e-06 1.86e-05 2.96e-05 1.975e-05 4.235e-05 3.125e-05 7.95e-06 3.155e-05 2.975e-05 2.295e-05 1.86e-05 1.905e-05 2.945e-05 3.14e-05 7.4e-06
23 2.585e-05 2.595e-05 2.81e-05 2.76e-05 2.98e-05 2.935e-05 2.61e-05 2.84e-05 2.725e-05 2.845e-05 2.71e-05 2.695e-05 2.725e-05 2.98e-05 2.365e-05 3.035e-05 2.96e-05 3.05e-05 2.64e-05 2.55e-05 2.835e-05 2.725e-05 2.925e-05 4.71e-05 2.62e-05 2.815e-05 2.835e-05 2.59e-05 2.425e-05 2.72e-05 2.755e-05 3.21e-05 2.815e-05 2.7e-05 2.63e-05 2.825e-05 2.95e-05 2.665e-05 2.785e-05 2.95e-05 2.595e-05 2.96e-05 2.905e-05 2.925e-05 2.835e-05 2.81e-05 2.985e-05 2.765e-05 2.85e-05 2.695e-05 2.975e-05 2.93e-05 2.74e-05 2.905e-05 2.625e-05 2.82e-05 3.195e-05 2.925e-05 2.83e-05 2.67e-05 2.61e-05 2.755e-05 2.865e-05 2.905e-05 2.745e-05 3.015e-05 3.03e-05 2.965e-05 2.91e-05 2.61e-05 2.86e-05 2.615e-05 2.845e-05 2.515e-05 3.2e-05 2.91e-05 2.93e-05 2.825e-05 2.925e-05 2.925e-05 2.815e-05 3.105e-05 2.97e-05 2.63e-05 2.935e-05 2.875e-05 2.92e-05 2.795e-05 2.75e-05 2.915e-05 2.79e-05 2.73e-05 2.845e-05 2.97e-05 2.855e-05 2.775e-05 2.83e-05 2.815e-05 2.81e-05 2.74e-05
24 3.795e-05 3.73e-05 6.15e-06 1.56e-05 5.005e-05 3.885e-05 3.745e-05 7.2e-06 3.7e-06 6.9e-06 6.05e-06 4.85e-06 5.8e-06 3.035e-05 4.86e-05 3.06e-05 2.99e-05 2.96e-05 9.2e-06 2.695e-05 2.575e-05 4.955e-05 7.6e-06 2.62e-05 6e-06 7.55e-06 5.8e-06 2.845e-05 2.655e-05 3.75e-06 2.78e-05 5.19e-05 2.56e-05 2.755e-05 4.45e-06 5.7e-06 3.935e-05 5.35e-06 7.6e-06 4.97e-05 2.715e-05 3.86e-05 7.9e-06 2.815e-05 3.745e-05 2.655e-05 2.945e-05 2.56e-05 2.805e-05 4.025e-05 3.03e-05 3.875e-05 4.65e-06 1.755e-05 4.85e-06 3.835e-05 5.02e-05 6.85e-06 7.1e-06 5.5e-06 4.25e-06 2.83e-05 2.925e-05 2.605e-05 1.84e-05 4.86e-05 5.11e-05 2.665e-05 2.51e-05 3.745e-05 6.2e-06 2.635e-05 1.605e-05 2.62e-05 3.185e-05 7.7e-06 1.765e-05 2.87e-05 1.8e-05 8.1e-06 2.865e-05 2.975e-05 2.9e-05 1.46e-05 2.79e-05 6.1e-06 1.795e-05 2.555e-05 1.495e-05 3.865e-05 2.775e-05 5.1e-06 2.81e-05 3.02e-05 1.84e-05 1.56e-05 1.455e-05 2.56e-05 2.78e-05 4.7e-06
25 3.895e-05 3.95e-05 7.25e-06 1.92e-05 5.22e-05 4.1e-05 3.965e-05 6.1e-06 8.45e-06 6.75e-06 6.55e-06 7.85e-06 7.05e-06 2.905e-05 4.955e-05 2.925e-05 2.83e-05 3.2e-05 1.19e-05 2.79e-05 2.985e-05 5.14e-05 7.55e-06 2.815e-05 7.55e-06 9.7e-06 8.45e-06 2.945e-05 2.815e-05 8.15e-06 2.85e-05 5.4e-05 2.95e-05 2.815e-05 7.6e-06 8.35e-06 4.11e-05 7.55e-06 9.5e-06 5.19e-05 2.895e-05 4.105e-05 7.15e-06 3.015e-05 3.985e-05 2.83e-05 2.99e-05 2.885e-05 2.735e-05 4.21e-05 2.86e-05 4.065e-05 8.7e-06 2.145e-05 6.7e-06 4.12e-05 5.315e-05 9.8e-06 8.95e-06 7.75e-06 7.4e-06 2.965e-05 2.875e-05 2.96e-05 2.07e-05 5.18e-05 5.255e-05 3.02e-05 2.965e-05 3.965e-05 7.75e-06 2.91e-05 1.91e-05 2.895e-05 3.01e-05 6.6e-06 2.16e-05 2.905e-05 1.725e-05 7.35e-06 2.925e-05 3.18e-05 3.14e-05 1.815e-05 3.06e-05 9.65e-06 1.72e-05 2.92e-05 1.895e-05 4.08e-05 3.015e-05 8.35e-06 3.025e-05 2.885e-05 2.155e-05 1.83e-05 1.9e-05 2.95e-05 3.025e-05 8.3e-06
26 3.845e-05 3.94e-05 7e-06 1.91e-05 5.11e-05 4.025e-05 3.955e-05 5.9e-06 6.6e-06 8.05e-06 7.8e-06 4.1e-06 3.05e-06 3.015e-05 4.97e-05 3.11e-05 2.97e-05 3.22e-05 1.175e-05 2.855e-05 2.795e-05 5.115e-05 6.7e-06 2.835e-05 5.8e-06 8.45e-06 1e-06 2.895e-05 2.855e-05 6.3e-06 2.755e-05 5.37e-05 2.755e-05 2.72e-05 4e-06 7.5e-07 4.07e-05 8.55e-06 7.25e-06 5.2e-05 2.525e-05 4.085e-05 5.25e-06 2.64e-05 3.88e-05 2.555e-05 3.115e-05 2.66e-05 2.96e-05 4.185e-05 3.01e-05 3.975e-05 6e-06 1.94e-05 8e-06 4.075e-05 5.12e-05 8.8e-06 4.55e-06 8.75e-06 3.7e-06 2.955e-05 2.91e-05 2.38e-05 2.085e-05 4.89e-05 5.18e-05 2.45e-05 2.52e-05 3.955e-05 6.3e-06 2.96e-05 1.515e-05 2.81e-05 3.24e-05 5.05e-06 1.94e-05 2.83e-05 1.935e-05 5.4e-06 2.925e-05 2.8e-05 3.16e-05 1.81e-05 2.65e-05 5.45e-06 1.93e-05 2.755e-05 1.785e-05 4.005e-05 2.945e-05 5.9e-06 2.985e-05 3.02e-05 2.12e-05 1.585e-05 1.695e-05 2.755e-05 2.97e-05 3.55e-06
27 2.46e-05 2.615e-05 2.97e-05 2.855e-05 2.87e-05 2.735e-05 2.63e-05 2.965e-05 2.945e-05 3.03e-05 2.84e-05 2.805e-05 2.83e-05 2.985e-05 2.465e-05 3.02e-05 2.965e-05 3.11e-05 2.775e-05 2.765e-05 3.05e-05 2.73e-05 3.04e-05 2.59e-05 2.845e-05 2.945e-05 2.895e-05 4.91e-05 2.6e-05 2.885e-05 2.765e-05 3.12e-05 2.985e-05 2.8e-05 2.8e-05 2.885e-05 2.79e-05 2.82e-05 2.78e-05 2.875e-05 2.675e-05 2.845e-05 3.005e-05 2.86e-05 2.83e-05 2.95e-05 2.945e-05 2.975e-05 3.065e-05 2.735e-05 2.93e-05 2.71e-05 2.92e-05 2.98e-05 2.82e-05 2.775e-05 3.24e-05 2.975e-05 2.675e-05 2.86e-05 2.78e-05 2.745e-05 2.795e-05 3.025e-05 2.895e-05 3.035e-05 2.83e-05 3.085e-05 3.06e-05 2.63e-05 2.905e-05 2.795e-05 2.845e-05 2.68e-05 3.225e-05 3.01e-05 3.005e-05 2.73e-05 2.965e-05 3.025e-05 2.795e-05 3.09e-05 2.995e-05 2.74e-05 2.92e-05 2.98e-05 2.96e-05 3.03e-05 2.835e-05 2.715e-05 2.755e-05 2.875e-05 2.76e-05 2.93e-05 2.95e-05 2.795e-05 2.885e-05 2.985e-05 2.78e-05 2.885e-05
28 2.595e-05 2.615e-05 2.825e-05 2.77e-05 2.99e-05 2.945e-05 2.625e-05 2.86e-05 2.755e-05 2.87e-05 2.715e-05 2.705e-05 2.745e-05 3e-05 2.38e-05 3.035e-05 2.98e-05 3.015e-05 2.64e-05 2.575e-05 2.84e-05 2.72e-05 2.945e-05 2.425e-05 2.655e-05 2.815e-05 2.855e-05 2.6e-05 4.75e-05 2.725e-05 2.775e-05 3.205e-05 2.82e-05 2.72e-05 2.67e-05 2.845e-05 2.94e-05 2.665e-05 2.76e-05 2.94e-05 2.605e-05 2.96e-05 2.925e-05 2.925e-05 2.855e-05 2.825e-05 3e-05 2.795e-05 2.885e-05 2.705e-05 2.975e-05 2.93e-05 2.775e-05 2.91e-05 2.64e-05 2.83e-05 3.195e-05 2.895e-05 2.84e-05 2.66e-05 2.65e-05 2.795e-05 2.855e-05 2.92e-05 2.785e-05 3.02e-05 3.01e-05 2.98e-05 2.92e-05 2.625e-05 2.865e-05 2.585e-05 2.865e-05 2.54e-05 3.205e-05 2.93e-05 2.935e-05 2.835e-05 2.945e-05 2.945e-05 2.815e-05 3.11e-05 2.935e-05 2.67e-05 2.945e-05 2.9e-05 2.94e-05 2.825e-05 2.775e-05 2.925e-05 2.78e-05 2.71e-05 2.85e-05 2.97e-05 2.825e-05 2.795e-05 2.845e-05 2.82e-05 2.805e-05 2.765e-05
29 3.835e-05 3.775e-05 5.95e-06 1.58e-05 5.03e-05 3.94e-05 3.79e-05 7.95e-06 3.25e-06 7.05e-06 6.2e-06 4.1e-06 6.5e-06 3.1e-05 4.9e-05 3.11e-05 3.055e-05 2.955e-05 1.01e-05 2.835e-05 2.55e-05 4.98e-05 7.9e-06 2.72e-05 3.75e-06 8.15e-06 6.3e-06 2.885e-05 2.725e-05 4.6e-06 2.845e-05 5.205e-05 2.43e-05 2.79e-05 5.8e-06 6.2e-06 3.9e-05 5.2e-06 7.4e-06 4.895e-05 2.76e-05 3.89e-05 8.6e-06 2.85e-05 3.79e-05 2.705e-05 2.945e-05 2.585e-05 2.87e-05 4.05e-05 3.12e-05 3.9e-05 4.4e-06 1.72e-05 4.9e-06 3.84e-05 5.01e-05 6.6e-06 7.55e-06 5.6e-06 5.6e-06 2.94e-05 3.015e-05 2.61e-05 1.925e-05 4.87e-05 5.16e-05 2.67e-05 2.48e-05 3.79e-05 6.1e-06 2.65e-05 1.655e-05 2.61e-05 3.24e-05 8.4e-06 1.735e-05 2.945e-05 1.87e-05 8.8e-06 2.89e-05 3.01e-05 2.895e-05 1.595e-05 2.82e-05 6.1e-06 1.865e-05 2.555e-05 1.49e-05 3.92e-05 2.72e-05 5.15e-06 2.81e-05 3.11e-05 1.83e-05 1.615e-05 1.445e-05 2.44e-05 2.795e-05 4.65e-06
30 2.755e-05 2.835e-05 2.895e-05 2.885e-05 2.69e-05 2.815e-05 2.85e-05 2.835e-05 2.88e-05 2.93e-05 2.79e-05 2.755e-05 2.635e-05 2.835e-05 2.815e-05 2.945e-05 2.77e-05 3.08e-05 2.815e-05 2.79e-05 2.88e-05 2.84e-05 2.96e-05 2.755e-05 2.78e-05 2.85e-05 2.755e-05 2.765e-05 2.775e-05 2.845e-05 5.05e-05 3.03e-05 2.85e-05 2.66e-05 2.725e-05 2.745e-05 2.85e-05 2.805e-05 2.83e-05 2.79e-05 2.78e-05 2.85e-05 2.9e-05 2.765e-05 2.755e-05 2.665e-05 2.965e-05 2.785e-05 2.89e-05 2.895e-05 2.86e-05 2.765e-05 2.87e-05 2.94e-05 2.8e-05 2.965e-05 3.06e-05 2.99e-05 2.74e-05 2.815e-05 2.705e-05 2.745e-05 2.74e-05 2.8e-05 2.845e-05 2.805e-05 2.805e-05 2.86e-05 2.835e-05 2.85e-05 2.89e-05 2.86e-05 2.82e-05 2.84e-05 3.115e-05 2.855e-05 2.93e-05 2.645e-05 2.925e-05 2.92e-05 2.75e-05 2.995e-05 2.95e-05 2.78e-05 2.785e-05 2.935e-05 2.92e-05 2.85e-05 2.865e-05 2.795e-05 2.79e-05 2.83e-05 2.815e-05 2.88e-05 2.955e-05 2.775e-05 2.87e-05 2.85e-05 2.815e-05 2.8e-05
31 2.155e-05 2.09e-05 5.45e-05 4.05e-05 6.55e-06 1.86e-05 2.105e-05 5.52e-05 5.24e-05 5.46e-05 5.31e-05 5.22e-05 5.34e-05 3.29e-05 1.28e-05 3.185e-05 3.245e-05 2.86e-05 4.73e-05 3.325e-05 3.11e-05 9.3e-06 5.6e-05 3.21e-05 5.19e-05 5.4e-05 5.37e-05 3.12e-05 3.205e-05 5.205e-05 3.03e-05 1.06e-05 3.095e-05 3.14e-05 5.24e-05 5.36e-05 1.82e-05 5.08e-05 5.105e-05 7.25e-06 3.32e-05 1.765e-05 5.555e-05 2.97e-05 1.905e-05 3.15e-05 3.145e-05 3.05e-05 3.325e-05 1.995e-05 3.255e-05 1.785e-05 5.325e-05 4e-05 5.14e-05 2.005e-05 7.9e-06 5.185e-05 5.17e-05 5.085e-05 5.22e-05 3.025e-05 3.13e-05 3.195e-05 3.97e-05 7.55e-06 7.2e-06 3.255e-05 3.13e-05 2.105e-05 5.335e-05 3.135e-05 4.15e-05 3.23e-05 3.13e-05 5.535e-05 4e-05 3.06e-05 4.32e-05 5.575e-05 3e-05 2.945e-05 2.86e-05 4.01e-05 2.95e-05 5.195e-05 4.315e-05 3.11e-05 4.045e-05 1.84e-05 2.97e-05 5.265e-05 2.99e-05 3.255e-05 3.945e-05 4.13e-05 4.095e-05 3.095e-05 2.99e-05 5.265e-05
32 2.975e-05 2.915e-05 2.765e-05 2.77e-05 2.9e-05 2.995e-05 2.93e-05 2.935e-05 2.525e-05 2.86e-05 2.78e-05 2.56e-05 2.78e-05 3.105e-05 2.945e-05 3.11e-05 3.06e-05 2.985e-05 2.855e-05 2.925e-05 2.515e-05 2.935e-05 2.945e-05 2.815e-05 2.56e-05 2.95e-05 2.755e-05 2.985e-05 2.82e-05 2.43e-05 2.85e-05 3.095e-05 4.81e-05 2.77e-05 2.715e-05 2.745e-05 2.95e-05 2.635e-05 2.885e-05 2.77e-05 2.845e-05 2.94e-05 2.99e-05 2.85e-05 2.82e-05 2.685e-05 2.975e-05 2.565e-05 2.87e-05 2.98e-05 3.125e-05 2.95e-05 2.62e-05 2.705e-05 2.645e-05 2.98e-05 2.86e-05 2.84e-05 2.895e-05 2.655e-05 2.695e-05 2.945e-05 3.02e-05 2.565e-05 2.9e-05 2.715e-05 3.03e-05 2.62e-05 2.505e-05 2.93e-05 2.775e-05 2.745e-05 2.835e-05 2.72e-05 3.265e-05 2.97e-05 2.72e-05 2.95e-05 3.055e-05 3.01e-05 2.895e-05 3.03e-05 2.9e-05 2.785e-05 2.815e-05 2.76e-05 3.05e-05 2.51e-05 2.695e-05 2.975e-05 2.745e-05 2.665e-05 2.84e-05 3.12e-05 2.81e-05 2.8e-05 2.675e-05 2.42e-05 2.825e-05 2.615e-05
33 2.79e-05 2.87e-05 2.77e-05 2.94e-05 2.865e-05 2.96e-05 2.885e-05 2.805e-05 2.855e-05 2.91e-05 2.755e-05 2.69e-05 2.665e-05 2.865e-05 2.74e-05 2.955e-05 2.84e-05 3.085e-05 2.865e-05 2.78e-05 2.83e-05 2.89e-05 2.895e-05 2.7e-05 2.755e-05 2.815e-05 2.72e-05 2.8e-05 2.72e-05 2.79e-05 2.66e-05 3.14e-05 2.77e-05 4.94e-05 2.69e-05 2.71e-05 2.965e-05 2.77e-05 2.84e-05 2.89e-05 2.725e-05 2.99e-05 2.825e-05 2.82e-05 2.75e-05 2.67e-05 3.025e-05 2.725e-05 2.835e-05 2.935e-05 2.92e-05 2.925e-05 2.845e-05 2.97e-05 2.765e-05 3.06e-05 3.05e-05 3.045e-05 2.795e-05 2.78e-05 2.67e-05 2.81e-05 2.795e-05 2.75e-05 2.915e-05 2.855e-05 2.945e-05 2.81e-05 2.79e-05 2.885e-05 2.85e-05 2.875e-05 2.875e-05 2.795e-05 3.125e-05 2.825e-05 3e-05 2.76e-05 2.985e-05 2.845e-05 2.71e-05 3e-05 3e-05 2.835e-05 2.855e-05 2.935e-05 2.98e-05 2.795e-05 2.93e-05 2.94e-05 2.815e-05 2.805e-05 2.87e-05 2.935e-05 2.99e-05 2.835e-05 2.935e-05 2.77e-05 2.87e-05 2.775e-05
34 3.75e-05 3.76e-05 7e-06 1.69e-05 5.01e-05 3.89e-05 3.775e-05 6.6e-06 5.85e-06 7.6e-06 6.8e-06 4.8e-06 4.65e-06 2.98e-05 4.83e-05 3.05e-05 2.935e-05 3.06e-05 9.7e-06 2.695e-05 2.73e-05 4.975e-05 7.45e-06 2.63e-05 4.45e-06 7.6e-06 4e-06 2.8e-05 2.67e-05 5.8e-06 2.725e-05 5.24e-05 2.715e-05 2.69e-05 7e-06 3.9e-06 3.97e-05 6.75e-06 6.95e-06 5.055e-05 2.61e-05 3.92e-05 6.75e-06 2.74e-05 3.75e-05 2.635e-05 3.005e-05 2.63e-05 2.845e-05 4.045e-05 2.965e-05 3.88e-05 5.7e-06 1.895e-05 6.1e-06 3.9e-05 5.105e-05 8.25e-06 5.9e-06 6.75e-06 3.6e-06 2.805e-05 2.86e-05 2.585e-05 1.89e-05 4.9e-05 5.085e-05 2.625e-05 2.635e-05 3.775e-05 6.45e-06 2.76e-05 1.56e-05 2.7e-05 3.175e-05 6.55e-06 1.905e-05 2.805e-05 1.82e-05 6.95e-06 2.855e-05 2.9e-05 3e-05 1.53e-05 2.735e-05 6.35e-06 1.815e-05 2.69e-05 1.635e-05 3.87e-05 2.82e-05 5.75e-06 2.87e-05 2.965e-05 1.96e-05 1.56e-05 1.62e-05 2.715e-05 2.84e-05 4.75e-06
35 3.835e-05 3.93e-05 6.9e-06 1.9e-05 5.1e-05 4.015e-05 3.945e-05 5.8e-06 6.5e-06 7.95e-06 7.7e-06 4e-06 2.95e-06 3.005e-05 4.96e-05 3.1e-05 2.96e-05 3.21e-05 1.165e-05 2.845e-05 2.785e-05 5.105e-05 6.6e-06 2.825e-05 5.7e-06 8.35e-06 7.5e-07 2.885e-05 2.845e-05 6.2e-06 2.745e-05 5.36e-05 2.745e-05 2.71e-05 3.9e-06 8e-07 4.06e-05 8.45e-06 7.15e-06 5.19e-05 2.505e-05 4.075e-05 5.05e-06 2.63e-05 3.87e-05 2.545e-05 3.105e-05 2.65e-05 2.95e-05 4.175e-05 3e-05 3.965e-05 5.9e-06 1.93e-05 7.9e-06 4.065e-05 5.11e-05 8.7e-06 4.45e-06 8.65e-06 3.6e-06 2.945e-05 2.9e-05 2.37e-05 2.075e-05 4.88e-05 5.17e-05 2.44e-05 2.51e-05 3.945e-05 6.2e-06 2.95e-05 1.505e-05 2.8e-05 3.23e-05 4.95e-06 1.93e-05 2.82e-05 1.925e-05 5.25e-06 2.915e-05 2.785e-05 3.15e-05 1.8e-05 2.64e-05 5.35e-06 1.92e-05 2.745e-05 1.775e-05 3.995e-05 2.935e-05 5.8e-06 2.975e-05 3.01e-05 2.11e-05 1.575e-05 1.685e-05 2.745e-05 2.96e-05 3.4e-06
36 1.82e-05 1.79e-05 4.125e-05 2.755e-05 1.64e-05 1.64e-05 1.805e-05 4.21e-05 3.96e-05 4.17e-05 3.995e-05 3.9e-05 4.05e-05 3.09e-05 2.02e-05 2.955e-05 3.05e-05 2.995e-05 3.395e-05 3.1e-05 3.01e-05 1.825e-05 4.285e-05 2.95e-05 3.935e-05 4.11e-05 4.07e-05 2.79e-05 2.94e-05 3.9e-05 2.85e-05 1.82e-05 2.95e-05 2.965e-05 3.97e-05 4.06e-05 2.94e-05 3.845e-05 3.715e-05 1.625e-05 3.04e-05 1.525e-05 4.245e-05 2.78e-05 1.745e-05 3.035e-05 2.955e-05 2.94e-05 3.17e-05 2.005e-05 3.05e-05 1.605e-05 4.02e-05 2.98e-05 3.86e-05 1.74e-05 2.08e-05 3.85e-05 3.82e-05 3.865e-05 3.95e-05 2.845e-05 2.915e-05 3.07e-05 2.98e-05 1.805e-05 1.585e-05 3.13e-05 3.02e-05 1.805e-05 4.04e-05 2.98e-05 2.83e-05 2.965e-05 3.24e-05 4.23e-05 3.005e-05 2.87e-05 2.995e-05 4.265e-05 2.775e-05 3.06e-05 2.805e-05 2.72e-05 2.825e-05 3.975e-05 2.99e-05 3e-05 2.74e-05 1.62e-05 2.75e-05 3.99e-05 2.79e-05 3.05e-05 2.945e-05 2.805e-05 2.79e-05 2.95e-05 2.79e-05 3.98e-05
37 3.77e-05 3.78e-05 7.95e-06 1.585e-05 4.92e-05 3.835e-05 3.795e-05 9.2e-06 5.1e-06 7.9e-06 5.5e-06 6.25e-06 8e-06 3.05e-05 4.885e-05 3.04e-05 3.005e-05 2.84e-05 9.3e-06 2.765e-05 2.635e-05 4.94e-05 9.65e-06 2.665e-05 5.35e-06 7.55e-06 8.55e-06 2.82e-05 2.665e-05 5.2e-06 2.805e-05 5.08e-05 2.635e-05 2.77e-05 6.75e-06 8.45e-06 3.845e-05 5.7e-06 7.7e-06 4.83e-05 2.865e-05 3.805e-05 1e-05 2.86e-05 3.725e-05 2.81e-05 2.825e-05 2.635e-05 2.845e-05 4.06e-05 3.055e-05 3.81e-05 6e-06 1.895e-05 4.1e-06 3.855e-05 5.01e-05 7.7e-06 8.1e-06 3.75e-06 6.55e-06 2.775e-05 2.91e-05 2.815e-05 1.895e-05 4.905e-05 4.97e-05 2.875e-05 2.725e-05 3.795e-05 6.9e-06 2.61e-05 1.78e-05 2.66e-05 3.175e-05 9.8e-06 1.915e-05 2.865e-05 1.91e-05 1.02e-05 2.845e-05 3.03e-05 2.77e-05 1.59e-05 2.9e-05 7.75e-06 1.905e-05 2.63e-05 1.56e-05 3.815e-05 2.73e-05 6e-06 2.635e-05 3.045e-05 1.835e-05 1.725e-05 1.635e-05 2.635e-05 2.645e-05 6.35e-06
38 3.73e-05 3.765e-05 9.4e-06 1.68e-05 4.935e-05 3.785e-05 3.78e-05 9.75e-06 7.95e-06 9.85e-06 8.3e-06 6.35e-06 7.7e-06 3.08e-05 4.93e-05 3.025e-05 3.035e-05 2.97e-05 8.65e-06 2.875e-05 2.94e-05 4.985e-05 1.07e-05 2.785e-05 7.6e-06 9.5e-06 7.25e-06 2.78e-05 2.76e-05 7.4e-06 2.83e-05 5.105e-05 2.885e-05 2.84e-05 6.95e-06 7.15e-06 3.715e-05 7.7e-06 9.2e-06 4.87e-05 2.82e-05 3.715e-05 9.7e-06 2.775e-05 3.755e-05 2.925e-05 2.99e-05 2.845e-05 3.05e-05 4.085e-05 3.025e-05 3.77e-05 8.05e-06 2.035e-05 7.1e-06 3.785e-05 5.185e-05 7.6e-06 6.85e-06 7.7e-06 6.75e-06 2.845e-05 2.905e-05 2.925e-05 1.98e-05 5.01e-05 4.85e-05 2.985e-05 2.95e-05 3.78e-05 8.4e-06 2.84e-05 1.675e-05 2.84e-05 3.215e-05 9.5e-06 2.06e-05 2.885e-05 1.91e-05 9.95e-06 2.825e-05 2.97e-05 2.885e-05 1.635e-05 2.855e-05 7.95e-06 1.905e-05 2.93e-05 1.68e-05 3.765e-05 2.74e-05 7.65e-06 2.84e-05 3.03e-05 1.965e-05 1.69e-05 1.74e-05 2.885e-05 2.795e-05 7.3e-06
39 1.91e-05 1.91e-05 5.19e-05 3.895e-05 4.85e-06 1.695e-05 1.925e-05 5.31e-05 4.99e-05 5.24e-05 5.065e-05 4.945e-05 5.17e-05 3.035e-05 9.8e-06 2.97e-05 2.99e-05 2.94e-05 4.535e-05 3.085e-05 2.85e-05 7.65e-06 5.38e-05 2.95e-05 4.97e-05 5.19e-05 5.2e-05 2.875e-05 2.94e-05 4.895e-05 2.79e-05 7.25e-06 2.77e-05 2.89e-05 5.055e-05 5.19e-05 1.625e-05 4.83e-05 4.87e-05 6e-06 3.085e-05 1.62e-05 5.37e-05 2.735e-05 1.76e-05 2.965e-05 2.885e-05 2.83e-05 3.09e-05 1.835e-05 3.015e-05 1.68e-05 5.075e-05 3.845e-05 4.9e-05 1.875e-05 8.65e-06 4.975e-05 4.99e-05 4.835e-05 5.035e-05 2.785e-05 2.88e-05 2.975e-05 3.855e-05 6.4e-06 4.6e-06 3.035e-05 2.91e-05 1.925e-05 5.115e-05 2.915e-05 4.035e-05 2.96e-05 3.24e-05 5.35e-05 3.87e-05 2.84e-05 4.19e-05 5.39e-05 2.715e-05 3.07e-05 2.745e-05 3.88e-05 2.85e-05 5.105e-05 4.185e-05 2.855e-05 3.895e-05 1.67e-05 2.64e-05 5.035e-05 2.72e-05 3.01e-05 3.795e-05 3.995e-05 3.945e-05 2.77e-05 2.715e-05 5.06e-05
40 2.67e-05 2.745e-05 2.805e-05 2.97e-05 3.06e-05 3.045e-05 2.755e-05 2.765e-05 2.82e-05 2.91e-05 2.83e-05 2.615e-05 2.57e-05 3.01e-05 2.485e-05 3.09e-05 2.99e-05 3.22e-05 2.885e-05 2.735e-05 2.91e-05 2.83e-05 2.835e-05 2.595e-05 2.715e-05 2.895e-05 2.525e-05 2.675e-05 2.605e-05 2.76e-05 2.78e-05 3.32e-05 2.845e-05 2.725e-05 2.61e-05 2.505e-05 3.04e-05 2.865e-05 2.82e-05 3.085e-05 4.96e-05 3.1e-05 2.74e-05 2.83e-05 2.94e-05 2.725e-05 3.115e-05 2.81e-05 2.98e-05 2.81e-05 3.02e-05 3.005e-05 2.78e-05 2.93e-05 2.835e-05 2.965e-05 3.205e-05 2.99e-05 2.7e-05 2.88e-05 2.59e-05 2.925e-05 2.915e-05 2.705e-05 2.945e-05 2.985e-05 3.125e-05 2.765e-05 2.79e-05 2.755e-05 2.83e-05 2.81e-05 2.775e-05 2.64e-05 3.26e-05 2.755e-05 2.945e-05 2.845e-05 3.015e-05 2.775e-05 2.88e-05 3.01e-05 3.14e-05 2.85e-05 2.83e-05 2.81e-05 3.01e-05 2.875e-05 2.9e-05 3.025e-05 2.91e-05 2.755e-05 2.98e-05 3.025e-05 3.01e-05 2.775e-05 2.88e-05 2.845e-05 2.965e-05 2.65e-05
