 slim_337517636 slim_337517509 slim_337517224 slim_337517337 slim_337517591 slim_337517511 slim_337517608 slim_337517648 slim_337517518 slim_337517605 slim_337517426 slim_337517508 slim_337517652 slim_337517599 slim_337517502 slim_337517594 slim_337517613 slim_337517593 slim_337517612 slim_337517500 slim_337517453 slim_337517420 slim_337517635 slim_337517504 slim_337517641 slim_337517651 slim_337517422 slim_337517629 slim_337517633 slim_337517657 slim_337517556 slim_337517650 slim_337517589 slim_337517628 slim_337517525 slim_337517621 slim_337517487 slim_337517632 slim_337517617 slim_337517524 slim_337517577 slim_337517638 slim_337517506 slim_337517643 slim_337517542 slim_337517627 slim_337517568 slim_337517625 slim_337517602 slim_337517534 slim_337517653 slim_337517631 slim_337517560 slim_337517640 slim_337517513 slim_337517601 slim_337517637 slim_337517578 slim_337517529 slim_337517595 slim_337517417 slim_337517611 slim_337517515 slim_337517623 slim_337517444 slim_337517490 slim_337517579 slim_337517624 slim_337517546 slim_337517092 slim_337517449 slim_337517622 slim_337517597 slim_337517561 slim_337517604 slim_337517618 slim_337517234 slim_337517590 slim_337517647 slim_337517557 slim_337517537 slim_337517563 slim_337517491 slim_337517655 slim_337517607 slim_337517656 slim_337517614 slim_337517586 slim_337517410 slim_337517567 slim_337517457 slim_337517335 slim_337517588 slim_337517443 slim_337517576 slim_337517197 slim_337517200 slim_337517415 slim_337517580 slim_337517583
0 0.0005683 0.00043555 0.00045895 0.00056135 0.0004444 0.00054655 0.00056155 0.00051785 0.0005966 0.0004541 0.0004486 0.0003427 0.00062695 0.00036765 0.00054665 0.00047255 0.0005614 0.0005025 0.0005747 0.00056825 0.00033585 0.00061975 0.00045175 0.00044895 0.000503 0.0005472 0.0005747 0.00052765 0.00062675 0.0005877 0.0005902 0.00047795 0.0003931 0.0004725 0.00044635 0.00048435 0.00059705 0.00057585 0.00048815 0.000515 0.00040855 0.0005359 0.00059645 0.00063825 0.00051785 0.00061645 0.00045905 0.00050235 0.0005031 0.00048945 0.00056155 0.00040825 0.0005406 0.00033545 0.00051905 0.00047765 0.00064455 0.00037565 0.0004678 0.0004155 0.00058305 0.0006112 0.00060815 0.0003671 0.00042825 0.0004927 0.0004376 0.0004541 0.00059775 0.0005309 0.00054515 0.00047225 0.00046085 0.00051415 0.0004374 0.0004069 0.0005094 0.00054115 0.0004491 0.0005191 0.00046075 0.00039315 0.00042215 0.0003861 0.0004725 0.00051865 0.00052425 0.0004804 0.000473 0.00052475 0.00062685 0.00061025 0.0005328 0.0005586 0.00046065 0.0003588 0.00056135 0.00053495 0.0005822 0.00045035
1 0.00043555 0.0002679 0.00049475 0.00031065 0.0005146 0.00033045 0.00031085 0.00028785 0.00039155 0.00049 0.0002876 0.0003436 0.00043585 0.0005071 0.00033055 0.0003524 0.0003107 0.0005429 0.0002995 0.0003392 0.0005346 0.00042015 0.00048755 0.00028795 0.0003076 0.00033605 0.0002995 0.00045955 0.00042175 0.00029855 0.0003534 0.00031695 0.00042795 0.0004837 0.0004825 0.0005334 0.00031255 0.00035865 0.0003924 0.00018985 0.0004447 0.00027085 0.0003914 0.0004332 0.0003422 0.0003412 0.0003633 0.00049055 0.0003077 0.00039635 0.00031085 0.0004419 0.00025195 0.00063745 0.000367 0.00033055 0.0004319 0.0005148 0.0002804 0.00069265 0.00041265 0.00038955 0.00036165 0.00062065 0.00042795 0.00043495 0.0003042 0.00049 0.00039275 0.0002765 0.00026085 0.00056795 0.00057435 0.00041275 0.00047355 0.0004769 0.0004163 0.00031615 0.0002881 0.00036705 0.00057425 0.00042795 0.00043365 0.0005905 0.0004836 0.00038795 0.0004395 0.0005301 0.00048405 0.0006199 0.00042185 0.00030135 0.0002682 0.00056465 0.0005742 0.0003739 0.00031065 0.0003782 0.0003323 0.0003678
2 0.00045895 0.00049475 0.0008764 0.00055385 0.00053885 0.0006537 0.00055405 0.0005385 0.0005347 0.0005202 0.00049595 0.0004594 0.0006494 0.00048455 0.0006538 0.0005387 0.0005539 0.00044505 0.0006536 0.00056795 0.00043945 0.00058595 0.0004447 0.0004964 0.00063855 0.0006262 0.0006536 0.00045705 0.0005344 0.0005193 0.00066895 0.00049685 0.0004395 0.0005387 0.00052565 0.0005504 0.00051925 0.00044495 0.00043935 0.000594 0.00045905 0.000612 0.00053455 0.0005147 0.00049045 0.0006343 0.0004387 0.0005401 0.00063865 0.0006259 0.00055405 0.00045865 0.0006196 0.0004591 0.0006263 0.00061135 0.0006291 0.0004966 0.000527 0.0004395 0.0006339 0.00058615 0.0005503 0.000484 0.00049435 0.0005349 0.0005541 0.0005202 0.00053385 0.0006382 0.00053895 0.0005546 0.00052695 0.00059155 0.00045935 0.0005572 0.00057555 0.0005901 0.00049655 0.00062635 0.00052685 0.0004395 0.00055905 0.00043935 0.0005387 0.0005521 0.0005037 0.0005596 0.00053915 0.00053445 0.0005345 0.00061885 0.00043905 0.0006387 0.0005268 0.0004754 0.00055385 0.0005004 0.00061905 0.00058415
3 0.00056135 0.00031065 0.00055385 0.0006156 0.00058545 0.00033985 0.00030805 0.00034035 0.0003732 0.00057395 0.00038735 0.00048625 0.000375 0.00062515 0.00033995 0.000456 0.0003079 0.00059915 0.00030895 0.00033725 0.0006542 0.0004039 0.00054625 0.00038725 0.00037185 0.00037445 0.00030895 0.00051965 0.00040365 0.0003505 0.00030795 0.00041635 0.0005542 0.0005548 0.0005665 0.0005541 0.00036195 0.00037025 0.00048365 0.0003113 0.00050345 0.00032765 0.00037305 0.00041535 0.0003879 0.00035055 0.0004549 0.00053615 0.00037195 0.0004343 0.00030805 0.0005011 0.00032955 0.0007314 0.00040535 0.0003872 0.00038325 0.0006329 0.00037415 0.00077025 0.00040665 0.00038605 0.0003611 0.00070405 0.0005557 0.0004886 0.00036845 0.00057395 0.000375 0.000341 0.00031295 0.0005685 0.0006193 0.000454 0.0005324 0.000548 0.00047675 0.0003707 0.0003874 0.0004054 0.0006192 0.0005542 0.0005048 0.00070045 0.0005545 0.0004501 0.0005013 0.00054615 0.00055495 0.0006205 0.00040375 0.00036325 0.000308 0.00051245 0.00061915 0.00048455 0.0003078 0.0004491 0.00039395 0.0004532
4 0.0004444 0.0005146 0.00053885 0.00058545 0.0007066 0.0004005 0.00058565 0.0005385 0.0006562 0.0003851 0.0005783 0.00047275 0.0005184 0.00042065 0.00040065 0.0004028 0.0005855 0.0005072 0.00043165 0.0005416 0.0003908 0.00060495 0.00053895 0.0005785 0.00035335 0.00043195 0.00043165 0.00052535 0.0006397 0.00056995 0.00044775 0.00056245 0.00047275 0.0003841 0.0003852 0.00040105 0.0005702 0.0006913 0.0005408 0.00042635 0.000539 0.00047195 0.00065605 0.0006562 0.0006019 0.00043215 0.0005569 0.00043225 0.0003535 0.00040105 0.00058565 0.00054135 0.00041545 0.0003544 0.00040095 0.00044065 0.00053425 0.0003939 0.00051995 0.0003542 0.0004709 0.0006048 0.00055365 0.0004201 0.00039615 0.00049025 0.0004886 0.0003851 0.0006559 0.0003841 0.00056615 0.00047165 0.00040145 0.00051105 0.0005228 0.00035395 0.0003848 0.00048735 0.00057865 0.00040085 0.00040135 0.00047275 0.00038545 0.0003725 0.0003844 0.0005132 0.0005186 0.00040105 0.0003852 0.00047145 0.0006398 0.00041595 0.00072345 0.0004984 0.00040095 0.00048865 0.00058545 0.00053515 0.00038535 0.00044085
5 0.00054655 0.00033045 0.0006537 0.00033985 0.0004005 0.0001734 0.00034005 0.00034005 0.0004951 0.0004391 0.0004696 0.0004993 0.0002441 0.00056105 8.69e-05 0.00032015 0.0003399 0.0006614 8.71e-05 0.000311 0.00060625 0.000423 0.0006406 0.0004698 8.675e-05 0.0001803 8.71e-05 0.0005882 0.00050925 0.00040165 8.685e-05 0.0004823 0.00058755 0.0004008 0.00042585 0.000405 0.00041335 0.0006171 0.00058535 0.00014375 0.00058355 0.0001877 0.00049495 0.0005566 0.0004997 0.00014855 0.0005729 0.0004285 8.69e-05 0.00020955 0.00034005 0.0005834 0.0001255 0.0006263 0.0001801 0.00021665 0.0002885 0.0005305 0.00036705 0.00068515 0.00024375 0.0004048 0.00036485 0.00063995 0.00045735 0.0004439 0.0003029 0.0004391 0.0004969 8.7e-05 0.00034055 0.0004854 0.00049405 0.00037365 0.0005959 0.00034495 0.000286 0.00026805 0.00046995 0.00018 0.00049395 0.00058755 0.00033105 0.0006338 0.0004008 0.00041115 0.0005164 0.0003874 0.00040125 0.00055775 0.00050935 0.00016045 0.00059315 0.00037225 0.0004939 0.00049775 0.00033985 0.0004839 0.00016035 0.00031005
6 0.00056155 0.00031085 0.00055405 0.00030805 0.00058565 0.00034005 0.000616 0.00034055 0.0003734 0.00057415 0.00038755 0.00048645 0.0003752 0.00062535 0.00034015 0.0004562 0.0003081 0.00059935 0.00030915 0.00033745 0.0006544 0.0004041 0.00054645 0.00038745 0.00037205 0.00037465 0.00030905 0.00051985 0.00040385 0.00035075 0.00030805 0.00041655 0.0005544 0.000555 0.0005667 0.0005543 0.0003622 0.00037045 0.00048385 0.0003115 0.00050365 0.00032785 0.0003732 0.00041555 0.00038805 0.00035065 0.0004551 0.00053635 0.00037215 0.0004345 0.00030825 0.0005013 0.00032975 0.0007316 0.00040555 0.0003873 0.00038345 0.0006331 0.00037435 0.00077045 0.00040685 0.00038625 0.0003613 0.00070425 0.0005559 0.0004888 0.00036865 0.00057415 0.0003752 0.0003412 0.00031315 0.0005687 0.0006195 0.0004542 0.0005326 0.0005482 0.00047695 0.0003709 0.0003876 0.0004056 0.0006194 0.0005544 0.000505 0.00070065 0.0005547 0.0004503 0.0005015 0.00054635 0.00055515 0.0006207 0.00040395 0.00036345 0.00030825 0.00051265 0.00061935 0.00048475 0.00030805 0.0004493 0.00039415 0.0004534
7 0.00051785 0.00028785 0.0005385 0.00034035 0.0005385 0.00034005 0.00034055 0.0005707 0.00034245 0.00055815 0.0003332 0.00045455 0.0003984 0.0005789 0.0003402 0.00041395 0.0003404 0.0005869 0.00034045 0.00035725 0.0006086 0.0003651 0.00053155 0.00033365 0.0002854 0.00040535 0.00034045 0.0005233 0.0003726 0.00032785 0.0003948 0.00036265 0.00053915 0.00053885 0.00055065 0.0005934 0.00034185 0.0003766 0.0004428 0.0002876 0.00048865 0.00035915 0.0003423 0.00038385 0.0004001 0.0003822 0.0004136 0.000606 0.00028555 0.0004344 0.00034055 0.00048825 0.00030525 0.0007073 0.0004051 0.00038795 0.00039505 0.0005865 0.00040565 0.00076265 0.0003434 0.00033485 0.00039565 0.0006926 0.0005405 0.00041425 0.0003696 0.00055815 0.0003435 0.0002857 0.00028645 0.0005448 0.0006584 0.0003913 0.0005175 0.00050095 0.0004346 0.00030865 0.0003338 0.000405 0.0006583 0.00053915 0.000489 0.0006669 0.00053885 0.0004451 0.0005095 0.0005858 0.0005393 0.00059675 0.0003727 0.0003418 0.0002862 0.00050445 0.00065825 0.0004851 0.00034035 0.0004525 0.00034165 0.00045305
8 0.0005966 0.00039155 0.0005347 0.0003732 0.0006562 0.0004951 0.0003734 0.00034245 0.00044 0.000665 0.00038885 0.000547 0.00037535 0.0006952 0.0004952 0.000521 0.00037325 0.0005692 0.00048465 0.0003957 0.00069555 0.00022115 0.00052695 0.00038875 0.00046385 0.0005496 0.00048465 0.0005203 0.000251 0.0003731 0.00052645 0.00041785 0.0006011 0.00064595 0.00065755 0.0006878 0.0003738 0.00028055 0.00043835 0.00043645 0.00049295 0.00050305 0.00022005 0.0002627 0.0004315 0.00052625 0.0004096 0.0006963 0.00046395 0.00058865 0.00037325 0.0004911 0.00046225 0.00079475 0.00056005 0.00054185 0.0004022 0.00070305 0.000505 0.0008201 0.0003439 0.0002219 0.00041535 0.0007953 0.0006392 0.00041465 0.00047905 0.000665 0.00022235 0.0004534 0.0003338 0.0004928 0.00075275 0.00039065 0.0005219 0.00061875 0.00054145 0.0003431 0.0003889 0.0005601 0.00075265 0.0006011 0.00060465 0.0007238 0.0006457 0.0004353 0.00047915 0.00068015 0.00064615 0.0005365 0.0002511 0.00048535 0.0002201 0.0004516 0.0007526 0.00056535 0.0003732 0.0004653 0.00049565 0.00060725
9 0.0004541 0.00049 0.0005202 0.00057395 0.0003851 0.0004391 0.00057415 0.00055815 0.000665 0.0006929 0.00057845 0.000454 0.00054625 0.00043265 0.0004392 0.0004217 0.000574 0.0004885 0.00043925 0.000542 0.0003949 0.0006272 0.00052035 0.00057865 0.0004231 0.0004395 0.00043925 0.000488 0.0006486 0.0005585 0.0004552 0.0005626 0.00045355 0.0003847 0.00034705 0.00040105 0.0005588 0.0006609 0.0005408 0.0004208 0.0005204 0.00046055 0.00066485 0.000665 0.0005903 0.00043965 0.0005569 0.00040195 0.0004232 0.0004392 0.00057415 0.00052055 0.00038435 0.0003476 0.00043935 0.00045975 0.00056205 0.00040545 0.00050825 0.0003477 0.0005299 0.00062725 0.00054205 0.000432 0.0003835 0.0005178 0.0005077 0.0003465 0.0006648 0.0004225 0.00055815 0.0004923 0.0004013 0.00055055 0.0005042 0.00038505 0.0003974 0.00052045 0.0005788 0.0004394 0.0004012 0.00045365 0.00038595 0.0003839 0.0003852 0.00050935 0.00048285 0.0004014 0.00038525 0.00049185 0.0006487 0.00042345 0.000693 0.00055675 0.00040155 0.00047005 0.00057395 0.0005226 0.0004239 0.0004596
10 0.0004486 0.0002876 0.00049595 0.00038735 0.0005783 0.0004696 0.00038755 0.0003332 0.00038885 0.00057845 0.0005007 0.0004148 0.00052685 0.0004913 0.0004697 0.00043585 0.0003874 0.00055255 0.0004695 0.0004126 0.00054865 0.0004457 0.00049165 0.0002508 0.0004155 0.0005069 0.0004695 0.00051845 0.0004246 0.0003721 0.0005238 0.00028535 0.0004966 0.00057815 0.00057375 0.00062885 0.0003861 0.00034995 0.0003882 0.00036925 0.00044875 0.0003879 0.0003887 0.00042765 0.00041125 0.00050845 0.00035345 0.0006501 0.0004156 0.0005066 0.00038755 0.00044835 0.0004153 0.0006597 0.000507 0.0003871 0.0005207 0.00049595 0.0004253 0.0007418 0.0004724 0.0004155 0.00044435 0.0006058 0.0005324 0.00045035 0.0003876 0.00057845 0.00038995 0.00041515 0.0003335 0.0005863 0.0006702 0.0003899 0.00048315 0.0005436 0.0005104 0.0003904 0.00025095 0.00050705 0.0006701 0.0004966 0.00053115 0.00059905 0.00057815 0.00048885 0.0005333 0.0006279 0.00057865 0.0006355 0.0004247 0.0004681 0.0002512 0.0006033 0.00067 0.00044565 0.00038735 0.00046095 0.0004683 0.0004247
11 0.0003427 0.0003436 0.0004594 0.00048625 0.00047275 0.0004993 0.00048645 0.00045455 0.000547 0.000454 0.0004148 0.0006162 0.0005934 0.0004255 0.0004994 0.00045985 0.0004863 0.0005074 0.0004991 0.0005028 0.0003938 0.0005774 0.00045205 0.00041515 0.00046755 0.00047145 0.0004991 0.00047985 0.00057715 0.0004961 0.00053115 0.00044415 0.0003933 0.0004724 0.0004462 0.0005007 0.0005101 0.0005188 0.00047605 0.00042275 0.00040935 0.0004604 0.00054685 0.00058865 0.0004523 0.0005409 0.00044695 0.0004608 0.00046765 0.0004714 0.00048645 0.00040905 0.00044825 0.00039295 0.00047165 0.0004599 0.00058955 0.00043345 0.00039225 0.0004782 0.0005613 0.00054725 0.0005375 0.00045095 0.00042825 0.0004788 0.00041995 0.000454 0.00054815 0.000467 0.0004547 0.0005146 0.0004772 0.0005219 0.0004382 0.0004352 0.00049675 0.0004852 0.0004153 0.0004717 0.0004771 0.0003933 0.0004225 0.0004656 0.0004725 0.0004814 0.00047415 0.00049675 0.000473 0.00056675 0.00057725 0.00052265 0.00044165 0.0005828 0.00047705 0.000341 0.00048625 0.00048705 0.0005231 0.0004325
12 0.00062695 0.00043585 0.0006494 0.000375 0.0005184 0.0002441 0.0003752 0.0003984 0.00037535 0.00054625 0.00052685 0.0005934 0.0004417 0.00067715 0.00024415 0.00042745 0.00037505 0.00064235 0.0002335 0.0003498 0.0006932 0.00028155 0.0006363 0.00052705 0.0002673 0.0003267 0.0002336 0.00058345 0.00038755 0.00044785 0.00022095 0.00053955 0.00064925 0.0005081 0.000533 0.0004997 0.0004455 0.00052155 0.00058105 0.00029475 0.00058995 0.00033395 0.0003752 0.00043495 0.00053295 0.00029375 0.0005686 0.000519 0.0002674 0.00036595 0.0003752 0.0005878 0.0002847 0.00071395 0.0003372 0.0003729 0.00029765 0.0006473 0.0004681 0.0007409 0.00024425 0.000294 0.00038525 0.00074255 0.0005563 0.0004461 0.00041415 0.00054625 0.0003752 0.0002568 0.00039015 0.0004359 0.00058865 0.00037305 0.0006023 0.00046285 0.00039305 0.00030465 0.0005272 0.00033725 0.00058855 0.00064925 0.0004488 0.00068905 0.00050785 0.00040355 0.00048625 0.0004821 0.0005083 0.0004956 0.00038765 0.0003042 0.0005293 0.00031945 0.0005885 0.0005797 0.000375 0.00049695 0.00031455 0.00046645
13 0.00036765 0.0005071 0.00048455 0.00062515 0.00042065 0.00056105 0.00062535 0.0005789 0.0006952 0.00043265 0.0004913 0.0004255 0.00067715 0.0006218 0.00056115 0.00045165 0.0006252 0.00048485 0.0005917 0.00062045 0.0003201 0.00071645 0.00047705 0.00049155 0.00051465 0.0005645 0.0005917 0.0005402 0.0007023 0.00060335 0.00060755 0.00049945 0.00041905 0.00045095 0.0004247 0.00046345 0.0006033 0.0006429 0.00049325 0.0005391 0.0004916 0.0005346 0.00069505 0.00068875 0.00056775 0.00058565 0.00048535 0.0004963 0.00051475 0.00050425 0.00062535 0.0004939 0.00055675 0.00033325 0.00053385 0.0004738 0.000671 0.00033355 0.00053225 0.00035635 0.0006304 0.00071655 0.000629 0.00031145 0.00041475 0.00053735 0.00049925 0.00043265 0.0006945 0.00054475 0.0006061 0.00054365 0.00044025 0.00054315 0.00049935 0.0004258 0.00048755 0.0006002 0.0004917 0.0005339 0.00044015 0.00041905 0.0004584 0.0003276 0.00045125 0.00058775 0.00056245 0.00045925 0.00045175 0.0005367 0.0007024 0.0005694 0.00064305 0.00062755 0.00044005 0.00044185 0.00062515 0.0005601 0.00053915 0.0004465
14 0.00054665 0.00033055 0.0006538 0.00033995 0.00040065 8.69e-05 0.00034015 0.0003402 0.0004952 0.0004392 0.0004697 0.0004994 0.00024415 0.00056115 0.0001736 0.00032025 0.00034 0.0006615 8.715e-05 0.0003111 0.00060635 0.0004231 0.0006407 0.0004699 8.695e-05 0.0001804 8.72e-05 0.0005883 0.00050935 0.00040175 8.69e-05 0.0004824 0.00058765 0.0004009 0.00042595 0.0004051 0.00041345 0.0006172 0.00058545 0.00014385 0.00058365 0.0001878 0.00049505 0.0005567 0.0004998 0.00014865 0.000573 0.0004286 8.69e-05 0.00020965 0.00034015 0.0005835 0.0001256 0.0006264 0.0001802 0.00021675 0.0002886 0.0005306 0.00036715 0.00068525 0.0002439 0.0004049 0.00036495 0.00064005 0.00045745 0.000444 0.00030295 0.0004392 0.000497 8.71e-05 0.00034065 0.0004855 0.00049415 0.00037375 0.000596 0.0003451 0.0002861 0.0002682 0.00047005 0.00018015 0.00049405 0.00058765 0.00033115 0.0006339 0.0004009 0.00041125 0.0005165 0.0003875 0.00040135 0.00055785 0.00050945 0.00016055 0.00059325 0.00037235 0.000494 0.00049785 0.00033995 0.000484 0.00016045 0.00031015
15 0.00047255 0.0003524 0.0005387 0.000456 0.0004028 0.00032015 0.0004562 0.00041395 0.000521 0.0004217 0.00043585 0.00045985 0.00042745 0.00045165 0.00032025 0.0005536 0.00045605 0.00050705 0.00032025 0.0004243 0.00044925 0.00048875 0.00053875 0.000436 0.00027785 0.00038505 0.00032025 0.00050695 0.00050445 0.0004144 0.00036255 0.0004199 0.0004727 0.00040235 0.00042155 0.00044525 0.0004145 0.00054335 0.00039695 0.00028205 0.0005388 0.0003432 0.00052085 0.0005211 0.00054645 0.00032085 0.00041315 0.0005104 0.00027795 0.00038475 0.0004562 0.000539 0.00029615 0.0005151 0.00038495 0.0003424 0.00044305 0.00042515 0.0004549 0.0005281 0.0003848 0.00048865 0.00042415 0.00055175 0.00040755 0.00041825 0.0003898 0.0004217 0.00052075 0.0002772 0.0004139 0.00050995 0.00051025 0.00040705 0.00052255 0.00040305 0.00029825 0.0003818 0.00043615 0.000385 0.00051015 0.0004727 0.00040335 0.00040245 0.00040285 0.00049955 0.00050705 0.0004451 0.00040335 0.00051 0.00050455 0.0002781 0.00054975 0.00049485 0.0005101 0.00047895 0.000456 0.0004857 0.0002786 0.000407
16 0.0005614 0.0003107 0.0005539 0.0003079 0.0005855 0.0003399 0.0003081 0.0003404 0.00037325 0.000574 0.0003874 0.0004863 0.00037505 0.0006252 0.00034 0.00045605 0.0006157 0.0005992 0.000309 0.0003373 0.00065425 0.00040395 0.0005463 0.00038725 0.0003719 0.0003745 0.000309 0.0005197 0.0004037 0.0003506 0.000308 0.0004164 0.00055425 0.00055485 0.00056655 0.00055415 0.00036205 0.0003703 0.0004837 0.00031135 0.0005035 0.0003277 0.0003731 0.0004154 0.00038795 0.0003506 0.00045495 0.0005362 0.000372 0.00043435 0.00030805 0.00050115 0.0003296 0.00073145 0.0004054 0.00038725 0.0003833 0.00063295 0.0003742 0.0007703 0.0004067 0.0003861 0.00036115 0.0007041 0.00055575 0.00048865 0.0003685 0.000574 0.00037505 0.00034105 0.000313 0.00056855 0.00061935 0.00045405 0.00053245 0.00054805 0.0004768 0.00037075 0.00038745 0.00040545 0.00061925 0.00055425 0.00050485 0.0007005 0.00055455 0.00045015 0.00050135 0.00054615 0.000555 0.00062055 0.0004038 0.0003633 0.0003081 0.0005125 0.0006192 0.0004846 0.0003079 0.00044915 0.000394 0.00045325
17 0.0005025 0.0005429 0.00044505 0.00059915 0.0005072 0.0006614 0.00059935 0.0005869 0.0005692 0.0004885 0.00055255 0.0005074 0.00064235 0.00048485 0.0006615 0.00050705 0.0005992 0.0007297 0.0006613 0.00056 0.0004456 0.000583 0.0004445 0.0005525 0.0006487 0.00063385 0.0006613 0.00040975 0.0005299 0.00053895 0.0006742 0.00051545 0.00044575 0.00050705 0.00048815 0.0005161 0.00052525 0.0004447 0.0004078 0.00060415 0.0005022 0.00062805 0.0005692 0.0005213 0.00057605 0.0006139 0.00044515 0.0005129 0.0006488 0.00063355 0.0005992 0.0005023 0.0006298 0.00042735 0.00063395 0.0006274 0.0006371 0.0004732 0.00057265 0.0003661 0.0006293 0.0005963 0.00051555 0.0004842 0.00046275 0.00054525 0.0005998 0.0004885 0.00056735 0.00064835 0.00058655 0.00054705 0.0004927 0.0005953 0.000465 0.00055005 0.00054395 0.00060025 0.00055265 0.000634 0.0004926 0.0004457 0.0005646 0.0003658 0.00050705 0.00055765 0.000479 0.0005195 0.0005074 0.0004879 0.00053 0.00058725 0.00052425 0.0006316 0.00049265 0.00052105 0.00059915 0.00046285 0.00058745 0.00060015
18 0.0005747 0.0002995 0.0006536 0.00030895 0.00043165 8.71e-05 0.00030915 0.00034045 0.00048465 0.00043925 0.0004695 0.0004991 0.0002335 0.0005917 8.715e-05 0.00032025 0.000309 0.0006613 0.0001115 0.00029225 0.0006369 0.00041985 0.0006405 0.0004697 0.0001184 0.0001491 5.585e-05 0.00056945 0.0004988 0.00037075 5.585e-05 0.0004822 0.0005874 0.0004009 0.000426 0.00040485 0.00038235 0.00058625 0.00058525 0.00011305 0.00058345 0.0001568 0.0004845 0.00054615 0.0004688 0.0001176 0.0005728 0.00039755 0.0001185 0.00020925 0.00030915 0.0005808 9.51e-05 0.0006569 0.0001803 0.0002165 0.000278 0.00056115 0.0003361 0.00071595 0.00026455 0.00040165 0.00033395 0.0006706 0.0004572 0.0004642 0.00030285 0.00043925 0.00048645 8.745e-05 0.0003133 0.0005057 0.0004939 0.00039395 0.0005958 0.0003761 0.0002856 0.00027575 0.00046985 0.00018035 0.0004938 0.0005874 0.0003309 0.00066445 0.0004004 0.00040065 0.0004928 0.00038725 0.0004011 0.00057805 0.0004989 0.00012965 0.0005623 0.00039255 0.00049375 0.00049775 0.00030895 0.00046515 0.00016045 0.0003102
19 0.00056825 0.0003392 0.00056795 0.00033725 0.0005416 0.000311 0.00033745 0.00035725 0.0003957 0.000542 0.0004126 0.0005028 0.0003498 0.00062045 0.0003111 0.0004243 0.0003373 0.00056 0.00029225 0.0005823 0.0006556 0.0003803 0.00055485 0.0004128 0.0003308 0.00035755 0.00029225 0.000471 0.00040515 0.00037785 0.0002913 0.00042255 0.00056795 0.0005228 0.00052875 0.0005224 0.00038855 0.00039205 0.000479 0.0002941 0.00052065 0.000319 0.00039555 0.0004349 0.0004622 0.0003318 0.0004693 0.0005074 0.0003309 0.00040525 0.00033745 0.0005205 0.00031225 0.00068755 0.0003763 0.0003667 0.00038555 0.0005974 0.0004027 0.0007236 0.00036925 0.00036235 0.0003427 0.00069935 0.00052385 0.0004788 0.00038505 0.000542 0.00039555 0.0003118 0.00033865 0.00053275 0.00058745 0.00042495 0.00053025 0.0005027 0.00044505 0.00034165 0.00041295 0.00037635 0.00058735 0.00056795 0.00047575 0.0006541 0.0005228 0.0004264 0.00047255 0.0005087 0.00052325 0.0005803 0.00040525 0.0003434 0.0003835 0.0004749 0.0005873 0.00050095 0.00033725 0.0004112 0.00036225 0.0004322
20 0.00033585 0.0005346 0.00043945 0.0006542 0.0003908 0.00060625 0.0006544 0.0006086 0.00069555 0.0003949 0.00054865 0.0003938 0.0006932 0.0003201 0.00060635 0.00044925 0.00065425 0.0004456 0.0006369 0.0006556 0.0004426 0.00070575 0.00044525 0.00054875 0.00056035 0.0006095 0.0006369 0.0005072 0.00069535 0.0006196 0.00065225 0.0005493 0.0003735 0.0004211 0.0004008 0.00043345 0.0006196 0.00066255 0.00046735 0.0005826 0.00045955 0.0006073 0.0006954 0.000676 0.00059085 0.00061755 0.00046695 0.00048595 0.00056045 0.00054925 0.0006544 0.000462 0.00059425 0.0002427 0.00057885 0.00054665 0.0006729 0.00033165 0.00056125 0.0002517 0.00064695 0.00070595 0.00065065 0.00031955 0.0003834 0.00047875 0.00052845 0.0003949 0.00069505 0.00059045 0.00063565 0.00049855 0.00041 0.00058735 0.00045995 0.00040955 0.00045885 0.00061865 0.0005489 0.0005789 0.0004099 0.0003735 0.0004425 0.00024995 0.00042135 0.00060165 0.00052555 0.0004431 0.0004222 0.000478 0.00069545 0.00060185 0.00065645 0.0006136 0.0004095 0.0004097 0.0006542 0.00059385 0.0005716 0.00051915
21 0.00061975 0.00042015 0.00058595 0.0004039 0.00060495 0.000423 0.0004041 0.0003651 0.00022115 0.0006272 0.0004457 0.0005774 0.00028155 0.00071645 0.0004231 0.00048875 0.00040395 0.000583 0.00041985 0.0003803 0.00070575 0.0001923 0.00057285 0.0004459 0.000384 0.0004847 0.00041985 0.0005352 0.00023565 0.0004232 0.0004621 0.0004584 0.0006518 0.000602 0.00061395 0.00064425 0.00042415 0.00036825 0.000485 0.0003704 0.00052445 0.0004727 0.000221 0.000283 0.0005142 0.0004813 0.00047255 0.00065305 0.0003841 0.00051625 0.0004041 0.0005223 0.00040315 0.0007518 0.00048785 0.00050395 0.00034405 0.000686 0.00053475 0.00079765 0.00024235 9.69e-05 0.00041405 0.00081645 0.00059445 0.0003572 0.0005014 0.0006272 0.0002233 0.00038085 0.0003642 0.0003995 0.00070915 0.0003233 0.0005368 0.0005494 0.00049735 0.00024055 0.00044605 0.0004879 0.00070905 0.0006518 0.00054065 0.00071285 0.00060175 0.00033985 0.00040555 0.00063085 0.0006022 0.00046355 0.00023575 0.0004402 0.000346 0.0003313 0.000709 0.00059605 0.0004039 0.00045555 0.0004432 0.00056925
22 0.00045175 0.00048755 0.0004447 0.00054625 0.00053895 0.0006406 0.00054645 0.00053155 0.00052695 0.00052035 0.00049165 0.00045205 0.0006363 0.00047705 0.0006407 0.00053875 0.0005463 0.0004445 0.0006405 0.00055485 0.00044525 0.00057285 0.0008733 0.00049155 0.0006254 0.00061305 0.0006405 0.00045715 0.0005343 0.0005249 0.0006559 0.00049955 0.00044555 0.0005388 0.0005124 0.0005505 0.00052485 0.00043685 0.00045245 0.00058085 0.0004514 0.0006017 0.00052695 0.000521 0.00048855 0.00063445 0.0004448 0.00052695 0.0006255 0.00061275 0.0005463 0.00045155 0.0006065 0.00045905 0.00061315 0.00060105 0.00062925 0.0004995 0.0005198 0.00045285 0.00062075 0.000573 0.00055 0.00047635 0.00049445 0.0005349 0.00054695 0.00052035 0.00052675 0.00062505 0.00053115 0.0005415 0.00052705 0.0005812 0.00045925 0.00054405 0.00057565 0.00057695 0.0004917 0.0006132 0.00052695 0.00044555 0.0005459 0.00045265 0.0005388 0.00053895 0.00049055 0.00054625 0.00053925 0.00053455 0.0005344 0.00061895 0.00043675 0.00062555 0.0005269 0.0004682 0.00054625 0.0004871 0.00061915 0.0005738
23 0.00044895 0.00028795 0.0004964 0.00038725 0.0005785 0.0004698 0.00038745 0.00033365 0.00038875 0.00057865 0.0002508 0.00041515 0.00052705 0.00049155 0.0004699 0.000436 0.00038725 0.0005525 0.0004697 0.0004128 0.00054875 0.0004459 0.00049155 0.0005011 0.0004157 0.0005071 0.0004697 0.00051865 0.0004246 0.000372 0.000524 0.00028525 0.00049695 0.00057835 0.00057395 0.00062905 0.000386 0.00034965 0.00038815 0.00036945 0.00044865 0.0003881 0.0003886 0.0004281 0.0004111 0.00050865 0.00035385 0.0006503 0.0004158 0.0005068 0.00038745 0.0004488 0.0004155 0.0006599 0.0005072 0.0003873 0.0005209 0.00049615 0.00042565 0.000742 0.0004726 0.0004157 0.0004443 0.00060595 0.0005326 0.00045055 0.00038795 0.00057865 0.0003904 0.00041535 0.0003334 0.0005865 0.0006704 0.0003901 0.00048315 0.0005438 0.0005106 0.0003906 0.00025085 0.00050725 0.0006703 0.00049695 0.00053135 0.0005992 0.00057835 0.00048905 0.0005335 0.0006281 0.00057885 0.0006357 0.0004247 0.0004683 0.0002508 0.0006035 0.0006702 0.000446 0.00038725 0.0004611 0.0004685 0.0004249
24 0.000503 0.0003076 0.00063855 0.00037185 0.00035335 8.675e-05 0.00037205 0.0002854 0.00046385 0.0004231 0.0004155 0.00046755 0.0002673 0.00051465 8.695e-05 0.00027785 0.0003719 0.0006487 0.0001184 0.0003308 0.00056035 0.000384 0.0006254 0.0004157 1e-07 0.000211 0.0001184 0.00059165 0.0004778 0.00037845 0.0001735 0.0004282 0.00057245 0.00038465 0.0004098 0.0004441 0.0003927 0.00062275 0.00054405 0.00011985 0.00056825 0.000219 0.0004637 0.0005253 0.00051135 0.00018 0.0005316 0.00049815 3e-07 0.00020945 0.00037205 0.0005706 0.000101 0.000602 0.00017965 0.0002172 0.0003001 0.0004839 0.0003985 0.00067735 0.0001803 0.0003534 0.00039895 0.00062825 0.00044195 0.00036935 0.000304 0.0004231 0.00046545 3.15e-05 0.00031355 0.0004615 0.00053295 0.00031075 0.0005806 0.00029765 0.00024365 0.0002058 0.00041585 0.0001794 0.00053285 0.00057245 0.00031505 0.0006 0.00038495 0.00040595 0.0005244 0.00042685 0.0003854 0.0005338 0.0004779 0.0001388 0.0005705 0.00036405 0.0005328 0.00049825 0.00037185 0.00048705 0.00010785 0.0003097
25 0.0005472 0.00033605 0.0006262 0.00037445 0.00043195 0.0001803 0.00037465 0.00040535 0.0005496 0.0004395 0.0005069 0.00047145 0.0003267 0.0005645 0.0001804 0.00038505 0.0003745 0.00063385 0.0001491 0.00035755 0.0006095 0.0004847 0.00061305 0.0005071 0.000211 0.0002967 0.0001491 0.0005416 0.0005636 0.00043575 0.0001497 0.0005196 0.00055985 0.0004011 0.0004262 0.0004012 0.00044735 0.0006234 0.00062245 0.00017735 0.00055595 0.0002225 0.00054945 0.00061105 0.0004411 0.0002109 0.00061 0.0003042 0.0002111 0.00020885 0.00037465 0.0005533 0.00018755 0.0005648 0.00017975 0.0002822 0.000371 0.00053395 0.00030765 0.00062395 0.00035705 0.00046625 0.0003949 0.00057865 0.0004293 0.00052905 0.0003684 0.0004395 0.00055125 0.00017995 0.0003782 0.00050595 0.00040085 0.00045895 0.0005683 0.00037615 0.0003782 0.0003404 0.00050725 0.0001798 0.00040075 0.00055985 0.00033095 0.00063705 0.0004007 0.00037265 0.00046485 0.0003881 0.0004014 0.00057825 0.0005637 0.00022225 0.0005995 0.0004273 0.00040085 0.00046975 0.00037445 0.0004374 0.00025315 0.00028215
26 0.0005747 0.0002995 0.0006536 0.00030895 0.00043165 8.71e-05 0.00030905 0.00034045 0.00048465 0.00043925 0.0004695 0.0004991 0.0002336 0.0005917 8.72e-05 0.00032025 0.000309 0.0006613 5.585e-05 0.00029225 0.0006369 0.00041985 0.0006405 0.0004697 0.0001184 0.0001491 0.0001115 0.00056945 0.0004988 0.00037075 5.58e-05 0.0004822 0.0005874 0.0004009 0.000426 0.00040485 0.00038235 0.00058625 0.00058525 0.00011305 0.00058345 0.0001568 0.0004845 0.00054615 0.0004688 0.0001175 0.0005728 0.00039755 0.0001185 0.00020925 0.00030915 0.0005808 9.51e-05 0.0006569 0.0001803 0.0002164 0.000278 0.00056115 0.0003361 0.00071595 0.00026455 0.00040165 0.00033395 0.0006706 0.0004572 0.0004642 0.0003029 0.00043925 0.00048645 8.745e-05 0.0003133 0.0005057 0.0004939 0.00039395 0.0005958 0.0003761 0.0002856 0.00027575 0.00046985 0.00018035 0.0004938 0.0005874 0.0003309 0.00066445 0.0004004 0.00040065 0.0004928 0.00038725 0.0004011 0.00057805 0.0004989 0.00012965 0.0005623 0.00039255 0.00049375 0.00049775 0.00030895 0.00046515 0.00016045 0.0003102
27 0.00052765 0.00045955 0.00045705 0.00051965 0.00052535 0.0005882 0.00051985 0.0005233 0.0005203 0.000488 0.00051845 0.00047985 0.00058345 0.0005402 0.0005883 0.00050695 0.0005197 0.00040975 0.00056945 0.000471 0.0005072 0.0005352 0.00045715 0.00051865 0.00059165 0.0005416 0.00056945 0.0007134 0.0004991 0.00048295 0.00058485 0.00049985 0.00045675 0.00050645 0.0004881 0.000518 0.0004822 0.0004072 0.0004384 0.0005093 0.00048005 0.0005363 0.00052015 0.000498 0.00050095 0.00054805 0.00045725 0.00044325 0.00059175 0.00058945 0.00051985 0.0004799 0.00053525 0.0004826 0.00056035 0.0005837 0.00059065 0.00052095 0.0004918 0.0004304 0.00058655 0.0005353 0.00046805 0.00053965 0.0004622 0.00055165 0.00056745 0.000488 0.00051805 0.00057255 0.0005047 0.0005455 0.0004944 0.00058205 0.0004611 0.0005423 0.00054365 0.000538 0.0005188 0.0005604 0.0004943 0.00045675 0.00052995 0.00045975 0.00050655 0.00048755 0.0004207 0.00052215 0.000507 0.0005205 0.0004992 0.00053175 0.00045475 0.00062755 0.00049425 0.0004951 0.00051965 0.00041115 0.0005507 0.0005562
28 0.00062675 0.00042175 0.0005344 0.00040365 0.0006397 0.00050925 0.00040385 0.0003726 0.000251 0.0006486 0.0004246 0.00057715 0.00038755 0.0007023 0.00050935 0.00050445 0.0004037 0.0005299 0.0004988 0.00040515 0.00069535 0.00023565 0.0005343 0.0004246 0.0004778 0.0005636 0.0004988 0.0004991 0.0004667 0.00037365 0.0005408 0.0004081 0.0006008 0.00062945 0.00064855 0.0006714 0.0003736 0.00028785 0.0003925 0.00045045 0.0005232 0.0005228 0.00025085 0.0002623 0.00047795 0.0005107 0.00040925 0.00069985 0.0004779 0.00060265 0.00040385 0.00052125 0.0004763 0.00077825 0.00057405 0.0005616 0.00038705 0.00069215 0.0005352 0.00077315 0.00035555 0.00023585 0.0003992 0.0008024 0.00062275 0.0003993 0.0005094 0.0006486 0.0002503 0.00046735 0.0003642 0.0005073 0.0007363 0.000408 0.00050655 0.0006307 0.00052495 0.0003571 0.00042475 0.0005741 0.0007362 0.0006008 0.0006186 0.0006768 0.0006292 0.0004494 0.0004827 0.00067125 0.00062965 0.0005178 0.00023355 0.00046885 0.0002668 0.0004633 0.00073615 0.00059555 0.00040365 0.00045625 0.00047915 0.00062685
29 0.0005877 0.00029855 0.0005193 0.0003505 0.00056995 0.00040165 0.00035075 0.00032785 0.0003731 0.0005585 0.0003721 0.0004961 0.00044785 0.00060335 0.00040175 0.0004144 0.0003506 0.00053895 0.00037075 0.00037785 0.0006196 0.0004232 0.0005249 0.000372 0.00037845 0.00043575 0.00037075 0.00048295 0.00037365 0.0005524 0.00042495 0.00037255 0.00051955 0.0005393 0.00056435 0.00059335 0.00029105 0.000339 0.0003944 0.0003183 0.0005298 0.0003867 0.00037295 0.0003544 0.00039055 0.0003506 0.0003942 0.00060455 0.00037855 0.00049555 0.00035075 0.00052745 0.00033625 0.0007383 0.00046665 0.00044625 0.0003974 0.0006146 0.00041635 0.0007327 0.0004243 0.00039305 0.0003646 0.00071695 0.00054065 0.00044755 0.00041115 0.0005585 0.00037355 0.0003476 0.00029995 0.00062635 0.00065845 0.0004689 0.0005302 0.0005883 0.0004348 0.0003777 0.00037215 0.0004667 0.00065835 0.0005195 0.0005496 0.0006367 0.000539 0.00049595 0.0005154 0.0005991 0.00053875 0.00061595 0.00037375 0.00031145 0.0002764 0.0005848 0.00065835 0.00052675 0.0003505 0.00044725 0.00034215 0.00051175
30 0.0005902 0.0003534 0.00066895 0.00030795 0.00044775 8.685e-05 0.00030805 0.0003948 0.00052645 0.0004552 0.0005238 0.00053115 0.00022095 0.00060755 8.69e-05 0.00036255 0.000308 0.0006742 5.585e-05 0.0002913 0.00065225 0.0004621 0.0006559 0.000524 0.0001735 0.0001497 5.58e-05 0.00058485 0.0005408 0.00042495 3e-07 0.0005365 0.00060275 0.00041705 0.000442 0.000366 0.0004341 0.00061155 0.00062675 0.00016775 0.00059895 0.0001565 0.0005263 0.000588 0.00048815 0.0001171 0.0006143 0.00035895 0.0001736 0.00020975 0.00030815 0.0005963 0.0001501 0.0006507 0.00018065 0.0002161 0.000277 0.0005772 0.0003357 0.00069305 0.0003073 0.0004563 0.00033085 0.00065175 0.00047285 0.00051855 0.00030185 0.0004552 0.00052845 0.0001426 0.00036765 0.0005094 0.00045525 0.00043665 0.0006113 0.0003923 0.00032845 0.0003304 0.00052415 0.0001807 0.00045515 0.00060275 0.00034715 0.0006677 0.00041675 0.00041645 0.0005085 0.00034805 0.0004172 0.0005818 0.0005409 0.0001822 0.0006159 0.00038055 0.0004551 0.00049735 0.00030795 0.00048085 0.00021295 0.0003105
31 0.00047795 0.00031695 0.00049685 0.00041635 0.00056245 0.0004823 0.00041655 0.00036265 0.00041785 0.0005626 0.00028535 0.00044415 0.00053955 0.00049945 0.0004824 0.0004199 0.0004164 0.00051545 0.0004822 0.00042255 0.0005493 0.0004584 0.00049955 0.00028525 0.0004282 0.0005196 0.0004822 0.00049985 0.0004081 0.00037255 0.0005365 0.0005483 0.0004974 0.0005623 0.00056535 0.000613 0.00038655 0.0003576 0.00034305 0.00038195 0.00047775 0.00040615 0.0004177 0.00042855 0.0004567 0.0004926 0.00035425 0.0006543 0.0004283 0.0005193 0.00041655 0.0004778 0.000428 0.00064385 0.0005197 0.00040535 0.00050445 0.00048565 0.00045465 0.0006974 0.0004851 0.0004282 0.00042835 0.00061385 0.00051655 0.0004341 0.00041695 0.0005626 0.0004194 0.00042785 0.0003625 0.000599 0.00065435 0.00040815 0.0004665 0.0005563 0.00049455 0.0004031 0.0002855 0.00051975 0.00065425 0.0004974 0.00054385 0.00055455 0.0005623 0.00050155 0.0005375 0.0006195 0.0005628 0.00061965 0.0004082 0.00045225 0.0002965 0.000616 0.00065415 0.000475 0.00041635 0.0004525 0.00045245 0.00044295
32 0.0003931 0.00042795 0.0004395 0.0005542 0.00047275 0.00058755 0.0005544 0.00053915 0.0006011 0.00045355 0.0004966 0.0003933 0.00064925 0.00041905 0.00058765 0.0004727 0.00055425 0.00044575 0.0005874 0.00056795 0.0003735 0.0006518 0.00044555 0.00049695 0.00057245 0.00055985 0.0005874 0.00045675 0.0006008 0.00051955 0.00060275 0.0004974 0.0007448 0.00047245 0.00045985 0.0004838 0.0005196 0.00051195 0.00044 0.00052755 0.00045985 0.00054585 0.00060095 0.00058125 0.00049075 0.000568 0.00043945 0.0004735 0.00057255 0.00055985 0.0005544 0.00045955 0.0005532 0.0003938 0.00056 0.00054535 0.00062895 0.0004302 0.0004602 0.00037365 0.0006338 0.000652 0.00055035 0.0004186 0.00042845 0.0005351 0.00048785 0.0004535 0.00060035 0.00057195 0.0005393 0.0005549 0.0004602 0.0005916 0.00046015 0.0004907 0.00050965 0.00058995 0.0004971 0.00056005 0.0004601 0.0003726 0.0004933 0.00037305 0.00047255 0.00055195 0.00050325 0.0004939 0.0004726 0.00053405 0.0006009 0.00055255 0.00050595 0.00063875 0.0004605 0.00040895 0.0005542 0.00050035 0.0005529 0.00051805
33 0.0004725 0.0004837 0.0005387 0.0005548 0.0003841 0.0004008 0.000555 0.00053885 0.00064595 0.0003847 0.00057815 0.0004724 0.0005081 0.00045095 0.0004009 0.00040235 0.00055485 0.00050705 0.0004009 0.0005228 0.0004211 0.000602 0.0005388 0.00057835 0.00038465 0.0004011 0.0004009 0.00050645 0.00062945 0.0005393 0.00041705 0.0005623 0.00047245 0.0007672 0.0003848 0.00040075 0.00053955 0.0006607 0.00054065 0.0003953 0.00053885 0.0004413 0.0006458 0.00064595 0.00057115 0.00040145 0.00055675 0.00040135 0.00038475 0.0004008 0.000555 0.000539 0.0003843 0.00038465 0.000401 0.00044045 0.00052395 0.0004242 0.00048905 0.00038465 0.0004916 0.00060185 0.0005229 0.0004504 0.00039585 0.00051045 0.00048855 0.0003847 0.00064565 0.000384 0.00053885 0.00049185 0.00040115 0.00053125 0.00052265 0.00038475 0.00038455 0.000495 0.0005785 0.00040105 0.00040105 0.00047245 0.00038525 0.0004028 0.00038415 0.0005028 0.00049515 0.00040085 0.000385 0.00049165 0.00062955 0.000385 0.00069285 0.0005186 0.00040065 0.0004885 0.0005548 0.00051625 0.0003855 0.00044045
34 0.00044635 0.0004825 0.00052565 0.0005665 0.0003852 0.00042585 0.0005667 0.00055065 0.00065755 0.00034705 0.00057375 0.0004462 0.000533 0.0004247 0.00042595 0.00042155 0.00056655 0.00048815 0.000426 0.00052875 0.0004008 0.00061395 0.0005124 0.00057395 0.0004098 0.0004262 0.000426 0.0004881 0.00064855 0.00056435 0.000442 0.00056535 0.00045985 0.0003848 0.0006665 0.00040145 0.00056455 0.0006532 0.0005539 0.0004075 0.00051265 0.0004501 0.0006574 0.00067085 0.0005885 0.00043975 0.00056255 0.00038875 0.0004099 0.0004259 0.0005667 0.0005128 0.0003711 0.000347 0.00042605 0.0004493 0.00056205 0.00040875 0.00050075 0.0003608 0.0005166 0.00061395 0.00054215 0.00042395 0.0003832 0.00051755 0.00050025 0.00034705 0.0006573 0.0004092 0.00055065 0.0004788 0.0004018 0.00054005 0.0005039 0.00037225 0.00039725 0.00050715 0.0005741 0.0004261 0.0004017 0.00045985 0.0003724 0.00039755 0.0003853 0.0004959 0.00046965 0.0003877 0.00038575 0.00049225 0.00064865 0.0004234 0.0006913 0.00054345 0.00040165 0.00046255 0.0005665 0.0005091 0.00042385 0.0004491
35 0.00048435 0.0005334 0.0005504 0.0005541 0.00040105 0.000405 0.0005543 0.0005934 0.0006878 0.00040105 0.00062885 0.0005007 0.0004997 0.00046345 0.0004051 0.00044525 0.00055415 0.0005161 0.00040485 0.0005224 0.00043345 0.00064425 0.0005505 0.00062905 0.0004441 0.0004012 0.00040485 0.000518 0.0006714 0.00059335 0.000366 0.000613 0.0004838 0.00040075 0.00040145 0.0007147 0.00059115 0.000682 0.0005785 0.0004501 0.00055065 0.0004413 0.00068765 0.0006877 0.0005864 0.00040515 0.0005946 0.0003584 0.0004442 0.00040125 0.0005543 0.0005505 0.00044395 0.00037505 0.0004013 0.0004408 0.0005272 0.00043665 0.00048445 0.0003586 0.00053845 0.0006564 0.0005154 0.0004282 0.00040765 0.00056505 0.00048815 0.00040105 0.0006876 0.0004436 0.0005934 0.00049585 0.00035835 0.00057425 0.00053445 0.0004011 0.0004313 0.0005498 0.0006292 0.00040135 0.00035825 0.0004836 0.00040165 0.0004024 0.00040085 0.00051445 0.00050665 0.0003622 0.000401 0.00049515 0.0006715 0.00044165 0.0007425 0.0005107 0.0003585 0.00048435 0.0005541 0.00052805 0.000442 0.0004375
