 slim_337504597 slim_337504605 slim_337504591 slim_337504518 slim_337504391 slim_337504452 slim_337504441 slim_337504508 slim_337504440 slim_337504498 slim_337504293 slim_337504319 slim_337504130 slim_337504595 slim_337504219 slim_337504570 slim_337504575 slim_337504504 slim_337504584 slim_337504466 slim_337504499 slim_337504481 slim_337504571 slim_337504489 slim_337504553 slim_337504577 slim_337504484 slim_337504536 slim_337504590 slim_337504531 slim_337504573 slim_337504437 slim_337504603 slim_337504468 slim_337504157 slim_337504472 slim_337504405 slim_337504483 slim_337504281 slim_337504521 slim_337504474 slim_337504569 slim_337504602 slim_337504479 slim_337504587 slim_337504259 slim_337504522 slim_337504363 slim_337504552 slim_337504451 slim_337504394 slim_337504606 slim_337504572 slim_337504446 slim_337504254 slim_337504465 slim_337504512 slim_337504427 slim_337504574 slim_337504586 slim_337504612 slim_337504568 slim_337504608 slim_337504524 slim_337504579 slim_337504565 slim_337504530 slim_337504578 slim_337504500 slim_337504576 slim_337504176 slim_337504561 slim_337504592 slim_337504559 slim_337504509 slim_337504371 slim_337504604 slim_337504507 slim_337504432 slim_337504240 slim_337504456 slim_337504588 slim_337504609 slim_337504551 slim_337504505 slim_337504496 slim_337504613 slim_337504384 slim_337504611 slim_337504292 slim_337504526 slim_337504419 slim_337504413 slim_337504546 slim_337504527 slim_337504567 slim_337504495 slim_337504593
0 0.0004837 0.00025265 0.0002448 0.00024805 0.0002791 0.0002435 0.0003083 0.0002514 0.0002857 0.0002857 0.00025835 0.0002651 0.0002858 0.0002625 0.0002855 0.0002648 0.0002528 0.00026165 0.0002732 0.00026115 0.0002433 0.000243 0.00028165 0.00030825 0.00024305 0.00029385 0.00024885 0.000329 0.0002458 0.00027875 0.00024715 0.0002528 0.0002814 0.0002467 0.00031545 0.0003066 0.00025355 0.0003286 0.00028155 0.0002676 0.00028925 0.00024705 0.00026175 0.0002612 0.00025465 0.00031255 0.0002624 0.0002871 0.0002519 0.0002859 0.0002661 0.0002427 0.00026255 0.00026235 0.00032595 0.0002852 0.00028425 0.00025185 0.0002455 0.00025445 0.0002621 0.0002618 0.0002674 0.0002607 0.00030715 0.00025125 0.0002583 0.0003071 0.00024505 0.00027425 0.00027165 0.0003055 0.00027405 0.00024425 0.0002594 0.00028805 0.00025815 0.000286 0.00029435 0.00024325 0.0002948 0.0002849 0.0002434 0.0002958 0.00028175 0.0002514 0.00035045 0.0002459 0.000305 0.0003056 0.00030955 0.0002718 0.0003006 0.0002655 0.00024255 0.00031875 0.0003074 0.0002432
1 0.00025265 0.000203 0.00024965 0.0001121 0.0002183 0.0001025 0.0003159 0.0001114 0.00015455 0.0001541 0.0001165 0.00020485 0.00019085 0.00012895 0.000154 0.00020465 0.0001023 0.00012885 0.00021435 0.0001099 0.00010275 0.0001019 0.0001561 0.00031585 0.000102 0.00016365 0.00012265 0.00026525 0.00010235 0.0001539 0.00010355 0.00010235 0.00019515 0.0001038 0.00023865 0.0002308 0.00024865 0.0002852 0.000156 0.0001158 0.0001551 0.0001137 0.0002798 0.00011105 0.00012235 0.00024545 0.00012885 0.0002038 0.00011225 0.0001548 0.00012515 0.00025275 0.000129 0.0001288 0.00020925 0.00030505 0.000232 0.0001122 0.00011205 0.0001109 0.0001193 0.00018205 0.00012775 0.0001111 0.00023065 0.00011105 0.0001161 0.0002273 0.0001116 0.0001324 0.0001397 0.0002398 0.0002143 0.00024865 0.0001188 0.0001547 0.0001159 0.00019095 0.00016335 0.00010165 0.00022085 0.0003049 0.0001023 0.0002127 0.0001562 0.00011125 0.00034175 0.00010305 0.0001814 0.0002399 0.0001831 0.0001288 0.0001682 0.00020575 0.00025255 0.0002499 0.00023135 0.0001017
2 0.0002448 0.00024965 0.0004257 0.0002435 0.000256 0.00026555 0.0002752 0.00027245 0.00029815 0.0002811 0.00026195 0.00026005 0.0003032 0.0002817 0.0002981 0.00025975 0.00024965 0.0002811 0.00026625 0.0002408 0.00023985 0.00026585 0.00029705 0.00027515 0.0002401 0.00030455 0.00024235 0.00029635 0.0002683 0.00030025 0.00024365 0.0002489 0.00030045 0.0002432 0.0003093 0.00031805 0.0002229 0.00031095 0.00029695 0.0002461 0.00025865 0.00024195 0.00026065 0.00023035 0.00024815 0.0002876 0.0002816 0.00028365 0.00024575 0.0002808 0.0002687 0.0002454 0.00028175 0.00028155 0.00033255 0.0002602 0.0002754 0.0002457 0.00026645 0.0002596 0.0002817 0.0002384 0.0002856 0.0002558 0.00031835 0.00027235 0.00026275 0.0003173 0.000266 0.00027585 0.00026325 0.00029665 0.0002684 0.0002396 0.00027935 0.00030015 0.00026265 0.0003034 0.0003104 0.00026625 0.0002724 0.0002772 0.00026625 0.00026475 0.00029715 0.0002725 0.0003336 0.00026825 0.0003138 0.00029675 0.00031945 0.000265 0.0002775 0.00025995 0.00024525 0.0003175 0.0003177 0.0002662
3 0.00024805 0.0001121 0.0002435 0.0001547 0.0002454 7.89e-05 0.000334 8.485e-05 0.00012825 0.00012785 0.00012585 0.000199 0.00017905 9.59e-05 0.00012775 0.00019875 0.0001125 9.57e-05 0.00020555 0.0001205 7.87e-05 7.82e-05 0.00011365 0.00033395 7.8e-05 0.00013445 8.075e-05 0.00026295 7.85e-05 0.00012125 7.895e-05 0.00011255 0.0001621 7.84e-05 0.00023385 0.0002256 0.0002763 0.0003101 0.00011355 0.00015915 0.00012795 8.09e-05 0.0002659 0.0001454 8.68e-05 0.0002697 9.58e-05 0.000213 8.56e-05 0.0001285 0.0001316 0.00024825 9.595e-05 9.575e-05 0.00020695 0.00029795 0.0002167 8.555e-05 7.92e-05 8.71e-05 9.515e-05 0.00019135 0.0001011 0.0001185 0.00022565 8.46e-05 0.00012555 0.00023445 7.875e-05 0.00014175 0.0001039 0.0002307 0.0002084 0.00024265 9.505e-05 0.000128 0.0001253 0.0001792 0.00013695 7.83e-05 0.00022145 0.0002978 7.86e-05 0.0002469 0.00011375 8.465e-05 0.0003606 7.89e-05 0.00014575 0.0002308 0.00018975 0.0001297 0.000175 0.00019985 0.0002482 0.0002357 0.0002262 7.815e-05
4 0.0002791 0.0002183 0.000256 0.0002454 0.0002424 0.0002638 0.00016475 0.00026385 0.00029535 0.0002851 0.0001933 0.000193 0.00026745 0.00026815 0.0002952 0.00019245 0.0002184 0.0002673 0.00019305 0.00018165 0.00024265 0.00026355 0.0002724 0.0001647 0.00024265 0.0002955 0.000244 0.00025695 0.0002661 0.00030585 0.0002458 0.0002182 0.00026735 0.0002455 0.0002937 0.00033 0.0002286 0.0001873 0.0002723 0.0001479 0.000267 0.0002439 0.0002841 0.000171 0.0002437 0.0001745 0.00026805 0.00023785 0.00024565 0.00028505 0.00019325 0.00027995 0.0002682 0.000268 0.0002624 0.00030115 0.000197 0.0002456 0.00026405 0.0002296 0.0002697 0.00026935 0.0002672 0.0002183 0.00033055 0.00026375 0.00019345 0.00030315 0.00026365 0.00019675 0.00024775 0.0002397 0.0002017 0.0002742 0.0002672 0.0002975 0.00019335 0.00026765 0.00028995 0.0002638 0.00019875 0.0003113 0.0002639 0.00019 0.0002725 0.0002639 0.0003024 0.00026615 0.0002998 0.0002398 0.00026065 0.00022255 0.00021465 0.00019315 0.0002798 0.00035115 0.00033055 0.00026375
5 0.0002435 0.0001025 0.00026555 7.89e-05 0.0002638 3.4e-06 0.00037035 1.81e-05 0.0001075 0.0001244 8.695e-05 0.00017915 0.0001369 6.21e-05 0.00010705 0.0001789 0.0001028 6.205e-05 0.0001951 0.00014765 6.505e-05 1.85e-06 0.0001221 0.0003703 6.46e-05 0.0001232 8.77e-05 0.0003157 5e-06 5.495e-05 6.99e-05 0.00010225 0.00012825 6.995e-05 0.00023565 0.0001908 0.00033965 0.0003317 0.000122 0.0001874 0.00019175 7.755e-05 0.00030345 0.0002077 9.36e-05 0.0002977 6.2e-05 0.0001865 4.41e-05 0.0001248 0.0001028 0.00024355 6.215e-05 6.195e-05 0.0002146 0.00036585 0.00023915 4.405e-05 1.31e-05 5.045e-05 5.28e-05 0.00025285 6.55e-05 0.0001184 0.00019055 1.785e-05 8.725e-05 0.0002 1.245e-05 0.0001346 0.0001429 0.0002531 0.00018825 0.0002394 4.995e-05 0.00011 8.705e-05 0.0001371 9.54e-05 2e-06 0.00023835 0.0003485 2.45e-06 0.0002935 0.0001222 1.8e-05 0.00038185 5.4e-06 0.00016735 0.0002532 0.0001578 0.00016235 0.0002094 0.00017975 0.0002434 0.00026855 0.00019055 1.95e-06
6 0.0003083 0.0003159 0.0002752 0.000334 0.00016475 0.00037035 0.0001699 0.00036125 0.00034875 0.0003316 0.00030765 0.00022765 0.0002845 0.0003645 0.0003486 0.00022785 0.0003161 0.0003638 0.00021855 0.00028675 0.0003409 0.0003701 0.00035855 8.52e-05 0.0003409 0.00033975 0.00032245 0.000189 0.00037245 0.00036065 0.0003435 0.0003159 0.00033185 0.0003432 0.00040365 0.0004327 0.0002472 0.0002275 0.00035845 0.0002534 0.00030465 0.000332 0.00030295 0.0002513 0.00032205 0.0001549 0.0003644 0.0002393 0.0003348 0.00033155 0.00029845 0.000309 0.00036455 0.00036435 0.0003643 0.00027015 0.0002222 0.00033475 0.00036095 0.00034335 0.00037605 0.00034005 0.0003646 0.00030675 0.0004331 0.00036115 0.0003078 0.0004148 0.00036055 0.0003111 0.00032555 0.0002219 0.0002363 0.00030165 0.00037375 0.0003507 0.0003077 0.0002847 0.00034465 0.00037035 0.00019855 0.0002872 0.00037045 0.00017325 0.00035865 0.0003613 0.0002905 0.0003725 0.000343 0.000222 0.00037255 0.00031005 0.00026895 0.0002278 0.00030885 0.00042785 0.0004331 0.0003703
7 0.0002514 0.0001114 0.00027245 8.485e-05 0.00026385 1.81e-05 0.00036125 3.41e-05 0.0001072 0.00012445 9.675e-05 0.00018555 0.00013685 6.825e-05 0.0001071 0.0001853 0.00011145 6.805e-05 0.0001853 0.0001564 8.055e-05 1.76e-05 0.00011875 0.0003612 8.02e-05 0.00010705 8.46e-05 0.00030025 2.06e-05 6.135e-05 8.495e-05 0.0001117 0.00013405 8.505e-05 0.0002422 0.00019745 0.00033945 0.00032945 0.00011865 0.0001901 0.0001913 8.36e-05 0.000302 0.0002008 8.435e-05 0.00028235 6.815e-05 0.00019565 4.4e-05 0.00012475 9.595e-05 0.0002516 6.83e-05 6.81e-05 0.0002121 0.0003583 0.00023605 4.395e-05 1.915e-05 6.58e-05 6.87e-05 0.00024785 6.525e-05 0.0001111 0.00019735 1.73e-05 9.61e-05 0.0002065 1.895e-05 0.00014425 0.0001334 0.00024375 0.00019475 0.00024585 6.555e-05 0.00011 9.64e-05 0.00013705 9.555e-05 1.765e-05 0.00023825 0.00034095 1.775e-05 0.000287 0.00011885 1.745e-05 0.00037315 2.065e-05 0.0001579 0.00024385 0.00016475 0.00016185 0.00020315 0.00018605 0.00025145 0.00026585 0.0001978 1.76e-05
8 0.0002857 0.00015455 0.00029815 0.00012825 0.00029535 0.0001075 0.00034875 0.0001072 0.0002123 0.0001241 0.0001582 0.00024495 0.00015945 0.00012475 0.00010665 0.00024465 0.000154 0.0001242 0.000245 0.000173 0.0001247 0.000107 0.00014205 0.0003487 0.0001247 0.00010695 0.0001266 0.000228 0.0001099 0.00010695 0.00012795 0.0001546 0.0001898 0.0001282 0.00026885 0.00025035 0.0003276 0.0003609 0.00014195 0.00020535 0.00014465 0.00012595 0.00030345 0.0001984 0.0001258 0.00026225 0.00012465 0.0002134 0.00012505 0.00012405 0.00015805 0.00028625 0.0001248 0.0001246 0.00024065 0.00030295 0.00026225 0.000125 0.0001075 0.0001285 0.0001261 0.00023295 0.00012335 0.00015455 0.0002506 0.0001073 0.000158 0.0002681 0.00010765 0.0001741 0.00014235 0.00022835 0.0002538 0.0002805 0.0001227 0.0001092 0.0001581 0.00015965 0.0001156 0.00010735 0.00022945 0.0002855 0.0001068 0.0002583 0.00014215 0.00010745 0.0003545 0.0001093 0.0001243 0.00022845 0.0002261 0.00017185 0.0001749 0.0002451 0.0002861 0.00026705 0.00025075 0.0001073
9 0.0002857 0.0001541 0.0002811 0.00012785 0.0002851 0.0001244 0.0003316 0.00012445 0.0001241 0.0002468 0.00016555 0.0002444 0.00017625 0.0001414 0.00012355 0.0002443 0.0001547 0.0001414 0.00024515 0.00016235 0.00012465 0.0001237 0.0001593 0.00033155 0.0001238 0.00012435 0.00012655 0.00021075 0.00012675 0.0001237 0.0001282 0.00015475 0.0002077 0.0001285 0.0002651 0.00025725 0.00031045 0.00035065 0.0001592 0.0001954 0.00012735 0.00012615 0.0003035 0.00018135 0.00012575 0.000252 0.0001413 0.00021285 0.0001253 0.00012425 0.00016535 0.0002857 0.00014145 0.00014125 0.0002476 0.0002857 0.0002623 0.00012525 0.0001254 0.00013515 0.00014355 0.0002157 0.0001408 0.0001547 0.0002571 0.00012415 0.00016515 0.00027495 0.00012495 0.00018145 0.0001423 0.0002284 0.00025395 0.0002801 0.0001407 0.0001266 0.00016495 0.0001764 0.00013295 0.00012365 0.0002188 0.0002856 0.0001241 0.00024115 0.0001594 0.0001242 0.00034425 0.0001273 0.0001416 0.0002285 0.00023315 0.0001719 0.0001648 0.0002454 0.00028565 0.0002671 0.0002578 0.0001235
10 0.00025835 0.0001165 0.00026195 0.00012585 0.0001933 8.695e-05 0.00030765 9.675e-05 0.0001582 0.00016555 0.0001715 0.00019395 0.0001772 0.00012485 0.00015845 0.00019365 0.00011605 0.00012435 0.00020285 0.00011685 0.00011205 8.735e-05 0.00016175 0.0003076 0.00011265 0.0001676 0.00013425 0.00027935 8.995e-05 0.00014035 0.0001161 0.00011525 0.00019025 0.000116 0.0002104 0.0002099 0.0002831 0.0002612 0.00016165 0.00011535 0.0001943 0.00012375 0.00029565 0.0001503 0.00013405 0.00022045 0.00012475 0.00019485 0.000104 0.0001649 9.565e-05 0.00025885 0.0001249 0.0001247 0.00019205 0.00033645 0.00023085 0.00010395 9.75e-05 9.06e-05 0.00011485 0.00022215 0.0001214 0.00012535 0.0002101 9.665e-05 8.69e-05 0.0002 9.725e-05 0.0001115 0.00016095 0.00023835 0.00020215 0.0002547 0.00011215 0.00016055 8.68e-05 0.0001774 0.00014865 8.785e-05 0.0002019 0.0003294 8.755e-05 0.00023 0.00016185 9.68e-05 0.0003239 8.96e-05 0.0001957 0.00023845 0.00015745 0.00015325 0.0001646 0.0001935 0.0002587 0.000272 0.0002091 8.78e-05
11 0.0002651 0.00020485 0.00026005 0.000199 0.000193 0.00017915 0.00022765 0.00018555 0.00024495 0.0002444 0.00019395 0.0003563 0.00022775 0.0002059 0.0002444 0.00017855 0.00020545 0.0002059 0.00018525 0.00021305 0.0001958 0.00017845 0.00023355 0.0002276 0.00019495 0.00025155 0.0001982 0.000294 0.0001815 0.00022105 0.00019985 0.0002055 0.00020575 0.0001997 0.00031955 0.00031175 0.00028585 0.00025805 0.00023345 0.0002198 0.00026515 0.000198 0.00029265 0.00022885 0.000204 0.00025215 0.0002058 0.00022995 0.00018595 0.0002452 0.0002001 0.0002651 0.00020595 0.00020575 0.00028575 0.00033125 0.0002063 0.0001859 0.00017995 0.00018985 0.0002079 0.00030075 0.0002115 0.0002118 0.0003116 0.00018525 0.00019355 0.00030335 0.0001795 0.00021945 0.0002305 0.0002552 0.0001877 0.0002595 0.00020505 0.00024745 0.00019335 0.0002279 0.0002371 0.0001784 0.0002358 0.0003311 0.00017885 0.0002542 0.00023365 0.0001853 0.00036105 0.00018205 0.0002722 0.0002553 0.00026155 0.0002324 0.0002594 0.00017915 0.00026505 0.00034845 0.0003123 0.00017825
12 0.0002858 0.00019085 0.0003032 0.00017905 0.00026745 0.0001369 0.0002845 0.00013685 0.00015945 0.00017625 0.0001772 0.00022775 0.0002718 0.000164 0.0001589 0.0002275 0.00019135 0.00016385 0.00022825 0.00021185 0.0001757 0.00013635 0.0001917 0.0002844 0.000175 0.0001596 0.00017775 0.0002331 0.0001393 0.0001373 0.0001794 0.0001914 0.00019835 0.00017955 0.00028865 0.00026795 0.0003347 0.00033305 0.0001916 0.0002312 0.00021865 0.0001774 0.00031355 0.0002421 0.00017735 0.0002328 0.0001639 0.0001953 0.0001597 0.0001769 0.0001769 0.00028595 0.00016405 0.00016385 0.00026925 0.0003259 0.00025545 0.00015965 0.00013785 0.0001605 0.0001661 0.000292 0.00016325 0.0001913 0.0002678 0.0001366 0.0001768 0.00028665 0.0001374 0.00020315 0.0002039 0.00022055 0.0002372 0.0002802 0.00016325 0.00016195 0.0001766 0.0001361 0.0001476 0.0001362 0.00021385 0.00030855 0.00013675 0.0002475 0.0001918 0.00013675 0.00032465 0.0001398 0.0001869 0.00022065 0.00024485 0.0002185 0.0002166 0.0002286 0.0002858 0.0003136 0.0002685 0.00013615
13 0.0002625 0.00012895 0.0002817 9.59e-05 0.00026815 6.21e-05 0.0003645 6.825e-05 0.00012475 0.0001414 0.00012485 0.0002059 0.000164 0.0001222 0.0001242 0.00020575 0.00012955 6.15e-05 0.00021275 0.00015255 9.305e-05 6.14e-05 6.18e-05 0.00036445 9.22e-05 0.0001311 9.345e-05 0.0003001 6.445e-05 0.0001041 9.665e-05 0.0001296 0.00012875 9.67e-05 0.00024795 0.00022475 0.0003244 0.00033375 6.17e-05 0.00019185 0.000176 9.315e-05 0.0002627 0.00019335 0.00010035 0.00029205 6.14e-05 0.000222 9.29e-05 0.0001422 0.00013075 0.0002625 6.15e-05 6.11e-05 0.0001893 0.0003427 0.00020615 9.285e-05 6.3e-05 8.82e-05 6.525e-05 0.00023895 6.86e-05 0.00013565 0.0002246 6.795e-05 0.00012445 0.00023425 6.255e-05 0.00012475 9.94e-05 0.0002199 0.00021545 0.0002569 6.24e-05 0.00012725 0.00012425 0.00016415 0.0001225 6.135e-05 0.00024325 0.00032535 6.18e-05 0.0002874 6.18e-05 6.795e-05 0.00038315 6.5e-05 0.00012455 0.00022 0.00019245 0.0001289 0.00020435 0.0002069 0.00026245 0.00023265 0.0002253 6.12e-05
14 0.0002855 0.000154 0.0002981 0.00012775 0.0002952 0.00010705 0.0003486 0.0001071 0.00010665 0.00012355 0.00015845 0.0002444 0.0001589 0.0001242 0.000212 0.000244 0.00015445 0.000124 0.00024495 0.00017245 0.00012445 0.0001065 0.0001419 0.00034855 0.0001238 0.0001069 0.00012645 0.00022785 0.0001094 0.0001063 0.000128 0.0001545 0.0001903 0.00012825 0.00026835 0.00025015 0.0003274 0.00036075 0.0001418 0.00020545 0.00014445 0.00012605 0.0003033 0.0001983 0.00012565 0.0002621 0.0001241 0.0002128 0.0001251 0.00012415 0.00015825 0.0002857 0.00012425 0.00012405 0.0002405 0.0003028 0.0002621 0.00012505 0.000108 0.00012805 0.0001261 0.00023275 0.0001234 0.0001545 0.00025005 0.00010685 0.0001581 0.0002679 0.00010755 0.00017435 0.0001422 0.0002282 0.00025375 0.00027995 0.0001233 0.0001091 0.00015775 0.0001591 0.00011555 0.0001064 0.00022895 0.00028535 0.0001069 0.0002581 0.000142 0.000107 0.00035435 0.00010985 0.00012415 0.0002283 0.000226 0.00017165 0.000175 0.0002452 0.00028555 0.0002669 0.0002507 0.00010635
15 0.0002648 0.00020465 0.00025975 0.00019875 0.00019245 0.0001789 0.00022785 0.0001853 0.00024465 0.0002443 0.00019365 0.00017855 0.0002275 0.00020575 0.000244 0.0003557 0.0002051 0.00020555 0.00018545 0.00021275 0.0001955 0.00017835 0.00023315 0.0002278 0.00019485 0.00025125 0.00019785 0.0002937 0.00018125 0.00022075 0.0001995 0.00020515 0.00020535 0.00019935 0.0003193 0.00031145 0.0002855 0.00025825 0.00023305 0.00021945 0.0002648 0.00019765 0.0002923 0.0002285 0.00020365 0.00025185 0.00020565 0.0002298 0.00018565 0.0002449 0.0001998 0.000265 0.0002058 0.0002056 0.0002854 0.00033095 0.0002057 0.0001856 0.00017965 0.00018955 0.00020755 0.0003004 0.0002112 0.0002115 0.00031135 0.00018505 0.0001933 0.0003031 0.0001792 0.00021915 0.0002301 0.00025485 0.0001879 0.00025925 0.00020475 0.0002471 0.00019295 0.0002277 0.0002368 0.00017825 0.00023555 0.0003308 0.00017875 0.00025385 0.00023325 0.0001852 0.00036075 0.0001817 0.00027185 0.00025495 0.0002612 0.000232 0.0002591 0.00017935 0.00026485 0.0003481 0.000312 0.0001782
16 0.0002528 0.0001023 0.00024965 0.0001125 0.0002184 0.0001028 0.0003161 0.00011145 0.000154 0.0001547 0.00011605 0.00020545 0.00019135 0.00012955 0.00015445 0.0002051 0.0002029 0.000129 0.00021445 0.00011025 0.00010285 0.0001023 0.00015635 0.00031605 0.00010285 0.00016375 0.00012285 0.00026545 0.0001028 0.0001545 0.0001032 0.00010215 0.0001945 0.00010345 0.0002391 0.0002309 0.0002487 0.0002854 0.00015625 0.00011545 0.00015515 0.00011355 0.00028005 0.000111 0.00012255 0.0002456 0.00012945 0.0002042 0.0001121 0.00015465 0.00012485 0.00025335 0.0001296 0.0001294 0.00020945 0.0003053 0.00023225 0.00011205 0.00011145 0.0001111 0.000119 0.00018215 0.0001276 0.00011125 0.00023115 0.00011155 0.00011585 0.00022745 0.0001116 0.00013195 0.00013995 0.00024 0.0002144 0.0002492 0.000118 0.00015465 0.0001159 0.00019155 0.00016345 0.00010265 0.0002213 0.00030515 0.0001021 0.0002127 0.00015645 0.0001117 0.0003419 0.0001022 0.00018165 0.0002401 0.000183 0.0001289 0.00016805 0.0002056 0.0002532 0.0002501 0.0002313 0.0001026
17 0.00026165 0.00012885 0.0002811 9.57e-05 0.0002673 6.205e-05 0.0003638 6.805e-05 0.0001242 0.0001414 0.00012435 0.0002059 0.00016385 6.15e-05 0.000124 0.00020555 0.000129 0.0001208 0.0002121 0.0001524 9.295e-05 6.155e-05 6.07e-05 0.00036375 9.27e-05 0.00013045 9.28e-05 0.0002994 6.435e-05 0.00010395 9.605e-05 0.000129 0.0001281 9.61e-05 0.0002478 0.0002239 0.0003237 0.000333 6.055e-05 0.00019125 0.0001753 9.26e-05 0.0002618 0.0001927 9.955e-05 0.00029135 6.115e-05 0.000222 9.235e-05 0.0001416 0.0001302 0.0002625 6.135e-05 6.135e-05 0.00018835 0.000342 0.00020525 9.23e-05 6.245e-05 8.805e-05 6.465e-05 0.00023825 6.805e-05 0.000135 0.00022445 6.79e-05 0.0001243 0.000234 6.2e-05 0.00012425 9.84e-05 0.00021895 0.00021485 0.00025675 6.195e-05 0.00012655 0.00012415 0.00016405 0.0001219 6.18e-05 0.0002431 0.00032465 6.195e-05 0.0002867 6.1e-05 6.805e-05 0.00038245 6.445e-05 0.00012395 0.0002191 0.0001917 0.00012845 0.00020375 0.0002063 0.00026235 0.00023205 0.0002247 6.175e-05
18 0.0002732 0.00021435 0.00026625 0.00020555 0.00019305 0.0001951 0.00021855 0.0001853 0.000245 0.00024515 0.00020285 0.00018525 0.00022825 0.00021275 0.00024495 0.00018545 0.00021445 0.0002121 0.0003506 0.00022225 0.0002115 0.00019485 0.0002302 0.0002185 0.0002117 0.0002353 0.0001949 0.00027855 0.0001973 0.0002282 0.00021465 0.00021425 0.0002119 0.00021455 0.00032655 0.0003186 0.00028565 0.0002558 0.0002301 0.0002223 0.0002647 0.0002038 0.0002912 0.00022175 0.00019455 0.0002367 0.00021265 0.0002398 0.00018505 0.0002449 0.00019295 0.00027385 0.0002128 0.0002126 0.00028325 0.0003237 0.0002032 0.000185 0.00018615 0.00020525 0.0002228 0.00029575 0.00021055 0.0002044 0.00031895 0.0001852 0.0002031 0.00031065 0.00018575 0.0002283 0.000221 0.00024585 0.0001938 0.0002665 0.0002204 0.00024705 0.000203 0.00022845 0.00023685 0.0001952 0.00023615 0.00032355 0.0001952 0.0002477 0.0002303 0.00018535 0.00035235 0.00019725 0.00026275 0.00024595 0.0002681 0.0002319 0.00025295 0.0001852 0.0002737 0.00034575 0.00031885 0.00019515
19 0.00026115 0.0001099 0.0002408 0.0001205 0.00018165 0.00014765 0.00028675 0.0001564 0.000173 0.00016235 0.00011685 0.00021305 0.00021185 0.00015255 0.00017245 0.00021275 0.00011025 0.0001524 0.00022225 0.0001446 0.0001111 0.00014725 0.0001579 0.0002867 0.00011055 0.0001819 0.0001309 0.00023615 0.00014765 0.00019935 0.0001115 0.0001102 0.00021865 0.00011185 0.00019345 0.000231 0.00021985 0.00024865 0.0001578 7.9e-05 0.0001261 0.00012185 0.00026655 8.19e-05 0.0001305 0.00020875 0.00015245 0.0002117 0.00013995 0.00016285 0.0001254 0.0002613 0.0001526 0.0001524 0.0001881 0.00027645 0.0002184 0.0001399 0.00015725 0.0001106 0.0001426 0.00015295 0.000151 0.00011905 0.0002308 0.0001562 0.00011655 0.00022785 0.00015685 0.0001111 0.00012615 0.00022605 0.0002224 0.00025715 0.00014225 0.000173 0.00011635 0.00021205 0.0001845 0.0001471 0.00018345 0.0002866 0.0001476 0.0001834 0.000158 0.00015635 0.0003046 0.0001481 0.00017815 0.00022615 0.0001835 0.00011505 0.0001316 0.00021375 0.00026115 0.00023625 0.0002314 0.00014705
20 0.0002433 0.00010275 0.00023985 7.87e-05 0.00024265 6.505e-05 0.0003409 8.055e-05 0.0001247 0.00012465 0.00011205 0.0001958 0.0001757 9.305e-05 0.00012445 0.0001955 0.00010285 9.295e-05 0.0002115 0.0001111 0.0001283 6.475e-05 0.00012125 0.00034085 6.445e-05 0.0001404 8.79e-05 0.00026985 6.775e-05 0.0001176 6.945e-05 0.00010285 0.00015895 6.91e-05 0.0002246 0.00021655 0.00027705 0.0003105 0.00012115 0.00014975 0.00012955 7.705e-05 0.0002715 0.0001455 9.38e-05 0.0002765 9.295e-05 0.0002032 8.105e-05 0.00012445 0.00012735 0.0002434 9.31e-05 9.29e-05 0.0002077 0.0003032 0.000224 8.1e-05 7.555e-05 7.635e-05 8.42e-05 0.00019065 9.665e-05 0.0001184 0.00021635 8.035e-05 0.000112 0.00022485 7.53e-05 0.00012805 0.00011135 0.00023795 0.00020485 0.00023925 8.11e-05 0.00012745 0.0001118 0.0001759 0.0001334 6.475e-05 0.00021815 0.00030305 6.495e-05 0.0002477 0.00012135 8.05e-05 0.00036155 6.79e-05 0.000153 0.00023805 0.0001827 0.00013085 0.0001717 0.0001958 0.00024325 0.000237 0.00021665 6.47e-05
21 0.000243 0.0001019 0.00026585 7.82e-05 0.00026355 1.85e-06 0.0003701 1.76e-05 0.000107 0.0001237 8.735e-05 0.00017845 0.00013635 6.14e-05 0.0001065 0.00017835 0.0001023 6.155e-05 0.00019485 0.00014725 6.475e-05 1.7e-06 0.00012185 0.00037005 6.37e-05 0.00012295 8.765e-05 0.00031545 4.7e-06 5.415e-05 6.98e-05 0.00010255 0.00012775 6.985e-05 0.00023525 0.0001903 0.0003394 0.00033145 0.00012175 0.00018725 0.0001915 7.745e-05 0.0003032 0.00020755 9.355e-05 0.00029755 6.13e-05 0.0001858 4.44e-05 0.0001247 0.00010265 0.00024285 6.145e-05 6.125e-05 0.00021435 0.0003656 0.0002389 4.435e-05 1.28e-05 5.035e-05 5.33e-05 0.0002526 6.57e-05 0.00011815 0.00019 1.725e-05 8.685e-05 0.0001996 1.21e-05 0.0001349 0.00014265 0.00025285 0.0001883 0.00023885 4.99e-05 0.00011005 8.66e-05 0.0001365 9.545e-05 1.1e-06 0.00023795 0.00034825 1.5e-06 0.00029325 0.00012195 1.73e-05 0.0003816 5.2e-06 0.0001671 0.00025295 0.00015785 0.0001621 0.00020925 0.00017965 0.0002428 0.0002683 0.00019085 9.5e-07
22 0.00028165 0.0001561 0.00029705 0.00011365 0.0002724 0.0001221 0.00035855 0.00011875 0.00014205 0.0001593 0.00016175 0.00023355 0.0001917 6.18e-05 0.0001419 0.00023315 0.00015635 6.07e-05 0.0002302 0.0001579 0.00012125 0.00012185 6e-07 0.0003585 0.00012125 0.0001388 9.9e-05 0.0002844 0.0001242 0.0001541 0.00012305 0.00015615 0.0001291 0.0001231 0.0002607 0.00025885 0.00030905 0.0003357 4.5e-07 0.000196 0.00016015 0.0001085 0.00022135 0.0001787 0.0001066 0.0002862 6.13e-05 0.0002584 0.0001408 0.00015925 0.0001583 0.00028235 6.14e-05 6.165e-05 0.0001634 0.00031945 0.0001726 0.00014075 0.00011275 0.000126 7.655e-05 0.00022495 7.085e-05 0.0001527 0.00025925 0.00011865 0.0001619 0.00026885 0.00011235 0.00011395 5.51e-05 0.0001862 0.00024215 0.000275 7.425e-05 0.000144 0.0001618 0.0001919 0.0001491 0.0001221 0.0002486 0.0003021 0.0001222 0.0002812 1e-06 0.0001188 0.00038435 0.00012425 8.185e-05 0.00018615 0.0002266 9.585e-05 0.000199 0.0002337 0.0002822 0.00019685 0.00025925 0.00012205
23 0.00030825 0.00031585 0.00027515 0.00033395 0.0001647 0.0003703 8.52e-05 0.0003612 0.0003487 0.00033155 0.0003076 0.0002276 0.0002844 0.00036445 0.00034855 0.0002278 0.00031605 0.00036375 0.0002185 0.0002867 0.00034085 0.00037005 0.0003585 0.0001698 0.00034085 0.0003397 0.0003224 0.00018925 0.0003724 0.0003606 0.00034345 0.00031585 0.0003318 0.00034315 0.0004036 0.00043265 0.00024715 0.00022745 0.0003584 0.00025335 0.0003046 0.00033195 0.0003029 0.00025125 0.000322 0.00015485 0.00036435 0.00023925 0.00033475 0.0003315 0.0002984 0.00030895 0.0003645 0.0003643 0.00036425 0.0002701 0.00022215 0.0003347 0.0003609 0.0003433 0.000376 0.00034 0.00036455 0.0003067 0.00043305 0.0003611 0.00030775 0.00041475 0.0003605 0.00031105 0.0003255 0.00022185 0.00023625 0.0003016 0.0003737 0.00035065 0.00030765 0.0002846 0.0003446 0.0003703 0.0001985 0.00028715 0.0003704 0.0001735 0.0003586 0.00036125 0.00029075 0.00037245 0.00034295 0.00022195 0.0003725 0.00031 0.0002689 0.00022765 0.0003088 0.0004278 0.00043305 0.00037025
24 0.00024305 0.000102 0.0002401 7.8e-05 0.00024265 6.46e-05 0.0003409 8.02e-05 0.0001247 0.0001238 0.00011265 0.00019495 0.000175 9.22e-05 0.0001238 0.00019485 0.00010285 9.27e-05 0.0002117 0.00011055 6.445e-05 6.37e-05 0.00012125 0.00034085 0.0001261 0.0001406 8.795e-05 0.00026985 6.725e-05 0.00011665 7.03e-05 0.0001031 0.00015895 6.995e-05 0.00022405 0.0002163 0.00027705 0.0003105 0.00012115 0.0001501 0.00012955 7.79e-05 0.0002715 0.0001457 9.385e-05 0.0002766 9.21e-05 0.00020235 8.15e-05 0.00012515 0.0001279 0.00024255 9.225e-05 9.205e-05 0.0002077 0.0003032 0.000224 8.145e-05 7.56e-05 7.605e-05 8.465e-05 0.00019065 9.705e-05 0.0001186 0.00021565 7.98e-05 0.0001118 0.0002244 7.515e-05 0.0001286 0.00011135 0.00023795 0.0002051 0.00023855 8.13e-05 0.0001277 0.0001115 0.00017515 0.00013365 6.33e-05 0.0002176 0.00030305 6.41e-05 0.0002477 0.00012135 7.985e-05 0.00036155 6.815e-05 0.000153 0.00023805 0.00018295 0.00013085 0.00017205 0.0001965 0.0002425 0.000237 0.0002169 6.315e-05
25 0.00029385 0.00016365 0.00030455 0.00013445 0.0002955 0.0001232 0.00033975 0.00010705 0.00010695 0.00012435 0.0001676 0.00025155 0.0001596 0.0001311 0.0001069 0.00025125 0.00016375 0.00013045 0.0002353 0.0001819 0.0001404 0.00012295 0.0001388 0.0003397 0.0001406 0.0001814 0.0001234 0.00021265 0.0001254 0.0001137 0.0001431 0.00016355 0.0001967 0.0001434 0.00027555 0.00025725 0.0003275 0.00035875 0.0001387 0.00020825 0.0001443 0.0001321 0.0003021 0.0001915 0.00011645 0.0002469 0.000131 0.00022275 0.00012445 0.0001241 0.00015135 0.0002945 0.00013115 0.00013095 0.00023825 0.0002955 0.00025925 0.0001244 0.00011445 0.0001437 0.0001413 0.00022805 0.0001227 0.0001473 0.0002576 0.00010695 0.00016785 0.0002754 0.00011405 0.00018345 0.00013295 0.0002191 0.0002601 0.00028715 0.0001389 0.000109 0.00016775 0.0001598 0.00011555 0.0001233 0.0002295 0.00027805 0.0001233 0.0002519 0.0001389 0.00010705 0.0003459 0.00012535 0.0001148 0.0002192 0.00023285 0.00017145 0.0001688 0.0002515 0.00029435 0.00026445 0.0002575 0.00012325
26 0.00024885 0.00012265 0.00024235 8.075e-05 0.000244 8.77e-05 0.00032245 8.46e-05 0.0001266 0.00012655 0.00013425 0.0001982 0.00017775 9.345e-05 0.00012645 0.00019785 0.00012285 9.28e-05 0.0001949 0.0001309 8.79e-05 8.765e-05 9.9e-05 0.0003224 8.795e-05 0.0001234 0.0001332 0.0002509 8.965e-05 0.00012045 8.97e-05 0.00012245 0.00016005 9e-05 0.0002401 0.00023175 0.00027695 0.0003073 9.89e-05 0.0001694 0.0001283 7.72e-05 0.00025495 0.000146 7.36e-05 0.00025845 9.34e-05 0.00022345 8.475e-05 0.00012645 0.00013105 0.00024955 9.355e-05 9.33e-05 0.00020255 0.0002881 0.00020365 8.47e-05 7.74e-05 9.795e-05 0.00010545 0.0001927 0.00010015 0.0001193 0.00023215 8.45e-05 0.0001346 0.00024165 7.7e-05 0.0001501 8.965e-05 0.00021755 0.00020665 0.0002422 0.0001035 0.0001282 0.0001345 0.00017795 0.0001349 8.79e-05 0.00022015 0.00028805 8.8e-05 0.00024695 9.895e-05 8.465e-05 0.0003565 8.97e-05 0.00013215 0.00021765 0.000199 0.0001282 0.00017315 0.0001983 0.0002494 0.00022975 0.00023195 8.785e-05
27 0.000329 0.00026525 0.00029635 0.00026295 0.00025695 0.0003157 0.000189 0.00030025 0.000228 0.00021075 0.00027935 0.000294 0.0002331 0.0003001 0.00022785 0.0002937 0.00026545 0.0002994 0.00027855 0.00023615 0.00026985 0.00031545 0.0002844 0.00018925 0.00026985 0.00021265 0.0002509 0.0002114 0.0003178 0.0002634 0.00027195 0.00026525 0.0003339 0.0002721 0.0003493 0.0003783 0.0002719 0.0003202 0.0002843 0.0002291 0.00016695 0.00026025 0.0003139 0.0002039 0.0002439 0.00015485 0.0003 0.0002223 0.00027425 0.0002107 0.0002638 0.0003297 0.00030015 0.00029995 0.00032625 0.0002247 0.0002783 0.0002742 0.0003065 0.00028875 0.0003118 0.0002551 0.000294 0.00024975 0.0003787 0.00030015 0.0002795 0.0003865 0.0003061 0.0002732 0.00023745 0.0001952 0.00030265 0.00032235 0.0003095 0.00022995 0.0002794 0.0002333 0.0002406 0.0003157 0.00018165 0.0002418 0.0003158 0.0001603 0.0002845 0.0003003 0.0002738 0.00031785 0.0002125 0.0001953 0.00034425 0.00024965 0.00017435 0.00029415 0.00032955 0.0003466 0.0003787 0.00031565
28 0.0002458 0.00010235 0.0002683 7.85e-05 0.0002661 5e-06 0.00037245 2.06e-05 0.0001099 0.00012675 8.995e-05 0.0001815 0.0001393 6.445e-05 0.0001094 0.00018125 0.0001028 6.435e-05 0.0001973 0.00014765 6.775e-05 4.7e-06 0.0001242 0.0003724 6.725e-05 0.0001254 8.965e-05 0.0003178 8.8e-06 5.735e-05 6.975e-05 0.00010255 0.00013065 6.98e-05 0.0002373 0.00019235 0.00033935 0.0003331 0.0001241 0.0001874 0.0001913 7.995e-05 0.00030555 0.0002075 9.555e-05 0.0002998 6.435e-05 0.0001865 4.695e-05 0.0001272 0.0001053 0.0002459 6.45e-05 6.43e-05 0.000216 0.00036795 0.00024125 4.69e-05 1.535e-05 5.01e-05 5.275e-05 0.00025255 6.83e-05 0.00011825 0.0001922 2.025e-05 8.995e-05 0.00020165 1.49e-05 0.0001376 0.000145 0.0002552 0.0001906 0.0002418 5.295e-05 0.00010935 8.97e-05 0.0001394 9.775e-05 4.55e-06 0.00024075 0.0003506 5.1e-06 0.0002932 0.0001243 2.045e-05 0.0003832 5.05e-06 0.00016945 0.0002553 0.00015645 0.00016205 0.0002118 0.00018215 0.0002457 0.0002699 0.0001925 4.6e-06
29 0.00027875 0.0001539 0.00030025 0.00012125 0.00030585 5.495e-05 0.00036065 6.135e-05 0.00010695 0.0001237 0.00014035 0.00022105 0.0001373 0.0001041 0.0001063 0.00022075 0.0001545 0.00010395 0.0002282 0.00019935 0.0001176 5.415e-05 0.0001541 0.0003606 0.00011665 0.0001137 0.00012045 0.0002634 5.735e-05 0.0001074 0.00012195 0.00015475 0.0001703 0.000122 0.0002764 0.0002313 0.00037295 0.0003714 0.000154 0.0002394 0.0001906 0.00012005 0.0003288 0.00025055 0.000126 0.0002791 0.000104 0.00019585 8.825e-05 0.0001246 0.00014645 0.0002789 0.00010415 0.00010395 0.0002544 0.00034845 0.00027105 8.82e-05 5.6e-05 0.00010295 0.000106 0.00028515 0.00010955 0.000161 0.00023105 6.105e-05 0.00013975 0.00024955 5.55e-05 0.0001879 0.00017455 0.0002435 0.0002307 0.00027315 0.00010295 0.00010965 0.00013945 0.0001375 9.515e-05 5.4e-05 0.0002389 0.00033115 5.46e-05 0.00029345 0.0001542 6.12e-05 0.00037085 5.79e-05 0.00015665 0.0002436 0.00020795 0.0002039 0.00020915 0.00022215 0.00027875 0.00029915 0.0002321 5.395e-05
30 0.00024715 0.00010355 0.00024365 7.895e-05 0.0002458 6.99e-05 0.0003435 8.495e-05 0.00012795 0.0001282 0.0001161 0.00019985 0.0001794 9.665e-05 0.000128 0.0001995 0.0001032 9.605e-05 0.00021465 0.0001115 6.945e-05 6.98e-05 0.00012305 0.00034345 7.03e-05 0.0001431 8.97e-05 0.00027195 6.975e-05 0.00012195 0.0001369 0.000103 0.0001621 6.905e-05 0.00022715 0.0002189 0.0002767 0.0003128 0.00012295 0.00014965 0.00012735 7.985e-05 0.00027405 0.0001449 9.575e-05 0.000279 9.655e-05 0.00020475 8.5e-05 0.00012745 0.00013105 0.00024775 9.67e-05 9.65e-05 0.00020955 0.0003057 0.00022625 8.495e-05 7.905e-05 7.805e-05 8.56e-05 0.0001894 0.00010055 0.0001183 0.0002192 8.485e-05 0.0001165 0.00022805 7.88e-05 0.00013205 0.00011305 0.0002401 0.0002084 0.0002436 8.555e-05 0.00012765 0.00011635 0.0001796 0.0001366 7.015e-05 0.0002218 0.0003056 7e-05 0.00024695 0.00012315 8.5e-05 0.00036295 6.955e-05 0.0001548 0.0002402 0.00018295 0.00012975 0.00017445 0.0001993 0.0002476 0.00023795 0.00021895 7.01e-05
31 0.0002528 0.00010235 0.0002489 0.00011255 0.0002182 0.00010225 0.0003159 0.0001117 0.0001546 0.00015475 0.00011525 0.0002055 0.0001914 0.0001296 0.0001545 0.00020515 0.00010215 0.000129 0.00021425 0.0001102 0.00010285 0.00010255 0.00015615 0.00031585 0.0001031 0.00016355 0.00012245 0.00026525 0.00010255 0.00015475 0.000103 0.0002025 0.0001952 0.00010325 0.00023905 0.0002309 0.0002485 0.0002852 0.00015605 0.00011535 0.00015495 0.00011335 0.00027985 0.0001107 0.00012215 0.0002453 0.0001295 0.00020425 0.00011135 0.00015445 0.0001247 0.0002534 0.00012965 0.00012945 0.00020925 0.0003051 0.00023205 0.0001113 0.00011185 0.00011075 0.00011805 0.00018195 0.00012695 0.00011105 0.0002312 0.0001116 0.0001162 0.0002276 0.0001114 0.0001314 0.00013975 0.0002398 0.0002139 0.00024925 0.00011815 0.00015415 0.00011605 0.0001916 0.00016295 0.00010295 0.00022125 0.00030495 0.00010295 0.0002125 0.00015625 0.00011175 0.0003417 0.0001025 0.00018145 0.0002399 0.0001825 0.0001287 0.0001679 0.0002054 0.00025325 0.0002499 0.0002304 0.0001029
32 0.0002814 0.00019515 0.00030045 0.0001621 0.00026735 0.00012825 0.00033185 0.00013405 0.0001898 0.0002077 0.00019025 0.00020575 0.00019835 0.00012875 0.0001903 0.00020535 0.0001945 0.0001281 0.0002119 0.00021865 0.00015895 0.00012775 0.0001291 0.0003318 0.00015895 0.0001967 0.00016005 0.0003339 0.00013065 0.0001703 0.0001621 0.0001952 0.0002538 0.00016215 0.000314 0.00029045 0.00034315 0.000333 0.000129 0.00025725 0.0002416 0.0001596 0.0002823 0.00025895 0.00016665 0.00032605 0.00012855 0.0002565 0.0001585 0.00020765 0.0001962 0.00028195 0.0001287 0.0001286 0.00025585 0.00036145 0.0002061 0.00015845 0.00012805 0.0001543 0.00013085 0.0003045 0.0001342 0.00020125 0.0002907 0.00013415 0.00019005 0.00030015 0.0001282 0.00019015 0.00016655 0.00025455 0.0002146 0.0002762 0.00012745 0.00019285 0.00019015 0.00019855 0.0001881 0.0001281 0.00027755 0.0003441 0.00012755 0.0003212 0.0001293 0.0001343 0.0004169 0.00013005 0.0001912 0.00025465 0.00025815 0.0001957 0.0002698 0.0002059 0.0002818 0.00029925 0.00029085 0.00012805
33 0.0002467 0.0001038 0.0002432 7.84e-05 0.0002455 6.995e-05 0.0003432 8.505e-05 0.0001282 0.0001285 0.000116 0.0001997 0.00017955 9.67e-05 0.00012825 0.00019935 0.00010345 9.61e-05 0.00021455 0.00011185 6.91e-05 6.985e-05 0.0001231 0.00034315 6.995e-05 0.0001434 9e-05 0.0002721 6.98e-05 0.000122 6.905e-05 0.00010325 0.00016215 0.000137 0.0002274 0.00021905 0.00027645 0.0003125 0.000123 0.00014975 0.0001281 8.015e-05 0.0002736 0.00014535 9.605e-05 0.00027875 9.66e-05 0.00020465 8.51e-05 0.00012775 0.000131 0.0002473 9.675e-05 9.655e-05 0.00020945 0.0003055 0.0002261 8.505e-05 7.91e-05 7.82e-05 8.565e-05 0.0001899 0.00010065 0.0001186 0.00021935 8.495e-05 0.0001164 0.00022795 7.885e-05 0.00013195 0.00011335 0.00024 0.00020825 0.00024315 8.56e-05 0.0001279 0.00011625 0.00017975 0.00013675 7.02e-05 0.0002218 0.00030535 7.005e-05 0.00024705 0.0001232 8.51e-05 0.00036295 6.96e-05 0.00015505 0.0002401 0.00018285 0.00013 0.0001746 0.00019915 0.00024715 0.0002382 0.0002191 7.015e-05
34 0.00031545 0.00023865 0.0003093 0.00023385 0.0002937 0.00023565 0.00040365 0.0002422 0.00026885 0.0002651 0.0002104 0.00031955 0.00028865 0.00024795 0.00026835 0.0003193 0.0002391 0.0002478 0.00032655 0.00019345 0.0002246 0.00023525 0.0002607 0.0004036 0.00022405 0.00027555 0.0002401 0.0003493 0.0002373 0.0002764 0.00022715 0.00023905 0.000314 0.0002274 0.0002888 0.0001901 0.0003204 0.000294 0.0002606 0.00021345 0.0002565 0.000233 0.00032825 0.0002465 0.00023945 0.0003105 0.00024785 0.0003139 0.0002344 0.0002656 0.00021675 0.0003156 0.000248 0.0002478 0.00022235 0.0003455 0.0003323 0.00023435 0.0002433 0.0001923 0.00024225 0.0002356 0.0002468 0.0002456 0.0001898 0.000242 0.0002101 0.00020975 0.0002429 0.00021465 0.00024445 0.00033185 0.00032 0.000317 0.00024025 0.0002705 0.00020995 0.00028885 0.00025345 0.0002351 0.0002739 0.00034875 0.0002356 0.00032265 0.0002608 0.00024215 0.000274 0.00023775 0.0002814 0.00033195 0.000212 0.00025135 0.0002399 0.00032025 0.00031545 0.00023645 0.0001903 0.00023505
35 0.0003066 0.0002308 0.00031805 0.0002256 0.00033 0.0001908 0.0004327 0.00019745 0.00025035 0.00025725 0.0002099 0.00031175 0.00026795 0.00022475 0.00025015 0.00031145 0.0002309 0.0002239 0.0003186 0.000231 0.00021655 0.0001903 0.00025885 0.00043265 0.0002163 0.00025725 0.00023175 0.0003783 0.00019235 0.0002313 0.0002189 0.0002309 0.00029045 0.00021905 0.0001901 0.0003783 0.00034895 0.0003304 0.00025875 0.00024995 0.00028525 0.00022475 0.00034145 0.0002754 0.0002312 0.00034705 0.00022465 0.0003062 0.0002066 0.00025745 0.0002164 0.00030745 0.0002248 0.0002246 0.00024335 0.00037405 0.00034585 0.00020655 0.000198 0.00019275 0.00021865 0.00026445 0.00022345 0.0002376 0.00019005 0.0001973 0.00020985 0.0002094 0.00019755 0.0002358 0.00025795 0.0003455 0.0003119 0.00030885 0.0002167 0.00025195 0.0002097 0.00026815 0.0002323 0.00019055 0.0003116 0.000367 0.0001907 0.00035165 0.00025895 0.00019745 0.0003111 0.00019245 0.0002846 0.0003456 0.00021125 0.00026485 0.0002764 0.00031215 0.0003073 0.00025005 0.0001903 0.0001905
36 0.00025355 0.00024865 0.0002229 0.0002763 0.0002286 0.00033965 0.0002472 0.00033945 0.0003276 0.00031045 0.0002831 0.00028585 0.0003347 0.0003244 0.0003274 0.0002855 0.0002487 0.0003237 0.00028565 0.00021985 0.00027705 0.0003394 0.00030905 0.00024715 0.00027705 0.0003275 0.00027695 0.0002719 0.00033935 0.00037295 0.0002767 0.0002485 0.00034315 0.00027645 0.0003204 0.00034895 0.0003143 0.00028265 0.00030895 0.00019215 0.0002474 0.0002777 0.0002388 0.00015925 0.00027655 0.0002535 0.0003243 0.00030085 0.0003139 0.0003104 0.0002828 0.00025425 0.00032445 0.00032425 0.00032115 0.000225 0.0002705 0.00031385 0.00033905 0.00031075 0.00032375 0.0001932 0.0003236 0.0002484 0.00034935 0.00033935 0.00028325 0.00033635 0.00033865 0.00026735 0.00026185 0.00028555 0.00029455 0.00024845 0.00032385 0.00032715 0.0002831 0.0003349 0.00035675 0.00033965 0.0002721 0.000242 0.00033975 0.0002099 0.00030915 0.0003395 0.0003108 0.0003394 0.00031245 0.00028565 0.0003364 0.00023325 0.00025395 0.000286 0.0002541 0.0003006 0.00034935 0.0003396
37 0.0003286 0.0002852 0.00031095 0.0003101 0.0001873 0.0003317 0.0002275 0.00032945 0.0003609 0.00035065 0.0002612 0.00025805 0.00033305 0.00033375 0.00036075 0.00025825 0.0002854 0.000333 0.0002558 0.00024865 0.0003105 0.00033145 0.0003357 0.00022745 0.0003105 0.00035875 0.0003073 0.0003202 0.0003331 0.0003714 0.0003128 0.0002852 0.000333 0.0003125 0.000294 0.0003304 0.00028265 0.0003688 0.0003356 0.0002149 0.00033165 0.0003095 0.0003312 0.0002357 0.000307 0.0002378 0.00033365 0.00030485 0.00031125 0.0003506 0.00025885 0.00032935 0.0003338 0.0003336 0.0002601 0.0003482 0.0002605 0.0003112 0.00032965 0.0002966 0.0003367 0.00031785 0.0003328 0.0002829 0.00033085 0.00032935 0.00026135 0.00030345 0.00032925 0.00026465 0.00031105 0.000303 0.0002578 0.00032915 0.0003351 0.00036215 0.00026125 0.00033325 0.0003466 0.0003317 0.00026435 0.00035835 0.0003318 0.0002547 0.0003358 0.0003295 0.0003004 0.00033315 0.00036305 0.0003031 0.00025975 0.00028725 0.0002802 0.0002582 0.0003292 0.00034915 0.00033085 0.00033165
