 slim_337510014 slim_337510184 slim_337510112 slim_337509954 slim_337510043 slim_337510137 slim_337510191 slim_337510008 slim_337510229 slim_337510200 slim_337510000 slim_337509821 slim_337510193 slim_337510237 slim_337510204 slim_337510115 slim_337509945 slim_337510083 slim_337510188 slim_337510179 slim_337510233 slim_337509840 slim_337510019 slim_337510195 slim_337510118 slim_337510227 slim_337510217 slim_337510226 slim_337509770 slim_337510216 slim_337510142 slim_337510120 slim_337510170 slim_337510202 slim_337510208 slim_337510198 slim_337509748 slim_337510214 slim_337510131 slim_337510068 slim_337510224 slim_337510225 slim_337510239 slim_337510218 slim_337510232 slim_337510223 slim_337510117 slim_337509980 slim_337510143 slim_337510236 slim_337510206 slim_337510171 slim_337509909 slim_337510158 slim_337510049 slim_337510231 slim_337510086 slim_337510125 slim_337510211 slim_337510156 slim_337510093 slim_337510221 slim_337509981 slim_337510219 slim_337510151 slim_337510205 slim_337510192 slim_337510047 slim_337510103 slim_337510203 slim_337510166 slim_337510177 slim_337510234 slim_337510109 slim_337510209 slim_337510054 slim_337510099 slim_337510150 slim_337510215 slim_337510165 slim_337510042 slim_337510220 slim_337510062 slim_337510124 slim_337510189 slim_337510135 slim_337510025 slim_337510222 slim_337510058 slim_337510066 slim_337510138 slim_337510126 slim_337510196 slim_337510114 slim_337510026 slim_337510154 slim_337510212 slim_337510119
0 0.0001497 0.00023305 0.00027645 0.0001195 0.00015205 0.00011075 0.00016955 0.0001222 0.00011055 0.00010945 0.00016585 0.0001196 0.0001219 0.00010555 8.36e-05 0.0001475 0.00017355 0.00011825 0.0001024 0.000111 0.00016825 0.0001101 0.0001141 0.0001121 0.00013335 8.495e-05 0.0001697 0.000107 0.0001476 0.0001295 0.0001209 0.0001022 0.00019405 0.0001026 0.00012925 9.47e-05 0.00015995 0.00015025 0.00011205 0.000152 9.68e-05 0.00021355 0.0001028 0.00011015 0.00015185 0.0001009 0.00010225 0.00012775 0.00011855 0.00010495 0.00010995 0.0001058 0.0001214 0.0001366 0.0001154 0.00012795 0.0001092 7.715e-05 8.575e-05 0.00012945 0.0001141 0.0001263 0.0001153 0.00025835 0.00012095 0.0001483 0.0001515 0.00012885 9.765e-05 0.00011415 0.0001487 0.0001014 0.0001201 0.0001447 0.00016615 0.000112 0.00012945 0.00011065 9.665e-05 0.0001092 9.295e-05 0.00016565 0.0001278 9.42e-05 0.0001175 0.0001376 0.00012965 0.0001218 0.0001491 0.0001487 9.96e-05 0.00012945 0.0001474 0.00012885 0.0001589 9.065e-05 0.00015015 0.000112
1 0.00023305 0.0004274 0.000235 0.00022755 0.0002285 0.00023645 0.0002209 0.0002393 0.00023835 0.000244 0.00022355 0.0002362 0.00022415 0.0002239 0.0002474 0.00024095 0.00022885 0.00023 0.00022205 0.0002303 0.0002276 0.00022785 0.00022265 0.00023435 0.0002366 0.00023135 0.00022105 0.00021845 0.00024105 0.00022325 0.00022405 0.0002223 0.00024445 0.0002227 0.0002252 0.0002279 0.0002182 0.0002213 0.00021855 0.00022655 0.0002227 0.00022425 0.00022135 0.00021735 0.00022775 0.00022455 0.0002363 0.0002325 0.0002381 0.0002242 0.00022865 0.0002204 0.0002203 0.00022975 0.00023155 0.0002327 0.0002437 0.00023485 0.0002245 0.0002254 0.00022265 0.00023985 0.00023145 0.00021955 0.00022355 0.00022545 0.00022785 0.00025205 0.00022275 0.0002227 0.00022855 0.0002419 0.00023085 0.00021795 0.00023605 0.0002185 0.0002254 0.00023635 0.00022255 0.00022285 0.0002418 0.00025645 0.00023035 0.00021445 0.00023825 0.00022005 0.0002256 0.00022405 0.00023895 0.00022855 0.00023325 0.0002254 0.00024745 0.00025205 0.00022725 0.00023575 0.00022525 0.00023275
2 0.00027645 0.000235 0.0002981 0.0002563 0.0002204 0.0002662 0.00029785 0.0002714 0.00026915 0.00027035 0.000288 0.00033135 0.00026325 0.00027985 0.0002235 0.0002678 0.00023455 0.0002645 0.0003193 0.0003251 0.0001813 0.0003086 0.00021 0.0002661 0.00027825 0.0002693 0.000298 0.00025055 0.0002679 0.0003184 0.0002578 0.00031935 0.00015085 0.00031975 0.00031615 0.0003023 0.00028545 0.00031875 0.0002456 0.0002174 0.00026705 0.00021605 0.00027995 0.00027795 0.0001981 0.00030755 0.0002735 0.0002852 0.0002834 0.000316 0.00028485 0.00028035 0.00029935 0.0003098 0.0002852 0.0002854 0.0002353 0.0002773 0.0003275 0.00031625 0.00021 0.0002544 0.0002851 0.00023265 0.00026335 0.0002373 0.00023425 0.0002178 0.00022675 0.00021005 0.00028785 0.00026425 0.0003143 0.00028135 0.00021095 0.00024555 0.00031625 0.0002661 0.0002669 0.0002629 0.0002716 0.00018425 0.00028735 0.000297 0.00025895 0.00031845 0.00031645 0.00026315 0.0002331 0.00028785 0.00026595 0.00031625 0.00022255 0.00021785 0.00032505 0.00031325 0.0003072 0.00024925
3 0.0001195 0.00022755 0.0002563 0.0001248 0.00011475 0.0001434 0.0001975 0.0001285 0.00015085 0.00013925 0.00015165 0.00013375 0.00011315 0.00013005 0.0001301 0.00016135 0.00017555 0.00014925 0.00013275 0.00013175 0.0001269 0.00013435 6.245e-05 0.00014365 0.00016225 0.00011315 0.00019765 0.00010345 0.00016145 0.00015925 0.00011435 0.000133 0.0001752 0.0001334 0.0001635 0.00012525 0.00014705 0.000179 9.815e-05 0.00014565 8.05e-05 0.00020935 0.00013135 0.00013895 0.0001442 0.0001171 0.00015025 0.00015895 0.00015525 0.0001315 0.00011045 0.00013105 0.0001467 0.00016475 0.0001447 0.00015915 0.0001389 0.0001176 0.00010075 0.0001636 6.245e-05 0.00015455 0.0001446 0.0002586 0.00011295 0.0001442 0.00014545 0.0001412 7.97e-05 6.25e-05 0.0001745 0.00013955 0.00015975 0.00016555 0.00017985 9.81e-05 0.0001636 0.0001433 8.035e-05 9.855e-05 0.00014645 0.0001591 0.0001546 0.000118 0.00014675 0.00016445 0.0001638 0.00011305 0.00016155 0.0001745 0.00012925 0.0001636 0.0001568 0.0001412 0.00018105 0.00013565 0.0001655 7.475e-05
4 0.00015205 0.0002285 0.0002204 0.00011475 0.0002132 0.00015425 0.00020435 0.00013795 0.00016485 0.0001424 0.0001797 0.00016965 0.00013645 0.00015365 0.00014955 0.00014905 0.00015255 0.00014645 0.0001571 0.00016115 0.0001246 0.0001589 0.00010665 0.0001545 0.00015735 0.00014555 0.0002045 0.00013245 0.00014915 0.000166 0.00013775 0.00015695 0.0001374 0.00015735 0.0001659 0.00015075 0.00017705 0.0001867 0.0001273 0.00014375 0.00012555 0.0001908 0.00015565 0.0001496 0.0001418 0.0001526 0.00016125 0.00015375 0.0001421 0.00015575 0.00013625 0.00015505 0.0001547 0.0001672 0.00015525 0.00015395 0.00014215 0.00015035 0.0001524 0.000166 0.00010665 0.00014175 0.00015515 0.0002373 0.00013665 0.000143 0.0001441 0.00013735 0.0001238 0.0001067 0.0001746 0.00014245 0.0001542 0.0001945 0.0001493 0.00012725 0.000166 0.00015415 0.0001254 0.0001376 0.0001495 0.0001322 0.00015375 0.00014795 0.0001579 0.0001879 0.0001662 0.00013635 0.00014935 0.0001746 0.00015585 0.000166 0.00013665 0.00013735 0.00019525 0.00016195 0.00020015 0.0001156
5 0.00011075 0.00023645 0.0002662 0.0001434 0.00015425 0.0002057 0.00014795 0.00014865 0.0001101 0.0001054 0.00016875 0.0001241 0.0001198 0.00011 0.0001046 0.00014085 0.0001419 0.00011285 0.0001096 0.00011535 0.00015995 0.0001167 0.0001361 0.00010455 0.00011065 0.0001109 0.00014815 0.0001224 0.00014105 0.0001074 0.0001188 0.00010935 0.0001813 0.00010985 0.0001032 0.0001186 0.0001664 0.0001309 0.00012735 0.00015075 0.0001277 0.00018655 0.0001113 0.00011865 0.00015015 0.00012305 0.0001046 0.000105 0.0001086 0.00011145 0.00012655 0.0001131 0.00011265 0.00011045 0.0001085 0.00010515 0.00010505 0.0001126 0.0001235 0.00010295 0.0001361 0.0001071 0.0001084 0.00022835 0.0001203 0.00014965 0.0001519 0.00014085 0.00012625 0.00013615 0.00013295 0.0001065 0.00010655 0.0001563 0.00014635 0.0001273 0.00010295 0.0001029 0.00012755 0.0001229 0.00010815 0.00017875 0.0001094 0.00011865 0.00011 0.00013415 0.00010335 0.0001196 0.00014245 0.00013295 0.0001079 0.0001032 0.0001443 0.00014085 0.0001397 0.00010885 0.00016125 0.0001353
6 0.00016955 0.0002209 0.00029785 0.0001975 0.00020435 0.00014795 0.0001581 0.00019605 0.00015295 0.0001599 0.00012965 0.00012285 0.00014485 0.0001277 0.00021005 0.0001656 0.00014755 0.0001278 0.0001079 0.00011395 0.00021445 0.00012675 0.00021 0.00014715 0.00012705 0.00017565 7.955e-05 0.0001521 0.00016575 7.955e-05 0.00014925 0.00010765 0.0002548 0.0001081 7.935e-05 0.0001316 0.00012745 8.195e-05 0.00015705 0.0001778 0.00017545 0.0001474 0.0001295 0.00010915 0.00019725 0.0001265 0.0001414 0.0001102 0.00013195 0.00011045 0.0001481 0.0001289 9.325e-05 9.75e-05 0.00012865 0.0001105 0.00017905 0.00017205 0.0001427 7.935e-05 0.00021 0.0001415 0.00012855 0.0001922 0.0001459 0.0001771 0.0001803 0.00023425 0.00019275 0.00021005 0.00011305 0.00016945 0.00010085 0.0001098 0.00017365 0.000157 7.935e-05 0.00014785 0.0001753 0.0001628 0.00016295 0.0002713 0.0001105 0.00012 0.0001638 0.0001 7.96e-05 0.0001447 0.0001845 0.00011305 0.00016545 7.93e-05 0.00021615 0.00023425 9.09e-05 0.00014055 0.0001157 0.00020105
7 0.0001222 0.0002393 0.0002714 0.0001285 0.00013795 0.00014865 0.00019605 0.0001426 0.0001657 0.0001193 0.0001725 0.0001168 0.0001494 0.0001497 0.000169 9.99e-05 0.0001757 0.00016575 0.00010235 0.00010825 0.0001984 0.0001165 0.00017005 0.0001497 0.00016265 0.00012335 0.0001962 0.00016755 0.0001 0.0001285 0.00015405 0.00010205 0.0001842 0.00010245 0.0001283 0.00011825 0.00016825 0.0001484 0.00016765 0.000179 0.00012105 0.00024315 0.00014925 0.0001657 0.00019855 0.0001262 0.0001488 0.00014685 0.0001365 0.00010115 0.0001192 0.0001502 0.00014625 0.00014355 0.0001332 0.00014705 0.00016715 0.00012045 8.275e-05 0.0001285 0.00017005 0.00016545 0.0001331 0.00026485 0.00014885 0.00014845 0.00015035 0.0001201 0.00017015 0.0001701 0.0001669 0.00013815 0.000118 0.0001969 0.0001964 0.0001676 0.0001285 0.00014855 0.0001209 0.0001354 0.00013835 0.0001065 0.00014685 0.0001257 0.0001653 0.00013445 0.0001287 0.0001493 0.0001493 0.0001669 0.0001359 0.0001285 0.00013895 0.0001202 0.000157 8.735e-05 0.00017525 0.0001216
8 0.00011055 0.00023835 0.00026915 0.00015085 0.00016485 0.0001101 0.00015295 0.0001657 0.0001705 0.0001318 0.0001754 0.00013085 0.0001214 0.00010415 0.0001032 0.00015885 0.00014625 0.0001292 0.0001176 0.00012255 0.0001587 0.0001046 0.000132 0.00010905 0.00010805 0.00011595 0.00015295 0.00012205 0.0001588 0.0001154 0.0001173 0.00011765 0.00018485 0.0001179 0.00011105 0.00012315 0.0001779 0.00013725 0.000127 0.00015315 0.0001286 0.0001884 0.0001069 0.00012485 0.0001415 0.00012815 0.0001039 0.0001207 0.0001261 0.0001176 0.00013955 0.0001058 0.00011665 9.835e-05 0.0001223 0.0001209 0.00012005 0.00011095 0.0001285 0.00011085 0.000132 0.00013075 0.00012225 0.00023245 0.00012265 0.00015275 0.00015495 0.00015815 0.00011475 0.00013205 0.00014725 0.00011535 0.0001161 0.0001596 0.00015155 0.00012695 0.00011085 0.00011 0.00012845 0.00012285 0.0001092 0.0001956 0.00012525 0.0001222 9.63e-05 0.0001386 0.0001109 0.00012145 0.000147 0.0001472 0.00011055 0.0001107 0.00015765 0.00015815 0.0001456 0.000117 0.00016625 0.00014455
9 0.00010945 0.000244 0.00027035 0.00013925 0.0001424 0.0001054 0.0001599 0.0001193 0.0001318 9.91e-05 0.0001613 0.0001314 0.00013475 0.00013235 9.775e-05 0.00012365 0.0001643 7.085e-05 0.00011745 0.00012325 0.00017845 0.00012925 0.0001471 0.00010535 0.0001016 0.0001006 0.00016005 0.00011985 0.00012375 0.00012645 0.0001389 0.0001173 0.00018695 0.0001177 0.00012205 9.84e-05 0.00015875 0.0001473 0.0001248 0.0001565 0.0001306 0.00020195 0.00013215 9.735e-05 0.00017605 0.00011345 0.00011445 8.585e-05 6.945e-05 0.00011395 0.00010005 0.00013275 0.00011295 0.0001384 8.755e-05 8.59e-05 6.925e-05 0.0001103 0.0001179 0.00012215 0.0001471 4.98e-05 8.73e-05 0.0002494 0.00013485 0.0001591 0.00015785 0.00010695 0.00014465 0.00014715 0.000111 8.9e-05 0.00010575 0.00015095 0.0001384 0.00012475 0.00012215 0.0001053 0.00013045 0.0001361 9.81e-05 0.00014465 9.015e-05 0.00010265 0.0001209 0.0001487 0.00012235 0.00013465 0.00014325 0.00011115 0.0001069 0.00012215 0.00011195 0.00010685 0.0001555 0.00010155 0.0001615 0.00012235
10 0.00016585 0.00022355 0.000288 0.00015165 0.0001797 0.00016875 0.00012965 0.0001725 0.0001754 0.0001613 0.0002466 0.000146 0.00015 0.0001501 0.0002021 0.0001768 0.00018505 0.0001481 0.00013285 0.0001376 0.0002007 0.00014315 0.00016385 0.00016775 0.00015865 0.00016465 0.0001299 0.0001454 0.0001769 0.00013165 0.00015525 0.0001327 0.00024705 0.0001331 0.00013595 0.00013635 0.0001266 0.0001318 0.0001452 0.00018105 0.0001459 0.0001788 0.0001519 0.0001318 0.0002008 0.00013275 0.0001692 0.00014745 0.0001558 0.0001324 0.00013775 0.0001501 0.0001303 0.00014605 0.00014865 0.00014765 0.00018045 0.0001651 0.0001335 0.0001359 0.00016385 0.00015925 0.00014855 0.0002277 0.0001507 0.0001808 0.0001833 0.0002097 0.0001639 0.0001639 0.0001435 0.00017695 0.0001441 0.00012545 0.00019885 0.00014515 0.0001359 0.00016865 0.00014575 0.00015085 0.00017745 0.00023715 0.0001432 0.0001267 0.00017875 0.0001327 0.0001361 0.0001499 0.00019535 0.0001435 0.0001688 0.0001359 0.00020765 0.0002097 0.00014025 0.00015095 0.0001328 0.0001564
11 0.0001196 0.0002362 0.00033135 0.00013375 0.00016965 0.0001241 0.00012285 0.0001168 0.00013085 0.0001314 0.000146 7.11e-05 0.00012035 0.0001025 0.00019155 0.00011345 0.0001508 0.0001458 5.19e-05 4.295e-05 0.00022055 7.435e-05 0.0001902 0.00012485 0.00012175 0.00012705 0.000123 0.0001513 0.00011355 5.025e-05 0.00012445 5.235e-05 0.00024865 5.275e-05 5.045e-05 9.9e-05 0.0001442 7.425e-05 0.00015625 0.00018515 0.0001239 0.0002233 0.0001066 0.00012715 0.0002033 7.96e-05 0.00011765 0.00010485 0.0001163 5.79e-05 0.0001158 0.00010715 8.765e-05 6.84e-05 0.00010625 0.00010505 0.00017885 0.0001212 4.59e-05 5.025e-05 0.0001902 0.0001597 0.00010615 0.0002333 0.0001214 0.00015445 0.0001583 0.00018735 0.0001729 0.00019025 0.000129 0.0001354 6.155e-05 0.00015895 0.00019885 0.0001562 5.025e-05 0.000124 0.00012375 0.0001214 0.000129 0.00021155 0.00010485 9.86e-05 0.00014155 7.535e-05 5.045e-05 0.00012025 0.00016205 0.000129 0.0001261 5.025e-05 0.00018445 0.00018735 6.69e-05 6.805e-05 0.00011705 0.00014975
12 0.0001219 0.00022415 0.00026325 0.00011315 0.00013645 0.0001198 0.00014485 0.0001494 0.0001214 0.00013475 0.00015 0.00012035 0.0002092 0.00010515 0.000135 0.00014725 0.0001359 0.00012735 0.00010705 0.0001116 0.00013755 0.0001119 0.0001046 0.00012035 0.00012425 0.00012235 0.0001449 0.000108 0.00014725 0.0001051 0.0001055 0.0001069 0.00018005 0.0001072 0.00010505 0.0001195 0.000148 0.00012805 0.0001078 0.00013955 0.0001073 0.00017585 0.00010805 0.0001157 0.00013775 0.0001151 0.00012015 0.00011955 0.0001297 0.00010765 0.00012015 0.0001088 0.00010845 0.00011005 0.00012245 0.00011975 0.0001345 0.0001225 0.00011485 0.000105 0.00010465 0.00013435 0.00012235 0.00022095 0.0001056 0.0001389 0.00014045 0.0001621 0.0001048 0.0001047 0.00014275 0.0001298 0.000115 0.0001479 0.0001528 0.00010775 0.000105 0.0001197 0.00010715 0.0001075 0.0001302 0.0001896 0.00011965 0.0001109 0.00012485 0.00013065 0.0001051 0.00010485 0.000148 0.00014275 0.0001231 0.00010475 0.00016245 0.0001621 0.00013685 0.00012305 0.00015265 0.000117
13 0.00010555 0.0002239 0.00027985 0.00013005 0.00015365 0.00011 0.0001277 0.0001497 0.00010415 0.00013235 0.0001501 0.0001025 0.00010515 0.0001744 0.00012545 0.00014715 0.0001359 0.00011805 8.99e-05 9.415e-05 0.00015455 9.505e-05 0.00012205 0.0001105 0.00011445 0.00011295 0.00012795 0.0001033 0.0001473 8.805e-05 0.00010545 9.03e-05 0.00019665 9.075e-05 8.81e-05 0.00010315 0.00014835 0.0001114 0.00010825 0.00013925 0.0001079 0.00017555 9.19e-05 9.935e-05 0.00013715 9.785e-05 0.0001034 0.0001098 0.00012045 9.09e-05 0.0001205 9.195e-05 9.17e-05 9.295e-05 0.00011275 0.00011005 0.000132 0.00010615 9.735e-05 8.8e-05 0.00012205 0.00013195 0.00011265 0.00022075 0.0001062 0.00013905 0.0001405 0.0001692 0.00010465 0.0001221 0.0001334 0.00012045 9.845e-05 0.00013105 0.00015295 0.0001082 8.8e-05 0.0001099 0.00010775 0.0001077 0.0001139 0.0002063 0.0001099 9.45e-05 0.00011495 0.000114 8.825e-05 0.00010505 0.00014775 0.0001334 0.0001133 8.795e-05 0.00016965 0.0001692 0.0001198 0.0001065 0.00013545 0.0001343
14 8.36e-05 0.0002474 0.0002235 0.0001301 0.00014955 0.0001046 0.00021005 0.000169 0.0001032 9.775e-05 0.0002021 0.00019155 0.000135 0.00012545 1.99e-05 0.00019005 0.0001808 0.0001011 0.0001782 0.0001835 0.00011865 0.00016725 7.06e-05 0.00010665 0.0001372 8.585e-05 0.0002102 9.285e-05 0.00019015 0.0002035 0.00012885 0.00017825 0.0001389 0.00017865 0.00019905 0.0001316 0.0001993 0.00022495 9.78e-05 0.0001295 0.00011415 0.0001916 0.0001261 0.0001192 0.0001093 0.00014635 0.00010455 0.0001439 0.0001265 0.0001744 0.0001385 0.0001283 0.00016295 0.0001932 0.00013095 0.0001441 4.95e-05 8.365e-05 0.0001634 0.00019915 7.06e-05 8.89e-05 0.00013085 0.00026755 0.00013475 0.0001598 0.00015825 9.555e-05 6.12e-05 7.065e-05 0.00016985 8.7e-05 0.0001816 0.00015675 0.00012745 9.775e-05 0.00019915 0.0001045 0.000114 0.0001217 8.715e-05 0.00014605 0.00014825 0.00013315 9.975e-05 0.0002117 0.00019935 0.0001349 0.0001442 0.00016985 9.355e-05 0.00019915 0.00012175 9.555e-05 0.00023305 0.00014495 0.0001945 0.0001113
15 0.0001475 0.00024095 0.0002678 0.00016135 0.00014905 0.00014085 0.0001656 9.99e-05 0.00015885 0.00012365 0.0001768 0.00011345 0.00014725 0.00014715 0.00019005 0.000184 0.0001419 0.0001589 9.885e-05 0.0001046 0.00019825 0.00011695 0.00020185 0.00014225 0.00013975 0.0001486 0.0001658 0.0001833 9.23e-05 9.665e-05 0.00015105 9.85e-05 0.0001785 9.9e-05 9.235e-05 0.0001363 0.00017445 0.00012005 0.0001833 0.00017925 0.00015515 0.00021505 0.0001483 0.0001646 0.00019805 0.0001408 0.00014135 0.00012275 0.0001261 0.00010035 0.0001349 0.0001501 0.0001303 0.00011095 0.00012625 0.0001229 0.0001715 0.00014935 0.00011285 9.22e-05 0.00020185 0.00015345 0.00012615 0.00023275 0.00014775 0.00014965 0.00015165 0.0001408 0.0002016 0.0002019 0.0001507 0.0001441 9.545e-05 0.00020245 0.0001747 0.00018325 9.22e-05 0.00014075 0.000155 0.00015035 0.00014465 0.0001272 0.00012715 0.00014105 0.00015905 0.0001233 9.25e-05 0.00014705 0.000142 0.0001507 0.0001456 9.235e-05 0.00014395 0.0001409 0.00012895 9.77e-05 0.000179 0.00015345
16 0.00017355 0.00022885 0.00023455 0.00017555 0.00015255 0.0001419 0.00014755 0.0001757 0.00014625 0.0001643 0.00018505 0.0001508 0.0001359 0.0001359 0.0001808 0.0001419 0.0002049 0.00014435 0.000135 0.000142 0.00013805 0.0001413 0.0001691 0.0001424 0.0001296 0.0001745 0.0001476 0.0001533 0.0001419 0.00010735 0.00013625 0.00013485 0.00014395 0.00013515 0.0001029 0.0001634 0.00018155 0.00013025 0.0001533 0.0001387 0.0001701 0.00014725 0.00013495 0.00013955 0.00013775 0.0001593 0.0001417 0.0001249 0.00014245 0.00013705 0.0001638 0.0001375 0.0001213 0.00010855 0.00014375 0.0001251 0.0001641 0.0001757 0.00017545 0.00010285 0.0001691 0.0001472 0.00014365 0.00019545 0.0001365 0.0001369 0.0001391 0.000181 0.00016885 0.00016915 0.00015245 0.0001593 0.00012025 0.00018215 0.0001268 0.00015325 0.00010285 0.0001418 0.00016995 0.0001546 0.00015915 0.00018105 0.0001294 0.0001533 0.0001469 0.0001488 0.00010295 0.000136 0.00014275 0.00015245 0.0001611 0.00010265 0.0001648 0.000181 0.0001391 0.00016055 0.0001875 0.0001796
17 0.00011825 0.00023 0.0002645 0.00014925 0.00014645 0.00011285 0.0001278 0.00016575 0.0001292 7.085e-05 0.0001481 0.0001458 0.00012735 0.00011805 0.0001011 0.0001589 0.00014435 4.34e-05 0.00013035 0.0001376 0.00014905 0.00014275 0.00012995 0.00011055 8.86e-05 0.00011635 0.00012795 7.725e-05 0.000159 0.00012445 0.00013215 0.0001302 0.0001845 0.0001306 0.0001244 8.385e-05 0.0001433 0.00014365 8.22e-05 0.0001193 0.0001344 0.00014755 0.00011625 2.81e-05 0.00013975 9.285e-05 0.0001127 7.31e-05 6.03e-05 0.0001277 9.43e-05 0.00011535 7.985e-05 0.00014025 8.96e-05 7.32e-05 6.16e-05 0.00011975 0.0001413 0.0001245 0.00012995 2.195e-05 8.94e-05 0.00022635 0.0001271 0.00014945 0.0001496 0.0001473 0.0001206 0.00013 9.23e-05 0.0001 0.00011165 0.00010055 9.51e-05 8.215e-05 0.0001245 0.00011275 0.00013425 0.0001435 9.99e-05 0.0001971 7.305e-05 7.405e-05 0.00012585 0.00015985 0.0001247 0.00012725 0.0001479 9.24e-05 0.0001269 0.0001245 0.0001307 0.0001473 0.0001519 0.0001426 0.00014065 0.00014205
18 0.0001024 0.00022205 0.0003193 0.00013275 0.0001571 0.0001096 0.0001079 0.00010235 0.0001176 0.00011745 0.00013285 5.19e-05 0.00010705 8.99e-05 0.0001782 9.885e-05 0.000135 0.00013035 6.76e-05 4.31e-05 0.0002097 5.98e-05 0.00017975 0.00011035 0.00010705 0.0001104 0.00010815 0.0001368 9.9e-05 3.425e-05 0.00011105 3.4e-05 0.0002366 3.445e-05 3.395e-05 8.22e-05 0.0001275 5.685e-05 0.00014185 0.0001735 0.00011075 0.00020875 8.84e-05 0.00010995 0.00019285 7.765e-05 0.00010265 8.93e-05 0.0001011 4.255e-05 9.845e-05 9.095e-05 7.155e-05 5.42e-05 9.34e-05 8.955e-05 0.000165 0.00010635 4.56e-05 3.41e-05 0.00017975 0.00014485 9.33e-05 0.0002196 0.00010695 0.0001385 0.0001454 0.0001744 0.00016285 0.0001798 0.00011225 0.0001212 4.57e-05 0.0001446 0.0001853 0.0001418 3.41e-05 0.0001095 0.0001106 0.00011075 0.0001143 0.0001986 8.95e-05 8.015e-05 0.0001279 6.06e-05 3.435e-05 0.00010695 0.0001477 0.00011225 0.0001143 3.405e-05 0.0001703 0.0001744 6.57e-05 5.51e-05 0.00011695 0.00013635
19 0.000111 0.0002303 0.0003251 0.00013175 0.00016115 0.00011535 0.00011395 0.00010825 0.00012255 0.00012325 0.0001376 4.295e-05 0.0001116 9.415e-05 0.0001835 0.0001046 0.000142 0.0001376 4.31e-05 8.1e-05 0.0002142 6.6e-05 0.00018205 0.00011615 0.00011345 0.00011855 0.00011415 0.0001431 0.0001048 4.07e-05 0.0001158 4.305e-05 0.0002424 4.355e-05 4.1e-05 9.04e-05 0.00013565 6.505e-05 0.00014805 0.0001787 0.00011535 0.000215 9.795e-05 0.0001189 0.00019695 7.795e-05 0.0001087 9.605e-05 0.00010775 4.9e-05 0.00010725 9.86e-05 7.9e-05 5.965e-05 9.985e-05 9.61e-05 0.0001708 0.00011265 4.475e-05 4.065e-05 0.00018205 0.00015155 9.975e-05 0.0002262 0.00011255 0.0001459 0.0001519 0.0001793 0.00016475 0.0001821 0.0001205 0.00012695 5.22e-05 0.00015065 0.0001924 0.000148 4.065e-05 0.00011525 0.0001152 0.000115 0.00012045 0.0002035 9.6e-05 9.025e-05 0.00013335 6.86e-05 4.1e-05 0.0001114 0.00015335 0.0001205 0.0001198 4.085e-05 0.0001761 0.0001793 6.74e-05 6.125e-05 0.0001154 0.00014125
20 0.00016825 0.0002276 0.0001813 0.0001269 0.0001246 0.00015995 0.00021445 0.0001984 0.0001587 0.00017845 0.0002007 0.00022055 0.00013755 0.00015455 0.00011865 0.00019825 0.00013805 0.00014905 0.0002097 0.0002142 0.0001326 0.0001959 6.635e-05 0.0001602 0.00017045 0.00016155 0.0002146 0.0001111 0.00019835 0.00020855 0.00013405 0.00020975 9.25e-05 0.00021015 0.0002084 0.00018655 0.0001985 0.0002299 0.00010595 0.00010515 0.0001379 0.0001439 0.0001559 0.00014725 8.38e-05 0.00018335 0.00016715 0.00017875 0.00018385 0.00020465 0.0001715 0.00015705 0.00017605 0.0001991 0.0001787 0.00017895 0.00013035 0.0001675 0.00021535 0.0002085 6.635e-05 0.00014925 0.0001786 0.0002265 0.00013775 0.00013925 0.0001339 0.00014975 8.35e-05 6.635e-05 0.0002003 0.0001649 0.00021345 0.00018285 0.0001153 0.0001059 0.0002085 0.00015985 0.00013775 0.00013715 0.00017215 0.0001531 0.0001788 0.00016935 0.0001517 0.00022955 0.0002087 0.00013745 0.00015085 0.0002003 0.00016 0.0002085 0.0001538 0.00014975 0.0002363 0.0002189 0.0002208 0.0001319
21 0.0001101 0.00022785 0.0003086 0.00013435 0.0001589 0.0001167 0.00012675 0.0001165 0.0001046 0.00012925 0.00014315 7.435e-05 0.0001119 9.505e-05 0.00016725 0.00011695 0.0001413 0.00014275 5.98e-05 6.6e-05 0.0001959 0.0001101 0.0001645 0.000117 0.0001063 0.0001176 0.0001268 0.00013575 0.00011695 5.94e-05 0.0001131 5.975e-05 0.00022475 6.005e-05 5.92e-05 9.705e-05 0.00014305 7.97e-05 0.0001408 0.000172 0.00011175 0.0002088 9.54e-05 0.0001227 0.00017905 9.485e-05 0.00010975 0.00010815 0.00011675 5.735e-05 0.00011535 9.58e-05 8.745e-05 5.655e-05 0.00011005 0.00010835 0.00016575 0.0001095 6.675e-05 5.925e-05 0.0001645 0.0001573 0.00010995 0.00022715 0.00011195 0.000142 0.00014145 0.00017445 0.0001476 0.00016455 0.00012875 0.00012515 6.77e-05 0.0001555 0.00018535 0.00014075 5.925e-05 0.0001166 0.0001116 0.00011355 0.00011825 0.00019845 0.0001083 9.34e-05 0.000115 8.13e-05 5.935e-05 0.0001119 0.0001542 0.00012875 0.00011875 5.915e-05 0.0001747 0.00017445 8.81e-05 7.49e-05 0.0001335 0.00013905
22 0.0001141 0.00022265 0.00021 6.245e-05 0.00010665 0.0001361 0.00021 0.00017005 0.000132 0.0001471 0.00016385 0.0001902 0.0001046 0.00012205 7.06e-05 0.00020185 0.0001691 0.00012995 0.00017975 0.00018205 6.635e-05 0.0001645 1e-07 0.0001364 0.00016335 0.00010735 0.00021015 6.375e-05 0.00020195 0.00020455 0.00010155 0.0001798 0.00012875 0.0001802 0.00020885 0.00014035 0.00016265 0.0002257 5.84e-05 0.0001065 7.305e-05 0.00017005 0.00012635 0.00012105 8.395e-05 0.0001371 0.0001434 0.00017165 0.00016885 0.00017325 0.00012555 0.00012635 0.0001612 0.0001989 0.0001575 0.00017185 9.895e-05 0.0001118 0.0001527 0.00020895 1e-07 0.0001346 0.0001574 0.00025205 0.0001049 0.00013855 0.00013515 0.00012905 1.765e-05 1.5e-07 0.00018855 0.00013315 0.000206 0.00014655 0.000141 5.835e-05 0.00020895 0.000136 7.29e-05 9.015e-05 0.0001405 0.00015985 0.00016725 0.00012465 0.0001279 0.00021125 0.00020915 0.00010455 0.00015435 0.00018855 0.0001221 0.00020895 0.00014965 0.00012905 0.0002339 0.00018105 0.0001839 6.725e-05
23 0.0001121 0.00023435 0.0002661 0.00014365 0.0001545 0.00010455 0.00014715 0.0001497 0.00010905 0.00010535 0.00016775 0.00012485 0.00012035 0.0001105 0.00010665 0.00014225 0.0001424 0.00011055 0.00011035 0.00011615 0.0001602 0.000117 0.0001364 0.0002073 0.0001096 0.0001101 0.00014745 0.00012145 0.0001424 0.0001084 0.00011995 0.0001102 0.00018235 0.00011065 0.0001038 0.0001175 0.0001654 0.00013075 0.0001264 0.00015025 0.00012795 0.00018555 0.0001118 0.0001164 0.0001504 0.00012235 0.000106 0.00010415 0.00010755 0.00011205 0.0001264 0.00011215 0.00011165 0.0001107 0.00010675 0.00010445 0.00010495 0.00011365 0.0001228 0.00010395 0.0001364 0.00010475 0.0001067 0.00022775 0.0001209 0.00014895 0.00015215 0.0001429 0.00012655 0.00013645 0.0001312 0.0001077 0.0001071 0.0001546 0.0001453 0.00012635 0.00010395 0.00010445 0.0001278 0.0001225 0.0001092 0.00018065 0.0001087 0.0001165 0.00010895 0.000133 0.0001042 0.0001202 0.0001419 0.00013115 0.00010615 0.0001039 0.00014285 0.0001429 0.0001395 0.00010875 0.0001605 0.0001364
24 0.00013335 0.0002366 0.00027825 0.00016225 0.00015735 0.00011065 0.00012705 0.00016265 0.00010805 0.0001016 0.00015865 0.00012175 0.00012425 0.00011445 0.0001372 0.00013975 0.0001296 8.86e-05 0.00010705 0.00011345 0.00017045 0.0001063 0.00016335 0.0001096 0.0001646 0.0001316 0.0001271 0.00012415 0.00013975 8.955e-05 0.0001249 0.000107 0.00019405 0.0001073 8.515e-05 0.0001127 0.00015995 0.0001109 0.0001291 0.0001528 0.00014745 0.00017155 0.0001148 9.48e-05 0.00016065 0.0001184 0.0001116 8.37e-05 8.58e-05 0.0001079 0.00012315 0.00011445 9.025e-05 8.405e-05 0.00010075 8.39e-05 0.00010925 0.0001347 0.00013455 8.51e-05 0.00016335 8.235e-05 0.00010085 0.00021555 0.00012495 0.0001521 0.0001542 0.00016535 0.0001535 0.0001634 0.00010965 0.0001126 8.705e-05 0.0001496 0.00013125 0.00012905 8.51e-05 0.00011055 0.0001473 0.00014125 0.0001136 0.0002025 8.815e-05 0.00011075 0.00010825 0.00012785 8.52e-05 0.00012425 0.00014715 0.00010945 0.0001267 8.5e-05 0.0001466 0.00016535 0.00011925 0.0001209 0.00015645 0.0001574
25 8.495e-05 0.00023135 0.0002693 0.00011315 0.00014555 0.0001109 0.00017565 0.00012335 0.00011595 0.0001006 0.00016465 0.00012705 0.00012235 0.00011295 8.585e-05 0.0001486 0.0001745 0.00011635 0.0001104 0.00011855 0.00016155 0.0001176 0.00010735 0.0001101 0.0001316 0.0001664 0.0001758 0.0001063 0.0001487 0.0001371 0.00012205 0.0001101 0.000188 0.0001105 0.0001369 0.0001011 0.00015965 0.00015725 0.00011135 0.00015145 9.73e-05 0.00021295 0.0001106 0.0001162 0.0001521 0.0001074 0.000112 0.0001263 0.0001182 0.0001127 0.0001102 0.00011205 0.0001276 0.0001437 0.00011285 0.0001265 0.0001002 8.695e-05 9.22e-05 0.0001371 0.00010735 0.0001157 0.0001128 0.00025775 0.00012175 0.0001484 0.0001521 0.00012245 9.785e-05 0.0001074 0.0001466 0.00010265 0.00012885 0.00015015 0.0001663 0.0001113 0.0001371 0.0001108 9.715e-05 0.0001086 0.0001038 0.0001602 0.0001263 9.96e-05 0.00011525 0.00014355 0.0001373 0.00012225 0.00014835 0.00014655 9.655e-05 0.0001371 0.0001381 0.00012245 0.0001658 9.88e-05 0.00015655 0.0001062
26 0.0001697 0.00022105 0.000298 0.00019765 0.0002045 0.00014815 7.955e-05 0.0001962 0.00015295 0.00016005 0.0001299 0.000123 0.0001449 0.00012795 0.0002102 0.0001658 0.0001476 0.00012795 0.00010815 0.00011415 0.0002146 0.0001268 0.00021015 0.00014745 0.0001271 0.0001758 0.0001584 0.00015225 0.0001656 7.98e-05 0.0001495 0.00010785 0.00025495 0.0001078 7.98e-05 0.00013175 0.0001276 8.215e-05 0.0001572 0.00017795 0.0001756 0.00014755 0.00012965 0.0001093 0.0001974 0.00012665 0.0001416 0.0001105 0.0001321 0.00011065 0.00014825 0.00012905 9.34e-05 9.755e-05 0.0001288 0.0001107 0.0001792 0.0001722 0.00014285 7.96e-05 0.00021015 0.00014165 0.0001287 0.0001924 0.0001461 0.00017725 0.00018045 0.0002344 0.0001929 0.0002102 0.0001132 0.0001696 0.00010105 0.00010995 0.0001738 0.00015715 7.96e-05 0.00014805 0.00017545 0.00016295 0.0001631 0.00027145 0.0001107 0.00012015 0.00016385 0.00010015 7.935e-05 0.0001449 0.0001848 0.0001132 0.0001656 7.95e-05 0.0002163 0.0002344 9.105e-05 0.0001407 0.00011585 0.0002012
27 0.000107 0.00021845 0.00025055 0.00010345 0.00013245 0.0001224 0.0001521 0.00016755 0.00012205 0.00011985 0.0001454 0.0001513 0.000108 0.0001033 9.285e-05 0.0001833 0.0001533 7.725e-05 0.0001368 0.0001431 0.0001111 0.00013575 6.375e-05 0.00012145 0.00012415 0.0001063 0.00015225 0.0001064 0.0001834 0.00014765 0.00010885 0.00013675 0.00017095 0.00013715 0.0001517 9.67e-05 0.00014095 0.00016675 5.85e-05 0.0001071 9.245e-05 0.0001533 0.0001028 5.93e-05 0.0001065 9.41e-05 0.0001224 0.00012055 0.0001183 0.0001326 0.00010295 0.0001026 0.00010205 0.00015485 0.00012175 0.00012075 9.11e-05 0.00010685 0.00012675 0.000152 6.375e-05 8.935e-05 0.00012165 0.00023485 0.0001074 0.00013725 0.0001359 0.00015375 5.91e-05 6.38e-05 0.00013545 0.00012 0.0001496 0.00010345 0.00012395 5.845e-05 0.000152 0.0001223 9.23e-05 0.00010885 0.00012005 0.00019905 0.0001162 7.74e-05 0.00012485 0.00016765 0.0001522 0.0001079 0.00015405 0.00013545 0.0001225 0.000152 0.0001559 0.00015375 0.000175 0.0001562 0.00014265 0.0001082
28 0.0001476 0.00024105 0.0002679 0.00016145 0.00014915 0.00014105 0.00016575 0.0001 0.0001588 0.00012375 0.0001769 0.00011355 0.00014725 0.0001473 0.00019015 9.23e-05 0.0001419 0.000159 9.9e-05 0.0001048 0.00019835 0.00011695 0.00020195 0.0001424 0.00013975 0.0001487 0.0001656 0.0001834 0.0001842 9.695e-05 0.0001512 9.87e-05 0.0001786 9.88e-05 9.255e-05 0.0001364 0.00017455 0.00012025 0.0001834 0.00017935 0.00015525 0.00021515 0.0001484 0.0001647 0.00019815 0.0001409 0.00014155 0.0001229 0.0001262 0.00010055 0.000135 0.0001502 0.0001304 0.00011095 0.00012635 0.0001231 0.0001716 0.00014945 0.00011295 9.25e-05 0.00020195 0.00015355 0.00012625 0.00023295 0.00014795 0.00014975 0.00015175 0.0001409 0.0002017 0.000202 0.0001508 0.0001442 9.565e-05 0.00020255 0.0001748 0.00018335 9.25e-05 0.00014095 0.0001551 0.00015045 0.00014475 0.0001273 0.00012735 0.00014115 0.00015905 0.0001234 9.24e-05 0.00014725 0.00014215 0.0001508 0.0001457 9.24e-05 0.00014405 0.000141 0.00012905 9.78e-05 0.0001791 0.00015355
29 0.0001295 0.00022325 0.0003184 0.00015925 0.000166 0.0001074 7.955e-05 0.0001285 0.0001154 0.00012645 0.00013165 5.025e-05 0.0001051 8.805e-05 0.0002035 9.665e-05 0.00010735 0.00012445 3.425e-05 4.07e-05 0.00020855 5.94e-05 0.00020455 0.0001084 8.955e-05 0.0001371 7.98e-05 0.00014765 9.695e-05 9.6e-06 0.0001092 3.37e-05 0.0002355 3.43e-05 5.4e-06 9.41e-05 0.0001288 3.01e-05 0.0001526 0.0001725 0.00013695 0.0001815 8.955e-05 0.00010575 0.0001913 8.85e-05 0.00010095 7.155e-05 9.465e-05 4.175e-05 0.0001102 9.115e-05 5.56e-05 2.575e-05 9.16e-05 7.165e-05 0.0001741 0.000133 7.23e-05 4.9e-06 0.00020455 0.00013815 9.15e-05 0.0001917 0.00010595 0.00013905 0.0001456 0.0001992 0.00018725 0.0002046 9.67e-05 0.00013055 2.805e-05 0.00014475 0.0001688 0.00015255 4.9e-06 0.0001074 0.0001368 0.0001247 0.00012405 0.0002234 7.135e-05 9.26e-05 0.0001262 4.995e-05 5.4e-06 0.0001048 0.00014575 9.67e-05 0.0001283 5.3e-06 0.0001793 0.0001992 3.97e-05 6.93e-05 0.0001167 0.00016215
30 0.0001209 0.00022405 0.0002578 0.00011435 0.00013775 0.0001188 0.00014925 0.00015405 0.0001173 0.0001389 0.00015525 0.00012445 0.0001055 0.00010545 0.00012885 0.00015105 0.00013625 0.00013215 0.00011105 0.0001158 0.00013405 0.0001131 0.00010155 0.00011995 0.0001249 0.00012205 0.0001495 0.00010885 0.0001512 0.0001092 0.0001982 0.00011105 0.00017505 0.0001115 0.00010905 0.0001248 0.00015325 0.0001326 0.00010865 0.00014015 0.00010865 0.0001763 0.0001082 0.0001205 0.0001342 0.00011955 0.0001191 0.00012395 0.00013495 0.00011265 0.00012445 0.00010925 0.0001137 0.00011115 0.00012735 0.0001242 0.00013385 0.0001223 0.0001193 0.0001091 0.00010155 0.00013915 0.00012725 0.0002206 0.00010615 0.0001394 0.00014145 0.0001608 0.00010165 0.0001016 0.00014765 0.0001296 0.0001199 0.00015285 0.00015325 0.0001086 0.0001091 0.0001187 0.0001085 0.00010845 0.00012995 0.0001883 0.0001241 0.00011575 0.0001207 0.00013565 0.00010935 0.00010535 0.0001476 0.00014765 0.0001232 0.0001091 0.00016255 0.0001608 0.0001413 0.000128 0.0001572 0.00011735
31 0.0001022 0.0002223 0.00031935 0.000133 0.00015695 0.00010935 0.00010765 0.00010205 0.00011765 0.0001173 0.0001327 5.235e-05 0.0001069 9.03e-05 0.00017825 9.85e-05 0.00013485 0.0001302 3.4e-05 4.305e-05 0.00020975 5.975e-05 0.0001798 0.0001102 0.000107 0.0001101 0.00010785 0.00013675 9.87e-05 3.37e-05 0.00011105 6.67e-05 0.00023665 3.39e-05 3.36e-05 8.19e-05 0.00012725 5.64e-05 0.0001418 0.00017345 0.00011055 0.0002087 8.82e-05 0.0001098 0.0001929 7.78e-05 0.0001024 8.905e-05 0.00010085 4.22e-05 9.82e-05 9.08e-05 7.13e-05 5.405e-05 9.315e-05 8.92e-05 0.00016495 0.00010615 4.605e-05 3.355e-05 0.0001798 0.0001447 9.305e-05 0.00021935 0.00010665 0.00013835 0.00014535 0.00017435 0.0001629 0.00017985 0.000112 0.00012105 4.525e-05 0.00014445 0.00018525 0.00014175 3.355e-05 0.00010925 0.0001104 0.0001106 0.00011415 0.00019855 8.915e-05 7.99e-05 0.00012795 6.025e-05 3.385e-05 0.00010665 0.00014755 0.000112 0.00011415 3.37e-05 0.00017015 0.00017435 6.575e-05 5.475e-05 0.0001171 0.0001362
32 0.00019405 0.00024445 0.00015085 0.0001752 0.0001374 0.0001813 0.0002548 0.0001842 0.00018485 0.00018695 0.00024705 0.00024865 0.00018005 0.00019665 0.0001389 0.0001785 0.00014395 0.0001845 0.0002366 0.0002424 9.25e-05 0.00022475 0.00012875 0.00018235 0.00019405 0.000188 0.00025495 0.00017095 0.0001786 0.0002355 0.00017505 0.00023665 0.0001114 0.00023705 0.000231 0.0002229 0.0002445 0.0002572 0.000166 0.00012965 0.00018595 0.00016755 0.00019625 0.00020005 0.000109 0.0002285 0.00018865 0.00020155 0.0001998 0.0002327 0.0002058 0.0001985 0.00021745 0.00022375 0.00020205 0.00020175 0.0001519 0.00019455 0.00024835 0.0002311 0.00012875 0.00017225 0.00020195 0.00023855 0.00018015 0.0001501 0.00014505 0.00012875 0.0001455 0.0001288 0.0002278 0.0001794 0.0002292 0.0002413 0.0001216 0.00016595 0.0002311 0.0001812 0.0001858 0.0001802 0.0001868 9.085e-05 0.00020595 0.00021905 0.00017465 0.0002574 0.0002313 0.00017995 0.00014505 0.0002278 0.0001827 0.0002311 0.00013545 0.0001288 0.0002635 0.00022875 0.0002666 0.00016855
33 0.0001026 0.0002227 0.00031975 0.0001334 0.00015735 0.00010985 0.0001081 0.00010245 0.0001179 0.0001177 0.0001331 5.275e-05 0.0001072 9.075e-05 0.00017865 9.9e-05 0.00013515 0.0001306 3.445e-05 4.355e-05 0.00021015 6.005e-05 0.0001802 0.00011065 0.0001073 0.0001105 0.0001078 0.00013715 9.88e-05 3.43e-05 0.0001115 3.39e-05 0.00023705 6.75e-05 3.41e-05 8.23e-05 0.00012765 5.69e-05 0.0001422 0.00017385 0.00011095 0.0002091 8.86e-05 0.0001102 0.0001933 7.82e-05 0.0001029 8.95e-05 0.00010125 4.27e-05 9.86e-05 9.12e-05 7.17e-05 5.435e-05 9.355e-05 8.97e-05 0.00016535 0.00010655 4.645e-05 3.415e-05 0.0001802 0.0001451 9.345e-05 0.00021985 0.0001072 0.00013875 0.00014575 0.00017475 0.0001633 0.00018025 0.0001124 0.00012145 4.575e-05 0.00014485 0.00018565 0.00014215 3.415e-05 0.00010975 0.0001108 0.000111 0.00011455 0.00019895 8.965e-05 8.03e-05 0.00012825 6.065e-05 3.39e-05 0.0001072 0.000148 0.0001124 0.00011455 3.405e-05 0.00017055 0.00017475 6.615e-05 5.515e-05 0.0001175 0.0001366
34 0.00012925 0.0002252 0.00031615 0.0001635 0.0001659 0.0001032 7.935e-05 0.0001283 0.00011105 0.00012205 0.00013595 5.045e-05 0.00010505 8.81e-05 0.00019905 9.235e-05 0.0001029 0.0001244 3.395e-05 4.1e-05 0.0002084 5.92e-05 0.00020885 0.0001038 8.515e-05 0.0001369 7.98e-05 0.0001517 9.255e-05 5.4e-06 0.00010905 3.36e-05 0.000231 3.41e-05 6e-07 9.81e-05 0.0001329 3e-05 0.00015675 0.0001724 0.0001411 0.00018145 8.92e-05 0.0001099 0.00019135 9.28e-05 9.66e-05 6.695e-05 9.02e-05 4.165e-05 0.0001143 9.095e-05 5.54e-05 2.135e-05 8.72e-05 6.735e-05 0.0001697 0.00013275 7.67e-05 8e-07 0.00020885 0.00013375 8.71e-05 0.00018955 0.0001058 0.0001388 0.0001453 0.0001948 0.00019175 0.0002089 9.65e-05 0.0001261 2.37e-05 0.00014895 0.00016425 0.0001567 8e-07 0.0001031 0.00014095 0.00012465 0.00011955 0.000219 7.175e-05 9.66e-05 0.0001218 4.975e-05 1.1e-06 0.00010485 0.00014115 9.65e-05 0.0001239 7e-07 0.0001749 0.0001948 3.95e-05 6.485e-05 0.0001211 0.0001664
35 9.47e-05 0.0002279 0.0003023 0.00012525 0.00015075 0.0001186 0.0001316 0.00011825 0.00012315 9.84e-05 0.00013635 9.9e-05 0.0001195 0.00010315 0.0001316 0.0001363 0.0001634 8.385e-05 8.22e-05 9.04e-05 0.00018655 9.705e-05 0.00014035 0.0001175 0.0001127 0.0001011 0.00013175 9.67e-05 0.0001364 9.41e-05 0.0001248 8.19e-05 0.0002229 8.23e-05 9.81e-05 0.0001246 0.0001294 0.0001116 0.0001019 0.00014905 0.0001017 0.0001965 0.00010015 6.75e-05 0.00017005 7.23e-05 0.00011135 9.72e-05 8.975e-05 8.195e-05 8.21e-05 9.975e-05 8.005e-05 0.00011295 9.83e-05 9.74e-05 0.0001175 9.355e-05 7.335e-05 9.84e-05 0.00014035 9.62e-05 9.825e-05 0.000245 0.0001183 0.00014565 0.0001492 0.00015655 0.0001238 0.0001404 0.00011055 0.000111 9.08e-05 0.0001135 0.0001572 0.00010185 9.84e-05 0.0001185 0.00010155 0.0001203 0.0001038 0.00019365 9.29e-05 6.34e-05 0.00013285 0.00011245 9.86e-05 0.0001194 0.00015485 0.0001105 0.0001185 9.84e-05 0.00015415 0.00015655 0.00012025 9.27e-05 0.000122 0.00012055
36 0.00015995 0.0002182 0.00028545 0.00014705 0.00017705 0.0001664 0.00012745 0.00016825 0.0001779 0.00015875 0.0001266 0.0001442 0.000148 0.00014835 0.0001993 0.00017445 0.00018155 0.0001433 0.0001275 0.00013565 0.0001985 0.00014305 0.00016265 0.0001654 0.00015995 0.00015965 0.0001276 0.00014095 0.00017455 0.0001288 0.00015325 0.00012725 0.0002445 0.00012765 0.0001329 0.0001294 0.000237 0.0001264 0.0001409 0.00017875 0.000142 0.0001758 0.00014555 0.0001249 0.00019875 0.00012855 0.00016595 0.00014445 0.00015125 0.000128 0.0001307 0.0001449 0.0001251 0.00014745 0.00014555 0.00014465 0.0001779 0.00015995 0.0001292 0.0001331 0.00016265 0.00015605 0.00014545 0.0002247 0.00014705 0.00017535 0.0001787 0.0002078 0.00016285 0.0001627 0.0001379 0.00017305 0.00013975 0.00012105 0.00019475 0.00014085 0.0001331 0.0001663 0.00014185 0.00014875 0.00017265 0.00023525 0.00014015 0.00011925 0.0001807 0.0001272 0.0001333 0.0001479 0.000193 0.0001379 0.00016635 0.0001331 0.00020475 0.0002078 0.000135 0.0001472 0.00012855 0.00015245
37 0.00015025 0.0002213 0.00031875 0.000179 0.0001867 0.0001309 8.195e-05 0.0001484 0.00013725 0.0001473 0.0001318 7.425e-05 0.00012805 0.0001114 0.00022495 0.00012005 0.00013025 0.00014365 5.685e-05 6.505e-05 0.0002299 7.97e-05 0.0002257 0.00013075 0.0001109 0.00015725 8.215e-05 0.00016675 0.00012025 3.01e-05 0.0001326 5.64e-05 0.0002572 5.69e-05 3e-05 0.0001116 0.0001264 5.95e-05 0.0001718 0.00019365 0.0001565 0.000182 0.0001101 0.00012365 0.00021305 0.0001088 0.00012395 9.39e-05 0.0001143 6.31e-05 0.00012845 0.0001107 7.515e-05 4.81e-05 0.000112 9.405e-05 0.00019495 0.0001525 9.28e-05 2.995e-05 0.0002257 0.000158 0.0001119 0.0001936 0.0001279 0.00015825 0.00016525 0.00022105 0.0002088 0.00022575 9.4e-05 0.0001512 5.025e-05 0.00014355 0.0001891 0.00017175 2.995e-05 0.0001308 0.00015635 0.00014575 0.0001443 0.00024525 9.4e-05 0.0001099 0.00014755 4.775e-05 3.02e-05 0.00012785 0.00016815 9.4e-05 0.0001487 3.01e-05 0.0001988 0.00022105 3.92e-05 8.975e-05 0.000117 0.00018235
