 slim_337509997 slim_337509954 slim_337510014 slim_337510113 slim_337510294 slim_337510261 slim_337510204 slim_337510297 slim_337510148 slim_337510290 slim_337510077 slim_337510181 slim_337510276 slim_337510231 slim_337510053 slim_337510267 slim_337510119 slim_337510304 slim_337510213 slim_337510263 slim_337510249 slim_337510171 slim_337510122 slim_337510272 slim_337509967 slim_337510274 slim_337510260 slim_337510239 slim_337510094 slim_337510237 slim_337510151 slim_337510244 slim_337510265 slim_337510195 slim_337510057 slim_337510223 slim_337510233 slim_337510280 slim_337510116 slim_337510242 slim_337510295 slim_337510277 slim_337510308 slim_337510298 slim_337510225 slim_337510300 slim_337510187 slim_337510303 slim_337510296 slim_337510114 slim_337510284 slim_337510266 slim_337510252 slim_337510090 slim_337510134 slim_337510073 slim_337510031 slim_337509842 slim_337510226 slim_337510309 slim_337510075 slim_337509877 slim_337510126 slim_337510141 slim_337510271 slim_337510175 slim_337510281 slim_337510105 slim_337510101 slim_337510238 slim_337510282 slim_337510264 slim_337510289 slim_337510283 slim_337510255 slim_337510285 slim_337510216 slim_337510253 slim_337510147 slim_337510288 slim_337510139 slim_337510217 slim_337510240 slim_337510302 slim_337510241 slim_337510301 slim_337510183 slim_337510291 slim_337510220 slim_337510033 slim_337510099 slim_337510257 slim_337510256 slim_337510269 slim_337510227 slim_337510219 slim_337510050 slim_337510153 slim_337510251 slim_337510268
0 0.0002474 0.00028055 0.00025405 0.00020015 0.00015245 0.0002345 0.0001245 0.00025085 0.0002239 0.0002981 0.0003346 0.00016735 0.00022395 0.0002527 0.0003171 0.0002345 0.00025655 0.00041205 0.00031725 0.00032035 0.0002346 0.00025415 0.00018575 0.0001239 0.00022405 0.00032425 0.0002542 0.00034995 0.0002804 0.0002509 0.00027245 0.0003344 0.00040015 0.0002109 0.00039705 0.00024125 0.0001305 0.00023485 0.0002344 0.00023955 0.00024775 0.00017905 0.0003971 0.0002248 0.0003191 0.00026695 0.0003589 0.00042225 0.000302 0.00028665 0.0002244 0.00025665 0.00035435 0.00017385 0.00012955 0.0002551 0.0003069 0.000442 0.00032415 0.0002239 0.0001852 0.0002408 0.0002622 0.0001246 0.00022405 0.00032425 0.00028345 0.0004579 0.0003788 0.00012385 0.0002249 0.0001674 0.0001619 0.0004423 0.0002183 0.0002728 0.0003806 0.0003543 0.0003648 0.00032425 0.00027265 0.00012925 0.00013005 0.00026075 0.00019005 0.00044215 0.0002477 0.00025655 0.00032425 0.00017985 0.00032585 0.0004222 0.0003174 0.0003193 0.0001792 0.0002239 0.00039355 0.0002294 0.0002516 0.00028065
1 0.00028055 0.0001409 0.0002538 0.0003151 0.00031555 0.0002323 0.0002816 0.0001251 0.0001714 0.00027975 0.0001421 0.00032445 0.0001797 0.0002064 0.0003413 0.00025135 0.000113 0.00020975 0.00034145 0.0003253 0.0002324 0.00025385 0.0002111 0.0002724 0.00017945 7.06e-05 0.000254 0.000332 0.00026955 0.00012515 0.0002643 0.0001419 0.0002669 0.00019995 0.0001717 0.0001283 0.00028565 0.0002441 0.00023215 0.00027355 0.0001339 0.0002843 0.00017175 0.00018615 0.00018765 0.00015995 0.0002034 0.0002812 0.00025705 0.0001871 0.00017375 0.0001131 0.0001448 0.00019075 0.00028455 0.0001435 0.00017635 0.0002838 7.06e-05 0.0001714 0.00018635 0.00021985 0.0001928 0.000295 0.0001715 7.06e-05 0.00016265 0.000332 0.0001906 0.00028065 0.00017205 0.0003245 0.00024475 0.0002841 0.0001446 0.00024555 0.0002454 0.00014475 0.0001973 7.06e-05 0.0002454 0.0003031 0.0003178 0.0001317 0.0002431 0.00028395 0.00020685 0.00010025 7.06e-05 0.00028775 0.0001842 0.00028115 0.0003416 7.11e-05 0.0002761 0.00017965 0.00021605 0.00020215 0.0001079 0.0002436
2 0.00025405 0.0002538 0.0003672 0.00033605 0.00025995 0.00018655 0.0002543 0.00022345 0.0002911 0.0002949 0.00024235 0.0002786 0.00022075 0.0002971 0.00033895 0.0002053 0.00022155 0.00035745 0.0003391 0.0003959 0.00018665 0.0001838 0.00018675 0.00032455 0.00022085 0.00025795 0.0001838 0.00039645 0.00030865 0.0002235 0.00028125 0.0002425 0.0002753 0.0002311 0.0003241 0.00023765 0.00025555 0.00023065 0.00018645 0.0002241 0.00018985 0.0002599 0.00032415 0.00025925 0.000251 0.0001873 0.00029015 0.00034205 0.00030575 0.0001845 0.0002233 0.00022165 0.0002209 0.00022505 0.00028625 0.0002328 0.0002517 0.00032025 0.00025785 0.0002911 0.00022155 0.0002892 0.000297 0.00022215 0.0002912 0.00025795 0.00018925 0.0004119 0.0002288 0.00025415 0.00025935 0.00027865 0.00020335 0.00032045 0.0001875 0.00026285 0.00027815 0.00022085 0.0001865 0.00025795 0.0002627 0.00027285 0.00024095 0.00023095 0.0002571 0.0003204 0.0002923 0.0002235 0.00025795 0.0003306 0.00024955 0.000342 0.00033925 0.0002532 0.00033035 0.0002207 0.00030645 0.00023955 0.0002169 0.0001863
3 0.00020015 0.0003151 0.00033605 9e-07 0.00023405 0.0003144 0.0001986 0.00031035 0.00021605 0.00037115 0.00031045 0.00014485 0.00033315 0.00025005 0.0003678 0.00029455 0.00033015 0.00039785 0.00036795 0.0002789 0.0003145 0.0003361 0.00033765 8.32e-05 0.000333 0.0003492 0.00033625 0.00022355 0.0003377 0.0003104 0.00013605 0.00031025 0.00031705 0.0002222 0.0003972 0.00027985 0.00020505 0.0002662 0.00031425 0.0002803 0.0003586 0.00017715 0.00039725 0.0002919 0.00043155 0.00030805 0.000402 0.00035895 0.0003235 0.00033305 0.0003269 0.00033025 0.0003521 0.0002699 0.0001701 0.00031065 0.00041815 0.0004006 0.0003491 0.00021605 0.00029195 0.00027815 0.0001749 0.0002757 0.00021615 0.0003492 0.00034315 0.00036285 0.00037805 0.00020025 0.0002779 0.000145 0.0003004 0.0004009 0.00033485 0.00015625 0.0002954 0.00035205 0.00033325 0.0003492 0.0001561 0.00018625 0.00026205 0.0003307 0.00025945 0.00040075 0.0002456 0.0003214 0.0003492 6.94e-05 0.000352 0.0003589 0.0003681 0.0003448 6.015e-05 0.0003331 0.0003503 0.00031925 0.00032255 0.0003552
4 0.00015245 0.00031555 0.00025995 0.00023405 0.000289 0.0002624 0.0001518 0.0002733 0.0002597 0.0003111 0.00036905 0.00019485 0.00025185 0.000252 0.0003101 0.00026185 0.00028445 0.000412 0.00031025 0.00030435 0.0002625 0.00026005 0.000201 0.00016045 0.00025195 0.00035925 0.00026015 0.00034935 0.00028015 0.00027335 0.00030635 0.00036885 0.0003781 0.0002459 0.00041005 0.00027625 0.0001575 0.0002693 0.0002623 0.00026705 0.00025745 0.00020645 0.0004101 0.0002598 0.0003288 0.00029485 0.00035925 0.00042165 0.000308 0.00029255 0.00025865 0.00028455 0.00036735 0.00020885 0.0001653 0.00027755 0.00032845 0.00041995 0.00035915 0.0002597 0.0002131 0.00023955 0.00029665 0.0001525 0.0002598 0.00035925 0.00031845 0.0004228 0.0003648 0.00015255 0.0002599 0.0001949 0.00018285 0.00042025 0.00023355 0.00030725 0.00038055 0.0003673 0.0003778 0.00035925 0.0003071 0.00015805 0.0001581 0.00028865 0.00022585 0.0004201 0.0002471 0.00029155 0.00035925 0.000215 0.00034815 0.0004216 0.0003104 0.0003544 0.0002144 0.0002518 0.0003935 0.00025745 0.0002796 0.0002811
5 0.0002345 0.0002323 0.00018655 0.0003144 0.0002624 0.0003323 0.00023475 0.00021495 0.00026975 0.0002952 0.0002211 0.00025895 0.0002015 0.00029775 0.00034105 0.00018585 0.0002023 0.00035785 0.0003412 0.00039835 0.00016635 0.00018665 0.00018005 0.0003029 0.0002016 0.0002369 0.00018675 0.00039655 0.0003091 0.000215 0.0002597 0.00022115 0.0002978 0.0002089 0.00032505 0.0002166 0.00023565 0.00020895 0.00016625 0.00020445 0.0001939 0.00024035 0.0003251 0.0002376 0.00025505 0.000167 0.00030365 0.00034215 0.0003084 0.00018735 0.00020205 0.0002024 0.00022195 0.0002034 0.0002643 0.0002237 0.0002429 0.00034275 0.0002368 0.00026975 0.00020185 0.0003024 0.00027565 0.0002023 0.00026985 0.0002369 0.00016715 0.00043375 0.00025145 0.0002346 0.0002377 0.000259 0.0001858 0.00034305 0.0001808 0.00024045 0.0002775 0.0002219 0.0001866 0.0002369 0.0002403 0.0002532 0.000221 0.0002111 0.00023515 0.0003429 0.00029295 0.0002024 0.0002369 0.00030895 0.0002408 0.0003421 0.00034135 0.00023215 0.0003087 0.00020145 0.00030685 0.0002202 0.00019765 0.0001999
6 0.0001245 0.0002816 0.0002543 0.0001986 0.0001518 0.00023475 0.0002462 0.000252 0.0002255 0.0002992 0.00033445 0.00016605 0.00022415 0.0002529 0.0003163 0.00023355 0.00025675 0.0004123 0.00031645 0.0003197 0.00023485 0.0002544 0.000186 0.00012605 0.00022425 0.00032525 0.0002544 0.00034895 0.00028065 0.00025205 0.000271 0.00033425 0.00040045 0.000212 0.0003981 0.00024225 0.00013045 0.00023475 0.00023465 0.00023835 0.00024885 0.00017795 0.00039815 0.00022585 0.0003202 0.0002672 0.00036 0.00042135 0.00030195 0.0002869 0.00022455 0.00025685 0.0003554 0.0001749 0.00013115 0.0002563 0.0003071 0.0004423 0.00032515 0.0002255 0.00018545 0.00024205 0.0002619 0.00012485 0.0002256 0.00032525 0.0002845 0.0004574 0.0003791 0.00012455 0.00022595 0.00016605 0.00016105 0.0004426 0.00021855 0.0002726 0.0003809 0.00035535 0.0003659 0.00032525 0.00027245 0.00012975 0.00013005 0.000261 0.0001917 0.00044245 0.000248 0.00025755 0.00032525 0.0001801 0.00032695 0.0004213 0.0003166 0.0003204 0.0001795 0.0002241 0.0003938 0.00022935 0.0002519 0.00028185
7 0.00025085 0.0001251 0.00022345 0.00031035 0.0002733 0.00021495 0.000252 0.0002004 0.0001826 0.0002673 0.00016555 0.00029635 0.00016855 0.000205 0.000329 0.00023395 0.00013375 0.00023805 0.00032915 0.00033495 0.00021505 0.0002235 0.0001807 0.00026505 0.0001683 0.0001003 0.00022365 0.00034305 0.0002636 0.00010035 0.00027055 0.00016535 0.00027675 0.0002064 0.0001998 0.0001284 0.0002565 0.00025015 0.0002148 0.00025645 0.00012515 0.00027315 0.00019985 0.0001982 0.0001856 0.0001743 0.00021225 0.00030325 0.0002439 0.00018865 0.0001627 0.00013385 0.00015535 0.00019635 0.00027825 0.0001126 0.0001873 0.0002929 0.00010035 0.0001826 0.0001994 0.0002063 0.0002053 0.00026615 0.0001827 0.00010035 0.0001798 0.0003596 0.00018225 0.00025095 0.00018405 0.0002964 0.0002249 0.0002932 0.0001461 0.00025185 0.00026825 0.0001553 0.00020165 0.00010035 0.0002517 0.0002737 0.00028925 0.00014605 0.00024815 0.00029305 0.000205 0.00012075 0.0001003 0.0002996 0.00018895 0.0003032 0.0003293 0.00010035 0.0002873 0.0001685 0.00024455 0.0001913 0.00012795 0.0001999
8 0.0002239 0.0001714 0.0002911 0.00021605 0.0002597 0.00026975 0.0002255 0.0001826 0.000339 0.00030285 0.00021615 0.00025195 0.0002239 0.00020545 0.000334 0.0002705 0.0001891 0.00027505 0.00033415 0.0002906 0.00026985 0.00029115 0.0002489 0.0001697 0.0002238 0.0001697 0.0002913 0.00029815 0.0002802 0.00018265 0.0002392 0.00021595 0.0003259 0.00022535 0.00025465 0.0001769 0.00023005 0.00026365 0.0002696 0.000275 0.00022005 0.00024675 0.0002547 0.00021735 0.0002799 0.0002291 0.00027995 0.0003213 0.0002669 0.0002563 0.000218 0.0001892 0.00023685 0.0002156 0.00022195 0.000194 0.00026855 0.00034205 0.00016955 0.0001695 0.0002317 0.0002191 0.0001929 0.00027145 0.00016965 0.0001697 0.00024855 0.0003641 0.0002756 0.00022405 0.0002034 0.000252 0.0002484 0.00034235 0.0002143 0.00023875 0.00030455 0.0002368 0.0002826 0.0001697 0.0002386 0.0002288 0.00027655 0.00020065 0.0002345 0.0003422 0.0002052 0.00017615 0.0001697 0.0002048 0.00027075 0.00032125 0.0003343 0.0001695 0.0001925 0.00022385 0.0002814 0.0002288 0.00018325 0.00029435
9 0.0002981 0.00027975 0.0002949 0.00037115 0.0003111 0.0002952 0.0002992 0.0002673 0.00030285 0.0005112 0.0003194 0.00033815 0.00027205 0.00031595 0.00031885 0.00031475 0.0002792 0.00030485 0.000319 0.00034325 0.0002953 0.00029495 0.00026925 0.00032905 0.0002721 0.00027695 0.0002951 0.00035175 0.0003064 0.00026735 0.0003665 0.0003193 0.0003546 0.000294 0.0002662 0.00028095 0.0002995 0.00031455 0.00029505 0.0003334 0.00027135 0.00032565 0.0002662 0.0002768 0.0003084 0.0003023 0.00026345 0.00034725 0.00028045 0.00030205 0.0002681 0.0002793 0.0002998 0.0002741 0.00030255 0.0002705 0.00030975 0.0003274 0.00027685 0.00030285 0.00027975 0.0003018 0.00032405 0.00027195 0.00030295 0.00027695 0.0002969 0.00035955 0.00030905 0.0002982 0.00027695 0.0003382 0.0002935 0.0003277 0.0002764 0.00034725 0.0003549 0.00029975 0.00032285 0.00027695 0.0003471 0.0003171 0.000291 0.00028255 0.0003059 0.0003277 0.0003158 0.000274 0.00027695 0.0003568 0.0003454 0.0003472 0.00031915 0.00027685 0.00035655 0.000272 0.00033745 0.00029105 0.0002792 0.0002897
10 0.0003346 0.0001421 0.00024235 0.00031045 0.00036905 0.0002211 0.00033445 0.00016555 0.00021615 0.0003194 0.0002022 0.00032415 0.00021965 0.00025055 0.000339 0.00021995 0.00015305 0.00022075 0.00033915 0.00035 0.0002212 0.0002424 0.0002614 0.00033125 0.0002194 0.0001012 0.00024255 0.00032535 0.00030895 0.00016565 0.00020595 0.00010155 0.00022415 0.00024285 0.0002013 0.0001711 0.0003353 0.00023645 0.00022095 0.00021995 0.00018525 0.00030675 0.00020135 0.0002495 0.0002343 0.00014875 0.00024335 0.00022125 0.00027295 0.00017575 0.00021355 0.00015315 0.00012405 0.0002644 0.0003579 0.0001813 0.00022195 0.0002434 0.00010125 0.00021615 0.0002666 0.0002815 0.0002058 0.00036765 0.00021625 0.00010125 0.0001526 0.000321 0.0001661 0.0003347 0.00023535 0.0003242 0.0002715 0.0002437 0.000195 0.0002074 0.0002029 0.000124 0.0001254 0.00010125 0.00020725 0.00033455 0.00036785 0.00016885 0.00028125 0.00024355 0.0002507 0.000141 0.0001012 0.00031525 0.00020455 0.0002212 0.0003393 0.0001014 0.00030335 0.0002196 0.00019475 0.0002195 0.0001475 0.0002332
11 0.00016735 0.00032445 0.0002786 0.00014485 0.00019485 0.00025895 0.00016605 0.00029635 0.00025195 0.00033815 0.00032415 0.0002893 0.00026715 0.00027955 0.00031375 0.00023955 0.00029895 0.00041745 0.0003139 0.00032515 0.00025905 0.00027865 0.0002444 0.0001523 0.0002672 0.0003519 0.0002788 0.0003139 0.0003056 0.0002964 0.00022065 0.00032395 0.0003692 0.00023315 0.0004211 0.0002786 0.00016715 0.00024055 0.0002588 0.00022035 0.0003064 0.00018145 0.00042115 0.00026845 0.00037145 0.000292 0.00039845 0.00038955 0.0003196 0.0003104 0.0002675 0.00029905 0.00036335 0.000233 0.00016815 0.0002989 0.00035825 0.00042875 0.0003518 0.00025195 0.000238 0.00028285 0.0002485 0.00018375 0.00025205 0.0003519 0.0003081 0.00042335 0.0003853 0.00016745 0.00026855 0.00014495 0.00019555 0.00042905 0.0002762 0.00024025 0.00034955 0.0003633 0.00035505 0.0003519 0.0002401 0.0001485 0.00016495 0.00030175 0.00022865 0.0004289 0.0002751 0.00030115 0.0003519 0.0001648 0.00034755 0.0003895 0.00031405 0.0003475 0.00016635 0.0002671 0.0003839 0.0002483 0.00029595 0.0003062
12 0.00022395 0.0001797 0.00022075 0.00033315 0.00025185 0.0002015 0.00022415 0.00016855 0.0002239 0.00027205 0.00021965 0.00026715 0.0003092 0.00025195 0.00032135 0.0002197 0.00015525 0.0002983 0.0003215 0.0003748 0.0002016 0.00022085 0.00016835 0.00029335 0.0001548 0.0001548 0.00022095 0.0003874 0.00026295 0.0001686 0.0003087 0.00021945 0.00034665 0.0002132 0.00026515 0.00016775 0.00022995 0.00024325 0.0002014 0.0002426 0.00018205 0.00024355 0.0002652 0.0001919 0.0002274 0.00020215 0.0002789 0.00036295 0.00028875 0.00022135 0.00015535 0.00015535 0.00022085 0.0001925 0.00025905 0.0001808 0.00021545 0.0003642 0.00015465 0.0002239 0.0001845 0.000257 0.000244 0.0001919 0.000224 0.0001548 0.0002018 0.0004241 0.0002534 0.00022405 0.00019205 0.0002672 0.00017865 0.0003645 0.0001689 0.00029085 0.0003274 0.0002208 0.0002676 0.0001548 0.0002907 0.00024725 0.0002152 0.00016795 0.00024275 0.00036435 0.00025225 0.00015535 0.0001548 0.0003129 0.00024355 0.0003629 0.00032165 0.00015515 0.0003129 0.0001546 0.0003048 0.000178 0.00015585 0.00023405
13 0.0002527 0.0002064 0.0002971 0.00025005 0.000252 0.00029775 0.0002529 0.000205 0.00020545 0.00031595 0.00025055 0.00027955 0.00025195 0.0004092 0.0003271 0.00029795 0.00021715 0.000275 0.00032725 0.0002748 0.00029785 0.00029715 0.00026425 0.00020635 0.0002517 0.0002047 0.0002973 0.00029765 0.0002799 0.0002051 0.0002732 0.00025035 0.00030395 0.00026045 0.0002678 0.00021205 0.00025715 0.0002982 0.0002976 0.0003026 0.00022985 0.0002742 0.00026785 0.0002525 0.0002897 0.0002571 0.0002804 0.0003208 0.000273 0.0002623 0.00025225 0.00021725 0.00025 0.00025065 0.0002578 0.00021655 0.0002902 0.0003201 0.00020475 0.00020545 0.0002597 0.00021795 0.00022735 0.00029945 0.00020555 0.00020475 0.0002836 0.0003291 0.0002617 0.0002528 0.00023835 0.0002796 0.00026945 0.0003204 0.00022965 0.0002733 0.0003046 0.00024995 0.0002957 0.00020475 0.00027315 0.0002577 0.0003047 0.00022865 0.0002704 0.00032025 0.00020475 0.0002113 0.0002047 0.00024005 0.00029315 0.00032075 0.0003274 0.0002048 0.0002278 0.0002519 0.0002815 0.00025685 0.0002114 0.0002949
14 0.0003171 0.0003413 0.00033895 0.0003678 0.0003101 0.00034105 0.0003163 0.000329 0.000334 0.00031885 0.000339 0.00031375 0.00032135 0.0003271 0.0005193 0.0003222 0.000328 0.0002992 0.0002599 0.00028835 0.00034115 0.000339 0.00031845 0.0003299 0.0003214 0.0003384 0.00033915 0.00031385 0.00031085 0.00032905 0.0003537 0.0003389 0.00034755 0.00036185 0.00032265 0.0003477 0.00031225 0.00033455 0.0003409 0.00029955 0.0003326 0.0003426 0.0003227 0.0003445 0.00037005 0.0003477 0.00031985 0.00029965 0.00028395 0.0003456 0.00032815 0.0003281 0.000356 0.0003416 0.00032925 0.0003329 0.0003695 0.00031665 0.0003383 0.000334 0.00032915 0.0003272 0.0003531 0.0003275 0.0003341 0.0003384 0.00035505 0.0002908 0.0003531 0.0003172 0.0003446 0.0003138 0.00028885 0.00031695 0.0003251 0.00037285 0.00034965 0.00035595 0.0003756 0.0003384 0.0003727 0.0002948 0.00030525 0.00033205 0.00033305 0.0003168 0.00032695 0.0003353 0.0003384 0.00035525 0.00040645 0.0002997 0.00025995 0.0003383 0.00035535 0.0003213 0.0003312 0.00029905 0.00032805 0.0003463
15 0.0002345 0.00025135 0.0002053 0.00029455 0.00026185 0.00018585 0.00023355 0.00023395 0.0002705 0.00031475 0.00021995 0.00023955 0.0002197 0.00029795 0.0003222 0.000367 0.00022045 0.00035795 0.00032235 0.00037985 0.00018595 0.00020525 0.00019825 0.00028545 0.00021975 0.00025585 0.0002055 0.00037725 0.0003093 0.000234 0.00023895 0.00021995 0.00029845 0.0002284 0.00034375 0.0002354 0.00023575 0.0002079 0.0001857 0.0001843 0.00021295 0.00023915 0.0003438 0.0002569 0.00027345 0.00018655 0.0003224 0.0003221 0.00030815 0.00020605 0.0002198 0.00022055 0.0002414 0.0002227 0.0002655 0.0002425 0.0002602 0.0003434 0.00025575 0.0002705 0.00022005 0.0003032 0.0002752 0.0002208 0.0002706 0.00025585 0.0001875 0.000415 0.00026935 0.0002346 0.000257 0.0002396 0.000185 0.0003437 0.000199 0.0002414 0.000279 0.0002414 0.0002075 0.00025585 0.00024125 0.000235 0.00022135 0.00022905 0.00023675 0.00034355 0.00029315 0.00022135 0.00025585 0.0002903 0.00025965 0.00032205 0.0003225 0.0002511 0.00029005 0.00021965 0.00030695 0.0002202 0.0002158 0.00021945
16 0.00025655 0.000113 0.00022155 0.00033015 0.00028445 0.0002023 0.00025675 0.00013375 0.0001891 0.0002792 0.00015305 0.00029895 0.00015525 0.00021715 0.000328 0.00022045 0.0001756 0.00023825 0.00032815 0.00034675 0.0002024 0.0002216 0.00016815 0.00029055 0.00015515 8.8e-05 0.00022175 0.00035925 0.00026345 0.0001338 0.000274 0.00015285 0.0002801 0.00019955 0.0002051 0.00012435 0.00026185 0.000244 0.00020215 0.0002427 0.00011415 0.00025865 0.00020515 0.0001923 0.00018185 0.0001351 0.0002183 0.0003031 0.00026055 0.0001541 0.0001559 8.79e-05 0.00015425 0.00017815 0.00029095 0.0001527 0.0001699 0.00030435 8.785e-05 0.0001891 0.00018515 0.0002216 0.0002091 0.00025945 0.0001892 8.8e-05 0.0001561 0.0003641 0.0001935 0.00025665 0.00017835 0.000299 0.0001779 0.00030465 0.0001009 0.00025615 0.00026085 0.0001542 0.0002012 8.8e-05 0.000256 0.00027915 0.0002823 0.0001071 0.00024305 0.0003045 0.00021735 8.81e-05 8.8e-05 0.0002919 0.00017625 0.00030305 0.0003283 8.825e-05 0.0002926 0.0001552 0.0002382 0.0001779 8.85e-05 0.00023465
17 0.00041205 0.00020975 0.00035745 0.00039785 0.000412 0.00035785 0.0004123 0.00023805 0.00027505 0.00030485 0.00022075 0.00041745 0.0002983 0.000275 0.0002992 0.00035795 0.00023825 0.0003224 0.00029925 0.00027535 0.00035795 0.0003575 0.0003588 0.00038895 0.00029805 0.00016135 0.00035765 0.00027965 0.00030555 0.0002381 0.00033905 0.00022065 0.00027325 0.0003538 0.00016175 0.00026095 0.00041255 0.0003633 0.0003577 0.00035855 0.00028285 0.0004055 0.0001618 0.00031445 0.00030865 0.00029205 0.00022255 0.00022085 0.0002531 0.0002974 0.00029865 0.00023835 0.0002206 0.0003608 0.00042205 0.00024935 0.00030905 0.0002205 0.00016135 0.00027505 0.0003528 0.00030125 0.00027955 0.00045115 0.00027515 0.00016135 0.0003021 0.0002142 0.0002321 0.00041215 0.00030035 0.0004175 0.00037625 0.0002208 0.00029895 0.00033925 0.00027365 0.00022055 0.00028005 0.00016135 0.0003391 0.000413 0.00045235 0.00024975 0.0003779 0.00022055 0.00027975 0.00023255 0.00016135 0.00039425 0.0003293 0.00022065 0.0002995 0.00016615 0.00038235 0.00029825 0.000219 0.00029915 0.00023735 0.00034175
18 0.00031725 0.00034145 0.0003391 0.00036795 0.00031025 0.0003412 0.00031645 0.00032915 0.00033415 0.000319 0.00033915 0.0003139 0.0003215 0.00032725 0.0002599 0.00032235 0.00032815 0.00029925 0.0005196 0.0002885 0.0003413 0.00033915 0.0003186 0.00033005 0.00032155 0.00033855 0.0003393 0.000314 0.000311 0.0003292 0.00035385 0.00033905 0.0003477 0.000362 0.0003228 0.00034785 0.0003124 0.0003347 0.00034105 0.0002997 0.00033275 0.00034275 0.00032285 0.00034465 0.0003702 0.00034785 0.00032 0.0002999 0.0002841 0.00034575 0.0003283 0.00032825 0.00035615 0.00034175 0.0003294 0.00033305 0.00036965 0.0003168 0.00033845 0.00033415 0.0003293 0.00032735 0.00035325 0.00032765 0.00033425 0.00033855 0.0003552 0.00029095 0.00035325 0.00031735 0.00034475 0.00031395 0.000289 0.0003171 0.00032525 0.000373 0.0003498 0.0003561 0.00037575 0.00033855 0.00037285 0.00029495 0.0003054 0.0003322 0.0003332 0.00031685 0.0003271 0.00033545 0.00033855 0.0003554 0.0004066 0.00029975 0.0002602 0.00033845 0.0003555 0.00032145 0.00033135 0.0002992 0.0003282 0.00034645
19 0.00032035 0.0003253 0.0003959 0.0002789 0.00030435 0.00039835 0.0003197 0.00033495 0.0002906 0.00034325 0.00035 0.00032515 0.0003748 0.0002748 0.00028835 0.00037985 0.00034675 0.00027535 0.0002885 0.0004083 0.00039845 0.00039595 0.0003835 0.0002363 0.00037465 0.0003452 0.0003961 0.000242 0.0003225 0.000335 0.00031685 0.0003499 0.00032475 0.00036635 0.0003057 0.00034875 0.00031995 0.00036935 0.0003982 0.000363 0.000363 0.00034815 0.00030575 0.0003619 0.0004148 0.00036435 0.0003147 0.0002801 0.0002717 0.00036785 0.00038155 0.00034685 0.0003663 0.0003568 0.00030835 0.0003384 0.00041445 0.00029615 0.0003451 0.0002906 0.000361 0.0002961 0.00031205 0.00039135 0.0002907 0.0003452 0.0003984 0.0002337 0.00036295 0.00032045 0.0003479 0.0003252 0.00036005 0.00029645 0.00035565 0.00033565 0.0003272 0.00036625 0.00038975 0.0003452 0.0003355 0.00030385 0.0003751 0.00035005 0.00034105 0.00029645 0.0002742 0.00034805 0.0003452 0.00027655 0.00042635 0.00028005 0.00028865 0.00034465 0.00026405 0.00037475 0.0003078 0.0003583 0.0003404 0.00040075
20 0.0002346 0.0002324 0.00018665 0.0003145 0.0002625 0.00016635 0.00023485 0.00021505 0.00026985 0.0002953 0.0002212 0.00025905 0.0002016 0.00029785 0.00034115 0.00018595 0.0002024 0.00035795 0.0003413 0.00039845 0.0003325 0.00018675 0.00018015 0.000303 0.0002017 0.000237 0.00018685 0.00039665 0.0003092 0.0002151 0.0002598 0.00022125 0.0002979 0.000209 0.00032515 0.0002167 0.00023575 0.00020905 0.00016635 0.00020455 0.000194 0.00024045 0.0003252 0.0002377 0.00025515 0.00016705 0.00030375 0.00034225 0.0003085 0.00018745 0.00020215 0.0002025 0.00022205 0.0002035 0.0002644 0.0002238 0.000243 0.00034285 0.0002369 0.00026985 0.00020195 0.0003025 0.00027575 0.0002024 0.00026995 0.000237 0.0001672 0.00043385 0.00025155 0.0002347 0.0002378 0.0002591 0.0001859 0.00034315 0.0001809 0.0002405 0.00027755 0.000222 0.00018665 0.000237 0.00024035 0.0002533 0.0002211 0.0002112 0.00023525 0.000343 0.00029305 0.0002025 0.000237 0.00030905 0.0002409 0.0003422 0.00034145 0.00023225 0.0003088 0.00020155 0.00030695 0.0002203 0.00019775 0.0002
21 0.00025415 0.00025385 0.0001838 0.0003361 0.00026005 0.00018665 0.0002544 0.0002235 0.00029115 0.00029495 0.0002424 0.00027865 0.00022085 0.00029715 0.000339 0.00020525 0.0002216 0.0003575 0.00033915 0.00039595 0.00018675 0.0003673 0.0001868 0.0003246 0.0002209 0.000258 0.000184 0.0003965 0.0003087 0.00022355 0.00028125 0.00024255 0.00027535 0.00023115 0.00032415 0.0002377 0.0002556 0.0002307 0.0001865 0.00022415 0.0001899 0.00026 0.0003242 0.0002593 0.00025105 0.00018735 0.0002902 0.0003421 0.0003058 0.00018455 0.0002233 0.0002217 0.0002208 0.0002251 0.0002863 0.00023285 0.00025175 0.0003203 0.0002579 0.00029115 0.00022155 0.00028925 0.00029705 0.0002222 0.00029125 0.000258 0.0001893 0.00041195 0.00022895 0.00025425 0.0002594 0.0002787 0.0002034 0.0003206 0.00018755 0.0002629 0.0002782 0.0002209 0.00018665 0.000258 0.00026275 0.0002729 0.000241 0.000231 0.00025715 0.00032045 0.00029235 0.00022355 0.000258 0.00033065 0.0002496 0.00034205 0.0003393 0.00025325 0.0003304 0.0002208 0.0003065 0.0002396 0.00021695 0.00018625
22 0.00018575 0.0002111 0.00018675 0.00033765 0.000201 0.00018005 0.000186 0.0001807 0.0002489 0.00026925 0.0002614 0.0002444 0.00016835 0.00026425 0.00031845 0.00019825 0.00016815 0.0003588 0.0003186 0.0003835 0.00018015 0.0001868 0.0002092 0.00026645 0.00016815 0.00023165 0.00018695 0.00041175 0.0002637 0.00018075 0.0003143 0.0002612 0.0003271 0.00019035 0.0003258 0.0001942 0.0001915 0.00022165 0.0001799 0.00022095 0.00010475 0.0002212 0.00032585 0.00020535 0.0001843 0.00018575 0.00026245 0.0003884 0.00029755 0.00018655 0.00016895 0.00016825 0.00025005 0.0001419 0.0002205 0.00019245 0.00018515 0.00037705 0.00023155 0.0002489 0.0001515 0.00022685 0.00028465 0.0001418 0.000249 0.00023165 0.0001801 0.0004359 0.0002694 0.00018585 0.00020525 0.00024445 0.0001281 0.00037735 0.0001047 0.0002964 0.0003204 0.00025 0.00026165 0.00023165 0.00029625 0.0002088 0.0001652 0.00018005 0.00020415 0.0003772 0.0002597 0.00017415 0.00023165 0.00028955 0.0002072 0.00038835 0.00031875 0.00022715 0.00030185 0.0001683 0.0003339 0.0001914 0.0001697 0.00018905
23 0.0001239 0.0002724 0.00032455 8.32e-05 0.00016045 0.0003029 0.00012605 0.00026505 0.0001697 0.00032905 0.00033125 0.0001523 0.00029335 0.00020635 0.0003299 0.00028545 0.00029055 0.00038895 0.00033005 0.0002363 0.000303 0.0003246 0.00026645 5e-07 0.0002932 0.0003393 0.00032475 0.00026085 0.0002978 0.0002651 0.0002031 0.00033105 0.00037955 0.0002232 0.0003867 0.00025055 0.00013075 0.0002554 0.00030275 0.0002721 0.0002859 0.00018245 0.00038675 0.0002504 0.00037175 0.00029405 0.0003601 0.00038075 0.0002803 0.00032175 0.0002872 0.00029065 0.0003705 0.0001971 9.25e-05 0.00026845 0.00036015 0.00042 0.0003392 0.0001697 0.00023255 0.00020305 0.00021125 0.0002043 0.00016975 0.0003393 0.00033035 0.00039805 0.00040115 0.00012395 0.0002364 0.00015235 0.0002318 0.0004203 0.00026385 0.00022085 0.0003579 0.00037045 0.00037995 0.0003393 0.0002207 0.00011085 0.00019155 0.0002936 0.000182 0.00042015 0.00020085 0.0002775 0.0003393 7.18e-05 0.0003532 0.0003807 0.0003302 0.00033385 5.875e-05 0.0002933 0.0003703 0.00028035 0.0002792 0.0003411
24 0.00022405 0.00017945 0.00022085 0.000333 0.00025195 0.0002016 0.00022425 0.0001683 0.0002238 0.0002721 0.0002194 0.0002672 0.0001548 0.0002517 0.0003214 0.00021975 0.00015515 0.00029805 0.00032155 0.00037465 0.0002017 0.0002209 0.00016815 0.0002932 0.0003089 0.0001546 0.00022105 0.00038725 0.0002629 0.00016835 0.00030855 0.0002192 0.0003465 0.00021305 0.00026505 0.00016765 0.00023 0.0002433 0.00020145 0.00024265 0.0001819 0.00024365 0.0002651 0.000192 0.00022735 0.000202 0.00027875 0.0003628 0.0002886 0.0002212 0.0001553 0.00015525 0.00022075 0.0001923 0.0002591 0.00018065 0.0002154 0.00036405 0.0001546 0.0002238 0.00018455 0.00025685 0.00024375 0.0001919 0.0002239 0.0001546 0.0002016 0.00042395 0.00025325 0.00022415 0.0001918 0.00026725 0.0001787 0.00036435 0.00016875 0.0002907 0.00032725 0.0002207 0.00026745 0.0001546 0.00029055 0.0002473 0.00021545 0.0001678 0.0002428 0.0003642 0.00025215 0.00015525 0.0001546 0.00031275 0.0002434 0.00036275 0.0003217 0.0001551 0.00031275 0.00015475 0.0003047 0.00017795 0.00015575 0.0002341
25 0.00032425 7.06e-05 0.00025795 0.0003492 0.00035925 0.0002369 0.00032525 0.0001003 0.0001697 0.00027695 0.0001012 0.0003519 0.0001548 0.0002047 0.0003384 0.00025585 8.8e-05 0.00016135 0.00033855 0.0003452 0.000237 0.000258 0.00023165 0.0003393 0.0001546 5e-07 0.00025815 0.00033575 0.00026275 0.0001004 0.0002756 0.000101 0.00027255 0.0002278 0.00012295 0.0001036 0.00032965 0.0002722 0.00023675 0.0002782 0.0001545 0.00031135 0.000123 0.00018465 0.00018835 0.00016445 0.0002001 0.00026215 0.0002538 0.00019115 0.000149 8.81e-05 0.00010355 0.00023435 0.0003516 0.00011985 0.00017725 0.0002644 3e-07 0.0001697 0.00023115 0.00023545 0.00017475 0.0003389 0.0001698 3.5e-07 0.000167 0.00033045 0.00015035 0.00032435 0.00017055 0.00035195 0.0002653 0.0002647 0.00016505 0.00025695 0.0002515 0.0001035 0.00018555 3.5e-07 0.0002568 0.00034695 0.00036185 0.000108 0.00028735 0.00026455 0.00020995 7.515e-05 3e-07 0.000338 0.0001886 0.0002621 0.0003387 5.6e-06 0.00032635 0.00015475 0.00019285 0.00017745 8.77e-05 0.0002479
26 0.0002542 0.000254 0.0001838 0.00033625 0.00026015 0.00018675 0.0002544 0.00022365 0.0002913 0.0002951 0.00024255 0.0002788 0.00022095 0.0002973 0.00033915 0.0002055 0.00022175 0.00035765 0.0003393 0.0003961 0.00018685 0.000184 0.00018695 0.00032475 0.00022105 0.00025815 0.0003676 0.00039665 0.00030885 0.0002237 0.00028145 0.0002427 0.0002755 0.0002313 0.0003243 0.00023785 0.00025575 0.00023085 0.00018665 0.0002243 0.00019005 0.00026 0.00032435 0.00025945 0.0002512 0.0001875 0.00029035 0.00034225 0.00030595 0.0001847 0.0002235 0.00022185 0.0002211 0.00022525 0.00028645 0.000233 0.0002519 0.00032045 0.00025805 0.0002913 0.00022175 0.0002894 0.0002972 0.00022235 0.0002914 0.00025815 0.00018945 0.0004121 0.000229 0.00025425 0.00025955 0.00027885 0.00020355 0.00032065 0.0001877 0.00026305 0.00027835 0.00022105 0.0001867 0.00025815 0.0002629 0.00027305 0.00024115 0.00023115 0.0002573 0.0003206 0.0002925 0.0002237 0.00025815 0.0003308 0.00024975 0.0003422 0.00033945 0.0002534 0.00033055 0.0002209 0.00030665 0.00023975 0.0002171 0.0001865
27 0.00034995 0.000332 0.00039645 0.00022355 0.00034935 0.00039655 0.00034895 0.00034305 0.00029815 0.00035175 0.00032535 0.0003139 0.0003874 0.00029765 0.00031385 0.00037725 0.00035925 0.00027965 0.000314 0.000242 0.00039665 0.0003965 0.00041175 0.00026085 0.00038725 0.00033575 0.00039665 0.0004464 0.000343 0.0003431 0.0002693 0.00032525 0.00029545 0.00035095 0.00029865 0.000349 0.0003502 0.00036025 0.0003964 0.00035955 0.00038485 0.00033835 0.0002987 0.000368 0.0004302 0.0003638 0.0003233 0.0002692 0.00028775 0.0003683 0.0003876 0.00035935 0.0003448 0.00037855 0.00033125 0.0003447 0.00042945 0.0002884 0.00033565 0.00029815 0.00038315 0.00032255 0.0002797 0.0004195 0.00029825 0.00033575 0.00039015 0.0002302 0.0003459 0.00035005 0.000354 0.00031405 0.00039375 0.0002887 0.0003838 0.0002887 0.00029555 0.00034475 0.00035385 0.00033575 0.00028855 0.0003326 0.0004024 0.00036105 0.0003639 0.0002887 0.0002975 0.0003556 0.00033575 0.0002599 0.00041095 0.00026915 0.00031415 0.00033565 0.0002492 0.00038735 0.00029765 0.00037005 0.0003547 0.00039535
28 0.0002804 0.00026955 0.00030865 0.0003377 0.00028015 0.0003091 0.00028065 0.0002636 0.0002802 0.0003064 0.00030895 0.0003056 0.00026295 0.0002799 0.00031085 0.0003093 0.00026345 0.00030555 0.000311 0.0003225 0.0003092 0.0003087 0.0002637 0.0002978 0.0002629 0.00026275 0.00030885 0.000343 0.0005253 0.0002637 0.0003464 0.00030875 0.00033365 0.00029325 0.0003052 0.0002689 0.0002852 0.0003147 0.00030895 0.0003142 0.0002644 0.00030005 0.00030525 0.0002724 0.0003093 0.00030965 0.00030605 0.0003517 0.0003109 0.00030915 0.00026325 0.00026355 0.0003086 0.0002729 0.0002946 0.00027515 0.0003098 0.0003512 0.0002628 0.0002802 0.0002746 0.00028045 0.0003002 0.0002725 0.0002803 0.0002628 0.00030915 0.00033075 0.0003203 0.0002805 0.00027235 0.00030565 0.00026895 0.0003515 0.0002642 0.0003465 0.0003341 0.00030855 0.00035465 0.0002628 0.00034635 0.00028565 0.0002778 0.00027525 0.00029835 0.00035135 0.0002804 0.0002635 0.00026275 0.0003174 0.00033825 0.00035165 0.00031115 0.0002633 0.0003174 0.0002629 0.0003122 0.0002681 0.00026405 0.0003089
29 0.0002509 0.00012515 0.0002235 0.0003104 0.00027335 0.000215 0.00025205 0.00010035 0.00018265 0.00026735 0.00016565 0.0002964 0.0001686 0.0002051 0.00032905 0.000234 0.0001338 0.0002381 0.0003292 0.000335 0.0002151 0.00022355 0.00018075 0.0002651 0.00016835 0.0001004 0.0002237 0.0003431 0.0002637 0.0002005 0.0002706 0.00016545 0.0002768 0.00020645 0.00019985 0.00012845 0.00025655 0.0002502 0.00021485 0.0002565 0.0001252 0.0002732 0.0001999 0.00019825 0.00018565 0.00017435 0.0002123 0.0003033 0.00024395 0.0001887 0.00016265 0.0001339 0.0001554 0.0001964 0.0002783 0.00011265 0.00018735 0.00029295 0.0001004 0.00018265 0.00019945 0.00020635 0.00020525 0.0002662 0.00018275 0.0001004 0.00017985 0.00035965 0.0001823 0.000251 0.00018415 0.00029645 0.00022495 0.00029325 0.00014615 0.0002519 0.0002683 0.00015535 0.0002017 0.0001004 0.00025175 0.00027375 0.0002893 0.0001461 0.0002482 0.0002931 0.00020505 0.0001208 0.0001004 0.00029965 0.000189 0.00030325 0.00032935 0.0001004 0.00028735 0.00016855 0.0002446 0.00019135 0.000128 0.00019995
30 0.00027245 0.0002643 0.00028125 0.00013605 0.00030635 0.0002597 0.000271 0.00027055 0.0002392 0.0003665 0.00020595 0.00022065 0.0003087 0.0002732 0.0003537 0.00023895 0.000274 0.00033905 0.00035385 0.00031685 0.0002598 0.00028125 0.0003143 0.0002031 0.00030855 0.0002756 0.00028145 0.0002693 0.0003464 0.0002706 0.0002715 0.00020595 0.00024635 0.00023995 0.0003384 0.0002591 0.0002729 0.0002336 0.00025955 0.0002207 0.0002872 0.00023955 0.00033845 0.000303 0.00035575 0.0002204 0.0003443 0.00026945 0.0003078 0.00024655 0.0003024 0.0002741 0.0002481 0.0002821 0.00026705 0.0002767 0.0003422 0.00031145 0.0002755 0.0002392 0.0002969 0.00030275 0.00020575 0.00033595 0.0002393 0.0002756 0.00024055 0.0003373 0.0002799 0.00027255 0.000289 0.00022055 0.00028895 0.00031175 0.0002798 0.00015695 0.0002248 0.0002481 0.00019905 0.0002756 0.0001568 0.0002541 0.00031785 0.0002802 0.00026715 0.0003116 0.0002684 0.000264 0.0002756 0.00018085 0.00028615 0.0002694 0.000354 0.00027085 0.00017015 0.00030865 0.00027345 0.00029035 0.0002648 0.0002867
31 0.0003344 0.0001419 0.0002425 0.00031025 0.00036885 0.00022115 0.00033425 0.00016535 0.00021595 0.0003193 0.00010155 0.00032395 0.00021945 0.00025035 0.0003389 0.00021995 0.00015285 0.00022065 0.00033905 0.0003499 0.00022125 0.00024255 0.0002612 0.00033105 0.0002192 0.000101 0.0002427 0.00032525 0.00030875 0.00016545 0.00020595 0.0002018 0.0002244 0.00024265 0.0002012 0.0001709 0.0003351 0.0002369 0.000221 0.0002193 0.00018505 0.00030655 0.00020125 0.0002493 0.00023405 0.0001488 0.00024325 0.0002207 0.00027285 0.0001759 0.0002133 0.00015295 0.0001242 0.0002642 0.0003577 0.0001812 0.00022165 0.00024365 0.00010105 0.00021595 0.0002664 0.0002813 0.0002056 0.00036745 0.00021605 0.00010105 0.00015265 0.000321 0.00016635 0.0003345 0.00023515 0.000324 0.0002713 0.00024395 0.0001948 0.00020745 0.00020305 0.00012415 0.0001258 0.00010105 0.0002073 0.00033435 0.00036765 0.00016875 0.00028105 0.0002438 0.0002505 0.0001408 0.000101 0.00031505 0.00020435 0.00022065 0.0003392 0.0001012 0.00030315 0.0002194 0.0001945 0.0002193 0.0001473 0.00023315
32 0.00040015 0.0002669 0.0002753 0.00031705 0.0003781 0.0002978 0.00040045 0.00027675 0.0003259 0.0003546 0.00022415 0.0003692 0.00034665 0.00030395 0.00034755 0.00029845 0.0002801 0.00027325 0.0003477 0.00032475 0.0002979 0.00027535 0.0003271 0.00037955 0.0003465 0.00027255 0.0002755 0.00029545 0.00033365 0.0002768 0.00024635 0.0002244 0.0002592 0.00030115 0.00027325 0.00030255 0.0004 0.0003056 0.00029765 0.0002988 0.00023385 0.0003513 0.0002733 0.00036405 0.00030345 0.00022665 0.000254 0.00022515 0.00030225 0.00020875 0.000349 0.0002802 0.0002012 0.0003433 0.0004111 0.00029015 0.0003165 0.00020175 0.00027245 0.0003259 0.0003407 0.00031845 0.0002948 0.000438 0.000326 0.00027255 0.00023785 0.00020175 0.0001933 0.00040025 0.00035005 0.00036925 0.0003547 0.00020205 0.00026075 0.000246 0.00015215 0.00020115 0.00015225 0.00027255 0.00024585 0.00040045 0.00043855 0.0002937 0.00035415 0.0002019 0.0002993 0.0002775 0.00027255 0.00034135 0.00025805 0.0002251 0.00034785 0.00026795 0.00033065 0.0003466 0.0002012 0.00034695 0.00027105 0.00024905
33 0.0002109 0.00019995 0.0002311 0.0002222 0.0002459 0.0002089 0.000212 0.0002064 0.00022535 0.000294 0.00024285 0.00023315 0.0002132 0.00026045 0.00036185 0.0002284 0.00019955 0.0003538 0.000362 0.00036635 0.000209 0.00023115 0.00019035 0.0002232 0.00021305 0.0002278 0.0002313 0.00035095 0.00029325 0.00020645 0.00023995 0.00024265 0.00030115 0.0003087 0.00031595 0.0001942 0.00021585 0.00022085 0.00020875 0.0002508 0.0001825 0.0002099 0.000316 0.0002053 0.0002587 0.00019645 0.0002934 0.0003687 0.0003116 0.00021745 0.00020725 0.00019965 0.0002457 0.00015595 0.00020795 0.00021455 0.0002472 0.00037155 0.0002277 0.00022535 0.00018385 0.0002601 0.000225 0.00019055 0.00022545 0.0002278 0.00018795 0.0004093 0.00028195 0.000211 0.0001912 0.0002332 0.0002079 0.00037185 0.0001769 0.00022075 0.00027895 0.00024565 0.0002413 0.0002278 0.0002206 0.00023365 0.00021355 0.0002081 0.00022055 0.0003717 0.00025615 0.00019375 0.0002278 0.00022095 0.00022285 0.00036865 0.00036215 0.00022355 0.00022215 0.00021315 0.0003144 0.00023595 0.00019665 0.0002367
34 0.00039705 0.0001717 0.0003241 0.0003972 0.00041005 0.00032505 0.0003981 0.0001998 0.00025465 0.0002662 0.0002013 0.0004211 0.00026515 0.0002678 0.00032265 0.00034375 0.0002051 0.00016175 0.0003228 0.0003057 0.00032515 0.00032415 0.0003258 0.0003867 0.00026505 0.00012295 0.0003243 0.00029865 0.0003052 0.00019985 0.0003384 0.0002012 0.00027325 0.00031595 0.0002455 0.00022245 0.00039855 0.00034405 0.0003249 0.0003622 0.0002446 0.0003913 0.0001228 0.00027625 0.0002704 0.00025925 0.0001837 0.00024 0.00023735 0.00026405 0.00026135 0.0002052 0.00018185 0.0003227 0.000402 0.0002113 0.00027195 0.00022035 0.0001228 0.00025465 0.00032 0.0002827 0.0002601 0.00041835 0.00025475 0.00012295 0.000264 0.000253 0.00019895 0.00039715 0.0002623 0.00042115 0.00036635 0.00022065 0.00026595 0.00032 0.0002742 0.0001818 0.00024165 0.00012295 0.00031985 0.00041585 0.0004374 0.00021695 0.00035785 0.00022065 0.0002724 0.0001941 0.00012295 0.0003928 0.0002914 0.00023995 0.00032295 0.0001276 0.0003809 0.0002651 0.0002192 0.000284 0.0002042 0.00030315
35 0.00024125 0.0001283 0.00023765 0.00027985 0.00027625 0.0002166 0.00024225 0.0001284 0.0001769 0.00028095 0.0001711 0.0002786 0.00016775 0.00021205 0.0003477 0.0002354 0.00012435 0.00026095 0.00034785 0.00034875 0.0002167 0.0002377 0.0001942 0.00025055 0.00016765 0.0001036 0.00023785 0.000349 0.0002689 0.00012845 0.0002591 0.0001709 0.00030255 0.0001942 0.00022245 0.0002068 0.00024665 0.0002517 0.00021645 0.00025775 0.00015685 0.0002469 0.0002225 0.00019065 0.0002156 0.0001687 0.0002492 0.00032825 0.0002643 0.00019425 0.00016205 0.00012445 0.00017345 0.00019005 0.0002685 0.00014695 0.0002045 0.00033065 0.0001034 0.0001769 0.0001922 0.0002245 0.00019175 0.0002547 0.000177 0.0001036 0.0001866 0.00039005 0.0002194 0.00024135 0.0001767 0.00027865 0.00021145 0.00033095 0.000151 0.0002406 0.0002815 0.0001734 0.0002222 0.0001036 0.00024045 0.00026395 0.00027765 0.0001435 0.0002437 0.0003308 0.0002125 0.00011265 0.0001036 0.0002666 0.00020175 0.0003282 0.000348 0.0001041 0.00025615 0.0001677 0.0002628 0.0001905 0.00012055 0.00024145
