 slim_337561086 slim_337561023 slim_337560907 slim_337561094 slim_337560859 slim_337561002 slim_337561068 slim_337561090 slim_337561052 slim_337560982 slim_337561102 slim_337561105 slim_337561087 slim_337561075 slim_337561108 slim_337561103 slim_337560927 slim_337560928 slim_337561098 slim_337561110 slim_337561044 slim_337560962 slim_337561085 slim_337561079 slim_337561039 slim_337561132 slim_337561088 slim_337561077 slim_337561018 slim_337561020 slim_337560970 slim_337561043 slim_337561032 slim_337561064 slim_337560990 slim_337561048 slim_337561131 slim_337560994 slim_337561100 slim_337560835 slim_337561116 slim_337561119 slim_337560936 slim_337561053 slim_337561120 slim_337561046 slim_337560939 slim_337561054 slim_337561130 slim_337561106 slim_337561121 slim_337561066 slim_337560890 slim_337561061 slim_337560919 slim_337560964 slim_337560935 slim_337561109 slim_337561049 slim_337561014 slim_337560896 slim_337560899 slim_337561051 slim_337561017 slim_337561092 slim_337560682 slim_337561008 slim_337561045 slim_337561067 slim_337561124 slim_337561001 slim_337561016 slim_337561074 slim_337561029 slim_337560857 slim_337561095 slim_337560804 slim_337561107 slim_337561073 slim_337561083 slim_337560981 slim_337560910 slim_337561114 slim_337560802 slim_337561058 slim_337561063 slim_337560996 slim_337561015 slim_337561126 slim_337561042 slim_337561099 slim_337561111 slim_337561069 slim_337560893 slim_337561104 slim_337561122
0 1.22e-05 3.295e-05 8.3e-06 6.75e-06 4.135e-05 8.35e-06 1.12e-05 9.75e-06 3.1e-05 4.18e-05 7.05e-06 4.35e-05 5.675e-05 8.05e-06 7.7e-06 5.66e-05 5.56e-05 5.655e-05 5.855e-05 5.765e-05 5.625e-05 7.95e-06 9.5e-06 6.75e-06 8.65e-06 3.05e-05 1.025e-05 3.3e-05 8.75e-06 7.05e-06 3.465e-05 9.15e-06 7.9e-06 1.05e-05 8.65e-06 9.7e-06 8.3e-06 7.6e-06 5.555e-05 3.155e-05 1.34e-05 5.74e-05 9.04e-05 7.7e-06 8.3e-06 8.8e-06 4.345e-05 1.01e-05 5.515e-05 4.24e-05 8.18e-05 3.39e-05 5.74e-05 3.34e-05 5.7e-05 1.19e-05 7.8e-06 6.75e-06 3.22e-05 8.6e-06 8.3e-06 3.26e-05 2.935e-05 8.5e-06 8.2e-06 9.95e-06 5.65e-05 7.05e-06 5.655e-05 3.39e-05 3.435e-05 9.55e-06 3.39e-05 1.03e-05 3.405e-05 2.99e-05 4.285e-05 4.215e-05 7.15e-06 3.31e-05 8.25e-06 3.22e-05 7.6e-06 5.56e-05 4.41e-05 8.2e-06 8.4e-06 1.08e-05 3.395e-05 6.35e-06 6.025e-05 9.8e-06 8.55e-06 5.64e-05 5.6e-05 7.8e-06
1 3.295e-05 5.72e-05 3.295e-05 3.28e-05 5.73e-05 3.345e-05 3.375e-05 3.405e-05 3.095e-05 5.75e-05 3.235e-05 5.88e-05 7.18e-05 3.295e-05 3.295e-05 6.96e-05 5.635e-05 6.955e-05 7.26e-05 7.18e-05 7.07e-05 3.255e-05 3.28e-05 3.25e-05 3.35e-05 3.105e-05 3.385e-05 3.305e-05 3.3e-05 3.2e-05 3.24e-05 3.25e-05 3.05e-05 3.465e-05 3.09e-05 3.3e-05 3.295e-05 3.255e-05 5.61e-05 3.065e-05 3.53e-05 7.21e-05 9.565e-05 3.23e-05 3.28e-05 3.395e-05 5.74e-05 3.225e-05 7.145e-05 5.765e-05 9.6e-05 5.855e-05 7.03e-05 3.11e-05 7.155e-05 3.42e-05 3.19e-05 3.28e-05 3.05e-05 3.345e-05 3.225e-05 3.04e-05 3.225e-05 3.275e-05 3.25e-05 3.415e-05 6.915e-05 3.285e-05 7.11e-05 3.3e-05 3.28e-05 3.305e-05 3.3e-05 3.45e-05 3.245e-05 3.11e-05 5.75e-05 5.725e-05 3.295e-05 5.76e-05 3.19e-05 3.055e-05 3.25e-05 7.11e-05 5.865e-05 3.365e-05 3.215e-05 3.425e-05 3.305e-05 3.33e-05 7.13e-05 3.41e-05 3.23e-05 6.95e-05 7.065e-05 3.25e-05
2 8.3e-06 3.295e-05 4.7e-06 9e-06 4.175e-05 7.3e-06 8.15e-06 7.4e-06 2.78e-05 4.04e-05 7.95e-06 4.31e-05 5.785e-05 3.95e-06 5e-06 5.755e-05 5.19e-05 5.75e-05 5.765e-05 5.635e-05 5.72e-05 5.6e-06 7.4e-06 4.5e-06 5.8e-06 2.89e-05 9.05e-06 3.245e-05 5.35e-06 4.4e-06 3.28e-05 5.3e-06 6.3e-06 7.95e-06 5e-06 5.7e-06 2.45e-06 3.85e-06 5.2e-05 3.105e-05 1.19e-05 5.89e-05 9.31e-05 8.75e-06 8.55e-06 9.6e-06 4.345e-05 1.23e-05 5.92e-05 4.5e-05 8.07e-05 3.125e-05 5.63e-05 3.51e-05 5.84e-05 9.75e-06 8.05e-06 9e-06 3.185e-05 5.75e-06 5.25e-06 3.3e-05 3.085e-05 7e-06 4.9e-06 4.7e-06 5.61e-05 7.5e-06 5.53e-05 3.17e-05 3.33e-05 6.75e-06 3.17e-05 5.05e-06 3.6e-05 2.78e-05 4.21e-05 3.795e-05 7.6e-06 2.775e-05 6.15e-06 3.17e-05 3.7e-06 6.03e-05 4.425e-05 1.01e-05 8.35e-06 6.05e-06 3.175e-05 1.21e-05 5.935e-05 7.45e-06 6.95e-06 5.96e-05 5.65e-05 6.45e-06
3 6.75e-06 3.28e-05 9e-06 1.22e-05 4.085e-05 8e-06 1.085e-05 9.75e-06 3.1e-05 4.215e-05 7.55e-06 4.32e-05 5.715e-05 7.9e-06 7.75e-06 5.625e-05 5.595e-05 5.62e-05 5.855e-05 5.77e-05 5.625e-05 7.8e-06 9.4e-06 6.95e-06 9.05e-06 3.015e-05 9.85e-06 3.335e-05 8.35e-06 7.6e-06 3.47e-05 9e-06 7.35e-06 1.03e-05 8.85e-06 9.45e-06 9e-06 7.45e-06 5.59e-05 3.21e-05 1.32e-05 5.74e-05 9.01e-05 7.25e-06 7.5e-06 8.6e-06 4.345e-05 1.04e-05 5.61e-05 4.22e-05 8.19e-05 3.43e-05 5.735e-05 3.285e-05 5.68e-05 1.23e-05 7.45e-06 6.35e-06 3.18e-05 9e-06 7.9e-06 3.225e-05 2.965e-05 8.65e-06 8.2e-06 1.035e-05 5.64e-05 7.4e-06 5.685e-05 3.405e-05 3.395e-05 1.025e-05 3.405e-05 1.07e-05 3.385e-05 2.95e-05 4.28e-05 4.25e-05 7.5e-06 3.38e-05 8.45e-06 3.185e-05 7.55e-06 5.535e-05 4.45e-05 8.7e-06 8.7e-06 1.05e-05 3.41e-05 6.7e-06 6.03e-05 9.8e-06 8.9e-06 5.635e-05 5.535e-05 7.4e-06
4 4.135e-05 5.73e-05 4.175e-05 4.085e-05 7.92e-05 4.23e-05 4.42e-05 4.39e-05 5.525e-05 4.08e-05 4.13e-05 4.27e-05 5.765e-05 4.08e-05 4.13e-05 5.605e-05 5.445e-05 5.6e-05 5.81e-05 5.695e-05 5.635e-05 4.11e-05 4.365e-05 4.045e-05 4.32e-05 5.495e-05 4.315e-05 5.79e-05 4.17e-05 4.09e-05 5.895e-05 4.215e-05 4.095e-05 4.445e-05 4.185e-05 4.26e-05 4.175e-05 4.075e-05 5.44e-05 5.65e-05 4.545e-05 5.79e-05 5.51e-05 4.1e-05 4.105e-05 4.305e-05 4.265e-05 4.295e-05 5.67e-05 4.095e-05 5.57e-05 4.27e-05 5.66e-05 5.72e-05 5.73e-05 4.445e-05 4.09e-05 4.095e-05 5.62e-05 4.315e-05 4.125e-05 5.705e-05 5.495e-05 4.195e-05 4.195e-05 4.355e-05 5.56e-05 4.185e-05 5.64e-05 5.845e-05 5.835e-05 4.155e-05 5.845e-05 4.39e-05 5.835e-05 5.39e-05 4.16e-05 4.135e-05 4.195e-05 4.125e-05 4.125e-05 5.625e-05 4.045e-05 5.615e-05 4.415e-05 4.33e-05 4.245e-05 4.37e-05 5.85e-05 4.225e-05 5.955e-05 4.395e-05 4.22e-05 5.6e-05 5.505e-05 4.13e-05
5 8.35e-06 3.345e-05 7.3e-06 8e-06 4.23e-05 9e-06 8.15e-06 6.65e-06 2.975e-05 4.345e-05 8.75e-06 4.39e-05 5.61e-05 6.35e-06 6.1e-06 5.68e-05 5.45e-05 5.675e-05 5.805e-05 5.72e-05 5.665e-05 6.05e-06 6.15e-06 5.3e-06 5.75e-06 2.865e-05 1.04e-05 3.33e-05 6.9e-06 6.1e-06 3.365e-05 7.65e-06 6.2e-06 6.4e-06 7.65e-06 7.45e-06 7.3e-06 5.9e-06 5.45e-05 3.225e-05 1.2e-05 5.655e-05 9.355e-05 8.5e-06 8.75e-06 9.7e-06 4.38e-05 1.385e-05 5.965e-05 4.62e-05 8.245e-05 3.1e-05 5.825e-05 3.555e-05 5.58e-05 1.16e-05 8.7e-06 7.85e-06 3.2e-05 5.7e-06 6.45e-06 3.225e-05 3.135e-05 9.65e-06 6.45e-06 7.45e-06 5.725e-05 9e-06 5.755e-05 3.4e-05 3.39e-05 1.125e-05 3.4e-05 7.8e-06 3.67e-05 2.81e-05 4.335e-05 4.115e-05 9.1e-06 3.21e-05 9.35e-06 3.205e-05 5.9e-06 5.92e-05 4.345e-05 8.15e-06 9.8e-06 8.5e-06 3.405e-05 1.135e-05 5.995e-05 6.75e-06 1.01e-05 5.995e-05 5.595e-05 5.95e-06
6 1.12e-05 3.375e-05 8.15e-06 1.085e-05 4.42e-05 8.15e-06 1.2e-05 8.7e-06 3.105e-05 4.485e-05 1.06e-05 4.435e-05 5.885e-05 7.7e-06 7.55e-06 5.825e-05 5.63e-05 5.82e-05 5.75e-05 5.695e-05 5.855e-05 8.5e-06 9.4e-06 6.8e-06 8.65e-06 3.13e-05 1.01e-05 3.35e-05 7.05e-06 7.35e-06 3.19e-05 7.55e-06 8.05e-06 8.25e-06 9.35e-06 7.05e-06 8.15e-06 6.9e-06 5.635e-05 3.22e-05 9.8e-06 5.925e-05 9.48e-05 1.035e-05 1.01e-05 1.09e-05 4.545e-05 1.4e-05 6.155e-05 4.795e-05 8.34e-05 3.45e-05 5.73e-05 3.535e-05 5.85e-05 1.02e-05 1.01e-05 1.085e-05 3.195e-05 8.6e-06 7.55e-06 3.325e-05 3.45e-05 1.05e-05 8.4e-06 7.05e-06 5.74e-05 1.135e-05 5.79e-05 3.37e-05 3.4e-05 1.205e-05 3.37e-05 7.15e-06 3.68e-05 2.98e-05 4.395e-05 4.26e-05 1.145e-05 3.32e-05 1.04e-05 3.2e-05 7.25e-06 6.14e-05 4.59e-05 1.2e-05 1.16e-05 7e-06 3.375e-05 1.535e-05 5.675e-05 8.75e-06 1.095e-05 6.07e-05 5.68e-05 8.4e-06
7 9.75e-06 3.405e-05 7.4e-06 9.75e-06 4.39e-05 6.65e-06 8.7e-06 1.08e-05 2.985e-05 4.38e-05 1.01e-05 4.32e-05 5.7e-05 7.7e-06 7.85e-06 5.8e-05 5.55e-05 5.795e-05 5.71e-05 5.65e-05 5.81e-05 7.85e-06 6.65e-06 7.65e-06 6.4e-06 2.99e-05 9.8e-06 3.485e-05 6.6e-06 7.65e-06 3.275e-05 6.7e-06 8.05e-06 6.1e-06 7.95e-06 7.05e-06 7.4e-06 7.55e-06 5.555e-05 3.355e-05 1.125e-05 5.715e-05 9.42e-05 1.02e-05 1.055e-05 9.15e-06 4.51e-05 1.425e-05 6.08e-05 4.67e-05 8.37e-05 3.2e-05 5.685e-05 3.655e-05 5.695e-05 1.15e-05 1e-05 9.75e-06 3.365e-05 6.35e-06 7.55e-06 3.345e-05 3.235e-05 1.02e-05 7.45e-06 6.55e-06 5.805e-05 9.5e-06 5.79e-05 3.465e-05 3.495e-05 1.115e-05 3.465e-05 6.9e-06 3.72e-05 3e-05 4.51e-05 4.175e-05 9.6e-06 3.285e-05 9.55e-06 3.35e-05 7.25e-06 6.02e-05 4.42e-05 9.25e-06 1.05e-05 6.1e-06 3.47e-05 1.21e-05 5.925e-05 5.65e-06 9.85e-06 6.04e-05 5.81e-05 7.6e-06
8 3.1e-05 3.095e-05 2.78e-05 3.1e-05 5.525e-05 2.975e-05 3.105e-05 2.985e-05 4.97e-05 5.53e-05 3.045e-05 5.66e-05 7.18e-05 2.795e-05 2.785e-05 6.945e-05 5.145e-05 6.94e-05 7.115e-05 6.9e-05 7.085e-05 2.885e-05 2.925e-05 2.77e-05 2.965e-05 2.705e-05 3.165e-05 3.295e-05 2.785e-05 2.675e-05 3.175e-05 2.705e-05 2.825e-05 3.08e-05 2.835e-05 2.775e-05 2.78e-05 2.775e-05 5.16e-05 3.03e-05 3.385e-05 7.195e-05 9.75e-05 3.055e-05 3.085e-05 3.2e-05 5.76e-05 3.385e-05 7.355e-05 5.83e-05 9.515e-05 5.475e-05 6.855e-05 3.395e-05 7.175e-05 3.275e-05 2.945e-05 3.1e-05 3.04e-05 2.96e-05 2.635e-05 3.12e-05 3.06e-05 3.065e-05 2.85e-05 2.9e-05 6.76e-05 3.09e-05 6.985e-05 3.29e-05 3.295e-05 3.045e-05 3.29e-05 2.935e-05 3.47e-05 2.63e-05 5.66e-05 5.245e-05 3.1e-05 5.27e-05 2.97e-05 3.025e-05 2.75e-05 7.32e-05 5.87e-05 3.29e-05 3.06e-05 2.895e-05 3.295e-05 3.45e-05 7.2e-05 2.99e-05 2.97e-05 7.115e-05 6.99e-05 2.83e-05
9 4.18e-05 5.75e-05 4.04e-05 4.215e-05 4.08e-05 4.345e-05 4.485e-05 4.38e-05 5.53e-05 7.94e-05 4.175e-05 4.29e-05 5.77e-05 4.16e-05 4.235e-05 5.695e-05 5.41e-05 5.69e-05 5.8e-05 5.67e-05 5.705e-05 4.195e-05 4.39e-05 4.15e-05 4.23e-05 5.585e-05 4.325e-05 5.845e-05 4.225e-05 4.125e-05 5.87e-05 4.21e-05 4.205e-05 4.455e-05 4.165e-05 4.265e-05 4.04e-05 4.08e-05 5.41e-05 5.685e-05 4.565e-05 5.83e-05 5.565e-05 4.22e-05 4.235e-05 4.32e-05 4.315e-05 4.265e-05 5.67e-05 4.115e-05 5.575e-05 4.24e-05 5.645e-05 5.785e-05 5.795e-05 4.34e-05 4.165e-05 4.215e-05 5.73e-05 4.225e-05 4.22e-05 5.795e-05 5.5e-05 4.115e-05 4.17e-05 4.215e-05 5.59e-05 4.1e-05 5.56e-05 5.765e-05 5.885e-05 4.03e-05 5.77e-05 4.25e-05 5.86e-05 5.5e-05 4.23e-05 4.03e-05 4.105e-05 3.97e-05 4.105e-05 5.715e-05 4.115e-05 5.685e-05 4.4e-05 4.35e-05 4.26e-05 4.34e-05 5.77e-05 4.235e-05 5.93e-05 4.385e-05 4.115e-05 5.63e-05 5.655e-05 4.26e-05
10 7.05e-06 3.235e-05 7.95e-06 7.55e-06 4.13e-05 8.75e-06 1.06e-05 1.01e-05 3.045e-05 4.175e-05 1.12e-05 4.33e-05 5.765e-05 7.7e-06 7.05e-06 5.63e-05 5.535e-05 5.625e-05 5.835e-05 5.71e-05 5.64e-05 7.65e-06 9.85e-06 6.2e-06 9.05e-06 3.02e-05 9.7e-06 3.275e-05 8.1e-06 6.4e-06 3.41e-05 8.35e-06 7.25e-06 1.085e-05 8.25e-06 8.95e-06 7.95e-06 7e-06 5.53e-05 3.105e-05 1.27e-05 5.82e-05 9.055e-05 6.2e-06 7.75e-06 9.6e-06 4.34e-05 8.8e-06 5.605e-05 4.24e-05 8.19e-05 3.46e-05 5.68e-05 3.28e-05 5.78e-05 1.125e-05 7.2e-06 7.55e-06 3.165e-05 9e-06 7.7e-06 3.23e-05 3.03e-05 7.95e-06 7.85e-06 9.35e-06 5.58e-05 7.85e-06 5.635e-05 3.36e-05 3.41e-05 9.25e-06 3.36e-05 9.7e-06 3.375e-05 2.935e-05 4.255e-05 4.205e-05 7.95e-06 3.28e-05 7.9e-06 3.165e-05 7.25e-06 5.68e-05 4.48e-05 8.35e-06 7.5e-06 1.01e-05 3.365e-05 8.25e-06 5.97e-05 1.015e-05 7.95e-06 5.495e-05 5.58e-05 7.65e-06
11 4.35e-05 5.88e-05 4.31e-05 4.32e-05 4.27e-05 4.39e-05 4.435e-05 4.32e-05 5.66e-05 4.29e-05 4.33e-05 8.2e-05 5.81e-05 4.31e-05 4.33e-05 5.775e-05 5.705e-05 5.77e-05 5.68e-05 5.63e-05 5.765e-05 4.385e-05 4.41e-05 4.305e-05 4.395e-05 5.685e-05 4.205e-05 5.975e-05 4.205e-05 4.335e-05 5.825e-05 4.235e-05 4.305e-05 4.3e-05 4.325e-05 4.21e-05 4.31e-05 4.295e-05 5.705e-05 5.87e-05 4.365e-05 5.8e-05 5.635e-05 4.31e-05 4.31e-05 4.225e-05 4.495e-05 4.42e-05 5.79e-05 4.295e-05 5.75e-05 4.435e-05 5.645e-05 5.855e-05 5.775e-05 4.45e-05 4.28e-05 4.32e-05 5.85e-05 4.39e-05 4.295e-05 5.89e-05 5.715e-05 4.305e-05 4.335e-05 4.29e-05 5.74e-05 4.325e-05 5.695e-05 5.955e-05 5.96e-05 4.27e-05 5.955e-05 4.295e-05 5.95e-05 5.645e-05 4.435e-05 4.37e-05 4.335e-05 4.335e-05 4.255e-05 5.835e-05 4.265e-05 5.725e-05 4.555e-05 4.435e-05 4.365e-05 4.12e-05 5.96e-05 4.37e-05 5.895e-05 4.32e-05 4.29e-05 5.735e-05 5.68e-05 4.35e-05
12 5.675e-05 7.18e-05 5.785e-05 5.715e-05 5.765e-05 5.61e-05 5.885e-05 5.7e-05 7.18e-05 5.77e-05 5.765e-05 5.81e-05 0.000108 5.8e-05 5.805e-05 5.685e-05 7.115e-05 5.68e-05 5.75e-05 5.84e-05 5.545e-05 5.74e-05 5.65e-05 5.755e-05 5.6e-05 7.09e-05 5.94e-05 7.24e-05 5.89e-05 5.79e-05 7.25e-05 5.935e-05 5.785e-05 5.71e-05 5.775e-05 5.925e-05 5.785e-05 5.8e-05 7.11e-05 7.14e-05 5.885e-05 5.52e-05 5.65e-05 5.815e-05 5.86e-05 5.81e-05 5.645e-05 5.74e-05 5.535e-05 5.82e-05 5.635e-05 5.585e-05 5.825e-05 7.25e-05 5.435e-05 5.8e-05 5.81e-05 5.715e-05 7.19e-05 5.595e-05 5.855e-05 7.12e-05 7.015e-05 5.84e-05 5.765e-05 5.85e-05 5.775e-05 5.705e-05 5.695e-05 7.275e-05 7.3e-05 5.78e-05 7.275e-05 5.885e-05 7.295e-05 7.125e-05 5.695e-05 5.815e-05 5.715e-05 5.77e-05 5.79e-05 7.175e-05 5.755e-05 5.555e-05 5.52e-05 5.565e-05 5.815e-05 5.995e-05 7.28e-05 5.595e-05 5.845e-05 5.71e-05 5.835e-05 5.74e-05 5.635e-05 5.77e-05
13 8.05e-06 3.295e-05 3.95e-06 7.9e-06 4.08e-05 6.35e-06 7.7e-06 7.7e-06 2.795e-05 4.16e-05 7.7e-06 4.31e-05 5.8e-05 6.3e-06 4.15e-06 5.685e-05 5.245e-05 5.68e-05 5.795e-05 5.68e-05 5.67e-05 4.95e-06 7.35e-06 3.65e-06 6.9e-06 2.82e-05 9.15e-06 3.21e-05 5e-06 4.25e-06 3.325e-05 5.55e-06 5.4e-06 8.05e-06 5.4e-06 5.85e-06 4.05e-06 4e-06 5.25e-05 3.09e-05 1.19e-05 5.87e-05 9.275e-05 7.75e-06 7.45e-06 9.65e-06 4.315e-05 1.28e-05 5.94e-05 4.495e-05 8.085e-05 3.175e-05 5.665e-05 3.465e-05 5.795e-05 1.1e-05 7.5e-06 8e-06 3.095e-05 6.85e-06 4.5e-06 3.23e-05 3.1e-05 8e-06 5.4e-06 6.3e-06 5.6e-05 8.55e-06 5.635e-05 3.265e-05 3.3e-05 8.15e-06 3.265e-05 6.65e-06 3.595e-05 2.69e-05 4.16e-05 3.915e-05 8.65e-06 2.945e-05 6.55e-06 3.1e-05 3.2e-06 5.98e-05 4.46e-05 1.01e-05 8.4e-06 6.55e-06 3.27e-05 1.22e-05 5.98e-05 7.75e-06 8.2e-06 5.95e-05 5.52e-05 5.35e-06
14 7.7e-06 3.295e-05 5e-06 7.75e-06 4.13e-05 6.1e-06 7.55e-06 7.85e-06 2.785e-05 4.235e-05 7.05e-06 4.33e-05 5.805e-05 4.15e-06 5.2e-06 5.65e-05 5.32e-05 5.645e-05 5.815e-05 5.695e-05 5.635e-05 5.05e-06 7e-06 3e-06 7e-06 2.785e-05 9.35e-06 3.19e-05 4.85e-06 3.85e-06 3.34e-05 5.65e-06 5.1e-06 8.2e-06 6.25e-06 5.95e-06 5e-06 3.9e-06 5.325e-05 3.055e-05 1.185e-05 5.88e-05 9.35e-05 7.2e-06 7.35e-06 9.8e-06 4.345e-05 1.255e-05 5.915e-05 4.57e-05 8.16e-05 3.25e-05 5.68e-05 3.475e-05 5.8e-05 1.11e-05 7.3e-06 7.75e-06 3.055e-05 6.95e-06 4.1e-06 3.195e-05 3.125e-05 8.15e-06 5.1e-06 6.5e-06 5.6e-05 8.65e-06 5.65e-05 3.29e-05 3.325e-05 9.1e-06 3.29e-05 6.85e-06 3.62e-05 2.655e-05 4.19e-05 3.99e-05 8.75e-06 3.025e-05 7.45e-06 3.075e-05 3.7e-06 5.985e-05 4.53e-05 9.45e-06 7.35e-06 6.8e-06 3.295e-05 1.22e-05 5.995e-05 7.9e-06 8.35e-06 5.925e-05 5.48e-05 4.7e-06
15 5.66e-05 6.96e-05 5.755e-05 5.625e-05 5.605e-05 5.68e-05 5.825e-05 5.8e-05 6.945e-05 5.695e-05 5.63e-05 5.775e-05 5.685e-05 5.685e-05 5.65e-05 0.0001069 6.985e-05 5.345e-05 5.8e-05 5.735e-05 5.49e-05 5.565e-05 5.75e-05 5.585e-05 5.755e-05 6.805e-05 5.825e-05 7.165e-05 5.675e-05 5.605e-05 7.175e-05 5.695e-05 5.58e-05 5.855e-05 5.69e-05 5.74e-05 5.755e-05 5.65e-05 6.98e-05 6.965e-05 5.88e-05 5.695e-05 5.585e-05 5.605e-05 5.665e-05 5.795e-05 5.495e-05 5.605e-05 5.645e-05 5.7e-05 5.67e-05 5.775e-05 5.575e-05 7.025e-05 5.65e-05 5.81e-05 5.58e-05 5.625e-05 6.94e-05 5.75e-05 5.635e-05 6.835e-05 6.995e-05 5.73e-05 5.58e-05 5.875e-05 5.46e-05 5.7e-05 5.655e-05 7.21e-05 7.19e-05 5.75e-05 7.21e-05 5.91e-05 7.16e-05 6.875e-05 5.58e-05 5.74e-05 5.71e-05 5.74e-05 5.705e-05 6.915e-05 5.64e-05 5.615e-05 5.705e-05 5.715e-05 5.69e-05 5.865e-05 7.215e-05 5.695e-05 5.74e-05 5.805e-05 5.7e-05 5.485e-05 5.55e-05 5.51e-05
16 5.56e-05 5.635e-05 5.19e-05 5.595e-05 5.445e-05 5.45e-05 5.63e-05 5.55e-05 5.145e-05 5.41e-05 5.535e-05 5.705e-05 7.115e-05 5.245e-05 5.32e-05 6.985e-05 9.9e-05 6.98e-05 7.165e-05 6.97e-05 7.04e-05 5.3e-05 5.515e-05 5.21e-05 5.4e-05 5.215e-05 5.755e-05 5.7e-05 5.35e-05 5.155e-05 5.74e-05 5.305e-05 5.345e-05 5.625e-05 5.33e-05 5.36e-05 5.19e-05 5.21e-05 4.985e-05 5.49e-05 5.955e-05 7.175e-05 7.16e-05 5.58e-05 5.6e-05 5.765e-05 5.65e-05 5.915e-05 7.265e-05 5.79e-05 6.825e-05 5.295e-05 6.965e-05 5.905e-05 7.14e-05 5.745e-05 5.51e-05 5.595e-05 5.535e-05 5.395e-05 5.295e-05 5.635e-05 5.44e-05 5.545e-05 5.325e-05 5.405e-05 6.815e-05 5.545e-05 6.925e-05 5.69e-05 5.75e-05 5.49e-05 5.69e-05 5.44e-05 6e-05 5.1e-05 5.53e-05 5.1e-05 5.555e-05 5.06e-05 5.475e-05 5.52e-05 5.2e-05 7.305e-05 5.74e-05 5.755e-05 5.64e-05 5.53e-05 5.695e-05 5.92e-05 7.27e-05 5.555e-05 5.55e-05 7.185e-05 6.955e-05 5.36e-05
17 5.655e-05 6.955e-05 5.75e-05 5.62e-05 5.6e-05 5.675e-05 5.82e-05 5.795e-05 6.94e-05 5.69e-05 5.625e-05 5.77e-05 5.68e-05 5.68e-05 5.645e-05 5.345e-05 6.98e-05 0.0001068 5.795e-05 5.73e-05 5.485e-05 5.56e-05 5.745e-05 5.58e-05 5.75e-05 6.8e-05 5.82e-05 7.16e-05 5.67e-05 5.6e-05 7.17e-05 5.69e-05 5.575e-05 5.85e-05 5.685e-05 5.735e-05 5.75e-05 5.645e-05 6.975e-05 6.96e-05 5.875e-05 5.69e-05 5.58e-05 5.6e-05 5.66e-05 5.79e-05 5.49e-05 5.6e-05 5.64e-05 5.695e-05 5.665e-05 5.77e-05 5.57e-05 7.02e-05 5.645e-05 5.805e-05 5.575e-05 5.62e-05 6.935e-05 5.745e-05 5.63e-05 6.83e-05 6.99e-05 5.725e-05 5.575e-05 5.87e-05 5.455e-05 5.695e-05 5.65e-05 7.205e-05 7.185e-05 5.745e-05 7.205e-05 5.905e-05 7.155e-05 6.87e-05 5.575e-05 5.735e-05 5.705e-05 5.735e-05 5.7e-05 6.91e-05 5.635e-05 5.61e-05 5.7e-05 5.71e-05 5.685e-05 5.86e-05 7.21e-05 5.69e-05 5.735e-05 5.8e-05 5.695e-05 5.48e-05 5.545e-05 5.505e-05
18 5.855e-05 7.26e-05 5.765e-05 5.855e-05 5.81e-05 5.805e-05 5.75e-05 5.71e-05 7.115e-05 5.8e-05 5.835e-05 5.68e-05 5.75e-05 5.795e-05 5.815e-05 5.8e-05 7.165e-05 5.795e-05 0.0001113 5.69e-05 5.805e-05 5.87e-05 5.815e-05 5.79e-05 5.78e-05 7.17e-05 5.78e-05 7.33e-05 5.7e-05 5.79e-05 7.115e-05 5.71e-05 5.84e-05 5.745e-05 5.83e-05 5.725e-05 5.765e-05 5.78e-05 7.165e-05 7.2e-05 5.67e-05 5.7e-05 5.72e-05 5.845e-05 5.86e-05 5.79e-05 5.84e-05 5.78e-05 5.85e-05 5.87e-05 5.79e-05 5.825e-05 5.645e-05 7.28e-05 5.74e-05 5.7e-05 5.805e-05 5.855e-05 7.21e-05 5.775e-05 5.78e-05 7.25e-05 7.22e-05 5.825e-05 5.82e-05 5.66e-05 5.745e-05 5.83e-05 5.67e-05 7.31e-05 7.34e-05 5.775e-05 7.31e-05 5.71e-05 7.345e-05 7.13e-05 5.78e-05 5.83e-05 5.84e-05 5.795e-05 5.78e-05 7.195e-05 5.75e-05 5.81e-05 5.8e-05 5.865e-05 5.885e-05 5.645e-05 7.315e-05 5.925e-05 5.72e-05 5.715e-05 5.79e-05 5.78e-05 5.745e-05 5.835e-05
19 5.765e-05 7.18e-05 5.635e-05 5.77e-05 5.695e-05 5.72e-05 5.695e-05 5.65e-05 6.9e-05 5.67e-05 5.71e-05 5.63e-05 5.84e-05 5.68e-05 5.695e-05 5.735e-05 6.97e-05 5.73e-05 5.69e-05 0.0001088 5.865e-05 5.745e-05 5.725e-05 5.65e-05 5.68e-05 6.995e-05 5.64e-05 7.33e-05 5.585e-05 5.585e-05 7.015e-05 5.53e-05 5.7e-05 5.64e-05 5.71e-05 5.505e-05 5.635e-05 5.63e-05 6.97e-05 7.12e-05 5.62e-05 5.855e-05 5.82e-05 5.725e-05 5.74e-05 5.685e-05 5.85e-05 5.765e-05 5.92e-05 5.77e-05 5.835e-05 5.74e-05 5.585e-05 7.235e-05 5.835e-05 5.645e-05 5.65e-05 5.77e-05 7.135e-05 5.675e-05 5.625e-05 7.195e-05 7.11e-05 5.69e-05 5.69e-05 5.53e-05 5.595e-05 5.73e-05 5.755e-05 7.3e-05 7.335e-05 5.66e-05 7.3e-05 5.525e-05 7.33e-05 6.935e-05 5.77e-05 5.68e-05 5.74e-05 5.645e-05 5.66e-05 7.12e-05 5.635e-05 5.905e-05 5.84e-05 5.795e-05 5.76e-05 5.51e-05 7.305e-05 5.89e-05 5.715e-05 5.65e-05 5.635e-05 5.71e-05 5.79e-05 5.715e-05
20 5.625e-05 7.07e-05 5.72e-05 5.625e-05 5.635e-05 5.665e-05 5.855e-05 5.81e-05 7.085e-05 5.705e-05 5.64e-05 5.765e-05 5.545e-05 5.67e-05 5.635e-05 5.49e-05 7.04e-05 5.485e-05 5.805e-05 5.865e-05 0.0001073 5.555e-05 5.755e-05 5.57e-05 5.72e-05 6.905e-05 5.86e-05 7.13e-05 5.72e-05 5.66e-05 7.275e-05 5.81e-05 5.62e-05 5.85e-05 5.695e-05 5.84e-05 5.72e-05 5.65e-05 7.035e-05 7.02e-05 5.92e-05 5.655e-05 5.58e-05 5.65e-05 5.69e-05 5.805e-05 5.46e-05 5.635e-05 5.49e-05 5.735e-05 5.565e-05 5.725e-05 5.72e-05 7.1e-05 5.545e-05 5.825e-05 5.65e-05 5.625e-05 7.03e-05 5.715e-05 5.705e-05 6.905e-05 6.985e-05 5.735e-05 5.59e-05 5.885e-05 5.65e-05 5.68e-05 5.63e-05 7.19e-05 7.195e-05 5.715e-05 7.19e-05 5.92e-05 7.21e-05 6.965e-05 5.565e-05 5.75e-05 5.69e-05 5.705e-05 5.71e-05 7.005e-05 5.625e-05 5.525e-05 5.655e-05 5.665e-05 5.695e-05 5.92e-05 7.195e-05 5.61e-05 5.87e-05 5.815e-05 5.75e-05 5.63e-05 5.48e-05 5.55e-05
21 7.95e-06 3.255e-05 5.6e-06 7.8e-06 4.11e-05 6.05e-06 8.5e-06 7.85e-06 2.885e-05 4.195e-05 7.65e-06 4.385e-05 5.74e-05 4.95e-06 5.05e-06 5.565e-05 5.3e-05 5.56e-05 5.87e-05 5.745e-05 5.555e-05 7.5e-06 7.4e-06 4.2e-06 6.65e-06 2.76e-05 1e-05 3.24e-05 6e-06 4.85e-06 3.39e-05 6.6e-06 5.4e-06 8.2e-06 6.3e-06 6.9e-06 5.6e-06 4.65e-06 5.3e-05 3.11e-05 1.28e-05 5.81e-05 9.275e-05 7.7e-06 7.85e-06 1e-05 4.19e-05 1.26e-05 5.9e-05 4.505e-05 8.135e-05 3.165e-05 5.73e-05 3.465e-05 5.735e-05 1.15e-05 7.85e-06 7.9e-06 3.115e-05 6.6e-06 5.65e-06 3.105e-05 3.06e-05 8.45e-06 5.1e-06 7.4e-06 5.62e-05 8.5e-06 5.67e-05 3.3e-05 3.325e-05 9.55e-06 3.3e-05 7.75e-06 3.605e-05 2.725e-05 4.185e-05 3.965e-05 8.6e-06 3.03e-05 8e-06 3.115e-05 4.6e-06 5.94e-05 4.405e-05 9.15e-06 8.7e-06 8.05e-06 3.305e-05 1.14e-05 6.02e-05 7.9e-06 8.9e-06 5.905e-05 5.55e-05 4.95e-06
22 9.5e-06 3.28e-05 7.4e-06 9.4e-06 4.365e-05 6.15e-06 9.4e-06 6.65e-06 2.925e-05 4.39e-05 9.85e-06 4.41e-05 5.65e-05 7.35e-06 7e-06 5.75e-05 5.515e-05 5.745e-05 5.815e-05 5.725e-05 5.755e-05 7.4e-06 9.6e-06 7.35e-06 6.25e-06 2.94e-05 1.035e-05 3.45e-05 7.8e-06 7.55e-06 3.35e-05 7.95e-06 6.75e-06 6.55e-06 6.7e-06 7.8e-06 7.4e-06 7.5e-06 5.52e-05 3.33e-05 1.25e-05 5.7e-05 9.4e-05 9.85e-06 1.005e-05 9.75e-06 4.45e-05 1.42e-05 6.025e-05 4.635e-05 8.315e-05 3.15e-05 5.815e-05 3.58e-05 5.63e-05 1.23e-05 9.6e-06 9.4e-06 3.33e-05 6.2e-06 6.9e-06 3.295e-05 3.195e-05 1.005e-05 7.25e-06 7.6e-06 5.775e-05 9.5e-06 5.82e-05 3.455e-05 3.44e-05 1.115e-05 3.455e-05 7.95e-06 3.675e-05 2.965e-05 4.465e-05 4.185e-05 9.6e-06 3.28e-05 8.4e-06 3.315e-05 6.9e-06 5.97e-05 4.365e-05 8.75e-06 8.75e-06 8.25e-06 3.46e-05 1.165e-05 6e-05 6.75e-06 9.8e-06 6.01e-05 5.755e-05 7.35e-06
23 6.75e-06 3.25e-05 4.5e-06 6.95e-06 4.045e-05 5.3e-06 6.8e-06 7.65e-06 2.77e-05 4.15e-05 6.2e-06 4.305e-05 5.755e-05 3.65e-06 3e-06 5.585e-05 5.21e-05 5.58e-05 5.79e-05 5.65e-05 5.57e-05 4.2e-06 7.35e-06 2.7e-06 6.2e-06 2.715e-05 9.1e-06 3.09e-05 4e-06 2.55e-06 3.315e-05 5.1e-06 4.35e-06 8e-06 6.15e-06 5.4e-06 4.5e-06 2.75e-06 5.215e-05 2.955e-05 1.15e-05 5.83e-05 9.295e-05 6.5e-06 6.5e-06 9.6e-06 4.28e-05 1.21e-05 5.85e-05 4.515e-05 8.075e-05 3.17e-05 5.655e-05 3.42e-05 5.75e-05 1.015e-05 6.25e-06 6.95e-06 2.985e-05 6.15e-06 3.9e-06 3.13e-05 3.05e-05 7.3e-06 4.35e-06 5.95e-06 5.515e-05 7.85e-06 5.565e-05 3.205e-05 3.245e-05 8.8e-06 3.205e-05 6.3e-06 3.565e-05 2.555e-05 4.115e-05 3.88e-05 7.95e-06 2.91e-05 7.3e-06 2.975e-05 3.2e-06 5.935e-05 4.48e-05 9.2e-06 7.9e-06 6.85e-06 3.21e-05 1.175e-05 5.95e-05 7.7e-06 8e-06 5.885e-05 5.41e-05 3.8e-06
24 8.65e-06 3.35e-05 5.8e-06 9.05e-06 4.32e-05 5.75e-06 8.65e-06 6.4e-06 2.965e-05 4.23e-05 9.05e-06 4.395e-05 5.6e-05 6.9e-06 7e-06 5.755e-05 5.4e-05 5.75e-05 5.78e-05 5.68e-05 5.72e-05 6.65e-06 6.25e-06 6.2e-06 9.3e-06 2.94e-05 1.035e-05 3.37e-05 7.3e-06 6.3e-06 3.325e-05 7.45e-06 7.15e-06 6.45e-06 7.3e-06 7.35e-06 5.8e-06 5.7e-06 5.405e-05 3.245e-05 1.205e-05 5.68e-05 9.395e-05 9.55e-06 9.8e-06 9.7e-06 4.415e-05 1.34e-05 5.95e-05 4.63e-05 8.235e-05 3.055e-05 5.795e-05 3.605e-05 5.63e-05 1.04e-05 9.3e-06 9.05e-06 3.295e-05 4.65e-06 7.25e-06 3.3e-05 3.125e-05 8.7e-06 6.05e-06 5.9e-06 5.74e-05 8e-06 5.66e-05 3.31e-05 3.425e-05 9.9e-06 3.31e-05 6.25e-06 3.68e-05 2.905e-05 4.39e-05 4e-05 8.1e-06 3.045e-05 9e-06 3.28e-05 6.45e-06 5.975e-05 4.315e-05 8.2e-06 9.8e-06 8.05e-06 3.315e-05 1.13e-05 5.955e-05 6.5e-06 8.9e-06 6.01e-05 5.73e-05 7.1e-06
25 3.05e-05 3.105e-05 2.89e-05 3.015e-05 5.495e-05 2.865e-05 3.13e-05 2.99e-05 2.705e-05 5.585e-05 3.02e-05 5.685e-05 7.09e-05 2.82e-05 2.785e-05 6.805e-05 5.215e-05 6.8e-05 7.17e-05 6.995e-05 6.905e-05 2.76e-05 2.94e-05 2.715e-05 2.94e-05 5.11e-05 3.22e-05 3.255e-05 2.81e-05 2.735e-05 3.265e-05 2.83e-05 2.77e-05 3.045e-05 2.885e-05 2.875e-05 2.89e-05 2.78e-05 5.225e-05 3.05e-05 3.42e-05 7.115e-05 9.71e-05 2.995e-05 3.055e-05 3.19e-05 5.595e-05 3.4e-05 7.255e-05 5.85e-05 9.5e-05 5.44e-05 6.96e-05 3.37e-05 7.055e-05 3.345e-05 2.975e-05 3.015e-05 3.025e-05 2.935e-05 2.775e-05 2.985e-05 3.005e-05 3.12e-05 2.71e-05 3.01e-05 6.84e-05 3.09e-05 7.02e-05 3.3e-05 3.28e-05 3.145e-05 3.3e-05 3.045e-05 3.515e-05 2.625e-05 5.615e-05 5.31e-05 3.1e-05 5.35e-05 3.085e-05 3e-05 2.775e-05 7.225e-05 5.795e-05 3.16e-05 3.085e-05 3.005e-05 3.305e-05 3.345e-05 7.295e-05 2.995e-05 3.1e-05 7.125e-05 6.9e-05 2.64e-05
26 1.025e-05 3.385e-05 9.05e-06 9.85e-06 4.315e-05 1.04e-05 1.01e-05 9.8e-06 3.165e-05 4.325e-05 9.7e-06 4.205e-05 5.94e-05 9.15e-06 9.35e-06 5.825e-05 5.755e-05 5.82e-05 5.78e-05 5.64e-05 5.86e-05 1e-05 1.035e-05 9.1e-06 1.035e-05 3.22e-05 1.25e-05 3.45e-05 8.1e-06 9.45e-06 3.32e-05 8.35e-06 8.9e-06 9.15e-06 9.2e-06 7.75e-06 9.05e-06 8.8e-06 5.755e-05 3.395e-05 1.025e-05 5.975e-05 9.185e-05 9.4e-06 7.65e-06 8.55e-06 4.535e-05 1.145e-05 5.91e-05 4.2e-05 8.35e-05 3.62e-05 5.685e-05 3.205e-05 5.895e-05 1.12e-05 8.15e-06 9.85e-06 3.365e-05 1.03e-05 8.8e-06 3.425e-05 3.29e-05 7.5e-06 9.4e-06 8.55e-06 5.765e-05 9.8e-06 5.805e-05 3.41e-05 3.325e-05 1.02e-05 3.41e-05 8.6e-06 3.355e-05 3.16e-05 4.455e-05 4.375e-05 9.9e-06 3.455e-05 8.45e-06 3.35e-05 8.7e-06 5.86e-05 4.63e-05 1.105e-05 9.55e-06 6.9e-06 3.415e-05 1.09e-05 5.905e-05 9.8e-06 8.15e-06 5.8e-05 5.745e-05 9.9e-06
27 3.3e-05 3.305e-05 3.245e-05 3.335e-05 5.79e-05 3.33e-05 3.35e-05 3.485e-05 3.295e-05 5.845e-05 3.275e-05 5.975e-05 7.24e-05 3.21e-05 3.19e-05 7.165e-05 5.7e-05 7.16e-05 7.33e-05 7.33e-05 7.13e-05 3.24e-05 3.45e-05 3.09e-05 3.37e-05 3.255e-05 3.45e-05 6.09e-05 3.285e-05 3.15e-05 3.425e-05 3.335e-05 3.235e-05 3.52e-05 3.32e-05 3.37e-05 3.245e-05 3.165e-05 5.69e-05 3.135e-05 3.54e-05 7.315e-05 9.725e-05 3.32e-05 3.27e-05 3.52e-05 5.83e-05 3.4e-05 7.195e-05 5.94e-05 9.595e-05 5.86e-05 7.22e-05 3.305e-05 7.24e-05 3.42e-05 3.31e-05 3.335e-05 3.18e-05 3.365e-05 3.255e-05 3.26e-05 3.345e-05 3.3e-05 3.265e-05 3.4e-05 7.125e-05 3.375e-05 7.14e-05 3.135e-05 3.11e-05 3.335e-05 3.135e-05 3.435e-05 3.275e-05 3.155e-05 5.73e-05 5.74e-05 3.385e-05 5.69e-05 3.33e-05 3.18e-05 3.165e-05 7.265e-05 5.955e-05 3.465e-05 3.39e-05 3.465e-05 3.13e-05 3.515e-05 7.325e-05 3.49e-05 3.395e-05 7.26e-05 7.04e-05 3.265e-05
28 8.75e-06 3.3e-05 5.35e-06 8.35e-06 4.17e-05 6.9e-06 7.05e-06 6.6e-06 2.785e-05 4.225e-05 8.1e-06 4.205e-05 5.89e-05 5e-06 4.85e-06 5.675e-05 5.35e-05 5.67e-05 5.7e-05 5.585e-05 5.72e-05 6e-06 7.8e-06 4e-06 7.3e-06 2.81e-05 8.1e-06 3.285e-05 6.4e-06 4.7e-06 3.23e-05 3.95e-06 5.7e-06 7.4e-06 6.7e-06 4.75e-06 5.35e-06 4.4e-06 5.36e-05 3.145e-05 1.055e-05 5.895e-05 9.335e-05 7.8e-06 7.75e-06 8.8e-06 4.415e-05 1.285e-05 6.06e-05 4.55e-05 8.215e-05 3.315e-05 5.52e-05 3.47e-05 5.85e-05 1.05e-05 7.25e-06 8.35e-06 3.115e-05 7.25e-06 4.65e-06 3.22e-05 3.19e-05 8.05e-06 5.4e-06 5.5e-06 5.59e-05 8.75e-06 5.635e-05 3.29e-05 3.315e-05 9.45e-06 3.29e-05 5.8e-06 3.6e-05 2.71e-05 4.29e-05 3.98e-05 8.85e-06 3.06e-05 7.75e-06 3.09e-05 4.55e-06 6.015e-05 4.6e-05 1.085e-05 8.95e-06 4.05e-06 3.295e-05 1.29e-05 5.89e-05 6.55e-06 8.1e-06 5.93e-05 5.565e-05 5.1e-06
29 7.05e-06 3.2e-05 4.4e-06 7.6e-06 4.09e-05 6.1e-06 7.35e-06 7.65e-06 2.675e-05 4.125e-05 6.4e-06 4.335e-05 5.79e-05 4.25e-06 3.85e-06 5.605e-05 5.155e-05 5.6e-05 5.79e-05 5.585e-05 5.66e-05 4.85e-06 7.55e-06 2.55e-06 6.3e-06 2.735e-05 9.45e-06 3.15e-05 4.7e-06 3.8e-06 3.255e-05 4.2e-06 5e-06 8.4e-06 6.15e-06 4.75e-06 4.4e-06 3.3e-06 5.16e-05 2.93e-05 1.185e-05 5.855e-05 9.325e-05 7.05e-06 7.35e-06 9.85e-06 4.35e-05 1.19e-05 5.895e-05 4.52e-05 8.12e-05 3.185e-05 5.585e-05 3.45e-05 5.815e-05 1.005e-05 6.6e-06 7.6e-06 2.995e-05 6.25e-06 4.1e-06 3.15e-05 3.05e-05 7.45e-06 5e-06 5.8e-06 5.39e-05 7.8e-06 5.565e-05 3.23e-05 3.28e-05 8.7e-06 3.23e-05 6.15e-06 3.555e-05 2.565e-05 4.175e-05 3.855e-05 7.9e-06 2.9e-05 7.3e-06 2.995e-05 3.8e-06 5.985e-05 4.495e-05 9.6e-06 8.15e-06 6.9e-06 3.235e-05 1.195e-05 5.89e-05 7.7e-06 7.5e-06 5.825e-05 5.52e-05 4.8e-06
30 3.465e-05 3.24e-05 3.28e-05 3.47e-05 5.895e-05 3.365e-05 3.19e-05 3.275e-05 3.175e-05 5.87e-05 3.41e-05 5.825e-05 7.25e-05 3.325e-05 3.34e-05 7.175e-05 5.74e-05 7.17e-05 7.115e-05 7.015e-05 7.275e-05 3.39e-05 3.35e-05 3.315e-05 3.325e-05 3.265e-05 3.32e-05 3.425e-05 3.23e-05 3.255e-05 6.13e-05 3.18e-05 3.345e-05 3.265e-05 3.335e-05 3.155e-05 3.28e-05 3.295e-05 5.73e-05 3.2e-05 3.215e-05 7.28e-05 9.8e-05 3.425e-05 3.44e-05 3.365e-05 5.945e-05 3.415e-05 7.385e-05 6.005e-05 9.745e-05 5.865e-05 7.025e-05 3.35e-05 7.245e-05 3.26e-05 3.355e-05 3.47e-05 3.215e-05 3.32e-05 3.275e-05 3.255e-05 3.435e-05 3.39e-05 3.335e-05 3.175e-05 7.06e-05 3.43e-05 7.2e-05 3.395e-05 3.435e-05 3.35e-05 3.395e-05 3.18e-05 3.465e-05 3.225e-05 5.885e-05 5.785e-05 3.44e-05 5.79e-05 3.335e-05 3.195e-05 3.28e-05 7.37e-05 5.935e-05 3.475e-05 3.44e-05 3.135e-05 3.4e-05 3.625e-05 7.005e-05 3.275e-05 3.32e-05 7.205e-05 7.22e-05 3.36e-05
31 9.15e-06 3.25e-05 5.3e-06 9e-06 4.215e-05 7.65e-06 7.55e-06 6.7e-06 2.705e-05 4.21e-05 8.35e-06 4.235e-05 5.935e-05 5.55e-06 5.65e-06 5.695e-05 5.305e-05 5.69e-05 5.71e-05 5.53e-05 5.81e-05 6.6e-06 7.95e-06 5.1e-06 7.45e-06 2.83e-05 8.35e-06 3.335e-05 3.95e-06 4.2e-06 3.18e-05 6e-06 6.2e-06 7.75e-06 6.65e-06 4.1e-06 5.3e-06 4.9e-06 5.315e-05 3.13e-05 1.085e-05 5.93e-05 9.365e-05 8.3e-06 8.4e-06 9.05e-06 4.48e-05 1.275e-05 6.115e-05 4.55e-05 8.255e-05 3.335e-05 5.465e-05 3.48e-05 5.91e-05 1.045e-05 7.6e-06 9e-06 3.125e-05 7.4e-06 4.85e-06 3.24e-05 3.2e-05 8.1e-06 6e-06 5.4e-06 5.46e-05 8.8e-06 5.645e-05 3.305e-05 3.325e-05 9.4e-06 3.305e-05 5.7e-06 3.585e-05 2.72e-05 4.345e-05 3.965e-05 8.9e-06 3.055e-05 7.7e-06 3.11e-05 5.1e-06 6.065e-05 4.62e-05 1.13e-05 9.15e-06 4.1e-06 3.31e-05 1.325e-05 5.84e-05 6.65e-06 7.7e-06 5.88e-05 5.66e-05 6.1e-06
32 7.9e-06 3.05e-05 6.3e-06 7.35e-06 4.095e-05 6.2e-06 8.05e-06 8.05e-06 2.825e-05 4.205e-05 7.25e-06 4.305e-05 5.785e-05 5.4e-06 5.1e-06 5.58e-05 5.345e-05 5.575e-05 5.84e-05 5.7e-05 5.62e-05 5.4e-06 6.75e-06 4.35e-06 7.15e-06 2.77e-05 8.9e-06 3.235e-05 5.7e-06 5e-06 3.345e-05 6.2e-06 6.7e-06 8.25e-06 5.15e-06 6.45e-06 6.3e-06 4.7e-06 5.345e-05 3.105e-05 1.235e-05 5.825e-05 9.23e-05 6.8e-06 6.9e-06 9.35e-06 4.31e-05 1.195e-05 5.9e-05 4.415e-05 8.16e-05 3.265e-05 5.68e-05 3.325e-05 5.73e-05 1.145e-05 6.85e-06 7.35e-06 3.06e-05 7.1e-06 5.05e-06 3.125e-05 3.08e-05 7.75e-06 5.55e-06 7.45e-06 5.56e-05 8.3e-06 5.665e-05 3.28e-05 3.25e-05 9.8e-06 3.28e-05 7.8e-06 3.485e-05 2.685e-05 4.225e-05 4.02e-05 8.4e-06 3.11e-05 7.15e-06 3.065e-05 4.9e-06 5.865e-05 4.49e-05 9.35e-06 7.55e-06 7.6e-06 3.285e-05 1.1e-05 5.96e-05 8.1e-06 8.2e-06 5.8e-05 5.49e-05 5.3e-06
33 1.05e-05 3.465e-05 7.95e-06 1.03e-05 4.445e-05 6.4e-06 8.25e-06 6.1e-06 3.08e-05 4.455e-05 1.085e-05 4.3e-05 5.71e-05 8.05e-06 8.2e-06 5.855e-05 5.625e-05 5.85e-05 5.745e-05 5.64e-05 5.85e-05 8.2e-06 6.55e-06 8e-06 6.45e-06 3.045e-05 9.15e-06 3.52e-05 7.4e-06 8.4e-06 3.265e-05 7.75e-06 8.25e-06 9.9e-06 8.35e-06 6.7e-06 7.95e-06 7.9e-06 5.63e-05 3.43e-05 1.01e-05 5.755e-05 9.495e-05 1.075e-05 1.07e-05 8.8e-06 4.545e-05 1.505e-05 6.14e-05 4.725e-05 8.41e-05 3.205e-05 5.815e-05 3.67e-05 5.685e-05 1.14e-05 1.055e-05 1.03e-05 3.42e-05 6.4e-06 8.1e-06 3.4e-05 3.31e-05 1.055e-05 7.8e-06 6.55e-06 5.885e-05 1.025e-05 5.88e-05 3.5e-05 3.51e-05 1.17e-05 3.5e-05 6.6e-06 3.775e-05 3.055e-05 4.545e-05 4.25e-05 1.035e-05 3.34e-05 9.95e-06 3.405e-05 7.6e-06 6.08e-05 4.425e-05 9.3e-06 1.09e-05 6e-06 3.505e-05 1.29e-05 5.92e-05 6.15e-06 1.055e-05 6.135e-05 5.83e-05 8.15e-06
34 8.65e-06 3.09e-05 5e-06 8.85e-06 4.185e-05 7.65e-06 9.35e-06 7.95e-06 2.835e-05 4.165e-05 8.25e-06 4.325e-05 5.775e-05 5.4e-06 6.25e-06 5.69e-05 5.33e-05 5.685e-05 5.83e-05 5.71e-05 5.695e-05 6.3e-06 6.7e-06 6.15e-06 7.3e-06 2.885e-05 9.2e-06 3.32e-05 6.7e-06 6.15e-06 3.335e-05 6.65e-06 5.15e-06 8.35e-06 7.8e-06 7e-06 4.9e-06 6.15e-06 5.335e-05 3.185e-05 1.29e-05 5.85e-05 9.225e-05 8.55e-06 8.6e-06 9.5e-06 4.32e-05 1.23e-05 5.89e-05 4.4e-05 8.145e-05 3.215e-05 5.68e-05 3.41e-05 5.78e-05 1.185e-05 8.15e-06 8.85e-06 3.215e-05 7.25e-06 6.1e-06 3.235e-05 3.08e-05 8.15e-06 6.35e-06 7.25e-06 5.64e-05 8.5e-06 5.69e-05 3.31e-05 3.33e-05 8.25e-06 3.31e-05 7.6e-06 3.52e-05 2.865e-05 4.28e-05 4.005e-05 8.6e-06 3.06e-05 6.05e-06 3.2e-05 5.05e-06 5.92e-05 4.415e-05 9.6e-06 7.6e-06 7.45e-06 3.315e-05 1.095e-05 5.97e-05 8e-06 7.9e-06 5.855e-05 5.67e-05 6.9e-06
35 9.7e-06 3.3e-05 5.7e-06 9.45e-06 4.26e-05 7.45e-06 7.05e-06 7.05e-06 2.775e-05 4.265e-05 8.95e-06 4.21e-05 5.925e-05 5.85e-06 5.95e-06 5.74e-05 5.36e-05 5.735e-05 5.725e-05 5.505e-05 5.84e-05 6.9e-06 7.8e-06 5.4e-06 7.35e-06 2.875e-05 7.75e-06 3.37e-05 4.75e-06 4.75e-06 3.155e-05 4.1e-06 6.45e-06 6.7e-06 7e-06 7.4e-06 5.7e-06 5.2e-06 5.37e-05 3.185e-05 9.7e-06 5.95e-05 9.43e-05 8.8e-06 8.65e-06 8.65e-06 4.51e-05 1.335e-05 6.155e-05 4.6e-05 8.29e-05 3.325e-05 5.565e-05 3.505e-05 5.895e-05 1.02e-05 8.05e-06 9.45e-06 3.17e-05 7.3e-06 5.3e-06 3.285e-05 3.255e-05 8.45e-06 6.3e-06 5.25e-06 5.535e-05 9.35e-06 5.715e-05 3.34e-05 3.355e-05 9.8e-06 3.34e-05 5.3e-06 3.635e-05 2.765e-05 4.375e-05 4.02e-05 9.45e-06 3.095e-05 8.05e-06 3.155e-05 5.4e-06 6.115e-05 4.61e-05 1.12e-05 9.5e-06 4.05e-06 3.345e-05 1.38e-05 5.815e-05 7.05e-06 8.25e-06 5.955e-05 5.685e-05 6.55e-06
36 8.3e-06 3.295e-05 2.45e-06 9e-06 4.175e-05 7.3e-06 8.15e-06 7.4e-06 2.78e-05 4.04e-05 7.95e-06 4.31e-05 5.785e-05 4.05e-06 5e-06 5.755e-05 5.19e-05 5.75e-05 5.765e-05 5.635e-05 5.72e-05 5.6e-06 7.4e-06 4.5e-06 5.8e-06 2.89e-05 9.05e-06 3.245e-05 5.35e-06 4.4e-06 3.28e-05 5.3e-06 6.3e-06 7.95e-06 4.9e-06 5.7e-06 4.7e-06 3.85e-06 5.2e-05 3.105e-05 1.19e-05 5.89e-05 9.31e-05 8.75e-06 8.55e-06 9.6e-06 4.345e-05 1.23e-05 5.92e-05 4.5e-05 8.07e-05 3.125e-05 5.63e-05 3.51e-05 5.84e-05 9.75e-06 8.05e-06 9e-06 3.185e-05 5.75e-06 5.25e-06 3.3e-05 3.085e-05 7e-06 4.9e-06 4.7e-06 5.61e-05 7.5e-06 5.53e-05 3.17e-05 3.33e-05 6.7e-06 3.17e-05 5.05e-06 3.6e-05 2.78e-05 4.21e-05 3.795e-05 7.6e-06 2.775e-05 6.15e-06 3.17e-05 3.7e-06 6.03e-05 4.425e-05 1.01e-05 8.35e-06 6.05e-06 3.175e-05 1.21e-05 5.935e-05 7.45e-06 6.95e-06 5.96e-05 5.65e-05 6.45e-06
37 7.6e-06 3.255e-05 3.85e-06 7.45e-06 4.075e-05 5.9e-06 6.9e-06 7.55e-06 2.775e-05 4.08e-05 7e-06 4.295e-05 5.8e-05 4e-06 3.9e-06 5.65e-05 5.21e-05 5.645e-05 5.78e-05 5.63e-05 5.65e-05 4.65e-06 7.5e-06 2.75e-06 5.7e-06 2.78e-05 8.8e-06 3.165e-05 4.4e-06 3.3e-06 3.295e-05 4.9e-06 4.7e-06 7.9e-06 6.15e-06 5.2e-06 3.85e-06 4.5e-06 5.215e-05 3.03e-05 1.14e-05 5.87e-05 9.32e-05 7.05e-06 6.8e-06 9.5e-06 4.34e-05 1.2e-05 5.935e-05 4.52e-05 8.09e-05 3.18e-05 5.635e-05 3.43e-05 5.795e-05 9.4e-06 6.8e-06 7.55e-06 3.035e-05 5.65e-06 4.25e-06 3.195e-05 3.09e-05 6.65e-06 4.2e-06 4.95e-06 5.535e-05 7.35e-06 5.515e-05 3.14e-05 3.255e-05 8.25e-06 3.145e-05 5.3e-06 3.57e-05 2.605e-05 4.16e-05 3.81e-05 7.4e-06 2.825e-05 7.3e-06 3.04e-05 3.65e-06 5.98e-05 4.505e-05 9.9e-06 8.35e-06 6.25e-06 3.145e-05 1.22e-05 5.93e-05 7.6e-06 7.3e-06 5.91e-05 5.475e-05 4.9e-06
38 5.555e-05 5.61e-05 5.2e-05 5.59e-05 5.44e-05 5.45e-05 5.635e-05 5.555e-05 5.16e-05 5.41e-05 5.53e-05 5.705e-05 7.11e-05 5.25e-05 5.325e-05 6.98e-05 4.985e-05 6.975e-05 7.165e-05 6.97e-05 7.035e-05 5.3e-05 5.52e-05 5.215e-05 5.405e-05 5.225e-05 5.755e-05 5.69e-05 5.36e-05 5.16e-05 5.73e-05 5.315e-05 5.345e-05 5.63e-05 5.335e-05 5.37e-05 5.2e-05 5.215e-05 9.92e-05 5.465e-05 5.955e-05 7.17e-05 7.15e-05 5.575e-05 5.595e-05 5.765e-05 5.645e-05 5.905e-05 7.255e-05 5.78e-05 6.835e-05 5.31e-05 6.965e-05 5.885e-05 7.135e-05 5.745e-05 5.51e-05 5.59e-05 5.51e-05 5.4e-05 5.3e-05 5.62e-05 5.45e-05 5.545e-05 5.33e-05 5.415e-05 6.815e-05 5.545e-05 6.925e-05 5.685e-05 5.745e-05 5.49e-05 5.685e-05 5.45e-05 5.985e-05 5.11e-05 5.525e-05 5.11e-05 5.555e-05 5.07e-05 5.485e-05 5.51e-05 5.205e-05 7.295e-05 5.735e-05 5.75e-05 5.64e-05 5.54e-05 5.69e-05 5.91e-05 7.27e-05 5.56e-05 5.55e-05 7.175e-05 6.95e-05 5.365e-05
39 3.155e-05 3.065e-05 3.105e-05 3.21e-05 5.65e-05 3.225e-05 3.22e-05 3.355e-05 3.03e-05 5.685e-05 3.105e-05 5.87e-05 7.14e-05 3.09e-05 3.055e-05 6.965e-05 5.49e-05 6.96e-05 7.2e-05 7.12e-05 7.02e-05 3.11e-05 3.33e-05 2.955e-05 3.245e-05 3.05e-05 3.395e-05 3.135e-05 3.145e-05 2.93e-05 3.2e-05 3.13e-05 3.105e-05 3.43e-05 3.185e-05 3.185e-05 3.105e-05 3.03e-05 5.465e-05 5.78e-05 3.425e-05 7.205e-05 9.62e-05 3.17e-05 3.21e-05 3.41e-05 5.71e-05 3.22e-05 7.08e-05 5.855e-05 9.505e-05 5.75e-05 6.995e-05 3.195e-05 7.165e-05 3.27e-05 3.135e-05 3.21e-05 2.955e-05 3.24e-05 3.08e-05 3.045e-05 3.185e-05 3.22e-05 3.13e-05 3.255e-05 6.86e-05 3.23e-05 7e-05 3.215e-05 3.265e-05 3.195e-05 3.215e-05 3.29e-05 3.315e-05 2.95e-05 5.61e-05 5.575e-05 3.24e-05 5.55e-05 3.195e-05 2.965e-05 3.045e-05 7.17e-05 5.845e-05 3.34e-05 3.24e-05 3.34e-05 3.22e-05 3.395e-05 7.11e-05 3.36e-05 3.2e-05 7.025e-05 6.955e-05 3.11e-05
40 1.34e-05 3.53e-05 1.19e-05 1.32e-05 4.545e-05 1.2e-05 9.8e-06 1.125e-05 3.385e-05 4.565e-05 1.27e-05 4.365e-05 5.885e-05 1.19e-05 1.185e-05 5.88e-05 5.955e-05 5.875e-05 5.67e-05 5.62e-05 5.92e-05 1.28e-05 1.25e-05 1.15e-05 1.205e-05 3.42e-05 1.025e-05 3.54e-05 1.055e-05 1.185e-05 3.215e-05 1.085e-05 1.235e-05 1.01e-05 1.29e-05 9.7e-06 1.19e-05 1.14e-05 5.955e-05 3.425e-05 1.49e-05 5.925e-05 9.22e-05 1.26e-05 1.225e-05 1.125e-05 4.6e-05 1.215e-05 6.005e-05 4.64e-05 8.425e-05 3.805e-05 5.7e-05 3.48e-05 5.855e-05 9.55e-06 1.225e-05 1.32e-05 3.415e-05 1.2e-05 1.175e-05 3.5e-05 3.545e-05 1.22e-05 1.225e-05 9.65e-06 5.81e-05 1.325e-05 5.855e-05 3.53e-05 3.565e-05 1.24e-05 3.53e-05 9.65e-06 3.615e-05 3.335e-05 4.495e-05 4.575e-05 1.335e-05 3.74e-05 1.21e-05 3.41e-05 1.145e-05 5.995e-05 4.58e-05 1.325e-05 1.32e-05 8.6e-06 3.535e-05 1.51e-05 5.655e-05 1.125e-05 1.225e-05 5.9e-05 5.795e-05 1.26e-05
41 5.74e-05 7.21e-05 5.89e-05 5.74e-05 5.79e-05 5.655e-05 5.925e-05 5.715e-05 7.195e-05 5.83e-05 5.82e-05 5.8e-05 5.52e-05 5.87e-05 5.88e-05 5.695e-05 7.175e-05 5.69e-05 5.7e-05 5.855e-05 5.655e-05 5.81e-05 5.7e-05 5.83e-05 5.68e-05 7.115e-05 5.975e-05 7.315e-05 5.895e-05 5.855e-05 7.28e-05 5.93e-05 5.825e-05 5.755e-05 5.85e-05 5.95e-05 5.89e-05 5.87e-05 7.17e-05 7.205e-05 5.925e-05 0.0001089 5.62e-05 5.83e-05 5.895e-05 5.835e-05 5.715e-05 5.79e-05 5.685e-05 5.845e-05 5.74e-05 5.665e-05 5.805e-05 7.28e-05 5.51e-05 5.875e-05 5.835e-05 5.74e-05 7.215e-05 5.675e-05 5.88e-05 7.145e-05 7.075e-05 5.91e-05 5.835e-05 5.925e-05 5.775e-05 5.765e-05 5.68e-05 7.345e-05 7.335e-05 5.885e-05 7.345e-05 5.96e-05 7.32e-05 7.15e-05 5.765e-05 5.875e-05 5.775e-05 5.875e-05 5.865e-05 7.2e-05 5.825e-05 5.615e-05 5.58e-05 5.65e-05 5.895e-05 6e-05 7.35e-05 5.675e-05 5.86e-05 5.705e-05 5.895e-05 5.73e-05 5.705e-05 5.8e-05
42 9.04e-05 9.565e-05 9.31e-05 9.01e-05 5.51e-05 9.355e-05 9.48e-05 9.42e-05 9.75e-05 5.565e-05 9.055e-05 5.635e-05 5.65e-05 9.275e-05 9.35e-05 5.585e-05 7.16e-05 5.58e-05 5.72e-05 5.82e-05 5.58e-05 9.275e-05 9.4e-05 9.295e-05 9.395e-05 9.71e-05 9.185e-05 9.725e-05 9.335e-05 9.325e-05 9.8e-05 9.365e-05 9.23e-05 9.495e-05 9.225e-05 9.43e-05 9.31e-05 9.32e-05 7.15e-05 9.62e-05 9.22e-05 5.62e-05 3.44e-05 9.035e-05 9.06e-05 9.145e-05 5.55e-05 8.685e-05 5.37e-05 5.295e-05 3.01e-05 6.805e-05 5.64e-05 9.37e-05 5.605e-05 9.135e-05 9.02e-05 9.01e-05 9.6e-05 9.39e-05 9.325e-05 9.59e-05 9.435e-05 9.09e-05 9.335e-05 9.51e-05 5.6e-05 9.05e-05 5.575e-05 9.74e-05 9.705e-05 8.89e-05 9.74e-05 9.545e-05 9.45e-05 9.695e-05 5.54e-05 5.895e-05 9.06e-05 6.765e-05 9.01e-05 9.585e-05 9.23e-05 5.28e-05 5.64e-05 9.135e-05 9.115e-05 9.48e-05 9.745e-05 8.77e-05 5.81e-05 9.425e-05 9.095e-05 5.33e-05 5.535e-05 9.31e-05
