 slim_337486609 slim_337486606 slim_337486623 slim_337486604 slim_337486535 slim_337486575 slim_337486504 slim_337486594 slim_337486532 slim_337486635 slim_337486614 slim_337486401 slim_337486560 slim_337486563 slim_337486472 slim_337486597 slim_337486625 slim_337486426 slim_337486636 slim_337486634 slim_337486531 slim_337486549 slim_337486503 slim_337486571 slim_337486507 slim_337486369 slim_337486631 slim_337486467 slim_337486514 slim_337486567 slim_337486632 slim_337486405 slim_337486512 slim_337486444 slim_337486591 slim_337486528 slim_337486572 slim_337486316 slim_337486630 slim_337486516 slim_337486393 slim_337486077 slim_337486454 slim_337486616 slim_337486526 slim_337486485 slim_337486442 slim_337486600 slim_337486233 slim_337486574 slim_337486593 slim_337486556 slim_337486582 slim_337486586 slim_337486599 slim_337486386 slim_337486303 slim_337486439 slim_337486592 slim_337486304 slim_337486469 slim_337486321 slim_337486545 slim_337486478 slim_337486562 slim_337486627 slim_337486542 slim_337486588 slim_337486527 slim_337486602 slim_337486622 slim_337486498 slim_337486403 slim_337486596 slim_337486612 slim_337486577 slim_337486491 slim_337486410 slim_337486506 slim_337486617 slim_337486420 slim_337486608 slim_337486587 slim_337486508 slim_337486534 slim_337486603 slim_337486555 slim_337486390 slim_337486611 slim_337486533 slim_337486569 slim_337486615 slim_337486265 slim_337486477 slim_337486626 slim_337486624 slim_337486476 slim_337486633 slim_337486595 slim_337486610
0 0.0004665 0.00044625 0.00030595 0.00027195 0.00041835 0.00031315 0.00046525 0.0002728 0.0004079 0.00039505 0.0004022 0.00043635 0.0003239 0.000339 0.0004336 0.00025835 0.0004762 0.0003566 0.00023635 0.000351 0.0002352 0.00038485 0.00033245 0.0003949 0.00037775 0.0004292 0.00044895 0.00043605 0.0004832 0.00041075 0.0003938 0.0005304 0.0006009 0.0003706 0.00037305 0.00028625 0.00050525 0.0005521 0.00036995 0.0003127 0.00037325 0.00032335 0.0005012 0.00037455 0.00037305 0.00041185 0.0004995 0.0002866 0.0002928 0.0003781 0.000272 0.0004706 0.00029565 0.00051155 0.0004732 0.00035085 0.00028535 0.0004503 0.00027205 0.000501 0.0005665 0.0003886 0.00050105 0.0004223 0.0003793 0.0003101 0.00029295 0.0003845 0.00028205 0.00045075 0.0002349 0.0002847 0.00052915 0.00029435 0.00037375 0.00038435 0.00037475 0.00033755 0.00027285 0.000272 0.00037325 0.00041815 0.0002723 0.00050975 0.0002587 0.00036375 0.0003336 0.0005304 0.0004181 0.00036405 0.00050135 0.00029545 0.0003505 0.00030905 0.00031015 0.00029415 0.0002952 0.00044625 0.00042875 0.00039715
1 0.00044625 0.0006226 0.0004554 0.0004208 0.00036095 0.0004499 0.00047015 0.00042415 0.0004158 0.00037655 0.00046545 0.00041905 0.000427 0.0003816 0.00046715 0.0004093 0.00058755 0.00040205 0.0004337 0.00042395 0.00044185 0.0003803 0.0004725 0.00037655 0.0004751 0.00042665 0.00045035 0.0003834 0.00040395 0.00047555 0.00040365 0.00031745 0.00051575 0.00032305 0.0004154 0.00044475 0.00057915 0.0004009 0.0004411 0.0004495 0.0004189 0.0004266 0.0003579 0.0003806 0.0004154 0.00035795 0.00041055 0.00044435 0.0004007 0.0004749 0.00042425 0.00052405 0.0003803 0.0005155 0.0003796 0.00042605 0.0004524 0.00058485 0.0004242 0.0003582 0.0005622 0.00040155 0.00057715 0.00038135 0.00038275 0.0003841 0.00042715 0.0003808 0.00041685 0.00058465 0.0004416 0.00045255 0.00058435 0.0004982 0.0004177 0.0003773 0.00047585 0.00039165 0.00042315 0.0004206 0.0004979 0.00036095 0.0004243 0.00038115 0.0003809 0.00044205 0.0004195 0.00031745 0.00033285 0.00045255 0.00058775 0.0003807 0.0003768 0.0003917 0.00039165 0.00049805 0.00038055 0.0003119 0.00047785 0.0003786
2 0.00030595 0.0004554 0.0001734 0.0003628 0.00039285 0.0003131 0.0004744 0.00018445 0.00032525 0.00033275 0.0003803 0.0003631 0.0001641 0.00027205 0.000325 0.00016955 0.0004165 0.0002762 0.0001547 0.00036945 0.0001415 0.00034145 0.000217 0.000333 0.0003024 0.0005428 0.0004474 0.00032055 0.00043025 0.0003906 0.00033095 0.0005494 0.00065005 0.00035445 0.00047075 0.0001212 0.0005206 0.0005524 0.0002687 0.0003127 0.00029285 0.00016435 0.00057165 0.000427 0.00047075 0.0004724 0.00038175 0.00012075 0.0002738 0.0003022 0.0001846 0.00042295 0.0002419 0.0005508 0.0005066 0.00035955 0.00010765 0.00043705 0.0001848 0.00057145 0.00066725 0.00041475 0.00058765 0.00042055 0.000514 0.0002541 0.0001639 0.0003412 0.00024675 0.0004368 0.00014125 0.00010765 0.00062145 0.0001604 0.000294 0.0005191 0.0002793 0.00022985 0.00018585 0.0003626 0.000345 0.00039285 0.00018465 0.00055455 0.0002741 0.00046355 0.00022615 0.0005494 0.0003902 0.00029275 0.00041675 0.0002422 0.00032755 0.00024045 0.0002314 0.00016025 0.00024195 0.0004554 0.00028215 0.0003349
3 0.00027195 0.0004208 0.0003628 0.0005039 0.00039585 0.0003518 0.00044735 0.00027225 0.00040725 0.00034275 0.0004028 0.000467 0.00032325 0.00032495 0.00043895 0.00029645 0.00047655 0.00036235 0.00029175 0.00033155 0.00029195 0.0004162 0.000332 0.0003425 0.00043515 0.0004111 0.00039245 0.0004667 0.00045675 0.00041165 0.0003373 0.00053905 0.00057535 0.00034535 0.0003591 0.00034265 0.00048715 0.00049625 0.00042685 0.00035145 0.000379 0.0003226 0.00047575 0.00035645 0.0003591 0.00035635 0.0005048 0.00034265 0.00031215 0.00043515 0.00027225 0.0004716 0.00029645 0.00045595 0.00042215 0.0003503 0.00034245 0.0004515 0.000272 0.00047555 0.00051075 0.00033195 0.0004826 0.0004384 0.000395 0.00034075 0.00029255 0.0004159 0.00028245 0.00045135 0.0002917 0.0003425 0.00051095 0.00035205 0.00037765 0.0003959 0.0004322 0.00033835 0.00027105 0.00025225 0.00041155 0.0003955 0.00027235 0.000492 0.00028975 0.0003828 0.0003333 0.00053905 0.00036705 0.00040235 0.0005022 0.00029675 0.0003325 0.00034075 0.0003406 0.0003519 0.0002965 0.0004208 0.00048575 0.00038365
4 0.00041835 0.00036095 0.00039285 0.00039585 0.0006821 0.000422 0.0005016 0.00036405 0.0003636 0.00037175 0.0004668 0.00040415 0.0003674 0.000354 0.00045945 0.000377 0.0005695 0.00039455 0.00038605 0.000399 0.00038675 0.0003659 0.0004129 0.000372 0.00042025 0.0004624 0.00045375 0.0003685 0.00039145 0.0004763 0.00040795 0.0003428 0.00054485 0.0003641 0.00044235 0.00038965 0.00059135 0.00045215 0.00038595 0.0004216 0.0004112 0.00036725 0.00040655 0.000417 0.00044235 0.00042335 0.00041065 0.0003895 0.00039915 0.00042005 0.0003644 0.000525 0.0003817 0.0005614 0.0004354 0.000427 0.0003896 0.00056655 0.0003646 0.00040635 0.0006074 0.00040495 0.0005935 0.00039015 0.00039535 0.0003688 0.000367 0.00036565 0.00036485 0.0005661 0.0003865 0.00039 0.0006007 0.00043565 0.0004102 0.0003968 0.00042095 0.0003934 0.0003635 0.00039565 0.00047 0.0003417 0.00036445 0.0004169 0.0003656 0.0004488 0.00036775 0.0003429 0.00038965 0.00042465 0.00056945 0.00038245 0.00040905 0.000369 0.00036855 0.0004355 0.0003822 0.00036095 0.000423 0.0004014
5 0.00031315 0.0004499 0.0003131 0.0003518 0.000422 0.0006098 0.0005122 0.00034475 0.00041145 0.00041915 0.0004617 0.00042725 0.000348 0.0003631 0.0004458 0.00031335 0.00050185 0.00038015 0.0003086 0.0003437 0.00030685 0.00038795 0.00039275 0.00041905 0.00040625 0.0004219 0.00050955 0.0003916 0.0004752 0.00047105 0.0004544 0.00046545 0.00058035 0.00039475 0.0004048 0.0003103 0.00053965 0.00055575 0.0003734 0.00030505 0.0003968 0.0003475 0.00050485 0.00036725 0.0004048 0.0004841 0.00045525 0.00031075 0.00035115 0.00040665 0.00034415 0.00051925 0.0003677 0.0005596 0.00049735 0.0004231 0.00030925 0.00049775 0.0003437 0.00050465 0.0006145 0.00046085 0.00050145 0.00042555 0.00039055 0.00033415 0.0003482 0.0003879 0.0003537 0.00049855 0.0003069 0.0003085 0.00049765 0.00035405 0.0003979 0.0003956 0.00040695 0.00037895 0.00034505 0.0003518 0.0003539 0.0004217 0.00034385 0.00043385 0.0003307 0.0003087 0.00035775 0.00046545 0.00044225 0.0003085 0.0005012 0.0003671 0.0004108 0.00033305 0.0003343 0.0003542 0.00036685 0.0004499 0.00040975 0.0004043
6 0.00046525 0.00047015 0.0004744 0.00044735 0.0005016 0.0005122 0.0004406 0.00043135 0.00054985 0.00041495 0.00035435 0.0004733 0.0004626 0.00041975 0.0003682 0.0003939 0.0004406 0.0004329 0.0004496 0.0004938 0.00044955 0.0005192 0.0003665 0.00041495 0.0004943 0.00046235 0.0003172 0.0005502 0.0004364 0.00033515 0.0003174 0.00058915 0.00051335 0.0003827 0.000449 0.0004808 0.0003291 0.0005088 0.0005679 0.0005118 0.000433 0.0004622 0.00046975 0.00046305 0.000449 0.000351 0.0005515 0.0004806 0.00028545 0.0004944 0.0004313 0.0002701 0.00040015 0.0003944 0.0003836 0.000399 0.0004804 0.0004437 0.00043125 0.0004696 0.0003942 0.00038175 0.00047215 0.0003919 0.0005352 0.000432 0.00042535 0.00051905 0.0004314 0.00044365 0.0004493 0.0004804 0.000506 0.00038465 0.0004321 0.00053505 0.00049065 0.0004139 0.0004305 0.00044715 0.00044715 0.00050145 0.00043135 0.00058185 0.00040045 0.0005405 0.0004626 0.00058915 0.00038385 0.0005432 0.00047495 0.00040035 0.00030525 0.00043165 0.00043215 0.0003845 0.0004001 0.0004702 0.0005254 0.00037765
7 0.0002728 0.00042415 0.00018445 0.00027225 0.00036405 0.00034475 0.00043135 0.0001158 0.0003174 0.00028005 0.00033095 0.0004615 0.0001639 0.0002574 0.0003857 0.0001231 0.00039465 0.0002813 8.62e-05 0.00034375 7.34e-05 0.000366 0.00014765 0.0002807 0.00030165 0.0005187 0.00032225 0.00047 0.0004529 0.00032285 0.000206 0.00066985 0.00067405 0.0003298 0.00051025 0.0001772 0.00047745 0.0004905 0.0003183 0.0003444 0.0002978 0.000164 0.0005402 0.0004031 0.00051025 0.0002933 0.0005041 0.0001778 0.00021205 0.00030155 5.91e-05 0.0004108 0.0001184 0.0004272 0.0004559 0.00023545 0.00016295 0.00036905 5.97e-05 0.00053995 0.00054305 0.0002337 0.0006251 0.0004385 0.000577 0.0002846 7.905e-05 0.0003655 0.000122 0.00036775 7.315e-05 0.00016405 0.00065285 0.00014845 0.00029835 0.00057795 0.0002748 0.00021995 5.975e-05 0.00027205 0.00043245 0.00036365 5.93e-05 0.00064855 0.0001805 0.0006007 0.00022655 0.00066985 0.0003397 0.0004484 0.00047285 0.0001189 0.0002609 0.00027165 0.00026165 0.0001483 0.00011865 0.0004241 0.00040535 0.0003614
8 0.0004079 0.0004158 0.00032525 0.00040725 0.0003636 0.00041145 0.00054985 0.0003174 0.0006332 0.0003809 0.00045925 0.0004042 0.00032145 0.0003581 0.00044645 0.0003653 0.00054625 0.0003818 0.0003188 0.0004104 0.00031885 0.00036555 0.0003661 0.0003811 0.0003515 0.00051225 0.00046785 0.00036855 0.0004129 0.0004682 0.00041695 0.00041045 0.0005889 0.0004189 0.00048755 0.00032175 0.00062415 0.0004836 0.0003176 0.00041115 0.0003983 0.00032125 0.0004665 0.000462 0.00048755 0.00047055 0.00039775 0.0003223 0.00044385 0.0003515 0.00031775 0.0005165 0.00036905 0.000593 0.0004832 0.0004205 0.00032095 0.0005427 0.0003179 0.00046625 0.00064355 0.000419 0.00062775 0.00044655 0.0004532 0.0003686 0.00032095 0.000365 0.0003188 0.00054225 0.0003186 0.00032145 0.00063495 0.000367 0.0003988 0.00045425 0.00035235 0.0003803 0.00031835 0.00040705 0.00045945 0.000363 0.0003177 0.00046155 0.0003654 0.00049645 0.0003224 0.0004103 0.00043235 0.0004141 0.0005456 0.00036935 0.0004526 0.00036865 0.00036835 0.00036685 0.0003691 0.00041575 0.00035415 0.00044535
9 0.00039505 0.00037655 0.00033275 0.00034275 0.00037175 0.00041915 0.00041495 0.00028005 0.0003809 0.0004554 0.000375 0.0004549 0.0002803 0.0002661 0.00034245 0.00032845 0.0004718 0.00028045 0.0003591 0.0003664 0.00034625 0.0004197 0.000326 0.0002281 0.0004672 0.00042495 0.00033265 0.0004191 0.0004126 0.0003848 0.00028295 0.0005103 0.0005584 0.00027865 0.00035915 0.00034575 0.00050225 0.0004086 0.00043355 0.0004188 0.00029725 0.0002805 0.00042605 0.0003759 0.00035915 0.00029635 0.00039775 0.00034575 0.00035865 0.0004672 0.0002804 0.00043005 0.00028985 0.00042875 0.0002869 0.0003393 0.0003325 0.0004722 0.00028075 0.0004258 0.0004781 0.00028685 0.0005266 0.0004549 0.0004857 0.00033535 0.0002807 0.00041945 0.0002981 0.00047175 0.000346 0.00033255 0.0005576 0.00037855 0.000297 0.0004814 0.00046795 0.00029805 0.00028025 0.00034255 0.00046415 0.0003714 0.0002806 0.00046875 0.00033555 0.00047345 0.00029775 0.0005103 0.00023725 0.0004188 0.0004717 0.0002901 0.00032195 0.0003218 0.00031905 0.0003784 0.00028985 0.0003765 0.0004669 0.00029295
10 0.0004022 0.00046545 0.0003803 0.0004028 0.0004668 0.0004617 0.00035435 0.00033095 0.00045925 0.000375 0.0006562 0.0004648 0.00037425 0.0003751 0.0003862 0.0003499 0.0004515 0.00037445 0.00033 0.0004618 0.00033035 0.0004661 0.00034265 0.000375 0.0004372 0.00046015 0.0003423 0.00050905 0.00047855 0.00034145 0.00034225 0.0006017 0.00057675 0.00038085 0.0004463 0.00037415 0.000454 0.00048805 0.00045855 0.0004613 0.00037455 0.0003743 0.0004653 0.00046095 0.0004463 0.0003289 0.00050275 0.00037335 0.00035595 0.00043695 0.000331 0.00035335 0.0003295 0.0004405 0.0003738 0.00032975 0.00037425 0.0004414 0.00033095 0.00046515 0.00044025 0.0003301 0.00054115 0.0004533 0.0005378 0.00038155 0.00033755 0.00046595 0.000331 0.00044125 0.0003301 0.00037415 0.000572 0.0003423 0.00037455 0.0005377 0.0004338 0.00036355 0.0003311 0.0004026 0.0004731 0.0004668 0.00033105 0.00058985 0.00033745 0.0005613 0.00037415 0.0006017 0.0003738 0.00050545 0.0004852 0.00032995 0.0003454 0.0003814 0.00038185 0.00034215 0.0003297 0.0004655 0.00048105 0.00039415
11 0.00043635 0.00041905 0.0003631 0.000467 0.00040415 0.00042725 0.0004733 0.0004615 0.0004042 0.0004549 0.0004648 0.0006292 0.00040355 0.0004045 0.00041325 0.00042655 0.00057275 0.0004243 0.0004318 0.0004574 0.0004314 0.0003729 0.00043345 0.0004549 0.00040275 0.00051865 0.00052575 0.00031475 0.0003757 0.00049495 0.00047955 0.0003153 0.00052665 0.00041875 0.00044675 0.00037435 0.0005632 0.0005411 0.00037385 0.00042685 0.00044115 0.0004036 0.00046505 0.0004731 0.00044675 0.00056875 0.00038395 0.00037335 0.0004148 0.00040285 0.00046135 0.000467 0.0004768 0.00063055 0.0005164 0.00052245 0.0003739 0.00058485 0.0004613 0.0004647 0.00067655 0.0005532 0.00057065 0.00036195 0.00037875 0.00037365 0.00045165 0.0003727 0.00046205 0.0005849 0.00043115 0.0003736 0.0005807 0.00040305 0.0004408 0.00037835 0.00040315 0.0004205 0.0004611 0.0004668 0.0003991 0.00040395 0.0004614 0.00041585 0.0004304 0.0004129 0.00040415 0.00031525 0.00047025 0.00037015 0.0005278 0.00047685 0.00042625 0.0003725 0.0003738 0.0004029 0.0004766 0.0004189 0.00034575 0.0004369
12 0.0003239 0.000427 0.0001641 0.00032325 0.0003674 0.000348 0.0004626 0.0001639 0.00032145 0.0002803 0.00037425 0.00040355 0.0003261 0.00025785 0.0003431 0.00020815 0.0004296 0.00028125 0.00019085 0.0003469 0.00017815 0.0003691 0.0002097 0.00028055 0.0003561 0.0005217 0.00038425 0.00036775 0.00041365 0.00038475 0.0002678 0.0005716 0.0006343 0.00032925 0.0004566 0.00017765 0.00050855 0.0004936 0.00032245 0.00034765 0.0002979 0.00016375 0.00054325 0.0004059 0.0004566 0.00039745 0.00040335 0.0001769 0.0002861 0.0003561 0.00016425 0.00043 0.00022305 0.0004885 0.0004556 0.00033945 0.00016455 0.0004308 0.00016445 0.00054305 0.0006046 0.00033845 0.000582 0.00044665 0.0005265 0.0002847 0.00016435 0.00036885 0.00022695 0.00043035 0.0001779 0.0001646 0.000613 0.0002106 0.00029785 0.00052755 0.000333 0.0002312 0.0001643 0.00032305 0.000393 0.00036705 0.0001643 0.0005503 0.0002849 0.0004991 0.0002259 0.0005716 0.0003392 0.00034765 0.0004303 0.0002233 0.00030285 0.0002713 0.000262 0.00021045 0.00022305 0.000427 0.0003558 0.0003413
13 0.000339 0.0003816 0.00027205 0.00032495 0.000354 0.0003631 0.00041975 0.0002574 0.0003581 0.0002661 0.0003751 0.0004045 0.00025785 0.0004863 0.00034235 0.00027245 0.000472 0.0002804 0.00029845 0.0003486 0.00028535 0.00036905 0.00030315 0.0002663 0.0004061 0.00042975 0.00037065 0.0003687 0.00040015 0.00038455 0.00031595 0.0004646 0.00056855 0.00028375 0.0003641 0.00028485 0.00050715 0.00046425 0.00037245 0.00036275 0.0002971 0.000258 0.0004361 0.0003757 0.0003641 0.0003519 0.0003976 0.00028525 0.0003077 0.0004061 0.0002577 0.0004298 0.00028455 0.0004844 0.0003477 0.0003398 0.00027145 0.000472 0.00025785 0.00043585 0.00053875 0.00032485 0.0005315 0.000404 0.00043475 0.00028455 0.0002579 0.0003687 0.00027525 0.0004716 0.0002851 0.0002714 0.0005625 0.00031745 0.00029765 0.0004357 0.00040685 0.0002928 0.00025835 0.00032475 0.00040815 0.00035365 0.00025775 0.00046855 0.00028475 0.0004225 0.0002753 0.0004646 0.00029305 0.0003628 0.0004715 0.0002848 0.00032175 0.00027125 0.0002683 0.0003173 0.00028455 0.00038155 0.00040585 0.0002979
14 0.0004336 0.00046715 0.000325 0.00043895 0.00045945 0.0004458 0.0003682 0.0003857 0.00044645 0.00034245 0.0003862 0.00041325 0.0003431 0.00034235 0.0005869 0.00038215 0.0004572 0.0003371 0.00040835 0.00045065 0.00039435 0.000454 0.00034215 0.0003424 0.0004411 0.00049145 0.0003891 0.000411 0.00041625 0.00038305 0.0003561 0.00052725 0.00054425 0.00036605 0.00039035 0.00035125 0.00045565 0.0005128 0.0004414 0.0004454 0.00033685 0.000343 0.00049995 0.0004591 0.00039035 0.0004398 0.0003981 0.00035175 0.00037955 0.0004412 0.00038545 0.00034015 0.00039365 0.00048415 0.00038345 0.0004278 0.00033735 0.000471 0.00038535 0.0004997 0.00051695 0.00043155 0.00050225 0.00045075 0.0005072 0.00036665 0.0003729 0.0004535 0.00040265 0.00047115 0.0003941 0.0003369 0.00053605 0.0003369 0.0003383 0.000507 0.00044135 0.00035085 0.00038695 0.00043875 0.0004023 0.00045925 0.0003855 0.00051205 0.00040945 0.0004769 0.0003602 0.00052725 0.0003505 0.0004027 0.0004279 0.00039365 0.0003657 0.00035285 0.0003504 0.0003369 0.0003934 0.0004671 0.0003981 0.00033865
15 0.00025835 0.0004093 0.00016955 0.00029645 0.000377 0.00031335 0.0003939 0.0001231 0.0003653 0.00032845 0.0003499 0.00042655 0.00020815 0.00027245 0.00038215 0.0001687 0.0004032 0.00029065 0.00011265 0.00035095 9.94e-05 0.00034425 0.0001988 0.0003287 0.00031065 0.00049415 0.00038035 0.0004283 0.00045705 0.00034225 0.0002639 0.0005972 0.00065565 0.0003118 0.00047975 0.0001834 0.0004491 0.00052235 0.00032725 0.00031295 0.0003073 0.00020785 0.00052555 0.00037835 0.00047975 0.00033245 0.00049705 0.0001836 0.00013665 0.00031035 0.0001237 0.0004173 0.0001506 0.00046255 0.00047215 0.00026735 0.00016905 0.0003977 0.0001239 0.00052535 0.00057895 0.00030495 0.00059395 0.0003557 0.0005114 0.00026015 0.00012295 0.000344 0.0001859 0.000397 9.915e-05 0.0001698 0.0006245 0.00016095 0.0003073 0.00051645 0.0002838 0.00023195 0.0001238 0.00029625 0.00038795 0.00037695 0.00012375 0.00060695 0.00017585 0.00050945 0.00027025 0.0005972 0.00035575 0.000397 0.0004817 0.00015115 0.00023605 0.0002467 0.00023715 0.0001608 0.0001509 0.0004093 0.0003944 0.0003065
16 0.0004762 0.00058755 0.0004165 0.00047655 0.0005695 0.00050185 0.0004406 0.00039465 0.00054625 0.0004718 0.0004515 0.00057275 0.0004296 0.000472 0.0004572 0.0004032 0.0007276 0.0004715 0.0004132 0.00050175 0.00040385 0.00056875 0.0003802 0.0004718 0.0004956 0.0005543 0.00043355 0.0006036 0.0005549 0.000433 0.0003992 0.0007432 0.0005534 0.00049955 0.0005535 0.00043955 0.00038685 0.0005625 0.0005462 0.0005015 0.00047155 0.0004299 0.0006217 0.0005206 0.0005535 0.0004661 0.00059845 0.0004387 0.0004238 0.00049565 0.00039455 0.00041855 0.00041315 0.00039775 0.0005246 0.0004478 0.00043025 0.0003792 0.0003945 0.00062155 0.00043175 0.00044745 0.00046465 0.00055315 0.00065065 0.0004905 0.0003819 0.0005686 0.0004299 0.0003792 0.0004036 0.00042985 0.00048615 0.0003801 0.00047205 0.00065055 0.00048605 0.0004382 0.00039515 0.00047635 0.0004873 0.0005692 0.0003946 0.00066425 0.0004545 0.0005872 0.00046495 0.0007432 0.0004903 0.0005377 0.0004149 0.0004132 0.00044005 0.00048065 0.0004783 0.00037995 0.00041295 0.0005876 0.0005315 0.0004805
17 0.0003566 0.00040205 0.0002762 0.00036235 0.00039455 0.00038015 0.0004329 0.0002813 0.0003818 0.00028045 0.00037445 0.0004243 0.00028125 0.0002804 0.0003371 0.00029065 0.0004715 0.0005487 0.00030405 0.0003857 0.0002893 0.0003881 0.00032625 0.00028035 0.0004094 0.0004431 0.00038945 0.0003885 0.00043935 0.0003839 0.00033975 0.0005017 0.000584 0.00030395 0.00037315 0.00028935 0.0005204 0.0004645 0.0003766 0.00038005 0.00029115 0.0002811 0.00045155 0.00039405 0.00037315 0.0003519 0.00039255 0.0002899 0.00033935 0.0004098 0.0002807 0.00042905 0.00028905 0.0004844 0.000338 0.0003399 0.00027565 0.00047065 0.00028025 0.0004513 0.0005339 0.0003438 0.0005451 0.00043885 0.00047005 0.00030455 0.00028165 0.00038805 0.0002976 0.00047145 0.00028935 0.00027455 0.00057585 0.00032045 0.00029315 0.0004698 0.0004101 0.00029725 0.0002825 0.00036215 0.00042585 0.00039435 0.00028045 0.00048655 0.0003045 0.00045445 0.00029835 0.0005017 0.00028835 0.0003805 0.0004707 0.00028845 0.00034 0.0002903 0.0002886 0.0003206 0.0002882 0.000402 0.00040985 0.0003065
18 0.00023635 0.0004337 0.0001547 0.00029175 0.00038605 0.0003086 0.0004496 8.62e-05 0.0003188 0.0003591 0.00033 0.0004318 0.00019085 0.00029845 0.00040835 0.00011265 0.0004132 0.00030405 2e-07 0.0003635 1.61e-05 0.0003369 0.0001749 0.0003594 0.0002469 0.00051075 0.00037745 0.0004403 0.00047975 0.000322 0.000272 0.0006362 0.00069255 0.0003654 0.00052515 0.00011985 0.00051475 0.00053045 0.00026275 0.0003082 0.00032055 0.00019075 0.00053895 0.00040555 0.00052515 0.0003316 0.0005008 0.0001199 0.00022045 0.0002464 8.68e-05 0.00041065 0.00012765 0.00048485 0.0005065 0.00023405 0.00013475 0.00038805 8.705e-05 0.0005387 0.000591 0.000289 0.00063625 0.00042325 0.000536 0.0002541 0.0001054 0.0003364 0.00012225 0.00038735 1.585e-05 0.0001354 0.00066425 0.00011975 0.00032045 0.000541 0.0002201 0.00022965 8.68e-05 0.00029155 0.00039615 0.00038665 8.685e-05 0.00064155 0.00015005 0.00055665 0.0002262 0.0006362 0.0004011 0.0004121 0.0004918 0.00012895 0.00028925 0.0002686 0.00025745 0.0001196 0.0001287 0.00043365 0.0003505 0.0004023
19 0.000351 0.00042395 0.00036945 0.00033155 0.000399 0.0003437 0.0004938 0.00034375 0.0004104 0.0003664 0.0004618 0.0004574 0.0003469 0.0003486 0.00045065 0.00035095 0.00050175 0.0003857 0.0003635 0.0006474 0.0003634 0.00041905 0.0003918 0.00036615 0.00046345 0.0004033 0.00045255 0.00042175 0.00044825 0.00047145 0.0003974 0.0004736 0.0005543 0.000369 0.00039035 0.0003663 0.00052105 0.0004994 0.00042975 0.00034335 0.00040235 0.00034625 0.0004789 0.00034865 0.00039035 0.0004281 0.00045985 0.0003663 0.00037 0.00046345 0.0003437 0.00051975 0.00036795 0.0005035 0.0004458 0.00042205 0.00036585 0.00049875 0.0003434 0.0004787 0.0005583 0.0004037 0.0004825 0.00044115 0.00040575 0.0003644 0.0003473 0.00041875 0.0003539 0.00049865 0.00036315 0.00036585 0.00047895 0.00041155 0.0004013 0.00040675 0.0004642 0.00037925 0.0003428 0.00033155 0.0003918 0.00039865 0.0003438 0.0004156 0.0003612 0.00032735 0.00035695 0.0004736 0.0003907 0.00034645 0.00050165 0.0003682 0.0003923 0.0003641 0.00036425 0.0004114 0.00036795 0.00042395 0.00046625 0.0003903
20 0.0002352 0.00044185 0.0001415 0.00029195 0.00038675 0.00030685 0.00044955 7.34e-05 0.00031885 0.00034625 0.00033035 0.0004314 0.00017815 0.00028535 0.00039435 9.94e-05 0.00040385 0.0002893 1.61e-05 0.0003634 3.2e-05 0.0003354 0.0001615 0.0003463 0.00024505 0.00052395 0.0003786 0.0004399 0.00047995 0.0003221 0.00026775 0.0006488 0.00069615 0.0003604 0.00052475 0.00012035 0.0005052 0.0005386 0.00026215 0.00030675 0.0003058 0.0001778 0.0005525 0.00041355 0.00052475 0.0003405 0.00049985 0.00012115 0.00020685 0.00024515 7.32e-05 0.0004103 0.00012285 0.000484 0.0005069 0.00023535 0.0001208 0.00037745 7.29e-05 0.00055225 0.0005951 0.00029025 0.00063995 0.0004229 0.00054875 0.000254 9.315e-05 0.0003351 0.0001218 0.00037785 1.61e-05 0.00012045 0.0006677 0.00010465 0.00030765 0.00055375 0.0002182 0.00022455 7.485e-05 0.00029175 0.00039515 0.00038695 7.295e-05 0.000654 0.0001497 0.0005692 0.00022695 0.0006488 0.0003961 0.0004111 0.00048175 0.0001229 0.00028425 0.00025425 0.00024445 0.00010485 0.00012265 0.0004418 0.0003494 0.00038875
21 0.00038485 0.0003803 0.00034145 0.0004162 0.0003659 0.00038795 0.0005192 0.000366 0.00036555 0.0004197 0.0004661 0.0003729 0.0003691 0.00036905 0.000454 0.00034425 0.00056875 0.0003881 0.0003369 0.00041905 0.0003354 0.000666 0.00041415 0.00041965 0.00036775 0.00048035 0.0005068 0.00033725 0.00041365 0.0004757 0.00046065 0.00033395 0.00056465 0.0003837 0.000456 0.00033885 0.0006091 0.00050275 0.00033475 0.0003878 0.00040505 0.00036865 0.00042625 0.00043485 0.000456 0.0004737 0.0004053 0.000339 0.0003845 0.00036815 0.0003655 0.0005239 0.0003813 0.00061165 0.0004812 0.0004276 0.00033785 0.0005649 0.00036515 0.0004265 0.0006576 0.0004581 0.0006116 0.0003791 0.00038485 0.0003381 0.0003694 0.00033375 0.00036595 0.00056555 0.0003354 0.00033725 0.00061855 0.0003828 0.00040595 0.0003845 0.00036845 0.00039255 0.00036625 0.000416 0.00043665 0.0003657 0.0003653 0.0004343 0.0003346 0.0004345 0.0003697 0.00033395 0.0004351 0.0003913 0.00056835 0.0003808 0.0004268 0.0003367 0.00033795 0.0003829 0.00038055 0.00038075 0.0003712 0.0004148
22 0.00033245 0.0004725 0.000217 0.000332 0.0004129 0.00039275 0.0003665 0.00014765 0.0003661 0.000326 0.00034265 0.00043345 0.0002097 0.00030315 0.00034215 0.0001988 0.0003802 0.00032625 0.0001749 0.0003918 0.0001615 0.00041415 0.000293 0.00032565 0.0003158 0.000567 0.00032265 0.0004755 0.00041355 0.00032215 0.0002064 0.00067845 0.00063405 0.00037505 0.0005274 0.00022265 0.00041245 0.00053885 0.0003664 0.0003924 0.00034275 0.000209 0.00058855 0.0004514 0.0005274 0.0003814 0.00050945 0.00022335 0.0002357 0.0003158 0.00014755 0.0003219 0.00020645 0.00042695 0.00050115 0.0003236 0.00020885 0.0003685 0.00014725 0.0005883 0.00054285 0.00032235 0.000582 0.0004334 0.00059725 0.00032975 0.00015495 0.00041355 0.0002103 0.00036845 0.00016125 0.0002089 0.0006128 0.00014745 0.00034365 0.0005982 0.00028845 0.0002569 0.0001486 0.00033175 0.00039185 0.00041255 0.00014765 0.0006571 0.0002683 0.00060615 0.0002723 0.00067845 0.00038495 0.00045365 0.00042965 0.0002067 0.00026985 0.00031675 0.0003067 0.00014715 0.00020645 0.00047245 0.00037675 0.00039365
23 0.0003949 0.00037655 0.000333 0.0003425 0.000372 0.00041905 0.00041495 0.0002807 0.0003811 0.0002281 0.000375 0.0004549 0.00028055 0.0002663 0.0003424 0.0003287 0.0004718 0.00028035 0.0003594 0.00036615 0.0003463 0.00041965 0.00032565 0.0004554 0.00046705 0.00042495 0.0003329 0.0004191 0.00041285 0.00038475 0.0002832 0.0005103 0.0005584 0.00027865 0.00035915 0.0003458 0.00050225 0.0004086 0.0004334 0.0004187 0.00029715 0.00028025 0.00042605 0.0003759 0.00035915 0.00029635 0.0003976 0.0003459 0.00035865 0.00046705 0.00028065 0.00043 0.00028975 0.00042875 0.0002868 0.0003393 0.0003327 0.0004721 0.0002804 0.0004258 0.0004781 0.0002871 0.0005266 0.0004549 0.0004857 0.00033525 0.0002812 0.00041935 0.00029825 0.000472 0.00034605 0.00033235 0.0005576 0.0003784 0.000297 0.0004814 0.0004678 0.000298 0.00028065 0.00034225 0.0004641 0.00037165 0.00028075 0.00046875 0.00033545 0.00047345 0.000298 0.0005103 0.00023725 0.00041875 0.0004716 0.00029 0.00032195 0.0003218 0.000319 0.00037825 0.00028975 0.0003765 0.0004668 0.00029295
24 0.00037775 0.0004751 0.0003024 0.00043515 0.00042025 0.00040625 0.0004943 0.00030165 0.0003515 0.0004672 0.0004372 0.00040275 0.0003561 0.0004061 0.0004411 0.00031065 0.0004956 0.0004094 0.0002469 0.00046345 0.00024505 0.00036775 0.0003158 0.00046705 0.000486 0.00056415 0.000474 0.0004223 0.00043965 0.00041675 0.0004231 0.00048635 0.0006145 0.0004779 0.0005604 0.00029905 0.0005688 0.0005734 0.00029455 0.00040615 0.0004259 0.00035555 0.0005258 0.0005139 0.0005604 0.00050925 0.0004769 0.00030015 0.00038485 0.00024345 0.00030105 0.00043115 0.0003514 0.000598 0.000568 0.00040425 0.0002978 0.0004905 0.00030055 0.00052555 0.0006487 0.0004591 0.00064615 0.0004172 0.00049655 0.0003715 0.00030505 0.0003674 0.00030145 0.0004913 0.0002451 0.00029715 0.00065315 0.00025835 0.00042865 0.0005016 0.00024395 0.00039405 0.0003036 0.00043495 0.0004212 0.00041995 0.0003008 0.00056385 0.0003175 0.00056175 0.0003567 0.00048625 0.00051715 0.0004601 0.0005445 0.00035085 0.00044835 0.00037085 0.0003716 0.0002585 0.0003506 0.00047505 0.000297 0.0004926
25 0.0004292 0.00042665 0.0005428 0.0004111 0.0004624 0.0004219 0.00046235 0.0005187 0.00051225 0.00042495 0.00046015 0.00051865 0.0005217 0.00042975 0.00049145 0.00049415 0.0005543 0.0004431 0.00051075 0.0004033 0.00052395 0.00048035 0.000567 0.00042495 0.00056415 0.0006117 0.0004523 0.000483 0.0005107 0.00047015 0.00051355 0.0004238 0.00049455 0.0003847 0.0003355 0.00052685 0.0005433 0.0004581 0.00053025 0.0004215 0.0004432 0.0005213 0.0003652 0.0003681 0.0003355 0.0003678 0.00047935 0.00052665 0.0004831 0.00056395 0.00051875 0.00051865 0.0004829 0.00049745 0.0003281 0.00042075 0.0005396 0.0005514 0.0005187 0.00036505 0.0004361 0.0004035 0.00043945 0.0004731 0.00037265 0.00042545 0.0005217 0.0004802 0.0004662 0.00055125 0.0005237 0.0005397 0.00043575 0.00058535 0.0004421 0.0003725 0.00058865 0.00049435 0.00051775 0.00041095 0.0004699 0.0004624 0.0005188 0.0003754 0.00042225 0.0003098 0.00046905 0.0004238 0.0003894 0.00042455 0.0005543 0.00048335 0.00047705 0.0004383 0.0004484 0.0005852 0.0004831 0.0004267 0.0005669 0.00040055
26 0.00044895 0.00045035 0.0004474 0.00039245 0.00045375 0.00050955 0.0003172 0.00032225 0.00046785 0.00033265 0.0003423 0.00052575 0.00038425 0.00037065 0.0003891 0.00038035 0.00043355 0.00038945 0.00037745 0.00045255 0.0003786 0.0005068 0.00032265 0.0003329 0.000474 0.0004523 0.0005307 0.0005678 0.00044935 0.0003223 0.00026605 0.0006377 0.00054905 0.0003661 0.00045885 0.00043975 0.0004169 0.0004423 0.00052405 0.00050915 0.0003894 0.0003841 0.00044955 0.0004532 0.00045885 0.00026665 0.0005345 0.0004399 0.0003686 0.0004738 0.0003227 0.00032225 0.0003225 0.0003658 0.00033255 0.00032205 0.00044005 0.0004223 0.0003229 0.0004493 0.00036555 0.0002655 0.00052065 0.00048185 0.0005801 0.0004216 0.000329 0.0005064 0.0003226 0.00042175 0.00037835 0.00044055 0.0005517 0.0003794 0.0003889 0.00057585 0.0004707 0.00037345 0.0003223 0.00039225 0.000509 0.00045405 0.00032275 0.0005994 0.00036015 0.00060775 0.00038405 0.0006377 0.0003332 0.00057045 0.00048345 0.0003234 0.0003372 0.0004225 0.0004217 0.00037925 0.00032315 0.00045035 0.000535 0.00039075
27 0.00043605 0.0003834 0.00032055 0.0004667 0.0003685 0.0003916 0.0005502 0.00047 0.00036855 0.0004191 0.00050905 0.00031475 0.00036775 0.0003687 0.000411 0.0004283 0.0006036 0.0003885 0.0004403 0.00042175 0.0004399 0.00033725 0.0004755 0.0004191 0.0004223 0.000483 0.0005678 0.0004696 0.0003736 0.000537 0.0005216 0.0002355 0.00052455 0.00038295 0.00040215 0.00033855 0.0006401 0.00050545 0.0003382 0.0003912 0.00040535 0.00036795 0.0004294 0.00043745 0.00040215 0.00057725 0.000304 0.00033755 0.00045815 0.0004224 0.00046985 0.0005426 0.0004853 0.0006726 0.0004806 0.00053095 0.00033825 0.0006269 0.0004698 0.00042905 0.0007186 0.0005617 0.0005684 0.00038735 0.0003343 0.00033785 0.0004534 0.00033705 0.00047055 0.00062695 0.00043965 0.0003378 0.0005786 0.0004451 0.000405 0.0003339 0.00042675 0.0004033 0.0004696 0.0004665 0.000397 0.0003683 0.0004699 0.00033605 0.0004389 0.00033295 0.00036835 0.00023545 0.00043445 0.00029035 0.00052555 0.00048535 0.00046855 0.0003367 0.00033815 0.00044495 0.0004851 0.00038325 0.00032115 0.00039435
28 0.0004832 0.00040395 0.00043025 0.00045675 0.00039145 0.0004752 0.0004364 0.0004529 0.0004129 0.0004126 0.00047855 0.0003757 0.00041365 0.00040015 0.00041625 0.00045705 0.0005549 0.00043935 0.00047975 0.00044825 0.00047995 0.00041365 0.00041355 0.00041285 0.00043965 0.0005107 0.00044935 0.0003736 0.0006931 0.00047625 0.00040335 0.0003514 0.00049905 0.00040395 0.0004594 0.00044025 0.0005262 0.00049535 0.00043975 0.0004748 0.0004561 0.0004135 0.00044975 0.00046535 0.0004594 0.0005063 0.0004158 0.0004402 0.00042755 0.00043975 0.00045315 0.00043615 0.0004701 0.00055585 0.00047555 0.0005152 0.0004398 0.00056585 0.00045335 0.00044935 0.0006016 0.00048905 0.00055025 0.0003906 0.00042115 0.00041415 0.0004432 0.0004132 0.00045405 0.0005655 0.0004797 0.0004401 0.0005605 0.00044025 0.00045525 0.0004166 0.00044015 0.0004304 0.0004524 0.00045655 0.0004351 0.0003913 0.0004532 0.0004255 0.00045355 0.00045945 0.00041445 0.00035135 0.0004296 0.00043525 0.00052615 0.0004703 0.00041805 0.00041365 0.000414 0.0004401 0.00047005 0.00040375 0.0003998 0.00043355
29 0.00041075 0.00047555 0.0003906 0.00041165 0.0004763 0.00047105 0.00033515 0.00032285 0.0004682 0.0003848 0.00034145 0.00049495 0.00038475 0.00038455 0.00038305 0.00034225 0.000433 0.0003839 0.000322 0.00047145 0.0003221 0.0004757 0.00032215 0.00038475 0.00041675 0.00047015 0.0003223 0.000537 0.00047625 0.000641 0.0003229 0.0006289 0.00057455 0.0003911 0.00047265 0.00038325 0.00043495 0.0004979 0.0004669 0.00047065 0.00038385 0.0003843 0.00047475 0.00047105 0.00047265 0.0003218 0.0005292 0.00038375 0.00034905 0.00041655 0.00032285 0.0003208 0.0003215 0.00042125 0.0003833 0.0003222 0.00038285 0.0004214 0.00032275 0.00047455 0.00042105 0.00032205 0.00053905 0.0004656 0.00056425 0.00039075 0.00032955 0.00047525 0.00032255 0.0004213 0.00032185 0.000383 0.00056985 0.00032135 0.0003847 0.00056405 0.0004132 0.00037235 0.0003238 0.00041145 0.00047015 0.00047655 0.0003229 0.000617 0.0003293 0.00058855 0.00038435 0.0006289 0.000384 0.00053185 0.00048255 0.0003222 0.00035495 0.0003912 0.00039085 0.00032135 0.00032195 0.00047555 0.00047765 0.00040415
30 0.0003938 0.00040365 0.00033095 0.0003373 0.00040795 0.0004544 0.0003174 0.000206 0.00041695 0.00028295 0.00034225 0.00047955 0.0002678 0.00031595 0.0003561 0.0002639 0.0003992 0.00033975 0.000272 0.0003974 0.00026775 0.00046065 0.0002064 0.0002832 0.0004231 0.00051355 0.00026605 0.0005216 0.00040335 0.0003229 0.0002982 0.0006619 0.00058515 0.0003144 0.00048695 0.0003289 0.00038255 0.00043725 0.00047345 0.000454 0.0003564 0.00026765 0.0005204 0.00039735 0.00048695 0.0002661 0.00051515 0.00032885 0.00025195 0.0004229 0.00020645 0.00032265 0.00020585 0.00033095 0.0003997 0.00032245 0.0003238 0.00038815 0.00020665 0.0005202 0.00044785 0.0002661 0.0005476 0.0004356 0.00059515 0.000376 0.0002128 0.0004604 0.0002609 0.0003876 0.0002675 0.0003243 0.00057865 0.00026315 0.0003557 0.00059095 0.00039605 0.0002565 0.00020585 0.0003371 0.00045385 0.000408 0.0002065 0.00060395 0.00031455 0.0006137 0.00032215 0.0006619 0.0002828 0.0005153 0.0004493 0.00020645 0.00022005 0.0003712 0.00036085 0.000263 0.0002062 0.00040365 0.0004841 0.00035755
31 0.0005304 0.00031745 0.0005494 0.00053905 0.0003428 0.00046545 0.00058915 0.00066985 0.00041045 0.0005103 0.0006017 0.0003153 0.0005716 0.0004646 0.00052725 0.0005972 0.0007432 0.0005017 0.0006362 0.0004736 0.0006488 0.00033395 0.00067845 0.0005103 0.00048635 0.0004238 0.0006377 0.0002355 0.0003514 0.0006289 0.0006619 1.26e-05 0.00043505 0.00041795 0.0003878 0.00055085 0.0007228 0.0004641 0.00040205 0.00046505 0.00051855 0.0005712 0.00029305 0.00044865 0.0003878 0.00060345 0.0003112 0.0005504 0.00057105 0.00048645 0.00066975 0.00063755 0.0006445 0.0007456 0.00046075 0.0006188 0.00056315 0.00076255 0.0006697 0.0002927 0.0007212 0.00062855 0.0005798 0.00033095 0.00020305 0.0004223 0.00065635 0.0003338 0.0006088 0.00076255 0.00064855 0.0005631 0.0005662 0.00067005 0.0005172 0.00020305 0.0005146 0.0005656 0.0006685 0.00053885 0.0004739 0.0003427 0.0006698 0.00020255 0.00051995 0.00028255 0.00051055 6.7e-06 0.000485 0.00036725 0.0006646 0.0006446 0.00057485 0.00043435 0.0004451 0.0006699 0.00064435 0.000317 0.00038825 0.00045455
32 0.0006009 0.00051575 0.00065005 0.00057535 0.00054485 0.00058035 0.00051335 0.00067405 0.0005889 0.0005584 0.00057675 0.00052665 0.0006343 0.00056855 0.00054425 0.00065565 0.0005534 0.000584 0.00069255 0.0005543 0.00069615 0.00056465 0.00063405 0.0005584 0.0006145 0.00049455 0.00054905 0.00052455 0.00049905 0.00057455 0.00058515 0.00043505 0.0008581 0.0005286 0.0004855 0.00065645 0.0005033 0.0005155 0.00061475 0.00057995 0.0005841 0.0006339 0.00047945 0.0005313 0.0004855 0.0005654 0.000526 0.0006563 0.0006044 0.0006146 0.0006739 0.00053455 0.00065065 0.0005152 0.0004989 0.000614 0.0006598 0.00056445 0.00067385 0.0004791 0.00047895 0.00058855 0.0004469 0.0005213 0.00047145 0.00057425 0.00066425 0.0005643 0.0006475 0.00056445 0.0006959 0.0006597 0.00044465 0.00065985 0.00058375 0.00046575 0.0006288 0.00061085 0.00067365 0.00057515 0.00054025 0.00054465 0.00067395 0.0004515 0.00061365 0.00046265 0.0006078 0.000435 0.00053505 0.0005404 0.00052475 0.0006507 0.000577 0.0005774 0.0005846 0.0006597 0.00065045 0.0005156 0.00057465 0.00054015
33 0.0003706 0.00032305 0.00035445 0.00034535 0.0003641 0.00039475 0.0003827 0.0003298 0.0004189 0.00027865 0.00038085 0.00041875 0.00032925 0.00028375 0.00036605 0.0003118 0.00049955 0.00030395 0.0003654 0.000369 0.0003604 0.0003837 0.00037505 0.00027865 0.0004779 0.0003847 0.0003661 0.00038295 0.00040395 0.0003911 0.0003144 0.00041795 0.0005286 0.0004656 0.0003363 0.0003599 0.0004915 0.00041205 0.00044405 0.00039435 0.00032085 0.0003292 0.00037455 0.00033375 0.0003363 0.00028485 0.00041005 0.00035955 0.0003032 0.0004777 0.00032985 0.00043655 0.00029395 0.00043905 0.0002947 0.0003449 0.0003548 0.0005002 0.0003298 0.00037435 0.00049075 0.00032035 0.00050815 0.00038135 0.00040465 0.00029925 0.00032975 0.00038365 0.0003354 0.00050005 0.00036015 0.00035455 0.00053915 0.00040055 0.0003199 0.0003992 0.00047865 0.00030235 0.000329 0.00034515 0.0004397 0.0003641 0.0003299 0.0004236 0.00029945 0.00040255 0.0003347 0.0004179 0.00024305 0.00039435 0.0004997 0.0002944 0.0002875 0.0002935 0.0002945 0.0004004 0.00029415 0.00032305 0.0004776 0.0002776
34 0.00037305 0.0004154 0.00047075 0.0003591 0.00044235 0.0004048 0.000449 0.00051025 0.00048755 0.00035915 0.0004463 0.00044675 0.0004566 0.0003641 0.00039035 0.00047975 0.0005535 0.00037315 0.00052515 0.00039035 0.00052475 0.000456 0.0005274 0.00035915 0.0005604 0.0003355 0.00045885 0.00040215 0.0004594 0.00047265 0.00048695 0.0003878 0.0004855 0.0003363 0.0004437 0.0004712 0.0005303 0.00047015 0.0005018 0.0004044 0.00037305 0.00045655 0.0003871 0.0003641 0.000222 0.0004147 0.0003934 0.000471 0.00045595 0.0005605 0.0005101 0.0004899 0.0004836 0.0005131 0.0003044 0.00045445 0.0004709 0.00055395 0.00051005 0.0003869 0.0004848 0.0004411 0.0004028 0.0004557 0.0003049 0.0003776 0.00051045 0.0004558 0.00047475 0.000554 0.0005245 0.00047045 0.00043415 0.0005416 0.00037225 0.00030475 0.000585 0.00043225 0.00050935 0.00035915 0.00042185 0.00044215 0.00051015 0.0003469 0.00043085 0.0002535 0.00042115 0.0003878 0.00033255 0.00035135 0.0005004 0.00048365 0.0004283 0.0003768 0.00038425 0.00054145 0.0004834 0.0004154 0.00050705 0.0003286
35 0.00028625 0.00044475 0.0001212 0.00034265 0.00038965 0.0003103 0.0004808 0.0001772 0.00032175 0.00034575 0.00037415 0.00037435 0.00017765 0.00028485 0.00035125 0.0001834 0.00043955 0.00028935 0.00011985 0.0003663 0.00012035 0.00033885 0.00022265 0.0003458 0.00029905 0.00052685 0.00043975 0.00033855 0.00044025 0.00038325 0.0003289 0.00055085 0.00065645 0.0003599 0.0004712 0.0002395 0.00053645 0.0005415 0.0002651 0.00031 0.0003058 0.00017765 0.0005554 0.00041645 0.00047115 0.00044425 0.0003985 0.00012065 0.00028075 0.00029885 0.0001773 0.00042885 0.00022665 0.00054515 0.0005064 0.0003391 0.0001207 0.00043915 0.0001772 0.00055515 0.00065625 0.000394 0.00059695 0.00043145 0.0004986 0.0002534 0.0001771 0.00033835 0.0002261 0.00043905 0.0001202 0.0001202 0.000628 0.0001664 0.00030715 0.0005036 0.0002759 0.0002353 0.0001786 0.00034245 0.00035545 0.00038985 0.00017725 0.00055605 0.0002538 0.00046795 0.00022645 0.00055085 0.0003956 0.0003101 0.00043855 0.0002272 0.0003263 0.0002541 0.0002443 0.00016635 0.00022695 0.0004447 0.00029895 0.00036845
