 slim_337529664 slim_337529609 slim_337529610 slim_337529685 slim_337529636 slim_337529646 slim_337529673 slim_337529660 slim_337529551 slim_337529454 slim_337529680 slim_337529481 slim_337529436 slim_337529696 slim_337529691 slim_337529649 slim_337529670 slim_337529678 slim_337529589 slim_337529650 slim_337529529 slim_337529641 slim_337529468 slim_337529677 slim_337529640 slim_337529699 slim_337529679 slim_337529594 slim_337529603 slim_337529669 slim_337529684 slim_337529628 slim_337529651 slim_337529659 slim_337529552 slim_337529505 slim_337529690 slim_337529692 slim_337529354 slim_337529300 slim_337529621 slim_337529598 slim_337529643 slim_337529698 slim_337529447 slim_337529639 slim_337529437 slim_337529688 slim_337529701 slim_337529697 slim_337529676 slim_337529418 slim_337529606 slim_337529597 slim_337529675 slim_337529536 slim_337529438 slim_337529583 slim_337529607 slim_337529582 slim_337529687 slim_337529549 slim_337529146 slim_337529689 slim_337529626 slim_337529547 slim_337529602 slim_337529563 slim_337529550 slim_337529581 slim_337529281 slim_337529619 slim_337529667 slim_337529533 slim_337529623 slim_337529661 slim_337529645 slim_337529700 slim_337529674 slim_337529595 slim_337529590 slim_337529580 slim_337529506 slim_337529672 slim_337529654 slim_337529469 slim_337529542 slim_337529465 slim_337529564 slim_337529614 slim_337529644 slim_337529482 slim_337529616 slim_337529486 slim_337529695 slim_337529657 slim_337529652 slim_337529681 slim_337529605 slim_337529648
0 0.0001716 0.00025155 0.0002514 0.00025145 0.00024835 0.0002481 0.0001673 0.0001675 0.00016895 0.00022205 0.0001661 0.00018655 0.00018895 0.0001432 0.00016905 0.00025 0.00016705 0.0001671 0.00016885 0.0001671 0.0002482 0.00024825 0.00025035 0.0002245 0.0001437 0.00016905 0.000197 0.0001686 0.0002503 0.0001706 0.00024795 0.0001897 0.0001869 0.00016925 0.00016805 0.0002484 0.0002482 0.0001691 0.00024845 0.00014135 0.000189 8.78e-05 0.00024985 0.0001692 0.00024975 0.00025 0.00024995 0.0002241 0.0001417 0.0002482 0.0001896 0.0002519 0.00010885 0.0002519 0.00024995 0.00016895 0.00018895 0.0001687 0.00025045 8.755e-05 0.00024835 0.0001887 0.00018935 0.0002515 0.0002496 0.0002676 0.00018835 0.00024815 0.00025015 0.0002223 0.0002499 0.00016895 0.0002228 0.00024975 0.00016705 0.000169 0.00016735 8.58e-05 0.00016915 0.00018735 0.00017065 0.00025 0.0001882 0.000167 0.00025035 0.0002247 0.0002472 0.00024995 0.0002503 0.0002516 0.00024965 0.00014265 0.0001865 0.00024815 0.00016725 0.00024875 0.0002516 0.0001866 0.0002482 0.00024995
1 0.00025155 2.3e-06 2.6e-06 2.4e-06 1.795e-05 2.01e-05 0.00012485 0.0001245 0.000174 6.955e-05 0.0001577 0.0001664 0.00010625 0.00019815 0.0001156 1.14e-05 0.00014695 0.00014695 0.00013735 0.000147 1.79e-05 2.015e-05 1.19e-05 3.65e-05 0.0001989 0.00017365 9.675e-05 0.00011575 1.175e-05 0.00016425 4.76e-05 0.00011965 0.0001551 0.0001374 0.0002237 2.02e-05 2.02e-05 0.0001738 2.02e-05 0.00014985 0.0001064 0.00030035 1.085e-05 0.00013735 1.135e-05 1.155e-05 1.18e-05 3.665e-05 0.0001721 1.79e-05 0.00012015 2.9e-06 0.00018385 2.95e-06 1.135e-05 0.00020745 0.00010635 0.00011595 1.19e-05 0.0003001 2.03e-05 0.00012055 0.0001199 3.85e-06 1.24e-05 9.385e-05 0.000128 2.01e-05 1.1e-05 7.22e-05 1.17e-05 0.00017365 4.525e-05 1.115e-05 0.0001469 0.0001736 0.0001471 0.00022945 0.0001738 0.00012905 0.0001651 1.185e-05 0.00014675 0.0001247 9.55e-06 3.67e-05 5.745e-05 1.145e-05 1.185e-05 2.1e-06 3.83e-05 0.0002249 0.0001556 4.195e-05 0.00012495 2.325e-05 2.55e-06 0.00015555 2.015e-05 1.145e-05
2 0.0002514 2.6e-06 1.2e-06 8.5e-07 1.88e-05 2.145e-05 0.00012525 0.00012395 0.0001744 6.98e-05 0.00015755 0.00016655 0.0001061 0.00019765 0.00011605 1.125e-05 0.0001474 0.00014745 0.0001377 0.00014745 1.875e-05 2.155e-05 1.18e-05 3.585e-05 0.00019915 0.0001744 9.7e-05 0.000115 1.165e-05 0.0001652 4.82e-05 0.0001203 0.00015585 0.0001374 0.00022445 2.12e-05 2.16e-05 0.00017455 2.085e-05 0.0001501 0.00010625 0.0003002 1.24e-05 0.00013715 1.145e-05 1.145e-05 1.14e-05 3.575e-05 0.00017205 1.875e-05 0.0001196 1.3e-06 0.0001837 1.4e-06 1.12e-05 0.0002067 0.0001062 0.0001153 1.18e-05 0.00029995 2.165e-05 0.00012 0.00011935 1.95e-06 1.2e-05 9.445e-05 0.00012785 2.145e-05 9.6e-06 7.17e-05 1.13e-05 0.0001744 4.61e-05 1.1e-05 0.0001474 0.00017435 0.0001472 0.0002296 0.0001746 0.0001286 0.0001641 1.135e-05 0.0001461 0.00012545 8.95e-06 3.605e-05 5.805e-05 1.14e-05 1.16e-05 2.15e-06 3.925e-05 0.00022505 0.00015635 4.27e-05 0.0001257 2.225e-05 9e-07 0.00015595 2.15e-05 1.14e-05
3 0.00025145 2.4e-06 8.5e-07 7e-07 1.885e-05 2.15e-05 0.0001253 0.0001239 0.00017445 6.985e-05 0.0001576 0.0001666 0.000106 0.0001977 0.00011595 1.115e-05 0.00014745 0.0001475 0.0001376 0.0001475 1.88e-05 2.16e-05 1.17e-05 3.575e-05 0.0001992 0.00017445 9.705e-05 0.0001149 1.155e-05 0.00016515 4.825e-05 0.0001202 0.0001559 0.0001371 0.0002245 2.125e-05 2.165e-05 0.0001746 2.09e-05 0.00015015 0.00010615 0.00030025 1.235e-05 0.00013715 1.135e-05 1.135e-05 1.165e-05 3.605e-05 0.0001721 1.88e-05 0.0001195 1.05e-06 0.0001836 1.15e-06 1.11e-05 0.0002066 0.0001061 0.000115 1.17e-05 0.0003 2.17e-05 0.0001197 0.00011925 2.05e-06 1.225e-05 9.45e-05 0.00012775 2.15e-05 9.4e-06 7.175e-05 1.155e-05 0.00017445 4.615e-05 1.09e-05 0.00014745 0.0001744 0.00014725 0.00022965 0.00017465 0.00012855 0.00016435 1.125e-05 0.00014595 0.0001255 8.85e-06 3.595e-05 5.81e-05 1.13e-05 1.15e-05 1.9e-06 3.915e-05 0.0002251 0.0001564 4.275e-05 0.00012575 2.25e-05 6.5e-07 0.000156 2.155e-05 1.11e-05
4 0.00024835 1.795e-05 1.88e-05 1.885e-05 1.1e-05 5.8e-06 0.0001131 0.0001137 0.00016995 5.815e-05 0.00015435 0.00016355 0.00010535 0.00019535 0.00011845 1.225e-05 0.00014215 0.0001422 0.0001483 0.0001422 5.75e-06 5.75e-06 1.29e-05 3.76e-05 0.00019495 0.0001696 8.345e-05 0.0001185 1.27e-05 0.00017565 3.295e-05 0.000131 0.0001522 0.0001486 0.00022805 6.7e-06 5.9e-06 0.0001698 7.65e-06 0.0001375 0.00010555 0.0003059 1.185e-05 0.00014855 1.22e-05 1.25e-05 1.26e-05 3.775e-05 0.00016735 5.75e-06 0.0001313 1.93e-05 0.0001845 1.93e-05 1.23e-05 0.0002148 0.0001055 0.0001186 1.29e-05 0.00030565 5.95e-06 0.0001299 0.00013115 1.92e-05 1.24e-05 7.92e-05 0.0001256 5.75e-06 1.385e-05 5.88e-05 1.245e-05 0.00016965 3.09e-05 1.21e-05 0.00014215 0.0001696 0.0001432 0.0002183 0.00016985 0.00012485 0.0001762 1.275e-05 0.0001583 0.00011205 1.275e-05 3.76e-05 4.43e-05 1.25e-05 1.28e-05 1.85e-05 3.905e-05 0.0002221 0.00015175 3.85e-05 0.0001123 2.47e-05 1.89e-05 0.0001526 5.75e-06 1.25e-05
5 0.0002481 2.01e-05 2.145e-05 2.15e-05 5.8e-06 9e-07 0.00011195 0.0001126 0.0001678 5.95e-05 0.0001535 0.00016265 0.00010225 0.000195 0.0001196 1.125e-05 0.0001394 0.00013945 0.0001491 0.00013945 5.75e-06 8e-07 1.17e-05 3.885e-05 0.00019495 0.0001672 8.33e-05 0.00011995 1.155e-05 0.00017685 2.88e-05 0.0001313 0.00014995 0.00014945 0.00022595 2.95e-06 8.5e-07 0.00016735 5.1e-06 0.0001378 0.0001024 0.00030575 1.045e-05 0.0001494 1.095e-05 1.13e-05 1.125e-05 3.925e-05 0.00016705 5.75e-06 0.000132 2.195e-05 0.0001828 2.195e-05 1.12e-05 0.00021315 0.00010235 0.0001199 1.17e-05 0.0003055 9e-07 0.0001315 0.00013175 2.11e-05 1.04e-05 7.545e-05 0.0001224 6.5e-07 1.395e-05 5.66e-05 1.125e-05 0.0001672 2.835e-05 1.1e-05 0.0001394 0.00016715 0.0001417 0.00021825 0.0001674 0.0001239 0.0001776 1.195e-05 0.00015985 0.00010965 1.66e-05 3.905e-05 4.155e-05 1.13e-05 1.175e-05 2.095e-05 3.84e-05 0.00022185 0.00014945 3.655e-05 0.0001099 2.46e-05 2.165e-05 0.00015155 7.5e-07 1.13e-05
6 0.0001673 0.00012485 0.00012525 0.0001253 0.0001131 0.00011195 0.0002189 0.0001106 0.0001688 0.0001122 0.0001675 0.00016865 0.0001503 0.0001692 0.0001175 0.0001188 0.0001683 0.00016835 0.0001749 0.00016835 0.00011295 0.000112 0.00011915 0.00011885 0.0001695 0.0001693 0.0001119 0.0001173 0.0001191 0.0001756 0.00011185 0.0001763 0.00016955 0.000175 0.0002267 0.00011105 0.00011195 0.00016935 0.0001099 0.00011085 0.00015035 0.00022555 0.00011835 0.00017495 0.00011855 0.0001188 0.00011885 0.00011875 0.0001685 0.00011295 0.00017645 0.00012575 0.0001499 0.00012575 0.00011875 0.000228 0.0001503 0.00011765 0.00011925 0.0002253 0.0001121 0.00017555 0.0001762 0.0001249 0.0001185 0.0001317 0.00017045 0.0001119 0.0001184 0.00011195 0.0001187 0.0001692 0.0001121 0.00011855 0.0001683 0.00016925 0.00016715 0.00010995 0.0001694 0.0001686 0.00017595 0.0001184 0.0001758 0.00011065 0.00012015 0.00011905 0.00011115 0.00011875 0.0001191 0.00012515 0.0001183 0.00016875 0.00016905 0.00011755 0.0001109 0.0001178 0.00012545 0.00016795 0.00011195 0.00011875
7 0.0001675 0.0001245 0.00012395 0.0001239 0.0001137 0.0001126 0.0001106 0.0002194 0.0001697 0.0001126 0.0001677 0.0001689 0.0001499 0.0001692 0.0001173 0.0001184 0.0001687 0.00016875 0.0001747 0.00016875 0.00011355 0.00011265 0.0001188 0.0001184 0.0001699 0.00016975 0.00011235 0.0001167 0.00011875 0.00017565 0.0001123 0.00017635 0.00017 0.00017455 0.00022715 0.00011225 0.0001126 0.0001698 0.00011165 0.00011125 0.00014995 0.00022575 0.0001186 0.00017445 0.0001181 0.00011845 0.0001186 0.00011845 0.00016885 0.00011355 0.00017605 0.00012435 0.0001495 0.0001244 0.00011835 0.0002274 0.0001499 0.0001171 0.0001189 0.0002255 0.00011275 0.00017515 0.0001758 0.0001236 0.00011825 0.0001322 0.00017005 0.00011255 0.00011685 0.000112 0.00011845 0.00016965 0.0001127 0.00011815 0.0001687 0.0001697 0.0001682 0.0001102 0.00016985 0.000168 0.0001755 0.00011845 0.00017525 0.0001111 0.00011975 0.0001186 0.0001116 0.0001184 0.0001187 0.00012435 0.0001184 0.000169 0.0001695 0.000118 0.00011135 0.00011735 0.000124 0.00016895 0.0001126 0.0001184
8 0.00016895 0.000174 0.0001744 0.00017445 0.00016995 0.0001678 0.0001688 0.0001697 0.0003336 0.00017 0.000169 0.0001687 0.00017035 0.0001683 0.00017175 0.0001713 0.00016835 0.0001685 0.0001717 0.0001685 0.0001698 0.00016785 0.00017165 0.000172 0.0001685 0.00016745 0.0001694 0.00017155 0.0001716 0.0001706 0.0001678 0.0001719 0.00016815 0.0001718 0.00016855 0.00016825 0.0001677 0.0001677 0.00016855 0.00016925 0.0001703 0.0001682 0.00017085 0.00017175 0.00017105 0.0001713 0.00017135 0.00017205 0.0001693 0.0001698 0.00017205 0.0001749 0.00017075 0.0001749 0.00017125 0.0001694 0.00017035 0.00017165 0.00017175 0.0001679 0.00016795 0.0001721 0.0001718 0.00017425 0.00017075 0.00018765 0.0001695 0.00016765 0.0001724 0.0001687 0.0001712 0.00016745 0.0001686 0.00017105 0.00016845 0.0001674 0.000169 0.0001688 0.00016775 0.00017 0.00017095 0.00017075 0.0001711 0.00016825 0.00017365 0.0001722 0.0001682 0.00017125 0.0001716 0.0001743 0.0001709 0.0001681 0.0001677 0.0001687 0.0001685 0.0001714 0.0001746 0.00016805 0.0001678 0.00017125
9 0.00022205 6.955e-05 6.98e-05 6.985e-05 5.815e-05 5.95e-05 0.0001122 0.0001126 0.00017 0.00011 0.0001689 0.00015075 0.00013275 0.0001688 0.00011735 6.49e-05 0.0001697 0.00016975 0.0001748 0.00016975 5.8e-05 5.965e-05 6.525e-05 6.25e-05 0.0001678 0.0001701 5.575e-05 0.0001171 6.52e-05 0.00017495 5.905e-05 0.00015735 0.0001704 0.000175 0.00022825 5.97e-05 5.96e-05 0.00017015 5.965e-05 0.00011005 0.0001328 0.0002801 6.455e-05 0.00017495 6.465e-05 6.49e-05 6.485e-05 6.27e-05 0.0001674 5.8e-05 0.00015745 7.03e-05 0.00018635 7.03e-05 6.485e-05 0.0002296 0.00013275 0.0001171 6.535e-05 0.00027985 5.975e-05 0.00015555 0.0001572 7.03e-05 6.465e-05 7.875e-05 0.0001529 5.955e-05 6.515e-05 5.795e-05 6.48e-05 0.00017 5.725e-05 6.465e-05 0.0001697 0.00017005 0.0001699 0.0001643 0.0001702 0.0001508 0.0001752 6.49e-05 0.0001751 0.000112 6.365e-05 6.28e-05 5.855e-05 6.485e-05 6.52e-05 6.98e-05 6.405e-05 0.0001679 0.0001699 6.345e-05 0.00011225 6.395e-05 7e-05 0.0001699 5.96e-05 6.485e-05
10 0.0001661 0.0001577 0.00015755 0.0001576 0.00015435 0.0001535 0.0001675 0.0001677 0.000169 0.0001689 0.0002999 0.0001678 0.0001554 0.00016825 0.00017005 0.00015575 0.0001518 0.00015185 0.000154 0.00015185 0.0001542 0.0001536 0.0001561 0.0001557 0.0001692 0.0001691 0.0001685 0.0001696 0.00015605 0.00017105 0.000169 0.00015655 0.00016925 0.00015435 0.00016975 0.00015335 0.00015355 0.00016915 0.000153 0.00016745 0.00015545 0.00016725 0.0001556 0.0001543 0.0001555 0.00015575 0.00015575 0.00015535 0.0001519 0.0001542 0.00015645 0.00015805 0.00015465 0.00015805 0.0001557 0.00015505 0.0001554 0.0001699 0.0001562 0.000167 0.0001537 0.0001558 0.0001562 0.00015755 0.00015565 0.0002042 0.0001548 0.0001535 0.0001555 0.00016835 0.00015565 0.000169 0.0001536 0.0001555 0.0001518 0.00016905 0.0001517 0.00018215 0.0001692 0.00015365 0.0001711 0.00015575 0.00017095 0.0001676 0.00015675 0.0001559 0.00016745 0.0001557 0.00015605 0.00015775 0.0001711 0.0001837 0.00016885 0.0001702 0.00016785 0.00015415 0.00015775 0.00016855 0.00015355 0.0001557
11 0.00018655 0.0001664 0.00016655 0.0001666 0.00016355 0.00016265 0.00016865 0.0001689 0.0001687 0.00015075 0.0001678 0.0002733 0.0001634 0.0001685 0.0001707 0.00016485 0.00018075 0.0001808 0.00018265 0.0001808 0.0001634 0.0001628 0.0001652 0.00016435 0.00016845 0.0001688 0.0001506 0.00017045 0.00016515 0.00017055 0.0001512 0.0001638 0.00016915 0.00018275 0.0001504 0.00016275 0.00016275 0.00016885 0.0001626 0.00016835 0.00016345 0.0001867 0.0001646 0.0001827 0.00016465 0.00016485 0.0001648 0.0001644 0.0001804 0.0001634 0.00016385 0.00016705 0.0001816 0.00016705 0.0001648 0.0001504 0.0001634 0.0001705 0.0001653 0.00018645 0.0001629 0.00016395 0.0001636 0.0001664 0.00016435 0.0001603 0.0001625 0.0001627 0.00016485 0.0001511 0.00016475 0.0001687 0.00016235 0.0001646 0.00018075 0.00016875 0.00018085 0.00017435 0.0001689 0.00016215 0.0001707 0.00016485 0.00017075 0.00016855 0.00016585 0.00016455 0.0001391 0.0001648 0.00016515 0.00016665 0.0001531 0.00015645 0.00016875 0.0001511 0.0001688 0.0001516 0.00016675 0.00016865 0.00016275 0.0001648
12 0.00018895 0.00010625 0.0001061 0.000106 0.00010535 0.00010225 0.0001503 0.0001499 0.00017035 0.00013275 0.0001554 0.0001634 0.0002039 0.00017115 0.00015095 0.00010415 0.00014265 0.0001427 0.0001445 0.0001427 0.0001054 0.0001023 0.0001048 0.00010555 0.0001715 0.00016995 0.00013215 0.00015055 0.00010455 0.0001721 0.0001296 0.00012585 0.00017005 0.0001445 0.00017235 0.0001036 0.00010245 0.0001702 0.000105 0.0001507 0.0001022 0.00021025 0.00010445 0.00014435 0.00010425 0.0001044 0.0001046 0.0001062 0.000144 0.0001054 0.00012575 0.00010645 0.0001212 0.00010655 0.0001041 0.0001568 0.00010215 0.0001506 0.00010475 0.00021 0.00010245 0.0001259 0.0001255 0.0001058 0.00010365 0.00017635 0.00012315 0.00010225 0.00010515 0.00013095 0.0001045 0.00017005 0.00010355 0.0001039 0.00014265 0.00016995 0.0001441 0.00019505 0.00017025 0.0001249 0.0001721 0.00010465 0.000172 0.00014885 0.00010775 0.00010575 0.00014165 0.0001044 0.0001046 0.0001064 0.0001319 0.00019815 0.0001701 0.00013115 0.0001491 0.0001165 0.00010605 0.00017135 0.00010225 0.0001044
13 0.0001432 0.00019815 0.00019765 0.0001977 0.00019535 0.000195 0.0001692 0.0001692 0.0001683 0.0001688 0.00016825 0.0001685 0.00017115 0.0002823 0.0001709 0.00019655 0.0001691 0.00016915 0.00017075 0.00016915 0.0001952 0.0001951 0.00019685 0.0001706 0.00014265 0.0001684 0.00014275 0.0001703 0.0001968 0.0001699 0.00019505 0.0001716 0.00018675 0.00017075 0.0001693 0.00019515 0.00019505 0.0001685 0.0001951 0.000143 0.0001712 0.0001424 0.0001966 0.0001707 0.0001963 0.00019655 0.00019655 0.0001703 0.0001433 0.0001952 0.00017135 0.0001981 0.0001456 0.0001981 0.0001965 0.0001694 0.00017115 0.0001705 0.00019695 0.0001421 0.0001952 0.0001711 0.0001711 0.00019775 0.00019635 0.0002147 0.0001703 0.000195 0.0001964 0.0001681 0.00019645 0.00016835 0.0001692 0.0001963 0.0001691 0.00016835 0.0001693 0.00014325 0.00016855 0.00016975 0.00016975 0.00019655 0.00018775 0.000169 0.000197 0.0001708 0.00019415 0.0001965 0.0001968 0.00019805 0.00019665 0.00014195 0.00018635 0.00019425 0.00016925 0.0001956 0.00019785 0.00018635 0.00019505 0.0001965
14 0.00016905 0.0001156 0.00011605 0.00011595 0.00011845 0.0001196 0.0001175 0.0001173 0.00017175 0.00011735 0.00017005 0.0001707 0.00015095 0.0001709 0.0002298 0.00011795 0.0001712 0.00017125 0.000169 0.00017125 0.00011835 0.0001197 0.00011835 0.00011765 0.0001714 0.00017155 0.00011855 0.00011535 0.00011825 0.0001697 0.0001197 0.00016985 0.0001712 0.0001692 0.0002245 0.0001198 0.0001197 0.00017165 0.00011985 0.0001169 0.000151 0.000223 0.0001179 0.00016915 0.00011795 0.000118 0.00011815 0.00011755 0.000171 0.00011835 0.0001705 0.0001164 0.0001496 0.00011635 0.0001179 0.00022445 0.000151 0.0001157 0.0001184 0.00022275 0.0001198 0.00017005 0.00017025 0.0001167 0.00011835 0.00013955 0.0001719 0.00011955 0.00011775 0.00011915 0.00011805 0.0001715 0.0001194 0.0001177 0.0001712 0.0001715 0.00017145 0.0001154 0.0001717 0.0001718 0.00016985 0.00011825 0.0001694 0.00011725 0.000117 0.00011785 0.0001187 0.0001178 0.00011835 0.00011615 0.0001179 0.00017025 0.0001712 0.00011905 0.0001175 0.0001173 0.0001161 0.00017125 0.00011965 0.00011795
15 0.00025 1.14e-05 1.125e-05 1.115e-05 1.225e-05 1.125e-05 0.0001188 0.0001184 0.0001713 6.49e-05 0.00015575 0.00016485 0.00010415 0.00019655 0.00011795 2.18e-05 0.0001436 0.00014365 0.00014355 0.00014365 1.235e-05 1.12e-05 1.185e-05 3.745e-05 0.0001973 0.0001709 9.04e-05 0.00011755 1.16e-05 0.00017115 3.855e-05 0.00012595 0.00015305 0.00014355 0.00022545 1.215e-05 1.14e-05 0.00017115 1.315e-05 0.0001442 0.0001044 0.0003032 1.15e-05 0.0001434 1.13e-05 1.145e-05 1.17e-05 3.785e-05 0.0001698 1.235e-05 0.0001257 1.16e-05 0.00018335 1.17e-05 1.11e-05 0.00021005 0.00010435 0.00011775 1.18e-05 0.00030295 1.14e-05 0.0001259 0.00012565 1.165e-05 1.15e-05 8.515e-05 0.0001252 1.12e-05 1.18e-05 6.435e-05 1.155e-05 0.000171 3.735e-05 1.09e-05 0.0001436 0.0001709 0.00014465 0.0002242 0.0001712 0.0001264 0.00017115 1.15e-05 0.0001531 0.00011775 1.28e-05 3.745e-05 5e-05 1.145e-05 1.165e-05 1.155e-05 3.895e-05 0.0002237 0.0001531 3.97e-05 0.000118 2.375e-05 1.1e-05 0.00015395 1.12e-05 1.145e-05
16 0.00016705 0.00014695 0.0001474 0.00014745 0.00014215 0.0001394 0.0001683 0.0001687 0.00016835 0.0001697 0.0001518 0.00018075 0.00014265 0.0001691 0.0001712 0.0001436 0.000278 0.0001393 0.00014315 0.0001393 0.000142 0.00013945 0.00014395 0.0001449 0.0001697 0.00016825 0.00016895 0.00017105 0.0001439 0.0001719 0.0001668 0.0001453 0.00016845 0.00014365 0.0001689 0.00014055 0.00013925 0.0001683 0.00014155 0.0001686 0.00014255 0.000168 0.00014315 0.0001436 0.00014325 0.0001436 0.00014365 0.0001449 0.0001407 0.000142 0.0001455 0.0001479 0.00014275 0.0001479 0.00014355 0.00015515 0.00014265 0.00017125 0.00014405 0.00016775 0.00013955 0.000145 0.00014525 0.00014725 0.00014305 0.000213 0.00014205 0.0001392 0.0001449 0.00016775 0.0001435 0.000168 0.0001408 0.00014335 0.00013925 0.0001682 0.0001405 0.000195 0.00016835 0.0001424 0.00017225 0.0001438 0.0001721 0.00016705 0.00014655 0.0001451 0.00017825 0.00014355 0.000144 0.0001473 0.0001705 0.0001962 0.000168 0.0001689 0.0001673 0.0001557 0.0001476 0.00016905 0.0001394 0.00014355
17 0.0001671 0.00014695 0.00014745 0.0001475 0.0001422 0.00013945 0.00016835 0.00016875 0.0001685 0.00016975 0.00015185 0.0001808 0.0001427 0.00016915 0.00017125 0.00014365 0.0001393 0.0002781 0.00014315 0.00013915 0.00014205 0.00013925 0.000144 0.00014495 0.00016975 0.0001683 0.000169 0.0001711 0.00014395 0.00017195 0.00016695 0.00014535 0.0001685 0.0001437 0.00016895 0.0001406 0.0001392 0.00016835 0.0001416 0.00016865 0.00014275 0.00016805 0.0001432 0.00014365 0.0001433 0.00014365 0.0001437 0.00014495 0.00014075 0.00014185 0.00014555 0.00014795 0.00014275 0.00014795 0.0001436 0.0001552 0.00014255 0.0001713 0.0001441 0.0001678 0.0001396 0.00014505 0.0001453 0.0001473 0.00014295 0.0002132 0.0001421 0.0001394 0.00014495 0.0001679 0.00014335 0.0001682 0.00014085 0.0001434 0.00013905 0.00016825 0.0001405 0.00019505 0.00016815 0.00014245 0.0001723 0.00014395 0.00017215 0.00016695 0.0001466 0.00014515 0.0001784 0.00014335 0.00014405 0.00014735 0.00017065 0.00019625 0.00016805 0.00016895 0.00016735 0.00015575 0.00014765 0.0001691 0.00013945 0.0001436
18 0.00016885 0.00013735 0.0001377 0.0001376 0.0001483 0.0001491 0.0001749 0.0001747 0.0001717 0.0001748 0.000154 0.00018265 0.0001445 0.00017075 0.000169 0.00014355 0.00014315 0.00014315 0.000274 0.0001432 0.0001482 0.00014915 0.00014395 0.00014365 0.00017175 0.0001715 0.00017575 0.00016885 0.00014385 0.00016585 0.0001764 0.0001393 0.00017105 0.00013765 0.00016775 0.0001493 0.00014915 0.0001716 0.00014935 0.0001747 0.0001446 0.0001654 0.0001436 0.00013765 0.00014345 0.0001436 0.00014375 0.0001435 0.00014335 0.0001482 0.0001395 0.0001381 0.00014315 0.0001381 0.0001435 0.0001522 0.00014455 0.0001691 0.000144 0.00016515 0.0001493 0.0001394 0.00013925 0.0001384 0.00014395 0.0002225 0.0001447 0.0001491 0.0001433 0.00017575 0.00014365 0.00017145 0.0001493 0.0001433 0.0001431 0.00017145 0.0001434 0.0002006 0.0001716 0.00014505 0.0001659 0.00014385 0.0001654 0.00017465 0.00014295 0.00014385 0.00018645 0.0001435 0.00014395 0.0001379 0.00017075 0.00019775 0.00017115 0.0001716 0.0001749 0.0001549 0.0001378 0.0001712 0.00014915 0.0001435
19 0.0001671 0.000147 0.00014745 0.0001475 0.0001422 0.00013945 0.00016835 0.00016875 0.0001685 0.00016975 0.00015185 0.0001808 0.0001427 0.00016915 0.00017125 0.00014365 0.0001393 0.00013915 0.0001432 0.0002781 0.00014205 0.0001393 0.000144 0.00014495 0.00016975 0.0001683 0.000169 0.0001711 0.00014395 0.00017195 0.00016695 0.00014535 0.0001685 0.0001437 0.00016895 0.0001406 0.00013925 0.00016835 0.0001416 0.00016865 0.00014275 0.00016805 0.0001432 0.00014365 0.0001433 0.00014365 0.0001437 0.00014495 0.00014075 0.00014185 0.00014555 0.00014795 0.00014275 0.00014795 0.0001436 0.0001552 0.00014255 0.0001713 0.0001441 0.0001678 0.0001396 0.00014505 0.0001453 0.0001473 0.00014295 0.0002132 0.0001421 0.0001394 0.00014495 0.0001679 0.00014335 0.0001682 0.00014085 0.0001434 0.0001391 0.00016825 0.00014055 0.00019505 0.0001682 0.00014245 0.0001723 0.00014395 0.00017215 0.00016695 0.0001466 0.00014515 0.0001784 0.0001434 0.00014405 0.00014735 0.00017065 0.00019625 0.00016805 0.00016895 0.00016735 0.00015575 0.00014765 0.0001691 0.00013945 0.0001436
20 0.0002482 1.79e-05 1.875e-05 1.88e-05 5.75e-06 5.75e-06 0.00011295 0.00011355 0.0001698 5.8e-05 0.0001542 0.0001634 0.0001054 0.0001952 0.00011835 1.235e-05 0.000142 0.00014205 0.0001482 0.00014205 1.07e-05 5.8e-06 1.265e-05 3.75e-05 0.0001948 0.0001696 8.33e-05 0.0001184 1.275e-05 0.00017555 3.295e-05 0.0001309 0.00015215 0.0001485 0.00022795 6.7e-06 5.75e-06 0.0001694 7.5e-06 0.00013735 0.00010545 0.00030575 1.175e-05 0.00014845 1.19e-05 1.24e-05 1.25e-05 3.765e-05 0.0001672 5.6e-06 0.0001312 1.925e-05 0.0001844 1.925e-05 1.24e-05 0.00021465 0.0001054 0.0001185 1.29e-05 0.0003055 5.65e-06 0.0001298 0.00013105 1.915e-05 1.23e-05 7.905e-05 0.00012555 5.7e-06 1.375e-05 5.865e-05 1.235e-05 0.0001695 3.09e-05 1.22e-05 0.000142 0.00016955 0.00014305 0.00021815 0.0001697 0.0001247 0.0001761 1.265e-05 0.0001582 0.0001119 1.265e-05 3.75e-05 4.415e-05 1.24e-05 1.285e-05 1.845e-05 3.895e-05 0.00022195 0.00015145 3.855e-05 0.000112 2.46e-05 1.885e-05 0.00015245 5.7e-06 1.225e-05
21 0.00024825 2.015e-05 2.155e-05 2.16e-05 5.75e-06 8e-07 0.000112 0.00011265 0.00016785 5.965e-05 0.0001536 0.0001628 0.0001023 0.0001951 0.0001197 1.12e-05 0.00013945 0.00013925 0.00014915 0.0001393 5.8e-06 9e-07 1.175e-05 3.9e-05 0.0001951 0.0001672 8.345e-05 0.00012005 1.155e-05 0.00017695 2.875e-05 0.00013145 0.00015 0.00014955 0.00022615 2.9e-06 6e-07 0.0001674 5.1e-06 0.00013795 0.0001025 0.00030585 1.05e-05 0.0001495 1.1e-05 1.135e-05 1.15e-05 3.94e-05 0.0001672 5.6e-06 0.00013215 2.205e-05 0.0001829 2.205e-05 1.115e-05 0.0002133 0.0001023 0.00012005 1.175e-05 0.0003056 9e-07 0.00013165 0.0001319 2.115e-05 1.035e-05 7.55e-05 0.00012255 7e-07 1.4e-05 5.665e-05 1.11e-05 0.00016725 2.84e-05 1.095e-05 0.0001392 0.0001672 0.00014175 0.00021845 0.0001672 0.000124 0.0001777 1.2e-05 0.00015995 0.00010955 1.67e-05 3.92e-05 4.16e-05 1.11e-05 1.175e-05 2.105e-05 3.845e-05 0.000222 0.0001495 3.655e-05 0.00010995 2.475e-05 2.175e-05 0.0001516 7e-07 1.135e-05
22 0.00025035 1.19e-05 1.18e-05 1.17e-05 1.29e-05 1.17e-05 0.00011915 0.0001188 0.00017165 6.525e-05 0.0001561 0.0001652 0.0001048 0.00019685 0.00011835 1.185e-05 0.00014395 0.000144 0.00014395 0.000144 1.265e-05 1.175e-05 2.27e-05 3.795e-05 0.00019765 0.0001714 9.075e-05 0.00011805 1.145e-05 0.0001716 3.91e-05 0.00012635 0.0001535 0.00014395 0.00022585 1.265e-05 1.175e-05 0.00017135 1.35e-05 0.00014455 0.0001049 0.00030355 1.195e-05 0.0001439 1.16e-05 1.15e-05 1.21e-05 3.825e-05 0.00017015 1.28e-05 0.0001264 1.145e-05 0.00018385 1.145e-05 1.18e-05 0.0002105 0.00010485 0.00011815 1.16e-05 0.0003033 1.17e-05 0.0001263 0.00012615 1.22e-05 1.19e-05 8.55e-05 0.00012575 1.165e-05 1.225e-05 6.465e-05 1.195e-05 0.00017135 3.785e-05 1.16e-05 0.00014395 0.00017135 0.000145 0.00022455 0.00017155 0.0001268 0.00017155 1.22e-05 0.0001535 0.0001181 1.26e-05 3.815e-05 5.035e-05 1.185e-05 1.155e-05 1.21e-05 3.935e-05 0.00022405 0.00015325 4.02e-05 0.00011815 2.415e-05 1.185e-05 0.0001543 1.165e-05 1.165e-05
23 0.0002245 3.65e-05 3.585e-05 3.575e-05 3.76e-05 3.885e-05 0.00011885 0.0001184 0.000172 6.25e-05 0.0001557 0.00016435 0.00010555 0.0001706 0.00011765 3.745e-05 0.0001449 0.00014495 0.00014365 0.00014495 3.75e-05 3.9e-05 3.795e-05 7.1e-05 0.0001704 0.00017205 6.3e-05 0.00011695 3.785e-05 0.00017085 6.545e-05 0.00012605 0.0001719 0.0001436 0.00022615 3.905e-05 3.9e-05 0.00017215 3.905e-05 0.0001173 0.00010565 0.0002779 3.785e-05 0.00014345 3.745e-05 3.76e-05 3.77e-05 3.615e-05 0.0001432 3.75e-05 0.0001257 3.62e-05 0.0001591 3.63e-05 3.74e-05 0.0002103 0.0001056 0.00011705 3.8e-05 0.00027765 3.91e-05 0.0001247 0.00012545 3.635e-05 3.75e-05 0.00011155 0.0001265 3.89e-05 3.7e-05 6.425e-05 3.765e-05 0.000172 3.72e-05 3.72e-05 0.0001449 0.000172 0.0001451 0.0001982 0.0001722 0.0001258 0.00017065 3.75e-05 0.0001704 0.00011865 3.645e-05 3.595e-05 7.585e-05 3.755e-05 3.78e-05 3.635e-05 6.45e-05 0.0001974 0.0001719 6.505e-05 0.0001189 4.84e-05 3.58e-05 0.0001719 3.895e-05 3.755e-05
24 0.0001437 0.0001989 0.00019915 0.0001992 0.00019495 0.00019495 0.0001695 0.0001699 0.0001685 0.0001678 0.0001692 0.00016845 0.0001715 0.00014265 0.0001714 0.0001973 0.0001697 0.00016975 0.00017175 0.00016975 0.0001948 0.0001951 0.00019765 0.0001704 0.0002829 0.0001686 0.00014225 0.00017115 0.0001976 0.00017005 0.0001947 0.00017195 0.0001869 0.00017195 0.00016915 0.00019535 0.00019505 0.0001684 0.0001955 0.0001426 0.00017155 0.0001429 0.00019695 0.0001719 0.00019705 0.0001973 0.00019725 0.00017055 0.0001429 0.0001948 0.00017205 0.00019965 0.0001464 0.00019965 0.00019725 0.0001699 0.0001715 0.00017115 0.00019775 0.0001429 0.0001952 0.0001711 0.0001718 0.0001991 0.00019665 0.0002143 0.00017065 0.000195 0.00019775 0.00016895 0.0001972 0.00016825 0.0001682 0.00019705 0.0001697 0.00016855 0.0001701 0.00014305 0.00016835 0.0001696 0.0001703 0.0001973 0.00018865 0.0001691 0.0001974 0.0001707 0.00019425 0.00019725 0.0001976 0.00019915 0.00019665 0.0001421 0.0001865 0.00019385 0.00016935 0.00019625 0.00019935 0.0001867 0.00019505 0.00019725
25 0.00016905 0.00017365 0.0001744 0.00017445 0.0001696 0.0001672 0.0001693 0.00016975 0.00016745 0.0001701 0.0001691 0.0001688 0.00016995 0.0001684 0.00017155 0.0001709 0.00016825 0.0001683 0.0001715 0.0001683 0.0001696 0.0001672 0.0001714 0.00017205 0.0001686 0.0003338 0.0001695 0.0001716 0.0001712 0.00017055 0.00016765 0.0001717 0.00016785 0.00017175 0.0001683 0.00016825 0.0001673 0.0001675 0.00016945 0.00016935 0.00017015 0.0001683 0.00017045 0.0001717 0.00017075 0.000171 0.0001711 0.0001721 0.0001694 0.0001696 0.0001721 0.0001749 0.0001705 0.0001749 0.00017085 0.0001695 0.0001701 0.0001717 0.0001714 0.000168 0.00016735 0.00017215 0.00017185 0.00017425 0.0001705 0.00018775 0.0001692 0.00016715 0.0001724 0.0001689 0.00017095 0.00016735 0.00016825 0.00017065 0.00016825 0.00016705 0.0001695 0.0001689 0.00016755 0.00017005 0.000171 0.00017135 0.00017115 0.00016805 0.0001737 0.00017225 0.00016825 0.000171 0.0001713 0.0001742 0.00017095 0.0001682 0.0001675 0.00016835 0.0001683 0.00017145 0.0001746 0.00016855 0.00016715 0.000171
26 0.000197 9.675e-05 9.7e-05 9.705e-05 8.345e-05 8.33e-05 0.0001119 0.00011235 0.0001694 5.575e-05 0.0001685 0.0001506 0.00013215 0.00014275 0.00011855 9.04e-05 0.00016895 0.000169 0.00017575 0.000169 8.33e-05 8.345e-05 9.075e-05 6.3e-05 0.00014225 0.0001695 5.72e-05 0.0001183 9.07e-05 0.00017605 8.275e-05 0.0001585 0.0001878 0.00017595 0.00022795 8.37e-05 8.34e-05 0.00016955 8.385e-05 8.44e-05 0.0001322 0.00025495 9.005e-05 0.0001759 9.015e-05 9.04e-05 9.035e-05 6.305e-05 0.0001417 8.33e-05 0.0001586 9.75e-05 0.0001612 9.75e-05 9.035e-05 0.0002294 0.00013215 0.0001183 9.085e-05 0.0002547 8.355e-05 0.00015655 0.00015835 9.695e-05 8.975e-05 0.0001024 0.0001523 8.335e-05 9.09e-05 5.62e-05 9.03e-05 0.0001694 5.61e-05 9.015e-05 0.00016895 0.00016945 0.00016935 0.0001395 0.0001696 0.00015035 0.0001763 9.04e-05 0.0001942 0.0001115 9.065e-05 6.295e-05 8.27e-05 9.035e-05 9.07e-05 9.7e-05 8.945e-05 0.0001424 0.0001873 8.78e-05 0.00011175 8.94e-05 9.72e-05 0.0001875 8.34e-05 9.035e-05
27 0.0001686 0.00011575 0.000115 0.0001149 0.0001185 0.00011995 0.0001173 0.0001167 0.00017155 0.0001171 0.0001696 0.00017045 0.00015055 0.0001703 0.00011535 0.00011755 0.00017105 0.0001711 0.00016885 0.0001711 0.0001184 0.00012005 0.00011805 0.00011695 0.00017115 0.0001716 0.0001183 0.0002293 0.00011795 0.00016955 0.0001196 0.0001702 0.00017125 0.00016875 0.00022455 0.0001199 0.00012005 0.0001717 0.0001197 0.00011665 0.00015065 0.00022255 0.00011805 0.0001686 0.0001176 0.0001177 0.00011785 0.00011695 0.00017055 0.0001184 0.00016985 0.00011535 0.0001492 0.00011545 0.0001175 0.00022375 0.0001506 0.0001151 0.0001181 0.0002223 0.00012015 0.00016945 0.0001696 0.00011565 0.00011805 0.00013945 0.0001715 0.00011995 0.00011675 0.00011855 0.00011775 0.00017155 0.00011945 0.0001173 0.00017105 0.00017155 0.00017105 0.00011515 0.00017175 0.00017115 0.00016925 0.0001176 0.0001688 0.0001173 0.0001164 0.00011715 0.0001186 0.00011765 0.0001179 0.0001156 0.0001178 0.00017 0.00017125 0.0001191 0.00011755 0.0001167 0.00011495 0.00017105 0.00012 0.00011765
28 0.0002503 1.175e-05 1.165e-05 1.155e-05 1.27e-05 1.155e-05 0.0001191 0.00011875 0.0001716 6.52e-05 0.00015605 0.00016515 0.00010455 0.0001968 0.00011825 1.16e-05 0.0001439 0.00014395 0.00014385 0.00014395 1.275e-05 1.155e-05 1.145e-05 3.785e-05 0.0001976 0.0001712 9.07e-05 0.00011795 2.24e-05 0.0001715 3.89e-05 0.00012625 0.00015335 0.00014385 0.00022575 1.245e-05 1.17e-05 0.00017145 1.345e-05 0.0001445 0.0001048 0.0003035 1.185e-05 0.0001438 1.165e-05 1.14e-05 1.2e-05 3.815e-05 0.0001701 1.275e-05 0.0001263 1.13e-05 0.00018375 1.13e-05 1.155e-05 0.00021045 0.00010475 0.00011805 1.14e-05 0.00030325 1.17e-05 0.0001262 0.00012605 1.205e-05 1.18e-05 8.545e-05 0.0001256 1.15e-05 1.215e-05 6.46e-05 1.185e-05 0.0001713 3.765e-05 1.135e-05 0.0001439 0.0001712 0.00014495 0.0002245 0.0001715 0.00012675 0.00017145 1.21e-05 0.0001534 0.00011805 1.25e-05 3.805e-05 5.03e-05 1.175e-05 1.13e-05 1.195e-05 3.925e-05 0.000224 0.0001534 4e-05 0.0001183 2.405e-05 1.17e-05 0.00015425 1.15e-05 1.175e-05
29 0.0001706 0.00016425 0.0001652 0.00016515 0.00017565 0.00017685 0.0001756 0.00017565 0.0001706 0.00017495 0.00017105 0.00017055 0.0001721 0.0001699 0.0001697 0.00017115 0.0001719 0.00017195 0.00016585 0.00017195 0.00017555 0.00017695 0.0001716 0.00017085 0.00017005 0.00017055 0.00017605 0.00016955 0.0001715 0.0003271 0.00017705 0.00016595 0.00017045 0.00016565 0.00016705 0.0001769 0.00017695 0.0001704 0.0001768 0.0001752 0.0001722 0.0001652 0.0001704 0.00016555 0.00017095 0.00017125 0.00017135 0.0001708 0.0001717 0.00017555 0.00016615 0.0001656 0.00017105 0.00016565 0.0001711 0.00016665 0.00017215 0.0001698 0.00017165 0.0001652 0.00017705 0.0001667 0.0001659 0.00016585 0.00017155 0.0001968 0.00017205 0.00017685 0.00017105 0.0001766 0.00017125 0.00017025 0.00017665 0.0001709 0.0001719 0.0001705 0.000172 0.00017435 0.00017035 0.0001725 0.00016445 0.0001713 0.00016475 0.0001755 0.0001702 0.00017105 0.00017605 0.0001712 0.0001715 0.0001647 0.0001707 0.00016965 0.00017055 0.0001711 0.00017575 0.0001708 0.00016525 0.00017045 0.0001769 0.0001712
30 0.00024795 4.76e-05 4.82e-05 4.825e-05 3.295e-05 2.88e-05 0.00011185 0.0001123 0.0001678 5.905e-05 0.000169 0.0001512 0.0001296 0.00019505 0.0001197 3.855e-05 0.0001668 0.00016695 0.0001764 0.00016695 3.295e-05 2.875e-05 3.91e-05 6.545e-05 0.0001947 0.00016765 8.275e-05 0.0001196 3.89e-05 0.00017705 5.65e-05 0.0001588 0.00015045 0.00017655 0.0002266 3.05e-05 2.875e-05 0.00016785 3.23e-05 0.00013735 0.0001297 0.00030575 3.815e-05 0.00017645 3.84e-05 3.87e-05 3.885e-05 6.59e-05 0.0001938 3.295e-05 0.00015905 4.87e-05 0.00021025 4.875e-05 3.85e-05 0.0002286 0.00012975 0.00011965 3.91e-05 0.0003055 2.89e-05 0.00015815 0.0001588 4.78e-05 3.785e-05 4.885e-05 0.00014985 2.86e-05 4.075e-05 5.61e-05 3.865e-05 0.0001676 5.555e-05 3.83e-05 0.0001669 0.00016765 0.0001688 0.00019095 0.0001679 0.00015055 0.0001775 3.88e-05 0.00015975 0.00010995 4.32e-05 6.565e-05 3.09e-05 3.87e-05 3.88e-05 4.8e-05 3.805e-05 0.0001947 0.00014995 3.705e-05 0.0001102 4.005e-05 4.835e-05 0.00015165 2.87e-05 3.87e-05
31 0.0001897 0.00011965 0.0001203 0.0001202 0.000131 0.0001313 0.0001763 0.00017635 0.0001719 0.00015735 0.00015655 0.0001638 0.00012585 0.0001716 0.00016985 0.00012595 0.0001453 0.00014535 0.0001393 0.00014535 0.0001309 0.00013145 0.00012635 0.00012605 0.00017195 0.0001717 0.0001585 0.0001702 0.00012625 0.00016595 0.0001588 0.0002381 0.00017145 0.0001395 0.0001489 0.00013175 0.00013145 0.0001718 0.000132 0.0001763 0.0001259 0.0001855 0.00012575 0.00013945 0.0001259 0.000126 0.0001261 0.00012635 0.0001455 0.0001309 0.00011985 0.00012065 0.00014345 0.0001206 0.0001259 0.00013275 0.0001259 0.00017025 0.0001264 0.00018525 0.00013155 0.00012135 0.0001196 0.0001208 0.00012595 0.00020515 0.00012575 0.0001313 0.00012615 0.0001588 0.00012605 0.00017165 0.00013155 0.0001257 0.0001453 0.00017165 0.00014575 0.00022025 0.00017185 0.00012725 0.00016625 0.00012625 0.000166 0.00017585 0.0001258 0.00012625 0.00016915 0.0001258 0.00012635 0.00012025 0.0001531 0.0001982 0.00017155 0.000153 0.0001761 0.0001373 0.00012035 0.0001718 0.0001314 0.00012595
32 0.0001869 0.0001551 0.00015585 0.0001559 0.0001522 0.00014995 0.00016955 0.00017 0.00016815 0.0001704 0.00016925 0.00016915 0.00017005 0.00018675 0.0001712 0.00015305 0.00016845 0.0001685 0.00017105 0.0001685 0.00015215 0.00015 0.0001535 0.0001719 0.0001869 0.00016785 0.0001878 0.00017125 0.00015335 0.00017045 0.00015045 0.00017145 0.0002987 0.0001713 0.00016855 0.00015105 0.00015005 0.00016805 0.0001521 0.00018735 0.0001702 0.0001863 0.00015255 0.00017125 0.00015285 0.0001531 0.0001532 0.0001719 0.00018735 0.00015215 0.00017185 0.00015635 0.00018815 0.00015635 0.000153 0.00016975 0.00017015 0.00017145 0.0001534 0.000186 0.00015 0.00017195 0.0001716 0.0001557 0.0001526 0.0001705 0.0001696 0.0001499 0.00015445 0.00016945 0.00015305 0.0001679 0.0001688 0.0001528 0.00016845 0.0001677 0.00016965 0.00018695 0.0001681 0.00017045 0.0001709 0.00015345 0.0001527 0.00016835 0.0001556 0.0001721 0.00015095 0.0001531 0.00015345 0.00015565 0.00015305 0.00018645 0.0001497 0.00015085 0.0001686 0.0001535 0.00015605 0.0001507 0.00014995 0.0001531
33 0.00016925 0.0001374 0.0001374 0.0001371 0.0001486 0.00014945 0.000175 0.00017455 0.0001718 0.000175 0.00015435 0.00018275 0.0001445 0.00017075 0.0001692 0.00014355 0.00014365 0.0001437 0.00013765 0.0001437 0.0001485 0.00014955 0.00014395 0.0001436 0.00017195 0.00017175 0.00017595 0.00016875 0.00014385 0.00016565 0.00017655 0.0001395 0.0001713 0.0002739 0.000168 0.0001495 0.00014955 0.00017185 0.0001494 0.0001749 0.0001446 0.0001658 0.0001435 0.0001372 0.0001434 0.0001436 0.00014375 0.0001435 0.0001438 0.0001485 0.0001394 0.00013775 0.00014315 0.00013775 0.0001435 0.00015205 0.00014455 0.00016885 0.000144 0.00016555 0.00014965 0.0001392 0.00013915 0.00013805 0.00014395 0.00022265 0.0001447 0.00014945 0.0001429 0.00017575 0.00014365 0.0001717 0.0001496 0.0001433 0.00014365 0.0001717 0.00014375 0.00020075 0.0001719 0.00014495 0.0001658 0.0001437 0.0001653 0.0001749 0.0001429 0.0001438 0.00018655 0.00014355 0.00014385 0.00013745 0.00017055 0.0001979 0.0001714 0.00017185 0.00017515 0.00015475 0.00013745 0.0001713 0.0001495 0.00014335
34 0.00016805 0.0002237 0.00022445 0.0002245 0.00022805 0.00022595 0.0002267 0.00022715 0.00016855 0.00022825 0.00016975 0.0001504 0.00017235 0.0001693 0.0002245 0.00022545 0.0001689 0.00016895 0.00016775 0.00016895 0.00022795 0.00022615 0.00022585 0.00022615 0.00016915 0.0001683 0.00022795 0.00022455 0.00022575 0.00016705 0.0002266 0.0001489 0.00016855 0.000168 0.0001451 0.0002273 0.00022615 0.0001684 0.0002284 0.00022645 0.00017245 0.000111 0.00022495 0.00016795 0.0002252 0.0002255 0.00022545 0.0002263 0.0001697 0.00022795 0.0001493 0.00022495 0.0001714 0.00022495 0.0002254 7.415e-05 0.0001724 0.0002245 0.0002259 0.00011075 0.00022625 0.0001494 0.00014905 0.0002246 0.000225 0.0002466 0.0001508 0.000226 0.0002269 0.0002277 0.0002254 0.00016825 0.00022685 0.0002252 0.0001689 0.00016825 0.0001702 0.00022445 0.00016845 0.00015175 0.0001675 0.0002258 0.00016755 0.0002254 0.00022765 0.00022635 0.0002271 0.00022545 0.00022585 0.00022425 0.0002254 0.0001689 0.0001683 0.0002228 0.00022565 0.00022595 0.00022465 0.0001694 0.0002261 0.00022545
35 0.0002484 2.02e-05 2.12e-05 2.125e-05 6.7e-06 2.95e-06 0.00011105 0.00011225 0.00016825 5.97e-05 0.00015335 0.00016275 0.0001036 0.00019515 0.0001198 1.215e-05 0.00014055 0.0001406 0.0001493 0.0001406 6.7e-06 2.9e-06 1.265e-05 3.905e-05 0.00019535 0.00016825 8.37e-05 0.0001199 1.245e-05 0.0001769 3.05e-05 0.00013175 0.00015105 0.0001495 0.0002273 5.2e-06 3e-06 0.0001685 2.85e-06 0.0001381 0.0001038 0.0003059 1.15e-05 0.00014945 1.195e-05 1.225e-05 1.24e-05 3.935e-05 0.00016745 6.7e-06 0.0001322 2.17e-05 0.00018375 2.17e-05 1.21e-05 0.000214 0.00010375 0.00012 1.265e-05 0.00030565 3.05e-06 0.0001317 0.00013195 2.065e-05 1.165e-05 7.71e-05 0.00012385 2.85e-06 1.34e-05 5.745e-05 1.22e-05 0.00016835 2.97e-05 1.19e-05 0.00014055 0.0001683 0.0001408 0.0002187 0.00016855 0.0001238 0.00017755 1.22e-05 0.0001598 0.0001108 1.635e-05 3.925e-05 4.225e-05 1.225e-05 1.255e-05 2.08e-05 3.915e-05 0.00022215 0.0001506 3.79e-05 0.00011105 2.455e-05 2.14e-05 0.00015065 2.85e-06 1.225e-05
36 0.0002482 2.02e-05 2.16e-05 2.165e-05 5.9e-06 8.5e-07 0.00011195 0.0001126 0.0001677 5.96e-05 0.00015355 0.00016275 0.00010245 0.00019505 0.0001197 1.14e-05 0.00013925 0.0001392 0.00014915 0.00013925 5.75e-06 6e-07 1.175e-05 3.9e-05 0.00019505 0.0001673 8.34e-05 0.00012005 1.17e-05 0.00017695 2.875e-05 0.00013145 0.00015005 0.00014955 0.00022615 3e-06 8e-07 0.00016735 5.05e-06 0.0001379 0.00010235 0.0003058 1.055e-05 0.0001495 1.1e-05 1.14e-05 1.15e-05 3.94e-05 0.00016715 5.55e-06 0.00013215 2.21e-05 0.0001829 2.21e-05 1.135e-05 0.00021325 0.0001023 0.00012005 1.185e-05 0.00030555 9.5e-07 0.00013165 0.0001319 2.12e-05 1.035e-05 7.53e-05 0.0001226 6e-07 1.4e-05 5.65e-05 1.11e-05 0.00016705 2.85e-05 1.115e-05 0.00013915 0.00016725 0.0001417 0.0002184 0.00016715 0.00012395 0.0001777 1.19e-05 0.00015995 0.0001095 1.67e-05 3.92e-05 4.145e-05 1.11e-05 1.19e-05 2.11e-05 3.835e-05 0.00022195 0.00014945 3.67e-05 0.0001099 2.475e-05 2.18e-05 0.00015155 8e-07 1.135e-05
