 slim_337739063 slim_337739009 slim_337739122 slim_337739116 slim_337738733 slim_337739117 slim_337739097 slim_337739065 slim_337738835 slim_337739060 slim_337739016 slim_337738864 slim_337738938 slim_337738903 slim_337739108 slim_337739112 slim_337739052 slim_337738924 slim_337739098 slim_337739033 slim_337738772 slim_337738971 slim_337739123 slim_337739094 slim_337739039 slim_337739120 slim_337739093 slim_337739068 slim_337739100 slim_337739021 slim_337738954 slim_337739028 slim_337739114 slim_337739119 slim_337738994 slim_337739064 slim_337739034 slim_337738969 slim_337739072 slim_337739061 slim_337739084 slim_337739078 slim_337739054 slim_337739043 slim_337739124 slim_337739115 slim_337739099 slim_337739101 slim_337739035 slim_337738990 slim_337738965 slim_337738524 slim_337739041 slim_337738811 slim_337739014 slim_337739087 slim_337738998 slim_337739085 slim_337739050 slim_337738943 slim_337739070 slim_337739055 slim_337738945 slim_337738947 slim_337739109 slim_337739107 slim_337739027 slim_337739103 slim_337738887 slim_337739105 slim_337738963 slim_337739102 slim_337739111 slim_337739118 slim_337739079 slim_337739113 slim_337738976 slim_337739075 slim_337739017 slim_337738928 slim_337739062 slim_337738873 slim_337739110 slim_337739083 slim_337738699 slim_337739059 slim_337739076 slim_337739026 slim_337739069 slim_337739071 slim_337738985 slim_337739015 slim_337739086 slim_337738886 slim_337738649 slim_337739031 slim_337739095 slim_337739001 slim_337739106 slim_337738831
0 4.6e-06 1.135e-05 8.55e-06 7.8e-06 7.75e-06 5.05e-06 7.15e-06 7.95e-06 1.16e-05 1.12e-05 8.05e-06 7.55e-06 1.295e-05 1.11e-05 1.165e-05 6.2e-06 1.06e-05 1.325e-05 1.1e-05 1.125e-05 1.1e-05 1.09e-05 7.6e-06 1.015e-05 7.5e-06 3.95e-06 7.4e-06 1.325e-05 1.12e-05 1.11e-05 1.12e-05 1.135e-05 1.385e-05 6.4e-06 1.125e-05 7.85e-06 8.25e-06 1.08e-05 7.75e-06 4.05e-06 1.025e-05 1.165e-05 4.9e-06 1.155e-05 1.195e-05 2.95e-06 4.2e-06 1.185e-05 6.5e-06 1.385e-05 1.22e-05 7.6e-06 1.14e-05 7.1e-06 4.2e-06 8.6e-06 1.095e-05 7.45e-06 6.5e-06 5.15e-06 6.4e-06 1.105e-05 1.095e-05 3.9e-06 1.15e-05 1.195e-05 7.7e-06 1.335e-05 8.2e-06 8.3e-06 4.35e-06 8.15e-06 7.7e-06 7.05e-06 6.75e-06 1.02e-05 8.35e-06 1.14e-05 1.27e-05 1.01e-05 1.195e-05 8.1e-06 6.2e-06 4.35e-06 1.385e-05 1.06e-05 8.2e-06 1.055e-05 1.155e-05 1.09e-05 1.13e-05 1.32e-05 7.95e-06 7.4e-06 7.2e-06 1.36e-05 7.05e-06 3.4e-06 7.6e-06 7.6e-06
1 1.135e-05 3e-07 5.45e-06 8.85e-06 8.5e-06 9.05e-06 7.6e-06 8e-06 4.35e-06 4.85e-06 7.3e-06 7.7e-06 8.75e-06 5.3e-06 1.75e-06 8.65e-06 5.95e-06 8.6e-06 4.6e-06 3e-06 4.65e-06 4.6e-06 7.75e-06 5.8e-06 9.05e-06 1.14e-05 8.7e-06 8.95e-06 4.8e-06 4.7e-06 5.95e-06 5.35e-06 7.45e-06 8.95e-06 5.25e-06 8.2e-06 8.1e-06 4.6e-06 7.45e-06 1.165e-05 4.1e-06 3.45e-06 1.155e-05 1.85e-06 4.1e-06 1.15e-05 1.11e-05 3.3e-06 8.65e-06 7.5e-06 4e-06 7.3e-06 5e-06 7.35e-06 1.17e-05 6.9e-06 4.45e-06 9.35e-06 8.3e-06 9.95e-06 8.8e-06 5.65e-06 4.8e-06 1.135e-05 3.25e-06 4.35e-06 8.3e-06 9.4e-06 7.45e-06 5.05e-06 1.105e-05 7.35e-06 8.75e-06 8.9e-06 5.7e-06 1.175e-05 6.65e-06 3.15e-06 8.95e-06 5.35e-06 3.75e-06 7.3e-06 8.65e-06 1.09e-05 7.45e-06 1.165e-05 7.7e-06 6e-06 3.3e-06 3.3e-06 4.95e-06 8.85e-06 7.9e-06 5.85e-06 8.4e-06 9.05e-06 7.4e-06 1.195e-05 8.85e-06 6e-06
2 8.55e-06 5.45e-06 1.06e-05 9.3e-06 6.15e-06 7.3e-06 8.1e-06 7.1e-06 8.1e-06 8.3e-06 8.15e-06 7.9e-06 1.13e-05 7.2e-06 6.35e-06 7.4e-06 9.05e-06 1.175e-05 8.05e-06 6.85e-06 8.1e-06 7.6e-06 5.8e-06 8.85e-06 9.25e-06 9e-06 7.8e-06 1.2e-05 8.25e-06 8.15e-06 9.4e-06 8.15e-06 1.095e-05 9.05e-06 8.05e-06 6e-06 9.15e-06 6.7e-06 8.05e-06 8.85e-06 6.05e-06 7.3e-06 9.4e-06 6.1e-06 7.75e-06 8.7e-06 8.05e-06 7.2e-06 8.75e-06 1.1e-05 7.75e-06 7.9e-06 8.45e-06 7.85e-06 9.2e-06 6.45e-06 7.95e-06 9.45e-06 7.6e-06 7.8e-06 7.55e-06 7.8e-06 8.2e-06 8.9e-06 7.1e-06 8.35e-06 8.25e-06 1.115e-05 8.3e-06 5.7e-06 8.15e-06 8.2e-06 9.2e-06 9.05e-06 6.9e-06 1.2e-05 6.2e-06 7e-06 1.11e-05 6.9e-06 7.6e-06 8.15e-06 7.45e-06 7.15e-06 1.095e-05 1.215e-05 8.45e-06 9.05e-06 7.15e-06 5.8e-06 8.4e-06 1.06e-05 8.15e-06 7.2e-06 6.8e-06 1.215e-05 7.95e-06 8.8e-06 7.95e-06 7.25e-06
3 7.8e-06 8.85e-06 9.3e-06 9.8e-06 9.5e-06 8.65e-06 8.4e-06 7.55e-06 9.45e-06 6.9e-06 6.9e-06 8.45e-06 1.1e-05 9.45e-06 9.2e-06 8.15e-06 5.3e-06 8.75e-06 6.95e-06 8.45e-06 6.8e-06 9.85e-06 9.1e-06 5.75e-06 5.85e-06 7.1e-06 7.1e-06 8.95e-06 6.95e-06 6.85e-06 8.15e-06 7.1e-06 1.035e-05 7.85e-06 7.2e-06 9.35e-06 7.65e-06 8.9e-06 7.65e-06 6.6e-06 9.6e-06 8.9e-06 5.35e-06 8.85e-06 9.9e-06 7.65e-06 8.05e-06 8.75e-06 6.6e-06 1.04e-05 1.02e-05 7.5e-06 7.15e-06 8.1e-06 6.5e-06 9.2e-06 7.15e-06 6.7e-06 7.5e-06 8.3e-06 8.4e-06 9.55e-06 7.35e-06 5.55e-06 8.7e-06 9.85e-06 7.2e-06 1.095e-05 7.05e-06 8.95e-06 8.1e-06 6.95e-06 5.05e-06 5.6e-06 8.5e-06 9.4e-06 8.95e-06 8.6e-06 9.6e-06 9.25e-06 9.35e-06 6.95e-06 8.75e-06 7.8e-06 1.035e-05 8.55e-06 7e-06 5e-06 8.75e-06 9.15e-06 7.1e-06 1.06e-05 8.1e-06 7.6e-06 9.4e-06 8.65e-06 8.65e-06 7.9e-06 7.3e-06 7.9e-06
4 7.75e-06 8.5e-06 6.15e-06 9.5e-06 6.3e-06 7.5e-06 8.45e-06 6.6e-06 9.1e-06 9.55e-06 8.65e-06 7.95e-06 1.23e-05 6.2e-06 8.75e-06 6e-06 9.95e-06 1.275e-05 9.3e-06 8.4e-06 9.35e-06 9e-06 4.45e-06 9.7e-06 9.35e-06 8.35e-06 6.55e-06 1.28e-05 9.5e-06 9.4e-06 1.055e-05 8.7e-06 1.22e-05 9e-06 8.6e-06 4e-06 9.8e-06 6.5e-06 8.45e-06 7.85e-06 6.7e-06 8.85e-06 8.85e-06 8.65e-06 9.1e-06 7.9e-06 7.2e-06 8.9e-06 8.7e-06 1.225e-05 9.2e-06 8.3e-06 9.7e-06 8.2e-06 8.5e-06 6.2e-06 9.15e-06 9.5e-06 6.75e-06 7.6e-06 6.15e-06 7.65e-06 9.3e-06 8.25e-06 8.65e-06 1.005e-05 8.3e-06 1.005e-05 8.8e-06 6.4e-06 7.35e-06 8.7e-06 9.4e-06 9.15e-06 8.05e-06 1.21e-05 5.95e-06 8.55e-06 1.1e-05 6.55e-06 9.15e-06 8.65e-06 6.1e-06 5.75e-06 1.22e-05 1.235e-05 8.85e-06 1e-05 8.7e-06 6.6e-06 9.65e-06 1.01e-05 8.25e-06 8.35e-06 4.6e-06 1.31e-05 8.35e-06 7.65e-06 6.7e-06 8.35e-06
5 5.05e-06 9.05e-06 7.3e-06 8.65e-06 7.5e-06 5.2e-06 7e-06 7.95e-06 1.025e-05 9.95e-06 7.45e-06 7.2e-06 1.19e-05 9.7e-06 9.3e-06 7.35e-06 1.08e-05 1.35e-05 9.85e-06 8.75e-06 9.75e-06 8.5e-06 7.15e-06 1.025e-05 7.95e-06 6.15e-06 8.05e-06 1.355e-05 1.005e-05 9.95e-06 1.15e-05 1.05e-05 1.275e-05 8.05e-06 1.04e-05 7.6e-06 9.2e-06 9.4e-06 6.85e-06 5.85e-06 9e-06 9.05e-06 6.35e-06 9.1e-06 9.7e-06 4.95e-06 5.1e-06 9.45e-06 7.5e-06 1.265e-05 1.015e-05 6.7e-06 1.025e-05 7e-06 5.85e-06 7.25e-06 9.8e-06 8.45e-06 6.3e-06 3.65e-06 7.5e-06 1.095e-05 9.8e-06 5.35e-06 9e-06 1.09e-05 7.9e-06 1.335e-05 7.65e-06 7.05e-06 4.8e-06 7.65e-06 8.55e-06 7.85e-06 7e-06 1.07e-05 7e-06 8.9e-06 1.33e-05 8.75e-06 9.8e-06 7.55e-06 7.5e-06 4.95e-06 1.275e-05 1.15e-05 8e-06 1.075e-05 9.05e-06 9.6e-06 1.005e-05 1.32e-05 6.95e-06 6.95e-06 7.15e-06 1.385e-05 7.2e-06 5.5e-06 8.25e-06 7.3e-06
6 7.15e-06 7.6e-06 8.1e-06 8.4e-06 8.45e-06 7e-06 1.19e-05 8.3e-06 7.8e-06 7.6e-06 7.1e-06 6.75e-06 1.095e-05 7.9e-06 7.6e-06 7.2e-06 8.5e-06 1.13e-05 7.5e-06 6.3e-06 7.4e-06 7.6e-06 7.95e-06 7.65e-06 8.3e-06 7.35e-06 8.1e-06 1.1e-05 7.7e-06 7.6e-06 8.65e-06 8.05e-06 1.05e-05 8.05e-06 7.95e-06 8.3e-06 8.5e-06 7.35e-06 7.1e-06 7.5e-06 7.95e-06 6.5e-06 8.05e-06 7.15e-06 7.75e-06 6.3e-06 7.5e-06 7.85e-06 6.85e-06 1.04e-05 8.65e-06 6.95e-06 7.9e-06 6.25e-06 7.65e-06 7.55e-06 7.4e-06 8.25e-06 7.45e-06 7.55e-06 7.05e-06 8.75e-06 7e-06 7.65e-06 6.55e-06 8.55e-06 8.1e-06 1.175e-05 7.1e-06 7.85e-06 7.6e-06 7.3e-06 8.3e-06 8.15e-06 7.7e-06 1.115e-05 7.3e-06 6.45e-06 1.115e-05 7.2e-06 7.45e-06 7.15e-06 8.1e-06 7.9e-06 1.05e-05 1.135e-05 7.5e-06 8.5e-06 6.6e-06 8.05e-06 7.6e-06 1.135e-05 7.55e-06 7.65e-06 7.9e-06 1.17e-05 7.4e-06 6.9e-06 8.2e-06 7.6e-06
7 7.95e-06 8e-06 7.1e-06 7.55e-06 6.6e-06 7.95e-06 8.3e-06 1.17e-05 9.1e-06 7.95e-06 8.1e-06 8.1e-06 1.115e-05 8.05e-06 8.45e-06 7.2e-06 6.5e-06 9.75e-06 7.7e-06 8.2e-06 7.75e-06 8.95e-06 6.55e-06 7.3e-06 7.35e-06 8e-06 7.35e-06 1.035e-05 7.9e-06 7.8e-06 8.85e-06 7.6e-06 1.095e-05 8.3e-06 7.5e-06 6.55e-06 8.85e-06 7.65e-06 7.85e-06 7.65e-06 7.85e-06 8.65e-06 7.95e-06 8.3e-06 9.25e-06 7.8e-06 7.5e-06 8.45e-06 7.35e-06 1.1e-05 9.4e-06 7.7e-06 8.1e-06 8.05e-06 8e-06 7.4e-06 7.1e-06 7.95e-06 7.2e-06 7.85e-06 7.35e-06 8.5e-06 7.9e-06 7.45e-06 8.45e-06 9.6e-06 7.55e-06 1.06e-05 8.2e-06 7.25e-06 7.6e-06 8.15e-06 7.45e-06 7.3e-06 8.05e-06 1.045e-05 7.15e-06 8.35e-06 1.005e-05 7.85e-06 8.95e-06 8.1e-06 7.6e-06 6.7e-06 1.095e-05 1.075e-05 8.25e-06 7e-06 8.5e-06 7.6e-06 8.05e-06 1.02e-05 8.2e-06 7.75e-06 7.3e-06 1.045e-05 8.5e-06 7.85e-06 7.45e-06 7.75e-06
8 1.16e-05 4.35e-06 8.1e-06 9.45e-06 9.1e-06 1.025e-05 7.8e-06 9.1e-06 6.2e-06 5.3e-06 7.3e-06 7.95e-06 9.65e-06 5.35e-06 4.1e-06 9.3e-06 6.95e-06 9.75e-06 5.2e-06 3.15e-06 5.1e-06 5.25e-06 8.95e-06 6.2e-06 9.85e-06 1.215e-05 9.2e-06 9.35e-06 5.4e-06 5.3e-06 5.45e-06 5.75e-06 8.1e-06 8.75e-06 5.65e-06 9.3e-06 7.75e-06 5.15e-06 7.8e-06 1.205e-05 6.6e-06 3.35e-06 1.175e-05 4e-06 4.7e-06 1.215e-05 1.2e-05 4.65e-06 8.8e-06 8e-06 5.05e-06 7.65e-06 5.6e-06 7.75e-06 1.21e-05 7.6e-06 5e-06 1.02e-05 9.15e-06 1.075e-05 9.6e-06 5.6e-06 4.6e-06 1.17e-05 3.4e-06 4.3e-06 9.45e-06 9.95e-06 7.35e-06 7.85e-06 1.195e-05 7.5e-06 9.35e-06 9.7e-06 7.8e-06 1.26e-05 7.35e-06 3.3e-06 9.7e-06 5.9e-06 4e-06 7.5e-06 9.2e-06 1.18e-05 8.1e-06 1.23e-05 7.7e-06 7.05e-06 3.45e-06 5.8e-06 5.3e-06 9.9e-06 8.25e-06 8.3e-06 9e-06 1.015e-05 7.55e-06 1.26e-05 9.4e-06 8.45e-06
9 1.12e-05 4.85e-06 8.3e-06 6.9e-06 9.55e-06 9.95e-06 7.6e-06 7.95e-06 5.3e-06 7e-06 6.85e-06 7.55e-06 8.85e-06 6.05e-06 4.95e-06 8.8e-06 4e-06 7.55e-06 3.8e-06 3.55e-06 3.5e-06 6.05e-06 8.9e-06 3.85e-06 7.2e-06 1.05e-05 8.55e-06 7.55e-06 3.8e-06 3.7e-06 5.75e-06 4.15e-06 7.3e-06 8.45e-06 4.25e-06 9.25e-06 8.2e-06 5.35e-06 7.25e-06 1.09e-05 6.85e-06 3.85e-06 1.045e-05 4.4e-06 5.7e-06 1.115e-05 1.135e-05 4.45e-06 7.5e-06 7.2e-06 6.35e-06 7.1e-06 4e-06 7.45e-06 1.085e-05 7.75e-06 4.1e-06 7.8e-06 8.45e-06 1.03e-05 9.1e-06 6.85e-06 4e-06 1.045e-05 3.8e-06 6e-06 7.55e-06 9.45e-06 6.75e-06 7.95e-06 1.12e-05 7.05e-06 6.9e-06 7.25e-06 8.15e-06 1.085e-05 7.5e-06 3.7e-06 8.45e-06 6.05e-06 4.8e-06 7.05e-06 9.3e-06 1.115e-05 7.3e-06 1.065e-05 7.25e-06 3.6e-06 3.85e-06 6.05e-06 3.8e-06 8.9e-06 7.85e-06 7.95e-06 9.5e-06 7.35e-06 7.85e-06 1.15e-05 8.5e-06 8.05e-06
10 8.05e-06 7.3e-06 8.15e-06 6.9e-06 8.65e-06 7.45e-06 7.1e-06 8.1e-06 7.3e-06 6.85e-06 1.05e-05 7.1e-06 1.1e-05 7.4e-06 7.2e-06 7.8e-06 7.85e-06 1.06e-05 6.75e-06 5.3e-06 6.65e-06 7.7e-06 8.05e-06 7.2e-06 8.2e-06 8.3e-06 6.6e-06 1.015e-05 6.95e-06 6.85e-06 7.85e-06 7.3e-06 9.7e-06 7.95e-06 7.2e-06 8.4e-06 7.15e-06 6.75e-06 6.75e-06 7.15e-06 8.35e-06 5.6e-06 5.75e-06 6.6e-06 7.6e-06 8.3e-06 8.2e-06 7.5e-06 7.15e-06 9.6e-06 8.35e-06 6.6e-06 7.15e-06 6.9e-06 7.15e-06 7.25e-06 6.5e-06 8.75e-06 7.35e-06 7.75e-06 8.2e-06 8.35e-06 5.95e-06 6.2e-06 5.55e-06 8e-06 8.45e-06 1.14e-05 5.75e-06 7.9e-06 8.35e-06 5.55e-06 6.8e-06 7.75e-06 7.75e-06 1.1e-05 7e-06 5.45e-06 1.05e-05 7.25e-06 6.7e-06 5.6e-06 8.2e-06 7.95e-06 9.7e-06 9.8e-06 5.7e-06 8e-06 5.6e-06 7.8e-06 6.95e-06 1.095e-05 7.05e-06 7.35e-06 8.5e-06 1.115e-05 7.1e-06 8.75e-06 7.15e-06 7.7e-06
11 7.55e-06 7.7e-06 7.9e-06 8.45e-06 7.95e-06 7.2e-06 6.75e-06 8.1e-06 7.95e-06 7.55e-06 7.1e-06 1.25e-05 1.115e-05 7.65e-06 7.7e-06 7.2e-06 8.6e-06 1.14e-05 7.55e-06 6.3e-06 7.45e-06 7.8e-06 7.75e-06 7.7e-06 8.5e-06 7.75e-06 7.8e-06 1.11e-05 7.75e-06 7.65e-06 8.75e-06 7.8e-06 1.055e-05 8.25e-06 7.7e-06 7.8e-06 8.55e-06 7.1e-06 7.25e-06 7.1e-06 7.85e-06 6.6e-06 8.15e-06 7.25e-06 8.05e-06 6.7e-06 7.8e-06 7.95e-06 6.85e-06 1.045e-05 8.75e-06 7.1e-06 7.95e-06 6.7e-06 7.9e-06 7.3e-06 7.45e-06 8.55e-06 7.65e-06 7.45e-06 7.35e-06 8.55e-06 7.05e-06 7.8e-06 6.55e-06 8.65e-06 8.35e-06 1.175e-05 7.2e-06 7.9e-06 7.95e-06 7.3e-06 8.35e-06 8.35e-06 7.9e-06 1.135e-05 7.05e-06 6.45e-06 1.125e-05 7.05e-06 7.5e-06 7.25e-06 8e-06 7.8e-06 1.055e-05 1.14e-05 7.5e-06 8.6e-06 6.6e-06 7.85e-06 7.75e-06 1.115e-05 7.4e-06 7.85e-06 7.85e-06 1.18e-05 7.55e-06 6.8e-06 7.95e-06 7.8e-06
12 1.295e-05 8.75e-06 1.13e-05 1.1e-05 1.23e-05 1.19e-05 1.095e-05 1.115e-05 9.65e-06 8.85e-06 1.1e-05 1.115e-05 1.44e-05 1.025e-05 9.1e-06 1.19e-05 8.7e-06 8e-06 8.6e-06 8.55e-06 8.65e-06 8.4e-06 1.205e-05 8.65e-06 1.085e-05 1.32e-05 1.21e-05 8.2e-06 8.8e-06 8.7e-06 1.01e-05 9.05e-06 8.05e-06 1.125e-05 8.95e-06 1.23e-05 1.19e-05 9.85e-06 1.08e-05 1.325e-05 1e-05 9e-06 1.335e-05 8.85e-06 9.85e-06 1.295e-05 1.315e-05 9e-06 1.085e-05 8.1e-06 1.02e-05 1.065e-05 9e-06 1.08e-05 1.325e-05 1.13e-05 8.75e-06 1.12e-05 1.135e-05 1.21e-05 1.195e-05 1.085e-05 9e-06 1.265e-05 8.8e-06 1.02e-05 1.1e-05 9.4e-06 1.125e-05 1.105e-05 1.31e-05 1.105e-05 1.09e-05 1.05e-05 1.075e-05 1.015e-05 1.105e-05 8.7e-06 8.9e-06 9.8e-06 9.15e-06 1.095e-05 1.195e-05 1.29e-05 8.05e-06 1.04e-05 1.09e-05 8.45e-06 8.85e-06 1e-05 8.95e-06 9.1e-06 1.09e-05 1.06e-05 1.205e-05 8.1e-06 1.1e-05 1.33e-05 1.235e-05 1.095e-05
13 1.11e-05 5.3e-06 7.2e-06 9.45e-06 6.2e-06 9.7e-06 7.9e-06 8.05e-06 5.35e-06 6.05e-06 7.4e-06 7.65e-06 1.025e-05 7.3e-06 5.2e-06 7.65e-06 7.6e-06 1.045e-05 5.8e-06 3.7e-06 5.85e-06 6.1e-06 6.65e-06 6.9e-06 9.85e-06 1.14e-05 7.6e-06 1.01e-05 6e-06 5.9e-06 7.3e-06 5.85e-06 8.75e-06 9.15e-06 5.75e-06 6.65e-06 9e-06 4.15e-06 7.75e-06 1.1e-05 5.7e-06 3.9e-06 1.11e-05 4.75e-06 5.7e-06 1.135e-05 1.09e-05 5.45e-06 8.8e-06 8.8e-06 6.15e-06 7.6e-06 6.2e-06 7.6e-06 1.135e-05 6.5e-06 5.6e-06 1.01e-05 7.95e-06 1.02e-05 7.9e-06 5.95e-06 5.35e-06 1.105e-05 3.95e-06 6.4e-06 9.05e-06 9e-06 7.55e-06 7.2e-06 1.09e-05 7.45e-06 9.35e-06 9.7e-06 8.15e-06 1.265e-05 6.25e-06 3.85e-06 9.5e-06 4.8e-06 4.95e-06 7.45e-06 7.8e-06 1.01e-05 8.75e-06 1.235e-05 7.7e-06 7.7e-06 4e-06 5e-06 6.15e-06 9e-06 7.9e-06 8.45e-06 6.75e-06 1.085e-05 7.7e-06 1.145e-05 7.8e-06 8.55e-06
14 1.165e-05 1.75e-06 6.35e-06 9.2e-06 8.75e-06 9.3e-06 7.6e-06 8.45e-06 4.1e-06 4.95e-06 7.2e-06 7.7e-06 9.1e-06 5.2e-06 3.2e-06 8.8e-06 6.5e-06 9.2e-06 4.7e-06 2.65e-06 4.75e-06 3.75e-06 7.95e-06 5.95e-06 9.5e-06 1.18e-05 8.8e-06 9.15e-06 4.9e-06 4.8e-06 4.85e-06 5.45e-06 7.6e-06 8.6e-06 5.35e-06 8.4e-06 7.55e-06 4.45e-06 7.45e-06 1.19e-05 4.9e-06 3.1e-06 1.17e-05 2.4e-06 4.3e-06 1.185e-05 1.145e-05 2.7e-06 8.7e-06 7.65e-06 3.55e-06 7.3e-06 5.1e-06 7.35e-06 1.195e-05 6.9e-06 4.55e-06 9.8e-06 8.5e-06 1.02e-05 9e-06 5.05e-06 4.5e-06 1.16e-05 2.9e-06 2.95e-06 8.75e-06 9.8e-06 7.35e-06 6.1e-06 1.14e-05 7.25e-06 9.1e-06 9.35e-06 6.6e-06 1.225e-05 6.65e-06 2.8e-06 9.3e-06 5.25e-06 2.7e-06 7.2e-06 8.85e-06 1.125e-05 7.6e-06 1.205e-05 7.6e-06 6.55e-06 2.95e-06 4.05e-06 5.05e-06 9.2e-06 7.9e-06 6.9e-06 8.65e-06 9.65e-06 7.4e-06 1.23e-05 8.95e-06 7.05e-06
15 6.2e-06 8.65e-06 7.4e-06 8.15e-06 6e-06 7.35e-06 7.2e-06 7.2e-06 9.3e-06 8.8e-06 7.8e-06 7.2e-06 1.19e-05 7.65e-06 8.8e-06 1e-05 8.75e-06 1.15e-05 8.6e-06 8.25e-06 8.6e-06 9.15e-06 5.65e-06 8.15e-06 8.1e-06 6.15e-06 6.1e-06 1.14e-05 8.8e-06 8.7e-06 9.35e-06 8.5e-06 1.155e-05 8e-06 8.4e-06 5.75e-06 8.55e-06 6.75e-06 7.75e-06 6.5e-06 7.35e-06 8.65e-06 7.45e-06 8.7e-06 9.5e-06 5.85e-06 6.75e-06 9e-06 6.9e-06 1.155e-05 9.65e-06 7.6e-06 9e-06 7.05e-06 6.95e-06 7.3e-06 8.5e-06 8.05e-06 6.25e-06 7.45e-06 5.3e-06 7.6e-06 8.4e-06 6.95e-06 8.5e-06 9.65e-06 7.85e-06 1.08e-05 7.9e-06 7.4e-06 6.9e-06 7.9e-06 8.05e-06 7.95e-06 7.9e-06 1.09e-05 7.05e-06 8.4e-06 1.025e-05 7.05e-06 9e-06 7.9e-06 6.45e-06 6.35e-06 1.155e-05 1.105e-05 8e-06 8.75e-06 8.55e-06 7e-06 8.9e-06 9.85e-06 7.85e-06 7.85e-06 6.3e-06 1.19e-05 8.05e-06 6e-06 6.5e-06 7.75e-06
16 1.06e-05 5.95e-06 9.05e-06 5.3e-06 9.95e-06 1.08e-05 8.5e-06 6.5e-06 6.95e-06 4e-06 7.85e-06 8.6e-06 8.7e-06 7.6e-06 6.5e-06 8.75e-06 2.4e-06 5.2e-06 4e-06 6.25e-06 3.85e-06 7.8e-06 9.55e-06 2.6e-06 5.15e-06 9.4e-06 8.45e-06 6.05e-06 4e-06 3.9e-06 5.5e-06 4.15e-06 7.75e-06 7.95e-06 4.25e-06 9.8e-06 8.15e-06 7.05e-06 7.65e-06 9.85e-06 7.7e-06 6.7e-06 9.4e-06 6.25e-06 7.6e-06 1.015e-05 1.065e-05 5.8e-06 6.45e-06 7.8e-06 7.8e-06 7.5e-06 4.2e-06 8.25e-06 9.8e-06 9.3e-06 3.8e-06 6.1e-06 8.1e-06 1.05e-05 8.9e-06 7.6e-06 4.85e-06 9.15e-06 6.5e-06 7.4e-06 6.7e-06 8.7e-06 7.7e-06 8.7e-06 1.05e-05 7.9e-06 5.25e-06 5.3e-06 8.5e-06 9e-06 9.05e-06 6.4e-06 7.25e-06 7.7e-06 7e-06 7.85e-06 9.45e-06 1.055e-05 7.75e-06 9.25e-06 7.95e-06 1.3e-06 6.55e-06 6.95e-06 4.15e-06 8.35e-06 8.5e-06 7.7e-06 9.95e-06 5.3e-06 9e-06 1.04e-05 8.3e-06 7.75e-06
17 1.325e-05 8.6e-06 1.175e-05 8.75e-06 1.275e-05 1.35e-05 1.13e-05 9.75e-06 9.75e-06 7.55e-06 1.06e-05 1.14e-05 8e-06 1.045e-05 9.2e-06 1.15e-05 5.2e-06 9.3e-06 7.3e-06 9.1e-06 7.35e-06 1.06e-05 1.23e-05 6.15e-06 8.85e-06 1.235e-05 1.115e-05 5.5e-06 7.5e-06 7.4e-06 8.5e-06 7.65e-06 6.95e-06 1.07e-05 7.55e-06 1.255e-05 1.08e-05 9.85e-06 1.065e-05 1.255e-05 1.04e-05 9.55e-06 1.205e-05 9.05e-06 1.035e-05 1.29e-05 1.345e-05 8.9e-06 9.5e-06 7e-06 1.05e-05 1.05e-05 7.7e-06 1.105e-05 1.26e-05 1.21e-05 7.1e-06 9.65e-06 1.095e-05 1.325e-05 1.165e-05 1.03e-05 7.95e-06 1.18e-05 9.35e-06 1.01e-05 1.015e-05 7.9e-06 1.08e-05 1.15e-05 1.34e-05 1.065e-05 8.65e-06 8.75e-06 1.11e-05 8.35e-06 1.185e-05 9.25e-06 6.6e-06 1.055e-05 9.8e-06 1.06e-05 1.21e-05 1.325e-05 7e-06 8.35e-06 1.07e-05 5.3e-06 9.4e-06 9.65e-06 7.65e-06 7.6e-06 1.125e-05 1.035e-05 1.27e-05 5.15e-06 1.17e-05 1.325e-05 1.135e-05 1.055e-05
18 1.1e-05 4.6e-06 8.05e-06 6.95e-06 9.3e-06 9.85e-06 7.5e-06 7.7e-06 5.2e-06 3.8e-06 6.75e-06 7.55e-06 8.6e-06 5.8e-06 4.7e-06 8.6e-06 4e-06 7.3e-06 6.5e-06 3.3e-06 3.6e-06 5.8e-06 8.65e-06 3.85e-06 7.25e-06 1.035e-05 8.3e-06 7.3e-06 3.75e-06 3.65e-06 5.5e-06 4.1e-06 7.05e-06 8.2e-06 3.9e-06 9e-06 7.95e-06 5.1e-06 7e-06 1.065e-05 6.6e-06 3.75e-06 1.02e-05 4.2e-06 5.6e-06 1.095e-05 1.11e-05 4.45e-06 7.3e-06 7.1e-06 6.1e-06 6.85e-06 3.95e-06 7.2e-06 1.06e-05 7.5e-06 3.85e-06 7.75e-06 8.25e-06 1.015e-05 8.85e-06 6.6e-06 3.85e-06 1.02e-05 3.55e-06 5.75e-06 7.6e-06 9.2e-06 6.65e-06 7.7e-06 1.095e-05 6.8e-06 6.85e-06 7.25e-06 7.9e-06 1.06e-05 7.25e-06 3.35e-06 8.2e-06 5.8e-06 4.55e-06 6.8e-06 9.05e-06 1.09e-05 7.05e-06 1.04e-05 7e-06 3.5e-06 3.6e-06 5.8e-06 3.9e-06 8.65e-06 7.6e-06 7.7e-06 9.25e-06 7.3e-06 7.6e-06 1.125e-05 8.25e-06 7.8e-06
19 1.125e-05 3e-06 6.85e-06 8.45e-06 8.4e-06 8.75e-06 6.3e-06 8.2e-06 3.15e-06 3.55e-06 5.3e-06 6.3e-06 8.55e-06 3.7e-06 2.65e-06 8.25e-06 6.25e-06 9.1e-06 3.3e-06 1e-07 3.35e-06 3.6e-06 7.55e-06 5.1e-06 9.25e-06 1.15e-05 7.8e-06 8.45e-06 3.5e-06 3.4e-06 5.15e-06 4.05e-06 6.35e-06 8.25e-06 3.95e-06 8e-06 7.4e-06 2.9e-06 6.05e-06 1.115e-05 5.3e-06 5.5e-07 1.055e-05 1.8e-06 3.4e-06 1.16e-05 1.12e-05 3e-06 7.85e-06 6.4e-06 4.2e-06 5.9e-06 3.7e-06 5.95e-06 1.12e-05 5.5e-06 3.15e-06 9.55e-06 8.1e-06 9.65e-06 8.6e-06 5.35e-06 2.5e-06 1.085e-05 3.5e-07 3.85e-06 8.5e-06 9.6e-06 5.45e-06 6.6e-06 1.115e-05 5.35e-06 8.35e-06 9.1e-06 7.1e-06 1.215e-05 5.25e-06 2.5e-07 9.05e-06 3.75e-06 1.85e-06 5.4e-06 8.45e-06 1.1e-05 6.35e-06 1.145e-05 5.7e-06 6.3e-06 4e-07 4.4e-06 3.65e-06 8.95e-06 6.5e-06 7.4e-06 8.3e-06 9.55e-06 6e-06 1.205e-05 8.05e-06 7.55e-06
20 1.1e-05 4.65e-06 8.1e-06 6.8e-06 9.35e-06 9.75e-06 7.4e-06 7.75e-06 5.1e-06 3.5e-06 6.65e-06 7.45e-06 8.65e-06 5.85e-06 4.75e-06 8.6e-06 3.85e-06 7.35e-06 3.6e-06 3.35e-06 6.6e-06 5.85e-06 8.7e-06 3.65e-06 7.1e-06 1.03e-05 8.35e-06 7.35e-06 3.6e-06 3.5e-06 5.55e-06 3.95e-06 7.1e-06 8.25e-06 4.05e-06 9.05e-06 8e-06 5.15e-06 7.05e-06 1.07e-05 6.65e-06 3.65e-06 1.025e-05 4.2e-06 5.5e-06 1.095e-05 1.115e-05 4.25e-06 7.3e-06 7e-06 6.15e-06 6.9e-06 3.8e-06 7.25e-06 1.065e-05 7.55e-06 3.9e-06 7.6e-06 8.25e-06 1.01e-05 8.9e-06 6.65e-06 3.8e-06 1.025e-05 3.6e-06 5.8e-06 7.45e-06 9.25e-06 6.55e-06 7.75e-06 1.1e-05 6.85e-06 6.7e-06 7.1e-06 7.95e-06 1.065e-05 7.3e-06 3.5e-06 8.25e-06 5.85e-06 4.6e-06 6.85e-06 9.1e-06 1.095e-05 7.1e-06 1.045e-05 7.05e-06 3.45e-06 3.65e-06 5.85e-06 3.6e-06 8.7e-06 7.65e-06 7.75e-06 9.3e-06 7.15e-06 7.65e-06 1.13e-05 8.3e-06 7.85e-06
21 1.09e-05 4.6e-06 7.6e-06 9.85e-06 9e-06 8.5e-06 7.6e-06 8.95e-06 5.25e-06 6.05e-06 7.7e-06 7.8e-06 8.4e-06 6.1e-06 3.75e-06 9.15e-06 7.8e-06 1.06e-05 5.8e-06 3.6e-06 5.85e-06 6.1e-06 8.5e-06 7.05e-06 9.75e-06 1.18e-05 9.45e-06 1.03e-05 6e-06 5.9e-06 6.05e-06 6.45e-06 8.8e-06 8.55e-06 6.35e-06 8.85e-06 8.5e-06 5.55e-06 7.55e-06 1.155e-05 6.2e-06 4.05e-06 1.17e-05 4.3e-06 5.45e-06 1.115e-05 1.075e-05 4.2e-06 8.8e-06 8.85e-06 5.05e-06 7.4e-06 6.2e-06 7.45e-06 1.155e-05 7.2e-06 5.7e-06 1e-05 8.65e-06 9.25e-06 9.25e-06 6.45e-06 5.4e-06 1.115e-05 3.85e-06 4.45e-06 9.05e-06 1.095e-05 7.85e-06 7.35e-06 1.07e-05 7.75e-06 9.75e-06 9.5e-06 7.55e-06 1.26e-05 6.95e-06 3.75e-06 1.065e-05 5.6e-06 3.55e-06 7.65e-06 9e-06 1.06e-05 8.8e-06 1.28e-05 7.75e-06 7.8e-06 3.9e-06 6.1e-06 6.15e-06 1.055e-05 7.75e-06 7.85e-06 8.75e-06 1.1e-05 7.4e-06 1.155e-05 9.6e-06 8.1e-06
22 7.6e-06 7.75e-06 5.8e-06 9.1e-06 4.45e-06 7.15e-06 7.95e-06 6.55e-06 8.95e-06 8.9e-06 8.05e-06 7.75e-06 1.205e-05 6.65e-06 7.95e-06 5.65e-06 9.55e-06 1.23e-05 8.65e-06 7.55e-06 8.7e-06 8.5e-06 7.4e-06 9.1e-06 9.05e-06 8.05e-06 6.1e-06 1.23e-05 8.85e-06 8.75e-06 9.9e-06 8.55e-06 1.16e-05 8.6e-06 8.45e-06 4.15e-06 9.15e-06 5.8e-06 7.95e-06 7.9e-06 6.35e-06 8e-06 8.5e-06 7.75e-06 8.8e-06 7.7e-06 7.05e-06 8.15e-06 8.25e-06 1.165e-05 8.9e-06 7.8e-06 9.05e-06 7.7e-06 8.25e-06 6e-06 8.55e-06 9.2e-06 6.1e-06 7.65e-06 5.8e-06 7.05e-06 8.55e-06 8e-06 7.8e-06 9.3e-06 8e-06 1.055e-05 8.2e-06 6.05e-06 7.2e-06 8.1e-06 9e-06 8.85e-06 7.6e-06 1.185e-05 5.75e-06 7.7e-06 1.035e-05 6.25e-06 8.4e-06 8.05e-06 5.95e-06 5.9e-06 1.16e-05 1.2e-05 8.35e-06 9.55e-06 7.85e-06 5.85e-06 9e-06 9.65e-06 8.05e-06 7.9e-06 5.4e-06 1.27e-05 7.85e-06 7.8e-06 6.45e-06 7.9e-06
23 1.015e-05 5.8e-06 8.85e-06 5.75e-06 9.7e-06 1.025e-05 7.65e-06 7.3e-06 6.2e-06 3.85e-06 7.2e-06 7.7e-06 8.65e-06 6.9e-06 5.95e-06 8.15e-06 2.6e-06 6.15e-06 3.85e-06 5.1e-06 3.65e-06 7.05e-06 9.1e-06 4.1e-06 5.85e-06 9.05e-06 8.15e-06 6.05e-06 3.75e-06 3.75e-06 5e-06 4.05e-06 7.4e-06 7.4e-06 4.15e-06 9.4e-06 7.7e-06 6.2e-06 7.3e-06 9.55e-06 7.4e-06 5.5e-06 9.35e-06 5.6e-06 6.85e-06 9.55e-06 1.07e-05 5.35e-06 5.8e-06 7.4e-06 7.2e-06 7.15e-06 4.05e-06 7.45e-06 9.6e-06 8.6e-06 4.15e-06 6.35e-06 7.9e-06 1.025e-05 8.4e-06 6.95e-06 4.05e-06 9.25e-06 5.35e-06 6.55e-06 7e-06 8.85e-06 7.05e-06 8.5e-06 1.055e-05 7.3e-06 5.55e-06 5.9e-06 8.3e-06 9.45e-06 8.35e-06 5.25e-06 7.55e-06 6.9e-06 6e-06 7.25e-06 9.05e-06 1.055e-05 7.4e-06 9.45e-06 7.4e-06 2.2e-06 5.4e-06 6.6e-06 3.95e-06 8.3e-06 7.95e-06 7.75e-06 9.65e-06 5.95e-06 8.3e-06 9.9e-06 8e-06 7.8e-06
24 7.5e-06 9.05e-06 9.25e-06 5.85e-06 9.35e-06 7.95e-06 8.3e-06 7.35e-06 9.85e-06 7.2e-06 8.2e-06 8.5e-06 1.085e-05 9.85e-06 9.5e-06 8.1e-06 5.15e-06 8.85e-06 7.25e-06 9.25e-06 7.1e-06 9.75e-06 9.05e-06 5.85e-06 9.4e-06 7e-06 8.15e-06 9.2e-06 7.25e-06 7.15e-06 8.4e-06 7.4e-06 1.09e-05 7.85e-06 7.5e-06 9.3e-06 8.55e-06 9.4e-06 7.1e-06 7.1e-06 9.35e-06 9.7e-06 7.05e-06 9.3e-06 1.015e-05 6.95e-06 7.45e-06 9e-06 6.35e-06 1.095e-05 1.04e-05 6.95e-06 7.45e-06 8.15e-06 7.05e-06 9.45e-06 7.5e-06 6.25e-06 7.35e-06 7.65e-06 8.15e-06 9.85e-06 7.85e-06 6.4e-06 9.5e-06 1.025e-05 6.8e-06 1.11e-05 8.05e-06 8.9e-06 6.85e-06 8.25e-06 5.85e-06 5.45e-06 8.45e-06 8.6e-06 9.2e-06 9.4e-06 9.75e-06 9.3e-06 9.95e-06 8.15e-06 8.7e-06 7.6e-06 1.09e-05 9.75e-06 8.3e-06 4.8e-06 9.55e-06 9.35e-06 7.4e-06 1.085e-05 8.4e-06 7.65e-06 9.1e-06 8.7e-06 8.9e-06 7.2e-06 8e-06 7.7e-06
25 3.95e-06 1.14e-05 9e-06 7.1e-06 8.35e-06 6.15e-06 7.35e-06 8e-06 1.215e-05 1.05e-05 8.3e-06 7.75e-06 1.32e-05 1.14e-05 1.18e-05 6.15e-06 9.4e-06 1.235e-05 1.035e-05 1.15e-05 1.03e-05 1.18e-05 8.05e-06 9.05e-06 7e-06 4.3e-06 7.55e-06 1.25e-05 1.05e-05 1.04e-05 1.145e-05 1.065e-05 1.345e-05 8.05e-06 1.06e-05 8.3e-06 8.75e-06 1.095e-05 8.2e-06 4.3e-06 1.09e-05 1.19e-05 5.2e-06 1.165e-05 1.24e-05 3e-06 4.9e-06 1.16e-05 6.35e-06 1.345e-05 1.255e-05 8.05e-06 1.07e-05 7.2e-06 3.95e-06 9.15e-06 1.07e-05 6.05e-06 7.05e-06 6.3e-06 6.4e-06 1.145e-05 1.085e-05 4.65e-06 1.175e-05 1.255e-05 7.35e-06 1.3e-05 8.25e-06 8.65e-06 5.15e-06 8.4e-06 7e-06 6.85e-06 8.45e-06 1e-05 8.9e-06 1.165e-05 1.22e-05 1.08e-05 1.22e-05 8.4e-06 7.95e-06 5.4e-06 1.345e-05 1.02e-05 8.45e-06 8.95e-06 1.18e-05 1.095e-05 1.06e-05 1.27e-05 8.65e-06 8.05e-06 7.85e-06 1.225e-05 8.85e-06 3.3e-06 7.55e-06 7.8e-06
26 7.4e-06 8.7e-06 7.8e-06 7.1e-06 6.55e-06 8.05e-06 8.1e-06 7.35e-06 9.2e-06 8.55e-06 6.6e-06 7.8e-06 1.21e-05 7.6e-06 8.8e-06 6.1e-06 8.45e-06 1.115e-05 8.3e-06 7.8e-06 8.35e-06 9.45e-06 6.1e-06 8.15e-06 8.15e-06 7.55e-06 1.01e-05 1.095e-05 8.5e-06 8.4e-06 9e-06 8.2e-06 1.12e-05 8.1e-06 8.1e-06 6.2e-06 7.7e-06 6.6e-06 7.65e-06 6.35e-06 7.85e-06 8.25e-06 5.55e-06 8.55e-06 9.5e-06 7.6e-06 7.4e-06 9.1e-06 7.4e-06 1.125e-05 9.75e-06 7.5e-06 8.7e-06 7.75e-06 6.65e-06 7.45e-06 8.05e-06 8.65e-06 6.35e-06 7.85e-06 6.4e-06 7.6e-06 7.85e-06 5.75e-06 8.05e-06 9.55e-06 8.35e-06 1.08e-05 7.05e-06 7.8e-06 7.6e-06 6.7e-06 7e-06 7.7e-06 8.1e-06 1.09e-05 7.2e-06 7.95e-06 9.95e-06 7.3e-06 8.75e-06 6.75e-06 6.7e-06 6.55e-06 1.12e-05 9.95e-06 6.75e-06 8.6e-06 8.1e-06 7.1e-06 8.65e-06 9.8e-06 7.6e-06 7.7e-06 7.05e-06 1.17e-05 8e-06 7.65e-06 5.9e-06 8e-06
27 1.325e-05 8.95e-06 1.2e-05 8.95e-06 1.28e-05 1.355e-05 1.1e-05 1.035e-05 9.35e-06 7.55e-06 1.015e-05 1.11e-05 8.2e-06 1.01e-05 9.15e-06 1.14e-05 6.05e-06 5.5e-06 7.3e-06 8.45e-06 7.35e-06 1.03e-05 1.23e-05 6.05e-06 9.2e-06 1.25e-05 1.095e-05 1.04e-05 7.5e-06 7.4e-06 7.95e-06 7.65e-06 6.9e-06 1.04e-05 7.55e-06 1.255e-05 1.04e-05 9.45e-06 1.035e-05 1.245e-05 1.055e-05 8.9e-06 1.18e-05 8.9e-06 1.01e-05 1.295e-05 1.35e-05 9e-06 9.05e-06 6.95e-06 1.035e-05 1.02e-05 7.7e-06 1.075e-05 1.25e-05 1.185e-05 7.3e-06 1e-05 1.09e-05 1.33e-05 1.16e-05 1e-05 7.2e-06 1.17e-05 8.7e-06 9.65e-06 1.05e-05 8.15e-06 1.035e-05 1.175e-05 1.345e-05 1.02e-05 8.85e-06 9.1e-06 1.13e-05 8.65e-06 1.16e-05 8.6e-06 6.8e-06 1.02e-05 9.25e-06 1.015e-05 1.205e-05 1.335e-05 6.95e-06 8.5e-06 1.025e-05 5.95e-06 8.75e-06 9.75e-06 7.65e-06 7.8e-06 1.095e-05 1.055e-05 1.27e-05 5.75e-06 1.14e-05 1.33e-05 1.115e-05 1.075e-05
28 1.12e-05 4.8e-06 8.25e-06 6.95e-06 9.5e-06 1.005e-05 7.7e-06 7.9e-06 5.4e-06 3.8e-06 6.95e-06 7.75e-06 8.8e-06 6e-06 4.9e-06 8.8e-06 4e-06 7.5e-06 3.75e-06 3.5e-06 3.6e-06 6e-06 8.85e-06 3.75e-06 7.25e-06 1.05e-05 8.5e-06 7.5e-06 6.9e-06 3.6e-06 5.7e-06 4.1e-06 7.25e-06 8.4e-06 4.2e-06 9.2e-06 8.15e-06 5.25e-06 7.2e-06 1.085e-05 6.8e-06 3.95e-06 1.04e-05 4.35e-06 5.8e-06 1.115e-05 1.13e-05 4.45e-06 7.5e-06 7.3e-06 6.3e-06 7.05e-06 3.95e-06 7.35e-06 1.08e-05 7.65e-06 4.05e-06 7.75e-06 8.45e-06 1.035e-05 9.05e-06 6.8e-06 4.05e-06 1.04e-05 3.7e-06 5.95e-06 7.6e-06 9.4e-06 6.85e-06 7.9e-06 1.115e-05 6.95e-06 6.75e-06 7.25e-06 8.1e-06 1.08e-05 7.4e-06 3.6e-06 8.4e-06 5.95e-06 4.75e-06 6.95e-06 9.25e-06 1.11e-05 7.1e-06 1.06e-05 7.2e-06 3.6e-06 3.8e-06 6e-06 3.9e-06 8.85e-06 7.75e-06 7.9e-06 9.45e-06 7.3e-06 7.8e-06 1.145e-05 8.45e-06 8e-06
29 1.11e-05 4.7e-06 8.15e-06 6.85e-06 9.4e-06 9.95e-06 7.6e-06 7.8e-06 5.3e-06 3.7e-06 6.85e-06 7.65e-06 8.7e-06 5.9e-06 4.8e-06 8.7e-06 3.9e-06 7.4e-06 3.65e-06 3.4e-06 3.5e-06 5.9e-06 8.75e-06 3.75e-06 7.15e-06 1.04e-05 8.4e-06 7.4e-06 3.6e-06 6.7e-06 5.6e-06 4e-06 7.15e-06 8.3e-06 4.1e-06 9.1e-06 8.05e-06 5.05e-06 7.1e-06 1.075e-05 6.7e-06 3.85e-06 1.03e-05 4.25e-06 5.7e-06 1.105e-05 1.12e-05 4.35e-06 7.4e-06 7.2e-06 6.2e-06 6.95e-06 3.8e-06 7.25e-06 1.07e-05 7.45e-06 3.95e-06 7.6e-06 8.35e-06 1.025e-05 8.95e-06 6.7e-06 3.95e-06 1.03e-05 3.5e-06 5.85e-06 7.5e-06 9.3e-06 6.75e-06 7.8e-06 1.105e-05 6.85e-06 6.75e-06 7.15e-06 8e-06 1.07e-05 7.3e-06 3.5e-06 8.3e-06 5.85e-06 4.65e-06 6.85e-06 9.15e-06 1.1e-05 7.1e-06 1.05e-05 7.1e-06 3.5e-06 3.7e-06 5.9e-06 3.75e-06 8.75e-06 7.55e-06 7.8e-06 9.35e-06 7.2e-06 7.7e-06 1.135e-05 8.35e-06 7.9e-06
30 1.12e-05 5.95e-06 9.4e-06 8.15e-06 1.055e-05 1.15e-05 8.65e-06 8.85e-06 5.45e-06 5.75e-06 7.85e-06 8.75e-06 1.01e-05 7.3e-06 4.85e-06 9.35e-06 5.5e-06 8.5e-06 5.5e-06 5.15e-06 5.55e-06 6.05e-06 9.9e-06 5e-06 8.4e-06 1.145e-05 9e-06 7.95e-06 5.7e-06 5.6e-06 5e-06 5.85e-06 8.7e-06 6.85e-06 5.75e-06 1.015e-05 6.1e-06 6.5e-06 8.05e-06 1.11e-05 7.85e-06 5.6e-06 1.05e-05 5.75e-06 6.85e-06 1.155e-05 1.17e-05 5.4e-06 7.55e-06 8.75e-06 5.95e-06 7.9e-06 5.9e-06 8.4e-06 1.115e-05 9.1e-06 5.25e-06 9.15e-06 9e-06 1.135e-05 9.6e-06 5.4e-06 4.7e-06 1.05e-05 5.4e-06 3.25e-06 9.2e-06 1.045e-05 7.95e-06 9.15e-06 1.165e-05 7.9e-06 8.05e-06 8.4e-06 8.5e-06 1.145e-05 8.85e-06 5.3e-06 9e-06 7.35e-06 4.8e-06 7.85e-06 9.45e-06 1.17e-05 8.7e-06 1.13e-05 7.95e-06 5.65e-06 5.45e-06 6.95e-06 5.85e-06 9.85e-06 8.75e-06 8.5e-06 1.04e-05 9.05e-06 8.45e-06 1.19e-05 9.1e-06 8.6e-06
31 1.135e-05 5.35e-06 8.15e-06 7.1e-06 8.7e-06 1.05e-05 8.05e-06 7.6e-06 5.75e-06 4.15e-06 7.3e-06 7.8e-06 9.05e-06 5.85e-06 5.45e-06 8.5e-06 4.15e-06 7.65e-06 4.1e-06 4.05e-06 3.95e-06 6.45e-06 8.55e-06 4.05e-06 7.4e-06 1.065e-05 8.2e-06 7.65e-06 4.1e-06 4e-06 5.85e-06 7.2e-06 7.6e-06 8.55e-06 3.7e-06 8.45e-06 8.3e-06 5.2e-06 7.55e-06 1.07e-05 6.7e-06 4.5e-06 1.055e-05 4.9e-06 6.15e-06 1.135e-05 1.145e-05 5e-06 7.7e-06 7.65e-06 6.65e-06 7.4e-06 4.15e-06 7.75e-06 1.095e-05 7.6e-06 4.4e-06 7.9e-06 8.65e-06 1.04e-05 8.75e-06 6.5e-06 4.4e-06 1.055e-05 4.3e-06 6.3e-06 7.75e-06 9.25e-06 7.2e-06 8.05e-06 1.13e-05 7.35e-06 7e-06 7.4e-06 8.45e-06 1.095e-05 7.35e-06 4.2e-06 8.5e-06 5.9e-06 5.2e-06 7.35e-06 8.95e-06 1.08e-05 7.6e-06 1.075e-05 7.45e-06 3.75e-06 4.2e-06 5.9e-06 4.25e-06 8.55e-06 7.85e-06 8.25e-06 9.1e-06 7.45e-06 8e-06 1.13e-05 8.15e-06 8.35e-06
32 1.385e-05 7.45e-06 1.095e-05 1.035e-05 1.22e-05 1.275e-05 1.05e-05 1.095e-05 8.1e-06 7.3e-06 9.7e-06 1.055e-05 8.05e-06 8.75e-06 7.6e-06 1.155e-05 7.75e-06 6.95e-06 7.05e-06 6.35e-06 7.1e-06 8.8e-06 1.16e-05 7.4e-06 1.09e-05 1.345e-05 1.12e-05 6.9e-06 7.25e-06 7.15e-06 8.7e-06 7.6e-06 1.26e-05 1.115e-05 7.5e-06 1.195e-05 1.08e-05 8.1e-06 1.02e-05 1.355e-05 9.5e-06 6.8e-06 1.305e-05 7.15e-06 8.55e-06 1.39e-05 1.41e-05 7.55e-06 1.055e-05 6.45e-06 9e-06 1.005e-05 7.45e-06 1.02e-05 1.36e-05 1.05e-05 7.15e-06 1.13e-05 1.13e-05 1.31e-05 1.18e-05 9.5e-06 7.15e-06 1.305e-05 6.6e-06 8.65e-06 1.1e-05 8.45e-06 9.95e-06 1.07e-05 1.405e-05 9.75e-06 1.025e-05 1.065e-05 1.07e-05 1.01e-05 1.025e-05 6.5e-06 7.7e-06 8.85e-06 7.55e-06 9.75e-06 1.19e-05 1.38e-05 6.45e-06 9.65e-06 9.95e-06 7.55e-06 6.65e-06 8.7e-06 7.4e-06 8.05e-06 1.055e-05 1.055e-05 1.21e-05 7.1e-06 1.05e-05 1.43e-05 1.15e-05 1.08e-05
33 6.4e-06 8.95e-06 9.05e-06 7.85e-06 9e-06 8.05e-06 8.05e-06 8.3e-06 8.75e-06 8.45e-06 7.95e-06 8.25e-06 1.125e-05 9.15e-06 8.6e-06 8e-06 7.95e-06 1.07e-05 8.2e-06 8.25e-06 8.25e-06 8.55e-06 8.6e-06 7.4e-06 7.85e-06 8.05e-06 8.1e-06 1.04e-05 8.4e-06 8.3e-06 6.85e-06 8.55e-06 1.115e-05 1.06e-05 8.45e-06 8.85e-06 7.15e-06 8.6e-06 7.9e-06 7.55e-06 9.1e-06 8.7e-06 7.55e-06 8.8e-06 9.55e-06 7.45e-06 8e-06 8.8e-06 7.05e-06 1.12e-05 9.45e-06 7.75e-06 8.6e-06 7.9e-06 7.6e-06 8.8e-06 8.1e-06 8.2e-06 7.6e-06 8.05e-06 8.1e-06 8.35e-06 7.8e-06 6.95e-06 8.5e-06 7.85e-06 8.35e-06 1.17e-05 8.1e-06 8.8e-06 7.95e-06 8e-06 7.75e-06 7.45e-06 7.1e-06 1.065e-05 8.55e-06 8.4e-06 1.08e-05 8.65e-06 8.6e-06 7.9e-06 7.1e-06 7.75e-06 1.115e-05 1.075e-05 8.05e-06 7.95e-06 8.55e-06 9e-06 8.55e-06 1.13e-05 8.15e-06 7.9e-06 8.7e-06 1.11e-05 7.1e-06 7.8e-06 8.25e-06 8.3e-06
34 1.125e-05 5.25e-06 8.05e-06 7.2e-06 8.6e-06 1.04e-05 7.95e-06 7.5e-06 5.65e-06 4.25e-06 7.2e-06 7.7e-06 8.95e-06 5.75e-06 5.35e-06 8.4e-06 4.25e-06 7.55e-06 3.9e-06 3.95e-06 4.05e-06 6.35e-06 8.45e-06 4.15e-06 7.5e-06 1.06e-05 8.1e-06 7.55e-06 4.2e-06 4.1e-06 5.75e-06 3.7e-06 7.5e-06 8.45e-06 7e-06 8.35e-06 8.2e-06 5.1e-06 7.45e-06 1.06e-05 6.6e-06 4.4e-06 1.045e-05 4.85e-06 6.05e-06 1.125e-05 1.135e-05 5.1e-06 7.6e-06 7.55e-06 6.55e-06 7.3e-06 4.25e-06 7.65e-06 1.085e-05 7.5e-06 4.3e-06 8e-06 8.55e-06 1.03e-05 8.65e-06 6.4e-06 4.3e-06 1.045e-05 4.2e-06 6.2e-06 7.85e-06 9.15e-06 7.1e-06 7.95e-06 1.12e-05 7.25e-06 7.1e-06 7.5e-06 8.35e-06 1.085e-05 7.25e-06 4.1e-06 8.4e-06 5.8e-06 5.1e-06 7.25e-06 8.85e-06 1.07e-05 7.5e-06 1.065e-05 7.35e-06 3.75e-06 4.1e-06 5.8e-06 4.35e-06 8.45e-06 7.75e-06 8.15e-06 9e-06 7.55e-06 7.9e-06 1.12e-05 8.05e-06 8.25e-06
35 7.85e-06 8.2e-06 6e-06 9.35e-06 4e-06 7.6e-06 8.3e-06 6.55e-06 9.3e-06 9.25e-06 8.4e-06 7.8e-06 1.23e-05 6.65e-06 8.4e-06 5.75e-06 9.8e-06 1.255e-05 9e-06 8e-06 9.05e-06 8.85e-06 4.15e-06 9.4e-06 9.3e-06 8.3e-06 6.2e-06 1.255e-05 9.2e-06 9.1e-06 1.015e-05 8.45e-06 1.195e-05 8.85e-06 8.35e-06 6.5e-06 9.4e-06 6e-06 8.3e-06 7.85e-06 6.6e-06 8.45e-06 8.75e-06 8.3e-06 9.15e-06 8e-06 7.3e-06 8.6e-06 8.55e-06 1.2e-05 9.25e-06 8.15e-06 9.4e-06 8.05e-06 8.5e-06 5.9e-06 8.9e-06 9.45e-06 6.5e-06 7.7e-06 5.9e-06 7.15e-06 8.9e-06 8.25e-06 8.25e-06 9.65e-06 8.25e-06 1.065e-05 8.55e-06 6.3e-06 7.45e-06 8.45e-06 9.25e-06 9.1e-06 7.95e-06 1.21e-05 5.65e-06 8.15e-06 1.065e-05 6.4e-06 8.75e-06 8.4e-06 5.65e-06 5.7e-06 1.195e-05 1.225e-05 8.6e-06 9.8e-06 8.3e-06 6.15e-06 9.35e-06 9.75e-06 8.1e-06 8.25e-06 5.3e-06 1.295e-05 8.2e-06 7.75e-06 6e-06 8.25e-06
36 8.25e-06 8.1e-06 9.15e-06 7.65e-06 9.8e-06 9.2e-06 8.5e-06 8.85e-06 7.75e-06 8.2e-06 7.15e-06 8.55e-06 1.19e-05 9e-06 7.55e-06 8.55e-06 8.15e-06 1.08e-05 7.95e-06 7.4e-06 8e-06 8.5e-06 9.15e-06 7.7e-06 8.55e-06 8.75e-06 7.7e-06 1.04e-05 8.15e-06 8.05e-06 6.1e-06 8.3e-06 1.08e-05 7.15e-06 8.2e-06 9.4e-06 1.13e-05 8.2e-06 8e-06 7.8e-06 9.35e-06 7.85e-06 6.9e-06 8e-06 9e-06 8.9e-06 8.95e-06 8.2e-06 7.7e-06 1.085e-05 8.55e-06 7.85e-06 8.35e-06 8.2e-06 8e-06 8.9e-06 7.7e-06 9.15e-06 8.15e-06 9e-06 8.85e-06 7.55e-06 7.3e-06 6.9e-06 7.65e-06 6.4e-06 9.15e-06 1.2e-05 7.55e-06 8.9e-06 9.1e-06 7.2e-06 7.55e-06 7.95e-06 8e-06 1.125e-05 8.65e-06 7.55e-06 1.065e-05 8.9e-06 7.55e-06 7.2e-06 8.45e-06 8.6e-06 1.08e-05 1.045e-05 7.25e-06 8.3e-06 7.7e-06 8.6e-06 8.3e-06 1.14e-05 8.3e-06 7.8e-06 9.6e-06 1.135e-05 8e-06 9.25e-06 8.15e-06 8.3e-06
37 1.08e-05 4.6e-06 6.7e-06 8.9e-06 6.5e-06 9.4e-06 7.35e-06 7.65e-06 5.15e-06 5.35e-06 6.75e-06 7.1e-06 9.85e-06 4.15e-06 4.45e-06 6.75e-06 7.05e-06 9.85e-06 5.1e-06 2.9e-06 5.15e-06 5.55e-06 5.8e-06 6.2e-06 9.4e-06 1.095e-05 6.6e-06 9.45e-06 5.25e-06 5.05e-06 6.5e-06 5.2e-06 8.1e-06 8.6e-06 5.1e-06 6e-06 8.2e-06 5.7e-06 7.2e-06 1.06e-05 5e-06 3.35e-06 1.06e-05 4e-06 5.35e-06 1.105e-05 1.06e-05 4.75e-06 8.25e-06 8.15e-06 5.8e-06 7.05e-06 5.5e-06 7e-06 1.095e-05 5.8e-06 4.95e-06 9.65e-06 7.25e-06 9.85e-06 7e-06 4.8e-06 4.55e-06 1.065e-05 3e-06 5.6e-06 8.6e-06 9.2e-06 6.9e-06 6.7e-06 1.06e-05 6.75e-06 8.8e-06 9.25e-06 7.65e-06 1.225e-05 5.65e-06 3e-06 8.7e-06 4e-06 4.15e-06 6.75e-06 7.15e-06 9.8e-06 8.05e-06 1.185e-05 7.05e-06 7.1e-06 3.2e-06 3.9e-06 5.45e-06 8e-06 7.15e-06 7.95e-06 7.05e-06 1.03e-05 7.15e-06 1.115e-05 7.05e-06 8.05e-06
38 7.75e-06 7.45e-06 8.05e-06 7.65e-06 8.45e-06 6.85e-06 7.1e-06 7.85e-06 7.8e-06 7.25e-06 6.75e-06 7.25e-06 1.08e-05 7.75e-06 7.45e-06 7.75e-06 7.65e-06 1.065e-05 7e-06 6.05e-06 7.05e-06 7.55e-06 7.95e-06 7.3e-06 7.1e-06 8.2e-06 7.65e-06 1.035e-05 7.2e-06 7.1e-06 8.05e-06 7.55e-06 1.02e-05 7.9e-06 7.45e-06 8.3e-06 8e-06 7.2e-06 1.2e-05 7.6e-06 8.05e-06 6.5e-06 7.4e-06 7e-06 7.95e-06 7.6e-06 7.55e-06 7.75e-06 6.9e-06 1.025e-05 8.5e-06 6e-06 7.4e-06 6.9e-06 7.65e-06 7.45e-06 6.7e-06 8.25e-06 7.2e-06 7.15e-06 7.9e-06 8.6e-06 6.5e-06 7.05e-06 6.2e-06 8.35e-06 8e-06 1.15e-05 6.85e-06 7.8e-06 7e-06 6.8e-06 7.55e-06 7.55e-06 7.65e-06 1.01e-05 7.2e-06 6.2e-06 1.06e-05 7.25e-06 7.25e-06 6.75e-06 8.1e-06 7.7e-06 1.02e-05 1.08e-05 7e-06 7.75e-06 6.25e-06 7.95e-06 7.35e-06 1.115e-05 7.3e-06 7.35e-06 8.15e-06 1.115e-05 7.3e-06 8e-06 7.8e-06 7.45e-06
39 4.05e-06 1.165e-05 8.85e-06 6.6e-06 7.85e-06 5.85e-06 7.5e-06 7.65e-06 1.205e-05 1.09e-05 7.15e-06 7.1e-06 1.325e-05 1.1e-05 1.19e-05 6.5e-06 9.85e-06 1.255e-05 1.065e-05 1.115e-05 1.07e-05 1.155e-05 7.9e-06 9.55e-06 7.1e-06 4.3e-06 6.35e-06 1.245e-05 1.085e-05 1.075e-05 1.11e-05 1.07e-05 1.355e-05 7.55e-06 1.06e-05 7.85e-06 7.8e-06 1.06e-05 7.6e-06 5.2e-06 1.055e-05 1.16e-05 3.1e-06 1.165e-05 1.22e-05 3.15e-06 4.45e-06 1.22e-05 5.9e-06 1.36e-05 1.255e-05 7.45e-06 1.105e-05 7.3e-06 3.55e-06 8.7e-06 1.045e-05 7.4e-06 6.65e-06 5.4e-06 6.6e-06 1.12e-05 1.035e-05 2.75e-06 1.14e-05 1.245e-05 7.95e-06 1.32e-05 7.5e-06 8.85e-06 4.8e-06 7.2e-06 6.5e-06 6.5e-06 8.15e-06 9.85e-06 8.45e-06 1.13e-05 1.235e-05 1.02e-05 1.2e-05 7.15e-06 7.35e-06 4.25e-06 1.355e-05 9.45e-06 7.25e-06 9.95e-06 1.145e-05 1.09e-05 1.1e-05 1.28e-05 7.6e-06 7.3e-06 7.7e-06 1.305e-05 8.25e-06 3.15e-06 6.75e-06 7.6e-06
40 1.025e-05 4.1e-06 6.05e-06 9.6e-06 6.7e-06 9e-06 7.95e-06 7.85e-06 6.6e-06 6.85e-06 8.35e-06 7.85e-06 1e-05 5.7e-06 4.9e-06 7.35e-06 7.7e-06 1.04e-05 6.6e-06 5.3e-06 6.65e-06 6.2e-06 6.35e-06 7.4e-06 9.35e-06 1.09e-05 7.85e-06 1.055e-05 6.8e-06 6.7e-06 7.85e-06 6.7e-06 9.5e-06 9.1e-06 6.6e-06 6.6e-06 9.35e-06 5e-06 8.05e-06 1.055e-05 7.9e-06 5.75e-06 1.13e-05 4.65e-06 6.3e-06 1.015e-05 9.9e-06 5.75e-06 8.7e-06 9.55e-06 6.4e-06 7.9e-06 7e-06 7.8e-06 1.1e-05 7e-06 6.5e-06 9.6e-06 7.65e-06 9.45e-06 7.35e-06 6.1e-06 6.65e-06 1.07e-05 5.55e-06 6.8e-06 8.55e-06 9.75e-06 8.5e-06 6.3e-06 9.9e-06 8.4e-06 9.5e-06 9.2e-06 7.05e-06 1.21e-05 6.75e-06 5.45e-06 9.65e-06 4.75e-06 6.05e-06 8.3e-06 7.55e-06 9.3e-06 9.5e-06 1.245e-05 8.65e-06 7.7e-06 5.6e-06 4.2e-06 6.95e-06 9e-06 8.15e-06 7.35e-06 7.05e-06 1.08e-05 8e-06 1.01e-05 8.2e-06 7.45e-06
41 1.165e-05 3.45e-06 7.3e-06 8.9e-06 8.85e-06 9.05e-06 6.5e-06 8.65e-06 3.35e-06 3.85e-06 5.6e-06 6.6e-06 9e-06 3.9e-06 3.1e-06 8.65e-06 6.7e-06 9.55e-06 3.75e-06 5.5e-07 3.65e-06 4.05e-06 8e-06 5.5e-06 9.7e-06 1.19e-05 8.25e-06 8.9e-06 3.95e-06 3.85e-06 5.6e-06 4.5e-06 6.8e-06 8.7e-06 4.4e-06 8.45e-06 7.85e-06 3.35e-06 6.5e-06 1.16e-05 5.75e-06 1e-06 1.1e-05 2.3e-06 3.6e-06 1.2e-05 1.165e-05 3.4e-06 8.25e-06 6.7e-06 4.65e-06 6.35e-06 4.15e-06 6.4e-06 1.165e-05 5.95e-06 3.6e-06 1e-05 8.5e-06 1e-05 9.05e-06 5.8e-06 2.85e-06 1.13e-05 8e-07 4.3e-06 8.95e-06 1.005e-05 5.65e-06 7.05e-06 1.16e-05 5.8e-06 8.8e-06 9.55e-06 7.55e-06 1.26e-05 5.7e-06 7e-07 9.5e-06 4.2e-06 2.3e-06 5.85e-06 8.9e-06 1.145e-05 6.8e-06 1.19e-05 6.15e-06 6.75e-06 8.5e-07 4.85e-06 3.85e-06 9.4e-06 6.95e-06 7.85e-06 8.75e-06 1e-05 6.45e-06 1.25e-05 8.5e-06 8e-06
42 4.9e-06 1.155e-05 9.4e-06 5.35e-06 8.85e-06 6.35e-06 8.05e-06 7.95e-06 1.175e-05 1.045e-05 5.75e-06 8.15e-06 1.335e-05 1.11e-05 1.17e-05 7.45e-06 9.4e-06 1.205e-05 1.02e-05 1.055e-05 1.025e-05 1.17e-05 8.5e-06 9.35e-06 7.05e-06 5.2e-06 5.55e-06 1.18e-05 1.04e-05 1.03e-05 1.05e-05 1.055e-05 1.305e-05 7.55e-06 1.045e-05 8.75e-06 6.9e-06 1.06e-05 7.4e-06 3.1e-06 1.13e-05 1.1e-05 1e-06 1.13e-05 1.2e-05 4.95e-06 5.05e-06 1.205e-05 6.45e-06 1.31e-05 1.245e-05 7.25e-06 1.06e-05 7.8e-06 3e-06 9e-06 9.85e-06 7.85e-06 6.6e-06 5.95e-06 7.7e-06 1.13e-05 9.6e-06 1.6e-06 1.08e-05 1.21e-05 8.3e-06 1.315e-05 6.4e-06 9.15e-06 5.4e-06 5.75e-06 5.2e-06 6.3e-06 8.3e-06 9.75e-06 8.75e-06 1.07e-05 1.19e-05 1.07e-05 1.155e-05 5.55e-06 7.85e-06 4.8e-06 1.305e-05 8.15e-06 5.85e-06 9.65e-06 1.085e-05 1.115e-05 1.055e-05 1.29e-05 7.55e-06 7.2e-06 8.6e-06 1.27e-05 8.15e-06 5.3e-06 6.25e-06 7.75e-06
43 1.155e-05 1.85e-06 6.1e-06 8.85e-06 8.65e-06 9.1e-06 7.15e-06 8.3e-06 4e-06 4.4e-06 6.6e-06 7.25e-06 8.85e-06 4.75e-06 2.4e-06 8.7e-06 6.25e-06 9.05e-06 4.2e-06 1.8e-06 4.2e-06 4.3e-06 7.75e-06 5.6e-06 9.3e-06 1.165e-05 8.55e-06 8.9e-06 4.35e-06 4.25e-06 5.75e-06 4.9e-06 7.15e-06 8.8e-06 4.85e-06 8.3e-06 8e-06 4e-06 7e-06 1.165e-05 4.65e-06 2.3e-06 1.13e-05 3.4e-06 3.95e-06 1.175e-05 1.135e-05 3.3e-06 8.45e-06 7.2e-06 4.3e-06 6.85e-06 4.55e-06 6.9e-06 1.17e-05 6.45e-06 4.05e-06 9.6e-06 8.4e-06 1e-05 8.9e-06 5.7e-06 3.9e-06 1.135e-05 2.1e-06 4.3e-06 8.55e-06 9.7e-06 6.75e-06 6.1e-06 1.13e-05 6.65e-06 8.75e-06 9.15e-06 6.6e-06 1.215e-05 6.2e-06 2e-06 9.2e-06 4.8e-06 3.05e-06 6.6e-06 8.75e-06 1.115e-05 7.15e-06 1.18e-05 7e-06 6.3e-06 2.15e-06 3.8e-06 4.5e-06 9.1e-06 7.45e-06 6.9e-06 8.55e-06 9.45e-06 6.95e-06 1.22e-05 8.7e-06 7.05e-06
