 slim_337495405 slim_337495431 slim_337495528 slim_337495549 slim_337495503 slim_337495513 slim_337495501 slim_337495441 slim_337495698 slim_337495603 slim_337495594 slim_337495576 slim_337495686 slim_337495693 slim_337495616 slim_337495667 slim_337495691 slim_337495669 slim_337495685 slim_337495663 slim_337495712 slim_337495631 slim_337495590 slim_337495704 slim_337495705 slim_337495666 slim_337495605 slim_337495696 slim_337495684 slim_337495678 slim_337495646 slim_337495577 slim_337495636 slim_337495828 slim_337495804 slim_337495765 slim_337495760 slim_337495773 slim_337495824 slim_337495716 slim_337495736 slim_337495814 slim_337495807 slim_337495813 slim_337495823 slim_337495774 slim_337495812 slim_337495764 slim_337495740 slim_337495792 slim_337495796 slim_337495757 slim_337495795 slim_337495761 slim_337495748 slim_337495683 slim_337495791 slim_337495779 slim_337495777 slim_337495785 slim_337495788 slim_337495816 slim_337495782 slim_337495638 slim_337495819 slim_337495754 slim_337495672 slim_337495802 slim_337495808 slim_337495703 slim_337495722 slim_337495778 slim_337495826 slim_337495781 slim_337495721 slim_337495798 slim_337495806 slim_337495803 slim_337495751 slim_337495815 slim_337495756 slim_337495718 slim_337495829 slim_337495811 slim_337495827 slim_337495825 slim_337495809 slim_337495737 slim_337495741 slim_337495784 slim_337495780 slim_337495772 slim_337495789 slim_337495614 slim_337495762 slim_337495783 slim_337495768 slim_337495794 slim_337495726 slim_337495744 slim_337495820
0 0.0006362 0.0008586 0.0008389 0.00082355 0.0008749 0.0007134 0.00082185 0.0007954 0.0008474 0.00088085 0.00087055 0.0008233 0.00072505 0.00088515 0.00087565 0.00084245 0.0008328 0.00083685 0.00084275 0.00084305 0.00081275 0.00077645 0.0008717 0.00088005 0.00088065 0.000794 0.0008402 0.0008309 0.00088925 0.0008629 0.00082465 0.0008355 0.0008631 0.00091305 0.00083065 0.0007156 0.00074505 0.0008979 0.00087095 0.0008797 0.00083975 0.00078885 0.0008852 0.0008842 0.00087075 0.00086835 0.00086035 0.0008358 0.0008595 0.0008914 0.0008475 0.0008627 0.0009141 0.00081165 0.00088105 0.00085145 0.00083365 0.00088005 0.000821 0.0007925 0.00079175 0.0008576 0.00084995 0.00080425 0.00086505 0.0007909 0.00081775 0.00082105 0.00074265 0.00083625 0.00086265 0.0007914 0.000824 0.00087715 0.0008523 0.00082945 0.0008441 0.0007251 0.00085045 0.00079285 0.000793 0.00086775 0.00083895 0.0008583 0.0008516 0.0008324 0.0008327 0.00074495 0.00085465 0.0008054 0.00084395 0.00089405 0.00082525 0.00084635 0.00086515 0.00087985 0.00087605 0.00089225 0.0008773 0.00082515 0.00086785
1 0.0008586 0.0008431 0.0007995 0.00086915 0.00087575 0.0008612 0.0008224 0.00086205 0.00083995 0.00086305 0.0007546 0.00084745 0.00083655 0.00088835 0.0009007 0.00083775 0.0008102 0.00087175 0.0008665 0.0008626 0.0008461 0.00087875 0.0008572 0.0009147 0.0009335 0.00086595 0.0008759 0.0006167 0.00091955 0.00084545 0.00083305 0.00083185 0.0008169 0.0008495 0.00087815 0.0008747 0.00087105 0.0008902 0.00088915 0.00090175 0.00087035 0.0008569 0.00070585 0.00085975 0.0008704 0.00088385 0.00088755 0.00084725 0.00084895 0.00090865 0.00084005 0.00089005 0.0008729 0.00080505 0.00086325 0.0008311 0.0008153 0.0009147 0.000877 0.0008797 0.00086775 0.000842 0.0008742 0.00090445 0.00088455 0.0008378 0.00063265 0.00064855 0.00089205 0.0006172 0.00088255 0.00087715 0.00071655 0.000762 0.0008104 0.0008995 0.0006344 0.0008366 0.00084045 0.00081955 0.0008743 0.00064495 0.0008459 0.0008651 0.00085755 0.00088465 0.0008742 0.00087095 0.00086665 0.00084645 0.00063425 0.0008527 0.00081395 0.00086525 0.000877 0.0008807 0.0008798 0.0008607 0.00085095 0.0008212 0.00083835
2 0.0008389 0.0007995 0.0001203 0.00078785 0.0008431 0.00084665 0.00046045 0.0008391 0.0008594 0.00085145 0.0008112 0.0008395 0.0004618 0.0008867 0.00091775 0.00044075 0.0007717 0.00044765 0.0008395 0.00083725 0.00069235 0.0006923 0.000818 0.00073385 0.0008165 0.0008299 0.00088785 0.00065585 0.0008314 0.0008453 0.0007955 0.0008782 0.00048055 0.0008939 0.0008899 0.00076535 0.00083215 0.000844 0.00084755 0.0009251 0.00090565 0.00083755 0.00082975 0.0008414 0.0009137 0.00084435 0.00084015 0.0008315 0.00087895 0.0008607 0.0008595 0.00080245 0.0008674 0.00047345 0.00085165 0.0008262 0.00048855 0.00073385 0.00088755 0.000787 0.00075955 0.0007407 0.0008422 0.00080595 0.000758 0.0003985 0.00086105 0.00085425 0.000887 0.00046595 0.0007748 0.0007638 0.0008072 0.0007876 0.0004662 0.00081655 0.0008302 0.00046185 0.00083035 0.00048035 0.0008595 0.00087575 0.0008468 0.00086115 0.0008754 0.00053705 0.00079495 0.00083205 0.0009106 0.0007786 0.00083005 0.00094335 0.00031905 0.00087135 0.00083115 0.0008883 0.00083805 0.000883 0.00085985 0.0004759 0.0008605
3 0.00082355 0.00086915 0.00078785 0.0007815 0.0008088 0.00083525 0.000828 0.00080735 0.00077025 0.00089045 0.00085685 0.00078945 0.00080935 0.00063165 0.000868 0.00082205 0.00081365 0.0008021 0.0008343 0.0008615 0.00079045 0.0005604 0.00080815 0.0007229 0.0008133 0.00081485 0.00088005 0.0007734 0.00083135 0.0008663 0.0008079 0.0008344 0.0008143 0.00086445 0.00062025 0.00088365 0.0008625 0.0008609 0.0008284 0.00087905 0.00086415 0.0008095 0.00085505 0.0008344 0.00085175 0.00079925 0.00078685 0.00082205 0.00058795 0.000858 0.00077035 0.0007922 0.000869 0.0008034 0.00089065 0.00085385 0.0007764 0.0007229 0.0008231 0.00074135 0.0008588 0.0007703 0.00081475 0.00074965 0.0005223 0.0007488 0.0008338 0.00083515 0.00086165 0.00083115 0.0008695 0.0006052 0.0008532 0.00084355 0.0007844 0.00082665 0.00082075 0.0008094 0.0007782 0.00080015 0.00082995 0.00084785 0.0007555 0.0008797 0.00085695 0.0006191 0.0007191 0.0008624 0.0007938 0.0005561 0.0008206 0.00087695 0.00082625 0.0008216 0.0008689 0.00087275 0.0008218 0.000836 0.00081515 0.0007616 0.00084635
4 0.0008749 0.00087575 0.0008431 0.0008088 0.0008524 0.00091745 0.0008273 0.00088955 0.0006104 0.0008375 0.00086775 0.00085325 0.0008771 0.0008648 0.00090055 0.0008679 0.000823 0.00070415 0.0008139 0.00087865 0.00091615 0.0008107 0.0008879 0.0006752 0.00058585 0.0008533 0.000915 0.0008707 0.00074125 0.000789 0.00079085 0.00084905 0.0008747 0.00087935 0.0008736 0.0008782 0.00089645 0.0008934 0.0008791 0.000878 0.00088695 0.0008184 0.0009017 0.00088965 0.0008827 0.00050615 0.0006853 0.00080485 0.000627 0.0009036 0.0006105 0.00072455 0.00088645 0.0007688 0.0008377 0.00084875 0.00063305 0.0006752 0.0008954 0.0007853 0.0007819 0.00084775 0.0008849 0.00084505 0.0008009 0.00082825 0.00089565 0.00085475 0.00088835 0.00085745 0.0007013 0.0008313 0.00085225 0.00074535 0.00063105 0.00074555 0.00086385 0.00087715 0.00064495 0.0008197 0.00088415 0.0008733 0.00079455 0.00084955 0.00082685 0.00075225 0.00060145 0.00089635 0.00083555 0.00080935 0.0008637 0.00091165 0.00087875 0.0008416 0.0008558 0.0008235 0.00088265 0.00064735 0.00066945 0.00081715 0.00073635
5 0.0007134 0.0008612 0.00084665 0.00083525 0.00091745 0.0008757 0.0008019 0.00065435 0.0008887 0.00083865 0.00087955 0.0008489 0.0006312 0.00085645 0.00083035 0.00084495 0.0008171 0.0008226 0.00086675 0.0008473 0.0006489 0.00082015 0.000863 0.00083275 0.0007696 0.0008306 0.00087475 0.0008275 0.00080055 0.0008853 0.00087 0.00087215 0.00085825 0.0008871 0.0007264 0.00063625 0.0006439 0.00087355 0.00086445 0.00089825 0.00085485 0.0006612 0.00086945 0.0008312 0.0008408 0.00084265 0.00083465 0.0008208 0.0008708 0.00081975 0.0008888 0.0008134 0.00088345 0.00084455 0.00083885 0.00080515 0.00087 0.00083275 0.0006297 0.00086395 0.0008496 0.0008442 0.0008575 0.0007431 0.0008583 0.0008244 0.00065145 0.000856 0.00061965 0.0008526 0.0007941 0.00083365 0.00086535 0.0008161 0.0008845 0.0007519 0.0008613 0.00063125 0.0008865 0.00084625 0.00071835 0.00085875 0.0008619 0.00086065 0.00088165 0.0008489 0.00088515 0.0006438 0.000825 0.0008241 0.00086115 0.00088785 0.00081765 0.00080045 0.0008055 0.00079785 0.0008721 0.0009051 0.0008922 0.00084315 0.00087495
6 0.00082185 0.0008224 0.00046045 0.000828 0.0008273 0.0008019 0.000795 0.00079965 0.00084375 0.00062125 0.0008486 0.00084275 0.00059035 0.000858 0.0008749 0.00064715 0.00062245 0.00058795 0.0008327 0.00076125 0.000717 0.0007567 0.00083775 0.0007582 0.00079865 0.00078675 0.0008728 0.0007555 0.0008246 0.0008306 0.00081985 0.0008731 0.00066925 0.0008697 0.0008873 0.00070135 0.00081845 0.0008347 0.00083295 0.00088825 0.0008547 0.00080865 0.00087005 0.0008421 0.0008932 0.00081365 0.00082175 0.0006284 0.00084885 0.00083895 0.00084385 0.0008077 0.000852 0.0006243 0.00062145 0.00061555 0.00061305 0.0007582 0.00085395 0.00079685 0.00071135 0.0007778 0.0008351 0.0008234 0.0007784 0.00056195 0.00083065 0.0008175 0.00084175 0.00064405 0.0006511 0.0007881 0.00084885 0.0008222 0.0006528 0.0008247 0.00083055 0.0005904 0.00082275 0.00062475 0.000845 0.00084295 0.00085905 0.00075375 0.0008477 0.00067665 0.00078685 0.00081835 0.0008811 0.00081735 0.0008304 0.0009094 0.0005088 0.00083935 0.00062405 0.00082365 0.00083185 0.00084025 0.00084365 0.0006283 0.0008513
7 0.0007954 0.00086205 0.0008391 0.00080735 0.00088955 0.00065435 0.00079965 0.0008407 0.0008135 0.00081785 0.00087235 0.0007879 0.0007932 0.00077085 0.00078 0.0008397 0.00077285 0.0008182 0.0007301 0.0008135 0.0006502 0.000782 0.0008366 0.0007905 0.0007574 0.00062615 0.0007846 0.0008371 0.0007631 0.0008383 0.00082415 0.00084955 0.0008466 0.0008575 0.0008118 0.00082165 0.0008528 0.00079835 0.0007747 0.00081325 0.00079245 0.0005081 0.000866 0.00078665 0.0008461 0.00082995 0.0007892 0.000753 0.0008543 0.00071195 0.0008136 0.00078315 0.0008596 0.00082725 0.00081805 0.00079275 0.00086035 0.0007905 0.00062015 0.00082985 0.0006901 0.00082535 0.00076765 0.0008189 0.00080015 0.00079185 0.00065625 0.00063795 0.0008393 0.00084775 0.0007882 0.0006097 0.0008553 0.00081455 0.000874 0.00074755 0.00083595 0.00079325 0.00085575 0.0008286 0.0008245 0.00078455 0.0007247 0.00080425 0.0008422 0.00083515 0.0008586 0.0008527 0.00079005 0.0007734 0.0008358 0.0008066 0.00079735 0.0007722 0.00077495 0.00073925 0.00077225 0.0008796 0.00088335 0.0007715 0.0008512
8 0.0008474 0.00083995 0.0008594 0.00077025 0.0006104 0.0008887 0.00084375 0.0008135 0.0008296 0.0008697 0.0008451 0.00072475 0.0008655 0.0007379 0.00081885 0.00085185 0.00071215 0.0008488 0.00081605 0.0008485 0.0008657 0.00081935 0.0008598 0.000824 0.00086105 0.0008245 0.0008937 0.0008615 0.0007815 0.00080935 0.00079625 0.0008024 0.00083455 0.00084555 0.00083685 0.00087695 0.00087365 0.0007881 0.0008134 0.0008481 0.0008886 0.00081455 0.0008459 0.000739 0.0008401 0.00063805 0.00070925 0.0006363 0.00059645 0.0007087 0.0004149 0.0008553 0.0008761 0.0007859 0.0008699 0.00081675 0.00062245 0.000824 0.00085955 0.0007982 0.00080625 0.00084745 0.0007693 0.000848 0.00078515 0.00085045 0.00083755 0.00077075 0.00087755 0.00083045 0.0008641 0.0007641 0.0008392 0.00087185 0.0006371 0.0008696 0.00082545 0.00086555 0.0006324 0.0008129 0.00089225 0.00071515 0.00041485 0.00084895 0.0008332 0.0008084 0.0006086 0.00087355 0.0007014 0.0006643 0.0008253 0.0008486 0.00079585 0.0008799 0.00077975 0.0008298 0.00077375 0.0006524 0.0006425 0.00062245 0.0007361
9 0.00088085 0.00086305 0.00085145 0.00089045 0.0008375 0.00083865 0.00062125 0.00081785 0.0008697 0.0007875 0.00084325 0.0008574 0.00083885 0.00081695 0.0008117 0.0008807 0.00071675 0.0008581 0.00079575 0.00076785 0.0008535 0.0008755 0.0008348 0.00076445 0.0008842 0.0007724 0.0008861 0.000872 0.0008901 0.00061815 0.00084755 0.0008561 0.00084985 0.0006125 0.0008788 0.0007689 0.00085735 0.00075615 0.00078485 0.0008447 0.00082105 0.0008093 0.0008583 0.0008739 0.00083375 0.00086825 0.0008493 0.00064065 0.00085615 0.0008003 0.0008698 0.0008679 0.000606 0.00084935 0.00039395 0.00062275 0.0008505 0.00076445 0.00084315 0.00084095 0.00074475 0.00063375 0.0008361 0.0008489 0.0007394 0.0008429 0.0008506 0.00081925 0.0008313 0.00085705 0.0007357 0.0008525 0.00088335 0.00088485 0.0008434 0.0008889 0.00084875 0.0008389 0.000852 0.000865 0.0008257 0.0008187 0.0008873 0.00056005 0.00064165 0.00091085 0.0008262 0.00085725 0.0008361 0.0008886 0.0008486 0.00085945 0.00086905 0.0008188 0.0006449 0.0007317 0.00081275 0.0006251 0.0008351 0.00086805 0.00084895
10 0.00087055 0.0007546 0.0008112 0.00085685 0.00086775 0.00087955 0.0008486 0.00087235 0.0008451 0.00084325 0.0009062 0.00086295 0.0008442 0.0008467 0.00089385 0.00085275 0.00087905 0.00086675 0.00089525 0.000933 0.0008691 0.00088305 0.00089595 0.0008695 0.00092435 0.0008502 0.00090645 0.0007159 0.00092445 0.0008047 0.0008346 0.00084615 0.00082505 0.0008173 0.0008675 0.00089865 0.000878 0.00091505 0.00089895 0.0006955 0.0008892 0.0008712 0.0006397 0.0009105 0.0008736 0.00088305 0.00088275 0.0008635 0.0008474 0.00091675 0.0008452 0.00089145 0.000871 0.0008097 0.00084345 0.00088725 0.0008304 0.0008695 0.0009027 0.0007482 0.00089005 0.0007943 0.0008817 0.0007558 0.00082965 0.0008587 0.00088075 0.0008633 0.00089705 0.00085025 0.000922 0.00086385 0.00065975 0.0006888 0.0008202 0.0008952 0.00086775 0.00084425 0.0008502 0.0008427 0.00086125 0.00088515 0.00084865 0.0008661 0.00083275 0.0008862 0.00073815 0.0008779 0.00088555 0.0008599 0.0008676 0.00088175 0.00086525 0.0008935 0.00090135 0.0009166 0.00084945 0.00082595 0.0008875 0.0008339 0.0009258
11 0.0008233 0.00084745 0.0008395 0.00078945 0.00085325 0.0008489 0.00084275 0.0007879 0.00072475 0.0008574 0.00086295 0.000867 0.0008453 0.0008184 0.0008176 0.0008247 0.00067005 0.0008355 0.00075565 0.00080055 0.0008461 0.0008202 0.0008085 0.0008638 0.00092105 0.0007585 0.00064575 0.0007574 0.00087725 0.00085415 0.0008459 0.00082195 0.00081635 0.0008206 0.00083785 0.000852 0.0008323 0.000802 0.0008292 0.0008411 0.00080935 0.0007732 0.00084345 0.00079275 0.00082525 0.00089545 0.000639 0.00071955 0.00084605 0.0008314 0.00072485 0.0008765 0.00082055 0.00084775 0.0008576 0.0008055 0.00084815 0.0008638 0.0008376 0.0008354 0.0007839 0.00074875 0.00060945 0.00083255 0.00080715 0.0008387 0.0008379 0.00079185 0.00085855 0.0008438 0.00089515 0.0007728 0.0008801 0.0009113 0.00085085 0.00071895 0.0008363 0.00084535 0.00085095 0.0008426 0.0008072 0.0008026 0.00057985 0.00083315 0.0008543 0.0008427 0.0008389 0.0008322 0.0006442 0.00063015 0.00083615 0.0008213 0.00080835 0.00086325 0.00084625 0.00085465 0.00082325 0.00086485 0.0008274 0.0007032 0.0008202
12 0.00072505 0.00083655 0.0004618 0.00080935 0.0008771 0.0006312 0.00059035 0.0007932 0.0008655 0.00083885 0.0008442 0.0008453 0.0007872 0.000874 0.0008806 0.00063535 0.00076525 0.0006142 0.0008623 0.000823 0.0006823 0.0007317 0.00084055 0.0008177 0.00086695 0.00080055 0.00086635 0.00073185 0.00085085 0.00086855 0.00083825 0.0008762 0.0006622 0.0008845 0.0008313 0.00064535 0.0006737 0.0008634 0.0008611 0.00088535 0.0008453 0.00081405 0.0008549 0.00083675 0.00087835 0.0008704 0.0008533 0.00082235 0.0008677 0.00086645 0.0008656 0.00084445 0.000875 0.0006292 0.00083905 0.0008129 0.0006337 0.0008177 0.0008237 0.000818 0.00081675 0.0007763 0.0008505 0.0007812 0.00080985 0.00055215 0.00080655 0.000848 0.0007035 0.0006596 0.00081605 0.0007885 0.0008528 0.0008492 0.0006758 0.0007943 0.00084775 0.00039365 0.00084795 0.0006339 0.000789 0.0008698 0.00085735 0.00083865 0.00088215 0.00066265 0.0008172 0.0006736 0.0008782 0.00080045 0.0008476 0.00089575 0.00050535 0.0008788 0.00081095 0.0008902 0.0008542 0.00088365 0.00086645 0.0006255 0.0008758
13 0.00088515 0.00088835 0.0008867 0.00063165 0.0008648 0.00085645 0.000858 0.00077085 0.0007379 0.00081695 0.0008467 0.0008184 0.000874 0.0008895 0.0007047 0.00087435 0.0008338 0.00088955 0.00084215 0.0008694 0.00082705 0.0007879 0.00085555 0.00082305 0.0008894 0.00080895 0.00088225 0.0008646 0.00074495 0.0008361 0.00085745 0.0008837 0.00088175 0.00082845 0.00067325 0.00088605 0.0008787 0.0006931 0.00069165 0.0008556 0.00087735 0.0007978 0.0008633 0.0007072 0.00087875 0.00086515 0.0008285 0.0007405 0.00064285 0.000542 0.000738 0.0008543 0.0008402 0.0008793 0.00081715 0.00082975 0.0008556 0.00082305 0.00084015 0.0008667 0.0008305 0.0008103 0.00067675 0.00086785 0.00060985 0.0008525 0.0008561 0.00081355 0.0008901 0.00089875 0.00090815 0.00074005 0.00087845 0.0008737 0.0008598 0.0008787 0.0008611 0.00087405 0.0008301 0.00088465 0.00089035 0.00068795 0.0006351 0.00081355 0.0008394 0.00082535 0.0008371 0.0008786 0.0008126 0.00075035 0.00086095 0.0008719 0.0008171 0.0008655 0.0007231 0.00073615 0.0006321 0.0008108 0.00086635 0.00075275 0.0008741
14 0.00087565 0.0009007 0.00091775 0.000868 0.00090055 0.00083035 0.0008749 0.00078 0.00081885 0.0008117 0.00089385 0.0008176 0.0008806 0.0007047 0.0009062 0.0008961 0.00081325 0.00094385 0.00084015 0.0008413 0.0008245 0.00086155 0.00086325 0.000881 0.00097015 0.00080505 0.0008536 0.00089425 0.00082835 0.00082145 0.00086665 0.00086375 0.00089755 0.00082805 0.000847 0.00084555 0.0008683 0.0007124 0.0007035 0.00087035 0.0008323 0.0007973 0.0008813 0.0007619 0.0006606 0.0009325 0.0008745 0.0007904 0.00088345 0.0006414 0.00081895 0.0009207 0.0008207 0.0008838 0.0008119 0.00083735 0.00090355 0.000881 0.0006115 0.00086315 0.00082345 0.00081645 0.00072035 0.00084515 0.00083285 0.0008832 0.00083425 0.000829 0.00066115 0.0009009 0.00092935 0.00082995 0.00087495 0.0009313 0.0009028 0.00089435 0.00087425 0.00088065 0.0008831 0.0008849 0.0008206 0.0007302 0.00074305 0.00080315 0.00081805 0.00090075 0.0008836 0.0008682 0.00061345 0.000801 0.0008741 0.0008575 0.0007939 0.00088975 0.00076205 0.00073925 0.0007043 0.0008389 0.000875 0.0008277 0.0008744
15 0.00084245 0.00083775 0.00044075 0.00082205 0.0008679 0.00084495 0.00064715 0.0008397 0.00085185 0.0008807 0.00085275 0.0008247 0.00063535 0.00087435 0.0008961 0.0008272 0.00080375 0.00064635 0.00080265 0.00081265 0.00076675 0.00078425 0.0008022 0.0008291 0.00087705 0.0008419 0.00086295 0.0007514 0.00086025 0.00088175 0.0008397 0.00089545 0.00065325 0.0009023 0.00086035 0.0007988 0.00062355 0.00082555 0.0008608 0.0009004 0.0008932 0.0008409 0.0008617 0.0006756 0.00090125 0.0008731 0.0008488 0.0008423 0.00087135 0.0008788 0.00085195 0.0008507 0.00084605 0.0006561 0.0008809 0.00067865 0.0006569 0.0008291 0.00088595 0.0008355 0.00079465 0.00080525 0.00084015 0.0008097 0.0008209 0.00061525 0.0008677 0.00084915 0.00087425 0.0006463 0.00083875 0.000803 0.00086445 0.00085385 0.00066855 0.0008388 0.0008518 0.0006354 0.0008468 0.0006715 0.00085385 0.00087735 0.00083475 0.00087685 0.0009032 0.0007037 0.0008234 0.00062355 0.0008824 0.00080445 0.00085165 0.00090905 0.00055465 0.0008649 0.00084655 0.0008888 0.00084975 0.0008914 0.00082455 0.00063975 0.0008171
16 0.0008328 0.0008102 0.0007717 0.00081365 0.000823 0.0008171 0.00062245 0.00077285 0.00071215 0.00071675 0.00087905 0.00067005 0.00076525 0.0008338 0.00081325 0.00080375 0.0008931 0.0007881 0.00079845 0.00074605 0.000764 0.0008211 0.00084635 0.00085595 0.0008824 0.00079065 0.0008529 0.00081895 0.0008642 0.0008754 0.00085465 0.00085065 0.0007927 0.00086145 0.0008563 0.0007302 0.0008322 0.0008464 0.0008418 0.0008774 0.00085385 0.00077945 0.0008479 0.00082155 0.00084775 0.00084055 0.00068445 0.0005807 0.0008085 0.00085565 0.00071225 0.00086615 0.0008706 0.00078855 0.00071695 0.0006662 0.0007541 0.00085595 0.00083305 0.00085945 0.0006985 0.00084405 0.0008323 0.000868 0.0008156 0.00076015 0.0008028 0.00076 0.0008392 0.0007747 0.00070605 0.0007864 0.0008739 0.00087675 0.0007908 0.00085595 0.0008195 0.0007653 0.00082435 0.00079315 0.00086715 0.00079575 0.0006258 0.00077075 0.0008843 0.0008084 0.00082085 0.0008321 0.0006817 0.00063915 0.00081935 0.00084595 0.00066745 0.00084215 0.0006907 0.0008374 0.0008496 0.00084855 0.0008207 0.0006677 0.0008299
17 0.00083685 0.00087175 0.00044765 0.0008021 0.00070415 0.0008226 0.00058795 0.0008182 0.0008488 0.0008581 0.00086675 0.0008355 0.0006142 0.00088955 0.00094385 0.00064635 0.0007881 0.0007794 0.0008664 0.0008669 0.0007169 0.00072075 0.0008592 0.00061225 0.00047595 0.0008445 0.00087785 0.0007361 0.0006826 0.00086645 0.00081575 0.00087275 0.00066935 0.00091855 0.0008728 0.00083015 0.00086045 0.0008966 0.0008801 0.0009136 0.00090365 0.00080865 0.00089455 0.00087655 0.00092225 0.00066375 0.00064045 0.00081635 0.0008581 0.00088685 0.0008489 0.0006497 0.0009126 0.00059885 0.0008583 0.000825 0.0006206 0.00061225 0.00086075 0.00078995 0.0008192 0.00078825 0.000839 0.0008109 0.00079955 0.00054725 0.0008526 0.00088815 0.0009007 0.0006756 0.0006393 0.0007971 0.0008603 0.000679 0.0006577 0.00063685 0.0008717 0.00061425 0.00083755 0.00061415 0.0008563 0.000906 0.00084625 0.000884 0.0008837 0.00056335 0.0007956 0.00086035 0.00091655 0.0008122 0.00087155 0.0009411 0.00052995 0.00078325 0.00083775 0.0008075 0.00086895 0.00089275 0.0008732 0.000618 0.0008589
18 0.00084275 0.0008665 0.0008395 0.0008343 0.0008139 0.00086675 0.0008327 0.0007301 0.00081605 0.00079575 0.00089525 0.00075565 0.0008623 0.00084215 0.00084015 0.00080265 0.00079845 0.0008664 0.000805 0.00059805 0.00085815 0.0008288 0.0005947 0.00084065 0.00089385 0.00072475 0.0008023 0.00085935 0.0007692 0.00080415 0.00080385 0.0008364 0.0008359 0.0008021 0.00088665 0.00083185 0.0008073 0.0005922 0.00076865 0.000836 0.00083565 0.0006352 0.00087855 0.000706 0.00082625 0.00090065 0.0008001 0.00076815 0.0008939 0.00077155 0.00081615 0.0008404 0.0005915 0.00084225 0.00079595 0.0007893 0.0008808 0.00084065 0.00085585 0.0008405 0.0006046 0.00081395 0.0007973 0.0008622 0.0008177 0.00084215 0.0008733 0.0007277 0.00085035 0.000859 0.00085315 0.0007102 0.00089115 0.00091355 0.00086935 0.000857 0.0008287 0.00086235 0.00084725 0.00085165 0.0008748 0.0008383 0.00072485 0.0007868 0.00081435 0.00087575 0.0008722 0.0008072 0.0007827 0.000785 0.00082855 0.000819 0.0008673 0.00073005 0.0007279 0.000741 0.00079545 0.00084575 0.0006549 0.00078955 0.00062865
19 0.00084305 0.0008626 0.00083725 0.0008615 0.00087865 0.0008473 0.00076125 0.0008135 0.0008485 0.00076785 0.000933 0.00080055 0.000823 0.0008694 0.0008413 0.00081265 0.00074605 0.0008669 0.00059805 0.0008475 0.000854 0.0007003 0.00062645 0.0008863 0.0009248 0.0007931 0.0008259 0.0008845 0.00080585 0.00082545 0.00083195 0.0008167 0.0008112 0.00080775 0.0008741 0.00066365 0.00080095 0.0006354 0.00081735 0.0008716 0.0008333 0.0008258 0.00087225 0.0007399 0.00080905 0.00089925 0.00085135 0.0007685 0.00088065 0.00081985 0.0008486 0.000877 0.0006232 0.00082675 0.00076805 0.00075305 0.00084145 0.0008863 0.00085415 0.00086705 0.0006469 0.0008387 0.00083935 0.00087685 0.0008515 0.0006822 0.00085715 0.0007825 0.0008173 0.0008274 0.0008024 0.00079685 0.000896 0.00093815 0.0008595 0.00089155 0.0008275 0.00082305 0.0008515 0.0008249 0.0008493 0.0008269 0.0008235 0.00062045 0.00082865 0.0008597 0.0008833 0.00080085 0.00080355 0.0008199 0.00082735 0.00081055 0.00082445 0.0007745 0.0007001 0.00077665 0.0008402 0.00084995 0.00064865 0.0008164 0.0006333
20 0.00081275 0.0008461 0.00069235 0.00079045 0.00091615 0.0006489 0.000717 0.0006502 0.0008657 0.0008535 0.0008691 0.0008461 0.0006823 0.00082705 0.0008245 0.00076675 0.000764 0.0007169 0.00085815 0.000854 0.0009051 0.00078175 0.0007585 0.00078115 0.000741 0.0008128 0.00089345 0.0007939 0.00078135 0.0008722 0.00074905 0.00087265 0.00077615 0.00089195 0.0008169 0.0008253 0.0008521 0.00085595 0.000746 0.0009155 0.0008779 0.00066465 0.00086965 0.0008282 0.0008441 0.00082645 0.00083025 0.0008103 0.0008539 0.0007986 0.0008658 0.00069725 0.00088505 0.0007372 0.0008537 0.00081765 0.0007726 0.00078115 0.0006412 0.0008438 0.000829 0.000829 0.0008319 0.00082855 0.0008089 0.0007171 0.00065675 0.00084205 0.00082545 0.00076785 0.0007807 0.0007935 0.00086485 0.0008014 0.000811 0.00074 0.0007574 0.00068235 0.00078275 0.00075065 0.0008196 0.00084285 0.0008197 0.0008737 0.00088525 0.00072855 0.0008655 0.000852 0.0008329 0.00079195 0.00075725 0.00091575 0.0006236 0.00067375 0.0008112 0.0007981 0.00075585 0.00090725 0.00088765 0.00072655 0.00087465
21 0.00077645 0.00087875 0.0006923 0.0005604 0.0008107 0.00082015 0.0007567 0.000782 0.00081935 0.0008755 0.00088305 0.0008202 0.0007317 0.0007879 0.00086155 0.00078425 0.0008211 0.00072075 0.0008288 0.0007003 0.00078175 0.0006306 0.0007851 0.00064175 0.00077685 0.00075645 0.00086445 0.0007461 0.00081045 0.00083675 0.0007714 0.000815 0.00076525 0.00086805 0.0007748 0.00075665 0.00085835 0.00083285 0.00078865 0.00088545 0.00082935 0.0008191 0.0008716 0.0008529 0.00085655 0.00080925 0.00080135 0.00082755 0.0007821 0.0008407 0.00081945 0.00076135 0.000859 0.00072805 0.0008757 0.00085965 0.0007487 0.00064175 0.0008309 0.0006656 0.0007553 0.0007364 0.0008282 0.00068515 0.00060985 0.00048555 0.0008378 0.00080745 0.0008462 0.00077945 0.0008059 0.0005374 0.000844 0.0008387 0.0007693 0.0008019 0.00080865 0.00073175 0.0007938 0.00072165 0.00079025 0.00084025 0.00079725 0.0007296 0.00083505 0.0005385 0.00069095 0.00085825 0.00083685 0.00055955 0.0008085 0.0008737 0.000753 0.00080765 0.00085085 0.00085975 0.00079955 0.00086955 0.00083295 0.00072655 0.00083255
22 0.0008717 0.0008572 0.000818 0.00080815 0.0008879 0.000863 0.00083775 0.0008366 0.0008598 0.0008348 0.00089595 0.0008085 0.00084055 0.00085555 0.00086325 0.0008022 0.00084635 0.0008592 0.0005947 0.00062645 0.0007585 0.0007851 0.0008414 0.00083365 0.00088295 0.00081895 0.00086 0.000828 0.00079005 0.00082395 0.00063595 0.00084275 0.000823 0.00081855 0.00085625 0.0008462 0.00082135 0.00063865 0.00063905 0.0008851 0.00087305 0.000819 0.0008838 0.0007385 0.00083755 0.00089475 0.00085925 0.00083965 0.0008793 0.0008131 0.0008599 0.00065185 0.00061235 0.0008408 0.000835 0.0008228 0.0008581 0.00083365 0.0008559 0.000844 0.0008051 0.000793 0.00082935 0.0008478 0.00080655 0.0008121 0.0008672 0.00082715 0.00084655 0.00083595 0.00086235 0.00078005 0.00089335 0.00090865 0.000865 0.0008647 0.00064015 0.0008406 0.0006637 0.00083105 0.000847 0.0008475 0.00081325 0.0008135 0.0008234 0.00082725 0.000871 0.00082125 0.0008261 0.0007883 0.00064 0.00087265 0.00084875 0.00055705 0.0007815 0.00077925 0.0006399 0.00085705 0.00066355 0.0008115 0.0005716
23 0.00088005 0.0009147 0.00073385 0.0007229 0.0006752 0.00083275 0.0007582 0.0007905 0.000824 0.00076445 0.0008695 0.0008638 0.0008177 0.00082305 0.000881 0.0008291 0.00085595 0.00061225 0.00084065 0.0008863 0.00078115 0.00064175 0.00083365 0.0008473 0.0004237 0.00082855 0.00093325 0.00079935 0.0006572 0.00076565 0.00078895 0.0008494 0.00081655 0.00081545 0.00086385 0.00091435 0.00091595 0.00081635 0.0007762 0.00091575 0.00089905 0.0007735 0.0008868 0.0008753 0.0009046 0.0006283 0.00066675 0.00079845 0.0008336 0.00078435 0.0008241 0.0006085 0.0008109 0.00075085 0.00076465 0.0008206 0.00078395 0.0004237 0.0008302 0.0007147 0.0008563 0.0007284 0.0008464 0.00075335 0.0006248 0.0007183 0.00083865 0.0008878 0.00092185 0.0008424 0.0006561 0.00071185 0.00085295 0.00065695 0.0007755 0.0006566 0.00086435 0.00081775 0.00081315 0.00077535 0.0008544 0.0008682 0.0008153 0.00082625 0.0007846 0.00062085 0.0007211 0.00091585 0.0008823 0.00071485 0.0008642 0.00093275 0.0008179 0.00073275 0.00083605 0.000709 0.00080255 0.0007915 0.0008534 0.0007752 0.00084465
24 0.00088065 0.0009335 0.0008165 0.0008133 0.00058585 0.0007696 0.00079865 0.0007574 0.00086105 0.0008842 0.00092435 0.00092105 0.00086695 0.0008894 0.00097015 0.00087705 0.0008824 0.00047595 0.00089385 0.0009248 0.000741 0.00077685 0.00088295 0.0004237 1e-07 0.00090485 0.000983 0.00090095 0.00045535 0.0009091 0.0008487 0.0008804 0.00086495 0.00094805 0.00086715 0.00093265 0.0009471 0.00093915 0.00090665 0.00097025 0.00096155 0.0007262 0.0009365 0.0008998 0.00093675 0.00042485 0.000534 0.00083345 0.0008356 0.00084585 0.00086115 0.0004226 0.00094775 0.0008082 0.0008844 0.0008414 0.00082645 0.0004237 0.0007613 0.0008309 0.00089195 0.0009149 0.00092245 0.00086735 0.0008308 0.0007994 0.00076085 0.00092805 0.0009425 0.00086945 0.00043745 0.000844 0.00089535 0.00047575 0.00083725 0.00046555 0.00088805 0.000867 0.0008474 0.00082135 0.00089635 0.00091995 0.0008727 0.0009488 0.0009039 0.00064345 0.0008338 0.000947 0.0009282 0.00084795 0.0008879 0.0009821 0.00086975 0.0006215 0.00085235 0.00066045 0.00090115 0.00091255 0.00088515 0.00083805 0.00083985
25 0.000794 0.00086595 0.0008299 0.00081485 0.0008533 0.0008306 0.00078675 0.00062615 0.0008245 0.0007724 0.0008502 0.0007585 0.00080055 0.00080895 0.00080505 0.0008419 0.00079065 0.0008445 0.00072475 0.0007931 0.0008128 0.00075645 0.00081895 0.00082855 0.00090485 0.000826 0.0007337 0.00078545 0.0008654 0.0008057 0.0008141 0.0008714 0.0008477 0.00081905 0.00085135 0.0007979 0.00083745 0.00080295 0.0007681 0.00078625 0.00058035 0.00071385 0.00086965 0.0008336 0.00084435 0.00088755 0.0008417 0.0007746 0.0008614 0.0007989 0.0008246 0.00084085 0.00081805 0.00082845 0.0007726 0.0008056 0.00083685 0.00082855 0.00083375 0.00081125 0.00068055 0.00073685 0.00074655 0.00079625 0.00077995 0.00075945 0.0008567 0.00063995 0.0008255 0.00085365 0.000855 0.0006055 0.00087785 0.00089045 0.00084905 0.000803 0.0008262 0.0008006 0.0008236 0.0008416 0.0006314 0.00081635 0.00077895 0.00074685 0.00082395 0.00082335 0.0008049 0.00083735 0.000813 0.0007929 0.00082605 0.0008054 0.00081635 0.00083805 0.000798 0.00082225 0.0007711 0.0008244 0.0008656 0.00079125 0.0008498
26 0.0008402 0.0008759 0.00088785 0.00088005 0.000915 0.00087475 0.0008728 0.0007846 0.0008937 0.0008861 0.00090645 0.00064575 0.00086635 0.00088225 0.0008536 0.00086295 0.0008529 0.00087785 0.0008023 0.0008259 0.00089345 0.00086445 0.00086 0.00093325 0.000983 0.0007337 0.0008639 0.0007902 0.00093855 0.00089285 0.0008811 0.00088105 0.00087555 0.00087735 0.00088985 0.0008343 0.0008394 0.0008496 0.00086195 0.00066365 0.0006014 0.0008179 0.00088835 0.000864 0.0008595 0.0009537 0.0008731 0.00087 0.00091845 0.0008918 0.0008938 0.00093085 0.0008686 0.00087865 0.0008863 0.0008552 0.0008967 0.00093325 0.00087335 0.00088055 0.0007935 0.00079035 0.0006345 0.0008623 0.0008913 0.0008507 0.00088365 0.00077715 0.00085935 0.0008773 0.00092925 0.00079685 0.00091045 0.00095035 0.0009041 0.00076825 0.0008708 0.0008664 0.0009016 0.00088615 0.00081875 0.0008513 0.0008632 0.00085285 0.00089905 0.0009112 0.000891 0.0008393 0.0008668 0.0008667 0.00087065 0.0006455 0.00087565 0.000906 0.00088535 0.0008889 0.00086535 0.00091185 0.0008828 0.00086615 0.0008709
27 0.0008309 0.0006167 0.00065585 0.0007734 0.0008707 0.0008275 0.0007555 0.0008371 0.0008615 0.000872 0.0007159 0.0007574 0.00073185 0.0008646 0.00089425 0.0007514 0.00081895 0.0007361 0.00085935 0.0008845 0.0007939 0.0007461 0.000828 0.00079935 0.00090095 0.00078545 0.0007902 0.0007528 0.00088585 0.00084815 0.00078725 0.0008585 0.00077415 0.0008854 0.00084545 0.0008552 0.000838 0.00087735 0.00083275 0.0008819 0.0008139 0.00082635 0.0007269 0.00085075 0.00089925 0.00089565 0.0008274 0.00084415 0.00087395 0.0008743 0.0008616 0.0008316 0.0008914 0.000729 0.0008722 0.00084295 0.00077305 0.00079935 0.0008721 0.0007658 0.00084795 0.00063265 0.00076355 0.00076465 0.0007755 0.0007233 0.00083165 0.00085175 0.00087775 0.00075695 0.00087865 0.00077415 0.0007035 0.0007364 0.00076795 0.0007683 0.0008051 0.0007319 0.00082635 0.0007455 0.0007787 0.0008516 0.00083285 0.0008821 0.0008619 0.00075515 0.00079085 0.0008379 0.00087735 0.00075685 0.00080495 0.0008926 0.0007282 0.00086745 0.000863 0.0009097 0.00081695 0.0008916 0.000892 0.00074435 0.0008617
28 0.00088925 0.00091955 0.0008314 0.00083135 0.00074125 0.00080055 0.0008246 0.0007631 0.0007815 0.0008901 0.00092445 0.00087725 0.00085085 0.00074495 0.00082835 0.00086025 0.0008642 0.0006826 0.0007692 0.00080585 0.00078135 0.00081045 0.00079005 0.0006572 0.00045535 0.0008654 0.00093855 0.00088585 0.0009107 0.0009064 0.0008522 0.00088385 0.0008659 0.00093 0.00088405 0.00089215 0.0008999 0.0006904 0.00077865 0.0009331 0.00092985 0.0007475 0.0009275 0.00066015 0.0009074 0.0006672 0.00069305 0.0007552 0.00086185 0.0005519 0.0007816 0.00065155 0.00084345 0.00083005 0.0008903 0.00084535 0.0008511 0.0006572 0.00079835 0.00085785 0.0008425 0.0009017 0.0007645 0.00088825 0.0008461 0.00082055 0.0008109 0.00087875 0.0009063 0.00087595 0.000658 0.00082035 0.0009057 0.00070235 0.00085795 0.00067645 0.00088695 0.0008509 0.0008634 0.0008427 0.0009083 0.0007688 0.0006842 0.00091525 0.0009065 0.00075525 0.00086615 0.0008998 0.00087585 0.0008391 0.0008868 0.00093585 0.00079425 0.0007576 0.00064075 0.0006861 0.00074645 0.000917 0.00080565 0.00075375 0.0007814
29 0.0008629 0.00084545 0.0008453 0.0008663 0.000789 0.0008853 0.0008306 0.0008383 0.00080935 0.00061815 0.0008047 0.00085415 0.00086855 0.0008361 0.00082145 0.00088175 0.0008754 0.00086645 0.00080415 0.00082545 0.0008722 0.00083675 0.00082395 0.00076565 0.0009091 0.0008057 0.00089285 0.00084815 0.0009064 0.0008281 0.00063555 0.00071355 0.0008189 0.00060135 0.00088105 0.00088775 0.0009012 0.00078105 0.00080465 0.0008332 0.0008513 0.0008298 0.0008148 0.0008901 0.00080135 0.0008365 0.00085735 0.0008332 0.0008142 0.0008391 0.00080945 0.00087455 0.00061665 0.00064285 0.00061835 0.0008438 0.00080695 0.00076565 0.0008421 0.00070465 0.0008384 0.0006268 0.0008463 0.00082835 0.00073885 0.0008301 0.00085625 0.000826 0.00086185 0.00085055 0.00089545 0.0008406 0.0007509 0.0008806 0.0007972 0.0008885 0.0008406 0.0008686 0.000802 0.0007499 0.0008456 0.0008254 0.000855 0.0006287 0.00053185 0.00088225 0.00075935 0.0009011 0.00082835 0.00086325 0.00084045 0.000843 0.0008749 0.00083005 0.00085745 0.00078565 0.00082385 0.00059565 0.00078585 0.00085255 0.0008237
30 0.00082465 0.00083305 0.0007955 0.0008079 0.00079085 0.00087 0.00081985 0.00082415 0.00079625 0.00084755 0.0008346 0.0008459 0.00083825 0.00085745 0.00086665 0.0008397 0.00085465 0.00081575 0.00080385 0.00083195 0.00074905 0.0007714 0.00063595 0.00078895 0.0008487 0.0008141 0.0008811 0.00078725 0.0008522 0.00063555 0.0008617 0.00073675 0.0008267 0.0008541 0.0008599 0.00086865 0.0008952 0.00084775 0.00066485 0.0008658 0.0008753 0.000801 0.00086885 0.000866 0.00085045 0.00080785 0.0008543 0.00083855 0.0008054 0.00085875 0.00079635 0.00063975 0.0008426 0.00062285 0.00084775 0.0008637 0.00077775 0.00078895 0.0008391 0.00067405 0.00080195 0.00079155 0.0008421 0.0008071 0.00077995 0.00078535 0.00084465 0.00082675 0.0008713 0.0008192 0.00084165 0.00078705 0.00074145 0.0008611 0.0007845 0.0008467 0.00064025 0.0008383 0.000599 0.000699 0.0008454 0.00084625 0.0008257 0.0008289 0.000722 0.0008196 0.0007533 0.0008951 0.0008542 0.0008077 0.0006401 0.00089975 0.00082785 0.00064185 0.00085345 0.0008554 0.00065095 0.000808 0.00080395 0.00080715 0.00074415
31 0.0008355 0.00083185 0.0008782 0.0008344 0.00084905 0.00087215 0.0008731 0.00084955 0.0008024 0.0008561 0.00084615 0.00082195 0.0008762 0.0008837 0.00086375 0.00089545 0.00085065 0.00087275 0.0008364 0.0008167 0.00087265 0.000815 0.00084275 0.0008494 0.0008804 0.0008714 0.00088105 0.0008585 0.00088385 0.00071355 0.00073675 0.0008405 0.00065305 0.0006288 0.0008914 0.00088225 0.000906 0.0008529 0.0008942 0.00087835 0.0009023 0.0008552 0.00064045 0.00085785 0.00062415 0.0008517 0.0008406 0.0008286 0.00084465 0.0009019 0.0008025 0.00088355 0.00081815 0.00072945 0.0008563 0.00085165 0.0008471 0.0008494 0.0008263 0.0006199 0.00086585 0.00083235 0.00085235 0.0008677 0.00083605 0.0008465 0.0008103 0.00081815 0.0008613 0.00083435 0.00086915 0.0008357 0.0006405 0.0008705 0.0008469 0.00086505 0.000835 0.00087625 0.0008549 0.00064585 0.0008981 0.0008061 0.000782 0.00083655 0.0006293 0.0008538 0.00082035 0.0009059 0.0008115 0.00080505 0.00083485 0.00067235 0.00089035 0.00085535 0.00088115 0.0008653 0.0008939 0.0008319 0.00081085 0.00082665 0.00083255
32 0.0008631 0.0008169 0.00048055 0.0008143 0.0008747 0.00085825 0.00066925 0.0008466 0.00083455 0.00084985 0.00082505 0.00081635 0.0006622 0.00088175 0.00089755 0.00065325 0.0007927 0.00066935 0.0008359 0.0008112 0.00077615 0.00076525 0.000823 0.00081655 0.00086495 0.0008477 0.00087555 0.00077415 0.0008659 0.0008189 0.0008267 0.00065305 0.0009148 0.0006496 0.00089125 0.00081035 0.00086015 0.00084775 0.0008909 0.00088795 0.0008957 0.00086115 0.0006376 0.00083105 0.00067075 0.00086905 0.00084185 0.0008272 0.0008676 0.00089395 0.00083465 0.00085775 0.0008187 0.00064865 0.00085005 0.0008266 0.0006768 0.00081655 0.00086025 0.00081515 0.0008129 0.0007784 0.00084315 0.00085075 0.0008049 0.00062465 0.00083115 0.00082725 0.0008727 0.0006372 0.00081255 0.0008047 0.00083335 0.00084145 0.00068845 0.0008503 0.0008339 0.00066225 0.0008619 0.00066465 0.0008841 0.00082495 0.00079615 0.00083135 0.0008421 0.000693 0.00082775 0.00086005 0.00084995 0.00078735 0.00083375 0.0007003 0.00059785 0.0008622 0.00086245 0.0008834 0.000876 0.0008601 0.00083425 0.00063835 0.00085615
33 0.00091305 0.0008495 0.0008939 0.00086445 0.00087935 0.0008871 0.0008697 0.0008575 0.00084555 0.0006125 0.0008173 0.0008206 0.0008845 0.00082845 0.00082805 0.0009023 0.00086145 0.00091855 0.0008021 0.00080775 0.00089195 0.00086805 0.00081855 0.00081545 0.00094805 0.00081905 0.00087735 0.0008854 0.00093 0.00060135 0.0008541 0.0006288 0.0006496 0.0007564 0.00087455 0.0008907 0.0008884 0.0007629 0.00083535 0.0008331 0.00084665 0.0008639 0.0006197 0.00085995 0.0006031 0.00091355 0.0008619 0.0008296 0.0008599 0.00084785 0.00084565 0.0009154 0.00056645 0.0008552 0.0006127 0.0008273 0.00088585 0.00081545 0.00084805 0.00085585 0.0008691 0.0006239 0.0008337 0.00087005 0.00075365 0.00087625 0.00084275 0.0008158 0.0008554 0.00086255 0.0009154 0.0008569 0.0008703 0.0009046 0.00087305 0.00090895 0.00084365 0.00088455 0.00088095 0.0008861 0.0008545 0.00078745 0.00081225 0.00062165 0.00063065 0.00090155 0.0008541 0.0008883 0.0007987 0.0008464 0.0008435 0.00063515 0.00091905 0.0008391 0.00087935 0.0007841 0.00084945 0.0006299 0.00081665 0.0008525 0.0008523
34 0.00083065 0.00087815 0.0008899 0.00062025 0.0008736 0.0007264 0.0008873 0.0008118 0.00083685 0.0008788 0.0008675 0.00083785 0.0008313 0.00067325 0.000847 0.00086035 0.0008563 0.0008728 0.00088665 0.0008741 0.0008169 0.0007748 0.00085625 0.00086385 0.00086715 0.00085135 0.00088985 0.00084545 0.00088405 0.00088105 0.0008599 0.0008914 0.00089125 0.00087455 0.000877 0.00076705 0.00075175 0.0009004 0.0008557 0.00087275 0.0008772 0.0008179 0.0008933 0.00085835 0.00084665 0.00084365 0.0008364 0.00087565 0.00062935 0.00087575 0.00083695 0.00083735 0.00088275 0.00088685 0.000879 0.0008565 0.0008487 0.00086385 0.00077845 0.0008657 0.000863 0.00082975 0.00086845 0.0006379 0.00065975 0.0008586 0.0008335 0.00086565 0.00073275 0.0008921 0.0009016 0.00078315 0.000896 0.0008825 0.0008532 0.0008653 0.0008492 0.00083135 0.0008139 0.00088575 0.0006426 0.0008818 0.00085375 0.00084685 0.00087215 0.000821 0.0008259 0.00075165 0.0007969 0.00074925 0.00084905 0.00089825 0.0008987 0.00082425 0.00089915 0.0008584 0.00085775 0.00083495 0.0008625 0.00086555 0.0008629
35 0.0007156 0.0008747 0.00076535 0.00088365 0.0008782 0.00063625 0.00070135 0.00082165 0.00087695 0.0007689 0.00089865 0.000852 0.00064535 0.00088605 0.00084555 0.0007988 0.0007302 0.00083015 0.00083185 0.00066365 0.0008253 0.00075665 0.0008462 0.00091435 0.00093265 0.0007979 0.0008343 0.0008552 0.00089215 0.00088775 0.00086865 0.00088225 0.00081035 0.0008907 0.00076705 0.0008114 0.00063485 0.0008601 0.0008618 0.00086945 0.00081935 0.0008381 0.00088765 0.0008635 0.00084455 0.00088985 0.00088325 0.0007753 0.00086215 0.00088025 0.00087705 0.00089045 0.00086945 0.00082415 0.0007691 0.0007593 0.0008032 0.00091435 0.00083265 0.00087905 0.00061255 0.00085425 0.0008648 0.00076835 0.0008742 0.00069355 0.0008608 0.00082025 0.00060705 0.0007943 0.0007435 0.00083635 0.0008831 0.00091055 0.00082205 0.0008917 0.0008517 0.0006454 0.0008477 0.0008186 0.0007328 0.0008648 0.00090705 0.00068875 0.0008859 0.0008627 0.00086305 0.00063475 0.00083705 0.0008711 0.00085155 0.00085815 0.00077785 0.0008653 0.0007475 0.00086485 0.00087155 0.0008711 0.00084555 0.00083325 0.00083785
