 slim_337497466 slim_337499510 slim_337494613 slim_337494694 slim_337495524 slim_337500569 slim_337501678 slim_337501665 slim_337501676 slim_337498606 slim_337501689 slim_337501756 slim_337501729 slim_337501811 slim_337501738 slim_337501697 slim_337501712 slim_337501739 slim_337501774 slim_337501793 slim_337501741 slim_337501795 slim_337501767 slim_337501792 slim_337501805 slim_337501779 slim_337501847 slim_337501870 slim_337501850 slim_337501904 slim_337501900 slim_337501856 slim_337501812 slim_337501924 slim_337501893 slim_337501908 slim_337501905 slim_337501929 slim_337501854 slim_337501814 slim_337501892 slim_337501849 slim_337501888 slim_337501880 slim_337501840 slim_337501828 slim_337501930 slim_337501915 slim_337501911 slim_337501919 slim_337501818 slim_337501863 slim_337501944 slim_337501902 slim_337501861 slim_337501846 slim_337501836 slim_337501894 slim_337501928 slim_337501927 slim_337501931 slim_337501891 slim_337501896 slim_337501897 slim_337501926 slim_337501934 slim_337501925 slim_337501943 slim_337501936 slim_337501852 slim_337501839 slim_337501914 slim_337501898 slim_337501932 slim_337501945 slim_337501937 slim_337501910 slim_337501860 slim_337501887 slim_337501817 slim_337501923 slim_337501933 slim_337501916 slim_337501917 slim_337501884 slim_337501940 slim_337501921 slim_337501885 slim_337501913 slim_337501862 slim_337501889 slim_337501909 slim_337501895 slim_337501941 slim_337501830 slim_337501939 slim_337501938 slim_337501922 slim_337501918 slim_337501858
0 0.000853 0.0008945 0.0009155 0.0008781 0.00073035 0.0008584 0.00089695 0.00091575 0.0008297 0.0008195 0.0008775 0.00086705 0.0008954 0.0007654 0.00088685 0.00083145 0.00081885 0.0008624 0.0008552 0.0008073 0.00082405 0.0008599 0.0008416 0.00090715 0.00087305 0.0008029 0.000854 0.00085515 0.00086215 0.00085665 0.00087135 0.000855 0.000888 0.0009172 0.00085405 0.00089495 0.0008613 0.0008486 0.000873 0.0008481 0.0008717 0.0006719 0.00089545 0.0008541 0.0008852 0.0008758 0.000854 0.00083745 0.0009153 0.00092505 0.0008764 0.00088545 0.00086835 0.00085055 0.0008682 0.00086315 0.0008067 0.00065945 0.00093005 0.000845 0.000854 0.0008775 0.0008373 0.00083895 0.00087535 0.00085885 0.0008761 0.00086155 0.00086135 0.00079525 0.00089285 0.00085965 0.00088155 0.0008307 0.00088125 0.00088965 0.0005992 0.00086835 0.00087815 0.00063245 0.00085835 0.0008797 0.00083635 0.00086235 0.00085305 0.0008779 0.00083255 0.0008337 0.0008535 0.00084515 0.0007635 0.00089625 0.0009132 0.00086935 0.00086775 0.00088095 0.00087845 0.00085455 0.00064925 0.00082265
1 0.0008945 0.0008637 0.0007055 0.00082205 0.00084085 0.0008713 0.00086315 0.00083825 0.0009166 0.0008458 0.0008815 0.0008845 0.000866 0.00088245 0.00085505 0.00087595 0.0008662 0.00088245 0.00090095 0.0008858 0.0008589 0.00090625 0.0008723 0.00086075 0.00083755 0.0008874 0.00084525 0.00088345 0.00083855 0.0008891 0.00090215 0.0009093 0.0008338 0.00086335 0.0008782 0.00091555 0.0008809 0.0008218 0.0008684 0.0009122 0.00089575 0.00087105 0.0009015 0.00089315 0.00085525 0.00088455 0.00084525 0.00087235 0.00064795 0.00086145 0.00084745 0.0008797 0.00088685 0.00088865 0.0008548 0.00087995 0.0008616 0.0008861 0.00087755 0.00090825 0.00084525 0.0008815 0.00087215 0.0008838 0.0008925 0.0008923 0.0008808 0.0008396 0.00088095 0.0008882 0.0008684 0.0006405 0.0008773 0.00084715 0.00092535 0.0008677 0.00084975 0.00088685 0.00084015 0.0009053 0.00086735 0.00086455 0.0008605 0.0008721 0.0008605 0.0008511 0.0008839 0.0009044 0.0008842 0.0009052 0.00084125 0.00087745 0.00085505 0.0008984 0.00090275 0.0008936 0.00086015 0.00087275 0.00090825 0.0008911
2 0.0009155 0.0007055 0.0009486 0.0008486 0.0008751 0.00083665 0.0008675 0.0008947 0.0008975 0.00082955 0.0008763 0.0008163 0.00089475 0.00087225 0.00087915 0.0008689 0.00087105 0.00089315 0.0009151 0.00089405 0.0008628 0.00086045 0.0009018 0.0006432 0.00086025 0.00088165 0.0008531 0.00086305 0.00081255 0.00086695 0.00081925 0.0008936 0.00082215 0.0008599 0.00087055 0.00089725 0.0008559 0.00085495 0.00086005 0.0008913 0.0008521 0.0008923 0.0006777 0.00087205 0.0008752 0.00087905 0.0008531 0.0008798 0.00072075 0.00086245 0.0008691 0.00087895 0.00086865 0.0008368 0.0008523 0.00086525 0.00086355 0.00089825 0.00089145 0.00088285 0.0008531 0.0008763 0.00088025 0.00087305 0.0009091 0.0008553 0.0008383 0.0008247 0.00085595 0.00087385 0.0008461 0.0008889 0.00085785 0.00087785 0.0006729 0.00085865 0.00088625 0.00086865 0.00085445 0.00089985 0.00084875 0.00085625 0.0008563 0.00087415 0.0008423 0.00087155 0.00089125 0.000877 0.00088595 0.00088805 0.0008935 0.00087045 0.0008696 0.00088105 0.00090235 0.0006633 0.0008747 0.0008662 0.00086545 0.00089525
3 0.0008781 0.00082205 0.0008486 0.0007894 0.00085235 0.00080435 0.0007995 0.0008616 0.00084825 0.00086075 0.0008061 0.00085575 0.00081645 0.0008696 0.00078425 0.0008297 0.00073675 0.0007813 0.000817 0.0008632 0.00078455 0.00082235 0.00087265 0.0008274 0.00074665 0.00085915 0.00079365 0.0008136 0.0008617 0.0008022 0.0008542 0.00088065 0.0007827 0.0008194 0.0008122 0.0008664 0.0008459 0.0007346 0.00083635 0.0008769 0.00087815 0.0008549 0.0008517 0.00080205 0.00084835 0.00082835 0.00079365 0.000779 0.00081525 0.00087505 0.0006071 0.00086185 0.0008732 0.0009017 0.00079745 0.00079835 0.00078615 0.0008733 0.00084235 0.0008315 0.00079365 0.0008061 0.00077955 0.0008352 0.00081335 0.0008447 0.00080545 0.00079505 0.00084595 0.0008145 0.0008334 0.00081245 0.0008384 0.0007735 0.00086 0.0008157 0.00087925 0.0008732 0.00080515 0.00082965 0.0008079 0.00085005 0.0007711 0.00085245 0.00079935 0.0006204 0.0008666 0.0008019 0.00084595 0.00083715 0.00064135 0.0008351 0.00061985 0.0008615 0.000856 0.0007766 0.0008215 0.00080765 0.00088375 0.00084245
4 0.00073035 0.00084085 0.0008751 0.00085235 0.0008791 0.0008277 0.0006052 0.0008439 0.00087915 0.0008535 0.000915 0.0008552 0.0008503 0.00081835 0.0008013 0.0008161 0.0008408 0.0008695 0.00086315 0.0008517 0.0008087 0.0008082 0.0008535 0.0006544 0.00087925 0.00087705 0.0008553 0.0008665 0.00084295 0.0008613 0.000895 0.00086275 0.00088605 0.00092085 0.00082905 0.0008303 0.00085205 0.00083725 0.00087975 0.0008651 0.00076365 0.00072855 0.00087525 0.0008556 0.0008436 0.00087585 0.0008553 0.0008709 0.00090455 0.00088715 0.0008702 0.0008814 0.0008295 0.00074625 0.00067455 0.0008829 0.00086765 0.00070725 0.0008702 0.0008679 0.0008553 0.000915 0.0008713 0.00084955 0.0008801 0.0008594 0.00086765 0.00062515 0.0008521 0.0008874 0.00088585 0.0008088 0.00087195 0.0008202 0.00085485 0.00086345 0.00067575 0.0008295 0.00085495 0.00091715 0.0008933 0.0008481 0.00084225 0.00088355 0.0008647 0.0008706 0.00087285 0.000861 0.00084055 0.00086575 0.00067495 0.0009013 0.0008771 0.00088495 0.00086475 0.00087105 0.0008154 0.00089375 0.00082655 0.00082815
5 0.0008584 0.0008713 0.00083665 0.00080435 0.0008277 0.0008896 0.00086085 0.00089355 0.0009293 0.00086365 0.0008644 0.00085225 0.00085965 0.0008358 0.00087935 0.00078625 0.0008339 0.0007774 0.0008569 0.00083355 0.0008536 0.00087955 0.0007924 0.0008056 0.00074795 0.0008327 0.000632 0.00081475 0.00082685 0.00080605 0.00087195 0.0008593 0.0008062 0.0008328 0.0007835 0.00087575 0.00084705 0.0006499 0.00082495 0.0008965 0.00081465 0.00082835 0.000818 0.00075175 0.00068405 0.00085585 0.000632 0.0006705 0.0008562 0.00087255 0.0008233 0.00090425 0.0008574 0.00086785 0.0008511 0.00089195 0.0007164 0.00082685 0.00084355 0.0008858 0.000632 0.0008644 0.0006713 0.0008194 0.00081345 0.000858 0.00084535 0.00080315 0.0008471 0.0008615 0.00085135 0.00090105 0.0008147 0.0006764 0.000851 0.0006788 0.0008394 0.0008574 0.00084745 0.0008948 0.00086715 0.00086455 0.000622 0.00082905 0.0008088 0.0008174 0.00087495 0.00070365 0.00091925 0.00091835 0.0007589 0.00083195 0.00081935 0.00089765 0.00085585 0.00062505 0.0008096 0.0008577 0.00088955 0.0009349
6 0.00089695 0.00086315 0.0008675 0.0007995 0.0006052 0.00086085 0.0006529 0.00086425 0.0008891 0.00089365 0.0009173 0.0008763 0.00087255 0.00086685 0.00059255 0.0008706 0.00080585 0.0008535 0.0008565 0.0008475 0.0008527 0.0008534 0.0008884 0.0006539 0.0008463 0.0008828 0.0008845 0.0008731 0.0008425 0.0008703 0.00088465 0.00083855 0.00090615 0.00094625 0.00085625 0.000818 0.0008363 0.00084015 0.00087965 0.00087625 0.00083075 0.00090555 0.0008489 0.00084195 0.0008344 0.00089165 0.0008845 0.0008806 0.00088765 0.00087055 0.00084715 0.0008417 0.0008561 0.00084335 0.0006808 0.0008418 0.00087605 0.0008654 0.00088505 0.00083265 0.0008845 0.0009173 0.000881 0.00085675 0.000869 0.00085405 0.0008642 0.00065085 0.00083635 0.0008846 0.00081605 0.00086695 0.00085795 0.00087525 0.00082325 0.00084375 0.0008668 0.0008561 0.00087735 0.00090905 0.00084355 0.00082875 0.00087815 0.0008908 0.0008896 0.00085025 0.0008856 0.00089095 0.0008742 0.0008768 0.00073045 0.0009048 0.00086895 0.000918 0.0008863 0.0008635 0.00085575 0.00089245 0.0008689 0.00088345
7 0.00091575 0.00083825 0.0008947 0.0008616 0.0008439 0.00089355 0.00086425 0.0008719 0.0008898 0.00089595 0.00091745 0.00089975 0.00086345 0.00090245 0.0008693 0.00087025 0.0008792 0.000904 0.0009039 0.00090845 0.00086175 0.0009226 0.00087565 0.00087325 0.0008957 0.00090765 0.00092825 0.00088 0.00084055 0.0008405 0.00093475 0.00087325 0.0009178 0.00090415 0.00088835 0.00065095 0.00089725 0.0008693 0.0008959 0.0008497 0.0008947 0.0008826 0.0008859 0.00087365 0.0009159 0.0009034 0.00092825 0.00092325 0.0008699 0.0009122 0.00089365 0.0009256 0.00089375 0.0008924 0.0008783 0.0008909 0.00090495 0.000864 0.0006701 0.0008925 0.00092825 0.00091745 0.00092375 0.00088785 0.0009066 0.0009032 0.0008804 0.00085745 0.0008973 0.00092985 0.00092055 0.000824 0.00093275 0.00087545 0.00089315 0.0009115 0.00088885 0.00089375 0.00089 0.00095095 0.00092195 0.00090525 0.00091255 0.0009139 0.00092485 0.0009015 0.0009231 0.0008755 0.00084405 0.00089695 0.0008812 0.0008777 0.00086405 0.00087645 0.00089985 0.0009116 0.00085135 0.00093595 0.0009483 0.0008417
8 0.0008297 0.0009166 0.0008975 0.00084825 0.00087915 0.0009293 0.0008891 0.0008898 0.00078 0.0008883 0.000651 0.00088175 0.0008792 0.0008437 0.00087765 0.00091375 0.00084785 0.00067345 0.0008169 0.00084075 0.00088145 0.0008588 0.00085805 0.00089095 0.00088205 0.0008821 0.00093395 0.0008132 0.00086945 0.00068625 0.0006483 0.0009112 0.0008619 0.0009117 0.00090405 0.00088425 0.000924 0.00090585 0.00085635 0.0005938 0.0008991 0.00087325 0.00084305 0.00088955 0.0008898 0.00085795 0.00093395 0.0006716 0.0009051 0.0008717 0.00087985 0.0006111 0.00080425 0.00085995 0.00064195 0.00086845 0.0009058 0.00084265 0.00091555 0.0006619 0.00093395 0.000651 0.0006731 0.0008935 0.0007816 0.00088195 0.000829 0.0008991 0.00092405 0.0006362 0.0007851 0.00088975 0.00088795 0.00090595 0.0008686 0.0008687 0.0008506 0.00080425 0.0008896 0.0006075 0.0005941 0.0008763 0.000891 0.0008989 0.00087185 0.0008857 0.00088295 0.0006477 0.00062725 0.00086845 0.0008698 0.0008548 0.00087155 0.000651 0.00076065 0.0008969 0.0008893 0.00065285 0.0008543 0.00062435
9 0.0008195 0.0008458 0.00082955 0.00086075 0.0008535 0.00086365 0.00089365 0.00089595 0.0008883 0.0007651 0.0009042 0.0008417 0.00090505 0.0008568 0.0008845 0.0008797 0.0008362 0.0008815 0.0009091 0.0008791 0.000877 0.00087895 0.00089775 0.00083205 0.00086145 0.00087705 0.0008451 0.00083585 0.0008458 0.00088785 0.0008619 0.0009086 0.0008509 0.00092285 0.0008869 0.0009093 0.00086115 0.0008521 0.00086235 0.00089265 0.00089575 0.00085945 0.0008378 0.0008599 0.00086695 0.00081905 0.0008451 0.0008729 0.00087855 0.0009014 0.00088445 0.00088285 0.00087315 0.0008699 0.00088445 0.0008735 0.00083515 0.00084885 0.00092695 0.0008892 0.0008451 0.0009042 0.00087275 0.0008672 0.00090565 0.00085865 0.00087975 0.00085095 0.0008612 0.00086205 0.0008352 0.0008971 0.00083525 0.0008982 0.00083405 0.00084855 0.00058945 0.00087315 0.0008621 0.0008646 0.0008451 0.0008588 0.0008188 0.0008731 0.00080345 0.00089285 0.0008456 0.0008538 0.00089265 0.0009195 0.00086145 0.0009089 0.00089585 0.0009069 0.00093285 0.00079885 0.0009129 0.00085795 0.00085155 0.0009133
10 0.0008775 0.0008815 0.0008763 0.0008061 0.000915 0.0008644 0.0009173 0.00091745 0.000651 0.0009042 0.0009185 0.00085535 0.00083865 0.0008901 0.0008723 0.0008857 0.0008367 0.00061165 0.0008317 0.00089475 0.00083715 0.00085585 0.00083485 0.0008767 0.00080985 0.0008901 0.00085365 0.00084175 0.00087095 0.00077625 0.000671 0.0008837 0.0007036 0.00045935 0.0008668 0.0009031 0.00089645 0.000832 0.00084305 0.0008296 0.0009004 0.0006731 0.00083185 0.00084405 0.00086135 0.00086565 0.00085365 0.000649 0.00086345 0.0006728 0.00063615 0.000673 0.00083745 0.00088705 0.0006833 0.0008522 0.0008783 0.0008681 0.0006963 0.00069205 0.00085365 0.00045945 0.00064905 0.00083135 0.0006115 0.0008708 0.0007057 0.0008656 0.0008965 0.00070075 0.0008265 0.0008637 0.00088385 0.00084465 0.00085955 0.0008406 0.00089715 0.00083745 0.0008487 0.0006642 0.000658 0.0008729 0.00085255 0.0008539 0.00086755 0.00064755 0.0008944 0.0008184 0.0008355 0.00086475 0.00086545 0.0006384 0.0008242 0.00065085 0.00068195 0.00082055 0.00086645 0.0006644 0.0008824 0.00084635
11 0.00086705 0.0008845 0.0008163 0.00085575 0.0008552 0.00085225 0.0008763 0.00089975 0.00088175 0.0008417 0.00085535 0.0009604 0.00088575 0.0008584 0.0008727 0.0008565 0.0008226 0.000891 0.0008574 0.00086235 0.0008541 0.00086385 0.00085835 0.0008108 0.000891 0.0008921 0.0008691 0.0008725 0.00078785 0.00089265 0.0006875 0.000897 0.0008506 0.0008169 0.00084115 0.00086785 0.0008777 0.0008481 0.0008826 0.0008817 0.00087215 0.00083385 0.00082415 0.0008423 0.00088835 0.0008837 0.0008691 0.0008805 0.0008979 0.000865 0.00081315 0.00090355 0.00080735 0.0008293 0.0008807 0.000843 0.00087135 0.000872 0.00086285 0.00088935 0.0008691 0.00085535 0.00088085 0.00083935 0.00087915 0.00084885 0.0008286 0.00082365 0.00087775 0.00088965 0.000833 0.0008935 0.00088725 0.0008982 0.00079035 0.0008861 0.00085095 0.00080735 0.0008661 0.0008889 0.00087585 0.00085465 0.0008592 0.0008852 0.0008609 0.0008209 0.0008906 0.0008641 0.00086545 0.000893 0.00082245 0.00085565 0.0009064 0.00084325 0.000881 0.00080645 0.0008764 0.0008826 0.0008681 0.00089915
12 0.0008954 0.000866 0.00089475 0.00081645 0.0008503 0.00085965 0.00087255 0.00086345 0.0008792 0.00090505 0.00083865 0.00088575 0.0008768 0.00091095 0.0006872 0.00085845 0.00089375 0.00084945 0.0008748 0.00090785 0.00089345 0.00087395 0.00085955 0.00085985 0.0008735 0.0008569 0.00088485 0.00085975 0.00092505 0.000834 0.00092345 0.0008569 0.00084535 0.0007864 0.00088225 0.00086685 0.0009162 0.0007342 0.00089125 0.00086755 0.00088495 0.0008279 0.00088545 0.0008771 0.00085535 0.0007448 0.00088485 0.0008731 0.00081425 0.00082665 0.0008257 0.000879 0.00084775 0.0008556 0.00085395 0.00076585 0.0008785 0.00086505 0.0008005 0.0009047 0.00088485 0.00083865 0.00087365 0.0008356 0.00084535 0.00091665 0.00084775 0.00084825 0.00091625 0.00090665 0.00088325 0.0008931 0.0009087 0.0008817 0.0009108 0.00083495 0.00086665 0.00084775 0.00067655 0.0009065 0.0008908 0.00087335 0.00085355 0.00085325 0.0008829 0.00083225 0.0007806 0.00083495 0.0006529 0.00091325 0.00087385 0.00082735 0.0006034 0.0008269 0.00088035 0.00085275 0.0006582 0.00090285 0.0009069 0.0008875
13 0.0007654 0.00088245 0.00087225 0.0008696 0.00081835 0.0008358 0.00086685 0.00090245 0.0008437 0.0008568 0.0008901 0.0008584 0.00091095 0.0008616 0.00087665 0.0008105 0.00080355 0.00086615 0.00083115 0.00063445 0.0008076 0.00085835 0.000817 0.00086025 0.00088255 0.00063275 0.00082135 0.0008387 0.00082145 0.00085795 0.00086055 0.0008316 0.0008519 0.0009259 0.0008324 0.00089085 0.0008356 0.0008259 0.0008462 0.0008484 0.00086345 0.0008312 0.00086505 0.000845 0.00083955 0.00086055 0.00082135 0.0008344 0.0008792 0.00089945 0.0008744 0.00086375 0.0008804 0.0008714 0.0008545 0.00085655 0.0006527 0.0008017 0.0009362 0.0008489 0.00082135 0.0008901 0.00083545 0.0007914 0.00087755 0.0008316 0.00085545 0.0008115 0.00083565 0.0006528 0.0008558 0.0008645 0.00082865 0.00083105 0.0008504 0.000851 0.00077115 0.0008804 0.00084895 0.00082465 0.000838 0.0008345 0.00081405 0.00082155 0.0008207 0.000878 0.00066925 0.00083075 0.0008514 0.0008616 0.00080235 0.00089515 0.00093445 0.00087945 0.00086585 0.0008473 0.000862 0.00084145 0.00083355 0.00084005
14 0.00088685 0.00085505 0.00087915 0.00078425 0.0008013 0.00087935 0.00059255 0.0008693 0.00087765 0.0008845 0.0008723 0.0008727 0.0006872 0.00087665 0.0009251 0.00089015 0.00080745 0.0008436 0.0008359 0.00084595 0.0008635 0.0008411 0.000886 0.0008015 0.0008391 0.0008491 0.0008829 0.00088405 0.0008615 0.0008613 0.0008873 0.0008331 0.000859 0.00086065 0.0008749 0.0008447 0.0008573 0.0007235 0.0008788 0.00087025 0.0008651 0.0008741 0.00087335 0.00083515 0.0008576 0.00090035 0.0008829 0.0008809 0.0008452 0.00085325 0.0008195 0.000865 0.0008658 0.00087435 0.000805 0.0007115 0.0008576 0.0008754 0.00086295 0.00085555 0.0008829 0.0008723 0.0008808 0.00082745 0.00085485 0.00085595 0.00082715 0.000776 0.00085735 0.00087675 0.000814 0.00088855 0.00087055 0.0008898 0.00085045 0.00084825 0.00087415 0.0008658 0.0006753 0.0008854 0.0008482 0.0008495 0.00088835 0.00085865 0.0008932 0.00082655 0.0008805 0.0008607 0.0006671 0.0008777 0.00083555 0.00086525 0.00085105 0.00086595 0.0009018 0.0008637 0.00067975 0.00088615 0.00085985 0.00088625
15 0.00083145 0.00087595 0.0008689 0.0008297 0.0008161 0.00078625 0.0008706 0.00087025 0.00091375 0.0008797 0.0008857 0.0008565 0.00085845 0.0008105 0.00089015 0.0007894 0.00064685 0.00085585 0.00080685 0.00079085 0.00069595 0.0008194 0.00082335 0.0008167 0.00085195 0.0008468 0.00081275 0.0008348 0.0008348 0.0008464 0.00087995 0.0008717 0.00084195 0.000847 0.0004579 0.0008547 0.0008394 0.00083455 0.00080195 0.0008519 0.00058535 0.000834 0.00082985 0.00084865 0.0008827 0.0008849 0.00081275 0.0008736 0.0008702 0.0008994 0.00083375 0.0009382 0.00086045 0.00080905 0.0008497 0.00084695 0.000836 0.00083425 0.0008501 0.0009005 0.00081275 0.0008857 0.0008738 0.000712 0.0008378 0.00082935 0.00086875 0.00066825 0.00083945 0.0008779 0.0008665 0.00084815 0.00081555 0.00082695 0.0008572 0.00088555 0.00085015 0.00086045 0.00082955 0.0008835 0.00088965 0.0007178 0.0008458 0.0008328 0.00083555 0.00084125 0.00088465 0.0008609 0.00087975 0.00083925 0.0008246 0.0008242 0.0008499 0.000875 0.00064165 0.00083875 0.00062555 0.00086375 0.00080905 0.0008668
16 0.00081885 0.0008662 0.00087105 0.00073675 0.0008408 0.0008339 0.00080585 0.0008792 0.00084785 0.0008362 0.0008367 0.0008226 0.00089375 0.00080355 0.00080745 0.00064685 0.000707 0.00081255 0.00085125 0.000815 0.0005911 0.00086135 0.00083115 0.0008509 0.00079685 0.00083735 0.00081595 0.00089055 0.000803 0.00084725 0.0008312 0.00087915 0.0008171 0.0008483 0.0005959 0.00083965 0.00082495 0.00084365 0.0008312 0.00087565 0.00084865 0.00083905 0.0008622 0.00081585 0.0009028 0.0009147 0.00081595 0.0008379 0.00082165 0.00090335 0.00074805 0.00089185 0.00085615 0.0008615 0.0008419 0.0008432 0.00082865 0.00085725 0.00087725 0.00084715 0.00081595 0.0008367 0.0008384 0.00064775 0.0008076 0.00077705 0.0008131 0.0006392 0.000825 0.00081215 0.00081785 0.0008132 0.0008108 0.00080695 0.000808 0.00089295 0.0008186 0.00085615 0.0008187 0.00081685 0.0008103 0.00065615 0.0008755 0.0008287 0.00084055 0.0007559 0.00087445 0.00084875 0.0008634 0.0008064 0.00074285 0.00086485 0.0008787 0.0008594 0.0008306 0.0008352 0.00085095 0.00080335 0.00082985 0.0008166
17 0.0008624 0.00088245 0.00089315 0.0007813 0.0008695 0.0007774 0.0008535 0.000904 0.00067345 0.0008815 0.00061165 0.000891 0.00084945 0.00086615 0.0008436 0.00085585 0.00081255 0.0009905 0.00084835 0.0008761 0.0008405 0.00087395 0.00085365 0.0008742 0.00075365 0.00088395 0.00078215 0.00082525 0.0008877 0.0007739 0.00070795 0.00090925 0.0007671 0.00072775 0.00083695 0.00089705 0.00090315 0.0007662 0.0008394 0.00082725 0.00089285 0.00078945 0.0008502 0.0007869 0.0007882 0.0008629 0.00078215 0.00059235 0.00086415 0.0008071 0.00076705 0.0006911 0.00082715 0.0008858 0.00067365 0.000872 0.0007893 0.00084345 0.00082075 0.0007133 0.00078215 0.00061165 0.0005932 0.00085905 0.00056845 0.00087765 0.00076975 0.00084365 0.0009032 0.0006903 0.00081195 0.0008706 0.0008858 0.00076765 0.0008884 0.00076215 0.0008545 0.00082715 0.0008593 0.00068495 0.00065955 0.00086165 0.0007682 0.00087905 0.000861 0.00077285 0.00088195 0.0007443 0.0008474 0.00087335 0.0008374 0.0007658 0.00080605 0.0007895 0.0007545 0.00076715 0.0008554 0.00068525 0.0008961 0.00084845
18 0.0008552 0.00090095 0.0009151 0.000817 0.00086315 0.0008569 0.0008565 0.0009039 0.0008169 0.0009091 0.0008317 0.0008574 0.0008748 0.00083115 0.0008359 0.00080685 0.00085125 0.00084835 0.0008589 0.0006488 0.0008119 0.0006451 0.00081365 0.00089415 0.00084795 0.00084545 0.00087515 0.00077595 0.00082505 0.00083625 0.00083065 0.0008485 0.0008051 0.00089145 0.0008318 0.0008667 0.00087565 0.00082665 0.0008573 0.00084475 0.00081055 0.0008898 0.0008833 0.0008395 0.00087415 0.00082515 0.00087515 0.0008179 0.0008978 0.00089475 0.0008606 0.0008351 0.0008512 0.00086115 0.00081095 0.0008304 0.0008639 0.00087535 0.0009028 0.00081865 0.00087515 0.0008317 0.0008191 0.0008227 0.0009184 0.00085275 0.00077155 0.00083635 0.0008757 0.00082025 0.0008509 0.0008495 0.00086125 0.0008328 0.0008787 0.0008601 0.00090475 0.0008512 0.0008534 0.00079745 0.00081695 0.00087775 0.000794 0.00085475 0.0008051 0.00086575 0.0008787 0.0008417 0.0008411 0.00083645 0.00085115 0.0008599 0.00086695 0.0008766 0.0008365 0.00088015 0.0007905 0.0008294 0.00084145 0.0008315
19 0.0008073 0.0008858 0.00089405 0.0008632 0.0008517 0.00083355 0.0008475 0.00090845 0.00084075 0.0008791 0.00089475 0.00086235 0.00090785 0.00063445 0.00084595 0.00079085 0.000815 0.0008761 0.0006488 0.0008658 0.00084115 0.0008625 0.0008001 0.0008872 0.0008932 0.00064015 0.00085315 0.0008395 0.00078995 0.00085885 0.00085645 0.0008435 0.00088355 0.0009411 0.0008197 0.0008711 0.0008425 0.0008391 0.00085135 0.0008417 0.0008165 0.00087375 0.00087275 0.0008468 0.00086105 0.0008761 0.00085315 0.0008514 0.0008918 0.00090935 0.0008802 0.0008631 0.000878 0.00087265 0.0008641 0.00085455 0.0006606 0.000851 0.00093885 0.000841 0.00085315 0.00089475 0.00085225 0.00083535 0.00090415 0.00082865 0.00086045 0.0008518 0.00084255 0.00064085 0.0008296 0.0008681 0.00084475 0.0008568 0.00085 0.00085885 0.00082135 0.000878 0.0008586 0.00082865 0.00081855 0.00085515 0.0008415 0.0008496 0.00084005 0.000886 0.00068395 0.0008363 0.0008492 0.00087215 0.00081315 0.00089605 0.00092895 0.00088705 0.00083865 0.00086725 0.0008189 0.00085035 0.00083445 0.00084585
20 0.00082405 0.0008589 0.0008628 0.00078455 0.0008087 0.0008536 0.0008527 0.00086175 0.00088145 0.000877 0.00083715 0.0008541 0.00089345 0.0008076 0.0008635 0.00069595 0.0005911 0.0008405 0.0008119 0.00084115 0.0007917 0.0008278 0.0008644 0.0008335 0.0008412 0.0008722 0.00082985 0.0008452 0.00084675 0.00085675 0.00086385 0.00087375 0.0008341 0.00082645 0.0006664 0.00086715 0.0008486 0.000821 0.0008577 0.0008917 0.0008526 0.000825 0.00087015 0.0008581 0.00088725 0.00087825 0.00082985 0.0008305 0.00084325 0.00087935 0.00076775 0.00089015 0.0008361 0.0008232 0.00082175 0.00084555 0.000866 0.0008524 0.00085985 0.0008495 0.00082985 0.00083715 0.0008311 0.00064175 0.000848 0.0008437 0.0008314 0.0005959 0.00084865 0.0008526 0.0008721 0.0006306 0.00086125 0.0006048 0.0008561 0.0008874 0.00086075 0.0008361 0.00084345 0.00083655 0.0008548 0.00070415 0.00081755 0.00086715 0.00083405 0.0007684 0.0008855 0.0008785 0.0008777 0.00062925 0.00075415 0.00084775 0.0009035 0.0008707 0.0008555 0.00085685 0.0008441 0.0008474 0.00084105 0.00065545
21 0.0008599 0.00090625 0.00086045 0.00082235 0.0008082 0.00087955 0.0008534 0.0009226 0.0008588 0.00087895 0.00085585 0.00086385 0.00087395 0.00085835 0.0008411 0.0008194 0.00086135 0.00087395 0.0006451 0.0008625 0.0008278 0.0008858 0.00082525 0.000776 0.00084325 0.0008565 0.00088765 0.0008321 0.00083215 0.00085385 0.0008513 0.00085175 0.00079715 0.0008743 0.00083115 0.0009013 0.0008681 0.0008609 0.00087455 0.0008763 0.00060835 0.00088605 0.00085775 0.000864 0.0008937 0.00082925 0.00088765 0.00086825 0.00088385 0.00088555 0.0008542 0.0008672 0.0008474 0.0006609 0.00077345 0.00071685 0.00087055 0.00088355 0.00090595 0.00084895 0.00088765 0.00085585 0.0008688 0.00082805 0.00091695 0.0008705 0.0007916 0.00076545 0.00086815 0.000858 0.00081735 0.00088445 0.00087105 0.000867 0.00085365 0.00087915 0.00088605 0.0008474 0.00085135 0.00083005 0.0008284 0.00087705 0.0008454 0.00085565 0.00083375 0.00086195 0.00086005 0.00087055 0.00085335 0.00072285 0.0008797 0.0008737 0.0008662 0.0008772 0.0008487 0.0008519 0.0008001 0.000857 0.0006326 0.00085725
22 0.0008416 0.0008723 0.0009018 0.00087265 0.0008535 0.0007924 0.0008884 0.00087565 0.00085805 0.00089775 0.00083485 0.00085835 0.00085955 0.000817 0.000886 0.00082335 0.00083115 0.00085365 0.00081365 0.0008001 0.0008644 0.00082525 0.0008466 0.0008927 0.00087645 0.00064695 0.00081965 0.0008982 0.0006536 0.0008909 0.00085685 0.00065415 0.0008608 0.0008136 0.00083725 0.0008872 0.0008505 0.0008186 0.0008895 0.0008845 0.00081345 0.0008101 0.0009102 0.00086 0.00079335 0.0008689 0.00081965 0.00081295 0.0008534 0.0008174 0.0008366 0.00083875 0.00085395 0.0008403 0.00086535 0.00083135 0.0008432 0.0008536 0.0008661 0.00084405 0.00081965 0.00083485 0.0008138 0.00064715 0.0008515 0.00086255 0.000854 0.0008487 0.00085055 0.0008394 0.00084565 0.0008774 0.0008764 0.00083825 0.0008832 0.0008231 0.00083285 0.00085395 0.0008801 0.0008667 0.00085975 0.00082255 0.00082855 0.0006707 0.0008782 0.0008447 0.00083345 0.0008422 0.00087535 0.0008509 0.0008044 0.00086165 0.00085725 0.00083675 0.00083885 0.0008678 0.00085815 0.000863 0.00083905 0.00088305
23 0.00090715 0.00086075 0.0006432 0.0008274 0.0006544 0.0008056 0.0006539 0.00087325 0.00089095 0.00083205 0.0008767 0.0008108 0.00085985 0.00086025 0.0008015 0.0008167 0.0008509 0.0008742 0.00089415 0.0008872 0.0008335 0.000776 0.0008927 0.0007917 0.00086735 0.00091315 0.00085825 0.0008492 0.0008019 0.0008435 0.000838 0.0008658 0.00085005 0.00084655 0.0008301 0.00083155 0.0008317 0.00083205 0.0008643 0.00087095 0.0007237 0.00086875 0.00063175 0.00083815 0.00086245 0.00086995 0.00085825 0.00088105 0.00088995 0.00085585 0.00083515 0.0008861 0.0008797 0.0007647 0.00065155 0.0008422 0.0008907 0.0008747 0.00085585 0.00085475 0.00085825 0.0008767 0.00088205 0.00086345 0.00087715 0.0008295 0.00081845 0.00060005 0.00083175 0.0009052 0.00084395 0.000858 0.0008475 0.00085955 0.0005969 0.00085935 0.00086385 0.0008797 0.00084745 0.00091545 0.00086515 0.0008473 0.00084335 0.00089235 0.00084615 0.00083775 0.00090525 0.000864 0.00085435 0.0008696 0.0008447 0.00085705 0.00085875 0.00086075 0.00086265 0.0006247 0.00082295 0.00088425 0.00077935 0.00086915
24 0.00087305 0.00083755 0.00086025 0.00074665 0.00087925 0.00074795 0.0008463 0.0008957 0.00088205 0.00086145 0.00080985 0.000891 0.0008735 0.00088255 0.0008391 0.00085195 0.00079685 0.00075365 0.00084795 0.0008932 0.0008412 0.00084325 0.00087645 0.00086735 0.0008995 0.000897 0.0007192 0.0007914 0.0008862 0.00076635 0.00085535 0.00091925 0.00077975 0.00079475 0.00082285 0.0009169 0.00087965 0.0007343 0.0008046 0.0008621 0.0008662 0.00084265 0.00083635 0.00067655 0.00076955 0.000838 0.0007192 0.00071985 0.0008218 0.00086235 0.00078745 0.00087755 0.00087365 0.0008775 0.0008363 0.0008725 0.00067395 0.00083925 0.00086255 0.00088055 0.00071925 0.00080985 0.0007203 0.00085575 0.000789 0.00086345 0.0008197 0.0008318 0.0008797 0.00086185 0.00086635 0.00086875 0.00086995 0.00074095 0.00089515 0.00075315 0.00086445 0.00087365 0.0008426 0.0008406 0.0008436 0.0008661 0.0007062 0.0008598 0.00081045 0.00079045 0.00089205 0.00075745 0.00090035 0.00087905 0.00083985 0.00079025 0.0007995 0.0008669 0.00087475 0.0007316 0.00085755 0.0008245 0.0008673 0.00090285
25 0.0008029 0.0008874 0.00088165 0.00085915 0.00087705 0.0008327 0.0008828 0.00090765 0.0008821 0.00087705 0.0008901 0.0008921 0.0008569 0.00063275 0.0008491 0.0008468 0.00083735 0.00088395 0.00084545 0.00064015 0.0008722 0.0008565 0.00064695 0.00091315 0.000897 0.0008504 0.0008194 0.00090485 0.0008429 0.0009129 0.0009035 0.0006112 0.00086325 0.0008941 0.00086005 0.00090435 0.00081855 0.00081285 0.00088455 0.00090115 0.00085435 0.00083955 0.00091315 0.0008729 0.00080715 0.00088395 0.0008194 0.00084025 0.00086535 0.00086605 0.00085525 0.00086215 0.0008779 0.00088045 0.00090545 0.00084375 0.00064525 0.00085705 0.000911 0.00083965 0.0008194 0.0008901 0.0008405 0.00063585 0.0008746 0.0008625 0.0008815 0.0008858 0.0008186 0.00065605 0.0008284 0.00090565 0.0008567 0.00084635 0.00089105 0.0008348 0.0007995 0.0008779 0.00084335 0.0008538 0.00083585 0.00085275 0.0008399 0.00063485 0.0008647 0.0008619 0.0006594 0.00085455 0.0008602 0.00087715 0.00079995 0.0009095 0.0008869 0.00088605 0.0008497 0.00086645 0.000837 0.00086545 0.000849 0.0008879
26 0.000854 0.00084525 0.0008531 0.00079365 0.0008553 0.000632 0.0008845 0.00092825 0.00093395 0.0008451 0.00085365 0.0008691 0.00088485 0.00082135 0.0008829 0.00081275 0.00081595 0.00078215 0.00087515 0.00085315 0.00082985 0.00088765 0.00081965 0.00085825 0.0007192 0.0008194 0.000786 0.0008251 0.00086875 0.0007671 0.00089315 0.00083805 0.00058225 0.0007785 0.00079535 0.0008988 0.00062375 0.00062235 0.00061275 0.00088545 0.00085545 0.0008097 0.00085205 0.0006987 0.00066765 0.0008436 0.000393 0.00066085 0.00084665 0.00085685 0.00080245 0.0009321 0.0008743 0.0008953 0.0008868 0.0008892 0.00068125 0.0008384 0.00085905 0.00089175 0.0003932 0.00085365 0.0006616 0.00079065 0.00079225 0.00062555 0.00081465 0.0008053 0.00062375 0.0008762 0.0008473 0.00089035 0.00062955 0.00064375 0.00086475 0.0007195 0.00081455 0.0008743 0.00063965 0.0008983 0.0008789 0.00086205 0.0006056 0.0006046 0.00060555 0.00080145 0.00084745 0.00072115 0.00091255 0.0009105 0.0007871 0.0008055 0.0008225 0.00085875 0.00087595 0.00068765 0.0008443 0.00066125 0.0008878 0.00091655
27 0.00085515 0.00088345 0.00086305 0.0008136 0.0008665 0.00081475 0.0008731 0.00088 0.0008132 0.00083585 0.00084175 0.0008725 0.00085975 0.0008387 0.00088405 0.0008348 0.00089055 0.00082525 0.00077595 0.0008395 0.0008452 0.0008321 0.0008982 0.0008492 0.0007914 0.00090485 0.0008251 0.0008616 0.00088405 0.00061075 0.0008256 0.0009295 0.0008355 0.0008886 0.00086965 0.00086295 0.000908 0.00081335 0.0006595 0.00063105 0.000854 0.0008787 0.000662 0.00081705 0.0008281 0.0006793 0.0008251 0.00077865 0.0008698 0.0008852 0.00087045 0.00083845 0.00081615 0.00086385 0.0008003 0.00090845 0.0008275 0.0006738 0.00087595 0.0008618 0.0008251 0.00084175 0.0007794 0.00089975 0.0008759 0.0008751 0.00082295 0.0008396 0.00090805 0.00083945 0.0008092 0.0008676 0.0008614 0.00079 0.00087755 0.0008076 0.0008498 0.00081615 0.00087585 0.00081855 0.00080075 0.0008902 0.0005967 0.0009071 0.0006592 0.00087365 0.0009061 0.00078215 0.0008477 0.000885 0.00086785 0.00066 0.00081545 0.00086 0.0008483 0.00081295 0.000832 0.00084155 0.0008748 0.00082425
28 0.00086215 0.00083855 0.00081255 0.0008617 0.00084295 0.00082685 0.0008425 0.00084055 0.00086945 0.0008458 0.00087095 0.00078785 0.00092505 0.00082145 0.0008615 0.0008348 0.000803 0.0008877 0.00082505 0.00078995 0.00084675 0.00083215 0.0006536 0.0008019 0.0008862 0.0008429 0.00086875 0.00088405 0.0008757 0.00088375 0.00079305 0.0008616 0.00087435 0.00087715 0.00083035 0.0008517 0.0008485 0.00087245 0.0008726 0.00088015 0.00082465 0.00085705 0.0008119 0.00086765 0.0008727 0.00090415 0.00086875 0.00087185 0.00085235 0.00087285 0.0008579 0.00086675 0.00088885 0.0008493 0.00086575 0.0008472 0.0008595 0.0008616 0.00087575 0.00085185 0.00086875 0.00087095 0.00087235 0.0008278 0.0008993 0.0008437 0.00085965 0.00082475 0.00084855 0.000839 0.00084825 0.000853 0.00086145 0.0008952 0.00078295 0.00086455 0.00084215 0.00088885 0.0008934 0.0008764 0.0008507 0.00082295 0.0008804 0.0008659 0.00087 0.0008715 0.00087275 0.00086705 0.0009012 0.00086985 0.00081545 0.000882 0.0009035 0.0008756 0.00087805 0.0007987 0.00089805 0.00086185 0.0008345 0.0008925
29 0.00085665 0.0008891 0.00086695 0.0008022 0.0008613 0.00080605 0.0008703 0.0008405 0.00068625 0.00088785 0.00077625 0.00089265 0.000834 0.00085795 0.0008613 0.0008464 0.00084725 0.0007739 0.00083625 0.00085885 0.00085675 0.00085385 0.0008909 0.0008435 0.00076635 0.0009129 0.0007671 0.00061075 0.00088375 0.0007338 0.00085045 0.0009256 0.0007717 0.0007506 0.00086125 0.00083575 0.0008733 0.00077945 0.00059665 0.00046875 0.0008458 0.00079435 0.00061085 0.00075775 0.00079535 0.0008676 0.0007671 0.00075475 0.00087385 0.0008127 0.00081545 0.00083845 0.00079035 0.0008407 0.000817 0.00088035 0.00079165 0.0006214 0.00079535 0.0008612 0.0007671 0.00077625 0.0007556 0.000896 0.0008187 0.0008289 0.00077415 0.00084885 0.00087335 0.0008508 0.000743 0.0008769 0.00082965 0.0007781 0.00084305 0.000774 0.00085715 0.00079035 0.0008388 0.0008389 0.00076775 0.0008643 0.0007811 0.0008767 0.0008404 0.0008237 0.00090175 0.0006216 0.0007108 0.0008789 0.0008978 0.00055875 0.00077075 0.0006606 0.0008648 0.00076395 0.0008444 0.00081445 0.0008646 0.0007093
30 0.00087135 0.00090215 0.00081925 0.0008542 0.000895 0.00087195 0.00088465 0.00093475 0.0006483 0.0008619 0.000671 0.0006875 0.00092345 0.00086055 0.0008873 0.00087995 0.0008312 0.00070795 0.00083065 0.00085645 0.00086385 0.0008513 0.00085685 0.000838 0.00085535 0.0009035 0.00089315 0.0008256 0.00079305 0.00085045 0.0009635 0.0009315 0.00084795 0.00085995 0.00086305 0.00090795 0.0009156 0.0008944 0.00085605 0.0008212 0.00087355 0.00086375 0.00079315 0.00087145 0.0008915 0.000859 0.00089315 0.000692 0.0009047 0.00087195 0.00084005 0.0006831 0.0007767 0.0008249 0.0006998 0.00086805 0.00088985 0.0008592 0.00090785 0.0007147 0.00089315 0.000671 0.00069285 0.00087385 0.0007712 0.00087215 0.0008359 0.0008777 0.00091565 0.00068975 0.00080405 0.0008928 0.0008887 0.00089625 0.0008092 0.0008661 0.00086235 0.0007767 0.00089915 0.0006786 0.0006646 0.00087375 0.0008629 0.0008973 0.0008539 0.00084645 0.0008875 0.0008314 0.00086455 0.0008698 0.00083545 0.00084395 0.0009108 0.0008375 0.0007493 0.00080325 0.00090185 0.0006834 0.00086635 0.00085255
31 0.000855 0.0009093 0.0008936 0.00088065 0.00086275 0.0008593 0.00083855 0.00087325 0.0009112 0.0009086 0.0008837 0.000897 0.0008569 0.0008316 0.0008331 0.0008717 0.00087915 0.00090925 0.0008485 0.0008435 0.00087375 0.00085175 0.00065415 0.0008658 0.00091925 0.0006112 0.00083805 0.0009295 0.0008616 0.0009256 0.0009315 0.0007772 0.0008409 0.0008402 0.0008815 0.00087595 0.0006266 0.0008025 0.00090455 0.0009228 0.00084625 0.000851 0.00091835 0.00087435 0.0008419 0.00091135 0.00083805 0.00087255 0.0009184 0.00086025 0.00085515 0.00090385 0.0008847 0.0008827 0.00088655 0.0008218 0.00086325 0.000902 0.000868 0.00066135 0.00083805 0.0008837 0.0008728 0.00061835 0.00091075 0.00085705 0.0008399 0.00084715 0.00062665 0.0008808 0.00086175 0.00090735 0.0008648 0.00085885 0.0008708 0.0008803 0.0008814 0.0008847 0.00084315 0.00088805 0.00089385 0.00089185 0.0008632 0.00062345 0.00088315 0.0008596 0.00086255 0.00088745 0.00086165 0.00087805 0.0008477 0.00089565 0.00088865 0.00086765 0.00088165 0.0008829 0.00083045 0.0008929 0.00085405 0.0008972
32 0.000888 0.0008338 0.00082215 0.0007827 0.00088605 0.0008062 0.00090615 0.0009178 0.0008619 0.0008509 0.0007036 0.0008506 0.00084535 0.0008519 0.000859 0.00084195 0.0008171 0.0007671 0.0008051 0.00088355 0.0008341 0.00079715 0.0008608 0.00085005 0.00077975 0.00086325 0.00058225 0.0008355 0.00087435 0.0007717 0.00084795 0.0008409 0.0008064 0.0005725 0.00082455 0.00088005 0.0006145 0.00078045 0.00061955 0.0008621 0.00086955 0.00073495 0.000843 0.0007911 0.00082825 0.0008492 0.00058225 0.00079785 0.00082525 0.00074085 0.00071555 0.00087205 0.00086995 0.00087465 0.00084225 0.0008521 0.00081355 0.0008683 0.0007505 0.0008304 0.00058225 0.0007036 0.0007984 0.00080895 0.00081175 0.0006174 0.00061735 0.00080895 0.0006146 0.00085585 0.00084005 0.00090225 0.0006369 0.0008309 0.00084085 0.00081655 0.00085535 0.00086995 0.0006063 0.000857 0.00082505 0.0008474 0.0007984 0.00062685 0.00061945 0.0007275 0.0008615 0.0008062 0.0008491 0.00090245 0.00089275 0.00070415 0.0007944 0.00073075 0.0008943 0.000787 0.0008367 0.00061925 0.0008768 0.00089465
33 0.0009172 0.00086335 0.0008599 0.0008194 0.00092085 0.0008328 0.00094625 0.00090415 0.0009117 0.00092285 0.00045935 0.0008169 0.0007864 0.0009259 0.00086065 0.000847 0.0008483 0.00072775 0.00089145 0.0009411 0.00082645 0.0008743 0.0008136 0.00084655 0.00079475 0.0008941 0.0007785 0.0008886 0.00087715 0.0007506 0.00085995 0.0008402 0.0005725 2e-07 0.0008413 0.0008883 0.0008459 0.0007751 0.00082545 0.00086815 0.0008774 0.0004598 0.00081925 0.0007809 0.00082535 0.0009077 0.0007785 0.00082825 0.00083245 0.00045555 0.00043935 0.0009148 0.0008764 0.0008906 0.00090255 0.00085235 0.0008471 0.0008779 0.0004631 0.0008959 0.0007785 0.00045935 0.00082685 0.0007886 0.00056555 0.0008347 0.00058835 0.0008294 0.00084595 0.000951 0.00086175 0.0008603 0.00087875 0.0008097 0.00082845 0.0008211 0.0009273 0.0008764 0.0007947 0.0009171 0.00090305 0.0008496 0.00084185 0.0008122 0.00088215 0.0004582 0.00092215 0.0008178 0.00083765 0.00088685 0.00092425 0.00041615 0.0007815 0.0004525 0.0007421 0.0007688 0.0008301 0.00086895 0.0008901 0.00089285
34 0.00085405 0.0008782 0.00087055 0.0008122 0.00082905 0.0007835 0.00085625 0.00088835 0.00090405 0.0008869 0.0008668 0.00084115 0.00088225 0.0008324 0.0008749 0.0004579 0.0005959 0.00083695 0.0008318 0.0008197 0.0006664 0.00083115 0.00083725 0.0008301 0.00082285 0.00086005 0.00079535 0.00086965 0.00083035 0.00086125 0.00086305 0.0008815 0.00082455 0.0008413 0.0008142 0.0008574 0.00082205 0.00083525 0.0008051 0.00087595 0.0006232 0.00085085 0.0008483 0.0008441 0.0008911 0.00092645 0.00079535 0.0008547 0.00086495 0.0009078 0.00081625 0.0009334 0.00087295 0.00083835 0.0008463 0.00085115 0.00083615 0.0008635 0.00085165 0.00088165 0.00079535 0.0008668 0.0008549 0.00068455 0.0008189 0.0008131 0.0008642 0.0006432 0.0008221 0.00086485 0.00085805 0.00086435 0.0008115 0.00083225 0.00085625 0.00089395 0.000875 0.00087295 0.0008144 0.00087035 0.0008693 0.00069085 0.0008601 0.0008285 0.00083815 0.00082375 0.00091205 0.0008644 0.0008855 0.00084805 0.00081025 0.00083905 0.00087145 0.0008785 0.0006508 0.00083665 0.00065015 0.00083315 0.0008246 0.0008813
35 0.00089495 0.00091555 0.00089725 0.0008664 0.0008303 0.00087575 0.000818 0.00065095 0.00088425 0.0009093 0.0009031 0.00086785 0.00086685 0.00089085 0.0008447 0.0008547 0.00083965 0.00089705 0.0008667 0.0008711 0.00086715 0.0009013 0.0008872 0.00083155 0.0009169 0.00090435 0.0008988 0.00086295 0.0008517 0.00083575 0.00090795 0.00087595 0.00088005 0.0008883 0.0008574 0.0009594 0.000858 0.00086135 0.0008561 0.0008448 0.00087905 0.00087675 0.00085145 0.00069575 0.0009318 0.0009032 0.0008988 0.0009214 0.00090855 0.00091465 0.0008898 0.00092955 0.0008959 0.00089105 0.00085885 0.00086165 0.0009098 0.00086085 0.00068395 0.00088085 0.0008988 0.0009031 0.0009221 0.00087935 0.0008916 0.00067615 0.00068365 0.00082895 0.00085805 0.00091315 0.0009026 0.0008869 0.00085835 0.0009009 0.00067145 0.00091815 0.0008939 0.0008959 0.0008556 0.00092165 0.00090525 0.00089945 0.00090585 0.00088685 0.00087955 0.00089745 0.0009263 0.00087265 0.00084455 0.0009011 0.0008902 0.000864 0.00086855 0.0008694 0.0008809 0.0008792 0.0008465 0.0008955 0.00091425 0.00086345
