 slim_337550326 slim_337550287 slim_337550078 slim_337550251 slim_337550339 slim_337550354 slim_337550290 slim_337550209 slim_337550375 slim_337550364 slim_337550384 slim_337550349 slim_337550165 slim_337550276 slim_337550372 slim_337550342 slim_337549980 slim_337550345 slim_337550255 slim_337550388 slim_337550269 slim_337550283 slim_337550309 slim_337549928 slim_337550324 slim_337550258 slim_337550199 slim_337550300 slim_337550121 slim_337550196 slim_337550213 slim_337550261 slim_337550379 slim_337550298 slim_337550260 slim_337550087 slim_337550377 slim_337550318 slim_337550371 slim_337550245 slim_337550376 slim_337550369 slim_337550381 slim_337550239 slim_337550353 slim_337550391 slim_337550332 slim_337550389 slim_337550169 slim_337550291 slim_337550185 slim_337550335 slim_337550367 slim_337550240 slim_337550153 slim_337550340 slim_337550331 slim_337550036 slim_337550385 slim_337550380 slim_337550313 slim_337550351 slim_337550215 slim_337550285 slim_337550279 slim_337550378 slim_337550370 slim_337550125 slim_337549947 slim_337550204 slim_337549962 slim_337550284 slim_337550257 slim_337550248 slim_337550307 slim_337550212 slim_337550383 slim_337550218 slim_337550387 slim_337550355 slim_337550365 slim_337550352 slim_337550303 slim_337550228 slim_337550382 slim_337550360 slim_337550315 slim_337550211 slim_337550368 slim_337550043 slim_337550320 slim_337550344 slim_337550357 slim_337550032 slim_337550317 slim_337550390 slim_337550100 slim_337550337 slim_337550325 slim_337550356
0 5.13e-05 2.905e-05 2.885e-05 2.89e-05 3.325e-05 3.375e-05 3.375e-05 3.34e-05 3.39e-05 3.375e-05 3.19e-05 3.17e-05 2.86e-05 3.485e-05 3.075e-05 3.49e-05 3.35e-05 3.3e-05 3.335e-05 2.99e-05 3.56e-05 3.25e-05 3.59e-05 3.41e-05 3.165e-05 2.965e-05 3.25e-05 3.11e-05 3.42e-05 3.22e-05 3.32e-05 3.28e-05 3.345e-05 3.125e-05 3.32e-05 2.97e-05 3.28e-05 3.12e-05 3.02e-05 3.15e-05 3.205e-05 3.285e-05 3.7e-05 2.945e-05 3.285e-05 2.965e-05 3.39e-05 3.135e-05 3.855e-05 3.56e-05 3.12e-05 3.805e-05 3.19e-05 2.995e-05 2.83e-05 3.315e-05 3.59e-05 3.705e-05 3.265e-05 3.74e-05 3.43e-05 3.41e-05 3.455e-05 3.095e-05 3.105e-05 2.775e-05 2.965e-05 3.8e-05 3.395e-05 2.935e-05 3.185e-05 3.315e-05 3.245e-05 3.85e-05 3.45e-05 3.23e-05 3.655e-05 3.325e-05 3.22e-05 3.365e-05 2.88e-05 3.645e-05 3.095e-05 3.66e-05 3.35e-05 3.36e-05 3.425e-05 3.435e-05 3.15e-05 3.43e-05 3.485e-05 3.655e-05 2.795e-05 2.945e-05 3.695e-05 3.49e-05 3.235e-05 2.88e-05 3.01e-05 3.505e-05
1 2.905e-05 4.66e-05 2.755e-05 3.225e-05 3.28e-05 3.545e-05 3.475e-05 3.52e-05 3.12e-05 3.54e-05 3.48e-05 3.295e-05 2.77e-05 3.59e-05 3.05e-05 3.665e-05 3.555e-05 3.01e-05 3.62e-05 2.72e-05 3.72e-05 3.425e-05 3.525e-05 3.65e-05 3.08e-05 3.28e-05 3.485e-05 2.715e-05 3.51e-05 3.47e-05 3.215e-05 3.53e-05 3.525e-05 2.595e-05 3.7e-05 3.135e-05 2.885e-05 3.4e-05 3.265e-05 3.075e-05 3.495e-05 3.515e-05 3.77e-05 3.11e-05 3.485e-05 3.435e-05 3.33e-05 2.975e-05 3.895e-05 3.67e-05 2.82e-05 3.875e-05 3.44e-05 2.76e-05 2.75e-05 3.185e-05 3.63e-05 3.68e-05 2.72e-05 3.715e-05 3.035e-05 3.62e-05 3.185e-05 3.005e-05 3.24e-05 3.18e-05 3.21e-05 3.805e-05 3.55e-05 3.18e-05 3.25e-05 3.685e-05 3.555e-05 4.02e-05 3.83e-05 3.505e-05 3.855e-05 3.505e-05 3.51e-05 3.07e-05 3.215e-05 3.73e-05 2.97e-05 3.58e-05 3.535e-05 3.53e-05 3.595e-05 3.675e-05 2.625e-05 3.51e-05 3.365e-05 3.74e-05 2.345e-05 3.15e-05 3.91e-05 3.59e-05 3.085e-05 3.26e-05 3.42e-05 3.51e-05
2 2.885e-05 2.755e-05 5.43e-05 3.115e-05 3.39e-05 3.225e-05 3.39e-05 3.42e-05 3.245e-05 3.455e-05 3.335e-05 3.255e-05 2.92e-05 3.44e-05 3.1e-05 3.505e-05 3.435e-05 3.205e-05 3.355e-05 2.905e-05 3.54e-05 3.325e-05 3.45e-05 3.47e-05 3.185e-05 3.155e-05 3.18e-05 2.965e-05 3.415e-05 3.14e-05 3.305e-05 3.225e-05 3.425e-05 3.035e-05 3.425e-05 2.88e-05 3.145e-05 3.215e-05 2.995e-05 3.165e-05 3.35e-05 3.38e-05 3.68e-05 2.855e-05 3.345e-05 3.18e-05 3.455e-05 3.165e-05 3.79e-05 3.455e-05 3.045e-05 3.76e-05 3.215e-05 2.77e-05 2.825e-05 3.245e-05 3.57e-05 3.6e-05 3.045e-05 3.635e-05 3.255e-05 3.475e-05 3.31e-05 3e-05 3.025e-05 2.85e-05 2.94e-05 3.7e-05 3.47e-05 2.92e-05 3.255e-05 3.405e-05 3.375e-05 3.815e-05 3.57e-05 3.375e-05 3.665e-05 3.405e-05 3.365e-05 3.285e-05 2.89e-05 3.625e-05 3.085e-05 3.55e-05 3.435e-05 3.21e-05 3.275e-05 3.495e-05 3.06e-05 3.455e-05 3.395e-05 3.635e-05 2.73e-05 2.8e-05 3.705e-05 3.49e-05 3.175e-05 3.12e-05 3.14e-05 3.45e-05
3 2.89e-05 3.225e-05 3.115e-05 1.44e-05 1.56e-05 1.285e-05 2.87e-05 1.185e-05 1.39e-05 2.935e-05 1.295e-05 3.19e-05 3.065e-05 1.455e-05 3.265e-05 1.435e-05 2.31e-05 1.32e-05 1.28e-05 1.185e-05 1.505e-05 1.16e-05 1.515e-05 3.415e-05 5.13e-05 9.45e-06 3.085e-05 3.385e-05 1.085e-05 1.35e-05 3.27e-05 1.41e-05 1.19e-05 1.43e-05 3.225e-05 1.075e-05 1.335e-05 1.01e-05 1.03e-05 3.405e-05 1.31e-05 1.195e-05 3.37e-05 1.05e-05 1.195e-05 1.075e-05 3.335e-05 5.28e-05 1.6e-05 3.395e-05 1.025e-05 3.45e-05 1.315e-05 1.19e-05 3.095e-05 1.18e-05 3.565e-05 1.415e-05 3.28e-05 1.45e-05 1.46e-05 1.295e-05 1.455e-05 1.31e-05 9.3e-06 9e-06 1.045e-05 1.545e-05 5.295e-05 1.015e-05 7.35e-06 2.47e-05 1.21e-05 1.565e-05 1.37e-05 3.04e-05 3.295e-05 1.18e-05 1.325e-05 1.44e-05 9.85e-06 1.61e-05 5.21e-05 1.485e-05 3.075e-05 1.27e-05 1.335e-05 3.445e-05 1.455e-05 1.275e-05 1.46e-05 1.62e-05 5.155e-05 1.05e-05 1.63e-05 1.105e-05 3.27e-05 8.85e-06 1.095e-05 3.48e-05
4 3.325e-05 3.28e-05 3.39e-05 1.56e-05 2.24e-05 1.805e-05 3.64e-05 1.485e-05 1.7e-05 3.515e-05 1.495e-05 3.66e-05 3.485e-05 1.6e-05 3.355e-05 1.57e-05 2.8e-05 1.665e-05 1.62e-05 1.615e-05 1.515e-05 1.695e-05 1.835e-05 3.335e-05 5.2e-05 1.61e-05 3.43e-05 3.405e-05 1.725e-05 1.405e-05 3.09e-05 1.465e-05 1.49e-05 1.27e-05 3.35e-05 1.725e-05 1.595e-05 1.585e-05 1.725e-05 3.185e-05 1.51e-05 1.63e-05 3.435e-05 1.705e-05 1.75e-05 1.465e-05 3.195e-05 5.37e-05 1.68e-05 3.345e-05 1.6e-05 3.5e-05 1.435e-05 1.52e-05 3.44e-05 1.72e-05 3.595e-05 1.695e-05 3.21e-05 1.735e-05 1.505e-05 1.89e-05 1.685e-05 1.37e-05 1.715e-05 1.485e-05 1.74e-05 1.8e-05 5.53e-05 1.71e-05 1.76e-05 2.6e-05 1.59e-05 1.905e-05 1.65e-05 3.53e-05 3.62e-05 1.47e-05 1.525e-05 1.465e-05 1.51e-05 1.385e-05 5.355e-05 1.72e-05 3.265e-05 1.805e-05 1.785e-05 3.37e-05 1.295e-05 1.69e-05 1.775e-05 1.395e-05 5.155e-05 1.67e-05 1.585e-05 1.89e-05 3.53e-05 1.6e-05 1.615e-05 3.68e-05
5 3.375e-05 3.545e-05 3.225e-05 1.285e-05 1.805e-05 1.73e-05 3.085e-05 1.45e-05 1.225e-05 3.205e-05 1.425e-05 3.35e-05 3.4e-05 1.385e-05 3.45e-05 1.475e-05 2.415e-05 1.39e-05 1.18e-05 1.365e-05 1.385e-05 1.28e-05 1.065e-05 3.39e-05 5.345e-05 1.345e-05 3e-05 3.42e-05 1.23e-05 1.255e-05 3.455e-05 1.33e-05 1.455e-05 1.795e-05 3.215e-05 1.025e-05 1.45e-05 1.255e-05 1.06e-05 3.605e-05 1.44e-05 1.325e-05 3.345e-05 1.015e-05 1.22e-05 1.39e-05 3.595e-05 5.58e-05 1.335e-05 3.23e-05 1.415e-05 3.25e-05 1.39e-05 1.21e-05 3.385e-05 1.28e-05 3.255e-05 1.3e-05 3.355e-05 1.335e-05 1.54e-05 1.145e-05 1.29e-05 1.46e-05 1.08e-05 1.09e-05 1.085e-05 1.23e-05 5.37e-05 1.05e-05 1.255e-05 2.39e-05 1.35e-05 1.06e-05 1.265e-05 3.185e-05 3.025e-05 1.435e-05 1.455e-05 1.615e-05 1.13e-05 1.57e-05 5.39e-05 1.31e-05 3.29e-05 8.95e-06 9.55e-06 3.42e-05 1.82e-05 1.365e-05 1.245e-05 1.58e-05 5.56e-05 1.035e-05 1.345e-05 1.105e-05 3.305e-05 1.325e-05 1.32e-05 3.12e-05
6 3.375e-05 3.475e-05 3.39e-05 2.87e-05 3.64e-05 3.085e-05 4.63e-05 3.16e-05 3.16e-05 2.55e-05 3.48e-05 3.325e-05 3.19e-05 3.375e-05 3.565e-05 3.235e-05 2.905e-05 3.185e-05 3.12e-05 3.38e-05 3.43e-05 3.03e-05 3.18e-05 3.62e-05 3.08e-05 3.01e-05 3.045e-05 3.535e-05 2.555e-05 3.685e-05 3.43e-05 3.745e-05 3.165e-05 3.435e-05 3.19e-05 3.295e-05 3.305e-05 2.955e-05 2.95e-05 3.73e-05 3.495e-05 3.165e-05 2.89e-05 3.27e-05 2.865e-05 3.445e-05 3.04e-05 3.47e-05 3.01e-05 3.3e-05 2.945e-05 2.83e-05 3.71e-05 3.45e-05 3.435e-05 2.995e-05 3.38e-05 2.81e-05 3.265e-05 2.845e-05 3.28e-05 2.95e-05 3.235e-05 3.34e-05 2.87e-05 3.385e-05 3.18e-05 2.9e-05 3.365e-05 3.15e-05 2.33e-05 3.42e-05 3.18e-05 2.925e-05 3.235e-05 2.85e-05 2.765e-05 3.17e-05 3.51e-05 3.185e-05 3.4e-05 3.505e-05 3.355e-05 3.03e-05 3.17e-05 3.05e-05 3.14e-05 3.65e-05 3.46e-05 2.755e-05 3.225e-05 3.515e-05 3.42e-05 3.395e-05 3.485e-05 2.565e-05 3.03e-05 3.01e-05 3.32e-05 3.24e-05
7 3.34e-05 3.52e-05 3.42e-05 1.185e-05 1.485e-05 1.45e-05 3.16e-05 2.21e-05 1.55e-05 3.245e-05 1.265e-05 3.44e-05 3.44e-05 1.5e-05 3.365e-05 1.305e-05 2.525e-05 1.55e-05 1.34e-05 1.56e-05 1.26e-05 1.36e-05 1.52e-05 3.2e-05 5.395e-05 1.33e-05 3.36e-05 3.51e-05 1.205e-05 1.25e-05 3.16e-05 1.31e-05 1.11e-05 1.73e-05 3.39e-05 1.455e-05 1.505e-05 1.25e-05 1.415e-05 3.295e-05 1.28e-05 1.3e-05 3.305e-05 1.435e-05 1.35e-05 1.285e-05 3.605e-05 5.45e-05 1.43e-05 3.32e-05 1.37e-05 3.38e-05 1.315e-05 1.495e-05 3.47e-05 1.35e-05 3.555e-05 1.245e-05 3.395e-05 1.285e-05 1.425e-05 1.535e-05 1.615e-05 1.62e-05 1.275e-05 1.32e-05 1.43e-05 1.38e-05 5.33e-05 1.4e-05 1.12e-05 2.505e-05 1.36e-05 1.59e-05 1.525e-05 3.385e-05 3.425e-05 1.115e-05 1.295e-05 1.41e-05 1.3e-05 1.17e-05 5.37e-05 1.385e-05 3.01e-05 1.44e-05 1.505e-05 3.2e-05 1.755e-05 1.32e-05 1.52e-05 1.18e-05 5.45e-05 1.435e-05 1.385e-05 1.32e-05 3.43e-05 1.365e-05 1.375e-05 3.47e-05
8 3.39e-05 3.12e-05 3.245e-05 1.39e-05 1.7e-05 1.225e-05 3.16e-05 1.55e-05 2.14e-05 3.285e-05 1.57e-05 3.385e-05 3.24e-05 1.535e-05 3.4e-05 1.635e-05 2.53e-05 1.195e-05 1.44e-05 1.18e-05 1.57e-05 1.385e-05 1.125e-05 3.57e-05 5.235e-05 1.47e-05 3.31e-05 3.165e-05 1.315e-05 1.58e-05 3.365e-05 1.64e-05 1.555e-05 1.355e-05 3.49e-05 1.3e-05 1.2e-05 1.435e-05 1.33e-05 3.515e-05 1.585e-05 1.46e-05 3.43e-05 1.275e-05 1.35e-05 1.655e-05 3.47e-05 5.38e-05 1.435e-05 3.435e-05 1.185e-05 3.36e-05 1.62e-05 1.205e-05 3.305e-05 1.215e-05 3.31e-05 1.37e-05 3.025e-05 1.405e-05 1.315e-05 1.285e-05 1.155e-05 1.47e-05 1.31e-05 1.425e-05 1.34e-05 1.32e-05 5.44e-05 1.31e-05 1.24e-05 2.67e-05 1.525e-05 1.255e-05 1.525e-05 3.31e-05 3.2e-05 1.535e-05 1.6e-05 1.39e-05 1.45e-05 1.675e-05 5.265e-05 1.35e-05 3.39e-05 1.2e-05 1.28e-05 3.6e-05 1.385e-05 1.41e-05 1.215e-05 1.685e-05 5.165e-05 1.375e-05 1.555e-05 1.19e-05 3.205e-05 1.46e-05 1.6e-05 3.165e-05
9 3.375e-05 3.54e-05 3.455e-05 2.935e-05 3.515e-05 3.205e-05 2.55e-05 3.245e-05 3.285e-05 4.94e-05 3.565e-05 3.36e-05 3.315e-05 3.37e-05 3.57e-05 3.28e-05 2.98e-05 3.285e-05 3.17e-05 3.465e-05 3.47e-05 3.07e-05 3.305e-05 3.595e-05 2.965e-05 3.1e-05 2.95e-05 3.6e-05 2.75e-05 3.71e-05 3.525e-05 3.77e-05 3.25e-05 3.37e-05 3.02e-05 3.38e-05 3.39e-05 3.01e-05 3.1e-05 3.735e-05 3.58e-05 3.23e-05 2.835e-05 3.355e-05 3.07e-05 3.39e-05 2.795e-05 3.485e-05 3.045e-05 3.205e-05 3.075e-05 2.915e-05 3.735e-05 3.535e-05 3.5e-05 3.125e-05 3.355e-05 2.975e-05 3.42e-05 3.01e-05 3.405e-05 3.085e-05 3.31e-05 3.275e-05 2.995e-05 3.405e-05 3.325e-05 3.065e-05 3.35e-05 3.295e-05 2.49e-05 3.355e-05 3.265e-05 2.96e-05 3.145e-05 2.815e-05 2.7e-05 3.24e-05 3.595e-05 3.335e-05 3.425e-05 3.57e-05 3.37e-05 3.13e-05 3.28e-05 3.185e-05 3.215e-05 3.625e-05 3.395e-05 2.945e-05 3.325e-05 3.58e-05 3.465e-05 3.48e-05 3.5e-05 2.735e-05 3.16e-05 3.095e-05 3.39e-05 3.345e-05
10 3.19e-05 3.48e-05 3.335e-05 1.295e-05 1.495e-05 1.425e-05 3.48e-05 1.265e-05 1.57e-05 3.565e-05 1.76e-05 3.25e-05 3.225e-05 1.455e-05 3.37e-05 1.35e-05 2.705e-05 1.56e-05 1.395e-05 1.24e-05 1.325e-05 1.43e-05 1.59e-05 3.215e-05 5.52e-05 1.27e-05 3.295e-05 3.515e-05 1.49e-05 1e-05 3.15e-05 1.06e-05 1.27e-05 1.76e-05 3.32e-05 1.09e-05 1.565e-05 1.365e-05 1.245e-05 3.235e-05 9e-06 1.38e-05 3.55e-05 1.07e-05 1.13e-05 1.035e-05 3.8e-05 5.54e-05 1.715e-05 3.29e-05 1.535e-05 3.52e-05 1.065e-05 1.265e-05 3.345e-05 1.56e-05 3.705e-05 1.615e-05 3.405e-05 1.655e-05 1.505e-05 1.38e-05 1.635e-05 1.605e-05 1.39e-05 1.035e-05 1.025e-05 1.665e-05 5.495e-05 9.95e-06 1.62e-05 2.48e-05 1.265e-05 1.815e-05 1.51e-05 3.19e-05 3.61e-05 1.25e-05 9.15e-06 1.47e-05 1.04e-05 1.23e-05 5.55e-05 1.605e-05 3.08e-05 1.41e-05 1.48e-05 3.21e-05 1.785e-05 1.46e-05 1.575e-05 1.24e-05 5.555e-05 1.16e-05 1.385e-05 1.69e-05 3.57e-05 1.28e-05 1.085e-05 3.62e-05
11 3.17e-05 3.295e-05 3.255e-05 3.19e-05 3.66e-05 3.35e-05 3.325e-05 3.44e-05 3.385e-05 3.36e-05 3.25e-05 5.47e-05 3.08e-05 3.415e-05 3.51e-05 3.6e-05 3.435e-05 3.295e-05 3.47e-05 3.035e-05 3.61e-05 3.32e-05 3.51e-05 3.46e-05 3.395e-05 3.25e-05 3.345e-05 3.45e-05 3.255e-05 3.43e-05 3.615e-05 3.49e-05 3.445e-05 3.51e-05 3.475e-05 2.995e-05 3.375e-05 3.31e-05 3.115e-05 3.49e-05 3.265e-05 3.505e-05 3.565e-05 2.97e-05 3.07e-05 3.415e-05 3.61e-05 3.045e-05 3.61e-05 3.49e-05 3.27e-05 3.55e-05 3.405e-05 3.255e-05 3.205e-05 3.415e-05 3.65e-05 3.55e-05 3.57e-05 3.585e-05 3.46e-05 3.235e-05 3.45e-05 3.46e-05 3.235e-05 3.185e-05 3.055e-05 3.545e-05 3.02e-05 3.025e-05 3.205e-05 3.525e-05 3.305e-05 3.57e-05 3.58e-05 3.175e-05 3.485e-05 3.425e-05 3.28e-05 3.485e-05 3.23e-05 3.625e-05 3.31e-05 3.36e-05 3.475e-05 3.335e-05 3.4e-05 3.485e-05 3.535e-05 3.295e-05 3.43e-05 3.635e-05 3.3e-05 3.19e-05 3.64e-05 3.355e-05 3.355e-05 3.22e-05 3.415e-05 3.555e-05
12 2.86e-05 2.77e-05 2.92e-05 3.065e-05 3.485e-05 3.4e-05 3.19e-05 3.44e-05 3.24e-05 3.315e-05 3.225e-05 3.08e-05 5.27e-05 3.53e-05 3.195e-05 3.585e-05 3.34e-05 3.18e-05 3.455e-05 2.895e-05 3.7e-05 3.295e-05 3.525e-05 3.585e-05 3.11e-05 3.08e-05 3.375e-05 3.06e-05 3.21e-05 3.505e-05 3.34e-05 3.565e-05 3.445e-05 3.06e-05 3.52e-05 3.045e-05 3.21e-05 3.24e-05 3.02e-05 3.25e-05 3.24e-05 3.405e-05 3.61e-05 3.02e-05 3.015e-05 3.35e-05 3.39e-05 3.015e-05 3.715e-05 3.64e-05 2.995e-05 3.62e-05 3.475e-05 3.055e-05 2.875e-05 3.275e-05 3.585e-05 3.535e-05 3.08e-05 3.57e-05 3.275e-05 3.18e-05 3.315e-05 3.2e-05 3.15e-05 3.135e-05 2.935e-05 3.605e-05 3.35e-05 2.915e-05 3.045e-05 3.57e-05 3.335e-05 3.715e-05 3.645e-05 3.105e-05 3.57e-05 3.425e-05 3.245e-05 3.17e-05 3.185e-05 3.715e-05 3.035e-05 3.55e-05 3.43e-05 3.365e-05 3.455e-05 3.61e-05 3.085e-05 3.215e-05 3.45e-05 3.725e-05 2.65e-05 3.175e-05 3.78e-05 3.325e-05 3.045e-05 3.045e-05 3.25e-05 3.445e-05
13 3.485e-05 3.59e-05 3.44e-05 1.455e-05 1.6e-05 1.385e-05 3.375e-05 1.5e-05 1.535e-05 3.37e-05 1.455e-05 3.415e-05 3.53e-05 2.37e-05 3.66e-05 1.56e-05 2.71e-05 1.545e-05 1.52e-05 1.465e-05 1.525e-05 1.55e-05 1.555e-05 3.52e-05 5.42e-05 1.515e-05 3.235e-05 3.625e-05 1.425e-05 1.37e-05 3.415e-05 1.365e-05 1.505e-05 1.675e-05 3.365e-05 1.315e-05 1.535e-05 1.48e-05 1.35e-05 3.565e-05 1.47e-05 1.58e-05 3.35e-05 1.29e-05 1.395e-05 1.58e-05 3.505e-05 5.59e-05 1.39e-05 3.245e-05 1.55e-05 3.205e-05 1.335e-05 1.415e-05 3.5e-05 1.575e-05 3.54e-05 1.495e-05 3.45e-05 1.535e-05 1.515e-05 1.46e-05 1.52e-05 1.515e-05 1.405e-05 1.33e-05 1.37e-05 1.485e-05 5.55e-05 1.34e-05 1.495e-05 2.685e-05 1.455e-05 1.445e-05 1.48e-05 3.33e-05 3.365e-05 1.485e-05 1.485e-05 1.605e-05 1.38e-05 1.46e-05 5.62e-05 1.405e-05 3.34e-05 1.38e-05 1.36e-05 3.55e-05 1.7e-05 1.425e-05 1.56e-05 1.47e-05 5.62e-05 1.235e-05 1.49e-05 1.515e-05 3.57e-05 1.48e-05 1.505e-05 3.6e-05
14 3.075e-05 3.05e-05 3.1e-05 3.265e-05 3.355e-05 3.45e-05 3.565e-05 3.365e-05 3.4e-05 3.57e-05 3.37e-05 3.51e-05 3.195e-05 3.66e-05 5.83e-05 3.455e-05 3.43e-05 3.385e-05 3.305e-05 3.325e-05 3.36e-05 3.295e-05 3.395e-05 3.215e-05 3.325e-05 3.31e-05 3.485e-05 3.07e-05 3.52e-05 3.285e-05 3.31e-05 3.345e-05 3.37e-05 3.28e-05 3.47e-05 3.37e-05 3.33e-05 3.285e-05 3.425e-05 3.14e-05 3.39e-05 3.325e-05 3.715e-05 3.35e-05 3.545e-05 3.145e-05 3.56e-05 3.285e-05 3.715e-05 3.615e-05 3.3e-05 3.84e-05 3.365e-05 3.215e-05 3.16e-05 3.31e-05 3.415e-05 3.54e-05 3.27e-05 3.575e-05 3.43e-05 3.61e-05 3.465e-05 3.32e-05 3.35e-05 3.19e-05 3.375e-05 3.66e-05 3.33e-05 3.345e-05 3.395e-05 3.25e-05 3.475e-05 3.72e-05 3.525e-05 3.585e-05 3.68e-05 3.35e-05 3.405e-05 3.37e-05 3.165e-05 3.49e-05 3.02e-05 3.595e-05 3.375e-05 3.44e-05 3.505e-05 3.2e-05 3.305e-05 3.615e-05 3.385e-05 3.5e-05 2.935e-05 3.315e-05 3.55e-05 3.53e-05 3.24e-05 3.35e-05 3.275e-05 3.33e-05
15 3.49e-05 3.665e-05 3.505e-05 1.435e-05 1.57e-05 1.475e-05 3.235e-05 1.305e-05 1.635e-05 3.28e-05 1.35e-05 3.6e-05 3.585e-05 1.56e-05 3.455e-05 2.18e-05 2.605e-05 1.7e-05 1.31e-05 1.705e-05 1.28e-05 1.445e-05 1.55e-05 3.245e-05 5.34e-05 1.47e-05 3.245e-05 3.6e-05 1.37e-05 1.275e-05 3.245e-05 1.335e-05 1.31e-05 1.875e-05 3.235e-05 1.54e-05 1.65e-05 1.395e-05 1.5e-05 3.38e-05 1.365e-05 1.365e-05 3.115e-05 1.52e-05 1.425e-05 1.215e-05 3.55e-05 5.61e-05 1.395e-05 3.195e-05 1.615e-05 3.255e-05 1.4e-05 1.58e-05 3.615e-05 1.54e-05 3.585e-05 1.195e-05 3.44e-05 1.25e-05 1.43e-05 1.62e-05 1.7e-05 1.705e-05 1.455e-05 1.41e-05 1.515e-05 1.36e-05 5.45e-05 1.485e-05 1.45e-05 2.49e-05 1.425e-05 1.615e-05 1.435e-05 3.33e-05 3.31e-05 1.29e-05 1.38e-05 1.42e-05 1.385e-05 1.135e-05 5.475e-05 1.445e-05 3.17e-05 1.465e-05 1.53e-05 3.245e-05 1.9e-05 1.33e-05 1.615e-05 1.13e-05 5.595e-05 1.52e-05 1.41e-05 1.505e-05 3.52e-05 1.51e-05 1.305e-05 3.5e-05
16 3.35e-05 3.555e-05 3.435e-05 2.31e-05 2.8e-05 2.415e-05 2.905e-05 2.525e-05 2.53e-05 2.98e-05 2.705e-05 3.435e-05 3.34e-05 2.71e-05 3.43e-05 2.605e-05 3.52e-05 2.51e-05 2.3e-05 2.74e-05 2.525e-05 2.09e-05 2.43e-05 3.45e-05 4.07e-05 2.185e-05 3.255e-05 3.46e-05 2.095e-05 2.805e-05 3.46e-05 2.865e-05 2.53e-05 2.745e-05 3.255e-05 2.62e-05 2.63e-05 2.305e-05 2.335e-05 3.63e-05 2.72e-05 2.44e-05 3.19e-05 2.595e-05 2.295e-05 2.665e-05 3.26e-05 4.3e-05 2.38e-05 3.465e-05 2.475e-05 3.225e-05 2.88e-05 2.75e-05 3.495e-05 2.37e-05 3.285e-05 2.225e-05 3.415e-05 2.26e-05 2.67e-05 2.38e-05 2.595e-05 2.615e-05 2.36e-05 2.595e-05 2.55e-05 2.325e-05 4.095e-05 2.52e-05 2.04e-05 2.16e-05 2.455e-05 2.275e-05 2.54e-05 3.165e-05 3.045e-05 2.51e-05 2.735e-05 2.57e-05 2.605e-05 2.715e-05 4.08e-05 2.345e-05 3.275e-05 2.395e-05 2.465e-05 3.45e-05 2.77e-05 2.23e-05 2.395e-05 2.725e-05 4.245e-05 2.68e-05 2.665e-05 2.13e-05 3.12e-05 2.19e-05 2.665e-05 3.2e-05
17 3.3e-05 3.01e-05 3.205e-05 1.32e-05 1.665e-05 1.39e-05 3.185e-05 1.55e-05 1.195e-05 3.285e-05 1.56e-05 3.295e-05 3.18e-05 1.545e-05 3.385e-05 1.7e-05 2.51e-05 1.82e-05 1.5e-05 9.8e-06 1.545e-05 1.285e-05 1.295e-05 3.635e-05 5.215e-05 1.36e-05 3.32e-05 3.13e-05 1.325e-05 1.59e-05 3.36e-05 1.65e-05 1.555e-05 1.23e-05 3.52e-05 1.205e-05 9.95e-06 1.435e-05 1.28e-05 3.495e-05 1.575e-05 1.495e-05 3.505e-05 1.18e-05 1.35e-05 1.59e-05 3.435e-05 5.345e-05 1.625e-05 3.44e-05 1.065e-05 3.49e-05 1.555e-05 1.125e-05 3.19e-05 1.2e-05 3.48e-05 1.475e-05 2.97e-05 1.51e-05 1.27e-05 1.42e-05 1.25e-05 1.415e-05 1.29e-05 1.365e-05 1.31e-05 1.555e-05 5.49e-05 1.28e-05 1.21e-05 2.705e-05 1.49e-05 1.56e-05 1.66e-05 3.3e-05 3.4e-05 1.535e-05 1.59e-05 1.435e-05 1.375e-05 1.75e-05 5.28e-05 1.17e-05 3.38e-05 1.39e-05 1.435e-05 3.665e-05 1.235e-05 1.425e-05 1.04e-05 1.76e-05 5.095e-05 1.29e-05 1.73e-05 1.35e-05 3.17e-05 1.365e-05 1.585e-05 3.38e-05
18 3.335e-05 3.62e-05 3.355e-05 1.28e-05 1.62e-05 1.18e-05 3.12e-05 1.34e-05 1.44e-05 3.17e-05 1.395e-05 3.47e-05 3.455e-05 1.52e-05 3.305e-05 1.31e-05 2.3e-05 1.5e-05 1.59e-05 1.625e-05 1.23e-05 1.23e-05 1.185e-05 3.11e-05 5.275e-05 1.385e-05 3.125e-05 3.4e-05 1.2e-05 1.3e-05 3.34e-05 1.36e-05 1.345e-05 1.83e-05 2.95e-05 1.36e-05 1.515e-05 1.035e-05 1.31e-05 3.46e-05 1.41e-05 1.225e-05 3.175e-05 1.335e-05 1.265e-05 1.35e-05 3.485e-05 5.515e-05 1.26e-05 3.21e-05 1.525e-05 3.28e-05 1.41e-05 1.48e-05 3.48e-05 1.295e-05 3.185e-05 1.01e-05 3.355e-05 1.02e-05 1.515e-05 1.34e-05 1.505e-05 1.555e-05 1.265e-05 1.245e-05 1.33e-05 1.18e-05 5.17e-05 1.3e-05 1.265e-05 2.005e-05 1.32e-05 1.22e-05 1.27e-05 3.23e-05 3.095e-05 1.325e-05 1.425e-05 1.45e-05 1.285e-05 1.325e-05 5.195e-05 1.28e-05 3.175e-05 1.165e-05 1.23e-05 3.14e-05 1.855e-05 1.32e-05 1.26e-05 1.335e-05 5.5e-05 1.33e-05 1.34e-05 1.215e-05 3.255e-05 1.36e-05 1.35e-05 3.1e-05
19 2.99e-05 2.72e-05 2.905e-05 1.185e-05 1.615e-05 1.365e-05 3.38e-05 1.56e-05 1.18e-05 3.465e-05 1.24e-05 3.035e-05 2.895e-05 1.465e-05 3.325e-05 1.705e-05 2.74e-05 9.8e-06 1.625e-05 8.2e-06 1.72e-05 1.365e-05 1.46e-05 3.705e-05 5.27e-05 1.23e-05 3.155e-05 3.015e-05 1.575e-05 1.255e-05 3.325e-05 1.315e-05 1.565e-05 1.005e-05 3.505e-05 6.25e-06 8.9e-06 1.41e-05 1.015e-05 3.38e-05 1.255e-05 1.525e-05 3.76e-05 6e-06 1.27e-05 1.255e-05 3.555e-05 5.365e-05 2.02e-05 3.42e-05 9e-06 3.78e-05 1.22e-05 6.15e-06 2.85e-05 1.21e-05 3.775e-05 1.87e-05 2.85e-05 1.905e-05 1.18e-05 1.41e-05 1.235e-05 1.18e-05 1.115e-05 8.85e-06 8.05e-06 1.95e-05 5.695e-05 7.75e-06 1.38e-05 2.775e-05 1.485e-05 2.03e-05 1.735e-05 3.15e-05 3.73e-05 1.545e-05 1.27e-05 1.405e-05 9.35e-06 1.835e-05 5.385e-05 1.56e-05 3.405e-05 1.365e-05 1.41e-05 3.735e-05 1.01e-05 1.58e-05 1.285e-05 1.845e-05 5.015e-05 7.7e-06 1.89e-05 1.67e-05 3.42e-05 1.195e-05 1.23e-05 3.675e-05
20 3.56e-05 3.72e-05 3.54e-05 1.505e-05 1.515e-05 1.385e-05 3.43e-05 1.26e-05 1.57e-05 3.47e-05 1.325e-05 3.61e-05 3.7e-05 1.525e-05 3.36e-05 1.28e-05 2.525e-05 1.545e-05 1.23e-05 1.72e-05 1.89e-05 1.24e-05 1.315e-05 3.045e-05 5.53e-05 1.56e-05 3.375e-05 3.485e-05 1.37e-05 1.165e-05 3.215e-05 1.23e-05 1.265e-05 1.92e-05 3.33e-05 1.535e-05 1.54e-05 1.395e-05 1.54e-05 3.335e-05 1.34e-05 1.365e-05 3.305e-05 1.515e-05 1.45e-05 1.38e-05 3.73e-05 5.66e-05 1.335e-05 3.23e-05 1.67e-05 3.36e-05 1.315e-05 1.575e-05 3.67e-05 1.425e-05 3.37e-05 1.195e-05 3.45e-05 1.235e-05 1.49e-05 1.605e-05 1.625e-05 1.73e-05 1.49e-05 1.42e-05 1.57e-05 1.305e-05 5.345e-05 1.54e-05 1.545e-05 2.305e-05 1.405e-05 1.45e-05 1.445e-05 3.54e-05 3.38e-05 1.245e-05 1.355e-05 1.535e-05 1.405e-05 1.075e-05 5.415e-05 1.2e-05 3.095e-05 1.39e-05 1.435e-05 3.045e-05 1.945e-05 1.43e-05 1.29e-05 1.085e-05 5.69e-05 1.515e-05 1.235e-05 1.48e-05 3.475e-05 1.59e-05 1.5e-05 3.305e-05
21 3.25e-05 3.425e-05 3.325e-05 1.16e-05 1.695e-05 1.28e-05 3.03e-05 1.36e-05 1.385e-05 3.07e-05 1.43e-05 3.32e-05 3.295e-05 1.55e-05 3.295e-05 1.445e-05 2.09e-05 1.285e-05 1.23e-05 1.365e-05 1.24e-05 1.63e-05 1.285e-05 3.325e-05 5.21e-05 1.115e-05 3.17e-05 3.36e-05 1.165e-05 1.465e-05 3.395e-05 1.525e-05 1.365e-05 1.625e-05 3.245e-05 1.26e-05 1.335e-05 1.22e-05 1.23e-05 3.515e-05 1.445e-05 1.275e-05 3.28e-05 1.24e-05 1.25e-05 1.33e-05 3.41e-05 5.43e-05 1.41e-05 3.38e-05 1.295e-05 3.35e-05 1.54e-05 1.395e-05 3.385e-05 1.22e-05 3.355e-05 1.255e-05 3.335e-05 1.29e-05 1.49e-05 1.31e-05 1.44e-05 1.515e-05 1.195e-05 1.27e-05 1.28e-05 1.375e-05 5.215e-05 1.25e-05 1.055e-05 2.29e-05 1.365e-05 1.34e-05 1.405e-05 3.145e-05 3.17e-05 1.345e-05 1.46e-05 1.535e-05 1.27e-05 1.55e-05 5.185e-05 1.2e-05 3.195e-05 1.285e-05 1.33e-05 3.325e-05 1.65e-05 1.3e-05 1.2e-05 1.56e-05 5.36e-05 1.345e-05 1.525e-05 1.18e-05 3.25e-05 1.135e-05 1.415e-05 3.29e-05
22 3.59e-05 3.525e-05 3.45e-05 1.515e-05 1.835e-05 1.065e-05 3.18e-05 1.52e-05 1.125e-05 3.305e-05 1.59e-05 3.51e-05 3.525e-05 1.555e-05 3.395e-05 1.55e-05 2.43e-05 1.295e-05 1.185e-05 1.46e-05 1.315e-05 1.285e-05 1.47e-05 3.3e-05 5.415e-05 1.64e-05 3.3e-05 3.21e-05 1.26e-05 1.52e-05 3.495e-05 1.58e-05 1.525e-05 1.765e-05 3.385e-05 1.395e-05 1.315e-05 1.385e-05 1.425e-05 3.645e-05 1.605e-05 1.39e-05 3.345e-05 1.37e-05 1.345e-05 1.72e-05 3.655e-05 5.615e-05 1.2e-05 3.35e-05 1.415e-05 3.275e-05 1.64e-05 1.42e-05 3.59e-05 1.1e-05 2.985e-05 1.135e-05 3.235e-05 1.17e-05 1.44e-05 1.205e-05 1.205e-05 1.68e-05 1.355e-05 1.52e-05 1.435e-05 1.085e-05 5.275e-05 1.405e-05 1.315e-05 2.395e-05 1.53e-05 9.2e-06 1.34e-05 3.38e-05 3.015e-05 1.505e-05 1.62e-05 1.525e-05 1.54e-05 1.54e-05 5.26e-05 1.19e-05 3.36e-05 1.04e-05 1.12e-05 3.33e-05 1.78e-05 1.43e-05 9.7e-06 1.55e-05 5.56e-05 1.47e-05 1.32e-05 1.06e-05 3.235e-05 1.635e-05 1.67e-05 2.84e-05
23 3.41e-05 3.65e-05 3.47e-05 3.415e-05 3.335e-05 3.39e-05 3.62e-05 3.2e-05 3.57e-05 3.595e-05 3.215e-05 3.46e-05 3.585e-05 3.52e-05 3.215e-05 3.245e-05 3.45e-05 3.635e-05 3.11e-05 3.705e-05 3.045e-05 3.325e-05 3.3e-05 5.56e-05 3.595e-05 3.53e-05 3.495e-05 3.415e-05 3.395e-05 3.105e-05 3.355e-05 3.165e-05 3.205e-05 3.82e-05 3.325e-05 3.52e-05 3.585e-05 3.26e-05 3.56e-05 3.215e-05 3.23e-05 3.32e-05 3.445e-05 3.5e-05 3.415e-05 3.275e-05 3.765e-05 3.455e-05 3.35e-05 3.355e-05 3.66e-05 3.555e-05 3.22e-05 3.56e-05 3.6e-05 3.415e-05 3.32e-05 3.22e-05 3.64e-05 3.26e-05 3.495e-05 3.57e-05 3.635e-05 3.63e-05 3.48e-05 3.325e-05 3.51e-05 3.325e-05 3.03e-05 3.48e-05 3.54e-05 3.07e-05 3.345e-05 3.46e-05 3.36e-05 3.615e-05 3.515e-05 3.185e-05 3.245e-05 3.425e-05 3.34e-05 3.03e-05 3.175e-05 3.35e-05 3.23e-05 3.38e-05 3.445e-05 2.815e-05 3.845e-05 3.47e-05 3.38e-05 3.04e-05 3.565e-05 3.5e-05 3.195e-05 3.485e-05 3.44e-05 3.53e-05 3.405e-05 3.26e-05
24 3.165e-05 3.08e-05 3.185e-05 5.13e-05 5.2e-05 5.345e-05 3.08e-05 5.395e-05 5.235e-05 2.965e-05 5.52e-05 3.395e-05 3.11e-05 5.42e-05 3.325e-05 5.34e-05 4.07e-05 5.215e-05 5.275e-05 5.27e-05 5.53e-05 5.21e-05 5.415e-05 3.595e-05 1.88e-05 5.17e-05 3.165e-05 3.27e-05 5.1e-05 5.6e-05 3.49e-05 5.66e-05 5.4e-05 4.93e-05 3.165e-05 5.375e-05 5.285e-05 5.16e-05 5.19e-05 3.395e-05 5.535e-05 5.355e-05 3.17e-05 5.35e-05 5.235e-05 5.315e-05 2.8e-05 1.255e-05 5.305e-05 3.375e-05 5.105e-05 3.275e-05 5.63e-05 5.305e-05 3.23e-05 5.285e-05 3.415e-05 5.27e-05 3.285e-05 5.305e-05 5.295e-05 5.29e-05 5.26e-05 5.025e-05 5.215e-05 5.34e-05 5.35e-05 5.325e-05 1.455e-05 5.32e-05 4.97e-05 4.25e-05 5.32e-05 5.28e-05 5.265e-05 3.095e-05 3.105e-05 5.38e-05 5.55e-05 5.18e-05 5.37e-05 5.58e-05 1.195e-05 5.31e-05 3.555e-05 5.325e-05 5.355e-05 3.62e-05 4.955e-05 5.155e-05 5.385e-05 5.59e-05 9.55e-06 5.44e-05 5.57e-05 5.135e-05 3.07e-05 5.155e-05 5.355e-05 3.405e-05
25 2.965e-05 3.28e-05 3.155e-05 9.45e-06 1.61e-05 1.345e-05 3.01e-05 1.33e-05 1.47e-05 3.1e-05 1.27e-05 3.25e-05 3.08e-05 1.515e-05 3.31e-05 1.47e-05 2.185e-05 1.36e-05 1.385e-05 1.23e-05 1.56e-05 1.115e-05 1.64e-05 3.53e-05 5.17e-05 1.46e-05 3.115e-05 3.485e-05 1.23e-05 1.35e-05 3.26e-05 1.41e-05 1.335e-05 1.495e-05 3.26e-05 1.1e-05 1.455e-05 1.19e-05 1.01e-05 3.415e-05 1.285e-05 1.225e-05 3.47e-05 1.08e-05 1.19e-05 9.55e-06 3.385e-05 5.35e-05 1.735e-05 3.445e-05 1.22e-05 3.475e-05 1.345e-05 1.235e-05 3.135e-05 1.415e-05 3.685e-05 1.585e-05 3.315e-05 1.62e-05 1.575e-05 1.335e-05 1.535e-05 1.36e-05 1.095e-05 9.7e-06 1.05e-05 1.68e-05 5.44e-05 1.02e-05 1.04e-05 2.485e-05 1.23e-05 1.665e-05 1.47e-05 3.045e-05 3.36e-05 1.315e-05 1.3e-05 1.525e-05 9.3e-06 1.68e-05 5.335e-05 1.565e-05 3.14e-05 1.33e-05 1.4e-05 3.53e-05 1.52e-05 1.325e-05 1.545e-05 1.69e-05 5.205e-05 1.08e-05 1.665e-05 1.325e-05 3.28e-05 7.95e-06 1.03e-05 3.6e-05
26 3.25e-05 3.485e-05 3.18e-05 3.085e-05 3.43e-05 3e-05 3.045e-05 3.36e-05 3.31e-05 2.95e-05 3.295e-05 3.345e-05 3.375e-05 3.235e-05 3.485e-05 3.245e-05 3.255e-05 3.32e-05 3.125e-05 3.155e-05 3.375e-05 3.17e-05 3.3e-05 3.495e-05 3.165e-05 3.115e-05 5.37e-05 3.51e-05 3.23e-05 3.105e-05 3.48e-05 3.18e-05 3.365e-05 3.375e-05 2.855e-05 2.845e-05 3.385e-05 3.09e-05 2.9e-05 3.59e-05 3.31e-05 3.285e-05 3.15e-05 2.82e-05 3.175e-05 2.97e-05 3.055e-05 3.725e-05 3.405e-05 3e-05 3.28e-05 3.195e-05 3.225e-05 3.015e-05 3.325e-05 3.295e-05 3.49e-05 3.41e-05 3.395e-05 3.445e-05 3.465e-05 3.215e-05 3.325e-05 3.055e-05 2.975e-05 2.83e-05 2.925e-05 3.445e-05 3.635e-05 2.89e-05 3.195e-05 3.165e-05 3.21e-05 3.285e-05 3.055e-05 2.89e-05 2.99e-05 3.345e-05 3.325e-05 3.51e-05 2.88e-05 3.54e-05 3.6e-05 3.35e-05 3.35e-05 2.995e-05 3.005e-05 3.525e-05 3.4e-05 3.325e-05 3.325e-05 3.55e-05 3.65e-05 2.84e-05 3.425e-05 3.26e-05 3.43e-05 3.085e-05 2.99e-05 3.5e-05
27 3.11e-05 2.715e-05 2.965e-05 3.385e-05 3.405e-05 3.42e-05 3.535e-05 3.51e-05 3.165e-05 3.6e-05 3.515e-05 3.45e-05 3.06e-05 3.625e-05 3.07e-05 3.6e-05 3.46e-05 3.13e-05 3.4e-05 3.015e-05 3.485e-05 3.36e-05 3.21e-05 3.415e-05 3.27e-05 3.485e-05 3.51e-05 5.41e-05 3.49e-05 3.425e-05 3.335e-05 3.485e-05 3.515e-05 2.98e-05 3.63e-05 3.26e-05 3.005e-05 3.385e-05 3.39e-05 3.195e-05 3.53e-05 3.47e-05 3.705e-05 3.235e-05 3.51e-05 3.54e-05 3.525e-05 3.215e-05 3.68e-05 3.605e-05 3.07e-05 3.81e-05 3.475e-05 2.975e-05 3.04e-05 3.045e-05 3.285e-05 3.465e-05 2.92e-05 3.5e-05 3.16e-05 3.575e-05 3.23e-05 3.22e-05 3.32e-05 3.305e-05 3.335e-05 3.59e-05 3.435e-05 3.305e-05 3.365e-05 3.415e-05 3.59e-05 3.725e-05 3.685e-05 3.61e-05 3.71e-05 3.495e-05 3.545e-05 3.195e-05 3.34e-05 3.595e-05 2.99e-05 3.44e-05 3.525e-05 3.405e-05 3.47e-05 3.44e-05 3.01e-05 3.545e-05 3.095e-05 3.605e-05 2.72e-05 3.275e-05 3.695e-05 3.5e-05 3.125e-05 3.465e-05 3.525e-05 3.165e-05
28 3.42e-05 3.51e-05 3.415e-05 1.085e-05 1.725e-05 1.23e-05 2.555e-05 1.205e-05 1.315e-05 2.75e-05 1.49e-05 3.255e-05 3.21e-05 1.425e-05 3.52e-05 1.37e-05 2.095e-05 1.325e-05 1.2e-05 1.575e-05 1.37e-05 1.165e-05 1.26e-05 3.395e-05 5.1e-05 1.23e-05 3.23e-05 3.49e-05 1.07e-05 1.7e-05 3.305e-05 1.76e-05 1.21e-05 1.705e-05 3.325e-05 1.48e-05 1.45e-05 1.11e-05 1.115e-05 3.58e-05 1.505e-05 1.32e-05 2.91e-05 1.455e-05 8.3e-06 1.775e-05 3.295e-05 5.24e-05 9.9e-06 3.31e-05 1.16e-05 2.89e-05 1.735e-05 1.65e-05 3.465e-05 1.13e-05 3.28e-05 7.75e-06 3.245e-05 8.15e-06 1.315e-05 1.09e-05 1.39e-05 1.6e-05 1.075e-05 1.585e-05 1.365e-05 8.85e-06 5.06e-05 1.335e-05 5.5e-06 2.56e-05 1.21e-05 1.025e-05 1.465e-05 3.03e-05 2.905e-05 1.2e-05 1.52e-05 1.25e-05 1.62e-05 1.355e-05 5.14e-05 9.95e-06 3.07e-05 1.195e-05 1.285e-05 3.425e-05 1.73e-05 7.55e-06 1.285e-05 1.365e-05 5.28e-05 1.595e-05 1.455e-05 7.25e-06 2.98e-05 1.21e-05 1.63e-05 3.14e-05
29 3.22e-05 3.47e-05 3.14e-05 1.35e-05 1.405e-05 1.255e-05 3.685e-05 1.25e-05 1.58e-05 3.71e-05 1e-05 3.43e-05 3.505e-05 1.37e-05 3.285e-05 1.275e-05 2.805e-05 1.59e-05 1.3e-05 1.255e-05 1.165e-05 1.465e-05 1.52e-05 3.105e-05 5.6e-05 1.35e-05 3.105e-05 3.425e-05 1.7e-05 1.27e-05 3.12e-05 7.25e-06 1.255e-05 1.74e-05 3.23e-05 9.3e-06 1.505e-05 1.345e-05 1.225e-05 3.155e-05 1.015e-05 1.36e-05 3.625e-05 9.1e-06 1.465e-05 8.7e-06 3.87e-05 5.695e-05 1.795e-05 3.105e-05 1.59e-05 3.665e-05 8.1e-06 9.85e-06 3.3e-05 1.535e-05 3.695e-05 1.685e-05 3.375e-05 1.725e-05 1.49e-05 1.67e-05 1.635e-05 1.41e-05 1.27e-05 7.55e-06 1.025e-05 1.765e-05 5.62e-05 1.005e-05 1.835e-05 2.32e-05 1.31e-05 1.92e-05 1.44e-05 3.465e-05 3.71e-05 1.235e-05 1.03e-05 1.59e-05 7.5e-06 1.145e-05 5.605e-05 1.61e-05 3.09e-05 1.26e-05 1.305e-05 3.105e-05 1.765e-05 1.705e-05 1.525e-05 1.155e-05 5.64e-05 7.9e-06 1.315e-05 1.86e-05 3.705e-05 1.36e-05 9.8e-06 3.63e-05
30 3.32e-05 3.215e-05 3.305e-05 3.27e-05 3.09e-05 3.455e-05 3.43e-05 3.16e-05 3.365e-05 3.525e-05 3.15e-05 3.615e-05 3.34e-05 3.415e-05 3.31e-05 3.245e-05 3.46e-05 3.36e-05 3.34e-05 3.325e-05 3.215e-05 3.395e-05 3.495e-05 3.355e-05 3.49e-05 3.26e-05 3.48e-05 3.335e-05 3.305e-05 3.12e-05 5.85e-05 3.17e-05 3.165e-05 3.195e-05 3.475e-05 3.41e-05 3.305e-05 3.305e-05 3.345e-05 3.14e-05 3.165e-05 3.305e-05 3.445e-05 3.39e-05 3.315e-05 3.21e-05 3.46e-05 3.565e-05 3.455e-05 3.395e-05 3.27e-05 3.46e-05 3.185e-05 3.225e-05 3.365e-05 3.38e-05 3.67e-05 3.3e-05 3.05e-05 3.34e-05 3.175e-05 3.555e-05 3.43e-05 3.275e-05 3.36e-05 3.235e-05 3.365e-05 3.405e-05 3.755e-05 3.335e-05 3.365e-05 3.4e-05 3.275e-05 3.68e-05 3.53e-05 3.52e-05 3.63e-05 3.145e-05 3.18e-05 3.105e-05 3.225e-05 3.05e-05 3.55e-05 3.39e-05 3.115e-05 3.44e-05 3.51e-05 3.355e-05 3.22e-05 3.27e-05 3.46e-05 3.07e-05 3.31e-05 3.355e-05 3.34e-05 3.495e-05 3.39e-05 3.285e-05 3.265e-05 3.585e-05
31 3.28e-05 3.53e-05 3.225e-05 1.41e-05 1.465e-05 1.33e-05 3.745e-05 1.31e-05 1.64e-05 3.77e-05 1.06e-05 3.49e-05 3.565e-05 1.365e-05 3.345e-05 1.335e-05 2.865e-05 1.65e-05 1.36e-05 1.315e-05 1.23e-05 1.525e-05 1.58e-05 3.165e-05 5.66e-05 1.41e-05 3.18e-05 3.485e-05 1.76e-05 7.25e-06 3.17e-05 1.39e-05 1.315e-05 1.8e-05 3.29e-05 1.005e-05 1.565e-05 1.405e-05 1.3e-05 3.215e-05 1.075e-05 1.42e-05 3.685e-05 9.85e-06 1.525e-05 9.3e-06 3.93e-05 5.755e-05 1.855e-05 3.19e-05 1.65e-05 3.725e-05 8e-06 1.06e-05 3.36e-05 1.595e-05 3.755e-05 1.745e-05 3.435e-05 1.785e-05 1.55e-05 1.73e-05 1.695e-05 1.485e-05 1.345e-05 8.3e-06 1.105e-05 1.825e-05 5.68e-05 1.08e-05 1.895e-05 2.38e-05 1.37e-05 1.98e-05 1.5e-05 3.525e-05 3.77e-05 1.295e-05 1.09e-05 1.65e-05 8.3e-06 1.195e-05 5.665e-05 1.67e-05 3.14e-05 1.335e-05 1.38e-05 3.165e-05 1.825e-05 1.765e-05 1.585e-05 1.215e-05 5.7e-05 8e-06 1.375e-05 1.92e-05 3.765e-05 1.42e-05 1.005e-05 3.69e-05
32 3.345e-05 3.525e-05 3.425e-05 1.19e-05 1.49e-05 1.455e-05 3.165e-05 1.11e-05 1.555e-05 3.25e-05 1.27e-05 3.445e-05 3.445e-05 1.505e-05 3.37e-05 1.31e-05 2.53e-05 1.555e-05 1.345e-05 1.565e-05 1.265e-05 1.365e-05 1.525e-05 3.205e-05 5.4e-05 1.335e-05 3.365e-05 3.515e-05 1.21e-05 1.255e-05 3.165e-05 1.315e-05 2.22e-05 1.735e-05 3.395e-05 1.46e-05 1.51e-05 1.255e-05 1.42e-05 3.3e-05 1.285e-05 1.305e-05 3.31e-05 1.44e-05 1.355e-05 1.29e-05 3.61e-05 5.455e-05 1.435e-05 3.325e-05 1.375e-05 3.385e-05 1.32e-05 1.5e-05 3.475e-05 1.355e-05 3.56e-05 1.25e-05 3.4e-05 1.29e-05 1.43e-05 1.54e-05 1.62e-05 1.625e-05 1.28e-05 1.325e-05 1.435e-05 1.385e-05 5.335e-05 1.405e-05 1.125e-05 2.51e-05 1.365e-05 1.595e-05 1.53e-05 3.39e-05 3.43e-05 1.12e-05 1.3e-05 1.415e-05 1.305e-05 1.175e-05 5.375e-05 1.39e-05 3.015e-05 1.445e-05 1.51e-05 3.205e-05 1.76e-05 1.325e-05 1.525e-05 1.185e-05 5.455e-05 1.44e-05 1.39e-05 1.325e-05 3.435e-05 1.37e-05 1.38e-05 3.475e-05
33 3.125e-05 2.595e-05 3.035e-05 1.43e-05 1.27e-05 1.795e-05 3.435e-05 1.73e-05 1.355e-05 3.37e-05 1.76e-05 3.51e-05 3.06e-05 1.675e-05 3.28e-05 1.875e-05 2.745e-05 1.23e-05 1.83e-05 1.005e-05 1.92e-05 1.625e-05 1.765e-05 3.82e-05 4.93e-05 1.495e-05 3.375e-05 2.98e-05 1.705e-05 1.74e-05 3.195e-05 1.8e-05 1.735e-05 1.2e-05 3.55e-05 1.445e-05 1.115e-05 1.61e-05 1.52e-05 3.305e-05 1.775e-05 1.725e-05 3.6e-05 1.42e-05 1.75e-05 1.665e-05 2.95e-05 5.15e-05 1.92e-05 3.56e-05 1.045e-05 3.67e-05 1.705e-05 1.045e-05 3.02e-05 1.42e-05 3.64e-05 1.87e-05 2.715e-05 1.905e-05 1.26e-05 1.805e-05 1.34e-05 1.04e-05 1.49e-05 1.445e-05 1.53e-05 2e-05 5.67e-05 1.5e-05 1.44e-05 2.89e-05 1.765e-05 2.05e-05 1.87e-05 3.405e-05 3.69e-05 1.715e-05 1.79e-05 1.315e-05 1.485e-05 1.94e-05 5.145e-05 1.77e-05 3.515e-05 1.79e-05 1.77e-05 3.85e-05 6.4e-06 1.705e-05 1.595e-05 1.95e-05 4.585e-05 1.46e-05 2.045e-05 1.785e-05 3.3e-05 1.47e-05 1.7e-05 3.69e-05
34 3.32e-05 3.7e-05 3.425e-05 3.225e-05 3.35e-05 3.215e-05 3.19e-05 3.39e-05 3.49e-05 3.02e-05 3.32e-05 3.475e-05 3.52e-05 3.365e-05 3.47e-05 3.235e-05 3.255e-05 3.52e-05 2.95e-05 3.505e-05 3.33e-05 3.245e-05 3.385e-05 3.325e-05 3.165e-05 3.26e-05 2.855e-05 3.63e-05 3.325e-05 3.23e-05 3.475e-05 3.29e-05 3.395e-05 3.55e-05 5.21e-05 3.23e-05 3.63e-05 3.015e-05 3.215e-05 3.55e-05 3.335e-05 3.335e-05 3.09e-05 3.205e-05 3.265e-05 3.01e-05 3.015e-05 3.72e-05 3.365e-05 3.025e-05 3.565e-05 3.18e-05 3.325e-05 3.4e-05 3.535e-05 3.485e-05 3.405e-05 3.41e-05 3.54e-05 3.445e-05 3.63e-05 3.325e-05 3.505e-05 3.265e-05 3.295e-05 3.07e-05 3.235e-05 3.44e-05 3.5e-05 3.205e-05 3.415e-05 2.875e-05 3.225e-05 3.26e-05 3.015e-05 2.955e-05 2.955e-05 3.375e-05 3.35e-05 3.535e-05 3.125e-05 3.45e-05 3.55e-05 3.43e-05 3.345e-05 3.21e-05 3.22e-05 3.355e-05 3.575e-05 3.42e-05 3.43e-05 3.46e-05 3.73e-05 3.225e-05 3.35e-05 3.375e-05 3.475e-05 3.22e-05 3.1e-05 3.45e-05
35 2.97e-05 3.135e-05 2.88e-05 1.075e-05 1.725e-05 1.025e-05 3.295e-05 1.455e-05 1.3e-05 3.38e-05 1.09e-05 2.995e-05 3.045e-05 1.315e-05 3.37e-05 1.54e-05 2.62e-05 1.205e-05 1.36e-05 6.25e-06 1.535e-05 1.26e-05 1.395e-05 3.52e-05 5.375e-05 1.1e-05 2.845e-05 3.26e-05 1.48e-05 9.3e-06 3.41e-05 1.005e-05 1.46e-05 1.445e-05 3.23e-05 6.7e-06 1.165e-05 1.225e-05 7.4e-06 3.465e-05 1.105e-05 1.385e-05 3.67e-05 3.4e-06 1.13e-05 9.9e-06 3.685e-05 5.555e-05 1.915e-05 3.215e-05 1.15e-05 3.665e-05 9.9e-06 6.15e-06 2.925e-05 1.265e-05 3.715e-05 1.79e-05 3.2e-05 1.825e-05 1.425e-05 1.265e-05 1.355e-05 1.175e-05 8.65e-06 5.5e-06 5.45e-06 1.845e-05 5.615e-05 5.1e-06 1.385e-05 2.495e-05 1.305e-05 1.825e-05 1.475e-05 3.02e-05 3.54e-05 1.44e-05 1.12e-05 1.62e-05 6.15e-06 1.725e-05 5.5e-05 1.52e-05 3.3e-05 1.04e-05 1.085e-05 3.55e-05 1.47e-05 1.525e-05 1.31e-05 1.735e-05 5.4e-05 4.3e-06 1.68e-05 1.57e-05 3.51e-05 1.055e-05 9.45e-06 3.615e-05
36 3.28e-05 2.885e-05 3.145e-05 1.335e-05 1.595e-05 1.45e-05 3.305e-05 1.505e-05 1.2e-05 3.39e-05 1.565e-05 3.375e-05 3.21e-05 1.535e-05 3.33e-05 1.65e-05 2.63e-05 9.95e-06 1.515e-05 8.9e-06 1.54e-05 1.335e-05 1.315e-05 3.585e-05 5.285e-05 1.455e-05 3.385e-05 3.005e-05 1.45e-05 1.505e-05 3.305e-05 1.565e-05 1.51e-05 1.115e-05 3.63e-05 1.165e-05 1.43e-05 1.455e-05 1.365e-05 3.415e-05 1.58e-05 1.435e-05 3.54e-05 1.15e-05 1.525e-05 1.62e-05 3.515e-05 5.395e-05 1.665e-05 3.445e-05 9.75e-06 3.625e-05 1.47e-05 9.95e-06 3.13e-05 1.11e-05 3.555e-05 1.415e-05 2.87e-05 1.435e-05 1.11e-05 1.58e-05 1.255e-05 1.365e-05 1.255e-05 1.34e-05 1.335e-05 1.58e-05 5.57e-05 1.305e-05 1.225e-05 2.76e-05 1.64e-05 1.765e-05 1.77e-05 3.455e-05 3.6e-05 1.49e-05 1.595e-05 1.33e-05 1.36e-05 1.635e-05 5.255e-05 1.16e-05 3.36e-05 1.46e-05 1.505e-05 3.615e-05 1.12e-05 1.48e-05 1.12e-05 1.645e-05 5.04e-05 1.225e-05 1.78e-05 1.46e-05 3.29e-05 1.45e-05 1.625e-05 3.455e-05
37 3.12e-05 3.4e-05 3.215e-05 1.01e-05 1.585e-05 1.255e-05 2.955e-05 1.25e-05 1.435e-05 3.01e-05 1.365e-05 3.31e-05 3.24e-05 1.48e-05 3.285e-05 1.395e-05 2.305e-05 1.435e-05 1.035e-05 1.41e-05 1.395e-05 1.22e-05 1.385e-05 3.26e-05 5.16e-05 1.19e-05 3.09e-05 3.385e-05 1.11e-05 1.345e-05 3.305e-05 1.405e-05 1.255e-05 1.61e-05 3.015e-05 1.225e-05 1.455e-05 1.87e-05 1.175e-05 3.425e-05 1.38e-05 1.265e-05 3.255e-05 1.2e-05 1.225e-05 1.255e-05 3.37e-05 5.35e-05 1.45e-05 3.28e-05 1.25e-05 3.345e-05 1.38e-05 1.34e-05 3.265e-05 1.225e-05 3.385e-05 1.265e-05 3.295e-05 1.3e-05 1.49e-05 1.34e-05 1.5e-05 1.415e-05 1.075e-05 1.11e-05 1.195e-05 1.395e-05 5.19e-05 1.165e-05 9.5e-06 2.18e-05 1.295e-05 1.43e-05 1.37e-05 3.12e-05 3.195e-05 1.245e-05 1.395e-05 1.425e-05 1.16e-05 1.485e-05 5.16e-05 1.41e-05 3.11e-05 1.24e-05 1.305e-05 3.29e-05 1.635e-05 1.3e-05 1.4e-05 1.495e-05 5.28e-05 1.195e-05 1.52e-05 1.155e-05 3.265e-05 1.155e-05 1.245e-05 3.3e-05
38 3.02e-05 3.265e-05 2.995e-05 1.03e-05 1.725e-05 1.06e-05 2.95e-05 1.415e-05 1.33e-05 3.1e-05 1.245e-05 3.115e-05 3.02e-05 1.35e-05 3.425e-05 1.5e-05 2.335e-05 1.28e-05 1.31e-05 1.015e-05 1.54e-05 1.23e-05 1.425e-05 3.56e-05 5.19e-05 1.01e-05 2.9e-05 3.39e-05 1.115e-05 1.225e-05 3.345e-05 1.3e-05 1.42e-05 1.52e-05 3.215e-05 7.4e-06 1.365e-05 1.175e-05 1.38e-05 3.52e-05 1.26e-05 1.345e-05 3.39e-05 7.1e-06 9.65e-06 1.225e-05 3.445e-05 5.415e-05 1.615e-05 3.27e-05 1.185e-05 3.335e-05 1.285e-05 9.85e-06 3.04e-05 1.3e-05 3.585e-05 1.475e-05 3.21e-05 1.51e-05 1.46e-05 1.15e-05 1.395e-05 1.23e-05 9.15e-06 8.35e-06 7.6e-06 1.525e-05 5.46e-05 7.2e-06 1.07e-05 2.525e-05 1.21e-05 1.52e-05 1.445e-05 2.935e-05 3.255e-05 1.4e-05 1.275e-05 1.51e-05 9.1e-06 1.685e-05 5.36e-05 1.41e-05 3.23e-05 1.035e-05 1.105e-05 3.59e-05 1.545e-05 1.155e-05 1.385e-05 1.695e-05 5.275e-05 7.85e-06 1.645e-05 1.25e-05 3.24e-05 9.6e-06 1.095e-05 3.465e-05
39 3.15e-05 3.075e-05 3.165e-05 3.405e-05 3.185e-05 3.605e-05 3.73e-05 3.295e-05 3.515e-05 3.735e-05 3.235e-05 3.49e-05 3.25e-05 3.565e-05 3.14e-05 3.38e-05 3.63e-05 3.495e-05 3.46e-05 3.38e-05 3.335e-05 3.515e-05 3.645e-05 3.215e-05 3.395e-05 3.415e-05 3.59e-05 3.195e-05 3.58e-05 3.155e-05 3.14e-05 3.215e-05 3.3e-05 3.305e-05 3.55e-05 3.465e-05 3.415e-05 3.425e-05 3.52e-05 5.88e-05 3.25e-05 3.44e-05 3.655e-05 3.445e-05 3.535e-05 3.225e-05 3.625e-05 3.215e-05 3.705e-05 3.505e-05 3.425e-05 3.755e-05 3.225e-05 3.28e-05 3.195e-05 3.535e-05 3.63e-05 3.555e-05 3.275e-05 3.595e-05 3.33e-05 3.755e-05 3.58e-05 3.385e-05 3.515e-05 3.27e-05 3.47e-05 3.655e-05 3.45e-05 3.44e-05 3.62e-05 3.415e-05 3.43e-05 3.925e-05 3.66e-05 3.68e-05 3.835e-05 3.28e-05 3.265e-05 3.27e-05 3.26e-05 3.195e-05 3.22e-05 3.58e-05 3.305e-05 3.595e-05 3.66e-05 3.21e-05 3.33e-05 3.545e-05 3.595e-05 3.205e-05 2.965e-05 3.41e-05 3.47e-05 3.745e-05 3.36e-05 3.44e-05 3.355e-05 3.545e-05
