 slim_337555422 slim_337555612 slim_337555443 slim_337555230 slim_337555585 slim_337555572 slim_337555544 slim_337555606 slim_337555604 slim_337555594 slim_337555602 slim_337555605 slim_337555483 slim_337555546 slim_337555592 slim_337555587 slim_337555593 slim_337555325 slim_337555574 slim_337555555 slim_337555557 slim_337555598 slim_337555621 slim_337555381 slim_337555519 slim_337555556 slim_337555579 slim_337555489 slim_337555508 slim_337555586 slim_337555491 slim_337555516 slim_337555620 slim_337555449 slim_337555629 slim_337555385 slim_337555466 slim_337555538 slim_337555600 slim_337555582 slim_337555626 slim_337555627 slim_337555576 slim_337555550 slim_337555454 slim_337555502 slim_337555532 slim_337555517 slim_337555545 slim_337555488 slim_337555420 slim_337555611 slim_337555614 slim_337555424 slim_337555322 slim_337555438 slim_337555415 slim_337555569 slim_337555623 slim_337555535 slim_337555459 slim_337555595 slim_337555444 slim_337555558 slim_337555499 slim_337555591 slim_337555547 slim_337555597 slim_337555530 slim_337555630 slim_337555334 slim_337555581 slim_337555613 slim_337555608 slim_337555403 slim_337555032 slim_337555588 slim_337555500 slim_337555431 slim_337555567 slim_337555351 slim_337555628 slim_337555542 slim_337555616 slim_337555452 slim_337555589 slim_337555288 slim_337555580 slim_337555568 slim_337555607 slim_337555603 slim_337555561 slim_337555601 slim_337555504 slim_337555583 slim_337555498 slim_337555584 slim_337555617 slim_337555562 slim_337555493
0 6.1e-06 1.16e-05 1.385e-05 4.45e-06 6.25e-06 1.105e-05 7.8e-06 7.5e-06 3.6e-06 1.375e-05 9.4e-06 6.4e-06 3.53e-05 3.46e-05 6.3e-06 4e-06 9.1e-06 9.75e-06 7.45e-06 8.1e-06 1.21e-05 1.085e-05 7.4e-06 6.25e-06 4.5e-06 6.85e-06 3.155e-05 7.4e-06 4.6e-06 7.75e-06 3.485e-05 1.325e-05 7.6e-06 5.05e-06 3.69e-05 4.67e-05 3.745e-05 6.15e-06 6.8e-06 9.15e-06 9.45e-06 6.35e-06 5.8e-06 3.79e-05 8.6e-06 3.79e-05 1.535e-05 9.6e-06 4.79e-05 3.45e-06 1.255e-05 3.485e-05 9.55e-06 1.7e-05 3.985e-05 3.485e-05 8.8e-06 1.015e-05 8e-06 7.65e-06 1.215e-05 5.65e-06 1.28e-05 1.015e-05 7.75e-06 3.05e-06 6.6e-06 6.25e-06 5.15e-06 3.36e-05 1.43e-05 3.365e-05 3.22e-05 9.45e-06 3.65e-05 3.51e-05 1.315e-05 6.9e-06 3.36e-05 3.67e-05 6e-06 7.45e-06 3.46e-05 6.95e-06 7.4e-06 6.2e-06 3.7e-06 3.95e-06 6.45e-06 8.8e-06 9e-06 4.345e-05 1.28e-05 1.03e-05 9.6e-06 1.01e-05 6.1e-06 1.605e-05 4.6e-06 1.14e-05
1 1.16e-05 3e-07 6.1e-06 1.175e-05 1.125e-05 1.215e-05 1.105e-05 6.2e-06 1.2e-05 6e-06 5.6e-06 1.05e-05 3.38e-05 3.545e-05 1.13e-05 1.23e-05 9.45e-06 1.16e-05 1.1e-05 9.45e-06 1.35e-05 1.31e-05 6.1e-06 1.035e-05 1.215e-05 1.105e-05 3.675e-05 6.05e-06 1.215e-05 1.205e-05 3.665e-05 1.345e-05 9.45e-06 1.085e-05 3.55e-05 4.69e-05 3.04e-05 1.235e-05 1.27e-05 8.1e-06 1.145e-05 1.1e-05 1.095e-05 3.805e-05 1.16e-05 3.075e-05 1.285e-05 1.16e-05 4.115e-05 1.185e-05 1.175e-05 3.395e-05 9e-06 1.31e-05 3.635e-05 3.67e-05 1.09e-05 1.225e-05 9.6e-06 1.135e-05 1.36e-05 1.18e-05 9.05e-06 1.295e-05 1.04e-05 1.125e-05 1.155e-05 1.16e-05 1.235e-05 3.47e-05 1.325e-05 3.655e-05 3.525e-05 1.145e-05 3.64e-05 3.36e-05 1.18e-05 1.12e-05 3.65e-05 3.53e-05 1.22e-05 1.095e-05 3.545e-05 1.115e-05 6.1e-06 1.24e-05 1.195e-05 1.225e-05 1.135e-05 1.21e-05 1.115e-05 4.505e-05 1.07e-05 5.95e-06 1.09e-05 1.21e-05 1.23e-05 1.185e-05 1.185e-05 1.1e-05
2 1.385e-05 6.1e-06 1.19e-05 1.41e-05 1.4e-05 1.065e-05 1.39e-05 1.01e-05 1.425e-05 6.25e-06 9.8e-06 1.35e-05 3.57e-05 3.765e-05 1.405e-05 1.455e-05 1.195e-05 1.025e-05 1.35e-05 1.265e-05 1.245e-05 1.22e-05 1e-05 1.335e-05 1.425e-05 1.38e-05 3.82e-05 9.95e-06 1.425e-05 1.43e-05 3.73e-05 1.19e-05 1.255e-05 1.36e-05 3.68e-05 4.72e-05 3.285e-05 1.395e-05 1.4e-05 1.195e-05 1.01e-05 1.375e-05 1.37e-05 3.795e-05 1.235e-05 3.33e-05 1.17e-05 1.025e-05 4.375e-05 1.41e-05 9.75e-06 3.605e-05 1.17e-05 8.35e-06 3.33e-05 3.735e-05 1.325e-05 1.075e-05 1.26e-05 1.345e-05 1.255e-05 1.295e-05 8.35e-06 1.39e-05 1.345e-05 1.375e-05 1.415e-05 1.345e-05 1.385e-05 3.59e-05 1.195e-05 3.71e-05 3.695e-05 1.01e-05 3.655e-05 3.55e-05 1.005e-05 1.395e-05 3.705e-05 3.66e-05 1.38e-05 1.26e-05 3.765e-05 1.39e-05 1e-05 1.4e-05 1.42e-05 1.45e-05 1.395e-05 1.33e-05 1.405e-05 4.64e-05 9.45e-06 9.45e-06 1.325e-05 1.035e-05 1.39e-05 6.65e-06 1.42e-05 9.9e-06
3 4.45e-06 1.175e-05 1.41e-05 7.8e-06 6.35e-06 1.06e-05 6.85e-06 8.45e-06 4.6e-06 1.4e-05 8.7e-06 6.8e-06 3.515e-05 3.455e-05 6.4e-06 5e-06 8.15e-06 1.035e-05 7.9e-06 6.6e-06 1.11e-05 1.125e-05 8.35e-06 6.65e-06 4.5e-06 7.4e-06 3.21e-05 8.3e-06 4.55e-06 8.55e-06 3.385e-05 1.275e-05 6.8e-06 4.9e-06 3.685e-05 4.63e-05 3.75e-05 5.6e-06 6.85e-06 8.15e-06 1.005e-05 5.7e-06 6.2e-06 3.855e-05 8.4e-06 3.795e-05 1.5e-05 1.02e-05 4.81e-05 4.75e-06 1.22e-05 3.475e-05 8.5e-06 1.715e-05 4e-05 3.39e-05 7.8e-06 1.095e-05 6.6e-06 6.6e-06 1.12e-05 6.95e-06 1.25e-05 1.035e-05 6.5e-06 3.9e-06 5.1e-06 6.15e-06 6.2e-06 3.305e-05 1.455e-05 3.445e-05 3.125e-05 1.005e-05 3.595e-05 3.495e-05 1.36e-05 6.95e-06 3.44e-05 3.665e-05 5.45e-06 7.4e-06 3.455e-05 7.55e-06 8.35e-06 6.3e-06 4.7e-06 4.95e-06 5.25e-06 7.8e-06 8.3e-06 4.395e-05 1.295e-05 9.85e-06 9.05e-06 1.07e-05 5.55e-06 1.64e-05 4.05e-06 1.1e-05
4 6.25e-06 1.125e-05 1.4e-05 6.35e-06 9.2e-06 1.095e-05 8.1e-06 8.25e-06 6.9e-06 1.39e-05 9.05e-06 9.2e-06 3.595e-05 3.66e-05 4.75e-06 6.25e-06 8.05e-06 1.21e-05 1.025e-05 7.2e-06 1.195e-05 1.31e-05 8.15e-06 9.05e-06 5.25e-06 7.7e-06 3.41e-05 8.1e-06 5.35e-06 9.25e-06 3.47e-05 1.305e-05 7e-06 7.35e-06 3.765e-05 4.71e-05 3.74e-05 6.9e-06 7.45e-06 6.75e-06 1.195e-05 5.3e-06 4.95e-06 3.855e-05 8.85e-06 3.785e-05 1.585e-05 1.21e-05 4.82e-05 6.5e-06 1.28e-05 3.555e-05 8.85e-06 1.745e-05 4.03e-05 3.465e-05 6.95e-06 1.095e-05 6.95e-06 7.45e-06 1.195e-05 7e-06 1.24e-05 1.07e-05 5.8e-06 7.4e-06 6.4e-06 8.3e-06 6.65e-06 3.4e-05 1.62e-05 3.465e-05 3.235e-05 1.195e-05 3.655e-05 3.575e-05 1.525e-05 5.8e-06 3.46e-05 3.745e-05 6.75e-06 8.1e-06 3.66e-05 8.05e-06 8.15e-06 6.1e-06 6.05e-06 6.15e-06 6.15e-06 8.4e-06 8.85e-06 4.48e-05 1.375e-05 1.005e-05 1.015e-05 1.23e-05 6.85e-06 1.67e-05 6.45e-06 1.185e-05
5 1.105e-05 1.215e-05 1.065e-05 1.06e-05 1.095e-05 1.68e-05 1.175e-05 1.115e-05 1.145e-05 1.025e-05 1.165e-05 1.32e-05 3.685e-05 3.835e-05 1.1e-05 1.13e-05 1.045e-05 1.04e-05 1.35e-05 1.065e-05 1.065e-05 1.225e-05 1.105e-05 1.305e-05 9.6e-06 1.22e-05 3.64e-05 1.1e-05 9.2e-06 1.285e-05 3.53e-05 1.08e-05 1.04e-05 1.195e-05 3.8e-05 4.67e-05 3.655e-05 1.02e-05 1.1e-05 1.17e-05 1.025e-05 1.075e-05 1.08e-05 3.84e-05 1.01e-05 3.7e-05 1.32e-05 1.04e-05 4.745e-05 1.13e-05 9.55e-06 3.695e-05 1.12e-05 1.02e-05 3.495e-05 3.535e-05 1.115e-05 9.75e-06 1.04e-05 1.065e-05 1.075e-05 9.9e-06 9.75e-06 1.255e-05 1.135e-05 1.21e-05 1.065e-05 1.145e-05 1.07e-05 3.52e-05 1.34e-05 3.58e-05 3.475e-05 1.025e-05 3.605e-05 3.665e-05 1.16e-05 1.15e-05 3.575e-05 3.78e-05 1.005e-05 1.08e-05 3.835e-05 1.235e-05 1.105e-05 9.9e-06 1.125e-05 1.125e-05 1.005e-05 1.015e-05 1.255e-05 4.61e-05 1.16e-05 1.13e-05 1.26e-05 1.085e-05 1.015e-05 8.6e-06 1.07e-05 1.005e-05
6 7.8e-06 1.105e-05 1.39e-05 6.85e-06 8.1e-06 1.175e-05 1.12e-05 9.35e-06 8.2e-06 1.38e-05 8.4e-06 7.15e-06 3.35e-05 3.375e-05 8.15e-06 8e-06 9.7e-06 1.245e-05 8.85e-06 7.9e-06 1.21e-05 1.345e-05 9.25e-06 6.85e-06 6.6e-06 6.7e-06 3.46e-05 9.2e-06 7.1e-06 7.95e-06 3.49e-05 1.39e-05 8.5e-06 7.25e-06 3.53e-05 4.755e-05 3.735e-05 8.05e-06 8.3e-06 9.15e-06 1.23e-05 7.45e-06 8e-06 3.985e-05 9.75e-06 3.78e-05 1.465e-05 1.245e-05 4.81e-05 8.05e-06 1.325e-05 3.235e-05 9.85e-06 1.745e-05 4.035e-05 3.475e-05 9.25e-06 1.23e-05 7.8e-06 7.85e-06 1.2e-05 8.65e-06 1.32e-05 1.225e-05 7.1e-06 8.1e-06 6e-06 9.1e-06 9e-06 3.37e-05 1.55e-05 3.59e-05 3.165e-05 1.23e-05 3.705e-05 3.34e-05 1.455e-05 8.6e-06 3.585e-05 3.495e-05 7.9e-06 8.1e-06 3.365e-05 7e-06 9.25e-06 8.5e-06 7.95e-06 7.95e-06 6.5e-06 9.7e-06 7.35e-06 4.475e-05 1.12e-05 1.04e-05 8.2e-06 1.265e-05 8e-06 1.67e-05 6.95e-06 1.14e-05
7 7.5e-06 6.2e-06 1.01e-05 8.45e-06 8.25e-06 1.115e-05 9.35e-06 1.21e-05 8.2e-06 1e-05 7.8e-06 9.65e-06 3.495e-05 3.605e-05 8.3e-06 8.05e-06 9.25e-06 1.14e-05 1.04e-05 8.45e-06 1.235e-05 1.275e-05 6.05e-06 9.5e-06 7.25e-06 8.75e-06 3.44e-05 6.2e-06 7.55e-06 9.65e-06 3.53e-05 1.32e-05 8.25e-06 9.15e-06 3.66e-05 4.665e-05 3.405e-05 8.8e-06 9.55e-06 8.85e-06 1.125e-05 8.4e-06 7.65e-06 3.785e-05 9.4e-06 3.45e-05 1.45e-05 1.14e-05 4.465e-05 7.6e-06 1.2e-05 3.48e-05 9.25e-06 1.505e-05 3.81e-05 3.53e-05 9.8e-06 1.06e-05 8.45e-06 9.75e-06 1.24e-05 7.55e-06 1.105e-05 1.125e-05 9.35e-06 8.75e-06 9e-06 9.55e-06 8.15e-06 3.44e-05 1.445e-05 3.445e-05 3.365e-05 1.125e-05 3.63e-05 3.475e-05 1.315e-05 8.55e-06 3.44e-05 3.64e-05 8.65e-06 9.05e-06 3.605e-05 8.85e-06 6.05e-06 8.55e-06 8e-06 8e-06 8.85e-06 1.015e-05 1.005e-05 4.425e-05 1.215e-05 8.1e-06 1.05e-05 1.16e-05 8.75e-06 1.395e-05 8.55e-06 1.16e-05
8 3.6e-06 1.2e-05 1.425e-05 4.6e-06 6.9e-06 1.145e-05 8.2e-06 8.2e-06 5.7e-06 1.415e-05 9.8e-06 6.55e-06 3.57e-05 3.5e-05 6.95e-06 4.4e-06 9.5e-06 9.9e-06 7.15e-06 8.5e-06 1.25e-05 1.07e-05 8.1e-06 6.4e-06 5.3e-06 7.5e-06 3.155e-05 8.1e-06 4.6e-06 8.45e-06 3.525e-05 1.365e-05 7.85e-06 5.2e-06 3.73e-05 4.71e-05 3.785e-05 6.25e-06 7.45e-06 9.55e-06 9.6e-06 6.6e-06 6.5e-06 3.855e-05 9.15e-06 3.83e-05 1.575e-05 9.75e-06 4.83e-05 3.6e-06 1.295e-05 3.525e-05 9.95e-06 1.74e-05 4.025e-05 3.525e-05 9.2e-06 1.08e-05 8.4e-06 8.05e-06 1.255e-05 6.6e-06 1.32e-05 1.085e-05 8.15e-06 2.95e-06 7e-06 6.3e-06 5.5e-06 3.4e-05 1.46e-05 3.435e-05 3.26e-05 9.6e-06 3.69e-05 3.55e-05 1.345e-05 7.55e-06 3.43e-05 3.71e-05 6.1e-06 8.05e-06 3.5e-05 7.6e-06 8.1e-06 6.85e-06 4.05e-06 4.35e-06 6.85e-06 9.2e-06 9.4e-06 4.355e-05 1.32e-05 1.07e-05 1e-05 1.025e-05 6.2e-06 1.645e-05 4.7e-06 1.18e-05
9 1.375e-05 6e-06 6.25e-06 1.4e-05 1.39e-05 1.025e-05 1.38e-05 1e-05 1.415e-05 1.17e-05 9.7e-06 1.34e-05 3.56e-05 3.755e-05 1.395e-05 1.445e-05 1.185e-05 9.9e-06 1.34e-05 1.255e-05 1.235e-05 1.21e-05 9.9e-06 1.325e-05 1.415e-05 1.37e-05 3.81e-05 9.85e-06 1.415e-05 1.42e-05 3.72e-05 1.18e-05 1.245e-05 1.35e-05 3.67e-05 4.71e-05 3.275e-05 1.385e-05 1.38e-05 1.185e-05 9.75e-06 1.365e-05 1.36e-05 3.785e-05 1.225e-05 3.32e-05 1.16e-05 9.9e-06 4.365e-05 1.4e-05 9.4e-06 3.595e-05 1.16e-05 8e-06 3.295e-05 3.725e-05 1.315e-05 1.05e-05 1.25e-05 1.335e-05 1.245e-05 1.285e-05 7.95e-06 1.38e-05 1.335e-05 1.365e-05 1.405e-05 1.335e-05 1.375e-05 3.58e-05 1.185e-05 3.7e-05 3.685e-05 9.75e-06 3.645e-05 3.54e-05 9.7e-06 1.385e-05 3.695e-05 3.65e-05 1.37e-05 1.25e-05 3.755e-05 1.38e-05 9.9e-06 1.39e-05 1.41e-05 1.44e-05 1.385e-05 1.32e-05 1.395e-05 4.63e-05 9.75e-06 9.35e-06 1.315e-05 1.065e-05 1.38e-05 6.05e-06 1.41e-05 9.55e-06
10 9.4e-06 5.6e-06 9.8e-06 8.7e-06 9.05e-06 1.165e-05 8.4e-06 7.8e-06 9.8e-06 9.7e-06 1.09e-05 8.8e-06 3.37e-05 3.475e-05 9.1e-06 1.005e-05 8.35e-06 1.15e-05 9.6e-06 7.7e-06 1.23e-05 1.265e-05 7.7e-06 8.65e-06 9.2e-06 9.4e-06 3.555e-05 7.65e-06 9.55e-06 1.045e-05 3.525e-05 1.295e-05 8.2e-06 7.75e-06 3.545e-05 4.67e-05 3.355e-05 9.8e-06 9.65e-06 7.15e-06 1.135e-05 8.55e-06 8.8e-06 3.825e-05 1.065e-05 3.4e-05 1.305e-05 1.15e-05 4.45e-05 9.65e-06 1.19e-05 3.36e-05 8.25e-06 1.485e-05 3.79e-05 3.51e-05 8.9e-06 1.22e-05 7.6e-06 8.2e-06 1.22e-05 1.07e-05 1.02e-05 1.17e-05 6.6e-06 8.95e-06 7.5e-06 9.55e-06 1.06e-05 3.335e-05 1.42e-05 3.6e-05 3.27e-05 1.135e-05 3.6e-05 3.35e-05 1.31e-05 9.3e-06 3.595e-05 3.525e-05 9.65e-06 8.95e-06 3.475e-05 9.5e-06 7.7e-06 1.01e-05 9.7e-06 1e-05 7.85e-06 1e-05 9.55e-06 4.51e-05 1.12e-05 7.7e-06 9.45e-06 1.2e-05 9.75e-06 1.395e-05 8.8e-06 1.01e-05
11 6.4e-06 1.05e-05 1.35e-05 6.8e-06 9.2e-06 1.32e-05 7.15e-06 9.65e-06 6.55e-06 1.34e-05 8.8e-06 8.3e-06 3.305e-05 3.185e-05 9.25e-06 7.4e-06 1.08e-05 1.05e-05 6.25e-06 1.015e-05 1.41e-05 1.16e-05 9.55e-06 4.3e-06 9.1e-06 6.9e-06 3.37e-05 9.5e-06 8.95e-06 7.9e-06 3.69e-05 1.48e-05 9.95e-06 5.1e-06 3.435e-05 4.835e-05 3.715e-05 9.6e-06 8.85e-06 9.8e-06 1.02e-05 8.75e-06 8.9e-06 3.955e-05 1.155e-05 3.76e-05 1.43e-05 1.035e-05 4.775e-05 6.7e-06 1.4e-05 3.185e-05 1.105e-05 1.74e-05 4.03e-05 3.695e-05 1.045e-05 1.29e-05 1.02e-05 8.5e-06 1.42e-05 1.015e-05 1.335e-05 1.275e-05 8.1e-06 4.15e-06 7.95e-06 8.05e-06 9.35e-06 3.395e-05 1.4e-05 3.655e-05 3.315e-05 1.02e-05 3.8e-05 3.285e-05 1.285e-05 9.75e-06 3.65e-05 3.445e-05 9.45e-06 8.75e-06 3.185e-05 7e-06 9.55e-06 1.01e-05 6.8e-06 7.35e-06 7.9e-06 1.14e-05 8.3e-06 4.435e-05 1.05e-05 1.1e-05 8.35e-06 1.115e-05 9.55e-06 1.645e-05 6.95e-06 1.11e-05
12 3.53e-05 3.38e-05 3.57e-05 3.515e-05 3.595e-05 3.685e-05 3.35e-05 3.495e-05 3.57e-05 3.56e-05 3.37e-05 3.305e-05 6.17e-05 3.325e-05 3.6e-05 3.6e-05 3.56e-05 3.615e-05 3.365e-05 3.565e-05 3.745e-05 3.705e-05 3.485e-05 3.28e-05 3.585e-05 3.38e-05 3.57e-05 3.48e-05 3.6e-05 3.475e-05 3.505e-05 3.745e-05 3.575e-05 3.395e-05 3.305e-05 4.83e-05 3.385e-05 3.595e-05 3.6e-05 3.53e-05 3.6e-05 3.555e-05 3.565e-05 3.435e-05 3.615e-05 3.43e-05 3.675e-05 3.615e-05 4.715e-05 3.555e-05 3.675e-05 3.09e-05 3.565e-05 3.82e-05 3.59e-05 3.51e-05 3.575e-05 3.71e-05 3.57e-05 3.45e-05 3.755e-05 3.62e-05 3.63e-05 3.515e-05 3.445e-05 3.465e-05 3.465e-05 3.545e-05 3.625e-05 3.49e-05 3.755e-05 3.525e-05 3.5e-05 3.6e-05 3.525e-05 3.085e-05 3.67e-05 3.63e-05 3.49e-05 3.275e-05 3.58e-05 3.475e-05 3.315e-05 3.4e-05 3.485e-05 3.615e-05 3.565e-05 3.595e-05 3.46e-05 3.6e-05 3.43e-05 4.665e-05 3.43e-05 3.485e-05 3.39e-05 3.665e-05 3.59e-05 3.755e-05 3.525e-05 3.525e-05
13 3.46e-05 3.545e-05 3.765e-05 3.455e-05 3.66e-05 3.835e-05 3.375e-05 3.605e-05 3.5e-05 3.755e-05 3.475e-05 3.185e-05 3.325e-05 6.08e-05 3.665e-05 3.55e-05 3.755e-05 3.635e-05 3.205e-05 3.69e-05 3.895e-05 3.72e-05 3.595e-05 3.17e-05 3.65e-05 3.395e-05 3.355e-05 3.59e-05 3.665e-05 3.385e-05 3.635e-05 3.965e-05 3.69e-05 3.285e-05 3.375e-05 4.95e-05 3.56e-05 3.73e-05 3.56e-05 3.655e-05 3.615e-05 3.62e-05 3.63e-05 3.715e-05 3.75e-05 3.605e-05 3.66e-05 3.63e-05 4.81e-05 3.485e-05 3.895e-05 3.31e-05 3.76e-05 4.045e-05 3.795e-05 3.64e-05 3.72e-05 3.85e-05 3.695e-05 3.545e-05 3.905e-05 3.675e-05 3.83e-05 3.83e-05 3.505e-05 3.27e-05 3.49e-05 3.555e-05 3.75e-05 3.445e-05 3.665e-05 3.645e-05 3.385e-05 3.615e-05 3.725e-05 3.305e-05 3.58e-05 3.695e-05 3.63e-05 3.355e-05 3.715e-05 3.49e-05 3.06e-05 3.405e-05 3.595e-05 3.75e-05 3.495e-05 3.545e-05 3.485e-05 3.815e-05 3.47e-05 4.95e-05 3.53e-05 3.675e-05 3.475e-05 3.7e-05 3.725e-05 3.98e-05 3.465e-05 3.625e-05
14 6.3e-06 1.13e-05 1.405e-05 6.4e-06 4.75e-06 1.1e-05 8.15e-06 8.3e-06 6.95e-06 1.395e-05 9.1e-06 9.25e-06 3.6e-05 3.665e-05 9.3e-06 6.3e-06 8.1e-06 1.215e-05 1.03e-05 7.25e-06 1.2e-05 1.315e-05 8.2e-06 9.1e-06 5.3e-06 7.75e-06 3.415e-05 8.15e-06 5.4e-06 9.3e-06 3.475e-05 1.31e-05 7.05e-06 7.4e-06 3.77e-05 4.715e-05 3.745e-05 6.95e-06 7.5e-06 6.7e-06 1.2e-05 5.45e-06 5e-06 3.86e-05 8.9e-06 3.79e-05 1.59e-05 1.215e-05 4.825e-05 6.55e-06 1.285e-05 3.56e-05 8.9e-06 1.75e-05 4.035e-05 3.47e-05 7e-06 1.1e-05 7e-06 7.5e-06 1.2e-05 7.05e-06 1.245e-05 1.075e-05 5.75e-06 7.45e-06 6.45e-06 8.35e-06 6.7e-06 3.405e-05 1.625e-05 3.47e-05 3.24e-05 1.2e-05 3.66e-05 3.58e-05 1.53e-05 5.85e-06 3.465e-05 3.75e-05 6.8e-06 8.15e-06 3.665e-05 8.1e-06 8.2e-06 6.15e-06 6.1e-06 6.2e-06 6.2e-06 8.45e-06 8.9e-06 4.485e-05 1.38e-05 1.01e-05 1.02e-05 1.235e-05 6.9e-06 1.675e-05 6.5e-06 1.19e-05
15 4e-06 1.23e-05 1.455e-05 5e-06 6.25e-06 1.13e-05 8e-06 8.05e-06 4.4e-06 1.445e-05 1.005e-05 7.4e-06 3.6e-05 3.55e-05 6.3e-06 6.3e-06 9.45e-06 1.04e-05 8.4e-06 8.35e-06 1.235e-05 1.18e-05 7.95e-06 7.25e-06 4.7e-06 6.85e-06 3.23e-05 7.9e-06 4.7e-06 8.25e-06 3.51e-05 1.36e-05 7.9e-06 6.05e-06 3.76e-05 4.705e-05 3.815e-05 6.1e-06 6.95e-06 9.85e-06 1.045e-05 6.5e-06 6.35e-06 3.845e-05 8.35e-06 3.86e-05 1.605e-05 1.06e-05 4.86e-05 4.25e-06 1.29e-05 3.555e-05 9.9e-06 1.77e-05 4.055e-05 3.505e-05 9.15e-06 1.025e-05 8.2e-06 8e-06 1.235e-05 5.7e-06 1.35e-05 1.055e-05 8.4e-06 4.35e-06 6.8e-06 6.85e-06 4.95e-06 3.395e-05 1.52e-05 3.415e-05 3.24e-05 1.045e-05 3.685e-05 3.58e-05 1.405e-05 6.9e-06 3.41e-05 3.74e-05 5.95e-06 7.75e-06 3.55e-05 7.05e-06 7.95e-06 5.85e-06 3.95e-06 3.2e-06 6.7e-06 8.8e-06 9.25e-06 4.385e-05 1.35e-05 1.065e-05 9.95e-06 1e-05 6.05e-06 1.675e-05 5.1e-06 1.21e-05
16 9.1e-06 9.45e-06 1.195e-05 8.15e-06 8.05e-06 1.045e-05 9.7e-06 9.25e-06 9.5e-06 1.185e-05 8.35e-06 1.08e-05 3.56e-05 3.755e-05 8.1e-06 9.45e-06 8.4e-06 1.19e-05 1.19e-05 6.75e-06 1.17e-05 1.295e-05 9.15e-06 1.065e-05 8e-06 1.08e-05 3.605e-05 9.1e-06 7.65e-06 1.18e-05 3.465e-05 1.025e-05 6.75e-06 8.35e-06 3.74e-05 4.47e-05 3.56e-05 7.3e-06 9.65e-06 6.35e-06 1.175e-05 7.85e-06 7.75e-06 3.76e-05 9.2e-06 3.605e-05 1.515e-05 1.19e-05 4.65e-05 9.35e-06 1.005e-05 3.525e-05 5.95e-06 1.52e-05 3.825e-05 3.47e-05 6.25e-06 1.2e-05 5.9e-06 5.8e-06 1.18e-05 1.085e-05 9.25e-06 8.95e-06 6.9e-06 9.3e-06 7.4e-06 7.65e-06 8.4e-06 3.285e-05 1.59e-05 3.565e-05 3.375e-05 1.175e-05 3.405e-05 3.54e-05 1.49e-05 8.7e-06 3.56e-05 3.72e-05 7.15e-06 1e-05 3.755e-05 1.09e-05 9.15e-06 6.85e-06 9.45e-06 9.4e-06 6.85e-06 5.1e-06 1.04e-05 4.355e-05 1.325e-05 7.55e-06 9.2e-06 1.205e-05 7.25e-06 1.44e-05 8.25e-06 1.07e-05
17 9.75e-06 1.16e-05 1.025e-05 1.035e-05 1.21e-05 1.04e-05 1.245e-05 1.14e-05 9.9e-06 9.9e-06 1.15e-05 1.05e-05 3.615e-05 3.635e-05 1.215e-05 1.04e-05 1.19e-05 1.63e-05 1.075e-05 1.24e-05 1.23e-05 1.05e-05 1.13e-05 1.035e-05 1.17e-05 1.2e-05 3.555e-05 1.125e-05 1.145e-05 1.25e-05 3.695e-05 1.205e-05 1.205e-05 9.75e-06 3.72e-05 4.735e-05 3.635e-05 1.145e-05 1.125e-05 1.235e-05 8.3e-06 1.17e-05 1.18e-05 3.81e-05 1.165e-05 3.68e-05 1.265e-05 8.45e-06 4.71e-05 1e-05 1.015e-05 3.62e-05 1.21e-05 1.015e-05 3.49e-05 3.7e-05 1.235e-05 1.025e-05 1.225e-05 1.145e-05 1.24e-05 1.125e-05 9.95e-06 1.29e-05 1.195e-05 8.45e-06 1.185e-05 1.035e-05 1.1e-05 3.52e-05 1.195e-05 3.64e-05 3.56e-05 8.3e-06 3.685e-05 3.595e-05 9.95e-06 1.24e-05 3.635e-05 3.7e-05 1.13e-05 1.115e-05 3.635e-05 1.21e-05 1.13e-05 1.175e-05 1.01e-05 1.035e-05 1.165e-05 1.205e-05 1.31e-05 4.575e-05 1.06e-05 1.175e-05 1.245e-05 9.15e-06 1.14e-05 8.35e-06 1.045e-05 9.55e-06
18 7.45e-06 1.1e-05 1.35e-05 7.9e-06 1.025e-05 1.35e-05 8.85e-06 1.04e-05 7.15e-06 1.34e-05 9.6e-06 6.25e-06 3.365e-05 3.205e-05 1.03e-05 8.4e-06 1.19e-05 1.075e-05 1.03e-05 1.125e-05 1.44e-05 1.16e-05 1.03e-05 6e-06 1.015e-05 8.55e-06 3.315e-05 1.025e-05 1e-05 9.2e-06 3.65e-05 1.51e-05 1.1e-05 6.2e-06 3.495e-05 4.795e-05 3.645e-05 1.065e-05 9.55e-06 1.09e-05 1.05e-05 9.8e-06 9.95e-06 3.91e-05 1.225e-05 3.69e-05 1.33e-05 1.065e-05 4.705e-05 7.45e-06 1.43e-05 3.42e-05 1.215e-05 1.69e-05 3.91e-05 3.655e-05 1.155e-05 1.315e-05 1.13e-05 9.6e-06 1.45e-05 1.08e-05 1.365e-05 1.38e-05 9.2e-06 5.25e-06 9.05e-06 9.05e-06 1.035e-05 3.335e-05 1.3e-05 3.61e-05 3.255e-05 1.05e-05 3.76e-05 3.355e-05 1.185e-05 1.08e-05 3.605e-05 3.465e-05 1.05e-05 9.45e-06 3.19e-05 8.75e-06 1.03e-05 1.115e-05 7.8e-06 8.35e-06 9e-06 1.25e-05 1e-05 4.595e-05 1.14e-05 1.18e-05 1.015e-05 1.14e-05 1.06e-05 1.595e-05 8e-06 1.14e-05
19 8.1e-06 9.45e-06 1.265e-05 6.6e-06 7.2e-06 1.065e-05 7.9e-06 8.45e-06 8.5e-06 1.255e-05 7.7e-06 1.015e-05 3.565e-05 3.69e-05 7.25e-06 8.35e-06 6.75e-06 1.24e-05 1.125e-05 8.6e-06 1.09e-05 1.33e-05 8.35e-06 1e-05 5.85e-06 9.4e-06 3.505e-05 8.3e-06 6.35e-06 1.055e-05 3.38e-05 1.24e-05 5.25e-06 7.6e-06 3.745e-05 4.54e-05 3.61e-05 6.95e-06 8.2e-06 5.55e-06 1.225e-05 6.45e-06 7.05e-06 3.86e-05 8.45e-06 3.655e-05 1.51e-05 1.24e-05 4.7e-05 8.35e-06 1.095e-05 3.53e-05 5.25e-06 1.645e-05 3.945e-05 3.385e-05 6.55e-06 1.18e-05 5.35e-06 6.85e-06 1.1e-05 9.1e-06 1.075e-05 9.65e-06 6.35e-06 8.9e-06 5.5e-06 7.65e-06 8.5e-06 3.285e-05 1.625e-05 3.535e-05 3.22e-05 1.225e-05 3.475e-05 3.545e-05 1.54e-05 6.8e-06 3.53e-05 3.725e-05 6.8e-06 8.6e-06 3.69e-05 9.55e-06 8.35e-06 7.5e-06 8.3e-06 8.3e-06 5.8e-06 6.9e-06 8.35e-06 4.505e-05 1.35e-05 7.7e-06 8.95e-06 1.26e-05 6.9e-06 1.58e-05 6.7e-06 1.09e-05
20 1.21e-05 1.35e-05 1.245e-05 1.11e-05 1.195e-05 1.065e-05 1.21e-05 1.235e-05 1.25e-05 1.235e-05 1.23e-05 1.41e-05 3.745e-05 3.895e-05 1.2e-05 1.235e-05 1.17e-05 1.23e-05 1.44e-05 1.09e-05 1.81e-05 1.13e-05 1.225e-05 1.395e-05 1.01e-05 1.31e-05 3.715e-05 1.22e-05 1.045e-05 1.375e-05 3.55e-05 1.01e-05 1.13e-05 1.26e-05 3.86e-05 4.735e-05 3.745e-05 1.08e-05 1.175e-05 1.245e-05 1.215e-05 1.135e-05 1.18e-05 3.915e-05 1.1e-05 3.79e-05 1.185e-05 1.23e-05 4.85e-05 1.235e-05 1.12e-05 3.755e-05 1.175e-05 1.01e-05 3.655e-05 3.555e-05 1.19e-05 1.12e-05 1.085e-05 1.155e-05 9.25e-06 1.105e-05 1.165e-05 1.335e-05 1.18e-05 1.315e-05 1.075e-05 1.225e-05 1.185e-05 3.57e-05 1.25e-05 3.655e-05 3.495e-05 1.215e-05 3.655e-05 3.725e-05 1.355e-05 1.22e-05 3.65e-05 3.84e-05 1.065e-05 1.155e-05 3.895e-05 1.325e-05 1.225e-05 1.12e-05 1.23e-05 1.23e-05 1.09e-05 1.12e-05 1.31e-05 4.72e-05 1.31e-05 1.225e-05 1.325e-05 1.25e-05 1.065e-05 1.135e-05 1.12e-05 1.155e-05
21 1.085e-05 1.31e-05 1.22e-05 1.125e-05 1.31e-05 1.225e-05 1.345e-05 1.275e-05 1.07e-05 1.21e-05 1.265e-05 1.16e-05 3.705e-05 3.72e-05 1.315e-05 1.18e-05 1.295e-05 1.05e-05 1.16e-05 1.33e-05 1.13e-05 1.87e-05 1.265e-05 1.145e-05 1.27e-05 1.32e-05 3.635e-05 1.26e-05 1.24e-05 1.37e-05 3.765e-05 1.115e-05 1.29e-05 1.065e-05 3.81e-05 4.83e-05 3.74e-05 1.25e-05 1.235e-05 1.325e-05 1.025e-05 1.28e-05 1.28e-05 3.9e-05 1.285e-05 3.785e-05 1.165e-05 1.04e-05 4.83e-05 1.085e-05 1.21e-05 3.71e-05 1.31e-05 1.02e-05 3.665e-05 3.77e-05 1.325e-05 1.185e-05 1.32e-05 1.235e-05 1.14e-05 1.255e-05 1.195e-05 1.4e-05 1.275e-05 9.45e-06 1.265e-05 1.13e-05 1.225e-05 3.6e-05 1.115e-05 3.73e-05 3.63e-05 1.025e-05 3.765e-05 3.685e-05 1.2e-05 1.34e-05 3.725e-05 3.79e-05 1.235e-05 1.225e-05 3.72e-05 1.33e-05 1.265e-05 1.285e-05 1.12e-05 1.175e-05 1.245e-05 1.305e-05 1.41e-05 4.695e-05 1.24e-05 1.3e-05 1.355e-05 1.115e-05 1.245e-05 1.125e-05 1.135e-05 1.14e-05
22 7.4e-06 6.1e-06 1e-05 8.35e-06 8.15e-06 1.105e-05 9.25e-06 6.05e-06 8.1e-06 9.9e-06 7.7e-06 9.55e-06 3.485e-05 3.595e-05 8.2e-06 7.95e-06 9.15e-06 1.13e-05 1.03e-05 8.35e-06 1.225e-05 1.265e-05 1.19e-05 9.4e-06 7.15e-06 8.65e-06 3.43e-05 6.1e-06 7.45e-06 9.55e-06 3.52e-05 1.31e-05 8.15e-06 9.05e-06 3.65e-05 4.655e-05 3.395e-05 8.7e-06 9.45e-06 8.75e-06 1.115e-05 8.3e-06 7.55e-06 3.775e-05 9.3e-06 3.44e-05 1.44e-05 1.13e-05 4.455e-05 7.5e-06 1.19e-05 3.47e-05 9.15e-06 1.495e-05 3.8e-05 3.52e-05 9.7e-06 1.05e-05 8.35e-06 9.65e-06 1.23e-05 7.45e-06 1.095e-05 1.115e-05 9.25e-06 8.65e-06 8.9e-06 9.45e-06 8.05e-06 3.43e-05 1.435e-05 3.435e-05 3.355e-05 1.115e-05 3.62e-05 3.465e-05 1.305e-05 8.45e-06 3.43e-05 3.63e-05 8.55e-06 8.95e-06 3.595e-05 8.75e-06 5.95e-06 8.45e-06 7.9e-06 7.9e-06 8.75e-06 1.005e-05 9.95e-06 4.415e-05 1.205e-05 8e-06 1.04e-05 1.15e-05 8.65e-06 1.385e-05 8.45e-06 1.15e-05
23 6.25e-06 1.035e-05 1.335e-05 6.65e-06 9.05e-06 1.305e-05 6.85e-06 9.5e-06 6.4e-06 1.325e-05 8.65e-06 4.3e-06 3.28e-05 3.17e-05 9.1e-06 7.25e-06 1.065e-05 1.035e-05 6e-06 1e-05 1.395e-05 1.145e-05 9.4e-06 8e-06 8.95e-06 6.6e-06 3.355e-05 9.35e-06 8.8e-06 7.65e-06 3.675e-05 1.465e-05 9.8e-06 4.95e-06 3.45e-05 4.82e-05 3.7e-05 9.45e-06 8.7e-06 9.65e-06 1.005e-05 8.6e-06 8.75e-06 3.94e-05 1.14e-05 3.745e-05 1.415e-05 1.02e-05 4.76e-05 6.55e-06 1.385e-05 3.16e-05 1.09e-05 1.725e-05 4.015e-05 3.68e-05 1.03e-05 1.275e-05 1.005e-05 8.35e-06 1.405e-05 1e-05 1.32e-05 1.26e-05 7.95e-06 4e-06 7.8e-06 7.9e-06 9.2e-06 3.37e-05 1.385e-05 3.64e-05 3.29e-05 1.005e-05 3.785e-05 3.27e-05 1.27e-05 9.6e-06 3.635e-05 3.415e-05 9.3e-06 8.6e-06 3.16e-05 6.85e-06 9.4e-06 9.95e-06 6.65e-06 7.2e-06 7.75e-06 1.125e-05 8.05e-06 4.42e-05 1.02e-05 1.085e-05 8.2e-06 1.1e-05 9.4e-06 1.63e-05 6.8e-06 1.095e-05
24 4.5e-06 1.215e-05 1.425e-05 4.5e-06 5.25e-06 9.6e-06 6.6e-06 7.25e-06 5.3e-06 1.415e-05 9.2e-06 9.1e-06 3.585e-05 3.65e-05 5.3e-06 4.7e-06 8e-06 1.17e-05 1.015e-05 5.85e-06 1.01e-05 1.27e-05 7.15e-06 8.95e-06 4e-06 6.9e-06 3.25e-05 7.15e-06 2.8e-06 7.95e-06 3.285e-05 1.235e-05 6.15e-06 7.2e-06 3.755e-05 4.59e-05 3.765e-05 4.6e-06 6.35e-06 8.5e-06 1.155e-05 5.05e-06 4.95e-06 3.82e-05 6.9e-06 3.81e-05 1.57e-05 1.17e-05 4.825e-05 4.85e-06 1.18e-05 3.545e-05 8.35e-06 1.705e-05 3.99e-05 3.285e-05 7.6e-06 9.65e-06 5.8e-06 7e-06 1.015e-05 4.3e-06 1.265e-05 9.65e-06 6.95e-06 7e-06 4.85e-06 7.3e-06 4.9e-06 3.345e-05 1.58e-05 3.305e-05 3.1e-05 1.155e-05 3.555e-05 3.565e-05 1.485e-05 5.85e-06 3.3e-05 3.735e-05 4.45e-06 6.9e-06 3.65e-05 7.05e-06 7.15e-06 4.7e-06 4.95e-06 4.65e-06 5.05e-06 7.1e-06 8.15e-06 4.385e-05 1.365e-05 9.7e-06 9.45e-06 1.16e-05 4.55e-06 1.63e-05 4.6e-06 1.17e-05
25 6.85e-06 1.105e-05 1.38e-05 7.4e-06 7.7e-06 1.22e-05 6.7e-06 8.75e-06 7.5e-06 1.37e-05 9.4e-06 6.9e-06 3.38e-05 3.395e-05 7.75e-06 6.85e-06 1.08e-05 1.2e-05 8.55e-06 9.4e-06 1.31e-05 1.32e-05 8.65e-06 6.6e-06 6.9e-06 1.16e-05 3.435e-05 8.6e-06 7.3e-06 7.45e-06 3.59e-05 1.455e-05 9.3e-06 7.55e-06 3.55e-05 4.81e-05 3.745e-05 8.6e-06 8.25e-06 1.03e-05 1.185e-05 8.1e-06 7.95e-06 3.92e-05 9.9e-06 3.79e-05 1.515e-05 1.2e-05 4.805e-05 7.1e-06 1.375e-05 3.26e-05 1.105e-05 1.745e-05 4.035e-05 3.585e-05 1.04e-05 1.145e-05 9.35e-06 9.05e-06 1.31e-05 7.6e-06 1.365e-05 1.225e-05 8.65e-06 7.4e-06 7.65e-06 9.35e-06 7.9e-06 3.44e-05 1.54e-05 3.54e-05 3.275e-05 1.185e-05 3.775e-05 3.37e-05 1.425e-05 8.35e-06 3.535e-05 3.515e-05 8.45e-06 8.3e-06 3.385e-05 6.35e-06 8.65e-06 8.1e-06 6.65e-06 6.75e-06 7.7e-06 1.085e-05 8.05e-06 4.44e-05 1.12e-05 1.1e-05 8.9e-06 1.22e-05 8.55e-06 1.65e-05 7.5e-06 1.195e-05
26 3.155e-05 3.675e-05 3.82e-05 3.21e-05 3.41e-05 3.64e-05 3.46e-05 3.44e-05 3.155e-05 3.81e-05 3.555e-05 3.37e-05 3.57e-05 3.355e-05 3.415e-05 3.23e-05 3.605e-05 3.555e-05 3.315e-05 3.505e-05 3.715e-05 3.635e-05 3.43e-05 3.355e-05 3.25e-05 3.435e-05 6.22e-05 3.43e-05 3.21e-05 3.42e-05 3.45e-05 3.83e-05 3.46e-05 3.27e-05 3.62e-05 4.805e-05 3.61e-05 3.375e-05 3.4e-05 3.61e-05 3.53e-05 3.385e-05 3.37e-05 3.595e-05 3.49e-05 3.655e-05 3.785e-05 3.545e-05 4.845e-05 3.18e-05 3.77e-05 3.63e-05 3.63e-05 4.025e-05 3.77e-05 3.45e-05 3.575e-05 3.62e-05 3.495e-05 3.48e-05 3.72e-05 3.3e-05 3.795e-05 3.62e-05 3.49e-05 3.12e-05 3.375e-05 3.365e-05 3.345e-05 3.425e-05 3.705e-05 3.405e-05 3.305e-05 3.53e-05 3.595e-05 3.55e-05 3.62e-05 3.455e-05 3.39e-05 3.6e-05 3.36e-05 3.4e-05 3.35e-05 3.445e-05 3.43e-05 3.405e-05 3.2e-05 3.225e-05 3.36e-05 3.575e-05 3.56e-05 4.85e-05 3.78e-05 3.625e-05 3.62e-05 3.59e-05 3.37e-05 3.96e-05 3.22e-05 3.675e-05
27 7.4e-06 6.05e-06 9.95e-06 8.3e-06 8.1e-06 1.1e-05 9.2e-06 6.2e-06 8.1e-06 9.85e-06 7.65e-06 9.5e-06 3.48e-05 3.59e-05 8.15e-06 7.9e-06 9.1e-06 1.125e-05 1.025e-05 8.3e-06 1.22e-05 1.26e-05 6.1e-06 9.35e-06 7.15e-06 8.6e-06 3.43e-05 1.18e-05 7.45e-06 9.35e-06 3.515e-05 1.305e-05 8.1e-06 9e-06 3.645e-05 4.65e-05 3.39e-05 8.65e-06 9.4e-06 8.7e-06 1.11e-05 8.25e-06 7.7e-06 3.77e-05 9.25e-06 3.435e-05 1.435e-05 1.125e-05 4.45e-05 7.65e-06 1.185e-05 3.465e-05 9.1e-06 1.49e-05 3.795e-05 3.515e-05 9.65e-06 1.045e-05 8.3e-06 9.6e-06 1.225e-05 7.45e-06 1.09e-05 1.1e-05 9.2e-06 8.6e-06 8.85e-06 9.4e-06 8e-06 3.425e-05 1.43e-05 3.415e-05 3.35e-05 1.11e-05 3.615e-05 3.46e-05 1.3e-05 8.4e-06 3.41e-05 3.625e-05 8.5e-06 8.95e-06 3.59e-05 8.7e-06 6.1e-06 8.4e-06 7.85e-06 7.85e-06 8.7e-06 1e-05 9.9e-06 4.41e-05 1.2e-05 7.95e-06 1.035e-05 1.145e-05 8.6e-06 1.38e-05 8.4e-06 1.145e-05
28 4.6e-06 1.215e-05 1.425e-05 4.55e-06 5.35e-06 9.2e-06 7.1e-06 7.55e-06 4.6e-06 1.415e-05 9.55e-06 8.95e-06 3.6e-05 3.665e-05 5.4e-06 4.7e-06 7.65e-06 1.145e-05 1e-05 6.35e-06 1.045e-05 1.24e-05 7.45e-06 8.8e-06 2.8e-06 7.3e-06 3.21e-05 7.45e-06 4e-06 8.4e-06 3.32e-05 1.2e-05 5.85e-06 7.1e-06 3.77e-05 4.605e-05 3.765e-05 4.65e-06 6.8e-06 8.5e-06 1.125e-05 5.15e-06 5.1e-06 3.845e-05 7.2e-06 3.81e-05 1.59e-05 1.14e-05 4.825e-05 4.85e-06 1.195e-05 3.56e-05 8.65e-06 1.705e-05 3.99e-05 3.32e-05 7.6e-06 9.9e-06 6.15e-06 6.85e-06 1.05e-05 4.85e-06 1.265e-05 1.01e-05 7.15e-06 6.4e-06 5.4e-06 7.15e-06 4.85e-06 3.36e-05 1.57e-05 3.335e-05 3.135e-05 1.125e-05 3.57e-05 3.58e-05 1.475e-05 6.25e-06 3.33e-05 3.75e-05 4.5e-06 7.3e-06 3.665e-05 7.45e-06 7.45e-06 4.6e-06 4.9e-06 4.65e-06 4.85e-06 6.9e-06 8.45e-06 4.355e-05 1.38e-05 9.85e-06 9.75e-06 1.135e-05 4.6e-06 1.63e-05 4.65e-06 1.19e-05
29 7.75e-06 1.205e-05 1.43e-05 8.55e-06 9.25e-06 1.285e-05 7.95e-06 9.65e-06 8.45e-06 1.42e-05 1.045e-05 7.9e-06 3.475e-05 3.385e-05 9.3e-06 8.25e-06 1.18e-05 1.25e-05 9.2e-06 1.055e-05 1.375e-05 1.37e-05 9.55e-06 7.65e-06 7.95e-06 7.45e-06 3.42e-05 9.35e-06 8.4e-06 1.36e-05 3.595e-05 1.505e-05 1.045e-05 8.55e-06 3.535e-05 4.8e-05 3.735e-05 9.75e-06 9e-06 1.13e-05 1.235e-05 9.25e-06 8.85e-06 3.925e-05 1.12e-05 3.775e-05 1.465e-05 1.25e-05 4.795e-05 8e-06 1.425e-05 3.36e-05 1.205e-05 1.745e-05 3.97e-05 3.595e-05 1.14e-05 1.225e-05 1.055e-05 1.005e-05 1.38e-05 8.8e-06 1.415e-05 1.31e-05 9.7e-06 8.4e-06 8.85e-06 1.035e-05 9.2e-06 3.43e-05 1.49e-05 3.5e-05 3.285e-05 1.235e-05 3.76e-05 3.47e-05 1.375e-05 9.8e-06 3.5e-05 3.505e-05 9.6e-06 9.5e-06 3.375e-05 7.65e-06 9.55e-06 9.65e-06 8.2e-06 8.2e-06 8.85e-06 1.185e-05 9.15e-06 4.54e-05 1.175e-05 1.2e-05 9.9e-06 1.27e-05 9.7e-06 1.65e-05 8.65e-06 1.245e-05
30 3.485e-05 3.665e-05 3.73e-05 3.385e-05 3.47e-05 3.53e-05 3.49e-05 3.53e-05 3.525e-05 3.72e-05 3.525e-05 3.69e-05 3.505e-05 3.635e-05 3.475e-05 3.51e-05 3.465e-05 3.695e-05 3.65e-05 3.38e-05 3.55e-05 3.765e-05 3.52e-05 3.675e-05 3.285e-05 3.59e-05 3.45e-05 3.515e-05 3.32e-05 3.595e-05 6.36e-05 3.645e-05 3.42e-05 3.535e-05 3.54e-05 4.67e-05 3.415e-05 3.355e-05 3.505e-05 3.535e-05 3.68e-05 3.41e-05 3.455e-05 3.32e-05 3.46e-05 3.485e-05 3.735e-05 3.695e-05 4.79e-05 3.51e-05 3.6e-05 3.57e-05 3.48e-05 3.835e-05 3.52e-05 3.205e-05 3.48e-05 3.61e-05 3.38e-05 3.43e-05 3.56e-05 3.45e-05 3.65e-05 3.41e-05 3.455e-05 3.59e-05 3.35e-05 3.515e-05 3.46e-05 3.46e-05 3.8e-05 3.33e-05 3.37e-05 3.68e-05 3.345e-05 3.485e-05 3.735e-05 3.51e-05 3.345e-05 3.52e-05 3.34e-05 3.5e-05 3.635e-05 3.605e-05 3.52e-05 3.395e-05 3.505e-05 3.505e-05 3.365e-05 3.41e-05 3.605e-05 4.78e-05 3.78e-05 3.535e-05 3.62e-05 3.715e-05 3.35e-05 3.79e-05 3.395e-05 3.62e-05
31 1.325e-05 1.345e-05 1.19e-05 1.275e-05 1.305e-05 1.08e-05 1.39e-05 1.32e-05 1.365e-05 1.18e-05 1.295e-05 1.48e-05 3.745e-05 3.965e-05 1.31e-05 1.36e-05 1.025e-05 1.205e-05 1.51e-05 1.24e-05 1.01e-05 1.115e-05 1.31e-05 1.465e-05 1.235e-05 1.455e-05 3.83e-05 1.305e-05 1.2e-05 1.505e-05 3.645e-05 1.64e-05 1.215e-05 1.335e-05 3.86e-05 4.615e-05 3.7e-05 1.125e-05 1.32e-05 1.265e-05 1.19e-05 1.285e-05 1.275e-05 3.83e-05 1.125e-05 3.745e-05 1.19e-05 1.205e-05 4.805e-05 1.35e-05 9.9e-06 3.755e-05 1.11e-05 9.15e-06 3.56e-05 3.65e-05 1.12e-05 1.165e-05 1.22e-05 1.06e-05 1.02e-05 1.295e-05 1.11e-05 1.215e-05 1.255e-05 1.37e-05 1.26e-05 1.175e-05 1.19e-05 3.52e-05 1.235e-05 3.7e-05 3.66e-05 1.19e-05 3.535e-05 3.725e-05 1.33e-05 1.36e-05 3.695e-05 3.84e-05 1.11e-05 1.295e-05 3.965e-05 1.465e-05 1.31e-05 1.08e-05 1.36e-05 1.355e-05 1.205e-05 8.95e-06 1.455e-05 4.585e-05 1.3e-05 1.145e-05 1.29e-05 1.22e-05 1.12e-05 1.03e-05 1.285e-05 1.15e-05
32 7.6e-06 9.45e-06 1.255e-05 6.8e-06 7e-06 1.04e-05 8.5e-06 8.25e-06 7.85e-06 1.245e-05 8.2e-06 9.95e-06 3.575e-05 3.69e-05 7.05e-06 7.9e-06 6.75e-06 1.205e-05 1.1e-05 5.25e-06 1.13e-05 1.29e-05 8.15e-06 9.8e-06 6.15e-06 9.3e-06 3.46e-05 8.1e-06 5.85e-06 1.045e-05 3.42e-05 1.215e-05 9.6e-06 7.6e-06 3.745e-05 4.555e-05 3.6e-05 7.15e-06 8.3e-06 5.8e-06 1.185e-05 6.6e-06 6.85e-06 3.83e-05 8.6e-06 3.645e-05 1.51e-05 1.2e-05 4.69e-05 7.85e-06 1.11e-05 3.535e-05 5.75e-06 1.625e-05 3.925e-05 3.425e-05 6.8e-06 1.15e-05 6e-06 7e-06 1.14e-05 8.8e-06 1.08e-05 9.7e-06 6.85e-06 8.3e-06 6.3e-06 7.6e-06 8e-06 3.3e-05 1.605e-05 3.505e-05 3.26e-05 1.185e-05 3.49e-05 3.555e-05 1.52e-05 6.85e-06 3.5e-05 3.725e-05 7e-06 8.8e-06 3.69e-05 9.45e-06 8.15e-06 7.15e-06 7.8e-06 7.85e-06 5.95e-06 7e-06 8.7e-06 4.475e-05 1.35e-05 7.95e-06 9.3e-06 1.225e-05 7.1e-06 1.56e-05 6.9e-06 1.11e-05
33 5.05e-06 1.085e-05 1.36e-05 4.9e-06 7.35e-06 1.195e-05 7.25e-06 9.15e-06 5.2e-06 1.35e-05 7.75e-06 5.1e-06 3.395e-05 3.285e-05 7.4e-06 6.05e-06 8.35e-06 9.75e-06 6.2e-06 7.6e-06 1.26e-05 1.065e-05 9.05e-06 4.95e-06 7.2e-06 7.55e-06 3.27e-05 9e-06 7.1e-06 8.55e-06 3.535e-05 1.335e-05 7.6e-06 5.6e-06 3.565e-05 4.69e-05 3.7e-05 7.7e-06 6.65e-06 7.3e-06 9.45e-06 6.85e-06 7.05e-06 3.855e-05 1.015e-05 3.745e-05 1.365e-05 9.6e-06 4.78e-05 5.35e-06 1.26e-05 3.355e-05 8.4e-06 1.705e-05 3.99e-05 3.54e-05 7.95e-06 1.215e-05 7.7e-06 5.75e-06 1.27e-05 9.4e-06 1.2e-05 1.075e-05 5.7e-06 2.8e-06 5.15e-06 6.05e-06 8e-06 3.235e-05 1.395e-05 3.555e-05 3.165e-05 9.45e-06 3.635e-05 3.375e-05 1.3e-05 7.75e-06 3.55e-05 3.545e-05 7.55e-06 7.15e-06 3.285e-05 7.65e-06 9.05e-06 8.25e-06 5.45e-06 6e-06 5.2e-06 8.9e-06 8.3e-06 4.455e-05 1.175e-05 9.85e-06 8.35e-06 1.04e-05 7.65e-06 1.63e-05 5.05e-06 9.55e-06
34 3.69e-05 3.55e-05 3.68e-05 3.685e-05 3.765e-05 3.8e-05 3.53e-05 3.66e-05 3.73e-05 3.67e-05 3.545e-05 3.435e-05 3.305e-05 3.375e-05 3.77e-05 3.76e-05 3.74e-05 3.72e-05 3.495e-05 3.745e-05 3.86e-05 3.81e-05 3.65e-05 3.45e-05 3.755e-05 3.55e-05 3.62e-05 3.645e-05 3.77e-05 3.535e-05 3.54e-05 3.86e-05 3.745e-05 3.565e-05 6.49e-05 4.885e-05 3.415e-05 3.765e-05 3.715e-05 3.71e-05 3.705e-05 3.725e-05 3.735e-05 3.455e-05 3.785e-05 3.415e-05 3.675e-05 3.72e-05 4.765e-05 3.715e-05 3.79e-05 3.29e-05 3.745e-05 3.87e-05 3.515e-05 3.545e-05 3.755e-05 3.815e-05 3.75e-05 3.63e-05 3.87e-05 3.78e-05 3.745e-05 3.675e-05 3.625e-05 3.625e-05 3.645e-05 3.715e-05 3.785e-05 3.56e-05 3.755e-05 3.5e-05 3.57e-05 3.705e-05 3.515e-05 3.285e-05 3.67e-05 3.8e-05 3.565e-05 3.265e-05 3.75e-05 3.645e-05 3.375e-05 3.56e-05 3.65e-05 3.785e-05 3.725e-05 3.755e-05 3.64e-05 3.78e-05 3.615e-05 4.83e-05 3.545e-05 3.66e-05 3.56e-05 3.77e-05 3.76e-05 3.805e-05 3.695e-05 3.64e-05
35 4.67e-05 4.69e-05 4.72e-05 4.63e-05 4.71e-05 4.67e-05 4.755e-05 4.665e-05 4.71e-05 4.71e-05 4.67e-05 4.835e-05 4.83e-05 4.95e-05 4.715e-05 4.705e-05 4.47e-05 4.735e-05 4.795e-05 4.54e-05 4.735e-05 4.83e-05 4.655e-05 4.82e-05 4.59e-05 4.81e-05 4.805e-05 4.65e-05 4.605e-05 4.8e-05 4.67e-05 4.615e-05 4.555e-05 4.69e-05 4.885e-05 8.31e-05 4.715e-05 4.48e-05 4.73e-05 4.615e-05 4.72e-05 4.67e-05 4.68e-05 4.66e-05 4.47e-05 4.76e-05 4.835e-05 4.735e-05 4.415e-05 4.695e-05 4.45e-05 4.895e-05 4.33e-05 4.815e-05 4.76e-05 4.675e-05 4.455e-05 4.72e-05 4.6e-05 4.49e-05 4.745e-05 4.71e-05 4.665e-05 4.38e-05 4.69e-05 4.715e-05 4.625e-05 4.45e-05 4.535e-05 4.575e-05 4.865e-05 4.715e-05 4.795e-05 4.72e-05 4.48e-05 4.81e-05 4.775e-05 4.655e-05 4.705e-05 4.865e-05 4.465e-05 4.72e-05 4.95e-05 4.82e-05 4.655e-05 4.5e-05 4.705e-05 4.7e-05 4.62e-05 4.25e-05 4.74e-05 4.495e-05 4.84e-05 4.42e-05 4.575e-05 4.75e-05 4.475e-05 4.745e-05 4.64e-05 4.69e-05
36 3.745e-05 3.04e-05 3.285e-05 3.75e-05 3.74e-05 3.655e-05 3.735e-05 3.405e-05 3.785e-05 3.275e-05 3.355e-05 3.715e-05 3.385e-05 3.56e-05 3.745e-05 3.815e-05 3.56e-05 3.635e-05 3.645e-05 3.61e-05 3.745e-05 3.74e-05 3.395e-05 3.7e-05 3.765e-05 3.745e-05 3.61e-05 3.39e-05 3.765e-05 3.735e-05 3.415e-05 3.7e-05 3.6e-05 3.7e-05 3.415e-05 4.715e-05 6.05e-05 3.745e-05 3.795e-05 3.54e-05 3.62e-05 3.715e-05 3.71e-05 3.255e-05 3.68e-05 3.095e-05 3.585e-05 3.635e-05 4.4e-05 3.77e-05 3.59e-05 3.475e-05 3.54e-05 3.605e-05 3.31e-05 3.42e-05 3.67e-05 3.675e-05 3.615e-05 3.675e-05 3.755e-05 3.735e-05 3.46e-05 3.54e-05 3.665e-05 3.735e-05 3.735e-05 3.71e-05 3.755e-05 3.525e-05 3.635e-05 3.44e-05 3.605e-05 3.62e-05 3.39e-05 3.365e-05 3.535e-05 3.75e-05 3.455e-05 3.395e-05 3.73e-05 3.68e-05 3.56e-05 3.755e-05 3.395e-05 3.75e-05 3.78e-05 3.81e-05 3.715e-05 3.685e-05 3.765e-05 4.79e-05 3.6e-05 3.345e-05 3.695e-05 3.685e-05 3.74e-05 3.525e-05 3.76e-05 3.58e-05
37 6.15e-06 1.235e-05 1.395e-05 5.6e-06 6.9e-06 1.02e-05 8.05e-06 8.8e-06 6.25e-06 1.385e-05 9.8e-06 9.6e-06 3.595e-05 3.73e-05 6.95e-06 6.1e-06 7.3e-06 1.145e-05 1.065e-05 6.95e-06 1.08e-05 1.25e-05 8.7e-06 9.45e-06 4.6e-06 8.6e-06 3.375e-05 8.65e-06 4.65e-06 9.75e-06 3.355e-05 1.125e-05 7.15e-06 7.7e-06 3.765e-05 4.48e-05 3.745e-05 8e-06 8.05e-06 8.95e-06 1.125e-05 6.2e-06 6.75e-06 3.785e-05 7.3e-06 3.79e-05 1.58e-05 1.14e-05 4.805e-05 6.4e-06 1.06e-05 3.555e-05 7.65e-06 1.635e-05 3.92e-05 3.36e-05 7.05e-06 1.055e-05 6.95e-06 6.6e-06 1.09e-05 7.05e-06 1.235e-05 8.75e-06 7.8e-06 7.2e-06 6.3e-06 6.6e-06 4.8e-06 3.305e-05 1.58e-05 3.415e-05 3.245e-05 1.125e-05 3.445e-05 3.575e-05 1.475e-05 7.5e-06 3.41e-05 3.745e-05 4.05e-06 8.6e-06 3.73e-05 8.75e-06 8.7e-06 5.2e-06 6.25e-06 6.05e-06 6.45e-06 5.5e-06 9.4e-06 4.2e-05 1.365e-05 9e-06 9.05e-06 1.13e-05 4.15e-06 1.55e-05 5.6e-06 1.17e-05
38 6.8e-06 1.27e-05 1.4e-05 6.85e-06 7.45e-06 1.1e-05 8.3e-06 9.55e-06 7.45e-06 1.38e-05 9.65e-06 8.85e-06 3.6e-05 3.56e-05 7.5e-06 6.95e-06 9.65e-06 1.125e-05 9.55e-06 8.2e-06 1.175e-05 1.235e-05 9.45e-06 8.7e-06 6.35e-06 8.25e-06 3.4e-05 9.4e-06 6.8e-06 9e-06 3.505e-05 1.32e-05 8.3e-06 6.65e-06 3.715e-05 4.73e-05 3.795e-05 8.05e-06 1.15e-05 9.1e-06 1.11e-05 7.55e-06 7.4e-06 3.89e-05 9.9e-06 3.84e-05 1.395e-05 1.125e-05 4.875e-05 7.05e-06 1.235e-05 3.57e-05 9.7e-06 1.59e-05 3.93e-05 3.5e-05 9.2e-06 1.065e-05 8.2e-06 7.65e-06 1.175e-05 8.25e-06 1.23e-05 1.155e-05 7.55e-06 7.35e-06 6.25e-06 8.65e-06 7.75e-06 3.355e-05 1.48e-05 3.505e-05 3.205e-05 1.11e-05 3.675e-05 3.58e-05 1.375e-05 7.85e-06 3.5e-05 3.695e-05 7.9e-06 8e-06 3.56e-05 8.2e-06 9.45e-06 7.85e-06 6.9e-06 6.9e-06 6.35e-06 9.65e-06 9.5e-06 4.59e-05 1.27e-05 1.115e-05 1.02e-05 1.155e-05 8e-06 1.505e-05 6.95e-06 1.04e-05
39 9.15e-06 8.1e-06 1.195e-05 8.15e-06 6.75e-06 1.17e-05 9.15e-06 8.85e-06 9.55e-06 1.185e-05 7.15e-06 9.8e-06 3.53e-05 3.655e-05 6.7e-06 9.85e-06 6.35e-06 1.235e-05 1.09e-05 5.55e-06 1.245e-05 1.325e-05 8.75e-06 9.65e-06 8.5e-06 1.03e-05 3.61e-05 8.7e-06 8.5e-06 1.13e-05 3.535e-05 1.265e-05 5.8e-06 7.3e-06 3.71e-05 4.615e-05 3.54e-05 8.95e-06 9.1e-06 6.5e-06 1.22e-05 6.5e-06 6.45e-06 3.865e-05 1.025e-05 3.585e-05 1.48e-05 1.235e-05 4.65e-05 9.4e-06 1.15e-05 3.495e-05 5.3e-06 1.64e-05 3.94e-05 3.54e-05 5.45e-06 1.295e-05 6.25e-06 6.85e-06 1.255e-05 1.14e-05 1.005e-05 1.02e-05 4.7e-06 8.85e-06 6.8e-06 8.2e-06 1.01e-05 3.295e-05 1.62e-05 3.64e-05 3.33e-05 1.22e-05 3.53e-05 3.51e-05 1.535e-05 6.75e-06 3.635e-05 3.69e-05 8.8e-06 9.45e-06 3.655e-05 1.04e-05 8.75e-06 9e-06 9.5e-06 9.8e-06 6.6e-06 7.75e-06 8.75e-06 4.555e-05 1.315e-05 7.6e-06 9.2e-06 1.285e-05 8.9e-06 1.575e-05 8.25e-06 1.06e-05
40 9.45e-06 1.145e-05 1.01e-05 1.005e-05 1.195e-05 1.025e-05 1.23e-05 1.125e-05 9.6e-06 9.75e-06 1.135e-05 1.02e-05 3.6e-05 3.615e-05 1.2e-05 1.045e-05 1.175e-05 8.3e-06 1.05e-05 1.225e-05 1.215e-05 1.025e-05 1.115e-05 1.005e-05 1.155e-05 1.185e-05 3.53e-05 1.11e-05 1.125e-05 1.235e-05 3.68e-05 1.19e-05 1.185e-05 9.45e-06 3.705e-05 4.72e-05 3.62e-05 1.125e-05 1.11e-05 1.22e-05 1.6e-05 1.165e-05 1.165e-05 3.795e-05 1.15e-05 3.665e-05 1.25e-05 8.15e-06 4.695e-05 9.75e-06 1e-05 3.605e-05 1.195e-05 1e-05 3.475e-05 3.685e-05 1.22e-05 1.01e-05 1.21e-05 1.13e-05 1.225e-05 1.11e-05 9.8e-06 1.275e-05 1.18e-05 8e-06 1.17e-05 1.01e-05 1.08e-05 3.505e-05 1.175e-05 3.625e-05 3.545e-05 8e-06 3.67e-05 3.58e-05 9.75e-06 1.225e-05 3.62e-05 3.685e-05 1.11e-05 1.1e-05 3.615e-05 1.195e-05 1.115e-05 1.16e-05 9.85e-06 1.04e-05 1.15e-05 1.19e-05 1.295e-05 4.555e-05 1.045e-05 1.16e-05 1.23e-05 9.2e-06 1.12e-05 8.2e-06 1.02e-05 9.4e-06
41 6.35e-06 1.1e-05 1.375e-05 5.7e-06 5.3e-06 1.075e-05 7.45e-06 8.4e-06 6.6e-06 1.365e-05 8.55e-06 8.75e-06 3.555e-05 3.62e-05 5.45e-06 6.5e-06 7.85e-06 1.17e-05 9.8e-06 6.45e-06 1.135e-05 1.28e-05 8.3e-06 8.6e-06 5.05e-06 8.1e-06 3.385e-05 8.25e-06 5.15e-06 9.25e-06 3.41e-05 1.285e-05 6.6e-06 6.85e-06 3.725e-05 4.67e-05 3.715e-05 6.2e-06 7.55e-06 6.5e-06 1.165e-05 8.7e-06 5.25e-06 3.88e-05 8.9e-06 3.76e-05 1.54e-05 1.18e-05 4.795e-05 6.6e-06 1.24e-05 3.515e-05 8.3e-06 1.72e-05 4.005e-05 3.415e-05 6.7e-06 1.13e-05 6.45e-06 7.05e-06 1.145e-05 7.6e-06 1.215e-05 1.065e-05 5.45e-06 7.05e-06 5.7e-06 7.85e-06 6.95e-06 3.36e-05 1.605e-05 3.48e-05 3.185e-05 1.165e-05 3.615e-05 3.535e-05 1.51e-05 6.1e-06 3.475e-05 3.705e-05 6.1e-06 8.1e-06 3.62e-05 8.25e-06 8.3e-06 6.7e-06 6.55e-06 6.45e-06 5.75e-06 8.05e-06 8.3e-06 4.45e-05 1.335e-05 9.65e-06 9.6e-06 1.19e-05 6.2e-06 1.645e-05 5.8e-06 1.14e-05
