 slim_337489609 slim_337489780 slim_337489708 slim_337489745 slim_337489812 slim_337489527 slim_337489786 slim_337489687 slim_337489722 slim_337489752 slim_337489774 slim_337489619 slim_337489805 slim_337489744 slim_337489549 slim_337489669 slim_337489707 slim_337489651 slim_337489688 slim_337489747 slim_337489797 slim_337489492 slim_337489810 slim_337489658 slim_337489736 slim_337489663 slim_337489808 slim_337489801 slim_337489721 slim_337489734 slim_337489802 slim_337489461 slim_337489732 slim_337489653 slim_337489615 slim_337489610 slim_337489776 slim_337489297 slim_337489796 slim_337489678 slim_337489682 slim_337489381 slim_337489683 slim_337489664 slim_337489742 slim_337489756 slim_337489789 slim_337489806 slim_337489617 slim_337489788 slim_337489717 slim_337489639 slim_337489738 slim_337489804 slim_337489766 slim_337489794 slim_337489646 slim_337489790 slim_337489711 slim_337489761 slim_337489773 slim_337489777 slim_337489770 slim_337489755 slim_337489793 slim_337489668 slim_337489506 slim_337489783 slim_337489795 slim_337489714 slim_337489625 slim_337489748 slim_337489751 slim_337489811 slim_337489731 slim_337489720 slim_337489762 slim_337489809 slim_337489693 slim_337489661 slim_337489665 slim_337489754 slim_337489583 slim_337489561 slim_337489679 slim_337489660 slim_337489581 slim_337489763 slim_337489787 slim_337489733 slim_337489704 slim_337489784 slim_337489746 slim_337489741 slim_337489760 slim_337489807 slim_337489771 slim_337489758 slim_337489640
0 0.0001804 0.00026725 0.0001186 0.0002885 0.00015465 0.0002091 0.0003249 0.00017895 0.0003425 0.0001802 0.00038835 0.00051985 0.0002258 0.00018185 0.00037935 0.00025475 0.0002426 0.0002766 0.00041695 0.0002158 0.00021045 0.0004369 0.00029845 0.00012245 0.00012675 0.00011765 0.0001519 0.00023605 0.00030385 0.00015355 0.00025385 0.0002283 0.00014 0.00018425 9.275e-05 0.00024425 0.00024225 0.00042185 0.0002618 0.0001802 0.0003374 0.0002677 0.00012605 0.0002104 0.0002425 9.19e-05 0.00019165 0.0003038 0.00018135 0.0001305 9.2e-05 0.0003883 0.00024645 0.0003327 0.000168 0.00033435 0.00042625 0.0003005 0.000141 0.0003617 0.00020025 0.0001824 0.0001954 0.00028675 0.00021055 0.00021595 0.00018185 0.000211 0.0002762 0.00012795 0.00017525 0.0002067 0.00021215 0.0003885 0.0002755 9.27e-05 0.00012115 0.00029885 0.00018825 0.0002291 0.0004924 0.0002094 0.00018235 0.0001525 0.0002426 0.00020955 0.00028635 0.00024685 0.0001409 0.00015965 0.0001206 0.0003205 0.00021465 0.0004168 0.0001526 0.00015435 0.0002297 0.00012815 0.00031815
1 0.00026725 0.0003245 0.0002623 0.0002936 0.000298 0.00028665 0.0003182 0.00032275 0.0002843 0.0002614 0.00031715 0.0003616 0.0002601 0.0002612 0.0003266 0.0002756 0.00031845 0.0003123 0.00034295 0.0002921 0.0002864 0.00030915 0.0002933 0.00025455 0.00027035 0.0002623 0.00020895 0.00027775 0.0003161 0.00029785 0.00023305 0.0002941 0.0001997 0.00028735 0.0002371 0.00032015 0.00032155 0.00034775 0.00028535 0.00029105 0.00034355 0.0002348 0.00027055 0.0002868 0.00031845 0.0002372 0.00027365 0.00031605 0.0002615 0.0002298 0.0002373 0.0003171 0.00026305 0.00034205 0.00025375 0.00032645 0.00025555 0.00029335 0.0002299 0.00025815 0.0002352 0.0002616 0.00023825 0.0002988 0.0002871 0.0002922 0.00026105 0.000287 0.0003526 0.00027045 0.00022935 0.00025485 0.00028695 0.0003173 0.0002517 0.00023705 0.0002545 0.0003112 0.00033085 0.00022365 0.0003544 0.0002869 0.00026115 0.0003275 0.0003219 0.0002867 0.0002988 0.0002793 0.00022965 0.0002623 0.0002546 0.0003322 0.0003581 0.0003428 0.00029555 0.00029785 0.0002944 0.00027065 0.00032765
2 0.0001186 0.0002623 0.0001178 0.0002847 0.00010825 0.00017975 0.0002445 0.00010805 0.0003894 0.00018465 0.0003689 0.00046725 0.0002096 0.00018325 0.00040875 0.00018105 0.0001968 0.00030185 0.0003647 0.00017915 0.00018355 0.00038335 0.00024575 8.995e-05 7.98e-05 6.04e-05 0.0001202 0.00020705 0.00030345 0.0001096 0.0002337 0.0002012 0.0001083 0.0001815 6.025e-05 0.0001985 0.0002323 0.0003643 0.0002333 0.0002417 0.0003274 0.0002659 7.98e-05 0.000179 0.00019685 6.165e-05 0.000196 0.0003034 0.00018505 0.00014195 6.02e-05 0.00036885 0.00021845 0.00029935 0.00017745 0.0002642 0.0003996 0.00024465 0.0001636 0.00041565 0.00021105 0.0001838 0.0002207 0.0002314 0.00017915 0.00017925 0.00018315 0.00018005 0.00022815 7.865e-05 0.0002004 0.0002861 0.0001831 0.00036905 0.0003279 6.015e-05 9.125e-05 0.00030375 0.0001276 0.00023135 0.0004157 0.00018035 0.0001842 0.00016635 0.00023265 0.00018075 0.0002304 0.00026195 0.0001635 0.00018145 9.12e-05 0.0002502 0.00015705 0.00036455 7.865e-05 0.0001081 0.00020025 7.87e-05 0.0002901
3 0.0002885 0.0002936 0.0002847 0.0004893 0.0003376 0.00037675 0.00029165 0.00032015 0.000324 0.0003257 0.00035955 0.00032435 0.0002738 0.0003524 0.0003422 0.0002823 0.00034915 0.00042235 0.00038405 0.0003781 0.0003764 0.00028045 0.0002819 0.00031715 0.0002732 0.0002844 0.00032165 0.00034015 0.00042885 0.00033715 0.0002547 0.000383 0.00031235 0.00032965 0.0003016 0.0003487 0.0003879 0.0003848 0.00039785 0.0003661 0.00042635 0.0003348 0.00024645 0.00037685 0.00034905 0.0003014 0.0003649 0.0004288 0.00035255 0.00030205 0.00027485 0.0003595 0.00037725 0.0004536 0.0003349 0.00028025 0.00028975 0.000309 0.0003258 0.0002624 0.000291 0.00035295 0.0003469 0.0003095 0.000377 0.00037825 0.0003524 0.0003775 0.0004136 0.0002732 0.00029765 0.0003708 0.0003769 0.0003597 0.0003243 0.00030155 0.00031715 0.000428 0.0003086 0.00036315 0.0003158 0.00037685 0.00035295 0.0003508 0.00038825 0.00037725 0.00030905 0.000377 0.0003257 0.0003468 0.0002903 0.00030315 0.0003727 0.0003839 0.0002563 0.0003373 0.0003834 0.0002734 0.00044325
4 0.00015465 0.000298 0.00010825 0.0003376 0.0001245 0.000189 0.00033825 0.0001084 0.0004216 0.00022275 0.00041875 0.0005594 0.0002857 0.00019445 0.00045105 0.0002469 0.00022975 0.0003111 0.00041835 0.00019245 0.00019835 0.00045785 0.00032615 9.905e-05 0.0001059 0.0001153 0.00012915 0.00024885 0.00031885 6.935e-05 0.00029225 0.0002102 0.00011165 0.00023075 6.355e-05 0.00023065 0.00018875 0.000422 0.0002426 0.0002472 0.00032895 0.000309 0.0001386 0.00018825 0.0002297 7.05e-05 0.000207 0.0003188 0.00019605 0.0001452 9.62e-05 0.0004187 0.0002333 0.00031865 0.00018085 0.00033475 0.00047965 0.0002924 0.00017275 0.0004725 0.0002411 0.00018925 0.00022955 0.0002792 0.00019415 0.00019255 0.0001886 0.00018935 0.0001923 0.0001048 0.00023625 0.0002894 0.0001979 0.0004189 0.0003581 6.345e-05 0.00010015 0.0003151 0.00010475 0.00023685 0.0005023 0.00018955 0.0001897 0.00012075 0.00018895 0.00019005 0.00027815 0.00027125 0.0001669 0.0001847 0.0001272 0.0002982 6.225e-05 0.0004182 0.0001508 6.82e-05 0.0002093 0.00010485 0.00030535
5 0.0002091 0.00028665 0.00017975 0.00037675 0.000189 0.0002556 0.00037035 0.00024065 0.0004091 0.0002483 0.0004119 0.0005383 0.00031325 0.0002214 0.00042035 0.00030985 0.0001876 0.0001943 0.0003189 0.00013365 0.00012825 0.00045905 0.0003454 0.000158 0.00018915 0.0001802 0.0001503 0.00019145 0.000227 0.0001893 0.0003258 0.0001581 0.00015005 0.0002454 0.0001282 0.0001892 0.00028205 0.00032385 0.00012935 0.00027555 0.0002701 0.0003241 0.0002158 0.00012815 0.00018745 0.0001286 0.0002214 0.00022695 0.000222 0.00018035 0.0001548 0.00041185 0.00013705 0.0001343 0.0001831 0.00037955 0.0004552 0.00031855 0.0002035 0.00044915 0.0002618 0.00022175 0.00020215 0.00031925 0.0001285 0.00013375 0.0002211 0.00012925 0.00019445 0.00018895 0.00026585 0.0002689 0.00012885 0.00041205 0.0003164 0.0001281 0.0001582 0.00022195 0.0002497 0.0002431 0.00050855 0.00012855 0.0002222 0.00024295 0.0002824 0.0001289 0.00031825 0.00018055 0.0002032 0.0001934 0.00018475 0.000357 0.00024955 0.00031875 0.00024085 0.000189 0.0001581 0.00018905 0.000129
6 0.0003249 0.0003182 0.0002445 0.00029165 0.00033825 0.00037035 0.0003756 0.00028135 0.00040585 0.00035365 0.0003299 0.00022655 0.0002818 0.0003804 0.00037525 0.00024925 0.0003397 0.00045855 0.0003143 0.0003652 0.0003644 0.0002174 0.00021195 0.00031215 0.0002718 0.00023875 0.00031505 0.00032875 0.00045045 0.00033235 0.00027875 0.00037825 0.0003113 0.0003324 0.0003008 0.00034155 0.00042305 0.0003085 0.0003914 0.0004428 0.0004595 0.00034495 0.0002393 0.0003705 0.00034 0.00029515 0.00039315 0.0004504 0.00038085 0.00034705 0.0002683 0.00032985 0.00036735 0.0004347 0.0003787 0.0002157 0.0002512 0.00024485 0.0003621 0.00035795 0.0003384 0.0003867 0.00038555 0.0002451 0.0003649 0.00036535 0.00038615 0.0003709 0.0004021 0.00027205 0.00033505 0.0004558 0.00036495 0.00032985 0.0004163 0.00030075 0.0003123 0.00045615 0.00030885 0.00039665 0.0001938 0.00037045 0.00038645 0.0003944 0.0004234 0.0003706 0.0002449 0.0004164 0.00036775 0.000389 0.00028525 0.00023855 0.00037475 0.00031415 0.0002155 0.0003322 0.0003787 0.00027225 0.0004309
7 0.00017895 0.00032275 0.00010805 0.00032015 0.0001084 0.00024065 0.00028135 0.0001903 0.00044965 0.000245 0.0004178 0.0005047 0.00025745 0.0002441 0.00045785 0.00020465 0.0002328 0.0003612 0.0004134 0.0002386 0.0002439 0.00043235 0.00029465 0.00015075 0.00011555 0.00010895 0.00018085 0.0002671 0.00036225 0.00010915 0.0002693 0.00026175 0.0001689 0.00022915 0.00012145 0.00023385 0.0002316 0.00041165 0.00029365 0.00030205 0.00036295 0.0003142 0.00011535 0.00023985 0.000233 0.00012245 0.0002569 0.0003622 0.00024565 0.00020315 0.00012125 0.00041775 0.0002786 0.0003578 0.00023825 0.0002883 0.00044855 0.00029435 0.00022435 0.00047545 0.00027115 0.00024485 0.0002804 0.00028045 0.0002398 0.00023875 0.0002443 0.00024035 0.0002259 0.0001149 0.0002607 0.0003457 0.0002435 0.00041795 0.000388 0.0001214 0.0001518 0.0003639 0.0001021 0.00029175 0.00045325 0.0002407 0.0002447 0.00016565 0.00023195 0.000241 0.00028015 0.0003221 0.00022445 0.00024195 0.0001515 0.00027435 9.53e-05 0.00041325 0.0001021 0.0001079 0.0002613 0.0001151 0.0003499
8 0.0003425 0.0002843 0.0003894 0.000324 0.0004216 0.0004091 0.00040585 0.00044965 0.0004273 0.00028975 0.000304 0.00037735 0.0003352 0.00029085 0.0003047 0.0004259 0.00044525 0.00040425 0.000427 0.0004157 0.00040885 0.0003609 0.0003799 0.00038055 0.0003964 0.0003919 0.00035625 0.0004042 0.0003421 0.00042395 0.00033435 0.00041595 0.00034635 0.0003828 0.0003598 0.0004469 0.00034755 0.0004319 0.0004127 0.00026655 0.0003699 0.00035595 0.00039995 0.0004103 0.00044515 0.0003624 0.00030285 0.00034215 0.0002902 0.0002886 0.00036335 0.00030385 0.00037515 0.00046545 0.00032725 0.00041415 0.00031415 0.0003777 0.00033125 0.0002332 0.0003059 0.0002878 0.000319 0.00039215 0.00041395 0.00041585 0.00028735 0.00041095 0.000476 0.0003976 0.00032985 0.0003212 0.00041045 0.00030405 0.00027335 0.00035975 0.0003795 0.0003371 0.0004578 0.0002739 0.00040445 0.0004093 0.0002879 0.0004003 0.0003479 0.0004096 0.0003917 0.0003378 0.00032765 0.00035445 0.0003795 0.00042845 0.0004815 0.00042685 0.000426 0.0004248 0.00041735 0.0003978 0.0004513
9 0.0001802 0.0002614 0.00018465 0.0003257 0.00022275 0.0002483 0.00035365 0.000245 0.00028975 0.0003084 0.00032735 0.0005132 0.000263 0.0001561 0.00039415 0.00029675 0.00027975 0.00032025 0.00041885 0.000255 0.0002451 0.0004526 0.0003272 0.0001885 0.0001928 0.00018165 0.00019115 0.0002736 0.00025115 0.0002196 0.00026985 0.0002679 0.0001842 0.00025475 0.00016085 0.0002814 0.00021845 0.00042375 0.0002837 0.0001803 0.0002852 0.0003113 0.00019005 0.0002496 0.00027965 0.00015795 0.0001682 0.0002512 0.0001555 0.00017065 0.0001581 0.0003272 0.0002462 0.000343 0.00021165 0.0003631 0.000407 0.0003313 0.0002066 0.0003721 0.0002395 0.0001586 0.0002285 0.0003316 0.0002477 0.00025515 0.00015815 0.0002502 0.0003154 0.000194 0.00024085 0.0002788 0.0002468 0.0003274 0.0002903 0.0001608 0.00018725 0.00024615 0.0002543 0.0001815 0.000502 0.0002486 0.00015865 0.0002444 0.0002188 0.00024875 0.0003312 0.0002581 0.00020855 0.0002322 0.0001867 0.0003633 0.00028275 0.0004187 0.0002166 0.0002204 0.0002693 0.0001942 0.00032885
10 0.00038835 0.00031715 0.0003689 0.00035955 0.00041875 0.0004119 0.0003299 0.0004178 0.000304 0.00032735 0.0005823 0.00030485 0.0003614 0.0003283 0.00035515 0.00039085 0.000428 0.0004498 0.00037425 0.00041315 0.00040595 0.000314 0.00032715 0.0003835 0.0003848 0.0003657 0.00035895 0.00040135 0.00037415 0.0004154 0.00034745 0.000419 0.00035465 0.00040525 0.0003683 0.00042975 0.0003793 0.0003739 0.0004154 0.0003525 0.00039305 0.00038385 0.00038275 0.0004131 0.0004281 0.0003652 0.0003404 0.0003741 0.0003276 0.00034285 0.00036625 0.0002913 0.00037455 0.000457 0.00038035 0.000347 0.00029175 0.00033065 0.00037705 0.00033555 0.0003611 0.0003309 0.00036705 0.00034505 0.0004112 0.0004133 0.00033035 0.00041355 0.0004621 0.000386 0.0003757 0.0004155 0.00040755 0.0002917 0.00037315 0.00036825 0.0003825 0.0003745 0.00043485 0.0003167 0.00030765 0.0004121 0.0003306 0.0004404 0.00037965 0.0004122 0.0003448 0.00038635 0.000379 0.0004059 0.0003824 0.00036145 0.0004673 0.000374 0.0003854 0.0004164 0.0004204 0.0003862 0.00044825
11 0.00051985 0.0003616 0.00046725 0.00032435 0.0005594 0.0005383 0.00022655 0.0005047 0.00037735 0.0005132 0.00030485 7.99e-05 0.0003896 0.00053975 0.0003155 0.00039675 0.0005075 0.0005672 0.00029805 0.00053305 0.00052975 0.0001159 0.0002487 0.00052055 0.00049215 0.00046145 0.0004873 0.00046985 0.0005569 0.00055345 0.000359 0.0005425 0.00049495 0.00049595 0.00052135 0.00050945 0.0005828 0.00029215 0.00052745 0.00057595 0.00056935 0.00042985 0.00046005 0.00053845 0.0005079 0.00051565 0.0005434 0.00055685 0.00053995 0.00050355 0.00048925 0.0003048 0.00049785 0.00054985 0.000533 0.00025185 0.0001473 0.0002812 0.00052005 0.0002759 0.000444 0.00054585 0.00050945 0.00029555 0.00053305 0.0005332 0.0005453 0.0005388 0.00057055 0.0004924 0.0004572 0.00055435 0.0005303 0.00030495 0.00045565 0.0005213 0.00052055 0.0005627 0.0005298 0.0005189 6.01e-05 0.0005384 0.00054555 0.00058955 0.00058315 0.0005385 0.0002954 0.0005203 0.0005255 0.00055035 0.00049385 0.00028885 0.0005965 0.0002979 0.00043805 0.00055355 0.00054295 0.0004926 0.000555
12 0.0002258 0.0002601 0.0002096 0.0002738 0.0002857 0.00031325 0.0002818 0.00025745 0.0003352 0.000263 0.0003614 0.0003896 0.0003631 0.0002888 0.0003431 0.0002105 0.00030065 0.0003572 0.0003848 0.0003125 0.000314 0.0003559 0.00028355 0.0002381 0.00022845 0.00021055 0.00025815 0.00030585 0.00036415 0.0002865 0.00023965 0.0003051 0.0002488 0.000254 0.00023825 0.00030245 0.0003369 0.00038445 0.00033425 0.0003036 0.00037195 0.000244 0.00020145 0.00031235 0.00030065 0.0002393 0.00030155 0.0003641 0.0002904 0.00023865 0.00021125 0.00036135 0.00031365 0.0003877 0.00027155 0.0003 0.0003217 0.00030995 0.0002611 0.00025555 0.0002107 0.00028955 0.00028295 0.0003102 0.0003123 0.00031265 0.000289 0.0003129 0.0003604 0.0002277 0.0002635 0.00030575 0.0003135 0.00036155 0.0002438 0.0002382 0.0002392 0.0003644 0.0002755 0.00029955 0.00038185 0.0003133 0.00028945 0.0002998 0.00033725 0.00031365 0.00030985 0.0003134 0.0002612 0.00028195 0.00021215 0.0003227 0.0003332 0.00038465 0.0001998 0.0002852 0.00030455 0.0002279 0.0003784
13 0.00018185 0.0002612 0.00018325 0.0003524 0.00019445 0.0002214 0.0003804 0.0002441 0.00029085 0.0001561 0.0003283 0.00053975 0.0002888 0.0002572 0.000394 0.0003226 0.0002793 0.0002929 0.000419 0.0002271 0.00021935 0.00048005 0.0003554 0.0001608 0.0001926 0.0001814 0.00016405 0.00027385 0.0002249 0.00019245 0.0002966 0.00024175 0.00015715 0.00025395 0.0001333 0.0002809 0.00019185 0.00042395 0.0002573 0.0001547 0.0002587 0.0003103 0.0002175 0.0002216 0.00027915 0.0001315 0.0001411 0.00022485 0.00012955 0.00014345 0.00015815 0.00032825 0.0002199 0.0003159 0.00018445 0.00038985 0.0004344 0.00033065 0.00017805 0.0003986 0.0002391 0.0001315 0.000202 0.00033145 0.0002194 0.0002271 0.00013095 0.0002227 0.00028795 0.0001926 0.0002408 0.00025115 0.00021995 0.00032845 0.0002901 0.0001332 0.00016125 0.00021985 0.0002534 0.00015485 0.00052955 0.0002218 0.00013195 0.0002177 0.0001922 0.00022235 0.00033055 0.0002317 0.0001803 0.000204 0.00018815 0.00036745 0.00025495 0.00041885 0.0002426 0.0001918 0.00024195 0.0001928 0.0003017
14 0.00037935 0.0003266 0.00040875 0.0003422 0.00045105 0.00042035 0.00037525 0.00045785 0.0003047 0.00039415 0.00035515 0.0003155 0.0003431 0.000394 0.0004669 0.00042215 0.00044305 0.0003707 0.00038725 0.0004204 0.00042565 0.0003438 0.00037365 0.00042425 0.0004258 0.00041425 0.00040065 0.00041675 0.0004074 0.0004564 0.00036665 0.00042775 0.00038575 0.00035875 0.00040135 0.00044495 0.0004376 0.00038665 0.00038975 0.0003608 0.000426 0.00035385 0.0004315 0.0004205 0.0004433 0.00040695 0.00040655 0.00040735 0.0003944 0.0003337 0.00040705 0.0003551 0.0004005 0.0004394 0.0003173 0.00039265 0.00030865 0.00036835 0.0003634 0.0002521 0.000336 0.000389 0.00033135 0.0003774 0.0004262 0.00042055 0.00038845 0.0004211 0.00046955 0.00042605 0.00036305 0.0003079 0.0004262 0.0003553 0.00025195 0.0004013 0.0004241 0.0004079 0.0004751 0.00037285 0.00033775 0.00042045 0.00038895 0.0004229 0.00043795 0.0004208 0.000377 0.0003525 0.00035775 0.00035165 0.00042425 0.0004016 0.0004998 0.0003871 0.0004332 0.0004563 0.0004282 0.00042625 0.00043035
15 0.00025475 0.0002756 0.00018105 0.0002823 0.0002469 0.00030985 0.00024925 0.00020465 0.0004259 0.00029675 0.00039085 0.00039675 0.0002105 0.0003226 0.00042215 0.00027 0.0002658 0.00038685 0.00037745 0.0003049 0.00031315 0.000337 0.0002653 0.0002225 0.00018005 0.00018185 0.00023585 0.0003017 0.00040455 0.00024755 0.0002319 0.00030035 0.000224 0.00025855 0.00022385 0.00026545 0.0003461 0.00037285 0.0003337 0.00038025 0.0003827 0.0002355 0.0001532 0.000309 0.0002659 0.00022475 0.0003351 0.0004045 0.0003237 0.0002813 0.000197 0.0003908 0.00032375 0.0003912 0.0003077 0.00024725 0.0003436 0.0002914 0.0002797 0.00035575 0.0002536 0.000323 0.00031495 0.000283 0.0003093 0.00030505 0.00032245 0.00030945 0.00032855 0.00017895 0.000281 0.0003571 0.0003127 0.000391 0.0003373 0.0002238 0.00022345 0.00040905 0.0002025 0.0003226 0.00035065 0.0003101 0.0003228 0.0003042 0.00034645 0.00031015 0.00028275 0.00036725 0.00027945 0.0003005 0.0001965 0.00026145 0.00027015 0.0003773 0.00013725 0.00024675 0.00029965 0.00017915 0.0003862
16 0.0002426 0.00031845 0.0001968 0.00034915 0.00022975 0.0001876 0.0003397 0.0002328 0.00044525 0.00027975 0.000428 0.0005075 0.00030065 0.0002793 0.00044305 0.0002658 0.0003591 0.0002508 0.00032965 0.0001876 0.0001829 0.00044955 0.000331 0.00021635 0.00018965 0.00019215 0.00021005 0.0002162 0.00027925 0.00022495 0.0002926 0.00021715 0.00021535 0.00026095 0.00019415 0.00018185 0.00032095 0.00033025 0.0001882 0.00033955 0.000295 0.0003447 0.0001835 0.0001865 0.0001799 0.0001896 0.0002794 0.0002792 0.0002807 0.0002462 0.000188 0.00042795 0.00019015 0.0001807 0.00024855 0.0003319 0.0004401 0.00033655 0.0002623 0.0004575 0.00029815 0.00028545 0.00026095 0.0003365 0.00018105 0.00018775 0.0002849 0.000187 0.00022365 0.0001889 0.00029725 0.0003321 0.0001822 0.00042815 0.0003527 0.0001941 0.0002173 0.00027855 0.00022485 0.0003061 0.00048445 0.00018745 0.0002853 0.0002839 0.0003213 0.00018795 0.0003362 0.0002392 0.0002678 0.0002576 0.00021665 0.00033195 0.0002654 0.0003295 0.0001923 0.00022385 0.0002166 0.0001891 0.00017985
17 0.0002766 0.0003123 0.00030185 0.00042235 0.0003111 0.0001943 0.00045855 0.0003612 0.00040425 0.00032025 0.0004498 0.0005672 0.0003572 0.0002929 0.0003707 0.00038685 0.0002508 0.0002695 0.00034995 0.00019835 0.0001951 0.0005252 0.0004353 0.0002814 0.00031185 0.00030275 0.0002363 0.0002562 0.00024 0.00031185 0.0003881 0.0002252 0.0002361 0.0002436 0.00025215 0.00025275 0.0003523 0.0003548 0.0001451 0.00029105 0.00028345 0.0003079 0.0003382 0.000193 0.000251 0.00025315 0.0002901 0.00023995 0.00029425 0.00024205 0.0002785 0.00044975 0.000183 0.0001401 0.0002111 0.0004679 0.000485 0.00040835 0.00023225 0.000418 0.00030735 0.00029345 0.0001828 0.00041375 0.00019315 0.0001985 0.0002929 0.0001935 0.00025775 0.0003111 0.000295 0.00017395 0.0001942 0.00044995 0.00026675 0.0002521 0.00028235 0.00023505 0.0003704 0.00027685 0.00056995 0.00019395 0.0002933 0.00030875 0.00035265 0.00019465 0.00041345 0.00018355 0.00023215 0.0001932 0.0003086 0.000451 0.0003701 0.0003498 0.00036155 0.0003108 0.00022465 0.0003113 0.00013495
18 0.00041695 0.00034295 0.0003647 0.00038405 0.00041835 0.0003189 0.0003143 0.0004134 0.000427 0.00041885 0.00037425 0.00029805 0.0003848 0.000419 0.00038725 0.00037745 0.00032965 0.00034995 0.0005363 0.00031895 0.00031055 0.00029435 0.00031295 0.00038055 0.0003815 0.00035895 0.0003454 0.00031335 0.00037435 0.00041245 0.0003712 0.0003365 0.00035345 0.00039545 0.0003691 0.00033125 0.0004733 0.0002683 0.00028755 0.0004782 0.00040265 0.0004026 0.00037575 0.00031865 0.0003293 0.00036345 0.000419 0.0003743 0.00041925 0.00038585 0.00036335 0.0003742 0.0002858 0.00026875 0.0003847 0.0003313 0.00030815 0.00031905 0.0004014 0.00039175 0.00038915 0.0004251 0.0003672 0.00033325 0.00031325 0.0003191 0.00042455 0.00031915 0.0003677 0.0003817 0.0004009 0.00043775 0.00031045 0.0003745 0.0004051 0.00036905 0.0003806 0.00037445 0.00043035 0.0004089 0.0002879 0.00031865 0.00042495 0.0004715 0.00047365 0.00031925 0.00033295 0.0003351 0.00040685 0.0004001 0.00038025 0.0003456 0.0004667 0.00026825 0.0003771 0.0004125 0.0003369 0.0003819 0.00026865
19 0.0002158 0.0002921 0.00017915 0.0003781 0.00019245 0.00013365 0.0003652 0.0002386 0.0004157 0.000255 0.00041315 0.00053305 0.0003125 0.0002271 0.0004204 0.0003049 0.0001876 0.00019835 0.00031895 0.0002648 0.00013485 0.0004602 0.00034665 0.0001636 0.0001905 0.0001804 0.00015575 0.0001965 0.000227 0.00019355 0.00032715 0.0001646 0.0001555 0.0002446 0.00013365 0.00018945 0.0002864 0.0003184 0.00013485 0.00028225 0.00027155 0.00032325 0.00021725 0.00013265 0.0001878 0.0001351 0.0002269 0.00022695 0.0002286 0.00018615 0.0001605 0.0004131 0.00014255 0.00013275 0.00018865 0.00037555 0.00045635 0.00031895 0.00020805 0.0004547 0.0002672 0.00022745 0.00020775 0.00031935 0.000133 0.00013275 0.0002269 0.0001336 0.00019205 0.0001894 0.0002713 0.00027335 0.00013425 0.0004133 0.00032195 0.0001337 0.0001647 0.00022745 0.0002488 0.00024865 0.00050435 0.00013395 0.00022775 0.0002473 0.00028675 0.00013445 0.0003186 0.00018605 0.00020775 0.00019815 0.00019135 0.000353 0.00025155 0.0003188 0.0002359 0.00019235 0.0001637 0.0001896 0.00013295
20 0.00021045 0.0002864 0.00018355 0.0003764 0.00019835 0.00012825 0.0003644 0.0002439 0.00040885 0.0002451 0.00040595 0.00052975 0.000314 0.00021935 0.00042565 0.00031315 0.0001829 0.0001951 0.00031055 0.00013485 0.0002374 0.0004579 0.00033855 0.00016055 0.00019125 0.0001767 0.0001499 0.0001858 0.00022225 0.00019135 0.00031995 0.00015695 0.0001579 0.00024865 0.0001363 0.00018455 0.0002853 0.00031545 0.00012945 0.0002778 0.00026545 0.000333 0.0002125 0.00012945 0.0001828 0.00012955 0.00021935 0.0002222 0.0002185 0.0001862 0.0001576 0.0004059 0.00012885 0.0001271 0.0001909 0.0003735 0.00044565 0.00031875 0.00020695 0.00045195 0.000267 0.00022545 0.0002019 0.00032175 0.00012405 0.000135 0.0002249 0.0001303 0.00019525 0.00019255 0.0002681 0.00027765 0.0001203 0.0004061 0.00032175 0.0001363 0.00015945 0.00021725 0.00025285 0.00024645 0.0005073 0.0001283 0.00022565 0.00025075 0.00028565 0.00012895 0.0003211 0.0001779 0.0002124 0.0002028 0.00018615 0.00035365 0.00025835 0.0003104 0.00023845 0.0001925 0.00015845 0.00019275 0.0001219
21 0.0004369 0.00030915 0.00038335 0.00028045 0.00045785 0.00045905 0.0002174 0.00043235 0.0003609 0.0004526 0.000314 0.0001159 0.0003559 0.00048005 0.0003438 0.000337 0.00044955 0.0005252 0.00029435 0.0004602 0.0004579 0.0001525 0.00021505 0.00041245 0.0003985 0.0003824 0.00040035 0.0003878 0.0005317 0.00045675 0.00031675 0.00045345 0.00039105 0.00044805 0.0004075 0.0004513 0.0005289 0.000294 0.0004553 0.0005358 0.00054405 0.0003859 0.000372 0.00046015 0.00044965 0.00040665 0.0004925 0.00053165 0.00047935 0.0004387 0.000381 0.00031395 0.00044675 0.0005121 0.00046165 0.00023345 0.0001596 0.0002426 0.0004487 0.000262 0.00038035 0.0004804 0.00045955 0.00024305 0.0004605 0.00046035 0.00047985 0.0004607 0.00050925 0.0003995 0.0003849 0.00051325 0.0004594 0.00031425 0.0004343 0.00040745 0.00041145 0.00053205 0.00044845 0.0004634 7.645e-05 0.00045935 0.0004803 0.0005133 0.00052925 0.00045945 0.0002427 0.00049025 0.0004484 0.00047325 0.00038485 0.00025635 0.0005065 0.0002942 0.00037435 0.00045775 0.00045465 0.0003997 0.00050295
22 0.00029845 0.0002933 0.00024575 0.0002819 0.00032615 0.0003454 0.00021195 0.00029465 0.0003799 0.0003272 0.00032715 0.0002487 0.00028355 0.0003554 0.00037365 0.0002653 0.000331 0.0004353 0.00031295 0.00034665 0.00033855 0.00021505 0.0004179 0.00028735 0.00026185 0.0002391 0.0002901 0.00030415 0.00043085 0.00031935 0.00026885 0.00035235 0.0002863 0.0003341 0.0002757 0.00033275 0.0004099 0.0003126 0.00036645 0.00041655 0.00044945 0.00034595 0.00022905 0.0003466 0.0003311 0.00026915 0.000368 0.0004308 0.00035475 0.00032185 0.0002429 0.0003271 0.00034245 0.0004166 0.00035355 0.00022925 0.00024885 0.00024325 0.00033825 0.00033355 0.0003138 0.0003615 0.00036085 0.0002436 0.0003412 0.0003468 0.00036095 0.0003471 0.0003956 0.00026305 0.0003101 0.0004322 0.00034015 0.0003275 0.00039165 0.00027565 0.00028615 0.0004312 0.0003119 0.00037155 0.0002148 0.0003456 0.00036135 0.00038125 0.00041025 0.00034575 0.0002433 0.00039145 0.0003437 0.0003653 0.000259 0.0002521 0.0003747 0.0003127 0.0002319 0.0003203 0.00035375 0.00026325 0.00040745
23 0.00012245 0.00025455 8.995e-05 0.00031715 9.905e-05 0.000158 0.00031215 0.00015075 0.00038055 0.0001885 0.0003835 0.00052055 0.0002381 0.0001608 0.00042425 0.0002225 0.00021635 0.0002814 0.00038055 0.0001636 0.00016055 0.00041245 0.00028735 7.47e-05 9.77e-05 9.015e-05 9.81e-05 0.00020475 0.0002869 9.91e-05 0.0002661 0.0001479 8.61e-05 0.00021265 3.785e-05 0.00021795 0.00022195 0.0003855 0.0002115 0.00021855 0.0003042 0.0002671 0.00012495 0.0001581 0.0002162 3.81e-05 0.00017375 0.00028685 0.00016175 0.00011995 6.505e-05 0.00038345 0.00019655 0.00028425 0.0001549 0.0003201 0.0004284 0.00026035 0.0001422 0.0004054 0.00018625 0.00016165 0.0001988 0.00024725 0.00015795 0.0001636 0.0001611 0.0001594 0.0002244 9.78e-05 0.0001977 0.00026525 0.00016105 0.00038365 0.0003033 3.775e-05 3.79e-05 0.00028185 0.00015855 0.0002094 0.00046815 0.0001582 0.0001623 0.000156 0.0002223 0.00015915 0.00024615 0.00024005 0.0001424 0.00016065 6.49e-05 0.0002836 0.0001595 0.0003804 0.00014985 9.845e-05 0.00014825 9.8e-05 0.00026965
24 0.00012675 0.00027035 7.98e-05 0.0002732 0.0001059 0.00018915 0.0002718 0.00011555 0.0003964 0.0001928 0.0003848 0.00049215 0.00022845 0.0001926 0.0004258 0.00018005 0.00018965 0.00031185 0.0003815 0.0001905 0.00019125 0.0003985 0.00026185 9.77e-05 0.0001377 7.935e-05 0.0001292 0.00021525 0.00031345 0.0001053 0.0002225 0.0002075 0.00011725 0.00020185 6.94e-05 0.00018925 0.0002284 0.00038225 0.00024235 0.00024965 0.00031715 0.0002844 6.93e-05 0.00018925 0.00018955 6.905e-05 0.00020515 0.0003134 0.0001926 0.00015145 6.975e-05 0.00038475 0.0002273 0.0003104 0.00018625 0.0002616 0.00041445 0.00026205 0.00017395 0.00042215 0.00021835 0.00019315 0.00022965 0.00024865 0.0001894 0.00019065 0.0001926 0.0001901 0.0002263 6.95e-05 0.0002085 0.00029605 0.00019175 0.00038495 0.0003354 6.935e-05 9.76e-05 0.0003126 0.0001052 0.00024045 0.0004398 0.00018905 0.00019335 0.00016245 0.00022875 0.00018985 0.000248 0.0002708 0.00017385 0.0001919 9.775e-05 0.0002477 0.0001413 0.00038135 7.93e-05 0.0001056 0.0002081 6.97e-05 0.00030005
25 0.00011765 0.0002623 6.04e-05 0.0002844 0.0001153 0.0001802 0.00023875 0.00010895 0.0003919 0.00018165 0.0003657 0.00046145 0.00021055 0.0001814 0.00041425 0.00018185 0.00019215 0.00030275 0.00035895 0.0001804 0.0001767 0.0003824 0.0002391 9.015e-05 7.935e-05 0.0001085 0.00012015 0.00020145 0.0003013 0.000109 0.00022805 0.0002001 0.00011385 0.00018245 6.605e-05 0.0001939 0.00023575 0.0003585 0.00023345 0.0002442 0.00032535 0.0002725 7.395e-05 0.00018035 0.00019225 6e-05 0.00019415 0.00030125 0.00018145 0.00014805 6.065e-05 0.00036565 0.00021285 0.0002946 0.0001829 0.0002582 0.0003928 0.000245 0.00016475 0.0004212 0.0002165 0.0001877 0.0002207 0.00023155 0.00017475 0.00018055 0.00018715 0.00018115 0.000229 7.975e-05 0.00020035 0.0002926 0.00017725 0.00036585 0.00033345 6.6e-05 9.02e-05 0.00030165 0.00012825 0.00023495 0.00041465 0.0001802 0.00018785 0.00017185 0.0002361 0.00018085 0.00023095 0.0002619 0.0001704 0.0001885 9.025e-05 0.00024425 0.0001635 0.0003588 7.37e-05 0.00010925 0.00020065 7.995e-05 0.00028545
26 0.0001519 0.00020895 0.0001202 0.00032165 0.00012915 0.0001503 0.00031505 0.00018085 0.00035625 0.00019115 0.00035895 0.0004873 0.00025815 0.00016405 0.00040065 0.00023585 0.00021005 0.0002363 0.0003454 0.00015575 0.0001499 0.00040035 0.0002901 9.81e-05 0.0001292 0.00012015 0.0001346 0.0002134 0.00025165 0.00012895 0.0002706 0.0001792 6.76e-05 0.0002056 6.79e-05 0.00021175 0.0002246 0.00035035 0.0001811 0.0002207 0.0002944 0.00023065 0.0001564 0.00015045 0.0002099 6.795e-05 0.00016735 0.0002516 0.0001643 0.00012315 9.515e-05 0.0003589 0.0001617 0.0002384 0.0001586 0.00032435 0.0004041 0.00026325 0.00012445 0.00039835 0.00020615 0.00016445 0.0001647 0.0002573 0.00015075 0.00015585 0.0001639 0.00015085 0.00021645 0.0001294 0.0001867 0.00020975 0.0001503 0.0003591 0.0002968 6.79e-05 9.79e-05 0.00024675 0.00019 0.00016355 0.00045165 0.0001504 0.0001642 0.00018545 0.00022495 0.00015055 0.0002571 0.00020535 0.0001242 0.0001536 0.00012505 0.0002959 0.00018945 0.0003454 0.00018145 0.000129 0.0001796 0.0001296 0.0002332
27 0.00023605 0.00027775 0.00020705 0.00034015 0.00024885 0.00019145 0.00032875 0.0002671 0.0004042 0.0002736 0.00040135 0.00046985 0.00030585 0.00027385 0.00041675 0.0003017 0.0002162 0.0002562 0.00031335 0.0001965 0.0001858 0.0003878 0.00030415 0.00020475 0.00021525 0.00020145 0.0002134 0.000351 0.00028765 0.0002431 0.00028335 0.0002044 0.00020945 0.00027175 0.0001882 0.00021825 0.00033955 0.00031795 0.0001922 0.0003332 0.00032085 0.0003491 0.0002094 0.0001914 0.00021655 0.0001827 0.0002832 0.0002876 0.0002743 0.00024035 0.00018235 0.0004013 0.00019415 0.00019945 0.0002426 0.0003373 0.00037815 0.0003104 0.0002574 0.0004119 0.00028705 0.00028 0.00025565 0.00031025 0.00018595 0.00019665 0.00027945 0.00019195 0.0002566 0.0002155 0.00025645 0.00032775 0.00018615 0.0004015 0.0003417 0.00018815 0.0002047 0.00028295 0.0002755 0.0003007 0.00043705 0.00019135 0.0002799 0.0003021 0.0003399 0.00019185 0.0003099 0.0002432 0.0002629 0.0002532 0.00020435 0.0003372 0.00030855 0.0003132 0.0002341 0.00024295 0.00020485 0.0002157 0.00018505
28 0.00030385 0.0003161 0.00030345 0.00042885 0.00031885 0.000227 0.00045045 0.00036225 0.0003421 0.00025115 0.00037415 0.0005569 0.00036415 0.0002249 0.0004074 0.00040455 0.00027925 0.00024 0.00037435 0.000227 0.00022225 0.0005317 0.00043085 0.0002869 0.00031345 0.0003013 0.00025165 0.00028765 0.0003883 0.00031655 0.0003732 0.0002572 0.0002564 0.00031615 0.00025945 0.00028115 0.00028565 0.00037375 0.0002102 0.0002471 0.0002394 0.00036765 0.00033775 0.0002271 0.0002795 0.0002574 0.00022435 0.00019425 0.00022515 0.00023985 0.00028375 0.00037395 0.00019525 0.0001944 0.000248 0.0004608 0.0004661 0.00040695 0.00027485 0.00043555 0.00032025 0.0002274 0.0002403 0.00042095 0.0002252 0.00022715 0.00022695 0.00022755 0.00028585 0.0003137 0.0003367 0.00028965 0.00022275 0.0003742 0.000309 0.0002594 0.00028685 0.0001948 0.00037245 0.0002239 0.00056955 0.00022705 0.0002273 0.0003385 0.00028605 0.0002273 0.0004207 0.00020715 0.0002768 0.00027245 0.0003131 0.00045245 0.0003773 0.0003742 0.00035745 0.0003165 0.00025765 0.0003139 0.00019515
29 0.00015355 0.00029785 0.0001096 0.00033715 6.935e-05 0.0001893 0.00033235 0.00010915 0.00042395 0.0002196 0.0004154 0.00055345 0.0002865 0.00019245 0.0004564 0.00024755 0.00022495 0.00031185 0.00041245 0.00019355 0.00019135 0.00045675 0.00031935 9.91e-05 0.0001053 0.000109 0.00012895 0.0002431 0.00031655 0.0001371 0.00028645 0.00020895 0.00011705 0.00023155 6.92e-05 0.0002259 0.00019205 0.00041605 0.0002426 0.00024955 0.00032675 0.00031545 0.0001326 0.00018945 0.00022495 6.87e-05 0.000205 0.0003165 0.00019225 0.0001513 9.65e-05 0.00041535 0.00022755 0.00031375 0.00018615 0.0003286 0.0004727 0.0002926 0.00017375 0.0004779 0.0002464 0.000193 0.0002294 0.0002792 0.0001896 0.0001937 0.00019245 0.0001903 0.000193 0.00010575 0.00023605 0.00029575 0.0001919 0.00041555 0.0003635 6.915e-05 9.895e-05 0.00031285 0.00010525 0.0002403 0.0005011 0.00018925 0.0001932 0.0001261 0.00019225 0.00019 0.00027855 0.00027105 0.00017365 0.0001916 0.0001261 0.0002921 6.855e-05 0.0004123 0.0001457 6.92e-05 0.00020955 0.00010595 0.00030055
30 0.00025385 0.00023305 0.0002337 0.0002547 0.00029225 0.0003258 0.00027875 0.0002693 0.00033435 0.00026985 0.00034745 0.000359 0.00023965 0.0002966 0.00036665 0.0002319 0.0002926 0.0003881 0.0003712 0.00032715 0.00031995 0.00031675 0.00026885 0.0002661 0.0002225 0.00022805 0.0002706 0.00028335 0.0003732 0.00028645 0.0003767 0.000332 0.00026685 0.00029535 0.0002561 0.000292 0.00033785 0.00037195 0.0003469 0.0003324 0.0003707 0.00030595 0.0001901 0.0003259 0.0002925 0.00025055 0.00030915 0.00037315 0.000297 0.000273 0.0002237 0.0003474 0.0003207 0.0003972 0.00029895 0.0002678 0.0002673 0.0003016 0.0002912 0.0002943 0.00026235 0.00030275 0.0003125 0.00030205 0.00032045 0.0003273 0.0003022 0.00032655 0.0003628 0.00022265 0.0002628 0.0003585 0.00032045 0.0003476 0.0003052 0.00025605 0.0002661 0.00037235 0.0002582 0.00031295 0.000352 0.0003259 0.00030275 0.00032195 0.0003382 0.0003263 0.0003016 0.0003425 0.0002967 0.000318 0.0002392 0.0002906 0.0003275 0.00037105 0.0002001 0.00028635 0.0003324 0.00022285 0.00038685
31 0.0002283 0.0002941 0.0002012 0.000383 0.0002102 0.0001581 0.00037825 0.00026175 0.00041595 0.0002679 0.000419 0.0005425 0.0003051 0.00024175 0.00042775 0.00030035 0.00021715 0.0002252 0.0003365 0.0001646 0.00015695 0.00045345 0.00035235 0.0001479 0.0002075 0.0002001 0.0001792 0.0002044 0.0002572 0.00020895 0.000332 0.0002927 0.0001696 0.00026665 0.0001479 0.0002188 0.00030235 0.0003414 0.00015945 0.0002949 0.00027425 0.00031565 0.0002348 0.0001592 0.00021705 0.0001469 0.00025105 0.00025715 0.0002411 0.0002006 0.0001752 0.00041895 0.0001669 0.00017495 0.0002024 0.00038605 0.0004494 0.0003266 0.0002243 0.0004273 0.0002521 0.0002423 0.0002222 0.00032685 0.00015935 0.00016475 0.00024175 0.00016015 0.0002252 0.0002089 0.00027825 0.0002898 0.00015845 0.00041915 0.00030685 0.00014785 0.00014685 0.0002522 0.0002694 0.00026345 0.00050305 0.000158 0.0002426 0.00026285 0.0003027 0.0001589 0.0003261 0.0002104 0.0002242 0.0002148 0.0001739 0.00036335 0.0002704 0.00033635 0.0002608 0.0002099 0.00014805 0.0002091 0.00016025
32 0.00014 0.0001997 0.0001083 0.00031235 0.00011165 0.00015005 0.0003113 0.0001689 0.00034635 0.0001842 0.00035465 0.00049495 0.0002488 0.00015715 0.00038575 0.000224 0.00021535 0.0002361 0.00035345 0.0001555 0.0001579 0.00039105 0.0002863 8.61e-05 0.00011725 0.00011385 6.76e-05 0.00020945 0.0002564 0.00011705 0.00026685 0.0001696 9.99e-05 0.00019375 5.04e-05 0.00021705 0.0002121 0.00035825 0.00018085 0.0002083 0.0002899 0.00021325 0.00015005 0.0001502 0.00021535 5.605e-05 0.0001697 0.00025635 0.00015745 0.00010825 8.32e-05 0.0003546 0.0001697 0.00025535 0.00014105 0.00032065 0.00040295 0.00025395 0.0001126 0.000386 0.0001912 0.000152 0.0001554 0.0002454 0.00015605 0.0001556 0.00015145 0.0001506 0.00021615 0.00011755 0.00017485 0.0001924 0.00015845 0.0003548 0.0002819 5.035e-05 8.59e-05 0.0002515 0.0001781 0.00015115 0.00044235 0.0001501 0.00015175 0.000168 0.00021245 0.0001503 0.0002452 0.00020765 0.0001068 0.0001362 0.000113 0.0002896 0.0001719 0.0003533 0.00017515 0.00011705 0.0001701 0.00011775 0.0002409
33 0.00018425 0.00028735 0.0001815 0.00032965 0.00023075 0.0002454 0.0003324 0.00022915 0.0003828 0.00025475 0.00040525 0.00049595 0.000254 0.00025395 0.00035875 0.00025855 0.00026095 0.0002436 0.00039545 0.0002446 0.00024865 0.00044805 0.0003341 0.00021265 0.00020185 0.00018245 0.0002056 0.00027175 0.00031615 0.00023155 0.00029535 0.00026665 0.00019375 0.0003602 0.0001835 0.00026255 0.00030185 0.00039525 0.00024845 0.00025535 0.00034 0.00025025 0.00020145 0.0002443 0.00026085 0.00018455 0.0002639 0.0003161 0.00025555 0.0002029 0.0001831 0.0004052 0.0002638 0.0003066 0.00020475 0.0003521 0.00042795 0.0003339 0.0001927 0.0003838 0.0002561 0.0002547 0.00020075 0.0003255 0.00024425 0.00024475 0.00025415 0.00024485 0.0002923 0.0002011 0.00022895 0.0001917 0.00024795 0.0004054 0.00027755 0.00018345 0.00021375 0.00031625 0.0002487 0.0002644 0.00047585 0.00024525 0.0002546 0.00023145 0.0003022 0.0002458 0.00032515 0.00026435 0.0001928 0.00018155 0.0002133 0.00034375 0.00027805 0.0003953 0.00019985 0.00023025 0.0002661 0.0002013 0.00029715
34 9.275e-05 0.0002371 6.025e-05 0.0003016 6.355e-05 0.0001282 0.0003008 0.00012145 0.0003598 0.00016085 0.0003683 0.00052135 0.00023825 0.0001333 0.00040135 0.00022385 0.00019415 0.00025215 0.0003691 0.00013365 0.0001363 0.0004075 0.0002757 3.785e-05 6.94e-05 6.605e-05 6.79e-05 0.0001882 0.00025945 6.92e-05 0.0002561 0.0001479 5.04e-05 0.0001835 3.5e-06 0.00019575 0.0001888 0.00037405 0.0001819 0.0001853 0.00029285 0.0002612 0.0001025 0.0001283 0.000194 7.75e-06 0.0001457 0.0002594 0.0001338 8.435e-05 3.505e-05 0.00036825 0.0001726 0.00026055 0.0001193 0.0003101 0.00042915 0.0002428 0.00011265 0.00041215 0.00018015 0.0001281 0.0001693 0.00022975 0.0001342 0.0001339 0.00012755 0.00012965 0.000195 6.945e-05 0.00017535 0.0002302 0.0001368 0.00036845 0.00029745 1.9e-06 3.775e-05 0.0002544 0.0001306 0.000176 0.0004633 0.00012835 0.0001288 0.0001208 0.00018915 0.0001294 0.0002286 0.00021055 0.0001068 0.0001253 6.525e-05 0.0002735 0.0001244 0.00036895 0.0001277 6.9e-05 0.00014815 6.965e-05 0.00024595
35 0.00024425 0.00032015 0.0001985 0.0003487 0.00023065 0.0001892 0.00034155 0.00023385 0.0004469 0.0002814 0.00042975 0.00050945 0.00030245 0.0002809 0.00044495 0.00026545 0.00018185 0.00025275 0.00033125 0.00018945 0.00018455 0.0004513 0.00033275 0.00021795 0.00018925 0.0001939 0.00021175 0.00021825 0.00028115 0.0002259 0.000292 0.0002188 0.00021705 0.00026255 0.00019575 0.0003622 0.0003219 0.00033225 0.0001897 0.0003412 0.0002945 0.0003465 0.0001831 0.00018795 0.00018155 0.00019125 0.000281 0.0002811 0.00028235 0.0002478 0.0001896 0.0004297 0.00019165 0.0001831 0.00025015 0.00033155 0.00044185 0.00033825 0.00026395 0.0004592 0.00029965 0.00028705 0.00026245 0.0003383 0.0001825 0.0001896 0.0002865 0.00018855 0.00022485 0.0001884 0.00029895 0.00033365 0.0001837 0.0004299 0.0003544 0.0001957 0.00021895 0.00028005 0.0002237 0.0003078 0.0004863 0.00018895 0.000287 0.00028485 0.00032225 0.00018965 0.0003379 0.0002407 0.00026945 0.00025905 0.0002183 0.0003316 0.00026565 0.0003311 0.000192 0.00022475 0.0002182 0.0001886 0.00018175
36 0.00024225 0.00032155 0.0002323 0.0003879 0.00018875 0.00028205 0.00042305 0.0002316 0.00034755 0.00021845 0.0003793 0.0005828 0.0003369 0.00019185 0.0004376 0.0003461 0.00032095 0.0003523 0.0004733 0.0002864 0.0002853 0.0005289 0.0004099 0.00022195 0.0002284 0.00023575 0.0002246 0.00033955 0.00028565 0.00019205 0.00033785 0.00030235 0.0002121 0.00030185 0.0001888 0.0003219 0.0003751 0.0004769 0.0003175 0.0002116 0.00029635 0.00035295 0.00025865 0.0002823 0.00032095 0.00019235 0.00020385 0.00028575 0.00019215 0.0001988 0.00021905 0.0003791 0.00028555 0.00037995 0.00023975 0.00041955 0.00048895 0.0003801 0.00023915 0.0004529 0.0002937 0.0001888 0.00026165 0.00038035 0.00028595 0.00028655 0.00018835 0.00028285 0.00028575 0.0002287 0.0003012 0.00030525 0.00028595 0.00037935 0.0003447 0.00018875 0.00022185 0.000282 0.00022795 0.00021165 0.00056705 0.0002822 0.0001888 0.0002115 0.00018795 0.00028245 0.00038 0.0002919 0.00023555 0.0002587 0.0002485 0.0003972 0.0001877 0.00047315 0.0002719 0.00019195 0.00030285 0.0002289 0.0003671
