 slim_337491810 slim_337491856 slim_337491746 slim_337491648 slim_337491876 slim_337491838 slim_337491821 slim_337491722 slim_337491864 slim_337491732 slim_337491541 slim_337491839 slim_337491774 slim_337491808 slim_337491867 slim_337491877 slim_337491782 slim_337491753 slim_337491874 slim_337491772 slim_337491869 slim_337491840 slim_337491506 slim_337491765 slim_337491773 slim_337491786 slim_337491807 slim_337491815 slim_337491875 slim_337491761 slim_337491629 slim_337491878 slim_337491804 slim_337491836 slim_337491396 slim_337491362 slim_337491755 slim_337491833 slim_337491481 slim_337491407 slim_337491846 slim_337491624 slim_337491795 slim_337491793 slim_337491680 slim_337491567 slim_337491827 slim_337491870 slim_337491768 slim_337491690 slim_337491766 slim_337491863 slim_337491750 slim_337491652 slim_337491847 slim_337491828 slim_337491882 slim_337491780 slim_337491873 slim_337491752 slim_337491859 slim_337491852 slim_337491841 slim_337491871 slim_337491861 slim_337491789 slim_337491692 slim_337491809 slim_337491858 slim_337491855 slim_337491866 slim_337491862 slim_337491758 slim_337491736 slim_337491851 slim_337491865 slim_337491868 slim_337491781 slim_337491735 slim_337491615 slim_337491831 slim_337491672 slim_337491854 slim_337491822 slim_337491331 slim_337491785 slim_337491783 slim_337491734 slim_337491872 slim_337491837 slim_337491843 slim_337491800 slim_337491844 slim_337491552 slim_337491834 slim_337491849 slim_337491860 slim_337491825 slim_337491805
0 0.0003253 0.0001806 0.0002288 0.0003396 0.00016345 0.00016335 0.0003218 0.00031535 0.0001638 0.00031545 0.00019315 0.0003808 0.00024405 0.00016515 0.00043005 0.00019275 0.0002439 0.00033495 0.00028535 0.000258 0.000244 0.0003677 0.0003219 0.00016415 0.00025805 0.0002294 0.00029785 0.0001641 0.00031565 0.00016495 0.00019205 0.00027215 0.00016315 0.0002292 0.00025625 0.00016435 0.00031455 0.00021655 0.0003146 0.00016525 0.0001643 0.00030905 0.00025815 0.00024275 0.0002438 0.00030895 0.0002435 0.00016495 0.0001764 0.00019305 0.00016495 0.000233 0.0002964 0.00016765 0.0002167 0.00019255 0.00016295 0.00041875 0.0003384 0.00016405 0.0001642 0.00019345 0.00016385 0.0002431 0.0002949 0.00037215 0.0003154 0.00022915 0.0002606 0.00022155 0.0003235 0.000164 0.0002292 0.00029455 0.00035805 0.0001655 0.00020565 0.00017765 0.00033625 0.0003223 0.0002296 0.000165 0.0002299 0.00016545 0.00033455 0.00038285 0.0001646 0.00019245 0.000164 0.0002328 0.0003041 0.00016455 0.0002476 0.00024305 0.00017945 0.00016455 0.0004671 0.0001927 0.00017955
1 0.0001806 0.0003462 0.0002404 0.0003551 0.0001739 0.0001748 0.00031975 0.00031325 0.00017455 0.000313 0.00020885 0.0003785 0.0002457 0.00017565 0.00045275 0.0002093 0.00024655 0.0003438 0.00028935 0.0002747 0.0002467 0.00039025 0.00031985 0.0001747 0.00027475 0.00024025 0.0002934 0.000175 0.0003324 0.0001744 0.0002097 0.0002816 0.00017495 0.0002397 0.0002541 0.00017345 0.00031775 0.00023315 0.00031795 0.0001731 0.00017505 0.0003117 0.00027485 0.00024675 0.00024565 0.0003116 0.000246 0.00017405 0.00018545 0.0002098 0.0001741 0.0002439 0.00029995 0.0001784 0.00023325 0.00020915 0.0001806 0.00042725 0.00035605 0.00017495 0.0001751 0.00020875 0.0001746 0.0002467 0.00029825 0.00036745 0.00031295 0.00023965 0.0002588 0.0002443 0.00031815 0.0001746 0.00024005 0.0002977 0.00036135 0.00017335 0.0002198 0.00018435 0.0003262 0.00032025 0.00024025 0.0001743 0.00023955 0.0001733 0.0003434 0.0003992 0.0001737 0.00020905 0.00017565 0.00022695 0.0002987 0.00017365 0.0002505 0.00024665 0.0001736 0.00017485 0.00045185 0.0002096 0.00017405
2 0.0002288 0.0002404 0.0001342 0.00024655 0.0001775 0.0001013 0.00025935 0.0003413 0.00017745 0.00034185 0.00020215 0.0002865 0.00025275 6.96e-05 0.00044915 0.00025645 0.0002525 0.00045585 0.00039315 0.000201 0.0002527 0.00037895 0.00025955 0.0001235 0.00020105 0.0001225 0.00036395 0.000123 0.00020045 0.0001239 0.00020085 0.00038505 0.00012195 0.00012275 0.00031445 0.00012375 0.00027905 0.00031025 0.0002792 6.99e-05 0.0001231 0.00025195 0.000201 0.0002513 0.0002525 0.00025175 0.000307 6.98e-05 0.00013155 0.00020195 6.945e-05 6.795e-05 0.00020865 0.000102 0.00031035 0.0002562 0.00022875 0.0004298 0.00024545 0.00012295 0.0001231 0.0002024 0.0001775 0.0002517 0.00022445 0.00039225 0.0003205 0.00012245 0.00026035 0.0003348 0.00043635 7.61e-05 0.0001222 0.0002789 0.00020785 7.015e-05 0.00026525 0.00013295 0.00044385 0.00025965 0.00012245 6.96e-05 6.875e-05 7.01e-05 0.00045545 0.000192 0.000124 0.0002561 6.845e-05 0.0003203 0.00036655 0.00012395 0.0002526 0.00025165 0.000294 0.0001025 0.00050575 0.00025595 0.00029365
3 0.0003396 0.0003551 0.00024655 0.0004621 0.00032555 0.0002582 0.000387 0.0004452 0.00032585 0.00044535 0.0002818 0.0004123 0.00036725 0.0002335 0.000356 0.0003291 0.00036765 0.0004919 0.0004232 0.00029595 0.0003678 0.0002816 0.00038715 0.0002794 0.000296 0.0002931 0.00045365 0.0002793 0.0003097 0.000279 0.00028245 0.00041755 0.00027925 0.00029295 0.00041985 0.0002787 0.000381 0.00039415 0.00038115 0.00023185 0.0002794 0.00038135 0.0002961 0.00036775 0.000367 0.0003812 0.00041415 0.00023245 0.0002559 0.00028255 0.00023235 0.0002463 0.0003346 0.00025805 0.00039425 0.0003289 0.0003396 0.00036695 0.0002323 0.00027925 0.0002794 0.00028205 0.0003259 0.0003678 0.00033365 0.0004693 0.000424 0.00029285 0.0003738 0.00033215 0.0005027 0.00023985 0.00029285 0.00038015 0.00034825 0.0002321 0.00030535 0.00025535 0.0005084 0.0003875 0.00029305 0.0002325 0.00024595 0.00023205 0.0004915 0.00024545 0.00027895 0.0003288 0.0002333 0.00041 0.00045535 0.0002789 0.00036785 0.00036775 0.0004017 0.00025845 0.0005648 0.000329 0.00040175
4 0.00016345 0.0001739 0.0001775 0.00032555 2e-07 7.805e-05 0.0003434 0.0002761 1.65e-06 0.00027535 0.000229 0.000396 0.0002245 0.000113 0.0004907 0.0001734 0.0002246 0.0003901 0.00039505 0.00029395 0.0002246 0.00044195 0.0003433 5.665e-05 0.000294 0.0001226 0.000321 5.745e-05 0.00035185 5.82e-05 0.00022885 0.00034105 5.74e-05 0.00012155 0.0002223 5.67e-05 0.0002935 0.00021795 0.00029345 0.0001127 5.775e-05 0.0002895 0.0002941 0.00022425 0.00022425 0.0002896 0.00016885 0.000112 0.0001749 0.00022895 0.00011265 0.0001811 0.0002976 8.175e-05 0.00021805 0.0001729 0.00016345 0.0004377 0.0003256 5.74e-05 5.755e-05 0.0002292 1.7e-06 0.0002246 0.0003088 0.0004059 0.0002966 0.0001217 0.00028245 0.0003456 0.00033695 0.00010505 0.0001226 0.0002532 0.000359 0.00011295 0.0002914 0.0001751 0.00039065 0.0003439 0.00012305 0.0001126 0.00017745 0.0001129 0.0003897 0.0003527 5.695e-05 0.0001728 0.00011265 0.000228 0.00033785 5.69e-05 0.0002285 0.00022455 0.00011765 7.845e-05 0.00054965 0.0001742 0.0001186
5 0.00016335 0.0001748 0.0001013 0.0002582 7.805e-05 7.03e-05 0.0002837 0.0003049 7.855e-05 0.00030485 0.0001619 0.0003492 0.0001945 3.755e-05 0.0004515 0.00018255 0.00019435 0.00038825 0.00034345 0.0002268 0.00019445 0.0003826 0.00028375 5.765e-05 0.00022685 0.0001231 0.0003055 5.775e-05 0.00028435 5.865e-05 0.00016075 0.0003189 5.68e-05 0.00012275 0.00023915 5.785e-05 0.00026315 0.0002348 0.0002632 3.765e-05 5.795e-05 0.00025955 0.00022695 0.0001931 0.00019425 0.0002595 0.00021505 3.72e-05 9.895e-05 0.00016175 3.735e-05 0.0001056 0.00022225 3.97e-05 0.0002349 0.00018235 0.0001632 0.0004154 0.00025725 5.77e-05 5.785e-05 0.00016215 7.86e-05 0.00019355 0.000234 0.00037595 0.00028325 0.00012275 0.0002225 0.00028655 0.000352 4.37e-05 0.00012295 0.00025475 0.0002839 3.79e-05 0.0002246 0.0001003 0.0003761 0.0002842 0.0001234 3.74e-05 0.0001024 3.785e-05 0.00038785 0.0002775 5.81e-05 0.00018225 3.63e-05 0.00024485 0.000308 5.805e-05 0.00019815 0.0001935 0.00019475 3.65e-05 0.0005313 0.00018265 0.000195
6 0.0003218 0.00031975 0.00025935 0.000387 0.0003434 0.0002837 0.0005162 0.0003285 0.00034375 0.0003286 0.00029265 0.0002858 0.00035955 0.00026095 0.0004294 0.00033445 0.00035965 0.00040245 0.00029155 0.00029155 0.00035975 0.0004191 0.00025835 0.00030205 0.0002916 0.0003013 0.00043075 0.000302 0.0002914 0.0003026 0.00029245 0.0003918 0.0003018 0.0003011 0.0003007 0.00030205 0.00038825 0.00032115 0.0003883 0.0002607 0.0003022 0.0003588 0.00029175 0.0003592 0.0003593 0.0003586 0.0004013 0.0002606 0.00028755 0.0002927 0.0002606 0.00025915 0.0003562 0.00028365 0.00032125 0.00033425 0.0003218 0.00048625 0.00038695 0.00030195 0.0003021 0.0002929 0.0003438 0.0003596 0.00035845 0.00045545 0.00031025 0.000301 0.0002594 0.000325 0.00045915 0.00026775 0.000301 0.00040015 0.0003554 0.00026095 0.00031985 0.00028785 0.0003586 0.00025875 0.0003014 0.00026065 0.0002596 0.0002609 0.00040205 0.0003682 0.0003023 0.00033415 0.0002606 0.0003186 0.00042945 0.00030225 0.00035975 0.00035955 0.00036085 0.0002841 0.00031345 0.0003344 0.00036095
7 0.00031535 0.00031325 0.0003413 0.0004452 0.0002761 0.0003049 0.0003285 0.0005496 0.0002759 0.0002757 0.0003393 0.0003215 0.0003652 0.0003146 0.0004553 0.00032055 0.0003649 0.00037545 0.00032665 0.00036625 0.00036475 0.00046995 0.0003287 0.00029525 0.0003663 0.0003221 0.00042485 0.0002944 0.00038525 0.00029555 0.00033915 0.0003898 0.0002945 0.0003225 0.00028245 0.0002954 0.0004207 0.0003027 0.00042055 0.0003146 0.000295 0.00039205 0.0003664 0.0003649 0.00036495 0.00039185 0.00034595 0.00031465 0.00034085 0.0003392 0.00031455 0.0003412 0.00043725 0.0003049 0.0003028 0.0003203 0.00031535 0.00049565 0.0004451 0.00029445 0.0002945 0.00033955 0.00027595 0.00036485 0.00043895 0.0004877 0.00028515 0.00032235 0.00030185 0.0003644 0.00041565 0.00031075 0.0003218 0.00042025 0.00046435 0.00031485 0.00036585 0.0003411 0.0003522 0.000329 0.00032235 0.0003144 0.00034155 0.0003148 0.00037505 0.00046215 0.00029565 0.0003202 0.0003144 0.00030015 0.0004345 0.0002956 0.00036505 0.0003648 0.0002938 0.00030515 0.00027485 0.0003199 0.0002933
8 0.0001638 0.00017455 0.00017745 0.00032585 1.65e-06 7.855e-05 0.00034375 0.0002759 3.1e-06 0.0002761 0.00022965 0.0003962 0.0002249 0.0001125 0.0004906 0.0001745 0.0002247 0.0003901 0.0003958 0.0002945 0.0002246 0.00044255 0.0003438 5.705e-05 0.00029455 0.00012225 0.00032095 5.69e-05 0.000352 5.82e-05 0.0002292 0.00034145 5.695e-05 0.0001224 0.0002233 5.75e-05 0.00029345 0.00021905 0.0002933 0.00011305 5.73e-05 0.00028995 0.00029465 0.00022435 0.00022465 0.0002899 0.0001697 0.00011245 0.0001745 0.0002292 0.0001127 0.00018105 0.00029755 8.225e-05 0.00021915 0.00017415 0.0001638 0.00043805 0.0003256 5.685e-05 5.7e-05 0.00022985 1.7e-06 0.0002247 0.00030865 0.0004062 0.00029735 0.0001224 0.0002826 0.00034655 0.0003374 0.0001051 0.000122 0.0002539 0.00035915 0.0001133 0.0002916 0.000175 0.00039115 0.00034425 0.00012295 0.00011255 0.00017785 0.00011325 0.0003897 0.0003529 5.775e-05 0.00017405 0.0001123 0.0002291 0.0003383 5.77e-05 0.0002286 0.00022465 0.00011875 7.88e-05 0.0005499 0.0001741 0.0001184
9 0.00031545 0.000313 0.00034185 0.00044535 0.00027535 0.00030485 0.0003286 0.0002757 0.0002761 0.0005501 0.00033905 0.0003218 0.0003652 0.0003156 0.0004559 0.00031965 0.00036525 0.0003759 0.0003263 0.00036615 0.00036525 0.0004698 0.0003286 0.0002951 0.0003662 0.00032265 0.0004254 0.00029565 0.0003856 0.000296 0.00033925 0.00038985 0.00029555 0.00032185 0.000282 0.0002949 0.00042125 0.00030205 0.0004212 0.00031465 0.00029595 0.000392 0.0003663 0.00036525 0.00036495 0.000392 0.0003453 0.0003145 0.00034175 0.0003394 0.00031495 0.00034175 0.0004378 0.00030485 0.00030215 0.00031965 0.00031545 0.00049575 0.0004456 0.0002956 0.00029575 0.0003393 0.00027615 0.0003652 0.0004396 0.00048785 0.00028485 0.000322 0.00030215 0.00036385 0.0004156 0.00031115 0.00032255 0.0004198 0.0004647 0.0003149 0.0003661 0.00034165 0.0003521 0.0003291 0.00032295 0.0003149 0.00034155 0.00031485 0.0003755 0.00046245 0.00029505 0.00031955 0.00031525 0.0002995 0.00043445 0.000295 0.0003654 0.00036515 0.0002929 0.00030525 0.0002751 0.0003202 0.0002936
10 0.00019315 0.00020885 0.00020215 0.0002818 0.000229 0.0001619 0.00029265 0.0003393 0.00022965 0.00033905 0.0002696 0.0003579 0.00025295 0.00013785 0.00035905 0.0001822 0.00025355 0.0003303 0.0002267 0.00020095 0.0002537 0.0002814 0.00029275 0.00018325 0.000201 0.0002487 0.0003248 0.00018355 0.00025875 0.00018305 0.0001359 0.00025295 0.00018335 0.00024815 0.00027365 0.00018225 0.0003248 0.0002474 0.00032495 0.0001356 0.00018365 0.0003186 0.0002011 0.0002536 0.0002527 0.0003185 0.00029955 0.0001363 0.00015995 0.00013615 0.0001364 0.00020545 0.0002787 0.0001653 0.0002475 0.00018205 0.00019315 0.00039905 0.0002827 0.0001835 0.00018365 0.00013535 0.0002297 0.00025355 0.00027745 0.00039155 0.0003177 0.0002481 0.00023145 0.000135 0.00037015 0.00014345 0.0002485 0.00032345 0.00034035 0.00013585 0.0001588 0.00015925 0.0003442 0.00029315 0.0002488 0.00013655 0.00020105 0.0001358 0.0003299 0.00034755 0.0001825 0.00018195 0.0001375 0.0002636 0.0003228 0.00018245 0.00025715 0.0002535 0.00025525 0.0001623 0.00044885 0.0001825 0.0002557
11 0.0003808 0.0003785 0.0002865 0.0004123 0.000396 0.0003492 0.0002858 0.0003215 0.0003962 0.0003218 0.0003579 0.0004942 0.00041155 0.00032625 0.00044165 0.00039365 0.0004115 0.0004411 0.0003576 0.0003189 0.0004116 0.00044475 0.00028605 0.00036105 0.0003189 0.000322 0.0004792 0.0003608 0.0002804 0.00036115 0.00035795 0.0004441 0.0003606 0.000322 0.0003602 0.0003608 0.00042525 0.0003804 0.0004253 0.0003255 0.000361 0.00037255 0.0003191 0.00041145 0.0004113 0.00037225 0.00044685 0.0003258 0.00035285 0.0003582 0.00032565 0.00028265 0.00040275 0.0003455 0.0003805 0.0003934 0.0003808 0.00049825 0.0004124 0.00036075 0.0003609 0.00035815 0.00039625 0.00041145 0.00040865 0.0004922 0.00030995 0.00032185 0.0003216 0.0003907 0.00049755 0.0003294 0.00032165 0.00044405 0.00036745 0.00032575 0.00038535 0.0003529 0.00041095 0.00028635 0.00032205 0.0003257 0.00028655 0.0003257 0.0004407 0.00035545 0.00036105 0.0003933 0.0003259 0.00037785 0.00048105 0.000361 0.00040795 0.0004114 0.00041355 0.0003496 0.00024715 0.0003934 0.00041345
12 0.00024405 0.0002457 0.00025275 0.00036725 0.0002245 0.0001945 0.00035955 0.0003652 0.0002249 0.0003652 0.00025295 0.00041155 0.0003702 0.0001874 0.00047695 0.0002727 0.00018635 0.00029545 0.0003611 0.00031895 0.0001865 0.0004345 0.00035975 0.0002062 0.000319 0.00027155 0.0001905 0.00020625 0.00037635 0.00020545 0.000254 0.0002534 0.0002062 0.00027125 0.00031305 0.00020475 0.0002581 0.00028385 0.0002583 0.0001851 0.0002063 0.00025155 0.0003191 0.0001865 0.0001852 0.00025135 0.0002049 0.0001864 0.00018765 0.0002541 0.0001862 0.00025625 0.00026005 0.0001981 0.00028395 0.00027255 0.00024405 0.000367 0.0003684 0.0002062 0.00020635 0.00025275 0.00022495 0.0001865 0.00025835 0.00025495 0.00035335 0.0002711 0.00029865 0.0003205 0.00018535 0.0001907 0.00027125 0.0002769 0.0003214 0.00018525 0.0002539 0.00018625 0.00029345 0.00036005 0.00027145 0.0001864 0.0002518 0.0001852 0.00029505 0.0004115 0.000205 0.00027245 0.00018805 0.0002866 0.0001859 0.00020495 0.0001903 0.00018645 0.0002651 0.0001939 0.00050565 0.00027275 0.0002653
13 0.00016515 0.00017565 6.96e-05 0.0002335 0.000113 3.755e-05 0.00026095 0.0003146 0.0001125 0.0003156 0.00013785 0.00032625 0.0001874 4e-06 0.0004357 0.0001921 0.00018705 0.0003902 0.0003289 0.00020265 0.0001865 0.00036625 0.00026115 5.785e-05 0.0002027 0.00012355 0.00029775 5.675e-05 0.00025975 5.865e-05 0.00013725 0.00031965 5.775e-05 0.00012425 0.00025005 5.89e-05 0.0002556 0.00024585 0.00025495 4.7e-06 5.765e-05 0.0002529 0.0002028 0.00018705 0.00018725 0.0002527 0.00024195 4.15e-06 6.65e-05 0.00013635 4.15e-06 7.31e-05 0.0001893 4.115e-05 0.00024595 0.00019185 0.00016515 0.0004164 0.0002333 5.67e-05 5.69e-05 0.0001377 0.00011255 0.0001874 0.00020025 0.0003687 0.00029425 0.0001241 0.0001996 0.0002706 0.00037075 1.23e-05 0.00012325 0.00025585 0.0002511 4.95e-06 0.0001996 6.68e-05 0.0003789 0.00026145 0.0001236 3.45e-06 7.03e-05 4.9e-06 0.0003898 0.000245 5.915e-05 0.00019175 3.2e-06 0.00025585 0.00030095 5.91e-05 0.0001912 0.00018735 0.0002296 3.64e-05 0.00051775 0.00019115 0.0002288
14 0.00043005 0.00045275 0.00044915 0.000356 0.0004907 0.0004515 0.0004294 0.0004553 0.0004906 0.0004559 0.00035905 0.00044165 0.00047695 0.0004357 0.0005506 0.00038665 0.00047665 0.0003969 0.0003391 0.0003723 0.0004765 0.0002786 0.00042955 0.00046295 0.00037235 0.0004767 0.00051865 0.0004624 0.0003859 0.00046385 0.00035855 0.00039915 0.0004626 0.000477 0.0004434 0.0004637 0.00048945 0.00040405 0.0004891 0.0004366 0.000463 0.0004904 0.00037245 0.00047625 0.0004767 0.00049025 0.0005044 0.00043615 0.0004174 0.0003584 0.00043615 0.000449 0.0004962 0.00045145 0.00040415 0.0003864 0.00043005 0.00039665 0.0003556 0.00046235 0.0004625 0.00035935 0.00049065 0.0004766 0.0004797 0.00053725 0.00044405 0.0004769 0.00041605 0.000282 0.00051795 0.0004396 0.00047645 0.0005079 0.00051 0.00043685 0.0003406 0.00041805 0.000457 0.0004299 0.0004769 0.0004358 0.0004497 0.0004368 0.0003965 0.000419 0.00046395 0.0003863 0.0004354 0.0004259 0.00052395 0.0004639 0.00047675 0.00047655 0.0004796 0.00045185 0.00042065 0.0003861 0.0004792
15 0.00019275 0.0002093 0.00025645 0.0003291 0.0001734 0.00018255 0.00033445 0.00032055 0.0001745 0.00031965 0.0001822 0.00039365 0.0002727 0.0001921 0.00038665 0.000346 0.0002729 0.0003307 0.00026045 0.0002472 0.0002729 0.00031985 0.00033435 0.0001822 0.00024725 0.0002483 0.0003366 0.00018325 0.0003053 0.00018385 0.00018215 0.0002637 0.00018315 0.0002471 0.0002605 0.00018235 0.00034375 0.0002341 0.0003437 0.0001916 0.00018355 0.0003377 0.00024735 0.0002725 0.00027245 0.0003378 0.0002636 0.00019095 0.00021375 0.0001823 0.00019165 0.00026 0.00033315 0.0001862 0.0002342 0.00017335 0.00019275 0.00041055 0.0003292 0.0001832 0.00018335 0.00018245 0.00017455 0.00027285 0.00033125 0.00041075 0.0003198 0.00024735 0.0002735 0.0001732 0.00035445 0.00019125 0.0002483 0.0003221 0.00039455 0.00019185 0.00020455 0.0002139 0.000351 0.00033495 0.0002487 0.0001916 0.0002563 0.0001918 0.0003303 0.0004019 0.0001824 0.00017325 0.0001917 0.0002503 0.0003425 0.00018245 0.0002767 0.0002728 0.0001996 0.000183 0.00046605 0.00017425 0.0002008
16 0.0002439 0.00024655 0.0002525 0.00036765 0.0002246 0.00019435 0.00035965 0.0003649 0.0002247 0.00036525 0.00025355 0.0004115 0.00018635 0.00018705 0.00047665 0.0002729 0.0003714 0.0002955 0.0003613 0.00031905 0.0001864 0.00043455 0.00035985 0.000206 0.0003191 0.0002713 0.00019055 0.0002057 0.00037635 0.00020515 0.00025385 0.00025345 0.0002057 0.00027135 0.0003132 0.0002056 0.00025785 0.000284 0.00025795 0.0001866 0.00020585 0.00025185 0.0003192 0.0001866 0.0001861 0.00025165 0.0002053 0.00018705 0.00018715 0.0002539 0.00018685 0.00025595 0.0002597 0.0001979 0.0002841 0.0002727 0.0002439 0.00036725 0.0003681 0.00020565 0.0002058 0.0002537 0.00022475 0.00018645 0.000258 0.0002552 0.0003534 0.0002712 0.00029845 0.0003207 0.00018595 0.00019095 0.000271 0.00027695 0.00032135 0.00018685 0.00025375 0.00018685 0.00029385 0.00036015 0.0002706 0.00018695 0.0002523 0.0001868 0.0002951 0.00041145 0.00020585 0.0002726 0.0001875 0.00028675 0.00018645 0.0002058 0.0001902 0.0001865 0.0002653 0.00019395 0.00050555 0.0002726 0.00026515
17 0.00033495 0.0003438 0.00045585 0.0004919 0.0003901 0.00038825 0.00040245 0.00037545 0.0003901 0.0003759 0.0003303 0.0004411 0.00029545 0.0003902 0.0003969 0.0003307 0.0002955 0.0004004 0.00027745 0.0003958 0.00029535 0.000432 0.00040265 0.0003902 0.00039585 0.00045565 0.0002555 0.0003898 0.0004531 0.0003905 0.00033055 0.00023545 0.00039 0.0004558 0.00033705 0.0003902 0.000367 0.0002942 0.00036665 0.0003903 0.0003904 0.0003608 0.00039595 0.0002955 0.0002952 0.0003606 0.0002953 0.00039055 0.0003496 0.0003304 0.0003906 0.00045935 0.00042195 0.00039185 0.0002943 0.0003305 0.00033495 0.00039675 0.00049215 0.00038975 0.0003899 0.0003306 0.00039015 0.00029545 0.0004048 0.000323 0.00037355 0.00045565 0.00034125 0.0002708 0.0002003 0.00039065 0.00045535 0.00040505 0.0004836 0.00039055 0.0002896 0.0003495 0.0002422 0.00040295 0.0004558 0.00039025 0.0004557 0.0003905 0.0002002 0.0005853 0.00039045 0.0003304 0.0003906 0.00030295 0.0002543 0.0003904 0.00029925 0.0002954 0.00034345 0.0003879 0.00036135 0.0003303 0.0003432
18 0.00028535 0.00028935 0.00039315 0.0004232 0.00039505 0.00034345 0.00029155 0.00032665 0.0003958 0.0003263 0.0002267 0.0003576 0.0003611 0.0003289 0.0003391 0.00026045 0.0003613 0.00027745 0.0002505 0.00029165 0.0003613 0.00032165 0.00029165 0.00036175 0.0002917 0.00042725 0.00039215 0.00036215 0.00034955 0.0003627 0.00022665 0.0002598 0.000362 0.0004266 0.0002601 0.0003617 0.000434 0.00025855 0.00043395 0.00032845 0.00036245 0.00042615 0.0002918 0.00036085 0.00036085 0.0004261 0.0003947 0.00032815 0.0003148 0.00022685 0.0003285 0.00039665 0.0004263 0.00034705 0.00025865 0.0002602 0.00028535 0.0004562 0.00042325 0.0003621 0.00036225 0.000227 0.00039585 0.0003612 0.00041135 0.00045555 0.00030795 0.0004266 0.0002306 0.00012545 0.0003944 0.0003353 0.0004271 0.0004449 0.0004877 0.0003287 0.00021335 0.000315 0.0002598 0.00029215 0.00042745 0.00032845 0.00039315 0.00032865 0.00027705 0.00052385 0.00036195 0.0002602 0.0003285 0.00026215 0.0003872 0.0003619 0.000365 0.00036115 0.00032235 0.0003439 0.0002573 0.00026085 0.0003229
19 0.000258 0.0002747 0.000201 0.00029595 0.00029395 0.0002268 0.00029155 0.00036625 0.0002945 0.00036615 0.00020095 0.0003189 0.00031895 0.00020265 0.0003723 0.0002472 0.00031905 0.0003958 0.00029165 0.0003995 0.00031915 0.0002947 0.0002917 0.00024815 0.0001999 0.00024755 0.0003903 0.0002483 0.0002 0.0002489 0.00020075 0.00031785 0.0002481 0.00024715 0.0003386 0.00024815 0.00034765 0.00031235 0.0003477 0.00020235 0.0002485 0.00031815 0.00020005 0.0003186 0.0003187 0.000318 0.00036515 0.00020215 0.00022475 0.000201 0.00020225 0.0002008 0.000298 0.00022675 0.00031245 0.000247 0.000258 0.00041295 0.0002959 0.00024825 0.0002484 0.0002012 0.00029455 0.000319 0.0003002 0.000415 0.0003448 0.0002471 0.00029285 0.00019995 0.0004363 0.0002094 0.0002473 0.00034635 0.0002972 0.0002026 0.0002237 0.00022505 0.00040975 0.0002921 0.0002477 0.0002023 0.0002012 0.00020255 0.0003954 0.00029485 0.0002484 0.0002469 0.00020225 0.00032855 0.000389 0.00024835 0.00031915 0.00031895 0.00032025 0.00022725 0.000438 0.00024735 0.00032055
20 0.000244 0.0002467 0.0002527 0.0003678 0.0002246 0.00019445 0.00035975 0.00036475 0.0002246 0.00036525 0.0002537 0.0004116 0.0001865 0.0001865 0.0004765 0.0002729 0.0001864 0.00029535 0.0003613 0.00031915 0.0003714 0.00043455 0.00035995 0.0002056 0.0003192 0.0002713 0.0001904 0.000205 0.00037645 0.0002059 0.00025395 0.0002533 0.00020565 0.00027145 0.0003132 0.00020575 0.00025805 0.000284 0.00025745 0.0001869 0.00020595 0.00025195 0.0003193 0.0001867 0.00018625 0.00025175 0.0002053 0.00018685 0.0001871 0.0002534 0.0001872 0.0002562 0.00025985 0.00019805 0.0002841 0.0002727 0.000244 0.00036725 0.0003682 0.00020495 0.00020515 0.00025385 0.00022465 0.00018655 0.00025755 0.0002552 0.0003534 0.0002713 0.0002986 0.0003207 0.00018595 0.0001911 0.000271 0.0002769 0.00032145 0.00018715 0.0002536 0.00018685 0.00029385 0.00036025 0.0002713 0.00018655 0.00025255 0.0001871 0.00029495 0.00041165 0.000206 0.0002726 0.00018705 0.00028675 0.00018645 0.00020595 0.00019035 0.0001866 0.0002653 0.00019395 0.00050555 0.0002725 0.00026505
21 0.0003677 0.00039025 0.00037895 0.0002816 0.00044195 0.0003826 0.0004191 0.00046995 0.00044255 0.0004698 0.0002814 0.00044475 0.0004345 0.00036625 0.0002786 0.00031985 0.00043455 0.000432 0.00032165 0.0002947 0.00043455 0.0003941 0.00041915 0.0004039 0.00029475 0.0004177 0.00048015 0.0004041 0.00030885 0.0004048 0.0002812 0.00035015 0.00040395 0.00041725 0.00044395 0.000404 0.0004494 0.00039625 0.00044935 0.00036605 0.0004044 0.0004479 0.00029485 0.0004341 0.00043425 0.00044785 0.0004728 0.0003657 0.00034765 0.0002814 0.00036595 0.0003788 0.00042355 0.00038255 0.00039635 0.00031965 0.0003677 0.00035035 0.0002815 0.00040405 0.0004042 0.0002817 0.0004426 0.00043445 0.0004091 0.0004924 0.00044845 0.00041725 0.000406 0.0001972 0.0005036 0.00037275 0.00041755 0.0004475 0.0004371 0.0003663 0.00026345 0.000348 0.00047475 0.0004196 0.0004179 0.0003659 0.0003791 0.00036625 0.0004316 0.00034845 0.00040425 0.0003195 0.0003658 0.00041825 0.0004788 0.0004042 0.0004346 0.0004344 0.00042795 0.0003831 0.0004973 0.00032005 0.0004283
22 0.0003219 0.00031985 0.00025955 0.00038715 0.0003433 0.00028375 0.00025835 0.0003287 0.0003438 0.0003286 0.00029275 0.00028605 0.00035975 0.00026115 0.00042955 0.00033435 0.00035985 0.00040265 0.00029165 0.0002917 0.00035995 0.00041915 0.0005164 0.00030205 0.00029175 0.0003012 0.00043095 0.0003022 0.00029165 0.0003028 0.00029255 0.0003919 0.000302 0.0003008 0.00030075 0.00030205 0.00038845 0.0003211 0.0003885 0.0002609 0.0003024 0.0003587 0.00029185 0.0003594 0.0003595 0.00035885 0.0004013 0.0002606 0.00028775 0.0002928 0.0002608 0.0002594 0.0003564 0.0002837 0.0003212 0.0003342 0.0003219 0.0004864 0.0003871 0.00030215 0.0003023 0.000293 0.00034385 0.0003598 0.00035865 0.00045565 0.0003103 0.000301 0.0002596 0.000325 0.00045935 0.00026795 0.00030125 0.00040015 0.0003556 0.00026115 0.00031995 0.00028805 0.00035875 0.0002589 0.0003016 0.00026085 0.0002595 0.0002611 0.00040225 0.0003684 0.0003023 0.0003341 0.0002608 0.00031855 0.00042965 0.00030225 0.00035995 0.00035975 0.00036075 0.00028415 0.00031365 0.0003345 0.00036105
23 0.00016415 0.0001747 0.0001235 0.0002794 5.665e-05 5.765e-05 0.00030205 0.00029525 5.705e-05 0.0002951 0.00018325 0.00036105 0.0002062 5.785e-05 0.00046295 0.0001822 0.000206 0.0003902 0.00036175 0.00024815 0.0002056 0.0004039 0.00030205 0.0001127 0.0002482 0.00012295 0.0003099 5.68e-05 0.0003057 5.83e-05 0.0001829 0.0003304 5.75e-05 0.0001225 0.0002361 5.76e-05 0.00027485 0.0002317 0.0002742 5.875e-05 5.77e-05 0.00027135 0.0002483 0.00020585 0.00020595 0.00027135 0.0002052 5.77e-05 0.000121 0.00018225 5.845e-05 0.00012705 0.0002437 6.13e-05 0.0002318 0.0001823 0.00016415 0.0004272 0.00027935 5.675e-05 5.69e-05 0.00018335 5.71e-05 0.0002062 0.00025435 0.0003878 0.00029525 0.00012265 0.0002409 0.00030785 0.0003543 5.855e-05 0.00012285 0.00025435 0.0003053 5.9e-05 0.0002457 0.0001213 0.0003849 0.00030255 0.0001232 5.78e-05 0.00012375 5.895e-05 0.0003898 0.0002988 5.765e-05 0.0001822 5.775e-05 0.00024175 0.00031985 5.77e-05 0.00021005 0.00020615 0.0001731 5.78e-05 0.0005336 0.0001825 0.00017355
24 0.00025805 0.00027475 0.00020105 0.000296 0.000294 0.00022685 0.0002916 0.0003663 0.00029455 0.0003662 0.000201 0.0003189 0.000319 0.0002027 0.00037235 0.00024725 0.0003191 0.00039585 0.0002917 0.0001999 0.0003192 0.00029475 0.00029175 0.0002482 0.0003996 0.0002476 0.00039035 0.00024835 0.0002 0.00024895 0.0002008 0.0003179 0.00024815 0.0002472 0.00033865 0.0002482 0.0003477 0.0003124 0.00034775 0.0002024 0.00024855 0.0003182 0.00020005 0.00031865 0.00031875 0.000318 0.0003652 0.0002022 0.0002248 0.000201 0.0002023 0.00020085 0.00029805 0.0002268 0.0003125 0.00024705 0.00025805 0.000413 0.00029595 0.0002483 0.00024845 0.00020125 0.0002946 0.00031905 0.00030025 0.00041505 0.00034485 0.00024715 0.0002929 0.0002 0.00043635 0.00020945 0.00024735 0.0003464 0.00029725 0.00020265 0.0002237 0.0002251 0.0004098 0.00029215 0.00024775 0.00020235 0.00020125 0.0002026 0.00039545 0.00029485 0.00024845 0.00024695 0.0002023 0.0003286 0.00038905 0.0002484 0.0003192 0.000319 0.0003203 0.0002273 0.00043805 0.00024735 0.0003206
25 0.0002294 0.00024025 0.0001225 0.0002931 0.0001226 0.0001231 0.0003013 0.0003221 0.00012225 0.00032265 0.0002487 0.000322 0.00027155 0.00012355 0.0004767 0.0002483 0.0002713 0.00045565 0.00042725 0.00024755 0.0002713 0.0004177 0.0003012 0.00012295 0.0002476 0.000243 0.0003751 0.00012245 0.00024725 0.0001237 0.00024815 0.00039595 0.0001224 0.00012215 0.00030175 0.0001234 0.00029785 0.0002975 0.0002978 0.0001242 0.00012275 0.0002705 0.0002477 0.0002709 0.0002713 0.0002706 0.00027115 0.00012375 0.000186 0.00024825 0.00012375 0.0001224 0.0002629 0.0001231 0.0002976 0.0002481 0.0002294 0.00044085 0.00029275 0.0001224 0.00012255 0.0002489 0.00012215 0.0002713 0.0002781 0.0004109 0.00032265 0.0001223 0.00030235 0.0003735 0.00041965 0.0001237 0.00012165 0.0002781 0.0002623 0.00012445 0.0003111 0.0001866 0.00045025 0.0003018 0.00012245 0.0001237 0.00012285 0.0001244 0.00045525 0.00024635 0.00012365 0.000248 0.00012335 0.00030755 0.0003852 0.0001236 0.0002715 0.00027125 0.0002392 0.00012335 0.00052235 0.00024755 0.0002386
26 0.00029785 0.0002934 0.00036395 0.00045365 0.000321 0.0003055 0.00043075 0.00042485 0.00032095 0.0004254 0.0003248 0.0004792 0.0001905 0.00029775 0.00051865 0.0003366 0.00019055 0.0002555 0.00039215 0.0003903 0.0001904 0.00048015 0.00043095 0.0003099 0.00039035 0.0003751 0.0001644 0.0003094 0.0004476 0.00031 0.00032505 0.0002171 0.0003094 0.0003753 0.00037675 0.0003097 0.00026215 0.00033765 0.000262 0.0002984 0.00030985 0.00025585 0.00039045 0.00019055 0.00019025 0.00025565 0.00020175 0.0002987 0.0002503 0.0003251 0.0002987 0.00036745 0.00026665 0.0003091 0.00033775 0.0003364 0.00029785 0.00034545 0.0004539 0.00030935 0.0003095 0.0003251 0.000321 0.0001905 0.0002656 0.00015465 0.0004208 0.00037515 0.00036955 0.0003517 8.23e-05 0.0002946 0.0003748 0.00027705 0.0003283 0.00029865 0.0002767 0.0002502 0.00025745 0.00043125 0.0003753 0.00029855 0.0003638 0.0002986 0.00025525 0.00050675 0.00030995 0.0003363 0.0002989 0.0003331 8.595e-05 0.0003099 0.0001943 0.00019045 0.00030445 0.0003044 0.00052945 0.00033615 0.00030415
27 0.0001641 0.000175 0.000123 0.0002793 5.745e-05 5.775e-05 0.000302 0.0002944 5.69e-05 0.00029565 0.00018355 0.0003608 0.00020625 5.675e-05 0.0004624 0.00018325 0.0002057 0.0003898 0.00036215 0.0002483 0.000205 0.0004041 0.0003022 5.68e-05 0.00024835 0.00012245 0.0003094 0.0001109 0.0003054 5.79e-05 0.00018285 0.0003304 5.65e-05 0.0001232 0.0002366 5.815e-05 0.00027435 0.0002324 0.0002735 5.875e-05 5.68e-05 0.00027145 0.00024845 0.00020555 0.000206 0.00027125 0.000206 5.79e-05 0.00012015 0.000182 5.81e-05 0.00012655 0.0002432 6.14e-05 0.0002325 0.000183 0.0001641 0.00042715 0.0002789 5.55e-05 5.56e-05 0.00018365 5.695e-05 0.0002059 0.00025385 0.0003877 0.0002956 0.00012305 0.00024065 0.00030845 0.0003544 5.82e-05 0.00012215 0.00025495 0.000305 5.9e-05 0.0002455 0.0001208 0.00038505 0.0003025 0.00012265 5.72e-05 0.0001238 5.895e-05 0.0003894 0.00029855 5.84e-05 0.0001829 5.68e-05 0.00024245 0.00031995 5.835e-05 0.00020975 0.00020585 0.00017415 5.775e-05 0.0005334 0.00018225 0.0001733
28 0.00031565 0.0003324 0.00020045 0.0003097 0.00035185 0.00028435 0.0002914 0.00038525 0.000352 0.0003856 0.00025875 0.0002804 0.00037635 0.00025975 0.0003859 0.0003053 0.00037635 0.0004531 0.00034955 0.0002 0.00037645 0.00030885 0.00029165 0.0003057 0.0002 0.00024725 0.0004476 0.0003054 0.0002837 0.00030615 0.0002584 0.00037555 0.0003052 0.0002473 0.00039635 0.00030585 0.0003707 0.0003704 0.00037075 0.00025975 0.0003056 0.00031805 0.0002 0.00037585 0.0003761 0.0003178 0.0004229 0.00025965 0.00028185 0.00025865 0.0002595 0.00019675 0.0003174 0.00028065 0.0003705 0.00030505 0.00031565 0.00042675 0.0003095 0.00030535 0.0003055 0.000259 0.00035205 0.0003763 0.00032325 0.00043825 0.00036425 0.00024695 0.00034655 0.00025815 0.0004938 0.00026665 0.0002469 0.00036985 0.0002626 0.00026 0.00028135 0.0002823 0.0004673 0.0002918 0.0002471 0.00025955 0.00020105 0.00025995 0.0004527 0.00025095 0.0003061 0.00030495 0.00025935 0.0003865 0.0004465 0.00030605 0.0003728 0.00037625 0.00037825 0.0002848 0.0004189 0.000305 0.0003781
29 0.00016495 0.0001744 0.0001239 0.000279 5.82e-05 5.865e-05 0.0003026 0.00029555 5.82e-05 0.000296 0.00018305 0.00036115 0.00020545 5.865e-05 0.00046385 0.00018385 0.00020515 0.0003905 0.0003627 0.0002489 0.0002059 0.0004048 0.0003028 5.83e-05 0.00024895 0.0001237 0.00031 5.79e-05 0.00030615 0.0001132 0.0001837 0.0003315 5.81e-05 0.00012385 0.00023725 5.76e-05 0.00027485 0.000233 0.0002751 5.7e-05 5.79e-05 0.00027145 0.00024905 0.0002062 0.0002052 0.00027125 0.000206 5.775e-05 0.00012165 0.00018355 5.74e-05 0.00012735 0.000244 6.22e-05 0.0002331 0.00018365 0.00016495 0.00042725 0.0002799 5.785e-05 5.8e-05 0.00018305 5.825e-05 0.00020615 0.0002554 0.0003877 0.00029595 0.0001237 0.0002414 0.000309 0.00035375 5.81e-05 0.0001234 0.00025565 0.00030565 5.725e-05 0.0002467 0.00012085 0.000385 0.0003031 0.00012285 5.765e-05 0.00012335 5.72e-05 0.0003901 0.00029905 5.785e-05 0.00018355 5.87e-05 0.00024305 0.00031925 5.78e-05 0.0002099 0.0002061 0.00017475 5.865e-05 0.00053345 0.00018345 0.0001745
30 0.00019205 0.0002097 0.00020085 0.00028245 0.00022885 0.00016075 0.00029245 0.00033915 0.0002292 0.00033925 0.0001359 0.00035795 0.000254 0.00013725 0.00035855 0.00018215 0.00025385 0.00033055 0.00022665 0.00020075 0.00025395 0.0002812 0.00029255 0.0001829 0.0002008 0.00024815 0.00032505 0.00018285 0.0002584 0.0001837 0.0002695 0.00025275 0.00018185 0.00024795 0.00027355 0.0001831 0.0003245 0.00024735 0.00032455 0.00013735 0.00018305 0.000319 0.0002009 0.00025265 0.00025375 0.0003189 0.0003001 0.00013705 0.0001585 0.0001358 0.00013705 0.0002051 0.00027845 0.0001651 0.00024745 0.00018195 0.000192 0.00039945 0.00028145 0.0001828 0.00018295 0.0001362 0.00022925 0.000253 0.00027705 0.00039205 0.0003179 0.0002479 0.00023125 0.00013495 0.0003713 0.00014335 0.00024795 0.00032335 0.0003401 0.0001376 0.00015845 0.0001598 0.00034475 0.00029295 0.00024835 0.0001371 0.000202 0.00013755 0.00033015 0.0003473 0.00018335 0.00018185 0.00013605 0.00026355 0.000324 0.0001833 0.00025755 0.00025295 0.0002552 0.000162 0.0004493 0.0001821 0.0002553
31 0.00027215 0.0002816 0.00038505 0.00041755 0.00034105 0.0003189 0.0003918 0.0003898 0.00034145 0.00038985 0.00025295 0.0004441 0.0002534 0.00031965 0.00039915 0.0002637 0.00025345 0.00023545 0.0002598 0.00031785 0.0002533 0.00035015 0.0003919 0.0003304 0.0003179 0.00039595 0.0002171 0.0003304 0.00037555 0.0003315 0.00025275 0.0003713 0.00033055 0.0003957 0.00033735 0.0003308 0.00032645 0.00028615 0.0003261 0.00032055 0.000331 0.00031845 0.000318 0.000253 0.00025315 0.00031835 0.000264 0.00032025 0.00027905 0.00025265 0.00032045 0.00038855 0.0003488 0.0003225 0.00028625 0.0002635 0.00027215 0.00035075 0.00041745 0.00033035 0.0003305 0.00025325 0.0003415 0.00025335 0.0003334 0.0002784 0.000378 0.00039565 0.00033075 0.00018585 0.0001869 0.00032385 0.00039575 0.0003444 0.0004103 0.0003208 0.0002119 0.0002794 0.00026025 0.0003923 0.0003962 0.0003201 0.00038525 0.00032075 0.00023505 0.00051425 0.00033105 0.0002634 0.00032 0.00029505 0.00021 0.000331 0.00025715 0.0002533 0.0002916 0.0003186 0.0004383 0.0002637 0.00029175
32 0.00016315 0.00017495 0.00012195 0.00027925 5.74e-05 5.68e-05 0.0003018 0.0002945 5.695e-05 0.00029555 0.00018335 0.0003606 0.0002062 5.775e-05 0.0004626 0.00018315 0.0002057 0.00039 0.000362 0.0002481 0.00020565 0.00040395 0.000302 5.75e-05 0.00024815 0.0001224 0.0003094 5.65e-05 0.0003052 5.81e-05 0.00018185 0.00033055 0.0001112 0.00012305 0.0002365 5.815e-05 0.0002743 0.00023235 0.00027425 5.88e-05 5.69e-05 0.00027125 0.00024825 0.00020455 0.00020595 0.00027105 0.0002059 5.845e-05 0.00011935 0.00018275 5.815e-05 0.00012625 0.00024295 6.12e-05 0.00023245 0.0001829 0.0001631 0.000427 0.00027795 5.64e-05 5.66e-05 0.0001836 5.7e-05 0.0002049 0.00025455 0.00038755 0.0002955 0.0001229 0.0002404 0.0003083 0.00035425 5.725e-05 0.0001221 0.0002549 0.0003048 5.905e-05 0.00024555 0.00012095 0.0003849 0.0003023 0.0001227 5.81e-05 0.00012355 5.9e-05 0.0003896 0.0002984 5.84e-05 0.0001828 5.675e-05 0.0002424 0.0003198 5.835e-05 0.0002095 0.00020485 0.00017405 5.785e-05 0.00053325 0.00018225 0.0001733
33 0.0002292 0.0002397 0.00012275 0.00029295 0.00012155 0.00012275 0.0003011 0.0003225 0.0001224 0.00032185 0.00024815 0.000322 0.00027125 0.00012425 0.000477 0.0002471 0.00027135 0.0004558 0.0004266 0.00024715 0.00027145 0.00041725 0.0003008 0.0001225 0.0002472 0.00012215 0.0003753 0.0001232 0.0002473 0.00012385 0.00024795 0.0003957 0.00012305 0.0002423 0.000301 0.0001226 0.0002981 0.00029655 0.00029815 0.00012395 0.0001234 0.00027015 0.0002473 0.00027095 0.000271 0.00027045 0.0002702 0.0001233 0.0001866 0.00024815 0.00012385 0.00012265 0.00026315 0.00012275 0.00029665 0.00024715 0.0002292 0.00044065 0.00029295 0.00012315 0.0001233 0.00024835 0.00012245 0.00027135 0.00027845 0.00041075 0.00032205 0.00012165 0.00030235 0.00037265 0.0004193 0.0001238 0.00012235 0.00027735 0.00026235 0.0001242 0.00031105 0.00018685 0.00044985 0.0003016 0.00012275 0.0001239 0.00012255 0.00012415 0.0004554 0.00024635 0.00012275 0.00024705 0.0001239 0.0003066 0.00038485 0.00012265 0.00027155 0.0002713 0.000238 0.00012315 0.0005223 0.0002478 0.00023885
34 0.00025625 0.0002541 0.00031445 0.00041985 0.0002223 0.00023915 0.0003007 0.00028245 0.0002233 0.000282 0.00027365 0.0003602 0.00031305 0.00025005 0.0004434 0.0002605 0.0003132 0.00033705 0.0002601 0.0003386 0.0003132 0.00044395 0.00030075 0.0002361 0.00033865 0.00030175 0.00037675 0.0002366 0.00039635 0.00023725 0.00027355 0.00033735 0.0002365 0.000301 0.0004444 0.0002361 0.000384 0.0002426 0.00038395 0.0002497 0.0002369 0.0003781 0.00033875 0.0003128 0.0003128 0.0003781 0.0002998 0.00024925 0.0002762 0.0002737 0.0002497 0.000318 0.000391 0.0002428 0.0002427 0.0002602 0.00025625 0.00048355 0.0004199 0.00023655 0.0002367 0.0002739 0.00022335 0.00031315 0.00038915 0.0004509 0.00028495 0.00030105 0.00023975 0.000298 0.00037705 0.0002493 0.00030165 0.0003759 0.0004524 0.00024995 0.0003004 0.0002764 0.0002996 0.0003013 0.00030205 0.00024965 0.00031445 0.0002499 0.00033665 0.0004749 0.00023635 0.0002601 0.0002497 0.00024005 0.0003827 0.0002363 0.000317 0.0003131 0.00024025 0.00023955 0.00034115 0.000261 0.0002409
35 0.00016435 0.00017345 0.00012375 0.0002787 5.67e-05 5.785e-05 0.00030205 0.0002954 5.75e-05 0.0002949 0.00018225 0.0003608 0.00020475 5.89e-05 0.0004637 0.00018235 0.0002056 0.0003902 0.0003617 0.00024815 0.00020575 0.000404 0.00030205 5.76e-05 0.0002482 0.0001234 0.0003097 5.815e-05 0.00030585 5.76e-05 0.0001831 0.0003308 5.815e-05 0.0001226 0.0002361 0.0001126 0.00027495 0.0002317 0.00027515 5.63e-05 5.82e-05 0.00027075 0.0002483 0.00020585 0.0002047 0.00027075 0.00020475 5.705e-05 0.0001217 0.00018315 5.73e-05 0.0001273 0.00024395 6.15e-05 0.0002318 0.0001823 0.00016435 0.0004267 0.0002797 5.81e-05 5.825e-05 0.0001821 5.755e-05 0.0002058 0.00025545 0.0003872 0.00029495 0.0001226 0.0002411 0.0003078 0.00035305 5.79e-05 0.0001233 0.0002546 0.00030535 5.655e-05 0.00024615 0.00012055 0.00038425 0.00030255 0.00012355 5.75e-05 0.0001228 5.65e-05 0.0003898 0.00029885 5.66e-05 0.0001822 5.89e-05 0.00024175 0.00031855 5.655e-05 0.00020965 0.00020575 0.00017325 5.79e-05 0.00053305 0.0001829 0.00017395
36 0.00031455 0.00031775 0.00027905 0.000381 0.0002935 0.00026315 0.00038825 0.0004207 0.00029345 0.00042125 0.0003248 0.00042525 0.0002581 0.0002556 0.00048945 0.00034375 0.00025785 0.000367 0.000434 0.00034765 0.00025805 0.0004494 0.00038845 0.00027485 0.0003477 0.00029785 0.00026215 0.00027435 0.0003707 0.00027485 0.0003245 0.00032645 0.0002743 0.0002981 0.000384 0.00027495 0.0005086 0.0003548 0.00025515 0.0002563 0.00027385 0.0002813 0.0003478 0.0002578 0.00025785 0.0002811 0.000277 0.00025635 0.0002556 0.0003246 0.0002554 0.0002825 0.0002611 0.0002667 0.0003549 0.0003435 0.00031455 0.00038295 0.0003809 0.0002743 0.00027445 0.0003249 0.0002935 0.00025805 0.0002552 0.0002595 0.0004094 0.00029795 0.0003691 0.0003934 0.00026035 0.00026015 0.00029755 0.0002743 0.0002807 0.00025655 0.00032425 0.00025585 0.0003674 0.00038875 0.0002977 0.00025615 0.00027945 0.0002565 0.0003666 0.0003822 0.0002752 0.0003434 0.00025615 0.00035755 0.0002608 0.00027515 0.0002618 0.000258 0.00033615 0.00026265 0.00054855 0.00034325 0.0003358
