 slim_337574063 slim_337574033 slim_337574105 slim_337574110 slim_337574132 slim_337574082 slim_337573985 slim_337574114 slim_337574109 slim_337573934 slim_337574118 slim_337573801 slim_337574015 slim_337574061 slim_337574080 slim_337574128 slim_337573997 slim_337574026 slim_337574025 slim_337574098 slim_337574100 slim_337573971 slim_337574065 slim_337573947 slim_337574031 slim_337574107 slim_337574053 slim_337573696 slim_337573785 slim_337573990 slim_337574093 slim_337574079 slim_337573864 slim_337574071 slim_337574045 slim_337573890 slim_337573755 slim_337574013 slim_337573989 slim_337574085 slim_337574060 slim_337574044 slim_337574127 slim_337574094 slim_337574124 slim_337574027 slim_337573898 slim_337574089 slim_337574111 slim_337574046 slim_337574036 slim_337573978 slim_337574016 slim_337574092 slim_337573770 slim_337573568 slim_337573820 slim_337574131 slim_337574091 slim_337573874 slim_337574038 slim_337574048 slim_337574066 slim_337574084 slim_337574101 slim_337574064 slim_337573884 slim_337574037 slim_337574049 slim_337574126 slim_337574035 slim_337574120 slim_337574022 slim_337573946 slim_337574117 slim_337574001 slim_337574130 slim_337574108 slim_337574122 slim_337574032 slim_337574119 slim_337574070 slim_337574010 slim_337573969 slim_337574115 slim_337573907 slim_337573792 slim_337573849 slim_337573815 slim_337574005 slim_337573983 slim_337573943 slim_337574125 slim_337573851 slim_337574099 slim_337573992 slim_337574034 slim_337574040 slim_337574097 slim_337573957
0 9e-06 9e-06 5.8e-06 8.55e-06 7.95e-06 8.35e-06 1.04e-05 8.25e-06 9.45e-06 1.07e-05 5.95e-06 1.27e-05 9.15e-06 8.5e-06 9.65e-06 8.95e-06 1.03e-05 1.07e-05 8.45e-06 1.305e-05 1.1e-05 7.75e-06 8.7e-06 7.55e-06 1.11e-05 6.7e-06 1.07e-05 1.065e-05 1.07e-05 9.6e-06 8.55e-06 7.15e-06 1.17e-05 8.55e-06 8.2e-06 7.2e-06 1.12e-05 8.7e-06 1.07e-05 1.05e-05 7.3e-06 1.105e-05 9.4e-06 1.19e-05 1.06e-05 6.85e-06 1.07e-05 1.175e-05 1.045e-05 1.32e-05 9.25e-06 1.3e-05 1.175e-05 7.3e-06 1.32e-05 9.25e-06 6.95e-06 9.25e-06 1.06e-05 8e-06 1.235e-05 6.7e-06 1.145e-05 1.115e-05 1.21e-05 8.8e-06 8.3e-06 1.225e-05 9.75e-06 7.9e-06 1.15e-05 1.06e-05 7.1e-06 7.45e-06 1.005e-05 1.16e-05 1.045e-05 7.4e-06 5.85e-06 1.055e-05 1.175e-05 8.2e-06 1.08e-05 9.3e-06 1.005e-05 8.5e-06 1.205e-05 1.14e-05 8e-06 6.7e-06 9.75e-06 8.65e-06 9.85e-06 8.25e-06 9.05e-06 9.05e-06 8.5e-06 9.85e-06 9.9e-06 1.295e-05
1 9e-06 1.25e-05 8.1e-06 8.35e-06 9.75e-06 9.5e-06 1.13e-05 9.7e-06 9.95e-06 1e-05 8.15e-06 1.215e-05 1.035e-05 8.3e-06 9.3e-06 1.13e-05 1.085e-05 1.03e-05 8.05e-06 1.185e-05 1.005e-05 9.5e-06 8.3e-06 8.2e-06 1.095e-05 1e-05 1.135e-05 9.95e-06 9.8e-06 9.75e-06 8.15e-06 1.015e-05 8.8e-06 8.05e-06 9.3e-06 9.05e-06 1.12e-05 9e-06 9.65e-06 1.115e-05 8.7e-06 1.105e-05 1.075e-05 1.06e-05 9.75e-06 7.35e-06 1e-05 1.325e-05 9.75e-06 1.2e-05 9.6e-06 1.18e-05 1.22e-05 8.65e-06 1.225e-05 9.45e-06 9e-06 1.005e-05 9.85e-06 1.015e-05 1.04e-05 9.55e-06 1.145e-05 1.115e-05 1.06e-05 1.145e-05 1.005e-05 1.03e-05 1.1e-05 9.3e-06 1.15e-05 9.75e-06 8.5e-06 9.2e-06 1.1e-05 8.95e-06 1.02e-05 9.3e-06 8.15e-06 1.03e-05 9.1e-06 9.2e-06 1.01e-05 8.95e-06 9.7e-06 9.65e-06 1.185e-05 1.13e-05 9.1e-06 9.65e-06 9.25e-06 9.05e-06 1.065e-05 7.8e-06 9.9e-06 9.55e-06 8.05e-06 1.01e-05 1.02e-05 1.175e-05
2 5.8e-06 8.1e-06 7e-07 8.4e-06 1.05e-05 8.45e-06 8.2e-06 9e-06 1.075e-05 1.04e-05 2.3e-06 1.13e-05 8.35e-06 8.35e-06 8.75e-06 9.75e-06 1.035e-05 1.105e-05 7.65e-06 1.165e-05 1.075e-05 6.7e-06 7.9e-06 8.35e-06 1.09e-05 1.03e-05 9.7e-06 1.035e-05 8.8e-06 1.02e-05 7.75e-06 9.65e-06 1.13e-05 6.45e-06 8.35e-06 6.45e-06 1.14e-05 7.05e-06 1.045e-05 9.5e-06 5.35e-06 9.9e-06 9.55e-06 1.005e-05 1.035e-05 2.8e-06 1.04e-05 1.265e-05 1.075e-05 1.18e-05 1.06e-05 1.16e-05 1.005e-05 6.85e-06 1.24e-05 1.065e-05 8.6e-06 1.12e-05 1.035e-05 5.85e-06 1.05e-05 9.7e-06 1.165e-05 1.135e-05 1.025e-05 7.7e-06 9.7e-06 1.04e-05 1.015e-05 5.25e-06 1.17e-05 1.035e-05 5.15e-06 6.1e-06 6.95e-06 1.12e-05 8.15e-06 3.4e-06 4e-07 8.25e-06 1.135e-05 9.05e-06 1.05e-05 1.095e-05 8.6e-06 8.6e-06 1.15e-05 1.16e-05 8.15e-06 9.7e-06 8.9e-06 8.7e-06 9.65e-06 7.5e-06 1.095e-05 1.035e-05 7.7e-06 1.045e-05 8.65e-06 1.155e-05
3 8.55e-06 8.35e-06 8.4e-06 9.1e-06 8.75e-06 9.75e-06 1.26e-05 7.35e-06 1.055e-05 1.105e-05 8.3e-06 1.435e-05 1.075e-05 4.55e-06 1.13e-05 1.15e-05 1.195e-05 8.75e-06 7.05e-06 1.42e-05 1.22e-05 1.03e-05 7.3e-06 8.55e-06 1.315e-05 6.65e-06 1.29e-05 1.1e-05 1.01e-05 1.185e-05 7.15e-06 9.4e-06 1.275e-05 1.07e-05 1.045e-05 9.8e-06 1.31e-05 8.55e-06 1.19e-05 1.27e-05 9.6e-06 1.265e-05 1.175e-05 1.285e-05 1.18e-05 6.65e-06 1.105e-05 1.385e-05 1.265e-05 1.435e-05 1.12e-05 1.415e-05 1.33e-05 9.5e-06 1.4e-05 1.08e-05 6.5e-06 8.05e-06 1.18e-05 1.045e-05 1.28e-05 9.8e-06 1.335e-05 1.305e-05 1.305e-05 1.045e-05 1.065e-05 1.27e-05 1.125e-05 9.3e-06 1.34e-05 1.18e-05 9.4e-06 6.6e-06 1.23e-05 1.265e-05 1.14e-05 9.45e-06 8.45e-06 1.15e-05 1.28e-05 1.055e-05 1.115e-05 7.95e-06 1.155e-05 9.9e-06 1.425e-05 1.33e-05 1.025e-05 9.8e-06 1.09e-05 1.08e-05 1.155e-05 7.7e-06 7e-06 1.015e-05 7.05e-06 1.21e-05 9.45e-06 1.41e-05
4 7.95e-06 9.75e-06 1.05e-05 8.75e-06 9.5e-06 6.85e-06 1.24e-05 7.35e-06 5.75e-06 9.85e-06 9.95e-06 1.46e-05 9.45e-06 8.7e-06 9.8e-06 8.9e-06 8.55e-06 1.045e-05 8.05e-06 1.465e-05 1.005e-05 8.4e-06 8.35e-06 7.1e-06 1.07e-05 6.25e-06 1.165e-05 9.8e-06 1.275e-05 8.95e-06 8.15e-06 6.6e-06 1.2e-05 1.025e-05 6.9e-06 9.6e-06 1.005e-05 1.055e-05 1.005e-05 1.145e-05 7.9e-06 1.245e-05 1.185e-05 1.415e-05 9.95e-06 1.065e-05 9.85e-06 1.19e-05 1.02e-05 1.48e-05 5.7e-06 1.46e-05 1.395e-05 7.4e-06 1.53e-05 7.9e-06 7.3e-06 6.1e-06 9.95e-06 1.265e-05 1.43e-05 5.85e-06 1.015e-05 1e-05 1.435e-05 1.215e-05 1.005e-05 1.42e-05 8.4e-06 8.9e-06 1.02e-05 9.95e-06 7.55e-06 8.6e-06 1.305e-05 1.19e-05 1.34e-05 1.175e-05 1.055e-05 1.35e-05 1.205e-05 6.5e-06 9.95e-06 7.1e-06 1.135e-05 7.05e-06 1.365e-05 1.04e-05 6.55e-06 5.85e-06 1.05e-05 8.55e-06 9.1e-06 8.05e-06 6e-06 5.6e-06 8.1e-06 8.9e-06 1.2e-05 1.455e-05
5 8.35e-06 9.5e-06 8.45e-06 9.75e-06 6.85e-06 6e-06 1.12e-05 6.45e-06 4.15e-06 7.05e-06 7.55e-06 1.205e-05 5.25e-06 9.7e-06 6.8e-06 7.25e-06 6.2e-06 1.055e-05 6.15e-06 1.2e-05 8.2e-06 3.35e-06 6.45e-06 6.9e-06 1.075e-05 9.45e-06 8e-06 7e-06 1.1e-05 7.25e-06 6.25e-06 6.45e-06 1.085e-05 9.6e-06 3.85e-06 9.1e-06 8.45e-06 7.55e-06 7.8e-06 7.95e-06 6.4e-06 8.55e-06 1.145e-05 1.12e-05 7.7e-06 9e-06 7.05e-06 1.185e-05 8.2e-06 1.215e-05 4.65e-06 1.195e-05 1.16e-05 5.25e-06 1.33e-05 6.45e-06 9.25e-06 7.4e-06 7.9e-06 1.1e-05 1.125e-05 6.7e-06 8.7e-06 8.4e-06 1.14e-05 1.135e-05 1.01e-05 1.115e-05 4.75e-06 6.15e-06 8.75e-06 7.7e-06 6.2e-06 9.2e-06 1.09e-05 1.075e-05 1.1e-05 9.85e-06 8.5e-06 1.11e-05 1.09e-05 4.5e-06 7.15e-06 8.75e-06 7.3e-06 3.25e-06 1.155e-05 8.55e-06 3.55e-06 6.9e-06 9.25e-06 5.85e-06 7.1e-06 6.9e-06 6.35e-06 3.8e-06 6.2e-06 7.6e-06 1.045e-05 1.19e-05
6 1.04e-05 1.13e-05 8.2e-06 1.26e-05 1.24e-05 1.12e-05 1.53e-05 1.225e-05 1.215e-05 1.255e-05 9.1e-06 1.045e-05 1.155e-05 1.255e-05 1.165e-05 1.185e-05 1.3e-05 1.37e-05 1.135e-05 1.055e-05 1.29e-05 1.08e-05 1.16e-05 1.105e-05 1.1e-05 1.29e-05 9.1e-06 1.25e-05 9.2e-06 1.135e-05 1.145e-05 1.22e-05 1.245e-05 1.01e-05 1.11e-05 1.035e-05 9.85e-06 1.12e-05 1.26e-05 9e-06 1e-05 1.25e-05 1.285e-05 1.32e-05 1.25e-05 9.75e-06 1.255e-05 1.155e-05 1.16e-05 1.07e-05 1.2e-05 1.05e-05 1.03e-05 1.055e-05 1.375e-05 1.105e-05 1.18e-05 1.31e-05 1.25e-05 1.115e-05 1.34e-05 1.18e-05 9.8e-06 9.5e-06 1.34e-05 1.325e-05 1.255e-05 1.33e-05 1.2e-05 1.03e-05 1.015e-05 1.25e-05 9.8e-06 1.125e-05 8.65e-06 1.235e-05 1.265e-05 1.04e-05 8.25e-06 1.275e-05 1.25e-05 1.14e-05 1.265e-05 1.235e-05 1.21e-05 1.135e-05 9.35e-06 9.7e-06 1.09e-05 1.18e-05 1.2e-05 1.05e-05 1.28e-05 1.12e-05 1.285e-05 1.175e-05 1.14e-05 1.16e-05 1.29e-05 1.045e-05
7 8.25e-06 9.7e-06 9e-06 7.35e-06 7.35e-06 6.45e-06 1.225e-05 1.17e-05 7.6e-06 9.55e-06 8.4e-06 1.36e-05 7.7e-06 7.3e-06 8.75e-06 8.9e-06 9.1e-06 9.15e-06 7.65e-06 1.33e-05 1.025e-05 6.2e-06 7.9e-06 8e-06 1.165e-05 7e-06 1.02e-05 9.5e-06 1.13e-05 9.35e-06 7.75e-06 7.85e-06 1.19e-05 1.04e-05 6.7e-06 9.9e-06 1.075e-05 8.5e-06 9.75e-06 1.015e-05 8.2e-06 1.05e-05 1.185e-05 1.25e-05 9.65e-06 8.8e-06 9.55e-06 1.25e-05 1.015e-05 1.345e-05 7.6e-06 1.325e-05 1.285e-05 7.25e-06 1.365e-05 9e-06 7.55e-06 7e-06 9.85e-06 1.15e-05 1.23e-05 7.6e-06 1.1e-05 1.07e-05 1.27e-05 1.11e-05 1.01e-05 1.22e-05 8.1e-06 8.35e-06 1.105e-05 9.65e-06 8e-06 7.55e-06 1.195e-05 1.18e-05 1.18e-05 1.04e-05 9.05e-06 1.19e-05 1.195e-05 7.3e-06 9.65e-06 7.65e-06 9.25e-06 6.6e-06 1.3e-05 1.075e-05 6.5e-06 7.8e-06 1.035e-05 8.05e-06 9.4e-06 7.85e-06 6.4e-06 7.2e-06 7.7e-06 9.8e-06 9.3e-06 1.32e-05
8 9.45e-06 9.95e-06 1.075e-05 1.055e-05 5.75e-06 4.15e-06 1.215e-05 7.6e-06 4.8e-06 7.8e-06 9.85e-06 1.385e-05 7.5e-06 1.05e-05 8.2e-06 8e-06 5.95e-06 1.135e-05 6.9e-06 1.38e-05 8.35e-06 6.15e-06 6.95e-06 6.25e-06 1.035e-05 9.15e-06 1.015e-05 7.75e-06 1.28e-05 7.55e-06 7e-06 6.3e-06 1.13e-05 1.015e-05 4.65e-06 9.65e-06 8.5e-06 9.85e-06 8.45e-06 9.95e-06 6.85e-06 1.085e-05 1.245e-05 1.33e-05 8.35e-06 1.12e-05 7.8e-06 1.21e-05 8.85e-06 1.395e-05 3.35e-06 1.375e-05 1.35e-05 6.05e-06 1.54e-05 6.2e-06 8.95e-06 6.25e-06 8.35e-06 1.31e-05 1.335e-05 6.25e-06 8.3e-06 8.45e-06 1.35e-05 1.345e-05 1.11e-05 1.325e-05 5.45e-06 7.2e-06 8.45e-06 8.35e-06 6.5e-06 1.01e-05 1.28e-05 1.12e-05 1.31e-05 1.205e-05 1.08e-05 1.32e-05 1.135e-05 4.55e-06 7.9e-06 7.8e-06 9.75e-06 4.1e-06 1.3e-05 8.9e-06 4.25e-06 6.25e-06 9.8e-06 7e-06 7.3e-06 7.35e-06 5.8e-06 2.9e-06 6.95e-06 7.4e-06 1.265e-05 1.37e-05
9 1.07e-05 1e-05 1.04e-05 1.105e-05 9.85e-06 7.05e-06 1.255e-05 9.55e-06 7.8e-06 1.27e-05 9.95e-06 1.12e-05 9.25e-06 1.1e-05 7.65e-06 1.095e-05 7.65e-06 9.1e-06 8.35e-06 1.005e-05 8e-06 8e-06 8.65e-06 9.6e-06 1.175e-05 1.135e-05 1.075e-05 6.45e-06 1.195e-05 9.75e-06 8.45e-06 9.25e-06 8.65e-06 1.055e-05 8.15e-06 1.155e-05 1.085e-05 1.025e-05 7.8e-06 1.055e-05 9.35e-06 8.35e-06 1.09e-05 7.7e-06 7.5e-06 1.05e-05 6.35e-06 1.38e-05 1.035e-05 1.02e-05 8.8e-06 1e-05 1.125e-05 9.1e-06 1.12e-05 8.4e-06 1.085e-05 1.015e-05 7.5e-06 1.105e-05 6.65e-06 1e-05 1.11e-05 1.08e-05 7.95e-06 1e-05 9e-06 6.4e-06 8.6e-06 8.8e-06 1.115e-05 7.5e-06 9.15e-06 1.095e-05 1.23e-05 8.5e-06 8e-06 1.005e-05 1.045e-05 8.1e-06 8.5e-06 8.25e-06 6.45e-06 9.85e-06 7.45e-06 7.25e-06 1.23e-05 1.115e-05 7.85e-06 1e-05 8.5e-06 8.5e-06 8.75e-06 9.4e-06 8.8e-06 7.45e-06 8.4e-06 9.9e-06 9.25e-06 9.95e-06
10 5.95e-06 8.15e-06 2.3e-06 8.3e-06 9.95e-06 7.55e-06 9.1e-06 8.4e-06 9.85e-06 9.95e-06 4.1e-06 1.12e-05 7.45e-06 8.25e-06 8.25e-06 8.75e-06 9.4e-06 1.095e-05 7.25e-06 1.145e-05 1.015e-05 5.6e-06 7.5e-06 7.85e-06 1.15e-05 1.025e-05 9.05e-06 9.95e-06 8.65e-06 9.55e-06 7.35e-06 9.3e-06 1.135e-05 7.4e-06 7.25e-06 5.85e-06 1.075e-05 6.35e-06 9.7e-06 8.9e-06 5.65e-06 9.15e-06 9.7e-06 1e-05 9.55e-06 3.6e-06 9.95e-06 1.22e-05 1.02e-05 1.16e-05 9.35e-06 1.14e-05 9.3e-06 5.45e-06 1.235e-05 1.04e-05 8.8e-06 1.06e-05 9.7e-06 6.15e-06 1.035e-05 9e-06 1.1e-05 1.07e-05 1.02e-05 7.7e-06 9.65e-06 1.02e-05 9.15e-06 6e-06 1.105e-05 9.55e-06 5.45e-06 6.9e-06 7.7e-06 1.125e-05 8.15e-06 4.3e-06 2.35e-06 8.25e-06 1.135e-05 8.2e-06 1.005e-05 1.065e-05 8e-06 7.7e-06 1.145e-05 1.08e-05 7.05e-06 9.15e-06 7.9e-06 8.1e-06 9.15e-06 6.9e-06 1.055e-05 9.45e-06 7.3e-06 9.95e-06 8.75e-06 1.135e-05
11 1.27e-05 1.215e-05 1.13e-05 1.435e-05 1.46e-05 1.205e-05 1.045e-05 1.36e-05 1.385e-05 1.12e-05 1.12e-05 1.37e-05 1.15e-05 1.43e-05 1.035e-05 1.34e-05 1.215e-05 1.285e-05 1.26e-05 8e-06 1.165e-05 1.09e-05 1.285e-05 1.36e-05 1.31e-05 1.56e-05 8.85e-06 1.115e-05 9.3e-06 1.195e-05 1.27e-05 1.395e-05 1.07e-05 1.195e-05 1.205e-05 1.275e-05 1.035e-05 1.165e-05 1.135e-05 8.65e-06 1.235e-05 1.035e-05 1.23e-05 7.85e-06 1.125e-05 1.165e-05 1.12e-05 1.26e-05 1.2e-05 8.15e-06 1.38e-05 7.95e-06 9.05e-06 1.225e-05 1.11e-05 1.225e-05 1.475e-05 1.53e-05 1.125e-05 1.095e-05 9.1e-06 1.41e-05 1.03e-05 1e-05 8.05e-06 1.11e-05 1.18e-05 9e-06 1.28e-05 1.23e-05 1.065e-05 1.125e-05 1.215e-05 1.4e-05 9.7e-06 1.06e-05 9.55e-06 1.09e-05 1.135e-05 9.65e-06 1.075e-05 1.235e-05 1.13e-05 1.415e-05 1e-05 1.22e-05 8.7e-06 1.025e-05 1.185e-05 1.41e-05 1.15e-05 1.09e-05 1.235e-05 1.255e-05 1.495e-05 1.345e-05 1.265e-05 1.22e-05 1.145e-05 7.9e-06
12 9.15e-06 1.035e-05 8.35e-06 1.075e-05 9.45e-06 5.25e-06 1.155e-05 7.7e-06 7.5e-06 9.25e-06 7.45e-06 1.15e-05 5.8e-06 1.07e-05 7.3e-06 7.3e-06 7.3e-06 1.18e-05 8.1e-06 1.145e-05 9.1e-06 3.25e-06 8.4e-06 8.6e-06 1.285e-05 1.15e-05 7.45e-06 9.2e-06 1.02e-05 8.55e-06 8.2e-06 9e-06 1.195e-05 1.07e-05 5.05e-06 8.9e-06 9.2e-06 5.95e-06 9e-06 7.4e-06 7.6e-06 7.2e-06 1.215e-05 1.11e-05 8.9e-06 8.65e-06 9.25e-06 1.27e-05 8.05e-06 1.16e-05 6.85e-06 1.14e-05 1.105e-05 6.45e-06 1.135e-05 9.35e-06 1.13e-05 9.65e-06 9.1e-06 9.5e-06 1.115e-05 8.7e-06 9.3e-06 9.15e-06 1.13e-05 1.125e-05 1.08e-05 1.105e-05 5.7e-06 7.9e-06 9.35e-06 8.9e-06 7.3e-06 1.045e-05 1.035e-05 1.185e-05 1.09e-05 9.75e-06 8.4e-06 1.1e-05 1.2e-05 5.7e-06 9.35e-06 1.12e-05 7.2e-06 5.45e-06 1.11e-05 9.3e-06 4.75e-06 8.9e-06 1.045e-05 7.1e-06 8.2e-06 7.85e-06 9.9e-06 7.3e-06 8.15e-06 8.6e-06 9.95e-06 1.135e-05
13 8.5e-06 8.3e-06 8.35e-06 4.55e-06 8.7e-06 9.7e-06 1.255e-05 7.3e-06 1.05e-05 1.1e-05 8.25e-06 1.43e-05 1.07e-05 9e-06 1.125e-05 1.145e-05 1.19e-05 8.7e-06 7e-06 1.415e-05 1.215e-05 1.025e-05 7.25e-06 8.5e-06 1.31e-05 6.6e-06 1.285e-05 1.095e-05 1.005e-05 1.18e-05 7.1e-06 9.35e-06 1.27e-05 1.065e-05 1.04e-05 9.75e-06 1.305e-05 8.5e-06 1.185e-05 1.265e-05 9.55e-06 1.26e-05 1.17e-05 1.28e-05 1.175e-05 6.6e-06 1.1e-05 1.38e-05 1.26e-05 1.43e-05 1.115e-05 1.41e-05 1.325e-05 9.45e-06 1.395e-05 1.075e-05 6.45e-06 8e-06 1.175e-05 1.04e-05 1.275e-05 9.75e-06 1.33e-05 1.3e-05 1.3e-05 1.04e-05 1.06e-05 1.265e-05 1.12e-05 9.25e-06 1.335e-05 1.175e-05 9.35e-06 6.55e-06 1.225e-05 1.26e-05 1.135e-05 9.4e-06 8.4e-06 1.145e-05 1.275e-05 1.05e-05 1.11e-05 7.9e-06 1.15e-05 9.85e-06 1.42e-05 1.325e-05 1.02e-05 9.75e-06 1.085e-05 1.075e-05 1.15e-05 7.65e-06 6.95e-06 1.01e-05 7e-06 1.205e-05 9.4e-06 1.405e-05
14 9.65e-06 9.3e-06 8.75e-06 1.13e-05 9.8e-06 6.8e-06 1.165e-05 8.75e-06 8.2e-06 7.65e-06 8.25e-06 1.035e-05 7.3e-06 1.125e-05 1e-05 9.35e-06 7.3e-06 9.65e-06 9.15e-06 9.55e-06 7.4e-06 5.35e-06 9.4e-06 8.8e-06 1.09e-05 1.18e-05 8.7e-06 7.6e-06 1.095e-05 8.2e-06 9.25e-06 9.75e-06 8.3e-06 9.3e-06 6.15e-06 1.005e-05 9.5e-06 8.8e-06 6.95e-06 8.65e-06 7.9e-06 7.4e-06 1.07e-05 7.65e-06 6.85e-06 9.4e-06 7.65e-06 1.265e-05 8.75e-06 9.7e-06 7.3e-06 9.5e-06 1.06e-05 7.1e-06 1.075e-05 9.3e-06 1.13e-05 1.005e-05 7.05e-06 1.02e-05 6.95e-06 9.05e-06 9.75e-06 9.45e-06 7.85e-06 9.75e-06 9e-06 6.85e-06 8.45e-06 8.55e-06 9.8e-06 6.85e-06 7.7e-06 1.065e-05 1.075e-05 8.1e-06 7.95e-06 9.1e-06 8.8e-06 8.05e-06 8.3e-06 6.75e-06 7.75e-06 9.65e-06 6.2e-06 6.95e-06 1.09e-05 9.55e-06 5.9e-06 9.25e-06 7.95e-06 7.1e-06 7.95e-06 8.45e-06 1.04e-05 7.85e-06 9.2e-06 8.6e-06 8.4e-06 9.45e-06
15 8.95e-06 1.13e-05 9.75e-06 1.15e-05 8.9e-06 7.25e-06 1.185e-05 8.9e-06 8e-06 1.095e-05 8.75e-06 1.34e-05 7.3e-06 1.145e-05 9.35e-06 1.18e-05 9.2e-06 1.27e-05 9.65e-06 1.345e-05 1.08e-05 6.55e-06 9.9e-06 8.55e-06 1.23e-05 1.03e-05 9.75e-06 1.09e-05 1.205e-05 9.45e-06 9.75e-06 9e-06 1.305e-05 1.115e-05 6.65e-06 8.7e-06 9.85e-06 8.45e-06 1.03e-05 9.7e-06 8.35e-06 9.85e-06 1.29e-05 1.37e-05 1.02e-05 1.055e-05 1.095e-05 1.085e-05 9.1e-06 1.36e-05 7.15e-06 1.34e-05 1.25e-05 7.15e-06 1.435e-05 9.9e-06 1.055e-05 9.55e-06 1.04e-05 1.1e-05 1.385e-05 7.9e-06 1.015e-05 9.85e-06 1.39e-05 1.235e-05 1.14e-05 1.375e-05 7.3e-06 9.35e-06 1.015e-05 1.02e-05 8.15e-06 1.07e-05 1.165e-05 1.295e-05 1.3e-05 1.12e-05 9.8e-06 1.31e-05 1.31e-05 7.15e-06 1.105e-05 1.05e-05 1.02e-05 7.4e-06 1.27e-05 9.9e-06 6.45e-06 8.1e-06 1.085e-05 8.65e-06 9.65e-06 9e-06 9.8e-06 7.6e-06 9.7e-06 9.9e-06 1.205e-05 1.335e-05
16 1.03e-05 1.085e-05 1.035e-05 1.195e-05 8.55e-06 6.2e-06 1.3e-05 9.1e-06 5.95e-06 7.65e-06 9.4e-06 1.215e-05 7.3e-06 1.19e-05 7.3e-06 9.2e-06 9.8e-06 1.075e-05 8.85e-06 1.165e-05 7.45e-06 6.05e-06 8.95e-06 8.4e-06 1.23e-05 1.16e-05 1.025e-05 7.7e-06 1.28e-05 8.95e-06 8.95e-06 8.9e-06 1.02e-05 1.1e-05 5.85e-06 1.065e-05 9.9e-06 9.65e-06 7.55e-06 1.005e-05 7.9e-06 8.55e-06 1.15e-05 9.3e-06 7.35e-06 1.085e-05 7.65e-06 1.35e-05 9.85e-06 1.185e-05 5.85e-06 1.165e-05 1.15e-05 7.25e-06 1.295e-05 9.1e-06 1.14e-05 9.05e-06 7.35e-06 1.1e-05 8.9e-06 8.4e-06 9.8e-06 9.85e-06 9.5e-06 9.75e-06 9.85e-06 8.75e-06 7.55e-06 8.7e-06 9.85e-06 7.35e-06 7.55e-06 1.145e-05 1.275e-05 1.01e-05 9.1e-06 1e-05 1.04e-05 9.2e-06 1.015e-05 5.95e-06 7.75e-06 1.06e-05 7.55e-06 6.2e-06 1.33e-05 1.03e-05 5.45e-06 8.4e-06 8.8e-06 8.15e-06 6.7e-06 8.45e-06 9.45e-06 6.25e-06 8.9e-06 8.8e-06 1.025e-05 1.16e-05
17 1.07e-05 1.03e-05 1.105e-05 8.75e-06 1.045e-05 1.055e-05 1.37e-05 9.15e-06 1.135e-05 9.1e-06 1.095e-05 1.285e-05 1.18e-05 8.7e-06 9.65e-06 1.27e-05 1.075e-05 1.5e-05 9.95e-06 1.16e-05 1.005e-05 1.095e-05 1.02e-05 1.08e-05 1.275e-05 9e-06 1.305e-05 9.05e-06 1.235e-05 1.195e-05 1.005e-05 1.075e-05 9.8e-06 1.145e-05 1.11e-05 1.245e-05 1.325e-05 1.13e-05 9.75e-06 1.285e-05 1.125e-05 1.055e-05 1.14e-05 9.1e-06 9.7e-06 1.04e-05 9.1e-06 1.455e-05 1.24e-05 1.175e-05 1.185e-05 1.155e-05 1.27e-05 1.12e-05 1.18e-05 1.105e-05 9.25e-06 9.85e-06 9.7e-06 1.165e-05 7.95e-06 1.1e-05 1.35e-05 1.32e-05 9.25e-06 9.85e-06 9.1e-06 7.85e-06 1.205e-05 1.11e-05 1.355e-05 9.7e-06 1.105e-05 9.4e-06 1.345e-05 9.55e-06 8.9e-06 1.07e-05 1.11e-05 9e-06 9.8e-06 1.115e-05 9.2e-06 8.85e-06 9.5e-06 1.07e-05 1.385e-05 1.345e-05 1.09e-05 1.1e-05 9.85e-06 1.08e-05 1.115e-05 1.045e-05 8.95e-06 1.095e-05 1e-05 1.22e-05 8.2e-06 1.15e-05
18 8.45e-06 8.05e-06 7.65e-06 7.05e-06 8.05e-06 6.15e-06 1.135e-05 7.65e-06 6.9e-06 8.35e-06 7.25e-06 1.26e-05 8.1e-06 7e-06 9.15e-06 9.65e-06 8.85e-06 9.95e-06 1.06e-05 1.27e-05 9.95e-06 7.25e-06 5.65e-06 7.25e-06 1.205e-05 8.9e-06 1.05e-05 8.3e-06 9.6e-06 9.55e-06 5.45e-06 7.8e-06 1.15e-05 9.7e-06 7.4e-06 8.8e-06 1.06e-05 7.4e-06 9.75e-06 1.03e-05 7.6e-06 1.05e-05 1.115e-05 1.135e-05 9.65e-06 6.65e-06 8.35e-06 1.3e-05 1.05e-05 1.285e-05 8.05e-06 1.265e-05 1.185e-05 7.3e-06 1.345e-05 8.05e-06 8e-06 8.25e-06 9.65e-06 9.75e-06 1.155e-05 8.7e-06 1.085e-05 1.055e-05 1.155e-05 1.05e-05 1.045e-05 1.145e-05 7.7e-06 6.9e-06 1.09e-05 9.65e-06 7.4e-06 8.05e-06 1.105e-05 1.14e-05 1.04e-05 8.7e-06 7.7e-06 1.05e-05 1.155e-05 7.55e-06 8.45e-06 8.85e-06 9.4e-06 6.35e-06 1.26e-05 1.09e-05 7.1e-06 8.7e-06 9.6e-06 8.4e-06 9.05e-06 6.55e-06 6.75e-06 6.55e-06 5.4e-06 9.7e-06 1.04e-05 1.26e-05
19 1.305e-05 1.185e-05 1.165e-05 1.42e-05 1.465e-05 1.2e-05 1.055e-05 1.33e-05 1.38e-05 1.005e-05 1.145e-05 8e-06 1.145e-05 1.415e-05 9.55e-06 1.345e-05 1.165e-05 1.16e-05 1.27e-05 1.34e-05 1.07e-05 1.085e-05 1.295e-05 1.36e-05 1.285e-05 1.54e-05 8.75e-06 1.015e-05 9.35e-06 1.18e-05 1.28e-05 1.4e-05 9.35e-06 1.17e-05 1.2e-05 1.32e-05 1.025e-05 1.175e-05 1.04e-05 8.55e-06 1.25e-05 9.2e-06 1.245e-05 8.1e-06 1.01e-05 1.195e-05 1.005e-05 1.26e-05 1.155e-05 6.95e-06 1.375e-05 6.75e-06 8.75e-06 1.24e-05 9.9e-06 1.21e-05 1.475e-05 1.5e-05 1.01e-05 1.15e-05 6.9e-06 1.415e-05 1.02e-05 9.9e-06 8.35e-06 1.15e-05 1.09e-05 6.75e-06 1.275e-05 1.245e-05 1.055e-05 1.01e-05 1.23e-05 1.39e-05 9.8e-06 9.2e-06 8.85e-06 1.135e-05 1.17e-05 8.95e-06 9.2e-06 1.235e-05 1.015e-05 1.335e-05 9.05e-06 1.215e-05 8.5e-06 1.015e-05 1.18e-05 1.415e-05 1.055e-05 1.07e-05 1.24e-05 1.265e-05 1.465e-05 1.34e-05 1.275e-05 1.205e-05 1.02e-05 6.7e-06
20 1.1e-05 1.005e-05 1.075e-05 1.22e-05 1.005e-05 8.2e-06 1.29e-05 1.025e-05 8.35e-06 8e-06 1.015e-05 1.165e-05 9.1e-06 1.215e-05 7.4e-06 1.08e-05 7.45e-06 1.005e-05 9.95e-06 1.07e-05 1.38e-05 7.95e-06 1.025e-05 9.4e-06 1.155e-05 1.23e-05 1.09e-05 7.95e-06 1.255e-05 9.6e-06 1.005e-05 1.065e-05 8.5e-06 1.055e-05 7.75e-06 1.135e-05 1.06e-05 1.065e-05 7.35e-06 1.07e-05 9.1e-06 8.8e-06 1.14e-05 8.3e-06 7.6e-06 1.11e-05 8e-06 1.385e-05 1.015e-05 1.085e-05 7.45e-06 1.065e-05 1.18e-05 8.7e-06 1.19e-05 9.8e-06 1.18e-05 9.9e-06 7.6e-06 1.15e-05 7.45e-06 9.85e-06 1.065e-05 1.055e-05 8.15e-06 1.055e-05 9.55e-06 7.35e-06 9.75e-06 1.015e-05 1.07e-05 7.6e-06 8.75e-06 1.185e-05 1.265e-05 8.55e-06 8.6e-06 1.05e-05 1.08e-05 8.7e-06 8.8e-06 7.9e-06 8.1e-06 9.85e-06 7.45e-06 8.4e-06 1.27e-05 1.095e-05 7.4e-06 9.85e-06 8.6e-06 8.7e-06 8.55e-06 9.45e-06 1.07e-05 8.25e-06 1e-05 9.15e-06 9.65e-06 1.06e-05
21 7.75e-06 9.5e-06 6.7e-06 1.03e-05 8.4e-06 3.35e-06 1.08e-05 6.2e-06 6.15e-06 8e-06 5.6e-06 1.09e-05 3.25e-06 1.025e-05 5.35e-06 6.55e-06 6.05e-06 1.095e-05 7.25e-06 1.085e-05 7.95e-06 3e-07 7.5e-06 7.55e-06 1.115e-05 1.09e-05 6.2e-06 7.95e-06 1e-05 7e-06 7.35e-06 7.95e-06 1.07e-05 9.25e-06 2.85e-06 8.55e-06 8.4e-06 5.85e-06 7.25e-06 6.3e-06 5.95e-06 6.7e-06 1.115e-05 9.85e-06 7.15e-06 7.6e-06 8e-06 1.185e-05 7.55e-06 1.1e-05 5.2e-06 1.08e-05 1.035e-05 4.25e-06 1.19e-05 8.35e-06 1.07e-05 8.9e-06 7.55e-06 9.55e-06 9.9e-06 7.2e-06 8.65e-06 8.35e-06 1.005e-05 1e-05 9.8e-06 9.8e-06 5.15e-06 6.4e-06 8.7e-06 7.15e-06 5.75e-06 9.4e-06 9.55e-06 1.06e-05 9.65e-06 8.3e-06 6.75e-06 9.75e-06 1.075e-05 4.35e-06 8.1e-06 1.015e-05 5.3e-06 3.5e-06 1.07e-05 8.2e-06 2.65e-06 7.6e-06 8.8e-06 5.1e-06 6.75e-06 6.7e-06 9.05e-06 5.75e-06 7.3e-06 7.65e-06 8.8e-06 1.075e-05
22 8.7e-06 8.3e-06 7.9e-06 7.3e-06 8.35e-06 6.45e-06 1.16e-05 7.9e-06 6.95e-06 8.65e-06 7.5e-06 1.285e-05 8.4e-06 7.25e-06 9.4e-06 9.9e-06 8.95e-06 1.02e-05 5.65e-06 1.295e-05 1.025e-05 7.5e-06 1.11e-05 7.5e-06 1.23e-05 9.15e-06 1.075e-05 8.6e-06 9.85e-06 9.8e-06 5.65e-06 7.8e-06 1.175e-05 9.95e-06 7.65e-06 9.05e-06 1.09e-05 7.65e-06 1e-05 1.055e-05 7.9e-06 1.075e-05 1.14e-05 1.16e-05 9.9e-06 6.9e-06 8.65e-06 1.325e-05 1.075e-05 1.31e-05 8.35e-06 1.29e-05 1.21e-05 7.55e-06 1.37e-05 8.35e-06 8.25e-06 8.55e-06 9.9e-06 1e-05 1.18e-05 8.95e-06 1.115e-05 1.085e-05 1.18e-05 1.075e-05 1.07e-05 1.17e-05 7.7e-06 6.9e-06 1.12e-05 9.9e-06 7.7e-06 8.3e-06 1.13e-05 1.165e-05 1.065e-05 8.95e-06 7.95e-06 1.075e-05 1.18e-05 7.85e-06 8.75e-06 9.1e-06 9.65e-06 6.35e-06 1.285e-05 1.115e-05 7.4e-06 8.95e-06 9.85e-06 8.65e-06 9.3e-06 6.8e-06 7.05e-06 6.85e-06 5.7e-06 1e-05 1.065e-05 1.285e-05
23 7.55e-06 8.2e-06 8.35e-06 8.55e-06 7.1e-06 6.9e-06 1.105e-05 8e-06 6.25e-06 9.6e-06 7.85e-06 1.36e-05 8.6e-06 8.5e-06 8.8e-06 8.55e-06 8.4e-06 1.08e-05 7.25e-06 1.36e-05 9.4e-06 7.55e-06 7.5e-06 8.6e-06 1.015e-05 7.95e-06 1.09e-05 9.55e-06 1.115e-05 8e-06 7.35e-06 7.65e-06 1.1e-05 8.9e-06 6.15e-06 7.55e-06 9.65e-06 8.65e-06 9.1e-06 1.07e-05 6.75e-06 1.11e-05 1.075e-05 1.275e-05 9e-06 8.3e-06 9.6e-06 1.22e-05 9.3e-06 1.375e-05 5.55e-06 1.355e-05 1.275e-05 6.15e-06 1.44e-05 7.7e-06 7.1e-06 7.25e-06 8.9e-06 1.055e-05 1.285e-05 6.25e-06 9.9e-06 9.6e-06 1.295e-05 1.2e-05 9.95e-06 1.275e-05 8.2e-06 8.25e-06 9.95e-06 9e-06 6.55e-06 8.6e-06 1.165e-05 1.09e-05 1.18e-05 9.8e-06 8.4e-06 1.19e-05 1.105e-05 6.1e-06 9.7e-06 7.75e-06 1.02e-05 7.05e-06 1.26e-05 9.85e-06 6.05e-06 5.8e-06 8.95e-06 7.8e-06 8.4e-06 6.2e-06 7.55e-06 5.75e-06 7.3e-06 8.25e-06 1.14e-05 1.35e-05
24 1.11e-05 1.095e-05 1.09e-05 1.315e-05 1.07e-05 1.075e-05 1.1e-05 1.165e-05 1.035e-05 1.175e-05 1.15e-05 1.31e-05 1.285e-05 1.31e-05 1.09e-05 1.23e-05 1.23e-05 1.275e-05 1.205e-05 1.285e-05 1.155e-05 1.115e-05 1.23e-05 1.015e-05 1.02e-05 1.16e-05 1.185e-05 1.17e-05 1.305e-05 9.9e-06 1.215e-05 1.15e-05 1.03e-05 9.45e-06 1.01e-05 1.225e-05 1.085e-05 1.345e-05 1.125e-05 1.165e-05 1.015e-05 1.325e-05 1.105e-05 1.32e-05 1.115e-05 1.24e-05 1.175e-05 1.185e-05 1.055e-05 1.3e-05 9.65e-06 1.28e-05 1.42e-05 1.045e-05 1.235e-05 9e-06 1.145e-05 1.115e-05 1.115e-05 1.48e-05 1.305e-05 1.01e-05 1.11e-05 1.08e-05 1.34e-05 1.525e-05 1.185e-05 1.295e-05 1.23e-05 1.15e-05 1.115e-05 1.115e-05 9.95e-06 1.18e-05 1.215e-05 1.02e-05 1.395e-05 1.32e-05 1.095e-05 1.405e-05 1.035e-05 1.045e-05 1.185e-05 9.75e-06 1.21e-05 1.09e-05 1.16e-05 1.105e-05 9.9e-06 1.005e-05 1.155e-05 9.2e-06 1.255e-05 1.13e-05 1.145e-05 9.95e-06 1.21e-05 1.015e-05 1.285e-05 1.275e-05
25 6.7e-06 1e-05 1.03e-05 6.65e-06 6.25e-06 9.45e-06 1.29e-05 7e-06 9.15e-06 1.135e-05 1.025e-05 1.56e-05 1.15e-05 6.6e-06 1.18e-05 1.03e-05 1.16e-05 9e-06 8.9e-06 1.54e-05 1.23e-05 1.09e-05 9.15e-06 7.95e-06 1.16e-05 6.5e-06 1.35e-05 1.13e-05 1.285e-05 1.075e-05 9e-06 6.5e-06 1.275e-05 1.075e-05 9.95e-06 1.01e-05 1.26e-05 1.11e-05 1.2e-05 1.33e-05 9.75e-06 1.365e-05 1.1e-05 1.47e-05 1.19e-05 1.005e-05 1.135e-05 1.25e-05 1.185e-05 1.555e-05 9.6e-06 1.535e-05 1.465e-05 9.6e-06 1.49e-05 9.05e-06 5.15e-06 6.6e-06 1.19e-05 1.21e-05 1.46e-05 6.25e-06 1.285e-05 1.255e-05 1.49e-05 1.115e-05 8.8e-06 1.45e-05 1.075e-05 1.01e-05 1.29e-05 1.19e-05 9.55e-06 6.9e-06 1.355e-05 1.265e-05 1.345e-05 1.155e-05 1.035e-05 1.355e-05 1.28e-05 9.2e-06 1.145e-05 6.8e-06 1.275e-05 9.6e-06 1.425e-05 1.28e-05 9.75e-06 6.25e-06 1.16e-05 1.035e-05 1.145e-05 9.35e-06 5.75e-06 8.75e-06 8.95e-06 1.1e-05 1.05e-05 1.53e-05
26 1.07e-05 1.135e-05 9.7e-06 1.29e-05 1.165e-05 8e-06 9.1e-06 1.02e-05 1.015e-05 1.075e-05 9.05e-06 8.85e-06 7.45e-06 1.285e-05 8.7e-06 9.75e-06 1.025e-05 1.305e-05 1.05e-05 8.75e-06 1.09e-05 6.2e-06 1.075e-05 1.09e-05 1.185e-05 1.35e-05 1.17e-05 1.07e-05 8.35e-06 9.3e-06 1.06e-05 1.12e-05 1.155e-05 1.075e-05 7.7e-06 1.075e-05 7.85e-06 9.05e-06 1.04e-05 5.95e-06 9.55e-06 9.4e-06 1.3e-05 1.16e-05 1.03e-05 1.045e-05 1.075e-05 1.065e-05 9.4e-06 8.9e-06 9.6e-06 8.7e-06 9e-06 8.55e-06 1.2e-05 1.015e-05 1.315e-05 1.225e-05 1.05e-05 1.145e-05 1.16e-05 1.085e-05 7.8e-06 7.5e-06 1.18e-05 1.285e-05 1.2e-05 1.15e-05 8.9e-06 9.8e-06 8.15e-06 1.03e-05 9.35e-06 1.215e-05 8.4e-06 1.145e-05 1.185e-05 1.115e-05 9.75e-06 1.195e-05 1.16e-05 8.6e-06 1.085e-05 1.225e-05 8.9e-06 8.15e-06 7.7e-06 7.5e-06 7.5e-06 1.105e-05 1.13e-05 8.05e-06 1.075e-05 1.015e-05 1.22e-05 9.75e-06 1.055e-05 9.75e-06 1.14e-05 8.65e-06
27 1.065e-05 9.95e-06 1.035e-05 1.1e-05 9.8e-06 7e-06 1.25e-05 9.5e-06 7.75e-06 6.45e-06 9.95e-06 1.115e-05 9.2e-06 1.095e-05 7.6e-06 1.09e-05 7.7e-06 9.05e-06 8.3e-06 1.015e-05 7.95e-06 7.95e-06 8.6e-06 9.55e-06 1.17e-05 1.13e-05 1.07e-05 1.26e-05 1.19e-05 9.7e-06 8.4e-06 9.2e-06 8.6e-06 1.05e-05 8.1e-06 1.15e-05 1.08e-05 1.02e-05 7.75e-06 1.05e-05 9.3e-06 8.45e-06 1.085e-05 7.55e-06 7.6e-06 1.045e-05 6.45e-06 1.375e-05 1.03e-05 1.03e-05 8.75e-06 1.01e-05 1.13e-05 9.05e-06 1.13e-05 8.35e-06 1.08e-05 1.01e-05 7.6e-06 1.1e-05 6.65e-06 9.95e-06 1.105e-05 1.075e-05 7.9e-06 9.95e-06 8.85e-06 6.65e-06 8.55e-06 8.75e-06 1.11e-05 7.6e-06 9.1e-06 1.09e-05 1.225e-05 8.45e-06 7.85e-06 1e-05 1.04e-05 7.95e-06 8.6e-06 8.2e-06 6.55e-06 9.8e-06 7.4e-06 7.2e-06 1.225e-05 1.11e-05 7.8e-06 9.95e-06 8.6e-06 8.45e-06 8.7e-06 9.35e-06 8.75e-06 7.4e-06 8.35e-06 9.85e-06 9.1e-06 1.005e-05
28 1.07e-05 9.8e-06 8.8e-06 1.01e-05 1.275e-05 1.1e-05 9.2e-06 1.13e-05 1.28e-05 1.195e-05 8.65e-06 9.3e-06 1.02e-05 1.005e-05 1.095e-05 1.205e-05 1.28e-05 1.235e-05 9.6e-06 9.35e-06 1.255e-05 1e-05 9.85e-06 1.115e-05 1.305e-05 1.285e-05 8.35e-06 1.19e-05 1.37e-05 1.15e-05 9.7e-06 1.245e-05 1.21e-05 1.075e-05 1.115e-05 1.035e-05 9.9e-06 8.8e-06 1.225e-05 8.2e-06 1.065e-05 1.125e-05 1.26e-05 1.165e-05 1.215e-05 8e-06 1.195e-05 1.17e-05 1.16e-05 9.5e-06 1.29e-05 9.3e-06 9.2e-06 1.05e-05 1.205e-05 1.165e-05 1.18e-05 1.3e-05 1.215e-05 1.01e-05 1.18e-05 1.275e-05 9.85e-06 9.55e-06 1.185e-05 1.19e-05 1.225e-05 1.17e-05 1.175e-05 1.045e-05 1.02e-05 1.215e-05 1.045e-05 1.09e-05 8.45e-06 1.2e-05 1.115e-05 9.9e-06 8.85e-06 1.125e-05 1.215e-05 1.155e-05 1.205e-05 1.225e-05 1.09e-05 1.115e-05 8.65e-06 9.75e-06 1.095e-05 1.275e-05 1.155e-05 1.05e-05 1.26e-05 9.7e-06 1.25e-05 1.24e-05 9.65e-06 1.175e-05 1.125e-05 9.25e-06
29 9.6e-06 9.75e-06 1.02e-05 1.185e-05 8.95e-06 7.25e-06 1.135e-05 9.35e-06 7.55e-06 9.75e-06 9.55e-06 1.195e-05 8.55e-06 1.18e-05 8.2e-06 9.45e-06 8.95e-06 1.195e-05 9.55e-06 1.18e-05 9.6e-06 7e-06 9.8e-06 8e-06 9.9e-06 1.075e-05 9.3e-06 9.7e-06 1.15e-05 1.13e-05 9.65e-06 9e-06 9.95e-06 9.25e-06 6.65e-06 9.75e-06 9e-06 1.01e-05 8.9e-06 9.25e-06 8.35e-06 1.04e-05 1.165e-05 1.195e-05 8.75e-06 1.09e-05 9.75e-06 1.2e-05 8.5e-06 1.195e-05 6.5e-06 1.175e-05 1.22e-05 7.35e-06 1.3e-05 7.75e-06 1.035e-05 9.55e-06 9.2e-06 1.225e-05 1.19e-05 7.65e-06 9.25e-06 8.95e-06 1.215e-05 1.33e-05 1.065e-05 1.18e-05 8.6e-06 9.35e-06 9.3e-06 8.8e-06 8.15e-06 1.115e-05 1.125e-05 9.85e-06 1.22e-05 1.16e-05 1.025e-05 1.23e-05 1e-05 6e-06 9.85e-06 9.55e-06 9.45e-06 7.4e-06 8.7e-06 8.8e-06 6.45e-06 8.1e-06 9.85e-06 7.4e-06 9.45e-06 8.9e-06 9.8e-06 7.15e-06 9.6e-06 6.35e-06 1.18e-05 1.17e-05
30 8.55e-06 8.15e-06 7.75e-06 7.15e-06 8.15e-06 6.25e-06 1.145e-05 7.75e-06 7e-06 8.45e-06 7.35e-06 1.27e-05 8.2e-06 7.1e-06 9.25e-06 9.75e-06 8.95e-06 1.005e-05 5.45e-06 1.28e-05 1.005e-05 7.35e-06 5.65e-06 7.35e-06 1.215e-05 9e-06 1.06e-05 8.4e-06 9.7e-06 9.65e-06 1.08e-05 7.9e-06 1.16e-05 9.8e-06 7.5e-06 8.9e-06 1.07e-05 7.5e-06 9.85e-06 1.04e-05 7.7e-06 1.06e-05 1.125e-05 1.145e-05 9.75e-06 6.75e-06 8.45e-06 1.31e-05 1.06e-05 1.295e-05 8.15e-06 1.275e-05 1.195e-05 7.4e-06 1.355e-05 8.15e-06 8.1e-06 8.35e-06 9.75e-06 9.85e-06 1.165e-05 8.8e-06 1.095e-05 1.065e-05 1.165e-05 1.06e-05 1.055e-05 1.155e-05 7.8e-06 7e-06 1.1e-05 9.75e-06 7.5e-06 8.15e-06 1.115e-05 1.15e-05 1.05e-05 8.8e-06 7.8e-06 1.06e-05 1.165e-05 7.65e-06 8.55e-06 8.95e-06 9.5e-06 6.45e-06 1.27e-05 1.1e-05 7.2e-06 8.8e-06 9.7e-06 8.5e-06 9.15e-06 6.65e-06 6.85e-06 6.65e-06 5.5e-06 9.8e-06 1.05e-05 1.27e-05
31 7.15e-06 1.015e-05 9.65e-06 9.4e-06 6.6e-06 6.45e-06 1.22e-05 7.85e-06 6.3e-06 9.25e-06 9.3e-06 1.395e-05 9e-06 9.35e-06 9.75e-06 9e-06 8.9e-06 1.075e-05 7.8e-06 1.4e-05 1.065e-05 7.95e-06 7.8e-06 7.65e-06 1.15e-05 6.5e-06 1.12e-05 9.2e-06 1.245e-05 9e-06 7.9e-06 1.02e-05 1.205e-05 1.03e-05 7.45e-06 9.65e-06 1.07e-05 1.005e-05 1.04e-05 1.1e-05 8.35e-06 1.16e-05 1.095e-05 1.33e-05 1.03e-05 1.015e-05 9.25e-06 1.22e-05 1.025e-05 1.415e-05 7.5e-06 1.395e-05 1.33e-05 7.95e-06 1.445e-05 7.25e-06 7.65e-06 7.85e-06 1.03e-05 1.15e-05 1.345e-05 6.15e-06 1.095e-05 1.065e-05 1.35e-05 1.13e-05 9.15e-06 1.335e-05 7.45e-06 7.5e-06 1.1e-05 1.03e-05 8.15e-06 8.9e-06 1.24e-05 1.195e-05 1.255e-05 1.09e-05 9.7e-06 1.265e-05 1.21e-05 6.8e-06 9.35e-06 8.7e-06 1.07e-05 6.35e-06 1.27e-05 1.095e-05 7.2e-06 6.15e-06 1.085e-05 8.5e-06 9.5e-06 8.75e-06 6.55e-06 6.2e-06 7.85e-06 9.2e-06 1.155e-05 1.39e-05
32 1.17e-05 8.8e-06 1.13e-05 1.275e-05 1.2e-05 1.085e-05 1.245e-05 1.19e-05 1.13e-05 8.65e-06 1.135e-05 1.07e-05 1.195e-05 1.27e-05 8.3e-06 1.305e-05 1.02e-05 9.8e-06 1.15e-05 9.35e-06 8.5e-06 1.07e-05 1.175e-05 1.1e-05 1.03e-05 1.275e-05 1.155e-05 8.6e-06 1.21e-05 9.95e-06 1.16e-05 1.205e-05 1.13e-05 8.7e-06 1.05e-05 1.225e-05 1.14e-05 1.23e-05 8.1e-06 1.135e-05 1.09e-05 9.55e-06 1.075e-05 7.45e-06 8.25e-06 1.165e-05 8.65e-06 1.4e-05 9.4e-06 9.5e-06 1.08e-05 9.3e-06 1.165e-05 1.09e-05 1.005e-05 9.65e-06 1.215e-05 1.225e-05 8.35e-06 1.19e-05 6.2e-06 1.13e-05 1.165e-05 1.135e-05 7.4e-06 1.14e-05 9.1e-06 6.1e-06 1.235e-05 1.165e-05 1.17e-05 8.25e-06 1.07e-05 1.24e-05 1.22e-05 5.9e-06 8.3e-06 1.11e-05 1.135e-05 8.4e-06 6.05e-06 1.035e-05 8.75e-06 1.03e-05 8.1e-06 1.1e-05 1.105e-05 1.15e-05 1.03e-05 1.14e-05 8.8e-06 9.4e-06 1.08e-05 1.11e-05 1.225e-05 1.09e-05 1.155e-05 1.03e-05 9.4e-06 9.25e-06
33 8.55e-06 8.05e-06 6.45e-06 1.07e-05 1.025e-05 9.6e-06 1.01e-05 1.04e-05 1.015e-05 1.055e-05 7.4e-06 1.195e-05 1.07e-05 1.065e-05 9.3e-06 1.115e-05 1.1e-05 1.145e-05 9.7e-06 1.17e-05 1.055e-05 9.25e-06 9.95e-06 8.9e-06 9.45e-06 1.075e-05 1.075e-05 1.05e-05 1.075e-05 9.25e-06 9.8e-06 1.03e-05 8.7e-06 1.24e-05 9.15e-06 8.95e-06 1.07e-05 1.04e-05 1.015e-05 1.055e-05 7.8e-06 1.135e-05 1.07e-05 1.12e-05 1.005e-05 7.7e-06 1.055e-05 1.265e-05 8.95e-06 1.185e-05 9.55e-06 1.165e-05 1.195e-05 8.55e-06 1.24e-05 9.05e-06 9.7e-06 1.085e-05 1.015e-05 1.02e-05 1.105e-05 9.45e-06 1.095e-05 1.065e-05 1.14e-05 1.18e-05 1.03e-05 1.095e-05 1.12e-05 8.75e-06 1.1e-05 1.005e-05 7.6e-06 8.95e-06 9.45e-06 8.5e-06 1.07e-05 8.6e-06 6.5e-06 1.08e-05 8.65e-06 9.15e-06 1.065e-05 9.75e-06 1.015e-05 9.75e-06 1.09e-05 1.08e-05 8.95e-06 9.55e-06 9.6e-06 8.75e-06 1.08e-05 9.2e-06 1.095e-05 9.75e-06 9.75e-06 9.6e-06 1.055e-05 1.16e-05
34 8.2e-06 9.3e-06 8.35e-06 1.045e-05 6.9e-06 3.85e-06 1.11e-05 6.7e-06 4.65e-06 8.15e-06 7.25e-06 1.205e-05 5.05e-06 1.04e-05 6.15e-06 6.65e-06 5.85e-06 1.11e-05 7.4e-06 1.2e-05 7.75e-06 2.85e-06 7.65e-06 6.15e-06 1.01e-05 9.95e-06 7.7e-06 8.1e-06 1.115e-05 6.65e-06 7.5e-06 7.45e-06 1.05e-05 9.15e-06 5e-06 8.45e-06 7.9e-06 7.5e-06 7.25e-06 7.65e-06 5.85e-06 8.35e-06 1.15e-05 1.13e-05 7.15e-06 9.15e-06 8.15e-06 1.145e-05 7.55e-06 1.215e-05 3.55e-06 1.195e-05 1.16e-05 4.4e-06 1.335e-05 7.5e-06 9.75e-06 7.4e-06 6.85e-06 1.1e-05 1.135e-05 6.1e-06 8.15e-06 7.85e-06 1.15e-05 1.145e-05 1.015e-05 1.125e-05 5.5e-06 7.1e-06 8.2e-06 7.15e-06 5.65e-06 9.65e-06 1.08e-05 1.04e-05 1.11e-05 9.85e-06 8.4e-06 1.12e-05 1.055e-05 4e-06 8.25e-06 8.65e-06 7.1e-06 4e-06 1.15e-05 7.9e-06 2.8e-06 6.2e-06 8.7e-06 5.6e-06 6.05e-06 6.4e-06 7.9e-06 3.85e-06 7.45e-06 7.1e-06 1.035e-05 1.19e-05
35 7.2e-06 9.05e-06 6.45e-06 9.8e-06 9.6e-06 9.1e-06 1.035e-05 9.9e-06 9.65e-06 1.155e-05 5.85e-06 1.275e-05 8.9e-06 9.75e-06 1.005e-05 8.7e-06 1.065e-05 1.245e-05 8.8e-06 1.32e-05 1.135e-05 8.55e-06 9.05e-06 7.55e-06 1.225e-05 1.01e-05 1.075e-05 1.15e-05 1.035e-05 9.75e-06 8.9e-06 9.65e-06 1.225e-05 8.95e-06 8.45e-06 9.8e-06 1.07e-05 7.9e-06 1.075e-05 1.06e-05 7.5e-06 1.075e-05 1.1e-05 1.28e-05 1.065e-05 7.2e-06 1.155e-05 1.23e-05 9.7e-06 1.335e-05 8.65e-06 1.315e-05 1.115e-05 6.55e-06 1.375e-05 1.04e-05 8.45e-06 1.035e-05 1.095e-05 7.1e-06 1.335e-05 8.4e-06 1.095e-05 1.065e-05 1.3e-05 1.06e-05 1.095e-05 1.325e-05 9.3e-06 8.55e-06 1.1e-05 1.065e-05 7.3e-06 9.05e-06 1.005e-05 1.215e-05 1.11e-05 7.9e-06 6.5e-06 1.12e-05 1.23e-05 8.55e-06 1.165e-05 1.04e-05 1.095e-05 9.25e-06 1.23e-05 1.06e-05 8.25e-06 8.7e-06 9.1e-06 9.5e-06 1.03e-05 8.1e-06 1.065e-05 9.25e-06 8.85e-06 1.03e-05 1.19e-05 1.31e-05
36 1.12e-05 1.12e-05 1.14e-05 1.31e-05 1.005e-05 8.45e-06 9.85e-06 1.075e-05 8.5e-06 1.085e-05 1.075e-05 1.035e-05 9.2e-06 1.305e-05 9.5e-06 9.85e-06 9.9e-06 1.325e-05 1.06e-05 1.025e-05 1.06e-05 8.4e-06 1.09e-05 9.65e-06 1.085e-05 1.26e-05 7.85e-06 1.08e-05 9.9e-06 9e-06 1.07e-05 1.07e-05 1.14e-05 1.07e-05 7.9e-06 1.07e-05 1.35e-05 1.075e-05 1.045e-05 7.55e-06 9.2e-06 1.11e-05 1.34e-05 1.31e-05 1.035e-05 1.205e-05 1.085e-05 9.95e-06 9.45e-06 1.04e-05 7.85e-06 1.02e-05 1.07e-05 8.65e-06 1.35e-05 9.25e-06 1.225e-05 1.065e-05 1.035e-05 1.295e-05 1.31e-05 9.8e-06 7.5e-06 7.05e-06 1.33e-05 1.435e-05 1.24e-05 1.3e-05 9.25e-06 1.05e-05 7.2e-06 1.035e-05 9.15e-06 1.245e-05 9.35e-06 1.13e-05 1.335e-05 1.275e-05 1.145e-05 1.345e-05 1.145e-05 8.15e-06 1.095e-05 1.075e-05 1.075e-05 8.65e-06 8.9e-06 7.6e-06 7.4e-06 9.8e-06 1.125e-05 8.6e-06 1.06e-05 1e-05 1.1e-05 8.2e-06 1.065e-05 9.1e-06 1.3e-05 1.015e-05
37 8.7e-06 9e-06 7.05e-06 8.55e-06 1.055e-05 7.55e-06 1.12e-05 8.5e-06 9.85e-06 1.025e-05 6.35e-06 1.165e-05 5.95e-06 8.5e-06 8.8e-06 8.45e-06 9.65e-06 1.13e-05 7.4e-06 1.175e-05 1.065e-05 5.85e-06 7.65e-06 8.65e-06 1.345e-05 1.11e-05 9.05e-06 1.02e-05 8.8e-06 1.01e-05 7.5e-06 1.005e-05 1.23e-05 1.04e-05 7.5e-06 7.9e-06 1.075e-05 1.04e-05 1.015e-05 9e-06 8.2e-06 8.15e-06 1.16e-05 1.095e-05 1.005e-05 6.3e-06 1.025e-05 1.32e-05 9.35e-06 1.19e-05 9.55e-06 1.17e-05 1.08e-05 7.4e-06 1.175e-05 1.07e-05 1.02e-05 1.07e-05 1.025e-05 7.95e-06 1.115e-05 9.95e-06 1.1e-05 1.07e-05 1.115e-05 1.01e-05 1.09e-05 1.105e-05 7.6e-06 8.2e-06 1.105e-05 1.005e-05 8e-06 9.3e-06 1e-05 1.22e-05 1e-05 8.2e-06 7.1e-06 1.01e-05 1.235e-05 8.2e-06 1.035e-05 1.12e-05 8.5e-06 7.7e-06 1.18e-05 1.075e-05 7.3e-06 1.015e-05 1.01e-05 8.75e-06 9.65e-06 7.3e-06 1.04e-05 9.45e-06 7.45e-06 1.055e-05 9.8e-06 1.165e-05
38 1.07e-05 9.65e-06 1.045e-05 1.19e-05 1.005e-05 7.8e-06 1.26e-05 9.75e-06 8.45e-06 7.8e-06 9.7e-06 1.135e-05 9e-06 1.185e-05 6.95e-06 1.03e-05 7.55e-06 9.75e-06 9.75e-06 1.04e-05 7.35e-06 7.25e-06 1e-05 9.1e-06 1.125e-05 1.2e-05 1.04e-05 7.75e-06 1.225e-05 8.9e-06 9.85e-06 1.04e-05 8.1e-06 1.015e-05 7.25e-06 1.075e-05 1.045e-05 1.015e-05 1.32e-05 1.035e-05 8.95e-06 8.3e-06 1.11e-05 8e-06 6.9e-06 1.08e-05 7.8e-06 1.355e-05 9.55e-06 1.055e-05 7.4e-06 1.035e-05 1.14e-05 8e-06 1.16e-05 9.6e-06 1.15e-05 1.03e-05 7.3e-06 1.12e-05 7.15e-06 9.15e-06 1.07e-05 1.04e-05 7.85e-06 1.025e-05 9.25e-06 7.05e-06 9.3e-06 9.9e-06 1.075e-05 6.85e-06 8.75e-06 1.155e-05 1.235e-05 8.15e-06 8.3e-06 1.02e-05 1.05e-05 8.4e-06 8.4e-06 7.7e-06 7.9e-06 9.95e-06 6.95e-06 7.95e-06 1.24e-05 1.025e-05 7.05e-06 9.55e-06 8e-06 8.2e-06 8.35e-06 9.15e-06 1.05e-05 8.05e-06 9.8e-06 9.55e-06 9.35e-06 1.03e-05
39 1.05e-05 1.115e-05 9.5e-06 1.27e-05 1.145e-05 7.95e-06 9e-06 1.015e-05 9.95e-06 1.055e-05 8.9e-06 8.65e-06 7.4e-06 1.265e-05 8.65e-06 9.7e-06 1.005e-05 1.285e-05 1.03e-05 8.55e-06 1.07e-05 6.3e-06 1.055e-05 1.07e-05 1.165e-05 1.33e-05 5.95e-06 1.05e-05 8.2e-06 9.25e-06 1.04e-05 1.1e-05 1.135e-05 1.055e-05 7.65e-06 1.06e-05 7.55e-06 9e-06 1.035e-05 1.13e-05 9.25e-06 9.35e-06 1.28e-05 1.14e-05 1.025e-05 1.025e-05 1.055e-05 1.045e-05 9.35e-06 8.7e-06 9.55e-06 8.5e-06 8.95e-06 8.35e-06 1.18e-05 9.95e-06 1.295e-05 1.205e-05 1.03e-05 1.125e-05 1.14e-05 1.08e-05 7.6e-06 7.2e-06 1.16e-05 1.265e-05 1.18e-05 1.13e-05 8.85e-06 9.6e-06 7.95e-06 1.025e-05 9.15e-06 1.195e-05 8.2e-06 1.125e-05 1.165e-05 1.095e-05 9.55e-06 1.175e-05 1.14e-05 8.55e-06 1.065e-05 1.205e-05 8.85e-06 8.1e-06 7.55e-06 7.5e-06 7.35e-06 1.085e-05 1.115e-05 8e-06 1.055e-05 9.95e-06 1.2e-05 9.55e-06 1.035e-05 9.55e-06 1.12e-05 8.45e-06
40 7.3e-06 8.7e-06 5.35e-06 9.6e-06 7.9e-06 6.4e-06 1e-05 8.2e-06 6.85e-06 9.35e-06 5.65e-06 1.235e-05 7.6e-06 9.55e-06 7.9e-06 8.35e-06 7.9e-06 1.125e-05 7.6e-06 1.25e-05 9.1e-06 5.95e-06 7.9e-06 6.75e-06 1.015e-05 9.75e-06 9.55e-06 9.3e-06 1.065e-05 8.35e-06 7.7e-06 8.35e-06 1.09e-05 7.8e-06 5.85e-06 7.5e-06 9.2e-06 8.2e-06 8.95e-06 9.25e-06 1.02e-05 1.005e-05 1.08e-05 1.15e-05 8.85e-06 6.8e-06 9.35e-06 1.195e-05 9.25e-06 1.265e-05 6.2e-06 1.245e-05 1.155e-05 5.7e-06 1.37e-05 8.65e-06 8.8e-06 8.5e-06 8.85e-06 9.25e-06 1.175e-05 7.45e-06 9.6e-06 9.15e-06 1.17e-05 1.04e-05 1.02e-05 1.165e-05 8.05e-06 6.7e-06 9.65e-06 8.85e-06 5.25e-06 8.05e-06 9.55e-06 1.08e-05 1.045e-05 7.25e-06 5.4e-06 1.055e-05 1.095e-05 6.3e-06 9.45e-06 9.1e-06 8.85e-06 6.6e-06 1.2e-05 9.7e-06 5.35e-06 7.45e-06 8.85e-06 7.5e-06 8.1e-06 7e-06 8.85e-06 6.55e-06 7.65e-06 8.45e-06 1.035e-05 1.24e-05
41 1.105e-05 1.105e-05 9.9e-06 1.265e-05 1.245e-05 8.55e-06 1.25e-05 1.05e-05 1.085e-05 8.35e-06 9.15e-06 1.035e-05 7.2e-06 1.26e-05 7.4e-06 9.85e-06 8.55e-06 1.055e-05 1.05e-05 9.2e-06 8.8e-06 6.7e-06 1.075e-05 1.11e-05 1.325e-05 1.365e-05 9.4e-06 8.45e-06 1.125e-05 1.04e-05 1.06e-05 1.16e-05 9.55e-06 1.135e-05 8.35e-06 1.075e-05 1.11e-05 8.15e-06 8.3e-06 9.35e-06 1.005e-05 1.21e-05 1.145e-05 7.4e-06 8e-06 1.025e-05 8.35e-06 1.41e-05 9.3e-06 9.35e-06 1.04e-05 9.1e-06 1.03e-05 9.3e-06 9.6e-06 1.115e-05 1.315e-05 1.27e-05 8.2e-06 9.35e-06 6.35e-06 1.135e-05 1.135e-05 1.105e-05 7.65e-06 9.7e-06 9.55e-06 6.1e-06 8.6e-06 1.02e-05 1.14e-05 8e-06 9.85e-06 1.23e-05 1.135e-05 9.4e-06 7.7e-06 9.65e-06 9.95e-06 7.8e-06 9.4e-06 9e-06 8.45e-06 1.23e-05 6.65e-06 8.7e-06 1.16e-05 1.11e-05 8.15e-06 1.155e-05 9.1e-06 8.95e-06 9.45e-06 1.025e-05 1.255e-05 1.045e-05 1.055e-05 1.085e-05 8.75e-06 9.1e-06
42 9.4e-06 1.075e-05 9.55e-06 1.175e-05 1.185e-05 1.145e-05 1.285e-05 1.185e-05 1.245e-05 1.09e-05 9.7e-06 1.23e-05 1.215e-05 1.17e-05 1.07e-05 1.29e-05 1.15e-05 1.14e-05 1.115e-05 1.245e-05 1.14e-05 1.115e-05 1.14e-05 1.075e-05 1.105e-05 1.1e-05 1.3e-05 1.085e-05 1.26e-05 1.165e-05 1.125e-05 1.095e-05 1.075e-05 1.07e-05 1.15e-05 1.1e-05 1.34e-05 1.16e-05 1.11e-05 1.28e-05 1.08e-05 1.145e-05 1.58e-05 9.7e-06 1.1e-05 1.005e-05 1.09e-05 1.375e-05 1.23e-05 1.26e-05 1.245e-05 1.24e-05 1.235e-05 1.095e-05 1.14e-05 1.1e-05 1.07e-05 1.275e-05 1.1e-05 9.45e-06 9.95e-06 1.07e-05 1.365e-05 1.335e-05 9.9e-06 8.65e-06 9.5e-06 9.85e-06 1.275e-05 1.115e-05 1.37e-05 1.1e-05 1.06e-05 1.125e-05 1.255e-05 1.065e-05 8.8e-06 8.85e-06 9.6e-06 8.9e-06 1.08e-05 1.11e-05 1.1e-05 1.2e-05 1.055e-05 1.16e-05 1.31e-05 1.36e-05 1.13e-05 1.07e-05 1.05e-05 1.065e-05 1.095e-05 1.115e-05 1.235e-05 1.205e-05 1.12e-05 1.19e-05 1.085e-05 1.235e-05
