 slim_337515714 slim_337515379 slim_337515690 slim_337515642 slim_337515568 slim_337515688 slim_337515675 slim_337515712 slim_337515686 slim_337515605 slim_337515691 slim_337515470 slim_337515208 slim_337515658 slim_337515653 slim_337515717 slim_337515613 slim_337515618 slim_337515696 slim_337515578 slim_337515615 slim_337515258 slim_337515716 slim_337515720 slim_337515600 slim_337515643 slim_337515523 slim_337515616 slim_337515334 slim_337515659 slim_337515702 slim_337515521 slim_337515531 slim_337515270 slim_337515610 slim_337515721 slim_337515604 slim_337515511 slim_337515591 slim_337515670 slim_337515534 slim_337515715 slim_337515471 slim_337515692 slim_337515694 slim_337515623 slim_337515637 slim_337515342 slim_337515695 slim_337515646 slim_337515647 slim_337515701 slim_337515454 slim_337515682 slim_337515677 slim_337515709 slim_337515680 slim_337515698 slim_337515700 slim_337515719 slim_337515594 slim_337515640 slim_337515705 slim_337515685 slim_337515638 slim_337515437 slim_337515537 slim_337515584 slim_337515684 slim_337515590 slim_337515708 slim_337515713 slim_337515445 slim_337515654 slim_337515633 slim_337515706 slim_337515704 slim_337515295 slim_337515722 slim_337515667 slim_337515665 slim_337515662 slim_337515656 slim_337515544 slim_337515699 slim_337515556 slim_337515566 slim_337515644 slim_337515488 slim_337515671 slim_337515718 slim_337515655 slim_337515703 slim_337515581 slim_337515679 slim_337515596 slim_337515693 slim_337515697 slim_337515707 slim_337515585
0 0.0004429 0.00022425 0.000223 0.0002232 0.0002218 0.0002239 0.00030975 0.0002241 0.0002247 0.0002619 0.00022295 0.00022355 0.0002618 0.00030985 0.0002237 0.0002232 0.000225 0.0002673 0.000223 0.00022345 0.0002219 0.00026555 0.00026725 0.0003055 0.0002627 0.0002677 0.0002248 0.00026805 0.00026725 0.00022405 0.00026695 0.0002228 0.00026735 0.0002662 0.00022195 0.00022325 0.0002236 0.00022425 0.00025455 0.0002232 0.0002219 0.0002658 0.00022155 0.0002671 0.0002631 0.00022305 0.0002675 0.0002678 0.000267 0.00022435 0.00022275 0.00022515 0.000224 0.0002658 0.000223 0.00026765 0.00022215 0.0002228 0.00022445 0.0002245 0.0002225 0.00026215 0.00022445 0.0003057 0.0002232 0.0002244 0.0002669 0.0002242 0.0002672 0.0002224 0.0002243 0.00022255 0.0002242 0.0003097 0.00022315 0.000263 0.00026685 0.00030605 0.0002248 0.0003056 0.00022385 0.0002242 0.0002662 0.00022485 0.00026585 0.000267 0.0002242 0.0002249 0.00026585 0.00026725 0.00022345 0.00022275 0.0002231 0.00022195 0.00022265 0.00022305 0.0002243 0.000222 0.0002674 0.00022465
1 0.00022425 5.2e-06 0.0001403 0.000227 0.00022395 0.0001015 0.00040855 3.25e-06 7.295e-05 0.00031965 0.0002233 0.00022735 0.00031955 0.0003909 0.0001893 0.00025325 0.00018935 0.00021655 7.31e-05 0.0002243 0.00022395 0.0003481 0.0002783 0.00040585 0.0002929 0.00023205 0.00023575 0.00023255 0.00019715 0.0002003 0.0002956 0.0001485 0.0002848 0.00023185 0.000224 0.00027075 0.00024475 2.23e-05 0.0003164 0.0001542 0.00030575 0.0003863 0.00014295 0.00029575 0.00023855 0.00027055 0.0001621 0.00021425 0.00029565 0.00011925 0.0002529 0.00011735 7.26e-05 0.000366 0.00014235 0.00026715 0.0001424 0.0001485 0.00017175 0.0001017 0.0001488 0.0001741 0.00021805 0.0003533 9.41e-05 0.000218 0.0002677 0.00012315 0.0003133 0.00014265 0.00011955 0.00023015 3.1e-05 0.00040895 0.0001894 0.00012545 0.00031325 0.0002629 0.0001892 0.0003532 0.00022475 0.0002179 0.0003517 0.0001435 0.00028475 0.00026065 0.00015405 0.00017185 0.00028425 0.00031325 0.0001284 0.0001716 7.27e-05 0.0003058 0.0002666 0.0002532 0.000218 0.00022405 0.0002784 0.00016355
2 0.000223 0.0001403 0.0001986 0.00021515 0.00022325 0.00013765 0.0003102 0.00014065 0.0001214 0.0003263 0.00022405 0.0002155 0.0003262 0.0003278 0.0001009 0.0002414 0.00010095 0.00016225 0.00012025 0.00022425 0.00022325 0.00033705 0.00014365 0.0003252 0.0002467 0.0001447 0.0001011 0.0001452 0.0002345 0.0001356 0.0002317 0.00014205 0.00019775 0.00014385 0.0002233 0.0002236 0.0001978 0.0001403 0.0002193 0.0002434 0.00034675 0.00033725 9.935e-05 0.00023185 0.00024885 0.0002234 0.000164 0.00016245 0.00023175 0.0001203 0.00024105 0.00012095 0.00012085 0.0003197 0.0001005 0.00021505 0.0001 0.00014205 0.0001185 0.00013805 0.0001418 0.0001589 0.00011825 0.00027265 0.0001202 0.00011845 0.0002145 0.00016205 0.0002141 0.00010025 0.00012085 0.0002654 0.00014065 0.00031005 9.98e-05 0.00017865 0.0002141 0.0002026 0.000101 0.00027255 0.0002247 0.0001179 0.0002674 0.00010185 0.00019625 0.0001615 0.0001361 0.00011895 0.00019625 0.00021425 0.0002179 0.0001175 0.00012 0.0003468 0.00026535 0.00024135 0.000118 0.00022335 0.00014415 0.00011985
3 0.0002232 0.000227 0.00021515 0.0002602 0.00022305 0.00017835 0.0002905 0.0002278 0.0002453 0.00017325 0.0002227 0.0001307 0.0001732 0.0002722 0.0002169 0.0001571 0.00021475 0.00023935 0.00024575 0.0002228 0.00022305 0.0002274 0.0002116 0.00026265 0.0001736 0.00025965 0.00016825 0.0002603 0.00025015 0.0001305 0.00020125 0.00026905 0.0002865 0.00026005 0.0002231 0.000175 0.0001483 0.00022715 0.0001825 0.0002048 0.00018305 0.0002275 0.00026355 0.0002016 0.0001985 0.0001748 0.0002418 0.0002413 0.0002013 0.00019715 0.00015675 0.00022165 0.00024545 0.00024595 0.0002633 0.0002678 0.0002633 0.00026905 0.0001968 0.00017885 0.0002692 0.00024985 0.0001486 0.00023655 0.0002451 0.00015035 0.00026645 0.0002277 0.00021955 0.00026355 0.0001989 0.0002289 0.00022725 0.00028935 0.0002153 0.00021975 0.00021955 0.0002461 0.00021465 0.00023645 0.0002234 0.0001485 0.00022 0.000263 0.00028635 0.0001934 0.0001787 0.0001969 0.000286 0.00021935 0.00017895 0.0001969 0.000245 0.0001831 0.00022905 0.00015705 0.0001488 0.00022315 0.0002116 0.00017355
4 0.0002218 0.00022395 0.00022325 0.00022305 0.0004426 0.00022375 0.0003096 0.00022405 0.0002244 0.00026175 0.00022265 0.0002234 0.00026165 0.0003097 0.00022335 0.00022305 0.00022485 0.00026715 0.00022315 0.0002233 0.0002215 0.0002654 0.0002671 0.00030535 0.00026255 0.00026755 0.00022465 0.0002679 0.00026695 0.0002239 0.0002668 0.0002224 0.00026705 0.00026585 0.00022155 0.0002231 0.00022345 0.00022395 0.0002544 0.00022305 0.00022175 0.00026565 0.00022225 0.00026695 0.00026295 0.0002229 0.00026735 0.00026765 0.00026685 0.00022405 0.0002226 0.000225 0.0002238 0.00026565 0.00022265 0.0002675 0.00022155 0.0002224 0.0002243 0.00022435 0.00022285 0.00026235 0.0002243 0.00030555 0.00022275 0.00022425 0.00026675 0.0002241 0.00026705 0.00022185 0.0002244 0.00022245 0.0002239 0.00030955 0.0002234 0.0002627 0.0002667 0.0003059 0.00022465 0.00030545 0.0002237 0.00022405 0.00026605 0.0002247 0.00026605 0.00026685 0.00022405 0.00022475 0.00026545 0.0002671 0.00022315 0.00022305 0.0002227 0.0002218 0.00022255 0.0002229 0.00022415 0.00022155 0.00026725 0.0002245
5 0.0002239 0.0001015 0.00013765 0.00017835 0.00022375 0.0001995 0.0003122 0.00010305 0.0001203 0.00028915 0.00022365 0.0001789 0.00028905 0.00029405 0.00013875 0.0002048 0.00013725 0.0001634 0.00012125 0.0002234 0.00022375 0.0003012 0.00018045 0.0003259 0.0002109 0.00018145 0.0001371 0.0001819 0.00019865 0.00010015 0.000197 0.00014455 0.00023545 0.0001819 0.0002238 0.00022265 0.0001965 0.00010165 0.0002198 0.0002045 0.0003088 0.00030125 0.0001392 0.00019735 0.0002114 0.00022245 0.0001627 0.00016305 0.00019705 0.0001196 0.00020445 0.0001198 0.00012075 0.0003196 0.00013875 0.00021625 0.0001389 0.00014455 0.00011945 0.0001005 0.0001447 0.00016035 0.0001182 0.0002731 0.0001204 0.00011925 0.00021585 0.0001258 0.00021525 0.0001391 0.00012055 0.00022945 0.00010245 0.00031175 0.0001379 0.0001412 0.00021515 0.00020285 0.00013715 0.000273 0.0002238 0.0001181 0.0002669 0.0001385 0.00023495 0.0001623 0.0001014 0.00011945 0.0002346 0.00021505 0.00018005 0.00011955 0.0001194 0.00030885 0.00022955 0.00020475 0.0001184 0.00022385 0.00018045 0.00011875
6 0.00030975 0.00040855 0.0003102 0.0002905 0.0003096 0.0003122 3.83e-05 0.00040845 0.0003575 0.00036145 0.0003102 0.00029085 0.00036135 1.935e-05 0.00026015 0.00026515 0.00026245 0.0002165 0.0003573 0.0003107 0.0003096 0.00016635 0.0001724 0.0001885 0.00028705 0.0002179 0.00021555 0.00021835 0.0002141 0.00021615 0.0001178 0.00028215 0.0001626 0.00021695 0.00030965 0.0002654 0.00029105 0.00038925 0.0002643 0.00036135 0.0003137 0.00012835 0.000306 0.00011795 0.00034075 0.0002652 0.0002687 0.0002183 0.00011785 0.0003126 0.0002648 0.00031575 0.00035775 0.0001664 0.0003065 0.00016375 0.00030575 0.00028215 0.00026175 0.0003128 0.0002823 0.00033485 0.0002166 0.00024295 0.00033665 0.0002151 0.00016505 0.0002911 0.00011825 0.000306 0.00031125 0.0002861 0.0003806 2.145e-05 0.0002616 0.00036555 0.0001176 0.00024555 0.0002623 0.00024285 0.0003111 0.0002165 0.00018295 0.0003072 0.0001627 0.000172 0.0002613 0.0002622 0.00016235 0.00011825 0.00038675 0.00026105 0.00035715 0.00031375 0.0002497 0.0002651 0.0002166 0.0003097 0.00017255 0.0002702
7 0.0002241 3.25e-06 0.00014065 0.0002278 0.00022405 0.00010305 0.00040845 2e-06 7.35e-05 0.00032005 0.0002225 0.00022815 0.00031995 0.0003908 0.00018995 0.00025395 0.0001905 0.00021715 7.185e-05 0.00022495 0.00022405 0.00034815 0.0002792 0.000406 0.0002937 0.0002329 0.000237 0.00023335 0.00019625 0.0002015 0.00029615 0.0001486 0.00028395 0.00023215 0.0002241 0.00027135 0.00024555 2.265e-05 0.0003172 0.00015565 0.00030595 0.00038635 0.00014245 0.0002963 0.0002395 0.00027115 0.00016375 0.00021505 0.0002962 0.00011885 0.0002536 0.00011865 7.16e-05 0.00036605 0.00014235 0.0002676 0.0001424 0.0001486 0.0001728 0.00010365 0.00014865 0.0001741 0.00021925 0.0003538 9.445e-05 0.00021925 0.00026815 0.000124 0.00031375 0.00014265 0.0001191 0.00023035 3.025e-05 0.00040885 0.00018965 0.00012525 0.0003138 0.0002634 0.00019025 0.0003537 0.00022535 0.000219 0.0003521 0.00014455 0.0002845 0.00026155 0.0001552 0.000173 0.0002842 0.0003138 0.0001279 0.00017195 7.365e-05 0.000306 0.0002668 0.0002539 0.0002191 0.00022415 0.0002793 0.0001649
8 0.0002247 7.295e-05 0.0001214 0.0002453 0.0002244 0.0001203 0.0003575 7.35e-05 0.0001455 0.00035225 0.0002244 0.00024565 0.00035215 0.00035785 0.00012065 0.00027155 0.00012185 0.00016575 7.415e-05 0.00022505 0.0002244 0.00036615 0.0002101 0.00036935 0.00027465 0.0001637 0.0001675 0.00016435 0.00021555 0.00016775 0.0002628 9.82e-05 0.000215 0.0001632 0.00022445 0.00027165 0.00024575 7.325e-05 0.00026645 0.00022385 0.0003749 0.0003662 7.47e-05 0.00026295 0.00025095 0.00027145 0.00016265 0.0001642 0.00026285 0.00012075 0.0002712 9.79e-05 7.41e-05 0.00036605 7.455e-05 0.00021695 7.415e-05 9.82e-05 0.0001217 0.0001205 9.85e-05 0.0001486 0.00016805 0.0003168 7.435e-05 0.0001672 0.00021725 0.00012135 0.0002631 7.44e-05 0.0001201 0.00024855 7.37e-05 0.00035815 0.0001216 0.00015865 0.00026245 0.000237 0.0001217 0.0003167 0.00022565 0.00016795 0.0003136 7.55e-05 0.0002161 0.00020985 0.0001214 0.00012175 0.0002156 0.00026315 0.00019825 0.0001212 7.365e-05 0.00037495 0.00024865 0.0002715 0.00016805 0.0002245 0.0002103 0.00014425
9 0.0002619 0.00031965 0.0003263 0.00017325 0.00026175 0.00028915 0.00036145 0.00032005 0.00035225 0.0001749 0.00026155 0.00017365 8.745e-05 0.00034395 0.00033975 0.00019995 0.0003388 0.0003651 0.000352 0.0002619 0.00026175 0.00024185 0.00033735 0.0002333 0.00017345 0.0003824 0.0002949 0.0003828 0.00033215 0.00025925 0.0003016 0.00039005 0.000382 0.0003824 0.0002618 0.00021705 0.0001907 0.0003198 0.0002055 0.0002299 0.0001402 0.0002439 0.0003838 0.00030175 0.00018075 0.00021685 0.00035055 0.00036475 0.00030165 0.0003068 0.0001996 0.00032885 0.0003515 0.0002596 0.00038335 0.00036395 0.00038355 0.00039005 0.00032145 0.00028965 0.0003902 0.0003193 0.0002768 0.00023435 0.00035145 0.00027735 0.0003635 0.00033525 0.0003189 0.0003838 0.00030775 0.00026835 0.00031975 0.00036115 0.0003389 0.0002746 0.0003191 0.00031765 0.00033865 0.00023425 0.00026225 0.00027645 0.00026275 0.00038385 0.00038155 0.0003201 0.00030415 0.0003217 0.0003812 0.00031895 0.00020375 0.0003215 0.00035145 0.00014025 0.0002687 0.0001999 0.00027655 0.00026185 0.00033755 0.00028375
10 0.00022295 0.0002233 0.00022405 0.0002227 0.00022265 0.00022365 0.0003102 0.0002225 0.0002244 0.00026155 0.0004421 0.00022305 0.00026145 0.00030975 0.00022525 0.0002227 0.0002239 0.0002676 0.00022355 0.0002229 0.00022275 0.0002653 0.000267 0.00030585 0.00026225 0.00026785 0.0002247 0.00026825 0.0002663 0.00022345 0.0002666 0.00022395 0.0002675 0.00026775 0.0002228 0.0002223 0.0002227 0.00022345 0.0002539 0.00022305 0.0002215 0.0002655 0.0002248 0.00026675 0.00026275 0.0002221 0.00026805 0.00026715 0.00026665 0.0002225 0.00022225 0.0002246 0.0002227 0.0002661 0.00022385 0.0002673 0.00022425 0.00022395 0.0002239 0.00022425 0.00022425 0.00026345 0.00022355 0.00030605 0.00022405 0.0002246 0.00026735 0.0002241 0.0002664 0.0002245 0.0002243 0.00022245 0.0002228 0.0003099 0.000224 0.00026175 0.00026705 0.0003063 0.0002237 0.00030595 0.00022335 0.00022315 0.00026645 0.00022525 0.0002679 0.0002672 0.0002241 0.00022425 0.0002674 0.0002665 0.00022225 0.0002241 0.0002242 0.00022155 0.0002227 0.00022255 0.00022325 0.00022285 0.0002672 0.0002237
11 0.00022355 0.00022735 0.0002155 0.0001307 0.0002234 0.0001789 0.00029085 0.00022815 0.00024565 0.00017365 0.00022305 0.0002609 0.00017355 0.00027255 0.00021725 0.0001569 0.0002151 0.00023955 0.0002461 0.00022315 0.0002234 0.00022775 0.00021195 0.000263 0.00017375 0.00026 0.00016845 0.00026065 0.0002505 0.00013085 0.0002018 0.00026925 0.00028685 0.0002604 0.00022345 0.00017535 0.00014855 0.0002275 0.00018265 0.00020515 0.0001834 0.00022785 0.0002639 0.00020175 0.00019885 0.00017515 0.00024215 0.00024155 0.00020185 0.0001975 0.0001569 0.000222 0.0002458 0.0002463 0.00026365 0.00026815 0.00026365 0.00026925 0.00019715 0.00017865 0.0002694 0.0002502 0.0001486 0.0002369 0.00024545 0.0001505 0.00026655 0.0002279 0.0002199 0.0002639 0.00019925 0.0002291 0.0002276 0.00028945 0.00021565 0.0002201 0.0002201 0.00024645 0.000215 0.0002368 0.00022375 0.00014905 0.00022035 0.00026335 0.0002867 0.00019395 0.00017885 0.0001967 0.00028635 0.00021955 0.00017935 0.00019745 0.00024535 0.00018345 0.00022925 0.00015685 0.00014895 0.0002235 0.0002118 0.0001739
12 0.0002618 0.00031955 0.0003262 0.0001732 0.00026165 0.00028905 0.00036135 0.00031995 0.00035215 8.745e-05 0.00026145 0.00017355 0.0001747 0.00034385 0.00033965 0.00019985 0.0003387 0.000365 0.0003519 0.0002618 0.00026165 0.00024175 0.00033725 0.0002332 0.00017335 0.0003823 0.0002948 0.0003827 0.00033205 0.00025915 0.0003015 0.00038995 0.0003819 0.0003823 0.0002617 0.00021695 0.00019065 0.0003197 0.0002054 0.0002298 0.0001401 0.0002438 0.0003837 0.00030165 0.00018065 0.00021675 0.00035045 0.00036465 0.00030155 0.0003067 0.0001995 0.00032875 0.0003514 0.0002595 0.00038325 0.00036385 0.00038345 0.00038995 0.00032135 0.00028955 0.0003901 0.0003192 0.0002767 0.00023425 0.00035135 0.00027725 0.0003634 0.00033515 0.0003188 0.0003837 0.00030765 0.00026825 0.00031965 0.00036105 0.0003388 0.0002745 0.000319 0.00031755 0.00033855 0.00023415 0.00026215 0.00027635 0.00026265 0.00038375 0.00038145 0.00032 0.00030405 0.0003216 0.0003811 0.00031885 0.0002037 0.0003214 0.00035135 0.00014015 0.0002686 0.0001998 0.00027645 0.00026175 0.00033745 0.00028365
13 0.00030985 0.0003909 0.0003278 0.0002722 0.0003097 0.00029405 1.935e-05 0.0003908 0.00035785 0.00034395 0.00030975 0.00027255 0.00034385 6e-07 0.0002788 0.00024685 0.0002793 0.00021675 0.00035755 0.00031015 0.0003097 0.0001479 0.0001904 0.0001896 0.0002692 0.0002359 0.0002333 0.00023645 0.0001958 0.0001975 9.885e-05 0.000282 0.0001814 0.0002356 0.00030975 0.00026485 0.00029035 0.00037175 0.0002635 0.00034355 0.00029575 0.0001098 0.00032415 9.915e-05 0.00032335 0.00026465 0.00026945 0.00021755 9.905e-05 0.0003122 0.0002465 0.0003153 0.00035745 0.00016705 0.0003241 0.00016285 0.0003239 0.000282 0.00026075 0.00029465 0.00028215 0.0003354 0.00021545 0.000244 0.00033685 0.00021535 0.00016505 0.000273 0.00011705 0.00032415 0.000312 0.0002679 0.0003631 2.175e-05 0.0002791 0.0003482 0.0001179 0.0002466 0.00027915 0.0002439 0.00031065 0.0002156 0.0001834 0.00032495 0.0001814 0.00017225 0.00024255 0.0002613 0.00018105 0.0001169 0.00036895 0.0002608 0.0003574 0.0002958 0.00023165 0.0002468 0.0002157 0.0003098 0.0001904 0.00026975
14 0.0002237 0.0001893 0.0001009 0.0002169 0.00022335 0.00013875 0.00026015 0.00018995 0.00012065 0.00033975 0.00022525 0.00021725 0.00033965 0.0002788 9.9e-05 0.00024315 5.41e-05 0.00011305 0.0001202 0.0002255 0.00022335 0.00033775 9.505e-05 0.0002879 0.0002115 9.505e-05 5.2e-05 9.545e-05 0.00023445 8.87e-05 0.00018375 9.29e-05 0.0001469 9.29e-05 0.0002234 0.0002257 0.00019985 0.00016985 0.0001717 0.00029315 0.00039715 0.00029995 5.045e-05 0.0001839 0.00024145 0.0002255 0.00016285 0.0001139 0.0001838 0.00012185 0.0002428 0.00010135 0.00012145 0.00031935 5.155e-05 0.0001665 4.965e-05 9.29e-05 7.115e-05 0.00013915 9.325e-05 0.0001329 7.165e-05 0.0002352 9.925e-05 6.91e-05 0.00016605 0.00014235 0.0001665 4.975e-05 0.00011975 0.00026655 0.00016185 0.00026105 5.24e-05 0.00019145 0.0001651 0.00017545 5.395e-05 0.0002351 0.00022585 7.135e-05 0.0002289 5.29e-05 0.00014615 0.00011235 8.84e-05 7.155e-05 0.0001456 0.0001666 0.00026755 6.955e-05 0.00011945 0.0003972 0.00023 0.0002431 7.145e-05 0.00022345 9.53e-05 0.0001013
15 0.0002232 0.00025325 0.0002414 0.0001571 0.00022305 0.0002048 0.00026515 0.00025395 0.00027155 0.00019995 0.0002227 0.0001569 0.00019985 0.00024685 0.00024315 0.0003129 0.0002411 0.00026555 0.0002719 0.0002229 0.0002229 0.00020165 0.00023805 0.00026305 0.00019965 0.0002861 0.00019445 0.00028665 0.00025055 0.00015685 0.00020195 0.00027115 0.0002869 0.0002864 0.0002231 0.0001751 0.00017495 0.0002534 0.00020855 0.00020475 0.00015675 0.00020175 0.0002897 0.0002019 0.00022475 0.0001749 0.00026825 0.00026755 0.000202 0.0002234 0.00015665 0.000248 0.0002716 0.0002202 0.00028945 0.0002682 0.00028945 0.00027115 0.00022315 0.00020465 0.0002713 0.000276 0.0001746 0.0002629 0.00027125 0.0001765 0.0002666 0.0002299 0.00022005 0.0002897 0.00022515 0.00020485 0.0002534 0.00026375 0.00024155 0.000246 0.00022025 0.00027245 0.000241 0.0002628 0.0002234 0.00017505 0.0002202 0.00028925 0.00028675 0.00022005 0.00020485 0.0002227 0.0002864 0.0002197 0.00020565 0.00022335 0.00027115 0.00015695 0.000205 0.0001566 0.00017495 0.00022315 0.0002379 0.0001999
16 0.000225 0.00018935 0.00010095 0.00021475 0.00022485 0.00013725 0.00026245 0.0001905 0.00012185 0.0003388 0.0002239 0.0002151 0.0003387 0.0002793 5.41e-05 0.0002411 9.88e-05 0.0001138 0.00012255 0.0002225 0.00022485 0.0003373 9.46e-05 0.0002898 0.00021 9.47e-05 5.205e-05 9.635e-05 0.00023505 8.6e-05 0.00018265 9.5e-05 0.00015045 9.71e-05 0.0002249 0.00022285 0.0001971 0.0001702 0.0001698 0.00029215 0.00039575 0.0002993 5.445e-05 0.0001828 0.00024055 0.00022265 0.0001644 0.00011265 0.0001827 0.0001199 0.00024075 9.84e-05 0.0001211 0.0003207 5.305e-05 0.0001658 5.42e-05 9.5e-05 6.785e-05 0.0001375 9.515e-05 0.0001352 6.83e-05 0.0002369 0.0001011 6.975e-05 0.0001663 0.0001415 0.0001646 5.445e-05 0.000122 0.00026575 0.0001623 0.00026215 5.225e-05 0.00019115 0.0001658 0.0001776 4.96e-05 0.0002368 0.0002242 6.785e-05 0.00022985 5.19e-05 0.0001502 0.00011285 8.59e-05 6.8e-05 0.00014985 0.0001649 0.0002671 7.02e-05 0.0001215 0.0003958 0.0002295 0.00024105 6.795e-05 0.00022495 9.52e-05 9.825e-05
17 0.0002673 0.00021655 0.00016225 0.00023935 0.00026715 0.0001634 0.0002165 0.00021715 0.00016575 0.0003651 0.0002676 0.00023955 0.000365 0.00021675 0.00011305 0.00026555 0.0001138 0.0002183 0.00016615 0.00026755 0.00026715 0.00031805 0.00011065 0.0002894 0.0002367 0.0001124 0.0001114 0.00011225 0.0002171 0.000111 0.00016395 0.0001387 0.0001658 0.0001121 0.0002672 0.000266 0.0002398 0.00019725 0.00021395 0.00031805 0.0004198 0.0002801 0.000115 0.00016395 0.0002694 0.0002658 0.00016305 0.0001119 0.000164 0.0001645 0.0002652 0.0001459 0.00016645 0.00031805 0.00011535 0.00016565 0.0001147 0.0001387 0.00011335 0.0001638 0.00013885 0.0001767 0.00011135 0.00023595 0.00014475 0.0001109 0.0001654 0.0001695 0.00016445 0.0001149 0.00016405 0.0002912 0.00018855 0.00021675 0.00011365 0.00021805 0.0001637 0.00017355 0.00011365 0.00023585 0.00026735 0.00011155 0.0002267 0.00011465 0.0001658 0.0001102 0.0001127 0.00011335 0.00016545 0.0001643 0.00029245 0.00011305 0.00016535 0.00041985 0.0002548 0.0002655 0.0001115 0.00026725 0.00011065 0.0001441
18 0.000223 7.31e-05 0.00012025 0.00024575 0.00022315 0.00012125 0.0003573 7.185e-05 7.415e-05 0.000352 0.00022355 0.0002461 0.0003519 0.00035755 0.0001202 0.0002719 0.00012255 0.00016615 0.0001431 0.00022515 0.00022315 0.00036585 0.00021085 0.0003691 0.00027495 0.00016425 0.0001687 0.00016465 0.00021505 0.00016875 0.00026315 9.665e-05 0.0002155 0.0001624 0.0002232 0.00027185 0.0002461 7.305e-05 0.0002668 0.00022455 0.0003746 0.00036605 7.165e-05 0.0002633 0.0002511 0.00027165 0.0001638 0.00016455 0.0002632 0.0001203 0.00027155 9.85e-05 7.26e-05 0.00036585 7.285e-05 0.0002168 7.195e-05 9.665e-05 0.0001221 0.00012185 9.65e-05 0.00014735 0.0001691 0.0003169 7.32e-05 0.00016835 0.000217 0.00012125 0.0002633 7.22e-05 0.00012 0.00024795 7.28e-05 0.00035795 0.00012045 0.00015815 0.0002629 0.0002375 0.0001223 0.0003168 0.0002255 0.0001688 0.0003139 7.565e-05 0.0002146 0.00021065 0.00012195 0.0001225 0.00021445 0.0002634 0.0001975 0.00012015 7.3e-05 0.00037465 0.0002479 0.00027185 0.0001689 0.00022325 0.000211 0.00014505
19 0.00022345 0.0002243 0.00022425 0.0002228 0.0002233 0.0002234 0.0003107 0.00022495 0.00022505 0.0002619 0.0002229 0.00022315 0.0002618 0.00031015 0.0002255 0.0002229 0.0002225 0.00026755 0.00022515 0.0004433 0.0002234 0.0002658 0.00026705 0.0003063 0.0002623 0.00026645 0.00022445 0.00026795 0.0002677 0.00022325 0.0002667 0.00022445 0.00026875 0.00026805 0.00022345 0.0002226 0.000223 0.00022445 0.00025395 0.00022305 0.0002221 0.0002659 0.0002252 0.00026685 0.00026265 0.0002224 0.0002677 0.00026685 0.00026675 0.000224 0.00022245 0.000223 0.00022425 0.0002667 0.00022435 0.00026725 0.00022495 0.00022445 0.0002228 0.00022385 0.0002246 0.00026375 0.0002233 0.00030615 0.00022435 0.0002244 0.0002674 0.000224 0.0002666 0.0002252 0.00022525 0.0002229 0.0002245 0.0003105 0.0002242 0.0002629 0.00026725 0.00030635 0.00022235 0.00030605 0.0002234 0.00022305 0.0002666 0.00022365 0.0002684 0.00026705 0.0002229 0.0002228 0.00026805 0.0002668 0.00022375 0.0002242 0.0002244 0.00022215 0.00022315 0.00022275 0.00022315 0.0002235 0.00026725 0.00022355
20 0.0002219 0.00022395 0.00022325 0.00022305 0.0002215 0.00022375 0.0003096 0.00022405 0.0002244 0.00026175 0.00022275 0.0002234 0.00026165 0.0003097 0.00022335 0.0002229 0.00022485 0.00026715 0.00022315 0.0002234 0.0004426 0.0002655 0.0002671 0.00030535 0.00026255 0.00026755 0.00022465 0.0002679 0.00026695 0.0002239 0.0002668 0.00022245 0.00026705 0.00026585 0.00022155 0.0002231 0.00022345 0.00022395 0.0002544 0.0002229 0.0002216 0.00026575 0.00022225 0.00026695 0.00026295 0.0002229 0.00026735 0.00026765 0.00026685 0.00022405 0.0002227 0.000225 0.0002238 0.00026565 0.0002227 0.0002675 0.00022155 0.00022245 0.0002243 0.00022435 0.00022285 0.00026235 0.0002243 0.00030555 0.0002228 0.00022425 0.00026675 0.0002241 0.00026705 0.00022185 0.0002244 0.00022255 0.0002239 0.00030955 0.0002234 0.0002627 0.0002667 0.0003059 0.00022465 0.00030545 0.0002237 0.00022405 0.00026615 0.0002247 0.00026605 0.00026685 0.00022405 0.00022475 0.00026545 0.0002671 0.00022315 0.00022305 0.0002227 0.0002218 0.00022255 0.000223 0.00022415 0.0002216 0.00026725 0.0002245
21 0.00026555 0.0003481 0.00033705 0.0002274 0.0002654 0.0003012 0.00016635 0.00034815 0.00036615 0.00024185 0.0002653 0.00022775 0.00024175 0.0001479 0.00033775 0.00020165 0.0003373 0.00031805 0.00036585 0.0002658 0.0002655 0.0002953 0.00029115 0.00023415 0.00026915 0.0003378 0.0002912 0.00033825 0.00024815 0.00025475 0.0002013 0.00034135 0.0002844 0.00033755 0.00026555 0.00021945 0.0002454 0.00034825 0.00027805 0.00024825 0.0001481 0.0001478 0.0003834 0.00020145 0.00029335 0.00021925 0.0003203 0.0003195 0.00020135 0.0003193 0.0002012 0.00034355 0.0003657 0.00016645 0.0003833 0.00026605 0.00038315 0.00034135 0.0003191 0.0003018 0.0003415 0.0003696 0.00027265 0.00028765 0.0003655 0.0002733 0.00026645 0.0003014 0.0002193 0.0003834 0.00032 0.0002237 0.0003479 0.000167 0.00033715 0.0003413 0.00021975 0.0003235 0.00033715 0.00028755 0.0002663 0.00027265 0.00022 0.0003839 0.00028425 0.0002732 0.0003011 0.0003195 0.0002839 0.0002192 0.0002742 0.00031905 0.00036555 0.00014815 0.00022395 0.0002015 0.00027275 0.0002656 0.0002912 0.00029685
22 0.00026725 0.0002783 0.00014365 0.0002116 0.0002671 0.00018045 0.0001724 0.0002792 0.0002101 0.00033735 0.000267 0.00021195 0.00033725 0.0001904 9.505e-05 0.00023805 9.46e-05 0.00011065 0.00021085 0.00026705 0.0002671 0.00029115 9.42e-05 0.00024455 0.000209 9.45e-05 4.805e-05 9.515e-05 0.00023495 8.33e-05 0.00013685 0.0001839 0.0001485 9.47e-05 0.00026715 0.00022015 0.00019415 0.000259 0.000169 0.00033505 0.00039235 0.0002533 0.00014235 0.000137 0.00026295 0.00021995 0.00016275 0.00011265 0.0001369 0.0001631 0.0002377 0.0001666 0.0002107 0.0002734 0.00014225 0.0001664 0.0001421 0.0001839 0.0001124 0.00018075 0.00018405 0.0001879 6.595e-05 0.0001909 0.00018965 6.54e-05 0.0001661 0.0002085 0.00011915 0.00014235 0.00016335 0.000309 0.0002508 0.00017265 9.52e-05 0.0002344 0.00011885 0.0001401 9.475e-05 0.0001908 0.00026755 6.55e-05 0.00018205 0.00014175 0.00014855 6.515e-05 0.0001301 0.0001128 0.0001482 0.0001193 0.00030965 0.0001128 0.00021 0.0003924 0.0002726 0.000238 6.56e-05 0.0002672 4.77e-05 0.00011915
23 0.0003055 0.00040585 0.0003252 0.00026265 0.00030535 0.0003259 0.0001885 0.000406 0.00036935 0.0002333 0.00030585 0.000263 0.0002332 0.0001896 0.0002879 0.00026305 0.0002898 0.0002894 0.0003691 0.0003063 0.00030535 0.00023415 0.00024455 0.000375 0.0002171 0.00028845 0.0002451 0.00028875 0.00029795 0.0002465 0.00021805 0.0003326 0.0002601 0.00028765 0.0003054 0.0002626 0.00026265 0.00038655 0.0002175 0.0003426 0.00027915 0.00019815 0.00033205 0.0002182 0.0002539 0.0002624 0.0003249 0.0002894 0.0002181 0.00032585 0.0002627 0.0003269 0.0003692 0.0002333 0.0003322 0.0002616 0.0003318 0.0003326 0.00029 0.0003265 0.00033275 0.0003102 0.0002466 0.0002155 0.00034825 0.000245 0.000262 0.0003268 0.0002178 0.00033205 0.00032475 0.00030625 0.0003781 0.00018975 0.0002891 0.0003246 0.00021695 0.00026555 0.00028965 0.0002154 0.00030655 0.00024615 0.0002253 0.0003329 0.0002599 0.00024485 0.00029025 0.00029025 0.00025955 0.00021795 0.0003425 0.00028925 0.0003687 0.0002792 0.00027005 0.000263 0.00024625 0.00030545 0.00024485 0.00028295
24 0.0002627 0.0002929 0.0002467 0.0001736 0.00026255 0.0002109 0.00028705 0.0002937 0.00027465 0.00017345 0.00026225 0.00017375 0.00017335 0.0002692 0.0002115 0.00019965 0.00021 0.0002367 0.00027495 0.0002623 0.00026255 0.00026915 0.000209 0.0002171 0.0002582 0.0002543 0.00016565 0.0002548 0.0002816 0.0001294 0.00019945 0.00026185 0.00028095 0.0002547 0.0002626 0.00021725 0.00019105 0.00027375 0.00014665 0.000281 0.00026955 0.000233 0.00025605 0.0001993 0.00016745 0.00021705 0.00027315 0.00023625 0.0001995 0.0002291 0.0001992 0.00023045 0.00027435 0.00028725 0.0002555 0.0002624 0.0002558 0.00026185 0.0001926 0.0002111 0.000262 0.0002167 0.00014685 0.00019125 0.00025375 0.0001479 0.00026175 0.0002368 0.00021705 0.00025605 0.0002302 0.0002687 0.00026565 0.0002864 0.00021055 0.0002115 0.0002173 0.0002151 0.0002099 0.00019125 0.00026275 0.0001472 0.0002254 0.00025555 0.00028065 0.0001915 0.0001747 0.00019245 0.0002803 0.0002168 0.0002557 0.00019285 0.0002741 0.0002696 0.00023265 0.0001996 0.000147 0.00026265 0.00020895 0.0001851
25 0.0002677 0.00023205 0.0001447 0.00025965 0.00026755 0.00018145 0.0002179 0.0002329 0.0001637 0.0003824 0.00026785 0.00026 0.0003823 0.0002359 9.505e-05 0.0002861 9.47e-05 0.0001124 0.00016425 0.00026645 0.00026755 0.0003378 9.45e-05 0.00028845 0.0002543 0.0001852 9.56e-05 9.445e-05 0.00023455 0.0001316 0.00018375 0.0001369 0.00014795 9.4e-05 0.0002676 0.00026825 0.0002424 0.00021275 0.0002143 0.00033585 0.00044015 0.00029985 9.545e-05 0.0001839 0.00028415 0.00026805 0.0001624 0.00011205 0.0001838 0.0001646 0.00028575 0.0001421 0.00016395 0.00032005 9.52e-05 0.0001657 9.52e-05 0.0001369 0.0001124 0.0001818 0.00013705 0.0001762 0.0001142 0.0002348 0.0001429 0.000113 0.00016655 0.000185 0.0001661 9.545e-05 0.00016365 0.00030935 0.0002046 0.00021905 9.595e-05 0.00023445 0.00016575 0.0001746 9.44e-05 0.0002347 0.000268 0.00011385 0.0002286 9.4e-05 0.00014785 0.00011205 0.00013005 0.0001124 0.0001475 0.0001664 0.0003104 0.0001135 0.0001634 0.0004402 0.00027295 0.00028605 0.00011395 0.00026765 9.48e-05 0.00014385
26 0.0002248 0.00023575 0.0001011 0.00016825 0.00022465 0.0001371 0.00021555 0.000237 0.0001675 0.0002949 0.0002247 0.00016845 0.0002948 0.0002333 5.2e-05 0.00019445 5.205e-05 0.0001114 0.0001687 0.00022445 0.00022465 0.0002912 4.805e-05 0.0002451 0.00016565 9.56e-05 7.2e-06 9.635e-05 0.0002353 3.905e-05 0.00013625 0.0001415 0.00014905 9.595e-05 0.0002247 0.0001772 0.00015075 0.00021645 0.00012565 0.0002922 0.00034955 0.00025325 0.00010025 0.00013625 0.00022015 0.000177 0.0001635 0.0001135 0.0001363 0.00012065 0.0001941 0.00012375 0.0001687 0.0002737 0.0001003 0.00016685 0.0001 0.0001415 6.955e-05 0.0001371 0.00014165 0.0001461 2.13e-05 0.00019205 0.00014745 2.125e-05 0.0001659 0.0001655 0.00011905 0.00010025 0.00012025 0.00026625 0.00020855 0.0002152 5.26e-05 0.00019165 0.0001185 0.00014155 5.2e-05 0.00019195 0.00022515 2.19e-05 0.00018275 9.95e-05 0.0001492 6.54e-05 8.66e-05 6.94e-05 0.00014885 0.00011865 0.00026725 6.97e-05 0.00016765 0.0003496 0.00022985 0.0001944 2.185e-05 0.00022475 4.79e-05 7.615e-05
27 0.00026805 0.00023255 0.0001452 0.0002603 0.0002679 0.0001819 0.00021835 0.00023335 0.00016435 0.0003828 0.00026825 0.00026065 0.0003827 0.00023645 9.545e-05 0.00028665 9.635e-05 0.00011225 0.00016465 0.00026795 0.0002679 0.00033825 9.515e-05 0.00028875 0.0002548 9.445e-05 9.635e-05 0.0001863 0.00023505 0.00013235 0.0001844 0.0001374 0.0001485 9.45e-05 0.00026795 0.00026885 0.00024295 0.00021325 0.0002148 0.0003363 0.0004405 0.0003004 9.58e-05 0.00018455 0.00028465 0.00026865 0.0001626 0.0001113 0.00018445 0.0001651 0.0002863 0.00014385 0.00016445 0.0003204 9.565e-05 0.00016475 9.55e-05 0.0001374 0.000114 0.00018245 0.00013755 0.0001762 0.00011505 0.0002353 0.00014305 0.00011365 0.00016665 0.0001857 0.0001668 9.57e-05 0.00016415 0.00030985 0.00020475 0.0002195 9.655e-05 0.0002349 0.0001663 0.0001747 9.62e-05 0.0002352 0.00026695 0.00011465 0.0002288 9.52e-05 0.0001482 0.0001128 0.0001316 0.00011415 0.00014785 0.00016695 0.0003109 0.00011405 0.00016365 0.00044055 0.00027345 0.0002866 0.00011475 0.000268 9.545e-05 0.0001445
28 0.00026725 0.00019715 0.0002345 0.00025015 0.00026695 0.00019865 0.0002141 0.00019625 0.00021555 0.00033215 0.0002663 0.0002505 0.00033205 0.0001958 0.00023445 0.00025055 0.00023505 0.0002171 0.00021505 0.0002677 0.00026695 0.00024815 0.00023495 0.00029795 0.0002816 0.00023455 0.0002353 0.00023505 0.0003911 0.00019965 0.0001977 0.0002154 0.0002326 0.00023395 0.000267 0.00026825 0.0002681 0.0001973 0.0002905 0.0002497 0.000301 0.00024825 0.0002337 0.00019785 0.0002816 0.00026805 0.0002167 0.00021645 0.00019775 0.00021575 0.0002502 0.00021715 0.0002148 0.0002667 0.00023335 0.0002154 0.00023315 0.0002154 0.00021695 0.00019925 0.0002157 0.000255 0.0002175 0.00029905 0.00021575 0.00021745 0.00021675 0.0001987 0.0002156 0.0002334 0.00021575 0.0002493 0.0001968 0.00021545 0.00023465 0.00023695 0.000216 0.00025515 0.00023485 0.00029895 0.00026815 0.00021745 0.0002679 0.0002349 0.0002332 0.00021705 0.00019905 0.0002173 0.0002327 0.00021555 0.00024855 0.00021665 0.00021555 0.00030105 0.0002494 0.0002505 0.00021755 0.00026705 0.000235 0.0002175
29 0.00022405 0.0002003 0.0001356 0.0001305 0.0002239 0.00010015 0.00021615 0.0002015 0.00016775 0.00025925 0.00022345 0.00013085 0.00025915 0.0001975 8.87e-05 0.00015685 8.6e-05 0.000111 0.00016875 0.00022325 0.0002239 0.00025475 8.33e-05 0.0002465 0.0001294 0.0001316 3.905e-05 0.00013235 0.00019965 1.2e-06 9.915e-05 0.0001409 0.0001855 0.0001324 0.00022395 0.00017525 0.0001487 0.00018115 0.0001237 0.00025595 0.00031245 0.00021665 0.00013585 9.91e-05 0.00018525 0.00017505 0.00016445 0.00011285 9.92e-05 0.0001195 0.0001564 0.0001233 0.00016835 0.00027365 0.0001355 0.0001663 0.0001356 0.0001409 6.8e-05 0.00010035 0.00014105 0.0001473 1.87e-05 0.0001936 0.00014745 2.095e-05 0.00016475 0.0001293 0.00011775 0.00013585 0.0001214 0.0002293 0.0001732 0.00021465 8.7e-05 0.0001567 0.00011775 0.0001436 8.595e-05 0.0001935 0.00022395 1.93e-05 0.0001827 0.00013475 0.0001855 6.485e-05 4.93e-05 6.77e-05 0.00018515 0.00011725 0.00023095 6.83e-05 0.0001677 0.0003125 0.00019305 0.0001568 1.93e-05 0.000224 8.305e-05 7.495e-05
30 0.00026695 0.0002956 0.0002317 0.00020125 0.0002668 0.000197 0.0001178 0.00029615 0.0002628 0.0003016 0.0002666 0.0002018 0.0003015 9.885e-05 0.00018375 0.00020195 0.00018265 0.00016395 0.00026315 0.0002667 0.0002668 0.0002013 0.00013685 0.00021805 0.00019945 0.00018375 0.00013625 0.0001844 0.0001977 9.915e-05 0.0001975 0.0002115 0.00018345 0.000184 0.00026685 0.00022005 0.0002196 0.00027645 0.00019375 0.00029975 0.0003041 0.00016325 0.00023 9.93e-05 0.0002543 0.00021985 0.00021695 0.00016525 9.9e-05 0.00021585 0.0002016 0.0002193 0.0002629 0.00022035 0.0002298 0.0001646 0.00022975 0.0002115 0.0001644 0.0001976 0.00021165 0.00024135 0.0001173 0.0002188 0.00024215 0.0001183 0.000165 0.0002012 0.0001173 0.00023 0.0002167 0.00024865 0.00026815 0.0001183 0.00018305 0.00025245 0.00011775 0.0001951 0.00018255 0.0002187 0.0002673 0.00011735 0.00018305 0.00022985 0.00018345 0.0001184 0.0001461 0.0001646 0.0001831 0.00011705 0.00029995 0.00016445 0.00026255 0.00030415 0.0002124 0.0002019 0.00011765 0.0002669 0.0001368 0.00017235
31 0.0002228 0.0001485 0.00014205 0.00026905 0.0002224 0.00014455 0.00028215 0.0001486 9.82e-05 0.00039005 0.00022395 0.00026925 0.00038995 0.000282 9.29e-05 0.00027115 9.5e-05 0.0001387 9.665e-05 0.00022445 0.00022245 0.00034135 0.0001839 0.0003326 0.00026185 0.0001369 0.0001415 0.0001374 0.0002154 0.0001409 0.0002115 8.76e-05 0.000165 0.0001351 0.0002225 0.00027155 0.00026955 0.0001292 0.0002391 0.000275 0.00040115 0.0003034 4.465e-05 0.00021155 0.0002688 0.00027135 0.0001876 0.0001367 0.00021155 0.00014515 0.00027085 0.00010135 9.695e-05 0.00034175 4.475e-05 0.00016515 4.405e-05 4.38e-05 9.445e-05 0.000145 4.42e-05 0.0001457 0.0001413 0.0003044 7.6e-05 0.000141 0.0001653 9.925e-05 0.00021195 4.435e-05 0.00014495 0.0002224 0.0001213 0.00028255 9.335e-05 0.00019745 0.00021165 0.00023605 9.475e-05 0.0003043 0.0002249 0.00014135 0.00027565 4.8e-05 0.00016365 0.0001834 9.39e-05 9.45e-05 0.0001631 0.0002119 0.0002729 9.28e-05 9.62e-05 0.0004012 0.000186 0.0002711 0.00014135 0.0002225 0.0001839 0.0001483
32 0.00026735 0.0002848 0.00019775 0.0002865 0.00026705 0.00023545 0.0001626 0.00028395 0.000215 0.000382 0.0002675 0.00028685 0.0003819 0.0001814 0.0001469 0.0002869 0.00015045 0.0001658 0.0002155 0.00026875 0.00026705 0.0002844 0.0001485 0.0002601 0.00028095 0.00014795 0.00014905 0.0001485 0.0002326 0.0001855 0.00018345 0.000165 0.0002878 0.0001464 0.0002671 0.00026945 0.00026955 0.0002655 0.0002411 0.000337 0.00038785 0.00024645 0.00014705 0.0001836 0.00031115 0.00026925 0.00021635 0.0001669 0.0001835 0.0002173 0.00028655 0.0001979 0.00021625 0.00026585 0.0001477 0.00016585 0.0001465 0.000165 0.00016765 0.00023605 0.0001653 0.0002287 0.0001684 0.00026125 0.00019555 0.00016615 0.00016605 0.00021475 0.0001662 0.00014675 0.00021545 0.00028565 0.00025655 0.0001641 0.0001491 0.00028715 0.00016465 0.00022795 0.00015025 0.00026115 0.00026925 0.00016815 0.0002291 0.0001489 0.0001456 0.00016575 0.0001849 0.00016785 0.0001451 0.0001664 0.00033575 0.00016625 0.0002161 0.0003879 0.00024925 0.00028685 0.00016825 0.00026715 0.0001488 0.0001984
33 0.0002662 0.00023185 0.00014385 0.00026005 0.00026585 0.0001819 0.00021695 0.00023215 0.0001632 0.0003824 0.00026775 0.0002604 0.0003823 0.0002356 9.29e-05 0.0002864 9.71e-05 0.0001121 0.0001624 0.00026805 0.00026585 0.00033755 9.47e-05 0.00028765 0.0002547 9.4e-05 9.595e-05 9.45e-05 0.00023395 0.0001324 0.000184 0.0001351 0.0001464 0.0001834 0.0002659 0.0002689 0.000243 0.0002124 0.0002149 0.000336 0.00043995 0.00029975 9.265e-05 0.00018415 0.0002846 0.0002687 0.0001622 0.00011295 0.00018405 0.0001648 0.00028605 0.0001443 0.00016365 0.00031915 9.375e-05 0.00016605 9.175e-05 0.0001351 0.0001141 0.00018245 0.00013545 0.0001749 0.00011535 0.00023435 0.0001415 0.000113 0.000166 0.00018525 0.0001667 9.18e-05 0.00016295 0.00030905 0.0002041 0.00021825 9.53e-05 0.0002344 0.00016535 0.00017425 9.69e-05 0.00023425 0.0002684 0.000115 0.0002282 9.52e-05 0.00014565 0.000112 0.0001314 0.00011455 0.0001451 0.00016685 0.00030995 0.0001125 0.00016185 0.00044 0.0002725 0.00028635 0.0001151 0.00026595 9.495e-05 0.00014495
34 0.00022195 0.000224 0.0002233 0.0002231 0.00022155 0.0002238 0.00030965 0.0002241 0.00022445 0.0002618 0.0002228 0.00022345 0.0002617 0.00030975 0.0002234 0.0002231 0.0002249 0.0002672 0.0002232 0.00022345 0.00022155 0.00026555 0.00026715 0.0003054 0.0002626 0.0002676 0.0002247 0.00026795 0.000267 0.00022395 0.00026685 0.0002225 0.0002671 0.0002659 0.0004427 0.00022295 0.0002235 0.000224 0.00025445 0.0002231 0.0002218 0.0002658 0.0002223 0.000267 0.000263 0.0002228 0.0002674 0.0002677 0.0002669 0.0002241 0.00022275 0.00022505 0.00022385 0.0002655 0.00022275 0.00026755 0.0002216 0.0002225 0.00022435 0.0002244 0.0002229 0.0002624 0.00022435 0.0003056 0.00022285 0.0002243 0.0002668 0.00022415 0.0002671 0.0002219 0.00022445 0.0002226 0.00022395 0.0003096 0.00022345 0.00026275 0.00026675 0.00030595 0.0002247 0.0003055 0.00022375 0.0002241 0.0002662 0.00022475 0.0002661 0.0002669 0.0002241 0.0002248 0.0002655 0.00026715 0.0002232 0.0002231 0.0002227 0.0002217 0.0002226 0.00022305 0.0002242 0.00022165 0.0002673 0.00022455
35 0.00022325 0.00027075 0.0002236 0.000175 0.0002231 0.00022265 0.0002654 0.00027135 0.00027165 0.00021705 0.0002223 0.00017535 0.00021695 0.00026485 0.0002257 0.0001751 0.00022285 0.000266 0.00027185 0.0002226 0.0002231 0.00021945 0.00022015 0.0002626 0.00021725 0.00026825 0.0001772 0.00026885 0.00026825 0.00017525 0.00022005 0.00027155 0.00026945 0.0002689 0.00022295 0.0003481 0.000175 0.0002709 0.0002089 0.0002225 0.0001745 0.00021965 0.0002722 0.0002202 0.00024185 0.00017405 0.0002683 0.00026765 0.0002201 0.00022295 0.00017475 0.0002477 0.0002711 0.00022005 0.0002715 0.00026815 0.00027195 0.00027155 0.0002225 0.0002231 0.0002717 0.0002756 0.00017535 0.00026245 0.00027125 0.0001771 0.00026715 0.00024785 0.00021955 0.0002722 0.00022515 0.0002228 0.00027085 0.0002643 0.00022335 0.00026305 0.0002206 0.00027205 0.0002224 0.00026235 0.00022315 0.00017455 0.00022035 0.0002714 0.00026925 0.0002204 0.000223 0.00022325 0.0002689 0.00021995 0.00022315 0.0002237 0.00027115 0.0001744 0.00022295 0.00017505 0.00017475 0.0002232 0.0002204 0.00019955
36 0.0002236 0.00024475 0.0001978 0.0001483 0.00022345 0.0001965 0.00029105 0.00024555 0.00024575 0.0001907 0.0002227 0.00014855 0.00019065 0.00029035 0.00019985 0.00017495 0.0001971 0.0002398 0.0002461 0.000223 0.00022345 0.0002454 0.00019415 0.00026265 0.00019105 0.0002424 0.00015075 0.00024295 0.0002681 0.0001487 0.0002196 0.00026955 0.00026955 0.000243 0.0002235 0.000175 0.0002959 0.0002449 0.0001827 0.0002226 0.0002009 0.0002456 0.0002465 0.0002196 0.0002159 0.0001748 0.00024215 0.0002415 0.00021965 0.0001971 0.0001746 0.0002218 0.0002454 0.00024635 0.00024585 0.00026805 0.00024625 0.00026955 0.00019695 0.00019665 0.0002697 0.0002499 0.00014855 0.00023655 0.00024545 0.00015075 0.00026685 0.0002456 0.0002197 0.0002465 0.00019925 0.00024685 0.000245 0.00028975 0.00019785 0.00023715 0.0002203 0.00024615 0.000197 0.00023645 0.0002235 0.00014885 0.0002205 0.00024575 0.0002693 0.00019415 0.0001967 0.0001971 0.00026895 0.00021925 0.00019675 0.00019765 0.00024535 0.00020095 0.000247 0.0001749 0.0001488 0.00022355 0.0001938 0.0001735
