 slim_337495363 slim_337495460 slim_337495514 slim_337495436 slim_337495453 slim_337495537 slim_337495448 slim_337495515 slim_337495226 slim_337495483 slim_337495546 slim_337495533 slim_337495343 slim_337495535 slim_337495374 slim_337495547 slim_337495530 slim_337495267 slim_337495416 slim_337495539 slim_337495377 slim_337495550 slim_337495294 slim_337495517 slim_337495522 slim_337495554 slim_337495259 slim_337495508 slim_337495364 slim_337495544 slim_337495428 slim_337495358 slim_337495500 slim_337495348 slim_337495097 slim_337495480 slim_337495324 slim_337495524 slim_337495413 slim_337495442 slim_337495246 slim_337495319 slim_337495506 slim_337495479 slim_337495552 slim_337495507 slim_337495555 slim_337495521 slim_337495467 slim_337495484 slim_337495396 slim_337495425 slim_337495503 slim_337495271 slim_337495545 slim_337495534 slim_337495527 slim_337495511 slim_337495548 slim_337495465 slim_337495450 slim_337495470 slim_337495382 slim_337495454 slim_337495482 slim_337495462 slim_337495502 slim_337495505 slim_337495269 slim_337495389 slim_337495249 slim_337495445 slim_337495455 slim_337494918 slim_337495551 slim_337495520 slim_337495371 slim_337495418 slim_337495378 slim_337495481 slim_337495404 slim_337495512 slim_337495529 slim_337495375 slim_337495542 slim_337495523 slim_337495489 slim_337495380 slim_337495146 slim_337495452 slim_337495204 slim_337495541 slim_337495420 slim_337495424 slim_337495549 slim_337495531 slim_337495487 slim_337495476 slim_337495444 slim_337494997
0 0.0009217 0.00079215 0.00089875 0.00085535 0.0007912 0.0007248 0.00075305 0.00082275 0.00076795 0.00065635 0.000841 0.00075645 0.0007093 0.00076575 0.0007783 0.0008276 0.000841 0.000844 0.00075875 0.00075305 0.0007913 0.000724 0.0006092 0.00075565 0.00070945 0.000547 0.00066105 0.00084975 0.00083295 0.00074005 0.000774 0.0007474 0.0007536 0.00081655 0.0008042 0.0007687 0.00075045 0.00078035 0.00066725 0.0007444 0.0007673 0.00072795 0.0007644 0.00079315 0.00082535 0.00076805 0.00090445 0.00080505 0.00080155 0.0006931 0.00081525 0.0007735 0.00071785 0.00072315 0.0007831 0.00080185 0.0005564 0.00066075 0.0007071 0.00060725 0.000768 0.00080445 0.00086215 0.0007174 0.00082145 0.00082625 0.00079925 0.0007955 0.0008328 0.0007751 0.0008178 0.0007806 0.00074535 0.00073365 0.00071835 0.00084625 0.00083435 0.0008977 0.00082015 0.00075275 0.00081805 0.00066205 0.0007232 0.0007948 0.00083245 0.0007274 0.0007172 0.00074065 0.00062655 0.0007432 0.00078795 0.00078895 0.00084165 0.00071385 0.00077515 0.00077735 0.00075005 0.0008475 0.00070935 0.00079895
1 0.00079215 6e-07 0.0008493 0.0008492 0.0008808 0.00090365 0.00081525 0.0003962 0.0008769 0.00086845 0.0008144 0.0008251 0.00086775 0.00071045 0.0008206 0.0008806 0.0008144 0.0007322 0.0003966 0.00081525 0.00088095 0.0008737 0.0008753 0.00067635 0.0008679 0.0008888 0.0008602 0.000788 0.00083435 0.0008397 0.0008723 0.0008608 0.0008143 0.0008421 0.00081775 0.00082715 0.00068115 0.0008523 0.00085425 0.00084915 0.0008581 0.00086285 0.00087685 0.00083905 0.00080225 0.00086465 0.00087335 0.00082995 0.00086755 0.0008355 0.00050335 0.0008832 0.0008475 0.0008732 0.00041435 0.00080215 0.00088285 0.0008781 0.00081485 0.0008717 0.00084825 0.000818 0.00085305 0.0008532 0.00084555 0.00084505 0.00082615 0.00086495 0.0004011 0.000429 0.00083775 0.00089655 0.0008753 0.0008621 0.00086565 0.00082265 0.00082965 0.00084275 0.0008418 0.0008335 0.000838 0.00087185 0.00084495 0.0008494 0.0008371 0.00084445 0.000853 0.0008746 0.000339 0.00083935 0.00082865 0.0008445 0.00079495 0.000268 0.00042895 0.0008415 0.00086055 0.0007262 0.0008678 0.00082585
2 0.00089875 0.0008493 0.0007652 0.00080325 0.0006148 0.00085495 0.00075775 0.0007076 0.00085845 0.00088315 0.00071195 0.00072905 0.00085915 0.00087985 0.0008388 0.0008809 0.00071195 0.0006502 0.00081745 0.00075775 0.00061495 0.00084395 0.0008501 0.0006543 0.0008593 0.00085995 0.00086595 0.0007265 0.0006544 0.00086615 0.0008988 0.0007203 0.00074565 0.00068225 0.00081505 0.00084265 0.00072575 0.0008478 0.0006653 0.00083 0.0007704 0.00081 0.00062765 0.0008422 0.00082755 0.0008201 0.0006558 0.0008468 0.00084145 0.00081645 0.0007869 0.0008619 0.0008351 0.00087515 0.00083315 0.0006094 0.0009083 0.0008472 0.000735 0.00090165 0.0008538 0.0008153 0.0008457 0.0008321 0.00066095 0.0007738 0.0008144 0.00079925 0.0006412 0.0008603 0.00078205 0.0008154 0.00085515 0.00088045 0.0007901 0.000797 0.0007338 0.00040795 0.00083945 0.0007649 0.0007823 0.00074815 0.0007418 0.00082665 0.00079615 0.00086615 0.0008319 0.0008651 0.00087475 0.00071645 0.00081455 0.00078745 0.00069245 0.0008654 0.00086035 0.00079825 0.0007943 0.00061405 0.0008592 0.0008141
3 0.00085535 0.0008492 0.00080325 0.0008602 0.00081395 0.0008118 0.0008194 0.0008162 0.00080835 0.00079135 0.00082065 0.00080385 0.0007728 0.00078325 0.0008342 0.0008201 0.00082065 0.00084325 0.0008265 0.0008194 0.0008141 0.00078225 0.0007983 0.0007785 0.00077295 0.00081535 0.00088325 0.0008936 0.0007421 0.0008119 0.0007907 0.00080975 0.0008212 0.00065525 0.00086605 0.0008607 0.0008028 0.00085865 0.0007981 0.00081045 0.00078315 0.0007826 0.00080905 0.0007934 0.0008868 0.0007546 0.0008292 0.00082835 0.00079205 0.000797 0.0008196 0.0007894 0.0008351 0.00075655 0.00084575 0.0007724 0.0008076 0.0007901 0.00078525 0.00080085 0.00086695 0.0008663 0.00080985 0.0008162 0.00081515 0.00087605 0.00083 0.0007759 0.0008114 0.00080245 0.00081375 0.00066225 0.0007766 0.00080095 0.00079275 0.0006254 0.00078155 0.0008059 0.0006408 0.00080135 0.000814 0.00082425 0.0007147 0.0008204 0.0008607 0.0008298 0.000816 0.00061155 0.00086875 0.000809 0.0008541 0.0008099 0.00084025 0.0008136 0.0008025 0.000617 0.0008629 0.00077265 0.00077285 0.0008297
4 0.0007912 0.0008808 0.0006148 0.00081395 0.0008946 0.0007542 0.00083105 0.0008054 0.0006556 0.00064605 0.00080705 0.0007187 0.00065415 0.0008846 0.00081285 0.00087635 0.00080705 0.0008775 0.00078625 0.00083105 0.0004476 0.00064425 0.0007228 0.00086665 0.0006543 0.0006259 0.0007657 0.0008587 0.00081865 0.00081175 0.0008453 0.0007031 0.00083 0.00075245 0.0007987 0.00064965 0.0007251 0.0008603 0.0007316 0.00061315 0.00056195 0.00065675 0.0005238 0.00081985 0.0008204 0.0008122 0.0007318 0.0008417 0.00085625 0.0005698 0.0008455 0.0006409 0.0006316 0.00073945 0.00083505 0.0007168 0.00074785 0.0004478 0.00073125 0.0007301 0.0008624 0.00079895 0.0008125 0.00061855 0.00086205 0.0008016 0.00081165 0.0008403 0.00084635 0.00087075 0.00080975 0.0007178 0.00073805 0.0008579 0.0007202 0.00088125 0.00076745 0.0006297 0.0008887 0.0008397 0.00081 0.00074215 0.00073095 0.0008277 0.00086005 0.00082985 0.00061835 0.0008008 0.00090605 0.00071765 0.00080175 0.00081465 0.0007971 0.00090205 0.0008708 0.00072435 0.00074645 0.0007695 0.0006542 0.00081135
5 0.0007248 0.00090365 0.00085495 0.0008118 0.0007542 0.0008159 0.0007469 0.0008705 0.0007416 0.0006268 0.0008526 0.0007565 0.0007487 0.00066385 0.00085635 0.00067215 0.0008526 0.0008672 0.00079945 0.0007469 0.00075435 0.0007775 0.0006731 0.00088 0.00074885 0.00058455 0.00068715 0.0008742 0.0008491 0.00074205 0.0005106 0.000758 0.00074075 0.00079925 0.00084535 0.00069975 0.0008845 0.00091145 0.0006791 0.00075575 0.00076265 0.0007672 0.0007485 0.00086405 0.00080605 0.00085685 0.00061515 0.00090315 0.00093175 0.000668 0.00088525 0.0005244 0.0007501 0.00056265 0.00087845 0.00077035 0.000562 0.00064065 0.00079895 0.00056195 0.000898 0.0008456 0.00063965 0.00074695 0.00089415 0.00089625 0.00086855 0.0009001 0.00087535 0.0008803 0.0008585 0.0007161 0.0007107 0.00078085 0.0007719 0.0009073 0.00089 0.0008576 0.00090665 0.00072345 0.00085875 0.00069195 0.0006839 0.0009009 0.00087455 0.0007505 0.00074675 0.00067965 0.00092115 0.00074585 0.0008701 0.0008696 0.0008697 0.00091165 0.00088035 0.00072075 0.00076035 0.0008783 0.00074875 0.00086825
6 0.00075305 0.00081525 0.00075775 0.0008194 0.00083105 0.0007469 0.0008651 0.00070645 0.00082135 0.0006139 0.00080655 0.00075765 0.0007797 0.00086935 0.0008095 0.00088805 0.00080655 0.0007257 0.00080255 0.00043255 0.0008312 0.0008347 0.0006596 0.00074915 0.00077985 0.0006979 0.0006773 0.00055735 0.0006475 0.0006582 0.0006451 0.00072065 0.00044755 0.0006185 0.0006908 0.00074005 0.0008393 0.0008827 0.0006281 0.0008392 0.0008129 0.000777 0.00081895 0.0008238 0.0007757 0.00070445 0.000804 0.00089565 0.00086745 0.00079265 0.0007451 0.00082455 0.00070975 0.0008366 0.00084095 0.00071315 0.000534 0.00079535 0.000626 0.00058595 0.0007719 0.00069105 0.0008702 0.000831 0.00078445 0.0007843 0.0008199 0.000817 0.0007182 0.00078975 0.00075855 0.00079655 0.0008506 0.00064665 0.00076035 0.0008683 0.0007786 0.00074415 0.0008925 0.00058125 0.0007588 0.00066 0.00072605 0.00086045 0.0007398 0.00063995 0.0008308 0.0006029 0.00084325 0.0007451 0.0008565 0.00081335 0.0006726 0.0008485 0.0007898 0.00078125 0.0007849 0.00073655 0.00077975 0.0008196
7 0.00082275 0.0003962 0.0007076 0.0008162 0.0008054 0.0008705 0.00070645 0.000792 0.00083845 0.0008402 0.00071755 0.00077005 0.00084685 0.0007974 0.0007271 0.0008838 0.00071755 0.0006974 0.0005664 0.00070645 0.00080555 0.0008106 0.00080185 0.00067195 0.000847 0.00082195 0.00084725 0.0006875 0.00070235 0.00077385 0.00087085 0.0007368 0.0007214 0.0007037 0.00079105 0.00080785 0.0006622 0.0007984 0.0007342 0.00074665 0.000757 0.0007923 0.00078125 0.00078055 0.00073905 0.0007888 0.00074825 0.0007754 0.0008223 0.0007749 0.000619 0.00083885 0.0008135 0.0008386 0.00053595 0.00068785 0.00086025 0.0008132 0.00067915 0.0008533 0.0008549 0.0007913 0.00077735 0.0007445 0.0007592 0.0007984 0.0007996 0.0007966 0.0005057 0.0006385 0.00077555 0.0008308 0.00081205 0.0008517 0.0007879 0.00080685 0.00073855 0.00070655 0.00084005 0.0008109 0.0007758 0.0007601 0.00073655 0.00075615 0.00081325 0.00078605 0.0007443 0.0008564 0.00059435 0.0007725 0.00068975 0.0007305 0.00062785 0.00055845 0.00063855 0.00079095 0.00082515 0.0006181 0.0008469 0.0007993
8 0.00076795 0.0008769 0.00085845 0.00080835 0.0006556 0.0007416 0.00082135 0.00083845 0.0008394 0.00061525 0.000786 0.00068265 0.0006302 0.0008875 0.0008519 0.00089585 0.000786 0.00073725 0.00079225 0.00082135 0.00065565 0.0006644 0.00069695 0.00090115 0.00063035 0.0005751 0.00058295 0.00071035 0.00085435 0.0007822 0.00081365 0.00069545 0.000814 0.00078195 0.0007934 0.0005428 0.00086465 0.0009269 0.00071965 0.00058695 0.0006344 0.0006662 0.00069315 0.0007973 0.00075025 0.00085265 0.00081885 0.0008668 0.0009394 0.00056385 0.00088435 0.0006073 0.0006262 0.0007116 0.0008559 0.00076 0.0007076 0.00042 0.00073045 0.00069665 0.00090565 0.00079365 0.0007854 0.00062745 0.000908 0.0007464 0.00088465 0.0009044 0.00085565 0.00085875 0.00082535 0.0005834 0.0007573 0.00088995 0.00072265 0.00087195 0.0008852 0.0008629 0.00087565 0.0008141 0.0008256 0.00072955 0.00065755 0.0008944 0.00073055 0.00084545 0.00062725 0.0008253 0.00090405 0.0006815 0.0008572 0.0008675 0.00078565 0.0009176 0.0008588 0.00077385 0.00058155 0.0008529 0.00063025 0.00088435
9 0.00065635 0.00086845 0.00088315 0.00079135 0.00064605 0.0006268 0.0006139 0.0008402 0.00061525 0.0007543 0.00083005 0.0006716 0.00056725 0.00087645 0.00078885 0.0008807 0.00083005 0.00087425 0.0007747 0.0006139 0.00064625 0.00064615 0.0005762 0.00089735 0.0005674 0.0004381 0.00062195 0.00085345 0.0007596 0.0006083 0.00058895 0.0006563 0.00060915 0.00074915 0.00079525 0.00060115 0.00085205 0.00090565 0.00061105 0.0006081 0.00059795 0.00060945 0.0006972 0.000798 0.00083125 0.00077015 0.00085135 0.0008959 0.00092595 0.00052935 0.00083105 0.000584 0.00057885 0.00068695 0.00085315 0.0007539 0.0003776 0.00037765 0.0007171 0.0004138 0.0008716 0.0007955 0.00081955 0.00060775 0.0009107 0.0008902 0.00083885 0.0008678 0.00085645 0.00081275 0.0008149 0.00068255 0.00074355 0.00065715 0.00065975 0.00090815 0.00081405 0.0008797 0.00091415 0.00059925 0.00081515 0.00060725 0.000652 0.00088275 0.00084365 0.00061425 0.00060755 0.0005466 0.00090185 0.0006597 0.0008441 0.00082945 0.00083965 0.00091065 0.0008128 0.0006982 0.0006824 0.0008504 0.0005673 0.00083855
10 0.000841 0.0008144 0.00071195 0.00082065 0.00080705 0.0008526 0.00080655 0.00071755 0.000786 0.00083005 0.0008656 0.0005466 0.00084245 0.00088 0.00057295 0.0009018 0.00043285 0.0006802 0.00075925 0.00080655 0.0008072 0.0008557 0.0008227 0.00073685 0.0008426 0.00079995 0.0007873 0.00073965 0.0007325 0.0006494 0.0008705 0.00072715 0.0007991 0.0007823 0.0007897 0.000802 0.00067055 0.00073715 0.00070715 0.00061335 0.00068605 0.00078035 0.00078345 0.00066185 0.00066525 0.00085755 0.0008233 0.00067795 0.0009306 0.0007492 0.0007671 0.00082775 0.0007999 0.0008486 0.00066755 0.0006415 0.00084875 0.0007942 0.0007915 0.00084085 0.0008691 0.00078995 0.00065385 0.00065755 0.00077135 0.00079445 0.0008374 0.00084065 0.00069855 0.00085265 0.00076715 0.00078065 0.0008806 0.00090475 0.0007662 0.00084725 0.00067265 0.0007015 0.00085095 0.00064935 0.0007674 0.00075995 0.00077465 0.0007318 0.0007536 0.00070645 0.00065735 0.000867 0.0008325 0.00060045 0.00053335 0.0006425 0.00058235 0.0008498 0.0008527 0.000786 0.00071895 0.0006345 0.0008425 0.0008371
11 0.00075645 0.0008251 0.00072905 0.00080385 0.0007187 0.0007565 0.00075765 0.00077005 0.00068265 0.0006716 0.0005466 0.0005278 0.0007068 0.00086495 0.00086045 0.0008866 0.0005466 0.00069375 0.000668 0.00075765 0.00071875 0.000739 0.000707 0.00072655 0.00070695 0.00052055 0.00069655 0.00075665 0.0007136 0.0008095 0.0008084 0.0005693 0.0007489 0.00073665 0.0007958 0.00067825 0.0008567 0.00091385 0.00057425 0.0006912 0.00071215 0.00067405 0.00065405 0.00084485 0.0008301 0.00084875 0.0008136 0.00087585 0.0009381 0.00053215 0.00078415 0.0006833 0.00068365 0.0007081 0.00084105 0.00053635 0.00069265 0.0005533 0.0006642 0.0006835 0.00088205 0.00079605 0.00082805 0.00070515 0.00076525 0.00085075 0.00076175 0.00085545 0.000689 0.0008428 0.00078015 0.00073215 0.0007728 0.0008704 0.00061585 0.0008474 0.00083025 0.0007186 0.00085815 0.0005268 0.0007804 0.0006474 0.00064395 0.00090345 0.0007919 0.00083625 0.00070495 0.0008137 0.0008713 0.0003546 0.00086935 0.00082165 0.00076845 0.0008641 0.00084285 0.0006742 0.00058035 0.0007718 0.00070685 0.00076145
12 0.0007093 0.00086775 0.00085915 0.0007728 0.00065415 0.0007487 0.0007797 0.00084685 0.0006302 0.00056725 0.00084245 0.0007068 0.0008735 0.0008393 0.00079545 0.0008746 0.00084245 0.00086755 0.00075945 0.0007797 0.0006542 0.00066515 0.00069725 0.00085305 0.00043705 0.00058165 0.00072455 0.0008547 0.00075835 0.0007687 0.00075975 0.00070745 0.0007767 0.00074625 0.00078835 0.00062375 0.00085505 0.00089185 0.00072615 0.00063855 0.0006283 0.00062985 0.00070165 0.00063855 0.00082745 0.0007632 0.0008457 0.00086525 0.00090465 0.0005441 0.00083175 0.0006247 0.00062165 0.0006246 0.0008561 0.0007435 0.00065475 0.0004369 0.00064945 0.0006339 0.0008687 0.0007886 0.00083115 0.0006407 0.00089135 0.00087345 0.0008099 0.0008582 0.00085385 0.0006524 0.00079485 0.00065715 0.00075215 0.0008064 0.000687 0.000884 0.00081575 0.0008557 0.00088915 0.00077095 0.0007951 0.0007386 0.0007183 0.0008754 0.00082995 0.00077765 0.00064055 0.00069575 0.0008371 0.0006977 0.0008507 0.0008338 0.000848 0.00086215 0.0006524 0.00067265 0.00070415 0.0008488 0.00043695 0.0008096
13 0.00076575 0.00071045 0.00087985 0.00078325 0.0008846 0.00066385 0.00086935 0.0007974 0.0008875 0.00087645 0.00088 0.00086495 0.0008393 0.0008777 0.0008945 0.0005953 0.00088 0.00082235 0.00078085 0.00086935 0.00088475 0.000811 0.00087655 0.0006404 0.00083945 0.0008838 0.0008858 0.00085125 0.0008555 0.00090375 0.00067045 0.0008649 0.0008635 0.0008026 0.0008309 0.00079515 0.00081515 0.0008293 0.0008674 0.00087835 0.00086985 0.00085505 0.00089145 0.00086665 0.00081965 0.0008089 0.00067085 0.0008236 0.0007721 0.0008513 0.0008098 0.0006514 0.00082645 0.00063725 0.00080535 0.00084705 0.0009004 0.00085125 0.00082995 0.0008421 0.0007778 0.00083115 0.0006724 0.00087575 0.00079795 0.00083265 0.0008237 0.0008171 0.00077305 0.000769 0.00086075 0.0008353 0.00071455 0.00083735 0.00086595 0.00079305 0.00086545 0.000877 0.00079745 0.0008779 0.000861 0.00087735 0.0008208 0.0008391 0.000868 0.00090485 0.00087555 0.0008124 0.0006715 0.0008612 0.0009036 0.0008819 0.00086535 0.0005746 0.00076905 0.0007871 0.00087815 0.0008228 0.00083935 0.0008234
14 0.0007783 0.0008206 0.0008388 0.0008342 0.00081285 0.00085635 0.0008095 0.0007271 0.0008519 0.00078885 0.00057295 0.00086045 0.00079545 0.0008945 0.000222 0.0008241 0.00057295 0.00088705 0.000793 0.0008095 0.000813 0.00085335 0.00082865 0.00087075 0.0007956 0.0008304 0.00087015 0.0008618 0.00078155 0.0005191 0.0008333 0.0007891 0.00081255 0.0008241 0.00080185 0.0008272 0.0004595 0.00044285 0.0008423 0.00052835 0.0005758 0.00080995 0.0008139 0.00052575 0.0004837 0.000803 0.0008546 0.00056495 0.0009197 0.0007819 0.0008074 0.00083775 0.00080225 0.00085445 0.00046595 0.0008001 0.00081055 0.0007983 0.0008356 0.000802 0.0007851 0.0008021 0.00057285 0.0004548 0.0008099 0.00086605 0.00085215 0.0008656 0.00083175 0.0008067 0.0008089 0.0008148 0.00087695 0.000855 0.00082095 0.0008784 0.0005825 0.00083535 0.00080285 0.00083325 0.00080915 0.00079915 0.0008347 0.00051685 0.00086075 0.00045265 0.0004546 0.00080165 0.00076785 0.000853 0.0001181 0.00046715 0.000552 0.00086135 0.00080675 0.00079455 0.0008619 0.0006115 0.0007955 0.00085185
15 0.0008276 0.0008806 0.0008809 0.0008201 0.00087635 0.00067215 0.00088805 0.0008838 0.00089585 0.0008807 0.0009018 0.0008866 0.0008746 0.0005953 0.0008241 0.0009122 0.0009018 0.0008685 0.000853 0.00088805 0.0008765 0.0007224 0.00090935 0.00079905 0.00087475 0.00087995 0.00090875 0.00089255 0.00088685 0.0009088 0.0006801 0.0008688 0.0008842 0.0008346 0.0008854 0.00081905 0.0008096 0.00064475 0.00088285 0.0008855 0.0008711 0.0008919 0.0008792 0.00090275 0.0008063 0.00079135 0.0006787 0.0007179 0.00057405 0.00084155 0.0009062 0.00066255 0.00085505 0.00067555 0.00085635 0.0008454 0.00090115 0.0008576 0.0008779 0.0008401 0.0006552 0.00088565 0.00068495 0.00084485 0.0006489 0.0008243 0.0006962 0.00075605 0.0008739 0.0008862 0.00092085 0.0008465 0.00061845 0.00073215 0.00089315 0.0007123 0.00090445 0.00088135 0.0006704 0.0008968 0.0009211 0.00088735 0.0008227 0.00071055 0.000922 0.00086915 0.00084465 0.0008297 0.00081875 0.0008755 0.00083275 0.00087855 0.00088895 0.0008075 0.00088625 0.0007904 0.0008778 0.00086385 0.00087465 0.00069585
16 0.000841 0.0008144 0.00071195 0.00082065 0.00080705 0.0008526 0.00080655 0.00071755 0.000786 0.00083005 0.00043285 0.0005466 0.00084245 0.00088 0.00057295 0.0009018 0.0008656 0.0006802 0.00075925 0.00080655 0.0008072 0.0008557 0.0008227 0.00073685 0.0008426 0.00079995 0.0007873 0.00073965 0.0007325 0.0006494 0.0008705 0.00072715 0.0007991 0.0007823 0.0007897 0.000802 0.00067055 0.00073715 0.00070715 0.00061335 0.00068605 0.00078035 0.00078345 0.00066185 0.00066525 0.00085755 0.0008233 0.00067795 0.0009306 0.0007492 0.0007671 0.00082775 0.0007999 0.0008486 0.00066755 0.0006415 0.00084875 0.0007942 0.0007915 0.00084085 0.0008691 0.00078995 0.00065385 0.00065755 0.00077135 0.00079445 0.0008374 0.00084065 0.00069855 0.00085265 0.00076715 0.00078065 0.0008806 0.00090475 0.0007662 0.00084725 0.00067265 0.0007015 0.00085095 0.00064935 0.0007674 0.00075995 0.00077465 0.0007318 0.0007536 0.00070645 0.00065735 0.000867 0.0008325 0.00060045 0.00053335 0.0006425 0.00058235 0.0008498 0.0008527 0.000786 0.00071895 0.0006345 0.0008425 0.0008371
17 0.000844 0.0007322 0.0006502 0.00084325 0.0008775 0.0008672 0.0007257 0.0006974 0.00073725 0.00087425 0.0006802 0.00069375 0.00086755 0.00082235 0.00088705 0.0008685 0.0006802 0.0007728 0.00079515 0.0007257 0.00087765 0.00089325 0.00086925 0.0006085 0.0008677 0.00085895 0.0007224 0.00053935 0.00066665 0.0008472 0.00086025 0.0007228 0.0007073 0.00071665 0.0008101 0.0007414 0.0008218 0.0008919 0.00065435 0.00084205 0.00087305 0.00082975 0.0008539 0.00084055 0.00075155 0.00087555 0.0007709 0.0008575 0.0009009 0.00086375 0.0007877 0.00085595 0.00083535 0.00087495 0.0008109 0.00065695 0.00089005 0.0008693 0.0007397 0.0008902 0.00084985 0.00081035 0.0008281 0.00087945 0.0006414 0.0007251 0.0008668 0.0008529 0.00057 0.0007991 0.00080265 0.0007523 0.00090355 0.0008817 0.0008028 0.00080535 0.0008232 0.00064695 0.0008441 0.0007122 0.0008029 0.00074565 0.00073685 0.0009028 0.0006663 0.0008841 0.00087925 0.0008867 0.00075975 0.000681 0.00088875 0.00083915 0.00067505 0.00076795 0.00079915 0.00087605 0.00060165 0.0006318 0.0008676 0.0008665
18 0.00075875 0.0003966 0.00081745 0.0008265 0.00078625 0.00079945 0.00080255 0.0005664 0.00079225 0.0007747 0.00075925 0.000668 0.00075945 0.00078085 0.000793 0.000853 0.00075925 0.00079515 0.0007928 0.00080255 0.0007864 0.00078855 0.00079315 0.0007534 0.0007596 0.00070245 0.0008031 0.00081705 0.00082085 0.00081765 0.00083235 0.00075065 0.0008046 0.00079845 0.00080435 0.00077825 0.00072585 0.0008425 0.0007655 0.00076635 0.00078135 0.0007988 0.0007403 0.00080245 0.0008116 0.0008409 0.0008366 0.0007991 0.0008678 0.00056015 0.000669 0.00077625 0.0007746 0.00076175 0.00059325 0.00059275 0.00078665 0.0007236 0.0007369 0.0007769 0.00084745 0.0008046 0.00082405 0.00075695 0.00083055 0.00085915 0.0006697 0.0008687 0.0005901 0.00059585 0.00083265 0.00078825 0.00079455 0.00085375 0.00077065 0.00082685 0.00085705 0.0008164 0.0008281 0.0007674 0.0008329 0.00079095 0.00075605 0.000836 0.00087135 0.00082245 0.00075675 0.00084495 0.00058325 0.0006831 0.00080415 0.00083715 0.0007962 0.0005599 0.00059605 0.00063025 0.0007663 0.00077725 0.0007595 0.0006694
19 0.00075305 0.00081525 0.00075775 0.0008194 0.00083105 0.0007469 0.00043255 0.00070645 0.00082135 0.0006139 0.00080655 0.00075765 0.0007797 0.00086935 0.0008095 0.00088805 0.00080655 0.0007257 0.00080255 0.0008651 0.0008312 0.0008347 0.0006596 0.00074915 0.00077985 0.0006979 0.0006773 0.00055735 0.0006475 0.0006582 0.0006451 0.00072065 0.00044755 0.0006185 0.0006908 0.00074005 0.0008393 0.0008827 0.0006281 0.0008392 0.0008129 0.000777 0.00081895 0.0008238 0.0007757 0.00070445 0.000804 0.00089565 0.00086745 0.00079265 0.0007451 0.00082455 0.00070975 0.0008366 0.00084095 0.00071315 0.000534 0.00079535 0.000626 0.00058595 0.0007719 0.00069105 0.0008702 0.000831 0.00078445 0.0007843 0.0008199 0.000817 0.0007182 0.00078975 0.00075855 0.00079655 0.0008506 0.00064665 0.00076035 0.0008683 0.0007786 0.00074415 0.0008925 0.00058125 0.0007588 0.00066 0.00072605 0.00086045 0.0007398 0.00063995 0.0008308 0.0006029 0.00084325 0.0007451 0.0008565 0.00081335 0.0006726 0.0008485 0.0007898 0.00078125 0.0007849 0.00073655 0.00077975 0.0008196
20 0.0007913 0.00088095 0.00061495 0.0008141 0.0004476 0.00075435 0.0008312 0.00080555 0.00065565 0.00064625 0.0008072 0.00071875 0.0006542 0.00088475 0.000813 0.0008765 0.0008072 0.00087765 0.0007864 0.0008312 0.0008949 0.0006443 0.0007229 0.0008668 0.00065415 0.0006259 0.0007658 0.00085885 0.0008188 0.0008119 0.00084545 0.00070315 0.00083015 0.0007526 0.00079885 0.00064965 0.00072525 0.00086045 0.0007317 0.0006134 0.000562 0.0006568 0.00052385 0.00082 0.00082055 0.00081235 0.00073195 0.00084185 0.0008564 0.00056985 0.00084565 0.0006409 0.00063165 0.0007395 0.0008352 0.00071695 0.00074795 0.0004477 0.0007313 0.0007302 0.00086255 0.0007991 0.00081265 0.0006186 0.0008622 0.00080175 0.0008118 0.00084045 0.0008465 0.0008709 0.0008099 0.00071795 0.0007381 0.00085805 0.00072025 0.0008814 0.0007676 0.00062985 0.00088885 0.00083985 0.00081015 0.00074225 0.00073105 0.00082785 0.0008602 0.00083 0.0006184 0.00080095 0.0009062 0.0007177 0.0008019 0.0008148 0.00079725 0.0009022 0.00087095 0.0007245 0.0007465 0.00076965 0.00065425 0.0008115
21 0.000724 0.0008737 0.00084395 0.00078225 0.00064425 0.0007775 0.0008347 0.0008106 0.0006644 0.00064615 0.0008557 0.000739 0.00066515 0.000811 0.00085335 0.0007224 0.0008557 0.00089325 0.00078855 0.0008347 0.0006443 0.0008784 0.0006693 0.0008154 0.00066535 0.0006019 0.0007844 0.00087475 0.00080155 0.0008388 0.00084715 0.00069505 0.00084585 0.00074865 0.00078945 0.0006619 0.0007844 0.0007408 0.0007343 0.00063215 0.0006189 0.0006197 0.0006908 0.000858 0.0008583 0.0006346 0.00083075 0.0007106 0.00046995 0.00057145 0.0008331 0.0006294 0.00063065 0.0007191 0.000853 0.00076375 0.00073685 0.00043945 0.0007178 0.000725 0.00071405 0.0007897 0.0008332 0.00063585 0.00072705 0.00075605 0.00063895 0.00061615 0.0008606 0.0008824 0.0007737 0.00072185 0.00051815 0.00067645 0.00068785 0.0006928 0.00080645 0.00084835 0.00071205 0.0008695 0.00077395 0.00072765 0.0006998 0.00065935 0.0008704 0.0008663 0.0006357 0.00079815 0.0008504 0.00073445 0.0008556 0.0008127 0.0008318 0.00082715 0.00088245 0.00072345 0.00076085 0.00082305 0.00066525 0.0006386
22 0.0006092 0.0008753 0.0008501 0.0007983 0.0007228 0.0006731 0.0006596 0.00080185 0.00069695 0.0005762 0.0008227 0.000707 0.00069725 0.00087655 0.00082865 0.00090935 0.0008227 0.00086925 0.00079315 0.0006596 0.0007229 0.0006693 0.0007222 0.00084185 0.0006974 0.0004631 0.00059365 0.00076825 0.0006874 0.00070195 0.00074025 0.00064565 0.00067425 0.0007003 0.0006806 0.00069415 0.000824 0.0008937 0.00059385 0.0006889 0.0006797 0.00055975 0.00069815 0.00082315 0.0008155 0.00056815 0.00087255 0.00086365 0.00080575 0.00063715 0.00068615 0.0007161 0.0006335 0.00069885 0.0008406 0.00076195 0.00047515 0.0005632 0.00062935 0.0005355 0.0008159 0.00068085 0.00085305 0.00068455 0.00088025 0.00079225 0.00081995 0.0006665 0.00085085 0.0008534 0.00060725 0.0006844 0.00070545 0.0007124 0.00056125 0.00086985 0.0006877 0.00085455 0.0008866 0.0007098 0.0006075 0.0005593 0.00065295 0.00081825 0.00069185 0.0007254 0.00068435 0.0006699 0.0008663 0.0006976 0.00083325 0.0006818 0.00078695 0.0008686 0.00085345 0.0007308 0.0007209 0.00082905 0.0006973 0.00081965
23 0.00075565 0.00067635 0.0006543 0.0007785 0.00086665 0.00088 0.00074915 0.00067195 0.00090115 0.00089735 0.00073685 0.00072655 0.00085305 0.0006404 0.00087075 0.00079905 0.00073685 0.0006085 0.0007534 0.00074915 0.0008668 0.0008154 0.00084185 0.0008611 0.0008532 0.00086535 0.00086635 0.00070315 0.00063575 0.00089385 0.00087405 0.0007206 0.0007323 0.0006803 0.0007776 0.0008371 0.0007669 0.0008157 0.00066725 0.00088365 0.000865 0.00079765 0.0008382 0.0008496 0.0008315 0.0007531 0.0007673 0.00080685 0.0007408 0.00085895 0.00070205 0.0008634 0.00082105 0.0008311 0.00077625 0.0006598 0.00090575 0.00088735 0.0007068 0.00089645 0.00075635 0.00077785 0.0008604 0.00088175 0.0006117 0.0007832 0.00077985 0.00072475 0.00055335 0.00074765 0.0007532 0.0008563 0.0007985 0.00082255 0.0007663 0.00070995 0.00076075 0.00063835 0.000756 0.00075035 0.00075345 0.00073855 0.00074495 0.0008089 0.00076735 0.00089115 0.00088155 0.00085495 0.00064185 0.00070985 0.000875 0.00079115 0.00071855 0.00055835 0.0007477 0.0008164 0.0007983 0.00064495 0.0008531 0.00077955
24 0.00070945 0.0008679 0.0008593 0.00077295 0.0006543 0.00074885 0.00077985 0.000847 0.00063035 0.0005674 0.0008426 0.00070695 0.00043705 0.00083945 0.0007956 0.00087475 0.0008426 0.0008677 0.0007596 0.00077985 0.00065415 0.00066535 0.0006974 0.0008532 0.0008738 0.0005818 0.0007247 0.00085485 0.0007585 0.00076885 0.0007599 0.0007076 0.00077685 0.0007464 0.0007885 0.00062385 0.0008552 0.000892 0.0007263 0.0006387 0.00062845 0.00063005 0.0007018 0.0006386 0.0008276 0.00076335 0.00084585 0.0008654 0.0009048 0.0005443 0.0008319 0.0006248 0.00062185 0.0006248 0.00085625 0.00074365 0.0006549 0.00043715 0.00064965 0.00063405 0.00086885 0.00078875 0.0008313 0.0006409 0.0008915 0.0008736 0.00081005 0.00085835 0.000854 0.00065255 0.000795 0.0006573 0.00075235 0.00080655 0.00068715 0.00088415 0.0008159 0.00085585 0.0008893 0.0007711 0.00079525 0.00073875 0.00071845 0.00087555 0.0008301 0.0007778 0.0006407 0.0006959 0.00083725 0.00069785 0.00085085 0.00083395 0.00084815 0.0008623 0.00065245 0.0006728 0.0007043 0.00084895 0.000437 0.00080975
25 0.000547 0.0008888 0.00085995 0.00081535 0.0006259 0.00058455 0.0006979 0.00082195 0.0005751 0.0004381 0.00079995 0.00052055 0.00058165 0.0008838 0.0008304 0.00087995 0.00079995 0.00085895 0.00070245 0.0006979 0.0006259 0.0006019 0.0004631 0.00086535 0.0005818 0.0003414 0.0005278 0.00085775 0.00079265 0.00069425 0.0006916 0.0004977 0.0006818 0.00073895 0.0007868 0.0006038 0.0008558 0.0009004 0.00048555 0.0005796 0.0005975 0.0005879 0.0005241 0.00083805 0.0008508 0.00079925 0.0008272 0.0008785 0.00091085 0.00041975 0.00085085 0.00056575 0.0005519 0.00058905 0.00085305 0.00067935 0.0003617 0.0003233 0.0006065 0.0004156 0.0008551 0.00078705 0.0008332 0.0005703 0.0008681 0.00087715 0.0007923 0.00086175 0.0008445 0.0008645 0.00081805 0.00064745 0.0006497 0.0007467 0.00050695 0.00086985 0.00086815 0.0008644 0.00088405 0.00065825 0.0008183 0.0004856 0.0005367 0.0008765 0.0008639 0.00071285 0.0005701 0.00067225 0.00090605 0.0004673 0.00084465 0.0008302 0.0008233 0.000913 0.00086455 0.00065395 0.00051895 0.00086145 0.0005817 0.000792
26 0.00066105 0.0008602 0.00086595 0.00088325 0.0007657 0.00068715 0.0006773 0.00084725 0.00058295 0.00062195 0.0007873 0.00069655 0.00072455 0.0008858 0.00087015 0.00090875 0.0007873 0.0007224 0.0008031 0.0006773 0.0007658 0.0007844 0.00059365 0.00086635 0.0007247 0.0005278 0.0008948 0.0006103 0.0008388 0.000704 0.000737 0.000724 0.00067345 0.00076695 0.00074825 0.00062485 0.000873 0.0009196 0.0006357 0.000717 0.0007534 0.00074535 0.00074125 0.00080675 0.00073995 0.000818 0.0008674 0.00087605 0.00094625 0.00069055 0.000812 0.00074215 0.00068 0.0007581 0.0008627 0.00077885 0.00052815 0.000635 0.0007063 0.0005877 0.00083965 0.0007485 0.00083215 0.0007501 0.0008981 0.0006954 0.00088215 0.0008927 0.000842 0.00083725 0.00081075 0.00062205 0.0008126 0.00078355 0.0007298 0.00093015 0.00086145 0.00086025 0.000929 0.00069205 0.000811 0.00065015 0.0007219 0.0009107 0.00064945 0.0007485 0.0007499 0.0007348 0.00086745 0.00069155 0.00087615 0.00085845 0.0007685 0.0008834 0.0008373 0.00080335 0.00059725 0.0008652 0.0007246 0.00088185
27 0.00084975 0.000788 0.0007265 0.0008936 0.0008587 0.0008742 0.00055735 0.0006875 0.00071035 0.00085345 0.00073965 0.00075665 0.0008547 0.00085125 0.0008618 0.00089255 0.00073965 0.00053935 0.00081705 0.00055735 0.00085885 0.00087475 0.00076825 0.00070315 0.00085485 0.00085775 0.0006103 0.0005364 0.00071235 0.00082305 0.00085725 0.0007509 0.0005697 0.00059415 0.000592 0.0006201 0.00083435 0.0008856 0.0007246 0.00083 0.0008501 0.00082485 0.00084725 0.00082435 0.0006223 0.0007513 0.00078955 0.0008594 0.00088345 0.0008534 0.0007204 0.00085965 0.00069555 0.00087305 0.0008265 0.00071055 0.0008657 0.0008606 0.00057785 0.0008705 0.00072515 0.00059225 0.00083385 0.0008628 0.0007571 0.0005822 0.0008553 0.0008436 0.00067605 0.0008185 0.0007247 0.0007445 0.00088615 0.00086195 0.00081435 0.0008801 0.00080765 0.00071065 0.000902 0.0007629 0.00072495 0.00077335 0.00079865 0.00087175 0.00056695 0.00085075 0.0008626 0.0008733 0.0008013 0.00075485 0.00085955 0.0008317 0.00054625 0.0008113 0.00081855 0.0008731 0.00066355 0.00071095 0.00085475 0.000855
28 0.00083295 0.00083435 0.0006544 0.0007421 0.00081865 0.0008491 0.0006475 0.00070235 0.00085435 0.0007596 0.0007325 0.0007136 0.00075835 0.0008555 0.00078155 0.00088685 0.0007325 0.00066665 0.00082085 0.0006475 0.0008188 0.00080155 0.0006874 0.00063575 0.0007585 0.00079265 0.0008388 0.00071235 0.0007927 0.0007837 0.00079615 0.00059475 0.00064755 0.0006425 0.0008017 0.00081735 0.00082155 0.0008655 0.0006218 0.0008198 0.0007809 0.0005943 0.00081235 0.00078255 0.00084125 0.0006041 0.0007791 0.00086875 0.0008016 0.00080165 0.00059775 0.0008318 0.00079545 0.0008176 0.000839 0.00064235 0.0007681 0.00079585 0.0006695 0.00076905 0.0008505 0.00080195 0.00085645 0.00081975 0.0006878 0.00083575 0.00078665 0.0006019 0.0006325 0.00077765 0.00060205 0.00077825 0.0008198 0.00075945 0.00058445 0.00077865 0.00056655 0.00063625 0.00083525 0.0006721 0.0006023 0.0006051 0.0006835 0.00081695 0.00063065 0.0007753 0.00081955 0.0007209 0.00084375 0.0006965 0.0008349 0.00062015 0.00070775 0.0008383 0.00077775 0.00076285 0.00079 0.00064595 0.0007584 0.00078635
29 0.00074005 0.0008397 0.00086615 0.0008119 0.00081175 0.00074205 0.0006582 0.00077385 0.0007822 0.0006083 0.0006494 0.0008095 0.0007687 0.00090375 0.0005191 0.0009088 0.0006494 0.0008472 0.00081765 0.0006582 0.0008119 0.0008388 0.00070195 0.00089385 0.00076885 0.00069425 0.000704 0.00082305 0.0007837 0.0009066 0.00067 0.00078925 0.00065415 0.0007977 0.0008125 0.0008159 0.0006798 0.0007315 0.0007389 0.00060795 0.0006621 0.0007931 0.0008085 0.000614 0.0006941 0.0007929 0.00087535 0.00069215 0.000926 0.0007793 0.00081515 0.00081985 0.0007778 0.00084025 0.0006795 0.00082395 0.0005333 0.0007629 0.00083315 0.00058335 0.0008628 0.00081275 0.00066995 0.0006412 0.00090555 0.0008291 0.000879 0.00086695 0.00085205 0.0008072 0.00082495 0.0007303 0.00087425 0.0006953 0.00079715 0.00089765 0.0006847 0.0008627 0.00089655 0.00064955 0.0008252 0.00071475 0.00079025 0.00072375 0.00080695 0.00049355 0.000641 0.00060745 0.0008533 0.00081015 0.00052585 0.00066935 0.000654 0.00088035 0.00080725 0.00077855 0.0007893 0.00072625 0.00076875 0.0008787
30 0.000774 0.0008723 0.0008988 0.0007907 0.0008453 0.0005106 0.0006451 0.00087085 0.00081365 0.00058895 0.0008705 0.0008084 0.00075975 0.00067045 0.0008333 0.0006801 0.0008705 0.00086025 0.00083235 0.0006451 0.00084545 0.00084715 0.00074025 0.00087405 0.0007599 0.0006916 0.000737 0.00085725 0.00079615 0.00067 0.0008596 0.0008044 0.00063865 0.0007934 0.00086035 0.00074675 0.00089685 0.0009071 0.000731 0.0008288 0.0008146 0.0008136 0.0008557 0.0008411 0.00081905 0.0008307 0.0006797 0.00091975 0.00094495 0.0007701 0.00086385 0.00059505 0.00078195 0.0006333 0.0008823 0.0008173 0.00052395 0.0007477 0.00084205 0.0005239 0.0008734 0.0008606 0.00067005 0.00082 0.0008941 0.0009099 0.0008803 0.0009091 0.00085805 0.00082215 0.00088805 0.00076595 0.0007803 0.00068655 0.0008183 0.00091225 0.00086495 0.00089355 0.0009116 0.00063045 0.0008883 0.00073835 0.0007423 0.00091545 0.00086375 0.00065755 0.0008198 0.0005591 0.00090115 0.00079775 0.00088805 0.000882 0.0008788 0.00089165 0.0008222 0.00074035 0.00081505 0.0008686 0.0007598 0.00088
31 0.0007474 0.0008608 0.0007203 0.00080975 0.0007031 0.000758 0.00072065 0.0007368 0.00069545 0.0006563 0.00072715 0.0005693 0.00070745 0.0008649 0.0007891 0.0008688 0.00072715 0.0007228 0.00075065 0.00072065 0.00070315 0.00069505 0.00064565 0.0007206 0.0007076 0.0004977 0.000724 0.0007509 0.00059475 0.00078925 0.0008044 0.0008032 0.0007042 0.00068945 0.00076635 0.000675 0.0008126 0.0008611 0.00057 0.00066565 0.0006656 0.00056495 0.0006269 0.00084055 0.0008032 0.000753 0.00075505 0.0008519 0.0008708 0.00058665 0.0007058 0.000674 0.0006395 0.00070925 0.00082495 0.00061705 0.00068665 0.0005327 0.00063235 0.00068725 0.00082685 0.0007666 0.0008138 0.0006609 0.00074275 0.00084785 0.00078475 0.00072325 0.0007036 0.0008716 0.00068855 0.0007427 0.00073365 0.00083175 0.0004954 0.0008167 0.0006954 0.00071005 0.00085275 0.0007176 0.00068875 0.00049765 0.0006039 0.00083585 0.0007218 0.0007973 0.0006607 0.0008012 0.0008811 0.00052855 0.00080145 0.0006891 0.0007135 0.0008809 0.00087165 0.0007315 0.00059675 0.00072635 0.0007075 0.00078445
32 0.0007536 0.0008143 0.00074565 0.0008212 0.00083 0.00074075 0.00044755 0.0007214 0.000814 0.00060915 0.0007991 0.0007489 0.0007767 0.0008635 0.00081255 0.0008842 0.0007991 0.0007073 0.0008046 0.00044755 0.00083015 0.00084585 0.00067425 0.0007323 0.00077685 0.0006818 0.00067345 0.0005697 0.00064755 0.00065415 0.00063865 0.0007042 0.0008622 0.00060545 0.00069105 0.0007304 0.00084405 0.00088575 0.000612 0.00083185 0.00081185 0.00079355 0.00080685 0.000822 0.00077185 0.0007353 0.0007833 0.0008951 0.0008983 0.0007909 0.00076005 0.0008149 0.0007045 0.00083255 0.000842 0.0007189 0.00053225 0.0007868 0.0006428 0.0005796 0.0007723 0.0006913 0.00086175 0.00082825 0.00077065 0.00079665 0.00083785 0.00084785 0.0007024 0.00079055 0.00077535 0.00079575 0.00086065 0.0006614 0.00076045 0.0008525 0.00079725 0.00073205 0.00089355 0.0005762 0.0007756 0.0006439 0.00070535 0.0008774 0.00075215 0.000641 0.00082805 0.0006042 0.0008441 0.0007254 0.00085955 0.0008303 0.0006542 0.00084755 0.0007906 0.00078605 0.0007665 0.00072445 0.00077675 0.00083755
33 0.00081655 0.0008421 0.00068225 0.00065525 0.00075245 0.00079925 0.0006185 0.0007037 0.00078195 0.00074915 0.0007823 0.00073665 0.00074625 0.0008026 0.0008241 0.0008346 0.0007823 0.00071665 0.00079845 0.0006185 0.0007526 0.00074865 0.0007003 0.0006803 0.0007464 0.00073895 0.00076695 0.00059415 0.0006425 0.0007977 0.0007934 0.00068945 0.00060545 0.000871 0.00067865 0.0007166 0.00078485 0.0008541 0.0006716 0.00077175 0.00075025 0.0007402 0.0007328 0.00079485 0.00076945 0.0006714 0.00072845 0.00083595 0.00078635 0.00073915 0.0007549 0.00075965 0.0006941 0.00074775 0.0008356 0.00067505 0.00077345 0.0007234 0.0005808 0.0007631 0.00076145 0.0006789 0.00081605 0.00077625 0.0007242 0.00075315 0.00079685 0.0007616 0.00070665 0.0008057 0.00072075 0.00061055 0.00074105 0.00078665 0.0007276 0.00078575 0.00076295 0.00067655 0.0008339 0.0007595 0.000721 0.00071395 0.000693 0.0008127 0.00075565 0.0008135 0.00077605 0.00063755 0.0008517 0.0007249 0.00084005 0.00078925 0.000628 0.00081785 0.00080575 0.0006274 0.0007695 0.0006888 0.0007463 0.00079655
34 0.0008042 0.00081775 0.00081505 0.00086605 0.0007987 0.00084535 0.0006908 0.00079105 0.0007934 0.00079525 0.0007897 0.0007958 0.00078835 0.0008309 0.00080185 0.0008854 0.0007897 0.0008101 0.00080435 0.0006908 0.00079885 0.00078945 0.0006806 0.0007776 0.0007885 0.0007868 0.00074825 0.000592 0.0008017 0.0008125 0.00086035 0.00076635 0.00069105 0.00067865 0.0006091 0.00068305 0.0007865 0.0008471 0.0007937 0.0007725 0.00075595 0.00076495 0.00079135 0.00080565 0.00069895 0.0006867 0.00086555 0.000836 0.0008359 0.00077325 0.0007378 0.00081255 0.00053 0.00082805 0.0008025 0.0007864 0.00082305 0.00075545 0.00066645 0.0008207 0.0005952 0.0003048 0.00083765 0.00077135 0.00084085 0.0007333 0.00083085 0.0007998 0.00079705 0.0008196 0.0005404 0.00082745 0.000836 0.0008415 0.00076935 0.0008692 0.00076605 0.00080935 0.00087875 0.00081225 0.00054065 0.00081345 0.00082715 0.00081655 0.00073085 0.00082265 0.00077115 0.0008475 0.00080765 0.0007759 0.0007982 0.00078175 0.00066825 0.0007971 0.00081965 0.00082535 0.00079375 0.000776 0.0007884 0.00083055
35 0.0007687 0.00082715 0.00084265 0.0008607 0.00064965 0.00069975 0.00074005 0.00080785 0.0005428 0.00060115 0.000802 0.00067825 0.00062375 0.00079515 0.0008272 0.00081905 0.000802 0.0007414 0.00077825 0.00074005 0.00064965 0.0006619 0.00069415 0.0008371 0.00062385 0.0006038 0.00062485 0.0006201 0.00081735 0.0008159 0.00074675 0.000675 0.0007304 0.0007166 0.00068305 0.0007907 0.00083955 0.00089755 0.0007066 0.0006104 0.00061105 0.00063715 0.00072305 0.00083865 0.00060875 0.0008179 0.0007661 0.00088985 0.0009406 0.00056255 0.0008009 0.00053325 0.00053655 0.0006663 0.0008247 0.00074395 0.0007248 0.00039555 0.00066755 0.00065425 0.00081555 0.0006833 0.00075605 0.00060895 0.00087065 0.0007496 0.00086965 0.0008953 0.0007986 0.0008396 0.0007745 0.00069315 0.0007162 0.00087955 0.00071345 0.0009101 0.0008442 0.00083695 0.0009143 0.00079255 0.00077475 0.00071965 0.00066405 0.0008864 0.00073455 0.00082585 0.00060875 0.00082525 0.0008608 0.00067145 0.0008332 0.0008424 0.0007396 0.00086535 0.00083965 0.0007866 0.00062135 0.00081565 0.0006238 0.00086935
