 slim_337544096 slim_337544073 slim_337543875 slim_337544057 slim_337543807 slim_337544022 slim_337544040 slim_337544098 slim_337543746 slim_337544108 slim_337544076 slim_337544134 slim_337544136 slim_337544119 slim_337544024 slim_337544053 slim_337544107 slim_337544124 slim_337544126 slim_337544117 slim_337544007 slim_337544133 slim_337544129 slim_337544013 slim_337544029 slim_337544151 slim_337544039 slim_337544092 slim_337544050 slim_337544150 slim_337544148 slim_337544103 slim_337543972 slim_337544142 slim_337544104 slim_337543984 slim_337544100 slim_337543931 slim_337544131 slim_337544145 slim_337543970 slim_337544090 slim_337544001 slim_337544154 slim_337544121 slim_337544083 slim_337543955 slim_337544054 slim_337544114 slim_337544043 slim_337544091 slim_337544147 slim_337544004 slim_337544086 slim_337544021 slim_337544038 slim_337544140 slim_337544094 slim_337544010 slim_337543791 slim_337544052 slim_337544075 slim_337543906 slim_337543631 slim_337544058 slim_337544127 slim_337544062 slim_337544101 slim_337544002 slim_337543868 slim_337544095 slim_337544125 slim_337544035 slim_337544032 slim_337543946 slim_337544149 slim_337544027 slim_337544115 slim_337544120 slim_337544152 slim_337544023 slim_337544139 slim_337543888 slim_337543669 slim_337543993 slim_337544097 slim_337544030 slim_337544153 slim_337543809 slim_337544048 slim_337544123 slim_337544144 slim_337544116 slim_337544037 slim_337544138 slim_337543904 slim_337544109 slim_337543951 slim_337544132 slim_337544065
0 5.07e-05 3.17e-05 3.585e-05 3.63e-05 3.555e-05 3.23e-05 3.095e-05 2.965e-05 3.48e-05 3.4e-05 3.59e-05 3.125e-05 3.335e-05 3.18e-05 3.675e-05 3.69e-05 4.165e-05 3.275e-05 3.855e-05 2.915e-05 3.315e-05 3.54e-05 7.91e-05 3.575e-05 3.98e-05 7.855e-05 3.45e-05 4.72e-05 3.18e-05 2.875e-05 3.83e-05 7.4e-05 3.97e-05 7.41e-05 4.605e-05 3.79e-05 3.185e-05 7.465e-05 3.755e-05 2.96e-05 3.69e-05 8.05e-05 3.28e-05 3.865e-05 7.89e-05 3.2e-05 4.23e-05 8.01e-05 3.3e-05 3.46e-05 3.08e-05 7.41e-05 3.26e-05 4.39e-05 7.735e-05 3.35e-05 2.725e-05 4.115e-05 8.215e-05 3.255e-05 3.315e-05 3.52e-05 4.32e-05 4.34e-05 3.295e-05 3.455e-05 3.285e-05 7.905e-05 3.8e-05 3.36e-05 3.71e-05 3.5e-05 3.48e-05 4.115e-05 3.57e-05 3.35e-05 3.66e-05 3.71e-05 3.5e-05 7.505e-05 8.225e-05 3.85e-05 2.77e-05 3.975e-05 3.33e-05 3.635e-05 4.025e-05 3.195e-05 3.985e-05 3.575e-05 3.605e-05 3.135e-05 3.28e-05 3.275e-05 3.425e-05 3.305e-05 4.07e-05 3.51e-05 3.595e-05 3.885e-05
1 3.17e-05 6.02e-05 3.44e-05 3.55e-05 3.51e-05 3.835e-05 3.715e-05 3.56e-05 3.38e-05 3.88e-05 3.55e-05 3.76e-05 3.815e-05 3.125e-05 3.575e-05 3.59e-05 3.525e-05 3.785e-05 3.82e-05 3.51e-05 3.875e-05 3.4e-05 8.295e-05 3.475e-05 3.245e-05 8.29e-05 3.395e-05 4.105e-05 3.09e-05 3.55e-05 3.8e-05 7.905e-05 4.03e-05 7.875e-05 3.97e-05 3.035e-05 3.775e-05 7.84e-05 3.71e-05 3.455e-05 3.755e-05 7.84e-05 3.76e-05 3.915e-05 8.32e-05 3.79e-05 3.66e-05 7.865e-05 3.985e-05 3.345e-05 3.7e-05 7.915e-05 3.77e-05 4.38e-05 8.17e-05 3.81e-05 3.28e-05 3.44e-05 8.11e-05 3.765e-05 3.84e-05 3.48e-05 4.31e-05 3.725e-05 3.9e-05 3.94e-05 3.795e-05 8.3e-05 3.83e-05 3.415e-05 3.775e-05 3.525e-05 3.38e-05 3.515e-05 3.51e-05 3.83e-05 3.575e-05 3.775e-05 3.38e-05 7.97e-05 8.05e-05 3.155e-05 3.38e-05 3.24e-05 3.935e-05 3.495e-05 4.085e-05 3.91e-05 3.4e-05 3.52e-05 3.48e-05 3.77e-05 3.745e-05 3.785e-05 3.865e-05 3.83e-05 4.12e-05 3.45e-05 3.47e-05 3.81e-05
2 3.585e-05 3.44e-05 6.54e-05 3.54e-05 3.565e-05 3.72e-05 3.78e-05 3.57e-05 3.395e-05 3.52e-05 3.675e-05 3.72e-05 3.405e-05 3.455e-05 3.585e-05 3.6e-05 3.55e-05 3.72e-05 3.685e-05 3.56e-05 3.57e-05 3.58e-05 8.07e-05 3.495e-05 3.395e-05 8.135e-05 3.45e-05 4.11e-05 3.48e-05 3.695e-05 3.565e-05 8.01e-05 4.135e-05 8.045e-05 4.005e-05 3.3e-05 3.765e-05 8.02e-05 3.63e-05 3.64e-05 3.745e-05 7.92e-05 3.39e-05 3.73e-05 8.095e-05 3.775e-05 3.57e-05 7.945e-05 3.855e-05 3.535e-05 3.76e-05 8.02e-05 3.7e-05 4.225e-05 8.005e-05 3.675e-05 3.63e-05 3.49e-05 8.06e-05 3.695e-05 3.67e-05 3.6e-05 4.155e-05 3.7e-05 3.785e-05 3.755e-05 3.73e-05 8.13e-05 3.78e-05 3.61e-05 3.765e-05 3.645e-05 3.405e-05 3.515e-05 3.62e-05 3.42e-05 3.565e-05 3.765e-05 3.45e-05 8.08e-05 7.975e-05 3.395e-05 3.69e-05 3.39e-05 3.81e-05 3.505e-05 4.16e-05 3.93e-05 3.505e-05 3.535e-05 3.55e-05 3.705e-05 3.49e-05 3.72e-05 3.495e-05 3.66e-05 4.205e-05 3.555e-05 3.54e-05 3.435e-05
3 3.63e-05 3.55e-05 3.54e-05 6.73e-05 3.69e-05 3.61e-05 3.76e-05 3.64e-05 3.5e-05 3.56e-05 3.76e-05 3.625e-05 3.53e-05 3.625e-05 3.51e-05 3.535e-05 3.535e-05 3.605e-05 3.64e-05 3.61e-05 3.69e-05 3.63e-05 8.105e-05 3.54e-05 3.51e-05 8.05e-05 3.505e-05 4.075e-05 3.56e-05 3.75e-05 3.635e-05 8.08e-05 4.23e-05 8.03e-05 4.17e-05 3.54e-05 3.73e-05 7.995e-05 3.625e-05 3.555e-05 3.715e-05 8.03e-05 3.495e-05 3.815e-05 8.07e-05 3.685e-05 3.64e-05 8.035e-05 3.865e-05 3.535e-05 3.685e-05 8.095e-05 3.53e-05 4.16e-05 7.985e-05 3.68e-05 3.705e-05 3.67e-05 8.05e-05 3.525e-05 3.47e-05 3.69e-05 4.085e-05 3.895e-05 3.68e-05 3.71e-05 3.615e-05 8.185e-05 3.765e-05 3.695e-05 3.735e-05 3.715e-05 3.5e-05 3.695e-05 3.685e-05 3.545e-05 3.735e-05 3.735e-05 3.51e-05 8.195e-05 7.98e-05 3.615e-05 3.7e-05 3.505e-05 3.715e-05 3.695e-05 4.265e-05 3.915e-05 3.605e-05 3.575e-05 3.56e-05 3.675e-05 3.6e-05 3.605e-05 3.68e-05 3.47e-05 4.31e-05 3.65e-05 3.55e-05 3.645e-05
4 3.555e-05 3.51e-05 3.565e-05 3.69e-05 2.32e-05 3.71e-05 3.775e-05 3.635e-05 3.605e-05 6.06e-05 1.365e-05 3.73e-05 5.975e-05 1.195e-05 3.735e-05 3.75e-05 1.44e-05 6.135e-05 3.855e-05 3.625e-05 3.67e-05 3.7e-05 8.19e-05 3.68e-05 1.25e-05 8.245e-05 3.655e-05 3.7e-05 3.555e-05 1.29e-05 3.785e-05 5.725e-05 3.61e-05 8.09e-05 3.63e-05 1.19e-05 3.74e-05 8.015e-05 3.815e-05 6.005e-05 1.48e-05 5.74e-05 5.96e-05 1.365e-05 8.205e-05 3.765e-05 1.515e-05 5.8e-05 1.305e-05 3.595e-05 3.77e-05 5.735e-05 6.13e-05 6.095e-05 8.145e-05 6.1e-05 3.55e-05 1.39e-05 5.915e-05 6.125e-05 6.1e-05 1.3e-05 6.025e-05 1.59e-05 3.775e-05 3.865e-05 6.145e-05 5.92e-05 3.785e-05 1.365e-05 1.5e-05 1.38e-05 3.605e-05 1.435e-05 3.78e-05 5.99e-05 1.42e-05 1.5e-05 3.605e-05 5.77e-05 5.805e-05 1.275e-05 3.635e-05 1.245e-05 3.81e-05 1.37e-05 3.635e-05 1.49e-05 1.425e-05 3.725e-05 3.685e-05 3.73e-05 6.015e-05 6.135e-05 3.715e-05 6.09e-05 3.655e-05 3.715e-05 3.675e-05 3.735e-05
5 3.23e-05 3.835e-05 3.72e-05 3.61e-05 3.71e-05 5.49e-05 3.095e-05 3.05e-05 3.665e-05 2.985e-05 3.78e-05 2.91e-05 2.935e-05 3.865e-05 3.705e-05 3.72e-05 4.4e-05 3.045e-05 3.665e-05 3.05e-05 2.87e-05 3.825e-05 7.735e-05 3.695e-05 4.395e-05 7.63e-05 3.59e-05 4.865e-05 3.85e-05 3e-05 3.59e-05 7.74e-05 4.255e-05 7.735e-05 4.875e-05 4.46e-05 2.945e-05 7.755e-05 3.665e-05 3.075e-05 3.55e-05 8.375e-05 2.93e-05 3.645e-05 7.555e-05 2.905e-05 4.295e-05 8.29e-05 2.875e-05 3.775e-05 3.045e-05 7.75e-05 2.995e-05 4.11e-05 7.575e-05 3.17e-05 3.2e-05 4.41e-05 8.31e-05 2.99e-05 2.87e-05 3.61e-05 4.025e-05 4.52e-05 2.86e-05 3.03e-05 3.055e-05 7.685e-05 3.565e-05 3.665e-05 3.57e-05 3.545e-05 3.665e-05 4.305e-05 3.75e-05 2.95e-05 3.685e-05 3.57e-05 3.685e-05 7.755e-05 8.295e-05 4.415e-05 3.115e-05 4.39e-05 2.91e-05 3.765e-05 4.245e-05 3.065e-05 4.32e-05 3.64e-05 3.725e-05 2.95e-05 3.065e-05 3.045e-05 3.02e-05 2.85e-05 4.245e-05 3.725e-05 3.715e-05 3.645e-05
6 3.095e-05 3.715e-05 3.78e-05 3.76e-05 3.775e-05 3.095e-05 5.5e-05 3.115e-05 3.745e-05 3.285e-05 3.835e-05 2.95e-05 3.21e-05 3.715e-05 3.8e-05 3.815e-05 4.475e-05 3.015e-05 3.94e-05 3.125e-05 3.16e-05 3.675e-05 7.82e-05 3.79e-05 4.43e-05 7.765e-05 3.69e-05 4.94e-05 3.72e-05 3.06e-05 3.84e-05 7.63e-05 4.285e-05 7.645e-05 4.91e-05 4.315e-05 2.895e-05 7.72e-05 3.76e-05 3.195e-05 3.675e-05 8.27e-05 3.215e-05 3.89e-05 7.83e-05 3.05e-05 4.37e-05 8.205e-05 3.17e-05 3.88e-05 2.89e-05 7.64e-05 3.15e-05 4.385e-05 7.695e-05 3.1e-05 3.095e-05 4.445e-05 8.245e-05 3.145e-05 3.22e-05 3.695e-05 4.315e-05 4.555e-05 3.16e-05 3.325e-05 3.035e-05 7.78e-05 3.81e-05 3.47e-05 3.695e-05 3.65e-05 3.745e-05 4.34e-05 3.6e-05 3.225e-05 3.735e-05 3.695e-05 3.765e-05 7.61e-05 8.37e-05 4.27e-05 2.925e-05 4.425e-05 3.2e-05 3.815e-05 4.275e-05 3.05e-05 4.215e-05 3.735e-05 3.82e-05 2.96e-05 3.015e-05 3.025e-05 3.275e-05 3.21e-05 4.25e-05 3.465e-05 3.81e-05 3.885e-05
7 2.965e-05 3.56e-05 3.57e-05 3.64e-05 3.635e-05 3.05e-05 3.115e-05 5.58e-05 3.535e-05 3.055e-05 3.745e-05 3.045e-05 2.885e-05 3.555e-05 3.685e-05 3.7e-05 4.36e-05 3.09e-05 3.755e-05 2.85e-05 3.075e-05 3.685e-05 7.75e-05 3.62e-05 4.235e-05 7.705e-05 3.465e-05 4.805e-05 3.6e-05 3.025e-05 3.55e-05 7.58e-05 4.09e-05 7.635e-05 4.725e-05 4.165e-05 3.105e-05 7.665e-05 3.665e-05 3.02e-05 3.7e-05 8.23e-05 2.94e-05 3.715e-05 7.665e-05 3.105e-05 4.245e-05 8.155e-05 3.155e-05 3.66e-05 3.085e-05 7.59e-05 3.06e-05 4.18e-05 7.59e-05 3.155e-05 2.98e-05 4.27e-05 8.255e-05 3.055e-05 3.03e-05 3.67e-05 4.11e-05 4.445e-05 3.115e-05 3.27e-05 3.1e-05 7.855e-05 3.755e-05 3.575e-05 3.72e-05 3.615e-05 3.55e-05 4.155e-05 3.61e-05 2.9e-05 3.705e-05 3.72e-05 3.57e-05 7.615e-05 8.285e-05 4.12e-05 3.035e-05 4.23e-05 3.15e-05 3.785e-05 4.03e-05 3.225e-05 4.115e-05 3.555e-05 3.65e-05 3.02e-05 3.035e-05 3.09e-05 3.185e-05 3.02e-05 4.125e-05 3.55e-05 3.64e-05 3.65e-05
8 3.48e-05 3.38e-05 3.395e-05 3.5e-05 3.605e-05 3.665e-05 3.745e-05 3.535e-05 6.65e-05 3.55e-05 3.715e-05 3.665e-05 3.455e-05 3.465e-05 3.545e-05 3.56e-05 3.615e-05 3.605e-05 3.655e-05 3.485e-05 3.68e-05 3.55e-05 8.2e-05 3.455e-05 3.45e-05 8.145e-05 3.38e-05 4.195e-05 3.42e-05 3.69e-05 3.605e-05 8.07e-05 4.175e-05 8.035e-05 4.09e-05 3.355e-05 3.73e-05 7.955e-05 3.645e-05 3.485e-05 3.81e-05 8.025e-05 3.4e-05 3.815e-05 8.105e-05 3.72e-05 3.72e-05 8.04e-05 3.88e-05 3.47e-05 3.705e-05 8.08e-05 3.565e-05 4.215e-05 7.995e-05 3.68e-05 3.55e-05 3.605e-05 8.19e-05 3.56e-05 3.535e-05 3.64e-05 4.145e-05 3.82e-05 3.73e-05 3.765e-05 3.615e-05 8.285e-05 3.8e-05 3.64e-05 3.83e-05 3.675e-05 3.345e-05 3.64e-05 3.615e-05 3.47e-05 3.695e-05 3.83e-05 3.39e-05 8.17e-05 8.08e-05 3.475e-05 3.615e-05 3.445e-05 3.765e-05 3.61e-05 4.23e-05 3.955e-05 3.61e-05 3.535e-05 3.51e-05 3.66e-05 3.54e-05 3.605e-05 3.67e-05 3.525e-05 4.275e-05 3.56e-05 3.5e-05 3.62e-05
9 3.4e-05 3.88e-05 3.52e-05 3.56e-05 6.06e-05 2.985e-05 3.285e-05 3.055e-05 3.55e-05 6.7e-06 6.175e-05 3.06e-05 3.65e-06 6.24e-05 3.55e-05 3.575e-05 6.58e-05 5.95e-06 3.4e-05 3.055e-05 2.965e-05 3.825e-05 7.59e-05 3.52e-05 6.57e-05 7.405e-05 3.455e-05 5.375e-05 3.895e-05 5.65e-05 3.365e-05 0.0001007 4.875e-05 7.735e-05 5.37e-05 6.71e-05 3.195e-05 7.795e-05 3.495e-05 6.9e-06 6.095e-05 0.0001058 3.6e-06 5.905e-05 7.225e-05 3.13e-05 6.43e-05 0.0001048 5.52e-05 3.765e-05 3.19e-05 0.0001008 4.95e-06 2.175e-05 7.41e-05 7.95e-06 3.415e-05 6.555e-05 0.00010515 4.9e-06 3.75e-06 6.155e-05 2.205e-05 6.65e-05 2.95e-05 2.98e-05 5.85e-06 0.00010035 3.725e-05 6.115e-05 6.115e-05 6.075e-05 3.56e-05 6.45e-05 3.735e-05 3.75e-06 6.07e-05 6.115e-05 3.58e-05 0.0001011 0.00010425 6.65e-05 3.375e-05 6.565e-05 2.975e-05 6.165e-05 4.865e-05 5.675e-05 6.555e-05 3.43e-05 3.545e-05 3.06e-05 5.9e-06 6.15e-06 2.97e-05 3.6e-06 4.89e-05 3.685e-05 3.535e-05 3.335e-05
10 3.59e-05 3.55e-05 3.675e-05 3.76e-05 1.365e-05 3.78e-05 3.835e-05 3.745e-05 3.715e-05 6.175e-05 2.39e-05 3.805e-05 6.16e-05 1.235e-05 3.75e-05 3.765e-05 1.385e-05 6.22e-05 3.83e-05 3.735e-05 3.755e-05 3.755e-05 8.23e-05 3.72e-05 1.235e-05 8.38e-05 3.765e-05 3.575e-05 3.59e-05 1.3e-05 3.83e-05 5.855e-05 3.51e-05 8.22e-05 3.53e-05 1.23e-05 3.795e-05 8.155e-05 3.82e-05 6.045e-05 1.475e-05 5.87e-05 6.145e-05 1.5e-05 8.3e-05 3.81e-05 1.47e-05 5.93e-05 1.48e-05 3.585e-05 3.82e-05 5.865e-05 6.205e-05 6e-05 8.35e-05 6.09e-05 3.595e-05 1.36e-05 6.03e-05 6.2e-05 6.2e-05 1.3e-05 5.985e-05 1.615e-05 3.79e-05 3.875e-05 6.23e-05 6.02e-05 3.73e-05 1.38e-05 1.495e-05 1.39e-05 3.715e-05 1.415e-05 3.84e-05 6.175e-05 1.44e-05 1.495e-05 3.705e-05 5.9e-05 5.88e-05 1.325e-05 3.65e-05 1.23e-05 3.815e-05 1.38e-05 3.535e-05 1.315e-05 1.455e-05 3.765e-05 3.73e-05 3.82e-05 6.17e-05 6.22e-05 3.8e-05 6.19e-05 3.555e-05 3.805e-05 3.72e-05 3.78e-05
11 3.125e-05 3.76e-05 3.72e-05 3.625e-05 3.73e-05 2.91e-05 2.95e-05 3.045e-05 3.665e-05 3.06e-05 3.805e-05 5.64e-05 3.01e-05 3.785e-05 3.705e-05 3.72e-05 4.415e-05 3.045e-05 3.74e-05 3.045e-05 3.025e-05 3.75e-05 7.75e-05 3.695e-05 4.395e-05 7.645e-05 3.59e-05 4.88e-05 3.75e-05 3.055e-05 3.665e-05 7.675e-05 4.25e-05 7.65e-05 4.875e-05 4.385e-05 3.005e-05 7.715e-05 3.665e-05 3.075e-05 3.645e-05 8.315e-05 3.005e-05 3.74e-05 7.63e-05 2.985e-05 4.31e-05 8.23e-05 3.05e-05 3.795e-05 2.9e-05 7.685e-05 2.995e-05 4.185e-05 7.59e-05 3.17e-05 3.115e-05 4.41e-05 8.265e-05 2.99e-05 2.945e-05 3.69e-05 4.09e-05 4.52e-05 2.99e-05 3.145e-05 3.055e-05 7.74e-05 3.685e-05 3.52e-05 3.665e-05 3.625e-05 3.665e-05 4.305e-05 3.675e-05 3.025e-05 3.73e-05 3.665e-05 3.685e-05 7.67e-05 8.31e-05 4.34e-05 2.97e-05 4.39e-05 3.03e-05 3.81e-05 4.24e-05 3.015e-05 4.26e-05 3.64e-05 3.725e-05 2.88e-05 3.065e-05 3.045e-05 3.14e-05 2.935e-05 4.215e-05 3.65e-05 3.715e-05 3.72e-05
12 3.335e-05 3.815e-05 3.405e-05 3.53e-05 5.975e-05 2.935e-05 3.21e-05 2.885e-05 3.455e-05 3.65e-06 6.16e-05 3.01e-05 3.4e-06 6.175e-05 3.595e-05 3.61e-05 6.595e-05 6.5e-06 3.53e-05 2.93e-05 2.84e-05 3.765e-05 7.565e-05 3.575e-05 6.57e-05 7.465e-05 3.365e-05 5.355e-05 3.83e-05 5.575e-05 3.28e-05 0.00010005 4.845e-05 7.67e-05 5.34e-05 6.645e-05 3.12e-05 7.74e-05 3.525e-05 7.5e-06 6.015e-05 0.00010515 2.1e-06 5.875e-05 7.355e-05 3.09e-05 6.42e-05 0.00010425 5.425e-05 3.765e-05 3.15e-05 0.00010015 5.9e-06 2.27e-05 7.31e-05 7.7e-06 3.34e-05 6.55e-05 0.00010445 5.85e-06 4.6e-06 6.08e-05 2.2e-05 6.645e-05 3e-05 3.045e-05 6.6e-06 9.96e-05 3.725e-05 6.05e-05 6.035e-05 6.01e-05 3.48e-05 6.425e-05 3.66e-05 1.85e-06 5.98e-05 6.035e-05 3.5e-05 0.00010035 0.00010425 6.57e-05 3.3e-05 6.565e-05 3.025e-05 6.09e-05 4.81e-05 5.65e-05 6.47e-05 3.48e-05 3.605e-05 2.96e-05 4.75e-06 6.5e-06 2.845e-05 4.5e-06 4.85e-05 3.605e-05 3.595e-05 3.285e-05
13 3.18e-05 3.125e-05 3.455e-05 3.625e-05 1.195e-05 3.865e-05 3.715e-05 3.555e-05 3.465e-05 6.24e-05 1.235e-05 3.785e-05 6.175e-05 1.48e-05 3.65e-05 3.665e-05 1.255e-05 6.18e-05 3.895e-05 3.515e-05 3.845e-05 3.46e-05 8.31e-05 3.55e-05 9.75e-06 8.405e-05 3.55e-05 3.565e-05 3.195e-05 1.14e-05 3.89e-05 5.58e-05 3.395e-05 8.02e-05 3.43e-05 7.7e-06 3.78e-05 7.905e-05 3.8e-05 5.91e-05 1.475e-05 5.61e-05 6.13e-05 1.615e-05 8.435e-05 3.82e-05 1.44e-05 5.705e-05 1.625e-05 3.385e-05 3.725e-05 5.59e-05 6.19e-05 6.185e-05 8.295e-05 6.105e-05 3.28e-05 1.185e-05 5.915e-05 6.185e-05 6.26e-05 1.165e-05 6.115e-05 1.495e-05 3.93e-05 4.01e-05 6.19e-05 6.065e-05 3.84e-05 1.165e-05 1.495e-05 1.28e-05 3.465e-05 1.295e-05 3.605e-05 6.19e-05 1.335e-05 1.495e-05 3.465e-05 5.7e-05 5.82e-05 9e-06 3.435e-05 9.7e-06 3.965e-05 1.22e-05 3.465e-05 1.545e-05 1.2e-05 3.64e-05 3.555e-05 3.805e-05 6.08e-05 6.18e-05 3.875e-05 6.25e-05 3.54e-05 3.535e-05 3.545e-05 3.84e-05
14 3.675e-05 3.575e-05 3.585e-05 3.51e-05 3.735e-05 3.705e-05 3.8e-05 3.685e-05 3.545e-05 3.55e-05 3.75e-05 3.705e-05 3.595e-05 3.65e-05 6.86e-05 3.48e-05 3.595e-05 3.57e-05 3.575e-05 3.655e-05 3.77e-05 3.63e-05 8.155e-05 3.51e-05 3.495e-05 8.085e-05 3.55e-05 4.135e-05 3.605e-05 3.81e-05 3.645e-05 8.175e-05 4.22e-05 8.14e-05 4.16e-05 3.565e-05 3.785e-05 8.085e-05 3.57e-05 3.525e-05 3.84e-05 8.12e-05 3.56e-05 3.825e-05 8e-05 3.705e-05 3.695e-05 8.125e-05 3.945e-05 3.515e-05 3.69e-05 8.185e-05 3.46e-05 4.095e-05 8.095e-05 3.66e-05 3.73e-05 3.66e-05 8.205e-05 3.45e-05 3.485e-05 3.75e-05 4.11e-05 3.885e-05 3.685e-05 3.72e-05 3.58e-05 8.315e-05 3.79e-05 3.74e-05 3.86e-05 3.775e-05 3.545e-05 3.685e-05 3.685e-05 3.61e-05 3.795e-05 3.86e-05 3.555e-05 8.265e-05 8.035e-05 3.64e-05 3.745e-05 3.49e-05 3.72e-05 3.755e-05 4.255e-05 3.925e-05 3.695e-05 3.545e-05 3.53e-05 3.74e-05 3.635e-05 3.575e-05 3.76e-05 3.475e-05 4.3e-05 3.67e-05 3.52e-05 3.655e-05
15 3.69e-05 3.59e-05 3.6e-05 3.535e-05 3.75e-05 3.72e-05 3.815e-05 3.7e-05 3.56e-05 3.575e-05 3.765e-05 3.72e-05 3.61e-05 3.665e-05 3.48e-05 6.89e-05 3.62e-05 3.595e-05 3.6e-05 3.67e-05 3.785e-05 3.645e-05 8.17e-05 3.535e-05 3.51e-05 8.11e-05 3.565e-05 4.16e-05 3.62e-05 3.825e-05 3.66e-05 8.19e-05 4.235e-05 8.155e-05 4.175e-05 3.58e-05 3.8e-05 8.1e-05 3.59e-05 3.55e-05 3.855e-05 8.135e-05 3.575e-05 3.84e-05 8.025e-05 3.72e-05 3.71e-05 8.14e-05 3.96e-05 3.545e-05 3.705e-05 8.2e-05 3.47e-05 4.12e-05 8.11e-05 3.675e-05 3.745e-05 3.675e-05 8.22e-05 3.48e-05 3.51e-05 3.765e-05 4.125e-05 3.9e-05 3.71e-05 3.745e-05 3.605e-05 8.33e-05 3.805e-05 3.755e-05 3.875e-05 3.79e-05 3.56e-05 3.7e-05 3.7e-05 3.625e-05 3.81e-05 3.875e-05 3.57e-05 8.28e-05 8.06e-05 3.655e-05 3.76e-05 3.505e-05 3.745e-05 3.77e-05 4.27e-05 3.94e-05 3.71e-05 3.57e-05 3.555e-05 3.755e-05 3.65e-05 3.585e-05 3.775e-05 3.5e-05 4.315e-05 3.685e-05 3.545e-05 3.67e-05
16 4.165e-05 3.525e-05 3.55e-05 3.535e-05 1.44e-05 4.4e-05 4.475e-05 4.36e-05 3.615e-05 6.58e-05 1.385e-05 4.415e-05 6.595e-05 1.255e-05 3.595e-05 3.62e-05 8.3e-06 6.705e-05 3.54e-05 4.32e-05 4.325e-05 3.73e-05 8.505e-05 3.62e-05 5.15e-06 8.685e-05 3.725e-05 2.835e-05 3.535e-05 2.005e-05 3.655e-05 6.265e-05 3.56e-05 8.56e-05 2.94e-05 6.1e-06 4.445e-05 8.455e-05 3.65e-05 6.54e-05 1.49e-05 5.655e-05 6.55e-05 1.465e-05 8.64e-05 4.46e-05 6.85e-06 5.765e-05 2.24e-05 3.405e-05 4.46e-05 6.28e-05 6.69e-05 5.94e-05 8.655e-05 6.545e-05 4.255e-05 6.35e-06 5.755e-05 6.685e-05 6.655e-05 1.385e-05 5.95e-05 8.7e-06 4.385e-05 4.32e-05 6.715e-05 6.34e-05 3.655e-05 1.495e-05 1.51e-05 1.515e-05 3.615e-05 7.55e-06 3.875e-05 6.61e-05 1.42e-05 1.51e-05 3.625e-05 6.435e-05 5.54e-05 7.75e-06 4.3e-05 5.1e-06 4.42e-05 1.29e-05 3.63e-05 2.165e-05 8.45e-06 3.735e-05 3.64e-05 4.435e-05 6.63e-05 6.71e-05 4.215e-05 6.645e-05 3.695e-05 3.83e-05 3.63e-05 3.55e-05
17 3.275e-05 3.785e-05 3.72e-05 3.605e-05 6.135e-05 3.045e-05 3.015e-05 3.09e-05 3.605e-05 5.95e-06 6.22e-05 3.045e-05 6.5e-06 6.18e-05 3.57e-05 3.595e-05 6.705e-05 7.8e-06 3.54e-05 3.08e-05 3.205e-05 3.7e-05 7.75e-05 3.54e-05 6.66e-05 7.485e-05 3.505e-05 5.495e-05 3.815e-05 5.63e-05 3.58e-05 0.00010065 4.925e-05 7.71e-05 5.465e-05 6.695e-05 3.01e-05 7.745e-05 3.55e-05 6.35e-06 6.15e-05 0.0001062 6.35e-06 6.11e-05 7.4e-05 3.085e-05 6.6e-05 0.0001051 5.635e-05 3.795e-05 3.07e-05 0.00010075 4.5e-06 2.31e-05 7.525e-05 6.9e-06 3.305e-05 6.685e-05 0.00010585 4.45e-06 4.35e-06 6.18e-05 2.335e-05 6.785e-05 3.015e-05 3.13e-05 4.15e-06 0.00010185 3.83e-05 6.055e-05 6.17e-05 6.09e-05 3.605e-05 6.57e-05 3.615e-05 6.65e-06 6.165e-05 6.17e-05 3.625e-05 0.000101 0.0001057 6.64e-05 3.245e-05 6.655e-05 3.05e-05 6.255e-05 4.925e-05 5.685e-05 6.575e-05 3.475e-05 3.57e-05 3.08e-05 5.85e-06 4.25e-06 3.275e-05 4.25e-06 4.95e-05 3.465e-05 3.56e-05 3.685e-05
18 3.855e-05 3.82e-05 3.685e-05 3.64e-05 3.855e-05 3.665e-05 3.94e-05 3.755e-05 3.655e-05 3.4e-05 3.83e-05 3.74e-05 3.53e-05 3.895e-05 3.575e-05 3.6e-05 3.54e-05 3.54e-05 6.47e-05 3.725e-05 3.72e-05 3.89e-05 8.095e-05 3.54e-05 3.645e-05 8.01e-05 3.64e-05 4.21e-05 3.835e-05 3.895e-05 3.44e-05 8.31e-05 4.235e-05 8.26e-05 4.215e-05 3.85e-05 3.85e-05 8.215e-05 3.495e-05 3.51e-05 3.91e-05 8.305e-05 3.495e-05 3.625e-05 7.78e-05 3.81e-05 3.6e-05 8.28e-05 3.905e-05 3.595e-05 3.87e-05 8.32e-05 3.465e-05 3.9e-05 8.105e-05 3.64e-05 3.89e-05 3.63e-05 8.325e-05 3.46e-05 3.345e-05 3.885e-05 4e-05 3.74e-05 3.56e-05 3.57e-05 3.545e-05 8.315e-05 3.61e-05 3.92e-05 3.93e-05 3.88e-05 3.655e-05 3.61e-05 3.895e-05 3.545e-05 3.86e-05 3.93e-05 3.675e-05 8.415e-05 8.085e-05 3.885e-05 3.905e-05 3.64e-05 3.585e-05 3.86e-05 4.27e-05 3.92e-05 3.875e-05 3.55e-05 3.555e-05 3.775e-05 3.68e-05 3.565e-05 3.69e-05 3.335e-05 4.315e-05 3.845e-05 3.545e-05 3.44e-05
19 2.915e-05 3.51e-05 3.56e-05 3.61e-05 3.625e-05 3.05e-05 3.125e-05 2.85e-05 3.485e-05 3.055e-05 3.735e-05 3.045e-05 2.93e-05 3.515e-05 3.655e-05 3.67e-05 4.32e-05 3.08e-05 3.725e-05 5.68e-05 3.095e-05 3.66e-05 7.785e-05 3.59e-05 4.195e-05 7.705e-05 3.425e-05 4.81e-05 3.55e-05 3.015e-05 3.595e-05 7.57e-05 4.095e-05 7.615e-05 4.73e-05 4.125e-05 3.115e-05 7.615e-05 3.665e-05 2.98e-05 3.725e-05 8.22e-05 2.92e-05 3.74e-05 7.665e-05 3.105e-05 4.27e-05 8.155e-05 3.175e-05 3.61e-05 3.085e-05 7.58e-05 3.04e-05 4.195e-05 7.57e-05 3.18e-05 2.96e-05 4.26e-05 8.28e-05 3.035e-05 3.01e-05 3.66e-05 4.125e-05 4.435e-05 3.115e-05 3.27e-05 3.09e-05 7.875e-05 3.76e-05 3.575e-05 3.745e-05 3.615e-05 3.5e-05 4.185e-05 3.62e-05 2.945e-05 3.73e-05 3.745e-05 3.52e-05 7.635e-05 8.275e-05 4.115e-05 3.015e-05 4.19e-05 3.15e-05 3.775e-05 4.08e-05 3.245e-05 4.145e-05 3.555e-05 3.62e-05 3.03e-05 3.045e-05 3.08e-05 3.205e-05 3e-05 4.16e-05 3.565e-05 3.61e-05 3.67e-05
20 3.315e-05 3.875e-05 3.57e-05 3.69e-05 3.67e-05 2.87e-05 3.16e-05 3.075e-05 3.68e-05 2.965e-05 3.755e-05 3.025e-05 2.84e-05 3.845e-05 3.77e-05 3.785e-05 4.325e-05 3.205e-05 3.72e-05 3.095e-05 5.5e-05 3.865e-05 7.635e-05 3.76e-05 4.33e-05 7.665e-05 3.63e-05 4.795e-05 3.89e-05 3.015e-05 3.54e-05 7.69e-05 4.23e-05 7.745e-05 4.805e-05 4.395e-05 3.01e-05 7.8e-05 3.695e-05 3.245e-05 3.515e-05 8.28e-05 2.855e-05 3.58e-05 7.59e-05 3.005e-05 4.175e-05 8.225e-05 2.865e-05 3.82e-05 3.145e-05 7.7e-05 3.19e-05 4.17e-05 7.555e-05 3.195e-05 3.28e-05 4.305e-05 8.21e-05 3.185e-05 3.08e-05 3.58e-05 4.1e-05 4.41e-05 2.96e-05 3.07e-05 3.215e-05 7.565e-05 3.575e-05 3.665e-05 3.53e-05 3.545e-05 3.69e-05 4.21e-05 3.785e-05 2.855e-05 3.585e-05 3.535e-05 3.71e-05 7.695e-05 8.2e-05 4.345e-05 3.19e-05 4.325e-05 3e-05 3.67e-05 4.21e-05 3.075e-05 4.245e-05 3.685e-05 3.79e-05 3e-05 3.01e-05 3.205e-05 2.84e-05 3.07e-05 4.21e-05 3.75e-05 3.78e-05 3.455e-05
21 3.54e-05 3.4e-05 3.58e-05 3.63e-05 3.7e-05 3.825e-05 3.675e-05 3.685e-05 3.55e-05 3.825e-05 3.755e-05 3.75e-05 3.765e-05 3.46e-05 3.63e-05 3.645e-05 3.73e-05 3.7e-05 3.89e-05 3.66e-05 3.865e-05 6.69e-05 8.265e-05 3.615e-05 3.535e-05 8.265e-05 3.56e-05 4.255e-05 3.46e-05 3.735e-05 3.855e-05 8.075e-05 4.24e-05 8.08e-05 4.18e-05 3.375e-05 3.735e-05 8.025e-05 3.72e-05 3.645e-05 3.84e-05 8.01e-05 3.735e-05 4.015e-05 8.32e-05 3.74e-05 3.805e-05 8.03e-05 4.025e-05 3.63e-05 3.65e-05 8.085e-05 3.675e-05 4.395e-05 8.175e-05 3.72e-05 3.6e-05 3.685e-05 8.18e-05 3.67e-05 3.785e-05 3.665e-05 4.325e-05 3.92e-05 3.89e-05 3.93e-05 3.71e-05 8.32e-05 3.865e-05 3.595e-05 3.86e-05 3.705e-05 3.55e-05 3.72e-05 3.415e-05 3.78e-05 3.72e-05 3.86e-05 3.55e-05 8.14e-05 8.175e-05 3.45e-05 3.61e-05 3.53e-05 3.925e-05 3.68e-05 4.275e-05 3.965e-05 3.595e-05 3.65e-05 3.62e-05 3.77e-05 3.66e-05 3.7e-05 3.855e-05 3.775e-05 4.32e-05 3.52e-05 3.61e-05 3.86e-05
22 7.91e-05 8.295e-05 8.07e-05 8.105e-05 8.19e-05 7.735e-05 7.82e-05 7.75e-05 8.2e-05 7.59e-05 8.23e-05 7.75e-05 7.565e-05 8.31e-05 8.155e-05 8.17e-05 8.505e-05 7.75e-05 8.095e-05 7.785e-05 7.635e-05 8.265e-05 0.0001435 8.17e-05 8.62e-05 7.485e-05 8.17e-05 8.945e-05 8.305e-05 7.84e-05 8.025e-05 7.555e-05 8.63e-05 7.535e-05 9.025e-05 8.68e-05 7.79e-05 7.67e-05 8.045e-05 7.79e-05 8.095e-05 7.965e-05 7.595e-05 8.06e-05 7.475e-05 7.765e-05 8.35e-05 7.9e-05 7.77e-05 8.275e-05 7.765e-05 7.565e-05 7.695e-05 8.515e-05 7.48e-05 7.495e-05 7.925e-05 8.565e-05 7.82e-05 7.69e-05 7.69e-05 8.245e-05 8.52e-05 8.465e-05 7.725e-05 7.65e-05 7.76e-05 7.43e-05 8.13e-05 8.205e-05 8.115e-05 8.225e-05 8.2e-05 8.465e-05 8.195e-05 7.58e-05 8.055e-05 8.115e-05 8.22e-05 7.58e-05 7.89e-05 8.64e-05 7.85e-05 8.615e-05 7.74e-05 8.13e-05 8.595e-05 7.79e-05 8.455e-05 8.115e-05 8.2e-05 7.75e-05 7.645e-05 7.755e-05 7.515e-05 7.68e-05 8.625e-05 8.18e-05 8.19e-05 7.93e-05
23 3.575e-05 3.475e-05 3.495e-05 3.54e-05 3.68e-05 3.695e-05 3.79e-05 3.62e-05 3.455e-05 3.52e-05 3.72e-05 3.695e-05 3.575e-05 3.55e-05 3.51e-05 3.535e-05 3.62e-05 3.54e-05 3.54e-05 3.59e-05 3.76e-05 3.615e-05 8.17e-05 6.82e-05 3.47e-05 8.07e-05 3.485e-05 4.19e-05 3.515e-05 3.755e-05 3.62e-05 8.125e-05 4.18e-05 8.1e-05 4.095e-05 3.44e-05 3.775e-05 8.04e-05 3.595e-05 3.45e-05 3.845e-05 8.08e-05 3.54e-05 3.8e-05 7.975e-05 3.74e-05 3.685e-05 8.075e-05 3.935e-05 3.5e-05 3.725e-05 8.135e-05 3.475e-05 4.09e-05 8.09e-05 3.66e-05 3.625e-05 3.6e-05 8.215e-05 3.47e-05 3.455e-05 3.705e-05 4.115e-05 3.815e-05 3.665e-05 3.7e-05 3.55e-05 8.32e-05 3.775e-05 3.685e-05 3.865e-05 3.72e-05 3.455e-05 3.615e-05 3.66e-05 3.59e-05 3.74e-05 3.865e-05 3.5e-05 8.205e-05 8.07e-05 3.54e-05 3.69e-05 3.465e-05 3.7e-05 3.675e-05 4.215e-05 3.94e-05 3.645e-05 3.47e-05 3.465e-05 3.73e-05 3.62e-05 3.56e-05 3.75e-05 3.445e-05 4.26e-05 3.605e-05 3.455e-05 3.63e-05
24 3.98e-05 3.245e-05 3.395e-05 3.51e-05 1.25e-05 4.395e-05 4.43e-05 4.235e-05 3.45e-05 6.57e-05 1.235e-05 4.395e-05 6.57e-05 9.75e-06 3.495e-05 3.51e-05 5.15e-06 6.66e-05 3.645e-05 4.195e-05 4.33e-05 3.535e-05 8.62e-05 3.47e-05 5e-06 8.755e-05 3.58e-05 2.86e-05 3.29e-05 1.91e-05 3.71e-05 6.235e-05 3.485e-05 8.555e-05 2.825e-05 2.9e-06 4.415e-05 8.4e-05 3.72e-05 6.43e-05 1.53e-05 5.56e-05 6.525e-05 1.515e-05 8.645e-05 4.45e-05 7.85e-06 5.71e-05 2.235e-05 3.235e-05 4.435e-05 6.245e-05 6.665e-05 5.97e-05 8.71e-05 6.545e-05 4.055e-05 5.4e-06 5.855e-05 6.66e-05 6.635e-05 1.23e-05 5.965e-05 9e-06 4.395e-05 4.35e-05 6.67e-05 6.445e-05 3.73e-05 1.365e-05 1.55e-05 1.4e-05 3.45e-05 7.15e-06 3.745e-05 6.585e-05 1.345e-05 1.55e-05 3.44e-05 6.37e-05 5.54e-05 4.95e-06 4.19e-05 2.5e-06 4.43e-05 1.175e-05 3.555e-05 2.18e-05 7.65e-06 3.605e-05 3.46e-05 4.415e-05 6.58e-05 6.655e-05 4.24e-05 6.625e-05 3.62e-05 3.68e-05 3.455e-05 3.615e-05
25 7.855e-05 8.29e-05 8.135e-05 8.05e-05 8.245e-05 7.63e-05 7.765e-05 7.705e-05 8.145e-05 7.405e-05 8.38e-05 7.645e-05 7.465e-05 8.405e-05 8.085e-05 8.11e-05 8.685e-05 7.485e-05 8.01e-05 7.705e-05 7.665e-05 8.265e-05 7.485e-05 8.07e-05 8.755e-05 0.0001464 8.09e-05 9.19e-05 8.3e-05 7.9e-05 8.035e-05 7.66e-05 8.81e-05 7.565e-05 9.255e-05 8.825e-05 7.735e-05 7.645e-05 8.025e-05 7.535e-05 8.235e-05 8.12e-05 7.46e-05 8.15e-05 7.375e-05 7.68e-05 8.555e-05 8.055e-05 7.79e-05 8.25e-05 7.68e-05 7.67e-05 7.395e-05 8.495e-05 7.435e-05 7.605e-05 7.87e-05 8.74e-05 7.965e-05 7.39e-05 7.37e-05 8.355e-05 8.535e-05 8.63e-05 7.585e-05 7.57e-05 7.49e-05 7.555e-05 8.18e-05 8.29e-05 8.255e-05 8.31e-05 8.145e-05 8.66e-05 8.21e-05 7.48e-05 8.24e-05 8.255e-05 8.165e-05 7.695e-05 8.035e-05 8.8e-05 7.81e-05 8.75e-05 7.6e-05 8.3e-05 8.8e-05 7.905e-05 8.645e-05 8.02e-05 8.095e-05 7.67e-05 7.545e-05 7.505e-05 7.605e-05 7.36e-05 8.815e-05 8.175e-05 8.085e-05 8.025e-05
26 3.45e-05 3.395e-05 3.45e-05 3.505e-05 3.655e-05 3.59e-05 3.69e-05 3.465e-05 3.38e-05 3.455e-05 3.765e-05 3.59e-05 3.365e-05 3.55e-05 3.55e-05 3.565e-05 3.725e-05 3.505e-05 3.64e-05 3.425e-05 3.63e-05 3.56e-05 8.17e-05 3.485e-05 3.58e-05 8.09e-05 6.49e-05 4.265e-05 3.435e-05 3.695e-05 3.555e-05 8.095e-05 4.2e-05 7.99e-05 4.185e-05 3.51e-05 3.675e-05 7.98e-05 3.59e-05 3.375e-05 3.76e-05 8.095e-05 3.32e-05 3.805e-05 8.05e-05 3.645e-05 3.69e-05 7.96e-05 3.85e-05 3.495e-05 3.63e-05 8.105e-05 3.445e-05 4.16e-05 7.955e-05 3.605e-05 3.485e-05 3.675e-05 8.16e-05 3.44e-05 3.415e-05 3.69e-05 4.09e-05 3.87e-05 3.655e-05 3.71e-05 3.515e-05 8.295e-05 3.75e-05 3.54e-05 3.78e-05 3.575e-05 3.395e-05 3.61e-05 3.525e-05 3.38e-05 3.665e-05 3.78e-05 3.415e-05 8.15e-05 8.15e-05 3.505e-05 3.55e-05 3.575e-05 3.69e-05 3.705e-05 4.22e-05 3.925e-05 3.54e-05 3.42e-05 3.515e-05 3.585e-05 3.465e-05 3.505e-05 3.64e-05 3.405e-05 4.255e-05 3.485e-05 3.505e-05 3.59e-05
27 4.72e-05 4.105e-05 4.11e-05 4.075e-05 3.7e-05 4.865e-05 4.94e-05 4.805e-05 4.195e-05 5.375e-05 3.575e-05 4.88e-05 5.355e-05 3.565e-05 4.135e-05 4.16e-05 2.835e-05 5.495e-05 4.21e-05 4.81e-05 4.795e-05 4.255e-05 8.945e-05 4.19e-05 2.86e-05 9.19e-05 4.265e-05 5.44e-05 4.115e-05 4.225e-05 4.205e-05 8.51e-05 3.45e-05 9.075e-05 2.855e-05 2.945e-05 4.91e-05 9.015e-05 4.215e-05 5.355e-05 3.665e-05 7.925e-05 5.355e-05 3.73e-05 9.17e-05 4.9e-05 2.965e-05 7.995e-05 4.41e-05 4e-05 4.9e-05 8.525e-05 5.455e-05 4.09e-05 9.17e-05 5.27e-05 4.765e-05 2.985e-05 7.955e-05 5.45e-05 5.445e-05 3.63e-05 4.07e-05 3.255e-05 4.865e-05 4.82e-05 5.505e-05 8.54e-05 4.195e-05 3.7e-05 3.685e-05 3.72e-05 4.195e-05 3.04e-05 4.345e-05 5.37e-05 3.64e-05 3.685e-05 4.205e-05 8.63e-05 7.82e-05 3.055e-05 4.79e-05 2.855e-05 4.9e-05 3.565e-05 3.455e-05 4.265e-05 3.055e-05 4.255e-05 4.21e-05 4.895e-05 5.41e-05 5.495e-05 4.715e-05 5.435e-05 3.525e-05 4.33e-05 4.2e-05 4.125e-05
28 3.18e-05 3.09e-05 3.48e-05 3.56e-05 3.555e-05 3.85e-05 3.72e-05 3.6e-05 3.42e-05 3.895e-05 3.59e-05 3.75e-05 3.83e-05 3.195e-05 3.605e-05 3.62e-05 3.535e-05 3.815e-05 3.835e-05 3.55e-05 3.89e-05 3.46e-05 8.305e-05 3.515e-05 3.29e-05 8.3e-05 3.435e-05 4.115e-05 6.15e-05 3.59e-05 3.815e-05 7.94e-05 4.07e-05 7.855e-05 4.01e-05 3.11e-05 3.805e-05 7.87e-05 3.74e-05 3.5e-05 3.765e-05 7.86e-05 3.775e-05 3.93e-05 8.335e-05 3.82e-05 3.67e-05 7.9e-05 4e-05 3.38e-05 3.705e-05 7.95e-05 3.8e-05 4.395e-05 8.18e-05 3.84e-05 3.34e-05 3.48e-05 8.115e-05 3.795e-05 3.855e-05 3.52e-05 4.325e-05 3.765e-05 3.915e-05 3.955e-05 3.825e-05 8.31e-05 3.845e-05 3.43e-05 3.785e-05 3.565e-05 3.42e-05 3.555e-05 3.565e-05 3.845e-05 3.615e-05 3.785e-05 3.42e-05 8.03e-05 8.06e-05 3.225e-05 3.395e-05 3.285e-05 3.95e-05 3.535e-05 4.125e-05 3.9e-05 3.435e-05 3.56e-05 3.525e-05 3.76e-05 3.775e-05 3.815e-05 3.88e-05 3.845e-05 4.16e-05 3.505e-05 3.515e-05 3.825e-05
29 2.875e-05 3.55e-05 3.695e-05 3.75e-05 1.29e-05 3e-05 3.06e-05 3.025e-05 3.69e-05 5.65e-05 1.3e-05 3.055e-05 5.575e-05 1.14e-05 3.81e-05 3.825e-05 2.005e-05 5.63e-05 3.895e-05 3.015e-05 3.015e-05 3.735e-05 7.84e-05 3.755e-05 1.91e-05 7.9e-05 3.695e-05 4.225e-05 3.59e-05 8.3e-06 3.83e-05 5.225e-05 3.455e-05 7.685e-05 4.17e-05 1.83e-05 2.98e-05 7.655e-05 3.83e-05 5.48e-05 1.23e-05 5.955e-05 5.56e-05 1.43e-05 7.895e-05 3.035e-05 2.01e-05 5.95e-05 6.25e-06 3.645e-05 3.075e-05 5.235e-05 5.645e-05 6.095e-05 7.81e-05 5.59e-05 2.895e-05 1.985e-05 6.03e-05 5.64e-05 5.635e-05 1.15e-05 6.025e-05 2.17e-05 3.07e-05 3.29e-05 5.64e-05 5.465e-05 3.6e-05 1.185e-05 1.25e-05 1.165e-05 3.69e-05 1.955e-05 3.735e-05 5.59e-05 1.32e-05 1.25e-05 3.71e-05 5.28e-05 6.02e-05 1.86e-05 2.9e-05 1.905e-05 3.12e-05 1.325e-05 3.48e-05 6.55e-06 1.905e-05 3.755e-05 3.785e-05 3.065e-05 5.565e-05 5.63e-05 3.185e-05 5.625e-05 3.51e-05 3.695e-05 3.775e-05 3.825e-05
30 3.83e-05 3.8e-05 3.565e-05 3.635e-05 3.785e-05 3.59e-05 3.84e-05 3.55e-05 3.605e-05 3.365e-05 3.83e-05 3.665e-05 3.28e-05 3.89e-05 3.645e-05 3.66e-05 3.655e-05 3.58e-05 3.44e-05 3.595e-05 3.54e-05 3.855e-05 8.025e-05 3.62e-05 3.71e-05 8.035e-05 3.555e-05 4.205e-05 3.815e-05 3.83e-05 6.55e-05 8.245e-05 4.215e-05 8.18e-05 4.2e-05 3.85e-05 3.75e-05 8.205e-05 3.505e-05 3.575e-05 3.795e-05 8.245e-05 3.32e-05 3.535e-05 7.86e-05 3.745e-05 3.505e-05 8.19e-05 3.775e-05 3.64e-05 3.805e-05 8.255e-05 3.545e-05 3.97e-05 7.99e-05 3.59e-05 3.81e-05 3.595e-05 8.21e-05 3.54e-05 3.415e-05 3.825e-05 3.97e-05 3.76e-05 3.585e-05 3.585e-05 3.59e-05 8.185e-05 3.565e-05 3.83e-05 3.815e-05 3.79e-05 3.62e-05 3.525e-05 3.795e-05 3.295e-05 3.725e-05 3.815e-05 3.64e-05 8.295e-05 8.09e-05 3.82e-05 3.825e-05 3.705e-05 3.61e-05 3.79e-05 4.18e-05 3.86e-05 3.755e-05 3.56e-05 3.65e-05 3.64e-05 3.52e-05 3.585e-05 3.5e-05 3.405e-05 4.24e-05 3.74e-05 3.64e-05 3.3e-05
31 7.4e-05 7.905e-05 8.01e-05 8.08e-05 5.725e-05 7.74e-05 7.63e-05 7.58e-05 8.07e-05 0.0001007 5.855e-05 7.675e-05 0.00010005 5.58e-05 8.175e-05 8.19e-05 6.265e-05 0.00010065 8.31e-05 7.57e-05 7.69e-05 8.075e-05 7.555e-05 8.125e-05 6.235e-05 7.66e-05 8.095e-05 8.51e-05 7.94e-05 5.225e-05 8.245e-05 0.0001006 7.965e-05 7.415e-05 8.505e-05 6.095e-05 7.68e-05 7.455e-05 8.17e-05 9.94e-05 5.805e-05 5.6e-05 9.99e-05 5.905e-05 7.77e-05 7.7e-05 6.25e-05 5.615e-05 5.42e-05 8.085e-05 7.62e-05 5.055e-05 0.00010055 0.00010535 7.57e-05 9.99e-05 7.465e-05 6.285e-05 5.635e-05 0.0001005 0.0001012 5.775e-05 0.00010475 6.25e-05 7.795e-05 7.815e-05 0.00010075 5.275e-05 8.175e-05 5.71e-05 5.825e-05 5.81e-05 8.07e-05 6.28e-05 8.095e-05 0.0001002 5.765e-05 5.825e-05 8.09e-05 5.12e-05 5.71e-05 6.145e-05 7.495e-05 6.23e-05 7.81e-05 5.75e-05 7.99e-05 5.45e-05 6.14e-05 8.135e-05 8.155e-05 7.685e-05 9.945e-05 0.00010065 7.66e-05 0.0001011 8.035e-05 8.045e-05 8.145e-05 8.175e-05
32 3.97e-05 4.03e-05 4.135e-05 4.23e-05 3.61e-05 4.255e-05 4.285e-05 4.09e-05 4.175e-05 4.875e-05 3.51e-05 4.25e-05 4.845e-05 3.395e-05 4.22e-05 4.235e-05 3.56e-05 4.925e-05 4.235e-05 4.095e-05 4.23e-05 4.24e-05 8.63e-05 4.18e-05 3.485e-05 8.81e-05 4.2e-05 3.45e-05 4.07e-05 3.455e-05 4.215e-05 7.965e-05 6.57e-05 8.65e-05 3.385e-05 3.47e-05 4.275e-05 8.6e-05 4.22e-05 4.745e-05 3.67e-05 8.08e-05 4.845e-05 3.66e-05 8.73e-05 4.285e-05 3.59e-05 8.095e-05 3.72e-05 4.04e-05 4.265e-05 7.975e-05 4.905e-05 4.095e-05 8.78e-05 4.765e-05 4.01e-05 3.54e-05 8.18e-05 4.9e-05 4.9e-05 3.565e-05 4.09e-05 3.76e-05 4.265e-05 4.34e-05 4.935e-05 8.215e-05 4.17e-05 3.56e-05 3.69e-05 3.6e-05 4.175e-05 3.53e-05 4.265e-05 4.86e-05 3.63e-05 3.69e-05 4.195e-05 8.06e-05 8.08e-05 3.525e-05 4.095e-05 3.48e-05 4.3e-05 3.61e-05 3.29e-05 3.58e-05 3.595e-05 4.2e-05 4.21e-05 4.265e-05 4.875e-05 4.925e-05 4.27e-05 4.89e-05 3.39e-05 4.23e-05 4.2e-05 4.18e-05
33 7.41e-05 7.875e-05 8.045e-05 8.03e-05 8.09e-05 7.735e-05 7.645e-05 7.635e-05 8.035e-05 7.735e-05 8.22e-05 7.65e-05 7.67e-05 8.02e-05 8.14e-05 8.155e-05 8.56e-05 7.71e-05 8.26e-05 7.615e-05 7.745e-05 8.08e-05 7.535e-05 8.1e-05 8.555e-05 7.565e-05 7.99e-05 9.075e-05 7.855e-05 7.685e-05 8.18e-05 7.415e-05 8.65e-05 0.0001447 9.095e-05 8.44e-05 7.715e-05 7.43e-05 8.12e-05 7.54e-05 8.105e-05 7.875e-05 7.645e-05 8.23e-05 7.67e-05 7.71e-05 8.49e-05 7.795e-05 7.805e-05 8.09e-05 7.61e-05 7.425e-05 7.675e-05 8.755e-05 7.465e-05 7.735e-05 7.535e-05 8.59e-05 7.845e-05 7.67e-05 7.725e-05 8.14e-05 8.695e-05 8.53e-05 7.79e-05 7.77e-05 7.72e-05 7.53e-05 8.19e-05 7.985e-05 8.125e-05 8.105e-05 8.035e-05 8.55e-05 8.065e-05 7.685e-05 8.055e-05 8.125e-05 8.055e-05 7.465e-05 7.975e-05 8.455e-05 7.465e-05 8.55e-05 7.805e-05 8.075e-05 8.66e-05 7.815e-05 8.385e-05 8.065e-05 8.13e-05 7.65e-05 7.65e-05 7.71e-05 7.675e-05 7.715e-05 8.665e-05 8.025e-05 8.12e-05 8.17e-05
34 4.605e-05 3.97e-05 4.005e-05 4.17e-05 3.63e-05 4.875e-05 4.91e-05 4.725e-05 4.09e-05 5.37e-05 3.53e-05 4.875e-05 5.34e-05 3.43e-05 4.16e-05 4.175e-05 2.94e-05 5.465e-05 4.215e-05 4.73e-05 4.805e-05 4.18e-05 9.025e-05 4.095e-05 2.825e-05 9.255e-05 4.185e-05 2.855e-05 4.01e-05 4.17e-05 4.2e-05 8.505e-05 3.385e-05 9.095e-05 5.51e-05 2.785e-05 4.895e-05 9.01e-05 4.205e-05 5.285e-05 3.745e-05 7.925e-05 5.34e-05 3.725e-05 9.175e-05 4.905e-05 3.03e-05 7.985e-05 4.42e-05 3.97e-05 4.89e-05 8.515e-05 5.445e-05 4.1e-05 9.225e-05 5.255e-05 4.625e-05 2.925e-05 8.08e-05 5.44e-05 5.44e-05 3.585e-05 4.095e-05 3.185e-05 4.885e-05 4.84e-05 5.475e-05 8.62e-05 4.215e-05 3.63e-05 3.765e-05 3.665e-05 4.09e-05 2.97e-05 4.26e-05 5.355e-05 3.585e-05 3.765e-05 4.135e-05 8.59e-05 7.925e-05 2.92e-05 4.72e-05 2.82e-05 4.92e-05 3.485e-05 3.39e-05 4.285e-05 3.045e-05 4.185e-05 4.15e-05 4.89e-05 5.37e-05 5.465e-05 4.725e-05 5.43e-05 3.48e-05 4.225e-05 4.14e-05 4.12e-05
35 3.79e-05 3.035e-05 3.3e-05 3.54e-05 1.19e-05 4.46e-05 4.315e-05 4.165e-05 3.355e-05 6.71e-05 1.23e-05 4.385e-05 6.645e-05 7.7e-06 3.565e-05 3.58e-05 6.1e-06 6.695e-05 3.85e-05 4.125e-05 4.395e-05 3.375e-05 8.68e-05 3.44e-05 2.9e-06 8.825e-05 3.51e-05 2.945e-05 3.11e-05 1.83e-05 3.85e-05 6.095e-05 3.47e-05 8.44e-05 2.785e-05 1.1e-06 4.375e-05 8.29e-05 3.76e-05 6.425e-05 1.525e-05 5.43e-05 6.6e-05 1.655e-05 8.855e-05 4.415e-05 8.55e-06 5.57e-05 2.3e-05 3.29e-05 4.325e-05 6.105e-05 6.705e-05 6.165e-05 8.715e-05 6.57e-05 3.87e-05 5.45e-06 5.79e-05 6.7e-05 6.775e-05 1.16e-05 6.095e-05 8.95e-06 4.525e-05 4.485e-05 6.705e-05 6.445e-05 3.86e-05 1.21e-05 1.545e-05 1.32e-05 3.355e-05 7.1e-06 3.575e-05 6.66e-05 1.265e-05 1.545e-05 3.38e-05 6.205e-05 5.64e-05 2.9e-06 4.035e-05 2.85e-06 4.56e-05 1.07e-05 3.54e-05 2.225e-05 6.25e-06 3.6e-05 3.47e-05 4.405e-05 6.55e-05 6.695e-05 4.305e-05 6.765e-05 3.605e-05 3.505e-05 3.46e-05 3.755e-05
36 3.185e-05 3.775e-05 3.765e-05 3.73e-05 3.74e-05 2.945e-05 2.895e-05 3.105e-05 3.73e-05 3.195e-05 3.795e-05 3.005e-05 3.12e-05 3.78e-05 3.785e-05 3.8e-05 4.445e-05 3.01e-05 3.85e-05 3.115e-05 3.01e-05 3.735e-05 7.79e-05 3.775e-05 4.415e-05 7.735e-05 3.675e-05 4.91e-05 3.805e-05 2.98e-05 3.75e-05 7.68e-05 4.275e-05 7.715e-05 4.895e-05 4.375e-05 5.62e-05 7.745e-05 3.745e-05 3.18e-05 3.585e-05 8.315e-05 3.125e-05 3.78e-05 7.74e-05 2.975e-05 4.34e-05 8.25e-05 3e-05 3.845e-05 3.02e-05 7.69e-05 3.135e-05 4.295e-05 7.665e-05 3.085e-05 3.165e-05 4.43e-05 8.275e-05 3.13e-05 3.13e-05 3.62e-05 4.225e-05 4.54e-05 3.015e-05 3.195e-05 3.02e-05 7.71e-05 3.675e-05 3.6e-05 3.605e-05 3.575e-05 3.73e-05 4.325e-05 3.66e-05 3.135e-05 3.675e-05 3.605e-05 3.75e-05 7.68e-05 8.34e-05 4.33e-05 3.055e-05 4.41e-05 3.065e-05 3.755e-05 4.265e-05 3.08e-05 4.26e-05 3.72e-05 3.805e-05 3.015e-05 3e-05 3.01e-05 3.14e-05 3.12e-05 4.265e-05 3.525e-05 3.795e-05 3.795e-05
37 7.465e-05 7.84e-05 8.02e-05 7.995e-05 8.015e-05 7.755e-05 7.72e-05 7.665e-05 7.955e-05 7.795e-05 8.155e-05 7.715e-05 7.74e-05 7.905e-05 8.085e-05 8.1e-05 8.455e-05 7.745e-05 8.215e-05 7.615e-05 7.8e-05 8.025e-05 7.67e-05 8.04e-05 8.4e-05 7.645e-05 7.98e-05 9.015e-05 7.87e-05 7.655e-05 8.205e-05 7.455e-05 8.6e-05 7.43e-05 9.01e-05 8.29e-05 7.745e-05 0.000145 8.145e-05 7.595e-05 8.115e-05 7.875e-05 7.685e-05 8.23e-05 7.75e-05 7.74e-05 8.505e-05 7.895e-05 7.815e-05 7.895e-05 7.685e-05 7.465e-05 7.71e-05 8.755e-05 7.535e-05 7.79e-05 7.455e-05 8.515e-05 7.915e-05 7.705e-05 7.75e-05 8.07e-05 8.695e-05 8.495e-05 7.81e-05 7.825e-05 7.755e-05 7.64e-05 8.21e-05 8.035e-05 8.135e-05 8.11e-05 7.96e-05 8.525e-05 8.065e-05 7.755e-05 8.08e-05 8.135e-05 7.975e-05 7.555e-05 7.975e-05 8.355e-05 7.56e-05 8.395e-05 7.845e-05 8.05e-05 8.655e-05 7.88e-05 8.365e-05 8.095e-05 8.065e-05 7.73e-05 7.72e-05 7.745e-05 7.77e-05 7.74e-05 8.69e-05 8.025e-05 8.055e-05 8.22e-05
38 3.755e-05 3.71e-05 3.63e-05 3.625e-05 3.815e-05 3.665e-05 3.76e-05 3.665e-05 3.645e-05 3.495e-05 3.82e-05 3.665e-05 3.525e-05 3.8e-05 3.57e-05 3.59e-05 3.65e-05 3.55e-05 3.495e-05 3.665e-05 3.695e-05 3.72e-05 8.045e-05 3.595e-05 3.72e-05 8.025e-05 3.59e-05 4.215e-05 3.74e-05 3.83e-05 3.505e-05 8.17e-05 4.22e-05 8.12e-05 4.205e-05 3.76e-05 3.745e-05 8.145e-05 6.81e-05 3.55e-05 3.815e-05 8.17e-05 3.52e-05 3.695e-05 7.945e-05 3.665e-05 3.57e-05 8.105e-05 3.895e-05 3.675e-05 3.65e-05 8.18e-05 3.44e-05 4.04e-05 8.05e-05 3.59e-05 3.755e-05 3.645e-05 8.155e-05 3.425e-05 3.465e-05 3.825e-05 4.05e-05 3.76e-05 3.65e-05 3.655e-05 3.56e-05 8.205e-05 3.67e-05 3.745e-05 3.835e-05 3.78e-05 3.645e-05 3.58e-05 3.675e-05 3.54e-05 3.74e-05 3.835e-05 3.665e-05 8.215e-05 8.115e-05 3.745e-05 3.75e-05 3.715e-05 3.675e-05 3.79e-05 4.21e-05 3.865e-05 3.7e-05 3.545e-05 3.625e-05 3.69e-05 3.575e-05 3.555e-05 3.655e-05 3.455e-05 4.255e-05 3.66e-05 3.615e-05 3.49e-05
39 2.96e-05 3.455e-05 3.64e-05 3.555e-05 6.005e-05 3.075e-05 3.195e-05 3.02e-05 3.485e-05 6.9e-06 6.045e-05 3.075e-05 7.5e-06 5.91e-05 3.525e-05 3.55e-05 6.54e-05 6.35e-06 3.51e-05 2.98e-05 3.245e-05 3.645e-05 7.79e-05 3.45e-05 6.43e-05 7.535e-05 3.375e-05 5.355e-05 3.5e-05 5.48e-05 3.575e-05 9.94e-05 4.745e-05 7.54e-05 5.285e-05 6.425e-05 3.18e-05 7.595e-05 3.55e-05 9.6e-06 6.08e-05 0.00010495 7.05e-06 6.065e-05 7.44e-05 3.12e-05 6.495e-05 0.00010375 5.625e-05 3.56e-05 3.105e-05 9.95e-05 5.4e-06 2.305e-05 7.55e-05 9.05e-06 3.04e-05 6.5e-05 0.0001054 5.35e-06 5.2e-06 6.03e-05 2.335e-05 6.65e-05 3.04e-05 3.155e-05 6.4e-06 0.0001018 3.75e-05 5.895e-05 6.1e-05 5.93e-05 3.485e-05 6.425e-05 3.6e-05 7.65e-06 6.055e-05 6.1e-05 3.505e-05 9.975e-05 0.00010485 6.41e-05 3.04e-05 6.425e-05 3.075e-05 6.105e-05 4.765e-05 5.63e-05 6.425e-05 3.39e-05 3.475e-05 3.1e-05 8.2e-06 6.55e-06 3.315e-05 5.1e-06 4.78e-05 3.555e-05 3.465e-05 3.69e-05
