 slim_337527500 slim_337527640 slim_337527624 slim_337527577 slim_337527613 slim_337527050 slim_337527590 slim_337527625 slim_337527607 slim_337527425 slim_337527488 slim_337527550 slim_337527628 slim_337527614 slim_337527499 slim_337527557 slim_337527569 slim_337527639 slim_337527638 slim_337527568 slim_337527520 slim_337527459 slim_337527597 slim_337527617 slim_337527549 slim_337527485 slim_337527609 slim_337527470 slim_337527606 slim_337527622 slim_337527636 slim_337527560 slim_337527599 slim_337527627 slim_337527621 slim_337527596 slim_337526942 slim_337527534 slim_337527501 slim_337527587 slim_337527209 slim_337527601 slim_337527611 slim_337527571 slim_337527375 slim_337527428 slim_337527634 slim_337527507 slim_337527570 slim_337527629 slim_337527602 slim_337527574 slim_337527605 slim_337527630 slim_337527626 slim_337527595 slim_337527533 slim_337527591 slim_337527390 slim_337527608 slim_337527536 slim_337527452 slim_337527641 slim_337527615 slim_337527580 slim_337527600 slim_337527377 slim_337527635 slim_337527642 slim_337527573 slim_337527623 slim_337527637 slim_337527567 slim_337527518 slim_337527585 slim_337527524 slim_337527527 slim_337527386 slim_337527604 slim_337527322 slim_337527526 slim_337527618 slim_337527554 slim_337527466 slim_337527582 slim_337527619 slim_337527592 slim_337527538 slim_337527632 slim_337527633 slim_337527433 slim_337527631 slim_337527497 slim_337527454
0 0.0001291 0.0001371 0.0001602 0.0001951 0.0001149 0.0001131 0.00011395 0.0001356 0.0001371 0.00011365 0.00015825 8.92e-05 0.00018225 0.00010965 0.0001448 0.0001523 8.945e-05 0.0001823 0.000158 0.0001591 0.00011575 9.27e-05 6.755e-05 0.00013515 0.0001387 0.0001725 0.000154 0.00011515 0.00013525 0.0001162 0.0001397 0.00011415 0.0001372 0.00011715 6.645e-05 0.0001602 6.73e-05 0.00014205 0.0001121 0.00018245 0.0001571 0.0001581 9.585e-05 0.00013455 9.105e-05 0.00011095 9.585e-05 0.00014725 0.00013495 0.000114 9.58e-05 0.00014475 0.0001481 6.625e-05 0.0001267 0.0001832 0.00011515 0.00015805 0.0001337 0.0001145 0.00013705 0.00013305 0.0001193 0.0001373 6.96e-05 0.00011175 6.6e-05 6.65e-05 0.00013695 0.00013555 0.00011985 8.74e-05 0.0001353 0.0001703 9.42e-05 0.00011495 0.00018215 0.0001137 0.0001373 0.0001103 9.275e-05 0.00013705 0.0001103 0.00015745 8.95e-05 9.04e-05 0.0001284 0.0001299 0.00011715 0.00011225 0.0001163 8.87e-05 0.00013575 6.8e-05
1 0.0001371 0.0002696 0.00013515 0.0001489 0.00013785 0.000139 0.0001356 0.00013725 0.00013695 0.0001369 0.000138 0.00013635 0.0001377 0.0001385 0.00013625 0.00015125 0.0001367 0.0001616 0.00013785 0.0001617 0.0001361 0.00013885 0.0001386 0.00013765 0.00013605 0.00013815 0.0001395 0.00013705 0.00013685 0.0001377 0.0001364 0.00013775 0.000135 0.0001364 0.00013655 0.000136 0.00013835 0.0001442 0.0001371 0.00016175 0.0001386 0.00013785 0.00013815 0.00013825 0.000138 0.0001389 0.00013815 0.0001502 0.0001369 0.0001377 0.0001374 0.0001362 0.00013925 0.0001385 0.00015235 0.00013785 0.00013685 0.0001378 0.00013765 0.0001379 0.000136 0.0001386 0.00013655 0.00013535 0.000139 0.0001381 0.00013635 0.00013695 0.00013515 0.0001374 0.0001369 0.0001366 0.00013715 0.00014985 0.0001366 0.00013645 0.0001366 0.0001377 0.00013675 0.00013885 0.0001366 0.00013515 0.00013885 0.00016345 0.0001377 0.0001362 0.00013825 0.00013685 0.000146 0.0001372 0.00013725 0.00013805 0.0001368 0.00013765
2 0.0001602 0.00013515 1.1e-06 4.89e-05 0.00013285 0.0001325 6.59e-05 5.575e-05 0.00015615 0.0001998 9.535e-05 0.000246 6.675e-05 0.00011985 0.0001151 0.000142 0.0002462 5.64e-05 0.00010405 0.0001906 0.00021275 0.00019005 0.00016015 6.505e-05 6.71e-05 0.0001934 0.00017255 0.00015575 5.54e-05 0.0001339 6.915e-05 0.00011255 0.00013525 4.67e-05 0.0001592 1.8e-06 0.0001599 6.44e-05 0.00018975 5.655e-05 0.00012015 9.52e-05 0.0001827 0.00017665 0.00024695 0.00010945 0.0001827 0.00022625 0.0002213 0.0001125 0.0001244 0.00011505 0.0001737 0.00016105 0.0001856 7.01e-05 9.155e-05 9.515e-05 0.0002215 0.0001236 0.00013615 0.0001415 0.0001386 0.0001353 0.00020375 0.00019915 0.00022285 0.00022265 0.00013505 5.57e-05 9.085e-05 0.0001532 5.545e-05 9.2e-05 0.00018135 9.135e-05 6.445e-05 7.785e-05 0.0001482 0.0001101 0.00022655 0.00013505 0.0001101 0.0001112 0.00016655 0.00018285 0.0001279 0.0001271 0.00011915 0.00018995 0.0001561 0.0001033 5.46e-05 0.00020295
3 0.0001951 0.0001489 4.89e-05 9.7e-05 0.00014615 0.0001483 0.0001135 9.385e-05 0.0001581 0.00020175 0.00010135 0.00024795 7.99e-05 0.00014605 0.000126 0.00011905 0.00024815 9.475e-05 0.000108 0.0001945 0.00019445 0.00019415 0.00019595 0.0001009 0.0001034 0.00017355 0.0001544 0.0001693 9.35e-05 0.0001473 9.46e-05 0.0001487 0.000149 9.465e-05 0.00019515 4.98e-05 0.0001957 0.0001011 0.00019365 9.49e-05 0.00012365 0.0001012 0.0002044 0.0001782 0.0002489 0.0001377 0.0002044 0.0001918 0.00020075 0.0001486 0.00013995 0.00012595 0.0001581 0.00019595 0.0001839 7.61e-05 0.0001299 0.00010115 0.00020065 0.00013895 0.0001497 0.0001453 0.000152 0.00014905 0.00023815 0.0002007 0.00024725 0.00024705 0.00014875 9.405e-05 0.00011585 0.00018935 9.38e-05 9.17e-05 0.00019475 0.00012945 7.83e-05 0.0001156 0.0001521 0.00013835 0.00023855 0.0001488 0.00013835 0.00013945 0.0001929 0.00019625 0.00015215 0.00014325 0.00014575 0.00019385 0.00016965 0.00014105 9.27e-05 0.00023735
4 0.0001149 0.00013785 0.00013285 0.00014615 0.0001702 8.77e-05 0.00010965 0.00011085 0.00013715 0.00013665 0.00011125 0.0001427 0.00015485 8.8e-05 0.0001597 0.00010015 0.0001429 0.0001576 0.00011005 0.00016235 0.0001145 0.0001153 0.0001157 0.00010915 0.0001594 0.00015905 8.765e-05 0.0001377 0.0001105 0.0001087 0.0001098 0.00013875 0.00013795 0.00010905 0.00011475 0.0001329 0.00011545 0.0001171 0.0001154 0.00015775 0.00013225 0.0001111 0.00016555 0.0001598 0.0001437 8.81e-05 0.00016555 0.00012815 0.000114 0.0001386 8.57e-05 0.00015965 8.96e-05 0.0001158 0.00013235 0.00013365 0.0001264 0.00011105 0.00011565 8.72e-05 0.0001378 8.66e-05 0.00013565 0.000138 0.0001458 0.000137 0.0001427 0.0001422 0.00013765 0.0001108 0.0001089 0.0001153 0.00011055 0.00012325 0.00011415 0.0001262 0.00015475 0.00010995 0.0001384 8.815e-05 0.0001451 0.00013775 8.815e-05 0.00013535 0.00011505 0.0001149 0.0001285 8.81e-05 9.48e-05 0.0001156 0.0001377 8.775e-05 0.0001103 0.00014495
5 0.0001131 0.000139 0.0001325 0.0001483 8.77e-05 0.0001677 0.00010865 0.00011055 0.00013845 0.0001378 0.00011345 0.00014255 0.000157 8.715e-05 0.0001644 0.0001045 0.00014275 0.0001563 0.0001126 0.00016255 0.00011805 0.00011455 0.0001124 0.0001096 0.00015905 0.0001626 8.775e-05 0.00013865 0.0001102 0.00011075 0.00011185 0.0001356 0.0001391 0.00010825 0.00011295 0.00013255 0.00011215 0.00011705 0.0001166 0.00015645 0.00013445 0.0001133 0.00016485 0.00016065 0.00014205 8.805e-05 0.00016485 0.00013205 0.00011855 0.00013545 8.73e-05 0.00016435 8.48e-05 0.0001125 0.00013045 0.0001359 0.00012495 0.00011325 0.00011935 8.93e-05 0.00013895 8.97e-05 0.00013705 0.00013915 0.00014145 0.00013785 0.00013995 0.0001399 0.0001388 0.0001105 0.0001107 0.00011365 0.00011025 0.00012565 0.00011485 0.00012475 0.0001569 0.00010955 0.00013935 8.79e-05 0.00014505 0.0001389 8.79e-05 0.0001341 0.0001141 0.0001159 0.0001292 8.61e-05 9.48e-05 0.0001168 0.00013885 8.73e-05 0.0001102 0.0001421
6 0.00011395 0.0001356 6.59e-05 0.0001135 0.00010965 0.00010865 0.0001311 7.75e-05 0.0001558 0.0001767 0.0001172 0.00018225 0.0001304 9.805e-05 0.00013835 0.00013855 0.00018245 0.00010185 0.0001263 0.0001713 0.0001688 0.0001469 0.00011445 8.695e-05 0.00011165 0.0001914 0.0001516 0.00013595 7.715e-05 0.0001309 8.99e-05 0.0001138 0.0001357 6.645e-05 0.00011305 6.655e-05 0.0001142 8.695e-05 0.00014695 0.000102 0.000141 0.00011705 0.0001628 0.00017655 0.00018365 8.865e-05 0.0001628 0.00018415 0.0001791 0.00011375 9.945e-05 0.0001383 0.0001492 0.00011525 0.000146 0.00011705 9.23e-05 0.000117 0.0001787 0.0001009 0.00013615 0.0001206 0.0001358 0.00013575 0.0001437 0.0001764 0.0001591 0.00015955 0.0001355 7.765e-05 8.97e-05 0.00011275 7.74e-05 0.00011445 0.00013625 9.19e-05 0.0001295 7.775e-05 0.000147 8.86e-05 0.0001657 0.0001355 8.86e-05 0.0001132 0.0001244 0.00013635 0.00012655 0.0001072 9.825e-05 0.00014715 0.00013605 7.81e-05 7.705e-05 0.00014245
7 0.0001356 0.00013725 5.575e-05 9.385e-05 0.00011085 0.00011055 7.75e-05 0.0001108 0.00014775 0.00016875 8.595e-05 0.0001953 0.00011085 6.77e-05 0.0001591 0.000139 0.0001955 8.075e-05 9.65e-05 0.000162 0.000182 0.0001592 0.0001355 6.7e-05 0.000112 0.00016735 0.00012215 0.0001575 5.555e-05 0.00013145 0.00010005 0.0001144 0.00013735 7.765e-05 0.0001347 5.66e-05 0.00013525 6.665e-05 0.00013715 8.09e-05 0.0001098 8.61e-05 0.00017415 0.0001682 0.0001962 5.63e-05 0.00017415 0.00017595 0.00017075 0.0001145 0.0001222 0.00015905 0.0001238 0.0001364 0.0001472 8.615e-05 9.295e-05 8.605e-05 0.0001696 9.96e-05 0.000138 8.9e-05 0.00015805 0.0001374 0.000165 0.00016805 0.00017215 0.0001714 0.00013715 5.605e-05 0.0001212 0.0001138 5.58e-05 9.445e-05 0.00015925 9.24e-05 0.00010975 7.65e-05 0.0001378 5.555e-05 0.0001879 0.00013715 5.555e-05 8.065e-05 0.0001134 0.0001583 0.0001004 8.795e-05 6.65e-05 0.00013735 0.0001578 7.68e-05 5.615e-05 0.00016425
8 0.0001371 0.00013695 0.00015615 0.0001581 0.00013715 0.00013845 0.0001558 0.00014775 0.0002328 0.00011895 0.0001315 0.0001186 0.00013875 0.0001282 0.000137 0.0001586 0.0001188 0.0001718 0.0001209 0.00015235 0.0001276 0.0001299 0.00013915 0.00013725 0.00013785 0.00012845 0.00011915 0.00013795 0.0001474 0.00013855 0.0001563 0.00013935 0.00013705 0.0001563 0.0001373 0.0001562 0.0001389 0.00015175 0.000128 0.0001719 0.00012965 0.00013135 0.00012 0.0001205 0.00012 0.00013865 0.00012 0.00013895 0.0001178 0.0001392 0.00014705 0.00013695 0.00011955 0.0001384 0.0001583 0.00013135 0.0001471 0.0001313 0.0001187 0.00014735 0.0001369 0.0001282 0.00013725 0.0001371 0.0001382 0.00012035 0.00011875 0.0001192 0.00013675 0.00014755 0.0001563 0.0001382 0.00014735 0.00015835 0.0001372 0.00014705 0.0001382 0.00014715 0.00012805 0.00013855 0.000136 0.00013685 0.00013855 0.00016315 0.00012875 0.00013685 0.00011845 0.0001373 0.00014305 0.0001282 0.000138 0.0001475 0.00014735 0.00013695
9 0.00011365 0.0001369 0.0001998 0.00020175 0.00013665 0.0001378 0.0001767 0.00016875 0.00011895 0.0001455 0.00015245 7.415e-05 0.00015995 0.0001277 0.00016015 0.00015735 7.435e-05 0.0002153 0.00014325 0.0001517 0.00010485 0.00010635 0.0001158 0.0001595 0.00015985 0.00010555 0.00011955 0.0001373 0.0001684 0.0001138 0.0001774 0.0001385 0.000137 0.0001774 0.00011445 0.00020005 0.00011555 0.00017285 0.0001054 0.00021545 0.0001281 0.0001523 9.855e-05 9.71e-05 7.555e-05 0.00013705 9.855e-05 0.00011595 9.625e-05 0.00013835 0.00014535 0.0001601 0.00011945 0.00011495 0.00013765 0.00017485 0.0001585 0.00015225 9.615e-05 0.00014575 0.00013705 0.0001277 0.000137 0.00013705 9.535e-05 7.41e-05 7.405e-05 7.45e-05 0.0001367 0.0001687 0.0001775 0.0001147 0.00016845 0.0001794 0.0001146 0.0001583 0.00016015 0.0001682 0.0001278 0.000137 9.395e-05 0.0001368 0.000137 0.000184 0.0001059 0.0001143 0.00012565 0.00013655 0.0001415 0.0001056 0.00013735 0.000146 0.0001683 9.41e-05
10 0.00015825 0.000138 9.535e-05 0.00010135 0.00011125 0.00011345 0.0001172 8.595e-05 0.0001315 0.00015245 0.0001521 0.000179 0.00011045 8.115e-05 0.00015645 0.0001237 0.0001792 0.0001107 7.94e-05 0.00015305 0.0001515 0.00015095 0.00015815 8.965e-05 0.00013475 0.0001362 8.61e-05 0.0001576 8.59e-05 0.0001317 0.00011695 0.00013755 0.0001381 0.0001169 0.00015755 9.575e-05 0.0001579 9.53e-05 0.0001282 0.00011085 0.0001002 7.62e-05 0.00017735 0.00015125 0.0001799 7.695e-05 0.00017735 0.0001441 0.0001322 0.0001374 0.00013065 0.0001564 9.02e-05 0.00015905 0.0001544 7.625e-05 0.0001229 7.615e-05 0.0001304 0.0001072 0.00013825 8.005e-05 0.00015845 0.00013815 0.00018775 0.0001511 0.0001783 0.00017755 0.0001378 8.6e-05 0.000138 0.0001367 8.575e-05 0.0001018 0.00015965 0.0001229 0.00010925 0.0001065 0.00012885 7.62e-05 0.0001884 0.0001379 7.62e-05 0.0001013 0.0001269 0.0001587 0.0001067 9.11e-05 8.585e-05 0.0001284 0.0001579 0.0001068 8.65e-05 0.000187
11 8.92e-05 0.00013635 0.000246 0.00024795 0.0001427 0.00014255 0.00018225 0.0001953 0.0001186 7.415e-05 0.000179 5.25e-05 0.0002068 0.0001333 0.0001602 0.0001823 2.68e-05 0.0002429 0.0001702 0.0001335 8.35e-05 8.545e-05 9.23e-05 0.0001866 0.00018045 0.00010355 0.00012625 0.00011615 0.00019495 0.0001402 0.0002028 0.0001384 0.00013645 0.00020255 9.015e-05 0.00024625 9.205e-05 0.00019995 8.54e-05 0.00024305 0.0001553 0.00017885 7.245e-05 9.68e-05 2.89e-05 0.0001446 7.245e-05 9.735e-05 7.665e-05 0.00013825 0.0001497 0.00016015 0.0001217 9.14e-05 0.0001172 0.00020395 0.00015855 0.0001788 7.655e-05 0.0001515 0.0001367 0.00013515 0.0001359 0.0001367 4.9e-05 7.395e-05 2.64e-05 2.765e-05 0.00013635 0.00019525 0.0001825 9.51e-05 0.000195 0.0002066 9.32e-05 0.00015835 0.0002066 0.0001739 0.00012685 0.0001439 4.72e-05 0.00013645 0.0001439 0.00019195 8.66e-05 9.055e-05 0.00012495 0.0001434 0.00014895 8.545e-05 0.00011715 0.00014915 0.0001955 4.69e-05
12 0.00018225 0.0001377 6.675e-05 7.99e-05 0.00015485 0.000157 0.0001304 0.00011085 0.00013875 0.00015995 0.00011045 0.0002068 0.0001311 0.00015475 0.00011375 0.00014845 0.000207 0.00011135 0.00010995 0.00018205 0.00018165 0.00018085 0.0001828 0.00010925 9.195e-05 0.00013865 0.00015605 0.00015645 0.0001105 0.0001336 0.00011105 0.000137 0.0001378 0.00011125 0.0001824 6.61e-05 0.00018255 0.0001166 0.0001812 0.00011145 0.0001098 0.0001103 0.00016335 0.0001355 0.00020775 0.00015345 0.00016335 0.00019305 0.00018125 0.00013685 0.00015535 0.0001137 0.00015985 0.0001831 0.0001922 8.52e-05 0.00013685 0.00011025 0.0001805 0.0001546 0.0001369 0.000154 0.00013915 0.00013785 0.0002043 0.0001583 0.0002061 0.0002059 0.0001375 0.0001106 0.0001317 0.00017755 0.0001104 0.00012235 0.0001823 0.00013685 6.62e-05 0.00013115 0.00013925 0.0001541 0.0002052 0.0001376 0.0001541 0.0001552 0.00018045 0.00018355 0.0001385 0.0001531 0.0001604 0.0001814 0.0001568 0.00015655 0.0001097 0.0002035
13 0.00010965 0.0001385 0.00011985 0.00014605 8.8e-05 8.715e-05 9.805e-05 6.77e-05 0.0001282 0.0001277 8.115e-05 0.0001333 0.00015475 2.92e-05 0.00020325 0.00014395 0.00013355 0.00011575 8.135e-05 0.00013425 0.00014995 0.0001277 0.000111 6.76e-05 0.0001569 0.0001379 5.97e-05 0.0001579 6.76e-05 0.00012955 0.00014035 0.00011635 0.0001386 0.0001177 0.0001095 0.0001201 0.00011075 7.545e-05 8.62e-05 0.0001159 0.00010205 8.125e-05 0.00015645 0.00014945 0.000135 1.575e-05 0.00015645 0.00012275 0.0001089 0.0001162 0.00012915 0.0002032 6.08e-05 0.0001112 0.0001125 0.00010625 0.00010335 8.12e-05 0.0001096 8.785e-05 0.0001387 3.795e-05 0.00017795 0.0001387 0.00012365 0.00012665 0.0001103 0.00011055 0.00013835 6.79e-05 0.0001608 7.365e-05 6.765e-05 0.0001041 0.0001365 0.00010315 0.00015455 8.72e-05 0.0001281 1.535e-05 0.000146 0.00013845 1.535e-05 6.36e-05 6.355e-05 0.0001333 6.23e-05 4.695e-05 2.325e-05 8.635e-05 0.0001587 6.255e-05 6.785e-05 0.00012215
14 0.0001448 0.00013625 0.0001151 0.000126 0.0001597 0.0001644 0.00013835 0.0001591 0.000137 0.00016015 0.00015645 0.0001602 0.00011375 0.00020325 0.000136 0.0001505 0.0001605 0.0001595 0.0001561 0.0001806 0.0001368 0.00014075 0.00014565 0.0001582 9.525e-05 0.0001703 0.00020105 0.0001157 0.00015875 0.0001396 0.00011545 0.0001403 0.00013635 0.000119 0.00014415 0.00011465 0.0001454 0.0001654 0.00017965 0.00015955 0.0001574 0.0001563 0.00011655 0.0001383 0.00016125 0.00020195 0.00011655 0.0001896 0.00017685 0.00014015 0.0001198 6.8e-05 0.0002016 0.00014565 0.0001928 0.0001312 0.0001395 0.00015625 0.00017725 0.00015895 0.0001358 0.00019925 9.75e-05 0.0001365 0.000162 0.0001608 0.0001626 0.0001624 0.00013615 0.0001586 9.55e-05 0.00018085 0.00015855 0.0001686 0.00014035 0.00013975 0.0001129 0.00013895 0.000138 0.00020215 0.0001582 0.00013625 0.00020215 0.00020325 0.0001819 0.0001418 0.00017465 0.0002011 0.0002091 0.0001798 0.000116 0.0001644 0.0001584 0.0001612
15 0.0001523 0.00015125 0.000142 0.00011905 0.00010015 0.0001045 0.00013855 0.000139 0.0001586 0.00015735 0.0001237 0.0001823 0.00014845 0.00014395 0.0001505 9.65e-05 0.0001825 0.0001845 0.00013085 0.0001935 0.0001047 0.0001274 0.00015305 0.000146 0.00017575 0.0001686 0.00010945 0.00015045 0.00013865 0.00010155 9.535e-05 0.00017405 0.00015135 0.00011865 0.00015225 0.00014195 0.0001528 0.0001468 0.0001478 0.00018465 0.00014495 0.00012355 0.0002051 0.0001797 0.00018325 0.00013535 0.0002051 0.0001244 0.00013285 0.0001739 7.21e-05 0.00015045 0.0001133 0.00015315 0.00014365 0.00014355 0.00015495 0.0001235 0.0001324 9.185e-05 0.0001511 0.0001202 0.00013055 0.0001514 0.0002 0.0001569 0.00020455 0.00020435 0.00015105 0.00013885 9.59e-05 0.0001693 0.0001387 0.00011525 0.000128 0.00015475 0.00014835 0.0001376 0.0001516 0.0001353 0.0001774 0.00015115 0.0001353 0.00018115 0.0001699 0.00013035 0.00019205 0.00012315 0.0001435 0.0001479 0.00015075 0.00011785 0.00013865 0.0001992
16 8.945e-05 0.0001367 0.0002462 0.00024815 0.0001429 0.00014275 0.00018245 0.0001955 0.0001188 7.435e-05 0.0001792 2.68e-05 0.000207 0.00013355 0.0001605 0.0001825 5.31e-05 0.0002431 0.0001704 0.0001337 8.385e-05 8.565e-05 9.25e-05 0.0001868 0.00018065 0.0001038 0.00012645 0.0001164 0.00019515 0.0001404 0.000203 0.0001386 0.0001368 0.00020275 9.045e-05 0.00024645 9.225e-05 0.00020015 8.535e-05 0.00024325 0.0001555 0.00017905 7.275e-05 9.705e-05 2.875e-05 0.0001448 7.275e-05 9.755e-05 7.695e-05 0.00013845 0.0001499 0.00016045 0.0001219 9.16e-05 0.0001174 0.00020415 0.00015875 0.000179 7.675e-05 0.0001517 0.00013665 0.00013535 0.0001362 0.0001364 4.92e-05 7.42e-05 2.68e-05 2.8e-05 0.0001363 0.00019545 0.0001827 9.535e-05 0.0001952 0.0002068 9.29e-05 0.00015855 0.0002068 0.0001741 0.0001272 0.0001441 4.75e-05 0.0001364 0.0001441 0.00019215 8.69e-05 9.05e-05 0.00012515 0.0001436 0.00014915 8.575e-05 0.00011735 0.00014935 0.0001957 4.715e-05
17 0.0001823 0.0001616 5.64e-05 9.475e-05 0.0001576 0.0001563 0.00010185 8.075e-05 0.0001718 0.0002153 0.0001107 0.0002429 0.00011135 0.00011575 0.0001595 0.0001845 0.0002431 0.0001121 0.00012095 0.00016115 0.00022855 0.00020495 0.00018145 9.12e-05 0.0001126 0.0001925 0.0001692 0.00018145 8.04e-05 0.0001769 0.0001229 0.0001381 0.0001617 0.0001005 0.0001814 5.68e-05 0.0001812 9.09e-05 0.0001853 5.63e-05 0.00013445 0.00011055 0.0001974 0.0001923 0.00024305 0.0001045 0.0001974 0.00022365 0.0002186 0.00013795 0.00016765 0.00015945 0.00017055 0.00018235 0.0001919 8.795e-05 0.0001169 0.0001105 0.00021775 0.00014665 0.000162 0.00013735 0.00018115 0.00016175 0.0002097 0.00021455 0.00021975 0.00021945 0.0001614 8.05e-05 0.0001441 0.0001617 8.02e-05 0.00011875 0.0002058 0.0001169 0.00011005 0.0001011 0.00016195 0.0001042 0.0002334 0.0001615 0.0001042 8.03e-05 0.000162 0.00020505 0.0001258 0.00013585 0.000115 0.0001855 0.0001818 0.00012405 8.055e-05 0.0002097
18 0.000158 0.00013785 0.00010405 0.000108 0.00011005 0.0001126 0.0001263 9.65e-05 0.0001209 0.00014325 7.94e-05 0.0001702 0.00010995 8.135e-05 0.0001561 0.00013085 0.0001704 0.00012095 0.0001407 0.00015445 0.00015095 0.0001506 0.0001586 8.795e-05 0.00013445 0.00013375 7.455e-05 0.0001576 9.615e-05 0.00013175 0.000126 0.0001376 0.00013795 0.000126 0.00015795 0.00010435 0.00015835 0.00010115 0.0001296 0.00012105 0.00010135 7.925e-05 0.0001684 0.0001422 0.0001711 8.785e-05 0.0001684 0.00014175 0.00012175 0.00013745 0.00013935 0.00015605 7.915e-05 0.0001588 0.0001596 7.935e-05 0.00013275 7.91e-05 0.000122 0.00011785 0.000138 7.995e-05 0.0001587 0.000138 0.00018655 0.00014205 0.00016965 0.0001689 0.00013765 9.62e-05 0.00014705 0.00013675 9.6e-05 0.0001083 0.0001599 0.0001328 0.00010885 0.00011725 0.00013025 8.8e-05 0.000187 0.00013775 8.795e-05 0.0001131 0.00012845 0.00015895 9.545e-05 8.985e-05 9.325e-05 0.0001298 0.0001579 0.00011745 9.585e-05 0.0001858
19 0.0001591 0.0001617 0.0001906 0.0001945 0.00016235 0.00016255 0.0001713 0.000162 0.00015235 0.0001517 0.00015305 0.0001335 0.00018205 0.00013425 0.0001806 0.0001935 0.0001337 0.00016115 0.00015445 0.0002631 0.00015225 0.0001535 0.00015965 0.00016355 0.0001813 0.00013715 0.0001359 0.0001626 0.00016165 0.00018045 0.0001899 0.00016305 0.0001618 0.00018985 0.00015865 0.00019085 0.0001594 0.0001705 0.00013265 0.0001613 0.00015265 0.0001529 0.0001528 0.00015375 0.0001341 0.0001337 0.0001528 0.0001469 0.0001343 0.0001629 0.0001804 0.00018055 0.00013585 0.0001596 0.0001584 0.0001554 0.0001619 0.00015285 0.00013365 0.0001607 0.00016185 0.0001342 0.0001792 0.00016185 0.0001447 0.00015335 0.0001335 0.00013385 0.0001615 0.00016195 0.0001899 0.00014495 0.0001617 0.00017635 0.00016105 0.0001617 0.00018185 0.0001607 0.0001509 0.0001327 0.00014355 0.0001616 0.0001327 0.0001323 0.00013315 0.0001584 0.0001359 0.00014535 0.0001416 0.00013285 0.00016265 0.00015855 0.0001625 0.00014425
20 0.00011575 0.0001361 0.00021275 0.00019445 0.0001145 0.00011805 0.0001688 0.000182 0.0001276 0.00010485 0.0001515 8.35e-05 0.00018165 0.00014995 0.0001368 0.0001047 8.385e-05 0.00022855 0.00015095 0.00015225 0.0001188 8.475e-05 0.0001176 0.0001813 0.00018335 0.0001225 0.0001072 0.00011685 0.00018165 0.000114 0.00014575 0.0001615 0.0001362 0.0001691 0.00011595 0.00021275 0.00011735 0.0001883 0.00010525 0.0002287 0.00015035 0.00015135 0.0001286 0.000129 8.515e-05 0.00015115 0.0001286 9.59e-05 8.185e-05 0.00016135 9.245e-05 0.00013675 0.00010675 0.00011715 0.0001318 0.0001739 0.0001613 0.0001513 8.25e-05 0.00011445 0.00013635 0.0001271 0.0001155 0.0001366 0.0001201 0.0001062 0.00010645 0.00010705 0.00013625 0.00018195 0.00012585 0.0001376 0.0001817 0.00017205 9.29e-05 0.0001611 0.0001816 0.00016025 0.0001276 0.00015055 9.515e-05 0.00013635 0.00015055 0.00019755 0.0001288 9.265e-05 0.00016805 0.00013805 0.00015725 0.00010535 0.00011705 0.00013805 0.0001821 0.00011875
21 9.27e-05 0.00013885 0.00019005 0.00019415 0.0001153 0.00011455 0.0001469 0.0001592 0.0001299 0.00010635 0.00015095 8.545e-05 0.00018085 0.0001277 0.00014075 0.0001274 8.565e-05 0.00020495 0.0001506 0.0001535 8.475e-05 0.0001636 9.215e-05 0.00015875 0.00015965 0.0001441 0.0001265 0.0001165 0.00015885 0.0001136 0.000146 0.0001361 0.00013895 0.00014675 9.385e-05 0.00019005 9.2e-05 0.00016525 0.00010755 0.0002051 0.00014945 0.0001508 0.0001068 0.0001276 8.475e-05 0.00012825 0.0001068 0.00012045 0.0001075 0.00013585 9.265e-05 0.0001407 0.0001233 9.2e-05 0.0001295 0.0001734 0.00013915 0.00015075 0.00010655 0.0001146 0.00013875 0.00012745 0.00011775 0.000139 9.435e-05 0.0001048 8.515e-05 8.51e-05 0.00013865 0.00015915 0.00012645 0.00011425 0.0001589 0.00017175 9.565e-05 0.00013895 0.0001808 0.00013755 0.0001303 0.00012765 9.73e-05 0.00013875 0.00012765 0.00017385 0.00010735 9.51e-05 0.00014535 0.00013575 0.0001341 0.00010775 0.0001172 0.0001153 0.0001593 9.51e-05
22 6.755e-05 0.0001386 0.00016015 0.00019595 0.0001157 0.0001124 0.00011445 0.0001355 0.00013915 0.0001158 0.00015815 9.23e-05 0.0001828 0.000111 0.00014565 0.00015305 9.25e-05 0.00018145 0.0001586 0.00015965 0.0001176 9.215e-05 0.0001324 0.00013565 0.00013935 0.0001741 0.00015395 0.0001166 0.00013515 0.00011685 0.00013955 0.00011335 0.0001387 0.0001172 6.745e-05 0.00015995 6.62e-05 0.00014255 0.0001135 0.0001816 0.0001578 0.000158 9.595e-05 0.00013685 9.165e-05 0.00011085 9.595e-05 0.0001495 0.0001372 0.0001131 9.62e-05 0.0001456 0.00014815 6.69e-05 0.00012695 0.00018315 0.00011545 0.00015795 0.0001358 0.0001143 0.0001383 0.0001337 0.00012035 0.00013875 6.97e-05 0.0001141 6.905e-05 6.9e-05 0.0001384 0.00013545 0.0001198 8.89e-05 0.0001352 0.00017115 9.575e-05 0.00011525 0.0001829 0.0001132 0.0001388 0.00011015 9.515e-05 0.0001385 0.00011015 0.00015655 9.035e-05 9.195e-05 0.0001296 0.00013065 0.0001176 0.0001137 0.0001173 8.87e-05 0.0001357 7.04e-05
23 0.00013515 0.00013765 6.505e-05 0.0001009 0.00010915 0.0001096 8.695e-05 6.7e-05 0.00013725 0.0001595 8.965e-05 0.0001866 0.00010925 6.76e-05 0.0001582 0.000146 0.0001868 9.12e-05 8.795e-05 0.00016355 0.0001813 0.00015875 0.00013565 0.0001277 0.0001118 0.0001646 0.00011025 0.00015695 6.665e-05 0.0001311 0.00010895 0.0001152 0.00013775 8.675e-05 0.0001347 6.44e-05 0.0001354 7.26e-05 0.000139 9.13e-05 0.0001112 8.95e-05 0.00016535 0.00015905 0.0001876 6.745e-05 0.00016535 0.00017355 0.00016 0.00011505 0.00013055 0.00015815 0.0001126 0.00013605 0.00015275 8.95e-05 0.000103 8.945e-05 0.00016165 0.00011035 0.00013685 8.895e-05 0.0001582 0.0001378 0.00016425 0.0001589 0.0001636 0.0001631 0.00013745 6.675e-05 0.00012955 0.0001144 6.655e-05 0.0001012 0.00015945 0.000103 0.0001092 8.705e-05 0.00013935 6.81e-05 0.0001869 0.00013755 6.81e-05 9.29e-05 0.00011565 0.00015815 8.855e-05 8.715e-05 7.425e-05 0.0001392 0.0001573 8.735e-05 6.585e-05 0.0001634
24 0.0001387 0.00013605 6.71e-05 0.0001034 0.0001594 0.00015905 0.00011165 0.000112 0.00013785 0.00015985 0.00013475 0.00018045 9.195e-05 0.0001569 9.525e-05 0.00017575 0.00018065 0.0001126 0.00013445 0.0001813 0.00018335 0.00015965 0.00013935 0.0001118 0.0001336 0.00017735 0.0002006 0.0001351 0.00011165 0.0001388 0.00011485 0.0001125 0.00013615 9.25e-05 0.0001391 6.77e-05 0.00013915 0.000118 0.00018045 0.00011275 0.00013565 0.0001346 0.00011695 0.0001359 0.0001813 0.00015555 0.00011695 0.00021515 0.000203 0.00011225 0.00013985 9.52e-05 0.0001987 0.0001395 0.00019135 0.0001095 0.00011285 0.00013455 0.00020275 0.00015915 0.00013655 0.00017855 0.0001188 0.0001362 0.00015495 0.0001584 0.0001572 0.000157 0.0001358 0.0001119 0.00011595 0.00015305 0.00011165 0.0001463 0.00016155 0.0001127 9.02e-05 0.0001134 0.0001389 0.00015615 0.0001787 0.00013595 0.00015615 0.00015725 0.00015715 0.00016305 0.00013175 0.0001742 0.0001626 0.00018065 0.00013555 0.00013885 0.0001109 0.0001542
25 0.0001725 0.00013815 0.0001934 0.00017355 0.00015905 0.0001626 0.0001914 0.00016735 0.00012845 0.00010555 0.0001362 0.00010355 0.00013865 0.0001379 0.0001703 0.0001686 0.0001038 0.0001925 0.00013375 0.00013715 0.0001225 0.0001441 0.0001741 0.0001646 0.00017735 8.93e-05 9.395e-05 0.00015275 0.000167 0.00015515 0.0001878 0.00015985 0.00013825 0.0002106 0.000174 0.0001936 0.00017385 0.0001715 0.00011175 0.00019265 0.00011185 0.00013605 0.0001427 0.00010395 0.00010465 0.00013985 0.0001427 9.94e-05 8.675e-05 0.0001597 0.00019495 0.00017025 9.94e-05 0.00017345 0.00013105 0.0001383 0.00017395 0.000136 8.655e-05 0.00016115 0.00013835 0.0001155 0.00017415 0.0001384 0.00013495 0.00010365 0.00012575 0.000126 0.00013805 0.0001673 0.00020445 0.0001406 0.00016705 0.0001546 0.00015555 0.00017375 0.00013855 0.00018345 0.0001307 0.0001406 0.0001135 0.00013815 0.0001406 0.0001662 0.0001343 0.0001526 0.00011945 0.0001261 0.00014515 0.0001119 0.0001534 0.00018155 0.0001661 0.00013405
26 0.000154 0.0001395 0.00017255 0.0001544 8.765e-05 8.775e-05 0.0001516 0.00012215 0.00011915 0.00011955 8.61e-05 0.00012625 0.00015605 5.97e-05 0.00020105 0.00010945 0.00012645 0.0001692 7.455e-05 0.0001359 0.0001072 0.0001265 0.00015395 0.00011025 0.0002006 9.395e-05 1.28e-05 0.00015925 0.0001218 0.00013025 0.0001501 0.0001589 0.0001396 0.0001708 0.0001545 0.0001728 0.0001537 0.00012505 8.865e-05 0.00016935 0.00010485 8.595e-05 0.0001874 0.0001427 0.0001258 7.06e-05 0.0001874 7.915e-05 5.645e-05 0.00015875 0.0001385 0.000201 1.035e-05 0.00015345 0.00011775 0.0001111 0.0001576 8.59e-05 5.99e-05 9.91e-05 0.00013965 3.87e-05 0.0001788 0.00013965 0.00016495 0.0001199 0.0001468 0.00014645 0.0001393 0.0001221 0.0001706 0.00011825 0.00012185 0.0001123 0.00013785 0.0001574 0.00015585 0.00014195 0.00013065 7.105e-05 0.00014575 0.0001394 7.105e-05 0.00011855 0.000109 0.00013465 9.53e-05 4.87e-05 7.435e-05 8.885e-05 0.0001598 0.00011715 0.0001212 0.00016555
27 0.00011515 0.00013705 0.00015575 0.0001693 0.0001377 0.00013865 0.00013595 0.0001575 0.00013795 0.0001373 0.0001576 0.00011615 0.00015645 0.0001579 0.0001157 0.00015045 0.0001164 0.00018145 0.0001576 0.0001626 0.00011685 0.0001165 0.0001166 0.00015695 0.0001351 0.00015275 0.00015925 0.0002285 0.00015715 0.00013625 0.0001358 0.0001368 0.00013715 0.0001364 0.00011555 0.0001555 0.00011635 0.0001638 0.00013825 0.00018155 0.00015775 0.00015745 0.0001173 0.000136 0.00011795 0.0001584 0.0001173 0.0001512 0.0001383 0.00013665 0.00011635 0.00011565 0.00015575 0.0001168 0.00015155 0.00015745 0.00013675 0.0001574 0.0001382 0.000137 0.00013675 0.00015835 0.0001178 0.00013725 0.00011715 0.0001358 0.0001159 0.0001164 0.0001369 0.00015715 0.00011565 0.0001353 0.00015705 0.00017005 0.00011785 0.00013685 0.00015595 0.0001369 0.00013825 0.0001584 0.0001176 0.000137 0.0001584 0.00018295 0.0001386 0.000117 0.00015395 0.000157 0.00016525 0.0001384 0.0001154 0.00013725 0.000157 0.0001156
28 0.00013525 0.00013685 5.54e-05 9.35e-05 0.0001105 0.0001102 7.715e-05 5.555e-05 0.0001474 0.0001684 8.59e-05 0.00019495 0.0001105 6.76e-05 0.00015875 0.00013865 0.00019515 8.04e-05 9.615e-05 0.00016165 0.00018165 0.00015885 0.00013515 6.665e-05 0.00011165 0.000167 0.0001218 0.00015715 0.0001101 0.0001311 9.97e-05 0.0001142 0.000137 7.73e-05 0.00013435 5.625e-05 0.0001349 6.63e-05 0.0001367 8.055e-05 0.00010945 8.565e-05 0.0001738 0.00016785 0.00019585 5.595e-05 0.0001738 0.0001756 0.0001704 0.00011415 0.00012185 0.0001587 0.00012345 0.00013605 0.00014685 8.59e-05 9.26e-05 8.57e-05 0.00016925 9.915e-05 0.00013765 8.865e-05 0.0001577 0.000137 0.00016465 0.0001677 0.0001718 0.00017105 0.0001368 5.57e-05 0.00012085 0.00011345 5.535e-05 9.41e-05 0.0001589 9.22e-05 0.0001094 7.625e-05 0.00013745 5.52e-05 0.00018755 0.0001368 5.51e-05 8.03e-05 0.00011305 0.00015795 0.00010005 8.76e-05 6.605e-05 0.000137 0.00015745 7.645e-05 5.58e-05 0.0001639
29 0.0001162 0.0001377 0.0001339 0.0001473 0.0001087 0.00011075 0.0001309 0.00013145 0.00013855 0.0001138 0.0001317 0.0001402 0.0001336 0.00012955 0.0001396 0.00010155 0.0001404 0.0001769 0.00013175 0.00018045 0.000114 0.0001136 0.00011685 0.0001311 0.0001388 0.00015515 0.00013025 0.00013625 0.0001311 0.0001729 0.0001104 0.0001374 0.0001378 0.0001116 0.00011645 0.00013385 0.0001166 0.0001379 0.0001348 0.00017705 0.00013065 0.00013155 0.0001432 0.0001363 0.00014115 0.0001282 0.0001432 0.0001476 0.0001349 0.00013725 8.79e-05 0.00013955 0.0001314 0.00011705 0.00015125 0.00015155 0.00013755 0.0001315 0.0001346 0.00010745 0.00013755 0.00012825 0.00011775 0.00013785 0.0001424 0.0001133 0.0001399 0.0001397 0.0001375 0.0001314 0.0001113 0.00013265 0.00013115 0.0001439 0.0001155 0.00013735 0.000134 0.0001305 0.00013825 0.0001283 0.0001429 0.0001376 0.0001283 0.0001742 0.00013445 0.00011725 0.00015505 0.00012835 0.00013515 0.000135 0.0001366 0.00011085 0.00013085 0.0001416
30 0.0001397 0.0001364 6.915e-05 9.46e-05 0.0001098 0.00011185 8.99e-05 0.00010005 0.0001563 0.0001774 0.00011695 0.0002028 0.00011105 0.00014035 0.00011545 9.535e-05 0.000203 0.0001229 0.000126 0.0001899 0.00014575 0.000146 0.00013955 0.00010895 0.00011485 0.0001878 0.0001501 0.0001358 9.97e-05 0.0001104 0.0001376 0.00013675 0.0001365 7.03e-05 0.0001386 6.93e-05 0.0001393 0.00010895 0.00016665 0.0001228 0.00014105 0.0001168 0.00018275 0.00017745 0.00020375 0.00012995 0.00018275 0.0001813 0.0001758 0.0001366 7.985e-05 0.0001154 0.00015105 0.00014055 0.0001658 0.00011425 0.0001155 0.00011675 0.000176 9.95e-05 0.00013645 0.00013905 0.00011755 0.00013655 0.0001859 0.0001773 0.0002026 0.0002024 0.0001362 9.975e-05 7.04e-05 0.00015465 9.955e-05 0.00011435 0.00013765 0.00011555 0.00011 9.99e-05 0.00014775 0.00013005 0.00018575 0.0001363 0.00013005 0.00015355 0.0001664 0.0001393 0.00016755 0.00012865 0.00013955 0.00016685 0.00013615 0.0001028 9.945e-05 0.0001851
31 0.00011415 0.00013775 0.00011255 0.0001487 0.00013875 0.0001356 0.0001138 0.0001144 0.00013935 0.0001385 0.00013755 0.0001384 0.000137 0.00011635 0.0001403 0.00017405 0.0001386 0.0001381 0.0001376 0.00016305 0.0001615 0.0001361 0.00011335 0.0001152 0.0001125 0.00015985 0.0001589 0.0001368 0.0001142 0.0001374 0.00013675 0.0002244 0.00013785 0.00011415 0.00011455 0.0001134 0.0001131 0.00012125 0.0001395 0.00013825 0.0001378 0.0001374 0.00011655 0.00013695 0.0001378 0.0001161 0.00011655 0.00017485 0.00016265 0.0001124 0.0001377 0.00014025 0.0001559 0.00011335 0.00015015 0.00013745 0.0001148 0.00013735 0.0001618 0.00013815 0.0001385 0.00013905 0.0001389 0.0001379 0.00011325 0.0001368 0.00011515 0.0001151 0.00013765 0.0001147 0.0001376 0.00011335 0.00011445 0.00014965 0.00013945 0.00011425 0.0001359 0.0001151 0.0001396 0.00011605 0.00013885 0.00013765 0.00011605 0.00013985 0.00011635 0.00013875 0.00011565 0.00013465 0.00012295 0.0001397 0.0001375 0.0001154 0.0001141 0.0001141
32 0.0001372 0.000135 0.00013525 0.000149 0.00013795 0.0001391 0.0001357 0.00013735 0.00013705 0.000137 0.0001381 0.00013645 0.0001378 0.0001386 0.00013635 0.00015135 0.0001368 0.0001617 0.00013795 0.0001618 0.0001362 0.00013895 0.0001387 0.00013775 0.00013615 0.00013825 0.0001396 0.00013715 0.000137 0.0001378 0.0001365 0.00013785 0.0002698 0.0001365 0.00013665 0.0001361 0.00013845 0.0001443 0.0001372 0.00016185 0.0001387 0.00013795 0.00013825 0.00013835 0.0001381 0.000139 0.00013825 0.0001503 0.000137 0.0001378 0.0001375 0.0001363 0.00013935 0.0001386 0.00015245 0.00013795 0.00013695 0.0001379 0.00013775 0.000138 0.0001361 0.0001387 0.00013665 0.0001355 0.0001391 0.0001382 0.00013645 0.00013705 0.00013525 0.0001375 0.000137 0.0001367 0.00013725 0.00014995 0.0001367 0.00013655 0.0001367 0.0001378 0.0001369 0.00013895 0.0001367 0.00013525 0.00013895 0.00016355 0.0001378 0.0001363 0.00013835 0.00013695 0.0001461 0.0001373 0.00013735 0.00013815 0.0001369 0.00013775
33 0.00011715 0.0001364 4.67e-05 9.465e-05 0.00010905 0.00010825 6.645e-05 7.765e-05 0.0001563 0.0001774 0.0001169 0.00020255 0.00011125 0.0001177 0.000119 0.00011865 0.00020275 0.0001005 0.000126 0.00018985 0.0001691 0.00014675 0.0001172 8.675e-05 9.25e-05 0.0002106 0.0001708 0.0001364 7.73e-05 0.0001116 7.03e-05 0.00011415 0.0001365 9.29e-05 0.00011625 4.71e-05 0.00011695 8.67e-05 0.0001666 0.00010065 0.00014105 0.00011675 0.00016285 0.00017725 0.0002035 0.00010755 0.00016285 0.0002037 0.00019875 0.000114 7.95e-05 0.00011895 0.0001689 0.000118 0.00016535 0.0001142 9.26e-05 0.0001167 0.00019835 0.00010055 0.0001366 0.0001396 0.0001163 0.00013655 0.00016305 0.0001771 0.0001794 0.0001792 0.0001362 7.74e-05 6.99e-05 0.00013205 7.715e-05 0.0001144 0.0001363 9.26e-05 0.00010995 7.775e-05 0.0001477 0.0001076 0.0001855 0.0001363 0.0001076 0.0001311 0.0001434 0.00013955 0.0001452 0.0001264 0.00011725 0.0001668 0.0001364 8.065e-05 7.71e-05 0.00016225
34 6.645e-05 0.00013655 0.0001592 0.00019515 0.00011475 0.00011295 0.00011305 0.0001347 0.0001373 0.00011445 0.00015755 9.015e-05 0.0001824 0.0001095 0.00014415 0.00015225 9.045e-05 0.0001814 0.00015795 0.00015865 0.00011595 9.385e-05 6.745e-05 0.0001347 0.0001391 0.000174 0.0001545 0.00011555 0.00013435 0.00011645 0.0001386 0.00011455 0.00013665 0.00011625 0.0001303 0.000159 6.735e-05 0.0001421 0.0001117 0.00018155 0.00015755 0.0001574 9.67e-05 0.0001363 9.195e-05 0.00011015 9.67e-05 0.00014775 0.00013515 0.0001144 9.565e-05 0.0001441 0.0001486 6.805e-05 0.0001275 0.0001825 0.00011425 0.00015735 0.0001345 0.0001135 0.00013635 0.0001329 0.00011885 0.0001368 7.08e-05 0.0001136 6.685e-05 6.745e-05 0.00013645 0.00013465 0.00011885 8.79e-05 0.0001344 0.00017035 9.38e-05 0.00011405 0.0001825 0.0001123 0.00013685 0.0001095 9.3e-05 0.00013655 0.0001095 0.00015665 8.905e-05 8.995e-05 0.0001288 0.00012965 0.0001173 0.0001118 0.00011655 8.785e-05 0.00013485 6.92e-05
35 0.0001602 0.000136 1.8e-06 4.98e-05 0.0001329 0.00013255 6.655e-05 5.66e-05 0.0001562 0.00020005 9.575e-05 0.00024625 6.61e-05 0.0001201 0.00011465 0.00014195 0.00024645 5.68e-05 0.00010435 0.00019085 0.00021275 0.00019005 0.00015995 6.44e-05 6.77e-05 0.0001936 0.0001728 0.0001555 5.625e-05 0.00013385 6.93e-05 0.0001134 0.0001361 4.71e-05 0.000159 2.6e-06 0.0001597 6.485e-05 0.00019 5.7e-05 0.0001204 9.56e-05 0.00018275 0.0001769 0.0002472 0.0001097 0.00018275 0.0002265 0.00022155 0.00011325 0.0001242 0.0001146 0.0001739 0.00016105 0.00018615 7.05e-05 9.2e-05 9.555e-05 0.00022175 0.00012355 0.0001355 0.00014175 0.00013865 0.00013615 0.0002043 0.0001994 0.0002231 0.0002229 0.0001358 5.615e-05 9.04e-05 0.00015395 5.59e-05 9.275e-05 0.0001814 9.22e-05 6.49e-05 7.765e-05 0.00014845 0.00011035 0.0002271 0.0001359 0.00011035 0.00011145 0.0001668 0.0001826 0.00012805 0.00012785 0.0001194 0.0001902 0.00015585 0.00010305 5.545e-05 0.0002035
36 6.73e-05 0.00013835 0.0001599 0.0001957 0.00011545 0.00011215 0.0001142 0.00013525 0.0001389 0.00011555 0.0001579 9.205e-05 0.00018255 0.00011075 0.0001454 0.0001528 9.225e-05 0.0001812 0.00015835 0.0001594 0.00011735 9.2e-05 6.62e-05 0.0001354 0.00013915 0.00017385 0.0001537 0.00011635 0.0001349 0.0001166 0.0001393 0.0001131 0.00013845 0.00011695 6.735e-05 0.0001597 0.0001319 0.0001423 0.00011325 0.00018135 0.00015755 0.00015775 9.58e-05 0.0001366 9.15e-05 0.0001106 9.58e-05 0.00014925 0.00013695 0.00011295 9.595e-05 0.00014535 0.0001479 6.665e-05 0.0001267 0.0001829 0.0001152 0.0001577 0.00013555 0.00011405 0.00013805 0.00013345 0.0001201 0.0001385 6.945e-05 0.00011385 6.88e-05 6.875e-05 0.00013815 0.0001352 0.00011955 8.865e-05 0.00013495 0.0001709 9.55e-05 0.000115 0.00018265 0.0001131 0.00013855 0.0001099 9.49e-05 0.00013825 0.0001099 0.0001563 9.01e-05 9.17e-05 0.0001294 0.0001304 0.00011735 0.00011345 0.00011705 8.845e-05 0.00013545 7.015e-05
37 0.00014205 0.0001442 6.44e-05 0.0001011 0.0001171 0.00011705 8.695e-05 6.665e-05 0.00015175 0.00017285 9.53e-05 0.00019995 0.0001166 7.545e-05 0.0001654 0.0001468 0.00020015 9.09e-05 0.00010115 0.0001705 0.0001883 0.00016525 0.00014255 7.26e-05 0.000118 0.0001715 0.00012505 0.0001638 6.63e-05 0.0001379 0.00010895 0.00012125 0.0001443 8.67e-05 0.0001421 6.485e-05 0.0001423 0.0001281 0.0001458 9.11e-05 0.0001176 9.515e-05 0.00017855 0.000172 0.0002008 6.75e-05 0.00017855 0.0001809 0.0001745 0.0001211 0.000131 0.00016535 0.00012705 0.0001428 0.0001535 9.53e-05 0.0001028 9.51e-05 0.0001748 0.0001106 0.0001446 9.655e-05 0.0001654 0.00014435 0.0001708 0.00017185 0.0001769 0.00017625 0.000144 6.64e-05 0.0001302 0.00012045 6.61e-05 0.0001014 0.0001666 0.0001028 0.0001153 8.77e-05 0.0001463 6.8e-05 0.00019395 0.0001441 6.8e-05 9.295e-05 0.00012225 0.0001656 0.0001034 9.4e-05 6.61e-05 0.000146 0.00016415 8.79e-05 6.565e-05 0.0001701
38 0.0001121 0.0001371 0.00018975 0.00019365 0.0001154 0.0001166 0.00014695 0.00013715 0.000128 0.0001054 0.0001282 8.54e-05 0.0001812 8.62e-05 0.00017965 0.0001478 8.535e-05 0.0001853 0.0001296 0.00013265 0.00010525 0.00010755 0.0001135 0.000139 0.00018045 0.00011175 8.865e-05 0.00013825 0.0001367 0.0001348 0.00016665 0.0001395 0.0001372 0.0001666 0.0001117 0.00019 0.00011325 0.0001458 0.0001674 0.00018545 0.0001278 0.00012795 0.00012915 0.0001294 8.655e-05 8.53e-05 0.00012915 9.945e-05 8.6e-05 0.00013935 0.00013475 0.0001796 8.885e-05 0.0001134 0.00011345 0.0001533 0.0001376 0.000128 8.53e-05 0.00011335 0.000137 8.565e-05 0.0001557 0.000137 9.975e-05 0.0001066 8.545e-05 8.54e-05 0.00013665 0.0001371 0.00016665 9.69e-05 0.00013675 0.00015195 0.0001138 0.0001374 0.000181 0.000136 0.0001263 8.385e-05 9.755e-05 0.00013675 8.375e-05 0.00013245 8.42e-05 0.00011095 0.0001103 9.735e-05 9.28e-05 8.425e-05 0.00013835 0.0001111 0.0001381 9.85e-05
