 slim_337520632 slim_337520613 slim_337520435 slim_337520617 slim_337520543 slim_337520616 slim_337520449 slim_337520426 slim_337520574 slim_337520478 slim_337520532 slim_337520526 slim_337520546 slim_337520625 slim_337520566 slim_337520403 slim_337520553 slim_337520243 slim_337520614 slim_337520618 slim_337520533 slim_337520588 slim_337520529 slim_337520611 slim_337520594 slim_337520380 slim_337520458 slim_337520547 slim_337520544 slim_337520606 slim_337520538 slim_337520576 slim_337520419 slim_337520445 slim_337520568 slim_337520472 slim_337520608 slim_337520633 slim_337520597 slim_337520563 slim_337520247 slim_337520596 slim_337520601 slim_337520565 slim_337520569 slim_337520590 slim_337520621 slim_337520593 slim_337520360 slim_337520584 slim_337520570 slim_337520629 slim_337520456 slim_337520561 slim_337520488 slim_337520630 slim_337520504 slim_337520626 slim_337520615 slim_337520622 slim_337520452 slim_337520585 slim_337520520 slim_337520610 slim_337520477 slim_337520583 slim_337520440 slim_337520591 slim_337520612 slim_337520587 slim_337520278 slim_337520517 slim_337520470 slim_337519700 slim_337520627 slim_337520463 slim_337520562 slim_337520602 slim_337520399 slim_337520619 slim_337520623 slim_337520525 slim_337520467 slim_337520609 slim_337520604 slim_337520511 slim_337520537 slim_337520581 slim_337520398 slim_337520521 slim_337520549 slim_337520589 slim_337520624
0 0.0007215 0.0005357 0.00055965 0.00052585 0.00060855 0.0006047 0.0004916 0.00062595 0.00054385 0.0006025 0.00052895 0.0005388 0.00058815 0.00052535 0.000456 0.00055595 0.0006223 0.0004404 0.00043915 0.00060935 0.00050305 0.0005586 0.0005258 0.0006726 0.0005358 0.00052495 0.00044765 0.0005632 0.000494 0.00051295 0.0005422 0.00060245 0.0005708 0.0006219 0.00051315 0.0005827 0.0004883 0.00050815 0.00043405 0.00049505 0.00048125 0.0005057 0.0004958 0.00043375 0.00073785 0.00055815 0.00041575 0.000684 0.00052495 0.0004603 0.0005602 0.00053075 0.00052265 0.00054715 0.0004972 0.00056245 0.00064855 0.0005242 0.00044695 0.0004142 0.0004941 0.0005858 0.0006072 0.0004949 0.0004177 0.0006587 0.0005731 0.00062365 0.0004579 0.00060095 0.00048605 0.0004056 0.00063235 0.0005482 0.0005261 0.0004248 0.00063435 0.00045285 0.00048175 0.00058115 0.0006486 0.00054635 0.00058255 0.0006134 0.00059645 0.00058195 0.00054355 0.00066725 0.0005932 0.0005723 0.00051515 0.0006421 0.0005724
1 0.0005357 0.0003173 0.00049715 0.0002526 0.00062125 0.00036545 0.0003449 0.0006185 0.00034545 0.0009081 0.00052765 0.0005339 0.0007166 0.00050405 0.0005082 0.00052365 0.00072665 0.00065835 0.0004575 0.000676 0.00059815 0.0005351 0.000629 0.00058365 0.00015875 0.0007027 0.00048485 0.00066 0.000682 0.00054395 0.00050075 0.00090805 0.00056835 0.0005758 0.0005698 0.00045145 0.00064195 0.0004899 0.0006237 0.0004877 0.0001617 0.0005826 0.00072015 0.0006234 0.00088795 0.0006413 0.0004445 0.00060055 0.0007027 0.0004056 0.000733 0.00056625 0.00052535 0.00069745 0.00042255 0.00054505 0.00074285 0.0005952 0.00049175 0.0003294 0.0006807 0.0006902 0.00062125 0.00048755 0.00025835 0.00035425 0.00062885 0.00063935 0.00039845 0.000377 0.0004888 0.00041965 0.00076535 0.0004516 0.0004379 0.0002664 0.0006213 0.0003645 0.00081105 0.00075655 0.000774 0.00052255 0.0005446 0.0008453 0.0005308 0.00069625 0.0004758 0.00058865 0.00079115 0.00077815 0.0004067 0.00059595 0.00077825
2 0.00055965 0.00049715 0.0006143 0.0004402 0.0003335 0.00046345 0.0005715 0.0003312 0.00035635 0.0007417 0.0006723 0.00065765 0.0003933 0.00050695 0.000308 0.0003348 0.00055995 0.00042085 0.0005644 0.0005139 0.0003316 0.0006701 0.00056985 0.0004873 0.00049725 0.00052475 0.00031125 0.000408 0.00053845 0.00052035 0.0005132 0.00074165 0.0003309 0.00041535 0.00039465 0.00038745 0.00065765 0.00038965 0.00037145 0.0003762 0.0005756 0.00044005 0.00040755 0.00037115 0.0007534 0.00037265 0.0005988 0.00035365 0.00052475 0.0005531 0.00060655 0.0004881 0.0006698 0.0005651 0.00044785 0.00033415 0.00056315 0.0004083 0.00043975 0.0004902 0.00052585 0.0005602 0.00036725 0.00037605 0.00061545 0.0005983 0.0005585 0.00048805 0.00033245 0.00046655 0.00066995 0.00048605 0.00056015 0.00046325 0.000463 0.00056075 0.00033355 0.00038215 0.00060165 0.00055055 0.0005481 0.00034105 0.00035495 0.00068535 0.0003311 0.0003306 0.00050875 0.00053405 0.0006378 0.0005244 0.000443 0.00033415 0.00052395
3 0.00052585 0.0002526 0.0004402 0.0004452 0.00056795 0.0003619 0.00038985 0.0005385 0.0003174 0.00089155 0.00054905 0.0005573 0.000645 0.0005148 0.0003958 0.00046985 0.0006817 0.00060685 0.0004869 0.00062655 0.0005413 0.00057865 0.00062535 0.00063175 0.0002527 0.00064355 0.00039895 0.0006906 0.00065215 0.0005547 0.00052925 0.0008915 0.0004823 0.00054115 0.00051935 0.0004515 0.00065125 0.0004366 0.0005657 0.0004344 0.00022965 0.00058685 0.0006433 0.0005654 0.00089145 0.0005695 0.00046875 0.0005349 0.00064355 0.0004338 0.0007223 0.0005822 0.00054255 0.00065505 0.0004081 0.00048545 0.00069615 0.0005596 0.00048335 0.0003339 0.00065085 0.0006452 0.00057625 0.00043425 0.00032185 0.0004295 0.00060655 0.000638 0.0003569 0.00037685 0.00050595 0.00042005 0.0007157 0.0004485 0.00043705 0.00031605 0.00059375 0.00031255 0.0007611 0.00074675 0.00073055 0.000463 0.0004954 0.0008276 0.00044475 0.00066575 0.0004754 0.0006308 0.0008088 0.00077455 0.0004471 0.0005189 0.00077465
4 0.00060855 0.00062125 0.0003335 0.00056795 0.000463 0.00047815 0.0006912 0.00027305 0.0004608 0.00063285 0.0006916 0.00066695 0.0002758 0.00060355 0.00041325 0.00032345 0.00046645 0.00042385 0.00066265 0.0004534 0.00032375 0.0006794 0.0005691 0.0004119 0.00062135 0.0005229 0.00041335 0.000336 0.00053655 0.00061695 0.0005135 0.0006328 0.00032305 0.0003921 0.0003898 0.000388 0.0006557 0.00048285 0.0003669 0.0004694 0.000703 0.0004597 0.0003385 0.0003666 0.00065595 0.0003032 0.00071085 0.00024415 0.0005229 0.00060985 0.00059275 0.0004966 0.0006891 0.0005 0.0005561 0.0003232 0.00045485 0.00042685 0.00054825 0.0006 0.00052395 0.00050325 0.00031855 0.00046925 0.0007368 0.0006244 0.0005563 0.00044635 0.00043715 0.00046635 0.0007258 0.0005915 0.0004553 0.0004666 0.0005712 0.0006769 0.0002318 0.0004953 0.0005385 0.00046835 0.00043325 0.00032965 0.00034685 0.00058415 0.00032325 0.0002324 0.0005025 0.00046545 0.00054925 0.0004321 0.00046875 0.00027255 0.00043165
5 0.0006047 0.00036545 0.00046345 0.0003619 0.00047815 0.0007234 0.00051545 0.0004825 0.0004293 0.00080035 0.0005849 0.00058125 0.0005299 0.0006037 0.0005346 0.0004703 0.0005826 0.0006273 0.0005893 0.0005636 0.0005413 0.0005825 0.0006258 0.0005302 0.00036555 0.0006673 0.00053795 0.0005977 0.0006761 0.0006436 0.0005297 0.0008003 0.0004822 0.0005049 0.00052965 0.00045155 0.0006715 0.0005388 0.0005896 0.0005366 0.00036505 0.00061135 0.00058315 0.0005893 0.00079075 0.00051115 0.00060785 0.00039635 0.0006673 0.00050615 0.00070955 0.00059655 0.000582 0.00061595 0.0005336 0.0004856 0.00059705 0.0005826 0.00060895 0.0004728 0.0006748 0.0005827 0.00051795 0.00053645 0.00046095 0.0004439 0.0006169 0.00059635 0.0004823 0.0003773 0.0005821 0.00055915 0.00061625 0.0004486 0.00054905 0.00045145 0.0004782 0.0004516 0.0007248 0.0006703 0.0006155 0.00046325 0.0004819 0.0007285 0.00044465 0.0005498 0.00047585 0.0005341 0.00071675 0.0006825 0.0004665 0.00046325 0.0006826
6 0.0004916 0.0003449 0.0005715 0.00038985 0.0006912 0.00051545 0.0005301 0.00072305 0.00036395 0.0007523 0.00048455 0.000509 0.00079265 0.00042045 0.00056025 0.00059305 0.00068005 0.00064105 0.0004373 0.0007258 0.0006141 0.00050675 0.0004283 0.0006896 0.000345 0.0006509 0.0005399 0.00056095 0.00056865 0.00043455 0.00043605 0.00075225 0.00066945 0.00069115 0.0005801 0.00060995 0.00053325 0.0005647 0.000602 0.0005628 0.00026605 0.0004552 0.00076295 0.0006017 0.00081415 0.00074125 0.00026505 0.0007231 0.0006509 0.00038165 0.0006783 0.0006043 0.0004842 0.00064395 0.0003143 0.00064915 0.00074085 0.00053195 0.0003364 0.00031335 0.00058005 0.0006434 0.00067965 0.00056265 0.00026795 0.0005223 0.00055065 0.00073045 0.0003842 0.00052245 0.00044745 0.0003869 0.0007462 0.0005436 0.00031455 0.0003016 0.0007036 0.0004193 0.00073245 0.00066365 0.0007711 0.00059145 0.00059255 0.00064685 0.0006574 0.0007251 0.00052455 0.00064995 0.00061135 0.0006904 0.00044775 0.00071765 0.00069095
7 0.00062595 0.0006185 0.0003312 0.0005385 0.00027305 0.0004825 0.00072305 0.0002929 0.00049295 0.0006615 0.0007366 0.00070605 0.00023355 0.00057935 0.00025865 0.00031565 0.00052105 0.00044375 0.0006408 0.0004449 0.0002892 0.0007188 0.0006038 0.00047195 0.0006186 0.0004599 0.00028595 0.0004409 0.0005595 0.0005917 0.0005408 0.00066145 0.0002026 0.00034345 0.00040675 0.00032305 0.0006691 0.0003732 0.0003763 0.0003608 0.00075245 0.0005133 0.00030235 0.000376 0.0006689 0.0002464 0.00073085 0.0002353 0.0004599 0.0006841 0.00057475 0.00047825 0.0007341 0.000573 0.00058175 0.00022985 0.00045875 0.0004025 0.00056385 0.000629 0.0005468 0.0005579 0.0002884 0.00036065 0.00077205 0.0006572 0.0005868 0.0003486 0.00044925 0.0004747 0.00077085 0.0005518 0.0004324 0.0004482 0.00059435 0.00070055 0.00026745 0.000464 0.00055975 0.0005405 0.00040445 0.000309 0.00031985 0.00062955 0.0002028 0.0002413 0.00049665 0.0005068 0.0006166 0.0004984 0.00054545 0.00017285 0.00049795
8 0.00054385 0.00034545 0.00035635 0.0003174 0.0004608 0.0004293 0.00036395 0.00049295 8e-07 0.00090185 0.0006202 0.0006356 0.00056275 0.0003411 0.00038275 0.0003627 0.0006323 0.00045805 0.00047285 0.0006243 0.00043475 0.0006351 0.00057425 0.0006072 0.00034555 0.00063695 0.0003626 0.00051955 0.00057865 0.000381 0.00048755 0.0009018 0.00044195 0.0004379 0.00030725 0.00047015 0.00067635 0.0003501 0.0004334 0.0003479 0.00036275 0.00044035 0.0005722 0.0004331 0.0009087 0.0005139 0.0004782 0.0004465 0.00063695 0.00043445 0.0006527 0.00056605 0.0006261 0.00056605 0.00020875 0.00042185 0.00067805 0.00049275 0.00030575 0.00031665 0.00057735 0.0005959 0.00044155 0.00034775 0.0004557 0.00053615 0.00045325 0.0006895 0.00011385 0.0004207 0.0005896 0.0004355 0.0006975 0.00049245 0.00017965 0.00040835 0.00045975 0.0002828 0.00072355 0.0006517 0.0007071 0.00035675 0.0003085 0.0007986 0.0004044 0.00053185 0.0005076 0.0006045 0.0007484 0.0006742 0.000402 0.00047345 0.0006743
9 0.0006025 0.0009081 0.0007417 0.00089155 0.00063285 0.00080035 0.0007523 0.0006615 0.00090185 5e-07 0.00049925 0.0004527 0.0005164 0.00063155 0.0007664 0.00072415 0.00038195 0.000604 0.0007105 0.00045195 0.0006741 0.00049795 0.000486 0.00067985 0.0009082 0.0003802 0.00077005 0.0005181 0.0004045 0.00062605 0.0006113 4.5e-07 0.0007177 0.00067095 0.00062975 0.0007365 0.0004274 0.00074235 0.00055835 0.00071195 0.0009111 0.0005888 0.00052175 0.00055805 0.00035755 0.00062075 0.00063975 0.00067905 0.0003802 0.000659 0.0003265 0.000704 0.00049305 0.00034165 0.0007272 0.0007214 0.0003853 0.0006017 0.0006792 0.0008115 0.0003796 0.00041845 0.0007236 0.0007118 0.00083665 0.0008216 0.00046885 0.00065085 0.00082785 0.00079725 0.00052945 0.00074685 0.00037825 0.0007471 0.00075065 0.0008549 0.0006474 0.00083285 0.0002184 0.00038095 0.00033805 0.000723 0.00074565 0.00021865 0.00075375 0.0005976 0.00072885 0.00066265 0.00024035 0.00030285 0.00076165 0.0006685 0.00030395
10 0.00052895 0.00052765 0.0006723 0.00054905 0.0006916 0.0005849 0.00048455 0.0007366 0.0006202 0.00049925 0.0008884 0.00047225 0.0006988 0.0005734 0.00070125 0.0006782 0.0005543 0.000665 0.0005505 0.000613 0.0007002 0.0004772 0.00052745 0.000681 0.00052775 0.00059595 0.0006929 0.0006238 0.0005486 0.0005875 0.0005467 0.0004992 0.0007207 0.00069335 0.0006347 0.00067325 0.0004961 0.00065975 0.0006349 0.00065785 0.00044495 0.0005941 0.00069025 0.0006346 0.0006477 0.0007081 0.0004619 0.0007064 0.00059595 0.00049065 0.00057525 0.0006707 0.0004446 0.0005371 0.00054935 0.00071235 0.0005902 0.00063285 0.0005723 0.00050665 0.00055995 0.0005546 0.00073565 0.0006577 0.00044745 0.00057975 0.0005523 0.00072435 0.0006187 0.00059075 0.0004448 0.0005604 0.0005965 0.00061285 0.00057215 0.0004805 0.0007137 0.0005927 0.00055355 0.00056565 0.00062425 0.00067375 0.00070035 0.0005114 0.00070865 0.00073615 0.000593 0.00065085 0.00051635 0.00059525 0.00056855 0.00073025 0.0005958
11 0.0005388 0.0005339 0.00065765 0.0005573 0.00066695 0.00058125 0.000509 0.00070605 0.0006356 0.0004527 0.00047225 0.0009054 0.00066835 0.00058615 0.0006872 0.00066355 0.0005639 0.00064945 0.00056285 0.00059815 0.00067415 0.00048625 0.00054515 0.0006544 0.000534 0.00056575 0.00067885 0.0006099 0.00054275 0.00060335 0.00055585 0.0004529 0.00070605 0.0006812 0.00061955 0.00065855 0.00049655 0.00065945 0.000605 0.00064315 0.00045975 0.00059205 0.0006682 0.0006047 0.00064325 0.0006935 0.0004956 0.0006912 0.00056575 0.0004939 0.0005473 0.0006447 0.00046575 0.00051785 0.0005739 0.00069775 0.0005998 0.0006309 0.00058565 0.0005278 0.00052955 0.0005638 0.00071955 0.000643 0.0004683 0.00057635 0.00055415 0.00068245 0.00061935 0.0005874 0.00046555 0.0005702 0.0006061 0.0005982 0.00060025 0.000484 0.00068715 0.0005898 0.00052315 0.0005783 0.0005933 0.0006591 0.00068915 0.0005337 0.0007053 0.0006983 0.0006023 0.00064835 0.0005226 0.00055315 0.00056005 0.0006997 0.00055375
12 0.00058815 0.0007166 0.0003933 0.000645 0.0002758 0.0005299 0.00079265 0.00023355 0.00056275 0.0005164 0.0006988 0.00066835 0.0003435 0.00062085 0.0004047 0.00036275 0.00042965 0.0003869 0.0006824 0.00038495 0.00033675 0.000681 0.0006199 0.00046975 0.0007167 0.00046145 0.00042115 0.0004217 0.00052165 0.0006332 0.0005569 0.00051635 0.00028925 0.0003625 0.00036735 0.000399 0.0006314 0.000454 0.0003369 0.00044165 0.00082215 0.00053905 0.0002424 0.0003365 0.0006036 0.0002349 0.0008005 0.0002293 0.00046145 0.0006761 0.00050895 0.0005205 0.0006963 0.00045765 0.00065145 0.00030585 0.0003984 0.0004648 0.0006334 0.00069885 0.00050905 0.0004665 0.00031685 0.0004415 0.00084175 0.0006993 0.00054905 0.0004303 0.00051905 0.00052185 0.00073305 0.0006499 0.0003724 0.00049575 0.000664 0.00077035 0.0002702 0.0005621 0.00041455 0.0004582 0.00034455 0.00035645 0.00036745 0.00053815 0.0002895 0.00024445 0.0005438 0.00051385 0.0005343 0.0004163 0.00057075 0.0002595 0.0004159
13 0.00052535 0.00050405 0.00050695 0.0005148 0.00060355 0.0006037 0.00042045 0.00057935 0.0003411 0.00063155 0.0005734 0.00058615 0.00062085 0.0006006 0.0004698 0.0005163 0.0006099 0.00051385 0.0004174 0.00062175 0.0005171 0.00056375 0.00046665 0.0006858 0.00050415 0.00054535 0.00045055 0.0005011 0.00049295 0.00031465 0.0004867 0.0006315 0.0005423 0.0004922 0.00047885 0.0005761 0.0005555 0.000382 0.00049685 0.0003799 0.0005367 0.00043475 0.0005971 0.00049655 0.00073255 0.00059815 0.00040575 0.00061575 0.00054535 0.00053385 0.0004804 0.00060345 0.00057695 0.0005858 0.0003344 0.0005231 0.00063465 0.00047885 0.0003387 0.00043525 0.00050435 0.00057435 0.00055435 0.00037985 0.0005231 0.0006801 0.00047885 0.00068925 0.0003514 0.00059805 0.0005413 0.000452 0.00061945 0.00059865 0.0003207 0.00052125 0.00059015 0.0004451 0.0005882 0.0005669 0.00062875 0.00051285 0.00049915 0.0005983 0.00053025 0.0005911 0.00058075 0.00065005 0.00054315 0.000578 0.0005292 0.0005945 0.00057855
14 0.000456 0.0005082 0.000308 0.0003958 0.00041325 0.0005346 0.00056025 0.00025865 0.00038275 0.0007664 0.00070125 0.0006872 0.0004047 0.0004698 2.17e-05 0.00031535 0.0006766 0.00033945 0.0004897 0.00051125 0.00023655 0.0007311 0.00057985 0.0006294 0.0005083 0.0003885 3.835e-05 0.0005534 0.0004995 0.0004567 0.00055665 0.00076635 0.0002023 0.0004233 0.00039925 0.00032265 0.00061275 0.0002436 0.00030025 0.0002189 0.0006136 0.00045265 0.0003197 0.00029995 0.0008056 0.0003058 0.00051565 0.00048225 0.0003885 0.00056425 0.0005837 0.00041145 0.00069505 0.0006209 0.00041905 0.0002297 0.00061435 0.00034285 0.0003487 0.0004501 0.0004756 0.00064025 0.00037 0.00021875 0.00059315 0.00069515 0.00059145 0.00039405 0.00027045 0.0005268 0.0006586 0.00032045 0.0005882 0.00044795 0.00044775 0.0005093 0.000439 0.00026895 0.00054985 0.0006479 0.00058045 0.00030855 0.00033575 0.0007488 0.00024025 0.0003605 0.0005124 0.0006755 0.00074455 0.00059905 0.0005262 0.00028475 0.00059805
15 0.00055595 0.00052365 0.0003348 0.00046985 0.00032345 0.0004703 0.00059305 0.00031565 0.0003627 0.00072415 0.0006782 0.00066355 0.00036275 0.0005163 0.00031535 0.000628 0.0005433 0.00041125 0.00057545 0.0004938 0.00031545 0.00067605 0.0005612 0.00051105 0.00052375 0.0005196 0.00031535 0.00043655 0.0005319 0.0005297 0.00050565 0.0007241 0.00031535 0.00039505 0.00038645 0.00038025 0.0006524 0.0003957 0.0003623 0.0003823 0.00060485 0.0004529 0.00037625 0.000362 0.0007504 0.0003409 0.00061275 0.0003266 0.0005196 0.00055995 0.00060025 0.0004962 0.0006757 0.0005448 0.000458 0.0003154 0.00053135 0.000428 0.00044885 0.00050185 0.0005193 0.00054355 0.00035075 0.00038215 0.0006387 0.0006241 0.0005529 0.00049625 0.00033915 0.00045835 0.00067585 0.0004934 0.0005322 0.0004588 0.00047305 0.00057885 0.00032335 0.00039725 0.0005806 0.0005542 0.00052015 0.00032155 0.0003391 0.00066095 0.0003155 0.00032415 0.00049455 0.00054955 0.000645 0.0005282 0.00047015 0.000315 0.0005278
16 0.0006223 0.00072665 0.00055995 0.0006817 0.00046645 0.0005826 0.00068005 0.00052105 0.0006323 0.00038195 0.0005543 0.0005639 0.00042965 0.0006099 0.0006766 0.0005433 0.000716 0.0005649 0.00069205 0.00045435 0.00056545 0.00055245 0.00049205 0.0005795 0.00072675 0.0005302 0.00068695 0.00046715 0.00050755 0.000624 0.00051895 0.0003819 0.00056105 0.00053215 0.00052415 0.00059175 0.00057205 0.00064395 0.0005359 0.00064205 0.00074785 0.00055365 0.0004808 0.0005356 0.00052695 0.00049875 0.00065795 0.0004008 0.0005302 0.00061415 0.0005079 0.00067545 0.0005518 0.0004226 0.00060825 0.0005714 0.0003946 0.0005534 0.0006351 0.0006754 0.0005189 0.0003952 0.0005399 0.0006419 0.000748 0.0006861 0.0004997 0.0006546 0.00063625 0.00058825 0.00058875 0.0007152 0.00040085 0.0006103 0.0006234 0.0007651 0.00046645 0.00068685 0.000438 0.00042785 0.00041305 0.00053975 0.00055385 0.00035825 0.000549 0.00048885 0.00059075 0.0005481 0.0003958 0.00044185 0.00062645 0.00051475 0.0004424
17 0.0004404 0.00065835 0.00042085 0.00060685 0.00042385 0.0006273 0.00064105 0.00044375 0.00045805 0.000604 0.000665 0.00064945 0.0003869 0.00051385 0.00033945 0.00041125 0.0005649 0.0004301 0.00053985 0.0005006 0.00033435 0.0006773 0.0005876 0.0005944 0.00065845 0.00046745 0.0003311 0.0004437 0.0004666 0.00050075 0.00056925 0.00060395 0.0004119 0.0004777 0.00036965 0.0004966 0.0005716 0.00041035 0.0002812 0.00038575 0.0006969 0.0004433 0.0003102 0.0002809 0.00074425 0.0003802 0.0006073 0.000496 0.00046745 0.0005586 0.0005092 0.00047975 0.0006625 0.0004945 0.0005049 0.00040355 0.00058605 0.00045635 0.00043425 0.00053955 0.0004426 0.00054435 0.0003541 0.0003856 0.00068005 0.00076315 0.000548 0.00054945 0.00035665 0.00061805 0.00064185 0.0004883 0.00056165 0.00054105 0.00052275 0.0005928 0.00043195 0.0004368 0.0004096 0.00051695 0.0005487 0.00040255 0.00042295 0.0006371 0.00044975 0.0003553 0.00060355 0.00064705 0.0006085 0.0004631 0.0005112 0.0004681 0.0004623
18 0.00043915 0.0004575 0.0005644 0.0004869 0.00066265 0.0005893 0.0004373 0.0006408 0.00047285 0.0007105 0.0005505 0.00056285 0.0006824 0.0004174 0.0004897 0.00057545 0.00069205 0.00053985 0.0006463 0.00069575 0.0005494 0.0005481 0.00053765 0.0006805 0.0004576 0.00059475 0.00047045 0.00057495 0.00053845 0.0003914 0.0005459 0.00071045 0.00060115 0.0005393 0.00055735 0.00060215 0.0005211 0.0004 0.00051865 0.00042725 0.00041765 0.00050795 0.00062685 0.00051835 0.0007834 0.00065705 0.0003861 0.0007131 0.00059475 0.0005134 0.000517 0.0005567 0.0005479 0.0006623 0.00045085 0.00058195 0.00071835 0.0005401 0.0004275 0.0003734 0.000553 0.00065645 0.0006241 0.0004271 0.00036895 0.00062745 0.00058095 0.000645 0.0004273 0.0005856 0.0005122 0.0003917 0.0007021 0.0005597 0.00046625 0.0003881 0.0006627 0.0004278 0.00063285 0.0006098 0.00071715 0.00056585 0.0005885 0.0006943 0.00060005 0.00063715 0.00053935 0.00065015 0.00063075 0.00064005 0.00049525 0.000657 0.0006404
19 0.00060935 0.000676 0.0005139 0.00062655 0.0004534 0.0005636 0.0007258 0.0004449 0.0006243 0.00045195 0.000613 0.00059815 0.00038495 0.00062175 0.00051125 0.0004938 0.00045435 0.0005006 0.00069575 0.0007656 0.00049055 0.00061095 0.00061765 0.00057405 0.0006761 0.0004825 0.00052675 0.00055855 0.0005386 0.00063515 0.0005909 0.0004519 0.0004483 0.00047545 0.0005055 0.0004955 0.0006029 0.00053815 0.0004931 0.0005247 0.0007466 0.00060855 0.00038655 0.0004928 0.00058185 0.000393 0.00075065 0.00040755 0.0004825 0.00063565 0.00050755 0.00060655 0.00061045 0.0004534 0.0006506 0.00046385 0.00043265 0.0005538 0.00065345 0.00071035 0.00052575 0.00045425 0.00049755 0.00052455 0.0007863 0.0006718 0.00054785 0.0005679 0.00060395 0.00056635 0.00061025 0.000684 0.0004302 0.0005636 0.0006659 0.0007362 0.00045345 0.00060885 0.000421 0.00051145 0.000418 0.0004899 0.0005037 0.0005012 0.0004485 0.00045095 0.00060845 0.000613 0.00053805 0.0004852 0.00063415 0.0004473 0.00048475
20 0.00050305 0.00059815 0.0003316 0.0005413 0.00032375 0.0005413 0.0006141 0.0002892 0.00043475 0.0006741 0.0007002 0.00067415 0.00033675 0.0005171 0.00023655 0.00031545 0.00056545 0.00033435 0.0005494 0.00049055 0.0004723 0.000698 0.00052815 0.00051055 0.00059825 0.00045515 0.00024005 0.00038285 0.0004799 0.000504 0.0005041 0.00067405 0.0002889 0.0004234 0.0003835 0.00037935 0.00059945 0.0003829 0.00028505 0.00035825 0.00067655 0.0003991 0.00030745 0.00028475 0.00072995 0.000318 0.0005828 0.00037545 0.00045515 0.00056945 0.0005641 0.00042075 0.0006976 0.00055555 0.00047905 0.00029245 0.00055735 0.00037395 0.000396 0.00052295 0.000456 0.00056555 0.0003248 0.0003581 0.0006594 0.0006985 0.0005713 0.0004205 0.00033605 0.0005338 0.0006976 0.0004425 0.00053145 0.00045525 0.0004945 0.0005756 0.0003238 0.00039695 0.0005176 0.00052845 0.0005081 0.00032195 0.0003356 0.0006325 0.0003268 0.0002455 0.0005191 0.0005737 0.0006166 0.00046415 0.00046695 0.00031505 0.0004632
21 0.0005586 0.0005351 0.0006701 0.00057865 0.0006794 0.0005825 0.00050675 0.0007188 0.0006351 0.00049795 0.0004772 0.00048625 0.000681 0.00056375 0.0007311 0.00067605 0.00055245 0.0006773 0.0005481 0.00061095 0.000698 0.000948 0.00052525 0.0006467 0.0005352 0.0006102 0.00072275 0.0005895 0.00056225 0.00057785 0.0005444 0.0004979 0.00071855 0.0006592 0.0006414 0.00067105 0.00051235 0.00065755 0.00064905 0.00065565 0.00047735 0.0005918 0.00068815 0.00064875 0.0006293 0.000706 0.00049155 0.0006723 0.0006102 0.00052305 0.0005575 0.00066845 0.00047445 0.00055135 0.00057165 0.00071025 0.00058835 0.00063065 0.00059465 0.00053625 0.0005742 0.00055255 0.00071595 0.0006555 0.0004768 0.0005775 0.00055865 0.00070645 0.00064105 0.0005886 0.00047445 0.0005901 0.00059465 0.0006107 0.00058705 0.0005129 0.0006795 0.00062245 0.00056785 0.0005637 0.00060655 0.0006716 0.00069075 0.0005096 0.0007065 0.00070195 0.00059065 0.00061665 0.00049795 0.00057745 0.0005688 0.00071245 0.000578
22 0.0005258 0.000629 0.00056985 0.00062535 0.0005691 0.0006258 0.0004283 0.0006038 0.00057425 0.000486 0.00052745 0.00054515 0.0006199 0.00046665 0.00057985 0.0005612 0.00049205 0.0005876 0.00053765 0.00061765 0.00052815 0.00052525 0.0004433 0.00065565 0.0006291 0.00053275 0.0005782 0.0003666 0.0004618 0.00045495 0.0003736 0.00048595 0.0006035 0.00065115 0.00059345 0.000617 0.0004907 0.00063515 0.00054495 0.0006302 0.0006067 0.00036725 0.00061095 0.00054465 0.00059045 0.00062565 0.00029905 0.00058275 0.00053275 0.0004709 0.00057175 0.00061425 0.00052485 0.00053125 0.00039795 0.0006019 0.0005456 0.00041005 0.00036495 0.00047475 0.00048165 0.00049205 0.0005848 0.00063005 0.000511 0.00071685 0.00051305 0.0006684 0.00052305 0.00062495 0.00052475 0.0004761 0.0005366 0.0005921 0.0004135 0.00056975 0.00056915 0.0005867 0.00055975 0.00048165 0.000557 0.00055855 0.0005771 0.0003436 0.0006203 0.00053665 0.0005317 0.00058055 0.00034325 0.0004894 0.00055135 0.00061275 0.0004904
23 0.0006726 0.00058365 0.0004873 0.00063175 0.0004119 0.0005302 0.0006896 0.00047195 0.0006072 0.00067985 0.000681 0.0006544 0.00046975 0.0006858 0.0006294 0.00051105 0.0005795 0.0005944 0.0006805 0.00057405 0.00051055 0.0006467 0.00065565 0.0006794 0.00058375 0.0006514 0.00061955 0.0004078 0.0006474 0.0006992 0.00057955 0.0006798 0.00052755 0.00054015 0.00055745 0.0005116 0.00066895 0.00063565 0.0005487 0.0006222 0.00062725 0.00056785 0.0005319 0.0005484 0.0006144 0.0005056 0.00073745 0.00042755 0.0006514 0.00063075 0.00066405 0.0004704 0.0006822 0.0006143 0.0006772 0.00051775 0.00058425 0.0005556 0.00067005 0.0006582 0.0006348 0.0006163 0.0004946 0.00062205 0.0006708 0.0004637 0.000653 0.0004261 0.0006038 0.0005306 0.0007189 0.00066525 0.00058395 0.00053 0.00067885 0.00063065 0.00038625 0.00062195 0.000656 0.00055155 0.00055625 0.00051775 0.00051945 0.00065815 0.00052775 0.000386 0.0005728 0.000406 0.00059035 0.0005098 0.0004833 0.0004722 0.00050935
24 0.0005358 0.00015875 0.00049725 0.0002527 0.00062135 0.00036555 0.000345 0.0006186 0.00034555 0.0009082 0.00052775 0.000534 0.0007167 0.00050415 0.0005083 0.00052375 0.00072675 0.00065845 0.0004576 0.0006761 0.00059825 0.0005352 0.0006291 0.00058375 0.0003175 0.0007028 0.00048495 0.0006601 0.0006821 0.00054405 0.00050085 0.00090815 0.00056845 0.0005759 0.0005699 0.00045155 0.00064205 0.00049 0.0006238 0.0004878 0.0001618 0.0005827 0.00072025 0.0006235 0.00088805 0.0006414 0.0004446 0.00060065 0.0007028 0.0004057 0.0007331 0.00056635 0.00052545 0.00069755 0.00042265 0.00054515 0.00074295 0.0005953 0.00049185 0.0003295 0.0006808 0.0006903 0.00062135 0.00048765 0.00025845 0.00035435 0.00062895 0.00063945 0.00039855 0.0003771 0.0004889 0.00041975 0.00076545 0.0004517 0.000438 0.0002665 0.0006214 0.0003646 0.00081115 0.00075665 0.0007741 0.00052265 0.0005447 0.0008454 0.0005309 0.00069635 0.0004759 0.00058875 0.00079125 0.00077825 0.0004068 0.00059605 0.00077835
25 0.00052495 0.0007027 0.00052475 0.00064355 0.0005229 0.0006673 0.0006509 0.0004599 0.00063695 0.0003802 0.00059595 0.00056575 0.00046145 0.00054535 0.0003885 0.0005196 0.0005302 0.00046745 0.00059475 0.0004825 0.00045515 0.0006102 0.00053275 0.0006514 0.0007028 0.0007599 0.00040405 0.0005304 0.0004477 0.00053605 0.0005838 0.00038015 0.00045975 0.000547 0.0005102 0.00052935 0.00051575 0.00048755 0.000425 0.00046 0.0007569 0.00051535 0.00042165 0.0004247 0.0005794 0.00046315 0.0005723 0.0005857 0.00037995 0.00060735 0.00045095 0.0005545 0.00058975 0.00047815 0.00056775 0.00047535 0.00050075 0.00047225 0.0005086 0.00062535 0.0004234 0.00053025 0.00054665 0.00045985 0.0007095 0.00075515 0.00052585 0.0005192 0.0005438 0.0006618 0.0005897 0.0005282 0.00048415 0.0005973 0.00059385 0.00067665 0.00054305 0.00054545 0.000381 0.00051015 0.00046025 0.00051555 0.00054055 0.00048465 0.00049675 0.0004789 0.00062045 0.00066585 0.00048815 0.00044665 0.00063855 0.00047645 0.0004467
26 0.00044765 0.00048485 0.00031125 0.00039895 0.00041335 0.00053795 0.0005399 0.00028595 0.0003626 0.00077005 0.0006929 0.00067885 0.00042115 0.00045055 3.835e-05 0.00031535 0.00068695 0.0003311 0.00047045 0.00052675 0.00024005 0.00072275 0.0005782 0.00061955 0.00048495 0.00040405 7.64e-05 0.00053315 0.00049115 0.00043745 0.00055505 0.00077 0.00022965 0.0004244 0.000392 0.00032315 0.0006045 0.0002482 0.0002929 0.00022355 0.0005932 0.0004323 0.0003352 0.0002926 0.00080765 0.00031815 0.0004953 0.0005044 0.00040405 0.0005484 0.00057645 0.0004017 0.0006867 0.00061705 0.0003988 0.0002296 0.00062635 0.00034645 0.00032835 0.0004297 0.00046725 0.0006506 0.00037345 0.0002234 0.0005728 0.00068525 0.0005832 0.00040795 0.0002504 0.00052675 0.00065025 0.00029685 0.00060365 0.0004514 0.0004275 0.000489 0.0004391 0.00024535 0.0005535 0.00063955 0.0005959 0.00030885 0.00033935 0.00075915 0.00026755 0.0003641 0.0005124 0.00066555 0.0007362 0.0005908 0.00050595 0.0003086 0.00058985
27 0.0005632 0.00066 0.000408 0.0006906 0.000336 0.0005977 0.00056095 0.0004409 0.00051955 0.0005181 0.0006238 0.0006099 0.0004217 0.0005011 0.0005534 0.00043655 0.00046715 0.0004437 0.00057495 0.00055855 0.00038285 0.0005895 0.0003666 0.0004078 0.0006601 0.0005304 0.00053315 0.0002723 0.00045335 0.0004887 0.00041405 0.00051805 0.0004965 0.00052065 0.0004565 0.00052435 0.00054265 0.00057555 0.0003911 0.0005624 0.0007 0.00030125 0.00046015 0.0003908 0.0005718 0.00047735 0.00049405 0.00041785 0.0005304 0.00054105 0.0005377 0.0004843 0.000625 0.00050675 0.00046835 0.0004763 0.00051665 0.00035 0.00040455 0.00055295 0.00045345 0.00050385 0.0004023 0.00056225 0.0006471 0.0006684 0.00051875 0.00050125 0.0004586 0.00059295 0.0006616 0.00053635 0.00049945 0.00053915 0.00047 0.0006343 0.00031035 0.0005723 0.0005258 0.00036735 0.00048445 0.00044795 0.0004484 0.00042855 0.0005222 0.0002569 0.0005387 0.0004305 0.00032715 0.00032705 0.0004178 0.00045805 0.000327
28 0.000494 0.000682 0.00053845 0.00065215 0.00053655 0.0006761 0.00056865 0.0005595 0.00057865 0.0004045 0.0005486 0.00054275 0.00052165 0.00049295 0.0004995 0.0005319 0.00050755 0.0004666 0.00053845 0.0005386 0.0004799 0.00056225 0.0004618 0.0006474 0.0006821 0.0004477 0.00049115 0.00045335 0.0008069 0.00048055 0.00052045 0.00040445 0.0005594 0.00058225 0.0004972 0.0005992 0.0004824 0.0005234 0.0004098 0.0005103 0.0006867 0.00043815 0.0004901 0.0004095 0.0005912 0.0005468 0.0004775 0.0006193 0.0004477 0.00055385 0.0004547 0.00057395 0.0005424 0.0004657 0.00049165 0.0005511 0.0005322 0.0004806 0.00043015 0.00054865 0.0004042 0.00050775 0.0005729 0.00051015 0.00062645 0.00074605 0.0004911 0.00061185 0.000497 0.0006704 0.0005425 0.00051205 0.000516 0.00061765 0.0005176 0.0006211 0.0005567 0.000548 0.0004101 0.0004534 0.00051645 0.00054185 0.0005668 0.0004442 0.00058505 0.0005043 0.0006162 0.00065 0.0004283 0.0004288 0.0005734 0.00057565 0.00042885
29 0.00051295 0.00054395 0.00052035 0.0005547 0.00061695 0.0006436 0.00043455 0.0005917 0.000381 0.00062605 0.0005875 0.00060335 0.0006332 0.00031465 0.0004567 0.0005297 0.000624 0.00050075 0.0003914 0.00063515 0.000504 0.00057785 0.00045495 0.0006992 0.00054405 0.00053605 0.00043745 0.0004887 0.00048055 0.0005772 0.00049975 0.000626 0.00055465 0.000492 0.00049225 0.0005895 0.0005431 0.0003662 0.00048375 0.0003935 0.0005766 0.0004224 0.0005851 0.00048345 0.00072205 0.0006105 0.00039405 0.0006546 0.00053605 0.00055105 0.00045745 0.00059035 0.00059105 0.000603 0.0003485 0.00053545 0.00064875 0.00046645 0.0003263 0.00044935 0.00049505 0.00058845 0.0005667 0.00039335 0.0005372 0.00072 0.00049285 0.00067615 0.0003648 0.00063795 0.0005554 0.0004396 0.0006325 0.00061205 0.00033485 0.00053465 0.00060355 0.0004585 0.0005789 0.0005411 0.0006449 0.00052625 0.00051255 0.0005866 0.00055355 0.000578 0.00059485 0.00066415 0.00053145 0.0005687 0.0005426 0.0006079 0.00056905
30 0.0005422 0.00050075 0.0005132 0.00052925 0.0005135 0.0005297 0.00043605 0.0005408 0.00048755 0.0006113 0.0005467 0.00055585 0.0005569 0.0004867 0.00055665 0.00050565 0.00051895 0.00056925 0.0005459 0.0005909 0.0005041 0.0005444 0.0003736 0.00057955 0.00050085 0.0005838 0.00055505 0.00041405 0.00052045 0.00049975 0.0006829 0.00061125 0.0005405 0.00059315 0.0005385 0.000529 0.0005533 0.0005798 0.0005209 0.00057895 0.0005028 0.0004145 0.00058445 0.0005206 0.00068855 0.0005627 0.00040245 0.0004872 0.0005838 0.00046695 0.0006195 0.00056795 0.000544 0.00055055 0.0004143 0.00053895 0.0005736 0.0004584 0.0004122 0.0004617 0.00053185 0.00051895 0.0005218 0.0005788 0.0004822 0.00057305 0.00054195 0.00062215 0.00046805 0.0005298 0.0005439 0.00050825 0.0005563 0.00052845 0.00042985 0.0005092 0.00051355 0.0005588 0.00061565 0.0005258 0.00056825 0.00051075 0.00052215 0.0004746 0.00052845 0.00051255 0.00051175 0.00055515 0.0004743 0.00053955 0.0004868 0.00055805 0.0005401
31 0.00060245 0.00090805 0.00074165 0.0008915 0.0006328 0.0008003 0.00075225 0.00066145 0.0009018 4.5e-07 0.0004992 0.0004529 0.00051635 0.0006315 0.00076635 0.0007241 0.0003819 0.00060395 0.00071045 0.0004519 0.00067405 0.0004979 0.00048595 0.0006798 0.00090815 0.00038015 0.00077 0.00051805 0.00040445 0.000626 0.00061125 4e-07 0.00071765 0.0006709 0.0006297 0.00073645 0.00042735 0.0007423 0.0005583 0.0007119 0.00091105 0.00058875 0.0005217 0.000558 0.0003575 0.0006207 0.0006397 0.000679 0.00038015 0.00065905 0.0003267 0.00070395 0.000493 0.00034185 0.00072715 0.00072135 0.00038525 0.00060165 0.00067915 0.00081145 0.00037975 0.0004184 0.00072355 0.00071175 0.0008366 0.00082155 0.0004688 0.0006508 0.0008278 0.0007972 0.0005294 0.0007468 0.0003782 0.00074705 0.0007506 0.00085485 0.00064735 0.0008328 0.00021855 0.0003809 0.0003382 0.00072295 0.0007456 0.0002186 0.0007537 0.00059755 0.0007288 0.0006626 0.0002403 0.0003028 0.0007616 0.00066845 0.0003039
32 0.0005708 0.00056835 0.0003309 0.0004823 0.00032305 0.0004822 0.00066945 0.0002026 0.00044195 0.0007177 0.0007207 0.00070605 0.00028925 0.0005423 0.0002023 0.00031535 0.00056105 0.0004119 0.00060115 0.0004483 0.0002889 0.00071855 0.0006035 0.00052755 0.00056845 0.00045975 0.00022965 0.0004965 0.0005594 0.00055465 0.0005405 0.00071765 0.0004041 0.0003597 0.00040925 0.00032265 0.000669 0.0003334 0.0003762 0.000321 0.00069615 0.000513 0.0003031 0.0003759 0.0007247 0.00024705 0.00067465 0.000291 0.00045975 0.0006316 0.0005913 0.00047795 0.0007182 0.0005767 0.00052815 0.00022955 0.00049875 0.0004022 0.00051025 0.0005727 0.0005468 0.0005613 0.0003114 0.00032085 0.00071585 0.0006569 0.0005893 0.00040465 0.00039565 0.0004743 0.00071835 0.0004955 0.0004724 0.0004478 0.00054335 0.00064425 0.00032305 0.0004077 0.0005608 0.0005805 0.00046035 0.0003086 0.00032215 0.00066955 0.00020235 0.0002969 0.00049635 0.0005624 0.0006724 0.0005543 0.00054515 0.0002289 0.00055385
33 0.0006219 0.0005758 0.00041535 0.00054115 0.0003921 0.0005049 0.00069115 0.00034345 0.0004379 0.00067095 0.00069335 0.0006812 0.0003625 0.0004922 0.0004233 0.00039505 0.00053215 0.0004777 0.0005393 0.00047545 0.0004234 0.0006592 0.00065115 0.00054015 0.0005759 0.000547 0.0004244 0.00052065 0.00058225 0.000492 0.00059315 0.0006709 0.0003597 0.0005858 0.00043345 0.00043165 0.0006756 0.0003314 0.00046305 0.00035835 0.00068965 0.00057365 0.00039645 0.00046275 0.0006963 0.00036935 0.00073535 0.0003312 0.000547 0.0006821 0.0004821 0.0005768 0.00069455 0.0005692 0.00056285 0.00036085 0.00049565 0.0005126 0.00059405 0.0006055 0.00058405 0.00053335 0.000397 0.0003582 0.00073835 0.0006533 0.0005533 0.00053645 0.0004546 0.000492 0.00069565 0.00060385 0.00049715 0.0005203 0.0005645 0.0006873 0.00036625 0.0004906 0.00056455 0.000542 0.0004839 0.00038635 0.00039395 0.0006661 0.0003331 0.00039485 0.0005394 0.0005506 0.00063465 0.00055505 0.00056415 0.00034185 0.00055495
34 0.00051315 0.0005698 0.00039465 0.00051935 0.0003898 0.00052965 0.0005801 0.00040675 0.00030725 0.00062975 0.0006347 0.00061955 0.00036735 0.00047885 0.00039925 0.00038645 0.00052415 0.00036965 0.00055735 0.0005055 0.0003835 0.0006414 0.00059345 0.00055745 0.0005699 0.0005102 0.000392 0.0004565 0.0004972 0.00049225 0.0005385 0.0006297 0.00040925 0.00043345 0.000614 0.0004727 0.0006028 0.0004122 0.0003234 0.0003988 0.0006089 0.00046735 0.00038635 0.000323 0.00073405 0.00039775 0.00061755 0.0004079 0.0005102 0.0005397 0.00053175 0.00052825 0.00063455 0.00047135 0.000432 0.00040205 0.00054695 0.00048055 0.0004452 0.00050425 0.0004846 0.00052435 0.00041125 0.00039865 0.0006451 0.000655 0.0004779 0.00056435 0.0003103 0.00052125 0.00063465 0.0005271 0.00054395 0.0005181 0.00042905 0.00057965 0.00039655 0.000425 0.0004874 0.0005234 0.00052905 0.00038045 0.0003674 0.0006434 0.0004094 0.00039375 0.00055745 0.0005884 0.00060425 0.0004945 0.0004845 0.0004097 0.0004941
35 0.0005827 0.00045145 0.00038745 0.0004515 0.000388 0.00045155 0.00060995 0.00032305 0.00047015 0.0007365 0.00067325 0.00065855 0.000399 0.0005761 0.00032265 0.00038025 0.00059175 0.0004966 0.00060215 0.0004955 0.00037935 0.00067105 0.000617 0.0005116 0.00045155 0.00052935 0.00032315 0.00052435 0.0005992 0.0005895 0.000529 0.00073645 0.00032265 0.00043165 0.0004727 0.0006447 0.00067365 0.00043105 0.00045595 0.0004176 0.0005826 0.0005408 0.0004116 0.00045565 0.0007337 0.00035285 0.0006443 0.0003726 0.00052935 0.0005774 0.00063815 0.00049675 0.0006707 0.0006046 0.00053965 0.0003232 0.00054265 0.00045975 0.00053805 0.00055035 0.0005866 0.000592 0.00040805 0.00041745 0.0006225 0.00055375 0.0006128 0.0004471 0.00044625 0.0004521 0.00067085 0.000501 0.0005421 0.00045125 0.00055485 0.0005828 0.000388 0.00044355 0.00061855 0.0006203 0.00053005 0.0003797 0.0003964 0.00069505 0.00032285 0.0003872 0.0004944 0.00054195 0.0006792 0.00059415 0.00051895 0.00032355 0.0005937
36 0.0004883 0.00064195 0.00065765 0.00065125 0.0006557 0.0006715 0.00053325 0.0006691 0.00067635 0.0004274 0.0004961 0.00049655 0.0006314 0.0005555 0.00061275 0.0006524 0.00057205 0.0005716 0.0005211 0.0006029 0.00059945 0.00051235 0.0004907 0.00066895 0.00064205 0.00051575 0.0006045 0.00054265 0.0004824 0.0005431 0.0005533 0.00042735 0.000669 0.0006756 0.0006028 0.00067365 0.0008527 0.00062035 0.000534 0.0006072 0.00056535 0.00052875 0.000595 0.0005337 0.0006053 0.00065655 0.0004478 0.00072535 0.00051575 0.00053065 0.00050645 0.0005899 0.0004962 0.00053185 0.0005685 0.0006608 0.0005967 0.0005641 0.00051985 0.0005408 0.0004831 0.00057215 0.00067895 0.00060705 0.00051115 0.0006845 0.0005514 0.0006278 0.00060245 0.00066605 0.0004962 0.00051105 0.00058045 0.0006132 0.0005887 0.0004963 0.0006722 0.00059045 0.0004735 0.0005274 0.0005809 0.0006446 0.0006686 0.00047835 0.0006947 0.0006197 0.0006116 0.00066215 0.0004666 0.0005027 0.0005721 0.0006853 0.0005027
37 0.00050815 0.0004899 0.00038965 0.0004366 0.00048285 0.0005388 0.0005647 0.0003732 0.0003501 0.00074235 0.00065975 0.00065945 0.000454 0.000382 0.0002436 0.0003957 0.00064395 0.00041035 0.0004 0.00053815 0.0003829 0.00065755 0.00063515 0.00063565 0.00049 0.00048755 0.0002482 0.00057555 0.0005234 0.0003662 0.0005798 0.0007423 0.0003334 0.0003314 0.0004122 0.00043105 0.00062035 0.0003588 0.00039115 0.00022195 0.00057845 0.0005112 0.00041935 0.00039085 0.000789 0.0004052 0.00057025 0.0004917 0.00048755 0.0006108 0.000461 0.00051905 0.00065725 0.00061255 0.0004364 0.00033805 0.000611 0.00046155 0.0004305 0.0004655 0.0005252 0.0006085 0.0004297 0.00022185 0.00059835 0.00066995 0.0005451 0.0005343 0.000316 0.0005298 0.0006217 0.00042965 0.00058615 0.00051695 0.0004516 0.0005389 0.00048285 0.0003415 0.00056905 0.00058375 0.00058845 0.00038655 0.00040415 0.0007528 0.00030675 0.00047035 0.00055205 0.0006536 0.00070385 0.00061215 0.0005319 0.000398 0.00061205
38 0.00043405 0.0006237 0.00037145 0.0005657 0.0003669 0.0005896 0.000602 0.0003763 0.0004334 0.00055835 0.0006349 0.000605 0.0003369 0.00049685 0.00030025 0.0003623 0.0005359 0.0002812 0.00051865 0.0004931 0.00028505 0.00064905 0.00054495 0.0005487 0.0006238 0.000425 0.0002929 0.0003911 0.0004098 0.00048375 0.0005209 0.0005583 0.0003762 0.00046305 0.0003234 0.00045595 0.000534 0.00039115 0.000426 0.00036655 0.00065735 0.00039105 0.0003094 0.0002131 0.00070605 0.0003646 0.0005602 0.0004631 0.000425 0.00053405 0.0004868 0.00044325 0.0006287 0.00047 0.00046705 0.0003689 0.0005588 0.000414 0.0003828 0.00050025 0.0003858 0.0005361 0.0003889 0.0003664 0.0006368 0.00072085 0.00051275 0.000482 0.0003239 0.00058135 0.0006288 0.0004481 0.0005334 0.00050335 0.000493 0.0005565 0.00038705 0.00040255 0.00040205 0.0004749 0.0005098 0.0003698 0.00039455 0.00060295 0.00041405 0.0003094 0.00056685 0.00061625 0.0005628 0.00041045 0.00046345 0.00040165 0.00040955
