 slim_337521283 slim_337521499 slim_337521227 slim_337521277 slim_337521463 slim_337521406 slim_337521458 slim_337521432 slim_337521460 slim_337521389 slim_337521394 slim_337521441 slim_337521475 slim_337521439 slim_337521500 slim_337521429 slim_337521104 slim_337521399 slim_337521371 slim_337521466 slim_337521485 slim_337521332 slim_337521198 slim_337521446 slim_337521495 slim_337521412 slim_337521282 slim_337521486 slim_337521415 slim_337521336 slim_337521209 slim_337521392 slim_337521433 slim_337521451 slim_337521478 slim_337521489 slim_337521469 slim_337521376 slim_337521425 slim_337521374 slim_337521388 slim_337521395 slim_337521452 slim_337521487 slim_337521484 slim_337521437 slim_337521386 slim_337521365 slim_337521488 slim_337521431 slim_337521387 slim_337521436 slim_337521482 slim_337521408 slim_337521462 slim_337521252 slim_337521501 slim_337521444 slim_337521211 slim_337521461 slim_337521447 slim_337521410 slim_337521379 slim_337521362 slim_337521416 slim_337521311 slim_337521382 slim_337521470 slim_337521459 slim_337521481 slim_337521249 slim_337521255 slim_337521229 slim_337521428 slim_337521493 slim_337521476 slim_337521455 slim_337521453 slim_337521366 slim_337521353 slim_337521464 slim_337521330 slim_337521422 slim_337521480 slim_337521262 slim_337521331 slim_337521443 slim_337521440 slim_337521479 slim_337521409 slim_337521302 slim_337521465 slim_337521405 slim_337521496 slim_337521497 slim_337521115 slim_337521352 slim_337521474 slim_337521356 slim_337521175
0 1.3e-06 0.00016415 0.0002359 0.0001233 0.00010985 0.00015985 0.00016075 0.00017715 0.0001886 0.00015855 0.00012325 0.00027495 0.00020825 9.49e-05 0.0001954 0.0001883 0.0002131 0.0001994 0.00018305 0.000202 0.0001403 0.00023415 0.0001719 0.0001508 0.00027715 6.705e-05 0.00028125 0.0001587 0.0001184 7.425e-05 0.0002295 0.00023885 0.00018845 0.0002291 0.0002186 0.00017215 0.00016795 0.0001604 6.695e-05 0.0002044 0.0002526 0.0002359 0.0001666 0.0002527 0.0002083 0.00018325 0.00016555 0.000202 0.0002 0.0002083 0.00014705 0.0002276 0.00025225 0.0002019 0.0002408 0.00016065 0.0001609 0.00016075 0.00025135 8.8e-05 5.615e-05 0.0001384 0.0002071 5.33e-05 0.00025615 0.00020145 0.0001523 9.195e-05 0.00028725 0.0001989 0.00013315 1.1e-06 0.0001471 0.0001167 0.00014725 0.00013305 0.0002689 0.0001334 0.0002342 0.00016055 0.00014735 6.7e-05 0.0002447 0.0002073 0.00017215 0.00024715 0.00024735 0.00027525 0.00020745 0.00015955 0.0002063 1.425e-05 6.735e-05 0.00011955 0.00023585 0.00024065 0.00027695 0.00010595 0.00015645 0.0002707
1 0.00016415 0.0001213 0.00012005 0.00016025 0.00016865 8.015e-05 0.0001605 0.0001596 0.0001238 0.0001078 0.0001602 0.00015085 0.0001712 0.00014395 0.0001445 9.665e-05 0.000176 0.00013885 0.00014705 0.00016515 8.71e-05 0.0001345 0.00017585 0.00015185 0.0001389 0.00018095 0.00014295 0.00017155 6.275e-05 0.0001733 0.0001138 0.00014365 9.68e-05 0.0001292 0.0001818 0.00016415 0.00015295 0.00016015 0.00018095 0.0001293 0.0001555 0.0001343 0.0001306 0.0001388 0.00017125 0.0001472 0.00016535 0.0001651 0.0001252 0.00017125 0.0001595 0.00012585 0.0001148 0.00016505 0.0001392 0.00016035 0.0001607 0.00014625 0.00016285 0.00013875 0.0001116 0.0001473 0.00010485 0.00011245 0.00015655 0.00015325 0.0001652 0.00013755 0.0001493 0.00011075 0.00019745 0.0001642 9.21e-05 0.00018105 7.8e-05 0.00019745 0.00014475 0.0001977 0.00012225 0.00016035 7.81e-05 0.00018085 0.0001087 0.0001056 0.0001762 0.0001498 0.00013805 0.00015095 0.00016975 9.41e-05 0.0001693 0.0001647 0.000181 0.0001291 0.00013425 0.0001315 0.0001387 0.0001596 0.00013255 0.0001326
2 0.0002359 0.00012005 0.0001027 0.00021405 0.00019785 0.0001016 0.00016145 0.00015945 0.0001632 0.0001466 0.000214 6e-05 0.00010575 0.00019955 0.00010825 9.59e-05 0.00011195 0.0001601 0.0001095 0.0001083 0.00014205 0.00010775 0.00015865 0.0001683 5.595e-05 0.00019815 5.385e-05 0.00014055 0.00014335 0.00019055 5.39e-05 0.0001018 9.605e-05 0.000102 0.000119 0.00014785 0.00015405 0.00016115 0.00019805 0.00010245 0.00011255 0.0001073 0.0001257 5.535e-05 0.0001058 0.0001097 0.0001673 0.0001083 0.00010485 0.0001058 0.00015 5.975e-05 5.815e-05 0.0001082 0.00011355 0.00016135 0.0001616 0.00010565 7.29e-05 0.00019235 0.000186 0.0001464 0.00010325 0.0001856 6.79e-05 0.00013085 0.000157 0.0001941 6.715e-05 0.0001098 0.00015995 0.00023595 0.0001491 0.00017615 9.345e-05 0.00015985 6.245e-05 0.0001602 0.0001413 0.00016125 9.355e-05 0.0001979 8.655e-05 0.00010335 0.0001589 0.0001046 9.555e-05 6e-05 0.0001069 0.0001571 0.000108 0.00024665 0.0001981 0.00014765 0.0001071 9.585e-05 5.415e-05 0.000197 0.0001322 5.65e-05
3 0.0001233 0.00016025 0.00021405 0.0001313 0.0001501 0.00015055 0.0001581 0.00017905 6.61e-05 0.0001536 6.595e-05 0.00020525 0.0002389 9.47e-05 0.0002532 0.00018225 0.0002338 0.00012495 0.00024995 0.00024575 0.0001035 0.00015135 0.00021685 0.0001611 0.00023515 0.00018705 0.00022985 0.00018285 0.0001117 0.0001866 0.00022085 0.00015955 0.0001824 0.0001563 0.0002361 0.0001935 0.00015795 0.0001582 0.00018685 0.0001285 0.0002017 0.0001467 0.0002336 0.0002085 0.00023895 0.00025025 0.0001613 0.00024585 0.00019245 0.00023895 0.00017035 0.00019165 0.00024585 0.00024565 0.0001416 0.000158 0.00015815 0.00022545 0.0001957 0.0001035 0.00012385 0.0001826 0.00016445 0.0001233 0.0001728 0.0002127 0.0001726 0.00010145 0.0002314 0.00014145 0.00025025 0.00012335 9.455e-05 0.0002338 0.00016205 0.00025005 0.0002121 0.0002505 0.00011725 0.0001582 0.00016215 0.0001867 0.00019005 0.00016225 0.000217 0.00020555 0.00018285 0.00020525 0.00021655 8.285e-05 0.00024145 0.00011245 0.0001869 0.00018685 0.0001466 0.00018865 0.00023425 0.0001537 0.00019305 0.0002412
4 0.00010985 0.00016865 0.00019785 0.0001501 0.0002192 0.00018675 0.00016245 0.00016195 0.00017695 0.00014265 0.00015005 0.00019935 0.0001734 0.00014355 0.00018635 0.0001827 0.0001737 0.00014835 0.000174 0.0001746 0.0001687 0.00018655 0.0001342 0.00016685 0.0002005 0.00012905 0.00019925 0.00016655 0.0001703 0.00013645 0.0001989 0.00018795 0.00018285 0.00018635 0.00017925 0.000162 0.00016965 0.0001621 0.00012895 0.0001857 0.0001608 0.0001877 0.0001576 0.0001997 0.00017345 0.0001742 0.00016725 0.0001746 0.0001591 0.00017345 0.0001548 0.0001987 0.00020075 0.0001745 0.00018805 0.00016235 0.0001626 0.0001726 0.0001867 0.00014145 0.000139 0.0001569 0.00018795 0.00013735 0.0002003 0.00015995 0.0001599 0.0001444 0.00020545 0.00018825 0.0001482 0.00011025 0.0001706 0.0001318 0.0001809 0.0001481 0.00020075 0.00014845 0.00017615 0.00016225 0.000181 0.0001292 0.00018665 0.0001879 0.00013445 0.00015955 0.00018795 0.00019965 0.00018175 0.0001763 0.0001742 0.0001173 0.00012935 0.0001564 0.00018765 0.00018805 0.00019965 0.0001152 0.0001599 0.00020085
5 0.00015985 8.015e-05 0.0001016 0.00015055 0.00018675 0.0001036 0.00016095 0.0001782 0.00011265 0.00012705 0.0001505 0.0001426 0.0001804 0.00013625 0.0001562 9.85e-05 0.00018545 0.0001535 0.0001591 0.00017395 8.06e-05 0.0001332 0.00020215 0.00015335 0.00014575 0.0001849 0.00014955 0.0001623 5.535e-05 0.0001772 9.5e-05 0.00014175 9.865e-05 0.00012775 0.00019075 0.00017975 0.00015345 0.0001606 0.0001848 0.0001015 0.0001799 0.0001319 0.00015905 0.0001197 0.00018045 0.0001593 0.00016535 0.00017395 0.00012355 0.00018045 0.0001607 9.28e-05 0.0001237 0.00017385 0.000137 0.00016085 0.0001611 0.00013065 0.0001437 0.00013115 0.00010955 0.0001491 0.00010245 0.0001093 0.0001227 0.00017905 0.00016595 0.0001306 0.000155 9.285e-05 0.0002095 0.0001599 8.555e-05 0.00020945 5.54e-05 0.0002094 0.00013615 0.00020975 0.0001383 0.00016075 5.525e-05 0.00018465 0.00011775 0.00010115 0.0002024 0.0001732 0.0001516 0.0001427 0.0001644 8.21e-05 0.0001788 0.0001597 0.00018485 0.00013415 0.00013185 0.00014385 0.0001447 0.0001777 0.000132 0.00013825
6 0.00016075 0.0001605 0.00016145 0.0001581 0.00016245 0.00016095 0.0003156 0.00015905 0.00015815 0.00016105 0.0001585 0.00015975 0.0001596 0.0001594 0.0001638 0.00015945 0.00015895 0.00016095 0.00015855 0.00015975 0.0001596 0.00016025 0.0001609 0.0001637 0.0001601 0.00015995 0.00016025 0.00016065 0.00015905 0.00015965 0.0001611 0.00015935 0.0001596 0.00016015 0.0001641 0.00015975 0.00015835 0.0001581 0.00015995 0.00016005 0.00016195 0.00015945 0.0001584 0.0001605 0.0001595 0.0001582 0.00016365 0.0001592 0.00016295 0.00015945 0.00016005 0.00016 0.0001593 0.00015965 0.0001587 0.00015825 0.0001586 0.00015985 0.00015955 0.00016075 0.0001586 0.0001594 0.00015955 0.0001596 0.00015875 0.0001615 0.00016515 0.00015915 0.00016485 0.00015895 0.0001588 0.0001608 0.0001582 0.0001583 0.00016025 0.0001588 0.00015945 0.00015905 0.0001603 0.0001587 0.00016035 0.0001598 0.00016045 0.0001595 0.00016125 0.0001622 0.00016025 0.00015975 0.0001586 0.00015875 0.00015925 0.0001597 0.00016 0.00015815 0.0001595 0.00016035 0.00016065 0.0001623 0.00016095 0.00016045
7 0.00017715 0.0001596 0.00015945 0.00017905 0.00016195 0.0001782 0.00015905 0.0002762 0.00017965 0.00016015 0.000179 0.0001572 0.0001401 0.0001784 0.00014545 0.00015855 0.00013855 0.0001624 0.0001388 0.00014105 0.0001768 0.0001597 0.00014225 0.00016545 0.00014115 0.0001583 0.00014095 0.000159 0.00017645 0.000158 0.00016005 0.00015665 0.0001587 0.0001593 0.00014655 0.00013995 0.0001591 0.0001588 0.00015825 0.00017875 0.0001433 0.0001605 0.00013865 0.0001603 0.0001402 0.0001388 0.0001657 0.00014085 0.0001619 0.00014015 0.00015765 0.000175 0.00014095 0.00014095 0.0001588 0.0001591 0.0001594 0.00015805 0.00015835 0.00017825 0.0001743 0.0001584 0.0001589 0.0001757 0.00017585 0.00014315 0.00016565 0.0001765 0.00014835 0.0001757 0.00013905 0.0001772 0.0001768 0.00013885 0.0001759 0.000139 0.0001579 0.00013915 0.0001614 0.00015905 0.000176 0.0001581 0.0001589 0.00016045 0.00014255 0.00014365 0.00014015 0.00015725 0.000156 0.00017895 0.00013985 0.00017765 0.0001583 0.0001565 0.00016045 0.0001416 0.0001421 0.0001617 0.00016155 0.00014285
8 0.0001886 0.0001238 0.0001632 6.61e-05 0.00017695 0.00011265 0.00015815 0.00017965 9e-07 0.0001303 6.695e-05 0.00014115 0.00023975 9.465e-05 0.0002612 0.00013285 0.0002344 8.71e-05 0.00026535 0.0002467 5.41e-05 8.755e-05 0.0002438 0.0001766 0.00017135 0.00025245 0.00016605 0.0001836 7.525e-05 0.00024475 0.00017 9.515e-05 0.000133 9.25e-05 0.0002367 0.00019435 0.00015095 0.0001589 0.00025235 6.47e-05 0.000164 8.21e-05 0.0002489 0.0001447 0.0002398 0.00026555 0.0001616 0.0002467 0.0001677 0.0002398 0.00017085 0.0001402 0.00019645 0.0002466 7.69e-05 0.00015795 0.00015805 0.00023925 0.00014425 0.00010425 0.0001391 0.00018345 0.0001136 0.00013845 0.00010815 0.00021355 0.0001731 0.0001023 0.00016735 9e-05 0.00031585 0.00018865 4.445e-05 0.0002994 0.0001256 0.00031575 0.0001477 0.0003161 5.3e-05 0.00015895 0.0001257 0.0002522 0.0001386 0.0001114 0.00024405 0.00016785 0.00011905 0.00014085 0.00020955 3.135e-05 0.0002423 0.00017755 0.0002524 0.0002021 8.215e-05 0.00012485 0.00017045 0.00018055 0.00020685 0.0001774
9 0.00015855 0.0001078 0.0001466 0.0001536 0.00014265 0.00012705 0.00016105 0.00016015 0.0001303 0.0002151 0.00015355 0.00015715 0.00017165 0.0001444 0.0001726 0.00012685 0.00017655 0.00011855 0.0001677 0.0001692 0.0001137 0.0001408 0.0001498 0.0001654 0.0001488 0.00017545 0.00014925 0.0001719 0.0001097 0.00017515 0.00014395 0.00015005 0.000127 0.0001355 0.00018235 0.0001646 0.00016085 0.0001607 0.00017545 0.0001356 0.0001353 0.0001407 0.00015125 0.0001487 0.0001717 0.00016785 0.0001659 0.00016915 0.00012525 0.0001717 0.00015995 0.0001525 0.000145 0.0001691 0.0001457 0.0001609 0.00016125 0.00016695 0.0001567 0.0001391 0.00013235 0.00015135 0.0001315 0.0001331 0.00016305 0.0001538 0.00016565 0.000138 0.0001593 0.0001375 0.00019205 0.0001586 0.0001188 0.00017565 0.0001247 0.00019205 0.00015475 0.0001923 0.0001287 0.0001609 0.00012495 0.00017535 0.00013565 0.00013225 0.00014995 0.0001294 0.00014435 0.00015735 0.00017765 0.00012085 0.00016975 0.0001592 0.0001755 0.0001498 0.00014065 0.0001414 0.0001486 0.00013345 0.00015355 0.0001461
10 0.00012325 0.0001602 0.000214 6.595e-05 0.00015005 0.0001505 0.0001585 0.000179 6.695e-05 0.00015355 0.0001306 0.0002055 0.00023885 9.51e-05 0.00025315 0.0001822 0.00023375 0.00012485 0.0002499 0.0002457 0.00010345 0.0001513 0.0002168 0.00016085 0.0002351 0.000187 0.0002298 0.0001828 0.00011165 0.00018655 0.0002208 0.00015985 0.00018235 0.00015625 0.00023605 0.00019345 0.00015825 0.0001581 0.0001868 0.00012845 0.00020165 0.0001471 0.00023355 0.00020845 0.0002389 0.0002502 0.0001615 0.0002458 0.0001924 0.0002389 0.0001703 0.00019195 0.0002458 0.0002456 0.00014205 0.0001584 0.00015855 0.0002254 0.00019565 0.00010345 0.0001238 0.00018255 0.0001644 0.00012325 0.000173 0.00021265 0.00017255 0.0001014 0.00023135 0.00014175 0.0002502 0.0001233 9.495e-05 0.00023375 0.000162 0.00025 0.0002124 0.00025045 0.0001174 0.000158 0.0001621 0.00018665 0.00019035 0.0001622 0.00021695 0.0002055 0.0001828 0.00020555 0.00021685 8.33e-05 0.0002414 0.00011265 0.00018685 0.0001868 0.00014705 0.0001886 0.0002342 0.00015365 0.000193 0.00024115
11 0.00027495 0.00015085 6e-05 0.00020525 0.00019935 0.0001426 0.00015975 0.0001572 0.00014115 0.00015715 0.0002055 4.74e-05 0.00010145 0.00020805 0.00012635 0.0001079 0.0001021 0.00014015 0.000128 0.0001098 0.00015685 8.315e-05 0.0001586 0.0001793 3.39e-05 0.0002269 2.76e-05 0.00014045 0.00018205 0.0002194 6.82e-05 6.775e-05 0.00010805 8.275e-05 0.0001076 0.000145 0.00015245 0.0001598 0.0002269 9.235e-05 8.37e-05 8.265e-05 0.0001442 4.33e-05 0.0001015 0.0001282 0.00016505 0.0001098 0.0001177 0.0001015 0.00015045 5.995e-05 5.975e-05 0.0001097 8.345e-05 0.00015955 0.0001599 0.0001371 4.885e-05 0.00020685 0.00022555 0.0001583 0.0001079 0.00022495 3.56e-05 0.00012735 0.0001559 0.0002087 3.87e-05 0.0001067 0.0001785 0.000275 0.0001579 0.0001948 0.0001354 0.0001785 3.265e-05 0.00017885 0.00011145 0.00015985 0.0001355 0.00022675 7.555e-05 0.00010705 0.00015895 8.17e-05 6.925e-05 2.445e-05 9.425e-05 0.00016495 0.000105 0.00028455 0.00022695 0.0001768 8.26e-05 7.595e-05 3.225e-05 0.00020725 0.0001588 4.085e-05
12 0.00020825 0.0001712 0.00010575 0.0002389 0.0001734 0.0001804 0.0001596 0.0001401 0.00023975 0.00017165 0.00023885 0.00010145 0.0001586 0.000224 8.69e-05 0.0001444 8.525e-05 0.00018805 8.005e-05 8.165e-05 0.00021575 0.0001583 0.00010845 0.000166 8.145e-05 0.00014445 8.05e-05 0.00013895 0.00021725 0.00014425 0.0001073 0.0001491 0.00014455 0.0001527 9.29e-05 0.0001277 0.00015985 0.00015935 0.00014445 0.00017915 0.00011445 0.0001594 9.615e-05 0.00010725 7.955e-05 7.98e-05 0.0001664 8.13e-05 0.0001348 7.95e-05 0.00014935 0.0001276 8.15e-05 8.155e-05 0.000165 0.00015975 0.0001601 0.00010585 0.00011195 0.00021685 0.0002061 0.00014425 0.00015415 0.00020715 0.0001339 0.00010795 0.00015695 0.00021715 9.4e-05 0.0001759 8.03e-05 0.0002083 0.00022275 9.625e-05 0.0001691 8.03e-05 0.00010315 8.055e-05 0.00019285 0.00015975 0.0001692 0.0001443 0.0001299 0.0001554 0.0001088 0.00010825 0.00012765 0.00010155 0.000102 0.0002339 8.08e-05 0.00021815 0.0001445 0.0001429 0.0001595 0.0001287 8.125e-05 0.00017285 0.00013475 8.275e-05
13 9.49e-05 0.00014395 0.00019955 9.47e-05 0.00014355 0.00013625 0.0001594 0.0001784 9.465e-05 0.0001444 9.51e-05 0.00020805 0.000224 0.0001886 0.0002283 0.00016055 0.00022375 0.00014325 0.0002242 0.00022435 9.725e-05 0.00016085 0.00020785 0.0001637 0.00022425 0.0001599 0.00022365 0.0001713 9.68e-05 0.0001596 0.00019975 0.000167 0.0001607 0.0001608 0.00022765 0.00018325 0.00015945 0.00015965 0.0001598 0.00013455 0.0002083 0.00015895 0.00020775 0.0001987 0.00022405 0.0002244 0.0001636 0.00022435 0.00018385 0.00022405 0.00015905 0.0001839 0.00022435 0.00022425 0.00015885 0.0001594 0.00015965 0.0002 0.0001978 9.57e-05 9.765e-05 0.0001609 0.00016035 9.6e-05 0.00018215 0.0002075 0.00016285 9.71e-05 0.0002273 0.00014445 0.0002245 9.455e-05 9.575e-05 0.00020805 0.0001364 0.0002244 0.0002083 0.00022475 0.0001436 0.00015975 0.0001365 0.0001597 0.00019165 0.00015935 0.0002081 0.0002075 0.0001832 0.00020805 0.0002085 9.545e-05 0.0002243 9.605e-05 0.00015945 0.0001608 0.000159 0.00018275 0.0002237 0.0001434 0.00018165 0.00022405
14 0.0001954 0.0001445 0.00010825 0.0002532 0.00018635 0.0001562 0.0001638 0.00014545 0.0002612 0.0001726 0.00025315 0.00012635 8.69e-05 0.0002283 0.0001017 0.000134 9.065e-05 0.0002146 5.895e-05 7.93e-05 0.00021205 0.00018115 0.00011725 0.00014825 9.805e-05 0.000131 0.0001038 0.00014435 0.00018945 0.00012315 0.0001005 0.0001716 0.00013415 0.000176 9.115e-05 0.00013205 0.0001559 0.00016345 0.00013115 0.00020205 0.00014195 0.0001841 7.5e-05 0.00012435 8.695e-05 5.915e-05 0.0001634 7.93e-05 0.00013935 8.695e-05 0.00015535 0.00012735 7.185e-05 7.92e-05 0.00018815 0.0001634 0.00016395 8.795e-05 0.00014305 0.00022165 0.00018405 0.00014165 0.00015335 0.0001858 0.0001562 0.00011515 0.0001558 0.00022115 0.00010385 0.0001741 6.64e-05 0.00019545 0.00021855 8.26e-05 0.00014285 6.655e-05 0.00011875 6.68e-05 0.0002146 0.0001636 0.00014295 0.000131 0.0001292 0.00015445 0.0001178 0.00013795 0.00015115 0.00012645 9.84e-05 0.00023175 8.34e-05 0.00020345 0.0001312 0.00012145 0.00018405 0.00014465 9.94e-05 0.0001823 0.0001196 9.18e-05
15 0.0001883 9.665e-05 9.59e-05 0.00018225 0.0001827 9.85e-05 0.00015945 0.00015855 0.00013285 0.00012685 0.0001822 0.0001079 0.0001444 0.00016055 0.000134 0.0001692 0.0001489 0.0001505 0.00013585 0.00013565 0.00010175 0.0001154 0.00017735 0.0001643 9.325e-05 0.00018745 9.895e-05 0.0001505 9.6e-05 0.0001799 8.695e-05 0.0001131 8.485e-05 0.0001102 0.00015485 0.00014955 0.000152 0.00015915 0.00018745 0.0001106 0.00014075 0.0001176 0.0001358 9.37e-05 0.00014445 0.000136 0.0001647 0.0001356 0.00012935 0.00014445 0.00015005 0.0001014 8.545e-05 0.0001356 0.0001222 0.0001593 0.00015965 0.00013775 0.00011975 0.00015355 0.0001354 0.00013525 0.0001044 0.00013645 0.0001135 0.0001551 0.0001559 0.00015385 0.000104 0.0001105 0.0001863 0.00018835 0.00010855 0.0001863 8.705e-05 0.0001863 9.935e-05 0.00018655 0.00013275 0.0001593 8.715e-05 0.00018735 0.0001112 0.00010445 0.0001777 0.00013565 0.0001073 0.0001082 0.00014275 0.0001199 0.00014105 0.0001975 0.0001875 0.0001355 0.00011755 9.855e-05 9.345e-05 0.00017875 0.0001517 8.485e-05
16 0.0002131 0.000176 0.00011195 0.0002338 0.0001737 0.00018545 0.00015895 0.00013855 0.0002344 0.00017655 0.00023375 0.0001021 8.525e-05 0.00022375 9.065e-05 0.0001489 0.0001657 0.00018825 8.34e-05 8.585e-05 0.00022035 0.0001577 0.0001129 0.00016585 8.595e-05 0.0001482 8.595e-05 0.00013795 0.00022175 0.00014815 0.00011235 0.00014315 0.00014905 0.0001573 9.155e-05 0.00012635 0.00015865 0.00015865 0.0001486 0.0001844 0.00011415 0.0001605 9.97e-05 0.0001126 8.53e-05 8.355e-05 0.0001661 8.58e-05 0.00014025 8.53e-05 0.00014805 0.00012715 8.58e-05 8.575e-05 0.0001586 0.00015865 0.00015915 0.0001104 0.00011065 0.00022185 0.00021035 0.00014895 0.00015865 0.0002116 0.000128 0.0001143 0.0001567 0.000222 9.385e-05 0.00017535 8.335e-05 0.00021315 0.0002221 0.00010015 0.0001737 8.375e-05 0.0001026 8.37e-05 0.00018725 0.0001588 0.0001738 0.00014845 0.00012965 0.00016025 0.0001134 0.00011475 0.00012675 0.00010215 0.00010045 0.0002337 8.44e-05 0.00022295 0.00014865 0.00014695 0.00016045 0.00012825 8.715e-05 0.00017815 0.00013985 8.77e-05
17 0.0001994 0.00013885 0.0001601 0.00012495 0.00014835 0.0001535 0.00016095 0.0001624 8.71e-05 0.00011855 0.00012485 0.00014015 0.00018805 0.00014325 0.0002146 0.0001505 0.00018825 0.0001713 0.0002107 0.0001925 0.0001215 0.00011775 0.0001604 0.0001788 0.0001466 0.00021745 0.0001418 0.00018325 0.00013935 0.0002171 0.0001644 0.0001289 0.00015065 0.0001175 0.00019215 0.00017705 0.0001608 0.00016035 0.00021735 0.0001153 0.00011525 0.000114 0.00019425 0.0001447 0.0001881 0.0002109 0.0001647 0.0001925 0.0001329 0.0001881 0.0001705 0.00015905 0.0001684 0.0001924 0.00011425 0.00016085 0.0001611 0.00020705 0.0001405 0.0001456 0.00017585 0.00017495 0.0001353 0.0001753 0.00013915 0.00015995 0.00017435 0.00014385 0.0001494 0.0001333 0.00023505 0.00019945 0.000119 0.0002186 0.00016525 0.00023495 0.00014455 0.0002353 8.86e-05 0.00016055 0.00016535 0.0002172 0.00013285 0.0001341 0.00016045 0.00011335 0.0001312 0.0001402 0.00018715 0.0001071 0.00018895 0.0001902 0.0002174 0.00019315 0.00011395 0.00013415 0.00014535 0.00014295 0.00017855 0.0001498
18 0.00018305 0.00014705 0.0001095 0.00024995 0.000174 0.0001591 0.00015855 0.0001388 0.00026535 0.0001677 0.0002499 0.000128 8.005e-05 0.0002242 5.895e-05 0.00013585 8.34e-05 0.0002107 0.000102 7.225e-05 0.0002149 0.00018245 0.00010405 0.0001507 9.865e-05 0.0001176 0.0001042 0.00013735 0.0001927 0.00011725 0.000102 0.0001732 0.000136 0.0001776 9.145e-05 0.0001251 0.00015825 0.00015825 0.0001173 0.00020515 0.0001355 0.00018665 6.765e-05 0.00012605 8.01e-05 5.165e-05 0.0001657 7.27e-05 0.0001341 8.01e-05 0.00014915 0.0001295 7.275e-05 7.215e-05 0.0001902 0.0001583 0.0001583 8.14e-05 0.00013715 0.0002172 0.00017865 0.00013585 0.00015535 0.00018075 0.000159 0.00010965 0.00015715 0.0002165 0.0001121 0.0001776 5.15e-05 0.0001831 0.00022175 6.805e-05 0.00014475 5.115e-05 0.00012085 5.18e-05 0.00021725 0.00015795 0.00014485 0.00011705 0.000132 0.0001574 0.0001041 0.0001324 0.00015125 0.0001283 0.00010005 0.00023595 7.615e-05 0.00019205 0.00011735 0.00011525 0.0001866 0.0001456 0.0001006 0.0001701 0.0001151 9.325e-05
19 0.000202 0.00016515 0.0001083 0.00024575 0.0001746 0.00017395 0.00015975 0.00014105 0.0002467 0.0001692 0.0002457 0.0001098 8.165e-05 0.00022435 7.93e-05 0.00013565 8.585e-05 0.0001925 7.225e-05 0.0001439 0.0002158 0.0001654 0.00010585 0.0001655 8.04e-05 0.00013775 8.63e-05 0.0001393 0.0002102 0.0001374 9.915e-05 0.0001564 0.00013585 0.0001605 9.28e-05 0.00012815 0.0001596 0.00015945 0.00013725 0.00018625 0.00011905 0.0001684 8.885e-05 0.0001061 8.17e-05 7.295e-05 0.000166 7.265e-05 0.00013295 8.17e-05 0.0001504 0.00012805 7.28e-05 7.21e-05 0.00017265 0.00015965 0.00015945 9.965e-05 0.00011945 0.0002172 0.0001995 0.0001357 0.00015485 0.0002006 0.00014045 0.00011 0.0001573 0.0002175 9.22e-05 0.00017555 7.265e-05 0.00020205 0.0002228 8.905e-05 0.00016285 7.21e-05 0.00010115 7.285e-05 0.0002003 0.0001591 0.00016295 0.000137 0.00013055 0.00015505 0.0001057 0.0001146 0.000136 0.0001102 0.00010155 0.00023375 7.795e-05 0.00021115 0.0001373 0.00013615 0.00016835 0.0001274 8.095e-05 0.0001707 0.00013155 7.22e-05
20 0.0001403 8.71e-05 0.00014205 0.0001035 0.0001687 8.06e-05 0.0001596 0.0001768 5.41e-05 0.0001137 0.00010345 0.00015685 0.00021575 9.725e-05 0.00021205 0.00010175 0.00022035 0.0001215 0.0002149 0.0002158 7.49e-05 0.0001069 0.00022725 0.00016345 0.0001658 0.00020305 0.0001656 0.00016985 4.025e-05 0.00019535 0.0001419 0.00012055 0.0001019 0.0001016 0.0002254 0.0001795 0.00015215 0.0001593 0.00020305 7.625e-05 0.00018315 0.00011005 0.0001985 0.00014105 0.0002158 0.00021505 0.00016385 0.00021575 0.00015405 0.0002158 0.0001579 0.00013275 0.00016555 0.0002157 0.00011475 0.00015945 0.0001598 0.0001916 0.0001579 8.92e-05 8.815e-05 0.00015235 0.0001041 8.885e-05 0.0001369 0.0002015 0.000163 9.06e-05 0.00017565 9.53e-05 0.00026535 0.00014035 4.565e-05 0.000249 7.785e-05 0.00026535 0.00015695 0.0002656 0.00010055 0.00015945 7.795e-05 0.0002028 0.0001422 0.0001038 0.0002276 0.00017785 0.00012965 0.00015705 0.0001993 4.83e-05 0.0002153 0.0001417 0.0002031 0.0001515 0.00011 0.0001296 0.000166 0.0001652 0.0001759 0.000166
21 0.00023415 0.0001345 0.00010775 0.00015135 0.00018655 0.0001332 0.00016025 0.0001597 8.755e-05 0.0001408 0.0001513 8.315e-05 0.0001583 0.00016085 0.00018115 0.0001154 0.0001577 0.00011775 0.00018245 0.0001654 0.0001069 0.0001612 0.0001907 0.0001796 9.005e-05 0.0002339 8.52e-05 0.00015755 0.0001334 0.0002264 0.00011495 8.285e-05 0.00011555 8.145e-05 0.0001637 0.00015785 0.00015295 0.00016 0.0002335 8.15e-05 0.00011475 8.54e-05 0.0001825 9.05e-05 0.00015835 0.0001829 0.0001655 0.00016565 0.0001406 0.00015835 0.00015825 0.00010775 0.0001156 0.0001653 8.485e-05 0.00016015 0.00016015 0.0001826 9.485e-05 0.00015765 0.0001833 0.00016565 0.0001079 0.0001835 8.345e-05 0.0001617 0.0001642 0.00015955 9.595e-05 0.00010875 0.0002329 0.0002342 0.00011005 0.000233 0.00013255 0.00023255 9.085e-05 0.0002331 8.68e-05 0.0001598 0.00013265 0.0002334 0.0001099 0.0001078 0.00019065 0.00011595 8.23e-05 8.36e-05 0.0001513 0.00011055 0.00016025 0.0002359 0.00023355 0.00018305 8.535e-05 8.995e-05 9.06e-05 0.00019155 0.00018135 9.795e-05
22 0.0001719 0.00017585 0.00015865 0.00021685 0.0001342 0.00020215 0.0001609 0.00014225 0.0002438 0.0001498 0.0002168 0.0001586 0.00010845 0.00020785 0.00011725 0.00017735 0.0001129 0.0001604 0.00010405 0.00010585 0.00022725 0.0001907 0.0001547 0.00016625 0.0001356 0.0001251 0.00013625 0.00016055 0.00022345 0.0001321 0.0001558 0.0001929 0.0001775 0.0001854 0.00011965 0.0001425 0.0001679 0.00016055 0.0001253 0.0002109 0.00011325 0.00019115 0.00010395 0.00016075 0.0001085 0.00010415 0.0001667 0.00010575 0.00012825 0.0001085 0.00016 0.0001787 0.0001319 0.00010575 0.00019585 0.00016055 0.00016115 0.0001284 0.0001561 0.0002024 0.00019585 0.0001514 0.00018155 0.00019675 0.00018955 0.00010825 0.0001667 0.0002012 0.00014715 0.0002021 7.815e-05 0.00017195 0.00023255 7.83e-05 0.0002002 7.835e-05 0.0001561 7.855e-05 0.000196 0.0001608 0.0002003 0.00012515 0.00015455 0.0001825 7.82e-05 0.0001082 0.00017265 0.0001589 0.0001358 0.00023435 0.00010595 0.00017235 0.00012535 0.00014995 0.0001911 0.0001699 0.0001358 0.0001248 0.00013295 0.0001331
23 0.0001508 0.00015185 0.0001683 0.0001611 0.00016685 0.00015335 0.0001637 0.00016545 0.0001766 0.0001654 0.00016085 0.0001793 0.000166 0.0001637 0.00014825 0.0001643 0.00016585 0.0001788 0.0001507 0.0001655 0.00016345 0.0001796 0.00016625 0.0002919 0.00018045 0.0001511 0.00018075 0.0001667 0.0001497 0.00015065 0.0001677 0.00017935 0.00016445 0.0001795 0.0001635 0.0001661 0.0001634 0.0001633 0.000151 0.00017785 0.0001818 0.0001787 0.00015035 0.0001797 0.00016605 0.00015095 0.00016125 0.00016555 0.00016905 0.00016605 0.00016585 0.00016665 0.0001655 0.0001654 0.00017865 0.00016355 0.0001638 0.0001533 0.0001795 0.0001645 0.0001493 0.0001647 0.0001657 0.00014975 0.0001779 0.00016635 0.00016345 0.0001633 0.00017785 0.00016425 0.00015095 0.00015085 0.0001625 0.00015055 0.00015225 0.00015085 0.00017895 0.0001512 0.000179 0.0001634 0.00015235 0.00015085 0.00016645 0.00016465 0.0001665 0.0001814 0.0001811 0.0001795 0.00016435 0.00016345 0.0001659 0.00014905 0.00015105 0.0001499 0.00017865 0.0001803 0.00018035 0.00016655 0.0001519 0.0001799
24 0.00027715 0.0001389 5.595e-05 0.00023515 0.0002005 0.00014575 0.0001601 0.00014115 0.00017135 0.0001488 0.0002351 3.39e-05 8.145e-05 0.00022425 9.805e-05 9.325e-05 8.595e-05 0.0001466 9.865e-05 8.04e-05 0.0001658 9.005e-05 0.0001356 0.00018045 2.28e-05 0.00021335 1.285e-05 0.0001394 0.000184 0.00020585 5.475e-05 8.105e-05 9.345e-05 8.405e-05 9.315e-05 0.0001285 0.0001528 0.00015985 0.0002133 0.0001105 7.33e-05 9.25e-05 0.000115 3.76e-05 8.15e-05 9.88e-05 0.00016635 8.04e-05 0.00011055 8.15e-05 0.00015005 7.625e-05 3.04e-05 8.04e-05 9.705e-05 0.00016 0.0001603 0.00012355 5.625e-05 0.0002169 0.0002254 0.00014345 0.0001022 0.00022605 6.505e-05 0.0001098 0.0001572 0.00021765 2.425e-05 0.0001238 0.00014915 0.0002772 0.000173 0.0001655 0.0001366 0.0001491 3.32e-05 0.0001494 0.000125 0.00015995 0.0001367 0.00021315 7.875e-05 0.0001031 0.0001359 6.81e-05 5.975e-05 3.43e-05 9.475e-05 0.000182 8.075e-05 0.00028675 0.00021335 0.00016205 9.245e-05 5.945e-05 1.245e-05 0.0002 0.00015185 1.165e-05
25 6.705e-05 0.00018095 0.00019815 0.00018705 0.00012905 0.0001849 0.00015995 0.0001583 0.00025245 0.00017545 0.000187 0.0002269 0.00014445 0.0001599 0.000131 0.00018745 0.0001482 0.00021745 0.0001176 0.00013775 0.00020305 0.0002339 0.0001251 0.0001511 0.00021335 0.0001336 0.0002182 0.0001482 0.0001809 7.465e-05 0.0001912 0.00023145 0.0001876 0.0002288 0.00015485 0.0001488 0.000167 0.0001596 6.74e-05 0.00023025 0.0002066 0.00023675 0.0001175 0.00021485 0.0001445 0.0001177 0.0001659 0.00013765 0.00017945 0.0001445 0.0001486 0.00020395 0.0001879 0.00013765 0.000241 0.00015965 0.0001602 0.00012135 0.00021345 0.00015295 0.00011765 0.0001374 0.00020665 0.0001174 0.000233 0.00015585 0.0001549 0.0001545 0.00022515 0.00021365 6.735e-05 6.745e-05 0.0002098 6.775e-05 0.00017135 6.78e-05 0.0002203 6.785e-05 0.00025125 0.00015985 0.00017145 6.765e-05 0.00021375 0.0002078 0.00012565 0.0002022 0.00022475 0.0002272 0.0001576 0.0002232 0.0001414 7.815e-05 6.78e-05 0.0001176 0.0002367 0.0002186 0.00021425 0.00012515 0.00013605 0.00020745
26 0.00028125 0.00014295 5.385e-05 0.00022985 0.00019925 0.00014955 0.00016025 0.00014095 0.00016605 0.00014925 0.0002298 2.76e-05 8.05e-05 0.00022365 0.0001038 9.895e-05 8.595e-05 0.0001418 0.0001042 8.63e-05 0.0001656 8.52e-05 0.00013625 0.00018075 1.285e-05 0.0002182 1.14e-05 0.00013955 0.00018875 0.0002107 5.95e-05 7.635e-05 9.91e-05 7.94e-05 9.33e-05 0.00012905 0.00015295 0.00016 0.0002181 0.000105 6.91e-05 8.61e-05 0.0001204 3.79e-05 8.055e-05 0.0001044 0.00016665 8.63e-05 0.00011005 8.055e-05 0.0001493 7.545e-05 3.625e-05 8.62e-05 9.16e-05 0.00016015 0.0001604 0.000128 5.1e-05 0.0002162 0.0002306 0.0001492 0.0001025 0.0002307 6.015e-05 0.00010755 0.0001566 0.00021735 2.47e-05 0.0001235 0.0001547 0.0002813 0.00017295 0.0001709 0.00014085 0.0001546 3.38e-05 0.00015495 0.0001201 0.00016005 0.00014095 0.00021795 7.775e-05 0.0001029 0.0001365 6.22e-05 5.565e-05 2.81e-05 9.51e-05 0.0001815 8.025e-05 0.00029175 0.00021815 0.00016745 8.605e-05 6.03e-05 1.175e-05 0.0001999 0.00015485 1.775e-05
27 0.0001587 0.00017155 0.00014055 0.00018285 0.00016655 0.0001623 0.00016065 0.000159 0.0001836 0.0001719 0.0001828 0.00014045 0.00013895 0.0001713 0.00014435 0.0001505 0.00013795 0.00018325 0.00013735 0.0001393 0.00016985 0.00015755 0.00016055 0.0001667 0.0001394 0.0001482 0.00013955 0.0002717 0.00017155 0.00014845 0.000141 0.00014685 0.00015065 0.0001586 0.0001451 0.00014515 0.00016055 0.00016035 0.00014795 0.0001602 0.0001599 0.0001617 0.00014865 0.00014085 0.000139 0.0001378 0.00016705 0.00013955 0.00016265 0.000139 0.0001487 0.0001413 0.00013965 0.0001392 0.00016085 0.0001605 0.00016055 0.0001395 0.0001396 0.0001693 0.00016035 0.0001506 0.0001603 0.0001595 0.0001416 0.00016165 0.0001554 0.0001715 0.0001466 0.00016235 0.00013755 0.0001591 0.00017165 0.000149 0.00015065 0.0001373 0.0001414 0.00013785 0.0001814 0.0001602 0.00015075 0.00014825 0.0001624 0.00016145 0.00016055 0.00016175 0.0001451 0.0001409 0.0001399 0.00018315 0.00013865 0.00017045 0.00014835 0.000149 0.00016165 0.00014645 0.0001404 0.00017115 0.000162 0.000141
28 0.0001184 6.275e-05 0.00014335 0.0001117 0.0001703 5.535e-05 0.00015905 0.00017645 7.525e-05 0.0001097 0.00011165 0.00018205 0.00021725 9.68e-05 0.00018945 9.6e-05 0.00022175 0.00013935 0.0001927 0.0002102 4.025e-05 0.0001334 0.00022345 0.0001497 0.000184 0.0001809 0.00018875 0.00017155 2.98e-05 0.00017325 0.0001361 0.00014565 9.615e-05 0.0001281 0.0002267 0.000181 0.0001515 0.0001587 0.0001809 0.00010245 0.00020315 0.00013325 0.00017625 0.0001591 0.0002173 0.00019285 0.00016315 0.00021015 0.00015005 0.0002173 0.00015955 0.0001339 0.00015985 0.0002101 0.00013785 0.0001589 0.00015925 0.00016915 0.0001829 9.19e-05 6.585e-05 0.00014665 0.00010285 6.67e-05 0.00016165 0.0002013 0.0001644 9.02e-05 0.0001936 9.385e-05 0.0002431 0.00011845 4.495e-05 0.0002267 5.52e-05 0.0002431 0.00017495 0.00024335 0.0001221 0.0001589 5.53e-05 0.0001808 0.00014165 0.0001025 0.0002238 0.0001978 0.00015495 0.00018215 0.00020055 4.495e-05 0.0002147 0.00011755 0.00018095 0.00012905 0.0001332 0.00014775 0.00018415 0.0001615 0.00015465 0.00017705
29 7.425e-05 0.0001733 0.00019055 0.0001866 0.00013645 0.0001772 0.00015965 0.000158 0.00024475 0.00017515 0.00018655 0.0002194 0.00014425 0.0001596 0.00012315 0.0001799 0.00014815 0.0002171 0.00011725 0.0001374 0.00019535 0.0002264 0.0001321 0.00015065 0.00020585 7.465e-05 0.0002107 0.00014845 0.00017325 0.0001476 0.0001836 0.00022385 0.00018005 0.0002213 0.0001549 0.00014855 0.00015915 0.0001593 7.47e-05 0.00022275 0.00020635 0.00022915 0.0001173 0.00020735 0.0001443 0.0001175 0.0001656 0.00013745 0.0001791 0.0001443 0.00014805 0.00019625 0.0001803 0.0001373 0.0002333 0.0001593 0.00015975 0.00012105 0.000213 0.00015275 0.0001173 0.00013725 0.00019905 0.00011695 0.0002253 0.00015565 0.00015495 0.00015435 0.00021755 0.00020595 7.455e-05 7.43e-05 0.00020215 7.47e-05 0.0001637 7.46e-05 0.0002127 7.495e-05 0.00024365 0.0001594 0.0001638 7.435e-05 0.00020605 0.0002002 0.00013255 0.00020195 0.00021725 0.0002196 0.00014975 0.0002155 0.00014115 8.555e-05 7.475e-05 0.00011735 0.0002291 0.0002111 0.00020675 0.00013255 0.00013575 0.00019995
30 0.0002295 0.0001138 5.39e-05 0.00022085 0.0001989 9.5e-05 0.0001611 0.00016005 0.00017 0.00014395 0.0002208 6.82e-05 0.0001073 0.00019975 0.0001005 8.695e-05 0.00011235 0.0001644 0.000102 9.915e-05 0.0001419 0.00011495 0.0001558 0.0001677 5.475e-05 0.0001912 5.95e-05 0.000141 0.0001361 0.0001836 9.11e-05 0.00010895 8.715e-05 0.0001096 0.00011865 0.00014805 0.0001537 0.0001608 0.0001911 0.0001094 0.00011725 0.000116 0.00011835 5.405e-05 0.00010735 0.0001022 0.00016665 9.91e-05 0.00010285 0.00010735 0.00015095 6.005e-05 4.905e-05 9.91e-05 0.0001211 0.000161 0.00016125 9.9e-05 8.03e-05 0.00019255 0.0001789 0.00013745 0.00010375 0.00017885 7.43e-05 0.0001326 0.0001572 0.000194 6.515e-05 0.0001093 0.00015245 0.00022955 0.00014895 0.0001688 8.7e-05 0.00015235 6.03e-05 0.0001527 0.0001487 0.0001609 8.71e-05 0.00019095 8.705e-05 0.00010285 0.00015605 0.0001108 0.0001037 6.85e-05 0.00010635 0.0001568 0.0001049 0.0002394 0.00019115 0.00014035 0.00011595 9.44e-05 5.375e-05 0.0001947 0.0001288 4.58e-05
31 0.00023885 0.00014365 0.0001018 0.00015955 0.00018795 0.00014175 0.00015935 0.00015665 9.515e-05 0.00015005 0.00015985 6.775e-05 0.0001491 0.000167 0.0001716 0.0001131 0.00014315 0.0001289 0.0001732 0.0001564 0.00012055 8.285e-05 0.0001929 0.00017935 8.105e-05 0.00023145 7.635e-05 0.00014685 0.00014565 0.00022385 0.00010895 0.0001224 0.00011325 8.84e-05 0.00014855 0.0001426 0.00015195 0.00015945 0.00023145 9.145e-05 0.0001126 8.47e-05 0.00017705 8.46e-05 0.00014915 0.0001734 0.00016495 0.0001564 0.00014615 0.00014915 0.00015085 9.515e-05 0.00010625 0.0001563 7.89e-05 0.00015915 0.0001595 0.00017645 8.38e-05 0.0001713 0.0001879 0.00016345 0.00011345 0.0001881 6.515e-05 0.00016405 0.0001562 0.00017235 8.105e-05 0.00010755 0.0002237 0.0002389 0.0001161 0.00022765 0.00013335 0.0002237 7.51e-05 0.00022405 9.305e-05 0.0001595 0.00013345 0.0002313 0.0001056 0.00011335 0.00019325 0.00011845 6.74e-05 6.795e-05 0.0001352 0.00012435 0.0001511 0.00024805 0.0002315 0.0001806 8.465e-05 7.495e-05 8.155e-05 0.0002009 0.00018685 8.885e-05
32 0.00018845 9.68e-05 9.605e-05 0.0001824 0.00018285 9.865e-05 0.0001596 0.0001587 0.000133 0.000127 0.00018235 0.00010805 0.00014455 0.0001607 0.00013415 8.485e-05 0.00014905 0.00015065 0.000136 0.00013585 0.0001019 0.00011555 0.0001775 0.00016445 9.345e-05 0.0001876 9.91e-05 0.00015065 9.615e-05 0.00018005 8.715e-05 0.00011325 0.0001695 0.00011035 0.000155 0.0001497 0.00015215 0.0001593 0.0001876 0.00011075 0.0001409 0.00011775 0.00013595 9.39e-05 0.0001446 0.00013615 0.00016485 0.0001358 0.0001295 0.0001446 0.0001502 0.00010155 8.55e-05 0.00013565 0.00012235 0.00015945 0.0001598 0.0001379 0.0001199 0.0001537 0.00013555 0.00013545 0.00010455 0.0001366 0.00011365 0.00015525 0.00015605 0.000154 0.0001042 0.00011065 0.00018645 0.0001885 0.00010865 0.00018645 8.72e-05 0.00018645 9.935e-05 0.0001867 0.0001329 0.00015945 8.73e-05 0.0001875 0.00011135 0.0001046 0.00017785 0.0001358 0.00010745 0.00010835 0.0001429 0.00012005 0.0001412 0.00019765 0.00018765 0.00013565 0.0001177 9.875e-05 9.365e-05 0.0001789 0.00015185 8.475e-05
33 0.0002291 0.0001292 0.000102 0.0001563 0.00018635 0.00012775 0.00016015 0.0001593 9.25e-05 0.0001355 0.00015625 8.275e-05 0.0001527 0.0001608 0.000176 0.0001102 0.0001573 0.0001175 0.0001776 0.0001605 0.0001016 8.145e-05 0.0001854 0.0001795 8.405e-05 0.0002288 7.94e-05 0.0001586 0.0001281 0.0002213 0.0001096 8.84e-05 0.00011035 0.0001503 0.0001636 0.00015835 0.00015285 0.0001599 0.00022875 7.605e-05 0.0001156 8.485e-05 0.0001776 8.485e-05 0.00015275 0.00017775 0.0001654 0.00016045 0.00013515 0.00015275 0.0001579 0.0001075 0.0001104 0.0001604 8.95e-05 0.00016005 0.00016035 0.0001773 9.43e-05 0.0001524 0.00017815 0.00016045 0.0001018 0.0001784 8.835e-05 0.0001561 0.00016415 0.00015425 9.58e-05 0.0001085 0.0002281 0.00022915 0.00010995 0.0002281 0.00012725 0.00022805 9.07e-05 0.00022835 9.27e-05 0.00016 0.00012735 0.0002286 0.00010965 0.00010235 0.0001857 0.0001102 8.195e-05 8.305e-05 0.0001512 0.0001103 0.0001549 0.0002308 0.0002288 0.0001779 8.48e-05 9.04e-05 8.495e-05 0.0001863 0.00017595 9.27e-05
34 0.0002186 0.0001818 0.000119 0.0002361 0.00017925 0.00019075 0.0001641 0.00014655 0.0002367 0.00018235 0.00023605 0.0001076 9.29e-05 0.00022765 9.115e-05 0.00015485 9.155e-05 0.00019215 9.145e-05 9.28e-05 0.0002254 0.0001637 0.00011965 0.0001635 9.315e-05 0.00015485 9.33e-05 0.0001451 0.0002267 0.0001549 0.00011865 0.00014855 0.000155 0.0001636 0.0001817 0.0001339 0.0001638 0.0001638 0.0001554 0.00018875 0.0001209 0.0001653 0.00010735 0.00011865 9.295e-05 9.155e-05 0.0001636 9.27e-05 0.0001464 9.295e-05 0.0001555 0.0001324 9.27e-05 9.27e-05 0.00016445 0.0001638 0.00016435 0.0001178 0.00011785 0.0002266 0.0002166 0.00015505 0.00016485 0.0002174 0.0001319 0.0001205 0.000155 0.00022705 9.235e-05 0.0001791 9.14e-05 0.00021865 0.0002263 0.0001078 0.00018015 9.185e-05 0.00010735 9.19e-05 0.00019155 0.000164 0.00018025 0.00015525 0.00013425 0.00016505 0.0001202 0.00012115 0.0001346 0.00010765 0.0001063 0.00023675 9.21e-05 0.0002276 0.00015545 0.000154 0.00016525 0.0001347 9.37e-05 0.00018365 0.0001451 9.35e-05
35 0.00017215 0.00016415 0.00014785 0.0001935 0.000162 0.00017975 0.00015975 0.00013995 0.00019435 0.0001646 0.00019345 0.000145 0.0001277 0.00018325 0.00013205 0.00014955 0.00012635 0.00017705 0.0001251 0.00012815 0.0001795 0.00015785 0.0001425 0.0001661 0.0001285 0.0001488 0.00012905 0.00014515 0.000181 0.00014855 0.00014805 0.0001426 0.0001497 0.00015835 0.0001339 0.000249 0.0001595 0.00015945 0.000149 0.00017825 0.0001432 0.0001621 0.0001289 0.0001484 0.00012775 0.0001252 0.0001665 0.00012805 0.00016335 0.00012775 0.00015 0.0001631 0.00012815 0.00012805 0.000161 0.0001594 0.00016 0.0001455 0.00014715 0.0001813 0.0001687 0.0001495 0.0001598 0.00017035 0.0001639 0.00014445 0.0001575 0.000181 0.00013655 0.00017705 0.0001253 0.0001722 0.0001813 0.00012935 0.0001672 0.0001255 0.0001457 0.0001257 0.0001746 0.00015965 0.0001673 0.00014885 0.00016025 0.0001618 0.0001431 0.0001452 0.00012565 0.00014545 0.000143 0.0001937 0.0001265 0.0001816 0.00014905 0.000147 0.00016205 0.00012745 0.0001302 0.0001665 0.00016285 0.00013055
36 0.00016795 0.00015295 0.00015405 0.00015795 0.00016965 0.00015345 0.00015835 0.0001591 0.00015095 0.00016085 0.00015825 0.00015245 0.00015985 0.00015945 0.0001559 0.000152 0.00015865 0.0001608 0.00015825 0.0001596 0.00015215 0.00015295 0.0001679 0.0001634 0.0001528 0.000167 0.00015295 0.00016055 0.0001515 0.00015915 0.0001537 0.00015195 0.00015215 0.00015285 0.0001638 0.0001595 0.0003006 0.0001584 0.00016705 0.00015275 0.0001619 0.00015225 0.0001583 0.0001532 0.0001599 0.0001585 0.00016355 0.00015965 0.0001628 0.0001599 0.0001599 0.0001525 0.00015225 0.0001595 0.0001513 0.000158 0.00015845 0.00016015 0.0001593 0.0001607 0.00015865 0.0001596 0.00015215 0.0001594 0.00015125 0.00016155 0.000165 0.00015935 0.00015745 0.00015145 0.00016575 0.000168 0.00015075 0.0001659 0.0001527 0.0001658 0.00015205 0.00016615 0.0001529 0.00015845 0.0001528 0.0001669 0.00015295 0.0001521 0.00016835 0.00016215 0.00015295 0.00015235 0.00015075 0.00015135 0.000159 0.00016695 0.0001671 0.00015845 0.0001522 0.00015305 0.00015335 0.0001695 0.0001608 0.00015315
