 slim_337485154 slim_337485244 slim_337485308 slim_337485340 slim_337485177 slim_337485263 slim_337485189 slim_337485294 slim_337485275 slim_337485215 slim_337485342 slim_337485354 slim_337485314 slim_337485363 slim_337485136 slim_337485357 slim_337485350 slim_337485142 slim_337485134 slim_337485337 slim_337485295 slim_337485216 slim_337485371 slim_337485273 slim_337485356 slim_337485317 slim_337485231 slim_337485344 slim_337485368 slim_337485106 slim_337485105 slim_337485329 slim_337485026 slim_337485280 slim_337485047 slim_337485249 slim_337485310 slim_337485328 slim_337485293 slim_337484741 slim_337485358 slim_337485305 slim_337485351 slim_337485335 slim_337485185 slim_337485289 slim_337485246 slim_337485364 slim_337485266 slim_337485291 slim_337485327 slim_337485309 slim_337485365 slim_337485362 slim_337485270 slim_337485316 slim_337485330 slim_337485323 slim_337485018 slim_337485366 slim_337485347 slim_337485212 slim_337485307 slim_337485306 slim_337485304 slim_337485320 slim_337485339 slim_337485348 slim_337485267 slim_337485247 slim_337485241 slim_337485259 slim_337485349 slim_337485346 slim_337485322 slim_337485372 slim_337485336 slim_337485359 slim_337485300 slim_337485321 slim_337485158 slim_337485240 slim_337485325 slim_337485199 slim_337485324 slim_337485355 slim_337485341 slim_337485360 slim_337485169 slim_337485277 slim_337485088 slim_337485332 slim_337485369 slim_337485370 slim_337485265 slim_337485367 slim_337485253 slim_337485333 slim_337485262 slim_337485250
0 0.000827 0.00041895 0.00055725 0.00041595 0.00045515 0.0004222 0.00047445 0.0004714 0.00042605 0.0004162 0.0004183 0.0005082 0.0004562 0.00045035 0.0004787 0.00041505 0.00042165 0.00049435 0.0004545 0.00045445 0.00045485 0.000482 0.00047145 0.00045615 0.0004658 0.00042165 0.00045465 0.00045765 0.00054055 0.00041535 0.00056725 0.00047815 0.00042575 0.0006204 0.00045515 0.00048735 0.0004683 0.00053185 0.0004726 0.0004591 0.0004253 0.00056575 0.0004262 0.0004258 0.00044795 0.00043985 0.00056775 0.0004549 0.00047865 0.00041755 0.0004186 0.00047825 0.00047915 0.0005575 0.00061 0.00045395 0.0004501 0.00048325 0.0004553 0.00041825 0.0004941 0.0005574 0.000494 0.00041485 0.00046885 0.0004653 0.0005318 0.0004966 0.0005673 0.00059715 0.0004874 0.0004157 0.0004181 0.00047865 0.00048195 0.00041895 0.00055685 0.00051075 0.00050775 0.0004548 0.0004256 0.00046805 0.00041525 0.0005076 0.0004682 0.0004554 0.0004391 0.00042575 0.00045855 0.00055675 0.00041735 0.0005161 0.000557 0.00047345 0.00053935 0.0004783 0.0004183 0.0004562 0.00042555 0.0004257
1 0.00041895 0.0003923 0.00042955 0.0002592 0.00029605 0.0002259 0.0005893 0.0004073 0.0004587 0.0002204 0.0002257 0.0003728 0.00026305 0.00053805 0.0004386 0.00030685 0.0002552 0.0003654 0.0003735 0.00032455 0.00032535 0.0004333 0.00040735 0.00029255 0.00049905 0.0002552 0.0006794 0.00034365 0.0005091 0.00025565 0.0006321 0.0005213 0.00046235 0.00064175 0.00032475 0.0003569 0.0004077 0.0005907 0.00039775 0.0002631 0.0005119 0.0004904 0.0004584 0.00045845 0.0005529 0.0002785 0.0006324 0.00032505 0.00043855 0.0003069 0.00025555 0.0004714 0.0004391 0.00045855 0.00061085 0.00040745 0.0002571 0.0005459 0.00029255 0.0002561 0.0003944 0.000429 0.0003943 0.0003382 0.0004074 0.000528 0.00059065 0.00051135 0.00063235 0.0004664 0.00035715 0.0003378 0.0002257 0.00043815 0.00043325 0.00025535 0.0004293 0.0003776 0.000477 0.00029265 0.00047035 0.00033565 0.0002557 0.00047685 0.0004074 0.00029265 0.0003122 0.0004586 0.00034555 0.0004292 0.0003382 0.0005779 0.00045785 0.00031605 0.00040245 0.00052125 0.00025505 0.0002926 0.0004583 0.00045835
2 0.00055725 0.00042955 0.0007324 0.00038065 0.00039915 0.00043155 0.0006203 0.000492 0.00056435 0.00036865 0.0004492 0.00042675 0.0003861 0.00064815 0.0004972 0.00050475 0.00048995 0.00043205 0.0005215 0.0004003 0.00039945 0.00055875 0.00049205 0.0003859 0.0005968 0.00048995 0.00069925 0.00048635 0.0004312 0.0003666 0.0005639 0.00055105 0.00057695 0.0004975 0.00040035 0.00036855 0.0004305 0.00056065 0.0004704 0.0004462 0.00061775 0.00042965 0.00056515 0.00056535 0.0006682 0.0003893 0.00056415 0.00039905 0.00049715 0.00056525 0.0004297 0.00051095 0.00049725 0.0003682 0.0004308 0.00045315 0.0003878 0.00055145 0.00038485 0.00042875 0.00043205 0.0003676 0.00043195 0.0004203 0.00043125 0.0005968 0.0005606 0.00056805 0.0005641 0.0003848 0.0003676 0.00042105 0.00042935 0.00051775 0.0005587 0.00042925 0.00036685 0.0003886 0.0004629 0.0003868 0.00057085 0.00040855 0.00036715 0.00046275 0.0004314 0.00038495 0.0004504 0.0005643 0.0004994 0.00036675 0.00048245 0.00051965 0.00036705 0.00046055 0.00042915 0.000551 0.0004296 0.00038595 0.00056515 0.00056525
3 0.00041595 0.0002592 0.00038065 0.0001973 0.0002532 0.0002699 0.0005701 0.0004406 0.0004599 9.93e-05 0.0003452 0.00040155 0.00025305 0.00060415 0.0004495 0.0003373 0.00041875 0.00029615 0.00049035 0.00025325 0.00025365 0.0005024 0.00044065 0.0002525 0.00050245 0.00041875 0.0006449 0.0004055 0.0003921 0.00021055 0.00062575 0.00047295 0.00040395 0.0006251 0.00019745 0.0002658 0.0003368 0.0005755 0.00037455 0.0003565 0.00048315 0.00043355 0.00040015 0.00045605 0.0005758 0.00029725 0.0006298 0.0002533 0.00044945 0.0004968 0.000259 0.00039395 0.00044975 0.00033035 0.0005124 0.00027675 0.00021175 0.00046805 0.00030835 0.00031515 0.0002963 0.00032455 0.0002962 0.00023385 0.00028065 0.0004988 0.00057545 0.0005705 0.00063 0.0004784 0.0002659 0.0001777 0.0003145 0.00047985 0.00050235 0.000259 0.0003807 0.00034975 0.00037945 0.0003095 0.00040405 0.00030365 0.0002109 0.0003793 0.00033665 0.00030845 0.00032635 0.00045605 0.0003795 0.0003806 0.00033825 0.0004806 0.00038065 0.0003738 0.000458 0.0004729 0.0003146 0.00025255 0.0004599 0.00045595
4 0.00045515 0.00029605 0.00039915 0.0002532 0.0005023 0.0002981 0.0005558 0.00043345 0.00046485 0.00025495 0.00029595 0.00026605 0.0002543 0.0005295 0.0004509 0.00037745 0.0003367 0.00025175 0.0003762 0.00025285 0.000252 0.00049345 0.0004335 0.00025415 0.00046445 0.0003367 0.00064355 0.00034265 0.0005033 0.00025155 0.00061195 0.0005306 0.00046435 0.0005987 0.0002536 0.000365 0.00039105 0.00058995 0.0003321 0.0002954 0.0005441 0.0005211 0.00046635 0.00046585 0.0005966 0.0002834 0.0006122 0.0002517 0.00045085 0.0004182 0.00029625 0.0004516 0.00045095 0.00040135 0.00053885 0.00033155 0.0002734 0.0004478 0.0002524 0.0002946 0.0002522 0.0004008 0.0002521 0.0003311 0.0003925 0.0004649 0.0005899 0.0005309 0.00061215 0.0003999 0.00036405 0.00033255 0.0002952 0.00045235 0.0004934 0.0002958 0.00039935 0.00039215 0.00039105 0.00025235 0.0004656 0.00026525 0.0002521 0.0003909 0.00039195 0.0002525 0.0003246 0.0004648 0.00037445 0.00039925 0.00037415 0.00055995 0.00039955 0.0003353 0.0004157 0.00053055 0.00029545 0.0002542 0.00046565 0.00046575
5 0.0004222 0.0002259 0.00043155 0.0002699 0.0002981 0.0004269 0.00058405 0.00037765 0.0004323 0.00023745 0.00022565 0.0003376 0.0002663 0.000504 0.0004122 0.0003107 0.00021435 0.0003592 0.0003389 0.000298 0.0002984 0.0004008 0.0003777 0.000266 0.0004933 0.00021435 0.0006465 0.00033445 0.00052055 0.00023705 0.0006265 0.0005244 0.000465 0.00060695 0.0002982 0.00036805 0.0003895 0.0005646 0.00036305 0.0002539 0.0005442 0.0004905 0.00043255 0.00043255 0.00054775 0.00024935 0.0006266 0.0002981 0.00041215 0.0002988 0.0002263 0.0004454 0.0004126 0.00043195 0.00058425 0.0004101 0.00026025 0.0005113 0.0002657 0.00022645 0.0003592 0.0004314 0.0003591 0.0003491 0.0003895 0.00049345 0.00056455 0.0004771 0.0006267 0.00046015 0.000368 0.000349 0.00022535 0.00041215 0.00040075 0.0002263 0.0004314 0.0003774 0.00045045 0.0002657 0.00044445 0.0003087 0.0002372 0.0004503 0.0003895 0.0002658 0.00028245 0.0004324 0.0003659 0.0004313 0.00033815 0.0005813 0.00043145 0.0002782 0.00039355 0.00052435 0.0002254 0.00026605 0.00043235 0.00043245
6 0.00047445 0.0005893 0.0006203 0.0005701 0.0005558 0.00058405 0.0005867 0.00053805 0.00048015 0.0006025 0.00060495 0.00053315 0.00058945 0.00043455 0.00055155 0.00058665 0.0005761 0.00045625 0.0005731 0.0005557 0.00055575 0.0004895 0.0005381 0.0005906 0.0003808 0.0005761 0.0003248 0.00046785 0.0005629 0.0006551 0.00043915 0.00041345 0.0004196 0.00052175 0.00053045 0.0006406 0.0005777 0.00047405 0.00052335 0.00054935 0.00034155 0.0005927 0.0004491 0.0004746 0.00039765 0.0006155 0.00044515 0.0005556 0.0005515 0.00057325 0.0005904 0.00049135 0.0005519 0.00060035 0.0005479 0.00041715 0.00062605 0.00038785 0.00061545 0.00061565 0.00045605 0.00059505 0.00045595 0.0005168 0.00055255 0.0003748 0.000474 0.0005192 0.00044475 0.0005806 0.0006404 0.0004919 0.0006156 0.0005409 0.00048945 0.00059045 0.0006202 0.0006001 0.0004781 0.0006159 0.0004409 0.0005727 0.0006553 0.00047795 0.00057785 0.00061555 0.0005747 0.00047435 0.0004107 0.0006201 0.00047705 0.0004727 0.0006204 0.0005994 0.0005613 0.00041335 0.00061585 0.00059065 0.00047985 0.00047455
7 0.0004714 0.0004073 0.000492 0.0004406 0.00043345 0.00037765 0.00053805 0.0005147 0.0003751 0.00047425 0.00030635 0.0003614 0.00042865 0.00045345 0.0003086 0.00045645 0.00025805 0.00052425 0.0003863 0.00038735 0.0003878 0.0003628 0.0002574 0.00036535 0.0005117 0.00025805 0.00048955 0.0004213 0.00042065 0.0002968 0.00057505 0.0004247 0.00048105 0.0004351 0.0004251 0.00044015 0.0002773 0.0002889 0.0004599 0.0004088 0.0005308 0.0004963 0.00041765 0.00038015 0.00057145 0.00031155 0.0005701 0.00038765 0.00030855 0.00036525 0.0003152 0.00036905 0.00030895 0.00046095 0.0004037 0.00050345 0.0004251 0.00050215 0.0003276 0.00027785 0.00047845 0.00052935 0.00047835 0.00041275 0.00031475 0.0004711 0.00028885 0.00038075 0.00057 0.00052275 0.00044035 0.00045005 0.00030945 0.0003083 0.00036275 0.0003152 0.0004919 0.00045425 0.00036795 0.00032735 0.0004355 0.0003305 0.000297 0.0003679 0.00027695 0.0003277 0.0002771 0.00038025 0.00052465 0.0004918 0.0003935 0.0005549 0.00046355 0.00030485 0.00046 0.00042465 0.00027695 0.0003654 0.0003747 0.00038005
8 0.00042605 0.0004587 0.00056435 0.0004599 0.00046485 0.0004323 0.00048015 0.0003751 0.0006545 0.00050015 0.000361 0.0004142 0.00046635 0.00035795 0.00038175 0.00042665 0.00033435 0.00055605 0.0003683 0.0004194 0.0004193 0.00045855 0.00037515 0.0004028 0.0004645 0.00033435 0.00034605 0.0004681 0.00054025 0.0003277 0.00056945 0.00048 0.00042525 0.0005502 0.0004538 0.0004968 0.00037165 0.00042595 0.00043695 0.00046885 0.00046535 0.00060115 0.0003683 0.000334 0.0004435 0.0003551 0.00056385 0.0004191 0.00038175 0.00036095 0.00036645 0.00043375 0.00038235 0.00053085 0.00054005 0.00051685 0.0004608 0.00043765 0.0003676 0.0003319 0.0005103 0.0005988 0.0005102 0.00042575 0.0004065 0.0004246 0.0004259 0.00039985 0.0005642 0.00060425 0.00049605 0.0004604 0.00036415 0.0003825 0.0004585 0.00036595 0.00056395 0.00052205 0.00046295 0.00036845 0.00037935 0.00037405 0.00032755 0.0004628 0.0003723 0.00036775 0.00034505 0.0003332 0.0005665 0.00056385 0.00042945 0.00051485 0.0005355 0.0003799 0.0005484 0.00047995 0.00033175 0.00040285 0.0003285 0.0003339
9 0.0004162 0.0002204 0.00036865 9.93e-05 0.00025495 0.00023745 0.0006025 0.00047425 0.00050015 4.96e-05 0.000347 0.00043915 0.0002194 0.00064285 0.0004832 0.00030315 0.0004264 0.0003129 0.0004975 0.00027545 0.0002768 0.000497 0.0004743 0.0002589 0.00053675 0.0004264 0.0007177 0.0004069 0.0004049 0.0002183 0.0006447 0.00049995 0.0004382 0.000678 0.0002191 0.00025225 0.0003702 0.00063535 0.0003973 0.00032415 0.00050065 0.0004394 0.00043765 0.00049425 0.00057605 0.0003038 0.0006503 0.0002765 0.00048315 0.0004988 0.00026515 0.00044245 0.0004839 0.00035575 0.000565 0.00029275 0.00017815 0.0005234 0.0003158 0.0003228 0.00033445 0.000311 0.00033435 0.0002349 0.000313 0.00055295 0.0006353 0.00060425 0.0006501 0.0004661 0.00025285 0.0001776 0.00031295 0.00051305 0.00049695 0.0002652 0.0003682 0.00033655 0.0004283 0.00031715 0.00043805 0.00034125 0.00021815 0.00042815 0.00036955 0.0003159 0.00036015 0.00049475 0.0003407 0.0003681 0.00033875 0.0004999 0.0003727 0.0003895 0.00044535 0.0004999 0.0003216 0.00025895 0.00049925 0.00049415
10 0.0004183 0.0002257 0.0004492 0.0003452 0.00029595 0.00022565 0.00060495 0.00030635 0.000361 0.000347 0.0002082 0.00024395 0.00026535 0.00041595 0.00033805 0.00030755 0.00010495 0.00040845 0.00022535 0.0002783 0.00027965 0.00039245 0.0003064 0.000231 0.0004901 0.00010495 0.0005928 0.0003126 0.0005586 0.0001668 0.00064845 0.0005394 0.00048365 0.00058145 0.0003352 0.00038685 0.00033765 0.00050895 0.0003412 0.0002344 0.00057285 0.0005417 0.00042245 0.00036575 0.0005638 0.0001789 0.0006432 0.00027935 0.000338 0.000186 0.0001924 0.00044385 0.00033855 0.0004661 0.00058105 0.0004804 0.0002881 0.0005113 0.00017485 0.0001368 0.00039185 0.0005048 0.00039175 0.000368 0.0003935 0.000479 0.0005089 0.00039995 0.00064345 0.0004572 0.00038765 0.00042375 0.00013805 0.0003065 0.0003924 0.0001922 0.00044895 0.0003973 0.0004501 0.0001739 0.00044585 0.00023565 0.00016685 0.00044995 0.0003368 0.00017495 0.0002116 0.00036645 0.0004355 0.00044885 0.00033755 0.0006197 0.000449 0.00021535 0.0003912 0.00053935 0.0001347 0.00023105 0.00036035 0.00036565
11 0.0005082 0.0003728 0.00042675 0.00040155 0.00026605 0.0003376 0.00053315 0.0003614 0.0004142 0.00043915 0.00024395 0.0001313 0.00026455 0.0004017 0.000388 0.00042785 0.0002238 0.0002262 0.00022895 0.00022115 0.00022035 0.00044345 0.00036145 0.0002014 0.0004201 0.0002238 0.00056215 0.00029595 0.0005903 0.0002601 0.0005854 0.00057025 0.00051665 0.0004859 0.00025865 0.00047195 0.0003796 0.0005073 0.00025885 0.0002454 0.0006359 0.0005969 0.00045745 0.00042025 0.00060445 0.0002346 0.0005806 0.00022025 0.00038795 0.00033725 0.0002806 0.0004455 0.00038825 0.00039665 0.0004775 0.00040225 0.00034445 0.0003728 0.00016295 0.00024225 0.00018035 0.00046505 0.00018025 0.0004422 0.00041795 0.0003793 0.00050725 0.00042645 0.00058035 0.00032935 0.000471 0.0004805 0.0002754 0.0003606 0.0004434 0.0002802 0.0004267 0.0004422 0.0003396 0.00016365 0.00047175 0.00016295 0.0002604 0.00033945 0.0003805 0.00016305 0.00025865 0.0004192 0.000427 0.0004266 0.00042415 0.00062355 0.0003985 0.0002322 0.0003825 0.0005702 0.00024315 0.00020145 0.0004148 0.00042015
12 0.0004562 0.00026305 0.0003861 0.00025305 0.0002543 0.0002663 0.00058945 0.00042865 0.00046635 0.0002194 0.00026535 0.00026455 0.0004383 0.0005322 0.00044625 0.00034415 0.0003068 0.00028885 0.00034415 0.0002543 0.00025445 0.0004901 0.0004287 0.00021955 0.000501 0.0003068 0.00067715 0.00034595 0.00051585 0.0002196 0.00063235 0.0005584 0.00049945 0.0006128 0.0002543 0.000351 0.000385 0.00061165 0.0003336 0.00026295 0.00057815 0.0005278 0.0004665 0.00046675 0.00059675 0.00025005 0.0006326 0.0002542 0.0004462 0.0003881 0.00026375 0.0004794 0.0004467 0.00038635 0.00055155 0.00036605 0.0002393 0.00048205 0.00021935 0.00026385 0.0002887 0.00038595 0.0002886 0.0003316 0.0003851 0.00050085 0.0006116 0.0005257 0.00063255 0.0003856 0.00035065 0.00033165 0.0002635 0.0004482 0.00049005 0.0002633 0.00038585 0.00037815 0.00041945 0.0002219 0.00047835 0.00026475 0.0002197 0.0004193 0.0003853 0.00021945 0.00032005 0.0004663 0.00037465 0.00038575 0.00037545 0.00057835 0.000386 0.00031255 0.00040305 0.00055835 0.0002637 0.0002196 0.00046655 0.00046665
13 0.00045035 0.00053805 0.00064815 0.00060415 0.0005295 0.000504 0.00043455 0.00045345 0.00035795 0.00064285 0.00041595 0.0004017 0.0005322 0.000467 0.000452 0.00045085 0.0003507 0.00053175 0.0003157 0.0004842 0.0004839 0.0004545 0.0004535 0.00047025 0.000406 0.0003507 0.00029045 0.00046425 0.0006818 0.0004814 0.0005239 0.00054465 0.0004494 0.00055555 0.0005145 0.0006451 0.00051875 0.0004893 0.0003956 0.00046605 0.00049 0.0006803 0.00038825 0.0003582 0.00036245 0.00044505 0.0005245 0.0004837 0.00045195 0.00032185 0.0004471 0.00049815 0.0004524 0.0006159 0.0006223 0.00057605 0.00058635 0.00039585 0.00043915 0.00041645 0.00048595 0.0006788 0.00048585 0.0005739 0.00054955 0.0003598 0.00048925 0.00036385 0.00052425 0.00060585 0.0006445 0.0006045 0.00044905 0.00042265 0.00045445 0.00044665 0.000648 0.00060685 0.00052095 0.00043825 0.0004041 0.00044385 0.00048155 0.00052085 0.0005193 0.00043925 0.00042975 0.00035755 0.0005583 0.0006479 0.0005086 0.0005567 0.00061985 0.0004419 0.0005636 0.0005446 0.00041685 0.0004703 0.0003582 0.00035815
14 0.0004787 0.0004386 0.0004972 0.0004495 0.0004509 0.0004122 0.00055155 0.0003086 0.00038175 0.0004832 0.00033805 0.000388 0.00044625 0.000452 0.0006082 0.0004639 0.0003113 0.0005512 0.0004024 0.0004057 0.00040515 0.00038155 0.00030865 0.0003831 0.00052815 0.0003113 0.00047675 0.0004619 0.0004491 0.0003045 0.0005791 0.00042105 0.00048815 0.00042835 0.0004432 0.00044935 0.00030505 0.00030495 0.00046345 0.0004486 0.00053795 0.0005272 0.00042505 0.00038785 0.00055875 0.0003313 0.0005743 0.0004051 0.0003043 0.00039505 0.0003464 0.0003655 0.00030485 0.0004668 0.00042905 0.00052125 0.0004406 0.0004999 0.0003444 0.0003083 0.0005054 0.0005352 0.0005053 0.00042105 0.0003434 0.0004874 0.000305 0.00036285 0.00057405 0.0005371 0.00044835 0.00045925 0.0003412 0.0003054 0.0003815 0.00034595 0.00049685 0.00047395 0.00040555 0.00034485 0.0004429 0.00034785 0.0003044 0.0004054 0.00030595 0.00034455 0.0003075 0.0003868 0.00056465 0.00049675 0.0004244 0.0005435 0.00046865 0.0003423 0.0005008 0.0004209 0.00030895 0.00038315 0.0003824 0.00038775
15 0.00041505 0.00030685 0.00050475 0.0003373 0.00037745 0.0003107 0.00058665 0.00045645 0.00042665 0.00030315 0.00030755 0.00042785 0.00034415 0.00045085 0.0004639 0.0006058 0.0003111 0.0004495 0.00034395 0.0003766 0.0003774 0.00046695 0.0004565 0.0003447 0.0004991 0.0003111 0.00056615 0.0004283 0.00058365 0.00030495 0.00062575 0.00057535 0.00045905 0.00066355 0.00037655 0.00043485 0.0004535 0.00061255 0.00039495 0.0003477 0.0005377 0.0005713 0.00042575 0.0004261 0.00046895 0.00032945 0.00062625 0.00037725 0.00046385 0.00030695 0.0003071 0.00049615 0.00046445 0.0005041 0.00065315 0.0004882 0.000338 0.0005166 0.0003449 0.0003079 0.0004493 0.00050395 0.0004492 0.00041625 0.000453 0.00049865 0.0006125 0.0004817 0.0006258 0.00054465 0.0004352 0.0004156 0.00030735 0.00046355 0.0004669 0.0003075 0.00050445 0.00045815 0.0005257 0.00034445 0.00043775 0.00038765 0.00030495 0.00052555 0.0004531 0.000345 0.00036435 0.00042635 0.00045885 0.00050435 0.0004187 0.0005746 0.0005046 0.0003711 0.0004869 0.0005753 0.00030755 0.00034475 0.00042585 0.000426
16 0.00042165 0.0002552 0.00048995 0.00041875 0.0003367 0.00021435 0.0005761 0.00025805 0.00033435 0.0004264 0.00010495 0.0002238 0.0003068 0.0003507 0.0003113 0.0003111 2.6e-06 0.0004178 0.00016695 0.00029135 0.00029125 0.00029765 0.0002581 0.00024335 0.00046105 1.4e-06 0.00055855 0.00028035 0.00061325 0.00020995 0.00061945 0.0005425 0.0004863 0.00052315 0.0003479 0.00046135 0.00036245 0.0004637 0.00031555 0.00020165 0.0006052 0.00054155 0.0003968 0.00034045 0.0005294 0.00017115 0.00061415 0.00029095 0.00031125 0.00011565 0.0001636 0.000418 0.00031165 0.0004788 0.0005743 0.000522 0.0003365 0.00048605 0.00018625 0.0001069 0.00037205 0.00054665 0.00037195 0.000441 0.00041925 0.00042085 0.00046365 0.0003358 0.0006144 0.0004662 0.00046075 0.00049765 0.0001387 0.00028105 0.0002976 0.0001627 0.00048985 0.0004186 0.00044335 0.00018565 0.0004201 0.0002474 0.00021015 0.0004432 0.0003629 0.00018635 0.0001816 0.00033985 0.0004325 0.00048975 0.00033765 0.00065585 0.0004615 0.0001602 0.0003594 0.00054245 0.00010625 0.0002434 0.000335 0.00034035
17 0.00049435 0.0003654 0.00043205 0.00029615 0.00025175 0.0003592 0.00045625 0.00052425 0.00055605 0.0003129 0.00040845 0.0002262 0.00028885 0.00053175 0.0005512 0.0004495 0.0004178 9.36e-05 0.0004248 0.0002525 0.0002521 0.00046305 0.0005243 0.00030625 0.00035105 0.0004178 0.0006509 0.0002807 0.00056285 0.0004567 0.0005254 0.0005246 0.0004492 0.00054925 0.00019755 0.0004762 0.0005439 0.00063825 0.00029115 0.0002682 0.00052895 0.0005001 0.0004959 0.00055115 0.00057345 0.0004309 0.0005312 0.00025195 0.00055115 0.00050165 0.0003828 0.0004453 0.0005515 0.00040055 0.00054195 0.0002251 0.0003673 0.0003512 0.0003604 0.0004373 4.7e-05 0.00037755 4.71e-05 0.00042995 0.00048945 0.0003457 0.0006382 0.00059025 0.0005308 0.0003357 0.0004756 0.0003754 0.00043765 0.00052235 0.000463 0.00038285 0.000432 0.00044705 0.00033905 0.0003583 0.0004712 0.0003224 0.00045695 0.0003389 0.00054445 0.0003605 0.00042185 0.00055045 0.000241 0.0004319 0.0004103 0.00057525 0.0004322 0.0004135 0.0003863 0.00052455 0.0004379 0.0003063 0.00055615 0.00055105
18 0.0004545 0.0003735 0.0005215 0.00049035 0.0003762 0.0003389 0.0005731 0.0003863 0.0003683 0.0004975 0.00022535 0.00022895 0.00034415 0.0003157 0.0004024 0.00034395 0.00016695 0.0004248 0.000332 0.0003309 0.00033055 0.00043535 0.00038635 0.000281 0.0004627 0.00016695 0.00050105 0.0003668 0.0006942 0.00028175 0.00061275 0.00063325 0.00051965 0.00057375 0.00038715 0.0005329 0.00044375 0.0005643 0.0003067 0.0002858 0.0006386 0.00065925 0.00043005 0.0003741 0.00048895 0.00025115 0.00060785 0.0003304 0.00040235 0.0001957 0.0002811 0.00050855 0.00040275 0.00051005 0.0006151 0.00056095 0.00039915 0.0004507 0.00022395 0.00022445 0.000379 0.00057815 0.0003789 0.00051245 0.0005005 0.00042205 0.00056425 0.0003786 0.00060755 0.00046365 0.0005323 0.00056905 0.00025735 0.00037415 0.0004353 0.000281 0.0005214 0.00049905 0.0004923 0.0002247 0.0004535 0.00028665 0.00028195 0.00049215 0.0004443 0.00022405 0.0002997 0.0003734 0.00051615 0.0005213 0.00045485 0.00065265 0.0004932 0.0002696 0.0004439 0.0006332 0.0002251 0.00028105 0.0003686 0.000374
19 0.00045445 0.00032455 0.0004003 0.00025325 0.00025285 0.000298 0.0005557 0.00038735 0.0004194 0.00027545 0.0002783 0.00022115 0.0002543 0.0004842 0.0004057 0.0003766 0.00029135 0.0002525 0.0003309 0.0004119 0.00020715 0.00046965 0.0003874 0.0002084 0.00046505 0.00029135 0.0005976 0.00034235 0.00050265 0.00020715 0.00061225 0.0005302 0.00046505 0.0005533 0.0002072 0.00036365 0.00034555 0.00054415 0.0002868 0.00029625 0.0005835 0.00052085 0.00041995 0.00041905 0.00059645 0.0002372 0.00061235 0.0002068 0.00040565 0.00040145 0.0002499 0.0004054 0.0004062 0.00035515 0.00049315 0.00033105 0.0002728 0.0004021 0.00020775 0.0002498 0.00020645 0.0004004 0.00020635 0.0003315 0.0003459 0.00041915 0.0005441 0.00048575 0.0006124 0.00040085 0.0003642 0.00033175 0.0002809 0.00040565 0.0004696 0.00024995 0.00040005 0.00039185 0.0003451 0.00020735 0.00041915 0.0002203 0.0002072 0.00034495 0.00034495 0.00020785 0.00027945 0.0004195 0.00042035 0.00039995 0.0003737 0.0005595 0.0003717 0.0002899 0.0004154 0.00053015 0.00024845 0.00020845 0.0004188 0.00041895
20 0.00045485 0.00032535 0.00039945 0.00025365 0.000252 0.0002984 0.00055575 0.0003878 0.0004193 0.0002768 0.00027965 0.00022035 0.00025445 0.0004839 0.00040515 0.0003774 0.00029125 0.0002521 0.00033055 0.00020715 0.0004114 0.0004695 0.00038785 0.0002087 0.0004652 0.00029125 0.00059795 0.0003426 0.00050315 0.000206 0.0006121 0.0005303 0.0004646 0.00055285 0.00020775 0.00036525 0.0003453 0.0005441 0.00028645 0.0002957 0.0005838 0.00052095 0.00042055 0.00042025 0.00059695 0.00023725 0.0006125 0.000206 0.0004051 0.0004017 0.0002506 0.0004057 0.00040495 0.0003557 0.000493 0.0003309 0.0002734 0.0004018 0.00020685 0.0002486 0.0002061 0.0004011 0.00020595 0.0003309 0.00034685 0.00041905 0.00054405 0.0004853 0.00061225 0.0004002 0.0003642 0.0003327 0.00028225 0.0004067 0.00046945 0.00025015 0.00039955 0.00039225 0.00034515 0.0002062 0.0004199 0.0002195 0.00020645 0.000345 0.0003463 0.00020695 0.00027885 0.0004191 0.0004203 0.00039945 0.00037375 0.00055985 0.00037135 0.0002895 0.00041605 0.00053015 0.00025 0.00020875 0.00042 0.00042015
21 0.000482 0.0004333 0.00055875 0.0005024 0.00049345 0.0004008 0.0004895 0.0003628 0.00045855 0.000497 0.00039245 0.00044345 0.0004901 0.0004545 0.00038155 0.00046695 0.00029765 0.00046305 0.00043535 0.00046965 0.0004695 0.0005259 0.00036285 0.00046605 0.0004522 0.00029765 0.00051655 0.00040005 0.00051745 0.00049975 0.0005168 0.0004077 0.0004738 0.0004162 0.00045605 0.0005535 0.0004641 0.00034575 0.00047945 0.00038805 0.00050825 0.00048115 0.00044475 0.00045865 0.00049615 0.0004622 0.00051735 0.00046935 0.0003815 0.00037885 0.00038545 0.0003736 0.00038165 0.0005213 0.00049875 0.00049525 0.0005194 0.0004981 0.0004791 0.00039885 0.00043895 0.00054535 0.00043885 0.00052575 0.00045075 0.0004278 0.0003457 0.0003915 0.00051695 0.00053805 0.00055315 0.0005123 0.00042285 0.00035135 0.000263 0.00038545 0.0005587 0.00051455 0.0004336 0.0004776 0.00045055 0.000464 0.0005 0.00043345 0.0004644 0.0004792 0.00038145 0.0004582 0.00041375 0.0005586 0.0004246 0.000582 0.00053485 0.00039045 0.00045785 0.00040765 0.00039905 0.0004661 0.0004584 0.00045855
22 0.00047145 0.00040735 0.00049205 0.00044065 0.0004335 0.0003777 0.0005381 0.0002574 0.00037515 0.0004743 0.0003064 0.00036145 0.0004287 0.0004535 0.00030865 0.0004565 0.0002581 0.0005243 0.00038635 0.0003874 0.00038785 0.00036285 0.0005148 0.0003654 0.00051175 0.0002581 0.0004896 0.00042135 0.0004207 0.00029685 0.0005751 0.00042475 0.0004811 0.00043515 0.00042515 0.0004402 0.00027735 0.0002889 0.00045995 0.00040885 0.00053085 0.00049635 0.0004177 0.0003802 0.0005715 0.0003116 0.00057015 0.0003877 0.0003086 0.0003653 0.00031525 0.0003691 0.000309 0.000461 0.0004037 0.0005035 0.00042515 0.0005022 0.00032765 0.0002779 0.0004785 0.0005294 0.0004784 0.0004128 0.0003148 0.00047115 0.00028885 0.0003808 0.00057005 0.0005228 0.0004404 0.0004501 0.0003095 0.00030835 0.0003628 0.00031525 0.00049195 0.0004543 0.00036795 0.0003274 0.00043555 0.00033055 0.00029705 0.00036795 0.000277 0.00032775 0.00027715 0.0003803 0.0005247 0.00049185 0.00039355 0.00055495 0.0004636 0.0003049 0.00046005 0.0004247 0.000277 0.00036545 0.00037475 0.0003801
23 0.00045615 0.00029255 0.0003859 0.0002525 0.00025415 0.000266 0.0005906 0.00036535 0.0004028 0.0002589 0.000231 0.0002014 0.00021955 0.00047025 0.0003831 0.0003447 0.00024335 0.00030625 0.000281 0.0002084 0.0002087 0.00046605 0.0003654 0.0003117 0.0005006 0.00024335 0.00061375 0.0003456 0.000516 0.0001563 0.0006335 0.00055835 0.00049945 0.00054975 0.00020815 0.00035065 0.00032185 0.00054865 0.00028785 0.0002628 0.0006178 0.0005279 0.0004043 0.00040465 0.0005963 0.00018705 0.00063215 0.00020845 0.00038305 0.00035405 0.0002002 0.0004338 0.00038355 0.00032275 0.0004885 0.0003834 0.0002396 0.00043645 0.00015605 0.0002007 0.0002605 0.00038535 0.0002604 0.0003314 0.00032155 0.00045645 0.0005486 0.00046255 0.0006325 0.0003854 0.00035045 0.00033105 0.0002325 0.0003849 0.000466 0.00019975 0.00038565 0.0003781 0.00037385 0.00015875 0.00043225 0.0002016 0.0001564 0.0003737 0.000322 0.00015615 0.0002569 0.00040435 0.0004376 0.00038555 0.0003754 0.0005785 0.0003572 0.0002493 0.0004027 0.0005583 0.0002001 0.0001559 0.00040325 0.00040455
24 0.0004658 0.00049905 0.0005968 0.00050245 0.00046445 0.0004933 0.0003808 0.0005117 0.0004645 0.00053675 0.0004901 0.0004201 0.000501 0.000406 0.00052815 0.0004991 0.00046105 0.00035105 0.0004627 0.00046505 0.0004652 0.0004522 0.00051175 0.0005006 0.0007009 0.00046105 0.0003993 0.0004063 0.0006003 0.0005784 0.0004829 0.0004745 0.00040975 0.0005467 0.0004439 0.00060825 0.0005706 0.00052025 0.0004418 0.00044145 0.00041065 0.0005806 0.000444 0.00046525 0.0004202 0.00054885 0.0004827 0.0004649 0.0005281 0.00046105 0.00049895 0.00047365 0.0005285 0.000576 0.00058915 0.0004111 0.000555 0.0003874 0.00052145 0.0005202 0.0003515 0.00057555 0.0003514 0.0005246 0.00054945 0.0003514 0.0005202 0.00050495 0.0004829 0.0005398 0.000608 0.0005033 0.00051985 0.00049845 0.00045215 0.000499 0.0005967 0.00057715 0.000457 0.00052015 0.000431 0.00047695 0.0005786 0.00045685 0.0005708 0.00052155 0.00048835 0.0004649 0.0003873 0.0005966 0.0004661 0.0005306 0.00059665 0.00050405 0.0005188 0.00047445 0.00051995 0.00050065 0.000465 0.00046515
25 0.00042165 0.0002552 0.00048995 0.00041875 0.0003367 0.00021435 0.0005761 0.00025805 0.00033435 0.0004264 0.00010495 0.0002238 0.0003068 0.0003507 0.0003113 0.0003111 1.4e-06 0.0004178 0.00016695 0.00029135 0.00029125 0.00029765 0.0002581 0.00024335 0.00046105 2.6e-06 0.00055855 0.00028035 0.00061325 0.00020995 0.00061945 0.0005425 0.0004863 0.00052315 0.0003479 0.00046135 0.00036245 0.0004637 0.00031555 0.00020165 0.0006052 0.00054155 0.0003968 0.00034045 0.0005294 0.00017115 0.00061415 0.00029095 0.00031125 0.00011565 0.0001636 0.000418 0.00031165 0.0004788 0.0005743 0.000522 0.0003365 0.00048605 0.00018625 0.0001069 0.00037205 0.00054665 0.00037195 0.000441 0.00041925 0.00042085 0.00046365 0.0003358 0.0006144 0.0004662 0.00046075 0.00049765 0.0001387 0.00028105 0.0002976 0.0001627 0.00048985 0.0004186 0.00044335 0.00018565 0.0004201 0.0002474 0.00021015 0.0004432 0.0003629 0.00018635 0.0001816 0.00033985 0.0004325 0.00048975 0.00033765 0.00065585 0.0004615 0.0001602 0.0003594 0.00054245 0.00010625 0.0002434 0.000335 0.00034035
26 0.00045465 0.0006794 0.00069925 0.0006449 0.00064355 0.0006465 0.0003248 0.00048955 0.00034605 0.0007177 0.0005928 0.00056215 0.00067715 0.00029045 0.00047675 0.00056615 0.00055855 0.0006509 0.00050105 0.0005976 0.00059795 0.00051655 0.0004896 0.00061375 0.0003993 0.00055855 0.0001922 0.0005796 0.00059145 0.00059025 0.00046005 0.00044145 0.0003882 0.0005172 0.00061005 0.0006762 0.00050555 0.00039205 0.0005208 0.00066085 0.00035045 0.0006781 0.0003639 0.0003516 0.0002941 0.00058515 0.00045485 0.00059775 0.0004767 0.0005036 0.0005869 0.00047305 0.00047725 0.0006432 0.000546 0.00056205 0.00069425 0.0003507 0.00060105 0.00057475 0.0006051 0.00071145 0.000605 0.0005548 0.00051795 0.00035895 0.000392 0.0003998 0.00045485 0.00071 0.00067615 0.000567 0.0006068 0.0004659 0.0005165 0.00058695 0.00069905 0.00067175 0.00051295 0.0006017 0.0003633 0.0005512 0.00059035 0.0005128 0.00050555 0.00060115 0.0005264 0.00035145 0.00062515 0.00069895 0.00053885 0.00042915 0.0006706 0.00058215 0.00067115 0.0004414 0.0005744 0.0006138 0.0003461 0.0003515
27 0.00045765 0.00034365 0.00048635 0.0004055 0.00034265 0.00033445 0.00046785 0.0004213 0.0004681 0.0004069 0.0003126 0.00029595 0.00034595 0.00046425 0.0004619 0.0004283 0.00028035 0.0002807 0.0003668 0.00034235 0.0003426 0.00040005 0.00042135 0.0003456 0.0004063 0.00028035 0.0005796 0.0005592 0.00057295 0.0004044 0.00054975 0.0004929 0.00046805 0.0005439 0.0003434 0.0004938 0.00048385 0.0005412 0.00037415 0.00028305 0.00049885 0.00052325 0.00046925 0.00046845 0.00055145 0.0003718 0.00054985 0.00034225 0.00046185 0.0003648 0.00034385 0.00046225 0.0004622 0.00048755 0.00056585 0.00037315 0.00039985 0.00044165 0.0003444 0.000343 0.0002803 0.0004872 0.0002802 0.0004352 0.00048475 0.00040605 0.00054115 0.00049365 0.00054995 0.0004263 0.00049365 0.0004363 0.0003423 0.000432 0.0004 0.00034385 0.0004863 0.00045805 0.0004216 0.00034275 0.0004685 0.00035585 0.00040465 0.00042145 0.00048395 0.0003445 0.00036355 0.0004682 0.0003136 0.0004862 0.00037355 0.00059285 0.0004863 0.00035785 0.0003978 0.0004928 0.00034225 0.00034565 0.00046825 0.00046835
28 0.00054055 0.0005091 0.0004312 0.0003921 0.0005033 0.00052055 0.0005629 0.00042065 0.00054025 0.0004049 0.0005586 0.0005903 0.00051585 0.0006818 0.0004491 0.00058365 0.00061325 0.00056285 0.0006942 0.00050265 0.00050315 0.00051745 0.0004207 0.000516 0.0006003 0.00061325 0.00059145 0.00057295 0.0004561 0.0004432 0.00052745 0.00038735 0.00050765 0.00043665 0.0004839 0.00033575 0.0003357 0.0003417 0.00062345 0.00060085 0.0004781 0.0003139 0.00052085 0.0005399 0.0006548 0.0005207 0.00052805 0.0005031 0.00044905 0.00068775 0.00050915 0.0004163 0.00044965 0.00041175 0.00032315 0.00044075 0.00047715 0.00058345 0.0005346 0.00052835 0.00056265 0.0004119 0.00056255 0.0003813 0.0003168 0.00059975 0.00034165 0.00056965 0.00052765 0.00052255 0.0003358 0.0003623 0.0005279 0.0004795 0.0005174 0.00050915 0.0004308 0.00041565 0.0003954 0.00053565 0.0005211 0.0004987 0.0004431 0.00039535 0.0003355 0.0005347 0.00047395 0.00053985 0.00053885 0.0004307 0.00046595 0.00041615 0.00043095 0.00054505 0.00050315 0.0003873 0.0005281 0.00051605 0.0005397 0.0005398
29 0.00041535 0.00025565 0.0003666 0.00021055 0.00025155 0.00023705 0.0006551 0.0002968 0.0003277 0.0002183 0.0001668 0.0002601 0.0002196 0.0004814 0.0003045 0.00030495 0.00020995 0.0004567 0.00028175 0.00020715 0.000206 0.00049975 0.00029685 0.0001563 0.0005784 0.00020995 0.00059025 0.0004044 0.0004432 1.4e-06 0.00069845 0.00053605 0.00047975 0.00060215 0.00026345 0.0002535 0.00019205 0.0004956 0.0003272 0.00032275 0.00059875 0.0005416 0.0003906 0.00033455 0.00061985 8.96e-05 0.0006933 0.0002058 0.00030445 0.00031805 0.0001637 0.00041165 0.0003047 0.00035615 0.0004897 0.00043725 0.00017915 0.000498 9.855e-05 0.0001062 0.00041095 0.000424 0.00041085 0.00023215 0.0002495 0.00053805 0.00049555 0.00042575 0.0006934 0.0004643 0.0002521 0.0002896 0.00013945 0.00033635 0.0004997 0.0001627 0.00036655 0.000337 0.00039695 0.00010055 0.0004139 0.00016225 1e-06 0.0003968 0.0001934 9.86e-05 0.0001812 0.00033305 0.0005536 0.00036645 0.00033745 0.00054415 0.00033835 0.0002111 0.00044525 0.000536 0.0001072 0.00015635 0.0003291 0.00033445
30 0.00056725 0.0006321 0.0005639 0.00062575 0.00061195 0.0006265 0.00043915 0.00057505 0.00056945 0.0006447 0.00064845 0.0005854 0.00063235 0.0005239 0.0005791 0.00062575 0.00061945 0.0005254 0.00061275 0.00061225 0.0006121 0.0005168 0.0005751 0.0006335 0.0004829 0.00061945 0.00046005 0.00054975 0.00052745 0.00069845 0.0008572 0.0004942 0.0005217 0.0004497 0.0005863 0.00061155 0.0006147 0.00049525 0.0005797 0.00059185 0.000484 0.00048835 0.0005379 0.00056415 0.00049185 0.00065905 0.0004346 0.00061195 0.00057905 0.0006128 0.00063325 0.0005321 0.00057945 0.0005436 0.0004853 0.00052675 0.0006689 0.00049015 0.00065885 0.000659 0.0005254 0.00053805 0.0005253 0.0006134 0.00058905 0.00047715 0.0004952 0.00054675 0.0004342 0.00052415 0.00061115 0.0005876 0.0006591 0.00056865 0.00051675 0.0006333 0.0005637 0.0005728 0.0005281 0.00065925 0.00053615 0.0006249 0.00069865 0.00052795 0.00061505 0.00065895 0.0006188 0.00056365 0.00050645 0.0005636 0.00057365 0.00048955 0.00056395 0.00063385 0.000532 0.00049415 0.0006594 0.00063355 0.00056935 0.00056405
31 0.00047815 0.0005213 0.00055105 0.00047295 0.0005306 0.0005244 0.00041345 0.0004247 0.00048 0.00049995 0.0005394 0.00057025 0.0005584 0.00054465 0.00042105 0.00057535 0.0005425 0.0005246 0.00063325 0.0005302 0.0005303 0.0004077 0.00042475 0.00055835 0.0004745 0.0005425 0.00044145 0.0004929 0.00038735 0.00053605 0.0004942 0.0006119 0.0004344 0.00043545 0.00051215 0.00050195 0.0004215 0.00030665 0.00058855 0.00056115 0.0003651 0.00047105 0.00046155 0.0004799 0.00051635 0.00056135 0.0004948 0.00053035 0.000421 0.00059645 0.00052115 0.0003754 0.00042145 0.00053255 0.000436 0.0004153 0.0005524 0.00049165 0.000576 0.00053925 0.00052435 0.00053275 0.00052425 0.0004214 0.00040355 0.0004739 0.0003065 0.0004793 0.0004944 0.00059095 0.00050175 0.0004038 0.0005392 0.00042135 0.00040765 0.0005212 0.0005507 0.0005269 0.0004157 0.0005758 0.00045535 0.0005301 0.000536 0.00041555 0.00042165 0.0005761 0.00048425 0.0004796 0.00044635 0.0005506 0.00042425 0.00046335 0.00055085 0.00054625 0.0005538 0.0003065 0.0005394 0.0005584 0.0004797 0.0004798
32 0.00042575 0.00046235 0.00057695 0.00040395 0.00046435 0.000465 0.0004196 0.00048105 0.00042525 0.0004382 0.00048365 0.00051665 0.00049945 0.0004494 0.00048815 0.00045905 0.0004863 0.0004492 0.00051965 0.00046505 0.0004646 0.0004738 0.0004811 0.00049945 0.00040975 0.0004863 0.0003882 0.00046805 0.00050765 0.00047975 0.0005217 0.0004344 0.0007384 0.0005853 0.00044385 0.00051 0.00047805 0.00048605 0.00048255 0.0005016 0.000371 0.00054355 0.00040395 0.00042545 0.00042175 0.00050575 0.00052225 0.0004644 0.0004881 0.00048285 0.00046225 0.0004334 0.00048825 0.00055655 0.0005752 0.00041065 0.00049345 0.00042765 0.00052 0.00048295 0.0004493 0.0005563 0.0004492 0.00042585 0.0004572 0.00040955 0.000486 0.0005059 0.0005218 0.00061715 0.00050955 0.00040495 0.00048345 0.0004886 0.00047375 0.0004623 0.00057715 0.0005343 0.0004626 0.0005195 0.00039145 0.00047645 0.00048025 0.00046245 0.00047845 0.0005201 0.0004514 0.0004249 0.0004473 0.00057705 0.000429 0.00047275 0.00057735 0.00050395 0.00056115 0.00043435 0.0004837 0.0004995 0.00042515 0.00042535
33 0.0006204 0.00064175 0.0004975 0.0006251 0.0005987 0.00060695 0.00052175 0.0004351 0.0005502 0.000678 0.00058145 0.0004859 0.0006128 0.00055555 0.00042835 0.00066355 0.00052315 0.00054925 0.00057375 0.0005533 0.00055285 0.0004162 0.00043515 0.00054975 0.0005467 0.00052315 0.0005172 0.0005439 0.00043665 0.00060215 0.0004497 0.00043545 0.0005853 0.0005083 0.00053965 0.00056465 0.0004748 0.00030085 0.0005611 0.0005723 0.0005968 0.00041475 0.00054145 0.00055545 0.00060725 0.00056235 0.00044525 0.00055285 0.0004283 0.000603 0.00054925 0.00041845 0.00042865 0.0004152 0.00030075 0.00055965 0.00064915 0.00050735 0.00056255 0.0005624 0.0005034 0.00048425 0.0005033 0.0006092 0.0004617 0.00050555 0.0003007 0.00043635 0.00044465 0.00045775 0.00056415 0.000596 0.00059545 0.0004181 0.00041615 0.0005494 0.0004973 0.00052555 0.0004254 0.00056265 0.00055405 0.0005254 0.0006024 0.00042525 0.00047525 0.00056265 0.00050795 0.00055485 0.0005789 0.00049725 0.0005692 0.0005188 0.00046915 0.00052285 0.0004849 0.0004355 0.0005632 0.0005498 0.00055 0.00055535
34 0.00045515 0.00032475 0.00040035 0.00019745 0.0002536 0.0002982 0.00053045 0.0004251 0.0004538 0.0002191 0.0003352 0.00025865 0.0002543 0.0005145 0.0004432 0.00037655 0.0003479 0.00019755 0.00038715 0.0002072 0.00020775 0.00045605 0.00042515 0.00020815 0.0004439 0.0003479 0.00061005 0.0003434 0.0004839 0.00026345 0.0005863 0.00051215 0.00044385 0.00053965 0.0003023 0.0003641 0.00038305 0.00056285 0.0002876 0.0002962 0.00056245 0.00046975 0.00039365 0.00044975 0.0005745 0.0002934 0.0005905 0.0002076 0.00044315 0.0004579 0.0002496 0.0003873 0.0004437 0.00030375 0.0004795 0.0002761 0.0002727 0.00038075 0.00026405 0.00030605 0.00015155 0.0003439 0.00015145 0.00033225 0.00032685 0.00039395 0.0005628 0.00052325 0.0005905 0.0004009 0.00036425 0.00027595 0.0003378 0.00044355 0.000456 0.00024965 0.0004001 0.00039185 0.0003271 0.00026365 0.00039765 0.0002578 0.0002635 0.00032695 0.00038285 0.00026415 0.000317 0.0004498 0.00036475 0.0004 0.0003744 0.0005376 0.00037165 0.0003273 0.0004157 0.0005121 0.0003054 0.0002082 0.00045355 0.00044965
35 0.00048735 0.0003569 0.00036855 0.0002658 0.000365 0.00036805 0.0006406 0.00044015 0.0004968 0.00025225 0.00038685 0.00047195 0.000351 0.0006451 0.00044935 0.00043485 0.00046135 0.0004762 0.0005329 0.00036365 0.00036525 0.0005535 0.0004402 0.00035065 0.00060825 0.00046135 0.0006762 0.0004938 0.00033575 0.0002535 0.00061155 0.00050195 0.00051 0.00056465 0.0003641 0.0005028 0.00033635 0.00053255 0.00048585 0.00045505 0.0005491 0.0003597 0.0004964 0.00049615 0.00065765 0.0003392 0.00061165 0.00036505 0.0004493 0.0005391 0.000357 0.0004619 0.00045005 0.0003679 0.00045165 0.00041705 0.00030965 0.0005737 0.000351 0.0003581 0.00047625 0.00036735 0.00047615 0.00030595 0.0003357 0.00060845 0.0005325 0.0005705 0.00061175 0.000466 0.0002523 0.00030525 0.00035615 0.00047895 0.00055345 0.000357 0.000368 0.00033885 0.0004478 0.00035245 0.0005021 0.0003741 0.00025325 0.00044765 0.00033545 0.0003511 0.0003792 0.0004969 0.00050745 0.0003679 0.0004099 0.00046155 0.00036805 0.0004264 0.0004447 0.0005019 0.0003562 0.0003507 0.00049595 0.00049605
