 slim_337698999 slim_337698917 slim_337699103 slim_337698910 slim_337699090 slim_337699025 slim_337699137 slim_337699091 slim_337699109 slim_337698815 slim_337699124 slim_337699026 slim_337699145 slim_337699127 slim_337699003 slim_337698810 slim_337698980 slim_337699119 slim_337699021 slim_337699125 slim_337699149 slim_337699087 slim_337699120 slim_337699147 slim_337699078 slim_337698812 slim_337699007 slim_337698984 slim_337699088 slim_337699080 slim_337699139 slim_337699144 slim_337699020 slim_337698920 slim_337699095 slim_337699000 slim_337699031 slim_337699035 slim_337699115 slim_337699133 slim_337699114 slim_337699150 slim_337698773 slim_337699123 slim_337698913 slim_337699154 slim_337699152 slim_337699041 slim_337699138 slim_337698796 slim_337699142 slim_337699082 slim_337699047 slim_337699053 slim_337699111 slim_337699101 slim_337699132 slim_337699104 slim_337699153 slim_337699072 slim_337699051 slim_337699052 slim_337699064 slim_337698866 slim_337699155 slim_337698870 slim_337699134 slim_337698983 slim_337699083 slim_337698925 slim_337699019 slim_337699074 slim_337699022 slim_337699148 slim_337699015 slim_337699077 slim_337698829 slim_337699060 slim_337699128 slim_337699030 slim_337699097 slim_337699012 slim_337698893 slim_337698875 slim_337699081 slim_337699076 slim_337699092 slim_337699116 slim_337699005 slim_337699067 slim_337699079 slim_337699117 slim_337699038 slim_337699126 slim_337699108 slim_337699141 slim_337699058 slim_337699143 slim_337699107 slim_337698793
0 1.27e-05 9.05e-06 1.43e-05 1.165e-05 1.515e-05 1.53e-05 1.175e-05 1.32e-05 8e-06 1.1e-05 1.16e-05 1.37e-05 1.34e-05 1.165e-05 9.9e-06 8e-06 1.02e-05 1.015e-05 1.32e-05 1.19e-05 9.75e-06 1.41e-05 1.385e-05 1.39e-05 1.355e-05 1.075e-05 1.125e-05 1.54e-05 1.085e-05 1.16e-05 1.41e-05 1.475e-05 8.05e-06 1.12e-05 9.65e-06 7.7e-06 1.31e-05 1.49e-05 1.03e-05 1.36e-05 1.105e-05 1.195e-05 1.39e-05 1.275e-05 1.525e-05 1.005e-05 1.085e-05 1.47e-05 1.4e-05 9.8e-06 1.535e-05 1.555e-05 8.35e-06 1.025e-05 1.395e-05 1.34e-05 1.215e-05 8.4e-06 1.335e-05 1.295e-05 1.15e-05 1.085e-05 1.415e-05 1.315e-05 1.44e-05 1.23e-05 1.395e-05 1.53e-05 1.075e-05 1.395e-05 1.095e-05 1.05e-05 1.25e-05 7.2e-06 1.135e-05 1.155e-05 7.05e-06 1.44e-05 6.55e-06 1.155e-05 1.005e-05 1.22e-05 1.03e-05 1.105e-05 1.16e-05 1.5e-05 1.385e-05 1.415e-05 1.09e-05 1.155e-05 1.49e-05 1.015e-05 1.35e-05 1.445e-05 1.3e-05 1.29e-05 1.155e-05 1.47e-05 1.52e-05 1.065e-05
1 9.05e-06 1.24e-05 1.34e-05 1.005e-05 1.485e-05 1.455e-05 1.08e-05 1.25e-05 9e-06 1.085e-05 1.15e-05 1.42e-05 1.3e-05 1.16e-05 1.13e-05 9.1e-06 9.95e-06 1.155e-05 1.25e-05 1.075e-05 1.08e-05 1.31e-05 1.28e-05 1.26e-05 1.4e-05 1.055e-05 1.125e-05 1.495e-05 1.06e-05 1.055e-05 1.42e-05 1.38e-05 1e-05 1.12e-05 1.075e-05 8.35e-06 1.28e-05 1.43e-05 1.04e-05 1.275e-05 1.09e-05 1.02e-05 1.315e-05 1.035e-05 1.44e-05 1.015e-05 1.055e-05 1.36e-05 1.395e-05 9.7e-06 1.47e-05 1.47e-05 6.65e-06 1.03e-05 1.32e-05 1.32e-05 1.23e-05 7.1e-06 1.255e-05 1.165e-05 1.025e-05 1.05e-05 1.415e-05 1.245e-05 1.35e-05 1.19e-05 1.33e-05 1.47e-05 1.055e-05 1.33e-05 1.1e-05 1.12e-05 1.25e-05 8.15e-06 1.14e-05 1.21e-05 7.9e-06 1.34e-05 7.5e-06 1.155e-05 1.125e-05 1.065e-05 1.045e-05 1.115e-05 1e-05 1.47e-05 1.27e-05 1.285e-05 1.055e-05 1.145e-05 1.405e-05 1.02e-05 1.265e-05 1.355e-05 1.215e-05 1.315e-05 1.105e-05 1.41e-05 1.4e-05 1.08e-05
2 1.43e-05 1.34e-05 6.5e-06 1.04e-05 5.4e-06 6.45e-06 8.75e-06 6.05e-06 1.27e-05 1.175e-05 8.75e-06 1.15e-05 1.005e-05 9.05e-06 1.71e-05 1.295e-05 7.6e-06 1.04e-05 6.05e-06 6.3e-06 8.8e-06 8.15e-06 3.7e-06 4.15e-06 1.125e-05 7.45e-06 1.58e-05 5.95e-06 1.035e-05 8.55e-06 5.05e-06 4.25e-06 1.615e-05 9.2e-06 8.75e-06 1.29e-05 8.3e-06 5.95e-06 1.285e-05 9.55e-06 1.17e-05 1.225e-05 7.55e-06 9.55e-06 3.95e-06 7.5e-06 8.15e-06 3.85e-06 4.8e-06 1.61e-05 4.6e-06 4.5e-06 1.415e-05 1.06e-05 7.55e-06 5e-06 1.37e-05 1.34e-05 6.35e-06 9.4e-06 7.65e-06 1.05e-05 5.05e-06 6e-06 3.6e-06 9.45e-06 6.15e-06 5.2e-06 1.47e-05 6.15e-06 1.425e-05 1.165e-05 9.2e-06 1.435e-05 9.45e-06 9.05e-06 1.41e-05 3.55e-06 1.155e-05 9.55e-06 1.81e-05 1.025e-05 7.8e-06 8.45e-06 1.03e-05 5e-06 3.85e-06 4.1e-06 1.055e-05 1.16e-05 3.45e-06 7.75e-06 9.75e-06 3.4e-06 1.34e-05 7.4e-06 9.25e-06 3.95e-06 5.6e-06 1.25e-05
3 1.165e-05 1.005e-05 1.04e-05 1.5e-05 1.1e-05 1.215e-05 1.23e-05 9.45e-06 1.175e-05 1.055e-05 1.035e-05 1.44e-05 1.205e-05 1.03e-05 1.355e-05 1.185e-05 9e-06 1.005e-05 9.45e-06 1.055e-05 1.075e-05 1.18e-05 7.8e-06 8.2e-06 1.425e-05 1.15e-05 1.405e-05 1.14e-05 9.35e-06 1.195e-05 1.09e-05 1.075e-05 1.145e-05 1.18e-05 1.07e-05 1.015e-05 1.1e-05 1.22e-05 1.09e-05 1.355e-05 1.055e-05 1.1e-05 1.025e-05 1.185e-05 1.29e-05 9.05e-06 9.35e-06 1.1e-05 1.17e-05 1.235e-05 1.24e-05 1.33e-05 9.15e-06 1.085e-05 1.05e-05 9.35e-06 1.33e-05 1.085e-05 9.6e-06 1.065e-05 1.105e-05 9.35e-06 1.185e-05 9.4e-06 1.035e-05 1.15e-05 1.195e-05 1.155e-05 1.33e-05 1.195e-05 1.185e-05 1.08e-05 1.305e-05 1.08e-05 1.195e-05 1.285e-05 1.055e-05 1.03e-05 1.065e-05 1.215e-05 1.335e-05 1e-05 9.65e-06 1.05e-05 7.65e-06 1.125e-05 7.8e-06 1.15e-05 9.4e-06 1.065e-05 1.275e-05 9.4e-06 1.23e-05 1.055e-05 1.335e-05 1.095e-05 9e-06 1.155e-05 1.275e-05 1.08e-05
4 1.515e-05 1.485e-05 5.4e-06 1.1e-05 8e-06 6.9e-06 1.145e-05 6.55e-06 1.43e-05 1.22e-05 9.95e-06 1.285e-05 1.045e-05 1.035e-05 1.72e-05 1.455e-05 8.65e-06 1.095e-05 6.55e-06 7.85e-06 9.85e-06 9.9e-06 4.35e-06 4.9e-06 1.27e-05 9.65e-06 1.775e-05 4.85e-06 1.08e-05 1.125e-05 6.35e-06 6.05e-06 1.655e-05 1.09e-05 9.8e-06 1.38e-05 9.2e-06 5.4e-06 1.325e-05 1.21e-05 1.215e-05 1.385e-05 8.1e-06 1.22e-05 6.8e-06 8.55e-06 7.9e-06 6.05e-06 6.7e-06 1.73e-05 6.05e-06 7.45e-06 1.46e-05 1.03e-05 8e-06 5.75e-06 1.48e-05 1.53e-05 6.95e-06 1.07e-05 9.4e-06 1.105e-05 6.85e-06 6.5e-06 5.55e-06 1.11e-05 7.9e-06 5e-06 1.665e-05 7.9e-06 1.46e-05 1.22e-05 1.165e-05 1.52e-05 1.105e-05 9.2e-06 1.495e-05 5.35e-06 1.29e-05 1.125e-05 1.82e-05 1.2e-05 8.85e-06 7.95e-06 1.08e-05 4.95e-06 4.6e-06 6.7e-06 1.11e-05 1.25e-05 6.5e-06 8.8e-06 1.15e-05 5.55e-06 1.46e-05 8e-06 9.75e-06 5.5e-06 8.65e-06 1.335e-05
5 1.53e-05 1.455e-05 6.45e-06 1.215e-05 6.9e-06 1.03e-05 1e-05 9.1e-06 1.43e-05 1.39e-05 1.105e-05 1.315e-05 1.21e-05 1.115e-05 1.755e-05 1.435e-05 1.015e-05 1.21e-05 9.1e-06 9.1e-06 1.125e-05 9.65e-06 7e-06 7.2e-06 1.3e-05 9.75e-06 1.55e-05 7.45e-06 1.2e-05 9.8e-06 7.95e-06 7e-06 1.695e-05 1.07e-05 1.12e-05 1.465e-05 9.35e-06 6.75e-06 1.425e-05 1.06e-05 1.39e-05 1.225e-05 9.85e-06 1.065e-05 6.55e-06 1.01e-05 1.07e-05 6.45e-06 7.7e-06 1.575e-05 7.1e-06 6.9e-06 1.56e-05 1.29e-05 9.85e-06 8.05e-06 1.44e-05 1.415e-05 9.3e-06 1.045e-05 1.04e-05 1.205e-05 7.85e-06 9.05e-06 6.7e-06 1.15e-05 8.95e-06 6.1e-06 1.495e-05 8.95e-06 1.49e-05 1.315e-05 1.105e-05 1.53e-05 1.085e-05 9.25e-06 1.505e-05 6.6e-06 1.34e-05 1.105e-05 1.845e-05 1.175e-05 1.04e-05 1.06e-05 1.205e-05 7.35e-06 7.05e-06 6.45e-06 1.21e-05 1.2e-05 6.25e-06 1.025e-05 1.125e-05 6.6e-06 1.365e-05 1.03e-05 1.165e-05 6.6e-06 7.1e-06 1.215e-05
6 1.175e-05 1.08e-05 8.75e-06 1.23e-05 1.145e-05 1e-05 1.35e-05 1.12e-05 1.105e-05 1.295e-05 1.145e-05 1.22e-05 1.23e-05 1.15e-05 1.36e-05 1.11e-05 1.015e-05 1.215e-05 1.12e-05 8.85e-06 1.01e-05 1.025e-05 1.065e-05 1.07e-05 1.2e-05 8.35e-06 1.28e-05 1.17e-05 1.17e-05 6.95e-06 1e-05 9.15e-06 1.4e-05 8.45e-06 1.005e-05 1.17e-05 1.11e-05 1.025e-05 1.235e-05 9.75e-06 1.3e-05 1.07e-05 1.16e-05 9e-06 7.45e-06 1.01e-05 1.12e-05 8.5e-06 8.75e-06 1.235e-05 9.1e-06 7.65e-06 1.245e-05 1.18e-05 1.165e-05 1.05e-05 1.29e-05 1.025e-05 1.135e-05 1.115e-05 9.15e-06 1.17e-05 8.95e-06 1.115e-05 8.75e-06 1.075e-05 9.55e-06 1.06e-05 1.21e-05 9.55e-06 1.27e-05 1.165e-05 9.95e-06 1.135e-05 8.65e-06 1.01e-05 1.11e-05 8.85e-06 9.8e-06 8.85e-06 1.49e-05 1.05e-05 1.04e-05 1.095e-05 1.225e-05 1.065e-05 1.065e-05 7.65e-06 1.175e-05 1.23e-05 6.85e-06 1.025e-05 1.055e-05 8.9e-06 1.22e-05 1.12e-05 1.23e-05 8.7e-06 7.65e-06 1.15e-05
7 1.32e-05 1.25e-05 6.05e-06 9.45e-06 6.55e-06 9.1e-06 1.12e-05 7.7e-06 1.185e-05 8.2e-06 8.6e-06 1.285e-05 6.2e-06 9.05e-06 1.58e-05 1.215e-05 7.3e-06 1.01e-05 3.9e-06 7.2e-06 9.2e-06 7.95e-06 4.2e-06 4.55e-06 1.27e-05 9e-06 1.48e-05 7.1e-06 9.95e-06 1.09e-05 7.05e-06 6.65e-06 1.435e-05 1.075e-05 9.15e-06 1.12e-05 6.75e-06 8.15e-06 9.9e-06 1.105e-05 8.15e-06 1.35e-05 6.35e-06 1.195e-05 8.05e-06 7.3e-06 7.3e-06 6.7e-06 7.85e-06 1.485e-05 7.45e-06 8.75e-06 1.165e-05 7.2e-06 6.25e-06 6.1e-06 1.185e-05 1.325e-05 4.2e-06 8.45e-06 8.55e-06 1.01e-05 8e-06 3.85e-06 6.2e-06 1.03e-05 5.95e-06 7.15e-06 1.37e-05 5.95e-06 1.215e-05 1.195e-05 1.105e-05 1.325e-05 1.09e-05 1.025e-05 1.3e-05 5.9e-06 1.045e-05 1.11e-05 1.68e-05 1.115e-05 7.5e-06 7.95e-06 9.25e-06 6.25e-06 4.35e-06 7.5e-06 1.015e-05 1.12e-05 7.85e-06 7.45e-06 9.8e-06 6.2e-06 1.125e-05 5.95e-06 8.25e-06 6.65e-06 1e-05 1.27e-05
8 8e-06 9e-06 1.27e-05 1.175e-05 1.43e-05 1.43e-05 1.105e-05 1.185e-05 8.5e-06 9.9e-06 8.3e-06 1.23e-05 1.305e-05 8.65e-06 1.11e-05 4.65e-06 8.55e-06 1.2e-05 1.185e-05 1.035e-05 9.35e-06 1.375e-05 1.255e-05 1.265e-05 1.215e-05 8.8e-06 9.55e-06 1.46e-05 1.21e-05 1.09e-05 1.355e-05 1.31e-05 1.015e-05 1.19e-05 9.3e-06 6.3e-06 1.25e-05 1.36e-05 1.15e-05 1.29e-05 9.95e-06 1.42e-05 1.36e-05 1.23e-05 1.335e-05 8.4e-06 9.85e-06 1.26e-05 1.365e-05 1.195e-05 1.395e-05 1.36e-05 8.5e-06 9.2e-06 1.365e-05 1.335e-05 1.055e-05 7.95e-06 1.2e-05 1.245e-05 1e-05 1.21e-05 1.38e-05 1.18e-05 1.28e-05 1.095e-05 1.23e-05 1.37e-05 8.35e-06 1.23e-05 1.32e-05 1.3e-05 9.1e-06 8.15e-06 1.205e-05 9.6e-06 7.9e-06 1.28e-05 4.6e-06 1.225e-05 1.15e-05 1.2e-05 8.7e-06 1.005e-05 1.17e-05 1.39e-05 1.255e-05 1.21e-05 1.215e-05 1.125e-05 1.3e-05 8.55e-06 1.315e-05 1.285e-05 1.36e-05 1.28e-05 1.05e-05 1.31e-05 1.46e-05 1.265e-05
9 1.1e-05 1.085e-05 1.175e-05 1.055e-05 1.22e-05 1.39e-05 1.295e-05 8.2e-06 9.9e-06 1.27e-05 1e-05 1.315e-05 8.15e-06 9.95e-06 1.23e-05 9.85e-06 9.85e-06 1.11e-05 8.2e-06 1.055e-05 1.15e-05 1.085e-05 1.015e-05 1.015e-05 1.3e-05 1.145e-05 1.115e-05 1.245e-05 1.12e-05 1.27e-05 1.245e-05 1.185e-05 9.35e-06 1.255e-05 1.145e-05 8.15e-06 9.9e-06 1.32e-05 9.35e-06 1.27e-05 6.65e-06 1.405e-05 9.95e-06 1.345e-05 1.365e-05 9.9e-06 1e-05 1.225e-05 1.325e-05 1.19e-05 1.285e-05 1.37e-05 9.5e-06 8.1e-06 1e-05 1.155e-05 1.005e-05 1.165e-05 8.3e-06 1.035e-05 1.1e-05 1.115e-05 1.34e-05 8.15e-06 1.185e-05 1e-05 1e-05 1.255e-05 1.09e-05 1e-05 1.105e-05 1.275e-05 1.185e-05 1.115e-05 1.27e-05 1.255e-05 1.09e-05 1.175e-05 9.8e-06 1.29e-05 1.25e-05 1.215e-05 1.01e-05 1.015e-05 1.05e-05 1.14e-05 1.01e-05 1.275e-05 1.12e-05 1e-05 1.34e-05 1e-05 1.14e-05 1.19e-05 1.08e-05 9.8e-06 8.2e-06 1.2e-05 1.44e-05 1.28e-05
10 1.16e-05 1.15e-05 8.75e-06 1.035e-05 9.95e-06 1.105e-05 1.145e-05 8.6e-06 8.3e-06 1e-05 1.42e-05 1.17e-05 1.18e-05 7.65e-06 1.35e-05 8.7e-06 8.5e-06 1.055e-05 8.6e-06 8.9e-06 1.015e-05 1.155e-05 7.45e-06 8.05e-06 1.155e-05 9.6e-06 1.175e-05 1.065e-05 1.065e-05 1.11e-05 9.75e-06 8.95e-06 1.19e-05 1.165e-05 1.01e-05 9.5e-06 1.095e-05 1.05e-05 1.205e-05 1.205e-05 9.95e-06 1.355e-05 1.05e-05 1.175e-05 1.01e-05 8.5e-06 8.95e-06 8.8e-06 1.025e-05 1.39e-05 1.045e-05 1.045e-05 1.115e-05 1.03e-05 1.04e-05 9.2e-06 1.135e-05 1.16e-05 9e-06 1.07e-05 9.8e-06 1.09e-05 1.04e-05 8.55e-06 8.9e-06 1.005e-05 1.005e-05 9.85e-06 1.055e-05 1.005e-05 1.375e-05 1.24e-05 8.95e-06 1.19e-05 1.18e-05 1.09e-05 1.165e-05 8.55e-06 9.6e-06 1.2e-05 1.37e-05 1.145e-05 8.85e-06 9.85e-06 1.015e-05 1.01e-05 7.7e-06 9.1e-06 1.095e-05 1.105e-05 9.95e-06 8.75e-06 1.195e-05 8.9e-06 1.375e-05 1.04e-05 8.6e-06 9.55e-06 1.16e-05 1.29e-05
11 1.37e-05 1.42e-05 1.15e-05 1.44e-05 1.285e-05 1.315e-05 1.22e-05 1.285e-05 1.23e-05 1.315e-05 1.17e-05 1.96e-05 1.35e-05 1.165e-05 1.225e-05 1.225e-05 1.3e-05 1.31e-05 1.285e-05 1.17e-05 1.32e-05 1.275e-05 1.26e-05 1.28e-05 1.01e-05 1.18e-05 1.285e-05 1.325e-05 1.37e-05 1.185e-05 1.195e-05 1.15e-05 1.35e-05 1.225e-05 1.315e-05 1.32e-05 1.37e-05 1.26e-05 1.405e-05 1.235e-05 1.32e-05 1.455e-05 1.31e-05 1.22e-05 9.9e-06 1.305e-05 1.335e-05 1.115e-05 1.145e-05 1.44e-05 1.115e-05 1.02e-05 1.48e-05 1.365e-05 1.315e-05 1.26e-05 1.245e-05 1.425e-05 1.3e-05 1.355e-05 1.21e-05 1.37e-05 1.125e-05 1.28e-05 1.16e-05 1.145e-05 1.185e-05 1.275e-05 1.26e-05 1.185e-05 1.425e-05 1.38e-05 1.075e-05 1.435e-05 1.21e-05 1.325e-05 1.41e-05 1.14e-05 1.365e-05 1.26e-05 1.245e-05 1.32e-05 1.345e-05 1.28e-05 1.435e-05 1.18e-05 1.26e-05 1.115e-05 1.375e-05 1.375e-05 1.035e-05 1.32e-05 1.315e-05 1.165e-05 1.395e-05 1.3e-05 1.28e-05 1.095e-05 1.14e-05 1.445e-05
12 1.34e-05 1.3e-05 1.005e-05 1.205e-05 1.045e-05 1.21e-05 1.23e-05 6.2e-06 1.305e-05 8.15e-06 1.18e-05 1.35e-05 5.8e-06 1.195e-05 1.485e-05 1.32e-05 1.065e-05 1.215e-05 6.15e-06 9.85e-06 1.195e-05 8.05e-06 9.6e-06 9.3e-06 1.335e-05 1.11e-05 1.32e-05 1.055e-05 1.25e-05 1.205e-05 1.095e-05 1.06e-05 1.42e-05 1.19e-05 1.19e-05 1.25e-05 7.45e-06 1.155e-05 9.2e-06 1.095e-05 8.15e-06 1.46e-05 6.2e-06 1.32e-05 1.08e-05 1.07e-05 1.08e-05 1.075e-05 1.12e-05 1.315e-05 9.7e-06 1.13e-05 1.225e-05 7.4e-06 6.25e-06 1.05e-05 8.95e-06 1.39e-05 6.1e-06 9.6e-06 1.055e-05 1.23e-05 1.135e-05 6.15e-06 1.015e-05 1.21e-05 6.8e-06 1.1e-05 1.265e-05 6.85e-06 9.15e-06 1.37e-05 1.27e-05 1.38e-05 1.205e-05 1.215e-05 1.355e-05 1.005e-05 1.195e-05 1.225e-05 1.585e-05 1.25e-05 1.085e-05 1.015e-05 1.2e-05 8.6e-06 9.4e-06 1.115e-05 1.235e-05 1.28e-05 1.055e-05 1.065e-05 1e-05 1.02e-05 7e-06 7.45e-06 1.145e-05 9.5e-06 1.195e-05 1.365e-05
13 1.165e-05 1.16e-05 9.05e-06 1.03e-05 1.035e-05 1.115e-05 1.15e-05 9.05e-06 8.65e-06 9.95e-06 7.65e-06 1.165e-05 1.195e-05 1.48e-05 1.325e-05 8.55e-06 8.65e-06 1.05e-05 9.05e-06 9.35e-06 1.04e-05 1.165e-05 7.75e-06 8.35e-06 1.15e-05 9.9e-06 1.15e-05 1.09e-05 1.09e-05 1.12e-05 1.005e-05 9e-06 1.165e-05 1.175e-05 1.035e-05 9.45e-06 1.105e-05 1.08e-05 1.215e-05 1.215e-05 9.95e-06 1.345e-05 1.05e-05 1.185e-05 1.04e-05 8.6e-06 9.4e-06 9.15e-06 1.055e-05 1.38e-05 1.07e-05 1.035e-05 1.125e-05 1.06e-05 1.07e-05 9.5e-06 1.115e-05 1.165e-05 9.3e-06 1.085e-05 1.01e-05 1.1e-05 1.07e-05 9e-06 9e-06 1e-05 1.035e-05 1.02e-05 1.075e-05 1.035e-05 1.37e-05 1.25e-05 8.95e-06 1.195e-05 1.19e-05 1.11e-05 1.17e-05 9e-06 9.85e-06 1.21e-05 1.345e-05 1.155e-05 9.15e-06 1.015e-05 1.04e-05 1.035e-05 7.85e-06 9.45e-06 1.105e-05 1.08e-05 1.02e-05 9e-06 1.2e-05 9.2e-06 1.37e-05 1.07e-05 8.7e-06 9.85e-06 1.165e-05 1.28e-05
14 9.9e-06 1.13e-05 1.71e-05 1.355e-05 1.72e-05 1.755e-05 1.36e-05 1.58e-05 1.11e-05 1.23e-05 1.35e-05 1.225e-05 1.485e-05 1.325e-05 1.27e-05 1.085e-05 1.38e-05 1.23e-05 1.58e-05 1.46e-05 1.29e-05 1.615e-05 1.645e-05 1.65e-05 1.2e-05 1.44e-05 1.185e-05 1.745e-05 1.205e-05 1.33e-05 1.63e-05 1.68e-05 8.9e-06 1.21e-05 1.285e-05 1.025e-05 1.595e-05 1.725e-05 1.15e-05 1.58e-05 1.235e-05 1.255e-05 1.535e-05 1.49e-05 1.795e-05 1.39e-05 1.35e-05 1.765e-05 1.595e-05 1.055e-05 1.75e-05 1.765e-05 1.065e-05 1.29e-05 1.54e-05 1.53e-05 1.205e-05 1.18e-05 1.595e-05 1.515e-05 1.43e-05 1.205e-05 1.61e-05 1.575e-05 1.72e-05 1.365e-05 1.66e-05 1.785e-05 1.2e-05 1.66e-05 1.1e-05 1.1e-05 1.415e-05 9.7e-06 1.225e-05 1.535e-05 9.45e-06 1.705e-05 1.145e-05 1.225e-05 7.05e-06 1.415e-05 1.425e-05 1.365e-05 1.35e-05 1.705e-05 1.645e-05 1.71e-05 1.21e-05 1.31e-05 1.775e-05 1.405e-05 1.56e-05 1.725e-05 1.38e-05 1.48e-05 1.285e-05 1.73e-05 1.745e-05 1.21e-05
15 8e-06 9.1e-06 1.295e-05 1.185e-05 1.455e-05 1.435e-05 1.11e-05 1.215e-05 4.65e-06 9.85e-06 8.7e-06 1.225e-05 1.32e-05 8.55e-06 1.085e-05 8.9e-06 8.85e-06 1.21e-05 1.215e-05 1.065e-05 9.55e-06 1.385e-05 1.285e-05 1.295e-05 1.21e-05 9.1e-06 9.3e-06 1.485e-05 1.22e-05 1.1e-05 1.385e-05 1.3e-05 9.9e-06 1.2e-05 9.5e-06 6.15e-06 1.26e-05 1.385e-05 1.16e-05 1.3e-05 9.9e-06 1.41e-05 1.375e-05 1.24e-05 1.365e-05 8.6e-06 1.015e-05 1.29e-05 1.395e-05 1.185e-05 1.42e-05 1.35e-05 8.6e-06 9.5e-06 1.38e-05 1.365e-05 1.035e-05 7.95e-06 1.23e-05 1.255e-05 1.03e-05 1.22e-05 1.41e-05 1.21e-05 1.305e-05 1.09e-05 1.26e-05 1.395e-05 8.55e-06 1.26e-05 1.315e-05 1.31e-05 9.1e-06 8.15e-06 1.215e-05 9.75e-06 7.95e-06 1.31e-05 4.8e-06 1.235e-05 1.125e-05 1.21e-05 8.9e-06 1.035e-05 1.18e-05 1.415e-05 1.285e-05 1.24e-05 1.225e-05 1.1e-05 1.325e-05 8.75e-06 1.32e-05 1.31e-05 1.355e-05 1.31e-05 1.045e-05 1.34e-05 1.465e-05 1.255e-05
16 1.02e-05 9.95e-06 7.6e-06 9e-06 8.65e-06 1.015e-05 1.015e-05 7.3e-06 8.55e-06 9.85e-06 8.5e-06 1.3e-05 1.065e-05 8.65e-06 1.38e-05 8.85e-06 1.06e-05 9.95e-06 7.3e-06 7.4e-06 7.2e-06 1.12e-05 5.6e-06 6.05e-06 1.285e-05 7.25e-06 1.435e-05 9e-06 9.65e-06 9.85e-06 8.35e-06 8.3e-06 1.28e-05 1.015e-05 7.15e-06 8.05e-06 9.1e-06 9.1e-06 1.125e-05 1.24e-05 9.85e-06 1.26e-05 8.8e-06 1.155e-05 9.6e-06 5.5e-06 6.45e-06 7.9e-06 8.95e-06 1.425e-05 9.7e-06 1.03e-05 9.15e-06 8e-06 9.05e-06 7.25e-06 1.275e-05 9.75e-06 7.55e-06 1.02e-05 7.95e-06 9.75e-06 9.1e-06 7.25e-06 7.55e-06 1.02e-05 9.25e-06 8.75e-06 1.33e-05 9.25e-06 1.29e-05 1.11e-05 1.085e-05 9.75e-06 1.03e-05 8.7e-06 9.5e-06 7.55e-06 5.6e-06 1.05e-05 1.5e-05 1.095e-05 6.05e-06 7.55e-06 9.15e-06 9.05e-06 5.7e-06 8e-06 9.8e-06 1.015e-05 9.4e-06 5.95e-06 1.2e-05 7.75e-06 1.375e-05 8.8e-06 8.25e-06 8.75e-06 1.15e-05 1.135e-05
17 1.015e-05 1.155e-05 1.04e-05 1.005e-05 1.095e-05 1.21e-05 1.215e-05 1.01e-05 1.2e-05 1.11e-05 1.055e-05 1.31e-05 1.215e-05 1.05e-05 1.23e-05 1.21e-05 9.95e-06 1.68e-05 1.01e-05 1.06e-05 1.06e-05 1.19e-05 8.7e-06 9.3e-06 1.295e-05 1.155e-05 1.345e-05 1.145e-05 9.55e-06 1.18e-05 1.03e-05 1.075e-05 9.75e-06 1.095e-05 1.055e-05 1.1e-05 1.155e-05 1.185e-05 1.085e-05 1.275e-05 1.11e-05 1.13e-05 1.06e-05 1.22e-05 1.2e-05 1e-05 1.01e-05 1.095e-05 1.06e-05 1.175e-05 1.185e-05 1.24e-05 1.1e-05 1.135e-05 1.085e-05 9.25e-06 1.295e-05 1.215e-05 1.035e-05 1.125e-05 1.13e-05 9.65e-06 1.075e-05 1.005e-05 1.035e-05 1.14e-05 1.17e-05 1.155e-05 1.295e-05 1.17e-05 1.15e-05 9.9e-06 1.235e-05 1.105e-05 1.11e-05 1.29e-05 1.08e-05 1.03e-05 1.165e-05 1.13e-05 1.225e-05 1.165e-05 1.06e-05 1.085e-05 1.02e-05 1.12e-05 8.8e-06 1.12e-05 9.7e-06 1.135e-05 1.185e-05 1.045e-05 1.23e-05 1.055e-05 1.315e-05 1.05e-05 9.8e-06 1.115e-05 1.22e-05 1.09e-05
18 1.32e-05 1.25e-05 6.05e-06 9.45e-06 6.55e-06 9.1e-06 1.12e-05 3.9e-06 1.185e-05 8.2e-06 8.6e-06 1.285e-05 6.15e-06 9.05e-06 1.58e-05 1.215e-05 7.3e-06 1.01e-05 7.7e-06 7.2e-06 9.2e-06 7.9e-06 4.2e-06 4.55e-06 1.27e-05 9e-06 1.48e-05 7.1e-06 9.95e-06 1.09e-05 7.05e-06 6.65e-06 1.435e-05 1.075e-05 9.15e-06 1.12e-05 6.75e-06 8.15e-06 9.9e-06 1.105e-05 8.1e-06 1.35e-05 6.35e-06 1.195e-05 8.05e-06 7.3e-06 7.3e-06 6.7e-06 7.85e-06 1.485e-05 7.45e-06 8.75e-06 1.165e-05 7.15e-06 6.25e-06 6.1e-06 1.185e-05 1.325e-05 4.15e-06 8.45e-06 8.55e-06 1.01e-05 8e-06 3.85e-06 6.2e-06 1.03e-05 5.9e-06 7.15e-06 1.37e-05 5.95e-06 1.215e-05 1.195e-05 1.105e-05 1.325e-05 1.09e-05 1.025e-05 1.3e-05 5.9e-06 1.045e-05 1.11e-05 1.68e-05 1.115e-05 7.5e-06 7.95e-06 9.25e-06 6.25e-06 4.35e-06 7.5e-06 1.015e-05 1.12e-05 7.85e-06 7.45e-06 9.8e-06 6.2e-06 1.125e-05 5.95e-06 8.25e-06 6.65e-06 1e-05 1.27e-05
19 1.19e-05 1.075e-05 6.3e-06 1.055e-05 7.85e-06 9.1e-06 8.85e-06 7.2e-06 1.035e-05 1.055e-05 8.9e-06 1.17e-05 9.85e-06 9.35e-06 1.46e-05 1.065e-05 7.4e-06 1.06e-05 7.2e-06 1.18e-05 8.9e-06 9.4e-06 6.25e-06 6.65e-06 1.15e-05 7.3e-06 1.365e-05 8.4e-06 1.04e-05 8.55e-06 7.75e-06 6.9e-06 1.39e-05 9.2e-06 8.85e-06 1.05e-05 9.35e-06 7.95e-06 1.16e-05 9.9e-06 1.05e-05 1.24e-05 8.75e-06 9.7e-06 6.6e-06 7.55e-06 7.85e-06 6.45e-06 7.55e-06 1.39e-05 7.25e-06 7.25e-06 1.145e-05 9e-06 8.65e-06 7.7e-06 1.245e-05 1.095e-05 7.6e-06 9.7e-06 7.55e-06 1.065e-05 7.75e-06 7.15e-06 6.45e-06 9.65e-06 7.45e-06 7.8e-06 1.26e-05 7.45e-06 1.295e-05 1.185e-05 9.55e-06 1.19e-05 9.4e-06 9.1e-06 1.165e-05 6.15e-06 8.75e-06 9.55e-06 1.58e-05 1.045e-05 7.85e-06 8.15e-06 1.035e-05 7.5e-06 6.5e-06 6.2e-06 1.07e-05 1.16e-05 6.3e-06 7.8e-06 1.02e-05 6.45e-06 1.225e-05 8.7e-06 9.35e-06 6.55e-06 8.4e-06 1.245e-05
20 9.75e-06 1.08e-05 8.8e-06 1.075e-05 9.85e-06 1.125e-05 1.01e-05 9.2e-06 9.35e-06 1.15e-05 1.015e-05 1.32e-05 1.195e-05 1.04e-05 1.29e-05 9.55e-06 7.2e-06 1.06e-05 9.2e-06 8.9e-06 1.22e-05 1.225e-05 8e-06 8.15e-06 1.295e-05 8e-06 1.535e-05 1.02e-05 9.9e-06 9.85e-06 8.1e-06 9.55e-06 1.3e-05 9.4e-06 6.15e-06 9.15e-06 1.06e-05 1.005e-05 1.12e-05 1.3e-05 1.155e-05 1.155e-05 1.06e-05 1.2e-05 1.01e-05 7e-06 7.85e-06 9.2e-06 7.9e-06 1.38e-05 1.03e-05 1.07e-05 1.035e-05 9.1e-06 1.065e-05 7.05e-06 1.385e-05 1.015e-05 9.35e-06 1.19e-05 8.75e-06 9.9e-06 8.15e-06 9.15e-06 8.85e-06 1.13e-05 1.025e-05 1e-05 1.425e-05 1.025e-05 1.255e-05 8.95e-06 1.155e-05 9.1e-06 9.65e-06 9.05e-06 8.9e-06 8.8e-06 6.4e-06 9.85e-06 1.41e-05 1.16e-05 7.35e-06 8.6e-06 1.07e-05 1.025e-05 8e-06 9e-06 9.95e-06 1.17e-05 9.7e-06 7.15e-06 1.295e-05 8.95e-06 1.465e-05 8.3e-06 1.02e-05 9.65e-06 1.185e-05 1.12e-05
21 1.41e-05 1.31e-05 8.15e-06 1.18e-05 9.9e-06 9.65e-06 1.025e-05 7.95e-06 1.375e-05 1.085e-05 1.155e-05 1.275e-05 8.05e-06 1.165e-05 1.615e-05 1.385e-05 1.12e-05 1.19e-05 7.9e-06 9.4e-06 1.225e-05 1.36e-05 9.2e-06 9.1e-06 1.25e-05 1.015e-05 1.3e-05 1.01e-05 1.205e-05 1e-05 9.5e-06 8.55e-06 1.49e-05 1.065e-05 1.22e-05 1.4e-05 8.15e-06 1.015e-05 1.09e-05 9.15e-06 1.085e-05 1.215e-05 9.2e-06 1.03e-05 7.6e-06 1.125e-05 1.18e-05 8.4e-06 9.05e-06 1.28e-05 8.05e-06 7.85e-06 1.365e-05 1.055e-05 9.25e-06 9.95e-06 1.205e-05 1.335e-05 7.95e-06 9.15e-06 1.025e-05 1.195e-05 9.3e-06 7.9e-06 8.2e-06 1.125e-05 7.05e-06 9.75e-06 1.23e-05 7.1e-06 1.21e-05 1.3e-05 1.09e-05 1.43e-05 1.09e-05 1.185e-05 1.405e-05 8.15e-06 1.345e-05 1.1e-05 1.645e-05 1.07e-05 1.145e-05 1.105e-05 1.175e-05 8.35e-06 9.1e-06 8.4e-06 1.2e-05 1.23e-05 7.15e-06 1.13e-05 8.9e-06 8.3e-06 9.9e-06 8.95e-06 1.2e-05 7.5e-06 7.05e-06 1.215e-05
22 1.385e-05 1.28e-05 3.7e-06 7.8e-06 4.35e-06 7e-06 1.065e-05 4.2e-06 1.255e-05 1.015e-05 7.45e-06 1.26e-05 9.6e-06 7.75e-06 1.645e-05 1.285e-05 5.6e-06 8.7e-06 4.2e-06 6.25e-06 8e-06 9.2e-06 1e-06 1.7e-06 1.245e-05 8.4e-06 1.68e-05 5.2e-06 8.4e-06 1.025e-05 4.7e-06 4.25e-06 1.48e-05 1.01e-05 7.95e-06 1.13e-05 7.75e-06 6.2e-06 1.2e-05 1.175e-05 1.005e-05 1.22e-05 5.9e-06 1.12e-05 6.5e-06 5.6e-06 5.8e-06 4.25e-06 5.7e-06 1.645e-05 6.25e-06 7.25e-06 1.215e-05 9.35e-06 6e-06 3.25e-06 1.38e-05 1.345e-05 4.7e-06 8.8e-06 8.05e-06 8.75e-06 5.85e-06 4.15e-06 3.7e-06 9.5e-06 7.15e-06 4.95e-06 1.57e-05 7.15e-06 1.37e-05 1.07e-05 1.08e-05 1.355e-05 1.025e-05 9.9e-06 1.33e-05 3.35e-06 1.08e-05 1.045e-05 1.745e-05 1.06e-05 6.2e-06 7.55e-06 7.8e-06 5.25e-06 1e-06 5.3e-06 8.8e-06 1.02e-05 6.4e-06 6.15e-06 1.09e-05 3.85e-06 1.415e-05 6.55e-06 6.55e-06 5.3e-06 8.6e-06 1.185e-05
23 1.39e-05 1.26e-05 4.15e-06 8.2e-06 4.9e-06 7.2e-06 1.07e-05 4.55e-06 1.265e-05 1.015e-05 8.05e-06 1.28e-05 9.3e-06 8.35e-06 1.65e-05 1.295e-05 6.05e-06 9.3e-06 4.55e-06 6.65e-06 8.15e-06 9.1e-06 1.7e-06 6e-07 1.265e-05 8.45e-06 1.69e-05 4.45e-06 8.95e-06 1.04e-05 5.2e-06 4.85e-06 1.5e-05 1.025e-05 8.1e-06 1.16e-05 7.65e-06 6.2e-06 1.19e-05 1.195e-05 1.02e-05 1.23e-05 6.3e-06 1.14e-05 6.8e-06 6.15e-06 6.2e-06 4.8e-06 6e-06 1.655e-05 6.25e-06 7.5e-06 1.165e-05 9.1e-06 6.35e-06 2.85e-06 1.37e-05 1.35e-05 4e-06 8.6e-06 7.95e-06 8.25e-06 6.15e-06 4.5e-06 4.25e-06 9.8e-06 7.15e-06 5.45e-06 1.585e-05 7.15e-06 1.36e-05 1.09e-05 1.105e-05 1.36e-05 1.04e-05 9.95e-06 1.335e-05 4.1e-06 1.07e-05 1.06e-05 1.755e-05 1.06e-05 6.3e-06 7.6e-06 8.15e-06 5.25e-06 1e-06 5.4e-06 8.3e-06 1.04e-05 6.6e-06 5.6e-06 1.08e-05 4.3e-06 1.405e-05 6.55e-06 7.2e-06 5.6e-06 8.7e-06 1.195e-05
24 1.355e-05 1.4e-05 1.125e-05 1.425e-05 1.27e-05 1.3e-05 1.2e-05 1.27e-05 1.215e-05 1.3e-05 1.155e-05 1.01e-05 1.335e-05 1.15e-05 1.2e-05 1.21e-05 1.285e-05 1.295e-05 1.27e-05 1.15e-05 1.295e-05 1.25e-05 1.245e-05 1.265e-05 1.93e-05 1.15e-05 1.265e-05 1.31e-05 1.355e-05 1.16e-05 1.2e-05 1.125e-05 1.335e-05 1.195e-05 1.29e-05 1.305e-05 1.355e-05 1.25e-05 1.39e-05 1.205e-05 1.305e-05 1.425e-05 1.295e-05 1.235e-05 1.035e-05 1.29e-05 1.32e-05 1.135e-05 1.105e-05 1.42e-05 1.08e-05 1.03e-05 1.465e-05 1.35e-05 1.3e-05 1.235e-05 1.23e-05 1.405e-05 1.285e-05 1.345e-05 1.18e-05 1.355e-05 1.135e-05 1.265e-05 1.13e-05 1.165e-05 1.16e-05 1.26e-05 1.24e-05 1.16e-05 1.41e-05 1.355e-05 1.05e-05 1.42e-05 1.225e-05 1.31e-05 1.395e-05 1.11e-05 1.35e-05 1.235e-05 1.22e-05 1.295e-05 1.33e-05 1.265e-05 1.42e-05 1.165e-05 1.245e-05 1.09e-05 1.36e-05 1.36e-05 1e-05 1.305e-05 1.29e-05 1.14e-05 1.375e-05 1.275e-05 1.265e-05 1.065e-05 1.105e-05 1.43e-05
25 1.075e-05 1.055e-05 7.45e-06 1.15e-05 9.65e-06 9.75e-06 8.35e-06 9e-06 8.8e-06 1.145e-05 9.6e-06 1.18e-05 1.11e-05 9.9e-06 1.44e-05 9.1e-06 7.25e-06 1.155e-05 9e-06 7.3e-06 8e-06 1.015e-05 8.4e-06 8.45e-06 1.15e-05 1.24e-05 1.33e-05 9.9e-06 1.14e-05 8e-06 8.5e-06 8.15e-06 1.41e-05 9.1e-06 7.95e-06 9.75e-06 9.65e-06 8.95e-06 1.21e-05 1.01e-05 1.15e-05 1.255e-05 1.035e-05 9.8e-06 6.9e-06 7.45e-06 8.65e-06 7.3e-06 7.8e-06 1.385e-05 8.05e-06 7.5e-06 1.115e-05 9.3e-06 1.04e-05 8.8e-06 1.26e-05 9.8e-06 9.15e-06 1.075e-05 7.45e-06 1.14e-05 8.1e-06 8.95e-06 7.5e-06 1.005e-05 8.2e-06 9.05e-06 1.225e-05 8.2e-06 1.34e-05 1.19e-05 9.2e-06 1.065e-05 9.4e-06 8.15e-06 1.04e-05 7.35e-06 6.5e-06 9.5e-06 1.56e-05 1.05e-05 7.8e-06 8.55e-06 1.145e-05 9e-06 8.4e-06 6.65e-06 1.145e-05 1.15e-05 6.5e-06 7.6e-06 1.095e-05 7.6e-06 1.295e-05 9.55e-06 1.075e-05 7.35e-06 8.6e-06 1.195e-05
26 1.125e-05 1.125e-05 1.58e-05 1.405e-05 1.775e-05 1.55e-05 1.28e-05 1.48e-05 9.55e-06 1.115e-05 1.175e-05 1.285e-05 1.32e-05 1.15e-05 1.185e-05 9.3e-06 1.435e-05 1.345e-05 1.48e-05 1.365e-05 1.535e-05 1.3e-05 1.68e-05 1.69e-05 1.265e-05 1.33e-05 1.1e-05 1.805e-05 1.405e-05 1.25e-05 1.695e-05 1.545e-05 9.9e-06 1.38e-05 1.53e-05 1.065e-05 1.39e-05 1.655e-05 1.215e-05 1.005e-05 1.12e-05 1.345e-05 1.505e-05 1.22e-05 1.51e-05 1.445e-05 1.54e-05 1.54e-05 1.655e-05 8.4e-06 1.59e-05 1.47e-05 1.205e-05 1.345e-05 1.51e-05 1.755e-05 9.5e-06 1.09e-05 1.495e-05 1.205e-05 1.405e-05 1.405e-05 1.675e-05 1.475e-05 1.59e-05 1.225e-05 1.395e-05 1.69e-05 6.65e-06 1.395e-05 1.235e-05 1.49e-05 1.075e-05 1.19e-05 1.4e-05 1.46e-05 1.165e-05 1.575e-05 1.22e-05 1.415e-05 1.1e-05 1.3e-05 1.48e-05 1.505e-05 1.4e-05 1.66e-05 1.68e-05 1.455e-05 1.41e-05 1.225e-05 1.48e-05 1.46e-05 1.205e-05 1.595e-05 9.9e-06 1.57e-05 1.305e-05 1.55e-05 1.4e-05 1.305e-05
27 1.54e-05 1.495e-05 5.95e-06 1.14e-05 4.85e-06 7.45e-06 1.17e-05 7.1e-06 1.46e-05 1.245e-05 1.065e-05 1.325e-05 1.055e-05 1.09e-05 1.745e-05 1.485e-05 9e-06 1.145e-05 7.1e-06 8.4e-06 1.02e-05 1.01e-05 5.2e-06 4.45e-06 1.31e-05 9.9e-06 1.805e-05 8.6e-06 1.145e-05 1.16e-05 6.95e-06 6.75e-06 1.69e-05 1.125e-05 1.015e-05 1.42e-05 9.4e-06 5.75e-06 1.345e-05 1.25e-05 1.25e-05 1.415e-05 8.5e-06 1.26e-05 7.3e-06 9e-06 8.4e-06 6.7e-06 7.2e-06 1.76e-05 6.3e-06 7.9e-06 1.455e-05 1.035e-05 8.55e-06 5.9e-06 1.5e-05 1.555e-05 6.9e-06 1.08e-05 9.6e-06 1.11e-05 7.35e-06 7.05e-06 6.05e-06 1.155e-05 8.2e-06 5.75e-06 1.7e-05 8.2e-06 1.48e-05 1.26e-05 1.21e-05 1.545e-05 1.14e-05 9.6e-06 1.52e-05 6.1e-06 1.3e-05 1.16e-05 1.85e-05 1.23e-05 9.15e-06 8.15e-06 1.135e-05 5.15e-06 4.85e-06 7e-06 1.115e-05 1.285e-05 6.9e-06 8.8e-06 1.17e-05 6.1e-06 1.48e-05 8.3e-06 1.045e-05 5.95e-06 8.95e-06 1.365e-05
28 1.085e-05 1.06e-05 1.035e-05 9.35e-06 1.08e-05 1.2e-05 1.17e-05 9.95e-06 1.21e-05 1.12e-05 1.065e-05 1.37e-05 1.25e-05 1.09e-05 1.205e-05 1.22e-05 9.65e-06 9.55e-06 9.95e-06 1.04e-05 9.9e-06 1.205e-05 8.4e-06 8.95e-06 1.355e-05 1.14e-05 1.405e-05 1.145e-05 1.61e-05 1.135e-05 1.01e-05 1.06e-05 1.075e-05 1.045e-05 9.85e-06 1.055e-05 1.155e-05 1.18e-05 1.01e-05 1.31e-05 1.115e-05 1.01e-05 1.08e-05 1.175e-05 1.235e-05 9.7e-06 9.45e-06 1.09e-05 1.04e-05 1.085e-05 1.22e-05 1.275e-05 1.005e-05 1.12e-05 1.07e-05 8.7e-06 1.355e-05 1.12e-05 1.035e-05 1.075e-05 1.115e-05 8.55e-06 1.055e-05 9.9e-06 1.05e-05 1.15e-05 1.205e-05 1.145e-05 1.31e-05 1.205e-05 1.075e-05 8.6e-06 1.295e-05 9.8e-06 1.06e-05 1.275e-05 9.55e-06 1.015e-05 1.1e-05 1.08e-05 1.175e-05 1.11e-05 1.005e-05 1.07e-05 9.15e-06 1.155e-05 8.65e-06 1.115e-05 8.45e-06 1.11e-05 1.22e-05 9.95e-06 1.22e-05 1.05e-05 1.305e-05 1.03e-05 9.4e-06 1.15e-05 1.235e-05 9.8e-06
29 1.16e-05 1.055e-05 8.55e-06 1.195e-05 1.125e-05 9.8e-06 6.95e-06 1.09e-05 1.09e-05 1.27e-05 1.11e-05 1.185e-05 1.205e-05 1.12e-05 1.33e-05 1.1e-05 9.85e-06 1.18e-05 1.09e-05 8.55e-06 9.85e-06 1e-05 1.025e-05 1.04e-05 1.16e-05 8e-06 1.25e-05 1.16e-05 1.135e-05 1.29e-05 9.55e-06 8.9e-06 1.37e-05 8e-06 9.8e-06 1.155e-05 1.085e-05 1.015e-05 1.21e-05 9.4e-06 1.275e-05 1.035e-05 1.125e-05 8.65e-06 7.05e-06 9.9e-06 1.09e-05 8.1e-06 8.25e-06 1.205e-05 8.85e-06 7.4e-06 1.22e-05 1.16e-05 1.13e-05 1.005e-05 1.26e-05 1.01e-05 1.105e-05 1.09e-05 8.8e-06 1.135e-05 8.5e-06 1.085e-05 8.6e-06 1.04e-05 9.3e-06 1.04e-05 1.18e-05 9.3e-06 1.24e-05 1.125e-05 9.7e-06 1.12e-05 8.3e-06 1.01e-05 1.095e-05 8.4e-06 9.7e-06 8.55e-06 1.46e-05 1.015e-05 1.03e-05 1.08e-05 1.19e-05 1.06e-05 1.025e-05 7.2e-06 1.14e-05 1.2e-05 6.8e-06 1.005e-05 1.075e-05 8.7e-06 1.19e-05 1.085e-05 1.195e-05 8.3e-06 7.65e-06 1.12e-05
30 1.41e-05 1.42e-05 5.05e-06 1.09e-05 6.35e-06 7.95e-06 1e-05 7.05e-06 1.355e-05 1.245e-05 9.75e-06 1.195e-05 1.095e-05 1.005e-05 1.63e-05 1.385e-05 8.35e-06 1.03e-05 7.05e-06 7.75e-06 8.1e-06 9.5e-06 4.7e-06 5.2e-06 1.2e-05 8.5e-06 1.695e-05 6.95e-06 1.01e-05 9.55e-06 7.6e-06 5.7e-06 1.58e-05 9.15e-06 8.05e-06 1.355e-05 9.25e-06 7.15e-06 1.255e-05 1.105e-05 1.245e-05 1.185e-05 8.45e-06 1.065e-05 4.9e-06 8.35e-06 8.55e-06 4.7e-06 4.45e-06 1.6e-05 6.1e-06 5.9e-06 1.445e-05 1.095e-05 8.5e-06 4.4e-06 1.46e-05 1.44e-05 7.3e-06 1.06e-05 8.6e-06 1.02e-05 4.4e-06 7e-06 5.1e-06 1.015e-05 7.45e-06 6.45e-06 1.585e-05 7.45e-06 1.39e-05 9.8e-06 1.055e-05 1.395e-05 9.1e-06 1.02e-05 1.37e-05 4.85e-06 1.22e-05 9.6e-06 1.73e-05 1.11e-05 8.8e-06 9e-06 1.085e-05 6.4e-06 4.8e-06 5.65e-06 1.025e-05 1.23e-05 5.3e-06 8.6e-06 1.12e-05 5.2e-06 1.45e-05 6.8e-06 1e-05 5.4e-06 7.5e-06 1.22e-05
31 1.475e-05 1.38e-05 4.25e-06 1.075e-05 6.05e-06 7e-06 9.15e-06 6.65e-06 1.31e-05 1.185e-05 8.95e-06 1.15e-05 1.06e-05 9e-06 1.68e-05 1.3e-05 8.3e-06 1.075e-05 6.65e-06 6.9e-06 9.55e-06 8.55e-06 4.25e-06 4.85e-06 1.125e-05 8.15e-06 1.545e-05 6.75e-06 1.06e-05 8.9e-06 5.7e-06 7.8e-06 1.59e-05 9.55e-06 9.5e-06 1.305e-05 8.7e-06 6.7e-06 1.325e-05 9.9e-06 1.18e-05 1.23e-05 8.05e-06 9.9e-06 4.6e-06 8.25e-06 8.75e-06 4.45e-06 5.45e-06 1.615e-05 5.35e-06 4.3e-06 1.455e-05 1.135e-05 7.95e-06 5.65e-06 1.35e-05 1.385e-05 7.05e-06 9.75e-06 8.35e-06 1.085e-05 5.7e-06 6.6e-06 4.35e-06 9.5e-06 6.7e-06 5.95e-06 1.47e-05 6.7e-06 1.445e-05 1.2e-05 9e-06 1.48e-05 9.8e-06 9.95e-06 1.455e-05 4.1e-06 1.235e-05 9.75e-06 1.78e-05 1.06e-05 8.6e-06 9.25e-06 1.055e-05 5.85e-06 4.5e-06 4.75e-06 1.09e-05 1.135e-05 4.15e-06 8.5e-06 1.015e-05 4.4e-06 1.36e-05 8.1e-06 9.2e-06 4.7e-06 6e-06 1.255e-05
32 8.05e-06 1e-05 1.615e-05 1.145e-05 1.655e-05 1.695e-05 1.4e-05 1.435e-05 1.015e-05 9.35e-06 1.19e-05 1.35e-05 1.42e-05 1.165e-05 8.9e-06 9.9e-06 1.28e-05 9.75e-06 1.435e-05 1.39e-05 1.3e-05 1.49e-05 1.48e-05 1.5e-05 1.335e-05 1.41e-05 9.9e-06 1.69e-05 1.075e-05 1.37e-05 1.58e-05 1.59e-05 9.4e-06 1.285e-05 1.295e-05 8e-06 1.48e-05 1.695e-05 1.04e-05 1.45e-05 9.65e-06 1.195e-05 1.45e-05 1.38e-05 1.77e-05 1.29e-05 1.275e-05 1.655e-05 1.61e-05 8.9e-06 1.735e-05 1.745e-05 8.95e-06 1.235e-05 1.455e-05 1.48e-05 1.125e-05 1.065e-05 1.455e-05 1.32e-05 1.385e-05 1.08e-05 1.625e-05 1.43e-05 1.625e-05 1.12e-05 1.585e-05 1.695e-05 1.025e-05 1.585e-05 1.05e-05 1.08e-05 1.325e-05 9.05e-06 1.3e-05 1.53e-05 8.8e-06 1.61e-05 1.11e-05 1.32e-05 8.05e-06 1.275e-05 1.325e-05 1.315e-05 1.14e-05 1.645e-05 1.485e-05 1.65e-05 1.085e-05 1.01e-05 1.75e-05 1.31e-05 1.4e-05 1.63e-05 1.28e-05 1.445e-05 9.7e-06 1.66e-05 1.67e-05 1.11e-05
33 1.12e-05 1.12e-05 9.2e-06 1.18e-05 1.09e-05 1.07e-05 8.45e-06 1.075e-05 1.19e-05 1.255e-05 1.165e-05 1.225e-05 1.19e-05 1.175e-05 1.21e-05 1.2e-05 1.015e-05 1.095e-05 1.075e-05 9.2e-06 9.4e-06 1.065e-05 1.01e-05 1.025e-05 1.195e-05 9.1e-06 1.38e-05 1.125e-05 1.045e-05 8e-06 9.15e-06 9.55e-06 1.285e-05 1.58e-05 9.35e-06 1.185e-05 1.115e-05 1.06e-05 1.12e-05 1.08e-05 1.26e-05 1.025e-05 1.11e-05 1.015e-05 8.6e-06 1.02e-05 1.055e-05 9.3e-06 8.15e-06 1.19e-05 9.5e-06 8.9e-06 1.205e-05 1.125e-05 1.115e-05 9.15e-06 1.315e-05 1.12e-05 1.09e-05 1.155e-05 9.45e-06 1.045e-05 8.45e-06 1.07e-05 9.25e-06 1.11e-05 9.95e-06 1.08e-05 1.31e-05 9.95e-06 1.15e-05 9.6e-06 1.105e-05 1.075e-05 8.25e-06 1.095e-05 1.05e-05 9.05e-06 1.045e-05 8.45e-06 1.34e-05 1.08e-05 1.06e-05 1.045e-05 1.175e-05 1.045e-05 1.01e-05 8.7e-06 1.05e-05 1.23e-05 8.25e-06 1.035e-05 1.14e-05 9.35e-06 1.25e-05 9.95e-06 1.18e-05 9e-06 9.1e-06 1.075e-05
34 9.65e-06 1.075e-05 8.75e-06 1.07e-05 9.8e-06 1.12e-05 1.005e-05 9.15e-06 9.3e-06 1.145e-05 1.01e-05 1.315e-05 1.19e-05 1.035e-05 1.285e-05 9.5e-06 7.15e-06 1.055e-05 9.15e-06 8.85e-06 6.15e-06 1.22e-05 7.95e-06 8.1e-06 1.29e-05 7.95e-06 1.53e-05 1.015e-05 9.85e-06 9.8e-06 8.05e-06 9.5e-06 1.295e-05 9.35e-06 1.21e-05 9.1e-06 1.055e-05 1e-05 1.115e-05 1.295e-05 1.15e-05 1.16e-05 1.055e-05 1.195e-05 1.005e-05 6.95e-06 7.8e-06 9.15e-06 7.85e-06 1.375e-05 1.025e-05 1.065e-05 1.03e-05 9.05e-06 1.06e-05 7e-06 1.38e-05 1.005e-05 9.3e-06 1.185e-05 8.7e-06 9.85e-06 8.1e-06 9.1e-06 8.8e-06 1.125e-05 1.02e-05 9.95e-06 1.42e-05 1.02e-05 1.25e-05 9e-06 1.15e-05 9e-06 9.6e-06 9e-06 8.85e-06 8.75e-06 6.3e-06 9.8e-06 1.405e-05 1.155e-05 7.25e-06 8.55e-06 1.065e-05 1.02e-05 7.95e-06 8.95e-06 9.9e-06 1.165e-05 9.65e-06 7.05e-06 1.29e-05 8.9e-06 1.46e-05 8.35e-06 1.015e-05 9.6e-06 1.18e-05 1.115e-05
35 7.7e-06 8.35e-06 1.29e-05 1.015e-05 1.38e-05 1.465e-05 1.17e-05 1.12e-05 6.3e-06 8.15e-06 9.5e-06 1.32e-05 1.25e-05 9.45e-06 1.025e-05 6.15e-06 8.05e-06 1.1e-05 1.12e-05 1.05e-05 9.15e-06 1.4e-05 1.13e-05 1.16e-05 1.305e-05 9.75e-06 1.065e-05 1.42e-05 1.055e-05 1.155e-05 1.355e-05 1.305e-05 8e-06 1.185e-05 9.1e-06 9.1e-06 1.215e-05 1.4e-05 1.06e-05 1.395e-05 8.1e-06 1.31e-05 1.245e-05 1.295e-05 1.505e-05 7.9e-06 8.85e-06 1.32e-05 1.42e-05 1.125e-05 1.485e-05 1.505e-05 7.05e-06 8.85e-06 1.245e-05 1.255e-05 1.09e-05 7.85e-06 1.15e-05 1.21e-05 1.04e-05 1.07e-05 1.435e-05 1.115e-05 1.305e-05 1.005e-05 1.315e-05 1.37e-05 1.04e-05 1.315e-05 1.175e-05 1.18e-05 1.145e-05 7.35e-06 1.2e-05 1.055e-05 7.15e-06 1.3e-05 4.8e-06 1.22e-05 1.065e-05 1.185e-05 8.15e-06 9.7e-06 1.005e-05 1.395e-05 1.145e-05 1.32e-05 1.075e-05 9.15e-06 1.47e-05 8.15e-06 1.34e-05 1.305e-05 1.325e-05 1.25e-05 8.1e-06 1.395e-05 1.57e-05 1.14e-05
36 1.31e-05 1.28e-05 8.3e-06 1.1e-05 9.2e-06 9.35e-06 1.11e-05 6.75e-06 1.25e-05 9.9e-06 1.095e-05 1.37e-05 7.45e-06 1.105e-05 1.595e-05 1.26e-05 9.1e-06 1.155e-05 6.75e-06 9.35e-06 1.06e-05 8.15e-06 7.75e-06 7.65e-06 1.355e-05 9.65e-06 1.39e-05 9.4e-06 1.155e-05 1.085e-05 9.25e-06 8.7e-06 1.48e-05 1.115e-05 1.055e-05 1.215e-05 1.17e-05 9.9e-06 1.06e-05 1.08e-05 9.95e-06 1.27e-05 8.3e-06 1.18e-05 9.15e-06 9.15e-06 1e-05 8.65e-06 9.65e-06 1.38e-05 8.95e-06 9.5e-06 1.24e-05 9.05e-06 8.35e-06 8.95e-06 1.2e-05 1.27e-05 6.8e-06 9.1e-06 1.01e-05 1.145e-05 9.8e-06 6.7e-06 8.4e-06 1.155e-05 7.5e-06 9.3e-06 1.335e-05 7.5e-06 1.215e-05 1.295e-05 1.19e-05 1.315e-05 1.13e-05 1.075e-05 1.29e-05 8.3e-06 1.07e-05 1.15e-05 1.685e-05 1.155e-05 9.35e-06 9.75e-06 1.095e-05 8.15e-06 7.65e-06 9e-06 1.15e-05 1.015e-05 8.9e-06 9.2e-06 1e-05 8.45e-06 1.065e-05 8.2e-06 1.08e-05 8.15e-06 9.7e-06 1.06e-05
37 1.49e-05 1.43e-05 5.95e-06 1.22e-05 5.4e-06 6.75e-06 1.025e-05 8.15e-06 1.36e-05 1.32e-05 1.05e-05 1.26e-05 1.155e-05 1.08e-05 1.725e-05 1.385e-05 9.1e-06 1.185e-05 8.15e-06 7.95e-06 1.005e-05 1.015e-05 6.2e-06 6.2e-06 1.25e-05 8.95e-06 1.655e-05 5.75e-06 1.18e-05 1.015e-05 7.15e-06 6.7e-06 1.695e-05 1.06e-05 1e-05 1.4e-05 9.9e-06 9.5e-06 1.39e-05 1.11e-05 1.325e-05 1.35e-05 9.45e-06 1.115e-05 6.15e-06 9.15e-06 8.9e-06 6.1e-06 6.9e-06 1.66e-05 6.25e-06 6.8e-06 1.51e-05 1.095e-05 9.45e-06 7e-06 1.48e-05 1.43e-05 8.35e-06 1.005e-05 9.3e-06 1.185e-05 7e-06 8.1e-06 6.05e-06 1.115e-05 8.25e-06 5.65e-06 1.55e-05 8.25e-06 1.51e-05 1.27e-05 1.095e-05 1.495e-05 1.07e-05 8.6e-06 1.47e-05 6.05e-06 1.22e-05 1.095e-05 1.83e-05 1.205e-05 9.4e-06 8.65e-06 1.21e-05 6.1e-06 6.25e-06 5.45e-06 1.19e-05 1.295e-05 5.85e-06 9.3e-06 1.145e-05 6.1e-06 1.435e-05 9.1e-06 1.11e-05 5.9e-06 7.9e-06 1.345e-05
38 1.03e-05 1.04e-05 1.285e-05 1.09e-05 1.325e-05 1.425e-05 1.235e-05 9.9e-06 1.15e-05 9.35e-06 1.205e-05 1.405e-05 9.2e-06 1.215e-05 1.15e-05 1.16e-05 1.125e-05 1.085e-05 9.9e-06 1.16e-05 1.12e-05 1.09e-05 1.2e-05 1.19e-05 1.39e-05 1.21e-05 1.215e-05 1.345e-05 1.01e-05 1.21e-05 1.255e-05 1.325e-05 1.04e-05 1.12e-05 1.115e-05 1.06e-05 1.06e-05 1.39e-05 1.58e-05 1.25e-05 9.4e-06 1.145e-05 1.115e-05 1.26e-05 1.4e-05 1.13e-05 1.12e-05 1.35e-05 1.265e-05 9.5e-06 1.35e-05 1.435e-05 9.65e-06 9.15e-06 1.12e-05 1.165e-05 1.17e-05 1.11e-05 9.95e-06 1.06e-05 1.175e-05 9.85e-06 1.28e-05 9.85e-06 1.295e-05 1.24e-05 1.095e-05 1.385e-05 1.125e-05 1.095e-05 9.15e-06 9.85e-06 1.33e-05 9.6e-06 1.135e-05 1.32e-05 9.25e-06 1.285e-05 1.075e-05 1.155e-05 1.105e-05 1.175e-05 1.15e-05 1.12e-05 1.085e-05 1.265e-05 1.19e-05 1.35e-05 1.005e-05 1.22e-05 1.375e-05 1.135e-05 1.125e-05 1.3e-05 1.03e-05 9.8e-06 1.135e-05 1.295e-05 1.385e-05 1.075e-05
39 1.36e-05 1.275e-05 9.55e-06 1.355e-05 1.21e-05 1.06e-05 9.75e-06 1.105e-05 1.29e-05 1.27e-05 1.205e-05 1.235e-05 1.095e-05 1.215e-05 1.58e-05 1.3e-05 1.24e-05 1.275e-05 1.105e-05 9.9e-06 1.3e-05 9.15e-06 1.175e-05 1.195e-05 1.205e-05 1.01e-05 1.005e-05 1.25e-05 1.31e-05 9.4e-06 1.105e-05 9.9e-06 1.45e-05 1.08e-05 1.295e-05 1.395e-05 1.08e-05 1.11e-05 1.25e-05 1.39e-05 1.275e-05 1.225e-05 1.15e-05 9.45e-06 7.75e-06 1.245e-05 1.345e-05 9.2e-06 9.9e-06 1.07e-05 9.05e-06 8e-06 1.465e-05 1.28e-05 1.155e-05 1.215e-05 1.23e-05 1.235e-05 1.12e-05 1.03e-05 1.085e-05 1.31e-05 1.02e-05 1.1e-05 9.6e-06 1.135e-05 8.95e-06 1.125e-05 1.02e-05 8.95e-06 1.29e-05 1.36e-05 1.015e-05 1.4e-05 1.11e-05 1.2e-05 1.375e-05 9.45e-06 1.33e-05 1.115e-05 1.575e-05 1.125e-05 1.285e-05 1.275e-05 1.35e-05 1.065e-05 1.175e-05 8.45e-06 1.315e-05 1.315e-05 7.3e-06 1.26e-05 9.5e-06 9.7e-06 9.6e-06 1.16e-05 1.33e-05 8.85e-06 7.65e-06 1.275e-05
40 1.105e-05 1.09e-05 1.17e-05 1.055e-05 1.215e-05 1.39e-05 1.3e-05 8.15e-06 9.95e-06 6.65e-06 9.95e-06 1.32e-05 8.15e-06 9.95e-06 1.235e-05 9.9e-06 9.85e-06 1.11e-05 8.1e-06 1.05e-05 1.155e-05 1.085e-05 1.005e-05 1.02e-05 1.305e-05 1.15e-05 1.12e-05 1.25e-05 1.115e-05 1.275e-05 1.245e-05 1.18e-05 9.65e-06 1.26e-05 1.15e-05 8.1e-06 9.95e-06 1.325e-05 9.4e-06 1.275e-05 1.28e-05 1.41e-05 9.95e-06 1.35e-05 1.37e-05 9.9e-06 9.95e-06 1.225e-05 1.33e-05 1.195e-05 1.29e-05 1.375e-05 9.55e-06 8.1e-06 9.95e-06 1.16e-05 1.01e-05 1.17e-05 8.25e-06 1.04e-05 1.105e-05 1.12e-05 1.345e-05 8.1e-06 1.185e-05 1.03e-05 1e-05 1.25e-05 1.095e-05 1.005e-05 1.11e-05 1.28e-05 1.19e-05 1.12e-05 1.275e-05 1.26e-05 1.095e-05 1.17e-05 9.85e-06 1.295e-05 1.255e-05 1.22e-05 1.005e-05 1.025e-05 1.045e-05 1.15e-05 1.01e-05 1.28e-05 1.125e-05 1.03e-05 1.345e-05 1.005e-05 1.145e-05 1.185e-05 1.085e-05 9.85e-06 8.4e-06 1.21e-05 1.445e-05 1.285e-05
41 1.195e-05 1.02e-05 1.225e-05 1.1e-05 1.385e-05 1.225e-05 1.07e-05 1.35e-05 1.42e-05 1.405e-05 1.355e-05 1.455e-05 1.46e-05 1.345e-05 1.255e-05 1.41e-05 1.26e-05 1.13e-05 1.35e-05 1.24e-05 1.155e-05 1.215e-05 1.22e-05 1.23e-05 1.425e-05 1.255e-05 1.345e-05 1.415e-05 1.01e-05 1.035e-05 1.185e-05 1.23e-05 1.195e-05 1.025e-05 1.16e-05 1.31e-05 1.27e-05 1.35e-05 1.145e-05 1.225e-05 1.41e-05 1.38e-05 1.315e-05 9.85e-06 1.27e-05 1.27e-05 1.3e-05 1.24e-05 1.1e-05 9.9e-06 1.345e-05 1.265e-05 1.19e-05 1.435e-05 1.32e-05 1.1e-05 1.44e-05 1.02e-05 1.365e-05 1.17e-05 1.285e-05 1.005e-05 1.13e-05 1.345e-05 1.23e-05 1.295e-05 1.37e-05 1.375e-05 1.31e-05 1.37e-05 1.105e-05 8.85e-06 1.375e-05 1.08e-05 1.055e-05 1.43e-05 1.05e-05 1.215e-05 1.33e-05 1.07e-05 1.22e-05 1.1e-05 1.305e-05 1.375e-05 1.095e-05 1.425e-05 1.22e-05 1.18e-05 1.015e-05 1.195e-05 1.23e-05 1.285e-05 1.255e-05 1.24e-05 1.265e-05 1.235e-05 1.265e-05 1.3e-05 1.09e-05 9.2e-06
