 slim_337489992 slim_337490075 slim_337490088 slim_337490020 slim_337490032 slim_337490144 slim_337490101 slim_337490052 slim_337490017 slim_337489838 slim_337490072 slim_337489927 slim_337490009 slim_337490112 slim_337490000 slim_337490091 slim_337490074 slim_337490130 slim_337490136 slim_337490049 slim_337490061 slim_337490142 slim_337490121 slim_337490040 slim_337490065 slim_337490070 slim_337490117 slim_337490036 slim_337490138 slim_337490108 slim_337489925 slim_337490076 slim_337490148 slim_337490106 slim_337490068 slim_337490111 slim_337490050 slim_337490051 slim_337490119 slim_337489919 slim_337490082 slim_337490134 slim_337490124 slim_337490045 slim_337490110 slim_337489928 slim_337490132 slim_337490150 slim_337490030 slim_337490048 slim_337490154 slim_337490057 slim_337490120 slim_337489879 slim_337490114 slim_337490028 slim_337490006 slim_337489975 slim_337490089 slim_337489993 slim_337490149 slim_337490125 slim_337490151 slim_337490063 slim_337490062 slim_337490145 slim_337490095 slim_337490141 slim_337490029 slim_337490104 slim_337489957 slim_337490079 slim_337490073 slim_337489733 slim_337490064 slim_337490143 slim_337490147 slim_337490153 slim_337490155 slim_337490107 slim_337490093 slim_337489903 slim_337489656 slim_337490016 slim_337490090 slim_337490109 slim_337489931 slim_337490137 slim_337489995 slim_337490099 slim_337490042 slim_337489987 slim_337490128 slim_337489613 slim_337490002 slim_337490097 slim_337490047 slim_337490135
0 1.2e-06 0.00031885 0.00063315 0.000497 0.0003215 0.0005425 3.28e-05 4.9e-05 0.0004303 0.00029605 0.00031965 0.00054865 0.0003228 1.3e-06 0.00015475 0.00022355 0.00038605 0.0006178 0.0003379 0.0005416 0.00060775 9.87e-05 0.0002965 0.0001989 0.00033585 0.00043395 0.00015495 0.00056345 0.00040945 0.00019325 0.0004177 3.275e-05 0.0001602 0.0006119 0.00027505 1.445e-05 7.5e-07 0.0005015 0.0005746 0.0004126 0.00027515 8.5e-07 0.0004966 0.0003039 0.00051845 2.775e-05 0.0003895 0.000549 0.00060785 0.0003381 0.0004754 0.0005744 0.0006226 0.00027485 0.0004471 0.00022355 0.0003005 0.0004178 0.00020155 0.00011225 0.0004082 0.0003662 0.0002768 0.00033385 0.00033565 0.00035845 0.00040805 0.0003777 0.0003168 0.0001153 6.5e-07 0.00027525 0.0002459 0.0005549 0.00030335 0.00011215 0.00056355 0.000679 0.00013155 3.335e-05 0.0002747 0.0001805 0.0004752 0.00028915 1.4e-06 0.0003936 0.0002237 0.00047535 0.00025055 0.000507 0.0003255 5.535e-05 0.00046525 0.00028455 0.0005667 0.0003929 0.00023915 0.00056635
1 0.00031885 0.0006274 0.0005329 0.0004919 0.00051095 0.0004396 0.0003368 0.0003449 0.00049985 0.00038935 0.00045685 0.00054135 0.00042775 0.00031865 0.00031715 0.00039315 0.00039905 0.00048945 0.00044475 0.00035475 0.0005141 0.00037895 0.0003839 0.0003238 0.0005316 0.00038935 0.0003171 0.0004763 0.0004925 0.00042135 0.0005861 0.00033685 0.0003459 0.0004879 0.0003621 0.0003321 0.00031895 0.0004638 0.00069055 0.00036915 0.00036225 0.0003188 0.00051095 0.0005137 0.00044585 0.00034545 0.00043495 0.00040545 0.0005142 0.00044455 0.00048115 0.0004243 0.0004007 0.000362 0.0003983 0.00043735 0.000381 0.0005863 0.00043795 0.0003559 0.00051365 0.00048895 0.0004207 0.0004707 0.00053145 0.00038975 0.00051355 0.0005553 0.0004209 0.00039145 0.00031875 0.00036235 0.00034825 0.00054495 0.0005135 0.0003561 0.0004764 0.0006904 0.0003997 0.0003369 0.00036195 0.0004089 0.00048095 0.00043285 0.00031865 0.00045475 0.00033465 0.0004811 0.0003746 0.00039765 0.000384 0.0003505 0.0003597 0.0003435 0.00058355 0.0004096 0.00041145 0.0005579
2 0.00063315 0.0005329 0.0003841 0.00046445 0.000507 0.00031915 0.0006467 0.0006521 0.00066335 0.0005534 0.0004162 0.00042105 0.0005431 0.00063275 0.0005284 0.0006212 0.00041025 0.00019595 0.0005766 0.00042235 0.00019595 0.00063205 0.000494 0.00049505 0.0006541 0.00047565 0.00052835 0.00041055 0.00060055 0.00067725 0.0005694 0.00064675 0.0006921 0.0003598 0.0004164 0.00064635 0.0006332 0.0003957 0.00063495 0.00056895 0.00041655 0.0006331 0.0004962 0.00064075 0.0004001 0.0006597 0.0003453 0.0001998 0.000196 0.00057645 0.0003662 0.00019605 0.00035035 0.0004163 0.0007164 0.00061555 0.00041265 0.0005693 0.00058295 0.00062705 0.00069845 0.00042605 0.00063025 0.0004125 0.000654 0.00039715 0.0006984 0.000572 0.00056315 0.0005618 0.000633 0.00041665 0.0004989 0.00041755 0.0006407 0.00062725 0.00041065 0.00069255 0.0005673 0.0006465 0.00041625 0.0006241 0.000366 0.0006271 0.00063275 0.00051935 0.0005048 0.00036615 0.0006607 0.00031135 0.0005247 0.0006406 0.00027455 0.0007365 0.0005383 0.0003839 0.00048875 0.00027
3 0.000497 0.0004919 0.00046445 0.0006664 0.00058275 0.0003848 0.00048785 0.00048245 0.0006465 0.00043395 0.0005283 0.00052725 0.0004645 0.0004967 0.0004444 0.00037295 0.00035545 0.00043495 0.00048565 0.0004444 0.000449 0.0005257 0.0004557 0.00042695 0.000589 0.0005027 0.00044435 0.0003601 0.00049895 0.00041495 0.000589 0.0004879 0.00058185 0.00040625 0.00041765 0.0005102 0.00049705 0.0004841 0.00070905 0.0004834 0.0004178 0.00049695 0.00052835 0.00059835 0.000412 0.00052355 0.0004085 0.00033845 0.0004491 0.0004856 0.0004842 0.00035395 0.0004353 0.00041755 0.0006186 0.0005283 0.0004332 0.00058885 0.00056355 0.00043485 0.0006775 0.00051895 0.000482 0.0005282 0.0005889 0.0003767 0.00067745 0.0005893 0.0004916 0.0004876 0.00049685 0.0004179 0.00042525 0.00052695 0.00059835 0.00043505 0.0003602 0.0007881 0.0004823 0.0004876 0.0004175 0.0005002 0.000484 0.00043925 0.0004967 0.0004667 0.00041525 0.00048415 0.0005643 0.0003732 0.00039625 0.0004976 0.00034515 0.0006468 0.00056515 0.000485 0.0005377 0.000569
4 0.0003215 0.00051095 0.000507 0.00058275 0.0005178 0.00053785 0.00032455 0.00032945 0.0005089 0.0004996 0.00038735 0.0005578 0.0004148 0.00032135 0.00041765 0.00043975 0.00048965 0.0005194 0.00053705 0.0006773 0.0005071 0.00029025 0.00042925 0.00046045 0.00045125 0.0005045 0.0004176 0.00062615 0.00054045 0.00046115 0.0004372 0.0003246 0.00039525 0.0006462 0.0004307 0.00033475 0.00032155 0.00058855 0.00057245 0.0005602 0.0004308 0.00032145 0.00058365 0.0004484 0.00060625 0.00034815 0.00041975 0.00054 0.0005072 0.000537 0.0004169 0.0005399 0.00065145 0.00043055 0.0005984 0.0002708 0.00043065 0.0004373 0.0003077 0.0003805 0.00053625 0.00040075 0.0004999 0.0003978 0.00045115 0.00048065 0.0005362 0.00042595 0.00049005 0.00031025 0.00032135 0.0004309 0.00044055 0.0005543 0.0004484 0.0003807 0.00062625 0.0006602 0.00031535 0.0003243 0.00043055 0.00028835 0.0004167 0.0005168 0.00032135 0.00040915 0.000457 0.00041685 0.000356 0.00060285 0.0005362 0.00030785 0.00056325 0.00044935 0.00055335 0.0005095 0.00041345 0.00048605
5 0.0005425 0.0004396 0.00031915 0.0003848 0.00053785 0.0003588 0.00054555 0.00055045 0.0006752 0.00043235 0.00049 0.0004739 0.00034775 0.00054215 0.0004284 0.00046105 0.0003203 0.00026155 0.00046455 0.00032095 0.000319 0.000512 0.0003637 0.00039415 0.0006581 0.0004293 0.00042835 0.00033245 0.0004681 0.0005482 0.0006397 0.0005456 0.00061035 0.0002832 0.0003612 0.0005557 0.00054255 0.00040765 0.00076515 0.00045265 0.00036105 0.00054245 0.0005044 0.00065525 0.00032465 0.00056905 0.00034555 0.00017975 0.000319 0.00046445 0.0004045 0.00017955 0.00029045 0.0003608 0.00059135 0.00045545 0.00036115 0.0006397 0.0005858 0.00050165 0.00069935 0.0005034 0.0005088 0.00050045 0.000658 0.0003319 0.0006993 0.00062835 0.0004964 0.0005269 0.00054235 0.00036115 0.0003813 0.00047065 0.00065525 0.00050185 0.00033255 0.00080915 0.0005319 0.0005453 0.00036105 0.00047285 0.0004043 0.00051385 0.00054215 0.0003045 0.0003972 0.00040445 0.0005337 0.00024535 0.00038995 0.0005294 0.00021295 0.0006584 0.0004739 0.00040635 0.00052055 0.00047475
6 3.28e-05 0.0003368 0.0006467 0.00048785 0.00032455 0.00054555 6.49e-05 3.295e-05 0.00043875 0.0002641 0.0003426 0.00056185 0.00030505 3.31e-05 0.0001867 0.0001917 0.0003769 0.00063135 0.0003527 0.00055955 0.0006213 0.0001109 0.0003087 0.00023075 0.000304 0.00044275 0.0001868 0.0005543 0.0003943 0.0001932 0.00040855 3.26e-05 0.00017815 0.00061755 0.00029775 4.63e-05 3.26e-05 0.0005015 0.0005745 0.0003987 0.00029785 3.295e-05 0.0004966 0.0003039 0.00053165 5.97e-05 0.00040305 0.00056255 0.0006214 0.0003529 0.00046815 0.00058795 0.0006314 0.00029755 0.00045115 0.0002162 0.0003232 0.00040865 0.00020345 0.00011225 0.00042605 0.00035705 0.0002672 0.00035655 0.0003037 0.00038115 0.00042625 0.0003683 0.0003316 0.000138 3.26e-05 0.00029795 0.0002478 0.0005681 0.00030335 0.00011225 0.0005544 0.00069685 0.00013825 3.325e-05 0.00029735 0.00016275 0.00046795 0.0002894 3.32e-05 0.00038615 0.00022345 0.0004681 0.00024885 0.0005279 0.0003255 5.715e-05 0.00048795 0.0002886 0.00054705 0.00042475 0.000271 0.00058905
7 4.9e-05 0.0003449 0.0006521 0.00048245 0.00032945 0.00055045 3.295e-05 3.37e-05 0.0004468 0.00024775 0.00035325 0.00057245 0.0002991 4.915e-05 0.0002029 0.0001755 0.00037145 0.0006367 0.0003603 0.00056765 0.00062665 0.00012105 0.00031895 0.0002468 0.0002879 0.0004455 0.00020285 0.00054885 0.00038555 0.00019305 0.00040335 3.3e-05 0.00018625 0.0006196 0.0003083 6.23e-05 4.91e-05 0.0005013 0.0005744 0.0003906 0.0003085 4.895e-05 0.0004967 0.0003038 0.00054225 7.57e-05 0.0004084 0.00056785 0.00062675 0.0003603 0.00046265 0.0005933 0.00063415 0.00030825 0.00045125 0.0002207 0.0003338 0.00040325 0.0002033 0.00011205 0.00043445 0.00035155 0.000267 0.00036725 0.00028765 0.00039185 0.00043435 0.00036315 0.00033895 0.0001486 4.89e-05 0.0003085 0.0002476 0.0005787 0.00030365 0.00011235 0.00054895 0.00070495 0.00013275 3.3e-05 0.00030825 0.0001568 0.00046245 0.0002893 4.905e-05 0.00039065 0.0002233 0.0004626 0.0002512 0.00053855 0.0003253 5.725e-05 0.0004986 0.0002888 0.0005412 0.00044075 0.0002869 0.0005997
8 0.0004303 0.00049985 0.00066335 0.0006465 0.0005089 0.0006752 0.00043875 0.0004468 0.0007766 0.00052255 0.0005116 0.0005245 0.00057895 0.00042985 0.000479 0.00048675 0.0005773 0.0006775 0.00059415 0.00058095 0.0006445 0.00048165 0.0005603 0.0005089 0.00042975 0.00055915 0.00047895 0.0006578 0.00061675 0.00050125 0.0004925 0.0004388 0.0004399 0.00071305 0.00054925 0.0004435 0.00043035 0.0005513 0.0004038 0.0004932 0.00054935 0.00043025 0.0004959 0.0004214 0.0005791 0.00045685 0.00062065 0.0006683 0.0006446 0.000594 0.00055615 0.00068715 0.00062545 0.0005491 0.0004886 0.000517 0.00056815 0.0004927 0.0004372 0.0004584 0.00048115 0.00053405 0.00046865 0.0005254 0.00042965 0.0005681 0.0004811 0.0004617 0.00056355 0.0005015 0.00043015 0.00054945 0.00052675 0.0005282 0.00042125 0.0004586 0.0006579 0.00046345 0.00050965 0.00043875 0.0005491 0.00048855 0.00055595 0.0005387 0.00042985 0.0005916 0.0005123 0.0005561 0.00046035 0.00062405 0.0005181 0.0004532 0.00062265 0.00043495 0.0005449 0.00051605 0.00046745 0.0005572
9 0.00029605 0.00038935 0.0005534 0.00043395 0.0004996 0.00043235 0.0002641 0.00024775 0.00052255 0.0004621 0.0004516 0.0004858 0.00036355 0.00029585 0.00029585 0.0002745 0.00034735 0.00051005 0.00043025 0.0003849 0.0005279 0.0003535 0.0003613 0.0003038 0.00037545 0.0004808 0.0002958 0.00041245 0.0004242 0.0003385 0.0005026 0.00026415 0.00041845 0.00049245 0.0003583 0.0003093 0.0002961 0.00035745 0.00055095 0.00035615 0.0003584 0.000296 0.000408 0.00040745 0.00039445 0.0003227 0.0004536 0.00042065 0.000528 0.0004302 0.00044025 0.00044615 0.00044685 0.00035815 0.0005217 0.00041155 0.00038385 0.00050235 0.000378 0.00028515 0.0005407 0.0004336 0.0002998 0.00046555 0.000375 0.00039465 0.00054065 0.0004629 0.00040845 0.0003911 0.0002959 0.0003585 0.00029025 0.00049205 0.0004075 0.00028535 0.00041255 0.0006841 0.00037485 0.0002636 0.00035815 0.00034775 0.00044005 0.00035005 0.00029585 0.00042815 0.0002642 0.0004402 0.0004467 0.0003563 0.0002784 0.0002897 0.0003587 0.0005112 0.00047405 0.0003896 0.0003899 0.0005539
10 0.00031965 0.00045685 0.0004162 0.0005283 0.00038735 0.00049 0.0003426 0.00035325 0.0005116 0.0004516 0.0006387 0.00046275 0.00047195 0.00031985 0.0003687 0.000442 0.0004295 0.00043055 0.00048965 0.0005366 0.0003824 0.00038685 0.00043925 0.0003723 0.000451 0.0004765 0.00036865 0.0005299 0.00053725 0.00044645 0.0004616 0.00034265 0.0004277 0.0005383 0.00036865 0.00033315 0.00032 0.0004286 0.0005141 0.00052635 0.00036875 0.0003196 0.00047685 0.00042835 0.00050655 0.0003464 0.0004023 0.00041745 0.0003825 0.00048955 0.00039955 0.00045125 0.00053685 0.0003685 0.00061185 0.000465 0.0004025 0.00046155 0.00035085 0.00038085 0.0005241 0.0003565 0.0004806 0.0003336 0.00045085 0.00043025 0.00052375 0.00042835 0.0004789 0.0003533 0.0003198 0.00036885 0.0003995 0.00046245 0.0004282 0.00038105 0.00053 0.00060975 0.00036415 0.00034265 0.0003685 0.00042905 0.00039935 0.00048075 0.00031985 0.00051955 0.00039135 0.0003995 0.00048625 0.00045625 0.00046045 0.0003508 0.0004172 0.0005159 0.0005475 0.0003685 0.00031985 0.00032805
11 0.00054865 0.00054135 0.00042105 0.00052725 0.0005578 0.0004739 0.00056185 0.00057245 0.0005245 0.0004858 0.00046275 0.0007255 0.00058225 0.0005482 0.00047065 0.000553 0.0004645 0.0004069 0.0006014 0.0004492 0.00039035 0.0006099 0.00052495 0.00046365 0.0004835 0.0005616 0.0004706 0.00044455 0.0006236 0.00057845 0.00050875 0.0005619 0.00064745 0.0005152 0.0004625 0.00056185 0.0005487 0.0003817 0.00037875 0.0005414 0.00046235 0.0005486 0.0003789 0.00047035 0.0003696 0.0005752 0.00050085 0.0003762 0.00039045 0.00060125 0.00042685 0.00040665 0.0004544 0.0004621 0.00068175 0.00065555 0.000493 0.00050865 0.000513 0.0005507 0.0006002 0.00048995 0.00046895 0.0004766 0.0004834 0.0004724 0.00060015 0.00046895 0.0005681 0.00058705 0.0005485 0.00046245 0.0004809 0.0003695 0.0004703 0.0005509 0.00044465 0.0005085 0.00059775 0.0005618 0.00046235 0.00061645 0.00042665 0.0005308 0.0005482 0.00060595 0.0004719 0.0004268 0.0006782 0.00037315 0.0004561 0.0005708 0.00037245 0.0007317 0.00047685 0.00037955 0.00045765 0.0003802
12 0.0003228 0.00042775 0.0005431 0.0004645 0.0004148 0.00034775 0.00030505 0.0002991 0.00057895 0.00036355 0.00047195 0.00058225 0.0004686 0.00032265 0.0003622 0.00031485 0.00038775 0.0005139 0.0004277 0.0004995 0.00055155 0.0002789 0.0003211 0.0003649 0.0004881 0.0004793 0.00036215 0.0005003 0.0004007 0.00038055 0.00054785 0.0003051 0.00041015 0.00049675 0.00039185 0.00033605 0.00032285 0.00050375 0.00070735 0.00044395 0.000392 0.00032275 0.0005484 0.0005061 0.00050095 0.00034945 0.0004339 0.0004611 0.00055165 0.0004277 0.000462 0.00045265 0.0005265 0.00039175 0.00052175 0.000236 0.00038345 0.0005478 0.0003929 0.00031865 0.0005893 0.00046445 0.00041385 0.0004824 0.000488 0.0004014 0.00058925 0.00052995 0.0004622 0.00036445 0.00032265 0.00039205 0.00032095 0.0005853 0.0005061 0.0003189 0.0005004 0.00079045 0.0003588 0.0003047 0.00039175 0.0002358 0.0004618 0.00043105 0.0003226 0.0002357 0.00034705 0.00046195 0.0003423 0.0004669 0.0003889 0.00027865 0.00043405 0.0004727 0.000465 0.00048445 0.0004451 0.000601
13 1.3e-06 0.00031865 0.00063275 0.0004967 0.00032135 0.00054215 3.31e-05 4.915e-05 0.00042985 0.00029585 0.00031985 0.0005482 0.00032265 1.6e-06 0.00015505 0.00022315 0.00038565 0.0006174 0.0003379 0.00054135 0.00060735 9.87e-05 0.00029635 0.000199 0.0003357 0.00043355 0.0001551 0.00056305 0.0004091 0.00019255 0.00041735 3.315e-05 0.0001597 0.0006115 0.00027495 1.465e-05 1.25e-06 0.00050135 0.0005743 0.00041225 0.000275 1.3e-06 0.0004964 0.00030375 0.000518 2.815e-05 0.0003891 0.0005486 0.00060745 0.00033795 0.00047515 0.000574 0.0006222 0.0002748 0.00044675 0.00022335 0.0003004 0.0004175 0.00020155 0.00011215 0.0004082 0.000366 0.00027655 0.0003337 0.0003355 0.00035825 0.00040825 0.0003776 0.00031675 0.0001152 1e-06 0.00027515 0.00024595 0.00055445 0.0003034 0.00011225 0.00056315 0.0006787 0.0001314 3.345e-05 0.0002747 0.0001803 0.00047495 0.00028935 1e-06 0.00039325 0.00022375 0.0004751 0.0002502 0.00050675 0.00032535 5.555e-05 0.0004651 0.0002842 0.00056635 0.0003929 0.00023925 0.00056615
14 0.00015475 0.00031715 0.0005284 0.0004444 0.00041765 0.0004284 0.0001867 0.0002029 0.000479 0.00029585 0.0003687 0.00047065 0.0003622 0.00015505 0.0003089 0.0002715 0.00033345 0.00048515 0.0003773 0.00038795 0.000503 0.00025255 0.00029945 0.00020185 0.00041135 0.0004276 0.00015465 0.0004258 0.0004488 0.00029405 0.00049315 0.00018665 0.00030725 0.0004978 0.0002754 0.0001683 0.0001546 0.00039655 0.00057175 0.00038595 0.0002755 0.000155 0.00041865 0.0003794 0.0003793 0.0001817 0.0003897 0.00039585 0.0005031 0.00037755 0.00041805 0.00042125 0.0004689 0.0002752 0.00049475 0.0003507 0.00030085 0.0004933 0.0002977 0.00021315 0.00048365 0.00041495 0.00029115 0.0003826 0.00041115 0.00031165 0.0004838 0.00045325 0.0003165 0.0002691 0.0001545 0.0002756 0.0002463 0.0004769 0.00037885 0.00021305 0.0004259 0.0006761 0.00028525 0.0001872 0.00027505 0.00030755 0.00041785 0.0003053 0.00015515 0.0004062 0.0002241 0.000418 0.0003755 0.00035365 0.0002785 0.0002092 0.00031215 0.0004296 0.00052495 0.0002875 0.0002879 0.00051
15 0.00022355 0.00039315 0.0006212 0.00037295 0.00043975 0.00046105 0.0001917 0.0001755 0.00048675 0.0002745 0.000442 0.000553 0.00031485 0.00022315 0.0002715 7e-07 0.0002516 0.00060575 0.00039595 0.0005053 0.0005957 0.00028075 0.0003486 0.00029135 0.0003648 0.00047 0.00027145 0.0004638 0.0004061 0.0002023 0.00049215 0.00019175 0.00033005 0.00053555 0.0003632 0.00023675 0.0002236 0.00046355 0.00060305 0.00037355 0.0003633 0.0002235 0.0004753 0.00039725 0.0004889 0.0002501 0.00045825 0.00050295 0.0005958 0.0003958 0.00045815 0.00052845 0.00056715 0.00036305 0.00051005 0.0003121 0.00038875 0.00049195 0.0003185 0.000112 0.00052845 0.00042355 0.00031715 0.0004559 0.0003651 0.0003228 0.0005284 0.0004528 0.00039835 0.00031835 0.0002234 0.0003634 0.0002928 0.00055925 0.0003973 0.0001122 0.0004639 0.00073415 0.0003023 0.0001914 0.00036305 0.00024855 0.00045795 0.000324 0.00022315 0.00035275 0.000267 0.0004581 0.0003463 0.00047655 0.00024465 0.0002172 0.00043865 0.0004218 0.00050505 0.00042835 0.0003805 0.0006074
16 0.00038605 0.00039905 0.00041025 0.00035545 0.00048965 0.0003203 0.0003769 0.00037145 0.0005773 0.00034735 0.0004295 0.0004645 0.00038775 0.00038565 0.00033345 0.0002516 0.0005025 0.00036665 0.00043835 0.0003762 0.00037645 0.0004328 0.00037515 0.00032835 0.0005138 0.0004096 0.0003334 0.00034615 0.00045535 0.00038895 0.00054715 0.00037695 0.00047655 0.00037105 0.0003188 0.00039925 0.0003861 0.00041 0.00067005 0.0004026 0.000319 0.000386 0.00046575 0.00052335 0.00034915 0.0004126 0.0003428 0.00025175 0.00037655 0.0004382 0.00038525 0.00028565 0.0003669 0.00031875 0.0005566 0.0004534 0.00035275 0.00054695 0.0004525 0.00031865 0.0006098 0.000434 0.000407 0.00044345 0.0005139 0.00030155 0.00060975 0.00051425 0.0004262 0.00040975 0.0003859 0.0003191 0.0003291 0.0004641 0.0005234 0.00031885 0.00034625 0.0007564 0.0004044 0.0003766 0.00031865 0.00040715 0.00038505 0.00041315 0.00038565 0.00040805 0.00031915 0.0003852 0.0004771 0.0002988 0.00030965 0.00038655 0.0002612 0.00054735 0.00052445 0.0003865 0.0004392 0.00049115
17 0.0006178 0.00048945 0.00019595 0.00043495 0.0005194 0.00026155 0.00063135 0.0006367 0.0006775 0.00051005 0.00043055 0.0004069 0.0005139 0.0006174 0.00048515 0.00060575 0.00036665 0.000255 0.0005579 0.000351 0.00019605 0.0006202 0.00045405 0.0004516 0.0006682 0.0004321 0.0004851 0.0003414 0.0005818 0.00066185 0.00059755 0.0006314 0.00067675 0.0003129 0.00037285 0.000631 0.00061785 0.0003821 0.00067855 0.00052565 0.00037285 0.00061775 0.00048225 0.00065485 0.0003285 0.00064435 0.0003156 0.0001279 0.00019605 0.00055775 0.00034695 0.00012765 0.00027875 0.0003726 0.0006811 0.00060715 0.0003727 0.0005974 0.0005919 0.00061165 0.0007124 0.00045445 0.0005868 0.00044095 0.0006681 0.0003677 0.00071235 0.00058605 0.00053385 0.00056045 0.00061765 0.00037295 0.0004554 0.0004035 0.00065485 0.00061185 0.0003415 0.000736 0.0005659 0.0006311 0.0003727 0.00061215 0.00034675 0.0005863 0.0006174 0.00049365 0.0004613 0.0003469 0.0006488 0.0002399 0.0004814 0.0006252 0.0002029 0.00072115 0.000536 0.00037035 0.0005031 0.00032255
18 0.0003379 0.00044475 0.0005766 0.00048565 0.00053705 0.00046455 0.0003527 0.0003603 0.00059415 0.00043025 0.00048965 0.0006014 0.0004277 0.0003379 0.0003773 0.00039595 0.00043835 0.0005579 0.000675 0.0005032 0.00056115 0.0003933 0.0004354 0.0003801 0.00055465 0.00049875 0.0003774 0.0005362 0.00038175 0.0004141 0.00056925 0.00035275 0.00042715 0.0004092 0.0004096 0.00035135 0.00033775 0.00053755 0.0007269 0.0004795 0.0004097 0.00033805 0.00058195 0.0005399 0.0005168 0.00036475 0.0004394 0.0004812 0.00056125 0.0003377 0.00055855 0.00049665 0.00053265 0.0004094 0.0005237 0.0004493 0.0004251 0.00056925 0.00048705 0.0003669 0.00058915 0.0005046 0.0004602 0.00048955 0.0005545 0.0004233 0.0005893 0.0005691 0.00037755 0.0003676 0.00033765 0.0004098 0.00041525 0.00060115 0.0005395 0.0003669 0.0005363 0.00077625 0.0003752 0.00035295 0.00040925 0.00042895 0.00055835 0.00046455 0.000338 0.00044905 0.00039525 0.0005585 0.0004583 0.0004734 0.0004227 0.00037275 0.00045175 0.0004915 0.0005979 0.00049975 0.00046045 0.00061205
19 0.0005416 0.00035475 0.00042235 0.0004444 0.0006773 0.00032095 0.00055955 0.00056765 0.00058095 0.0003849 0.0005366 0.0004492 0.0004995 0.00054135 0.00038795 0.0005053 0.0003762 0.000351 0.0005032 0.0003117 0.00040355 0.00060205 0.00041915 0.0003587 0.00062975 0.00042555 0.0003879 0.0003412 0.00053495 0.0005615 0.0006844 0.0005596 0.00057235 0.00035605 0.00039455 0.0005548 0.0005417 0.0003167 0.0006641 0.000348 0.0003947 0.00054155 0.00041885 0.00061185 0.00029365 0.0005681 0.00046745 0.0002476 0.00040365 0.000503 0.00045685 0.00026645 0.0002019 0.00039445 0.00046915 0.0006361 0.00041345 0.00068445 0.00060395 0.00052335 0.00060065 0.0005687 0.0004588 0.00055045 0.0006296 0.0003771 0.00060055 0.00065345 0.0004787 0.00061435 0.0005415 0.0003948 0.0003834 0.0004528 0.00061165 0.00052355 0.0003413 0.0006528 0.0006225 0.00055965 0.0003944 0.0006074 0.00045665 0.00048805 0.00054135 0.00050205 0.0003697 0.0004568 0.0005814 0.00020325 0.0003348 0.00057335 0.00020445 0.0005784 0.0005278 0.0003374 0.0004912 0.00049465
20 0.00060775 0.0005141 0.00019595 0.000449 0.0005071 0.000319 0.0006213 0.00062665 0.0006445 0.0005279 0.0003824 0.00039035 0.00055155 0.00060735 0.000503 0.0005957 0.00037645 0.00019605 0.00056115 0.00040355 0.0003141 0.00064055 0.00050255 0.0004697 0.00062865 0.00044845 0.00050295 0.0003764 0.00058505 0.0006518 0.00055395 0.00062135 0.00067325 0.000336 0.00038265 0.00062095 0.0006078 0.00037025 0.0006095 0.00055005 0.00038245 0.0006077 0.00047085 0.0006153 0.00036625 0.0006343 0.00032115 0.00015735 0.0001572 0.000561 0.0003324 0.000196 0.0003228 0.0003822 0.00070405 0.0006578 0.0004213 0.0005538 0.0005575 0.0006016 0.0006796 0.0003958 0.0006047 0.0003823 0.00062855 0.0003914 0.00067955 0.0005415 0.0005477 0.00054635 0.0006076 0.00038255 0.0004735 0.0003838 0.0006153 0.0006018 0.0003765 0.0006737 0.0005518 0.00062105 0.0003825 0.0006324 0.0003322 0.00060165 0.00060735 0.0005616 0.0004794 0.00033235 0.0006756 0.0002776 0.00049925 0.00061515 0.00024085 0.0007242 0.00054675 0.0003585 0.00046335 0.00023805
21 9.87e-05 0.00037895 0.00063205 0.0005257 0.00029025 0.000512 0.0001109 0.00012105 0.00048165 0.0003535 0.00038685 0.0006099 0.0002789 9.87e-05 0.00025255 0.00028075 0.0004328 0.0006202 0.0003933 0.00060205 0.00064055 0.0001962 0.00029615 0.00029635 0.0003932 0.00046355 0.0002525 0.0006102 0.00042065 0.0002704 0.0004461 0.00011095 0.0002203 0.0006365 0.00034165 0.000112 9.875e-05 0.0005788 0.0006516 0.00045265 0.00034205 9.865e-05 0.000574 0.00038125 0.0005765 0.00012545 0.0004073 0.0005853 0.00064065 0.00039325 0.00049835 0.0005768 0.00065255 0.0003418 0.00047035 0.0001259 0.0003332 0.00044635 0.0002551 0.0001893 0.00046895 0.00040945 0.00034555 0.0003972 0.00039325 0.00040585 0.0004689 0.0004282 0.00037205 0.0001636 9.855e-05 0.00034185 0.00029945 0.00061295 0.00038105 0.0001898 0.0006103 0.0007392 0.0001742 0.00011085 0.0003418 0.00013645 0.00049815 0.0003668 9.86e-05 0.00029615 0.00030135 0.0004983 0.0002132 0.00057195 0.00040285 0.00010905 0.0005322 0.00030745 0.00054665 0.00049035 0.0003363 0.00063145
22 0.0002965 0.0003839 0.000494 0.0004557 0.00042925 0.0003637 0.0003087 0.00031895 0.0005603 0.0003613 0.00043925 0.00052495 0.0003211 0.00029635 0.00029945 0.0003486 0.00037515 0.00045405 0.0004354 0.00041915 0.00050255 0.00029615 0.0005913 0.000296 0.0004989 0.00045905 0.0002994 0.00045505 0.0004625 0.00038795 0.00055145 0.00030875 0.0004061 0.0004881 0.0003493 0.00030975 0.0002966 0.00044145 0.00066475 0.00043375 0.00034945 0.00029645 0.0004889 0.00048675 0.00043365 0.0003231 0.0004145 0.0004022 0.00050265 0.0004352 0.000447 0.0003937 0.0004699 0.0003492 0.0005456 0.00029675 0.00034085 0.00055175 0.00039425 0.00032245 0.00056375 0.0004621 0.0003932 0.0004496 0.00049875 0.0003586 0.00056365 0.00053365 0.00041895 0.0003614 0.0002964 0.00034955 0.00030955 0.00052795 0.00048655 0.00032265 0.00045515 0.00074165 0.00037185 0.0003088 0.00034915 0.0003075 0.0004468 0.00040205 0.00029635 0.00031145 0.0003114 0.00044695 0.0003819 0.0003894 0.0003562 0.00030695 0.00035175 0.00049115 0.0005011 0.00039195 0.00038915 0.0005386
23 0.0001989 0.0003238 0.00049505 0.00042695 0.00046045 0.00039415 0.00023075 0.0002468 0.0005089 0.0003038 0.0003723 0.00046365 0.0003649 0.000199 0.00020185 0.00029135 0.00032835 0.0004516 0.0003801 0.0003587 0.0004697 0.00029635 0.000296 0.0003968 0.0004413 0.0004294 0.00020165 0.00040825 0.00045125 0.00031075 0.000523 0.0002308 0.00034595 0.00046345 0.00028235 0.0002122 0.00019895 0.0003641 0.0005877 0.00039365 0.0002825 0.0001989 0.0004115 0.00040935 0.00037555 0.00022555 0.00039665 0.00036585 0.0004698 0.00038005 0.000424 0.00039125 0.0004399 0.00028215 0.0005223 0.00039445 0.0003078 0.00052315 0.00034065 0.00024505 0.0005031 0.0004186 0.0003244 0.0003862 0.0004411 0.00031115 0.00050305 0.00048315 0.0003636 0.00031295 0.0001988 0.0002826 0.00025595 0.00046985 0.00040895 0.0002452 0.00040835 0.0006814 0.00032915 0.00023115 0.00028215 0.00035145 0.0004238 0.00032465 0.000199 0.00040885 0.00023375 0.00042395 0.0004192 0.0003244 0.0002788 0.0002533 0.0002848 0.0004682 0.0005211 0.00029445 0.00029165 0.00047345
24 0.00033585 0.0005316 0.0006541 0.000589 0.00045125 0.0006581 0.000304 0.0002879 0.00042975 0.00037545 0.000451 0.0004835 0.0004881 0.0003357 0.00041135 0.0003648 0.0005138 0.0006682 0.00055465 0.00062975 0.00062865 0.0003932 0.0004989 0.0004413 0.0005425 0.0006131 0.0004113 0.00059445 0.00054885 0.00039355 0.0003988 0.00030405 0.00044935 0.00071825 0.00049925 0.0003491 0.0003359 0.0004605 0.0003038 0.0005106 0.0004996 0.0003358 0.00040535 0.0003038 0.0005515 0.0003625 0.00059495 0.00066325 0.00062875 0.0005546 0.0004933 0.0006887 0.00069185 0.00049935 0.00060945 0.0004623 0.00052475 0.0003988 0.00032965 0.00035 0.00049215 0.00043265 0.00035595 0.0004649 0.0002716 0.00055155 0.0004921 0.00035945 0.000524 0.0004309 0.0003357 0.00049945 0.0004302 0.0004898 0.0003036 0.0003504 0.00059455 0.00049205 0.0004152 0.0003038 0.00049935 0.0003986 0.0004931 0.00043065 0.0003356 0.00056335 0.0004044 0.00049325 0.00049855 0.00060095 0.00043775 0.0003297 0.00059985 0.0005433 0.0004602 0.00046455 0.00038895 0.00051275
25 0.00043395 0.00038935 0.00047565 0.0005027 0.0005045 0.0004293 0.00044275 0.0004455 0.00055915 0.0004808 0.0004765 0.0005616 0.0004793 0.00043355 0.0004276 0.00047 0.0004096 0.0004321 0.00049875 0.00042555 0.00044845 0.00046355 0.00045905 0.0004294 0.0006131 0.0006985 0.00042755 0.00048025 0.000523 0.00051715 0.00059645 0.0004428 0.00039135 0.0004565 0.00039175 0.0004472 0.000434 0.00055005 0.00076645 0.00043035 0.00039195 0.0004339 0.0005975 0.0006045 0.00046955 0.0004606 0.000384 0.00034975 0.00044855 0.0004986 0.0004726 0.00037705 0.00039065 0.0003917 0.00043845 0.0004869 0.0004191 0.0005965 0.0005148 0.00045185 0.00057705 0.00049915 0.0005204 0.0004904 0.000613 0.0004183 0.000577 0.00057235 0.00047985 0.00042585 0.0004338 0.00039205 0.00043525 0.0005586 0.0006045 0.00045205 0.00048035 0.0007389 0.00042875 0.0004425 0.0003916 0.0004654 0.0004724 0.0005222 0.00043355 0.00049475 0.0004357 0.00047255 0.0004195 0.00042245 0.0004754 0.00044205 0.0003848 0.0003539 0.0006393 0.00050535 0.0005118 0.00056285
26 0.00015495 0.0003171 0.00052835 0.00044435 0.0004176 0.00042835 0.0001868 0.00020285 0.00047895 0.0002958 0.00036865 0.0004706 0.00036215 0.0001551 0.00015465 0.00027145 0.0003334 0.0004851 0.0003774 0.0003879 0.00050295 0.0002525 0.0002994 0.00020165 0.0004113 0.00042755 0.0003088 0.00042575 0.00044875 0.000294 0.0004931 0.00018685 0.0003072 0.00049775 0.00027535 0.00016825 0.00015495 0.0003965 0.0005717 0.0003859 0.00027545 0.00015495 0.0004186 0.00037935 0.00037925 0.00018165 0.00038965 0.0003958 0.00050305 0.0003775 0.000418 0.0004212 0.00046885 0.0002751 0.0004947 0.00035065 0.0003008 0.00049325 0.00029765 0.0002131 0.00048375 0.0004149 0.0002911 0.00038255 0.0004111 0.0003116 0.00048375 0.0004532 0.00031645 0.00026905 0.0001548 0.00027555 0.00024625 0.00047685 0.00037895 0.00021325 0.00042585 0.00067605 0.0002852 0.00018715 0.00027515 0.0003075 0.0004178 0.00030525 0.0001551 0.00040615 0.00022405 0.00041795 0.00037545 0.0003536 0.00027845 0.0002093 0.0003121 0.00042955 0.0005249 0.00028745 0.00028785 0.00050995
27 0.00056345 0.0004763 0.00041055 0.0003601 0.00062615 0.00033245 0.0005543 0.00054885 0.0006578 0.00041245 0.0005299 0.00044455 0.0005003 0.00056305 0.0004258 0.0004638 0.00034615 0.0003414 0.0005362 0.0003412 0.0003764 0.0006102 0.00045505 0.00040825 0.00059445 0.00048025 0.00042575 0.0004567 0.00054925 0.00049335 0.0006276 0.00055435 0.00064725 0.00036885 0.00039615 0.0005767 0.0005635 0.000398 0.00065355 0.00046765 0.00039585 0.0005634 0.0004461 0.0006038 0.0002985 0.0005901 0.0004197 0.00022855 0.00037655 0.00053605 0.0004217 0.00026255 0.00033145 0.0003957 0.00063925 0.00063085 0.00043005 0.0006274 0.000589 0.0005135 0.00068765 0.0005346 0.0004564 0.00054385 0.00059435 0.0003862 0.0006876 0.00059465 0.00050585 0.00058715 0.0005633 0.00039595 0.00040675 0.0004445 0.00060385 0.0005137 0.00022845 0.0007373 0.00058185 0.000554 0.000396 0.0005846 0.0004215 0.0003959 0.00056305 0.00052065 0.0003968 0.00042165 0.0006545 0.00026375 0.000382 0.00056395 0.0002388 0.000718 0.0005373 0.00040185 0.0005396 0.00051455
28 0.00040945 0.0004925 0.00060055 0.00049895 0.00054045 0.0004681 0.0003943 0.00038555 0.00061675 0.0004242 0.00053725 0.0006236 0.0004007 0.0004091 0.0004488 0.0004061 0.00045535 0.0005818 0.00038175 0.00053495 0.00058505 0.00042065 0.0004625 0.00045125 0.00054885 0.000523 0.00044875 0.00054925 0.0007083 0.00045065 0.0005702 0.00039435 0.000475 0.00042945 0.0004572 0.0004227 0.0004095 0.00056165 0.0007343 0.0004804 0.0004573 0.0004094 0.0006062 0.0005642 0.000539 0.0004361 0.00046345 0.00050505 0.00058515 0.0003816 0.00055185 0.00052055 0.0005409 0.00045705 0.0005322 0.00043255 0.00047275 0.00057 0.0005041 0.00040765 0.00062135 0.00052195 0.00047585 0.00053715 0.0005487 0.0004709 0.0006213 0.0005703 0.0004217 0.0004154 0.0004093 0.0004574 0.0004322 0.00062335 0.0005642 0.00040785 0.00054935 0.00079135 0.00040685 0.000394 0.00045705 0.0004019 0.00055165 0.00050135 0.0004091 0.00043225 0.0004362 0.0005518 0.0004622 0.0005025 0.0004469 0.00039 0.00049925 0.00051615 0.00057815 0.0005709 0.00053165 0.0006595
29 0.00019325 0.00042135 0.00067725 0.00041495 0.00046115 0.0005482 0.0001932 0.00019305 0.00050125 0.0003385 0.00044645 0.00057845 0.00038055 0.00019255 0.00029405 0.0002023 0.00038895 0.00066185 0.0004141 0.0005615 0.0006518 0.0002704 0.00038795 0.00031075 0.00039355 0.00051715 0.000294 0.00049335 0.00045065 0.0003841 0.00049775 0.00019325 0.0003253 0.0006054 0.0003846 0.0002065 0.0001933 0.0005207 0.0005942 0.00044615 0.0003847 0.0001932 0.0005138 0.00039365 0.0005313 0.0002199 0.00048905 0.00057605 0.0006519 0.00041395 0.0005321 0.0006015 0.0006328 0.00038445 0.00051905 0.00034825 0.0004101 0.00049775 0.00034075 0.00019765 0.00050915 0.00046045 0.0003399 0.0004603 0.0003934 0.000406 0.0005091 0.0004583 0.0004255 0.0002974 0.0001931 0.0003848 0.0003353 0.0005847 0.00039355 0.00019785 0.00049345 0.0007096 0.00029745 0.00019315 0.00038445 0.000295 0.0005319 0.00030185 0.00019255 0.0004347 0.0003113 0.00053205 0.00037875 0.00052985 0.00033835 0.00021715 0.0005026 0.0004335 0.0005599 0.0004762 0.0003755 0.00063715
30 0.0004177 0.0005861 0.0005694 0.000589 0.0004372 0.0006397 0.00040855 0.00040335 0.0004925 0.0005026 0.0004616 0.00050875 0.00054785 0.00041735 0.00049315 0.00049215 0.00054715 0.00059755 0.00056925 0.0006844 0.00055395 0.0004461 0.00055145 0.000523 0.0003988 0.00059645 0.0004931 0.0006276 0.0005702 0.00049775 0.0007962 0.0004086 0.00050375 0.0006616 0.0005101 0.00043095 0.00041775 0.0005649 0.000408 0.0005878 0.0005102 0.00041765 0.00050955 0.0004082 0.00057025 0.00044435 0.00050055 0.0006026 0.00055405 0.0005691 0.0005107 0.00061805 0.0006754 0.00050995 0.0006371 0.00048585 0.0005256 0.0003987 0.0004183 0.0004548 0.00054695 0.0004524 0.0004687 0.0004614 0.0003987 0.00054675 0.0005469 0.00039925 0.0005387 0.00040785 0.00041755 0.0005103 0.0005189 0.00050855 0.00040795 0.000455 0.0006277 0.00054665 0.00040285 0.0004085 0.00050995 0.0004582 0.0005105 0.00053505 0.00041735 0.00058705 0.00050895 0.00051065 0.00052405 0.000613 0.00054215 0.00041845 0.0006104 0.0005707 0.0005356 0.0005463 0.00047095 0.00051485
31 3.275e-05 0.00033685 0.00064675 0.0004879 0.0003246 0.0005456 3.26e-05 3.3e-05 0.0004388 0.00026415 0.00034265 0.0005619 0.0003051 3.315e-05 0.00018665 0.00019175 0.00037695 0.0006314 0.00035275 0.0005596 0.00062135 0.00011095 0.00030875 0.0002308 0.00030405 0.0004428 0.00018685 0.00055435 0.00039435 0.00019325 0.0004086 6.5e-05 0.0001782 0.0006176 0.0002978 4.635e-05 3.265e-05 0.00050155 0.00057455 0.00039875 0.0002979 3.3e-05 0.00049665 0.00030395 0.0005317 5.975e-05 0.0004031 0.0005626 0.00062145 0.00035295 0.0004682 0.000588 0.00063145 0.0002976 0.0004512 0.00021625 0.00032325 0.0004087 0.0002035 0.0001123 0.0004262 0.0003571 0.00026725 0.0003566 0.00030375 0.0003812 0.0004263 0.00036835 0.00033165 0.00013805 3.255e-05 0.000298 0.00024785 0.00056815 0.0003034 0.0001122 0.00055445 0.0006969 0.0001383 3.33e-05 0.00029745 0.0001628 0.000468 0.00028945 3.325e-05 0.0003862 0.0002235 0.00046815 0.0002489 0.00052795 0.00032555 5.73e-05 0.000488 0.00028865 0.0005471 0.0004248 0.00027105 0.0005891
32 0.0001602 0.0003459 0.0006921 0.00058185 0.00039525 0.00061035 0.00017815 0.00018625 0.0004399 0.00041845 0.0004277 0.00064745 0.00041015 0.0001597 0.00030725 0.00033005 0.00047655 0.00067675 0.00042715 0.00057235 0.00067325 0.0002203 0.0004061 0.00034595 0.00044935 0.00039135 0.0003072 0.00064725 0.000475 0.0003253 0.00050375 0.0001782 0.0003184 0.0006587 0.0003918 0.0001735 0.00016025 0.00062225 0.00068475 0.0004204 0.0003919 0.00016015 0.00061725 0.00043145 0.00062365 0.00018695 0.0004646 0.0006235 0.00067335 0.000427 0.0005538 0.00064235 0.00061815 0.00039165 0.00036 0.000301 0.0004107 0.00050405 0.0003222 0.000245 0.0004354 0.00045975 0.0004101 0.0004415 0.0004492 0.00045695 0.00043535 0.0004731 0.000411 0.00023265 0.00016005 0.000392 0.00037535 0.0006511 0.00043125 0.0002452 0.00064735 0.0006886 0.000241 0.0001782 0.00039165 0.0002725 0.0005536 0.0004155 0.0001597 0.00045945 0.00036175 0.00055375 0.0002404 0.000615 0.00045045 0.0001918 0.0005752 0.0001593 0.0006503 0.0005292 0.00038225 0.0006582
33 0.0006119 0.0004879 0.0003598 0.00040625 0.0006462 0.0002832 0.00061755 0.0006196 0.00071305 0.00049245 0.0005383 0.0005152 0.00049675 0.0006115 0.0004978 0.00053555 0.00037105 0.0003129 0.0004092 0.00035605 0.000336 0.0006365 0.0004881 0.00046345 0.00071825 0.0004565 0.00049775 0.00036885 0.00042945 0.0006054 0.0006616 0.0006176 0.0006587 0.0004132 0.0004094 0.0006251 0.00061195 0.00046515 0.00080825 0.00048915 0.0004096 0.00061185 0.00056185 0.0007128 0.0003624 0.00063845 0.00035845 0.0002071 0.0003361 0.00040905 0.00047715 0.000231 0.0003048 0.00040935 0.00060185 0.00063495 0.00043335 0.00066145 0.00067965 0.0005736 0.00073085 0.00054385 0.00057035 0.00053825 0.00071815 0.0003844 0.0007308 0.0006682 0.0004463 0.00056065 0.00061175 0.0004097 0.0004751 0.0005083 0.0007128 0.0005738 0.00036895 0.0008262 0.0005628 0.0006173 0.00040925 0.0006217 0.00047695 0.0005711 0.0006115 0.00048405 0.00046915 0.0004771 0.0006371 0.00028055 0.00044745 0.00062325 0.0002611 0.0006858 0.0005866 0.00047575 0.00058995 0.00051645
34 0.00027505 0.0003621 0.0004164 0.00041765 0.0004307 0.0003612 0.00029775 0.0003083 0.00054925 0.0003583 0.00036865 0.0004625 0.00039185 0.00027495 0.0002754 0.0003632 0.0003188 0.00037285 0.0004096 0.00039455 0.00038265 0.00034165 0.0003493 0.00028235 0.00049925 0.00039175 0.00027535 0.00039615 0.0004572 0.0003846 0.0005101 0.0002978 0.0003918 0.0004094 0.0005489 0.0002883 0.0002751 0.00042915 0.000656 0.0004223 0.0002751 0.000275 0.0004766 0.00047685 0.0003641 0.0003017 0.0003086 0.00027495 0.00038275 0.00040955 0.00039405 0.0003088 0.0003948 0.00027485 0.0005253 0.00040935 0.00030845 0.00051005 0.0003942 0.0003187 0.00054995 0.00040525 0.000387 0.0003826 0.00049935 0.0003196 0.0005499 0.0004769 0.00038555 0.0003083 0.0002749 0.00027485 0.0003058 0.0004621 0.0004767 0.0003192 0.00039625 0.000729 0.0003192 0.00029765 0.00027475 0.00037325 0.00039385 0.00039605 0.00027485 0.00042865 0.0002977 0.000394 0.0004294 0.0003142 0.0003503 0.00030585 0.0002747 0.0004789 0.00055545 0.00036895 0.0003684 0.0004708
35 1.445e-05 0.0003321 0.00064635 0.0005102 0.00033475 0.0005557 4.63e-05 6.23e-05 0.0004435 0.0003093 0.00033315 0.00056185 0.00033605 1.465e-05 0.0001683 0.00023675 0.00039925 0.000631 0.00035135 0.0005548 0.00062095 0.000112 0.00030975 0.0002122 0.0003491 0.0004472 0.00016825 0.0005767 0.0004227 0.0002065 0.00043095 4.635e-05 0.0001735 0.0006251 0.0002883 2.78e-05 1.455e-05 0.00051465 0.00058775 0.00042585 0.0002882 1.415e-05 0.0005098 0.0003169 0.00053165 1.4e-05 0.0004027 0.0005622 0.00062105 0.00035135 0.0004886 0.0005876 0.0006358 0.00028815 0.00046035 0.0002369 0.00031375 0.00043105 0.00021455 0.0001255 0.00040835 0.00037945 0.00029005 0.0003471 0.0003489 0.00037155 0.00040825 0.00039095 0.00033005 0.0001286 1.43e-05 0.0002885 0.00025915 0.0005681 0.0003168 0.0001257 0.0005768 0.00067885 0.0001448 4.665e-05 0.00028815 0.00019375 0.0004884 0.0003027 1.47e-05 0.0004068 0.00023695 0.00048855 0.0002638 0.0005202 0.00033865 6.885e-05 0.00047845 0.00029785 0.0005799 0.000406 0.0002523 0.00057945
36 7.5e-07 0.00031895 0.0006332 0.00049705 0.00032155 0.00054255 3.26e-05 4.91e-05 0.00043035 0.0002961 0.00032 0.0005487 0.00032285 1.25e-06 0.0001546 0.0002236 0.0003861 0.00061785 0.00033775 0.0005417 0.0006078 9.875e-05 0.0002966 0.00019895 0.0003359 0.000434 0.00015495 0.0005635 0.0004095 0.0001933 0.00041775 3.265e-05 0.00016025 0.00061195 0.0002751 1.455e-05 5e-07 0.00050155 0.00057465 0.00041265 0.0002752 1.2e-06 0.0004967 0.00030395 0.0005185 2.8e-05 0.00038955 0.00054905 0.0006079 0.0003382 0.00047545 0.00057445 0.00062265 0.00027485 0.00044715 0.0002237 0.00030055 0.00041785 0.0002016 0.0001123 0.00040795 0.00036625 0.00027685 0.0003339 0.0003357 0.0003585 0.0004084 0.0003778 0.00031685 0.00011535 4e-07 0.0002753 0.000246 0.00055495 0.0003032 0.000112 0.0005636 0.00067905 0.0001316 3.34e-05 0.0002745 0.00018055 0.00047525 0.0002895 1.45e-06 0.00039365 0.0002238 0.0004754 0.0002506 0.00050705 0.00032555 5.51e-05 0.00046535 0.0002846 0.00056675 0.00039295 0.0002392 0.0005664
