 slim_337532030 slim_337532033 slim_337531963 slim_337531903 slim_337531946 slim_337531982 slim_337531913 slim_337531967 slim_337532000 slim_337532034 slim_337531845 slim_337531881 slim_337531953 slim_337531904 slim_337531772 slim_337531934 slim_337531948 slim_337531719 slim_337531921 slim_337531889 slim_337531960 slim_337532001 slim_337531892 slim_337531970 slim_337531844 slim_337531965 slim_337531930 slim_337531918 slim_337532031 slim_337532035 slim_337531955 slim_337531780 slim_337531879 slim_337531993 slim_337531969 slim_337531979 slim_337532021 slim_337531928 slim_337531870 slim_337531973 slim_337531871 slim_337531945 slim_337531964 slim_337531912 slim_337532028 slim_337531923 slim_337531994 slim_337532029 slim_337531915 slim_337531990 slim_337531917 slim_337531942 slim_337531988 slim_337532026 slim_337531968 slim_337532010 slim_337531996 slim_337531984 slim_337531740 slim_337531831 slim_337531939 slim_337532007 slim_337531919 slim_337532014 slim_337532008 slim_337531986 slim_337531943 slim_337532013 slim_337531895 slim_337532022 slim_337531860 slim_337532003 slim_337531825 slim_337532015 slim_337531937 slim_337531932 slim_337531763 slim_337531824 slim_337532024 slim_337531949 slim_337531748 slim_337532012 slim_337532027 slim_337531985 slim_337531901 slim_337531975 slim_337532004 slim_337531991 slim_337531888 slim_337531908 slim_337531909 slim_337531959 slim_337531962 slim_337532032 slim_337532019 slim_337531926 slim_337531902 slim_337531880 slim_337532025 slim_337531843
0 0.0003514 0.0003173 0.00023915 0.00036075 0.00029675 0.0002153 0.0001759 0.00018985 0.0002595 0.0002291 0.0002679 0.00027245 0.00022815 0.00017705 0.00025925 0.00027985 0.0002158 0.00021435 0.00022115 0.00019685 0.00025905 0.0003117 0.0002393 0.00018765 0.00040095 0.0001972 0.000342 0.0001764 0.0001776 0.0002968 0.0001767 0.0002152 0.0002765 0.00021455 0.00034195 0.0003587 0.0002491 0.00033915 0.00025925 0.00019385 0.00025985 0.00017675 0.0002876 0.00025905 0.00025985 0.000342 0.0003701 0.0003744 0.0002287 0.00025705 0.0001771 0.00031075 0.00025915 0.0002709 0.00031855 0.0001938 0.0002594 0.0003607 0.00017695 0.00022885 0.00037985 0.0001763 0.000401 0.00022885 0.0001762 0.00021615 0.00036995 0.00019715 0.0001878 0.0002872 0.00019735 0.0002156 0.00025885 0.0002757 0.0001766 0.0002154 0.00017655 0.0001971 0.00031105 0.0003443 0.0002872 0.00027855 0.00032205 0.0001759 0.0002396 0.00025945 0.0002158 0.0002188 0.00022935 0.0002597 0.00017615 0.00034205 0.0001974 0.0002193 0.00046 0.0003263 0.00026395 0.00034195 0.0003187 0.0002155
1 0.0003173 0.0001288 0.00039955 0.00020745 0.000134 0.00010405 0.00020325 0.000284 0.00030315 0.00024975 0.000165 0.00032975 0.00032 0.0001426 0.0003029 0.00022625 0.0002213 0.0001084 0.0003243 0.00012375 0.00030595 0.00023515 0.00028255 0.00043715 0.00034825 0.00018085 0.0003488 0.0002574 0.0002563 0.00013405 0.0001997 0.00010395 0.00023095 0.0001086 0.00034875 0.00025635 0.00018335 0.0002489 0.0003029 0.00018515 0.0003026 0.0003169 0.0002221 0.0003032 0.00029465 0.0003488 0.0003068 0.000207 0.00032055 8.21e-05 0.00032395 0.0003054 0.00030605 0.00031455 0.0003204 0.0001851 0.00030305 0.0002074 0.00020025 0.00018765 6.455e-05 0.00043435 0.0003483 0.00018765 0.0003738 0.0001604 0.000305 0.0001233 0.00038545 0.0002591 0.0001806 0.00031805 0.0004197 0.0003273 0.0003207 0.00027765 0.00037755 0.00018085 0.0003057 0.00022075 0.0002591 0.0001864 0.00032845 0.00049085 0.000299 0.00036345 0.00017705 0.00033995 0.00013245 0.00031815 0.0002006 0.00034885 0.00018065 0.00028335 0.00034935 0.00016285 0.00015415 0.00034875 0.0003022 0.000318
2 0.00023915 0.00039955 0.0002812 0.000321 0.00034855 0.00033735 0.00033355 0.00032395 0.0002589 0.00022685 0.0002509 0.00024605 0.000154 0.0003371 0.00025865 0.00025915 0.0002398 0.0003373 0.00025135 0.0003374 0.0002555 0.0002463 0.0002385 0.00018675 0.0002405 0.0003374 0.0001809 0.00033605 0.0003375 0.0003486 0.00033695 0.00033725 0.00025905 0.0003375 0.00018085 0.0002701 0.0002514 0.00023795 0.00025865 0.0003369 0.00025925 0.00024045 0.0003483 0.0002582 0.0002111 0.0001809 0.00023265 0.00033515 0.00015375 0.00032405 0.00023335 0.00017345 0.0002556 0.0002591 0.00024645 0.00033685 0.0002588 0.00032095 0.0003368 0.0003244 0.00046155 0.0001414 0.00024055 0.0003244 0.0002386 0.0003375 0.00023255 0.00033745 0.000239 0.0003103 0.00033715 0.00022575 0.0001608 0.0002501 0.0002362 0.00023905 0.00014145 0.00033665 0.00017295 0.0003181 0.0003103 0.0002392 0.00016075 0.00014075 0.00016665 0.0001615 0.000265 0.00025895 0.0003244 0.0002459 0.0003371 0.00018095 0.0003372 0.0002594 0.0003002 0.00031085 0.00033605 0.00018085 0.00031875 0.0002257
3 0.00036075 0.00020745 0.000321 0.0004101 0.00022615 0.0002466 0.00034155 0.00039915 0.00030185 0.0002668 0.0002065 0.00030265 0.00026515 0.000285 0.0003015 0.00022555 0.00026585 0.00024955 0.00036675 0.00026545 0.00030175 0.0002078 0.00030165 0.00041715 0.0002055 0.0003223 0.00020525 0.0003982 0.00039895 0.0002262 0.00034155 0.0002465 0.00022925 0.00024975 0.0002054 0.00020575 0.00022605 0.0002061 0.0003015 0.0003257 0.0003022 0.00036105 0.00030245 0.00030175 0.0002451 0.00020545 0.00020745 0.0002052 0.0002649 0.0002086 0.00036095 0.00020625 0.00030185 0.00030205 0.0002476 0.00032565 0.00030165 0.0002053 0.00034155 0.00030425 0.0002066 0.0003798 0.00020555 0.00030425 0.000417 0.0003036 0.0002057 0.0002655 0.00041745 0.00030195 0.00032205 0.00033525 0.00032075 0.0003212 0.000361 0.00032235 0.0003228 0.00032225 0.00020575 0.00021965 0.00030195 0.000207 0.0002054 0.0004364 0.0002459 0.0002645 0.0002472 0.00034165 0.0002477 0.000304 0.0003417 0.0002054 0.0003221 0.00028505 0.0002073 0.00020715 0.00024555 0.0002053 0.00030225 0.0003352
4 0.00029675 0.000134 0.00034855 0.00022615 0.0002591 0.0001512 0.00022785 0.00029715 0.0002999 0.0002329 0.0001805 0.00031285 0.0002691 0.0001709 0.0002998 0.00022255 0.00021995 0.0001344 0.00032105 0.0001506 0.00030015 0.0002364 0.0002794 0.0004018 0.0003147 0.00020735 0.00031565 0.0002844 0.00028415 0.0001296 0.00022735 0.0001511 0.00022735 0.0001346 0.0003156 0.0002226 0.0001798 0.00021535 0.0002998 0.0002116 0.00029995 0.0002968 0.00021835 0.00030015 0.00024305 0.00031565 0.0002733 0.00022555 0.0002693 0.00013275 0.0002971 0.0002726 0.00030025 0.0003114 0.00026995 0.00021155 0.00029995 0.0002261 0.0002276 0.00022065 0.0001367 0.0003653 0.00031475 0.00022065 0.0003529 0.00020765 0.0002716 0.0001504 0.0003645 0.00025575 0.00020675 0.0002895 0.00036875 0.00027575 0.0002968 0.00027675 0.0003086 0.0002074 0.00027255 0.00022305 0.00025575 0.00020325 0.00029525 0.0004221 0.00024885 0.0003122 0.000177 0.00031975 0.00016415 0.0003016 0.0002279 0.0003157 0.00020715 0.00026285 0.00031545 0.00017935 0.00015095 0.0003156 0.00029885 0.00028945
5 0.0002153 0.00010405 0.00033735 0.0002466 0.0001512 8.07e-05 0.00010105 0.0001826 0.0002406 0.00018735 0.00014155 0.00026745 0.0002577 4.105e-05 0.00024035 0.00018395 0.00015865 4.335e-05 0.0002542 4.165e-05 0.0002436 0.0002116 0.00022 0.0003359 0.0003843 9.91e-05 0.00032535 0.000156 0.00015515 0.00015125 9.795e-05 4.04e-05 0.00018475 4.355e-05 0.0003253 0.0002924 0.00014105 0.00028495 0.00024035 9.985e-05 0.0002403 0.00021535 0.00021905 0.0002409 0.00023175 0.00032535 0.00034285 0.00026025 0.00025825 5.86e-05 0.0002228 0.00028195 0.0002437 0.000252 0.00031745 9.98e-05 0.0002405 0.00024655 9.85e-05 0.000125 0.0001675 0.0003333 0.00038435 0.000125 0.0002725 9.775e-05 0.0003411 4.16e-05 0.00028415 0.0002561 9.92e-05 0.0002431 0.0003575 0.0003246 0.0002195 0.00021535 0.00027655 9.97e-05 0.00028225 0.00024355 0.0002561 0.00016285 0.000305 0.0003899 0.00023655 0.00030115 0.0001145 0.00023855 6.97e-05 0.00025585 9.805e-05 0.0003254 9.925e-05 0.000182 0.0004449 0.0001986 0.00013825 0.0003253 0.00029935 0.00024305
6 0.0001759 0.00020325 0.00033355 0.00034155 0.00022785 0.00010105 0.0001227 8.735e-05 0.00024025 0.00024065 0.0002365 0.00026475 0.0003108 6.3e-05 0.00024 0.0002606 0.0002158 0.0001007 0.00018975 8.27e-05 0.0002395 0.000304 0.00021965 0.0002396 0.0004765 8.305e-05 0.00041755 6.23e-05 6.355e-05 0.0002279 6.265e-05 0.000101 0.00025765 0.0001009 0.0004175 0.0003846 0.0002177 0.00037715 0.00024 8.02e-05 0.0002406 0.00017675 0.0002187 0.00023975 0.00028575 0.00041755 0.0004335 0.0003552 0.00031135 0.00015455 0.00018315 0.00037415 0.0002396 0.00025165 0.00036985 8.015e-05 0.00024015 0.0003415 6.305e-05 0.00012635 0.0002658 0.0002904 0.00047655 0.00012635 0.00017615 0.0001021 0.00043335 8.305e-05 0.0001878 0.0002558 8.33e-05 0.00022715 0.0003537 0.0003208 0.0001763 0.0002154 0.0002906 8.3e-05 0.00037445 0.00032495 0.0002558 0.0002589 0.0003972 0.0002901 0.0002905 0.00035425 0.0001723 0.0001998 0.000127 0.00025225 6.195e-05 0.0004176 8.335e-05 0.00020025 0.00053555 0.0002949 0.00019485 0.0004175 0.00029945 0.0002271
7 0.00018985 0.000284 0.00032395 0.00039915 0.00029715 0.0001826 8.735e-05 5.6e-05 0.00024075 0.00028615 0.0003051 0.00024015 0.0003686 0.00014415 0.0002402 0.0003183 0.0002856 0.0001804 0.0001439 0.00016395 0.0002419 0.00033765 0.00021985 0.00019485 0.00051135 0.0001067 0.0004524 2.95e-05 2.96e-05 0.0002972 8.59e-05 0.0001825 0.0003145 0.0001806 0.00045235 0.00043105 0.0002865 0.00043425 0.0002402 0.0001024 0.00024105 0.0001876 0.0002193 0.0002416 0.0003326 0.0004524 0.000478 0.0004128 0.00036915 0.00022245 0.0001898 0.0004201 0.000242 0.00024065 0.00041385 0.00010235 0.00024025 0.0003991 8.59e-05 0.00012485 0.00034625 0.00029265 0.0005114 0.00012485 0.0001319 0.00012565 0.0004794 0.000164 0.00013235 0.0002672 0.00010665 0.00021675 0.0003441 0.0003228 0.00019055 0.0002289 0.0003495 0.0001077 0.0004204 0.00038345 0.0002671 0.00031685 0.00043205 0.00023605 0.00033595 0.00040095 0.00024085 0.000202 0.0001833 0.00024155 8.615e-05 0.00045245 0.0001063 0.000259 0.00056895 0.00036405 0.0002649 0.00045235 0.00029995 0.0002167
8 0.0002595 0.00030315 0.0002589 0.00030185 0.0002999 0.0002406 0.00024025 0.00024075 0.0004771 0.0002611 0.0002397 0.00024045 0.00025965 0.00024045 0.000239 0.00023975 0.00026 0.00024095 0.0002395 0.0002406 0.0002397 0.000241 0.00023905 0.00025895 0.0002985 0.0002405 0.00023875 0.00023995 0.00024025 0.00029995 0.0002398 0.0002405 0.00023995 0.00024115 0.00023875 0.0002986 0.00024035 0.0002992 0.000239 0.0002402 0.0002395 0.0002583 0.0002992 0.0002397 0.00023925 0.00023885 0.00029905 0.00031595 0.0002594 0.00024165 0.00025975 0.00023975 0.0002398 0.00023925 0.0002993 0.00024015 0.00023915 0.0003019 0.0002398 0.0002416 0.0003652 0.0002787 0.0002985 0.0002416 0.0002588 0.00024065 0.0002987 0.00024065 0.00025915 0.00029895 0.0002398 0.0002604 0.00025855 0.00031855 0.00025985 0.0002599 0.00027855 0.0002409 0.00023925 0.00029955 0.00029895 0.00024015 0.0002388 0.0002787 0.0002395 0.000259 0.00024045 0.0002404 0.00024185 0.0002417 0.00023995 0.0002387 0.0002403 0.0002406 0.0003585 0.0002999 0.00028715 0.0002386 0.00029905 0.00026035
9 0.0002291 0.00024975 0.00022685 0.0002668 0.0002329 0.00018735 0.00024065 0.00028615 0.0002611 0.0003126 0.0001847 0.00024745 0.0001691 0.000187 0.00026085 0.00020415 0.000172 0.00018525 0.00029785 0.0001866 0.0002584 0.00018935 0.0002409 0.0002962 0.0002815 0.0002432 0.0002223 0.0002995 0.0003005 0.00023295 0.00024335 0.00018725 0.0002034 0.00018545 0.00022225 0.00025085 0.0001845 0.00024195 0.00026085 0.00024205 0.00026145 0.00023045 0.00028975 0.00026085 0.0001914 0.0002223 0.00026325 0.00028055 0.00016965 0.000172 0.00022185 0.00020215 0.0002585 0.0002612 0.00025295 0.000242 0.000261 0.00026675 0.0002431 0.0002302 0.00031175 0.00021355 0.00028155 0.0002302 0.0002852 0.0002441 0.0002617 0.00018665 0.0002855 0.00030025 0.00024295 0.00021485 0.00024655 0.00027525 0.0002255 0.00022945 0.000157 0.0002429 0.00020245 0.00026385 0.00030025 0.0001852 0.00020235 0.0002711 0.00017225 0.0001893 0.0001748 0.0002603 0.00017155 0.0002449 0.0002435 0.00022235 0.000243 0.00020305 0.0003423 0.0002444 0.0002214 0.00022225 0.00032055 0.00021475
10 0.0002679 0.000165 0.0002509 0.0002065 0.0001805 0.00014155 0.0002365 0.0003051 0.0002397 0.0001847 0.0001982 0.00025185 0.00017095 0.00017985 0.0002397 0.0001636 0.000173 0.0001444 0.00026095 0.00016035 0.00023995 0.00015665 0.00021935 0.00032435 0.0002465 0.0002172 0.0001866 0.00029315 0.0002939 0.00018055 0.0002365 0.00014145 0.0001674 0.0001446 0.00018655 0.0002033 0.00012025 0.0001597 0.0002397 0.0002206 0.0002403 0.000268 0.00026785 0.00023995 0.0001833 0.0001866 0.0002046 0.00022075 0.0001713 0.000103 0.00026815 0.0001429 0.00024005 0.00025115 0.0002454 0.00022055 0.00023985 0.00020645 0.0002365 0.0002102 0.00022675 0.00029915 0.00024655 0.0002102 0.00032415 0.00019855 0.00020345 0.0001604 0.0003356 0.00025655 0.0002167 0.0002534 0.00027105 0.0002878 0.00026815 0.0002295 0.00024215 0.00021715 0.00014305 0.00021745 0.00025655 0.0001247 0.00016625 0.00035575 0.00016355 0.0002147 0.0001421 0.00027995 0.0001534 0.00024195 0.00023665 0.00018665 0.000217 0.00022335 0.00030805 0.00016175 0.00018755 0.00018655 0.0003001 0.00025335
11 0.00027245 0.00032975 0.00024605 0.00030265 0.00031285 0.00026745 0.00026475 0.00024015 0.00024045 0.00024745 0.00025185 0.0004279 0.0002579 0.00026745 0.0002401 0.00024105 0.0002728 0.0002673 0.00025175 0.0002676 0.0002383 0.0002157 0.00024025 0.00027145 0.000274 0.0002673 0.00021415 0.0002669 0.00026725 0.0003129 0.0002668 0.00026735 0.0002404 0.0002675 0.0002143 0.00028585 0.00025265 0.00029685 0.0002401 0.00026655 0.0002408 0.0002723 0.00030075 0.00024075 0.0002269 0.00021435 0.00028555 0.0003169 0.00025765 0.0002533 0.00026635 0.00022625 0.0002384 0.00022915 0.0002875 0.0002665 0.00024025 0.0003028 0.0002665 0.00024085 0.0003917 0.0002776 0.00027405 0.00024085 0.00027175 0.0002675 0.0002854 0.00026765 0.0002607 0.00031135 0.00026725 0.00024715 0.0002458 0.00031745 0.0002703 0.0002727 0.00027745 0.00026785 0.00022575 0.0003007 0.00031135 0.0002412 0.0002143 0.0002776 0.0002277 0.00024615 0.0002543 0.0002421 0.00024195 0.00022815 0.00026675 0.0002143 0.0002673 0.0002423 0.0003339 0.00031215 0.0003001 0.0002142 0.00030045 0.0002471
12 0.00022815 0.00032 0.000154 0.00026515 0.0002691 0.0002577 0.0003108 0.0003686 0.00025965 0.0001691 0.00017095 0.0002579 0.0001689 0.00025735 0.0002594 0.0002031 0.00017125 0.0002571 0.00028525 0.00025745 0.00025665 0.00020135 0.00023945 0.00023255 0.00020805 0.00031415 0.00014885 0.00037005 0.00037105 0.00026915 0.0003138 0.0002576 0.00020285 0.0002573 0.0001488 0.00021465 0.0001721 0.000159 0.0002594 0.0003135 0.00026 0.0002297 0.00033675 0.0002594 0.0001554 0.00014885 0.00017845 0.0002789 8.565e-05 0.0002445 0.0002218 0.0001167 0.00025675 0.00027095 0.0001923 0.00031345 0.00025955 0.0002651 0.00031365 0.00031255 0.0003819 0.0001415 0.0002081 0.00031255 0.00028435 0.00031455 0.00017715 0.0002575 0.00029585 0.0002877 0.0003139 0.00022635 0.0001737 0.00023965 0.00022455 0.0002285 8.48e-05 0.00031385 0.00011765 0.0002622 0.0002877 0.00018365 0.0001289 0.00019885 0.0001116 0.00011665 0.00018605 0.00025925 0.00025555 0.0002461 0.00031395 0.0001489 0.00031395 0.00020245 0.00026885 0.00023175 0.0002571 0.0001488 0.0003191 0.00022625
13 0.00017705 0.0001426 0.0003371 0.000285 0.0001709 4.105e-05 6.3e-05 0.00014415 0.00024045 0.000187 0.00017985 0.00026745 0.00025735 3.7e-06 0.0002403 0.0002037 0.0001585 4.1e-05 0.0002466 2.34e-05 0.0002435 0.00025 0.00021995 0.0002972 0.0004227 8.065e-05 0.00036375 0.0001174 0.00011665 0.00017095 5.955e-05 4.095e-05 0.00020105 4.12e-05 0.0003637 0.00033075 0.0001608 0.00032335 0.0002403 7.77e-05 0.00024025 0.0001766 0.0002186 0.00024075 0.00023175 0.00036375 0.00038125 0.00029865 0.0002579 9.71e-05 0.0001841 0.00032035 0.0002436 0.0002516 0.0003172 7.765e-05 0.00024045 0.00028495 6e-05 0.0001252 0.0002059 0.0002943 0.00042275 0.0001252 0.0002338 9.79e-05 0.0003795 2.315e-05 0.0002451 0.00025605 8.04e-05 0.0002304 0.00035725 0.0003243 0.00018065 0.00021525 0.00023755 8.09e-05 0.00032065 0.0002688 0.00025605 0.0002014 0.0003434 0.000351 0.0002363 0.0003008 0.0001144 0.00019995 6.965e-05 0.0002556 6.01e-05 0.0003638 8.055e-05 0.0001434 0.0004833 0.0002372 0.00013865 0.0003637 0.0002993 0.00023035
14 0.00025925 0.0003029 0.00025865 0.0003015 0.0002998 0.00024035 0.00024 0.0002402 0.000239 0.00026085 0.0002397 0.0002401 0.0002594 0.0002403 0.0004766 0.0002396 0.00025975 0.0002407 0.0002394 0.00024035 0.00023935 0.00024085 0.0002385 0.00025845 0.00029835 0.00024025 0.0002385 0.00023935 0.0002399 0.00029985 0.0002392 0.00024025 0.0002396 0.0002409 0.00023865 0.0002986 0.0002401 0.00029895 0.00023835 0.00023965 0.0002393 0.00025845 0.0002992 0.00023935 0.00023925 0.0002387 0.0002988 0.00031575 0.00025915 0.0002414 0.0002595 0.0002395 0.00023945 0.0002392 0.0002992 0.00023955 0.0002385 0.00030165 0.00023925 0.00024135 0.00036495 0.00027845 0.0002984 0.00024135 0.0002582 0.00024035 0.00029855 0.0002404 0.000259 0.0002984 0.00024 0.00026015 0.0002584 0.00031845 0.0002596 0.00025965 0.0002783 0.00024065 0.000239 0.0002993 0.0002984 0.0002399 0.00023865 0.00027845 0.0002394 0.00025875 0.00024035 0.00024015 0.0002416 0.00024145 0.0002397 0.00023865 0.00023975 0.00024035 0.00035825 0.00029965 0.00028705 0.00023855 0.000299 0.0002601
15 0.00027985 0.00022625 0.00025915 0.00022555 0.00022255 0.00018395 0.0002606 0.0003183 0.00023975 0.00020415 0.0001636 0.00024105 0.0002031 0.0002037 0.0002396 0.0003244 0.00020305 0.00016665 0.00030455 0.0001833 0.00023995 0.00016425 0.00023965 0.0003361 0.0002222 0.00024005 0.0001624 0.00031715 0.0003169 0.0002226 0.0002601 0.00018385 0.0001667 0.00016685 0.00016245 0.00022245 0.00016295 0.0002229 0.0002396 0.0002439 0.00023965 0.00028015 0.0003001 0.00023995 0.00018315 0.0001625 0.00022425 0.0002397 0.00020285 0.00016445 0.0002798 0.0001634 0.00024005 0.00023995 0.0002455 0.00024385 0.00023975 0.0002256 0.00026005 0.0002418 0.00028845 0.00029875 0.00022225 0.0002418 0.000336 0.0002404 0.00022235 0.0001831 0.00033645 0.00029955 0.00023965 0.00026065 0.0002588 0.000319 0.0002799 0.00025985 0.0002419 0.0002401 0.0001629 0.00022325 0.00029955 0.0001635 0.00016245 0.00035555 0.00018415 0.00020245 0.0001848 0.00026035 0.00018475 0.00024155 0.00026065 0.00016235 0.00023985 0.00020345 0.00028375 0.00022315 0.00023105 0.00016225 0.00029935 0.0002606
16 0.0002158 0.0002213 0.0002398 0.00026585 0.00021995 0.00015865 0.0002158 0.0002856 0.00026 0.000172 0.000173 0.0002728 0.00017125 0.0001585 0.00025975 0.00020305 0.000316 0.00015945 0.00028575 0.00015925 0.0002598 0.0002166 0.0002398 0.00028365 0.00030605 0.0002162 0.0002471 0.00027255 0.0002722 0.00022 0.0002155 0.0001586 0.0002035 0.00015965 0.00024705 0.0002638 0.0001723 0.00024425 0.00025975 0.00021625 0.0002597 0.00021665 0.0002881 0.0002598 0.00020375 0.0002471 0.0002767 0.0002795 0.0001718 0.0001612 0.00021585 0.00021585 0.0002599 0.0002714 0.00026455 0.0002162 0.0002599 0.0002658 0.0002158 0.0002283 0.00028435 0.00021495 0.0003061 0.0002283 0.00027225 0.0002151 0.000275 0.000159 0.00028385 0.00028765 0.00021595 0.0002288 0.0002595 0.00027635 0.00021535 0.00021535 0.0001583 0.00021595 0.00021615 0.0002625 0.00028765 0.00018295 0.00022715 0.0002722 0.0001841 0.00020255 0.0001596 0.00025775 0.0001726 0.00026015 0.00021615 0.00024715 0.000216 0.00020095 0.0003666 0.00023045 0.0002082 0.00024705 0.00031875 0.0002287
17 0.00021435 0.0001084 0.0003373 0.00024955 0.0001344 4.335e-05 0.0001007 0.0001804 0.00024095 0.00018525 0.0001444 0.0002673 0.0002571 4.1e-05 0.0002407 0.00016665 0.00015945 1.07e-05 0.0002581 2.325e-05 0.0002441 0.0002125 0.00022035 0.00033335 0.0003868 7.99e-05 0.00032775 0.0001544 0.00015345 0.00013445 9.7e-05 4.325e-05 0.00016665 5.55e-06 0.0003277 0.0002953 0.00012355 0.0002875 0.0002407 7.97e-05 0.00024065 0.00021345 0.0002199 0.00024135 0.00023285 0.00032775 0.00034535 0.0002633 0.00025765 6.005e-05 0.0002192 0.00028435 0.0002442 0.00025235 0.00031795 7.965e-05 0.00024085 0.0002495 9.69e-05 0.00012625 0.00017105 0.00033025 0.00038685 0.00012625 0.0002704 9.95e-05 0.0003436 2.305e-05 0.00028205 0.00025655 7.985e-05 0.00023005 0.00035745 0.00032505 0.000217 0.00021665 0.0002737 8.025e-05 0.00028465 0.0002336 0.00025655 0.0001666 0.0003074 0.0003874 0.00023695 0.00030055 0.00011625 0.00023715 6.865e-05 0.00025425 9.77e-05 0.0003278 7.97e-05 0.0001799 0.0004475 0.0002025 0.0001402 0.0003277 0.0002995 0.00023
18 0.00022115 0.0003243 0.00025135 0.00036675 0.00032105 0.0002542 0.00018975 0.0001439 0.0002395 0.00029785 0.00026095 0.00025175 0.00028525 0.0002466 0.0002394 0.00030455 0.00028575 0.0002581 0.0002616 0.0002541 0.0002404 0.0003169 0.00021905 0.0001637 0.0004068 0.0001968 0.0003474 0.0001325 0.0001325 0.0003211 0.000189 0.0002541 0.00030095 0.0002583 0.00034735 0.0003637 0.0002613 0.0003201 0.0002394 0.00019305 0.00024 0.000219 0.00026675 0.0002404 0.0002968 0.0003474 0.000362 0.00038065 0.000285 0.00026295 0.0002214 0.0003043 0.0002405 0.00025045 0.000354 0.000193 0.00023955 0.0003667 0.000189 0.00020915 0.00038645 0.0002525 0.00040685 0.00020915 0.0001635 0.0001973 0.00036375 0.00025415 0.00017455 0.00025575 0.00019665 0.00024095 0.0002715 0.00028785 0.0002215 0.000229 0.00030935 0.00019775 0.00030395 0.00036435 0.00025575 0.00028455 0.00032705 0.00019585 0.00027565 0.0003284 0.00025325 0.0002332 0.00026645 0.00024185 0.0001889 0.00034745 0.00019685 0.0002902 0.00046485 0.0003211 0.0003012 0.00034735 0.00029925 0.0002409
19 0.00019685 0.00012375 0.0003374 0.00026545 0.0001506 4.165e-05 8.27e-05 0.00016395 0.0002406 0.0001866 0.00016035 0.0002676 0.00025745 2.34e-05 0.00024035 0.0001833 0.00015925 2.325e-05 0.0002541 4.45e-05 0.00024365 0.0002299 0.00022 0.00031715 0.00040315 7.94e-05 0.00034415 0.00013725 0.00013675 0.00015065 7.96e-05 4.155e-05 0.0001843 2.345e-05 0.0003441 0.00031125 0.0001402 0.0003038 0.00024035 8.06e-05 0.0002405 0.00019665 0.0002191 0.00024095 0.0002321 0.00034415 0.0003617 0.00027915 0.000258 7.72e-05 0.00020375 0.00030075 0.00024375 0.000252 0.0003176 8.055e-05 0.0002405 0.0002654 7.995e-05 0.000126 0.0001865 0.0003143 0.0004032 0.000126 0.00025375 9.88e-05 0.00035995 2.235e-05 0.0002654 0.00025615 7.975e-05 0.0002306 0.00035755 0.0003247 0.0002005 0.00021615 0.00025765 8.01e-05 0.00030105 0.0002494 0.00025615 0.0001824 0.0003238 0.0003712 0.00023665 0.0003009 0.00011535 0.00022025 6.945e-05 0.0002554 7.955e-05 0.0003442 7.96e-05 0.0001634 0.0004638 0.0002183 0.00013865 0.0003441 0.0002993 0.00023055
20 0.00025905 0.00030595 0.0002555 0.00030175 0.00030015 0.0002436 0.0002395 0.0002419 0.0002397 0.0002584 0.00023995 0.0002383 0.00025665 0.0002435 0.00023935 0.00023995 0.0002598 0.0002441 0.0002404 0.00024365 0.0004716 0.00023865 0.0002395 0.00025875 0.00029585 0.00024365 0.00023595 0.0002424 0.0002439 0.0003002 0.00024335 0.0002435 0.0002401 0.0002443 0.00023615 0.0002961 0.00024045 0.00029645 0.00023935 0.0002437 0.00024005 0.00026045 0.0002999 0.00023885 0.0002371 0.0002362 0.00029625 0.000316 0.0002564 0.000242 0.0002594 0.000237 0.00023595 0.0002399 0.00029795 0.00024365 0.0002395 0.0003019 0.00024335 0.00024235 0.00036795 0.00027505 0.0002959 0.00024235 0.0002586 0.0002439 0.00029605 0.0002438 0.00025905 0.0002994 0.00024355 0.0002574 0.00025525 0.0003153 0.0002559 0.0002593 0.00027505 0.000243 0.0002365 0.000299 0.0002994 0.0002402 0.00023615 0.00027465 0.0002382 0.000256 0.00024195 0.0002401 0.0002425 0.0002386 0.0002432 0.00023615 0.0002436 0.0002405 0.0003557 0.00029995 0.0002875 0.00023605 0.0002997 0.00025735
21 0.0003117 0.00023515 0.0002463 0.0002078 0.0002364 0.0002116 0.000304 0.00033765 0.000241 0.00018935 0.00015665 0.0002157 0.00020135 0.00025 0.00024085 0.00016425 0.0002166 0.0002125 0.0003169 0.0002299 0.00023865 0.0002375 0.0002409 0.00036755 0.00017895 0.00028665 0.0001189 0.000363 0.00036375 0.00023645 0.00030645 0.0002115 0.0001672 0.0002127 0.000119 0.0001908 0.00017595 0.0002019 0.00024085 0.0002891 0.0002413 0.0003128 0.00030185 0.0002411 0.00017055 0.000119 0.0001921 0.000222 0.0002011 0.0001568 0.000305 0.00013105 0.00023875 0.00022985 0.0002339 0.00028905 0.000241 0.00020785 0.00030605 0.00024285 0.000297 0.0003165 0.000179 0.00024285 0.00036785 0.0002685 0.0001903 0.00022995 0.000357 0.00031225 0.0002864 0.00025935 0.0002459 0.00031795 0.0003092 0.0002733 0.00025965 0.0002866 0.00013055 0.0002189 0.00031225 0.00014635 0.00011895 0.0003733 0.00017235 0.0001896 0.0001993 0.00028135 0.0001841 0.0002269 0.0003066 0.0001188 0.00028645 0.0002243 0.0002407 0.00021755 0.00024405 0.00011875 0.00030135 0.0002593
22 0.0002393 0.00028255 0.0002385 0.00030165 0.0002794 0.00022 0.00021965 0.00021985 0.00023905 0.0002409 0.00021935 0.00024025 0.00023945 0.00021995 0.0002385 0.00023965 0.0002398 0.00022035 0.00021905 0.00022 0.0002395 0.0002409 0.0004359 0.0002385 0.00031865 0.0002199 0.00025905 0.00021905 0.00021955 0.00027945 0.0002189 0.0002199 0.00023975 0.00022055 0.000259 0.0002986 0.00021975 0.00027855 0.0002385 0.0002193 0.00023935 0.0002385 0.0002788 0.0002395 0.00023925 0.00025905 0.0002987 0.0003158 0.0002392 0.00022105 0.00023955 0.00023945 0.0002396 0.00023925 0.0002991 0.00021925 0.00023865 0.0003016 0.0002189 0.000221 0.0003446 0.0002589 0.0003187 0.000221 0.0002383 0.00022 0.00029855 0.00022005 0.00023905 0.000278 0.00021965 0.00024015 0.00025885 0.00029845 0.00023965 0.0002397 0.00025875 0.0002203 0.00023895 0.00029915 0.000278 0.00021935 0.0002385 0.0002589 0.00021885 0.0002591 0.00022 0.0002401 0.00022125 0.0002414 0.00021935 0.0002591 0.0002194 0.0002403 0.0003784 0.00027925 0.00026665 0.000259 0.0002989 0.0002401
23 0.00018765 0.00043715 0.00018675 0.00041715 0.0004018 0.0003359 0.0002396 0.00019485 0.00025895 0.0002962 0.00032435 0.00027145 0.00023255 0.0002972 0.00025845 0.0003361 0.00028365 0.00033335 0.0001637 0.00031715 0.00025875 0.00036755 0.0002385 0.0001554 0.00039405 0.0002602 0.0003351 0.00018215 0.0001832 0.00040185 0.0002395 0.0003358 0.00033235 0.00033355 0.00033505 0.0004006 0.0003054 0.0003456 0.00025845 0.0002558 0.0002592 0.00018685 0.00033585 0.0002587 0.0003021 0.0003351 0.00036175 0.0004308 0.0002331 0.00037615 0.00018745 0.0003039 0.00025885 0.00027035 0.00033305 0.00025575 0.0002585 0.0004171 0.0002395 0.00029135 0.00049945 0.0001352 0.0003941 0.00029135 0.0001298 0.000279 0.00036295 0.00031715 0.00014175 0.0002863 0.00025995 0.00022605 0.0002065 0.00027195 0.00018755 0.0002265 0.00019225 0.0002599 0.0003042 0.0004008 0.0002862 0.00033515 0.00031515 7.815e-05 0.0002556 0.0002638 0.0002953 0.00021865 0.00034855 0.0002587 0.00023995 0.00033515 0.00025965 0.0002759 0.0004516 0.0003828 0.00036985 0.00033505 0.0003181 0.000226
24 0.00040095 0.00034825 0.0002405 0.0002055 0.0003147 0.0003843 0.0004765 0.00051135 0.0002985 0.0002815 0.0002465 0.000274 0.00020805 0.0004227 0.00029835 0.0002222 0.00030605 0.0003868 0.0004068 0.00040315 0.00029585 0.00017895 0.00031865 0.00039405 0.0001217 0.00046 6.105e-05 0.0005359 0.00053665 0.00031475 0.00047925 0.0003842 0.00022565 0.000387 6.11e-05 0.00015325 0.0002661 0.0001614 0.00029835 0.00046295 0.00029885 0.0004022 0.0003798 0.0002986 0.00019315 6.115e-05 0.00010625 0.0002053 0.00020745 0.000332 0.00039515 0.0001057 0.00029595 0.0002875 0.000172 0.0004629 0.0002985 0.00020555 0.00047895 0.00041645 0.0003505 0.0003225 6.09e-05 0.00041645 0.0004572 0.0004413 0.0001045 0.0004032 0.00044645 0.0003418 0.00045975 0.00035 0.0002199 0.00031225 0.00039845 0.00036255 0.0002655 0.00045995 0.00010485 0.00021605 0.0003418 0.000224 8.135e-05 0.0003791 0.00019085 0.00016375 0.00031285 0.00033935 0.0003596 0.0002874 0.0004794 6.1e-05 0.0004598 0.00028275 6.245e-05 0.000247 0.0003342 6.09e-05 0.0002987 0.00034995
25 0.0001972 0.00018085 0.0003374 0.0003223 0.00020735 9.91e-05 8.305e-05 0.0001067 0.0002405 0.0002432 0.0002172 0.0002673 0.00031415 8.065e-05 0.00024025 0.00024005 0.0002162 7.99e-05 0.0001968 7.94e-05 0.00024365 0.00028665 0.0002199 0.0002602 0.00046 0.0001578 0.000401 8.03e-05 7.97e-05 0.0002074 7.985e-05 9.9e-05 0.00024105 8.01e-05 0.00040095 0.0003681 0.00019695 0.00036065 0.00024025 8.04e-05 0.0002404 0.00019565 0.00021875 0.00024095 0.0002893 0.000401 0.00041705 0.000336 0.0003147 0.00013395 0.0002036 0.0003576 0.00024375 0.00025165 0.00037205 8.035e-05 0.0002404 0.00032225 8.01e-05 0.00012595 0.00024335 0.00031415 0.00046005 0.00012595 0.0001968 9.895e-05 0.0004168 7.945e-05 0.0002082 0.00025605 7.955e-05 0.0002306 0.00035755 0.0003247 0.00020035 0.0002164 0.0003143 8e-05 0.0003579 0.00030625 0.00025605 0.0002395 0.00038065 0.00031435 0.0002926 0.0003576 0.00017155 0.0002206 0.00012645 0.0002553 7.96e-05 0.00040105 7.94e-05 0.0002205 0.00051915 0.0002754 0.00019585 0.00040095 0.0002992 0.00023055
26 0.000342 0.0003488 0.0001809 0.00020525 0.00031565 0.00032535 0.00041755 0.0004524 0.00023875 0.0002223 0.0001866 0.00021415 0.00014885 0.00036375 0.0002385 0.0001624 0.0002471 0.00032775 0.0003474 0.00034415 0.00023595 0.0001189 0.00025905 0.0003351 6.105e-05 0.000401 6e-07 0.00047695 0.0004777 0.0003157 0.0004203 0.00032525 0.0001657 0.00032795 6.5e-07 0.00015345 0.0002064 0.0001617 0.0002385 0.00040395 0.00023905 0.0003433 0.0003808 0.00023875 0.00013355 6.5e-07 0.0001065 0.00021995 0.0001478 0.0002724 0.0003362 4.58e-05 0.00023605 0.0002277 0.000173 0.0004039 0.00023865 0.0002055 0.00042 0.0003575 0.00041055 0.00026355 6.11e-05 0.0003575 0.00039825 0.00038235 0.00010455 0.0003442 0.0003875 0.0003427 0.00040075 0.0002907 0.0001601 0.00031325 0.0003395 0.0003036 0.0002064 0.00040095 4.45e-05 0.0002167 0.0003427 0.0001644 2.09e-05 0.00032015 0.0001313 0.0001041 0.00025395 0.0002804 0.0003004 0.0002282 0.00042045 3.5e-07 0.0004008 0.0002238 0.00012335 0.0002479 0.0003224 3e-07 0.00029965 0.00029065
27 0.0001764 0.0002574 0.00033605 0.0003982 0.0002844 0.000156 6.23e-05 2.95e-05 0.00023995 0.0002995 0.00029315 0.0002669 0.00037005 0.0001174 0.00023935 0.00031715 0.00027255 0.0001544 0.0001325 0.00013725 0.0002424 0.000363 0.00021905 0.00018215 0.0005359 8.03e-05 0.00047695 3.7e-06 3.45e-06 0.00028445 5.96e-05 0.0001559 0.0003142 0.0001546 0.0004769 0.000444 0.00027425 0.00043655 0.0002394 7.675e-05 0.00024025 0.00017475 0.0002184 0.00023935 0.0003455 0.00047695 0.0004914 0.00041185 0.0003706 0.0002108 0.00018275 0.00043355 0.0002425 0.00025135 0.00042605 7.665e-05 0.00023955 0.00039815 5.995e-05 0.000126 0.0003197 0.00029275 0.00053595 0.000126 0.0001186 9.925e-05 0.00049275 0.0001374 0.0001306 0.0002552 8.015e-05 0.00022935 0.0003562 0.0003233 0.00017905 0.0002154 0.0003498 7.975e-05 0.00043385 0.00038145 0.0002552 0.0003158 0.0004566 0.0002357 0.0003482 0.0004135 0.0002275 0.0001999 0.0001835 0.00025435 5.99e-05 0.000477 7.99e-05 0.00025715 0.00059345 0.0003518 0.0002523 0.0004769 0.00029915 0.0002293
28 0.0001776 0.0002563 0.0003375 0.00039895 0.00028415 0.00015515 6.355e-05 2.96e-05 0.00024025 0.0003005 0.0002939 0.00026725 0.00037105 0.00011665 0.0002399 0.0003169 0.0002722 0.00015345 0.0001325 0.00013675 0.0002439 0.00036375 0.00021955 0.0001832 0.00053665 7.97e-05 0.0004777 3.45e-06 0.0 0.0002842 5.88e-05 0.00015505 0.00031425 0.00015365 0.00047765 0.00044475 0.000274 0.0004373 0.0002399 7.655e-05 0.0002389 0.0001747 0.0002187 0.00024115 0.0003459 0.0004777 0.0004922 0.0004126 0.0003716 0.0002102 0.0001839 0.0004343 0.000244 0.00025165 0.0004265 7.65e-05 0.00024005 0.0003989 5.94e-05 0.000125 0.00031925 0.00029445 0.0005367 0.000125 0.00011985 9.655e-05 0.0004934 0.0001362 0.0001316 0.0002556 7.945e-05 0.0002307 0.00035765 0.00032475 0.0001808 0.0002158 0.0003513 8.055e-05 0.0004346 0.000383 0.0002556 0.0003155 0.00045735 0.00023785 0.0003486 0.0004145 0.00022685 0.0002 0.0001832 0.0002558 6.005e-05 0.00047775 7.94e-05 0.000257 0.00059425 0.0003511 0.0002528 0.00047765 0.00029855 0.00023065
29 0.0002968 0.00013405 0.0003486 0.0002262 0.0001296 0.00015125 0.0002279 0.0002972 0.00029995 0.00023295 0.00018055 0.0003129 0.00026915 0.00017095 0.00029985 0.0002226 0.00022 0.00013445 0.0003211 0.00015065 0.0003002 0.00023645 0.00027945 0.00040185 0.00031475 0.0002074 0.0003157 0.00028445 0.0002842 0.0002592 0.0002274 0.00015115 0.0002274 0.00013465 0.00031565 0.00022265 0.00017985 0.0002154 0.00029985 0.00021165 0.0003 0.00029685 0.0002184 0.0003002 0.0002431 0.0003157 0.00027335 0.0002256 0.00026935 0.0001328 0.00029715 0.00027265 0.0003003 0.00031145 0.00027 0.0002116 0.0003 0.00022615 0.00022765 0.0002207 0.00013675 0.00036535 0.0003148 0.0002207 0.00035295 0.0002077 0.00027165 0.00015045 0.00036455 0.0002558 0.0002068 0.00028955 0.0003688 0.00027575 0.00029685 0.0002768 0.00030865 0.00020745 0.0002726 0.0002231 0.0002558 0.0002033 0.0002953 0.00042215 0.0002489 0.00031225 0.00017705 0.0003198 0.0001642 0.00030165 0.00022795 0.00031575 0.0002072 0.0002629 0.0003155 0.0001794 0.000151 0.00031565 0.0002989 0.0002895
30 0.0001767 0.0001997 0.00033695 0.00034155 0.00022735 9.795e-05 6.265e-05 8.59e-05 0.0002398 0.00024335 0.0002365 0.0002668 0.0003138 5.955e-05 0.0002392 0.0002601 0.0002155 9.7e-05 0.000189 7.96e-05 0.00024335 0.00030645 0.0002189 0.0002395 0.00047925 7.985e-05 0.0004203 5.96e-05 5.88e-05 0.0002274 0.0001164 9.785e-05 0.0002572 9.72e-05 0.00042025 0.00038735 0.0002172 0.0003799 0.00023925 7.625e-05 0.0002396 0.000175 0.00021825 0.0002406 0.00028815 0.0004203 0.0004363 0.0003552 0.00031435 0.0001537 0.0001835 0.0003769 0.00024345 0.0002512 0.00037135 7.61e-05 0.0002394 0.0003415 5.89e-05 0.0001251 0.00026245 0.00029405 0.0004793 0.0001251 0.000176 9.78e-05 0.00043605 7.935e-05 0.000188 0.000255 7.96e-05 0.00023015 0.0003571 0.0003242 0.0001804 0.00021565 0.0002941 8.06e-05 0.0003772 0.0003256 0.000255 0.0002585 0.00039995 0.00029415 0.00029195 0.00035725 0.0001706 0.0001996 0.00012605 0.00025535 5.92e-05 0.00042035 7.935e-05 0.00019985 0.00053835 0.0002943 0.00019505 0.00042025 0.0002986 0.0002301
31 0.0002152 0.00010395 0.00033725 0.0002465 0.0001511 4.04e-05 0.000101 0.0001825 0.0002405 0.00018725 0.00014145 0.00026735 0.0002576 4.095e-05 0.00024025 0.00018385 0.0001586 4.325e-05 0.0002541 4.155e-05 0.0002435 0.0002115 0.0002199 0.0003358 0.0003842 9.9e-05 0.00032525 0.0001559 0.00015505 0.00015115 9.785e-05 8.05e-05 0.00018465 4.345e-05 0.0003252 0.0002923 0.00014095 0.00028485 0.00024025 9.975e-05 0.0002402 0.00021525 0.00021895 0.0002408 0.00023165 0.00032525 0.00034275 0.00026015 0.00025815 5.85e-05 0.0002227 0.00028185 0.0002436 0.0002519 0.00031735 9.97e-05 0.0002404 0.00024645 9.84e-05 0.00012495 0.0001674 0.0003332 0.00038425 0.00012495 0.0002724 9.77e-05 0.000341 4.145e-05 0.00028405 0.000256 9.91e-05 0.000243 0.0003574 0.0003245 0.0002194 0.00021525 0.00027645 9.96e-05 0.00028215 0.00024345 0.000256 0.00016275 0.0003049 0.0003898 0.00023645 0.00030105 0.0001144 0.00023845 6.96e-05 0.00025575 9.795e-05 0.0003253 9.915e-05 0.0001819 0.0004448 0.00019855 0.0001382 0.0003252 0.00029925 0.00024295
32 0.0002765 0.00023095 0.00025905 0.00022925 0.00022735 0.00018475 0.00025765 0.0003145 0.00023995 0.0002034 0.0001674 0.0002404 0.00020285 0.00020105 0.0002396 0.0001667 0.0002035 0.00016665 0.00030095 0.0001843 0.0002401 0.0001672 0.00023975 0.00033235 0.00022565 0.00024105 0.0001657 0.0003142 0.00031425 0.0002274 0.0002572 0.00018465 0.0003311 0.00016685 0.0001659 0.0002263 0.0001672 0.0002263 0.0002396 0.00023965 0.0002401 0.0002766 0.0003006 0.00024015 0.0001833 0.00016595 0.0002276 0.00024355 0.0002026 0.000168 0.0002756 0.00016675 0.0002402 0.00024015 0.00024545 0.0002397 0.00023975 0.0002294 0.00025685 0.00024195 0.00029315 0.00029505 0.0002257 0.00024195 0.00033265 0.00024145 0.00022585 0.00018435 0.0003331 0.0002997 0.0002408 0.0002601 0.0002588 0.0003193 0.0002766 0.0002604 0.0002382 0.0002413 0.00016625 0.00022705 0.0002997 0.0001675 0.0001659 0.000352 0.0001841 0.0002022 0.0001854 0.0002572 0.0001843 0.0002409 0.0002575 0.0001659 0.00024085 0.00020025 0.0002871 0.00022725 0.00023155 0.0001658 0.0002998 0.00026005
33 0.00021455 0.0001086 0.0003375 0.00024975 0.0001346 4.355e-05 0.0001009 0.0001806 0.00024115 0.00018545 0.0001446 0.0002675 0.0002573 4.12e-05 0.0002409 0.00016685 0.00015965 5.55e-06 0.0002583 2.345e-05 0.0002443 0.0002127 0.00022055 0.00033355 0.000387 8.01e-05 0.00032795 0.0001546 0.00015365 0.00013465 9.72e-05 4.345e-05 0.00016685 1.11e-05 0.0003279 0.0002955 0.00012375 0.0002877 0.0002409 7.99e-05 0.00024085 0.00021365 0.0002201 0.00024155 0.00023305 0.00032795 0.00034555 0.0002635 0.00025785 6.025e-05 0.0002194 0.00028455 0.0002444 0.00025255 0.00031815 7.985e-05 0.00024105 0.0002497 9.71e-05 0.00012645 0.00017125 0.00033045 0.00038705 0.00012645 0.0002706 9.97e-05 0.0003438 2.325e-05 0.00028225 0.00025675 8.005e-05 0.00023025 0.00035765 0.00032525 0.0002172 0.00021685 0.0002739 8.045e-05 0.00028485 0.0002338 0.00025675 0.0001668 0.0003076 0.0003876 0.00023715 0.00030075 0.00011645 0.00023735 6.885e-05 0.00025445 9.79e-05 0.000328 7.99e-05 0.0001801 0.0004477 0.0002027 0.0001404 0.0003279 0.0002997 0.0002302
34 0.00034195 0.00034875 0.00018085 0.0002054 0.0003156 0.0003253 0.0004175 0.00045235 0.00023875 0.00022225 0.00018655 0.0002143 0.0001488 0.0003637 0.00023865 0.00016245 0.00024705 0.0003277 0.00034735 0.0003441 0.00023615 0.000119 0.000259 0.00033505 6.11e-05 0.00040095 6.5e-07 0.0004769 0.00047765 0.00031565 0.00042025 0.0003252 0.0001659 0.0003279 9e-07 0.0001535 0.00020635 0.00016165 0.00023865 0.0004039 0.00023915 0.00034325 0.00038075 0.0002389 0.00013365 6e-07 0.00010645 0.00022 0.00014775 0.00027235 0.00033615 4.56e-05 0.00023625 0.0002278 0.00017295 0.00040385 0.0002388 0.0002053 0.00041995 0.00035745 0.0004105 0.0002635 6.11e-05 0.00035745 0.0003982 0.0003823 0.00010465 0.00034415 0.00038745 0.00034265 0.0004007 0.00029065 0.0001602 0.0003132 0.00033945 0.00030355 0.00020635 0.0004009 4.425e-05 0.00021665 0.00034265 0.00016435 2.1e-05 0.0003201 0.00013125 0.00010385 0.0002539 0.00028035 0.00030035 0.00022815 0.0004204 6e-07 0.00040075 0.00022375 0.0001233 0.00024785 0.00032235 5e-07 0.0002996 0.0002906
35 0.0003587 0.00025635 0.0002701 0.00020575 0.0002226 0.0002924 0.0003846 0.00043105 0.0002986 0.00025085 0.0002033 0.00028585 0.00021465 0.00033075 0.0002986 0.00022245 0.0002638 0.0002953 0.0003637 0.00031125 0.0002961 0.0001908 0.0002986 0.0004006 0.00015325 0.0003681 0.00015345 0.000444 0.00044475 0.00022265 0.00038735 0.0002923 0.0002263 0.0002955 0.0001535 0.0003065 0.00022305 0.00015395 0.0002986 0.00037145 0.0002991 0.00035975 0.00029885 0.00029885 0.0001932 0.00015355 0.00015535 0.00020555 0.00021405 0.0002405 0.0003533 0.0001548 0.0002962 0.0002989 0.00019725 0.0003714 0.00029875 0.0002058 0.00038735 0.00033615 0.0002586 0.0003299 0.0001533 0.00033615 0.00041495 0.0003494 0.00015355 0.0003113 0.00041535 0.0002987 0.0003677 0.00031935 0.0002698 0.0002698 0.0003562 0.0003203 0.0002729 0.00036805 0.00015395 0.0002163 0.0002987 0.00020395 0.00015345 0.0003865 0.0001958 0.00021365 0.00024595 0.0003396 0.0002796 0.00028805 0.0003875 0.0001534 0.0003679 0.000283 0.00015485 0.0002039 0.0002421 0.0001533 0.00029895 0.0003193
36 0.0002491 0.00018335 0.0002514 0.00022605 0.0001798 0.00014105 0.0002177 0.0002865 0.00024035 0.0001845 0.00012025 0.00025265 0.0001721 0.0001608 0.0002401 0.00016295 0.0001723 0.00012355 0.0002613 0.0001402 0.00024045 0.00017595 0.00021975 0.0003054 0.0002661 0.00019695 0.0002064 0.00027425 0.000274 0.00017985 0.0002172 0.00014095 0.0001672 0.00012375 0.00020635 0.00022305 0.0002386 0.0001793 0.0002401 0.000201 0.00024025 0.0002494 0.0002683 0.00024045 0.00018375 0.0002064 0.00022415 0.00024025 0.00017165 0.00012145 0.00024905 0.00016355 0.00024055 0.00025165 0.0002459 0.00020095 0.00024025 0.000226 0.00021715 0.00021 0.00024555 0.00028015 0.00026615 0.00021 0.00030525 0.0001975 0.000223 0.00014 0.0003168 0.0002567 0.0001969 0.000241 0.00027155 0.00028825 0.00024915 0.0002291 0.0002233 0.000197 0.0001628 0.00022365 0.0002567 0.0001436 0.00018605 0.00033695 0.00016425 0.000215 0.0001419 0.00026075 0.00015295 0.00024195 0.00021775 0.00020645 0.00019675 0.00020385 0.00032745 0.0001803 0.000188 0.00020635 0.00029975 0.00024095
