 slim_337494241 slim_337494133 slim_337494269 slim_337494070 slim_337494238 slim_337494105 slim_337494128 slim_337494102 slim_337494201 slim_337494050 slim_337494184 slim_337494252 slim_337493691 slim_337494240 slim_337494214 slim_337494264 slim_337494124 slim_337494246 slim_337494225 slim_337494092 slim_337494223 slim_337494160 slim_337494139 slim_337494140 slim_337494235 slim_337494142 slim_337494181 slim_337494217 slim_337494045 slim_337494207 slim_337494237 slim_337494093 slim_337494099 slim_337494216 slim_337494253 slim_337494255 slim_337494245 slim_337494030 slim_337494228 slim_337494076 slim_337494075 slim_337494258 slim_337494259 slim_337494230 slim_337494177 slim_337494166 slim_337494266 slim_337494150 slim_337494175 slim_337494170 slim_337494126 slim_337494104 slim_337494254 slim_337494027 slim_337494145 slim_337494087 slim_337494024 slim_337494213 slim_337494267 slim_337494188 slim_337494220 slim_337494265 slim_337494185 slim_337494219 slim_337494054 slim_337494203 slim_337494262 slim_337494222 slim_337494232 slim_337494234 slim_337493974 slim_337494257 slim_337494191 slim_337494167 slim_337494122 slim_337494250 slim_337494194 slim_337494256 slim_337494233 slim_337494155 slim_337494210 slim_337494196 slim_337494192 slim_337494244 slim_337494242 slim_337494043 slim_337494205 slim_337494183 slim_337494243 slim_337494031 slim_337494168 slim_337494182 slim_337494158 slim_337494100 slim_337494123 slim_337494193 slim_337494260 slim_337494131 slim_337494156 slim_337494130
0 0.0005391 0.00050555 0.0007733 0.00064865 0.0007519 0.00052505 0.00062635 0.0007186 0.00066655 0.00076525 0.00079465 0.0005253 0.00074165 0.000538 0.0007643 0.0007997 0.0006071 0.00031365 0.000859 0.0005987 0.000619 0.0006112 0.00076715 0.0005383 0.0005642 0.0005046 0.00068525 0.00075355 0.0005253 0.00057465 0.0006516 0.0006195 0.00057455 0.0007723 0.00047215 0.0006754 0.00087645 0.0007979 0.0007536 0.00081925 0.00085975 0.00060705 0.00068695 0.00086235 0.00071275 0.00030015 0.0008624 0.00075175 0.00067955 0.0006191 0.00050465 0.0005909 0.00056565 0.0007581 0.0005198 0.0005691 0.00085215 0.0006554 0.0007771 0.00048905 0.0007726 0.0007643 0.000742 0.00076875 0.0007669 0.0006506 0.00075365 0.00071925 0.0007418 0.0007947 0.00062095 0.00075375 0.0008265 0.0005909 0.000592 0.0007177 0.00040775 0.00053695 0.00059975 0.00066815 0.00069635 0.00033075 0.0008035 0.00085895 0.00071275 0.0006303 0.00074205 0.00078385 0.0006739 0.00054235 0.0007957 0.00055745 0.00071915 0.00065015 0.0005422 0.00080925 0.0006622 0.00081285 0.00061885 0.00050895
1 0.00050555 0.0008643 0.00064805 0.0006738 0.00064585 0.0005536 0.0005438 0.00063685 0.0006185 0.0006852 0.0007707 0.00055655 0.00066795 0.00056985 0.00078305 0.00075715 0.00059815 0.0005159 0.00072775 0.00063 0.00054935 0.00060195 0.00070765 0.00057015 0.00071715 0.0006357 0.00063225 0.00059055 0.00055655 0.0006635 0.00059725 0.00065915 0.0006634 0.0006743 0.00058635 0.00069625 0.0008454 0.0007168 0.0005906 0.0007934 0.000805 0.0005981 0.0006956 0.00081655 0.00061095 0.00057065 0.0008166 0.000643 0.00068115 0.00055215 0.00063585 0.00061025 0.0006135 0.00063825 0.00055535 0.00066225 0.00077175 0.00066285 0.0006926 0.00053515 0.0006773 0.00078305 0.0006867 0.00067345 0.0006499 0.000511 0.00059055 0.000659 0.0006681 0.00077075 0.0005909 0.0005907 0.00071315 0.00061025 0.00075795 0.0007007 0.00050405 0.00054875 0.00058375 0.00061175 0.00064255 0.00063165 0.00071795 0.00072765 0.00061095 0.00069065 0.00068675 0.00068415 0.0006936 0.0005546 0.000736 0.0005671 0.000537 0.00067635 0.00055175 0.0007788 0.0005736 0.00065665 0.0006141 0.00060005
2 0.0007733 0.00064805 0.0007443 0.00069555 0.00048965 0.00069485 0.0005846 0.00060195 0.00060165 0.00055975 0.0006679 0.00068815 0.00060205 0.000634 0.000522 0.0005862 0.00065325 0.0007405 0.00056115 0.00065515 0.00070005 0.00071985 0.00058005 0.0006338 0.00052835 0.0007415 0.0006739 0.0005611 0.00068815 0.0005711 0.0005803 0.0006746 0.000571 0.0006419 0.0007697 0.00068155 0.0007102 0.00061305 0.00056115 0.0005767 0.0006131 0.0006532 0.0006753 0.0006712 0.0005215 0.0007552 0.00067125 0.00049645 0.0007262 0.0006932 0.00074165 0.00062595 0.0007982 0.0005825 0.00070325 0.00058625 0.00066395 0.0005669 0.0005384 0.0006026 0.00063525 0.000522 0.00049605 0.00062205 0.00061515 0.0005676 0.00056115 0.00061175 0.0006022 0.00066795 0.00054045 0.0005612 0.00057465 0.00062595 0.00075785 0.00059245 0.0007515 0.0006857 0.0007042 0.0005944 0.00060655 0.00067495 0.00060305 0.00056115 0.0005215 0.0006948 0.0004961 0.0006077 0.00060625 0.0006975 0.00073575 0.00070135 0.00050035 0.0005025 0.0007043 0.0006256 0.00057345 0.0004376 0.00071985 0.00064115
3 0.00064865 0.0006738 0.00069555 0.0005497 0.00071045 0.00058255 0.00066255 0.0007347 0.0006856 0.0007034 0.0004888 0.00059115 0.00047035 0.00047105 0.00065165 0.000537 0.0005601 0.0005599 0.0008229 0.00068725 0.00066775 0.0003992 0.0007409 0.0004705 0.00067645 0.0007524 0.00071295 0.00080995 0.00059115 0.0004877 0.00074885 0.0005825 0.0004876 0.00053265 0.00052095 0.00065295 0.00079 0.00081175 0.00081 0.00061435 0.00066865 0.00056005 0.0003024 0.0005447 0.0007684 0.00064915 0.00054475 0.00070195 0.00040425 0.0006762 0.00075255 0.00058335 0.00067325 0.0007673 0.00062495 0.00052145 0.00027505 0.00052005 0.0006587 0.00078835 0.0005413 0.00065165 0.00069555 0.0005715 0.0007993 0.00066765 0.00081005 0.00074225 0.0004704 0.00048885 0.00068645 0.00081015 0.0006883 0.00058335 0.00079235 0.00051255 0.00039925 0.0005644 0.0006621 0.00057955 0.00056175 0.00074615 0.0007649 0.00082285 0.0007684 0.0005953 0.0006956 0.0007495 0.00070495 0.00069685 0.0005176 0.00061505 0.000791 0.0004948 0.00068835 0.00074655 0.0007368 0.00072145 0.00036995 0.0005701
4 0.0007519 0.00064585 0.00048965 0.00071045 0.0005195 0.00054765 0.0006478 0.00047005 0.0008309 0.0007393 0.00066705 0.0005378 0.00072 0.00078625 0.0005964 0.00066285 0.0005076 0.0007252 0.0006043 0.00068585 0.000491 0.0007565 0.0007298 0.00078605 0.0006641 0.00069515 0.00075275 0.0004119 0.00053785 0.00065955 0.00052615 0.00074955 0.00065945 0.0004621 0.00070735 0.0007563 0.00076935 0.00046185 0.00041195 0.00064615 0.0006866 0.00050755 0.00069005 0.000681 0.0006585 0.00084255 0.00068105 0.00026975 0.0007325 0.00048095 0.0006953 0.00050495 0.0007168 0.0007051 0.0005449 0.00066655 0.00064455 0.0007076 0.00057685 0.00062425 0.00045225 0.0005964 0.0003915 0.0004183 0.0003471 0.00057635 0.00041205 0.00045075 0.00072015 0.0006671 0.00078405 0.00041215 0.0006171 0.00050495 0.00083565 0.00071885 0.00082245 0.000538 0.0005501 0.00063985 0.0004612 0.00081605 0.00046475 0.00060425 0.0006585 0.0007398 0.00039155 0.0004805 0.00073105 0.00049165 0.00067725 0.00076575 0.00037745 0.000495 0.0005016 0.0006865 0.0005278 0.00040205 0.0007547 0.00079695
5 0.00052505 0.0005536 0.00069485 0.00058255 0.00054765 0.000878 0.0006495 0.0006093 0.000758 0.0007863 0.0007329 0.0004576 0.00070345 0.0006125 0.0007491 0.0007251 0.0004876 0.00047985 0.0007973 0.0006363 0.000465 0.00061485 0.00080245 0.00061205 0.00069145 0.00064125 0.0007028 0.00058065 0.0004576 0.0005729 0.0006027 0.0006549 0.0005728 0.00055655 0.00047265 0.00074055 0.00085685 0.00067395 0.0005807 0.00076255 0.00081275 0.0004876 0.0006052 0.00077555 0.0007444 0.00059985 0.0007756 0.0005292 0.00064965 0.00048345 0.0006414 0.0005167 0.00058415 0.00075255 0.0004751 0.00059035 0.0006741 0.0006884 0.000704 0.00061415 0.00057515 0.0007491 0.00057275 0.00057135 0.00052295 0.0005874 0.00058075 0.00060055 0.0007036 0.00073295 0.0007496 0.0005808 0.00073865 0.0005167 0.0007719 0.00070795 0.00052335 0.00044755 0.00053215 0.00062925 0.0005248 0.0006702 0.00063795 0.00079725 0.0007444 0.0006555 0.00057285 0.00062705 0.000779 0.0004857 0.0006734 0.00061345 0.0005564 0.00060685 0.00046725 0.0008312 0.0006046 0.00067085 0.00059775 0.00062955
6 0.00062635 0.0005438 0.0005846 0.00066255 0.0006478 0.0006495 0.0008615 0.00065765 0.00056835 0.00062815 0.0006862 0.00063235 0.00061905 0.0005415 0.0006822 0.0007173 0.00063115 0.00064595 0.00063095 0.00066275 0.0006577 0.00062735 0.00059495 0.0005417 0.0007173 0.00072215 0.0006533 0.0006277 0.00063235 0.00067295 0.00063 0.00066735 0.00067285 0.0007127 0.00068225 0.0005774 0.00082435 0.00067125 0.00062775 0.0007482 0.00074 0.0006311 0.0006585 0.00073205 0.0005723 0.0006354 0.0007321 0.00066505 0.0005854 0.0006404 0.0007223 0.0006691 0.00072555 0.0006041 0.0006137 0.00065425 0.00074005 0.0006255 0.0006543 0.0006379 0.0006956 0.0006822 0.00070875 0.00069175 0.0006882 0.00053385 0.00062775 0.00063355 0.0006192 0.00068625 0.00053635 0.0006278 0.00066455 0.0006691 0.00079325 0.0006497 0.0005499 0.00064745 0.0005581 0.0005734 0.00068095 0.00069635 0.00070995 0.0006309 0.0005723 0.0006526 0.0007088 0.0007144 0.00060345 0.0006467 0.00077425 0.00059205 0.0005581 0.00064875 0.00066395 0.0006767 0.0005747 0.0006073 0.00064895 0.00061535
7 0.0007186 0.00063685 0.00060195 0.0007347 0.00047005 0.0006093 0.00065765 0.0008374 0.0006987 0.00060385 0.00061135 0.00061255 0.0006717 0.00070755 0.0005641 0.0005953 0.00057405 0.0007284 0.000667 0.00057495 0.00050395 0.00070105 0.00063715 0.00070735 0.00070705 0.00070445 0.0006631 0.0005612 0.00061255 0.0007024 0.0005495 0.00067255 0.0007023 0.00055895 0.00063475 0.00065115 0.00071035 0.0005275 0.00056125 0.0005453 0.00065685 0.000574 0.0007143 0.0006711 0.00069205 0.0007904 0.00067115 0.0004669 0.00070895 0.00050705 0.0007046 0.0005653 0.0006342 0.00072825 0.00061135 0.00070115 0.0006992 0.0006537 0.0006156 0.00069025 0.00056225 0.0005641 0.00051175 0.00056165 0.00049255 0.00058095 0.0005613 0.00046245 0.00067185 0.0006114 0.00066225 0.0005614 0.0007362 0.0005653 0.0008287 0.00071325 0.0007366 0.00060445 0.00056875 0.0007165 0.000523 0.0008005 0.00052835 0.00066695 0.00069205 0.0007149 0.0005118 0.0004942 0.00060185 0.0005057 0.00069055 0.000664 0.0005077 0.00061345 0.00050255 0.00053435 0.00053485 0.0006094 0.0007132 0.0007861
8 0.00066655 0.0006185 0.00060165 0.0006856 0.0008309 0.000758 0.00056835 0.0006987 0.0002379 0.0004656 0.0006655 0.00075285 0.00039775 0.0004068 0.0007045 0.0006242 0.0007647 0.00067925 0.00066485 0.000495 0.00070495 0.00065305 0.00049995 0.00040675 0.0006958 0.0006868 0.00043795 0.00063525 0.00075285 0.00072435 0.00065495 0.00074885 0.00072425 0.0007495 0.00059805 0.00075045 0.00085585 0.0008464 0.0006353 0.00073365 0.0007944 0.00076465 0.00069195 0.00078375 0.00046805 0.00064815 0.0007838 0.00083615 0.00068265 0.00069965 0.00068695 0.00064025 0.00063555 0.0002837 0.00075725 0.0007287 0.00067675 0.0004618 0.00055175 0.0006224 0.0007444 0.0007045 0.00078855 0.00077705 0.00074635 0.00050445 0.0006354 0.0007259 0.0003979 0.00066555 0.0003032 0.0006355 0.0006167 0.00064025 0.00076345 0.0005411 0.00066195 0.0007599 0.00075545 0.0005777 0.0006292 0.00062795 0.000846 0.0006648 0.00046805 0.00078735 0.0007886 0.0008171 0.0005709 0.00066285 0.0007169 0.00040325 0.00063525 0.0006541 0.0006681 0.0007291 0.0004655 0.0006492 0.0006578 0.0005172
9 0.00076525 0.0006852 0.00055975 0.0007034 0.0007393 0.0007863 0.00062815 0.00060385 0.0004656 0.0007615 0.000616 0.0007796 0.00053285 0.00055145 0.00055285 0.00047865 0.00075375 0.00076265 0.00063455 0.00056255 0.00076485 0.00065645 0.000465 0.0005512 0.00061615 0.000751 0.0005734 0.0007729 0.0007796 0.00065265 0.00064605 0.00056375 0.00065255 0.00075575 0.0007028 0.00055685 0.0006175 0.00068105 0.00077295 0.0004475 0.00052885 0.0007537 0.00068315 0.000615 0.00059265 0.00071275 0.00061505 0.0007461 0.00069505 0.000758 0.00075115 0.00071085 0.00072355 0.00063485 0.0007946 0.0006676 0.00068515 0.000521 0.00061685 0.0007082 0.0007491 0.00055285 0.00069265 0.00076925 0.0008191 0.00062425 0.000773 0.00068805 0.000533 0.00061605 0.00042315 0.0007731 0.00069805 0.00071085 0.0007638 0.00057545 0.00067475 0.00078625 0.0007657 0.00070025 0.0007014 0.00067405 0.000674 0.0006345 0.00059265 0.00064775 0.0006927 0.0006193 0.00050625 0.0007468 0.00072565 0.00061035 0.0006889 0.00063055 0.0007536 0.00046405 0.0005969 0.00069265 0.0006611 0.0006331
10 0.00079465 0.0007707 0.0006679 0.0004888 0.00066705 0.0007329 0.0006862 0.00061135 0.0006655 0.000616 0.000733 0.00073105 0.00050565 0.0006282 0.00046225 0.00050175 0.0006701 0.00075805 0.0006744 0.0006881 0.0007084 0.0005501 0.00058665 0.000628 0.00070045 0.0007965 0.00070915 0.00079475 0.00073105 0.0006272 0.00075785 0.0006478 0.0006271 0.00056805 0.00066315 0.0005892 0.00071 0.00064715 0.0007948 0.0004827 0.0006152 0.00067005 0.00046865 0.00044525 0.00078305 0.0008017 0.0004453 0.000669 0.00047945 0.0007064 0.00079665 0.00065555 0.0007273 0.00075295 0.0007311 0.0006272 0.0003667 0.0005811 0.00059915 0.00082545 0.00056625 0.00046225 0.00066385 0.00059965 0.00078125 0.00069885 0.00079485 0.00058115 0.0005057 0.00036655 0.00069535 0.00079495 0.00072555 0.00065555 0.00083315 0.0005868 0.00067245 0.00071755 0.00068105 0.0006952 0.00059295 0.000834 0.000649 0.00067435 0.00078305 0.00061235 0.0006639 0.0006757 0.00055625 0.0007233 0.00057015 0.0006766 0.00077485 0.0005549 0.00072525 0.00048295 0.0007054 0.00069415 0.00054245 0.00073215
11 0.0005253 0.00055655 0.00068815 0.00059115 0.0005378 0.0004576 0.00063235 0.00061255 0.00075285 0.0007796 0.00073105 0.0008952 0.00069675 0.0006058 0.00074725 0.0007337 0.0005062 0.00049825 0.000797 0.0006391 0.00049325 0.00060815 0.0007853 0.00060535 0.0006819 0.00064135 0.00070575 0.00060075 0.0004478 0.00058145 0.00060595 0.00064815 0.00058135 0.0005751 0.00049075 0.0007234 0.00086005 0.00065365 0.0006008 0.00077115 0.00080605 0.00050615 0.0006138 0.0007737 0.00073925 0.00057215 0.00077375 0.00054775 0.0006478 0.00048325 0.0006415 0.00053525 0.00061205 0.00076425 0.00045485 0.0005885 0.0006827 0.0006817 0.00071415 0.00061425 0.0005653 0.00074725 0.00059135 0.0005615 0.0005429 0.00059035 0.00060085 0.00060865 0.0006969 0.0007311 0.0007276 0.00060095 0.0007488 0.00053525 0.00075695 0.00070125 0.00051665 0.0004661 0.00054025 0.0006394 0.00054335 0.0006425 0.0006565 0.00079695 0.00073925 0.00065365 0.0005914 0.0006456 0.00076185 0.0004855 0.00069165 0.00061355 0.0005597 0.00061545 0.00049545 0.00081405 0.00057945 0.000681 0.00060635 0.00062
12 0.00074165 0.00066795 0.00060205 0.00047035 0.00072 0.00070345 0.00061905 0.0006717 0.00039775 0.00053285 0.00050565 0.00069675 0.0006568 0.0004705 0.00067885 0.0005331 0.00068855 0.00070885 0.0007383 0.0005724 0.0006669 0.00049805 0.000573 0.0004703 0.0007095 0.00071285 0.00051675 0.00070535 0.00069675 0.000665 0.000667 0.00069615 0.0006649 0.00054035 0.00060885 0.00072525 0.00080385 0.0007781 0.0007054 0.00065955 0.0006867 0.0006885 0.0004768 0.0005834 0.0006203 0.00072775 0.00058345 0.0007268 0.0005226 0.00066005 0.000713 0.0006144 0.00065225 0.00056275 0.00071185 0.00068005 0.0003286 0.0004553 0.0006203 0.00070635 0.0005337 0.00067885 0.0007136 0.0005671 0.00075215 0.00054175 0.00070545 0.0007055 0.00032855 0.0005057 0.00045505 0.00070555 0.00064735 0.0006144 0.0008025 0.0004386 0.00063985 0.0006986 0.0007344 0.00064175 0.0005405 0.0007351 0.0007681 0.00073825 0.0006203 0.0007362 0.00071365 0.00074395 0.00063225 0.00066885 0.0005169 0.0005123 0.00063685 0.00058905 0.00067565 0.0007101 0.0005336 0.00068005 0.00049805 0.0005904
13 0.000538 0.00056985 0.000634 0.00047105 0.00078625 0.0006125 0.0005415 0.00070755 0.0004068 0.00055145 0.0006282 0.0006058 0.0004705 0.0006752 0.00065675 0.000593 0.00061755 0.0005057 0.0007975 0.00055595 0.0006889 0.00049835 0.0005977 0.00033815 0.0006264 0.0006913 0.00056625 0.0007902 0.0006058 0.00052115 0.00068275 0.00057345 0.00052105 0.0007236 0.0004857 0.0006123 0.0008108 0.00084395 0.00079025 0.00065335 0.0007209 0.0006175 0.00049755 0.0007246 0.0006294 0.00051595 0.00072465 0.00079305 0.00054345 0.00068205 0.00069145 0.0005913 0.00063955 0.00060645 0.0006209 0.0005362 0.0006036 0.0004712 0.0006392 0.0006695 0.00071695 0.00065675 0.0007522 0.00074645 0.00084365 0.0005706 0.0007903 0.00074355 0.00047065 0.00062825 0.00042965 0.0007904 0.00070665 0.0005913 0.00072085 0.0005461 0.0003658 0.00060765 0.0006635 0.0005641 0.00063215 0.0005859 0.00083395 0.00079745 0.0006294 0.0006196 0.00075225 0.0007932 0.0005873 0.000657 0.0006993 0.0004714 0.0007217 0.0005407 0.0006638 0.00070915 0.00058395 0.00073965 0.00049835 0.0004611
14 0.0007643 0.00078305 0.000522 0.00065165 0.0005964 0.0007491 0.0006822 0.0005641 0.0007045 0.00055285 0.00046225 0.00074725 0.00067885 0.00065675 0.0005008 0.0004776 0.00066385 0.0007277 0.0005926 0.0006486 0.0007696 0.0007087 0.00051645 0.00065655 0.0004732 0.00080425 0.00077155 0.00081405 0.00074725 0.0004782 0.00070845 0.00056995 0.0004781 0.00073325 0.00068925 0.00049535 0.0006122 0.00056885 0.0008141 0.0003421 0.00053065 0.0006638 0.0006047 0.0005171 0.00073015 0.0007327 0.00051715 0.00059835 0.00062135 0.0007676 0.0008044 0.00066245 0.0007878 0.00078035 0.0007473 0.0004783 0.0006741 0.0005788 0.0005491 0.00075955 0.00073145 0.0002504 0.00052145 0.0007516 0.0008038 0.0007611 0.00081415 0.0005219 0.000679 0.0004623 0.00065405 0.00081425 0.00073155 0.00066245 0.0007442 0.00068315 0.0006863 0.0007337 0.00068055 0.00068545 0.00066285 0.0006864 0.0005707 0.00059255 0.00073015 0.00052745 0.0005215 0.00061245 0.0004374 0.0007523 0.00076675 0.00073525 0.00079415 0.00046835 0.00075425 0.00034225 0.0007363 0.00062 0.00070105 0.0006909
15 0.0007997 0.00075715 0.0005862 0.000537 0.00066285 0.0007251 0.0007173 0.0005953 0.0006242 0.00047865 0.00050175 0.0007337 0.0005331 0.000593 0.0004776 0.0007365 0.0006644 0.0007414 0.0006683 0.00058775 0.0007123 0.00058615 0.00055685 0.0005928 0.0005853 0.0007627 0.0006552 0.000792 0.0007337 0.0005535 0.00066575 0.0005478 0.0005534 0.000625 0.0006471 0.00057185 0.0006034 0.0006572 0.00079205 0.00037905 0.00047765 0.00066435 0.00051685 0.00050155 0.00068525 0.00076815 0.0005016 0.00065435 0.0005848 0.00072075 0.00076285 0.00064275 0.00069285 0.00073535 0.0007674 0.00058715 0.00047745 0.0004636 0.00060065 0.0007806 0.00063365 0.0004776 0.0006009 0.0006538 0.0007741 0.0006899 0.0007921 0.0006489 0.00053325 0.0005018 0.00057385 0.0007922 0.0006745 0.00064275 0.00078995 0.0005563 0.00064575 0.00071175 0.0007324 0.0006838 0.00057045 0.00074205 0.0006133 0.00066825 0.00068525 0.0006012 0.00060095 0.0005812 0.00054245 0.0007268 0.0005995 0.00066425 0.00075755 0.0005245 0.0007183 0.000472 0.0006894 0.0006738 0.00056155 0.00066505
16 0.0006071 0.00059815 0.00065325 0.0005601 0.0005076 0.0004876 0.00063115 0.00057405 0.0007647 0.00075375 0.0006701 0.0005062 0.00068855 0.00061755 0.00066385 0.0006644 0.0008937 0.0005627 0.0007562 0.0006241 0.0004729 0.00062105 0.0007679 0.00061775 0.0006918 0.0006895 0.00071335 0.00058465 0.0005062 0.0005736 0.0005905 0.0006604 0.0005735 0.00053895 0.00052125 0.00067705 0.0008162 0.0006367 0.0005847 0.0006792 0.0007367 0.0004469 0.00053905 0.00071275 0.00072835 0.00068805 0.0007128 0.00048915 0.00060315 0.0004914 0.00068965 0.0005196 0.0006059 0.0007527 0.0005237 0.00059105 0.00063105 0.00065075 0.0006599 0.0006753 0.00055755 0.00066385 0.0005327 0.00055375 0.00052285 0.0005938 0.00058475 0.0005633 0.0006887 0.00067015 0.0007401 0.0005848 0.00070185 0.0005196 0.00081475 0.00069285 0.00055015 0.000478 0.0005111 0.0005847 0.0005072 0.00075885 0.0006007 0.00075615 0.00072835 0.000659 0.0005328 0.0005918 0.0007216 0.00050745 0.0006558 0.00062455 0.00056695 0.00056185 0.000489 0.00075075 0.00061515 0.00062695 0.00060395 0.0006631
17 0.00031365 0.0005159 0.0007405 0.0005599 0.0007252 0.00047985 0.00064595 0.0007284 0.00067925 0.00076265 0.00075805 0.00049825 0.00070885 0.0005057 0.0007277 0.0007414 0.0005627 0.0005367 0.0008679 0.0006085 0.0006177 0.0005779 0.00078625 0.00050525 0.0005639 0.00054795 0.0006961 0.0007542 0.00049825 0.0004858 0.0006614 0.0005853 0.0004857 0.00072745 0.00042695 0.000695 0.00084835 0.0008231 0.00075425 0.00076095 0.0008259 0.00056265 0.0005989 0.00082575 0.0007244 0.00038875 0.0008258 0.0007069 0.00064345 0.00063595 0.000548 0.0005459 0.00056445 0.0007606 0.00051565 0.00050315 0.00076365 0.00062155 0.0007341 0.0005324 0.0007459 0.0007277 0.00069715 0.00074205 0.00076755 0.00066135 0.0007543 0.0007263 0.000709 0.0007581 0.0006428 0.0007544 0.0007835 0.0005459 0.0006219 0.0006849 0.0003742 0.0004918 0.0006073 0.0006256 0.0006515 0.00041865 0.00078725 0.00086785 0.0007244 0.00059325 0.0006972 0.0007689 0.00069195 0.0005593 0.00075085 0.0006006 0.00073 0.0005615 0.000541 0.0008273 0.0006912 0.00076985 0.0005608 0.0005083
18 0.000859 0.00072775 0.00056115 0.0008229 0.0006043 0.0007973 0.00063095 0.000667 0.00066485 0.00063455 0.0006744 0.000797 0.0007383 0.0007975 0.0005926 0.0006683 0.0007562 0.0008679 0.0008679 0.0007714 0.0007461 0.00082395 0.0005735 0.0007973 0.0007032 0.0008045 0.0007578 0.0005526 0.000797 0.00076205 0.0006856 0.00074175 0.00076195 0.0007176 0.0008831 0.0006559 0.00072705 0.00055235 0.00055265 0.00062795 0.00065805 0.00075615 0.00080265 0.00062865 0.000567 0.0008561 0.0006287 0.0006047 0.00074735 0.00074565 0.00080465 0.0007451 0.0008325 0.00052545 0.00078635 0.00075135 0.00076405 0.00074005 0.0005669 0.00068895 0.00071735 0.0005926 0.00063585 0.00070415 0.0006068 0.0006641 0.00055275 0.00060525 0.00073845 0.00067445 0.0007063 0.0005527 0.0005952 0.0007451 0.0008519 0.0007381 0.00088285 0.0007887 0.00070095 0.0006376 0.0007257 0.00080655 0.0005638 0.00043435 0.000567 0.00067885 0.0006359 0.000624 0.00064235 0.00076615 0.0007835 0.0007726 0.00060125 0.0006786 0.00076655 0.0005724 0.0006917 0.00048605 0.00082105 0.0007792
19 0.0005987 0.00063 0.00065515 0.00068725 0.00068585 0.0006363 0.00066275 0.00057495 0.000495 0.00056255 0.0006881 0.0006391 0.0005724 0.00055595 0.0006486 0.00058775 0.0006241 0.0006085 0.0007714 0.0006741 0.00054895 0.0006536 0.0005968 0.0005557 0.00057455 0.00060735 0.00053445 0.0006811 0.0006391 0.0006627 0.00045475 0.00068315 0.0006626 0.00063825 0.0005186 0.0006737 0.00079575 0.0006653 0.00068115 0.000685 0.0007166 0.00062405 0.0006899 0.000734 0.00056345 0.0006026 0.00073405 0.00068315 0.00067345 0.0005516 0.0006075 0.00055135 0.00051535 0.0006693 0.0006379 0.00066145 0.00070405 0.00041405 0.00073785 0.0005906 0.0006411 0.0006486 0.0005988 0.00066125 0.00064595 0.0005976 0.0006812 0.00060685 0.00057255 0.00068815 0.000389 0.0006813 0.0007785 0.00055135 0.0007157 0.00054425 0.00063685 0.00063145 0.0006077 0.0007327 0.00053185 0.00052465 0.0006666 0.00077135 0.00056345 0.0007264 0.00059885 0.000642 0.00050465 0.0004902 0.00066605 0.0005223 0.0006276 0.000662 0.0004875 0.00066915 0.00050955 0.0007918 0.00066575 0.00059295
20 0.000619 0.00054935 0.00070005 0.00066775 0.000491 0.000465 0.0006577 0.00050395 0.00070495 0.00076485 0.0007084 0.00049325 0.0006669 0.0006889 0.0007696 0.0007123 0.0004729 0.0006177 0.0007461 0.00054895 0.0004886 0.0006753 0.000759 0.0006886 0.0007938 0.00058935 0.000557 0.00045295 0.00049325 0.0007273 0.00051535 0.00077025 0.0007272 0.00044525 0.00049865 0.0007767 0.0008615 0.0005654 0.000453 0.00080495 0.0008115 0.00047295 0.00067395 0.00075095 0.00072405 0.0007506 0.000751 0.0004629 0.0006664 0.00027245 0.0005895 0.0005006 0.0004261 0.00069175 0.00049445 0.00072845 0.0006462 0.00068445 0.0007149 0.0006068 0.0004735 0.0007696 0.00050645 0.0004697 0.00038735 0.00043825 0.00045305 0.00048235 0.00066705 0.00070845 0.000737 0.0004531 0.00071505 0.0005006 0.0008467 0.0007086 0.0006969 0.0004639 0.0004655 0.0006816 0.0004135 0.0008128 0.00054055 0.00074605 0.00072405 0.000758 0.00050655 0.00053385 0.00077845 0.00036315 0.00053625 0.00046415 0.00043655 0.00071915 0.00033505 0.00081265 0.0004943 0.00067155 0.00067035 0.00071725
21 0.0006112 0.00060195 0.00071985 0.0003992 0.0007565 0.00061485 0.00062735 0.00070105 0.00065305 0.00065645 0.0005501 0.00060815 0.00049805 0.00049835 0.0007087 0.00058615 0.00062105 0.0005779 0.00082395 0.0006536 0.0006753 0.0007973 0.0007061 0.00049865 0.0007078 0.00072985 0.0006825 0.0008153 0.00060815 0.00057395 0.0007152 0.00057375 0.00057385 0.00059825 0.00055325 0.00062945 0.0007935 0.00079955 0.00081535 0.00065925 0.00068895 0.000621 0.00042155 0.000606 0.0007327 0.000596 0.00060605 0.0007633 0.00046515 0.00066845 0.00073 0.0006492 0.0006807 0.0007706 0.00062325 0.000589 0.00039885 0.0005446 0.000718 0.00075265 0.0005916 0.0007087 0.0007569 0.0006218 0.00080835 0.00063815 0.0008154 0.00074535 0.0004981 0.00055015 0.0006149 0.0008155 0.0007476 0.0006492 0.0007823 0.00054025 0.00039925 0.0006015 0.0006648 0.00063845 0.00062735 0.00069355 0.00078955 0.0008239 0.0007327 0.0006233 0.00075695 0.0007454 0.000667 0.00068895 0.00058325 0.00060705 0.0007605 0.0006146 0.00069575 0.0007086 0.000691 0.00078075 0.00039865 0.0005916
22 0.00076715 0.00070765 0.00058005 0.0007409 0.0007298 0.00080245 0.00059495 0.00063715 0.00049995 0.000465 0.00058665 0.0007853 0.000573 0.0005977 0.00051645 0.00055685 0.0007679 0.00078625 0.0005735 0.0005968 0.000759 0.0007061 0.0008593 0.0005975 0.00062505 0.00075375 0.0006004 0.00076385 0.0007853 0.0006851 0.00067055 0.0006286 0.000685 0.0007638 0.0007287 0.0005393 0.00068975 0.0006033 0.0007639 0.000536 0.00059255 0.00076785 0.00072065 0.00059145 0.0006234 0.0007151 0.0005915 0.00074705 0.0006644 0.0007417 0.0007539 0.0007231 0.0007319 0.00064335 0.00076665 0.0006664 0.00071655 0.0005716 0.00064425 0.00069695 0.0007467 0.00051645 0.00069365 0.00076685 0.0008139 0.0006377 0.00076395 0.0006208 0.00057315 0.0005867 0.00047975 0.00076405 0.0007193 0.0007231 0.0007766 0.00061565 0.0007305 0.0008004 0.0007117 0.00072065 0.0007122 0.00067455 0.000642 0.00057345 0.0006234 0.0006119 0.0006937 0.00066935 0.00049335 0.0007345 0.0007439 0.00061235 0.0006944 0.00065905 0.00075175 0.00046005 0.00060325 0.00069985 0.0007277 0.00065515
23 0.0005383 0.00057015 0.0006338 0.0004705 0.00078605 0.00061205 0.0005417 0.00070735 0.00040675 0.0005512 0.000628 0.00060535 0.0004703 0.00033815 0.00065655 0.0005928 0.00061775 0.00050525 0.0007973 0.0005557 0.0006886 0.00049865 0.0005975 0.0006748 0.0006262 0.0006911 0.00056605 0.00079 0.00060535 0.0005207 0.0006825 0.000573 0.0005206 0.0007234 0.00048525 0.0006125 0.0008106 0.00084375 0.00079005 0.00065315 0.0007207 0.0006177 0.00049775 0.0007244 0.00062915 0.00051625 0.00072445 0.00079285 0.00054365 0.00068175 0.00069125 0.0005909 0.00063935 0.00060625 0.00062045 0.00053575 0.0006034 0.00047095 0.000639 0.0006693 0.00071675 0.00065655 0.000752 0.00074625 0.00084345 0.0005703 0.0007901 0.00074335 0.00047045 0.00062805 0.0004294 0.0007902 0.00070645 0.0005909 0.00072065 0.0005459 0.0003658 0.0006072 0.0006637 0.0005643 0.00063195 0.0005857 0.00083375 0.00079725 0.00062915 0.00061915 0.00075205 0.000793 0.00058705 0.0006568 0.0006991 0.00047105 0.0007215 0.0005403 0.0006636 0.00070895 0.00058375 0.00073945 0.00049865 0.00046065
24 0.0005642 0.00071715 0.00052835 0.00067645 0.0006641 0.00069145 0.0007173 0.00070705 0.0006958 0.00061615 0.00070045 0.0006819 0.0007095 0.0006264 0.0004732 0.0005853 0.0006918 0.0005639 0.0007032 0.00057455 0.0007938 0.0007078 0.00062505 0.0006262 0.0006108 0.00063615 0.0007449 0.00080695 0.0006819 0.0004449 0.00061655 0.00057885 0.0004448 0.0007793 0.00064945 0.00062205 0.0007086 0.00068515 0.000807 0.00055875 0.0006157 0.00069175 0.0006724 0.00068425 0.00062485 0.0004452 0.0006843 0.00067375 0.0007254 0.0007841 0.0006363 0.0006444 0.00074275 0.00077365 0.0006927 0.00045575 0.0007599 0.0005159 0.00067995 0.0005422 0.0007698 0.0004732 0.0005521 0.0007774 0.00081315 0.0007669 0.00080705 0.00070445 0.00070965 0.0007005 0.00054675 0.00080715 0.00073665 0.0006444 0.00057465 0.00060175 0.0006244 0.00069135 0.00074485 0.0007 0.00069815 0.0003056 0.00067975 0.00070315 0.00062485 0.0005875 0.00055215 0.00069985 0.00053765 0.0007171 0.00079525 0.0007 0.00077125 0.0005194 0.00072675 0.00060725 0.0007195 0.000682 0.0007033 0.00051815
25 0.0005046 0.0006357 0.0007415 0.0007524 0.00069515 0.00064125 0.00072215 0.00070445 0.0006868 0.000751 0.0007965 0.00064135 0.00071285 0.0006913 0.00080425 0.0007627 0.0006895 0.00054795 0.0008045 0.00060735 0.00058935 0.00072985 0.00075375 0.0006911 0.00063615 0.000832 0.00053385 0.00067815 0.00064135 0.00073445 0.0006201 0.00075575 0.00073435 0.00068895 0.0006285 0.0007881 0.00085875 0.0007298 0.0006782 0.00083545 0.00070955 0.00068945 0.00077485 0.00080935 0.0006947 0.00053425 0.0008094 0.00069515 0.0007674 0.0005893 0.0004164 0.00062555 0.00046745 0.00073725 0.00063585 0.0007289 0.0007743 0.0006557 0.0007867 0.0005344 0.0006891 0.00080425 0.00069675 0.00067445 0.0006851 0.0006298 0.00067825 0.0007095 0.000713 0.00079655 0.000644 0.00067835 0.0006697 0.00062555 0.00067145 0.0006921 0.000708 0.0006497 0.0006821 0.000764 0.0006393 0.0004763 0.00073555 0.00080445 0.0006947 0.0007674 0.0006968 0.00072645 0.0007276 0.00056125 0.00059525 0.00059215 0.00064375 0.00071705 0.00056125 0.00082565 0.00062775 0.0007697 0.0007375 0.00064225
26 0.00068525 0.00063225 0.0006739 0.00071295 0.00075275 0.0007028 0.0006533 0.0006631 0.00043795 0.0005734 0.00070915 0.00070575 0.00051675 0.00056625 0.00077155 0.0006552 0.00071335 0.0006961 0.0007578 0.00053445 0.000557 0.0006825 0.0006004 0.00056605 0.0007449 0.00053385 0.0007398 0.0006682 0.00070575 0.00077115 0.00062095 0.00075615 0.00077105 0.00065795 0.0006163 0.0007584 0.00082935 0.0007444 0.00066825 0.0007645 0.0006565 0.0007133 0.0007192 0.0007507 0.0006371 0.0007134 0.00075075 0.0007499 0.0007103 0.0005598 0.000534 0.0006437 0.00043945 0.00059505 0.00070455 0.0007699 0.0006638 0.00056155 0.0007183 0.0006324 0.00066095 0.00077155 0.0007204 0.00067965 0.00071895 0.0005058 0.0006683 0.00069255 0.0005169 0.0007092 0.00047975 0.0006684 0.00061935 0.0006437 0.00078815 0.00059555 0.0007317 0.00070645 0.0007045 0.0007294 0.0005928 0.000695 0.00074555 0.00075775 0.0006371 0.0007922 0.00072045 0.00071765 0.0006721 0.00058325 0.00051695 0.0004574 0.000601 0.00074145 0.0005804 0.00075665 0.000514 0.000766 0.00069465 0.000634
27 0.00075355 0.00059055 0.0005611 0.00080995 0.0004119 0.00058065 0.0006277 0.0005612 0.00063525 0.0007729 0.00079475 0.00060075 0.00070535 0.0007902 0.00081405 0.000792 0.00058465 0.0007542 0.0005526 0.0006811 0.00045295 0.0008153 0.00076385 0.00079 0.00080695 0.00067815 0.0006682 0.0005249 0.00060075 0.00083155 0.00052095 0.0008909 0.00083145 0.00049395 0.0007408 0.0008966 0.0008895 0.0005724 0.0002625 0.0008633 0.0008599 0.0005846 0.00081615 0.0008087 0.00052105 0.00086925 0.00080875 0.0003919 0.0008082 0.0004729 0.0006783 0.00054565 0.0006654 0.0004238 0.00060755 0.0008383 0.00072545 0.00075145 0.00056445 0.00056305 0.0005141 0.00081405 0.0005133 0.0004801 0.0002627 0.00048795 0.0002627 0.0005313 0.0007055 0.0007948 0.00073235 0.0002627 0.0005499 0.00054565 0.00087955 0.0007349 0.00089985 0.00057775 0.00057675 0.0005847 0.00049305 0.00084095 0.000546 0.00055265 0.00052105 0.00087055 0.00051335 0.0005612 0.0008217 0.00049105 0.00068825 0.00067555 0.0003135 0.00067505 0.00047105 0.0008735 0.0004941 0.00039195 0.00080295 0.00078455
28 0.0005253 0.00055655 0.00068815 0.00059115 0.00053785 0.0004576 0.00063235 0.00061255 0.00075285 0.0007796 0.00073105 0.0004478 0.00069675 0.0006058 0.00074725 0.0007337 0.0005062 0.00049825 0.000797 0.0006391 0.00049325 0.00060815 0.0007853 0.00060535 0.0006819 0.00064135 0.00070575 0.00060075 0.0008952 0.0005815 0.00060595 0.0006482 0.0005814 0.0005751 0.00049075 0.0007234 0.00086005 0.0006537 0.0006008 0.00077115 0.00080605 0.00050615 0.0006138 0.0007737 0.00073925 0.00057215 0.00077375 0.00054775 0.0006478 0.0004833 0.0006415 0.00053525 0.00061205 0.00076425 0.00045485 0.0005885 0.0006827 0.0006817 0.00071415 0.00061425 0.00056535 0.00074725 0.00059135 0.00056155 0.00054295 0.00059035 0.00060085 0.00060865 0.0006969 0.0007311 0.0007276 0.00060095 0.0007488 0.00053525 0.00075695 0.00070125 0.00051665 0.0004661 0.00054025 0.0006394 0.00054335 0.0006425 0.0006565 0.00079695 0.00073925 0.00065365 0.0005914 0.0006456 0.00076185 0.00048555 0.00069165 0.00061355 0.0005597 0.00061545 0.00049545 0.00081405 0.0005795 0.000681 0.00060635 0.00062
29 0.00057465 0.0006635 0.0005711 0.0004877 0.00065955 0.0005729 0.00067295 0.0007024 0.00072435 0.00065265 0.0006272 0.00058145 0.000665 0.00052115 0.0004782 0.0005535 0.0005736 0.0004858 0.00076205 0.0006627 0.0007273 0.00057395 0.0006851 0.0005207 0.0004449 0.00073445 0.00077115 0.00083155 0.0005815 0.0006683 0.0007144 0.0004954 0.00033415 0.00072185 0.0005212 0.00059195 0.0007107 0.0007504 0.0008316 0.00051015 0.0006205 0.00057355 0.0004839 0.0006592 0.00073445 0.00053035 0.00065925 0.00065105 0.0005888 0.00073575 0.0007346 0.00061435 0.0007321 0.000801 0.0006153 0.00036815 0.00063215 0.0005584 0.0006324 0.0006836 0.0007305 0.0004782 0.0005729 0.00074745 0.00082785 0.00072995 0.00083165 0.00069995 0.00066515 0.00062725 0.00065755 0.00083175 0.00071805 0.00061435 0.0006812 0.00063035 0.00042955 0.00057285 0.00067855 0.00059355 0.00065565 0.00054875 0.00070355 0.000762 0.00073445 0.0005032 0.00057295 0.0007012 0.0006197 0.00072415 0.00073825 0.0006691 0.00080605 0.0004538 0.00071565 0.00063945 0.00076345 0.00067105 0.0005447 0.0005182
30 0.0006516 0.00059725 0.0005803 0.00074885 0.00052615 0.0006027 0.00063 0.0005495 0.00065495 0.00064605 0.00075785 0.00060595 0.000667 0.00068275 0.00070845 0.00066575 0.0005905 0.0006614 0.0006856 0.00045475 0.00051535 0.0007152 0.00067055 0.0006825 0.00061655 0.0006201 0.00062095 0.00052095 0.00060595 0.0007144 0.0008229 0.00073365 0.0007143 0.00057245 0.000646 0.0007242 0.000802 0.0005791 0.000521 0.00074365 0.0007268 0.00059045 0.0007515 0.0007523 0.000521 0.0006867 0.00075235 0.000523 0.00073505 0.00051845 0.00062025 0.00055115 0.00059665 0.0006697 0.00060475 0.00071315 0.00073345 0.00052565 0.00071325 0.00054815 0.00057575 0.00070845 0.0005231 0.0005626 0.0004853 0.00056525 0.00052105 0.0005726 0.00066715 0.0007579 0.0005061 0.00052115 0.00070545 0.00055115 0.00075555 0.00059615 0.00073065 0.00059785 0.0005741 0.00069995 0.00052575 0.00059905 0.00057995 0.00068555 0.000521 0.00076715 0.00052315 0.00056605 0.0005969 0.00048485 0.00068735 0.0006438 0.00046745 0.00066265 0.0004817 0.0007278 0.0005094 0.0006325 0.00072735 0.00067705
31 0.0006195 0.00065915 0.0006746 0.0005825 0.00074955 0.0006549 0.00066735 0.00067255 0.00074885 0.00056375 0.0006478 0.00064815 0.00069615 0.00057345 0.00056995 0.0005478 0.0006604 0.0005853 0.00074175 0.00068315 0.00077025 0.00057375 0.0006286 0.000573 0.00057885 0.00075575 0.00075615 0.0008909 0.0006482 0.0004954 0.00073365 0.000881 0.0004953 0.0007875 0.0006044 0.0004987 0.00064135 0.0007131 0.00089095 0.00046325 0.0005469 0.00066035 0.0005787 0.00062495 0.0007554 0.00055995 0.000625 0.00075635 0.00062535 0.0007634 0.0007559 0.00071925 0.0007491 0.0008617 0.0006633 0.0005105 0.0007058 0.00062635 0.00069925 0.00074225 0.00078085 0.00056995 0.0007097 0.0007978 0.00088335 0.00074095 0.000891 0.0007385 0.0006963 0.00064785 0.0006423 0.0008911 0.000783 0.00071925 0.00072615 0.00067085 0.0004505 0.0006597 0.0007071 0.00068205 0.000762 0.0006109 0.0007031 0.0007417 0.0007554 0.00050555 0.00070975 0.00065515 0.0005939 0.000764 0.00076575 0.0006994 0.00082955 0.00060635 0.0007708 0.0005152 0.0007713 0.00077805 0.00057375 0.0006022
32 0.00057455 0.0006634 0.000571 0.0004876 0.00065945 0.0005728 0.00067285 0.0007023 0.00072425 0.00065255 0.0006271 0.00058135 0.0006649 0.00052105 0.0004781 0.0005534 0.0005735 0.0004857 0.00076195 0.0006626 0.0007272 0.00057385 0.000685 0.0005206 0.0004448 0.00073435 0.00077105 0.00083145 0.0005814 0.00033415 0.0007143 0.0004953 0.0006681 0.00072175 0.0005211 0.00059185 0.0007106 0.0007503 0.0008315 0.00051005 0.0006204 0.00057345 0.0004838 0.0006591 0.00073435 0.00053025 0.00065915 0.00065095 0.0005887 0.00073565 0.0007345 0.00061425 0.000732 0.0008009 0.0006152 0.00036805 0.00063205 0.0005583 0.0006323 0.0006835 0.0007304 0.0004781 0.0005728 0.00074735 0.00082775 0.00072985 0.00083155 0.00069985 0.00066505 0.00062715 0.00065745 0.00083165 0.00071795 0.00061425 0.0006811 0.00063025 0.00042945 0.00057275 0.00067845 0.00059345 0.00065555 0.00054865 0.00070345 0.0007619 0.00073435 0.0005031 0.00057285 0.0007011 0.0006196 0.00072405 0.00073815 0.000669 0.00080595 0.0004537 0.00071555 0.00063935 0.00076335 0.00067095 0.0005446 0.0005181
33 0.0007723 0.0006743 0.0006419 0.00053265 0.0004621 0.00055655 0.0007127 0.00055895 0.0007495 0.00075575 0.00056805 0.0005751 0.00054035 0.0007236 0.00073325 0.000625 0.00053895 0.00072745 0.0007176 0.00063825 0.00044525 0.00059825 0.0007638 0.0007234 0.0007793 0.00068895 0.00065795 0.00049395 0.0005751 0.00072185 0.00057245 0.0007875 0.00072175 0.0006993 0.00062235 0.0008207 0.00083185 0.0005916 0.000494 0.0007328 0.0007426 0.0005389 0.00053905 0.00059205 0.0007168 0.0008614 0.0005921 0.00044365 0.0005861 0.00046365 0.0006891 0.00051635 0.00059895 0.000703 0.0005926 0.0007393 0.00034985 0.0006323 0.0006618 0.0006903 0.00036825 0.00073325 0.0005149 0.00036835 0.0004259 0.00055905 0.00049405 0.000546 0.0005404 0.0005681 0.00076305 0.00049415 0.00065605 0.00051635 0.0008762 0.00057935 0.0007813 0.0005469 0.00058615 0.0006832 0.0004096 0.00086965 0.0005556 0.00071755 0.0007168 0.00078 0.00051495 0.0005633 0.0007908 0.0004997 0.0004674 0.00065955 0.0004763 0.0006103 0.00048125 0.000799 0.00055895 0.00058795 0.00058115 0.0007702
34 0.00047215 0.00058635 0.0007697 0.00052095 0.00070735 0.00047265 0.00068225 0.00063475 0.00059805 0.0007028 0.00066315 0.00049075 0.00060885 0.0004857 0.00068925 0.0006471 0.00052125 0.00042695 0.0008831 0.0005186 0.00049865 0.00055325 0.0007287 0.00048525 0.00064945 0.0006285 0.0006163 0.0007408 0.00049075 0.0005212 0.000646 0.0006044 0.0005211 0.00062235 0.0006904 0.00069005 0.0008506 0.00076015 0.00074085 0.0007039 0.00080255 0.0005212 0.0005436 0.00075725 0.00078685 0.00051575 0.0007573 0.00068935 0.00058805 0.0005166 0.00062865 0.0005169 0.00050285 0.00075215 0.00050825 0.00053865 0.0006447 0.0005768 0.0007286 0.0006566 0.0006405 0.00068925 0.0006485 0.00067 0.0006836 0.00061975 0.0007409 0.0006348 0.000609 0.0006632 0.0006325 0.000741 0.0008117 0.0005169 0.00073205 0.00065605 0.00042955 0.00048115 0.00056575 0.000662 0.0005309 0.0005958 0.0007246 0.00088305 0.00078685 0.00061475 0.00064855 0.000703 0.00068675 0.00049105 0.0006521 0.00049195 0.0007166 0.0006062 0.00047305 0.00077255 0.00060475 0.00083015 0.00053615 0.00054545
35 0.0006754 0.00069625 0.00068155 0.00065295 0.0007563 0.00074055 0.0005774 0.00065115 0.00075045 0.00055685 0.0005892 0.0007234 0.00072525 0.0006123 0.00049535 0.00057185 0.00067705 0.000695 0.0006559 0.0006737 0.0007767 0.00062945 0.0005393 0.0006125 0.00062205 0.0007881 0.0007584 0.0008966 0.0007234 0.00059195 0.0007242 0.0004987 0.00059185 0.0008207 0.00069005 0.0007337 0.00064185 0.0006174 0.00089665 0.0004712 0.0005372 0.000677 0.0006222 0.00056635 0.0007453 0.0006178 0.0005664 0.00077355 0.00056635 0.0007594 0.00078825 0.00076275 0.00075915 0.00086675 0.00070475 0.00057325 0.00076585 0.00064375 0.0007157 0.00078285 0.0008036 0.00049535 0.0007269 0.00082055 0.0008896 0.00073715 0.0008967 0.00065325 0.0007254 0.00058925 0.00062875 0.0008968 0.0008002 0.00076275 0.0007618 0.00069975 0.0005166 0.00073075 0.00062125 0.00069805 0.0007952 0.00066925 0.0006561 0.0006558 0.0007453 0.0004996 0.00072695 0.00065535 0.00049265 0.0007636 0.00079895 0.00070015 0.0008318 0.0006607 0.00078085 0.0004022 0.0007631 0.0007946 0.00065105 0.0006675
