 slim_337577150 slim_337577143 slim_337577196 slim_337577125 slim_337577031 slim_337577223 slim_337576976 slim_337577072 slim_337577178 slim_337577121 slim_337577191 slim_337577198 slim_337577159 slim_337577217 slim_337577235 slim_337577216 slim_337577229 slim_337576634 slim_337576969 slim_337577218 slim_337577145 slim_337577228 slim_337577114 slim_337577207 slim_337577222 slim_337577231 slim_337577160 slim_337577165 slim_337577099 slim_337577082 slim_337577184 slim_337577116 slim_337577226 slim_337577083 slim_337577206 slim_337577215 slim_337577142 slim_337577221 slim_337577219 slim_337577186 slim_337577120 slim_337576537 slim_337577115 slim_337577147 slim_337577162 slim_337577155 slim_337577094 slim_337577176 slim_337577232 slim_337576945 slim_337577172 slim_337576882 slim_337576923 slim_337577026 slim_337577066 slim_337577079 slim_337577225 slim_337577193 slim_337577175 slim_337577238 slim_337577174 slim_337577051 slim_337577073 slim_337577195 slim_337577236 slim_337576998 slim_337577241 slim_337577211 slim_337577214 slim_337577230 slim_337576977 slim_337577200 slim_337577190 slim_337577060 slim_337577212 slim_337576994 slim_337577152 slim_337577233 slim_337576988 slim_337577183 slim_337577059 slim_337576922 slim_337577058 slim_337577074 slim_337576677 slim_337577129 slim_337577208 slim_337577105 slim_337577153 slim_337577203 slim_337576935 slim_337577118 slim_337577224 slim_337577022 slim_337577177 slim_337577202 slim_337577239 slim_337577135 slim_337577081 slim_337577179
0 1.15e-05 1.045e-05 1.57e-05 1.255e-05 1.16e-05 8.35e-06 1.42e-05 1.185e-05 1.41e-05 1.255e-05 9.4e-06 9.9e-06 1.115e-05 1.29e-05 9.2e-06 9.1e-06 1.155e-05 1.185e-05 1.135e-05 9.1e-06 1.435e-05 1.195e-05 1.43e-05 1.26e-05 9.15e-06 8.6e-06 1.25e-05 1.185e-05 9.6e-06 9.15e-06 1.155e-05 9.05e-06 1.235e-05 1.315e-05 1.06e-05 1.09e-05 1.205e-05 1.2e-05 1.24e-05 8.3e-06 9.25e-06 1.265e-05 8.9e-06 1.145e-05 8.55e-06 1.555e-05 1.255e-05 8.85e-06 1.38e-05 1.255e-05 1.48e-05 1.2e-05 1.18e-05 6.6e-06 1.14e-05 1.245e-05 1.265e-05 1.425e-05 1.39e-05 9.95e-06 1.265e-05 1.33e-05 1.175e-05 9.2e-06 1.065e-05 9.25e-06 1.145e-05 9.15e-06 1.25e-05 6.6e-06 1.07e-05 1.185e-05 1.085e-05 1.175e-05 1.21e-05 6.2e-06 1.18e-05 1.275e-05 1.225e-05 1.06e-05 1.14e-05 9.05e-06 8.6e-06 9.1e-06 1.195e-05 1.035e-05 1.515e-05 1.24e-05 1.24e-05 9.55e-06 1.185e-05 1.065e-05 8.55e-06 1.375e-05 1.18e-05 1.07e-05 1.295e-05 1.195e-05 8.55e-06 1.19e-05
1 1.045e-05 4.5e-06 1.385e-05 8.3e-06 7.9e-06 6.25e-06 1.56e-05 1.155e-05 1.395e-05 6.8e-06 9.85e-06 1.285e-05 6.85e-06 9.3e-06 8.9e-06 8.75e-06 7.15e-06 1.13e-05 1.265e-05 8.8e-06 1.43e-05 1.09e-05 1.28e-05 9.75e-06 7.95e-06 8.5e-06 9.3e-06 9.75e-06 7.8e-06 1.08e-05 5.5e-06 8.6e-06 1.11e-05 1.335e-05 7.85e-06 6.75e-06 1.045e-05 1.02e-05 8.25e-06 6.3e-06 1.21e-05 1.07e-05 1.13e-05 5.85e-06 7.85e-06 1.505e-05 9.85e-06 5.35e-06 1.22e-05 7.55e-06 1.45e-05 1.03e-05 8.15e-06 8.4e-06 5.85e-06 1.195e-05 8e-06 1.42e-05 1.36e-05 1.155e-05 1.285e-05 1.18e-05 9.35e-06 8.9e-06 8.4e-06 7.9e-06 9.7e-06 8.85e-06 9.65e-06 8.4e-06 1.255e-05 8.85e-06 6.2e-06 1.57e-05 1.225e-05 1.07e-05 1.065e-05 7.7e-06 1.135e-05 7.95e-06 1.09e-05 8.75e-06 8.5e-06 8.8e-06 9.2e-06 1.05e-05 1.51e-05 1.19e-05 1.315e-05 1.385e-05 8.6e-06 6.4e-06 1.325e-05 1.08e-05 9.25e-06 1.085e-05 1.1e-05 9.75e-06 1.155e-05 9.85e-06
2 1.57e-05 1.385e-05 1.38e-05 1.56e-05 1.54e-05 1.545e-05 1.555e-05 1.095e-05 1.155e-05 1.575e-05 1.525e-05 1.485e-05 1.375e-05 1.5e-05 1.69e-05 1.615e-05 1.325e-05 1.565e-05 1.185e-05 1.62e-05 1.385e-05 1.47e-05 1.485e-05 1.525e-05 1.625e-05 1.4e-05 1.44e-05 1.69e-05 1.605e-05 1.57e-05 1.51e-05 1.66e-05 1.86e-05 1.445e-05 1.335e-05 1.475e-05 1.73e-05 1.67e-05 1.56e-05 1.545e-05 1.555e-05 1.545e-05 1.6e-05 1.36e-05 1.455e-05 1.1e-05 1.735e-05 1.545e-05 1.35e-05 1.555e-05 1.2e-05 1.515e-05 1.405e-05 1.695e-05 1.535e-05 1.36e-05 1.61e-05 1.52e-05 1.28e-05 1.4e-05 1.375e-05 1.445e-05 1.68e-05 1.69e-05 1.63e-05 1.62e-05 1.68e-05 1.685e-05 1.64e-05 1.695e-05 1.405e-05 1.255e-05 1.53e-05 1.1e-05 1.38e-05 1.595e-05 1.5e-05 1.445e-05 1.595e-05 1.545e-05 1.34e-05 1.65e-05 1.4e-05 1.655e-05 1.6e-05 1.58e-05 1.285e-05 1.345e-05 1.31e-05 1.3e-05 1.3e-05 1.5e-05 1.34e-05 1.075e-05 1.67e-05 1.595e-05 1.55e-05 1.75e-05 1.575e-05 1.76e-05
3 1.255e-05 8.3e-06 1.56e-05 5.8e-06 9.5e-06 1.04e-05 1.565e-05 1.265e-05 1.225e-05 4.6e-06 1.03e-05 1.285e-05 9.75e-06 1.15e-05 9.05e-06 8.45e-06 9.2e-06 1.055e-05 1.3e-05 8.5e-06 1.195e-05 8.15e-06 1.125e-05 7.3e-06 7.25e-06 1.19e-05 6.25e-06 8.2e-06 7.05e-06 1.12e-05 6e-06 9.2e-06 1.08e-05 1.25e-05 9.05e-06 8.1e-06 8.35e-06 6.7e-06 6.85e-06 1.06e-05 1.15e-05 8.75e-06 1.09e-05 8.4e-06 1.08e-05 1.33e-05 7.45e-06 8.95e-06 1.11e-05 3.45e-06 1.16e-05 8.25e-06 1.035e-05 1.105e-05 6.9e-06 9.25e-06 3.8e-06 1.345e-05 1.04e-05 1.19e-05 9.95e-06 9.2e-06 7e-06 9.05e-06 8.2e-06 7.2e-06 6.9e-06 9e-06 5.15e-06 1.105e-05 1.17e-05 1.055e-05 7.8e-06 1.545e-05 9.65e-06 1.28e-05 7.9e-06 9.1e-06 1.01e-05 7.6e-06 8.7e-06 8.35e-06 1.19e-05 8.4e-06 4.25e-06 1.105e-05 1.37e-05 9.2e-06 1.12e-05 1.365e-05 9.8e-06 8.65e-06 1.315e-05 1.28e-05 7.35e-06 1.13e-05 8.5e-06 9.1e-06 1.045e-05 8.75e-06
4 1.16e-05 7.9e-06 1.54e-05 9.5e-06 9.6e-06 8.8e-06 1.565e-05 1.215e-05 1.26e-05 9.25e-06 9.95e-06 1.15e-05 8.65e-06 1.24e-05 9.25e-06 9.25e-06 9.95e-06 1.095e-05 1.33e-05 9.3e-06 1.295e-05 9e-06 9.35e-06 1.015e-05 9.2e-06 1.035e-05 9.85e-06 9.2e-06 9.8e-06 1.05e-05 8.9e-06 8.55e-06 9e-06 1.27e-05 9.15e-06 8.2e-06 8.3e-06 8.9e-06 6.85e-06 8.8e-06 9.35e-06 8.55e-06 1.125e-05 1.015e-05 1.13e-05 1.32e-05 8.5e-06 9.3e-06 1.035e-05 9.25e-06 1.295e-05 9.2e-06 8.1e-06 9.95e-06 8.55e-06 1.125e-05 9.2e-06 1.25e-05 1.115e-05 1.185e-05 1.1e-05 1e-05 8.5e-06 9.25e-06 8.35e-06 9.15e-06 8.55e-06 9.2e-06 9.5e-06 9.95e-06 1.31e-05 1.105e-05 8.15e-06 1.545e-05 1.105e-05 1.185e-05 9.05e-06 9.05e-06 8.85e-06 8.3e-06 1.045e-05 9.3e-06 1.035e-05 9.35e-06 8.95e-06 9.55e-06 1.265e-05 1.11e-05 1.195e-05 1.375e-05 1.12e-05 7.3e-06 1.32e-05 1.125e-05 7.95e-06 9.2e-06 9.05e-06 8.6e-06 1.1e-05 9.15e-06
5 8.35e-06 6.25e-06 1.545e-05 1.04e-05 8.8e-06 9e-06 1.555e-05 1.185e-05 1.37e-05 9.65e-06 8e-06 1.165e-05 8.3e-06 1.125e-05 7.35e-06 7.2e-06 9.35e-06 1.165e-05 1.14e-05 7.65e-06 1.39e-05 1.01e-05 1.265e-05 1.095e-05 7.65e-06 7.15e-06 1.03e-05 1.065e-05 7.3e-06 1.085e-05 8.15e-06 7.15e-06 1.175e-05 1.295e-05 8.85e-06 7.3e-06 1.08e-05 1.03e-05 9.8e-06 4.65e-06 1.135e-05 1.095e-05 1.1e-05 8.9e-06 9.2e-06 1.52e-05 1.11e-05 5.65e-06 1.215e-05 1.01e-05 1.45e-05 1.025e-05 8.3e-06 4.65e-06 8.3e-06 1.2e-05 1.035e-05 1.41e-05 1.355e-05 9.45e-06 1.245e-05 1.16e-05 1e-05 7.35e-06 8.45e-06 7.6e-06 9.8e-06 7.3e-06 1.05e-05 4.65e-06 1.29e-05 1.01e-05 7.4e-06 1.525e-05 1.18e-05 8.2e-06 1.01e-05 9.6e-06 1.105e-05 8.2e-06 1.09e-05 7.15e-06 7.15e-06 7.2e-06 1.02e-05 8.55e-06 1.535e-05 1.195e-05 1.245e-05 1.3e-05 1.035e-05 7.05e-06 1.21e-05 1.215e-05 1e-05 8.85e-06 1.12e-05 1.075e-05 1.08e-05 1.075e-05
6 1.42e-05 1.56e-05 1.555e-05 1.565e-05 1.565e-05 1.555e-05 1e-07 1.875e-05 1.565e-05 1.565e-05 1.52e-05 1.455e-05 1.585e-05 7.9e-06 1.61e-05 1.505e-05 1.72e-05 9.6e-06 1.48e-05 1.51e-05 1.69e-05 1.61e-05 1.52e-05 1.595e-05 1.51e-05 1.695e-05 1.555e-05 1.545e-05 1.52e-05 1.555e-05 1.565e-05 1.57e-05 1.565e-05 8e-06 1.73e-05 1.59e-05 1.565e-05 1.71e-05 1.52e-05 1.565e-05 1.47e-05 1.585e-05 1.575e-05 1.715e-05 1.47e-05 1.515e-05 1.565e-05 1.505e-05 1.45e-05 1.56e-05 1.58e-05 1.635e-05 1.545e-05 1.49e-05 1.62e-05 1.745e-05 1.59e-05 7.65e-06 1.65e-05 1.68e-05 1.725e-05 1.49e-05 1.725e-05 1.61e-05 1.71e-05 1.505e-05 1.72e-05 1.605e-05 1.66e-05 1.49e-05 1.355e-05 1.7e-05 1.625e-05 1.41e-05 1.78e-05 1.445e-05 1.615e-05 1.525e-05 1.535e-05 1.61e-05 1.68e-05 1.55e-05 1.695e-05 1.555e-05 1.59e-05 1.495e-05 1.49e-05 1.72e-05 1.755e-05 1.635e-05 1.695e-05 1.635e-05 1.625e-05 1.58e-05 1.705e-05 1.51e-05 1.57e-05 1.625e-05 1.545e-05 1.645e-05
7 1.185e-05 1.155e-05 1.095e-05 1.265e-05 1.215e-05 1.185e-05 1.875e-05 7e-06 7.1e-06 1.355e-05 1.065e-05 1.105e-05 9.6e-06 1.55e-05 1.325e-05 1.285e-05 8.55e-06 1.47e-05 1.125e-05 1.29e-05 1.245e-05 8.75e-06 1.175e-05 1.135e-05 1.34e-05 8.65e-06 1.045e-05 1.325e-05 1.35e-05 1.13e-05 1.25e-05 1.29e-05 1.46e-05 1.305e-05 8.75e-06 1.105e-05 1.33e-05 1.185e-05 1.285e-05 1.185e-05 1.15e-05 1.185e-05 1.17e-05 1.1e-05 1.12e-05 1.045e-05 1.405e-05 1.27e-05 1.12e-05 1.335e-05 1.12e-05 1.01e-05 1.05e-05 1.375e-05 1.215e-05 7.9e-06 1.36e-05 1.525e-05 1.02e-05 8.7e-06 8.95e-06 1.115e-05 1.27e-05 1.325e-05 1.22e-05 1.335e-05 1.255e-05 1.32e-05 1.225e-05 1.375e-05 1.155e-05 7.55e-06 1.165e-05 1.04e-05 7.95e-06 1.21e-05 9.5e-06 1.18e-05 1.09e-05 1.17e-05 8.45e-06 1.285e-05 8.7e-06 1.29e-05 1.195e-05 1.265e-05 1.25e-05 7.85e-06 7.15e-06 7.05e-06 8.85e-06 1.09e-05 7.9e-06 1.14e-05 1.255e-05 1.27e-05 1.19e-05 1.345e-05 1.1e-05 1.36e-05
8 1.41e-05 1.395e-05 1.155e-05 1.225e-05 1.26e-05 1.37e-05 1.565e-05 7.1e-06 7.2e-06 1.4e-05 9.45e-06 1.115e-05 9.1e-06 1.53e-05 1.325e-05 1.3e-05 1.26e-05 1.3e-05 1.025e-05 1.305e-05 1.24e-05 7.35e-06 8.05e-06 9.3e-06 1.355e-05 1.245e-05 8.6e-06 1.3e-05 1.345e-05 1.305e-05 1.38e-05 1.285e-05 1.43e-05 1e-05 1.16e-05 1.245e-05 1.3e-05 1.17e-05 1.295e-05 1.37e-05 1.3e-05 9.7e-06 1.335e-05 1.435e-05 1.45e-05 7.3e-06 1.37e-05 1.44e-05 6.6e-06 1.285e-05 9.7e-06 8.3e-06 1.02e-05 1.435e-05 1.325e-05 7.85e-06 1.335e-05 1.185e-05 9.7e-06 9.1e-06 9.1e-06 7.35e-06 1.21e-05 1.325e-05 1.205e-05 1.35e-05 1.195e-05 1.32e-05 1.24e-05 1.435e-05 1.14e-05 9e-06 1.275e-05 1.11e-05 7.7e-06 1.435e-05 7.75e-06 1.13e-05 9.2e-06 1.185e-05 9.8e-06 1.305e-05 1.245e-05 1.31e-05 1.18e-05 1.11e-05 1.105e-05 7.8e-06 5.75e-06 9.1e-06 1.005e-05 1.21e-05 1.12e-05 1.14e-05 1.19e-05 1.105e-05 9.95e-06 1.3e-05 1.27e-05 1.32e-05
9 1.255e-05 6.8e-06 1.575e-05 4.6e-06 9.25e-06 9.65e-06 1.565e-05 1.355e-05 1.4e-05 5e-06 1.11e-05 1.39e-05 1e-05 1.065e-05 9e-06 8.6e-06 7.7e-06 1.06e-05 1.37e-05 8.65e-06 1.32e-05 9.7e-06 1.315e-05 8.45e-06 7e-06 1.18e-05 7.85e-06 8.55e-06 7.55e-06 1.14e-05 4.7e-06 9.15e-06 1.095e-05 1.34e-05 8.55e-06 7.7e-06 8.75e-06 7.45e-06 5.75e-06 9.85e-06 1.195e-05 9.75e-06 1.105e-05 6.05e-06 1.005e-05 1.505e-05 7.4e-06 8e-06 1.27e-05 3.9e-06 1.31e-05 9.2e-06 1.065e-05 1.085e-05 6.05e-06 1.04e-05 3.05e-06 1.44e-05 1.21e-05 1.27e-05 1.165e-05 1.075e-05 7.1e-06 9e-06 8.4e-06 6.95e-06 7.45e-06 8.95e-06 5.25e-06 1.085e-05 1.25e-05 1.075e-05 7.4e-06 1.635e-05 1.105e-05 1.28e-05 9.5e-06 9.2e-06 1.11e-05 8.2e-06 1.005e-05 8.5e-06 1.18e-05 8.55e-06 5.5e-06 1.19e-05 1.46e-05 1.04e-05 1.3e-05 1.465e-05 9.85e-06 8.05e-06 1.415e-05 1.31e-05 7.45e-06 1.215e-05 9.7e-06 9.25e-06 1.125e-05 8.9e-06
10 9.4e-06 9.85e-06 1.525e-05 1.03e-05 9.95e-06 8e-06 1.52e-05 1.065e-05 9.45e-06 1.11e-05 1.17e-05 1.035e-05 7.8e-06 1.315e-05 8.05e-06 7.95e-06 1.145e-05 1.13e-05 1.005e-05 7.7e-06 1.29e-05 7.45e-06 9.1e-06 8.55e-06 8.45e-06 9.1e-06 8.25e-06 1.035e-05 8.6e-06 1.11e-05 1.035e-05 7.8e-06 1.175e-05 1.065e-05 1.015e-05 9.3e-06 1.065e-05 9.55e-06 1.05e-05 7.95e-06 1.135e-05 8.85e-06 1.115e-05 1.205e-05 1.175e-05 1.15e-05 1.135e-05 8.65e-06 8.35e-06 1.06e-05 1.21e-05 7.8e-06 8.8e-06 6.7e-06 9.95e-06 9.7e-06 1.085e-05 1.215e-05 1.13e-05 8.35e-06 1.01e-05 8.95e-06 9.35e-06 8.05e-06 8.4e-06 8.15e-06 9.05e-06 8e-06 1.035e-05 6.7e-06 1.16e-05 9.9e-06 9.4e-06 1.385e-05 9.25e-06 9.7e-06 7.45e-06 9.9e-06 8.75e-06 8.35e-06 9.75e-06 8e-06 9.1e-06 8.05e-06 9.65e-06 7.8e-06 1.35e-05 9.65e-06 8.3e-06 1.135e-05 1.03e-05 8.95e-06 1.155e-05 1.205e-05 9.3e-06 8.1e-06 9.25e-06 1.035e-05 1.07e-05 1.04e-05
11 9.9e-06 1.285e-05 1.485e-05 1.285e-05 1.15e-05 1.165e-05 1.455e-05 1.105e-05 1.115e-05 1.39e-05 1.035e-05 1.62e-05 1.095e-05 1.42e-05 1.21e-05 1.16e-05 1.3e-05 1.315e-05 1.24e-05 1.165e-05 1.415e-05 1.05e-05 8.65e-06 1.165e-05 1.22e-05 1.16e-05 1.11e-05 1.255e-05 1.205e-05 1.1e-05 1.34e-05 1.185e-05 1.295e-05 1.185e-05 1.16e-05 1.2e-05 1.245e-05 1.265e-05 1.245e-05 1.165e-05 1.005e-05 1.035e-05 1.1e-05 1.335e-05 1.125e-05 1.11e-05 1.305e-05 1.235e-05 1.025e-05 1.31e-05 1.33e-05 1.105e-05 1.02e-05 1.135e-05 1.305e-05 1.15e-05 1.365e-05 1.145e-05 1.11e-05 1.09e-05 1.06e-05 1.22e-05 1.28e-05 1.21e-05 1.21e-05 1.215e-05 1.275e-05 1.205e-05 1.315e-05 1.135e-05 1.04e-05 1.175e-05 1.255e-05 1.14e-05 1.145e-05 1.015e-05 1.075e-05 1.105e-05 1.08e-05 1.165e-05 1.115e-05 1.19e-05 1.16e-05 1.195e-05 1.265e-05 9.75e-06 1.325e-05 1.135e-05 9.75e-06 9.7e-06 1.155e-05 1.205e-05 9.75e-06 1.185e-05 1.275e-05 9.75e-06 1.06e-05 1.295e-05 1.06e-05 1.3e-05
12 1.115e-05 6.85e-06 1.375e-05 9.75e-06 8.65e-06 8.3e-06 1.585e-05 9.6e-06 9.1e-06 1e-05 7.8e-06 1.095e-05 1.1e-05 1.23e-05 9.2e-06 9.5e-06 9.75e-06 1.125e-05 1.14e-05 9.55e-06 1.275e-05 7.1e-06 8.85e-06 8.2e-06 9.7e-06 9.7e-06 7.75e-06 9.85e-06 9.55e-06 1.065e-05 9.1e-06 8.85e-06 1.09e-05 1.075e-05 8.9e-06 8.2e-06 1.02e-05 9.2e-06 9.6e-06 8.25e-06 1.15e-05 8.4e-06 1.105e-05 1.005e-05 1.08e-05 1.12e-05 1.08e-05 8.95e-06 8.15e-06 9.8e-06 1.205e-05 7.25e-06 7.5e-06 9.65e-06 8.45e-06 9.35e-06 1.03e-05 1.235e-05 1.115e-05 9.65e-06 1.005e-05 8.85e-06 8.7e-06 9.2e-06 8.2e-06 9.65e-06 8.95e-06 9.15e-06 1.005e-05 9.65e-06 1.17e-05 8.75e-06 7.9e-06 1.395e-05 9.3e-06 1.14e-05 7.3e-06 8.6e-06 8.5e-06 8.4e-06 9.8e-06 9.3e-06 9.7e-06 9.35e-06 9.45e-06 9.15e-06 1.31e-05 9.3e-06 8.15e-06 1.14e-05 8.9e-06 7.35e-06 1.19e-05 1.055e-05 8.55e-06 9.35e-06 8.95e-06 9.35e-06 1.1e-05 9.5e-06
13 1.29e-05 9.3e-06 1.5e-05 1.15e-05 1.24e-05 1.125e-05 7.9e-06 1.55e-05 1.53e-05 1.065e-05 1.315e-05 1.42e-05 1.23e-05 1.57e-05 1.34e-05 1.23e-05 1.205e-05 1.1e-05 1.42e-05 1.235e-05 1.595e-05 1.4e-05 1.46e-05 1.315e-05 1.16e-05 1.325e-05 1.24e-05 1.315e-05 1.16e-05 1.39e-05 1.025e-05 1.305e-05 1.42e-05 1.095e-05 1.255e-05 1.14e-05 1.36e-05 1.43e-05 1.175e-05 1.14e-05 1.39e-05 1.41e-05 1.425e-05 1.095e-05 1.09e-05 1.55e-05 1.275e-05 1.025e-05 1.4e-05 1.1e-05 1.56e-05 1.41e-05 1.215e-05 1.24e-05 1.12e-05 1.515e-05 1.135e-05 1.125e-05 1.545e-05 1.475e-05 1.56e-05 1.4e-05 1.435e-05 1.34e-05 1.38e-05 1.155e-05 1.435e-05 1.335e-05 1.295e-05 1.24e-05 1.3e-05 1.31e-05 1.17e-05 1.52e-05 1.56e-05 1.315e-05 1.4e-05 1.12e-05 1.39e-05 1.26e-05 1.41e-05 1.275e-05 1.325e-05 1.28e-05 1.26e-05 1.34e-05 1.54e-05 1.5e-05 1.58e-05 1.55e-05 1.245e-05 1.195e-05 1.515e-05 1.38e-05 1.42e-05 1.36e-05 1.39e-05 1.405e-05 1.405e-05 1.42e-05
14 9.2e-06 8.9e-06 1.69e-05 9.05e-06 9.25e-06 7.35e-06 1.61e-05 1.325e-05 1.325e-05 9e-06 8.05e-06 1.21e-05 9.2e-06 1.34e-05 9.3e-06 6.45e-06 1.135e-05 1.015e-05 1.125e-05 6.9e-06 1.345e-05 9.35e-06 1.19e-05 8.55e-06 7e-06 8.6e-06 1.025e-05 8.8e-06 7.25e-06 1.02e-05 8.65e-06 5.45e-06 1.045e-05 1.325e-05 1.055e-05 9.1e-06 8.85e-06 6.6e-06 9.3e-06 7.25e-06 1.11e-05 8.1e-06 9.15e-06 1.155e-05 1.19e-05 1.465e-05 1.02e-05 7.45e-06 1.115e-05 9.35e-06 1.26e-05 7.6e-06 1.05e-05 4.7e-06 7.4e-06 1.02e-05 8.45e-06 1.4e-05 1.195e-05 9.45e-06 1.08e-05 9.5e-06 4.65e-06 4.7e-06 4.9e-06 6.95e-06 5.3e-06 4.65e-06 8.35e-06 4.7e-06 1.34e-05 1.18e-05 7.3e-06 1.585e-05 9.95e-06 9.05e-06 8.45e-06 1.11e-05 1.085e-05 6.7e-06 1.025e-05 5.4e-06 8.6e-06 5.45e-06 7.15e-06 8.2e-06 1.49e-05 1.02e-05 1.235e-05 1.38e-05 1.22e-05 7.9e-06 1.29e-05 1.345e-05 5.6e-06 8.8e-06 9.05e-06 7.95e-06 9.95e-06 7e-06
15 9.1e-06 8.75e-06 1.615e-05 8.45e-06 9.25e-06 7.2e-06 1.505e-05 1.285e-05 1.3e-05 8.6e-06 7.95e-06 1.16e-05 9.5e-06 1.23e-05 6.45e-06 9.6e-06 1.035e-05 1.005e-05 1.08e-05 5.2e-06 1.33e-05 9.5e-06 1.125e-05 8.15e-06 6.9e-06 8.5e-06 9.55e-06 7.5e-06 6.75e-06 1.025e-05 8.15e-06 5.9e-06 1.065e-05 1.26e-05 9.9e-06 7.3e-06 9.3e-06 8.55e-06 8.45e-06 7.25e-06 1.09e-05 9.25e-06 1.065e-05 1.055e-05 1.115e-05 1.38e-05 9.85e-06 6.95e-06 1.08e-05 8.6e-06 1.28e-05 9.15e-06 1.02e-05 4.85e-06 8.5e-06 1.065e-05 8.7e-06 1.315e-05 1.195e-05 9.3e-06 1.095e-05 1.015e-05 8e-06 6.45e-06 7.3e-06 6.8e-06 7.6e-06 6.4e-06 9.05e-06 4.85e-06 1.245e-05 1.065e-05 8.25e-06 1.52e-05 1.035e-05 8.95e-06 9e-06 1.02e-05 1.055e-05 5.9e-06 8.6e-06 6.15e-06 8.5e-06 6.2e-06 7.8e-06 7.95e-06 1.425e-05 1.06e-05 1.21e-05 1.34e-05 1.14e-05 8.2e-06 1.26e-05 1.285e-05 7.6e-06 8.5e-06 9.4e-06 8.7e-06 1.045e-05 9.1e-06
16 1.155e-05 7.15e-06 1.325e-05 9.2e-06 9.95e-06 9.35e-06 1.72e-05 8.55e-06 1.26e-05 7.7e-06 1.145e-05 1.3e-05 9.75e-06 1.205e-05 1.135e-05 1.035e-05 1.21e-05 1.27e-05 1.3e-05 1.04e-05 1.35e-05 1.045e-05 1.41e-05 1.105e-05 1.02e-05 8.85e-06 1.025e-05 1.065e-05 1.035e-05 1.105e-05 8.15e-06 1.08e-05 1.23e-05 1.415e-05 7.65e-06 8.3e-06 1.125e-05 1.065e-05 8.6e-06 9.45e-06 1.165e-05 1.22e-05 1.165e-05 6.5e-06 9.3e-06 1.445e-05 1.085e-05 8.95e-06 1.37e-05 9.15e-06 1.345e-05 1.115e-05 1.035e-05 1.16e-05 8.65e-06 1.065e-05 9.3e-06 1.565e-05 1.24e-05 1.14e-05 1.155e-05 1.24e-05 1.105e-05 1.135e-05 1.08e-05 1.015e-05 1.1e-05 1.13e-05 9.8e-06 1.16e-05 1.26e-05 9.1e-06 8.95e-06 1.395e-05 1.095e-05 1.18e-05 1.085e-05 1.03e-05 1.17e-05 9.85e-06 9.65e-06 1.08e-05 8.9e-06 1.085e-05 9.6e-06 1.275e-05 1.42e-05 1.06e-05 1.185e-05 1.16e-05 9.25e-06 8.55e-06 1.115e-05 1.21e-05 1.07e-05 1.29e-05 1.21e-05 1.125e-05 1.125e-05 1.16e-05
17 1.185e-05 1.13e-05 1.565e-05 1.055e-05 1.095e-05 1.165e-05 9.6e-06 1.47e-05 1.3e-05 1.06e-05 1.13e-05 1.315e-05 1.125e-05 1.1e-05 1.015e-05 1.005e-05 1.27e-05 1.47e-05 1.275e-05 1.01e-05 1.38e-05 1.095e-05 1.32e-05 1.06e-05 1.02e-05 1.28e-05 1.13e-05 9.85e-06 1.095e-05 1.065e-05 1.11e-05 9.25e-06 1.11e-05 1.05e-05 1.21e-05 1.08e-05 1.045e-05 1.01e-05 1.015e-05 1.165e-05 1.155e-05 1.085e-05 1.135e-05 1.295e-05 1.265e-05 1.405e-05 1.075e-05 1.145e-05 1.205e-05 1.035e-05 1.32e-05 1.04e-05 1.24e-05 1.1e-05 1.055e-05 1.215e-05 1.02e-05 1.14e-05 1.315e-05 1.3e-05 1.3e-05 1.065e-05 9.25e-06 1.015e-05 9.5e-06 1.015e-05 9.6e-06 1.01e-05 1.085e-05 1.1e-05 1.305e-05 1.335e-05 1.035e-05 1.455e-05 1.235e-05 1.21e-05 1.075e-05 1.26e-05 1.145e-05 9.65e-06 1.17e-05 1.01e-05 1.28e-05 1.015e-05 9.65e-06 1.2e-05 1.38e-05 1.21e-05 1.32e-05 1.41e-05 1.345e-05 9.8e-06 1.36e-05 1.405e-05 8.55e-06 1.23e-05 1.125e-05 9.2e-06 1.16e-05 9.9e-06
18 1.135e-05 1.265e-05 1.185e-05 1.3e-05 1.33e-05 1.14e-05 1.48e-05 1.125e-05 1.025e-05 1.37e-05 1.005e-05 1.24e-05 1.14e-05 1.42e-05 1.125e-05 1.08e-05 1.3e-05 1.275e-05 1.79e-05 1.08e-05 1.395e-05 1.155e-05 1.22e-05 1.15e-05 1.125e-05 1.095e-05 1.175e-05 1.325e-05 1.14e-05 1.325e-05 1.31e-05 1.1e-05 1.505e-05 1.25e-05 1.26e-05 1.245e-05 1.39e-05 1.305e-05 1.345e-05 1.135e-05 1.355e-05 1.205e-05 1.33e-05 1.36e-05 1.35e-05 1.06e-05 1.44e-05 1.145e-05 1.045e-05 1.32e-05 1.15e-05 1.15e-05 1.22e-05 9.8e-06 1.285e-05 1.155e-05 1.355e-05 1.35e-05 1.19e-05 1.02e-05 1.185e-05 1.125e-05 1.265e-05 1.125e-05 1.17e-05 1.13e-05 1.235e-05 1.12e-05 1.36e-05 9.8e-06 1.275e-05 1.16e-05 1.255e-05 1.195e-05 1.12e-05 1.175e-05 1.13e-05 1.27e-05 1.27e-05 1.13e-05 1.135e-05 1.11e-05 1.095e-05 1.115e-05 1.265e-05 1.09e-05 1.28e-05 1.15e-05 1.12e-05 1.215e-05 1.225e-05 1.245e-05 1.235e-05 1.26e-05 1.26e-05 1.13e-05 1.235e-05 1.36e-05 1.295e-05 1.365e-05
19 9.1e-06 8.8e-06 1.62e-05 8.5e-06 9.3e-06 7.65e-06 1.51e-05 1.29e-05 1.305e-05 8.65e-06 7.7e-06 1.165e-05 9.55e-06 1.235e-05 6.9e-06 5.2e-06 1.04e-05 1.01e-05 1.08e-05 9.5e-06 1.34e-05 9.55e-06 1.13e-05 8.15e-06 6.9e-06 8.95e-06 9.6e-06 7.5e-06 7.2e-06 1.03e-05 8.15e-06 6.35e-06 1.07e-05 1.265e-05 9.95e-06 7.3e-06 9.35e-06 8.6e-06 8.5e-06 7.7e-06 1.095e-05 9.3e-06 1.07e-05 1.06e-05 1.12e-05 1.385e-05 9.9e-06 7.4e-06 1.09e-05 8.65e-06 1.29e-05 9.2e-06 1.025e-05 5.7e-06 8.55e-06 1.07e-05 8.75e-06 1.32e-05 1.2e-05 9.75e-06 1.1e-05 1.025e-05 8.05e-06 6.9e-06 7.5e-06 6.55e-06 7.65e-06 6.85e-06 9.1e-06 5.7e-06 1.25e-05 1.065e-05 8.3e-06 1.525e-05 1.04e-05 9.4e-06 9.1e-06 1.025e-05 1.06e-05 6.05e-06 8.6e-06 6.6e-06 8.95e-06 6.65e-06 7.85e-06 8.4e-06 1.43e-05 1.065e-05 1.215e-05 1.345e-05 1.145e-05 8.25e-06 1.265e-05 1.29e-05 7.65e-06 8.9e-06 9.45e-06 8.75e-06 1.05e-05 9.15e-06
20 1.435e-05 1.43e-05 1.385e-05 1.195e-05 1.295e-05 1.39e-05 1.69e-05 1.245e-05 1.24e-05 1.32e-05 1.29e-05 1.415e-05 1.275e-05 1.595e-05 1.345e-05 1.33e-05 1.35e-05 1.38e-05 1.395e-05 1.34e-05 1.81e-05 1.01e-05 1.41e-05 1.3e-05 1.35e-05 1.375e-05 1.185e-05 1.29e-05 1.345e-05 1.355e-05 1.345e-05 1.33e-05 1.35e-05 1.395e-05 1.215e-05 1.28e-05 1.255e-05 1.165e-05 1.315e-05 1.39e-05 1.365e-05 1.285e-05 1.36e-05 1.41e-05 1.465e-05 1.39e-05 1.305e-05 1.45e-05 1.38e-05 1.26e-05 1.32e-05 1.175e-05 1.335e-05 1.45e-05 1.34e-05 1.2e-05 1.27e-05 1.55e-05 1.255e-05 1.33e-05 1.21e-05 1.2e-05 1.235e-05 1.345e-05 1.275e-05 1.345e-05 1.2e-05 1.34e-05 1.17e-05 1.45e-05 1.48e-05 1.325e-05 1.31e-05 1.475e-05 1.175e-05 1.455e-05 1.105e-05 1.435e-05 1.205e-05 1.265e-05 1.18e-05 1.315e-05 1.375e-05 1.32e-05 1.16e-05 1.42e-05 1.41e-05 1.195e-05 1.22e-05 1.335e-05 1.345e-05 1.26e-05 1.31e-05 1.32e-05 1.24e-05 1.425e-05 1.3e-05 1.305e-05 1.275e-05 1.3e-05
21 1.195e-05 1.09e-05 1.47e-05 8.15e-06 9e-06 1.01e-05 1.61e-05 8.75e-06 7.35e-06 9.7e-06 7.45e-06 1.05e-05 7.1e-06 1.4e-05 9.35e-06 9.5e-06 1.045e-05 1.095e-05 1.155e-05 9.55e-06 1.01e-05 6.5e-06 7.9e-06 7.45e-06 9.95e-06 1.07e-05 6.6e-06 9.2e-06 1.03e-05 1.04e-05 9.95e-06 9.2e-06 1.055e-05 9.75e-06 8.6e-06 8.5e-06 8.8e-06 6.5e-06 8.9e-06 1.01e-05 1.035e-05 7.3e-06 1.045e-05 1.18e-05 1.24e-05 1.01e-05 9.8e-06 1.13e-05 7.45e-06 9.25e-06 9.85e-06 5.5e-06 8.1e-06 1.12e-05 9.4e-06 7.35e-06 9e-06 1.2e-05 8.9e-06 9.35e-06 7.55e-06 6.6e-06 7.45e-06 9.35e-06 8.15e-06 9.9e-06 7.05e-06 9.3e-06 7.1e-06 1.12e-05 1.13e-05 9.3e-06 8.85e-06 1.335e-05 6.95e-06 1.22e-05 4.55e-06 9.7e-06 6.9e-06 8.35e-06 8.2e-06 9.15e-06 1.07e-05 9.2e-06 6.95e-06 9.45e-06 1.2e-05 7.3e-06 5.95e-06 1.035e-05 9.4e-06 8e-06 1.095e-05 1.165e-05 7.5e-06 9.4e-06 7.55e-06 9.05e-06 9.4e-06 9e-06
22 1.43e-05 1.28e-05 1.485e-05 1.125e-05 9.35e-06 1.265e-05 1.52e-05 1.175e-05 8.05e-06 1.315e-05 9.1e-06 8.65e-06 8.85e-06 1.46e-05 1.19e-05 1.125e-05 1.41e-05 1.32e-05 1.22e-05 1.13e-05 1.41e-05 7.9e-06 7e-07 8.25e-06 1.24e-05 1.365e-05 8.25e-06 1.145e-05 1.19e-05 1.365e-05 1.295e-05 1.16e-05 1.265e-05 1.02e-05 1.27e-05 1.12e-05 1.135e-05 1.12e-05 1.04e-05 1.265e-05 1.19e-05 5.45e-06 1.375e-05 1.485e-05 1.5e-05 6.55e-06 1.225e-05 1.315e-05 4.8e-06 1.17e-05 1.1e-05 8.15e-06 6.95e-06 1.28e-05 1.22e-05 1.015e-05 1.26e-05 8.15e-06 8.1e-06 1.1e-05 7.95e-06 8.8e-06 1.095e-05 1.19e-05 1.09e-05 1.235e-05 1.09e-05 1.185e-05 1.22e-05 1.28e-05 1.135e-05 1.12e-05 1.175e-05 1.37e-05 9.9e-06 1.455e-05 7.85e-06 7e-06 8.55e-06 1.03e-05 1.07e-05 1.19e-05 1.365e-05 1.195e-05 1.12e-05 6.85e-06 1.16e-05 9.9e-06 7.75e-06 1.275e-05 1.135e-05 1.135e-05 1.405e-05 9.6e-06 1.085e-05 6.15e-06 5.75e-06 1.195e-05 1.335e-05 1.205e-05
23 1.26e-05 9.75e-06 1.525e-05 7.3e-06 1.015e-05 1.095e-05 1.595e-05 1.135e-05 9.3e-06 8.45e-06 8.55e-06 1.165e-05 8.2e-06 1.315e-05 8.55e-06 8.15e-06 1.105e-05 1.06e-05 1.15e-05 8.15e-06 1.3e-05 7.45e-06 8.25e-06 9.8e-06 8.9e-06 1.17e-05 7.15e-06 7.75e-06 9.05e-06 1.12e-05 8.85e-06 8.65e-06 1.07e-05 1.105e-05 1.03e-05 8.7e-06 9.3e-06 7.5e-06 8.8e-06 1.1e-05 1.195e-05 7.2e-06 1.095e-05 1.13e-05 1.26e-05 1.055e-05 9.65e-06 1.02e-05 7.75e-06 7.6e-06 1.1e-05 6.4e-06 9.6e-06 1.055e-05 8.15e-06 8.5e-06 7.75e-06 1.21e-05 1.01e-05 1.03e-05 9.3e-06 8.2e-06 6.5e-06 8.55e-06 7.25e-06 8.8e-06 6.9e-06 8.5e-06 8.25e-06 1.055e-05 1.14e-05 1e-05 8.7e-06 1.455e-05 8.55e-06 1.285e-05 7e-06 9.1e-06 8.95e-06 6.9e-06 8.35e-06 8.7e-06 1.17e-05 8.75e-06 6.9e-06 9.3e-06 1.28e-05 8.5e-06 8.6e-06 1.26e-05 9.9e-06 9e-06 1.31e-05 1.215e-05 6.75e-06 9.65e-06 7.6e-06 8.35e-06 1.135e-05 8.1e-06
24 9.15e-06 7.95e-06 1.625e-05 7.25e-06 9.2e-06 7.65e-06 1.51e-05 1.34e-05 1.355e-05 7e-06 8.45e-06 1.22e-05 9.7e-06 1.16e-05 7e-06 6.9e-06 1.02e-05 1.02e-05 1.125e-05 6.9e-06 1.35e-05 9.95e-06 1.24e-05 8.9e-06 1.05e-05 9.4e-06 9.15e-06 9.3e-06 6.7e-06 1.06e-05 7.2e-06 6.7e-06 1.13e-05 1.29e-05 9.8e-06 8.6e-06 9.55e-06 8.45e-06 8.1e-06 7.7e-06 1.1e-05 9.75e-06 1.06e-05 9.4e-06 1.045e-05 1.475e-05 8.45e-06 6.85e-06 1.18e-05 6.25e-06 1.32e-05 9.35e-06 1.05e-05 6.1e-06 7.7e-06 1.09e-05 5.85e-06 1.375e-05 1.24e-05 1.02e-05 1.15e-05 1.05e-05 7.85e-06 7e-06 7.35e-06 5.5e-06 7.65e-06 6.95e-06 7.85e-06 6.1e-06 1.24e-05 1.115e-05 8.05e-06 1.555e-05 1.075e-05 9.6e-06 9.35e-06 1.005e-05 1.11e-05 7.3e-06 1.005e-05 6.75e-06 9.4e-06 6.8e-06 7.25e-06 9.15e-06 1.485e-05 1.085e-05 1.255e-05 1.37e-05 1.095e-05 8.2e-06 1.28e-05 1.32e-05 7.75e-06 9.6e-06 9.95e-06 9.25e-06 1.045e-05 9.35e-06
25 8.6e-06 8.5e-06 1.4e-05 1.19e-05 1.035e-05 7.15e-06 1.695e-05 8.65e-06 1.245e-05 1.18e-05 9.1e-06 1.16e-05 9.7e-06 1.325e-05 8.6e-06 8.5e-06 8.85e-06 1.28e-05 1.095e-05 8.95e-06 1.375e-05 1.07e-05 1.365e-05 1.17e-05 9.4e-06 1.24e-05 1.18e-05 1.17e-05 9.3e-06 1.075e-05 1.025e-05 8.4e-06 1.295e-05 1.395e-05 9.15e-06 9.45e-06 1.195e-05 1.1e-05 1.14e-05 7.1e-06 1.12e-05 1.19e-05 1.09e-05 1.01e-05 9.95e-06 1.445e-05 1.27e-05 7.6e-06 1.305e-05 1.225e-05 1.345e-05 1.1e-05 1.045e-05 6.2e-06 9.9e-06 1.1e-05 1.225e-05 1.53e-05 1.265e-05 8.75e-06 1.14e-05 1.205e-05 1.09e-05 8.6e-06 9.35e-06 9.35e-06 1.06e-05 8.55e-06 1.17e-05 6.2e-06 1.28e-05 9.75e-06 9.4e-06 1.345e-05 1.065e-05 8.45e-06 1.06e-05 1.14e-05 1.2e-05 9.15e-06 9.95e-06 8.45e-06 6.25e-06 8.45e-06 1.1e-05 9.85e-06 1.475e-05 1.095e-05 1.17e-05 1.095e-05 1.06e-05 9.15e-06 1.01e-05 1.245e-05 1.09e-05 1.025e-05 1.22e-05 1.175e-05 1.045e-05 1.175e-05
26 1.25e-05 9.3e-06 1.44e-05 6.25e-06 9.85e-06 1.03e-05 1.555e-05 1.045e-05 8.6e-06 7.85e-06 8.25e-06 1.11e-05 7.75e-06 1.24e-05 1.025e-05 9.55e-06 1.025e-05 1.13e-05 1.175e-05 9.6e-06 1.185e-05 6.6e-06 8.25e-06 7.15e-06 9.15e-06 1.18e-05 1e-05 9.45e-06 8.3e-06 1.14e-05 8.45e-06 9.95e-06 1.135e-05 1.04e-05 9.15e-06 8.6e-06 9.8e-06 8.75e-06 8.65e-06 1.04e-05 1.17e-05 8.25e-06 1.165e-05 1e-05 1.15e-05 1.035e-05 9.35e-06 1.01e-05 7.95e-06 6.2e-06 1.135e-05 7.2e-06 8.45e-06 1.145e-05 8.85e-06 8.6e-06 7.4e-06 1.19e-05 1.02e-05 1.02e-05 9.4e-06 8.55e-06 9e-06 1.025e-05 9.4e-06 9.1e-06 9e-06 1.02e-05 8e-06 1.145e-05 1.09e-05 9.2e-06 9.1e-06 1.385e-05 8.85e-06 1.275e-05 6.95e-06 8.55e-06 8.05e-06 8.7e-06 8.8e-06 9.8e-06 1.18e-05 9.85e-06 7.8e-06 9.75e-06 1.255e-05 8.55e-06 7.45e-06 1.15e-05 8.85e-06 8.8e-06 1.21e-05 1.145e-05 8.9e-06 9.85e-06 8.25e-06 1e-05 1.13e-05 1.01e-05
27 1.185e-05 9.75e-06 1.69e-05 8.2e-06 9.2e-06 1.065e-05 1.545e-05 1.325e-05 1.3e-05 8.55e-06 1.035e-05 1.255e-05 9.85e-06 1.315e-05 8.8e-06 7.5e-06 1.065e-05 9.85e-06 1.325e-05 7.5e-06 1.29e-05 9.2e-06 1.145e-05 7.75e-06 9.3e-06 1.17e-05 9.45e-06 9.2e-06 9.45e-06 1.005e-05 9e-06 8.25e-06 5.7e-06 1.28e-05 1.015e-05 7.85e-06 7e-06 7.95e-06 8.1e-06 1.07e-05 1.1e-05 9.05e-06 1.055e-05 1.11e-05 1.215e-05 1.395e-05 7.65e-06 1.04e-05 1.11e-05 8.5e-06 1.29e-05 8.7e-06 1.095e-05 1.045e-05 8.7e-06 1.055e-05 8.75e-06 1.345e-05 1.19e-05 1.21e-05 1.1e-05 1.015e-05 7.1e-06 8.8e-06 8.05e-06 9.2e-06 7.4e-06 8.75e-06 8.95e-06 1.045e-05 1.29e-05 1.145e-05 8.65e-06 1.565e-05 1.06e-05 1.21e-05 9e-06 1.095e-05 8.35e-06 7e-06 8.9e-06 8.85e-06 1.17e-05 8.9e-06 7.55e-06 1.085e-05 1.215e-05 1.05e-05 1.22e-05 1.375e-05 1.205e-05 8.4e-06 1.335e-05 1.36e-05 6.7e-06 1.125e-05 9.4e-06 5.5e-06 1.075e-05 5.9e-06
28 9.6e-06 7.8e-06 1.605e-05 7.05e-06 9.8e-06 7.3e-06 1.52e-05 1.35e-05 1.345e-05 7.55e-06 8.6e-06 1.205e-05 9.55e-06 1.16e-05 7.25e-06 6.75e-06 1.035e-05 1.095e-05 1.14e-05 7.2e-06 1.345e-05 1.03e-05 1.19e-05 9.05e-06 6.7e-06 9.3e-06 8.3e-06 9.45e-06 1.11e-05 1.12e-05 7.65e-06 7.1e-06 1.14e-05 1.29e-05 1e-05 8.6e-06 1.005e-05 9.45e-06 8.8e-06 7.35e-06 1.18e-05 1e-05 1.12e-05 9.35e-06 1.05e-05 1.435e-05 9.6e-06 6.55e-06 1.15e-05 6.55e-06 1.355e-05 9.8e-06 1.015e-05 5.6e-06 8.15e-06 1.13e-05 7.5e-06 1.355e-05 1.265e-05 9.9e-06 1.18e-05 1.09e-05 8.85e-06 7.25e-06 8.2e-06 6.65e-06 8.7e-06 7.2e-06 8.9e-06 5.6e-06 1.24e-05 1.1e-05 8.4e-06 1.555e-05 1.125e-05 9.45e-06 9.75e-06 9.75e-06 1.11e-05 7.7e-06 1.015e-05 6.95e-06 9.3e-06 7e-06 8.3e-06 8.65e-06 1.48e-05 1.125e-05 1.255e-05 1.375e-05 1.085e-05 8.75e-06 1.295e-05 1.285e-05 8.9e-06 9.15e-06 1.015e-05 9.95e-06 1.11e-05 9.9e-06
29 9.15e-06 1.08e-05 1.57e-05 1.12e-05 1.05e-05 1.085e-05 1.555e-05 1.13e-05 1.305e-05 1.14e-05 1.11e-05 1.1e-05 1.065e-05 1.39e-05 1.02e-05 1.025e-05 1.105e-05 1.065e-05 1.325e-05 1.03e-05 1.355e-05 1.04e-05 1.365e-05 1.12e-05 1.06e-05 1.075e-05 1.14e-05 1.005e-05 1.12e-05 1.48e-05 1.135e-05 9.25e-06 1.105e-05 1.33e-05 9.65e-06 1.02e-05 1.06e-05 1.005e-05 1.05e-05 1.08e-05 8.85e-06 1.115e-05 8.7e-06 1.13e-05 9.85e-06 1.48e-05 1.115e-05 1.135e-05 1.315e-05 1.105e-05 1.38e-05 1.03e-05 1.18e-05 1.095e-05 1.055e-05 1.095e-05 1.105e-05 1.46e-05 1.28e-05 1.16e-05 1.17e-05 1.21e-05 9.4e-06 1.02e-05 9.55e-06 1.055e-05 9.75e-06 1.015e-05 1.105e-05 1.095e-05 1.14e-05 1.18e-05 1.005e-05 1.24e-05 1.105e-05 9.4e-06 1.06e-05 1.275e-05 1.125e-05 9.7e-06 1.04e-05 1.025e-05 1.075e-05 1.03e-05 1.02e-05 1.22e-05 1.435e-05 1.09e-05 1.155e-05 1e-05 1.165e-05 9e-06 9.55e-06 1.375e-05 8.55e-06 1.245e-05 1.165e-05 8.9e-06 8.9e-06 9.95e-06
30 1.155e-05 5.5e-06 1.51e-05 6e-06 8.9e-06 8.15e-06 1.565e-05 1.25e-05 1.38e-05 4.7e-06 1.035e-05 1.34e-05 9.1e-06 1.025e-05 8.65e-06 8.15e-06 8.15e-06 1.11e-05 1.31e-05 8.15e-06 1.345e-05 9.95e-06 1.295e-05 8.85e-06 7.2e-06 1.025e-05 8.45e-06 9e-06 7.65e-06 1.135e-05 8.2e-06 9.05e-06 1.165e-05 1.33e-05 8.7e-06 6.95e-06 9.35e-06 8e-06 7.5e-06 8.35e-06 1.195e-05 9.9e-06 1.09e-05 7.05e-06 9.25e-06 1.495e-05 8.55e-06 6.9e-06 1.245e-05 5.4e-06 1.335e-05 9.35e-06 9.65e-06 9.65e-06 5.85e-06 1.055e-05 4.65e-06 1.43e-05 1.24e-05 1.2e-05 1.18e-05 1.09e-05 7.6e-06 8.65e-06 8.2e-06 7.1e-06 7.8e-06 8.6e-06 6.35e-06 9.65e-06 1.25e-05 9.25e-06 6.75e-06 1.595e-05 1.105e-05 1.18e-05 9.65e-06 8.7e-06 1.135e-05 7.55e-06 9.65e-06 8.15e-06 1.025e-05 8.2e-06 6.45e-06 1.12e-05 1.495e-05 1.055e-05 1.28e-05 1.415e-05 9.35e-06 7.65e-06 1.355e-05 1.235e-05 8.2e-06 1.15e-05 9.85e-06 1.005e-05 1.11e-05 9.45e-06
31 9.05e-06 8.6e-06 1.66e-05 9.2e-06 8.55e-06 7.15e-06 1.57e-05 1.29e-05 1.285e-05 9.15e-06 7.8e-06 1.185e-05 8.85e-06 1.305e-05 5.45e-06 5.9e-06 1.08e-05 9.25e-06 1.1e-05 6.35e-06 1.33e-05 9.2e-06 1.16e-05 8.65e-06 6.7e-06 8.4e-06 9.95e-06 8.25e-06 7.1e-06 9.25e-06 9.05e-06 9.1e-06 1.01e-05 1.285e-05 9.9e-06 8.45e-06 8.95e-06 7.7e-06 8.35e-06 7.05e-06 1.045e-05 8.55e-06 9.85e-06 1.1e-05 1.165e-05 1.43e-05 9.7e-06 7.25e-06 1.08e-05 9e-06 1.275e-05 8.2e-06 1.02e-05 4.6e-06 8.05e-06 1.04e-05 8.75e-06 1.365e-05 1.21e-05 9.2e-06 1.095e-05 9.6e-06 6.25e-06 5.45e-06 5.45e-06 6.65e-06 6.4e-06 5.4e-06 9.2e-06 4.6e-06 1.315e-05 1.145e-05 7.55e-06 1.56e-05 1.005e-05 8.9e-06 8.55e-06 1.08e-05 1.04e-05 6.15e-06 9.85e-06 5.75e-06 8.4e-06 5.8e-06 7.8e-06 8e-06 1.45e-05 1.035e-05 1.205e-05 1.35e-05 1.185e-05 7e-06 1.27e-05 1.315e-05 5.65e-06 8.6e-06 9.3e-06 7.15e-06 1.015e-05 7.75e-06
32 1.235e-05 1.11e-05 1.86e-05 1.08e-05 9e-06 1.175e-05 1.565e-05 1.46e-05 1.43e-05 1.095e-05 1.175e-05 1.295e-05 1.09e-05 1.42e-05 1.045e-05 1.065e-05 1.23e-05 1.11e-05 1.505e-05 1.07e-05 1.35e-05 1.055e-05 1.265e-05 1.07e-05 1.13e-05 1.295e-05 1.135e-05 5.7e-06 1.14e-05 1.105e-05 1.165e-05 1.01e-05 3.6e-06 1.355e-05 1.16e-05 1.06e-05 5.9e-06 9.9e-06 9.8e-06 1.17e-05 1.14e-05 1.06e-05 1.13e-05 1.27e-05 1.29e-05 1.565e-05 6.55e-06 1.205e-05 1.255e-05 1.105e-05 1.48e-05 1.03e-05 1.175e-05 1.185e-05 1.06e-05 1.265e-05 1.135e-05 1.415e-05 1.35e-05 1.36e-05 1.29e-05 1.145e-05 9e-06 1.045e-05 9.95e-06 1.125e-05 9.45e-06 1.04e-05 1.125e-05 1.185e-05 1.415e-05 1.36e-05 1.03e-05 1.655e-05 1.25e-05 1.26e-05 1.045e-05 1.25e-05 6.85e-06 1.025e-05 1.2e-05 1.085e-05 1.295e-05 1.09e-05 1.02e-05 1.215e-05 1.11e-05 1.26e-05 1.365e-05 1.435e-05 1.38e-05 9.85e-06 1.395e-05 1.48e-05 8.85e-06 1.21e-05 1.13e-05 5.3e-06 1.135e-05 5.45e-06
33 1.315e-05 1.335e-05 1.445e-05 1.25e-05 1.27e-05 1.295e-05 8e-06 1.305e-05 1e-05 1.34e-05 1.065e-05 1.185e-05 1.075e-05 1.095e-05 1.325e-05 1.26e-05 1.415e-05 1.05e-05 1.25e-05 1.265e-05 1.395e-05 9.75e-06 1.02e-05 1.105e-05 1.29e-05 1.395e-05 1.04e-05 1.28e-05 1.29e-05 1.33e-05 1.33e-05 1.285e-05 1.355e-05 1.53e-05 1.325e-05 1.25e-05 1.29e-05 1.285e-05 1.265e-05 1.3e-05 1.285e-05 1.135e-05 1.355e-05 1.48e-05 1.36e-05 1.12e-05 1.325e-05 1.33e-05 9.5e-06 1.28e-05 1.27e-05 1.045e-05 1.115e-05 1.32e-05 1.33e-05 1.21e-05 1.32e-05 9.1e-06 1.255e-05 1.24e-05 1.235e-05 1.06e-05 1.325e-05 1.325e-05 1.315e-05 1.285e-05 1.315e-05 1.32e-05 1.29e-05 1.32e-05 1.17e-05 1.245e-05 1.305e-05 1.3e-05 1.22e-05 1.34e-05 1.02e-05 1.185e-05 1.06e-05 1.255e-05 1.25e-05 1.285e-05 1.395e-05 1.29e-05 1.24e-05 1.16e-05 1.295e-05 1.195e-05 1.035e-05 1.26e-05 1.245e-05 1.255e-05 1.335e-05 1.31e-05 1.305e-05 1.165e-05 1.14e-05 1.32e-05 1.305e-05 1.34e-05
34 1.06e-05 7.85e-06 1.335e-05 9.05e-06 9.15e-06 8.85e-06 1.73e-05 8.75e-06 1.16e-05 8.55e-06 1.015e-05 1.16e-05 8.9e-06 1.255e-05 1.055e-05 9.9e-06 7.65e-06 1.21e-05 1.26e-05 9.95e-06 1.215e-05 8.6e-06 1.27e-05 1.03e-05 9.8e-06 9.15e-06 9.15e-06 1.015e-05 1e-05 9.65e-06 8.7e-06 9.9e-06 1.16e-05 1.325e-05 1.17e-05 7.75e-06 1.055e-05 9.6e-06 8.7e-06 8.85e-06 1.015e-05 1.095e-05 1.04e-05 6.95e-06 9.05e-06 1.36e-05 1.03e-05 9.3e-06 1.24e-05 8.9e-06 1.275e-05 9.65e-06 9.3e-06 1.11e-05 8.7e-06 1e-05 9.05e-06 1.5e-05 1.16e-05 1.08e-05 1.06e-05 1.12e-05 9.95e-06 1.055e-05 9.85e-06 9.75e-06 9.9e-06 1.05e-05 9.1e-06 1.11e-05 1.18e-05 9.4e-06 8.65e-06 1.31e-05 1.005e-05 1.085e-05 9.35e-06 1.005e-05 1.03e-05 9.3e-06 9.1e-06 1.025e-05 9.15e-06 1.03e-05 9.25e-06 1.18e-05 1.365e-05 9.95e-06 9.8e-06 1.055e-05 8.65e-06 7.55e-06 1.005e-05 1.165e-05 9.45e-06 1.185e-05 1.11e-05 1.025e-05 1e-05 1.075e-05
35 1.09e-05 6.75e-06 1.475e-05 8.1e-06 8.2e-06 7.3e-06 1.59e-05 1.105e-05 1.245e-05 7.7e-06 9.3e-06 1.2e-05 8.2e-06 1.14e-05 9.1e-06 7.3e-06 8.3e-06 1.08e-05 1.245e-05 7.3e-06 1.28e-05 8.5e-06 1.12e-05 8.7e-06 8.6e-06 9.45e-06 8.6e-06 7.85e-06 8.6e-06 1.02e-05 6.95e-06 8.45e-06 1.06e-05 1.25e-05 7.75e-06 1.05e-05 9.35e-06 8.7e-06 7.75e-06 7.3e-06 1.085e-05 9.6e-06 1.095e-05 8.2e-06 9.75e-06 1.355e-05 9.5e-06 8e-06 1.11e-05 8e-06 1.305e-05 9e-06 8.05e-06 9.4e-06 7.65e-06 1.04e-05 8.35e-06 1.355e-05 1.18e-05 1.11e-05 1.09e-05 1.05e-05 8.75e-06 9.1e-06 8.65e-06 8.5e-06 8.6e-06 9.05e-06 8.55e-06 9.4e-06 1.24e-05 9.15e-06 7.05e-06 1.495e-05 1.05e-05 1.115e-05 8.9e-06 8.85e-06 9.85e-06 6.95e-06 8.5e-06 8.65e-06 9.45e-06 8.7e-06 8.1e-06 1.02e-05 1.39e-05 1.035e-05 1.12e-05 1.285e-05 9.6e-06 6.35e-06 1.235e-05 1.16e-05 8.25e-06 1.035e-05 9.6e-06 9.1e-06 1.075e-05 9.6e-06
36 1.205e-05 1.045e-05 1.73e-05 8.35e-06 8.3e-06 1.08e-05 1.565e-05 1.33e-05 1.3e-05 8.75e-06 1.065e-05 1.245e-05 1.02e-05 1.36e-05 8.85e-06 9.3e-06 1.125e-05 1.045e-05 1.39e-05 9.35e-06 1.255e-05 8.8e-06 1.135e-05 9.3e-06 9.55e-06 1.195e-05 9.8e-06 7e-06 1.005e-05 1.06e-05 9.35e-06 8.95e-06 5.9e-06 1.29e-05 1.055e-05 9.35e-06 1.06e-05 7.2e-06 8.4e-06 1.09e-05 1.065e-05 8.65e-06 1.03e-05 1.175e-05 1.245e-05 1.43e-05 7e-06 1.1e-05 1.145e-05 8.85e-06 1.28e-05 8.5e-06 1.075e-05 1.095e-05 8.85e-06 9.65e-06 8.35e-06 1.35e-05 1.145e-05 1.24e-05 1.09e-05 9.75e-06 6.7e-06 8.85e-06 7.95e-06 9.5e-06 6.95e-06 8.8e-06 8e-06 1.095e-05 1.33e-05 1.225e-05 7.95e-06 1.585e-05 1.04e-05 1.23e-05 8.65e-06 1.125e-05 7.95e-06 8.45e-06 1.02e-05 8.2e-06 1.195e-05 8.25e-06 6.45e-06 1.105e-05 1.2e-05 9.5e-06 1.215e-05 1.375e-05 1.245e-05 8.8e-06 1.325e-05 1.37e-05 7e-06 1.095e-05 8.45e-06 6.8e-06 1.035e-05 6.5e-06
37 1.2e-05 1.02e-05 1.67e-05 6.7e-06 8.9e-06 1.03e-05 1.71e-05 1.185e-05 1.17e-05 7.45e-06 9.55e-06 1.265e-05 9.2e-06 1.43e-05 6.6e-06 8.55e-06 1.065e-05 1.01e-05 1.305e-05 8.6e-06 1.165e-05 6.5e-06 1.12e-05 7.5e-06 8.45e-06 1.1e-05 8.75e-06 7.95e-06 9.45e-06 1.005e-05 8e-06 7.7e-06 9.9e-06 1.285e-05 9.6e-06 8.7e-06 7.2e-06 5.7e-06 8.05e-06 1.035e-05 1.055e-05 6.85e-06 8.65e-06 1.16e-05 1.27e-05 1.37e-05 8.85e-06 1.065e-05 1.075e-05 7.8e-06 1.04e-05 5.8e-06 1.045e-05 1.03e-05 6.9e-06 7.9e-06 6.25e-06 1.415e-05 9.75e-06 1.125e-05 8.45e-06 7.35e-06 2.85e-06 6.6e-06 5e-06 8.4e-06 3.3e-06 6.55e-06 4.25e-06 1.03e-05 1.32e-05 1.14e-05 6.8e-06 1.565e-05 7.85e-06 1.225e-05 5.95e-06 1.115e-05 9.55e-06 7e-06 8.85e-06 6.9e-06 1.1e-05 6.95e-06 4.1e-06 1.065e-05 1.39e-05 7.95e-06 1.045e-05 1.32e-05 1.16e-05 7.65e-06 1.26e-05 1.35e-05 4.15e-06 1.09e-05 7.4e-06 7.25e-06 8.8e-06 5.95e-06
38 1.24e-05 8.25e-06 1.56e-05 6.85e-06 6.85e-06 9.8e-06 1.52e-05 1.285e-05 1.295e-05 5.75e-06 1.05e-05 1.245e-05 9.6e-06 1.175e-05 9.3e-06 8.45e-06 8.6e-06 1.015e-05 1.345e-05 8.5e-06 1.315e-05 8.9e-06 1.04e-05 8.8e-06 8.1e-06 1.14e-05 8.65e-06 8.1e-06 8.8e-06 1.05e-05 7.5e-06 8.35e-06 9.8e-06 1.265e-05 8.7e-06 7.75e-06 8.4e-06 8.05e-06 9.7e-06 9.9e-06 9.8e-06 8.75e-06 1.135e-05 8.15e-06 1.13e-05 1.35e-05 7.8e-06 9.25e-06 1.09e-05 6.4e-06 1.245e-05 9.05e-06 9.35e-06 1.07e-05 7.8e-06 1.06e-05 6.25e-06 1.28e-05 1.105e-05 1.225e-05 1.075e-05 1.005e-05 7.85e-06 9.3e-06 8.4e-06 8.05e-06 7.9e-06 9.25e-06 7.5e-06 1.07e-05 1.255e-05 1.115e-05 8.15e-06 1.565e-05 1.075e-05 1.265e-05 8.95e-06 9.15e-06 9.8e-06 7.8e-06 9.7e-06 9e-06 1.14e-05 9.05e-06 7e-06 1.045e-05 1.32e-05 1.045e-05 1.215e-05 1.42e-05 1.08e-05 7.45e-06 1.375e-05 1.22e-05 7.05e-06 1.04e-05 8.9e-06 8.1e-06 1.115e-05 8.9e-06
39 8.3e-06 6.3e-06 1.545e-05 1.06e-05 8.8e-06 4.65e-06 1.565e-05 1.185e-05 1.37e-05 9.85e-06 7.95e-06 1.165e-05 8.25e-06 1.14e-05 7.25e-06 7.25e-06 9.45e-06 1.165e-05 1.135e-05 7.7e-06 1.39e-05 1.01e-05 1.265e-05 1.1e-05 7.7e-06 7.1e-06 1.04e-05 1.07e-05 7.35e-06 1.08e-05 8.35e-06 7.05e-06 1.17e-05 1.3e-05 8.85e-06 7.3e-06 1.09e-05 1.035e-05 9.9e-06 9e-06 1.135e-05 1.09e-05 1.095e-05 9e-06 9.3e-06 1.52e-05 1.12e-05 5.7e-06 1.21e-05 1.03e-05 1.445e-05 1.02e-05 8.3e-06 4.55e-06 8.35e-06 1.21e-05 1.055e-05 1.415e-05 1.355e-05 9.4e-06 1.24e-05 1.155e-05 9.9e-06 7.25e-06 8.35e-06 7.65e-06 9.7e-06 7.2e-06 1.07e-05 4.55e-06 1.3e-05 1.02e-05 7.45e-06 1.525e-05 1.175e-05 8.15e-06 1.005e-05 9.7e-06 1.105e-05 8.25e-06 1.1e-05 7.2e-06 7.1e-06 7.25e-06 1.04e-05 8.5e-06 1.535e-05 1.205e-05 1.245e-05 1.3e-05 1.045e-05 7e-06 1.21e-05 1.215e-05 9.9e-06 8.85e-06 1.13e-05 1.065e-05 1.075e-05 1.065e-05
40 9.25e-06 1.21e-05 1.555e-05 1.15e-05 9.35e-06 1.135e-05 1.47e-05 1.15e-05 1.3e-05 1.195e-05 1.135e-05 1.005e-05 1.15e-05 1.39e-05 1.11e-05 1.09e-05 1.165e-05 1.155e-05 1.355e-05 1.095e-05 1.365e-05 1.035e-05 1.19e-05 1.195e-05 1.1e-05 1.12e-05 1.17e-05 1.1e-05 1.18e-05 8.85e-06 1.195e-05 1.045e-05 1.14e-05 1.285e-05 1.015e-05 1.085e-05 1.065e-05 1.055e-05 9.8e-06 1.135e-05 1.49e-05 1.09e-05 9.2e-06 1.21e-05 1.015e-05 1.395e-05 1.1e-05 1.205e-05 1.255e-05 1.15e-05 1.335e-05 1.09e-05 1.115e-05 1.15e-05 1.16e-05 1.14e-05 1.13e-05 1.33e-05 1.185e-05 1.19e-05 1.12e-05 1.21e-05 1.065e-05 1.11e-05 1.08e-05 1.095e-05 1.065e-05 1.105e-05 1.105e-05 1.15e-05 1.075e-05 1.23e-05 1.115e-05 1.175e-05 1.135e-05 9.45e-06 1.065e-05 1.23e-05 1.095e-05 1.07e-05 1.065e-05 1.095e-05 1.12e-05 1.1e-05 1.06e-05 1.16e-05 1.355e-05 1.125e-05 1.14e-05 9.9e-06 1.21e-05 1.02e-05 9.15e-06 1.325e-05 1.015e-05 1.145e-05 1.12e-05 1.065e-05 8.85e-06 1.115e-05
41 1.265e-05 1.07e-05 1.545e-05 8.75e-06 8.55e-06 1.095e-05 1.585e-05 1.185e-05 9.7e-06 9.75e-06 8.85e-06 1.035e-05 8.4e-06 1.41e-05 8.1e-06 9.25e-06 1.22e-05 1.085e-05 1.205e-05 9.3e-06 1.285e-05 7.3e-06 5.45e-06 7.2e-06 9.75e-06 1.19e-05 8.25e-06 9.05e-06 1e-05 1.115e-05 9.9e-06 8.55e-06 1.06e-05 1.135e-05 1.095e-05 9.6e-06 8.65e-06 6.85e-06 8.75e-06 1.09e-05 1.09e-05 1.02e-05 1.045e-05 1.285e-05 1.36e-05 9.75e-06 1.01e-05 1.125e-05 7.2e-06 9.3e-06 1.055e-05 6.25e-06 8.3e-06 1.065e-05 8.65e-06 8.65e-06 8.85e-06 1.075e-05 8.7e-06 1.07e-05 8.1e-06 7.85e-06 5.5e-06 8.1e-06 6.6e-06 9.7e-06 6.15e-06 8.05e-06 8.4e-06 1.065e-05 1.21e-05 1.11e-05 8.4e-06 1.45e-05 8.65e-06 1.29e-05 6.85e-06 8.7e-06 8.8e-06 7.8e-06 9.6e-06 8.55e-06 1.19e-05 8.6e-06 7.25e-06 8.05e-06 1.24e-05 8.55e-06 9.1e-06 1.295e-05 1.13e-05 8.7e-06 1.33e-05 1.11e-05 6.15e-06 8e-06 6e-06 8.5e-06 1.095e-05 7.85e-06
