 slim_337530506 slim_337530560 slim_337530572 slim_337530600 slim_337530581 slim_337530636 slim_337530622 slim_337530635 slim_337530541 slim_337530625 slim_337530613 slim_337530394 slim_337530634 slim_337530621 slim_337530590 slim_337530407 slim_337530597 slim_337530387 slim_337530587 slim_337530629 slim_337530605 slim_337530624 slim_337530595 slim_337530632 slim_337530571 slim_337530630 slim_337530593 slim_337530601 slim_337530424 slim_337530553 slim_337530626 slim_337530465 slim_337530639 slim_337530495 slim_337530537 slim_337530567 slim_337530534 slim_337530608 slim_337530585 slim_337530618 slim_337530588 slim_337530615 slim_337530505 slim_337530579 slim_337530512 slim_337530611 slim_337530456 slim_337530627 slim_337530582 slim_337530522 slim_337530555 slim_337530244 slim_337530410 slim_337530561 slim_337530488 slim_337530637 slim_337530569 slim_337530610 slim_337530619 slim_337530462 slim_337530594 slim_337530234 slim_337530547 slim_337530509 slim_337530515 slim_337530544 slim_337530633 slim_337530473 slim_337530552 slim_337530307 slim_337530609 slim_337530584 slim_337530558 slim_337530631 slim_337530491 slim_337530603 slim_337530614 slim_337530475 slim_337530589 slim_337530606 slim_337530528 slim_337530562 slim_337530640 slim_337530487 slim_337530645 slim_337530620 slim_337530508 slim_337530269 slim_337530598 slim_337530551 slim_337530388 slim_337530644 slim_337530517 slim_337530607 slim_337530566 slim_337530599 slim_337530628 slim_337530570 slim_337530642 slim_337530638
0 9.66e-05 6.79e-05 6.14e-05 5.055e-05 5.77e-05 6.385e-05 4.865e-05 5.99e-05 5.855e-05 5.395e-05 5.045e-05 5.63e-05 6.09e-05 5.805e-05 5.89e-05 5.03e-05 5.985e-05 5.065e-05 5.87e-05 5.095e-05 5.585e-05 4.845e-05 5.995e-05 6.99e-05 5.445e-05 4.85e-05 5.07e-05 6.47e-05 5.755e-05 6.41e-05 5.845e-05 6.72e-05 5.33e-05 5.08e-05 5.47e-05 5.83e-05 6.355e-05 4.855e-05 5.025e-05 5.865e-05 4.855e-05 5.15e-05 5.455e-05 5.205e-05 6.21e-05 5.14e-05 5.085e-05 5.08e-05 4.85e-05 5.19e-05 5.435e-05 6.625e-05 5.585e-05 5.03e-05 5.16e-05 4.865e-05 5.98e-05 4.835e-05 5.605e-05 5.045e-05 5.62e-05 5.855e-05 4.99e-05 5.085e-05 5.855e-05 4.865e-05 4.85e-05 5.62e-05 5.085e-05 5.775e-05 4.845e-05 5.015e-05 5.15e-05 5.99e-05 6.34e-05 5.37e-05 5.045e-05 4.845e-05 5.45e-05 5.79e-05 5.145e-05 5.09e-05 5.445e-05 5.64e-05 5.085e-05 5.93e-05 6.2e-05 5.235e-05 5.785e-05 5.76e-05 4.85e-05 5.005e-05 5.19e-05 5.605e-05 5.415e-05 5.085e-05 5.635e-05 4.83e-05 4.865e-05 6.195e-05
1 6.79e-05 1.77e-05 1.745e-05 2.51e-05 0.00010105 0.00010235 6.805e-05 6e-05 6.18e-05 6.635e-05 6.885e-05 2.625e-05 1.82e-05 6.19e-05 4.615e-05 2.56e-05 6.005e-05 2.46e-05 9.595e-05 6.875e-05 6.12e-05 0.0001111 6.005e-05 4.47e-05 2.605e-05 0.00011105 6.84e-05 5.35e-05 6.11e-05 0.00010765 9.57e-05 8.04e-05 2.39e-05 6.79e-05 2.565e-05 5.96e-05 0.0001031 0.0001111 6.625e-05 6.695e-05 0.0001111 0.00010875 2.42e-05 2.385e-05 1.675e-05 0.0001086 6.865e-05 2.475e-05 6.8e-05 5.81e-05 6.615e-05 9.4e-05 6.17e-05 2.46e-05 0.00010875 6.79e-05 5.99e-05 6.78e-05 0.0001049 6.635e-05 0.0001048 6.685e-05 6.845e-05 6.875e-05 9.58e-05 0.0001112 6.795e-05 2.44e-05 6.865e-05 6.165e-05 0.000111 2.535e-05 0.00010865 6e-05 1.73e-05 2.545e-05 2.575e-05 6.79e-05 2.61e-05 6.68e-05 0.00010865 2.555e-05 6.625e-05 6.13e-05 2.55e-05 0.00010695 5.25e-05 2.405e-05 6.675e-05 6.595e-05 0.00011105 6.855e-05 5.805e-05 2.545e-05 0.00010755 2.55e-05 0.0001094 0.00011095 0.0001112 1.535e-05
2 6.14e-05 1.745e-05 2.97e-05 1.81e-05 9.5e-05 0.0001025 6.155e-05 6.035e-05 6.02e-05 5.885e-05 6.11e-05 1.735e-05 1.895e-05 5.94e-05 4.445e-05 1.665e-05 6.04e-05 1.69e-05 9.58e-05 6.19e-05 6.02e-05 0.0001058 6.04e-05 5.02e-05 1.725e-05 0.00010575 6.26e-05 5.225e-05 6.105e-05 0.00010275 9.555e-05 8.57e-05 1.855e-05 6.14e-05 1.805e-05 6.1e-05 0.00010435 0.0001058 6.24e-05 6.03e-05 0.0001058 0.0001028 1.845e-05 1.71e-05 1.59e-05 0.00010265 6.18e-05 1.705e-05 6.15e-05 5.33e-05 5.865e-05 9.405e-05 6.13e-05 1.71e-05 0.0001028 6.14e-05 6.025e-05 6.13e-05 0.00010425 6.25e-05 0.0001044 6.02e-05 6.155e-05 6.19e-05 9.565e-05 0.0001059 6.155e-05 1.63e-05 6.18e-05 6.11e-05 0.0001057 1.69e-05 0.0001027 6.035e-05 1.57e-05 1.74e-05 1.68e-05 6.14e-05 1.73e-05 5.92e-05 0.0001027 1.75e-05 5.875e-05 6.025e-05 1.745e-05 0.0001012 5.08e-05 1.775e-05 5.915e-05 6.055e-05 0.00010575 6.075e-05 5.325e-05 1.875e-05 0.00010215 1.745e-05 0.0001043 0.00010565 0.00010595 1.715e-05
3 5.055e-05 2.51e-05 1.81e-05 7.8e-06 8.875e-05 0.00010345 5.075e-05 6.22e-05 5.805e-05 5.05e-05 5.345e-05 1.31e-05 2.03e-05 5.85e-05 4.13e-05 6.8e-06 6.225e-05 6.55e-06 9.435e-05 5.3e-05 5.57e-05 9.715e-05 6.225e-05 5.925e-05 1.03e-05 9.71e-05 5.06e-05 5.415e-05 5.75e-05 9.98e-05 9.41e-05 9.055e-05 1.055e-05 5.32e-05 1.06e-05 5.845e-05 0.00010545 9.715e-05 5.36e-05 5.425e-05 9.715e-05 9.47e-05 1.155e-05 9.15e-06 1.82e-05 9.455e-05 5.29e-05 6.7e-06 5.07e-05 4.355e-05 5.135e-05 9.545e-05 5.775e-05 5.65e-06 9.47e-05 5.075e-05 6.21e-05 5.045e-05 0.0001019 5.32e-05 0.000102 5.415e-05 5.375e-05 5.3e-05 9.42e-05 9.725e-05 5.025e-05 1.235e-05 5.29e-05 5.55e-05 9.705e-05 7.15e-06 9.46e-05 6.22e-05 2e-05 1e-05 6.95e-06 5.055e-05 1.085e-05 5.445e-05 9.46e-05 6.45e-06 5.145e-05 5.625e-05 6.4e-06 9.595e-05 5.205e-05 9.45e-06 5.44e-05 5.255e-05 9.71e-05 5.315e-05 4.35e-05 1.125e-05 9.705e-05 6.4e-06 9.85e-05 9.7e-05 9.71e-05 1.835e-05
4 5.77e-05 0.00010105 9.5e-05 8.875e-05 4.62e-05 2.99e-05 5.785e-05 6.32e-05 6.25e-05 5.655e-05 5.845e-05 8.89e-05 9.375e-05 6.365e-05 7.105e-05 8.975e-05 6.325e-05 8.925e-05 3.28e-05 5.73e-05 6.305e-05 2.635e-05 6.325e-05 6.95e-05 8.98e-05 2.63e-05 5.75e-05 6.34e-05 6.405e-05 2.355e-05 3.255e-05 3.83e-05 8.96e-05 5.8e-05 8.85e-05 6.33e-05 3.105e-05 2.635e-05 5.82e-05 5.565e-05 2.635e-05 2.565e-05 8.96e-05 8.975e-05 9.48e-05 2.545e-05 5.72e-05 8.94e-05 5.78e-05 5.645e-05 5.68e-05 3.125e-05 6.385e-05 8.895e-05 2.565e-05 5.77e-05 6.31e-05 5.76e-05 3.25e-05 5.79e-05 3.245e-05 5.565e-05 5.735e-05 5.73e-05 3.265e-05 2.645e-05 5.76e-05 8.89e-05 5.72e-05 6.26e-05 2.625e-05 8.915e-05 2.555e-05 6.32e-05 9.435e-05 8.93e-05 8.99e-05 5.77e-05 8.85e-05 5.68e-05 2.555e-05 8.865e-05 5.69e-05 6.31e-05 8.86e-05 2.425e-05 6.55e-05 8.995e-05 5.675e-05 5.575e-05 2.63e-05 5.815e-05 5.64e-05 8.79e-05 2.585e-05 8.86e-05 2.505e-05 2.62e-05 2.635e-05 9.485e-05
5 6.385e-05 0.00010235 0.0001025 0.00010345 2.99e-05 3.94e-05 6.4e-05 6.21e-05 6.105e-05 6.19e-05 6.485e-05 0.0001039 0.0001013 6.265e-05 7.875e-05 0.0001045 6.215e-05 0.0001038 3.245e-05 6.325e-05 6.23e-05 2.415e-05 6.215e-05 7.025e-05 0.0001046 2.41e-05 6.385e-05 7.165e-05 6.355e-05 2.015e-05 3.22e-05 3.98e-05 0.0001042 6.42e-05 0.00010325 6.23e-05 2.14e-05 2.415e-05 6.45e-05 6.1e-05 2.415e-05 2.285e-05 0.0001046 0.00010475 0.0001021 2.265e-05 6.315e-05 0.00010395 6.395e-05 7.23e-05 6.23e-05 3.03e-05 6.315e-05 0.0001035 2.285e-05 6.385e-05 6.2e-05 6.375e-05 2.34e-05 6.43e-05 2.335e-05 6.1e-05 6.375e-05 6.325e-05 3.23e-05 2.425e-05 6.365e-05 0.0001034 6.315e-05 6.205e-05 2.405e-05 0.0001039 2.275e-05 6.21e-05 0.00010185 0.0001038 0.00010465 6.385e-05 0.00010305 6.26e-05 2.275e-05 0.00010295 6.24e-05 6.235e-05 0.0001029 2.085e-05 7.215e-05 0.00010495 6.255e-05 6.15e-05 2.41e-05 6.455e-05 7.225e-05 0.00010285 2.37e-05 0.0001029 2.225e-05 2.4e-05 2.41e-05 0.00010235
6 4.865e-05 6.805e-05 6.155e-05 5.075e-05 5.785e-05 6.4e-05 9.69e-05 5.99e-05 5.87e-05 5.41e-05 5.06e-05 5.645e-05 6.105e-05 5.82e-05 5.915e-05 5.05e-05 6.01e-05 5.08e-05 5.87e-05 5.11e-05 5.605e-05 4.87e-05 6.005e-05 7.005e-05 5.46e-05 4.865e-05 5.09e-05 6.485e-05 5.77e-05 6.425e-05 5.86e-05 6.735e-05 5.345e-05 5.08e-05 5.485e-05 5.845e-05 6.375e-05 4.865e-05 5.04e-05 5.88e-05 4.87e-05 5.175e-05 5.47e-05 5.22e-05 6.225e-05 5.155e-05 5.1e-05 5.095e-05 4.86e-05 5.205e-05 5.45e-05 6.64e-05 5.6e-05 5.05e-05 5.175e-05 4.88e-05 5.995e-05 4.855e-05 5.615e-05 5.06e-05 5.63e-05 5.87e-05 5.005e-05 5.11e-05 5.87e-05 4.86e-05 4.88e-05 5.635e-05 5.1e-05 5.79e-05 4.86e-05 5.035e-05 5.165e-05 5.99e-05 6.355e-05 5.385e-05 5.065e-05 4.865e-05 5.465e-05 5.805e-05 5.165e-05 5.105e-05 5.46e-05 5.655e-05 5.1e-05 5.945e-05 6.215e-05 5.25e-05 5.8e-05 5.775e-05 4.855e-05 5.03e-05 5.205e-05 5.62e-05 5.415e-05 5.1e-05 5.64e-05 4.855e-05 4.86e-05 6.21e-05
7 5.99e-05 6e-05 6.035e-05 6.22e-05 6.32e-05 6.21e-05 5.99e-05 0.0001162 6.035e-05 6.295e-05 6.075e-05 6.33e-05 5.915e-05 6.07e-05 6.22e-05 6.225e-05 5.83e-05 6.16e-05 6.015e-05 6.04e-05 6.035e-05 5.835e-05 5.825e-05 6.005e-05 6.295e-05 5.83e-05 6.075e-05 6.3e-05 6.11e-05 6.61e-05 6.005e-05 6.135e-05 6.21e-05 6e-05 6.28e-05 6.02e-05 6.24e-05 5.83e-05 6e-05 6.42e-05 5.835e-05 6.095e-05 6.265e-05 6.22e-05 6e-05 6.075e-05 6.03e-05 6.175e-05 6e-05 6.11e-05 6.28e-05 6.395e-05 5.98e-05 6.135e-05 6.095e-05 5.99e-05 5.815e-05 5.98e-05 5.935e-05 6.005e-05 5.945e-05 6.41e-05 5.97e-05 6.04e-05 6.015e-05 5.825e-05 6.02e-05 6.11e-05 6.03e-05 6.08e-05 5.825e-05 6.17e-05 6.085e-05 5.81e-05 6.03e-05 6.215e-05 6.24e-05 5.99e-05 6.25e-05 6.43e-05 6.085e-05 6.195e-05 6.29e-05 6.04e-05 6.19e-05 6.475e-05 6.225e-05 6.24e-05 6.425e-05 6.355e-05 5.82e-05 6.045e-05 6.105e-05 6.26e-05 6.015e-05 6.19e-05 6.215e-05 5.82e-05 5.835e-05 6.005e-05
8 5.855e-05 6.18e-05 6.02e-05 5.805e-05 6.25e-05 6.105e-05 5.87e-05 6.035e-05 0.000108 5.74e-05 5.965e-05 6.225e-05 6.025e-05 5.695e-05 6.02e-05 5.87e-05 6.04e-05 6.005e-05 6.055e-05 5.675e-05 5.685e-05 5.945e-05 6.04e-05 6.13e-05 6.22e-05 5.94e-05 5.905e-05 6.335e-05 5.925e-05 6.82e-05 6.03e-05 5.97e-05 6.235e-05 6.105e-05 6.155e-05 5.82e-05 6.365e-05 5.945e-05 6.09e-05 6.105e-05 5.945e-05 6.015e-05 6.36e-05 6.06e-05 6.19e-05 5.995e-05 5.665e-05 6.02e-05 5.865e-05 5.945e-05 6.135e-05 6.47e-05 5.85e-05 5.905e-05 6.015e-05 5.855e-05 6.025e-05 5.845e-05 5.835e-05 6.07e-05 5.85e-05 6.095e-05 5.885e-05 5.67e-05 6.04e-05 5.955e-05 5.79e-05 6.18e-05 5.665e-05 5.7e-05 5.935e-05 5.81e-05 6.005e-05 6.035e-05 6.27e-05 6.24e-05 5.885e-05 5.855e-05 5.915e-05 6.365e-05 6.005e-05 5.58e-05 6.145e-05 5.715e-05 5.58e-05 6.445e-05 6e-05 6.085e-05 6.36e-05 6.3e-05 5.94e-05 5.93e-05 5.94e-05 6.165e-05 6.36e-05 5.58e-05 6.385e-05 5.93e-05 5.94e-05 6.17e-05
9 5.395e-05 6.635e-05 5.885e-05 5.05e-05 5.655e-05 6.19e-05 5.41e-05 6.295e-05 5.74e-05 9.22e-05 5.405e-05 5.315e-05 6.11e-05 5.95e-05 6.15e-05 5.02e-05 6.3e-05 5.205e-05 6.535e-05 5.195e-05 5.94e-05 5.775e-05 6.3e-05 7.04e-05 5.33e-05 5.77e-05 5.44e-05 6.47e-05 6.08e-05 5.535e-05 6.51e-05 7.115e-05 5.385e-05 5.595e-05 5.35e-05 6.08e-05 6.285e-05 5.775e-05 5.515e-05 5.065e-05 5.775e-05 5.195e-05 5.46e-05 5.11e-05 6.11e-05 5.19e-05 5.185e-05 5.22e-05 5.405e-05 5.52e-05 5.05e-05 6.395e-05 6.055e-05 5.185e-05 5.195e-05 5.395e-05 6.285e-05 5.385e-05 6.375e-05 5.51e-05 6.39e-05 5.055e-05 5.395e-05 5.195e-05 6.52e-05 5.785e-05 5.345e-05 5.38e-05 5.185e-05 5.97e-05 5.765e-05 4.955e-05 5.195e-05 6.295e-05 6.185e-05 5.455e-05 5.035e-05 5.395e-05 5.09e-05 5.245e-05 5.195e-05 4.815e-05 5.05e-05 5.97e-05 4.81e-05 5.08e-05 6.255e-05 5.14e-05 5.24e-05 5.285e-05 5.77e-05 5.365e-05 5.52e-05 5.36e-05 5.665e-05 4.81e-05 5.66e-05 5.76e-05 5.77e-05 6.045e-05
10 5.045e-05 6.885e-05 6.11e-05 5.345e-05 5.845e-05 6.485e-05 5.06e-05 6.075e-05 5.965e-05 5.405e-05 9.6e-05 5.405e-05 6.17e-05 5.665e-05 6.21e-05 5.03e-05 6.08e-05 5.31e-05 5.97e-05 5.115e-05 5.87e-05 4.82e-05 6.08e-05 7.205e-05 5.36e-05 4.82e-05 5.135e-05 6.5e-05 5.815e-05 6.46e-05 5.945e-05 6.95e-05 5.42e-05 5.1e-05 5.595e-05 5.92e-05 6.395e-05 4.825e-05 5e-05 5.925e-05 4.82e-05 5.12e-05 5.33e-05 5.09e-05 6.345e-05 5.1e-05 5.1e-05 5.325e-05 5.055e-05 5.255e-05 5.51e-05 6.765e-05 5.755e-05 5.41e-05 5.12e-05 5.045e-05 6.06e-05 5.035e-05 5.635e-05 5.045e-05 5.68e-05 5.915e-05 4.81e-05 5.115e-05 5.95e-05 4.835e-05 5.12e-05 5.58e-05 5.105e-05 5.915e-05 4.815e-05 5.045e-05 5.105e-05 6.075e-05 6.34e-05 5.505e-05 5.045e-05 5.045e-05 5.385e-05 5.675e-05 5.11e-05 5.335e-05 5.52e-05 5.9e-05 5.33e-05 5.93e-05 6.195e-05 5.04e-05 5.67e-05 5.86e-05 4.82e-05 4.86e-05 5.255e-05 5.595e-05 5.41e-05 5.33e-05 5.645e-05 4.81e-05 4.86e-05 6.31e-05
11 5.63e-05 2.625e-05 1.735e-05 1.31e-05 8.89e-05 0.0001039 5.645e-05 6.33e-05 6.225e-05 5.315e-05 5.405e-05 1.39e-05 2.195e-05 6.09e-05 4.69e-05 1.07e-05 6.335e-05 1.17e-05 9.785e-05 5.54e-05 6.29e-05 9.96e-05 6.335e-05 6.14e-05 9.6e-06 9.955e-05 5.65e-05 5.135e-05 6.285e-05 9.465e-05 9.76e-05 9.595e-05 1.205e-05 5.51e-05 1e-05 6.355e-05 0.00010455 9.96e-05 5.595e-05 5.285e-05 9.96e-05 9.74e-05 1.095e-05 1.06e-05 1.875e-05 9.725e-05 5.53e-05 1.185e-05 5.64e-05 4.83e-05 5.32e-05 9.515e-05 6.345e-05 1.315e-05 9.74e-05 5.63e-05 6.32e-05 5.62e-05 0.00010585 5.645e-05 0.0001061 5.275e-05 5.445e-05 5.54e-05 9.77e-05 9.97e-05 5.69e-05 1.03e-05 5.53e-05 6.275e-05 9.95e-05 1.09e-05 9.73e-05 6.33e-05 1.71e-05 1.105e-05 1.085e-05 5.63e-05 9.25e-06 5.08e-05 9.73e-05 1.21e-05 5.33e-05 6.295e-05 1.205e-05 9.485e-05 5.44e-05 1.09e-05 5.075e-05 5.415e-05 9.955e-05 5.33e-05 4.83e-05 1.035e-05 9.64e-05 1.205e-05 9.715e-05 9.945e-05 9.995e-05 2.03e-05
12 6.09e-05 1.82e-05 1.895e-05 2.03e-05 9.375e-05 0.0001013 6.105e-05 5.915e-05 6.025e-05 6.11e-05 6.17e-05 2.195e-05 3.33e-05 6.05e-05 4.675e-05 2.095e-05 5.92e-05 2.03e-05 9.375e-05 6.145e-05 6.055e-05 0.0001016 5.92e-05 5.115e-05 2.16e-05 0.00010155 6.11e-05 5.415e-05 6.055e-05 0.00010355 9.35e-05 8.5e-05 2.055e-05 6.11e-05 2.15e-05 5.91e-05 0.00010245 0.0001016 6.065e-05 6.235e-05 0.0001016 0.0001013 2.04e-05 1.995e-05 1.86e-05 0.0001011 6.135e-05 2.045e-05 6.1e-05 5.13e-05 6.095e-05 9.45e-05 6.065e-05 1.99e-05 0.0001013 6.09e-05 5.905e-05 6.08e-05 0.0001019 6.005e-05 0.00010195 6.225e-05 6.065e-05 6.145e-05 9.36e-05 0.0001017 6.075e-05 2.005e-05 6.135e-05 6.04e-05 0.0001015 2.04e-05 0.0001012 5.915e-05 1.89e-05 2.09e-05 2.11e-05 6.09e-05 2.125e-05 6.235e-05 0.0001012 2.075e-05 6.105e-05 6.06e-05 2.07e-05 0.0001022 5.345e-05 2.015e-05 6.23e-05 6.1e-05 0.00010155 6.14e-05 5.13e-05 2.065e-05 0.0001008 2.07e-05 0.0001026 0.00010145 0.0001016 1.775e-05
13 5.805e-05 6.19e-05 5.94e-05 5.85e-05 6.365e-05 6.265e-05 5.82e-05 6.07e-05 5.695e-05 5.95e-05 5.665e-05 6.09e-05 6.05e-05 0.0001097 6.005e-05 5.625e-05 6.075e-05 5.885e-05 6e-05 5.87e-05 5.7e-05 5.84e-05 6.075e-05 6.215e-05 6.025e-05 5.835e-05 5.895e-05 6.365e-05 5.785e-05 7.055e-05 5.975e-05 5.995e-05 6.115e-05 5.93e-05 6.19e-05 5.79e-05 6.455e-05 5.84e-05 5.94e-05 6.47e-05 5.84e-05 5.925e-05 6.06e-05 5.82e-05 6.155e-05 5.905e-05 5.86e-05 5.9e-05 5.815e-05 5.87e-05 6.07e-05 6.585e-05 5.795e-05 5.9e-05 5.925e-05 5.805e-05 6.06e-05 5.795e-05 5.725e-05 5.945e-05 5.765e-05 6.46e-05 5.66e-05 5.87e-05 5.985e-05 5.85e-05 5.82e-05 6.175e-05 5.86e-05 5.75e-05 5.83e-05 5.64e-05 5.915e-05 6.07e-05 6.17e-05 6.09e-05 5.64e-05 5.805e-05 5.975e-05 6.315e-05 5.915e-05 5.835e-05 6.08e-05 5.73e-05 5.83e-05 6.525e-05 5.84e-05 5.77e-05 6.31e-05 6.41e-05 5.835e-05 5.71e-05 5.865e-05 6.19e-05 6.295e-05 5.83e-05 6.45e-05 5.825e-05 5.855e-05 6.185e-05
14 5.89e-05 4.615e-05 4.445e-05 4.13e-05 7.105e-05 7.875e-05 5.915e-05 6.22e-05 6.02e-05 6.15e-05 6.21e-05 4.69e-05 4.675e-05 6.005e-05 7.68e-05 4.155e-05 6.225e-05 4.035e-05 6.835e-05 6.225e-05 5.685e-05 7.945e-05 6.225e-05 5.095e-05 4.45e-05 7.94e-05 6.19e-05 5.33e-05 5.965e-05 8.23e-05 6.81e-05 5.725e-05 4.37e-05 6.09e-05 4.415e-05 6.1e-05 8.07e-05 7.945e-05 6.29e-05 6.36e-05 7.945e-05 7.875e-05 4.54e-05 4.515e-05 4.36e-05 7.86e-05 6.215e-05 4.05e-05 5.91e-05 5.305e-05 5.92e-05 6.955e-05 5.915e-05 3.93e-05 7.875e-05 5.915e-05 6.21e-05 5.885e-05 7.66e-05 6.28e-05 7.675e-05 6.35e-05 6.28e-05 6.225e-05 6.82e-05 7.955e-05 5.85e-05 4.58e-05 6.215e-05 5.955e-05 7.935e-05 4.22e-05 7.865e-05 6.22e-05 4.42e-05 4.15e-05 4.17e-05 5.895e-05 4.43e-05 6.32e-05 7.865e-05 4.18e-05 5.93e-05 5.715e-05 4.175e-05 8.01e-05 5.015e-05 4.545e-05 6.315e-05 6.295e-05 7.94e-05 6.18e-05 5.305e-05 4.67e-05 7.985e-05 4.175e-05 8.09e-05 7.93e-05 7.935e-05 4.57e-05
15 5.03e-05 2.56e-05 1.665e-05 6.8e-06 8.975e-05 0.0001045 5.05e-05 6.225e-05 5.87e-05 5.02e-05 5.03e-05 1.07e-05 2.095e-05 5.625e-05 4.155e-05 8.6e-06 6.23e-05 6.35e-06 9.445e-05 5.275e-05 5.605e-05 9.625e-05 6.23e-05 6.03e-05 9.35e-06 9.62e-05 5.285e-05 5.425e-05 5.755e-05 0.000101 9.42e-05 9.18e-05 9.9e-06 5.235e-05 1.035e-05 5.935e-05 0.0001058 9.625e-05 5.295e-05 5.505e-05 9.625e-05 9.375e-05 1.005e-05 7.65e-06 1.83e-05 9.36e-05 5.265e-05 6.5e-06 5.045e-05 4.435e-05 5.035e-05 9.66e-05 5.77e-05 6.4e-06 9.375e-05 5.05e-05 6.215e-05 5.02e-05 0.00010095 5.315e-05 0.0001014 5.495e-05 5.155e-05 5.275e-05 9.43e-05 9.635e-05 5.03e-05 1.195e-05 5.265e-05 5.83e-05 9.615e-05 5.25e-06 9.365e-05 6.225e-05 1.895e-05 9.1e-06 4.45e-06 5.03e-05 9.5e-06 5.31e-05 9.365e-05 6.85e-06 5.045e-05 5.66e-05 6.8e-06 9.605e-05 5.05e-05 7.25e-06 5.305e-05 5.485e-05 9.62e-05 5.075e-05 4.435e-05 1.25e-05 9.63e-05 6.8e-06 9.865e-05 9.61e-05 9.635e-05 1.93e-05
16 5.985e-05 6.005e-05 6.04e-05 6.225e-05 6.325e-05 6.215e-05 6.01e-05 5.83e-05 6.04e-05 6.3e-05 6.08e-05 6.335e-05 5.92e-05 6.075e-05 6.225e-05 6.23e-05 0.0001163 6.165e-05 6.035e-05 6.045e-05 6.04e-05 5.82e-05 5.835e-05 6.01e-05 6.3e-05 5.835e-05 6.075e-05 6.305e-05 6.115e-05 6.615e-05 6.01e-05 6.14e-05 6.215e-05 6.02e-05 6.285e-05 6.025e-05 6.235e-05 5.84e-05 6.005e-05 6.425e-05 5.84e-05 6.09e-05 6.27e-05 6.225e-05 6.005e-05 6.08e-05 6.035e-05 6.18e-05 5.99e-05 6.115e-05 6.285e-05 6.4e-05 5.985e-05 6.14e-05 6.1e-05 5.995e-05 5.82e-05 5.985e-05 5.945e-05 6.01e-05 5.955e-05 6.415e-05 5.975e-05 6.035e-05 6.02e-05 5.85e-05 6.02e-05 6.115e-05 6.035e-05 6.085e-05 5.83e-05 6.175e-05 6.09e-05 5.83e-05 6.035e-05 6.22e-05 6.245e-05 5.995e-05 6.255e-05 6.435e-05 6.085e-05 6.2e-05 6.295e-05 6.045e-05 6.195e-05 6.48e-05 6.23e-05 6.245e-05 6.43e-05 6.36e-05 5.835e-05 6.04e-05 6.11e-05 6.265e-05 6.035e-05 6.195e-05 6.23e-05 5.815e-05 5.855e-05 6.01e-05
17 5.065e-05 2.46e-05 1.69e-05 6.55e-06 8.925e-05 0.0001038 5.08e-05 6.16e-05 6.005e-05 5.205e-05 5.31e-05 1.17e-05 2.03e-05 5.885e-05 4.035e-05 6.35e-06 6.165e-05 7.6e-06 9.34e-05 5.43e-05 5.615e-05 9.735e-05 6.165e-05 5.75e-05 7.1e-06 9.73e-05 5.335e-05 5.215e-05 5.835e-05 9.89e-05 9.315e-05 8.985e-05 9.4e-06 5.065e-05 9.55e-06 5.99e-05 0.0001053 9.735e-05 5.365e-05 5.5e-05 9.735e-05 9.515e-05 1.045e-05 9.3e-06 1.49e-05 9.5e-05 5.42e-05 4e-06 5.075e-05 4.51e-05 5.055e-05 9.395e-05 5.8e-05 4.1e-06 9.515e-05 5.08e-05 6.15e-05 5.055e-05 0.0001021 5.39e-05 0.0001022 5.49e-05 5.375e-05 5.43e-05 9.325e-05 9.745e-05 5.065e-05 1.07e-05 5.42e-05 5.855e-05 9.725e-05 7e-06 9.505e-05 6.16e-05 1.75e-05 6.25e-06 6.5e-06 5.065e-05 1.025e-05 5.355e-05 9.505e-05 7.55e-06 5.065e-05 5.635e-05 7.5e-06 9.585e-05 5.07e-05 9.65e-06 5.35e-05 5.375e-05 9.73e-05 5.28e-05 4.51e-05 1.195e-05 9.58e-05 7.5e-06 9.815e-05 9.72e-05 9.745e-05 1.83e-05
18 5.87e-05 9.595e-05 9.58e-05 9.435e-05 3.28e-05 3.245e-05 5.87e-05 6.015e-05 6.055e-05 6.535e-05 5.97e-05 9.785e-05 9.375e-05 6e-05 6.835e-05 9.445e-05 6.035e-05 9.34e-05 4.73e-05 6.025e-05 5.91e-05 2.39e-05 6.03e-05 6.02e-05 9.48e-05 2.385e-05 5.965e-05 6.225e-05 5.975e-05 4.055e-05 2.37e-05 2.37e-05 9.545e-05 5.855e-05 9.72e-05 5.99e-05 3.24e-05 2.385e-05 5.935e-05 6.85e-05 2.39e-05 2.905e-05 9.6e-05 9.495e-05 9.505e-05 2.885e-05 6.015e-05 9.355e-05 5.88e-05 6.005e-05 6.49e-05 3.195e-05 5.86e-05 9.315e-05 2.905e-05 5.87e-05 6.02e-05 5.86e-05 2.46e-05 5.94e-05 2.47e-05 6.84e-05 5.89e-05 6.025e-05 2.37e-05 2.38e-05 5.905e-05 9.635e-05 6.015e-05 5.965e-05 2.38e-05 9.415e-05 2.895e-05 6.015e-05 9.635e-05 9.47e-05 9.46e-05 5.87e-05 9.635e-05 6.77e-05 2.895e-05 9.505e-05 6.5e-05 5.915e-05 9.5e-05 3.73e-05 5.925e-05 9.515e-05 6.765e-05 6.705e-05 2.375e-05 5.94e-05 6e-05 9.725e-05 3.065e-05 9.5e-05 3.215e-05 2.375e-05 2.39e-05 9.59e-05
19 5.095e-05 6.875e-05 6.19e-05 5.3e-05 5.73e-05 6.325e-05 5.11e-05 6.04e-05 5.675e-05 5.195e-05 5.115e-05 5.54e-05 6.145e-05 5.87e-05 6.225e-05 5.275e-05 6.045e-05 5.43e-05 6.025e-05 9.81e-05 5.855e-05 4.93e-05 6.045e-05 7.12e-05 5.555e-05 4.925e-05 5.145e-05 6.47e-05 5.955e-05 6.225e-05 6e-05 6.925e-05 5.54e-05 5.275e-05 5.56e-05 5.95e-05 6.305e-05 4.93e-05 5.15e-05 5.56e-05 4.93e-05 5.21e-05 5.63e-05 5.33e-05 6.38e-05 5.19e-05 4.91e-05 5.445e-05 5.105e-05 5.33e-05 5.575e-05 6.65e-05 5.815e-05 5.415e-05 5.21e-05 5.095e-05 6.03e-05 5.085e-05 5.745e-05 5.17e-05 5.765e-05 5.55e-05 5.035e-05 4.92e-05 6.01e-05 4.94e-05 5.095e-05 5.585e-05 4.91e-05 5.865e-05 4.92e-05 5.215e-05 5.2e-05 6.04e-05 6.44e-05 5.655e-05 5.29e-05 5.08e-05 5.325e-05 5.725e-05 5.2e-05 5.085e-05 5.585e-05 5.885e-05 5.08e-05 5.85e-05 6.355e-05 5.355e-05 5.72e-05 5.75e-05 4.925e-05 5.08e-05 5.33e-05 5.57e-05 5.475e-05 5.08e-05 5.58e-05 4.915e-05 4.945e-05 6.295e-05
20 5.585e-05 6.12e-05 6.02e-05 5.57e-05 6.305e-05 6.23e-05 5.605e-05 6.035e-05 5.685e-05 5.94e-05 5.87e-05 6.29e-05 6.055e-05 5.7e-05 5.685e-05 5.605e-05 6.04e-05 5.615e-05 5.91e-05 5.855e-05 0.0001064 5.845e-05 6.04e-05 6.085e-05 6.08e-05 5.84e-05 5.84e-05 6.345e-05 5.685e-05 6.97e-05 5.885e-05 5.82e-05 6e-05 5.88e-05 6.045e-05 5.795e-05 6.365e-05 5.845e-05 5.935e-05 6.41e-05 5.845e-05 5.935e-05 6.185e-05 5.935e-05 6.065e-05 5.915e-05 5.845e-05 5.63e-05 5.6e-05 5.845e-05 5.97e-05 6.45e-05 5.62e-05 5.52e-05 5.935e-05 5.605e-05 6.025e-05 5.575e-05 5.63e-05 5.94e-05 5.625e-05 6.4e-05 5.825e-05 5.855e-05 5.895e-05 5.855e-05 5.56e-05 6.215e-05 5.845e-05 5.585e-05 5.835e-05 5.59e-05 5.925e-05 6.035e-05 6.22e-05 5.93e-05 5.62e-05 5.585e-05 6.045e-05 6.4e-05 5.925e-05 5.6e-05 5.98e-05 5.395e-05 5.595e-05 6.49e-05 5.85e-05 5.965e-05 6.395e-05 6.31e-05 5.84e-05 5.84e-05 5.845e-05 6.205e-05 6.265e-05 5.595e-05 6.41e-05 5.83e-05 5.85e-05 6.145e-05
21 4.845e-05 0.0001111 0.0001058 9.715e-05 2.635e-05 2.415e-05 4.87e-05 5.835e-05 5.945e-05 5.775e-05 4.82e-05 9.96e-05 0.0001016 5.84e-05 7.945e-05 9.625e-05 5.82e-05 9.735e-05 2.39e-05 4.93e-05 5.845e-05 5e-07 5.84e-05 8.16e-05 9.865e-05 4.5e-07 4.915e-05 7.54e-05 5.81e-05 2.765e-05 2.365e-05 4.485e-05 9.755e-05 4.94e-05 0.00010025 5.81e-05 2.16e-05 5e-07 4.725e-05 6.28e-05 4.5e-07 8.9e-06 9.775e-05 9.525e-05 0.0001072 8.75e-06 4.915e-05 9.75e-05 4.85e-05 6.005e-05 5.905e-05 3.725e-05 5.565e-05 9.795e-05 9e-06 4.855e-05 5.82e-05 4.845e-05 1.14e-05 4.77e-05 1.155e-05 6.27e-05 4.64e-05 4.92e-05 2.37e-05 6e-07 4.94e-05 0.0001 4.92e-05 5.855e-05 4e-07 9.53e-05 8.85e-06 5.835e-05 0.0001078 9.96e-05 9.64e-05 4.855e-05 9.88e-05 6.15e-05 8.85e-06 9.735e-05 5.915e-05 5.875e-05 9.73e-05 2.25e-05 7.34e-05 9.545e-05 6.145e-05 6.13e-05 4.5e-07 4.785e-05 6.005e-05 9.945e-05 1.19e-05 9.73e-05 1.41e-05 2.5e-07 8.5e-07 0.0001057
22 5.995e-05 6.005e-05 6.04e-05 6.225e-05 6.325e-05 6.215e-05 6.005e-05 5.825e-05 6.04e-05 6.3e-05 6.08e-05 6.335e-05 5.92e-05 6.075e-05 6.225e-05 6.23e-05 5.835e-05 6.165e-05 6.03e-05 6.045e-05 6.04e-05 5.84e-05 0.0001163 6.01e-05 6.3e-05 5.835e-05 6.08e-05 6.305e-05 6.115e-05 6.615e-05 6.01e-05 6.14e-05 6.215e-05 6.015e-05 6.285e-05 6.025e-05 6.245e-05 5.82e-05 6.005e-05 6.425e-05 5.84e-05 6.1e-05 6.27e-05 6.225e-05 6.005e-05 6.08e-05 6.035e-05 6.18e-05 6.005e-05 6.115e-05 6.285e-05 6.4e-05 5.985e-05 6.14e-05 6.1e-05 5.995e-05 5.82e-05 5.985e-05 5.925e-05 6.01e-05 5.935e-05 6.415e-05 5.965e-05 6.045e-05 6.02e-05 5.825e-05 6.025e-05 6.115e-05 6.035e-05 6.085e-05 5.83e-05 6.175e-05 6.09e-05 5.825e-05 6.035e-05 6.22e-05 6.245e-05 5.995e-05 6.255e-05 6.435e-05 6.09e-05 6.2e-05 6.295e-05 6.045e-05 6.195e-05 6.48e-05 6.23e-05 6.245e-05 6.43e-05 6.36e-05 5.825e-05 6.05e-05 6.11e-05 6.265e-05 6.03e-05 6.195e-05 6.225e-05 5.825e-05 5.85e-05 6.01e-05
23 6.99e-05 4.47e-05 5.02e-05 5.925e-05 6.95e-05 7.025e-05 7.005e-05 6.005e-05 6.13e-05 7.04e-05 7.205e-05 6.14e-05 5.115e-05 6.215e-05 5.095e-05 6.03e-05 6.01e-05 5.75e-05 6.02e-05 7.12e-05 6.085e-05 8.16e-05 6.01e-05 7.69e-05 5.895e-05 8.155e-05 7.105e-05 4.97e-05 6.26e-05 7.885e-05 5.995e-05 4.005e-05 5.985e-05 6.93e-05 5.96e-05 6.185e-05 7.295e-05 8.16e-05 7.195e-05 6.975e-05 8.16e-05 8.085e-05 6.075e-05 6.175e-05 4.77e-05 8.07e-05 7.11e-05 5.765e-05 7e-05 6.095e-05 6.85e-05 5.86e-05 6.255e-05 5.64e-05 8.085e-05 6.99e-05 5.995e-05 6.98e-05 7.25e-05 7.16e-05 7.255e-05 6.965e-05 7.205e-05 7.12e-05 6.005e-05 8.17e-05 6.965e-05 5.73e-05 7.11e-05 6.175e-05 8.15e-05 6.04e-05 8.075e-05 6.005e-05 4.87e-05 5.71e-05 6.045e-05 6.99e-05 5.99e-05 7.035e-05 8.075e-05 5.95e-05 6.86e-05 6.065e-05 5.945e-05 7.94e-05 4.795e-05 6.195e-05 7.03e-05 6.915e-05 8.155e-05 7.175e-05 6.085e-05 6.025e-05 7.905e-05 5.945e-05 8.025e-05 8.145e-05 8.155e-05 5.01e-05
24 5.445e-05 2.605e-05 1.725e-05 1.03e-05 8.98e-05 0.0001046 5.46e-05 6.295e-05 6.22e-05 5.33e-05 5.36e-05 9.6e-06 2.16e-05 6.025e-05 4.45e-05 9.35e-06 6.3e-05 7.1e-06 9.48e-05 5.555e-05 6.08e-05 9.865e-05 6.3e-05 5.895e-05 7.8e-06 9.86e-05 5.46e-05 5.1e-05 6.115e-05 9.74e-05 9.455e-05 9.21e-05 1.125e-05 5.14e-05 1.085e-05 6.255e-05 0.00010545 9.865e-05 5.51e-05 5.485e-05 9.865e-05 9.645e-05 1.065e-05 1.005e-05 1.555e-05 9.63e-05 5.545e-05 7.1e-06 5.455e-05 4.75e-05 5.23e-05 9.395e-05 6.16e-05 8.65e-06 9.645e-05 5.445e-05 6.285e-05 5.435e-05 0.0001046 5.565e-05 0.0001047 5.475e-05 5.4e-05 5.555e-05 9.465e-05 9.875e-05 5.505e-05 8.1e-06 5.545e-05 6.06e-05 9.855e-05 9.7e-06 9.635e-05 6.295e-05 1.725e-05 7.25e-06 9.5e-06 5.445e-05 9.9e-06 5.26e-05 9.635e-05 1.135e-05 5.24e-05 6.055e-05 1.13e-05 9.575e-05 5.18e-05 1.06e-05 5.255e-05 5.45e-05 9.86e-05 5.325e-05 4.75e-05 1.155e-05 9.62e-05 1.13e-05 9.805e-05 9.85e-05 9.9e-05 2.01e-05
25 4.85e-05 0.00011105 0.00010575 9.71e-05 2.63e-05 2.41e-05 4.865e-05 5.83e-05 5.94e-05 5.77e-05 4.82e-05 9.955e-05 0.00010155 5.835e-05 7.94e-05 9.62e-05 5.835e-05 9.73e-05 2.385e-05 4.925e-05 5.84e-05 4.5e-07 5.835e-05 8.155e-05 9.86e-05 4e-07 4.915e-05 7.535e-05 5.805e-05 2.76e-05 2.36e-05 4.48e-05 9.75e-05 4.935e-05 0.0001002 5.805e-05 2.165e-05 4.5e-07 4.72e-05 6.275e-05 4.5e-07 8.95e-06 9.77e-05 9.52e-05 0.00010715 8.7e-06 4.915e-05 9.745e-05 4.86e-05 6e-05 5.9e-05 3.72e-05 5.565e-05 9.79e-05 8.8e-06 4.85e-05 5.82e-05 4.84e-05 1.135e-05 4.765e-05 1.15e-05 6.265e-05 4.635e-05 4.925e-05 2.37e-05 5.5e-07 4.94e-05 9.995e-05 4.915e-05 5.85e-05 3.5e-07 9.525e-05 8.85e-06 5.83e-05 0.00010775 9.955e-05 9.635e-05 4.85e-05 9.875e-05 6.145e-05 8.85e-06 9.73e-05 5.91e-05 5.87e-05 9.725e-05 2.245e-05 7.335e-05 9.54e-05 6.14e-05 6.125e-05 4e-07 4.79e-05 6e-05 9.94e-05 1.185e-05 9.725e-05 1.405e-05 3e-07 8e-07 0.00010565
26 5.07e-05 6.84e-05 6.26e-05 5.06e-05 5.75e-05 6.385e-05 5.09e-05 6.075e-05 5.905e-05 5.44e-05 5.135e-05 5.65e-05 6.11e-05 5.895e-05 6.19e-05 5.285e-05 6.075e-05 5.335e-05 5.965e-05 5.145e-05 5.84e-05 4.915e-05 6.08e-05 7.105e-05 5.46e-05 4.915e-05 9.79e-05 6.495e-05 5.815e-05 6.345e-05 5.94e-05 6.83e-05 5.49e-05 5.19e-05 5.625e-05 5.835e-05 6.365e-05 4.92e-05 5.07e-05 5.85e-05 4.92e-05 5.215e-05 5.485e-05 5.245e-05 6.34e-05 5.2e-05 5.135e-05 5.35e-05 5.08e-05 5.18e-05 5.615e-05 6.655e-05 5.77e-05 5.34e-05 5.22e-05 5.075e-05 6.065e-05 5.065e-05 5.735e-05 5.055e-05 5.745e-05 5.84e-05 5.035e-05 5.14e-05 5.95e-05 4.93e-05 5.12e-05 5.625e-05 5.135e-05 5.64e-05 4.91e-05 5.24e-05 5.21e-05 6.075e-05 6.45e-05 5.6e-05 5.3e-05 5.075e-05 5.525e-05 5.815e-05 5.195e-05 5.3e-05 5.625e-05 5.87e-05 5.295e-05 5.925e-05 6.355e-05 5.265e-05 5.81e-05 5.635e-05 4.915e-05 5.1e-05 5.175e-05 5.475e-05 5.49e-05 5.295e-05 5.635e-05 4.9e-05 4.94e-05 6.22e-05
27 6.47e-05 5.35e-05 5.225e-05 5.415e-05 6.34e-05 7.165e-05 6.485e-05 6.3e-05 6.335e-05 6.47e-05 6.5e-05 5.135e-05 5.415e-05 6.365e-05 5.33e-05 5.425e-05 6.305e-05 5.215e-05 6.225e-05 6.47e-05 6.345e-05 7.54e-05 6.305e-05 4.97e-05 5.1e-05 7.535e-05 6.495e-05 9.75e-05 6.44e-05 7.075e-05 6.2e-05 5.03e-05 5.33e-05 6.295e-05 5.14e-05 6.44e-05 7.315e-05 7.54e-05 6.545e-05 6.23e-05 7.54e-05 7.545e-05 5.325e-05 5.485e-05 5.05e-05 7.53e-05 6.46e-05 5.23e-05 6.48e-05 5.595e-05 6.305e-05 5.97e-05 6.46e-05 5.235e-05 7.545e-05 6.47e-05 6.29e-05 6.46e-05 7.41e-05 6.555e-05 7.42e-05 6.22e-05 6.495e-05 6.47e-05 6.21e-05 7.55e-05 6.49e-05 5.105e-05 6.46e-05 6.34e-05 7.53e-05 5.43e-05 7.535e-05 6.3e-05 5.005e-05 5.07e-05 5.44e-05 6.47e-05 5.18e-05 6.235e-05 7.535e-05 5.4e-05 6.315e-05 6.325e-05 5.395e-05 7.305e-05 5.15e-05 5.51e-05 6.23e-05 6.275e-05 7.535e-05 6.47e-05 5.59e-05 5.18e-05 7.325e-05 5.395e-05 7.31e-05 7.525e-05 7.555e-05 5.325e-05
28 5.755e-05 6.11e-05 6.105e-05 5.75e-05 6.405e-05 6.355e-05 5.77e-05 6.11e-05 5.925e-05 6.08e-05 5.815e-05 6.285e-05 6.055e-05 5.785e-05 5.965e-05 5.755e-05 6.115e-05 5.835e-05 5.975e-05 5.955e-05 5.685e-05 5.81e-05 6.115e-05 6.26e-05 6.115e-05 5.805e-05 5.815e-05 6.44e-05 0.0001097 6.975e-05 5.95e-05 6.045e-05 5.975e-05 5.9e-05 6.24e-05 5.735e-05 6.375e-05 5.81e-05 5.765e-05 6.53e-05 5.81e-05 5.94e-05 5.98e-05 5.745e-05 6.195e-05 5.925e-05 5.945e-05 5.85e-05 5.765e-05 5.765e-05 6.12e-05 6.535e-05 5.745e-05 5.82e-05 5.94e-05 5.755e-05 6.1e-05 5.745e-05 5.66e-05 5.745e-05 5.71e-05 6.52e-05 5.845e-05 5.955e-05 5.96e-05 5.82e-05 5.765e-05 6.315e-05 5.945e-05 5.715e-05 5.8e-05 5.815e-05 5.93e-05 6.11e-05 6.29e-05 6.095e-05 5.77e-05 5.755e-05 6.14e-05 6.385e-05 5.93e-05 5.9e-05 6.13e-05 5.715e-05 5.895e-05 6.515e-05 5.935e-05 5.745e-05 6.38e-05 6.365e-05 5.805e-05 5.805e-05 5.76e-05 6.27e-05 6.235e-05 5.895e-05 6.395e-05 5.795e-05 5.83e-05 6.055e-05
29 6.41e-05 0.00010765 0.00010275 9.98e-05 2.355e-05 2.015e-05 6.425e-05 6.61e-05 6.82e-05 5.535e-05 6.46e-05 9.465e-05 0.00010355 7.055e-05 8.23e-05 0.000101 6.615e-05 9.89e-05 4.055e-05 6.225e-05 6.97e-05 2.765e-05 6.615e-05 7.885e-05 9.74e-05 2.76e-05 6.345e-05 7.075e-05 6.975e-05 1.2e-06 4.03e-05 5.4e-05 9.71e-05 6.255e-05 9.45e-05 6.925e-05 1.985e-05 2.765e-05 6.31e-05 4.88e-05 2.765e-05 2.08e-05 9.7e-05 9.98e-05 0.00010095 2.065e-05 6.215e-05 9.905e-05 6.42e-05 7.24e-05 5.455e-05 2.695e-05 7.005e-05 9.94e-05 2.08e-05 6.41e-05 6.6e-05 6.4e-05 3.375e-05 6.305e-05 3.36e-05 4.87e-05 6.425e-05 6.225e-05 4.04e-05 2.775e-05 6.4e-05 9.505e-05 6.215e-05 6.9e-05 2.755e-05 0.00010075 2.07e-05 6.61e-05 9.945e-05 9.645e-05 0.00010115 6.41e-05 9.565e-05 5.085e-05 2.07e-05 9.87e-05 5.465e-05 6.95e-05 9.865e-05 7.35e-06 7.815e-05 0.0001 5.085e-05 5.07e-05 2.76e-05 6.43e-05 7.24e-05 9.45e-05 1.795e-05 9.865e-05 1.425e-05 2.75e-05 2.76e-05 0.00010165
30 5.845e-05 9.57e-05 9.555e-05 9.41e-05 3.255e-05 3.22e-05 5.86e-05 6.005e-05 6.03e-05 6.51e-05 5.945e-05 9.76e-05 9.35e-05 5.975e-05 6.81e-05 9.42e-05 6.01e-05 9.315e-05 2.37e-05 6e-05 5.885e-05 2.365e-05 6.01e-05 5.995e-05 9.455e-05 2.36e-05 5.94e-05 6.2e-05 5.95e-05 4.03e-05 4.68e-05 2.345e-05 9.52e-05 5.845e-05 9.695e-05 5.965e-05 3.215e-05 2.365e-05 5.91e-05 6.825e-05 2.365e-05 2.88e-05 9.575e-05 9.47e-05 9.48e-05 2.86e-05 5.99e-05 9.33e-05 5.855e-05 5.98e-05 6.465e-05 3.18e-05 5.835e-05 9.29e-05 2.88e-05 5.845e-05 5.995e-05 5.835e-05 2.44e-05 5.915e-05 2.45e-05 6.815e-05 5.865e-05 6e-05 2.355e-05 2.375e-05 5.88e-05 9.61e-05 5.99e-05 5.94e-05 2.355e-05 9.39e-05 2.87e-05 6.005e-05 9.61e-05 9.445e-05 9.435e-05 5.845e-05 9.61e-05 6.745e-05 2.87e-05 9.48e-05 6.475e-05 5.89e-05 9.475e-05 3.705e-05 5.9e-05 9.49e-05 6.74e-05 6.68e-05 2.36e-05 5.915e-05 5.975e-05 9.7e-05 3.055e-05 9.475e-05 3.2e-05 2.35e-05 2.38e-05 9.565e-05
31 6.72e-05 8.04e-05 8.57e-05 9.055e-05 3.83e-05 3.98e-05 6.735e-05 6.135e-05 5.97e-05 7.115e-05 6.95e-05 9.595e-05 8.5e-05 5.995e-05 5.725e-05 9.18e-05 6.14e-05 8.985e-05 2.37e-05 6.925e-05 5.82e-05 4.485e-05 6.14e-05 4.005e-05 9.21e-05 4.48e-05 6.83e-05 5.03e-05 6.045e-05 5.4e-05 2.345e-05 4.4e-06 9.345e-05 6.76e-05 9.4e-05 6.01e-05 4.215e-05 4.485e-05 6.985e-05 7.375e-05 4.485e-05 4.68e-05 9.435e-05 9.385e-05 8.405e-05 4.66e-05 6.915e-05 9e-05 6.73e-05 5.845e-05 7.015e-05 2.805e-05 5.985e-05 8.875e-05 4.68e-05 6.72e-05 6.125e-05 6.71e-05 3.625e-05 6.95e-05 3.63e-05 7.365e-05 6.895e-05 6.925e-05 2.355e-05 4.495e-05 6.7e-05 9.335e-05 6.915e-05 5.895e-05 4.475e-05 9.15e-05 4.67e-05 6.135e-05 8.57e-05 9.11e-05 9.195e-05 6.72e-05 9.365e-05 7.375e-05 4.67e-05 9.16e-05 7.025e-05 5.8e-05 9.155e-05 5.13e-05 4.56e-05 9.405e-05 7.37e-05 7.195e-05 4.48e-05 6.92e-05 5.835e-05 9.42e-05 4.88e-05 9.155e-05 4.945e-05 4.47e-05 4.48e-05 8.605e-05
32 5.33e-05 2.39e-05 1.855e-05 1.055e-05 8.96e-05 0.0001042 5.345e-05 6.21e-05 6.235e-05 5.385e-05 5.42e-05 1.205e-05 2.055e-05 6.115e-05 4.37e-05 9.9e-06 6.215e-05 9.4e-06 9.545e-05 5.54e-05 6e-05 9.755e-05 6.215e-05 5.985e-05 1.125e-05 9.75e-05 5.49e-05 5.33e-05 5.975e-05 9.71e-05 9.52e-05 9.345e-05 1.56e-05 5.375e-05 1.135e-05 6.02e-05 0.00010445 9.755e-05 5.255e-05 5.51e-05 9.755e-05 9.605e-05 9.15e-06 9.55e-06 1.825e-05 9.59e-05 5.53e-05 9.55e-06 5.34e-05 4.535e-05 5.11e-05 9.5e-05 6.065e-05 9.45e-06 9.605e-05 5.335e-05 6.2e-05 5.32e-05 0.00010365 5.3e-05 0.0001039 5.5e-05 5.465e-05 5.54e-05 9.53e-05 9.765e-05 5.325e-05 1.23e-05 5.53e-05 6.13e-05 9.745e-05 1.05e-05 9.595e-05 6.21e-05 1.76e-05 8.95e-06 1.005e-05 5.33e-05 1.095e-05 5.38e-05 9.595e-05 1.115e-05 5.12e-05 6.015e-05 1.11e-05 9.575e-05 5.36e-05 9.65e-06 5.375e-05 5.43e-05 9.75e-05 5.405e-05 4.535e-05 1.26e-05 9.555e-05 1.11e-05 9.735e-05 9.74e-05 9.765e-05 1.77e-05
33 5.08e-05 6.79e-05 6.14e-05 5.32e-05 5.8e-05 6.42e-05 5.08e-05 6e-05 6.105e-05 5.595e-05 5.1e-05 5.51e-05 6.11e-05 5.93e-05 6.09e-05 5.235e-05 6.02e-05 5.065e-05 5.855e-05 5.275e-05 5.88e-05 4.94e-05 6.015e-05 6.93e-05 5.14e-05 4.935e-05 5.19e-05 6.295e-05 5.9e-05 6.255e-05 5.845e-05 6.76e-05 5.375e-05 9.83e-05 5.525e-05 5.98e-05 6.35e-05 4.935e-05 5.075e-05 5.925e-05 4.94e-05 5.265e-05 5.375e-05 5.26e-05 6.01e-05 5.245e-05 5.265e-05 5.085e-05 5.09e-05 5.335e-05 5.535e-05 6.505e-05 5.795e-05 5.18e-05 5.265e-05 5.08e-05 6.005e-05 5.07e-05 5.75e-05 5.125e-05 5.76e-05 5.915e-05 5.035e-05 5.275e-05 5.855e-05 4.93e-05 5.155e-05 5.46e-05 5.265e-05 5.945e-05 4.93e-05 5.22e-05 5.255e-05 6e-05 6.2e-05 5.225e-05 5.25e-05 5.08e-05 5.465e-05 5.725e-05 5.255e-05 5.415e-05 5.545e-05 5.88e-05 5.41e-05 5.915e-05 6.22e-05 5.285e-05 5.72e-05 5.755e-05 4.925e-05 5.07e-05 5.335e-05 5.545e-05 5.35e-05 5.41e-05 5.59e-05 4.925e-05 4.96e-05 6.215e-05
34 5.47e-05 2.565e-05 1.805e-05 1.06e-05 8.85e-05 0.00010325 5.485e-05 6.28e-05 6.155e-05 5.35e-05 5.595e-05 1e-05 2.15e-05 6.19e-05 4.415e-05 1.035e-05 6.285e-05 9.55e-06 9.72e-05 5.56e-05 6.045e-05 0.00010025 6.285e-05 5.96e-05 1.085e-05 0.0001002 5.625e-05 5.14e-05 6.24e-05 9.45e-05 9.695e-05 9.4e-05 1.135e-05 5.525e-05 1.8e-05 6.3e-05 0.00010455 0.00010025 5.655e-05 5.265e-05 0.00010025 9.82e-05 1.2e-05 1.215e-05 1.775e-05 9.805e-05 5.55e-05 9.7e-06 5.48e-05 4.8e-05 5.27e-05 9.41e-05 6.205e-05 9.75e-06 9.82e-05 5.485e-05 6.27e-05 5.46e-05 0.0001057 5.68e-05 0.00010585 5.255e-05 5.615e-05 5.56e-05 9.705e-05 0.00010035 5.47e-05 1.11e-05 5.55e-05 6.17e-05 0.00010015 1.055e-05 9.81e-05 6.28e-05 1.73e-05 9.9e-06 1.05e-05 5.47e-05 1.015e-05 5.275e-05 9.81e-05 1e-05 5.28e-05 6.07e-05 9.95e-06 9.525e-05 5.445e-05 1.25e-05 5.27e-05 5.35e-05 0.0001002 5.565e-05 4.8e-05 1.08e-05 9.68e-05 9.95e-06 9.74e-05 0.0001001 0.00010035 1.95e-05
35 5.83e-05 5.96e-05 6.1e-05 5.845e-05 6.33e-05 6.23e-05 5.845e-05 6.02e-05 5.82e-05 6.08e-05 5.92e-05 6.355e-05 5.91e-05 5.79e-05 6.1e-05 5.935e-05 6.025e-05 5.99e-05 5.99e-05 5.95e-05 5.795e-05 5.81e-05 6.025e-05 6.185e-05 6.255e-05 5.805e-05 5.835e-05 6.44e-05 5.735e-05 6.925e-05 5.965e-05 6.01e-05 6.02e-05 5.98e-05 6.3e-05 0.0001109 6.355e-05 5.81e-05 5.735e-05 6.5e-05 5.81e-05 5.945e-05 5.98e-05 5.76e-05 6.185e-05 5.925e-05 5.94e-05 6.005e-05 5.84e-05 5.65e-05 6.205e-05 6.525e-05 5.8e-05 5.945e-05 5.945e-05 5.83e-05 6.01e-05 5.82e-05 5.815e-05 5.68e-05 5.82e-05 6.49e-05 5.835e-05 5.95e-05 5.975e-05 5.82e-05 5.815e-05 6.34e-05 5.94e-05 5.765e-05 5.8e-05 5.905e-05 5.935e-05 6.02e-05 6.29e-05 6.255e-05 5.95e-05 5.83e-05 6.225e-05 6.445e-05 5.935e-05 5.97e-05 6.215e-05 5.825e-05 5.965e-05 6.495e-05 6.06e-05 5.78e-05 6.44e-05 6.3e-05 5.805e-05 5.89e-05 5.64e-05 6.215e-05 6.235e-05 5.965e-05 6.37e-05 5.795e-05 5.81e-05 5.895e-05
36 6.355e-05 0.0001031 0.00010435 0.00010545 3.105e-05 2.14e-05 6.375e-05 6.24e-05 6.365e-05 6.285e-05 6.395e-05 0.00010455 0.00010245 6.455e-05 8.07e-05 0.0001058 6.235e-05 0.0001053 3.24e-05 6.305e-05 6.365e-05 2.16e-05 6.245e-05 7.295e-05 0.00010545 2.165e-05 6.365e-05 7.315e-05 6.375e-05 1.985e-05 3.215e-05 4.215e-05 0.00010445 6.35e-05 0.00010455 6.355e-05 3.89e-05 2.17e-05 6.265e-05 6.215e-05 2.17e-05 2.15e-05 0.0001046 0.00010475 0.00010415 2.135e-05 6.295e-05 0.00010545 6.36e-05 7.295e-05 6.31e-05 3.12e-05 6.31e-05 0.0001056 2.155e-05 6.36e-05 6.23e-05 6.35e-05 2.27e-05 6.27e-05 2.25e-05 6.205e-05 6.285e-05 6.3e-05 3.225e-05 2.18e-05 6.36e-05 0.00010475 6.295e-05 6.36e-05 2.16e-05 0.0001052 2.145e-05 6.24e-05 0.0001037 0.0001052 0.00010595 6.36e-05 0.0001044 6.26e-05 2.145e-05 0.00010495 6.32e-05 6.37e-05 0.0001049 2.05e-05 7.375e-05 0.00010495 6.26e-05 6.225e-05 2.165e-05 6.36e-05 7.295e-05 0.0001042 2.23e-05 0.0001049 2.065e-05 2.15e-05 2.18e-05 0.00010355
37 4.855e-05 0.0001111 0.0001058 9.715e-05 2.635e-05 2.415e-05 4.865e-05 5.83e-05 5.945e-05 5.775e-05 4.825e-05 9.96e-05 0.0001016 5.84e-05 7.945e-05 9.625e-05 5.84e-05 9.735e-05 2.385e-05 4.93e-05 5.845e-05 5e-07 5.82e-05 8.16e-05 9.865e-05 4.5e-07 4.92e-05 7.54e-05 5.81e-05 2.765e-05 2.365e-05 4.485e-05 9.755e-05 4.935e-05 0.00010025 5.81e-05 2.17e-05 5e-07 4.725e-05 6.28e-05 5e-07 9e-06 9.775e-05 9.525e-05 0.0001072 8.75e-06 4.92e-05 9.75e-05 4.865e-05 6.005e-05 5.905e-05 3.725e-05 5.57e-05 9.795e-05 9e-06 4.855e-05 5.825e-05 4.845e-05 1.12e-05 4.77e-05 1.135e-05 6.27e-05 4.63e-05 4.93e-05 2.375e-05 3.5e-07 4.945e-05 0.0001 4.92e-05 5.855e-05 4e-07 9.53e-05 8.9e-06 5.83e-05 0.0001078 9.96e-05 9.64e-05 4.855e-05 9.88e-05 6.15e-05 8.9e-06 9.735e-05 5.915e-05 5.875e-05 9.73e-05 2.25e-05 7.34e-05 9.545e-05 6.145e-05 6.13e-05 3.5e-07 4.795e-05 6.005e-05 9.945e-05 1.185e-05 9.73e-05 1.405e-05 3.5e-07 8e-07 0.0001057
38 5.025e-05 6.625e-05 6.24e-05 5.36e-05 5.82e-05 6.45e-05 5.04e-05 6e-05 6.09e-05 5.515e-05 5e-05 5.595e-05 6.065e-05 5.94e-05 6.29e-05 5.295e-05 6.005e-05 5.365e-05 5.935e-05 5.15e-05 5.935e-05 4.725e-05 6.005e-05 7.195e-05 5.51e-05 4.72e-05 5.07e-05 6.545e-05 5.765e-05 6.31e-05 5.91e-05 6.985e-05 5.255e-05 5.075e-05 5.655e-05 5.735e-05 6.265e-05 4.725e-05 9.4e-05 5.935e-05 4.725e-05 5.095e-05 5.265e-05 5.02e-05 6.345e-05 5.075e-05 5.14e-05 5.38e-05 5.035e-05 5.08e-05 5.625e-05 6.705e-05 5.74e-05 5.46e-05 5.095e-05 5.025e-05 5.99e-05 5.015e-05 5.665e-05 4.77e-05 5.68e-05 5.925e-05 4.915e-05 5.15e-05 5.92e-05 4.735e-05 5.095e-05 5.68e-05 5.14e-05 5.935e-05 4.715e-05 5.265e-05 5.085e-05 6e-05 6.43e-05 5.62e-05 5.31e-05 5.025e-05 5.585e-05 5.76e-05 5.085e-05 5.45e-05 5.635e-05 5.965e-05 5.445e-05 5.88e-05 6.395e-05 5.045e-05 5.755e-05 5.77e-05 4.72e-05 4.97e-05 5.08e-05 5.61e-05 5.285e-05 5.445e-05 5.52e-05 4.71e-05 4.76e-05 6.06e-05
39 5.865e-05 6.695e-05 6.03e-05 5.425e-05 5.565e-05 6.1e-05 5.88e-05 6.42e-05 6.105e-05 5.065e-05 5.925e-05 5.285e-05 6.235e-05 6.47e-05 6.36e-05 5.505e-05 6.425e-05 5.5e-05 6.85e-05 5.56e-05 6.41e-05 6.28e-05 6.425e-05 6.975e-05 5.485e-05 6.275e-05 5.85e-05 6.23e-05 6.53e-05 4.88e-05 6.825e-05 7.375e-05 5.51e-05 5.925e-05 5.265e-05 6.5e-05 6.215e-05 6.28e-05 5.935e-05 9.67e-05 6.28e-05 5.79e-05 5.585e-05 5.55e-05 6.06e-05 5.775e-05 5.55e-05 5.515e-05 5.875e-05 5.94e-05 5.34e-05 6.135e-05 6.525e-05 5.48e-05 5.79e-05 5.865e-05 6.41e-05 5.855e-05 6.855e-05 5.93e-05 6.86e-05 4.835e-05 5.92e-05 5.56e-05 6.835e-05 6.29e-05 5.815e-05 5.33e-05 5.55e-05 6.38e-05 6.27e-05 5.48e-05 5.78e-05 6.42e-05 6.015e-05 5.49e-05 5.52e-05 5.865e-05 5.16e-05 5.195e-05 5.78e-05 5.145e-05 5.35e-05 6.415e-05 5.14e-05 5.09e-05 6.585e-05 5.575e-05 5.19e-05 5.22e-05 6.275e-05 5.89e-05 5.94e-05 5.315e-05 5.77e-05 5.14e-05 5.59e-05 6.265e-05 6.275e-05 6.085e-05
