 slim_337505876 slim_337506146 slim_337506120 slim_337506074 slim_337506076 slim_337506137 slim_337506125 slim_337505997 slim_337506183 slim_337506171 slim_337506124 slim_337505972 slim_337505723 slim_337505891 slim_337506162 slim_337506108 slim_337506138 slim_337506091 slim_337506080 slim_337506112 slim_337506172 slim_337506158 slim_337506206 slim_337506134 slim_337506207 slim_337506197 slim_337505964 slim_337506073 slim_337506105 slim_337506191 slim_337506176 slim_337506071 slim_337506203 slim_337505913 slim_337506038 slim_337506130 slim_337506200 slim_337506175 slim_337506154 slim_337506129 slim_337506023 slim_337506147 slim_337506150 slim_337506094 slim_337506107 slim_337506061 slim_337506190 slim_337506153 slim_337505895 slim_337506128 slim_337505939 slim_337506166 slim_337506160 slim_337505927 slim_337506136 slim_337506133 slim_337506181 slim_337506021 slim_337506210 slim_337506127 slim_337506099 slim_337506148 slim_337506058 slim_337506192 slim_337506131 slim_337506053 slim_337506173 slim_337505974 slim_337506182 slim_337506163 slim_337506187 slim_337506115 slim_337506196 slim_337506204 slim_337506090 slim_337505888 slim_337506011 slim_337506101 slim_337506097 slim_337506093 slim_337506174 slim_337506140 slim_337505665 slim_337506050 slim_337506135 slim_337506208 slim_337505975 slim_337506194 slim_337506014 slim_337506209 slim_337505985 slim_337506028 slim_337506110 slim_337506085 slim_337506016 slim_337506121 slim_337506109 slim_337506104 slim_337506156 slim_337506083
0 0.0002752 0.0003005 0.00026375 0.00027465 0.00027405 0.0003289 0.0003415 0.0002834 0.00044565 0.00016095 0.00025205 0.00052305 0.00044065 0.00047325 0.00044065 0.0003189 0.00019005 0.00036485 0.00052805 0.00065015 0.00031955 0.00024135 0.0003123 0.00024115 0.0003151 0.0003415 0.00024185 0.0002947 0.000418 0.00038605 0.00038115 0.0002786 0.0004268 0.0004975 0.0004974 0.0004064 0.0003549 0.0001825 0.00036275 0.00034395 0.00024345 0.00044175 0.0002727 0.00043545 0.00037585 0.0003749 0.0002741 0.00028535 0.0002732 0.00046805 0.0005282 0.0002657 0.0003946 0.0004014 0.00037845 0.00027255 0.00024755 0.0003684 0.0002725 0.0003811 0.000468 0.00029465 0.0004184 0.0004224 0.00027265 0.00030685 0.00052045 0.0005032 0.00030695 0.00039905 0.0003949 0.0004353 0.00038045 0.0003446 0.00029665 0.0002422 0.00026945 0.00024125 0.0002412 0.00029085 0.00033685 0.00022535 0.00033065 0.0002652 0.00043395 0.00044605 0.0005559 0.00048745 0.000453 0.0001614 0.0002845 0.00024765 0.0005624 0.00043305 0.0004199 0.00013905 0.00013915 0.00038565 0.00038835 0.00056255
1 0.0003005 0.0004842 0.0003228 0.0003185 0.000318 0.00033855 0.00028375 0.0003222 0.0004099 0.0002618 0.0002994 0.000417 0.0003971 0.0003247 0.00039725 0.0002653 0.00025205 0.0003557 0.00047785 0.00055805 0.0002646 0.00036125 0.00031985 0.00030535 0.0003213 0.00028375 0.0003037 0.0003393 0.0003897 0.0003768 0.00038045 0.0003945 0.0003189 0.0004616 0.0004615 0.00039795 0.0003601 0.00034335 0.00037225 0.000366 0.00030435 0.0004545 0.0003201 0.0003362 0.0003817 0.00038095 0.00031805 0.0004047 0.00043495 0.00042875 0.000478 0.0003195 0.00040055 0.0003046 0.00032055 0.0003201 0.00028105 0.0003805 0.0003203 0.0003804 0.0004287 0.0003394 0.00030425 0.0003259 0.0003202 0.0003193 0.00046945 0.0004606 0.0003194 0.00039685 0.00040055 0.0003775 0.0003561 0.0003649 0.0003204 0.00030405 0.0003218 0.00030465 0.0003612 0.0004035 0.00034025 0.0002622 0.0003193 0.000305 0.00032 0.00034135 0.00040005 0.00034155 0.0003422 0.000262 0.0004056 0.00030275 0.00047705 0.00032135 0.0003757 0.0002425 0.0002428 0.00037655 0.0003793 0.00047725
2 0.00026375 0.0003228 0.0002679 0.00029335 0.00029275 0.0002462 0.00025385 0.0003973 0.0003288 0.0001797 0.00033875 0.0004618 0.00041525 0.0003893 0.0004155 0.00029985 0.0002205 0.00044785 0.0004567 0.0004413 0.0002992 0.0002179 0.00035345 0.00022115 0.00029475 0.00025385 0.0001794 0.0003031 0.00024195 0.000462 0.0004563 0.0003592 0.0003868 0.00028775 0.00028765 0.0004723 0.0002927 0.0003263 0.00024665 0.0001752 0.00017735 0.0004835 0.0003484 0.0004204 0.00030335 0.0003025 0.0002928 0.000281 0.00045505 0.00040665 0.00045685 0.0002895 0.00033345 0.0004446 0.0002541 0.0003485 0.00019935 0.0002438 0.00034875 0.00045625 0.0004066 0.0003033 0.0004358 0.00025385 0.0003486 0.0002915 0.00046165 0.00044085 0.0002916 0.00041275 0.00033335 0.00051465 0.00030245 0.0001341 0.0003729 0.00017975 0.00028705 0.00022065 0.000218 0.0004339 0.0002492 0.0002446 0.0003156 0.0002448 0.0004464 0.00036345 0.00043085 0.000366 0.00042285 0.0001802 0.0003219 0.00033255 0.00039975 0.00041295 0.0004048 0.0002252 0.0002252 0.00046185 0.00046115 0.0003999
3 0.00027465 0.0003185 0.00029335 0.0003208 0.0001699 0.00029375 0.0002631 0.00030385 0.00043415 0.000161 0.00017065 0.0003989 0.0003164 0.00045645 0.000348 0.0002639 0.00026005 0.00023065 0.00038855 0.00050865 0.0002631 0.0004069 0.00027775 0.0002422 0.00020195 0.00026305 0.0002934 0.00018315 0.00043105 0.0001928 0.00028695 0.00027335 0.00035695 0.00046755 0.00046745 0.00023735 0.00030275 0.00031715 0.00032865 0.00037425 0.0002942 0.0003831 0.0001831 0.0003581 0.00031635 0.0003153 0.00016995 0.0004501 0.00036325 0.00033685 0.0003887 0.00019975 0.0003351 0.00027035 0.00034465 0.00021455 0.00019215 0.0003322 0.000215 0.00028695 0.0003368 0.0002147 0.0003326 0.000396 0.00021465 0.00029365 0.00038495 0.000407 0.00029375 0.0002533 0.0003349 0.00040775 0.0003709 0.0004262 0.00022375 0.00029375 0.0002328 0.00024165 0.00040685 0.00038935 0.00020165 0.0001923 0.0003025 0.0002505 0.00037235 0.00030185 0.0004923 0.00039625 0.0003171 0.0001612 0.00039795 0.0002329 0.0004677 0.00026285 0.000303 0.0001612 0.00016115 0.00022395 0.00023295 0.00046785
4 0.00027405 0.000318 0.00029275 0.0001699 0.0003196 0.00028405 0.0002625 0.0003033 0.0004434 0.0001603 0.00016075 0.000399 0.00031655 0.00044685 0.00034815 0.0002634 0.0002594 0.0002117 0.0004077 0.00052775 0.00026255 0.0004063 0.000287 0.00024165 0.0002112 0.00026245 0.00029275 0.00019225 0.00042135 0.0001927 0.00028715 0.00026985 0.0003473 0.0004768 0.0004767 0.0002564 0.0002928 0.00031655 0.00031895 0.00037365 0.0002935 0.0003642 0.00019225 0.00033925 0.0003256 0.0003246 0.00016 0.0004495 0.00035345 0.0003269 0.00040785 0.00018995 0.0003444 0.0002605 0.00034405 0.0002238 0.00019155 0.00032245 0.0002243 0.0002871 0.00032685 0.0002239 0.00032275 0.0003955 0.0002239 0.0002839 0.00040405 0.00040715 0.000284 0.00025345 0.0003441 0.00039805 0.0003802 0.0004256 0.00023305 0.0002931 0.0002231 0.000241 0.00040625 0.00037965 0.00021105 0.0001918 0.00029285 0.00024995 0.00038175 0.0002922 0.00050165 0.00038665 0.00032645 0.0001604 0.00039735 0.0002232 0.00046785 0.00027235 0.00028395 0.00016055 0.0001605 0.0002239 0.00023295 0.000468
5 0.0003289 0.00033855 0.0002462 0.00029375 0.00028405 0.0004055 0.00027615 0.0004175 0.0003821 0.00024875 0.00033025 0.00044075 0.0003154 0.0002985 0.0003154 0.0003223 0.00029865 0.00035445 0.0004443 0.0004611 0.00032185 0.00032635 0.00036125 0.00029265 0.00029755 0.00027615 0.000292 0.0003153 0.00025595 0.0003967 0.00036315 0.00033065 0.00029525 0.0003755 0.0003754 0.0004278 0.00032745 0.0003951 0.0002383 0.0002898 0.00028945 0.00036265 0.00036095 0.0003118 0.000359 0.00035815 0.0002841 0.0003929 0.00044245 0.00039575 0.00044445 0.00025165 0.00037795 0.00039905 0.0003143 0.00036095 0.000235 0.000249 0.0003611 0.0003631 0.0003957 0.0003154 0.0003793 0.0003196 0.00036105 0.00024875 0.00043575 0.0003799 0.00024895 0.0003179 0.000378 0.00045245 0.00033225 0.00028965 0.0003699 0.00029235 0.0002506 0.0002923 0.0003263 0.0003971 0.00025165 0.0002806 0.0002574 0.000301 0.0004051 0.0002788 0.00042175 0.0002761 0.00038845 0.0002493 0.00039285 0.00029645 0.00033225 0.00036685 0.0002839 0.0002946 0.0002946 0.00039645 0.0003991 0.00033215
6 0.0003415 0.00028375 0.00025385 0.0002631 0.0002625 0.00027615 0.0003203 0.0003057 0.00045375 0.00020625 0.000309 0.0004131 0.00039655 0.00035885 0.00042815 0.00020675 0.0003094 0.00040325 0.0005022 0.0005406 0.0002062 0.00038895 0.00038415 0.000247 0.00026295 0.0001603 0.00029975 0.0002806 0.0003748 0.00038325 0.0004496 0.00034255 0.0002985 0.00044415 0.00044405 0.00043265 0.0003562 0.0004047 0.00030835 0.00029415 0.00029725 0.0004573 0.0003265 0.00033885 0.0003746 0.0003738 0.00026255 0.00045255 0.00047635 0.00042485 0.00050235 0.0002675 0.0003966 0.0003167 0.00023955 0.00035795 0.00016065 0.00031485 0.00035815 0.00044955 0.0004248 0.00031215 0.0003453 0.000254 0.00035805 0.0003219 0.0004981 0.00048795 0.000322 0.000373 0.0003966 0.00041895 0.0004037 0.00034745 0.0003584 0.0003001 0.00029765 0.00024665 0.0003889 0.00049615 0.0002169 0.00020655 0.00032205 0.0002468 0.00038955 0.0002213 0.0004278 0.00027625 0.0003121 0.00020685 0.00039905 0.0003436 0.0004662 0.00026305 0.00037835 0.0002524 0.00025235 0.00041445 0.0004236 0.00046635
7 0.0002834 0.0003222 0.0003973 0.00030385 0.0003033 0.0004175 0.0003057 0.0004524 0.00055145 0.0002475 0.00028475 0.0004697 0.0004738 0.0004969 0.00050525 0.00028735 0.00032685 0.0003785 0.00055955 0.00067775 0.00028685 0.00043295 0.0003978 0.0003059 0.00034335 0.0003057 0.0003785 0.0003226 0.0005528 0.00035985 0.00042615 0.00029925 0.000398 0.00060315 0.00060305 0.0004103 0.0004343 0.00030505 0.000451 0.0004554 0.0003787 0.00045335 0.0003037 0.0004152 0.00045395 0.00045335 0.00030335 0.0004548 0.00033765 0.00048115 0.0005597 0.00030495 0.00045325 0.0003285 0.00038575 0.00033505 0.00026635 0.0004547 0.00033505 0.0004261 0.0004811 0.00035405 0.0003827 0.00043675 0.00033515 0.00039855 0.0005559 0.0005443 0.00039865 0.0004112 0.0004535 0.00037675 0.0005093 0.0005283 0.0003353 0.00037885 0.00033845 0.00030565 0.0004329 0.00039575 0.000362 0.00024775 0.0003985 0.00030575 0.0004284 0.000363 0.00054645 0.00045685 0.0003932 0.00024755 0.0003817 0.0003199 0.0006231 0.00034305 0.00045435 0.0002287 0.0002288 0.0003909 0.00040025 0.00062325
8 0.00044565 0.0004099 0.0003288 0.00043415 0.0004434 0.0003821 0.00045375 0.00055145 0.0004553 0.0004322 0.0004478 0.0003969 0.00038735 0.0003542 0.00035625 0.00045855 0.00033225 0.0004276 0.0003018 0.00022765 0.0004581 0.0003419 0.000353 0.00040245 0.0003983 0.0004538 0.0003332 0.0004333 0.0002687 0.0004489 0.0004149 0.00052425 0.00044635 0.0002288 0.00022875 0.0004074 0.00034425 0.00045345 0.0003814 0.00029875 0.00032905 0.00045405 0.0004376 0.00045115 0.0003344 0.0003339 0.00044345 0.0003499 0.00051285 0.0003435 0.0003018 0.0004737 0.0003319 0.00046055 0.0004057 0.0004063 0.00045975 0.00037 0.00040615 0.00041485 0.00034345 0.0004021 0.0004155 0.00035465 0.0004064 0.00038635 0.00031565 0.0003408 0.00038645 0.00044305 0.00033255 0.0004774 0.0002447 0.00022955 0.0004157 0.00033355 0.0004408 0.00040245 0.00034175 0.0004617 0.00039375 0.00046425 0.00039545 0.0004117 0.00037935 0.00049485 0.0003052 0.0004079 0.00042765 0.0004326 0.0004189 0.0004454 0.0002819 0.0004598 0.0003974 0.0004366 0.0004367 0.0004174 0.0004071 0.0002819
9 0.00016095 0.0002618 0.0001797 0.000161 0.0001603 0.00024875 0.00020625 0.0002475 0.0004322 9.36e-05 0.000161 0.00046175 0.00038325 0.00046825 0.00041485 0.0002071 0.0001464 0.0003115 0.0004987 0.00061875 0.0002065 0.0002932 0.0002762 0.00012855 0.000202 0.0002062 0.0001799 0.0001813 0.000386 0.00029515 0.00035385 0.00022555 0.00036875 0.00046575 0.00046565 0.00034745 0.0002932 0.00020375 0.0002836 0.0002607 0.00018045 0.00044175 0.0001815 0.0003777 0.00031455 0.00031355 0.00016035 0.0003365 0.00035325 0.0004066 0.00049885 0.0001549 0.0003332 0.0003108 0.0002879 0.000213 0.000112 0.00028715 0.0002128 0.0003538 0.00040655 0.0002129 0.0003799 0.0003392 0.0002131 0.0002488 0.00049505 0.00047385 0.0002489 0.0003202 0.0003333 0.0004546 0.0003692 0.0003125 0.0002374 0.00018025 0.0001878 0.00012825 0.00029315 0.0003444 0.00020165 0.0001122 0.0002729 0.0001524 0.00042745 0.0003137 0.00054735 0.0004081 0.0003722 4.775e-05 0.0002845 0.00018805 0.00053455 0.0003202 0.0003621 4.725e-05 4.72e-05 0.00032635 0.00033535 0.0005347
10 0.00025205 0.0002994 0.00033875 0.00017065 0.00016075 0.00033025 0.000309 0.00028475 0.0004478 0.000161 0.0002287 0.0003986 0.00031645 0.0004735 0.00034805 0.00026355 0.00021885 0.0001662 0.00040725 0.0005724 0.0002628 0.0004295 0.0002416 0.00024095 0.00021145 0.00030895 0.0002926 0.0001931 0.00046635 0.0001472 0.0002416 0.0002677 0.0003716 0.0005216 0.0005215 0.00021085 0.00029255 0.0002716 0.0003641 0.000419 0.00029595 0.0003644 0.00014685 0.0003392 0.0003253 0.0003245 0.0001609 0.0004495 0.0003317 0.00032655 0.0004074 0.00018745 0.0003436 0.00021495 0.00038935 0.0001784 0.0002384 0.00036525 0.0001786 0.00024155 0.0003265 0.00022475 0.000304 0.00044085 0.0001785 0.00028395 0.0004036 0.0004067 0.00028405 0.000251 0.0003438 0.00037955 0.00038065 0.00047055 0.00018745 0.00029295 0.00022385 0.00024115 0.00042945 0.0003344 0.00025745 0.0001927 0.0002927 0.00025 0.00036295 0.0003354 0.00052795 0.0004322 0.00032655 0.0001608 0.00039775 0.00017795 0.00051285 0.00027245 0.0002839 0.0001149 0.00011495 0.0001784 0.00018765 0.000513
11 0.00052305 0.000417 0.0004618 0.0003989 0.000399 0.00044075 0.0004131 0.0004697 0.0003969 0.00046175 0.0003986 0.0006646 0.00037725 0.00039585 0.0003775 0.0004129 0.00046085 0.00034635 0.00033395 0.00033245 0.0004121 0.00052285 0.00040295 0.00046875 0.00039905 0.0004131 0.00046085 0.0003989 0.00043525 0.00033575 0.00037285 0.0004962 0.00039095 0.00039695 0.00039685 0.0003356 0.0003984 0.00052885 0.0004404 0.00046845 0.00046095 0.0004351 0.00039785 0.00037565 0.00039865 0.000398 0.00039905 0.00052915 0.00051765 0.0003535 0.0003341 0.0004351 0.0003968 0.00034985 0.00041235 0.000398 0.00042965 0.00043525 0.0003983 0.0003728 0.00035345 0.00039915 0.0003541 0.00041255 0.0003981 0.00043965 0.0003391 0.0003713 0.00043975 0.00037235 0.00039675 0.00041215 0.0003984 0.00046115 0.0003903 0.0004612 0.00043615 0.00046825 0.00052275 0.0005033 0.00039985 0.0004291 0.00043165 0.00046035 0.0003543 0.00038645 0.00035265 0.0003914 0.0003496 0.00046165 0.00053625 0.00043545 0.00037565 0.0003494 0.0003772 0.00046085 0.0004609 0.0003356 0.0003351 0.0003758
12 0.00044065 0.0003971 0.00041525 0.0003164 0.00031655 0.0003154 0.00039655 0.0004738 0.00038735 0.00038325 0.00031645 0.00037725 0.0004936 0.0003347 0.00024765 0.0003966 0.000392 0.0002523 0.0003106 0.00037355 0.0003962 0.00047245 0.00031585 0.0004199 0.00031655 0.0003966 0.00041495 0.00031555 0.00035645 0.0002482 0.00024775 0.0003958 0.0003293 0.00041035 0.00041025 0.00024775 0.0003482 0.0004772 0.00033855 0.0004516 0.0004152 0.000325 0.00031515 0.0003141 0.000347 0.00034765 0.0003166 0.00050915 0.00045025 0.000334 0.00031075 0.0003157 0.00037825 0.0003355 0.00042305 0.00031535 0.0003824 0.0003475 0.0003153 0.0002477 0.00033395 0.00031585 0.0003356 0.00042825 0.00031545 0.0003151 0.00030205 0.00031065 0.0003153 0.00024785 0.00037855 0.00040695 0.00033285 0.0004469 0.00030935 0.0004153 0.00031555 0.0004197 0.0004724 0.00040925 0.0003167 0.0003822 0.0003088 0.00041355 0.00032935 0.0003287 0.00039215 0.00032835 0.00032855 0.00038355 0.00051365 0.00031545 0.0003105 0.0003292 0.0002482 0.00038295 0.00038305 0.00024865 0.00025205 0.0003104
13 0.00047325 0.0003247 0.0003893 0.00045645 0.00044685 0.0002985 0.00035885 0.0004969 0.0003542 0.00046825 0.0004735 0.00039585 0.0003347 0.0003085 0.0003034 0.00038565 0.00040405 0.00040385 0.00042305 0.0003949 0.00038525 0.0003941 0.00041035 0.0004744 0.00042215 0.0003589 0.00041575 0.00047815 0.0002543 0.0004833 0.0003945 0.00050435 0.0002507 0.00036595 0.00036585 0.000483 0.0003943 0.0005398 0.00033205 0.00039515 0.00041295 0.00038085 0.0005045 0.000276 0.00042585 0.00042535 0.0004469 0.0004608 0.00052885 0.00041775 0.0004232 0.00042125 0.0004448 0.00039255 0.0003521 0.000473 0.00040905 0.0003421 0.00047295 0.00039445 0.0004177 0.00044675 0.00030295 0.00030635 0.0004731 0.0003248 0.0004155 0.0003663 0.0003249 0.0003993 0.0004451 0.00038055 0.0003137 0.00033675 0.00045785 0.0004161 0.00038965 0.0004742 0.00039405 0.00046095 0.00039555 0.0004356 0.00030935 0.0004589 0.00030285 0.00031155 0.00027455 0.0002155 0.0003635 0.00046855 0.000519 0.0004163 0.00027465 0.0003733 0.00030335 0.0004947 0.0004948 0.0004516 0.0004481 0.00027505
14 0.00044065 0.00039725 0.0004155 0.000348 0.00034815 0.0003154 0.00042815 0.00050525 0.00035625 0.00041485 0.00034805 0.0003775 0.00024765 0.0003034 0.000431 0.0004282 0.00039225 0.00025255 0.00027905 0.00034245 0.0004278 0.0004411 0.0003159 0.0004515 0.00034815 0.0004282 0.0004152 0.0003474 0.00032535 0.0002805 0.00021575 0.00042725 0.00032945 0.00037925 0.00037915 0.0002476 0.00034845 0.0004772 0.00033895 0.00045185 0.00041545 0.000325 0.000347 0.00031425 0.00034795 0.0003479 0.0003482 0.0004778 0.0004501 0.00033425 0.0002792 0.0003473 0.0003785 0.0003671 0.0004233 0.00031515 0.000414 0.00034775 0.0003151 0.0002155 0.0003342 0.00031565 0.00033575 0.0004285 0.00031525 0.00031525 0.0002702 0.0002791 0.00031545 0.00024765 0.0003788 0.00040695 0.00030175 0.0004158 0.00030895 0.00041555 0.00031535 0.0004513 0.00044105 0.00037745 0.0003483 0.0004138 0.00030895 0.00044515 0.0002977 0.0003603 0.00036095 0.00032835 0.00032815 0.00041515 0.00051365 0.00031525 0.0002793 0.0003608 0.0002482 0.00041455 0.00041465 0.00024845 0.0002523 0.0002792
15 0.0003189 0.0002653 0.00029985 0.0002639 0.0002634 0.0003223 0.00020675 0.00028735 0.00045855 0.0002071 0.00026355 0.0004129 0.0003966 0.00038565 0.0004282 0.0004121 0.00026935 0.00035805 0.0005019 0.0005854 0.00020675 0.00041235 0.000339 0.0002471 0.00026345 0.00020675 0.0002999 0.0002814 0.00042 0.00033795 0.0004042 0.0003406 0.000323 0.00048915 0.00048905 0.00038725 0.0003562 0.0003599 0.0003537 0.0003397 0.0003002 0.00045765 0.00028135 0.000339 0.0003745 0.0003736 0.00026345 0.00045275 0.00045475 0.0004247 0.00050205 0.0002653 0.0003963 0.00027135 0.0002851 0.0003128 0.0002071 0.0003579 0.0003128 0.00040415 0.00042465 0.00031295 0.00032675 0.0002996 0.0003129 0.0003222 0.0004978 0.00048765 0.0003223 0.00037075 0.00039655 0.0004006 0.00040425 0.00039265 0.00031305 0.00030025 0.00029835 0.00024705 0.0004123 0.00045105 0.00026325 0.0002069 0.00032215 0.0002471 0.0003709 0.00026445 0.00045425 0.00032195 0.0003124 0.0002076 0.0003996 0.0002985 0.00051135 0.0002634 0.0003785 0.0002072 0.00020725 0.00036915 0.0003782 0.0005115
16 0.00019005 0.00025205 0.0002205 0.00026005 0.0002594 0.00029865 0.0003094 0.00032685 0.00033225 0.0001464 0.00021885 0.00046085 0.000392 0.00040405 0.00039225 0.00026935 0.0002101 0.0003281 0.00046655 0.0005592 0.00026825 0.00026365 0.0002445 0.00019045 0.0002639 0.0003094 0.00017945 0.0002805 0.0003271 0.000353 0.0003491 0.0003234 0.00039915 0.0004066 0.00040655 0.00037405 0.00029275 0.00021095 0.00033225 0.00026425 0.00017935 0.0004501 0.00023935 0.00038635 0.0003142 0.00031355 0.00025945 0.00028525 0.0003816 0.0004057 0.0004667 0.00025305 0.00033225 0.0003249 0.0003426 0.00023955 0.0002522 0.0003271 0.0002398 0.00034905 0.00040565 0.00028075 0.0003648 0.0003428 0.00023965 0.0002575 0.0004717 0.00044165 0.0002576 0.0003871 0.00033245 0.0004443 0.00028 0.0002538 0.0002639 0.00017985 0.00025555 0.0001901 0.00026355 0.0003201 0.00030475 0.0002116 0.00028155 0.0002142 0.0003862 0.0004159 0.0004787 0.00042085 0.00040275 0.00014645 0.0002955 0.0002148 0.00048455 0.0003821 0.00037075 0.0001055 0.0001055 0.00035285 0.00035235 0.0004847
17 0.00036485 0.0003557 0.00044785 0.00023065 0.0002117 0.00035445 0.00040325 0.0003785 0.0004276 0.0003115 0.0001662 0.00034635 0.0002523 0.00040385 0.00025255 0.00035805 0.0003281 0.0001318 0.00030825 0.00046355 0.00035695 0.0005009 0.0002655 0.0003919 0.0002718 0.00040325 0.0004016 0.0002551 0.0004461 0.0001098 0.00015265 0.0003388 0.00033995 0.00050115 0.00050105 0.00015315 0.00030235 0.00038375 0.0003883 0.00052795 0.0004054 0.00028935 0.00020875 0.00029045 0.00034605 0.0003453 0.00021185 0.00052065 0.000345 0.0002702 0.0003084 0.00024965 0.00036465 0.0002167 0.0004425 0.00020885 0.000356 0.0003863 0.0002094 0.0001526 0.00027015 0.0002553 0.0002611 0.00049395 0.00020895 0.00030805 0.0003079 0.0003079 0.00030815 0.0001935 0.0003644 0.0003367 0.0003602 0.00053845 0.0002026 0.00040195 0.0002546 0.00039125 0.0005008 0.0003272 0.0003179 0.00031035 0.0003015 0.00038475 0.00029965 0.0003416 0.0004548 0.00040045 0.0003011 0.0003111 0.00050995 0.00020855 0.0004075 0.0002765 0.0002088 0.00026535 0.00026535 0.00010965 0.000109 0.00040765
18 0.00052805 0.00047785 0.0004567 0.00038855 0.0004077 0.0004443 0.0005022 0.00055955 0.0003018 0.0004987 0.00040725 0.00033395 0.0003106 0.00042305 0.00027905 0.0005019 0.00046655 0.00030825 0.0003366 0.00016845 0.0005015 0.00048585 0.0003386 0.0004992 0.00038625 0.00050225 0.00045605 0.0003658 0.0003968 0.00027425 0.0002719 0.0005227 0.00044985 0.00029135 0.00029125 0.0002005 0.000365 0.00052775 0.00043305 0.00045685 0.00045585 0.0004078 0.00036505 0.00044435 0.00032335 0.0003232 0.00040775 0.0004857 0.0004919 0.0002823 0.0001685 0.0004706 0.00033325 0.0004138 0.00045955 0.0003332 0.00049815 0.0004284 0.00033315 0.00027195 0.00028225 0.00033405 0.00038645 0.00045955 0.0003333 0.0004435 0.0001735 0.00027195 0.0004436 0.0003055 0.00033355 0.00044195 0.00030285 0.00041395 0.0003279 0.0004564 0.0004373 0.000499 0.00048575 0.0004661 0.00038675 0.0004976 0.0004378 0.00049345 0.00031285 0.0004738 0.0003128 0.0004471 0.0003367 0.000499 0.0005284 0.00043685 0.0002787 0.0003912 0.00035245 0.00049805 0.00049815 0.0002422 0.00024265 0.00027885
19 0.00065015 0.00055805 0.0004413 0.00050865 0.00052775 0.0004611 0.0005406 0.00067775 0.00022765 0.00061875 0.0005724 0.00033245 0.00037355 0.0003949 0.00034245 0.0005854 0.0005592 0.00046355 0.00016845 3e-07 0.000585 0.0004725 0.00044665 0.00055225 0.0004698 0.00054065 0.00048575 0.0004869 0.0003138 0.00044045 0.0004396 0.0006247 0.00048705 0.0001544 0.0001543 0.0003682 0.0003947 0.00064275 0.0004265 0.0003744 0.000482 0.00044955 0.00053125 0.00050625 0.0003541 0.0003536 0.0005278 0.00046525 0.00059385 0.0002808 0.00016845 0.00059275 0.00033175 0.00053535 0.00045865 0.00049995 0.0005731 0.0004151 0.0004999 0.00043955 0.00028075 0.0004557 0.00046155 0.0004076 0.00050005 0.0005054 0.0001823 0.0002714 0.0005055 0.00042925 0.00033205 0.000502 0.0002983 0.00030815 0.00049455 0.0004861 0.0005583 0.00055205 0.00047235 0.00058205 0.0004252 0.00061765 0.0004997 0.0005465 0.00039465 0.0005143 0.00022635 0.00042735 0.0004217 0.00061905 0.0005313 0.00060295 0.00017395 0.00047475 0.00041435 0.0006632 0.0006633 0.00040895 0.00039865 0.00017395
20 0.00031955 0.0002646 0.0002992 0.0002631 0.00026255 0.00032185 0.0002062 0.00028685 0.0004581 0.0002065 0.0002628 0.0004121 0.0003962 0.00038525 0.0004278 0.00020675 0.00026825 0.00035695 0.0005015 0.000585 0.0004111 0.0004119 0.00033805 0.0002467 0.00026245 0.00020625 0.0002987 0.0002809 0.0004194 0.00033715 0.0004038 0.0003401 0.0003225 0.00048855 0.00048845 0.0003868 0.0003552 0.0003591 0.0003531 0.00033905 0.0002995 0.00045725 0.0002803 0.0003382 0.0003739 0.0003733 0.0002626 0.00045215 0.0004545 0.00042385 0.00050165 0.00026445 0.0003958 0.00027045 0.00028435 0.00031185 0.00020695 0.0003572 0.00031225 0.00040375 0.0004238 0.0003125 0.00032595 0.0002989 0.00031195 0.00032125 0.0004974 0.00048725 0.00032135 0.00037025 0.0003956 0.0004002 0.00040365 0.00039185 0.0003123 0.0002991 0.0002979 0.00024615 0.00041185 0.00045065 0.00026275 0.00020695 0.0003214 0.0002463 0.0003705 0.00026415 0.00045385 0.0003215 0.0003119 0.00020645 0.00039915 0.0002977 0.00051095 0.0002626 0.0003777 0.0002062 0.00020615 0.00036835 0.00037775 0.0005111
21 0.00024135 0.00036125 0.0002179 0.0004069 0.0004063 0.00032635 0.00038895 0.00043295 0.0003419 0.0002932 0.0004295 0.00052285 0.00047245 0.0003941 0.0004411 0.00041235 0.00026365 0.0005009 0.00048585 0.0004725 0.0004119 0.0003313 0.0003892 0.0003335 0.0004075 0.000389 0.0002409 0.00041635 0.00027365 0.00055265 0.0004834 0.000412 0.0004446 0.0003192 0.0003191 0.00053105 0.00035405 0.0003048 0.0003255 0.00025815 0.0002399 0.0004833 0.00043925 0.0004779 0.00036435 0.00036385 0.00040635 0.00022955 0.0003749 0.0004678 0.000486 0.0004 0.00039445 0.00053495 0.0003443 0.0004077 0.0003351 0.0003247 0.00040775 0.00048335 0.00046775 0.0003849 0.00047405 0.00033675 0.0004078 0.0003492 0.00048685 0.00047 0.0003493 0.00049135 0.0003946 0.00049515 0.0003135 0.0001658 0.0004319 0.00024125 0.0003687 0.0003333 0.000166 0.00038015 0.00038435 0.0003582 0.0003731 0.00035735 0.0004527 0.00049555 0.0004392 0.00044515 0.00050345 0.0002934 0.0003217 0.0003919 0.0004274 0.00052555 0.00046235 0.0003162 0.0003163 0.0005209 0.0005142 0.00042755
22 0.0003123 0.00031985 0.00035345 0.00027775 0.000287 0.00036125 0.00038415 0.0003978 0.000353 0.0002762 0.0002416 0.00040295 0.00031585 0.00041035 0.0003159 0.000339 0.0002445 0.0002655 0.0003386 0.00044665 0.00033805 0.0003892 0.0004594 0.0003135 0.0002779 0.00038415 0.0003074 0.0002765 0.00040185 0.00024185 0.0002703 0.0003847 0.0004025 0.00041595 0.00041585 0.0002311 0.00031855 0.0003251 0.0003844 0.0003904 0.0003112 0.0004038 0.00023035 0.00037995 0.0003084 0.0003079 0.00028705 0.00040265 0.00040005 0.00034955 0.00033875 0.00031325 0.00033865 0.0003024 0.00041035 0.0002302 0.0003539 0.00039055 0.00023055 0.00027035 0.0003495 0.00027645 0.00033615 0.00041575 0.0002303 0.00031505 0.0003303 0.0003783 0.00031515 0.0003133 0.0003385 0.00040825 0.00029335 0.000385 0.00023985 0.00030775 0.0003158 0.00031295 0.00038915 0.0003648 0.00032405 0.00030825 0.0003243 0.00032225 0.00032 0.00042115 0.0004279 0.00042345 0.00033855 0.00027615 0.00040785 0.00027 0.00042345 0.0003398 0.0003262 0.00023025 0.00023005 0.0002414 0.00024465 0.00042365
23 0.00024115 0.00030535 0.00022115 0.0002422 0.00024165 0.00029265 0.000247 0.0003059 0.00040245 0.00012855 0.00024095 0.00046875 0.0004199 0.0004744 0.0004515 0.0002471 0.00019045 0.0003919 0.0004992 0.00055225 0.0002467 0.0003335 0.0003135 0.000255 0.00024225 0.000247 0.0002209 0.0002562 0.0003898 0.00036915 0.0004275 0.00028395 0.0004117 0.00043295 0.00043285 0.000415 0.0003339 0.0002411 0.0003235 0.00022045 0.000221 0.0004632 0.00025585 0.00042085 0.00034875 0.00034815 0.0002417 0.0003336 0.00041165 0.0004137 0.00049935 0.00023505 0.0003401 0.00035425 0.00032475 0.0002873 0.0001936 0.00032765 0.0002872 0.00042745 0.00041365 0.00028775 0.0004234 0.0003393 0.0002874 0.00029225 0.0004951 0.0004805 0.00029235 0.000394 0.0003406 0.00047605 0.0003789 0.0003134 0.0003115 0.00022125 0.0002687 0.00012805 0.00033345 0.00038095 0.00024235 0.00019355 0.00031615 0.00015205 0.0004641 0.0003534 0.000517 0.0004107 0.0004056 0.0001286 0.00024045 0.00026865 0.0005042 0.0003601 0.00040525 0.00012835 0.0001284 0.00040035 0.0004097 0.00050435
24 0.0003151 0.0003213 0.00029475 0.00020195 0.0002112 0.00029755 0.00026295 0.00034335 0.0003983 0.000202 0.00021145 0.00039905 0.00031655 0.00042215 0.00034815 0.00026345 0.0002639 0.0002718 0.00038625 0.0004698 0.00026245 0.0004075 0.0002779 0.00024225 0.0004021 0.0002629 0.0002943 0.000221 0.00039515 0.00023045 0.0003241 0.00031355 0.00035935 0.00042875 0.00042865 0.00027155 0.0003039 0.00035465 0.00032885 0.00033465 0.00029505 0.00038625 0.00022045 0.0003607 0.0003141 0.0003134 0.00021125 0.00044775 0.00040335 0.00033795 0.0003864 0.0002401 0.00033595 0.0002735 0.00034105 0.00025195 0.0002336 0.0003329 0.00025235 0.0003241 0.0003379 0.0002526 0.0003358 0.0003557 0.00025205 0.00029695 0.0003822 0.0004076 0.00029705 0.0002905 0.00033575 0.0004102 0.0003438 0.00038745 0.00026115 0.00029465 0.0002736 0.0002417 0.00040745 0.0004264 0.0002016 0.0002336 0.0003058 0.00025055 0.0003718 0.000301 0.0004552 0.00035835 0.0003133 0.00020195 0.00039475 0.0002734 0.0004313 0.0002626 0.00030655 0.0002017 0.00020145 0.0002616 0.000271 0.00043145
25 0.0003415 0.00028375 0.00025385 0.00026305 0.00026245 0.00027615 0.0001603 0.0003057 0.0004538 0.0002062 0.00030895 0.0004131 0.0003966 0.0003589 0.0004282 0.00020675 0.0003094 0.00040325 0.00050225 0.00054065 0.00020625 0.000389 0.00038415 0.000247 0.0002629 0.0003202 0.00029975 0.0002805 0.00037485 0.00038325 0.00044965 0.00034255 0.0002985 0.0004442 0.0004441 0.00043265 0.0003562 0.0004047 0.0003084 0.0002942 0.00029725 0.00045735 0.00032645 0.00033885 0.00037465 0.0003738 0.00026245 0.0004526 0.0004764 0.00042485 0.0005024 0.00026745 0.0003966 0.0003167 0.00023955 0.00035795 0.00016055 0.00031485 0.00035815 0.0004496 0.0004248 0.0003121 0.0003453 0.0002541 0.00035805 0.0003219 0.00049815 0.000488 0.000322 0.000373 0.0003966 0.000419 0.00040375 0.0003475 0.0003584 0.0003001 0.00029765 0.00024665 0.00038895 0.0004962 0.00021685 0.0002065 0.00032205 0.0002468 0.0003896 0.0002213 0.00042785 0.0002762 0.0003122 0.0002068 0.0003991 0.0003436 0.00046625 0.00026295 0.00037835 0.00025235 0.0002523 0.00041445 0.0004236 0.0004664
26 0.00024185 0.0003037 0.0001794 0.0002934 0.00029275 0.000292 0.00029975 0.0003785 0.0003332 0.0001799 0.0002926 0.00046085 0.00041495 0.00041575 0.0004152 0.0002999 0.00017945 0.0004016 0.00045605 0.00048575 0.0002987 0.0002409 0.0003074 0.0002209 0.0002943 0.00029975 0.0003568 0.00030335 0.0002866 0.00041595 0.00041055 0.0003568 0.00041085 0.0003322 0.0003321 0.0004265 0.00029175 0.00028075 0.00029145 0.00022015 0.00017965 0.0004835 0.00030225 0.0004198 0.0003027 0.00030205 0.0002928 0.00028065 0.00043325 0.0004057 0.0004562 0.0002865 0.0003327 0.0003984 0.00029895 0.00030245 0.0002456 0.0002862 0.0003029 0.0004105 0.00040565 0.0003036 0.0004165 0.0002988 0.00030255 0.0002909 0.000461 0.0004402 0.000291 0.00041005 0.0003324 0.00049595 0.00030245 0.00017855 0.00032685 0.0001788 0.0002874 0.0002202 0.000241 0.00038845 0.0002951 0.00024505 0.000315 0.00024435 0.0004274 0.00040635 0.00045695 0.0004113 0.0004227 0.0001798 0.00032205 0.0002867 0.00044455 0.00041255 0.0004042 0.00017905 0.00017905 0.0004158 0.00041535 0.0004447
27 0.0002947 0.0003393 0.0003031 0.00018315 0.00019225 0.0003153 0.0002806 0.0003226 0.0004333 0.0001813 0.0001931 0.0003989 0.00031555 0.00047815 0.0003474 0.0002814 0.0002805 0.0002551 0.0003658 0.0004869 0.0002809 0.00041635 0.0002765 0.0002562 0.000221 0.0002805 0.00030335 0.0003617 0.0004419 0.00019285 0.00028435 0.0002931 0.00037875 0.0004562 0.0004561 0.0002131 0.0003145 0.00033115 0.00033925 0.00037755 0.0003039 0.00040425 0.00018115 0.0003803 0.0003037 0.0003035 0.00019225 0.00045315 0.000383 0.0003455 0.00036595 0.00022155 0.00033445 0.00029305 0.00035165 0.0002131 0.0002129 0.00034315 0.0002133 0.0002843 0.00034545 0.0002129 0.0003552 0.0004029 0.0002132 0.0003154 0.00036215 0.0004054 0.0003155 0.00025285 0.00033445 0.00042795 0.00036975 0.00042525 0.00022265 0.0003037 0.0002523 0.0002558 0.0004163 0.00040215 0.0002206 0.0002132 0.00032465 0.0002651 0.00037085 0.00032065 0.0004918 0.00041495 0.00031255 0.0001818 0.00040525 0.00025265 0.00046815 0.00028265 0.00032655 0.00018175 0.00018175 0.0002243 0.0002339 0.0004683
28 0.000418 0.0003897 0.00024195 0.00043105 0.00042135 0.00025595 0.0003748 0.0005528 0.0002687 0.000386 0.00046635 0.00043525 0.00035645 0.0002543 0.00032535 0.00042 0.0003271 0.0004461 0.0003968 0.0003138 0.0004194 0.00027365 0.00040185 0.0003898 0.00039515 0.00037485 0.0002866 0.0004419 0.0002848 0.0005221 0.00042435 0.0004661 0.0003463 0.0002284 0.0002283 0.00051125 0.000322 0.00048065 0.0002553 0.0002455 0.0002837 0.00041375 0.00048645 0.0003636 0.0003428 0.0003423 0.0004214 0.00033665 0.00053065 0.00039025 0.0003968 0.00038775 0.0003724 0.00048635 0.0003267 0.00045515 0.0003733 0.00024345 0.0004552 0.0004243 0.0003902 0.0004107 0.00041965 0.0002755 0.00045525 0.00030035 0.00041045 0.00034145 0.0003006 0.00041205 0.00037255 0.0005028 0.0002529 0.0001427 0.000464 0.00028695 0.000355 0.00038945 0.0002737 0.0004495 0.00035035 0.00041805 0.0003089 0.00039815 0.00041415 0.0003763 0.00033115 0.00028945 0.00044395 0.00038625 0.00043925 0.00039985 0.0002422 0.0004644 0.00033585 0.00043065 0.00043075 0.0004906 0.00048035 0.00024215
29 0.00038605 0.0003768 0.000462 0.0001928 0.0001927 0.0003967 0.00038325 0.00035985 0.0004489 0.00029515 0.0001472 0.00033575 0.0002482 0.0004833 0.0002805 0.00033795 0.000353 0.0001098 0.00027425 0.00044045 0.00033715 0.00055265 0.00024185 0.00036915 0.00023045 0.00038325 0.00041595 0.00019285 0.0005221 8.86e-05 0.000172 0.00033525 0.0003816 0.0005119 0.0005118 7.66e-05 0.0003138 0.0003989 0.0004194 0.0005357 0.0004195 0.0003268 0.0001467 0.0003418 0.0003138 0.00031435 0.00019285 0.000566 0.0003615 0.0002654 0.0002744 0.00025425 0.00034495 0.0001972 0.00045305 0.00017845 0.0003393 0.0004212 0.00017875 0.00017195 0.00026535 0.0002247 0.0002793 0.0005044 0.00017855 0.0003505 0.0002706 0.00033815 0.0003506 0.00018365 0.0003449 0.0003528 0.00038105 0.0005831 0.00017275 0.0004163 0.00028825 0.00036865 0.0005526 0.00039205 0.00027635 0.00029365 0.0003445 0.00036275 0.00030625 0.00034235 0.0004723 0.000439 0.0002668 0.00029495 0.0005184 0.00024245 0.00044635 0.00023495 0.00024835 0.00024915 0.0002492 7.635e-05 8.615e-05 0.0004465
30 0.00038115 0.00038045 0.0004563 0.00028695 0.00028715 0.00036315 0.0004496 0.00042615 0.0004149 0.00035385 0.0002416 0.00037285 0.00024775 0.0003945 0.00021575 0.0004042 0.0003491 0.00015265 0.0002719 0.0004396 0.0004038 0.0004834 0.0002703 0.0004275 0.0003241 0.00044965 0.00041055 0.00028435 0.00042435 0.000172 0.0002085 0.0003647 0.00035595 0.0004764 0.0004763 0.0001369 0.0003438 0.00039435 0.0003843 0.00052965 0.0004139 0.00032775 0.0002385 0.0003164 0.00034125 0.00034155 0.0002872 0.00049675 0.0003912 0.0003296 0.00027205 0.00028415 0.00037385 0.00029925 0.00045525 0.0002062 0.00039845 0.0003864 0.00020615 0.00010445 0.00032955 0.00025205 0.00031845 0.0005063 0.0002062 0.0003173 0.00026815 0.00027205 0.0003174 0.00018195 0.00037415 0.00039075 0.00034715 0.00051295 0.0002003 0.0004109 0.00025195 0.0004273 0.00048335 0.0002922 0.0003697 0.0003528 0.000311 0.00042115 0.0002784 0.0003796 0.00044595 0.0004131 0.00030195 0.00035415 0.00051325 0.0002064 0.00038305 0.00033675 0.0002505 0.0003081 0.0003082 0.0001394 0.0001507 0.00038315
31 0.0002786 0.0003945 0.0003592 0.00027335 0.00026985 0.00033065 0.00034255 0.00029925 0.00052425 0.00022555 0.0002677 0.0004962 0.0003958 0.00050435 0.00042725 0.0003406 0.0003234 0.0003388 0.0005227 0.0006247 0.0003401 0.000412 0.0003847 0.00028395 0.00031355 0.00034255 0.0003568 0.0002931 0.0004661 0.00033525 0.0003647 0.0004433 0.0004031 0.0005577 0.0005576 0.00038965 0.0004011 0.0003 0.00036445 0.0004173 0.0003571 0.00037185 0.0002906 0.00040055 0.0004247 0.00042405 0.0002699 0.0004336 0.0003218 0.0004476 0.00052285 0.00023215 0.00042395 0.00037455 0.00042285 0.00032195 0.00025965 0.0003658 0.00032195 0.00036465 0.00044755 0.00032455 0.0004435 0.00047385 0.00032205 0.000328 0.00051905 0.00046665 0.00032825 0.0003309 0.0004242 0.000438 0.00047975 0.00049045 0.00033605 0.00035715 0.00026815 0.0002837 0.00041195 0.00034235 0.0003158 0.00025745 0.0003418 0.00029765 0.00049315 0.00034905 0.000595 0.0004452 0.0004389 0.00022555 0.00036025 0.000266 0.00052895 0.00038775 0.0003724 0.00022315 0.00022325 0.0003663 0.0003756 0.00052905
32 0.0004268 0.0003189 0.0003868 0.00035695 0.0003473 0.00029525 0.0002985 0.000398 0.00044635 0.00036875 0.0003716 0.00039095 0.0003293 0.0002507 0.00032945 0.000323 0.00039915 0.00033995 0.00044985 0.00048705 0.0003225 0.0004446 0.0004025 0.0004117 0.00035935 0.0002985 0.00041085 0.00037875 0.0003463 0.0003816 0.00035595 0.0004031 0.0004892 0.0004581 0.000458 0.0004129 0.0003894 0.0004933 0.000329 0.00042945 0.0004082 0.00037615 0.0004027 0.00027035 0.0004212 0.00042055 0.00034735 0.0005113 0.00048325 0.00041285 0.00045 0.000319 0.00043995 0.0003348 0.00033525 0.00040275 0.0003119 0.00033695 0.00040275 0.0003559 0.0004128 0.0003789 0.0003028 0.00034065 0.00040285 0.00031905 0.00044145 0.0003931 0.0003193 0.0003288 0.0004402 0.0003757 0.00039545 0.0004289 0.00038755 0.0004112 0.0003218 0.00041145 0.00044455 0.0004461 0.00033515 0.00033615 0.00030355 0.0003961 0.00032875 0.00024855 0.0003658 0.000249 0.00033245 0.00036885 0.00051165 0.0003461 0.0003663 0.00031055 0.0002977 0.0003928 0.0003929 0.00038135 0.00038425 0.00036645
33 0.0004975 0.0004616 0.00028775 0.00046755 0.0004768 0.0003755 0.00044415 0.00060315 0.0002288 0.00046575 0.0005216 0.00039695 0.00041035 0.00036595 0.00037925 0.00048915 0.0004066 0.00050115 0.00029135 0.0001544 0.00048855 0.0003192 0.00041595 0.00043295 0.00042875 0.0004442 0.0003322 0.0004562 0.0002284 0.0005119 0.0004764 0.0005577 0.0004581 0.0003085 0.00015435 0.0004599 0.0003433 0.0005233 0.00034065 0.0002547 0.00032935 0.0004875 0.00050055 0.00048465 0.00032295 0.00032245 0.00047685 0.00034535 0.00056455 0.00034345 0.0002915 0.0005072 0.0003324 0.0005341 0.0003621 0.00046925 0.0004532 0.00032915 0.0004693 0.00047635 0.0003434 0.000425 0.00046725 0.0003107 0.00046935 0.0004198 0.0003051 0.00033925 0.0004199 0.00046605 0.00033255 0.0005291 0.0002672 0.00015435 0.0004787 0.00033255 0.0004727 0.0004326 0.00031925 0.0005301 0.00038415 0.00049775 0.00042895 0.0004419 0.0004206 0.00048535 0.0002835 0.0003984 0.00044765 0.000466 0.0004455 0.00051735 0.00024195 0.0004903 0.0004309 0.0005102 0.0005103 0.0004804 0.00047015 0.0002421
34 0.0004974 0.0004615 0.00028765 0.00046745 0.0004767 0.0003754 0.00044405 0.00060305 0.00022875 0.00046565 0.0005215 0.00039685 0.00041025 0.00036585 0.00037915 0.00048905 0.00040655 0.00050105 0.00029125 0.0001543 0.00048845 0.0003191 0.00041585 0.00043285 0.00042865 0.0004441 0.0003321 0.0004561 0.0002283 0.0005118 0.0004763 0.0005576 0.000458 0.00015435 0.0003083 0.0004598 0.0003432 0.0005232 0.0003405 0.0002545 0.0003293 0.0004874 0.00050045 0.00048455 0.0003228 0.00032235 0.00047675 0.0003452 0.00056445 0.00034345 0.0002914 0.0005071 0.0003323 0.000534 0.000362 0.00046915 0.0004531 0.00032905 0.0004692 0.00047625 0.0003434 0.0004249 0.00046715 0.0003106 0.00046925 0.0004197 0.000305 0.0003393 0.0004198 0.00046595 0.00033245 0.000529 0.0002671 0.00015415 0.0004786 0.0003324 0.0004726 0.0004325 0.00031905 0.00053 0.00038405 0.00049765 0.00042885 0.0004418 0.0004205 0.00048525 0.0002834 0.0003983 0.00044755 0.0004659 0.0004454 0.00051725 0.00024185 0.0004902 0.0004308 0.0005101 0.0005102 0.0004803 0.00047005 0.000242
35 0.0004064 0.00039795 0.0004723 0.00023735 0.0002564 0.0004278 0.00043265 0.0004103 0.0004074 0.00034745 0.00021085 0.0003356 0.00024775 0.000483 0.0002476 0.00038725 0.00037405 0.00015315 0.0002005 0.0003682 0.0003868 0.00053105 0.0002311 0.000415 0.00027155 0.00043265 0.0004265 0.0002131 0.00051125 7.66e-05 0.0001369 0.00038965 0.0004129 0.0004599 0.0004598 6.53e-05 0.00033545 0.0004132 0.00043985 0.00053955 0.00042985 0.00036655 0.0001672 0.0003827 0.0002926 0.0002932 0.00025645 0.000538 0.0003906 0.00028395 0.00020065 0.00031715 0.00033495 0.00026105 0.0004606 0.00016725 0.000392 0.00044185 0.00016725 0.00013665 0.0002839 0.00021325 0.0003116 0.00051175 0.00016735 0.00038185 0.00019655 0.00030455 0.00038195 0.00018255 0.0003352 0.0003824 0.0003392 0.00055135 0.00016165 0.00042685 0.00031695 0.00041475 0.000531 0.00038245 0.0003172 0.00034635 0.00037615 0.0004092 0.0002634 0.0004021 0.00043095 0.00046715 0.0002522 0.00034765 0.000526 0.0002714 0.00041515 0.00027655 0.0002908 0.00030165 0.00030175 7.625e-05 8.705e-05 0.0004153
