 slim_337519165 slim_337518731 slim_337518984 slim_337519139 slim_337519067 slim_337519176 slim_337519145 slim_337518514 slim_337519043 slim_337519174 slim_337519128 slim_337519146 slim_337519140 slim_337518930 slim_337518880 slim_337519143 slim_337519125 slim_337519121 slim_337519162 slim_337519013 slim_337519093 slim_337519021 slim_337519160 slim_337519040 slim_337519137 slim_337519066 slim_337518971 slim_337519124 slim_337519055 slim_337519161 slim_337519047 slim_337518985 slim_337519060 slim_337519126 slim_337519106 slim_337519053 slim_337518449 slim_337518473 slim_337519061 slim_337519169 slim_337519154 slim_337519113 slim_337519078 slim_337518889 slim_337519149 slim_337519132 slim_337519148 slim_337518508 slim_337519157 slim_337519171 slim_337519133 slim_337519030 slim_337519175 slim_337519099 slim_337519155 slim_337519150 slim_337519177 slim_337518990 slim_337518954 slim_337518849 slim_337519084 slim_337519170 slim_337519082 slim_337518996 slim_337519044 slim_337519163 slim_337519048 slim_337518953 slim_337519153 slim_337519118 slim_337518937 slim_337519142 slim_337518945 slim_337519164 slim_337519015 slim_337519158 slim_337519144 slim_337519112 slim_337519159 slim_337519116 slim_337519075 slim_337519173 slim_337519065 slim_337519168 slim_337519097 slim_337518979 slim_337519136 slim_337519105 slim_337518902 slim_337519156 slim_337519102 slim_337519131 slim_337518988 slim_337519001 slim_337518920 slim_337518873 slim_337519166 slim_337519103 slim_337519134 slim_337519147
0 1.43e-05 3.645e-05 8.13e-05 3.445e-05 2.945e-05 7.05e-05 9.01e-05 9.805e-05 0.00010815 8.705e-05 5.79e-05 0.0001084 3.615e-05 7.775e-05 6.4e-05 9.06e-05 0.00010045 0.00011445 0.00011835 5.025e-05 9.04e-05 7.025e-05 0.00013615 0.00011775 5.9e-05 7.055e-05 2.53e-05 0.00011075 8.61e-05 3.365e-05 0.00012805 7.245e-05 0.0001106 5.595e-05 8.71e-05 0.0001041 9.01e-05 8.865e-05 9.85e-05 9.835e-05 9.035e-05 8.23e-05 0.00013115 6.11e-05 3.375e-05 9.06e-05 8.71e-05 7.21e-05 7.875e-05 5.985e-05 3.355e-05 0.00010635 4.23e-05 8.79e-05 3.345e-05 0.00011875 5.39e-05 0.0001106 9.755e-05 8.375e-05 8.09e-05 0.0001004 7.835e-05 3.625e-05 4.995e-05 0.00011495 8.08e-05 7.375e-05 6.18e-05 0.00011845 8.01e-05 0.00010805 0.0001308 9.045e-05 3.655e-05 7.035e-05 5.735e-05 0.00013705 6.205e-05 7.77e-05 5.015e-05 0.0001104 0.00013905 5.845e-05 0.00011055 0.00012765 0.0001209 3.355e-05 5.965e-05 8.715e-05 0.0001283 3.36e-05 0.0001251 5.03e-05 9.03e-05 7.82e-05 0.0001089 9.85e-05 0.0001104 8.295e-05
1 3.645e-05 7.11e-05 8.125e-05 6.215e-05 3.715e-05 6.97e-05 8.99e-05 9.735e-05 0.00010775 8.64e-05 5.82e-05 0.00013545 3.625e-05 7.785e-05 6.455e-05 9.04e-05 0.0001276 8.61e-05 0.00011835 7.805e-05 9.01e-05 9.865e-05 0.00013555 8.98e-05 8.61e-05 9.905e-05 5.305e-05 0.00011115 8.645e-05 6.155e-05 0.00012795 7.28e-05 0.000111 8.355e-05 8.645e-05 0.00010405 8.98e-05 8.865e-05 9.78e-05 9.765e-05 9.015e-05 8.22e-05 0.00012985 6.155e-05 6.21e-05 6.195e-05 8.65e-05 7.265e-05 0.0001064 8.685e-05 6.145e-05 0.0001062 6.995e-05 8.705e-05 6.155e-05 0.00011875 8.25e-05 0.000111 9.74e-05 8.33e-05 8.14e-05 0.0001287 0.0001061 3.705e-05 7.775e-05 8.64e-05 8.13e-05 7.375e-05 6.105e-05 9.05e-05 0.0001077 0.00013575 0.00013065 9.025e-05 3.715e-05 9.795e-05 6.49e-05 0.00010855 6.135e-05 7.775e-05 7.795e-05 0.0001108 0.0001384 5.86e-05 0.00011095 0.00012705 9.34e-05 6.135e-05 8.675e-05 8.655e-05 0.0001275 6.14e-05 9.665e-05 7.8e-05 9.01e-05 0.0001059 0.0001087 9.78e-05 0.0001108 8.29e-05
2 8.13e-05 8.125e-05 0.0001571 8.35e-05 8.085e-05 0.0001068 9.17e-05 9.855e-05 0.0001091 8.72e-05 8.16e-05 0.0001521 7.895e-05 8.48e-05 8.895e-05 9.205e-05 0.00012895 8.65e-05 0.00011975 8.535e-05 9.115e-05 0.0001061 0.0001515 9.105e-05 8.745e-05 0.0001065 8.32e-05 0.00011295 8.85e-05 8.365e-05 0.0001445 9.475e-05 0.0001128 8.37e-05 8.74e-05 9.4e-05 9.085e-05 9.575e-05 9.885e-05 9.885e-05 9.18e-05 8.395e-05 0.0001453 8.325e-05 8.42e-05 8.475e-05 8.745e-05 9.45e-05 8.28e-05 8.695e-05 8.355e-05 8.325e-05 0.00010805 8.81e-05 8.4e-05 0.00011995 0.00010475 0.0001128 9.815e-05 8.425e-05 8.915e-05 0.0001302 8.325e-05 8.075e-05 8.52e-05 8.725e-05 8.905e-05 9.665e-05 8.335e-05 9.2e-05 0.00010845 0.0001518 0.00013245 9.19e-05 8.085e-05 9.91e-05 8.735e-05 0.0001094 8.325e-05 8.465e-05 8.525e-05 0.0001126 0.00013955 8.145e-05 0.00011275 0.000128 9.55e-05 8.545e-05 8.795e-05 8.735e-05 0.0001287 8.475e-05 9.785e-05 8.47e-05 9.175e-05 8.325e-05 0.00010965 9.885e-05 0.0001126 8.41e-05
3 3.445e-05 6.215e-05 8.35e-05 6.49e-05 5.51e-05 8.665e-05 9.1e-05 9.93e-05 0.00010945 6.215e-05 8.28e-05 0.0001004 6.2e-05 6.315e-05 9e-05 9.03e-05 7.655e-05 8.99e-05 0.00014405 3.495e-05 8.995e-05 8.025e-05 0.00015215 0.00011775 3.47e-05 8.065e-05 3.435e-05 0.0001358 0.00011035 3.42e-05 0.0001437 9.825e-05 0.00013565 5.395e-05 6.34e-05 0.00010615 8.965e-05 9.855e-05 9.855e-05 9.96e-05 9.01e-05 8.27e-05 0.0001219 6.2e-05 3.475e-05 9.115e-05 6.345e-05 9.825e-05 5.54e-05 3.335e-05 3.405e-05 8.415e-05 5.76e-05 6.25e-05 3.405e-05 0.00014425 7.98e-05 0.00013565 9.815e-05 8.36e-05 9.045e-05 0.0001259 5.635e-05 6.185e-05 3.58e-05 9.105e-05 9.035e-05 9.96e-05 6.32e-05 0.0001179 8.01e-05 0.0001243 0.00013175 9.015e-05 6.18e-05 7.065e-05 8.26e-05 0.00016235 6.345e-05 6.265e-05 3.48e-05 0.00013545 0.00014035 8.305e-05 0.0001356 0.000104 0.0001455 3.58e-05 3.45e-05 6.24e-05 0.00010415 3.46e-05 0.0001262 3.48e-05 9.01e-05 5.505e-05 0.00013445 9.86e-05 0.00013545 8.265e-05
4 2.945e-05 3.715e-05 8.085e-05 5.51e-05 4.61e-05 6.705e-05 9.005e-05 9.895e-05 0.0001091 9.055e-05 5.265e-05 0.00012705 3.155e-05 8.185e-05 6.625e-05 9.095e-05 0.00012215 9.67e-05 0.0001175 7.57e-05 9.035e-05 9.335e-05 0.000133 9.68e-05 8.35e-05 9.365e-05 4.97e-05 0.00010875 8.3e-05 5.425e-05 0.00012395 6.925e-05 0.0001086 7.66e-05 9.02e-05 0.00010535 9.005e-05 9.06e-05 9.98e-05 9.925e-05 9.07e-05 8.235e-05 0.00013 6.015e-05 5.41e-05 6.73e-05 9.025e-05 6.895e-05 0.0001031 8.43e-05 5.415e-05 0.00010955 6.06e-05 9.15e-05 5.41e-05 0.0001177 7.215e-05 0.0001086 9.865e-05 8.36e-05 8.19e-05 0.0001205 0.0001027 2.985e-05 7.5e-05 9.69e-05 8.18e-05 7.6e-05 6.1e-05 9.775e-05 0.00010215 0.000126 0.00012805 9.08e-05 3.025e-05 9.275e-05 5.37e-05 0.00011485 6.125e-05 8.185e-05 7.56e-05 0.0001084 0.00013725 5.285e-05 0.00010855 0.00012805 9.68e-05 5.98e-05 8.445e-05 9.07e-05 0.0001288 5.995e-05 0.0001051 7.535e-05 9.065e-05 0.0001033 0.0001078 9.98e-05 0.0001084 8.305e-05
5 7.05e-05 6.97e-05 0.0001068 8.665e-05 6.705e-05 0.0001312 0.00011495 0.0001072 0.00010735 0.0001049 8.865e-05 0.00011705 6.59e-05 0.00010495 9.91e-05 0.0001152 0.0001371 0.00010465 0.0001094 0.0001051 0.0001148 0.00010655 0.00012725 0.00011465 0.00010515 0.0001074 8.8e-05 0.00011685 0.00011755 8.59e-05 0.0001348 8.825e-05 0.0001167 0.00010805 0.0001052 0.00011515 0.0001145 0.0001068 0.00010745 0.00010755 0.00011495 0.00010745 0.0001245 8.59e-05 8.645e-05 8.585e-05 0.00010525 8.8e-05 0.00012635 0.0001055 8.575e-05 0.0001264 6.68e-05 0.00010535 8.63e-05 0.00010965 8.81e-05 0.0001167 0.00010715 0.00010745 0.0001148 0.00010895 0.0001264 6.695e-05 0.00010505 0.00010505 0.0001147 9.23e-05 8.56e-05 0.00011515 0.00010695 0.0001275 0.0001465 0.00011505 6.705e-05 0.00010765 9.555e-05 0.0001093 8.555e-05 0.00010485 0.000105 0.0001164 0.000139 8.795e-05 0.00011665 0.0001366 0.00012455 8.98e-05 0.0001052 0.0001051 0.00013685 8.95e-05 0.0001068 0.00010495 0.00011495 0.0001264 0.0001095 0.00010745 0.0001164 0.0001077
6 9.01e-05 8.99e-05 9.17e-05 9.1e-05 9.005e-05 0.00011495 0.0001762 0.00010355 0.00011375 9.2e-05 8.935e-05 0.00015555 9.015e-05 8.965e-05 8.89e-05 9.07e-05 0.00013255 9.165e-05 0.0001286 9.165e-05 9.035e-05 0.0001143 0.0001582 8.995e-05 9.085e-05 0.0001143 9.015e-05 0.0001135 8.865e-05 9.105e-05 0.0001427 0.00010455 0.00011325 9.1e-05 9.015e-05 0.00010605 9.005e-05 0.0001047 0.0001059 0.00010385 9.04e-05 8.945e-05 0.00015015 9.08e-05 9.16e-05 8.97e-05 9.02e-05 0.0001046 9.24e-05 9.245e-05 9.095e-05 9.04e-05 0.0001141 9.265e-05 9.09e-05 0.0001285 0.00011365 0.00011325 0.00010515 9.105e-05 8.965e-05 0.00013845 9.02e-05 8.995e-05 8.94e-05 9.015e-05 8.945e-05 0.0001056 8.925e-05 9.065e-05 0.00011535 0.0001581 0.0001301 9.055e-05 8.985e-05 0.00010575 8.905e-05 0.0001191 8.95e-05 9.13e-05 9.155e-05 0.00011305 0.00014575 8.965e-05 0.0001132 0.0001319 8.815e-05 8.915e-05 9.24e-05 9.215e-05 0.0001323 9.115e-05 0.00010445 9.155e-05 9.03e-05 9.2e-05 0.00011895 0.0001059 0.00011305 9.04e-05
7 9.805e-05 9.735e-05 9.855e-05 9.93e-05 9.895e-05 0.0001072 0.00010355 0.0001865 0.0001043 9.8e-05 9.905e-05 0.00014065 9.84e-05 9.51e-05 0.00010515 0.0001065 0.0001323 9.74e-05 0.0001041 9.795e-05 0.0001059 0.0001058 0.0001375 0.0001056 9.71e-05 0.0001058 9.69e-05 0.0001145 0.0001067 9.865e-05 0.00014745 9.62e-05 0.00011435 9.935e-05 9.56e-05 9.64e-05 0.0001056 9.515e-05 9.635e-05 9.375e-05 0.0001063 9.77e-05 0.0001385 9.815e-05 9.92e-05 9.635e-05 9.565e-05 9.635e-05 9.835e-05 9.885e-05 9.855e-05 9.605e-05 0.0001079 9.895e-05 9.88e-05 0.000104 0.00010645 0.00011435 9.57e-05 9.885e-05 0.0001055 0.0001151 9.59e-05 9.885e-05 9.52e-05 9.56e-05 0.0001054 9.59e-05 9.575e-05 0.00010655 0.00010655 0.00013775 0.0001395 0.00010635 9.875e-05 9.655e-05 0.0001062 9.37e-05 9.585e-05 9.735e-05 9.785e-05 0.00011415 0.00012965 9.9e-05 0.0001143 0.0001314 0.0001137 9.53e-05 9.865e-05 9.815e-05 0.0001321 9.75e-05 9.465e-05 9.76e-05 0.0001062 9.85e-05 9.39e-05 9.635e-05 0.00011415 9.865e-05
8 0.00010815 0.00010775 0.0001091 0.00010945 0.0001091 0.00010735 0.00011375 0.0001043 0.0002062 0.0001079 0.000109 0.00013985 0.00010895 0.0001053 0.00011525 0.0001164 0.00014165 0.00010755 0.0001049 0.0001076 0.00011605 0.0001053 0.00014515 0.00011575 0.000107 0.00010495 0.00010675 0.00011395 0.00011685 0.00010855 0.00015445 0.00010715 0.0001138 0.0001095 0.00010575 0.00010725 0.00011575 0.00010575 0.0001069 0.00010455 0.0001162 0.00010785 0.00014615 0.0001083 0.0001091 0.0001059 0.0001058 0.0001072 0.0001085 0.00010895 0.00010845 0.0001062 0.00010765 0.0001086 0.0001089 0.0001042 0.00010585 0.0001138 0.0001065 0.00010915 0.0001154 0.00010385 0.0001061 0.000109 0.00010515 0.00010575 0.0001153 0.00010665 0.0001063 0.00011645 0.00010615 0.0001454 0.0001491 0.00011625 0.0001089 0.0001071 0.00011635 0.0001052 0.00010645 0.00010725 0.0001075 0.0001139 0.00013995 0.0001086 0.0001139 0.000141 0.00012385 0.00010545 0.0001083 0.00010805 0.00014145 0.0001076 0.00010545 0.0001075 0.0001161 0.0001086 0.0001054 0.0001069 0.0001139 0.0001088
9 8.705e-05 8.64e-05 8.72e-05 6.215e-05 9.055e-05 0.0001049 9.2e-05 9.8e-05 0.0001079 6.06e-05 0.00011125 0.00011975 9.17e-05 4.195e-05 0.00011535 8.97e-05 7.675e-05 3.05e-05 0.0001695 4.07e-05 9.03e-05 0.0001146 0.00016955 8.95e-05 3.2e-05 0.000115 6.625e-05 0.00016385 0.00014125 6.085e-05 0.0001634 0.000126 0.0001637 8.34e-05 3.32e-05 0.000108 9e-05 0.0001055 9.565e-05 9.83e-05 8.96e-05 8.33e-05 0.00011135 6.09e-05 6.14e-05 6.3e-05 3.33e-05 0.00012605 5.69e-05 3.2e-05 6.065e-05 5.875e-05 0.00010445 3.095e-05 6.125e-05 0.00017 0.000135 0.0001637 9.51e-05 8.26e-05 9.97e-05 0.00017905 5.85e-05 9.045e-05 4.31e-05 3.33e-05 9.96e-05 0.0001226 6.38e-05 8.945e-05 0.00010555 0.00016925 0.0001354 8.955e-05 9.035e-05 9.53e-05 0.00011975 0.0001607 6.405e-05 4.07e-05 4.05e-05 0.0001635 0.0001417 0.0001114 0.00016365 7.645e-05 0.00014845 5.92e-05 3.04e-05 3.075e-05 7.68e-05 5.735e-05 9.655e-05 4.145e-05 8.96e-05 5.63e-05 0.00016035 9.575e-05 0.0001635 8.24e-05
10 5.79e-05 5.82e-05 8.16e-05 8.28e-05 5.265e-05 8.865e-05 8.935e-05 9.905e-05 0.000109 0.00011125 0.000104 0.000155 5.385e-05 0.00010315 6.485e-05 8.965e-05 0.0001497 0.00011125 9.615e-05 0.0001027 8.965e-05 9.96e-05 0.0001332 8.935e-05 0.00011075 9.995e-05 7.665e-05 8.67e-05 6.035e-05 8.225e-05 0.00012335 6.99e-05 8.655e-05 8.28e-05 0.0001115 9.795e-05 8.935e-05 9.025e-05 9.93e-05 9.935e-05 8.945e-05 8.17e-05 0.0001514 8.2e-05 8.25e-05 8.22e-05 0.00011155 7e-05 0.00011015 0.0001118 8.215e-05 0.00010985 8.805e-05 0.00011165 8.205e-05 9.65e-05 7.945e-05 8.655e-05 9.88e-05 8.28e-05 8.075e-05 0.00010585 0.00010975 5.255e-05 0.0001026 0.00011145 8.065e-05 7.61e-05 8.275e-05 8.97e-05 0.00010885 0.000133 0.0001274 8.95e-05 5.255e-05 9.905e-05 6.03e-05 8.7e-05 8.3e-05 0.0001027 0.0001026 8.635e-05 0.0001374 5.29e-05 8.65e-05 0.0001494 6.735e-05 8.715e-05 0.0001113 0.0001114 0.00014955 8.73e-05 9.845e-05 0.00010295 8.935e-05 0.0001097 8.675e-05 9.93e-05 8.635e-05 8.24e-05
11 0.0001084 0.00013545 0.0001521 0.0001004 0.00012705 0.00011705 0.00015555 0.00014065 0.00013985 0.00011975 0.000155 0.0001408 0.000135 0.0001279 0.0001646 0.0001564 8.165e-05 0.00014725 0.00016115 0.0001011 0.0001561 0.00012035 0.00014445 0.0001836 9.205e-05 0.0001211 0.0001089 0.00017585 0.000185 9.95e-05 0.00015915 0.0001486 0.0001757 0.00012165 0.00011945 0.0001522 0.0001558 0.0001498 0.0001415 0.000141 0.0001562 0.0001484 0.0001207 0.00012705 0.00010005 0.0001538 0.0001195 0.00014865 0.0001164 9.29e-05 9.935e-05 0.00014365 8.915e-05 0.00012045 9.975e-05 0.0001614 0.0001194 0.0001757 0.00014065 0.00014915 0.0001649 0.00013165 0.00011575 0.0001337 0.00010045 0.0001472 0.0001648 0.00015065 0.00012715 0.0001841 0.00011195 0.0001164 0.0001451 0.00015625 0.0001336 0.0001134 0.0001563 0.00019035 0.0001274 0.0001286 0.000101 0.0001754 0.0001305 0.0001544 0.00017565 0.00010885 0.00021985 0.0001006 9.23e-05 0.00011995 0.0001093 0.000101 0.00016845 0.00010105 0.00015615 0.0001164 0.00016225 0.0001415 0.0001754 0.0001488
12 3.615e-05 3.625e-05 7.895e-05 6.2e-05 3.155e-05 6.59e-05 9.015e-05 9.84e-05 0.00010895 9.17e-05 5.385e-05 0.000135 5.83e-05 8.215e-05 6.545e-05 9.105e-05 0.00013005 9.11e-05 0.00011605 8.275e-05 9.045e-05 9.95e-05 0.0001325 9.015e-05 9.14e-05 9.98e-05 5.67e-05 0.00010795 8.21e-05 6.095e-05 0.0001241 6.83e-05 0.0001078 8.355e-05 9.135e-05 0.00010375 9.015e-05 8.915e-05 9.925e-05 9.87e-05 9.075e-05 8.25e-05 0.0001304 6.09e-05 6.155e-05 6.205e-05 9.14e-05 6.785e-05 0.0001101 9.22e-05 6.085e-05 0.0001098 6.745e-05 9.255e-05 6.155e-05 0.00011625 7.79e-05 0.0001078 9.845e-05 8.32e-05 8.115e-05 0.0001266 0.0001097 3.145e-05 8.205e-05 9.13e-05 8.105e-05 7.455e-05 6.03e-05 9.11e-05 0.00010915 0.0001326 0.0001282 9.09e-05 3.175e-05 9.93e-05 5.935e-05 0.0001058 6.025e-05 8.215e-05 8.265e-05 0.0001076 0.0001367 5.38e-05 0.00010775 0.00012925 8.91e-05 6.68e-05 9.235e-05 9.185e-05 0.00012995 6.695e-05 9.78e-05 8.24e-05 9.075e-05 0.00011025 0.00010585 9.925e-05 0.0001076 8.32e-05
13 7.775e-05 7.785e-05 8.48e-05 6.315e-05 8.185e-05 0.00010495 8.965e-05 9.51e-05 0.0001053 4.195e-05 0.00010315 0.0001279 8.215e-05 7.95e-05 0.0001063 9.175e-05 8.655e-05 4.045e-05 0.00015985 4.34e-05 9.1e-05 0.00010605 0.00016865 9e-05 4.235e-05 0.00010605 5.965e-05 0.00015455 0.0001322 6.245e-05 0.00016305 0.00011615 0.0001544 8.44e-05 4.04e-05 0.0001053 9.07e-05 9.665e-05 9.715e-05 9.54e-05 9.155e-05 8.25e-05 0.0001204 6.105e-05 6.3e-05 6.165e-05 4.04e-05 0.0001162 6.45e-05 4.37e-05 6.235e-05 6.335e-05 0.00010475 4.395e-05 6.265e-05 0.00015975 0.00012505 0.0001544 9.51e-05 8.445e-05 9.14e-05 0.0001695 6.305e-05 8.175e-05 4.15e-05 4.055e-05 9.13e-05 0.0001126 6.12e-05 9.145e-05 0.000106 0.00016835 0.0001342 9.16e-05 8.165e-05 9.68e-05 0.00011045 0.00015055 6.145e-05 4.195e-05 4.33e-05 0.0001542 0.00013995 0.0001031 0.00015435 8.48e-05 0.0001394 5.685e-05 4.345e-05 4.205e-05 8.655e-05 5.805e-05 9.52e-05 4.29e-05 9.145e-05 6.485e-05 0.0001502 9.715e-05 0.0001542 8.28e-05
14 6.4e-05 6.455e-05 8.895e-05 9e-05 6.625e-05 9.91e-05 8.89e-05 0.00010515 0.00011525 0.00011535 6.485e-05 0.0001646 6.545e-05 0.0001063 0.0001243 8.925e-05 0.0001566 0.00011525 0.0001042 0.00010605 8.92e-05 0.00010495 0.00014335 8.88e-05 0.00011485 0.00010535 8.075e-05 8.83e-05 6.275e-05 9.025e-05 0.00012695 8.015e-05 8.805e-05 9e-05 0.00011565 0.0001036 8.89e-05 9.55e-05 0.00010535 0.00010545 8.895e-05 8.86e-05 0.00015955 9.025e-05 9.08e-05 9.155e-05 0.00011565 8.02e-05 0.00011385 0.00011555 9.015e-05 0.00011365 9.77e-05 0.00011575 8.975e-05 0.0001046 8.95e-05 8.805e-05 0.0001049 9.01e-05 7.955e-05 0.000114 0.00011355 6.615e-05 0.000106 0.0001156 7.935e-05 8.07e-05 9.055e-05 8.925e-05 0.00011495 0.00014325 0.00012965 8.91e-05 6.605e-05 0.0001052 6.375e-05 9.495e-05 9.08e-05 0.000106 0.00010595 8.785e-05 0.0001462 6.56e-05 8.8e-05 0.00015625 6.22e-05 8.92e-05 0.00011545 0.00011545 0.0001564 8.92e-05 0.00010445 0.00010625 8.885e-05 0.0001128 9.48e-05 0.00010535 8.785e-05 8.925e-05
15 9.06e-05 9.04e-05 9.205e-05 9.03e-05 9.095e-05 0.0001152 9.07e-05 0.0001065 0.0001164 8.97e-05 8.965e-05 0.0001564 9.105e-05 9.175e-05 8.925e-05 0.000177 0.00013175 9.095e-05 0.0001296 8.93e-05 8.995e-05 0.00011425 0.0001594 8.99e-05 8.955e-05 0.00011465 8.9e-05 0.00011415 8.905e-05 8.975e-05 0.00014345 0.00010575 0.000114 9.03e-05 9.2e-05 0.0001067 8.965e-05 0.00010495 0.0001047 0.0001068 8.885e-05 9.03e-05 0.00015035 9.09e-05 9.03e-05 9.195e-05 9.205e-05 0.0001058 9.17e-05 9e-05 8.955e-05 9.245e-05 0.0001141 8.89e-05 8.98e-05 0.0001301 0.00011495 0.000114 0.00010555 8.95e-05 8.895e-05 0.00013935 9.235e-05 9.085e-05 9.115e-05 9.195e-05 8.925e-05 0.0001068 9.19e-05 8.905e-05 0.0001152 0.0001593 0.00013145 8.88e-05 9.075e-05 0.00010455 8.97e-05 0.0001206 9.215e-05 9.045e-05 8.91e-05 0.0001138 0.00014755 9.015e-05 0.00011395 0.0001326 8.875e-05 9.15e-05 8.86e-05 9.005e-05 0.00013155 9.06e-05 0.00010585 9.045e-05 8.885e-05 9.035e-05 0.00012045 0.0001048 0.0001138 9.025e-05
16 0.00010045 0.0001276 0.00012895 7.655e-05 0.00012215 0.0001371 0.00013255 0.0001323 0.00014165 7.675e-05 0.0001497 8.165e-05 0.00013005 8.655e-05 0.0001566 0.00013175 9.59e-05 0.0001054 0.00019495 5.765e-05 0.0001325 0.0001214 0.00016895 0.0001601 4.885e-05 0.0001217 8.255e-05 0.00019565 0.00017985 7.495e-05 0.00016905 0.00015815 0.0001955 9.785e-05 7.81e-05 0.0001435 0.0001322 0.0001405 0.00013145 0.0001326 0.00013135 0.0001252 0.0001177 0.0001036 7.55e-05 0.00013125 7.815e-05 0.0001582 7.465e-05 4.98e-05 7.475e-05 0.0001026 0.000109 7.625e-05 7.535e-05 0.00019545 0.00013885 0.0001955 0.0001317 0.00012435 0.00014095 0.0001764 7.46e-05 0.0001288 5.865e-05 0.00010595 0.00014085 0.0001576 0.0001043 0.0001596 0.0001133 0.00014085 0.0001313 0.0001316 0.0001287 0.0001033 0.0001512 0.00021445 0.00010455 8.63e-05 5.755e-05 0.0001953 0.00013125 0.00014995 0.00019545 7.67e-05 0.0002147 7.475e-05 4.815e-05 7.7e-05 7.605e-05 7.455e-05 0.00015985 5.865e-05 0.00013155 7.38e-05 0.0001863 0.00013145 0.0001953 0.0001253
17 0.00011445 8.61e-05 8.65e-05 8.99e-05 9.67e-05 0.00010465 9.165e-05 9.74e-05 0.00010755 3.05e-05 0.00011125 0.00014725 9.11e-05 4.045e-05 0.00011525 9.095e-05 0.0001054 5e-07 0.00016935 7.025e-05 8.995e-05 0.0001428 0.00016895 6.055e-05 6.11e-05 0.0001432 9.525e-05 0.00016365 0.00014105 8.94e-05 0.00016305 0.0001254 0.0001635 0.00011115 3.175e-05 0.0001073 8.965e-05 0.0001058 9.665e-05 9.77e-05 9.075e-05 8.21e-05 0.00011095 5.93e-05 8.995e-05 3.475e-05 3.17e-05 0.00012545 8.395e-05 6.08e-05 8.93e-05 5.805e-05 0.0001321 3.34e-05 8.96e-05 0.00016955 0.0001623 0.0001635 9.37e-05 8.365e-05 0.00010025 0.0002065 8.555e-05 8.985e-05 7.115e-05 4.1e-06 0.00010015 0.00012185 6.32e-05 6.255e-05 0.00013285 0.0001964 0.00013505 9.08e-05 8.975e-05 0.00012405 0.00012635 0.00013235 6.345e-05 4.015e-05 7.015e-05 0.0001633 0.0001411 0.0001111 0.00016345 7.5e-05 0.0001206 8.66e-05 6.065e-05 3.055e-05 7.765e-05 8.475e-05 6.745e-05 6.95e-05 9.065e-05 8.455e-05 0.00015975 9.665e-05 0.0001633 8.095e-05
18 0.00011835 0.00011835 0.00011975 0.00014405 0.0001175 0.0001094 0.0001286 0.0001041 0.0001049 0.0001695 9.615e-05 0.00016115 0.00011605 0.00015985 0.0001042 0.0001296 0.00019495 0.00016935 7.98e-05 0.00016 0.00012945 9.535e-05 0.00011415 0.00012915 0.0001692 9.585e-05 0.00013445 6.52e-05 8.185e-05 0.000143 0.0001383 7.835e-05 6.505e-05 0.0001229 0.00016905 9.555e-05 0.00012915 9.5e-05 0.00010525 0.0001046 0.0001294 0.0001215 0.00017255 0.00014295 0.00014355 0.00014315 0.0001691 7.85e-05 0.0001467 0.00017055 0.0001429 0.00014585 0.00011005 0.00017005 0.00014335 4.085e-05 7.88e-05 6.505e-05 0.000105 0.000122 0.0001196 4.135e-05 0.00014575 0.0001174 0.0001592 0.000169 0.0001195 8.09e-05 0.0001421 0.0001297 0.00010565 0.00011435 0.0001542 0.00012945 0.0001173 0.0001054 0.0001026 4.04e-05 0.00014215 0.00015985 0.0001599 6.48e-05 0.0001301 9.605e-05 6.5e-05 0.0001945 8.885e-05 0.00014425 0.0001697 0.00016965 0.0001948 0.00014495 0.00010425 0.0001601 0.0001293 0.0001466 4.055e-05 0.00010525 6.48e-05 0.0001222
19 5.025e-05 7.805e-05 8.535e-05 3.495e-05 7.57e-05 0.0001051 9.165e-05 9.795e-05 0.0001076 4.07e-05 0.0001027 0.0001011 8.275e-05 4.34e-05 0.00010605 8.93e-05 5.765e-05 7.025e-05 0.00016 2.2e-05 9.095e-05 7.64e-05 0.00017005 0.00011855 1.23e-05 7.66e-05 2.85e-05 0.0001545 0.0001319 3.285e-05 0.00016365 0.00011705 0.00015435 5.62e-05 4.365e-05 0.00010615 9.065e-05 9.52e-05 9.55e-05 9.825e-05 8.91e-05 8.39e-05 0.00012145 6.24e-05 3.34e-05 9.145e-05 4.37e-05 0.0001171 3.715e-05 1.385e-05 3.265e-05 6.58e-05 7.675e-05 3.955e-05 3.345e-05 0.0001609 9.815e-05 0.00015435 9.67e-05 8.22e-05 8.915e-05 0.00014205 3.78e-05 8.235e-05 1.38e-05 7.15e-05 8.885e-05 0.0001139 6.375e-05 0.0001172 7.855e-05 0.000142 0.0001351 8.915e-05 8.225e-05 6.74e-05 0.0001036 0.0001795 6.4e-05 4.07e-05 1.11e-05 0.00015415 0.00014165 0.000103 0.0001543 8.69e-05 0.00016675 3.125e-05 1.11e-05 4.095e-05 8.55e-05 3.04e-05 0.00012505 1.31e-05 8.91e-05 3.56e-05 0.0001514 9.55e-05 0.00015415 8.375e-05
20 9.04e-05 9.01e-05 9.115e-05 8.995e-05 9.035e-05 0.0001148 9.035e-05 0.0001059 0.00011605 9.03e-05 8.965e-05 0.0001561 9.045e-05 9.1e-05 8.92e-05 8.995e-05 0.0001325 8.995e-05 0.00012945 9.095e-05 0.0001766 0.0001148 0.0001588 8.93e-05 9.075e-05 0.0001152 9.03e-05 0.00011395 8.875e-05 9.04e-05 0.0001431 0.00010515 0.0001138 8.995e-05 9.125e-05 0.0001058 8.83e-05 0.00010525 0.00010545 0.0001062 8.975e-05 8.97e-05 0.0001497 9.015e-05 9.095e-05 9.135e-05 9.13e-05 0.0001052 9e-05 9.045e-05 9.03e-05 9.155e-05 0.00011395 9.085e-05 9.025e-05 0.00012965 0.0001146 0.0001138 0.0001048 9.03e-05 8.99e-05 0.00013915 9.155e-05 9.025e-05 9.155e-05 9.11e-05 8.98e-05 0.0001061 9.13e-05 8.99e-05 0.00011395 0.0001588 0.0001311 8.97e-05 9.015e-05 0.0001054 8.915e-05 0.0001199 9.155e-05 9.06e-05 9.085e-05 0.0001136 0.00014695 8.985e-05 0.00011375 0.00013185 8.855e-05 9.13e-05 9.07e-05 9.045e-05 0.00013215 8.92e-05 0.000105 8.965e-05 8.965e-05 9.05e-05 0.00011985 0.00010545 0.0001136 8.965e-05
21 7.025e-05 9.865e-05 0.0001061 8.025e-05 9.335e-05 0.00010655 0.0001143 0.0001058 0.0001053 0.0001146 9.96e-05 0.00012035 9.95e-05 0.00010605 0.00010495 0.00011425 0.0001214 0.0001428 9.535e-05 7.64e-05 0.0001148 0.0001317 0.0001455 0.00014215 8.605e-05 6.685e-05 6.775e-05 0.00010405 0.00010655 7.88e-05 0.00015385 9.8e-05 0.0001039 8.03e-05 0.00011525 0.00010455 0.0001145 9.515e-05 0.0001057 0.00010615 0.00011405 0.00010675 0.0001553 0.0001071 7.935e-05 0.00013575 0.0001153 9.805e-05 8.61e-05 8.805e-05 7.87e-05 0.00011345 7.84e-05 0.00011465 7.93e-05 9.605e-05 6.92e-05 0.0001039 0.0001056 0.0001071 0.0001039 6.65e-05 8.555e-05 0.0001 7.67e-05 0.000143 0.0001038 9.77e-05 0.0001074 0.000142 7.73e-05 0.0001175 0.00014855 0.0001141 9.99e-05 7.765e-05 9.935e-05 0.0001246 0.00010765 0.0001046 7.63e-05 0.00010365 0.0001403 9.905e-05 0.00010385 0.0001493 0.0001414 7.815e-05 8.645e-05 0.00011475 0.0001491 7.85e-05 0.00013315 7.72e-05 0.00011395 8.545e-05 9.655e-05 0.0001057 0.00010365 0.00010735
22 0.00013615 0.00013555 0.0001515 0.00015215 0.000133 0.00012725 0.0001582 0.0001375 0.00014515 0.00016955 0.0001332 0.00014445 0.0001325 0.00016865 0.00014335 0.0001594 0.00016895 0.00016895 0.00011415 0.00017005 0.0001588 0.0001455 0.0002126 0.0001585 0.0001698 0.0001458 0.00015315 0.000135 0.00014095 0.0001514 0.00012715 0.0001199 0.00013485 0.0001522 0.0001689 0.0001388 0.0001585 0.00013805 0.0001384 0.0001376 0.0001592 0.0001514 0.0001317 0.00015095 0.000152 0.00015055 0.00016895 0.00011995 0.00016995 0.00017035 0.0001513 0.00016935 0.00012795 0.0001705 0.0001516 0.00011435 0.0001271 0.00013485 0.00013795 0.00015175 0.00015895 0.00012185 0.00016925 0.0001329 0.00016905 0.00016885 0.00015885 0.0001233 0.00015045 0.00015945 0.0001457 0.00010685 0.0001575 0.00015925 0.0001328 0.0001388 0.0001403 0.0001066 0.0001505 0.00016945 0.00016995 0.00013465 0.0001371 0.00013315 0.0001348 0.00016805 0.00014795 0.0001539 0.0001702 0.0001697 0.00016875 0.00015435 0.0001375 0.0001697 0.0001591 0.0001701 0.00010695 0.00013845 0.00013465 0.00015155
23 0.00011775 8.98e-05 9.105e-05 0.00011775 9.68e-05 0.00011465 8.995e-05 0.0001056 0.00011575 8.95e-05 8.935e-05 0.0001836 9.015e-05 9e-05 8.88e-05 8.99e-05 0.0001601 6.055e-05 0.00012915 0.00011855 8.93e-05 0.00014215 0.0001585 0.0001207 0.00011835 0.00014255 0.0001177 0.00011365 8.855e-05 0.000118 0.0001427 0.00010485 0.0001134 0.00011775 9.02e-05 0.0001057 8.9e-05 0.00010495 0.0001054 0.0001059 8.96e-05 8.88e-05 0.00014965 8.915e-05 0.00011855 6.34e-05 9.03e-05 0.0001049 0.00011845 0.0001185 0.0001179 9.145e-05 0.00014145 9.105e-05 0.00011785 0.00012935 0.00014195 0.0001134 0.00010375 9.025e-05 8.96e-05 0.0001665 0.0001191 8.995e-05 0.0001189 6.225e-05 8.94e-05 0.0001058 9.1e-05 6.175e-05 0.0001422 0.00018615 0.0001307 8.975e-05 8.985e-05 0.000133 9.6e-05 9.195e-05 9.125e-05 8.94e-05 0.00011845 0.0001132 0.00014665 8.955e-05 0.00011335 0.0001308 6.04e-05 0.00011865 0.00011855 8.97e-05 0.0001321 0.00011775 7.645e-05 0.0001182 8.95e-05 0.0001183 0.00011955 0.0001054 0.0001132 8.865e-05
24 5.9e-05 8.61e-05 8.745e-05 3.47e-05 8.35e-05 0.00010515 9.085e-05 9.71e-05 0.000107 3.2e-05 0.00011075 9.205e-05 9.14e-05 4.235e-05 0.00011485 8.955e-05 4.885e-05 6.11e-05 0.0001692 1.23e-05 9.075e-05 8.605e-05 0.0001698 0.00011835 5.9e-06 8.595e-05 3.74e-05 0.00016345 0.00014065 3.315e-05 0.00016345 0.0001257 0.0001633 5.595e-05 3.39e-05 0.00010825 9.045e-05 0.0001046 9.57e-05 9.74e-05 8.945e-05 8.36e-05 0.0001123 6.215e-05 3.37e-05 9.015e-05 3.395e-05 0.00012575 3.035e-05 5e-06 3.295e-05 5.845e-05 7.685e-05 3.135e-05 3.355e-05 0.0001694 0.00010665 0.0001633 9.645e-05 8.25e-05 9.86e-05 0.0001512 3.035e-05 9.015e-05 1.37e-05 6.18e-05 9.84e-05 0.0001224 6.29e-05 0.0001174 7.855e-05 0.00014175 0.0001347 8.94e-05 9.005e-05 6.76e-05 0.0001123 0.00018815 6.315e-05 4.13e-05 1.21e-05 0.0001631 0.0001412 0.00011105 0.00016325 7.755e-05 0.0001755 3.05e-05 3.05e-06 3.235e-05 7.665e-05 3.025e-05 0.0001247 1.365e-05 8.945e-05 2.915e-05 0.00016005 9.58e-05 0.0001631 8.355e-05
25 7.055e-05 9.905e-05 0.0001065 8.065e-05 9.365e-05 0.0001074 0.0001143 0.0001058 0.00010495 0.000115 9.995e-05 0.0001211 9.98e-05 0.00010605 0.00010535 0.00011465 0.0001217 0.0001432 9.585e-05 7.66e-05 0.0001152 6.685e-05 0.0001458 0.00014255 8.595e-05 0.0001325 6.815e-05 0.0001046 0.00010695 7.91e-05 0.00015415 9.83e-05 0.00010445 8.07e-05 0.00011525 0.00010495 0.0001149 9.555e-05 0.0001061 0.00010615 0.00011445 0.00010715 0.0001556 0.0001074 7.965e-05 0.0001362 0.0001153 9.835e-05 8.65e-05 8.845e-05 7.9e-05 0.0001136 7.925e-05 0.00011515 7.96e-05 9.565e-05 6.87e-05 0.00010445 0.0001059 0.0001075 0.0001043 6.72e-05 8.555e-05 0.0001003 7.655e-05 0.00014315 0.000104 9.8e-05 0.0001074 0.0001425 7.795e-05 0.0001177 0.00014885 0.0001145 0.0001002 7.795e-05 9.965e-05 0.000125 0.00010765 0.0001048 7.655e-05 0.0001045 0.0001406 9.985e-05 0.0001045 0.0001496 0.0001418 7.815e-05 8.685e-05 0.00011515 0.0001495 7.89e-05 0.00013355 7.745e-05 0.00011435 8.585e-05 9.685e-05 0.0001061 0.0001045 0.00010775
26 2.53e-05 5.305e-05 8.32e-05 3.435e-05 4.97e-05 8.8e-05 9.015e-05 9.69e-05 0.00010675 6.625e-05 7.665e-05 0.0001089 5.67e-05 5.965e-05 8.075e-05 8.9e-05 8.255e-05 9.525e-05 0.00013445 2.85e-05 9.03e-05 6.775e-05 0.00015315 0.0001177 3.74e-05 6.815e-05 3.84e-05 0.0001284 0.0001052 3.285e-05 0.0001463 9.115e-05 0.00012825 5.56e-05 6.8e-05 0.00010415 9e-05 8.64e-05 9.565e-05 9.72e-05 8.88e-05 8.24e-05 0.0001301 6.19e-05 3.34e-05 9.035e-05 6.805e-05 9.12e-05 6.075e-05 3.895e-05 3.265e-05 8.855e-05 5.935e-05 6.565e-05 3.28e-05 0.00013525 7.24e-05 0.00012825 9.63e-05 8.22e-05 7.99e-05 0.00011655 6.055e-05 5.635e-05 2.99e-05 9.585e-05 7.98e-05 8.93e-05 6.255e-05 0.0001169 7.85e-05 0.0001251 0.0001336 8.885e-05 5.625e-05 6.755e-05 7.725e-05 0.0001537 6.28e-05 5.75e-05 2.84e-05 0.00012805 0.0001406 7.71e-05 0.0001282 0.00011125 0.00014005 3.115e-05 3.73e-05 6.645e-05 0.0001104 3.115e-05 0.000124 3.005e-05 8.875e-05 5.885e-05 0.0001256 9.56e-05 0.00012805 8.29e-05
27 0.00011075 0.00011115 0.00011295 0.0001358 0.00010875 0.00011685 0.0001135 0.0001145 0.00011395 0.00016385 8.67e-05 0.00017585 0.00010795 0.00015455 8.83e-05 0.00011415 0.00019565 0.00016365 6.52e-05 0.0001545 0.00011395 0.00010405 0.000135 0.00011365 0.00016345 0.0001046 0.0001284 0.0001266 6.385e-05 0.00013585 0.0001338 8.685e-05 6.34e-05 0.0001146 0.00016375 0.00010525 0.00011365 0.00010505 0.00011515 0.00011485 0.00011395 0.0001133 0.00018435 0.00013575 0.0001364 0.00013635 0.0001638 8.69e-05 0.0001408 0.0001644 0.00013575 0.00014025 0.00011595 0.00016425 0.0001358 6.515e-05 8.59e-05 6.34e-05 0.0001146 0.00011455 0.00010425 6.33e-05 0.00014025 0.00010865 0.00015405 0.0001636 0.00010415 9.075e-05 0.0001357 0.0001141 0.00011395 0.00013495 0.00014505 0.000114 0.00010855 0.00011505 8.56e-05 6.585e-05 0.00013595 0.0001543 0.0001544 6.35e-05 0.00014635 8.635e-05 6.35e-05 0.00019515 6.355e-05 0.00013855 0.0001641 0.000164 0.0001953 0.00013885 0.0001141 0.00015455 0.00011385 0.00014035 6.575e-05 0.00011515 6.35e-05 0.000114
28 8.61e-05 8.645e-05 8.85e-05 0.00011035 8.3e-05 0.00011755 8.865e-05 0.0001067 0.00011685 0.00014125 6.035e-05 0.000185 8.21e-05 0.0001322 6.275e-05 8.905e-05 0.00017985 0.00014105 8.185e-05 0.0001319 8.875e-05 0.00010655 0.00014095 8.855e-05 0.00014065 0.00010695 0.0001052 6.385e-05 7.14e-05 0.00011165 0.00012275 7.72e-05 6.37e-05 8.9e-05 0.0001414 9.7e-05 8.855e-05 9.7e-05 0.00010705 0.000107 8.885e-05 8.78e-05 0.00018125 0.00011155 0.0001122 0.00011275 0.00014145 7.725e-05 0.000118 0.00014125 0.00011155 0.0001177 0.00011555 0.00014165 0.00011115 8.205e-05 8.665e-05 6.37e-05 0.00010655 9e-05 7.915e-05 9.155e-05 0.0001177 8.29e-05 0.0001317 0.00014125 7.905e-05 8.26e-05 0.0001117 8.9e-05 0.0001166 0.00014095 0.00012675 8.88e-05 8.28e-05 0.000107 5.88e-05 7.23e-05 0.00011195 0.0001317 0.0001318 6.35e-05 0.0001451 6.095e-05 6.365e-05 0.00017935 3.595e-05 0.00011575 0.0001415 0.0001414 0.0001795 0.0001158 0.000106 0.00013195 8.875e-05 0.0001171 7.225e-05 0.00010705 6.35e-05 8.85e-05
29 3.365e-05 6.155e-05 8.365e-05 3.42e-05 5.425e-05 8.59e-05 9.105e-05 9.865e-05 0.00010855 6.085e-05 8.225e-05 9.95e-05 6.095e-05 6.245e-05 9.025e-05 8.975e-05 7.495e-05 8.94e-05 0.000143 3.285e-05 9.04e-05 7.88e-05 0.0001514 0.000118 3.315e-05 7.91e-05 3.285e-05 0.00013585 0.00011165 6.39e-05 0.00014365 9.755e-05 0.0001357 5.56e-05 6.27e-05 0.00010645 9.01e-05 9.735e-05 9.73e-05 9.895e-05 8.95e-05 8.325e-05 0.00012115 6.125e-05 3.265e-05 9.05e-05 6.275e-05 9.74e-05 5.585e-05 3.375e-05 3.225e-05 8.44e-05 5.81e-05 6.06e-05 3.31e-05 0.0001435 7.855e-05 0.0001357 9.74e-05 8.25e-05 8.995e-05 0.000125 5.64e-05 6.09e-05 3.435e-05 9.055e-05 8.985e-05 9.91e-05 6.24e-05 0.0001176 7.96e-05 0.00012325 0.00013175 8.96e-05 6.1e-05 6.91e-05 8.245e-05 0.00016195 6.265e-05 6.14e-05 3.275e-05 0.0001355 0.00013965 8.25e-05 0.00013565 0.00010325 0.0001465 3.51e-05 3.235e-05 6.075e-05 0.0001028 3.43e-05 0.00012575 3.375e-05 8.92e-05 5.51e-05 0.00013375 9.73e-05 0.0001355 8.32e-05
30 0.00012805 0.00012795 0.0001445 0.0001437 0.00012395 0.0001348 0.0001427 0.00014745 0.00015445 0.0001634 0.00012335 0.00015915 0.0001241 0.00016305 0.00012695 0.00014345 0.00016905 0.00016305 0.0001383 0.00016365 0.0001431 0.00015385 0.00012715 0.0001427 0.00016345 0.00015415 0.0001463 0.0001338 0.00012275 0.00014365 0.0002444 0.00012795 0.00013355 0.0001437 0.0001633 0.00014825 0.0001428 0.00014745 0.00014805 0.00014775 0.00014315 0.000143 0.00014325 0.00014345 0.00014425 0.0001438 0.00016335 0.000128 0.00016385 0.0001638 0.00014355 0.00016355 0.00013395 0.00016405 0.00014355 0.0001385 0.0001341 0.00013355 0.0001472 0.0001438 0.000143 0.00014495 0.00016345 0.00012385 0.0001632 0.00016325 0.0001428 0.00013305 0.00014375 0.0001434 0.0001543 0.000127 0.00014795 0.0001433 0.00012375 0.0001478 0.000123 0.000132 0.000144 0.0001633 0.00016355 0.00013335 0.000153 0.00012365 0.0001335 0.0001684 0.00012225 0.0001477 0.0001638 0.00016355 0.0001688 0.00014785 0.0001474 0.00016355 0.00014305 0.00016345 0.00013175 0.00014805 0.00013335 0.00014315
31 7.245e-05 7.28e-05 9.475e-05 9.825e-05 6.925e-05 8.825e-05 0.00010455 9.62e-05 0.00010715 0.000126 6.99e-05 0.0001486 6.83e-05 0.00011615 8.015e-05 0.00010575 0.00015815 0.0001254 7.835e-05 0.00011705 0.00010515 9.8e-05 0.0001199 0.00010485 0.0001257 9.83e-05 9.115e-05 8.685e-05 7.72e-05 9.755e-05 0.00012795 0.0001351 8.67e-05 9.84e-05 0.00012535 9.47e-05 0.00010485 8.74e-05 9.75e-05 9.665e-05 0.0001055 9.72e-05 0.00014805 9.66e-05 9.785e-05 9.745e-05 0.0001254 6.815e-05 0.00012355 0.00012665 9.745e-05 0.00012295 8.91e-05 0.0001269 9.725e-05 7.845e-05 7.875e-05 8.67e-05 9.68e-05 9.805e-05 9.585e-05 8.93e-05 0.00012285 6.915e-05 0.00011605 0.0001253 9.575e-05 7.28e-05 9.655e-05 0.0001058 0.00010765 0.0001201 0.00013665 0.0001056 6.885e-05 9.765e-05 7.635e-05 6.8e-05 9.66e-05 0.00011645 0.00011695 8.65e-05 0.0001287 6.99e-05 8.665e-05 0.0001573 8.42e-05 0.0001008 0.00012665 0.00012615 0.000158 0.00010125 9.605e-05 0.0001167 0.00010545 0.0001237 6.815e-05 9.75e-05 8.65e-05 9.79e-05
32 0.0001106 0.000111 0.0001128 0.00013565 0.0001086 0.0001167 0.00011325 0.00011435 0.0001138 0.0001637 8.655e-05 0.0001757 0.0001078 0.0001544 8.805e-05 0.000114 0.0001955 0.0001635 6.505e-05 0.00015435 0.0001138 0.0001039 0.00013485 0.0001134 0.0001633 0.00010445 0.00012825 6.34e-05 6.37e-05 0.0001357 0.00013355 8.67e-05 0.0001263 0.00011445 0.0001636 0.0001051 0.0001135 0.0001049 0.000115 0.0001147 0.0001137 0.00011315 0.0001842 0.0001356 0.00013625 0.0001362 0.00016365 8.675e-05 0.00014065 0.00016425 0.0001356 0.0001401 0.0001158 0.0001641 0.00013565 6.5e-05 8.575e-05 6.315e-05 0.00011445 0.0001144 0.0001041 6.32e-05 0.0001401 0.0001085 0.0001539 0.00016345 0.0001039 9.06e-05 0.00013555 0.00011385 0.0001138 0.0001348 0.0001448 0.00011385 0.0001084 0.0001149 8.545e-05 6.57e-05 0.0001358 0.00015415 0.00015425 6.325e-05 0.0001462 8.62e-05 6.325e-05 0.000195 6.32e-05 0.0001384 0.00016395 0.00016385 0.00019515 0.0001387 0.00011395 0.0001544 0.0001136 0.0001402 6.56e-05 0.000115 6.325e-05 0.00011385
33 5.595e-05 8.355e-05 8.37e-05 5.395e-05 7.66e-05 0.00010805 9.1e-05 9.935e-05 0.0001095 8.34e-05 8.28e-05 0.00012165 8.355e-05 8.44e-05 9e-05 9.03e-05 9.785e-05 0.00011115 0.0001229 5.62e-05 8.995e-05 8.03e-05 0.0001522 0.00011775 5.595e-05 8.07e-05 5.56e-05 0.0001146 8.9e-05 5.56e-05 0.0001437 9.84e-05 0.00011445 0.0001074 8.465e-05 9.85e-05 8.965e-05 9.86e-05 9.86e-05 9.965e-05 9.015e-05 8.26e-05 0.00014315 8.335e-05 5.615e-05 0.0001124 8.47e-05 9.845e-05 5.545e-05 5.46e-05 5.545e-05 8.42e-05 7.91e-05 8.38e-05 5.54e-05 0.0001231 8e-05 0.00011445 9.82e-05 8.365e-05 9.045e-05 0.00010475 5.64e-05 8.325e-05 5.705e-05 0.0001123 9.035e-05 9.965e-05 8.46e-05 0.0001179 8.015e-05 0.00012435 0.00013175 9.015e-05 8.315e-05 7.07e-05 8.275e-05 0.0001412 8.485e-05 8.39e-05 5.605e-05 0.00011425 0.0001404 8.305e-05 0.0001144 0.00012525 0.00012425 5.705e-05 5.575e-05 8.365e-05 0.0001254 5.585e-05 0.00012625 5.605e-05 9.01e-05 5.51e-05 0.0001133 9.865e-05 0.00011425 8.255e-05
34 8.71e-05 8.645e-05 8.74e-05 6.34e-05 9.02e-05 0.0001052 9.015e-05 9.56e-05 0.00010575 3.32e-05 0.0001115 0.00011945 9.135e-05 4.04e-05 0.00011565 9.2e-05 7.81e-05 3.175e-05 0.00016905 4.365e-05 9.125e-05 0.00011525 0.0001689 9.02e-05 3.39e-05 0.00011525 6.8e-05 0.00016375 0.0001414 6.27e-05 0.0001633 0.00012535 0.0001636 8.465e-05 6.31e-05 0.0001079 9.095e-05 0.00010585 9.74e-05 9.565e-05 9.18e-05 8.3e-05 0.0001117 6.135e-05 6.325e-05 6.125e-05 3.175e-05 0.0001254 5.815e-05 3.5e-05 6.26e-05 5.71e-05 0.000105 3.525e-05 6.29e-05 0.00016895 0.00013425 0.0001636 9.53e-05 8.47e-05 0.0001006 0.0001787 5.695e-05 9.01e-05 4.2e-05 3.19e-05 0.0001005 0.00012195 6.17e-05 9.17e-05 0.00010625 0.0001686 0.0001347 9.185e-05 9e-05 9.705e-05 0.00011965 0.00015975 6.195e-05 4.215e-05 4.355e-05 0.0001634 0.00014045 0.00011145 0.00016355 7.62e-05 0.0001486 5.75e-05 3.475e-05 3.34e-05 7.81e-05 5.845e-05 9.57e-05 4.315e-05 9.17e-05 5.85e-05 0.0001594 9.74e-05 0.0001634 8.31e-05
35 0.0001041 0.00010405 9.4e-05 0.00010615 0.00010535 0.00011515 0.00010605 9.64e-05 0.00010725 0.000108 9.795e-05 0.0001522 0.00010375 0.0001053 0.0001036 0.0001067 0.0001435 0.0001073 9.555e-05 0.00010615 0.0001058 0.00010455 0.0001388 0.0001057 0.00010825 0.00010495 0.00010415 0.00010525 9.7e-05 0.00010645 0.00014825 9.47e-05 0.0001051 9.85e-05 0.0001079 0.0001691 0.0001055 9.39e-05 9.705e-05 9.675e-05 0.00010645 9.86e-05 0.0001494 0.00010585 0.000107 0.00010695 0.00010795 9.455e-05 9.62e-05 0.0001079 0.00010635 9.635e-05 0.0001161 0.0001089 0.0001066 9.575e-05 0.0001052 0.0001051 9.63e-05 9.89e-05 0.0001038 0.0001063 9.635e-05 0.00010525 0.0001057 0.00010775 0.0001037 9.485e-05 0.00010585 0.00010665 0.0001069 0.00013905 0.00014085 0.00010655 0.00010515 9.725e-05 0.000104 8.495e-05 0.0001058 0.00010545 0.00010605 0.0001049 0.00013145 9.78e-05 0.00010505 0.00014255 0.000104 0.00010595 0.00010875 0.00010815 0.00014325 0.00010555 9.605e-05 0.0001055 0.0001064 9.665e-05 8.515e-05 9.705e-05 0.0001049 9.875e-05
36 9.01e-05 8.98e-05 9.085e-05 8.965e-05 9.005e-05 0.0001145 9.005e-05 0.0001056 0.00011575 9e-05 8.935e-05 0.0001558 9.015e-05 9.07e-05 8.89e-05 8.965e-05 0.0001322 8.965e-05 0.00012915 9.065e-05 8.83e-05 0.0001145 0.0001585 8.9e-05 9.045e-05 0.0001149 9e-05 0.00011365 8.855e-05 9.01e-05 0.0001428 0.00010485 0.0001135 8.965e-05 9.095e-05 0.0001055 0.000176 0.00010495 0.00010515 0.0001059 8.945e-05 8.94e-05 0.0001494 8.985e-05 9.065e-05 9.105e-05 9.1e-05 0.0001049 8.97e-05 9.015e-05 9e-05 9.125e-05 0.00011365 9.055e-05 8.995e-05 0.00012935 0.0001143 0.0001135 0.0001045 9e-05 8.96e-05 0.00013885 9.125e-05 8.995e-05 9.125e-05 9.08e-05 8.95e-05 0.0001058 9.1e-05 8.96e-05 0.00011365 0.0001585 0.0001308 8.95e-05 8.985e-05 0.0001051 8.895e-05 0.0001196 9.125e-05 9.03e-05 9.055e-05 0.0001133 0.00014665 8.955e-05 0.00011345 0.00013155 8.825e-05 9.1e-05 9.04e-05 9.015e-05 0.00013185 8.91e-05 0.0001047 8.955e-05 8.935e-05 9.02e-05 0.00011955 0.00010515 0.0001133 8.935e-05
37 8.865e-05 8.865e-05 9.575e-05 9.855e-05 9.06e-05 0.0001068 0.0001047 9.515e-05 0.00010575 0.0001055 9.025e-05 0.0001498 8.915e-05 9.665e-05 9.55e-05 0.00010495 0.0001405 0.0001058 9.5e-05 9.52e-05 0.00010525 9.515e-05 0.00013805 0.00010495 0.0001046 9.555e-05 8.64e-05 0.00010505 9.7e-05 9.735e-05 0.00014745 8.74e-05 0.0001049 9.86e-05 0.00010585 9.39e-05 0.00010495 0.0001693 9.535e-05 9.55e-05 0.00010475 9.74e-05 0.00014785 9.775e-05 9.79e-05 9.825e-05 0.0001059 8.74e-05 0.0001044 0.00010645 9.725e-05 0.0001039 0.0001073 0.0001056 9.77e-05 9.56e-05 9.765e-05 0.0001049 9.555e-05 9.735e-05 9.46e-05 0.0001059 0.0001038 9.05e-05 9.52e-05 0.0001058 9.45e-05 8.715e-05 9.725e-05 0.00010505 0.00010615 0.00013825 0.00013955 0.0001048 9.04e-05 9.55e-05 9.675e-05 8.495e-05 9.725e-05 9.55e-05 9.51e-05 0.0001047 0.0001301 9.025e-05 0.00010485 0.0001405 0.000104 9.65e-05 0.00010525 0.00010565 0.00014035 9.69e-05 9.49e-05 9.575e-05 0.00010465 0.00010385 8.51e-05 9.535e-05 0.0001047 9.8e-05
