 slim_337511740 slim_337511761 slim_337511628 slim_337511746 slim_337511757 slim_337511697 slim_337511486 slim_337511739 slim_337511669 slim_337511666 slim_337511679 slim_337511664 slim_337511675 slim_337511696 slim_337511626 slim_337511558 slim_337511635 slim_337511619 slim_337511742 slim_337511695 slim_337511636 slim_337511579 slim_337511662 slim_337511747 slim_337511663 slim_337511683 slim_337511648 slim_337511651 slim_337511734 slim_337511642 slim_337510821 slim_337511723 slim_337511713 slim_337511613 slim_337511598 slim_337511661 slim_337511409 slim_337511629 slim_337511688 slim_337511755 slim_337511758 slim_337511728 slim_337511730 slim_337511731 slim_337511113 slim_337511748 slim_337511470 slim_337511607 slim_337511511 slim_337511647 slim_337511694 slim_337511459 slim_337511686 slim_337511433 slim_337511724 slim_337511365 slim_337511678 slim_337511492 slim_337511354 slim_337511727 slim_337510948 slim_337511641 slim_337511602 slim_337511754 slim_337511699 slim_337511760 slim_337511714 slim_337511570 slim_337511745 slim_337511618 slim_337511718 slim_337511698 slim_337511710 slim_337511671 slim_337511722 slim_337511729 slim_337511589 slim_337511682 slim_337511744 slim_337511617 slim_337511741 slim_337511496 slim_337511247 slim_337511733 slim_337511640 slim_337511604 slim_337511692 slim_337511691 slim_337511700 slim_337511756 slim_337511725 slim_337511208 slim_337511584 slim_337511708 slim_337511665 slim_337511715 slim_337511524 slim_337511624 slim_337511362 slim_337511685
0 0.0008616 0.00079055 0.0008932 0.0008266 0.0008738 0.0007526 0.0008459 0.0008216 0.00087575 0.0007595 0.0008252 0.00091295 0.00075715 0.0008228 0.0007708 0.00073105 0.0008084 0.00080355 0.00090095 0.0008956 0.00080545 0.0008433 0.00079115 0.00073825 0.000885 0.0008836 0.0007601 0.0008515 0.00077745 0.00084625 0.0006606 0.00078975 0.00086385 0.00085515 0.00082365 0.00089735 0.0008791 0.00082595 0.00084965 0.00080775 0.0007926 0.0008344 0.00081155 0.00084885 0.0008636 0.00083255 0.00081165 0.00080275 0.0006443 0.0008992 0.0008038 0.00080355 0.0008668 0.0008404 0.00086935 0.00084665 0.0007714 0.00065205 0.0006152 0.00078675 0.0008034 0.0008101 0.0008252 0.0008934 0.0007868 0.0008229 0.0006719 0.0008036 0.00060535 0.00058695 0.00084175 0.000796 0.00082315 0.0008616 0.0009211 0.00086325 0.0008151 0.00085545 0.00086905 0.0008052 0.0008363 0.00089465 0.0008616 0.00088575 0.00074305 0.00075675 0.0008554 0.0008868 0.00091795 0.00072685 0.00089165 0.00080335 0.00091405 0.0008227 0.0008124 0.00087555 0.00090505 0.00077145 0.0008456 0.0008485
1 0.00079055 0.0007285 0.0008279 0.00086185 0.00086405 0.00077925 0.00074855 0.0008015 0.00077505 0.0006237 0.0007847 0.0007549 0.00080945 0.00081425 0.00075955 0.00085815 0.00084435 0.0006326 0.00077515 0.00079685 0.00083605 0.0008158 0.00083505 0.00079175 0.00082245 0.0008464 0.00049895 0.000788 0.0006235 0.00078875 0.0008333 0.00069535 0.00088135 0.00081095 0.00055995 0.00085985 0.0008729 0.00052865 0.000694 0.0007111 0.00084815 0.00080915 0.00058025 0.0007579 0.00085325 0.00086005 0.00058005 0.0008145 0.00073055 0.00090315 0.00063285 0.0006326 0.00079035 0.0008574 0.00078055 0.0008303 0.00077215 0.0008351 0.0007911 0.000693 0.00063245 0.0007866 0.0008951 0.0008281 0.0006813 0.00081435 0.00076225 0.00063255 0.0007962 0.00075045 0.00072795 0.00050725 0.00080345 0.0007275 0.00072155 0.0006618 0.00061115 0.00081125 0.00074925 0.00081685 0.00082005 0.0008012 0.00083375 0.0007195 0.00084595 0.0005936 0.00061775 0.0007106 0.000693 0.00075125 0.0008001 0.00063255 0.0008613 0.0006133 0.00063265 0.0007777 0.00089645 0.0006854 0.00079925 0.0008275
2 0.0008932 0.0008279 0.0009267 0.00062095 0.0007931 0.00076745 0.00078715 0.0007584 0.00060075 0.0008543 0.0008064 0.0004636 0.00067455 0.0007512 0.0007911 0.00063605 0.0006905 0.00065985 0.0006671 0.00062415 0.0007282 0.00078385 0.00081685 0.00075495 0.00087745 0.0008416 0.0007613 0.0008186 0.0008233 0.0006207 0.00078975 0.00083205 0.000851 0.0008573 0.00066015 0.00073595 0.0008479 0.0008207 0.00056495 0.0007448 0.0008636 0.0008244 0.0008636 0.00078155 0.0006398 0.0008762 0.0008637 0.00078745 0.00084965 0.0006707 0.0006601 0.00065995 0.00065345 0.00078395 0.00063015 0.00057715 0.0008063 0.0006945 0.00090005 0.00071515 0.0006597 0.00078285 0.000865 0.0004638 0.00081205 0.0007513 0.00069455 0.0006599 0.00085195 0.00083185 0.00081775 0.0008477 0.00061765 0.0007813 0.0007458 0.0006528 0.00072895 0.0008576 0.00086115 0.00075695 0.000746 0.00064525 0.0008331 0.0006374 0.0008612 0.00081715 0.00083925 0.00069575 0.000785 0.00082505 0.0008314 0.00065975 0.0007746 0.0008104 0.00064655 0.00062865 0.00088725 0.00073495 0.00086385 0.0007013
3 0.0008266 0.00086185 0.00062095 0.0008476 0.0008135 0.00073145 0.00085105 0.0007566 0.0007849 0.00083995 0.000636 0.00081765 0.0006188 0.00066225 0.0008239 0.00058545 0.000498 0.0006405 0.00085935 0.00063205 0.0005626 0.0008716 0.000795 0.00076575 0.0008811 0.0008524 0.0008191 0.00083145 0.0008367 0.0006207 0.00075195 0.00086315 0.00082675 0.0008721 0.00083755 0.0006881 0.0008319 0.00084855 0.00079945 0.0007618 0.000843 0.00066255 0.00087915 0.00063195 0.00061505 0.00086745 0.00087925 0.0006256 0.00082825 0.0006482 0.00064075 0.00064045 0.00083005 0.00077565 0.0008225 0.00065815 0.00081805 0.0006307 0.00084995 0.0007265 0.00064035 0.00087775 0.0008475 0.00062115 0.0008306 0.00066235 0.00082755 0.00064055 0.0006307 0.00080535 0.00083405 0.00084905 0.00078785 0.0008705 0.00080985 0.0006409 0.000693 0.0008724 0.0008506 0.00076425 0.00072455 0.00083935 0.0008368 0.00081545 0.00083925 0.0006404 0.000854 0.0007908 0.00084005 0.00067175 0.0008561 0.00064025 0.00087375 0.0008952 0.0006251 0.00071345 0.00089225 0.00070755 0.00083675 0.000801
4 0.0008738 0.00086405 0.0007931 0.0008135 0.0008686 0.00084435 0.00087355 0.00087655 0.00076375 0.0008356 0.0008678 0.00080255 0.00080955 0.00085465 0.0006619 0.00084505 0.00081655 0.0008106 0.0008073 0.0008196 0.00079115 0.00085635 0.0008535 0.00086205 0.00085055 0.00067085 0.00080165 0.00084455 0.0008396 0.00082285 0.00087255 0.00084445 0.00070205 0.0008297 0.0008204 0.0008599 0.00070885 0.0008468 0.00078405 0.0008073 0.00084215 0.00082775 0.00082505 0.00084955 0.00078045 0.0008737 0.00082515 0.0006388 0.0008458 0.00082835 0.00081085 0.0008106 0.0008246 0.00080675 0.0006184 0.0008257 0.00086755 0.0008125 0.00084595 0.00083495 0.00081045 0.00085945 0.0008651 0.0007933 0.0008376 0.00085475 0.0008221 0.00081065 0.0008425 0.00086305 0.00060995 0.0008119 0.000821 0.0008256 0.00087075 0.00076045 0.00083 0.00083 0.000837 0.0007997 0.0007989 0.00077775 0.0006656 0.0007831 0.00083915 0.0008405 0.0008209 0.00080615 0.00085575 0.000883 0.0008763 0.0008104 0.00089145 0.0008715 0.00081405 0.00085495 0.00084115 0.0008078 0.00088895 0.00080245
5 0.0007526 0.00077925 0.00076745 0.00073145 0.00084435 0.0008818 0.00080125 0.0008164 0.0008173 0.00076655 0.00085235 0.00090535 0.0006412 0.00086855 0.0007944 0.0007364 0.0007207 0.00068 0.00087935 0.0007531 0.0007609 0.00086975 0.0007265 0.0008015 0.00087215 0.0008399 0.0007444 0.0008396 0.00082195 0.00086925 0.00086085 0.000829 0.0006336 0.00084485 0.00081825 0.0008462 0.00085815 0.0008038 0.0008317 0.00072505 0.00083385 0.0008434 0.0007922 0.0008551 0.00074625 0.00073755 0.00079225 0.00083155 0.0008232 0.00064095 0.00068025 0.00068 0.0008705 0.0005647 0.00086755 0.0007616 0.0007943 0.0006616 0.0007793 0.00065895 0.00067985 0.0008796 0.00070625 0.00076765 0.0007971 0.00086865 0.00079965 0.00068005 0.00076365 0.00070875 0.00083245 0.0007831 0.0008923 0.00086925 0.0009121 0.00072605 0.00076755 0.00084515 0.0008627 0.0007414 0.0007106 0.0008655 0.00085845 0.0008676 0.00084055 0.00078195 0.00081555 0.00080195 0.00087685 0.00078365 0.0007435 0.00067985 0.0008927 0.00081495 0.00066265 0.0007544 0.00076825 0.0006507 0.0006544 0.0007961
6 0.0008459 0.00074855 0.00078715 0.00085105 0.00087355 0.00080125 0.0008139 0.00080905 0.00074095 0.00082585 0.0006879 0.0006947 0.000856 0.0006148 0.0007972 0.00087235 0.0008541 0.00086855 0.0007477 0.0007375 0.00081825 0.000603 0.0006527 0.0007841 0.00080855 0.00085175 0.00085265 0.00069475 0.00062555 0.0007585 0.0008262 0.00070575 0.00080815 0.0008001 0.00077645 0.00081455 0.00085905 0.0007267 0.00077115 0.0007196 0.0007341 0.00081165 0.00082935 0.00070905 0.00080745 0.0007751 0.00082945 0.0008395 0.00072165 0.0008782 0.0008688 0.00086855 0.00074675 0.00076385 0.0007756 0.00066115 0.00072695 0.00087945 0.0007766 0.0007422 0.0008684 0.0005586 0.0008351 0.00078735 0.0006845 0.0006149 0.00078715 0.0008686 0.00085105 0.00082975 0.0007438 0.0007446 0.0007414 0.0005189 0.00074845 0.0008581 0.00082945 0.0008004 0.0007234 0.0008044 0.00086015 0.00074925 0.00084175 0.0006812 0.000763 0.00084005 0.00075045 0.0007366 0.0005956 0.0007291 0.00073595 0.00086835 0.00065535 0.00068865 0.0008354 0.00067925 0.00085215 0.00076535 0.0006415 0.00061055
7 0.0008216 0.0008015 0.0007584 0.0007566 0.00087655 0.0008164 0.00080905 0.0009086 0.0008533 0.0008888 0.0008448 0.00085395 0.00077405 0.00082175 0.00068425 0.00072225 0.0008126 0.0007915 0.0008233 0.00074195 0.0008146 0.0008302 0.00061755 0.0005831 0.00068195 0.0008525 0.00090165 0.0008392 0.0008015 0.00085205 0.00074625 0.00078 0.00088415 0.00083025 0.0008874 0.0007086 0.00074125 0.00087085 0.00086845 0.00080835 0.0007585 0.00082155 0.00085665 0.0008358 0.00078755 0.0007609 0.00085675 0.0008618 0.00079695 0.0007787 0.00079175 0.0007915 0.00086055 0.0008175 0.0008636 0.0007111 0.00055695 0.00077665 0.00077495 0.00079895 0.00079135 0.0007097 0.00085975 0.0007586 0.00066835 0.00082185 0.00087235 0.00079155 0.00087055 0.00067255 0.00085735 0.0008811 0.0007828 0.0008171 0.00069145 0.00079985 0.00085845 0.00083055 0.000706 0.00081915 0.00084155 0.00088135 0.0007465 0.00083825 0.00067925 0.0008853 0.0008881 0.00085385 0.00082125 0.00066195 0.0008418 0.0007913 0.0008459 0.0009056 0.0007845 0.00079195 0.00088075 0.0008161 0.0008436 0.000786
8 0.00087575 0.00077505 0.00060075 0.0007849 0.00076375 0.0008173 0.00074095 0.0008533 0.0008533 0.0007929 0.0008085 0.0004269 0.0008067 0.0007292 0.00080125 0.00079305 0.000775 0.00076765 0.0006626 0.00078475 0.00075405 0.00063615 0.00082645 0.0008276 0.00088475 0.0008119 0.0006872 0.00080995 0.00077895 0.00061085 0.00082805 0.0008306 0.0008103 0.00075395 0.00059395 0.00083825 0.0007978 0.00077795 0.00052025 0.0007448 0.0008263 0.00084675 0.0008297 0.00079505 0.00076225 0.00084935 0.0008298 0.00078145 0.0008231 0.000802 0.0007679 0.00076765 0.0005179 0.00080415 0.0005973 0.0006965 0.00081845 0.0008313 0.0008576 0.00076715 0.0007675 0.0007231 0.00084815 0.000601 0.0008088 0.0007293 0.0006575 0.0007677 0.00084165 0.00084885 0.00077535 0.00077205 0.00063615 0.0007229 0.00077925 0.0007477 0.0007863 0.00075425 0.0008267 0.0006487 0.00082645 0.0006154 0.0008158 0.0005956 0.00086195 0.0007779 0.00075345 0.00068745 0.000795 0.0008378 0.0008332 0.00076745 0.0007918 0.00074375 0.00077775 0.0007106 0.0008814 0.00077015 0.00084495 0.00068815
9 0.0007595 0.0006237 0.0008543 0.00083995 0.0008356 0.00076655 0.00082585 0.0008888 0.0007929 0.0009084 0.00084295 0.00084305 0.0006642 0.00081435 0.00081755 0.0008513 0.0008249 0.0006599 0.0008556 0.00085335 0.0008194 0.00080845 0.0008378 0.00084425 0.0008838 0.00085715 0.00057235 0.00064775 0.0007888 0.0008286 0.00082075 0.0008303 0.0008424 0.00083565 0.000649 0.00090275 0.00087225 0.00064785 0.0007665 0.00076955 0.0006347 0.0008413 0.0006616 0.00082785 0.00085745 0.00083905 0.00066145 0.00079775 0.00078455 0.0008732 0.00066015 0.0006599 0.00082275 0.00083165 0.0008121 0.0008249 0.0008489 0.0007977 0.00077225 0.0007678 0.00065975 0.00079975 0.0006589 0.0008545 0.0008171 0.00081445 0.0007866 0.00065985 0.00077225 0.0008066 0.0007807 0.00061755 0.00082415 0.0007971 0.0007637 0.00069565 0.00067275 0.00083595 0.0008395 0.0007944 0.00080775 0.00083395 0.0008475 0.0008165 0.00084125 0.00063435 0.00070295 0.0007289 0.00084135 0.00080325 0.0008524 0.00065985 0.00087465 0.00066605 0.0007011 0.00084655 0.0008698 0.0007454 0.00085035 0.0008194
10 0.0008252 0.0007847 0.0008064 0.000636 0.0008678 0.00085235 0.0006879 0.0008448 0.0008085 0.00084295 0.0008539 0.0007679 0.00083895 0.0006382 0.000874 0.0007891 0.00064405 0.0008542 0.00083375 0.00069925 0.0006261 0.00083075 0.000824 0.00085225 0.00085335 0.00087595 0.00080845 0.00068795 0.0006859 0.00059735 0.0007825 0.00078985 0.0008424 0.0008562 0.00081605 0.00075745 0.00082915 0.0007088 0.00076055 0.0006969 0.00081985 0.0006634 0.0008818 0.00049045 0.0007715 0.0008416 0.0008819 0.0006494 0.00075535 0.000836 0.00085445 0.0008542 0.00079 0.0008289 0.0008198 0.00083955 0.00084455 0.00083775 0.0008239 0.0007129 0.00085405 0.000826 0.00084405 0.0008066 0.00078375 0.0006383 0.0007994 0.00085425 0.00062895 0.00085135 0.00078145 0.00077765 0.0008002 0.00077005 0.00084015 0.0008377 0.00079095 0.0008565 0.0007488 0.00081005 0.00084925 0.0008023 0.00083375 0.0007317 0.0008307 0.0006453 0.00079015 0.00084405 0.0005538 0.0007046 0.0007099 0.000854 0.0008622 0.00086855 0.00080325 0.0007012 0.00086075 0.0007748 0.0006962 0.0008372
11 0.00091295 0.0007549 0.0004636 0.00081765 0.00080255 0.00090535 0.0006947 0.00085395 0.0004269 0.00084305 0.0007679 5e-07 0.00093775 0.0006186 0.00080505 0.0008111 0.0008134 0.00085575 0.0004611 0.00083435 0.00078265 0.00067625 0.0008771 0.00083265 0.0008847 0.00086885 0.0006029 0.0008216 0.0007824 0.00035445 0.00077125 0.0008247 0.00085685 0.0008731 0.000393 0.000781 0.0008313 0.00076365 0.00021065 0.0008119 0.00087955 0.0008152 0.0008535 0.0007254 0.0007986 0.00087375 0.0008536 0.00074715 0.0008262 0.00086865 0.000856 0.00085575 0.00041215 0.0008773 0.0003931 0.0006978 0.00083755 0.00096005 0.00092555 0.0008275 0.0008556 0.0006636 0.0008954 0.0004638 0.0008223 0.0006187 0.0004971 0.0008558 0.00085115 0.0009055 0.00080295 0.0008028 0.00042415 0.0006742 0.00070255 0.00081995 0.0007629 0.0008734 0.0008336 0.0008308 0.00093795 0.0004266 0.000803 0.000386 0.00088495 0.00074675 0.00081695 0.00068585 0.0007422 0.00085845 0.000816 0.00085555 0.0007447 0.00069385 0.00085615 0.00069135 0.00092185 0.000876 0.00087525 0.00069265
12 0.00075715 0.00080945 0.00067455 0.0006188 0.00080955 0.0006412 0.000856 0.00077405 0.0008067 0.0006642 0.00083895 0.00093775 0.0008222 0.000858 0.00078625 0.00064585 0.00067825 0.00058595 0.0008942 0.00061925 0.0007302 0.00085215 0.0007924 0.00075545 0.00088815 0.000831 0.00077215 0.00069745 0.0008119 0.00088185 0.00082635 0.00083495 0.0008216 0.00083285 0.0008495 0.00080665 0.00086795 0.0007941 0.0008606 0.00067865 0.00071765 0.00083845 0.0008059 0.00082675 0.00065845 0.0008566 0.00080595 0.00081335 0.00080795 0.0006582 0.0005862 0.00058585 0.00087605 0.00073315 0.00086915 0.0006406 0.00080265 0.00055235 0.0007805 0.00063885 0.0005858 0.000869 0.0007064 0.00067475 0.0007836 0.0008581 0.0008157 0.000586 0.0007599 0.0007156 0.0007979 0.0007782 0.00085545 0.00084235 0.0008684 0.00063555 0.0007219 0.00083315 0.0008601 0.0007092 0.0006341 0.00086365 0.000865 0.0008669 0.00084415 0.0007934 0.00080265 0.0007805 0.00082735 0.00078275 0.00083645 0.00058585 0.00083895 0.00082745 0.0005646 0.0006919 0.0008511 0.0006032 0.0008338 0.00076205
13 0.0008228 0.00081425 0.0007512 0.00066225 0.00085465 0.00086855 0.0006148 0.00082175 0.0007292 0.00081435 0.0006382 0.0006186 0.000858 0.0008813 0.0008127 0.000802 0.00066605 0.000846 0.00075535 0.00081655 0.00065605 0.0006349 0.0007287 0.0007996 0.00084575 0.0008755 0.0007884 0.00078485 0.00076135 0.0005296 0.0007476 0.0008153 0.0008514 0.00086085 0.00071375 0.00074895 0.0008286 0.000779 0.0006935 0.00080795 0.00075 0.0006665 0.0008504 0.0005951 0.0007871 0.0007803 0.0008505 0.00064145 0.00076305 0.0008626 0.00084625 0.000846 0.00072375 0.00085775 0.0007304 0.0006748 0.00075135 0.00088865 0.00078645 0.00082125 0.00084585 0.0005729 0.0008507 0.0007514 0.00077875 0.00044075 0.0007562 0.00084605 0.0006673 0.0008585 0.00080825 0.00079155 0.0006972 0.00060735 0.0007334 0.0008286 0.00075575 0.00086115 0.0007865 0.0008443 0.00090325 0.0007432 0.00081805 0.00068825 0.00076205 0.00062455 0.00082315 0.0007592 0.0007495 0.00061245 0.00081535 0.0008458 0.00073695 0.00069845 0.0008599 0.00075935 0.00090585 0.00083095 0.00083495 0.0006561
14 0.0007708 0.00075955 0.0007911 0.0008239 0.0006619 0.0007944 0.0007972 0.00068425 0.00080125 0.00081755 0.000874 0.00080505 0.00078625 0.0008127 0.0008734 0.00079485 0.00082835 0.0007964 0.0008004 0.00082915 0.00081795 0.000788 0.0006433 0.00063025 0.0008381 0.00083985 0.0008012 0.00085025 0.000838 0.00083775 0.0007953 0.00079755 0.00085845 0.0008088 0.0008107 0.0008748 0.00088165 0.00084865 0.0007958 0.00082125 0.0007613 0.00083325 0.00080595 0.000876 0.00080885 0.0007873 0.00080605 0.00065365 0.00079375 0.0008415 0.00079665 0.0007964 0.0008131 0.0007992 0.00062085 0.0007508 0.0005923 0.0008048 0.00076775 0.0008185 0.00079625 0.00071405 0.00084535 0.0007913 0.0006577 0.0008128 0.0008189 0.00079645 0.0008517 0.0006571 0.00065765 0.00084745 0.00079195 0.0008165 0.000876 0.00078595 0.0008343 0.0008091 0.0008792 0.0007884 0.0008277 0.00079795 0.00066645 0.0008434 0.0007335 0.0008432 0.00086595 0.00081535 0.00088135 0.00061975 0.00087645 0.0007962 0.00085615 0.00083015 0.00079725 0.0008337 0.00088155 0.00082335 0.00085555 0.00076
15 0.00073105 0.00085815 0.00063605 0.00058545 0.00084505 0.0007364 0.00087235 0.00072225 0.00079305 0.0008513 0.0007891 0.0008111 0.00064585 0.000802 0.00079485 0.0009215 0.0006512 0.0006774 0.0008404 0.0006568 0.0007166 0.00085795 0.00077145 0.0007229 0.000877 0.00085515 0.00086095 0.00083065 0.0007712 0.0007603 0.00061305 0.0007719 0.00084675 0.00084595 0.0008528 0.000688 0.0008619 0.00087345 0.0008195 0.0007874 0.00082315 0.00078975 0.000882 0.00078125 0.00061755 0.0008424 0.0008821 0.0007863 0.00072445 0.0006555 0.00067765 0.0006775 0.0008163 0.0007883 0.000837 0.00066085 0.00075855 0.0006665 0.0008547 0.00073625 0.00067725 0.00084925 0.00082795 0.00063625 0.00079295 0.0008021 0.0008417 0.00067745 0.000791 0.00077595 0.000861 0.00087675 0.00078855 0.0008765 0.00083495 0.0006709 0.00070295 0.00084625 0.00087135 0.00076865 0.0007597 0.00083825 0.00086305 0.00081905 0.0008121 0.0008018 0.0008756 0.0008145 0.0008528 0.00075395 0.0008501 0.0006773 0.00087355 0.00090855 0.0006675 0.00071595 0.0008918 0.00073075 0.00084885 0.0008089
16 0.0008084 0.00084435 0.0006905 0.000498 0.00081655 0.0007207 0.0008541 0.0008126 0.000775 0.0008249 0.00064405 0.0008134 0.00067825 0.00066605 0.00082835 0.0006512 0.0008565 0.0006999 0.000876 0.00070895 0.00055835 0.00086535 0.0007963 0.00081405 0.00089965 0.00079925 0.0007919 0.0008339 0.0007646 0.0006208 0.00079955 0.000876 0.00075635 0.0008831 0.00082315 0.0007383 0.00075975 0.0008415 0.0007824 0.0007521 0.00084 0.00068355 0.00088565 0.00063945 0.00065895 0.00087415 0.00088575 0.00063755 0.00075045 0.0007268 0.00070015 0.0006999 0.00082015 0.00077065 0.00083005 0.00072695 0.0008126 0.0006901 0.00083745 0.00071945 0.00069975 0.0008746 0.00085165 0.0006907 0.0007535 0.00066615 0.00081315 0.00069995 0.00062065 0.00078785 0.00077185 0.0007649 0.00083925 0.0008001 0.0008726 0.0007106 0.00073115 0.0008834 0.00077845 0.00074015 0.00072265 0.0008307 0.00084625 0.00074145 0.0008388 0.00063035 0.00078015 0.0007858 0.0008505 0.00066875 0.00086825 0.0006997 0.0009288 0.00088445 0.0006845 0.0007158 0.0009063 0.00062345 0.0008452 0.000796
17 0.00080355 0.0006326 0.00065985 0.0006405 0.0008106 0.00068 0.00086855 0.0007915 0.00076765 0.0006599 0.0008542 0.00085575 0.00058595 0.000846 0.0007964 0.0006774 0.0006999 0.0009274 0.0008524 0.00066525 0.00075125 0.00085795 0.0008094 0.0007832 0.00087555 0.00084535 0.00058425 0.00086125 0.00084715 0.0008362 0.0008301 0.0008471 0.00086855 0.0008452 0.0006601 0.00078995 0.0008713 0.0006654 0.00078 0.00072405 0.000851 0.000833 0.0006568 0.0008418 0.00067705 0.00087355 0.00065675 0.0007946 0.00085485 0.00070115 0.0004641 0.00046395 0.0008482 0.00079065 0.00081405 0.0006596 0.000821 0.00060045 0.0007914 0.00066555 0.0004637 0.00085075 0.0008785 0.00066005 0.00083015 0.0008461 0.0007965 0.0004639 0.00077705 0.00076665 0.0008061 0.0006521 0.00081295 0.0008573 0.00071755 0.00050235 0.0005665 0.0008455 0.0008706 0.00074805 0.00068365 0.00084385 0.0008413 0.0008491 0.0008419 0.00064035 0.00074295 0.00066715 0.00086675 0.0007987 0.000884 0.0004639 0.00087665 0.00070215 0.0004995 0.00073795 0.0009022 0.000652 0.00088155 0.0007804
18 0.00090095 0.00077515 0.0006671 0.00085935 0.0008073 0.00087935 0.0007477 0.0008233 0.0006626 0.0008556 0.00083375 0.0004611 0.0008942 0.00075535 0.0008004 0.0008404 0.000876 0.0008524 0.0009217 0.00082725 0.0008479 0.00075425 0.0008379 0.00080725 0.0006619 0.00067295 0.0007478 0.0008304 0.0008027 0.00065325 0.0008175 0.00060835 0.00086755 0.00065235 0.00064675 0.0008217 0.0008736 0.0008068 0.0005624 0.00083435 0.0008519 0.0006532 0.00064645 0.0008136 0.0008212 0.0008371 0.00064655 0.0008397 0.00084105 0.0008433 0.00085265 0.0008524 0.0006522 0.00085015 0.00064745 0.0007553 0.00080525 0.0009166 0.00089215 0.0008451 0.00085225 0.00073115 0.0008646 0.0006673 0.0008038 0.00075545 0.00071075 0.00085245 0.000903 0.0008733 0.0008372 0.00083645 0.0006446 0.00075265 0.0007717 0.0008266 0.0008122 0.00065265 0.0008515 0.000849 0.0008565 0.00064335 0.0008419 0.00064315 0.0008632 0.0008387 0.000841 0.00076685 0.0007816 0.0008251 0.0008158 0.0008522 0.00074435 0.00077285 0.0008536 0.0007731 0.00082335 0.00087975 0.0008401 0.00075765
19 0.0008956 0.00079685 0.00062415 0.00063205 0.0008196 0.0007531 0.0007375 0.00074195 0.00078475 0.00085335 0.00069925 0.00083435 0.00061925 0.00081655 0.00082915 0.0006568 0.00070895 0.00066525 0.00082725 0.0008276 0.00073755 0.00081405 0.00078975 0.0007611 0.0008331 0.00082 0.00089695 0.0006019 0.0006224 0.000842 0.00083055 0.0007273 0.00084565 0.0008328 0.00087575 0.0007462 0.0008324 0.0006653 0.0008558 0.00054975 0.00081315 0.00083505 0.00086855 0.00063185 0.0006346 0.00084345 0.00086865 0.00085165 0.0007447 0.00065265 0.0006655 0.00066535 0.00083955 0.00074845 0.0008439 0.0005915 0.00079785 0.00066035 0.00087135 0.0005242 0.0006651 0.00080265 0.00082045 0.0006244 0.0007051 0.00081665 0.0008707 0.0006653 0.00087845 0.00083335 0.0007294 0.00076115 0.00079835 0.0006941 0.0008068 0.00067005 0.00078045 0.0008331 0.00072535 0.00073585 0.0006671 0.00080635 0.00085035 0.0007326 0.0008189 0.0008832 0.0007377 0.00075755 0.00041385 0.00082535 0.0006324 0.00066515 0.00075075 0.00084875 0.0006027 0.0004863 0.0008088 0.00060495 0.0007713 0.00070425
20 0.00080545 0.00083605 0.0007282 0.0005626 0.00079115 0.0007609 0.00081825 0.0008146 0.00075405 0.0008194 0.0006261 0.00078265 0.0007302 0.00065605 0.00081795 0.0007166 0.00055835 0.00075125 0.0008479 0.00073755 0.0009028 0.00085135 0.0007933 0.00079845 0.0008788 0.00082245 0.00075155 0.00080565 0.00081035 0.000617 0.00079465 0.0008609 0.0007922 0.0008779 0.00080605 0.0007783 0.00078755 0.0008153 0.0007284 0.0006701 0.0008337 0.0006824 0.0008712 0.0006265 0.00058885 0.00087795 0.0008713 0.00063705 0.0008199 0.0007862 0.0007515 0.00075125 0.0008123 0.0006524 0.00080265 0.0007646 0.0008117 0.0007279 0.00081965 0.00073525 0.0007511 0.00085665 0.0008542 0.0007284 0.00081225 0.00065615 0.0007825 0.0007513 0.00061695 0.0007742 0.00081695 0.0008203 0.00080665 0.00083575 0.00086175 0.0007579 0.00077755 0.0008782 0.0008275 0.00065465 0.00076925 0.00069715 0.0008261 0.0007832 0.00083375 0.0006402 0.00084125 0.0006564 0.00080155 0.00068195 0.0008501 0.00075105 0.00089815 0.0008612 0.00073585 0.0007386 0.000902 0.00072985 0.0008372 0.0006563
21 0.0008433 0.0008158 0.00078385 0.0008716 0.00085635 0.00086975 0.000603 0.0008302 0.00063615 0.00080845 0.00083075 0.00067625 0.00085215 0.0006349 0.000788 0.00085795 0.00086535 0.00085795 0.00075425 0.00081405 0.00085135 0.0008358 0.00071075 0.00079105 0.0008336 0.00084765 0.0008281 0.0007645 0.0007341 0.0007639 0.0007999 0.0007819 0.0008652 0.0006253 0.0007507 0.00082995 0.00084845 0.0007808 0.0007539 0.0007918 0.0007247 0.00084205 0.0008286 0.0007943 0.00083345 0.00075585 0.0008287 0.00084075 0.0007566 0.0008669 0.0008582 0.00085795 0.00054695 0.00085925 0.000753 0.00066195 0.00073135 0.00089455 0.00077725 0.0008044 0.0008578 0.00054495 0.0008235 0.00078405 0.0007354 0.000635 0.0007871 0.000858 0.00087485 0.00085185 0.00077715 0.0007748 0.0007262 0.0005711 0.00076105 0.00084405 0.00082045 0.0006256 0.0007794 0.00062945 0.00087045 0.00073515 0.00083625 0.00070615 0.00074595 0.00083815 0.00074245 0.00075945 0.00073685 0.000744 0.00079585 0.00085775 0.00067105 0.00067305 0.0008637 0.0007486 0.0008508 0.0008073 0.00082135 0.0006345
22 0.00079115 0.00083505 0.00081685 0.000795 0.0008535 0.0007265 0.0006527 0.00061755 0.00082645 0.0008378 0.000824 0.0008771 0.0007924 0.0007287 0.0006433 0.00077145 0.0007963 0.0008094 0.0008379 0.00078975 0.0007933 0.00071075 0.0006855 0.00062885 0.00071075 0.00085555 0.0008672 0.0008181 0.0008238 0.00085515 0.000782 0.00080375 0.00080985 0.0007984 0.00087 0.0007339 0.00076705 0.0008428 0.00087455 0.00079955 0.0005782 0.0008161 0.0008307 0.00082825 0.0007949 0.0005905 0.0008308 0.00081995 0.00077565 0.00081705 0.00080965 0.0008094 0.00083725 0.00073035 0.0008418 0.0006946 0.000411 0.0008149 0.00060805 0.0007843 0.00080925 0.00048805 0.0008256 0.00081705 0.0006613 0.0007288 0.0008753 0.00080945 0.00085345 0.00067625 0.0008245 0.00085265 0.0008278 0.00073305 0.00080505 0.0008198 0.00084965 0.0007987 0.0007323 0.0007714 0.00081705 0.00086405 0.00071825 0.0008622 0.0004237 0.00084785 0.0008632 0.00080385 0.0008231 0.00060225 0.0008306 0.0008092 0.00082805 0.0008195 0.00081425 0.0007924 0.0008607 0.0008024 0.0007597 0.0006886
23 0.00073825 0.00079175 0.00075495 0.00076575 0.00086205 0.0008015 0.0007841 0.0005831 0.0008276 0.00084425 0.00085225 0.00083265 0.00075545 0.0007996 0.00063025 0.0007229 0.00081405 0.0007832 0.00080725 0.0007611 0.00079845 0.00079105 0.00062885 0.0008366 0.00081375 0.00085405 0.0008788 0.0008221 0.00082045 0.00084335 0.00059335 0.0007756 0.0008802 0.0008098 0.00086125 0.0008391 0.0008854 0.0008673 0.00085045 0.00079415 0.0007569 0.0008181 0.00083575 0.0008497 0.00078115 0.00077835 0.00083585 0.0008391 0.0007364 0.0007896 0.00078345 0.0007832 0.00083485 0.0007885 0.0008283 0.0006942 0.0005664 0.0007768 0.00079535 0.0008069 0.00078305 0.00071305 0.0008207 0.00075515 0.00065475 0.0007997 0.00085465 0.00078325 0.00086545 0.0006475 0.00084845 0.00088135 0.00062545 0.00080875 0.00080995 0.00080525 0.00085465 0.0008101 0.00085895 0.000786 0.00084525 0.00084 0.00084065 0.0008532 0.00073835 0.00087175 0.00089195 0.0008076 0.00084515 0.0006222 0.00084375 0.000783 0.00076835 0.00085635 0.0007782 0.00079205 0.0008782 0.00082415 0.00083275 0.0007438
24 0.000885 0.00082245 0.00087745 0.0008811 0.00085055 0.00087215 0.00080855 0.00068195 0.00088475 0.0008838 0.00085335 0.0008847 0.00088815 0.00084575 0.0008381 0.000877 0.00089965 0.00087555 0.0006619 0.0008331 0.0008788 0.0008336 0.00071075 0.00081375 0.0008785 0.0006887 0.00088795 0.0008413 0.0008144 0.00088825 0.00084445 0.0006162 0.00088955 0.0006536 0.00088315 0.0006748 0.00068865 0.0008387 0.00088975 0.00085305 0.0007333 0.0006656 0.0006601 0.0008441 0.00086185 0.00070655 0.00066025 0.0008865 0.0008416 0.0008496 0.0008758 0.00087555 0.00087615 0.0008532 0.00088285 0.00083725 0.00070065 0.00089805 0.00075285 0.00084985 0.0008754 0.00069235 0.00085985 0.00087765 0.0008173 0.00084585 0.00090545 0.0008756 0.0009091 0.0008738 0.0008602 0.00086045 0.0008453 0.00081925 0.0007022 0.0008585 0.00086975 0.000654 0.0006392 0.00087435 0.00083215 0.00087355 0.00068565 0.00085865 0.00062335 0.0008865 0.0008649 0.000864 0.0007962 0.00080825 0.00081475 0.00087535 0.0008282 0.00087765 0.00088055 0.00084855 0.0007934 0.0008785 0.0008254 0.00083255
25 0.0008836 0.0008464 0.0008416 0.0008524 0.00067085 0.0008399 0.00085175 0.0008525 0.0008119 0.00085715 0.00087595 0.00086885 0.000831 0.0008755 0.00083985 0.00085515 0.00079925 0.00084535 0.00067295 0.00082 0.00082245 0.00084765 0.00085555 0.00085405 0.0006887 0.0009544 0.000855 0.00083175 0.00075265 0.00087955 0.00088525 0.0006474 0.00066055 0.0006561 0.00087295 0.000867 0.00068855 0.00085125 0.00085115 0.0008009 0.00084915 0.0006838 0.00067685 0.00085815 0.0007985 0.0008572 0.00067695 0.00087745 0.00079055 0.00082435 0.0008456 0.00084535 0.00085175 0.00079905 0.00086665 0.00083215 0.00084645 0.0008349 0.00085785 0.000831 0.0008452 0.0008554 0.0008459 0.0008418 0.00074245 0.0008756 0.0008623 0.0008454 0.0008731 0.00084415 0.00076705 0.0007733 0.0008721 0.00076485 0.00088805 0.00082735 0.0008597 0.0006565 0.0007847 0.0007926 0.0007816 0.0008218 0.00087735 0.00076145 0.00086655 0.00088345 0.0007774 0.0008293 0.00082585 0.0008508 0.00084 0.00084515 0.0008475 0.00088235 0.00084835 0.00083855 0.0007925 0.0007554 0.0008485 0.0008075
26 0.0007601 0.00049895 0.0007613 0.0008191 0.00080165 0.0007444 0.00085265 0.00090165 0.0006872 0.00057235 0.00080845 0.0006029 0.00077215 0.0007884 0.0008012 0.00086095 0.0007919 0.00058425 0.0007478 0.00089695 0.00075155 0.0008281 0.0008672 0.0008788 0.00088795 0.000855 0.0004969 0.000885 0.000813 0.0006606 0.0008311 0.00085275 0.0008557 0.0008456 0.0004262 0.0008443 0.0008497 0.00056175 0.00042555 0.0007112 0.00087135 0.00080565 0.00057085 0.00079645 0.00079655 0.0008879 0.0005711 0.00072015 0.0008364 0.00090335 0.0005845 0.00058425 0.00070035 0.00083945 0.00066235 0.00087285 0.0008717 0.0007869 0.0007504 0.00073445 0.0005841 0.00083665 0.00091235 0.0007615 0.0008438 0.0007885 0.00062865 0.0005843 0.00068645 0.0007755 0.0007644 0.0005282 0.00073185 0.00083245 0.0007466 0.0006206 0.0005288 0.0008459 0.00084475 0.00075925 0.00080655 0.0006906 0.00080035 0.00069565 0.0008834 0.0004837 0.0006944 0.0006858 0.0008744 0.00082825 0.00090175 0.00058405 0.0009413 0.0006032 0.00063345 0.0008878 0.00094505 0.00070965 0.000888 0.00082145
27 0.0008515 0.000788 0.0008186 0.00083145 0.00084455 0.0008396 0.00069475 0.0008392 0.00080995 0.00064775 0.00068795 0.0008216 0.00069745 0.00078485 0.00085025 0.00083065 0.0008339 0.00086125 0.0008304 0.0006019 0.00080565 0.0007645 0.0008181 0.0008221 0.0008413 0.00083175 0.000885 0.0007767 0.000564 0.00083435 0.00082115 0.00071045 0.00081945 0.0008232 0.0008646 0.00085895 0.0008333 0.0006478 0.00084225 0.0005952 0.0005968 0.0008433 0.0008733 0.00061785 0.00081495 0.0008089 0.0008734 0.00085475 0.00067435 0.00082465 0.0008615 0.00086125 0.00081405 0.0007894 0.0008419 0.00075675 0.0008257 0.0008576 0.00085215 0.0006264 0.0008611 0.0007516 0.0006008 0.0008188 0.000692 0.00078495 0.00086075 0.0008613 0.0008736 0.00087325 0.00070395 0.00072655 0.0008095 0.00063385 0.0008529 0.0008633 0.00088665 0.0008235 0.0006942 0.00078215 0.0007912 0.0007964 0.0008565 0.00069995 0.0008182 0.00087715 0.00069765 0.00081925 0.0003884 0.00082985 0.00060075 0.00086105 0.0007487 0.0008126 0.0008043 0.00059485 0.00077635 0.0006983 0.00074005 0.0007432
28 0.00077745 0.0006235 0.0008233 0.0008367 0.0008396 0.00082195 0.00062555 0.0008015 0.00077895 0.0007888 0.0006859 0.0007824 0.0008119 0.00076135 0.000838 0.0007712 0.0007646 0.00084715 0.0008027 0.0006224 0.00081035 0.0007341 0.0008238 0.00082045 0.0008144 0.00075265 0.000813 0.000564 0.0003807 0.0007957 0.0007622 0.00050705 0.0007575 0.00078915 0.0008066 0.00082785 0.0007435 0.0006056 0.00078905 0.00058875 0.0007813 0.00081615 0.0008268 0.000595 0.0008277 0.00082785 0.0008269 0.0008445 0.00044225 0.00085315 0.0008474 0.00084715 0.0007685 0.0008222 0.0008311 0.0007675 0.0008044 0.0008695 0.0008449 0.0005959 0.000847 0.0007432 0.00079395 0.0008235 0.0005004 0.00076145 0.00082875 0.0008472 0.00084215 0.0008344 0.0005422 0.0005177 0.0008147 0.000459 0.0008524 0.00085035 0.00083725 0.00078945 0.000505 0.0007694 0.00077375 0.00079945 0.0008452 0.00052215 0.00083495 0.0008197 0.000511 0.00085375 0.0003808 0.00080405 0.00061075 0.00084695 0.00073955 0.00076635 0.0007491 0.00060805 0.0007814 0.0005131 0.0006891 0.0007625
29 0.00084625 0.00078875 0.0006207 0.0006207 0.00082285 0.00086925 0.0007585 0.00085205 0.00061085 0.0008286 0.00059735 0.00035445 0.00088185 0.0005296 0.00083775 0.0007603 0.0006208 0.0008362 0.00065325 0.000842 0.000617 0.0007639 0.00085515 0.00084335 0.00088825 0.00087955 0.0006606 0.00083435 0.0007957 0.0007084 0.00073335 0.0008557 0.0008325 0.0008878 0.0005702 0.00073305 0.0008152 0.0007914 0.00044505 0.0008288 0.00085885 0.00065325 0.00086895 0.00057575 0.00077375 0.0008649 0.00086905 0.00058525 0.0008047 0.00084595 0.00083645 0.0008362 0.00058865 0.0008689 0.00058525 0.00077875 0.0008492 0.000896 0.00087535 0.00083875 0.00083605 0.0007584 0.0008778 0.00062095 0.00084075 0.0005297 0.0006298 0.00083625 0.00062975 0.0008789 0.00081915 0.00080405 0.00059415 0.0007633 0.0007665 0.00080785 0.00072685 0.0008881 0.00082295 0.000838 0.0009164 0.0006206 0.0008066 0.00056395 0.0008629 0.00056985 0.0008316 0.0007808 0.00079715 0.00070505 0.0008406 0.000836 0.00084375 0.00077855 0.00083445 0.0007761 0.00092675 0.00084855 0.00084805 0.00079225
30 0.0006606 0.0008333 0.00078975 0.00075195 0.00087255 0.00086085 0.0008262 0.00074625 0.00082805 0.00082075 0.0007825 0.00077125 0.00082635 0.0007476 0.0007953 0.00061305 0.00079955 0.0008301 0.0008175 0.00083055 0.00079465 0.0007999 0.000782 0.00059335 0.00084445 0.00088525 0.0008311 0.00082115 0.0007622 0.00073335 0.0008354 0.00075925 0.00087145 0.0008323 0.00081195 0.0007439 0.0008654 0.00085265 0.00079065 0.0008669 0.00077345 0.00077975 0.0008581 0.00077435 0.00078105 0.0007902 0.0008582 0.0007705 0.00064225 0.0008072 0.00083035 0.0008301 0.0007857 0.000865 0.0008083 0.000787 0.00076275 0.00085555 0.00083005 0.0008692 0.00082995 0.0007618 0.0008062 0.00078995 0.00080585 0.0007477 0.0008372 0.00083015 0.0007994 0.00083565 0.0008559 0.0008595 0.0005948 0.0008328 0.00078425 0.0008138 0.00076045 0.0008326 0.00084545 0.00084305 0.0009299 0.0008252 0.00083175 0.00080635 0.00078135 0.00077385 0.00088125 0.00086915 0.00085305 0.0007383 0.0008381 0.0008299 0.00080295 0.00086055 0.00083965 0.0008606 0.0008874 0.000882 0.00083795 0.0008466
31 0.00078975 0.00069535 0.00083205 0.00086315 0.00084445 0.000829 0.00070575 0.00078 0.0008306 0.0008303 0.00078985 0.0008247 0.00083495 0.0008153 0.00079755 0.0007719 0.000876 0.0008471 0.00060835 0.0007273 0.0008609 0.0007819 0.00080375 0.0007756 0.0006162 0.0006474 0.00085275 0.00071045 0.00050705 0.0008557 0.00075925 0.0007843 0.00085445 0.0006062 0.0008401 0.0008395 0.00087125 0.00073525 0.0008376 0.0007297 0.0008036 0.0006395 0.00062355 0.00075115 0.00083455 0.0008067 0.00062365 0.0008837 0.000644 0.00082765 0.00084735 0.0008471 0.00082235 0.0008205 0.0008526 0.00077775 0.00076875 0.000874 0.00085495 0.00073365 0.00084695 0.000759 0.0008088 0.00083225 0.0006661 0.0008154 0.0008668 0.00084715 0.0008979 0.0008225 0.00074905 0.0007364 0.0008198 0.00068045 0.0008423 0.0008407 0.00084475 0.00060665 0.00072875 0.0008297 0.000798 0.00081975 0.00086205 0.00073995 0.00083665 0.0008709 0.0007299 0.00084805 0.0006154 0.00077425 0.00071375 0.0008469 0.00072845 0.0008024 0.00079905 0.00072785 0.0007675 0.0007382 0.0007399 0.0007893
32 0.00086385 0.00088135 0.000851 0.00082675 0.00070205 0.0006336 0.00080815 0.00088415 0.0008103 0.0008424 0.0008424 0.00085685 0.0008216 0.0008514 0.00085845 0.00084675 0.00075635 0.00086855 0.00086755 0.00084565 0.0007922 0.0008652 0.00080985 0.0008802 0.00088955 0.00066055 0.0008557 0.00081945 0.0007575 0.0008325 0.00087145 0.00085445 0.0008848 0.0008574 0.00087475 0.0008712 0.0006713 0.0008693 0.00083805 0.0008112 0.00084305 0.00084335 0.00088535 0.00082735 0.00081495 0.0007488 0.00088545 0.0008317 0.00077445 0.00071465 0.0008688 0.00086855 0.00084635 0.00060925 0.00085595 0.0008664 0.00087905 0.00084495 0.00086895 0.00083555 0.0008684 0.0008907 0.0006985 0.0008512 0.00076405 0.0008515 0.00085095 0.0008686 0.0008267 0.00085495 0.00076065 0.0007794 0.0008761 0.0007801 0.0009159 0.0008559 0.00087315 0.0008577 0.00078315 0.00079235 0.0008433 0.0008312 0.0008712 0.0007482 0.0008767 0.0008502 0.00078055 0.00085245 0.00084635 0.00085035 0.0007254 0.00086835 0.00090785 0.00089745 0.00086665 0.0008514 0.00073715 0.00074825 0.0006631 0.00083525
33 0.00085515 0.00081095 0.0008573 0.0008721 0.0008297 0.00084485 0.0008001 0.00083025 0.00075395 0.00083565 0.0008562 0.0008731 0.00083285 0.00086085 0.0008088 0.00084595 0.0008831 0.0008452 0.00065235 0.0008328 0.0008779 0.0006253 0.0007984 0.0008098 0.0006536 0.0006561 0.0008456 0.0008232 0.00078915 0.0008878 0.0008323 0.0006062 0.0008574 0.0008635 0.00086135 0.00085515 0.00087775 0.00083675 0.0008576 0.0008355 0.0008063 0.0006672 0.0006404 0.0008635 0.0008431 0.0008042 0.0006405 0.00087745 0.0008135 0.0008253 0.00084545 0.0008452 0.0006523 0.00084365 0.00086265 0.0008238 0.0007973 0.00085885 0.00083315 0.0008399 0.00084505 0.0007984 0.0008202 0.0008575 0.0007793 0.00086095 0.0008748 0.00084525 0.0008896 0.00084045 0.0008227 0.00082135 0.00084405 0.0008059 0.0008637 0.00083035 0.00084125 0.0004322 0.00083415 0.00064175 0.00080255 0.0008297 0.0008641 0.0008394 0.00082545 0.00087585 0.00077535 0.00086245 0.0008243 0.00080365 0.0008213 0.000845 0.0007779 0.00083255 0.0008361 0.0008475 0.0007736 0.00082905 0.0007997 0.00083605
34 0.00082365 0.00055995 0.00066015 0.00083755 0.0008204 0.00081825 0.00077645 0.0008874 0.00059395 0.000649 0.00081605 0.000393 0.0008495 0.00071375 0.0008107 0.0008528 0.00082315 0.0006601 0.00064675 0.00087575 0.00080605 0.0007507 0.00087 0.00086125 0.00088315 0.00087295 0.0004262 0.0008646 0.0008066 0.0005702 0.00081195 0.0008401 0.00087475 0.00086135 0.0007855 0.00083535 0.00085505 0.0006087 0.00042605 0.0007915 0.0008673 0.00082415 0.00064705 0.000786 0.0008362 0.00087145 0.000647 0.00075465 0.00083175 0.00089945 0.00066035 0.0006601 0.00060725 0.00088435 0.00057725 0.0007806 0.0008526 0.0008663 0.00081725 0.00077825 0.00065995 0.00073185 0.00090925 0.0006604 0.00084075 0.00071385 0.0005992 0.00066015 0.0007766 0.00084065 0.00079165 0.00060755 0.0006197 0.00075055 0.00067465 0.00066985 0.0006008 0.00086165 0.0008434 0.00082225 0.00087595 0.00062555 0.00081155 0.00059805 0.000866 0.0005703 0.000721 0.0006576 0.0008243 0.00083245 0.00086895 0.00066005 0.0008471 0.00058595 0.0007094 0.000801 0.00093715 0.0007934 0.0008933 0.0007721
35 0.00089735 0.00085985 0.00073595 0.0006881 0.0008599 0.0008462 0.00081455 0.0007086 0.00083825 0.00090275 0.00075745 0.000781 0.00080665 0.00074895 0.0008748 0.000688 0.0007383 0.00078995 0.0008217 0.0007462 0.0007783 0.00082995 0.0007339 0.0008391 0.0006748 0.000867 0.0008443 0.00085895 0.00082785 0.00073305 0.0007439 0.0008395 0.0008712 0.00085515 0.00083535 0.0008337 0.00067885 0.0008455 0.0007902 0.00085515 0.0007701 0.0007739 0.00087595 0.0007435 0.00064385 0.00075095 0.00087605 0.0007812 0.00084695 0.0007522 0.0007902 0.00078995 0.0008141 0.00087115 0.00082905 0.0007676 0.0007491 0.0008145 0.00078085 0.00081155 0.0007898 0.00073425 0.00089725 0.00073615 0.00085505 0.00074905 0.0008597 0.00079 0.00081185 0.00090645 0.00085735 0.0008636 0.00079225 0.0008249 0.0006859 0.0007434 0.0006529 0.00085545 0.00066205 0.0008627 0.00082085 0.00083315 0.00064685 0.0007807 0.00064115 0.0007872 0.00086955 0.00085045 0.0008017 0.00082005 0.00084 0.00078975 0.0008662 0.00088945 0.000794 0.0007892 0.0008745 0.00082435 0.00084735 0.00084195
