 slim_337606221 slim_337606093 slim_337606170 slim_337605982 slim_337606222 slim_337606182 slim_337606175 slim_337606245 slim_337606239 slim_337606037 slim_337606224 slim_337606140 slim_337606041 slim_337606117 slim_337606199 slim_337605933 slim_337606155 slim_337606131 slim_337606095 slim_337605979 slim_337606083 slim_337606195 slim_337606174 slim_337606132 slim_337606192 slim_337605517 slim_337605967 slim_337606028 slim_337605944 slim_337606164 slim_337606160 slim_337606214 slim_337605871 slim_337606207 slim_337605998 slim_337606211 slim_337606223 slim_337606032 slim_337606178 slim_337606191 slim_337606180 slim_337606226 slim_337606201 slim_337606229 slim_337606029 slim_337606120 slim_337605761 slim_337606135 slim_337606147 slim_337606102 slim_337606217 slim_337606205 slim_337606233 slim_337606173 slim_337606080 slim_337606011 slim_337606232 slim_337606213 slim_337606237 slim_337606133 slim_337606107 slim_337605873 slim_337606196 slim_337605911 slim_337606143 slim_337606198 slim_337605903 slim_337606219 slim_337606166 slim_337606189 slim_337606136 slim_337606058 slim_337606204 slim_337606035 slim_337606238 slim_337605943 slim_337606097 slim_337606181 slim_337606079 slim_337606243 slim_337606209 slim_337606194 slim_337606236 slim_337605910 slim_337606225 slim_337606163 slim_337606165 slim_337606206 slim_337606152 slim_337606161 slim_337606188 slim_337606244 slim_337606220 slim_337606227 slim_337606234 slim_337606171 slim_337605945 slim_337606241 slim_337606134 slim_337606242
0 3.6e-06 6.8e-06 5.4e-06 6.1e-06 7.05e-06 5e-06 6.9e-06 2.05e-06 7.6e-06 4.35e-06 2.19e-05 2.875e-05 5.1e-06 1.78e-05 7.25e-06 4.75e-06 2.635e-05 5.7e-06 8.35e-06 2.185e-05 5.2e-06 5.05e-06 2.09e-05 7e-06 5.3e-06 7.7e-06 6.45e-06 2.4e-06 7.35e-06 1.945e-05 2.94e-05 5.45e-06 5.9e-06 1.91e-05 8.2e-06 5.85e-06 7.8e-06 4.45e-06 6.85e-06 4.2e-06 7.25e-06 4.85e-06 4.65e-06 6.7e-06 5.4e-06 6.95e-06 7.5e-06 7.35e-06 1.96e-05 7.75e-06 2.15e-06 4.6e-06 5.25e-06 8.1e-06 2.88e-05 5.4e-06 5.2e-06 4.79e-05 7.75e-06 8.8e-06 7.95e-06 5.7e-06 1.97e-05 2e-06 7.45e-06 1.83e-05 4.75e-06 2.045e-05 4.6e-06 4.45e-06 4.55e-06 5.95e-06 7.35e-06 6.65e-06 6.6e-06 5.2e-06 6.75e-06 8.95e-06 4.8e-06 5.15e-06 7.7e-06 8.6e-06 6.55e-06 7.8e-06 7.5e-06 6.9e-06 4.65e-06 2.695e-05 4.5e-06 4.05e-06 6.7e-06 2.87e-05 7.75e-06 4.75e-06 4.4e-06 5.2e-06 7.4e-06 2.7e-06 7.75e-06 7.7e-06
1 6.8e-06 9e-06 7.4e-06 5e-06 8.2e-06 6.55e-06 6.4e-06 6.5e-06 7.7e-06 6e-06 2.195e-05 2.715e-05 7.1e-06 2.05e-05 5.95e-06 5.5e-06 2.83e-05 7.45e-06 8.3e-06 2.19e-05 7.2e-06 6.3e-06 2.2e-05 5.3e-06 7.3e-06 7.75e-06 4.95e-06 6.55e-06 7.9e-06 1.985e-05 2.915e-05 7.45e-06 6.65e-06 2.125e-05 8.5e-06 7.45e-06 7.85e-06 6e-06 6.4e-06 7.3e-06 4.85e-06 5.7e-06 5.6e-06 5.2e-06 7.5e-06 6.3e-06 5.95e-06 6.85e-06 2.13e-05 6.2e-06 6.3e-06 6.5e-06 7.1e-06 6.75e-06 2.88e-05 7.1e-06 7.2e-06 4.735e-05 6.45e-06 8.65e-06 6.95e-06 7.6e-06 1.955e-05 6.7e-06 5.7e-06 2.08e-05 5.95e-06 2.11e-05 5.45e-06 5.7e-06 6.2e-06 6.7e-06 6.8e-06 7.55e-06 5.1e-06 7.05e-06 5.25e-06 8.7e-06 5.65e-06 5.4e-06 7.05e-06 8.55e-06 5.05e-06 8.05e-06 8.05e-06 5.5e-06 6.05e-06 2.62e-05 6.25e-06 7.45e-06 6.25e-06 2.845e-05 6.4e-06 6.2e-06 6.05e-06 7.2e-06 6.95e-06 6.5e-06 7.25e-06 7e-06
2 5.4e-06 7.4e-06 7.9e-06 6.45e-06 6.55e-06 6.05e-06 6.95e-06 4.9e-06 6.3e-06 5e-06 2.08e-05 2.945e-05 4.55e-06 1.9e-05 6.1e-06 6.3e-06 2.815e-05 6.45e-06 6.4e-06 2.075e-05 4.65e-06 5.6e-06 2.21e-05 6.95e-06 4.3e-06 4.9e-06 7.05e-06 4.1e-06 6.5e-06 1.99e-05 2.9e-05 4e-06 6.85e-06 2.05e-05 7.45e-06 6.2e-06 7.3e-06 5.6e-06 6.6e-06 5.95e-06 8.1e-06 6.25e-06 6.2e-06 7.3e-06 6.9e-06 6e-06 8.25e-06 6.1e-06 2.06e-05 6.65e-06 4.2e-06 5.1e-06 4.65e-06 7.85e-06 2.78e-05 6.35e-06 4.65e-06 4.74e-05 6.9e-06 7.3e-06 8.9e-06 5.65e-06 2.01e-05 4.75e-06 7.6e-06 1.9e-05 5.15e-06 1.92e-05 6e-06 5.25e-06 5.2e-06 6.9e-06 4.85e-06 7e-06 7.2e-06 5.1e-06 7.35e-06 8.55e-06 6.2e-06 6.6e-06 7e-06 6.65e-06 7.15e-06 5.7e-06 6.65e-06 7.55e-06 5.6e-06 2.635e-05 5.3e-06 6.6e-06 7.9e-06 2.855e-05 6.55e-06 5.75e-06 5.05e-06 5.35e-06 6.9e-06 5.25e-06 7.65e-06 5.05e-06
3 6.1e-06 5e-06 6.45e-06 2.6e-06 6.95e-06 4.7e-06 4.25e-06 5.75e-06 6e-06 4.2e-06 2.155e-05 2.95e-05 6.15e-06 1.94e-05 3.65e-06 7.15e-06 2.815e-05 6.7e-06 7.3e-06 2.15e-05 6.25e-06 4.35e-06 2.16e-05 5.65e-06 6.35e-06 6.5e-06 4.8e-06 5.85e-06 6.45e-06 1.72e-05 2.905e-05 6.5e-06 4.1e-06 2.11e-05 7.8e-06 6.6e-06 7.6e-06 4.8e-06 3.35e-06 6.35e-06 8.45e-06 7.15e-06 7.05e-06 4.9e-06 7.2e-06 3.5e-06 8e-06 5.35e-06 1.995e-05 7.7e-06 5.6e-06 4.8e-06 6.1e-06 8.2e-06 2.84e-05 7e-06 6.25e-06 4.775e-05 7.8e-06 7.75e-06 8.7e-06 6.9e-06 1.72e-05 6.05e-06 6.5e-06 1.985e-05 4.75e-06 1.98e-05 6.9e-06 3.75e-06 4.4e-06 4.15e-06 4.75e-06 6e-06 4.95e-06 6.05e-06 4.95e-06 8.65e-06 7.1e-06 7e-06 4.65e-06 7.55e-06 4.9e-06 7e-06 6.6e-06 5.3e-06 4.2e-06 2.64e-05 3.8e-06 6.45e-06 7.75e-06 2.775e-05 7.7e-06 5e-06 4.25e-06 6.15e-06 4.65e-06 5.6e-06 6.55e-06 5.15e-06
4 7.05e-06 8.2e-06 6.55e-06 6.95e-06 7.7e-06 7.4e-06 6.45e-06 6.65e-06 5.8e-06 7.2e-06 1.995e-05 3.01e-05 5.65e-06 1.98e-05 8.05e-06 8.1e-06 2.865e-05 6.95e-06 5.65e-06 1.99e-05 5.75e-06 7.6e-06 1.975e-05 8.45e-06 6.45e-06 4.1e-06 7.85e-06 7e-06 4.35e-06 1.985e-05 2.91e-05 6.6e-06 5.35e-06 2.115e-05 6.7e-06 7.25e-06 6.45e-06 6.2e-06 6.95e-06 5.5e-06 9.2e-06 8.1e-06 8e-06 8.1e-06 8.1e-06 8.15e-06 7.9e-06 4.85e-06 1.835e-05 7e-06 6.75e-06 7.6e-06 6.05e-06 8.4e-06 2.73e-05 7.1e-06 5.75e-06 4.755e-05 6.7e-06 6.8e-06 9.3e-06 7.3e-06 1.985e-05 7.25e-06 9e-06 2.01e-05 7.3e-06 1.87e-05 7.85e-06 7.15e-06 7.4e-06 5.4e-06 6.7e-06 5.35e-06 8e-06 5.4e-06 8.15e-06 8.55e-06 8.05e-06 8.2e-06 7.45e-06 6.05e-06 7.95e-06 6.05e-06 4.65e-06 8.35e-06 7.05e-06 2.56e-05 7.2e-06 5.35e-06 6.7e-06 2.875e-05 6.95e-06 6.4e-06 7.25e-06 5.1e-06 7.15e-06 6.7e-06 6.85e-06 6.9e-06
5 5e-06 6.55e-06 6.05e-06 4.7e-06 7.4e-06 7.4e-06 5.8e-06 4.6e-06 6.8e-06 4.25e-06 2.22e-05 2.965e-05 6.2e-06 1.95e-05 4.65e-06 6.6e-06 2.74e-05 5.85e-06 7.95e-06 2.215e-05 6.3e-06 4.35e-06 2.165e-05 6.05e-06 5.95e-06 7.65e-06 6.3e-06 4.95e-06 7.6e-06 1.935e-05 2.93e-05 6.1e-06 5.5e-06 2.08e-05 8.75e-06 6.5e-06 7.65e-06 5.45e-06 5.45e-06 5.7e-06 8.25e-06 6.6e-06 6.5e-06 6.55e-06 7.1e-06 4.5e-06 8.05e-06 7.1e-06 2.03e-05 8.1e-06 4.7e-06 4.85e-06 5.3e-06 8.1e-06 2.93e-05 6.7e-06 6.3e-06 4.835e-05 8.35e-06 9.1e-06 8.9e-06 6.45e-06 1.94e-05 5.2e-06 6.95e-06 1.995e-05 4.8e-06 2.085e-05 6.35e-06 4.95e-06 4.45e-06 5.55e-06 5.3e-06 6.15e-06 6.45e-06 5.7e-06 6.6e-06 8.95e-06 6.55e-06 6.8e-06 6.35e-06 8.2e-06 6.4e-06 7.3e-06 7.75e-06 6.8e-06 3.85e-06 2.69e-05 5.1e-06 5.55e-06 7.45e-06 2.835e-05 8.05e-06 5.65e-06 4.3e-06 5.95e-06 6.25e-06 4.5e-06 7.05e-06 5.75e-06
6 6.9e-06 6.4e-06 6.95e-06 4.25e-06 6.45e-06 5.8e-06 6.7e-06 6.4e-06 5.8e-06 5.55e-06 2.125e-05 3.015e-05 6.8e-06 1.965e-05 5.25e-06 8e-06 2.865e-05 6.25e-06 6.95e-06 2.12e-05 6.9e-06 5.95e-06 2.02e-05 6.9e-06 6.85e-06 7.05e-06 6.95e-06 6.8e-06 6.25e-06 1.9e-05 2.86e-05 7e-06 5e-06 2.11e-05 8e-06 6.6e-06 6.6e-06 6.1e-06 5.15e-06 5.95e-06 9.2e-06 8e-06 7.9e-06 7.2e-06 7.65e-06 5.1e-06 7.6e-06 6.55e-06 1.885e-05 8.25e-06 6.55e-06 6e-06 6.4e-06 7.85e-06 2.905e-05 6.7e-06 6.9e-06 4.825e-05 8.55e-06 8.8e-06 8.9e-06 6.65e-06 1.8e-05 7.1e-06 7.7e-06 2.01e-05 6e-06 2e-05 7.75e-06 5.25e-06 5.75e-06 5.05e-06 5.65e-06 5e-06 7.1e-06 6.5e-06 7.25e-06 7.85e-06 7.95e-06 8.1e-06 5.7e-06 7.2e-06 7.05e-06 6.65e-06 6.4e-06 7.45e-06 5.35e-06 2.585e-05 6.2e-06 5.75e-06 7.25e-06 2.79e-05 8.15e-06 6.3e-06 5.6e-06 6.8e-06 5.7e-06 6.55e-06 5.65e-06 6e-06
7 2.05e-06 6.5e-06 4.9e-06 5.75e-06 6.65e-06 4.6e-06 6.4e-06 2.5e-06 7.25e-06 3.9e-06 2.2e-05 2.88e-05 4.6e-06 1.73e-05 6.9e-06 4.35e-06 2.63e-05 5.35e-06 8e-06 2.195e-05 4.7e-06 4.7e-06 2.095e-05 6.7e-06 4.8e-06 7.35e-06 6.15e-06 1.7e-06 7e-06 1.91e-05 2.94e-05 4.95e-06 5.5e-06 1.905e-05 8.3e-06 5.5e-06 7.4e-06 4e-06 6.5e-06 3.65e-06 7e-06 4.4e-06 4.25e-06 6.4e-06 5.35e-06 6.6e-06 7.25e-06 7e-06 1.92e-05 7.45e-06 1.45e-06 4.1e-06 4.9e-06 7.8e-06 2.88e-05 4.95e-06 4.7e-06 4.795e-05 7.45e-06 9e-06 8.1e-06 5.2e-06 1.935e-05 2.15e-06 7.4e-06 1.78e-05 4.35e-06 2.01e-05 4.15e-06 3.95e-06 4.1e-06 5.55e-06 7e-06 6.25e-06 6.3e-06 4.85e-06 6.45e-06 9.05e-06 4.35e-06 4.85e-06 7.35e-06 8.25e-06 6.25e-06 7.3e-06 7.15e-06 6.65e-06 4.3e-06 2.665e-05 4e-06 3.5e-06 6.35e-06 2.87e-05 7.25e-06 4.25e-06 3.95e-06 4.85e-06 7.05e-06 2.3e-06 7.45e-06 7.35e-06
8 7.6e-06 7.7e-06 6.3e-06 6e-06 5.8e-06 6.8e-06 5.8e-06 7.25e-06 8.6e-06 6.35e-06 2.015e-05 3.025e-05 6.05e-06 2.015e-05 6e-06 8.4e-06 2.915e-05 6.8e-06 5.8e-06 2.01e-05 6.15e-06 6.7e-06 2.09e-05 7.5e-06 6.2e-06 4.7e-06 7.55e-06 7.45e-06 4.65e-06 1.975e-05 2.875e-05 6.35e-06 6.15e-06 2.14e-05 6.95e-06 6.95e-06 6.9e-06 6.4e-06 6.25e-06 6.9e-06 9.35e-06 8.4e-06 8.3e-06 7.8e-06 8.25e-06 6.1e-06 8e-06 5.25e-06 1.965e-05 7.25e-06 7.2e-06 6.8e-06 5.85e-06 8.05e-06 2.78e-05 7.35e-06 6.15e-06 4.77e-05 7.35e-06 6.95e-06 9.2e-06 7.1e-06 1.94e-05 7.65e-06 8.2e-06 2.045e-05 6.5e-06 1.915e-05 8.15e-06 6.8e-06 6.6e-06 6.2e-06 5.15e-06 6.2e-06 7.7e-06 5.85e-06 7.85e-06 7.95e-06 8.35e-06 8.4e-06 6.45e-06 6.05e-06 7.65e-06 5.8e-06 4.8e-06 8.05e-06 6.25e-06 2.56e-05 7.05e-06 6.9e-06 7.95e-06 2.85e-05 7.25e-06 6.6e-06 6.4e-06 5.95e-06 6.35e-06 7.25e-06 6.55e-06 5.45e-06
9 4.35e-06 6e-06 5e-06 4.2e-06 7.2e-06 4.25e-06 5.55e-06 3.9e-06 6.35e-06 6e-06 2.165e-05 2.89e-05 5.15e-06 1.825e-05 3.9e-06 5.4e-06 2.745e-05 5.8e-06 7.25e-06 2.16e-05 5.25e-06 3.8e-06 2.155e-05 5.3e-06 4.9e-06 6.95e-06 5.55e-06 3.5e-06 7.2e-06 1.835e-05 2.86e-05 5.05e-06 5.3e-06 1.99e-05 8.15e-06 5.55e-06 6.9e-06 4.25e-06 4.75e-06 5.15e-06 7.45e-06 5.5e-06 5.3e-06 5.8e-06 6.1e-06 3.55e-06 7.6e-06 6.35e-06 1.99e-05 7.35e-06 3.25e-06 3.55e-06 5.25e-06 7.35e-06 2.86e-05 5.95e-06 5.25e-06 4.765e-05 7.6e-06 8.4e-06 8.25e-06 5.4e-06 1.87e-05 3.75e-06 6.2e-06 1.875e-05 3.8e-06 1.985e-05 5.25e-06 4.1e-06 3.25e-06 5.35e-06 4.55e-06 5.95e-06 5.7e-06 5.65e-06 5.85e-06 8.2e-06 5.45e-06 5.8e-06 5.65e-06 7.5e-06 5.65e-06 6.55e-06 7.35e-06 6.05e-06 3.75e-06 2.65e-05 4.05e-06 5.75e-06 7.2e-06 2.765e-05 7.25e-06 4.55e-06 3.05e-06 5.9e-06 5.55e-06 4.3e-06 6.65e-06 5.05e-06
10 2.19e-05 2.195e-05 2.08e-05 2.155e-05 1.995e-05 2.22e-05 2.125e-05 2.2e-05 2.015e-05 2.165e-05 3.62e-05 2.855e-05 2.005e-05 2.085e-05 2.165e-05 2.205e-05 2.855e-05 2.13e-05 1.97e-05 1.81e-05 2.01e-05 2.2e-05 1.95e-05 2.18e-05 2.07e-05 1.825e-05 2.155e-05 2.205e-05 1.94e-05 2.085e-05 2.775e-05 2.085e-05 2.11e-05 2e-05 2e-05 2.135e-05 2.08e-05 2.095e-05 2.115e-05 2.15e-05 2.205e-05 2.205e-05 2.195e-05 2.18e-05 2.175e-05 2.205e-05 2.115e-05 1.935e-05 2.035e-05 2.025e-05 2.18e-05 2.21e-05 2.05e-05 2.145e-05 2.66e-05 2.145e-05 2.01e-05 3.185e-05 2.055e-05 2.02e-05 2.175e-05 2.145e-05 2.07e-05 2.18e-05 2.205e-05 2.1e-05 2.15e-05 1.925e-05 2.18e-05 2.2e-05 2.185e-05 2.115e-05 2.035e-05 2.075e-05 2.17e-05 1.995e-05 2.185e-05 2.095e-05 2.2e-05 2.21e-05 2.115e-05 1.995e-05 2.165e-05 1.985e-05 1.955e-05 2.2e-05 2.17e-05 2.465e-05 2.2e-05 2.165e-05 2.16e-05 2.77e-05 2.035e-05 2.115e-05 2.17e-05 2.025e-05 2.105e-05 2.205e-05 2.06e-05 2.04e-05
11 2.875e-05 2.715e-05 2.945e-05 2.95e-05 3.01e-05 2.965e-05 3.015e-05 2.88e-05 3.025e-05 2.89e-05 2.855e-05 4.9e-05 2.915e-05 2.885e-05 2.935e-05 2.655e-05 2.69e-05 2.91e-05 2.945e-05 2.85e-05 2.925e-05 2.93e-05 2.87e-05 2.715e-05 2.935e-05 2.96e-05 2.68e-05 2.865e-05 2.995e-05 2.9e-05 2.68e-05 2.95e-05 2.955e-05 2.79e-05 2.94e-05 2.89e-05 2.875e-05 2.835e-05 2.935e-05 2.94e-05 2.485e-05 2.675e-05 2.665e-05 2.705e-05 2.865e-05 3e-05 2.635e-05 2.9e-05 2.965e-05 2.72e-05 2.84e-05 2.94e-05 2.945e-05 2.705e-05 2.7e-05 2.855e-05 2.925e-05 2.635e-05 2.73e-05 2.97e-05 2.7e-05 2.895e-05 2.95e-05 2.845e-05 2.715e-05 2.895e-05 2.855e-05 2.94e-05 2.65e-05 2.94e-05 2.91e-05 2.96e-05 2.965e-05 2.97e-05 2.695e-05 2.94e-05 2.71e-05 2.88e-05 2.67e-05 2.655e-05 2.94e-05 2.97e-05 2.69e-05 2.93e-05 3.01e-05 2.73e-05 2.925e-05 2.84e-05 2.915e-05 2.975e-05 2.73e-05 2.69e-05 2.745e-05 2.855e-05 2.895e-05 2.94e-05 2.91e-05 2.89e-05 2.875e-05 2.97e-05
12 5.1e-06 7.1e-06 4.55e-06 6.15e-06 5.65e-06 6.2e-06 6.8e-06 4.6e-06 6.05e-06 5.15e-06 2.005e-05 2.915e-05 7.3e-06 1.835e-05 6.7e-06 6e-06 2.785e-05 6.35e-06 5.9e-06 2e-05 3.75e-06 5.7e-06 2.155e-05 7.1e-06 4.25e-06 3.8e-06 6.75e-06 4.15e-06 5.4e-06 1.935e-05 2.89e-05 4.6e-06 6.35e-06 2e-05 6.85e-06 6.05e-06 7e-06 4.9e-06 6.5e-06 5.25e-06 7.8e-06 5.8e-06 5.9e-06 7e-06 6.55e-06 6.6e-06 7.9e-06 5e-06 1.99e-05 5.95e-06 3.75e-06 5.1e-06 4.85e-06 7.75e-06 2.71e-05 6.35e-06 3.85e-06 4.71e-05 6.2e-06 6.7e-06 8.7e-06 5.9e-06 1.96e-05 4.35e-06 7.75e-06 1.885e-05 5.3e-06 1.825e-05 5.55e-06 5.3e-06 5.35e-06 6.4e-06 5.5e-06 6.7e-06 6.9e-06 4.4e-06 7.05e-06 8.55e-06 5.75e-06 6.25e-06 6.9e-06 6.15e-06 6.85e-06 5.75e-06 5.55e-06 7.25e-06 5.75e-06 2.6e-05 5.35e-06 6.1e-06 7.4e-06 2.845e-05 5.85e-06 4.9e-06 5.2e-06 4.65e-06 6.8e-06 4.9e-06 7.5e-06 5.7e-06
13 1.78e-05 2.05e-05 1.9e-05 1.94e-05 1.98e-05 1.95e-05 1.965e-05 1.73e-05 2.015e-05 1.825e-05 2.085e-05 2.885e-05 1.835e-05 3.23e-05 2.055e-05 1.89e-05 2.735e-05 1.94e-05 2.05e-05 2.08e-05 1.845e-05 1.875e-05 2e-05 2.06e-05 1.875e-05 2.03e-05 1.99e-05 1.665e-05 1.96e-05 1.765e-05 2.845e-05 1.905e-05 1.89e-05 1.865e-05 2.11e-05 1.875e-05 2e-05 1.785e-05 1.945e-05 1.76e-05 2.11e-05 1.87e-05 1.88e-05 2.015e-05 1.9e-05 2.005e-05 2.05e-05 1.98e-05 1.75e-05 2.1e-05 1.625e-05 1.795e-05 1.96e-05 2.09e-05 2.825e-05 1.855e-05 1.85e-05 3.385e-05 2.095e-05 2.205e-05 2.15e-05 1.865e-05 1.79e-05 1.685e-05 2.13e-05 1.685e-05 1.86e-05 1.845e-05 1.845e-05 1.83e-05 1.845e-05 1.895e-05 2.055e-05 1.92e-05 2.005e-05 1.935e-05 2.02e-05 2.13e-05 1.865e-05 1.91e-05 2.015e-05 2.075e-05 2e-05 2.02e-05 1.975e-05 2.04e-05 1.915e-05 2.575e-05 1.81e-05 1.86e-05 2.01e-05 2.795e-05 2.09e-05 1.785e-05 1.83e-05 1.93e-05 1.98e-05 1.755e-05 1.99e-05 2.09e-05
14 7.25e-06 5.95e-06 6.1e-06 3.65e-06 8.05e-06 4.65e-06 5.25e-06 6.9e-06 6e-06 3.9e-06 2.165e-05 2.935e-05 6.7e-06 2.055e-05 2.4e-06 7.4e-06 2.89e-05 6.55e-06 7.05e-06 2.16e-05 6.8e-06 4.3e-06 2.225e-05 4.45e-06 6e-06 7.1e-06 5.65e-06 6.75e-06 7.85e-06 1.895e-05 2.835e-05 6.15e-06 5.75e-06 2.155e-05 8.55e-06 6.55e-06 6.75e-06 5.45e-06 4.25e-06 7.4e-06 8.05e-06 7.4e-06 7.3e-06 5.9e-06 7.75e-06 1.55e-06 8.2e-06 6.05e-06 2.125e-05 7.6e-06 6.5e-06 4.3e-06 5.9e-06 7.25e-06 2.895e-05 7.85e-06 6.8e-06 4.79e-05 8.1e-06 8.35e-06 8.75e-06 6.6e-06 1.905e-05 6.95e-06 5.6e-06 2.085e-05 3.85e-06 2.06e-05 7.15e-06 5.35e-06 3.85e-06 5.8e-06 3.2e-06 6.3e-06 5.8e-06 6.75e-06 5.95e-06 7.7e-06 7.35e-06 7.5e-06 4.85e-06 7.3e-06 5.75e-06 6.35e-06 8e-06 6.15e-06 4.05e-06 2.68e-05 5.45e-06 7.75e-06 8.15e-06 2.75e-05 7.6e-06 5.65e-06 3.95e-06 7.25e-06 4.95e-06 7e-06 6.65e-06 3.55e-06
15 4.75e-06 5.5e-06 6.3e-06 7.15e-06 8.1e-06 6.6e-06 8e-06 4.35e-06 8.4e-06 5.4e-06 2.205e-05 2.655e-05 6e-06 1.89e-05 7.4e-06 6.8e-06 2.74e-05 6.95e-06 8.45e-06 2.2e-05 6.1e-06 6.1e-06 2.18e-05 5.55e-06 6.2e-06 8e-06 5.1e-06 3.9e-06 8.15e-06 2.015e-05 2.91e-05 6.35e-06 7.2e-06 1.985e-05 8.55e-06 6.55e-06 7.5e-06 5.05e-06 7.4e-06 5.85e-06 3.75e-06 3.85e-06 3.65e-06 5.35e-06 6.2e-06 7.6e-06 5.5e-06 7.35e-06 2.085e-05 5.95e-06 3.65e-06 5.7e-06 6.7e-06 6.3e-06 2.87e-05 5.9e-06 6.1e-06 4.715e-05 5.85e-06 9e-06 6.4e-06 6.4e-06 2.07e-05 4.1e-06 5.75e-06 1.925e-05 5.4e-06 2.09e-05 3.6e-06 5.85e-06 5.6e-06 7.25e-06 7.8e-06 7.7e-06 5.25e-06 6.65e-06 5.4e-06 8.65e-06 3.8e-06 3.95e-06 8.05e-06 8.7e-06 5.2e-06 8e-06 8.3e-06 5.65e-06 6.25e-06 2.635e-05 5.65e-06 6.5e-06 5.65e-06 2.86e-05 5.85e-06 5.35e-06 5.45e-06 6.65e-06 7.75e-06 4.75e-06 7.65e-06 8e-06
16 2.635e-05 2.83e-05 2.815e-05 2.815e-05 2.865e-05 2.74e-05 2.865e-05 2.63e-05 2.915e-05 2.745e-05 2.855e-05 2.69e-05 2.785e-05 2.735e-05 2.89e-05 2.74e-05 5.08e-05 2.735e-05 2.905e-05 2.85e-05 2.795e-05 2.795e-05 2.79e-05 2.835e-05 2.805e-05 2.9e-05 2.79e-05 2.665e-05 2.885e-05 2.8e-05 2.715e-05 2.82e-05 2.785e-05 2.72e-05 2.92e-05 2.79e-05 2.87e-05 2.735e-05 2.85e-05 2.725e-05 2.815e-05 2.74e-05 2.73e-05 2.815e-05 2.79e-05 2.905e-05 2.815e-05 2.87e-05 2.8e-05 2.885e-05 2.64e-05 2.79e-05 2.75e-05 2.86e-05 2.715e-05 2.77e-05 2.795e-05 2.72e-05 2.885e-05 2.975e-05 2.875e-05 2.785e-05 2.82e-05 2.655e-05 2.875e-05 2.76e-05 2.755e-05 2.865e-05 2.715e-05 2.76e-05 2.765e-05 2.79e-05 2.89e-05 2.825e-05 2.805e-05 2.745e-05 2.82e-05 2.925e-05 2.735e-05 2.76e-05 2.875e-05 2.93e-05 2.8e-05 2.87e-05 2.9e-05 2.835e-05 2.715e-05 2.875e-05 2.76e-05 2.71e-05 2.81e-05 2.705e-05 2.885e-05 2.755e-05 2.75e-05 2.745e-05 2.845e-05 2.605e-05 2.86e-05 2.91e-05
17 5.7e-06 7.45e-06 6.45e-06 6.7e-06 6.95e-06 5.85e-06 6.25e-06 5.35e-06 6.8e-06 5.8e-06 2.13e-05 2.91e-05 6.35e-06 1.94e-05 6.55e-06 6.95e-06 2.735e-05 8.3e-06 6e-06 2.125e-05 6.45e-06 6.25e-06 2.065e-05 7.2e-06 6.35e-06 7.3e-06 7.35e-06 5.7e-06 7.05e-06 2.01e-05 2.705e-05 6.5e-06 6.25e-06 2.05e-05 8.35e-06 5.1e-06 5.55e-06 6.1e-06 6.1e-06 5.75e-06 8.2e-06 6.95e-06 6.85e-06 7.6e-06 7.3e-06 6.7e-06 7.55e-06 7.25e-06 1.95e-05 7.85e-06 5.45e-06 6.25e-06 5.5e-06 6.35e-06 2.865e-05 6.6e-06 6.45e-06 4.77e-05 8.2e-06 9.3e-06 8.6e-06 5.1e-06 1.985e-05 5.9e-06 7.95e-06 1.96e-05 5.9e-06 2.03e-05 6.7e-06 6.25e-06 6e-06 6.3e-06 6.5e-06 5.4e-06 7.5e-06 5.65e-06 7.65e-06 6.8e-06 6.9e-06 7.1e-06 5.45e-06 6.35e-06 7.45e-06 5.8e-06 7.2e-06 7.85e-06 5.2e-06 2.62e-05 6.55e-06 5.6e-06 7.1e-06 2.74e-05 7.85e-06 6.3e-06 5.85e-06 6e-06 5.6e-06 5.3e-06 6.15e-06 6.7e-06
18 8.35e-06 8.3e-06 6.4e-06 7.3e-06 5.65e-06 7.95e-06 6.95e-06 8e-06 5.8e-06 7.25e-06 1.97e-05 2.945e-05 5.9e-06 2.05e-05 7.05e-06 8.45e-06 2.905e-05 6e-06 7.9e-06 1.965e-05 6e-06 7.55e-06 2.12e-05 7.95e-06 6.3e-06 3.95e-06 7.9e-06 7.9e-06 5e-06 2.03e-05 2.69e-05 6.45e-06 7.05e-06 2.155e-05 6.75e-06 5.95e-06 5.45e-06 6.7e-06 6.4e-06 7.5e-06 9e-06 8.45e-06 8.35e-06 8.15e-06 8.6e-06 7.4e-06 8.2e-06 4.95e-06 2.015e-05 6.7e-06 7.65e-06 7.7e-06 6.25e-06 6.65e-06 2.68e-05 7.95e-06 6e-06 4.685e-05 6.65e-06 6.7e-06 9.2e-06 6.1e-06 2.03e-05 8.1e-06 8.45e-06 2.055e-05 7.15e-06 1.88e-05 8.2e-06 7.8e-06 7.45e-06 7.1e-06 5.7e-06 6.2e-06 8.05e-06 6e-06 8.2e-06 6.65e-06 8.4e-06 8.45e-06 5.65e-06 4.45e-06 8e-06 4.5e-06 5.3e-06 8.4e-06 7.45e-06 2.575e-05 7.8e-06 7.8e-06 8.15e-06 2.75e-05 6.7e-06 6.9e-06 7.3e-06 5.95e-06 5.65e-06 8e-06 6.55e-06 5.75e-06
19 2.185e-05 2.19e-05 2.075e-05 2.15e-05 1.99e-05 2.215e-05 2.12e-05 2.195e-05 2.01e-05 2.16e-05 1.81e-05 2.85e-05 2e-05 2.08e-05 2.16e-05 2.2e-05 2.85e-05 2.125e-05 1.965e-05 3.61e-05 2.01e-05 2.195e-05 1.945e-05 2.175e-05 2.065e-05 1.82e-05 2.15e-05 2.2e-05 1.935e-05 2.08e-05 2.77e-05 2.08e-05 2.105e-05 1.995e-05 1.995e-05 2.13e-05 2.075e-05 2.09e-05 2.11e-05 2.145e-05 2.2e-05 2.2e-05 2.19e-05 2.175e-05 2.17e-05 2.2e-05 2.11e-05 1.93e-05 2.03e-05 2.025e-05 2.175e-05 2.205e-05 2.045e-05 2.14e-05 2.655e-05 2.14e-05 2.01e-05 3.18e-05 2.05e-05 2.015e-05 2.17e-05 2.14e-05 2.065e-05 2.175e-05 2.2e-05 2.095e-05 2.145e-05 1.925e-05 2.175e-05 2.195e-05 2.18e-05 2.11e-05 2.03e-05 2.07e-05 2.165e-05 1.995e-05 2.18e-05 2.09e-05 2.195e-05 2.205e-05 2.11e-05 1.99e-05 2.16e-05 1.98e-05 1.95e-05 2.195e-05 2.165e-05 2.46e-05 2.195e-05 2.16e-05 2.155e-05 2.765e-05 2.03e-05 2.11e-05 2.165e-05 2.02e-05 2.1e-05 2.2e-05 2.055e-05 2.035e-05
20 5.2e-06 7.2e-06 4.65e-06 6.25e-06 5.75e-06 6.3e-06 6.9e-06 4.7e-06 6.15e-06 5.25e-06 2.01e-05 2.925e-05 3.75e-06 1.845e-05 6.8e-06 6.1e-06 2.795e-05 6.45e-06 6e-06 2.01e-05 7.5e-06 5.8e-06 2.165e-05 7.2e-06 4.35e-06 3.9e-06 6.85e-06 4.25e-06 5.5e-06 1.945e-05 2.9e-05 4.7e-06 6.45e-06 2.01e-05 6.95e-06 6.15e-06 7.1e-06 5e-06 6.6e-06 5.3e-06 7.9e-06 5.9e-06 6e-06 7.1e-06 6.65e-06 6.7e-06 8e-06 5.1e-06 2e-05 6e-06 3.85e-06 5.2e-06 4.95e-06 7.85e-06 2.72e-05 6.45e-06 3.9e-06 4.72e-05 6.3e-06 6.8e-06 8.8e-06 6e-06 1.97e-05 4.45e-06 7.85e-06 1.895e-05 5.4e-06 1.83e-05 5.65e-06 5.4e-06 5.45e-06 6.5e-06 5.6e-06 6.8e-06 7e-06 4.45e-06 7.15e-06 8.65e-06 5.85e-06 6.35e-06 7e-06 6.25e-06 6.95e-06 5.85e-06 5.65e-06 7.35e-06 5.85e-06 2.61e-05 5.45e-06 6.2e-06 7.5e-06 2.855e-05 5.95e-06 5e-06 5.3e-06 4.75e-06 6.9e-06 5e-06 7.6e-06 5.8e-06
21 5.05e-06 6.3e-06 5.6e-06 4.35e-06 7.6e-06 4.35e-06 5.95e-06 4.7e-06 6.7e-06 3.8e-06 2.2e-05 2.93e-05 5.7e-06 1.875e-05 4.3e-06 6.1e-06 2.795e-05 6.25e-06 7.55e-06 2.195e-05 5.8e-06 6.8e-06 2.205e-05 5.7e-06 5.5e-06 7.2e-06 5.8e-06 4.35e-06 7.4e-06 1.85e-05 2.9e-05 5.65e-06 5.65e-06 2.05e-05 8.45e-06 5.6e-06 7.4e-06 4.85e-06 5e-06 5.85e-06 7.85e-06 6.1e-06 6e-06 6.05e-06 6.7e-06 4e-06 8e-06 6.55e-06 2.03e-05 7.7e-06 4.1e-06 4.2e-06 5.7e-06 7.75e-06 2.89e-05 6.55e-06 5.8e-06 4.805e-05 7.9e-06 8.7e-06 8.65e-06 6e-06 1.89e-05 4.55e-06 6.6e-06 1.925e-05 4.1e-06 2.01e-05 5.85e-06 4.6e-06 4e-06 5.7e-06 5e-06 6.45e-06 5.95e-06 6.05e-06 6.1e-06 8.6e-06 6.05e-06 5.85e-06 5.95e-06 7.8e-06 5.9e-06 7.1e-06 7.55e-06 6.3e-06 4.25e-06 2.69e-05 4.5e-06 6.4e-06 7.7e-06 2.805e-05 7.7e-06 5.05e-06 3.85e-06 6.25e-06 5.8e-06 4.4e-06 7.05e-06 5.45e-06
22 2.09e-05 2.2e-05 2.21e-05 2.16e-05 1.975e-05 2.165e-05 2.02e-05 2.095e-05 2.09e-05 2.155e-05 1.95e-05 2.87e-05 2.155e-05 2e-05 2.225e-05 2.18e-05 2.79e-05 2.065e-05 2.12e-05 1.945e-05 2.165e-05 2.205e-05 3.44e-05 2.205e-05 2.2e-05 2.16e-05 2.165e-05 2.145e-05 2.03e-05 2.04e-05 2.78e-05 2.215e-05 1.94e-05 1.925e-05 2.115e-05 2.115e-05 1.99e-05 2.08e-05 2.1e-05 1.94e-05 2.215e-05 2.18e-05 2.17e-05 2.19e-05 2.105e-05 2.245e-05 2.035e-05 2.105e-05 1.805e-05 2.215e-05 2.12e-05 2.2e-05 2.15e-05 2.145e-05 2.825e-05 2.03e-05 2.165e-05 3.275e-05 2.215e-05 2.25e-05 2.14e-05 2.11e-05 2.015e-05 2.125e-05 2.235e-05 2.03e-05 2.16e-05 2.06e-05 2.155e-05 2.17e-05 2.175e-05 1.94e-05 2.215e-05 1.88e-05 2.18e-05 2.12e-05 2.195e-05 2.075e-05 2.175e-05 2.2e-05 2.135e-05 2.145e-05 2.175e-05 2.105e-05 2.045e-05 2.21e-05 2.13e-05 2.47e-05 2.175e-05 1.915e-05 1.99e-05 2.76e-05 2.215e-05 2.1e-05 2.16e-05 2.12e-05 2.105e-05 2.115e-05 1.955e-05 2.235e-05
23 7e-06 5.3e-06 6.95e-06 5.65e-06 8.45e-06 6.05e-06 6.9e-06 6.7e-06 7.5e-06 5.3e-06 2.18e-05 2.715e-05 7.1e-06 2.06e-05 4.45e-06 5.55e-06 2.835e-05 7.2e-06 7.95e-06 2.175e-05 7.2e-06 5.7e-06 2.205e-05 8.4e-06 6.85e-06 7.85e-06 4.8e-06 6.55e-06 8.3e-06 1.995e-05 2.855e-05 7e-06 6.8e-06 2.11e-05 8.55e-06 7.1e-06 7.4e-06 6.05e-06 5.9e-06 7.45e-06 4.55e-06 5.55e-06 5.45e-06 5.05e-06 7.45e-06 4.55e-06 5.85e-06 7e-06 2.155e-05 6.35e-06 6.3e-06 5.7e-06 6.85e-06 6.15e-06 2.875e-05 7.15e-06 7.2e-06 4.71e-05 6.6e-06 8.65e-06 6.75e-06 7.15e-06 2.03e-05 6.7e-06 5.15e-06 2.09e-05 5.4e-06 2.12e-05 5.3e-06 6.35e-06 5.25e-06 6.85e-06 5.65e-06 7.2e-06 4.95e-06 7.25e-06 5.1e-06 8.1e-06 5.5e-06 5.65e-06 6.6e-06 8.2e-06 4.9e-06 7.5e-06 8.45e-06 5.35e-06 5.55e-06 2.615e-05 6.25e-06 7.8e-06 6.55e-06 2.78e-05 6.45e-06 6.25e-06 5.35e-06 7.5e-06 6.5e-06 6.8e-06 6.8e-06 5.95e-06
24 5.3e-06 7.3e-06 4.3e-06 6.35e-06 6.45e-06 5.95e-06 6.85e-06 4.8e-06 6.2e-06 4.9e-06 2.07e-05 2.935e-05 4.25e-06 1.875e-05 6e-06 6.2e-06 2.805e-05 6.35e-06 6.3e-06 2.065e-05 4.35e-06 5.5e-06 2.2e-05 6.85e-06 7.7e-06 4.8e-06 6.95e-06 4.35e-06 6.4e-06 1.975e-05 2.89e-05 4.35e-06 6.75e-06 2.025e-05 7.35e-06 6.1e-06 7.2e-06 5.5e-06 6.5e-06 5.65e-06 8e-06 6e-06 6.1e-06 7.2e-06 6.65e-06 5.9e-06 8.15e-06 6e-06 2.05e-05 6.55e-06 3.95e-06 4.85e-06 4.6e-06 7.75e-06 2.77e-05 6.6e-06 4.45e-06 4.73e-05 6.8e-06 7.2e-06 8.8e-06 5.9e-06 2e-05 4.55e-06 7.5e-06 1.925e-05 5.05e-06 1.905e-05 5.75e-06 5.5e-06 5.1e-06 6.8e-06 4.8e-06 6.9e-06 7.1e-06 5e-06 7.25e-06 8.45e-06 5.95e-06 6.5e-06 6.9e-06 6.55e-06 7.05e-06 5.6e-06 6.55e-06 7.45e-06 5.5e-06 2.625e-05 5.55e-06 6.5e-06 7.8e-06 2.845e-05 6.45e-06 5.5e-06 4.95e-06 5.25e-06 6.8e-06 5.15e-06 7.55e-06 5e-06
25 7.7e-06 7.75e-06 4.9e-06 6.5e-06 4.1e-06 7.65e-06 7.05e-06 7.35e-06 4.7e-06 6.95e-06 1.825e-05 2.96e-05 3.8e-06 2.03e-05 7.1e-06 8e-06 2.9e-05 7.3e-06 3.95e-06 1.82e-05 3.9e-06 7.2e-06 2.16e-05 7.85e-06 4.8e-06 8e-07 7.4e-06 7.25e-06 3.25e-06 1.995e-05 2.87e-05 4.95e-06 6.75e-06 2.155e-05 5.2e-06 7.1e-06 6.95e-06 6e-06 6.75e-06 7.25e-06 8.75e-06 8e-06 7.9e-06 7.65e-06 8.45e-06 7.4e-06 8.35e-06 2.8e-06 2.035e-05 4.8e-06 7e-06 7.35e-06 4.75e-06 8.05e-06 2.53e-05 7.9e-06 3.9e-06 4.63e-05 4.9e-06 4.3e-06 9.3e-06 7.3e-06 2e-05 7.45e-06 8.35e-06 2.045e-05 6.85e-06 1.705e-05 7.75e-06 7.05e-06 7.15e-06 6.8e-06 4.55e-06 7e-06 7.55e-06 3.9e-06 7.7e-06 8.4e-06 7.95e-06 7.95e-06 6.9e-06 4.2e-06 7.5e-06 4.5e-06 3.4e-06 7.9e-06 7.15e-06 2.52e-05 7.1e-06 7.55e-06 8.1e-06 2.85e-05 4.8e-06 6.2e-06 7e-06 4e-06 6.8e-06 7.3e-06 7.55e-06 4.6e-06
26 6.45e-06 4.95e-06 7.05e-06 4.8e-06 7.85e-06 6.3e-06 6.95e-06 6.15e-06 7.55e-06 5.55e-06 2.155e-05 2.68e-05 6.75e-06 1.99e-05 5.65e-06 5.1e-06 2.79e-05 7.35e-06 7.9e-06 2.15e-05 6.85e-06 5.8e-06 2.165e-05 4.8e-06 6.95e-06 7.4e-06 7.7e-06 6e-06 7.55e-06 1.88e-05 2.87e-05 7.1e-06 5.85e-06 2.065e-05 8e-06 7e-06 7.5e-06 5.4e-06 5.4e-06 6.95e-06 4.2e-06 5.1e-06 5e-06 4.2e-06 7e-06 6.05e-06 5.55e-06 6.25e-06 2.09e-05 6.1e-06 5.75e-06 6.15e-06 7.05e-06 6.3e-06 2.82e-05 6.75e-06 6.85e-06 4.675e-05 6.05e-06 8.1e-06 6.4e-06 7.2e-06 1.97e-05 6.15e-06 5.35e-06 2.02e-05 5.55e-06 2.07e-05 4.85e-06 5.9e-06 5.75e-06 5.85e-06 6.55e-06 7.15e-06 4e-06 7e-06 4.25e-06 8.25e-06 5.05e-06 5.05e-06 6.5e-06 8.15e-06 4e-06 7.65e-06 7.7e-06 4.45e-06 5.9e-06 2.595e-05 5.3e-06 7.3e-06 6.15e-06 2.78e-05 6.2e-06 5.6e-06 5.6e-06 6.95e-06 6.1e-06 6.1e-06 6.85e-06 6.8e-06
27 2.4e-06 6.55e-06 4.1e-06 5.85e-06 7e-06 4.95e-06 6.8e-06 1.7e-06 7.45e-06 3.5e-06 2.205e-05 2.865e-05 4.15e-06 1.665e-05 6.75e-06 3.9e-06 2.665e-05 5.7e-06 7.9e-06 2.2e-05 4.25e-06 4.35e-06 2.145e-05 6.55e-06 4.35e-06 7.25e-06 6e-06 1.1e-06 7.2e-06 1.87e-05 2.93e-05 4.15e-06 5.85e-06 1.875e-05 8.3e-06 5.15e-06 7.25e-06 3.55e-06 6.4e-06 3.65e-06 6.8e-06 3.9e-06 3.8e-06 6.25e-06 4.95e-06 6.25e-06 7.4e-06 6.85e-06 1.935e-05 7.3e-06 7e-07 3.4e-06 5.25e-06 7.65e-06 2.87e-05 4.4e-06 4.25e-06 4.785e-05 7.3e-06 8.9e-06 8.05e-06 4.4e-06 1.925e-05 1.4e-06 7.25e-06 1.685e-05 3.95e-06 1.97e-05 3.65e-06 3.35e-06 3.7e-06 5.9e-06 6.9e-06 6.6e-06 6.15e-06 5.2e-06 6.3e-06 8.9e-06 3.85e-06 4.45e-06 7.25e-06 8.15e-06 6.1e-06 7.2e-06 7.35e-06 6.5e-06 4.65e-06 2.685e-05 3.2e-06 4.6e-06 6.65e-06 2.86e-05 7.1e-06 3.75e-06 3.55e-06 5.2e-06 6.95e-06 2.4e-06 7.65e-06 7.25e-06
28 7.35e-06 7.9e-06 6.5e-06 6.45e-06 4.35e-06 7.6e-06 6.25e-06 7e-06 4.65e-06 7.2e-06 1.94e-05 2.995e-05 5.4e-06 1.96e-05 7.85e-06 8.15e-06 2.885e-05 7.05e-06 5e-06 1.935e-05 5.5e-06 7.4e-06 2.03e-05 8.3e-06 6.4e-06 3.25e-06 7.55e-06 7.2e-06 5.7e-06 1.945e-05 2.885e-05 6.55e-06 5.9e-06 2.105e-05 5.95e-06 7e-06 6.8e-06 5.85e-06 6.65e-06 6.4e-06 9.1e-06 8.15e-06 8.05e-06 7.8e-06 8.05e-06 7.95e-06 7.65e-06 3.9e-06 1.885e-05 6.6e-06 6.95e-06 7.6e-06 6.15e-06 8.2e-06 2.67e-05 7e-06 5.5e-06 4.73e-05 6.15e-06 6.15e-06 9e-06 7.25e-06 1.93e-05 7.4e-06 8.85e-06 1.99e-05 7.3e-06 1.82e-05 7.9e-06 7e-06 7.4e-06 5.95e-06 6.45e-06 6.1e-06 7.7e-06 5.3e-06 7.85e-06 8.15e-06 8.1e-06 8.05e-06 7.05e-06 5.4e-06 7.65e-06 5.85e-06 3.15e-06 8.05e-06 7.2e-06 2.525e-05 7.05e-06 6.4e-06 7.45e-06 2.86e-05 6.6e-06 6.05e-06 7.25e-06 4.85e-06 6.75e-06 6.9e-06 6.6e-06 6.65e-06
29 1.945e-05 1.985e-05 1.99e-05 1.72e-05 1.985e-05 1.935e-05 1.9e-05 1.91e-05 1.975e-05 1.835e-05 2.085e-05 2.9e-05 1.935e-05 1.765e-05 1.895e-05 2.015e-05 2.8e-05 2.01e-05 2.03e-05 2.08e-05 1.945e-05 1.85e-05 2.04e-05 1.995e-05 1.975e-05 1.995e-05 1.88e-05 1.87e-05 1.945e-05 3.25e-05 2.835e-05 1.995e-05 1.78e-05 1.995e-05 2.095e-05 1.94e-05 2.015e-05 1.815e-05 1.76e-05 1.9e-05 2.16e-05 2.01e-05 2.005e-05 1.91e-05 2.01e-05 1.865e-05 2.09e-05 1.89e-05 1.81e-05 2.11e-05 1.84e-05 1.86e-05 2.015e-05 2.115e-05 2.795e-05 1.975e-05 1.95e-05 3.365e-05 2.1e-05 2.14e-05 2.18e-05 1.97e-05 1.735e-05 1.89e-05 2.07e-05 1.82e-05 1.88e-05 1.83e-05 1.985e-05 1.845e-05 1.855e-05 1.785e-05 1.95e-05 1.89e-05 1.895e-05 1.99e-05 1.915e-05 2.14e-05 2.005e-05 2e-05 1.89e-05 2.055e-05 1.89e-05 2.02e-05 1.96e-05 1.93e-05 1.895e-05 2.58e-05 1.785e-05 1.965e-05 2.06e-05 2.73e-05 2.11e-05 1.83e-05 1.84e-05 1.98e-05 1.845e-05 1.895e-05 1.95e-05 1.99e-05
30 2.94e-05 2.915e-05 2.9e-05 2.905e-05 2.91e-05 2.93e-05 2.86e-05 2.94e-05 2.875e-05 2.86e-05 2.775e-05 2.68e-05 2.89e-05 2.845e-05 2.835e-05 2.91e-05 2.715e-05 2.705e-05 2.69e-05 2.77e-05 2.9e-05 2.9e-05 2.78e-05 2.855e-05 2.89e-05 2.87e-05 2.87e-05 2.93e-05 2.885e-05 2.835e-05 4.89e-05 2.905e-05 2.875e-05 2.8e-05 2.9e-05 2.695e-05 2.645e-05 2.855e-05 2.78e-05 2.905e-05 2.89e-05 2.91e-05 2.9e-05 2.895e-05 2.91e-05 2.875e-05 2.835e-05 2.855e-05 2.825e-05 2.895e-05 2.905e-05 2.91e-05 2.885e-05 2.685e-05 2.665e-05 2.885e-05 2.9e-05 2.66e-05 2.92e-05 2.97e-05 2.895e-05 2.7e-05 2.845e-05 2.915e-05 2.89e-05 2.845e-05 2.85e-05 2.83e-05 2.885e-05 2.94e-05 2.88e-05 2.88e-05 2.825e-05 2.76e-05 2.885e-05 2.9e-05 2.9e-05 2.66e-05 2.905e-05 2.92e-05 2.685e-05 2.705e-05 2.88e-05 2.68e-05 2.9e-05 2.915e-05 2.88e-05 2.835e-05 2.935e-05 2.935e-05 2.895e-05 2.545e-05 2.9e-05 2.875e-05 2.865e-05 2.925e-05 2.67e-05 2.95e-05 2.73e-05 2.83e-05
31 5.45e-06 7.45e-06 4e-06 6.5e-06 6.6e-06 6.1e-06 7e-06 4.95e-06 6.35e-06 5.05e-06 2.085e-05 2.95e-05 4.6e-06 1.905e-05 6.15e-06 6.35e-06 2.82e-05 6.5e-06 6.45e-06 2.08e-05 4.7e-06 5.65e-06 2.215e-05 7e-06 4.35e-06 4.95e-06 7.1e-06 4.15e-06 6.55e-06 1.995e-05 2.905e-05 8e-06 6.9e-06 2.055e-05 7.5e-06 6.25e-06 7.35e-06 5.65e-06 6.65e-06 6e-06 8.15e-06 6.3e-06 6.25e-06 7.35e-06 6.95e-06 6.05e-06 8.3e-06 6.15e-06 2.065e-05 6.7e-06 4.25e-06 5.15e-06 4.7e-06 7.9e-06 2.785e-05 6.4e-06 4.7e-06 4.745e-05 6.95e-06 7.35e-06 8.95e-06 5.7e-06 2.015e-05 4.8e-06 7.65e-06 1.905e-05 5.2e-06 1.925e-05 6.05e-06 5.3e-06 5.25e-06 6.95e-06 4.9e-06 7.05e-06 7.25e-06 5.15e-06 7.4e-06 8.6e-06 6.25e-06 6.65e-06 7.05e-06 6.7e-06 7.2e-06 5.75e-06 6.7e-06 7.6e-06 5.65e-06 2.64e-05 5.35e-06 6.65e-06 7.95e-06 2.86e-05 6.6e-06 5.8e-06 5.1e-06 5.4e-06 6.95e-06 5.3e-06 7.7e-06 5.1e-06
32 5.9e-06 6.65e-06 6.85e-06 4.1e-06 5.35e-06 5.5e-06 5e-06 5.5e-06 6.15e-06 5.3e-06 2.11e-05 2.955e-05 6.35e-06 1.89e-05 5.75e-06 7.2e-06 2.785e-05 6.25e-06 7.05e-06 2.105e-05 6.45e-06 5.65e-06 1.94e-05 6.8e-06 6.75e-06 6.75e-06 5.85e-06 5.85e-06 5.9e-06 1.78e-05 2.875e-05 6.9e-06 6.8e-06 2.045e-05 7.65e-06 6.5e-06 6.25e-06 5.2e-06 4.55e-06 4.7e-06 8.55e-06 7.2e-06 7.1e-06 6.15e-06 7.05e-06 5.65e-06 7.35e-06 5.8e-06 1.78e-05 7.95e-06 5.6e-06 5.85e-06 6.35e-06 7.95e-06 2.845e-05 6.3e-06 6.45e-06 4.78e-05 7.9e-06 8.3e-06 8.55e-06 6.6e-06 1.83e-05 6.1e-06 7.55e-06 1.935e-05 5.75e-06 1.96e-05 6.95e-06 5.35e-06 5.5e-06 3.5e-06 6.25e-06 4.35e-06 6e-06 6.1e-06 6.2e-06 8.15e-06 7.15e-06 7.25e-06 5.75e-06 7.3e-06 5.95e-06 6.8e-06 6.05e-06 6.35e-06 5.15e-06 2.585e-05 5e-06 4.55e-06 6.15e-06 2.775e-05 7.9e-06 5.4e-06 5.35e-06 6.05e-06 5.35e-06 5.5e-06 5.85e-06 6.65e-06
33 1.91e-05 2.125e-05 2.05e-05 2.11e-05 2.115e-05 2.08e-05 2.11e-05 1.905e-05 2.14e-05 1.99e-05 2e-05 2.79e-05 2e-05 1.865e-05 2.155e-05 1.985e-05 2.72e-05 2.05e-05 2.155e-05 1.995e-05 2.01e-05 2.05e-05 1.925e-05 2.11e-05 2.025e-05 2.155e-05 2.065e-05 1.875e-05 2.105e-05 1.995e-05 2.8e-05 2.055e-05 2.045e-05 3.65e-05 2.13e-05 2.03e-05 2.09e-05 1.95e-05 2.09e-05 1.935e-05 2.09e-05 1.965e-05 1.975e-05 2.09e-05 1.965e-05 2.155e-05 2.05e-05 2.105e-05 1.965e-05 2.15e-05 1.835e-05 1.99e-05 2.075e-05 2.12e-05 2.805e-05 1.97e-05 2.015e-05 3.245e-05 2.15e-05 2.225e-05 2.095e-05 2.01e-05 2.02e-05 1.85e-05 2.14e-05 1.915e-05 2e-05 2.05e-05 1.94e-05 2.02e-05 2.01e-05 2.05e-05 2.16e-05 2.05e-05 2.08e-05 2.065e-05 2.095e-05 2.115e-05 1.96e-05 2.015e-05 2.135e-05 2.18e-05 2.075e-05 2.115e-05 2.12e-05 2.11e-05 2.045e-05 2.535e-05 2e-05 2e-05 2.07e-05 2.77e-05 2.145e-05 1.95e-05 1.995e-05 2.065e-05 2.105e-05 1.94e-05 2.06e-05 2.18e-05
34 8.2e-06 8.5e-06 7.45e-06 7.8e-06 6.7e-06 8.75e-06 8e-06 8.3e-06 6.95e-06 8.15e-06 2e-05 2.94e-05 6.85e-06 2.11e-05 8.55e-06 8.55e-06 2.92e-05 8.35e-06 6.75e-06 1.995e-05 6.95e-06 8.45e-06 2.115e-05 8.55e-06 7.35e-06 5.2e-06 8e-06 8.3e-06 5.95e-06 2.095e-05 2.9e-05 7.5e-06 7.65e-06 2.13e-05 9.9e-06 8.2e-06 8.05e-06 7.35e-06 7.8e-06 8.1e-06 8.8e-06 8.55e-06 8.45e-06 8.25e-06 6.8e-06 8.8e-06 7.95e-06 5.9e-06 2.095e-05 7.35e-06 8.05e-06 8.6e-06 7.3e-06 8.6e-06 2.735e-05 8e-06 6.95e-06 4.685e-05 7.2e-06 6.35e-06 7e-06 8.35e-06 2.1e-05 8.05e-06 8.85e-06 2.14e-05 8.15e-06 2e-05 8.3e-06 8.3e-06 8.35e-06 7.7e-06 7.25e-06 7.8e-06 8.15e-06 6.95e-06 8.3e-06 6.9e-06 8.5e-06 8.55e-06 8.2e-06 7e-06 8.1e-06 6.9e-06 5.9e-06 8.45e-06 8.35e-06 2.57e-05 8.2e-06 8.3e-06 8.45e-06 2.875e-05 7.4e-06 7.55e-06 8.2e-06 6.8e-06 7.9e-06 8.3e-06 7.6e-06 7.45e-06
35 5.85e-06 7.45e-06 6.2e-06 6.6e-06 7.25e-06 6.5e-06 6.6e-06 5.5e-06 6.95e-06 5.55e-06 2.135e-05 2.89e-05 6.05e-06 1.875e-05 6.55e-06 6.55e-06 2.79e-05 5.1e-06 5.95e-06 2.13e-05 6.15e-06 5.6e-06 2.115e-05 7.1e-06 6.1e-06 7.1e-06 7e-06 5.15e-06 7e-06 1.94e-05 2.695e-05 6.25e-06 6.5e-06 2.03e-05 8.2e-06 8.4e-06 5.45e-06 5.6e-06 5.85e-06 5.95e-06 7.95e-06 6.55e-06 6.45e-06 7.25e-06 7e-06 6.55e-06 7.65e-06 6.85e-06 1.96e-05 7.7e-06 4.9e-06 5.8e-06 6.3e-06 6.25e-06 2.84e-05 6.55e-06 6.15e-06 4.755e-05 7.9e-06 9.05e-06 8.5e-06 4.8e-06 1.96e-05 5.35e-06 7.75e-06 1.9e-05 5.4e-06 1.98e-05 6.3e-06 6.1e-06 5.75e-06 6.55e-06 6.55e-06 5.85e-06 7.15e-06 6.4e-06 7.3e-06 6.65e-06 6.5e-06 6.2e-06 5.55e-06 6.15e-06 7.1e-06 5.8e-06 7.15e-06 7.5e-06 6e-06 2.645e-05 6.05e-06 6.5e-06 7.45e-06 2.73e-05 7.7e-06 5.8e-06 5.6e-06 6.6e-06 5.35e-06 5.25e-06 6.35e-06 6.75e-06
36 7.8e-06 7.85e-06 7.3e-06 7.6e-06 6.45e-06 7.65e-06 6.6e-06 7.4e-06 6.9e-06 6.9e-06 2.08e-05 2.875e-05 7e-06 2e-05 6.75e-06 7.5e-06 2.87e-05 5.55e-06 5.45e-06 2.075e-05 7.1e-06 7.4e-06 1.99e-05 7.4e-06 7.2e-06 6.95e-06 7.5e-06 7.25e-06 6.8e-06 2.015e-05 2.645e-05 7.35e-06 6.25e-06 2.09e-05 8.05e-06 5.45e-06 6.6e-06 6.25e-06 6.1e-06 6.2e-06 7.95e-06 7.6e-06 7.5e-06 7.75e-06 7.85e-06 7.4e-06 7.4e-06 6.4e-06 1.905e-05 7.5e-06 7e-06 7.4e-06 7.25e-06 5.8e-06 2.83e-05 7.35e-06 7.1e-06 4.745e-05 7.75e-06 9.05e-06 8.4e-06 5.4e-06 2.03e-05 7.5e-06 7.8e-06 2.005e-05 6.55e-06 1.995e-05 7.35e-06 7.65e-06 7.1e-06 6.25e-06 6.9e-06 4.85e-06 7.65e-06 7.2e-06 7.8e-06 5.8e-06 7.55e-06 7.7e-06 5.55e-06 5.65e-06 7.6e-06 5.3e-06 6.95e-06 8e-06 7.2e-06 2.615e-05 7.6e-06 6.6e-06 6.6e-06 2.7e-05 7.45e-06 6.45e-06 6.95e-06 7.45e-06 5.35e-06 7.6e-06 5.85e-06 6.95e-06
37 4.45e-06 6e-06 5.6e-06 4.8e-06 6.2e-06 5.45e-06 6.1e-06 4e-06 6.4e-06 4.25e-06 2.095e-05 2.835e-05 4.9e-06 1.785e-05 5.45e-06 5.05e-06 2.735e-05 6.1e-06 6.7e-06 2.09e-05 5e-06 4.85e-06 2.08e-05 6.05e-06 5.5e-06 6e-06 5.4e-06 3.55e-06 5.85e-06 1.815e-05 2.855e-05 5.65e-06 5.2e-06 1.95e-05 7.35e-06 5.6e-06 6.25e-06 6.1e-06 5.45e-06 4.85e-06 6.7e-06 5.15e-06 4.95e-06 5.65e-06 5.85e-06 5.65e-06 7.05e-06 4.45e-06 1.915e-05 6.7e-06 3.3e-06 4.55e-06 6e-06 7.1e-06 2.775e-05 5.8e-06 5e-06 4.735e-05 6.55e-06 7.75e-06 7.75e-06 5.55e-06 1.865e-05 3.8e-06 6.6e-06 1.82e-05 4.25e-06 1.915e-05 4.9e-06 4.5e-06 4.45e-06 5.25e-06 6.3e-06 6.1e-06 5.55e-06 5.55e-06 5.7e-06 7.85e-06 5.1e-06 5.35e-06 6.2e-06 6.95e-06 5.5e-06 6.7e-06 6e-06 5.9e-06 5.1e-06 2.63e-05 4.3e-06 5.5e-06 6.5e-06 2.795e-05 6.6e-06 3.35e-06 4.3e-06 5.4e-06 5.9e-06 4.3e-06 6.95e-06 6.5e-06
38 6.85e-06 6.4e-06 6.6e-06 3.35e-06 6.95e-06 5.45e-06 5.15e-06 6.5e-06 6.25e-06 4.75e-06 2.115e-05 2.935e-05 6.5e-06 1.945e-05 4.25e-06 7.4e-06 2.85e-05 6.1e-06 6.4e-06 2.11e-05 6.6e-06 5e-06 2.1e-05 5.9e-06 6.5e-06 6.75e-06 5.4e-06 6.4e-06 6.65e-06 1.76e-05 2.78e-05 6.65e-06 4.55e-06 2.09e-05 7.8e-06 5.85e-06 6.1e-06 5.45e-06 5.1e-06 6.45e-06 8.4e-06 7.4e-06 7.3e-06 5.5e-06 7.3e-06 4.15e-06 7.7e-06 5.9e-06 1.955e-05 7.75e-06 6.15e-06 5.45e-06 6.45e-06 7.1e-06 2.845e-05 7e-06 6.6e-06 4.76e-05 7.95e-06 8.35e-06 8.5e-06 6.05e-06 1.84e-05 6.6e-06 6.8e-06 1.99e-05 5.35e-06 1.965e-05 7.15e-06 5.45e-06 4.95e-06 4.6e-06 4.9e-06 4.5e-06 5.55e-06 6.6e-06 5.55e-06 7.25e-06 7.35e-06 7.35e-06 4.2e-06 6.6e-06 5.5e-06 6.15e-06 6.8e-06 5.9e-06 4.95e-06 2.61e-05 4.7e-06 6.75e-06 7.55e-06 2.63e-05 7.75e-06 5.65e-06 4.8e-06 6.8e-06 4.15e-06 6.45e-06 4.95e-06 5.35e-06
39 4.2e-06 7.3e-06 5.95e-06 6.35e-06 5.5e-06 5.7e-06 5.95e-06 3.65e-06 6.9e-06 5.15e-06 2.15e-05 2.94e-05 5.25e-06 1.76e-05 7.4e-06 5.85e-06 2.725e-05 5.75e-06 7.5e-06 2.145e-05 5.3e-06 5.85e-06 1.94e-05 7.45e-06 5.65e-06 7.25e-06 6.95e-06 3.65e-06 6.4e-06 1.9e-05 2.905e-05 6e-06 4.7e-06 1.935e-05 8.1e-06 5.95e-06 6.2e-06 4.85e-06 6.45e-06 6.3e-06 8e-06 5.65e-06 5.75e-06 7.2e-06 5.95e-06 7.1e-06 7.2e-06 6.8e-06 1.765e-05 7.9e-06 3.25e-06 5.1e-06 5.9e-06 7.85e-06 2.885e-05 5.3e-06 5.45e-06 4.81e-05 7.9e-06 9.1e-06 8.45e-06 5.65e-06 1.92e-05 3.9e-06 8.15e-06 1.825e-05 5.5e-06 1.965e-05 5.4e-06 5.15e-06 5.35e-06 4.7e-06 7.4e-06 4.8e-06 7.1e-06 5.65e-06 7.25e-06 8.45e-06 5.6e-06 6.25e-06 7.2e-06 7.75e-06 7.05e-06 7.05e-06 6.55e-06 7.45e-06 5.4e-06 2.615e-05 5.2e-06 3.65e-06 5.75e-06 2.845e-05 7.75e-06 4.85e-06 5.2e-06 5.65e-06 6.9e-06 4.05e-06 6.55e-06 7.75e-06
40 7.25e-06 4.85e-06 8.1e-06 8.45e-06 9.2e-06 8.25e-06 9.2e-06 7e-06 9.35e-06 7.45e-06 2.205e-05 2.485e-05 7.8e-06 2.11e-05 8.05e-06 3.75e-06 2.815e-05 8.2e-06 9e-06 2.2e-05 7.9e-06 7.85e-06 2.215e-05 4.55e-06 8e-06 8.75e-06 4.2e-06 6.8e-06 9.1e-06 2.16e-05 2.89e-05 8.15e-06 8.55e-06 2.09e-05 8.8e-06 7.95e-06 7.95e-06 6.7e-06 8.4e-06 8e-06 7e-07 3.65e-06 3.65e-06 4.35e-06 7.4e-06 8.95e-06 3.55e-06 7.85e-06 2.235e-05 5e-06 6.55e-06 7.95e-06 8.15e-06 4.85e-06 2.87e-05 6.95e-06 7.9e-06 4.645e-05 5e-06 9.1e-06 4.75e-06 8e-06 2.215e-05 6.9e-06 4.85e-06 2.125e-05 6.85e-06 2.21e-05 3.5e-06 7.95e-06 7.65e-06 8.6e-06 8.7e-06 8.8e-06 4.25e-06 8.1e-06 4.45e-06 8.4e-06 3.5e-06 3.85e-06 8.85e-06 9.25e-06 4.3e-06 8.8e-06 9.25e-06 4.8e-06 7.85e-06 2.585e-05 7.7e-06 8.4e-06 5.05e-06 2.86e-05 5.2e-06 6.9e-06 7.5e-06 8.1e-06 8.55e-06 7.1e-06 7.65e-06 8.75e-06
41 4.85e-06 5.7e-06 6.25e-06 7.15e-06 8.1e-06 6.6e-06 8e-06 4.4e-06 8.4e-06 5.5e-06 2.205e-05 2.675e-05 5.8e-06 1.87e-05 7.4e-06 3.85e-06 2.74e-05 6.95e-06 8.45e-06 2.2e-05 5.9e-06 6.1e-06 2.18e-05 5.55e-06 6e-06 8e-06 5.1e-06 3.9e-06 8.15e-06 2.01e-05 2.91e-05 6.3e-06 7.2e-06 1.965e-05 8.55e-06 6.55e-06 7.6e-06 5.15e-06 7.4e-06 5.65e-06 3.65e-06 6.8e-06 3.75e-06 5.25e-06 6e-06 7.6e-06 5.5e-06 7.35e-06 2.085e-05 6.15e-06 3.5e-06 5.5e-06 6.7e-06 6.2e-06 2.87e-05 5.85e-06 5.95e-06 4.715e-05 6.15e-06 9e-06 6.4e-06 6.35e-06 2.07e-05 4.05e-06 6.05e-06 1.92e-05 5.4e-06 2.085e-05 3.4e-06 5.8e-06 5.7e-06 7.25e-06 7.8e-06 7.7e-06 5.15e-06 6.65e-06 5.4e-06 8.65e-06 3.6e-06 4.15e-06 8.05e-06 8.7e-06 5.2e-06 8e-06 8.3e-06 5.65e-06 6.25e-06 2.635e-05 5.6e-06 6.5e-06 5.85e-06 2.86e-05 6.15e-06 5.15e-06 5.55e-06 6.65e-06 7.75e-06 4.75e-06 7.65e-06 8e-06
42 4.65e-06 5.6e-06 6.2e-06 7.05e-06 8e-06 6.5e-06 7.9e-06 4.25e-06 8.3e-06 5.3e-06 2.195e-05 2.665e-05 5.9e-06 1.88e-05 7.3e-06 3.65e-06 2.73e-05 6.85e-06 8.35e-06 2.19e-05 6e-06 6e-06 2.17e-05 5.45e-06 6.1e-06 7.9e-06 5e-06 3.8e-06 8.05e-06 2.005e-05 2.9e-05 6.25e-06 7.1e-06 1.975e-05 8.45e-06 6.45e-06 7.5e-06 4.95e-06 7.3e-06 5.75e-06 3.65e-06 3.75e-06 6.6e-06 5.25e-06 6.1e-06 7.5e-06 5.4e-06 7.25e-06 2.075e-05 6.05e-06 3.55e-06 5.6e-06 6.6e-06 6.2e-06 2.86e-05 5.8e-06 6e-06 4.705e-05 6.05e-06 8.9e-06 6.3e-06 6.3e-06 2.06e-05 4e-06 5.95e-06 1.915e-05 5.3e-06 2.08e-05 3.5e-06 5.75e-06 5.5e-06 7.15e-06 7.7e-06 7.6e-06 5.15e-06 6.55e-06 5.3e-06 8.55e-06 3.7e-06 4.05e-06 7.95e-06 8.6e-06 5.1e-06 7.9e-06 8.2e-06 5.55e-06 6.15e-06 2.625e-05 5.55e-06 6.4e-06 5.75e-06 2.85e-05 6.05e-06 5.25e-06 5.35e-06 6.55e-06 7.65e-06 4.65e-06 7.55e-06 7.9e-06
43 6.7e-06 5.2e-06 7.3e-06 4.9e-06 8.1e-06 6.55e-06 7.2e-06 6.4e-06 7.8e-06 5.8e-06 2.18e-05 2.705e-05 7e-06 2.015e-05 5.9e-06 5.35e-06 2.815e-05 7.6e-06 8.15e-06 2.175e-05 7.1e-06 6.05e-06 2.19e-05 5.05e-06 7.2e-06 7.65e-06 4.2e-06 6.25e-06 7.8e-06 1.91e-05 2.895e-05 7.35e-06 6.15e-06 2.09e-05 8.25e-06 7.25e-06 7.75e-06 5.65e-06 5.5e-06 7.2e-06 4.35e-06 5.25e-06 5.25e-06 8.2e-06 7.25e-06 6.3e-06 5.8e-06 6.5e-06 2.115e-05 6.35e-06 6e-06 6.4e-06 7.3e-06 6.45e-06 2.845e-05 7e-06 7.1e-06 4.7e-05 6.3e-06 8.35e-06 6.65e-06 7.45e-06 1.995e-05 6.4e-06 5.6e-06 2.045e-05 5.8e-06 2.095e-05 5.1e-06 6.15e-06 6e-06 6.2e-06 6.8e-06 7.4e-06 4.25e-06 7.25e-06 4.25e-06 8.5e-06 5.3e-06 5.3e-06 6.6e-06 8.4e-06 4.3e-06 7.9e-06 7.95e-06 4.75e-06 6.15e-06 2.62e-05 5.4e-06 7.55e-06 6.4e-06 2.805e-05 6.45e-06 5.85e-06 5.85e-06 7.2e-06 6.4e-06 6.35e-06 7.1e-06 7.05e-06
