 slim_337566547 slim_337566403 slim_337566675 slim_337566709 slim_337566541 slim_337566633 slim_337566503 slim_337566656 slim_337566640 slim_337566719 slim_337566699 slim_337566727 slim_337566703 slim_337566628 slim_337566554 slim_337566667 slim_337566672 slim_337566642 slim_337566688 slim_337566609 slim_337566659 slim_337566662 slim_337566525 slim_337566723 slim_337566666 slim_337566641 slim_337566634 slim_337566651 slim_337566497 slim_337566725 slim_337566660 slim_337566543 slim_337566715 slim_337566455 slim_337566682 slim_337566700 slim_337566670 slim_337566718 slim_337566599 slim_337566631 slim_337566653 slim_337566686 slim_337566706 slim_337566459 slim_337566677 slim_337566605 slim_337566493 slim_337566338 slim_337566584 slim_337566702 slim_337566468 slim_337566708 slim_337566575 slim_337566720 slim_337566705 slim_337566665 slim_337566626 slim_337566729 slim_337566713 slim_337566680 slim_337566632 slim_337566326 slim_337566697 slim_337566671 slim_337566683 slim_337566643 slim_337566689 slim_337566726 slim_337566714 slim_337566558 slim_337566728 slim_337566712 slim_337566673 slim_337566722 slim_337566684 slim_337566654 slim_337566710 slim_337566695 slim_337566649 slim_337566711 slim_337566487 slim_337566681 slim_337566717 slim_337566701 slim_337566724 slim_337566411 slim_337566423 slim_337566586 slim_337566625 slim_337566619 slim_337566608 slim_337566644 slim_337566521 slim_337566630 slim_337566696 slim_337566606 slim_337566637 slim_337566616 slim_337566721 slim_337566731
0 1.34e-05 3.48e-05 8.35e-06 7.6e-06 8.75e-06 8.2e-06 7.8e-06 7.65e-06 7.7e-06 9.6e-06 8e-06 3.46e-05 8.75e-06 8.35e-06 1e-05 3.51e-05 7.85e-06 7.95e-06 3.485e-05 8.165e-05 9.05e-06 3.585e-05 3.495e-05 7.35e-06 8.45e-06 8.45e-06 3.45e-05 6.19e-05 7.55e-06 7.6e-06 8.85e-06 2.03e-05 8.6e-06 3.51e-05 3.385e-05 7.2e-06 3.46e-05 7.75e-06 4.99e-05 7.6e-06 7.9e-06 5.525e-05 5.505e-05 8.05e-06 8.95e-06 3.495e-05 3.46e-05 7.85e-06 8.25e-06 4.69e-05 8.45e-06 8.4e-06 6.14e-05 3.46e-05 7.75e-06 8.7e-06 7.75e-06 1.935e-05 8.3e-06 3.445e-05 8.3e-06 5.015e-05 3.445e-05 8.7e-06 1.055e-05 3.46e-05 7.75e-06 9.25e-06 9.25e-06 3.505e-05 8.7e-06 5.6e-05 8.1e-06 3.515e-05 8e-06 3.585e-05 3.585e-05 3.525e-05 3.425e-05 8.15e-06 3.515e-05 5.03e-05 3.49e-05 1.025e-05 3.455e-05 3.455e-05 7.95e-06 9.8e-06 7.35e-06 1.015e-05 3.51e-05 9.3e-06 3.455e-05 5.59e-05 9.7e-06 3.49e-05 8.8e-06 3.47e-05 5.01e-05 1.005e-05
1 3.48e-05 5.77e-05 3.2e-05 3.525e-05 3.16e-05 3.14e-05 3.01e-05 3.53e-05 3.01e-05 3.405e-05 3.055e-05 4.76e-05 3.255e-05 3.155e-05 3.52e-05 4.805e-05 3.145e-05 3.67e-05 4.78e-05 6.875e-05 3.44e-05 3.14e-05 4.79e-05 3.395e-05 3.365e-05 3.21e-05 4.72e-05 6.435e-05 3.475e-05 3.48e-05 3.41e-05 2.93e-05 3.29e-05 3.04e-05 5.1e-05 3.36e-05 4.795e-05 3.01e-05 4.75e-05 3.48e-05 3.015e-05 5.205e-05 5.25e-05 3.045e-05 3.065e-05 2.925e-05 4.73e-05 3.125e-05 3.145e-05 4.645e-05 3.3e-05 3.17e-05 6.38e-05 4.76e-05 3.7e-05 3.385e-05 3.71e-05 3.04e-05 3.15e-05 4.76e-05 3.175e-05 4.73e-05 4.78e-05 3.495e-05 3.81e-05 4.755e-05 3.305e-05 3.55e-05 3.665e-05 3.015e-05 3.3e-05 5.265e-05 3.155e-05 4.75e-05 3.21e-05 3.345e-05 5.11e-05 3.02e-05 5.14e-05 3.59e-05 3e-05 4.7e-05 4.74e-05 3.56e-05 5.17e-05 4.795e-05 3.01e-05 3.53e-05 3.395e-05 3.535e-05 4.745e-05 3.335e-05 4.75e-05 5.2e-05 3.39e-05 4.74e-05 3.345e-05 4.655e-05 4.77e-05 3.725e-05
2 8.35e-06 3.2e-05 1.3e-06 7.25e-06 7.4e-06 2.4e-06 4.45e-06 7.5e-06 6.1e-06 8.85e-06 6.05e-06 3.27e-05 6.7e-06 2.55e-06 8.75e-06 3.4e-05 1.65e-06 1.19e-05 3.115e-05 8.14e-05 8.95e-06 3.235e-05 3.425e-05 9.5e-06 7.15e-06 1.05e-06 3.22e-05 6.15e-05 8.75e-06 8.85e-06 7.4e-06 1.775e-05 6.75e-06 3.035e-05 3.735e-05 9.15e-06 2.975e-05 3.5e-06 4.805e-05 8.85e-06 3.65e-06 5.44e-05 5.215e-05 2.65e-06 5.4e-06 3.17e-05 3.23e-05 4.3e-06 2.45e-06 4.57e-05 8.3e-06 3.8e-06 6.095e-05 3.28e-05 1.165e-05 6.6e-06 1.175e-05 1.625e-05 2.15e-06 3.09e-05 3.6e-06 4.64e-05 2.995e-05 9.5e-06 1.2e-05 3.07e-05 6.95e-06 1.095e-05 1.035e-05 3.295e-05 6.85e-06 5.355e-05 3.7e-06 3.43e-05 2.85e-06 3.5e-05 3.64e-05 3.31e-05 3.755e-05 8.9e-06 3.165e-05 4.78e-05 3.245e-05 6.95e-06 3.785e-05 2.91e-05 4.3e-06 6.6e-06 9.5e-06 6.7e-06 3.425e-05 6.25e-06 3.365e-05 5.44e-05 9.25e-06 3.245e-05 8.25e-06 3.34e-05 4.825e-05 1.115e-05
3 7.6e-06 3.525e-05 7.25e-06 1.39e-05 9.2e-06 8.15e-06 8.65e-06 7.25e-06 8.35e-06 9.85e-06 8.7e-06 3.51e-05 8.65e-06 8.3e-06 9.9e-06 3.54e-05 7.45e-06 8.2e-06 3.48e-05 8.19e-05 9.5e-06 3.615e-05 3.56e-05 7.6e-06 8.5e-06 7.35e-06 3.495e-05 6.235e-05 7.9e-06 8.05e-06 9.3e-06 2.065e-05 9.05e-06 3.485e-05 3.41e-05 7.65e-06 3.405e-05 8.05e-06 5.02e-05 8.05e-06 8.35e-06 5.55e-05 5.53e-05 8e-06 9.45e-06 3.54e-05 3.505e-05 8e-06 8.2e-06 4.725e-05 8.85e-06 8.2e-06 6.165e-05 3.45e-05 8.15e-06 9e-06 8.15e-06 1.935e-05 7.9e-06 3.42e-05 7.8e-06 4.99e-05 3.425e-05 8.95e-06 1.08e-05 3.51e-05 8.2e-06 9.5e-06 9.5e-06 3.535e-05 9.15e-06 5.63e-05 7.9e-06 3.54e-05 7.8e-06 3.61e-05 3.61e-05 3.57e-05 3.45e-05 8.1e-06 3.56e-05 5.075e-05 3.555e-05 1e-05 3.48e-05 3.405e-05 8.4e-06 9.55e-06 7.6e-06 9.75e-06 3.535e-05 9.25e-06 3.485e-05 5.62e-05 1e-05 3.555e-05 9.05e-06 3.515e-05 5.04e-05 1.045e-05
4 8.75e-06 3.16e-05 7.4e-06 9.2e-06 8.5e-06 6.8e-06 5.6e-06 9.25e-06 5.5e-06 8.95e-06 5.2e-06 3.24e-05 5.3e-06 6.95e-06 8.9e-06 3.2e-05 6.9e-06 8.6e-06 3.3e-05 7.805e-05 7.05e-06 3.325e-05 3.18e-05 7.9e-06 7.05e-06 7.5e-06 3.185e-05 5.895e-05 8.85e-06 8.75e-06 7.45e-06 1.73e-05 6.25e-06 3.315e-05 3.42e-05 7.55e-06 3.345e-05 5.5e-06 4.835e-05 8.75e-06 5.5e-06 5.24e-05 5.255e-05 5.85e-06 6.55e-06 3.2e-05 3.195e-05 5.85e-06 6.85e-06 4.37e-05 7.45e-06 6.4e-06 5.81e-05 3.15e-05 9.7e-06 7.8e-06 9.8e-06 1.65e-05 6.9e-06 3.225e-05 6.3e-06 4.815e-05 3.33e-05 7.2e-06 1.095e-05 3.31e-05 7.75e-06 6.75e-06 8.75e-06 3.205e-05 6.35e-06 5.255e-05 6.1e-06 3.26e-05 7.5e-06 3.415e-05 3.385e-05 3.225e-05 3.475e-05 9.25e-06 3.275e-05 4.785e-05 3.26e-05 1.005e-05 3.505e-05 3.35e-05 5.5e-06 1.02e-05 7.9e-06 9.9e-06 3.255e-05 6.25e-06 3.13e-05 5.255e-05 7.75e-06 3.26e-05 6.8e-06 3.175e-05 4.855e-05 1.09e-05
5 8.2e-06 3.14e-05 2.4e-06 8.15e-06 6.8e-06 3.5e-06 3.4e-06 8.2e-06 5.9e-06 8.85e-06 5.75e-06 3.21e-05 7e-06 2.2e-06 9.1e-06 3.39e-05 2.25e-06 1.19e-05 3.14e-05 8.14e-05 8.55e-06 3.175e-05 3.405e-05 9.5e-06 7.25e-06 2.45e-06 3.135e-05 6.14e-05 8.25e-06 7.85e-06 6.55e-06 1.755e-05 5.9e-06 3.085e-05 3.735e-05 8.55e-06 3.045e-05 3.05e-06 4.8e-05 8e-06 2.9e-06 5.44e-05 5.2e-05 2.9e-06 4.5e-06 3.115e-05 3.145e-05 4.35e-06 2.1e-06 4.55e-05 8.05e-06 4.1e-06 6.095e-05 3.315e-05 1.14e-05 5.9e-06 1.15e-05 1.65e-05 2.2e-06 3.135e-05 4.35e-06 4.685e-05 3.02e-05 9.5e-06 1.2e-05 2.945e-05 6.05e-06 1.095e-05 1.025e-05 3.285e-05 6e-06 5.29e-05 3.95e-06 3.43e-05 3.3e-06 3.505e-05 3.645e-05 3.27e-05 3.755e-05 9.2e-06 3.065e-05 4.695e-05 3.15e-05 7.8e-06 3.785e-05 2.97e-05 3.45e-06 7.45e-06 9.5e-06 7.35e-06 3.425e-05 6.5e-06 3.355e-05 5.435e-05 9.2e-06 3.145e-05 8.25e-06 3.33e-05 4.82e-05 1.09e-05
6 7.8e-06 3.01e-05 4.45e-06 8.65e-06 5.6e-06 3.4e-06 4.6e-06 8.7e-06 3.75e-06 7.85e-06 4.1e-06 3.16e-05 6.85e-06 3.55e-06 9.05e-06 3.3e-05 4e-06 1.11e-05 3.21e-05 8.035e-05 8.1e-06 3.185e-05 3.305e-05 8.15e-06 7.2e-06 4.55e-06 3.085e-05 6.03e-05 8.1e-06 7.75e-06 6.8e-06 1.585e-05 5.9e-06 3.105e-05 3.605e-05 7.6e-06 3.14e-05 3.25e-06 4.82e-05 7.7e-06 3.05e-06 5.325e-05 5.23e-05 3.5e-06 3.85e-06 3.035e-05 3.095e-05 4.65e-06 3.4e-06 4.385e-05 7e-06 4.7e-06 5.955e-05 3.25e-05 1.07e-05 6.25e-06 1.08e-05 1.565e-05 3.5e-06 3.17e-05 5.05e-06 4.77e-05 3.125e-05 9.25e-06 1.18e-05 3.03e-05 5.85e-06 9.9e-06 1.02e-05 3.165e-05 5.95e-06 5.255e-05 4.85e-06 3.285e-05 4.85e-06 3.465e-05 3.59e-05 3.14e-05 3.645e-05 9.55e-06 3.02e-05 4.69e-05 3.125e-05 8.65e-06 3.675e-05 3.115e-05 2.9e-06 8.3e-06 8.15e-06 8.4e-06 3.28e-05 7.1e-06 3.245e-05 5.315e-05 8.25e-06 3.125e-05 7.4e-06 3.165e-05 4.84e-05 1.055e-05
7 7.65e-06 3.53e-05 7.5e-06 7.25e-06 9.25e-06 8.2e-06 8.7e-06 1.4e-05 8.4e-06 9.9e-06 8.75e-06 3.515e-05 8.7e-06 8.35e-06 9.95e-06 3.545e-05 7.5e-06 8.25e-06 3.485e-05 8.195e-05 9.55e-06 3.62e-05 3.565e-05 7.65e-06 8.55e-06 7.6e-06 3.5e-05 6.24e-05 7.95e-06 8.1e-06 9.35e-06 2.07e-05 9.1e-06 3.49e-05 3.415e-05 7.7e-06 3.43e-05 8.1e-06 5.025e-05 8.1e-06 8.4e-06 5.555e-05 5.535e-05 8.05e-06 9.5e-06 3.545e-05 3.51e-05 8.05e-06 8.25e-06 4.73e-05 8.9e-06 8.05e-06 6.17e-05 3.455e-05 8.2e-06 9.05e-06 8.2e-06 1.94e-05 8.15e-06 3.425e-05 8e-06 4.995e-05 3.43e-05 9e-06 1.085e-05 3.515e-05 8.25e-06 9.55e-06 9.55e-06 3.54e-05 9.2e-06 5.635e-05 7.95e-06 3.545e-05 7.85e-06 3.615e-05 3.615e-05 3.575e-05 3.455e-05 8.05e-06 3.565e-05 5.08e-05 3.56e-05 1.005e-05 3.485e-05 3.425e-05 8.45e-06 9.6e-06 7.65e-06 9.8e-06 3.54e-05 9.3e-06 3.49e-05 5.625e-05 1.005e-05 3.56e-05 9.1e-06 3.52e-05 5.045e-05 1.05e-05
8 7.7e-06 3.01e-05 6.1e-06 8.35e-06 5.5e-06 5.9e-06 3.75e-06 8.4e-06 3.5e-06 6.9e-06 3.9e-06 3.245e-05 6.75e-06 6.05e-06 9.05e-06 3.295e-05 5.35e-06 9.7e-06 3.3e-05 7.95e-05 8.6e-06 3.265e-05 3.3e-05 6.3e-06 7.9e-06 6.2e-06 3.185e-05 6.015e-05 8.25e-06 8.25e-06 8.45e-06 1.455e-05 7.3e-06 3.115e-05 3.425e-05 7.2e-06 3.255e-05 4.5e-06 4.81e-05 8.3e-06 4.9e-06 5.175e-05 5.325e-05 5.05e-06 4.95e-06 3.08e-05 3.195e-05 5.35e-06 5.95e-06 4.26e-05 6.25e-06 6.05e-06 5.89e-05 3.195e-05 1.025e-05 8.3e-06 1.025e-05 1.535e-05 6e-06 3.185e-05 6.05e-06 4.835e-05 3.24e-05 8.5e-06 1.155e-05 3.305e-05 7.15e-06 8.8e-06 1.065e-05 3.11e-05 7.4e-06 5.295e-05 5.85e-06 3.13e-05 5.75e-06 3.435e-05 3.565e-05 3.12e-05 3.51e-05 8.9e-06 3.115e-05 4.845e-05 3.3e-05 9.35e-06 3.54e-05 3.305e-05 3.85e-06 8.9e-06 6.25e-06 9.05e-06 3.125e-05 7.35e-06 3.195e-05 5.24e-05 7.65e-06 3.3e-05 6.65e-06 3.07e-05 4.83e-05 1.09e-05
9 9.6e-06 3.405e-05 8.85e-06 9.85e-06 8.95e-06 8.85e-06 7.85e-06 9.9e-06 6.9e-06 1.12e-05 8.05e-06 3.545e-05 9.5e-06 9e-06 7.65e-06 3.58e-05 7.9e-06 1.1e-05 3.585e-05 8.24e-05 1.09e-05 3.58e-05 3.61e-05 8.2e-06 1.025e-05 8.95e-06 3.51e-05 6.295e-05 9.9e-06 1e-05 1.06e-05 1.84e-05 1.005e-05 3.455e-05 3.605e-05 9.25e-06 3.52e-05 7.6e-06 5.11e-05 1e-05 8.35e-06 5.54e-05 5.6e-05 8.35e-06 8.5e-06 3.465e-05 3.52e-05 8.05e-06 8.9e-06 4.635e-05 9.55e-06 9.15e-06 6.18e-05 3.51e-05 1.115e-05 1.045e-05 1.125e-05 1.9e-05 8.95e-06 3.49e-05 8.95e-06 5.095e-05 3.505e-05 1.09e-05 9.05e-06 3.565e-05 8.45e-06 1.085e-05 1.2e-05 3.465e-05 1.015e-05 5.59e-05 8.75e-06 3.505e-05 8.9e-06 3.685e-05 3.755e-05 3.495e-05 3.65e-05 1.04e-05 3.475e-05 5.125e-05 3.605e-05 7.85e-06 3.685e-05 3.545e-05 7.2e-06 7.25e-06 8.2e-06 8.15e-06 3.5e-05 1e-05 3.515e-05 5.56e-05 1.02e-05 3.605e-05 9e-06 3.4e-05 5.13e-05 8.75e-06
10 8e-06 3.055e-05 6.05e-06 8.7e-06 5.2e-06 5.75e-06 4.1e-06 8.75e-06 3.9e-06 8.05e-06 5.4e-06 3.14e-05 5e-06 5.9e-06 8.45e-06 3.08e-05 5.55e-06 9.5e-06 3.205e-05 7.85e-05 7.2e-06 3.33e-05 3.145e-05 7.45e-06 6.1e-06 6.15e-06 3.15e-05 5.855e-05 8.55e-06 8.55e-06 7.8e-06 1.595e-05 6.6e-06 3.18e-05 3.44e-05 7.35e-06 3.235e-05 4.5e-06 4.785e-05 8.55e-06 4.55e-06 5.225e-05 5.235e-05 4.8e-06 5.5e-06 3.095e-05 3.16e-05 4.05e-06 5.8e-06 4.3e-05 6.6e-06 5.15e-06 5.775e-05 3.085e-05 9.6e-06 7.3e-06 9.7e-06 1.495e-05 5.85e-06 3.16e-05 4.55e-06 4.745e-05 3.22e-05 7.5e-06 1.14e-05 3.225e-05 6.75e-06 8.25e-06 9.2e-06 3.03e-05 6.7e-06 5.365e-05 4.3e-06 3.19e-05 6.35e-06 3.42e-05 3.445e-05 3.1e-05 3.48e-05 9.6e-06 3.17e-05 4.745e-05 3.195e-05 9.6e-06 3.51e-05 3.235e-05 4.5e-06 9.25e-06 7.45e-06 9.35e-06 3.185e-05 6.8e-06 3.025e-05 5.23e-05 7.8e-06 3.195e-05 6.9e-06 3.085e-05 4.805e-05 1.035e-05
11 3.46e-05 4.76e-05 3.27e-05 3.51e-05 3.24e-05 3.21e-05 3.16e-05 3.515e-05 3.245e-05 3.545e-05 3.14e-05 5.83e-05 3.18e-05 3.225e-05 3.505e-05 3.17e-05 3.235e-05 3.56e-05 3.26e-05 5.27e-05 3.29e-05 4.955e-05 3.22e-05 3.47e-05 3.275e-05 3.28e-05 3.16e-05 3.275e-05 3.445e-05 3.465e-05 3.405e-05 3.35e-05 3.265e-05 4.85e-05 3.455e-05 3.41e-05 3.095e-05 3.165e-05 4.845e-05 3.465e-05 3.14e-05 5.345e-05 5.26e-05 3.18e-05 3.275e-05 4.8e-05 3.175e-05 3.15e-05 3.215e-05 3.345e-05 3.405e-05 3.095e-05 3.2e-05 3.13e-05 3.6e-05 3.355e-05 3.61e-05 3.155e-05 3.22e-05 3.2e-05 3.18e-05 4.82e-05 3.08e-05 3.43e-05 3.785e-05 3.09e-05 3.315e-05 3.475e-05 3.575e-05 4.76e-05 3.275e-05 5.47e-05 3.16e-05 3.3e-05 3.285e-05 5.08e-05 3.465e-05 4.685e-05 3.495e-05 3.6e-05 4.81e-05 4.79e-05 3.22e-05 3.62e-05 3.515e-05 3.13e-05 3.17e-05 3.58e-05 3.47e-05 3.615e-05 3.295e-05 3.36e-05 3.125e-05 5.36e-05 3.525e-05 3.22e-05 3.43e-05 3.23e-05 4.865e-05 3.69e-05
12 8.75e-06 3.255e-05 6.7e-06 8.65e-06 5.3e-06 7e-06 6.85e-06 8.7e-06 6.75e-06 9.5e-06 5e-06 3.18e-05 5.1e-06 7.15e-06 7.5e-06 3.105e-05 6.55e-06 7.65e-06 3.225e-05 7.785e-05 5.95e-06 3.35e-05 3.045e-05 8.25e-06 5.4e-06 6.8e-06 3.27e-05 5.85e-05 8.95e-06 9.1e-06 7.4e-06 1.845e-05 6.05e-06 3.33e-05 3.43e-05 7.8e-06 3.29e-05 6e-06 4.775e-05 9.1e-06 6.25e-06 5.24e-05 5.23e-05 5.95e-06 7.65e-06 3.265e-05 3.28e-05 4.95e-06 7.05e-06 4.46e-05 7.7e-06 5.65e-06 5.815e-05 3.05e-05 9.25e-06 7.65e-06 9.35e-06 1.57e-05 7.1e-06 3.22e-05 5.05e-06 4.72e-05 3.275e-05 5.7e-06 1.02e-05 3.31e-05 7.85e-06 5.85e-06 7.75e-06 3.165e-05 6.15e-06 5.33e-05 4.85e-06 3.305e-05 7.15e-06 3.36e-05 3.31e-05 3.235e-05 3.45e-05 8.7e-06 3.38e-05 4.78e-05 3.275e-05 9.6e-06 3.48e-05 3.26e-05 6.6e-06 9.85e-06 8.25e-06 9.2e-06 3.3e-05 4.6e-06 3.07e-05 5.26e-05 7.6e-06 3.275e-05 6.65e-06 3.22e-05 4.795e-05 1.065e-05
13 8.35e-06 3.155e-05 2.55e-06 8.3e-06 6.95e-06 2.2e-06 3.55e-06 8.35e-06 6.05e-06 9e-06 5.9e-06 3.225e-05 7.15e-06 3.8e-06 9.25e-06 3.405e-05 2.45e-06 1.205e-05 3.17e-05 8.155e-05 8.7e-06 3.19e-05 3.42e-05 9.65e-06 7.4e-06 2.35e-06 3.15e-05 6.155e-05 8.4e-06 8.15e-06 6.7e-06 1.78e-05 6.05e-06 3.075e-05 3.75e-05 8.7e-06 3.06e-05 3.2e-06 4.815e-05 8.15e-06 2.9e-06 5.455e-05 5.2e-05 3.05e-06 4.65e-06 3.125e-05 3.16e-05 4.5e-06 2e-06 4.575e-05 8.2e-06 4.25e-06 6.11e-05 3.33e-05 1.155e-05 5.95e-06 1.165e-05 1.665e-05 2.35e-06 3.155e-05 4.5e-06 4.705e-05 3.04e-05 9.6e-06 1.215e-05 2.975e-05 6.25e-06 1.11e-05 1.04e-05 3.3e-05 6.15e-06 5.31e-05 4.25e-06 3.445e-05 3.2e-06 3.515e-05 3.655e-05 3.285e-05 3.77e-05 9.2e-06 3.095e-05 4.71e-05 3.165e-05 7.95e-06 3.8e-05 2.985e-05 3.6e-06 7.6e-06 9.65e-06 7.35e-06 3.44e-05 6.5e-06 3.37e-05 5.45e-05 9.35e-06 3.165e-05 8.4e-06 3.345e-05 4.835e-05 1.105e-05
14 1e-05 3.52e-05 8.75e-06 9.9e-06 8.9e-06 9.1e-06 9.05e-06 9.95e-06 9.05e-06 7.65e-06 8.45e-06 3.505e-05 7.5e-06 9.25e-06 1.3e-05 3.52e-05 8.6e-06 1.015e-05 3.54e-05 8.18e-05 9.55e-06 3.625e-05 3.47e-05 9.6e-06 8.85e-06 8.85e-06 3.56e-05 6.245e-05 1.025e-05 1.04e-05 1.005e-05 2.07e-05 9.4e-06 3.545e-05 3.635e-05 9.55e-06 3.52e-05 8.55e-06 5.115e-05 1.04e-05 8.85e-06 5.57e-05 5.55e-05 8.5e-06 9.85e-06 3.55e-05 3.57e-05 8.3e-06 9.15e-06 4.755e-05 1.025e-05 8.65e-06 6.18e-05 3.43e-05 1.085e-05 1.02e-05 1.095e-05 1.89e-05 9.2e-06 3.505e-05 8.4e-06 5.045e-05 3.505e-05 9.7e-06 8.9e-06 3.565e-05 9e-06 9.55e-06 1.07e-05 3.51e-05 9.5e-06 5.61e-05 8.2e-06 3.605e-05 9.35e-06 3.66e-05 3.655e-05 3.545e-05 3.655e-05 1.015e-05 3.6e-05 5.11e-05 3.595e-05 7.65e-06 3.685e-05 3.51e-05 8.8e-06 7.9e-06 9.6e-06 7.8e-06 3.6e-05 8.65e-06 3.485e-05 5.585e-05 1.035e-05 3.595e-05 9.4e-06 3.52e-05 5.135e-05 9.05e-06
15 3.51e-05 4.805e-05 3.4e-05 3.54e-05 3.2e-05 3.39e-05 3.3e-05 3.545e-05 3.295e-05 3.58e-05 3.08e-05 3.17e-05 3.105e-05 3.405e-05 3.52e-05 5.77e-05 3.355e-05 3.49e-05 3.27e-05 5.125e-05 3.335e-05 5.045e-05 3.155e-05 3.44e-05 3.23e-05 3.41e-05 3.2e-05 3.04e-05 3.535e-05 3.545e-05 3.465e-05 3.36e-05 3.345e-05 4.91e-05 3.345e-05 3.425e-05 3.315e-05 3.27e-05 4.83e-05 3.545e-05 3.285e-05 5.295e-05 5.29e-05 3.295e-05 3.4e-05 4.845e-05 3.21e-05 3.12e-05 3.395e-05 3.275e-05 3.385e-05 3.26e-05 2.93e-05 3.04e-05 3.53e-05 3.415e-05 3.54e-05 3.16e-05 3.4e-05 3.19e-05 3.16e-05 4.785e-05 3.3e-05 3.305e-05 3.76e-05 3.315e-05 3.42e-05 3.38e-05 3.475e-05 4.67e-05 3.355e-05 5.48e-05 3.14e-05 3.135e-05 3.435e-05 5.02e-05 3.23e-05 4.78e-05 3.34e-05 3.63e-05 4.92e-05 4.805e-05 3.28e-05 3.71e-05 3.3e-05 3.305e-05 3.29e-05 3.675e-05 3.44e-05 3.705e-05 3.13e-05 3.36e-05 2.965e-05 5.305e-05 3.48e-05 3.28e-05 3.38e-05 3.175e-05 4.85e-05 3.685e-05
16 7.85e-06 3.145e-05 1.65e-06 7.45e-06 6.9e-06 2.25e-06 4e-06 7.5e-06 5.35e-06 7.9e-06 5.55e-06 3.235e-05 6.55e-06 2.45e-06 8.6e-06 3.355e-05 1.8e-06 1.125e-05 3.09e-05 8.085e-05 8.45e-06 3.17e-05 3.365e-05 8.55e-06 7.1e-06 1.65e-06 3.18e-05 6.1e-05 8.25e-06 8.35e-06 6.9e-06 1.675e-05 6.25e-06 3.005e-05 3.68e-05 8.65e-06 3.01e-05 2.6e-06 4.745e-05 8.35e-06 3.2e-06 5.37e-05 5.155e-05 2.95e-06 4.8e-06 3.115e-05 3.19e-05 3.35e-06 2.35e-06 4.51e-05 7.7e-06 3.95e-06 6.05e-05 3.275e-05 1.11e-05 6.35e-06 1.12e-05 1.615e-05 2.5e-06 3.07e-05 3.85e-06 4.61e-05 2.98e-05 8.85e-06 1.135e-05 3.035e-05 6.2e-06 1.03e-05 9.85e-06 3.235e-05 6.35e-06 5.295e-05 3.5e-06 3.37e-05 2.65e-06 3.43e-05 3.585e-05 3.255e-05 3.7e-05 8.35e-06 3.11e-05 4.73e-05 3.2e-05 7.1e-06 3.73e-05 2.94e-05 3.5e-06 6.75e-06 8.55e-06 6.6e-06 3.365e-05 5.7e-06 3.32e-05 5.365e-05 8.5e-06 3.2e-05 7.3e-06 3.25e-05 4.765e-05 1.06e-05
17 7.95e-06 3.67e-05 1.19e-05 8.2e-06 8.6e-06 1.19e-05 1.11e-05 8.25e-06 9.7e-06 1.1e-05 9.5e-06 3.56e-05 7.65e-06 1.205e-05 1.015e-05 3.49e-05 1.125e-05 8.7e-06 3.605e-05 8e-05 7.55e-06 3.72e-05 3.38e-05 7.05e-06 8.35e-06 1.2e-05 3.61e-05 6.1e-05 8.15e-06 8.35e-06 9.15e-06 2.205e-05 8.15e-06 3.76e-05 3.235e-05 7.2e-06 3.715e-05 1.055e-05 5.075e-05 8.35e-06 1.1e-05 5.455e-05 5.565e-05 1.1e-05 1.175e-05 3.705e-05 3.62e-05 9.6e-06 1.195e-05 4.745e-05 8.75e-06 1.04e-05 6.075e-05 3.45e-05 6.25e-06 9.9e-06 6.25e-06 2.06e-05 1.2e-05 3.59e-05 1.02e-05 5.13e-05 3.7e-05 6.65e-06 9.35e-06 3.75e-05 9.85e-06 4.85e-06 7.2e-06 3.59e-05 8.25e-06 5.605e-05 1e-05 3.545e-05 1.125e-05 3.505e-05 3.385e-05 3.62e-05 3.275e-05 7.7e-06 3.78e-05 5.16e-05 3.625e-05 1.195e-05 3.305e-05 3.73e-05 1.075e-05 1.21e-05 7.05e-06 1.185e-05 3.54e-05 8.7e-06 3.435e-05 5.545e-05 8.8e-06 3.625e-05 7.9e-06 3.505e-05 5.095e-05 1.025e-05
18 3.485e-05 4.78e-05 3.115e-05 3.48e-05 3.3e-05 3.14e-05 3.21e-05 3.485e-05 3.3e-05 3.585e-05 3.205e-05 3.26e-05 3.225e-05 3.17e-05 3.54e-05 3.27e-05 3.09e-05 3.605e-05 6.1e-05 5.245e-05 3.4e-05 4.89e-05 3.165e-05 3.535e-05 3.3e-05 3.12e-05 3.255e-05 3.225e-05 3.54e-05 3.54e-05 3.415e-05 3.35e-05 3.29e-05 4.75e-05 3.57e-05 3.495e-05 3.235e-05 3.145e-05 4.79e-05 3.54e-05 3.16e-05 5.29e-05 5.155e-05 3.14e-05 3.32e-05 4.77e-05 3.265e-05 3.135e-05 3.16e-05 3.395e-05 3.445e-05 3.145e-05 3.31e-05 3.21e-05 3.655e-05 3.36e-05 3.665e-05 3.195e-05 3.17e-05 3.18e-05 3.145e-05 4.675e-05 3.21e-05 3.44e-05 3.79e-05 3.25e-05 3.41e-05 3.505e-05 3.56e-05 4.785e-05 3.3e-05 5.355e-05 3.1e-05 3.39e-05 3.205e-05 4.995e-05 3.5e-05 4.795e-05 3.59e-05 3.575e-05 4.82e-05 4.76e-05 3.14e-05 3.56e-05 3.62e-05 3.185e-05 3.215e-05 3.525e-05 3.535e-05 3.535e-05 3.385e-05 3.315e-05 3.235e-05 5.29e-05 3.525e-05 3.14e-05 3.43e-05 3.17e-05 4.81e-05 3.72e-05
19 8.165e-05 6.875e-05 8.14e-05 8.19e-05 7.805e-05 8.14e-05 8.035e-05 8.195e-05 7.95e-05 8.24e-05 7.85e-05 5.27e-05 7.785e-05 8.155e-05 8.18e-05 5.125e-05 8.085e-05 8e-05 5.245e-05 4.61e-05 7.95e-05 7.02e-05 5.075e-05 8.055e-05 7.95e-05 8.15e-05 5.235e-05 2.45e-05 8.19e-05 8.205e-05 8.105e-05 6.83e-05 7.955e-05 6.965e-05 5.28e-05 8.09e-05 5.43e-05 8.015e-05 5.305e-05 8.205e-05 8.05e-05 5.155e-05 5.22e-05 8.05e-05 8.08e-05 6.915e-05 5.225e-05 7.895e-05 8.145e-05 4.065e-05 8.045e-05 7.985e-05 2.43e-05 5.05e-05 8.155e-05 8.12e-05 8.165e-05 6.79e-05 8.15e-05 5.215e-05 7.945e-05 5.285e-05 5.415e-05 7.905e-05 8.345e-05 5.47e-05 8.16e-05 7.845e-05 8.08e-05 6.77e-05 7.965e-05 5.32e-05 7.925e-05 5.255e-05 8.15e-05 6.965e-05 5.295e-05 6.82e-05 5.355e-05 8.215e-05 6.985e-05 5.315e-05 5.265e-05 8.365e-05 5.385e-05 5.45e-05 8.005e-05 8.37e-05 8.055e-05 8.38e-05 5.25e-05 7.97e-05 5.035e-05 5.155e-05 8.04e-05 5.265e-05 7.975e-05 5.12e-05 5.325e-05 8.355e-05
20 9.05e-06 3.44e-05 8.95e-06 9.5e-06 7.05e-06 8.55e-06 8.1e-06 9.55e-06 8.6e-06 1.09e-05 7.2e-06 3.29e-05 5.95e-06 8.7e-06 9.55e-06 3.335e-05 8.45e-06 7.55e-06 3.4e-05 7.95e-05 9.8e-06 3.51e-05 3.225e-05 9e-06 5.75e-06 9.05e-06 3.405e-05 6.005e-05 9e-06 9.25e-06 6.65e-06 2.04e-05 6.65e-06 3.545e-05 3.495e-05 8.35e-06 3.495e-05 7.6e-06 4.965e-05 9.25e-06 7.55e-06 5.415e-05 5.35e-05 7.9e-06 9.05e-06 3.435e-05 3.415e-05 7.1e-06 8.6e-06 4.645e-05 7.3e-06 6.95e-06 6e-05 3.31e-05 7.55e-06 7.05e-06 7.65e-06 1.83e-05 8.65e-06 3.425e-05 7.55e-06 4.945e-05 3.48e-05 6.05e-06 9.45e-06 3.425e-05 8.7e-06 5.6e-06 5.3e-06 3.405e-05 6.75e-06 5.495e-05 7.35e-06 3.5e-05 9.05e-06 3.335e-05 3.305e-05 3.355e-05 3.515e-05 9.35e-06 3.525e-05 4.935e-05 3.38e-05 1.11e-05 3.545e-05 3.445e-05 8.05e-06 1.135e-05 9e-06 1.085e-05 3.495e-05 7.1e-06 3.3e-05 5.43e-05 7.4e-06 3.38e-05 6.5e-06 3.39e-05 4.985e-05 9.6e-06
21 3.585e-05 3.14e-05 3.235e-05 3.615e-05 3.325e-05 3.175e-05 3.185e-05 3.62e-05 3.265e-05 3.58e-05 3.33e-05 4.955e-05 3.35e-05 3.19e-05 3.625e-05 5.045e-05 3.17e-05 3.72e-05 4.89e-05 7.02e-05 3.51e-05 6.04e-05 4.905e-05 3.595e-05 3.565e-05 3.24e-05 4.86e-05 6.645e-05 3.565e-05 3.57e-05 3.375e-05 3.185e-05 3.29e-05 3.165e-05 5.29e-05 3.575e-05 4.87e-05 3.16e-05 4.805e-05 3.575e-05 3.195e-05 5.335e-05 5.315e-05 3.205e-05 3.215e-05 3.11e-05 4.87e-05 3.255e-05 3.18e-05 4.89e-05 3.485e-05 3.325e-05 6.615e-05 4.995e-05 3.855e-05 3.44e-05 3.865e-05 3.3e-05 3.19e-05 4.895e-05 3.315e-05 4.82e-05 4.855e-05 3.5e-05 3.785e-05 4.755e-05 3.45e-05 3.53e-05 3.68e-05 3.25e-05 3.3e-05 5.16e-05 3.295e-05 4.97e-05 3.205e-05 3.315e-05 5.15e-05 3.27e-05 5.33e-05 3.57e-05 3.13e-05 4.795e-05 4.855e-05 3.565e-05 5.36e-05 4.8e-05 3.16e-05 3.595e-05 3.595e-05 3.535e-05 4.965e-05 3.22e-05 4.99e-05 5.355e-05 3.45e-05 4.855e-05 3.405e-05 4.905e-05 4.825e-05 3.855e-05
22 3.495e-05 4.79e-05 3.425e-05 3.56e-05 3.18e-05 3.405e-05 3.305e-05 3.565e-05 3.3e-05 3.61e-05 3.145e-05 3.22e-05 3.045e-05 3.42e-05 3.47e-05 3.155e-05 3.365e-05 3.38e-05 3.165e-05 5.075e-05 3.225e-05 4.905e-05 5.84e-05 3.475e-05 3.25e-05 3.435e-05 3.295e-05 3.11e-05 3.55e-05 3.555e-05 3.395e-05 3.37e-05 3.23e-05 4.91e-05 3.445e-05 3.43e-05 3.405e-05 3.265e-05 4.775e-05 3.555e-05 3.29e-05 5.165e-05 5.155e-05 3.305e-05 3.42e-05 4.8e-05 3.305e-05 3.18e-05 3.41e-05 3.35e-05 3.41e-05 3.245e-05 3.21e-05 3.14e-05 3.55e-05 3.44e-05 3.56e-05 3.195e-05 3.415e-05 3.295e-05 3.235e-05 4.755e-05 3.39e-05 3.235e-05 3.675e-05 3.375e-05 3.445e-05 3.21e-05 3.425e-05 4.72e-05 3.24e-05 5.3e-05 3.215e-05 3.335e-05 3.435e-05 4.89e-05 3.335e-05 4.74e-05 3.465e-05 3.545e-05 4.91e-05 4.765e-05 3.165e-05 3.665e-05 3.495e-05 3.375e-05 3.32e-05 3.69e-05 3.475e-05 3.65e-05 3.33e-05 3.2e-05 3.12e-05 5.18e-05 3.415e-05 3.165e-05 3.325e-05 3.12e-05 4.795e-05 3.7e-05
23 7.35e-06 3.395e-05 9.5e-06 7.6e-06 7.9e-06 9.5e-06 8.15e-06 7.65e-06 6.3e-06 8.2e-06 7.45e-06 3.47e-05 8.25e-06 9.65e-06 9.6e-06 3.44e-05 8.55e-06 7.05e-06 3.535e-05 8.055e-05 9e-06 3.595e-05 3.475e-05 1.11e-05 8.45e-06 9.6e-06 3.445e-05 6.13e-05 7.6e-06 7.75e-06 9.5e-06 1.835e-05 9e-06 3.48e-05 3.25e-05 6.65e-06 3.525e-05 7.9e-06 5.01e-05 7.75e-06 8.65e-06 5.405e-05 5.545e-05 8.65e-06 8.8e-06 3.46e-05 3.455e-05 7.8e-06 9.55e-06 4.535e-05 7.75e-06 9e-06 6.015e-05 3.365e-05 7.35e-06 9.45e-06 7.35e-06 1.85e-05 9.6e-06 3.425e-05 8.7e-06 5.04e-05 3.51e-05 8.35e-06 1.025e-05 3.59e-05 7.65e-06 8.05e-06 9.25e-06 3.4e-05 9.1e-06 5.565e-05 8.5e-06 3.375e-05 9.1e-06 3.54e-05 3.53e-05 3.44e-05 3.315e-05 8.05e-06 3.5e-05 5.07e-05 3.555e-05 1.06e-05 3.345e-05 3.57e-05 7.5e-06 1.015e-05 5.6e-06 1.05e-05 3.37e-05 9.45e-06 3.36e-05 5.47e-05 8.75e-06 3.555e-05 7.55e-06 3.315e-05 5.03e-05 1e-05
24 8.45e-06 3.365e-05 7.15e-06 8.5e-06 7.05e-06 7.25e-06 7.2e-06 8.55e-06 7.9e-06 1.025e-05 6.1e-06 3.275e-05 5.4e-06 7.4e-06 8.85e-06 3.23e-05 7.1e-06 8.35e-06 3.3e-05 7.95e-05 5.75e-06 3.565e-05 3.25e-05 8.45e-06 7.4e-06 7.25e-06 3.32e-05 5.95e-05 8.75e-06 8.75e-06 6.75e-06 1.96e-05 7.15e-06 3.425e-05 3.44e-05 7.8e-06 3.375e-05 6.7e-06 4.93e-05 8.75e-06 6.65e-06 5.44e-05 5.35e-05 6.55e-06 8.25e-06 3.36e-05 3.33e-05 6.05e-06 7.3e-06 4.565e-05 6.3e-06 6.2e-06 5.91e-05 3.155e-05 6.65e-06 6.15e-06 6.75e-06 1.67e-05 7.35e-06 3.29e-05 6.05e-06 4.83e-05 3.36e-05 6.45e-06 9.9e-06 3.355e-05 7.8e-06 7.15e-06 4.95e-06 3.315e-05 7.25e-06 5.6e-05 5.85e-06 3.435e-05 8.05e-06 3.37e-05 3.325e-05 3.34e-05 3.46e-05 9.6e-06 3.455e-05 4.87e-05 3.33e-05 1.06e-05 3.49e-05 3.325e-05 7.2e-06 1.025e-05 8.45e-06 1.025e-05 3.43e-05 8.1e-06 3.195e-05 5.435e-05 7.65e-06 3.33e-05 6.7e-06 3.33e-05 4.95e-05 8.6e-06
25 8.45e-06 3.21e-05 1.05e-06 7.35e-06 7.5e-06 2.45e-06 4.55e-06 7.6e-06 6.2e-06 8.95e-06 6.15e-06 3.28e-05 6.8e-06 2.35e-06 8.85e-06 3.41e-05 1.65e-06 1.2e-05 3.12e-05 8.15e-05 9.05e-06 3.24e-05 3.435e-05 9.6e-06 7.25e-06 1.5e-06 3.23e-05 6.16e-05 8.85e-06 8.95e-06 7.5e-06 1.785e-05 6.85e-06 3.015e-05 3.745e-05 9.25e-06 2.985e-05 3.55e-06 4.815e-05 8.95e-06 3.55e-06 5.45e-05 5.205e-05 3.05e-06 5.5e-06 3.175e-05 3.24e-05 4.35e-06 2.25e-06 4.58e-05 8.4e-06 3.9e-06 6.105e-05 3.29e-05 1.175e-05 6.55e-06 1.185e-05 1.635e-05 2.25e-06 3.095e-05 3.7e-06 4.645e-05 3e-05 9.55e-06 1.21e-05 3.08e-05 7.05e-06 1.105e-05 1.045e-05 3.305e-05 6.95e-06 5.365e-05 3.75e-06 3.44e-05 2.65e-06 3.505e-05 3.645e-05 3.32e-05 3.765e-05 8.8e-06 3.175e-05 4.79e-05 3.255e-05 7.35e-06 3.795e-05 2.92e-05 4.4e-06 7e-06 9.6e-06 6.6e-06 3.435e-05 6.15e-06 3.375e-05 5.45e-05 9.35e-06 3.255e-05 8.35e-06 3.35e-05 4.835e-05 1.125e-05
26 3.45e-05 4.72e-05 3.22e-05 3.495e-05 3.185e-05 3.135e-05 3.085e-05 3.5e-05 3.185e-05 3.51e-05 3.15e-05 3.16e-05 3.27e-05 3.15e-05 3.56e-05 3.2e-05 3.18e-05 3.61e-05 3.255e-05 5.235e-05 3.405e-05 4.86e-05 3.295e-05 3.445e-05 3.32e-05 3.23e-05 6.09e-05 3.29e-05 3.45e-05 3.425e-05 3.345e-05 3.285e-05 3.255e-05 4.795e-05 3.4e-05 3.41e-05 3.19e-05 3.125e-05 4.825e-05 3.425e-05 3.115e-05 5.335e-05 5.265e-05 3.145e-05 3.195e-05 4.745e-05 3.07e-05 3.155e-05 3.14e-05 3.25e-05 3.365e-05 3.195e-05 3.17e-05 3.13e-05 3.6e-05 3.295e-05 3.61e-05 3.19e-05 3.145e-05 3.11e-05 3.19e-05 4.79e-05 3.175e-05 3.44e-05 3.775e-05 3.125e-05 3.31e-05 3.5e-05 3.555e-05 4.765e-05 3.265e-05 5.33e-05 3.17e-05 3.265e-05 3.245e-05 5.025e-05 3.45e-05 4.78e-05 3.49e-05 3.585e-05 4.73e-05 4.735e-05 3.19e-05 3.595e-05 3.52e-05 3.19e-05 3.085e-05 3.555e-05 3.445e-05 3.59e-05 3.26e-05 3.37e-05 3.095e-05 5.35e-05 3.485e-05 3.19e-05 3.385e-05 3.21e-05 4.845e-05 3.68e-05
27 6.19e-05 6.435e-05 6.15e-05 6.235e-05 5.895e-05 6.14e-05 6.03e-05 6.24e-05 6.015e-05 6.295e-05 5.855e-05 3.275e-05 5.85e-05 6.155e-05 6.245e-05 3.04e-05 6.1e-05 6.1e-05 3.225e-05 2.45e-05 6.005e-05 6.645e-05 3.11e-05 6.13e-05 5.95e-05 6.16e-05 3.29e-05 6.3e-06 6.24e-05 6.24e-05 6.16e-05 4.97e-05 6.01e-05 6.535e-05 3.38e-05 6.125e-05 3.445e-05 6.02e-05 4.89e-05 6.24e-05 6.04e-05 5.28e-05 5.275e-05 6.05e-05 6.14e-05 6.475e-05 3.3e-05 5.91e-05 6.145e-05 2.23e-05 6.1e-05 5.985e-05 3.6e-06 3.135e-05 6.19e-05 6.12e-05 6.2e-05 4.81e-05 6.15e-05 3.28e-05 5.955e-05 4.835e-05 3.43e-05 6.005e-05 6.425e-05 3.445e-05 6.165e-05 5.99e-05 6.145e-05 6.34e-05 6.02e-05 5.465e-05 5.935e-05 3.225e-05 6.195e-05 6.59e-05 3.25e-05 6.38e-05 3.375e-05 6.315e-05 6.545e-05 4.855e-05 3.235e-05 6.43e-05 3.335e-05 3.435e-05 6.035e-05 6.395e-05 6.13e-05 6.445e-05 3.22e-05 6.09e-05 3.1e-05 5.28e-05 6.165e-05 3.23e-05 6.07e-05 3.13e-05 4.91e-05 6.37e-05
28 7.55e-06 3.475e-05 8.75e-06 7.9e-06 8.85e-06 8.25e-06 8.1e-06 7.95e-06 8.25e-06 9.9e-06 8.55e-06 3.445e-05 8.95e-06 8.4e-06 1.025e-05 3.535e-05 8.25e-06 8.15e-06 3.54e-05 8.19e-05 9e-06 3.565e-05 3.55e-05 7.6e-06 8.75e-06 8.85e-06 3.45e-05 6.24e-05 1.38e-05 7.55e-06 8.8e-06 2.07e-05 8.55e-06 3.525e-05 3.41e-05 7.3e-06 3.48e-05 7.95e-06 4.995e-05 7.55e-06 8e-06 5.545e-05 5.525e-05 8.25e-06 9e-06 3.495e-05 3.46e-05 8.15e-06 8.3e-06 4.73e-05 8.7e-06 8.45e-06 6.17e-05 3.49e-05 8e-06 8.7e-06 8e-06 1.97e-05 8.35e-06 3.48e-05 8.6e-06 5.03e-05 3.465e-05 8.9e-06 1.08e-05 3.44e-05 7.75e-06 9.45e-06 9.4e-06 3.51e-05 8.65e-06 5.59e-05 8.4e-06 3.54e-05 8.3e-06 3.595e-05 3.615e-05 3.505e-05 3.45e-05 8.4e-06 3.495e-05 5.01e-05 3.51e-05 1.055e-05 3.48e-05 3.47e-05 7.95e-06 1.015e-05 7.6e-06 1.045e-05 3.535e-05 9.5e-06 3.48e-05 5.62e-05 1e-05 3.51e-05 9.05e-06 3.52e-05 5.015e-05 1.035e-05
29 7.6e-06 3.48e-05 8.85e-06 8.05e-06 8.75e-06 7.85e-06 7.75e-06 8.1e-06 8.25e-06 1e-05 8.55e-06 3.465e-05 9.1e-06 8.15e-06 1.04e-05 3.545e-05 8.35e-06 8.35e-06 3.54e-05 8.205e-05 9.25e-06 3.57e-05 3.555e-05 7.75e-06 8.75e-06 8.95e-06 3.425e-05 6.24e-05 7.55e-06 1.42e-05 8.6e-06 2.06e-05 8.35e-06 3.555e-05 3.425e-05 7.2e-06 3.49e-05 7.8e-06 5.03e-05 7.35e-06 7.8e-06 5.565e-05 5.535e-05 8.1e-06 8.7e-06 3.5e-05 3.435e-05 8.25e-06 8.05e-06 4.72e-05 8.75e-06 8.65e-06 6.18e-05 3.5e-05 8.05e-06 8.45e-06 8.05e-06 1.975e-05 8.1e-06 3.49e-05 8.7e-06 5.06e-05 3.475e-05 9.1e-06 1.095e-05 3.4e-05 7.45e-06 9.65e-06 9.55e-06 3.54e-05 8.45e-06 5.58e-05 8.5e-06 3.555e-05 8.45e-06 3.63e-05 3.63e-05 3.545e-05 3.465e-05 8.6e-06 3.475e-05 5.005e-05 3.475e-05 1.07e-05 3.495e-05 3.48e-05 7.7e-06 1.025e-05 7.7e-06 1.06e-05 3.55e-05 9.7e-06 3.49e-05 5.63e-05 1.01e-05 3.47e-05 9.2e-06 3.52e-05 5.05e-05 1.035e-05
30 8.85e-06 3.41e-05 7.4e-06 9.3e-06 7.45e-06 6.55e-06 6.8e-06 9.35e-06 8.45e-06 1.06e-05 7.8e-06 3.405e-05 7.4e-06 6.7e-06 1.005e-05 3.465e-05 6.9e-06 9.15e-06 3.415e-05 8.105e-05 6.65e-06 3.375e-05 3.395e-05 9.5e-06 6.75e-06 7.5e-06 3.345e-05 6.16e-05 8.8e-06 8.6e-06 1.13e-05 2.025e-05 6.45e-06 3.46e-05 3.615e-05 8.7e-06 3.41e-05 6.6e-06 4.955e-05 8.6e-06 6.6e-06 5.5e-05 5.37e-05 6.9e-06 7.75e-06 3.39e-05 3.355e-05 7e-06 6.6e-06 4.7e-05 7.55e-06 7.4e-06 6.125e-05 3.44e-05 8.45e-06 6.2e-06 8.55e-06 1.9e-05 6.65e-06 3.41e-05 7.45e-06 4.935e-05 3.395e-05 7.2e-06 9.7e-06 3.27e-05 8.05e-06 7.35e-06 5.9e-06 3.465e-05 6.55e-06 5.38e-05 7.25e-06 3.555e-05 7.5e-06 3.36e-05 3.415e-05 3.47e-05 3.635e-05 9.25e-06 3.395e-05 4.88e-05 3.35e-05 1.015e-05 3.665e-05 3.335e-05 6.75e-06 1.035e-05 9.5e-06 9.95e-06 3.55e-05 7.2e-06 3.43e-05 5.515e-05 7.8e-06 3.35e-05 6.9e-06 3.47e-05 4.975e-05 9.7e-06
31 2.03e-05 2.93e-05 1.775e-05 2.065e-05 1.73e-05 1.755e-05 1.585e-05 2.07e-05 1.455e-05 1.84e-05 1.595e-05 3.35e-05 1.845e-05 1.78e-05 2.07e-05 3.36e-05 1.675e-05 2.205e-05 3.35e-05 6.83e-05 2.04e-05 3.185e-05 3.37e-05 1.835e-05 1.96e-05 1.785e-05 3.285e-05 4.97e-05 2.07e-05 2.06e-05 2.025e-05 2.64e-05 1.91e-05 3.025e-05 3.58e-05 1.96e-05 3.35e-05 1.6e-05 4.805e-05 2.07e-05 1.67e-05 5.155e-05 5.285e-05 1.68e-05 1.615e-05 3e-05 3.295e-05 1.67e-05 1.77e-05 3.075e-05 1.82e-05 1.78e-05 4.865e-05 3.285e-05 2.25e-05 2.005e-05 2.26e-05 1.56e-05 1.775e-05 3.275e-05 1.765e-05 4.78e-05 3.335e-05 2.065e-05 2.335e-05 3.38e-05 1.86e-05 2.055e-05 2.24e-05 3.015e-05 1.92e-05 5.255e-05 1.745e-05 3.225e-05 1.79e-05 3.35e-05 3.64e-05 3.035e-05 3.645e-05 2.125e-05 3.02e-05 4.8e-05 3.36e-05 2.1e-05 3.675e-05 3.38e-05 1.535e-05 2.065e-05 1.835e-05 2.075e-05 3.22e-05 1.91e-05 3.28e-05 5.14e-05 1.88e-05 3.355e-05 1.81e-05 3.095e-05 4.825e-05 2.27e-05
32 8.6e-06 3.29e-05 6.75e-06 9.05e-06 6.25e-06 5.9e-06 5.9e-06 9.1e-06 7.3e-06 1.005e-05 6.6e-06 3.265e-05 6.05e-06 6.05e-06 9.4e-06 3.345e-05 6.25e-06 8.15e-06 3.29e-05 7.955e-05 6.65e-06 3.29e-05 3.23e-05 9e-06 7.15e-06 6.85e-06 3.255e-05 6.01e-05 8.55e-06 8.35e-06 6.45e-06 1.91e-05 1e-05 3.37e-05 3.565e-05 8.15e-06 3.325e-05 5.65e-06 4.86e-05 8.35e-06 5.65e-06 5.35e-05 5.245e-05 5.95e-06 6.8e-06 3.285e-05 3.265e-05 6.05e-06 5.95e-06 4.585e-05 8e-06 6.2e-06 6.01e-05 3.32e-05 9.55e-06 6.85e-06 9.65e-06 1.78e-05 5.95e-06 3.32e-05 6.5e-06 4.84e-05 3.31e-05 7.25e-06 1.06e-05 3.205e-05 7.8e-06 6.35e-06 8e-06 3.345e-05 5.15e-06 5.275e-05 6.3e-06 3.44e-05 6.85e-06 3.405e-05 3.425e-05 3.325e-05 3.585e-05 8.9e-06 3.305e-05 4.785e-05 3.225e-05 9.8e-06 3.615e-05 3.27e-05 5.85e-06 1.005e-05 9e-06 9.55e-06 3.435e-05 6.05e-06 3.31e-05 5.365e-05 8.05e-06 3.225e-05 7.15e-06 3.325e-05 4.88e-05 1.075e-05
33 3.51e-05 3.04e-05 3.035e-05 3.485e-05 3.315e-05 3.085e-05 3.105e-05 3.49e-05 3.115e-05 3.455e-05 3.18e-05 4.85e-05 3.33e-05 3.075e-05 3.545e-05 4.91e-05 3.005e-05 3.76e-05 4.75e-05 6.965e-05 3.545e-05 3.165e-05 4.91e-05 3.48e-05 3.425e-05 3.015e-05 4.795e-05 6.535e-05 3.525e-05 3.555e-05 3.46e-05 3.025e-05 3.37e-05 5.94e-05 5.185e-05 3.515e-05 4.715e-05 3.07e-05 4.78e-05 3.555e-05 3.09e-05 5.295e-05 5.26e-05 3.075e-05 3.145e-05 3.055e-05 4.805e-05 3.135e-05 3.065e-05 4.74e-05 3.385e-05 3.175e-05 6.465e-05 4.82e-05 3.785e-05 3.41e-05 3.795e-05 3.11e-05 3.1e-05 4.715e-05 3.155e-05 4.695e-05 4.695e-05 3.56e-05 3.835e-05 4.77e-05 3.38e-05 3.64e-05 3.71e-05 3.12e-05 3.38e-05 5.315e-05 3.13e-05 4.835e-05 3.075e-05 3.38e-05 5.16e-05 3.15e-05 5.225e-05 3.55e-05 3.075e-05 4.785e-05 4.83e-05 3.485e-05 5.255e-05 4.695e-05 3.085e-05 3.455e-05 3.48e-05 3.425e-05 4.83e-05 3.31e-05 4.855e-05 5.295e-05 3.455e-05 4.83e-05 3.405e-05 4.755e-05 4.8e-05 3.775e-05
34 3.385e-05 5.1e-05 3.735e-05 3.41e-05 3.42e-05 3.735e-05 3.605e-05 3.415e-05 3.425e-05 3.605e-05 3.44e-05 3.455e-05 3.43e-05 3.75e-05 3.635e-05 3.345e-05 3.68e-05 3.235e-05 3.57e-05 5.28e-05 3.495e-05 5.29e-05 3.445e-05 3.25e-05 3.44e-05 3.745e-05 3.4e-05 3.38e-05 3.41e-05 3.425e-05 3.615e-05 3.58e-05 3.565e-05 5.185e-05 6.14e-05 3.315e-05 3.58e-05 3.615e-05 5.04e-05 3.425e-05 3.65e-05 5.44e-05 5.585e-05 3.65e-05 3.685e-05 5.165e-05 3.425e-05 3.51e-05 3.74e-05 3.41e-05 3.44e-05 3.615e-05 3.235e-05 3.26e-05 3.27e-05 3.6e-05 3.27e-05 3.47e-05 3.745e-05 3.38e-05 3.56e-05 5.08e-05 3.565e-05 3.38e-05 3.65e-05 3.67e-05 3.515e-05 3.35e-05 3.475e-05 5.01e-05 3.575e-05 5.66e-05 3.54e-05 3.37e-05 3.685e-05 5.125e-05 3.41e-05 5.075e-05 3.18e-05 3.465e-05 5.205e-05 5.11e-05 3.59e-05 3.81e-05 3.21e-05 3.65e-05 3.575e-05 3.76e-05 3.25e-05 3.82e-05 3.365e-05 3.635e-05 3.22e-05 5.53e-05 3.56e-05 3.59e-05 3.46e-05 3.39e-05 5.06e-05 3.63e-05
35 7.2e-06 3.36e-05 9.15e-06 7.65e-06 7.55e-06 8.55e-06 7.6e-06 7.7e-06 7.2e-06 9.25e-06 7.35e-06 3.41e-05 7.8e-06 8.7e-06 9.55e-06 3.425e-05 8.65e-06 7.2e-06 3.495e-05 8.09e-05 8.35e-06 3.575e-05 3.43e-05 6.65e-06 7.8e-06 9.25e-06 3.41e-05 6.125e-05 7.3e-06 7.2e-06 8.7e-06 1.96e-05 8.15e-06 3.515e-05 3.315e-05 1.2e-05 3.51e-05 7.3e-06 4.98e-05 7.2e-06 7.3e-06 5.45e-05 5.49e-05 7.6e-06 8.55e-06 3.395e-05 3.42e-05 7.75e-06 8.6e-06 4.62e-05 7.9e-06 8.2e-06 6.07e-05 3.38e-05 7.2e-06 8.55e-06 7.2e-06 1.855e-05 8.65e-06 3.45e-05 8.2e-06 5.01e-05 3.495e-05 8.15e-06 1.045e-05 3.485e-05 7.35e-06 8.5e-06 8.95e-06 3.42e-05 8.25e-06 5.57e-05 8e-06 3.445e-05 8.75e-06 3.56e-05 3.545e-05 3.43e-05 3.355e-05 8.2e-06 3.475e-05 4.98e-05 3.455e-05 1.065e-05 3.385e-05 3.525e-05 7.55e-06 1.02e-05 6.65e-06 1.055e-05 3.44e-05 9.2e-06 3.37e-05 5.515e-05 9.25e-06 3.455e-05 8.35e-06 3.405e-05 5e-05 9.85e-06
36 3.46e-05 4.795e-05 2.975e-05 3.405e-05 3.345e-05 3.045e-05 3.14e-05 3.43e-05 3.255e-05 3.52e-05 3.235e-05 3.095e-05 3.29e-05 3.06e-05 3.52e-05 3.315e-05 3.01e-05 3.715e-05 3.235e-05 5.43e-05 3.495e-05 4.87e-05 3.405e-05 3.525e-05 3.375e-05 2.985e-05 3.19e-05 3.445e-05 3.48e-05 3.49e-05 3.41e-05 3.35e-05 3.325e-05 4.715e-05 3.58e-05 3.51e-05 5.89e-05 3.11e-05 4.845e-05 3.49e-05 3.12e-05 5.435e-05 5.295e-05 3.09e-05 3.24e-05 4.815e-05 3.205e-05 3.135e-05 3.05e-05 3.415e-05 3.465e-05 3.115e-05 3.33e-05 3.23e-05 3.725e-05 3.345e-05 3.735e-05 3.205e-05 3.02e-05 3.135e-05 3.1e-05 4.76e-05 2.965e-05 3.54e-05 3.805e-05 3.05e-05 3.34e-05 3.635e-05 3.665e-05 4.835e-05 3.335e-05 5.41e-05 3.11e-05 3.36e-05 3.085e-05 5.095e-05 3.565e-05 4.845e-05 3.62e-05 3.55e-05 4.77e-05 4.825e-05 3.29e-05 3.47e-05 3.64e-05 2.965e-05 3.13e-05 3.43e-05 3.525e-05 3.45e-05 3.355e-05 3.325e-05 3.27e-05 5.455e-05 3.565e-05 3.29e-05 3.465e-05 3.325e-05 4.865e-05 3.735e-05
37 7.75e-06 3.01e-05 3.5e-06 8.05e-06 5.5e-06 3.05e-06 3.25e-06 8.1e-06 4.5e-06 7.6e-06 4.5e-06 3.165e-05 6e-06 3.2e-06 8.55e-06 3.27e-05 2.6e-06 1.055e-05 3.145e-05 8.015e-05 7.6e-06 3.16e-05 3.265e-05 7.9e-06 6.7e-06 3.55e-06 3.125e-05 6.02e-05 7.95e-06 7.8e-06 6.6e-06 1.6e-05 5.65e-06 3.07e-05 3.615e-05 7.3e-06 3.11e-05 4.3e-06 4.735e-05 7.8e-06 2.45e-06 5.3e-05 5.15e-05 2.85e-06 4.2e-06 3e-05 3.135e-05 3.45e-06 3.1e-06 4.435e-05 7.05e-06 4.1e-06 5.985e-05 3.235e-05 1.045e-05 6.2e-06 1.055e-05 1.565e-05 3.2e-06 3.14e-05 4.25e-06 4.67e-05 3.09e-05 8.35e-06 1.13e-05 3.04e-05 5.65e-06 9.6e-06 9.6e-06 3.15e-05 5.75e-06 5.265e-05 4e-06 3.305e-05 3.95e-06 3.41e-05 3.55e-05 3.145e-05 3.635e-05 8.8e-06 3.055e-05 4.665e-05 3.13e-05 8.05e-06 3.665e-05 3.06e-05 2.95e-06 7.7e-06 7.9e-06 7.75e-06 3.3e-05 6e-06 3.235e-05 5.29e-05 8.05e-06 3.13e-05 6.9e-06 3.17e-05 4.755e-05 1.03e-05
38 4.99e-05 4.75e-05 4.805e-05 5.02e-05 4.835e-05 4.8e-05 4.82e-05 5.025e-05 4.81e-05 5.11e-05 4.785e-05 4.845e-05 4.775e-05 4.815e-05 5.115e-05 4.83e-05 4.745e-05 5.075e-05 4.79e-05 5.305e-05 4.965e-05 4.805e-05 4.775e-05 5.01e-05 4.93e-05 4.815e-05 4.825e-05 4.89e-05 4.995e-05 5.03e-05 4.955e-05 4.805e-05 4.86e-05 4.78e-05 5.04e-05 4.98e-05 4.845e-05 4.735e-05 9.18e-05 5.03e-05 4.77e-05 5.26e-05 5.26e-05 4.775e-05 4.855e-05 4.74e-05 4.835e-05 4.7e-05 4.805e-05 4.845e-05 4.935e-05 4.81e-05 4.9e-05 4.81e-05 5.155e-05 4.965e-05 5.165e-05 4.81e-05 4.81e-05 4.81e-05 4.755e-05 4.695e-05 4.83e-05 4.84e-05 5.28e-05 4.83e-05 4.985e-05 5.025e-05 5.105e-05 4.73e-05 4.87e-05 5.35e-05 4.735e-05 4.87e-05 4.7e-05 4.92e-05 5.04e-05 4.795e-05 5.08e-05 5.05e-05 4.795e-05 4.71e-05 4.805e-05 5.155e-05 5.11e-05 4.815e-05 4.79e-05 5.115e-05 5.01e-05 5.145e-05 4.865e-05 4.82e-05 4.775e-05 5.315e-05 5.01e-05 4.805e-05 4.955e-05 4.815e-05 4.625e-05 5.27e-05
39 7.6e-06 3.48e-05 8.85e-06 8.05e-06 8.75e-06 8e-06 7.7e-06 8.1e-06 8.3e-06 1e-05 8.55e-06 3.465e-05 9.1e-06 8.15e-06 1.04e-05 3.545e-05 8.35e-06 8.35e-06 3.54e-05 8.205e-05 9.25e-06 3.575e-05 3.555e-05 7.75e-06 8.75e-06 8.95e-06 3.425e-05 6.24e-05 7.55e-06 7.35e-06 8.6e-06 2.07e-05 8.35e-06 3.555e-05 3.425e-05 7.2e-06 3.49e-05 7.8e-06 5.03e-05 1.42e-05 7.8e-06 5.565e-05 5.535e-05 8.1e-06 8.7e-06 3.5e-05 3.435e-05 8.25e-06 7.95e-06 4.73e-05 8.75e-06 8.65e-06 6.18e-05 3.5e-05 8.05e-06 8.4e-06 8.05e-06 1.975e-05 8.1e-06 3.49e-05 8.7e-06 5.06e-05 3.475e-05 9.1e-06 1.095e-05 3.415e-05 7.5e-06 9.65e-06 9.55e-06 3.54e-05 8.35e-06 5.585e-05 8.5e-06 3.555e-05 8.45e-06 3.63e-05 3.63e-05 3.545e-05 3.465e-05 8.6e-06 3.49e-05 4.995e-05 3.475e-05 1.07e-05 3.48e-05 3.48e-05 7.7e-06 1.025e-05 7.75e-06 1.06e-05 3.55e-05 9.7e-06 3.49e-05 5.63e-05 1.01e-05 3.475e-05 9.2e-06 3.52e-05 5.05e-05 1.035e-05
40 7.9e-06 3.015e-05 3.65e-06 8.35e-06 5.5e-06 2.9e-06 3.05e-06 8.4e-06 4.9e-06 8.35e-06 4.55e-06 3.14e-05 6.25e-06 2.9e-06 8.85e-06 3.285e-05 3.2e-06 1.1e-05 3.16e-05 8.05e-05 7.55e-06 3.195e-05 3.29e-05 8.65e-06 6.65e-06 3.55e-06 3.115e-05 6.04e-05 8e-06 7.8e-06 6.6e-06 1.67e-05 5.65e-06 3.09e-05 3.65e-05 7.3e-06 3.12e-05 2.45e-06 4.77e-05 7.8e-06 3.4e-06 5.35e-05 5.12e-05 2.7e-06 4.25e-06 3e-05 3.125e-05 4e-06 2.8e-06 4.465e-05 7.2e-06 3.9e-06 6.01e-05 3.255e-05 1.055e-05 6.1e-06 1.065e-05 1.575e-05 3.05e-06 3.16e-05 4.35e-06 4.7e-05 3.1e-05 8.7e-06 1.175e-05 3.02e-05 5.9e-06 1.005e-05 9.8e-06 3.18e-05 5.75e-06 5.3e-05 4.1e-06 3.345e-05 4e-06 3.455e-05 3.58e-05 3.145e-05 3.67e-05 9.05e-06 3.06e-05 4.665e-05 3.115e-05 8.35e-06 3.7e-05 3.07e-05 3.25e-06 8e-06 8.65e-06 7.9e-06 3.34e-05 6.2e-06 3.25e-05 5.34e-05 8.55e-06 3.115e-05 7.65e-06 3.23e-05 4.79e-05 1.04e-05
41 5.525e-05 5.205e-05 5.44e-05 5.55e-05 5.24e-05 5.44e-05 5.325e-05 5.555e-05 5.175e-05 5.54e-05 5.225e-05 5.345e-05 5.24e-05 5.455e-05 5.57e-05 5.295e-05 5.37e-05 5.455e-05 5.29e-05 5.155e-05 5.415e-05 5.335e-05 5.165e-05 5.405e-05 5.44e-05 5.45e-05 5.335e-05 5.28e-05 5.545e-05 5.565e-05 5.5e-05 5.155e-05 5.35e-05 5.295e-05 5.44e-05 5.45e-05 5.435e-05 5.3e-05 5.26e-05 5.565e-05 5.35e-05 0.0001013 5.25e-05 5.35e-05 5.35e-05 5.245e-05 5.345e-05 5.265e-05 5.445e-05 5.2e-05 5.345e-05 5.355e-05 5.29e-05 5.245e-05 5.63e-05 5.55e-05 5.64e-05 5.215e-05 5.45e-05 5.315e-05 5.33e-05 5.315e-05 5.42e-05 5.335e-05 5.75e-05 5.475e-05 5.52e-05 5.34e-05 5.59e-05 5.185e-05 5.36e-05 5.26e-05 5.31e-05 5.225e-05 5.375e-05 5.39e-05 5.475e-05 5.22e-05 5.5e-05 5.54e-05 5.315e-05 5.345e-05 5.31e-05 5.68e-05 5.53e-05 5.455e-05 5.295e-05 5.68e-05 5.405e-05 5.67e-05 5.22e-05 5.315e-05 5.22e-05 5.155e-05 5.405e-05 5.31e-05 5.36e-05 5.155e-05 5.28e-05 5.78e-05
