 slim_337508944 slim_337508904 slim_337508938 slim_337508793 slim_337508905 slim_337508980 slim_337508736 slim_337508886 slim_337508928 slim_337508650 slim_337508786 slim_337508907 slim_337508981 slim_337508933 slim_337508867 slim_337508913 slim_337508960 slim_337508770 slim_337508809 slim_337508923 slim_337508693 slim_337508910 slim_337508982 slim_337508728 slim_337508769 slim_337508921 slim_337508725 slim_337508868 slim_337508824 slim_337508970 slim_337508951 slim_337508926 slim_337508688 slim_337508854 slim_337508898 slim_337508743 slim_337508764 slim_337508917 slim_337508969 slim_337508961 slim_337508949 slim_337508852 slim_337508930 slim_337508818 slim_337508976 slim_337508984 slim_337508939 slim_337508813 slim_337508891 slim_337508973 slim_337508963 slim_337508978 slim_337508881 slim_337508956 slim_337508952 slim_337508900 slim_337508971 slim_337508750 slim_337508797 slim_337508983 slim_337508892 slim_337508972 slim_337508803 slim_337508675 slim_337508959 slim_337508958 slim_337508737 slim_337508955 slim_337508777 slim_337508979 slim_337508885 slim_337508968 slim_337508761 slim_337508918 slim_337508829 slim_337508880 slim_337508957 slim_337508896 slim_337508872 slim_337508802 slim_337508864 slim_337508820 slim_337508807 slim_337508841 slim_337508964 slim_337508974 slim_337508936 slim_337508722 slim_337508695 slim_337508744 slim_337508845 slim_337508967 slim_337508948 slim_337508860 slim_337508940 slim_337508658 slim_337508975
0 0.0001452 7.805e-05 8.155e-05 7.78e-05 8.29e-05 0.000102 8.245e-05 9.655e-05 8.095e-05 8.315e-05 8.06e-05 9.725e-05 8e-05 7.895e-05 7.785e-05 8.015e-05 7.775e-05 8.14e-05 8.115e-05 7.825e-05 8.27e-05 7.76e-05 7.875e-05 0.0001028 7.775e-05 8.09e-05 0.00010205 7.78e-05 7.84e-05 7.98e-05 8.225e-05 8.34e-05 9.495e-05 7.8e-05 7.805e-05 7.905e-05 7.355e-05 8.24e-05 0.0001021 8.255e-05 7.675e-05 9.925e-05 8.265e-05 0.00010205 7.765e-05 8.35e-05 7.31e-05 7.815e-05 7.92e-05 8.39e-05 7.865e-05 7.865e-05 7.74e-05 8.29e-05 8.24e-05 8.28e-05 8.285e-05 8.09e-05 8.09e-05 7.855e-05 8.27e-05 8.27e-05 7.795e-05 8.24e-05 7.3e-05 8.01e-05 7.795e-05 8.285e-05 7.845e-05 7.86e-05 7.355e-05 8.225e-05 7.345e-05 8.325e-05 8.325e-05 8.25e-05 7.77e-05 7.985e-05 0.0001022 7.83e-05 7.795e-05 7.75e-05 7.77e-05 8.115e-05 7.285e-05 8.315e-05 7.99e-05 7.825e-05 7.755e-05 8.295e-05 7.275e-05 0.00010215 7.595e-05 7.32e-05 0.0001023 8.065e-05 7.84e-05
1 7.805e-05 6.16e-05 7.765e-05 5.76e-05 7.6e-05 6.99e-05 7.49e-05 6.96e-05 0.00010415 7.3e-05 7.86e-05 6.905e-05 5.57e-05 0.00010155 3.185e-05 5.66e-05 4.905e-05 7.805e-05 7.81e-05 0.00010335 5.785e-05 5.755e-05 5.64e-05 9.35e-05 5.755e-05 0.0001041 9.545e-05 3.22e-05 5.56e-05 5.585e-05 3.185e-05 5.58e-05 6.77e-05 3.3e-05 5.45e-05 0.0001 3.225e-05 5.675e-05 9.415e-05 7.5e-05 7.405e-05 9.37e-05 4.97e-05 6.97e-05 4.85e-05 5.57e-05 3.22e-05 3.27e-05 5.67e-05 8.01e-05 5.585e-05 0.0001018 4.875e-05 5.615e-05 4.965e-05 4.835e-05 5.465e-05 9.55e-05 0.0001041 3.21e-05 7.375e-05 8.335e-05 4.88e-05 4.835e-05 3.12e-05 9.83e-05 3.295e-05 5.76e-05 3.205e-05 5.58e-05 7.715e-05 3.13e-05 7.705e-05 7.305e-05 8.205e-05 3.21e-05 5.795e-05 7.335e-05 9.51e-05 5.6e-05 3.295e-05 7.81e-05 4.855e-05 9.57e-05 3.155e-05 3.17e-05 8.22e-05 3.195e-05 0.0001019 7.28e-05 3.14e-05 9.555e-05 7.785e-05 3.2e-05 7.075e-05 9.49e-05 5.56e-05
2 8.155e-05 7.765e-05 9.88e-05 8.11e-05 5.305e-05 7.155e-05 5.425e-05 9.885e-05 5.36e-05 5.255e-05 5.015e-05 9.94e-05 7.8e-05 7.885e-05 7.855e-05 5.495e-05 7.97e-05 5e-05 5.075e-05 8.055e-05 5.325e-05 8.115e-05 7.94e-05 7.275e-05 8.105e-05 5.355e-05 7.45e-05 7.815e-05 7.93e-05 5.4e-05 5.03e-05 5.14e-05 6.32e-05 7.885e-05 7.865e-05 7.845e-05 0.0001062 5.24e-05 7.23e-05 5.435e-05 7.8e-05 7.55e-05 5.165e-05 7.14e-05 7.915e-05 5.13e-05 0.0001063 7.795e-05 7.955e-05 5.27e-05 7.955e-05 8.035e-05 7.94e-05 5.115e-05 5.18e-05 5.09e-05 5.07e-05 5.165e-05 5.355e-05 7.81e-05 5.405e-05 5.6e-05 7.945e-05 5.09e-05 0.000106 5.04e-05 7.88e-05 5.33e-05 7.79e-05 7.95e-05 0.0001054 5.055e-05 0.00010545 5.26e-05 5.445e-05 5.01e-05 8.145e-05 5.545e-05 7.445e-05 7.97e-05 7.88e-05 7.755e-05 7.92e-05 5.16e-05 0.00010635 5.03e-05 8.13e-05 7.85e-05 5.405e-05 5.235e-05 0.0001062 7.46e-05 7.825e-05 0.00010665 7.23e-05 5.15e-05 7.93e-05
3 7.78e-05 5.76e-05 8.11e-05 0.0001094 6.025e-05 7.995e-05 5.725e-05 7.755e-05 7.805e-05 5.95e-05 8.085e-05 7.725e-05 5.855e-05 7.885e-05 5.785e-05 5.88e-05 5.805e-05 8.13e-05 8.07e-05 7.66e-05 5.725e-05 5.525e-05 5.755e-05 7.95e-05 5.47e-05 7.8e-05 7.72e-05 5.785e-05 5.725e-05 5.83e-05 5.975e-05 5.95e-05 7.145e-05 5.8e-05 5.725e-05 7.805e-05 5.585e-05 5.94e-05 7.965e-05 5.735e-05 7.675e-05 7.835e-05 6.025e-05 7.975e-05 5.73e-05 5.96e-05 5.58e-05 5.805e-05 5.785e-05 5.93e-05 5.735e-05 7.615e-05 5.77e-05 5.935e-05 6.01e-05 6.005e-05 5.95e-05 8.11e-05 7.8e-05 5.815e-05 5.805e-05 5.505e-05 5.76e-05 5.965e-05 5.47e-05 9.625e-05 5.795e-05 5.745e-05 5.8e-05 5.725e-05 7.69e-05 5.925e-05 7.68e-05 5.96e-05 5.69e-05 5.985e-05 5.525e-05 5.86e-05 7.74e-05 5.745e-05 5.795e-05 7.925e-05 5.75e-05 8.13e-05 5.545e-05 6.015e-05 5.6e-05 5.795e-05 7.9e-05 5.93e-05 5.515e-05 7.73e-05 7.845e-05 5.59e-05 8.02e-05 8.045e-05 5.705e-05
4 8.29e-05 7.6e-05 5.305e-05 6.025e-05 2.38e-05 5.245e-05 1.575e-05 8.045e-05 3.65e-05 1.58e-05 5.355e-05 7.91e-05 5.94e-05 6.205e-05 7.655e-05 3.575e-05 6e-05 5.27e-05 5.25e-05 6.21e-05 3.27e-05 6.06e-05 6.01e-05 3.545e-05 6.02e-05 3.645e-05 3.565e-05 7.74e-05 5.985e-05 3.515e-05 4.965e-05 3.24e-05 4.465e-05 7.54e-05 6.06e-05 6.285e-05 0.0001037 3.185e-05 3.71e-05 1.585e-05 8.14e-05 3.855e-05 3.31e-05 5.05e-05 5.92e-05 3.255e-05 0.0001038 7.7e-05 6.025e-05 1.645e-05 6.01e-05 6.355e-05 5.945e-05 3.36e-05 3.09e-05 3.16e-05 3.295e-05 3.605e-05 3.645e-05 7.595e-05 1.775e-05 1.78e-05 5.95e-05 3.12e-05 0.0001037 6.925e-05 7.535e-05 3.33e-05 7.565e-05 6.04e-05 0.0001054 4.835e-05 0.00010545 1.61e-05 1.68e-05 4.965e-05 6.06e-05 1.885e-05 3.595e-05 6.06e-05 7.535e-05 7.935e-05 5.925e-05 3.625e-05 0.00010405 4.865e-05 4.38e-05 7.65e-05 3.94e-05 1.56e-05 0.0001039 3.575e-05 8.005e-05 0.00010435 5.085e-05 3.53e-05 6.02e-05
5 0.000102 6.99e-05 7.155e-05 7.995e-05 5.245e-05 8.19e-05 5.29e-05 6.99e-05 8.11e-05 5.135e-05 7.085e-05 6.99e-05 7.7e-05 0.0001057 7.025e-05 5.355e-05 7.125e-05 7.15e-05 7.11e-05 0.00010725 5.235e-05 7.945e-05 7.85e-05 5.015e-05 7.99e-05 8.105e-05 5.24e-05 6.98e-05 7.78e-05 5.335e-05 4.26e-05 5.085e-05 5.005e-05 6.99e-05 7.775e-05 0.00010475 9.775e-05 5.15e-05 5.09e-05 5.3e-05 9.695e-05 5.345e-05 4.255e-05 4.34e-05 7.04e-05 5.08e-05 9.785e-05 6.97e-05 7.865e-05 5.875e-05 7.805e-05 0.0001066 7.065e-05 5.035e-05 4.285e-05 4.295e-05 5.005e-05 7.22e-05 8.105e-05 7.015e-05 5.3e-05 6.25e-05 7.07e-05 4.26e-05 9.745e-05 9.075e-05 6.985e-05 5.25e-05 6.99e-05 7.85e-05 0.0001247 4.285e-05 0.00012475 5.17e-05 6.085e-05 4.2e-05 8.03e-05 5.415e-05 5.21e-05 7.87e-05 6.985e-05 9.745e-05 7.045e-05 7.24e-05 9.78e-05 4.25e-05 8.72e-05 7.02e-05 8.185e-05 5.115e-05 9.765e-05 5.25e-05 9.87e-05 9.81e-05 4.24e-05 7.14e-05 7.83e-05
6 8.245e-05 7.49e-05 5.425e-05 5.725e-05 1.575e-05 5.29e-05 2.69e-05 7.955e-05 3.635e-05 1.515e-05 5.47e-05 7.86e-05 5.83e-05 6.265e-05 7.52e-05 3.455e-05 5.835e-05 5.455e-05 5.4e-05 6.13e-05 3.1e-05 5.77e-05 5.805e-05 3.61e-05 5.72e-05 3.63e-05 3.475e-05 7.56e-05 5.845e-05 3.39e-05 4.94e-05 3.24e-05 4.44e-05 7.49e-05 5.9e-05 6.175e-05 0.0001009 3.125e-05 3.725e-05 1.365e-05 7.95e-05 3.785e-05 3.225e-05 5.115e-05 5.735e-05 3.25e-05 0.0001007 7.51e-05 5.855e-05 1.61e-05 5.87e-05 6.095e-05 5.76e-05 3.285e-05 3.175e-05 3.13e-05 3.265e-05 3.735e-05 3.63e-05 7.47e-05 1.505e-05 1.405e-05 5.78e-05 3.105e-05 0.00010105 7.02e-05 7.485e-05 3.15e-05 7.445e-05 5.88e-05 0.00010495 4.855e-05 0.000105 1.55e-05 1.485e-05 4.915e-05 5.755e-05 1.695e-05 3.51e-05 5.9e-05 7.485e-05 7.97e-05 5.74e-05 3.755e-05 0.0001014 4.885e-05 4.075e-05 7.515e-05 3.96e-05 1.48e-05 0.00010125 3.485e-05 8.035e-05 0.0001017 5.25e-05 3.63e-05 5.86e-05
7 9.655e-05 6.96e-05 9.885e-05 7.755e-05 8.045e-05 6.99e-05 7.955e-05 0.0001335 0.0001063 7.92e-05 9.755e-05 6.845e-05 7.86e-05 0.00010615 6.985e-05 7.905e-05 6.975e-05 9.88e-05 9.83e-05 0.0001065 7.985e-05 7.705e-05 7.76e-05 7.83e-05 7.75e-05 0.00010625 7.885e-05 6.905e-05 7.695e-05 7.88e-05 7.09e-05 7.95e-05 7.91e-05 6.955e-05 7.685e-05 0.0001054 6.79e-05 7.855e-05 7.7e-05 7.965e-05 9.47e-05 7.79e-05 7.11e-05 7.17e-05 6.915e-05 7.96e-05 6.785e-05 6.925e-05 7.79e-05 8.715e-05 7.735e-05 0.00010605 6.94e-05 7.855e-05 7.15e-05 7.17e-05 7.905e-05 9.83e-05 0.00010625 7.015e-05 7.95e-05 8.805e-05 6.945e-05 7.13e-05 6.715e-05 0.00011625 6.95e-05 8e-05 7e-05 7.73e-05 9.62e-05 7.12e-05 9.61e-05 7.93e-05 8.755e-05 7.1e-05 7.79e-05 7.88e-05 7.88e-05 7.75e-05 6.95e-05 9.71e-05 6.92e-05 9.85e-05 6.75e-05 7.21e-05 8.67e-05 6.995e-05 0.00010505 7.9e-05 6.735e-05 7.895e-05 9.6e-05 6.795e-05 7.075e-05 9.775e-05 7.695e-05
8 8.095e-05 0.00010415 5.36e-05 7.805e-05 3.65e-05 8.11e-05 3.635e-05 0.0001063 5.27e-05 3.9e-05 5.23e-05 0.00010715 8.07e-05 5.58e-05 0.0001044 5.665e-05 8.865e-05 5.325e-05 5.25e-05 5.325e-05 5.23e-05 7.84e-05 8.05e-05 5.815e-05 7.8e-05 2.635e-05 5.545e-05 0.00010375 8.08e-05 5.64e-05 7.81e-05 5.495e-05 6.68e-05 0.00010325 8.125e-05 5.65e-05 0.00012975 5.5e-05 5.73e-05 3.64e-05 8.065e-05 5.965e-05 6.225e-05 8.095e-05 8.805e-05 5.505e-05 0.00012985 0.00010335 8.065e-05 3.175e-05 8.105e-05 5.46e-05 8.83e-05 5.43e-05 6.15e-05 6.255e-05 5.54e-05 3.71e-05 2.635e-05 0.0001041 3.83e-05 2.735e-05 8.835e-05 6.215e-05 0.00012975 4.76e-05 0.0001032 5.29e-05 0.0001038 8.08e-05 0.0001048 7.83e-05 0.00010485 3.91e-05 2.895e-05 7.78e-05 7.84e-05 4.075e-05 5.605e-05 8.1e-05 0.0001032 7.845e-05 8.81e-05 3.73e-05 0.0001301 7.86e-05 5.475e-05 0.00010435 3.09e-05 3.88e-05 0.00012995 5.555e-05 7.85e-05 0.0001304 8.07e-05 3.625e-05 8.06e-05
9 8.315e-05 7.3e-05 5.255e-05 5.95e-05 1.58e-05 5.135e-05 1.515e-05 7.92e-05 3.9e-05 2.28e-05 5.37e-05 7.8e-05 5.575e-05 6.13e-05 7.35e-05 3.335e-05 5.68e-05 5.305e-05 5.27e-05 6.46e-05 3.2e-05 5.945e-05 5.615e-05 3.33e-05 5.945e-05 3.895e-05 3.69e-05 7.42e-05 5.62e-05 3.235e-05 4.675e-05 2.855e-05 4.11e-05 7.425e-05 5.68e-05 5.975e-05 0.0001007 2.815e-05 3.5e-05 1.525e-05 7.805e-05 3.765e-05 3.015e-05 4.945e-05 5.625e-05 2.85e-05 0.0001007 7.4e-05 5.63e-05 1.18e-05 5.645e-05 6.315e-05 5.65e-05 2.935e-05 2.985e-05 2.875e-05 2.92e-05 3.62e-05 3.895e-05 7.305e-05 1.42e-05 1.8e-05 5.655e-05 2.81e-05 0.0001006 6.92e-05 7.42e-05 3.205e-05 7.285e-05 5.645e-05 0.00010565 4.56e-05 0.0001057 1.205e-05 1.52e-05 4.65e-05 5.985e-05 1.61e-05 3.665e-05 5.665e-05 7.42e-05 7.965e-05 5.63e-05 3.64e-05 0.00010095 4.57e-05 4.24e-05 7.345e-05 3.965e-05 1.18e-05 0.0001008 3.7e-05 8.03e-05 0.00010125 5.17e-05 3.56e-05 5.62e-05
10 8.06e-05 7.86e-05 5.015e-05 8.085e-05 5.355e-05 7.085e-05 5.47e-05 9.755e-05 5.23e-05 5.37e-05 9.59e-05 9.92e-05 7.875e-05 7.88e-05 7.895e-05 5.525e-05 8.02e-05 5e-05 5.01e-05 7.98e-05 5.365e-05 8.065e-05 7.995e-05 7.335e-05 8.08e-05 5.225e-05 7.43e-05 7.73e-05 7.975e-05 5.5e-05 5.065e-05 5.275e-05 6.43e-05 7.88e-05 7.91e-05 7.885e-05 0.00010605 5.36e-05 7.17e-05 5.48e-05 7.725e-05 7.565e-05 5.15e-05 7.21e-05 7.96e-05 5.27e-05 0.00010615 7.7e-05 8.01e-05 5.385e-05 8e-05 8.015e-05 7.985e-05 5.1e-05 5.225e-05 5.255e-05 5.18e-05 5.1e-05 5.225e-05 7.89e-05 5.475e-05 5.595e-05 7.99e-05 5.225e-05 0.00010575 4.83e-05 7.875e-05 5.38e-05 7.865e-05 7.995e-05 0.00010465 5.21e-05 0.0001047 5.38e-05 5.49e-05 4.97e-05 8.12e-05 5.625e-05 7.445e-05 8.015e-05 7.875e-05 7.62e-05 7.965e-05 5.115e-05 0.0001061 5.165e-05 8.11e-05 7.89e-05 5.29e-05 5.35e-05 0.00010595 7.44e-05 7.685e-05 0.0001064 7.23e-05 5.09e-05 7.975e-05
11 9.725e-05 6.905e-05 9.94e-05 7.725e-05 7.91e-05 6.99e-05 7.86e-05 6.845e-05 0.00010715 7.8e-05 9.92e-05 0.0001336 7.785e-05 0.00010555 6.905e-05 7.8e-05 6.915e-05 9.935e-05 9.85e-05 0.00010615 7.885e-05 7.67e-05 7.72e-05 7.735e-05 7.72e-05 0.0001071 7.73e-05 6.96e-05 7.645e-05 7.8e-05 7.085e-05 7.85e-05 7.795e-05 6.87e-05 7.645e-05 0.0001048 6.795e-05 7.75e-05 7.81e-05 7.87e-05 9.55e-05 7.625e-05 7.085e-05 7.025e-05 6.815e-05 7.86e-05 6.79e-05 6.98e-05 7.75e-05 8.605e-05 7.645e-05 0.0001057 6.865e-05 7.865e-05 6.99e-05 7.035e-05 7.78e-05 9.88e-05 0.0001071 6.96e-05 7.87e-05 8.77e-05 6.85e-05 6.995e-05 6.69e-05 0.0001184 6.865e-05 7.9e-05 6.945e-05 7.69e-05 9.605e-05 6.98e-05 9.595e-05 7.825e-05 8.695e-05 7.07e-05 7.775e-05 7.78e-05 7.805e-05 7.71e-05 6.865e-05 9.8e-05 6.845e-05 9.9e-05 6.755e-05 7.07e-05 8.635e-05 6.915e-05 0.00010595 7.78e-05 6.725e-05 7.735e-05 9.715e-05 6.8e-05 6.845e-05 9.8e-05 7.67e-05
12 8e-05 5.57e-05 7.8e-05 5.855e-05 5.94e-05 7.7e-05 5.83e-05 7.86e-05 8.07e-05 5.575e-05 7.875e-05 7.785e-05 0.0001068 7.7e-05 5.625e-05 5.63e-05 5.78e-05 7.84e-05 7.81e-05 7.94e-05 5.69e-05 5.85e-05 5.65e-05 7.63e-05 5.85e-05 8.065e-05 7.89e-05 5.66e-05 5.59e-05 5.555e-05 5.545e-05 5.43e-05 6.68e-05 5.745e-05 5.615e-05 7.545e-05 5.81e-05 5.68e-05 7.725e-05 5.84e-05 7.635e-05 7.78e-05 5.675e-05 7.68e-05 5.725e-05 5.395e-05 5.82e-05 5.68e-05 5.655e-05 5.445e-05 5.615e-05 7.78e-05 5.75e-05 5.47e-05 5.65e-05 5.555e-05 5.44e-05 7.985e-05 8.065e-05 5.605e-05 5.685e-05 5.88e-05 5.755e-05 5.525e-05 5.75e-05 9.46e-05 5.74e-05 5.665e-05 5.605e-05 5.62e-05 7.84e-05 5.49e-05 7.845e-05 5.59e-05 5.71e-05 5.475e-05 5.89e-05 5.74e-05 7.855e-05 5.64e-05 5.74e-05 7.82e-05 5.73e-05 8.005e-05 5.785e-05 5.405e-05 5.66e-05 5.62e-05 7.91e-05 5.565e-05 5.77e-05 7.9e-05 7.985e-05 5.815e-05 7.785e-05 7.925e-05 5.6e-05
13 7.895e-05 0.00010155 7.885e-05 7.885e-05 6.205e-05 0.0001057 6.265e-05 0.00010615 5.58e-05 6.13e-05 7.88e-05 0.00010555 7.7e-05 0.0001052 0.000102 7.86e-05 8.61e-05 7.87e-05 7.865e-05 5.415e-05 7.845e-05 7.865e-05 7.775e-05 8.1e-05 7.88e-05 5.575e-05 8.24e-05 0.0001022 7.79e-05 7.8e-05 0.0001019 7.7e-05 8.94e-05 0.0001019 7.835e-05 5.295e-05 0.0001023 7.75e-05 8.185e-05 6.275e-05 7.995e-05 8.23e-05 8.63e-05 0.00010485 8.58e-05 7.7e-05 0.0001024 0.0001021 7.775e-05 5.33e-05 7.815e-05 5.45e-05 8.605e-05 7.73e-05 8.525e-05 8.545e-05 7.785e-05 6.26e-05 5.575e-05 0.0001018 6.23e-05 5.565e-05 8.61e-05 8.505e-05 0.000102 7.545e-05 0.00010185 7.86e-05 0.0001015 7.775e-05 7.725e-05 0.00010125 7.73e-05 6.125e-05 5.445e-05 0.0001016 7.92e-05 6.275e-05 8.245e-05 7.795e-05 0.00010185 7.785e-05 8.585e-05 6.28e-05 0.00010235 0.00010135 5.445e-05 0.00010195 5.515e-05 6.125e-05 0.0001022 8.25e-05 7.88e-05 0.00010265 0.0001055 6.26e-05 7.75e-05
14 7.785e-05 3.185e-05 7.855e-05 5.785e-05 7.655e-05 7.025e-05 7.52e-05 6.985e-05 0.0001044 7.35e-05 7.895e-05 6.905e-05 5.625e-05 0.000102 6.21e-05 5.625e-05 4.91e-05 7.895e-05 7.78e-05 0.0001036 5.77e-05 5.78e-05 5.675e-05 9.4e-05 5.78e-05 0.00010435 9.545e-05 3.24e-05 5.585e-05 5.625e-05 3.27e-05 5.64e-05 6.78e-05 3.28e-05 5.5e-05 0.00010045 3.23e-05 5.75e-05 9.46e-05 7.53e-05 7.41e-05 9.37e-05 5.005e-05 6.99e-05 4.88e-05 5.65e-05 3.19e-05 3.305e-05 5.715e-05 8.055e-05 5.61e-05 0.00010205 4.86e-05 5.67e-05 4.935e-05 4.93e-05 5.475e-05 9.6e-05 0.00010435 3.265e-05 7.42e-05 8.355e-05 4.91e-05 4.89e-05 3.145e-05 9.865e-05 3.275e-05 5.745e-05 3.255e-05 5.625e-05 7.74e-05 3.17e-05 7.73e-05 7.375e-05 8.25e-05 3.205e-05 5.775e-05 7.365e-05 9.54e-05 5.6e-05 3.275e-05 7.835e-05 4.885e-05 9.62e-05 3.135e-05 3.17e-05 8.24e-05 3.165e-05 0.00010215 7.33e-05 3.12e-05 9.555e-05 7.82e-05 3.165e-05 7.045e-05 9.52e-05 5.605e-05
15 8.015e-05 5.66e-05 5.495e-05 5.88e-05 3.575e-05 5.355e-05 3.455e-05 7.905e-05 5.665e-05 3.335e-05 5.525e-05 7.8e-05 5.63e-05 7.86e-05 5.625e-05 5.98e-05 5.86e-05 5.5e-05 5.385e-05 7.98e-05 3.275e-05 5.86e-05 5.77e-05 5.375e-05 5.875e-05 5.66e-05 5.47e-05 5.74e-05 5.75e-05 3.09e-05 3.235e-05 3.195e-05 4.335e-05 5.69e-05 5.685e-05 7.73e-05 8.24e-05 3.35e-05 5.46e-05 3.465e-05 7.71e-05 5.255e-05 3.345e-05 5.24e-05 5.785e-05 3.205e-05 8.25e-05 5.73e-05 5.785e-05 3.3e-05 5.775e-05 7.88e-05 5.81e-05 3.25e-05 3.215e-05 3.245e-05 3.07e-05 5.635e-05 5.66e-05 5.685e-05 3.405e-05 3.53e-05 5.815e-05 3.205e-05 8.21e-05 7.125e-05 5.685e-05 3.29e-05 5.655e-05 5.77e-05 0.00010305 3.115e-05 0.0001031 3.36e-05 3.425e-05 3.115e-05 5.915e-05 3.26e-05 5.505e-05 5.79e-05 5.685e-05 7.885e-05 5.79e-05 5.655e-05 8.245e-05 3.055e-05 5.865e-05 5.64e-05 5.43e-05 3.315e-05 8.23e-05 5.48e-05 8.015e-05 8.275e-05 5.285e-05 5.555e-05 5.75e-05
16 7.775e-05 4.905e-05 7.97e-05 5.805e-05 6e-05 7.125e-05 5.835e-05 6.975e-05 8.865e-05 5.68e-05 8.02e-05 6.915e-05 5.78e-05 8.61e-05 4.91e-05 5.86e-05 9.39e-05 8.02e-05 7.985e-05 8.765e-05 5.985e-05 5.8e-05 5.65e-05 7.825e-05 5.8e-05 8.86e-05 7.985e-05 4.96e-05 5.66e-05 5.765e-05 5.07e-05 5.81e-05 7e-05 5.01e-05 5.58e-05 8.45e-05 4.775e-05 5.51e-05 7.9e-05 5.845e-05 7.55e-05 7.8e-05 5.01e-05 6.925e-05 4.765e-05 5.815e-05 4.715e-05 4.985e-05 5.71e-05 6.575e-05 5.685e-05 8.625e-05 4.74e-05 5.835e-05 5.055e-05 4.945e-05 5.75e-05 7.805e-05 8.86e-05 4.94e-05 5.695e-05 6.85e-05 4.795e-05 4.905e-05 4.735e-05 9.94e-05 5.005e-05 5.99e-05 4.935e-05 5.665e-05 7.705e-05 5.015e-05 7.695e-05 5.625e-05 6.72e-05 5.12e-05 5.795e-05 5.67e-05 7.98e-05 5.635e-05 5.005e-05 7.9e-05 4.77e-05 7.825e-05 4.72e-05 5.105e-05 6.695e-05 4.95e-05 8.67e-05 5.665e-05 4.71e-05 7.995e-05 7.815e-05 4.755e-05 7.195e-05 7.81e-05 5.64e-05
17 8.14e-05 7.805e-05 5e-05 8.13e-05 5.27e-05 7.15e-05 5.455e-05 9.88e-05 5.325e-05 5.305e-05 5e-05 9.935e-05 7.84e-05 7.87e-05 7.895e-05 5.5e-05 8.02e-05 9.96e-05 5.06e-05 8.02e-05 5.345e-05 8.11e-05 7.99e-05 7.27e-05 8.125e-05 5.32e-05 7.425e-05 7.855e-05 7.97e-05 5.45e-05 5.07e-05 5.18e-05 6.36e-05 7.88e-05 7.905e-05 7.875e-05 0.0001067 5.29e-05 7.225e-05 5.465e-05 7.84e-05 7.555e-05 5.215e-05 7.145e-05 7.965e-05 5.17e-05 0.0001068 7.845e-05 8.005e-05 5.31e-05 7.995e-05 8.055e-05 7.99e-05 5.155e-05 5.165e-05 5.14e-05 5.11e-05 5.16e-05 5.32e-05 7.86e-05 5.455e-05 5.62e-05 7.995e-05 5.14e-05 0.0001064 5.025e-05 7.875e-05 5.36e-05 7.84e-05 7.99e-05 0.00010525 5.095e-05 0.0001053 5.31e-05 5.465e-05 5.05e-05 8.165e-05 5.605e-05 7.43e-05 8.01e-05 7.875e-05 7.74e-05 7.97e-05 5.15e-05 0.00010675 5.07e-05 8.15e-05 7.89e-05 5.39e-05 5.285e-05 0.0001066 7.435e-05 7.81e-05 0.00010705 7.18e-05 5.145e-05 7.97e-05
18 8.115e-05 7.81e-05 5.075e-05 8.07e-05 5.25e-05 7.11e-05 5.4e-05 9.83e-05 5.25e-05 5.27e-05 5.01e-05 9.85e-05 7.81e-05 7.865e-05 7.78e-05 5.385e-05 7.985e-05 5.06e-05 9.84e-05 7.995e-05 5.245e-05 8.05e-05 7.95e-05 7.235e-05 8.065e-05 5.245e-05 7.34e-05 7.815e-05 7.91e-05 5.405e-05 5.09e-05 5.155e-05 6.285e-05 7.79e-05 7.87e-05 7.86e-05 0.0001061 5.28e-05 7.195e-05 5.41e-05 7.755e-05 7.47e-05 5.175e-05 7.08e-05 7.91e-05 5.165e-05 0.0001062 7.805e-05 7.965e-05 5.27e-05 7.935e-05 8.02e-05 7.935e-05 5.135e-05 5.05e-05 5.15e-05 5.035e-05 5.17e-05 5.245e-05 7.835e-05 5.415e-05 5.555e-05 7.94e-05 5.11e-05 0.0001058 4.975e-05 7.785e-05 5.26e-05 7.805e-05 7.95e-05 0.000105 5.045e-05 0.00010505 5.295e-05 5.425e-05 4.97e-05 8.105e-05 5.55e-05 7.375e-05 7.97e-05 7.785e-05 7.725e-05 7.915e-05 5.19e-05 0.00010615 4.99e-05 8.085e-05 7.79e-05 5.375e-05 5.25e-05 0.000106 7.35e-05 7.795e-05 0.00010645 7.065e-05 5.075e-05 7.93e-05
19 7.825e-05 0.00010335 8.055e-05 7.66e-05 6.21e-05 0.00010725 6.13e-05 0.0001065 5.325e-05 6.46e-05 7.98e-05 0.00010615 7.94e-05 5.415e-05 0.0001036 7.98e-05 8.765e-05 8.02e-05 7.995e-05 0.0001017 7.745e-05 7.695e-05 7.98e-05 8.375e-05 7.655e-05 5.32e-05 8.04e-05 0.0001035 8e-05 7.955e-05 0.00010445 8.075e-05 9.26e-05 0.00010255 8.045e-05 5.495e-05 0.00010245 8.06e-05 8.41e-05 6.14e-05 8.13e-05 8.26e-05 8.84e-05 0.00010665 8.705e-05 8.085e-05 0.00010255 0.0001032 7.995e-05 5.755e-05 8.025e-05 5.23e-05 8.73e-05 8.065e-05 8.715e-05 8.815e-05 8.12e-05 6.385e-05 5.32e-05 0.0001034 6.315e-05 5.175e-05 8.735e-05 8.775e-05 0.00010235 7.645e-05 0.0001025 7.795e-05 0.0001031 8e-05 7.655e-05 0.0001041 7.66e-05 6.47e-05 5.41e-05 0.00010415 7.695e-05 6.37e-05 8.09e-05 8.02e-05 0.0001025 7.79e-05 8.71e-05 6.405e-05 0.0001027 0.0001044 5.28e-05 0.00010355 5.51e-05 6.44e-05 0.00010255 8.05e-05 7.885e-05 0.000103 0.0001064 6.355e-05 7.98e-05
20 8.27e-05 5.785e-05 5.325e-05 5.725e-05 3.27e-05 5.235e-05 3.1e-05 7.985e-05 5.23e-05 3.2e-05 5.365e-05 7.885e-05 5.69e-05 7.845e-05 5.77e-05 3.275e-05 5.985e-05 5.345e-05 5.245e-05 7.745e-05 5.83e-05 5.775e-05 5.835e-05 5.2e-05 5.72e-05 5.225e-05 5.075e-05 5.86e-05 5.815e-05 3.265e-05 3.155e-05 3.06e-05 4.23e-05 5.795e-05 5.81e-05 7.76e-05 8.565e-05 3.275e-05 5.28e-05 3.11e-05 7.84e-05 5.39e-05 3.265e-05 5.145e-05 5.91e-05 3.07e-05 8.575e-05 5.85e-05 5.85e-05 3.105e-05 5.84e-05 7.695e-05 5.935e-05 3.11e-05 3.135e-05 3.17e-05 2.99e-05 5.48e-05 5.225e-05 5.81e-05 3.17e-05 2.935e-05 5.94e-05 3.13e-05 8.535e-05 6.965e-05 5.79e-05 2.94e-05 5.78e-05 5.835e-05 0.0001055 3.04e-05 0.00010555 3.225e-05 3.01e-05 3.035e-05 5.76e-05 3.435e-05 5.115e-05 5.855e-05 5.79e-05 7.925e-05 5.915e-05 5.5e-05 8.57e-05 3e-05 5.645e-05 5.765e-05 5.525e-05 3.18e-05 8.555e-05 5.085e-05 8.06e-05 8.6e-05 5.15e-05 5.4e-05 5.815e-05
21 7.76e-05 5.755e-05 8.115e-05 5.525e-05 6.06e-05 7.945e-05 5.77e-05 7.705e-05 7.84e-05 5.945e-05 8.065e-05 7.67e-05 5.85e-05 7.865e-05 5.78e-05 5.86e-05 5.8e-05 8.11e-05 8.05e-05 7.695e-05 5.775e-05 0.0001093 5.75e-05 7.9e-05 5.52e-05 7.835e-05 7.715e-05 5.78e-05 5.72e-05 5.825e-05 5.97e-05 5.945e-05 7.14e-05 5.745e-05 5.72e-05 7.805e-05 5.58e-05 5.935e-05 7.915e-05 5.785e-05 7.67e-05 7.78e-05 6.02e-05 7.925e-05 5.725e-05 5.955e-05 5.575e-05 5.8e-05 5.78e-05 5.925e-05 5.73e-05 7.665e-05 5.765e-05 5.93e-05 5.98e-05 6e-05 5.945e-05 8.09e-05 7.835e-05 5.81e-05 5.8e-05 5.58e-05 5.755e-05 5.96e-05 5.475e-05 9.605e-05 5.74e-05 5.79e-05 5.795e-05 5.72e-05 7.67e-05 5.92e-05 7.66e-05 5.955e-05 5.74e-05 5.98e-05 5.57e-05 5.855e-05 7.74e-05 5.74e-05 5.74e-05 7.905e-05 5.745e-05 8.11e-05 5.54e-05 6.01e-05 5.645e-05 5.79e-05 7.88e-05 5.925e-05 5.51e-05 7.725e-05 7.825e-05 5.585e-05 7.915e-05 8.025e-05 5.7e-05
22 7.875e-05 5.64e-05 7.94e-05 5.755e-05 6.01e-05 7.85e-05 5.805e-05 7.76e-05 8.05e-05 5.615e-05 7.995e-05 7.72e-05 5.65e-05 7.775e-05 5.675e-05 5.77e-05 5.65e-05 7.99e-05 7.95e-05 7.98e-05 5.835e-05 5.75e-05 0.0001093 7.7e-05 5.75e-05 8.045e-05 7.91e-05 5.715e-05 5.585e-05 5.675e-05 5.78e-05 5.585e-05 6.855e-05 5.775e-05 5.585e-05 7.61e-05 5.61e-05 5.655e-05 7.74e-05 5.815e-05 7.615e-05 7.785e-05 5.795e-05 7.76e-05 5.615e-05 5.62e-05 5.53e-05 5.725e-05 5.61e-05 5.57e-05 5.61e-05 7.835e-05 5.625e-05 5.645e-05 5.82e-05 5.7e-05 5.655e-05 7.95e-05 8.045e-05 5.665e-05 5.695e-05 5.905e-05 5.66e-05 5.675e-05 5.565e-05 9.535e-05 5.77e-05 5.84e-05 5.67e-05 5.54e-05 7.8e-05 5.7e-05 7.79e-05 5.575e-05 5.725e-05 5.76e-05 5.78e-05 5.715e-05 7.905e-05 5.555e-05 5.77e-05 7.95e-05 5.62e-05 7.97e-05 5.585e-05 5.74e-05 5.78e-05 5.695e-05 7.915e-05 5.56e-05 5.575e-05 7.92e-05 7.88e-05 5.635e-05 7.92e-05 7.895e-05 5.515e-05
23 0.0001028 9.35e-05 7.275e-05 7.95e-05 3.545e-05 5.015e-05 3.61e-05 7.83e-05 5.815e-05 3.33e-05 7.335e-05 7.735e-05 7.63e-05 8.1e-05 9.4e-05 5.375e-05 7.825e-05 7.27e-05 7.235e-05 8.375e-05 5.2e-05 7.9e-05 7.7e-05 6.4e-05 7.945e-05 5.81e-05 3.575e-05 9.47e-05 7.65e-05 5.32e-05 6.725e-05 4.91e-05 4.96e-05 9.375e-05 7.76e-05 8.03e-05 0.0001214 4.98e-05 3.415e-05 3.62e-05 9.895e-05 3.735e-05 5.16e-05 5.065e-05 7.77e-05 4.89e-05 0.0001215 9.46e-05 7.68e-05 3.215e-05 7.675e-05 8.325e-05 7.795e-05 4.975e-05 5.025e-05 5.02e-05 5e-05 5.68e-05 5.81e-05 9.375e-05 3.57e-05 3.785e-05 7.8e-05 4.98e-05 0.0001211 8.885e-05 9.37e-05 5.215e-05 9.345e-05 7.7e-05 0.0001253 6.61e-05 0.00012535 3.355e-05 3.525e-05 6.7e-05 7.985e-05 3.79e-05 3.535e-05 7.72e-05 9.37e-05 9.93e-05 7.775e-05 5.7e-05 0.00012145 6.62e-05 6.245e-05 9.395e-05 5.955e-05 3.33e-05 0.0001213 3.585e-05 9.995e-05 0.00012175 5.005e-05 5.62e-05 7.675e-05
24 7.775e-05 5.755e-05 8.105e-05 5.47e-05 6.02e-05 7.99e-05 5.72e-05 7.75e-05 7.8e-05 5.945e-05 8.08e-05 7.72e-05 5.85e-05 7.88e-05 5.78e-05 5.875e-05 5.8e-05 8.125e-05 8.065e-05 7.655e-05 5.72e-05 5.52e-05 5.75e-05 7.945e-05 0.0001093 7.795e-05 7.715e-05 5.78e-05 5.72e-05 5.825e-05 5.97e-05 5.945e-05 7.14e-05 5.795e-05 5.72e-05 7.8e-05 5.58e-05 5.935e-05 7.96e-05 5.73e-05 7.67e-05 7.83e-05 6.02e-05 7.97e-05 5.725e-05 5.955e-05 5.575e-05 5.8e-05 5.78e-05 5.925e-05 5.73e-05 7.61e-05 5.765e-05 5.93e-05 6.005e-05 6e-05 5.945e-05 8.105e-05 7.795e-05 5.81e-05 5.8e-05 5.5e-05 5.755e-05 5.96e-05 5.475e-05 9.62e-05 5.79e-05 5.74e-05 5.795e-05 5.72e-05 7.685e-05 5.92e-05 7.675e-05 5.955e-05 5.685e-05 5.98e-05 5.52e-05 5.855e-05 7.735e-05 5.74e-05 5.79e-05 7.92e-05 5.745e-05 8.125e-05 5.54e-05 6.01e-05 5.595e-05 5.79e-05 7.895e-05 5.925e-05 5.51e-05 7.725e-05 7.84e-05 5.585e-05 8.015e-05 8.04e-05 5.7e-05
25 8.09e-05 0.0001041 5.355e-05 7.8e-05 3.645e-05 8.105e-05 3.63e-05 0.00010625 2.635e-05 3.895e-05 5.225e-05 0.0001071 8.065e-05 5.575e-05 0.00010435 5.66e-05 8.86e-05 5.32e-05 5.245e-05 5.32e-05 5.225e-05 7.835e-05 8.045e-05 5.81e-05 7.795e-05 5.26e-05 5.54e-05 0.0001037 8.075e-05 5.635e-05 7.805e-05 5.49e-05 6.675e-05 0.0001032 8.12e-05 5.645e-05 0.0001297 5.495e-05 5.725e-05 3.64e-05 8.06e-05 5.96e-05 6.22e-05 8.09e-05 8.8e-05 5.5e-05 0.0001298 0.0001033 8.06e-05 3.17e-05 8.1e-05 5.455e-05 8.825e-05 5.425e-05 6.145e-05 6.25e-05 5.535e-05 3.705e-05 2.63e-05 0.00010405 3.825e-05 2.73e-05 8.83e-05 6.21e-05 0.0001297 4.755e-05 0.00010315 5.285e-05 0.00010375 8.075e-05 0.00010475 7.825e-05 0.0001048 3.905e-05 2.89e-05 7.775e-05 7.835e-05 4.07e-05 5.6e-05 8.095e-05 0.00010315 7.84e-05 8.805e-05 3.725e-05 0.00013005 7.855e-05 5.47e-05 0.0001043 3.085e-05 3.875e-05 0.0001299 5.55e-05 7.845e-05 0.00013035 8.065e-05 3.62e-05 8.055e-05
26 0.00010205 9.545e-05 7.45e-05 7.72e-05 3.565e-05 5.24e-05 3.475e-05 7.885e-05 5.545e-05 3.69e-05 7.43e-05 7.73e-05 7.89e-05 8.24e-05 9.545e-05 5.47e-05 7.985e-05 7.425e-05 7.34e-05 8.04e-05 5.075e-05 7.715e-05 7.91e-05 3.575e-05 7.715e-05 5.54e-05 6.58e-05 9.605e-05 7.915e-05 5.48e-05 6.995e-05 5.31e-05 5.285e-05 9.41e-05 7.995e-05 8.235e-05 0.0001215 5.315e-05 3.67e-05 3.49e-05 0.00010035 3.69e-05 5.385e-05 5.22e-05 7.91e-05 5.32e-05 0.0001216 9.565e-05 7.925e-05 3.695e-05 7.94e-05 8.1e-05 7.935e-05 5.345e-05 5.21e-05 5.315e-05 5.34e-05 5.8e-05 5.54e-05 9.54e-05 3.66e-05 3.385e-05 7.94e-05 5.275e-05 0.0001215 8.98e-05 9.405e-05 5.135e-05 9.51e-05 7.94e-05 0.00012455 6.89e-05 0.0001246 3.715e-05 3.495e-05 6.94e-05 7.75e-05 3.89e-05 3.42e-05 7.96e-05 9.405e-05 9.93e-05 7.915e-05 5.82e-05 0.00012185 6.92e-05 6.075e-05 9.54e-05 5.945e-05 3.67e-05 0.0001217 3.305e-05 9.995e-05 0.00012215 4.995e-05 5.72e-05 7.92e-05
27 7.78e-05 3.22e-05 7.815e-05 5.785e-05 7.74e-05 6.98e-05 7.56e-05 6.905e-05 0.00010375 7.42e-05 7.73e-05 6.96e-05 5.66e-05 0.0001022 3.24e-05 5.74e-05 4.96e-05 7.855e-05 7.815e-05 0.0001035 5.86e-05 5.78e-05 5.715e-05 9.47e-05 5.78e-05 0.0001037 9.605e-05 6.14e-05 5.635e-05 5.69e-05 3.195e-05 5.73e-05 6.895e-05 3.32e-05 5.525e-05 0.00010065 3.14e-05 5.8e-05 9.415e-05 7.57e-05 7.36e-05 9.435e-05 4.96e-05 7.09e-05 4.915e-05 5.725e-05 3.225e-05 3.2e-05 5.73e-05 8.14e-05 5.66e-05 0.00010195 4.925e-05 5.61e-05 5.08e-05 5.005e-05 5.59e-05 9.545e-05 0.0001037 3.255e-05 7.45e-05 8.365e-05 4.945e-05 4.975e-05 3.14e-05 9.71e-05 3.315e-05 5.835e-05 3.285e-05 5.655e-05 7.71e-05 3.31e-05 7.715e-05 7.43e-05 8.285e-05 3.205e-05 5.805e-05 7.41e-05 9.58e-05 5.66e-05 3.315e-05 7.745e-05 4.92e-05 9.565e-05 3.16e-05 3.32e-05 8.235e-05 3.185e-05 0.00010145 7.4e-05 3.145e-05 9.615e-05 7.74e-05 3.115e-05 7.18e-05 9.49e-05 5.635e-05
28 7.84e-05 5.56e-05 7.93e-05 5.725e-05 5.985e-05 7.78e-05 5.845e-05 7.695e-05 8.08e-05 5.62e-05 7.975e-05 7.645e-05 5.59e-05 7.79e-05 5.585e-05 5.75e-05 5.66e-05 7.97e-05 7.91e-05 8e-05 5.815e-05 5.72e-05 5.585e-05 7.65e-05 5.72e-05 8.075e-05 7.915e-05 5.635e-05 0.0001083 5.685e-05 5.7e-05 5.6e-05 6.83e-05 5.705e-05 5.54e-05 7.645e-05 5.56e-05 5.685e-05 7.775e-05 5.855e-05 7.535e-05 7.8e-05 5.77e-05 7.795e-05 5.575e-05 5.59e-05 5.555e-05 5.685e-05 5.59e-05 5.48e-05 5.455e-05 7.845e-05 5.6e-05 5.615e-05 5.755e-05 5.69e-05 5.62e-05 8.005e-05 8.075e-05 5.645e-05 5.75e-05 5.925e-05 5.605e-05 5.65e-05 5.455e-05 9.515e-05 5.7e-05 5.79e-05 5.63e-05 5.525e-05 7.75e-05 5.6e-05 7.74e-05 5.67e-05 5.78e-05 5.69e-05 5.76e-05 5.75e-05 7.865e-05 5.545e-05 5.7e-05 7.91e-05 5.58e-05 8.025e-05 5.49e-05 5.67e-05 5.77e-05 5.595e-05 7.915e-05 5.615e-05 5.475e-05 7.925e-05 7.83e-05 5.535e-05 7.885e-05 7.915e-05 5.49e-05
29 7.98e-05 5.585e-05 5.4e-05 5.83e-05 3.515e-05 5.335e-05 3.39e-05 7.88e-05 5.64e-05 3.235e-05 5.5e-05 7.8e-05 5.555e-05 7.8e-05 5.625e-05 3.09e-05 5.765e-05 5.45e-05 5.405e-05 7.955e-05 3.265e-05 5.825e-05 5.675e-05 5.32e-05 5.825e-05 5.635e-05 5.48e-05 5.69e-05 5.685e-05 5.86e-05 3.17e-05 3.065e-05 4.285e-05 5.705e-05 5.6e-05 7.655e-05 8.17e-05 3.23e-05 5.41e-05 3.4e-05 7.66e-05 5.2e-05 3.28e-05 5.22e-05 5.71e-05 3.105e-05 8.18e-05 5.67e-05 5.69e-05 3.21e-05 5.71e-05 7.83e-05 5.735e-05 3.175e-05 3.245e-05 3.155e-05 3.025e-05 5.565e-05 5.635e-05 5.6e-05 3.31e-05 3.47e-05 5.74e-05 3.115e-05 8.15e-05 7.09e-05 5.7e-05 3.265e-05 5.57e-05 5.685e-05 0.0001027 3.075e-05 0.00010275 3.24e-05 3.35e-05 3.1e-05 5.865e-05 3.13e-05 5.475e-05 5.705e-05 5.7e-05 7.86e-05 5.715e-05 5.585e-05 8.185e-05 3.04e-05 5.815e-05 5.615e-05 5.375e-05 3.215e-05 8.17e-05 5.49e-05 7.98e-05 8.215e-05 5.36e-05 5.505e-05 5.665e-05
30 8.225e-05 3.185e-05 5.03e-05 5.975e-05 4.965e-05 4.26e-05 4.94e-05 7.09e-05 7.81e-05 4.675e-05 5.065e-05 7.085e-05 5.545e-05 0.0001019 3.27e-05 3.235e-05 5.07e-05 5.07e-05 5.09e-05 0.00010445 3.155e-05 5.97e-05 5.78e-05 6.725e-05 5.97e-05 7.805e-05 6.995e-05 3.195e-05 5.7e-05 3.17e-05 6.5e-06 2.885e-05 4.065e-05 3.37e-05 5.59e-05 0.00010035 6.11e-05 3.055e-05 6.74e-05 4.95e-05 7.525e-05 7.025e-05 2.24e-05 4.305e-05 5.03e-05 2.86e-05 6.15e-05 3.26e-05 5.765e-05 5.345e-05 5.725e-05 0.0001029 5.04e-05 2.845e-05 2.3e-05 2.165e-05 2.76e-05 6.9e-05 7.805e-05 3.275e-05 4.825e-05 5.82e-05 5.06e-05 2.17e-05 6.065e-05 7.105e-05 3.365e-05 3.13e-05 3.26e-05 5.72e-05 0.0001054 4.3e-06 0.00010545 4.68e-05 5.615e-05 4e-06 5.995e-05 4.99e-05 6.96e-05 5.725e-05 3.365e-05 7.765e-05 5.035e-05 6.92e-05 6.085e-05 4.2e-06 8.315e-05 3.245e-05 7.78e-05 4.655e-05 6.07e-05 7.005e-05 7.91e-05 6.07e-05 4.41e-05 6.85e-05 5.7e-05
31 8.34e-05 5.58e-05 5.14e-05 5.95e-05 3.24e-05 5.085e-05 3.24e-05 7.95e-05 5.495e-05 2.855e-05 5.275e-05 7.85e-05 5.43e-05 7.7e-05 5.64e-05 3.195e-05 5.81e-05 5.18e-05 5.155e-05 8.075e-05 3.06e-05 5.945e-05 5.585e-05 4.91e-05 5.945e-05 5.49e-05 5.31e-05 5.73e-05 5.6e-05 3.065e-05 2.885e-05 5.14e-05 3.91e-05 5.77e-05 5.575e-05 7.54e-05 8.55e-05 2.93e-05 5.02e-05 3.25e-05 7.695e-05 5.395e-05 3.06e-05 4.995e-05 5.78e-05 2.65e-05 8.56e-05 5.75e-05 5.62e-05 2.675e-05 5.625e-05 7.915e-05 5.805e-05 2.765e-05 2.98e-05 2.88e-05 2.675e-05 5.345e-05 5.49e-05 5.635e-05 3.055e-05 3.325e-05 5.81e-05 2.84e-05 8.49e-05 6.865e-05 5.765e-05 3.03e-05 5.605e-05 5.545e-05 0.0001062 2.765e-05 0.00010625 2.815e-05 3.01e-05 2.815e-05 5.985e-05 3.345e-05 5.265e-05 5.585e-05 5.765e-05 7.93e-05 5.785e-05 5.365e-05 8.525e-05 2.71e-05 5.815e-05 5.63e-05 5.53e-05 2.81e-05 8.51e-05 5.32e-05 8.055e-05 8.555e-05 5.135e-05 5.31e-05 5.535e-05
32 9.495e-05 6.77e-05 6.32e-05 7.145e-05 4.465e-05 5.005e-05 4.44e-05 7.91e-05 6.68e-05 4.11e-05 6.43e-05 7.795e-05 6.68e-05 8.94e-05 6.78e-05 4.335e-05 7e-05 6.36e-05 6.285e-05 9.26e-05 4.23e-05 7.14e-05 6.855e-05 4.96e-05 7.14e-05 6.675e-05 5.285e-05 6.895e-05 6.83e-05 4.285e-05 4.065e-05 3.91e-05 7.63e-05 6.9e-05 6.775e-05 8.765e-05 9.715e-05 4.145e-05 5.075e-05 4.45e-05 8.875e-05 5.34e-05 4.185e-05 4.975e-05 6.95e-05 3.925e-05 9.725e-05 6.915e-05 6.87e-05 3.99e-05 6.855e-05 9.085e-05 6.975e-05 4.015e-05 4.125e-05 4.075e-05 3.85e-05 6.525e-05 6.675e-05 6.825e-05 4.305e-05 4.56e-05 6.98e-05 4.035e-05 9.655e-05 8.03e-05 6.895e-05 4.2e-05 6.795e-05 6.825e-05 0.00011775 3.92e-05 0.0001178 4.11e-05 4.3e-05 3.955e-05 7.18e-05 4.515e-05 5.26e-05 6.845e-05 6.895e-05 9.075e-05 6.955e-05 6.545e-05 9.69e-05 3.875e-05 7.07e-05 6.77e-05 6.685e-05 4.09e-05 9.675e-05 5.295e-05 9.21e-05 9.72e-05 5.045e-05 6.47e-05 6.805e-05
33 7.8e-05 3.3e-05 7.885e-05 5.8e-05 7.54e-05 6.99e-05 7.49e-05 6.955e-05 0.00010325 7.425e-05 7.88e-05 6.87e-05 5.745e-05 0.0001019 3.28e-05 5.69e-05 5.01e-05 7.88e-05 7.79e-05 0.00010255 5.795e-05 5.745e-05 5.775e-05 9.375e-05 5.795e-05 0.0001032 9.41e-05 3.32e-05 5.705e-05 5.705e-05 3.37e-05 5.77e-05 6.9e-05 6.38e-05 5.615e-05 0.00010115 3.235e-05 5.805e-05 9.435e-05 7.5e-05 7.545e-05 9.29e-05 5.07e-05 6.915e-05 4.95e-05 5.77e-05 3.315e-05 3.375e-05 5.79e-05 8.18e-05 5.73e-05 0.0001021 4.96e-05 5.79e-05 4.95e-05 5e-05 5.6e-05 9.54e-05 0.0001032 3.315e-05 7.495e-05 8.35e-05 4.98e-05 4.96e-05 3.26e-05 9.85e-05 3.19e-05 5.81e-05 3.325e-05 5.745e-05 7.71e-05 3.285e-05 7.715e-05 7.45e-05 8.27e-05 3.33e-05 5.82e-05 7.39e-05 9.45e-05 5.75e-05 3.195e-05 7.805e-05 4.955e-05 9.56e-05 3.28e-05 3.315e-05 8.26e-05 3.255e-05 0.00010185 7.405e-05 3.265e-05 9.42e-05 7.805e-05 3.275e-05 6.85e-05 9.46e-05 5.725e-05
34 7.805e-05 5.45e-05 7.865e-05 5.725e-05 6.06e-05 7.775e-05 5.9e-05 7.685e-05 8.125e-05 5.68e-05 7.91e-05 7.645e-05 5.615e-05 7.835e-05 5.5e-05 5.685e-05 5.58e-05 7.905e-05 7.87e-05 8.045e-05 5.81e-05 5.72e-05 5.585e-05 7.76e-05 5.72e-05 8.12e-05 7.995e-05 5.525e-05 5.54e-05 5.6e-05 5.59e-05 5.575e-05 6.775e-05 5.615e-05 0.0001067 7.685e-05 5.48e-05 5.53e-05 7.83e-05 5.91e-05 7.43e-05 7.82e-05 5.715e-05 7.7e-05 5.55e-05 5.565e-05 5.475e-05 5.575e-05 5.595e-05 5.67e-05 5.565e-05 7.89e-05 5.575e-05 5.59e-05 5.725e-05 5.635e-05 5.44e-05 7.97e-05 8.12e-05 5.535e-05 5.76e-05 6.01e-05 5.58e-05 5.595e-05 5.375e-05 9.45e-05 5.61e-05 5.785e-05 5.52e-05 5.495e-05 7.705e-05 5.515e-05 7.685e-05 5.67e-05 5.86e-05 5.575e-05 5.76e-05 5.745e-05 7.96e-05 5.545e-05 5.61e-05 7.845e-05 5.54e-05 7.99e-05 5.385e-05 5.555e-05 5.905e-05 5.51e-05 7.9e-05 5.67e-05 5.395e-05 8.005e-05 7.795e-05 5.455e-05 7.875e-05 7.935e-05 5.5e-05
35 7.905e-05 0.0001 7.845e-05 7.805e-05 6.285e-05 0.00010475 6.175e-05 0.0001054 5.65e-05 5.975e-05 7.885e-05 0.0001048 7.545e-05 5.295e-05 0.00010045 7.73e-05 8.45e-05 7.875e-05 7.86e-05 5.495e-05 7.76e-05 7.805e-05 7.61e-05 8.03e-05 7.8e-05 5.645e-05 8.235e-05 0.00010065 7.645e-05 7.655e-05 0.00010035 7.54e-05 8.765e-05 0.00010115 7.685e-05 0.000102 0.00010075 7.595e-05 8.105e-05 6.185e-05 7.84e-05 8.165e-05 8.45e-05 0.000104 8.42e-05 7.55e-05 0.0001008 0.00010055 7.63e-05 5.2e-05 7.67e-05 5.34e-05 8.445e-05 7.58e-05 8.465e-05 8.38e-05 7.63e-05 6.26e-05 5.645e-05 0.0001002 6.065e-05 5.53e-05 8.45e-05 8.34e-05 0.0001005 7.54e-05 0.0001011 7.78e-05 9.995e-05 7.62e-05 7.735e-05 9.97e-05 7.74e-05 5.96e-05 5.36e-05 0.0001 7.84e-05 6.125e-05 8.245e-05 7.64e-05 0.0001011 7.795e-05 8.425e-05 6.28e-05 0.00010085 9.975e-05 5.365e-05 0.0001004 5.535e-05 5.96e-05 0.0001007 8.245e-05 7.89e-05 0.00010115 0.0001055 6.25e-05 7.595e-05
36 7.355e-05 3.225e-05 0.0001062 5.585e-05 0.0001037 9.775e-05 0.0001009 6.79e-05 0.00012975 0.0001007 0.00010605 6.795e-05 5.81e-05 0.0001023 3.23e-05 8.24e-05 4.775e-05 0.0001067 0.0001061 0.00010245 8.565e-05 5.58e-05 5.61e-05 0.0001214 5.58e-05 0.0001297 0.0001215 3.14e-05 5.56e-05 8.17e-05 6.11e-05 8.55e-05 9.715e-05 3.235e-05 5.48e-05 0.00010075 2.2e-06 8.405e-05 0.00012135 0.000101 7.335e-05 0.00011765 7.74e-05 9.765e-05 4.735e-05 8.56e-05 2.8e-06 3.255e-05 5.645e-05 0.000109 5.585e-05 0.0001011 4.74e-05 8.515e-05 7.82e-05 7.74e-05 8.45e-05 0.00012175 0.0001297 3.17e-05 0.0001003 0.00010915 4.765e-05 7.695e-05 2.3e-06 0.00012515 3.23e-05 8.57e-05 3.27e-05 5.58e-05 4.885e-05 6.1e-05 4.89e-05 0.00010085 0.0001092 6.175e-05 5.6e-05 9.725e-05 0.00012155 5.58e-05 3.235e-05 7.84e-05 4.74e-05 0.00012195 2.45e-06 6.225e-05 8.185e-05 3.17e-05 0.0001258 0.00010055 2.3e-06 0.0001216 7.64e-05 2e-06 9.875e-05 0.0001211 5.56e-05
37 8.24e-05 5.675e-05 5.24e-05 5.94e-05 3.185e-05 5.15e-05 3.125e-05 7.855e-05 5.5e-05 2.815e-05 5.36e-05 7.75e-05 5.68e-05 7.75e-05 5.75e-05 3.35e-05 5.51e-05 5.29e-05 5.28e-05 8.06e-05 3.275e-05 5.935e-05 5.655e-05 4.98e-05 5.935e-05 5.495e-05 5.315e-05 5.8e-05 5.685e-05 3.23e-05 3.055e-05 2.93e-05 4.145e-05 5.805e-05 5.53e-05 7.595e-05 8.405e-05 5.17e-05 5.13e-05 3.135e-05 7.69e-05 5.33e-05 3.005e-05 4.845e-05 5.56e-05 2.915e-05 8.415e-05 5.78e-05 5.635e-05 2.94e-05 5.71e-05 7.92e-05 5.585e-05 3.005e-05 3.005e-05 2.87e-05 2.875e-05 5.07e-05 5.495e-05 5.7e-05 2.955e-05 3.48e-05 5.59e-05 2.83e-05 8.375e-05 6.91e-05 5.8e-05 3.28e-05 5.66e-05 5.635e-05 0.0001048 2.955e-05 0.0001048 2.74e-05 3.205e-05 3.115e-05 5.975e-05 3.16e-05 5.3e-05 5.675e-05 5.8e-05 7.915e-05 5.55e-05 5.09e-05 8.395e-05 3.03e-05 5.96e-05 5.745e-05 5.505e-05 2.81e-05 8.395e-05 5.325e-05 7.955e-05 8.44e-05 5.185e-05 5.105e-05 5.625e-05
38 0.0001021 9.415e-05 7.23e-05 7.965e-05 3.71e-05 5.09e-05 3.725e-05 7.7e-05 5.73e-05 3.5e-05 7.17e-05 7.81e-05 7.725e-05 8.185e-05 9.46e-05 5.46e-05 7.9e-05 7.225e-05 7.195e-05 8.41e-05 5.28e-05 7.915e-05 7.74e-05 3.415e-05 7.96e-05 5.725e-05 3.67e-05 9.415e-05 7.775e-05 5.41e-05 6.74e-05 5.02e-05 5.075e-05 9.435e-05 7.83e-05 8.105e-05 0.00012135 5.13e-05 6.61e-05 3.735e-05 9.79e-05 3.835e-05 5.205e-05 5.205e-05 7.865e-05 5.045e-05 0.00012145 9.405e-05 7.765e-05 3.41e-05 7.8e-05 8.36e-05 7.89e-05 5.01e-05 5.185e-05 5.185e-05 5.135e-05 5.645e-05 5.725e-05 9.44e-05 3.65e-05 3.82e-05 7.895e-05 5.145e-05 0.00012105 8.67e-05 9.43e-05 5.295e-05 9.41e-05 7.74e-05 0.00012545 6.74e-05 0.0001255 3.475e-05 3.58e-05 6.71e-05 8e-05 3.91e-05 3.655e-05 7.735e-05 9.43e-05 9.84e-05 7.87e-05 5.665e-05 0.0001214 6.75e-05 6.29e-05 9.455e-05 5.865e-05 3.47e-05 0.00012125 3.68e-05 9.88e-05 0.0001217 5.145e-05 5.615e-05 7.72e-05
39 8.255e-05 7.5e-05 5.435e-05 5.735e-05 1.585e-05 5.3e-05 1.365e-05 7.965e-05 3.64e-05 1.525e-05 5.48e-05 7.87e-05 5.84e-05 6.275e-05 7.53e-05 3.465e-05 5.845e-05 5.465e-05 5.41e-05 6.14e-05 3.11e-05 5.785e-05 5.815e-05 3.62e-05 5.73e-05 3.64e-05 3.49e-05 7.57e-05 5.855e-05 3.4e-05 4.95e-05 3.25e-05 4.45e-05 7.5e-05 5.91e-05 6.185e-05 0.000101 3.135e-05 3.735e-05 2.71e-05 7.96e-05 3.795e-05 3.235e-05 5.125e-05 5.745e-05 3.26e-05 0.0001008 7.52e-05 5.865e-05 1.62e-05 5.88e-05 6.105e-05 5.77e-05 3.295e-05 3.185e-05 3.14e-05 3.275e-05 3.745e-05 3.64e-05 7.48e-05 1.515e-05 1.42e-05 5.79e-05 3.115e-05 0.00010115 7.03e-05 7.495e-05 3.16e-05 7.455e-05 5.89e-05 0.00010505 4.865e-05 0.0001051 1.56e-05 1.495e-05 4.925e-05 5.77e-05 1.705e-05 3.52e-05 5.91e-05 7.495e-05 7.98e-05 5.735e-05 3.765e-05 0.0001015 4.895e-05 4.09e-05 7.525e-05 3.97e-05 1.49e-05 0.00010135 3.5e-05 8.045e-05 0.0001018 5.26e-05 3.64e-05 5.87e-05
40 7.675e-05 7.405e-05 7.8e-05 7.675e-05 8.14e-05 9.695e-05 7.95e-05 9.47e-05 8.065e-05 7.805e-05 7.725e-05 9.55e-05 7.635e-05 7.995e-05 7.41e-05 7.71e-05 7.55e-05 7.84e-05 7.755e-05 8.13e-05 7.84e-05 7.67e-05 7.615e-05 9.895e-05 7.67e-05 8.06e-05 0.00010035 7.36e-05 7.535e-05 7.66e-05 7.525e-05 7.695e-05 8.875e-05 7.545e-05 7.43e-05 7.84e-05 7.335e-05 7.69e-05 9.79e-05 7.96e-05 0.0001438 9.865e-05 7.635e-05 9.75e-05 7.465e-05 7.715e-05 7.33e-05 7.41e-05 7.645e-05 7.85e-05 7.535e-05 7.975e-05 7.515e-05 7.62e-05 7.72e-05 7.675e-05 7.57e-05 7.92e-05 8.06e-05 7.49e-05 7.835e-05 8.08e-05 7.5e-05 7.635e-05 7.2e-05 7.64e-05 7.54e-05 7.815e-05 7.475e-05 7.555e-05 7.69e-05 7.54e-05 7.68e-05 7.815e-05 8e-05 7.475e-05 7.725e-05 7.8e-05 0.0001001 7.575e-05 7.54e-05 7.74e-05 7.495e-05 7.94e-05 7.265e-05 7.565e-05 7.935e-05 7.43e-05 7.85e-05 7.785e-05 7.235e-05 0.00010045 7.63e-05 7.31e-05 9.88e-05 7.85e-05 7.535e-05
