 slim_337568351 slim_337568412 slim_337568356 slim_337568216 slim_337568444 slim_337568366 slim_337568333 slim_337568386 slim_337568291 slim_337568420 slim_337568360 slim_337568215 slim_337568431 slim_337568448 slim_337568452 slim_337568307 slim_337568429 slim_337568442 slim_337568113 slim_337568296 slim_337568344 slim_337568322 slim_337568314 slim_337568410 slim_337568406 slim_337568213 slim_337568439 slim_337568383 slim_337568437 slim_337568387 slim_337568313 slim_337568371 slim_337568320 slim_337568165 slim_337568355 slim_337568251 slim_337568415 slim_337568378 slim_337568340 slim_337568403 slim_337568413 slim_337568205 slim_337568435 slim_337568040 slim_337568347 slim_337568385 slim_337568451 slim_337568375 slim_337568346 slim_337568405 slim_337568416 slim_337568400 slim_337568398 slim_337568430 slim_337568447 slim_337568250 slim_337568395 slim_337568363 slim_337568427 slim_337568432 slim_337568443 slim_337568045 slim_337568433 slim_337568361 slim_337568324 slim_337568280 slim_337568408 slim_337568286 slim_337568034 slim_337568220 slim_337568303 slim_337568233 slim_337568357 slim_337568358 slim_337568422 slim_337568230 slim_337568162 slim_337568396 slim_337568426 slim_337568298 slim_337568283 slim_337568362 slim_337568389 slim_337568399 slim_337568330 slim_337568377 slim_337568345 slim_337568336 slim_337568210 slim_337568445 slim_337568373 slim_337568424 slim_337568450 slim_337568292 slim_337568277 slim_337568414 slim_337568436 slim_337568381 slim_337568397 slim_337568372
0 5.3e-05 6.185e-05 6.085e-05 9.545e-05 6.2e-05 9.61e-05 6.105e-05 5.95e-05 6.28e-05 9.61e-05 2.83e-05 3.285e-05 2.725e-05 9.585e-05 6.31e-05 2.675e-05 9.22e-05 2.66e-05 6.215e-05 9.33e-05 5.975e-05 9.79e-05 6.03e-05 6.195e-05 6.225e-05 6.055e-05 5.975e-05 6.53e-05 9.37e-05 6.205e-05 9.39e-05 9.735e-05 6.065e-05 6.32e-05 6.46e-05 6.295e-05 6.32e-05 7.695e-05 6.255e-05 2.905e-05 2.835e-05 6.46e-05 3.22e-05 6.465e-05 3.06e-05 3.025e-05 0.00010335 6.335e-05 9.365e-05 6.265e-05 6.155e-05 6.495e-05 6.08e-05 3.22e-05 6.07e-05 6.39e-05 9.335e-05 6.275e-05 6.265e-05 9.8e-05 5.955e-05 9.31e-05 2.93e-05 6.195e-05 2.945e-05 2.665e-05 3.095e-05 6.345e-05 6.065e-05 3.9e-05 3.045e-05 6.055e-05 9.61e-05 6.225e-05 3.85e-05 6.075e-05 6.46e-05 6.095e-05 9.335e-05 6.16e-05 6.29e-05 6.24e-05 6.365e-05 6.345e-05 5.935e-05 7.08e-05 6.43e-05 3.2e-05 2.815e-05 2.93e-05 2.925e-05 5.995e-05 6.36e-05 7.05e-05 6.035e-05 2.92e-05 9.545e-05 6.315e-05 2.79e-05 9.4e-05
1 6.185e-05 9.67e-05 9.235e-05 9.225e-05 9.45e-05 9.605e-05 0.000102 9.315e-05 7e-05 9.605e-05 5.88e-05 7.52e-05 4.885e-05 9.58e-05 0.00010825 4.865e-05 0.0001341 4.88e-05 0.0001048 0.00013705 9.34e-05 5.555e-05 0.00010565 0.0001033 0.0001036 9.27e-05 0.00010605 6.315e-05 0.0001365 0.0001034 0.00013635 5.24e-05 9.26e-05 0.000104 6.055e-05 0.0001039 0.00010485 0.00010425 5.195e-05 5.975e-05 5.995e-05 6.335e-05 7.185e-05 6.32e-05 7.095e-05 6.165e-05 8.725e-05 0.00010385 0.00013705 0.0001049 4.895e-05 6.35e-05 9.36e-05 7.165e-05 9.225e-05 0.0001072 0.00013675 0.00010365 5.835e-05 5.565e-05 9.155e-05 0.0001355 6.09e-05 0.0001031 6.02e-05 4.885e-05 7.015e-05 0.00010765 0.00010265 8.055e-05 6.985e-05 0.0001055 9.605e-05 0.0001036 8.225e-05 9.255e-05 6.355e-05 9.32e-05 0.00013675 9.435e-05 6.47e-05 5.2e-05 7.035e-05 6.095e-05 9.245e-05 0.00011325 6.46e-05 7.175e-05 5.875e-05 6.02e-05 6.015e-05 9.28e-05 0.0001041 9.53e-05 9.265e-05 7.3e-05 9.26e-05 6.47e-05 5.86e-05 0.00013645
2 6.085e-05 9.235e-05 9.22e-05 9.21e-05 5.785e-05 9.415e-05 4.985e-05 5.95e-05 9.46e-05 9.415e-05 4.83e-05 5.835e-05 4.725e-05 9.39e-05 6.9e-05 4.685e-05 4.815e-05 4.755e-05 6.02e-05 5.96e-05 5.975e-05 0.0001406 6.905e-05 5.08e-05 4.785e-05 4.765e-05 7.265e-05 0.00010085 4.91e-05 5.09e-05 4.835e-05 0.00013935 4.755e-05 4.885e-05 9.455e-05 4.885e-05 4.86e-05 8.055e-05 9.35e-05 4.83e-05 4.835e-05 9.545e-05 5.06e-05 9.53e-05 4.985e-05 5.7e-05 0.0001108 4.845e-05 5.9e-05 5.75e-05 9.3e-05 9.56e-05 4.885e-05 5.08e-05 4.67e-05 5.655e-05 5.93e-05 4.875e-05 9.305e-05 0.0001407 4.845e-05 4.865e-05 4.85e-05 5.055e-05 4.915e-05 4.76e-05 4.985e-05 5.845e-05 4.99e-05 5.775e-05 4.925e-05 6.01e-05 9.415e-05 4.785e-05 5.87e-05 4.75e-05 9.56e-05 4.705e-05 5.93e-05 4.795e-05 0.00010365 9.34e-05 9.475e-05 0.0001032 4.9e-05 5.03e-05 0.0001045 4.975e-05 4.825e-05 4.915e-05 4.91e-05 4.92e-05 4.89e-05 6.59e-05 4.76e-05 6.215e-05 9.305e-05 0.00010365 4.78e-05 4.905e-05
3 9.545e-05 9.225e-05 9.21e-05 0.0001798 9.265e-05 9.41e-05 9.405e-05 9.33e-05 9.475e-05 9.41e-05 9.405e-05 9.405e-05 9.375e-05 9.385e-05 9.455e-05 9.34e-05 9.28e-05 9.255e-05 9.32e-05 9.28e-05 9.355e-05 9.67e-05 9.55e-05 9.495e-05 9.245e-05 9.205e-05 9.605e-05 9.14e-05 9.235e-05 9.505e-05 9.16e-05 9.375e-05 9.195e-05 9.355e-05 9.37e-05 9.22e-05 9.21e-05 9.385e-05 9.555e-05 9.38e-05 9.355e-05 9.625e-05 9.35e-05 9.615e-05 9.47e-05 9.315e-05 9.545e-05 9.315e-05 9.22e-05 9.45e-05 9.16e-05 9.645e-05 9.29e-05 9.64e-05 9.255e-05 9.27e-05 9.25e-05 9.215e-05 9.045e-05 9.68e-05 9.38e-05 9.19e-05 9.415e-05 9.47e-05 9.445e-05 9.26e-05 9.59e-05 9.405e-05 9.425e-05 9.475e-05 9.355e-05 9.41e-05 9.41e-05 9.245e-05 9.565e-05 9.19e-05 9.515e-05 9.29e-05 9.25e-05 9.165e-05 9.685e-05 9.54e-05 9.44e-05 9.42e-05 9.43e-05 9.345e-05 9.765e-05 9.425e-05 9.4e-05 9.445e-05 9.44e-05 9.305e-05 9.36e-05 9.53e-05 9.2e-05 9.575e-05 9.085e-05 9.685e-05 9.18e-05 9.23e-05
4 6.2e-05 9.45e-05 5.785e-05 9.265e-05 0.0001061 9.435e-05 5.545e-05 6.06e-05 9.415e-05 9.435e-05 5.91e-05 5.67e-05 5.885e-05 9.41e-05 6.15e-05 5.85e-05 5.635e-05 5.75e-05 5.975e-05 5.99e-05 6.085e-05 0.00013265 6.275e-05 5.64e-05 5.7e-05 5.68e-05 6.495e-05 9.35e-05 5.455e-05 5.65e-05 5.47e-05 0.0001312 5.71e-05 5.715e-05 9.44e-05 5.5e-05 5.58e-05 7.86e-05 9.615e-05 5.695e-05 5.755e-05 9.545e-05 5.455e-05 9.535e-05 5.785e-05 5.52e-05 0.0001015 5.745e-05 6.015e-05 5.89e-05 9.37e-05 9.565e-05 5.54e-05 5.885e-05 5.785e-05 5.75e-05 6e-05 5.535e-05 9.195e-05 0.00013275 5.685e-05 5.515e-05 5.735e-05 5.635e-05 5.815e-05 5.755e-05 5.97e-05 5.61e-05 5.57e-05 5.8e-05 5.665e-05 6.13e-05 9.435e-05 5.7e-05 5.89e-05 5.705e-05 9.365e-05 5.77e-05 6e-05 5.57e-05 9.725e-05 9.6e-05 9.345e-05 9.52e-05 5.63e-05 5.425e-05 9.7e-05 5.72e-05 5.905e-05 5.815e-05 5.81e-05 5.545e-05 5.785e-05 6.46e-05 5.675e-05 6.035e-05 9.275e-05 9.725e-05 5.615e-05 5.49e-05
5 9.61e-05 9.605e-05 9.415e-05 9.41e-05 9.435e-05 0.0001809 9.52e-05 9.46e-05 9.315e-05 9.065e-05 9.635e-05 9.475e-05 9.675e-05 9.065e-05 9.305e-05 9.64e-05 9.32e-05 9.69e-05 9.34e-05 9.15e-05 9.485e-05 9.055e-05 9.435e-05 9.44e-05 9.235e-05 9.375e-05 9.365e-05 9.395e-05 9.145e-05 9.45e-05 9.235e-05 9.33e-05 9.46e-05 9.36e-05 9.61e-05 9.33e-05 9.31e-05 9.26e-05 9.34e-05 9.555e-05 9.465e-05 9.32e-05 9.615e-05 9.305e-05 9.46e-05 9.425e-05 9.26e-05 9.42e-05 9.255e-05 9.25e-05 9.655e-05 9.335e-05 9.44e-05 9.615e-05 9.395e-05 9.265e-05 9.22e-05 9.365e-05 9.53e-05 9.085e-05 9.46e-05 9.245e-05 9.475e-05 9.455e-05 9.65e-05 9.695e-05 9.59e-05 9.295e-05 9.385e-05 9.535e-05 9.53e-05 9.38e-05 9.075e-05 9.235e-05 9.65e-05 9.465e-05 9.31e-05 9.355e-05 9.22e-05 9.275e-05 9.36e-05 9.325e-05 9.39e-05 9.42e-05 9.355e-05 9.41e-05 9.155e-05 9.52e-05 9.63e-05 9.65e-05 9.645e-05 9.475e-05 9.445e-05 9.53e-05 9.375e-05 9.515e-05 9.34e-05 9.34e-05 9.585e-05 9.23e-05
6 6.105e-05 0.000102 4.985e-05 9.405e-05 5.545e-05 9.52e-05 6.83e-05 6.225e-05 8.51e-05 9.52e-05 4.925e-05 4.795e-05 5.79e-05 9.495e-05 6.455e-05 5.755e-05 3.835e-05 5.75e-05 5.33e-05 5.495e-05 6.25e-05 0.00014755 6.24e-05 3.99e-05 4.055e-05 5.02e-05 6.575e-05 0.00010255 4.32e-05 4e-05 4.285e-05 0.00014705 5.02e-05 3.97e-05 9.225e-05 3.825e-05 4.155e-05 7.27e-05 0.00010265 4.625e-05 4.8e-05 9.22e-05 3.425e-05 9.225e-05 4.08e-05 5.275e-05 0.00011615 3.985e-05 5.475e-05 5.09e-05 0.00010195 9.255e-05 5.15e-05 3.775e-05 5e-05 5.2e-05 5.475e-05 3.87e-05 9.225e-05 0.00014765 4.98e-05 4.23e-05 4.92e-05 3.97e-05 4.76e-05 5.755e-05 3.93e-05 5.275e-05 3.74e-05 4.835e-05 3.795e-05 5.33e-05 9.52e-05 4.055e-05 4.925e-05 5.015e-05 9.135e-05 5.03e-05 5.475e-05 4.935e-05 0.00010265 0.0001025 8.3e-05 0.00010255 4.985e-05 4.185e-05 0.00010335 3.855e-05 4.92e-05 4.76e-05 4.755e-05 5.07e-05 4.04e-05 6.125e-05 5.015e-05 4.975e-05 9.46e-05 0.0001027 4.8e-05 4.325e-05
7 5.95e-05 9.315e-05 5.95e-05 9.33e-05 6.06e-05 9.46e-05 6.225e-05 0.000114 9.415e-05 9.46e-05 5.955e-05 6.01e-05 5.855e-05 9.435e-05 5.8e-05 5.82e-05 6.12e-05 5.715e-05 5.915e-05 5.815e-05 5.74e-05 0.00013 5.99e-05 6.23e-05 6.11e-05 5.815e-05 5.93e-05 9.305e-05 5.95e-05 6.24e-05 5.985e-05 0.00012865 5.85e-05 6.175e-05 9.595e-05 6.015e-05 6.04e-05 7.46e-05 9.465e-05 6.035e-05 5.975e-05 9.69e-05 6.17e-05 9.68e-05 6.13e-05 6.175e-05 0.00010365 6.205e-05 5.865e-05 6.13e-05 9.22e-05 9.71e-05 5.86e-05 6.44e-05 5.93e-05 5.895e-05 5.83e-05 6.055e-05 9.315e-05 0.0001301 5.98e-05 5.995e-05 5.995e-05 6.225e-05 6.07e-05 5.72e-05 6.315e-05 5.93e-05 6.17e-05 6.165e-05 6.18e-05 6.075e-05 9.46e-05 6.11e-05 6.24e-05 5.855e-05 9.59e-05 5.96e-05 5.83e-05 5.93e-05 9.63e-05 9.45e-05 9.515e-05 9.475e-05 5.965e-05 6.07e-05 9.64e-05 6.27e-05 5.96e-05 6.08e-05 6.075e-05 5.87e-05 6.23e-05 7.085e-05 5.82e-05 6.16e-05 9.315e-05 9.64e-05 5.83e-05 5.98e-05
8 6.28e-05 7e-05 9.46e-05 9.475e-05 9.415e-05 9.315e-05 8.51e-05 9.415e-05 9.66e-05 9.315e-05 6.02e-05 5.74e-05 7.005e-05 9.285e-05 8.93e-05 6.97e-05 0.0001172 6.975e-05 8.735e-05 0.00011855 9.44e-05 6.775e-05 8.815e-05 8.465e-05 8.54e-05 9.415e-05 8.705e-05 6.51e-05 0.00011765 8.475e-05 0.0001182 6.915e-05 9.475e-05 8.62e-05 6.23e-05 8.655e-05 8.705e-05 8.375e-05 6.875e-05 6.1e-05 6.055e-05 6.085e-05 5.52e-05 6.045e-05 5.24e-05 6.125e-05 0.00010135 8.665e-05 0.00011925 8.665e-05 7.005e-05 6.07e-05 9.425e-05 5.39e-05 9.445e-05 8.94e-05 0.00011895 8.585e-05 6.215e-05 6.775e-05 9.29e-05 0.0001174 6.2e-05 8.485e-05 6.18e-05 6.98e-05 5.22e-05 8.835e-05 8.46e-05 6.37e-05 5.395e-05 8.765e-05 9.31e-05 8.54e-05 6.64e-05 9.47e-05 6.005e-05 9.385e-05 0.00011895 9.455e-05 6.28e-05 6.86e-05 5.11e-05 6.185e-05 9.165e-05 9.56e-05 6.08e-05 5.49e-05 6.015e-05 6.18e-05 6.175e-05 9.345e-05 8.69e-05 9.44e-05 9.41e-05 5.4e-05 9.44e-05 6.28e-05 6.205e-05 0.0001183
9 9.61e-05 9.605e-05 9.415e-05 9.41e-05 9.435e-05 9.065e-05 9.52e-05 9.46e-05 9.315e-05 0.0001809 9.635e-05 9.475e-05 9.675e-05 9.065e-05 9.305e-05 9.64e-05 9.32e-05 9.69e-05 9.34e-05 9.15e-05 9.485e-05 9.075e-05 9.435e-05 9.44e-05 9.235e-05 9.375e-05 9.365e-05 9.395e-05 9.145e-05 9.45e-05 9.235e-05 9.325e-05 9.46e-05 9.36e-05 9.61e-05 9.33e-05 9.31e-05 9.26e-05 9.34e-05 9.555e-05 9.465e-05 9.32e-05 9.615e-05 9.3e-05 9.46e-05 9.425e-05 9.26e-05 9.42e-05 9.255e-05 9.265e-05 9.655e-05 9.335e-05 9.44e-05 9.615e-05 9.395e-05 9.265e-05 9.22e-05 9.365e-05 9.53e-05 9.085e-05 9.46e-05 9.245e-05 9.475e-05 9.455e-05 9.65e-05 9.695e-05 9.59e-05 9.295e-05 9.385e-05 9.535e-05 9.53e-05 9.38e-05 9.075e-05 9.235e-05 9.65e-05 9.465e-05 9.31e-05 9.355e-05 9.22e-05 9.275e-05 9.355e-05 9.325e-05 9.39e-05 9.435e-05 9.355e-05 9.41e-05 9.185e-05 9.52e-05 9.63e-05 9.65e-05 9.645e-05 9.475e-05 9.445e-05 9.535e-05 9.375e-05 9.515e-05 9.34e-05 9.36e-05 9.585e-05 9.23e-05
10 2.83e-05 5.88e-05 4.83e-05 9.405e-05 5.91e-05 9.635e-05 4.925e-05 5.955e-05 6.02e-05 9.635e-05 2.48e-05 3.05e-05 1.31e-05 9.61e-05 7.445e-05 1.275e-05 8.145e-05 1.255e-05 6.33e-05 9.54e-05 5.99e-05 0.0001086 7.17e-05 5.03e-05 5.065e-05 4.83e-05 7.515e-05 7.24e-05 8.445e-05 5.04e-05 8.43e-05 0.00010675 4.83e-05 5.075e-05 6.12e-05 5.135e-05 5.265e-05 8.15e-05 6.08e-05 1.525e-05 1.505e-05 6.295e-05 1.92e-05 6.255e-05 1.685e-05 2.535e-05 0.000111 5.045e-05 9.54e-05 6.005e-05 5.87e-05 6.285e-05 4.975e-05 1.73e-05 4.815e-05 6.26e-05 9.51e-05 5.06e-05 6.06e-05 0.0001087 4.805e-05 8.345e-05 1.71e-05 5.01e-05 1.485e-05 1.26e-05 1.475e-05 6.345e-05 5.025e-05 3.49e-05 1.69e-05 6.38e-05 9.635e-05 5.065e-05 3.72e-05 4.825e-05 6.325e-05 4.92e-05 9.51e-05 5.055e-05 7.27e-05 6.065e-05 6.16e-05 7.035e-05 4.885e-05 6.09e-05 7.25e-05 1.85e-05 1.255e-05 1.495e-05 1.49e-05 4.89e-05 5.07e-05 6.535e-05 4.835e-05 3.07e-05 9.44e-05 7.27e-05 1.465e-05 8.44e-05
11 3.285e-05 7.52e-05 5.835e-05 9.405e-05 5.67e-05 9.475e-05 4.795e-05 6.01e-05 5.74e-05 9.475e-05 3.05e-05 3.25e-05 3.88e-05 9.45e-05 4.96e-05 3.845e-05 7.855e-05 3.76e-05 5.225e-05 7.995e-05 6.035e-05 0.00011225 5.27e-05 5.025e-05 4.935e-05 5.745e-05 5.52e-05 6.39e-05 7.765e-05 5.035e-05 7.775e-05 0.00011175 5.775e-05 4.94e-05 6.68e-05 4.65e-05 4.94e-05 6.99e-05 7.585e-05 2.865e-05 2.935e-05 6.69e-05 1.635e-05 6.68e-05 2.22e-05 2.805e-05 0.00011085 4.97e-05 8.02e-05 4.98e-05 7.435e-05 6.71e-05 5.785e-05 2.215e-05 5.835e-05 4.675e-05 8.005e-05 4.775e-05 6.515e-05 0.00011235 5.895e-05 7.795e-05 3.025e-05 5.02e-05 2.985e-05 3.765e-05 2.27e-05 4.725e-05 5.03e-05 2.685e-05 2.07e-05 5.27e-05 9.475e-05 4.935e-05 2.775e-05 5.77e-05 6.525e-05 5.82e-05 8.005e-05 5.68e-05 6.755e-05 7.57e-05 5.705e-05 6.63e-05 5.84e-05 5.505e-05 6.71e-05 2.19e-05 3.045e-05 2.985e-05 2.98e-05 5.8e-05 5.01e-05 6.58e-05 5.74e-05 2.295e-05 9.415e-05 6.755e-05 2.86e-05 7.8e-05
12 2.725e-05 4.885e-05 4.725e-05 9.375e-05 5.885e-05 9.675e-05 5.79e-05 5.855e-05 7.005e-05 9.675e-05 1.31e-05 3.88e-05 4.3e-06 9.65e-05 8.25e-05 2.35e-06 9.005e-05 2.4e-06 7.14e-05 0.00010365 5.845e-05 0.00010095 7.98e-05 5.965e-05 5.96e-05 4.75e-05 8.325e-05 7.19e-05 9.29e-05 5.975e-05 9.275e-05 9.84e-05 4.74e-05 5.995e-05 6.18e-05 5.985e-05 6.095e-05 9.03e-05 5.155e-05 1.46e-05 1.475e-05 6.4e-05 2.775e-05 6.385e-05 2.655e-05 2.56e-05 0.0001031 5.98e-05 0.00010365 6.855e-05 4.905e-05 6.415e-05 4.885e-05 2.755e-05 4.715e-05 7.085e-05 0.00010335 5.96e-05 5.935e-05 0.00010105 4.685e-05 9.19e-05 1.59e-05 5.945e-05 1.495e-05 2.45e-06 2.56e-05 7.17e-05 5.87e-05 4.405e-05 2.53e-05 7.21e-05 9.675e-05 5.96e-05 4.575e-05 4.7e-05 6.42e-05 4.815e-05 0.00010335 5e-05 7.295e-05 5.16e-05 7.085e-05 7.01e-05 4.78e-05 6.96e-05 7.295e-05 2.77e-05 1.305e-05 1.495e-05 1.49e-05 4.8e-05 6.005e-05 6.64e-05 4.745e-05 3.955e-05 9.41e-05 7.295e-05 1.29e-05 9.285e-05
13 9.585e-05 9.58e-05 9.39e-05 9.385e-05 9.41e-05 9.065e-05 9.495e-05 9.435e-05 9.285e-05 9.065e-05 9.61e-05 9.45e-05 9.65e-05 0.0001804 9.28e-05 9.615e-05 9.295e-05 9.665e-05 9.315e-05 9.145e-05 9.46e-05 9.04e-05 9.41e-05 9.415e-05 9.21e-05 9.375e-05 9.34e-05 9.38e-05 9.14e-05 9.425e-05 9.21e-05 9.305e-05 9.435e-05 9.335e-05 9.585e-05 9.3e-05 9.285e-05 9.23e-05 9.3e-05 9.53e-05 9.44e-05 9.285e-05 9.59e-05 9.28e-05 9.435e-05 9.4e-05 9.24e-05 9.395e-05 9.23e-05 9.24e-05 9.63e-05 9.3e-05 9.415e-05 9.59e-05 9.37e-05 9.24e-05 9.195e-05 9.34e-05 9.505e-05 9.035e-05 9.435e-05 9.22e-05 9.45e-05 9.43e-05 9.625e-05 9.67e-05 9.565e-05 9.27e-05 9.36e-05 9.51e-05 9.505e-05 9.355e-05 9.055e-05 9.21e-05 9.625e-05 9.44e-05 9.275e-05 9.33e-05 9.195e-05 9.27e-05 9.335e-05 9.285e-05 9.36e-05 9.41e-05 9.33e-05 9.385e-05 9.16e-05 9.495e-05 9.605e-05 9.625e-05 9.62e-05 9.45e-05 9.42e-05 9.51e-05 9.37e-05 9.49e-05 9.335e-05 9.335e-05 9.56e-05 9.205e-05
14 6.31e-05 0.00010825 6.9e-05 9.455e-05 6.15e-05 9.305e-05 6.455e-05 5.8e-05 8.93e-05 9.305e-05 7.445e-05 4.96e-05 8.25e-05 9.28e-05 6.83e-05 8.215e-05 5.96e-05 8.18e-05 4.94e-05 4.415e-05 5.825e-05 0.00013195 4.07e-05 6.27e-05 6.005e-05 6.8e-05 3.92e-05 8.57e-05 5.465e-05 6.28e-05 5.535e-05 0.0001328 6.86e-05 6.11e-05 0.00010095 5.935e-05 5.89e-05 6.4e-05 0.0001073 7.39e-05 7.325e-05 9.97e-05 6.515e-05 9.96e-05 6.45e-05 6.61e-05 0.0001048 6.17e-05 4.505e-05 5.105e-05 0.0001079 9.99e-05 6.735e-05 6.805e-05 6.88e-05 4.455e-05 4.47e-05 6.025e-05 9.92e-05 0.00013205 7.02e-05 5.635e-05 7.23e-05 6.28e-05 7.49e-05 8.185e-05 6.75e-05 4.475e-05 6.295e-05 5.37e-05 6.625e-05 4.99e-05 9.305e-05 6.005e-05 5.35e-05 6.865e-05 9.875e-05 6.825e-05 4.465e-05 6.745e-05 8.95e-05 0.00010715 9.06e-05 9.01e-05 6.905e-05 5.725e-05 8.93e-05 6.62e-05 7.44e-05 7.49e-05 7.485e-05 6.865e-05 6.195e-05 7.285e-05 6.795e-05 5.48e-05 9.405e-05 8.96e-05 7.33e-05 5.53e-05
15 2.675e-05 4.865e-05 4.685e-05 9.34e-05 5.85e-05 9.64e-05 5.755e-05 5.82e-05 6.97e-05 9.64e-05 1.275e-05 3.845e-05 2.35e-06 9.615e-05 8.215e-05 3.6e-06 8.97e-05 1.9e-06 7.105e-05 0.0001033 5.845e-05 0.0001006 7.945e-05 5.93e-05 5.925e-05 4.715e-05 8.29e-05 7.155e-05 9.255e-05 5.94e-05 9.24e-05 9.805e-05 4.69e-05 5.96e-05 6.145e-05 5.95e-05 6.06e-05 8.995e-05 5.135e-05 1.44e-05 1.44e-05 6.365e-05 2.74e-05 6.35e-05 2.62e-05 2.525e-05 0.00010275 5.945e-05 0.0001033 6.82e-05 4.855e-05 6.38e-05 4.835e-05 2.72e-05 4.68e-05 7.05e-05 0.000103 5.925e-05 5.93e-05 0.0001007 4.665e-05 9.155e-05 1.55e-05 5.91e-05 1.46e-05 1.95e-06 2.525e-05 7.135e-05 5.835e-05 4.37e-05 2.525e-05 7.175e-05 9.64e-05 5.925e-05 4.54e-05 4.7e-05 6.385e-05 4.785e-05 0.000103 4.955e-05 7.26e-05 5.125e-05 7.05e-05 6.975e-05 4.75e-05 6.925e-05 7.26e-05 2.735e-05 1.26e-05 1.445e-05 1.44e-05 4.75e-05 5.97e-05 6.605e-05 4.695e-05 3.92e-05 9.375e-05 7.26e-05 1.285e-05 9.25e-05
16 9.22e-05 0.0001341 4.815e-05 9.28e-05 5.635e-05 9.32e-05 3.835e-05 6.12e-05 0.0001172 9.32e-05 8.145e-05 7.855e-05 9.005e-05 9.295e-05 5.96e-05 8.97e-05 1.22e-05 9.015e-05 5.055e-05 1.99e-05 6.145e-05 0.0001789 5.955e-05 4.09e-05 3.835e-05 4.885e-05 6.32e-05 0.000131 8.95e-06 4.1e-05 8.75e-06 0.00017875 4.86e-05 3.835e-05 0.00012495 3.875e-05 3.9e-05 7.16e-05 0.00013415 7.95e-05 7.995e-05 0.00012455 7.06e-05 0.0001246 7.165e-05 8.585e-05 0.00011745 3.9e-05 1.985e-05 4.875e-05 0.00013455 0.0001249 5.01e-05 7.11e-05 4.77e-05 4.635e-05 1.92e-05 3.8e-05 0.0001247 0.000179 4.975e-05 8.8e-06 8e-05 4.05e-05 8.06e-05 9.02e-05 7.185e-05 4.86e-05 3.835e-05 7.125e-05 7.08e-05 5.06e-05 9.32e-05 3.835e-05 7.12e-05 4.835e-05 0.00012445 4.835e-05 1.92e-05 4.725e-05 0.00013285 0.000134 0.00011585 0.0001345 5.005e-05 3.27e-05 0.0001347 6.985e-05 8.14e-05 8.06e-05 8.055e-05 5.045e-05 3.925e-05 6.355e-05 4.88e-05 8.2e-05 9.32e-05 0.0001329 8.05e-05 8.75e-06
17 2.66e-05 4.88e-05 4.755e-05 9.255e-05 5.75e-05 9.69e-05 5.75e-05 5.715e-05 6.975e-05 9.69e-05 1.255e-05 3.76e-05 2.4e-06 9.665e-05 8.18e-05 1.9e-06 9.015e-05 5e-07 7.05e-05 0.00010295 5.75e-05 0.00010195 7.99e-05 5.965e-05 5.97e-05 4.61e-05 8.335e-05 7.07e-05 9.205e-05 5.975e-05 9.19e-05 9.83e-05 4.595e-05 6.01e-05 6.17e-05 5.865e-05 6.005e-05 8.915e-05 5.285e-05 1.46e-05 1.415e-05 6.495e-05 2.605e-05 6.485e-05 2.65e-05 2.52e-05 0.0001031 5.995e-05 0.00010295 6.87e-05 4.71e-05 6.515e-05 4.75e-05 2.855e-05 4.74e-05 7.015e-05 0.00010265 5.845e-05 5.785e-05 0.00010205 4.715e-05 9.105e-05 1.6e-05 5.945e-05 1.44e-05 3e-07 2.66e-05 7.085e-05 5.86e-05 4.405e-05 2.515e-05 7.22e-05 9.69e-05 5.97e-05 4.57e-05 4.605e-05 6.39e-05 4.85e-05 0.00010265 4.875e-05 7.39e-05 5.27e-05 7.05e-05 6.975e-05 4.8e-05 6.86e-05 7.395e-05 2.765e-05 1.25e-05 1.435e-05 1.43e-05 4.64e-05 6.02e-05 6.64e-05 4.6e-05 3.92e-05 9.29e-05 7.39e-05 1.12e-05 9.2e-05
18 6.215e-05 0.0001048 6.02e-05 9.32e-05 5.975e-05 9.34e-05 5.33e-05 5.915e-05 8.735e-05 9.34e-05 6.33e-05 5.225e-05 7.14e-05 9.315e-05 4.94e-05 7.105e-05 5.055e-05 7.05e-05 9.55e-05 4.81e-05 5.94e-05 0.00013845 5.1e-05 5.27e-05 5.085e-05 5.945e-05 5.07e-05 9.395e-05 4.865e-05 5.28e-05 4.89e-05 0.00013765 5.955e-05 5.18e-05 9.675e-05 5.085e-05 4.86e-05 6.61e-05 0.0001051 6.255e-05 6.19e-05 9.715e-05 5.395e-05 9.705e-05 5.205e-05 6.175e-05 0.00011075 5.255e-05 4.85e-05 5.175e-05 0.00010425 9.735e-05 5.955e-05 5.645e-05 5.995e-05 4.94e-05 4.81e-05 5.095e-05 9.48e-05 0.00013855 6.025e-05 4.865e-05 5.99e-05 5.25e-05 6.345e-05 7.055e-05 5.62e-05 4.99e-05 5.035e-05 5.33e-05 5.405e-05 5.125e-05 9.34e-05 5.085e-05 5.39e-05 5.96e-05 9.61e-05 5.98e-05 4.81e-05 5.825e-05 9.63e-05 0.00010495 8.77e-05 9.63e-05 5.99e-05 5.1e-05 9.675e-05 5.2e-05 6.325e-05 6.345e-05 6.34e-05 5.99e-05 5.265e-05 6.975e-05 5.94e-05 5.36e-05 9.315e-05 9.64e-05 6.125e-05 4.88e-05
19 9.33e-05 0.00013705 5.96e-05 9.28e-05 5.99e-05 9.15e-05 5.495e-05 5.815e-05 0.00011855 9.15e-05 9.54e-05 7.995e-05 0.00010365 9.145e-05 4.415e-05 0.0001033 1.99e-05 0.00010295 4.81e-05 2.66e-05 5.84e-05 0.0001695 4.92e-05 5.365e-05 4.99e-05 5.825e-05 4.84e-05 0.0001221 1.515e-05 5.375e-05 1.625e-05 0.0001698 5.905e-05 5.105e-05 0.00012925 4.93e-05 4.885e-05 6.455e-05 0.00013665 9.455e-05 9.365e-05 0.00012855 8.53e-05 0.00012845 8.48e-05 9.345e-05 0.00011165 5.18e-05 1.465e-05 5.08e-05 0.0001367 0.00012875 5.88e-05 8.82e-05 5.935e-05 4.48e-05 1.425e-05 5.03e-05 0.00012735 0.0001696 6.165e-05 1.725e-05 9.28e-05 5.375e-05 9.555e-05 0.000103 8.795e-05 4.59e-05 5.32e-05 7.59e-05 8.625e-05 4.955e-05 9.145e-05 4.99e-05 7.59e-05 5.92e-05 0.0001276 5.9e-05 1.42e-05 5.71e-05 0.0001272 0.0001365 0.00011925 0.00012805 6.065e-05 4.16e-05 0.0001278 8.54e-05 9.535e-05 9.555e-05 9.55e-05 6.01e-05 5.205e-05 7.1e-05 5.815e-05 8.45e-05 9.195e-05 0.0001273 9.38e-05 1.605e-05
20 5.975e-05 9.34e-05 5.975e-05 9.355e-05 6.085e-05 9.485e-05 6.25e-05 5.74e-05 9.44e-05 9.485e-05 5.99e-05 6.035e-05 5.845e-05 9.46e-05 5.825e-05 5.845e-05 6.145e-05 5.75e-05 5.94e-05 5.84e-05 0.0001145 0.00013025 6.015e-05 6.255e-05 6.135e-05 5.85e-05 5.955e-05 9.33e-05 5.975e-05 6.265e-05 6.01e-05 0.0001289 5.875e-05 6.2e-05 9.62e-05 6.04e-05 6.065e-05 7.485e-05 9.49e-05 6.06e-05 6.01e-05 9.715e-05 6.195e-05 9.705e-05 6.155e-05 6.2e-05 0.0001039 6.23e-05 5.89e-05 6.155e-05 9.245e-05 9.735e-05 5.885e-05 6.465e-05 5.955e-05 5.92e-05 5.855e-05 6.08e-05 9.31e-05 0.00013035 6.005e-05 6.02e-05 6.02e-05 6.25e-05 6.105e-05 5.755e-05 6.34e-05 5.955e-05 6.195e-05 6.19e-05 6.175e-05 6.1e-05 9.485e-05 6.135e-05 6.265e-05 5.845e-05 9.615e-05 5.985e-05 5.855e-05 5.955e-05 9.655e-05 9.475e-05 9.54e-05 9.5e-05 5.99e-05 6.095e-05 9.665e-05 6.295e-05 5.985e-05 6.105e-05 6.1e-05 5.895e-05 6.255e-05 7.11e-05 5.845e-05 6.185e-05 9.34e-05 9.665e-05 5.835e-05 6.005e-05
21 9.79e-05 5.555e-05 0.0001406 9.67e-05 0.00013265 9.055e-05 0.00014755 0.00013 6.775e-05 9.075e-05 0.0001086 0.00011225 0.00010095 9.04e-05 0.00013195 0.0001006 0.0001789 0.00010195 0.00013845 0.0001695 0.00013025 6e-07 0.00013025 0.0001465 0.00014745 0.00014145 0.0001258 5.915e-05 0.0001795 0.0001466 0.00018005 6.05e-06 0.00014205 0.00014855 6.395e-05 0.0001497 0.0001493 0.00011615 4.99e-05 0.00010815 0.0001075 5.81e-05 0.0001191 5.8e-05 0.00011575 9.995e-05 6.62e-05 0.000149 0.0001702 0.0001375 5.69e-05 5.82e-05 0.0001408 0.0001162 0.00014045 0.0001435 0.0001699 0.0001494 6.44e-05 5e-07 0.0001384 0.0001793 0.00010785 0.0001467 0.00010905 0.000102 0.00011565 0.0001419 0.00014615 0.0001182 0.0001166 0.00013785 9.065e-05 0.00014745 0.00012035 0.000142 5.885e-05 0.00013985 0.0001699 0.0001411 5.155e-05 4.975e-05 6.91e-05 5.225e-05 0.00013715 0.00015785 4.67e-05 0.0001174 0.00010855 0.00010905 0.000109 0.0001402 0.00014925 0.000124 0.0001414 0.00010535 9.635e-05 5.135e-05 0.00010965 0.00018015
22 6.03e-05 0.00010565 6.905e-05 9.55e-05 6.275e-05 9.435e-05 6.24e-05 5.99e-05 8.815e-05 9.435e-05 7.17e-05 5.27e-05 7.98e-05 9.41e-05 4.07e-05 7.945e-05 5.955e-05 7.99e-05 5.1e-05 4.92e-05 6.015e-05 0.00013025 7.97e-05 6.215e-05 6.005e-05 6.92e-05 3.985e-05 8.73e-05 5.895e-05 6.225e-05 5.93e-05 0.0001311 6.935e-05 6.08e-05 9.83e-05 6.11e-05 6.075e-05 6.685e-05 0.0001047 7.125e-05 7.06e-05 9.695e-05 6.435e-05 9.695e-05 6.275e-05 6.35e-05 0.0001043 6.17e-05 4.97e-05 5.23e-05 0.0001061 9.725e-05 6.95e-05 6.445e-05 6.875e-05 4.975e-05 4.925e-05 6.105e-05 9.725e-05 0.00013035 6.945e-05 5.93e-05 7.06e-05 6.2e-05 7.215e-05 7.995e-05 6.39e-05 5.04e-05 6.125e-05 5.235e-05 6.335e-05 4.985e-05 9.435e-05 6.005e-05 5.135e-05 6.94e-05 9.7e-05 6.87e-05 4.925e-05 6.85e-05 8.545e-05 0.00010455 8.87e-05 8.88e-05 6.905e-05 6.045e-05 8.8e-05 6.32e-05 7.165e-05 7.215e-05 7.21e-05 6.985e-05 6.185e-05 7.14e-05 6.915e-05 5.17e-05 9.535e-05 8.515e-05 7.125e-05 5.915e-05
23 6.195e-05 0.0001033 5.08e-05 9.495e-05 5.64e-05 9.44e-05 3.99e-05 6.23e-05 8.465e-05 9.44e-05 5.03e-05 5.025e-05 5.965e-05 9.415e-05 6.27e-05 5.93e-05 4.09e-05 5.965e-05 5.27e-05 5.365e-05 6.255e-05 0.0001465 6.215e-05 7.56e-05 4.085e-05 5.1e-05 6.445e-05 0.00010295 4.125e-05 3.81e-05 4.145e-05 0.00014655 5.125e-05 4.05e-05 9.24e-05 4.11e-05 4.14e-05 7.14e-05 0.0001028 4.91e-05 4.94e-05 9.25e-05 4.05e-05 9.21e-05 4.035e-05 5.57e-05 0.0001166 4.025e-05 5.4e-05 5.055e-05 0.00010365 9.21e-05 5.07e-05 3.825e-05 5.065e-05 5.115e-05 5.37e-05 4.085e-05 9.44e-05 0.0001466 4.865e-05 4.025e-05 4.945e-05 3.8e-05 4.88e-05 5.97e-05 3.94e-05 5.025e-05 3.955e-05 4.87e-05 3.96e-05 5.34e-05 9.44e-05 4.085e-05 5.035e-05 5.12e-05 9.3e-05 5.085e-05 5.37e-05 5.02e-05 0.00010295 0.00010265 8.345e-05 0.00010285 4.84e-05 4.045e-05 0.0001025 3.91e-05 5.025e-05 4.88e-05 4.875e-05 5.01e-05 4.045e-05 6.235e-05 5.095e-05 5.165e-05 9.495e-05 0.00010295 5.06e-05 4.155e-05
24 6.225e-05 0.0001036 4.785e-05 9.245e-05 5.7e-05 9.235e-05 4.055e-05 6.11e-05 8.54e-05 9.235e-05 5.065e-05 4.935e-05 5.96e-05 9.21e-05 6.005e-05 5.925e-05 3.835e-05 5.97e-05 5.085e-05 4.99e-05 6.135e-05 0.00014745 6.005e-05 4.085e-05 7.27e-05 4.85e-05 6.355e-05 0.0001008 3.88e-05 4.095e-05 3.865e-05 0.00014775 4.86e-05 3.855e-05 9.465e-05 3.91e-05 3.905e-05 7.08e-05 0.0001032 4.96e-05 4.815e-05 9.365e-05 4.155e-05 9.385e-05 4.12e-05 5.495e-05 0.00011805 3.89e-05 4.99e-05 4.76e-05 0.00010405 9.415e-05 4.985e-05 4.105e-05 4.79e-05 4.705e-05 4.98e-05 3.875e-05 9.395e-05 0.00014755 4.97e-05 3.855e-05 4.99e-05 4.065e-05 5.035e-05 5.975e-05 4.125e-05 4.89e-05 4.02e-05 4.855e-05 4.03e-05 5.08e-05 9.235e-05 3.635e-05 4.975e-05 4.855e-05 9.405e-05 4.76e-05 4.98e-05 4.67e-05 0.0001025 0.00010305 8.475e-05 0.0001035 4.95e-05 4.085e-05 0.00010325 4e-05 5.06e-05 5.035e-05 5.03e-05 5.02e-05 3.9e-05 6.485e-05 4.845e-05 5.255e-05 9.28e-05 0.00010255 4.98e-05 3.895e-05
25 6.055e-05 9.27e-05 4.765e-05 9.205e-05 5.68e-05 9.375e-05 5.02e-05 5.815e-05 9.415e-05 9.375e-05 4.83e-05 5.745e-05 4.75e-05 9.375e-05 6.8e-05 4.715e-05 4.885e-05 4.61e-05 5.945e-05 5.825e-05 5.85e-05 0.00014145 6.92e-05 5.1e-05 4.85e-05 9.19e-05 7.245e-05 9.975e-05 4.775e-05 5.11e-05 4.83e-05 0.00013945 4.665e-05 4.94e-05 9.5e-05 4.78e-05 4.85e-05 7.91e-05 9.485e-05 4.88e-05 4.795e-05 9.66e-05 4.965e-05 9.65e-05 5e-05 5.69e-05 0.0001111 4.97e-05 5.895e-05 5.82e-05 9.175e-05 9.68e-05 4.785e-05 5.235e-05 4.745e-05 5.6e-05 5.86e-05 4.82e-05 9.205e-05 0.00014155 4.9e-05 4.835e-05 4.885e-05 5.095e-05 4.905e-05 4.615e-05 5.14e-05 5.745e-05 5.01e-05 5.83e-05 4.96e-05 6.1e-05 9.385e-05 4.85e-05 5.92e-05 4.67e-05 9.56e-05 4.79e-05 5.86e-05 4.665e-05 0.0001048 9.47e-05 9.46e-05 0.00010305 4.9e-05 4.95e-05 0.00010535 5.035e-05 4.835e-05 4.925e-05 4.92e-05 4.795e-05 4.995e-05 6.655e-05 4.615e-05 6.21e-05 9.17e-05 0.0001048 4.66e-05 4.825e-05
26 5.975e-05 0.00010605 7.265e-05 9.605e-05 6.495e-05 9.365e-05 6.575e-05 5.93e-05 8.705e-05 9.365e-05 7.515e-05 5.52e-05 8.325e-05 9.34e-05 3.92e-05 8.29e-05 6.32e-05 8.335e-05 5.07e-05 4.84e-05 5.955e-05 0.0001258 3.985e-05 6.445e-05 6.355e-05 7.245e-05 7.04e-05 8.75e-05 6.1e-05 6.455e-05 6.17e-05 0.00012755 7.305e-05 6.47e-05 9.87e-05 6.43e-05 6.34e-05 6.23e-05 0.0001042 7.465e-05 7.385e-05 9.645e-05 6.77e-05 9.645e-05 6.525e-05 6.67e-05 0.00010375 6.53e-05 4.925e-05 5.51e-05 0.0001065 9.675e-05 7.175e-05 6.79e-05 7.245e-05 5.255e-05 4.89e-05 6.47e-05 9.78e-05 0.0001259 7.205e-05 6.185e-05 7.31e-05 6.46e-05 7.56e-05 8.34e-05 6.735e-05 5.175e-05 6.37e-05 5.63e-05 6.695e-05 4.945e-05 9.365e-05 6.355e-05 5.525e-05 7.31e-05 9.645e-05 7.19e-05 4.89e-05 7.2e-05 8.54e-05 0.00010405 8.82e-05 8.83e-05 7.085e-05 6.27e-05 8.66e-05 6.69e-05 7.51e-05 7.56e-05 7.555e-05 7.21e-05 6.555e-05 7.48e-05 7.24e-05 5.105e-05 9.555e-05 8.515e-05 7.485e-05 6.165e-05
27 6.53e-05 6.315e-05 0.00010085 9.14e-05 9.35e-05 9.395e-05 0.00010255 9.305e-05 6.51e-05 9.395e-05 7.24e-05 6.39e-05 7.19e-05 9.38e-05 8.57e-05 7.155e-05 0.000131 7.07e-05 9.395e-05 0.0001221 9.33e-05 5.915e-05 8.73e-05 0.00010295 0.0001008 9.975e-05 8.75e-05 0.0001063 0.0001297 0.00010305 0.00013 5.645e-05 0.0001001 0.0001019 6.445e-05 0.0001003 0.0001014 9.345e-05 6.585e-05 7.225e-05 7.155e-05 6.675e-05 7.225e-05 6.665e-05 7.36e-05 6.42e-05 8.805e-05 0.00010205 0.00012255 9.495e-05 6.21e-05 6.695e-05 0.0001007 7.495e-05 0.0001007 9.225e-05 0.00012225 0.0001006 6.17e-05 5.925e-05 0.0001018 0.00013005 7.285e-05 0.0001029 7.28e-05 7.075e-05 7.445e-05 9.325e-05 0.000103 7.195e-05 7.225e-05 9.455e-05 9.395e-05 0.0001008 7.265e-05 0.00010005 6.575e-05 0.00010105 0.00012225 9.94e-05 5.92e-05 6.57e-05 6.51e-05 5.705e-05 0.00010175 0.00010805 5.99e-05 7.36e-05 7.235e-05 7.28e-05 7.275e-05 0.00010085 0.0001023 9.595e-05 9.97e-05 6.59e-05 9.13e-05 5.92e-05 7.03e-05 0.0001301
28 9.37e-05 0.0001365 4.91e-05 9.235e-05 5.455e-05 9.145e-05 4.32e-05 5.95e-05 0.00011765 9.145e-05 8.445e-05 7.765e-05 9.29e-05 9.14e-05 5.465e-05 9.255e-05 8.95e-06 9.205e-05 4.865e-05 1.515e-05 5.975e-05 0.0001795 5.895e-05 4.125e-05 3.88e-05 4.775e-05 6.1e-05 0.0001297 6.4e-06 4.135e-05 4.25e-06 0.0001794 4.855e-05 4.02e-05 0.00012805 3.83e-05 3.74e-05 6.835e-05 0.00013635 8.33e-05 8.23e-05 0.00012775 7.34e-05 0.00012765 7.305e-05 8.905e-05 0.00011825 4.08e-05 1.625e-05 4.835e-05 0.000136 0.00012795 4.66e-05 7.66e-05 4.89e-05 4.33e-05 1.59e-05 3.92e-05 0.00012615 0.0001796 4.975e-05 5.45e-06 8.125e-05 4.135e-05 8.43e-05 9.21e-05 7.665e-05 4.27e-05 4.115e-05 7.265e-05 7.45e-05 5.02e-05 9.145e-05 3.88e-05 7.28e-05 4.86e-05 0.00012665 4.85e-05 1.59e-05 4.615e-05 0.00013525 0.0001362 0.00011805 0.00013555 4.875e-05 2.865e-05 0.00013555 7.335e-05 8.44e-05 8.43e-05 8.425e-05 4.78e-05 4.105e-05 6.68e-05 4.765e-05 8.435e-05 9.165e-05 0.00013525 8.24e-05 4.15e-06
29 6.205e-05 0.0001034 5.09e-05 9.505e-05 5.65e-05 9.45e-05 4e-05 6.24e-05 8.475e-05 9.45e-05 5.04e-05 5.035e-05 5.975e-05 9.425e-05 6.28e-05 5.94e-05 4.1e-05 5.975e-05 5.28e-05 5.375e-05 6.265e-05 0.0001466 6.225e-05 3.81e-05 4.095e-05 5.11e-05 6.455e-05 0.00010305 4.135e-05 7.58e-05 4.155e-05 0.00014665 5.135e-05 4.06e-05 9.24e-05 4.12e-05 4.15e-05 7.15e-05 0.0001029 4.92e-05 4.95e-05 9.26e-05 4.06e-05 9.22e-05 4.045e-05 5.58e-05 0.0001167 4.035e-05 5.41e-05 5.065e-05 0.00010375 9.225e-05 5.08e-05 3.825e-05 5.075e-05 5.125e-05 5.38e-05 4.095e-05 9.45e-05 0.0001467 4.875e-05 4.035e-05 4.955e-05 3.81e-05 4.89e-05 5.98e-05 3.95e-05 5.035e-05 3.965e-05 4.88e-05 3.97e-05 5.35e-05 9.45e-05 4.095e-05 5.045e-05 5.13e-05 9.31e-05 5.095e-05 5.38e-05 5.03e-05 0.00010305 0.00010275 8.355e-05 0.00010295 4.85e-05 4.055e-05 0.0001026 3.92e-05 5.035e-05 4.89e-05 4.885e-05 5.02e-05 4.06e-05 6.245e-05 5.105e-05 5.175e-05 9.505e-05 0.00010305 5.07e-05 4.165e-05
30 9.39e-05 0.00013635 4.835e-05 9.16e-05 5.47e-05 9.235e-05 4.285e-05 5.985e-05 0.0001182 9.235e-05 8.43e-05 7.775e-05 9.275e-05 9.21e-05 5.535e-05 9.24e-05 8.75e-06 9.19e-05 4.89e-05 1.625e-05 6.01e-05 0.00018005 5.93e-05 4.145e-05 3.865e-05 4.83e-05 6.17e-05 0.00013 4.25e-06 4.155e-05 7.5e-06 0.0001796 4.855e-05 4.02e-05 0.0001279 3.855e-05 3.7e-05 6.905e-05 0.00013655 8.305e-05 8.25e-05 0.00012795 7.305e-05 0.00012785 7.325e-05 8.915e-05 0.00011835 4.01e-05 1.6e-05 4.82e-05 0.00013585 0.00012815 4.67e-05 7.645e-05 4.88e-05 4.355e-05 1.63e-05 3.9e-05 0.00012575 0.00018015 4.975e-05 5.3e-06 8.145e-05 4.135e-05 8.415e-05 9.195e-05 7.65e-05 4.33e-05 4.125e-05 7.25e-05 7.41e-05 4.98e-05 9.235e-05 3.865e-05 7.265e-05 4.85e-05 0.00012675 4.835e-05 1.63e-05 4.67e-05 0.00013545 0.0001364 0.00011825 0.00013575 4.93e-05 2.875e-05 0.0001361 7.31e-05 8.425e-05 8.415e-05 8.41e-05 4.805e-05 4.055e-05 6.655e-05 4.825e-05 8.445e-05 9.22e-05 0.00013545 8.2e-05 4.55e-06
31 9.735e-05 5.24e-05 0.00013935 9.375e-05 0.0001312 9.33e-05 0.00014705 0.00012865 6.915e-05 9.325e-05 0.00010675 0.00011175 9.84e-05 9.305e-05 0.0001328 9.805e-05 0.00017875 9.83e-05 0.00013765 0.0001698 0.0001289 6.05e-06 0.0001311 0.00014655 0.00014775 0.00013945 0.00012755 5.645e-05 0.0001794 0.00014665 0.0001796 1.15e-05 0.0001397 0.00014855 6.12e-05 0.00014865 0.00014835 0.00011705 5.2e-05 0.00010695 0.0001065 6.11e-05 0.00011735 6.09e-05 0.0001153 9.925e-05 6.86e-05 0.0001487 0.00017015 0.0001397 5.25e-05 6.125e-05 0.00013905 0.00011665 0.0001392 0.00014335 0.00016985 0.0001484 6.07e-05 6.15e-06 0.0001373 0.0001786 0.0001067 0.00014655 0.00010745 9.835e-05 0.00011585 0.00014235 0.0001461 0.00011765 0.00011555 0.0001386 9.33e-05 0.00014775 0.00011955 0.00013965 6.12e-05 0.0001394 0.00016985 0.00013965 5.46e-05 5.185e-05 6.975e-05 5.255e-05 0.00013705 0.00015675 5.23e-05 0.00011635 0.0001067 0.00010745 0.0001074 0.00013845 0.00014895 0.00012395 0.0001394 0.00010615 9.375e-05 5.465e-05 0.00010655 0.0001797
32 6.065e-05 9.26e-05 4.755e-05 9.195e-05 5.71e-05 9.46e-05 5.02e-05 5.85e-05 9.475e-05 9.46e-05 4.83e-05 5.775e-05 4.74e-05 9.435e-05 6.86e-05 4.69e-05 4.86e-05 4.595e-05 5.955e-05 5.905e-05 5.875e-05 0.00014205 6.935e-05 5.125e-05 4.86e-05 4.665e-05 7.305e-05 0.0001001 4.855e-05 5.135e-05 4.855e-05 0.0001397 9.17e-05 4.87e-05 9.49e-05 4.81e-05 4.875e-05 7.97e-05 9.51e-05 4.875e-05 4.83e-05 9.685e-05 4.965e-05 9.675e-05 5.025e-05 5.72e-05 0.0001114 4.96e-05 5.92e-05 5.83e-05 9.15e-05 9.705e-05 4.795e-05 5.225e-05 4.715e-05 5.605e-05 5.865e-05 4.795e-05 9.195e-05 0.00014215 4.89e-05 4.845e-05 4.91e-05 5.085e-05 4.915e-05 4.6e-05 5.13e-05 5.805e-05 5.04e-05 5.81e-05 4.95e-05 6.125e-05 9.46e-05 4.86e-05 5.9e-05 4.64e-05 9.59e-05 4.8e-05 5.865e-05 4.68e-05 0.00010495 9.495e-05 9.485e-05 0.0001033 4.96e-05 4.975e-05 0.00010595 5.01e-05 4.815e-05 4.9e-05 4.895e-05 4.805e-05 4.97e-05 6.65e-05 4.645e-05 6.24e-05 9.215e-05 0.00010495 4.66e-05 4.795e-05
33 6.32e-05 0.000104 4.885e-05 9.355e-05 5.715e-05 9.36e-05 3.97e-05 6.175e-05 8.62e-05 9.36e-05 5.075e-05 4.94e-05 5.995e-05 9.335e-05 6.11e-05 5.96e-05 3.835e-05 6.01e-05 5.18e-05 5.105e-05 6.2e-05 0.00014855 6.08e-05 4.05e-05 3.855e-05 4.94e-05 6.47e-05 0.0001019 4.02e-05 4.06e-05 4.02e-05 0.00014855 4.87e-05 7.43e-05 9.385e-05 3.925e-05 4.06e-05 7.18e-05 0.0001039 4.915e-05 4.96e-05 9.375e-05 4.045e-05 9.335e-05 4.18e-05 5.565e-05 0.00011805 3.87e-05 5.12e-05 4.91e-05 0.0001045 9.365e-05 5.075e-05 3.895e-05 4.835e-05 4.795e-05 5.055e-05 3.845e-05 9.48e-05 0.00014865 5.025e-05 4e-05 5.075e-05 4e-05 4.95e-05 6.015e-05 4.01e-05 5.02e-05 4.06e-05 4.775e-05 3.985e-05 5.24e-05 9.36e-05 3.855e-05 4.94e-05 4.905e-05 9.4e-05 4.885e-05 5.055e-05 4.775e-05 0.0001034 0.00010375 8.485e-05 0.0001043 5.07e-05 4.085e-05 0.00010435 3.945e-05 5.07e-05 4.95e-05 4.945e-05 5.11e-05 3.87e-05 6.325e-05 4.935e-05 5.265e-05 9.375e-05 0.0001034 5.06e-05 3.955e-05
34 6.46e-05 6.055e-05 9.455e-05 9.37e-05 9.44e-05 9.61e-05 9.225e-05 9.595e-05 6.23e-05 9.61e-05 6.12e-05 6.68e-05 6.18e-05 9.585e-05 0.00010095 6.145e-05 0.00012495 6.17e-05 9.675e-05 0.00012925 9.62e-05 6.395e-05 9.83e-05 9.24e-05 9.465e-05 9.5e-05 9.87e-05 6.445e-05 0.00012805 9.24e-05 0.0001279 6.12e-05 9.49e-05 9.385e-05 0.0001173 9.5e-05 9.63e-05 9.635e-05 6.265e-05 6.1e-05 6.16e-05 6.165e-05 6.235e-05 6.125e-05 6.25e-05 6.105e-05 9.445e-05 9.33e-05 0.00012925 9.685e-05 6.065e-05 6.13e-05 9.555e-05 5.9e-05 9.44e-05 9.94e-05 0.00012895 9.425e-05 6.07e-05 6.405e-05 9.355e-05 0.00012685 6.285e-05 9.22e-05 6.025e-05 6.175e-05 5.97e-05 9.97e-05 9.325e-05 7.07e-05 6.02e-05 9.765e-05 9.61e-05 9.465e-05 7.31e-05 9.485e-05 6.25e-05 9.54e-05 0.00012895 9.52e-05 6.52e-05 6.25e-05 6.07e-05 6.265e-05 9.43e-05 0.0001035 6.49e-05 6.095e-05 6.115e-05 6.025e-05 6.02e-05 9.495e-05 9.355e-05 9.19e-05 9.495e-05 6.405e-05 9.405e-05 6.52e-05 6.18e-05 0.000128
35 6.295e-05 0.0001039 4.885e-05 9.22e-05 5.5e-05 9.33e-05 3.825e-05 6.015e-05 8.655e-05 9.33e-05 5.135e-05 4.65e-05 5.985e-05 9.3e-05 5.935e-05 5.95e-05 3.875e-05 5.865e-05 5.085e-05 4.93e-05 6.04e-05 0.0001497 6.11e-05 4.11e-05 3.91e-05 4.78e-05 6.43e-05 0.0001003 3.83e-05 4.12e-05 3.855e-05 0.00014865 4.81e-05 3.925e-05 9.5e-05 7.26e-05 3.925e-05 7.035e-05 0.0001051 4.92e-05 4.965e-05 9.565e-05 3.64e-05 9.555e-05 4.24e-05 5.53e-05 0.0001176 3.97e-05 4.97e-05 4.945e-05 0.00010305 9.585e-05 4.92e-05 4.22e-05 4.88e-05 4.69e-05 4.95e-05 3.77e-05 9.32e-05 0.0001498 5.03e-05 3.875e-05 5.065e-05 4.105e-05 5.04e-05 5.87e-05 4.305e-05 4.83e-05 4.045e-05 4.895e-05 4.06e-05 5.225e-05 9.33e-05 3.91e-05 5.005e-05 4.815e-05 9.4e-05 4.885e-05 4.95e-05 4.655e-05 0.00010515 0.00010495 8.56e-05 0.00010415 4.99e-05 3.93e-05 0.0001055 4.1e-05 5.13e-05 5.04e-05 5.035e-05 4.935e-05 4.01e-05 6.385e-05 4.775e-05 5.255e-05 9.215e-05 0.00010515 4.9e-05 3.865e-05
36 6.32e-05 0.00010485 4.86e-05 9.21e-05 5.58e-05 9.31e-05 4.155e-05 6.04e-05 8.705e-05 9.31e-05 5.265e-05 4.94e-05 6.095e-05 9.285e-05 5.89e-05 6.06e-05 3.9e-05 6.005e-05 4.86e-05 4.885e-05 6.065e-05 0.0001493 6.075e-05 4.14e-05 3.905e-05 4.85e-05 6.34e-05 0.0001014 3.74e-05 4.15e-05 3.7e-05 0.00014835 4.875e-05 4.06e-05 9.63e-05 3.925e-05 7.2e-05 7.015e-05 0.0001053 5.145e-05 5.085e-05 9.685e-05 4.22e-05 9.675e-05 4.065e-05 5.75e-05 0.00011805 4.05e-05 4.855e-05 4.865e-05 0.0001043 9.705e-05 4.88e-05 4.5e-05 4.905e-05 4.675e-05 4.89e-05 3.94e-05 9.42e-05 0.0001494 4.96e-05 3.71e-05 4.865e-05 4.135e-05 5.25e-05 6.01e-05 4.505e-05 4.74e-05 3.85e-05 5.08e-05 4.245e-05 5.115e-05 9.31e-05 3.905e-05 5.155e-05 4.87e-05 9.565e-05 4.86e-05 4.89e-05 4.7e-05 0.00010505 0.00010515 8.715e-05 0.00010445 4.91e-05 3.98e-05 0.00010505 4.06e-05 5.26e-05 5.25e-05 5.245e-05 4.915e-05 4.095e-05 6.59e-05 4.845e-05 5.395e-05 9.27e-05 0.00010505 5.015e-05 3.77e-05
37 7.695e-05 0.00010425 8.055e-05 9.385e-05 7.86e-05 9.26e-05 7.27e-05 7.46e-05 8.375e-05 9.26e-05 8.15e-05 6.99e-05 9.03e-05 9.23e-05 6.4e-05 8.995e-05 7.16e-05 8.915e-05 6.61e-05 6.455e-05 7.485e-05 0.00011615 6.685e-05 7.14e-05 7.08e-05 7.91e-05 6.23e-05 9.345e-05 6.835e-05 7.15e-05 6.905e-05 0.00011705 7.97e-05 7.18e-05 9.635e-05 7.035e-05 7.015e-05 0.00012 0.0001035 8.08e-05 8.025e-05 9.51e-05 7.23e-05 9.5e-05 7.17e-05 8.025e-05 0.0001103 7.24e-05 6.52e-05 7.085e-05 0.00010345 9.525e-05 7.845e-05 7.46e-05 8.035e-05 6.87e-05 6.505e-05 7.045e-05 9.455e-05 0.00011615 7.98e-05 6.92e-05 8.025e-05 7.155e-05 8.185e-05 8.92e-05 7.415e-05 6.775e-05 7.135e-05 7.22e-05 7.3e-05 6.75e-05 9.255e-05 7.08e-05 7.335e-05 7.975e-05 9.35e-05 7.98e-05 6.505e-05 7.86e-05 9.485e-05 0.00010335 8.495e-05 9.435e-05 7.86e-05 7.015e-05 9.38e-05 7.325e-05 8.145e-05 8.185e-05 8.18e-05 7.86e-05 7.265e-05 8.95e-05 7.905e-05 6.775e-05 9.335e-05 9.495e-05 8.045e-05 6.9e-05
38 6.255e-05 5.195e-05 9.35e-05 9.555e-05 9.615e-05 9.34e-05 0.00010265 9.465e-05 6.875e-05 9.34e-05 6.08e-05 7.585e-05 5.155e-05 9.3e-05 0.0001073 5.135e-05 0.00013415 5.285e-05 0.0001051 0.00013665 9.49e-05 4.99e-05 0.0001047 0.0001028 0.0001032 9.485e-05 0.0001042 6.585e-05 0.00013635 0.0001029 0.00013655 5.2e-05 9.51e-05 0.0001039 6.265e-05 0.0001051 0.0001053 0.0001035 9.94e-05 6.11e-05 6.11e-05 6.025e-05 7.4e-05 6.015e-05 7.09e-05 6.27e-05 8.44e-05 0.00010405 0.000137 0.00010275 5.36e-05 6.035e-05 9.515e-05 7.11e-05 9.34e-05 0.00010725 0.0001367 0.0001048 6.265e-05 4.985e-05 9.22e-05 0.00013575 6.155e-05 0.0001028 6.195e-05 5.29e-05 6.985e-05 0.00010695 0.0001022 8.085e-05 7.105e-05 0.00010465 9.33e-05 0.0001032 8.28e-05 9.505e-05 6.135e-05 9.355e-05 0.0001367 9.585e-05 6.15e-05 4.975e-05 6.985e-05 6.115e-05 9.21e-05 0.00011395 5.92e-05 7.23e-05 6.075e-05 6.195e-05 6.19e-05 9.455e-05 0.0001043 9.495e-05 9.48e-05 7.235e-05 9.555e-05 6.15e-05 6.21e-05 0.00013665
39 2.905e-05 5.975e-05 4.83e-05 9.38e-05 5.695e-05 9.555e-05 4.625e-05 6.035e-05 6.1e-05 9.555e-05 1.525e-05 2.865e-05 1.46e-05 9.53e-05 7.39e-05 1.44e-05 7.95e-05 1.46e-05 6.255e-05 9.455e-05 6.06e-05 0.00010815 7.125e-05 4.91e-05 4.96e-05 4.88e-05 7.465e-05 7.225e-05 8.33e-05 4.92e-05 8.305e-05 0.00010695 4.875e-05 4.915e-05 6.1e-05 4.92e-05 5.145e-05 8.08e-05 6.11e-05 2.81e-05 1.56e-05 6.19e-05 1.605e-05 6.17e-05 1.8e-05 2.325e-05 0.0001091 4.915e-05 9.445e-05 5.93e-05 6.01e-05 6.2e-05 5.01e-05 1.605e-05 4.835e-05 6.18e-05 9.43e-05 4.835e-05 6.055e-05 0.00010825 4.8e-05 8.235e-05 1.725e-05 4.89e-05 1.53e-05 1.465e-05 1.59e-05 6.26e-05 4.83e-05 3.405e-05 1.58e-05 6.29e-05 9.555e-05 4.96e-05 3.615e-05 4.87e-05 6.13e-05 4.895e-05 9.43e-05 4.96e-05 7.23e-05 6.115e-05 6.045e-05 7.055e-05 4.855e-05 5.945e-05 7.205e-05 1.74e-05 1.52e-05 1.53e-05 1.525e-05 4.93e-05 4.955e-05 6.305e-05 4.875e-05 2.875e-05 9.425e-05 7.23e-05 1.525e-05 8.33e-05
