 slim_337484654 slim_337484742 slim_337484793 slim_337484765 slim_337484726 slim_337484735 slim_337484771 slim_337484784 slim_337484854 slim_337484835 slim_337484831 slim_337484603 slim_337484743 slim_337484791 slim_337484633 slim_337484820 slim_337484756 slim_337484541 slim_337484760 slim_337484817 slim_337484819 slim_337484703 slim_337484858 slim_337484810 slim_337484829 slim_337484851 slim_337484737 slim_337484805 slim_337484745 slim_337484718 slim_337484427 slim_337484811 slim_337484688 slim_337484754 slim_337484825 slim_337484599 slim_337484798 slim_337484809 slim_337484779 slim_337484746 slim_337484783 slim_337484843 slim_337484836 slim_337484738 slim_337484833 slim_337484714 slim_337484846 slim_337484822 slim_337484849 slim_337484845 slim_337484479 slim_337484815 slim_337484806 slim_337484671 slim_337484695 slim_337484686 slim_337484673 slim_337484727 slim_337484560 slim_337484781 slim_337484062 slim_337484701 slim_337484502 slim_337484852 slim_337484848 slim_337484774 slim_337484856 slim_337484830 slim_337484795 slim_337484844 slim_337484832 slim_337484647 slim_337484823 slim_337484826 slim_337484602 slim_337484838 slim_337484782 slim_337484847 slim_337484837 slim_337484609 slim_337484816 slim_337484857 slim_337484676 slim_337484800 slim_337484824 slim_337484690 slim_337484785 slim_337484770 slim_337484828 slim_337484812 slim_337484853 slim_337484628 slim_337484731 slim_337484792 slim_337484842 slim_337484850 slim_337484786 slim_337484397 slim_337484728 slim_337484802
0 0.0006867 0.00039585 0.00036975 0.00055335 0.00052905 0.0006752 0.0006125 0.00064835 0.00044845 0.0003438 0.00044265 0.0006434 0.00055375 0.00036555 0.00036525 0.0003437 0.00067745 0.0004844 0.00060685 0.00052405 0.00069985 0.00045265 0.0006503 0.0006541 0.00063855 0.00034815 0.0005534 0.0005533 0.0006128 0.00034365 0.00044845 0.0005478 0.0005066 0.00061715 0.00067175 0.0007282 0.00066915 0.00060795 0.00067655 0.00051805 0.00054865 0.00071305 0.0004666 0.00072305 0.0005475 0.0005477 0.0006708 0.00061125 0.0007352 0.000708 0.0005487 0.00051845 0.00050795 0.0004482 0.00052 0.00064835 0.00044875 0.0005438 0.00061075 0.0005079 0.00045245 0.0006426 0.00061815 0.00049085 0.0005125 0.00064705 0.0006501 0.000444 0.00064845 0.00047005 0.00064455 0.00047835 0.0005175 0.0007221 0.00069815 0.00058445 0.0006129 0.00077905 0.0005534 0.0005533 0.0004487 0.0006066 0.00071735 0.0004469 0.00060165 0.0006172 0.0004431 0.00067665 0.00053075 0.000678 0.0004527 0.00054295 0.0005105 0.00055335 0.0006224 0.0006127 0.00034385 0.0006781 0.00068205 0.0005289
1 0.00039585 0.0003157 0.00051925 0.00067505 0.00048725 0.0007213 0.00062975 0.0006653 0.00042285 0.0001707 0.000436 0.00064215 0.00067545 0.0002741 0.00050535 0.000184 0.00061225 0.00046705 0.00062985 0.00038045 0.00072345 0.0006481 0.0007074 0.00070615 0.00071615 0.0003898 0.0006751 0.000675 0.00063005 0.00017075 0.00041635 0.0005696 0.0004527 0.00069135 0.00058455 0.0007475 0.00073465 0.000607 0.0006463 0.0005897 0.00065215 0.00064755 0.0004713 0.0007885 0.00067495 0.0005695 0.0006465 0.00070485 0.000695 0.000737 0.0006522 0.00043285 0.0003714 0.00062545 0.0003581 0.0006556 0.00041665 0.00072615 0.00062875 0.00037765 0.0006479 0.00055965 0.0006574 0.00047115 0.0004394 0.00073065 0.0007072 0.0004 0.0006557 0.0005327 0.00060175 0.0006707 0.0006305 0.00080265 0.0008436 0.0007027 0.00061655 0.00073145 0.0006751 0.000675 0.0004229 0.000682 0.0007885 0.00042185 0.00070085 0.0006914 0.0003111 0.00064645 0.00048795 0.00057145 0.00064815 0.0004258 0.00067785 0.00067505 0.0006613 0.00062995 0.0003895 0.00057155 0.0006738 0.000458
2 0.00036975 0.00051925 0.0003313 0.00035945 0.00045285 0.0005622 0.00049535 0.00052995 0.00046605 0.00057325 0.00041325 0.00057625 0.00035985 0.0004136 0.00022 0.0005217 0.00060655 0.0005214 0.000494 0.0006067 0.0005903 0.00026265 0.0005327 0.0005601 0.000559 0.00035945 0.00035935 0.0003594 0.00049565 0.0005731 0.00045595 0.0005411 0.00055815 0.00047025 0.00063135 0.00065115 0.00054275 0.00054205 0.00060655 0.0004181 0.00040585 0.0006409 0.0004479 0.00061915 0.0003579 0.000541 0.0006239 0.0004511 0.00068735 0.00062415 0.00040605 0.00053255 0.00059235 0.0003092 0.000577 0.00062365 0.0004564 0.00038875 0.00052165 0.00060245 0.00026245 0.0007114 0.0004705 0.00051455 0.00057745 0.00057935 0.0005325 0.00051305 0.00062375 0.0003171 0.00071415 0.00027105 0.00037375 0.000615 0.00062125 0.00047115 0.00051335 0.00076405 0.0003595 0.00035925 0.0004665 0.0004977 0.0006359 0.00049225 0.0004415 0.00047045 0.00063795 0.00060655 0.00055935 0.0006509 0.0002624 0.00058475 0.00035425 0.00035945 0.000592 0.00049555 0.00035975 0.000651 0.00058155 0.0004819
3 0.00055335 0.00067505 0.00035945 4e-07 0.00045605 0.0002527 0.00025335 0.0002182 0.0003772 0.00075285 0.000362 0.0004978 1.9e-06 0.00056625 0.00037955 0.00072785 0.00037195 0.0006425 0.0002637 0.0006354 0.0003599 0.0001842 0.000219 0.0003857 0.0005073 0.0005475 1.15e-06 7.5e-07 0.00025365 0.0007527 0.0003642 0.000419 0.0005126 0.0001174 0.000506 0.0005259 0.0002721 0.00053305 0.0003697 0.0004175 0.00028085 0.00033685 0.00030245 0.0004584 1.115e-05 0.0004187 0.0003989 0.00013615 0.00047145 0.00035445 0.0002802 0.00042055 0.0006166 0.000464 0.0005377 0.00059515 0.000364 0.00028955 0.00043055 0.00062955 0.000184 0.0006363 0.00011925 0.00055765 0.00049305 0.0004782 0.0002188 0.0006565 0.00059525 0.00020415 0.0006368 0.0001404 0.0003027 0.0004556 0.0007241 0.000559 0.00024425 0.0006741 8.5e-07 1.45e-06 0.00037695 0.00041605 0.0006074 0.0005535 0.00015185 0.00011695 0.0007819 0.00036975 0.0004184 0.00048675 0.00018455 0.000569 0.0003198 1e-06 0.0005567 0.00025375 0.0005405 0.00048685 0.00023545 0.00045225
4 0.00052905 0.00048725 0.00045285 0.00045605 0.0007685 0.00057085 0.0004201 0.0005137 0.00049725 0.00053885 0.00049155 0.00060665 0.00045645 0.00045585 0.000452 0.0005388 0.0004475 0.00061655 0.00041445 0.0004608 0.00059105 0.00048795 0.0005547 0.0006132 0.00064015 0.0005234 0.00045605 0.000456 0.0004204 0.0005387 0.00049105 0.0006038 0.00055205 0.0005162 0.00038425 0.0006584 0.00056495 0.00051345 0.00048055 0.00045845 0.0005492 0.00054085 0.0005086 0.00067045 0.0004502 0.0006037 0.00047515 0.0005105 0.00058925 0.00060895 0.0005493 0.0005575 0.0004555 0.0005814 0.00046775 0.00058395 0.0004914 0.00058275 0.00047305 0.0004617 0.00048775 0.00066125 0.0004833 0.0005841 0.0005578 0.0006743 0.0005545 0.0005908 0.00058405 0.00042035 0.00070225 0.00048125 0.00051525 0.0006792 0.00078905 0.00067455 0.0004207 0.00064125 0.0004561 0.00045595 0.0004976 0.00060375 0.00072915 0.00055045 0.00051625 0.0005163 0.00063905 0.000481 0.0005692 0.0003907 0.000488 0.0005545 0.00054235 0.00045605 0.0005841 0.0004203 0.0005229 0.0003908 0.0005436 0.00040025
5 0.0006752 0.0007213 0.0005622 0.0002527 0.00057085 3.96e-05 0.00037505 0.0003686 0.0005187 0.00078535 0.000485 0.0006384 0.0002531 0.00071475 0.0006046 0.00074705 0.00032715 0.00078635 0.0003795 0.0006154 0.00050135 0.00040685 0.0002867 0.00045225 0.00064855 0.00067325 0.00025255 0.00025265 0.00037535 0.0007852 0.0005185 0.0005584 0.0004027 0.0001361 0.0004975 0.0006696 1.98e-05 0.00064525 0.0002587 0.00052925 0.00052255 0.00032045 0.0004439 0.0004562 0.00025695 0.0005583 0.0002818 0.00013625 0.0003709 0.00017005 0.0005228 0.000349 0.0006414 0.00067715 0.00058775 0.0006536 0.000519 0.0005329 0.0005453 0.00064155 0.00040665 0.0006741 0.00020465 0.00070345 0.00040275 0.00041475 0.0002865 0.0007892 0.0006537 0.00044865 0.0005922 0.00037265 0.00035885 0.00046535 0.000786 0.00079025 0.00037935 0.000577 0.00025275 0.00025245 0.00051915 0.00040635 0.00062005 0.00068915 0.000152 0.00013635 0.0008246 0.00025865 0.00032785 0.00049755 0.0004069 0.0005961 0.00029035 0.0002527 0.00065745 0.00037525 0.00067515 0.00049765 8.825e-05 0.00058705
6 0.0006125 0.00062975 0.00049535 0.00025335 0.0004201 0.00037505 0.0005059 0.00032565 0.00049725 0.0007409 0.00046315 0.0005507 0.0002541 0.0006578 0.00053545 0.0007026 0.00028095 0.00072135 0.0002576 0.00049615 0.00045825 0.00036875 0.00036665 0.0004861 0.00056465 0.0006067 0.00025365 0.00025315 0.00025325 0.00074075 0.000491 0.00053685 0.00055815 0.00031425 0.00025295 0.0005675 0.00037515 0.00047855 0.000314 0.000369 0.0004789 0.00035325 0.00042245 0.0005653 0.00025775 0.0005365 0.0003376 0.00031425 0.0004601 0.00042735 0.0004787 0.0004981 0.00049085 0.00059445 0.0004375 0.00052205 0.0004909 0.0004926 0.00037725 0.00049705 0.0003687 0.00060885 0.0002809 0.00066875 0.0005579 0.00058315 0.0003663 0.00072255 0.00052215 0.00042075 0.00064985 0.00035335 0.00039665 0.00057615 0.0007985 0.0007091 0.00025775 0.0005655 0.0002535 0.00025365 0.0004971 0.0005396 0.00068475 0.00062095 0.00032985 0.00031405 0.00077435 0.00031435 0.0004832 0.0002533 0.0003691 0.0005306 0.00042975 0.0002533 0.0005221 0.0002534 0.0006064 0.0002534 0.0003418 0.00042915
7 0.00064835 0.0006653 0.00052995 0.0002182 0.0005137 0.0003686 0.00032565 0.0004362 0.000498 0.00077725 0.000483 0.00046815 0.00021925 0.0006796 0.00055675 0.00075225 0.0003581 0.000752 0.00033595 0.0006043 0.0003607 0.00036915 0.0002598 0.0003978 0.0004813 0.00064255 0.0002187 0.00021845 0.00032595 0.0007771 0.00049175 0.00053995 0.00058265 0.00028405 0.0004329 0.0004633 0.0003878 0.00057565 0.0003912 0.00045735 0.0004686 0.0002508 0.00042325 0.0005378 0.0002287 0.00053975 0.0004204 0.00030305 0.0004805 0.00034425 0.0004683 0.0004977 0.000599 0.00061925 0.00052055 0.0006245 0.0004918 0.0004814 0.00047415 0.0006052 0.00036895 0.00053975 0.0002508 0.00068485 0.0005633 0.00060195 0.0002596 0.00074785 0.0006246 0.00040695 0.00058095 0.0003507 0.0004015 0.00055295 0.0007991 0.0007287 0.0003168 0.00062615 0.00021855 0.0002188 0.000498 0.00055305 0.00067585 0.00064605 0.00031855 0.00028385 0.00081305 0.00039135 0.00048865 0.00041395 0.00036935 0.0004729 0.00045375 0.0002186 0.00062445 0.00032595 0.00064225 0.00041405 0.0003162 0.00050205
8 0.00044845 0.00042285 0.00046605 0.0003772 0.00049725 0.0005187 0.00049725 0.000498 0.0007526 0.00037665 0.00039015 0.00061045 0.0003776 0.0003768 0.0004483 0.0003899 0.0005623 0.00053025 0.0004974 0.00051335 0.000584 0.0004527 0.00049995 0.00058235 0.00065285 0.00045275 0.000377 0.00037715 0.00049755 0.0003765 0.0003766 0.00048565 0.00045455 0.0004407 0.0006174 0.00068065 0.0005321 0.0006101 0.0005614 0.0005596 0.0004896 0.0005628 0.0003879 0.00064995 0.00037715 0.00048555 0.0005616 0.00045465 0.00062575 0.0005772 0.00048995 0.000441 0.00049725 0.00056565 0.00048395 0.0006505 0.00037715 0.0005323 0.0005799 0.0004972 0.0004525 0.00060625 0.0004421 0.00048535 0.00044095 0.00060785 0.00049975 0.0004898 0.0006506 0.00037735 0.0006082 0.00044175 0.00051765 0.0006533 0.00079395 0.00064315 0.00048405 0.0007474 0.00037725 0.0003769 0.0003771 0.0005674 0.0007228 0.0004591 0.00046045 0.00044115 0.0004855 0.00056155 0.0004524 0.00060425 0.00045275 0.00051045 0.0005301 0.0003772 0.00062445 0.00049745 0.0004486 0.00060435 0.0005061 0.000484
9 0.0003438 0.0001707 0.00057325 0.00075285 0.00053885 0.00078535 0.0007409 0.00077725 0.00037665 9e-07 0.000418 0.00072335 0.00075325 0.0001879 0.00051765 5.215e-05 0.0007531 0.0004182 0.0007309 0.0003912 0.00080785 0.00072095 0.00078065 0.00077925 0.00079865 0.0003582 0.0007529 0.0007528 0.0007412 6.5e-07 0.0003897 0.00055225 0.0003966 0.00076525 0.00072905 0.00083565 0.00079275 0.0006874 0.00075355 0.00070195 0.0006992 0.0007892 0.0004742 0.00084155 0.00074265 0.00055215 0.00072475 0.0007728 0.0007805 0.0008004 0.00069925 0.00046185 0.0003781 0.00066755 0.0004304 0.0007061 0.00039 0.0007745 0.0007295 0.0003649 0.00072075 0.00057645 0.0007649 0.00041375 0.00038935 0.00073795 0.00078045 0.00032315 0.0007062 0.00055095 0.00057985 0.00074255 0.00073305 0.00085045 0.00086405 0.00072755 0.00072365 0.00082095 0.0007529 0.0007528 0.00037665 0.0007192 0.00083845 0.00036525 0.0007688 0.0007653 0.0001893 0.0007538 0.00048695 0.000722 0.000721 0.00045205 0.00074085 0.00075285 0.00069245 0.0007411 0.0003569 0.0007221 0.0007774 0.0005157
10 0.00044265 0.000436 0.00041325 0.000362 0.00049155 0.000485 0.00046315 0.000483 0.00039015 0.000418 0.0006998 0.00060565 0.0003627 0.00041835 0.0004427 0.00038405 0.0005285 0.00054655 0.0004573 0.0005074 0.00057 0.0004186 0.0004849 0.0005675 0.00064885 0.0004469 0.00036225 0.0003619 0.00046345 0.000418 0.0003901 0.00048075 0.0004487 0.0004264 0.0005644 0.0006787 0.0004793 0.0005862 0.0005276 0.0005257 0.0004851 0.0005481 0.00036775 0.0006479 0.00035605 0.00048055 0.0005409 0.00042065 0.00061205 0.0005434 0.00048495 0.00042625 0.0004914 0.00054175 0.0004691 0.00061965 0.0003902 0.0005281 0.0005403 0.00049125 0.00041835 0.00060145 0.0004272 0.00050885 0.0004544 0.0005771 0.00048475 0.00051295 0.00061975 0.00039075 0.0006034 0.0004075 0.00048385 0.00064335 0.000795 0.0006414 0.00046305 0.00074545 0.00036215 0.00036225 0.00039005 0.0005436 0.0007208 0.0004669 0.00042645 0.0004262 0.00050875 0.00052775 0.0004321 0.00057035 0.00041875 0.00047645 0.0004772 0.0003621 0.0005936 0.00046345 0.00044275 0.00057045 0.0004915 0.00049715
11 0.0006434 0.00064215 0.00057625 0.0004978 0.00060665 0.0006384 0.0005507 0.00046815 0.00061045 0.00072335 0.00060565 0.000876 0.0004982 0.0006606 0.0005867 0.0007145 0.0005827 0.0007117 0.0005548 0.00066275 0.00054375 0.00053095 0.0005094 0.00055815 0.0005689 0.00063775 0.00049785 0.00049775 0.000551 0.0007232 0.0006042 0.00054395 0.0006863 0.00056265 0.0006037 0.0005364 0.000649 0.00052095 0.0006158 0.0005736 0.0004679 0.00049995 0.0005779 0.00064015 0.0005017 0.00054385 0.00062745 0.0005734 0.0006588 0.0005848 0.00046795 0.0006407 0.00065745 0.0005013 0.00061845 0.0006966 0.0006045 0.0005988 0.00060375 0.00066365 0.00053075 0.00051415 0.00052965 0.00060605 0.00067555 0.00071925 0.0005092 0.0005808 0.0006967 0.0005539 0.00055535 0.0005424 0.00056285 0.00064795 0.00073205 0.00057525 0.00054435 0.00068315 0.00049785 0.00049775 0.0006107 0.00054355 0.00068915 0.0006637 0.0005752 0.0005627 0.00065055 0.00061605 0.0006431 0.00059345 0.000531 0.00057205 0.0006065 0.0004978 0.00069665 0.0005509 0.0006373 0.00059355 0.0005946 0.0005881
12 0.00055375 0.00067545 0.00035985 1.9e-06 0.00045645 0.0002531 0.0002541 0.00021925 0.0003776 0.00075325 0.0003627 0.0004982 2.6e-06 0.00056665 0.00037995 0.00072825 0.00037235 0.0006429 0.0002644 0.0006358 0.00036065 0.00018495 0.00021975 0.0003861 0.0005077 0.0005479 2.1e-06 1.85e-06 0.0002544 0.0007531 0.0003646 0.00041925 0.000513 0.0001178 0.0005064 0.00052615 0.0002725 0.00053345 0.0003701 0.0004179 0.00028125 0.00033725 0.00030285 0.0004588 1.17e-05 0.00041945 0.0003993 0.0001372 0.00047185 0.00035485 0.00028115 0.00042095 0.000617 0.0004644 0.0005381 0.00059555 0.00036475 0.0002906 0.00043095 0.00062995 0.00018475 0.0006367 0.00012 0.00055805 0.00049345 0.0004786 0.00021955 0.0006569 0.00059565 0.000204 0.0006372 0.00014135 0.0003031 0.00045665 0.0007245 0.0005594 0.00024495 0.0006745 1.65e-06 1.7e-06 0.0003777 0.00041645 0.0006078 0.0005539 0.00015285 0.0001177 0.0007823 0.00037015 0.0004188 0.00048715 0.0001849 0.0005694 0.0003202 1.65e-06 0.0005571 0.000254 0.0005409 0.00048725 0.00023585 0.00045285
13 0.00036555 0.0002741 0.0004136 0.00056625 0.00045585 0.00071475 0.0006578 0.0006796 0.0003768 0.0001879 0.00041835 0.0006606 0.00056665 0.0003231 0.00035225 0.00023935 0.0007297 0.00041245 0.00064785 0.00047835 0.0007102 0.00056155 0.0006812 0.0007033 0.0007225 0.00035945 0.00056615 0.0005662 0.0006581 0.0001878 0.0003636 0.0005525 0.00045515 0.0006365 0.00074945 0.00076535 0.00072215 0.0006392 0.00072845 0.00064605 0.00054735 0.00075125 0.00047435 0.00075525 0.0005561 0.0005524 0.00069965 0.0006442 0.0007554 0.00075895 0.00054755 0.00049395 0.00045555 0.00054305 0.000508 0.00070635 0.00036405 0.0006094 0.0006699 0.0004688 0.00056135 0.00066565 0.000638 0.00038755 0.00044765 0.0006927 0.000681 0.00035845 0.00070645 0.00036445 0.00066725 0.00055595 0.00063335 0.00074955 0.0007786 0.00059615 0.0006406 0.00082355 0.0005663 0.00056605 0.0003772 0.0006255 0.00076105 0.00038875 0.0006402 0.0006367 0.0003502 0.0007287 0.00054525 0.0007424 0.0005616 0.0005413 0.00063945 0.00056625 0.00067355 0.000658 0.00035235 0.0007425 0.0007085 0.00044875
14 0.00036525 0.00050535 0.00022 0.00037955 0.000452 0.0006046 0.00053545 0.00055675 0.0004483 0.00051765 0.0004427 0.0005867 0.00037995 0.00035225 0.0004251 0.0005176 0.00065335 0.00049175 0.0005298 0.00061055 0.00060825 0.0003032 0.00055725 0.00058455 0.00056845 0.00035955 0.00037945 0.0003795 0.00053575 0.0005175 0.00043535 0.00054785 0.00055825 0.0004948 0.00069145 0.00066395 0.00059855 0.0005658 0.0006511 0.00046535 0.0004096 0.0006744 0.00046645 0.0006364 0.0003737 0.00054775 0.00064535 0.00048905 0.00070975 0.00066655 0.0004098 0.0005571 0.00059175 0.00033365 0.0006038 0.00065475 0.0004358 0.0003915 0.0005572 0.0006047 0.000303 0.00072485 0.0004973 0.00047775 0.00056415 0.0006083 0.00055705 0.00047895 0.00065485 0.00029625 0.00072535 0.00030455 0.000421 0.0006276 0.00061875 0.00046585 0.00053585 0.0007813 0.0003796 0.00037935 0.00044875 0.0005193 0.00064635 0.0004701 0.00047945 0.000495 0.000604 0.0006512 0.00058235 0.0006977 0.00030325 0.0006252 0.00041265 0.00037955 0.0006164 0.00053565 0.00035235 0.0006978 0.0006128 0.000468
15 0.0003437 0.000184 0.0005217 0.00072785 0.0005388 0.00074705 0.0007026 0.00075225 0.0003899 5.215e-05 0.00038405 0.0007145 0.00072825 0.00023935 0.0005176 0.0001037 0.0007148 0.00044035 0.00069695 0.00039135 0.0007892 0.00068265 0.00075565 0.0007542 0.00079025 0.0003581 0.0007279 0.0007278 0.0007029 5.19e-05 0.0004029 0.0005434 0.00039675 0.00074025 0.00067745 0.00082365 0.00074115 0.00066525 0.00071525 0.00066365 0.00069035 0.0007642 0.00045365 0.00082955 0.000722 0.0005433 0.0007096 0.0007345 0.00076185 0.0007621 0.0006904 0.00043685 0.000378 0.0006454 0.0004054 0.00067675 0.0004032 0.0007661 0.0006956 0.0003649 0.00068245 0.0005676 0.0007399 0.0004431 0.00040235 0.0007086 0.00075545 0.0003526 0.00067685 0.0005642 0.000571 0.00070425 0.00069475 0.0008364 0.0008666 0.00072765 0.000703 0.00080895 0.0007279 0.0007278 0.0003901 0.00069705 0.0008264 0.0003829 0.0007305 0.0007403 0.00021865 0.0007155 0.0004664 0.0006837 0.0006827 0.00041375 0.00068925 0.00072785 0.0006631 0.0007028 0.0003568 0.0006838 0.0007524 0.0005288
16 0.00067745 0.00061225 0.00060655 0.00037195 0.0004475 0.00032715 0.00028095 0.0003581 0.0005623 0.0007531 0.0005285 0.0005827 0.00037235 0.0007297 0.00065335 0.0007148 0.0003801 0.00079305 0.0002854 0.00046405 0.00049085 0.00048035 0.00042625 0.00054525 0.00059665 0.0006717 0.0003719 0.0003719 0.00028125 0.00075295 0.0005628 0.00060215 0.0005403 0.0003492 0.00019005 0.0005997 0.00032725 0.00050595 0.0002586 0.0003897 0.0005967 0.000267 0.0004875 0.000583 0.0003762 0.00060205 0.0002822 0.0003496 0.0004047 0.0004037 0.00059685 0.00048695 0.00047225 0.00070545 0.0004189 0.0005224 0.0005632 0.00061075 0.00040465 0.0004717 0.00048015 0.0005881 0.00028095 0.0007406 0.00054 0.000591 0.00042605 0.0007875 0.0005225 0.00053865 0.00065625 0.000472 0.0003894 0.0006116 0.0008374 0.0008268 0.00028555 0.0005102 0.000372 0.0003718 0.00056265 0.0005745 0.00071975 0.0006861 0.0003651 0.0003494 0.0007933 0.00025895 0.00046535 0.0001904 0.0004804 0.00050985 0.00045795 0.00037195 0.00056085 0.00028115 0.0006781 0.0001905 0.00025845 0.0004569
17 0.0004844 0.00046705 0.0005214 0.0006425 0.00061655 0.00078635 0.00072135 0.000752 0.00053025 0.0004182 0.00054655 0.0007117 0.0006429 0.00041245 0.00049175 0.00044035 0.00079305 0.0007836 0.0007156 0.0006189 0.0007564 0.00060345 0.0007536 0.00076445 0.00073385 0.00047835 0.00064255 0.00064245 0.00072165 0.0004181 0.000517 0.0006153 0.00060395 0.0007127 0.0008003 0.00080025 0.0007895 0.00068145 0.0007918 0.0006795 0.00060245 0.00082345 0.00057315 0.00079375 0.00063655 0.0006152 0.00077825 0.000716 0.0008005 0.0008269 0.0006025 0.0006097 0.0005961 0.00056365 0.0006155 0.0005961 0.0005173 0.0006246 0.0007265 0.00060935 0.00060325 0.0007246 0.00071405 0.00053195 0.0006007 0.0005907 0.0007534 0.0004904 0.0005962 0.00053785 0.0007262 0.0006159 0.00067505 0.0007434 0.00071145 0.0004772 0.0007126 0.00085365 0.00064255 0.00064245 0.00053045 0.000676 0.00078835 0.0005355 0.00071155 0.00071275 0.00049 0.00079205 0.0006437 0.0007975 0.0006035 0.00066145 0.0006769 0.0006425 0.0005634 0.00072155 0.0004712 0.0007976 0.00078435 0.00060835
18 0.00060685 0.00062985 0.000494 0.0002637 0.00041445 0.0003795 0.0002576 0.00033595 0.0004974 0.0007309 0.0004573 0.0005548 0.0002644 0.00064785 0.0005298 0.00069695 0.0002854 0.0007156 0.0005032 0.00049045 0.00046335 0.0003734 0.0003769 0.00049635 0.0005691 0.00060105 0.00026395 0.0002636 0.0002579 0.0007308 0.00049115 0.000541 0.00055245 0.0003245 0.0002516 0.0005776 0.0003738 0.00047685 0.00031845 0.00037345 0.000483 0.0003635 0.0004226 0.0005754 0.00025775 0.0005408 0.00033195 0.00031875 0.00046495 0.0004318 0.00048285 0.00050835 0.0004852 0.00059275 0.00044775 0.0005206 0.00049125 0.0004971 0.0003716 0.00049135 0.00037315 0.00061295 0.00029135 0.00066275 0.00055805 0.0005817 0.00037675 0.0007165 0.0005207 0.0004209 0.00065395 0.000358 0.0004011 0.00058055 0.00079705 0.0007073 0.0002577 0.0005756 0.00026385 0.00026395 0.0004974 0.0005379 0.00069485 0.000611 0.0003343 0.0003243 0.00076835 0.0003188 0.00048335 0.00025775 0.00037355 0.00053505 0.0004284 0.0002638 0.00052065 0.0002579 0.00060075 0.0002578 0.00035205 0.0004293
19 0.00052405 0.00038045 0.0006067 0.0006354 0.0004608 0.0006154 0.00049615 0.0006043 0.00051335 0.0003912 0.0005074 0.00066275 0.0006358 0.00047835 0.00061055 0.00039135 0.00046405 0.0006189 0.00049045 0.000714 0.00068165 0.0006417 0.0006375 0.0006729 0.0007096 0.00052015 0.00063545 0.00063535 0.0004963 0.0003914 0.00051345 0.0006198 0.0005003 0.0006282 0.000357 0.00072165 0.0006095 0.000555 0.0004892 0.0005089 0.0006941 0.00057195 0.0005247 0.0007469 0.0006295 0.0006197 0.0004838 0.00062245 0.0005979 0.00062435 0.00069415 0.00051245 0.00037455 0.00070065 0.0003868 0.0005805 0.00051375 0.00074095 0.000526 0.00037405 0.0006415 0.0005885 0.00060315 0.0006065 0.0005064 0.00070675 0.0006373 0.0005721 0.0005806 0.0006002 0.0006217 0.0006606 0.0006095 0.00076345 0.0008745 0.0007994 0.0004967 0.0006222 0.00063545 0.00063535 0.00051325 0.0006812 0.0007903 0.0005432 0.0006282 0.00062825 0.00049805 0.00048965 0.00051785 0.00036345 0.00064175 0.00048165 0.0006287 0.0006354 0.0005997 0.0004962 0.0005243 0.00036355 0.00059605 0.00046015
20 0.00069985 0.00072345 0.0005903 0.0003599 0.00059105 0.00050135 0.00045825 0.0003607 0.000584 0.00080785 0.00057 0.00054375 0.00036065 0.0007102 0.00060825 0.0007892 0.00049085 0.0007564 0.00046335 0.00068165 0.000719 0.0004759 0.00040175 0.00053095 0.0005464 0.00069405 0.0003602 0.0003597 0.00045855 0.0008077 0.00057775 0.0006148 0.00066 0.00042545 0.000557 0.00053995 0.0005119 0.00064185 0.00052395 0.00056425 0.00054345 0.0003929 0.00055185 0.00061365 0.00036475 0.00061445 0.0005421 0.0004359 0.00047965 0.00047755 0.00054325 0.00061125 0.00067635 0.0006596 0.0006341 0.00067565 0.00057765 0.00054585 0.0005927 0.00068255 0.00047585 0.0006153 0.00039205 0.0007043 0.0006493 0.0006531 0.0004014 0.0007673 0.00067575 0.00049295 0.00065635 0.00045745 0.0005084 0.000609 0.000778 0.00072195 0.00045285 0.000702 0.00036005 0.0003602 0.00058385 0.00061925 0.0007429 0.00071785 0.0004433 0.00042525 0.0008325 0.0005241 0.00061725 0.0005467 0.00047625 0.0005655 0.000552 0.00035985 0.0006756 0.0004587 0.00069375 0.0005468 0.0004576 0.00058805
21 0.00045265 0.0006481 0.00026265 0.0001842 0.00048795 0.00040685 0.00036875 0.00036915 0.0004527 0.00072095 0.0004186 0.00053095 0.00018495 0.00056155 0.0003032 0.00068265 0.00048035 0.00060345 0.0003734 0.0006417 0.0004759 0.0003676 0.0003719 0.0004599 0.0004928 0.0004426 0.0001845 0.000184 0.00036905 0.0007208 0.00044255 0.0004852 0.000564 0.00029565 0.0005537 0.0005735 0.0004068 0.0005311 0.00048035 0.00036895 0.0003465 0.00048035 0.0003847 0.0005272 0.0001886 0.00048485 0.0005036 0.0002955 0.0005764 0.000483 0.0003463 0.0005002 0.00062735 0.0003464 0.0005738 0.00059305 0.00044245 0.0003081 0.0004616 0.00063745 0.0001839 0.00066985 0.00029535 0.00056965 0.0005639 0.0005196 0.00037155 0.00061475 0.00059315 0.00030365 0.0006726 0.000184 0.00029545 0.00052725 0.0006281 0.00050725 0.00037335 0.00070135 0.00018435 0.0001845 0.00045255 0.0004576 0.0006044 0.000545 0.00029575 0.00029545 0.0007434 0.00048035 0.000496 0.00055385 0.0001843 0.0005987 0.00029535 0.00018415 0.0005614 0.0003692 0.00044265 0.00055395 0.0004068 0.00049735
22 0.0006503 0.0007074 0.0005327 0.000219 0.0005547 0.0002867 0.00036665 0.0002598 0.00049995 0.00078065 0.0004849 0.0005094 0.00021975 0.0006812 0.00055725 0.00075565 0.00042625 0.0007536 0.0003769 0.0006375 0.00040175 0.0003719 0.0004372 0.000357 0.00052255 0.0006464 0.0002193 0.00021885 0.00036695 0.0007805 0.00049335 0.0005419 0.0005434 0.00024335 0.0005144 0.0005046 0.0003059 0.00061665 0.000391 0.0005006 0.0004691 0.00031915 0.0004252 0.0005069 0.00022915 0.0005417 0.0004202 0.00026245 0.0004803 0.00026225 0.0004689 0.0004581 0.0006411 0.000622 0.00056265 0.0006641 0.0004934 0.000482 0.00051515 0.00064765 0.0003716 0.0005824 0.00027845 0.00068645 0.00052405 0.00055985 0.0002188 0.0007498 0.0006642 0.00040745 0.0005416 0.0003512 0.0004314 0.0005124 0.0007852 0.0007292 0.00035775 0.000626 0.00021915 0.0002193 0.00049995 0.00051235 0.0006352 0.000648 0.00027805 0.00024285 0.0008161 0.00039115 0.0004494 0.00049545 0.0003721 0.0005154 0.0004153 0.0002191 0.0006468 0.00036695 0.00064385 0.00049555 0.00030265 0.00054305
23 0.0006541 0.00070615 0.0005601 0.0003857 0.0006132 0.00045225 0.0004861 0.0003978 0.00058235 0.00077925 0.0005675 0.00055815 0.0003861 0.0007033 0.00058455 0.0007542 0.00054525 0.00076445 0.00049635 0.0006729 0.00053095 0.0004599 0.000357 0.0006558 0.0005819 0.00065035 0.00038575 0.00038565 0.0004864 0.0007791 0.00057575 0.00061985 0.00062535 0.00040935 0.0005866 0.0005558 0.0004712 0.00064685 0.00051 0.0005417 0.0005463 0.0004567 0.0004962 0.0005864 0.00039575 0.00061975 0.0005392 0.00042845 0.00060415 0.00039955 0.00054635 0.00054045 0.0006765 0.00062075 0.00059855 0.0007118 0.00057605 0.00057005 0.0004678 0.00068305 0.0004597 0.00063175 0.0004447 0.00072965 0.00060625 0.0006541 0.0003568 0.0007432 0.0007119 0.00051295 0.00059095 0.0004646 0.00051895 0.0005921 0.0007863 0.00073485 0.00047755 0.0006588 0.00038575 0.00038565 0.0005826 0.0005891 0.00054785 0.00056425 0.00044395 0.0004094 0.0008101 0.00051025 0.0005202 0.000568 0.00045995 0.0005693 0.0005026 0.0003857 0.0006946 0.0004863 0.00064765 0.0005681 0.00046845 0.00059335
24 0.00063855 0.00071615 0.000559 0.0005073 0.00064015 0.00064855 0.00056465 0.0004813 0.00065285 0.00079865 0.00064885 0.0005689 0.0005077 0.0007225 0.00056845 0.00079025 0.00059665 0.00073385 0.0005691 0.0007096 0.0005464 0.0004928 0.00052255 0.0005819 0.0009096 0.0006325 0.00050735 0.00050725 0.00056495 0.0007985 0.0006466 0.0006699 0.00072935 0.00057215 0.0006221 0.0005221 0.0006598 0.00065265 0.00062975 0.00053925 0.00059515 0.0005131 0.00061375 0.0006222 0.00051155 0.0006698 0.0006423 0.00058355 0.00065945 0.0005986 0.0005952 0.0006818 0.0007043 0.0005809 0.00066335 0.00069025 0.0006469 0.00048105 0.00062865 0.0007105 0.0004926 0.00064375 0.00053915 0.00072885 0.00071795 0.0007091 0.00052235 0.00074095 0.00069035 0.00058295 0.00068495 0.00051135 0.0005247 0.0006542 0.00061105 0.00068225 0.000558 0.000669 0.00050735 0.00050725 0.0006531 0.00067145 0.0006818 0.0007169 0.0005837 0.0005722 0.0008094 0.00063 0.00067895 0.0006112 0.00049285 0.00061855 0.000569 0.0005073 0.0006903 0.00056485 0.00063245 0.0006113 0.0006041 0.00063035
25 0.00034815 0.0003898 0.00035945 0.0005475 0.0005234 0.00067325 0.0006067 0.00064255 0.00045275 0.0003582 0.0004469 0.00063775 0.0005479 0.00035945 0.00035955 0.0003581 0.0006717 0.00047835 0.00060105 0.00052015 0.00069405 0.0004426 0.0006464 0.00065035 0.0006325 0.000675 0.00054755 0.00054745 0.000607 0.0003581 0.00044235 0.0005521 0.0005128 0.00061325 0.000666 0.0007224 0.0006672 0.0006023 0.0006727 0.00050805 0.00054295 0.0007073 0.0004709 0.0007192 0.00054165 0.000552 0.00066695 0.00060735 0.00073135 0.00070605 0.000543 0.00051435 0.0005019 0.00043805 0.000514 0.0006425 0.00044265 0.0005377 0.0006051 0.0005122 0.0004424 0.00064695 0.00061235 0.00048475 0.00051875 0.0006431 0.0006462 0.0004484 0.0006426 0.00046435 0.0006508 0.0004725 0.0005075 0.0007182 0.0006921 0.0005788 0.0006071 0.0007752 0.00054755 0.00054745 0.00045295 0.00060285 0.0007136 0.0004512 0.00059775 0.0006133 0.0004471 0.0006728 0.000537 0.00067225 0.0004424 0.00054725 0.0005024 0.0005475 0.0006165 0.0006069 0.0003379 0.00067235 0.0006782 0.0005231
26 0.0005534 0.0006751 0.00035935 1.15e-06 0.00045605 0.00025255 0.00025365 0.0002187 0.000377 0.0007529 0.00036225 0.00049785 2.1e-06 0.00056615 0.00037945 0.0007279 0.0003719 0.00064255 0.00026395 0.00063545 0.0003602 0.0001845 0.0002193 0.00038575 0.00050735 0.00054755 1.9e-06 1.3e-06 0.00025395 0.00075275 0.000364 0.0004192 0.00051255 0.0001171 0.00050605 0.00052595 0.00027195 0.0005331 0.00036965 0.00041755 0.00028065 0.0003368 0.00030225 0.00045855 1.155e-05 0.000419 0.00039885 0.00013655 0.0004714 0.0003544 0.0002806 0.0004205 0.00061665 0.00046405 0.00053775 0.0005952 0.0003643 0.00029005 0.0004306 0.0006296 0.0001843 0.00063635 0.00011945 0.0005575 0.000493 0.00047815 0.0002191 0.00065655 0.0005953 0.00020415 0.00063685 0.00014085 0.00030265 0.0004561 0.00072415 0.00055905 0.0002445 0.00067415 1.4e-06 1.25e-06 0.00037725 0.000416 0.00060745 0.0005534 0.0001522 0.00011715 0.00078195 0.0003697 0.00041835 0.0004868 0.0001847 0.00056905 0.00031975 1.45e-06 0.00055675 0.00025395 0.00054055 0.0004869 0.0002353 0.00045245
27 0.0005533 0.000675 0.0003594 7.5e-07 0.000456 0.00025265 0.00025315 0.00021845 0.00037715 0.0007528 0.0003619 0.00049775 1.85e-06 0.0005662 0.0003795 0.0007278 0.0003719 0.00064245 0.0002636 0.00063535 0.0003597 0.000184 0.00021885 0.00038565 0.00050725 0.00054745 1.3e-06 7e-07 0.0002534 0.00075265 0.00036415 0.00041895 0.00051255 0.00011735 0.00050595 0.00052585 0.00027205 0.000533 0.00036965 0.00041745 0.0002808 0.0003368 0.0003024 0.00045835 1.105e-05 0.0004185 0.00039885 0.0001364 0.0004714 0.0003544 0.00028035 0.0004205 0.00061655 0.00046395 0.00053765 0.0005951 0.00036375 0.0002898 0.0004305 0.0006295 0.00018385 0.00063625 0.00011905 0.0005576 0.000493 0.00047815 0.00021855 0.00065645 0.0005952 0.0002041 0.00063675 0.0001402 0.00030265 0.00045585 0.00072405 0.00055895 0.00024415 0.00067405 1e-06 1.4e-06 0.00037675 0.000416 0.00060735 0.00055345 0.0001521 0.0001168 0.00078185 0.0003697 0.00041835 0.0004867 0.0001845 0.00056895 0.00031975 8e-07 0.00055665 0.0002537 0.00054045 0.0004868 0.0002354 0.0004522
28 0.0006128 0.00063005 0.00049565 0.00025365 0.0004204 0.00037535 0.00025325 0.00032595 0.00049755 0.0007412 0.00046345 0.000551 0.0002544 0.0006581 0.00053575 0.0007029 0.00028125 0.00072165 0.0002579 0.0004963 0.00045855 0.00036905 0.00036695 0.0004864 0.00056495 0.000607 0.00025395 0.0002534 0.0005065 0.00074105 0.0004913 0.00053715 0.00055845 0.00031455 0.00025325 0.0005678 0.00037545 0.00047885 0.0003143 0.0003693 0.0004792 0.00035355 0.00042275 0.0005656 0.00025805 0.0005368 0.0003379 0.00031455 0.0004604 0.00042765 0.000479 0.0004984 0.00049115 0.00059475 0.0004378 0.00052235 0.00049115 0.0004929 0.00037755 0.0004972 0.000369 0.00060915 0.0002812 0.00066905 0.0005582 0.00058345 0.00036655 0.00072285 0.00052245 0.00042105 0.00065015 0.00035365 0.00039695 0.00057645 0.0007988 0.0007094 0.00025805 0.0005658 0.0002538 0.00025395 0.0004974 0.0005399 0.00068505 0.00062125 0.00033015 0.00031435 0.00077465 0.00031465 0.0004835 0.0002536 0.0003694 0.0005309 0.00043005 0.0002536 0.0005224 0.00025355 0.0006067 0.0002537 0.0003421 0.00042945
29 0.00034365 0.00017075 0.0005731 0.0007527 0.0005387 0.0007852 0.00074075 0.0007771 0.0003765 6.5e-07 0.000418 0.0007232 0.0007531 0.0001878 0.0005175 5.19e-05 0.00075295 0.0004181 0.0007308 0.0003914 0.0008077 0.0007208 0.0007805 0.0007791 0.0007985 0.0003581 0.00075275 0.00075265 0.00074105 6e-07 0.0003896 0.0005521 0.0003968 0.0007651 0.0007289 0.0008355 0.0007926 0.00068725 0.0007534 0.0007018 0.00069905 0.00078905 0.00047405 0.0008414 0.00074255 0.000552 0.00072455 0.00077265 0.00078035 0.00080025 0.0006991 0.00046175 0.000378 0.0006674 0.0004303 0.00070595 0.0003899 0.00077435 0.00072935 0.00036495 0.0007206 0.0005763 0.00076475 0.00041365 0.000389 0.0007378 0.0007803 0.0003232 0.00070605 0.0005508 0.0005797 0.0007424 0.0007329 0.0008503 0.0008639 0.0007274 0.00072355 0.0008208 0.00075275 0.00075265 0.00037685 0.00071905 0.0008383 0.0003651 0.00076865 0.00076515 0.0001892 0.00075365 0.0004868 0.00072185 0.00072085 0.000452 0.0007407 0.0007527 0.0006923 0.00074095 0.0003568 0.00072195 0.00077725 0.00051545
30 0.00044845 0.00041635 0.00045595 0.0003642 0.00049105 0.0005185 0.000491 0.00049175 0.0003766 0.0003897 0.0003901 0.0006042 0.0003646 0.0003636 0.00043535 0.0004029 0.0005628 0.000517 0.00049115 0.00051345 0.00057775 0.00044255 0.00049335 0.00057575 0.0006466 0.00044235 0.000364 0.00036415 0.0004913 0.0003896 0.0007266 0.00048565 0.0004609 0.00043425 0.0006179 0.0006744 0.0005319 0.00060385 0.00056155 0.0005562 0.00047665 0.0005633 0.00038795 0.0006501 0.00036415 0.00048555 0.00056175 0.00044805 0.0006259 0.000577 0.00047695 0.0004342 0.00049075 0.0005555 0.0004775 0.0006442 0.0003639 0.0005193 0.00057365 0.0005039 0.00044235 0.000613 0.00043585 0.00047215 0.0004474 0.0006012 0.00049315 0.00048975 0.0006443 0.0003644 0.0006146 0.00042875 0.00051425 0.0006467 0.0007877 0.00063015 0.0004778 0.00074755 0.00036425 0.0003639 0.00037705 0.0005608 0.0007162 0.0004592 0.00045385 0.00043455 0.00048525 0.0005617 0.0004589 0.00060475 0.0004426 0.00051715 0.00052635 0.0003642 0.0006114 0.0004912 0.00043535 0.00060485 0.00050625 0.00047775
31 0.0005478 0.0005696 0.0005411 0.000419 0.0006038 0.0005584 0.00053685 0.00053995 0.00048565 0.00055225 0.00048075 0.00054395 0.00041925 0.0005525 0.00054785 0.0005434 0.00060215 0.0006153 0.000541 0.0006198 0.0006148 0.0004852 0.0005419 0.00061985 0.0006699 0.0005521 0.0004192 0.00041895 0.00053715 0.0005521 0.00048565 0.0008368 0.00056085 0.0004833 0.0006548 0.0006642 0.0005692 0.00054125 0.00060125 0.0005925 0.0004234 0.000605 0.0004531 0.0006333 0.00042265 0.00041875 0.0006129 0.0004941 0.0006568 0.0006168 0.0004233 0.00052115 0.0006037 0.0004897 0.00056425 0.0006665 0.0004858 0.0005492 0.0006191 0.00060365 0.000485 0.00053945 0.00048415 0.0004858 0.0005499 0.0006237 0.0005417 0.00049 0.0006666 0.00048625 0.0005414 0.00047415 0.0005504 0.00063135 0.0007471 0.0005529 0.00053025 0.0007312 0.00041875 0.0004188 0.00048575 0.0004984 0.00070175 0.00056755 0.000496 0.0004832 0.0004854 0.0006014 0.00051745 0.00064425 0.00048515 0.0005972 0.00056025 0.00041875 0.00064045 0.00053675 0.00054795 0.00064435 0.0005484 0.00059295
32 0.0005066 0.0004527 0.00055815 0.0005126 0.00055205 0.0004027 0.00055815 0.00058265 0.00045455 0.0003966 0.0004487 0.0006863 0.000513 0.00045515 0.00055825 0.00039675 0.0005403 0.00060395 0.00055245 0.0005003 0.00066 0.000564 0.0005434 0.00062535 0.00072935 0.0005128 0.00051255 0.00051255 0.00055845 0.0003968 0.0004609 0.00056085 0.000793 0.0004605 0.0006038 0.0007594 0.0003965 0.0006622 0.0005064 0.0006157 0.0006164 0.00056455 0.0004659 0.00065575 0.0005067 0.00056075 0.00050045 0.00045455 0.0005812 0.00048515 0.00061655 0.0004152 0.0005069 0.00066815 0.00051885 0.0006749 0.0004613 0.00065955 0.00063455 0.0005003 0.0005638 0.0006307 0.0004946 0.0005611 0.0004029 0.00057125 0.0005432 0.0005586 0.000675 0.00050665 0.00059145 0.0005577 0.00054605 0.0006626 0.00082575 0.0007593 0.0005584 0.00070585 0.00051265 0.00051245 0.00045455 0.0005585 0.000736 0.00053105 0.0004605 0.00046065 0.00050945 0.00050625 0.00041435 0.00060995 0.00056405 0.0005241 0.0005059 0.0005126 0.00067 0.00055835 0.0005131 0.00061005 0.0004427 0.0005582
33 0.00061715 0.00069135 0.00047025 0.0001174 0.0005162 0.0001361 0.00031425 0.00028405 0.0004407 0.00076525 0.0004264 0.00056265 0.0001178 0.0006365 0.0004948 0.00074025 0.0003492 0.0007127 0.0003245 0.0006282 0.00042545 0.00029565 0.00024335 0.00040935 0.00057215 0.00061325 0.0001171 0.00011735 0.00031455 0.0007651 0.00043425 0.0004833 0.0004605 0.0002326 0.0005112 0.00059095 0.0001555 0.00059325 0.000314 0.00047325 0.00039585 0.00031875 0.0003661 0.0004505 0.00012745 0.0004832 0.0003432 0.00013645 0.00041575 0.0002622 0.0003963 0.00037475 0.0006318 0.00057475 0.0005529 0.0006293 0.0004349 0.00040575 0.00049075 0.00063835 0.00029545 0.00064975 0.0001522 0.00062775 0.00044085 0.00045145 0.00024315 0.0007203 0.0006294 0.0003195 0.00060905 0.0002568 0.0003305 0.00045615 0.0007543 0.0006742 0.00030505 0.00061865 0.00011745 0.000117 0.00044145 0.00041535 0.00060695 0.0006174 0.00015195 0.00011695 0.0008007 0.00031405 0.0003663 0.00049195 0.0002957 0.00058245 0.00031465 0.0001174 0.000612 0.00031445 0.0006107 0.00049205 0.0001518 0.00051295
34 0.00067175 0.00058455 0.00063135 0.000506 0.00038425 0.0004975 0.00025295 0.0004329 0.0006174 0.00072905 0.0005644 0.0006037 0.0005064 0.00074945 0.00069145 0.00067745 0.00019005 0.0008003 0.0002516 0.000357 0.000557 0.0005537 0.0005144 0.0005866 0.0006221 0.000666 0.00050605 0.00050595 0.00025325 0.0007289 0.0006179 0.0006548 0.0006038 0.0005112 0.0 0.0006092 0.0004783 0.00042415 0.0002584 0.0003206 0.00067705 0.00036975 0.00054255 0.0006723 0.00050445 0.0006547 0.0002764 0.00049215 0.00044885 0.00050035 0.0006771 0.00057575 0.0003652 0.000725 0.0003374 0.00044905 0.0006182 0.00069545 0.00032405 0.00036465 0.0005535 0.0005815 0.00044295 0.00077995 0.00062285 0.0006882 0.0005142 0.0007887 0.00044915 0.00063745 0.000663 0.0005667 0.0004907 0.0006965 0.000873 0.0008593 0.00027135 0.000457 0.00050605 0.00050595 0.00061765 0.00066325 0.0007622 0.0006885 0.00050765 0.00051125 0.0007669 0.00025905 0.0005481 1.995e-05 0.00055375 0.0004923 0.0005398 0.000506 0.0004876 0.00025315 0.0006724 2.005e-05 0.00044825 0.00040615
35 0.0007282 0.0007475 0.00065115 0.0005259 0.0006584 0.0006696 0.0005675 0.0004633 0.00068065 0.00083565 0.0006787 0.0005364 0.00052615 0.00076535 0.00066395 0.00082365 0.0005997 0.00080025 0.0005776 0.00072165 0.00053995 0.0005735 0.0005046 0.0005558 0.0005221 0.0007224 0.00052595 0.00052585 0.0005678 0.0008355 0.0006744 0.0006642 0.0007594 0.00059095 0.0006092 0.0008006 0.0006829 0.00064095 0.0006328 0.00060215 0.0005992 0.00049535 0.00064425 0.0005377 0.0005358 0.0006641 0.000651 0.0006044 0.0006611 0.0005829 0.00059925 0.00070415 0.00071635 0.00064705 0.0006677 0.0007317 0.0006747 0.0005849 0.000629 0.00072255 0.0005733 0.0006015 0.00055795 0.0007372 0.00074595 0.00076855 0.0005044 0.0007542 0.0007318 0.0006168 0.0006427 0.0005825 0.0006056 0.00058485 0.0006269 0.0007249 0.00056445 0.00056665 0.00052595 0.00052585 0.0006809 0.00067775 0.0005891 0.00074195 0.0006062 0.000591 0.0008129 0.00063305 0.00070965 0.00059625 0.00057355 0.0006062 0.00065195 0.0005259 0.00073165 0.0005677 0.0007221 0.00059635 0.0006231 0.0006427
