 slim_337598455 slim_337598546 slim_337598374 slim_337598545 slim_337598463 slim_337598466 slim_337598395 slim_337598495 slim_337598517 slim_337598534 slim_337598403 slim_337598486 slim_337598508 slim_337598083 slim_337598453 slim_337598555 slim_337598556 slim_337598512 slim_337598416 slim_337598487 slim_337598557 slim_337598459 slim_337598543 slim_337598490 slim_337598482 slim_337598002 slim_337598540 slim_337598506 slim_337598511 slim_337598535 slim_337598561 slim_337598491 slim_337597636 slim_337598175 slim_337598371 slim_337598436 slim_337598484 slim_337598515 slim_337598323 slim_337598501 slim_337598369 slim_337598547 slim_337598554 slim_337598516 slim_337598562 slim_337598536 slim_337598528 slim_337598140 slim_337598401 slim_337598538 slim_337598439 slim_337598339 slim_337598273 slim_337598558 slim_337598480 slim_337598532 slim_337598383 slim_337598145 slim_337598493 slim_337598502 slim_337598404 slim_337598525 slim_337598423 slim_337598529 slim_337598461 slim_337598388 slim_337598384 slim_337598421 slim_337598544 slim_337598398 slim_337598035 slim_337598497 slim_337598429 slim_337598523 slim_337598452 slim_337598500 slim_337598530 slim_337598522 slim_337598469 slim_337598223 slim_337598526 slim_337598204 slim_337598531 slim_337598304 slim_337598550 slim_337598471 slim_337598432 slim_337598533 slim_337598472 slim_337598519 slim_337598542 slim_337598549 slim_337598397 slim_337598539 slim_337597949 slim_337598279 slim_337598368 slim_337598474 slim_337597958 slim_337598354
0 6.9e-06 6.55e-06 6.8e-06 1.235e-05 5e-06 4.85e-06 5.35e-06 5.5e-06 6.8e-06 5.05e-06 1.085e-05 6.65e-06 1.295e-05 5.25e-06 1.215e-05 5.2e-06 1.22e-05 1.07e-05 6.4e-06 9.75e-06 1.205e-05 6.5e-06 6.1e-06 1.22e-05 1.12e-05 6.05e-06 6.5e-06 1.095e-05 5.25e-06 5.55e-06 8.45e-06 5.7e-06 6.35e-06 6.6e-06 6.35e-06 6.35e-06 6.7e-06 1.09e-05 6.75e-06 5.65e-06 1.08e-05 1.225e-05 6.1e-06 4.95e-06 1.64e-05 8.45e-06 8.85e-06 5.85e-06 5.85e-06 1.09e-05 5.25e-06 5.25e-06 1.085e-05 8.4e-06 5.25e-06 5.55e-06 6.85e-06 7e-06 1.16e-05 6.4e-06 6.15e-06 5.85e-06 6.45e-06 6.85e-06 6.65e-06 1.805e-05 4.65e-06 4.9e-06 1.2e-05 1.215e-05 1.04e-05 5.85e-06 6.7e-06 1.205e-05 1.14e-05 6.5e-06 1.23e-05 1.2e-05 1.215e-05 6.65e-06 1.205e-05 6.45e-06 8e-06 1.215e-05 7.2e-06 1.025e-05 1.225e-05 6.3e-06 5.95e-06 4.8e-06 5.15e-06 5.2e-06 1.075e-05 6.35e-06 6.6e-06 9.85e-06 1.01e-05 8.4e-06 1.21e-05 8.5e-06
1 6.55e-06 8.4e-06 7.1e-06 1.225e-05 5.9e-06 6.2e-06 7.2e-06 6.45e-06 6.3e-06 5.2e-06 1.105e-05 5.05e-06 1.24e-05 5.65e-06 1.18e-05 5.65e-06 1.24e-05 1.265e-05 6.35e-06 1.075e-05 1.235e-05 6.65e-06 5.35e-06 1.105e-05 1.16e-05 5.4e-06 4.95e-06 1.17e-05 7.05e-06 6.9e-06 7.85e-06 7.15e-06 4.85e-06 5.45e-06 5.95e-06 4.25e-06 5.55e-06 9.95e-06 4.4e-06 5.85e-06 1.22e-05 1.135e-05 6.65e-06 5.25e-06 1.675e-05 7.75e-06 8.25e-06 4.9e-06 5.3e-06 1.25e-05 5.55e-06 6.2e-06 1.245e-05 7.15e-06 5.85e-06 5.85e-06 5.4e-06 6.9e-06 1.16e-05 6.8e-06 6.15e-06 5.65e-06 4.45e-06 6.55e-06 5.6e-06 1.84e-05 6.85e-06 5.1e-06 1.135e-05 1.17e-05 1.025e-05 5.5e-06 5.1e-06 1.155e-05 1.24e-05 4.8e-06 1.075e-05 1.025e-05 1.115e-05 5.85e-06 1.115e-05 5.4e-06 7.8e-06 1.175e-05 5.8e-06 9.2e-06 1.23e-05 4.35e-06 6.8e-06 6.05e-06 6.1e-06 6.35e-06 1.22e-05 5.7e-06 5.3e-06 1e-05 1.215e-05 7.65e-06 1.17e-05 7.8e-06
2 6.8e-06 7.1e-06 1.04e-05 1.255e-05 6.9e-06 7.8e-06 8.2e-06 7.45e-06 8.9e-06 7.1e-06 1.065e-05 7.5e-06 1.06e-05 7.35e-06 1.245e-05 6.65e-06 1.22e-05 1.195e-05 8.4e-06 1.065e-05 1.22e-05 8.45e-06 6.85e-06 1.095e-05 1.135e-05 7.85e-06 7.3e-06 1.145e-05 8.3e-06 8.05e-06 8.1e-06 8.5e-06 8.35e-06 7.25e-06 7.35e-06 5.7e-06 7.4e-06 1.18e-05 7.15e-06 7.75e-06 1.05e-05 1.23e-05 8.05e-06 5.8e-06 1.53e-05 8.1e-06 8.5e-06 6.25e-06 6.95e-06 1.155e-05 7.9e-06 7.2e-06 1.145e-05 6.6e-06 7.55e-06 7.65e-06 7.8e-06 7.85e-06 1.2e-05 8.1e-06 8.3e-06 7.7e-06 7.15e-06 8.85e-06 8.5e-06 1.575e-05 7.45e-06 5.45e-06 1.1e-05 1.085e-05 1.08e-05 7.7e-06 7.7e-06 1.24e-05 1.155e-05 7.3e-06 1.235e-05 1.27e-05 1.225e-05 8.5e-06 1.09e-05 8.3e-06 7.7e-06 1.21e-05 7.7e-06 6.3e-06 1.24e-05 5.65e-06 7.9e-06 6.9e-06 8.05e-06 8.5e-06 1.075e-05 8.3e-06 8.45e-06 9.85e-06 1.11e-05 6.75e-06 1.245e-05 8.15e-06
3 1.235e-05 1.225e-05 1.255e-05 1.82e-05 1.305e-05 1.135e-05 1.305e-05 1.245e-05 1.19e-05 1.155e-05 1.245e-05 1.23e-05 1.195e-05 1.125e-05 1.19e-05 1.32e-05 1.13e-05 1.295e-05 1.165e-05 1.195e-05 1.285e-05 1.265e-05 1.28e-05 1.15e-05 1.08e-05 1.05e-05 1.205e-05 1.08e-05 1.285e-05 1.31e-05 1.19e-05 1.325e-05 1.09e-05 1.11e-05 1.305e-05 1.33e-05 1.18e-05 1.16e-05 1.245e-05 1.13e-05 1.2e-05 1.22e-05 1.13e-05 1.27e-05 1.225e-05 1.18e-05 1.25e-05 1.185e-05 1.225e-05 1.28e-05 1.2e-05 1.22e-05 1.255e-05 1.32e-05 1.165e-05 1.13e-05 1.24e-05 1.13e-05 9.5e-06 1.32e-05 1.12e-05 1.195e-05 1.215e-05 1.235e-05 1.195e-05 1.26e-05 1.24e-05 1.24e-05 1.32e-05 1.295e-05 1.13e-05 1.17e-05 1.245e-05 9.95e-06 1.275e-05 1.205e-05 1.045e-05 1.105e-05 1.03e-05 1.18e-05 1.325e-05 1.175e-05 1.13e-05 1.145e-05 1.16e-05 1.33e-05 1.115e-05 1.325e-05 1.265e-05 1.17e-05 1.18e-05 1.195e-05 1.23e-05 1.205e-05 1e-05 1.145e-05 1.25e-05 1.315e-05 1.035e-05 1.19e-05
4 5e-06 5.9e-06 6.9e-06 1.305e-05 5.5e-06 4.05e-06 6.6e-06 6.3e-06 7.05e-06 5.8e-06 1.135e-05 6.1e-06 1.295e-05 6.1e-06 1.23e-05 3.75e-06 1.305e-05 1.155e-05 6.7e-06 9.1e-06 1.265e-05 7.2e-06 5.8e-06 1.15e-05 1.19e-05 6.35e-06 5.45e-06 1.235e-05 6.2e-06 4.9e-06 9e-06 5.9e-06 6.2e-06 6.15e-06 5.15e-06 4.85e-06 6.25e-06 1.115e-05 5.75e-06 5.9e-06 1.23e-05 1.24e-05 6.9e-06 4.85e-06 1.735e-05 8.5e-06 8.95e-06 5.3e-06 4.8e-06 1.1e-05 4.7e-06 6.05e-06 1.1e-05 8e-06 6.5e-06 6.3e-06 5.9e-06 7.15e-06 1.155e-05 7.55e-06 6.25e-06 6.2e-06 5.5e-06 7.25e-06 6.9e-06 1.925e-05 5.65e-06 5.25e-06 1.14e-05 1.205e-05 9.95e-06 6.05e-06 4.95e-06 1.215e-05 1.195e-05 5.85e-06 1.25e-05 1.225e-05 1.225e-05 6.9e-06 1.175e-05 6.7e-06 7.9e-06 1.265e-05 6.8e-06 9.6e-06 1.3e-05 4.4e-06 6.6e-06 5.05e-06 5.1e-06 6.3e-06 1.22e-05 6.35e-06 7e-06 9.75e-06 9.8e-06 7.85e-06 1.225e-05 8.55e-06
5 4.85e-06 6.2e-06 7.8e-06 1.135e-05 4.05e-06 5.3e-06 6.25e-06 5.95e-06 5.75e-06 4.95e-06 1.105e-05 6.2e-06 1.23e-05 5.05e-06 1.13e-05 4.8e-06 1.195e-05 1.145e-05 5.6e-06 8.4e-06 1.235e-05 6.6e-06 6.5e-06 1.16e-05 1.1e-05 4.8e-06 5.55e-06 1.155e-05 5.8e-06 4.5e-06 8e-06 5.4e-06 4.65e-06 6.4e-06 6.2e-06 7.05e-06 6.35e-06 1.03e-05 5.9e-06 4.85e-06 1.225e-05 1.16e-05 5.9e-06 5.9e-06 1.73e-05 7.5e-06 8.2e-06 5.95e-06 5.65e-06 1.095e-05 3.85e-06 5.7e-06 1.095e-05 9.1e-06 5.45e-06 5.25e-06 5.65e-06 5.85e-06 9.45e-06 7.25e-06 4.7e-06 5.35e-06 5.55e-06 6.25e-06 5.8e-06 1.925e-05 5.5e-06 6.3e-06 1.225e-05 1.315e-05 8.65e-06 5.25e-06 5.45e-06 1.03e-05 1.195e-05 5.95e-06 1.085e-05 1.06e-05 1.06e-05 5.7e-06 1.285e-05 5.6e-06 6.65e-06 1.165e-05 6.9e-06 1.055e-05 1.215e-05 6.6e-06 6.3e-06 4.35e-06 4.05e-06 5.2e-06 1.215e-05 5.4e-06 5.35e-06 8.9e-06 9.75e-06 8.95e-06 1.065e-05 7.55e-06
6 5.35e-06 7.2e-06 8.2e-06 1.305e-05 6.6e-06 6.25e-06 7.5e-06 7.55e-06 8e-06 7.2e-06 1.105e-05 7.05e-06 1.285e-05 6.9e-06 1.265e-05 6.15e-06 1.15e-05 1.075e-05 5.85e-06 1.105e-05 1.295e-05 8.1e-06 6.1e-06 1.31e-05 1.3e-05 6.55e-06 7.05e-06 1.215e-05 6.05e-06 6.25e-06 8.25e-06 5.55e-06 7.35e-06 6.6e-06 5.95e-06 6.65e-06 6.55e-06 1.225e-05 7.3e-06 7.15e-06 1.125e-05 1.285e-05 6.9e-06 6.75e-06 1.63e-05 8.25e-06 8.75e-06 6.3e-06 7.5e-06 1.075e-05 6.55e-06 7.3e-06 1.075e-05 7.95e-06 7.15e-06 7.05e-06 7.15e-06 8.35e-06 1.305e-05 5.75e-06 7.55e-06 7.6e-06 6.95e-06 6.15e-06 7.95e-06 1.62e-05 5.55e-06 6.4e-06 1.21e-05 1.145e-05 1.12e-05 7.45e-06 8e-06 1.33e-05 1.26e-05 7.05e-06 1.355e-05 1.305e-05 1.35e-05 7.95e-06 1.23e-05 7.75e-06 8e-06 1.195e-05 7.1e-06 9.7e-06 1.22e-05 6.6e-06 7.85e-06 6.9e-06 6.35e-06 5.7e-06 1.18e-05 6.4e-06 6.95e-06 1.155e-05 1.12e-05 8.05e-06 1.345e-05 8.3e-06
7 5.5e-06 6.45e-06 7.45e-06 1.245e-05 6.3e-06 5.95e-06 7.55e-06 5e-06 4.7e-06 4.6e-06 9.4e-06 6.5e-06 1.31e-05 4.05e-06 1.11e-05 6.8e-06 1.2e-05 1.205e-05 6.3e-06 1.05e-05 9.35e-06 3.05e-06 6.15e-06 1.245e-05 1e-05 6.4e-06 6.65e-06 1.05e-05 5.65e-06 6.65e-06 8.2e-06 7.55e-06 5.4e-06 7.6e-06 6.55e-06 7.15e-06 7.7e-06 9.75e-06 7e-06 4.8e-06 1.09e-05 1.12e-05 6.05e-06 5.4e-06 1.575e-05 8.55e-06 8.9e-06 7.05e-06 5e-06 1.21e-05 5.95e-06 3.15e-06 1.205e-05 9.15e-06 4.45e-06 4.35e-06 7.15e-06 6.45e-06 1.125e-05 5.7e-06 4.55e-06 4.85e-06 6.75e-06 6.25e-06 4.65e-06 1.83e-05 5.95e-06 5.15e-06 1.2e-05 1.305e-05 1.03e-05 5e-06 6.55e-06 1.13e-05 1.025e-05 6.4e-06 1.125e-05 1.085e-05 1.14e-05 4.65e-06 1.165e-05 4.15e-06 8.5e-06 1.19e-05 8.3e-06 1.14e-05 1.205e-05 7.35e-06 3.85e-06 4.45e-06 5.5e-06 6.6e-06 1.08e-05 5.85e-06 6.7e-06 9.8e-06 1.1e-05 9.65e-06 1.13e-05 8.6e-06
8 6.8e-06 6.3e-06 8.9e-06 1.19e-05 7.05e-06 5.75e-06 8e-06 4.7e-06 5.8e-06 4.95e-06 9.85e-06 6.25e-06 1.23e-05 4.35e-06 9.95e-06 7.5e-06 1.245e-05 1.255e-05 6.15e-06 1e-05 1.025e-05 3.15e-06 7.2e-06 1.275e-05 1.06e-05 4.85e-06 5.65e-06 1.165e-05 5.7e-06 6.6e-06 7.4e-06 7.2e-06 3.85e-06 7.25e-06 7.25e-06 8.15e-06 7.15e-06 9.25e-06 6.35e-06 4.5e-06 1.26e-05 1.075e-05 6.25e-06 6.9e-06 1.665e-05 7.3e-06 8.1e-06 7.2e-06 5.55e-06 1.305e-05 5.5e-06 4.3e-06 1.3e-05 9.95e-06 5.1e-06 4.5e-06 5.9e-06 5.9e-06 1.075e-05 6.5e-06 3.9e-06 5.35e-06 6.05e-06 5.9e-06 3.75e-06 1.94e-05 7.1e-06 7e-06 1.255e-05 1.39e-05 9.45e-06 5.2e-06 6.05e-06 1.01e-05 1.17e-05 5.8e-06 1.015e-05 9.3e-06 1.065e-05 3.4e-06 1.275e-05 3.7e-06 8e-06 1.11e-05 7.85e-06 1.18e-05 1.185e-05 7.95e-06 4.85e-06 5.6e-06 5e-06 6.15e-06 1.255e-05 5.45e-06 5.25e-06 9.35e-06 1.215e-05 1.005e-05 1.05e-05 7.4e-06
9 5.05e-06 5.2e-06 7.1e-06 1.155e-05 5.8e-06 4.95e-06 7.2e-06 4.6e-06 4.95e-06 6.2e-06 1.04e-05 5.7e-06 1.205e-05 3.95e-06 1.075e-05 6.3e-06 1.18e-05 1.21e-05 5.55e-06 9.6e-06 1.105e-05 5.05e-06 6.2e-06 1.165e-05 1.005e-05 5e-06 5.7e-06 1.055e-05 6.2e-06 5.8e-06 7.35e-06 6.65e-06 3.7e-06 6.7e-06 6.3e-06 7e-06 6.8e-06 8.6e-06 5.05e-06 4.4e-06 1.115e-05 1.025e-05 5.7e-06 5.1e-06 1.61e-05 7.35e-06 7.8e-06 6.3e-06 5e-06 1.195e-05 4.3e-06 4.35e-06 1.19e-05 8.75e-06 3.75e-06 4.3e-06 6.05e-06 5.5e-06 1.035e-05 6e-06 4.75e-06 4.05e-06 5.1e-06 5.75e-06 4.2e-06 1.86e-05 5.9e-06 5.3e-06 1.205e-05 1.3e-05 9.2e-06 4.05e-06 5.1e-06 1.035e-05 1.1e-05 5.7e-06 9.6e-06 9.2e-06 9.95e-06 4.5e-06 1.21e-05 4e-06 7.35e-06 1.13e-05 7e-06 1.05e-05 1.175e-05 6.95e-06 5.1e-06 4.2e-06 4.8e-06 5.65e-06 1.085e-05 4.5e-06 4.7e-06 8.45e-06 1.085e-05 9e-06 1.045e-05 7.4e-06
10 1.085e-05 1.105e-05 1.065e-05 1.245e-05 1.135e-05 1.105e-05 1.105e-05 9.4e-06 9.85e-06 1.04e-05 1.64e-05 1.12e-05 9.5e-06 1.035e-05 1.115e-05 1.12e-05 1.195e-05 1.17e-05 1.065e-05 1.055e-05 1.005e-05 8.75e-06 1.1e-05 1.265e-05 1.15e-05 1.065e-05 1.085e-05 1.2e-05 1.04e-05 1.06e-05 9.95e-06 1.085e-05 1.015e-05 1.11e-05 1.09e-05 1.125e-05 1.115e-05 1.145e-05 1.12e-05 1.04e-05 1.11e-05 1.13e-05 1.095e-05 1.07e-05 1.205e-05 9.8e-06 1.02e-05 1.095e-05 1.05e-05 1.16e-05 1.085e-05 9.45e-06 1.145e-05 1.03e-05 1.075e-05 1.05e-05 1.135e-05 1.08e-05 1.215e-05 1.04e-05 9.95e-06 1.08e-05 1.095e-05 1.05e-05 9.85e-06 1.21e-05 1.08e-05 1.075e-05 1.16e-05 1.195e-05 1.02e-05 1.065e-05 1.14e-05 1.2e-05 1.13e-05 1.1e-05 1.185e-05 1.2e-05 1.21e-05 9.85e-06 1.165e-05 9.35e-06 9.95e-06 1.09e-05 1.18e-05 1.015e-05 1.15e-05 1.105e-05 1e-05 1.07e-05 1.09e-05 1.135e-05 1.095e-05 1.065e-05 1.075e-05 1.015e-05 1.15e-05 1.05e-05 1.205e-05 9.85e-06
11 6.65e-06 5.05e-06 7.5e-06 1.23e-05 6.1e-06 6.2e-06 7.05e-06 6.5e-06 6.25e-06 5.7e-06 1.12e-05 8.9e-06 1.29e-05 5.5e-06 1.18e-05 5.85e-06 1.215e-05 1.28e-05 6.2e-06 1.095e-05 1.245e-05 6.7e-06 5.4e-06 1.145e-05 1.16e-05 5.4e-06 5e-06 1.175e-05 7.15e-06 7e-06 8.05e-06 7.25e-06 5.35e-06 5.65e-06 5.85e-06 4.65e-06 5.45e-06 1.05e-05 5.3e-06 5.8e-06 1.23e-05 1.19e-05 6.6e-06 5.4e-06 1.69e-05 8.05e-06 8.7e-06 5.05e-06 5.45e-06 1.265e-05 6.1e-06 6.25e-06 1.26e-05 7.8e-06 5.4e-06 5.7e-06 5.35e-06 6.95e-06 1.15e-05 6.6e-06 6.1e-06 6.1e-06 5.05e-06 6.4e-06 6.1e-06 1.855e-05 6.95e-06 5.3e-06 1.155e-05 1.19e-05 1.03e-05 6e-06 5.65e-06 1.145e-05 1.25e-05 5e-06 1.12e-05 1.08e-05 1.155e-05 6.2e-06 1.15e-05 5.9e-06 8.1e-06 1.175e-05 6.3e-06 9.95e-06 1.245e-05 4.6e-06 6.85e-06 6e-06 6e-06 5.9e-06 1.23e-05 5.95e-06 5.85e-06 1.055e-05 1.23e-05 8.15e-06 1.175e-05 8.1e-06
12 1.295e-05 1.24e-05 1.06e-05 1.195e-05 1.295e-05 1.23e-05 1.285e-05 1.31e-05 1.23e-05 1.205e-05 9.5e-06 1.29e-05 1.18e-05 1.245e-05 1.1e-05 1.28e-05 1.2e-05 1.19e-05 1.23e-05 9.3e-06 1.185e-05 1.295e-05 1.32e-05 1.22e-05 1.165e-05 1.16e-05 1.205e-05 1.295e-05 1.31e-05 1.16e-05 9.05e-06 1.18e-05 1.12e-05 1.25e-05 1.285e-05 1.32e-05 1.255e-05 1.195e-05 1.205e-05 1.22e-05 1.17e-05 1.105e-05 1.295e-05 1.295e-05 1.155e-05 8.6e-06 9.05e-06 1.24e-05 1.27e-05 1.16e-05 1.185e-05 1.285e-05 1.14e-05 9.8e-06 1.3e-05 1.265e-05 1.255e-05 1.075e-05 1.16e-05 1.275e-05 1.245e-05 1.245e-05 1.205e-05 1.24e-05 1.21e-05 1.055e-05 1.29e-05 1.325e-05 1.195e-05 1.205e-05 9.6e-06 1.235e-05 1.25e-05 1.13e-05 1.225e-05 1.245e-05 1.1e-05 1.17e-05 1.13e-05 1.195e-05 1.225e-05 1.19e-05 8.85e-06 1.045e-05 1.295e-05 7.1e-06 1.155e-05 1.275e-05 1.345e-05 1.28e-05 1.235e-05 1.29e-05 1.155e-05 1.2e-05 1.155e-05 8.9e-06 1.15e-05 9.75e-06 1.145e-05 8.6e-06
13 5.25e-06 5.65e-06 7.35e-06 1.125e-05 6.1e-06 5.05e-06 6.9e-06 4.05e-06 4.35e-06 3.95e-06 1.035e-05 5.5e-06 1.245e-05 4.8e-06 1.005e-05 6.6e-06 1.095e-05 1.195e-05 5.25e-06 9.75e-06 1.055e-05 4.65e-06 5.5e-06 1.17e-05 9.15e-06 4.8e-06 5.55e-06 9.55e-06 6.15e-06 6.15e-06 6.85e-06 7e-06 4.45e-06 6.95e-06 6.05e-06 6.9e-06 6.9e-06 8.9e-06 6.25e-06 3.75e-06 1.07e-05 1.07e-05 5.3e-06 5.3e-06 1.535e-05 7.45e-06 8.15e-06 6.5e-06 4.85e-06 1.18e-05 5.2e-06 3.5e-06 1.175e-05 8.9e-06 3.45e-06 3.05e-06 5.8e-06 4.95e-06 9.9e-06 5.05e-06 4.5e-06 4.2e-06 5.95e-06 5.45e-06 4.75e-06 1.8e-05 5.7e-06 4.9e-06 1.19e-05 1.285e-05 9.45e-06 4.4e-06 5.9e-06 9.65e-06 1.035e-05 5.15e-06 1e-05 9.25e-06 1.02e-05 4.4e-06 1.155e-05 4.55e-06 7.7e-06 1.07e-05 7.55e-06 1.13e-05 1.155e-05 7.25e-06 4.55e-06 3.5e-06 4.05e-06 5.45e-06 1.06e-05 4.8e-06 5.5e-06 9.1e-06 1.07e-05 9.55e-06 1e-05 7.5e-06
14 1.215e-05 1.18e-05 1.245e-05 1.19e-05 1.23e-05 1.13e-05 1.265e-05 1.11e-05 9.95e-06 1.075e-05 1.115e-05 1.18e-05 1.1e-05 1.005e-05 1.77e-05 1.275e-05 1.16e-05 1.1e-05 1.125e-05 1.08e-05 9.75e-06 1.065e-05 1.205e-05 1.245e-05 1.045e-05 1.06e-05 1.13e-05 1.175e-05 1.2e-05 1.11e-05 1.075e-05 1.165e-05 9.8e-06 1.29e-05 1.205e-05 1.335e-05 1.28e-05 1.01e-05 1.2e-05 1.035e-05 1.175e-05 9.65e-06 1.21e-05 1.24e-05 1.07e-05 1.075e-05 1.155e-05 1.265e-05 1.12e-05 1.18e-05 1.105e-05 1.09e-05 1.19e-05 1.295e-05 1.08e-05 1.025e-05 1.155e-05 1.03e-05 1.075e-05 1.15e-05 1.065e-05 1.115e-05 1.17e-05 1.1e-05 1.05e-05 1.19e-05 1.245e-05 1.235e-05 1.115e-05 1.275e-05 1.035e-05 1.105e-05 1.17e-05 1.01e-05 1.05e-05 1.13e-05 1.015e-05 9.7e-06 1.065e-05 1.015e-05 1.12e-05 1.025e-05 1.145e-05 1.045e-05 1.35e-05 1.3e-05 1.075e-05 1.33e-05 1.15e-05 1.125e-05 1.045e-05 1.155e-05 1.175e-05 1.055e-05 1.12e-05 1.045e-05 1.09e-05 1.32e-05 1.05e-05 1.085e-05
15 5.2e-06 5.65e-06 6.65e-06 1.32e-05 3.75e-06 4.8e-06 6.15e-06 6.8e-06 7.5e-06 6.3e-06 1.12e-05 5.85e-06 1.28e-05 6.6e-06 1.275e-05 6.6e-06 1.31e-05 1.17e-05 6.85e-06 9.55e-06 1.31e-05 7.65e-06 5.6e-06 1.145e-05 1.255e-05 6.1e-06 5.2e-06 1.235e-05 6.35e-06 5.4e-06 8.85e-06 6.05e-06 6.65e-06 5.4e-06 5.65e-06 3.9e-06 5.5e-06 1.16e-05 5.5e-06 6.55e-06 1.215e-05 1.285e-05 7.1e-06 4.65e-06 1.72e-05 8.35e-06 8.8e-06 4.45e-06 5.65e-06 1.09e-05 5.2e-06 6.55e-06 1.09e-05 7.15e-06 7e-06 6.95e-06 5.65e-06 7.65e-06 1.24e-05 7.4e-06 6.9e-06 6.7e-06 5.25e-06 7.35e-06 7.35e-06 1.85e-05 5.65e-06 5e-06 1.115e-05 1.13e-05 1.06e-05 6.75e-06 5.8e-06 1.28e-05 1.265e-05 5.6e-06 1.3e-05 1.27e-05 1.29e-05 7.35e-06 1.15e-05 7.15e-06 7.95e-06 1.25e-05 6.05e-06 8.75e-06 1.295e-05 3.45e-06 7.3e-06 5.6e-06 5.6e-06 6.45e-06 1.21e-05 7e-06 6.95e-06 1.025e-05 1.035e-05 7.1e-06 1.29e-05 8.4e-06
16 1.22e-05 1.24e-05 1.22e-05 1.13e-05 1.305e-05 1.195e-05 1.15e-05 1.2e-05 1.245e-05 1.18e-05 1.195e-05 1.215e-05 1.2e-05 1.095e-05 1.16e-05 1.31e-05 1.93e-05 1.225e-05 1.085e-05 1.245e-05 1.185e-05 1.25e-05 1.135e-05 1.18e-05 1.065e-05 1.19e-05 1.255e-05 1.14e-05 1.3e-05 1.265e-05 1.15e-05 1.28e-05 1.205e-05 1.275e-05 1.145e-05 1.275e-05 1.27e-05 1.185e-05 1.3e-05 1.155e-05 1.06e-05 1.19e-05 1.19e-05 1.225e-05 1.06e-05 1.195e-05 1.255e-05 1.255e-05 1.22e-05 1.15e-05 1.26e-05 1.175e-05 1.13e-05 1.225e-05 1.12e-05 1.1e-05 1.28e-05 1.16e-05 1.025e-05 1.1e-05 1.175e-05 1.22e-05 1.27e-05 1.125e-05 1.25e-05 1.01e-05 1.235e-05 1.175e-05 1.22e-05 1.2e-05 1.17e-05 1.195e-05 1.31e-05 1.09e-05 1.145e-05 1.215e-05 1.135e-05 1.19e-05 1.12e-05 1.24e-05 1.185e-05 1.23e-05 1.145e-05 1.115e-05 1.335e-05 1.265e-05 1.18e-05 1.31e-05 1.22e-05 1.165e-05 1.185e-05 1.21e-05 1.1e-05 1.125e-05 1.22e-05 1.21e-05 1.155e-05 1.3e-05 1.115e-05 1.2e-05
17 1.07e-05 1.265e-05 1.195e-05 1.295e-05 1.155e-05 1.145e-05 1.075e-05 1.205e-05 1.255e-05 1.21e-05 1.17e-05 1.28e-05 1.19e-05 1.195e-05 1.1e-05 1.17e-05 1.225e-05 1.89e-05 1.225e-05 1.12e-05 1.08e-05 1.215e-05 1.21e-05 1.285e-05 1.19e-05 1.225e-05 1.26e-05 1.225e-05 1.095e-05 1.08e-05 1.22e-05 1.05e-05 1.2e-05 1.295e-05 1.22e-05 1.275e-05 1.3e-05 1.2e-05 1.285e-05 1.215e-05 1.145e-05 1.11e-05 1.28e-05 1.23e-05 1.12e-05 1.215e-05 1.255e-05 1.235e-05 1.21e-05 1.08e-05 1.145e-05 1.185e-05 1.09e-05 1.24e-05 1.235e-05 1.21e-05 1.295e-05 1.22e-05 1.235e-05 1.22e-05 1.23e-05 1.25e-05 1.255e-05 1.22e-05 1.24e-05 1.14e-05 1.125e-05 1.2e-05 1.115e-05 1.195e-05 1.17e-05 1.235e-05 1.285e-05 1.24e-05 1.095e-05 1.26e-05 1.235e-05 1.235e-05 1.25e-05 1.24e-05 1.12e-05 1.215e-05 1.21e-05 1.185e-05 1.355e-05 1.23e-05 1.135e-05 1.27e-05 1.24e-05 1.21e-05 1.14e-05 1.125e-05 1.17e-05 1.195e-05 1.265e-05 1.18e-05 1.02e-05 1.24e-05 1.245e-05 1.22e-05
18 6.4e-06 6.35e-06 8.4e-06 1.165e-05 6.7e-06 5.6e-06 5.85e-06 6.3e-06 6.15e-06 5.55e-06 1.065e-05 6.2e-06 1.23e-05 5.25e-06 1.125e-05 6.85e-06 1.085e-05 1.225e-05 7.4e-06 1.06e-05 1.195e-05 6.65e-06 5.5e-06 1.24e-05 1.15e-05 5.35e-06 6.2e-06 1.12e-05 7.05e-06 6.35e-06 7.45e-06 6.8e-06 5.2e-06 6.45e-06 5.35e-06 7.2e-06 6.55e-06 1.06e-05 6.45e-06 5.55e-06 1.14e-05 1.145e-05 6.1e-06 6.5e-06 1.615e-05 7.45e-06 8.05e-06 6.55e-06 6.3e-06 1.155e-05 5.85e-06 6.05e-06 1.155e-05 8.55e-06 5.45e-06 5.45e-06 6.3e-06 6.65e-06 1.1e-05 5.55e-06 5.75e-06 5.95e-06 6.05e-06 4.85e-06 6.1e-06 1.695e-05 6.45e-06 6.45e-06 1.205e-05 1.23e-05 9.75e-06 5.85e-06 6.55e-06 1.12e-05 1.185e-05 6.2e-06 1.14e-05 1.08e-05 1.14e-05 6.1e-06 1.23e-05 5.9e-06 7.25e-06 1.115e-05 6.95e-06 1.045e-05 1.15e-05 7.15e-06 6.65e-06 5.55e-06 5.65e-06 6.1e-06 1.16e-05 4.85e-06 5.4e-06 1.015e-05 1.13e-05 8.85e-06 1.145e-05 7.5e-06
19 9.75e-06 1.075e-05 1.065e-05 1.195e-05 9.1e-06 8.4e-06 1.105e-05 1.05e-05 1e-05 9.6e-06 1.055e-05 1.095e-05 9.3e-06 9.75e-06 1.08e-05 9.55e-06 1.245e-05 1.12e-05 1.06e-05 1.5e-05 1.175e-05 1.075e-05 1.14e-05 1.22e-05 1.1e-05 9.6e-06 1.015e-05 1.235e-05 1.03e-05 8.65e-06 1.045e-05 9.6e-06 9.05e-06 1.125e-05 1.115e-05 1.18e-05 1.13e-05 1.07e-05 1.055e-05 9.65e-06 1.22e-05 1.11e-05 1.11e-05 1.075e-05 1.305e-05 9.9e-06 1.045e-05 1.09e-05 1.03e-05 1.09e-05 8.45e-06 1.025e-05 1.085e-05 1.17e-05 1.03e-05 1.01e-05 1.05e-05 9.3e-06 1.075e-05 1.15e-05 9.95e-06 1e-05 1.025e-05 1.085e-05 1.005e-05 1.425e-05 1.02e-05 1.115e-05 1.21e-05 1.305e-05 9.2e-06 1.005e-05 1.02e-05 1.065e-05 1.19e-05 1.055e-05 1.07e-05 1.085e-05 1.09e-05 9.9e-06 1.255e-05 9.85e-06 1.005e-05 1.13e-05 1.185e-05 1.115e-05 1.2e-05 1.135e-05 1.1e-05 9.65e-06 8.7e-06 1e-05 1.21e-05 1.01e-05 1.005e-05 8.3e-06 9.8e-06 1.155e-05 1.08e-05 1e-05
20 1.205e-05 1.235e-05 1.22e-05 1.285e-05 1.265e-05 1.235e-05 1.295e-05 9.35e-06 1.025e-05 1.105e-05 1.005e-05 1.245e-05 1.185e-05 1.055e-05 9.75e-06 1.31e-05 1.185e-05 1.08e-05 1.195e-05 1.175e-05 1.58e-05 8.5e-06 1.195e-05 1.29e-05 1.05e-05 1.24e-05 1.255e-05 1.16e-05 1.13e-05 1.175e-05 1.175e-05 1.235e-05 1.085e-05 1.375e-05 1.22e-05 1.335e-05 1.38e-05 1.065e-05 1.29e-05 1.11e-05 1.115e-05 9.85e-06 1.255e-05 1.215e-05 1.035e-05 1.205e-05 1.24e-05 1.335e-05 1.1e-05 1.18e-05 1.195e-05 9.55e-06 1.19e-05 1.295e-05 1.095e-05 1.07e-05 1.305e-05 1.145e-05 1.18e-05 1.13e-05 1.05e-05 1.145e-05 1.265e-05 1.14e-05 1.02e-05 1.145e-05 1.235e-05 1.185e-05 1.095e-05 1.265e-05 1.14e-05 1.13e-05 1.25e-05 1.145e-05 9.6e-06 1.23e-05 1.11e-05 1.1e-05 1.155e-05 1.02e-05 1.06e-05 9.65e-06 1.24e-05 1.14e-05 1.445e-05 1.325e-05 1.095e-05 1.355e-05 1.01e-05 1.155e-05 1.155e-05 1.235e-05 1.115e-05 1.125e-05 1.255e-05 1.135e-05 1.09e-05 1.345e-05 1.145e-05 1.21e-05
21 6.5e-06 6.65e-06 8.45e-06 1.265e-05 7.2e-06 6.6e-06 8.1e-06 3.05e-06 3.15e-06 5.05e-06 8.75e-06 6.7e-06 1.295e-05 4.65e-06 1.065e-05 7.65e-06 1.25e-05 1.215e-05 6.65e-06 1.075e-05 8.5e-06 1.5e-06 6.9e-06 1.3e-05 1.045e-05 6.45e-06 6.7e-06 1.13e-05 4.7e-06 7.05e-06 8.2e-06 7.7e-06 4.7e-06 7.9e-06 7.2e-06 7.95e-06 7.95e-06 9.6e-06 7.05e-06 5.05e-06 1.18e-05 1.075e-05 6.5e-06 6.45e-06 1.61e-05 8.4e-06 8.75e-06 7.7e-06 5.15e-06 1.285e-05 6.2e-06 2.65e-06 1.28e-05 9.75e-06 5.05e-06 4.75e-06 7.2e-06 6.85e-06 1.16e-05 6.1e-06 3.45e-06 5.45e-06 6.8e-06 6.1e-06 3.15e-06 1.875e-05 6.8e-06 6.3e-06 1.215e-05 1.36e-05 1.03e-05 5.25e-06 6.65e-06 1.125e-05 1.06e-05 6.6e-06 1.09e-05 1.04e-05 1.135e-05 3.15e-06 1.195e-05 3.1e-06 8.75e-06 1.185e-05 8.6e-06 1.185e-05 1.185e-05 8e-06 3.15e-06 5.7e-06 5.9e-06 6.75e-06 1.175e-05 5.95e-06 6.4e-06 1.005e-05 1.195e-05 1.01e-05 1.125e-05 8.45e-06
22 6.1e-06 5.35e-06 6.85e-06 1.28e-05 5.8e-06 6.5e-06 6.1e-06 6.15e-06 7.2e-06 6.2e-06 1.1e-05 5.4e-06 1.32e-05 5.5e-06 1.205e-05 5.6e-06 1.135e-05 1.21e-05 5.5e-06 1.14e-05 1.195e-05 6.9e-06 6.9e-06 1.14e-05 1.16e-05 6.6e-06 5.75e-06 1.135e-05 7.15e-06 6.95e-06 8.2e-06 7.25e-06 6.95e-06 6e-06 4.9e-06 3.9e-06 6.1e-06 1.14e-05 6.15e-06 6.2e-06 1.11e-05 1.225e-05 6.75e-06 4.85e-06 1.605e-05 8.6e-06 9.1e-06 5.35e-06 5.4e-06 1.17e-05 6.9e-06 5.9e-06 1.17e-05 6.85e-06 5.75e-06 5.7e-06 6.1e-06 7.5e-06 1.2e-05 5.7e-06 6.65e-06 6.6e-06 5.9e-06 6.25e-06 7.15e-06 1.7e-05 6.5e-06 4.3e-06 1.085e-05 1.1e-05 1.085e-05 6.5e-06 6.45e-06 1.235e-05 1.145e-05 5.2e-06 1.265e-05 1.22e-05 1.255e-05 7.15e-06 1.025e-05 6.95e-06 8.25e-06 1.19e-05 6.65e-06 9.45e-06 1.23e-05 4.4e-06 6.5e-06 5.85e-06 6.3e-06 6.65e-06 1.115e-05 5.95e-06 7.25e-06 1.11e-05 1.125e-05 7.75e-06 1.25e-05 8.65e-06
23 1.22e-05 1.105e-05 1.095e-05 1.15e-05 1.15e-05 1.16e-05 1.31e-05 1.245e-05 1.275e-05 1.165e-05 1.265e-05 1.145e-05 1.22e-05 1.17e-05 1.245e-05 1.145e-05 1.18e-05 1.285e-05 1.24e-05 1.22e-05 1.29e-05 1.3e-05 1.14e-05 2.01e-05 1.12e-05 1.145e-05 1.12e-05 1.215e-05 1.305e-05 1.28e-05 1.225e-05 1.305e-05 1.17e-05 1.145e-05 1.185e-05 1.035e-05 1.155e-05 1.18e-05 1.08e-05 1.18e-05 1.2e-05 1.235e-05 1.235e-05 1.105e-05 1.215e-05 1.22e-05 1.275e-05 1.08e-05 1.13e-05 1.25e-05 1.2e-05 1.22e-05 1.225e-05 1.145e-05 1.21e-05 1.175e-05 1.165e-05 1.18e-05 1.05e-05 1.315e-05 1.19e-05 1.205e-05 1.105e-05 1.295e-05 1.24e-05 1.255e-05 1.27e-05 1.095e-05 1.17e-05 1.185e-05 1.185e-05 1.18e-05 1.145e-05 1.105e-05 1.245e-05 1.12e-05 1.125e-05 1.195e-05 1.105e-05 1.23e-05 1.165e-05 1.22e-05 1.155e-05 1.21e-05 1.16e-05 1.14e-05 1.27e-05 1.03e-05 1.265e-05 1.17e-05 1.215e-05 1.26e-05 1.21e-05 1.225e-05 1.195e-05 1.155e-05 1.205e-05 1.18e-05 1.135e-05 1.225e-05
24 1.12e-05 1.16e-05 1.135e-05 1.08e-05 1.19e-05 1.1e-05 1.3e-05 1e-05 1.06e-05 1.005e-05 1.15e-05 1.16e-05 1.165e-05 9.15e-06 1.045e-05 1.255e-05 1.065e-05 1.19e-05 1.15e-05 1.1e-05 1.05e-05 1.045e-05 1.16e-05 1.12e-05 1.66e-05 1.11e-05 1.17e-05 1.05e-05 1.195e-05 1.19e-05 1.125e-05 1.26e-05 1.055e-05 1.29e-05 1.2e-05 1.27e-05 1.295e-05 9.7e-06 1.23e-05 9.8e-06 1.055e-05 1.08e-05 1.125e-05 1.125e-05 1.015e-05 1.17e-05 1.22e-05 1.235e-05 1.055e-05 1.19e-05 1.13e-05 9.75e-06 1.165e-05 1.28e-05 9.7e-06 9.25e-06 1.22e-05 1.01e-05 9.3e-06 1.115e-05 1.03e-05 1.045e-05 1.205e-05 1.17e-05 1.07e-05 1.19e-05 1.155e-05 1.08e-05 1.2e-05 1.28e-05 1.08e-05 1.025e-05 1.17e-05 9.4e-06 1.02e-05 1.13e-05 9.6e-06 1.015e-05 9.65e-06 1.045e-05 1.15e-05 1.05e-05 1.16e-05 1.09e-05 1.36e-05 1.33e-05 1.165e-05 1.305e-05 1.025e-05 1.01e-05 1.05e-05 1.155e-05 1.06e-05 1.1e-05 1.16e-05 1.045e-05 1.09e-05 1.345e-05 9.55e-06 1.175e-05
25 6.05e-06 5.4e-06 7.85e-06 1.05e-05 6.35e-06 4.8e-06 6.55e-06 6.4e-06 4.85e-06 5e-06 1.065e-05 5.4e-06 1.16e-05 4.8e-06 1.06e-05 6.1e-06 1.19e-05 1.225e-05 5.35e-06 9.6e-06 1.24e-05 6.45e-06 6.6e-06 1.145e-05 1.11e-05 5e-06 4.45e-06 1.11e-05 6.4e-06 6.2e-06 6.95e-06 6.45e-06 3.8e-06 4.9e-06 6.7e-06 6.4e-06 5e-06 9.6e-06 4.95e-06 4.45e-06 1.22e-05 1.125e-05 5.35e-06 6.1e-06 1.68e-05 6.3e-06 7.35e-06 4.7e-06 6.05e-06 1.23e-05 4.95e-06 6.15e-06 1.225e-05 8.5e-06 5.45e-06 5e-06 4.55e-06 5.5e-06 1.015e-05 6.6e-06 5e-06 5.4e-06 4.75e-06 5.75e-06 5.25e-06 1.87e-05 6.35e-06 6.2e-06 1.205e-05 1.245e-05 9.05e-06 5.3e-06 5.6e-06 9.85e-06 1.26e-05 4.85e-06 1.02e-05 9.35e-06 1.045e-05 4.8e-06 1.265e-05 5.05e-06 6.75e-06 1.045e-05 5.25e-06 1.01e-05 1.115e-05 5.95e-06 6.75e-06 5.1e-06 4.85e-06 5.35e-06 1.24e-05 5.35e-06 3.75e-06 9e-06 1.195e-05 8.25e-06 1.04e-05 6.5e-06
26 6.5e-06 4.95e-06 7.3e-06 1.205e-05 5.45e-06 5.55e-06 7.05e-06 6.65e-06 5.65e-06 5.7e-06 1.085e-05 5e-06 1.205e-05 5.55e-06 1.13e-05 5.2e-06 1.255e-05 1.26e-05 6.2e-06 1.015e-05 1.255e-05 6.7e-06 5.75e-06 1.12e-05 1.17e-05 4.45e-06 7.5e-06 1.2e-05 6.85e-06 6.5e-06 7.6e-06 6.75e-06 4.9e-06 4.95e-06 5.85e-06 4.35e-06 4.9e-06 1.03e-05 4.8e-06 5.35e-06 1.255e-05 1.185e-05 6.4e-06 5.2e-06 1.695e-05 7.1e-06 7.9e-06 4.35e-06 5.25e-06 1.245e-05 5.65e-06 6.4e-06 1.24e-05 7.5e-06 6.2e-06 5.75e-06 4.25e-06 6.5e-06 1.125e-05 6.9e-06 5.75e-06 6.1e-06 4.55e-06 6.45e-06 5.95e-06 1.875e-05 6.8e-06 5.5e-06 1.13e-05 1.165e-05 9.75e-06 6e-06 5.15e-06 1.08e-05 1.275e-05 4.3e-06 1.125e-05 1.05e-05 1.15e-05 5.6e-06 1.165e-05 5.75e-06 7.4e-06 1.125e-05 5.6e-06 9.25e-06 1.22e-05 3.9e-06 7e-06 5.8e-06 5.6e-06 6.3e-06 1.255e-05 6.1e-06 5.35e-06 9.7e-06 1.21e-05 7.45e-06 1.14e-05 7e-06
27 1.095e-05 1.17e-05 1.145e-05 1.08e-05 1.235e-05 1.155e-05 1.215e-05 1.05e-05 1.165e-05 1.055e-05 1.2e-05 1.175e-05 1.295e-05 9.55e-06 1.175e-05 1.235e-05 1.14e-05 1.225e-05 1.12e-05 1.235e-05 1.16e-05 1.13e-05 1.135e-05 1.215e-05 1.05e-05 1.11e-05 1.2e-05 1.73e-05 1.205e-05 1.29e-05 1.195e-05 1.335e-05 1.135e-05 1.13e-05 1.2e-05 1.205e-05 1.18e-05 1.1e-05 1.24e-05 1.075e-05 1.065e-05 1.19e-05 1.075e-05 1.1e-05 1.095e-05 1.24e-05 1.285e-05 1.14e-05 1.13e-05 1.195e-05 1.185e-05 9.95e-06 1.2e-05 1.255e-05 1.025e-05 1.02e-05 1.245e-05 1.135e-05 1.1e-05 1.13e-05 1.115e-05 1.08e-05 1.21e-05 1.175e-05 1.155e-05 1.205e-05 1.095e-05 1.035e-05 1.23e-05 1.21e-05 1.22e-05 1.1e-05 1.245e-05 1.13e-05 1.12e-05 1.16e-05 1.15e-05 1.1e-05 1.145e-05 1.15e-05 1.185e-05 1.135e-05 1.21e-05 1.165e-05 1.2e-05 1.36e-05 1.095e-05 1.24e-05 1.1e-05 9.95e-06 1.125e-05 1.17e-05 1.08e-05 1.16e-05 1.075e-05 1.17e-05 1.155e-05 1.29e-05 1.14e-05 1.245e-05
28 5.25e-06 7.05e-06 8.3e-06 1.285e-05 6.2e-06 5.8e-06 6.05e-06 5.65e-06 5.7e-06 6.2e-06 1.04e-05 7.15e-06 1.31e-05 6.15e-06 1.2e-05 6.35e-06 1.3e-05 1.095e-05 7.05e-06 1.03e-05 1.13e-05 4.7e-06 7.15e-06 1.305e-05 1.195e-05 6.4e-06 6.85e-06 1.205e-05 8.6e-06 6.2e-06 8.75e-06 6e-06 5.95e-06 7.2e-06 7.3e-06 7.45e-06 7.25e-06 1.105e-05 7.1e-06 6.2e-06 1.22e-05 1.21e-05 6.85e-06 6.7e-06 1.705e-05 8.6e-06 9e-06 6.8e-06 6.35e-06 1.195e-05 5.8e-06 5.05e-06 1.19e-05 9.3e-06 6.55e-06 6.25e-06 7.2e-06 7.7e-06 1.225e-05 7.1e-06 5.35e-06 6.6e-06 6.8e-06 7e-06 5.45e-06 1.88e-05 5.8e-06 6.55e-06 1.245e-05 1.3e-05 1.07e-05 6.4e-06 7.1e-06 1.23e-05 1.205e-05 7e-06 1.225e-05 1.185e-05 1.24e-05 5.45e-06 1.265e-05 5.6e-06 8.55e-06 1.24e-05 7.8e-06 1.1e-05 1.235e-05 7.25e-06 5.4e-06 6.35e-06 5.85e-06 5.75e-06 1.24e-05 6.75e-06 6.6e-06 1.06e-05 1.135e-05 9.15e-06 1.235e-05 8.65e-06
29 5.55e-06 6.9e-06 8.05e-06 1.31e-05 4.9e-06 4.5e-06 6.25e-06 6.65e-06 6.6e-06 5.8e-06 1.06e-05 7e-06 1.16e-05 6.15e-06 1.11e-05 5.4e-06 1.265e-05 1.08e-05 6.35e-06 8.65e-06 1.175e-05 7.05e-06 6.95e-06 1.28e-05 1.19e-05 6.2e-06 6.5e-06 1.29e-05 6.2e-06 6.2e-06 7.95e-06 4.15e-06 5.55e-06 7.6e-06 6.5e-06 7.7e-06 7.55e-06 1.07e-05 6.6e-06 6.1e-06 1.21e-05 1.115e-05 7.4e-06 6.7e-06 1.67e-05 7.45e-06 8e-06 7.1e-06 6.55e-06 1.06e-05 4.45e-06 6.4e-06 1.055e-05 8.75e-06 6.4e-06 6.5e-06 6.6e-06 6.65e-06 1.175e-05 7.1e-06 6.35e-06 6.2e-06 6.25e-06 6.55e-06 6.4e-06 1.8e-05 6e-06 7.1e-06 1.175e-05 1.285e-05 8.7e-06 6.25e-06 6.35e-06 1.18e-05 1.175e-05 6.9e-06 1.155e-05 1.16e-05 1.185e-05 6.55e-06 1.235e-05 6.2e-06 7.4e-06 1.16e-05 8.1e-06 9.65e-06 1.22e-05 7.25e-06 7.15e-06 5.65e-06 4.9e-06 5.9e-06 1.195e-05 5.75e-06 6.6e-06 9.35e-06 9.5e-06 8.6e-06 1.2e-05 7.5e-06
30 8.45e-06 7.85e-06 8.1e-06 1.19e-05 9e-06 8e-06 8.25e-06 8.2e-06 7.4e-06 7.35e-06 9.95e-06 8.05e-06 9.05e-06 6.85e-06 1.075e-05 8.85e-06 1.15e-05 1.22e-05 7.45e-06 1.045e-05 1.175e-05 8.2e-06 8.2e-06 1.225e-05 1.125e-05 6.95e-06 7.6e-06 1.195e-05 8.75e-06 7.95e-06 1.19e-05 8.15e-06 6.8e-06 8.35e-06 8.25e-06 8.85e-06 8.25e-06 1.095e-05 7.8e-06 7.25e-06 1.15e-05 1.115e-05 8.1e-06 8.45e-06 1.5e-05 6.2e-06 6.85e-06 8.25e-06 8.2e-06 1.19e-05 7.7e-06 7.95e-06 1.175e-05 7.45e-06 7.6e-06 7.05e-06 7.85e-06 7e-06 1.14e-05 7.6e-06 7.75e-06 7.75e-06 7.75e-06 7.55e-06 7.55e-06 1.515e-05 8.4e-06 8.35e-06 1.21e-05 1.235e-05 9.9e-06 7.65e-06 8.35e-06 1.095e-05 1.2e-05 7.6e-06 1.095e-05 1.075e-05 1.125e-05 7.2e-06 1.215e-05 7.35e-06 6.55e-06 1.035e-05 8.7e-06 7.15e-06 1.16e-05 8.8e-06 8.55e-06 7.9e-06 7.3e-06 8.05e-06 1.135e-05 7.2e-06 7.15e-06 9.85e-06 1.18e-05 7.8e-06 1.135e-05 6.15e-06
31 5.7e-06 7.15e-06 8.5e-06 1.325e-05 5.9e-06 5.4e-06 5.55e-06 7.55e-06 7.2e-06 6.65e-06 1.085e-05 7.25e-06 1.18e-05 7e-06 1.165e-05 6.05e-06 1.28e-05 1.05e-05 6.8e-06 9.6e-06 1.235e-05 7.7e-06 7.25e-06 1.305e-05 1.26e-05 6.45e-06 6.75e-06 1.335e-05 6e-06 4.15e-06 8.15e-06 7.3e-06 6.1e-06 7.45e-06 6.95e-06 7.65e-06 7.4e-06 1.14e-05 6.85e-06 6.75e-06 1.245e-05 1.17e-05 7.65e-06 7.25e-06 1.7e-05 7.65e-06 8.2e-06 7e-06 7.15e-06 1.115e-05 5.4e-06 7.3e-06 1.11e-05 8.65e-06 7.25e-06 7.15e-06 6.85e-06 7.5e-06 1.225e-05 7.35e-06 6.9e-06 7.05e-06 6.5e-06 6.95e-06 7e-06 1.775e-05 6.25e-06 7.55e-06 1.2e-05 1.265e-05 9.2e-06 6.9e-06 6.95e-06 1.235e-05 1.24e-05 7.15e-06 1.21e-05 1.215e-05 1.24e-05 7.15e-06 1.26e-05 6.8e-06 7.55e-06 1.18e-05 7.95e-06 9.55e-06 1.235e-05 7.2e-06 7.85e-06 6.8e-06 5.85e-06 5.75e-06 1.245e-05 6.35e-06 6.75e-06 1.02e-05 1.06e-05 8.45e-06 1.255e-05 7.7e-06
32 6.35e-06 4.85e-06 8.35e-06 1.09e-05 6.2e-06 4.65e-06 7.35e-06 5.4e-06 3.85e-06 3.7e-06 1.015e-05 5.35e-06 1.12e-05 4.45e-06 9.8e-06 6.65e-06 1.205e-05 1.2e-05 5.2e-06 9.05e-06 1.085e-05 4.7e-06 6.95e-06 1.17e-05 1.055e-05 3.8e-06 4.9e-06 1.135e-05 5.95e-06 5.55e-06 6.8e-06 6.1e-06 2.5e-06 6.15e-06 6.7e-06 7.65e-06 6.2e-06 8.1e-06 4.25e-06 4.3e-06 1.26e-05 9.4e-06 5.8e-06 6.6e-06 1.675e-05 6.35e-06 6.55e-06 6.25e-06 4.85e-06 1.25e-05 3.7e-06 5.15e-06 1.245e-05 9.2e-06 4.65e-06 4.65e-06 5.1e-06 5.15e-06 9.85e-06 6.65e-06 4.05e-06 4.1e-06 4.2e-06 4.5e-06 3.2e-06 1.925e-05 6.65e-06 6.95e-06 1.2e-05 1.345e-05 8.35e-06 4e-06 4.35e-06 9.45e-06 1.18e-05 5.3e-06 8.45e-06 7.85e-06 9.05e-06 3.4e-06 1.26e-05 3e-06 6.75e-06 1.07e-05 6.35e-06 1.055e-05 1.105e-05 7.2e-06 5.75e-06 5.15e-06 4.55e-06 5.1e-06 1.255e-05 4e-06 3.15e-06 8.15e-06 1.16e-05 9.05e-06 9.3e-06 6.4e-06
33 6.6e-06 5.45e-06 7.25e-06 1.11e-05 6.15e-06 6.4e-06 6.6e-06 7.6e-06 7.25e-06 6.7e-06 1.11e-05 5.65e-06 1.25e-05 6.95e-06 1.29e-05 5.4e-06 1.275e-05 1.295e-05 6.45e-06 1.125e-05 1.375e-05 7.9e-06 6e-06 1.145e-05 1.29e-05 4.9e-06 4.95e-06 1.13e-05 7.2e-06 7.6e-06 8.35e-06 7.45e-06 6.15e-06 6.9e-06 6.2e-06 4.05e-06 4.2e-06 1.175e-05 5.3e-06 6.7e-06 1.235e-05 1.31e-05 6.2e-06 5.4e-06 1.745e-05 7.8e-06 8.4e-06 3.8e-06 6.2e-06 1.25e-05 6.65e-06 7.35e-06 1.245e-05 7.05e-06 7.35e-06 7.15e-06 5.4e-06 7.95e-06 1.215e-05 7.5e-06 6.85e-06 7.1e-06 5.05e-06 7.05e-06 7.2e-06 1.815e-05 6.45e-06 5.45e-06 1.175e-05 1.09e-05 1.08e-05 7e-06 6.15e-06 1.24e-05 1.37e-05 5.35e-06 1.255e-05 1.21e-05 1.255e-05 7.15e-06 1.21e-05 7e-06 7.6e-06 1.195e-05 4.1e-06 8.8e-06 1.16e-05 3.6e-06 7.95e-06 6.65e-06 7e-06 6.85e-06 1.26e-05 7.2e-06 4.8e-06 1.08e-05 1.285e-05 6.7e-06 1.26e-05 7.9e-06
34 6.35e-06 5.95e-06 7.35e-06 1.305e-05 5.15e-06 6.2e-06 5.95e-06 6.55e-06 7.25e-06 6.3e-06 1.09e-05 5.85e-06 1.285e-05 6.05e-06 1.205e-05 5.65e-06 1.145e-05 1.22e-05 5.35e-06 1.115e-05 1.22e-05 7.2e-06 4.9e-06 1.185e-05 1.2e-05 6.7e-06 5.85e-06 1.2e-05 7.3e-06 6.5e-06 8.25e-06 6.95e-06 6.7e-06 6.2e-06 7.9e-06 4.85e-06 6.2e-06 1.14e-05 6.2e-06 6.2e-06 1.135e-05 1.22e-05 6.7e-06 5.3e-06 1.615e-05 8.25e-06 8.75e-06 5.7e-06 5.2e-06 1.15e-05 6.6e-06 6.3e-06 1.15e-05 7.35e-06 6.25e-06 6.1e-06 6.2e-06 7.65e-06 1.21e-05 5.7e-06 6.65e-06 6.7e-06 5.95e-06 5.7e-06 7.15e-06 1.69e-05 6.5e-06 5.25e-06 1.115e-05 1.11e-05 1.04e-05 6.4e-06 5.8e-06 1.25e-05 1.16e-05 5.85e-06 1.275e-05 1.235e-05 1.265e-05 7.2e-06 1.11e-05 6.95e-06 7.85e-06 1.195e-05 6.85e-06 9.4e-06 1.24e-05 4.8e-06 6.7e-06 5.95e-06 6.45e-06 6.9e-06 1.155e-05 5.6e-06 7.1e-06 1.085e-05 1.125e-05 7.65e-06 1.265e-05 8.3e-06
35 6.35e-06 4.25e-06 5.7e-06 1.33e-05 4.85e-06 7.05e-06 6.65e-06 7.15e-06 8.15e-06 7e-06 1.125e-05 4.65e-06 1.32e-05 6.9e-06 1.335e-05 3.9e-06 1.275e-05 1.275e-05 7.2e-06 1.18e-05 1.335e-05 7.95e-06 3.9e-06 1.035e-05 1.27e-05 6.4e-06 4.35e-06 1.205e-05 7.45e-06 7.7e-06 8.85e-06 7.65e-06 7.65e-06 4.05e-06 4.85e-06 1.2e-06 4.2e-06 1.215e-05 4.8e-06 7.1e-06 1.175e-05 1.345e-05 7.15e-06 3.5e-06 1.675e-05 8.75e-06 9.2e-06 2.85e-06 5e-06 1.21e-05 7.35e-06 6.9e-06 1.205e-05 5.15e-06 7.3e-06 7.1e-06 5.05e-06 8.5e-06 1.305e-05 6.95e-06 7.6e-06 7.4e-06 4.65e-06 7.65e-06 8e-06 1.75e-05 6.65e-06 3.3e-06 1.015e-05 9.55e-06 1.165e-05 7.3e-06 5.7e-06 1.34e-05 1.28e-05 4.2e-06 1.355e-05 1.325e-05 1.35e-05 8e-06 9.7e-06 7.8e-06 8.4e-06 1.25e-05 4.85e-06 7.6e-06 1.305e-05 7e-07 7.5e-06 6.55e-06 7.35e-06 7.5e-06 1.18e-05 7.7e-06 7.45e-06 1.15e-05 1.23e-05 5.75e-06 1.35e-05 8.8e-06
36 6.7e-06 5.55e-06 7.4e-06 1.18e-05 6.25e-06 6.35e-06 6.55e-06 7.7e-06 7.15e-06 6.8e-06 1.115e-05 5.45e-06 1.255e-05 6.9e-06 1.28e-05 5.5e-06 1.27e-05 1.3e-05 6.55e-06 1.13e-05 1.38e-05 7.95e-06 6.1e-06 1.155e-05 1.295e-05 5e-06 4.9e-06 1.18e-05 7.25e-06 7.55e-06 8.25e-06 7.4e-06 6.2e-06 4.2e-06 6.2e-06 4.2e-06 7.2e-06 1.18e-05 5.4e-06 6.6e-06 1.245e-05 1.315e-05 5.8e-06 5.55e-06 1.75e-05 7.65e-06 8.45e-06 3.85e-06 6.3e-06 1.255e-05 6.7e-06 7.45e-06 1.25e-05 7.15e-06 7.3e-06 7.1e-06 5.25e-06 7.85e-06 1.21e-05 7.45e-06 6.8e-06 7.2e-06 5.15e-06 7e-06 7.25e-06 1.82e-05 6.55e-06 5.6e-06 1.185e-05 1.105e-05 1.08e-05 7.1e-06 6.25e-06 1.23e-05 1.38e-05 5.3e-06 1.26e-05 1.21e-05 1.26e-05 7.15e-06 1.22e-05 7.05e-06 7.55e-06 1.18e-05 4.85e-06 8.9e-06 1.22e-05 3.75e-06 8.05e-06 6.65e-06 6.9e-06 6.75e-06 1.27e-05 7.15e-06 5.4e-06 1.09e-05 1.29e-05 6.85e-06 1.265e-05 7.8e-06
37 1.09e-05 9.95e-06 1.18e-05 1.16e-05 1.115e-05 1.03e-05 1.225e-05 9.75e-06 9.25e-06 8.6e-06 1.145e-05 1.05e-05 1.195e-05 8.9e-06 1.01e-05 1.16e-05 1.185e-05 1.2e-05 1.06e-05 1.07e-05 1.065e-05 9.6e-06 1.14e-05 1.18e-05 9.7e-06 9.6e-06 1.03e-05 1.1e-05 1.105e-05 1.07e-05 1.095e-05 1.14e-05 8.1e-06 1.175e-05 1.14e-05 1.215e-05 1.18e-05 1.49e-05 9.8e-06 9.2e-06 1.155e-05 9.65e-06 1.09e-05 1.095e-05 1.05e-05 1.09e-05 1.135e-05 1.145e-05 1.005e-05 1.22e-05 9.1e-06 9.5e-06 1.2e-05 1.285e-05 9.25e-06 9.15e-06 1.065e-05 1e-05 1.055e-05 1.06e-05 9.65e-06 9.1e-06 9.85e-06 1.045e-05 8.55e-06 1.35e-05 1.115e-05 1.09e-05 1.195e-05 1.31e-05 1.045e-05 9e-06 9.9e-06 9.95e-06 1.11e-05 1.03e-05 9e-06 8.5e-06 9.7e-06 8.8e-06 1.2e-05 8.45e-06 1.15e-05 1.08e-05 1.205e-05 1.37e-05 1.155e-05 1.21e-05 1.015e-05 9.8e-06 9.6e-06 1.045e-05 1.16e-05 9.15e-06 9.35e-06 9.75e-06 1.13e-05 1.31e-05 1.005e-05 1.095e-05
38 6.75e-06 4.4e-06 7.15e-06 1.245e-05 5.75e-06 5.9e-06 7.3e-06 7e-06 6.35e-06 5.05e-06 1.12e-05 5.3e-06 1.205e-05 6.25e-06 1.2e-05 5.5e-06 1.3e-05 1.285e-05 6.45e-06 1.055e-05 1.29e-05 7.05e-06 6.15e-06 1.08e-05 1.23e-05 4.95e-06 4.8e-06 1.24e-05 7.1e-06 6.6e-06 7.8e-06 6.85e-06 4.25e-06 5.3e-06 6.2e-06 4.8e-06 5.4e-06 9.8e-06 6.6e-06 6.05e-06 1.29e-05 1.12e-05 6.85e-06 5.6e-06 1.745e-05 7.3e-06 7.8e-06 4.9e-06 5.65e-06 1.27e-05 4.9e-06 6.75e-06 1.265e-05 7.4e-06 6.45e-06 6.45e-06 5.1e-06 6.95e-06 1.18e-05 7.4e-06 6.2e-06 5.55e-06 3.85e-06 6.65e-06 5.3e-06 1.91e-05 7.05e-06 5.9e-06 1.155e-05 1.205e-05 1.005e-05 5.4e-06 4.65e-06 1.175e-05 1.31e-05 5.2e-06 1.065e-05 1.02e-05 1.105e-05 5.6e-06 1.205e-05 5.1e-06 7.35e-06 1.195e-05 5.05e-06 8.6e-06 1.25e-05 4.35e-06 7.35e-06 6.25e-06 6.2e-06 6.45e-06 1.29e-05 5.45e-06 4.7e-06 9.5e-06 1.235e-05 7.35e-06 1.19e-05 7.35e-06
39 5.65e-06 5.85e-06 7.75e-06 1.13e-05 5.9e-06 4.85e-06 7.15e-06 4.8e-06 4.5e-06 4.4e-06 1.04e-05 5.8e-06 1.22e-05 3.75e-06 1.035e-05 6.55e-06 1.155e-05 1.215e-05 5.55e-06 9.65e-06 1.11e-05 5.05e-06 6.2e-06 1.18e-05 9.8e-06 4.45e-06 5.35e-06 1.075e-05 6.2e-06 6.1e-06 7.25e-06 6.75e-06 4.3e-06 6.7e-06 6.2e-06 7.1e-06 6.6e-06 9.2e-06 6.05e-06 6.4e-06 1.155e-05 1.095e-05 5.15e-06 5.75e-06 1.61e-05 7e-06 8e-06 6.3e-06 5e-06 1.22e-05 5.15e-06 4.55e-06 1.215e-05 9.1e-06 4.4e-06 3.4e-06 5.6e-06 5.35e-06 9.85e-06 5.65e-06 4.45e-06 4.8e-06 5.75e-06 5.8e-06 4.85e-06 1.87e-05 6.15e-06 5.7e-06 1.215e-05 1.31e-05 9.05e-06 4.35e-06 5.55e-06 9.75e-06 1.075e-05 5.35e-06 1.02e-05 9.5e-06 1.03e-05 4.45e-06 1.22e-05 4.65e-06 7.35e-06 1.07e-05 7.3e-06 1.11e-05 1.18e-05 7.05e-06 4.8e-06 4.4e-06 4.6e-06 5.7e-06 1.15e-05 5.05e-06 5.3e-06 9e-06 1.12e-05 9.35e-06 1.015e-05 7.3e-06
40 1.08e-05 1.22e-05 1.05e-05 1.2e-05 1.23e-05 1.225e-05 1.125e-05 1.09e-05 1.26e-05 1.115e-05 1.11e-05 1.23e-05 1.17e-05 1.07e-05 1.175e-05 1.215e-05 1.06e-05 1.145e-05 1.14e-05 1.22e-05 1.115e-05 1.18e-05 1.11e-05 1.2e-05 1.055e-05 1.22e-05 1.255e-05 1.065e-05 1.22e-05 1.21e-05 1.15e-05 1.245e-05 1.26e-05 1.235e-05 1.135e-05 1.175e-05 1.245e-05 1.155e-05 1.29e-05 1.155e-05 1.75e-05 1.185e-05 1.165e-05 1.08e-05 9.6e-06 1.195e-05 1.23e-05 1.18e-05 1.165e-05 1.065e-05 1.245e-05 1.065e-05 1.025e-05 1.125e-05 1.09e-05 1.1e-05 1.305e-05 1.18e-05 1.175e-05 1.055e-05 1.215e-05 1.175e-05 1.265e-05 1.17e-05 1.245e-05 9.1e-06 1.11e-05 1.005e-05 1.15e-05 1.09e-05 1.21e-05 1.175e-05 1.31e-05 1.2e-05 1.06e-05 1.215e-05 1.215e-05 1.255e-05 1.21e-05 1.245e-05 1.1e-05 1.225e-05 1.17e-05 1.115e-05 1.305e-05 1.165e-05 1.155e-05 1.21e-05 1.135e-05 1.09e-05 1.19e-05 1.23e-05 9.55e-06 1.175e-05 1.26e-05 1.16e-05 1.07e-05 1.18e-05 1.2e-05 1.2e-05
41 1.225e-05 1.135e-05 1.23e-05 1.22e-05 1.24e-05 1.16e-05 1.285e-05 1.12e-05 1.075e-05 1.025e-05 1.13e-05 1.19e-05 1.105e-05 1.07e-05 9.65e-06 1.285e-05 1.19e-05 1.11e-05 1.145e-05 1.11e-05 9.85e-06 1.075e-05 1.225e-05 1.235e-05 1.08e-05 1.125e-05 1.185e-05 1.19e-05 1.21e-05 1.115e-05 1.115e-05 1.17e-05 9.4e-06 1.31e-05 1.22e-05 1.345e-05 1.315e-05 9.65e-06 1.12e-05 1.095e-05 1.185e-05 1.79e-05 1.245e-05 1.25e-05 1.095e-05 1.11e-05 1.155e-05 1.285e-05 1.13e-05 1.19e-05 1.045e-05 1.1e-05 1.2e-05 1.28e-05 1.09e-05 1.09e-05 1.22e-05 1.075e-05 1.115e-05 1.185e-05 1.095e-05 1.075e-05 1.125e-05 1.115e-05 9.9e-06 1.2e-05 1.255e-05 1.245e-05 1.125e-05 1.285e-05 1.055e-05 1.06e-05 1.13e-05 1.075e-05 1.06e-05 1.185e-05 9.7e-06 9.6e-06 1.035e-05 1.03e-05 1.13e-05 9.75e-06 1.15e-05 1.105e-05 1.34e-05 1.26e-05 1.09e-05 1.34e-05 1.16e-05 1.155e-05 1.11e-05 1.165e-05 1.185e-05 1.005e-05 1.08e-05 1.045e-05 1.1e-05 1.305e-05 1.085e-05 1.115e-05
