 slim_337750738 slim_337750978 slim_337751136 slim_337751103 slim_337750989 slim_337750745 slim_337751132 slim_337751067 slim_337750980 slim_337751110 slim_337751114 slim_337751056 slim_337751051 slim_337750890 slim_337750292 slim_337751097 slim_337751063 slim_337751004 slim_337751092 slim_337751121 slim_337750767 slim_337751125 slim_337751129 slim_337751010 slim_337751075 slim_337751100 slim_337751106 slim_337750988 slim_337751135 slim_337751137 slim_337751071 slim_337750785 slim_337751124 slim_337751116 slim_337750780 slim_337751043 slim_337751033 slim_337750808 slim_337751047 slim_337750953 slim_337751073 slim_337751069 slim_337751041 slim_337751059 slim_337751130 slim_337751131 slim_337751037 slim_337751077 slim_337750829 slim_337750969 slim_337750667 slim_337750960 slim_337751108 slim_337751102 slim_337750858 slim_337751030 slim_337751040 slim_337750997 slim_337751117 slim_337751042 slim_337751025 slim_337751079 slim_337750928 slim_337750949 slim_337750818 slim_337751109 slim_337751134 slim_337750947 slim_337751128 slim_337751127 slim_337751082 slim_337750948 slim_337751074 slim_337750848 slim_337751122 slim_337751126 slim_337751078 slim_337751138 slim_337751022 slim_337751120 slim_337751112 slim_337751096 slim_337750940 slim_337751123 slim_337751095 slim_337751101 slim_337751039 slim_337750652 slim_337751090 slim_337751084 slim_337750977 slim_337751065 slim_337751133 slim_337751119 slim_337750888 slim_337751113 slim_337751066 slim_337751015 slim_337751001 slim_337751072
0 9.2e-06 9.85e-06 1.095e-05 6.05e-06 1.16e-05 8.8e-06 5.1e-06 1.295e-05 6.95e-06 7.45e-06 8.05e-06 8.2e-06 8.35e-06 6.5e-06 1.135e-05 1.15e-05 5e-06 4.7e-06 1.21e-05 5e-06 1.06e-05 9.95e-06 5e-06 1.025e-05 1.17e-05 9.25e-06 5.25e-06 6.6e-06 9.95e-06 7.55e-06 9.95e-06 9e-06 8.15e-06 7.55e-06 7.5e-06 6.7e-06 6e-06 6.5e-06 8.25e-06 6.5e-06 1.13e-05 5.1e-06 1.225e-05 9e-06 7.45e-06 9.45e-06 7.65e-06 6.6e-06 1.185e-05 5e-06 6.55e-06 5.05e-06 9.25e-06 6.6e-06 8.3e-06 9.85e-06 9.45e-06 5e-06 9.65e-06 8.25e-06 8.6e-06 1.055e-05 1.175e-05 6.95e-06 1.465e-05 1.025e-05 6.65e-06 7.2e-06 1.23e-05 9.9e-06 6.7e-06 9.6e-06 8.15e-06 8e-06 7.65e-06 5.1e-06 5.05e-06 5.7e-06 8.3e-06 5.05e-06 9.3e-06 5.85e-06 8.4e-06 8.4e-06 5.65e-06 7e-06 4.9e-06 6.65e-06 1.135e-05 1.415e-05 7.45e-06 1.06e-05 5.65e-06 6.85e-06 9.5e-06 9.6e-06 9.35e-06 4.8e-06 6.1e-06 6.65e-06
1 9.85e-06 1.18e-05 1.175e-05 9.05e-06 1.19e-05 1.175e-05 8.05e-06 1.2e-05 7.5e-06 1.24e-05 1.125e-05 1.015e-05 1.13e-05 9.7e-06 1.26e-05 1.49e-05 8e-06 7.6e-06 1.455e-05 1.02e-05 1.4e-05 1.075e-05 8.1e-06 1.095e-05 1.295e-05 1.175e-05 1.2e-05 1.015e-05 1.3e-05 1.065e-05 1.06e-05 1.02e-05 9.45e-06 1.025e-05 1.085e-05 9.6e-06 8.6e-06 9.1e-06 1.15e-05 9.2e-06 1.115e-05 8.1e-06 1.21e-05 1e-05 1.24e-05 9.8e-06 8.4e-06 9.3e-06 1.205e-05 1.015e-05 1.01e-05 8e-06 1.005e-05 9.75e-06 8.2e-06 8.65e-06 9.6e-06 1.015e-05 1.26e-05 7.05e-06 7.2e-06 1.39e-05 1.295e-05 7.05e-06 1.135e-05 1.06e-05 1.01e-05 1.005e-05 9.3e-06 8e-06 7e-06 1.065e-05 8.3e-06 1.135e-05 1.09e-05 8.1e-06 8e-06 8.75e-06 1.06e-05 9.6e-06 6.25e-06 9.15e-06 1.34e-05 1.345e-05 8.75e-06 8.8e-06 7.9e-06 6.85e-06 1.05e-05 1.3e-05 1.26e-05 1.41e-05 8.6e-06 7.15e-06 1.08e-05 1.065e-05 1.035e-05 7.75e-06 9.4e-06 6.8e-06
2 1.095e-05 1.175e-05 1.67e-05 9.9e-06 1.29e-05 1.255e-05 8.95e-06 1.285e-05 1.115e-05 1.31e-05 1.22e-05 1.175e-05 1.265e-05 1.02e-05 1.4e-05 1.555e-05 9.1e-06 8.85e-06 1.605e-05 1.09e-05 1.46e-05 1.36e-05 8.85e-06 1.38e-05 1.385e-05 1.37e-05 1.225e-05 1.005e-05 1.35e-05 1.23e-05 1.225e-05 1.185e-05 1.04e-05 1.095e-05 1.235e-05 1.075e-05 1.11e-05 1.01e-05 1.245e-05 1e-05 1.31e-05 9.2e-06 1.015e-05 1.025e-05 1.31e-05 1.255e-05 1.11e-05 1e-05 1.41e-05 1.075e-05 9.9e-06 8.75e-06 1.285e-05 1.11e-05 1.185e-05 1.19e-05 1.17e-05 1.085e-05 1.345e-05 1.02e-05 1.06e-05 1.325e-05 1.415e-05 1.065e-05 1.08e-05 1.405e-05 1e-05 1.17e-05 1.285e-05 1.19e-05 1.075e-05 1.065e-05 9.25e-06 1.23e-05 1.13e-05 9.5e-06 8.9e-06 1.035e-05 1.175e-05 1.02e-05 1.11e-05 1.02e-05 1.385e-05 1.39e-05 1.05e-05 1.065e-05 9e-06 1.025e-05 1.35e-05 9.8e-06 1.3e-05 1.47e-05 1.02e-05 1.09e-05 1.19e-05 1.07e-05 1.075e-05 8.65e-06 9.7e-06 1.055e-05
3 6.05e-06 9.05e-06 9.9e-06 5.2e-06 1.065e-05 8e-06 3.15e-06 1.31e-05 5.15e-06 9.75e-06 7.45e-06 6.1e-06 7.85e-06 4.85e-06 1.15e-05 1.19e-05 3.15e-06 3e-06 1.26e-05 6.2e-06 1.1e-05 9.25e-06 3.2e-06 9.45e-06 1e-05 9.4e-06 9.5e-06 5.4e-06 1.035e-05 6.1e-06 9.25e-06 9.35e-06 6.1e-06 6.55e-06 5.65e-06 5.05e-06 6.5e-06 4.2e-06 7.7e-06 4.35e-06 1.06e-05 3e-06 1.13e-05 8.6e-06 9.75e-06 8.65e-06 5.65e-06 4.45e-06 1.115e-05 6.05e-06 5.35e-06 3.1e-06 8.55e-06 4.75e-06 6.35e-06 9.15e-06 6.55e-06 6.05e-06 8.85e-06 7.2e-06 8.75e-06 9.7e-06 1e-05 4.65e-06 1.465e-05 9.5e-06 5.25e-06 5.5e-06 1.055e-05 8.1e-06 5.1e-06 8.75e-06 5.95e-06 7.55e-06 6.8e-06 3.15e-06 3.1e-06 3.9e-06 6.2e-06 5.4e-06 8.45e-06 5.35e-06 1.065e-05 1.07e-05 4.15e-06 5.05e-06 3.05e-06 4.65e-06 1.17e-05 1.3e-05 9.85e-06 1.11e-05 3.75e-06 5.25e-06 8.05e-06 8.75e-06 8.75e-06 2.85e-06 3.65e-06 4.9e-06
4 1.16e-05 1.19e-05 1.29e-05 1.065e-05 1.77e-05 1.025e-05 1.05e-05 1.315e-05 1.1e-05 1.185e-05 1.065e-05 1.08e-05 1.12e-05 1.045e-05 1.195e-05 9.1e-06 1.055e-05 1.025e-05 1.125e-05 1.18e-05 9.65e-06 1.145e-05 1.055e-05 1.045e-05 1.505e-05 1.07e-05 1.375e-05 1.14e-05 1.035e-05 1.185e-05 1.085e-05 1.215e-05 1.03e-05 1.05e-05 1.045e-05 1.125e-05 1.145e-05 1.05e-05 9.9e-06 1.05e-05 1.175e-05 1.065e-05 1.38e-05 1.14e-05 1.185e-05 1.145e-05 1.105e-05 1.06e-05 1.07e-05 1.17e-05 1.135e-05 1.045e-05 1.1e-05 1.115e-05 1.14e-05 1.195e-05 1.155e-05 1.17e-05 1.085e-05 1.12e-05 1.16e-05 1.27e-05 1.46e-05 1.13e-05 1.41e-05 1.095e-05 1.15e-05 1.11e-05 1.255e-05 1.205e-05 1.135e-05 1.165e-05 9.5e-06 1.075e-05 1.035e-05 1.01e-05 1.045e-05 1.085e-05 1.105e-05 1.11e-05 1.165e-05 1.105e-05 1.135e-05 1.14e-05 1.095e-05 1.12e-05 1.045e-05 1.1e-05 1.15e-05 1.275e-05 1.18e-05 9.55e-06 1.07e-05 1.15e-05 1.305e-05 1.165e-05 1.155e-05 1.02e-05 1.15e-05 1.115e-05
5 8.8e-06 1.175e-05 1.255e-05 8e-06 1.025e-05 1.21e-05 7.3e-06 1.52e-05 8.8e-06 8.3e-06 7.7e-06 7.25e-06 7.65e-06 6.7e-06 1.105e-05 7.5e-06 7.45e-06 7.05e-06 8.4e-06 8.9e-06 6.65e-06 9.05e-06 7.35e-06 8.8e-06 1.245e-05 8.05e-06 1.085e-05 8.6e-06 6.15e-06 8.4e-06 8.7e-06 1.155e-05 9.65e-06 6.65e-06 7.8e-06 7.4e-06 9.35e-06 6.75e-06 7.5e-06 6.65e-06 1e-05 7.55e-06 1.38e-05 1.14e-05 8.3e-06 8.05e-06 7.8e-06 6.75e-06 1.05e-05 8.9e-06 8.55e-06 7.25e-06 8.1e-06 8.2e-06 8.2e-06 1.05e-05 1.1e-05 8.9e-06 7.25e-06 1.05e-05 1.07e-05 9e-06 1.245e-05 8.85e-06 1.615e-05 8.85e-06 8.75e-06 7.65e-06 1.375e-05 1.175e-05 8.8e-06 1.165e-05 9.9e-06 7.8e-06 6.9e-06 7.35e-06 7.25e-06 8.15e-06 6.45e-06 8.3e-06 1.155e-05 8.5e-06 9.1e-06 9.15e-06 8.15e-06 7.95e-06 7.35e-06 8.45e-06 1.095e-05 1.46e-05 8.5e-06 6.9e-06 7.95e-06 8.95e-06 1.18e-05 1.165e-05 1.155e-05 7e-06 8.2e-06 8.6e-06
6 5.1e-06 8.05e-06 8.95e-06 3.15e-06 1.05e-05 7.3e-06 1.3e-06 1.29e-05 4.6e-06 8.9e-06 6.55e-06 5.3e-06 6.75e-06 2.7e-06 1.12e-05 1.235e-05 1.1e-06 7.5e-07 1.285e-05 5.2e-06 1.14e-05 8.9e-06 1.1e-06 9.1e-06 9.05e-06 9.55e-06 7.95e-06 5.3e-06 9.5e-06 5.15e-06 7.55e-06 8.95e-06 5.65e-06 4.6e-06 6e-06 3.05e-06 6.15e-06 2.5e-06 6.8e-06 2.5e-06 8.95e-06 1.2e-06 1.055e-05 7.35e-06 8.9e-06 7.05e-06 4.2e-06 2.6e-06 1.075e-05 5.25e-06 5.3e-06 8e-07 8.15e-06 3.85e-06 4.9e-06 7.85e-06 7.15e-06 5.25e-06 8.2e-06 5.85e-06 7.3e-06 9.5e-06 9.95e-06 3.4e-06 1.445e-05 9.15e-06 5.3e-06 4.55e-06 9.35e-06 6.9e-06 3.4e-06 8.1e-06 4.55e-06 6.65e-06 6e-06 2.15e-06 8e-07 2.9e-06 4.45e-06 4.65e-06 7.45e-06 4.55e-06 1.01e-05 1.015e-05 2.95e-06 3.1e-06 1e-06 3.1e-06 1.15e-05 1.255e-05 9.25e-06 1.15e-05 2.7e-06 3.55e-06 7.15e-06 8.1e-06 7.95e-06 7.5e-07 2.3e-06 3.2e-06
7 1.295e-05 1.2e-05 1.285e-05 1.31e-05 1.315e-05 1.52e-05 1.29e-05 1.11e-05 1.265e-05 1.45e-05 1.54e-05 1.325e-05 1.505e-05 1.435e-05 1.165e-05 1.82e-05 1.305e-05 1.265e-05 1.76e-05 1.31e-05 1.765e-05 1.5e-05 1.295e-05 1.525e-05 1.65e-05 1.56e-05 1.315e-05 1.28e-05 1.65e-05 1.42e-05 1.255e-05 9.45e-06 1.195e-05 1.43e-05 1.505e-05 1.345e-05 1.25e-05 1.31e-05 1.57e-05 1.3e-05 1.225e-05 1.315e-05 1.285e-05 9.4e-06 1.45e-05 1.395e-05 1.295e-05 1.31e-05 1.33e-05 1.305e-05 1.275e-05 1.285e-05 1.465e-05 1.4e-05 1.275e-05 1.3e-05 1.07e-05 1.305e-05 1.57e-05 1.255e-05 1.265e-05 1.635e-05 1.625e-05 1.265e-05 1.26e-05 1.535e-05 1.33e-05 1.375e-05 8.55e-06 1.065e-05 1.26e-05 9.3e-06 1.02e-05 1.55e-05 1.52e-05 1.295e-05 1.285e-05 1.35e-05 1.36e-05 1.275e-05 1.23e-05 1.335e-05 1.565e-05 1.57e-05 1.35e-05 1.285e-05 1.295e-05 1.225e-05 1.51e-05 1.115e-05 1.515e-05 1.77e-05 1.355e-05 1.275e-05 9.5e-06 9.3e-06 9.2e-06 1.26e-05 1.295e-05 1.24e-05
8 6.95e-06 7.5e-06 1.115e-05 5.15e-06 1.1e-05 8.8e-06 4.6e-06 1.265e-05 6.2e-06 1.025e-05 8.55e-06 6.35e-06 8.2e-06 6.25e-06 1.105e-05 1.28e-05 4.65e-06 4.3e-06 1.265e-05 7.15e-06 1.175e-05 7.85e-06 4.65e-06 8.05e-06 9.85e-06 9.7e-06 1.07e-05 7.2e-06 1.09e-05 6.7e-06 8.6e-06 8.45e-06 6.5e-06 7.65e-06 6.4e-06 6.2e-06 5.9e-06 5.65e-06 8.8e-06 5.65e-06 9.8e-06 4.75e-06 1.19e-05 9.4e-06 1.025e-05 7.05e-06 5.3e-06 5.75e-06 1.055e-05 7.1e-06 7.15e-06 4.55e-06 7e-06 5.8e-06 5.25e-06 9.7e-06 7e-06 7.05e-06 9.8e-06 8.1e-06 9.4e-06 1.085e-05 9.3e-06 4.15e-06 1.54e-05 8.35e-06 7.2e-06 6.1e-06 8.55e-06 6.2e-06 4.15e-06 9.95e-06 6.65e-06 8.65e-06 7.9e-06 3.75e-06 4.55e-06 4.85e-06 7.1e-06 6.45e-06 7.65e-06 6.2e-06 1.17e-05 1.175e-05 4.9e-06 5.55e-06 4.55e-06 3.85e-06 1.22e-05 1.37e-05 1.075e-05 1.185e-05 4.7e-06 4.3e-06 8.55e-06 1e-05 9.85e-06 4.3e-06 5.85e-06 3.95e-06
9 7.45e-06 1.24e-05 1.31e-05 9.75e-06 1.185e-05 8.3e-06 8.9e-06 1.45e-05 1.025e-05 1.21e-05 8.75e-06 1.08e-05 8.2e-06 8.55e-06 1.125e-05 8.95e-06 9.05e-06 8.65e-06 9.15e-06 7.55e-06 7.9e-06 1.005e-05 8.95e-06 1.035e-05 1.38e-05 8.7e-06 6.7e-06 9.05e-06 6.45e-06 1.05e-05 9.45e-06 1.11e-05 1.185e-05 7.4e-06 9.9e-06 9.7e-06 8.5e-06 9.45e-06 9.1e-06 9.35e-06 1.07e-05 9.15e-06 1.455e-05 1.13e-05 6.05e-06 8.8e-06 1.045e-05 9.45e-06 1.205e-05 7.55e-06 9e-06 8.85e-06 9.2e-06 1.03e-05 1.085e-05 1.19e-05 1.27e-05 7.5e-06 9.4e-06 1.12e-05 1.05e-05 1.035e-05 1.385e-05 1.04e-05 1.605e-05 1.05e-05 9.2e-06 1.015e-05 1.525e-05 1.325e-05 1.035e-05 1.18e-05 1.15e-05 8.85e-06 8.05e-06 8.85e-06 8.85e-06 9.55e-06 1.025e-05 7.5e-06 1.22e-05 8.7e-06 7.85e-06 7.85e-06 9.55e-06 1.02e-05 8.95e-06 1e-05 1.11e-05 1.585e-05 6.75e-06 7.9e-06 9.55e-06 1.05e-05 1.27e-05 1.18e-05 1.17e-05 8.6e-06 9.95e-06 1.015e-05
10 8.05e-06 1.125e-05 1.22e-05 7.45e-06 1.065e-05 7.7e-06 6.55e-06 1.54e-05 8.55e-06 8.75e-06 1.21e-05 8.75e-06 7.95e-06 6.35e-06 1.015e-05 8.15e-06 6.6e-06 6.15e-06 8e-06 8.3e-06 7.65e-06 8.2e-06 6.6e-06 9.3e-06 1.18e-05 7.4e-06 1.005e-05 8e-06 7.4e-06 8.8e-06 9.4e-06 1.125e-05 9.4e-06 7e-06 7.65e-06 7.65e-06 8.8e-06 7.4e-06 7.45e-06 7.4e-06 1.075e-05 6.7e-06 1.33e-05 1.11e-05 8.75e-06 8.9e-06 8.55e-06 7.5e-06 1.09e-05 8.3e-06 7.95e-06 6.5e-06 8.7e-06 7.85e-06 9.2e-06 1.09e-05 1.085e-05 8.3e-06 7.35e-06 9.65e-06 9.9e-06 9.65e-06 1.195e-05 8.4e-06 1.565e-05 9.3e-06 8.2e-06 8.25e-06 1.375e-05 1.135e-05 8.3e-06 1.15e-05 9.6e-06 6.4e-06 7.1e-06 6.7e-06 6.5e-06 7.3e-06 8.65e-06 7.85e-06 1.07e-05 7.65e-06 9.1e-06 9.15e-06 7.25e-06 8.1e-06 6.5e-06 8.1e-06 9.55e-06 1.505e-05 8.6e-06 7.65e-06 7.2e-06 8.45e-06 1.14e-05 1.15e-05 1.125e-05 6.2e-06 7.45e-06 8.1e-06
11 8.2e-06 1.015e-05 1.175e-05 6.1e-06 1.08e-05 7.25e-06 5.3e-06 1.325e-05 6.35e-06 1.08e-05 8.75e-06 5.8e-06 8.7e-06 6.3e-06 1.155e-05 1.1e-05 5.45e-06 5e-06 1.24e-05 8.35e-06 1.1e-05 9.65e-06 5.35e-06 9.05e-06 1.045e-05 1.045e-05 1.15e-05 7.95e-06 1.09e-05 5.95e-06 8.85e-06 1.03e-05 6.95e-06 7.75e-06 6.7e-06 4.95e-06 8.35e-06 4.2e-06 8.2e-06 4.1e-06 1.02e-05 5.55e-06 1.195e-05 1.03e-05 1.08e-05 8.65e-06 4.85e-06 4.2e-06 1.035e-05 8.35e-06 7.9e-06 5.25e-06 9.3e-06 5.55e-06 5.1e-06 9e-06 8.25e-06 8.35e-06 7.75e-06 9.45e-06 1.045e-05 1.005e-05 1.015e-05 6.35e-06 1.595e-05 9e-06 8.25e-06 5.05e-06 1.005e-05 8.4e-06 6.25e-06 1.03e-05 7.75e-06 8.85e-06 8.6e-06 5.4e-06 5.25e-06 6.15e-06 3.4e-06 7.8e-06 1e-05 7.85e-06 1.115e-05 1.12e-05 6.1e-06 4.6e-06 5.35e-06 5.95e-06 1.295e-05 1.305e-05 1.15e-05 1.135e-05 5.95e-06 6.4e-06 8.95e-06 1.03e-05 1.015e-05 5e-06 5.95e-06 6.05e-06
12 8.35e-06 1.13e-05 1.265e-05 7.85e-06 1.12e-05 7.65e-06 6.75e-06 1.505e-05 8.2e-06 8.2e-06 7.95e-06 8.7e-06 1.24e-05 6.5e-06 1.115e-05 9.6e-06 6.8e-06 6.4e-06 9.8e-06 8.55e-06 8.55e-06 9.35e-06 6.8e-06 9.65e-06 1.15e-05 8.8e-06 1.05e-05 8.65e-06 6.9e-06 7e-06 8.4e-06 1.11e-05 9.75e-06 6.35e-06 7.1e-06 7.1e-06 9.1e-06 7.3e-06 8.3e-06 7.3e-06 9.65e-06 6.9e-06 1.395e-05 1.12e-05 8.2e-06 7.85e-06 8.3e-06 7.4e-06 1.125e-05 8.55e-06 8.6e-06 6.7e-06 8.55e-06 7.2e-06 8.7e-06 1.045e-05 1.08e-05 8.55e-06 8.7e-06 1.01e-05 1.04e-05 9.75e-06 1.15e-05 8.15e-06 1.66e-05 9.65e-06 8.75e-06 7.1e-06 1.3e-05 1.1e-05 8.1e-06 1.175e-05 9.5e-06 8.05e-06 7.4e-06 6.8e-06 6.7e-06 6.4e-06 8.2e-06 8.2e-06 1.11e-05 8e-06 1.005e-05 1.01e-05 6.4e-06 8e-06 6.7e-06 7.85e-06 1.145e-05 1.535e-05 9.05e-06 8.6e-06 6.55e-06 8.25e-06 1.12e-05 1.175e-05 1.155e-05 6.45e-06 7.85e-06 7.9e-06
13 6.5e-06 9.7e-06 1.02e-05 4.85e-06 1.045e-05 6.7e-06 2.7e-06 1.435e-05 6.25e-06 8.55e-06 6.35e-06 6.3e-06 6.5e-06 4.4e-06 1.1e-05 1.05e-05 2.65e-06 2.3e-06 1.1e-05 6.8e-06 9.45e-06 8.8e-06 2.65e-06 9e-06 9.3e-06 9.45e-06 9.4e-06 6.85e-06 7.4e-06 6.4e-06 7.3e-06 1.05e-05 7.25e-06 4.4e-06 6.3e-06 4.2e-06 7.7e-06 3.8e-06 6.55e-06 3.8e-06 8.7e-06 2.75e-06 1.175e-05 9.05e-06 8.55e-06 6.8e-06 5.45e-06 3.9e-06 1.065e-05 6.85e-06 6.8e-06 2.65e-06 7.95e-06 5.45e-06 6.15e-06 9.1e-06 8.8e-06 6.85e-06 7.7e-06 7.55e-06 8.9e-06 9.05e-06 1.025e-05 5.1e-06 1.565e-05 9.05e-06 6.7e-06 5.8e-06 1.1e-05 8.55e-06 4.9e-06 9.7e-06 6.35e-06 6.4e-06 5.85e-06 3.9e-06 2.65e-06 4.6e-06 5.3e-06 6.25e-06 9.1e-06 6.25e-06 9.9e-06 9.95e-06 4.55e-06 4.6e-06 2.55e-06 4.8e-06 1.14e-05 1.37e-05 8.95e-06 9.55e-06 4.3e-06 5.05e-06 8.55e-06 9.7e-06 9.45e-06 2.35e-06 3.85e-06 4.8e-06
14 1.135e-05 1.26e-05 1.4e-05 1.15e-05 1.195e-05 1.105e-05 1.12e-05 1.165e-05 1.105e-05 1.125e-05 1.015e-05 1.155e-05 1.115e-05 1.1e-05 1.79e-05 1.115e-05 1.135e-05 1.095e-05 1.03e-05 1.15e-05 1.075e-05 1.03e-05 1.125e-05 1.15e-05 1.41e-05 1.025e-05 1.255e-05 1.14e-05 1.055e-05 1.195e-05 1.09e-05 1.015e-05 1.165e-05 1.095e-05 1.1e-05 1.175e-05 1.12e-05 1.155e-05 1.14e-05 1.145e-05 1.105e-05 1.145e-05 1.45e-05 1.24e-05 1.125e-05 1.115e-05 1.16e-05 1.155e-05 1.115e-05 1.145e-05 1.135e-05 1.115e-05 1.09e-05 1.17e-05 1.175e-05 1.305e-05 1.125e-05 1.145e-05 1.06e-05 1.26e-05 1.26e-05 1.26e-05 1.365e-05 1.15e-05 1.58e-05 1.16e-05 1.185e-05 1.165e-05 1.115e-05 1.13e-05 1.145e-05 1.265e-05 1.16e-05 1.025e-05 1.09e-05 1.08e-05 1.115e-05 1.125e-05 1.22e-05 1.125e-05 1.255e-05 1.13e-05 1.19e-05 1.195e-05 1.125e-05 1.17e-05 1.125e-05 1.11e-05 1.16e-05 1.46e-05 1.14e-05 1.065e-05 1.14e-05 1.16e-05 1.095e-05 1.265e-05 1.255e-05 1.09e-05 1.185e-05 1.125e-05
15 1.15e-05 1.49e-05 1.555e-05 1.19e-05 9.1e-06 7.5e-06 1.235e-05 1.82e-05 1.28e-05 8.95e-06 8.15e-06 1.1e-05 9.6e-06 1.05e-05 1.115e-05 6e-07 1.25e-05 1.21e-05 4.75e-06 1.165e-05 2.65e-06 9.4e-06 1.24e-05 7.75e-06 1.505e-05 7.3e-06 1.26e-05 1.085e-05 5.5e-06 1.235e-05 1.16e-05 1.4e-05 1.29e-05 9.65e-06 9.3e-06 1.24e-05 1.17e-05 1.175e-05 6.55e-06 1.165e-05 1.29e-05 1.26e-05 1.63e-05 1.5e-05 8.95e-06 1.095e-05 1.24e-05 1.175e-05 9.45e-06 1.16e-05 1.08e-05 1.23e-05 9.4e-06 1.17e-05 1.305e-05 1.375e-05 1.48e-05 1.16e-05 7.65e-06 1.38e-05 1.29e-05 9.85e-06 1.44e-05 1.375e-05 1.71e-05 8.35e-06 1.135e-05 1.16e-05 1.86e-05 1.62e-05 1.37e-05 1.5e-05 1.475e-05 8.25e-06 8.3e-06 1.145e-05 1.23e-05 1.215e-05 1.15e-05 1.115e-05 1.435e-05 1.12e-05 6.5e-06 6.55e-06 1.215e-05 1.295e-05 1.24e-05 1.335e-05 9.65e-06 1.715e-05 8.25e-06 2.15e-06 1.21e-05 1.385e-05 1.61e-05 1.5e-05 1.49e-05 1.205e-05 1.285e-05 1.35e-05
16 5e-06 8e-06 9.1e-06 3.15e-06 1.055e-05 7.45e-06 1.1e-06 1.305e-05 4.65e-06 9.05e-06 6.6e-06 5.45e-06 6.8e-06 2.65e-06 1.135e-05 1.25e-05 1.2e-06 7e-07 1.3e-05 5.45e-06 1.155e-05 9.05e-06 1e-06 9.25e-06 9.1e-06 9.6e-06 8.1e-06 5.5e-06 9.65e-06 5.2e-06 7.6e-06 9e-06 5.7e-06 4.6e-06 6.05e-06 3.1e-06 6.2e-06 2.5e-06 6.7e-06 2.65e-06 9e-06 9.5e-07 1.06e-05 7.6e-06 9.05e-06 7.2e-06 4.25e-06 2.75e-06 1.08e-05 5.4e-06 5.45e-06 1.05e-06 8.3e-06 3.9e-06 4.95e-06 7.9e-06 7.2e-06 5.4e-06 8.35e-06 5.75e-06 7.35e-06 9.65e-06 1e-05 3.3e-06 1.45e-05 9.2e-06 5.25e-06 4.6e-06 9.3e-06 6.85e-06 3.2e-06 8.25e-06 4.65e-06 6.55e-06 6.15e-06 2.25e-06 1.05e-06 2.8e-06 4.6e-06 4.8e-06 7.4e-06 4.4e-06 1.025e-05 1.03e-05 2.9e-06 3.15e-06 7e-07 3.15e-06 1.155e-05 1.27e-05 9.4e-06 1.165e-05 2.45e-06 3.35e-06 7.15e-06 8.25e-06 8e-06 8e-07 2.3e-06 3.15e-06
17 4.7e-06 7.6e-06 8.85e-06 3e-06 1.025e-05 7.05e-06 7.5e-07 1.265e-05 4.3e-06 8.65e-06 6.15e-06 5e-06 6.4e-06 2.3e-06 1.095e-05 1.21e-05 7e-07 2e-07 1.26e-05 5.05e-06 1.12e-05 8.7e-06 8e-07 8.9e-06 8.65e-06 9.2e-06 7.7e-06 5.2e-06 9.3e-06 4.75e-06 7.2e-06 8.6e-06 5.35e-06 4.35e-06 5.7e-06 2.6e-06 5.9e-06 2.2e-06 6.4e-06 2.3e-06 8.6e-06 8e-07 1.02e-05 7.2e-06 8.65e-06 6.85e-06 3.85e-06 2.4e-06 1.04e-05 5.1e-06 5.15e-06 7e-07 8e-06 3.55e-06 4.5e-06 7.45e-06 6.9e-06 5.1e-06 7.9e-06 5.5e-06 6.95e-06 9.2e-06 9.6e-06 3.05e-06 1.41e-05 8.8e-06 5.05e-06 4.15e-06 8.9e-06 6.5e-06 2.9e-06 7.95e-06 4.45e-06 6.25e-06 5.9e-06 1.95e-06 7e-07 2.55e-06 4.1e-06 4.55e-06 7.05e-06 4.2e-06 9.85e-06 9.9e-06 2.4e-06 2.7e-06 6e-07 2.85e-06 1.115e-05 1.24e-05 9.05e-06 1.13e-05 2.3e-06 3.05e-06 6.85e-06 7.95e-06 7.5e-06 4.5e-07 2.1e-06 2.7e-06
18 1.21e-05 1.455e-05 1.605e-05 1.26e-05 1.125e-05 8.4e-06 1.285e-05 1.76e-05 1.265e-05 9.15e-06 8e-06 1.24e-05 9.8e-06 1.1e-05 1.03e-05 4.75e-06 1.3e-05 1.26e-05 6e-06 1.225e-05 4.8e-06 8.4e-06 1.29e-05 9.4e-06 1.54e-05 6.75e-06 1.29e-05 1.135e-05 5.75e-06 1.3e-05 1.135e-05 1.4e-05 1.395e-05 9.75e-06 1.03e-05 1.295e-05 1.23e-05 1.25e-05 9.05e-06 1.24e-05 1.24e-05 1.31e-05 1.675e-05 1.515e-05 9.15e-06 1.02e-05 1.305e-05 1.25e-05 1.135e-05 1.22e-05 1.13e-05 1.28e-05 9.2e-06 1.265e-05 1.295e-05 1.43e-05 1.49e-05 1.22e-05 7.75e-06 1.43e-05 1.335e-05 1.01e-05 1.495e-05 1.34e-05 1.755e-05 9.5e-06 1.205e-05 1.245e-05 1.79e-05 1.6e-05 1.335e-05 1.51e-05 1.49e-05 8.1e-06 8.95e-06 1.215e-05 1.28e-05 1.275e-05 1.24e-05 1.185e-05 1.475e-05 1.18e-05 8.9e-06 8.95e-06 1.275e-05 1.34e-05 1.29e-05 1.3e-05 9.5e-06 1.765e-05 8.8e-06 4.65e-06 1.28e-05 1.35e-05 1.57e-05 1.51e-05 1.5e-05 1.255e-05 1.315e-05 1.315e-05
19 5e-06 1.02e-05 1.09e-05 6.2e-06 1.18e-05 8.9e-06 5.2e-06 1.31e-05 7.15e-06 7.55e-06 8.3e-06 8.35e-06 8.55e-06 6.8e-06 1.15e-05 1.165e-05 5.45e-06 5.05e-06 1.225e-05 9.5e-06 1.07e-05 1.005e-05 5.25e-06 1.035e-05 1.195e-05 9.5e-06 5.4e-06 6.7e-06 1e-05 7.8e-06 1.015e-05 9.25e-06 8.4e-06 7.7e-06 7.75e-06 6.95e-06 6.15e-06 6.7e-06 8.65e-06 6.6e-06 1.15e-05 5.55e-06 1.25e-05 9.1e-06 7.55e-06 9.5e-06 7.85e-06 6.6e-06 1.21e-05 4.85e-06 6.55e-06 5.05e-06 9.3e-06 6.85e-06 8.55e-06 1.01e-05 9.65e-06 5.1e-06 9.8e-06 8.55e-06 8.85e-06 1.07e-05 1.2e-05 7.25e-06 1.49e-05 1.05e-05 6.75e-06 7.45e-06 1.265e-05 1.02e-05 7.2e-06 9.7e-06 8.3e-06 8.4e-06 7.6e-06 5.3e-06 5.15e-06 6e-06 8.45e-06 5.1e-06 9.6e-06 6.15e-06 8.55e-06 8.55e-06 6e-06 7.25e-06 5.35e-06 6.85e-06 1.16e-05 1.425e-05 7.55e-06 1.07e-05 6e-06 7.35e-06 9.8e-06 9.7e-06 9.6e-06 5e-06 6.35e-06 7e-06
20 1.06e-05 1.4e-05 1.46e-05 1.1e-05 9.65e-06 6.65e-06 1.14e-05 1.765e-05 1.175e-05 7.9e-06 7.65e-06 1.1e-05 8.55e-06 9.45e-06 1.075e-05 2.65e-06 1.155e-05 1.12e-05 4.8e-06 1.07e-05 3.8e-06 8.85e-06 1.145e-05 8.3e-06 1.445e-05 6.55e-06 1.19e-05 1.02e-05 3.95e-06 1.2e-05 1.055e-05 1.31e-05 1.235e-05 8.55e-06 8.75e-06 1.205e-05 1.06e-05 1.135e-05 7.15e-06 1.125e-05 1.185e-05 1.165e-05 1.57e-05 1.41e-05 7.9e-06 9.85e-06 1.2e-05 1.135e-05 1.005e-05 1.065e-05 1.015e-05 1.135e-05 7.95e-06 1.125e-05 1.27e-05 1.34e-05 1.395e-05 1.065e-05 7.7e-06 1.285e-05 1.21e-05 9.5e-06 1.365e-05 1.28e-05 1.65e-05 8.1e-06 1.04e-05 1.125e-05 1.77e-05 1.525e-05 1.28e-05 1.43e-05 1.375e-05 7.75e-06 6.85e-06 1.04e-05 1.135e-05 1.12e-05 1.17e-05 1.005e-05 1.34e-05 1.025e-05 7.2e-06 7.25e-06 1.125e-05 1.25e-05 1.145e-05 1.24e-05 9.15e-06 1.67e-05 6.95e-06 2.4e-06 1.105e-05 1.295e-05 1.57e-05 1.43e-05 1.425e-05 1.11e-05 1.23e-05 1.26e-05
21 9.95e-06 1.075e-05 1.36e-05 9.25e-06 1.145e-05 9.05e-06 8.9e-06 1.5e-05 7.85e-06 1.005e-05 8.2e-06 9.65e-06 9.35e-06 8.8e-06 1.03e-05 9.4e-06 9.05e-06 8.7e-06 8.4e-06 1.005e-05 8.85e-06 1.46e-05 8.95e-06 8.5e-06 1.225e-05 8.35e-06 1.2e-05 9.7e-06 8.65e-06 1.03e-05 1e-05 1.15e-05 1.09e-05 8.85e-06 9.05e-06 9.85e-06 9e-06 9.35e-06 9.35e-06 9.25e-06 1.105e-05 9.15e-06 1.43e-05 1.235e-05 1.005e-05 8.15e-06 9e-06 9.35e-06 1.115e-05 1e-05 9.65e-06 8.85e-06 7.85e-06 9.7e-06 8.95e-06 1.22e-05 1.11e-05 9.95e-06 8.75e-06 1.135e-05 1.15e-05 1.105e-05 1.195e-05 8.55e-06 1.66e-05 8.9e-06 1e-05 9.75e-06 1.3e-05 1.065e-05 8.55e-06 1.26e-05 1.085e-05 8.3e-06 8.75e-06 8.5e-06 8.85e-06 9.2e-06 1.01e-05 9.45e-06 1.09e-05 9.55e-06 1.07e-05 1.075e-05 9.25e-06 9.55e-06 8.95e-06 8.15e-06 1.065e-05 1.58e-05 1.015e-05 8.85e-06 9.15e-06 8.7e-06 1.21e-05 1.265e-05 1.26e-05 8.6e-06 9.7e-06 8.35e-06
22 5e-06 8.1e-06 8.85e-06 3.2e-06 1.055e-05 7.35e-06 1.1e-06 1.295e-05 4.65e-06 8.95e-06 6.6e-06 5.35e-06 6.8e-06 2.65e-06 1.125e-05 1.24e-05 1e-06 8e-07 1.29e-05 5.25e-06 1.145e-05 8.95e-06 1.4e-06 9.15e-06 9.1e-06 9.6e-06 8e-06 5.4e-06 9.55e-06 5.2e-06 7.6e-06 9e-06 5.7e-06 4.65e-06 6.05e-06 3.1e-06 6.2e-06 2.55e-06 6.55e-06 2.55e-06 9e-06 1.1e-06 1.06e-05 7.6e-06 8.95e-06 7.1e-06 4.25e-06 2.55e-06 1.08e-05 5.15e-06 5.25e-06 9e-07 8.2e-06 3.9e-06 4.95e-06 7.9e-06 7.2e-06 5.3e-06 8.25e-06 5.9e-06 7.35e-06 9.55e-06 1e-05 3.45e-06 1.45e-05 9.2e-06 5.2e-06 4.6e-06 9.4e-06 6.95e-06 3.15e-06 8.15e-06 4.65e-06 6.55e-06 5.9e-06 2.25e-06 1.05e-06 2.95e-06 4.5e-06 4.7e-06 7.5e-06 4.6e-06 1.015e-05 1.02e-05 3e-06 3.15e-06 9e-07 3.15e-06 1.155e-05 1.26e-05 9.3e-06 1.155e-05 2.7e-06 3.3e-06 7.05e-06 8.15e-06 8e-06 8e-07 2.2e-06 3.25e-06
23 1.025e-05 1.095e-05 1.38e-05 9.45e-06 1.045e-05 8.8e-06 9.1e-06 1.525e-05 8.05e-06 1.035e-05 9.3e-06 9.05e-06 9.65e-06 9e-06 1.15e-05 7.75e-06 9.25e-06 8.9e-06 9.4e-06 1.035e-05 8.3e-06 8.5e-06 9.15e-06 1.5e-05 1.255e-05 9.45e-06 1.24e-05 1e-05 8.85e-06 1.035e-05 1.02e-05 1.18e-05 1.08e-05 9.05e-06 9.15e-06 9.8e-06 9.2e-06 9.1e-06 8.55e-06 9e-06 1.125e-05 9.35e-06 1.445e-05 1.255e-05 1.035e-05 8.35e-06 8.75e-06 9.1e-06 1.035e-05 1.03e-05 9.95e-06 9.05e-06 8.05e-06 9.7e-06 8.7e-06 1.215e-05 1.13e-05 1.025e-05 9.4e-06 1.155e-05 1.175e-05 1.125e-05 1.225e-05 8.75e-06 1.675e-05 8.35e-06 1.02e-05 9.6e-06 1.32e-05 1.085e-05 8.75e-06 1.275e-05 1.105e-05 9.4e-06 8.95e-06 8.7e-06 9.05e-06 9.5e-06 9.4e-06 9.65e-06 1.11e-05 9.85e-06 1e-05 1.005e-05 9.55e-06 9.45e-06 9.15e-06 8.35e-06 1.18e-05 1.57e-05 1.045e-05 8.2e-06 9.35e-06 8.9e-06 1.25e-05 1.28e-05 1.275e-05 8.8e-06 1e-05 8.55e-06
24 1.17e-05 1.295e-05 1.385e-05 1e-05 1.505e-05 1.245e-05 9.05e-06 1.65e-05 9.85e-06 1.38e-05 1.18e-05 1.045e-05 1.15e-05 9.3e-06 1.41e-05 1.505e-05 9.1e-06 8.65e-06 1.54e-05 1.195e-05 1.445e-05 1.225e-05 9.1e-06 1.255e-05 1.47e-05 1.42e-05 1.415e-05 1.155e-05 1.34e-05 1.045e-05 1.2e-05 1.36e-05 1.22e-05 1.09e-05 1.06e-05 9.8e-06 1.12e-05 1.005e-05 1.215e-05 1.005e-05 1.29e-05 9.2e-06 1.365e-05 1.375e-05 1.38e-05 1.135e-05 9.8e-06 1.015e-05 1.385e-05 1.195e-05 1.15e-05 9e-06 1.185e-05 1.005e-05 1.04e-05 1.355e-05 1.2e-05 1.195e-05 1.3e-05 1.28e-05 1.39e-05 1.29e-05 8.15e-06 9.45e-06 1.795e-05 1.255e-05 1.17e-05 1.055e-05 1.31e-05 1.07e-05 9.35e-06 1.415e-05 1.18e-05 1.19e-05 1.17e-05 9.45e-06 9e-06 9.45e-06 1.145e-05 1.165e-05 1.245e-05 1.145e-05 1.46e-05 1.465e-05 9.4e-06 8.95e-06 9e-06 9.15e-06 1.57e-05 1.675e-05 1.4e-05 1.445e-05 9.6e-06 9.5e-06 1.2e-05 1.415e-05 1.39e-05 8.75e-06 9.6e-06 9.15e-06
25 9.25e-06 1.175e-05 1.37e-05 9.4e-06 1.07e-05 8.05e-06 9.55e-06 1.56e-05 9.7e-06 8.7e-06 7.4e-06 1.045e-05 8.8e-06 9.45e-06 1.025e-05 7.3e-06 9.6e-06 9.2e-06 6.75e-06 9.5e-06 6.55e-06 8.35e-06 9.6e-06 9.45e-06 1.42e-05 1.04e-05 1.08e-05 9.1e-06 7e-06 1.04e-05 1.03e-05 1.14e-05 1.11e-05 8.75e-06 8.75e-06 1.035e-05 9.45e-06 9.9e-06 8.55e-06 9.9e-06 1.155e-05 9.7e-06 1.465e-05 1.23e-05 8.7e-06 9.75e-06 1.055e-05 1e-05 1.1e-05 9.45e-06 9.05e-06 9.5e-06 8.6e-06 9.9e-06 1.075e-05 1.19e-05 1.185e-05 9.45e-06 7.95e-06 1.11e-05 1.065e-05 1.015e-05 1.36e-05 1.04e-05 1.565e-05 9.4e-06 9.35e-06 9.85e-06 1.475e-05 1.285e-05 1.035e-05 1.265e-05 1.155e-05 7.5e-06 7.9e-06 8.75e-06 9.5e-06 9.35e-06 1.07e-05 9e-06 1.165e-05 8.75e-06 9.05e-06 9.1e-06 9.35e-06 1.055e-05 9.5e-06 1.01e-05 9.1e-06 1.58e-05 8.3e-06 6.55e-06 9.3e-06 1.05e-05 1.345e-05 1.265e-05 1.245e-05 9.25e-06 1.045e-05 1.015e-05
26 5.25e-06 1.2e-05 1.225e-05 9.5e-06 1.375e-05 1.085e-05 7.95e-06 1.315e-05 1.07e-05 6.7e-06 1.005e-05 1.15e-05 1.05e-05 9.4e-06 1.255e-05 1.26e-05 8.1e-06 7.7e-06 1.29e-05 5.4e-06 1.19e-05 1.2e-05 8e-06 1.24e-05 1.415e-05 1.08e-05 1.4e-06 8.4e-06 1.09e-05 1.055e-05 1.18e-05 1.05e-05 1.195e-05 9.25e-06 1.14e-05 9.3e-06 7.25e-06 9.3e-06 1.05e-05 9.2e-06 1.32e-05 8.2e-06 1.36e-05 1e-05 6.7e-06 1.125e-05 1.065e-05 9.3e-06 1.41e-05 5.35e-06 8.35e-06 7.9e-06 1.15e-05 9.85e-06 1.13e-05 1.145e-05 1.31e-05 5.35e-06 1.15e-05 1.02e-05 9.45e-06 1.23e-05 1.49e-05 1.005e-05 1.51e-05 1.25e-05 8.75e-06 1.045e-05 1.56e-05 1.32e-05 1e-05 1.045e-05 1.105e-05 1.015e-05 9.7e-06 8.65e-06 7.9e-06 9.05e-06 1.1e-05 6e-06 1.145e-05 7.9e-06 6.7e-06 6.85e-06 9.05e-06 9.8e-06 8e-06 9.65e-06 1.235e-05 1.57e-05 6e-06 1.18e-05 9.3e-06 1.015e-05 1.165e-05 1.045e-05 1.035e-05 7.65e-06 8.9e-06 9.8e-06
27 6.6e-06 1.015e-05 1.005e-05 5.4e-06 1.14e-05 8.6e-06 5.3e-06 1.28e-05 7.2e-06 9.05e-06 8e-06 7.95e-06 8.65e-06 6.85e-06 1.14e-05 1.085e-05 5.5e-06 5.2e-06 1.135e-05 6.7e-06 1.02e-05 9.7e-06 5.4e-06 1e-05 1.155e-05 9.1e-06 8.4e-06 9.6e-06 9.85e-06 7.95e-06 1.015e-05 9.05e-06 8.15e-06 7.65e-06 7.5e-06 7.05e-06 7.2e-06 6.5e-06 8.35e-06 6.4e-06 1.15e-05 5.6e-06 1.11e-05 9.2e-06 9.05e-06 9.5e-06 7.7e-06 6.5e-06 1.175e-05 6.6e-06 4.9e-06 5.3e-06 9.2e-06 6.7e-06 8.4e-06 1.005e-05 8.9e-06 6.6e-06 9.25e-06 8.45e-06 8.7e-06 9.85e-06 1.155e-05 7.25e-06 1.34e-05 1.015e-05 5.45e-06 7.4e-06 1.27e-05 1.025e-05 7.3e-06 9.1e-06 8.2e-06 8.1e-06 7.55e-06 5.25e-06 5.3e-06 6.1e-06 8.1e-06 6.1e-06 9.55e-06 5.75e-06 9.65e-06 9.7e-06 6.2e-06 7.1e-06 5.4e-06 6.85e-06 1.115e-05 1.305e-05 8.95e-06 1.015e-05 6.05e-06 7.45e-06 9.15e-06 9.1e-06 9.1e-06 5.05e-06 5.4e-06 7.1e-06
28 9.95e-06 1.3e-05 1.35e-05 1.035e-05 1.035e-05 6.15e-06 9.5e-06 1.65e-05 1.09e-05 6.45e-06 7.4e-06 1.09e-05 6.9e-06 7.4e-06 1.055e-05 5.5e-06 9.65e-06 9.3e-06 5.75e-06 1e-05 3.95e-06 8.65e-06 9.55e-06 8.85e-06 1.34e-05 7e-06 1.09e-05 9.85e-06 4.8e-06 1.13e-05 7.95e-06 1.255e-05 1.245e-05 5.85e-06 9.45e-06 1.03e-05 1.035e-05 9.75e-06 7.65e-06 9.65e-06 9.2e-06 9.75e-06 1.505e-05 1.26e-05 6.45e-06 7.25e-06 1.075e-05 9.75e-06 1.06e-05 1e-05 9.8e-06 9.45e-06 7.3e-06 1.105e-05 1.12e-05 1.245e-05 1.335e-05 1e-05 7.75e-06 1.175e-05 1.11e-05 9e-06 1.34e-05 1.1e-05 1.65e-05 9.05e-06 9.85e-06 1.07e-05 1.59e-05 1.385e-05 1.1e-05 1.31e-05 1.205e-05 7.5e-06 6.15e-06 9.5e-06 9.45e-06 1.035e-05 1.03e-05 9.35e-06 1.275e-05 9.65e-06 8.15e-06 8.2e-06 1.04e-05 1.075e-05 9.55e-06 1.06e-05 9.7e-06 1.62e-05 6.7e-06 4.05e-06 1.015e-05 1.115e-05 1.41e-05 1.31e-05 1.305e-05 9.2e-06 1.065e-05 1.08e-05
29 7.55e-06 1.065e-05 1.23e-05 6.1e-06 1.185e-05 8.4e-06 5.15e-06 1.42e-05 6.7e-06 1.05e-05 8.8e-06 5.95e-06 7e-06 6.4e-06 1.195e-05 1.235e-05 5.2e-06 4.75e-06 1.3e-05 7.8e-06 1.2e-05 1.03e-05 5.2e-06 1.035e-05 1.045e-05 1.04e-05 1.055e-05 7.95e-06 1.13e-05 6.3e-06 9.85e-06 1.045e-05 7.7e-06 7.85e-06 5.45e-06 4.05e-06 8.7e-06 5.05e-06 8.9e-06 5.05e-06 1.115e-05 5.3e-06 1.34e-05 1.06e-05 1.05e-05 9.35e-06 6.2e-06 5.15e-06 1.19e-05 7.8e-06 7.9e-06 5.1e-06 9.95e-06 4.4e-06 6.4e-06 8.35e-06 9.05e-06 7.8e-06 8.9e-06 9.45e-06 1.06e-05 1.005e-05 1.045e-05 6.6e-06 1.695e-05 1.02e-05 8.25e-06 4.05e-06 1.145e-05 9.5e-06 6.5e-06 1.1e-05 7.95e-06 8.9e-06 8.75e-06 5.25e-06 5.1e-06 4.1e-06 5.3e-06 7.75e-06 1.05e-05 7.25e-06 1.15e-05 1.155e-05 3.95e-06 5.95e-06 5.1e-06 6.3e-06 1.325e-05 1.45e-05 1.12e-05 1.205e-05 4.6e-06 6.65e-06 9.2e-06 1.1e-05 1.075e-05 4.85e-06 5.95e-06 6.3e-06
30 9.95e-06 1.06e-05 1.225e-05 9.25e-06 1.085e-05 8.7e-06 7.55e-06 1.255e-05 8.6e-06 9.45e-06 9.4e-06 8.85e-06 8.4e-06 7.3e-06 1.09e-05 1.16e-05 7.6e-06 7.2e-06 1.135e-05 1.015e-05 1.055e-05 1e-05 7.6e-06 1.02e-05 1.2e-05 1.03e-05 1.18e-05 1.015e-05 7.95e-06 9.85e-06 1.24e-05 1.055e-05 1.005e-05 6.8e-06 1.02e-05 8.25e-06 1e-05 7.75e-06 9.65e-06 7.75e-06 7.95e-06 7.7e-06 1.29e-05 1.035e-05 9.45e-06 7.45e-06 8.3e-06 7.85e-06 1.045e-05 1.015e-05 1.01e-05 7.5e-06 9.15e-06 9.75e-06 8.35e-06 1.09e-05 1.01e-05 1.015e-05 9.8e-06 1.02e-05 1.055e-05 1.115e-05 1.225e-05 8.15e-06 1.555e-05 1.025e-05 1.01e-05 9.25e-06 9.55e-06 9.2e-06 8.1e-06 1.095e-05 8.6e-06 9.5e-06 8.8e-06 8e-06 7.5e-06 8.9e-06 8.3e-06 9.55e-06 1.075e-05 9.35e-06 1.165e-05 1.17e-05 8.9e-06 7.75e-06 7.5e-06 7.85e-06 1.22e-05 1.355e-05 1.07e-05 1.065e-05 8.7e-06 8.25e-06 1.045e-05 1.095e-05 1.075e-05 7.25e-06 8.8e-06 7.9e-06
31 9e-06 1.02e-05 1.185e-05 9.35e-06 1.215e-05 1.155e-05 8.95e-06 9.45e-06 8.45e-06 1.11e-05 1.125e-05 1.03e-05 1.11e-05 1.05e-05 1.015e-05 1.4e-05 9e-06 8.6e-06 1.4e-05 9.25e-06 1.31e-05 1.15e-05 9e-06 1.18e-05 1.36e-05 1.14e-05 1.05e-05 9.05e-06 1.255e-05 1.045e-05 1.055e-05 1.36e-05 9.4e-06 1.08e-05 1.035e-05 1.015e-05 8.75e-06 9.9e-06 1.16e-05 9.9e-06 1.085e-05 9.1e-06 1.24e-05 1e-05 1.11e-05 1.11e-05 9.95e-06 1e-05 1.13e-05 9.2e-06 9e-06 8.9e-06 1.08e-05 9.9e-06 1.01e-05 1.14e-05 9.1e-06 9.2e-06 1.24e-05 1.02e-05 1.045e-05 1.325e-05 1.29e-05 9.15e-06 1.37e-05 1.18e-05 9.2e-06 1.01e-05 8.75e-06 8.9e-06 9.1e-06 1.055e-05 9.35e-06 1.135e-05 1.08e-05 8.2e-06 8.9e-06 9e-06 1.125e-05 8.9e-06 1.015e-05 8.05e-06 1.225e-05 1.23e-05 9e-06 9.75e-06 8.9e-06 8.85e-06 1.265e-05 1.28e-05 1.135e-05 1.31e-05 9.05e-06 9.25e-06 9.15e-06 1.055e-05 1.035e-05 8.65e-06 1.005e-05 8.9e-06
32 8.15e-06 9.45e-06 1.04e-05 6.1e-06 1.03e-05 9.65e-06 5.65e-06 1.195e-05 6.5e-06 1.185e-05 9.4e-06 6.95e-06 9.75e-06 7.25e-06 1.165e-05 1.29e-05 5.7e-06 5.35e-06 1.395e-05 8.4e-06 1.235e-05 1.09e-05 5.7e-06 1.08e-05 1.22e-05 1.11e-05 1.195e-05 8.15e-06 1.245e-05 7.7e-06 1.005e-05 9.4e-06 8.9e-06 9.1e-06 7.05e-06 7.1e-06 8.4e-06 6.4e-06 9.35e-06 6.4e-06 1.1e-05 5.8e-06 1.15e-05 9.3e-06 1.185e-05 1.07e-05 7.25e-06 6.5e-06 1.085e-05 8.3e-06 8.1e-06 5.6e-06 1.035e-05 6.1e-06 7.9e-06 9.6e-06 7.7e-06 8.3e-06 1.035e-05 8.15e-06 9.45e-06 1.185e-05 1.16e-05 7.1e-06 1.335e-05 1.075e-05 8.3e-06 6.95e-06 9.1e-06 8.2e-06 7.1e-06 9.55e-06 6.45e-06 9.5e-06 9.05e-06 4.95e-06 5.6e-06 6e-06 7.65e-06 7.75e-06 8.9e-06 7.4e-06 1.235e-05 1.24e-05 6.05e-06 6.85e-06 5.6e-06 6.8e-06 1.205e-05 1.045e-05 1.2e-05 1.255e-05 5.85e-06 7.25e-06 9.1e-06 9.55e-06 9.4e-06 5.35e-06 6.65e-06 6.9e-06
33 7.55e-06 1.025e-05 1.095e-05 6.55e-06 1.05e-05 6.65e-06 4.6e-06 1.43e-05 7.65e-06 7.4e-06 7e-06 7.75e-06 6.35e-06 4.4e-06 1.095e-05 9.65e-06 4.6e-06 4.35e-06 9.75e-06 7.7e-06 8.55e-06 8.85e-06 4.65e-06 9.05e-06 1.09e-05 8.75e-06 9.25e-06 7.65e-06 5.85e-06 7.85e-06 6.8e-06 1.08e-05 9.1e-06 8.3e-06 8.15e-06 5.8e-06 8.45e-06 5.15e-06 7.25e-06 5.2e-06 8.1e-06 4.7e-06 1.26e-05 9.6e-06 7.4e-06 6.25e-06 6.75e-06 5.3e-06 1.07e-05 7.65e-06 7.6e-06 4.55e-06 7.95e-06 7.3e-06 7.2e-06 9.65e-06 1.015e-05 7.65e-06 7.8e-06 8.4e-06 8.95e-06 9.15e-06 1.18e-05 6.45e-06 1.56e-05 9.15e-06 7.5e-06 7.25e-06 1.195e-05 9.9e-06 6.55e-06 1.015e-05 7.7e-06 7.1e-06 6.25e-06 5.7e-06 4.55e-06 6.35e-06 6.25e-06 7e-06 1e-05 7e-06 9.4e-06 9.45e-06 6.5e-06 6.05e-06 4.5e-06 6.2e-06 1.1e-05 1.41e-05 8.4e-06 8.65e-06 6.15e-06 6.7e-06 1.005e-05 1.015e-05 1.005e-05 4.3e-06 5.85e-06 6.35e-06
34 7.5e-06 1.085e-05 1.235e-05 5.65e-06 1.045e-05 7.8e-06 6e-06 1.505e-05 6.4e-06 9.9e-06 7.65e-06 6.7e-06 7.1e-06 6.3e-06 1.1e-05 9.3e-06 6.05e-06 5.7e-06 1.03e-05 7.75e-06 8.75e-06 9.05e-06 6.05e-06 9.15e-06 1.06e-05 8.75e-06 1.14e-05 7.5e-06 9.45e-06 5.45e-06 1.02e-05 1.035e-05 7.05e-06 8.15e-06 7e-06 6.55e-06 7.9e-06 6.6e-06 7.8e-06 6.6e-06 1.15e-05 6.15e-06 1.335e-05 1.13e-05 9.9e-06 9.65e-06 7.35e-06 6.7e-06 1.075e-05 7.65e-06 7.45e-06 5.95e-06 8.55e-06 4.95e-06 8e-06 1.02e-05 8.65e-06 7.65e-06 8.45e-06 9.65e-06 1.085e-05 9.6e-06 9.7e-06 7.35e-06 1.64e-05 9.1e-06 7.8e-06 5.45e-06 1.23e-05 9.9e-06 7.35e-06 1.155e-05 8.5e-06 7.75e-06 7.35e-06 4.95e-06 5.95e-06 4.65e-06 7.7e-06 7.35e-06 1.03e-05 7.05e-06 1.035e-05 1.04e-05 4.7e-06 7.3e-06 5.95e-06 7.05e-06 1.145e-05 1.46e-05 9.85e-06 8.8e-06 4.85e-06 7.5e-06 1.04e-05 1.155e-05 1.14e-05 5.7e-06 6.85e-06 7.15e-06
35 6.7e-06 9.6e-06 1.075e-05 5.05e-06 1.125e-05 7.4e-06 3.05e-06 1.345e-05 6.2e-06 9.7e-06 7.65e-06 4.95e-06 7.1e-06 4.2e-06 1.175e-05 1.24e-05 3.1e-06 2.6e-06 1.295e-05 6.95e-06 1.205e-05 9.85e-06 3.1e-06 9.8e-06 9.8e-06 1.035e-05 9.3e-06 7.05e-06 1.03e-05 4.05e-06 8.25e-06 1.015e-05 7.1e-06 5.8e-06 6.55e-06 5e-06 8.15e-06 3e-06 7.8e-06 3e-06 9.6e-06 3.2e-06 1.205e-05 9e-06 9.7e-06 7.8e-06 4.65e-06 3.1e-06 1.135e-05 7e-06 7e-06 3e-06 9.45e-06 4.55e-06 4.85e-06 7.5e-06 8.5e-06 7e-06 7.95e-06 7.9e-06 9.15e-06 9.4e-06 1.075e-05 5.05e-06 1.595e-05 9.7e-06 7.15e-06 4.15e-06 1.04e-05 8.45e-06 4.9e-06 9.5e-06 6.35e-06 7.9e-06 7.75e-06 4.25e-06 3e-06 4.2e-06 3.25e-06 6.7e-06 9.45e-06 6.4e-06 1.085e-05 1.09e-05 4.1e-06 3.95e-06 3e-06 4.75e-06 1.28e-05 1.335e-05 1.06e-05 1.215e-05 4.3e-06 5.05e-06 8e-06 9.5e-06 9.2e-06 2.7e-06 4e-06 4.7e-06
36 6e-06 8.6e-06 1.11e-05 6.5e-06 1.145e-05 9.35e-06 6.15e-06 1.25e-05 5.9e-06 8.5e-06 8.8e-06 8.35e-06 9.1e-06 7.7e-06 1.12e-05 1.17e-05 6.2e-06 5.9e-06 1.23e-05 6.15e-06 1.06e-05 9e-06 6.2e-06 9.2e-06 1.12e-05 9.45e-06 7.25e-06 7.2e-06 1.035e-05 8.7e-06 1e-05 8.75e-06 8.4e-06 8.45e-06 7.9e-06 8.15e-06 9.2e-06 7.55e-06 9.05e-06 7.55e-06 1.12e-05 6.3e-06 1.2e-05 9.25e-06 8.5e-06 8.8e-06 7.05e-06 7.65e-06 1.135e-05 6.1e-06 7.15e-06 6.1e-06 8.1e-06 7.45e-06 7.8e-06 1.055e-05 8.9e-06 5.95e-06 1.04e-05 8.55e-06 9e-06 1.155e-05 1.08e-05 6.3e-06 1.435e-05 9.2e-06 7.15e-06 8.1e-06 1.12e-05 8.15e-06 6.35e-06 9.8e-06 8.4e-06 8.9e-06 8.05e-06 5.6e-06 6.1e-06 6.45e-06 9.5e-06 5.3e-06 7.95e-06 6.55e-06 9.45e-06 9.45e-06 6.55e-06 7.6e-06 6.1e-06 6e-06 1.135e-05 1.405e-05 8.4e-06 1.07e-05 6.3e-06 6.5e-06 1.005e-05 9.9e-06 9.8e-06 5.85e-06 7.4e-06 6.15e-06
37 6.5e-06 9.1e-06 1.01e-05 4.2e-06 1.05e-05 6.75e-06 2.5e-06 1.31e-05 5.65e-06 9.45e-06 7.4e-06 4.2e-06 7.3e-06 3.8e-06 1.155e-05 1.175e-05 2.5e-06 2.2e-06 1.25e-05 6.7e-06 1.135e-05 9.35e-06 2.55e-06 9.1e-06 1.005e-05 9.9e-06 9.3e-06 6.5e-06 9.75e-06 5.05e-06 7.75e-06 9.9e-06 6.4e-06 5.15e-06 6.6e-06 3e-06 7.55e-06 4.2e-06 7.2e-06 2.3e-06 9.1e-06 2.5e-06 1.145e-05 8.5e-06 9.45e-06 7.25e-06 4e-06 2.4e-06 1.07e-05 6.65e-06 6.45e-06 2.45e-06 8.85e-06 4.55e-06 4.3e-06 7.8e-06 7.9e-06 6.65e-06 7.4e-06 7.25e-06 8.65e-06 9.25e-06 1.095e-05 4.3e-06 1.535e-05 9.05e-06 6.45e-06 4.3e-06 9.9e-06 7.9e-06 4.45e-06 8.8e-06 5.65e-06 7.5e-06 7.1e-06 3.65e-06 2.45e-06 4.25e-06 2.6e-06 6.05e-06 8.9e-06 5.95e-06 1.045e-05 1.05e-05 4.35e-06 3.35e-06 2.4e-06 4.15e-06 1.235e-05 1.26e-05 1.03e-05 1.16e-05 4.05e-06 4.6e-06 7.85e-06 8.8e-06 8.65e-06 2.2e-06 3.5e-06 4.25e-06
38 8.25e-06 1.15e-05 1.245e-05 7.7e-06 9.9e-06 7.5e-06 6.8e-06 1.57e-05 8.8e-06 9.1e-06 7.45e-06 8.2e-06 8.3e-06 6.55e-06 1.14e-05 6.55e-06 6.7e-06 6.4e-06 9.05e-06 8.65e-06 7.15e-06 9.35e-06 6.55e-06 8.55e-06 1.215e-05 8.55e-06 1.05e-05 8.35e-06 7.65e-06 8.9e-06 9.65e-06 1.16e-05 9.35e-06 7.25e-06 7.8e-06 7.8e-06 9.05e-06 7.2e-06 1.26e-05 7.2e-06 1.1e-05 6.8e-06 1.35e-05 1.135e-05 9.1e-06 9.15e-06 8.35e-06 7.3e-06 1.015e-05 8.65e-06 8.3e-06 6.75e-06 8.95e-06 7.9e-06 9e-06 1.09e-05 1.11e-05 8.65e-06 8.05e-06 9.9e-06 1.02e-05 9.9e-06 1.23e-05 8.65e-06 1.585e-05 8.8e-06 8.4e-06 8.15e-06 1.4e-05 1.16e-05 8.25e-06 1.17e-05 9.85e-06 7.4e-06 7.35e-06 6.95e-06 6.75e-06 7.65e-06 8e-06 8.1e-06 1.095e-05 8e-06 8.4e-06 8.5e-06 7.6e-06 8.05e-06 6.6e-06 8.35e-06 1.07e-05 1.5e-05 8.95e-06 7.05e-06 7.4e-06 8.4e-06 1.17e-05 1.17e-05 1.145e-05 6.5e-06 7.65e-06 8.35e-06
39 6.5e-06 9.2e-06 1e-05 4.35e-06 1.05e-05 6.65e-06 2.5e-06 1.3e-05 5.65e-06 9.35e-06 7.4e-06 4.1e-06 7.3e-06 3.8e-06 1.145e-05 1.165e-05 2.65e-06 2.3e-06 1.24e-05 6.6e-06 1.125e-05 9.25e-06 2.55e-06 9e-06 1.005e-05 9.9e-06 9.2e-06 6.4e-06 9.65e-06 5.05e-06 7.75e-06 9.9e-06 6.4e-06 5.2e-06 6.6e-06 3e-06 7.55e-06 2.3e-06 7.2e-06 4e-06 9.1e-06 2.75e-06 1.145e-05 8.5e-06 9.35e-06 7.15e-06 4e-06 2.3e-06 1.07e-05 6.55e-06 6.35e-06 2.45e-06 8.75e-06 4.55e-06 4.3e-06 7.8e-06 7.9e-06 6.55e-06 7.3e-06 7.4e-06 8.65e-06 9.15e-06 1.095e-05 4.55e-06 1.535e-05 9.05e-06 6.55e-06 4.3e-06 1e-05 8e-06 4.55e-06 8.7e-06 5.65e-06 7.5e-06 7e-06 3.65e-06 2.35e-06 4.4e-06 2.5e-06 5.85e-06 9e-06 6.1e-06 1.035e-05 1.04e-05 4.45e-06 3.35e-06 2.55e-06 4.15e-06 1.235e-05 1.25e-05 1.02e-05 1.15e-05 4.2e-06 4.7e-06 7.75e-06 8.65e-06 8.65e-06 2.2e-06 3.35e-06 4.35e-06
40 1.13e-05 1.115e-05 1.31e-05 1.06e-05 1.175e-05 1e-05 8.95e-06 1.225e-05 9.8e-06 1.07e-05 1.075e-05 1.02e-05 9.65e-06 8.7e-06 1.105e-05 1.29e-05 9e-06 8.6e-06 1.24e-05 1.15e-05 1.185e-05 1.105e-05 9e-06 1.125e-05 1.29e-05 1.155e-05 1.32e-05 1.15e-05 9.2e-06 1.115e-05 7.95e-06 1.085e-05 1.1e-05 8.1e-06 1.15e-05 9.6e-06 1.12e-05 9.1e-06 1.1e-05 9.1e-06 1.5e-05 9.1e-06 1.375e-05 1.125e-05 1.07e-05 8.5e-06 9.5e-06 9.2e-06 1.01e-05 1.15e-05 1.145e-05 8.9e-06 1.02e-05 1.11e-05 9.4e-06 1.17e-05 1.015e-05 1.15e-05 1.11e-05 1.105e-05 1.14e-05 1.245e-05 1.355e-05 9.25e-06 1.585e-05 1.13e-05 1.145e-05 1.055e-05 7.95e-06 8.75e-06 9.2e-06 1.185e-05 9.55e-06 1.085e-05 1.015e-05 9.5e-06 8.9e-06 1.025e-05 9.55e-06 1.09e-05 1.145e-05 1.085e-05 1.3e-05 1.305e-05 1.025e-05 8.8e-06 8.9e-06 8.95e-06 1.3e-05 1.395e-05 1.205e-05 1.195e-05 1.005e-05 9.35e-06 1.065e-05 1.185e-05 1.165e-05 8.65e-06 1.02e-05 9e-06
41 5.1e-06 8.1e-06 9.2e-06 3e-06 1.065e-05 7.55e-06 1.2e-06 1.315e-05 4.75e-06 9.15e-06 6.7e-06 5.55e-06 6.9e-06 2.75e-06 1.145e-05 1.26e-05 9.5e-07 8e-07 1.31e-05 5.55e-06 1.165e-05 9.15e-06 1.1e-06 9.35e-06 9.2e-06 9.7e-06 8.2e-06 5.6e-06 9.75e-06 5.3e-06 7.7e-06 9.1e-06 5.8e-06 4.7e-06 6.15e-06 3.2e-06 6.3e-06 2.5e-06 6.8e-06 2.75e-06 9.1e-06 1.4e-06 1.07e-05 7.7e-06 9.15e-06 7.3e-06 4.35e-06 2.85e-06 1.09e-05 5.5e-06 5.55e-06 1.15e-06 8.4e-06 4e-06 5.05e-06 8e-06 7.3e-06 5.5e-06 8.45e-06 5.85e-06 7.45e-06 9.75e-06 1.01e-05 3.15e-06 1.46e-05 9.3e-06 5.2e-06 4.7e-06 9.4e-06 6.95e-06 3.3e-06 8.35e-06 4.75e-06 6.65e-06 6.25e-06 2.35e-06 1.15e-06 2.9e-06 4.7e-06 4.9e-06 7.5e-06 4.55e-06 1.035e-05 1.04e-05 3e-06 3.25e-06 8.5e-07 3.25e-06 1.165e-05 1.28e-05 9.5e-06 1.175e-05 2.65e-06 3.45e-06 7.25e-06 8.35e-06 8.1e-06 9e-07 2.4e-06 3.25e-06
42 1.225e-05 1.21e-05 1.015e-05 1.13e-05 1.38e-05 1.38e-05 1.055e-05 1.285e-05 1.19e-05 1.455e-05 1.33e-05 1.195e-05 1.395e-05 1.175e-05 1.45e-05 1.63e-05 1.06e-05 1.02e-05 1.675e-05 1.25e-05 1.57e-05 1.43e-05 1.06e-05 1.445e-05 1.365e-05 1.465e-05 1.36e-05 1.11e-05 1.505e-05 1.34e-05 1.29e-05 1.24e-05 1.15e-05 1.26e-05 1.335e-05 1.205e-05 1.2e-05 1.145e-05 1.35e-05 1.145e-05 1.375e-05 1.07e-05 1.86e-05 1.15e-05 1.455e-05 1.365e-05 1.175e-05 1.155e-05 1.43e-05 1.245e-05 1.105e-05 1.05e-05 1.385e-05 1.215e-05 1.24e-05 1.285e-05 1.215e-05 1.245e-05 1.44e-05 1.135e-05 1.16e-05 1.415e-05 1.39e-05 1.15e-05 1.08e-05 1.445e-05 1.145e-05 1.27e-05 1.255e-05 1.185e-05 1.145e-05 1.155e-05 1.07e-05 1.34e-05 1.31e-05 1.09e-05 1.05e-05 1.165e-05 1.28e-05 1.19e-05 1.155e-05 1.15e-05 1.49e-05 1.495e-05 1.165e-05 1.11e-05 1.05e-05 1.12e-05 1.425e-05 1.11e-05 1.44e-05 1.58e-05 1.15e-05 1.16e-05 1.225e-05 1.155e-05 1.135e-05 1.025e-05 1.09e-05 1.125e-05
