 slim_337575429 slim_337575511 slim_337575507 slim_337575416 slim_337575492 slim_337575392 slim_337575447 slim_337575338 slim_337575417 slim_337575282 slim_337575490 slim_337575464 slim_337575389 slim_337575456 slim_337575409 slim_337575209 slim_337575381 slim_337575486 slim_337575391 slim_337575491 slim_337575514 slim_337575382 slim_337575438 slim_337575374 slim_337575361 slim_337575499 slim_337575435 slim_337575402 slim_337575463 slim_337575385 slim_337575471 slim_337575453 slim_337575470 slim_337575276 slim_337575310 slim_337575485 slim_337575513 slim_337575432 slim_337575487 slim_337575442 slim_337575368 slim_337575473 slim_337575455 slim_337575439 slim_337575324 slim_337575327 slim_337575305 slim_337575375 slim_337575323 slim_337575399 slim_337575489 slim_337575384 slim_337575493 slim_337575352 slim_337575474 slim_337575475 slim_337575418 slim_337575225 slim_337575411 slim_337575397 slim_337575266 slim_337575251 slim_337575307 slim_337575484 slim_337575477 slim_337575468 slim_337575326 slim_337575427 slim_337575462 slim_337575465 slim_337575339 slim_337575441 slim_337575498 slim_337575394 slim_337575480 slim_337575431 slim_337575472 slim_337575421 slim_337575506 slim_337575410 slim_337575496 slim_337575239 slim_337575509 slim_337575495 slim_337575290 slim_337575458 slim_337575505 slim_337575100 slim_337575395 slim_337575426 slim_337575502 slim_337575483 slim_337575448 slim_337575466 slim_337575250 slim_337575358 slim_337575359 slim_337575386 slim_337575341 slim_337575433
0 6.6e-06 1.3e-05 1.35e-05 1.495e-05 1.185e-05 1.265e-05 1.37e-05 1.2e-05 1.325e-05 1.315e-05 1.17e-05 1.31e-05 1.51e-05 1.445e-05 1.17e-05 1.535e-05 1.215e-05 8.75e-06 1.175e-05 1.35e-05 1.185e-05 1.18e-05 1.155e-05 1.265e-05 1.31e-05 1.2e-05 9.1e-06 1.31e-05 1.33e-05 1.285e-05 7.65e-06 1.025e-05 1.265e-05 1.365e-05 1.285e-05 1.275e-05 1.305e-05 1.14e-05 1.3e-05 1.435e-05 1.185e-05 1.32e-05 1.275e-05 1.475e-05 1.01e-05 1.43e-05 1.185e-05 1.135e-05 1.32e-05 1.28e-05 1.495e-05 1.435e-05 1.17e-05 1.225e-05 1.35e-05 1.195e-05 1.175e-05 1.595e-05 1.315e-05 1.305e-05 1.495e-05 1.295e-05 1.255e-05 1.195e-05 1.175e-05 1.375e-05 1.19e-05 1.28e-05 1.55e-05 8.7e-06 1.245e-05 1.345e-05 1.295e-05 1.41e-05 1.33e-05 1.31e-05 1.42e-05 1.165e-05 1.305e-05 1.24e-05 1.185e-05 1.305e-05 1.215e-05 1.205e-05 1.3e-05 1.205e-05 1.225e-05 9.05e-06 1.125e-05 1.145e-05 1.325e-05 1.215e-05 1.235e-05 1.33e-05 1.275e-05 1.365e-05 1.35e-05 1.14e-05 1.225e-05 1.3e-05
1 1.3e-05 1.04e-05 7.8e-06 8.8e-06 9.85e-06 9.2e-06 1.26e-05 1.07e-05 1.1e-05 7.2e-06 1.135e-05 8.25e-06 1.085e-05 1.1e-05 1.08e-05 1.125e-05 9.85e-06 1.16e-05 1.165e-05 7.8e-06 1.3e-05 1.105e-05 1.045e-05 6e-06 1.06e-05 1.125e-05 1.12e-05 8.25e-06 8.75e-06 1.08e-05 1.07e-05 1.24e-05 6.7e-06 1.175e-05 1.015e-05 5.8e-06 1.145e-05 8.35e-06 9.05e-06 7.7e-06 1.31e-05 8e-06 8.45e-06 8.9e-06 1.225e-05 1.14e-05 9.9e-06 9.5e-06 1.1e-05 9.1e-06 8.8e-06 9.4e-06 1.065e-05 1.12e-05 1.22e-05 1.055e-05 1.15e-05 1.235e-05 1.045e-05 1.195e-05 1.07e-05 5.45e-06 9.1e-06 1.18e-05 1.14e-05 9.1e-06 1.14e-05 8.85e-06 1.155e-05 1.155e-05 9.2e-06 7.35e-06 1.185e-05 1.105e-05 8.1e-06 1.115e-05 1.245e-05 1.15e-05 7.95e-06 9.1e-06 1.11e-05 8.2e-06 1.155e-05 1.015e-05 5.2e-06 1.075e-05 1.395e-05 1.155e-05 1.04e-05 1.02e-05 1.165e-05 9.9e-06 1.14e-05 1.14e-05 8.4e-06 1.15e-05 1.115e-05 8.3e-06 1.14e-05 1.075e-05
2 1.35e-05 7.8e-06 1.39e-05 9.75e-06 7.25e-06 9.25e-06 1.175e-05 8.75e-06 9.45e-06 7.8e-06 9.15e-06 7.65e-06 1.13e-05 1.17e-05 9.15e-06 1.15e-05 7.4e-06 9.2e-06 1.055e-05 7.05e-06 1.145e-05 8.8e-06 7.7e-06 8.5e-06 1.095e-05 8.8e-06 1.25e-05 7.7e-06 8.8e-06 1.115e-05 1.01e-05 1.125e-05 8.65e-06 1.075e-05 9.65e-06 8.6e-06 1.125e-05 1.015e-05 9.2e-06 9.2e-06 1.145e-05 8.85e-06 8.05e-06 9.7e-06 1.29e-05 9.4e-06 7.1e-06 9.55e-06 1.17e-05 9.35e-06 9.75e-06 1.075e-05 1.185e-05 1.18e-05 1.155e-05 7.65e-06 9.15e-06 1.21e-05 9.85e-06 1.12e-05 1.115e-05 7.75e-06 9.15e-06 1.045e-05 1.02e-05 9.2e-06 9.85e-06 9e-06 1.205e-05 9.2e-06 9.5e-06 7.4e-06 1.11e-05 9.25e-06 7.7e-06 1.095e-05 1.125e-05 1.04e-05 8.1e-06 9.1e-06 8.85e-06 7.65e-06 1.005e-05 7.45e-06 7.8e-06 8.8e-06 1.285e-05 1.05e-05 8.7e-06 8.7e-06 1.13e-05 1.065e-05 9.05e-06 9.9e-06 8.2e-06 1.14e-05 9.8e-06 7.3e-06 9.55e-06 9.4e-06
3 1.495e-05 8.8e-06 9.75e-06 1.12e-05 1.28e-05 1.11e-05 1.34e-05 1.13e-05 1.025e-05 1.115e-05 1.34e-05 1.2e-05 1.11e-05 8.15e-06 1.115e-05 1.19e-05 1.37e-05 1.41e-05 1.11e-05 9.75e-06 1.555e-05 1.335e-05 1.345e-05 1.055e-05 9.1e-06 1.355e-05 1.3e-05 1.2e-05 9.5e-06 1.34e-05 1.37e-05 1.305e-05 1.025e-05 1.29e-05 1.095e-05 1.12e-05 7.85e-06 1.205e-05 1.225e-05 7.55e-06 1.555e-05 1.275e-05 1.185e-05 1.14e-05 1.065e-05 1.415e-05 1.335e-05 1.16e-05 1.37e-05 1.165e-05 5.65e-06 1.13e-05 1.26e-05 1.345e-05 1.04e-05 1.405e-05 1.35e-05 1.345e-05 1.135e-05 1e-05 1.095e-05 8.2e-06 1.1e-05 1.145e-05 1.15e-05 9.35e-06 1.325e-05 1.205e-05 1.175e-05 1.405e-05 1.13e-05 9.65e-06 9.9e-06 1.34e-05 1.005e-05 1.135e-05 1.4e-05 1.09e-05 1.195e-05 9.65e-06 1.34e-05 1.195e-05 1.27e-05 1.365e-05 8.8e-06 1.135e-05 1.535e-05 1.42e-05 1.385e-05 1.4e-05 1.245e-05 1.11e-05 1.385e-05 1.45e-05 1.215e-05 1.185e-05 9.55e-06 1.26e-05 1.32e-05 1e-05
4 1.185e-05 9.85e-06 7.25e-06 1.28e-05 3.1e-06 9e-06 9.85e-06 5.95e-06 6.95e-06 7.3e-06 5.2e-06 6.2e-06 1.255e-05 1.29e-05 6.45e-06 1.205e-05 2.6e-06 4.5e-06 9.05e-06 7.3e-06 8e-06 4.6e-06 2.6e-06 8.8e-06 1.185e-05 4.75e-06 1.3e-05 6.25e-06 1.03e-05 1.135e-05 7.3e-06 8.7e-06 1.105e-05 9.55e-06 8.1e-06 8.95e-06 1.13e-05 1.105e-05 8.5e-06 1.29e-05 7.95e-06 7.2e-06 6.65e-06 1.105e-05 1.295e-05 6.25e-06 1.7e-06 9.35e-06 1.195e-05 9.15e-06 1.28e-05 1.28e-05 1.24e-05 1.1e-05 1.045e-05 2.45e-06 5.1e-06 1.11e-05 8.9e-06 9.95e-06 1.24e-05 9.75e-06 8.9e-06 8.95e-06 8.2e-06 1.125e-05 6.45e-06 8.3e-06 1.26e-05 4.5e-06 8.85e-06 8.15e-06 9.85e-06 6.8e-06 8.05e-06 1.06e-05 9.35e-06 8.85e-06 7.1e-06 9.8e-06 4.7e-06 6.2e-06 7.4e-06 2.2e-06 9.85e-06 5.9e-06 1.065e-05 7.75e-06 3.95e-06 4.45e-06 1.075e-05 1.16e-05 5.15e-06 5.95e-06 6.85e-06 1.12e-05 7.2e-06 3.55e-06 6.1e-06 6.8e-06
5 1.265e-05 9.2e-06 9.25e-06 1.11e-05 9e-06 1.2e-05 8.85e-06 9.05e-06 1.03e-05 8.1e-06 7.45e-06 8e-06 1.145e-05 1.235e-05 8.9e-06 1.15e-05 8.85e-06 1.115e-05 7.55e-06 9.25e-06 1.115e-05 7.3e-06 8.55e-06 8.1e-06 1.1e-05 7.6e-06 1.305e-05 8e-06 7.9e-06 1.01e-05 1.025e-05 6.95e-06 7.4e-06 8.05e-06 1.09e-05 8.1e-06 1.03e-05 9.45e-06 7.15e-06 1.095e-05 1.115e-05 9.1e-06 7.8e-06 8.45e-06 1.28e-05 9.6e-06 8.8e-06 6.8e-06 1.07e-05 6.6e-06 1.11e-05 1.045e-05 1.215e-05 1.095e-05 1.11e-05 8.65e-06 7.95e-06 1.055e-05 1.11e-05 8.9e-06 1.13e-05 9.25e-06 6e-06 7.55e-06 7.9e-06 9.05e-06 8.5e-06 6.95e-06 1.2e-05 1.11e-05 9e-06 9.2e-06 8.9e-06 9.6e-06 9.05e-06 9.55e-06 8.3e-06 7.6e-06 7.95e-06 7.25e-06 7.35e-06 7.95e-06 6.75e-06 9e-06 9.2e-06 9.1e-06 1.21e-05 1.14e-05 8.6e-06 8.55e-06 9.55e-06 9.1e-06 9.6e-06 1.01e-05 7.65e-06 1.175e-05 1.06e-05 8.4e-06 8.75e-06 1.005e-05
6 1.37e-05 1.26e-05 1.175e-05 1.34e-05 9.85e-06 8.85e-06 1.21e-05 9.65e-06 1.135e-05 1.14e-05 8.55e-06 1.08e-05 1.27e-05 1.355e-05 9.55e-06 1.065e-05 1.06e-05 1.175e-05 7.95e-06 1.175e-05 1.14e-05 8.45e-06 9.9e-06 1.15e-05 1.175e-05 8.65e-06 1.54e-05 1.08e-05 1.025e-05 1.18e-05 1.2e-05 7.3e-06 1.145e-05 8.95e-06 1.205e-05 1.18e-05 1.07e-05 1.33e-05 9.75e-06 1.36e-05 1.13e-05 1.185e-05 1.055e-05 1.1e-05 1.4e-05 8.6e-06 9.95e-06 9.1e-06 1.24e-05 9.2e-06 1.34e-05 1.31e-05 1.5e-05 1.03e-05 1.185e-05 9.9e-06 8.1e-06 6.3e-06 1.25e-05 9.85e-06 1.255e-05 1.235e-05 8.75e-06 8.2e-06 8.3e-06 1.135e-05 9.45e-06 9.55e-06 1.075e-05 1.17e-05 1.19e-05 1.22e-05 9.75e-06 1.07e-05 1.155e-05 1.075e-05 7.2e-06 8e-06 1.115e-05 9.4e-06 8.5e-06 1.075e-05 7.95e-06 1.015e-05 1.26e-05 9.7e-06 1.195e-05 1.28e-05 9.55e-06 1.01e-05 1.115e-05 1.115e-05 1.055e-05 1.015e-05 1.045e-05 1.285e-05 1.165e-05 1.06e-05 9.7e-06 1.11e-05
7 1.2e-05 1.07e-05 8.75e-06 1.13e-05 5.95e-06 9.05e-06 9.65e-06 1.14e-05 7.8e-06 9.85e-06 6.3e-06 8.85e-06 1.24e-05 1.095e-05 6.05e-06 1.17e-05 6.55e-06 7.8e-06 6.5e-06 8.8e-06 9.7e-06 6.15e-06 6.05e-06 1.08e-05 8.95e-06 6.15e-06 1.305e-05 8.9e-06 9.15e-06 1.21e-05 9.25e-06 7.2e-06 1.23e-05 9.55e-06 9.05e-06 1.095e-05 8.2e-06 1.225e-05 9.35e-06 1.16e-05 9.6e-06 9.9e-06 8.9e-06 1.22e-05 1.215e-05 8.7e-06 5.85e-06 9.35e-06 1.28e-05 9.15e-06 1.13e-05 1.28e-05 1.235e-05 1.2e-05 9.55e-06 5.9e-06 6.5e-06 1.195e-05 9e-06 8.15e-06 1.225e-05 1.06e-05 8.95e-06 6.2e-06 6.5e-06 9.6e-06 6.75e-06 9.15e-06 1.225e-05 7.8e-06 1.095e-05 9.55e-06 8.05e-06 9.45e-06 8.95e-06 9.2e-06 9.15e-06 5.95e-06 9.55e-06 8.45e-06 6.2e-06 8.85e-06 7e-06 6.2e-06 1.07e-05 5.9e-06 1.115e-05 1.015e-05 6.55e-06 6.95e-06 9.5e-06 1.05e-05 7.45e-06 8.75e-06 8.9e-06 1.07e-05 8.35e-06 7.05e-06 6.95e-06 7.75e-06
8 1.325e-05 1.1e-05 9.45e-06 1.025e-05 6.95e-06 1.03e-05 1.135e-05 7.8e-06 1.31e-05 1.02e-05 7.9e-06 9.4e-06 1.26e-05 9.6e-06 7.95e-06 1.235e-05 7.25e-06 8.65e-06 9e-06 9.4e-06 1.1e-05 7.75e-06 6.9e-06 1.105e-05 1.055e-05 7.75e-06 1.315e-05 9.4e-06 1.055e-05 1.265e-05 1.01e-05 9.55e-06 1.245e-05 1.08e-05 9.7e-06 1.11e-05 8e-06 1.24e-05 1.06e-05 1.195e-05 1.09e-05 1.005e-05 9.4e-06 1.235e-05 1.06e-05 9.65e-06 6.7e-06 1.06e-05 1.335e-05 1.04e-05 1.025e-05 1.29e-05 1.245e-05 1.26e-05 8.5e-06 7.1e-06 8.1e-06 1.3e-05 9.95e-06 7.8e-06 1.245e-05 1.1e-05 1.02e-05 8.75e-06 9e-06 1.1e-05 8.75e-06 1.04e-05 1.29e-05 8.65e-06 9.85e-06 1.01e-05 7.7e-06 9.95e-06 1e-05 1.05e-05 1.085e-05 8.75e-06 9.95e-06 9.55e-06 7.8e-06 9.35e-06 8.5e-06 7e-06 1.1e-05 7.85e-06 1.21e-05 1.055e-05 8.15e-06 8.45e-06 1.07e-05 1.175e-05 8.3e-06 9.65e-06 9.8e-06 1.13e-05 7.5e-06 7.6e-06 8.55e-06 6.65e-06
9 1.315e-05 7.2e-06 7.8e-06 1.115e-05 7.3e-06 8.1e-06 1.14e-05 9.85e-06 1.02e-05 9.7e-06 9.1e-06 6.65e-06 1.125e-05 1.265e-05 1.025e-05 1.155e-05 6.95e-06 9.8e-06 1.145e-05 7.8e-06 1.155e-05 8.65e-06 7.9e-06 5.95e-06 1.22e-05 8.7e-06 1.2e-05 6.65e-06 9.35e-06 1.045e-05 9.2e-06 1.11e-05 6.55e-06 1.03e-05 9.95e-06 6.2e-06 1.3e-05 8.45e-06 7.85e-06 9.9e-06 1.165e-05 7.25e-06 7.15e-06 8.4e-06 1.295e-05 9.25e-06 7.15e-06 8.4e-06 1.09e-05 8.1e-06 1.115e-05 9.75e-06 1.135e-05 1.1e-05 1.25e-05 7.6e-06 9.05e-06 1.17e-05 1.05e-05 1.175e-05 1.11e-05 7e-06 8e-06 1.135e-05 1.1e-05 1.025e-05 1.01e-05 7.65e-06 1.21e-05 9.75e-06 8e-06 7.6e-06 1.165e-05 9e-06 8.3e-06 1.105e-05 1.09e-05 1.125e-05 6.6e-06 9.15e-06 8.7e-06 6.6e-06 9.7e-06 7.5e-06 7.2e-06 9.9e-06 1.34e-05 9.9e-06 8.45e-06 7.95e-06 1.125e-05 1.045e-05 9.35e-06 9.7e-06 7e-06 1.19e-05 1.05e-05 6.4e-06 9.9e-06 1.01e-05
10 1.17e-05 1.135e-05 9.15e-06 1.34e-05 5.2e-06 7.45e-06 8.55e-06 6.3e-06 7.9e-06 9.1e-06 5.9e-06 7.7e-06 1.315e-05 1.285e-05 5.75e-06 1.21e-05 4.6e-06 7.3e-06 5.6e-06 9.15e-06 8.1e-06 3.45e-06 2.95e-06 1.055e-05 1.115e-05 3.7e-06 1.305e-05 7.7e-06 8.65e-06 1.095e-05 8.15e-06 4.9e-06 1.18e-05 7.7e-06 9.2e-06 1.005e-05 9.9e-06 1.135e-05 7.7e-06 1.375e-05 8e-06 8.45e-06 7e-06 1.16e-05 1.295e-05 7.3e-06 4.3e-06 7.55e-06 1.19e-05 7.15e-06 1.34e-05 1.27e-05 1.195e-05 1.16e-05 9.5e-06 4e-06 4.45e-06 1.22e-05 9.45e-06 7.4e-06 1.3e-05 1.19e-05 7.4e-06 5.2e-06 6e-06 9.95e-06 5.3e-06 7.5e-06 1.335e-05 7.25e-06 9.75e-06 9.6e-06 7.35e-06 8.4e-06 9.05e-06 8.55e-06 6.9e-06 5.7e-06 8.05e-06 7.65e-06 3.5e-06 7.65e-06 3.85e-06 4.55e-06 1.135e-05 6.35e-06 9.65e-06 9.2e-06 4.9e-06 5.05e-06 8e-06 1.06e-05 5.65e-06 7.35e-06 7.45e-06 1.07e-05 8.25e-06 5.65e-06 5.3e-06 7.65e-06
11 1.31e-05 8.25e-06 7.65e-06 1.2e-05 6.2e-06 8e-06 1.08e-05 8.85e-06 9.4e-06 6.65e-06 7.7e-06 1.06e-05 1.165e-05 1.365e-05 9.35e-06 1.17e-05 5.7e-06 8.25e-06 1.075e-05 7.7e-06 1.01e-05 7.25e-06 6.25e-06 6.6e-06 1.305e-05 7.25e-06 1.27e-05 5.35e-06 9.55e-06 9.45e-06 9e-06 1e-05 6.4e-06 9.2e-06 1.05e-05 6.05e-06 1.295e-05 8.1e-06 6.85e-06 1.16e-05 1.015e-05 7e-06 6.1e-06 7.65e-06 1.355e-05 7.6e-06 5.5e-06 8.1e-06 9.7e-06 7.1e-06 1.2e-05 1.03e-05 1.175e-05 1.075e-05 1.185e-05 6e-06 7.9e-06 1.105e-05 1.065e-05 1.125e-05 1.15e-05 8.85e-06 7.9e-06 1.035e-05 1.03e-05 1.04e-05 8.65e-06 6.65e-06 1.27e-05 8.25e-06 7.95e-06 8e-06 1.115e-05 7.6e-06 8.35e-06 1.14e-05 9.55e-06 1.06e-05 6e-06 9.15e-06 7.3e-06 5.3e-06 8.6e-06 5.8e-06 8.25e-06 8.9e-06 1.19e-05 9.55e-06 7.05e-06 7e-06 1.1e-05 9.6e-06 7.75e-06 7.85e-06 5.85e-06 1.21e-05 9.75e-06 5.55e-06 8.45e-06 9.35e-06
12 1.51e-05 1.085e-05 1.13e-05 1.11e-05 1.255e-05 1.145e-05 1.27e-05 1.24e-05 1.26e-05 1.125e-05 1.315e-05 1.165e-05 1.55e-05 1.01e-05 1.23e-05 1.06e-05 1.315e-05 1.395e-05 1.25e-05 1.13e-05 1.45e-05 1.305e-05 1.29e-05 1.095e-05 9.7e-06 1.325e-05 1.215e-05 1.165e-05 1.14e-05 1.255e-05 1.36e-05 1.295e-05 1.015e-05 1.05e-05 1.02e-05 1.135e-05 1.19e-05 1.225e-05 1.215e-05 8.45e-06 1.455e-05 1.135e-05 1.16e-05 8.9e-06 1.22e-05 1.325e-05 1.29e-05 1.155e-05 1.295e-05 1.165e-05 1.11e-05 9.5e-06 1.185e-05 1.34e-05 1.3e-05 1.345e-05 1.275e-05 1.29e-05 1.08e-05 1.27e-05 7.75e-06 1.05e-05 1.135e-05 1.265e-05 1.28e-05 1.175e-05 1.365e-05 1.195e-05 1.07e-05 1.39e-05 1.225e-05 1.13e-05 1.26e-05 1.06e-05 1.165e-05 1.065e-05 1.345e-05 1.235e-05 1.175e-05 1.125e-05 1.31e-05 1.16e-05 1.205e-05 1.315e-05 1.085e-05 1.245e-05 1.455e-05 1.275e-05 1.36e-05 1.37e-05 1.15e-05 1.2e-05 1.345e-05 1.28e-05 1.185e-05 1.105e-05 1.28e-05 1.26e-05 1.355e-05 1.235e-05
13 1.445e-05 1.1e-05 1.17e-05 8.15e-06 1.29e-05 1.235e-05 1.355e-05 1.095e-05 9.6e-06 1.265e-05 1.285e-05 1.365e-05 1.01e-05 1e-05 1.055e-05 1.03e-05 1.385e-05 1.405e-05 1.04e-05 1.17e-05 1.475e-05 1.305e-05 1.305e-05 1.245e-05 6.6e-06 1.325e-05 1.065e-05 1.365e-05 1.105e-05 1.41e-05 1.36e-05 1.235e-05 1.345e-05 1.365e-05 8.5e-06 1.31e-05 6.75e-06 1.335e-05 1.385e-05 7.1e-06 1.47e-05 1.365e-05 1.315e-05 1.4e-05 8.75e-06 1.47e-05 1.345e-05 1.285e-05 1.45e-05 1.29e-05 8.15e-06 1.07e-05 1.01e-05 1.365e-05 9.35e-06 1.405e-05 1.32e-05 1.445e-05 8.95e-06 8.85e-06 9.95e-06 1.04e-05 1.225e-05 1.07e-05 1.115e-05 1.1e-05 1.295e-05 1.365e-05 1e-05 1.4e-05 1.275e-05 1.165e-05 8.8e-06 1.455e-05 1.19e-05 8.7e-06 1.415e-05 1.015e-05 1.355e-05 1.035e-05 1.31e-05 1.36e-05 1.205e-05 1.375e-05 1.1e-05 1.1e-05 1.43e-05 1.31e-05 1.38e-05 1.4e-05 9.9e-06 1.245e-05 1.365e-05 1.395e-05 1.37e-05 9.3e-06 1.02e-05 1.285e-05 1.3e-05 9.3e-06
14 1.17e-05 1.08e-05 9.15e-06 1.115e-05 6.45e-06 8.9e-06 9.55e-06 6.05e-06 7.95e-06 1.025e-05 5.75e-06 9.35e-06 1.23e-05 1.055e-05 1.06e-05 1.16e-05 6.95e-06 8.15e-06 6.1e-06 9.15e-06 9.65e-06 6.05e-06 5.35e-06 1.1e-05 8.45e-06 6.3e-06 1.27e-05 9.35e-06 8.9e-06 1.205e-05 9.35e-06 6.8e-06 1.25e-05 9.45e-06 8.5e-06 1.115e-05 7.8e-06 1.22e-05 9.6e-06 1.14e-05 9.55e-06 1.025e-05 8.6e-06 1.24e-05 1.18e-05 9.15e-06 6.35e-06 9.25e-06 1.275e-05 9.05e-06 1.115e-05 1.27e-05 1.2e-05 1.195e-05 9.2e-06 6.35e-06 6.65e-06 1.215e-05 8.9e-06 7.7e-06 1.215e-05 1.07e-05 8.85e-06 5.65e-06 6.45e-06 9.45e-06 6.7e-06 9.4e-06 1.215e-05 8.1e-06 1.115e-05 9.6e-06 7.65e-06 9.9e-06 9.05e-06 8.8e-06 9e-06 5.7e-06 9.7e-06 8.05e-06 6.1e-06 9.3e-06 6.6e-06 6.65e-06 1.08e-05 6.1e-06 1.085e-05 1.035e-05 6.75e-06 7.15e-06 9.1e-06 1.045e-05 7.65e-06 9e-06 9.1e-06 1.035e-05 8.35e-06 7.55e-06 6.9e-06 7.7e-06
15 1.535e-05 1.125e-05 1.15e-05 1.19e-05 1.205e-05 1.15e-05 1.065e-05 1.17e-05 1.235e-05 1.155e-05 1.21e-05 1.17e-05 1.06e-05 1.03e-05 1.16e-05 1.56e-05 1.24e-05 1.38e-05 1.16e-05 1.15e-05 1.28e-05 1.2e-05 1.205e-05 1.145e-05 9.55e-06 1.22e-05 1.22e-05 1.17e-05 1.14e-05 1.16e-05 1.345e-05 1.235e-05 1.155e-05 1.25e-05 1.015e-05 1.16e-05 1.18e-05 1.25e-05 1.2e-05 9.1e-06 1.28e-05 1.23e-05 1.16e-05 1.205e-05 1.275e-05 1e-05 1.215e-05 1.185e-05 1.215e-05 1.15e-05 1.19e-05 1.07e-05 1.14e-05 1.09e-05 1.255e-05 1.255e-05 1.255e-05 8.45e-06 1.035e-05 1.225e-05 1.045e-05 1.115e-05 1.14e-05 1.15e-05 1.19e-05 1.175e-05 1.265e-05 1.18e-05 8.6e-06 1.375e-05 1.295e-05 1.16e-05 1.215e-05 1.285e-05 1.18e-05 1.005e-05 1e-05 1.145e-05 1.185e-05 1.11e-05 1.205e-05 1.165e-05 1.175e-05 1.24e-05 1.125e-05 1.175e-05 1.265e-05 1.27e-05 1.275e-05 1.285e-05 1.065e-05 1.245e-05 1.24e-05 1.125e-05 1.185e-05 1.045e-05 1.255e-05 1.19e-05 1.26e-05 1.21e-05
16 1.215e-05 9.85e-06 7.4e-06 1.37e-05 2.6e-06 8.85e-06 1.06e-05 6.55e-06 7.25e-06 6.95e-06 4.6e-06 5.7e-06 1.315e-05 1.385e-05 6.95e-06 1.24e-05 2.4e-06 5.05e-06 9.45e-06 7.35e-06 7.65e-06 4.2e-06 2.05e-06 8.8e-06 1.3e-05 4.2e-06 1.26e-05 5.7e-06 1.03e-05 1.095e-05 6.45e-06 8.75e-06 1.065e-05 9.45e-06 8.9e-06 8.3e-06 1.26e-05 1.03e-05 7.95e-06 1.36e-05 7.7e-06 6.5e-06 6.15e-06 1.105e-05 1.355e-05 6e-06 1.65e-06 8.95e-06 1.17e-05 8.5e-06 1.37e-05 1.23e-05 1.165e-05 1.125e-05 1.075e-05 1.85e-06 4.95e-06 1.245e-05 8.95e-06 1.02e-05 1.3e-05 1.04e-05 8.75e-06 8.8e-06 8.7e-06 1.125e-05 6.25e-06 7.75e-06 1.365e-05 5.05e-06 8.35e-06 7.35e-06 1.01e-05 6.8e-06 8.05e-06 1.065e-05 9e-06 9.3e-06 5.75e-06 9.8e-06 4.25e-06 5.65e-06 6.7e-06 1.95e-06 9.85e-06 6.6e-06 1.045e-05 7.55e-06 3.9e-06 3.2e-06 1.01e-05 1.165e-05 4.6e-06 6e-06 6.2e-06 1.13e-05 7.65e-06 3.15e-06 5.8e-06 7.25e-06
17 8.75e-06 1.16e-05 9.2e-06 1.41e-05 4.5e-06 1.115e-05 1.175e-05 7.8e-06 8.65e-06 9.8e-06 7.3e-06 8.25e-06 1.395e-05 1.405e-05 8.15e-06 1.38e-05 5.05e-06 6.9e-06 1.07e-05 9.2e-06 8.8e-06 7.1e-06 4.7e-06 1.095e-05 1.31e-05 6.95e-06 1.175e-05 8.25e-06 1.21e-05 1.195e-05 7e-06 9.65e-06 1.205e-05 1.14e-05 9.7e-06 1.08e-05 1.245e-05 1.14e-05 1.075e-05 1.425e-05 8.75e-06 9.45e-06 8.55e-06 1.27e-05 1.195e-05 8.55e-06 3.9e-06 1.055e-05 1.23e-05 1.105e-05 1.41e-05 1.39e-05 1.22e-05 1.155e-05 1.165e-05 4.9e-06 7.1e-06 1.32e-05 1.055e-05 1.155e-05 1.38e-05 1.18e-05 1.105e-05 1.075e-05 1.02e-05 1.28e-05 8.35e-06 1.055e-05 1.425e-05 3.55e-06 1.03e-05 1.02e-05 1.145e-05 8.75e-06 1.01e-05 1.225e-05 1.155e-05 1.055e-05 9.25e-06 1.14e-05 7.15e-06 8.2e-06 9.5e-06 4.4e-06 1.16e-05 7.85e-06 1.08e-05 7.35e-06 6.05e-06 6.75e-06 1.21e-05 1.205e-05 6.95e-06 8.2e-06 9e-06 1.245e-05 9.15e-06 5.85e-06 7.95e-06 8.75e-06
18 1.175e-05 1.165e-05 1.055e-05 1.11e-05 9.05e-06 7.55e-06 7.95e-06 6.5e-06 9e-06 1.145e-05 5.6e-06 1.075e-05 1.25e-05 1.04e-05 6.1e-06 1.16e-05 9.45e-06 1.07e-05 5.5e-06 1.055e-05 1.055e-05 5.85e-06 8.2e-06 1.19e-05 7.8e-06 6.05e-06 1.345e-05 1.075e-05 7.55e-06 1.225e-05 1.045e-05 3.75e-06 1.275e-05 8.05e-06 1.005e-05 1.2e-05 5.9e-06 1.285e-05 8.65e-06 1.16e-05 1.04e-05 1.155e-05 1.01e-05 1.255e-05 1.195e-05 1.035e-05 8.9e-06 7.8e-06 1.305e-05 7.65e-06 1.11e-05 1.29e-05 1.26e-05 1.24e-05 9.05e-06 8.3e-06 6.4e-06 1.2e-05 9.65e-06 6e-06 1.235e-05 1.16e-05 7.45e-06 3.4e-06 3.7e-06 8.4e-06 6.2e-06 8.45e-06 1.215e-05 1.065e-05 1.2e-05 1.095e-05 5.9e-06 1.13e-05 9.85e-06 7.35e-06 7.45e-06 3.35e-06 1.095e-05 6.55e-06 5.9e-06 1.07e-05 4.6e-06 9.15e-06 1.165e-05 6.55e-06 1.11e-05 1.2e-05 7.85e-06 8.25e-06 7.65e-06 9.4e-06 9e-06 1.045e-05 9.9e-06 1.05e-05 9.45e-06 9.55e-06 6.95e-06 8.75e-06
19 1.35e-05 7.8e-06 7.05e-06 9.75e-06 7.3e-06 9.25e-06 1.175e-05 8.8e-06 9.4e-06 7.8e-06 9.15e-06 7.7e-06 1.13e-05 1.17e-05 9.15e-06 1.15e-05 7.35e-06 9.2e-06 1.055e-05 1.39e-05 1.145e-05 8.8e-06 7.7e-06 8.5e-06 1.095e-05 8.8e-06 1.25e-05 7.7e-06 8.8e-06 1.115e-05 1.01e-05 1.125e-05 8.65e-06 1.075e-05 9.65e-06 8.6e-06 1.125e-05 1.015e-05 9.2e-06 9.2e-06 1.145e-05 8.85e-06 8.05e-06 9.7e-06 1.29e-05 9.4e-06 7.1e-06 9.55e-06 1.17e-05 9.35e-06 9.75e-06 1.075e-05 1.185e-05 1.18e-05 1.155e-05 7.6e-06 9.15e-06 1.21e-05 9.85e-06 1.12e-05 1.115e-05 7.75e-06 9.15e-06 1.045e-05 1.02e-05 9.2e-06 9.85e-06 9e-06 1.205e-05 9.2e-06 9.5e-06 7.35e-06 1.11e-05 9.25e-06 7.65e-06 1.095e-05 1.125e-05 1.04e-05 8.1e-06 9.1e-06 8.85e-06 7.65e-06 1.005e-05 7.4e-06 7.8e-06 8.85e-06 1.285e-05 1.05e-05 8.7e-06 8.7e-06 1.13e-05 1.065e-05 9e-06 9.9e-06 8.2e-06 1.14e-05 9.8e-06 7.35e-06 9.55e-06 9.4e-06
20 1.185e-05 1.3e-05 1.145e-05 1.555e-05 8e-06 1.115e-05 1.14e-05 9.7e-06 1.1e-05 1.155e-05 8.1e-06 1.01e-05 1.45e-05 1.475e-05 9.65e-06 1.28e-05 7.65e-06 8.8e-06 1.055e-05 1.145e-05 1.32e-05 7.95e-06 7.15e-06 1.23e-05 1.335e-05 8.15e-06 1.275e-05 1.01e-05 1.23e-05 9.7e-06 9.95e-06 1.005e-05 1.34e-05 1.155e-05 1.14e-05 1.18e-05 1.345e-05 1.115e-05 1.085e-05 1.485e-05 6.8e-06 1.05e-05 1e-05 1.35e-05 1.415e-05 9.2e-06 7.2e-06 1.125e-05 1e-05 1.085e-05 1.555e-05 1.375e-05 1.1e-05 1.065e-05 1.185e-05 7e-06 8.8e-06 1.235e-05 1.11e-05 1.185e-05 1.435e-05 1.355e-05 1.105e-05 1.015e-05 1.035e-05 1.3e-05 8.8e-06 1.065e-05 1.38e-05 8.75e-06 1.205e-05 1.18e-05 1.175e-05 1.095e-05 1.11e-05 1.18e-05 1.015e-05 1.04e-05 1.045e-05 1.155e-05 8e-06 1.005e-05 9.1e-06 7.45e-06 1.3e-05 9.75e-06 7.85e-06 1.045e-05 7.8e-06 8.1e-06 1.095e-05 1.315e-05 8.05e-06 7.5e-06 9.75e-06 1.19e-05 1.125e-05 8.3e-06 8.95e-06 1.075e-05
21 1.18e-05 1.105e-05 8.8e-06 1.335e-05 4.6e-06 7.3e-06 8.45e-06 6.15e-06 7.75e-06 8.65e-06 3.45e-06 7.25e-06 1.305e-05 1.305e-05 6.05e-06 1.2e-05 4.2e-06 7.1e-06 5.85e-06 8.8e-06 7.95e-06 6.3e-06 3.4e-06 1.015e-05 1.135e-05 3.55e-06 1.32e-05 7.25e-06 8.65e-06 1.08e-05 7.95e-06 5.1e-06 1.14e-05 7.6e-06 9.5e-06 9.65e-06 1.01e-05 1.12e-05 7.2e-06 1.375e-05 7.85e-06 8e-06 7e-06 1.12e-05 1.31e-05 6.85e-06 3.75e-06 7.5e-06 1.175e-05 7.05e-06 1.335e-05 1.26e-05 1.21e-05 1.145e-05 9.65e-06 3.55e-06 4.3e-06 1.18e-05 9.35e-06 7.55e-06 1.29e-05 1.16e-05 7.3e-06 5.4e-06 5.8e-06 9.9e-06 5.15e-06 7e-06 1.325e-05 7.05e-06 9.35e-06 9.35e-06 7.55e-06 7.95e-06 8.75e-06 8.75e-06 6.75e-06 5.9e-06 7.7e-06 7.85e-06 3.25e-06 7.2e-06 4.05e-06 4.1e-06 1.105e-05 6.2e-06 9.75e-06 9e-06 4.5e-06 4.7e-06 8.2e-06 1.045e-05 5.45e-06 6.85e-06 7.05e-06 1.085e-05 8e-06 5.2e-06 5.15e-06 7.45e-06
22 1.155e-05 1.045e-05 7.7e-06 1.345e-05 2.6e-06 8.55e-06 9.9e-06 6.05e-06 6.9e-06 7.9e-06 2.95e-06 6.25e-06 1.29e-05 1.305e-05 5.35e-06 1.205e-05 2.05e-06 4.7e-06 8.2e-06 7.7e-06 7.15e-06 3.4e-06 1e-07 9.65e-06 1.21e-05 3.7e-06 1.225e-05 6.25e-06 9.75e-06 1.07e-05 6.95e-06 7.5e-06 1.15e-05 8.85e-06 7.65e-06 9.15e-06 1.145e-05 1.065e-05 8.4e-06 1.35e-05 7.1e-06 7.1e-06 5.5e-06 1.14e-05 1.285e-05 6.05e-06 1.7e-06 8.75e-06 1.155e-05 8.3e-06 1.345e-05 1.245e-05 1.13e-05 1.11e-05 9.65e-06 2e-06 4.45e-06 1.23e-05 8.65e-06 8.95e-06 1.275e-05 1.1e-05 8.55e-06 7.55e-06 8.1e-06 1.09e-05 5.7e-06 8.2e-06 1.33e-05 4.65e-06 8.85e-06 8.2e-06 8.95e-06 6.95e-06 8.2e-06 9.75e-06 8.2e-06 8.05e-06 6.75e-06 8.9e-06 3.45e-06 6.2e-06 5.5e-06 2e-06 1.045e-05 6.1e-06 9.3e-06 7.5e-06 3.75e-06 3.9e-06 9.2e-06 1.155e-05 4.2e-06 5.85e-06 6.6e-06 1.045e-05 7.15e-06 3.6e-06 5.15e-06 6.65e-06
23 1.265e-05 6e-06 8.5e-06 1.055e-05 8.8e-06 8.1e-06 1.15e-05 1.08e-05 1.105e-05 5.95e-06 1.055e-05 6.6e-06 1.095e-05 1.245e-05 1.1e-05 1.145e-05 8.8e-06 1.095e-05 1.19e-05 8.5e-06 1.23e-05 1.015e-05 9.65e-06 7.8e-06 1.21e-05 1.035e-05 1.175e-05 6.6e-06 9.55e-06 9.8e-06 9.95e-06 1.15e-05 4.85e-06 1.055e-05 1.06e-05 4.25e-06 1.265e-05 7e-06 7.4e-06 9.55e-06 1.245e-05 7.1e-06 7.2e-06 7.25e-06 1.27e-05 1.02e-05 8.9e-06 8.4e-06 9.7e-06 7.55e-06 1.055e-05 9.3e-06 1.12e-05 1.03e-05 1.26e-05 9.55e-06 1.06e-05 1.095e-05 1.13e-05 1.21e-05 1.08e-05 5.75e-06 8e-06 1.205e-05 1.155e-05 1.035e-05 1.09e-05 7.2e-06 1.175e-05 1.09e-05 8e-06 8e-06 1.2e-05 9.75e-06 8.8e-06 1.165e-05 1.135e-05 1.17e-05 6.55e-06 9.25e-06 1.02e-05 6.55e-06 1.075e-05 9.15e-06 6e-06 1.085e-05 1.365e-05 1.095e-05 9.4e-06 9.15e-06 1.2e-05 9.25e-06 1.075e-05 1.005e-05 6.75e-06 1.225e-05 1.12e-05 7.25e-06 1.095e-05 1.08e-05
24 1.31e-05 1.06e-05 1.095e-05 9.1e-06 1.185e-05 1.1e-05 1.175e-05 8.95e-06 1.055e-05 1.22e-05 1.115e-05 1.305e-05 9.7e-06 6.6e-06 8.45e-06 9.55e-06 1.3e-05 1.31e-05 7.8e-06 1.095e-05 1.335e-05 1.135e-05 1.21e-05 1.21e-05 9.3e-06 1.155e-05 1.06e-05 1.305e-05 9.55e-06 1.345e-05 1.265e-05 9.9e-06 1.32e-05 1.23e-05 7.85e-06 1.285e-05 6.85e-06 1.31e-05 1.25e-05 6.65e-06 1.33e-05 1.34e-05 1.255e-05 1.375e-05 1.02e-05 1.365e-05 1.25e-05 1.15e-05 1.385e-05 1.155e-05 9.1e-06 1.065e-05 1.005e-05 1.295e-05 1.035e-05 1.27e-05 1.15e-05 1.33e-05 8.15e-06 9.15e-06 9.65e-06 9.9e-06 1.09e-05 7.95e-06 8.55e-06 9.5e-06 1.085e-05 1.23e-05 9.35e-06 1.305e-05 1.375e-05 1.1e-05 9.05e-06 1.395e-05 1.075e-05 7.5e-06 1.235e-05 7.4e-06 1.305e-05 9.1e-06 1.14e-05 1.3e-05 1.045e-05 1.28e-05 1.06e-05 9e-06 1.325e-05 1.26e-05 1.21e-05 1.24e-05 8.75e-06 1.11e-05 1.265e-05 1.295e-05 1.27e-05 8.8e-06 1.095e-05 1.225e-05 1.13e-05 1.03e-05
25 1.2e-05 1.125e-05 8.8e-06 1.355e-05 4.75e-06 7.6e-06 8.65e-06 6.15e-06 7.75e-06 8.7e-06 3.7e-06 7.25e-06 1.325e-05 1.325e-05 6.3e-06 1.22e-05 4.2e-06 6.95e-06 6.05e-06 8.8e-06 8.15e-06 3.55e-06 3.7e-06 1.035e-05 1.155e-05 6.7e-06 1.34e-05 7.25e-06 8.9e-06 1.1e-05 8.05e-06 5.25e-06 1.16e-05 7.75e-06 9.75e-06 9.85e-06 1.03e-05 1.14e-05 7.45e-06 1.395e-05 8.05e-06 8.1e-06 7.25e-06 1.14e-05 1.33e-05 6.85e-06 3.8e-06 7.7e-06 1.195e-05 7.2e-06 1.355e-05 1.28e-05 1.23e-05 1.165e-05 9.85e-06 3.55e-06 4.25e-06 1.2e-05 9.55e-06 7.85e-06 1.31e-05 1.18e-05 7.5e-06 5.55e-06 6.05e-06 1.01e-05 5.35e-06 7.25e-06 1.345e-05 6.95e-06 9.55e-06 9.55e-06 7.75e-06 7.95e-06 8.95e-06 8.9e-06 7.05e-06 6.1e-06 7.9e-06 8.05e-06 3.6e-06 7.2e-06 4.15e-06 4.1e-06 1.125e-05 6.2e-06 9.95e-06 9e-06 4.7e-06 4.85e-06 8.35e-06 1.065e-05 5.45e-06 7.1e-06 7.25e-06 1.105e-05 8.25e-06 5.2e-06 5.35e-06 7.7e-06
26 9.1e-06 1.12e-05 1.25e-05 1.3e-05 1.3e-05 1.305e-05 1.54e-05 1.305e-05 1.315e-05 1.2e-05 1.305e-05 1.27e-05 1.215e-05 1.065e-05 1.27e-05 1.22e-05 1.26e-05 1.175e-05 1.345e-05 1.25e-05 1.275e-05 1.32e-05 1.225e-05 1.175e-05 1.06e-05 1.34e-05 1.34e-05 1.27e-05 1.29e-05 1.24e-05 1.045e-05 1.325e-05 1.195e-05 1.485e-05 1.015e-05 1.155e-05 1.325e-05 1.005e-05 1.355e-05 9.8e-06 1.285e-05 1.255e-05 1.245e-05 1.43e-05 1.04e-05 1.47e-05 1.265e-05 1.245e-05 1.25e-05 1.3e-05 1.3e-05 1e-05 7.2e-06 1.21e-05 1.34e-05 1.325e-05 1.355e-05 1.655e-05 1.045e-05 1.355e-05 1.2e-05 1.145e-05 1.295e-05 1.345e-05 1.38e-05 1.31e-05 1.36e-05 1.335e-05 1.255e-05 1.17e-05 1.265e-05 1.21e-05 1.345e-05 1.47e-05 1.28e-05 1.08e-05 1.52e-05 1.33e-05 1.245e-05 1.235e-05 1.325e-05 1.265e-05 1.31e-05 1.285e-05 1.12e-05 1.31e-05 1.275e-05 1.025e-05 1.305e-05 1.29e-05 1.02e-05 1.28e-05 1.315e-05 1.335e-05 1.285e-05 1.075e-05 1.335e-05 1.15e-05 1.34e-05 1.29e-05
27 1.31e-05 8.25e-06 7.7e-06 1.2e-05 6.25e-06 8e-06 1.08e-05 8.9e-06 9.4e-06 6.65e-06 7.7e-06 5.35e-06 1.165e-05 1.365e-05 9.35e-06 1.17e-05 5.7e-06 8.25e-06 1.075e-05 7.7e-06 1.01e-05 7.25e-06 6.25e-06 6.6e-06 1.305e-05 7.25e-06 1.27e-05 1.06e-05 9.55e-06 9.45e-06 9e-06 1e-05 6.4e-06 9.2e-06 1.05e-05 6.05e-06 1.295e-05 8.1e-06 6.85e-06 1.16e-05 1.015e-05 7e-06 6.1e-06 7.65e-06 1.355e-05 7.6e-06 5.5e-06 8.1e-06 9.7e-06 7.1e-06 1.2e-05 1.03e-05 1.175e-05 1.075e-05 1.185e-05 6e-06 7.9e-06 1.105e-05 1.065e-05 1.125e-05 1.15e-05 8.85e-06 7.9e-06 1.035e-05 1.03e-05 1.04e-05 8.65e-06 6.65e-06 1.27e-05 8.25e-06 7.95e-06 8e-06 1.115e-05 7.6e-06 8.35e-06 1.14e-05 9.55e-06 1.06e-05 6e-06 9.15e-06 7.3e-06 5.3e-06 8.6e-06 5.8e-06 8.25e-06 8.95e-06 1.19e-05 9.55e-06 7.05e-06 7e-06 1.1e-05 9.6e-06 7.75e-06 7.85e-06 5.85e-06 1.21e-05 9.75e-06 5.6e-06 8.45e-06 9.35e-06
28 1.33e-05 8.75e-06 8.8e-06 9.5e-06 1.03e-05 7.9e-06 1.025e-05 9.15e-06 1.055e-05 9.35e-06 8.65e-06 9.55e-06 1.14e-05 1.105e-05 8.9e-06 1.14e-05 1.03e-05 1.21e-05 7.55e-06 8.8e-06 1.23e-05 8.65e-06 9.75e-06 9.55e-06 9.55e-06 8.9e-06 1.29e-05 9.55e-06 1.44e-05 1.13e-05 1.135e-05 8.2e-06 9.1e-06 9.45e-06 1.055e-05 9.65e-06 9.25e-06 1.075e-05 8.7e-06 9.2e-06 1.225e-05 1.05e-05 9.2e-06 1.005e-05 1.26e-05 1.105e-05 1.015e-05 8.25e-06 1.195e-05 8.05e-06 9.5e-06 1.085e-05 1.21e-05 1.22e-05 1.1e-05 1.005e-05 9.25e-06 1.215e-05 1.05e-05 9.1e-06 1.125e-05 8.7e-06 7.85e-06 7.65e-06 8e-06 8.05e-06 9.35e-06 8.5e-06 1.195e-05 1.205e-05 1.055e-05 8.8e-06 9.05e-06 1.11e-05 8.6e-06 9.3e-06 9.7e-06 7.6e-06 9.5e-06 7.4e-06 8.7e-06 9.5e-06 7.95e-06 1.04e-05 8.75e-06 9.2e-06 1.285e-05 1.235e-05 1e-05 1e-05 9.65e-06 9.6e-06 1.065e-05 1.16e-05 9.2e-06 1.125e-05 1.085e-05 9.8e-06 9.6e-06 1.03e-05
29 1.285e-05 1.08e-05 1.115e-05 1.34e-05 1.135e-05 1.01e-05 1.18e-05 1.21e-05 1.265e-05 1.045e-05 1.095e-05 9.45e-06 1.255e-05 1.41e-05 1.205e-05 1.16e-05 1.095e-05 1.195e-05 1.225e-05 1.115e-05 9.7e-06 1.08e-05 1.07e-05 9.8e-06 1.345e-05 1.1e-05 1.24e-05 9.45e-06 1.13e-05 1.45e-05 1.17e-05 1.17e-05 8.85e-06 1.12e-05 1.265e-05 9.25e-06 1.395e-05 8.75e-06 9.8e-06 1.225e-05 9.45e-06 1.045e-05 9.15e-06 9.45e-06 1.37e-05 1.03e-05 1.075e-05 1.02e-05 8.1e-06 9.5e-06 1.34e-05 1.115e-05 1.075e-05 1e-05 1.25e-05 1.1e-05 1.165e-05 1.1e-05 1.26e-05 1.28e-05 1.24e-05 1.14e-05 1e-05 1.185e-05 1.235e-05 1.19e-05 1.16e-05 9.6e-06 1.26e-05 1.19e-05 1.095e-05 1.125e-05 1.27e-05 1.13e-05 1.135e-05 1.235e-05 1.055e-05 1.21e-05 9.35e-06 1.05e-05 1.085e-05 9.4e-06 1.08e-05 1.095e-05 1.08e-05 1.215e-05 9.05e-06 1.19e-05 1.125e-05 1.135e-05 1.175e-05 1.14e-05 1.06e-05 9.05e-06 9.5e-06 1.215e-05 1.295e-05 1.005e-05 1.165e-05 1.24e-05
30 7.65e-06 1.07e-05 1.01e-05 1.37e-05 7.3e-06 1.025e-05 1.2e-05 9.25e-06 1.01e-05 9.2e-06 8.15e-06 9e-06 1.36e-05 1.36e-05 9.35e-06 1.345e-05 6.45e-06 7e-06 1.045e-05 1.01e-05 9.95e-06 7.95e-06 6.95e-06 9.95e-06 1.265e-05 8.05e-06 1.045e-05 9e-06 1.135e-05 1.17e-05 1.08e-05 9.3e-06 1.075e-05 1.13e-05 1.06e-05 9.75e-06 1.255e-05 1.03e-05 9.95e-06 1.325e-05 1.01e-05 9.25e-06 9.25e-06 1.245e-05 1.115e-05 1.01e-05 6.8e-06 9.6e-06 1.21e-05 1.015e-05 1.37e-05 1.255e-05 1.115e-05 1.15e-05 1.175e-05 7.2e-06 8.3e-06 1.405e-05 1.095e-05 1.135e-05 1.345e-05 1.095e-05 1.015e-05 1.025e-05 1.005e-05 1.205e-05 9.25e-06 9.75e-06 1.415e-05 6.95e-06 9.9e-06 9.75e-06 1.125e-05 1.03e-05 1.055e-05 1.145e-05 1.145e-05 1.035e-05 8.85e-06 1.075e-05 8e-06 8.95e-06 9.05e-06 7.1e-06 1.07e-05 9.3e-06 1.125e-05 7.85e-06 7.8e-06 7.2e-06 1.125e-05 1.14e-05 8.35e-06 9.75e-06 9.3e-06 1.195e-05 1.035e-05 7.1e-06 9e-06 9.95e-06
31 1.025e-05 1.24e-05 1.125e-05 1.305e-05 8.7e-06 6.95e-06 7.3e-06 7.2e-06 9.55e-06 1.11e-05 4.9e-06 1e-05 1.295e-05 1.235e-05 6.8e-06 1.235e-05 8.75e-06 9.65e-06 3.75e-06 1.125e-05 1.005e-05 5.1e-06 7.5e-06 1.15e-05 9.9e-06 5.25e-06 1.325e-05 1e-05 8.2e-06 1.17e-05 9.3e-06 3.9e-06 1.12e-05 7e-06 1.095e-05 1.13e-05 8.05e-06 1.23e-05 7.85e-06 1.37e-05 9.9e-06 1.09e-05 9.35e-06 1.155e-05 1.21e-05 9.7e-06 8.25e-06 6.3e-06 1.25e-05 6.8e-06 1.305e-05 1.285e-05 1.3e-05 1.21e-05 9.85e-06 7.6e-06 5.55e-06 1.17e-05 1.08e-05 6.5e-06 1.28e-05 1.265e-05 6.85e-06 3.85e-06 4.55e-06 9.55e-06 6e-06 7.65e-06 1.305e-05 9.6e-06 1.05e-05 1.165e-05 6.4e-06 1.035e-05 1.055e-05 7.95e-06 6.75e-06 4e-06 1.02e-05 7.05e-06 5.15e-06 9.95e-06 3.7e-06 8.45e-06 1.24e-05 7.25e-06 1.085e-05 1.09e-05 7.15e-06 7.55e-06 7.75e-06 8.9e-06 8.55e-06 9.7e-06 9.15e-06 1.145e-05 1e-05 8.9e-06 6.7e-06 9.3e-06
32 1.265e-05 6.7e-06 8.65e-06 1.025e-05 1.105e-05 7.4e-06 1.145e-05 1.23e-05 1.245e-05 6.55e-06 1.18e-05 6.4e-06 1.015e-05 1.345e-05 1.25e-05 1.155e-05 1.065e-05 1.205e-05 1.275e-05 8.65e-06 1.34e-05 1.14e-05 1.15e-05 4.85e-06 1.32e-05 1.16e-05 1.195e-05 6.4e-06 9.1e-06 8.85e-06 1.075e-05 1.12e-05 3.3e-06 9.55e-06 1.23e-05 4.6e-06 1.365e-05 6.45e-06 6.85e-06 9.3e-06 1.355e-05 8.3e-06 7e-06 4.8e-06 1.285e-05 1.07e-05 1.08e-05 6.75e-06 8.75e-06 6.75e-06 1.025e-05 8.1e-06 1.19e-05 1.06e-05 1.36e-05 1.14e-05 1.175e-05 1.04e-05 1.27e-05 1.29e-05 1e-05 7e-06 7.3e-06 1.275e-05 1.265e-05 9.85e-06 1.215e-05 6.65e-06 1.2e-05 1.2e-05 6.95e-06 8.15e-06 1.28e-05 9.35e-06 8.95e-06 1.25e-05 1.125e-05 1.26e-05 6.35e-06 8.85e-06 1.145e-05 6.35e-06 1.14e-05 1.1e-05 6.7e-06 1.235e-05 1.435e-05 1.155e-05 1.125e-05 1.1e-05 1.245e-05 7.65e-06 1.22e-05 1.115e-05 6.55e-06 1.33e-05 1.26e-05 9.15e-06 1.215e-05 1.22e-05
33 1.365e-05 1.175e-05 1.075e-05 1.29e-05 9.55e-06 8.05e-06 8.95e-06 9.55e-06 1.08e-05 1.03e-05 7.7e-06 9.2e-06 1.05e-05 1.365e-05 9.45e-06 1.25e-05 9.45e-06 1.14e-05 8.05e-06 1.075e-05 1.155e-05 7.6e-06 8.85e-06 1.055e-05 1.23e-05 7.75e-06 1.485e-05 9.2e-06 9.45e-06 1.12e-05 1.13e-05 7e-06 9.55e-06 1.24e-05 1.22e-05 1.035e-05 1.11e-05 1.185e-05 8.35e-06 1.325e-05 1.15e-05 9.35e-06 9e-06 7.65e-06 1.37e-05 9.8e-06 9.15e-06 7.95e-06 1.2e-05 7.75e-06 1.29e-05 1.16e-05 1.425e-05 1.27e-05 1.15e-05 8.9e-06 7.7e-06 1.145e-05 1.215e-05 9.5e-06 1.035e-05 1.2e-05 7.95e-06 7.8e-06 8.4e-06 1.055e-05 8.9e-06 8.15e-06 1.335e-05 1.135e-05 1.035e-05 1.11e-05 9.4e-06 7.85e-06 1.06e-05 1.05e-05 8.6e-06 8.1e-06 9.5e-06 8.75e-06 7.65e-06 9.15e-06 6.2e-06 9.35e-06 1.175e-05 9.6e-06 1.23e-05 1.2e-05 9.2e-06 9.4e-06 1.04e-05 1.02e-05 9.7e-06 1.015e-05 8.9e-06 1.265e-05 1.11e-05 9.75e-06 9.1e-06 1.055e-05
34 1.285e-05 1.015e-05 9.65e-06 1.095e-05 8.1e-06 1.09e-05 1.205e-05 9.05e-06 9.7e-06 9.95e-06 9.2e-06 1.05e-05 1.02e-05 8.5e-06 8.5e-06 1.015e-05 8.9e-06 9.7e-06 1.005e-05 9.65e-06 1.14e-05 9.5e-06 7.65e-06 1.06e-05 7.85e-06 9.75e-06 1.015e-05 1.05e-05 1.055e-05 1.265e-05 1.06e-05 1.095e-05 1.23e-05 1.22e-05 1.26e-05 1.115e-05 1.005e-05 1.185e-05 1.185e-05 8.25e-06 1.14e-05 1.08e-05 9.95e-06 1.3e-05 1.1e-05 1.135e-05 8.35e-06 1.135e-05 1.295e-05 1.135e-05 1.095e-05 1.055e-05 9.55e-06 1.21e-05 1.1e-05 9.15e-06 9.8e-06 1.315e-05 7.9e-06 1.06e-05 1.01e-05 9.65e-06 1.085e-05 1.05e-05 1.035e-05 1.11e-05 1.04e-05 1.165e-05 9.95e-06 9.65e-06 1.18e-05 9.75e-06 1.055e-05 1.15e-05 1.005e-05 8.45e-06 1.235e-05 9.85e-06 1.065e-05 1.015e-05 9.55e-06 1.045e-05 1.015e-05 8.7e-06 1.015e-05 9.1e-06 1.225e-05 1.01e-05 9.4e-06 9.7e-06 9.3e-06 1.23e-05 1e-05 1.035e-05 1.075e-05 8.9e-06 9.95e-06 8.85e-06 1.01e-05 9.45e-06
35 1.275e-05 5.8e-06 8.6e-06 1.12e-05 8.95e-06 8.1e-06 1.18e-05 1.095e-05 1.11e-05 6.2e-06 1.005e-05 6.05e-06 1.135e-05 1.31e-05 1.115e-05 1.16e-05 8.3e-06 1.08e-05 1.2e-05 8.6e-06 1.18e-05 9.65e-06 9.15e-06 4.25e-06 1.285e-05 9.85e-06 1.155e-05 6.05e-06 9.65e-06 9.25e-06 9.75e-06 1.13e-05 4.6e-06 1.035e-05 1.115e-05 6.6e-06 1.33e-05 6.45e-06 6.85e-06 1.025e-05 1.195e-05 6.3e-06 6.65e-06 7e-06 1.305e-05 9.75e-06 8.45e-06 8.2e-06 9.15e-06 7e-06 1.12e-05 9.1e-06 1.07e-05 1.03e-05 1.265e-05 9.05e-06 1.04e-05 1.145e-05 1.14e-05 1.215e-05 1.12e-05 6.7e-06 8e-06 1.185e-05 1.165e-05 1.045e-05 1.035e-05 6.65e-06 1.235e-05 1.075e-05 7.8e-06 8.1e-06 1.205e-05 9.55e-06 8.9e-06 1.175e-05 1.09e-05 1.185e-05 6e-06 9.3e-06 9.7e-06 6e-06 1.025e-05 8.65e-06 5.8e-06 1.1e-05 1.315e-05 1.075e-05 8.9e-06 8.65e-06 1.15e-05 9e-06 1.025e-05 9.5e-06 6.2e-06 1.235e-05 1.125e-05 6.7e-06 1.045e-05 1.085e-05
36 1.305e-05 1.145e-05 1.125e-05 7.85e-06 1.13e-05 1.03e-05 1.07e-05 8.2e-06 8e-06 1.3e-05 9.9e-06 1.295e-05 1.19e-05 6.75e-06 7.8e-06 1.18e-05 1.26e-05 1.245e-05 5.9e-06 1.125e-05 1.345e-05 1.01e-05 1.145e-05 1.265e-05 6.85e-06 1.03e-05 1.325e-05 1.295e-05 9.25e-06 1.395e-05 1.255e-05 8.05e-06 1.365e-05 1.11e-05 1.005e-05 1.33e-05 7e-06 1.39e-05 1.185e-05 9.65e-06 1.33e-05 1.355e-05 1.23e-05 1.355e-05 9.25e-06 1.32e-05 1.185e-05 1.08e-05 1.45e-05 1.085e-05 7.85e-06 1.305e-05 1.28e-05 1.34e-05 7.7e-06 1.195e-05 1.025e-05 1.305e-05 1.01e-05 5.95e-06 1.175e-05 1.085e-05 1.02e-05 6.6e-06 6.65e-06 9.35e-06 9.65e-06 1.165e-05 1.165e-05 1.24e-05 1.235e-05 1.155e-05 5.8e-06 1.335e-05 1.095e-05 8.95e-06 1.13e-05 6.05e-06 1.305e-05 8.15e-06 1.015e-05 1.29e-05 8.9e-06 1.215e-05 1.145e-05 8.25e-06 1.33e-05 1.36e-05 1.135e-05 1.19e-05 1e-05 1.055e-05 1.195e-05 1.305e-05 1.25e-05 1.08e-05 8.75e-06 1.2e-05 1.02e-05 7.7e-06
37 1.14e-05 8.35e-06 1.015e-05 1.205e-05 1.105e-05 9.45e-06 1.33e-05 1.225e-05 1.24e-05 8.45e-06 1.135e-05 8.1e-06 1.225e-05 1.335e-05 1.22e-05 1.25e-05 1.03e-05 1.14e-05 1.285e-05 1.015e-05 1.115e-05 1.12e-05 1.065e-05 7e-06 1.31e-05 1.14e-05 1.005e-05 8.1e-06 1.075e-05 8.75e-06 1.03e-05 1.23e-05 6.45e-06 1.185e-05 1.185e-05 6.45e-06 1.39e-05 1.08e-05 8.9e-06 1.075e-05 1.13e-05 9.3e-06 8.45e-06 9e-06 1.285e-05 1.17e-05 1.045e-05 9.55e-06 8.55e-06 8.6e-06 1.205e-05 9.5e-06 8.35e-06 9.5e-06 1.3e-05 1.105e-05 1.195e-05 1.335e-05 1.215e-05 1.3e-05 1.21e-05 8.95e-06 9.35e-06 1.27e-05 1.295e-05 1.135e-05 1.185e-05 8.7e-06 1.325e-05 1.135e-05 9.6e-06 9.65e-06 1.29e-05 1.15e-05 1.045e-05 1.225e-05 1.24e-05 1.27e-05 8.05e-06 1.025e-05 1.125e-05 8.05e-06 1.135e-05 1.065e-05 8.35e-06 1.23e-05 1.155e-05 1.125e-05 1.09e-05 1.065e-05 1.145e-05 1.025e-05 1.13e-05 1.09e-05 8.25e-06 1.235e-05 1.255e-05 8.9e-06 1.18e-05 1.215e-05
38 1.3e-05 9.05e-06 9.2e-06 1.225e-05 8.5e-06 7.15e-06 9.75e-06 9.35e-06 1.06e-05 7.85e-06 7.7e-06 6.85e-06 1.215e-05 1.385e-05 9.6e-06 1.2e-05 7.95e-06 1.075e-05 8.65e-06 9.2e-06 1.085e-05 7.2e-06 8.4e-06 7.4e-06 1.25e-05 7.45e-06 1.355e-05 6.85e-06 8.7e-06 9.8e-06 9.95e-06 7.85e-06 6.85e-06 8.35e-06 1.185e-05 6.85e-06 1.185e-05 8.9e-06 1.15e-05 1.21e-05 1.085e-05 8.05e-06 7.3e-06 8e-06 1.375e-05 8.9e-06 7.8e-06 7.25e-06 1e-05 6.25e-06 1.225e-05 1.08e-05 1.26e-05 1.135e-05 1.195e-05 7.75e-06 8.1e-06 1.11e-05 1.14e-05 1.01e-05 1.2e-05 9.65e-06 7.05e-06 8.45e-06 8.15e-06 9.75e-06 8.25e-06 5.75e-06 1.3e-05 1.07e-05 8.7e-06 9.2e-06 1e-05 9.1e-06 9.05e-06 1.06e-05 8.5e-06 8.7e-06 7.1e-06 8.2e-06 7.25e-06 6.8e-06 7.4e-06 8.15e-06 9.05e-06 9.4e-06 1.23e-05 1.11e-05 7.85e-06 7.75e-06 1.02e-05 8.95e-06 9.2e-06 9.05e-06 6.55e-06 1.255e-05 1.08e-05 7.4e-06 8.65e-06 1.03e-05
39 1.435e-05 7.7e-06 9.2e-06 7.55e-06 1.29e-05 1.095e-05 1.36e-05 1.16e-05 1.195e-05 9.9e-06 1.375e-05 1.16e-05 8.45e-06 7.1e-06 1.14e-05 9.1e-06 1.36e-05 1.425e-05 1.16e-05 9.2e-06 1.485e-05 1.375e-05 1.35e-05 9.55e-06 6.65e-06 1.395e-05 9.8e-06 1.16e-05 9.2e-06 1.225e-05 1.325e-05 1.37e-05 9.3e-06 1.325e-05 8.25e-06 1.025e-05 9.65e-06 1.075e-05 1.21e-05 7.7e-06 1.49e-05 1.21e-05 1.145e-05 1.1e-05 1.07e-05 1.41e-05 1.35e-05 1.145e-05 1.25e-05 1.15e-05 7.55e-06 8.35e-06 9.3e-06 1.25e-05 1.21e-05 1.42e-05 1.39e-05 1.32e-05 8.75e-06 1.195e-05 8.3e-06 7.05e-06 1.085e-05 1.205e-05 1.2e-05 9.1e-06 1.37e-05 1.19e-05 8.95e-06 1.42e-05 1.205e-05 8.85e-06 1.185e-05 1.35e-05 9.5e-06 9e-06 1.42e-05 1.145e-05 1.135e-05 9.5e-06 1.38e-05 1.155e-05 1.325e-05 1.38e-05 7.7e-06 1.165e-05 1.47e-05 1.27e-05 1.4e-05 1.39e-05 1.03e-05 1.1e-05 1.4e-05 1.385e-05 1.175e-05 9.25e-06 1.215e-05 1.225e-05 1.365e-05 1.17e-05
40 1.185e-05 1.31e-05 1.145e-05 1.555e-05 7.95e-06 1.115e-05 1.13e-05 9.6e-06 1.09e-05 1.165e-05 8e-06 1.015e-05 1.455e-05 1.47e-05 9.55e-06 1.28e-05 7.7e-06 8.75e-06 1.04e-05 1.145e-05 6.8e-06 7.85e-06 7.1e-06 1.245e-05 1.33e-05 8.05e-06 1.285e-05 1.015e-05 1.225e-05 9.45e-06 1.01e-05 9.9e-06 1.355e-05 1.15e-05 1.14e-05 1.195e-05 1.33e-05 1.13e-05 1.085e-05 1.49e-05 1.29e-05 1.06e-05 9.9e-06 1.345e-05 1.41e-05 9.15e-06 7.15e-06 1.125e-05 1e-05 1.085e-05 1.555e-05 1.385e-05 1.11e-05 1.07e-05 1.175e-05 6.9e-06 8.7e-06 1.23e-05 1.105e-05 1.17e-05 1.44e-05 1.365e-05 1.105e-05 1e-05 1.02e-05 1.295e-05 8.65e-06 1.065e-05 1.38e-05 8.7e-06 1.205e-05 1.19e-05 1.16e-05 1.095e-05 1.115e-05 1.175e-05 1.005e-05 1.025e-05 1.045e-05 1.14e-05 7.9e-06 1.01e-05 9.05e-06 7.4e-06 1.31e-05 9.65e-06 7.55e-06 1.045e-05 7.7e-06 8.1e-06 1.09e-05 1.315e-05 8e-06 7.35e-06 9.75e-06 1.19e-05 1.12e-05 8.2e-06 8.85e-06 1.065e-05
41 1.32e-05 8e-06 8.85e-06 1.275e-05 7.2e-06 9.1e-06 1.185e-05 9.9e-06 1.005e-05 7.25e-06 8.45e-06 7e-06 1.135e-05 1.365e-05 1.025e-05 1.23e-05 6.5e-06 9.45e-06 1.155e-05 8.85e-06 1.05e-05 8e-06 7.1e-06 7.1e-06 1.34e-05 8.1e-06 1.255e-05 7e-06 1.05e-05 1.045e-05 9.25e-06 1.09e-05 8.3e-06 9.35e-06 1.08e-05 6.3e-06 1.355e-05 9.3e-06 8.05e-06 1.21e-05 1.06e-05 9.7e-06 7.45e-06 8.4e-06 1.34e-05 8.85e-06 6.45e-06 9.2e-06 1.09e-05 8.55e-06 1.275e-05 1.1e-05 1.17e-05 1.155e-05 1.2e-05 6.9e-06 8.75e-06 1.25e-05 1.095e-05 1.17e-05 1.12e-05 8.85e-06 9e-06 1.115e-05 1.085e-05 1.14e-05 9.45e-06 7.85e-06 1.33e-05 9.4e-06 8.55e-06 8.9e-06 1.16e-05 7.9e-06 9.35e-06 1.16e-05 1.06e-05 1.14e-05 7.2e-06 1.005e-05 8.05e-06 6.95e-06 8.5e-06 6.75e-06 8e-06 9.95e-06 1.2e-05 9.8e-06 7.55e-06 7.35e-06 1.12e-05 1.12e-05 8.3e-06 8.65e-06 7.35e-06 1.2e-05 1.03e-05 6.05e-06 9.25e-06 9.9e-06
