 slim_337512456 slim_337512523 slim_337512316 slim_337512534 slim_337512511 slim_337512515 slim_337512437 slim_337512512 slim_337512483 slim_337512519 slim_337512514 slim_337512492 slim_337512240 slim_337512530 slim_337512357 slim_337512466 slim_337512373 slim_337512448 slim_337512510 slim_337512502 slim_337512476 slim_337512353 slim_337512459 slim_337512522 slim_337512423 slim_337512490 slim_337512400 slim_337512264 slim_337512420 slim_337512517 slim_337512453 slim_337512438 slim_337512516 slim_337512426 slim_337512227 slim_337512525 slim_337512408 slim_337512521 slim_337512536 slim_337512140 slim_337512486 slim_337512465 slim_337512389 slim_337512284 slim_337512418 slim_337512507 slim_337512477 slim_337512537 slim_337512421 slim_337512479 slim_337512460 slim_337512495 slim_337512475 slim_337512416 slim_337512493 slim_337512481 slim_337512501 slim_337512499 slim_337512452 slim_337512538 slim_337512361 slim_337512379 slim_337512457 slim_337512405 slim_337512462 slim_337512527 slim_337512513 slim_337512432 slim_337512498 slim_337512380 slim_337512290 slim_337512529 slim_337512532 slim_337512434 slim_337512424 slim_337512533 slim_337512431 slim_337512464 slim_337512275 slim_337512376 slim_337512504 slim_337512500 slim_337512406 slim_337512478 slim_337512535 slim_337512435 slim_337512449 slim_337512443 slim_337512468 slim_337512311 slim_337512474 slim_337512428 slim_337512165 slim_337512387 slim_337512189 slim_337512398 slim_337512399 slim_337512482 slim_337512211 slim_337512430
0 0.0002667 0.0001361 0.00013605 0.000138 0.00013825 0.0001362 0.00013655 0.0001359 0.0001349 0.0001437 0.00013465 0.00013625 0.00014135 0.0001367 0.0001344 0.00013775 0.0001363 0.00013555 0.00013525 0.0001421 0.00013875 0.0001401 0.0001368 0.0001378 0.0001464 0.00013685 0.00013665 0.00013745 0.00014755 0.00013605 0.0001347 0.00013715 0.00014245 0.00013675 0.00014545 0.00013865 0.0001403 0.0001401 0.00014575 0.00013735 0.0001355 0.00013705 0.00014605 0.00014615 0.0001346 0.0001387 0.00013345 0.0001366 0.00013615 0.0001366 0.00013605 0.0001364 0.0001364 0.00013715 0.00013975 0.0001348 0.00013625 0.0001394 0.00013435 0.0001364 0.00014365 0.0001415 0.00013565 0.00013915 0.0001357 0.00013515 0.000146 0.00014 0.0001346 0.00013705 0.0001394 0.0001362 0.00013625 0.00013855 0.0001341 0.0001364 0.0001379 0.00013675 0.0001351 0.0001352 0.0001361 0.0001448 0.00013675 0.00013795 0.00013365 0.0001352 0.0001363 0.0001346 0.00013875 0.0001402 0.00013505 0.00014005 0.0001346 0.00013585 0.0001362 0.00013995 0.0001355 0.00013345 0.0001358 0.0001397
1 0.0001361 2.88e-05 1.47e-05 1.725e-05 8.31e-05 1.48e-05 2.635e-05 0.00012025 0.00018295 4.625e-05 0.0001393 1.55e-05 3.91e-05 2.485e-05 0.00023395 2.4e-05 3.58e-05 3.585e-05 0.00012885 3.295e-05 0.00013615 3.02e-05 2.52e-05 2.41e-05 0.0001501 0.00014005 1.565e-05 2.44e-05 0.000148 0.0001303 0.0001392 0.0001293 3.33e-05 2.635e-05 0.0001603 3.96e-05 3.145e-05 3.13e-05 0.00024455 0.0001291 2.505e-05 0.0001216 0.0001407 0.00014005 0.00012855 0.0001446 0.0002429 1.55e-05 0.00012855 2.525e-05 2.195e-05 2.62e-05 0.0001313 2.52e-05 3.83e-05 0.00013935 3.59e-05 3.025e-05 3.55e-05 3.565e-05 4.62e-05 4.01e-05 2.5e-05 1.86e-05 6.895e-05 2.64e-05 0.0001499 3.17e-05 0.000129 0.00012925 3.015e-05 0.00011965 2.56e-05 0.00014425 0.00023375 7.935e-05 2.33e-05 2.51e-05 0.00012875 0.0001298 1.525e-05 0.0002535 0.00012895 2.515e-05 0.0002428 0.00012885 2.61e-05 0.00018255 0.00014465 4.09e-05 0.0001277 3.12e-05 0.00013905 2.635e-05 6.97e-05 3.025e-05 2.595e-05 0.0002427 3.565e-05 3.83e-05
2 0.00013605 1.47e-05 1.71e-05 1.245e-05 8.395e-05 1.485e-05 2.08e-05 0.00011515 0.0001786 5.13e-05 0.00013395 1.385e-05 4.42e-05 1.945e-05 0.0002296 2.365e-05 3.045e-05 3.475e-05 0.00012315 3.38e-05 0.000136 2.975e-05 1.965e-05 2.365e-05 0.00014485 0.0001348 1.545e-05 2.995e-05 0.000148 0.00012595 0.00013385 0.0001301 3.415e-05 2.08e-05 0.00015505 3.945e-05 3.11e-05 3.65e-05 0.0002403 0.0001258 2.36e-05 0.00011825 0.00014045 0.0001346 0.0001289 0.00014445 0.00023755 9.6e-06 0.00012315 1.975e-05 2.155e-05 2.065e-05 0.00012685 2.605e-05 4.33e-05 0.000134 3.055e-05 3.575e-05 3.865e-05 3.03e-05 5.125e-05 4.5e-05 2.385e-05 1.405e-05 6.41e-05 3.03e-05 0.00014465 3.115e-05 0.0001232 0.00013015 3.55e-05 0.00011515 1.975e-05 0.0001441 0.0002294 7.5e-05 2.305e-05 1.95e-05 0.00012315 0.00012425 1.37e-05 0.00024825 0.00012975 2.475e-05 0.00023745 0.00012325 2.625e-05 0.0001772 0.0001445 4.075e-05 0.0001221 3.085e-05 0.0001337 2.61e-05 6.515e-05 2.985e-05 2.465e-05 0.00023735 3.03e-05 4.33e-05
3 0.000138 1.725e-05 1.245e-05 8.3e-06 8.16e-05 1.74e-05 1.595e-05 0.0001103 0.0001723 5.56e-05 0.00012925 1.685e-05 4.895e-05 1.475e-05 0.00022365 2.365e-05 2.515e-05 3.745e-05 0.00011885 3.175e-05 0.00013605 2.975e-05 1.5e-05 2.365e-05 0.00013885 0.0001288 1.72e-05 3.82e-05 0.00014725 0.00011955 0.00012915 0.00012835 3.21e-05 1.595e-05 0.0001492 3.87e-05 3.105e-05 4.265e-05 0.00023305 0.00011775 2.675e-05 0.00011105 0.00014075 0.00012905 0.0001316 0.00014455 0.00023345 5.2e-06 0.000119 1.49e-05 2.315e-05 1.58e-05 0.00011875 2.41e-05 4.735e-05 0.0001293 2.525e-05 4.265e-05 4.935e-05 2.515e-05 5.555e-05 5.07e-05 2.7e-05 7.65e-06 6.595e-05 3.93e-05 0.00013865 3.15e-05 0.00012725 0.00012875 4.245e-05 0.00010875 2.32e-05 0.0001442 0.00022345 6.825e-05 2.345e-05 1.48e-05 0.0001189 0.00012 1.72e-05 0.00024285 0.00012805 2.47e-05 0.00023335 0.000119 2.755e-05 0.0001721 0.0001446 4.04e-05 0.00011785 3.08e-05 0.000129 2.715e-05 5.87e-05 2.98e-05 2.78e-05 0.00023325 2.5e-05 4.77e-05
4 0.00013825 8.31e-05 8.395e-05 8.16e-05 0.0001149 8.32e-05 9.41e-05 0.00012435 0.00012065 6.21e-05 0.0001433 8.46e-05 7.77e-05 9.325e-05 0.000172 8.785e-05 0.00010265 0.00010325 0.00013385 7.23e-05 0.00011465 7.29e-05 9.335e-05 8.785e-05 0.0001523 0.00014225 8.19e-05 8.965e-05 0.00014745 0.0001316 0.0001432 0.00012615 7.265e-05 9.41e-05 0.0001416 8.025e-05 7.37e-05 7.135e-05 0.0001808 0.00012745 9.345e-05 0.00012255 0.0001407 0.0001431 0.0001332 0.0001231 0.00018405 8.42e-05 0.0001336 9.315e-05 8.75e-05 9.395e-05 0.0001318 8.625e-05 7.495e-05 0.00014335 0.00010275 7.22e-05 0.00010345 0.0001029 6.205e-05 7.95e-05 9.36e-05 8.435e-05 7.105e-05 9.16e-05 0.0001521 7.475e-05 0.0001344 0.0001259 7.24e-05 0.00012195 9.39e-05 0.00012275 0.00017175 8.04e-05 8.845e-05 9.33e-05 0.0001337 0.0001347 8.42e-05 0.00019285 0.00012575 8.885e-05 0.00018395 0.0001338 9.135e-05 0.0001221 0.00012315 8.265e-05 0.00013265 7.345e-05 0.00014305 9.18e-05 7.125e-05 7.255e-05 9.425e-05 0.00018385 0.0001025 7.47e-05
5 0.0001362 1.48e-05 1.485e-05 1.74e-05 8.32e-05 2.9e-05 2.645e-05 0.00012035 0.00018305 4.635e-05 0.0001394 1.565e-05 3.92e-05 2.52e-05 0.00023405 2.42e-05 3.59e-05 3.595e-05 0.000129 3.305e-05 0.00013625 3.04e-05 2.53e-05 2.4e-05 0.0001502 0.00014015 1.575e-05 2.455e-05 0.0001481 0.0001304 0.0001393 0.0001294 3.34e-05 2.645e-05 0.0001604 3.97e-05 3.155e-05 3.135e-05 0.00024465 0.0001292 2.52e-05 0.0001217 0.0001408 0.00014015 0.0001287 0.0001447 0.000243 1.565e-05 0.0001289 2.545e-05 2.185e-05 2.63e-05 0.0001314 2.53e-05 3.84e-05 0.00013945 3.6e-05 3.025e-05 3.56e-05 3.575e-05 4.63e-05 4.02e-05 2.535e-05 1.87e-05 6.91e-05 2.65e-05 0.00015 3.18e-05 0.0001291 0.00012935 3.015e-05 0.00012 2.575e-05 0.00014435 0.00023385 7.945e-05 2.35e-05 2.5e-05 0.00012865 0.0001299 1.54e-05 0.0002536 0.00012905 2.525e-05 0.0002429 0.00012875 2.615e-05 0.00018265 0.00014475 4.1e-05 0.0001278 3.13e-05 0.00013915 2.645e-05 6.98e-05 3.035e-05 2.605e-05 0.0002428 3.575e-05 3.84e-05
6 0.00013655 2.635e-05 2.08e-05 1.595e-05 9.41e-05 2.645e-05 2.13e-05 0.00011675 0.00017125 6.84e-05 0.00011515 2.335e-05 6.1e-05 1.215e-05 0.0002226 3.5e-05 1.15e-05 2.37e-05 0.00011625 4.355e-05 0.00013555 4.035e-05 1.225e-05 3.5e-05 0.0001271 0.0001181 2.64e-05 4.875e-05 0.000148 0.00011845 0.00011535 0.0001415 4.39e-05 1.135e-05 0.0001374 3.86e-05 3.975e-05 5.41e-05 0.000234 0.0001292 2.41e-05 0.00012155 0.00014075 0.0001264 0.00012965 0.00014405 0.00021965 1.17e-05 0.00011645 1.215e-05 3.285e-05 1.085e-05 0.00011935 3.695e-05 6.13e-05 0.0001152 1.13e-05 5.4e-05 3.555e-05 1.115e-05 6.835e-05 6.28e-05 2.425e-05 1.535e-05 7.6e-05 3.73e-05 0.0001266 3.84e-05 0.00012445 0.0001414 5.39e-05 0.0001192 2.055e-05 0.0001437 0.0002224 6.73e-05 3.32e-05 1.21e-05 0.0001161 0.00011535 2.53e-05 0.00023105 0.00014115 3.425e-05 0.00021955 0.0001162 2.56e-05 0.00017025 0.0001441 3.985e-05 0.00011675 3.95e-05 0.0001152 2.56e-05 6.685e-05 4.02e-05 2.32e-05 0.00021945 1.065e-05 6.115e-05
7 0.0001359 0.00012025 0.00011515 0.0001103 0.00012435 0.00012035 0.00011675 0.0002145 0.0001184 0.0001404 0.00012615 0.0001188 0.0001435 0.00011705 0.00011875 0.00012845 0.0001264 0.00013795 0.00011705 0.00012625 0.00013335 0.0001241 0.00011715 0.00012845 0.0001374 0.0001279 0.00012015 0.0001412 0.0001473 0.00011875 0.00012615 0.0001303 0.0001266 0.00011715 0.00013725 0.00013215 0.00012405 0.0001366 0.00012965 0.00011875 0.00012835 0.0001114 0.0001397 0.0001275 0.0001291 0.00013335 0.00012625 0.0001075 0.0001176 0.00011715 0.00012625 0.00011685 0.0001195 0.0001299 0.0001434 0.0001262 0.0001264 0.0001364 0.00014905 0.00012625 0.00014035 0.0001451 0.0001285 0.00011035 0.00011695 0.0001402 0.00013705 0.00012385 0.0001246 0.00013015 0.00013655 0.00010955 0.0001249 0.00013275 0.00011855 0.0001188 0.0001272 0.000117 0.0001169 0.00011695 0.0001196 0.00013715 0.00012995 0.0001285 0.0001259 0.000117 0.00012935 0.00011825 0.0001334 0.0001333 0.00011655 0.0001238 0.000126 0.0001295 0.00010925 0.0001237 0.00012825 0.00012605 0.000126 0.0001432
8 0.0001349 0.00018295 0.0001786 0.0001723 0.00012065 0.00018305 0.00017125 0.0001184 0.0001286 0.00018015 0.0001177 0.00018275 0.00019365 0.0001714 6.5e-05 0.0001899 0.00017085 0.00018205 0.00011835 0.00017715 0.0001226 0.00017575 0.0001715 0.0001899 0.00012905 0.0001195 0.0001827 0.0002018 0.000147 0.00011815 0.00011775 0.0001367 0.0001775 0.00017145 0.00011845 0.00017415 0.00017595 0.00018695 7.595e-05 0.0001257 0.00018215 0.00011995 0.0001397 0.00012895 0.00012925 0.0001226 6.5e-05 0.00017145 0.00011925 0.0001713 0.0001881 0.0001711 0.00011895 0.00018965 0.0001927 0.00011775 0.0001708 0.00018705 0.0001928 0.00017095 0.0001801 0.00019465 0.0001823 0.0001734 0.0001251 0.00019265 0.00012865 0.0001759 0.0001255 0.00013655 0.00018705 0.0001186 0.00017865 0.000122 6.475e-05 0.00011795 0.0001894 0.00017145 0.0001182 0.0001184 0.0001829 7.595e-05 0.0001363 0.0001901 6.465e-05 0.0001183 0.0001822 6.51e-05 0.00012265 0.0001757 0.00011815 0.0001757 0.0001176 0.0001819 0.0001179 0.0001756 0.00018215 6.48e-05 0.00017035 0.0001925
9 0.0001437 4.625e-05 5.13e-05 5.56e-05 6.21e-05 4.635e-05 6.84e-05 0.0001404 0.00018015 1e-07 0.0001597 4.765e-05 2.265e-05 6.755e-05 0.0002308 5.015e-05 7.695e-05 6.645e-05 0.00015025 2.555e-05 0.0001129 3.04e-05 6.765e-05 5.015e-05 0.0001683 0.00015825 4.46e-05 3.88e-05 0.00015175 0.0001483 0.0001596 0.00013085 2.54e-05 6.84e-05 0.0001572 4.18e-05 3.005e-05 1.725e-05 0.0002392 0.00014115 5.665e-05 0.000136 0.00014485 0.0001591 0.00013845 0.00012135 0.00024255 5.85e-05 0.00014925 6.745e-05 5.045e-05 6.825e-05 0.0001479 4.875e-05 2.445e-05 0.00015975 7.705e-05 1.77e-05 5.555e-05 7.72e-05 5.5e-07 2.3e-05 5.68e-05 5.525e-05 8.14e-05 4.295e-05 0.0001681 3.225e-05 0.00014385 0.0001305 1.875e-05 0.00013835 6.125e-05 0.0001215 0.0002306 9.77e-05 5.105e-05 6.76e-05 0.0001501 0.0001511 4.74e-05 0.00025095 0.0001305 5.115e-05 0.00024245 0.0001502 5.405e-05 0.00018135 0.0001214 3.9e-05 0.00014905 3.01e-05 0.00015945 5.49e-05 8.855e-05 2.92e-05 5.745e-05 0.00024235 7.68e-05 2.425e-05
10 0.00013465 0.0001393 0.00013395 0.00012925 0.0001433 0.0001394 0.00011515 0.00012615 0.0001177 0.0001597 0.0002095 0.000137 0.0001626 0.00011655 0.00011745 0.0001474 0.00010595 0.00011735 0.0001159 0.00014605 0.0001324 0.000143 0.00011665 0.0001474 0.00011805 0.00010885 0.0001392 0.00016025 0.00014765 0.00011825 0.00010515 0.00014925 0.0001464 0.0001157 0.00011755 0.0001315 0.00014245 0.00015565 0.00013 0.00013765 0.00012745 0.00013005 0.00014005 0.00012715 0.00012855 0.0001324 0.0001048 0.0001257 0.000117 0.00011635 0.0001453 0.000115 0.0001184 0.00014885 0.0001624 0.00010495 0.0001056 0.00015565 0.00012835 0.00010575 0.00015965 0.000164 0.0001276 0.00012925 0.00013575 0.0001393 0.00011735 0.00014145 0.00012325 0.0001491 0.0001556 0.0001285 0.000124 0.00013225 0.00011725 0.0001184 0.0001461 0.0001166 0.00011575 0.00011505 0.0001382 0.00011735 0.0001489 0.0001468 0.00010505 0.00011585 0.00012865 0.0001168 0.00013245 0.000133 0.0001167 0.0001422 0.00010505 0.00012825 0.00012745 0.0001429 0.00012665 0.00010485 0.00010475 0.0001622
11 0.00013625 1.55e-05 1.385e-05 1.685e-05 8.46e-05 1.565e-05 2.335e-05 0.0001188 0.00018275 4.765e-05 0.000137 2.58e-05 4.05e-05 2.295e-05 0.00023375 2.44e-05 3.32e-05 3.385e-05 0.000127 3.41e-05 0.00013585 3.02e-05 2.315e-05 2.44e-05 0.0001479 0.00013855 1.585e-05 2.715e-05 0.0001478 0.00012975 0.0001369 0.00013115 3.445e-05 2.345e-05 0.0001583 3.9e-05 3.055e-05 3.3e-05 0.00024445 0.00013045 2.35e-05 0.0001229 0.0001403 0.0001374 0.0001292 0.0001443 0.0002409 1.29e-05 0.000127 2.33e-05 2.225e-05 2.33e-05 0.00013075 2.68e-05 4.005e-05 0.00013705 3.33e-05 3.255e-05 3.41e-05 3.3e-05 4.76e-05 4.185e-05 2.375e-05 1.745e-05 6.97e-05 2.62e-05 0.0001477 2.965e-05 0.000128 0.00013115 3.24e-05 0.00011985 2.425e-05 0.00014395 0.00023355 7.88e-05 2.335e-05 2.3e-05 0.000127 0.0001272 1.445e-05 0.0002516 0.0001308 2.46e-05 0.0002408 0.0001271 2.585e-05 0.00018135 0.00014435 4.025e-05 0.0001267 3.03e-05 0.00013675 2.605e-05 6.89e-05 3.015e-05 2.365e-05 0.0002407 3.305e-05 4.01e-05
12 0.00014135 3.91e-05 4.42e-05 4.895e-05 7.77e-05 3.92e-05 6.1e-05 0.0001435 0.00019365 2.265e-05 0.0001626 4.05e-05 4.42e-05 6.015e-05 0.0002445 3.815e-05 6.97e-05 5.97e-05 0.000153 3.51e-05 0.00013075 3.68e-05 6.025e-05 3.815e-05 0.00017155 0.0001615 3.81e-05 2.765e-05 0.0001476 0.00015185 0.0001625 0.0001298 3.55e-05 6.1e-05 0.0001708 4.68e-05 3.735e-05 2.47e-05 0.00025325 0.0001405 4.975e-05 0.000141 0.00014935 0.0001622 0.0001416 0.00013915 0.0002556 5.095e-05 0.00015205 6.005e-05 3.86e-05 6.085e-05 0.00015155 3.69e-05 2.485e-05 0.00016265 6.98e-05 2.505e-05 4.93e-05 6.995e-05 2.26e-05 2.54e-05 4.99e-05 5.03e-05 8.505e-05 3.745e-05 0.00017135 3.84e-05 0.00014705 0.00012955 2.555e-05 0.00014185 5.43e-05 0.00013875 0.0002443 0.00010105 3.625e-05 6.02e-05 0.00015285 0.00015385 4.035e-05 0.00026435 0.00012945 3.915e-05 0.0002555 0.00015295 4.77e-05 0.00019455 0.0001392 4.645e-05 0.0001518 3.705e-05 0.00016235 4.875e-05 9.175e-05 3.62e-05 5.055e-05 0.0002554 6.955e-05 2.47e-05
13 0.0001367 2.485e-05 1.945e-05 1.475e-05 9.325e-05 2.52e-05 1.215e-05 0.00011705 0.0001714 6.755e-05 0.00011655 2.295e-05 6.015e-05 2.2e-05 0.00022275 3.375e-05 1.235e-05 2.47e-05 0.0001161 4.275e-05 0.0001357 3.91e-05 1.145e-05 3.385e-05 0.00012795 0.0001186 2.51e-05 4.775e-05 0.00014795 0.0001184 0.0001164 0.0001406 4.31e-05 1.215e-05 0.00013835 3.855e-05 3.96e-05 5.305e-05 0.00023395 0.00012835 2.39e-05 0.0001208 0.0001407 0.0001271 0.00012965 0.0001442 0.0002208 1.13e-05 0.00011575 1.185e-05 3.165e-05 1.2e-05 0.00011945 3.605e-05 6.04e-05 0.0001166 1.25e-05 5.3e-05 3.66e-05 1.22e-05 6.75e-05 6.19e-05 2.385e-05 1.525e-05 7.49e-05 3.74e-05 0.00012775 3.915e-05 0.0001244 0.00014055 5.285e-05 0.0001178 2.035e-05 0.00014385 0.00022255 6.71e-05 3.2e-05 1.165e-05 0.000116 0.00011625 2.42e-05 0.000232 0.00014025 3.41e-05 0.0002207 0.0001161 2.55e-05 0.0001704 0.00014425 3.98e-05 0.00011595 3.935e-05 0.00011625 2.605e-05 6.67e-05 3.92e-05 2.4e-05 0.0002206 1.225e-05 6.03e-05
14 0.0001344 0.00023395 0.0002296 0.00022365 0.000172 0.00023405 0.0002226 0.00011875 6.5e-05 0.0002308 0.00011745 0.00023375 0.0002445 0.00022275 2.63e-05 0.0002409 0.0002222 0.00023305 0.00011825 0.00022815 0.0001306 0.00022675 0.00022285 0.0002409 0.00012915 0.0001196 0.0002337 0.00025245 0.00014695 0.0001179 0.00011755 0.0001361 0.0002285 0.0002228 0.00011835 0.00022515 0.00022695 0.0002376 2.445e-05 0.0001258 0.00023315 0.00011985 0.00013945 0.00012905 0.00012925 0.00012215 1.32e-05 0.0002228 0.0001194 0.00022265 0.0002391 0.00022245 0.00011885 0.0002407 0.00024335 0.00011765 0.00022215 0.0002377 0.00024345 0.0002223 0.00023075 0.0002453 0.0002333 0.00022475 0.00017635 0.0002433 0.00012875 0.0002269 0.00012495 0.000136 0.0002377 0.00011865 0.00022965 0.000122 1.325e-05 0.00016955 0.0002406 0.0002228 0.0001181 0.0001182 0.0002339 2.45e-05 0.00013605 0.0002411 1.345e-05 0.0001182 0.0002332 6.505e-05 0.0001222 0.0002267 0.00011805 0.0002267 0.00011745 0.0002329 0.0001695 0.0002266 0.00023315 1.325e-05 0.0002217 0.00024315
15 0.00013775 2.4e-05 2.365e-05 2.365e-05 8.785e-05 2.42e-05 3.5e-05 0.00012845 0.0001899 5.015e-05 0.0001474 2.44e-05 3.815e-05 3.375e-05 0.0002409 4.64e-05 4.42e-05 4.43e-05 0.0001372 3.855e-05 0.000142 3.645e-05 3.405e-05 2.345e-05 0.00015695 0.0001469 2.48e-05 2.69e-05 0.00014775 0.0001377 0.0001473 0.00012725 3.89e-05 3.5e-05 0.00016685 4.55e-05 3.785e-05 3.79e-05 0.00025025 0.0001296 3.375e-05 0.0001292 0.0001473 0.00014715 0.0001375 0.00015045 0.0002507 2.44e-05 0.0001366 3.38e-05 2.38e-05 3.485e-05 0.00013715 2.41e-05 3.49e-05 0.00014745 4.43e-05 3.72e-05 4.4e-05 4.42e-05 5.01e-05 3.945e-05 3.38e-05 2.67e-05 7.655e-05 3.46e-05 0.00015675 3.835e-05 0.0001374 0.00012765 3.705e-05 0.00012685 3.435e-05 0.0001501 0.0002407 8.675e-05 2.475e-05 3.385e-05 0.00013705 0.00013815 2.41e-05 0.00026005 0.00012695 2.45e-05 0.0002506 0.00013715 3.5e-05 0.0001897 0.0001505 4.72e-05 0.000136 3.76e-05 0.00014715 3.4e-05 7.72e-05 3.66e-05 3.465e-05 0.0002505 4.405e-05 3.535e-05
16 0.0001363 3.58e-05 3.045e-05 2.515e-05 0.00010265 3.59e-05 1.15e-05 0.0001264 0.00017085 7.695e-05 0.00010595 3.32e-05 6.97e-05 1.235e-05 0.0002222 4.42e-05 2e-06 1.425e-05 0.00011645 5.26e-05 0.00013515 4.955e-05 1.245e-05 4.42e-05 0.00011795 0.00010925 3.585e-05 5.775e-05 0.0001481 0.00011835 0.00010575 0.0001501 5.295e-05 1.155e-05 0.0001284 3.74e-05 4.9e-05 6.3e-05 0.00023395 0.0001379 2.435e-05 0.00013035 0.0001405 0.00012705 0.00012955 0.00014365 0.0002103 2.155e-05 0.00011655 1.22e-05 4.21e-05 1.135e-05 0.000119 4.57e-05 6.99e-05 0.000106 1.3e-06 6.285e-05 2.63e-05 2.1e-06 7.69e-05 7.155e-05 2.45e-05 2.485e-05 8.505e-05 3.675e-05 0.0001177 4.8e-05 0.00012455 0.00014995 6.28e-05 0.0001284 2.05e-05 0.0001433 0.000222 6.705e-05 4.25e-05 1.245e-05 0.0001163 0.0001157 3.49e-05 0.00022205 0.00014975 4.36e-05 0.0002102 0.0001164 2.525e-05 0.00017025 0.0001437 3.975e-05 0.00011725 4.875e-05 0.0001056 2.555e-05 7.61e-05 4.945e-05 2.355e-05 0.0002101 1.55e-06 6.97e-05
17 0.00013555 3.585e-05 3.475e-05 3.745e-05 0.00010325 3.595e-05 2.37e-05 0.00013795 0.00018205 6.645e-05 0.00011735 3.385e-05 5.97e-05 2.47e-05 0.00023305 4.43e-05 1.425e-05 2.68e-05 0.00012795 5.35e-05 0.0001353 5.05e-05 2.48e-05 4.43e-05 0.0001292 0.0001208 3.67e-05 4.6e-05 0.00014885 0.0001299 0.0001174 0.00014955 5.385e-05 2.345e-05 0.0001397 3.9e-05 4.99e-05 5.25e-05 0.00024495 0.00014955 2.415e-05 0.00014205 0.00014095 0.0001387 0.0001288 0.00014375 0.000221 3.385e-05 0.0001283 2.41e-05 4.22e-05 2.355e-05 0.0001305 4.58e-05 5.86e-05 0.0001174 1.42e-05 5.15e-05 1.36e-05 1.395e-05 6.64e-05 6.07e-05 2.43e-05 3.74e-05 8.905e-05 2.53e-05 0.00012925 4.895e-05 0.00012805 0.0001494 5.15e-05 0.00014005 2.44e-05 0.0001434 0.00023285 7.87e-05 4.39e-05 2.44e-05 0.0001278 0.0001272 3.48e-05 0.0002329 0.0001492 4.37e-05 0.0002209 0.0001279 2.625e-05 0.00018145 0.0001438 4.055e-05 0.00012875 4.965e-05 0.00011725 2.53e-05 8.81e-05 5.035e-05 2.33e-05 0.0002208 1.365e-05 5.85e-05
18 0.00013525 0.00012885 0.00012315 0.00011885 0.00013385 0.000129 0.00011625 0.00011705 0.00011835 0.00015025 0.0001159 0.000127 0.000153 0.0001161 0.00011825 0.0001372 0.00011645 0.00012795 0.000231 0.00013635 0.00013305 0.0001328 0.0001163 0.0001372 0.000128 0.00011845 0.00012865 0.00015035 0.00014745 0.00011855 0.00011595 0.0001397 0.0001367 0.00011645 0.00012765 0.00013195 0.0001332 0.0001458 0.00012995 0.00012805 0.00012725 0.00012055 0.00014 0.00012735 0.0001289 0.00013285 0.0001158 0.0001157 0.00011665 0.00011625 0.0001351 0.0001161 0.0001189 0.00013915 0.00015285 0.00011575 0.0001164 0.0001459 0.000139 0.0001163 0.0001502 0.0001543 0.0001275 0.00011975 0.00012565 0.0001399 0.0001276 0.00013275 0.00012345 0.00013965 0.00014575 0.00011825 0.0001239 0.0001329 0.00011805 0.0001186 0.00013585 0.00011615 0.0001157 0.000116 0.00012775 0.0001275 0.00013935 0.00013745 0.0001159 0.0001157 0.00012895 0.00011715 0.00013295 0.0001333 0.00011565 0.00013295 0.0001158 0.00012915 0.0001182 0.0001328 0.00012745 0.0001156 0.00011595 0.00015275
19 0.0001421 3.295e-05 3.38e-05 3.175e-05 7.23e-05 3.305e-05 4.355e-05 0.00012625 0.00017715 2.555e-05 0.00014605 3.41e-05 3.51e-05 4.275e-05 0.00022815 3.855e-05 5.26e-05 5.35e-05 0.00013635 5.02e-05 0.00012415 3.005e-05 4.285e-05 3.855e-05 0.0001555 0.00014545 3.215e-05 3.805e-05 0.00015135 0.0001346 0.00014595 0.0001305 2.545e-05 4.37e-05 0.0001552 4.135e-05 3.005e-05 2.93e-05 0.0002374 0.00012885 4.345e-05 0.00012235 0.00014425 0.0001461 0.0001361 0.0001326 0.0002396 3.37e-05 0.0001358 4.285e-05 3.75e-05 4.355e-05 0.000135 3.77e-05 3.7e-05 0.0001461 5.27e-05 2.905e-05 5.4e-05 5.255e-05 2.555e-05 3.52e-05 4.36e-05 3.01e-05 7.48e-05 4.22e-05 0.0001553 3.195e-05 0.0001373 0.00013015 2.995e-05 0.00012475 4.4e-05 0.00013225 0.00022795 8.37e-05 3.885e-05 4.27e-05 0.0001362 0.0001371 3.42e-05 0.00024885 0.00013015 3.945e-05 0.0002395 0.0001363 4.185e-05 0.00017835 0.00013265 3.895e-05 0.0001351 2.985e-05 0.0001458 4.195e-05 7.455e-05 2.9e-05 4.42e-05 0.0002394 5.245e-05 3.67e-05
20 0.00013875 0.00013615 0.000136 0.00013605 0.00011465 0.00013625 0.00013555 0.00013335 0.0001226 0.0001129 0.0001324 0.00013585 0.00013075 0.0001357 0.0001306 0.000142 0.00013515 0.0001353 0.00013305 0.00012415 0.0002258 0.00012505 0.0001358 0.000142 0.0001433 0.00013375 0.0001352 0.00014245 0.00014955 0.00013335 0.00013245 0.0001397 0.00012425 0.00013575 0.0001322 0.000125 0.0001246 0.00012445 0.0001411 0.0001393 0.0001354 0.00013305 0.0001422 0.0001432 0.0001333 0.00012155 0.0001301 0.00013575 0.00013335 0.0001356 0.0001411 0.0001354 0.0001331 0.000142 0.00013135 0.00013245 0.0001351 0.00012475 0.000135 0.00013525 0.00011315 0.0001314 0.00013555 0.0001359 0.00012555 0.00013415 0.0001429 0.0001252 0.0001333 0.00013945 0.00012525 0.0001335 0.00013605 0.00012165 0.0001304 0.0001253 0.000142 0.00013575 0.0001329 0.0001331 0.00013615 0.0001406 0.00013935 0.0001422 0.0001302 0.000133 0.0001347 0.0001227 0.0001216 0.00012435 0.00013285 0.0001245 0.0001323 0.00013505 0.00012525 0.0001244 0.0001354 0.00012985 0.00013465 0.00013115
21 0.0001401 3.02e-05 2.975e-05 2.975e-05 7.29e-05 3.04e-05 4.035e-05 0.0001241 0.00017575 3.04e-05 0.000143 3.02e-05 3.68e-05 3.91e-05 0.00022675 3.645e-05 4.955e-05 5.05e-05 0.0001328 3.005e-05 0.00012505 5.71e-05 3.94e-05 3.66e-05 0.00015275 0.0001427 2.955e-05 3.81e-05 0.0001494 0.0001333 0.0001429 0.0001307 3.04e-05 4.035e-05 0.00015245 4.03e-05 3.065e-05 2.945e-05 0.0002363 0.0001297 3.995e-05 0.0001234 0.00014265 0.00014295 0.00013395 0.0001335 0.00023655 2.975e-05 0.00013215 3.91e-05 3.585e-05 4.02e-05 0.0001335 3.725e-05 3.755e-05 0.00014305 4.965e-05 3.085e-05 5.105e-05 4.955e-05 3.035e-05 3.66e-05 4e-05 3.075e-05 7.29e-05 4.035e-05 0.00015255 3.065e-05 0.00013375 0.0001307 3.02e-05 0.00012265 4.045e-05 0.00013315 0.00022655 8.235e-05 3.59e-05 3.92e-05 0.00013265 0.00013375 3.03e-05 0.0002461 0.00013035 3.77e-05 0.00023645 0.00013275 3.975e-05 0.0001755 0.00013355 4e-05 0.0001316 3.04e-05 0.00014275 4.035e-05 7.28e-05 2.94e-05 4.085e-05 0.00023635 4.94e-05 3.755e-05
22 0.0001368 2.52e-05 1.965e-05 1.5e-05 9.335e-05 2.53e-05 1.225e-05 0.00011715 0.0001715 6.765e-05 0.00011665 2.315e-05 6.025e-05 1.145e-05 0.00022285 3.405e-05 1.245e-05 2.48e-05 0.0001163 4.285e-05 0.0001358 3.94e-05 2.22e-05 3.405e-05 0.00012805 0.0001187 2.525e-05 4.78e-05 0.00014805 0.0001185 0.0001165 0.00014075 4.32e-05 1.225e-05 0.00013845 3.865e-05 3.97e-05 5.315e-05 0.00023405 0.00012845 2.41e-05 0.0001209 0.0001408 0.0001272 0.0001297 0.0001443 0.0002209 1.15e-05 0.00011615 1.21e-05 3.18e-05 1.21e-05 0.0001196 3.62e-05 6.055e-05 0.0001167 1.26e-05 5.305e-05 3.67e-05 1.23e-05 6.76e-05 6.205e-05 2.425e-05 1.535e-05 7.505e-05 3.75e-05 0.00012785 3.925e-05 0.0001245 0.00014065 5.295e-05 0.00011825 2.05e-05 0.00014395 0.00022265 6.72e-05 3.225e-05 1.18e-05 0.00011615 0.00011635 2.395e-05 0.0002321 0.0001404 3.425e-05 0.0002208 0.00011625 2.555e-05 0.00017055 0.00014435 3.99e-05 0.0001161 3.945e-05 0.00011635 2.62e-05 6.68e-05 3.935e-05 2.41e-05 0.0002207 1.235e-05 6.04e-05
23 0.0001378 2.41e-05 2.365e-05 2.365e-05 8.785e-05 2.4e-05 3.5e-05 0.00012845 0.0001899 5.015e-05 0.0001474 2.44e-05 3.815e-05 3.385e-05 0.0002409 2.345e-05 4.42e-05 4.43e-05 0.0001372 3.855e-05 0.000142 3.66e-05 3.405e-05 4.64e-05 0.00015695 0.0001469 2.48e-05 2.69e-05 0.00014775 0.0001377 0.0001473 0.0001273 3.89e-05 3.5e-05 0.00016685 4.55e-05 3.785e-05 3.79e-05 0.00025025 0.0001296 3.375e-05 0.0001292 0.0001473 0.00014715 0.0001375 0.00015045 0.0002507 2.44e-05 0.0001367 3.395e-05 2.36e-05 3.485e-05 0.00013715 2.415e-05 3.495e-05 0.00014745 4.43e-05 3.72e-05 4.4e-05 4.42e-05 5.01e-05 3.945e-05 3.39e-05 2.67e-05 7.655e-05 3.46e-05 0.00015675 3.835e-05 0.0001374 0.00012765 3.705e-05 0.00012695 3.435e-05 0.0001501 0.0002407 8.675e-05 2.49e-05 3.365e-05 0.00013685 0.00013815 2.41e-05 0.00026005 0.00012695 2.455e-05 0.0002506 0.00013695 3.5e-05 0.0001897 0.0001505 4.72e-05 0.000136 3.76e-05 0.00014715 3.4e-05 7.72e-05 3.66e-05 3.465e-05 0.0002505 4.405e-05 3.535e-05
24 0.0001464 0.0001501 0.00014485 0.00013885 0.0001523 0.0001502 0.0001271 0.0001374 0.00012905 0.0001683 0.00011805 0.0001479 0.00017155 0.00012795 0.00012915 0.00015695 0.00011795 0.0001292 0.000128 0.0001555 0.0001433 0.00015275 0.00012805 0.00015695 0.0002341 0.0001183 0.00015 0.0001704 0.00014595 0.0001293 0.00011795 0.00015825 0.00015585 0.00012665 0.00011795 0.00014155 0.0001522 0.0001653 0.00012855 0.00014735 0.00013925 0.00014105 0.0001391 0.00012645 0.00014035 0.00014335 0.00011835 0.0001366 0.00012835 0.0001273 0.00015595 0.00012695 0.0001292 0.00015795 0.0001706 0.0001181 0.00011805 0.0001653 0.00014105 0.00011785 0.00016825 0.0001731 0.0001394 0.00013985 0.0001461 0.00015105 0.00011745 0.0001512 0.00013545 0.00015815 0.00016525 0.0001388 0.0001348 0.000143 0.00012895 0.0001289 0.0001562 0.00012765 0.00012785 0.00012725 0.0001493 0.00011775 0.0001579 0.00015635 0.00011825 0.00012795 0.00014005 0.0001285 0.0001434 0.00014345 0.0001287 0.00015195 0.0001178 0.00014035 0.0001378 0.00015265 0.00013845 0.00011815 0.0001177 0.00017045
25 0.00013685 0.00014005 0.0001348 0.0001288 0.00014225 0.00014015 0.0001181 0.0001279 0.0001195 0.00015825 0.00010885 0.00013855 0.0001615 0.0001186 0.0001196 0.0001469 0.00010925 0.0001208 0.00011845 0.00014545 0.00013375 0.0001427 0.0001187 0.0001469 0.0001183 0.0002168 0.00013995 0.00016035 0.0001459 0.00011985 0.00010905 0.0001482 0.0001458 0.00011845 0.00011835 0.0001322 0.00014285 0.00015525 0.0001285 0.0001373 0.0001297 0.0001309 0.00013905 0.00012705 0.0001308 0.0001338 0.0001093 0.00012725 0.000119 0.0001184 0.0001459 0.00011795 0.00011965 0.0001479 0.00016055 0.0001089 0.00010905 0.00015525 0.000132 0.00010915 0.0001582 0.00016305 0.00012985 0.0001305 0.00013605 0.0001415 0.0001178 0.00014255 0.0001259 0.0001481 0.0001552 0.00012875 0.00012605 0.00013345 0.0001194 0.0001199 0.00014615 0.00011865 0.0001183 0.0001184 0.00013915 0.0001182 0.00014785 0.000147 0.0001092 0.0001184 0.00013065 0.00011895 0.00013385 0.000134 0.00011845 0.0001426 0.0001089 0.0001305 0.00012845 0.0001426 0.0001296 0.0001091 0.0001084 0.0001604
26 0.00013665 1.565e-05 1.545e-05 1.72e-05 8.19e-05 1.575e-05 2.64e-05 0.00012015 0.0001827 4.46e-05 0.0001392 1.585e-05 3.81e-05 2.51e-05 0.0002337 2.48e-05 3.585e-05 3.67e-05 0.00012865 3.215e-05 0.0001352 2.955e-05 2.525e-05 2.48e-05 0.00015 0.00013995 2.89e-05 2.585e-05 0.0001477 0.0001302 0.0001391 0.00012985 3.25e-05 2.64e-05 0.0001597 3.855e-05 3.065e-05 2.94e-05 0.0002443 0.00012885 2.58e-05 0.0001215 0.0001399 0.00013995 0.00012945 0.00014365 0.00024265 1.545e-05 0.00012865 2.54e-05 2.265e-05 2.625e-05 0.0001312 2.59e-05 3.79e-05 0.00013925 3.595e-05 3.035e-05 3.715e-05 3.57e-05 4.455e-05 3.975e-05 2.605e-05 1.865e-05 6.96e-05 2.655e-05 0.0001498 3.095e-05 0.0001297 0.0001298 3.03e-05 0.00011975 2.64e-05 0.0001433 0.0002335 7.925e-05 2.325e-05 2.515e-05 0.00012865 0.0001297 1.61e-05 0.00025325 0.0001295 2.585e-05 0.00024255 0.00012875 2.5e-05 0.0001823 0.0001437 4.01e-05 0.0001276 3.04e-05 0.00013895 2.72e-05 6.96e-05 2.945e-05 2.68e-05 0.00024245 3.57e-05 3.79e-05
27 0.00013745 2.44e-05 2.995e-05 3.82e-05 8.965e-05 2.455e-05 4.875e-05 0.0001412 0.0002018 3.88e-05 0.00016025 2.715e-05 2.765e-05 4.775e-05 0.00025245 2.69e-05 5.775e-05 4.6e-05 0.00015035 3.805e-05 0.00014245 3.81e-05 4.78e-05 2.69e-05 0.0001704 0.00016035 2.585e-05 2.19e-05 0.0001496 0.00015005 0.00016015 0.00012915 3.84e-05 4.875e-05 0.00018005 4.825e-05 3.915e-05 2.63e-05 0.0002624 0.0001383 3.575e-05 0.00013865 0.00014885 0.00016075 0.0001368 0.00015085 0.00026285 3.84e-05 0.00015025 4.78e-05 2.555e-05 4.86e-05 0.0001507 2.58e-05 2.73e-05 0.0001603 5.785e-05 2.48e-05 3.385e-05 5.785e-05 3.875e-05 2.47e-05 3.59e-05 3.885e-05 8.16e-05 2.44e-05 0.0001702 3.945e-05 0.0001427 0.00012895 2.475e-05 0.00014 4.035e-05 0.0001505 0.00025225 9.945e-05 2.715e-05 4.78e-05 0.0001502 0.0001512 2.615e-05 0.0002728 0.0001288 2.79e-05 0.00026275 0.0001503 3.575e-05 0.0002024 0.0001509 4.84e-05 0.00014915 3.89e-05 0.00016 3.56e-05 9e-05 3.8e-05 3.655e-05 0.00026265 5.76e-05 2.72e-05
28 0.00014755 0.000148 0.000148 0.00014725 0.00014745 0.0001481 0.000148 0.0001473 0.000147 0.00015175 0.00014765 0.0001478 0.0001476 0.00014795 0.00014695 0.00014775 0.0001481 0.00014885 0.00014745 0.00015135 0.00014955 0.0001494 0.00014805 0.00014775 0.00014595 0.0001459 0.0001477 0.0001496 0.0002868 0.00014765 0.00014755 0.0001474 0.0001517 0.000148 0.0001457 0.00014825 0.0001497 0.0001497 0.00014505 0.00014815 0.0001483 0.0001487 0.0001455 0.0001454 0.00014775 0.00014955 0.0001473 0.00014735 0.0001473 0.00014785 0.0001481 0.00014785 0.0001471 0.00014745 0.0001481 0.0001477 0.0001482 0.00014995 0.0001492 0.00014835 0.0001517 0.00015105 0.00014845 0.00014975 0.00014775 0.00014835 0.00014575 0.0001493 0.0001481 0.0001473 0.00014985 0.0001471 0.0001487 0.0001492 0.00014675 0.00014775 0.00014545 0.000148 0.0001473 0.0001475 0.0001483 0.0001454 0.00014705 0.00014795 0.0001472 0.0001474 0.0001479 0.00014705 0.0001496 0.0001502 0.00014715 0.00014945 0.0001474 0.0001487 0.00014705 0.00014935 0.0001483 0.0001471 0.00014795 0.000148
29 0.00013605 0.0001303 0.00012595 0.00011955 0.0001316 0.0001304 0.00011845 0.00011875 0.00011815 0.0001483 0.00011825 0.00012975 0.00015185 0.0001184 0.0001179 0.0001377 0.00011835 0.0001299 0.00011855 0.0001346 0.00013335 0.0001333 0.0001185 0.0001377 0.0001293 0.00011985 0.0001302 0.00015005 0.00014765 0.0002347 0.00011825 0.00013715 0.00013495 0.0001184 0.0001292 0.00013195 0.00013345 0.00014505 0.0001286 0.0001263 0.00012975 0.0001203 0.00014035 0.000129 0.0001301 0.0001334 0.00011845 0.00011845 0.0001189 0.0001185 0.0001358 0.00011815 0.00011945 0.0001378 0.0001511 0.0001183 0.00011835 0.000145 0.00014105 0.0001182 0.00014825 0.0001531 0.0001299 0.0001202 0.00012575 0.0001409 0.000129 0.0001335 0.0001261 0.0001371 0.000145 0.00011855 0.00012625 0.00013305 0.000118 0.00011815 0.000137 0.00011835 0.0001184 0.00011835 0.0001305 0.0001292 0.00013715 0.00013765 0.00011835 0.0001185 0.00013 0.0001185 0.00013345 0.00013285 0.0001183 0.0001332 0.0001181 0.00012985 0.0001181 0.0001331 0.0001297 0.00011825 0.000118 0.0001509
30 0.0001347 0.0001392 0.00013385 0.00012915 0.0001432 0.0001393 0.00011535 0.00012615 0.00011775 0.0001596 0.00010515 0.0001369 0.0001625 0.0001164 0.00011755 0.0001473 0.00010575 0.0001174 0.00011595 0.00014595 0.00013245 0.0001429 0.0001165 0.0001473 0.00011795 0.00010905 0.0001391 0.00016015 0.00014755 0.00011825 0.0002099 0.00014915 0.0001463 0.0001156 0.0001176 0.0001314 0.00014235 0.00015555 0.0001299 0.00013755 0.0001275 0.00012995 0.00013995 0.00012705 0.0001286 0.00013245 0.00010505 0.0001256 0.00011685 0.00011625 0.0001452 0.0001152 0.00011845 0.00014875 0.0001623 0.0001053 0.0001058 0.00015555 0.00012855 0.00010595 0.00015955 0.0001639 0.00012765 0.00012915 0.00013565 0.00013935 0.0001175 0.00014135 0.0001233 0.000149 0.0001555 0.0001284 0.0001239 0.0001323 0.00011735 0.0001183 0.000146 0.0001165 0.0001158 0.0001151 0.00013815 0.00011735 0.0001488 0.0001467 0.00010525 0.0001159 0.0001284 0.00011685 0.0001325 0.000133 0.00011675 0.0001421 0.000105 0.00012855 0.00012735 0.0001428 0.0001267 0.00010505 0.0001052 0.0001621
31 0.00013715 0.0001293 0.0001301 0.00012835 0.00012615 0.0001294 0.0001415 0.0001303 0.0001367 0.00013085 0.00014925 0.00013115 0.0001298 0.0001406 0.0001361 0.00012725 0.0001501 0.00014955 0.0001397 0.0001305 0.0001397 0.0001307 0.00014075 0.0001273 0.00015825 0.0001482 0.00012985 0.00012915 0.0001474 0.00013715 0.00014915 0.0002474 0.00013085 0.0001415 0.00015775 0.00013885 0.00013175 0.00012985 0.00014485 0.0001275 0.00013965 0.00012865 0.0001469 0.000149 0.000138 0.0001397 0.0001485 0.0001315 0.00013955 0.0001405 0.00012795 0.00014135 0.00013715 0.00012575 0.0001255 0.0001493 0.0001502 0.00012915 0.0001486 0.00015035 0.0001308 0.0001306 0.0001398 0.00013185 0.0001273 0.00013815 0.00015805 0.00013265 0.00013915 0.00012415 0.00012915 0.00012745 0.00014015 0.00013935 0.0001362 0.00013785 0.0001298 0.00014065 0.00013955 0.0001406 0.00013035 0.0001573 0.0001238 0.00012825 0.0001484 0.00013965 0.0001394 0.00013785 0.00013975 0.00014075 0.0001385 0.0001315 0.000149 0.0001379 0.00012865 0.00013055 0.0001405 0.0001483 0.00014995 0.0001259
32 0.00014245 3.33e-05 3.415e-05 3.21e-05 7.265e-05 3.34e-05 4.39e-05 0.0001266 0.0001775 2.54e-05 0.0001464 3.445e-05 3.55e-05 4.31e-05 0.0002285 3.89e-05 5.295e-05 5.385e-05 0.0001367 2.545e-05 0.00012425 3.04e-05 4.32e-05 3.89e-05 0.00015585 0.0001458 3.25e-05 3.84e-05 0.0001517 0.00013495 0.0001463 0.00013085 5.07e-05 4.405e-05 0.0001555 4.17e-05 3.025e-05 2.965e-05 0.00023775 0.0001292 4.38e-05 0.0001227 0.0001446 0.00014645 0.00013645 0.0001327 0.00023995 3.405e-05 0.00013615 4.32e-05 3.785e-05 4.39e-05 0.00013535 3.805e-05 3.735e-05 0.00014645 5.305e-05 2.945e-05 5.435e-05 5.29e-05 2.56e-05 3.555e-05 4.395e-05 3.04e-05 7.515e-05 4.255e-05 0.00015565 3.23e-05 0.00013765 0.0001305 3.03e-05 0.0001251 4.435e-05 0.00013265 0.0002283 8.405e-05 3.92e-05 4.305e-05 0.00013655 0.00013745 3.455e-05 0.0002492 0.0001305 3.98e-05 0.00023985 0.00013665 4.22e-05 0.0001787 0.00013265 3.915e-05 0.00013545 3.025e-05 0.00014615 4.23e-05 7.49e-05 2.935e-05 4.455e-05 0.00023975 5.28e-05 3.705e-05
33 0.00013675 2.635e-05 2.08e-05 1.595e-05 9.41e-05 2.645e-05 1.135e-05 0.00011715 0.00017145 6.84e-05 0.0001157 2.345e-05 6.1e-05 1.215e-05 0.0002228 3.5e-05 1.155e-05 2.345e-05 0.00011645 4.37e-05 0.00013575 4.035e-05 1.225e-05 3.5e-05 0.00012665 0.00011845 2.64e-05 4.875e-05 0.000148 0.0001184 0.0001156 0.0001415 4.405e-05 2.13e-05 0.0001376 3.86e-05 3.975e-05 5.41e-05 0.000234 0.0001292 2.43e-05 0.00012165 0.00014075 0.0001265 0.00012985 0.00014425 0.00022005 1.18e-05 0.00011645 1.17e-05 3.285e-05 1.1e-05 0.00011955 3.695e-05 6.13e-05 0.00011575 1.165e-05 5.4e-05 3.595e-05 1.115e-05 6.835e-05 6.28e-05 2.445e-05 1.55e-05 7.6e-05 3.75e-05 0.0001269 3.855e-05 0.00012465 0.0001414 5.39e-05 0.0001192 2.01e-05 0.0001439 0.0002226 6.695e-05 3.32e-05 1.175e-05 0.0001163 0.00011535 2.54e-05 0.00023125 0.00014115 3.4e-05 0.00021995 0.0001164 2.565e-05 0.00017045 0.0001443 3.98e-05 0.00011695 3.95e-05 0.00011545 2.61e-05 6.685e-05 4.02e-05 2.34e-05 0.00021985 1.13e-05 6.115e-05
34 0.00014545 0.0001603 0.00015505 0.0001492 0.0001416 0.0001604 0.0001374 0.00013725 0.00011845 0.0001572 0.00011755 0.0001583 0.0001708 0.00013835 0.00011835 0.00016685 0.0001284 0.0001397 0.00012765 0.0001552 0.0001322 0.00015245 0.00013845 0.00016685 0.00011795 0.00011835 0.0001597 0.00018005 0.0001457 0.0001292 0.0001176 0.00015775 0.0001555 0.0001376 0.0002133 0.00014125 0.00015185 0.0001643 0.00011835 0.000147 0.0001492 0.0001409 0.00013875 0.0001264 0.00013995 0.00013225 0.00010715 0.000147 0.0001284 0.00013825 0.00016585 0.00013725 0.0001288 0.0001678 0.0001698 0.00011765 0.00012835 0.0001648 0.00015055 0.0001285 0.0001572 0.00017225 0.00014935 0.00015025 0.0001459 0.00016045 0.00011755 0.0001509 0.00013485 0.00015765 0.00016475 0.0001388 0.0001457 0.0001321 0.00011815 0.00012925 0.00016615 0.0001384 0.0001275 0.00012685 0.00015935 0.00010715 0.0001574 0.00016625 0.00010725 0.0001276 0.0001498 0.0001177 0.0001323 0.000143 0.00012835 0.00015165 0.00011745 0.00015025 0.0001378 0.00015235 0.0001484 0.00010705 0.0001279 0.00016965
35 0.00013865 3.96e-05 3.945e-05 3.87e-05 8.025e-05 3.97e-05 3.86e-05 0.00013215 0.00017415 4.18e-05 0.0001315 3.9e-05 4.68e-05 3.855e-05 0.00022515 4.55e-05 3.74e-05 3.9e-05 0.00013195 4.135e-05 0.000125 4.03e-05 3.865e-05 4.55e-05 0.00014155 0.0001322 3.855e-05 4.825e-05 0.00014825 0.00013195 0.0001314 0.00013885 4.17e-05 3.86e-05 0.00014125 7.41e-05 4.035e-05 4.02e-05 0.000235 0.00013955 3.91e-05 0.0001332 0.000141 0.00014145 0.0001326 0.00013345 0.00022505 3.86e-05 0.0001315 3.845e-05 4.485e-05 3.845e-05 0.0001318 4.56e-05 4.48e-05 0.00013155 3.75e-05 4.095e-05 3.955e-05 3.83e-05 4.175e-05 4.9e-05 3.925e-05 4.01e-05 8.185e-05 3.84e-05 0.00014135 4.045e-05 0.0001328 0.0001386 4.11e-05 0.000132 3.95e-05 0.0001331 0.00022495 8.1e-05 4.53e-05 3.86e-05 0.0001318 0.000132 3.975e-05 0.0002349 0.0001385 4.57e-05 0.00022495 0.0001319 3.81e-05 0.00017445 0.0001335 4.02e-05 0.00013175 4.01e-05 0.00013125 3.89e-05 8.095e-05 4e-05 3.91e-05 0.00022485 3.79e-05 4.455e-05
36 0.0001403 3.145e-05 3.11e-05 3.105e-05 7.37e-05 3.155e-05 3.975e-05 0.00012405 0.00017595 3.005e-05 0.00014245 3.055e-05 3.735e-05 3.96e-05 0.00022695 3.785e-05 4.9e-05 4.99e-05 0.0001332 3.005e-05 0.0001246 3.065e-05 3.97e-05 3.785e-05 0.0001522 0.00014285 3.065e-05 3.915e-05 0.0001497 0.00013345 0.00014235 0.00013175 3.025e-05 3.975e-05 0.00015185 4.035e-05 5.96e-05 3.11e-05 0.0002365 0.0001307 4.03e-05 0.00012435 0.0001427 0.0001424 0.00013415 0.00013305 0.000236 3.015e-05 0.00013265 3.97e-05 3.69e-05 3.96e-05 0.00013385 3.835e-05 3.845e-05 0.0001425 4.91e-05 3.13e-05 5.04e-05 4.895e-05 3.015e-05 3.84e-05 4.045e-05 3.045e-05 7.405e-05 4.035e-05 0.000152 3.055e-05 0.00013415 0.00013155 3.175e-05 0.00012405 4.085e-05 0.00013285 0.00022675 8.25e-05 3.735e-05 3.955e-05 0.00013305 0.00013315 3.15e-05 0.00024555 0.0001314 3.795e-05 0.0002359 0.00013315 3.99e-05 0.00017585 0.0001331 3.935e-05 0.0001327 3.005e-05 0.0001422 4.065e-05 7.285e-05 2.995e-05 4.01e-05 0.0002358 4.885e-05 3.83e-05
37 0.0001401 3.13e-05 3.65e-05 4.265e-05 7.135e-05 3.135e-05 5.41e-05 0.0001366 0.00018695 1.725e-05 0.00015565 3.3e-05 2.47e-05 5.305e-05 0.0002376 3.79e-05 6.3e-05 5.25e-05 0.0001458 2.93e-05 0.00012445 2.945e-05 5.315e-05 3.79e-05 0.0001653 0.00015525 2.94e-05 2.63e-05 0.0001497 0.00014505 0.00015555 0.00012985 2.965e-05 5.41e-05 0.0001643 4.02e-05 3.11e-05 3.16e-05 0.00024705 0.00014015 4.23e-05 0.00013405 0.00014225 0.00015575 0.0001338 0.00013285 0.0002484 4.38e-05 0.00014525 5.31e-05 3.71e-05 5.395e-05 0.00014525 3.715e-05 2.495e-05 0.0001557 6.31e-05 1.815e-05 4.16e-05 6.31e-05 1.72e-05 2.45e-05 4.245e-05 4.36e-05 7.785e-05 2.94e-05 0.0001651 3.13e-05 0.00013935 0.00012975 1.77e-05 0.00013485 4.685e-05 0.0001325 0.0002374 9.445e-05 3.765e-05 5.31e-05 0.00014565 0.0001467 3.28e-05 0.00025785 0.0001295 3.895e-05 0.0002483 0.00014575 3.925e-05 0.0001877 0.0001329 4.025e-05 0.0001446 3.085e-05 0.0001554 4.15e-05 8.51e-05 2.99e-05 4.315e-05 0.0002482 6.285e-05 2.495e-05
