 slim_337627793 slim_337628441 slim_337628386 slim_337628640 slim_337628655 slim_337628540 slim_337628624 slim_337628466 slim_337628648 slim_337628657 slim_337628516 slim_337628610 slim_337628479 slim_337628596 slim_337628580 slim_337628576 slim_337628604 slim_337628654 slim_337628541 slim_337628564 slim_337628668 slim_337628666 slim_337628641 slim_337628573 slim_337628488 slim_337628664 slim_337628583 slim_337628373 slim_337628633 slim_337628526 slim_337628608 slim_337628662 slim_337628622 slim_337628554 slim_337628660 slim_337628598 slim_337628637 slim_337628599 slim_337628629 slim_337628385 slim_337628650 slim_337628594 slim_337628455 slim_337628653 slim_337628625 slim_337628674 slim_337628609 slim_337628667 slim_337628448 slim_337628647 slim_337628671 slim_337628649 slim_337628590 slim_337628575 slim_337628549 slim_337628665 slim_337628409 slim_337628643 slim_337628652 slim_337628480 slim_337628571 slim_337628561 slim_337628659 slim_337628508 slim_337628472 slim_337628101 slim_337628636 slim_337628615 slim_337628524 slim_337628593 slim_337628621 slim_337628556 slim_337628645 slim_337628672 slim_337628646 slim_337628490 slim_337628404 slim_337628591 slim_337628623 slim_337628567 slim_337628639 slim_337628605 slim_337628493 slim_337628638 slim_337628497 slim_337628528 slim_337628626 slim_337628433 slim_337628469 slim_337628495 slim_337628634 slim_337628447 slim_337628523 slim_337628632 slim_337628566 slim_337628527 slim_337628635 slim_337628603 slim_337628464 slim_337628663
0 1.34e-05 1.17e-05 1.77e-05 1.545e-05 1.65e-05 1.355e-05 1.48e-05 1.625e-05 1.31e-05 1.605e-05 1.96e-05 1.46e-05 1.58e-05 1.125e-05 1.66e-05 1.5e-05 1.04e-05 1.39e-05 1.42e-05 1.7e-05 1.165e-05 1.695e-05 1.17e-05 1.79e-05 1.11e-05 1.62e-05 1.81e-05 1.31e-05 1.765e-05 1.605e-05 1.27e-05 8.05e-06 1.28e-05 1.35e-05 1.48e-05 1.78e-05 1.54e-05 1.165e-05 1.53e-05 1.65e-05 1.495e-05 1.475e-05 1.625e-05 1.41e-05 1.64e-05 1.465e-05 1.385e-05 1.945e-05 1.23e-05 1.36e-05 1.115e-05 1.51e-05 1.075e-05 1.065e-05 1.66e-05 1.01e-05 1.515e-05 1.41e-05 1.135e-05 1.79e-05 1.24e-05 1.07e-05 1.61e-05 1.53e-05 1.195e-05 1.28e-05 1.7e-05 1.075e-05 1.355e-05 1.26e-05 1.3e-05 1.3e-05 1.055e-05 1.43e-05 1.595e-05 1.535e-05 1.335e-05 1.385e-05 1.375e-05 1.6e-05 1.635e-05 1.185e-05 1.32e-05 1.47e-05 1.615e-05 8.75e-06 1.13e-05 1.165e-05 1.375e-05 1.235e-05 1.19e-05 1.49e-05 9.8e-06 1.32e-05 1.205e-05 1.06e-05 1.555e-05 1.475e-05 1.55e-05 1.815e-05
1 1.17e-05 1.35e-05 1.755e-05 1.145e-05 1.605e-05 1.22e-05 1.535e-05 1.505e-05 1.5e-05 1.235e-05 1.475e-05 1.135e-05 1.81e-05 1.59e-05 1.34e-05 1.48e-05 1.135e-05 8.65e-06 8.95e-06 1.09e-05 1.46e-05 1.505e-05 1.02e-05 1.44e-05 1.345e-05 1.5e-05 1.125e-05 1.34e-05 1.75e-05 1.82e-05 9.45e-06 1.24e-05 1.08e-05 1.53e-05 1.685e-05 1.765e-05 1.035e-05 1.02e-05 1.025e-05 1.455e-05 1.57e-05 1.53e-05 1.58e-05 1.38e-05 1.125e-05 1.725e-05 1.225e-05 1.715e-05 1.15e-05 8.35e-06 1.595e-05 1.34e-05 1.275e-05 1.065e-05 1.37e-05 1.145e-05 1.01e-05 1.61e-05 1.46e-05 1.395e-05 9.75e-06 1.53e-05 9.75e-06 1.485e-05 1.29e-05 1.355e-05 1.09e-05 1.14e-05 1.135e-05 1.11e-05 1.34e-05 1.49e-05 1.065e-05 1.26e-05 1.565e-05 1.365e-05 8.1e-06 1.415e-05 1.54e-05 9.7e-06 1.12e-05 1.24e-05 1.435e-05 1.52e-05 1.325e-05 1.005e-05 1.205e-05 1.2e-05 9.05e-06 9.65e-06 1.465e-05 1.695e-05 1.21e-05 1.44e-05 1.165e-05 1.475e-05 1.155e-05 1.53e-05 1.745e-05 1.13e-05
2 1.77e-05 1.755e-05 2e-07 1.66e-05 1.565e-05 8.9e-06 7.75e-06 1.54e-05 1.45e-05 9.05e-06 1.625e-05 1.255e-05 9.5e-06 1.385e-05 9.15e-06 1.735e-05 1.67e-05 1.585e-05 1.61e-05 1.865e-05 1.395e-05 1.04e-05 1.545e-05 1.045e-05 1.685e-05 1.535e-05 2.05e-05 1.635e-05 2.5e-07 5.25e-06 1.31e-05 1.85e-05 1.295e-05 1.73e-05 7.9e-06 2.5e-07 1.68e-05 1.94e-05 1.67e-05 1.42e-05 1.88e-05 7.7e-06 1.54e-05 1.73e-05 1.98e-05 8.8e-06 1.975e-05 7e-06 1.71e-05 1.555e-05 1.52e-05 6.55e-06 1.68e-05 1.655e-05 8.4e-06 1.695e-05 1.655e-05 1.17e-05 1.55e-05 1.64e-05 1.355e-05 2.095e-05 1.905e-05 6.6e-06 1.4e-05 1.65e-05 1.865e-05 1.705e-05 2.11e-05 2.07e-05 1.735e-05 1.45e-05 1.545e-05 1.385e-05 6.8e-06 6.8e-06 1.53e-05 1.3e-05 1.165e-05 1.895e-05 1.975e-05 1.44e-05 1.08e-05 1.085e-05 1.7e-05 1.895e-05 1.955e-05 1.42e-05 1.905e-05 1.67e-05 1.545e-05 8e-06 1.61e-05 1.08e-05 1.47e-05 1.545e-05 1.67e-05 7.7e-06 1.09e-05 2.055e-05
3 1.545e-05 1.145e-05 1.66e-05 1.46e-05 1.78e-05 1.575e-05 1.675e-05 1.555e-05 1.715e-05 1.25e-05 1.33e-05 1.1e-05 1.975e-05 1.975e-05 1.395e-05 1.615e-05 1.195e-05 8.5e-06 9.9e-06 9.7e-06 1.5e-05 1.535e-05 1.45e-05 1.21e-05 1.51e-05 1.55e-05 7.65e-06 1.36e-05 1.655e-05 2.005e-05 7.9e-06 1.595e-05 8.1e-06 1.705e-05 1.825e-05 1.67e-05 7.75e-06 1.27e-05 7.7e-06 1.63e-05 1.59e-05 1.67e-05 1.755e-05 1.535e-05 9.55e-06 1.86e-05 1.435e-05 1.565e-05 1.34e-05 8.2e-06 1.965e-05 1.21e-05 1.195e-05 1.275e-05 1.4e-05 1.185e-05 7.4e-06 1.87e-05 1.945e-05 1.305e-05 9.15e-06 1.815e-05 9.85e-06 1.245e-05 1.925e-05 1.475e-05 9.7e-06 1.165e-05 1.195e-05 1.185e-05 1.41e-05 1.705e-05 1.29e-05 1.555e-05 1.545e-05 1.24e-05 7.95e-06 1.395e-05 1.555e-05 9.75e-06 9.55e-06 1.225e-05 1.63e-05 1.78e-05 1.295e-05 1.545e-05 1.755e-05 1.16e-05 1.125e-05 1.205e-05 1.84e-05 1.835e-05 1.285e-05 1.63e-05 1.37e-05 1.965e-05 7.45e-06 1.67e-05 1.845e-05 7.7e-06
4 1.65e-05 1.605e-05 1.565e-05 1.78e-05 2.67e-05 1.61e-05 1.625e-05 1.535e-05 1.755e-05 1.58e-05 1.66e-05 1.675e-05 1.455e-05 1.55e-05 1.6e-05 1.725e-05 1.76e-05 1.71e-05 1.575e-05 1.68e-05 1.78e-05 1.59e-05 1.73e-05 1.64e-05 1.79e-05 1.53e-05 1.715e-05 1.79e-05 1.56e-05 1.46e-05 1.755e-05 1.73e-05 1.81e-05 1.735e-05 1.62e-05 1.575e-05 1.735e-05 1.685e-05 1.725e-05 1.4e-05 1.665e-05 1.62e-05 1.345e-05 1.67e-05 1.705e-05 1.56e-05 1.645e-05 1.615e-05 1.63e-05 1.68e-05 1.55e-05 1.65e-05 1.835e-05 1.73e-05 1.585e-05 1.78e-05 1.71e-05 1.57e-05 1.53e-05 1.675e-05 1.735e-05 1.73e-05 1.515e-05 1.715e-05 1.515e-05 1.695e-05 1.68e-05 1.79e-05 1.74e-05 1.7e-05 1.725e-05 1.745e-05 1.675e-05 1.47e-05 1.695e-05 1.675e-05 1.655e-05 1.82e-05 1.615e-05 1.505e-05 1.7e-05 1.76e-05 1.65e-05 1.595e-05 1.58e-05 1.71e-05 1.67e-05 1.735e-05 1.685e-05 1.6e-05 1.68e-05 1.63e-05 1.725e-05 1.65e-05 1.705e-05 1.5e-05 1.79e-05 1.62e-05 1.63e-05 1.72e-05
5 1.355e-05 1.22e-05 8.9e-06 1.575e-05 1.61e-05 1.76e-05 1.09e-05 1.555e-05 1.42e-05 1.24e-05 1.82e-05 1.365e-05 1.31e-05 1.29e-05 1.265e-05 1.62e-05 1.355e-05 1.425e-05 1.545e-05 1.755e-05 1.35e-05 1.4e-05 1.14e-05 1.385e-05 1.46e-05 1.55e-05 1.87e-05 1.485e-05 8.9e-06 1.065e-05 1.19e-05 1.435e-05 1.25e-05 1.55e-05 1.16e-05 9e-06 1.53e-05 1.525e-05 1.52e-05 1.455e-05 1.65e-05 1.085e-05 1.585e-05 1.6e-05 1.805e-05 1.195e-05 1.665e-05 1.335e-05 1.465e-05 1.395e-05 1.37e-05 1.03e-05 1.43e-05 1.32e-05 1.245e-05 1.37e-05 1.505e-05 1.305e-05 1.325e-05 1.755e-05 1.245e-05 1.63e-05 1.745e-05 1.105e-05 1.07e-05 1.435e-05 1.755e-05 1.375e-05 1.69e-05 1.65e-05 1.465e-05 1.415e-05 1.22e-05 1.39e-05 1.15e-05 1.055e-05 1.37e-05 1.405e-05 1.275e-05 1.735e-05 1.8e-05 1.295e-05 1.185e-05 1.21e-05 1.67e-05 1.205e-05 1.31e-05 1.265e-05 1.38e-05 1.41e-05 1.36e-05 1.17e-05 1.36e-05 1.185e-05 1.3e-05 1.32e-05 1.585e-05 1.085e-05 1.315e-05 1.875e-05
6 1.48e-05 1.535e-05 7.75e-06 1.675e-05 1.625e-05 1.09e-05 1.53e-05 1.58e-05 1.335e-05 1.24e-05 1.79e-05 1.5e-05 1.12e-05 1.24e-05 1.355e-05 1.585e-05 1.38e-05 1.57e-05 1.665e-05 1.92e-05 1.365e-05 1.43e-05 1.505e-05 1.405e-05 1.52e-05 1.575e-05 2.025e-05 1.56e-05 7.75e-06 9.55e-06 1.365e-05 1.56e-05 1.34e-05 1.76e-05 9.1e-06 7.85e-06 1.695e-05 1.64e-05 1.685e-05 1.485e-05 1.855e-05 7.7e-06 1.6e-05 1.53e-05 1.965e-05 1.22e-05 1.825e-05 1.155e-05 1.635e-05 1.54e-05 1.27e-05 1.06e-05 1.405e-05 1.44e-05 1.285e-05 1.445e-05 1.67e-05 1.36e-05 1.28e-05 1.715e-05 1.41e-05 1.67e-05 1.87e-05 1.05e-05 1.275e-05 1.605e-05 1.92e-05 1.455e-05 1.82e-05 1.78e-05 1.655e-05 1.33e-05 1.395e-05 1.38e-05 1.2e-05 1.085e-05 1.515e-05 1.575e-05 1.245e-05 1.86e-05 1.96e-05 1.385e-05 1.18e-05 1.28e-05 1.845e-05 1.415e-05 1.67e-05 1.375e-05 1.715e-05 1.555e-05 9.1e-06 9.1e-06 1.435e-05 1.18e-05 1.12e-05 1.32e-05 1.685e-05 7.7e-06 1.36e-05 2.03e-05
7 1.625e-05 1.505e-05 1.54e-05 1.555e-05 1.535e-05 1.555e-05 1.58e-05 2.62e-05 1.705e-05 1.51e-05 1.57e-05 1.6e-05 1.545e-05 1.55e-05 1.555e-05 1.645e-05 1.69e-05 1.615e-05 1.52e-05 1.46e-05 1.73e-05 1.605e-05 1.67e-05 1.425e-05 1.74e-05 1.325e-05 1.34e-05 1.695e-05 1.535e-05 1.43e-05 1.68e-05 1.7e-05 1.74e-05 1.745e-05 1.575e-05 1.55e-05 1.505e-05 1.61e-05 1.505e-05 1.5e-05 1.805e-05 1.575e-05 1.51e-05 1.585e-05 1.475e-05 1.53e-05 1.615e-05 1.55e-05 1.6e-05 1.585e-05 1.505e-05 1.6e-05 1.765e-05 1.66e-05 1.545e-05 1.71e-05 1.485e-05 1.54e-05 1.48e-05 1.585e-05 1.655e-05 1.725e-05 1.57e-05 1.67e-05 1.46e-05 1.69e-05 1.46e-05 1.715e-05 1.51e-05 1.475e-05 1.715e-05 1.695e-05 1.645e-05 1.4e-05 1.665e-05 1.625e-05 1.56e-05 1.785e-05 1.565e-05 1.56e-05 1.48e-05 1.735e-05 1.6e-05 1.565e-05 1.74e-05 1.635e-05 1.655e-05 1.705e-05 1.44e-05 1.55e-05 1.615e-05 1.585e-05 1.7e-05 1.6e-05 1.63e-05 1.46e-05 1.565e-05 1.575e-05 1.645e-05 1.345e-05
8 1.31e-05 1.5e-05 1.45e-05 1.715e-05 1.755e-05 1.42e-05 1.335e-05 1.705e-05 1.9e-05 1.55e-05 1.85e-05 1.645e-05 1.325e-05 1.385e-05 1.51e-05 1.51e-05 1.21e-05 1.54e-05 1.695e-05 1.79e-05 1.37e-05 1.425e-05 1.17e-05 1.74e-05 1.045e-05 1.7e-05 2.02e-05 1.29e-05 1.45e-05 1.42e-05 1.36e-05 1.375e-05 1.39e-05 1.32e-05 1.195e-05 1.46e-05 1.69e-05 1.42e-05 1.68e-05 1.775e-05 1.725e-05 1.33e-05 1.73e-05 1.53e-05 1.78e-05 1.52e-05 1.67e-05 1.695e-05 1.525e-05 1.51e-05 1.235e-05 1.395e-05 1.285e-05 1.245e-05 1.515e-05 1.285e-05 1.665e-05 1.17e-05 1.26e-05 1.735e-05 1.215e-05 1.375e-05 1.845e-05 1.44e-05 1.395e-05 1.5e-05 1.79e-05 1.28e-05 1.6e-05 1.575e-05 1.525e-05 9.5e-06 1.445e-05 1.555e-05 1.22e-05 1.42e-05 1.485e-05 1.015e-05 1.415e-05 1.835e-05 1.775e-05 1.51e-05 1.3e-05 1.255e-05 1.52e-05 1.245e-05 1.535e-05 1.49e-05 1.705e-05 1.6e-05 1.08e-05 1.205e-05 1.29e-05 1.3e-05 1.15e-05 1.245e-05 1.725e-05 1.33e-05 1.57e-05 2.025e-05
9 1.605e-05 1.235e-05 9.05e-06 1.25e-05 1.58e-05 1.24e-05 1.24e-05 1.51e-05 1.55e-05 1.79e-05 1.3e-05 1.045e-05 1.47e-05 1.705e-05 1.01e-05 1.615e-05 1.47e-05 1.025e-05 9.85e-06 1.22e-05 1.525e-05 1.16e-05 1.445e-05 1.12e-05 1.59e-05 1.505e-05 1.325e-05 1.51e-05 9.05e-06 1.3e-05 1.085e-05 1.675e-05 1.145e-05 1.73e-05 1.335e-05 9.15e-06 1.205e-05 1.455e-05 1.195e-05 1.44e-05 1.82e-05 1.235e-05 1.555e-05 1.53e-05 1.32e-05 1.43e-05 1.535e-05 1.1e-05 1.415e-05 9.95e-06 1.765e-05 9.85e-06 1.545e-05 1.42e-05 9.85e-06 1.49e-05 1.18e-05 1.495e-05 1.705e-05 1.3e-05 1.105e-05 2.015e-05 1.16e-05 1.06e-05 1.64e-05 1.59e-05 1.22e-05 1.49e-05 1.575e-05 1.55e-05 1.63e-05 1.545e-05 1.41e-05 1.275e-05 1.12e-05 1.01e-05 9.9e-06 1.33e-05 1.45e-05 1.15e-05 1.315e-05 1.405e-05 1.35e-05 1.415e-05 1.375e-05 1.715e-05 1.87e-05 1.375e-05 1.45e-05 1.245e-05 1.67e-05 1.345e-05 1.48e-05 1.355e-05 1.355e-05 1.72e-05 1.26e-05 1.235e-05 1.54e-05 1.33e-05
10 1.96e-05 1.475e-05 1.625e-05 1.33e-05 1.66e-05 1.82e-05 1.79e-05 1.57e-05 1.85e-05 1.3e-05 1.39e-05 1.385e-05 1.875e-05 2.145e-05 1.16e-05 1.705e-05 1.975e-05 1.355e-05 9.65e-06 8.2e-06 2.06e-05 1.275e-05 1.735e-05 1.285e-05 1.875e-05 1.565e-05 9.45e-06 1.65e-05 1.62e-05 1.91e-05 1.665e-05 2.04e-05 1.7e-05 1.82e-05 1.92e-05 1.635e-05 1.305e-05 1.785e-05 1.295e-05 1.525e-05 1.92e-05 1.785e-05 1.635e-05 1.535e-05 1.235e-05 2e-05 1.595e-05 1.23e-05 1.635e-05 1.325e-05 2.23e-05 1.635e-05 2.03e-05 1.99e-05 1.18e-05 1.995e-05 1.28e-05 1.815e-05 2.18e-05 1.175e-05 1.685e-05 2.25e-05 1.01e-05 1.68e-05 2.11e-05 1.935e-05 8.2e-06 2.005e-05 1.635e-05 1.595e-05 1.94e-05 1.84e-05 1.79e-05 1.53e-05 1.55e-05 1.66e-05 1.3e-05 1.49e-05 1.97e-05 1e-05 1.23e-05 1.785e-05 1.96e-05 1.74e-05 1.275e-05 2.15e-05 2.11e-05 1.76e-05 1.48e-05 1.38e-05 2.085e-05 1.93e-05 1.955e-05 1.96e-05 1.835e-05 2.205e-05 1.34e-05 1.785e-05 1.92e-05 9.5e-06
11 1.46e-05 1.135e-05 1.255e-05 1.1e-05 1.675e-05 1.365e-05 1.5e-05 1.6e-05 1.645e-05 1.045e-05 1.385e-05 1.59e-05 1.755e-05 1.75e-05 1.115e-05 1.69e-05 1.32e-05 9.45e-06 8.4e-06 1.12e-05 1.245e-05 1.265e-05 1.345e-05 1.24e-05 1.44e-05 1.595e-05 1.225e-05 1.36e-05 1.25e-05 1.615e-05 9.85e-06 1.53e-05 9.95e-06 1.6e-05 1.65e-05 1.265e-05 1.105e-05 1.355e-05 1.095e-05 1.535e-05 1.695e-05 1.495e-05 1.65e-05 1.605e-05 1.22e-05 1.385e-05 1.425e-05 1.4e-05 1.27e-05 9.15e-06 1.805e-05 1.11e-05 1.345e-05 1.29e-05 1.11e-05 1.34e-05 1.08e-05 1.585e-05 1.795e-05 1.375e-05 1.005e-05 1.835e-05 1.065e-05 1.13e-05 1.73e-05 1.43e-05 1.12e-05 1.34e-05 1.475e-05 1.45e-05 1.5e-05 1.635e-05 1.265e-05 1.365e-05 1.245e-05 1.135e-05 8.9e-06 1.2e-05 1.49e-05 1.055e-05 1.215e-05 1.21e-05 1.475e-05 1.505e-05 1.28e-05 1.565e-05 1.74e-05 1.18e-05 1.35e-05 1.1e-05 1.895e-05 1.66e-05 1.335e-05 1.48e-05 1.39e-05 1.81e-05 1.11e-05 1.495e-05 1.635e-05 1.23e-05
12 1.58e-05 1.81e-05 9.5e-06 1.975e-05 1.455e-05 1.31e-05 1.12e-05 1.545e-05 1.325e-05 1.47e-05 1.875e-05 1.755e-05 1.54e-05 1.195e-05 1.53e-05 1.59e-05 1.625e-05 1.88e-05 1.9e-05 2.145e-05 1.555e-05 1.44e-05 1.605e-05 1.62e-05 1.55e-05 1.54e-05 2.29e-05 1.67e-05 9.45e-06 8.75e-06 1.7e-05 1.66e-05 1.685e-05 1.6e-05 1.015e-05 9.6e-06 1.995e-05 1.795e-05 1.985e-05 1.46e-05 1.755e-05 1.115e-05 1.43e-05 1.585e-05 2.1e-05 1.165e-05 1.84e-05 1.26e-05 1.7e-05 1.85e-05 1.165e-05 1.315e-05 1.635e-05 1.645e-05 1.465e-05 1.65e-05 1.97e-05 1.16e-05 1.19e-05 1.735e-05 1.605e-05 1.62e-05 2.02e-05 1.31e-05 1.225e-05 1.645e-05 2.145e-05 1.66e-05 1.99e-05 1.95e-05 1.695e-05 1.315e-05 1.615e-05 1.365e-05 1.255e-05 1.34e-05 1.825e-05 1.51e-05 1.245e-05 2.01e-05 2.095e-05 1.625e-05 1.305e-05 1.215e-05 1.81e-05 1.61e-05 1.675e-05 1.605e-05 1.98e-05 1.76e-05 1.185e-05 1.025e-05 1.59e-05 1.305e-05 1.405e-05 1.19e-05 1.985e-05 1.115e-05 1.32e-05 2.295e-05
13 1.125e-05 1.59e-05 1.385e-05 1.975e-05 1.55e-05 1.29e-05 1.24e-05 1.55e-05 1.385e-05 1.705e-05 2.145e-05 1.75e-05 1.195e-05 1.45e-05 1.745e-05 1.6e-05 1.365e-05 1.91e-05 1.87e-05 2.185e-05 1.26e-05 1.735e-05 1.47e-05 1.865e-05 1.38e-05 1.545e-05 2.345e-05 1.585e-05 1.38e-05 1.07e-05 1.725e-05 1.24e-05 1.67e-05 1.535e-05 1.19e-05 1.395e-05 2.035e-05 1.595e-05 2.025e-05 1.495e-05 1.695e-05 1.235e-05 1.525e-05 1.56e-05 2.17e-05 1.12e-05 1.69e-05 1.72e-05 1.54e-05 1.88e-05 8.7e-06 1.545e-05 1.335e-05 1.45e-05 1.695e-05 1.355e-05 2.01e-05 1.24e-05 9.75e-06 2.02e-05 1.715e-05 1.18e-05 2.145e-05 1.5e-05 9.85e-06 1.515e-05 2.185e-05 1.4e-05 1.785e-05 1.71e-05 1.54e-05 1.375e-05 1.34e-05 1.4e-05 1.575e-05 1.57e-05 1.855e-05 1.685e-05 1.195e-05 2.135e-05 2.165e-05 1.395e-05 1.29e-05 1.24e-05 2.03e-05 1.1e-05 1.27e-05 1.375e-05 1.77e-05 1.575e-05 1.045e-05 1.2e-05 1.215e-05 1.29e-05 1.405e-05 9e-06 1.985e-05 1.235e-05 1.37e-05 2.35e-05
14 1.66e-05 1.34e-05 9.15e-06 1.395e-05 1.6e-05 1.265e-05 1.355e-05 1.555e-05 1.51e-05 1.01e-05 1.16e-05 1.115e-05 1.53e-05 1.745e-05 1.57e-05 1.715e-05 1.64e-05 1.205e-05 1.055e-05 1.1e-05 1.605e-05 1.01e-05 1.31e-05 1.165e-05 1.53e-05 1.55e-05 1.415e-05 1.43e-05 9.1e-06 1.305e-05 1.235e-05 1.74e-05 1.315e-05 1.565e-05 1.45e-05 9.25e-06 1.325e-05 1.61e-05 1.315e-05 1.46e-05 1.83e-05 1.35e-05 1.575e-05 1.625e-05 1.44e-05 1.415e-05 1.63e-05 1.13e-05 1.475e-05 1.175e-05 1.86e-05 1.065e-05 1.74e-05 1.57e-05 8.65e-06 1.66e-05 1.3e-05 1.34e-05 1.78e-05 1.4e-05 1.26e-05 2.1e-05 1.265e-05 1.155e-05 1.66e-05 1.65e-05 1.1e-05 1.67e-05 1.705e-05 1.665e-05 1.695e-05 1.5e-05 1.47e-05 1.36e-05 9.7e-06 1.09e-05 1.15e-05 1.08e-05 1.55e-05 1.255e-05 1.435e-05 1.485e-05 1.44e-05 1.26e-05 1.24e-05 1.83e-05 1.88e-05 1.46e-05 1.515e-05 1.315e-05 1.89e-05 1.46e-05 1.595e-05 1.44e-05 1.545e-05 1.79e-05 1.405e-05 1.35e-05 1.535e-05 1.42e-05
15 1.5e-05 1.48e-05 1.735e-05 1.615e-05 1.725e-05 1.62e-05 1.585e-05 1.645e-05 1.51e-05 1.615e-05 1.705e-05 1.69e-05 1.59e-05 1.6e-05 1.715e-05 2.33e-05 1.42e-05 1.525e-05 1.615e-05 1.68e-05 1.64e-05 1.74e-05 1.595e-05 1.695e-05 1.525e-05 1.64e-05 1.655e-05 1.71e-05 1.73e-05 1.685e-05 1.485e-05 1.56e-05 1.545e-05 1.715e-05 1.52e-05 1.745e-05 1.57e-05 1.285e-05 1.56e-05 1.715e-05 1.77e-05 1.58e-05 1.7e-05 1.365e-05 1.425e-05 1.765e-05 1.635e-05 1.58e-05 1.45e-05 1.495e-05 1.485e-05 1.6e-05 1.495e-05 1.415e-05 1.7e-05 1.46e-05 1.545e-05 1.65e-05 1.47e-05 1.305e-05 1.465e-05 1.565e-05 1.615e-05 1.67e-05 1.575e-05 1.625e-05 1.68e-05 1.445e-05 1.505e-05 1.485e-05 1.63e-05 1.5e-05 1.6e-05 1.57e-05 1.72e-05 1.625e-05 1.47e-05 1.7e-05 1.62e-05 1.605e-05 1.42e-05 1.7e-05 1.53e-05 1.7e-05 1.735e-05 1.43e-05 1.635e-05 1.67e-05 1.58e-05 1.62e-05 1.37e-05 1.53e-05 1.475e-05 1.53e-05 1.445e-05 1.46e-05 1.625e-05 1.58e-05 1.755e-05 1.66e-05
16 1.04e-05 1.135e-05 1.67e-05 1.195e-05 1.76e-05 1.355e-05 1.38e-05 1.69e-05 1.21e-05 1.47e-05 1.975e-05 1.32e-05 1.625e-05 1.365e-05 1.64e-05 1.42e-05 1.38e-05 1.025e-05 1.405e-05 1.65e-05 1.04e-05 1.7e-05 1.17e-05 1.66e-05 1.02e-05 1.685e-05 1.65e-05 1.235e-05 1.665e-05 1.7e-05 7.3e-06 1.085e-05 7.2e-06 1.425e-05 1.38e-05 1.68e-05 1.195e-05 1.02e-05 1.185e-05 1.705e-05 1.45e-05 1.375e-05 1.735e-05 1.44e-05 1.435e-05 1.555e-05 1.425e-05 1.87e-05 1.25e-05 1.01e-05 1.22e-05 1.195e-05 7.65e-06 8.45e-06 1.64e-05 7.95e-06 1.17e-05 1.505e-05 1.23e-05 1.64e-05 7.95e-06 1.135e-05 1.49e-05 1.195e-05 1.39e-05 1.22e-05 1.65e-05 7.7e-06 1.24e-05 1.235e-05 1.145e-05 1.2e-05 1.06e-05 1.505e-05 1.495e-05 1.205e-05 9.85e-06 1.285e-05 1.25e-05 1.48e-05 1.43e-05 1.045e-05 1.235e-05 1.51e-05 1.53e-05 8.85e-06 1.305e-05 1.04e-05 1.345e-05 1.295e-05 1.09e-05 1.39e-05 8.65e-06 1.235e-05 9.9e-06 1.26e-05 1.205e-05 1.375e-05 1.625e-05 1.655e-05
17 1.39e-05 8.65e-06 1.585e-05 8.5e-06 1.71e-05 1.425e-05 1.57e-05 1.615e-05 1.54e-05 1.025e-05 1.355e-05 9.45e-06 1.88e-05 1.91e-05 1.205e-05 1.525e-05 1.025e-05 9.3e-06 7.7e-06 9.55e-06 1.495e-05 1.39e-05 1.23e-05 1.27e-05 1.385e-05 1.61e-05 9.55e-06 1.33e-05 1.58e-05 1.93e-05 5.05e-06 1.435e-05 6.3e-06 1.65e-05 1.72e-05 1.595e-05 7.35e-06 1e-05 7.25e-06 1.56e-05 1.605e-05 1.565e-05 1.685e-05 1.44e-05 9.2e-06 1.835e-05 1.3e-05 1.565e-05 1.2e-05 4.95e-06 1.91e-05 1.04e-05 1.185e-05 1.005e-05 1.235e-05 1.06e-05 7.1e-06 1.725e-05 1.77e-05 1.21e-05 6.1e-06 1.85e-05 7.85e-06 1.175e-05 1.775e-05 1.395e-05 9.55e-06 1.035e-05 1.15e-05 1.15e-05 1.31e-05 1.53e-05 1.145e-05 1.35e-05 1.4e-05 1.025e-05 4.9e-06 1.255e-05 1.525e-05 7.75e-06 9.15e-06 1.185e-05 1.45e-05 1.635e-05 1.155e-05 1.415e-05 1.695e-05 1.16e-05 1.11e-05 1.03e-05 1.705e-05 1.73e-05 1.12e-05 1.455e-05 1.15e-05 1.795e-05 8.6e-06 1.565e-05 1.86e-05 9.6e-06
18 1.42e-05 8.95e-06 1.61e-05 9.9e-06 1.575e-05 1.545e-05 1.665e-05 1.52e-05 1.695e-05 9.85e-06 9.65e-06 8.4e-06 1.9e-05 1.87e-05 1.055e-05 1.615e-05 1.405e-05 7.7e-06 6.4e-06 7e-06 1.53e-05 1.185e-05 1.385e-05 1.235e-05 1.5e-05 1.515e-05 8.6e-06 1.39e-05 1.605e-05 1.895e-05 1.11e-05 1.49e-05 1.13e-05 1.65e-05 1.84e-05 1.62e-05 9.85e-06 1.225e-05 9.75e-06 1.44e-05 1.755e-05 1.66e-05 1.55e-05 1.445e-05 9.15e-06 1.755e-05 1.2e-05 1.405e-05 1.09e-05 7.4e-06 1.93e-05 1.35e-05 1.44e-05 1.435e-05 1.05e-05 1.425e-05 9.6e-06 1.725e-05 1.895e-05 1.08e-05 1.11e-05 1.87e-05 6.1e-06 1.38e-05 1.835e-05 1.575e-05 7e-06 1.425e-05 1.305e-05 1.28e-05 1.575e-05 1.685e-05 1.245e-05 1.215e-05 1.46e-05 1.375e-05 7.15e-06 1.275e-05 1.665e-05 6.15e-06 9.1e-06 1.225e-05 1.665e-05 1.65e-05 1.115e-05 1.59e-05 1.755e-05 1.195e-05 1.17e-05 8.05e-06 1.895e-05 1.85e-05 1.41e-05 1.67e-05 1.42e-05 1.925e-05 1e-05 1.66e-05 1.825e-05 8.65e-06
19 1.7e-05 1.09e-05 1.865e-05 9.7e-06 1.68e-05 1.755e-05 1.92e-05 1.46e-05 1.79e-05 1.22e-05 8.2e-06 1.12e-05 2.145e-05 2.185e-05 1.1e-05 1.68e-05 1.65e-05 9.55e-06 7e-06 9.3e-06 1.87e-05 1.28e-05 1.435e-05 1.175e-05 1.635e-05 1.45e-05 4.9e-06 1.41e-05 1.86e-05 2.15e-05 1.265e-05 1.775e-05 1.375e-05 1.67e-05 2.095e-05 1.875e-05 8.7e-06 1.385e-05 8.75e-06 1.545e-05 1.785e-05 1.915e-05 1.655e-05 1.515e-05 8e-06 2.055e-05 1.36e-05 1.525e-05 1.37e-05 9.25e-06 2.225e-05 1.555e-05 1.77e-05 1.595e-05 1.175e-05 1.665e-05 8.55e-06 1.82e-05 2.1e-05 1.15e-05 1.285e-05 2.09e-05 7.1e-06 1.675e-05 2.045e-05 1.705e-05 4.7e-06 1.67e-05 1.2e-05 1.165e-05 1.705e-05 1.78e-05 1.525e-05 1.45e-05 1.555e-05 1.58e-05 9e-06 1.305e-05 1.955e-05 7e-06 8.1e-06 1.595e-05 1.88e-05 1.745e-05 1.06e-05 1.84e-05 1.89e-05 1.56e-05 1.065e-05 1.115e-05 2.15e-05 2.105e-05 1.675e-05 1.88e-05 1.645e-05 2.13e-05 9.8e-06 1.915e-05 2.005e-05 4.95e-06
20 1.165e-05 1.46e-05 1.395e-05 1.5e-05 1.78e-05 1.35e-05 1.365e-05 1.73e-05 1.37e-05 1.525e-05 2.06e-05 1.245e-05 1.555e-05 1.26e-05 1.605e-05 1.64e-05 1.04e-05 1.495e-05 1.53e-05 1.87e-05 1.67e-05 1.63e-05 1.34e-05 1.685e-05 1.13e-05 1.725e-05 1.975e-05 1.32e-05 1.39e-05 1.44e-05 1.265e-05 1.235e-05 1.14e-05 1.43e-05 1.365e-05 1.405e-05 1.62e-05 1.43e-05 1.61e-05 1.735e-05 1.595e-05 1.36e-05 1.755e-05 1.66e-05 1.79e-05 1.165e-05 1.585e-05 1.76e-05 1.375e-05 1.465e-05 1.17e-05 1.32e-05 9.8e-06 1.185e-05 1.57e-05 1.13e-05 1.595e-05 1.42e-05 1.31e-05 1.86e-05 1.245e-05 1.175e-05 1.825e-05 1.205e-05 1.4e-05 1.31e-05 1.87e-05 1.13e-05 1.62e-05 1.59e-05 1.39e-05 1.36e-05 1.235e-05 1.575e-05 1.395e-05 1.345e-05 1.44e-05 1.285e-05 1.27e-05 1.815e-05 1.785e-05 1.125e-05 1.315e-05 1.435e-05 1.71e-05 1.09e-05 1.405e-05 1.115e-05 1.64e-05 1.42e-05 1.335e-05 1.375e-05 1.135e-05 1.315e-05 1.285e-05 1.33e-05 1.51e-05 1.36e-05 1.455e-05 1.98e-05
21 1.695e-05 1.505e-05 1.04e-05 1.535e-05 1.59e-05 1.4e-05 1.43e-05 1.605e-05 1.425e-05 1.16e-05 1.275e-05 1.265e-05 1.44e-05 1.735e-05 1.01e-05 1.74e-05 1.7e-05 1.39e-05 1.185e-05 1.28e-05 1.63e-05 1.84e-05 1.36e-05 1.32e-05 1.455e-05 1.6e-05 1.59e-05 1.425e-05 1.04e-05 1.33e-05 1.43e-05 1.775e-05 1.465e-05 1.49e-05 1.46e-05 1.05e-05 1.51e-05 1.695e-05 1.5e-05 1.56e-05 1.885e-05 1.425e-05 1.58e-05 1.665e-05 1.54e-05 1.44e-05 1.68e-05 1.225e-05 1.51e-05 1.36e-05 1.785e-05 1.225e-05 1.755e-05 1.685e-05 1.015e-05 1.72e-05 1.485e-05 1.275e-05 1.78e-05 1.445e-05 1.345e-05 2.025e-05 1.425e-05 1.275e-05 1.7e-05 1.72e-05 1.28e-05 1.73e-05 1.8e-05 1.76e-05 1.755e-05 1.42e-05 1.57e-05 1.44e-05 1.005e-05 1.25e-05 1.335e-05 9.6e-06 1.565e-05 1.415e-05 1.535e-05 1.56e-05 1.51e-05 1.245e-05 1.255e-05 1.87e-05 1.92e-05 1.535e-05 1.68e-05 1.425e-05 1.85e-05 1.47e-05 1.655e-05 1.51e-05 1.545e-05 1.76e-05 1.545e-05 1.425e-05 1.56e-05 1.595e-05
22 1.17e-05 1.02e-05 1.545e-05 1.45e-05 1.73e-05 1.14e-05 1.505e-05 1.67e-05 1.17e-05 1.445e-05 1.735e-05 1.345e-05 1.605e-05 1.47e-05 1.31e-05 1.595e-05 1.17e-05 1.23e-05 1.385e-05 1.435e-05 1.34e-05 1.36e-05 1.45e-05 1.61e-05 1.03e-05 1.665e-05 1.675e-05 1.11e-05 1.54e-05 1.605e-05 1.045e-05 1.25e-05 1.155e-05 1.135e-05 1.565e-05 1.555e-05 1.36e-05 1.275e-05 1.35e-05 1.64e-05 1.48e-05 1.5e-05 1.705e-05 1.57e-05 1.555e-05 1.51e-05 1.445e-05 1.795e-05 1.29e-05 1.2e-05 1.47e-05 1.285e-05 1.29e-05 1.105e-05 1.37e-05 1.18e-05 1.335e-05 1.195e-05 1.405e-05 1.735e-05 9.75e-06 1.42e-05 1.53e-05 1.405e-05 1.205e-05 1.285e-05 1.435e-05 1.185e-05 1.43e-05 1.39e-05 1.295e-05 1.16e-05 1.105e-05 1.51e-05 1.155e-05 1.31e-05 1.175e-05 8.35e-06 1.46e-05 1.52e-05 1.55e-05 1.25e-05 1.35e-05 1.17e-05 1.245e-05 1.01e-05 1.135e-05 1.215e-05 1.205e-05 1.265e-05 1.525e-05 1.575e-05 1.19e-05 1.35e-05 1.19e-05 1.37e-05 1.46e-05 1.5e-05 1.545e-05 1.68e-05
23 1.79e-05 1.44e-05 1.045e-05 1.21e-05 1.64e-05 1.385e-05 1.405e-05 1.425e-05 1.74e-05 1.12e-05 1.285e-05 1.24e-05 1.62e-05 1.865e-05 1.165e-05 1.695e-05 1.66e-05 1.27e-05 1.235e-05 1.175e-05 1.685e-05 1.32e-05 1.61e-05 2.05e-05 1.775e-05 1.43e-05 1.055e-05 1.6e-05 1.04e-05 1.435e-05 1.275e-05 1.865e-05 1.335e-05 1.82e-05 1.5e-05 1.055e-05 1.16e-05 1.65e-05 1.16e-05 1.5e-05 1.815e-05 1.4e-05 1.615e-05 1.615e-05 1.275e-05 1.56e-05 1.685e-05 1.16e-05 1.585e-05 1.24e-05 1.925e-05 1.15e-05 1.735e-05 1.615e-05 1.155e-05 1.68e-05 1.14e-05 1.65e-05 1.865e-05 1.385e-05 1.315e-05 2.11e-05 1.285e-05 1.21e-05 1.78e-05 1.685e-05 1.175e-05 1.685e-05 1.54e-05 1.505e-05 1.725e-05 1.73e-05 1.58e-05 1.47e-05 1.28e-05 1.175e-05 1.215e-05 1.51e-05 1.61e-05 1.275e-05 1.28e-05 1.575e-05 1.525e-05 1.57e-05 1.46e-05 1.885e-05 1.945e-05 1.545e-05 1.375e-05 1.45e-05 1.86e-05 1.51e-05 1.67e-05 1.525e-05 1.565e-05 1.88e-05 1.22e-05 1.4e-05 1.61e-05 1.06e-05
24 1.11e-05 1.345e-05 1.685e-05 1.51e-05 1.79e-05 1.46e-05 1.52e-05 1.74e-05 1.045e-05 1.59e-05 1.875e-05 1.44e-05 1.55e-05 1.38e-05 1.53e-05 1.525e-05 1.02e-05 1.385e-05 1.5e-05 1.635e-05 1.13e-05 1.455e-05 1.03e-05 1.775e-05 1.59e-05 1.735e-05 1.865e-05 1.09e-05 1.68e-05 1.65e-05 1.205e-05 1.18e-05 1.185e-05 1.12e-05 1.46e-05 1.695e-05 1.535e-05 1.265e-05 1.525e-05 1.81e-05 1.535e-05 1.515e-05 1.765e-05 1.54e-05 1.625e-05 1.505e-05 1.48e-05 1.905e-05 1.33e-05 1.355e-05 1.2e-05 1.435e-05 9.95e-06 1.085e-05 1.555e-05 1.075e-05 1.51e-05 1.21e-05 1.31e-05 1.75e-05 1.06e-05 1.15e-05 1.69e-05 1.425e-05 1.43e-05 1.305e-05 1.635e-05 1.075e-05 1.445e-05 1.415e-05 1.335e-05 1.035e-05 1.25e-05 1.59e-05 1.265e-05 1.46e-05 1.33e-05 8e-06 1.4e-05 1.68e-05 1.62e-05 1.265e-05 1.34e-05 1.28e-05 1.38e-05 1.02e-05 1.345e-05 1.245e-05 1.55e-05 1.405e-05 1.295e-05 1.47e-05 1.095e-05 1.34e-05 1.14e-05 1.275e-05 1.52e-05 1.515e-05 1.575e-05 1.87e-05
25 1.62e-05 1.5e-05 1.535e-05 1.55e-05 1.53e-05 1.55e-05 1.575e-05 1.325e-05 1.7e-05 1.505e-05 1.565e-05 1.595e-05 1.54e-05 1.545e-05 1.55e-05 1.64e-05 1.685e-05 1.61e-05 1.515e-05 1.45e-05 1.725e-05 1.6e-05 1.665e-05 1.43e-05 1.735e-05 2.61e-05 1.33e-05 1.69e-05 1.53e-05 1.43e-05 1.675e-05 1.695e-05 1.735e-05 1.74e-05 1.57e-05 1.545e-05 1.495e-05 1.605e-05 1.5e-05 1.495e-05 1.8e-05 1.57e-05 1.505e-05 1.58e-05 1.465e-05 1.515e-05 1.61e-05 1.545e-05 1.595e-05 1.58e-05 1.5e-05 1.595e-05 1.76e-05 1.655e-05 1.54e-05 1.705e-05 1.48e-05 1.525e-05 1.475e-05 1.58e-05 1.65e-05 1.72e-05 1.565e-05 1.665e-05 1.455e-05 1.685e-05 1.45e-05 1.71e-05 1.5e-05 1.465e-05 1.71e-05 1.69e-05 1.64e-05 1.395e-05 1.66e-05 1.62e-05 1.555e-05 1.78e-05 1.55e-05 1.555e-05 1.475e-05 1.73e-05 1.595e-05 1.56e-05 1.735e-05 1.63e-05 1.65e-05 1.7e-05 1.445e-05 1.545e-05 1.61e-05 1.58e-05 1.695e-05 1.595e-05 1.625e-05 1.455e-05 1.56e-05 1.57e-05 1.64e-05 1.335e-05
26 1.81e-05 1.125e-05 2.05e-05 7.65e-06 1.715e-05 1.87e-05 2.025e-05 1.34e-05 2.02e-05 1.325e-05 9.45e-06 1.225e-05 2.29e-05 2.345e-05 1.415e-05 1.655e-05 1.65e-05 9.55e-06 8.6e-06 4.9e-06 1.975e-05 1.59e-05 1.675e-05 1.055e-05 1.865e-05 1.33e-05 8e-07 1.565e-05 2.045e-05 2.335e-05 1.24e-05 1.88e-05 1.375e-05 1.91e-05 2.2e-05 2.06e-05 6.45e-06 1.36e-05 6.35e-06 1.58e-05 1.75e-05 2.02e-05 1.69e-05 1.5e-05 5.75e-06 2.24e-05 1.395e-05 1.61e-05 1.46e-05 9.25e-06 2.33e-05 1.635e-05 1.79e-05 1.575e-05 1.46e-05 1.665e-05 6.3e-06 2.13e-05 2.18e-05 1.13e-05 1.275e-05 2.125e-05 6.65e-06 1.78e-05 2.16e-05 1.72e-05 4.9e-06 1.665e-05 9.75e-06 9.45e-06 1.715e-05 2.01e-05 1.615e-05 1.555e-05 1.865e-05 1.66e-05 9e-06 1.72e-05 2.055e-05 6.55e-06 5.85e-06 1.71e-05 1.96e-05 2.055e-05 1.22e-05 1.875e-05 1.935e-05 1.67e-05 8.75e-06 1.23e-05 2.175e-05 2.21e-05 1.73e-05 1.96e-05 1.66e-05 2.215e-05 7.75e-06 2.02e-05 2.12e-05 5e-07
27 1.31e-05 1.34e-05 1.635e-05 1.36e-05 1.79e-05 1.485e-05 1.56e-05 1.695e-05 1.29e-05 1.51e-05 1.65e-05 1.36e-05 1.67e-05 1.585e-05 1.43e-05 1.71e-05 1.235e-05 1.33e-05 1.39e-05 1.41e-05 1.32e-05 1.425e-05 1.11e-05 1.6e-05 1.09e-05 1.69e-05 1.565e-05 1.73e-05 1.63e-05 1.73e-05 1.205e-05 1.395e-05 1.18e-05 1.145e-05 1.65e-05 1.645e-05 1.385e-05 1.445e-05 1.375e-05 1.715e-05 1.45e-05 1.555e-05 1.765e-05 1.645e-05 1.56e-05 1.585e-05 1.405e-05 1.79e-05 1.32e-05 1.3e-05 1.54e-05 1.41e-05 1.245e-05 1.295e-05 1.455e-05 1.27e-05 1.36e-05 1.345e-05 1.59e-05 1.745e-05 1.115e-05 1.345e-05 1.53e-05 1.395e-05 1.585e-05 1.285e-05 1.41e-05 1.285e-05 1.505e-05 1.46e-05 1.315e-05 1.28e-05 1.165e-05 1.595e-05 1.27e-05 1.435e-05 1.275e-05 9e-06 1.505e-05 1.52e-05 1.555e-05 1.165e-05 1.525e-05 1.335e-05 1.305e-05 1.305e-05 1.375e-05 1.15e-05 1.45e-05 1.255e-05 1.575e-05 1.66e-05 1.29e-05 1.525e-05 1.26e-05 1.575e-05 1.37e-05 1.555e-05 1.53e-05 1.57e-05
28 1.765e-05 1.75e-05 2.5e-07 1.655e-05 1.56e-05 8.9e-06 7.75e-06 1.535e-05 1.45e-05 9.05e-06 1.62e-05 1.25e-05 9.45e-06 1.38e-05 9.1e-06 1.73e-05 1.665e-05 1.58e-05 1.605e-05 1.86e-05 1.39e-05 1.04e-05 1.54e-05 1.04e-05 1.68e-05 1.53e-05 2.045e-05 1.63e-05 3e-07 5.25e-06 1.305e-05 1.845e-05 1.29e-05 1.725e-05 7.9e-06 3.5e-07 1.675e-05 1.935e-05 1.665e-05 1.415e-05 1.875e-05 7.7e-06 1.535e-05 1.725e-05 1.975e-05 8.75e-06 1.97e-05 7e-06 1.705e-05 1.55e-05 1.515e-05 6.55e-06 1.675e-05 1.65e-05 8.4e-06 1.69e-05 1.65e-05 1.165e-05 1.545e-05 1.635e-05 1.35e-05 2.09e-05 1.9e-05 6.55e-06 1.395e-05 1.645e-05 1.86e-05 1.7e-05 2.105e-05 2.065e-05 1.73e-05 1.445e-05 1.54e-05 1.38e-05 6.85e-06 6.8e-06 1.525e-05 1.295e-05 1.16e-05 1.89e-05 1.97e-05 1.435e-05 1.08e-05 1.08e-05 1.695e-05 1.89e-05 1.95e-05 1.415e-05 1.9e-05 1.665e-05 1.54e-05 8e-06 1.605e-05 1.075e-05 1.465e-05 1.54e-05 1.665e-05 7.7e-06 1.09e-05 2.05e-05
29 1.605e-05 1.82e-05 5.25e-06 2.005e-05 1.46e-05 1.065e-05 9.55e-06 1.43e-05 1.42e-05 1.3e-05 1.91e-05 1.615e-05 8.75e-06 1.07e-05 1.305e-05 1.685e-05 1.7e-05 1.93e-05 1.895e-05 2.15e-05 1.44e-05 1.33e-05 1.605e-05 1.435e-05 1.65e-05 1.43e-05 2.335e-05 1.73e-05 5.25e-06 1.03e-05 1.715e-05 1.685e-05 1.7e-05 1.655e-05 8.7e-06 5.35e-06 2.025e-05 1.9e-05 2.015e-05 1.42e-05 1.87e-05 9.5e-06 1.435e-05 1.7e-05 2.18e-05 8.5e-06 1.905e-05 1.095e-05 1.725e-05 1.9e-05 1.1e-05 1.11e-05 1.71e-05 1.7e-05 1.235e-05 1.725e-05 2e-05 1.06e-05 1.165e-05 1.84e-05 1.695e-05 1.71e-05 2.19e-05 1.11e-05 1.08e-05 1.655e-05 2.15e-05 1.735e-05 2.08e-05 2.04e-05 1.725e-05 1.415e-05 1.61e-05 1.315e-05 1.075e-05 1.135e-05 1.875e-05 1.575e-05 1.12e-05 2.18e-05 2.175e-05 1.6e-05 1.16e-05 1.08e-05 1.98e-05 1.645e-05 1.665e-05 1.58e-05 1.97e-05 1.77e-05 1.3e-05 8.8e-06 1.64e-05 1.16e-05 1.535e-05 1.125e-05 2.015e-05 9.5e-06 1.13e-05 2.34e-05
30 1.27e-05 9.45e-06 1.31e-05 7.9e-06 1.755e-05 1.19e-05 1.365e-05 1.68e-05 1.36e-05 1.085e-05 1.665e-05 9.85e-06 1.7e-05 1.725e-05 1.235e-05 1.485e-05 7.3e-06 5.05e-06 1.11e-05 1.265e-05 1.265e-05 1.43e-05 1.045e-05 1.275e-05 1.205e-05 1.675e-05 1.24e-05 1.205e-05 1.305e-05 1.715e-05 1e-06 1.3e-05 2.15e-06 1.5e-05 1.49e-05 1.32e-05 6.55e-06 9.6e-06 6.45e-06 1.59e-05 1.385e-05 1.36e-05 1.73e-05 1.48e-05 1.11e-05 1.62e-05 1.435e-05 1.56e-05 1.21e-05 4.7e-06 1.74e-05 6.95e-06 8.9e-06 7.55e-06 1.27e-05 7.65e-06 6.45e-06 1.56e-05 1.61e-05 1.39e-05 3.15e-06 1.695e-05 1.085e-05 8.4e-06 1.6e-05 1.19e-05 1.265e-05 7.25e-06 1.19e-05 1.2e-05 1.045e-05 1.35e-05 9.45e-06 1.465e-05 1.175e-05 7.1e-06 4.45e-06 1.08e-05 1.245e-05 1.075e-05 1.105e-05 9.5e-06 1.21e-05 1.455e-05 1.19e-05 1.225e-05 1.535e-05 9.2e-06 1.155e-05 1.17e-05 1.545e-05 1.5e-05 8.05e-06 1.21e-05 9.9e-06 1.625e-05 8e-06 1.36e-05 1.66e-05 1.245e-05
31 8.05e-06 1.24e-05 1.85e-05 1.595e-05 1.73e-05 1.435e-05 1.56e-05 1.7e-05 1.375e-05 1.675e-05 2.04e-05 1.53e-05 1.66e-05 1.24e-05 1.74e-05 1.56e-05 1.085e-05 1.435e-05 1.49e-05 1.775e-05 1.235e-05 1.775e-05 1.25e-05 1.865e-05 1.18e-05 1.695e-05 1.88e-05 1.395e-05 1.845e-05 1.685e-05 1.3e-05 1.52e-05 1.32e-05 1.43e-05 1.545e-05 1.86e-05 1.59e-05 1.185e-05 1.58e-05 1.73e-05 1.575e-05 1.555e-05 1.705e-05 1.54e-05 1.71e-05 1.545e-05 1.455e-05 2.025e-05 1.305e-05 1.405e-05 1.185e-05 1.565e-05 1.12e-05 1.065e-05 1.74e-05 1.115e-05 1.565e-05 1.49e-05 1.195e-05 1.865e-05 1.28e-05 1.14e-05 1.68e-05 1.595e-05 1.275e-05 1.375e-05 1.775e-05 1.04e-05 1.365e-05 1.385e-05 1.355e-05 1.365e-05 1.1e-05 1.5e-05 1.675e-05 1.59e-05 1.38e-05 1.465e-05 1.43e-05 1.67e-05 1.705e-05 1.25e-05 1.335e-05 1.55e-05 1.695e-05 9.45e-06 1.21e-05 1.22e-05 1.45e-05 1.305e-05 1.255e-05 1.555e-05 1.07e-05 1.305e-05 1.27e-05 1.19e-05 1.605e-05 1.555e-05 1.63e-05 1.885e-05
32 1.28e-05 1.08e-05 1.295e-05 8.1e-06 1.81e-05 1.25e-05 1.34e-05 1.74e-05 1.39e-05 1.145e-05 1.7e-05 9.95e-06 1.685e-05 1.67e-05 1.315e-05 1.545e-05 7.2e-06 6.3e-06 1.13e-05 1.375e-05 1.14e-05 1.465e-05 1.155e-05 1.335e-05 1.185e-05 1.735e-05 1.375e-05 1.18e-05 1.29e-05 1.7e-05 2.15e-06 1.32e-05 3.5e-06 1.515e-05 1.47e-05 1.305e-05 8.1e-06 1.095e-05 8e-06 1.645e-05 1.415e-05 1.335e-05 1.785e-05 1.53e-05 1.245e-05 1.555e-05 1.475e-05 1.545e-05 1.23e-05 6.25e-06 1.67e-05 7.6e-06 7.8e-06 8.8e-06 1.315e-05 7.75e-06 7.85e-06 1.595e-05 1.675e-05 1.45e-05 4.4e-06 1.6e-05 1.215e-05 7.35e-06 1.66e-05 1.22e-05 1.375e-05 7.45e-06 1.325e-05 1.325e-05 1.075e-05 1.38e-05 9.7e-06 1.525e-05 1.21e-05 7.6e-06 6e-06 1.09e-05 1.19e-05 1.205e-05 1.24e-05 8.05e-06 1.27e-05 1.49e-05 1.295e-05 1.23e-05 1.575e-05 8.25e-06 1.29e-05 1.19e-05 1.515e-05 1.48e-05 8.45e-06 1.27e-05 1.04e-05 1.675e-05 8.2e-06 1.335e-05 1.625e-05 1.38e-05
33 1.35e-05 1.53e-05 1.73e-05 1.705e-05 1.735e-05 1.55e-05 1.76e-05 1.745e-05 1.32e-05 1.73e-05 1.82e-05 1.6e-05 1.6e-05 1.535e-05 1.565e-05 1.715e-05 1.425e-05 1.65e-05 1.65e-05 1.67e-05 1.43e-05 1.49e-05 1.135e-05 1.82e-05 1.12e-05 1.74e-05 1.91e-05 1.145e-05 1.725e-05 1.655e-05 1.5e-05 1.43e-05 1.515e-05 1.74e-05 1.72e-05 1.74e-05 1.705e-05 1.575e-05 1.695e-05 1.76e-05 1.225e-05 1.755e-05 1.71e-05 1.725e-05 1.775e-05 1.53e-05 1.31e-05 1.92e-05 1.47e-05 1.62e-05 1.455e-05 1.605e-05 1.455e-05 1.44e-05 1.59e-05 1.44e-05 1.68e-05 1.23e-05 1.515e-05 1.87e-05 1.35e-05 1.12e-05 1.77e-05 1.63e-05 1.48e-05 1.17e-05 1.67e-05 1.45e-05 1.67e-05 1.63e-05 1.195e-05 1.31e-05 1.42e-05 1.69e-05 1.325e-05 1.63e-05 1.595e-05 8.85e-06 1.555e-05 1.76e-05 1.77e-05 1.46e-05 1.565e-05 1.305e-05 1.38e-05 1.36e-05 1.125e-05 1.43e-05 1.64e-05 1.535e-05 1.75e-05 1.73e-05 1.41e-05 1.565e-05 1.5e-05 1.45e-05 1.715e-05 1.755e-05 1.31e-05 1.915e-05
34 1.48e-05 1.685e-05 7.9e-06 1.825e-05 1.62e-05 1.16e-05 9.1e-06 1.575e-05 1.195e-05 1.335e-05 1.92e-05 1.65e-05 1.015e-05 1.19e-05 1.45e-05 1.52e-05 1.38e-05 1.72e-05 1.84e-05 2.095e-05 1.365e-05 1.46e-05 1.565e-05 1.5e-05 1.46e-05 1.57e-05 2.2e-05 1.65e-05 7.9e-06 8.7e-06 1.49e-05 1.545e-05 1.47e-05 1.72e-05 1.56e-05 8e-06 1.845e-05 1.655e-05 1.835e-05 1.575e-05 1.88e-05 9.05e-06 1.595e-05 1.545e-05 2.015e-05 1.19e-05 1.875e-05 1.225e-05 1.685e-05 1.69e-05 1.12e-05 1.13e-05 1.41e-05 1.445e-05 1.38e-05 1.46e-05 1.82e-05 1.265e-05 1.165e-05 1.74e-05 1.47e-05 1.57e-05 2.045e-05 1.125e-05 1.245e-05 1.635e-05 2.095e-05 1.455e-05 1.845e-05 1.82e-05 1.68e-05 1.19e-05 1.545e-05 1.42e-05 1.205e-05 1.155e-05 1.665e-05 1.57e-05 1.215e-05 2.035e-05 2.01e-05 1.54e-05 1.125e-05 1.28e-05 1.93e-05 1.42e-05 1.695e-05 1.525e-05 1.865e-05 1.73e-05 9e-06 7.9e-06 1.445e-05 1.125e-05 1.245e-05 1.18e-05 1.835e-05 9.05e-06 1.33e-05 2.205e-05
35 1.78e-05 1.765e-05 2.5e-07 1.67e-05 1.575e-05 9e-06 7.85e-06 1.55e-05 1.46e-05 9.15e-06 1.635e-05 1.265e-05 9.6e-06 1.395e-05 9.25e-06 1.745e-05 1.68e-05 1.595e-05 1.62e-05 1.875e-05 1.405e-05 1.05e-05 1.555e-05 1.055e-05 1.695e-05 1.545e-05 2.06e-05 1.645e-05 3.5e-07 5.35e-06 1.32e-05 1.86e-05 1.305e-05 1.74e-05 8e-06 4e-07 1.69e-05 1.95e-05 1.68e-05 1.43e-05 1.89e-05 7.8e-06 1.55e-05 1.74e-05 1.99e-05 8.9e-06 1.985e-05 7.1e-06 1.72e-05 1.565e-05 1.53e-05 6.65e-06 1.69e-05 1.665e-05 8.5e-06 1.705e-05 1.665e-05 1.18e-05 1.56e-05 1.65e-05 1.365e-05 2.105e-05 1.915e-05 6.7e-06 1.41e-05 1.66e-05 1.875e-05 1.715e-05 2.12e-05 2.08e-05 1.745e-05 1.46e-05 1.555e-05 1.395e-05 6.8e-06 6.9e-06 1.54e-05 1.31e-05 1.175e-05 1.905e-05 1.985e-05 1.45e-05 1.09e-05 1.095e-05 1.71e-05 1.905e-05 1.965e-05 1.43e-05 1.915e-05 1.68e-05 1.555e-05 8.1e-06 1.62e-05 1.09e-05 1.48e-05 1.555e-05 1.68e-05 7.8e-06 1.1e-05 2.065e-05
36 1.54e-05 1.035e-05 1.68e-05 7.75e-06 1.735e-05 1.53e-05 1.695e-05 1.505e-05 1.69e-05 1.205e-05 1.305e-05 1.105e-05 1.995e-05 2.035e-05 1.325e-05 1.57e-05 1.195e-05 7.35e-06 9.85e-06 8.7e-06 1.62e-05 1.51e-05 1.36e-05 1.16e-05 1.535e-05 1.495e-05 6.45e-06 1.385e-05 1.675e-05 2.025e-05 6.55e-06 1.59e-05 8.1e-06 1.705e-05 1.845e-05 1.69e-05 1.24e-05 1.16e-05 6.4e-06 1.585e-05 1.57e-05 1.69e-05 1.71e-05 1.49e-05 8.35e-06 1.93e-05 1.415e-05 1.585e-05 1.335e-05 6.9e-06 2.035e-05 1.165e-05 1.34e-05 1.165e-05 1.365e-05 1.215e-05 6.35e-06 1.845e-05 1.895e-05 1.26e-05 8e-06 1.91e-05 8.75e-06 1.315e-05 1.88e-05 1.455e-05 8.7e-06 1.195e-05 1.075e-05 1.05e-05 1.385e-05 1.68e-05 1.28e-05 1.51e-05 1.52e-05 1.19e-05 6.65e-06 1.4e-05 1.65e-05 8.65e-06 8.45e-06 1.335e-05 1.585e-05 1.755e-05 1.205e-05 1.55e-05 1.735e-05 1.295e-05 1.01e-05 1.2e-05 1.86e-05 1.855e-05 1.26e-05 1.585e-05 1.325e-05 1.92e-05 7.85e-06 1.69e-05 1.89e-05 6.5e-06
37 1.165e-05 1.02e-05 1.94e-05 1.27e-05 1.685e-05 1.525e-05 1.64e-05 1.61e-05 1.42e-05 1.455e-05 1.785e-05 1.355e-05 1.795e-05 1.595e-05 1.61e-05 1.285e-05 1.02e-05 1e-05 1.225e-05 1.385e-05 1.43e-05 1.695e-05 1.275e-05 1.65e-05 1.265e-05 1.605e-05 1.36e-05 1.445e-05 1.935e-05 1.9e-05 9.6e-06 1.185e-05 1.095e-05 1.575e-05 1.655e-05 1.95e-05 1.16e-05 1.4e-05 1.15e-05 1.665e-05 1.625e-05 1.635e-05 1.66e-05 1.405e-05 1.025e-05 1.805e-05 1.355e-05 1.945e-05 1.105e-05 9.7e-06 1.46e-05 1.44e-05 1.16e-05 9.15e-06 1.645e-05 1.04e-05 1.135e-05 1.64e-05 1.355e-05 1.325e-05 9.6e-06 1.41e-05 1.2e-05 1.585e-05 1.49e-05 1.37e-05 1.385e-05 9.85e-06 1.095e-05 1.115e-05 1.35e-05 1.41e-05 1.22e-05 1.405e-05 1.7e-05 1.465e-05 9.45e-06 1.5e-05 1.535e-05 1.19e-05 1.02e-05 1.41e-05 1.37e-05 1.68e-05 1.46e-05 1.095e-05 1.42e-05 1.37e-05 1.235e-05 1.255e-05 1.355e-05 1.665e-05 1.105e-05 1.37e-05 1.155e-05 1.35e-05 1.28e-05 1.635e-05 1.84e-05 1.365e-05
38 1.53e-05 1.025e-05 1.67e-05 7.7e-06 1.725e-05 1.52e-05 1.685e-05 1.505e-05 1.68e-05 1.195e-05 1.295e-05 1.095e-05 1.985e-05 2.025e-05 1.315e-05 1.56e-05 1.185e-05 7.25e-06 9.75e-06 8.75e-06 1.61e-05 1.5e-05 1.35e-05 1.16e-05 1.525e-05 1.5e-05 6.35e-06 1.375e-05 1.665e-05 2.015e-05 6.45e-06 1.58e-05 8e-06 1.695e-05 1.835e-05 1.68e-05 6.4e-06 1.15e-05 1.22e-05 1.575e-05 1.56e-05 1.68e-05 1.7e-05 1.48e-05 8.4e-06 1.92e-05 1.405e-05 1.575e-05 1.325e-05 6.8e-06 2.025e-05 1.155e-05 1.33e-05 1.155e-05 1.355e-05 1.205e-05 6.3e-06 1.835e-05 1.885e-05 1.25e-05 7.9e-06 1.9e-05 8.65e-06 1.305e-05 1.87e-05 1.445e-05 8.75e-06 1.185e-05 1.08e-05 1.07e-05 1.375e-05 1.67e-05 1.27e-05 1.5e-05 1.51e-05 1.18e-05 6.55e-06 1.39e-05 1.64e-05 8.55e-06 8.35e-06 1.325e-05 1.575e-05 1.745e-05 1.195e-05 1.54e-05 1.725e-05 1.285e-05 1.01e-05 1.19e-05 1.85e-05 1.845e-05 1.25e-05 1.575e-05 1.315e-05 1.91e-05 7.8e-06 1.68e-05 1.88e-05 6.4e-06
39 1.65e-05 1.455e-05 1.42e-05 1.63e-05 1.4e-05 1.455e-05 1.485e-05 1.5e-05 1.775e-05 1.44e-05 1.525e-05 1.535e-05 1.46e-05 1.495e-05 1.46e-05 1.715e-05 1.705e-05 1.56e-05 1.44e-05 1.545e-05 1.735e-05 1.56e-05 1.64e-05 1.5e-05 1.81e-05 1.495e-05 1.58e-05 1.715e-05 1.415e-05 1.42e-05 1.59e-05 1.73e-05 1.645e-05 1.76e-05 1.575e-05 1.43e-05 1.585e-05 1.665e-05 1.575e-05 2.4e-05 1.585e-05 1.48e-05 1.375e-05 1.63e-05 1.665e-05 1.52e-05 1.61e-05 1.475e-05 1.59e-05 1.53e-05 1.61e-05 1.495e-05 1.78e-05 1.685e-05 1.445e-05 1.725e-05 1.56e-05 1.595e-05 1.56e-05 1.635e-05 1.645e-05 1.79e-05 1.33e-05 1.56e-05 1.465e-05 1.655e-05 1.545e-05 1.735e-05 1.7e-05 1.66e-05 1.675e-05 1.765e-05 1.525e-05 1.405e-05 1.615e-05 1.52e-05 1.505e-05 1.805e-05 1.565e-05 1.32e-05 1.66e-05 1.61e-05 1.605e-05 1.505e-05 1.57e-05 1.655e-05 1.62e-05 1.585e-05 1.535e-05 1.465e-05 1.64e-05 1.585e-05 1.67e-05 1.605e-05 1.63e-05 1.565e-05 1.64e-05 1.48e-05 1.59e-05 1.585e-05
40 1.495e-05 1.57e-05 1.88e-05 1.59e-05 1.665e-05 1.65e-05 1.855e-05 1.805e-05 1.725e-05 1.82e-05 1.92e-05 1.695e-05 1.755e-05 1.695e-05 1.83e-05 1.77e-05 1.45e-05 1.605e-05 1.755e-05 1.785e-05 1.595e-05 1.885e-05 1.48e-05 1.815e-05 1.535e-05 1.8e-05 1.75e-05 1.45e-05 1.875e-05 1.87e-05 1.385e-05 1.575e-05 1.415e-05 1.225e-05 1.88e-05 1.89e-05 1.57e-05 1.625e-05 1.56e-05 1.585e-05 1.84e-05 1.85e-05 1.64e-05 1.79e-05 1.745e-05 1.75e-05 1.35e-05 1.995e-05 1.585e-05 1.58e-05 1.68e-05 1.625e-05 1.505e-05 1.5e-05 1.83e-05 1.47e-05 1.545e-05 1.69e-05 1.69e-05 1.92e-05 1.41e-05 1.23e-05 1.545e-05 1.665e-05 1.645e-05 1.19e-05 1.785e-05 1.48e-05 1.655e-05 1.615e-05 1.145e-05 1.715e-05 1.46e-05 1.815e-05 1.72e-05 1.645e-05 1.555e-05 1.525e-05 1.66e-05 1.535e-05 1.74e-05 1.485e-05 1.705e-05 1.7e-05 1.49e-05 1.47e-05 1.175e-05 1.46e-05 1.585e-05 1.615e-05 1.855e-05 1.89e-05 1.45e-05 1.705e-05 1.64e-05 1.655e-05 1.6e-05 1.85e-05 1.395e-05 1.755e-05
