 slim_337518927 slim_337518861 slim_337518823 slim_337518854 slim_337518908 slim_337518873 slim_337518949 slim_337519018 slim_337519011 slim_337518519 slim_337518789 slim_337518958 slim_337518912 slim_337519007 slim_337518969 slim_337518961 slim_337518933 slim_337518916 slim_337518815 slim_337519023 slim_337518919 slim_337518947 slim_337518904 slim_337519027 slim_337519009 slim_337518976 slim_337518930 slim_337518922 slim_337518875 slim_337518846 slim_337518670 slim_337518687 slim_337518901 slim_337518985 slim_337519006 slim_337519025 slim_337519000 slim_337518851 slim_337518987 slim_337518621 slim_337518988 slim_337519017 slim_337518941 slim_337518973 slim_337519002 slim_337518900 slim_337519003 slim_337518991 slim_337518897 slim_337518786 slim_337518857 slim_337518955 slim_337519013 slim_337518910 slim_337518940 slim_337519012 slim_337518990 slim_337519026 slim_337518981 slim_337518994 slim_337518944 slim_337518995 slim_337518972 slim_337519008 slim_337518957 slim_337519022 slim_337518747 slim_337518975 slim_337518989 slim_337519028 slim_337518938 slim_337518907 slim_337518971 slim_337519024 slim_337518840 slim_337518819 slim_337518730 slim_337518979 slim_337518996 slim_337518966 slim_337518959 slim_337518948 slim_337519015 slim_337518954 slim_337519020 slim_337518964 slim_337518906 slim_337519014 slim_337518200 slim_337519021 slim_337518784 slim_337518997 slim_337518965 slim_337519010 slim_337518983 slim_337518968 slim_337518999 slim_337518903 slim_337518963 slim_337518843
0 3.05e-05 0.00018795 0.00010565 0.0001424 0.0002016 7.325e-05 0.0001669 6.785e-05 0.000144 0.000188 0.0001578 0.0001383 0.00011385 7.39e-05 0.0001165 0.0002142 9.48e-05 0.00014165 9.83e-05 0.00010505 9.745e-05 0.00011285 0.0001053 0.00016185 9.87e-05 7.89e-05 0.0001514 0.00011815 0.0001543 0.0001051 5.545e-05 9.91e-05 9.71e-05 5.67e-05 0.00016225 0.00011635 0.00018615 0.000188 0.0001875 0.0001618 8.735e-05 0.0001797 0.0001799 0.00018805 0.0001424 7.37e-05 0.00018185 9.905e-05 0.00017815 0.00018295 0.00012015 0.00015365 0.00017995 0.00016235 0.00018785 0.00011445 3.55e-05 6.85e-05 0.0001816 1.585e-05 0.00018835 9.99e-05 0.0001825 7.95e-05 0.00011385 0.0001802 0.00022085 0.000105 0.0001089 0.0001879 7.325e-05 0.00021415 9.77e-05 0.0001207 0.00015845 0.00022735 0.00017705 0.0001128 0.00011625 0.00019025 1.58e-05 0.0001258 7.89e-05 0.00021425 0.00016085 0.0001819 0.000188 0.00018825 0.0001123 0.00020635 0.0001056 3.78e-05 0.000149 0.0001405 0.0001142 0.00012515 0.0001165 9.755e-05 0.0001252 1.595e-05
1 0.00018795 0.0003027 0.000171 0.00016865 0.0001536 0.00017875 0.00015455 0.00018085 0.0001693 0.00015325 0.000162 0.0001704 0.0001603 0.0001785 0.00016955 0.00015245 0.00016995 0.000161 0.0001708 0.00017105 0.00017065 0.00017015 0.0001708 0.00015245 0.0001711 0.0001698 0.00016205 0.0001704 0.0001653 0.0001705 0.0001801 0.0001707 0.0001694 0.0001869 0.00015315 0.0001694 0.0001543 0.00015325 0.0001531 0.00015225 0.00018035 0.0001544 0.0001534 0.0001533 0.0001685 0.0001787 0.00015365 0.0001711 0.0001542 0.0001606 0.0001699 0.00015245 0.00015175 0.0001532 0.00015165 0.00017035 0.00018785 0.00017 0.0001533 0.0001885 0.0001536 0.0001847 0.00016025 0.00017065 0.0001529 0.00015325 0.00015305 0.000171 0.0001769 0.0001535 0.00017815 0.00015245 0.0001706 0.0001702 0.00017355 0.0001531 0.00016245 0.0001701 0.0001698 0.000163 0.000188 0.00017075 0.0001698 0.00015255 0.0001531 0.0001536 0.0001537 0.0001534 0.0001712 0.0001528 0.00017105 0.00018735 0.00016425 0.0001538 0.0001705 0.0001698 0.00016955 0.0001709 0.00017 0.0001883
2 0.00010565 0.000171 0.0002092 0.0001408 0.0001556 0.00015355 0.00022195 0.000106 0.00014485 0.0001702 0.0001488 0.0001394 0.00017555 0.00015305 0.000186 0.0001253 0.0001212 0.00020385 0.0001699 0.0001055 0.00013995 0.00015465 0.000105 0.000216 0.0001703 0.00015055 0.00021435 0.0001901 0.00016375 0.0001052 0.00013695 0.0001708 0.0001219 0.0001453 0.0001717 0.00018585 0.0001693 0.00017035 0.0001701 0.00021595 0.0001253 0.0002347 0.0002047 0.0001704 0.0001408 0.00015325 0.00023595 0.0001707 0.00020385 0.00017385 0.00019095 0.0002073 0.0001625 0.0001718 0.0001709 0.00018555 0.0001244 0.0001378 0.00023575 0.0001057 0.00017055 0.00010995 0.00017345 0.00010645 0.0001678 0.00020505 0.0002044 0.00010545 0.00011155 0.00017015 0.0001532 0.0001254 0.00013965 0.0001204 0.0002112 0.0001395 0.00012585 0.0001546 0.0001857 0.00013955 0.00010495 0.00012555 0.00015055 0.00012535 0.000141 0.00023605 0.0001701 0.0001706 0.00018435 0.00016035 0.0001052 0.00012615 0.00016975 0.00012275 0.0001851 0.00012575 0.000186 0.00013995 0.0001252 0.0001059
3 0.0001424 0.00016865 0.0001408 0.0002742 0.00016785 0.00015475 0.00019945 0.0001426 0.00013955 0.00016895 0.0001564 0.00015395 0.00016825 0.0001545 0.00016855 0.00013805 0.00013995 0.00018265 0.0001711 0.00014085 0.00015475 0.0001536 0.0001406 0.00019975 0.0001714 0.00017105 0.0001869 0.0001708 0.00018155 0.0001403 0.00015905 0.0001711 0.0001386 0.00014155 0.00016975 0.00016845 0.00016875 0.000169 0.00016875 0.0001996 0.00014215 0.0001993 0.0001834 0.00016905 0.00013725 0.0001547 0.0002 0.00017145 0.0001829 0.0001524 0.00017035 0.000185 0.0001542 0.00016995 0.00016855 0.00017015 0.00014235 0.0001546 0.00019955 0.00014295 0.0001693 0.00014675 0.00015205 0.00014135 0.0001858 0.0001833 0.00018235 0.0001408 0.00014715 0.00016925 0.00015415 0.00013805 0.00015475 0.00013955 0.0001955 0.0001521 0.0001397 0.00015355 0.00016865 0.0001538 0.00014245 0.00014065 0.00017105 0.0001381 0.0001535 0.00019985 0.00016935 0.00016925 0.00016965 0.00015295 0.0001411 0.000142 0.00017055 0.00015525 0.00017005 0.00014005 0.0001686 0.00015505 0.00014025 0.0001428
4 0.0002016 0.0001536 0.0001556 0.00016785 0.0001851 0.0002063 0.0002129 0.00017715 0.00015405 0.0001535 0.0001544 0.00015475 0.0001894 0.00021995 0.00022755 9.435e-05 0.00016945 0.0002037 0.00021405 0.00014175 0.0001542 0.00016765 0.0001554 0.0002131 0.00021435 0.0002145 0.0002133 0.0002135 0.0001668 0.00015505 0.00022385 0.00021395 0.0001694 0.00021405 0.00015435 0.0002274 0.00015415 0.00015345 0.00015265 0.0002128 0.00017655 0.00021285 0.0001526 0.0001535 0.00016785 0.00022015 0.00021285 0.00021435 0.000153 0.00015925 0.00021295 0.00019775 0.0001387 0.0001547 0.0001535 0.00022785 0.00021535 0.0002125 0.0002122 0.0002022 0.0001538 0.00016915 0.000159 0.0001562 0.00019805 0.00015245 0.00015255 0.0001417 0.0001619 0.00015375 0.00021955 9.425e-05 0.00015415 0.0001687 0.00023125 9.39e-05 0.0001298 0.0001676 0.0002275 0.00012995 0.0002156 0.0001552 0.0002145 9.44e-05 9.46e-05 0.0002124 0.00015395 0.00015365 0.000228 9.33e-05 0.00015565 0.0002146 0.0001897 0.0001395 0.000228 0.00015465 0.00022755 0.00015445 0.0001549 0.000202
5 7.325e-05 0.00017875 0.00015355 0.00015475 0.0002063 0.0001457 0.00012205 0.00012545 0.00015285 0.0001784 0.0001786 0.00015305 9.91e-05 7.355e-05 0.0001005 0.0002326 0.00012785 9.89e-05 9.88e-05 0.00015295 0.00011175 0.0001124 0.0001533 0.0001243 9.915e-05 9.93e-05 0.0001242 9.9e-05 0.00016525 0.0001533 9.905e-05 9.915e-05 0.00012925 7.42e-05 0.00015265 0.00010045 0.00017615 0.00017845 0.00017845 0.0001246 0.0001256 0.00012195 0.00013705 0.0001785 0.00015475 7.34e-05 0.00012415 9.935e-05 0.0001347 0.00015355 9.905e-05 0.00012425 0.00017855 0.0001524 0.00017865 9.935e-05 7.385e-05 0.0001007 0.0001242 7.36e-05 0.00017875 0.0001573 0.0001526 0.0001275 0.0001245 0.0001371 0.00017765 0.0001529 0.0001662 0.0001785 7.315e-05 0.0002326 0.00011215 0.0001538 0.00012145 0.000232 0.00020515 0.00011235 0.00010085 0.00020505 7.36e-05 0.00015375 9.93e-05 0.00023265 0.00016555 0.0001245 0.00017865 0.0001787 9.71e-05 0.00019075 0.00015345 7.45e-05 0.00014875 0.00017875 9.955e-05 0.0001532 0.0001005 0.0001121 0.0001533 7.35e-05
6 0.0001669 0.00015455 0.00022195 0.00019945 0.0002129 0.00012205 3.3e-05 0.00021955 0.0002075 0.00015355 0.00018425 0.00020105 8.365e-05 0.000108 7.015e-05 0.0002831 0.00017985 5.45e-05 8.505e-05 0.00023595 0.0001585 0.00014375 0.00022175 2.505e-05 8.545e-05 9.305e-05 4.78e-05 7.84e-05 0.00014745 0.0002214 0.0001157 8.51e-05 0.00017975 0.00013815 0.0001266 7.01e-05 0.00015345 0.0001535 0.0001558 2.5e-05 0.00021255 1.7e-05 9.055e-05 0.00015355 0.00019945 0.00010805 1.74e-05 8.55e-05 9.025e-05 0.0001701 7.675e-05 4.595e-05 0.00017565 0.0001267 0.00015445 7.05e-05 0.0001464 0.00010715 1.7e-05 0.0001675 0.000154 0.0002352 0.0001693 0.0001948 6.205e-05 9.045e-05 0.00013185 0.0002359 0.00022795 0.00015375 0.00010745 0.000283 0.0001586 0.00020685 7.025e-05 0.00026845 0.00026675 0.0001437 7.035e-05 0.0002533 0.00015305 0.0002147 9.305e-05 0.00028315 0.00020005 1.755e-05 0.00015395 0.00015385 7.015e-05 0.00021925 0.000222 0.00014515 0.0001372 0.00019045 7.075e-05 0.00021455 7.015e-05 0.00015875 0.00021475 0.00016735
7 6.785e-05 0.00018085 0.000106 0.0001426 0.00017715 0.00012545 0.00021955 0.0001055 0.0001446 0.00018105 0.00015085 0.00013815 0.00017325 0.0001405 0.0001756 0.00014835 0.0001225 0.00020105 0.00015725 9.095e-05 0.000139 0.0001549 0.0001057 0.00021365 0.00015765 0.00013805 0.0002032 0.00017765 0.00017435 0.000106 0.00011485 0.00015785 0.00012445 0.00012355 0.0001823 0.00017545 0.00018005 0.00018115 0.00018055 0.0002136 7.3e-05 0.0002323 0.0002141 0.0001812 0.0001426 0.0001404 0.00023355 0.0001576 0.00021335 0.0001832 0.0001793 0.00020545 0.00017285 0.0001824 0.00018075 0.0001739 0.0001023 0.0001272 0.0002334 6.79e-05 0.0001814 0.00010025 0.00018295 0.0001069 0.00016525 0.0002146 0.00021375 9.09e-05 0.0001017 0.0001808 0.00014045 0.0001484 0.00013935 0.0001215 0.0002084 0.0001616 0.0001102 0.00015485 0.00017515 0.0001234 8.23e-05 0.0001261 0.00013805 0.0001484 0.0001635 0.0002337 0.00018085 0.0001814 0.0001725 0.00018185 0.00010575 0.0001039 0.00014185 0.0001333 0.00017365 0.000125 0.0001756 0.00013935 0.0001254 6.755e-05
8 0.000144 0.0001693 0.00014485 0.00013955 0.00015405 0.00015285 0.0002075 0.0001446 0.0002079 0.00017 0.0001486 0.00013835 0.00013495 0.0001527 0.00018535 0.00012455 0.0001601 0.00016335 0.00017015 0.0001449 0.00013915 0.00015355 0.00014455 0.000215 0.00017035 0.00018915 0.0001739 0.0001497 0.0002026 0.0001442 0.0001755 0.00017 0.0001611 0.00010495 0.00017125 0.0001852 0.000169 0.00017 0.0001693 0.0002148 0.00012445 0.00019435 0.000165 0.00017005 0.00013945 0.0001527 0.0001959 0.00017065 0.00016355 0.00013285 0.00015065 0.00016675 0.0001214 0.0001715 0.0001693 0.0001846 0.0001243 0.00017665 0.0001953 0.00014455 0.0001703 0.000149 0.0001326 0.00014575 0.0002063 0.0001646 0.0001637 0.00014485 0.00015035 0.00017045 0.0001521 0.0001245 0.00013915 0.000159 0.00021 0.0001385 0.0001244 0.0001535 0.00018565 0.0001383 0.000144 0.00012535 0.00018915 0.0001246 0.00014055 0.0001955 0.0001707 0.0001702 0.00018335 0.00011955 0.0001449 0.00012535 0.0001689 0.0001621 0.00018505 0.0001244 0.00018535 0.0001392 0.00012445 0.0001447
9 0.000188 0.00015325 0.0001702 0.00016895 0.0001535 0.0001784 0.00015355 0.00018105 0.00017 0.000303 0.0001607 0.00017075 0.0001602 0.000178 0.00016905 0.00015225 0.0001696 0.0001598 0.00017005 0.00017015 0.00017015 0.00016965 0.0001699 0.00015315 0.00017035 0.00017075 0.00016125 0.0001698 0.0001651 0.0001696 0.00018005 0.00017 0.00016875 0.00018665 0.00015205 0.0001689 0.00015315 0.00015175 0.0001532 0.00015265 0.00018055 0.00015345 0.0001521 0.00015175 0.00016895 0.00017835 0.00015255 0.00017035 0.00015335 0.000161 0.0001691 0.0001521 0.00015285 0.0001526 0.00015315 0.00017015 0.0001879 0.00016975 0.0001518 0.00018855 0.00015205 0.0001844 0.0001606 0.0001703 0.00015385 0.0001519 0.00015205 0.0001701 0.0001769 0.0001519 0.0001778 0.0001524 0.00016995 0.0001699 0.0001734 0.0001525 0.0001632 0.0001696 0.00016875 0.0001635 0.00018805 0.00016975 0.00017075 0.0001523 0.0001522 0.00015235 0.0001521 0.00015215 0.000171 0.0001527 0.00017075 0.0001871 0.0001641 0.0001531 0.00017005 0.0001705 0.00016905 0.0001704 0.00017075 0.00018835
10 0.0001578 0.000162 0.0001488 0.0001564 0.0001544 0.0001786 0.00018425 0.00015085 0.0001486 0.0001607 0.0002778 0.0001625 0.0001609 0.0001782 0.0001781 0.00013965 0.00015665 0.0001822 0.00017035 0.00014875 0.0001622 0.0001702 0.0001485 0.0001835 0.00017065 0.0001707 0.00016125 0.0001699 0.00017375 0.000148 0.0001579 0.00017025 0.0001562 0.00015635 0.00016115 0.00017795 0.00016215 0.0001609 0.00016195 0.0001831 0.00015035 0.00018395 0.0001747 0.00016095 0.0001564 0.00017855 0.00018335 0.0001706 0.00017585 0.00017 0.00016925 0.0001612 0.00014025 0.0001616 0.0001619 0.0001788 0.0001577 0.0001572 0.00018265 0.00015835 0.000161 0.0001543 0.0001696 0.0001489 0.0001626 0.0001746 0.00017475 0.0001487 0.0001468 0.000161 0.000178 0.0001398 0.00016205 0.00015695 0.00020365 0.0001535 0.0001418 0.00017015 0.0001779 0.0001553 0.00015785 0.0001483 0.0001707 0.0001395 0.0001531 0.00018275 0.0001612 0.0001611 0.00017965 0.0001536 0.00014935 0.00015675 0.0001643 0.0001405 0.0001787 0.00014905 0.0001781 0.0001625 0.00014935 0.0001581
11 0.0001383 0.0001704 0.0001394 0.00015395 0.00015475 0.00015305 0.00020105 0.00013815 0.00013835 0.00017075 0.0001625 0.0002741 0.00015565 0.0001531 0.00018565 0.0001395 0.0001547 0.0001701 0.0001699 0.0001393 0.000139 0.00015375 0.0001392 0.0002019 0.0001702 0.00016995 0.00019355 0.00016995 0.0001838 0.0001392 0.0001698 0.00016935 0.00015575 0.00013795 0.000172 0.0001855 0.0001699 0.0001708 0.00017 0.0002017 0.000138 0.00020085 0.0001709 0.00017085 0.00015395 0.00015315 0.00020215 0.00016955 0.00016995 0.0001532 0.00016985 0.0001871 0.00015595 0.00017225 0.0001703 0.00018485 0.0001383 0.00017085 0.0002017 0.00013855 0.0001711 0.00014315 0.00015335 0.0001404 0.0001871 0.00017095 0.0001699 0.00013925 0.0001442 0.00017085 0.0001529 0.0001395 0.00013935 0.00015365 0.0001971 0.0001391 0.0001384 0.0001537 0.0001855 0.00013755 0.0001382 0.00013875 0.00016995 0.00013955 0.00014125 0.000202 0.000171 0.00017105 0.0001835 0.0001396 0.0001393 0.0001375 0.00016885 0.00015675 0.00018495 0.000138 0.00018565 0.0001395 0.00013885 0.0001377
12 0.00011385 0.0001603 0.00017555 0.00016825 0.0001894 9.91e-05 8.365e-05 0.00017325 0.00013495 0.0001602 0.0001609 0.00015565 7.95e-05 8.505e-05 9.86e-05 0.00023025 0.0001618 5.485e-05 8.55e-05 0.00018955 0.00011365 0.0001273 0.0001753 9.045e-05 8.57e-05 0.0001052 7.095e-05 6.525e-05 0.0001654 0.000175 0.0001146 8.53e-05 0.00016155 5.94e-05 0.0001332 9.845e-05 0.00016055 0.0001602 0.00016035 9.03e-05 0.00015325 7.055e-05 9.9e-05 0.00016025 0.00016825 8.505e-05 7.065e-05 8.595e-05 9.89e-05 0.00014015 6.455e-05 5.49e-05 0.00012505 0.0001334 0.0001602 9.91e-05 8.03e-05 0.0001045 7.01e-05 0.0001144 0.00016055 0.0001892 0.0001399 0.00014825 9.635e-05 9.86e-05 0.0001401 0.0001895 0.000189 0.00016065 8.45e-05 0.0002302 0.0001137 0.00018895 0.0001119 0.0002303 0.000214 0.00012725 9.895e-05 0.0002145 9.99e-05 0.00015555 0.0001052 0.0002303 0.0001617 7.04e-05 0.0001609 0.0001604 9.92e-05 0.0001688 0.0001756 7.96e-05 0.00014445 0.0001662 9.955e-05 0.0001552 9.86e-05 0.0001138 0.00015525 0.00011445
13 7.39e-05 0.0001785 0.00015305 0.0001545 0.00021995 7.355e-05 0.000108 0.0001405 0.0001527 0.000178 0.0001782 0.0001531 8.505e-05 0.0001179 8.63e-05 0.00024615 0.00012775 8.485e-05 8.445e-05 0.0001673 0.0001117 0.00011225 0.0001527 0.0001101 8.475e-05 8.495e-05 0.00011 8.49e-05 0.000165 0.000153 8.47e-05 8.525e-05 0.000129 6.03e-05 0.0001524 8.625e-05 0.0001759 0.00017805 0.00017815 0.0001104 0.0001403 0.0001079 0.00013675 0.0001781 0.0001545 5.925e-05 0.00010995 8.545e-05 0.00013455 0.0001535 8.505e-05 0.00011005 0.0001783 0.00015215 0.0001784 8.53e-05 5.965e-05 8.66e-05 0.00011 7.395e-05 0.00017835 0.0001569 0.0001525 0.0001271 0.0001104 0.0001368 0.0001774 0.00016725 0.00016555 0.0001781 5.92e-05 0.00024615 0.0001113 0.00015365 0.00010745 0.00024565 0.0002194 0.0001122 8.665e-05 0.0002193 5.91e-05 0.00015365 8.495e-05 0.0002462 0.0001792 0.0001103 0.00017825 0.0001783 8.32e-05 0.0002044 0.00015305 6.08e-05 0.0001492 0.0001786 8.55e-05 0.00015325 8.63e-05 0.0001117 0.00015295 7.435e-05
14 0.0001165 0.00016955 0.000186 0.00016855 0.00022755 0.0001005 7.015e-05 0.0001756 0.00018535 0.00016905 0.0001781 0.00018565 9.86e-05 8.63e-05 0.0001367 0.00026885 0.0001427 8.425e-05 8.61e-05 0.0002 0.00014365 0.0001283 0.0001858 6.915e-05 8.645e-05 8.635e-05 7.83e-05 8.59e-05 0.0001543 0.0001855 8.78e-05 8.615e-05 0.0001411 0.0001016 0.0001416 6.84e-05 0.00016965 0.0001691 0.0001703 6.98e-05 0.0001752 7.005e-05 0.0001272 0.00016915 0.00016855 8.65e-05 6.915e-05 8.65e-05 0.0001275 0.0001702 8.485e-05 8.37e-05 0.0001836 0.000141 0.00016945 7.02e-05 0.00010255 8.425e-05 6.95e-05 0.00011705 0.0001694 0.0001915 0.00016945 0.0001583 8.505e-05 0.0001271 0.00016845 0.00019995 0.0001904 0.00016935 8.595e-05 0.00026885 0.00014365 0.00017055 9.24e-05 0.00026835 0.0002445 0.00012825 6.925e-05 0.0002444 0.0001026 0.0001858 8.635e-05 0.0002689 0.0001992 6.98e-05 0.00016945 0.0001693 7.12e-05 0.0002266 0.0001863 0.000102 0.0001453 0.00018375 7.02e-05 0.0001858 6.84e-05 0.00014395 0.000186 0.0001169
15 0.0002142 0.00015245 0.0001253 0.00013805 9.435e-05 0.0002326 0.0002831 0.00014835 0.00012455 0.00015225 0.00013965 0.0001395 0.00023025 0.00024615 0.00026885 4.31e-05 0.00016705 0.0002592 0.00025575 0.0001112 0.0001818 0.0001955 0.0001249 0.0002832 0.00025605 0.00025565 0.00027045 0.00025545 0.0001927 0.0001247 0.0002517 0.0002557 0.0001665 0.00022725 0.00018085 0.0002687 0.00015205 0.00015245 0.0001521 0.0002831 0.0001479 0.00028295 0.0002093 0.0001525 0.0001379 0.0002465 0.0002835 0.00025605 0.0002089 0.00014325 0.00025495 0.000254 0.0001235 0.000181 0.0001525 0.00026965 0.0002281 0.00024045 0.0002831 0.00021475 0.0001525 0.00013995 0.00014305 0.00015355 0.0002548 0.0002092 0.00016695 0.00011115 0.000134 0.00015245 0.00024595 2.185e-05 0.0001816 0.0001392 0.0002768 3.68e-05 5.89e-05 0.00019545 0.00026895 7.335e-05 0.0002282 0.000125 0.00025565 2.175e-05 0.00010695 0.0002834 0.00015275 0.0001527 0.0002694 7.92e-05 0.00012585 0.00022765 0.00018925 0.00012495 0.00026955 0.000125 0.00026885 0.00018205 0.0001252 0.00021455
16 9.48e-05 0.00016995 0.0001212 0.00013995 0.00016945 0.00012785 0.00017985 0.0001225 0.0001601 0.0001696 0.00015665 0.0001547 0.0001618 0.00012775 0.0001427 0.00016705 0.0001842 0.000176 0.0001435 0.00012125 0.0001278 0.00012635 0.000121 0.00017245 0.0001439 0.0001237 0.0001796 0.000163 0.00013445 0.0001206 0.00011115 0.00014395 9.26e-05 0.0001338 0.0001424 0.00014255 0.0001698 0.00016965 0.00016965 0.00017255 0.0001415 0.00019265 0.0001764 0.0001697 0.00013995 0.0001278 0.00019275 0.00014405 0.0001765 0.00017425 0.00016335 0.0001782 0.00017575 0.0001424 0.0001698 0.00014245 0.0001143 0.0001094 0.00019255 9.545e-05 0.00016995 0.00012635 0.00017375 9.375e-05 0.00013915 0.00017655 0.00020325 0.0001212 0.00012665 0.0001697 0.00012715 0.00016705 0.0001279 0.0001198 0.00017845 0.00018075 0.00016835 0.0001263 0.0001427 0.00018185 9.495e-05 0.00014095 0.0001237 0.0001671 0.0001264 0.00019285 0.00016975 0.00016975 0.00014275 0.0001743 0.0001217 0.0001149 0.00017105 0.0001362 0.00014195 0.00014125 0.0001427 0.00012805 0.00014135 9.54e-05
17 0.00014165 0.000161 0.00020385 0.00018265 0.0002037 9.89e-05 5.45e-05 0.00020105 0.00016335 0.0001598 0.0001822 0.0001701 5.485e-05 8.485e-05 8.425e-05 0.0002592 0.000176 8.03e-05 8.455e-05 0.00021785 0.0001276 0.00012705 0.0002036 6.24e-05 8.475e-05 0.00010525 6.34e-05 6.44e-05 0.0001663 0.0002033 0.00012775 8.435e-05 0.0001759 8.675e-05 0.00013285 8.41e-05 0.0001606 0.0001598 0.00016125 6.16e-05 0.000181 4.15e-05 8.42e-05 0.00015985 0.00018265 8.485e-05 4.165e-05 8.5e-05 8.46e-05 0.0001408 6.35e-05 5.49e-05 0.00015445 0.0001337 0.0001609 8.46e-05 0.00010805 0.0001186 4.045e-05 0.0001422 0.00016025 0.00021705 0.00014035 0.00017665 9.675e-05 8.385e-05 0.0001252 0.0002178 0.0002168 0.0001602 8.43e-05 0.00025915 0.00012765 0.00020305 8.405e-05 0.00024465 0.00024245 0.000127 8.395e-05 0.00022895 0.0001277 0.0001837 0.00010525 0.00025925 0.00017625 4.1e-05 0.00016045 0.00016015 8.44e-05 0.0001829 0.0002039 0.000107 0.000144 0.0001948 8.505e-05 0.00018365 8.425e-05 0.00012775 0.0001837 0.00014225
18 9.83e-05 0.0001708 0.0001699 0.0001711 0.00021405 9.88e-05 8.505e-05 0.00015725 0.00017015 0.00017005 0.00017035 0.0001699 8.55e-05 8.445e-05 8.61e-05 0.00025575 0.0001435 8.455e-05 0.0001665 0.0001841 0.0001278 0.0001285 0.00016955 8.56e-05 8.375e-05 8.445e-05 8.53e-05 8.49e-05 0.00015585 0.00017 8.415e-05 8.455e-05 0.0001441 8.515e-05 0.0001431 8.595e-05 0.00017075 0.00017015 0.0001712 8.51e-05 0.0001575 8.54e-05 0.0001275 0.0001702 0.0001711 8.45e-05 8.525e-05 8.43e-05 0.0001285 0.0001711 8.53e-05 8.54e-05 0.00017125 0.00014365 0.0001707 8.575e-05 8.435e-05 8.63e-05 8.465e-05 9.815e-05 0.0001705 0.0001736 0.00017055 0.0001426 8.58e-05 0.00012805 0.0001694 0.00018405 0.0001733 0.00016975 8.465e-05 0.0002558 0.00012755 0.00017065 0.00010735 0.000255 0.00022895 0.00012845 8.52e-05 0.00022875 8.33e-05 0.0001708 8.445e-05 0.0002558 0.0001865 8.52e-05 0.0001698 0.0001705 8.56e-05 0.0002135 0.00016965 8.51e-05 0.0001439 0.0001706 8.55e-05 0.00017015 8.61e-05 0.0001277 0.00017 9.845e-05
19 0.00010505 0.00017105 0.0001055 0.00014085 0.00014175 0.00015295 0.00023595 9.095e-05 0.0001449 0.00017015 0.00014875 0.0001393 0.00018955 0.0001673 0.0002 0.0001112 0.00012125 0.00021785 0.0001841 0.0001814 0.00013995 0.00015475 0.00010505 0.00023 0.0001845 0.00016475 0.00022835 0.0002041 0.0001638 0.00010515 0.00015115 0.00018465 0.00012195 0.00015925 0.00017175 0.00019985 0.00016915 0.0001704 0.00017015 0.00022995 0.00011055 0.0002487 0.0002048 0.00017045 0.00014085 0.00016745 0.00024995 0.00018455 0.00020395 0.00017385 0.0002049 0.0002213 0.00016255 0.00017185 0.00017095 0.00019955 0.00013905 0.0001517 0.00024975 0.0001054 0.0001704 0.0001102 0.0001735 0.0001067 0.0001817 0.00020515 0.00020445 9.07e-05 0.0001119 0.00017 0.0001672 0.0001115 0.00014 0.00012045 0.00022515 0.0001256 0.00011145 0.0001547 0.0001997 0.00012515 0.00011935 0.00012535 0.00016475 0.00011135 0.00012715 0.00025005 0.0001702 0.00017065 0.00019835 0.0001465 0.0001059 0.00013995 0.0001693 0.00012275 0.0001991 0.00012565 0.0002 0.00014025 0.0001259 0.00010515
20 9.745e-05 0.00017065 0.00013995 0.00015475 0.0001542 0.00011175 0.0001585 0.000139 0.00013915 0.00017015 0.0001622 0.000139 0.00011365 0.0001117 0.00014365 0.0001818 0.0001278 0.0001276 0.0001278 0.00013995 0.0001928 0.00011135 0.00013975 0.00015935 0.0001281 0.00012845 0.0001507 0.00012785 0.00015645 0.00013975 0.0001282 0.0001278 0.0001289 9.725e-05 0.000144 0.0001435 0.00017 0.0001702 0.0001701 0.00015905 0.00013885 0.0001583 0.0001274 0.00017025 0.00015475 0.00011175 0.000159 0.000128 0.00012715 0.00015405 0.0001281 0.00014435 0.0001561 0.00014435 0.00017055 0.0001428 9.735e-05 0.00012935 0.00015845 9.77e-05 0.0001705 0.00014375 0.0001537 0.00011355 0.00014505 0.00012745 0.0001692 0.0001399 0.0001441 0.00017025 0.0001115 0.0001818 9.7e-05 0.00015415 0.0001646 0.00018105 0.0001809 0.0001113 0.0001434 0.00018065 9.725e-05 0.0001398 0.00012845 0.00018185 0.000113 0.00015875 0.0001704 0.00017045 0.000142 0.0001389 0.00013985 9.735e-05 0.00016915 0.00015675 0.0001429 0.00013925 0.00014365 9.715e-05 0.00013965 9.74e-05
21 0.00011285 0.00017015 0.00015465 0.0001536 0.00016765 0.0001124 0.00014375 0.0001549 0.00015355 0.00016965 0.0001702 0.00015375 0.0001273 0.00011225 0.0001283 0.0001955 0.00012635 0.00012705 0.0001285 0.00015475 0.00011135 0.0002192 0.00015445 0.00014465 0.0001288 0.00012895 0.0001445 0.00012805 0.00015595 0.00015405 0.0001295 0.00012855 0.00012775 0.000112 0.0001435 0.00012815 0.00016945 0.0001696 0.0001697 0.00014435 0.00015435 0.0001436 0.00012685 0.00016965 0.0001536 0.0001123 0.0001444 0.00012895 0.0001264 0.0001537 0.00012795 0.00014385 0.0001698 0.00014385 0.00017005 0.0001271 0.00011275 0.00012865 0.00014375 0.0001135 0.00017 0.00015895 0.00015325 0.00012825 0.000145 0.0001267 0.0001684 0.0001547 0.0001593 0.0001699 0.00011165 0.0001954 0.00011145 0.00015255 0.0001499 0.00019435 0.0001957 0.0001096 0.00012825 0.00019525 0.00011295 0.0001544 0.00012895 0.00019555 0.00012645 0.00014405 0.0001701 0.00016985 0.00012665 0.00015245 0.00015475 0.00011265 0.00016975 0.0001709 0.0001272 0.00015425 0.0001283 0.0001116 0.00015435 0.00011345
22 0.0001053 0.0001708 0.000105 0.0001406 0.0001554 0.0001533 0.00022175 0.0001057 0.00014455 0.0001699 0.0001485 0.0001392 0.0001753 0.0001527 0.0001858 0.0001249 0.000121 0.0002036 0.00016955 0.00010505 0.00013975 0.00015445 0.0002088 0.0002158 0.0001699 0.0001502 0.00021415 0.0001898 0.00016355 0.0001048 0.0001366 0.0001706 0.0001217 0.000145 0.0001715 0.00018565 0.0001689 0.00017015 0.0001699 0.00021575 0.00012495 0.0002345 0.0002045 0.0001702 0.0001406 0.00015295 0.00023575 0.0001705 0.00020365 0.00017365 0.00019075 0.0002071 0.0001623 0.0001716 0.0001707 0.00018535 0.0001245 0.0001376 0.00023555 0.00010535 0.00017015 0.00010965 0.00017325 0.0001061 0.0001676 0.00020485 0.0002042 0.000105 0.00011125 0.00016975 0.0001529 0.0001252 0.0001393 0.0001202 0.00021095 0.0001393 0.0001256 0.0001544 0.0001855 0.0001393 0.00010445 0.00012525 0.0001502 0.00012505 0.0001408 0.00023585 0.00016995 0.0001704 0.00018415 0.00016015 0.0001054 0.00012595 0.0001695 0.0001226 0.0001849 0.00012555 0.0001858 0.00013965 0.0001254 0.00010565
23 0.00016185 0.00015245 0.000216 0.00019975 0.0002131 0.0001243 2.505e-05 0.00021365 0.000215 0.00015315 0.0001835 0.0002019 9.045e-05 0.0001101 6.915e-05 0.0002832 0.00017245 6.24e-05 8.56e-05 0.00023 0.00015935 0.00014465 0.0002158 4.32e-05 8.595e-05 8.485e-05 5.325e-05 8.53e-05 0.0001378 0.0002155 0.00010865 8.555e-05 0.00017165 0.00014675 0.00012475 6.915e-05 0.000155 0.00015315 0.00015445 2.245e-05 0.0002132 2.495e-05 9.7e-05 0.0001532 0.00019975 0.0001103 2.26e-05 8.595e-05 9.86e-05 0.00017835 8.42e-05 5.095e-05 0.0001811 0.000124 0.0001523 7.02e-05 0.00014785 9.945e-05 2.305e-05 0.0001624 0.0001535 0.00022925 0.0001776 0.00018735 5.19e-05 9.685e-05 0.00013895 0.00022995 0.00021995 0.0001534 0.00010975 0.00028315 0.0001593 0.000201 7.025e-05 0.00026915 0.0002669 0.0001446 7.02e-05 0.0002534 0.00014795 0.0002157 8.485e-05 0.00028325 0.00019855 2.335e-05 0.0001536 0.0001532 7.255e-05 0.00022635 0.00021605 0.00014715 0.0001388 0.0001821 7.045e-05 0.00021545 6.915e-05 0.0001596 0.0002157 0.0001622
24 9.87e-05 0.0001711 0.0001703 0.0001714 0.00021435 9.915e-05 8.545e-05 0.00015765 0.00017035 0.00017035 0.00017065 0.0001702 8.57e-05 8.475e-05 8.645e-05 0.00025605 0.0001439 8.475e-05 8.375e-05 0.0001845 0.0001281 0.0001288 0.0001699 8.595e-05 0.0001673 8.485e-05 8.55e-05 8.51e-05 0.00015625 0.0001704 8.455e-05 8.485e-05 0.0001445 8.535e-05 0.0001434 8.63e-05 0.0001711 0.00017045 0.0001715 8.54e-05 0.0001578 8.565e-05 0.0001276 0.0001705 0.0001714 8.485e-05 8.55e-05 8.43e-05 0.00012875 0.0001713 8.555e-05 8.56e-05 0.00017145 0.000144 0.000171 8.61e-05 8.465e-05 8.67e-05 8.485e-05 9.855e-05 0.0001707 0.000174 0.0001708 0.000143 8.62e-05 0.00012825 0.0001696 0.00018445 0.0001737 0.00016995 8.5e-05 0.0002561 0.0001278 0.00017105 0.00010765 0.0002553 0.00022925 0.00012875 8.525e-05 0.00022905 8.37e-05 0.0001711 8.485e-05 0.0002561 0.0001868 8.54e-05 0.00016985 0.0001708 8.595e-05 0.00021375 0.00017005 8.54e-05 0.00014425 0.00017095 8.59e-05 0.00017045 8.645e-05 0.000128 0.0001703 9.885e-05
25 7.89e-05 0.0001698 0.00015055 0.00017105 0.0002145 9.93e-05 9.305e-05 0.00013805 0.00018915 0.00017075 0.0001707 0.00016995 0.0001052 8.495e-05 8.635e-05 0.00025565 0.0001237 0.00010525 8.445e-05 0.00016475 0.00012845 0.00012895 0.0001502 8.485e-05 8.485e-05 0.0001281 0.0001056 0.0001046 0.00013595 0.00015045 6.485e-05 8.545e-05 0.0001244 0.0001045 0.0001436 8.62e-05 0.000171 0.0001708 0.00017075 8.495e-05 0.00015725 0.0001058 0.00014845 0.00017085 0.00017105 8.5e-05 0.00010575 8.54e-05 0.0001488 0.00019085 0.00010555 0.0001054 0.0001904 0.0001436 0.00016965 8.59e-05 8.41e-05 6.7e-05 0.0001056 7.895e-05 0.0001711 0.00015425 0.0001903 0.00012295 6.55e-05 0.00014875 0.00019015 0.0001647 0.000154 0.00017065 8.495e-05 0.00025565 0.0001282 0.00015105 0.00010755 0.00025545 0.000229 0.0001289 8.62e-05 0.0002288 6.41e-05 0.00017085 6.41e-05 0.0002557 0.00018675 0.0001059 0.00017075 0.0001709 8.58e-05 0.0002336 0.00015045 8.55e-05 0.00014435 0.0001513 8.57e-05 0.0001702 8.635e-05 0.00012835 0.00017005 7.925e-05
26 0.0001514 0.00016205 0.00021435 0.0001869 0.0002133 0.0001242 4.78e-05 0.0002032 0.0001739 0.00016125 0.00016125 0.00019355 7.095e-05 0.00011 7.83e-05 0.00027045 0.0001796 6.34e-05 8.53e-05 0.00022835 0.0001507 0.0001445 0.00021415 5.325e-05 8.55e-05 0.0001056 6.31e-05 6.495e-05 0.0001664 0.00021385 0.00010585 8.48e-05 0.00017905 9.645e-05 0.0001332 7.815e-05 0.00016375 0.00016125 0.0001634 5.29e-05 0.0001832 3.46e-05 9.84e-05 0.0001613 0.0001869 0.0001102 3.285e-05 8.545e-05 0.00010045 0.0001666 6.36e-05 3.95e-05 0.0001488 0.0001336 0.00016195 7.91e-05 0.00011785 0.0001065 3.21e-05 0.00015195 0.00016155 0.0002189 0.0001664 0.00018605 8.145e-05 9.8e-05 0.0001402 0.0002283 0.00020935 0.0001617 0.00010965 0.0002704 0.0001507 0.0002078 9.945e-05 0.00026945 0.00024535 0.00014445 7.845e-05 0.0002451 0.0001375 0.000194 0.0001056 0.0002705 0.0001991 3.22e-05 0.00016195 0.00016145 8.105e-05 0.0002067 0.0002144 0.00011635 0.0001388 0.00018915 7.955e-05 0.00019385 7.83e-05 0.000151 0.00019415 0.0001517
27 0.00011815 0.0001704 0.0001901 0.0001708 0.0002135 9.9e-05 7.84e-05 0.00017765 0.0001497 0.0001698 0.0001699 0.00016995 6.525e-05 8.49e-05 8.59e-05 0.00025545 0.000163 6.44e-05 8.49e-05 0.0002041 0.00012785 0.00012805 0.0001898 8.53e-05 8.51e-05 0.0001046 6.495e-05 0.0001279 0.00017535 0.00018945 0.0001042 8.475e-05 0.0001637 6.465e-05 0.0001429 8.575e-05 0.00017035 0.0001698 0.00017075 8.48e-05 0.0001574 6.48e-05 0.00010825 0.00016985 0.0001708 8.49e-05 6.55e-05 8.54e-05 0.00010835 0.0001509 6.52e-05 6.53e-05 0.00015105 0.00014345 0.0001703 8.545e-05 8.44e-05 0.0001063 6.46e-05 0.0001187 0.00016995 0.0001938 0.00015045 0.00016285 0.0001057 0.00010785 0.00014925 0.00020405 0.0001936 0.00017025 8.43e-05 0.0002554 0.00012785 0.00019005 0.00010695 0.00025455 0.00022905 0.000128 8.59e-05 0.0002288 0.0001042 0.00017045 0.0001046 0.0002555 0.00018615 6.4e-05 0.0001705 0.00016965 8.53e-05 0.00019335 0.00019015 8.515e-05 0.0001441 0.0001906 8.59e-05 0.00017025 8.59e-05 0.0001279 0.0001703 0.00011885
28 0.0001543 0.0001653 0.00016375 0.00018155 0.0001668 0.00016525 0.00014745 0.00017435 0.0002026 0.0001651 0.00017375 0.0001838 0.0001654 0.000165 0.0001543 0.0001927 0.00013445 0.0001663 0.00015585 0.0001638 0.00015645 0.00015595 0.00016355 0.0001378 0.00015625 0.00013595 0.0001664 0.00017535 0.000231 0.00016325 0.0001455 0.00015615 0.0001331 0.0001926 0.00013665 0.00015415 0.00016755 0.0001652 0.0001656 0.00013775 0.00019335 0.0001602 0.000158 0.00016525 0.00018155 0.0001652 0.0001582 0.00015625 0.00016035 0.0001946 0.00017515 0.0001568 0.0001845 0.0001369 0.00016515 0.0001559 0.0001737 0.00013455 0.00015785 0.00015485 0.00016545 0.00017785 0.00019425 0.00013515 0.00011805 0.00015815 0.00018565 0.00016375 0.0001689 0.0001652 0.00016465 0.00019275 0.0001564 0.00016335 0.0001554 0.0001934 0.0002033 0.0001559 0.00015415 0.00020355 0.00015435 0.00018335 0.00013595 0.00019275 0.00013705 0.00015815 0.00016525 0.0001653 0.0001579 0.00018595 0.0001642 0.00017355 0.0001781 0.00014485 0.00015545 0.0001836 0.0001543 0.0001567 0.00018385 0.00015465
29 0.0001051 0.0001705 0.0001052 0.0001403 0.00015505 0.0001533 0.0002214 0.000106 0.0001442 0.0001696 0.000148 0.0001392 0.000175 0.000153 0.0001855 0.0001247 0.0001206 0.0002033 0.00017 0.00010515 0.00013975 0.00015405 0.0001048 0.0002155 0.0001704 0.00015045 0.00021385 0.00018945 0.00016325 0.0002082 0.0001366 0.0001706 0.0001214 0.00014465 0.0001712 0.00018535 0.00016865 0.00016975 0.0001696 0.00021545 0.00012495 0.0002342 0.0002044 0.0001698 0.0001403 0.00015315 0.00023555 0.0001707 0.00020335 0.00017335 0.00019045 0.0002068 0.000162 0.0001713 0.0001704 0.00018495 0.00012465 0.0001376 0.00023525 0.0001058 0.00016995 0.0001099 0.00017295 0.00010635 0.0001676 0.00020455 0.0002039 0.0001051 0.0001116 0.0001697 0.0001524 0.0001248 0.0001396 0.0001197 0.00021065 0.0001389 0.0001256 0.000154 0.0001854 0.0001393 0.00010525 0.00012495 0.00015045 0.00012455 0.0001405 0.00023555 0.00016985 0.00017 0.0001838 0.00015985 0.0001058 0.00012595 0.0001695 0.0001226 0.0001845 0.00012555 0.0001855 0.0001398 0.0001256 0.00010595
30 5.545e-05 0.0001801 0.00013695 0.00015905 0.00022385 9.905e-05 0.0001157 0.00011485 0.0001755 0.00018005 0.0001579 0.0001698 0.0001146 8.47e-05 8.78e-05 0.0002517 0.00011115 0.00012775 8.415e-05 0.00015115 0.0001282 0.0001295 0.0001366 0.00010865 8.455e-05 6.485e-05 0.00010585 0.0001042 0.0001455 0.0001366 8.15e-05 8.515e-05 0.0001126 8.21e-05 0.00015315 8.765e-05 0.0001804 0.00018005 0.00018065 0.0001085 0.000134 0.0001285 0.0001711 0.0001801 0.00015905 8.46e-05 0.00012855 8.51e-05 0.00017155 0.00020025 0.0001061 0.0001149 0.00018665 0.00015335 0.00018 8.66e-05 6.08e-05 5.49e-05 0.0001282 5.555e-05 0.0001804 0.0001311 0.0001997 0.00010965 7.575e-05 0.0001714 0.00021285 0.0001511 0.00013085 0.00017995 8.445e-05 0.00025165 0.00012795 0.0001382 0.00013015 0.0002648 0.00021545 0.00012945 8.745e-05 0.00022865 4.09e-05 0.0001573 6.485e-05 0.00025175 0.00019635 0.0001285 0.00018005 0.0001803 8.655e-05 0.000243 0.0001369 6.32e-05 0.00014415 0.0001472 8.635e-05 0.00015665 8.78e-05 0.0001279 0.0001565 5.605e-05
31 9.91e-05 0.0001707 0.0001708 0.0001711 0.00021395 9.915e-05 8.51e-05 0.00015785 0.00017 0.00017 0.00017025 0.00016935 8.53e-05 8.525e-05 8.615e-05 0.0002557 0.00014395 8.435e-05 8.455e-05 0.00018465 0.0001278 0.00012855 0.0001706 8.555e-05 8.485e-05 8.545e-05 8.48e-05 8.475e-05 0.00015615 0.0001706 8.515e-05 0.0001678 0.0001445 8.46e-05 0.00014305 8.6e-05 0.0001707 0.00017005 0.0001711 8.495e-05 0.0001577 8.505e-05 0.0001275 0.0001701 0.0001711 8.53e-05 8.5e-05 8.42e-05 0.00012815 0.0001703 8.45e-05 8.495e-05 0.0001708 0.00014365 0.0001706 8.585e-05 8.515e-05 8.685e-05 8.41e-05 9.935e-05 0.00017045 0.0001746 0.0001703 0.00014365 8.625e-05 0.0001276 0.00016895 0.0001846 0.00017415 0.00017005 8.505e-05 0.0002557 0.00012815 0.00017105 0.0001074 0.0002549 0.00022895 0.0001285 8.565e-05 0.00022875 8.505e-05 0.0001701 8.545e-05 0.00025575 0.00018645 8.475e-05 0.0001702 0.0001704 8.575e-05 0.0002131 0.0001707 8.415e-05 0.000144 0.0001711 8.595e-05 0.00016965 8.615e-05 0.0001283 0.0001705 9.85e-05
32 9.71e-05 0.0001694 0.0001219 0.0001386 0.0001694 0.00012925 0.00017975 0.00012445 0.0001611 0.00016875 0.0001562 0.00015575 0.00016155 0.000129 0.0001411 0.0001665 9.26e-05 0.0001759 0.0001441 0.00012195 0.0001289 0.00012775 0.0001217 0.00017165 0.0001445 0.0001244 0.00017905 0.0001637 0.0001331 0.0001214 0.0001126 0.0001445 0.0001808 0.0001356 0.0001411 0.000141 0.0001698 0.0001689 0.00016915 0.0001717 0.0001435 0.0001925 0.00017595 0.00016895 0.0001386 0.0001292 0.00019185 0.00014455 0.00017685 0.00017435 0.00016355 0.00017715 0.000175 0.00014115 0.00016925 0.0001434 0.00011655 0.0001076 0.00019165 9.765e-05 0.0001691 0.00012825 0.0001739 9.385e-05 0.00013815 0.00017615 0.00020285 0.0001219 0.0001277 0.0001689 0.00012865 0.0001666 0.0001289 0.00012105 0.0001783 0.0001807 0.00016905 0.0001277 0.00014105 0.00018275 9.715e-05 0.0001416 0.0001244 0.00016655 0.0001256 0.00019195 0.00016885 0.000169 0.0001442 0.00017435 0.0001226 0.00011655 0.0001722 0.0001347 0.0001427 0.0001421 0.00014115 0.0001292 0.0001423 9.75e-05
33 5.67e-05 0.0001869 0.0001453 0.00014155 0.00021405 7.42e-05 0.00013815 0.00012355 0.00010495 0.00018665 0.00015635 0.00013795 5.94e-05 6.03e-05 0.0001016 0.00022725 0.0001338 8.675e-05 8.515e-05 0.00015925 9.725e-05 0.000112 0.000145 0.00014675 8.535e-05 0.0001045 9.645e-05 6.465e-05 0.0001926 0.00014465 8.21e-05 8.46e-05 0.0001356 5.3e-06 0.0001609 0.00010145 0.00018505 0.00018665 0.00018625 0.00014635 0.00010335 0.00012495 0.0001394 0.0001867 0.00014155 6.015e-05 0.0001273 8.525e-05 0.00013735 0.0001421 6.49e-05 9.9e-05 0.0001397 0.00016135 0.0001868 0.00010005 2.305e-05 9.345e-05 0.0001265 5.725e-05 0.00018695 0.0001403 0.0001423 0.0001192 0.0001386 0.000139 0.0001797 0.0001592 0.00014905 0.0001871 5.955e-05 0.0002272 9.75e-05 0.0001597 0.0001434 0.00023995 0.0001916 0.00011195 0.0001017 0.00020455 4.28e-05 0.00012525 0.0001045 0.0002273 0.0001734 0.0001267 0.00018735 0.00018685 9.785e-05 0.00017945 0.00014535 2.28e-05 0.00014955 0.00017935 0.0001005 0.00012505 0.0001016 9.74e-05 0.0001255 5.7e-05
34 0.00016225 0.00015315 0.0001717 0.00016975 0.00015435 0.00015265 0.0001266 0.0001823 0.00017125 0.00015205 0.00016115 0.000172 0.0001332 0.0001524 0.0001416 0.00018085 0.0001424 0.00013285 0.0001431 0.00017175 0.000144 0.0001435 0.0001715 0.00012475 0.0001434 0.0001436 0.0001332 0.0001429 0.00013665 0.0001712 0.00015315 0.00014305 0.0001411 0.0001609 0.0002469 0.00014145 0.00015475 0.00015215 0.0001536 0.00012435 0.0001818 0.00012655 0.00012475 0.0001522 0.00016975 0.0001526 0.0001245 0.0001434 0.0001272 0.00016225 0.0001422 0.00012385 0.00015285 0.00012415 0.000153 0.00014315 0.00016215 0.00014255 0.00012375 0.0001628 0.0001525 0.0001858 0.00016185 0.0001431 0.0001257 0.0001247 0.0001521 0.0001717 0.000177 0.0001523 0.00015205 0.0001809 0.00014395 0.0001713 0.0001558 0.0001809 0.00019145 0.00014345 0.00014135 0.00019175 0.0001623 0.00017135 0.0001436 0.0001809 0.0001246 0.0001243 0.0001524 0.00015235 0.00014525 0.00015355 0.00017215 0.00016135 0.00016535 0.0001528 0.000143 0.00017175 0.0001416 0.00014425 0.000172 0.0001626
35 0.00011635 0.0001694 0.00018585 0.00016845 0.0002274 0.00010045 7.01e-05 0.00017545 0.0001852 0.0001689 0.00017795 0.0001855 9.845e-05 8.625e-05 6.84e-05 0.0002687 0.00014255 8.41e-05 8.595e-05 0.00019985 0.0001435 0.00012815 0.00018565 6.915e-05 8.63e-05 8.62e-05 7.815e-05 8.575e-05 0.00015415 0.00018535 8.765e-05 8.6e-05 0.000141 0.00010145 0.00014145 0.0001364 0.0001696 0.00016895 0.00017015 6.965e-05 0.00017505 7e-05 0.00012705 0.000169 0.00016845 8.645e-05 6.915e-05 8.635e-05 0.00012745 0.00017005 8.48e-05 8.355e-05 0.00018345 0.000141 0.0001693 7.02e-05 0.0001024 8.415e-05 6.935e-05 0.0001169 0.00016925 0.00019135 0.0001694 0.00015815 8.49e-05 0.00012695 0.0001683 0.0001998 0.00019025 0.0001692 8.59e-05 0.0002687 0.0001435 0.0001704 9.225e-05 0.0002682 0.00024435 0.0001281 6.91e-05 0.00024425 0.00010245 0.00018565 8.62e-05 0.00026875 0.00019905 6.965e-05 0.0001693 0.00016915 7.115e-05 0.00022655 0.00018615 0.00010185 0.00014525 0.0001836 7.01e-05 0.00018565 6.84e-05 0.0001438 0.00018585 0.00011675
36 0.00018615 0.0001543 0.0001693 0.00016875 0.00015415 0.00017615 0.00015345 0.00018005 0.000169 0.00015315 0.00016215 0.0001699 0.00016055 0.0001759 0.00016965 0.00015205 0.0001698 0.0001606 0.00017075 0.00016915 0.00017 0.00016945 0.0001689 0.000155 0.0001711 0.000171 0.00016375 0.00017035 0.00016755 0.00016865 0.0001804 0.0001707 0.0001698 0.00018505 0.00015475 0.0001696 0.0003024 0.00015325 0.0001542 0.00015535 0.00017955 0.0001533 0.0001545 0.0001533 0.00016875 0.0001761 0.000155 0.00017115 0.0001524 0.0001598 0.0001693 0.00015475 0.00015385 0.00015445 0.0001542 0.0001699 0.0001861 0.0001707 0.00015495 0.00018675 0.0001534 0.00018345 0.00015915 0.00017055 0.00015605 0.0001543 0.0001537 0.0001691 0.0001781 0.0001533 0.0001755 0.0001522 0.00016995 0.00016885 0.0001736 0.0001525 0.000163 0.0001694 0.0001703 0.0001634 0.00018625 0.0001689 0.000171 0.0001522 0.0001541 0.00015525 0.00015375 0.0001535 0.0001685 0.000153 0.0001698 0.00018555 0.0001623 0.0001547 0.00017005 0.00016955 0.00016965 0.00017025 0.00016975 0.0001866
