 slim_337492145 slim_337492182 slim_337492153 slim_337492115 slim_337491834 slim_337491954 slim_337492181 slim_337492054 slim_337492175 slim_337492150 slim_337492109 slim_337492048 slim_337492123 slim_337491961 slim_337492112 slim_337492074 slim_337491932 slim_337492139 slim_337492088 slim_337491031 slim_337492014 slim_337492180 slim_337492101 slim_337491967 slim_337492152 slim_337492134 slim_337492022 slim_337492099 slim_337492146 slim_337491978 slim_337491852 slim_337492124 slim_337491941 slim_337492162 slim_337492095 slim_337492125 slim_337492170 slim_337492085 slim_337492156 slim_337492117 slim_337492166 slim_337491849 slim_337491618 slim_337492051 slim_337491840 slim_337492179 slim_337492087 slim_337492038 slim_337492131 slim_337492126 slim_337492105 slim_337491826 slim_337492178 slim_337492174 slim_337492070 slim_337492116 slim_337492010 slim_337492104 slim_337492068 slim_337492093 slim_337492148 slim_337492142 slim_337492130 slim_337492071 slim_337492080 slim_337492157 slim_337492144 slim_337492164 slim_337492155 slim_337492030 slim_337492154 slim_337492041 slim_337492045 slim_337492168 slim_337492100 slim_337492136 slim_337492076 slim_337491997 slim_337492084 slim_337492113 slim_337492171 slim_337492079 slim_337491965 slim_337492114 slim_337492057 slim_337492047 slim_337492107 slim_337492172 slim_337492062 slim_337492161 slim_337492147 slim_337492029
0 0.0001778 0.0001697 0.0001779 0.0003913 0.0003858 0.00021755 0.00019865 0.00030505 0.0002712 0.00022315 0.00017775 0.0002215 0.0002265 0.0001632 0.0002643 0.0002864 0.0001048 0.00022165 0.00040565 8.94e-05 0.00032095 0.00017915 0.00028515 0.00032095 0.00039115 0.00020835 0.000345 0.00028825 0.000249 0.000266 0.0002821 0.00011695 0.00040555 0.0002126 0.00045245 0.0003958 0.00034335 0.00026635 0.00033335 0.0002723 0.00017665 0.00017765 0.0001477 0.0001116 0.00025855 0.0002871 0.0004503 0.0002346 0.00025945 0.000171 0.00036765 0.00023705 0.0001907 0.0003317 0.00020285 0.0003106 0.000277 0.00026605 0.00033405 0.0003961 0.0003462 0.0002027 0.000322 0.00029975 0.0003956 0.0001781 0.0001756 0.0002277 0.000219 0.0001988 0.00030345 0.00028275 0.0001178 0.00024485 0.00025285 0.00020515 0.00037025 0.0003313 0.0002238 0.00011865 0.0002049 0.0001181 0.0003676 0.000305 0.0002201 0.00029575 0.00023915 0.0003406 0.00040845 0.0003663 0.0003958 0.00020895
1 0.0001697 0.0002541 0.00020065 0.00037195 0.00035255 0.00025765 0.0002557 0.00030055 0.00029005 0.00017225 0.00024195 0.00027305 0.00030165 0.0001871 0.00027185 0.0002908 0.0001928 0.0002036 0.00037765 0.0001698 0.0003328 0.0001982 0.00026445 0.0003328 0.0003718 0.0002985 0.00032625 0.00026555 0.00012705 0.00027295 0.00029735 0.00021565 0.00037755 0.0001841 0.0004012 0.00037645 0.0002487 0.0002726 0.0003254 0.0003236 0.00019875 0.00024185 0.0002465 0.0001489 0.00025305 0.0003286 0.00036955 0.0002008 0.00025425 0.0001442 0.0003813 0.00030325 0.0002333 0.0003597 0.0002011 0.0003141 0.00029045 0.000273 0.00024865 0.00037675 0.0003263 0.00020115 0.00034075 0.000267 0.00040255 0.00024215 0.0002406 0.00030255 0.0002438 0.0002404 0.0003549 0.00025975 0.0002162 0.0002731 0.00030045 0.0002466 0.0003165 0.00033405 0.00025665 0.00017435 0.0001441 0.00017495 0.0003142 0.000295 0.0001873 0.0003011 0.0002511 0.00027545 0.00034115 0.00024845 0.00037645 0.0002562
2 0.0001779 0.00020065 0.0003532 0.0004154 0.0004241 0.00028855 0.00028685 0.00031825 0.0002635 0.0002472 0.00017815 0.0002869 0.00030705 0.0002064 0.00017735 0.0003113 0.00017925 0.0002089 0.00042125 0.0001779 0.00035405 0.0002055 0.00027395 0.00035405 0.00041525 0.00028885 0.0004027 0.00031225 0.0002238 0.00017715 0.00029395 0.0001981 0.00042115 0.0001983 0.00041755 0.0004199 0.00031085 0.00017775 0.0003546 0.00034525 0.0001779 0.00017805 0.00022895 0.0001986 0.00031155 0.0002871 0.00043975 0.000178 0.00031235 0.0002024 0.0004212 0.00031695 0.00022695 0.00040145 0.00017805 0.00030995 0.00031075 0.00017725 0.0003106 0.0004202 0.00031155 0.000178 0.00038155 0.0002413 0.0004063 0.00017835 0.0001782 0.0003161 0.00029185 0.00020695 0.0003765 0.00030665 0.0002068 0.00031015 0.0003336 0.00019705 0.00030595 0.0003553 0.0002875 0.0002065 0.00017985 0.0002065 0.00031975 0.0003305 0.0002074 0.0003392 0.0002646 0.00028375 0.0003607 0.0003337 0.0004199 0.0002881
3 0.0003913 0.00037195 0.0004154 0.0003804 0.00025785 0.0002932 0.00029225 0.00029935 0.00035155 0.00035185 0.00041245 0.000373 0.00028985 0.000405 0.0004349 0.00028955 0.0003916 0.00040545 0.00019115 0.0003907 0.0002513 0.00041635 0.00036415 0.0002513 0.0001903 0.00029025 0.0003137 0.0002927 0.0003495 0.00043645 0.00039705 0.0003889 0.00019105 0.00040185 0.0002207 0.0001904 0.0002921 0.00043655 0.00029595 0.0003 0.0004139 0.00041235 0.0003625 0.00037755 0.00029825 0.0003136 0.00019615 0.00041545 0.0002987 0.0003723 0.00019635 0.0002665 0.0004027 0.00025705 0.0004155 0.0003136 0.0002895 0.0004365 0.0002923 0.0001903 0.0003194 0.00041545 0.00029595 0.00041705 0.00025965 0.00041265 0.00041065 0.00026605 0.0003544 0.0003892 0.0002736 0.00029235 0.00036475 0.00035155 0.0002723 0.00041285 0.00031355 0.0002501 0.00029245 0.000368 0.0003944 0.00036795 0.0003064 0.00029025 0.0004051 0.0003033 0.00035085 0.00031665 0.0003633 0.0002699 0.0001904 0.00029305
4 0.0003858 0.00035255 0.0004241 0.00025785 0.0003 0.0003306 0.00032555 0.0003193 0.00039235 0.0003067 0.0004585 0.0002682 0.00032145 0.00033815 0.00049265 0.0003181 0.00039845 0.0003769 0.00025875 0.0003888 0.0002792 0.0003577 0.0002883 0.0002792 0.0002577 0.00036505 0.00015025 0.00029825 0.0003502 0.0004931 0.00027855 0.0003817 0.00025865 0.00037295 0.0002526 0.0002575 0.0003034 0.00049295 0.0003025 0.0002507 0.00042345 0.0004584 0.00038135 0.0003546 0.00025245 0.0003987 0.00018085 0.00044455 0.00025255 0.00036755 0.0002269 0.00033755 0.00033055 0.00022185 0.0004363 0.0003334 0.0003172 0.00049315 0.0003028 0.0002578 0.0003218 0.00043625 0.000218 0.0003983 0.0002968 0.0004587 0.0004578 0.0003368 0.0002676 0.00043635 0.0002505 0.00029815 0.0003967 0.00024475 0.00028345 0.00041625 0.00035245 0.00027995 0.0003417 0.00036235 0.0004136 0.0003588 0.00033425 0.0002716 0.00035865 0.0002478 0.00029705 0.0003749 0.0002966 0.00028095 0.0002575 0.00033025
5 0.00021755 0.00025765 0.00028855 0.0002932 0.0003306 0.0003044 0.00021755 0.00029475 0.0003385 0.0003279 0.0002885 0.00026175 0.00021465 0.00027335 0.0004038 0.0002932 0.00023145 0.0003292 0.00028345 0.00017055 0.0003012 0.00028915 0.0004031 0.0003012 0.00029305 0.000162 0.0002676 0.00029365 0.0003435 0.0004054 0.00033525 0.00021465 0.0002833 0.00036875 0.00040175 0.00029285 0.00037875 0.00040555 0.0002973 0.00021865 0.00028705 0.0002884 0.0002144 0.00017165 0.00028275 0.0002887 0.0004041 0.00037455 0.0002833 0.0002582 0.00028275 0.00016505 0.00031655 0.00022465 0.00031225 0.0003168 0.0003008 0.00040545 0.00038665 0.00029315 0.0003997 0.00031215 0.00023275 0.000421 0.0003227 0.0002887 0.00028665 0.00017495 0.00022025 0.0002569 0.00021875 0.0002931 0.0001746 0.0002627 0.00024195 0.0003315 0.00041015 0.00029265 0.00019525 0.000175 0.0003131 0.00022105 0.00040275 0.00036225 0.00035935 0.00030165 0.00034435 0.0003763 0.0004552 0.000379 0.00029285 0.00016195
6 0.00019865 0.0002557 0.00028685 0.00029225 0.00032555 0.00021755 0.0003947 0.0003119 0.00031425 0.00029105 0.0002874 0.0002871 0.00022515 0.0002715 0.0003739 0.00029345 0.00021335 0.0003299 0.0003026 0.0001988 0.0002822 0.00028745 0.000356 0.0002822 0.0002921 0.0002093 0.00032205 0.00029385 0.00031265 0.0003751 0.00034815 0.0002264 0.0003025 0.00032095 0.000355 0.00029185 0.0003491 0.000375 0.0003147 0.00025965 0.00028565 0.0002873 0.00022615 0.0001984 0.00026395 0.00028655 0.0003579 0.00034375 0.0002648 0.0002569 0.0002634 0.0002121 0.00029895 0.00026485 0.0003117 0.00031655 0.00028385 0.00037515 0.0003398 0.0002922 0.00035235 0.0003116 0.00028655 0.0003906 0.00032065 0.0002876 0.00028595 0.0002019 0.0002616 0.0002835 0.00025945 0.00029325 0.00020275 0.0002875 0.00023345 0.00031405 0.00038095 0.0002921 0.00022285 0.00020245 0.00031325 0.00020185 0.00037345 0.00031065 0.00032845 0.0003015 0.00031 0.00034635 0.0004249 0.00034965 0.0002918 0.00020855
7 0.00030505 0.00030055 0.00031825 0.00029935 0.0003193 0.00029475 0.0003119 0.0005667 0.00031535 0.00029855 0.0003146 0.00031365 0.0003096 0.00030295 0.0003263 0.00029245 0.00030635 0.00029475 0.0002906 0.0003046 0.00030845 0.0003126 0.00029955 0.00030845 0.0002992 0.0002995 0.00032585 0.0002968 0.00029175 0.00032765 0.0003185 0.00030275 0.0002905 0.0003081 0.00032 0.00029915 0.0002873 0.0003282 0.00030755 0.00031885 0.0003174 0.0003145 0.00030245 0.0003092 0.0003111 0.00032105 0.0002982 0.0003094 0.0003116 0.000301 0.00031395 0.00030145 0.0003007 0.00032505 0.00031845 0.00031455 0.00030105 0.0003277 0.00029625 0.00029925 0.00032 0.00031835 0.00032055 0.00032095 0.00032945 0.00031495 0.000313 0.0003103 0.00031805 0.0003163 0.00031895 0.00029655 0.0003031 0.00031515 0.0003101 0.00031575 0.000306 0.00029895 0.00031175 0.0003075 0.00029195 0.0003075 0.00029325 0.000303 0.0002943 0.0002989 0.0003033 0.0003091 0.00032955 0.0002876 0.00029915 0.00030345
8 0.0002712 0.00029005 0.0002635 0.00035155 0.00039235 0.0003385 0.00031425 0.00031535 0.000424 0.00026485 0.00024455 0.0003347 0.00029635 0.00027305 0.0002141 0.0003084 0.00026315 0.000274 0.0003514 0.00029435 0.0003515 0.00027205 0.0002863 0.0003515 0.0003514 0.0003204 0.0004414 0.00032665 0.0002666 0.00021275 0.00033485 0.00025325 0.0003513 0.00024085 0.00032575 0.00035115 0.0003027 0.00021215 0.00033355 0.0004017 0.0002641 0.00024455 0.00025295 0.00031335 0.00032845 0.00028855 0.0003414 0.00024005 0.000329 0.00029035 0.0003535 0.0003255 0.0002312 0.00040435 0.00026295 0.0003058 0.0003079 0.0002129 0.0003025 0.00035145 0.0002785 0.00026285 0.00041365 0.00025575 0.0003732 0.00024485 0.00024565 0.00032575 0.00037775 0.00028245 0.0004018 0.00032655 0.0002823 0.0003354 0.00031325 0.0002214 0.00027595 0.00035095 0.00033855 0.00030075 0.0002906 0.0002767 0.0002849 0.0002768 0.00024975 0.000316 0.00028455 0.000287 0.0003406 0.00030295 0.0003511 0.0003384
9 0.00022315 0.00017225 0.0002472 0.00035185 0.0003067 0.0003279 0.00029105 0.00029855 0.00026485 0.0002467 0.00028455 0.00028485 0.0003266 0.00021535 0.00027175 0.0002888 0.00023845 0.00022655 0.00035755 0.00025825 0.0003313 0.0002267 0.0002203 0.0003313 0.0003517 0.0003652 0.00032315 0.0002668 0.0001234 0.0002731 0.00028995 0.0002587 0.00035745 0.0001767 0.00033855 0.00035635 0.0002153 0.000273 0.0003031 0.00035935 0.0002457 0.00028445 0.0002893 0.00024235 0.00025575 0.00035285 0.00028085 0.00021175 0.0002564 0.000188 0.0003613 0.0003574 0.0002156 0.0003825 0.00024735 0.000312 0.00028845 0.00027315 0.00021525 0.00035665 0.00028195 0.0002473 0.0003605 0.00022025 0.00040025 0.0002848 0.00028295 0.0003567 0.0002879 0.00030525 0.00039035 0.0002614 0.00028845 0.0002722 0.0002777 0.0002472 0.0002723 0.00033215 0.0003269 0.0002512 0.0001964 0.00021585 0.00027 0.0002332 0.00017995 0.00028045 0.00022595 0.00026805 0.00026785 0.0002022 0.00035635 0.0003275
10 0.00017775 0.00024195 0.00017815 0.00041245 0.0004585 0.0002885 0.0002874 0.0003146 0.00024455 0.00028455 0.0002732 0.0003059 0.0002888 0.0002294 0.00013765 0.00030765 0.00016395 0.0002161 0.0004183 0.0001772 0.00035135 0.0002282 0.00029325 0.00035135 0.0004123 0.00024785 0.0004371 0.00033465 0.0002647 0.00013685 0.0003128 0.00017915 0.0004182 0.0002208 0.00042315 0.00041695 0.0003487 0.00013675 0.00035165 0.0003423 0.0001787 0.00013675 0.0002099 0.00024055 0.0003496 0.00024665 0.00047415 0.00017835 0.00035035 0.00022805 0.00041825 0.00027635 0.0002307 0.00039855 0.00017775 0.00030645 0.0003071 0.000137 0.00034845 0.00041725 0.00030845 0.0001776 0.00037885 0.0002382 0.00040335 0.0001372 0.0001373 0.0002755 0.00031425 0.0001659 0.00037345 0.0003292 0.0001655 0.00032925 0.00033035 0.0001792 0.0003027 0.00035245 0.0002875 0.0002069 0.00020585 0.00020675 0.00031655 0.0003496 0.0002299 0.000358 0.00028395 0.0002928 0.0003951 0.00037135 0.00041695 0.0002888
11 0.0002215 0.00027305 0.0002869 0.000373 0.0002682 0.00026175 0.0002871 0.00031365 0.0003347 0.00028485 0.0003059 0.0002554 0.00023665 0.0002022 0.0003963 0.00031225 0.0002399 0.0002793 0.0003784 0.00019475 0.0003113 0.00022005 0.0002526 0.0003113 0.00037285 0.00028065 0.0001763 0.0003075 0.0003697 0.0003973 0.00019515 0.00017105 0.0003783 0.00028865 0.00044485 0.0003775 0.0003672 0.00039765 0.00032985 0.00020525 0.000286 0.0003058 0.00020205 0.00019805 0.0002683 0.0003714 0.0003802 0.00036105 0.0002681 0.00028745 0.00035295 0.00030335 0.00017795 0.0002609 0.0003112 0.00033105 0.00031135 0.00039735 0.0003666 0.0003778 0.0003787 0.0003112 0.0002294 0.0003549 0.0003592 0.0003061 0.00030465 0.00030295 0.00019075 0.000322 0.0002366 0.0003031 0.000237 0.0001521 0.00027275 0.0002624 0.00039905 0.00031275 0.0002852 0.00021835 0.0003276 0.0002447 0.0003875 0.0002831 0.00027645 0.0002462 0.00020255 0.00042675 0.0003429 0.0003898 0.0003775 0.00026155
12 0.0002265 0.00030165 0.00030705 0.00028985 0.00032145 0.00021465 0.00022515 0.0003096 0.00029635 0.0003266 0.0002888 0.00023665 0.0003519 0.00027115 0.0003977 0.00029115 0.00023155 0.00034275 0.00030005 0.00019615 0.0002797 0.00028725 0.00035555 0.0002797 0.0002897 0.00018785 0.00029795 0.00030835 0.00038865 0.000399 0.0003285 0.0001774 0.00029995 0.00035115 0.00038285 0.00028945 0.00039575 0.000399 0.0003122 0.0002367 0.0003055 0.0002887 0.0001774 0.00021475 0.00027985 0.00028775 0.00037415 0.000394 0.0002797 0.0003011 0.00026065 0.00019055 0.0002519 0.0002421 0.0003315 0.00031415 0.00028155 0.00039905 0.00038645 0.0002898 0.0003722 0.00033155 0.0002672 0.0004108 0.0003183 0.000289 0.00028725 0.0001805 0.00025575 0.0002807 0.0002367 0.00030885 0.00018145 0.00023705 0.0002203 0.00028755 0.00040125 0.00028945 0.00022015 0.0001997 0.0003731 0.0002296 0.00039375 0.00029865 0.00035815 0.00027845 0.00027975 0.0004044 0.00044155 0.00039595 0.00028945 0.00020565
13 0.0001632 0.0001871 0.0002064 0.000405 0.00033815 0.00027335 0.0002715 0.00030295 0.00027305 0.00021535 0.0002294 0.0002022 0.00027115 0.0002783 0.0002727 0.00030155 0.00017755 0.00017885 0.0004107 0.00016305 0.00034305 0.00015775 0.0002114 0.00034305 0.00040485 0.0002955 0.00031025 0.00029335 0.00023455 0.00027305 0.0002204 0.00016285 0.0004106 0.00017695 0.0004252 0.0004095 0.0003028 0.0002728 0.00032845 0.0003024 0.00020585 0.0002293 0.0001939 0.00016105 0.0002529 0.00033825 0.00038655 0.0002315 0.00025285 0.00020235 0.00038455 0.0003229 0.00013945 0.00035635 0.0002195 0.00032015 0.00030065 0.0002731 0.0003022 0.0004098 0.0003199 0.0002196 0.00032925 0.00026035 0.00040115 0.0002296 0.0002288 0.0003222 0.0002402 0.00025765 0.00033385 0.0002887 0.00021355 0.00022495 0.00029945 0.00020645 0.00034 0.00034465 0.00028465 0.0001906 0.00020375 0.0001911 0.0003283 0.0002776 0.0001643 0.0002534 0.00021155 0.00033635 0.00032345 0.0003256 0.0004095 0.0002721
14 0.0002643 0.00027185 0.00017735 0.0004349 0.00049265 0.0004038 0.0003739 0.0003263 0.0002141 0.00027175 0.00013765 0.0003963 0.0003977 0.0002727 6.1e-06 0.00033015 0.0002375 0.0001876 0.0004322 0.00031 0.00038305 0.0002545 0.00023555 0.00038305 0.00043475 0.0003721 0.00053385 0.00035725 0.00019185 4.3e-06 0.0003202 0.0002881 0.0004321 0.00015905 0.00034265 0.0004394 0.00026835 5.6e-06 0.00037215 0.00045655 0.00017755 0.00013755 0.00031885 0.0003732 0.0004017 0.00024655 0.000416 7.545e-05 0.0004024 0.00025815 0.0004704 0.0004009 0.0002502 0.0005101 0.0001541 0.0003068 0.0003388 4.4e-06 0.0002773 0.0004397 0.00022775 0.00015395 0.0004774 0.0001343 0.0004133 0.00013785 0.00013665 0.0004086 0.00042915 0.0002018 0.0004877 0.0003518 0.00029865 0.00042015 0.00042035 0.0001547 0.00019315 0.0003749 0.00039575 0.00033995 0.00016395 0.0002936 0.00022215 0.00033935 0.00017045 0.00040095 0.0002918 0.0001901 0.00030125 0.000291 0.0004394 0.00041295
15 0.0002864 0.0002908 0.0003113 0.00028955 0.0003181 0.0002932 0.00029345 0.00029245 0.0003084 0.0002888 0.00030765 0.00031225 0.00029115 0.00030155 0.00033015 0.0005646 0.0002879 0.00030205 0.0002893 0.00028615 0.00029 0.0003129 0.00029815 0.00029 0.0002894 0.00028925 0.0003415 0.00028705 0.0002907 0.0003322 0.00033585 0.0002843 0.0002892 0.00029835 0.00031325 0.0002894 0.0002863 0.00033275 0.0003146 0.00031745 0.00030975 0.00030755 0.000284 0.00029075 0.00029285 0.0003141 0.0002886 0.00031115 0.00029335 0.00029125 0.0002957 0.00029145 0.0002993 0.00032385 0.0003115 0.0003076 0.0002826 0.00033225 0.0002865 0.00028945 0.00031325 0.0003114 0.0003362 0.00033105 0.0003297 0.000308 0.00030505 0.00029185 0.00031665 0.00030935 0.00031755 0.00028675 0.00028465 0.00031375 0.00029165 0.0003088 0.0003077 0.0002892 0.0002933 0.00028905 0.0002909 0.00028905 0.0003005 0.00028455 0.0003016 0.0002975 0.00028485 0.00031085 0.00034685 0.0002865 0.0002894 0.00029345
16 0.0001048 0.0001928 0.00017925 0.0003916 0.00039845 0.00023145 0.00021335 0.00030635 0.00026315 0.00023845 0.00016395 0.0002399 0.00023155 0.00017755 0.0002375 0.0002879 0.0001759 0.0002132 0.0004057 0.00010415 0.00032115 0.00019355 0.0002854 0.00032115 0.00039145 0.00020835 0.00036965 0.00028665 0.00026635 0.00023825 0.0002959 0.000123 0.0004056 0.0002216 0.0004389 0.0003961 0.00035315 0.0002376 0.00033575 0.0002845 0.0001777 0.00016375 0.00015395 0.0001409 0.0002733 0.0002734 0.0004514 0.0002304 0.00027325 0.0001773 0.0003675 0.00023595 0.0001958 0.0003436 0.000203 0.0003098 0.0002783 0.0002382 0.00034385 0.0003964 0.0003333 0.000203 0.00033375 0.0002897 0.00039835 0.0001641 0.00016295 0.00022685 0.00022895 0.000193 0.00031585 0.0002822 0.00011795 0.0002627 0.000259 0.00019725 0.0003566 0.00033135 0.00023795 0.0001327 0.0002059 0.0001329 0.00035395 0.0003113 0.0002287 0.00030895 0.00024535 0.00033555 0.00041485 0.00037575 0.0003961 0.00022265
17 0.00022165 0.0002036 0.0002089 0.00040545 0.0003769 0.0003292 0.0003299 0.00029475 0.000274 0.00022655 0.0002161 0.0002793 0.00034275 0.00017885 0.0001876 0.00030205 0.0002132 0.0002572 0.0004024 0.0002363 0.00035285 0.0001929 0.0001869 0.00035285 0.0004053 0.00034485 0.0003794 0.00029225 0.0001786 0.0001882 0.000246 0.0002345 0.0004023 0.0001486 0.0003869 0.00040995 0.0002465 0.00018805 0.0003307 0.00036585 0.0002077 0.000216 0.00026565 0.00025055 0.00030155 0.0003248 0.00036215 0.0001613 0.0003006 0.0002018 0.00041775 0.0003722 0.0001767 0.00041985 0.00019685 0.00032145 0.0003104 0.00018825 0.00025515 0.00041025 0.0002816 0.000197 0.0003835 0.0001998 0.00040575 0.0002163 0.00021525 0.00038025 0.0003022 0.00024405 0.0003974 0.0002889 0.00027165 0.0003021 0.00036765 0.00020655 0.00026905 0.00034495 0.00033345 0.0002641 0.0001311 0.0002495 0.0002577 0.00029725 0.00013125 0.0002918 0.0002349 0.00026595 0.00028095 0.00026905 0.00040995 0.00033685
18 0.00040565 0.00037765 0.00042125 0.00019115 0.00025875 0.00028345 0.0003026 0.0002906 0.0003514 0.00035755 0.0004183 0.0003784 0.00030005 0.0004107 0.0004322 0.0002893 0.0004057 0.0004024 0.0003506 0.00040505 0.00026115 0.00042205 0.00036935 0.00026115 0.000191 0.00028925 0.0003109 0.00029215 0.0003466 0.0004338 0.0003941 0.0004031 0.00017535 0.0004074 0.00021585 0.0001861 0.00028315 0.00043385 0.0002868 0.00030615 0.00041965 0.0004182 0.0003718 0.00038705 0.0003077 0.0003155 0.00019595 0.0004127 0.000308 0.0003778 0.00020185 0.00026535 0.00040825 0.00025875 0.0004213 0.00031335 0.0002978 0.00043385 0.00029195 0.0001862 0.0003204 0.00042125 0.00029375 0.00041445 0.00025635 0.0004185 0.00041645 0.0002763 0.00035995 0.00039495 0.0002752 0.00029695 0.000379 0.00035715 0.00028265 0.00041855 0.00030965 0.0002502 0.0003028 0.0003822 0.00039135 0.00038225 0.00029765 0.00029835 0.0004022 0.00030295 0.0003645 0.0003078 0.0003555 0.000261 0.0001861 0.000292
19 8.94e-05 0.0001698 0.0001779 0.0003907 0.0003888 0.00017055 0.0001988 0.0003046 0.00029435 0.00025825 0.0001772 0.00019475 0.00019615 0.00016305 0.00031 0.00028615 0.00010415 0.0002363 0.00040505 8.44e-05 0.0003205 0.00017885 0.00033075 0.0003205 0.00039055 0.000162 0.0003055 0.00028765 0.0002952 0.0003115 0.00028505 8.675e-05 0.00040495 0.0002587 0.00049805 0.0003952 0.0003895 0.00031165 0.0003327 0.0002292 0.0001765 0.0001771 0.0001175 6.575e-05 0.0002583 0.0002866 0.0004958 0.00028085 0.00025905 0.00017075 0.00036705 0.00019035 0.0002064 0.0002886 0.00020185 0.0003099 0.00027655 0.00031155 0.0003802 0.0003955 0.0003918 0.0002017 0.0002825 0.0003453 0.00039495 0.0001774 0.00017545 0.000181 0.0001759 0.0001706 0.00026035 0.00028205 7.125e-05 0.0002181 0.0002415 0.000221 0.00041565 0.0003307 0.0001768 7.23e-05 0.00022025 0.00011825 0.000413 0.0003388 0.0002662 0.0002951 0.00025505 0.00038685 0.00045385 0.00041215 0.0003952 0.0001626
20 0.00032095 0.0003328 0.00035405 0.0002513 0.0002792 0.0003012 0.0002822 0.00030845 0.0003515 0.0003313 0.00035135 0.0003113 0.0002797 0.00034305 0.00038305 0.00029 0.00032115 0.00035285 0.00026115 0.0003205 0.0004814 0.0003542 0.00030175 0.0002407 0.00025115 0.00028965 0.0003057 0.00029285 0.0003426 0.00038445 0.00034435 0.00031845 0.00026105 0.0003407 0.00028105 0.0002509 0.0003017 0.00038455 0.0003221 0.0002724 0.00035235 0.00035125 0.0003184 0.00032325 0.0002879 0.0003128 0.0002571 0.00036355 0.0002887 0.0003335 0.0002469 0.00028825 0.00034075 0.0002783 0.0003543 0.00031355 0.0002804 0.0003845 0.0002924 0.00025125 0.00031875 0.00035435 0.00029945 0.0003827 0.00028425 0.00035155 0.0003497 0.00027855 0.00031505 0.00035045 0.00027245 0.0002925 0.0003169 0.0003122 0.0002804 0.0003515 0.0003231 0.0002509 0.00028255 0.00031955 0.0003425 0.00031995 0.0003156 0.0002809 0.0003526 0.00030265 0.0002797 0.0003258 0.00035435 0.000302 0.0002509 0.00029185
21 0.00017915 0.0001982 0.0002055 0.00041635 0.0003577 0.00028915 0.00028745 0.0003126 0.00027205 0.0002267 0.0002282 0.00022005 0.00028725 0.00015775 0.0002545 0.0003129 0.00019355 0.0001929 0.00042205 0.00017885 0.0003542 0.0003097 0.000225 0.0003542 0.0004162 0.0003113 0.00032955 0.0003049 0.00024145 0.00025485 0.00022045 0.00017895 0.00042195 0.0001756 0.000426 0.00042085 0.00030985 0.0002546 0.000346 0.0003199 0.00020435 0.0002281 0.00021 0.0001769 0.0002704 0.00033705 0.0003999 0.000226 0.0002709 0.0002139 0.00040235 0.0003387 0.00015805 0.0003758 0.00021835 0.00031895 0.000312 0.0002549 0.00030925 0.00042115 0.0003207 0.00021845 0.0003485 0.0002609 0.00039995 0.0002284 0.0002276 0.000338 0.00025795 0.00025645 0.0003514 0.00029995 0.00022935 0.0002428 0.00031525 0.00020555 0.00033435 0.00035595 0.0003005 0.0002061 0.000211 0.00020705 0.00033345 0.0002893 0.0001783 0.00027165 0.000223 0.00033085 0.000324 0.0003325 0.00042085 0.00028765
22 0.00028515 0.00026445 0.00027395 0.00036415 0.0002883 0.0004031 0.000356 0.00029955 0.0002863 0.0002203 0.00029325 0.0002526 0.00035555 0.0002114 0.00023555 0.00029815 0.0002854 0.0001869 0.00036935 0.00033075 0.00030175 0.000225 0.0002226 0.00030175 0.000364 0.000422 0.0003329 0.00029255 0.0002183 0.0002361 0.00021305 0.0002847 0.00036925 0.00015065 0.00030515 0.00036865 0.0002092 0.00023605 0.000336 0.0003578 0.00027275 0.00029315 0.00031585 0.0003327 0.0002772 0.00036445 0.00023975 0.00020495 0.00027725 0.00027905 0.00036815 0.00044525 0.0001652 0.0004124 0.00026215 0.0003171 0.00029725 0.00023615 0.0002086 0.00036895 0.00024015 0.0002623 0.00038125 0.00020635 0.0003649 0.00029345 0.00029245 0.00044505 0.00033635 0.00035225 0.0003894 0.00028815 0.00037385 0.0002759 0.0003573 0.0002275 0.000236 0.00030365 0.0003905 0.00035415 0.0002177 0.0003089 0.0002243 0.00021355 0.00014245 0.00025475 0.0001651 0.0002695 0.000207 0.00023185 0.00036865 0.00040185
23 0.00032095 0.0003328 0.00035405 0.0002513 0.0002792 0.0003012 0.0002822 0.00030845 0.0003515 0.0003313 0.00035135 0.0003113 0.0002797 0.00034305 0.00038305 0.00029 0.00032115 0.00035285 0.00026115 0.0003205 0.0002407 0.0003542 0.00030175 0.0004814 0.00025115 0.00028965 0.0003057 0.00029285 0.0003426 0.00038445 0.00034435 0.00031845 0.00026105 0.0003407 0.00028105 0.0002509 0.0003017 0.00038455 0.0003221 0.0002724 0.00035235 0.00035125 0.0003184 0.00032325 0.0002879 0.0003128 0.0002571 0.00036355 0.0002887 0.0003335 0.0002469 0.00028825 0.00034075 0.0002783 0.0003543 0.00031355 0.0002804 0.0003845 0.0002924 0.00025125 0.00031875 0.00035435 0.00029945 0.0003827 0.00028425 0.00035155 0.0003497 0.00027855 0.00031505 0.00035045 0.00027245 0.0002925 0.0003169 0.0003122 0.0002804 0.0003515 0.0003231 0.0002509 0.00028255 0.00031955 0.0003425 0.00031995 0.0003156 0.0002809 0.0003526 0.00030265 0.0002797 0.0003258 0.00035435 0.000302 0.0002509 0.00029185
24 0.00039115 0.0003718 0.00041525 0.0001903 0.0002577 0.00029305 0.0002921 0.0002992 0.0003514 0.0003517 0.0004123 0.00037285 0.0002897 0.00040485 0.00043475 0.0002894 0.00039145 0.0004053 0.000191 0.00039055 0.00025115 0.0004162 0.000364 0.00025115 0.0003801 0.0002901 0.00031355 0.00029255 0.00034935 0.0004363 0.0003969 0.00038875 0.0001909 0.0004017 0.00022055 0.00019025 0.00029195 0.0004364 0.0002958 0.00029985 0.00041375 0.0004122 0.00036235 0.0003774 0.0002981 0.00031345 0.000196 0.0004153 0.00029855 0.00037215 0.0001962 0.00026635 0.00040255 0.0002569 0.00041535 0.00031345 0.00028935 0.00043635 0.00029215 0.0001903 0.00031925 0.0004153 0.0002958 0.0004169 0.0002595 0.0004125 0.0004105 0.00026585 0.00035425 0.00038905 0.00027345 0.0002922 0.0003646 0.0003514 0.00027215 0.0004127 0.0003134 0.00024995 0.0002923 0.00036785 0.00039425 0.0003678 0.00030625 0.0002901 0.00040495 0.00030315 0.0003507 0.0003165 0.00036315 0.00026975 0.00019025 0.0002929
25 0.00020835 0.0002985 0.00028885 0.00029025 0.00036505 0.000162 0.0002093 0.0002995 0.0003204 0.0003652 0.00024785 0.00028065 0.00018785 0.0002955 0.0003721 0.00028925 0.00020835 0.00034485 0.00028925 0.000162 0.00028965 0.0003113 0.000422 0.00028965 0.0002901 0.0002416 0.0003105 0.00031615 0.0003929 0.0003741 0.0003625 0.0001871 0.0002891 0.000391 0.00040725 0.0002899 0.00042495 0.00037465 0.000303 0.00021545 0.00028735 0.00024775 0.00018685 0.00020395 0.0003119 0.0002482 0.0004386 0.0003832 0.0003124 0.0002839 0.0002713 0.00012475 0.0003202 0.00022165 0.00031345 0.00031405 0.0002885 0.00037415 0.00042425 0.0002902 0.00039665 0.00031335 0.0002383 0.00042625 0.0003196 0.0002482 0.00024535 0.0001259 0.0002427 0.00021595 0.00021555 0.00031595 0.0001248 0.0002818 0.0002301 0.0003133 0.0004162 0.0002897 0.00018745 0.00016655 0.00034745 0.00021265 0.00040875 0.0003728 0.00039005 0.00032035 0.0003549 0.0003935 0.00049785 0.0004252 0.0002899 0.0001624
26 0.000345 0.00032625 0.0004027 0.0003137 0.00015025 0.0002676 0.00032205 0.00032585 0.0004414 0.00032315 0.0004371 0.0001763 0.00029795 0.00031025 0.00053385 0.0003415 0.00036965 0.0003794 0.0003109 0.0003055 0.0003057 0.00032955 0.0003329 0.0003057 0.00031355 0.0003105 6e-07 0.00032215 0.0003809 0.0005336 0.00021905 0.0003209 0.0003108 0.00041895 0.00039125 0.0003182 0.0003841 0.00053345 0.0003034 0.00014245 0.00040275 0.000437 0.00035145 0.00029275 0.00028585 0.0004146 0.0003161 0.00048045 0.00028645 0.00034175 0.00029765 0.00028125 0.00032515 0.0001427 0.00042665 0.0003556 0.0003493 0.00053365 0.0003922 0.0003185 0.0004171 0.0004266 8.635e-05 0.00043365 0.00032625 0.0004373 0.0004371 0.00028905 0.00015145 0.00038255 0.0001734 0.0003168 0.00031165 0.00015065 0.0002802 0.00041735 0.0004329 0.0002984 0.00030745 0.0002773 0.000418 0.00031625 0.00041245 0.0003408 0.00038805 0.0002635 0.00030875 0.00045435 0.0003455 0.00036135 0.0003182 0.0002757
27 0.00028825 0.00026555 0.00031225 0.0002927 0.00029825 0.00029365 0.00029385 0.0002968 0.00032665 0.0002668 0.00033465 0.0003075 0.00030835 0.00029335 0.00035725 0.00028705 0.00028665 0.00029225 0.00029215 0.00028765 0.00029285 0.0003049 0.00029255 0.00029285 0.00029255 0.00031615 0.00032215 0.0005257 0.00026575 0.00035865 0.00033245 0.00030275 0.00029205 0.0002907 0.0003078 0.0002925 0.00026415 0.0003586 0.00031745 0.00032095 0.00031055 0.00033455 0.00030265 0.0002655 0.0002699 0.0003406 0.00026875 0.0003124 0.0002696 0.00026435 0.00029835 0.00031705 0.00030805 0.000327 0.0003122 0.0003109 0.00028695 0.0003587 0.00026435 0.0002926 0.00031675 0.00031225 0.0003392 0.00033505 0.0003329 0.00033485 0.000333 0.0003177 0.00029255 0.0003362 0.00032125 0.00026375 0.00031175 0.00030845 0.00029495 0.0003267 0.00031095 0.00029205 0.00029405 0.0002893 0.0002643 0.00028965 0.00030375 0.0002792 0.00029355 0.00029225 0.00027925 0.00030295 0.00032755 0.00026435 0.0002925 0.00029325
28 0.000249 0.00012705 0.0002238 0.0003495 0.0003502 0.0003435 0.00031265 0.00029175 0.0002666 0.0001234 0.0002647 0.0003697 0.00038865 0.00023455 0.00019185 0.0002907 0.00026635 0.0001786 0.0003466 0.0002952 0.0003426 0.00024145 0.0002183 0.0003426 0.00034935 0.0003929 0.0003809 0.00026575 2e-07 0.0001931 0.00032695 0.000325 0.0003465 0.00013215 0.00030925 0.000354 0.0001454 0.00019275 0.0003145 0.00041425 0.00022215 0.0002646 0.00035555 0.00027525 0.00028685 0.000329 0.0002771 0.00012035 0.00028775 0.0001437 0.00039195 0.00037495 0.00026435 0.00042725 0.00019955 0.0003145 0.0002996 0.00019315 0.0001546 0.0003543 0.0002567 0.0001995 0.00039605 0.00018445 0.00040645 0.0002649 0.0002632 0.00038285 0.0003341 0.00026815 0.0004452 0.00026 0.00031885 0.0003471 0.0003554 0.00025335 0.0002138 0.0003342 0.00033525 0.0002778 9.42e-05 0.00023155 0.00021185 0.0002701 0.00013115 0.0003258 0.00026725 0.00017265 0.0002621 0.0001222 0.000354 0.0003514
29 0.000266 0.00027295 0.00017715 0.00043645 0.0004931 0.0004054 0.0003751 0.00032765 0.00021275 0.0002731 0.00013685 0.0003973 0.000399 0.00027305 4.3e-06 0.0003322 0.00023825 0.0001882 0.0004338 0.0003115 0.00038445 0.00025485 0.0002361 0.00038445 0.0004363 0.0003741 0.0005336 0.00035865 0.0001931 3e-06 0.0003209 0.0002899 0.0004337 0.00016025 0.00034195 0.00044095 0.0002698 1.65e-06 0.00037285 0.0004577 0.00017995 0.00013685 0.00032065 0.00037415 0.00040275 0.0002464 0.0004174 7.52e-05 0.0004035 0.00025935 0.0004717 0.00040225 0.00025065 0.0005107 0.0001528 0.00030555 0.0003407 1.7e-06 0.0002786 0.00044125 0.00022745 0.00015265 0.0004773 0.00013345 0.000414 0.00013715 0.0001394 0.0004099 0.0004296 0.0002015 0.00048885 0.0003531 0.00030045 0.0004206 0.0004218 0.0001545 0.00019205 0.00037645 0.0003972 0.000341 0.0001653 0.00029465 0.00022235 0.0003406 0.00017095 0.0004015 0.00029305 0.00018945 0.00030125 0.00029245 0.00044095 0.0004142
30 0.0002821 0.00029735 0.00029395 0.00039705 0.00027855 0.00033525 0.00034815 0.0003185 0.00033485 0.00028995 0.0003128 0.00019515 0.0003285 0.0002204 0.0003202 0.00033585 0.0002959 0.000246 0.0003941 0.00028505 0.00034435 0.00022045 0.00021305 0.00034435 0.0003969 0.0003625 0.00021905 0.00033245 0.00032695 0.0003209 0.0003391 0.00026245 0.000394 0.0002446 0.0003958 0.00040155 0.0003245 0.0003217 0.0003418 0.0002717 0.000294 0.0003127 0.0002932 0.0002891 0.00030295 0.00037835 0.0003479 0.00030125 0.00030325 0.0003123 0.00038725 0.00038565 0.0001972 0.0003244 0.00030635 0.0003385 0.00034365 0.00032095 0.0003326 0.00040185 0.0003293 0.0003062 0.00027235 0.0002915 0.0003624 0.000313 0.00031185 0.0003936 0.00025835 0.0003402 0.00030285 0.00032765 0.0003272 0.00022 0.00034455 0.0002705 0.0003398 0.00033705 0.0003635 0.00030935 0.00030015 0.00030575 0.00033 0.0002989 0.00022775 0.00026435 0.0002368 0.0003675 0.00027575 0.00034715 0.00040155 0.0003442
31 0.00011695 0.00021565 0.0001981 0.0003889 0.0003817 0.00021465 0.0002264 0.00030275 0.00025325 0.0002587 0.00017915 0.00017105 0.0001774 0.00016285 0.0002881 0.0002843 0.000123 0.0002345 0.0004031 8.675e-05 0.00031845 0.00017895 0.0002847 0.00031845 0.00038875 0.0001871 0.0003209 0.00030275 0.000325 0.0002899 0.00026245 0.0001354 0.000403 0.0002428 0.0004803 0.0003934 0.00039 0.00029035 0.00033085 0.00024935 0.0001965 0.00017905 9.895e-05 0.00012795 0.00027445 0.0002883 0.00046655 0.00028485 0.00027435 0.0002152 0.0003649 0.0002155 0.0001436 0.00030895 0.00022265 0.0003082 0.0002747 0.00028995 0.0003807 0.0003937 0.00036605 0.00022265 0.00030265 0.00031995 0.00039325 0.0001795 0.0001771 0.0002063 0.00021315 0.000196 0.0002807 0.00029835 9.65e-05 0.0001944 0.0002397 0.00017865 0.00039055 0.00032865 0.00022105 0.0001159 0.00026475 0.00014585 0.0003879 0.000293 0.0002498 0.0002727 0.00020895 0.00039865 0.0004251 0.0004126 0.0003934 0.00020605
32 0.00040555 0.00037755 0.00042115 0.00019105 0.00025865 0.0002833 0.0003025 0.0002905 0.0003513 0.00035745 0.0004182 0.0003783 0.00029995 0.0004106 0.0004321 0.0002892 0.0004056 0.0004023 0.00017535 0.00040495 0.00026105 0.00042195 0.00036925 0.00026105 0.0001909 0.0002891 0.0003108 0.00029205 0.0003465 0.0004337 0.000394 0.000403 0.0003504 0.0004073 0.00021575 0.000186 0.00028305 0.00043375 0.0002867 0.00030605 0.00041955 0.0004181 0.0003717 0.00038695 0.0003076 0.0003154 0.00019585 0.0004126 0.0003079 0.0003777 0.00020175 0.00026525 0.00040815 0.00025865 0.0004212 0.00031325 0.0002977 0.00043375 0.00029185 0.0001861 0.0003203 0.00042115 0.00029365 0.00041435 0.00025625 0.0004184 0.00041635 0.0002762 0.00035985 0.00039485 0.0002751 0.00029685 0.0003789 0.00035705 0.00028255 0.00041845 0.00030955 0.0002501 0.0003027 0.0003821 0.00039125 0.00038215 0.00029755 0.00029825 0.0004021 0.00030285 0.0003644 0.0003077 0.0003554 0.0002609 0.000186 0.00029185
33 0.0002126 0.0001841 0.0001983 0.00040185 0.00037295 0.00036875 0.00032095 0.0003081 0.00024085 0.0001767 0.0002208 0.00028865 0.00035115 0.00017695 0.00015905 0.00029835 0.0002216 0.0001486 0.0004074 0.0002587 0.0003407 0.0001756 0.00015065 0.0003407 0.0004017 0.000391 0.00041895 0.0002907 0.00013215 0.00016025 0.0002446 0.0002428 0.0004073 0.0001727 0.0003493 0.00040635 0.0002005 0.00016 0.00035065 0.00040475 0.0001968 0.0002207 0.00027365 0.00025745 0.00028155 0.0003297 0.000316 0.0001238 0.0002819 0.0001995 0.00041285 0.00041845 0.0001611 0.00046095 0.0001867 0.0003116 0.000298 0.0001603 0.00020045 0.00040665 0.00024395 0.00018665 0.00043815 0.00017845 0.00040345 0.000221 0.00021935 0.0004179 0.0003429 0.0002768 0.000436 0.0002858 0.0003092 0.00031145 0.00035985 0.0001822 0.0002326 0.0003417 0.00035595 0.00028665 0.0001327 0.00024055 0.0002341 0.0002413 0.0001025 0.0002907 0.0001935 0.0002287 0.0002524 0.0002234 0.00040635 0.000368
34 0.00045245 0.0004012 0.00041755 0.0002207 0.0002526 0.00040175 0.000355 0.00032 0.00032575 0.00033855 0.00042315 0.00044485 0.00038285 0.0004252 0.00034265 0.00031325 0.0004389 0.0003869 0.00021585 0.00049805 0.00028105 0.000426 0.00030515 0.00028105 0.00022055 0.00040725 0.00039125 0.0003078 0.00030925 0.00034195 0.0003958 0.0004803 0.00021575 0.0003493 0.0002275 0.00021545 0.00023765 0.000342 0.0003194 0.00040285 0.00041825 0.00042305 0.000449 0.00047145 0.00030365 0.00032605 0.00012285 0.0003482 0.0003038 0.0004016 0.0002119 0.0003816 0.00040695 0.0003471 0.00040595 0.00030835 0.00031275 0.000342 0.00023745 0.00021575 0.0002283 0.0004059 0.00038595 0.000336 0.0002733 0.00042335 0.0004236 0.0003817 0.0004426 0.0004336 0.0003716 0.00031265 0.0004788 0.00042375 0.0003387 0.00039905 0.0002369 0.00028 0.00038975 0.00047345 0.0003849 0.0004273 0.00023915 0.0002709 0.0003558 0.00031615 0.00035445 0.00023375 0.00028345 0.0002155 0.00021545 0.00040145
35 0.0003958 0.00037645 0.0004199 0.0001904 0.0002575 0.00029285 0.00029185 0.00029915 0.00035115 0.00035635 0.00041695 0.0003775 0.00028945 0.0004095 0.0004394 0.0002894 0.0003961 0.00040995 0.0001861 0.0003952 0.0002509 0.00042085 0.00036865 0.0002509 0.00019025 0.0002899 0.0003182 0.0002925 0.000354 0.00044095 0.00040155 0.0003934 0.000186 0.00040635 0.00021545 0.00037 0.0002919 0.00044105 0.0002956 0.00030445 0.0004184 0.00041685 0.0003621 0.0003772 0.0002979 0.0003132 0.0001961 0.00041995 0.00029835 0.0003768 0.0001911 0.00026615 0.0004072 0.00025665 0.00042 0.0003132 0.0002891 0.000441 0.0002919 0.00018545 0.00031905 0.00041995 0.0003004 0.00042155 0.0002544 0.00041715 0.00041515 0.0002657 0.0003589 0.0003937 0.0002732 0.00029715 0.00036925 0.00035605 0.0002719 0.00041735 0.0003183 0.00024965 0.00029205 0.0003725 0.0003989 0.00037245 0.00030625 0.00028985 0.0004096 0.0003029 0.00035535 0.00031625 0.00036295 0.00026975 0.00018505 0.0002927
36 0.00034335 0.0002487 0.00031085 0.0002921 0.0003034 0.00037875 0.0003491 0.0002873 0.0003027 0.0002153 0.0003487 0.0003672 0.00039575 0.0003028 0.00026835 0.0002863 0.00035315 0.0002465 0.00028315 0.0003895 0.0003017 0.00030985 0.0002092 0.0003017 0.00029195 0.00042495 0.0003841 0.00026415 0.0001454 0.0002698 0.0003245 0.00039 0.00028305 0.0002005 0.00023765 0.0002919 0.0002886 0.00026965 0.00031895 0.0004108 0.00030935 0.0003486 0.0003897 0.0003517 0.0002874 0.0003549 0.00018365 0.0002075 0.0002881 0.0002647 0.0003312 0.00042595 0.00030325 0.0004165 0.0002868 0.0003104 0.00029545 0.00026985 0.0001538 0.000292 0.00024655 0.0002867 0.00041615 0.00024195 0.0003363 0.0003489 0.000347 0.000435 0.00038405 0.0003783 0.0004109 0.00026365 0.0004289 0.00036815 0.0003623 0.00031105 0.0002072 0.0002917 0.00037165 0.00039125 0.00019155 0.00034485 0.00020035 0.00023985 0.0001995 0.0003027 0.00025815 0.0001983 0.00022355 0.0001449 0.0002919 0.00038685
37 0.00026635 0.0002726 0.00017775 0.00043655 0.00049295 0.00040555 0.000375 0.0003282 0.00021215 0.000273 0.00013675 0.00039765 0.000399 0.0002728 5.6e-06 0.00033275 0.0002376 0.00018805 0.00043385 0.00031165 0.00038455 0.0002546 0.00023605 0.00038455 0.0004364 0.00037465 0.00053345 0.0003586 0.00019275 1.65e-06 0.0003217 0.00029035 0.00043375 0.00016 0.000342 0.00044105 0.00026965 5e-07 0.00037285 0.0004582 0.0001803 0.0001366 0.0003211 0.0003738 0.0004025 0.0002468 0.00041735 7.535e-05 0.0004033 0.0002591 0.0004717 0.0004022 0.0002505 0.0005107 0.0001523 0.0003048 0.00034125 1.65e-06 0.00027845 0.00044135 0.0002277 0.00015215 0.0004773 0.00013385 0.0004141 0.0001369 0.00014045 0.0004099 0.00042945 0.00020175 0.00048935 0.00035295 0.0003009 0.00042045 0.00042195 0.0001552 0.0001913 0.00037655 0.0003974 0.00034075 0.00016505 0.0002944 0.00022165 0.00034055 0.0001707 0.00040145 0.000293 0.0001894 0.00030135 0.0002923 0.00044105 0.00041405
38 0.00033335 0.0003254 0.0003546 0.00029595 0.0003025 0.0002973 0.0003147 0.00030755 0.00033355 0.0003031 0.00035165 0.00032985 0.0003122 0.00032845 0.00037215 0.0003146 0.00033575 0.0003307 0.0002868 0.0003327 0.0003221 0.000346 0.000336 0.0003221 0.0002958 0.000303 0.0003034 0.00031745 0.0003145 0.00037285 0.0003418 0.00033085 0.0002867 0.00035065 0.0003194 0.0002956 0.00031895 0.00037285 0.0005488 0.00031095 0.00035385 0.00035155 0.00033055 0.0003361 0.000319 0.0003333 0.0003 0.0003566 0.0003194 0.0003256 0.0002976 0.0002898 0.0003261 0.0002984 0.0003549 0.0003334 0.0003223 0.0003729 0.00032695 0.0002959 0.00033745 0.00035485 0.0002941 0.0003238 0.0003222 0.00035185 0.0003507 0.00029915 0.00032005 0.00033905 0.000311 0.0003173 0.0003174 0.0003173 0.0002925 0.000352 0.0003357 0.00031335 0.00031515 0.0003206 0.00034005 0.0003207 0.00031935 0.0003229 0.0003305 0.00030745 0.0003411 0.0003382 0.0003129 0.0003064 0.0002956 0.0003057
39 0.0002723 0.0003236 0.00034525 0.0003 0.0002507 0.00021865 0.00025965 0.00031885 0.0004017 0.00035935 0.0003423 0.00020525 0.0002367 0.0003024 0.00045655 0.00031745 0.0002845 0.00036585 0.00030615 0.0002292 0.0002724 0.0003199 0.0003578 0.0002724 0.00029985 0.00021545 0.00014245 0.00032095 0.00041425 0.0004577 0.0002717 0.00024935 0.00030605 0.00040475 0.00040285 0.00030445 0.0004108 0.0004582 0.00031095 0.0002769 0.0003444 0.0003422 0.0002803 0.00025455 0.000296 0.0003294 0.0003787 0.0004357 0.0002966 0.0003241 0.00028025 0.0002136 0.0003221 0.000172 0.00036965 0.00033685 0.00031655 0.00045775 0.0004102 0.0003048 0.00040825 0.00036965 0.0001406 0.0004374 0.00031455 0.0003425 0.0003409 0.00021245 0.0001882 0.00030985 0.00016985 0.0003157 0.0002247 0.00020735 0.00025285 0.0003647 0.0004284 0.00027315 0.00024125 0.0002282 0.0003867 0.00027085 0.00041685 0.0003543 0.00039295 0.0002937 0.00030795 0.00043015 0.00042275 0.00041115 0.00030445 0.0002185
