 slim_337525537 slim_337525414 slim_337525463 slim_337525510 slim_337525525 slim_337525650 slim_337525586 slim_337525628 slim_337525608 slim_337525613 slim_337525614 slim_337525621 slim_337525649 slim_337525643 slim_337525627 slim_337525585 slim_337525468 slim_337525599 slim_337525593 slim_337525411 slim_337525579 slim_337525530 slim_337525489 slim_337525618 slim_337525502 slim_337525647 slim_337525592 slim_337525528 slim_337525610 slim_337525526 slim_337525306 slim_337525654 slim_337525655 slim_337525601 slim_337525548 slim_337525639 slim_337525638 slim_337525562 slim_337525564 slim_337525604 slim_337525589 slim_337525558 slim_337525559 slim_337525549 slim_337525641 slim_337525653 slim_337525423 slim_337525652 slim_337525591 slim_337525622 slim_337525637 slim_337525634 slim_337525632 slim_337525382 slim_337525580 slim_337525624 slim_337525656 slim_337525658 slim_337525612 slim_337525577 slim_337525434 slim_337525569 slim_337525581 slim_337525605 slim_337525630 slim_337525125 slim_337525512 slim_337525413 slim_337525534 slim_337525401 slim_337525576 slim_337525506 slim_337525556 slim_337525416 slim_337525620 slim_337525644 slim_337525551 slim_337525636 slim_337525642 slim_337525631 slim_337525259 slim_337525607 slim_337525419 slim_337525516 slim_337525615 slim_337525603 slim_337525611 slim_337525633 slim_337525651 slim_337525433 slim_337525635 slim_337525536 slim_337525568 slim_337525645 slim_337525544 slim_337525523 slim_337525582 slim_337525619 slim_337525540 slim_337525563
0 0.0006267 0.0003138 0.00031825 0.0006578 0.0005021 0.00060345 0.00056045 0.0003134 0.00033065 0.00065605 0.0007208 0.00053255 0.00071795 0.00059365 0.00049735 0.0006964 0.0004408 0.0006683 0.0005644 0.00070675 0.00063305 0.00078655 0.00056875 0.00060315 0.0007466 0.0007755 0.00076285 0.0007529 0.0006178 0.00064065 0.0007127 0.0007532 0.0007442 0.0007031 0.00053525 0.0003134 0.00056925 0.00061145 0.00076985 0.0007481 0.00031825 0.0005441 0.00053245 0.00056855 0.0007604 0.0006911 0.0006031 0.00066745 0.00078485 0.00055735 0.00048 0.0007671 0.0007789 0.00046235 0.00068155 0.0004747 0.000748 0.0004973 0.00059185 0.0005325 0.0007574 0.00060035 0.00082405 0.00054095 0.0005287 0.0004408 0.0004427 0.0005336 0.0007372 0.0007124 0.000553 0.0005684 0.0006547 0.0005864 0.00063505 0.0007849 0.00060125 0.00064625 0.0005112 0.00046735 0.0004579 0.0005561 0.00052865 0.00068915 0.0007545 0.00060695 0.0007746 0.0005287 0.0007233 0.0008117 0.00075745 0.00068515 0.00031335 0.00031825 0.00063025 0.00059395 0.0003651 0.0005287 0.00072415 0.0003606
1 0.0003138 1.2e-06 0.0003185 0.00055885 0.0006634 0.0005013 0.00065665 7.5e-07 0.00064325 0.0006115 0.000678 0.0003847 0.0008001 0.0007151 0.0003457 0.00070255 0.00059365 0.0007138 0.00055705 0.0007204 0.00068865 0.0007937 0.0004224 0.0005301 0.0006818 0.00077885 0.00076165 0.00076755 0.00046815 0.00057955 0.00067665 0.0006793 0.00066275 0.00065995 0.000437 8.5e-07 0.0004224 0.0007558 0.00072405 0.00069395 0.0003185 0.0004808 0.00038455 0.0005339 0.0007075 0.0006451 0.0005299 0.00053835 0.000792 0.00054105 0.00058635 0.00079455 0.0007388 0.0003782 0.0007403 0.0005917 0.0007157 0.00034565 0.00064265 0.00038455 0.00075175 0.0004773 0.000844 0.0006562 0.0006447 0.00028065 0.0002057 0.0006495 0.0006653 0.00067635 0.0004889 0.00065785 0.00054685 0.00048215 0.0004875 0.00079205 0.00058505 0.0007231 0.0006719 0.00069615 0.00035655 0.00070775 0.0003316 0.00069175 0.00070135 0.0004849 0.0007579 0.00033165 0.00068575 0.0008166 0.0007518 0.0007223 0.00031375 0.0006316 0.00055595 0.0006843 0.0004536 0.0006447 0.00070415 0.0001358
2 0.00031825 0.0003185 0.0006361 0.00065415 0.00049815 0.0006044 0.0005565 0.00031815 0.00032665 0.00065425 0.000719 0.0005346 0.00071575 0.00059215 0.0004983 0.0006939 0.0004418 0.0006658 0.0005665 0.00070455 0.00063155 0.00078435 0.00057 0.0006044 0.0007448 0.000774 0.00076035 0.0007504 0.00061485 0.000637 0.0007109 0.0007524 0.0007434 0.0007013 0.0005366 0.0003181 0.0005705 0.00060925 0.00076905 0.0007463 0.00031805 0.00054505 0.0005344 0.0005698 0.0007596 0.0006883 0.00060435 0.00066565 0.00078335 0.0005586 0.00047635 0.0007656 0.0007774 0.0004636 0.00067905 0.00047215 0.0007472 0.0004983 0.0005889 0.00053445 0.0007559 0.0006023 0.00082185 0.0005391 0.00053075 0.00044175 0.0004474 0.00053065 0.0007354 0.0007106 0.00055395 0.00056445 0.00065175 0.00058245 0.000637 0.0007834 0.00059875 0.00064375 0.00050725 0.0004637 0.0004577 0.00055745 0.00053065 0.00068635 0.000752 0.0006082 0.0007721 0.00053065 0.0007205 0.0008095 0.00075595 0.00068365 0.00031815 0.00031815 0.0006322 0.000591 0.0003649 0.00053075 0.00072135 0.0003653
3 0.0006578 0.00055885 0.00065415 0.0008694 0.00075795 0.0006548 0.00074825 0.00055865 0.0007534 0.00081215 0.0007699 0.00059805 0.00051035 0.0006612 0.0006625 0.0006126 0.00077325 0.0006602 0.0007384 0.00062605 0.0008025 0.00053545 0.0004967 0.000606 0.0008033 0.0005822 0.0006505 0.0006009 0.00063475 0.0005133 0.0008006 0.00084305 0.00083485 0.00078805 0.00073565 0.0005585 0.00049705 0.0005854 0.00068345 0.0007961 0.00065415 0.0007256 0.0005978 0.0005643 0.00067105 0.0006825 0.00060595 0.0007272 0.0005381 0.0006045 0.00060765 0.00070985 0.00068715 0.0005719 0.0006712 0.00062305 0.0007361 0.00066255 0.0007824 0.0005979 0.00052575 0.00069645 0.00043475 0.00079575 0.00079575 0.00067415 0.00056355 0.0007922 0.00079095 0.0008003 0.0006237 0.0007174 0.0006735 0.0006006 0.00068915 0.00053815 0.00060265 0.0006758 0.00065625 0.0006676 0.00059445 0.0006417 0.00069665 0.0007355 0.0007903 0.00069085 0.0005849 0.0006966 0.00073635 0.000481 0.0005258 0.0007165 0.00065765 0.00075325 0.00071785 0.0006452 0.0007173 0.00079575 0.0006673 0.0006219
4 0.0005021 0.0006634 0.00049815 0.00075795 0.0006664 0.00050695 0.00041955 0.00066315 0.00034065 0.00066325 0.0007107 0.0007012 0.00068645 0.0006218 0.00049825 0.00063865 0.00041285 0.0005334 0.0006384 0.00075685 0.00070535 0.0007584 0.0007275 0.00070895 0.00065375 0.000768 0.0006351 0.0005629 0.0007829 0.0006863 0.0005877 0.0008439 0.00084195 0.0005891 0.0006839 0.00066295 0.0007279 0.0005806 0.0008212 0.0006962 0.00049815 0.00047715 0.00070095 0.0006304 0.0008228 0.0006681 0.0007089 0.0006807 0.00076035 0.00063385 0.00055125 0.0007592 0.0008214 0.00062175 0.00056535 0.00054465 0.00079055 0.0004983 0.00067375 0.00070105 0.00076425 0.0007579 0.0007919 0.0005948 0.00059135 0.00057395 0.0006749 0.0005875 0.0006554 0.00058735 0.0006396 0.00054245 0.00077175 0.0005287 0.0007612 0.0007604 0.0005502 0.0004569 0.00049585 0.00045695 0.00061575 0.0005687 0.00075245 0.0004564 0.00069885 0.00076075 0.00063905 0.0007524 0.0005137 0.00079445 0.0007643 0.0007134 0.00050195 0.00033705 0.0007008 0.00063235 0.0004771 0.00059135 0.00056205 0.00064225
5 0.00060345 0.0005013 0.0006044 0.0006548 0.00050695 0.0006114 0.00052135 0.00050095 0.0007136 0.00065115 0.0006499 0.0005516 0.00071825 0.0007612 0.00040355 0.00061375 0.000607 0.0005567 0.0006998 0.0007176 0.0008003 0.0006134 0.0006098 0.0005842 0.00058355 0.00061835 0.0005226 0.0005127 0.00069255 0.0005914 0.00055025 0.00080385 0.00079435 0.0005486 0.0006612 0.00050075 0.0006103 0.0007174 0.00071555 0.00062375 0.0006044 0.00041995 0.00055135 0.0005115 0.00071405 0.00056425 0.00058415 0.00058115 0.00061465 0.0005668 0.00070605 0.0007222 0.000722 0.00060905 0.0005851 0.0007137 0.00069825 0.0004036 0.00076535 0.00055145 0.00063485 0.0006743 0.0007187 0.0007566 0.00075 0.00050455 0.00043405 0.00075105 0.0005821 0.00054995 0.0005243 0.00062085 0.00071195 0.00044855 0.00055015 0.0006147 0.00054285 0.0005117 0.0006115 0.0007127 0.0005149 0.00066985 0.00064755 0.00040545 0.0006281 0.00067885 0.00055735 0.0006475 0.0003899 0.0006767 0.0006349 0.0007637 0.0006033 0.00070685 0.0005577 0.0006698 0.00062085 0.00075 0.00044395 0.00051765
6 0.00056045 0.00065665 0.0005565 0.00074825 0.00041955 0.00052135 0.0007649 0.0006564 0.000464 0.000618 0.0007157 0.00068265 0.00074195 0.00061605 0.00051935 0.00059285 0.0004236 0.00054945 0.00061035 0.0007505 0.0006558 0.0007422 0.0007293 0.0006419 0.0006181 0.0007352 0.00064115 0.0005926 0.00077375 0.0006827 0.00061805 0.00085695 0.0008534 0.00061235 0.00074405 0.0006562 0.0007297 0.00068125 0.0008093 0.00070655 0.0005565 0.0004522 0.0006824 0.0006705 0.00080395 0.00065785 0.00064185 0.00068165 0.00074415 0.0006691 0.00058565 0.0007894 0.00081295 0.0006687 0.0006203 0.00059975 0.0007811 0.00051955 0.000618 0.0006825 0.00076395 0.0007728 0.00080225 0.00066215 0.0006588 0.0005196 0.00064975 0.00065495 0.0006128 0.0006177 0.0005746 0.0004802 0.00073655 0.00053835 0.0007567 0.0007442 0.00059575 0.00053185 0.000542 0.000569 0.00059175 0.0006128 0.0007548 0.0004803 0.0007101 0.00077655 0.00060995 0.00075475 0.00047505 0.000782 0.000764 0.0007729 0.0005603 0.0004605 0.0007384 0.0005693 0.0004894 0.0006588 0.0005051 0.00058945
7 0.0003134 7.5e-07 0.00031815 0.00055865 0.00066315 0.00050095 0.0006564 3e-07 0.000643 0.00061125 0.00067775 0.0003843 0.00079985 0.00071485 0.0003453 0.0007023 0.0005934 0.00071355 0.0005568 0.00072015 0.0006884 0.00079345 0.000422 0.00053 0.00068155 0.0007786 0.0007614 0.0007673 0.00046795 0.00057935 0.0006764 0.00067905 0.0006625 0.0006597 0.0004366 3e-07 0.00042265 0.00075555 0.0007238 0.0006937 0.00031815 0.0004807 0.00038415 0.00053355 0.00070725 0.00064485 0.00052995 0.0005381 0.00079175 0.0005411 0.0005861 0.0007943 0.00073855 0.0003778 0.00074005 0.00059145 0.00071545 0.0003452 0.0006424 0.0003842 0.0007515 0.0004769 0.00084375 0.00065595 0.00064445 0.00028025 0.0002056 0.00064925 0.00066505 0.0006761 0.000489 0.0006576 0.00054665 0.00048195 0.00048715 0.0007918 0.0005848 0.00072285 0.00067165 0.0006959 0.00035615 0.0007075 0.0003312 0.0006915 0.0007011 0.0004845 0.00075765 0.00033125 0.0006855 0.00081635 0.00075155 0.00072205 0.00031335 0.00063135 0.0005556 0.00068405 0.00045365 0.00064445 0.0007039 0.0001362
8 0.00033065 0.00064325 0.00032665 0.0007534 0.00034065 0.0007136 0.000464 0.000643 2.07e-05 0.00069965 0.00076265 0.00068845 0.00062895 0.0004682 0.00065705 0.00068645 0.0002966 0.000619 0.00058035 0.00068625 0.00057345 0.00077255 0.0007201 0.0006809 0.00081045 0.00076815 0.00076025 0.00073445 0.00076695 0.0006984 0.0007478 0.00082595 0.0008245 0.0007453 0.00063875 0.0006428 0.0007205 0.00046025 0.0008146 0.0008013 0.00032665 0.00061515 0.0006882 0.00060815 0.00081225 0.00073635 0.00068085 0.0007956 0.0007738 0.00057825 0.00037035 0.00073565 0.000815 0.0005515 0.000619 0.00034645 0.00077915 0.0006571 0.0005406 0.0006883 0.00075905 0.00073125 0.00079725 0.0004173 0.00042125 0.000609 0.0006961 0.00041735 0.00080815 0.0007475 0.00062465 0.0004787 0.00076205 0.00069035 0.0007904 0.00077385 0.00061365 0.0005656 0.00035025 0.00023535 0.0005678 0.00041015 0.00073365 0.0006858 0.00080385 0.000734 0.0007875 0.0007336 0.0007601 0.00079995 0.0007591 0.000644 0.0003305 1.425e-05 0.00071235 0.00050315 0.0002848 0.00042125 0.0007434 0.0006013
9 0.00065605 0.0006115 0.00065425 0.00081215 0.00066325 0.00065115 0.000618 0.00061125 0.00069965 0.0008408 0.00054105 0.0006425 0.00083695 0.0006819 0.0006203 0.0006477 0.00056055 0.0006879 0.00060565 0.00068915 0.00051145 0.00082065 0.0007428 0.0006869 0.000493 0.00074395 0.0007074 0.00075215 0.00058545 0.00080615 0.00052525 0.0004316 0.000421 0.00052535 0.00056775 0.00061105 0.0007432 0.0007991 0.0006167 0.00050455 0.00065425 0.0005944 0.00064225 0.000736 0.00061715 0.00056605 0.00068685 0.00048375 0.00082 0.0007346 0.0007203 0.0006598 0.0006283 0.00070505 0.00069335 0.00071805 0.0005474 0.00062035 0.0005138 0.00064235 0.0007597 0.0005574 0.0008744 0.0005612 0.0005607 0.0005158 0.00066125 0.00055915 0.00049345 0.0005248 0.00063485 0.00063365 0.00059615 0.00068965 0.0005472 0.00082005 0.0006731 0.00071415 0.0007039 0.00074825 0.0006626 0.0007573 0.00051605 0.000645 0.00051365 0.00056685 0.00072555 0.00051605 0.000591 0.0008444 0.00075975 0.00062085 0.0006559 0.000699 0.00058905 0.00067685 0.0006284 0.0005607 0.00063785 0.00058555
10 0.0007208 0.000678 0.000719 0.0007699 0.0007107 0.0006499 0.0007157 0.00067775 0.00076265 0.00054105 0.0007606 0.00067625 0.00085055 0.0008002 0.0006695 0.00076615 0.0007325 0.0007691 0.0006532 0.00064955 0.00057315 0.0008182 0.00075405 0.0007856 0.00051985 0.00074495 0.0006325 0.0007461 0.0005448 0.00078415 0.00052085 0.0003871 0.00038105 0.00053255 0.00056355 0.00067755 0.00075445 0.0008703 0.00059735 0.00041225 0.000719 0.00070855 0.000676 0.0007544 0.0006089 0.00056135 0.00078555 0.00048515 0.00081755 0.0007786 0.00079535 0.0006325 0.00060325 0.0007739 0.000657 0.00079895 0.00052745 0.00066955 0.00057515 0.0006761 0.00072825 0.00054765 0.0008304 0.0005728 0.0005723 0.0006895 0.0006735 0.0005703 0.00053145 0.00052085 0.00073355 0.0005751 0.00057855 0.00068535 0.0005099 0.0008176 0.00072995 0.0007657 0.0007359 0.00081535 0.0006954 0.0007893 0.0005293 0.00052075 0.00042165 0.00055695 0.00074915 0.00052895 0.0006215 0.0008229 0.0007283 0.0006309 0.00072065 0.000762 0.00054405 0.00074585 0.0007581 0.0005723 0.0006851 0.000717
11 0.00053255 0.0003847 0.0005346 0.00059805 0.0007012 0.0005516 0.00068265 0.0003843 0.00068845 0.0006425 0.00067625 0.0007685 0.00066475 0.0006082 0.000551 0.0006486 0.00065835 0.0006631 0.0005862 0.00056995 0.00065705 0.0005404 0.00052255 0.0005056 0.00067495 0.0004495 0.00063715 0.00068945 0.0005923 0.00057665 0.0006835 0.00064915 0.0006494 0.0006708 0.00059085 0.0003843 0.00052305 0.00066835 0.00057825 0.00067885 0.0005346 0.00060705 0.00038425 0.00052695 0.0005657 0.00058285 0.00050555 0.00059435 0.0005368 0.0005268 0.00061145 0.00062665 0.00058165 0.00052625 0.00068815 0.0006138 0.00051685 0.00055095 0.00064845 0.00038425 0.00052285 0.0005859 0.00066075 0.00067045 0.00066505 0.0005101 0.0003918 0.0006671 0.00066245 0.0006832 0.00047245 0.00067525 0.0006343 0.0006265 0.0005176 0.00053685 0.000604 0.0006929 0.0005668 0.0006767 0.00043875 0.0005974 0.0005167 0.0007102 0.000691 0.00059825 0.0006593 0.00051675 0.00063775 0.00058775 0.0005229 0.0006588 0.00053255 0.0006829 0.00056205 0.0005255 0.00059075 0.00066505 0.0005746 0.0004408
12 0.00071795 0.0008001 0.00071575 0.00051035 0.00068645 0.00071825 0.00074195 0.00079985 0.00062895 0.00083695 0.00085055 0.00066475 0.0003382 0.0004187 0.0007706 0.0004662 0.0006995 0.00047095 0.00081945 0.00054865 0.0008161 0.00028265 0.00048455 0.0005209 0.00085765 0.00041055 0.00052105 0.00045535 0.00088115 0.00055095 0.0008262 0.0009117 0.00091105 0.00082075 0.00078505 0.00079965 0.00048495 0.0001692 0.00060675 0.0008398 0.00071575 0.00074575 0.0006645 0.00043215 0.00060145 0.0006907 0.00052085 0.0008459 0.00028825 0.00046255 0.00046305 0.00055695 0.0006018 0.0004844 0.0004687 0.0004606 0.0007203 0.00077065 0.0008267 0.0006646 0.00036675 0.00078125 0.0001693 0.0007684 0.0007734 0.00078145 0.00074845 0.0007713 0.0008524 0.0008259 0.0005993 0.00076615 0.00087805 0.0007964 0.0008032 0.0002883 0.0004751 0.0004552 0.0005402 0.0004005 0.0007125 0.0004635 0.00085535 0.00076555 0.0008224 0.00076405 0.000471 0.0008553 0.0007558 0.0002305 0.0003668 0.0005408 0.0007178 0.0006338 0.00075865 0.00057495 0.00069095 0.0007734 0.0006265 0.0007752
13 0.00059365 0.0007151 0.00059215 0.0006612 0.0006218 0.0007612 0.00061605 0.00071485 0.0004682 0.0006819 0.0008002 0.0006082 0.0004187 0.0005898 0.00074455 0.0005554 0.00052025 0.000529 0.0006796 0.00058775 0.000607 0.00049075 0.0006284 0.00052035 0.0007817 0.00050155 0.00066045 0.0006584 0.00078805 0.0006123 0.00078505 0.0007989 0.00079585 0.0007756 0.00071445 0.00071465 0.0006288 0.00029495 0.00064865 0.00081855 0.00059215 0.0006566 0.00060795 0.00052155 0.00063935 0.0007347 0.0005203 0.00080355 0.0004908 0.00052 0.00043375 0.000613 0.0006537 0.0005048 0.00056795 0.00043515 0.00064865 0.0007446 0.00062675 0.00060805 0.00053425 0.0007654 0.000542 0.00063115 0.000634 0.0006415 0.00072125 0.0006326 0.00077245 0.00078475 0.0005469 0.00063105 0.0007571 0.00077735 0.0007721 0.00049085 0.0005533 0.00053455 0.0005123 0.0003823 0.00068925 0.0004868 0.00075525 0.00078925 0.0008183 0.00076535 0.00065255 0.0007552 0.00077535 0.0005219 0.0005343 0.0005505 0.0005935 0.0004709 0.00073615 0.00048895 0.00050425 0.000634 0.00066135 0.0006271
14 0.00049735 0.0003457 0.0004983 0.0006625 0.00049825 0.00040355 0.00051935 0.0003453 0.00065705 0.0006203 0.0006695 0.000551 0.0007706 0.00074455 0.0006903 0.0006471 0.0005645 0.0005812 0.00062875 0.0007725 0.00076225 0.00076755 0.00057955 0.0006346 0.00059055 0.00077265 0.0006362 0.00057975 0.00063605 0.0006287 0.00055325 0.0007706 0.0007611 0.0005474 0.000584 0.0003452 0.0005801 0.00072695 0.000776 0.00064365 0.0004983 0.0004127 0.00055075 0.0005942 0.0007705 0.0006247 0.00063455 0.0005531 0.0007688 0.0006164 0.00066105 0.00078795 0.0007826 0.000536 0.0006264 0.000664 0.00075885 0.00034535 0.0007273 0.00055085 0.0007599 0.00063255 0.00081385 0.0007117 0.0007051 0.0004125 0.00043315 0.00070615 0.0005851 0.0005529 0.0005747 0.00063565 0.0006667 0.00042815 0.0006114 0.00076885 0.0005362 0.00053605 0.0006603 0.0006892 0.00051425 0.0007188 0.0005531 0.0004616 0.000648 0.0006371 0.00062465 0.00055305 0.00047875 0.00080135 0.00075995 0.00075185 0.0004972 0.0006503 0.00062425 0.00072545 0.0005659 0.0007051 0.00054465 0.0004132
15 0.0006964 0.00070255 0.0006939 0.0006126 0.00063865 0.00061375 0.00059285 0.0007023 0.00068645 0.0006477 0.00076615 0.0006486 0.0004662 0.0005554 0.0006471 0.0008417 0.00055555 0.0005085 0.00074405 0.0006583 0.00074085 0.00050785 0.00056165 0.00052915 0.0006988 0.00054625 0.00054845 0.0005065 0.0008394 0.0006593 0.00073335 0.00087705 0.0008748 0.00072095 0.00078435 0.0007021 0.00056205 0.00051155 0.000691 0.00072695 0.0006939 0.0005762 0.00064835 0.00057355 0.00067875 0.00062115 0.0005291 0.00072375 0.00051275 0.00057305 0.0006054 0.000684 0.0006902 0.0006068 0.00054515 0.0006055 0.0007348 0.00064715 0.0007342 0.00064845 0.0005309 0.0007269 0.00042105 0.00078085 0.0007825 0.00056155 0.000662 0.0007801 0.0006866 0.00073305 0.00052895 0.0006255 0.00081025 0.00069805 0.0007553 0.0005128 0.0005423 0.00055165 0.0005916 0.0005986 0.00064985 0.0005938 0.00078845 0.00062455 0.0007189 0.00071905 0.00046325 0.0007884 0.0005185 0.00045945 0.00053095 0.0006973 0.00069625 0.00068795 0.00075285 0.00057295 0.00062305 0.0007825 0.00051025 0.0006316
16 0.0004408 0.00059365 0.0004418 0.00077325 0.00041285 0.000607 0.0004236 0.0005934 0.0002966 0.00056055 0.0007325 0.00065835 0.0006995 0.00052025 0.0005645 0.00055555 0.0005759 0.0005502 0.00061725 0.00074405 0.00060255 0.0007714 0.000708 0.00059995 0.00068115 0.00075275 0.00068145 0.0006794 0.00077855 0.00072435 0.0006845 0.00083645 0.0008334 0.00067505 0.00067605 0.0005932 0.0007084 0.00057595 0.00080895 0.000718 0.0004418 0.00047655 0.0006581 0.00062715 0.00079965 0.00065785 0.0005999 0.000703 0.00077265 0.00059955 0.0005011 0.0007721 0.0008128 0.00058455 0.0005891 0.00049365 0.0007783 0.00056455 0.0005724 0.0006582 0.00078145 0.00072345 0.00082265 0.00056795 0.00056065 0.00044065 0.0006293 0.00056175 0.0006719 0.0006842 0.0005309 0.00047145 0.0007476 0.00062975 0.000756 0.0007727 0.00057445 0.0005557 0.0004674 0.00043315 0.00057505 0.000535 0.0007133 0.00058345 0.00072135 0.000727 0.00067355 0.00071325 0.00053675 0.00080255 0.0007815 0.00070975 0.00044065 0.00028915 0.00072005 0.0005328 0.0003539 0.00056065 0.00058675 0.00050565
17 0.0006683 0.0007138 0.0006658 0.0006602 0.0005334 0.0005567 0.00054945 0.00071355 0.000619 0.0006879 0.0007691 0.0006631 0.00047095 0.000529 0.0005812 0.0005085 0.0005502 0.000805 0.00070265 0.00068105 0.00078085 0.00052185 0.0006262 0.00056595 0.0006758 0.000564 0.00054465 0.00049415 0.00083995 0.00064365 0.0006737 0.0008909 0.00089855 0.00066455 0.0007581 0.00071335 0.0006266 0.0004025 0.00071175 0.0007299 0.0006658 0.0005326 0.00066285 0.00053355 0.00070275 0.0006419 0.0005659 0.0007124 0.00052675 0.00054975 0.00056195 0.00066975 0.00070125 0.00055795 0.00048175 0.0005602 0.00075555 0.00058125 0.0007742 0.00066295 0.0006043 0.0008051 0.0005389 0.000759 0.00076065 0.0005955 0.0006765 0.00075825 0.00066685 0.0006734 0.00056575 0.0006447 0.0008156 0.0006152 0.00078165 0.0005268 0.0004646 0.00042565 0.00056675 0.0005104 0.00066435 0.000569 0.00080595 0.0005441 0.00072185 0.00079725 0.00047075 0.0008059 0.00047515 0.00052725 0.00060435 0.00064495 0.00066815 0.0006205 0.0007442 0.00059175 0.00061725 0.00076065 0.00048425 0.00066515
18 0.0005644 0.00055705 0.0005665 0.0007384 0.0006384 0.0006998 0.00061035 0.0005568 0.00058035 0.00060565 0.0006532 0.0005862 0.00081945 0.0006796 0.00062875 0.00074405 0.00061725 0.00070265 0.0007915 0.00067895 0.00053835 0.0007952 0.0006909 0.00070395 0.00059825 0.00069355 0.0007978 0.00076315 0.00060015 0.0007597 0.00062475 0.0005488 0.0005491 0.0006085 0.00062185 0.0005567 0.0006913 0.00081345 0.00065655 0.00066285 0.0005665 0.0006685 0.000586 0.00075615 0.0006403 0.00067825 0.0007039 0.00057055 0.0007916 0.0007446 0.000645 0.00069615 0.00066025 0.000685 0.000795 0.00063675 0.00058215 0.0006288 0.00053425 0.0005861 0.0007083 0.000626 0.00082505 0.00056655 0.00056045 0.0006096 0.0006378 0.00056245 0.00058205 0.0006246 0.00066165 0.0006387 0.00061765 0.00067625 0.0006241 0.00079165 0.0007029 0.000757 0.00063175 0.0006949 0.0005684 0.00067155 0.00055285 0.00072905 0.00067415 0.00063735 0.00070845 0.00055265 0.0006801 0.00079835 0.00070835 0.00068135 0.0005643 0.0005741 0.00065975 0.0005877 0.0006063 0.00056045 0.00066735 0.00059675
19 0.00070675 0.0007204 0.00070455 0.00062605 0.00075685 0.0007176 0.0007505 0.00072015 0.00068625 0.00068915 0.00064955 0.00056995 0.00054865 0.00058775 0.0007725 0.0006583 0.00074405 0.00068105 0.00067895 0.0007684 0.0005985 0.00041115 0.0006206 0.00058225 0.0006957 0.0004025 0.00059005 0.00067325 0.00065725 0.00060975 0.00070425 0.0005834 0.0005837 0.0007082 0.00068175 0.00071995 0.000621 0.0005758 0.00048995 0.0006635 0.00070455 0.00080195 0.0005697 0.00059305 0.00049405 0.00056855 0.0005822 0.00064835 0.00041675 0.00059455 0.00059685 0.00053375 0.0004839 0.00064785 0.0006594 0.00058775 0.00050165 0.00077255 0.0006298 0.0005698 0.00047575 0.0006782 0.0005211 0.00063335 0.00063835 0.0007575 0.0006642 0.00063625 0.00069985 0.00070395 0.00061815 0.00069565 0.0006991 0.00077795 0.00059715 0.0004168 0.0006446 0.00070025 0.00057325 0.00063245 0.0006081 0.0005388 0.0006517 0.00077 0.000646 0.0006609 0.0006537 0.00065175 0.0007524 0.0004533 0.0004758 0.00057955 0.0007066 0.0006911 0.00064615 0.0005358 0.00073405 0.00063835 0.00063265 0.0007498
20 0.00063305 0.00068865 0.00063155 0.0008025 0.00070535 0.0008003 0.0006558 0.0006884 0.00057345 0.00051145 0.00057315 0.00065705 0.0008161 0.000607 0.00076225 0.00074085 0.00060255 0.00078085 0.00053835 0.0005985 0.0007897 0.0007998 0.00077095 0.00071505 0.00058375 0.0007095 0.00080035 0.0008451 0.00057345 0.0007965 0.00061585 0.0004062 0.00039565 0.00061595 0.00058405 0.0006882 0.00077135 0.00077825 0.0005944 0.00059515 0.00063155 0.00073635 0.0006568 0.00077135 0.00059465 0.0006563 0.000715 0.00057455 0.00079985 0.00076275 0.0006443 0.0006366 0.000605 0.0007332 0.0007863 0.0006427 0.0005106 0.0007623 0.00043545 0.0006569 0.00071995 0.00058335 0.00085355 0.00048365 0.0004865 0.00065795 0.0007372 0.0004851 0.00058405 0.00061555 0.00069175 0.00061295 0.00058415 0.0007938 0.0005802 0.0007999 0.00076605 0.0008071 0.00066095 0.00067655 0.00067175 0.0006853 0.00054175 0.00079325 0.00059465 0.00058315 0.0008185 0.00054185 0.0007977 0.00082355 0.00072 0.00059755 0.0006329 0.00057615 0.00062205 0.0005954 0.0006057 0.0004865 0.00075955 0.0006627
21 0.00078655 0.0007937 0.00078435 0.00053545 0.0007584 0.0006134 0.0007422 0.00079345 0.00077255 0.00082065 0.0008182 0.0005404 0.00028265 0.00049075 0.00076755 0.00050785 0.0007714 0.00052185 0.0007952 0.00041115 0.0007998 9.54e-05 0.0005226 0.00039905 0.00081525 0.00016745 0.0003921 0.000497 0.0008486 0.00041585 0.00080995 0.00087095 0.00087825 0.00080125 0.00082715 0.00079325 0.000523 0.0003131 0.00046875 0.00080745 0.00078435 0.000746 0.00054015 0.0003991 0.0004602 0.0005527 0.000399 0.00079575 5.365e-05 0.0004124 0.00053595 0.0004663 0.0004583 0.00055315 0.0005247 0.0005373 0.00058275 0.0007676 0.0008104 0.00054025 0.000303 0.0008321 0.0002518 0.0008238 0.0008288 0.00077835 0.00062385 0.0008267 0.00080675 0.00080965 0.0004778 0.0007503 0.0008422 0.0007804 0.0006818 5.37e-05 0.00051335 0.0005273 0.0004904 0.00054425 0.0005878 0.0004142 0.00083575 0.00074975 0.00079005 0.0008149 0.0004912 0.0008357 0.0006554 0.0001498 0.00030305 0.00059035 0.0007864 0.0007774 0.00068495 0.00045695 0.00076285 0.0008288 0.0004789 0.0007721
22 0.00056875 0.0004224 0.00057 0.0004967 0.0007275 0.0006098 0.0007293 0.000422 0.0007201 0.0007428 0.00075405 0.00052255 0.00048455 0.0006284 0.00057955 0.00056165 0.000708 0.0006262 0.0006909 0.0006206 0.00077095 0.0005226 0.0008437 0.00053195 0.00076385 0.0005686 0.00062945 0.00057985 0.00067825 0.0005752 0.00076115 0.0007934 0.0007852 0.0007486 0.0006433 0.0004219 0.0004224 0.00054665 0.0006515 0.00075665 0.00057 0.00064335 0.0005223 0.00051455 0.0006391 0.000654 0.0005319 0.0006878 0.00052455 0.00053045 0.0005839 0.0006786 0.0006559 0.0004842 0.0006372 0.00058615 0.0007041 0.0005796 0.00075325 0.0005224 0.0005063 0.0006034 0.00042195 0.00075345 0.0007502 0.0005613 0.000475 0.00075155 0.0007515 0.00076085 0.00055065 0.00072205 0.00071695 0.0006543 0.00063395 0.0005246 0.0005687 0.0006418 0.000635 0.0006324 0.0005323 0.00061455 0.0006035 0.00072985 0.00075165 0.0005986 0.0005638 0.00060345 0.00070465 0.0004681 0.00050635 0.0006723 0.0005686 0.0007167 0.00066265 0.0006337 0.00063385 0.0007502 0.00064725 0.00048615
23 0.00060315 0.0005301 0.0006044 0.000606 0.00070895 0.0005842 0.0006419 0.00053 0.0006809 0.0006869 0.0007856 0.0005056 0.0005209 0.00052035 0.0006346 0.00052915 0.00059995 0.00056595 0.00070395 0.00058225 0.00071505 0.00039905 0.00053195 0.0007423 0.00074895 0.0004261 0.00057645 0.00063685 0.0007641 0.00055265 0.00079475 0.0008441 0.0008503 0.0007822 0.00070625 0.0005298 0.0005322 0.00050745 0.00061285 0.0007882 0.0006044 0.00055525 0.00050535 0.0004683 0.00060045 0.00061535 0.0003715 0.00076935 0.00040135 0.000439 0.0005822 0.0006242 0.0006088 0.0005186 0.0006166 0.00058315 0.0006657 0.00063465 0.00069735 0.00050545 0.00053555 0.0006977 0.00053395 0.0007664 0.00076315 0.00052685 0.00045775 0.0007645 0.0007366 0.00079445 0.00039055 0.0006326 0.00073825 0.00070865 0.00063985 0.0004014 0.0005981 0.00062325 0.0005442 0.0005932 0.00051505 0.00052405 0.00069005 0.0007299 0.0007832 0.0006929 0.0005792 0.00069 0.0006183 0.0004526 0.0005356 0.0006765 0.000603 0.0006775 0.00065315 0.0004815 0.0005254 0.00076315 0.0005286 0.00045095
24 0.0007466 0.0006818 0.0007448 0.0008033 0.00065375 0.00058355 0.0006181 0.00068155 0.00081045 0.000493 0.00051985 0.00067495 0.00085765 0.0007817 0.00059055 0.0006988 0.00068115 0.0006758 0.00059825 0.0006957 0.00058375 0.00081525 0.00076385 0.00074895 0.00087 0.00073855 0.0006762 0.00067315 0.000598 0.0008087 0.00046765 0.00044625 0.00043565 0.00047865 0.00060835 0.00068135 0.00076425 0.0008687 0.00062135 0.00048335 0.0007448 0.00059425 0.0006747 0.0007681 0.00063265 0.00057065 0.0007489 0.00046865 0.0008146 0.00078795 0.0008081 0.0006687 0.0006329 0.000775 0.00069965 0.0008056 0.000552 0.0005906 0.0005861 0.0006748 0.0007429 0.0005927 0.0008462 0.0006239 0.0006234 0.00061615 0.0006937 0.00062185 0.0004464 0.0004672 0.0006969 0.00067015 0.00061085 0.00063 0.0005518 0.00081465 0.00068545 0.00068405 0.0007566 0.00083845 0.00069505 0.00081 0.0005585 0.0005516 0.00049245 0.00060215 0.00066455 0.0005585 0.0005414 0.0008276 0.00074295 0.00066295 0.00074645 0.0008098 0.00059795 0.0007391 0.00074855 0.0006234 0.00056995 0.00068545
25 0.0007755 0.00077885 0.000774 0.0005822 0.000768 0.00061835 0.0007352 0.0007786 0.00076815 0.00074395 0.00074495 0.0004495 0.00041055 0.00050155 0.00077265 0.00054625 0.00075275 0.000564 0.00069355 0.0004025 0.0007095 0.00016745 0.0005686 0.0004261 0.00073855 0.0002403 0.00046405 0.00056295 0.00078025 0.0005185 0.0007608 0.00073785 0.0007549 0.0007521 0.0007925 0.0007784 0.000569 0.00046205 0.00043775 0.0007342 0.000774 0.00074935 0.0004493 0.000466 0.0004292 0.0005238 0.00042605 0.0007208 0.00016785 0.00045815 0.00059265 0.00045815 0.0004246 0.0006202 0.0005876 0.000593 0.0004376 0.0007727 0.0007292 0.00044935 0.00029435 0.00075925 0.00035865 0.00076065 0.0007635 0.0007559 0.00058795 0.0007621 0.00073005 0.0007605 0.000453 0.0007192 0.00078555 0.00078625 0.00061255 0.0001679 0.00057455 0.0006143 0.00047185 0.0006158 0.0005416 0.00044645 0.00076665 0.0007507 0.00073395 0.0007592 0.0005123 0.0007666 0.0006117 0.00023945 0.0002944 0.00059525 0.00077535 0.00077085 0.000633 0.00038945 0.00075075 0.0007635 0.00044825 0.0007555
26 0.00076285 0.00076165 0.00076035 0.0006505 0.0006351 0.0005226 0.00064115 0.0007614 0.00076025 0.0007074 0.0006325 0.00063715 0.00052105 0.00066045 0.0006362 0.00054845 0.00068145 0.00054465 0.0007978 0.00059005 0.00080035 0.0003921 0.00062945 0.00057645 0.0006762 0.00046405 0.0007377 0.00050455 0.0008098 0.0005617 0.00066365 0.00081565 0.00081625 0.0006626 0.0007672 0.0007612 0.00062985 0.00054415 0.00062055 0.0005927 0.00076035 0.00062425 0.0006369 0.00053915 0.00061965 0.00055025 0.0005764 0.00066935 0.000397 0.00056965 0.00067 0.00060445 0.0006159 0.00065265 0.00045645 0.0006717 0.00066455 0.00063625 0.0007937 0.000637 0.00051845 0.00077705 0.00049755 0.0007885 0.00079015 0.00068005 0.00065045 0.00078775 0.00067535 0.00066335 0.00057625 0.00060985 0.00079525 0.00065725 0.0006753 0.00039705 0.00053345 0.0005275 0.0005873 0.0006518 0.00063825 0.00058975 0.00078875 0.0004797 0.00058465 0.0007692 0.00052135 0.0007887 0.00045705 0.0004565 0.0005185 0.00068025 0.0007627 0.00076175 0.0006638 0.00061995 0.00074845 0.00079015 0.0004757 0.00074965
27 0.0007529 0.00076755 0.0007504 0.0006009 0.0005629 0.0005127 0.0005926 0.0007673 0.00073445 0.00075215 0.0007461 0.00068945 0.00045535 0.0006584 0.00057975 0.0005065 0.0006794 0.00049415 0.00076315 0.00067325 0.0008451 0.000497 0.00057985 0.00063685 0.00067315 0.00056295 0.00050455 0.0007845 0.00084665 0.00062485 0.0006383 0.00088525 0.0008841 0.00063665 0.0007909 0.0007671 0.00058025 0.00051835 0.000704 0.0007069 0.0007504 0.0005757 0.0006892 0.0005755 0.00070265 0.00063415 0.0006368 0.00070305 0.0005019 0.00060605 0.00065915 0.00067255 0.00070025 0.0006427 0.00052385 0.000659 0.0007478 0.0005799 0.00083845 0.0006893 0.00051515 0.00075935 0.00039245 0.0008095 0.00081115 0.00069385 0.00070285 0.00080875 0.00067185 0.00063795 0.00063665 0.0007004 0.0008373 0.00060075 0.0007585 0.00050195 0.00052035 0.0004553 0.00062395 0.000626 0.0006907 0.00062615 0.0008256 0.00050025 0.00069885 0.0007515 0.0004312 0.00082555 0.0004982 0.0004535 0.0005152 0.0007024 0.00075275 0.00073595 0.0007316 0.0006754 0.0007464 0.00081115 0.0004883 0.00076345
28 0.0006178 0.00046815 0.00061485 0.00063475 0.0007829 0.00069255 0.00077375 0.00046795 0.00076695 0.00058545 0.0005448 0.0005923 0.00088115 0.00078805 0.00063605 0.0008394 0.00077855 0.00083995 0.00060015 0.00065725 0.00057345 0.0008486 0.00067825 0.0007641 0.000598 0.00078025 0.0008098 0.00084665 0.0007616 0.0006605 0.00059255 0.00039775 0.0003816 0.0005926 0.0005194 0.0004678 0.0006786 0.0008733 0.0006097 0.00057375 0.00061485 0.00074415 0.00059205 0.0007271 0.0006096 0.0006276 0.00076405 0.00048775 0.0008457 0.0007664 0.0007229 0.0006858 0.00062565 0.0006705 0.00081975 0.00073595 0.0005487 0.0006361 0.000562 0.00059215 0.00075495 0.00052745 0.0008886 0.0005766 0.00057445 0.00062875 0.00056315 0.0005713 0.00059795 0.00059255 0.00072995 0.0007259 0.00045945 0.00059255 0.0004814 0.00084575 0.0007338 0.00083865 0.0007689 0.0008176 0.00060755 0.00080555 0.00042465 0.0007563 0.0005854 0.000539 0.0008476 0.0004243 0.0008092 0.00086635 0.000755 0.00064045 0.00061765 0.00076465 0.0005542 0.00074945 0.000723 0.00057445 0.00079525 0.0005762
29 0.00064065 0.00057955 0.000637 0.0005133 0.0006863 0.0005914 0.0006827 0.00057935 0.0006984 0.00080615 0.00078415 0.00057665 0.00055095 0.0006123 0.0006287 0.0006593 0.00072435 0.00064365 0.0007597 0.00060975 0.0007965 0.00041585 0.0005752 0.00055265 0.0008087 0.0005185 0.0005617 0.00062485 0.0006605 0.000737 0.00077185 0.0008681 0.00086565 0.00075925 0.00072575 0.0005792 0.00057555 0.0005304 0.0006669 0.00081035 0.000637 0.00066005 0.0005764 0.00051755 0.00065445 0.00066595 0.0005526 0.00075205 0.0004185 0.0005453 0.00058635 0.00065625 0.0006671 0.00055475 0.00064255 0.00060285 0.00071975 0.00062875 0.0007764 0.0005765 0.00057465 0.0007756 0.0005711 0.00078365 0.00078365 0.0006631 0.00054205 0.0007801 0.0007963 0.00077155 0.00057035 0.00069485 0.0006542 0.0005668 0.0006853 0.00041855 0.0005846 0.00060415 0.0005968 0.0006126 0.0005729 0.0005825 0.0007224 0.0006902 0.00080455 0.00077 0.000664 0.00072235 0.0007129 0.0005172 0.0005747 0.00070065 0.0006405 0.00069825 0.00067695 0.00061115 0.0006684 0.00078365 0.00062535 0.00061085
30 0.0007127 0.00067665 0.0007109 0.0008006 0.0005877 0.00055025 0.00061805 0.0006764 0.0007478 0.00052525 0.00052085 0.0006835 0.0008262 0.00078505 0.00055325 0.00073335 0.0006845 0.0006737 0.00062475 0.00070425 0.00061585 0.00080995 0.00076115 0.00079475 0.00046765 0.0007608 0.00066365 0.0006383 0.00059255 0.00077185 0.0008597 0.0004398 0.00043065 0.00044115 0.00057445 0.0006762 0.00076155 0.00080605 0.00063005 0.00048435 0.0007109 0.0005942 0.00068325 0.0007381 0.000641 0.00057905 0.0007947 0.00046355 0.0008093 0.00076775 0.0007742 0.0006483 0.00063855 0.0007411 0.0006722 0.0007717 0.00056025 0.0005533 0.0006179 0.00068335 0.0007441 0.00059015 0.00084595 0.00059015 0.00058965 0.00064825 0.00070225 0.00058765 0.00047865 0.00043005 0.0007427 0.0007087 0.00062305 0.0005927 0.00055055 0.00080935 0.00065145 0.000618 0.0007364 0.0007758 0.0007036 0.0007898 0.0005534 0.00052085 0.00049375 0.00059945 0.00069365 0.00055305 0.00057085 0.0008386 0.00074415 0.00062615 0.00071255 0.00074715 0.00056775 0.00077945 0.0007519 0.00058965 0.00061605 0.00071755
31 0.0007532 0.0006793 0.0007524 0.00084305 0.0008439 0.00080385 0.00085695 0.00067905 0.00082595 0.0004316 0.0003871 0.00064915 0.0009117 0.0007989 0.0007706 0.00087705 0.00083645 0.0008909 0.0005488 0.0005834 0.0004062 0.00087095 0.0007934 0.0008441 0.00044625 0.00073785 0.00081565 0.00088525 0.00039775 0.0008681 0.0004398 3.46e-05 1.8e-05 0.0004565 0.0004266 0.00067885 0.0007938 0.0009152 0.0004315 0.0003818 0.0007524 0.00084685 0.0006489 0.00083035 0.0004482 0.00055345 0.00084405 0.0003752 0.00086545 0.000836 0.0008214 0.0005074 0.00043705 0.000797 0.0008305 0.00081585 0.00031825 0.00077065 0.00043445 0.000649 0.0007281 0.0004002 0.0009078 0.00042175 0.00042245 0.00076235 0.00074355 0.00042155 0.00046295 0.0004397 0.0008188 0.00080415 0.00046915 0.00082025 0.000382 0.0008655 0.0008241 0.0008886 0.00081605 0.00087055 0.0007346 0.0008417 0.0003484 0.00080935 0.000399 0.0004174 0.0008872 0.0003481 0.00085945 0.00088225 0.00072815 0.0004665 0.00075305 0.0008265 0.0004518 0.00077515 0.0008287 0.00042245 0.0008405 0.0007555
32 0.0007442 0.00066275 0.0007434 0.00083485 0.00084195 0.00079435 0.0008534 0.0006625 0.0008245 0.000421 0.00038105 0.0006494 0.00091105 0.00079585 0.0007611 0.0008748 0.0008334 0.00089855 0.0005491 0.0005837 0.00039565 0.00087825 0.0007852 0.0008503 0.00043565 0.0007549 0.00081625 0.0008841 0.0003816 0.00086565 0.00043065 1.8e-05 1.7e-06 0.00044725 0.00041765 0.0006623 0.0007856 0.00091375 0.00043175 0.0003757 0.0007434 0.0008433 0.00064915 0.00082135 0.0004487 0.0005539 0.00085025 0.00035865 0.00087275 0.0008438 0.0008124 0.00051545 0.00045045 0.000788 0.0008316 0.00080685 0.0003189 0.00076115 0.00042425 0.00064925 0.0007199 0.000392 0.00090795 0.00041275 0.00041345 0.00075175 0.0007438 0.0004129 0.0004526 0.0004302 0.000825 0.00080365 0.00046 0.00081075 0.0003649 0.0008728 0.0008151 0.00088665 0.00082385 0.0008691 0.00073485 0.0008495 0.0003319 0.00080995 0.0003926 0.00040925 0.00089565 0.0003319 0.0008697 0.00089085 0.00071995 0.00047065 0.00074405 0.00082505 0.00044305 0.00079205 0.00082565 0.00041345 0.0008467 0.0007449
33 0.0007031 0.00065995 0.0007013 0.00078805 0.0005891 0.0005486 0.00061235 0.0006597 0.0007453 0.00052535 0.00053255 0.0006708 0.00082075 0.0007756 0.0005474 0.00072095 0.00067505 0.00066455 0.0006085 0.0007082 0.00061595 0.00080125 0.0007486 0.0007822 0.00047865 0.0007521 0.0006626 0.00063665 0.0005926 0.00075925 0.00044115 0.0004565 0.00044725 0.0008705 0.0005815 0.0006595 0.000749 0.00080355 0.000634 0.00049605 0.0007013 0.0005885 0.00067055 0.0007325 0.00062825 0.0005831 0.00078215 0.0004634 0.0008006 0.00076215 0.0007646 0.00064765 0.0006425 0.0007315 0.00067425 0.0007621 0.0005643 0.0005476 0.0006181 0.00067065 0.00073555 0.00059425 0.00083755 0.0005972 0.0005967 0.0006317 0.00068955 0.0005948 0.00047295 0.000441 0.00073015 0.0007038 0.0006232 0.0005869 0.0005545 0.00080065 0.00064175 0.0006194 0.0007308 0.0007733 0.0006909 0.0007842 0.00055335 0.00052685 0.00050535 0.00060355 0.00068155 0.0005531 0.0005586 0.00083005 0.0007356 0.0006332 0.00070295 0.00074465 0.0005671 0.0007669 0.00074245 0.0005967 0.0006144 0.000701
34 0.00053525 0.000437 0.0005366 0.00073565 0.0006839 0.0006612 0.00074405 0.0004366 0.00063875 0.00056775 0.00056355 0.00059085 0.00078505 0.00071445 0.000584 0.00078435 0.00067605 0.0007581 0.00062185 0.00068175 0.00058405 0.00082715 0.0006433 0.00070625 0.00060835 0.0007925 0.0007672 0.0007909 0.0005194 0.00072575 0.00057445 0.0004266 0.00041765 0.0005815 0.0008147 0.00043655 0.0006438 0.00071975 0.0006305 0.00056885 0.0005366 0.00065195 0.00059075 0.0006554 0.0006377 0.000648 0.0007062 0.00054085 0.0008291 0.00065165 0.0006936 0.0006287 0.00063575 0.0005781 0.00071975 0.0006912 0.0005814 0.00058395 0.0005871 0.0005908 0.0007629 0.00047675 0.00084995 0.000529 0.0005257 0.0005774 0.00054405 0.00052705 0.0006156 0.00057415 0.00068245 0.000733 0.00055615 0.00067635 0.0005045 0.00082915 0.0006921 0.00072545 0.0007146 0.00067825 0.000614 0.0007367 0.0004268 0.00072025 0.0005637 0.0004718 0.0008232 0.000427 0.0007876 0.00084495 0.00076295 0.00057585 0.00053525 0.0006353 0.00050425 0.000769 0.00060465 0.0005257 0.00079585 0.000505
35 0.0003134 8.5e-07 0.0003181 0.0005585 0.00066295 0.00050075 0.0006562 3e-07 0.0006428 0.00061105 0.00067755 0.0003843 0.00079965 0.00071465 0.0003452 0.0007021 0.0005932 0.00071335 0.0005567 0.00071995 0.0006882 0.00079325 0.0004219 0.0005298 0.00068135 0.0007784 0.0007612 0.0007671 0.0004678 0.0005792 0.0006762 0.00067885 0.0006623 0.0006595 0.00043655 3e-07 0.0004226 0.00075535 0.0007236 0.0006935 0.0003181 0.0004805 0.00038405 0.00053335 0.00070705 0.00064465 0.00052975 0.00053795 0.00079155 0.0005409 0.0005859 0.0007941 0.00073835 0.0003777 0.00073985 0.0005913 0.00071525 0.00034525 0.0006422 0.00038415 0.0007513 0.00047675 0.00084355 0.00065575 0.00064425 0.00028015 0.0002055 0.00064905 0.00066485 0.0006759 0.0004888 0.0006574 0.00054645 0.0004818 0.00048695 0.0007916 0.00058465 0.00072265 0.00067145 0.0006957 0.0003559 0.0007073 0.0003312 0.0006913 0.0007009 0.00048435 0.00075745 0.00033115 0.0006853 0.00081615 0.00075135 0.00072185 0.00031325 0.00063115 0.0005554 0.00068385 0.00045345 0.00064425 0.0007037 0.0001361
