 slim_337526311 slim_337526263 slim_337526202 slim_337526197 slim_337526134 slim_337525891 slim_337526333 slim_337526098 slim_337526342 slim_337526257 slim_337526334 slim_337526345 slim_337526057 slim_337526231 slim_337526351 slim_337525671 slim_337526319 slim_337526327 slim_337526330 slim_337526268 slim_337526336 slim_337526168 slim_337526159 slim_337526157 slim_337526273 slim_337526232 slim_337526292 slim_337526184 slim_337526348 slim_337526316 slim_337526296 slim_337526332 slim_337526341 slim_337526283 slim_337526275 slim_337526255 slim_337526196 slim_337526325 slim_337525974 slim_337526314 slim_337526312 slim_337526221 slim_337526218 slim_337526322 slim_337526259 slim_337526339 slim_337526303 slim_337526216 slim_337525900 slim_337526247 slim_337525978 slim_337526315 slim_337526178 slim_337526349 slim_337525967 slim_337526058 slim_337526155 slim_337526295 slim_337526250 slim_337526340 slim_337526328 slim_337526350 slim_337526326 slim_337526286 slim_337526210 slim_337526261 slim_337526192 slim_337526114 slim_337526344 slim_337526149 slim_337526331 slim_337526299 slim_337526240 slim_337525917 slim_337526289 slim_337526243 slim_337526256 slim_337526309 slim_337526310 slim_337526298 slim_337526285 slim_337526223 slim_337526185 slim_337526284 slim_337526346 slim_337526269 slim_337526321 slim_337526279 slim_337526297 slim_337525848 slim_337526136 slim_337526073 slim_337526265 slim_337526129 slim_337526291 slim_337526293 slim_337526248 slim_337526347 slim_337526145 slim_337526300
0 7.79e-05 4.295e-05 4.31e-05 5.35e-05 4.135e-05 6.365e-05 4.135e-05 7.555e-05 6.435e-05 5.415e-05 4.145e-05 4.35e-05 4.17e-05 5.195e-05 4.25e-05 4.13e-05 5.38e-05 5.415e-05 5.34e-05 5.175e-05 3.945e-05 4.17e-05 4.375e-05 5.39e-05 5.105e-05 5.36e-05 5.405e-05 5.18e-05 4.31e-05 5.18e-05 5.2e-05 4.055e-05 4.3e-05 4.33e-05 4.99e-05 5.345e-05 6.625e-05 8.71e-05 4.315e-05 5.305e-05 6.62e-05 6.47e-05 4.365e-05 5.2e-05 6.45e-05 5.33e-05 6.66e-05 4.31e-05 6.41e-05 4.315e-05 5.395e-05 4.3e-05 3.935e-05 3.895e-05 4.39e-05 7.545e-05 7.35e-05 5.365e-05 6.625e-05 4.325e-05 5.2e-05 5.37e-05 4.36e-05 7.46e-05 5.175e-05 5.215e-05 4.3e-05 4.385e-05 5.135e-05 4.19e-05 5.405e-05 4.38e-05 4.31e-05 3.905e-05 4.35e-05 4.34e-05 5.395e-05 4.29e-05 5.34e-05 5.445e-05 5.405e-05 6.405e-05 4.375e-05 5.415e-05 5.38e-05 4.1e-05 3.965e-05 5.17e-05 4.335e-05 6.385e-05 6.605e-05 5.355e-05 6.12e-05 4.22e-05 4.29e-05 5.155e-05 6.4e-05 7.69e-05 5.445e-05 4.175e-05
1 4.295e-05 6.97e-05 4.745e-05 5.27e-05 4.255e-05 5.8e-05 4.18e-05 7.56e-05 5.765e-05 4.755e-05 3.6e-05 4.085e-05 4.28e-05 4.735e-05 4.2e-05 4.205e-05 5.265e-05 5.175e-05 4.77e-05 5.32e-05 3.69e-05 3.66e-05 3.63e-05 4.61e-05 5.36e-05 4.76e-05 5.29e-05 4.735e-05 4.275e-05 4.785e-05 4.73e-05 4.205e-05 4.805e-05 4.72e-05 4.25e-05 5.265e-05 6.08e-05 8.18e-05 4.675e-05 4.61e-05 6.075e-05 5.975e-05 4.205e-05 4.72e-05 6.035e-05 4.64e-05 6.05e-05 3.57e-05 5.775e-05 4.705e-05 4.795e-05 4.765e-05 4.305e-05 4.295e-05 3.575e-05 7.585e-05 7.06e-05 5.32e-05 6.525e-05 4.685e-05 4.73e-05 5.3e-05 4.175e-05 7.695e-05 4.74e-05 4.745e-05 4.765e-05 3.56e-05 4.775e-05 4.115e-05 4.825e-05 4.62e-05 3.7e-05 4.295e-05 4.1e-05 3.495e-05 4.715e-05 4.305e-05 5.295e-05 4.74e-05 4.7e-05 5.815e-05 3.705e-05 4.835e-05 4.635e-05 3.595e-05 3.755e-05 5.34e-05 4.725e-05 5.75e-05 6.58e-05 5.23e-05 6.12e-05 3.845e-05 4.775e-05 4.71e-05 5.81e-05 7.15e-05 4.73e-05 3.71e-05
2 4.31e-05 4.745e-05 6.03e-05 5.09e-05 4.01e-05 6.97e-05 4e-05 7.11e-05 7.155e-05 6.06e-05 4.94e-05 3.95e-05 4.08e-05 6.065e-05 4.055e-05 4.055e-05 5.155e-05 5.46e-05 5.635e-05 5.385e-05 4.98e-05 4.735e-05 4.63e-05 5.995e-05 5.365e-05 5.79e-05 5.18e-05 5.99e-05 3.795e-05 5.99e-05 6.07e-05 4.075e-05 3.04e-05 3.1e-05 5.385e-05 5.085e-05 6.83e-05 9.15e-05 3.02e-05 5.87e-05 6.825e-05 7.03e-05 3.81e-05 6.06e-05 7.095e-05 5.895e-05 6.835e-05 4.58e-05 7.08e-05 3.085e-05 5.825e-05 3.08e-05 4.32e-05 4.31e-05 4.665e-05 7.175e-05 8.08e-05 5.055e-05 6.1e-05 3.035e-05 6.07e-05 5.095e-05 3.835e-05 7.51e-05 6.07e-05 6.085e-05 3.095e-05 4.695e-05 6.055e-05 4.435e-05 6.045e-05 3.465e-05 5.015e-05 4.31e-05 4.005e-05 4.88e-05 5.77e-05 3.965e-05 5.055e-05 5.835e-05 5.795e-05 7.065e-05 4.585e-05 6.055e-05 5.935e-05 4.805e-05 4.815e-05 5.405e-05 3.105e-05 7.055e-05 6.12e-05 5.13e-05 5.645e-05 4.87e-05 3.085e-05 6.045e-05 7.06e-05 7.93e-05 5.87e-05 4.725e-05
3 5.35e-05 5.27e-05 5.09e-05 4.42e-05 2.4e-05 2.47e-05 5.225e-05 7.51e-05 2.28e-05 4.775e-05 5.205e-05 7.865e-05 5.395e-05 2.415e-05 5.21e-05 5.28e-05 5.175e-05 5.2e-05 3.435e-05 5.2e-05 2.535e-05 2.565e-05 5.165e-05 5.015e-05 5.28e-05 2.44e-05 5.2e-05 2.525e-05 5.325e-05 2.465e-05 2.41e-05 2.44e-05 2.235e-05 7.995e-05 5.805e-05 2.22e-05 4.875e-05 4.72e-05 7.92e-05 2.485e-05 4.87e-05 4.805e-05 5.305e-05 2.38e-05 4.825e-05 2.525e-05 4.84e-05 2.69e-05 2.4e-05 7.98e-05 2.48e-05 5.14e-05 5.36e-05 5.35e-05 5.18e-05 7.565e-05 4.81e-05 2.395e-05 7.515e-05 7.93e-05 2.41e-05 2.28e-05 5.335e-05 7.625e-05 2.42e-05 2.425e-05 5.125e-05 5.215e-05 2.485e-05 5.195e-05 2.6e-05 7.9e-05 5.33e-05 5.35e-05 7.92e-05 7.835e-05 2.58e-05 2.35e-05 2.38e-05 2.445e-05 2.4e-05 2.335e-05 2.58e-05 2.61e-05 5.16e-05 2.64e-05 5.325e-05 5.23e-05 8e-05 2.37e-05 4.65e-05 5.13e-05 4.18e-05 5.4e-05 5.105e-05 2.395e-05 2.33e-05 4.875e-05 2.485e-05 2.555e-05
4 4.135e-05 4.255e-05 4.01e-05 2.4e-05 2.25e-05 3.49e-05 4.005e-05 7.54e-05 3.665e-05 4.97e-05 4.075e-05 6.92e-05 4.335e-05 2.4e-05 4.15e-05 4.05e-05 5.325e-05 5.285e-05 3.5e-05 5.36e-05 1.2e-05 1.375e-05 4.21e-05 5.295e-05 5.315e-05 2.585e-05 5.35e-05 2.37e-05 4.22e-05 2.35e-05 2.395e-05 1.135e-05 1.155e-05 6.94e-05 4.94e-05 2.395e-05 3.88e-05 5.985e-05 6.875e-05 2.59e-05 3.875e-05 3.725e-05 4.265e-05 2.43e-05 3.675e-05 2.615e-05 3.88e-05 1.565e-05 3.6e-05 6.925e-05 2.62e-05 4.05e-05 4.12e-05 4.135e-05 4.25e-05 7.56e-05 4.69e-05 2.375e-05 6.55e-05 6.885e-05 2.405e-05 2.405e-05 4.27e-05 7.735e-05 2.43e-05 2.41e-05 4.065e-05 4.26e-05 2.345e-05 4.075e-05 2.565e-05 6.955e-05 4.25e-05 4.135e-05 6.965e-05 6.945e-05 2.555e-05 1.23e-05 2.375e-05 2.63e-05 2.59e-05 3.6e-05 1.56e-05 2.575e-05 5.245e-05 1.385e-05 4.11e-05 5.38e-05 6.945e-05 3.575e-05 3.685e-05 5.3e-05 3.195e-05 4.315e-05 4.025e-05 2.405e-05 3.595e-05 4.975e-05 2.645e-05 1.33e-05
5 6.365e-05 5.8e-05 6.97e-05 2.47e-05 3.49e-05 3.6e-06 6.215e-05 7.845e-05 7.4e-06 3.865e-05 5.45e-05 8.92e-05 6.56e-05 1.735e-05 6.195e-05 6.225e-05 5.24e-05 4.705e-05 3.035e-05 5.355e-05 2.735e-05 2.915e-05 5.64e-05 4.42e-05 5.335e-05 2.005e-05 5.265e-05 1.46e-05 6.515e-05 1.54e-05 1.74e-05 3.585e-05 4.235e-05 9.73e-05 6.38e-05 2.465e-05 5.63e-05 3.325e-05 9.7e-05 2.085e-05 5.625e-05 5.36e-05 6.45e-05 1.73e-05 5.35e-05 2.11e-05 5.525e-05 3.315e-05 4.65e-06 9.715e-05 2.04e-05 6.975e-05 6.375e-05 6.365e-05 5.645e-05 7.88e-05 4.355e-05 2.235e-05 8.83e-05 9.71e-05 1.74e-05 2.49e-05 6.44e-05 7.965e-05 1.74e-05 1.755e-05 6.975e-05 5.64e-05 1.725e-05 5.965e-05 1.53e-05 9.46e-05 5.565e-05 6.365e-05 8.93e-05 8.145e-05 1.675e-05 3.29e-05 2.21e-05 1.975e-05 1.935e-05 5.3e-06 3.315e-05 1.54e-05 4.16e-05 3.105e-05 5.83e-05 5.375e-05 9.735e-05 4.4e-06 6.085e-05 5.215e-05 5.615e-05 5.9e-05 6.97e-05 1.715e-05 5.25e-06 4.63e-05 1.975e-05 2.915e-05
6 4.135e-05 4.18e-05 4e-05 5.225e-05 4.005e-05 6.215e-05 7.71e-05 7.395e-05 6.355e-05 5.3e-05 3.99e-05 3.955e-05 4.345e-05 5.11e-05 4.02e-05 3.92e-05 5.175e-05 5.2e-05 5.135e-05 5.34e-05 3.93e-05 4.115e-05 4.1e-05 5.19e-05 5.305e-05 5.3e-05 5.2e-05 5.11e-05 4.095e-05 5.07e-05 5.115e-05 4e-05 4.125e-05 3.93e-05 4.85e-05 5.22e-05 6.61e-05 8.65e-05 3.86e-05 5.31e-05 6.605e-05 6.395e-05 4.14e-05 5.14e-05 6.41e-05 5.335e-05 6.615e-05 4.315e-05 6.32e-05 3.92e-05 5.335e-05 4.05e-05 4.12e-05 4.135e-05 4.17e-05 7.415e-05 7.42e-05 5.23e-05 6.405e-05 3.865e-05 5.115e-05 5.245e-05 4.15e-05 7.725e-05 5.14e-05 5.13e-05 4.05e-05 4.185e-05 5.085e-05 3.98e-05 5.275e-05 3.99e-05 4.14e-05 4.135e-05 4.02e-05 4.045e-05 5.305e-05 4.095e-05 5.205e-05 5.345e-05 5.305e-05 6.3e-05 4.285e-05 5.285e-05 5.17e-05 4.125e-05 4.13e-05 5.36e-05 3.94e-05 6.295e-05 6.525e-05 5.15e-05 6.035e-05 4.305e-05 4.01e-05 5.115e-05 6.295e-05 7.7e-05 5.365e-05 4.08e-05
7 7.555e-05 7.56e-05 7.11e-05 7.51e-05 7.54e-05 7.845e-05 7.395e-05 0.0001393 7.815e-05 7.84e-05 7.815e-05 7.355e-05 7.345e-05 7.82e-05 7.46e-05 7.435e-05 7.44e-05 7.84e-05 7.315e-05 7.535e-05 7.83e-05 7.605e-05 7.515e-05 7.76e-05 7.495e-05 7.535e-05 7.465e-05 7.86e-05 7.175e-05 7.815e-05 7.825e-05 7.55e-05 7.235e-05 7.025e-05 7.55e-05 7.505e-05 7.29e-05 7.425e-05 6.97e-05 7.58e-05 7.285e-05 7.5e-05 7.2e-05 7.815e-05 7.565e-05 7.605e-05 7.325e-05 7.405e-05 7.855e-05 7.01e-05 7.57e-05 7.14e-05 7.565e-05 7.555e-05 7.535e-05 7.055e-05 7.39e-05 7.59e-05 7.135e-05 6.975e-05 7.825e-05 7.53e-05 7.235e-05 7.255e-05 7.825e-05 7.84e-05 7.14e-05 7.575e-05 7.79e-05 7.795e-05 7.925e-05 7.38e-05 7.86e-05 7.555e-05 7.395e-05 7.765e-05 7.66e-05 7.555e-05 7.565e-05 7.6e-05 7.56e-05 7.795e-05 7.41e-05 7.935e-05 7.815e-05 7.61e-05 7.54e-05 7.555e-05 7.03e-05 7.83e-05 7.255e-05 7.415e-05 7.315e-05 7.605e-05 7.14e-05 7.8e-05 7.79e-05 7.27e-05 7.645e-05 7.595e-05
8 6.435e-05 5.765e-05 7.155e-05 2.28e-05 3.665e-05 7.4e-06 6.355e-05 7.815e-05 0.0 3.795e-05 5.43e-05 8.87e-05 6.765e-05 1.49e-05 6.28e-05 6.42e-05 5.06e-05 4.9e-05 2.89e-05 5.06e-05 2.865e-05 3.18e-05 5.635e-05 3.995e-05 5.23e-05 1.86e-05 5.085e-05 1.845e-05 6.775e-05 1.705e-05 1.435e-05 3.665e-05 4.445e-05 9.935e-05 6.18e-05 2.275e-05 5.695e-05 2.97e-05 9.85e-05 1.875e-05 5.69e-05 5.295e-05 6.72e-05 1.495e-05 5.325e-05 1.92e-05 5.625e-05 3.595e-05 4.15e-06 9.92e-05 1.825e-05 7.215e-05 6.445e-05 6.435e-05 5.66e-05 7.86e-05 4.315e-05 2.665e-05 8.815e-05 9.86e-05 1.435e-05 2.29e-05 6.76e-05 7.775e-05 1.495e-05 1.45e-05 7.215e-05 5.705e-05 1.68e-05 5.905e-05 1.91e-05 9.41e-05 5.58e-05 6.435e-05 8.935e-05 7.935e-05 2.185e-05 3.625e-05 2.62e-05 1.745e-05 1.775e-05 3.5e-06 3.345e-05 1.92e-05 4.355e-05 3.26e-05 5.9e-05 5.01e-05 9.94e-05 4.6e-06 6.105e-05 5.045e-05 5.63e-05 5.965e-05 7.185e-05 1.5e-05 3.45e-06 4.59e-05 1.795e-05 3.17e-05
9 5.415e-05 4.755e-05 6.06e-05 4.775e-05 4.97e-05 3.865e-05 5.3e-05 7.84e-05 3.795e-05 7.59e-05 4.455e-05 5.515e-05 5.635e-05 4.03e-05 5.235e-05 5.32e-05 5.155e-05 4.775e-05 4.4e-05 5.23e-05 4.21e-05 4.415e-05 4.66e-05 4.23e-05 5.305e-05 4.315e-05 5.18e-05 4.02e-05 5.63e-05 4.04e-05 4.005e-05 5e-05 5.715e-05 6.435e-05 5.26e-05 4.77e-05 7.01e-05 6.56e-05 6.395e-05 4.355e-05 7.005e-05 6.705e-05 5.55e-05 4.03e-05 6.72e-05 4.39e-05 6.9e-05 4.78e-05 3.815e-05 6.42e-05 4.315e-05 6.075e-05 5.425e-05 5.415e-05 4.635e-05 7.88e-05 6.74e-05 4.8e-05 7.81e-05 6.405e-05 4.005e-05 4.79e-05 5.555e-05 7.88e-05 4.035e-05 4.02e-05 6.075e-05 4.645e-05 4.12e-05 4.95e-05 4.095e-05 6.055e-05 4.595e-05 5.415e-05 5.535e-05 4.66e-05 4.255e-05 4.85e-05 4.765e-05 4.245e-05 4.24e-05 3.865e-05 4.69e-05 4.105e-05 4.23e-05 4.55e-05 4.88e-05 5.215e-05 6.44e-05 3.825e-05 7.46e-05 5.135e-05 7e-05 4.955e-05 6.08e-05 4.025e-05 3.86e-05 6.98e-05 4.26e-05 4.395e-05
10 4.145e-05 3.6e-05 4.94e-05 5.205e-05 4.075e-05 5.45e-05 3.99e-05 7.815e-05 5.43e-05 4.455e-05 6.08e-05 4e-05 4.655e-05 4.28e-05 4.085e-05 4.045e-05 5.215e-05 4.87e-05 4.73e-05 5.285e-05 3.085e-05 3.62e-05 3.545e-05 4.265e-05 5.315e-05 4.78e-05 5.24e-05 4.28e-05 4.535e-05 4.315e-05 4.28e-05 4.025e-05 5.01e-05 4.935e-05 4.24e-05 5.2e-05 6.405e-05 8.14e-05 4.86e-05 4.73e-05 6.4e-05 5.86e-05 4.545e-05 4.23e-05 5.89e-05 4.755e-05 6.37e-05 4.085e-05 5.475e-05 4.92e-05 4.815e-05 4.99e-05 4.155e-05 4.145e-05 3.615e-05 7.78e-05 6.94e-05 5.29e-05 6.755e-05 4.87e-05 4.28e-05 5.23e-05 4.535e-05 7.95e-05 4.285e-05 4.295e-05 4.99e-05 3.61e-05 4.315e-05 3.66e-05 4.505e-05 4.54e-05 3.295e-05 4.145e-05 4.055e-05 3.085e-05 4.81e-05 4.16e-05 5.265e-05 4.79e-05 4.75e-05 5.455e-05 4e-05 4.515e-05 4.325e-05 3.56e-05 3.625e-05 5.305e-05 4.94e-05 5.45e-05 6.82e-05 5.185e-05 6.33e-05 3.81e-05 4.95e-05 4.255e-05 5.45e-05 7.46e-05 4.79e-05 3.61e-05
11 4.35e-05 4.085e-05 3.95e-05 7.865e-05 6.92e-05 8.92e-05 3.955e-05 7.355e-05 8.87e-05 5.515e-05 4e-05 1.98e-05 4.415e-05 7.91e-05 3.96e-05 4.03e-05 5.02e-05 5.015e-05 6.835e-05 5.305e-05 6.935e-05 6.985e-05 3.935e-05 4.915e-05 5.38e-05 7.955e-05 5.045e-05 7.955e-05 4.1e-05 7.935e-05 7.905e-05 6.95e-05 6.885e-05 1.075e-05 4.64e-05 7.86e-05 9.33e-05 0.0001128 9.95e-06 8.005e-05 9.325e-05 9.145e-05 4.08e-05 7.895e-05 9.265e-05 8.035e-05 9.3e-05 7.13e-05 8.925e-05 1.065e-05 7.99e-05 4.01e-05 4.36e-05 4.35e-05 4e-05 7.41e-05 0.0001032 7.96e-05 6.295e-05 1e-05 7.905e-05 7.895e-05 4.105e-05 7.725e-05 7.915e-05 7.92e-05 4.01e-05 4.03e-05 7.985e-05 3.98e-05 8e-05 1.025e-05 4.1e-05 4.35e-05 1.065e-05 1.025e-05 8.03e-05 6.88e-05 7.935e-05 7.965e-05 7.925e-05 8.895e-05 7.015e-05 8.01e-05 4.985e-05 7.06e-05 4.36e-05 5.325e-05 1.085e-05 8.9e-05 9.23e-05 4.985e-05 8.755e-05 4.405e-05 4e-05 7.885e-05 8.89e-05 0.0001039 8e-05 6.975e-05
12 4.17e-05 4.28e-05 4.08e-05 5.395e-05 4.335e-05 6.56e-05 4.345e-05 7.345e-05 6.765e-05 5.635e-05 4.655e-05 4.415e-05 7.49e-05 5.68e-05 4.365e-05 4.31e-05 5.405e-05 5.64e-05 5.425e-05 5.265e-05 4.6e-05 4.165e-05 4.39e-05 5.73e-05 5.215e-05 5.34e-05 5.43e-05 5.545e-05 4.045e-05 5.61e-05 5.685e-05 4.315e-05 4.06e-05 4.08e-05 4.99e-05 5.39e-05 6.295e-05 8.725e-05 4.095e-05 5.28e-05 6.29e-05 6.61e-05 3.945e-05 5.675e-05 6.625e-05 5.305e-05 6.26e-05 3.795e-05 6.63e-05 4.065e-05 5.375e-05 4.04e-05 4.18e-05 4.17e-05 4.285e-05 7.365e-05 7.59e-05 5.3e-05 6.37e-05 4.105e-05 5.685e-05 5.415e-05 3.885e-05 7.26e-05 5.685e-05 5.7e-05 4.04e-05 4.235e-05 5.64e-05 4.68e-05 5.605e-05 4.44e-05 4.705e-05 4.17e-05 4.375e-05 4.715e-05 5.125e-05 4.345e-05 5.275e-05 5.33e-05 5.29e-05 6.68e-05 4.03e-05 5.615e-05 5.61e-05 4.22e-05 4.22e-05 5.255e-05 4.085e-05 6.605e-05 6.34e-05 5.38e-05 5.895e-05 4.28e-05 4.09e-05 5.66e-05 6.675e-05 7.375e-05 5.285e-05 4.24e-05
13 5.195e-05 4.735e-05 6.065e-05 2.415e-05 2.4e-05 1.735e-05 5.11e-05 7.82e-05 1.49e-05 4.03e-05 4.28e-05 7.91e-05 5.68e-05 2.86e-05 5.2e-05 5.165e-05 5.18e-05 4.97e-05 2.94e-05 5.195e-05 1.505e-05 1.965e-05 4.665e-05 4.26e-05 5.24e-05 1.985e-05 5.205e-05 1.665e-05 5.645e-05 1.565e-05 1.47e-05 2.37e-05 3.34e-05 8.855e-05 5.295e-05 2.41e-05 4.67e-05 4.205e-05 8.78e-05 1.96e-05 4.665e-05 4.185e-05 5.655e-05 1.51e-05 4.155e-05 1.99e-05 4.635e-05 2.445e-05 1.655e-05 8.84e-05 2.005e-05 6.115e-05 5.18e-05 5.195e-05 4.715e-05 7.83e-05 4.17e-05 2.605e-05 7.82e-05 8.79e-05 1.47e-05 2.4e-05 5.67e-05 7.845e-05 1.47e-05 1.485e-05 6.115e-05 4.735e-05 1.535e-05 4.77e-05 1.85e-05 8.45e-05 4.48e-05 5.195e-05 7.965e-05 7.035e-05 2.135e-05 2.49e-05 2.57e-05 1.97e-05 1.945e-05 1.595e-05 2.295e-05 1.86e-05 4.425e-05 1.98e-05 4.66e-05 5.2e-05 8.86e-05 1.645e-05 5.09e-05 5.19e-05 4.6e-05 4.855e-05 6.065e-05 1.49e-05 1.59e-05 4.65e-05 1.995e-05 1.93e-05
14 4.25e-05 4.2e-05 4.055e-05 5.21e-05 4.15e-05 6.195e-05 4.02e-05 7.46e-05 6.28e-05 5.235e-05 4.085e-05 3.96e-05 4.365e-05 5.2e-05 7.8e-05 4e-05 5.1e-05 5.135e-05 5.225e-05 5.34e-05 4.1e-05 4.17e-05 4.075e-05 5.115e-05 5.41e-05 5.28e-05 5.125e-05 5.175e-05 4.125e-05 5.21e-05 5.2e-05 4.22e-05 4.175e-05 3.93e-05 4.755e-05 5.205e-05 6.58e-05 8.615e-05 3.93e-05 5.33e-05 6.575e-05 6.47e-05 4.08e-05 5.195e-05 6.485e-05 5.35e-05 6.545e-05 4.37e-05 6.255e-05 3.92e-05 5.315e-05 4.035e-05 4.28e-05 4.25e-05 4.115e-05 7.515e-05 7.52e-05 5.225e-05 6.39e-05 3.94e-05 5.2e-05 5.235e-05 4.115e-05 7.7e-05 5.185e-05 5.215e-05 4.035e-05 4.145e-05 5.275e-05 4.065e-05 5.27e-05 3.985e-05 4.235e-05 4.25e-05 3.95e-05 4.01e-05 5.275e-05 4.125e-05 5.21e-05 5.29e-05 5.25e-05 6.275e-05 4.26e-05 5.28e-05 5.105e-05 4.275e-05 4.24e-05 5.36e-05 3.935e-05 6.23e-05 6.5e-05 5.07e-05 6.015e-05 4.365e-05 4.045e-05 5.145e-05 6.27e-05 7.655e-05 5.325e-05 4.18e-05
15 4.13e-05 4.205e-05 4.055e-05 5.28e-05 4.05e-05 6.225e-05 3.92e-05 7.435e-05 6.42e-05 5.32e-05 4.045e-05 4.03e-05 4.31e-05 5.165e-05 4e-05 7.8e-05 5.165e-05 5.22e-05 5.2e-05 5.345e-05 3.975e-05 4.13e-05 4.155e-05 5.255e-05 5.31e-05 5.325e-05 5.19e-05 5.12e-05 4.11e-05 5.125e-05 5.17e-05 4.045e-05 4.175e-05 3.93e-05 4.875e-05 5.275e-05 6.605e-05 8.68e-05 3.93e-05 5.335e-05 6.6e-05 6.43e-05 4.09e-05 5.195e-05 6.435e-05 5.36e-05 6.605e-05 4.3e-05 6.34e-05 3.92e-05 5.36e-05 4.035e-05 4.115e-05 4.13e-05 4.195e-05 7.455e-05 7.445e-05 5.24e-05 6.44e-05 3.94e-05 5.17e-05 5.3e-05 4.11e-05 7.7e-05 5.195e-05 5.185e-05 4.035e-05 4.21e-05 5.14e-05 4.035e-05 5.285e-05 4.055e-05 4.195e-05 4.13e-05 4.02e-05 4.11e-05 5.285e-05 4.14e-05 5.225e-05 5.37e-05 5.33e-05 6.365e-05 4.3e-05 5.295e-05 5.19e-05 4.14e-05 4.125e-05 5.365e-05 3.935e-05 6.315e-05 6.55e-05 5.14e-05 6.075e-05 4.3e-05 4.055e-05 5.17e-05 6.36e-05 7.695e-05 5.39e-05 4.09e-05
16 5.38e-05 5.265e-05 5.155e-05 5.175e-05 5.325e-05 5.24e-05 5.175e-05 7.44e-05 5.06e-05 5.155e-05 5.215e-05 5.02e-05 5.405e-05 5.18e-05 5.1e-05 5.165e-05 0.0001 5.18e-05 5.14e-05 5.24e-05 5.345e-05 5.355e-05 5.155e-05 5.04e-05 5.31e-05 5.23e-05 5.025e-05 5.31e-05 5.25e-05 5.275e-05 5.205e-05 5.35e-05 5.29e-05 5.02e-05 5.78e-05 5.17e-05 7.63e-05 7.4e-05 5.01e-05 5.28e-05 7.625e-05 7.54e-05 5.165e-05 5.21e-05 7.605e-05 5.31e-05 7.595e-05 5.46e-05 5.17e-05 5.01e-05 5.25e-05 5.145e-05 5.39e-05 5.38e-05 5.17e-05 7.495e-05 7.6e-05 5.31e-05 7.435e-05 5.02e-05 5.205e-05 5.145e-05 5.21e-05 7.605e-05 5.185e-05 5.22e-05 5.145e-05 5.21e-05 5.295e-05 5.2e-05 5.355e-05 5.045e-05 5.315e-05 5.38e-05 5.02e-05 5.05e-05 5.345e-05 5.285e-05 5.285e-05 5.215e-05 5.19e-05 5.14e-05 5.35e-05 5.365e-05 5.15e-05 5.43e-05 5.375e-05 5.245e-05 5.025e-05 5.16e-05 7.565e-05 5.025e-05 7.105e-05 5.42e-05 5.185e-05 5.2e-05 5.135e-05 7.61e-05 5.26e-05 5.34e-05
17 5.415e-05 5.175e-05 5.46e-05 5.2e-05 5.285e-05 4.705e-05 5.2e-05 7.84e-05 4.9e-05 4.775e-05 4.87e-05 5.015e-05 5.64e-05 4.97e-05 5.135e-05 5.22e-05 5.18e-05 9.28e-05 5.29e-05 5.34e-05 5.025e-05 5.235e-05 5.07e-05 4.755e-05 5.41e-05 5.245e-05 5.205e-05 4.835e-05 5.545e-05 4.915e-05 4.965e-05 5.32e-05 5.53e-05 5.42e-05 5.715e-05 5.195e-05 7.87e-05 7.6e-05 5.38e-05 5.285e-05 7.865e-05 7.515e-05 5.465e-05 4.955e-05 7.575e-05 5.315e-05 7.76e-05 5.605e-05 4.775e-05 5.405e-05 5.28e-05 5.475e-05 5.425e-05 5.415e-05 5.065e-05 7.88e-05 7.655e-05 5.115e-05 7.75e-05 5.39e-05 4.965e-05 5.23e-05 5.46e-05 7.98e-05 4.975e-05 4.98e-05 5.475e-05 5.065e-05 5.04e-05 4.825e-05 4.905e-05 5.01e-05 5.005e-05 5.415e-05 5.035e-05 4.675e-05 5.075e-05 5.165e-05 5.09e-05 5.22e-05 5.18e-05 4.845e-05 5.535e-05 4.915e-05 4.645e-05 5.37e-05 5.4e-05 5.36e-05 5.425e-05 4.75e-05 7.815e-05 5.145e-05 7.355e-05 5.47e-05 5.49e-05 4.945e-05 4.84e-05 7.9e-05 5.225e-05 5.215e-05
18 5.34e-05 4.77e-05 5.635e-05 3.435e-05 3.5e-05 3.035e-05 5.135e-05 7.315e-05 2.89e-05 4.4e-05 4.73e-05 6.835e-05 5.425e-05 2.94e-05 5.225e-05 5.2e-05 5.14e-05 5.29e-05 5.3e-05 5.285e-05 3.005e-05 3.075e-05 4.7e-05 4.64e-05 5.25e-05 2.98e-05 5.155e-05 3.055e-05 5.23e-05 2.975e-05 2.95e-05 3.51e-05 3.975e-05 7.355e-05 5.385e-05 3.43e-05 5.375e-05 5.12e-05 7.275e-05 3.015e-05 5.37e-05 5.27e-05 5.26e-05 2.955e-05 5.345e-05 3.045e-05 5.4e-05 3.17e-05 3e-05 7.345e-05 3e-05 5.695e-05 5.35e-05 5.34e-05 4.745e-05 7.405e-05 5.175e-05 3.57e-05 7.48e-05 7.28e-05 2.95e-05 3.425e-05 5.295e-05 7.64e-05 2.945e-05 2.965e-05 5.695e-05 4.785e-05 2.935e-05 5.225e-05 3.145e-05 7.375e-05 4.8e-05 5.34e-05 6.9e-05 6.42e-05 3.15e-05 3.51e-05 3.535e-05 3.02e-05 2.995e-05 2.925e-05 3.15e-05 3.155e-05 4.75e-05 3.08e-05 4.795e-05 5.29e-05 7.36e-05 2.99e-05 5.82e-05 5.145e-05 5.345e-05 4.885e-05 5.675e-05 2.945e-05 2.92e-05 5.35e-05 3.065e-05 3.065e-05
19 5.175e-05 5.32e-05 5.385e-05 5.2e-05 5.36e-05 5.355e-05 5.34e-05 7.535e-05 5.06e-05 5.23e-05 5.285e-05 5.305e-05 5.265e-05 5.195e-05 5.34e-05 5.345e-05 5.24e-05 5.34e-05 5.285e-05 9.98e-05 5.315e-05 5.39e-05 5.34e-05 5.115e-05 5.055e-05 5.225e-05 5.265e-05 5.345e-05 5.435e-05 5.28e-05 5.19e-05 5.31e-05 5.39e-05 5.395e-05 5.865e-05 5.195e-05 7.63e-05 7.455e-05 5.37e-05 5.21e-05 7.625e-05 7.545e-05 5.415e-05 5.17e-05 7.575e-05 5.25e-05 7.63e-05 5.445e-05 5.22e-05 5.38e-05 5.265e-05 5.385e-05 5.185e-05 5.175e-05 5.33e-05 7.56e-05 7.5e-05 5.41e-05 7.6e-05 5.38e-05 5.19e-05 5.24e-05 5.435e-05 7.39e-05 5.2e-05 5.205e-05 5.385e-05 5.35e-05 5.24e-05 5.295e-05 5.45e-05 5.335e-05 5.39e-05 5.175e-05 5.315e-05 5.24e-05 5.43e-05 5.41e-05 5.37e-05 5.27e-05 5.225e-05 5.15e-05 5.395e-05 5.46e-05 5.305e-05 5.365e-05 5.21e-05 5.055e-05 5.4e-05 5.19e-05 7.6e-05 5.19e-05 7.14e-05 5.315e-05 5.405e-05 5.175e-05 5.145e-05 7.6e-05 5.295e-05 5.375e-05
20 3.945e-05 3.69e-05 4.98e-05 2.535e-05 1.2e-05 2.735e-05 3.93e-05 7.83e-05 2.865e-05 4.21e-05 3.085e-05 6.935e-05 4.6e-05 1.505e-05 4.1e-05 3.975e-05 5.345e-05 5.025e-05 3.005e-05 5.315e-05 1.7e-06 7.45e-06 3.68e-05 4.49e-05 5.255e-05 2.095e-05 5.37e-05 1.45e-05 4.51e-05 1.49e-05 1.51e-05 1.14e-05 2.24e-05 7.78e-05 4.405e-05 2.53e-05 3.66e-05 5.485e-05 7.715e-05 2.03e-05 3.655e-05 3.125e-05 4.595e-05 1.47e-05 3.06e-05 2.055e-05 3.66e-05 1.3e-05 2.84e-05 7.765e-05 2.13e-05 5.02e-05 3.98e-05 3.945e-05 3.755e-05 7.805e-05 4.02e-05 2.55e-05 6.84e-05 7.725e-05 1.51e-05 2.555e-05 4.585e-05 7.95e-05 1.485e-05 1.525e-05 5.02e-05 3.75e-05 1.455e-05 3.68e-05 1.795e-05 7.475e-05 3.375e-05 3.95e-05 6.98e-05 6.11e-05 2.09e-05 1.365e-05 2.525e-05 2.14e-05 2.1e-05 2.835e-05 1.28e-05 1.805e-05 4.48e-05 6.65e-06 3.415e-05 5.335e-05 7.785e-05 2.815e-05 4.09e-05 5.32e-05 3.575e-05 3.75e-05 4.94e-05 1.465e-05 2.83e-05 4.745e-05 2.14e-05 7.55e-06
21 4.17e-05 3.66e-05 4.735e-05 2.565e-05 1.375e-05 2.915e-05 4.115e-05 7.605e-05 3.18e-05 4.415e-05 3.62e-05 6.985e-05 4.165e-05 1.965e-05 4.17e-05 4.13e-05 5.355e-05 5.235e-05 3.075e-05 5.39e-05 7.45e-06 1.38e-05 3.68e-05 4.815e-05 5.35e-05 2.06e-05 5.38e-05 1.84e-05 4.22e-05 1.895e-05 1.97e-05 1.375e-05 1.985e-05 7.515e-05 4.39e-05 2.56e-05 3.315e-05 5.485e-05 7.48e-05 1.99e-05 3.31e-05 3.245e-05 4.16e-05 1.97e-05 3.21e-05 2.015e-05 3.245e-05 7.7e-06 3.045e-05 7.5e-05 2.095e-05 4.745e-05 4.2e-05 4.17e-05 3.635e-05 7.61e-05 4.21e-05 2.47e-05 6.57e-05 7.49e-05 1.97e-05 2.585e-05 4.095e-05 7.73e-05 1.95e-05 1.985e-05 4.745e-05 3.585e-05 1.935e-05 4.145e-05 1.98e-05 7.52e-05 3.755e-05 4.17e-05 6.99e-05 6.47e-05 1.805e-05 1.4e-05 2.445e-05 2.01e-05 1.97e-05 3.095e-05 9.2e-06 1.99e-05 4.695e-05 8.1e-06 3.62e-05 5.41e-05 7.52e-05 3.02e-05 3.81e-05 5.33e-05 3.325e-05 3.795e-05 4.715e-05 1.92e-05 3.09e-05 4.415e-05 1.965e-05 7.95e-06
22 4.375e-05 3.63e-05 4.63e-05 5.165e-05 4.21e-05 5.64e-05 4.1e-05 7.515e-05 5.635e-05 4.66e-05 3.545e-05 3.935e-05 4.39e-05 4.665e-05 4.075e-05 4.155e-05 5.155e-05 5.07e-05 4.7e-05 5.34e-05 3.68e-05 3.68e-05 6.67e-05 4.47e-05 5.425e-05 4.745e-05 5.18e-05 4.7e-05 4.24e-05 4.69e-05 4.66e-05 4.28e-05 4.725e-05 4.6e-05 4.18e-05 5.16e-05 6.105e-05 8.075e-05 4.525e-05 4.76e-05 6.1e-05 5.95e-05 4.12e-05 4.65e-05 6.005e-05 4.79e-05 5.99e-05 3.825e-05 5.68e-05 4.585e-05 4.78e-05 4.68e-05 4.385e-05 4.375e-05 3.46e-05 7.555e-05 7.085e-05 5.25e-05 6.425e-05 4.535e-05 4.66e-05 5.195e-05 4.18e-05 7.74e-05 4.67e-05 4.675e-05 4.68e-05 3.525e-05 4.75e-05 4.035e-05 4.65e-05 4.47e-05 3.56e-05 4.375e-05 3.99e-05 3.37e-05 4.725e-05 4.15e-05 5.225e-05 4.635e-05 4.595e-05 5.66e-05 3.71e-05 4.66e-05 4.53e-05 3.805e-05 3.845e-05 5.36e-05 4.605e-05 5.655e-05 6.515e-05 5.12e-05 6.03e-05 3.795e-05 4.65e-05 4.64e-05 5.655e-05 7.16e-05 4.705e-05 3.67e-05
23 5.39e-05 4.61e-05 5.995e-05 5.015e-05 5.295e-05 4.42e-05 5.19e-05 7.76e-05 3.995e-05 4.23e-05 4.265e-05 4.915e-05 5.73e-05 4.26e-05 5.115e-05 5.255e-05 5.04e-05 4.755e-05 4.64e-05 5.115e-05 4.49e-05 4.815e-05 4.47e-05 7.85e-05 5.295e-05 4.605e-05 5.065e-05 4.49e-05 5.63e-05 4.41e-05 4.245e-05 5.3e-05 6.08e-05 5.98e-05 5.06e-05 5.01e-05 7.375e-05 6.85e-05 5.895e-05 4.62e-05 7.37e-05 6.92e-05 5.575e-05 4.225e-05 6.995e-05 4.665e-05 7.305e-05 5.24e-05 4.245e-05 5.965e-05 4.645e-05 6.055e-05 5.4e-05 5.39e-05 4.515e-05 7.805e-05 7.05e-05 5.315e-05 7.695e-05 5.905e-05 4.245e-05 5.065e-05 5.605e-05 7.84e-05 4.265e-05 4.26e-05 6.055e-05 4.55e-05 4.415e-05 4.74e-05 4.555e-05 5.455e-05 4.41e-05 5.39e-05 4.98e-05 3.98e-05 4.84e-05 5.255e-05 5.275e-05 4.575e-05 4.53e-05 4.165e-05 5.01e-05 4.565e-05 4.21e-05 4.895e-05 4.87e-05 5.15e-05 5.985e-05 4.215e-05 7.78e-05 4.98e-05 7.305e-05 4.935e-05 6.035e-05 4.235e-05 4.16e-05 7.335e-05 4.615e-05 4.805e-05
24 5.105e-05 5.36e-05 5.365e-05 5.28e-05 5.315e-05 5.335e-05 5.305e-05 7.495e-05 5.23e-05 5.305e-05 5.315e-05 5.38e-05 5.215e-05 5.24e-05 5.41e-05 5.31e-05 5.31e-05 5.41e-05 5.25e-05 5.055e-05 5.255e-05 5.35e-05 5.425e-05 5.295e-05 9.82e-05 5.26e-05 5.335e-05 5.305e-05 5.375e-05 5.235e-05 5.245e-05 5.25e-05 5.36e-05 5.385e-05 6.005e-05 5.275e-05 7.635e-05 7.525e-05 5.36e-05 5.26e-05 7.63e-05 7.575e-05 5.415e-05 5.235e-05 7.605e-05 5.275e-05 7.695e-05 5.4e-05 5.295e-05 5.37e-05 5.295e-05 5.365e-05 5.115e-05 5.105e-05 5.415e-05 7.52e-05 7.435e-05 5.385e-05 7.655e-05 5.37e-05 5.245e-05 5.3e-05 5.425e-05 7.42e-05 5.245e-05 5.26e-05 5.365e-05 5.425e-05 5.105e-05 5.345e-05 5.465e-05 5.41e-05 5.4e-05 5.105e-05 5.39e-05 5.38e-05 5.415e-05 5.385e-05 5.35e-05 5.36e-05 5.32e-05 5.205e-05 5.48e-05 5.475e-05 5.375e-05 5.295e-05 5.14e-05 5.1e-05 5.39e-05 5.27e-05 7.645e-05 5.285e-05 7.185e-05 5.3e-05 5.385e-05 5.21e-05 5.2e-05 7.615e-05 5.375e-05 5.35e-05
25 5.36e-05 4.76e-05 5.79e-05 2.44e-05 2.585e-05 2.005e-05 5.3e-05 7.535e-05 1.86e-05 4.315e-05 4.78e-05 7.955e-05 5.34e-05 1.985e-05 5.28e-05 5.325e-05 5.23e-05 5.245e-05 2.98e-05 5.225e-05 2.095e-05 2.06e-05 4.745e-05 4.605e-05 5.26e-05 3.58e-05 5.255e-05 2.055e-05 5.18e-05 2.03e-05 1.98e-05 2.6e-05 3.06e-05 8.555e-05 5.295e-05 2.435e-05 4.18e-05 4.255e-05 8.51e-05 1.96e-05 4.175e-05 4.325e-05 5.3e-05 1.965e-05 4.34e-05 2.01e-05 4.325e-05 2.105e-05 1.94e-05 8.54e-05 1.84e-05 5.81e-05 5.37e-05 5.36e-05 4.705e-05 7.59e-05 4.32e-05 2.565e-05 7.545e-05 8.52e-05 1.98e-05 2.475e-05 5.315e-05 7.61e-05 1.99e-05 1.995e-05 5.81e-05 4.73e-05 2.015e-05 5.27e-05 2.125e-05 8.49e-05 4.875e-05 5.36e-05 7.975e-05 7.425e-05 2.05e-05 2.555e-05 2.53e-05 1.965e-05 1.91e-05 1.905e-05 2.06e-05 2.135e-05 4.705e-05 2.115e-05 4.81e-05 5.25e-05 8.56e-05 1.9e-05 4.81e-05 5.19e-05 4.35e-05 4.88e-05 5.81e-05 1.965e-05 1.9e-05 4.2e-05 1.995e-05 2.085e-05
26 5.405e-05 5.29e-05 5.18e-05 5.2e-05 5.35e-05 5.265e-05 5.2e-05 7.465e-05 5.085e-05 5.18e-05 5.24e-05 5.045e-05 5.43e-05 5.205e-05 5.125e-05 5.19e-05 5.025e-05 5.205e-05 5.155e-05 5.265e-05 5.37e-05 5.38e-05 5.18e-05 5.065e-05 5.335e-05 5.255e-05 0.0001005 5.335e-05 5.275e-05 5.3e-05 5.23e-05 5.375e-05 5.315e-05 5.045e-05 5.805e-05 5.195e-05 7.655e-05 7.415e-05 5.035e-05 5.305e-05 7.65e-05 7.565e-05 5.19e-05 5.235e-05 7.63e-05 5.335e-05 7.62e-05 5.485e-05 5.195e-05 5.035e-05 5.275e-05 5.17e-05 5.415e-05 5.405e-05 5.195e-05 7.52e-05 7.625e-05 5.335e-05 7.46e-05 5.045e-05 5.23e-05 5.17e-05 5.235e-05 7.63e-05 5.21e-05 5.245e-05 5.17e-05 5.235e-05 5.32e-05 5.225e-05 5.38e-05 5.07e-05 5.34e-05 5.405e-05 5.045e-05 5.075e-05 5.37e-05 5.31e-05 5.31e-05 5.24e-05 5.215e-05 5.165e-05 5.375e-05 5.39e-05 5.175e-05 5.455e-05 5.4e-05 5.27e-05 5.035e-05 5.185e-05 7.59e-05 5.05e-05 7.13e-05 5.445e-05 5.21e-05 5.225e-05 5.16e-05 7.635e-05 5.285e-05 5.365e-05
27 5.18e-05 4.735e-05 5.99e-05 2.525e-05 2.37e-05 1.46e-05 5.11e-05 7.86e-05 1.845e-05 4.02e-05 4.28e-05 7.955e-05 5.545e-05 1.665e-05 5.175e-05 5.12e-05 5.31e-05 4.835e-05 3.055e-05 5.345e-05 1.45e-05 1.84e-05 4.7e-05 4.49e-05 5.305e-05 2.055e-05 5.335e-05 2.81e-05 5.52e-05 1.545e-05 1.67e-05 2.37e-05 3.24e-05 8.765e-05 5.39e-05 2.52e-05 4.62e-05 4.435e-05 8.735e-05 2.055e-05 4.615e-05 4.25e-05 5.505e-05 1.62e-05 4.22e-05 2.08e-05 4.545e-05 2.26e-05 1.625e-05 8.75e-05 2.09e-05 5.995e-05 5.19e-05 5.18e-05 4.7e-05 7.865e-05 4.23e-05 2.35e-05 7.84e-05 8.745e-05 1.67e-05 2.545e-05 5.485e-05 7.955e-05 1.67e-05 1.685e-05 5.995e-05 4.685e-05 1.635e-05 4.86e-05 1.64e-05 8.495e-05 4.51e-05 5.18e-05 7.965e-05 7.155e-05 1.815e-05 2.35e-05 2.32e-05 2.065e-05 2.025e-05 1.71e-05 2.285e-05 1.655e-05 4.29e-05 1.86e-05 4.645e-05 5.365e-05 8.77e-05 1.605e-05 5.08e-05 5.285e-05 4.605e-05 4.84e-05 5.98e-05 1.645e-05 1.705e-05 4.68e-05 2.055e-05 1.82e-05
28 4.31e-05 4.275e-05 3.795e-05 5.325e-05 4.22e-05 6.515e-05 4.095e-05 7.175e-05 6.775e-05 5.63e-05 4.535e-05 4.1e-05 4.045e-05 5.645e-05 4.125e-05 4.11e-05 5.25e-05 5.545e-05 5.23e-05 5.435e-05 4.51e-05 4.22e-05 4.24e-05 5.63e-05 5.375e-05 5.18e-05 5.275e-05 5.52e-05 7.25e-05 5.565e-05 5.65e-05 4.29e-05 3.91e-05 3.71e-05 4.915e-05 5.32e-05 6.155e-05 8.715e-05 3.675e-05 5.385e-05 6.15e-05 6.59e-05 3.835e-05 5.64e-05 6.61e-05 5.41e-05 6.34e-05 4.015e-05 6.65e-05 3.695e-05 5.215e-05 3.805e-05 4.33e-05 4.31e-05 4.23e-05 7.24e-05 7.58e-05 5.24e-05 6.185e-05 3.685e-05 5.65e-05 5.345e-05 3.845e-05 7.515e-05 5.64e-05 5.665e-05 3.805e-05 4.25e-05 5.595e-05 4.53e-05 5.58e-05 4.12e-05 4.59e-05 4.31e-05 4.11e-05 4.53e-05 5.26e-05 4.19e-05 5.215e-05 5.385e-05 5.345e-05 6.68e-05 4.065e-05 5.59e-05 5.52e-05 4.28e-05 4.29e-05 5.455e-05 3.715e-05 6.625e-05 6.29e-05 5.225e-05 5.805e-05 4.36e-05 3.76e-05 5.615e-05 6.675e-05 7.275e-05 5.41e-05 4.255e-05
29 5.18e-05 4.785e-05 5.99e-05 2.465e-05 2.35e-05 1.54e-05 5.07e-05 7.815e-05 1.705e-05 4.04e-05 4.315e-05 7.935e-05 5.61e-05 1.565e-05 5.21e-05 5.125e-05 5.275e-05 4.915e-05 2.975e-05 5.28e-05 1.49e-05 1.895e-05 4.69e-05 4.41e-05 5.235e-05 2.03e-05 5.3e-05 1.545e-05 5.565e-05 2.83e-05 1.57e-05 2.355e-05 3.255e-05 8.79e-05 5.39e-05 2.46e-05 4.66e-05 4.33e-05 8.715e-05 2.045e-05 4.655e-05 4.215e-05 5.59e-05 1.595e-05 4.185e-05 2.055e-05 4.63e-05 2.38e-05 1.65e-05 8.775e-05 2.065e-05 6.04e-05 5.165e-05 5.18e-05 4.74e-05 7.82e-05 4.19e-05 2.45e-05 7.825e-05 8.725e-05 1.56e-05 2.485e-05 5.58e-05 7.925e-05 1.595e-05 1.585e-05 6.04e-05 4.735e-05 1.53e-05 4.82e-05 1.735e-05 8.475e-05 4.5e-05 5.18e-05 7.99e-05 7.135e-05 1.965e-05 2.36e-05 2.415e-05 2.045e-05 2.005e-05 1.55e-05 2.32e-05 1.745e-05 4.37e-05 1.965e-05 4.645e-05 5.3e-05 8.795e-05 1.625e-05 5.085e-05 5.25e-05 4.595e-05 4.845e-05 5.99e-05 1.555e-05 1.545e-05 4.69e-05 2.045e-05 1.88e-05
30 5.2e-05 4.73e-05 6.07e-05 2.41e-05 2.395e-05 1.74e-05 5.115e-05 7.825e-05 1.435e-05 4.005e-05 4.28e-05 7.905e-05 5.685e-05 1.47e-05 5.2e-05 5.17e-05 5.205e-05 4.965e-05 2.95e-05 5.19e-05 1.51e-05 1.97e-05 4.66e-05 4.245e-05 5.245e-05 1.98e-05 5.23e-05 1.67e-05 5.65e-05 1.57e-05 2.87e-05 2.365e-05 3.345e-05 8.86e-05 5.295e-05 2.405e-05 4.68e-05 4.23e-05 8.785e-05 1.955e-05 4.675e-05 4.195e-05 5.66e-05 1.505e-05 4.155e-05 1.99e-05 4.645e-05 2.45e-05 1.63e-05 8.845e-05 1.98e-05 6.12e-05 5.185e-05 5.2e-05 4.71e-05 7.835e-05 4.175e-05 2.61e-05 7.83e-05 8.795e-05 1.445e-05 2.425e-05 5.675e-05 7.865e-05 1.5e-05 1.45e-05 6.12e-05 4.73e-05 1.53e-05 4.765e-05 1.855e-05 8.445e-05 4.48e-05 5.2e-05 7.96e-05 7.025e-05 2.14e-05 2.495e-05 2.575e-05 1.945e-05 1.94e-05 1.595e-05 2.305e-05 1.865e-05 4.42e-05 1.985e-05 4.665e-05 5.175e-05 8.865e-05 1.64e-05 5.1e-05 5.185e-05 4.61e-05 4.86e-05 6.07e-05 1.49e-05 1.59e-05 4.67e-05 1.97e-05 1.925e-05
31 4.055e-05 4.205e-05 4.075e-05 2.44e-05 1.135e-05 3.585e-05 4e-05 7.55e-05 3.665e-05 5e-05 4.025e-05 6.95e-05 4.315e-05 2.37e-05 4.22e-05 4.045e-05 5.35e-05 5.32e-05 3.51e-05 5.31e-05 1.14e-05 1.375e-05 4.28e-05 5.3e-05 5.25e-05 2.6e-05 5.375e-05 2.37e-05 4.29e-05 2.355e-05 2.365e-05 1.71e-05 1.235e-05 6.99e-05 4.945e-05 2.435e-05 3.895e-05 6.005e-05 6.925e-05 2.535e-05 3.89e-05 3.645e-05 4.32e-05 2.4e-05 3.645e-05 2.56e-05 3.91e-05 1.525e-05 3.63e-05 6.975e-05 2.635e-05 4.115e-05 4.04e-05 4.055e-05 4.285e-05 7.54e-05 4.645e-05 2.445e-05 6.575e-05 6.935e-05 2.375e-05 2.445e-05 4.31e-05 7.685e-05 2.4e-05 2.38e-05 4.13e-05 4.28e-05 2.3e-05 4.05e-05 2.62e-05 6.985e-05 4.22e-05 4.055e-05 6.995e-05 6.93e-05 2.6e-05 1.35e-05 2.47e-05 2.66e-05 2.62e-05 3.635e-05 1.585e-05 2.63e-05 5.28e-05 1.3e-05 4.03e-05 5.33e-05 6.995e-05 3.605e-05 3.725e-05 5.325e-05 3.25e-05 4.29e-05 4.12e-05 2.375e-05 3.63e-05 4.99e-05 2.66e-05 1.33e-05
32 4.3e-05 4.805e-05 3.04e-05 2.235e-05 1.155e-05 4.235e-05 4.125e-05 7.235e-05 4.445e-05 5.715e-05 5.01e-05 6.885e-05 4.06e-05 3.34e-05 4.175e-05 4.175e-05 5.29e-05 5.53e-05 3.975e-05 5.39e-05 2.24e-05 1.985e-05 4.725e-05 6.08e-05 5.36e-05 3.06e-05 5.315e-05 3.24e-05 3.91e-05 3.255e-05 3.345e-05 1.235e-05 9e-07 6.085e-05 5.46e-05 2.23e-05 4.09e-05 6.47e-05 6.015e-05 3.135e-05 4.085e-05 4.345e-05 3.925e-05 3.335e-05 4.36e-05 3.16e-05 4.09e-05 1.82e-05 4.345e-05 6.07e-05 3.095e-05 3.085e-05 4.31e-05 4.3e-05 4.73e-05 7.3e-05 5.34e-05 2.175e-05 6.245e-05 6.025e-05 3.345e-05 2.255e-05 3.945e-05 7.51e-05 3.345e-05 3.36e-05 3.085e-05 4.755e-05 3.32e-05 4.515e-05 3.325e-05 6.415e-05 5.11e-05 4.3e-05 6.935e-05 7.76e-05 3.01e-05 1.1e-05 2.195e-05 3.105e-05 3.065e-05 4.345e-05 1.85e-05 3.335e-05 5.995e-05 2.055e-05 4.785e-05 5.41e-05 6.09e-05 4.32e-05 3.255e-05 5.265e-05 2.78e-05 4.87e-05 3.075e-05 3.32e-05 4.34e-05 5.195e-05 3.135e-05 1.975e-05
33 4.33e-05 4.72e-05 3.1e-05 7.995e-05 6.94e-05 9.73e-05 3.93e-05 7.025e-05 9.935e-05 6.435e-05 4.935e-05 1.075e-05 4.08e-05 8.855e-05 3.93e-05 3.93e-05 5.02e-05 5.42e-05 7.355e-05 5.395e-05 7.78e-05 7.515e-05 4.6e-05 5.98e-05 5.385e-05 8.555e-05 5.045e-05 8.765e-05 3.71e-05 8.79e-05 8.86e-05 6.99e-05 6.085e-05 1.9e-06 5.345e-05 7.99e-05 9.58e-05 0.0001187 1e-06 8.64e-05 9.575e-05 9.76e-05 3.66e-05 8.85e-05 9.87e-05 8.665e-05 9.585e-05 7.34e-05 9.845e-05 1e-06 8.59e-05 3.09e-05 4.34e-05 4.33e-05 4.635e-05 7.09e-05 0.0001086 7.945e-05 6.03e-05 1.05e-06 8.86e-05 8.015e-05 3.7e-05 7.5e-05 8.86e-05 8.875e-05 3.09e-05 4.67e-05 8.855e-05 4.42e-05 8.79e-05 5.95e-06 4.985e-05 4.33e-05 1.085e-05 2.07e-05 8.525e-05 6.9e-05 7.93e-05 8.6e-05 8.56e-05 9.855e-05 7.35e-05 8.8e-05 5.905e-05 7.585e-05 4.855e-05 5.415e-05 1.15e-06 9.82e-05 9.01e-05 4.995e-05 8.55e-05 4.88e-05 3.14e-05 8.835e-05 9.85e-05 0.00010675 8.64e-05 7.5e-05
34 4.99e-05 4.25e-05 5.385e-05 5.805e-05 4.94e-05 6.38e-05 4.85e-05 7.55e-05 6.18e-05 5.26e-05 4.24e-05 4.64e-05 4.99e-05 5.295e-05 4.755e-05 4.875e-05 5.78e-05 5.715e-05 5.385e-05 5.865e-05 4.405e-05 4.39e-05 4.18e-05 5.06e-05 6.005e-05 5.295e-05 5.805e-05 5.39e-05 4.915e-05 5.39e-05 5.295e-05 4.945e-05 5.46e-05 5.345e-05 7.94e-05 5.8e-05 5.895e-05 8.025e-05 5.3e-05 5.335e-05 5.895e-05 5.825e-05 4.865e-05 5.285e-05 5.885e-05 5.365e-05 5.87e-05 4.475e-05 6.28e-05 5.33e-05 5.33e-05 5.405e-05 5e-05 4.99e-05 4.165e-05 7.595e-05 7.095e-05 5.945e-05 6.33e-05 5.31e-05 5.295e-05 5.83e-05 4.88e-05 7.6e-05 5.3e-05 5.31e-05 5.405e-05 4.19e-05 5.44e-05 4.715e-05 5.43e-05 5.175e-05 4.365e-05 4.99e-05 4.66e-05 4.02e-05 5.4e-05 4.915e-05 5.92e-05 5.295e-05 5.255e-05 6.27e-05 4.22e-05 5.44e-05 5.175e-05 4.47e-05 4.46e-05 5.885e-05 5.35e-05 6.255e-05 6.4e-05 5.75e-05 5.945e-05 4.5e-05 5.415e-05 5.275e-05 6.265e-05 7.045e-05 5.325e-05 4.395e-05
35 5.345e-05 5.265e-05 5.085e-05 2.22e-05 2.395e-05 2.465e-05 5.22e-05 7.505e-05 2.275e-05 4.77e-05 5.2e-05 7.86e-05 5.39e-05 2.41e-05 5.205e-05 5.275e-05 5.17e-05 5.195e-05 3.43e-05 5.195e-05 2.53e-05 2.56e-05 5.16e-05 5.01e-05 5.275e-05 2.435e-05 5.195e-05 2.52e-05 5.32e-05 2.46e-05 2.405e-05 2.435e-05 2.23e-05 7.99e-05 5.8e-05 4.41e-05 4.87e-05 4.715e-05 7.915e-05 2.48e-05 4.865e-05 4.8e-05 5.3e-05 2.385e-05 4.82e-05 2.52e-05 4.835e-05 2.685e-05 2.395e-05 7.975e-05 2.475e-05 5.135e-05 5.355e-05 5.345e-05 5.175e-05 7.56e-05 4.805e-05 2.39e-05 7.51e-05 7.925e-05 2.405e-05 2.275e-05 5.33e-05 7.62e-05 2.415e-05 2.42e-05 5.12e-05 5.21e-05 2.48e-05 5.19e-05 2.595e-05 7.895e-05 5.325e-05 5.345e-05 7.915e-05 7.83e-05 2.575e-05 2.345e-05 2.375e-05 2.44e-05 2.395e-05 2.33e-05 2.575e-05 2.605e-05 5.155e-05 2.635e-05 5.32e-05 5.225e-05 7.995e-05 2.365e-05 4.65e-05 5.125e-05 4.175e-05 5.395e-05 5.1e-05 2.39e-05 2.325e-05 4.87e-05 2.48e-05 2.55e-05
36 6.625e-05 6.08e-05 6.83e-05 4.875e-05 3.88e-05 5.63e-05 6.61e-05 7.29e-05 5.695e-05 7.01e-05 6.405e-05 9.33e-05 6.295e-05 4.67e-05 6.58e-05 6.605e-05 7.63e-05 7.87e-05 5.375e-05 7.63e-05 3.66e-05 3.315e-05 6.105e-05 7.375e-05 7.635e-05 4.18e-05 7.655e-05 4.62e-05 6.155e-05 4.66e-05 4.68e-05 3.895e-05 4.09e-05 9.58e-05 5.895e-05 4.87e-05 5.41e-05 5.395e-05 9.565e-05 4.365e-05 2.705e-05 3.195e-05 6.28e-05 4.67e-05 3.195e-05 4.39e-05 2.87e-05 3.05e-05 5.64e-05 9.565e-05 4.215e-05 6.82e-05 6.635e-05 6.625e-05 6.035e-05 7.345e-05 4.33e-05 4.86e-05 6.145e-05 9.575e-05 4.68e-05 4.89e-05 6.285e-05 7.35e-05 4.675e-05 4.695e-05 6.82e-05 6.05e-05 4.69e-05 6.895e-05 4.665e-05 9.86e-05 6.475e-05 6.625e-05 9.32e-05 9.115e-05 4.305e-05 3.865e-05 4.835e-05 4.365e-05 4.325e-05 5.665e-05 2.95e-05 4.675e-05 7.335e-05 3.37e-05 6.065e-05 7.65e-05 9.585e-05 5.615e-05 3.395e-05 7.61e-05 3.475e-05 6.11e-05 6.84e-05 4.655e-05 5.66e-05 3.915e-05 4.385e-05 3.34e-05
37 8.71e-05 8.18e-05 9.15e-05 4.72e-05 5.985e-05 3.325e-05 8.65e-05 7.425e-05 2.97e-05 6.56e-05 8.14e-05 0.0001128 8.725e-05 4.205e-05 8.615e-05 8.68e-05 7.4e-05 7.6e-05 5.12e-05 7.455e-05 5.485e-05 5.485e-05 8.075e-05 6.85e-05 7.525e-05 4.255e-05 7.415e-05 4.435e-05 8.715e-05 4.33e-05 4.23e-05 6.005e-05 6.47e-05 0.0001187 8.025e-05 4.715e-05 5.395e-05 5.82e-05 0.0001182 4.295e-05 5.39e-05 5.35e-05 8.66e-05 4.235e-05 5.37e-05 4.325e-05 5.355e-05 5.58e-05 3.18e-05 0.0001186 4.275e-05 9.18e-05 8.72e-05 8.71e-05 8.075e-05 7.485e-05 4.25e-05 4.955e-05 8.535e-05 0.0001183 4.23e-05 4.69e-05 8.705e-05 7.43e-05 4.21e-05 4.245e-05 9.18e-05 8.125e-05 4.32e-05 8.635e-05 4.475e-05 0.00011815 8.235e-05 8.71e-05 0.0001131 0.0001076 4.46e-05 5.94e-05 4.92e-05 4.22e-05 4.195e-05 3.08e-05 5.435e-05 4.485e-05 7.06e-05 5.56e-05 8.165e-05 7.46e-05 0.00011875 3.17e-05 5.85e-05 7.425e-05 5.91e-05 8.205e-05 9.17e-05 4.225e-05 3.075e-05 4.245e-05 4.275e-05 5.475e-05
38 4.315e-05 4.675e-05 3.02e-05 7.92e-05 6.875e-05 9.7e-05 3.86e-05 6.97e-05 9.85e-05 6.395e-05 4.86e-05 9.95e-06 4.095e-05 8.78e-05 3.93e-05 3.93e-05 5.01e-05 5.38e-05 7.275e-05 5.37e-05 7.715e-05 7.48e-05 4.525e-05 5.895e-05 5.36e-05 8.51e-05 5.035e-05 8.735e-05 3.675e-05 8.715e-05 8.785e-05 6.925e-05 6.015e-05 1e-06 5.3e-05 7.915e-05 9.565e-05 0.0001182 2e-07 8.595e-05 9.56e-05 9.705e-05 3.69e-05 8.775e-05 9.825e-05 8.62e-05 9.575e-05 7.335e-05 9.805e-05 8.5e-07 8.545e-05 3.085e-05 4.325e-05 4.315e-05 4.59e-05 7.035e-05 0.00010815 7.915e-05 5.97e-05 2e-07 8.785e-05 7.94e-05 3.72e-05 7.505e-05 8.785e-05 8.8e-05 3.085e-05 4.625e-05 8.78e-05 4.345e-05 8.76e-05 5.05e-06 4.91e-05 4.315e-05 1.065e-05 1.985e-05 8.525e-05 6.835e-05 7.89e-05 8.555e-05 8.515e-05 9.77e-05 7.315e-05 8.77e-05 5.865e-05 7.55e-05 4.84e-05 5.39e-05 1.05e-06 9.78e-05 8.965e-05 4.985e-05 8.49e-05 4.865e-05 3.075e-05 8.76e-05 9.765e-05 0.0001066 8.595e-05 7.47e-05
39 5.305e-05 4.61e-05 5.87e-05 2.485e-05 2.59e-05 2.085e-05 5.31e-05 7.58e-05 1.875e-05 4.355e-05 4.73e-05 8.005e-05 5.28e-05 1.96e-05 5.33e-05 5.335e-05 5.28e-05 5.285e-05 3.015e-05 5.21e-05 2.03e-05 1.99e-05 4.76e-05 4.62e-05 5.26e-05 1.96e-05 5.305e-05 2.055e-05 5.385e-05 2.045e-05 1.955e-05 2.535e-05 3.135e-05 8.64e-05 5.335e-05 2.48e-05 4.365e-05 4.295e-05 8.595e-05 3.61e-05 4.36e-05 4.315e-05 5.315e-05 1.94e-05 4.33e-05 1.855e-05 4.335e-05 1.885e-05 1.98e-05 8.625e-05 2.01e-05 5.89e-05 5.315e-05 5.305e-05 4.685e-05 7.605e-05 4.29e-05 2.635e-05 7.61e-05 8.605e-05 1.955e-05 2.52e-05 5.295e-05 7.595e-05 1.965e-05 1.97e-05 5.89e-05 4.68e-05 2.005e-05 5.245e-05 2.145e-05 8.54e-05 4.83e-05 5.305e-05 8.02e-05 7.415e-05 2.025e-05 2.64e-05 2.6e-05 1.945e-05 1.89e-05 1.96e-05 2.005e-05 2.155e-05 4.745e-05 1.92e-05 4.75e-05 5.235e-05 8.645e-05 1.94e-05 4.87e-05 5.24e-05 4.41e-05 4.84e-05 5.89e-05 1.94e-05 1.955e-05 4.37e-05 1.945e-05 2.04e-05
