 slim_337590741 slim_337590753 slim_337590986 slim_337591004 slim_337590957 slim_337591009 slim_337590952 slim_337590920 slim_337590978 slim_337591001 slim_337590864 slim_337590993 slim_337590983 slim_337590915 slim_337591059 slim_337591068 slim_337591069 slim_337591041 slim_337590805 slim_337590985 slim_337590877 slim_337591031 slim_337591034 slim_337590542 slim_337590947 slim_337590895 slim_337591051 slim_337590869 slim_337591008 slim_337591060 slim_337591013 slim_337590916 slim_337591033 slim_337590974 slim_337590959 slim_337590711 slim_337591021 slim_337591056 slim_337590910 slim_337591058 slim_337590709 slim_337590992 slim_337590932 slim_337591066 slim_337590886 slim_337590995 slim_337590938 slim_337591023 slim_337590997 slim_337590898 slim_337591002 slim_337590970 slim_337590815 slim_337590946 slim_337590745 slim_337591050 slim_337590737 slim_337591067 slim_337591035 slim_337591061 slim_337591032 slim_337590998 slim_337590962 slim_337590907 slim_337591054 slim_337590965 slim_337590885 slim_337591046 slim_337591030 slim_337590460 slim_337590890 slim_337591019 slim_337590694 slim_337591017 slim_337591064 slim_337590833 slim_337590891 slim_337590977 slim_337590843 slim_337591024 slim_337590990 slim_337591055 slim_337591052 slim_337591042 slim_337590942 slim_337591049 slim_337591029 slim_337591018 slim_337591063 slim_337590968 slim_337591028 slim_337591005 slim_337590852 slim_337590706
0 0.0001541 0.0001148 0.00010115 9.965e-05 7.83e-05 9.64e-05 9.72e-05 0.0001161 9.585e-05 0.0001146 9.585e-05 0.0001154 8.185e-05 7.89e-05 9.78e-05 9.625e-05 8.415e-05 9.62e-05 7.71e-05 0.00011295 8.2e-05 0.00010035 0.00010245 0.0001152 9.715e-05 0.0001137 7.76e-05 8.23e-05 9.6e-05 7.885e-05 0.0001146 7.795e-05 8.26e-05 8.38e-05 0.00010095 9.585e-05 7.74e-05 9.685e-05 9.595e-05 7.805e-05 0.00011525 9.68e-05 0.000116 0.0001019 0.00010065 8.345e-05 8.195e-05 9.75e-05 8.76e-05 7.71e-05 8.28e-05 8.25e-05 9.625e-05 7.785e-05 0.00010035 9.695e-05 8.215e-05 9.615e-05 8.75e-05 9.645e-05 9.785e-05 7.83e-05 9.725e-05 8.25e-05 0.000115 7.765e-05 9.74e-05 8.365e-05 0.0001138 9.74e-05 9.59e-05 9.695e-05 0.0001152 0.0001012 9.61e-05 8.545e-05 8.195e-05 0.00011475 7.925e-05 9.905e-05 7.895e-05 9.59e-05 7.83e-05 7.885e-05 9.73e-05 0.00010125 7.97e-05 8.285e-05 9.675e-05 7.94e-05 9.7e-05 7.81e-05 7.84e-05 8.28e-05
1 0.0001148 3.5e-06 3.475e-05 3.685e-05 0.00010925 8.96e-05 8.345e-05 5.7e-06 7.01e-05 3.4e-06 9.145e-05 8.9e-06 9.63e-05 0.0001065 7.05e-05 3.14e-05 0.0001269 8.74e-05 9.34e-05 5.75e-06 9.92e-05 3.425e-05 3.665e-05 4.5e-06 9.025e-05 7.95e-06 0.00011525 0.00015025 6.605e-05 0.0001098 2e-06 0.0001717 0.000119 0.0001135 3.295e-05 6.6e-05 0.00011505 3.24e-05 3.08e-05 0.0001154 6.5e-06 3.23e-05 7.3e-06 3.505e-05 3.29e-05 0.00015205 6.275e-05 4.245e-05 0.0001707 0.00011475 0.00011425 0.00015045 8.875e-05 0.00011375 3.64e-05 3.09e-05 0.0001207 8.725e-05 6.695e-05 8.685e-05 4.645e-05 9.535e-05 3.285e-05 0.0001189 3.25e-06 0.000115 8.905e-05 0.00016615 3.85e-06 7.01e-05 8.585e-05 6.765e-05 4.6e-06 8.64e-05 3.125e-05 0.00017415 6.275e-05 4.75e-06 7.035e-05 3.56e-05 0.00016745 8.585e-05 0.00014565 0.0001098 8.4e-05 3.365e-05 0.0001681 9.795e-05 6.755e-05 7.035e-05 8.87e-05 0.0001529 0.00014585 0.00010065
2 0.00010115 3.475e-05 6.65e-05 3.62e-05 0.0001073 9.36e-05 9.835e-05 3.575e-05 8.32e-05 3.475e-05 9.38e-05 3.875e-05 8.005e-05 0.00010495 8.395e-05 4.585e-05 0.0001121 9.11e-05 9.05e-05 3.705e-05 8.12e-05 3.565e-05 3.54e-05 3.58e-05 9.285e-05 3.84e-05 0.0001016 0.0001336 8.06e-05 0.00010785 3.44e-05 0.0001468 9.06e-05 9.68e-05 3.425e-05 8.045e-05 0.0001014 4.625e-05 4.41e-05 0.00010175 3.675e-05 4.615e-05 3.74e-05 3.585e-05 3.435e-05 0.0001355 4.525e-05 5.875e-05 0.0001408 0.0001011 9.81e-05 0.0001338 9.15e-05 0.0001001 3.575e-05 4.7e-05 9.21e-05 9.105e-05 3.485e-05 9.125e-05 6.165e-05 9.255e-05 4.54e-05 9.05e-05 3.45e-05 0.00010135 9.165e-05 0.00015045 3.595e-05 8.355e-05 9.96e-05 8.23e-05 3.58e-05 8.77e-05 4.57e-05 0.0001436 4.525e-05 3.445e-05 6.93e-05 3.875e-05 0.00015425 9.96e-05 0.0001432 0.00010785 9.9e-05 3.385e-05 0.0001548 8.18e-05 8.21e-05 6.93e-05 9.09e-05 0.00013885 0.0001434 8.275e-05
3 9.965e-05 3.685e-05 3.62e-05 6.66e-05 0.00010585 9.375e-05 9.83e-05 3.735e-05 8.31e-05 3.72e-05 9.36e-05 3.955e-05 8.16e-05 0.0001059 8.48e-05 4.445e-05 0.0001123 9.235e-05 8.91e-05 3.35e-05 8.01e-05 3.515e-05 3.77e-05 3.795e-05 9.37e-05 3.655e-05 0.00010005 0.0001328 8.185e-05 0.00010635 3.695e-05 0.00014745 9.21e-05 9.835e-05 3.7e-05 8.17e-05 9.99e-05 4.575e-05 4.4e-05 0.0001003 3.835e-05 4.565e-05 3.915e-05 3.8e-05 3.675e-05 0.0001347 4.28e-05 6.1e-05 0.00013925 9.96e-05 9.59e-05 0.000133 9.265e-05 9.95e-05 3.47e-05 4.695e-05 9.105e-05 9.23e-05 3.555e-05 9.265e-05 6.135e-05 9.115e-05 4.415e-05 9.2e-05 3.66e-05 9.995e-05 9.33e-05 0.0001497 3.495e-05 8.44e-05 9.78e-05 8.355e-05 3.795e-05 8.82e-05 4.43e-05 0.0001427 4.28e-05 3.69e-05 6.885e-05 3.95e-05 0.00015415 9.78e-05 0.0001432 0.00010635 9.98e-05 3.675e-05 0.0001556 8.335e-05 8.335e-05 6.9e-05 9.2e-05 0.0001387 0.0001433 8.165e-05
4 7.83e-05 0.00010925 0.0001073 0.00010585 0.0001197 0.00010175 8.47e-05 0.0001105 8.48e-05 0.00010895 0.0001031 0.0001103 8.225e-05 6.09e-05 8.66e-05 8.47e-05 8.365e-05 0.00010295 5.995e-05 0.00010745 8.24e-05 0.00010655 0.0001086 0.0001098 0.0001041 0.00010845 7.875e-05 8.27e-05 8.465e-05 6.05e-05 0.000109 9.72e-05 0.0001013 8.3e-05 0.00010705 8.45e-05 7.855e-05 8.565e-05 8.455e-05 7.9e-05 0.00011005 8.56e-05 0.0001108 0.00010825 0.00010685 8.38e-05 8.24e-05 8.525e-05 0.0001055 7.825e-05 8.315e-05 8.29e-05 0.00010295 7.875e-05 0.00010635 8.48e-05 0.00010085 0.0001029 0.0001054 0.00010145 8.58e-05 6.12e-05 8.59e-05 0.0001012 0.00010945 7.86e-05 0.0001043 8.295e-05 0.0001082 8.62e-05 8.41e-05 8.555e-05 0.0001098 0.00010735 8.455e-05 0.0001029 8.24e-05 0.0001091 6.12e-05 0.00010585 7.875e-05 8.41e-05 6.01e-05 6.05e-05 8.55e-05 0.0001074 7.89e-05 8.32e-05 8.535e-05 6.16e-05 0.00010375 7.925e-05 6.01e-05 8.315e-05
5 9.64e-05 8.96e-05 9.36e-05 9.375e-05 0.00010175 0.0001678 9.41e-05 9.1e-05 9.25e-05 9e-05 8.555e-05 8.69e-05 9.87e-05 0.00010135 9.64e-05 9.82e-05 9.94e-05 8.84e-05 0.0001033 9e-05 9.955e-05 9.425e-05 9.48e-05 8.925e-05 8.895e-05 8.69e-05 9.68e-05 9.905e-05 9.52e-05 0.00010225 8.905e-05 8.855e-05 9.315e-05 9.855e-05 9.32e-05 9.505e-05 9.665e-05 9.79e-05 9.71e-05 9.72e-05 8.925e-05 9.78e-05 8.965e-05 9.41e-05 9.37e-05 0.0001 0.00010185 9.52e-05 9.715e-05 9.635e-05 0.00010175 9.925e-05 8.94e-05 9.765e-05 9.37e-05 9.545e-05 9.275e-05 8.835e-05 9.86e-05 8.75e-05 9.62e-05 0.0001044 9.65e-05 9.305e-05 8.95e-05 9.685e-05 8.98e-05 9.76e-05 8.99e-05 9.6e-05 9.6e-05 9.595e-05 8.925e-05 9.32e-05 9.805e-05 9.57e-05 0.00010185 8.985e-05 0.0001039 8.86e-05 9.315e-05 9.6e-05 9.945e-05 0.00010225 9.645e-05 9.4e-05 9.53e-05 9.95e-05 9.575e-05 0.00010405 8.97e-05 9.49e-05 9.96e-05 0.00010015
6 9.72e-05 8.345e-05 9.835e-05 9.83e-05 8.47e-05 9.41e-05 0.0001614 8.55e-05 8.595e-05 8.325e-05 9.565e-05 8.58e-05 9.88e-05 8.44e-05 8.74e-05 8.485e-05 9.775e-05 9.49e-05 8.745e-05 8.37e-05 0.00010015 9.825e-05 9.97e-05 8.465e-05 9.675e-05 8.43e-05 9.755e-05 0.00010015 8.515e-05 8.495e-05 8.315e-05 0.00010675 0.00010985 9.72e-05 9.725e-05 8.5e-05 9.745e-05 8.75e-05 8.595e-05 9.785e-05 8.54e-05 8.74e-05 8.635e-05 9.96e-05 9.77e-05 0.00010085 0.0001008 8.24e-05 0.00011355 9.715e-05 0.00010115 0.00010035 9.505e-05 9.755e-05 9.685e-05 8.29e-05 0.00011 9.485e-05 0.00011345 9.33e-05 8.45e-05 8.83e-05 8.655e-05 0.00010975 8.39e-05 9.755e-05 9.68e-05 9.76e-05 8.335e-05 8.7e-05 8.54e-05 8.565e-05 8.465e-05 9.845e-05 8.47e-05 0.00011255 0.0001008 8.365e-05 8.525e-05 9.695e-05 9.41e-05 8.54e-05 8.415e-05 8.495e-05 8.58e-05 9.82e-05 9.69e-05 9.935e-05 8.545e-05 8.59e-05 9.605e-05 9.71e-05 8.415e-05 0.0001005
7 0.0001161 5.7e-06 3.575e-05 3.735e-05 0.0001105 9.1e-05 8.55e-05 9.1e-06 7.06e-05 6.85e-06 9.225e-05 9.3e-06 9.655e-05 0.00010795 7.145e-05 3.31e-05 0.0001273 9.025e-05 9.44e-05 8.25e-06 9.895e-05 3.525e-05 3.35e-05 6.95e-06 9.16e-05 9.2e-06 0.00011645 0.0001502 6.86e-05 0.00011095 6e-06 0.00017345 0.0001192 0.00011365 3.41e-05 6.84e-05 0.00011635 3.33e-05 3.29e-05 0.00011675 7.35e-06 3.32e-05 8.1e-06 3.52e-05 3.415e-05 0.00015205 6.25e-05 4.535e-05 0.0001696 0.00011605 0.0001141 0.0001504 9.125e-05 0.0001152 3.695e-05 3.36e-05 0.00012075 9.025e-05 6.56e-05 8.98e-05 4.755e-05 9.64e-05 3.395e-05 0.0001191 6.75e-06 0.00011645 9.04e-05 0.0001667 6.3e-06 7.105e-05 8.76e-05 7.025e-05 6.9e-06 8.79e-05 3.295e-05 0.00017285 6.25e-05 7.9e-06 7.17e-05 3.63e-05 0.00016915 8.76e-05 0.00014725 0.00011095 8.645e-05 3.5e-05 0.00016945 9.825e-05 7.005e-05 7.225e-05 8.99e-05 0.00015425 0.0001471 0.00010045
8 9.585e-05 7.01e-05 8.32e-05 8.31e-05 8.48e-05 9.25e-05 8.595e-05 7.06e-05 0.0001274 6.985e-05 9.355e-05 6.67e-05 7.98e-05 8.335e-05 6.875e-05 6.975e-05 0.00011395 9.685e-05 6.595e-05 7.04e-05 8e-05 8.345e-05 8.39e-05 6.955e-05 9.69e-05 6.7e-05 9.63e-05 9.425e-05 6.69e-05 8.535e-05 6.985e-05 0.0001247 0.0001104 9.94e-05 8.32e-05 6.675e-05 9.61e-05 6.915e-05 6.89e-05 9.665e-05 6.915e-05 6.91e-05 6.945e-05 8.3e-05 8.3e-05 9.63e-05 8.235e-05 8.63e-05 0.00012485 9.58e-05 9.7e-05 9.44e-05 9.69e-05 9.705e-05 8.3e-05 7.335e-05 0.00011 9.68e-05 9.69e-05 9.56e-05 8.665e-05 6.82e-05 6.905e-05 0.0001103 7.005e-05 9.625e-05 9.775e-05 0.0001132 7.02e-05 6.835e-05 8.555e-05 6.88e-05 6.955e-05 9.745e-05 6.96e-05 0.00012615 8.235e-05 6.975e-05 8.6e-05 7.87e-05 0.0001129 8.555e-05 8.255e-05 8.535e-05 8.59e-05 8.355e-05 0.0001126 8.175e-05 6.86e-05 8.615e-05 9.76e-05 9.545e-05 8.26e-05 8.175e-05
9 0.0001146 3.4e-06 3.475e-05 3.72e-05 0.00010895 9e-05 8.325e-05 6.85e-06 6.985e-05 4.5e-06 9.19e-05 9.3e-06 9.59e-05 0.0001062 7.025e-05 3.06e-05 0.0001269 8.775e-05 9.25e-05 6.95e-06 9.85e-05 3.47e-05 3.685e-05 5.05e-06 9.07e-05 8.75e-06 0.00011505 0.00014965 6.595e-05 0.0001095 2.6e-06 0.0001722 0.00011885 0.00011325 3.325e-05 6.565e-05 0.00011485 3.215e-05 3.075e-05 0.0001152 6.95e-06 3.205e-05 7.7e-06 3.51e-05 3.315e-05 0.00015145 6.205e-05 4.285e-05 0.0001704 0.00011455 0.00011365 0.00014985 8.78e-05 0.00011355 3.58e-05 3.14e-05 0.0001207 8.785e-05 6.63e-05 8.58e-05 4.685e-05 9.445e-05 3.29e-05 0.00011875 4.95e-06 0.0001148 8.95e-05 0.00016615 5.45e-06 6.985e-05 8.595e-05 6.755e-05 4.9e-06 8.66e-05 3.045e-05 0.00017375 6.205e-05 3.9e-06 7.005e-05 3.605e-05 0.00016785 8.585e-05 0.00014535 0.0001095 8.465e-05 3.35e-05 0.0001678 9.755e-05 6.735e-05 7.005e-05 8.955e-05 0.0001527 0.00014555 9.995e-05
10 9.585e-05 9.145e-05 9.38e-05 9.36e-05 0.0001031 8.555e-05 9.565e-05 9.225e-05 9.355e-05 9.19e-05 0.0001697 8.805e-05 9.845e-05 0.0001027 9.765e-05 9.95e-05 9.93e-05 8.855e-05 0.00010445 9.145e-05 9.925e-05 9.41e-05 9.44e-05 9.1e-05 8.87e-05 8.81e-05 9.615e-05 9.875e-05 9.685e-05 0.00010355 9.12e-05 8.65e-05 9.115e-05 9.845e-05 9.335e-05 9.67e-05 9.605e-05 9.915e-05 9.875e-05 9.68e-05 9.05e-05 9.905e-05 9.1e-05 9.39e-05 9.365e-05 9.97e-05 0.00010155 9.705e-05 9.54e-05 9.58e-05 0.0001014 9.895e-05 8.93e-05 9.73e-05 9.36e-05 9.73e-05 9.07e-05 8.85e-05 9.685e-05 8.945e-05 9.76e-05 0.00010555 9.815e-05 9.1e-05 9.135e-05 9.65e-05 8.955e-05 9.76e-05 9.135e-05 9.725e-05 9.73e-05 9.76e-05 9.1e-05 9.34e-05 9.935e-05 9.395e-05 0.00010155 9.175e-05 0.0001052 8.81e-05 9.3e-05 9.73e-05 0.0001009 0.00010355 9.78e-05 9.42e-05 9.62e-05 9.925e-05 9.74e-05 0.0001055 8.965e-05 9.435e-05 0.00010095 9.985e-05
11 0.0001154 8.9e-06 3.875e-05 3.955e-05 0.0001103 8.69e-05 8.58e-05 9.3e-06 6.67e-05 9.3e-06 8.805e-05 8.3e-06 9.77e-05 0.00010855 6.84e-05 3.465e-05 0.0001292 9.03e-05 9.4e-05 1.005e-05 9.94e-05 3.885e-05 3.825e-05 6.35e-06 8.84e-05 7.05e-06 0.0001158 0.0001498 6.905e-05 0.0001108 8.6e-06 0.00017195 0.0001204 0.00011535 3.765e-05 6.89e-05 0.00011565 3.185e-05 3.4e-05 0.00011595 5.15e-06 3.175e-05 4.55e-06 3.625e-05 3.815e-05 0.00015155 6.425e-05 4.81e-05 0.0001705 0.00011535 0.00011505 0.00015 9.105e-05 0.0001153 3.93e-05 3.555e-05 0.0001209 9.025e-05 6.925e-05 8.985e-05 4.83e-05 9.59e-05 3.45e-05 0.0001203 9.3e-06 0.0001156 8.815e-05 0.0001662 9.45e-06 6.82e-05 8.765e-05 7.06e-05 6.6e-06 8.965e-05 3.45e-05 0.0001737 6.425e-05 9.65e-06 7.365e-05 3.25e-05 0.0001672 8.765e-05 0.00014545 0.0001108 8.76e-05 3.865e-05 0.0001671 9.93e-05 7.04e-05 7.35e-05 9.135e-05 0.00015215 0.0001456 0.0001008
12 8.185e-05 9.63e-05 8.005e-05 8.16e-05 8.225e-05 9.87e-05 9.88e-05 9.655e-05 7.98e-05 9.59e-05 9.845e-05 9.77e-05 0.0001243 8.02e-05 8.225e-05 8.105e-05 9.77e-05 9.775e-05 6.315e-05 9.785e-05 6.4e-05 8.155e-05 8.01e-05 9.675e-05 9.885e-05 9.76e-05 8.235e-05 7.96e-05 7.92e-05 8.285e-05 9.6e-05 9.955e-05 8.175e-05 8.22e-05 7.97e-05 7.905e-05 8.21e-05 8.125e-05 8.04e-05 8.25e-05 9.715e-05 8.12e-05 9.77e-05 8.15e-05 7.94e-05 8.18e-05 6.51e-05 9.7e-05 9.71e-05 8.18e-05 8.115e-05 7.975e-05 9.77e-05 8.185e-05 8.105e-05 8.48e-05 8.295e-05 9.77e-05 6.515e-05 9.79e-05 9.885e-05 6.555e-05 8.125e-05 8.165e-05 9.67e-05 8.205e-05 9.87e-05 9.87e-05 9.71e-05 8.185e-05 9.835e-05 8.125e-05 9.675e-05 9.665e-05 8.09e-05 9.84e-05 6.51e-05 9.625e-05 8.165e-05 8.21e-05 0.0001002 9.835e-05 8.115e-05 8.285e-05 9.81e-05 7.995e-05 0.0001 6.44e-05 8.105e-05 8.165e-05 9.715e-05 8.285e-05 8.13e-05 6.59e-05
13 7.89e-05 0.0001065 0.00010495 0.0001059 6.09e-05 0.00010135 8.44e-05 0.00010795 8.335e-05 0.0001062 0.0001027 0.00010855 8.02e-05 0.000117 8.585e-05 8.43e-05 8.275e-05 0.00010175 5.95e-05 0.0001081 8.13e-05 0.0001054 0.00010605 0.00010725 0.0001033 0.0001081 7.935e-05 8.265e-05 8.235e-05 6.145e-05 0.00010605 9.74e-05 0.0001003 8.235e-05 0.0001043 8.225e-05 7.915e-05 8.49e-05 8.38e-05 7.96e-05 0.0001079 8.485e-05 0.00010865 0.0001057 0.0001043 8.48e-05 8.245e-05 8.22e-05 0.00010685 7.885e-05 8.415e-05 8.275e-05 0.00010195 7.9e-05 0.00010535 8.35e-05 0.00010085 0.0001017 0.00010385 0.00010045 8.445e-05 6.185e-05 8.555e-05 0.0001002 0.0001071 7.92e-05 0.00010315 8.425e-05 0.00010725 8.545e-05 8.5e-05 8.44e-05 0.00010725 0.00010655 8.415e-05 0.00010415 8.245e-05 0.00010675 5.995e-05 0.0001041 7.965e-05 8.5e-05 6e-05 6.145e-05 8.46e-05 0.00010465 7.94e-05 8.225e-05 8.42e-05 6.04e-05 0.00010275 7.985e-05 5.995e-05 8.32e-05
14 9.78e-05 7.05e-05 8.395e-05 8.48e-05 8.66e-05 9.64e-05 8.74e-05 7.145e-05 6.875e-05 7.025e-05 9.765e-05 6.84e-05 8.225e-05 8.585e-05 0.0001348 7.105e-05 0.0001142 9.795e-05 6.885e-05 7.19e-05 8.315e-05 8.44e-05 8.465e-05 6.88e-05 9.685e-05 7.06e-05 9.83e-05 9.635e-05 6.93e-05 8.72e-05 7.025e-05 0.00012575 0.0001119 0.00010075 8.355e-05 6.915e-05 9.805e-05 6.89e-05 7.01e-05 9.83e-05 6.815e-05 6.885e-05 6.78e-05 8.25e-05 8.345e-05 9.63e-05 8.4e-05 8.68e-05 0.00012475 9.775e-05 9.77e-05 9.655e-05 9.8e-05 9.755e-05 8.45e-05 7.44e-05 0.0001122 9.79e-05 9.81e-05 9.685e-05 8.775e-05 6.89e-05 7.165e-05 0.0001118 7.075e-05 9.785e-05 9.66e-05 0.00011415 7.12e-05 6.74e-05 8.73e-05 6.905e-05 6.905e-05 9.76e-05 7.09e-05 0.0001271 8.4e-05 7.045e-05 8.705e-05 8.03e-05 0.0001149 8.73e-05 8.57e-05 8.72e-05 8.71e-05 8.4e-05 0.00011295 8.18e-05 6.885e-05 8.675e-05 9.87e-05 9.67e-05 8.59e-05 8.275e-05
15 9.625e-05 3.14e-05 4.585e-05 4.445e-05 8.47e-05 9.82e-05 8.485e-05 3.31e-05 6.975e-05 3.06e-05 9.95e-05 3.465e-05 8.105e-05 8.43e-05 7.105e-05 5.68e-05 0.00011325 9.765e-05 6.645e-05 2.98e-05 8.195e-05 4.41e-05 4.67e-05 3.24e-05 9.925e-05 3.245e-05 9.615e-05 0.00013315 6.785e-05 8.475e-05 3.115e-05 0.00016365 0.00011155 0.00010005 4.47e-05 6.77e-05 9.65e-05 3.155e-05 3.08e-05 9.645e-05 3.305e-05 3.13e-05 3.385e-05 4.615e-05 4.46e-05 0.00013505 4.42e-05 4.76e-05 0.00016215 9.62e-05 9.535e-05 0.00013335 9.715e-05 9.6e-05 4.38e-05 3.38e-05 0.00011185 9.76e-05 5.95e-05 9.565e-05 4.83e-05 6.85e-05 3.295e-05 0.00011145 3.24e-05 9.66e-05 9.87e-05 0.00015165 3.045e-05 7.065e-05 8.54e-05 6.955e-05 3.24e-05 9.675e-05 2.845e-05 0.00016495 4.42e-05 3.155e-05 4.635e-05 4.58e-05 0.00015275 8.54e-05 0.0001226 8.47e-05 8.67e-05 4.515e-05 0.0001519 8.28e-05 6.935e-05 4.685e-05 9.845e-05 0.00013575 0.0001226 8.35e-05
16 8.415e-05 0.0001269 0.0001121 0.0001123 8.365e-05 9.94e-05 9.775e-05 0.0001273 0.00011395 0.0001269 9.93e-05 0.0001292 9.77e-05 8.275e-05 0.0001142 0.00011325 0.0001332 9.81e-05 9.875e-05 0.0001277 9.81e-05 0.0001126 0.00011235 0.00012765 9.965e-05 0.00012835 8.455e-05 8.275e-05 0.00011275 8.415e-05 0.00012645 6.925e-05 8.345e-05 8.3e-05 0.00011165 0.0001126 8.44e-05 0.0001142 0.00011305 8.48e-05 0.0001283 0.0001141 0.00012905 0.0001133 0.0001121 8.295e-05 9.815e-05 9.645e-05 6.695e-05 8.41e-05 8.32e-05 8.275e-05 9.86e-05 8.38e-05 0.00011185 0.0001106 8.36e-05 9.805e-05 9.745e-05 9.855e-05 9.835e-05 9.91e-05 0.0001131 8.335e-05 0.00012745 8.445e-05 9.905e-05 6.77e-05 0.00012725 0.0001138 9.97e-05 0.00011275 0.00012765 9.675e-05 0.0001131 6.865e-05 9.815e-05 0.0001274 8.305e-05 0.0001136 6.945e-05 9.97e-05 8.375e-05 8.415e-05 9.97e-05 0.00011185 7.115e-05 9.775e-05 0.00011255 8.35e-05 9.83e-05 8.415e-05 8.375e-05 9.795e-05
17 9.62e-05 8.74e-05 9.11e-05 9.235e-05 0.00010295 8.84e-05 9.49e-05 9.025e-05 9.685e-05 8.775e-05 8.855e-05 9.03e-05 9.775e-05 0.00010175 9.795e-05 9.765e-05 9.81e-05 0.0001724 0.00010445 8.95e-05 9.96e-05 9.145e-05 9.29e-05 8.825e-05 8.845e-05 8.98e-05 9.665e-05 9.975e-05 9.515e-05 0.0001035 8.655e-05 8.665e-05 9.09e-05 9.77e-05 8.99e-05 9.485e-05 9.645e-05 9.81e-05 9.665e-05 9.645e-05 8.955e-05 9.8e-05 9.015e-05 9.18e-05 9.06e-05 0.0001008 0.00010065 9.315e-05 9.615e-05 9.615e-05 0.00010125 9.995e-05 8.78e-05 9.585e-05 9.2e-05 9.43e-05 9.145e-05 8.63e-05 9.535e-05 8.795e-05 9.625e-05 0.00010565 9.75e-05 9.08e-05 8.815e-05 9.605e-05 8.83e-05 9.825e-05 8.875e-05 9.755e-05 9.695e-05 9.6e-05 8.81e-05 9.145e-05 9.75e-05 9.495e-05 0.00010065 8.86e-05 0.0001031 8.96e-05 9.365e-05 9.695e-05 0.0001018 0.0001035 9.65e-05 9.065e-05 9.64e-05 9.865e-05 9.58e-05 0.00010295 8.8e-05 9.605e-05 0.00010205 0.0001003
18 7.71e-05 9.34e-05 9.05e-05 8.91e-05 5.995e-05 0.0001033 8.745e-05 9.44e-05 6.595e-05 9.25e-05 0.00010445 9.4e-05 6.315e-05 5.95e-05 6.885e-05 6.645e-05 9.875e-05 0.00010445 7.71e-05 9.185e-05 6.27e-05 8.965e-05 9.19e-05 9.37e-05 0.0001053 9.255e-05 7.765e-05 7.775e-05 6.6e-05 6.06e-05 9.32e-05 0.0001161 0.0001018 8.47e-05 9.075e-05 6.585e-05 7.735e-05 6.68e-05 6.605e-05 7.785e-05 9.385e-05 6.68e-05 9.44e-05 9.095e-05 8.995e-05 8e-05 6.28e-05 8.67e-05 0.000117 7.705e-05 7.835e-05 7.79e-05 0.0001038 7.755e-05 8.97e-05 7.295e-05 0.00010135 0.0001044 8.75e-05 0.00010255 8.685e-05 4.1e-05 6.815e-05 0.0001017 9.365e-05 7.735e-05 0.00010555 9.92e-05 9.26e-05 6.845e-05 8.41e-05 6.81e-05 9.37e-05 0.0001052 6.63e-05 0.0001176 6.28e-05 9.27e-05 6e-05 8.955e-05 9.88e-05 8.41e-05 5.99e-05 6.06e-05 8.535e-05 9.055e-05 9.605e-05 6.53e-05 6.79e-05 6e-05 0.0001049 7.915e-05 6e-05 6.465e-05
19 0.00011295 5.75e-06 3.705e-05 3.35e-05 0.00010745 9e-05 8.37e-05 8.25e-06 7.04e-05 6.95e-06 9.145e-05 1.005e-05 9.785e-05 0.0001081 7.19e-05 2.98e-05 0.0001277 8.95e-05 9.185e-05 4e-07 9.875e-05 3.35e-05 3.895e-05 7.7e-06 9.14e-05 5.35e-06 0.0001133 0.0001499 6.84e-05 0.0001079 6.15e-06 0.0001725 0.00012025 0.0001148 3.62e-05 6.825e-05 0.0001132 3.17e-05 3e-05 0.0001136 8.4e-06 3.16e-05 9.45e-06 3.805e-05 3.58e-05 0.0001518 6.03e-05 4.585e-05 0.00016955 0.0001129 0.0001118 0.0001501 9.035e-05 0.00011285 3.6e-05 3.13e-05 0.00011995 8.945e-05 6.76e-05 8.87e-05 4.63e-05 9.39e-05 3.165e-05 0.00012015 6.1e-06 0.0001133 9.1e-05 0.0001657 2.65e-06 7.15e-05 8.32e-05 7.01e-05 7.7e-06 8.795e-05 2.965e-05 0.0001737 6.03e-05 7.25e-06 6.985e-05 3.67e-05 0.0001675 8.33e-05 0.000146 0.0001079 8.615e-05 3.7e-05 0.0001692 9.96e-05 6.99e-05 7.015e-05 9.035e-05 0.00015315 0.00014605 0.0001003
20 8.2e-05 9.92e-05 8.12e-05 8.01e-05 8.24e-05 9.955e-05 0.00010015 9.895e-05 8e-05 9.85e-05 9.925e-05 9.94e-05 6.4e-05 8.13e-05 8.315e-05 8.195e-05 9.81e-05 9.96e-05 6.27e-05 9.875e-05 0.0001231 8.225e-05 8.27e-05 9.945e-05 0.0001004 9.855e-05 8.25e-05 7.825e-05 8.035e-05 8.3e-05 9.9e-05 0.0001006 8.265e-05 8.31e-05 8.28e-05 8.025e-05 8.225e-05 8.23e-05 8.08e-05 8.27e-05 9.955e-05 8.225e-05 0.0001001 8.295e-05 8.235e-05 8.045e-05 6.285e-05 9.995e-05 9.5e-05 8.195e-05 7.995e-05 7.835e-05 9.915e-05 8.245e-05 8.015e-05 8.675e-05 8.145e-05 9.955e-05 6.395e-05 9.935e-05 0.0001006 6.51e-05 8.08e-05 8.255e-05 9.865e-05 8.225e-05 0.00010065 9.8e-05 9.895e-05 8.275e-05 9.85e-05 8.245e-05 9.945e-05 9.71e-05 8.18e-05 9.62e-05 6.3e-05 9.79e-05 8.295e-05 8.38e-05 0.00010085 9.85e-05 8.12e-05 8.3e-05 9.92e-05 8.205e-05 0.0001004 6.61e-05 8.225e-05 8.295e-05 9.905e-05 8.285e-05 8.13e-05 6.365e-05
21 0.00010035 3.425e-05 3.565e-05 3.515e-05 0.00010655 9.425e-05 9.825e-05 3.525e-05 8.345e-05 3.47e-05 9.41e-05 3.885e-05 8.155e-05 0.0001054 8.44e-05 4.41e-05 0.0001126 9.145e-05 8.965e-05 3.35e-05 8.225e-05 6.66e-05 3.63e-05 3.57e-05 9.35e-05 3.655e-05 0.00010075 0.0001343 8.06e-05 0.00010705 3.405e-05 0.00014805 9.21e-05 9.835e-05 3.52e-05 8.065e-05 0.0001006 4.525e-05 4.415e-05 0.000101 3.695e-05 4.515e-05 3.775e-05 3.545e-05 3.525e-05 0.00013615 4.48e-05 5.875e-05 0.00014155 0.0001003 9.725e-05 0.0001345 9.205e-05 9.98e-05 3.595e-05 4.575e-05 9.32e-05 9.13e-05 3.67e-05 9.205e-05 6.055e-05 9.165e-05 4.42e-05 9.2e-05 3.545e-05 0.00010065 9.27e-05 0.00015135 3.385e-05 8.4e-05 9.83e-05 8.23e-05 3.585e-05 8.775e-05 4.395e-05 0.00014445 4.48e-05 3.575e-05 6.82e-05 3.88e-05 0.00015515 9.83e-05 0.00014405 0.00010705 9.895e-05 3.485e-05 0.0001562 8.325e-05 8.225e-05 6.835e-05 9.135e-05 0.0001395 0.00014415 8.375e-05
22 0.00010245 3.665e-05 3.54e-05 3.77e-05 0.0001086 9.48e-05 9.97e-05 3.35e-05 8.39e-05 3.685e-05 9.44e-05 3.825e-05 8.01e-05 0.00010605 8.465e-05 4.67e-05 0.00011235 9.29e-05 9.19e-05 3.895e-05 8.27e-05 3.63e-05 6.11e-05 3.645e-05 9.355e-05 3.91e-05 0.0001028 0.00013465 8.245e-05 0.00010905 3.62e-05 0.0001486 9.13e-05 9.75e-05 3.33e-05 8.225e-05 0.0001027 4.645e-05 4.68e-05 0.00010305 3.65e-05 4.635e-05 3.685e-05 3.525e-05 3.485e-05 0.00013655 4.625e-05 5.98e-05 0.000141 0.0001024 9.855e-05 0.00013485 9.37e-05 0.0001015 3.68e-05 4.81e-05 9.35e-05 9.29e-05 3.525e-05 9.395e-05 6.14e-05 9.395e-05 4.665e-05 9.12e-05 3.775e-05 0.00010275 9.235e-05 0.0001517 3.76e-05 8.425e-05 0.00010155 8.415e-05 3.635e-05 8.87e-05 4.655e-05 0.000144 4.625e-05 3.795e-05 6.98e-05 3.86e-05 0.00015605 0.00010155 0.0001453 0.00010905 0.0001008 3.46e-05 0.0001565 8.185e-05 8.395e-05 7.01e-05 9.15e-05 0.00014065 0.0001452 8.425e-05
23 0.0001152 4.5e-06 3.58e-05 3.795e-05 0.0001098 8.925e-05 8.465e-05 6.95e-06 6.955e-05 5.05e-06 9.1e-05 6.35e-06 9.675e-05 0.00010725 6.88e-05 3.24e-05 0.00012765 8.825e-05 9.37e-05 7.7e-06 9.945e-05 3.57e-05 3.645e-05 6.8e-06 8.84e-05 8.25e-06 0.00011565 0.0001505 6.695e-05 0.00011035 3.65e-06 0.0001719 0.0001196 0.00011425 3.395e-05 6.695e-05 0.00011545 3.07e-05 3.165e-05 0.0001156 4.05e-06 3.06e-05 3.8e-06 3.39e-05 3.485e-05 0.00015235 6.305e-05 4.39e-05 0.00017095 0.00011515 0.00011455 0.0001507 8.96e-05 0.0001139 3.735e-05 3.215e-05 0.00012105 8.81e-05 6.745e-05 8.8e-05 4.66e-05 9.57e-05 3.355e-05 0.0001195 5.85e-06 0.0001152 8.715e-05 0.0001666 6.45e-06 6.84e-05 8.695e-05 6.86e-05 3.8e-06 8.73e-05 3.225e-05 0.0001744 6.305e-05 6.25e-06 7.115e-05 3.365e-05 0.00016785 8.695e-05 0.0001461 0.00011035 8.595e-05 3.485e-05 0.00016735 9.845e-05 6.855e-05 7.085e-05 8.985e-05 0.0001533 0.00014635 0.00010095
24 9.715e-05 9.025e-05 9.285e-05 9.37e-05 0.0001041 8.895e-05 9.675e-05 9.16e-05 9.69e-05 9.07e-05 8.87e-05 8.84e-05 9.885e-05 0.0001033 9.685e-05 9.925e-05 9.965e-05 8.845e-05 0.0001053 9.14e-05 0.0001004 9.35e-05 9.355e-05 8.84e-05 0.0001738 9.04e-05 9.76e-05 0.00010055 9.725e-05 0.00010465 8.995e-05 8.745e-05 9.205e-05 9.905e-05 9.205e-05 9.71e-05 9.74e-05 9.7e-05 9.82e-05 9.705e-05 8.77e-05 9.69e-05 8.73e-05 9.16e-05 9.245e-05 0.00010165 0.0001015 9.6e-05 9.695e-05 9.71e-05 0.0001021 0.00010075 8.925e-05 9.66e-05 9.355e-05 9.675e-05 9.235e-05 8.84e-05 9.64e-05 8.995e-05 9.715e-05 0.00010655 9.915e-05 9.195e-05 9.04e-05 9.685e-05 8.705e-05 9.935e-05 9.085e-05 9.645e-05 9.83e-05 9.815e-05 8.865e-05 9.355e-05 9.91e-05 9.575e-05 0.0001015 9.08e-05 0.0001047 8.815e-05 9.45e-05 9.83e-05 0.0001029 0.00010465 9.825e-05 9.3e-05 9.625e-05 9.98e-05 9.795e-05 0.00010425 8.955e-05 9.7e-05 0.00010315 0.00010115
25 0.0001137 7.95e-06 3.84e-05 3.655e-05 0.00010845 8.69e-05 8.43e-05 9.2e-06 6.7e-05 8.75e-06 8.81e-05 7.05e-06 9.76e-05 0.0001081 7.06e-05 3.245e-05 0.00012835 8.98e-05 9.255e-05 5.35e-06 9.855e-05 3.655e-05 3.91e-05 8.25e-06 9.04e-05 1.03e-05 0.00011405 0.000149 6.855e-05 0.0001089 8e-06 0.00017175 0.00012005 0.00011485 3.76e-05 6.84e-05 0.00011395 3.28e-05 3.23e-05 0.00011445 8.15e-06 3.27e-05 8.7e-06 3.825e-05 3.76e-05 0.00015075 6.235e-05 4.755e-05 0.0001693 0.00011365 0.00011315 0.0001492 9.06e-05 0.0001143 3.775e-05 3.375e-05 0.0001198 8.975e-05 6.87e-05 8.91e-05 4.76e-05 9.445e-05 3.26e-05 0.00011995 8.2e-06 0.00011415 9.06e-05 0.0001651 6.4e-06 7.02e-05 8.505e-05 7.01e-05 8.25e-06 8.875e-05 3.23e-05 0.00017285 6.235e-05 8.95e-06 7.21e-05 3.46e-05 0.0001664 8.505e-05 0.00014475 0.0001089 8.67e-05 3.845e-05 0.000168 9.92e-05 6.99e-05 7.24e-05 9.075e-05 0.0001515 0.0001448 9.995e-05
26 7.76e-05 0.00011525 0.0001016 0.00010005 7.875e-05 9.68e-05 9.755e-05 0.00011645 9.63e-05 0.00011505 9.615e-05 0.0001158 8.235e-05 7.935e-05 9.83e-05 9.615e-05 8.455e-05 9.665e-05 7.765e-05 0.0001133 8.25e-05 0.00010075 0.0001028 0.00011565 9.76e-05 0.00011405 0.0001548 8.28e-05 9.65e-05 7.88e-05 0.00011505 7.835e-05 8.3e-05 8.42e-05 0.00010135 9.635e-05 7.78e-05 9.735e-05 9.645e-05 7.8e-05 0.00011565 9.71e-05 0.00011645 0.00010235 0.0001011 8.395e-05 8.255e-05 9.79e-05 8.805e-05 7.755e-05 8.28e-05 8.3e-05 9.67e-05 7.835e-05 0.00010075 9.725e-05 8.25e-05 9.66e-05 8.795e-05 9.69e-05 9.815e-05 7.895e-05 9.775e-05 8.285e-05 0.00011545 7.815e-05 9.785e-05 8.41e-05 0.00011415 9.79e-05 9.63e-05 9.745e-05 0.00011565 0.00010165 9.605e-05 8.59e-05 8.255e-05 0.0001152 7.92e-05 9.94e-05 7.935e-05 9.63e-05 7.88e-05 7.875e-05 9.775e-05 0.0001017 8.015e-05 8.335e-05 9.725e-05 7.96e-05 9.745e-05 7.855e-05 7.885e-05 8.33e-05
27 8.23e-05 0.00015025 0.0001336 0.0001328 8.27e-05 9.905e-05 0.00010015 0.0001502 9.425e-05 0.00014965 9.875e-05 0.0001498 7.96e-05 8.265e-05 9.635e-05 0.00013315 8.275e-05 9.975e-05 7.775e-05 0.0001499 7.825e-05 0.0001343 0.00013465 0.0001505 0.00010055 0.000149 8.28e-05 8.04e-05 9.53e-05 8.33e-05 0.00015005 5.005e-05 8.39e-05 8.435e-05 0.00013455 9.515e-05 8.255e-05 0.0001335 0.00013225 8.3e-05 0.0001506 0.00013345 0.00015115 0.00013495 0.0001342 4.075e-05 0.0001158 0.0001374 4.055e-05 8.225e-05 7.825e-05 4.05e-05 9.94e-05 8.295e-05 0.0001328 0.0001374 8.29e-05 9.97e-05 0.0001174 9.96e-05 0.0001381 7.845e-05 0.0001319 8.38e-05 0.00014995 8.255e-05 0.000101 4.535e-05 0.00015005 9.595e-05 9.88e-05 9.565e-05 0.0001505 9.535e-05 0.000133 4.46e-05 0.0001158 0.0001493 0.00012055 0.0001342 5.01e-05 9.88e-05 4.515e-05 8.33e-05 9.945e-05 0.0001342 4.995e-05 8e-05 9.545e-05 0.00012055 9.94e-05 4.515e-05 4.53e-05 7.845e-05
28 9.6e-05 6.605e-05 8.06e-05 8.185e-05 8.465e-05 9.52e-05 8.515e-05 6.86e-05 6.69e-05 6.595e-05 9.685e-05 6.905e-05 7.92e-05 8.235e-05 6.93e-05 6.785e-05 0.00011275 9.515e-05 6.6e-05 6.84e-05 8.035e-05 8.06e-05 8.245e-05 6.695e-05 9.725e-05 6.855e-05 9.65e-05 9.53e-05 0.00013 8.525e-05 6.525e-05 0.000125 0.00010995 9.865e-05 7.985e-05 6.515e-05 9.625e-05 6.835e-05 6.69e-05 9.665e-05 6.84e-05 6.83e-05 6.905e-05 8.095e-05 8.005e-05 9.745e-05 8.15e-05 8.245e-05 0.00012565 9.595e-05 9.685e-05 9.54e-05 9.58e-05 9.6e-05 8.14e-05 7.03e-05 0.0001105 9.5e-05 9.545e-05 9.41e-05 8.53e-05 6.835e-05 6.845e-05 0.00010985 6.695e-05 9.62e-05 9.71e-05 0.00011395 6.755e-05 6.89e-05 8.52e-05 6.715e-05 6.71e-05 9.54e-05 6.77e-05 0.0001272 8.15e-05 6.67e-05 8.385e-05 8.02e-05 0.0001139 8.52e-05 8.355e-05 8.525e-05 8.46e-05 8.01e-05 0.0001132 8.125e-05 6.71e-05 8.385e-05 9.645e-05 9.695e-05 8.37e-05 8.225e-05
29 7.885e-05 0.0001098 0.00010785 0.00010635 6.05e-05 0.00010225 8.495e-05 0.00011095 8.535e-05 0.0001095 0.00010355 0.0001108 8.285e-05 6.145e-05 8.72e-05 8.475e-05 8.415e-05 0.0001035 6.06e-05 0.0001079 8.3e-05 0.00010705 0.00010905 0.00011035 0.00010465 0.0001089 7.88e-05 8.33e-05 8.525e-05 0.0001206 0.00010955 9.77e-05 0.0001018 8.33e-05 0.00010755 8.51e-05 7.91e-05 8.625e-05 8.515e-05 7.91e-05 0.00011055 8.6e-05 0.00011135 0.0001088 0.0001074 8.44e-05 8.3e-05 8.575e-05 0.00010605 7.88e-05 8.32e-05 8.35e-05 0.0001035 7.935e-05 0.00010685 8.52e-05 0.00010135 0.00010345 0.00010595 0.000102 8.62e-05 6.185e-05 8.645e-05 0.0001017 0.00011 7.92e-05 0.00010485 8.335e-05 0.00010865 8.68e-05 8.46e-05 8.615e-05 0.00011035 0.0001079 8.46e-05 0.00010345 8.3e-05 0.00010965 6.125e-05 0.00010635 7.905e-05 8.46e-05 6.055e-05 6.035e-05 8.605e-05 0.00010795 7.945e-05 8.38e-05 8.595e-05 6.19e-05 0.0001043 7.98e-05 6.06e-05 8.375e-05
30 0.0001146 2e-06 3.44e-05 3.695e-05 0.000109 8.905e-05 8.315e-05 6e-06 6.985e-05 2.6e-06 9.12e-05 8.6e-06 9.6e-05 0.00010605 7.025e-05 3.115e-05 0.00012645 8.655e-05 9.32e-05 6.15e-06 9.9e-05 3.405e-05 3.62e-05 3.65e-06 8.995e-05 8e-06 0.00011505 0.00015005 6.525e-05 0.00010955 7e-07 0.00017145 0.0001188 0.00011325 3.205e-05 6.52e-05 0.00011485 3.215e-05 3.045e-05 0.00011515 6.25e-06 3.205e-05 7e-06 3.45e-05 3.335e-05 0.00015185 6.255e-05 4.13e-05 0.0001705 0.00011455 0.00011405 0.00015025 8.85e-05 0.0001135 3.615e-05 3.005e-05 0.0001205 8.64e-05 6.675e-05 8.635e-05 4.605e-05 9.515e-05 3.225e-05 0.0001187 3.95e-06 0.00011475 8.875e-05 0.00016585 4.7e-06 6.985e-05 8.595e-05 6.685e-05 3.75e-06 8.56e-05 3.1e-05 0.00017395 6.255e-05 4.4e-06 6.99e-05 3.535e-05 0.00016715 8.595e-05 0.00014535 0.00010955 8.455e-05 3.27e-05 0.00016785 9.765e-05 6.665e-05 6.99e-05 8.87e-05 0.0001527 0.0001456 0.00010045
31 7.795e-05 0.0001717 0.0001468 0.00014745 9.72e-05 8.855e-05 0.00010675 0.00017345 0.0001247 0.0001722 8.65e-05 0.00017195 9.955e-05 9.74e-05 0.00012575 0.00016365 6.925e-05 8.665e-05 0.0001161 0.0001725 0.0001006 0.00014805 0.0001486 0.0001719 8.745e-05 0.00017175 7.835e-05 5.005e-05 0.000125 9.77e-05 0.00017145 3.6e-06 6.265e-05 8.205e-05 0.00014665 0.00012485 7.82e-05 0.00016355 0.00016225 7.845e-05 0.00017185 0.00016345 0.00017255 0.0001481 0.00014685 5.03e-05 0.0001385 0.00014385 2.195e-05 7.79e-05 8.835e-05 5.025e-05 8.745e-05 7.785e-05 0.0001474 0.0001578 6.255e-05 8.66e-05 0.0001233 8.95e-05 0.00014575 0.0001165 0.0001631 6.265e-05 0.00017135 7.81e-05 8.725e-05 3.125e-05 0.00017205 0.00012535 0.00010825 0.00012505 0.0001719 9.68e-05 0.0001635 1.65e-05 0.0001385 0.0001718 0.00013555 0.00014375 2.145e-05 0.00010825 5.93e-05 9.77e-05 0.00010835 0.00014745 2.52e-05 9.965e-05 0.00012485 0.00013555 8.78e-05 4.005e-05 5.945e-05 0.0001005
32 8.26e-05 0.000119 9.06e-05 9.21e-05 0.0001013 9.315e-05 0.00010985 0.0001192 0.0001104 0.00011885 9.115e-05 0.0001204 8.175e-05 0.0001003 0.0001119 0.00011155 8.345e-05 9.09e-05 0.0001018 0.00012025 8.265e-05 9.21e-05 9.13e-05 0.0001196 9.205e-05 0.00012005 8.3e-05 8.39e-05 0.00010995 0.0001018 0.0001188 6.265e-05 0.0001245 8.115e-05 9.09e-05 0.0001098 8.285e-05 0.000112 0.00011105 8.345e-05 0.00011985 0.0001119 0.0001206 9.23e-05 9.095e-05 8.5e-05 8.37e-05 0.00010915 6.71e-05 8.255e-05 8.535e-05 8.41e-05 9.1e-05 8.29e-05 9.165e-05 0.00011015 6.37e-05 9.085e-05 6.365e-05 9.265e-05 0.000111 0.00010305 0.0001104 6.23e-05 0.00011935 8.31e-05 9.19e-05 8.355e-05 0.00011955 0.0001115 0.00011085 0.00011085 0.0001196 9.305e-05 0.0001114 6.525e-05 8.37e-05 0.00011915 0.0001016 9.29e-05 8.17e-05 0.00011085 0.0001003 0.0001018 0.0001107 9.055e-05 8.435e-05 8.27e-05 0.00011065 0.00010175 9.065e-05 8.24e-05 0.0001004 8.34e-05
33 8.38e-05 0.0001135 9.68e-05 9.835e-05 8.3e-05 9.855e-05 9.72e-05 0.00011365 9.94e-05 0.00011325 9.845e-05 0.00011535 8.22e-05 8.235e-05 0.00010075 0.00010005 8.3e-05 9.77e-05 8.47e-05 0.0001148 8.31e-05 9.835e-05 9.75e-05 0.00011425 9.905e-05 0.00011485 8.42e-05 8.435e-05 9.865e-05 8.33e-05 0.00011325 8.205e-05 8.115e-05 0.0001604 9.705e-05 9.85e-05 8.405e-05 0.00010085 9.97e-05 8.445e-05 0.0001147 0.00010075 0.00011545 9.87e-05 9.72e-05 8.54e-05 8.41e-05 9.695e-05 8.505e-05 8.375e-05 8.575e-05 8.455e-05 9.775e-05 8.385e-05 9.77e-05 9.805e-05 8.245e-05 9.765e-05 8.16e-05 9.77e-05 9.9e-05 8.59e-05 9.905e-05 8.105e-05 0.00011385 8.41e-05 9.885e-05 8.275e-05 0.000114 0.00010035 9.91e-05 9.95e-05 0.00011425 9.925e-05 9.99e-05 8.275e-05 8.41e-05 0.00011355 8.36e-05 9.975e-05 8.135e-05 9.91e-05 8.2e-05 8.33e-05 9.895e-05 9.675e-05 8.36e-05 8.31e-05 9.93e-05 8.4e-05 9.745e-05 8.37e-05 8.21e-05 8.38e-05
34 0.00010095 3.295e-05 3.425e-05 3.7e-05 0.00010705 9.32e-05 9.725e-05 3.41e-05 8.32e-05 3.325e-05 9.335e-05 3.765e-05 7.97e-05 0.0001043 8.355e-05 4.47e-05 0.00011165 8.99e-05 9.075e-05 3.62e-05 8.28e-05 3.52e-05 3.33e-05 3.395e-05 9.205e-05 3.76e-05 0.00010135 0.00013455 7.985e-05 0.00010755 3.205e-05 0.00014665 9.09e-05 9.705e-05 6.36e-05 7.97e-05 0.0001012 4.54e-05 4.455e-05 0.0001015 3.545e-05 4.53e-05 3.59e-05 3.505e-05 3.34e-05 0.0001364 4.635e-05 5.65e-05 0.00014195 0.0001009 9.85e-05 0.00013475 9.105e-05 9.99e-05 3.6e-05 4.52e-05 9.325e-05 8.985e-05 3.645e-05 9.085e-05 6.005e-05 9.275e-05 4.545e-05 9.08e-05 3.44e-05 0.00010115 9.085e-05 0.000151 3.475e-05 8.315e-05 9.96e-05 8.15e-05 3.39e-05 8.715e-05 4.455e-05 0.00014515 4.635e-05 3.465e-05 6.81e-05 3.77e-05 0.00015405 9.96e-05 0.00014355 0.00010755 9.855e-05 3.3e-05 0.000155 8.14e-05 8.12e-05 6.805e-05 9.015e-05 0.0001391 0.00014365 8.43e-05
35 9.585e-05 6.6e-05 8.045e-05 8.17e-05 8.45e-05 9.505e-05 8.5e-05 6.84e-05 6.675e-05 6.565e-05 9.67e-05 6.89e-05 7.905e-05 8.225e-05 6.915e-05 6.77e-05 0.0001126 9.485e-05 6.585e-05 6.825e-05 8.025e-05 8.065e-05 8.225e-05 6.695e-05 9.71e-05 6.84e-05 9.635e-05 9.515e-05 6.515e-05 8.51e-05 6.52e-05 0.00012485 0.0001098 9.85e-05 7.97e-05 0.0001297 9.61e-05 6.82e-05 6.675e-05 9.65e-05 6.825e-05 6.815e-05 6.89e-05 8.1e-05 7.99e-05 9.73e-05 8.135e-05 8.23e-05 0.0001255 9.58e-05 9.67e-05 9.53e-05 9.565e-05 9.585e-05 8.125e-05 7.025e-05 0.00011035 9.495e-05 9.53e-05 9.395e-05 8.515e-05 6.82e-05 6.835e-05 0.0001097 6.68e-05 9.605e-05 9.695e-05 0.0001138 6.74e-05 6.875e-05 8.505e-05 6.715e-05 6.68e-05 9.545e-05 6.755e-05 0.00012705 8.135e-05 6.655e-05 8.37e-05 8.005e-05 0.00011375 8.505e-05 8.34e-05 8.51e-05 8.45e-05 7.995e-05 0.00011305 8.11e-05 6.695e-05 8.37e-05 9.63e-05 9.68e-05 8.355e-05 8.21e-05
36 7.74e-05 0.00011505 0.0001014 9.99e-05 7.855e-05 9.665e-05 9.745e-05 0.00011635 9.61e-05 0.00011485 9.605e-05 0.00011565 8.21e-05 7.915e-05 9.805e-05 9.65e-05 8.44e-05 9.645e-05 7.735e-05 0.0001132 8.225e-05 0.0001006 0.0001027 0.00011545 9.74e-05 0.00011395 7.78e-05 8.255e-05 9.625e-05 7.91e-05 0.00011485 7.82e-05 8.285e-05 8.405e-05 0.0001012 9.61e-05 0.0001546 9.695e-05 9.62e-05 7.83e-05 0.0001155 9.705e-05 0.00011625 0.00010215 0.0001009 8.37e-05 8.23e-05 9.775e-05 8.785e-05 7.735e-05 8.305e-05 8.275e-05 9.65e-05 7.81e-05 0.0001006 9.72e-05 8.235e-05 9.64e-05 8.775e-05 9.67e-05 9.81e-05 7.865e-05 9.755e-05 8.27e-05 0.00011525 7.775e-05 9.765e-05 8.39e-05 0.00011405 9.765e-05 9.615e-05 9.72e-05 0.00011545 0.00010145 9.635e-05 8.57e-05 8.23e-05 0.000115 7.95e-05 9.925e-05 7.92e-05 9.615e-05 7.855e-05 7.91e-05 9.755e-05 0.0001015 7.995e-05 8.31e-05 9.7e-05 7.965e-05 9.725e-05 7.835e-05 7.865e-05 8.305e-05
37 9.685e-05 3.24e-05 4.625e-05 4.575e-05 8.565e-05 9.79e-05 8.75e-05 3.33e-05 6.915e-05 3.215e-05 9.915e-05 3.185e-05 8.125e-05 8.49e-05 6.89e-05 3.155e-05 0.0001142 9.81e-05 6.68e-05 3.17e-05 8.23e-05 4.525e-05 4.645e-05 3.07e-05 9.7e-05 3.28e-05 9.735e-05 0.0001335 6.835e-05 8.625e-05 3.215e-05 0.00016355 0.000112 0.00010085 4.54e-05 6.82e-05 9.695e-05 5.86e-05 3.135e-05 9.735e-05 3.005e-05 2.965e-05 2.97e-05 4.44e-05 4.53e-05 0.00013545 4.49e-05 4.87e-05 0.00016285 9.68e-05 9.66e-05 0.0001337 9.815e-05 9.6e-05 4.62e-05 3.535e-05 0.00011245 9.805e-05 6.005e-05 9.7e-05 4.87e-05 6.89e-05 3.38e-05 0.0001119 3.31e-05 9.67e-05 9.6e-05 0.0001524 3.205e-05 6.85e-05 8.64e-05 7.01e-05 3.095e-05 9.76e-05 3.14e-05 0.00016535 4.49e-05 3.28e-05 4.785e-05 4.355e-05 0.0001533 8.64e-05 0.000123 8.625e-05 8.725e-05 4.585e-05 0.0001506 8.305e-05 6.99e-05 4.755e-05 9.885e-05 0.00013605 0.0001232 8.39e-05
38 9.595e-05 3.08e-05 4.41e-05 4.4e-05 8.455e-05 9.71e-05 8.595e-05 3.29e-05 6.89e-05 3.075e-05 9.875e-05 3.4e-05 8.04e-05 8.38e-05 7.01e-05 3.08e-05 0.00011305 9.665e-05 6.605e-05 3e-05 8.08e-05 4.415e-05 4.68e-05 3.165e-05 9.82e-05 3.23e-05 9.645e-05 0.00013225 6.69e-05 8.515e-05 3.045e-05 0.00016225 0.00011105 9.97e-05 4.455e-05 6.675e-05 9.62e-05 3.135e-05 5.8e-05 9.66e-05 3.24e-05 3.13e-05 3.305e-05 4.57e-05 4.43e-05 0.0001342 4.385e-05 4.735e-05 0.00016155 9.59e-05 9.58e-05 0.00013245 9.7e-05 9.53e-05 4.47e-05 3.405e-05 0.0001108 9.66e-05 5.895e-05 9.53e-05 4.875e-05 6.815e-05 3.255e-05 0.00011095 3.035e-05 9.615e-05 9.74e-05 0.0001508 3.045e-05 6.97e-05 8.49e-05 6.865e-05 3.165e-05 9.61e-05 3.065e-05 0.00016405 4.385e-05 3.03e-05 4.72e-05 4.515e-05 0.00015175 8.49e-05 0.00012145 8.515e-05 8.585e-05 4.48e-05 0.0001504 8.22e-05 6.845e-05 4.72e-05 9.75e-05 0.0001347 0.00012165 8.24e-05
39 7.805e-05 0.0001154 0.00010175 0.0001003 7.9e-05 9.72e-05 9.785e-05 0.00011675 9.665e-05 0.0001152 9.68e-05 0.00011595 8.25e-05 7.96e-05 9.83e-05 9.645e-05 8.48e-05 9.645e-05 7.785e-05 0.0001136 8.27e-05 0.000101 0.00010305 0.0001156 9.705e-05 0.00011445 7.8e-05 8.3e-05 9.665e-05 7.91e-05 0.00011515 7.845e-05 8.345e-05 8.445e-05 0.0001015 9.65e-05 7.83e-05 9.735e-05 9.66e-05 0.0001554 0.0001157 9.71e-05 0.00011625 0.00010235 0.00010125 8.415e-05 8.275e-05 9.81e-05 8.825e-05 7.8e-05 8.305e-05 8.32e-05 9.655e-05 7.82e-05 0.000101 9.745e-05 8.3e-05 9.64e-05 8.815e-05 9.715e-05 9.84e-05 7.915e-05 9.79e-05 8.335e-05 0.0001156 7.8e-05 9.75e-05 8.425e-05 0.00011445 9.79e-05 9.655e-05 9.76e-05 0.0001156 0.0001018 9.635e-05 8.61e-05 8.275e-05 0.00011535 7.95e-05 9.965e-05 7.905e-05 9.655e-05 7.895e-05 7.905e-05 9.795e-05 0.00010185 8e-05 8.35e-05 9.74e-05 7.96e-05 9.725e-05 7.9e-05 7.91e-05 8.35e-05
40 0.00011525 6.5e-06 3.675e-05 3.835e-05 0.00011005 8.925e-05 8.54e-05 7.35e-06 6.915e-05 6.95e-06 9.05e-05 5.15e-06 9.715e-05 0.0001079 6.815e-05 3.305e-05 0.0001283 8.955e-05 9.385e-05 8.4e-06 9.955e-05 3.695e-05 3.65e-05 4.05e-06 8.77e-05 8.15e-06 0.00011565 0.0001506 6.84e-05 0.00011055 6.25e-06 0.00017185 0.00011985 0.0001147 3.545e-05 6.825e-05 0.0001155 3.005e-05 3.24e-05 0.0001157 3.8e-06 2.995e-05 2.3e-06 3.405e-05 3.585e-05 0.0001525 6.32e-05 4.575e-05 0.00017105 0.0001152 0.00011465 0.0001508 9.03e-05 0.000114 3.8e-05 3.37e-05 0.00012105 8.95e-05 6.78e-05 8.91e-05 4.685e-05 9.59e-05 3.445e-05 0.00011975 7.15e-06 0.00011535 8.64e-05 0.0001669 7.4e-06 6.775e-05 8.735e-05 7.01e-05 4.3e-06 8.875e-05 3.29e-05 0.0001745 6.32e-05 7.55e-06 7.18e-05 3.255e-05 0.00016805 8.735e-05 0.0001464 0.00011055 8.69e-05 3.64e-05 0.00016745 9.89e-05 6.99e-05 7.165e-05 9.065e-05 0.00015335 0.00014655 0.0001011
41 9.68e-05 3.23e-05 4.615e-05 4.565e-05 8.56e-05 9.78e-05 8.74e-05 3.32e-05 6.91e-05 3.205e-05 9.905e-05 3.175e-05 8.12e-05 8.485e-05 6.885e-05 3.13e-05 0.0001141 9.8e-05 6.68e-05 3.16e-05 8.225e-05 4.515e-05 4.635e-05 3.06e-05 9.69e-05 3.27e-05 9.71e-05 0.00013345 6.83e-05 8.6e-05 3.205e-05 0.00016345 0.0001119 0.00010075 4.53e-05 6.815e-05 9.705e-05 2.965e-05 3.13e-05 9.71e-05 2.995e-05 5.84e-05 2.96e-05 4.43e-05 4.52e-05 0.0001354 4.485e-05 4.86e-05 0.00016275 9.675e-05 9.635e-05 0.00013365 9.805e-05 9.595e-05 4.61e-05 3.525e-05 0.00011235 9.795e-05 5.995e-05 9.69e-05 4.86e-05 6.89e-05 3.37e-05 0.0001118 3.3e-05 9.685e-05 9.605e-05 0.0001523 3.195e-05 6.845e-05 8.63e-05 7.005e-05 3.085e-05 9.75e-05 3.115e-05 0.00016525 4.485e-05 3.27e-05 4.76e-05 4.345e-05 0.0001532 8.63e-05 0.00012295 8.6e-05 8.715e-05 4.575e-05 0.00015065 8.3e-05 6.985e-05 4.725e-05 9.875e-05 0.000136 0.00012315 8.385e-05
