 slim_337488472 slim_337488628 slim_337488455 slim_337488577 slim_337488637 slim_337488610 slim_337488644 slim_337488625 slim_337488645 slim_337488627 slim_337487920 slim_337488632 slim_337488576 slim_337488587 slim_337488313 slim_337488513 slim_337488497 slim_337488488 slim_337488624 slim_337488594 slim_337488629 slim_337488609 slim_337488277 slim_337488586 slim_337488638 slim_337488648 slim_337488526 slim_337488449 slim_337488636 slim_337488141 slim_337488619 slim_337488604 slim_337488562 slim_337488498 slim_337488551 slim_337488352 slim_337488542 slim_337488485 slim_337488615 slim_337488515 slim_337488535 slim_337488621 slim_337488273 slim_337488603 slim_337488607 slim_337488524 slim_337488574 slim_337488548 slim_337488612 slim_337488561 slim_337488465 slim_337488647 slim_337488563 slim_337488527 slim_337488520 slim_337488564 slim_337488518 slim_337488595 slim_337488440 slim_337488534 slim_337488271 slim_337488554 slim_337488298 slim_337488265 slim_337488618 slim_337488626 slim_337488631 slim_337488571 slim_337488382 slim_337488523 slim_337488499 slim_337488605 slim_337488581 slim_337488641 slim_337488608 slim_337488589 slim_337488588 slim_337488635 slim_337488553 slim_337488643 slim_337488293 slim_337488540 slim_337488495 slim_337488599 slim_337488620 slim_337488639 slim_337488400 slim_337488459 slim_337488362 slim_337488508 slim_337488573 slim_337488592 slim_337488516 slim_337488611 slim_337488567 slim_337488640 slim_337488633 slim_337488591 slim_337488482 slim_337488650
0 8e-07 0.00015365 0.0002133 0.0003424 6.765e-05 0.0001051 6.5e-07 0.00039475 0.00026615 0.0003012 4.57e-05 0.00022635 0.00020645 0.00031735 0.00020695 0.00014655 0.0001604 0.00021355 0.00027995 0.00010505 0.00033285 9.48e-05 9.785e-05 0.00025975 0.00024785 0.00016425 0.00017975 0.0003419 0.00033565 0.00020435 0.0002066 0.0002687 1.895e-05 0.0003951 0.00018185 0.00010265 0.0002068 0.0001581 0.00023315 0.00020375 0.000264 0.00014035 4.91e-05 0.00046185 7.5e-07 9.4e-05 0.00039475 0.00016095 0.00021325 0.00026835 3.87e-05 0.0001118 4.935e-05 1.875e-05 4.5e-07 4.5e-07 0.00023135 0.00012365 0.00033245 0.0001115 0.0002811 8.17e-05 0.0002656 0.00020395 0.000241 4.5e-07 4.5e-07 0.00025105 0.00019365 0.00034215 0.0003325 0.0001517 0.0002695 0.0003775 6.75e-05 0.00026245 9.895e-05 0.00036275 0.00024275 0.00011805 9.83e-05 0.0002132 0.0001051 0.00023385 0.00037755 0.0003419 8.935e-05 0.0002157 0.0002311 0.00016425 0.0002136 0.00010285 0.00019085 0.00034215 0.00027105 0.00032825 0.0002133 0.00026015 0.0002597 0.0001346
1 0.00015365 0.0002597 0.00018975 0.0002641 0.00013065 0.0001419 0.00015385 0.0003155 0.0003043 0.0002241 0.00015205 0.00018465 0.0001832 0.00025605 0.00018325 0.0001961 0.0001364 0.0001913 0.00025625 0.00014185 0.00030965 0.0001406 0.00013045 0.00023655 0.0002373 0.00026245 0.00013875 0.00026235 0.0002564 0.0002372 0.00018335 0.0001906 0.00014275 0.00031705 0.0001721 0.00019555 0.00018355 0.000195 0.0002233 0.0002366 0.0003007 0.00018435 0.00014225 0.0003826 0.0001542 0.00013145 0.0003155 0.0001382 0.0002509 0.0001891 0.00014275 0.00014985 0.00014275 0.00014255 0.0001539 0.0001537 0.0002682 0.00018425 0.0003098 0.000148 0.0002471 0.0001739 0.0002424 0.0002368 0.0001871 0.0001535 0.0001537 0.0001844 0.00023775 0.00026255 0.00030985 0.0001841 0.00025745 0.0003109 0.00013125 0.0001832 0.00013075 0.0003203 0.00019995 0.0001954 0.0001302 0.00018955 0.0001419 0.00024745 0.00031095 0.0002636 0.0001308 0.00013605 0.0002682 0.0002627 0.000191 0.000196 0.00022755 0.0002625 0.000257 0.0002514 0.0002684 0.00023695 0.00023665 0.00022735
2 0.0002133 0.00018975 0.0003772 0.000258 0.0001899 0.00020165 0.0002135 0.00025795 0.00025665 0.00021795 0.00021135 0.00023595 0.0001894 0.00025675 0.000235 0.0002021 0.00018915 0.0001902 0.000257 0.0002016 0.00025675 0.0002 0.00019 0.00023465 0.0001908 0.0002689 0.0001913 0.00025645 0.0002571 0.0001888 0.00018955 0.0001906 0.0002019 0.00025795 0.00021715 0.00020125 0.00018935 0.00024665 0.00026715 0.00018915 0.00028645 0.0001903 0.0002017 0.00032425 0.00021385 0.00018985 0.00025795 0.00019075 0.000257 0.0001906 0.00020225 0.00020275 0.0002022 0.0002017 0.00021355 0.00021335 0.00026885 0.00019 0.00025655 0.0002011 0.00028415 0.0002188 0.0001903 0.00018895 0.0001911 0.00021315 0.00021335 0.0001905 0.0001902 0.00025665 0.0002566 0.0001894 0.00025795 0.0002579 0.0001902 0.0002349 0.00018965 0.0002673 0.0001994 0.00020115 0.0001896 0.00019065 0.00020165 0.00019935 0.00025795 0.0002583 0.00019 0.00018925 0.00026885 0.00026915 0.0001905 0.0002017 0.0002643 0.00025665 0.00025735 0.00019155 0.000269 0.00023465 0.00018915 0.00021855
3 0.0003424 0.0002641 0.000258 0.000246 0.0003599 0.0002399 0.0003426 0.00012475 0.00033065 0.0001236 0.0002997 0.0001682 0.0002642 0.0002137 0.00025835 0.00025205 0.0002574 0.00025755 0.00025705 0.00023985 0.00025745 0.00032445 0.00039115 0.00025845 0.0002771 0.0003058 0.00016705 0.00012345 0.00013035 0.00039195 0.00026435 0.0001311 0.0003358 0.00012435 0.0002147 0.0003673 0.00026455 0.0002339 0.0001906 0.00039135 0.0002506 0.00033005 0.00036675 0.00012335 0.00034295 0.0003302 0.0001246 0.00025735 0.00033 0.00013155 0.00030545 0.0002331 0.00036725 0.0003356 0.00034265 0.00034245 0.0002328 0.0003542 0.0002579 0.00023325 0.00018395 0.000384 0.00025865 0.00039155 0.0001618 0.00034225 0.00034245 0.0001496 0.0003308 0.00012345 0.00025795 0.0003916 0.0001962 0.0001429 0.00036005 0.0001313 0.0003906 0.00015755 0.00015805 0.00028625 0.0003909 0.00025855 0.0002399 0.00029205 0.00014255 0.00012365 0.0003347 0.00013055 0.00023295 0.00030605 0.0002576 0.00036775 0.00025155 0.00012385 0.0002011 0.00012515 0.0003168 0.00025885 0.0002648 0.0003842
4 6.765e-05 0.00013065 0.0001899 0.0003599 6.48e-05 0.0001484 6.79e-05 0.00041295 0.00023635 0.0003186 0.0001051 0.0002436 0.0001844 0.0003009 0.0001832 0.00018875 0.0001363 0.00019 0.0002562 0.00014835 0.00031005 8.8e-05 3.31e-05 0.00023695 0.0002247 0.00019995 0.0001968 0.00035965 0.0003545 0.0001404 0.00018455 0.00028745 5.035e-05 0.0004131 0.0002177 0.00010415 0.00018465 0.0002007 0.00026795 0.00014005 0.0003063 0.00011815 5.065e-05 0.00047995 6.825e-05 6.325e-05 0.00041295 0.0001366 0.00018265 0.0002873 8.18e-05 0.000154 5.115e-05 5.015e-05 6.795e-05 6.77e-05 0.00027385 9.315e-05 0.0003099 0.0001536 0.0003184 8.215e-05 0.0002429 0.00014015 0.0002585 6.75e-05 6.77e-05 0.00026955 0.0001715 0.0003598 0.00030995 8.7e-05 0.0002882 0.00039525 3.32e-05 0.0002813 3.34e-05 0.000399 0.00027855 0.00015455 3.28e-05 0.00018965 0.0001484 0.00022905 0.0003953 0.0003594 5.815e-05 0.0002341 0.0002739 0.0002002 0.0001897 0.00010465 0.00023315 0.0003598 0.00028165 0.00034615 0.0002208 0.00023725 0.0002374 0.000136
5 0.0001051 0.0001419 0.00020165 0.0002399 0.0001484 0.0002094 0.00010505 0.0002911 0.00031915 0.0001998 0.00010695 0.00016055 0.00019445 0.0002645 0.00019565 0.0001597 0.00014875 0.0002031 0.00026865 0.0001048 0.0003213 0.00014435 0.00017885 0.0002482 0.00024895 0.000229 0.00011475 0.0002382 0.00023165 0.00028485 0.0001946 0.00016575 0.0001116 0.0002926 0.00013865 0.00019515 0.0001948 0.0001585 0.0001904 0.00028425 0.00026435 0.0001958 0.0001416 0.00035825 0.00010555 0.000147 0.0002911 0.0001505 0.00026625 0.0001643 0.00010615 0.0001135 0.00014225 0.0001114 0.00010525 0.00010515 0.0002318 0.00019975 0.00032135 0.00011145 0.00021315 0.00017435 0.000254 0.00028445 0.0001627 0.00010495 0.00010515 0.00015965 0.0002491 0.00023845 0.0003214 0.0002322 0.0002329 0.00028655 0.00014825 0.00015845 0.00017945 0.0002867 0.0001666 0.0001619 0.00017905 0.0002016 0.00010485 0.00024985 0.0002866 0.0002394 0.00014675 0.00011155 0.0002317 0.0002294 0.00020315 0.0001955 0.0001912 0.0002384 0.0002364 0.00022685 0.0002651 0.0002486 0.000248 0.000227
6 6.5e-07 0.00015385 0.0002135 0.0003426 6.79e-05 0.00010505 1e-06 0.00039495 0.00026635 0.0003014 4.585e-05 0.00022655 0.0002066 0.0003175 0.0002072 0.00014685 0.0001606 0.00021375 0.0002802 0.00010495 0.00033305 9.505e-05 9.81e-05 0.00025995 0.00024805 0.00016425 0.00017995 0.0003421 0.0003358 0.00020455 0.00020675 0.00026885 1.91e-05 0.0003953 0.000182 0.0001029 0.00020695 0.00015825 0.00023335 0.00020395 0.0002642 0.00014055 4.91e-05 0.00046205 8e-07 9.42e-05 0.00039495 0.00016115 0.00021345 0.0002685 3.895e-05 0.00011195 4.95e-05 1.89e-05 5e-07 7e-07 0.0002316 0.0001239 0.00033265 0.0001115 0.0002813 8.195e-05 0.0002658 0.00020415 0.0002412 7e-07 6.5e-07 0.0002512 0.00019385 0.00034235 0.0003327 0.0001519 0.0002697 0.0003777 6.77e-05 0.0002626 9.915e-05 0.00036295 0.00024295 0.0001182 9.855e-05 0.0002134 0.00010505 0.00023405 0.00037775 0.0003421 8.955e-05 0.00021585 0.00023125 0.0001644 0.0002138 0.000103 0.00019105 0.00034235 0.00027125 0.00032845 0.00021345 0.00026035 0.0002599 0.0001348
7 0.00039475 0.0003155 0.00025795 0.00012475 0.00041295 0.0002911 0.00039495 0.0001405 0.0002809 0.0001274 0.0003528 0.00021945 0.000264 0.00021345 0.000309 0.0002535 0.0003089 0.0002601 0.0002572 0.00029105 0.00020585 0.0003777 0.00044375 0.0002575 0.0002265 0.00030745 0.00022095 0.00012235 0.00012885 0.0003415 0.00026415 0.00013215 0.00038865 7.4e-05 0.00025265 0.00036825 0.00026435 0.00028435 0.0002349 0.0003409 0.00023635 0.00033125 0.00041915 7.03e-05 0.0003953 0.0003836 7.05e-05 0.00031135 0.00033185 0.0001287 0.00035805 0.00028705 0.00041965 0.00038845 0.000395 0.0003948 0.00023275 0.00035575 0.0002064 0.0002846 0.00021965 0.0004225 0.00020555 0.0003411 0.00016335 0.0003946 0.0003948 0.0001499 0.00028045 0.0001226 0.00020645 0.0003927 0.00019625 9.18e-05 0.00041295 0.0001806 0.0004433 0.0001068 0.0001585 0.00028655 0.0004436 0.000257 0.0002911 0.0002421 9.18e-05 0.0001246 0.00038795 0.00018075 0.0002326 0.0003077 0.00026 0.0003687 0.00028795 0.00012265 0.0002015 7.72e-05 0.0003177 0.0002579 0.00021315 0.0003711
8 0.00026615 0.0003043 0.00025665 0.00033065 0.00023635 0.00031915 0.00026635 0.0002809 0.0002591 0.00032975 0.00027655 0.00034035 0.00025115 0.0003013 0.00031 0.0002538 0.00030995 0.00025585 0.0002579 0.0003191 0.0002049 0.0002622 0.00023665 0.00025685 0.0001876 0.0001979 0.0003401 0.00033125 0.00032565 0.0001298 0.0002513 0.0003245 0.0002513 0.00027825 0.0003326 0.0001982 0.00025095 0.0003246 0.00032705 0.0001305 0.00027575 0.00021325 0.0002513 0.0002792 0.0002667 0.00023545 0.00028085 0.0003094 0.000183 0.00032715 0.00028095 0.0003244 0.0002518 0.0002511 0.0002664 0.0002662 0.0002727 0.00018345 0.00020435 0.00032495 0.0003635 0.0002541 0.00020645 0.00013015 0.00029315 0.000266 0.0002662 0.00030685 0.0001605 0.0003315 0.00020445 0.0001832 0.0002877 0.00026065 0.00023635 0.0003775 0.0002362 0.00026435 0.00031645 0.00021925 0.00023645 0.0002595 0.00031915 0.00018935 0.00026065 0.0003319 0.0002363 0.00037775 0.00027275 0.00019815 0.0002565 0.00019865 0.00032765 0.00033155 0.00025775 0.0002772 0.0002489 0.0002567 0.0001984 0.00020105
9 0.0003012 0.0002241 0.00021795 0.0001236 0.0003186 0.0001998 0.0003014 0.0001274 0.00032975 0.0001588 0.00025805 0.00016895 0.000224 0.000215 0.00025975 0.00021025 0.00021755 0.00021505 0.00025875 0.00019975 0.0002585 0.0002829 0.00035015 0.00025965 0.0002352 0.000305 0.0001249 0.0001263 0.0001329 0.00035055 0.00022415 8.945e-05 0.0002944 0.00012395 0.00017415 0.000326 0.00022435 0.0002352 0.0001914 0.00034995 0.00025175 0.00028875 0.00032565 0.00016745 0.00030175 0.0002884 0.0001274 0.00021505 0.0003293 9.265e-05 0.00026425 0.0001907 0.00032615 0.0002942 0.00030145 0.00030125 0.0002344 0.0003126 0.00025905 0.0001933 0.00018635 0.0003429 0.00021855 0.00035015 0.0001194 0.00030105 0.00030125 0.0001089 0.0002895 0.0001265 0.0002591 0.0003504 0.00019735 0.00014345 0.00031875 0.0001337 0.00034965 0.00015875 0.0001175 0.00024555 0.0003499 0.00021865 0.0001998 0.00025015 0.00014375 0.00012405 0.0002932 9.17e-05 0.0002344 0.00030525 0.000215 0.00032645 0.00025285 0.00012625 0.0002021 8.085e-05 0.000317 0.00026005 0.0002246 0.0003429
10 4.57e-05 0.00015205 0.00021135 0.0002997 0.0001051 0.00010695 4.585e-05 0.0003528 0.00027655 0.00025805 9.08e-05 0.00019545 0.00020505 0.00031615 0.000205 0.00014735 0.00015805 0.0002111 0.000278 0.0001069 0.0003311 9.14e-05 0.00013615 0.000258 0.0002453 0.0001779 0.0001485 0.00029975 0.000294 0.00024285 0.0002052 0.0002266 6.005e-05 0.00035265 0.0001386 0.00014445 0.0002054 0.0001596 0.0001894 0.00024225 0.0002654 0.00017955 9.085e-05 0.00041985 4.615e-05 0.000104 0.0003528 0.0001579 0.00022305 0.00022675 8.12e-05 0.0001128 9.13e-05 5.985e-05 4.585e-05 4.575e-05 0.0002329 0.0001568 0.000331 0.0001128 0.00023935 0.00012315 0.0002639 0.00024245 0.00019745 4.555e-05 4.575e-05 0.0002086 0.00023295 0.00029995 0.00033105 0.0001898 0.00026845 0.0003347 0.00010515 0.0002208 0.00013665 0.0003199 0.0001997 0.0001193 0.0001362 0.0002111 0.00010695 0.00023125 0.00033475 0.0002992 0.00010355 0.00017385 0.0002328 0.0001781 0.000211 0.0001448 0.00019225 0.00029995 0.00024535 0.00028535 0.00025545 0.0002584 0.00025825 0.00017625
11 0.00022635 0.00018465 0.00023595 0.0001682 0.0002436 0.00016055 0.00022655 0.00021945 0.00034035 0.00016895 0.00019545 0.0001857 0.0002361 0.00022985 0.0001838 0.0002138 0.00018395 0.00023655 0.00025815 0.0001605 0.0003097 0.00021975 0.00027485 0.00023535 0.00028955 0.00026425 9.37e-05 0.0001674 0.0001681 0.0003784 0.00023625 0.00014635 0.0002196 0.00021995 0.00016085 0.0003025 0.00023645 0.00015955 0.0001598 0.0003778 0.00026535 0.00026475 0.00025055 0.0002415 0.0002269 0.0002146 0.00021945 0.00018485 0.00028835 0.00014585 0.0001889 0.00016085 0.00025105 0.0002194 0.0002266 0.0002264 0.000234 0.0002891 0.0003101 0.00015995 0.0001832 0.0002816 0.0002875 0.000378 0.00015005 0.0002262 0.0002264 0.00014805 0.00031685 0.0001676 0.00031015 0.00032665 0.0001967 0.0002217 0.0002437 9.365e-05 0.00027455 0.00023675 0.00016255 0.00024085 0.0002746 0.000236 0.00016055 0.00030505 0.00022175 0.00016775 0.0002186 9.395e-05 0.000234 0.0002645 0.0002363 0.00030295 0.00019085 0.0001676 0.0002022 0.0001983 0.00029625 0.00023575 0.00028785 0.00033315
12 0.00020645 0.0001832 0.0001894 0.0002642 0.0001844 0.00019445 0.0002066 0.000264 0.00025115 0.000224 0.00020505 0.0002361 0.0003644 0.00025605 0.00023525 0.00019575 0.00018955 0.0001906 0.00025725 0.0001944 0.00025635 0.0001943 0.00018425 0.00023435 0.0001844 0.0002626 0.00019155 0.00026275 0.00025645 0.00018335 0.00018235 0.00019005 0.00019575 0.0002642 0.00021045 0.00019505 0.0001828 0.00024625 0.0002674 0.00018235 0.00028615 0.00018395 0.0001953 0.00033035 0.00020695 0.00018425 0.000264 0.00019105 0.0002513 0.0001899 0.00019595 0.00020245 0.0001958 0.00019555 0.00020665 0.0002065 0.0002685 0.0001845 0.00025695 0.00020095 0.0002839 0.00021265 0.00018985 0.0001828 0.00018505 0.0002063 0.0002065 0.0001838 0.00018465 0.000263 0.000257 0.00018375 0.0002581 0.000258 0.00018455 0.00023425 0.0001839 0.0002674 0.00019975 0.0001949 0.0001839 0.00019075 0.00019445 0.00019375 0.00025805 0.0002645 0.0001843 0.0001888 0.00026845 0.00026285 0.00019085 0.00019545 0.000264 0.00026295 0.0002576 0.00019795 0.0002686 0.0002349 0.00018315 0.00021175
13 0.00031735 0.00025605 0.00025675 0.0002137 0.0003009 0.0002645 0.0003175 0.00021345 0.0003013 0.000215 0.00031615 0.00022985 0.00025605 0.0004228 0.00025765 0.0002684 0.000256 0.00025815 0.0002564 0.00026445 0.00025665 0.0003082 0.00030075 0.00025765 0.00026065 0.0003092 0.0002297 0.000212 0.0002121 0.00030135 0.0002562 0.00021375 0.00030945 0.00021435 0.00028075 0.0003095 0.0002564 0.00026585 0.00026415 0.00030075 0.00028285 0.0002728 0.000309 0.00021245 0.00031785 0.0003011 0.0002133 0.00025775 0.0003006 0.0002129 0.000281 0.00026645 0.0003095 0.00030925 0.00031755 0.0003174 0.00026485 0.0003017 0.000257 0.00026475 0.00026635 0.00032655 0.0002575 0.00030095 0.00021945 0.0003172 0.0003174 0.0002156 0.00027365 0.0002123 0.00025705 0.00030085 0.00022875 0.00021625 0.00030105 0.000213 0.00030025 0.0002312 0.00023095 0.00030935 0.00030025 0.00025725 0.0002645 0.0002756 0.0002162 0.0002141 0.00030075 0.00021175 0.00026495 0.00030945 0.0002582 0.0003099 0.0002838 0.00021235 0.00025685 0.00021615 0.0002648 0.00025805 0.00025715 0.00032665
14 0.00020695 0.00018325 0.000235 0.00025835 0.0001832 0.00019565 0.0002072 0.000309 0.00031 0.00025975 0.000205 0.0001838 0.00023525 0.00025765 0.0003648 0.00024775 0.00018295 0.0002363 0.00025675 0.0001956 0.00030885 0.00019315 0.00018305 0.0002345 0.0002876 0.00026985 0.00018495 0.00025685 0.00025765 0.00028715 0.0002354 0.00023655 0.0001957 0.00031015 0.00022485 0.00024715 0.0002356 0.00019465 0.0002238 0.00028655 0.00030045 0.0002356 0.00019525 0.00033105 0.00020755 0.00018385 0.000309 0.0001845 0.0002579 0.0002354 0.00019565 0.00019655 0.00019575 0.0001955 0.00020725 0.000207 0.00026905 0.0002355 0.00030905 0.00019495 0.0002472 0.00022575 0.00028665 0.00028675 0.0002374 0.0002068 0.000207 0.0002365 0.00028755 0.00025705 0.0003091 0.00023535 0.00025795 0.00031015 0.00018385 0.0001832 0.000183 0.00031955 0.00024525 0.0002471 0.00018275 0.0002351 0.00019565 0.00029745 0.0003102 0.0002579 0.0001833 0.0001834 0.0002691 0.0002701 0.00023585 0.00024765 0.00022595 0.00025705 0.0002575 0.00028915 0.0002696 0.0002349 0.000287 0.00027785
15 0.00014655 0.0001961 0.0002021 0.00025205 0.00018875 0.0001597 0.00014685 0.0002535 0.0002538 0.00021025 0.00014735 0.0002138 0.00019575 0.0002684 0.00024775 0.0002925 0.0002024 0.00020165 0.00026975 0.00015965 0.0002695 0.00018395 0.0002196 0.0002474 0.00018335 0.00021745 0.00016825 0.00025225 0.00024625 0.0002192 0.0001959 0.0001781 0.00015245 0.00025185 0.00017775 0.000183 0.00019585 0.0002111 0.0002343 0.0002191 0.000251 0.0001856 0.000183 0.0003198 0.0001472 0.00018695 0.0002535 0.00020225 0.0002541 0.00017975 0.0001492 0.0001657 0.0001835 0.00015225 0.0001469 0.0001466 0.00023325 0.00018665 0.00026915 0.00016585 0.0002624 0.00020055 0.00020305 0.000219 0.00014625 0.0001464 0.0001466 0.00015945 0.0001858 0.0002525 0.0002692 0.00021975 0.00023605 0.00023325 0.0001887 0.00022405 0.00022 0.0002335 0.0001659 0.000158 0.00021975 0.0002036 0.0001597 0.00018305 0.0002333 0.00025235 0.00018715 0.0001787 0.0002333 0.0002177 0.0002018 0.0001835 0.00022885 0.0002525 0.00023715 0.0001838 0.00025595 0.00024755 0.0001956 0.0002003
16 0.0001604 0.0001364 0.00018915 0.0002574 0.0001363 0.00014875 0.0001606 0.0003089 0.00030995 0.00021755 0.00015805 0.00018395 0.00018955 0.000256 0.00018295 0.0002024 0.0002702 0.0001908 0.00025595 0.0001487 0.0003092 0.00014625 0.00013645 0.0002361 0.0002431 0.0002686 0.000138 0.0002556 0.0002565 0.00024295 0.0001897 0.0001909 0.00014875 0.00031055 0.0001783 0.0002018 0.0001899 0.00019505 0.00022255 0.00024235 0.00030065 0.00019005 0.0001486 0.00037595 0.00016095 0.0001371 0.0003089 0.0001373 0.00025615 0.00018925 0.00014895 0.00014985 0.0001491 0.00014855 0.00016065 0.00016045 0.00026825 0.0001902 0.00030955 0.0001479 0.0002468 0.00018025 0.000242 0.00024255 0.000193 0.00016025 0.00016045 0.0001908 0.00024355 0.00025575 0.0003096 0.00018915 0.00025695 0.0003105 0.00013685 0.0001833 0.0001357 0.0003199 0.0001994 0.0002017 0.0001355 0.00018845 0.00014875 0.00025325 0.00031055 0.0002569 0.0001361 0.00013605 0.00026825 0.00026885 0.0001906 0.00020225 0.0002275 0.00025575 0.00025625 0.00024505 0.00026825 0.0002365 0.00024265 0.0002335
17 0.00021355 0.0001913 0.0001902 0.00025755 0.00019 0.0002031 0.00021375 0.0002601 0.00025585 0.00021505 0.0002111 0.00023655 0.0001906 0.00025815 0.0002363 0.00020165 0.0001908 0.0003767 0.0002583 0.00020305 0.0002577 0.00019985 0.0001904 0.0002356 0.0001901 0.00026825 0.00019015 0.000259 0.0002595 0.00018865 0.00019075 0.00019065 0.0002019 0.00025775 0.0002181 0.00020125 0.00019055 0.00024785 0.00026785 0.0001889 0.00028745 0.00019025 0.000202 0.0003264 0.0002141 0.0001892 0.0002601 0.00018955 0.0002564 0.000193 0.00020245 0.00020135 0.0002025 0.0002017 0.0002138 0.0002136 0.00027005 0.0001898 0.0002575 0.0002027 0.00028625 0.00021895 0.00019125 0.0001887 0.00018995 0.0002134 0.0002136 0.00019125 0.00019015 0.0002592 0.00025755 0.00018935 0.0002591 0.0002584 0.00019025 0.0002373 0.00018975 0.0002678 0.0002003 0.0002018 0.00019 0.0001919 0.0002031 0.00019875 0.00025845 0.00025785 0.00018985 0.00019205 0.00027005 0.0002685 0.00018915 0.0002017 0.0002653 0.0002592 0.0002581 0.000189 0.0002692 0.0002356 0.0001902 0.00021835
18 0.00027995 0.00025625 0.000257 0.00025705 0.0002562 0.00026865 0.0002802 0.0002572 0.0002579 0.00025875 0.000278 0.00025815 0.00025725 0.0002564 0.00025675 0.00026975 0.00025595 0.0002583 0.0005108 0.0002686 0.00025675 0.00026615 0.00025605 0.00025775 0.00025915 0.00026875 0.00025795 0.0002555 0.0002565 0.00025815 0.0002574 0.00025855 0.0002687 0.00025805 0.00028415 0.00026915 0.0002576 0.0002689 0.0002663 0.00025755 0.0002858 0.0002576 0.00026825 0.00025575 0.00028055 0.00025685 0.000257 0.0002575 0.0002568 0.00025775 0.00026865 0.00026955 0.00026875 0.0002685 0.00028025 0.00028 0.0002677 0.00025745 0.00025695 0.00026795 0.000284 0.0002852 0.000258 0.00025775 0.0002597 0.0002798 0.00028 0.0002585 0.00025855 0.00025575 0.000257 0.00025735 0.00025685 0.00025805 0.00025685 0.00025745 0.000256 0.00026725 0.00026725 0.0002691 0.00025575 0.00025745 0.00026865 0.00026845 0.0002579 0.00025745 0.0002563 0.0002564 0.00026795 0.000269 0.00025785 0.00026965 0.00028675 0.00025595 0.00025635 0.00026015 0.00026835 0.00025815 0.000258 0.0002863
19 0.00010505 0.00014185 0.0002016 0.00023985 0.00014835 0.0001048 0.00010495 0.00029105 0.0003191 0.00019975 0.0001069 0.0001605 0.0001944 0.00026445 0.0001956 0.00015965 0.0001487 0.00020305 0.0002686 0.0002093 0.00032125 0.0001443 0.0001788 0.00024815 0.0002489 0.00022895 0.0001147 0.00023815 0.0002316 0.0002848 0.00019455 0.0001657 0.00011155 0.00029255 0.0001386 0.0001951 0.00019475 0.00015845 0.00019035 0.0002842 0.0002643 0.00019575 0.00014155 0.0003582 0.0001055 0.00014695 0.00029105 0.00015045 0.0002662 0.00016425 0.0001061 0.00011345 0.0001422 0.00011135 0.0001052 0.0001051 0.00023175 0.0001997 0.0003213 0.00011155 0.0002131 0.0001743 0.00025395 0.0002844 0.00016265 0.0001049 0.0001051 0.0001596 0.00024905 0.0002384 0.00032135 0.00023215 0.00023285 0.0002865 0.0001482 0.0001584 0.0001794 0.00028665 0.00016655 0.00016185 0.000179 0.00020155 0.0001048 0.0002498 0.00028655 0.00023935 0.0001467 0.0001115 0.00023165 0.00022935 0.0002031 0.00019545 0.00019115 0.00023835 0.00023635 0.0002268 0.00026505 0.00024855 0.00024795 0.00022695
20 0.00033285 0.00030965 0.00025675 0.00025745 0.00031005 0.0003213 0.00033305 0.00020585 0.0002049 0.0002585 0.0003311 0.0003097 0.00025635 0.00025665 0.00030885 0.0002695 0.0003092 0.0002577 0.00025675 0.00032125 0.0004065 0.00031995 0.00030995 0.00025565 0.00020635 0.00026905 0.00031085 0.00025625 0.0002567 0.0002044 0.0002565 0.0002581 0.0003218 0.000205 0.0003226 0.00026875 0.00025695 0.00032025 0.0003103 0.0002034 0.00027105 0.0002573 0.0003214 0.0002037 0.0003334 0.00030975 0.00020585 0.00031045 0.00025735 0.00025865 0.00032195 0.00032225 0.0003219 0.0003216 0.0003331 0.0003329 0.00026835 0.0002578 0.0002042 0.000321 0.00032085 0.000324 0.00020555 0.00020385 0.00025775 0.0003327 0.0003329 0.000258 0.00020555 0.0002565 0.00020425 0.0002571 0.0002573 0.00020495 0.00031025 0.0003086 0.00030925 0.00021465 0.00026715 0.0002687 0.00030955 0.00025875 0.0003213 0.00021485 0.0002053 0.0002587 0.0003099 0.00030925 0.00026835 0.0002693 0.0002578 0.0002692 0.0003233 0.0002562 0.0002571 0.0002068 0.0002688 0.0002562 0.0002046 0.0002708
21 9.48e-05 0.0001406 0.0002 0.00032445 8.8e-05 0.00014435 9.505e-05 0.0003777 0.0002622 0.0002829 9.14e-05 0.00021975 0.0001943 0.0003082 0.00019315 0.00018395 0.00014625 0.00019985 0.00026615 0.0001443 0.00031995 0.0001751 8.83e-05 0.00024685 0.00023385 0.0002117 0.00017275 0.00032445 0.00031925 0.0001957 0.00019445 0.00025195 9.185e-05 0.0003776 0.0001728 0.00014535 0.00019465 0.00019665 0.00022305 0.0001951 0.00030225 0.00016855 9.185e-05 0.0004447 9.54e-05 8.905e-05 0.0003777 0.00014635 0.0002084 0.00025205 0.00011825 0.00014975 9.235e-05 9.165e-05 9.51e-05 9.485e-05 0.0002698 0.0001417 0.00031995 0.0001496 0.0002738 0.0001233 0.0002528 0.0001953 0.00022175 9.465e-05 9.485e-05 0.00023355 0.0002221 0.0003246 0.00032 0.0001422 0.00029345 0.00035925 8.875e-05 0.00024605 8.85e-05 0.0003537 0.0002333 0.00015335 8.79e-05 0.00019955 0.00014435 0.00022905 0.0003593 0.00032395 8.815e-05 0.0001989 0.00026985 0.00021195 0.0001994 0.00014585 0.0002291 0.0003246 0.0002665 0.0003104 0.0002593 0.00024725 0.0002474 0.0001771
22 9.785e-05 0.00013045 0.00019 0.00039115 3.31e-05 0.00017885 9.81e-05 0.00044375 0.00023665 0.00035015 0.00013615 0.00027485 0.00018425 0.00030075 0.00018305 0.0002196 0.00013645 0.0001904 0.00025605 0.0001788 0.00030995 8.83e-05 2.6e-06 0.00023685 0.00022495 0.0002308 0.0002282 0.00039055 0.00038525 0.00010945 0.0001844 0.0003185 8.16e-05 0.0004442 0.0002489 0.00010375 0.0001845 0.0002312 0.00029935 0.00010905 0.00033685 0.0001179 4.96e-05 0.00051075 9.845e-05 6.375e-05 0.00044375 0.0001371 0.00018305 0.00031805 0.00011215 0.00018495 5e-05 8.14e-05 9.815e-05 9.79e-05 0.00030435 9.345e-05 0.0003096 0.00018425 0.00034925 8.175e-05 0.0002428 0.00010915 0.00028995 9.77e-05 9.79e-05 0.00030065 0.0001712 0.00039075 0.00030965 5.615e-05 0.00031885 0.0004264 3.31e-05 0.00031205 2.6e-06 0.00043015 0.00030985 0.00018505 1.85e-06 0.00018965 0.00017885 0.00022935 0.00042645 0.00039065 5.85e-05 0.000265 0.0003044 0.00023105 0.00019 0.00010425 0.0002637 0.00039075 0.00031285 0.00037755 0.0002204 0.00023715 0.0002373 0.00013565
23 0.00025975 0.00023655 0.00023465 0.00025845 0.00023695 0.0002482 0.00025995 0.0002575 0.00025685 0.00025965 0.000258 0.00023535 0.00023435 0.00025765 0.0002345 0.0002474 0.0002361 0.0002356 0.00025775 0.00024815 0.00025565 0.00024685 0.00023685 0.0004643 0.0002348 0.00027 0.00023775 0.00025725 0.0002577 0.0002333 0.0002345 0.000236 0.0002487 0.0002573 0.0002632 0.00024665 0.00023485 0.0002459 0.0002679 0.00023225 0.0002859 0.0002353 0.0002483 0.0002788 0.0002603 0.00023665 0.0002575 0.00023735 0.0002583 0.0002362 0.00024885 0.00024915 0.0002488 0.0002485 0.00026 0.0002598 0.00026935 0.00023575 0.0002562 0.0002479 0.000284 0.00026445 0.0002342 0.00023265 0.00023535 0.0002596 0.0002598 0.0002359 0.00023445 0.0002575 0.00025625 0.000235 0.0002586 0.00025725 0.00023715 0.00023425 0.00023615 0.00026665 0.00024505 0.0002466 0.00023645 0.0002363 0.0002482 0.00024375 0.0002573 0.0002588 0.0002368 0.00023615 0.00026935 0.00027025 0.0002357 0.0002471 0.0002625 0.0002575 0.0002581 0.0002357 0.0002698 0.00023285 0.0002335 0.00026235
24 0.00024785 0.0002373 0.0001908 0.0002771 0.0002247 0.00024895 0.00024805 0.0002265 0.0001876 0.0002352 0.0002453 0.00028955 0.0001844 0.00026065 0.0002876 0.00018335 0.0002431 0.0001901 0.00025915 0.0002489 0.00020635 0.00023385 0.00022495 0.0002348 0.0002381 0.0002516 0.00024495 0.00027755 0.00027175 0.0001197 0.00018455 0.0002033 0.00023645 0.00022525 0.00024985 0.0001839 0.00018475 0.000299 0.0003122 0.0001192 0.000274 0.0001747 0.0002364 0.0002935 0.0002484 0.0002241 0.0002265 0.0002427 0.0002399 0.00020455 0.00023895 0.0002545 0.0002369 0.00023625 0.0002481 0.0002479 0.00027075 0.0001724 0.00020655 0.0002549 0.00033385 0.00023925 0.0001392 0.00011935 0.0001701 0.0002477 0.0002479 0.0001845 0.00012335 0.0002778 0.0002066 0.00017225 0.000262 0.0002065 0.0002249 0.0003 0.00022435 0.000216 0.0002 0.0001919 0.00022455 0.000192 0.00024895 0.00012895 0.00020655 0.0002768 0.0002246 0.0002558 0.00027075 0.00025185 0.00019045 0.00018435 0.0003023 0.0002778 0.0002591 0.0001569 0.00026015 0.0002351 0.00013275 0.00018645
25 0.00016425 0.00026245 0.0002689 0.0003058 0.00019995 0.000229 0.00016425 0.00030745 0.0001979 0.000305 0.0001779 0.00026425 0.0002626 0.0003092 0.00026985 0.00021745 0.0002686 0.00026825 0.00026875 0.00022895 0.00026905 0.0002117 0.0002308 0.00027 0.0002516 0.0003278 0.00026275 0.00030615 0.0003003 0.0002317 0.00026275 0.00029995 0.00016675 0.0003064 0.00026025 0.00019815 0.0002628 0.0002363 0.0002495 0.00023145 0.0002534 0.0002243 0.00019715 0.00030655 0.00016475 0.0001979 0.0003074 0.0002683 0.0001976 0.000301 0.0001906 0.0002349 0.0001978 0.00016655 0.00016445 0.0001643 0.00023545 0.0001987 0.0002688 0.00023505 0.0002922 0.00021525 0.0002698 0.0002315 0.00027065 0.0001641 0.0001643 0.0002824 0.00022495 0.0003064 0.00026885 0.00023155 0.00026195 0.0002889 0.00019975 0.00030115 0.0002312 0.00028335 0.000283 0.0001861 0.00023105 0.0002698 0.000229 0.0002458 0.0002889 0.00030625 0.0001982 0.00029995 0.00023545 0.00016435 0.00026855 0.00019855 0.0002543 0.00030645 0.000236 0.00030615 0.00024485 0.00027025 0.0002633 0.0002155
26 0.00017975 0.00013875 0.0001913 0.00016705 0.0001968 0.00011475 0.00017995 0.00022095 0.0003401 0.0001249 0.0001485 9.37e-05 0.00019155 0.0002297 0.00018495 0.00016825 0.000138 0.00019015 0.00025795 0.0001147 0.00031085 0.00017275 0.0002282 0.00023775 0.00024495 0.00026275 9.09e-05 0.00016805 0.0001688 0.0003343 0.0001917 0.0001009 0.0001729 0.0002202 0.0001154 0.00025715 0.0001919 0.0001607 0.00015925 0.0003337 0.0002661 0.0002192 0.000204 0.0002879 0.0001803 0.0001675 0.00022095 0.0001371 0.00028675 0.00010165 0.0001421 0.0001132 0.0002045 0.0001727 0.00018 0.0001798 0.0002339 0.00024355 0.00031125 0.00011405 0.0001843 0.00023575 0.00024375 0.0003339 0.00010535 0.0001796 0.0001798 0.0001033 0.00027265 0.0001682 0.0003113 0.00028125 0.0001964 0.00022265 0.00019705 9.56e-05 0.00022785 0.0002377 0.0001177 0.00019575 0.00022785 0.00019095 0.00011475 0.00026075 0.0002227 0.00016655 0.0001716 4.885e-05 0.0002339 0.000263 0.00019 0.0002576 0.00019295 0.0001682 0.00020175 0.0001524 0.0002953 0.00023815 0.0002445 0.00028865
27 0.0003419 0.00026235 0.00025645 0.00012345 0.00035965 0.0002382 0.0003421 0.00012235 0.00033125 0.0001263 0.00029975 0.0001674 0.00026275 0.000212 0.00025685 0.00025225 0.0002556 0.000259 0.0002555 0.00023815 0.00025625 0.00032445 0.00039055 0.00025725 0.00027755 0.00030615 0.00016805 0.0002412 0.0001277 0.00039195 0.0002629 0.0001309 0.0003356 0.0001244 0.0002135 0.00036705 0.0002631 0.00023245 0.00018975 0.00039135 0.00024935 0.0003299 0.0003662 0.00012095 0.00034245 0.0003306 0.00012215 0.0002584 0.00033035 0.0001289 0.00030505 0.0002343 0.0003667 0.0003354 0.00034215 0.00034195 0.0002313 0.0003543 0.0002568 0.00023145 0.00018165 0.00038365 0.00025745 0.00039155 0.0001627 0.00034175 0.00034195 0.0001486 0.0003308 0.0001209 0.00025685 0.00039135 0.00019485 0.00014215 0.0003598 0.00012865 0.0003903 0.000157 0.00015695 0.00028535 0.00039035 0.0002571 0.0002382 0.0002925 0.000142 0.00012385 0.0003347 0.00012755 0.0002315 0.0003064 0.0002588 0.0003675 0.0002503 0.0001211 0.00020015 0.00012765 0.0003163 0.00025765 0.0002635 0.00038415
28 0.00033565 0.0002564 0.0002571 0.00013035 0.0003545 0.00023165 0.0003358 0.00012885 0.00032565 0.0001329 0.000294 0.0001681 0.00025645 0.0002121 0.00025765 0.00024625 0.0002565 0.0002595 0.0002565 0.0002316 0.0002567 0.00031925 0.00038525 0.0002577 0.00027175 0.0003003 0.0001688 0.0001277 0.0002546 0.00038615 0.0002566 0.0001307 0.00032985 0.00013095 0.00020745 0.00036105 0.0002568 0.00023265 0.0001905 0.00038555 0.00024965 0.00032435 0.0003603 0.0001273 0.00033615 0.00032525 0.000129 0.0002592 0.00032505 0.00012875 0.0002993 0.00023455 0.0003608 0.00032965 0.00033585 0.0003357 0.00023175 0.00034885 0.00025725 0.00023185 0.00018195 0.00037805 0.00025785 0.00038575 0.00015685 0.0003355 0.0003357 0.0001423 0.0003252 0.00012795 0.0002573 0.0003858 0.00019555 0.0001426 0.00035445 0.00012855 0.00038505 0.0001576 0.0001576 0.0002793 0.00038515 0.00025775 0.00023165 0.0002867 0.0001426 0.0001308 0.0003295 0.0001277 0.00023155 0.00030055 0.0002594 0.00036145 0.0002506 0.00012795 0.0002008 0.00013405 0.00031665 0.0002581 0.0002575 0.0003782
29 0.00020435 0.0002372 0.0001888 0.00039195 0.0001404 0.00028485 0.00020455 0.0003415 0.0001298 0.00035055 0.00024285 0.0003784 0.00018335 0.00030135 0.00028715 0.0002192 0.00024295 0.00018865 0.00025815 0.0002848 0.0002044 0.0001957 0.00010945 0.0002333 0.0001197 0.0002317 0.0003343 0.00039195 0.00038615 7e-07 0.0001835 0.0003177 0.00018815 0.00033875 0.00032635 0.00010245 0.0001827 0.00033455 0.0003881 1.7e-06 0.00030855 0.0001181 0.0001569 0.000407 0.0002049 0.000169 0.0003415 0.000243 0.00018395 0.00032045 0.0002193 0.00029085 0.0001574 0.00018795 0.0002046 0.0002044 0.00030575 9.33e-05 0.00020365 0.0002908 0.00042355 0.0001593 0.00013875 1.1e-06 0.00028585 0.0002042 0.0002044 0.00029975 6.475e-05 0.0003922 0.0002037 5.49e-05 0.00032085 0.00032085 0.0001406 0.00041495 0.0001088 0.0003246 0.0003095 0.00018405 0.000109 0.00019245 0.00028485 0.00012115 0.0003209 0.00039305 0.0001654 0.0003711 0.00030575 0.00023195 0.00018945 0.0001029 0.0003374 0.0003922 0.0003144 0.0002704 0.00022145 0.0002327 0.00012975 0.00010555
30 0.0002066 0.00018335 0.00018955 0.00026435 0.00018455 0.0001946 0.00020675 0.00026415 0.0002513 0.00022415 0.0002052 0.00023625 0.00018235 0.0002562 0.0002354 0.0001959 0.0001897 0.00019075 0.0002574 0.00019455 0.0002565 0.00019445 0.0001844 0.0002345 0.00018455 0.00026275 0.0001917 0.0002629 0.0002566 0.0001835 0.0003647 0.0001902 0.0001959 0.00026435 0.0002106 0.0001952 0.00018295 0.0002464 0.00026755 0.0001825 0.0002863 0.0001841 0.00019545 0.0003305 0.0002071 0.0001844 0.00026415 0.0001912 0.00025145 0.00019005 0.0001961 0.0002026 0.00019595 0.0001957 0.0002068 0.00020665 0.00026865 0.00018465 0.0002571 0.0002011 0.00028405 0.0002128 0.00019 0.00018295 0.0001852 0.00020645 0.00020665 0.0001839 0.0001848 0.00026315 0.00025715 0.0001839 0.00025825 0.00025815 0.0001847 0.0002344 0.00018405 0.00026755 0.0001999 0.00019505 0.00018405 0.0001909 0.0001946 0.0001939 0.0002582 0.00026465 0.00018445 0.00018895 0.0002686 0.000263 0.000191 0.0001956 0.00026415 0.0002631 0.00025775 0.0001981 0.00026875 0.00023505 0.0001833 0.0002119
31 0.0002687 0.0001906 0.0001906 0.0001311 0.00028745 0.00016575 0.00026885 0.00013215 0.0003245 8.945e-05 0.0002266 0.00014635 0.00019005 0.00021375 0.00023655 0.0001781 0.0001909 0.00019065 0.00025855 0.0001657 0.0002581 0.00025195 0.0003185 0.000236 0.0002033 0.00029995 0.0001009 0.0001309 0.0001307 0.0003177 0.0001902 0.0001251 0.0002627 0.0001306 0.00014105 0.0002934 0.0001902 0.00021145 0.0001919 0.0003176 0.00025135 0.0002569 0.00029345 0.0001985 0.0002692 0.0002577 0.00013215 0.00019115 0.0003248 6.415e-05 0.00023235 0.0001664 0.00029395 0.0002625 0.0002689 0.00026875 0.0002337 0.0002809 0.0002582 0.00016615 0.00018445 0.000311 0.0001916 0.0003176 8.76e-05 0.00026855 0.00026875 7.52e-05 0.00025705 0.00013115 0.00025825 0.00031825 0.00019745 0.0001433 0.0002874 0.0001085 0.00031835 0.00015835 9.07e-05 0.00021225 0.0003184 0.0001921 0.00016575 0.00021775 0.00014335 0.0001314 0.00026225 6.305e-05 0.00023365 0.0003002 0.00019035 0.0002938 0.0002292 0.0001311 0.00020245 6.26e-05 0.00031725 0.0002362 0.00019035 0.00031055
32 1.895e-05 0.00014275 0.0002019 0.0003358 5.035e-05 0.0001116 1.91e-05 0.00038865 0.0002513 0.0002944 6.005e-05 0.0002196 0.00019575 0.00030945 0.0001957 0.00015245 0.00014875 0.0002019 0.0002687 0.00011155 0.0003218 9.185e-05 8.16e-05 0.0002487 0.00023645 0.00016675 0.0001729 0.0003356 0.00032985 0.00018815 0.0001959 0.0002627 3.77e-05 0.00038875 0.00018435 0.00010385 0.000196 0.00016425 0.00023515 0.0001878 0.00027005 0.0001297 5.025e-05 0.0004557 1.9e-05 7.89e-05 0.00038865 0.000149 0.0001981 0.0002626 4.53e-05 0.0001173 5.03e-05 1.885e-05 1.89e-05 1.9e-05 0.00023755 0.0001088 0.00032155 0.00011745 0.00028455 8.265e-05 0.0002546 0.0001879 0.0002342 1.9e-05 1.9e-05 0.0002449 0.00018295 0.0003358 0.0003216 0.0001352 0.00026375 0.000371 5.03e-05 0.00025665 8.22e-05 0.0003655 0.0002453 0.0001211 8.175e-05 0.0002018 0.0001116 0.00023155 0.00037105 0.0003353 7.42e-05 0.0002097 0.00023725 0.00016655 0.00020195 0.0001038 0.0001969 0.0003358 0.00026115 0.0003217 0.00021715 0.000249 0.00024885 0.00013575
33 0.0003951 0.00031705 0.00025795 0.00012435 0.0004131 0.0002926 0.0003953 7.4e-05 0.00027825 0.00012395 0.00035265 0.00021995 0.0002642 0.00021435 0.00031015 0.00025185 0.00031055 0.00025775 0.00025805 0.00029255 0.000205 0.0003776 0.0004442 0.0002573 0.00022525 0.0003064 0.0002202 0.0001244 0.00013095 0.00033875 0.00026435 0.0001306 0.00038875 0.0001428 0.0002532 0.0003671 0.00026435 0.00028545 0.0002348 0.00033865 0.00023625 0.00033025 0.00041955 7.185e-05 0.00039565 0.0003832 7.4e-05 0.00031055 0.00033085 0.0001329 0.00035835 0.0002862 0.00042005 0.00038855 0.00039535 0.00039515 0.00023355 0.0003542 0.00020545 0.0002862 0.0002214 0.00042235 0.0002073 0.00033865 0.0001603 0.00039495 0.00039515 0.0001494 0.00027795 0.00012465 0.0002055 0.0003916 0.00019665 9.025e-05 0.0004131 0.00018285 0.0004437 0.0001056 0.0001581 0.00028605 0.00044405 0.0002601 0.0002926 0.00023885 9.06e-05 0.0001256 0.00038785 0.0001835 0.00023355 0.00030665 0.0002573 0.00036755 0.0002885 0.00012435 0.00020195 7.145e-05 0.00031745 0.0002575 0.0002118 0.0003696
34 0.00018185 0.0001721 0.00021715 0.0002147 0.0002177 0.00013865 0.000182 0.00025265 0.0003326 0.00017415 0.0001386 0.00016085 0.00021045 0.00028075 0.00022485 0.00017775 0.0001783 0.0002181 0.00028415 0.0001386 0.0003226 0.0001728 0.0002489 0.0002632 0.00024985 0.00026025 0.0001154 0.0002135 0.00020745 0.00032635 0.0002106 0.00014105 0.00018435 0.0002532 0.0001904 0.00025425 0.0002108 0.00019115 0.0001704 0.00032575 0.0002514 0.00025245 0.00021525 0.00031935 0.00018235 0.0001889 0.00025265 0.00017945 0.00029365 0.00014055 0.0001804 0.00014615 0.00021575 0.00018415 0.00018205 0.0001819 0.0002507 0.0002503 0.00032295 0.0001449 0.00017055 0.0002158 0.00025575 0.00032595 0.00013605 0.0001817 0.0001819 0.0001346 0.0002914 0.00021375 0.000323 0.00028775 0.00024935 0.0002468 0.0002177 0.00014795 0.00024905 0.0002469 0.000141 0.00018055 0.0002488 0.0002174 0.00013865 0.00025025 0.00024685 0.00021455 0.00019285 0.00010155 0.00025065 0.0002605 0.000218 0.00025465 0.00019195 0.0002137 0.0002282 0.00018695 0.0003245 0.0002636 0.00024955 0.00025425
35 0.00010265 0.00019555 0.00020125 0.0003673 0.00010415 0.00019515 0.0001029 0.00036825 0.0001982 0.000326 0.00014445 0.0003025 0.00019505 0.0003095 0.00024715 0.000183 0.0002018 0.00020125 0.00026915 0.0001951 0.00026875 0.00014535 0.00010375 0.00024665 0.0001839 0.00019815 0.00025715 0.00036705 0.00036105 0.00010245 0.0001952 0.0002934 0.00010385 0.0003671 0.00025425 0.0002046 0.0001948 0.0002465 0.00031075 0.00010285 0.0002864 0.00012935 0.00010315 0.00043455 0.00010325 0.00013165 0.00036825 0.0002021 0.00019875 0.00029455 0.00012895 0.0002016 0.00010365 0.00010365 0.00010295 0.0001027 0.0002685 0.00010865 0.00026825 0.0002013 0.00035245 0.0001206 0.0002023 0.00010265 0.00026355 0.0001025 0.0001027 0.00027555 0.0001294 0.0003673 0.0002683 0.00010345 0.0002953 0.0003493 0.0001042 0.00033885 0.000104 0.0003438 0.00027625 0.00015115 0.00010375 0.00020295 0.00019515 0.0001777 0.00034935 0.0003676 0.0001275 0.00029355 0.0002687 0.0001984 0.0002017 0.00010305 0.00026425 0.0003673 0.00029285 0.00029955 0.00021765 0.00024645 0.00019485 0.0001202
