 slim_337520203 slim_337520239 slim_337520213 slim_337520235 slim_337520163 slim_337519923 slim_337520223 slim_337520036 slim_337520227 slim_337520209 slim_337520224 slim_337520066 slim_337520104 slim_337520195 slim_337519914 slim_337520187 slim_337520206 slim_337520211 slim_337520086 slim_337520108 slim_337520183 slim_337519977 slim_337520101 slim_337520189 slim_337520158 slim_337520215 slim_337520175 slim_337520167 slim_337520133 slim_337519904 slim_337520238 slim_337520226 slim_337519857 slim_337520225 slim_337520234 slim_337520217 slim_337520218 slim_337520232 slim_337520081 slim_337520199 slim_337520166 slim_337520214 slim_337520033 slim_337520122 slim_337520134 slim_337520201 slim_337519913 slim_337520078 slim_337520136 slim_337520172 slim_337520022 slim_337520096 slim_337520169 slim_337519873 slim_337520103 slim_337520047 slim_337520160 slim_337520197 slim_337520207 slim_337520219 slim_337520154 slim_337519995 slim_337520220 slim_337520115 slim_337520156 slim_337519623 slim_337520110 slim_337520221 slim_337520152 slim_337520112 slim_337520014 slim_337519969 slim_337520087 slim_337520241 slim_337520229 slim_337520186 slim_337520230 slim_337520202 slim_337520058 slim_337520153 slim_337520236 slim_337520233 slim_337520027 slim_337520200 slim_337520132 slim_337520179 slim_337519951 slim_337520071 slim_337520237 slim_337520192 slim_337520204 slim_337519972
0 0.0002968 0.0001497 0.0003875 0.00045315 0.0002976 0.0003214 0.00044615 0.00033285 0.00046955 0.00033575 0.0002969 0.00019845 0.0002729 0.00014855 0.00020455 0.00028655 0.00018775 0.00024855 0.0003763 0.0001491 0.00025755 0.0002964 0.00024725 0.00029435 0.00019865 0.0002655 0.00031255 0.00033755 0.0001986 0.0003695 0.00014935 0.0001499 0.0002654 0.000232 0.00025785 0.00030715 0.0001984 0.00022115 0.0002214 0.0002783 0.0002479 0.00034565 0.00056925 0.0002629 0.00019875 0.0003868 0.00031605 0.00022185 0.00015495 0.00023175 0.00024825 0.00023245 0.0004532 0.0002783 0.00045135 0.0003439 0.0001823 0.0002706 0.00024365 0.00019915 0.0001539 0.00033025 0.0004364 0.0003593 0.0004362 0.00014985 0.00038765 0.00028955 0.00019955 0.00031065 0.00053765 0.00014925 0.00047505 0.00032 0.00014945 0.000233 0.0002711 0.0003425 0.0001492 0.000242 0.0002319 0.0002793 0.000229 0.0002333 0.0001485 0.0004182 0.00020425 0.000247 0.0003107 0.0002325 0.00027245 0.0002942
1 0.0001497 6e-07 0.0004302 0.00050815 0.00035555 0.00039585 0.0004075 0.00021805 0.000524 0.0003387 0.00032795 0.00015375 0.0002042 0.00014945 0.0002393 0.0001973 9.42e-05 0.00025605 0.00039525 2.25e-06 0.0002222 0.00027795 0.000375 0.00040435 0.0001943 0.00033915 0.000375 0.0004499 0.00015525 0.00043025 0.00014945 2.45e-06 0.0002992 0.00025435 0.00022235 0.0003505 0.00019365 0.0002208 0.00035035 0.0003052 0.00032095 0.0004585 0.00060765 0.00024715 0.00012755 0.00035185 0.0003276 0.000186 0.00019395 0.00036025 0.00025575 0.00021365 0.0005082 0.00019435 0.00054805 0.00034735 0.00027535 0.0003057 0.00012565 0.00012875 7.54e-05 0.00042445 0.0005286 0.0004533 0.0005286 4.135e-05 0.0004302 0.0003249 0.00010315 0.00033555 0.00055085 0.00014985 0.0004316 0.000429 0.00014955 0.0002141 0.0003795 0.0003453 2.45e-06 0.0002473 0.0003604 0.00022345 0.0003107 0.0002148 0.0002964 0.00045295 0.000239 0.00022795 0.0003356 0.000213 0.0002024 0.00030865
2 0.0003875 0.0004302 0.0005492 0.0003842 0.000294 0.00040175 0.0004447 0.00043 0.00038445 0.0003763 0.0003896 0.00036795 0.00044485 0.00038725 0.00040715 0.0004452 0.0004511 0.0002763 0.0003737 0.00043015 0.0003572 0.00037065 0.00032885 0.00031705 0.0003879 0.00035765 0.0002959 0.00030985 0.00036795 0.00039045 0.0003873 0.0004303 0.0003962 0.00033735 0.0003575 0.00027955 0.00038785 0.00043475 0.0003307 0.0003609 0.00031125 0.0003176 0.0003633 0.0003733 0.00035385 0.0004606 0.0003737 0.00038975 0.000407 0.0003313 0.0002761 0.00037415 0.00038425 0.00044815 0.0002961 0.0003724 0.0003708 0.00039525 0.0004302 0.0003524 0.0004639 0.000301 0.00029445 0.0003005 0.0002954 0.0004497 0.00027505 0.0003944 0.00044815 0.00038705 0.00046555 0.0003873 0.00044105 0.00031555 0.0003874 0.0003747 0.00034725 0.00036345 0.00043035 0.0003883 0.00033145 0.00035295 0.00031025 0.0003733 0.0003444 0.00048795 0.00040755 0.00037195 0.0003871 0.00037415 0.00044455 0.0003739
3 0.00045315 0.00050815 0.0003842 0.0006427 0.0004218 0.0003935 0.00040045 0.0004521 0.0003297 0.00044085 0.0004481 0.0004721 0.0004478 0.0004529 0.00043355 0.000433 0.0004553 0.0004324 0.00036945 0.0005081 0.0004488 0.0004586 0.0004044 0.0003215 0.00045265 0.00034995 0.0003781 0.00036705 0.00047135 0.00035915 0.00045275 0.0005075 0.0003646 0.00040395 0.0004491 0.00041085 0.0004526 0.0003891 0.0003596 0.0004377 0.0004156 0.0003243 0.00032885 0.0004158 0.00047015 0.0003949 0.00036745 0.00041945 0.00043305 0.00036115 0.0004321 0.00041555 0.00032145 0.00043455 0.0003301 0.00040225 0.0003866 0.00036365 0.0004607 0.00047005 0.0004909 0.00035585 0.0003738 0.0003619 0.0003733 0.00048825 0.0003842 0.0003684 0.00049635 0.00038045 0.0003311 0.0004522 0.0003675 0.0003663 0.00045285 0.0004161 0.000365 0.0003849 0.0005083 0.000443 0.0003613 0.00043575 0.00041435 0.0004156 0.00039775 0.00033465 0.0004327 0.00045945 0.0003805 0.0004163 0.00044825 0.00038015
4 0.0002976 0.00035555 0.000294 0.0004218 0.0002011 0.0002519 0.00051805 0.0004942 0.0004321 0.00030315 0.0002272 0.00022955 0.0003636 0.00029735 0.00026555 0.0004149 0.000397 0.0001029 0.0004632 0.0003555 0.00023815 0.00027615 0.00016985 0.0001816 0.0002452 0.0002884 0.00028415 0.00036355 0.00022955 0.0003313 0.0002974 0.00035565 0.00032725 0.0002395 0.00023845 0.0001108 0.00024515 0.0004065 0.0002104 0.00030205 0.00011895 0.0003351 0.0005749 0.00041125 0.00023015 0.00053025 0.000313 0.0002847 0.00031875 0.00022095 0.0001027 0.00027905 0.00042185 0.00040625 0.0004776 0.00044295 0.00030675 0.0003207 0.0003999 0.00022805 0.0003651 0.0001516 0.00029425 0.00015095 0.00029575 0.00037075 0.00029425 0.0003098 0.00035405 0.00032325 0.0005935 0.0002974 0.0005534 0.0001422 0.0002975 0.0002796 0.0001736 0.0002882 0.0003557 0.0002456 0.0002211 0.0004123 0.0003043 0.0002773 0.00023925 0.00053315 0.0002665 0.000229 0.0003233 0.00027905 0.0003633 0.0002868
5 0.0003214 0.00039585 0.00040175 0.0003935 0.0002519 0.0004301 0.0004203 0.0004932 0.0004044 0.000354 0.00027025 0.0003257 0.0003052 0.00032115 0.00028585 0.0003726 0.00039055 0.00028785 0.0004511 0.0003958 0.0003055 0.0003541 0.0002316 0.0002713 0.00030615 0.00033065 0.0003851 0.0003817 0.00032505 0.0002995 0.0003211 0.0003953 0.00034565 0.00032875 0.0003058 0.000251 0.0003061 0.0003772 0.0002589 0.0003701 0.00025185 0.000388 0.00051625 0.00043935 0.00034215 0.00043635 0.0003381 0.00033805 0.00030165 0.00026955 0.00028755 0.0003435 0.00039355 0.0003696 0.00050005 0.0004367 0.0003077 0.00033905 0.0004003 0.0003412 0.0003544 0.0002436 0.00036685 0.00024355 0.0003673 0.00037595 0.00040175 0.0003286 0.00035915 0.0003361 0.00045 0.00032055 0.0004605 0.0002445 0.0003212 0.00034405 0.00024785 0.00030885 0.000396 0.00029685 0.0002697 0.00047555 0.00036255 0.0003425 0.00024655 0.0003838 0.00028655 0.0003066 0.00033615 0.00034415 0.00030555 0.000311
6 0.00044615 0.0004075 0.0004447 0.00040045 0.00051805 0.0004203 0.0004544 0.0003241 0.0003944 0.0004295 0.0003643 0.00049385 0.00033265 0.0004459 0.00048925 0.0003184 0.000404 0.00058345 0.00035325 0.00040795 0.00040545 0.0004297 0.00046785 0.00056055 0.0004945 0.00049975 0.00052335 0.00039475 0.00049345 0.0003967 0.0004455 0.00040725 0.0004751 0.00051075 0.00040575 0.0004935 0.0004944 0.0004196 0.000522 0.00050545 0.00058255 0.00051215 0.00027315 0.0004351 0.0004952 0.0003186 0.00039495 0.0004722 0.00044005 0.0005223 0.00058315 0.00048385 0.0004005 0.0003279 0.0003845 0.0003512 0.000461 0.0004809 0.0003183 0.0004954 0.00041295 0.00048235 0.0003792 0.00045275 0.00037955 0.0004078 0.0004447 0.00045125 0.0003416 0.0004864 0.00026205 0.0004451 0.000235 0.0005064 0.0004456 0.000484 0.00055965 0.0004066 0.00040815 0.00044205 0.00052245 0.00043475 0.00048385 0.00048495 0.0004835 0.0003366 0.00048895 0.00043015 0.00048645 0.0004843 0.00033315 0.0004065
7 0.00033285 0.00021805 0.00043 0.0004521 0.0004942 0.0004932 0.0003241 0.0004317 0.00045895 0.0004105 0.00039275 0.000358 0.0003331 0.0003326 0.00039635 0.000294 0.0002452 0.0004694 0.0003313 0.00021855 0.0003534 0.0003681 0.0004821 0.000508 0.00037725 0.0004239 0.0004436 0.00041815 0.00035695 0.00046505 0.00033195 0.00021685 0.00038475 0.0004042 0.0003537 0.0004794 0.0003772 0.0003062 0.00047705 0.0004066 0.0005028 0.0004627 0.00039315 0.00031735 0.0003432 0.0003261 0.000369 0.00034645 0.00035095 0.00047715 0.0004691 0.000362 0.00045215 0.0002979 0.0004036 0.00032285 0.00039295 0.0003904 0.00022395 0.0003439 0.00025835 0.00049875 0.0004542 0.00050465 0.00045365 0.00023695 0.00043 0.00039645 0.0002422 0.0004548 0.0004168 0.00033105 0.0003133 0.00051305 0.00033205 0.0003626 0.00050615 0.00044 0.00021875 0.0003767 0.0004773 0.00029835 0.000412 0.0003641 0.00044615 0.0004391 0.00039605 0.00036845 0.00045485 0.00036305 0.0003338 0.0003684
8 0.00046955 0.000524 0.00038445 0.0003297 0.0004321 0.0004044 0.0003944 0.00045895 0.0006354 0.0004507 0.00045205 0.00048905 0.0004581 0.0004693 0.0004503 0.00043295 0.0004615 0.0004478 0.0003597 0.00052395 0.0004593 0.0004685 0.0004149 0.00034015 0.0004697 0.0003448 0.0003845 0.0003675 0.0004883 0.00035995 0.00046925 0.00052335 0.00035945 0.00040935 0.0004596 0.0004217 0.00046965 0.0003857 0.0003774 0.00045415 0.00043125 0.00031895 0.00031975 0.00042185 0.0004852 0.00040215 0.0003688 0.0004364 0.00044975 0.00036615 0.0004475 0.0004202 0.00032975 0.00043455 0.0003202 0.00040245 0.0003934 0.00035865 0.00046065 0.00048625 0.00050715 0.00036775 0.0003678 0.0003675 0.0003681 0.0005042 0.00038445 0.0003697 0.0005063 0.0003858 0.0003221 0.0004686 0.00035855 0.00037755 0.00046935 0.00042055 0.00038255 0.0003852 0.00052415 0.0004605 0.0003665 0.00044185 0.0004309 0.00042035 0.0004147 0.00032485 0.00045005 0.0004693 0.00038585 0.00042095 0.00045855 0.0003857
9 0.00033575 0.0003387 0.0003763 0.00044085 0.00030315 0.000354 0.0004295 0.0004105 0.0004507 0.0006008 0.000318 0.00032095 0.0003557 0.0003355 0.000357 0.00040245 0.0003857 0.00030405 0.0004404 0.0003388 0.0003305 0.0003197 0.00031685 0.00037995 0.00033605 0.00041735 0.0003659 0.00039015 0.00032005 0.00041795 0.0003354 0.00033795 0.0004171 0.0003691 0.0003308 0.0003134 0.00033595 0.00043385 0.00035605 0.0003348 0.0003186 0.0004137 0.0004749 0.0003828 0.00032095 0.00044115 0.00040345 0.00035915 0.00035625 0.0003661 0.00030375 0.0003684 0.0004409 0.0003942 0.00043765 0.0004141 0.0003835 0.00041645 0.00038275 0.00032145 0.00035345 0.0003515 0.0003749 0.00035115 0.0003748 0.00035345 0.0003762 0.0004063 0.00033635 0.00040835 0.00049945 0.00033455 0.00046455 0.00034015 0.0003355 0.0003687 0.0003569 0.00037485 0.000339 0.00033575 0.00036625 0.0003844 0.0003315 0.00036865 0.0003322 0.0005051 0.00035675 0.0003196 0.0004084 0.00036935 0.00035655 0.0003823
10 0.0002969 0.00032795 0.0003896 0.0004481 0.0002272 0.00027025 0.0003643 0.00039275 0.00045205 0.000318 0.0002515 0.00030095 0.0003049 0.00029665 0.000291 0.00033535 0.00033765 0.0003274 0.00039965 0.0003284 0.000253 0.0002746 0.0001957 0.0003337 0.000293 0.00035235 0.0004246 0.00035825 0.00030055 0.0003466 0.00029625 0.0003277 0.000352 0.0003388 0.0002533 0.00025265 0.0002929 0.00034895 0.0002991 0.00037565 0.0002929 0.00043825 0.0005072 0.00042475 0.00032755 0.0004432 0.0002957 0.00033065 0.0002941 0.0003095 0.0003271 0.00034075 0.00044815 0.00032345 0.0004869 0.0003877 0.00030745 0.000351 0.00029275 0.00032745 0.00029365 0.00025625 0.0002895 0.00022625 0.00028975 0.00031965 0.0003895 0.00031085 0.00022675 0.0004211 0.00048545 0.00029585 0.0004103 0.00022985 0.00029635 0.0003412 0.0002961 0.000346 0.0003286 0.0002409 0.00030965 0.0004493 0.00037915 0.00034045 0.00026455 0.0004615 0.00029075 0.00022725 0.00042115 0.0003412 0.0003051 0.00028015
11 0.00019845 0.00015375 0.00036795 0.0004721 0.00022955 0.0003257 0.00049385 0.000358 0.00048905 0.00032095 0.00030095 0.0003072 0.00028655 0.0001982 0.00023955 0.000311 0.0002266 0.0001567 0.000439 0.00015475 0.0002331 0.0002771 0.00027165 0.00028005 0.0001939 0.00030145 0.0003129 0.0004103 0.00015485 0.0003889 0.0001984 0.00015525 0.00030065 0.0002284 0.00023325 0.0002347 0.0001935 0.0003001 0.0002608 0.00027875 0.00019555 0.0003854 0.00062155 0.00031145 0.0001549 0.0004543 0.0003306 0.00021685 0.0002429 0.0002718 0.0001564 0.00022895 0.00047215 0.0003045 0.0005238 0.0004115 0.0002713 0.0003006 0.00026745 0.00015535 0.0001951 0.00029655 0.00044045 0.0003254 0.00044045 0.00019395 0.00036795 0.0003187 0.0002285 0.00031065 0.00060135 0.0001988 0.00052285 0.0002909 0.0001985 0.00022945 0.0002576 0.0003226 0.00015495 0.00024695 0.00027195 0.00028805 0.0002825 0.0002284 0.0002416 0.00050175 0.0002386 0.00022815 0.0003107 0.0002283 0.0002851 0.00030545
12 0.0002729 0.0002042 0.00044485 0.0004478 0.0003636 0.0003052 0.00033265 0.0003331 0.0004581 0.0003557 0.0003049 0.00028655 0.0004044 0.00027265 0.0003253 0.0002389 0.00025825 0.00034925 0.0004263 0.00020465 0.00027565 0.00033945 0.0003588 0.00043295 0.00030595 0.00040725 0.0004477 0.0004403 0.00028565 0.00036045 0.0002722 0.00020345 0.0003825 0.0003551 0.00027595 0.00034835 0.00030585 0.000337 0.0003866 0.00039715 0.00037845 0.0004995 0.00050145 0.0003748 0.00027635 0.0003527 0.00035305 0.00030675 0.0002914 0.0003967 0.00034895 0.0003277 0.00044785 0.00024075 0.000543 0.0003913 0.0003509 0.0003828 0.00023855 0.00027675 0.000235 0.0003904 0.0004589 0.0003904 0.00045885 0.0002233 0.00044485 0.00037295 0.0002174 0.0003611 0.0004103 0.00027135 0.00036805 0.00040515 0.0002723 0.00032775 0.00040895 0.0003124 0.00020485 0.00030535 0.00039685 0.00037235 0.00039085 0.00032845 0.0003403 0.0003656 0.000325 0.00029105 0.00036115 0.00032865 0.0002033 0.000333
13 0.00014855 0.00014945 0.00038725 0.0004529 0.00029735 0.00032115 0.0004459 0.0003326 0.0004693 0.0003355 0.00029665 0.0001982 0.00027265 0.0002963 0.0002043 0.0002863 0.00018765 0.0002483 0.00037605 0.00014915 0.0002573 0.00029615 0.000247 0.0002941 0.00019845 0.00026525 0.0003123 0.0003373 0.00019835 0.00036925 0.00014915 0.0001498 0.00026515 0.00023175 0.0002576 0.0003069 0.00019815 0.0002209 0.00022115 0.00027805 0.00024765 0.0003454 0.000569 0.0002627 0.0001985 0.00038655 0.0003158 0.0002216 0.0001547 0.0002315 0.000248 0.0002322 0.00045295 0.00027805 0.0004511 0.00034365 0.00018205 0.00027035 0.0002434 0.0001989 0.0001539 0.00033 0.00043615 0.00035905 0.00043595 0.0001496 0.0003874 0.0002893 0.0001993 0.0003104 0.0005374 0.000149 0.0004748 0.00031975 0.00014925 0.00023275 0.00027085 0.00034225 0.00014935 0.00024175 0.00023165 0.00027905 0.00022875 0.00023305 0.00014825 0.00041795 0.000204 0.00024665 0.00031045 0.0002323 0.0002722 0.00029395
14 0.00020455 0.0002393 0.00040715 0.00043355 0.00026555 0.00028585 0.00048925 0.00039635 0.0004503 0.000357 0.000291 0.00023955 0.0003253 0.0002043 0.0003198 0.0003509 0.0002328 0.0002406 0.00040025 0.00023995 0.0002728 0.0003143 0.0002296 0.00020835 0.00020055 0.00022825 0.000318 0.00037145 0.00023895 0.00034945 0.000204 0.00023895 0.00022775 0.00023425 0.0002731 0.0002732 0.00020025 0.0002269 0.0001884 0.0002839 0.0002004 0.00031255 0.00061655 0.0003176 0.00024 0.00040955 0.00029245 0.00022365 0.0001643 0.0001988 0.0002403 0.00023355 0.0004336 0.00034805 0.0004851 0.00036715 0.000198 0.0002277 0.00030785 0.00023955 0.00020105 0.0002577 0.00043265 0.00028695 0.00043295 0.00020015 0.00040715 0.0002468 0.0002646 0.0003166 0.0005789 0.0002033 0.00051785 0.00025005 0.0002041 0.00023405 0.00018415 0.0003618 0.00024015 0.000234 0.00019895 0.0003733 0.00028815 0.0002344 0.0001685 0.00044555 0.00016065 0.0002658 0.00031665 0.0002344 0.00032565 0.0002663
15 0.00028655 0.0001973 0.0004452 0.000433 0.0004149 0.0003726 0.0003184 0.000294 0.00043295 0.00040245 0.00033535 0.000311 0.0002389 0.0002863 0.0003509 0.0003914 0.000226 0.00039555 0.0003747 0.00019775 0.00030105 0.0003645 0.00040395 0.00043605 0.00033095 0.000364 0.00045045 0.0004345 0.000311 0.0003722 0.00028585 0.0001974 0.00033895 0.00034325 0.00030135 0.0004004 0.0003309 0.00027345 0.0004052 0.00043675 0.00043005 0.0004706 0.00046225 0.00035085 0.000296 0.00033345 0.0003161 0.00030485 0.00030555 0.0004053 0.00039525 0.0003167 0.00043305 0.0002009 0.0004997 0.00036555 0.00033315 0.0003456 0.00019665 0.0002965 0.0002393 0.0004208 0.00046415 0.00042045 0.0004645 0.00021685 0.0004452 0.0003454 0.00021755 0.0003671 0.00037655 0.00028585 0.00031325 0.0004348 0.00028595 0.0003171 0.000439 0.0003172 0.00019795 0.0003312 0.00040545 0.0003458 0.000419 0.00031835 0.0003744 0.0003311 0.0003506 0.00031575 0.00036715 0.0003167 0.00023875 0.00032425
16 0.00018775 9.42e-05 0.0004511 0.0004553 0.000397 0.00039055 0.000404 0.0002452 0.0004615 0.0003857 0.00033765 0.0002266 0.00025825 0.00018765 0.0002328 0.000226 0.0001874 0.0003354 0.00033005 9.5e-05 0.0002774 0.0003253 0.00036865 0.00033555 0.0002268 0.00025455 0.00037605 0.000423 0.00022675 0.0003984 0.000187 9.43e-05 0.00021515 0.00025395 0.0002777 0.00039825 0.00022665 0.00013355 0.0003075 0.0003366 0.00034725 0.0003761 0.00057075 0.00025505 0.00021435 0.0003406 0.00027605 0.0001984 0.0001927 0.0003077 0.0003351 0.00021515 0.00045535 0.0002187 0.0004913 0.0003361 0.0002264 0.0002149 0.0001553 0.0002149 0.00010885 0.0003984 0.00051225 0.0004275 0.00051235 9.445e-05 0.0004511 0.00024395 0.0001564 0.0003353 0.0005005 0.000187 0.000396 0.0003967 0.0001871 0.00021565 0.0003314 0.00036745 9.52e-05 0.0002702 0.00030785 0.0002715 0.00034735 0.0002154 0.0002795 0.0003808 0.0002325 0.0002767 0.00033535 0.0002151 0.00025785 0.0002695
17 0.00024855 0.00025605 0.0002763 0.0004324 0.0001029 0.00028785 0.00058345 0.0004694 0.0004478 0.00030405 0.0003274 0.0001567 0.00034925 0.0002483 0.0002406 0.00039555 0.0003354 6.9e-06 0.00048205 0.00025595 0.00022385 0.00027715 0.0002213 0.000154 0.0001961 0.0002619 0.0002212 0.00039495 0.00015725 0.0003547 0.00024845 0.0002567 0.0003003 0.0001771 0.00022415 9.77e-05 0.0001961 0.00038305 0.0001973 0.0002534 6.94e-05 0.0003058 0.00063 0.00034705 0.0001296 0.0005286 0.00032925 0.00022105 0.0002934 0.00020675 3.5e-06 0.00021495 0.00043245 0.00039085 0.0004939 0.0004476 0.00029585 0.00029395 0.0003802 0.00012975 0.0003159 0.0001732 0.0003757 0.00020205 0.00037625 0.00029505 0.0002764 0.0003136 0.0003549 0.00026045 0.0006508 0.0002489 0.00060785 0.00017855 0.00024855 0.0002155 0.0001608 0.0002697 0.00025615 0.0002491 0.0002069 0.00032435 0.0002557 0.00021215 0.00024065 0.000554 0.00024115 0.0002294 0.00026055 0.00021435 0.0003484 0.00029695
18 0.0003763 0.00039525 0.0003737 0.00036945 0.0004632 0.0004511 0.00035325 0.0003313 0.0003597 0.0004404 0.00039965 0.000439 0.0004263 0.00037605 0.00040025 0.0003747 0.00033005 0.00048205 0.0005297 0.00039575 0.0004117 0.00041865 0.00040005 0.0003739 0.00041965 0.00031155 0.00037485 0.0003105 0.00043845 0.0003969 0.00037565 0.0003949 0.0003112 0.00037505 0.000412 0.0004551 0.0004195 0.0002666 0.00036495 0.00041865 0.00046315 0.00031135 0.00031495 0.0003313 0.00043845 0.0003607 0.00032145 0.0003844 0.0003561 0.0003555 0.00048175 0.0003745 0.0003695 0.0003743 0.0002663 0.0003105 0.00031215 0.00031 0.00033205 0.0004385 0.0003769 0.00040135 0.00035465 0.0004011 0.0003552 0.0003756 0.00037355 0.00031935 0.0003754 0.0004236 0.0003652 0.0003751 0.0003172 0.0004087 0.00037575 0.000375 0.0004092 0.00042425 0.00039595 0.00041035 0.00035565 0.00034995 0.0003749 0.0003744 0.00035605 0.00036525 0.00039995 0.00041965 0.00042365 0.00037515 0.0004266 0.0003404
19 0.0001491 2.25e-06 0.00043015 0.0005081 0.0003555 0.0003958 0.00040795 0.00021855 0.00052395 0.0003388 0.0003284 0.00015475 0.00020465 0.00014915 0.00023995 0.00019775 9.5e-05 0.00025595 0.00039575 3.5e-06 0.000223 0.00027805 0.00037495 0.0004043 0.0001943 0.00033885 0.00037495 0.00044985 0.00015565 0.0004301 0.00014955 3.1e-06 0.00029965 0.000254 0.0002233 0.00035045 0.00019435 0.00022105 0.0003503 0.00030525 0.00032085 0.00045845 0.0006076 0.00024715 0.0001283 0.0003525 0.00032805 0.0001868 0.0001946 0.0003602 0.00025565 0.000214 0.00050815 0.0001942 0.000548 0.000348 0.00027505 0.0003062 0.00012695 0.00012955 7.46e-05 0.0004244 0.00052855 0.00045325 0.00052855 4.2e-05 0.00043015 0.0003254 0.0001041 0.00033535 0.0005507 0.0001502 0.00043205 0.00042895 0.00014965 0.00021455 0.00037945 0.00034525 1.95e-06 0.00024775 0.00036035 0.0002243 0.00031065 0.0002152 0.00029635 0.0004527 0.00023965 0.00022765 0.0003354 0.000213 0.00020345 0.0003084
20 0.00025755 0.0002222 0.0003572 0.0004488 0.00023815 0.0003055 0.00040545 0.0003534 0.0004593 0.0003305 0.000253 0.0002331 0.00027565 0.0002573 0.0002728 0.00030105 0.0002774 0.00022385 0.0004117 0.000223 0.0004438 0.00028705 0.000272 0.00030975 0.0002536 0.00033205 0.00036035 0.0003913 0.00023355 0.0003602 0.0002573 0.00022295 0.0003315 0.0002788 0.0002222 0.00022255 0.00025325 0.00033315 0.0003006 0.0003374 0.00025375 0.00041385 0.00053945 0.0003598 0.000223 0.00042515 0.00030155 0.0002658 0.00027685 0.00031095 0.00022355 0.0002767 0.00044885 0.00030275 0.0004941 0.00037655 0.00031265 0.00033145 0.0002577 0.0002227 0.00025415 0.0002662 0.0003719 0.0002658 0.00037245 0.00024265 0.0003572 0.0003211 0.0002381 0.00036125 0.0005352 0.0002573 0.0004408 0.00028175 0.0002574 0.0002772 0.00029665 0.0003119 0.0002232 0.00025405 0.0003111 0.00035615 0.0003414 0.0002766 0.0002915 0.0004904 0.0002732 0.0002383 0.0003613 0.0002766 0.00027495 0.00028155
21 0.0002964 0.00027795 0.00037065 0.0004586 0.00027615 0.0003541 0.0004297 0.0003681 0.0004685 0.0003197 0.0002746 0.0002771 0.00033945 0.00029615 0.0003143 0.0003645 0.0003253 0.00027715 0.00041865 0.00027805 0.00028705 0.0005483 0.0002947 0.0003543 0.00029275 0.0003744 0.00036065 0.00038935 0.0002771 0.00041765 0.00029605 0.00027805 0.0003744 0.00032575 0.00028735 0.00028645 0.0002927 0.00037365 0.0003342 0.00032685 0.0002927 0.0004096 0.0005137 0.000361 0.00027755 0.0004419 0.00036055 0.00031585 0.0003174 0.00034435 0.00027685 0.0003262 0.00045865 0.00035585 0.0004545 0.0003925 0.00034425 0.00037375 0.0003223 0.0002772 0.000293 0.0003256 0.00037 0.000325 0.00036985 0.00029315 0.00037055 0.00036325 0.00027685 0.0004081 0.0005426 0.00029605 0.00046505 0.00031435 0.00029615 0.00032675 0.0003311 0.00037495 0.00027825 0.00029315 0.0003445 0.00036185 0.0003303 0.00032585 0.00031415 0.00053045 0.00031405 0.00027615 0.00040815 0.0003262 0.00033915 0.0003393
22 0.00024725 0.000375 0.00032885 0.0004044 0.00016985 0.0002316 0.00046785 0.0004821 0.0004149 0.00031685 0.0001957 0.00027165 0.0003588 0.000247 0.0002296 0.00040395 0.00036865 0.0002213 0.00040005 0.00037495 0.000272 0.0002947 0.000238 0.00019675 0.0002478 0.000253 0.000299 0.0002784 0.000271 0.00030845 0.00024695 0.00037445 0.0002916 0.000255 0.0002723 0.00019475 0.00024775 0.00032535 0.0001579 0.0003008 0.000171 0.0002978 0.00052485 0.000376 0.00029835 0.00047575 0.00029985 0.000302 0.00022915 0.00016855 0.000221 0.0002958 0.00040445 0.0003916 0.00040755 0.00038835 0.0002036 0.0002903 0.0003889 0.0002976 0.0003237 0.0001833 0.0002784 0.00018285 0.00027915 0.0003508 0.000329 0.0002795 0.00032315 0.00033475 0.0005299 0.0002464 0.0005077 0.00015825 0.00024705 0.00029635 0.00017475 0.00032355 0.00037515 0.00023855 0.0001687 0.00041645 0.00024985 0.0002954 0.0001191 0.00044755 0.00022985 0.0002472 0.0003348 0.00029645 0.00035915 0.0002777
23 0.00029435 0.00040435 0.00031705 0.0003215 0.0001816 0.0002713 0.00056055 0.000508 0.00034015 0.00037995 0.0003337 0.00028005 0.00043295 0.0002941 0.00020835 0.00043605 0.00033555 0.000154 0.0003739 0.0004043 0.00030975 0.0003543 0.00019675 3e-07 0.00024075 0.0001146 0.00022185 0.00033245 0.0002791 0.0002928 0.0002939 0.0004035 0.00015295 0.0001791 0.00031005 0.00018425 0.0002407 0.00023535 9.21e-05 0.00029905 0.0001172 0.00015805 0.0005618 0.0003471 0.0002793 0.0004899 0.00021905 0.00021875 0.0002604 0.0001048 0.0001537 0.000214 0.00032165 0.0004284 0.0003856 0.0004088 0.0001938 0.00014635 0.000421 0.0002787 0.00036185 0.0001081 0.00034535 0.00013775 0.00034545 0.0003646 0.00031705 0.00016355 0.0004306 0.0002623 0.0005596 0.0002932 0.00054045 0.00010495 0.000294 0.00021455 5.675e-05 0.00031125 0.0004045 0.00027435 0.00010495 0.0004038 0.00030105 0.00021335 0.00018395 0.0004232 0.00020695 0.0003068 0.00026235 0.00021495 0.0004336 0.0002264
24 0.00019865 0.0001943 0.0003879 0.00045265 0.0002452 0.00030615 0.0004945 0.00037725 0.0004697 0.00033605 0.000293 0.0001939 0.00030595 0.00019845 0.00020055 0.00033095 0.0002268 0.0001961 0.00041965 0.0001943 0.0002536 0.00029275 0.0002478 0.00024075 0.0003866 0.00026205 0.0003129 0.00039075 0.0001938 0.00036945 0.0001979 0.00019415 0.0002613 0.0002285 0.0002539 0.00025465 0.0001937 0.0002607 0.0002213 0.00027855 0.00019545 0.0003461 0.00062205 0.00031125 0.00019485 0.00043535 0.0003113 0.0002174 0.0002039 0.0002323 0.0001958 0.00022835 0.0004527 0.0003233 0.00050445 0.00039265 0.0002317 0.0002613 0.000288 0.0001952 0.00019515 0.0002772 0.00043675 0.00030625 0.00043675 0.00019395 0.0003879 0.0002796 0.00024365 0.00031065 0.00059015 0.000198 0.0005234 0.00026725 0.000198 0.0002289 0.0002181 0.00034255 0.0001945 0.00023715 0.00023245 0.00032815 0.0002823 0.00022855 0.0002019 0.0004706 0.0001996 0.00024425 0.0003107 0.0002281 0.00030575 0.000286
25 0.0002655 0.00033915 0.00035765 0.00034995 0.0002884 0.00033065 0.00049975 0.0004239 0.0003448 0.00041735 0.00035235 0.00030145 0.00040725 0.00026525 0.00022825 0.000364 0.00025455 0.0002619 0.00031155 0.00033885 0.00033205 0.0003744 0.000253 0.0001146 0.00026205 0.0001847 0.00026245 0.0003225 0.0003005 0.0003156 0.0002654 0.0003383 0.0001318 0.0001769 0.00033235 0.0002937 0.000262 0.0001314 0.00015325 0.000345 0.000223 0.0001774 0.00051915 0.00030055 0.00030005 0.00042865 0.00022415 0.00024285 0.00023185 0.0001421 0.0002616 0.0002149 0.00035 0.0003535 0.0003577 0.0003623 0.00014225 0.00013145 0.00033635 0.00030065 0.0002998 0.00022015 0.00038365 0.00024945 0.000384 0.0002993 0.00035765 0.00017195 0.00036425 0.00028355 0.0004989 0.0002646 0.0004597 0.0002145 0.0002655 0.00021525 0.0001659 0.00033655 0.00033905 0.0002956 0.00014245 0.0003571 0.00031055 0.00021565 0.00019195 0.0003591 0.0002283 0.00032635 0.0002836 0.00021585 0.0004079 0.0002331
26 0.00031255 0.000375 0.0002959 0.0003781 0.00028415 0.0003851 0.00052335 0.0004436 0.0003845 0.0003659 0.0004246 0.0003129 0.0004477 0.0003123 0.000318 0.00045045 0.00037605 0.0002212 0.00037485 0.00037495 0.00036035 0.00036065 0.000299 0.00022185 0.0003129 0.00026245 0.0004388 0.0003111 0.0003126 0.0003905 0.0003123 0.0003748 0.000301 0.00026235 0.00036065 0.0002827 0.00031285 0.00033985 0.00023575 0.0002857 0.00023625 0.0002212 0.0004534 0.00029705 0.00029865 0.00046035 0.00035895 0.00031455 0.0003179 0.0002362 0.0002209 0.0002985 0.00037815 0.00044445 0.0002959 0.0003792 0.000276 0.00030005 0.00043545 0.0002972 0.0003889 0.00028415 0.0003605 0.00031325 0.00036095 0.00037455 0.000296 0.00032895 0.00043775 0.00032875 0.0005296 0.00031205 0.0005154 0.00028545 0.0003124 0.00029905 0.00025225 0.0003688 0.00037515 0.0003561 0.00023635 0.00031525 0.0002351 0.00029795 0.0002497 0.0004798 0.0003184 0.00036185 0.0003288 0.0002988 0.0004477 0.000351
27 0.00033755 0.0004499 0.00030985 0.00036705 0.00036355 0.0003817 0.00039475 0.00041815 0.0003675 0.00039015 0.00035825 0.0004103 0.0004403 0.0003373 0.00037145 0.0004345 0.000423 0.00039495 0.0003105 0.00044985 0.0003913 0.00038935 0.0002784 0.00033245 0.00039075 0.0003225 0.0003111 0.0004494 0.00040965 0.00036785 0.00033725 0.00044935 0.0003608 0.0003531 0.0003916 0.00036375 0.0003907 0.00035385 0.0002786 0.00036 0.00036355 0.00028065 0.0003132 0.0003384 0.0004223 0.00040635 0.0003608 0.0004073 0.0003178 0.0002793 0.00039465 0.00039115 0.0003671 0.00043375 0.0002261 0.00031775 0.00026805 0.0003651 0.00041945 0.0004222 0.00042275 0.00033295 0.00027855 0.00033265 0.0002788 0.00043 0.00030985 0.00036435 0.0004175 0.0003988 0.0004022 0.0003367 0.0003956 0.00033175 0.00033725 0.0003917 0.00034865 0.00039905 0.00045005 0.0003815 0.00027945 0.0003572 0.0002563 0.00039165 0.0002247 0.0004026 0.00037115 0.0003903 0.00039885 0.0003918 0.00044065 0.00036505
28 0.0001986 0.00015525 0.00036795 0.00047135 0.00022955 0.00032505 0.00049345 0.00035695 0.0004883 0.00032005 0.00030055 0.00015485 0.00028565 0.00019835 0.00023895 0.000311 0.00022675 0.00015725 0.00043845 0.00015565 0.00023355 0.0002771 0.000271 0.0002791 0.0001938 0.0003005 0.0003126 0.00040965 0.0003087 0.00038825 0.0001981 0.00015495 0.00029975 0.0002284 0.00023385 0.0002347 0.0001937 0.00029935 0.0002599 0.00027855 0.00019545 0.00038435 0.00062105 0.00031125 0.0001559 0.00045385 0.00032995 0.00021705 0.0002423 0.00027085 0.00015695 0.00022765 0.0004714 0.0003045 0.00052305 0.0004111 0.00027045 0.00029975 0.00026795 0.00015625 0.0001952 0.00029585 0.00044 0.00032495 0.00044 0.00019385 0.00036795 0.00031815 0.00022765 0.00031055 0.00060085 0.0001976 0.0005224 0.0002902 0.0001982 0.00022825 0.0002567 0.0003226 0.00015585 0.00024625 0.000271 0.0002891 0.0002823 0.00022825 0.00024075 0.0005011 0.000238 0.0002285 0.0003106 0.0002281 0.0002857 0.00030465
29 0.0003695 0.00043025 0.00039045 0.00035915 0.0003313 0.0002995 0.0003967 0.00046505 0.00035995 0.00041795 0.0003466 0.0003889 0.00036045 0.00036925 0.00034945 0.0003722 0.0003984 0.0003547 0.0003969 0.0004301 0.0003602 0.00041765 0.00030845 0.0002928 0.00036945 0.0003156 0.0003905 0.00036785 0.00038825 0.0005809 0.0003693 0.0004297 0.0003308 0.0003463 0.0003605 0.00032205 0.0003694 0.0003521 0.00030065 0.00042105 0.00033155 0.00036055 0.0004263 0.0004284 0.00039265 0.00040845 0.00033125 0.000366 0.00034985 0.00030125 0.0003544 0.0003614 0.0003592 0.00037105 0.00042705 0.00040905 0.00032295 0.0003304 0.0003999 0.00039195 0.0004068 0.000292 0.00036785 0.0002918 0.00036835 0.00041035 0.00039045 0.00033 0.00040675 0.0003229 0.0003584 0.00036875 0.0003978 0.0003012 0.0003694 0.00036195 0.000305 0.0003251 0.0004303 0.00036015 0.0003014 0.0004479 0.00039815 0.00036175 0.00030855 0.0002908 0.00034985 0.00036965 0.00032295 0.00036205 0.0003608 0.0003307
30 0.00014935 0.00014945 0.0003873 0.00045275 0.0002974 0.0003211 0.0004455 0.00033195 0.00046925 0.0003354 0.00029625 0.0001984 0.0002722 0.00014915 0.000204 0.00028585 0.000187 0.00024845 0.00037565 0.00014955 0.0002573 0.00029605 0.00024695 0.0002939 0.0001979 0.0002654 0.0003123 0.00033725 0.0001981 0.0003693 0.0002961 0.0001491 0.00026465 0.00023215 0.0002576 0.00030695 0.0001981 0.0002207 0.000221 0.00027795 0.0002477 0.0003453 0.00056895 0.00026215 0.0001986 0.00038625 0.0003153 0.0002215 0.0001544 0.0002314 0.00024815 0.0002317 0.0004528 0.0002782 0.00045105 0.0003434 0.0001822 0.0002699 0.000243 0.00019895 0.00015485 0.0003299 0.00043615 0.00035905 0.00043595 0.0001489 0.00038745 0.0002889 0.00019845 0.00031055 0.00053745 0.0001485 0.00047435 0.00031965 0.00014815 0.00023225 0.0002707 0.0003423 0.00014975 0.00024125 0.00023155 0.00027925 0.00022875 0.0002327 0.00014815 0.0004181 0.0002037 0.00024765 0.0003106 0.00023175 0.0002722 0.00029405
31 0.0001499 2.45e-06 0.0004303 0.0005075 0.00035565 0.0003953 0.00040725 0.00021685 0.00052335 0.00033795 0.0003277 0.00015525 0.00020345 0.0001498 0.00023895 0.0001974 9.43e-05 0.0002567 0.0003949 3.1e-06 0.00022295 0.00027805 0.00037445 0.0004035 0.00019415 0.0003383 0.0003748 0.00044935 0.00015495 0.0004297 0.0001491 3.5e-06 0.00029845 0.00025445 0.00022325 0.0003506 0.0001941 0.00022025 0.00034955 0.0003051 0.00032095 0.00045755 0.00060725 0.0002469 0.00012885 0.00035165 0.0003271 0.0001865 0.0001936 0.0003594 0.0002564 0.00021245 0.00050755 0.00019445 0.0005474 0.0003472 0.0002746 0.00030505 0.0001265 0.00012995 7.57e-05 0.00042385 0.00052825 0.00045295 0.00052825 4.135e-05 0.0004303 0.00032455 0.0001025 0.00033555 0.00055045 0.00014875 0.0004313 0.0004284 0.0001492 0.00021305 0.0003787 0.0003454 3.3e-06 0.00024675 0.00035955 0.0002248 0.0003106 0.0002148 0.00029565 0.0004524 0.00023865 0.0002285 0.0003356 0.00021275 0.0002034 0.00030795
32 0.0002654 0.0002992 0.0003962 0.0003646 0.00032725 0.00034565 0.0004751 0.00038475 0.00035945 0.0004171 0.000352 0.00030065 0.0003825 0.00026515 0.00022775 0.00033895 0.00021515 0.0003003 0.0003112 0.00029965 0.0003315 0.0003744 0.0002916 0.00015295 0.0002613 0.0001318 0.000301 0.0003608 0.00029975 0.0003308 0.00026465 0.00029845 0.0002608 0.00021615 0.0003318 0.00033255 0.0002612 0.0001322 0.0001916 0.000345 0.00026145 0.0002157 0.00053375 0.00029975 0.00029905 0.00040415 0.00022305 0.00022575 0.00023105 0.00018045 0.0003 0.000214 0.00036465 0.00033 0.00039595 0.00036145 0.0001817 0.000131 0.00029605 0.0003001 0.0002618 0.00025875 0.0004222 0.00028805 0.0004223 0.0002595 0.0003962 0.00017165 0.00032445 0.0002983 0.00049015 0.00026385 0.00043485 0.00025285 0.00026475 0.00021415 0.00018825 0.00035095 0.00029985 0.0002945 0.00018065 0.00035625 0.00034885 0.0002149 0.0002303 0.00035065 0.0002275 0.00032625 0.00029835 0.00021495 0.00038345 0.00023335
33 0.000232 0.00025435 0.00033735 0.00040395 0.0002395 0.00032875 0.00051075 0.0004042 0.00040935 0.0003691 0.0003388 0.0002284 0.0003551 0.00023175 0.00023425 0.00034325 0.00025395 0.0001771 0.00037505 0.000254 0.0002788 0.00032575 0.000255 0.0001791 0.0002285 0.0001769 0.00026235 0.0003531 0.0002284 0.0003463 0.00023215 0.00025445 0.00021615 0.0003511 0.0002791 0.00024085 0.0002285 0.0002149 0.0001944 0.00031185 0.0001891 0.00026215 0.0005626 0.0003 0.00021485 0.0004476 0.00027775 0.00023275 0.00023795 0.00019385 0.0001769 0.0002161 0.000404 0.00033435 0.0004213 0.0003812 0.00019285 0.0002159 0.0003153 0.00021625 0.0002663 0.00024155 0.00039845 0.00027055 0.0003988 0.00025405 0.00033735 0.0002457 0.00031605 0.0002823 0.0005539 0.00023205 0.0005028 0.00023995 0.00023225 0.00021665 0.000207 0.0003159 0.0002542 0.00027195 0.000194 0.00031655 0.00027735 0.00021525 0.00020975 0.0004339 0.0002344 0.00027715 0.0002824 0.00021605 0.0003548 0.0002691
34 0.00025785 0.00022235 0.0003575 0.0004491 0.00023845 0.0003058 0.00040575 0.0003537 0.0004596 0.0003308 0.0002533 0.00023325 0.00027595 0.0002576 0.0002731 0.00030135 0.0002777 0.00022415 0.000412 0.0002233 0.0002222 0.00028735 0.0002723 0.00031005 0.0002539 0.00033235 0.00036065 0.0003916 0.00023385 0.0003605 0.0002576 0.00022325 0.0003318 0.0002791 0.0004444 0.00022285 0.00025355 0.00033345 0.0003009 0.0003377 0.00025405 0.00041415 0.00053975 0.0003601 0.0002233 0.00042545 0.00030185 0.0002661 0.00027715 0.00031125 0.00022385 0.000277 0.00044915 0.00030305 0.0004944 0.00037685 0.00031295 0.00033175 0.000258 0.000223 0.00025445 0.0002665 0.0003722 0.0002661 0.00037275 0.00024295 0.0003575 0.0003214 0.0002384 0.00036155 0.0005355 0.0002576 0.0004411 0.00028205 0.0002577 0.0002775 0.00029695 0.0003122 0.0002235 0.00025435 0.0003114 0.00035645 0.0003417 0.0002769 0.0002918 0.0004907 0.0002735 0.0002386 0.0003616 0.0002769 0.0002751 0.00028185
35 0.00030715 0.0003505 0.00027955 0.00041085 0.0001108 0.000251 0.0004935 0.0004794 0.0004217 0.0003134 0.00025265 0.0002347 0.00034835 0.0003069 0.0002732 0.0004004 0.00039825 9.77e-05 0.0004551 0.00035045 0.00022255 0.00028645 0.00019475 0.00018425 0.00025465 0.0002937 0.0002827 0.00036375 0.0002347 0.00032205 0.00030695 0.0003506 0.00033255 0.00024085 0.00022285 0.0001898 0.0002546 0.0004141 0.0002238 0.0003113 0.0001283 0.00033795 0.00055075 0.0004101 0.00022515 0.0005138 0.00030235 0.0002835 0.00032665 0.0002345 9.74e-05 0.000278 0.0004109 0.0004011 0.0004671 0.0004269 0.00032265 0.00032595 0.0003854 0.0002227 0.00037465 0.00013995 0.0002952 0.00013955 0.0002963 0.00037 0.00027955 0.00031525 0.00036415 0.0003246 0.00058535 0.00030695 0.00052915 0.00015635 0.00030705 0.00027855 0.00018675 0.0002735 0.00035065 0.000255 0.00023465 0.000407 0.0003138 0.0002762 0.0002634 0.0005411 0.0002743 0.0002393 0.00032465 0.000278 0.00034805 0.00027605
36 0.0001984 0.00019365 0.00038785 0.0004526 0.00024515 0.0003061 0.0004944 0.0003772 0.00046965 0.00033595 0.0002929 0.0001935 0.00030585 0.00019815 0.00020025 0.0003309 0.00022665 0.0001961 0.0004195 0.00019435 0.00025325 0.0002927 0.00024775 0.0002407 0.0001937 0.000262 0.00031285 0.0003907 0.0001937 0.0003694 0.0001981 0.0001941 0.0002612 0.0002285 0.00025355 0.0002546 0.0003865 0.00026055 0.00022125 0.0002785 0.00019545 0.00034605 0.000622 0.00031155 0.00019455 0.00043505 0.0003112 0.00021705 0.0002036 0.00023225 0.0001958 0.0002283 0.00045265 0.00032325 0.0005044 0.00039235 0.00023165 0.00026115 0.0002876 0.00019485 0.000195 0.00027715 0.0004367 0.0003062 0.0004367 0.00019395 0.00038785 0.00027945 0.0002435 0.00031065 0.0005901 0.00019795 0.0005233 0.0002672 0.0001982 0.0002288 0.00021805 0.0003425 0.00019455 0.00023705 0.0002324 0.00032775 0.00028225 0.0002285 0.00020185 0.00047055 0.0001993 0.00024395 0.0003107 0.0002284 0.0003054 0.00028595
37 0.00022115 0.0002208 0.00043475 0.0003891 0.0004065 0.0003772 0.0004196 0.0003062 0.0003857 0.00043385 0.00034895 0.0003001 0.000337 0.0002209 0.0002269 0.00027345 0.00013355 0.00038305 0.0002666 0.00022105 0.00033315 0.00037365 0.00032535 0.00023535 0.0002607 0.0001314 0.00033985 0.00035385 0.00029935 0.0003521 0.0002207 0.00022025 0.0001322 0.0002149 0.00033345 0.0004141 0.00026055 9.26e-05 0.000228 0.0003693 0.0003418 0.00025675 0.0005149 0.00025875 0.0003019 0.0003483 0.00022555 0.0002279 0.0001871 0.00021855 0.00038275 0.0002178 0.00038915 0.00026095 0.00039195 0.00032015 0.0001336 0.00013145 0.0002182 0.0003016 0.00017995 0.00034075 0.0004586 0.00037005 0.00045905 0.0001811 0.00043475 0.00017035 0.00024375 0.0003208 0.000454 0.00022 0.0003795 0.00033295 0.0002208 0.0002183 0.0002679 0.0003755 0.00022125 0.00029415 0.0002187 0.00031475 0.00034175 0.00021835 0.0002207 0.00031165 0.0002269 0.0003257 0.00032085 0.00021865 0.0003375 0.00023635
38 0.0002214 0.00035035 0.0003307 0.0003596 0.0002104 0.0002589 0.000522 0.00047705 0.0003774 0.00035605 0.0002991 0.0002608 0.0003866 0.00022115 0.0001884 0.0004052 0.0003075 0.0001973 0.00036495 0.0003503 0.0003006 0.0003342 0.0001579 9.21e-05 0.0002213 0.00015325 0.00023575 0.0002786 0.0002599 0.00030065 0.000221 0.00034955 0.0001916 0.0001944 0.0003009 0.0002238 0.00022125 0.000228 0.0001839 0.0002749 0.0001458 0.0001952 0.0005461 0.0003123 0.0002739 0.00045515 0.0002611 0.0002375 0.0001875 0.0001038 0.000197 0.000232 0.0003597 0.0003952 0.0003699 0.00037395 0.00014155 0.00019025 0.00039015 0.0002734 0.00029785 0.00017185 0.00034455 0.0002013 0.0003444 0.0003105 0.00033085 0.0002082 0.00036215 0.0002739 0.0005419 0.0002203 0.0005288 0.00015775 0.0002211 0.00023255 0.0001095 0.00032525 0.0003505 0.00025485 0.00010395 0.00036875 0.00022395 0.0002319 9.205e-05 0.0004033 0.00018755 0.0002867 0.00027395 0.0002329 0.0003872 0.00025305
39 0.0002783 0.0003052 0.0003609 0.0004377 0.00030205 0.0003701 0.00050545 0.0004066 0.00045415 0.0003348 0.00037565 0.00027875 0.00039715 0.00027805 0.0002839 0.00043675 0.0003366 0.0002534 0.00041865 0.00030525 0.0003374 0.00032685 0.0003008 0.00029905 0.00027855 0.000345 0.0002857 0.00036 0.00027855 0.00042105 0.00027795 0.0003051 0.000345 0.00031185 0.0003377 0.0003113 0.0002785 0.0003693 0.0002749 0.000501 0.00025255 0.00031915 0.00052275 0.00031155 0.0002793 0.0004465 0.0003956 0.00030195 0.0002836 0.0002853 0.0002531 0.00031225 0.00043775 0.00042835 0.00039375 0.0003927 0.00031055 0.00034405 0.0003986 0.00027895 0.00030425 0.0003347 0.0004101 0.00036375 0.00040995 0.00030465 0.000361 0.00036295 0.00035325 0.0003629 0.0005693 0.0002778 0.00053445 0.0003248 0.00027805 0.0003128 0.00027525 0.00040675 0.00030545 0.0003217 0.00028545 0.00032855 0.0002507 0.00031175 0.0002508 0.0005171 0.0002841 0.0003278 0.00036295 0.00031245 0.00039705 0.00036845
