 slim_337531094 slim_337530979 slim_337530950 slim_337530886 slim_337531105 slim_337531078 slim_337530924 slim_337531087 slim_337530953 slim_337531097 slim_337530971 slim_337531099 slim_337530767 slim_337531011 slim_337531098 slim_337530711 slim_337530995 slim_337530987 slim_337530984 slim_337530867 slim_337531079 slim_337531095 slim_337530772 slim_337531074 slim_337531106 slim_337531054 slim_337531033 slim_337531052 slim_337531004 slim_337531018 slim_337531057 slim_337531082 slim_337531114 slim_337531026 slim_337531037 slim_337531009 slim_337531023 slim_337530814 slim_337530960 slim_337531028 slim_337531093 slim_337531101 slim_337531068 slim_337530975 slim_337530483 slim_337531104 slim_337531100 slim_337530977 slim_337530930 slim_337530921 slim_337530902 slim_337531022 slim_337531046 slim_337530450 slim_337531059 slim_337531108 slim_337531085 slim_337531113 slim_337531056 slim_337531003 slim_337531044 slim_337531041 slim_337531045 slim_337531040 slim_337531115 slim_337530994 slim_337530927 slim_337531084 slim_337531090 slim_337530926 slim_337531091 slim_337530903 slim_337530932 slim_337531050 slim_337531066 slim_337531073 slim_337531080 slim_337530964 slim_337531030 slim_337531071 slim_337531111 slim_337531110 slim_337530974 slim_337531112 slim_337530712 slim_337531058 slim_337531042 slim_337530973 slim_337531069 slim_337530919 slim_337530990 slim_337531005 slim_337531070 slim_337531067 slim_337531103 slim_337530951 slim_337530982 slim_337531021 slim_337531043 slim_337530843
0 9e-06 3.035e-05 7.7e-06 1.51e-05 2.28e-05 5.85e-05 3.87e-05 3.48e-05 3.425e-05 7.95e-06 8.05e-06 3.45e-05 7.85e-06 7.4e-06 3.475e-05 3.415e-05 3.86e-05 2.325e-05 1e-05 3.76e-05 5.67e-05 3.485e-05 7.6e-06 1.325e-05 3.46e-05 1.085e-05 1.055e-05 1.06e-05 7.8e-06 5.64e-05 3.905e-05 2.71e-05 3.42e-05 5.71e-05 8.15e-06 3.31e-05 4.6e-06 1.385e-05 7.75e-06 1.43e-05 3.595e-05 9.95e-06 3.585e-05 3.59e-05 3.36e-05 3.705e-05 1.305e-05 1.305e-05 3.85e-05 1.38e-05 3.59e-05 1.28e-05 3.685e-05 1.355e-05 6.95e-06 3.57e-05 6.06e-05 1.37e-05 5.495e-05 3.625e-05 1.075e-05 1.59e-05 3.61e-05 3.525e-05 5.88e-05 1.085e-05 5.935e-05 3.5e-05 3.855e-05 3.865e-05 3.115e-05 6.8e-06 3.595e-05 7.9e-06 3.385e-05 2.65e-05 3.37e-05 3.1e-05 4.205e-05 5.855e-05 3.7e-05 1.345e-05 3.505e-05 1.415e-05 3.685e-05 3.705e-05 1.505e-05 1.095e-05 1.065e-05 1.42e-05 1.27e-05 3.9e-05 1.385e-05 3.885e-05 3.58e-05 5.695e-05 1.07e-05 6.075e-05 5.94e-05 5.84e-05
1 3.035e-05 5.55e-05 3.185e-05 3.38e-05 3.11e-05 3.465e-05 3.22e-05 3.67e-05 3.255e-05 3.45e-05 3.21e-05 3.34e-05 3.265e-05 3.44e-05 3.365e-05 3.255e-05 3.21e-05 2.935e-05 3.545e-05 3.54e-05 3.375e-05 3.265e-05 3.215e-05 3.685e-05 3.25e-05 3.17e-05 2.86e-05 3.385e-05 3.205e-05 3.445e-05 3.4e-05 3.52e-05 3.58e-05 3.185e-05 3.245e-05 3.205e-05 3.025e-05 3.05e-05 3.2e-05 3.645e-05 3.335e-05 3.09e-05 3.65e-05 3.655e-05 3.29e-05 3.48e-05 3.485e-05 3.225e-05 3.22e-05 3.065e-05 3.33e-05 3.47e-05 3.225e-05 3.29e-05 3.165e-05 3.31e-05 3.485e-05 3.305e-05 3.645e-05 2.925e-05 3.4e-05 3.63e-05 3.35e-05 3.42e-05 3.395e-05 3.125e-05 3.51e-05 3.635e-05 3.205e-05 3.21e-05 3.375e-05 3.145e-05 3.66e-05 3.235e-05 3.315e-05 3.54e-05 3.48e-05 3.315e-05 3.705e-05 3.47e-05 3.16e-05 3.27e-05 3.49e-05 3.08e-05 3.125e-05 3.65e-05 3.45e-05 3.18e-05 3.38e-05 3.17e-05 3.625e-05 3.375e-05 3.05e-05 3.255e-05 3.64e-05 3.5e-05 3.395e-05 3.5e-05 3.515e-05 3.455e-05
2 7.7e-06 3.185e-05 1.08e-05 1.55e-05 2.41e-05 5.945e-05 3.85e-05 3.635e-05 3.23e-05 9.75e-06 9.65e-06 3.51e-05 1.015e-05 1.09e-05 3.33e-05 3.23e-05 3.84e-05 2.335e-05 1.21e-05 3.6e-05 5.75e-05 3.47e-05 8.65e-06 1.4e-05 3.415e-05 6.05e-06 1.09e-05 9.8e-06 7.45e-06 5.73e-05 3.88e-05 3.01e-05 3.655e-05 5.795e-05 7.85e-06 3.44e-05 7.6e-06 1.085e-05 7.4e-06 9.5e-06 3.415e-05 7e-06 3.75e-05 3.755e-05 3.175e-05 3.52e-05 1.035e-05 1.385e-05 3.83e-05 1.08e-05 3.41e-05 1.17e-05 3.66e-05 1.435e-05 8.3e-06 3.39e-05 6.16e-05 1.45e-05 5.575e-05 3.455e-05 9.95e-06 1.715e-05 3.43e-05 3.32e-05 5.965e-05 1.215e-05 6.07e-05 3.655e-05 3.835e-05 3.845e-05 3.19e-05 8.1e-06 3.745e-05 7.75e-06 3.2e-05 2.935e-05 3.565e-05 3.345e-05 4.225e-05 5.95e-05 3.665e-05 1.425e-05 3.605e-05 1.115e-05 3.65e-05 3.865e-05 1.545e-05 6.15e-06 9.85e-06 1.29e-05 1.315e-05 3.875e-05 1.085e-05 3.865e-05 3.705e-05 5.825e-05 9.9e-06 6.175e-05 6.075e-05 5.935e-05
3 1.51e-05 3.38e-05 1.55e-05 2.43e-05 3.21e-05 5.415e-05 3.365e-05 3.425e-05 3.45e-05 1.57e-05 1.505e-05 3.45e-05 1.5e-05 1.615e-05 3.505e-05 3.395e-05 3.355e-05 3.095e-05 1.525e-05 3.575e-05 5.305e-05 3.445e-05 1.645e-05 1.705e-05 3.425e-05 1.595e-05 1.28e-05 1.575e-05 1.61e-05 5.335e-05 3.28e-05 3.08e-05 3.49e-05 5.35e-05 1.65e-05 3.465e-05 1.5e-05 1.4e-05 1.605e-05 1.715e-05 3.55e-05 1.475e-05 3.625e-05 3.63e-05 3.445e-05 3.63e-05 1.515e-05 1.385e-05 3.37e-05 1.42e-05 3.545e-05 1.71e-05 3.31e-05 1.4e-05 1.535e-05 3.525e-05 5.495e-05 1.425e-05 5.505e-05 3.21e-05 1.59e-05 1.49e-05 3.565e-05 3.395e-05 5.385e-05 1.46e-05 5.445e-05 3.285e-05 3.35e-05 3.355e-05 3.47e-05 1.515e-05 3.65e-05 1.64e-05 3.47e-05 2.94e-05 3.39e-05 3.44e-05 3.525e-05 5.42e-05 3.29e-05 1.39e-05 3.465e-05 1.43e-05 3.245e-05 3.36e-05 1.405e-05 1.605e-05 1.57e-05 1.31e-05 1.495e-05 3.245e-05 1.4e-05 3.405e-05 3.415e-05 5.415e-05 1.585e-05 5.51e-05 5.45e-05 5.405e-05
4 2.28e-05 3.11e-05 2.41e-05 3.21e-05 4.39e-05 4.1e-05 3.83e-05 3.46e-05 3.31e-05 2.535e-05 2.59e-05 3.425e-05 2.565e-05 2.48e-05 3.37e-05 3.31e-05 3.82e-05 2.295e-05 2.67e-05 3.66e-05 3.905e-05 3.44e-05 2.425e-05 2.985e-05 3.31e-05 2.615e-05 2.82e-05 2.69e-05 2.415e-05 3.865e-05 3.865e-05 3.385e-05 3.42e-05 3.975e-05 2.45e-05 3.36e-05 2.275e-05 2.97e-05 2.41e-05 2.95e-05 3.495e-05 2.575e-05 3.575e-05 3.58e-05 3.235e-05 3.595e-05 2.885e-05 3.07e-05 3.81e-05 2.965e-05 3.49e-05 2.92e-05 3.62e-05 3.045e-05 2.385e-05 3.47e-05 4.335e-05 3.06e-05 3.74e-05 3.565e-05 2.705e-05 3.29e-05 3.51e-05 3.42e-05 4.14e-05 2.77e-05 4.205e-05 3.49e-05 3.815e-05 3.825e-05 3.1e-05 2.37e-05 3.585e-05 2.44e-05 3.26e-05 3.335e-05 3.37e-05 3.095e-05 4.155e-05 4.105e-05 3.645e-05 3.045e-05 3.365e-05 3e-05 3.63e-05 3.72e-05 3.195e-05 2.625e-05 2.705e-05 3.06e-05 2.975e-05 3.86e-05 2.97e-05 3.845e-05 3.59e-05 3.93e-05 2.7e-05 4.35e-05 4.21e-05 4.09e-05
5 5.85e-05 3.465e-05 5.945e-05 5.415e-05 4.1e-05 1.45e-05 2.975e-05 3.255e-05 3.56e-05 5.785e-05 5.89e-05 3.445e-05 5.895e-05 5.71e-05 3.485e-05 3.48e-05 2.965e-05 4.285e-05 5.595e-05 3.435e-05 8.55e-06 3.395e-05 5.785e-05 5.7e-05 3.3e-05 6.125e-05 5.585e-05 5.915e-05 5.895e-05 7.45e-06 3.025e-05 4.13e-05 3.28e-05 8.45e-06 5.935e-05 3.405e-05 5.84e-05 5.65e-05 5.89e-05 6.11e-05 3.435e-05 6.065e-05 3.43e-05 3.435e-05 3.42e-05 3.52e-05 6.04e-05 5.495e-05 2.955e-05 5.645e-05 3.435e-05 6.07e-05 3.005e-05 5.47e-05 5.88e-05 3.41e-05 7.45e-06 5.485e-05 1.525e-05 3.215e-05 5.93e-05 5.365e-05 3.455e-05 3.435e-05 8.55e-06 5.465e-05 7.85e-06 3.2e-05 2.96e-05 2.97e-05 3.31e-05 5.86e-05 3.45e-05 5.925e-05 3.44e-05 3.97e-05 3.285e-05 3.28e-05 2.94e-05 7.55e-06 3.095e-05 5.46e-05 3.1e-05 5.68e-05 3.08e-05 3.19e-05 5.49e-05 6.135e-05 5.92e-05 5.585e-05 5.86e-05 3.02e-05 5.65e-05 2.99e-05 3.265e-05 8.1e-06 5.925e-05 7.6e-06 7.85e-06 7.35e-06
6 3.87e-05 3.22e-05 3.85e-05 3.365e-05 3.83e-05 2.975e-05 5.29e-05 3.795e-05 3.375e-05 3.94e-05 3.995e-05 3.445e-05 3.885e-05 3.93e-05 3.335e-05 3.46e-05 2.65e-05 3.785e-05 4.015e-05 3.245e-05 3.12e-05 3.145e-05 3.84e-05 3.81e-05 3.185e-05 3.79e-05 3.21e-05 3.83e-05 3.84e-05 3.285e-05 2.945e-05 3.65e-05 3.405e-05 2.775e-05 3.88e-05 3.265e-05 3.86e-05 3.2e-05 3.835e-05 4.035e-05 3.22e-05 3.675e-05 3.76e-05 3.765e-05 3.505e-05 3.48e-05 3.725e-05 3.235e-05 2.67e-05 3.22e-05 3.215e-05 3.955e-05 3e-05 3.295e-05 3.795e-05 3.195e-05 2.66e-05 3.31e-05 3.715e-05 2.66e-05 3.845e-05 3.295e-05 3.235e-05 3.48e-05 2.81e-05 3.32e-05 2.77e-05 3.685e-05 2.65e-05 2.66e-05 3.635e-05 3.775e-05 3.77e-05 3.87e-05 3.53e-05 3.675e-05 3.54e-05 3.565e-05 2.925e-05 2.975e-05 2.845e-05 3.27e-05 3.465e-05 3.23e-05 2.805e-05 3.365e-05 3.515e-05 3.8e-05 3.825e-05 3.15e-05 3.945e-05 2.915e-05 3.2e-05 2.705e-05 3.64e-05 3.135e-05 3.84e-05 2.68e-05 2.78e-05 2.965e-05
7 3.48e-05 3.67e-05 3.635e-05 3.425e-05 3.46e-05 3.255e-05 3.795e-05 5.44e-05 3.71e-05 3.41e-05 3.39e-05 3.395e-05 3.55e-05 3.38e-05 3.76e-05 3.455e-05 3.785e-05 3.63e-05 3.095e-05 3.91e-05 3.065e-05 3.805e-05 3.58e-05 3.71e-05 3.66e-05 3.975e-05 3.7e-05 3.7e-05 3.655e-05 2.725e-05 3.485e-05 3.535e-05 3.465e-05 3.545e-05 3.695e-05 3.73e-05 3.47e-05 3.895e-05 3.65e-05 3.725e-05 3.89e-05 3.9e-05 3.275e-05 3.28e-05 3.355e-05 3.61e-05 3.92e-05 3.765e-05 3.775e-05 3.89e-05 3.885e-05 3.855e-05 3.31e-05 3.625e-05 3.6e-05 3.865e-05 3.77e-05 3.64e-05 3.3e-05 3.805e-05 3.715e-05 3.685e-05 3.905e-05 3.455e-05 3.58e-05 3.595e-05 3.635e-05 2.9e-05 3.78e-05 3.79e-05 3.085e-05 3.58e-05 3.325e-05 3.685e-05 3.36e-05 3.12e-05 3.17e-05 3.14e-05 3.555e-05 3.265e-05 3.615e-05 3.625e-05 3.215e-05 3.925e-05 3.6e-05 3.405e-05 3.28e-05 3.985e-05 3.715e-05 3.81e-05 3.37e-05 3.48e-05 3.895e-05 3.81e-05 3.11e-05 3.075e-05 3.71e-05 3.785e-05 3.64e-05 3.245e-05
8 3.425e-05 3.255e-05 3.23e-05 3.45e-05 3.31e-05 3.56e-05 3.375e-05 3.71e-05 5.91e-05 3.615e-05 3.56e-05 3.535e-05 3.5e-05 3.66e-05 3.23e-05 3.235e-05 3.365e-05 3.15e-05 3.645e-05 3.325e-05 3.24e-05 3.385e-05 3.39e-05 3.64e-05 3.255e-05 3.01e-05 3.175e-05 3.335e-05 3.295e-05 3.525e-05 3.385e-05 3.765e-05 3.58e-05 3.305e-05 3.3e-05 3.45e-05 3.415e-05 3.055e-05 3.285e-05 3.335e-05 3.305e-05 3.065e-05 3.76e-05 3.765e-05 3.24e-05 3.43e-05 3.115e-05 3.395e-05 3.355e-05 3.055e-05 3.265e-05 3.45e-05 3.365e-05 3.435e-05 3.405e-05 3.275e-05 3.595e-05 3.45e-05 3.7e-05 3.11e-05 3.36e-05 3.64e-05 3.32e-05 3.245e-05 3.275e-05 3.4e-05 3.52e-05 3.645e-05 3.36e-05 3.37e-05 3.535e-05 3.385e-05 3.785e-05 3.32e-05 3.26e-05 3.74e-05 3.59e-05 3.555e-05 3.73e-05 3.565e-05 3.065e-05 3.425e-05 3.45e-05 3.095e-05 3.05e-05 3.675e-05 3.53e-05 2.985e-05 3.35e-05 3.17e-05 3.55e-05 3.38e-05 3.06e-05 3.39e-05 3.705e-05 3.51e-05 3.345e-05 3.61e-05 3.525e-05 3.55e-05
9 7.95e-06 3.45e-05 9.75e-06 1.57e-05 2.535e-05 5.785e-05 3.94e-05 3.41e-05 3.615e-05 1.01e-05 1.1e-05 3.515e-05 7.65e-06 5.7e-06 3.54e-05 3.675e-05 3.93e-05 2.73e-05 8.05e-06 3.67e-05 5.725e-05 3.55e-05 9.85e-06 9.6e-06 3.525e-05 1.465e-05 1.495e-05 1e-05 1.04e-05 5.745e-05 3.995e-05 2.715e-05 3.05e-05 5.755e-05 1.08e-05 3.42e-05 7.85e-06 1.76e-05 1.035e-05 1.55e-05 3.665e-05 1.365e-05 3.58e-05 3.585e-05 3.6e-05 3.8e-05 1.365e-05 1.46e-05 3.92e-05 1.755e-05 3.66e-05 1.41e-05 3.925e-05 1.27e-05 9.55e-06 3.64e-05 5.825e-05 1.31e-05 5.47e-05 4e-05 1.015e-05 1.255e-05 3.68e-05 3.665e-05 5.765e-05 1.35e-05 5.695e-05 3.425e-05 3.925e-05 3.935e-05 3.155e-05 9.35e-06 3.59e-05 1.07e-05 3.625e-05 2.64e-05 3.195e-05 3.25e-05 4.015e-05 5.79e-05 3.89e-05 1.295e-05 3.445e-05 1.79e-05 3.875e-05 3.46e-05 1.57e-05 1.475e-05 1.015e-05 1.64e-05 1.23e-05 3.99e-05 1.76e-05 3.955e-05 3.55e-05 5.555e-05 1.01e-05 5.84e-05 5.7e-05 5.775e-05
10 8.05e-06 3.21e-05 9.65e-06 1.505e-05 2.59e-05 5.89e-05 3.995e-05 3.39e-05 3.56e-05 1.1e-05 1.27e-05 3.46e-05 9.95e-06 1.145e-05 3.665e-05 3.405e-05 3.985e-05 2.435e-05 1.12e-05 3.89e-05 5.72e-05 3.605e-05 1.07e-05 1.59e-05 3.645e-05 1.18e-05 1.195e-05 1.265e-05 1.04e-05 5.535e-05 3.91e-05 2.94e-05 3.75e-05 5.9e-05 1.08e-05 3.435e-05 7.95e-06 1.45e-05 1.035e-05 1.395e-05 3.72e-05 1.055e-05 3.545e-05 3.55e-05 3.345e-05 3.675e-05 1.37e-05 1.5e-05 3.975e-05 1.445e-05 3.715e-05 1.32e-05 3.67e-05 1.56e-05 9.55e-06 3.695e-05 6.245e-05 1.575e-05 5.405e-05 3.69e-05 1.28e-05 1.85e-05 3.735e-05 3.54e-05 6.075e-05 1.35e-05 6.185e-05 3.415e-05 3.98e-05 3.99e-05 3.2e-05 9.35e-06 3.49e-05 1.07e-05 3.365e-05 2.8e-05 3.5e-05 3.29e-05 4.23e-05 5.9e-05 3.835e-05 1.55e-05 3.62e-05 1.48e-05 3.82e-05 3.76e-05 1.5e-05 1.19e-05 1.27e-05 1.48e-05 1.225e-05 3.905e-05 1.45e-05 4.01e-05 3.35e-05 5.815e-05 1.275e-05 6.26e-05 6.19e-05 5.88e-05
11 3.45e-05 3.34e-05 3.51e-05 3.45e-05 3.425e-05 3.445e-05 3.445e-05 3.395e-05 3.535e-05 3.515e-05 3.46e-05 6.44e-05 3.49e-05 3.51e-05 3.57e-05 3.445e-05 3.435e-05 3.405e-05 3.475e-05 3.595e-05 3.44e-05 3.465e-05 3.525e-05 3.64e-05 3.49e-05 3.56e-05 3.38e-05 3.53e-05 3.5e-05 3.4e-05 3.5e-05 3.625e-05 3.545e-05 3.425e-05 3.555e-05 3.48e-05 3.44e-05 3.465e-05 3.51e-05 3.57e-05 3.525e-05 3.48e-05 3.615e-05 3.62e-05 3.46e-05 3.415e-05 3.585e-05 3.505e-05 3.425e-05 3.46e-05 3.525e-05 3.65e-05 3.425e-05 3.465e-05 3.48e-05 3.505e-05 3.49e-05 3.48e-05 3.59e-05 3.37e-05 3.52e-05 3.575e-05 3.54e-05 3.535e-05 3.485e-05 3.465e-05 3.525e-05 3.46e-05 3.43e-05 3.44e-05 3.465e-05 3.46e-05 3.625e-05 3.545e-05 3.485e-05 3.455e-05 3.445e-05 3.445e-05 3.43e-05 3.45e-05 3.45e-05 3.455e-05 3.525e-05 3.49e-05 3.435e-05 3.5e-05 3.4e-05 3.585e-05 3.52e-05 3.44e-05 3.47e-05 3.495e-05 3.465e-05 3.46e-05 3.515e-05 3.46e-05 3.54e-05 3.505e-05 3.53e-05 3.435e-05
12 7.85e-06 3.265e-05 1.015e-05 1.5e-05 2.565e-05 5.895e-05 3.885e-05 3.55e-05 3.5e-05 7.65e-06 9.95e-06 3.49e-05 1.31e-05 7.5e-06 3.485e-05 3.57e-05 3.875e-05 2.47e-05 9.5e-06 3.655e-05 5.775e-05 3.505e-05 1.045e-05 1.065e-05 3.47e-05 1.285e-05 1.285e-05 9.8e-06 1.06e-05 5.895e-05 3.915e-05 2.845e-05 3.155e-05 5.725e-05 1.1e-05 3.275e-05 7.75e-06 1.58e-05 1.055e-05 1.5e-05 3.61e-05 1.195e-05 3.67e-05 3.675e-05 3.585e-05 3.775e-05 1.27e-05 1.35e-05 3.865e-05 1.575e-05 3.605e-05 1.335e-05 3.91e-05 1.28e-05 9.85e-06 3.585e-05 5.895e-05 1.29e-05 5.56e-05 3.82e-05 9.95e-06 1.325e-05 3.625e-05 3.585e-05 5.775e-05 1.37e-05 5.765e-05 3.52e-05 3.87e-05 3.88e-05 3.385e-05 9.65e-06 3.68e-05 1.09e-05 3.61e-05 2.82e-05 3.255e-05 3.345e-05 4.09e-05 5.9e-05 3.775e-05 1.265e-05 3.51e-05 1.61e-05 3.76e-05 3.515e-05 1.545e-05 1.295e-05 9.85e-06 1.505e-05 1.25e-05 3.91e-05 1.58e-05 3.9e-05 3.635e-05 5.705e-05 9.9e-06 5.91e-05 5.77e-05 5.885e-05
13 7.4e-06 3.44e-05 1.09e-05 1.615e-05 2.48e-05 5.71e-05 3.93e-05 3.38e-05 3.66e-05 5.7e-06 1.145e-05 3.51e-05 7.5e-06 7.9e-06 3.535e-05 3.71e-05 3.92e-05 2.825e-05 7.3e-06 3.66e-05 5.705e-05 3.54e-05 8.35e-06 8.4e-06 3.525e-05 1.565e-05 1.595e-05 9.9e-06 9.9e-06 5.715e-05 4.03e-05 2.585e-05 2.935e-05 5.69e-05 1.025e-05 3.405e-05 7.35e-06 1.86e-05 9.85e-06 1.65e-05 3.655e-05 1.465e-05 3.525e-05 3.53e-05 3.635e-05 3.795e-05 1.465e-05 1.515e-05 3.91e-05 1.855e-05 3.65e-05 1.42e-05 3.96e-05 1.29e-05 9e-06 3.63e-05 5.705e-05 1.3e-05 5.43e-05 4.1e-05 1e-05 1.2e-05 3.67e-05 3.7e-05 5.7e-05 1.295e-05 5.58e-05 3.405e-05 3.915e-05 3.925e-05 3.23e-05 8.85e-06 3.55e-05 1.015e-05 3.66e-05 2.535e-05 3.125e-05 3.13e-05 3.965e-05 5.715e-05 3.935e-05 1.285e-05 3.38e-05 1.89e-05 3.92e-05 3.395e-05 1.605e-05 1.575e-05 1.005e-05 1.74e-05 1.265e-05 4.025e-05 1.86e-05 3.945e-05 3.535e-05 5.485e-05 1e-05 5.72e-05 5.585e-05 5.7e-05
14 3.475e-05 3.365e-05 3.33e-05 3.505e-05 3.37e-05 3.485e-05 3.335e-05 3.76e-05 3.23e-05 3.54e-05 3.665e-05 3.57e-05 3.485e-05 3.535e-05 6.23e-05 3.32e-05 3.325e-05 3.32e-05 3.595e-05 3.32e-05 3.445e-05 3.365e-05 3.375e-05 3.425e-05 3.24e-05 3.17e-05 3.335e-05 3.325e-05 3.345e-05 3.615e-05 3.43e-05 3.725e-05 3.325e-05 3.285e-05 3.38e-05 3.41e-05 3.465e-05 3.22e-05 3.335e-05 3.415e-05 3.265e-05 3.245e-05 3.795e-05 3.8e-05 3.365e-05 3.495e-05 3.325e-05 3.36e-05 3.315e-05 3.215e-05 3.255e-05 3.52e-05 3.49e-05 3.42e-05 3.475e-05 3.235e-05 3.355e-05 3.435e-05 3.72e-05 3.27e-05 3.345e-05 3.42e-05 3.28e-05 3.34e-05 3.315e-05 3.45e-05 3.24e-05 3.665e-05 3.32e-05 3.33e-05 3.6e-05 3.455e-05 3.805e-05 3.37e-05 3.39e-05 3.72e-05 3.5e-05 3.53e-05 3.57e-05 3.49e-05 3.305e-05 3.4e-05 3.405e-05 3.255e-05 3.29e-05 3.53e-05 3.615e-05 3.175e-05 3.325e-05 3.345e-05 3.655e-05 3.425e-05 3.22e-05 3.35e-05 3.695e-05 3.435e-05 3.335e-05 3.37e-05 3.245e-05 3.475e-05
15 3.415e-05 3.255e-05 3.23e-05 3.395e-05 3.31e-05 3.48e-05 3.46e-05 3.455e-05 3.235e-05 3.675e-05 3.405e-05 3.445e-05 3.57e-05 3.71e-05 3.32e-05 5.93e-05 3.45e-05 3.17e-05 3.55e-05 3.62e-05 3.315e-05 3.49e-05 3.35e-05 3.785e-05 3.34e-05 3.005e-05 3.185e-05 3.415e-05 3.27e-05 3.205e-05 3.35e-05 3.785e-05 3.725e-05 3.39e-05 3.325e-05 3.535e-05 3.405e-05 3.075e-05 3.28e-05 3.255e-05 3.385e-05 3.1e-05 3.635e-05 3.64e-05 3.09e-05 3.39e-05 3.525e-05 3.48e-05 3.44e-05 3.07e-05 3.385e-05 3.495e-05 3.21e-05 3.505e-05 3.415e-05 3.365e-05 3.755e-05 3.52e-05 3.575e-05 3.12e-05 3.415e-05 3.775e-05 3.4e-05 3.215e-05 3.59e-05 3.39e-05 3.68e-05 3.425e-05 3.445e-05 3.455e-05 3.37e-05 3.395e-05 3.66e-05 3.315e-05 3.115e-05 3.635e-05 3.395e-05 3.28e-05 3.73e-05 3.485e-05 3.305e-05 3.485e-05 3.375e-05 3.1e-05 3.29e-05 3.695e-05 3.44e-05 3.03e-05 3.395e-05 3.37e-05 3.655e-05 3.345e-05 3.075e-05 3.475e-05 3.505e-05 3.415e-05 3.425e-05 3.77e-05 3.685e-05 3.47e-05
16 3.86e-05 3.21e-05 3.84e-05 3.355e-05 3.82e-05 2.965e-05 2.65e-05 3.785e-05 3.365e-05 3.93e-05 3.985e-05 3.435e-05 3.875e-05 3.92e-05 3.325e-05 3.45e-05 5.27e-05 3.775e-05 4.005e-05 3.235e-05 3.11e-05 3.135e-05 3.83e-05 3.8e-05 3.175e-05 3.78e-05 3.2e-05 3.82e-05 3.83e-05 3.275e-05 2.935e-05 3.64e-05 3.395e-05 2.765e-05 3.87e-05 3.255e-05 3.85e-05 3.19e-05 3.825e-05 4.025e-05 3.21e-05 3.665e-05 3.75e-05 3.755e-05 3.495e-05 3.47e-05 3.715e-05 3.225e-05 2.66e-05 3.21e-05 3.205e-05 3.945e-05 2.99e-05 3.285e-05 3.785e-05 3.185e-05 2.655e-05 3.3e-05 3.705e-05 2.65e-05 3.835e-05 3.285e-05 3.225e-05 3.47e-05 2.8e-05 3.31e-05 2.765e-05 3.675e-05 2.64e-05 2.65e-05 3.625e-05 3.765e-05 3.76e-05 3.86e-05 3.52e-05 3.665e-05 3.53e-05 3.555e-05 2.915e-05 2.97e-05 2.835e-05 3.26e-05 3.455e-05 3.22e-05 2.795e-05 3.36e-05 3.505e-05 3.79e-05 3.815e-05 3.14e-05 3.935e-05 2.905e-05 3.19e-05 2.695e-05 3.63e-05 3.125e-05 3.83e-05 2.67e-05 2.77e-05 2.95e-05
17 2.325e-05 2.935e-05 2.335e-05 3.095e-05 2.295e-05 4.285e-05 3.785e-05 3.63e-05 3.15e-05 2.73e-05 2.435e-05 3.405e-05 2.47e-05 2.825e-05 3.32e-05 3.17e-05 3.775e-05 3.87e-05 2.89e-05 3.655e-05 3.975e-05 3.405e-05 2.635e-05 3.21e-05 3.255e-05 2.335e-05 2.51e-05 2.68e-05 2.485e-05 4.045e-05 3.75e-05 3.645e-05 3.64e-05 4.01e-05 2.525e-05 3.225e-05 2.315e-05 2.69e-05 2.48e-05 2.8e-05 3.45e-05 2.305e-05 3.72e-05 3.725e-05 3.185e-05 3.575e-05 2.69e-05 2.905e-05 3.765e-05 2.685e-05 3.445e-05 2.835e-05 3.57e-05 3.035e-05 2.47e-05 3.425e-05 4.525e-05 3.05e-05 3.87e-05 3.285e-05 2.695e-05 3.415e-05 3.465e-05 3.305e-05 4.215e-05 2.855e-05 4.39e-05 3.605e-05 3.77e-05 3.78e-05 3.255e-05 2.45e-05 3.715e-05 2.515e-05 3.21e-05 3.62e-05 3.5e-05 3.32e-05 4.28e-05 4.29e-05 3.485e-05 3.025e-05 3.495e-05 2.72e-05 3.47e-05 3.84e-05 3.135e-05 2.345e-05 2.685e-05 2.825e-05 2.96e-05 3.745e-05 2.69e-05 3.8e-05 3.69e-05 4.15e-05 2.69e-05 4.54e-05 4.395e-05 4.275e-05
18 1e-05 3.545e-05 1.21e-05 1.525e-05 2.67e-05 5.595e-05 4.015e-05 3.095e-05 3.645e-05 8.05e-06 1.12e-05 3.475e-05 9.5e-06 7.3e-06 3.595e-05 3.55e-05 4.005e-05 2.89e-05 1.28e-05 3.735e-05 5.505e-05 3.625e-05 1.08e-05 1.03e-05 3.57e-05 1.575e-05 1.67e-05 1.115e-05 1.19e-05 5.35e-05 3.905e-05 2.79e-05 3.115e-05 5.725e-05 1.23e-05 3.55e-05 9.9e-06 1.88e-05 1.185e-05 1.53e-05 3.725e-05 1.485e-05 3.37e-05 3.375e-05 3.46e-05 3.71e-05 1.475e-05 1.645e-05 3.995e-05 1.875e-05 3.72e-05 1.445e-05 3.8e-05 1.43e-05 1.12e-05 3.7e-05 5.84e-05 1.44e-05 5.25e-05 4.12e-05 1.13e-05 1.395e-05 3.74e-05 3.53e-05 5.75e-05 1.515e-05 5.705e-05 3.12e-05 4e-05 4.01e-05 3.165e-05 1.1e-05 3.405e-05 1.22e-05 3.48e-05 2.6e-05 3.085e-05 3.17e-05 3.95e-05 5.605e-05 3.935e-05 1.425e-05 3.27e-05 1.91e-05 3.92e-05 3.355e-05 1.52e-05 1.585e-05 1.13e-05 1.76e-05 1.15e-05 3.9e-05 1.88e-05 4.03e-05 3.29e-05 5.375e-05 1.125e-05 5.855e-05 5.71e-05 5.585e-05
19 3.76e-05 3.54e-05 3.6e-05 3.575e-05 3.66e-05 3.435e-05 3.245e-05 3.91e-05 3.325e-05 3.67e-05 3.89e-05 3.595e-05 3.655e-05 3.66e-05 3.32e-05 3.62e-05 3.235e-05 3.655e-05 3.735e-05 5.93e-05 3.545e-05 3.24e-05 3.605e-05 3.25e-05 3.28e-05 3.44e-05 3.595e-05 3.46e-05 3.59e-05 3.885e-05 3.495e-05 3.8e-05 3.37e-05 3.27e-05 3.63e-05 3.39e-05 3.75e-05 3.445e-05 3.585e-05 3.535e-05 3.205e-05 3.46e-05 3.89e-05 3.895e-05 3.63e-05 3.49e-05 3.075e-05 3.415e-05 3.225e-05 3.44e-05 3.2e-05 3.61e-05 3.72e-05 3.52e-05 3.68e-05 3.18e-05 2.985e-05 3.535e-05 3.815e-05 3.445e-05 3.475e-05 3.325e-05 3.2e-05 3.465e-05 3.095e-05 3.665e-05 3.095e-05 3.775e-05 3.23e-05 3.24e-05 3.86e-05 3.66e-05 3.9e-05 3.62e-05 3.655e-05 3.81e-05 3.68e-05 3.825e-05 3.325e-05 3.44e-05 3.365e-05 3.51e-05 3.49e-05 3.475e-05 3.35e-05 3.32e-05 3.725e-05 3.45e-05 3.465e-05 3.335e-05 3.525e-05 3.49e-05 3.445e-05 3.235e-05 3.725e-05 3.61e-05 3.47e-05 2.975e-05 3.1e-05 3.425e-05
20 5.67e-05 3.375e-05 5.75e-05 5.305e-05 3.905e-05 8.55e-06 3.12e-05 3.065e-05 3.24e-05 5.725e-05 5.72e-05 3.44e-05 5.775e-05 5.705e-05 3.445e-05 3.315e-05 3.11e-05 3.975e-05 5.505e-05 3.545e-05 9.8e-06 3.52e-05 5.735e-05 5.935e-05 3.285e-05 5.935e-05 5.355e-05 5.86e-05 5.78e-05 5.05e-06 2.925e-05 4.115e-05 3.35e-05 9e-06 5.82e-05 3.49e-05 5.66e-05 5.485e-05 5.775e-05 6e-05 3.585e-05 5.88e-05 3.325e-05 3.33e-05 3.22e-05 3.565e-05 5.825e-05 5.485e-05 3.1e-05 5.48e-05 3.58e-05 6e-05 2.805e-05 5.415e-05 5.745e-05 3.56e-05 1.2e-05 5.43e-05 1.435e-05 3.065e-05 5.875e-05 5.54e-05 3.6e-05 3.25e-05 8.45e-06 5.35e-05 1.055e-05 3.055e-05 3.105e-05 3.115e-05 3.105e-05 5.725e-05 3.375e-05 5.81e-05 3.24e-05 3.905e-05 3.23e-05 3.165e-05 3.205e-05 8.65e-06 2.775e-05 5.415e-05 3.035e-05 5.515e-05 2.76e-05 3.39e-05 5.335e-05 5.945e-05 5.875e-05 5.405e-05 5.725e-05 2.92e-05 5.485e-05 3.135e-05 3.225e-05 7.1e-06 5.87e-05 1.215e-05 1.06e-05 8.45e-06
21 3.485e-05 3.265e-05 3.47e-05 3.445e-05 3.44e-05 3.395e-05 3.145e-05 3.805e-05 3.385e-05 3.55e-05 3.605e-05 3.465e-05 3.505e-05 3.54e-05 3.365e-05 3.49e-05 3.135e-05 3.405e-05 3.625e-05 3.24e-05 3.52e-05 6.15e-05 3.46e-05 3.415e-05 3.235e-05 3.42e-05 3.285e-05 3.45e-05 3.46e-05 3.695e-05 3.39e-05 3.64e-05 3.425e-05 3.205e-05 3.5e-05 3.295e-05 3.475e-05 3.28e-05 3.455e-05 3.655e-05 3.25e-05 3.24e-05 3.75e-05 3.755e-05 3.525e-05 3.5e-05 3.335e-05 3.28e-05 3.12e-05 3.27e-05 3.245e-05 3.555e-05 3.47e-05 3.365e-05 3.35e-05 3.225e-05 3.095e-05 3.38e-05 3.71e-05 3.165e-05 3.465e-05 3.345e-05 3.245e-05 3.51e-05 3.22e-05 3.39e-05 3.205e-05 3.705e-05 3.13e-05 3.14e-05 3.645e-05 3.33e-05 3.755e-05 3.49e-05 3.55e-05 3.68e-05 3.56e-05 3.585e-05 3.365e-05 3.4e-05 3.275e-05 3.355e-05 3.48e-05 3.31e-05 3.265e-05 3.4e-05 3.555e-05 3.43e-05 3.455e-05 3.22e-05 3.55e-05 3.39e-05 3.28e-05 3.13e-05 3.645e-05 3.545e-05 3.46e-05 3.085e-05 3.21e-05 3.385e-05
22 7.6e-06 3.215e-05 8.65e-06 1.645e-05 2.425e-05 5.785e-05 3.84e-05 3.58e-05 3.39e-05 9.85e-06 1.07e-05 3.525e-05 1.045e-05 8.35e-06 3.375e-05 3.35e-05 3.83e-05 2.635e-05 1.08e-05 3.605e-05 5.735e-05 3.46e-05 1.09e-05 1.18e-05 3.455e-05 9.55e-06 1.355e-05 1.025e-05 7.45e-06 5.675e-05 3.975e-05 2.79e-05 3.45e-05 5.675e-05 7.8e-06 3.44e-05 7.55e-06 1.355e-05 7.4e-06 1.28e-05 3.43e-05 9.7e-06 3.635e-05 3.64e-05 3.295e-05 3.545e-05 1.295e-05 1.54e-05 3.82e-05 1.35e-05 3.425e-05 1.23e-05 3.755e-05 1.455e-05 8e-06 3.405e-05 5.895e-05 1.47e-05 5.485e-05 3.7e-05 1.04e-05 1.625e-05 3.445e-05 3.495e-05 5.845e-05 1.185e-05 5.835e-05 3.6e-05 3.825e-05 3.835e-05 3.275e-05 7.85e-06 3.655e-05 7.7e-06 3.32e-05 2.77e-05 3.435e-05 3.165e-05 4.115e-05 5.79e-05 3.8e-05 1.445e-05 3.495e-05 1.385e-05 3.785e-05 3.705e-05 1.64e-05 9.65e-06 1.03e-05 1.535e-05 1.405e-05 3.97e-05 1.355e-05 3.855e-05 3.65e-05 5.695e-05 1.035e-05 5.91e-05 5.84e-05 5.775e-05
23 1.325e-05 3.685e-05 1.4e-05 1.705e-05 2.985e-05 5.7e-05 3.81e-05 3.71e-05 3.64e-05 9.6e-06 1.59e-05 3.64e-05 1.065e-05 8.4e-06 3.425e-05 3.785e-05 3.8e-05 3.21e-05 1.03e-05 3.25e-05 5.935e-05 3.415e-05 1.18e-05 1.08e-05 3.47e-05 1.52e-05 1.92e-05 1.025e-05 1.31e-05 6.14e-05 4.04e-05 2.94e-05 2.935e-05 5.62e-05 1.35e-05 3.425e-05 1.315e-05 1.925e-05 1.305e-05 1.505e-05 3.395e-05 1.54e-05 3.755e-05 3.76e-05 3.81e-05 3.685e-05 1.275e-05 1.585e-05 3.79e-05 1.92e-05 3.39e-05 1.4e-05 4.275e-05 1.465e-05 1.375e-05 3.37e-05 5.26e-05 1.465e-05 5.605e-05 4.275e-05 1.04e-05 1.105e-05 3.4e-05 3.655e-05 5.495e-05 1.76e-05 5.285e-05 3.605e-05 3.795e-05 3.805e-05 3.76e-05 1.355e-05 3.78e-05 1.34e-05 3.835e-05 2.945e-05 3.31e-05 3.605e-05 3.74e-05 5.705e-05 4.055e-05 1.445e-05 3.42e-05 1.955e-05 4.04e-05 3.16e-05 1.825e-05 1.53e-05 1.025e-05 1.825e-05 1.32e-05 4.035e-05 1.925e-05 3.81e-05 3.645e-05 5.705e-05 1.025e-05 5.26e-05 5.29e-05 5.69e-05
24 3.46e-05 3.25e-05 3.415e-05 3.425e-05 3.31e-05 3.3e-05 3.185e-05 3.66e-05 3.255e-05 3.525e-05 3.645e-05 3.49e-05 3.47e-05 3.525e-05 3.24e-05 3.34e-05 3.175e-05 3.255e-05 3.57e-05 3.28e-05 3.285e-05 3.235e-05 3.455e-05 3.47e-05 5.95e-05 3.365e-05 3.285e-05 3.425e-05 3.44e-05 3.455e-05 3.3e-05 3.695e-05 3.305e-05 3.1e-05 3.48e-05 3.295e-05 3.45e-05 3.285e-05 3.435e-05 3.61e-05 3.26e-05 3.33e-05 3.695e-05 3.7e-05 3.39e-05 3.52e-05 3.38e-05 3.295e-05 3.19e-05 3.3e-05 3.255e-05 3.605e-05 3.37e-05 3.375e-05 3.45e-05 3.235e-05 3.145e-05 3.39e-05 3.57e-05 3.105e-05 3.44e-05 3.36e-05 3.27e-05 3.34e-05 3.13e-05 3.405e-05 3.12e-05 3.545e-05 3.175e-05 3.185e-05 3.51e-05 3.43e-05 3.715e-05 3.47e-05 3.415e-05 3.685e-05 3.415e-05 3.445e-05 3.435e-05 3.305e-05 3.205e-05 3.35e-05 3.185e-05 3.315e-05 3.17e-05 3.385e-05 3.575e-05 3.375e-05 3.42e-05 3.29e-05 3.615e-05 3.275e-05 3.285e-05 3.22e-05 3.575e-05 3.325e-05 3.435e-05 3.155e-05 3.125e-05 3.29e-05
25 1.085e-05 3.17e-05 6.05e-06 1.595e-05 2.615e-05 6.125e-05 3.79e-05 3.975e-05 3.01e-05 1.465e-05 1.18e-05 3.56e-05 1.285e-05 1.565e-05 3.17e-05 3.005e-05 3.78e-05 2.335e-05 1.575e-05 3.44e-05 5.935e-05 3.42e-05 9.55e-06 1.52e-05 3.365e-05 1.7e-06 1.04e-05 9.25e-06 7.35e-06 6.015e-05 3.86e-05 3.36e-05 3.965e-05 5.835e-05 7.9e-06 3.54e-05 1.075e-05 7.25e-06 7.45e-06 5.65e-06 3.185e-05 3.5e-06 3.985e-05 3.99e-05 3.055e-05 3.325e-05 7.95e-06 1.435e-05 3.77e-05 7.2e-06 3.185e-05 1e-05 3.705e-05 1.545e-05 1.01e-05 3.165e-05 6.235e-05 1.56e-05 5.755e-05 3.23e-05 9.25e-06 1.915e-05 3.2e-05 3.17e-05 6.045e-05 1.385e-05 6.21e-05 3.94e-05 3.775e-05 3.785e-05 3.615e-05 9.9e-06 3.98e-05 7.8e-06 3.08e-05 3.355e-05 3.825e-05 3.665e-05 4.295e-05 6.13e-05 3.61e-05 1.525e-05 3.78e-05 7.5e-06 3.595e-05 4.045e-05 1.645e-05 1.25e-06 9e-06 1.15e-05 1.435e-05 3.855e-05 7.25e-06 3.805e-05 3.935e-05 6.11e-05 9.35e-06 6.25e-05 6.215e-05 6.115e-05
26 1.055e-05 2.86e-05 1.09e-05 1.28e-05 2.82e-05 5.585e-05 3.21e-05 3.7e-05 3.175e-05 1.495e-05 1.195e-05 3.38e-05 1.285e-05 1.595e-05 3.335e-05 3.185e-05 3.2e-05 2.51e-05 1.67e-05 3.595e-05 5.355e-05 3.285e-05 1.355e-05 1.92e-05 3.285e-05 1.04e-05 1.33e-05 1.395e-05 1.22e-05 5.435e-05 3.265e-05 3.015e-05 3.69e-05 5.295e-05 1.26e-05 3.275e-05 1.045e-05 8.5e-06 1.215e-05 1.515e-05 3.395e-05 9.2e-06 3.725e-05 3.73e-05 3.22e-05 3.53e-05 1.315e-05 1.085e-05 3.215e-05 8.7e-06 3.39e-05 1.485e-05 3.085e-05 1.23e-05 1.14e-05 3.37e-05 5.735e-05 1.245e-05 5.595e-05 2.66e-05 1.41e-05 1.625e-05 3.41e-05 3.35e-05 5.505e-05 1.07e-05 5.67e-05 3.665e-05 3.195e-05 3.205e-05 3.34e-05 1.12e-05 3.72e-05 1.25e-05 3.245e-05 3e-05 3.55e-05 3.39e-05 3.74e-05 5.59e-05 3.015e-05 1.21e-05 3.65e-05 8.8e-06 2.975e-05 3.81e-05 1.355e-05 1.05e-05 1.39e-05 9.35e-06 1.57e-05 3.235e-05 8.5e-06 3.25e-05 3.675e-05 5.53e-05 1.405e-05 5.75e-05 5.675e-05 5.575e-05
27 1.06e-05 3.385e-05 9.8e-06 1.575e-05 2.69e-05 5.915e-05 3.83e-05 3.7e-05 3.335e-05 1e-05 1.265e-05 3.53e-05 9.8e-06 9.9e-06 3.325e-05 3.415e-05 3.82e-05 2.68e-05 1.115e-05 3.46e-05 5.86e-05 3.45e-05 1.025e-05 1.025e-05 3.425e-05 9.25e-06 1.395e-05 1.74e-05 9.95e-06 5.98e-05 3.925e-05 3.015e-05 3.305e-05 5.745e-05 1.025e-05 3.47e-05 1.05e-05 1.33e-05 9.85e-06 1.14e-05 3.39e-05 9.6e-06 3.765e-05 3.77e-05 3.425e-05 3.545e-05 1.075e-05 1.46e-05 3.81e-05 1.34e-05 3.375e-05 1.185e-05 3.92e-05 1.355e-05 1.085e-05 3.36e-05 5.85e-05 1.365e-05 5.6e-05 3.725e-05 9.05e-06 1.4e-05 3.405e-05 3.465e-05 5.795e-05 1.47e-05 5.785e-05 3.67e-05 3.815e-05 3.825e-05 3.555e-05 1.065e-05 3.775e-05 1.02e-05 3.435e-05 3.01e-05 3.405e-05 3.52e-05 4.035e-05 5.92e-05 3.785e-05 1.34e-05 3.57e-05 1.38e-05 3.77e-05 3.6e-05 1.62e-05 9.25e-06 8.95e-06 1.45e-05 1.3e-05 3.92e-05 1.345e-05 3.845e-05 3.73e-05 5.79e-05 8.8e-06 5.865e-05 5.79e-05 5.905e-05
28 7.8e-06 3.205e-05 7.45e-06 1.61e-05 2.415e-05 5.895e-05 3.84e-05 3.655e-05 3.295e-05 1.04e-05 1.04e-05 3.5e-05 1.06e-05 9.9e-06 3.345e-05 3.27e-05 3.83e-05 2.485e-05 1.19e-05 3.59e-05 5.78e-05 3.46e-05 7.45e-06 1.31e-05 3.44e-05 7.35e-06 1.22e-05 9.95e-06 1.4e-05 5.75e-05 3.94e-05 2.915e-05 3.595e-05 5.755e-05 7.6e-06 3.455e-05 7.65e-06 1.18e-05 7.1e-06 1.08e-05 3.395e-05 7.95e-06 3.72e-05 3.725e-05 3.23e-05 3.51e-05 1.135e-05 1.47e-05 3.82e-05 1.175e-05 3.395e-05 1.175e-05 3.72e-05 1.455e-05 8.1e-06 3.375e-05 6.04e-05 1.47e-05 5.56e-05 3.555e-05 9.95e-06 1.69e-05 3.41e-05 3.43e-05 5.925e-05 1.195e-05 5.98e-05 3.675e-05 3.825e-05 3.835e-05 3.295e-05 7.85e-06 3.73e-05 7.5e-06 3.255e-05 2.885e-05 3.545e-05 3.285e-05 4.175e-05 5.9e-05 3.735e-05 1.445e-05 3.59e-05 1.205e-05 3.72e-05 3.815e-05 1.605e-05 7.6e-06 9.85e-06 1.39e-05 1.37e-05 3.935e-05 1.18e-05 3.855e-05 3.715e-05 5.805e-05 1.005e-05 6.055e-05 5.985e-05 5.885e-05
29 5.64e-05 3.445e-05 5.73e-05 5.335e-05 3.865e-05 7.45e-06 3.285e-05 2.725e-05 3.525e-05 5.745e-05 5.535e-05 3.4e-05 5.895e-05 5.715e-05 3.615e-05 3.205e-05 3.275e-05 4.045e-05 5.35e-05 3.885e-05 5.05e-06 3.695e-05 5.675e-05 6.14e-05 3.455e-05 6.015e-05 5.435e-05 5.98e-05 5.75e-05 4e-07 2.97e-05 4.095e-05 3.56e-05 1.055e-05 5.79e-05 3.655e-05 5.63e-05 5.565e-05 5.745e-05 5.97e-05 3.75e-05 5.97e-05 3.145e-05 3.15e-05 3.03e-05 3.525e-05 6.22e-05 5.65e-05 3.265e-05 5.56e-05 3.745e-05 6.09e-05 2.615e-05 5.535e-05 5.725e-05 3.725e-05 1.45e-05 5.55e-05 1.255e-05 3.145e-05 5.995e-05 5.745e-05 3.765e-05 3.265e-05 1.215e-05 5.32e-05 1.31e-05 2.815e-05 3.27e-05 3.28e-05 2.815e-05 5.705e-05 3.19e-05 5.78e-05 3.03e-05 3.74e-05 3.16e-05 2.945e-05 3.25e-05 7.6e-06 3.06e-05 5.535e-05 3.005e-05 5.595e-05 3.045e-05 3.505e-05 5.285e-05 6.025e-05 5.995e-05 5.625e-05 5.81e-05 2.965e-05 5.565e-05 3.3e-05 3.005e-05 5.65e-06 5.99e-05 1.465e-05 1.315e-05 7.35e-06
30 3.905e-05 3.4e-05 3.88e-05 3.28e-05 3.865e-05 3.025e-05 2.945e-05 3.485e-05 3.385e-05 3.995e-05 3.91e-05 3.5e-05 3.915e-05 4.03e-05 3.43e-05 3.35e-05 2.935e-05 3.75e-05 3.905e-05 3.495e-05 2.925e-05 3.39e-05 3.975e-05 4.04e-05 3.3e-05 3.86e-05 3.265e-05 3.925e-05 3.94e-05 2.97e-05 5.48e-05 3.745e-05 3.5e-05 2.945e-05 3.98e-05 3.455e-05 3.895e-05 3.32e-05 3.935e-05 3.995e-05 3.475e-05 3.765e-05 3.64e-05 3.645e-05 3.395e-05 3.585e-05 3.82e-05 3.325e-05 2.92e-05 3.29e-05 3.47e-05 4.04e-05 2.915e-05 3.415e-05 3.89e-05 3.45e-05 3.08e-05 3.43e-05 3.61e-05 2.82e-05 3.94e-05 3.45e-05 3.485e-05 3.345e-05 2.98e-05 3.445e-05 3.03e-05 3.37e-05 2.93e-05 2.94e-05 3.485e-05 3.87e-05 3.665e-05 3.97e-05 3.42e-05 3.615e-05 3.43e-05 3.46e-05 3.09e-05 3.03e-05 2.82e-05 3.395e-05 3.295e-05 3.35e-05 2.84e-05 3.42e-05 3.375e-05 3.87e-05 3.92e-05 3.27e-05 3.875e-05 2.78e-05 3.32e-05 2.93e-05 3.36e-05 3.025e-05 3.935e-05 3.09e-05 3.035e-05 3.015e-05
31 2.71e-05 3.52e-05 3.01e-05 3.08e-05 3.385e-05 4.13e-05 3.65e-05 3.535e-05 3.765e-05 2.715e-05 2.94e-05 3.625e-05 2.845e-05 2.585e-05 3.725e-05 3.785e-05 3.64e-05 3.645e-05 2.79e-05 3.8e-05 4.115e-05 3.64e-05 2.79e-05 2.94e-05 3.695e-05 3.36e-05 3.015e-05 3.015e-05 2.915e-05 4.095e-05 3.745e-05 4.87e-05 3.38e-05 4.115e-05 2.95e-05 3.59e-05 2.705e-05 3.235e-05 2.91e-05 3.455e-05 3.77e-05 3.22e-05 3.29e-05 3.295e-05 3.71e-05 3.835e-05 3.285e-05 3.025e-05 3.63e-05 3.23e-05 3.765e-05 2.88e-05 3.64e-05 2.915e-05 2.81e-05 3.745e-05 4.165e-05 2.93e-05 4.02e-05 3.745e-05 3.03e-05 2.92e-05 3.785e-05 3.82e-05 4.15e-05 2.825e-05 4.115e-05 3.57e-05 3.635e-05 3.645e-05 3.43e-05 2.795e-05 3.375e-05 2.94e-05 3.735e-05 2.7e-05 3.45e-05 3.36e-05 3.7e-05 4.135e-05 3.645e-05 2.915e-05 3.59e-05 3.265e-05 3.63e-05 3.6e-05 3.06e-05 3.37e-05 3.03e-05 3.14e-05 3.055e-05 3.74e-05 3.235e-05 3.665e-05 3.6e-05 4.02e-05 3.025e-05 4.18e-05 4.12e-05 4.12e-05
32 3.42e-05 3.58e-05 3.655e-05 3.49e-05 3.42e-05 3.28e-05 3.405e-05 3.465e-05 3.58e-05 3.05e-05 3.75e-05 3.545e-05 3.155e-05 2.935e-05 3.325e-05 3.725e-05 3.395e-05 3.64e-05 3.115e-05 3.37e-05 3.35e-05 3.425e-05 3.45e-05 2.935e-05 3.305e-05 3.965e-05 3.69e-05 3.305e-05 3.595e-05 3.56e-05 3.5e-05 3.38e-05 5.26e-05 3.2e-05 3.635e-05 3.34e-05 3.41e-05 3.885e-05 3.59e-05 3.95e-05 3.5e-05 3.9e-05 3.58e-05 3.585e-05 3.755e-05 3.765e-05 3.635e-05 3.385e-05 3.385e-05 3.88e-05 3.495e-05 3.75e-05 3.71e-05 3.235e-05 3.55e-05 3.475e-05 3e-05 3.245e-05 3.57e-05 3.795e-05 3.32e-05 2.91e-05 3.515e-05 3.59e-05 3.07e-05 3.535e-05 2.82e-05 3.375e-05 3.39e-05 3.4e-05 3.515e-05 3.53e-05 3.605e-05 3.625e-05 3.78e-05 3.355e-05 3.06e-05 3.36e-05 3.34e-05 3.285e-05 3.485e-05 3.22e-05 3.175e-05 3.915e-05 3.47e-05 3.09e-05 3.595e-05 3.975e-05 3.31e-05 3.675e-05 3.53e-05 3.495e-05 3.885e-05 3.42e-05 3.495e-05 3.095e-05 3.315e-05 3.015e-05 2.81e-05 3.27e-05
33 5.71e-05 3.185e-05 5.795e-05 5.35e-05 3.975e-05 8.45e-06 2.775e-05 3.545e-05 3.305e-05 5.755e-05 5.9e-05 3.425e-05 5.725e-05 5.69e-05 3.285e-05 3.39e-05 2.765e-05 4.01e-05 5.725e-05 3.27e-05 9e-06 3.205e-05 5.675e-05 5.62e-05 3.1e-05 5.835e-05 5.295e-05 5.745e-05 5.755e-05 1.055e-05 2.945e-05 4.115e-05 3.2e-05 1.23e-05 5.795e-05 3.21e-05 5.7e-05 5.36e-05 5.75e-05 6.08e-05 3.24e-05 5.785e-05 3.55e-05 3.555e-05 3.415e-05 3.5e-05 5.835e-05 5.295e-05 2.75e-05 5.355e-05 3.235e-05 5.905e-05 3e-05 5.3e-05 5.75e-05 3.215e-05 6.3e-06 5.315e-05 1.645e-05 2.925e-05 5.76e-05 5.275e-05 3.255e-05 3.375e-05 6.85e-06 5.325e-05 6.75e-06 3.42e-05 2.76e-05 2.77e-05 3.445e-05 5.73e-05 3.6e-05 5.785e-05 3.45e-05 4.11e-05 3.315e-05 3.34e-05 3.01e-05 8.4e-06 2.84e-05 5.28e-05 3.14e-05 5.39e-05 2.825e-05 3.215e-05 5.48e-05 5.845e-05 5.74e-05 5.345e-05 5.9e-05 2.94e-05 5.36e-05 2.79e-05 3.485e-05 9.25e-06 5.755e-05 6.45e-06 6.8e-06 8.35e-06
34 8.15e-06 3.245e-05 7.85e-06 1.65e-05 2.45e-05 5.935e-05 3.88e-05 3.695e-05 3.3e-05 1.08e-05 1.08e-05 3.555e-05 1.1e-05 1.025e-05 3.38e-05 3.325e-05 3.87e-05 2.525e-05 1.23e-05 3.63e-05 5.82e-05 3.5e-05 7.8e-06 1.35e-05 3.48e-05 7.9e-06 1.26e-05 1.025e-05 7.6e-06 5.79e-05 3.98e-05 2.95e-05 3.635e-05 5.795e-05 1.48e-05 3.495e-05 8.1e-06 1.21e-05 7.5e-06 1.135e-05 3.44e-05 8.3e-06 3.76e-05 3.765e-05 3.265e-05 3.515e-05 1.175e-05 1.51e-05 3.86e-05 1.21e-05 3.4e-05 1.21e-05 3.76e-05 1.495e-05 8.45e-06 3.41e-05 6.08e-05 1.51e-05 5.6e-05 3.595e-05 1.05e-05 1.73e-05 3.455e-05 3.47e-05 5.965e-05 1.23e-05 6.02e-05 3.715e-05 3.865e-05 3.875e-05 3.335e-05 8.3e-06 3.77e-05 7.8e-06 3.285e-05 2.92e-05 3.585e-05 3.32e-05 4.215e-05 5.94e-05 3.775e-05 1.485e-05 3.63e-05 1.25e-05 3.76e-05 3.855e-05 1.645e-05 7.65e-06 1.04e-05 1.43e-05 1.41e-05 3.975e-05 1.215e-05 3.895e-05 3.755e-05 5.845e-05 1.035e-05 6.095e-05 6.025e-05 5.925e-05
35 3.31e-05 3.205e-05 3.44e-05 3.465e-05 3.36e-05 3.405e-05 3.265e-05 3.73e-05 3.45e-05 3.42e-05 3.435e-05 3.48e-05 3.275e-05 3.405e-05 3.41e-05 3.535e-05 3.255e-05 3.225e-05 3.55e-05 3.39e-05 3.49e-05 3.295e-05 3.44e-05 3.425e-05 3.295e-05 3.54e-05 3.275e-05 3.47e-05 3.455e-05 3.655e-05 3.455e-05 3.59e-05 3.34e-05 3.21e-05 3.495e-05 6.29e-05 3.3e-05 3.44e-05 3.45e-05 3.785e-05 3.355e-05 3.465e-05 3.75e-05 3.755e-05 3.58e-05 3.62e-05 3.505e-05 3.275e-05 3.245e-05 3.435e-05 3.355e-05 3.65e-05 3.535e-05 3.395e-05 3.42e-05 3.33e-05 3.165e-05 3.41e-05 3.73e-05 3.335e-05 3.485e-05 3.37e-05 3.375e-05 3.525e-05 3.245e-05 3.395e-05 3.21e-05 3.62e-05 3.25e-05 3.26e-05 3.55e-05 3.4e-05 3.76e-05 3.485e-05 3.605e-05 3.595e-05 3.475e-05 3.475e-05 3.5e-05 3.415e-05 3.355e-05 3.375e-05 3.435e-05 3.47e-05 3.34e-05 3.37e-05 3.59e-05 3.55e-05 3.465e-05 3.385e-05 3.615e-05 3.45e-05 3.44e-05 3.28e-05 3.63e-05 3.505e-05 3.48e-05 3.18e-05 3.21e-05 3.4e-05
36 4.6e-06 3.025e-05 7.6e-06 1.5e-05 2.275e-05 5.84e-05 3.86e-05 3.47e-05 3.415e-05 7.85e-06 7.95e-06 3.44e-05 7.75e-06 7.35e-06 3.465e-05 3.405e-05 3.85e-05 2.315e-05 9.9e-06 3.75e-05 5.66e-05 3.475e-05 7.55e-06 1.315e-05 3.45e-05 1.075e-05 1.045e-05 1.05e-05 7.65e-06 5.63e-05 3.895e-05 2.705e-05 3.41e-05 5.7e-05 8.1e-06 3.3e-05 8.8e-06 1.375e-05 7.55e-06 1.42e-05 3.585e-05 9.85e-06 3.575e-05 3.58e-05 3.35e-05 3.695e-05 1.295e-05 1.295e-05 3.84e-05 1.37e-05 3.58e-05 1.27e-05 3.675e-05 1.345e-05 6.9e-06 3.56e-05 6.05e-05 1.36e-05 5.485e-05 3.615e-05 1.065e-05 1.58e-05 3.6e-05 3.515e-05 5.87e-05 1.08e-05 5.925e-05 3.49e-05 3.845e-05 3.855e-05 3.105e-05 6.65e-06 3.585e-05 8e-06 3.375e-05 2.645e-05 3.36e-05 3.095e-05 4.195e-05 5.845e-05 3.69e-05 1.335e-05 3.495e-05 1.405e-05 3.675e-05 3.695e-05 1.495e-05 1.085e-05 1.055e-05 1.41e-05 1.26e-05 3.89e-05 1.375e-05 3.875e-05 3.57e-05 5.685e-05 1.06e-05 6.065e-05 5.93e-05 5.83e-05
37 1.385e-05 3.05e-05 1.085e-05 1.4e-05 2.97e-05 5.65e-05 3.2e-05 3.895e-05 3.055e-05 1.76e-05 1.45e-05 3.465e-05 1.58e-05 1.86e-05 3.22e-05 3.075e-05 3.19e-05 2.69e-05 1.88e-05 3.445e-05 5.485e-05 3.28e-05 1.355e-05 1.925e-05 3.285e-05 7.25e-06 8.5e-06 1.33e-05 1.18e-05 5.565e-05 3.32e-05 3.235e-05 3.885e-05 5.36e-05 1.21e-05 3.44e-05 1.375e-05 1.29e-05 1.17e-05 1.2e-05 3.22e-05 7.35e-06 3.88e-05 3.885e-05 3.105e-05 3.345e-05 1.165e-05 1.27e-05 3.205e-05 6.8e-06 3.205e-05 1.395e-05 3.14e-05 1.35e-05 1.27e-05 3.19e-05 5.735e-05 1.365e-05 5.68e-05 2.61e-05 1.365e-05 1.745e-05 3.235e-05 3.275e-05 5.57e-05 1.195e-05 5.735e-05 3.86e-05 3.185e-05 3.195e-05 3.54e-05 1.25e-05 3.875e-05 1.205e-05 3.115e-05 3.25e-05 3.745e-05 3.59e-05 3.73e-05 5.655e-05 3.07e-05 1.33e-05 3.755e-05 6.95e-06 3.03e-05 3.94e-05 1.475e-05 7.25e-06 1.345e-05 9.25e-06 1.69e-05 3.29e-05 6.6e-06 3.24e-05 3.83e-05 5.66e-05 1.34e-05 5.75e-05 5.74e-05 5.64e-05
38 7.75e-06 3.2e-05 7.4e-06 1.605e-05 2.41e-05 5.89e-05 3.835e-05 3.65e-05 3.285e-05 1.035e-05 1.035e-05 3.51e-05 1.055e-05 9.85e-06 3.335e-05 3.28e-05 3.825e-05 2.48e-05 1.185e-05 3.585e-05 5.775e-05 3.455e-05 7.4e-06 1.305e-05 3.435e-05 7.45e-06 1.215e-05 9.85e-06 7.1e-06 5.745e-05 3.935e-05 2.91e-05 3.59e-05 5.75e-05 7.5e-06 3.45e-05 7.55e-06 1.17e-05 1.39e-05 1.09e-05 3.395e-05 7.85e-06 3.715e-05 3.72e-05 3.22e-05 3.5e-05 1.13e-05 1.465e-05 3.815e-05 1.165e-05 3.385e-05 1.165e-05 3.715e-05 1.45e-05 8.05e-06 3.365e-05 6.035e-05 1.465e-05 5.555e-05 3.55e-05 1.005e-05 1.685e-05 3.41e-05 3.425e-05 5.92e-05 1.19e-05 5.975e-05 3.67e-05 3.82e-05 3.83e-05 3.29e-05 7.8e-06 3.725e-05 7.4e-06 3.245e-05 2.88e-05 3.54e-05 3.28e-05 4.17e-05 5.895e-05 3.73e-05 1.44e-05 3.585e-05 1.205e-05 3.715e-05 3.81e-05 1.6e-05 7.5e-06 9.95e-06 1.385e-05 1.365e-05 3.93e-05 1.17e-05 3.85e-05 3.71e-05 5.8e-05 9.95e-06 6.05e-05 5.98e-05 5.88e-05
39 1.43e-05 3.645e-05 9.5e-06 1.715e-05 2.95e-05 6.11e-05 4.035e-05 3.725e-05 3.335e-05 1.55e-05 1.395e-05 3.57e-05 1.5e-05 1.65e-05 3.415e-05 3.255e-05 4.025e-05 2.8e-05 1.53e-05 3.535e-05 6e-05 3.655e-05 1.28e-05 1.505e-05 3.61e-05 5.65e-06 1.515e-05 1.14e-05 1.08e-05 5.97e-05 3.995e-05 3.455e-05 3.95e-05 6.08e-05 1.135e-05 3.785e-05 1.42e-05 1.2e-05 1.09e-05 1.12e-05 3.43e-05 8.15e-06 3.95e-05 3.955e-05 3.27e-05 3.335e-05 9.65e-06 1.68e-05 4.015e-05 1.195e-05 3.43e-05 1.225e-05 3.92e-05 1.76e-05 1.345e-05 3.41e-05 6.25e-05 1.775e-05 5.72e-05 3.705e-05 1.14e-05 1.91e-05 3.445e-05 3.31e-05 6.14e-05 1.73e-05 6.225e-05 3.8e-05 4.02e-05 4.03e-05 3.7e-05 1.325e-05 3.945e-05 1.125e-05 3.295e-05 3.235e-05 3.815e-05 3.785e-05 4.075e-05 6.115e-05 3.935e-05 1.75e-05 3.805e-05 1.225e-05 3.92e-05 3.935e-05 1.655e-05 6e-06 1.125e-05 1.47e-05 1.29e-05 3.99e-05 1.2e-05 4.05e-05 3.81e-05 6.065e-05 1.15e-05 6.265e-05 6.23e-05 6.1e-05
