 slim_337498466 slim_337498504 slim_337498423 slim_337498428 slim_337498205 slim_337498435 slim_337498485 slim_337498316 slim_337498500 slim_337498495 slim_337498496 slim_337498375 slim_337498493 slim_337498444 slim_337498281 slim_337498319 slim_337498384 slim_337498437 slim_337498415 slim_337498060 slim_337498457 slim_337498377 slim_337498339 slim_337498468 slim_337498343 slim_337498440 slim_337498394 slim_337498224 slim_337498362 slim_337498470 slim_337498452 slim_337498456 slim_337498122 slim_337498368 slim_337498349 slim_337498429 slim_337498421 slim_337498411 slim_337498487 slim_337498489 slim_337498359 slim_337498441 slim_337498498 slim_337498460 slim_337498461 slim_337498445 slim_337498325 slim_337498420 slim_337498083 slim_337498478 slim_337498479 slim_337498491 slim_337498453 slim_337498282 slim_337498348 slim_337498464 slim_337498490 slim_337498335 slim_337498378 slim_337498370 slim_337498286 slim_337498324 slim_337498474 slim_337498298 slim_337498501 slim_337498369 slim_337498497 slim_337498503 slim_337498434 slim_337498305 slim_337498344 slim_337498389 slim_337498291 slim_337498467 slim_337498372 slim_337498472 slim_337498338 slim_337498427 slim_337498317 slim_337498492 slim_337498363 slim_337498194 slim_337498486 slim_337498475 slim_337498213 slim_337498416 slim_337498146 slim_337498450 slim_337498211 slim_337498473 slim_337498446 slim_337498243 slim_337498477 slim_337498459 slim_337498401 slim_337498431 slim_337498432 slim_337498442 slim_337498462 slim_337498358
0 0.0001309 0.0001723 6.665e-05 0.0001507 0.0001693 0.0003176 0.0001827 0.00011755 6.555e-05 0.00015865 0.00016015 0.0002889 0.0001751 9.42e-05 0.0001972 0.00019 0.0001573 0.00019485 0.0002417 0.00024535 0.00014275 0.0002343 0.00017225 0.00013605 0.0001897 0.00020075 0.00023155 0.00019435 0.0002375 0.0002263 0.00017255 0.00015135 0.00018345 0.0001602 0.00024175 0.0002197 6.555e-05 0.0002504 0.0002281 0.00013615 0.00017885 0.00019425 0.00028825 0.0001976 0.00023695 0.00012025 0.00022055 6.565e-05 0.0002965 6.765e-05 0.00026115 0.00026645 0.00016435 0.0001031 0.0001177 0.00019435 0.0001177 0.0001713 0.0001713 0.0002121 9.52e-05 0.00014635 0.0001896 0.0001425 0.0002489 0.0002111 0.0001714 0.0001944 0.0002278 0.00019555 0.00019075 0.00014625 0.00011745 0.0002536 0.0002567 0.00019465 0.00015745 0.0001761 0.0002117 0.0001947 0.0001176 0.00021955 0.00021955 0.00013515 0.00018255 0.000135 0.00020965 0.00011765 0.00020205 0.00018255 0.00020195 0.00018225 0.00026135 0.0001695 0.00011845 0.00028625 0.000224 0.00024155 0.00021215 0.00015985
1 0.0001723 0.0002245 0.00016285 0.00021 0.0001687 0.0002114 0.00012515 0.0001634 0.00017595 0.00014005 0.00019365 0.00020275 0.0001836 0.0002179 0.00017035 0.0001763 0.00013955 0.00014705 0.00016335 0.0002272 0.0001594 0.0001622 0.00020235 0.00019395 0.0002105 0.0001862 0.0001692 0.00014645 0.0002262 0.0001352 0.00017975 0.0002109 0.00027055 0.00019355 0.0001634 0.0001427 0.00017585 0.00024325 0.0001838 0.00018705 0.00026545 0.00014645 0.00022615 0.00012855 0.0001767 0.00017935 0.0001435 0.0001724 0.0001915 0.00014975 0.0002098 0.0001617 0.0002087 0.0001486 0.0001636 0.00014645 0.00016355 0.0002013 0.00020135 0.00012115 0.0002048 0.0001457 0.0001632 0.00015915 0.0001272 0.00024265 0.0002014 0.0001466 0.0001317 0.0001478 0.00021775 0.0002055 0.00015975 0.00022895 0.0001921 0.00014685 0.0001398 0.00019625 0.00018075 0.0001469 0.00016345 0.00012115 0.00014245 0.0001539 0.0001357 0.000207 0.00013545 0.0001635 0.00021125 0.0001356 0.00021115 0.00020115 0.00016885 0.0001509 0.0001502 0.00020545 0.0001316 0.0001753 0.0001212 0.00019335
2 6.665e-05 0.00016285 4.03e-05 0.0001509 0.0001428 0.0003088 0.00017285 9.07e-05 2.035e-05 0.00014985 0.0001328 0.00028025 0.00016565 7.62e-05 0.00016975 0.00018055 0.0001482 0.0001859 0.0002333 0.0002363 0.00011535 0.00022485 0.00017205 0.00010775 0.0001807 0.00020045 0.00018625 0.0001853 0.00021075 0.00021725 0.0001635 0.0001497 0.0002098 0.00013285 0.00023335 0.0002102 2.025e-05 0.00026865 0.0002194 0.00011485 0.0002055 0.0001853 0.00027955 0.00018795 0.0002275 9.315e-05 0.00021095 6.675e-05 0.0002871 2.015e-05 0.0002525 0.000257 0.0001372 7.595e-05 9.09e-05 0.0001853 9.085e-05 0.00017115 0.0001711 0.00020235 7.615e-05 0.0001376 0.00018095 0.0001151 0.0002392 0.0001845 0.00017125 0.00018545 0.00021805 0.0001866 0.00020885 0.0001466 0.000137 0.00022695 0.0002738 0.0001857 0.00014835 0.00014885 0.0002029 0.00018575 9.075e-05 0.00020965 0.00020995 0.00010795 0.0001729 0.0001078 0.0002006 9.08e-05 0.0002198 0.0001728 0.0002197 0.00018135 0.00025195 0.0001611 9.05e-05 0.00027695 0.00021495 0.00023215 0.0002024 0.0001326
3 0.0001507 0.00021 0.0001509 0.0002594 0.00013045 0.0003248 0.00017635 0.0001496 0.00016905 0.0001353 0.0002307 0.00029085 0.00018625 0.00014985 0.00019945 0.00020375 0.00013555 0.0001923 0.00021955 0.00026565 0.0002113 0.0002533 0.0001919 0.0001823 0.0002041 0.0002044 0.00021805 0.00019155 0.0002393 0.0002081 0.00018165 0.00014755 0.000146 0.00023065 0.00021945 0.00025345 0.00016895 0.00026975 0.00021525 0.0001824 0.000146 0.00019165 0.00031255 0.0002145 0.0002726 0.00017265 0.00025315 0.0001508 0.0003103 0.0001327 0.00025535 0.00028505 0.00018125 0.0001502 0.00015005 0.0001915 0.0001497 0.00019205 0.00019205 0.0002093 0.0001316 0.00016065 0.00017465 0.0002111 0.0002655 0.0002702 0.00019215 0.00019165 0.000246 0.00019185 0.00021135 0.00013065 0.0001312 0.00024315 0.00022015 0.00019165 0.0001352 0.0002344 0.00021115 0.0001921 0.0001498 0.000212 0.00025325 0.0001352 0.00019685 0.00020045 0.000186 0.00014995 0.00014605 0.0001968 0.00014625 0.0001777 0.0002693 0.00012995 0.0001315 0.0003169 0.0002041 0.00025505 0.00020935 0.0002304
4 0.0001693 0.0001687 0.0001428 0.00013045 3.87e-05 0.00025805 9.675e-05 9.01e-05 0.000161 3.9e-05 0.0001897 0.00020185 0.0001065 0.00017145 0.0001103 0.00012595 4.14e-05 0.0001016 0.0001256 0.00017665 0.00017165 0.0001794 0.0001808 0.0001375 0.00010995 0.0001927 0.00013085 0.00010065 0.00014915 0.00011725 9.985e-05 0.0001604 0.00021865 0.00018965 0.0001254 0.0001821 0.0001609 0.0002564 0.000112 0.0001376 0.0001885 0.000101 0.0002474 0.0001417 0.0001999 0.0001152 0.0001807 0.0001694 0.00023255 0.00012455 0.0001599 0.00021075 0.0001079 0.0001051 9.105e-05 0.00010055 9.045e-05 0.00018195 0.00018195 0.00013295 0.00015315 8.345e-05 6.94e-05 0.00017135 0.00019245 0.00023675 0.00018205 0.00010085 0.00017455 0.0001001 0.0001982 0.00010125 9.86e-05 0.0001417 0.00019975 0.00010095 4.095e-05 0.0001821 0.00011925 0.00010145 9.075e-05 0.00013085 0.0001818 6.29e-05 0.0001222 0.0001557 9.035e-05 9.095e-05 0.00010775 0.00012205 0.00010825 0.0001897 0.0001853 1.975e-05 7.24e-05 0.0002409 0.00011155 0.000177 0.000133 0.0001894
5 0.0003176 0.0002114 0.0003088 0.0003248 0.00025805 0.0002976 0.0002369 0.0002748 0.00030905 0.0002437 0.00025315 0.00019085 0.0002495 0.0003493 0.0002187 0.00021985 0.00024455 0.0002013 0.00021245 0.0002089 0.00023535 0.00017315 0.00027555 0.00027875 0.00024485 0.0002698 0.00019235 0.00020065 0.0002413 0.00019975 0.00024445 0.00033325 0.0003835 0.000253 0.0002125 0.00016155 0.00030895 0.0002711 0.0002049 0.00027185 0.00037335 0.0002007 0.0001553 0.0001761 0.000179 0.00027485 0.00016125 0.0003177 0.0002076 0.0003085 0.0002334 0.0001734 0.00027715 0.00027445 0.000275 0.00020065 0.0002749 0.00027555 0.0002756 0.0001994 0.000349 0.0002287 0.0002154 0.00023515 0.00015535 0.0002289 0.00027565 0.00020085 0.0001605 0.000201 0.0002737 0.00031515 0.0002833 0.0002274 0.00025385 0.0002011 0.0002451 0.0002391 0.0002185 0.00020115 0.0002748 0.0002237 0.00016125 0.0002775 0.0002056 0.000279 0.0002164 0.0002749 0.00029905 0.00020545 0.00029895 0.00031565 0.00016455 0.00024055 0.0002744 0.00019375 0.0001952 0.0001995 0.00019945 0.00025285
6 0.0001827 0.00012515 0.00017285 0.00017635 9.675e-05 0.0002369 9.39e-05 0.000135 0.0001916 6.445e-05 0.00020065 0.0002168 0.00012315 0.0002285 0.000139 0.00014855 6.265e-05 0.0001163 0.0001441 0.00021315 0.0001727 0.00016535 0.00021065 0.0001767 0.00015965 0.00019355 0.00017355 0.0001155 0.00018615 9.945e-05 0.00012415 0.0001731 0.0002332 0.0002004 0.00014415 0.0001537 0.0001915 0.00026575 0.0001529 0.0001698 0.00022855 0.0001157 0.0002531 0.0001257 0.00018115 0.00015575 0.00015435 0.0001828 0.0001762 0.00015405 0.00017435 0.00016545 0.0001788 0.00012025 0.0001352 0.0001155 0.0001351 0.00020955 0.0002096 8.415e-05 0.0002097 0.0001099 0.000124 0.0001725 0.0001371 0.0002719 0.00020965 0.00011585 0.0001368 0.0001171 0.0002176 0.000172 0.00012605 0.0001951 0.00015675 0.0001161 6.25e-05 0.00020945 0.00014365 0.00011615 0.000135 4.695e-05 0.00015325 0.0001027 0.00010025 0.00019545 7.815e-05 0.0001351 0.00013505 9.985e-05 0.00013495 0.00016675 0.000174 7.84e-05 0.0001161 0.00021175 9.995e-05 0.0001605 8.42e-05 0.00020035
7 0.00011755 0.0001634 9.07e-05 0.0001496 9.01e-05 0.0002748 0.000135 0.0001793 8.985e-05 9.455e-05 0.00015175 0.00023225 0.000127 0.00013245 0.0001402 0.0001445 9.485e-05 0.0001362 0.00017945 0.0001885 0.00013565 0.0001933 0.0001781 0.00012315 0.00012695 0.00020595 0.00017735 0.0001355 0.00017975 0.0001674 0.0001224 0.00016465 0.0002234 0.00015175 0.00017935 0.0001813 8.975e-05 0.00025335 0.00015665 0.00012325 0.0002059 0.00013555 0.00024715 0.00015775 0.00019725 9.445e-05 0.0001811 0.00011765 0.00025105 9.155e-05 0.00019675 0.00022505 0.00012275 8.99e-05 9.04e-05 0.0001354 9.005e-05 0.0001782 0.0001782 0.00016795 0.00013325 0.000101 0.00011605 0.0001354 0.0002088 0.0002013 0.0001783 0.00013555 0.0001893 0.0001358 0.0001942 0.00013285 0.0001176 0.00018435 0.00023715 0.00013575 9.445e-05 0.0001562 0.0001518 0.000136 9.02e-05 0.00017065 0.00018115 9.45e-05 0.0001401 0.00012225 0.0001453 9.03e-05 0.00016365 0.0001401 0.0001639 0.0001948 0.00021005 9.005e-05 9.09e-05 0.0002423 0.00016335 0.0001958 0.000168 0.00015145
8 6.555e-05 0.00017595 2.035e-05 0.00016905 0.000161 0.00030905 0.0001916 8.985e-05 5e-07 0.00016795 0.00011345 0.00028015 0.00016585 7.52e-05 0.00016995 0.00018075 0.0001667 0.00018885 0.0002515 0.00021795 9.915e-05 0.0002247 0.0001749 0.0001086 0.0001623 0.0002188 0.00020475 0.0001884 0.00021015 0.0002357 0.0001633 0.0001687 0.00022795 0.0001135 0.00025155 0.0001979 2.5e-07 0.0002684 0.00021935 0.0001157 0.0002236 0.00018825 0.0002643 0.0001912 0.000212 7.4e-05 0.0001988 6.575e-05 0.00028725 4.025e-05 0.0002524 0.00025685 0.0001374 7.5e-05 9e-05 0.0001884 8.99e-05 0.000174 0.00017395 0.0002211 9.505e-05 0.00013675 0.00018085 9.9e-05 0.00024255 0.00016535 0.0001741 0.0001884 0.00022145 0.00018955 0.0002083 0.0001647 0.00015505 0.0002267 0.00029225 0.00018865 0.00016685 0.00012985 0.0002025 0.0001887 8.98e-05 0.00022835 0.0001978 0.0001265 0.00017615 8.865e-05 0.00021905 8.995e-05 0.000238 0.0001762 0.0002379 0.0001997 0.0002522 0.0001793 0.00010965 0.00026175 0.0002334 0.0002323 0.00022115 0.00011315
9 0.00015865 0.00014005 0.00014985 0.0001353 3.9e-05 0.0002437 6.445e-05 9.455e-05 0.00016795 4.04e-05 0.0001753 0.0002011 8.725e-05 0.0001916 0.0001097 0.0001101 2.41e-05 8.425e-05 0.0001266 0.0001704 0.00015705 0.0001471 0.00018065 0.0001394 0.00010735 0.0001951 0.00014965 8.355e-05 0.0001457 9.985e-05 8.385e-05 0.0001471 0.0002059 0.00017505 0.00012645 0.0001461 0.00016785 0.0002542 0.000108 0.0001325 0.0001891 8.36e-05 0.00022955 0.00010955 0.00016425 0.00011775 0.00014605 0.00015875 0.0002166 0.0001317 0.0001595 0.00017855 0.00012445 9.425e-05 9.51e-05 8.35e-05 9.455e-05 0.0001807 0.00018075 0.00010095 0.00017345 6.96e-05 6.895e-05 0.00015685 0.00016035 0.0002403 0.0001808 8.345e-05 0.0001389 8.385e-05 0.00017935 0.0001186 8.51e-05 0.00015155 0.00016855 8.375e-05 2.41e-05 0.000181 0.00010185 8.4e-05 9.485e-05 0.0001014 0.0001461 6.36e-05 8.655e-05 0.0001575 7.685e-05 9.5e-05 9.16e-05 8.67e-05 9.185e-05 0.0001803 0.00016285 2.11e-05 7.66e-05 0.00022205 9.785e-05 0.000161 0.000101 0.000175
10 0.00016015 0.00019365 0.0001328 0.0002307 0.0001897 0.00025315 0.00020065 0.00015175 0.00011345 0.0001753 0.0002265 0.00022545 0.0001562 0.00018795 0.0001672 0.0001524 0.00017525 0.0001718 0.00024905 0.00016195 0.0001333 0.0001479 0.0002087 0.00015155 0.00015075 0.0002545 0.0001982 0.00017135 0.00015355 0.00021825 0.0001556 0.0002275 0.00028695 0.0001137 0.0002491 0.000153 0.00011335 0.0002658 0.00018185 0.00015165 0.00028235 0.0001711 0.0002065 0.0001535 0.00013305 0.00013205 0.0001539 0.00016025 0.0002539 0.00015235 0.0002327 0.0001799 0.0001661 0.0001369 0.00015195 0.00017135 0.0001519 0.00020775 0.00020775 0.000204 0.00020735 0.00015195 0.00016665 0.00013305 0.00019955 0.0001866 0.00020785 0.00017135 0.0001765 0.0001725 0.0001883 0.00022635 0.00019845 0.0001837 0.00027445 0.0001716 0.0001757 0.00014335 0.0001514 0.00017165 0.0001518 0.00023955 0.0001529 0.00017155 0.00015715 0.00013205 0.0002217 0.00015185 0.00024615 0.0001572 0.00024605 0.00026155 0.0001868 0.0001901 0.0001711 0.0002142 0.00021825 0.00019865 0.00020405 0.00011325
11 0.0002889 0.00020275 0.00028025 0.00029085 0.00020185 0.00019085 0.0002168 0.00023225 0.00028015 0.0002011 0.00022545 0.000267 0.0002037 0.00030915 0.00019665 0.00017375 0.00020265 0.000179 0.00015925 0.0001655 0.0002266 0.0001662 0.00025455 0.0002328 0.0001849 0.00024985 0.0001905 0.0001784 0.00020265 0.00017785 0.00019785 0.0003191 0.0003776 0.0002254 0.00015935 0.000173 0.00028005 0.00021665 0.0001653 0.0002259 0.00034755 0.0001783 0.00019675 0.0001676 0.0001716 0.0002323 0.0001718 0.000289 0.00017245 0.0002803 0.00017645 0.0001659 0.0002177 0.00024525 0.0002325 0.0001784 0.00023235 0.0002556 0.00025565 0.0001917 0.0003092 0.0001862 0.000159 0.00022645 0.00016695 0.00025015 0.0002557 0.00017845 0.0001723 0.00017755 0.00023475 0.0002613 0.00024095 0.00019045 0.00025955 0.00017875 0.00020305 0.0002131 0.0001773 0.0001787 0.0002322 0.0002114 0.00017285 0.00023565 0.00019735 0.0002327 0.0001941 0.0002324 0.0002709 0.00019735 0.00027095 0.0003093 0.00015895 0.00018435 0.00023215 0.00017075 0.00017285 0.0001734 0.00019175 0.00022515
12 0.0001751 0.0001836 0.00016565 0.00018625 0.0001065 0.0002495 0.00012315 0.000127 0.00016585 8.725e-05 0.0001562 0.0002037 0.0001664 0.0002081 0.0001473 0.00010885 8.565e-05 0.0001318 0.00018085 0.00012875 0.00017045 0.00015985 0.0002127 0.00012435 8.415e-05 0.00024385 0.00021215 0.00013115 0.00013785 0.0001621 8.41e-05 0.00019565 0.0002551 0.00015605 0.0001809 0.00017495 0.00016575 0.00024025 0.00013125 0.0001176 0.0002379 0.0001312 0.00021845 0.0001545 0.00016035 0.00012525 0.0001747 0.0001752 0.00021625 0.0001654 0.00016125 0.0001917 0.0001258 0.00012535 0.0001272 0.00013115 0.0001271 0.00021265 0.0002127 0.00016015 0.00020785 0.0001019 0.00011125 0.00017025 0.0002057 0.00021375 0.00021275 0.00013135 0.00018185 0.00013155 0.0001785 0.00016935 0.0001362 0.00015185 0.00023145 0.0001316 8.55e-05 0.00017005 0.00011695 0.00013165 0.000127 0.000163 0.00017465 0.00012575 0.000129 0.0001247 0.00014095 0.0001271 0.0001568 0.00012875 0.0001567 0.0002298 0.00018175 8.815e-05 0.00012665 0.0002045 0.00016265 0.00016045 0.0001602 0.0001559
13 9.42e-05 0.0002179 7.62e-05 0.00014985 0.00017145 0.0003493 0.0002285 0.00013245 7.52e-05 0.0001916 0.00018795 0.00030915 0.0002081 0.0001501 0.00021225 0.000223 0.00019035 0.0002279 0.0002619 0.00026555 0.0001705 0.00028025 0.00017035 0.00015085 0.0002099 0.0001999 0.0002285 0.0002274 0.00025265 0.00025935 0.00020555 0.00016345 0.00017985 0.00018795 0.00026195 0.0002656 7.515e-05 0.0002549 0.00024835 0.00015795 0.0001624 0.0002273 0.00031995 0.0002435 0.0002829 0.0001352 0.0002654 9.435e-05 0.0003295 7.715e-05 0.0002814 0.0003124 0.0001664 0.00013085 0.0001326 0.0002274 0.0001326 0.0001704 0.00017045 0.000258 7.615e-05 0.0001793 0.00020985 0.00017025 0.0002948 0.00022465 0.0001705 0.00022745 0.0002737 0.00022755 0.0002081 0.00013255 0.00015145 0.0002559 0.000287 0.0002277 0.0001905 0.00019105 0.0002448 0.00022775 0.0001325 0.00026525 0.00026545 0.00015005 0.00022845 0.00014985 0.0002427 0.00013255 0.0002195 0.00022845 0.0002194 0.0001942 0.00029445 0.0001897 0.0001333 0.00031935 0.00025705 0.00027455 0.00025805 0.00018765
14 0.0001972 0.00017035 0.00016975 0.00019945 0.0001103 0.0002187 0.000139 0.0001402 0.00016995 0.0001097 0.0001672 0.00019665 0.0001473 0.00021225 0.0002118 0.0001474 0.00010845 0.0001092 0.00017125 0.0001637 0.00013895 0.00013555 0.0001811 0.0001785 0.0001468 0.0002127 0.0001081 0.00010865 0.0001576 0.00014045 0.00014735 0.00020985 0.0002693 0.00016705 0.0001713 0.00010775 0.00016985 0.000267 0.00012525 0.0001786 0.00025185 0.0001088 0.0001872 0.00010745 0.00013565 0.000138 0.0001074 0.0001973 0.0002268 0.0001695 0.0001964 0.00016745 0.0001673 0.00013855 0.0001403 0.00010865 0.0001403 0.0001811 0.0001811 0.0001389 0.00021195 0.00012255 0.00010825 0.00013865 0.00013885 0.0002182 0.0001812 0.00010895 0.00011545 0.00010905 0.00020755 0.00018255 0.0001674 0.00014565 0.0002104 0.0001091 0.0001086 0.0001551 0.00013705 0.00010925 0.0001402 0.0001708 0.00010735 0.0001269 0.0001073 0.0001787 0.00014025 0.00014015 0.0001801 0.00010705 0.00018 0.00023575 0.000132 0.00011045 0.00013985 0.00019485 0.0001406 0.0001792 0.00013895 0.0001669
15 0.00019 0.0001763 0.00018055 0.00020375 0.00012595 0.00021985 0.00014855 0.0001445 0.00018075 0.0001101 0.0001524 0.00017375 0.00010885 0.000223 0.0001474 0.0002062 0.0001107 0.0001319 0.0001762 0.00012855 0.00016795 0.0001342 0.0002102 0.0001419 0.00010385 0.00023645 0.00018745 0.00013125 0.00014045 0.00016265 0.00010425 0.00021705 0.0002765 0.00015225 0.00017625 0.00015505 0.00018065 0.00023335 0.00013135 0.0001347 0.00025955 0.0001313 0.0001937 0.00012915 0.00013915 0.00014275 0.0001548 0.0001901 0.00021145 0.0001803 0.0001742 0.0001656 0.00014215 0.00014285 0.0001447 0.00013125 0.0001446 0.00021015 0.0002102 0.0001608 0.00022275 0.000109 0.00010605 0.00016775 0.0001809 0.0002064 0.00021025 0.00013145 0.00016215 0.00013165 0.00017505 0.00018685 0.0001537 0.00015575 0.00023055 0.0001317 0.00011105 0.00016755 0.00011575 0.00013175 0.0001445 0.0001828 0.00015475 0.00014715 0.00013445 0.0001421 0.00015775 0.0001446 0.0001808 0.0001343 0.0001807 0.00024715 0.00016205 0.00010825 0.00014415 0.00019745 0.00015785 0.00015525 0.00016085 0.0001521
16 0.0001573 0.00013955 0.0001482 0.00013555 4.14e-05 0.00024455 6.265e-05 9.485e-05 0.0001667 2.41e-05 0.00017525 0.00020265 8.565e-05 0.00019035 0.00010845 0.0001107 4.39e-05 8.365e-05 0.00012835 0.00016995 0.00015525 0.00014775 0.00017885 0.0001394 0.0001086 0.0001949 0.00014925 8.295e-05 0.0001461 9.875e-05 8.585e-05 0.00014675 0.00020595 0.0001751 0.00012835 0.0001437 0.0001666 0.00025345 0.00010715 0.0001325 0.0001881 8.295e-05 0.00022865 0.00010795 0.00016335 0.00011735 0.0001434 0.0001574 0.0002179 0.00012965 0.00016045 0.00017955 0.0001265 9.46e-05 9.51e-05 8.295e-05 9.495e-05 0.00017885 0.0001789 9.885e-05 0.0001718 6.93e-05 7.025e-05 0.00015505 0.0001593 0.00024 0.00017895 8.315e-05 0.0001355 8.335e-05 0.0001787 0.00011865 8.54e-05 0.0001499 0.00016965 8.34e-05 2.24e-05 0.0001789 0.0001028 8.35e-05 9.49e-05 0.00010305 0.0001434 6.285e-05 8.275e-05 0.0001579 7.775e-05 9.5e-05 9.32e-05 8.26e-05 9.29e-05 0.0001805 0.00015945 2.3e-05 7.625e-05 0.00022065 9.93e-05 0.00016245 9.89e-05 0.00017495
17 0.00019485 0.00014705 0.0001859 0.0001923 0.0001016 0.0002013 0.0001163 0.0001362 0.00018885 8.425e-05 0.0001718 0.000179 0.0001318 0.0002279 0.0001092 0.0001319 8.365e-05 0.0001652 0.0001444 0.0001552 0.00013625 0.00011915 0.000175 0.00018115 0.00013885 0.0002075 0.00012025 8.325e-05 0.0001616 0.00011565 0.0001311 0.0002036 0.00026265 0.0001715 0.00014445 8.315e-05 0.00018875 0.0002509 0.0001072 0.00017425 0.0002449 8.305e-05 0.0001688 8.37e-05 0.00011885 0.00014355 8.31e-05 0.00019495 0.00021135 0.0001829 0.00017875 0.00015115 0.00016795 0.0001358 0.0001357 8.325e-05 0.0001363 0.00017485 0.00017505 0.000116 0.0002249 9.98e-05 9.09e-05 0.0001358 0.00011545 0.0002217 0.00017495 8.335e-05 9.205e-05 8.325e-05 0.0001908 0.00017535 0.00014215 0.00015005 0.000186 8.32e-05 8.37e-05 0.0001601 0.00011885 8.365e-05 0.0001362 0.0001483 8.285e-05 0.0001201 8.37e-05 0.0001841 0.00011535 0.000136 0.0001537 8.365e-05 0.0001537 0.0002296 0.0001161 8.355e-05 0.0001331 0.0001787 0.0001157 0.0001637 0.00011605 0.0001715
18 0.0002417 0.00016335 0.0002333 0.00021955 0.0001256 0.00021245 0.0001441 0.00017945 0.0002515 0.0001266 0.00024905 0.00015925 0.00018085 0.0002619 0.00017125 0.0001762 0.00012835 0.0001444 0.0002133 0.00020695 0.000216 0.00019265 0.0002253 0.0002138 0.0001845 0.00020545 0.00016565 0.0001437 0.00022445 0.00012815 0.00017465 0.00024925 0.0003075 0.000249 0.0001071 0.00018045 0.0002514 0.0002218 0.0001548 0.0002069 0.00027715 0.0001434 0.00023355 0.00016015 0.00021325 0.00020395 0.0001792 0.0002418 0.0001749 0.00021505 0.00015905 0.00019235 0.0001966 0.0001941 0.00017985 0.00014365 0.00017955 0.0002264 0.00022645 0.00014375 0.00024365 0.00014395 0.000132 0.00021585 0.0001592 0.0002689 0.0002265 0.00014375 0.00016455 0.0001428 0.0002394 0.00018995 0.0001696 0.00020215 0.00021085 0.00014405 0.0001281 0.0002266 0.000177 0.000144 0.0001792 0.00013895 0.0001803 0.00016455 0.0001646 0.000232 0.0001226 0.00017975 0.0001952 0.0001646 0.0001955 0.000239 0.0001753 0.00010745 0.0001609 0.0001955 0.0001229 0.00017555 0.0001438 0.00024875
19 0.00024535 0.0002272 0.0002363 0.00026565 0.00017665 0.0002089 0.00021315 0.0001885 0.00021795 0.0001704 0.00016195 0.0001655 0.00012875 0.00026555 0.0001637 0.00012855 0.00016995 0.0001552 0.00020695 0.0001504 0.0001846 0.0001433 0.00023095 0.0001651 9.285e-05 0.0002792 0.00020585 0.0001547 0.0001356 0.00020175 0.0001288 0.00028745 0.00034625 0.0001619 0.000207 0.000151 0.00021785 0.00022345 0.00011735 0.000158 0.0003168 0.00015485 0.00016185 0.0001663 0.00012815 0.0001642 0.00014965 0.00024545 0.00020835 0.0002546 0.00016575 0.00017535 0.00015295 0.00019995 0.0001887 0.0001547 0.0001886 0.000232 0.00023205 0.00021345 0.00028385 0.000153 0.0001345 0.0001842 0.00019775 0.00019525 0.0002321 0.0001549 0.0001743 0.00015385 0.00018995 0.0002362 0.00021585 0.00012055 0.0002826 0.000155 0.0001703 0.00014675 0.0001321 0.0001552 0.0001885 0.0002443 0.0001507 0.0002062 0.00016635 0.00014675 0.00020195 0.0001886 0.00023945 0.0001662 0.00023935 0.0003144 0.00013675 0.00015905 0.0002067 0.00016165 0.00020205 0.0001602 0.0002135 0.00016165
20 0.00014275 0.0001594 0.00011535 0.0002113 0.00017165 0.00023535 0.0001727 0.00013565 9.915e-05 0.00015705 0.0001333 0.0002266 0.00017045 0.0001705 0.00013895 0.00016795 0.00015525 0.00013625 0.000216 0.0001846 0.000198 0.00015035 0.00017175 0.0001664 0.0001741 0.00022015 0.0001476 0.00013595 0.0001918 0.0001837 0.00017165 0.00020745 0.000267 0.0001331 0.00021605 9.96e-05 9.905e-05 0.0002657 0.00017015 0.0001665 0.0002624 0.00013565 0.00018615 0.0001171 0.0001336 0.000123 0.00010095 0.00014285 0.0002473 0.0001314 0.000234 0.00018275 0.00018235 0.00012055 0.00013585 0.00013595 0.0001355 0.00017085 0.00017085 0.00016895 0.0001865 0.00013605 0.00015555 9.935e-05 0.0001492 0.00018555 0.00017095 0.00013545 0.0001242 0.0001369 0.0002047 0.00020695 0.0001791 0.00019235 0.0002409 0.00013605 0.0001556 0.0001337 0.0001693 0.00013575 0.0001354 0.0002058 0.0001 0.0001516 0.0001192 0.0001503 0.0001887 0.00013575 0.00022755 0.00011975 0.00022745 0.0002343 0.0001582 0.00017205 0.0001516 0.00019815 0.00018525 0.0002 0.000169 0.000133
21 0.0002343 0.0001622 0.00022485 0.0002533 0.0001794 0.00017315 0.00016535 0.0001933 0.0002247 0.0001471 0.0001479 0.0001662 0.00015985 0.00028025 0.00013555 0.0001342 0.00014775 0.00011915 0.00019265 0.0001433 0.00015035 0.0001413 0.0002069 0.0002047 0.0001718 0.00023585 0.00012555 0.00011855 0.00013765 0.00014965 0.0001584 0.00025105 0.0003109 0.00014795 0.0001927 7.59e-05 0.0002246 0.0002586 0.00013225 0.0001978 0.00030605 0.00011845 0.0001435 7.99e-05 7.315e-05 0.0001919 7.67e-05 0.0002344 0.0002078 0.00022495 0.00020845 0.00010325 0.0002052 0.0001785 0.0001935 0.00011855 0.0001934 0.00020585 0.0002059 0.00013525 0.00028035 0.000147 0.0001356 0.00015015 0.0001055 0.00021775 0.00020595 0.0001187 8.365e-05 0.0001199 0.0001838 0.00024895 0.00020285 0.0001535 0.00020635 0.00011895 0.0001484 0.0001636 0.0001161 0.000119 0.0001933 0.00019535 7.565e-05 0.0001806 0.0001054 0.00020455 0.00017 0.0001934 0.0002193 0.0001053 0.0002192 0.00027615 9.715e-05 0.0001619 0.0001933 0.00016535 0.0001488 0.00016015 0.0001353 0.0001476
22 0.00017225 0.00020235 0.00017205 0.0001919 0.0001808 0.00027555 0.00021065 0.0001781 0.0001749 0.00018065 0.0002087 0.00025455 0.0002127 0.00017035 0.0001811 0.0002102 0.00017885 0.000175 0.0002253 0.00023095 0.00017175 0.0002069 0.0003311 0.00020855 0.00022065 0.00020105 0.000171 0.0001747 0.0002342 0.0002073 0.0002139 0.00020305 0.0002197 0.0002085 0.00022535 0.00016835 0.0001748 0.0002511 0.00019785 0.00020865 0.00020115 0.00017465 0.0002415 0.0001702 0.0002053 0.0001841 0.00016695 0.00017235 0.0002896 0.00016915 0.0002619 0.0002393 0.0002102 0.00017735 0.0001783 0.0001747 0.0001782 0.000167 0.00016695 0.0002069 0.0001673 0.0001785 0.00018345 0.0001713 0.0002023 0.0002447 0.0001671 0.0001747 0.0001773 0.0001735 0.00020435 0.0001735 0.0001754 0.00022025 0.0002366 0.0001748 0.0001792 0.0001946 0.0002115 0.000175 0.0001781 0.00024375 0.00016825 0.0001751 0.0001728 0.0002114 0.0002123 0.0001782 0.0002089 0.00017285 0.0002088 0.0002297 0.00020025 0.0001813 0.0001751 0.00025555 0.00020885 0.00024225 0.00020695 0.0002084
23 0.00013605 0.00019395 0.00010775 0.0001823 0.0001375 0.00027875 0.0001767 0.00012315 0.0001086 0.0001394 0.00015155 0.0002328 0.00012435 0.00015085 0.0001785 0.0001419 0.0001394 0.00018115 0.0002138 0.0001651 0.0001664 0.0002047 0.00020855 0.0002137 0.00012075 0.000236 0.00022115 0.0001805 0.00017145 0.0002118 0.00012075 0.0001942 0.00025405 0.00015145 0.00021385 0.0002241 0.0001085 0.00024005 0.00018055 0.00010715 0.00023745 0.00018055 0.00025145 0.0002003 0.0002089 0.0001214 0.0002238 0.00013615 0.0002487 0.00010685 0.00019795 0.0002365 0.00012165 0.00012155 0.00012335 0.0001805 0.00012325 0.0002086 0.0002086 0.00021025 0.00015005 0.00013415 0.00015695 0.0001662 0.0002511 0.00019355 0.0002087 0.0001807 0.0002315 0.00018085 0.0001941 0.00016545 0.00015055 0.000186 0.00027995 0.00018095 0.00013955 0.00016595 0.0001657 0.000181 0.00012315 0.00021155 0.0002238 0.00013905 0.00018275 0.0001079 0.00019035 0.00012325 0.00020925 0.0001826 0.00020915 0.0002254 0.00023135 0.0001377 0.00012215 0.000241 0.00020825 0.0001931 0.0002103 0.00015125
24 0.0001897 0.0002105 0.0001807 0.0002041 0.00010995 0.00024485 0.00015965 0.00012695 0.0001623 0.00010735 0.00015075 0.0001849 8.415e-05 0.0002099 0.0001468 0.00010385 0.0001086 0.00013885 0.0001845 9.285e-05 0.0001741 0.0001718 0.00022065 0.00012075 8.41e-05 0.0002626 0.0002349 0.0001384 0.00013665 0.0001845 7.85e-05 0.00023145 0.0002902 0.0001507 0.00018455 0.0001858 0.0001622 0.0002233 0.0001177 0.00011355 0.00026045 0.00013835 0.00020405 0.0001758 0.0001622 0.00010225 0.0001846 0.0001898 0.0002109 0.00019905 0.00014245 0.0002032 0.00010715 0.0001384 0.00012705 0.0001384 0.00012705 0.00022165 0.0002217 0.00019665 0.00022825 0.00010175 9.175e-05 0.0001739 0.0002264 0.00019215 0.00022175 0.0001385 0.00020845 0.00013765 0.0001784 0.00017465 0.0001543 0.0001392 0.0002656 0.00013875 0.00010855 0.00015315 0.000115 0.0001388 0.00012695 0.00019335 0.0001856 0.0001485 0.00015565 0.00010235 0.00015785 0.0001269 0.0001775 0.0001556 0.0001774 0.0002611 0.0001877 9.16e-05 0.0001452 0.0001895 0.00017955 0.00015475 0.0001967 0.00015045
25 0.00020075 0.0001862 0.00020045 0.0002044 0.0001927 0.0002698 0.00019355 0.00020595 0.0002188 0.0001951 0.0002545 0.00024985 0.00024385 0.0001999 0.0002127 0.00023645 0.0001949 0.0002075 0.00020545 0.0002792 0.00022015 0.00023585 0.00020105 0.000236 0.0002626 0.0003615 0.00018825 0.00020685 0.0002686 0.00019055 0.00024 0.00021895 0.00023575 0.00025435 0.0002055 0.0002214 0.0002187 0.000248 0.000231 0.0002361 0.0002182 0.0002069 0.00028965 0.00020215 0.0002554 0.000227 0.0002211 0.00020085 0.00025165 0.00018205 0.0002571 0.00023535 0.0002375 0.0002044 0.00020615 0.00020685 0.00020605 0.0002012 0.00020115 0.00018975 0.00018135 0.00020635 0.0002104 0.00021995 0.00020075 0.0002882 0.0002013 0.00020705 0.00020525 0.0002072 0.0002358 0.000187 0.00018785 0.00025805 0.00021825 0.0002073 0.00019525 0.0002438 0.00024125 0.00020735 0.00020595 0.00018925 0.0002211 0.0001912 0.0002094 0.00025435 0.0001909 0.00020605 0.00022425 0.00020925 0.00022415 0.00020905 0.0002292 0.0001931 0.00018745 0.00027095 0.00018695 0.00023545 0.0001898 0.0002542
26 0.00023155 0.0001692 0.00018625 0.00021805 0.00013085 0.00019235 0.00017355 0.00017735 0.00020475 0.00014965 0.0001982 0.0001905 0.00021215 0.0002285 0.0001081 0.00018745 0.00014925 0.00012025 0.00016565 0.00020585 0.0001476 0.00012555 0.000171 0.00022115 0.0002349 0.00018825 4.24e-05 0.00011955 0.0001766 0.0001368 0.0002122 0.0002285 0.0002877 0.00019805 0.0001659 9.015e-05 0.00020465 0.00028355 0.0001438 0.00022825 0.00027075 0.00011955 0.00017525 9.51e-05 0.0001404 0.00019995 8.965e-05 0.00023165 0.0002393 0.0001677 0.000233 0.0001578 0.0002079 0.00017725 0.0001776 0.00011955 0.00017745 0.0001711 0.00017105 0.00013695 0.00020985 0.0001676 0.0001474 0.0001472 0.00010675 0.0002325 0.0001712 0.00011995 8.315e-05 0.00011985 0.00023845 0.00020105 0.0002041 0.00014965 0.0002067 0.00012 0.00014965 0.0001711 0.00017055 0.0001202 0.00017715 0.0001973 8.965e-05 0.0001458 0.00011985 0.00023965 0.00015835 0.0001775 0.0002194 0.0001195 0.00021945 0.00024665 0.00010715 0.00014995 0.0001585 0.00020285 0.0001371 0.0001995 0.000137 0.0001979
27 0.00019435 0.00014645 0.0001853 0.00019155 0.00010065 0.00020065 0.0001155 0.0001355 0.0001884 8.355e-05 0.00017135 0.0001784 0.00013115 0.0002274 0.00010865 0.00013125 8.295e-05 8.325e-05 0.0001437 0.0001547 0.00013595 0.00011855 0.0001747 0.0001805 0.0001384 0.00020685 0.00011955 0.0001641 0.0001611 0.00011495 0.0001306 0.00020295 0.0002621 0.0001712 0.00014365 8.32e-05 0.0001883 0.00025035 0.000107 0.0001736 0.00024435 8.28e-05 0.00016865 8.33e-05 0.0001181 0.00014315 8.255e-05 0.00019445 0.00021065 0.00018215 0.0001778 0.00015055 0.00016735 0.00013535 0.0001359 8.225e-05 0.0001356 0.0001747 0.00017475 0.00011525 0.00022425 0.0001 9.04e-05 0.00013555 0.00011455 0.0002212 0.0001748 8.26e-05 9.115e-05 8.29e-05 0.0001903 0.00017475 0.0001414 0.00014955 0.00018535 8.285e-05 8.285e-05 0.00015965 0.0001183 8.325e-05 0.00013565 0.00014745 8.255e-05 0.00011925 8.325e-05 0.0001836 0.00011435 0.0001358 0.00015295 8.275e-05 0.0001531 0.0002289 0.0001155 8.26e-05 0.0001324 0.000178 0.00011485 0.00016305 0.0001153 0.00017105
28 0.0002375 0.0002262 0.00021075 0.0002393 0.00014915 0.0002413 0.00018615 0.00017975 0.00021015 0.0001457 0.00015355 0.00020265 0.00013785 0.00025265 0.0001576 0.00014045 0.0001461 0.0001616 0.00022445 0.0001356 0.0001918 0.00013765 0.0002342 0.00017145 0.00013665 0.0002686 0.0001766 0.0001611 0.0001934 0.0001926 0.0001402 0.00024505 0.000304 0.00015375 0.0002245 0.00017335 0.00021005 0.00027445 0.0001447 0.00017155 0.00028675 0.0001609 0.0002071 0.0001613 0.0001349 0.0001759 0.00017315 0.0002376 0.00024235 0.0002113 0.0002031 0.00016935 0.00015825 0.00017945 0.00017995 0.0001611 0.00017985 0.00023425 0.0002343 0.00019295 0.0002532 0.0001619 0.00014515 0.0001916 0.0002074 0.00022535 0.00023435 0.00016115 0.0001813 0.00016125 0.0001945 0.00022235 0.00020705 0.0001185 0.00026025 0.0001614 0.00014655 0.00017505 0.00012275 0.00016145 0.00017975 0.0002281 0.0001732 0.00016425 0.00015855 0.00017085 0.00019565 0.00017985 0.00021385 0.00015855 0.00021375 0.0002836 0.0001647 0.00014935 0.0001802 0.0002151 0.0001956 0.0001868 0.000193 0.00015335
29 0.0002263 0.0001352 0.00021725 0.0002081 0.00011725 0.00019975 9.945e-05 0.0001674 0.0002357 9.985e-05 0.00021825 0.00017785 0.0001621 0.00025935 0.00014045 0.00016265 9.875e-05 0.00011565 0.00012815 0.00020175 0.0001837 0.00014965 0.0002073 0.0002118 0.0001845 0.00019055 0.0001368 0.00011495 0.0001926 0.0001957 0.00016175 0.0002195 0.00027865 0.0002181 0.00012815 0.0001316 0.0002356 0.00024985 0.00013915 0.0002049 0.0002609 0.00011505 0.00021615 0.000116 0.0001658 0.0001899 0.0001313 0.0002264 0.00017785 0.00019875 0.00017745 0.0001492 0.0001985 0.00016715 0.00016765 0.00011495 0.0001675 0.0002073 0.00020735 9.91e-05 0.00024085 0.00013175 0.00012175 0.0001835 0.0001144 0.00026805 0.0002074 0.00011515 0.00011525 0.00011535 0.00022185 0.0001912 0.00015795 0.00018185 0.000169 0.0001154 9.905e-05 0.00020735 0.0001494 0.0001155 0.00016745 9.945e-05 0.0001313 0.0001357 0.0001153 0.00023025 9.865e-05 0.00016755 0.00016945 0.00011515 0.0001692 0.0002132 0.0001392 9.91e-05 0.00014885 0.0001934 9.85e-05 0.00016145 9.915e-05 0.00021795
30 0.00017255 0.00017975 0.0001635 0.00018165 9.985e-05 0.00024445 0.00012415 0.0001224 0.0001633 8.385e-05 0.0001556 0.00019785 8.41e-05 0.00020555 0.00014735 0.00010425 8.585e-05 0.0001311 0.00017465 0.0001288 0.00017165 0.0001584 0.0002139 0.00012075 7.85e-05 0.00024 0.0002122 0.0001306 0.0001402 0.00016175 0.0001555 0.0001963 0.00025535 0.00015535 0.0001746 0.00017995 0.0001632 0.00023635 0.0001308 0.000114 0.00023815 0.0001305 0.0002185 0.0001551 0.0001638 0.00012105 0.00017995 0.00017265 0.00021105 0.00016365 0.0001553 0.0001898 0.00012025 0.00012045 0.0001227 0.0001306 0.0001225 0.0002139 0.00021395 0.00016115 0.0002057 9.74e-05 0.0001051 0.00017145 0.0002059 0.00021 0.000214 0.0001305 0.00018795 0.0001308 0.0001779 0.00016485 0.0001316 0.0001563 0.0002304 0.0001308 8.575e-05 0.00017155 0.00011435 0.0001309 0.0001225 0.00015785 0.00017995 0.0001257 0.00013495 0.0001207 0.00013505 0.0001226 0.000155 0.0001351 0.00015495 0.00022595 0.00018785 8.15e-05 0.00012255 0.00020465 0.00015675 0.00015515 0.0001612 0.0001553
31 0.00015135 0.0002109 0.0001497 0.00014755 0.0001604 0.00033325 0.0001731 0.00016465 0.0001687 0.0001471 0.0002275 0.0003191 0.00019565 0.00016345 0.00020985 0.00021705 0.00014675 0.0002036 0.00024925 0.00028745 0.00020745 0.00025105 0.00020305 0.0001942 0.00023145 0.00021895 0.0002285 0.00020295 0.00024505 0.0002195 0.0001963 0.0002607 0.0001325 0.0002274 0.0002493 0.0002461 0.0001686 0.00029745 0.0002391 0.0001943 0.00014485 0.000203 0.00031655 0.0002112 0.0002658 0.0001869 0.00024675 0.00015145 0.00032405 0.00013065 0.00028425 0.0002828 0.0002085 0.00015175 0.00016485 0.00020295 0.00016475 0.00020215 0.00020215 0.00020655 0.00014425 0.00017565 0.00020385 0.00020725 0.0002625 0.0002777 0.00020225 0.00020315 0.0002384 0.00020425 0.00022255 0.00015945 0.00014725 0.0002608 0.000205 0.0002034 0.0001469 0.0002431 0.00022305 0.00020345 0.00016465 0.00021255 0.0002458 0.0001464 0.00018965 0.0002132 0.0002022 0.00016475 0.0001453 0.0001895 0.00014525 0.0001719 0.00027435 0.0001606 0.0001455 0.00032685 0.0002201 0.00026875 0.0002066 0.0002272
32 0.00018345 0.00027055 0.0002098 0.000146 0.00021865 0.0003835 0.0002332 0.0002234 0.00022795 0.0002059 0.00028695 0.0003776 0.0002551 0.00017985 0.0002693 0.0002765 0.00020595 0.00026265 0.0003075 0.00034625 0.000267 0.0003109 0.0002197 0.00025405 0.0002902 0.00023575 0.0002877 0.0002621 0.000304 0.00027865 0.00025535 0.0001325 0.0001464 0.0002869 0.00030755 0.00030595 0.00022785 0.0003136 0.00029765 0.00025415 0.000103 0.00026205 0.0003667 0.0002712 0.00032565 0.0002459 0.00030665 0.00018355 0.00038345 0.0001916 0.00034275 0.00034265 0.0002671 0.00021105 0.0002236 0.0002621 0.0002235 0.00021885 0.00021885 0.00026665 0.0001616 0.0002344 0.00026235 0.0002668 0.00032255 0.00032755 0.00021895 0.0002622 0.0002985 0.00026325 0.00023915 0.00017535 0.00017885 0.00031935 0.0002064 0.00026245 0.0002061 0.00030215 0.000282 0.0002625 0.0002234 0.0002726 0.00030575 0.0002056 0.00024965 0.0002722 0.00026135 0.0002235 0.0001459 0.0002496 0.00014575 0.00017315 0.00033385 0.00021885 0.0002051 0.00038625 0.00027925 0.00032815 0.0002667 0.00028665
33 0.0001602 0.00019355 0.00013285 0.00023065 0.00018965 0.000253 0.0002004 0.00015175 0.0001135 0.00017505 0.0001137 0.0002254 0.00015605 0.00018795 0.00016705 0.00015225 0.0001751 0.0001715 0.000249 0.0001619 0.0001331 0.00014795 0.0002085 0.00015145 0.0001507 0.00025435 0.00019805 0.0001712 0.00015375 0.0002181 0.00015535 0.0002274 0.0002869 0.0002266 0.00024905 0.00015255 0.0001134 0.00026575 0.0001818 0.00015155 0.0002823 0.0001708 0.00020625 0.00015315 0.00013315 0.0001319 0.0001536 0.0001603 0.00025375 0.0001522 0.00023265 0.00017995 0.00016605 0.0001367 0.00015195 0.0001712 0.0001519 0.0002075 0.0002075 0.00020375 0.00020725 0.00015195 0.0001666 0.00013285 0.0001993 0.0001866 0.0002076 0.0001711 0.00017625 0.0001723 0.00018845 0.0002263 0.00019845 0.00018365 0.0002743 0.00017135 0.00017555 0.00014345 0.0001516 0.0001714 0.0001518 0.0002393 0.0001525 0.0001714 0.0001568 0.00013205 0.00022155 0.00015185 0.0002461 0.00015695 0.000246 0.0002614 0.00018665 0.00019005 0.000171 0.00021405 0.0002181 0.0001985 0.0002038 0.00011345
34 0.00024175 0.0001634 0.00023335 0.00021945 0.0001254 0.0002125 0.00014415 0.00017935 0.00025155 0.00012645 0.0002491 0.00015935 0.0001809 0.00026195 0.0001713 0.00017625 0.00012835 0.00014445 0.0001071 0.000207 0.00021605 0.0001927 0.00022535 0.00021385 0.00018455 0.0002055 0.0001659 0.00014365 0.0002245 0.00012815 0.0001746 0.0002493 0.00030755 0.00024905 0.0002136 0.0001805 0.00025145 0.00022185 0.00015485 0.00020695 0.0002772 0.0001437 0.0002336 0.0001602 0.0002133 0.000204 0.00017925 0.00024185 0.00017495 0.0002151 0.000159 0.0001924 0.00019685 0.00019405 0.0001799 0.00014355 0.00017945 0.00022645 0.0002265 0.0001438 0.0002437 0.000144 0.0001321 0.0002159 0.00015925 0.00026895 0.00022655 0.0001437 0.0001646 0.0001429 0.00023945 0.00019005 0.0001695 0.0002022 0.0002109 0.00014395 0.000128 0.00022665 0.000177 0.0001441 0.00017955 0.000139 0.00018035 0.00016445 0.00016465 0.00023205 0.00012255 0.0001798 0.0001951 0.00016465 0.0001955 0.00023905 0.00017535 0.0001072 0.0001612 0.00019555 0.0001228 0.0001756 0.00014385 0.0002488
35 0.0002197 0.0001427 0.0002102 0.00025345 0.0001821 0.00016155 0.0001537 0.0001813 0.0001979 0.0001461 0.000153 0.000173 0.00017495 0.0002656 0.00010775 0.00015505 0.0001437 8.315e-05 0.00018045 0.000151 9.96e-05 7.59e-05 0.00016835 0.0002241 0.0001858 0.0002214 9.015e-05 8.32e-05 0.00017335 0.0001316 0.00017995 0.0002461 0.00030595 0.00015255 0.0001805 1.9e-06 0.0001978 0.00026295 0.0001207 0.0002172 0.0003011 8.285e-05 0.0001074 4.275e-05 5.49e-05 0.00017185 2.65e-06 0.0002198 0.0002073 0.00022245 0.0002155 0.00010855 0.0002272 0.000166 0.0001815 8.32e-05 0.0001814 0.0001671 0.0001674 0.0001167 0.00027785 0.0001352 0.00013015 9.94e-05 5.555e-05 0.00020575 0.0001672 8.275e-05 2.665e-05 8.4e-05 0.000201 0.0002491 0.00020305 0.00015775 0.00018945 8.285e-05 0.00014425 0.00013725 0.000136 8.305e-05 0.0001813 0.00018315 1.5e-06 0.0001766 6.25e-05 0.0002118 0.00015825 0.0001814 0.000217 6.3e-05 0.0002169 0.0002688 6.395e-05 0.0001647 0.00019345 0.00013425 0.000137 0.0001676 0.00011675 0.0001527
36 6.555e-05 0.00017585 2.025e-05 0.00016895 0.0001609 0.00030895 0.0001915 8.975e-05 2.5e-07 0.00016785 0.00011335 0.00028005 0.00016575 7.515e-05 0.00016985 0.00018065 0.0001666 0.00018875 0.0002514 0.00021785 9.905e-05 0.0002246 0.0001748 0.0001085 0.0001622 0.0002187 0.00020465 0.0001883 0.00021005 0.0002356 0.0001632 0.0001686 0.00022785 0.0001134 0.00025145 0.0001978 3e-07 0.0002683 0.00021925 0.0001156 0.0002235 0.00018815 0.0002642 0.0001911 0.0002119 7.39e-05 0.0001987 6.565e-05 0.00028715 4.015e-05 0.0002523 0.00025675 0.0001373 7.49e-05 8.995e-05 0.0001883 8.98e-05 0.0001739 0.00017385 0.000221 9.495e-05 0.00013665 0.00018075 9.89e-05 0.00024245 0.00016525 0.000174 0.0001883 0.00022135 0.00018945 0.0002082 0.0001646 0.00015495 0.0002266 0.00029215 0.00018855 0.00016675 0.00012975 0.0002024 0.0001886 8.97e-05 0.00022825 0.0001977 0.0001264 0.00017605 8.855e-05 0.00021895 8.985e-05 0.0002379 0.0001761 0.0002378 0.0001996 0.0002521 0.0001792 0.00010955 0.00026165 0.0002333 0.0002322 0.00022105 0.00011305
