 slim_337512268 slim_337504503 slim_337512361 slim_337512404 slim_337512434 slim_337512381 slim_337512457 slim_337512534 slim_337512498 slim_337512510 slim_337512564 slim_337512492 slim_337512501 slim_337512578 slim_337512529 slim_337512558 slim_337512482 slim_337512515 slim_337512575 slim_337512540 slim_337512560 slim_337512521 slim_337512519 slim_337512584 slim_337512509 slim_337512573 slim_337512541 slim_337512461 slim_337512561 slim_337512484 slim_337512557 slim_337512567 slim_337512525 slim_337512536 slim_337512474 slim_337512505 slim_337512518 slim_337512555 slim_337512583 slim_337512707 slim_337512630 slim_337512627 slim_337512650 slim_337512655 slim_337512642 slim_337512691 slim_337512589 slim_337512622 slim_337512607 slim_337512588 slim_337512638 slim_337512614 slim_337512626 slim_337512706 slim_337512632 slim_337512654 slim_337512709 slim_337512701 slim_337512702 slim_337512676 slim_337512661 slim_337512621 slim_337512675 slim_337512644 slim_337512659 slim_337512613 slim_337512688 slim_337512593 slim_337512673 slim_337512671 slim_337512672 slim_337512690 slim_337512620 slim_337512699 slim_337512652 slim_337512689 slim_337512698 slim_337512677 slim_337512646 slim_337512602 slim_337512610 slim_337512597 slim_337512663 slim_337512657 slim_337512658 slim_337512635 slim_337512653 slim_337512660 slim_337512704 slim_337512586 slim_337512684 slim_337512681 slim_337512639 slim_337512637 slim_337512645 slim_337512708 slim_337512685 slim_337512680 slim_337512648 slim_337512590
0 0.0008046 0.0008638 0.00086225 0.00091185 0.00080865 0.00085555 0.000834 0.0008605 0.00087345 0.00079955 0.0008124 0.00081175 0.00090185 0.00082665 0.0007923 0.0007892 0.00085055 0.0008922 0.0008498 0.00089945 0.00085225 0.00087975 0.0007873 0.00085235 0.00087065 0.0008626 0.0008734 0.00088735 0.00084795 0.00064955 0.00081595 0.0007813 0.0008512 0.00089045 0.00087125 0.0008218 0.0008115 0.0007814 0.0008629 0.0008712 0.00087495 0.0008781 0.00083855 0.0008265 0.0006357 0.0008519 0.00087005 0.00082015 0.00085675 0.0006219 0.0008685 0.0008766 0.00085225 0.00080545 0.0008513 0.0009194 0.00085935 0.0008432 0.0008195 0.00088985 0.00084515 0.0008389 0.00078625 0.00081245 0.00087215 0.00086865 0.000811 0.0008839 0.0008573 0.00083665 0.00082805 0.00083955 0.00088605 0.00090675 0.0008765 0.00064645 0.00087045 0.0008448 0.0008568 0.0009179 0.00079945 0.00082285 0.0008423 0.00084905 0.0009065 0.0008505 0.0008053 0.00077635 0.00087935 0.0008206 0.00090875 0.000832 0.0008551 0.0008943 0.0008331 0.00087345 0.00087925 0.00084775 0.0008834 0.0009065
1 0.0008638 0.0008304 0.00085935 0.0008582 0.00063945 0.00083895 0.0008355 0.00079655 0.00083305 0.00082675 0.00083505 0.0008016 0.00087 0.0008586 0.00080925 0.00066895 0.00088665 0.0008622 0.00084895 0.00083705 0.0006348 0.0009239 0.00086155 0.00086595 0.00081345 0.0008088 0.000833 0.00080705 0.0006485 0.0008351 0.0008236 0.00087255 0.0008168 0.00083825 0.000827 0.00063605 0.00084745 0.00087265 0.0006527 0.0008489 0.00083455 0.0008812 0.0008594 0.0008651 0.0006697 0.0006855 0.000826 0.0008289 0.00085785 0.00083775 0.00081935 0.0007885 0.0006348 0.00080585 0.00065215 0.0008514 0.0008548 0.00063105 0.00086465 0.00089955 0.0008311 0.00081655 0.00064315 0.0008312 0.0006336 0.00046505 0.00081775 0.00084845 0.00065845 0.0007636 0.00085785 0.0006264 0.00079905 0.00083145 0.00083585 0.00084015 0.0007807 0.0008208 0.0008323 0.00087685 0.0007625 0.0008052 0.0008658 0.00088515 0.00067435 0.00081895 0.0008057 0.00079365 0.00064555 0.0007954 0.00086925 0.00062445 0.0007592 0.0008313 0.0008243 0.00083305 0.00064545 0.00082735 0.0007888 0.0008851
2 0.00086225 0.00085935 0.000953 0.00090245 0.0006728 0.00087585 0.0008181 0.00085205 0.0008457 0.0008458 0.00090105 0.0008577 0.0008112 0.00086395 0.0006531 0.0008436 0.0008767 0.00084745 0.0008198 0.0008641 0.0008496 0.00090395 0.0008498 0.0008307 0.000844 0.0008573 0.00084565 0.00084385 0.00086165 0.0008795 0.0008675 0.0008214 0.0008416 0.00082855 0.0008624 0.0008634 0.0008516 0.0008215 0.00087355 0.0008192 0.0008225 0.00086475 0.0008296 0.00083305 0.0008862 0.0008274 0.00085555 0.00086985 0.00083015 0.00086255 0.0008278 0.0008601 0.0008496 0.0008437 0.00085535 0.0008351 0.00082285 0.00085635 0.0008555 0.0008741 0.00084435 0.0008571 0.00083515 0.00065305 0.00084955 0.00086935 0.0008641 0.00087095 0.00087045 0.00088395 0.00084295 0.00089755 0.0008429 0.000883 0.00085045 0.0008182 0.00086175 0.00085195 0.0008816 0.00081055 0.0006784 0.00066645 0.0006393 0.0008999 0.00085285 0.0008843 0.00084355 0.0008751 0.00084165 0.0008908 0.0006772 0.00084125 0.00087865 0.0008948 0.0008286 0.0008457 0.00084155 0.00083725 0.000895 0.0006507
3 0.00091185 0.0008582 0.00090245 0.000958 0.00089665 0.0008269 0.00082365 0.00081615 0.00088845 0.0007868 0.00081395 0.00078755 0.00085175 0.00086235 0.00085815 0.0008876 0.00087795 0.00087235 0.0008571 0.0008701 0.0008515 0.00089335 0.0008483 0.0008231 0.0008491 0.0008785 0.0008884 0.0008549 0.0008817 0.00089145 0.000841 0.0008778 0.00087315 0.0008967 0.00064595 0.000843 0.00082515 0.0008779 0.00088815 0.00088045 0.00087605 0.00088535 0.0008241 0.0007834 0.0008921 0.00084315 0.00084225 0.00080395 0.0008651 0.0008739 0.0008761 0.00085585 0.0008515 0.0008045 0.00088885 0.00088945 0.00083995 0.0008463 0.00079955 0.00084025 0.0008321 0.00082945 0.0008374 0.00088035 0.00088175 0.00089005 0.00081955 0.0008991 0.00086215 0.00086735 0.00083125 0.0008485 0.00088115 0.0006841 0.0008508 0.00091075 0.00088915 0.00083495 0.000816 0.00089285 0.00088965 0.00089635 0.0009 0.00089035 0.00085335 0.00085455 0.00080435 0.00091245 0.0008905 0.0008605 0.00090875 0.00081565 0.00086315 0.0008565 0.00081615 0.00088845 0.0008904 0.0008403 0.00067745 0.00090075
4 0.00080865 0.00063945 0.0006728 0.00089665 0.0008215 0.000867 0.00084485 0.0008312 0.00086475 0.00084075 0.00088065 0.0008527 0.0008741 0.0008491 0.0006158 0.0006483 0.00087475 0.00084845 0.00083345 0.00083215 0.00061605 0.00089585 0.00087695 0.00086205 0.000815 0.00084655 0.0008647 0.0008396 0.0006341 0.0008441 0.00085785 0.00086755 0.0008329 0.00084535 0.00085685 0.0006177 0.00084275 0.00086765 0.0006513 0.00084365 0.00083745 0.0008691 0.00085335 0.00085865 0.0006315 0.0006705 0.00083855 0.0008466 0.00084245 0.000818 0.00081125 0.0008039 0.00061605 0.00082275 0.00065765 0.0008294 0.00084915 0.00066535 0.0008686 0.0008763 0.00085025 0.0008374 0.0008501 0.0006374 0.00061015 0.00041105 0.00084545 0.00086445 0.00063725 0.00079325 0.00085865 0.0006464 0.0008228 0.0008685 0.000852 0.00080235 0.0008001 0.0008399 0.0008509 0.00086625 0.00057925 0.00062375 0.0006504 0.00090205 0.0008355 0.0008669 0.0008226 0.0008168 0.0006247 0.00081595 0.0008732 0.0008161 0.00079785 0.00085605 0.0008211 0.00086475 0.0006246 0.00085775 0.00082405 0.0008521
5 0.00085555 0.00083895 0.00087585 0.0008269 0.000867 0.0008287 0.00074865 0.00081065 0.00085685 0.0007078 0.0007894 0.0007951 0.00084745 0.00085075 0.00083035 0.0008553 0.00088055 0.00083345 0.00078435 0.00082075 0.0008337 0.00087535 0.0006274 0.00082475 0.000838 0.00086165 0.0008568 0.0008161 0.00085195 0.00082405 0.00085075 0.00083275 0.00083905 0.00081365 0.0008009 0.00083325 0.0007955 0.00083285 0.000888 0.0008166 0.00085445 0.00089575 0.00072245 0.0007132 0.0008619 0.0008239 0.0006298 0.00060575 0.0008637 0.0008329 0.0008497 0.00086425 0.0008337 0.0007966 0.00084885 0.00082755 0.00080755 0.00074755 0.0007172 0.0006289 0.0008202 0.00079025 0.00080725 0.0008533 0.00085775 0.0008704 0.0006055 0.0008166 0.0008193 0.00080565 0.0008202 0.0008174 0.00081995 0.0008219 0.00064445 0.00083355 0.0008144 0.0008101 0.0006291 0.0008416 0.00083685 0.0008295 0.00086595 0.00088295 0.00084785 0.0007915 0.00079645 0.00088835 0.0008394 0.00082815 0.0009226 0.00079415 0.0008057 0.0008079 0.00071645 0.00085685 0.0008393 0.0008303 0.0008293 0.00088235
6 0.000834 0.0008355 0.0008181 0.00082365 0.00084485 0.00074865 0.000859 0.00079915 0.0008411 0.0005542 0.0007808 0.00068155 0.00083965 0.00081865 0.0008193 0.0008309 0.00084905 0.00087895 0.00067995 0.00081845 0.00082845 0.00086485 0.00073565 0.00084365 0.0008377 0.00084445 0.00084105 0.0008258 0.00080565 0.0008109 0.0007523 0.0008076 0.00079835 0.00083175 0.0008399 0.0007665 0.00077 0.0008077 0.00083995 0.0008318 0.0008531 0.00085225 0.0006185 0.0006469 0.000829 0.0008287 0.00075155 0.0006714 0.00083075 0.00079675 0.0008375 0.00083335 0.00082845 0.00074095 0.00085755 0.00083925 0.0008604 0.0006552 0.0006232 0.0007633 0.00072365 0.00080695 0.00079235 0.0008295 0.000847 0.00085405 0.00075675 0.00081795 0.00082475 0.0008213 0.0008108 0.0007996 0.00082895 0.00079415 0.0007738 0.00086085 0.00082415 0.0008344 0.0007479 0.00087475 0.00083865 0.0008271 0.00085455 0.00083705 0.00082475 0.00077585 0.0007408 0.0008327 0.00085535 0.00082145 0.00084285 0.0007322 0.00083805 0.00084295 0.00061 0.0008411 0.00085525 0.0007818 0.00080575 0.00083355
7 0.0008605 0.00079655 0.00085205 0.00081615 0.0008312 0.00081065 0.00079915 0.0007777 0.0008462 0.00082 0.00076485 0.00079465 0.0008392 0.00075625 0.0006151 0.00080755 0.0008615 0.00085185 0.00080325 0.000862 0.00060525 0.0008734 0.00079035 0.0007826 0.00082925 0.0007903 0.00084615 0.0006367 0.00081065 0.00082895 0.0008399 0.00078335 0.0008191 0.00084015 0.00058875 0.0008468 0.00084395 0.00078345 0.0008146 0.0008287 0.00087615 0.0008492 0.00077045 0.00076085 0.00082935 0.0006111 0.0008127 0.00082985 0.00082135 0.0008256 0.00084965 0.0008243 0.00060525 0.0006307 0.00077975 0.00089075 0.0008193 0.0007928 0.00075785 0.0008195 0.000796 0.0005921 0.00078305 0.00082635 0.0008301 0.0008214 0.00085365 0.00079005 0.000814 0.0008056 0.0007769 0.00080185 0.00082975 0.0008323 0.0008298 0.0008848 0.0007949 0.00049835 0.00079945 0.0008909 0.0008178 0.00083115 0.0008652 0.00083155 0.00083015 0.0007887 0.00063055 0.0008353 0.00085315 0.0007228 0.0008551 0.0008162 0.00081475 0.00082135 0.00079135 0.0008462 0.00085305 0.0007947 0.000819 0.0008376
8 0.00087345 0.00083305 0.0008457 0.00088845 0.00086475 0.00085685 0.0008411 0.0008462 0.0007884 0.00080225 0.0008718 0.00083095 0.0007688 0.00088735 0.0008698 0.000831 0.00085925 0.00087205 0.0007635 0.0008018 0.00085785 0.00081025 0.0008019 0.00089925 0.00073495 0.0007276 0.00039425 0.0006118 0.00084715 0.000819 0.0005826 0.0008445 0.00072715 0.00055925 0.00086995 0.00081195 0.00076785 0.0008446 0.0006236 0.00063695 0.0006487 0.0005967 0.0008567 0.00085355 0.0008351 0.0007793 0.0007038 0.0007831 0.0008914 0.00083115 0.0007653 0.0008277 0.00085785 0.000817 0.00074345 0.0005808 0.000634 0.0008447 0.0008533 0.0008229 0.0008073 0.00084445 0.0007991 0.00090095 0.0007331 0.00085285 0.00084545 0.00077365 0.0008262 0.0008113 0.00085755 0.0008619 0.00071705 0.0008603 0.0006091 0.0006625 0.00077925 0.00084545 0.0008079 0.00063365 0.0008557 0.000849 0.000875 0.0006048 0.00081145 0.0007973 0.00081685 0.00060875 0.00062365 0.0008456 0.00060115 0.0008014 0.00083535 0.00085345 0.0008397 0.00039425 0.0006236 0.0007531 0.00086705 0.0008438
9 0.00079955 0.00082675 0.0008458 0.0007868 0.00084075 0.0007078 0.0005542 0.00082 0.00080225 0.0008216 0.00073875 0.00064715 0.00082325 0.0008558 0.0008316 0.0008371 0.00081875 0.00085905 0.0006818 0.0008015 0.00084245 0.00083425 0.00071015 0.00085565 0.0007717 0.00079455 0.0008022 0.0007976 0.00078905 0.0008091 0.0006133 0.0008268 0.0007289 0.00081165 0.00083105 0.00063135 0.00060455 0.0008269 0.00083375 0.00080975 0.00080425 0.000836 0.00062095 0.0006295 0.0008247 0.00081875 0.0006646 0.00050455 0.0008252 0.00081125 0.00080675 0.00078985 0.00084245 0.0006222 0.0008023 0.0008282 0.0008185 0.0006435 0.0005968 0.0007277 0.00070305 0.00078405 0.00078205 0.00084665 0.00079175 0.00085165 0.00061485 0.0008205 0.00079475 0.00075615 0.00078735 0.0007734 0.0007762 0.00078265 0.00071755 0.00079565 0.0008258 0.0008512 0.0006732 0.0008338 0.00082365 0.0008255 0.00084455 0.00081675 0.00081835 0.0007646 0.000622 0.000822 0.0008203 0.0008232 0.00086125 0.0006071 0.0007862 0.00079965 0.00061825 0.00080225 0.0008202 0.0007571 0.00078085 0.00086875
10 0.0008124 0.00083505 0.00090105 0.00081395 0.00088065 0.0007894 0.0007808 0.00076485 0.0008718 0.00073875 0.0008321 0.0006333 0.00086675 0.00079985 0.00080095 0.000886 0.00087215 0.00090625 0.00075035 0.00085015 0.00083755 0.00086535 0.00081285 0.00080515 0.00079705 0.00082495 0.00087175 0.000816 0.00086755 0.00082335 0.00081785 0.00081545 0.0008072 0.0008081 0.00080175 0.00083495 0.00076105 0.00081555 0.0009003 0.00081815 0.0008822 0.000887 0.0007506 0.00075395 0.00087275 0.00082145 0.00078385 0.00076205 0.00083985 0.00082885 0.000817 0.00085725 0.00083755 0.00075525 0.0008362 0.0008808 0.0008217 0.0008155 0.0005706 0.00083735 0.00082865 0.00074835 0.00080275 0.00083585 0.0008572 0.0009173 0.0007806 0.00078115 0.0008447 0.00077805 0.0008004 0.0006668 0.00080785 0.0008004 0.000819 0.0008291 0.0008009 0.00080495 0.00076885 0.0009213 0.0008452 0.0008316 0.00090805 0.00086175 0.0008478 0.0005858 0.0007551 0.00089065 0.00088895 0.0008041 0.0009127 0.0007796 0.0008278 0.0007842 0.0007777 0.0008718 0.00088885 0.00078985 0.00081405 0.00085905
11 0.00081175 0.0008016 0.0008577 0.00078755 0.0008527 0.0007951 0.00068155 0.00079465 0.00083095 0.00064715 0.0006333 0.0008537 0.0008459 0.0008212 0.00082275 0.0008388 0.00083175 0.000874 0.000704 0.00084825 0.0008404 0.00083165 0.00078845 0.00082785 0.00081775 0.00083135 0.0008309 0.000808 0.00080065 0.0008126 0.00072835 0.00082 0.0007662 0.00079155 0.00081665 0.00075135 0.0007518 0.0008201 0.0008475 0.00083495 0.0008511 0.0008389 0.00074745 0.0007453 0.0008378 0.0008226 0.00078565 0.00070125 0.0008486 0.0008181 0.0008214 0.00086195 0.0008404 0.0007214 0.00084035 0.0008431 0.000833 0.00077865 0.000751 0.000823 0.00064435 0.0007721 0.00075575 0.00083125 0.0008362 0.0008704 0.0007268 0.00080365 0.0007975 0.00079875 0.00077975 0.00064875 0.00081105 0.00078615 0.000806 0.00082845 0.0008089 0.00083885 0.0007998 0.0008655 0.00085375 0.00082785 0.00085875 0.0008116 0.0007994 0.00058615 0.00072125 0.0008375 0.000854 0.00083655 0.00086305 0.00069595 0.00086565 0.00079705 0.000747 0.00083095 0.0008539 0.00077035 0.0008121 0.00086705
12 0.00090185 0.00087 0.0008112 0.00085175 0.0008741 0.00084745 0.00083965 0.0008392 0.0007688 0.00082325 0.00086675 0.0008459 0.0009026 0.00087775 0.00084735 0.00086635 0.00084885 0.00063315 0.0008061 0.0008123 0.00087795 0.0008781 0.00083435 0.00084325 0.0007988 0.00082875 0.00076875 0.00076865 0.0008794 0.00086035 0.00080115 0.0008281 0.0008294 0.0007286 0.0008438 0.00083995 0.0008102 0.0008282 0.00086605 0.00076915 0.00075965 0.0008329 0.00084985 0.0008518 0.00090215 0.00085945 0.0008228 0.0008082 0.0008184 0.00088935 0.00083325 0.00083255 0.00087795 0.0008132 0.0008702 0.000777 0.0007713 0.0008968 0.00086285 0.0008429 0.00081535 0.000838 0.0008188 0.00084905 0.000855 0.00090475 0.00081505 0.00078245 0.0008635 0.00084105 0.00084315 0.0008922 0.00081325 0.00084415 0.00077645 0.00080785 0.00079085 0.00084395 0.0008324 0.00059525 0.00083935 0.00083265 0.0006475 0.000858 0.0008464 0.000813 0.00081305 0.0008562 0.00080765 0.00086425 0.0008036 0.00080365 0.0008224 0.0008352 0.00087575 0.0007688 0.00080755 0.0006528 0.0008509 0.00080395
13 0.00082665 0.0008586 0.00086395 0.00086235 0.0008491 0.00085075 0.00081865 0.00075625 0.00088735 0.0008558 0.00079985 0.0008212 0.00087775 0.0008817 0.0007598 0.0008931 0.0008306 0.00089355 0.00085215 0.00086735 0.00082245 0.00086855 0.00085865 0.00069155 0.00084675 0.0008238 0.0008873 0.00083715 0.00085605 0.0008495 0.0008739 0.0008516 0.0008365 0.00088615 0.00078205 0.0008901 0.0008594 0.0008517 0.0008957 0.00086185 0.00085425 0.000859 0.00083605 0.00084175 0.0008696 0.0008071 0.00085785 0.0008559 0.00082045 0.0008043 0.00065685 0.00086195 0.00082245 0.0008008 0.00084805 0.00088805 0.00086775 0.0008696 0.0008148 0.00086315 0.00082275 0.0007888 0.00084425 0.0006648 0.0008925 0.0009118 0.0008639 0.00084675 0.0008807 0.00083785 0.0008203 0.0008628 0.00087245 0.0008827 0.0008742 0.00086115 0.00084655 0.000747 0.0008396 0.00091085 0.0008014 0.00082935 0.0008514 0.0008637 0.0008626 0.0008452 0.00080065 0.00088805 0.0009036 0.0006285 0.00088515 0.00085075 0.00084015 0.00084165 0.0008127 0.00088735 0.0009035 0.00081995 0.0008548 0.00085965
14 0.0007923 0.00080925 0.0006531 0.00085815 0.0006158 0.00083035 0.0008193 0.0006151 0.0008698 0.0008316 0.00080095 0.00082275 0.00084735 0.0007598 0.0008121 0.00081485 0.00083375 0.00084175 0.0008214 0.00082185 0.00061605 0.00085685 0.00081645 0.00078655 0.0008268 0.00081175 0.00086975 0.00084215 0.00082045 0.00083165 0.0008735 0.00078115 0.00081975 0.00085485 0.00061925 0.000847 0.00082555 0.00078125 0.0008524 0.0008094 0.00083455 0.00084695 0.00077675 0.00078625 0.0008247 0.0006036 0.00082675 0.00084885 0.000784 0.00080385 0.00081345 0.00082885 0.00061605 0.00063725 0.0007736 0.00083405 0.0008191 0.00080545 0.00078315 0.0008352 0.00081385 0.0006131 0.0008052 0.0006009 0.00082535 0.0008258 0.00085035 0.0008309 0.00082055 0.0008132 0.0007963 0.00082845 0.00083235 0.0008619 0.0008349 0.00081145 0.0008171 0.00061145 0.00084475 0.00086985 0.0005957 0.0006231 0.0006417 0.000869 0.00082455 0.0008398 0.0006371 0.00087235 0.00084335 0.0007511 0.0008608 0.00082625 0.00081165 0.00083995 0.00079005 0.0008698 0.00084325 0.00081635 0.00083455 0.0008004
15 0.0007892 0.00066895 0.0008436 0.0008876 0.0006483 0.0008553 0.0008309 0.00080755 0.000831 0.0008371 0.000886 0.0008388 0.00086635 0.0008931 0.00081485 0.0008984 0.00089585 0.00084865 0.00083745 0.0008658 0.000616 0.0009073 0.00064745 0.0008164 0.00082635 0.0008596 0.00083095 0.0008384 0.0006416 0.000798 0.0008133 0.00061975 0.00083325 0.0008374 0.000839 0.0006293 0.00084275 0.00061985 0.0006336 0.00081735 0.00086605 0.00087285 0.00082785 0.00085195 0.0006177 0.00068215 0.00083945 0.0008278 0.00083575 0.00080595 0.0008572 0.00079225 0.000616 0.00079585 0.0006924 0.00085655 0.00084165 0.00068945 0.0008715 0.00088085 0.0008351 0.0008252 0.00065445 0.00082075 0.00064145 0.0004495 0.0008373 0.0008585 0.0006584 0.0008076 0.00083625 0.00067205 0.0008218 0.00084495 0.00081105 0.0008191 0.00079365 0.00082865 0.00082365 0.00087705 0.00080225 0.000829 0.00087405 0.0008608 0.00084225 0.0008622 0.0007957 0.00063335 0.0006471 0.00083075 0.0008585 0.00080015 0.0008145 0.0008585 0.00084605 0.000831 0.000647 0.00083295 0.00081825 0.00084485
16 0.00085055 0.00088665 0.0008767 0.00087795 0.00087475 0.00088055 0.00084905 0.0008615 0.00085925 0.00081875 0.00087215 0.00083175 0.00084885 0.0008306 0.00083375 0.00089585 0.0008813 0.0008669 0.0008768 0.00076955 0.00088345 0.0004407 0.0008634 0.00087285 0.0008459 0.0008554 0.0008592 0.00084805 0.00089365 0.00085105 0.00085225 0.00085945 0.00084185 0.0008747 0.000842 0.0008632 0.00084005 0.00085955 0.00091365 0.0008336 0.0006282 0.0006928 0.0008437 0.00085485 0.0008786 0.0008736 0.0008403 0.000831 0.00064365 0.0008588 0.000848 0.00087285 0.00088345 0.0008222 0.0008526 0.00076705 0.00084495 0.00088095 0.00085555 0.0006846 0.0008107 0.0008518 0.0008581 0.0008485 0.00087295 0.0009245 0.0008521 0.00088015 0.00090335 0.0008517 0.00086845 0.0008969 0.00084545 0.0008919 0.0008325 0.0008427 0.0008958 0.00088975 0.0008475 0.0008271 0.0008417 0.00084755 0.00083315 0.0006717 0.00064145 0.0009012 0.00082205 0.00088605 0.00087025 0.000822 0.0009173 0.0008209 0.00083815 0.0008718 0.00086075 0.00085925 0.00087015 0.00085985 0.0008861 0.00089165
17 0.0008922 0.0008622 0.00084745 0.00087235 0.00084845 0.00083345 0.00087895 0.00085185 0.00087205 0.00085905 0.00090625 0.000874 0.00063315 0.00089355 0.00084175 0.00084865 0.0008669 0.0007909 0.0008678 0.00084635 0.00084565 0.00091085 0.0008491 0.00080425 0.0008399 0.0008721 0.000872 0.0008663 0.00086295 0.00086045 0.00085885 0.00079455 0.00086965 0.0008625 0.00083655 0.0008471 0.00080125 0.00079465 0.00086425 0.000806 0.00083935 0.0008842 0.0008103 0.00082225 0.0008952 0.00084575 0.0008596 0.0008478 0.00077845 0.00089835 0.00086785 0.00087265 0.00084565 0.0008404 0.00087705 0.0008584 0.00081815 0.000879 0.0008789 0.000856 0.0008357 0.00084665 0.00083825 0.0008426 0.00085935 0.0008524 0.0008281 0.00085565 0.00085055 0.00087055 0.00082085 0.00089195 0.00082465 0.00084675 0.00086935 0.00085785 0.0008545 0.0008506 0.00085235 0.0006391 0.0008485 0.00081405 0.0006204 0.0008996 0.0008722 0.00089395 0.00084025 0.00086615 0.00086035 0.0008846 0.0008784 0.000847 0.00085515 0.0007098 0.000868 0.00087205 0.00086025 0.000872 0.00088125 0.00081235
18 0.0008498 0.00084895 0.0008198 0.0008571 0.00083345 0.00078435 0.00067995 0.00080325 0.0007635 0.0006818 0.00075035 0.000704 0.0008061 0.00085215 0.0008214 0.00083745 0.0008768 0.0008678 0.0008072 0.00084025 0.00083095 0.0008835 0.00079365 0.00084965 0.0007697 0.0008109 0.00076345 0.0007353 0.0008251 0.0008149 0.00082235 0.00082115 0.00076165 0.0005437 0.000845 0.00082205 0.00082045 0.00082125 0.00084345 0.0007467 0.0007836 0.000868 0.00068655 0.00070515 0.00082685 0.00081805 0.00073585 0.0007785 0.00084745 0.00083215 0.00079035 0.00083925 0.00083095 0.00081 0.00079065 0.00077815 0.0007655 0.00071225 0.00069885 0.0007926 0.000773 0.0007952 0.0008276 0.0008379 0.00077985 0.00084305 0.00080755 0.0006037 0.0008144 0.00079655 0.00082745 0.00075455 0.00076795 0.00083115 0.00074125 0.0007867 0.0006148 0.00082845 0.00078215 0.00078845 0.000825 0.00082185 0.0008532 0.0008567 0.00086635 0.0005347 0.00080985 0.00085195 0.00076325 0.0008327 0.0008497 0.0008169 0.00082235 0.000809 0.0007086 0.0007635 0.00076315 0.00076865 0.00083435 0.0008329
19 0.00089945 0.00083705 0.0008641 0.0008701 0.00083215 0.00082075 0.00081845 0.000862 0.0008018 0.0008015 0.00085015 0.00084825 0.0008123 0.00086735 0.00082185 0.0008658 0.00076955 0.00084635 0.00084025 0.0008014 0.0008414 0.00074315 0.0008434 0.00086895 0.00081895 0.0008478 0.00080175 0.00083975 0.0008581 0.0008279 0.00080825 0.000878 0.0008321 0.0008187 0.00083725 0.0008258 0.0008057 0.0008781 0.0008343 0.00083135 0.00079085 0.00077795 0.0008397 0.00083785 0.00086285 0.00082675 0.0008034 0.00080365 0.0008359 0.00087 0.00083565 0.0008261 0.0008414 0.0008155 0.0008332 0.0005934 0.0008297 0.0008351 0.00081305 0.0007751 0.0008012 0.0007619 0.0008382 0.00083915 0.000826 0.00085175 0.0008176 0.0008169 0.00077945 0.00069025 0.0008685 0.0008648 0.0007911 0.00083935 0.0008064 0.0008565 0.0008137 0.00085675 0.000807 0.00082415 0.0007949 0.00079755 0.0008375 0.0007805 0.00077625 0.00086395 0.00081535 0.00085585 0.0008194 0.00081995 0.00086935 0.0008113 0.00058885 0.00074685 0.0008351 0.0008018 0.0008193 0.00081355 0.00083675 0.0008989
20 0.00085225 0.0006348 0.0008496 0.0008515 0.00061605 0.0008337 0.00082845 0.00060525 0.00085785 0.00084245 0.00083755 0.0008404 0.00087795 0.00082245 0.00061605 0.000616 0.00088345 0.00084565 0.00083095 0.0008414 0.00083 0.00089035 0.0008173 0.00081375 0.0008385 0.0008189 0.0008578 0.0008283 0.000621 0.00083245 0.00085595 0.000799 0.00083505 0.00083965 0.00063775 0.00063665 0.0008515 0.0007991 0.0006345 0.00082135 0.0008727 0.0008817 0.0008042 0.0008187 0.000624 0.00049565 0.0008305 0.0008382 0.00083345 0.000816 0.0008556 0.0007892 0.00041505 0.00063665 0.00062905 0.00086005 0.00083605 0.0006437 0.0008216 0.0008532 0.00081725 0.0006212 0.0008195 0.0008171 0.00062915 0.0004151 0.0008541 0.0008151 0.00061715 0.00078145 0.0008188 0.0006371 0.00083765 0.0008373 0.00082415 0.0008671 0.0007709 0.000626 0.0008236 0.0009017 0.00077065 0.0008246 0.0008765 0.0008686 0.00083775 0.00083825 0.0006365 0.00078715 0.00063835 0.00075035 0.0008942 0.0008246 0.0007772 0.00082625 0.0008134 0.00085785 0.00063825 0.00082365 0.0007834 0.0008577
21 0.00087975 0.0009239 0.00090395 0.00089335 0.00089585 0.00087535 0.00086485 0.0008734 0.00081025 0.00083425 0.00086535 0.00083165 0.0008781 0.00086855 0.00085685 0.0009073 0.0004407 0.00091085 0.0008835 0.00074315 0.00089035 0.0002555 0.0008481 0.00090485 0.0008646 0.00086795 0.0008102 0.00083335 0.00091255 0.00085075 0.0008424 0.0008792 0.00086645 0.0008592 0.0008631 0.00088265 0.00084265 0.0008793 0.00088925 0.0008222 0.00076255 0.00053845 0.00085295 0.00086375 0.000884 0.00087815 0.00082415 0.0008237 0.0008085 0.00088155 0.000887 0.0008634 0.00089035 0.00084365 0.0008632 0.00070405 0.0008332 0.00088245 0.000865 0.00055075 0.000838 0.0008688 0.00090915 0.00088875 0.00088355 0.0009294 0.0008882 0.00089645 0.00091055 0.0008617 0.0008953 0.0008816 0.00085035 0.0008874 0.00077865 0.0008468 0.00089525 0.00090185 0.00083255 0.0008316 0.00085315 0.00086295 0.000886 0.0004884 0.0005102 0.0008901 0.0008435 0.00085875 0.00085055 0.0008219 0.00090295 0.00086315 0.00083785 0.00088625 0.00087905 0.00081025 0.00085045 0.00087135 0.00087765 0.0009149
22 0.0007873 0.00086155 0.0008498 0.0008483 0.00087695 0.0006274 0.00073565 0.00079035 0.0008019 0.00071015 0.00081285 0.00078845 0.00083435 0.00085865 0.00081645 0.00064745 0.0008634 0.0008491 0.00079365 0.0008434 0.0008173 0.0008481 0.0008346 0.00077975 0.00084685 0.0008681 0.00080185 0.00080565 0.0008437 0.0007875 0.00080345 0.00059305 0.0008319 0.0007973 0.00078785 0.00083435 0.0008053 0.00059315 0.00084705 0.0007782 0.00084065 0.0008428 0.0006993 0.0007107 0.00083135 0.00080525 0.0006361 0.0006046 0.0008284 0.00080915 0.00086475 0.00083205 0.0008173 0.00077385 0.00086025 0.00081915 0.0007898 0.00075615 0.00072245 0.000622 0.0008056 0.00079695 0.00062915 0.000822 0.0008663 0.00087785 0.00081445 0.00082575 0.0008485 0.0008261 0.00080075 0.0008443 0.0008225 0.00083395 0.0006025 0.0007893 0.0008086 0.00081365 0.0006196 0.0008327 0.00084335 0.00083345 0.0008709 0.00082465 0.00083555 0.0008086 0.0007737 0.0007017 0.00083285 0.0008261 0.0008648 0.0007951 0.0008294 0.0008451 0.00073195 0.0008019 0.00083275 0.0008065 0.0008439 0.0008411
23 0.00085235 0.00086595 0.0008307 0.0008231 0.00086205 0.00082475 0.00084365 0.0007826 0.00089925 0.00085565 0.00080515 0.00082785 0.00084325 0.00069155 0.00078655 0.0008164 0.00087285 0.00080425 0.00084965 0.00086895 0.00081375 0.00090485 0.00077975 0.0008115 0.00086725 0.00086405 0.0008992 0.00086675 0.00087205 0.0008662 0.0008919 0.00072415 0.00085535 0.00087855 0.0007504 0.00089075 0.0008573 0.00072425 0.00089055 0.00080565 0.00086805 0.00089715 0.000762 0.0006125 0.00087195 0.0008208 0.000836 0.00085435 0.00076365 0.00082385 0.0006888 0.0008808 0.00081375 0.00081525 0.00085465 0.0009076 0.00065635 0.00085645 0.00079925 0.0008445 0.00084045 0.00076675 0.0007998 0.0006204 0.00087285 0.0008893 0.00086325 0.0008532 0.00082165 0.0008105 0.00063035 0.00086035 0.00086715 0.00088075 0.0008379 0.00087905 0.00083065 0.0007647 0.00084135 0.00088855 0.0008231 0.00085665 0.0008501 0.00090405 0.000849 0.0008406 0.0008151 0.0008774 0.00089815 0.00083615 0.0009042 0.00084495 0.0008229 0.000811 0.0008066 0.00089925 0.00089805 0.0008382 0.00084725 0.0008106
24 0.00087065 0.00081345 0.000844 0.0008491 0.000815 0.000838 0.0008377 0.00082925 0.00073495 0.0007717 0.00079705 0.00081775 0.0007988 0.00084675 0.0008268 0.00082635 0.0008459 0.0008399 0.0007697 0.00081895 0.0008385 0.0008646 0.00084685 0.00086725 0.0007864 0.00062315 0.0007349 0.0007303 0.00082465 0.000829 0.0007671 0.00085625 0.0006078 0.00069685 0.0008486 0.0007719 0.0007547 0.00085635 0.00082205 0.00076945 0.00073475 0.0008293 0.0008565 0.0008406 0.0008331 0.0007637 0.00063045 0.00079265 0.00085175 0.00082345 0.00062125 0.000807 0.0008385 0.0007837 0.00061325 0.0007322 0.00075375 0.00083885 0.00081175 0.0008643 0.00084505 0.0008286 0.0007948 0.00084165 0.00061015 0.00082675 0.00076305 0.0007963 0.0008265 0.00080595 0.0008387 0.0008121 0.0006061 0.00083495 0.0007717 0.00077785 0.0007872 0.0008384 0.0006305 0.00075035 0.0008185 0.00081125 0.00082605 0.0008461 0.0008211 0.000769 0.00078355 0.0008364 0.0007398 0.00083865 0.00083435 0.00075645 0.00082955 0.00082225 0.0008174 0.00073495 0.0007397 0.0007859 0.00084225 0.00086885
25 0.0008626 0.0008088 0.0008573 0.0008785 0.00084655 0.00086165 0.00084445 0.0007903 0.0007276 0.00079455 0.00082495 0.00083135 0.00082875 0.0008238 0.00081175 0.0008596 0.0008554 0.0008721 0.0008109 0.0008478 0.0008189 0.00086795 0.0008681 0.00086405 0.00062315 0.000822 0.00072755 0.00073385 0.0008512 0.0008458 0.0007809 0.0008656 0.00062975 0.0007439 0.0008205 0.00081595 0.00081495 0.0008657 0.0008188 0.00076845 0.0007646 0.00083515 0.0008384 0.00080535 0.00084645 0.0007452 0.00064085 0.0008247 0.00086185 0.0008394 0.00067025 0.00079255 0.0008189 0.00078115 0.00059275 0.00077215 0.0007356 0.0008317 0.0008175 0.00088815 0.00081795 0.00076755 0.00080745 0.00088405 0.00063255 0.00085375 0.00081575 0.0008077 0.00080515 0.00076995 0.0008242 0.00084005 0.00063195 0.0008763 0.00078215 0.00077935 0.00082515 0.0007736 0.0008401 0.00076255 0.00083685 0.00084625 0.00084365 0.0008184 0.0008303 0.0008211 0.000781 0.00083865 0.0007627 0.0007759 0.0008337 0.0007797 0.0008314 0.0008109 0.0008258 0.0007276 0.0007626 0.00082935 0.00086695 0.00087455
26 0.0008734 0.000833 0.00084565 0.0008884 0.0008647 0.0008568 0.00084105 0.00084615 0.00039425 0.0008022 0.00087175 0.0008309 0.00076875 0.0008873 0.00086975 0.00083095 0.0008592 0.000872 0.00076345 0.00080175 0.0008578 0.0008102 0.00080185 0.0008992 0.0007349 0.00072755 0.0007883 0.00061175 0.0008471 0.00081895 0.00058255 0.00084445 0.0007271 0.0005592 0.0008699 0.0008119 0.0007678 0.00084455 0.00062355 0.0006369 0.0006487 0.0005966 0.00085665 0.0008535 0.00083505 0.00077925 0.00070375 0.00078305 0.00089135 0.0008311 0.00076525 0.00082765 0.0008578 0.00081695 0.0007434 0.0005808 0.00063395 0.00084465 0.00085325 0.00082285 0.00080725 0.0008444 0.00079905 0.0009009 0.00073305 0.0008528 0.0008454 0.0007736 0.00082615 0.00081125 0.0008575 0.00086185 0.000717 0.00086025 0.0006091 0.0006625 0.0007792 0.0008454 0.00080785 0.00063365 0.00085565 0.00084895 0.00087495 0.00060475 0.0008114 0.00079725 0.0008168 0.0006087 0.00062365 0.00084555 0.00060105 0.00080135 0.0008353 0.0008534 0.00083965 0.00039425 0.00062355 0.00075305 0.000867 0.00084375
27 0.00088735 0.00080705 0.00084385 0.0008549 0.0008396 0.0008161 0.0008258 0.0006367 0.0006118 0.0007976 0.000816 0.000808 0.00076865 0.00083715 0.00084215 0.0008384 0.00084805 0.0008663 0.0007353 0.00083975 0.0008283 0.00083335 0.00080565 0.00086675 0.0007303 0.00073385 0.00061175 0.0008849 0.00083175 0.00084535 0.0007914 0.00085425 0.0007397 0.00056695 0.0008237 0.00081385 0.00081345 0.00085435 0.00080345 0.0006499 0.0006538 0.00080175 0.00082545 0.00080915 0.0008478 0.00075365 0.00070105 0.00078135 0.0008614 0.00084455 0.00076585 0.0008118 0.0008283 0.0008164 0.0007382 0.00065625 0.0006338 0.00081415 0.000807 0.000798 0.0008135 0.00082885 0.0008075 0.00088115 0.000734 0.0008258 0.0008373 0.0007568 0.0008372 0.00081185 0.00083135 0.0008188 0.0007316 0.0008571 0.0006133 0.00067435 0.0007532 0.0007441 0.0007701 0.0006711 0.00083445 0.0008375 0.00086235 0.00080605 0.0008131 0.0007513 0.00081625 0.00083265 0.0006343 0.00079965 0.0008002 0.0007957 0.0008267 0.000851 0.0008068 0.0006118 0.0006342 0.0007521 0.0008541 0.0008383
28 0.00084795 0.0006485 0.00086165 0.0008817 0.0006341 0.00085195 0.00080565 0.00081065 0.00084715 0.00078905 0.00086755 0.00080065 0.0008794 0.00085605 0.00082045 0.0006416 0.00089365 0.00086295 0.0008251 0.0008581 0.000621 0.00091255 0.0008437 0.00087205 0.00082465 0.0008512 0.0008471 0.00083175 0.0008692 0.0008512 0.00079505 0.00084815 0.0006313 0.00084235 0.00085575 0.00059045 0.00082725 0.00084825 0.0006394 0.0008489 0.0008618 0.0008777 0.00084015 0.0008646 0.00065065 0.00069325 0.00083355 0.0007928 0.0008607 0.00084435 0.00083655 0.00080415 0.000621 0.0007768 0.00067615 0.00086975 0.00087355 0.0006658 0.00085025 0.00086905 0.00079255 0.00081885 0.0008253 0.00084035 0.0006314 0.0004347 0.00080575 0.0008426 0.00063635 0.0007754 0.0006659 0.00065085 0.000832 0.00084755 0.00084345 0.00084015 0.0007783 0.0008287 0.00082705 0.0008868 0.0007778 0.00083475 0.00087245 0.000879 0.00084925 0.0008507 0.00077665 0.0007799 0.00064235 0.00079435 0.0008786 0.00077715 0.0007805 0.0008424 0.0008275 0.00084715 0.00064225 0.0006412 0.00079065 0.00088035
29 0.00064955 0.0008351 0.0008795 0.00089145 0.0008441 0.00082405 0.0008109 0.00082895 0.000819 0.0008091 0.00082335 0.0008126 0.00086035 0.0008495 0.00083165 0.000798 0.00085105 0.00086045 0.0008149 0.0008279 0.00083245 0.00085075 0.0007875 0.0008662 0.000829 0.0008458 0.00081895 0.00084535 0.0008512 0.000916 0.0008022 0.00078265 0.0008538 0.00085105 0.00084245 0.00083225 0.00080815 0.00078275 0.000815 0.0008335 0.0008677 0.0008285 0.0008065 0.00082605 0.0006517 0.00082435 0.0008371 0.000822 0.00084875 0.0006524 0.00086395 0.0008627 0.00083245 0.0008198 0.00084175 0.0008584 0.00085325 0.00083075 0.00082655 0.00085385 0.00084785 0.00084495 0.00077755 0.0008613 0.0008478 0.00084495 0.00082225 0.0008559 0.0008552 0.00084665 0.00085545 0.00081885 0.00065415 0.0006878 0.0008429 0.00084745 0.00083885 0.0008186 0.00081155 0.0008808 0.00083615 0.00065075 0.00087005 0.00080235 0.00084445 0.00082065 0.00081965 0.00077455 0.0008491 0.0008249 0.00084935 0.0008182 0.0008164 0.00087245 0.000823 0.000819 0.000849 0.0008409 0.00087325 0.00086385
30 0.00081595 0.0008236 0.0008675 0.000841 0.00085785 0.00085075 0.0007523 0.0008399 0.0005826 0.0006133 0.00081785 0.00072835 0.00080115 0.0008739 0.0008735 0.0008133 0.00085225 0.00085885 0.00082235 0.00080825 0.00085595 0.0008424 0.00080345 0.0008919 0.0007671 0.0007809 0.00058255 0.0007914 0.00079505 0.0008022 0.0007806 0.0008235 0.0007303 0.0008138 0.00087335 0.00061545 0.00057855 0.0008236 0.0006154 0.00081765 0.0008226 0.00062615 0.0008485 0.0008639 0.00081315 0.0008344 0.0007658 0.00060585 0.00086485 0.00082195 0.0008056 0.0008042 0.00085595 0.0006311 0.0007993 0.00079935 0.00083325 0.0008528 0.00082905 0.00085695 0.00072065 0.00079935 0.00077055 0.00088395 0.00077585 0.00084035 0.0006361 0.00082555 0.0007794 0.000749 0.0008207 0.0008273 0.00076495 0.0008127 0.00081185 0.000811 0.00084165 0.00084345 0.0007899 0.0008115 0.00085315 0.00084725 0.0008657 0.00061225 0.00082005 0.00083325 0.00063085 0.00057875 0.0008077 0.00083895 0.0006297 0.00060805 0.00080785 0.0007903 0.00084755 0.0005826 0.0008076 0.00074825 0.00081865 0.00086475
31 0.0007813 0.00087255 0.0008214 0.0008778 0.00086755 0.00083275 0.0008076 0.00078335 0.0008445 0.0008268 0.00081545 0.00082 0.0008281 0.0008516 0.00078115 0.00061975 0.00085945 0.00079455 0.00082115 0.000878 0.000799 0.0008792 0.00059305 0.00072415 0.00085625 0.0008656 0.00084445 0.00085425 0.00084815 0.00078265 0.0008235 0.0007086 0.0008407 0.0008429 0.00079915 0.0008491 0.00077175 0.0003546 0.00085995 0.00060465 0.000864 0.0008866 0.00059795 0.0007885 0.0008363 0.00079135 0.00085135 0.00082265 0.0006141 0.00081545 0.0008517 0.0008388 0.000799 0.0007627 0.00088155 0.00086945 0.0007954 0.00087035 0.0007968 0.00087485 0.0008001 0.0007863 0.00061925 0.0007811 0.00087825 0.00088545 0.0008235 0.00083475 0.000866 0.0008522 0.0007735 0.00088205 0.00082465 0.00082405 0.0008107 0.00081565 0.00082965 0.00077455 0.00083365 0.00085655 0.0008391 0.00081425 0.00084975 0.00083995 0.0008506 0.00085465 0.00076255 0.0006908 0.00087015 0.0008492 0.0008556 0.0008001 0.00085445 0.0008226 0.0008428 0.0008445 0.00087005 0.00080885 0.00084895 0.00061555
32 0.0008512 0.0008168 0.0008416 0.00087315 0.0008329 0.00083905 0.00079835 0.0008191 0.00072715 0.0007289 0.0008072 0.0007662 0.0008294 0.0008365 0.00081975 0.00083325 0.00084185 0.00086965 0.00076165 0.0008321 0.00083505 0.00086645 0.0008319 0.00085535 0.0006078 0.00062975 0.0007271 0.0007397 0.0006313 0.0008538 0.0007303 0.0008407 0.0008284 0.0007123 0.0008437 0.000759 0.00075 0.0008408 0.00081965 0.0007631 0.00073715 0.0008242 0.00082565 0.00081515 0.0008563 0.0007716 0.00062985 0.0007579 0.00083675 0.0008609 0.00063915 0.00079715 0.00083505 0.00074585 0.0006224 0.0007564 0.0007528 0.0008283 0.00080025 0.0008551 0.00076785 0.00079405 0.00078435 0.0008432 0.0006314 0.00084825 0.00075155 0.00078325 0.00081815 0.00076675 0.0006283 0.00082535 0.00062895 0.00086205 0.00076335 0.0007513 0.0007777 0.000823 0.00079995 0.000768 0.00080605 0.00083075 0.0008434 0.00083185 0.000821 0.0007816 0.0007457 0.00081815 0.0007559 0.0008014 0.0008276 0.0007257 0.00080635 0.0008196 0.00082325 0.00072715 0.0007558 0.0006022 0.0008374 0.00086355
33 0.00089045 0.00083825 0.00082855 0.0008967 0.00084535 0.00081365 0.00083175 0.00084015 0.00055925 0.00081165 0.0008081 0.00079155 0.0007286 0.00088615 0.00085485 0.0008374 0.0008747 0.0008625 0.0005437 0.0008187 0.00083965 0.0008592 0.0007973 0.00087855 0.00069685 0.0007439 0.0005592 0.00056695 0.00084235 0.00085105 0.0008138 0.0008429 0.0007123 0.0006057 0.0008628 0.0008212 0.00082235 0.000843 0.0008229 0.00057195 0.00059185 0.00082845 0.0008262 0.00083045 0.0008429 0.0007659 0.0006601 0.00078135 0.000861 0.0008429 0.0007372 0.00082445 0.00083965 0.0008307 0.00071015 0.00056905 0.0005764 0.00082245 0.00083095 0.00077215 0.00080605 0.0008244 0.00083805 0.0008841 0.0007004 0.0008302 0.00084515 0.0005489 0.00081885 0.00080005 0.00085215 0.00079805 0.0007086 0.00088175 0.00054725 0.00061475 0.0005592 0.00086615 0.0007738 0.00060775 0.00083795 0.00085385 0.0008738 0.0008421 0.000846 0.0005344 0.00083055 0.0008487 0.0005667 0.00084145 0.00081175 0.0008285 0.00082155 0.00082665 0.00082115 0.00055925 0.0005666 0.00071255 0.0008659 0.00082445
34 0.00087125 0.000827 0.0008624 0.00064595 0.00085685 0.0008009 0.0008399 0.00058875 0.00086995 0.00083105 0.00080175 0.00081665 0.0008438 0.00078205 0.00061925 0.000839 0.000842 0.00083655 0.000845 0.00083725 0.00063775 0.0008631 0.00078785 0.0007504 0.0008486 0.0008205 0.0008699 0.0008237 0.00085575 0.00084245 0.00087335 0.00079915 0.0008437 0.0008628 0.0007998 0.0008763 0.00082865 0.00079925 0.0008725 0.00083285 0.00084825 0.0008657 0.0007903 0.00074735 0.0008595 0.0006323 0.0008122 0.0008254 0.00081145 0.00083145 0.0008525 0.0008446 0.00063775 0.0006387 0.000801 0.00087905 0.0007901 0.00081975 0.00077775 0.0008081 0.00079515 0.0005991 0.00080055 0.00081485 0.00086355 0.00087535 0.0008534 0.00082255 0.0008304 0.0008031 0.000773 0.00085435 0.00084655 0.0008667 0.00081245 0.0008852 0.00082415 0.0006159 0.0008096 0.0008765 0.0008159 0.00084015 0.0008598 0.0008637 0.0008342 0.00084405 0.00063855 0.0008813 0.00087295 0.00075165 0.00090705 0.00083605 0.0007908 0.00081335 0.00080255 0.00086995 0.00087285 0.0008215 0.0008425 0.00086995
35 0.0008218 0.00063605 0.0008634 0.000843 0.0006177 0.00083325 0.0007665 0.0008468 0.00081195 0.00063135 0.00083495 0.00075135 0.00083995 0.0008901 0.000847 0.0006293 0.0008632 0.0008471 0.00082205 0.0008258 0.00063665 0.00088265 0.00083435 0.00089075 0.0007719 0.00081595 0.0008119 0.00081385 0.00059045 0.00083225 0.00061545 0.0008491 0.000759 0.0008212 0.0008763 0.0008142 0.000632 0.0008492 0.0006156 0.00082345 0.0008244 0.0008639 0.0008512 0.00087755 0.00062095 0.00069355 0.00078105 0.0006124 0.00084715 0.00082595 0.0008123 0.0007533 0.00063665 0.0006364 0.0006438 0.00084425 0.00085 0.00067335 0.0008467 0.00086595 0.0007483 0.00081305 0.0008156 0.0008551 0.00057625 0.0004074 0.00062835 0.00083395 0.000594 0.0007256 0.0008366 0.0006199 0.0007876 0.0008147 0.00081055 0.0008053 0.0007918 0.00086995 0.00077645 0.0008599 0.00078495 0.0008294 0.00086455 0.00085075 0.0008295 0.000837 0.0006365 0.0007547 0.00060395 0.00082075 0.00086805 0.00061105 0.00076185 0.00079295 0.0008369 0.00081195 0.00060385 0.0007764 0.0007703 0.00087955
