 slim_337548628 slim_337548634 slim_337548177 slim_337548617 slim_337548519 slim_337548643 slim_337548638 slim_337548484 slim_337548616 slim_337548597 slim_337548298 slim_337548534 slim_337548594 slim_337548495 slim_337548248 slim_337548548 slim_337548610 slim_337548542 slim_337548364 slim_337548504 slim_337547911 slim_337548629 slim_337548648 slim_337548653 slim_337548441 slim_337548398 slim_337548609 slim_337548433 slim_337548341 slim_337548589 slim_337548659 slim_337548623 slim_337548627 slim_337548543 slim_337548657 slim_337548261 slim_337548591 slim_337548656 slim_337548614 slim_337548661 slim_337548607 slim_337548641 slim_337548662 slim_337548663 slim_337548529 slim_337548586 slim_337548512 slim_337548544 slim_337548505 slim_337548651 slim_337548599 slim_337548572 slim_337548566 slim_337548445 slim_337548595 slim_337548514 slim_337548605 slim_337548520 slim_337548588 slim_337548533 slim_337548642 slim_337548570 slim_337548554 slim_337548450 slim_337548515 slim_337548558 slim_337548550 slim_337548631 slim_337548644 slim_337548626 slim_337548465 slim_337548555 slim_337548655 slim_337548175 slim_337548636 slim_337548417 slim_337548598 slim_337548646 slim_337548574 slim_337548608 slim_337548630 slim_337548468 slim_337548637 slim_337548633 slim_337548649 slim_337548342 slim_337548635 slim_337548615 slim_337548619 slim_337548513 slim_337548320 slim_337548604 slim_337548516 slim_337548654 slim_337548577 slim_337548457 slim_337548640 slim_337548489 slim_337548650 slim_337548491
0 3.09e-05 7.23e-05 7.815e-05 7.015e-05 7.17e-05 1.67e-05 7.175e-05 0.0001152 7.605e-05 9.45e-05 9.345e-05 1.665e-05 7.225e-05 9.495e-05 7.105e-05 1.885e-05 1.91e-05 0.00015525 0.00014745 1.8e-05 3.985e-05 1.85e-05 1.61e-05 7.01e-05 7.805e-05 7.975e-05 1.605e-05 7.815e-05 1.89e-05 1.84e-05 1.945e-05 9.49e-05 9.63e-05 7.195e-05 7.945e-05 9.49e-05 3.805e-05 1.745e-05 7.59e-05 0.00015155 7.055e-05 3.955e-05 1.835e-05 7.755e-05 1.58e-05 1.885e-05 9.265e-05 1.69e-05 1.735e-05 1.705e-05 2.885e-05 7.745e-05 1.98e-05 7.155e-05 1.98e-05 0.0001549 4.015e-05 3.99e-05 1.65e-05 1.885e-05 7.945e-05 0.0001154 0.00017125 0.0001705 3.79e-05 3.8e-05 3.975e-05 9.5e-05 1.805e-05 1.585e-05 1.605e-05 7.23e-05 7.945e-05 0.00015505 9.54e-05 8.03e-05 9.545e-05 7.82e-05 0.00013665 7.885e-05 1.945e-05 4.29e-05 1.775e-05 0.000148 9.635e-05 7.855e-05 7.9e-05 7.96e-05 1.76e-05 7.195e-05 9.45e-05 1.84e-05 7.81e-05 9.365e-05 0.00013215 3.8e-05 1.815e-05 7.895e-05 9.285e-05 7.815e-05
1 7.23e-05 0.0001205 6.93e-05 6.1e-05 6.195e-05 6.29e-05 6.2e-05 8.835e-05 6.58e-05 8.685e-05 8.565e-05 7.27e-05 6.26e-05 8.65e-05 6.21e-05 6.075e-05 6.065e-05 9.21e-05 8.465e-05 6.355e-05 6.34e-05 6.24e-05 8.275e-05 6.1e-05 7.915e-05 6.935e-05 7.21e-05 7.895e-05 6.405e-05 7.41e-05 6.28e-05 8.685e-05 6.76e-05 6.055e-05 7.005e-05 8.455e-05 6.425e-05 7.37e-05 6.665e-05 8.85e-05 7.115e-05 6.525e-05 6.305e-05 7.935e-05 8.235e-05 6.165e-05 6.355e-05 7.32e-05 7.235e-05 7.32e-05 6.525e-05 7.94e-05 6.21e-05 6.195e-05 6.045e-05 9.235e-05 6.58e-05 6.38e-05 8.225e-05 6.215e-05 7.025e-05 8.79e-05 0.0001091 0.0001087 7.47e-05 7.48e-05 6.365e-05 8.695e-05 6.13e-05 8.24e-05 7.21e-05 6.03e-05 7.025e-05 9.21e-05 8.525e-05 7.1e-05 8.71e-05 7.93e-05 7.3e-05 8.01e-05 6.175e-05 7.96e-05 7.17e-05 8.455e-05 6.765e-05 6.99e-05 6.96e-05 6.83e-05 7.315e-05 6.05e-05 8.575e-05 7.41e-05 7.965e-05 9.645e-05 6.8e-05 7.48e-05 6.265e-05 6.97e-05 8.535e-05 6.945e-05
2 7.815e-05 6.93e-05 0.0001301 6.95e-05 6.84e-05 6.765e-05 6.845e-05 9.28e-05 7.195e-05 9.02e-05 9.21e-05 7.72e-05 6.94e-05 9.095e-05 6.745e-05 6.85e-05 6.87e-05 9.265e-05 9.12e-05 6.64e-05 7.095e-05 6.72e-05 8.615e-05 6.945e-05 7.725e-05 6.97e-05 7.775e-05 7.69e-05 6.865e-05 7.76e-05 6.92e-05 9.14e-05 7.31e-05 6.895e-05 6.75e-05 9.125e-05 7.15e-05 7.55e-05 7.14e-05 9.36e-05 7.93e-05 7.065e-05 6.78e-05 7.77e-05 8.79e-05 6.835e-05 7.115e-05 7.56e-05 7.93e-05 7.705e-05 7.14e-05 7.755e-05 6.995e-05 6.855e-05 6.94e-05 9.105e-05 7.14e-05 7.095e-05 8.76e-05 6.825e-05 6.9e-05 9.32e-05 0.00011425 0.0001136 7.965e-05 7.98e-05 7.08e-05 9.15e-05 6.715e-05 8.795e-05 7.775e-05 6.93e-05 6.9e-05 9.12e-05 9.17e-05 7.115e-05 9.19e-05 7.735e-05 7.31e-05 7.86e-05 7.07e-05 8.445e-05 7.805e-05 9.17e-05 7.32e-05 6.705e-05 6.765e-05 6.9e-05 7.675e-05 6.895e-05 9.27e-05 7.76e-05 7.91e-05 0.00010065 6.9e-05 7.98e-05 6.795e-05 6.815e-05 9.155e-05 6.57e-05
3 7.015e-05 6.1e-05 6.95e-05 0.000112 6.01e-05 6.05e-05 6.015e-05 8.75e-05 6.72e-05 8.615e-05 8.185e-05 7.175e-05 6.04e-05 8.58e-05 6.025e-05 6.5e-05 6.525e-05 8.865e-05 8.2e-05 6.425e-05 6.755e-05 6.51e-05 8.385e-05 5.605e-05 7.82e-05 6.865e-05 6.97e-05 8.035e-05 6.405e-05 7.445e-05 6.5e-05 8.625e-05 6.98e-05 6.07e-05 6.975e-05 8.685e-05 6.295e-05 7.455e-05 6.725e-05 8.805e-05 6.75e-05 6.685e-05 6.405e-05 7.86e-05 8.15e-05 6.47e-05 6.295e-05 7.395e-05 7.265e-05 7.415e-05 6.715e-05 7.865e-05 6.515e-05 5.99e-05 6.595e-05 9.04e-05 6.725e-05 6.76e-05 8.115e-05 6.47e-05 6.875e-05 8.89e-05 0.000107 0.00010705 7.69e-05 7.7e-05 6.745e-05 8.635e-05 6.39e-05 8.155e-05 6.97e-05 6.1e-05 6.875e-05 8.95e-05 8.66e-05 6.95e-05 8.605e-05 7.835e-05 7.225e-05 7.985e-05 6.36e-05 8.155e-05 7.52e-05 8.13e-05 6.985e-05 6.89e-05 6.865e-05 6.95e-05 7.39e-05 6.07e-05 8.325e-05 7.445e-05 7.68e-05 9.615e-05 6.445e-05 7.7e-05 6.345e-05 6.855e-05 8.2e-05 6.95e-05
4 7.17e-05 6.195e-05 6.84e-05 6.01e-05 0.000119 6.18e-05 5.98e-05 8.655e-05 6.585e-05 8.55e-05 8.455e-05 7.17e-05 6.075e-05 8.405e-05 6.09e-05 6.33e-05 6.355e-05 9.035e-05 8.39e-05 6.11e-05 6.595e-05 6.33e-05 8.215e-05 6.005e-05 7.825e-05 6.91e-05 7.095e-05 7.94e-05 6.2e-05 7.21e-05 6.275e-05 8.505e-05 6.81e-05 6.16e-05 6.82e-05 8.62e-05 6.445e-05 7.265e-05 6.495e-05 8.765e-05 7.065e-05 6.545e-05 6.09e-05 7.88e-05 8.22e-05 6.225e-05 6.395e-05 7.19e-05 7.305e-05 7.125e-05 6.505e-05 7.885e-05 6.385e-05 6.095e-05 6.425e-05 9.15e-05 6.51e-05 6.595e-05 8.155e-05 6.205e-05 6.825e-05 8.83e-05 0.00010795 0.00010775 7.54e-05 7.555e-05 6.58e-05 8.515e-05 6.215e-05 8.225e-05 7.095e-05 6.195e-05 6.825e-05 9.09e-05 8.62e-05 6.925e-05 8.51e-05 7.835e-05 7.25e-05 7.935e-05 6.38e-05 8.025e-05 7.365e-05 8.355e-05 6.82e-05 6.885e-05 6.755e-05 6.955e-05 7.12e-05 6.16e-05 8.395e-05 7.21e-05 7.91e-05 9.59e-05 6.71e-05 7.555e-05 6.145e-05 6.765e-05 8.445e-05 6.835e-05
5 1.67e-05 6.29e-05 6.765e-05 6.05e-05 6.18e-05 1.02e-05 6.185e-05 0.00010455 6.585e-05 8.33e-05 8.295e-05 1.655e-05 6.23e-05 8.42e-05 6.07e-05 8.95e-06 9.3e-06 0.00014565 0.00013815 6.5e-06 3.01e-05 7.55e-06 2.78e-05 6.045e-05 7.885e-05 6.995e-05 1.62e-05 7.96e-05 8.55e-06 1.725e-05 9.1e-06 8.46e-05 8.66e-05 6.26e-05 6.965e-05 8.515e-05 2.805e-05 1.56e-05 6.555e-05 0.000142 7.17e-05 2.985e-05 7.8e-06 7.95e-05 2.785e-05 8.85e-06 8.335e-05 1.63e-05 1.87e-05 1.8e-05 1.845e-05 7.935e-05 9.55e-06 6.22e-05 9.95e-06 0.0001456 2.985e-05 3.02e-05 2.745e-05 8.55e-06 6.95e-05 0.00010575 0.00016125 0.00016105 3.945e-05 3.955e-05 3.005e-05 8.47e-05 8.2e-06 2.79e-05 1.62e-05 6.29e-05 6.95e-05 0.00014575 8.515e-05 6.99e-05 8.465e-05 7.9e-05 0.00012685 7.925e-05 9.55e-06 4.435e-05 1.92e-05 0.00013885 8.665e-05 6.8e-05 6.92e-05 7.02e-05 1.745e-05 6.255e-05 8.425e-05 1.725e-05 7.84e-05 9.47e-05 0.0001232 3.955e-05 8.35e-06 6.905e-05 8.285e-05 6.795e-05
6 7.175e-05 6.2e-05 6.845e-05 6.015e-05 5.98e-05 6.185e-05 0.0001191 8.66e-05 6.59e-05 8.555e-05 8.46e-05 7.175e-05 6.08e-05 8.42e-05 6.095e-05 6.335e-05 6.36e-05 9.04e-05 8.4e-05 6.125e-05 6.6e-05 6.335e-05 8.22e-05 6.01e-05 7.83e-05 6.915e-05 7.1e-05 7.945e-05 6.205e-05 7.215e-05 6.28e-05 8.51e-05 6.815e-05 6.155e-05 6.825e-05 8.625e-05 6.45e-05 7.27e-05 6.5e-05 8.77e-05 7.06e-05 6.55e-05 6.095e-05 7.885e-05 8.225e-05 6.23e-05 6.4e-05 7.195e-05 7.31e-05 7.14e-05 6.51e-05 7.89e-05 6.39e-05 6.105e-05 6.43e-05 9.155e-05 6.515e-05 6.6e-05 8.16e-05 6.21e-05 6.83e-05 8.835e-05 0.000108 0.0001078 7.545e-05 7.56e-05 6.585e-05 8.52e-05 6.22e-05 8.23e-05 7.1e-05 6.2e-05 6.83e-05 9.095e-05 8.625e-05 6.93e-05 8.515e-05 7.84e-05 7.255e-05 7.94e-05 6.385e-05 8.03e-05 7.37e-05 8.36e-05 6.825e-05 6.89e-05 6.76e-05 6.96e-05 7.125e-05 6.165e-05 8.4e-05 7.215e-05 7.915e-05 9.595e-05 6.72e-05 7.56e-05 6.15e-05 6.77e-05 8.45e-05 6.84e-05
7 0.0001152 8.835e-05 9.28e-05 8.75e-05 8.655e-05 0.00010455 8.66e-05 0.0001315 8.795e-05 8.6e-05 8.625e-05 0.00011515 8.695e-05 8.525e-05 8.71e-05 0.0001054 0.00010575 7.645e-05 6.94e-05 0.00010335 8.75e-05 0.0001051 0.00012535 8.745e-05 0.0001045 9.525e-05 0.0001148 0.00010395 0.00010415 0.00011365 0.00010475 8.605e-05 6.915e-05 8.805e-05 9.28e-05 8.74e-05 8.7e-05 0.000114 8.64e-05 6.85e-05 9.875e-05 8.72e-05 0.00010325 0.00010485 0.0001264 0.00010445 6.975e-05 0.0001144 0.0001168 0.00011425 9.765e-05 0.0001047 0.00010645 8.76e-05 0.0001064 7.625e-05 8.645e-05 8.755e-05 0.0001261 0.0001045 9.355e-05 6.89e-05 6.785e-05 6.815e-05 9.73e-05 9.745e-05 8.74e-05 8.615e-05 0.0001053 0.00012645 0.0001148 8.835e-05 9.355e-05 7.545e-05 8.69e-05 9.42e-05 8.56e-05 0.0001046 7.715e-05 0.0001046 0.0001072 0.0001001 0.00011615 6.915e-05 6.925e-05 9.395e-05 9.31e-05 9.505e-05 0.00011415 8.8e-05 8.76e-05 0.00011365 0.0001052 9.695e-05 7.71e-05 9.745e-05 0.0001042 9.34e-05 8.665e-05 9.295e-05
8 7.605e-05 6.58e-05 7.195e-05 6.72e-05 6.585e-05 6.585e-05 6.59e-05 8.795e-05 0.0001225 8.785e-05 8.88e-05 7.54e-05 6.63e-05 8.74e-05 6.61e-05 6.325e-05 6.325e-05 9.625e-05 8.935e-05 6.425e-05 6.28e-05 6.415e-05 8.495e-05 6.715e-05 8.265e-05 7.09e-05 7.555e-05 8.18e-05 6.5e-05 7.45e-05 6.415e-05 8.795e-05 6.18e-05 6.55e-05 7.23e-05 8.74e-05 6.455e-05 7.45e-05 6.315e-05 8.69e-05 7.74e-05 6.395e-05 6.445e-05 8.305e-05 8.62e-05 6.38e-05 6.5e-05 7.45e-05 7.485e-05 7.47e-05 6.41e-05 8.3e-05 6.25e-05 6.65e-05 6.39e-05 9.585e-05 6.365e-05 6.285e-05 8.58e-05 6.38e-05 7.265e-05 8.67e-05 0.0001117 0.0001117 7.37e-05 7.385e-05 6.27e-05 8.805e-05 6.425e-05 8.625e-05 7.555e-05 6.58e-05 7.265e-05 9.625e-05 8.72e-05 7.11e-05 8.78e-05 8.275e-05 6.95e-05 8.095e-05 6.355e-05 7.67e-05 7.475e-05 9.015e-05 6.19e-05 7.27e-05 7.205e-05 7.225e-05 7.45e-05 6.545e-05 8.81e-05 7.45e-05 8.355e-05 9.835e-05 7.415e-05 7.385e-05 6.505e-05 7.24e-05 8.89e-05 7.21e-05
9 9.45e-05 8.685e-05 9.02e-05 8.615e-05 8.55e-05 8.33e-05 8.555e-05 8.6e-05 8.785e-05 0.000161 8.28e-05 9.3e-05 8.55e-05 8.21e-05 8.38e-05 8.555e-05 8.59e-05 9.36e-05 8.45e-05 8.24e-05 8.85e-05 8.37e-05 0.0001033 8.61e-05 0.00010155 9.3e-05 9.39e-05 0.00010195 8.335e-05 9.255e-05 8.495e-05 8.285e-05 9.075e-05 8.655e-05 9.18e-05 8.415e-05 8.815e-05 9.13e-05 8.715e-05 8.715e-05 9.64e-05 8.72e-05 8.4e-05 0.0001024 0.0001047 8.545e-05 8.91e-05 9.145e-05 9.565e-05 9.385e-05 8.75e-05 0.0001022 8.58e-05 8.51e-05 8.655e-05 9.14e-05 8.75e-05 8.86e-05 0.0001042 8.485e-05 9.21e-05 8.655e-05 8.22e-05 8.28e-05 9.735e-05 9.745e-05 8.845e-05 8.295e-05 8.45e-05 0.00010475 9.39e-05 8.685e-05 9.21e-05 9.19e-05 8.325e-05 9.245e-05 8.205e-05 0.0001017 9.59e-05 0.00010135 8.68e-05 0.00010225 9.53e-05 8.56e-05 9.08e-05 9.09e-05 9.225e-05 9.355e-05 9.305e-05 8.65e-05 8.51e-05 9.255e-05 0.0001023 9.235e-05 9.395e-05 9.745e-05 8.435e-05 9.21e-05 8.355e-05 9.01e-05
10 9.345e-05 8.565e-05 9.21e-05 8.185e-05 8.455e-05 8.295e-05 8.46e-05 8.625e-05 8.88e-05 8.28e-05 0.0001606 9.44e-05 8.435e-05 8.295e-05 8.42e-05 8.695e-05 8.73e-05 9.1e-05 8.275e-05 8.54e-05 8.97e-05 8.645e-05 0.00010605 8.18e-05 0.0001021 9.23e-05 9.29e-05 0.0001032 8.49e-05 9.505e-05 8.64e-05 8.375e-05 9.185e-05 8.535e-05 9.24e-05 8.5e-05 8.625e-05 9.51e-05 8.85e-05 8.725e-05 9.36e-05 8.85e-05 8.585e-05 0.0001027 0.00010515 8.68e-05 8.77e-05 9.525e-05 9.58e-05 9.615e-05 8.865e-05 0.0001026 8.685e-05 8.4e-05 8.795e-05 9.05e-05 8.875e-05 8.98e-05 0.0001047 8.655e-05 9.19e-05 8.72e-05 8.16e-05 8.245e-05 9.92e-05 9.93e-05 8.965e-05 8.385e-05 8.65e-05 0.0001052 9.29e-05 8.565e-05 9.19e-05 9.045e-05 8.39e-05 9.19e-05 8.27e-05 0.00010225 9.52e-05 0.00010235 8.645e-05 0.00010385 9.735e-05 8.32e-05 9.19e-05 9.2e-05 9.22e-05 9.33e-05 9.565e-05 8.53e-05 8.375e-05 9.505e-05 0.00010105 9.36e-05 9.1e-05 9.93e-05 8.565e-05 9.215e-05 8.13e-05 9.215e-05
11 1.665e-05 7.27e-05 7.72e-05 7.175e-05 7.17e-05 1.655e-05 7.175e-05 0.00011515 7.54e-05 9.3e-05 9.44e-05 2.8e-05 7.24e-05 9.43e-05 7.02e-05 1.86e-05 1.885e-05 0.000156 0.0001482 1.625e-05 3.965e-05 1.715e-05 1.51e-05 7.17e-05 7.74e-05 7.975e-05 1.605e-05 7.845e-05 1.81e-05 1.685e-05 1.895e-05 9.475e-05 9.605e-05 7.235e-05 7.935e-05 9.5e-05 3.905e-05 1.505e-05 7.535e-05 0.00015165 7.055e-05 3.905e-05 1.76e-05 7.815e-05 1.54e-05 1.855e-05 9.31e-05 1.425e-05 1.715e-05 1.66e-05 2.85e-05 7.79e-05 1.92e-05 7.165e-05 1.955e-05 0.0001556 3.97e-05 3.97e-05 1.49e-05 1.82e-05 7.945e-05 0.00011555 0.0001714 0.00017105 3.79e-05 3.8e-05 3.955e-05 9.485e-05 1.75e-05 1.545e-05 1.605e-05 7.27e-05 7.945e-05 0.0001557 9.515e-05 8e-05 9.495e-05 7.755e-05 0.00013655 7.74e-05 1.89e-05 4.295e-05 1.77e-05 0.0001488 9.61e-05 7.77e-05 7.905e-05 7.985e-05 1.595e-05 7.235e-05 9.445e-05 1.685e-05 7.735e-05 9.36e-05 0.00013315 3.8e-05 1.78e-05 7.88e-05 9.415e-05 7.705e-05
12 7.225e-05 6.26e-05 6.94e-05 6.04e-05 6.075e-05 6.23e-05 6.08e-05 8.695e-05 6.63e-05 8.55e-05 8.435e-05 7.24e-05 0.0001196 8.465e-05 6.135e-05 6.43e-05 6.455e-05 9.07e-05 8.45e-05 6.24e-05 6.705e-05 6.415e-05 8.29e-05 6.03e-05 7.865e-05 6.9e-05 7.145e-05 8.035e-05 6.07e-05 7.155e-05 6.22e-05 8.445e-05 6.94e-05 6.225e-05 6.78e-05 8.71e-05 6.52e-05 7.335e-05 6.455e-05 8.795e-05 7.095e-05 6.54e-05 6.14e-05 7.93e-05 8.275e-05 6.335e-05 6.465e-05 7.265e-05 7.36e-05 7.26e-05 6.475e-05 7.935e-05 6.415e-05 6.05e-05 6.525e-05 9.2e-05 6.465e-05 6.71e-05 8.205e-05 6.285e-05 6.77e-05 8.935e-05 0.00010725 0.0001078 7.645e-05 7.655e-05 6.695e-05 8.45e-05 6.295e-05 8.28e-05 7.145e-05 6.26e-05 6.77e-05 9.065e-05 8.635e-05 6.835e-05 8.41e-05 7.88e-05 7.33e-05 8.015e-05 6.445e-05 8.13e-05 7.455e-05 8.33e-05 6.945e-05 6.93e-05 6.83e-05 7.015e-05 7.185e-05 6.225e-05 8.42e-05 7.155e-05 7.93e-05 9.595e-05 6.735e-05 7.655e-05 6.09e-05 6.805e-05 8.5e-05 6.925e-05
13 9.495e-05 8.65e-05 9.095e-05 8.58e-05 8.405e-05 8.42e-05 8.42e-05 8.525e-05 8.74e-05 8.21e-05 8.295e-05 9.43e-05 8.465e-05 0.0001623 8.48e-05 8.52e-05 8.555e-05 9.265e-05 8.465e-05 8.22e-05 8.805e-05 8.46e-05 0.0001043 8.575e-05 0.0001021 9.27e-05 9.41e-05 0.0001022 8.28e-05 9.265e-05 8.41e-05 8.25e-05 9.01e-05 8.62e-05 9.08e-05 8.43e-05 8.77e-05 9.315e-05 8.615e-05 8.68e-05 9.67e-05 8.705e-05 8.265e-05 0.00010285 0.0001058 8.43e-05 8.865e-05 9.315e-05 9.615e-05 9.32e-05 8.65e-05 0.00010275 8.55e-05 8.505e-05 8.62e-05 9.155e-05 8.655e-05 8.81e-05 0.00010505 8.385e-05 9.135e-05 8.655e-05 8.25e-05 8.31e-05 9.765e-05 9.78e-05 8.795e-05 8.26e-05 8.47e-05 0.00010585 9.41e-05 8.65e-05 9.135e-05 9.18e-05 8.345e-05 9.16e-05 8.17e-05 0.0001022 9.54e-05 0.0001018 8.66e-05 0.0001025 9.575e-05 8.54e-05 9.02e-05 9.19e-05 9.105e-05 9.33e-05 9.29e-05 8.615e-05 8.44e-05 9.265e-05 0.0001033 9.33e-05 9.365e-05 9.78e-05 8.36e-05 9.12e-05 8.37e-05 9.095e-05
14 7.105e-05 6.21e-05 6.745e-05 6.025e-05 6.09e-05 6.07e-05 6.095e-05 8.71e-05 6.61e-05 8.38e-05 8.42e-05 7.02e-05 6.135e-05 8.48e-05 0.0001193 6.345e-05 6.37e-05 9.11e-05 8.36e-05 6.11e-05 6.62e-05 6.22e-05 8.095e-05 6.015e-05 7.75e-05 6.92e-05 7.055e-05 7.895e-05 6.235e-05 7.18e-05 6.34e-05 8.52e-05 6.855e-05 6.175e-05 6.9e-05 8.585e-05 6.47e-05 7.06e-05 6.575e-05 8.78e-05 7.015e-05 6.54e-05 6.205e-05 7.815e-05 8.09e-05 6.32e-05 6.415e-05 7e-05 7.235e-05 7.17e-05 6.585e-05 7.81e-05 6.395e-05 6.085e-05 6.44e-05 9.115e-05 6.585e-05 6.625e-05 8.05e-05 6.285e-05 6.88e-05 8.81e-05 0.00010745 0.00010725 7.49e-05 7.5e-05 6.61e-05 8.53e-05 6.17e-05 8.095e-05 7.055e-05 6.21e-05 6.88e-05 9.08e-05 8.585e-05 6.99e-05 8.525e-05 7.765e-05 7.28e-05 7.87e-05 6.38e-05 7.98e-05 7.3e-05 8.35e-05 6.86e-05 6.765e-05 6.855e-05 6.96e-05 7.115e-05 6.175e-05 8.445e-05 7.18e-05 7.79e-05 9.475e-05 6.725e-05 7.5e-05 6.2e-05 6.835e-05 8.41e-05 6.73e-05
15 1.885e-05 6.075e-05 6.85e-05 6.5e-05 6.33e-05 8.95e-06 6.335e-05 0.0001054 6.325e-05 8.555e-05 8.695e-05 1.86e-05 6.43e-05 8.52e-05 6.345e-05 1.6e-06 1.05e-06 0.0001487 0.0001408 7e-06 2.33e-05 4.45e-06 2.745e-05 6.495e-05 8.04e-05 7.005e-05 1.89e-05 7.74e-05 8.9e-06 1.795e-05 5.2e-06 8.545e-05 8.255e-05 6.05e-05 6.96e-05 8.185e-05 2.795e-05 1.72e-05 6.43e-05 0.00014195 7.53e-05 2.74e-05 6.05e-06 8.04e-05 2.91e-05 3.75e-06 8.255e-05 1.735e-05 1.765e-05 1.715e-05 1.535e-05 8.035e-05 4.2e-06 6.435e-05 1.8e-06 0.0001477 2.725e-05 2.35e-05 2.925e-05 4.2e-06 7.105e-05 0.0001038 0.00016395 0.0001631 3.63e-05 3.64e-05 2.335e-05 8.555e-05 4.35e-06 2.915e-05 1.89e-05 6.075e-05 7.105e-05 0.0001485 8.235e-05 7.095e-05 8.615e-05 8.055e-05 0.00012645 7.97e-05 5.2e-06 4.145e-05 1.47e-05 0.00014205 8.26e-05 7.035e-05 6.98e-05 6.755e-05 1.73e-05 6.025e-05 8.675e-05 1.795e-05 8.21e-05 9.565e-05 0.00012645 3.64e-05 6.75e-06 7.015e-05 8.62e-05 6.865e-05
16 1.91e-05 6.065e-05 6.87e-05 6.525e-05 6.355e-05 9.3e-06 6.36e-05 0.00010575 6.325e-05 8.59e-05 8.73e-05 1.885e-05 6.455e-05 8.555e-05 6.37e-05 1.05e-06 1e-06 0.00014895 0.000141 7.35e-06 2.3e-05 4.25e-06 2.755e-05 6.52e-05 8.05e-05 6.995e-05 1.915e-05 7.73e-05 9.15e-06 1.83e-05 5e-06 8.58e-05 8.255e-05 6.02e-05 6.985e-05 8.185e-05 2.8e-05 1.75e-05 6.465e-05 0.00014215 7.54e-05 2.73e-05 6.45e-06 8.05e-05 2.92e-05 3.8e-06 8.245e-05 1.76e-05 1.755e-05 1.74e-05 1.54e-05 8.045e-05 3.9e-06 6.445e-05 1.5e-06 0.0001479 2.73e-05 2.3e-05 2.935e-05 4.05e-06 7.13e-05 0.0001038 0.00016415 0.0001633 3.62e-05 3.63e-05 2.285e-05 8.59e-05 4.05e-06 2.925e-05 1.915e-05 6.065e-05 7.13e-05 0.0001487 8.235e-05 7.125e-05 8.65e-05 8.065e-05 0.0001267 7.985e-05 4.9e-06 4.135e-05 1.46e-05 0.00014215 8.26e-05 7.055e-05 7.005e-05 6.745e-05 1.755e-05 6.015e-05 8.7e-05 1.83e-05 8.23e-05 9.585e-05 0.00012655 3.63e-05 7e-06 7.04e-05 8.655e-05 6.89e-05
17 0.00015525 9.21e-05 9.265e-05 8.865e-05 9.035e-05 0.00014565 9.04e-05 7.645e-05 9.625e-05 9.36e-05 9.1e-05 0.000156 9.07e-05 9.265e-05 9.11e-05 0.0001487 0.00014895 6.78e-05 3.705e-05 0.0001471 0.0001329 0.00014875 0.00016735 8.86e-05 0.00010065 9.09e-05 0.0001548 0.0001033 0.00014695 0.00015725 0.00014795 9.32e-05 8.085e-05 9.175e-05 9.22e-05 9.455e-05 0.0001298 0.00015805 9.59e-05 4.165e-05 9.935e-05 0.00013215 0.0001465 0.0001011 0.0001659 0.0001478 7.565e-05 0.00015735 0.00015685 0.00015695 0.0001431 0.00010085 0.0001485 9.09e-05 0.00014965 3.69e-05 0.00013185 0.00013295 0.00016555 0.0001477 9.03e-05 7.825e-05 3.885e-05 3.895e-05 0.00014215 0.00014225 0.0001328 9.33e-05 0.0001478 0.00016595 0.0001548 9.21e-05 9.03e-05 3.6e-05 9.425e-05 9.24e-05 9.295e-05 0.00010075 4.16e-05 0.0001034 0.00014775 0.0001467 0.0001588 3.655e-05 8.09e-05 9.115e-05 9.075e-05 9.18e-05 0.0001568 9.175e-05 8.995e-05 0.00015725 9.985e-05 0.0001037 3.435e-05 0.00014225 0.00014675 9.015e-05 9.12e-05 9.255e-05
18 0.00014745 8.465e-05 9.12e-05 8.2e-05 8.39e-05 0.00013815 8.4e-05 6.94e-05 8.935e-05 8.45e-05 8.275e-05 0.0001482 8.45e-05 8.465e-05 8.36e-05 0.0001408 0.000141 3.705e-05 5.49e-05 0.00013985 0.0001251 0.00014045 0.0001585 8.195e-05 0.00010085 9.225e-05 0.0001474 0.0001016 0.0001402 0.0001502 0.00014125 8.445e-05 7.325e-05 8.43e-05 9.235e-05 8.455e-05 0.0001228 0.0001494 8.94e-05 3.37e-05 9.235e-05 0.0001243 0.0001402 0.00010095 0.00015775 0.00014075 6.835e-05 0.000149 0.00014895 0.0001494 0.0001366 0.00010095 0.0001414 8.335e-05 0.0001417 3.545e-05 0.0001253 0.00012515 0.0001578 0.00014065 9.23e-05 6.84e-05 2.96e-05 2.88e-05 0.0001337 0.0001338 0.000125 8.455e-05 0.00013965 0.0001578 0.0001474 8.465e-05 9.23e-05 3.66e-05 8.52e-05 9.305e-05 8.515e-05 0.000101 4.12e-05 0.0001017 0.00014045 0.0001384 0.0001502 2.89e-05 7.33e-05 9.155e-05 9.19e-05 9.255e-05 0.0001494 8.43e-05 8.47e-05 0.0001502 0.0001007 9.4e-05 3.535e-05 0.0001338 0.0001399 9.18e-05 8.195e-05 9.135e-05
19 1.8e-05 6.355e-05 6.64e-05 6.425e-05 6.11e-05 6.5e-06 6.125e-05 0.00010335 6.425e-05 8.24e-05 8.54e-05 1.625e-05 6.24e-05 8.22e-05 6.11e-05 7e-06 7.35e-06 0.0001471 0.00013985 5.9e-06 2.825e-05 5.5e-06 2.585e-05 6.42e-05 7.865e-05 7.015e-05 1.72e-05 7.84e-05 6.25e-06 1.465e-05 6.6e-06 8.315e-05 8.465e-05 6.325e-05 6.785e-05 8.425e-05 2.93e-05 1.355e-05 6.3e-05 0.00014135 7.46e-05 2.82e-05 4.4e-06 7.945e-05 2.83e-05 6.15e-06 8.41e-05 1.4e-05 1.885e-05 1.485e-05 1.61e-05 7.93e-05 8e-06 6.305e-05 8e-06 0.00014645 2.745e-05 2.83e-05 2.76e-05 5.65e-06 6.875e-05 0.0001049 0.00016195 0.0001615 3.77e-05 3.785e-05 2.815e-05 8.325e-05 6.2e-06 2.835e-05 1.72e-05 6.355e-05 6.875e-05 0.0001469 8.45e-05 6.94e-05 8.345e-05 7.875e-05 0.00012685 7.85e-05 9.5e-06 4.28e-05 1.74e-05 0.00014085 8.475e-05 6.77e-05 6.785e-05 7e-05 1.45e-05 6.32e-05 8.47e-05 1.465e-05 8.045e-05 9.42e-05 0.00012565 3.785e-05 6.1e-06 6.79e-05 8.505e-05 6.655e-05
20 3.985e-05 6.34e-05 7.095e-05 6.755e-05 6.595e-05 3.01e-05 6.6e-05 8.75e-05 6.28e-05 8.85e-05 8.97e-05 3.965e-05 6.705e-05 8.805e-05 6.62e-05 2.33e-05 2.3e-05 0.0001329 0.0001251 2.825e-05 4.52e-05 2.6e-05 4.835e-05 6.75e-05 8.28e-05 7.185e-05 3.98e-05 7.955e-05 3.02e-05 3.92e-05 2.68e-05 8.84e-05 6.095e-05 6.345e-05 7.21e-05 8.47e-05 2.715e-05 3.84e-05 6.46e-05 0.0001239 7.775e-05 2.67e-05 2.775e-05 8.275e-05 5e-05 2.49e-05 6.33e-05 3.85e-05 3.805e-05 3.825e-05 2.665e-05 8.27e-05 2.505e-05 6.7e-05 2.3e-05 0.0001318 2.665e-05 2.32e-05 5.005e-05 2.575e-05 7.36e-05 8.485e-05 0.00014855 0.0001477 3.56e-05 3.56e-05 2.305e-05 8.85e-05 2.595e-05 5.005e-05 3.98e-05 6.34e-05 7.36e-05 0.00013275 8.56e-05 7.35e-05 8.91e-05 8.29e-05 0.0001079 8.2e-05 2.55e-05 3.865e-05 3.58e-05 0.00012645 6.09e-05 7.285e-05 7.225e-05 7e-05 3.845e-05 6.33e-05 8.95e-05 3.92e-05 8.43e-05 9.84e-05 0.0001104 3.56e-05 2.855e-05 7.265e-05 8.895e-05 7.12e-05
21 1.85e-05 6.24e-05 6.72e-05 6.51e-05 6.33e-05 7.55e-06 6.335e-05 0.0001051 6.415e-05 8.37e-05 8.645e-05 1.715e-05 6.415e-05 8.46e-05 6.22e-05 4.45e-06 4.25e-06 0.00014875 0.00014045 5.5e-06 2.6e-05 7.9e-06 2.63e-05 6.505e-05 7.94e-05 7.03e-05 1.825e-05 7.785e-05 8.2e-06 1.66e-05 6.4e-06 8.49e-05 8.41e-05 6.19e-05 6.96e-05 8.31e-05 2.905e-05 1.455e-05 6.465e-05 0.0001421 7.495e-05 2.79e-05 6.5e-06 7.985e-05 2.83e-05 5.85e-06 8.36e-05 1.52e-05 1.805e-05 1.67e-05 1.655e-05 7.97e-05 6.25e-06 6.385e-05 5.1e-06 0.0001472 2.81e-05 2.59e-05 2.815e-05 5.45e-06 7.065e-05 0.00010445 0.000163 0.00016235 3.69e-05 3.7e-05 2.575e-05 8.5e-05 5.05e-06 2.835e-05 1.825e-05 6.24e-05 7.065e-05 0.000148 8.355e-05 7.105e-05 8.54e-05 7.955e-05 0.00012725 7.91e-05 7.4e-06 4.205e-05 1.59e-05 0.0001417 8.415e-05 6.84e-05 6.98e-05 6.9e-05 1.635e-05 6.205e-05 8.645e-05 1.66e-05 8.09e-05 9.465e-05 0.00012635 3.7e-05 7.2e-06 6.985e-05 8.59e-05 6.755e-05
22 1.61e-05 8.275e-05 8.615e-05 8.385e-05 8.215e-05 2.78e-05 8.22e-05 0.00012535 8.495e-05 0.0001033 0.00010605 1.51e-05 8.29e-05 0.0001043 8.095e-05 2.745e-05 2.755e-05 0.00016735 0.0001585 2.585e-05 4.835e-05 2.63e-05 3.3e-06 8.38e-05 7.62e-05 8.965e-05 1.605e-05 7.615e-05 2.685e-05 1.635e-05 2.81e-05 0.0001042 0.0001049 8.235e-05 8.83e-05 0.000104 4.98e-05 1.455e-05 8.47e-05 0.0001608 7.2e-05 4.73e-05 2.725e-05 7.605e-05 4.2e-06 2.765e-05 0.0001031 1.33e-05 1.655e-05 1.44e-05 3.775e-05 7.58e-05 2.86e-05 8.125e-05 2.83e-05 0.0001651 4.885e-05 4.835e-05 4.25e-06 2.71e-05 8.915e-05 0.0001245 0.00018125 0.00018025 3.525e-05 3.535e-05 4.82e-05 0.0001043 2.575e-05 4.25e-06 1.605e-05 8.275e-05 8.915e-05 0.0001654 0.00010475 9.09e-05 0.000105 7.635e-05 0.00014715 7.7e-05 2.96e-05 4.045e-05 1.505e-05 0.0001591 0.00010495 8.74e-05 8.865e-05 8.91e-05 1.445e-05 8.24e-05 0.00010575 1.635e-05 7.865e-05 9.185e-05 0.0001437 3.535e-05 2.645e-05 8.825e-05 0.0001052 8.625e-05
23 7.01e-05 6.1e-05 6.945e-05 5.605e-05 6.005e-05 6.045e-05 6.01e-05 8.745e-05 6.715e-05 8.61e-05 8.18e-05 7.17e-05 6.03e-05 8.575e-05 6.015e-05 6.495e-05 6.52e-05 8.86e-05 8.195e-05 6.42e-05 6.75e-05 6.505e-05 8.38e-05 0.0001119 7.815e-05 6.86e-05 6.965e-05 8.03e-05 6.4e-05 7.44e-05 6.495e-05 8.62e-05 6.975e-05 6.065e-05 6.97e-05 8.68e-05 6.29e-05 7.45e-05 6.72e-05 8.8e-05 6.745e-05 6.68e-05 6.4e-05 7.855e-05 8.145e-05 6.465e-05 6.285e-05 7.39e-05 7.26e-05 7.41e-05 6.71e-05 7.86e-05 6.51e-05 5.985e-05 6.59e-05 9.035e-05 6.72e-05 6.755e-05 8.11e-05 6.465e-05 6.87e-05 8.885e-05 0.00010695 0.000107 7.685e-05 7.695e-05 6.74e-05 8.63e-05 6.38e-05 8.15e-05 6.965e-05 6.1e-05 6.87e-05 8.945e-05 8.655e-05 6.945e-05 8.6e-05 7.83e-05 7.22e-05 7.98e-05 6.355e-05 8.15e-05 7.515e-05 8.12e-05 6.98e-05 6.885e-05 6.86e-05 6.945e-05 7.385e-05 6.065e-05 8.32e-05 7.44e-05 7.675e-05 9.61e-05 6.44e-05 7.695e-05 6.34e-05 6.85e-05 8.195e-05 6.945e-05
24 7.805e-05 7.915e-05 7.725e-05 7.82e-05 7.825e-05 7.885e-05 7.83e-05 0.0001045 8.265e-05 0.00010155 0.0001021 7.74e-05 7.865e-05 0.0001021 7.75e-05 8.04e-05 8.05e-05 0.00010065 0.00010085 7.865e-05 8.28e-05 7.94e-05 7.62e-05 7.815e-05 0.00015 7.76e-05 7.745e-05 7.815e-05 7.87e-05 7.88e-05 8.04e-05 0.00010245 8.51e-05 7.875e-05 7.86e-05 0.0001029 8.22e-05 7.78e-05 8.275e-05 0.00010415 7.73e-05 8.13e-05 7.94e-05 7.605e-05 7.71e-05 8.045e-05 8.1e-05 7.66e-05 7.91e-05 7.81e-05 8.275e-05 7.595e-05 8.055e-05 7.72e-05 8.125e-05 9.99e-05 8.265e-05 8.28e-05 7.66e-05 7.99e-05 7.76e-05 0.0001049 0.000124 0.00012385 8.075e-05 8.085e-05 8.265e-05 0.00010255 7.81e-05 7.715e-05 7.745e-05 7.915e-05 7.76e-05 9.915e-05 0.00010285 8.1e-05 0.00010245 7.515e-05 8.365e-05 7.87e-05 8.125e-05 8.555e-05 7.91e-05 0.00010015 8.515e-05 7.665e-05 7.81e-05 7.82e-05 7.72e-05 7.88e-05 0.00010175 7.88e-05 7.725e-05 0.000101 7.6e-05 8.085e-05 7.85e-05 7.72e-05 0.00010205 7.735e-05
25 7.975e-05 6.935e-05 6.97e-05 6.865e-05 6.91e-05 6.995e-05 6.915e-05 9.525e-05 7.09e-05 9.3e-05 9.23e-05 7.975e-05 6.9e-05 9.27e-05 6.92e-05 7.005e-05 6.995e-05 9.09e-05 9.225e-05 7.015e-05 7.185e-05 7.03e-05 8.965e-05 6.86e-05 7.76e-05 0.0001318 7.91e-05 7.985e-05 6.92e-05 7.99e-05 7e-05 9.32e-05 7.475e-05 6.9e-05 6.975e-05 9.35e-05 7.15e-05 8.02e-05 7.29e-05 9.52e-05 7.865e-05 7.13e-05 7.06e-05 7.815e-05 8.97e-05 7.055e-05 7.085e-05 7.97e-05 7.94e-05 8.02e-05 7.22e-05 7.83e-05 6.82e-05 6.835e-05 7.065e-05 9.13e-05 7.185e-05 7.19e-05 8.915e-05 7.01e-05 6.805e-05 9.515e-05 0.000115 0.0001155 8.185e-05 8.195e-05 7.175e-05 9.33e-05 6.93e-05 8.975e-05 7.91e-05 6.935e-05 6.805e-05 9.035e-05 9.28e-05 7.05e-05 9.255e-05 7.77e-05 7.36e-05 8.08e-05 6.925e-05 8.66e-05 8.055e-05 9.14e-05 7.48e-05 6.84e-05 6.88e-05 6.85e-05 7.97e-05 6.9e-05 9.13e-05 7.99e-05 7.845e-05 0.000103 6.705e-05 8.195e-05 6.975e-05 6.825e-05 9.29e-05 6.99e-05
26 1.605e-05 7.21e-05 7.775e-05 6.97e-05 7.095e-05 1.62e-05 7.1e-05 0.0001148 7.555e-05 9.39e-05 9.29e-05 1.605e-05 7.145e-05 9.41e-05 7.055e-05 1.89e-05 1.915e-05 0.0001548 0.0001474 1.72e-05 3.98e-05 1.825e-05 1.605e-05 6.965e-05 7.745e-05 7.91e-05 3e-05 7.88e-05 1.775e-05 1.755e-05 1.89e-05 9.45e-05 9.615e-05 7.175e-05 7.875e-05 9.51e-05 3.775e-05 1.69e-05 7.525e-05 0.00015115 7.025e-05 3.89e-05 1.795e-05 7.815e-05 1.655e-05 1.87e-05 9.235e-05 1.615e-05 1.8e-05 1.73e-05 2.82e-05 7.8e-05 1.94e-05 7.075e-05 1.985e-05 0.00015485 3.95e-05 3.985e-05 1.56e-05 1.82e-05 7.865e-05 0.0001155 0.0001706 0.0001704 3.86e-05 3.87e-05 3.97e-05 9.46e-05 1.78e-05 1.66e-05 1.5e-05 7.21e-05 7.865e-05 0.0001545 9.51e-05 7.95e-05 9.455e-05 7.76e-05 0.00013635 7.82e-05 1.935e-05 4.345e-05 1.855e-05 0.00014745 9.62e-05 7.805e-05 7.845e-05 7.94e-05 1.655e-05 7.175e-05 9.385e-05 1.755e-05 7.78e-05 9.41e-05 0.0001317 3.87e-05 1.76e-05 7.805e-05 9.28e-05 7.775e-05
27 7.815e-05 7.895e-05 7.69e-05 8.035e-05 7.94e-05 7.96e-05 7.945e-05 0.00010395 8.18e-05 0.00010195 0.0001032 7.845e-05 8.035e-05 0.0001022 7.895e-05 7.74e-05 7.73e-05 0.0001033 0.0001016 7.84e-05 7.955e-05 7.785e-05 7.615e-05 8.03e-05 7.815e-05 7.985e-05 7.88e-05 0.0001508 7.99e-05 7.915e-05 7.915e-05 0.0001021 8.255e-05 7.86e-05 7.855e-05 0.00010065 8.135e-05 7.785e-05 8.21e-05 0.0001042 7.985e-05 8.06e-05 7.865e-05 7.755e-05 7.76e-05 7.795e-05 8.08e-05 7.735e-05 7.825e-05 7.72e-05 8.135e-05 7.74e-05 7.9e-05 7.95e-05 7.8e-05 0.0001015 8.135e-05 7.965e-05 7.835e-05 7.815e-05 8e-05 0.00010265 0.00012535 0.00012415 7.85e-05 7.86e-05 7.95e-05 0.0001022 7.73e-05 7.765e-05 7.88e-05 7.895e-05 8e-05 0.0001021 0.00010155 8.195e-05 0.0001031 7.83e-05 8.335e-05 7.93e-05 7.95e-05 8.34e-05 7.685e-05 0.00010255 8.26e-05 7.875e-05 7.875e-05 7.865e-05 7.79e-05 7.855e-05 0.0001036 7.915e-05 7.99e-05 0.0001007 7.965e-05 7.86e-05 7.875e-05 7.91e-05 0.00010215 7.68e-05
28 1.89e-05 6.405e-05 6.865e-05 6.405e-05 6.2e-05 8.55e-06 6.205e-05 0.00010415 6.5e-05 8.335e-05 8.49e-05 1.81e-05 6.07e-05 8.28e-05 6.235e-05 8.9e-06 9.15e-06 0.00014695 0.0001402 6.25e-06 3.02e-05 8.2e-06 2.685e-05 6.4e-05 7.87e-05 6.92e-05 1.775e-05 7.99e-05 5e-06 1.49e-05 6.2e-06 8.265e-05 8.69e-05 6.37e-05 6.7e-05 8.595e-05 3.055e-05 1.69e-05 6.29e-05 0.00014125 7.42e-05 2.695e-05 6e-06 7.96e-05 2.9e-05 7.95e-06 8.47e-05 1.635e-05 1.98e-05 1.685e-05 1.58e-05 7.95e-05 8.5e-06 6.035e-05 9.85e-06 0.0001467 2.72e-05 3.025e-05 2.795e-05 7.05e-06 6.68e-05 0.00010675 0.00015995 0.000161 3.945e-05 3.955e-05 3.01e-05 8.275e-05 7.55e-06 2.905e-05 1.775e-05 6.405e-05 6.68e-05 0.0001453 8.47e-05 6.83e-05 8.125e-05 7.885e-05 0.0001282 7.985e-05 1.08e-05 4.45e-05 1.9e-05 0.00013915 8.695e-05 6.905e-05 6.83e-05 7.045e-05 1.565e-05 6.37e-05 8.44e-05 1.49e-05 8.115e-05 9.415e-05 0.00012465 3.955e-05 5.2e-06 6.795e-05 8.605e-05 6.855e-05
29 1.84e-05 7.41e-05 7.76e-05 7.445e-05 7.21e-05 1.725e-05 7.215e-05 0.00011365 7.45e-05 9.255e-05 9.505e-05 1.685e-05 7.155e-05 9.265e-05 7.18e-05 1.795e-05 1.83e-05 0.00015725 0.0001502 1.465e-05 3.92e-05 1.66e-05 1.635e-05 7.44e-05 7.88e-05 7.99e-05 1.755e-05 7.915e-05 1.49e-05 2.72e-05 1.615e-05 9.25e-05 9.57e-05 7.38e-05 7.75e-05 9.5e-05 3.99e-05 1.41e-05 7.26e-05 0.00015145 7.475e-05 3.8e-05 1.48e-05 7.975e-05 1.865e-05 1.72e-05 9.465e-05 1.485e-05 1.92e-05 1.605e-05 2.575e-05 7.96e-05 1.82e-05 7.245e-05 1.895e-05 0.00015675 3.7e-05 3.93e-05 1.79e-05 1.64e-05 7.81e-05 0.0001157 0.00017105 0.0001713 3.85e-05 3.86e-05 3.915e-05 9.26e-05 1.72e-05 1.87e-05 1.755e-05 7.41e-05 7.81e-05 0.0001565 9.45e-05 7.85e-05 9.23e-05 7.895e-05 0.0001374 7.895e-05 2e-05 4.365e-05 1.815e-05 0.0001505 9.575e-05 7.835e-05 7.85e-05 8.05e-05 1.495e-05 7.375e-05 9.48e-05 1.365e-05 8.035e-05 9.4e-05 0.0001357 3.86e-05 1.565e-05 7.82e-05 9.545e-05 7.765e-05
30 1.945e-05 6.28e-05 6.92e-05 6.5e-05 6.275e-05 9.1e-06 6.28e-05 0.00010475 6.415e-05 8.495e-05 8.64e-05 1.895e-05 6.22e-05 8.41e-05 6.34e-05 5.2e-06 5e-06 0.00014795 0.00014125 6.6e-06 2.68e-05 6.4e-06 2.81e-05 6.495e-05 8.04e-05 7e-05 1.89e-05 7.915e-05 6.2e-06 1.615e-05 9.5e-06 8.38e-05 8.475e-05 6.23e-05 6.8e-05 8.43e-05 2.935e-05 1.755e-05 6.295e-05 0.000142 7.56e-05 2.785e-05 5.2e-06 8.085e-05 3e-05 5.65e-06 8.4e-05 1.745e-05 1.92e-05 1.72e-05 1.51e-05 8.08e-05 6.4e-06 6.34e-05 5.9e-06 0.00014795 2.655e-05 2.67e-05 2.955e-05 5.15e-06 6.915e-05 0.00010565 0.0001627 0.0001628 3.835e-05 3.845e-05 2.655e-05 8.385e-05 6.15e-06 3.005e-05 1.89e-05 6.28e-05 6.915e-05 0.00014765 8.4e-05 6.9e-05 8.39e-05 8.055e-05 0.0001274 8.03e-05 8e-06 4.345e-05 1.735e-05 0.00014135 8.48e-05 7.035e-05 6.915e-05 6.945e-05 1.665e-05 6.245e-05 8.585e-05 1.615e-05 8.235e-05 9.575e-05 0.0001263 3.845e-05 5.7e-06 6.915e-05 8.66e-05 6.91e-05
31 9.49e-05 8.685e-05 9.14e-05 8.625e-05 8.505e-05 8.46e-05 8.51e-05 8.605e-05 8.795e-05 8.285e-05 8.375e-05 9.475e-05 8.445e-05 8.25e-05 8.52e-05 8.545e-05 8.58e-05 9.32e-05 8.445e-05 8.315e-05 8.84e-05 8.49e-05 0.0001042 8.62e-05 0.00010245 9.32e-05 9.45e-05 0.0001021 8.265e-05 9.25e-05 8.38e-05 0.0001632 9.065e-05 8.655e-05 9.065e-05 8.4e-05 8.815e-05 9.35e-05 8.6e-05 8.75e-05 9.715e-05 8.72e-05 8.26e-05 0.0001028 0.00010575 8.465e-05 8.91e-05 9.355e-05 9.61e-05 9.37e-05 8.64e-05 0.0001027 8.59e-05 8.52e-05 8.645e-05 9.135e-05 8.635e-05 8.85e-05 0.00010545 8.41e-05 9.15e-05 8.64e-05 8.35e-05 8.32e-05 9.765e-05 9.775e-05 8.835e-05 8.175e-05 8.5e-05 0.0001058 9.45e-05 8.685e-05 9.15e-05 9.245e-05 8.415e-05 9.14e-05 8.22e-05 0.0001026 9.59e-05 0.00010225 8.695e-05 0.00010255 9.56e-05 8.605e-05 9.07e-05 9.23e-05 9.175e-05 9.365e-05 9.32e-05 8.65e-05 8.505e-05 9.25e-05 0.0001037 9.36e-05 9.405e-05 9.775e-05 8.33e-05 9.155e-05 8.35e-05 9.13e-05
32 9.63e-05 6.76e-05 7.31e-05 6.98e-05 6.81e-05 8.66e-05 6.815e-05 6.915e-05 6.18e-05 9.075e-05 9.185e-05 9.605e-05 6.94e-05 9.01e-05 6.855e-05 8.255e-05 8.255e-05 8.085e-05 7.325e-05 8.465e-05 6.095e-05 8.41e-05 0.0001049 6.975e-05 8.51e-05 7.475e-05 9.615e-05 8.255e-05 8.69e-05 9.57e-05 8.475e-05 9.065e-05 7.75e-05 6.73e-05 7.41e-05 8.88e-05 6.35e-05 9.505e-05 6.28e-05 6.82e-05 8.01e-05 6.34e-05 8.45e-05 8.5e-05 0.00010655 8.3e-05 4.565e-05 9.5e-05 9.53e-05 9.46e-05 7.51e-05 8.495e-05 8.385e-05 6.96e-05 8.32e-05 7.975e-05 6.31e-05 6.09e-05 0.0001065 8.365e-05 7.575e-05 6.685e-05 9.69e-05 9.605e-05 7.185e-05 7.215e-05 6.075e-05 9.075e-05 8.42e-05 0.0001066 9.615e-05 6.76e-05 7.575e-05 8.1e-05 8.945e-05 7.415e-05 9.135e-05 8.515e-05 5.035e-05 8.27e-05 8.385e-05 7.285e-05 9.42e-05 7.49e-05 3.91e-05 7.515e-05 7.42e-05 7.405e-05 9.495e-05 6.725e-05 9.185e-05 9.57e-05 8.63e-05 0.00010075 5.85e-05 7.215e-05 8.565e-05 7.475e-05 9.11e-05 7.335e-05
33 7.195e-05 6.055e-05 6.895e-05 6.07e-05 6.16e-05 6.26e-05 6.155e-05 8.805e-05 6.55e-05 8.655e-05 8.535e-05 7.235e-05 6.225e-05 8.62e-05 6.175e-05 6.05e-05 6.02e-05 9.175e-05 8.43e-05 6.325e-05 6.345e-05 6.19e-05 8.235e-05 6.065e-05 7.875e-05 6.9e-05 7.175e-05 7.86e-05 6.37e-05 7.38e-05 6.23e-05 8.655e-05 6.73e-05 0.0001197 6.97e-05 8.48e-05 6.395e-05 7.34e-05 6.635e-05 8.815e-05 7.065e-05 6.49e-05 6.275e-05 7.895e-05 8.195e-05 6.17e-05 6.32e-05 7.285e-05 7.2e-05 7.285e-05 6.525e-05 7.9e-05 6.185e-05 6.155e-05 6.11e-05 9.2e-05 6.55e-05 6.33e-05 8.185e-05 6.165e-05 6.99e-05 8.76e-05 0.00010875 0.00010835 7.435e-05 7.445e-05 6.315e-05 8.665e-05 6.075e-05 8.2e-05 7.175e-05 6.055e-05 6.99e-05 9.175e-05 8.5e-05 7.065e-05 8.68e-05 7.89e-05 7.265e-05 7.97e-05 6.145e-05 7.925e-05 7.19e-05 8.415e-05 6.735e-05 6.955e-05 6.925e-05 6.83e-05 7.28e-05 6.02e-05 8.545e-05 7.38e-05 7.93e-05 9.61e-05 6.76e-05 7.445e-05 6.23e-05 6.935e-05 8.505e-05 6.91e-05
34 7.945e-05 7.005e-05 6.75e-05 6.975e-05 6.82e-05 6.965e-05 6.825e-05 9.28e-05 7.23e-05 9.18e-05 9.24e-05 7.935e-05 6.78e-05 9.08e-05 6.9e-05 6.96e-05 6.985e-05 9.22e-05 9.235e-05 6.785e-05 7.21e-05 6.96e-05 8.83e-05 6.97e-05 7.86e-05 6.975e-05 7.875e-05 7.855e-05 6.7e-05 7.75e-05 6.8e-05 9.065e-05 7.41e-05 6.97e-05 0.0001322 9.28e-05 7.215e-05 7.895e-05 7.005e-05 9.385e-05 8.03e-05 7.095e-05 6.685e-05 7.905e-05 8.995e-05 6.85e-05 7.19e-05 7.82e-05 8.08e-05 7.79e-05 7.03e-05 7.9e-05 7.045e-05 6.845e-05 7.055e-05 9.215e-05 7.005e-05 7.21e-05 8.935e-05 6.825e-05 6.785e-05 9.475e-05 0.0001143 0.0001144 8.145e-05 8.16e-05 7.195e-05 9.065e-05 6.86e-05 9e-05 7.875e-05 7.005e-05 6.785e-05 9.12e-05 9.25e-05 6.945e-05 9.075e-05 7.87e-05 7.36e-05 8.015e-05 7.165e-05 8.62e-05 7.985e-05 9.17e-05 7.42e-05 6.91e-05 6.735e-05 6.98e-05 7.74e-05 6.97e-05 9.245e-05 7.75e-05 8.09e-05 0.0001021 6.93e-05 8.16e-05 6.68e-05 6.78e-05 9.26e-05 6.76e-05
35 9.49e-05 8.455e-05 9.125e-05 8.685e-05 8.62e-05 8.515e-05 8.625e-05 8.74e-05 8.74e-05 8.415e-05 8.5e-05 9.5e-05 8.71e-05 8.43e-05 8.585e-05 8.185e-05 8.185e-05 9.455e-05 8.455e-05 8.425e-05 8.47e-05 8.31e-05 0.000104 8.68e-05 0.0001029 9.35e-05 9.51e-05 0.00010065 8.595e-05 9.5e-05 8.43e-05 8.4e-05 8.88e-05 8.48e-05 9.28e-05 0.0001628 8.715e-05 9.38e-05 8.8e-05 8.8e-05 9.73e-05 8.7e-05 8.42e-05 0.0001028 0.0001053 8.29e-05 8.79e-05 9.405e-05 9.48e-05 9.425e-05 8.685e-05 0.0001027 8.38e-05 8.66e-05 8.165e-05 9.165e-05 8.74e-05 8.515e-05 0.0001056 8.335e-05 9.4e-05 8.49e-05 8.53e-05 8.405e-05 9.585e-05 9.595e-05 8.5e-05 8.41e-05 8.325e-05 0.00010535 9.51e-05 8.455e-05 9.4e-05 9.385e-05 8.3e-05 9.395e-05 8.515e-05 0.00010305 9.555e-05 0.00010215 8.42e-05 0.0001008 9.27e-05 8.72e-05 8.885e-05 9.285e-05 9.3e-05 9.175e-05 9.445e-05 8.47e-05 8.655e-05 9.5e-05 0.000104 9.405e-05 9.465e-05 9.595e-05 8.495e-05 9.315e-05 8.38e-05 9.145e-05
36 3.805e-05 6.425e-05 7.15e-05 6.295e-05 6.445e-05 2.805e-05 6.45e-05 8.7e-05 6.455e-05 8.815e-05 8.625e-05 3.905e-05 6.52e-05 8.77e-05 6.47e-05 2.795e-05 2.8e-05 0.0001298 0.0001228 2.93e-05 2.715e-05 2.905e-05 4.98e-05 6.29e-05 8.22e-05 7.15e-05 3.775e-05 8.135e-05 3.055e-05 3.99e-05 2.935e-05 8.815e-05 6.35e-05 6.395e-05 7.215e-05 8.715e-05 5.2e-05 3.96e-05 6.555e-05 0.0001238 7.445e-05 2.865e-05 2.91e-05 8.235e-05 4.95e-05 2.835e-05 6.29e-05 3.96e-05 3.87e-05 3.955e-05 2.895e-05 8.23e-05 2.85e-05 6.53e-05 2.865e-05 0.0001302 2.845e-05 2.735e-05 4.93e-05 2.865e-05 7.245e-05 8.62e-05 0.0001468 0.0001464 3.815e-05 3.815e-05 2.72e-05 8.825e-05 2.89e-05 4.955e-05 3.775e-05 6.425e-05 7.245e-05 0.0001305 8.735e-05 7.235e-05 8.84e-05 8.23e-05 0.0001075 8.21e-05 2.77e-05 4.095e-05 3.945e-05 0.00012355 6.33e-05 7.22e-05 7.165e-05 7.16e-05 3.955e-05 6.39e-05 8.735e-05 3.99e-05 8.18e-05 9.845e-05 0.0001072 3.805e-05 2.97e-05 7.185e-05 8.59e-05 7.16e-05
37 1.745e-05 7.37e-05 7.55e-05 7.455e-05 7.265e-05 1.56e-05 7.27e-05 0.000114 7.45e-05 9.13e-05 9.51e-05 1.505e-05 7.335e-05 9.315e-05 7.06e-05 1.72e-05 1.75e-05 0.00015805 0.0001494 1.355e-05 3.84e-05 1.455e-05 1.455e-05 7.45e-05 7.78e-05 8.02e-05 1.69e-05 7.785e-05 1.69e-05 1.41e-05 1.755e-05 9.35e-05 9.505e-05 7.34e-05 7.895e-05 9.38e-05 3.96e-05 2.18e-05 7.415e-05 0.00015155 7.41e-05 3.805e-05 1.61e-05 7.875e-05 1.695e-05 1.74e-05 9.425e-05 1.26e-05 1.805e-05 1.555e-05 2.72e-05 7.85e-05 1.805e-05 7.29e-05 1.815e-05 0.000156 3.84e-05 3.85e-05 1.65e-05 1.675e-05 7.96e-05 0.0001145 0.00017135 0.00017085 3.705e-05 3.715e-05 3.835e-05 9.36e-05 1.61e-05 1.7e-05 1.69e-05 7.37e-05 7.96e-05 0.00015685 9.405e-05 8.04e-05 9.38e-05 7.795e-05 0.00013725 7.775e-05 1.94e-05 4.225e-05 1.67e-05 0.00015085 9.51e-05 7.665e-05 7.915e-05 8.005e-05 1.465e-05 7.335e-05 9.54e-05 1.41e-05 7.89e-05 9.29e-05 0.00013575 3.715e-05 1.7e-05 7.89e-05 9.475e-05 7.61e-05
38 7.59e-05 6.665e-05 7.14e-05 6.725e-05 6.495e-05 6.555e-05 6.5e-05 8.64e-05 6.315e-05 8.715e-05 8.85e-05 7.535e-05 6.455e-05 8.615e-05 6.575e-05 6.43e-05 6.465e-05 9.59e-05 8.94e-05 6.3e-05 6.46e-05 6.465e-05 8.47e-05 6.72e-05 8.275e-05 7.29e-05 7.525e-05 8.21e-05 6.29e-05 7.26e-05 6.295e-05 8.6e-05 6.28e-05 6.635e-05 7.005e-05 8.8e-05 6.555e-05 7.415e-05 0.0001223 8.635e-05 7.8e-05 6.445e-05 6.19e-05 8.315e-05 8.66e-05 6.335e-05 6.625e-05 7.395e-05 7.645e-05 7.36e-05 6.305e-05 8.31e-05 6.505e-05 6.605e-05 6.53e-05 9.59e-05 6.285e-05 6.465e-05 8.605e-05 6.32e-05 7.13e-05 8.77e-05 0.00011105 0.00011115 7.475e-05 7.49e-05 6.45e-05 8.605e-05 6.46e-05 8.665e-05 7.525e-05 6.665e-05 7.13e-05 9.59e-05 8.77e-05 6.965e-05 8.61e-05 8.285e-05 6.99e-05 8.105e-05 6.63e-05 7.775e-05 7.54e-05 8.985e-05 6.29e-05 7.265e-05 7.115e-05 7.31e-05 7.315e-05 6.63e-05 8.815e-05 7.26e-05 8.435e-05 9.81e-05 7.445e-05 7.49e-05 6.28e-05 7.125e-05 8.87e-05 7.125e-05
39 0.00015155 8.85e-05 9.36e-05 8.805e-05 8.765e-05 0.000142 8.77e-05 6.85e-05 8.69e-05 8.715e-05 8.725e-05 0.00015165 8.795e-05 8.68e-05 8.78e-05 0.00014195 0.00014215 4.165e-05 3.37e-05 0.00014135 0.0001239 0.0001421 0.0001608 8.8e-05 0.00010415 9.52e-05 0.00015115 0.0001042 0.00014125 0.00015145 0.000142 8.75e-05 6.82e-05 8.815e-05 9.385e-05 8.8e-05 0.0001238 0.00015155 8.635e-05 6.18e-05 9.84e-05 0.0001234 0.0001414 0.0001045 0.00016185 0.00014175 6.985e-05 0.0001509 0.00015255 0.00015115 0.00013495 0.0001045 0.0001427 8.755e-05 0.00014285 4.055e-05 0.0001237 0.0001239 0.00016155 0.00014175 9.47e-05 6.945e-05 3.175e-05 3.21e-05 0.0001332 0.00013335 0.00012375 8.76e-05 0.00014125 0.0001619 0.00015115 8.85e-05 9.47e-05 3.945e-05 8.75e-05 9.41e-05 8.705e-05 0.00010425 3.89e-05 0.00010315 0.00014325 0.000136 0.0001521 3.26e-05 6.83e-05 9.485e-05 9.425e-05 9.535e-05 0.00015095 8.815e-05 8.88e-05 0.00015145 0.00010585 9.705e-05 4.095e-05 0.00013335 0.00014105 9.455e-05 8.765e-05 9.37e-05
