 slim_337514792 slim_337514987 slim_337514901 slim_337514976 slim_337514844 slim_337514921 slim_337515002 slim_337514893 slim_337514927 slim_337515000 slim_337514766 slim_337514936 slim_337514869 slim_337515016 slim_337514981 slim_337514755 slim_337515010 slim_337514836 slim_337514690 slim_337514669 slim_337514676 slim_337515022 slim_337514994 slim_337514633 slim_337514803 slim_337514960 slim_337514916 slim_337514887 slim_337514938 slim_337514984 slim_337514951 slim_337514997 slim_337514848 slim_337514982 slim_337514854 slim_337515015 slim_337515003 slim_337514962 slim_337514972 slim_337515020 slim_337514681 slim_337514903 slim_337514933 slim_337514716 slim_337514845 slim_337514979 slim_337515001 slim_337515014 slim_337514988 slim_337514953 slim_337514928 slim_337514865 slim_337515021 slim_337514841 slim_337514826 slim_337515023 slim_337514831 slim_337515013 slim_337515019 slim_337514552 slim_337514890 slim_337514877 slim_337514968 slim_337514957 slim_337514828 slim_337515006 slim_337514818 slim_337514943 slim_337514862 slim_337515008 slim_337515004 slim_337514985 slim_337514878 slim_337514885 slim_337515018 slim_337514998 slim_337515012 slim_337514942 slim_337515009 slim_337514556 slim_337514955 slim_337514846 slim_337514991 slim_337514891 slim_337514948 slim_337514963 slim_337514640 slim_337514986 slim_337515005 slim_337514924 slim_337514920 slim_337514859 slim_337514944 slim_337514974 slim_337514882 slim_337514583 slim_337514980 slim_337514872 slim_337514830 slim_337514566
0 0.0002055 0.0001994 0.00029185 0.0003563 0.0002034 0.0003729 0.0003367 0.0002925 0.00031225 0.00039925 0.00045015 0.0003104 0.0002974 0.00031225 0.00042525 0.00034455 0.00038865 0.00040165 0.0003515 0.00035265 0.0006714 0.0002488 0.00041725 0.00022385 0.0002489 0.0002897 0.0004138 0.0003146 0.00041925 0.00011565 0.0004108 0.00019325 0.0001993 0.00035165 0.00038905 0.00030285 0.0006656 0.0001644 0.00047005 0.0004976 0.00034525 0.0003529 0.0004536 0.0004106 0.0003966 0.0002942 0.0003889 0.00027675 0.00054435 0.00035505 0.0002959 0.00045305 0.0002518 0.000354 0.0004106 0.00033925 0.0002445 0.0004895 0.00034295 0.00021115 0.0004303 0.00025805 0.0003782 0.00032875 0.00048365 0.00024885 0.00041945 0.00035475 0.00040345 0.0002855 0.00041965 0.00031915 0.00019935 0.00041105 0.00020065 0.00041935 0.00029085 0.0003351 0.00038845 0.00048195 0.0002238 0.00055315 0.0002122 0.00032535 0.00036065 0.00025205 0.00059355 0.00035635 0.00040895 0.00030535 0.000296 0.00041805 0.0002607 0.0004162 0.0003461 0.00010285 0.00050435 0.00023415 0.00042625 0.00040225
1 0.0001994 0.0002348 0.00033745 0.0002714 0.0001242 0.0004151 0.00029435 0.0003374 0.00027515 0.0004326 0.0004941 0.0003467 0.00012005 0.00027515 0.0005892 0.0003011 0.0003874 0.00057885 0.00035405 0.0003012 0.0005875 0.0004261 0.0003087 0.0003528 0.0004262 0.0002595 0.00042185 0.0002931 0.0005052 0.0002051 0.0004113 0.0003413 0.00019935 0.000259 0.00033775 0.0003402 0.0005797 0.00020185 0.00044535 0.00044785 0.00034445 0.0002708 0.00057315 0.0004111 0.0004896 0.00011925 0.0003376 0.00035895 0.00038925 0.00027005 0.000118 0.00051345 0.00025615 0.0003398 0.0004111 0.00048615 0.0002306 0.00053345 0.00026 0.0002517 0.0005579 0.00026935 0.0005 0.0004083 0.00041485 0.00042615 0.00050545 0.0002698 0.00049545 0.00027345 0.00050565 0.00027075 0.0001997 0.00029345 0.00020095 0.00050535 0.0001223 0.0003757 0.00033805 0.0005571 0.00035275 0.0006065 0.00012345 0.00035555 0.00035375 0.00012085 0.0006154 0.0002719 0.0003627 0.00034315 0.00011825 0.00046605 0.00012005 0.0003271 0.0003509 0.0002813 0.0005132 0.000201 0.00032765 0.0002941
2 0.00029185 0.00033745 0.0005826 0.00047975 0.0003339 0.0004796 0.00048175 0.0003286 0.00047545 0.0004788 0.00047535 0.00040085 0.0003839 0.00047545 0.0005096 0.0004977 0.0004047 0.0003917 0.00043745 0.0003767 0.0005171 0.0003914 0.00052305 0.00033425 0.0003915 0.0003788 0.00057585 0.00048105 0.00054255 0.0002971 0.00048945 0.0003333 0.0003378 0.00039305 0.0003748 0.0003018 0.000639 0.0003017 0.00062325 0.0004217 0.000437 0.0004793 0.00043765 0.00048925 0.0004338 0.00038335 0.00037465 0.00040565 0.0004997 0.0004797 0.0003834 0.0004816 0.00042855 0.00033845 0.00048925 0.00043245 0.00036075 0.0004753 0.00038435 0.00037035 0.00029215 0.00043345 0.00045645 0.0003294 0.000574 0.00039145 0.00054265 0.00047935 0.0005328 0.00034375 0.00054285 0.0004802 0.00033795 0.0005271 0.0003378 0.00054255 0.0003754 0.0004551 0.0003378 0.0003657 0.0003342 0.0005756 0.0003425 0.0004101 0.0004467 0.0003384 0.0005529 0.00048 0.0003895 0.00033395 0.00038375 0.0004841 0.00034715 0.0003659 0.0003412 0.0002923 0.0005184 0.00033785 0.0003746 0.0005182
3 0.0003563 0.0002714 0.00047975 0.000533 0.00027495 0.00046475 0.0003427 0.0004826 0.0002733 0.0004816 0.0004796 0.00039305 0.0002675 0.0002733 0.0005365 0.00030015 0.00048505 0.000617 0.00040305 0.00043785 0.00059995 0.00047715 0.0003155 0.0004951 0.00047725 0.000388 0.00026665 0.0003453 0.0004017 0.00035825 0.0003879 0.00047295 0.0003518 0.00038795 0.00047825 0.00047955 0.0004597 0.00035265 0.0003408 0.00056695 0.0003922 0.0002695 0.00061285 0.0003879 0.00047815 0.00026955 0.0004781 0.000408 0.00041135 0.0002671 0.0002673 0.0005527 0.0002731 0.0004789 0.0003879 0.00051335 0.000382 0.0005178 0.00038965 0.0004063 0.00068735 0.00027105 0.00052785 0.00054945 0.0004435 0.0004772 0.0004014 0.00026715 0.00039195 0.00041105 0.0004016 0.00027035 0.0003519 0.00034085 0.0003517 0.0004015 0.00026855 0.00042575 0.00047565 0.0006892 0.00049505 0.0005619 0.0002737 0.00040225 0.00040185 0.00026925 0.00053635 0.0002674 0.00048255 0.0004846 0.00026715 0.00049505 0.00026755 0.00046585 0.0004842 0.0004368 0.0005522 0.0003515 0.00046405 0.0003424
4 0.0002034 0.0001242 0.0003339 0.00027495 0.0001711 0.00041045 0.0002815 0.00034155 0.0002462 0.00042775 0.0004829 0.0003714 0.0001451 0.0002462 0.00061275 0.00027205 0.00036685 0.00060195 0.0003496 0.0003268 0.00055405 0.00044935 0.00030485 0.0003638 0.00044945 0.00028705 0.0004008 0.00028985 0.00050655 0.000195 0.00041 0.00036635 0.00022515 0.0002824 0.0003635 0.00036465 0.0005467 0.00022645 0.00043905 0.00041525 0.00037015 0.0002773 0.00059665 0.0004098 0.0004905 0.0001502 0.00036335 0.00034905 0.00038815 0.0002734 0.0001459 0.0005291 0.00022415 0.00036455 0.0004098 0.0005113 0.00022065 0.00052225 0.00025225 0.00024675 0.000573 0.00025105 0.0005112 0.0004038 0.00040255 0.0004494 0.0005067 0.0002731 0.0004968 0.0002859 0.0005069 0.0002813 0.0002253 0.0003117 0.0002266 0.0005066 0.0001194 0.00036885 0.00035575 0.00058055 0.00036375 0.0006224 0.0001156 0.00038035 0.00037955 0.0001169 0.00061195 0.0002724 0.0003788 0.0003332 0.0001463 0.0004612 0.0001471 0.00029405 0.00033575 0.00030445 0.00052915 0.0002221 0.00032565 0.00028135
5 0.0003729 0.0004151 0.0004796 0.00046475 0.00041045 0.0006606 0.0004726 0.0004734 0.0004438 0.00036745 0.00052625 0.00039775 0.0004498 0.0004438 0.0003311 0.00044565 0.0005108 0.00047055 0.0003807 0.00046445 0.00062935 0.00036395 0.0004811 0.0003986 0.00036405 0.00041245 0.00047805 0.00046225 0.0004046 0.0003771 0.00045015 0.00037035 0.0004063 0.0004352 0.0005069 0.00049015 0.00059725 0.00039795 0.00051045 0.00046335 0.00040605 0.0004633 0.00044805 0.00044995 0.00051305 0.0004485 0.00050675 0.00036045 0.0005648 0.00046375 0.0004488 0.00054575 0.00043545 0.0004984 0.00044995 0.00037005 0.0004079 0.0005658 0.00042645 0.0003571 0.0005629 0.00042955 0.000361 0.00048055 0.00043655 0.000364 0.0004045 0.0004635 0.00042105 0.00043245 0.0004047 0.00044775 0.00040635 0.00049565 0.00040765 0.0004044 0.0004397 0.00038845 0.00051295 0.000565 0.00039855 0.0005285 0.0004196 0.00038115 0.0003899 0.0004312 0.00052215 0.00046455 0.00051045 0.00047765 0.00044865 0.00034705 0.0004399 0.0005136 0.00049235 0.0003642 0.00055415 0.0004224 0.0005237 0.0004868
6 0.0003367 0.00029435 0.00048175 0.0003427 0.0002815 0.0004726 0.0004611 0.00051645 0.00032615 0.00049015 0.00054975 0.0004135 0.00033915 0.00032615 0.00057805 0.00031535 0.0005625 0.0006388 0.0004521 0.00052485 0.00064525 0.0004861 0.0003256 0.00051945 0.0004862 0.00046195 0.000343 0.00024015 0.0004602 0.0003304 0.00048245 0.0005044 0.0003815 0.00048035 0.0005615 0.0004896 0.00049 0.0003513 0.0002869 0.0006144 0.0004438 0.0003437 0.00068065 0.00048225 0.00052145 0.00034225 0.00056135 0.00040735 0.000504 0.0003413 0.00033935 0.0004657 0.0002708 0.000531 0.00048225 0.0005666 0.0003624 0.0005891 0.0004739 0.00038615 0.0007072 0.0002956 0.0005895 0.0005832 0.0003588 0.00048615 0.00046045 0.0003411 0.0004447 0.0004469 0.00046065 0.0003445 0.0003817 0.0002851 0.000383 0.00046035 0.0003363 0.00041805 0.00052675 0.00078325 0.0005194 0.0004819 0.00028815 0.0004281 0.00045885 0.0003023 0.00060815 0.0003409 0.00057 0.0005102 0.0003396 0.0005177 0.00030885 0.000534 0.000508 0.00042395 0.00050725 0.0003817 0.00054195 0.00027835
7 0.0002925 0.0003374 0.0003286 0.0004826 0.00034155 0.0004734 0.00051645 0.0005826 0.00044975 0.00047265 0.00044935 0.00043715 0.0003836 0.00044975 0.0005094 0.0004857 0.0003472 0.00039245 0.0004371 0.00033985 0.00049835 0.00039195 0.00053595 0.0003062 0.00039205 0.0003601 0.00058165 0.000494 0.00054535 0.00030565 0.0004923 0.0003153 0.0003384 0.00039295 0.0003375 0.00033905 0.00064825 0.00033875 0.0006391 0.00041515 0.00043685 0.0004793 0.0004003 0.0004921 0.0004376 0.0003804 0.0003374 0.00041345 0.00049595 0.00048255 0.0003833 0.0004954 0.00043935 0.00033765 0.0004921 0.0004137 0.00038245 0.0004493 0.00038405 0.00036495 0.00033005 0.00043635 0.00042775 0.0003296 0.00058085 0.000392 0.00054545 0.0004822 0.0005356 0.00035145 0.00054565 0.0004462 0.00033855 0.00054 0.0003384 0.00054535 0.0003751 0.0004401 0.0003748 0.00029135 0.00030615 0.0005881 0.00035035 0.0004464 0.00044655 0.00037455 0.0005491 0.00048265 0.0003577 0.00030465 0.00038365 0.0004779 0.0003835 0.0003652 0.0003473 0.0002936 0.00049415 0.00037175 0.0003741 0.0005309
8 0.00031225 0.00027515 0.00047545 0.0002733 0.0002462 0.0004438 0.00032615 0.00044975 0.0004113 0.00046125 0.00043255 0.0004161 0.0003385 0.0002057 0.00051865 0.00024845 0.0004328 0.00059385 0.00040145 0.00046965 0.00058425 0.00045125 0.00032985 0.0004641 0.00045135 0.00041435 0.0002067 0.000315 0.0003622 0.00030915 0.00038795 0.00045155 0.00037355 0.0004526 0.00051135 0.00050375 0.0004432 0.00037555 0.0003114 0.00056375 0.00041425 0.00027535 0.0006021 0.00038765 0.0004366 0.0003409 0.0005112 0.000363 0.00045035 0.0002718 0.00033665 0.0005417 0.00020855 0.000513 0.00038765 0.0004921 0.00039015 0.0004719 0.00042685 0.00038025 0.00070225 0.00020945 0.00050035 0.0005456 0.00043185 0.0004513 0.00036265 0.0002716 0.00034805 0.000429 0.00036285 0.00024665 0.0003738 0.0003765 0.0003751 0.00036245 0.00031055 0.000391 0.0005372 0.00068555 0.00046405 0.00055535 0.0002722 0.00042925 0.00042785 0.0003125 0.00052755 0.00027335 0.00050015 0.0004467 0.000337 0.0004698 0.0003384 0.00048235 0.00047495 0.00041075 0.0005511 0.0004036 0.00050965 0.00035045
9 0.00039925 0.0004326 0.0004788 0.0004816 0.00042775 0.00036745 0.00049015 0.00047265 0.00046125 0.0007306 0.00052605 0.00042365 0.0004667 0.00046125 0.000366 0.00046355 0.00051045 0.00046545 0.0004068 0.00049175 0.0006101 0.0004001 0.0004994 0.0004341 0.0004002 0.00043915 0.00049635 0.00047965 0.0004309 0.0004036 0.00047685 0.0004059 0.00043325 0.0004618 0.00050685 0.00048865 0.0005963 0.0004235 0.00052855 0.0004732 0.00043345 0.0004799 0.00045625 0.00047665 0.00051295 0.00046535 0.0005067 0.00038645 0.00056385 0.00048155 0.0004666 0.00054555 0.00045175 0.00049685 0.00047665 0.00040605 0.00043455 0.00053835 0.0004527 0.0003826 0.0005445 0.0004468 0.00039585 0.0004893 0.0004645 0.00040015 0.00043115 0.0004812 0.00044745 0.0004577 0.00043125 0.00046605 0.0004334 0.00051375 0.00043325 0.00043105 0.00045735 0.00041555 0.00051285 0.0005466 0.00043405 0.0005283 0.00043675 0.0004063 0.00041645 0.00044755 0.0005303 0.00048145 0.00051 0.00047705 0.00046695 0.0003844 0.0004567 0.00051315 0.00049175 0.0004 0.0005539 0.000448 0.00052225 0.00050445
10 0.00045015 0.0004941 0.00047535 0.0004796 0.0004829 0.00052625 0.00054975 0.00044935 0.00043255 0.00052605 0.0008419 0.00048805 0.00053805 0.00043255 0.00046605 0.00047445 0.00042115 0.0004341 0.0004935 0.0004899 0.0005067 0.0004437 0.0005376 0.00043675 0.0004438 0.00048865 0.0004212 0.0005386 0.0004437 0.00044705 0.000469 0.0004448 0.0004937 0.000527 0.0004931 0.00048435 0.0005226 0.00049415 0.0005239 0.0005368 0.00048765 0.0004822 0.00045705 0.0004687 0.0004254 0.00054045 0.00049295 0.00045505 0.000523 0.0004798 0.0005379 0.0005285 0.00044325 0.0004933 0.0004687 0.0004387 0.0005288 0.0004212 0.000519 0.00051815 0.00046535 0.0004356 0.0004477 0.0004753 0.0006 0.00044375 0.0004436 0.0004794 0.00042955 0.00048115 0.0004438 0.0004544 0.00049385 0.00058225 0.0004937 0.0004434 0.0005266 0.00048265 0.00051925 0.00044805 0.0004367 0.00054185 0.0004911 0.000502 0.00050205 0.0005299 0.0004726 0.00047965 0.0004718 0.0004463 0.000538 0.0005056 0.00053795 0.00051085 0.000475 0.00044985 0.0005376 0.0005222 0.00051885 0.00057405
11 0.0003104 0.0003467 0.00040085 0.00039305 0.0003714 0.00039775 0.0004135 0.00043715 0.0004161 0.00042365 0.00048805 0.000578 0.0003645 0.0004161 0.0003103 0.0004403 0.00050105 0.0003934 0.00035635 0.0004122 0.00066475 0.0002896 0.00043715 0.00035235 0.0002897 0.00034835 0.00042335 0.00041375 0.00036685 0.000315 0.0003934 0.00031215 0.0003264 0.0003629 0.00045325 0.0003804 0.00060245 0.0002898 0.0004601 0.000534 0.0003258 0.0003928 0.0004269 0.0003932 0.0004471 0.00036245 0.0004531 0.00032495 0.00052815 0.0003935 0.000363 0.0004843 0.00038155 0.0004165 0.0003932 0.000312 0.0003734 0.00052615 0.0003831 0.00038815 0.00047115 0.0003767 0.0003413 0.0004367 0.00049105 0.00028975 0.00036675 0.00039325 0.00035675 0.0003519 0.00036695 0.00039325 0.00032645 0.00042975 0.0003263 0.00036665 0.00038285 0.0003736 0.00041675 0.0005435 0.0003523 0.0004936 0.0003516 0.00029955 0.0003366 0.0003461 0.00049115 0.0003948 0.00045795 0.0004418 0.00036285 0.0003877 0.0003258 0.0004928 0.0004409 0.0002902 0.0005204 0.00032645 0.0004725 0.00044985
12 0.0002974 0.00012005 0.0003839 0.0002675 0.0001451 0.0004498 0.00033915 0.0003836 0.0003385 0.0004667 0.00053805 0.0003645 9.6e-06 0.0003385 0.0006564 0.00035825 0.0003862 0.00065555 0.00035835 0.00023415 0.00056325 0.00050525 0.0002824 0.00038375 0.00050535 0.0002136 0.00052965 0.00036025 0.0005927 0.00029505 0.0004139 0.00039125 0.00018285 0.00015165 0.0002689 0.00035685 0.00058425 0.0002195 0.0005078 0.00041805 0.0003277 0.00026975 0.00059445 0.0004137 0.00058195 7.9e-06 0.0002687 0.000443 0.00030695 0.00026805 5.5e-06 0.0005605 0.00035865 0.00030565 0.0004137 0.00053625 0.0002179 0.00057595 0.00017915 0.00029315 0.0005841 0.00038145 0.0005251 0.0004165 0.0004249 0.0005053 0.00059295 0.00026785 0.000589 0.00024305 0.00059315 0.0003042 0.0001826 0.00024545 0.00018265 0.00059285 3.68e-05 0.0004186 0.0002692 0.0005325 0.0003837 0.0006472 0.00011805 0.0003673 0.0003308 6.945e-05 0.0006293 0.00026715 0.0002997 0.0003813 5.1e-06 0.0005072 4.16e-05 0.00026625 0.00035595 0.0003603 0.00050945 0.00014945 0.00023855 0.0002731
13 0.00031225 0.00027515 0.00047545 0.0002733 0.0002462 0.0004438 0.00032615 0.00044975 0.0002057 0.00046125 0.00043255 0.0004161 0.0003385 0.0004113 0.00051865 0.00024845 0.0004328 0.00059385 0.00040145 0.00046965 0.00058425 0.00045125 0.00032985 0.0004641 0.00045135 0.00041435 0.0002067 0.000315 0.00036215 0.00030915 0.00038795 0.00045155 0.00037355 0.0004526 0.00051135 0.00050375 0.0004432 0.00037555 0.0003114 0.00056375 0.00041425 0.00027535 0.0006021 0.00038765 0.0004366 0.0003409 0.0005112 0.000363 0.00045035 0.0002718 0.00033665 0.0005417 0.00020855 0.000513 0.00038765 0.0004921 0.00039015 0.0004719 0.00042685 0.00038025 0.00070225 0.00020945 0.00050035 0.0005456 0.00043185 0.0004513 0.00036265 0.0002716 0.00034805 0.000429 0.00036285 0.00024665 0.0003738 0.0003765 0.0003751 0.00036245 0.00031055 0.000391 0.0005372 0.00068555 0.00046405 0.00055535 0.0002722 0.00042925 0.00042785 0.0003125 0.00052755 0.00027335 0.00050015 0.0004467 0.000337 0.0004698 0.0003384 0.00048235 0.00047495 0.00041075 0.0005511 0.0004036 0.00050965 0.00035045
14 0.00042525 0.0005892 0.0005096 0.0005365 0.00061275 0.0003311 0.00057805 0.0005094 0.00051865 0.000366 0.00046605 0.0003103 0.0006564 0.00051865 1.2e-06 0.0005559 0.0005684 0.00024125 0.00033765 0.0005255 0.0007195 0.00018055 0.00059825 0.0003489 0.00018065 0.0004568 0.00041715 0.0005564 0.00020845 0.0004376 0.00038895 0.00029295 0.00048855 0.00050645 0.000573 0.0005007 0.0006283 0.0004544 0.00050205 0.00058345 0.0003446 0.00053295 0.00024685 0.00038875 0.00041685 0.00065125 0.00057285 0.0002756 0.0006831 0.00053515 0.00065285 0.00050215 0.0005056 0.0005385 0.00038875 0.00014885 0.00055305 0.0005054 0.00051775 0.0005008 0.00045535 0.00047075 0.0001511 0.000476 0.0005635 0.0001806 0.0002089 0.00053505 0.0002255 0.0004787 0.00020915 0.0004993 0.0004888 0.0006199 0.0004901 0.0002088 0.0006599 0.0003656 0.00057325 0.0004928 0.00034885 0.00040075 0.00060185 0.0002922 0.00032685 0.00062945 0.0003746 0.0005385 0.00056045 0.0005218 0.00065305 0.0002884 0.0006183 0.00065085 0.00054685 0.0003247 0.0005401 0.0005234 0.0006411 0.0006309
15 0.00034455 0.0003011 0.0004977 0.00030015 0.00027205 0.00044565 0.00031535 0.0004857 0.00024845 0.00046355 0.00047445 0.0004403 0.00035825 0.00024845 0.0005559 0.0004776 0.0004818 0.0006279 0.0004288 0.0005011 0.0005617 0.0004854 0.0003153 0.00050655 0.0004855 0.00044375 0.00023895 0.00030525 0.0003975 0.00034355 0.00041485 0.0004873 0.00040175 0.00047445 0.00054315 0.00052825 0.0004208 0.00040015 0.0003029 0.0005557 0.000442 0.00030165 0.00064165 0.00041485 0.00046975 0.0003614 0.000543 0.00039875 0.00046425 0.0002987 0.00035845 0.0005341 0.0002421 0.00054125 0.00041485 0.00052745 0.0003719 0.0005141 0.0004465 0.0003813 0.00072665 0.00024115 0.00054475 0.00057155 0.00039035 0.00048545 0.00039725 0.0002987 0.000382 0.0004615 0.00039745 0.00028365 0.00040195 0.0003626 0.00040325 0.00039735 0.0003302 0.00038245 0.0005553 0.0007274 0.0005065 0.00054905 0.00030015 0.0004552 0.00045735 0.00032855 0.00054745 0.0002985 0.0005355 0.00048475 0.00035875 0.00046995 0.0003566 0.00049975 0.0005018 0.0004453 0.00054725 0.0004203 0.0005292 0.0003344
16 0.00038865 0.0003874 0.0004047 0.00048505 0.00036685 0.0005108 0.0005625 0.0003472 0.0004328 0.00051045 0.00042115 0.00050105 0.0003862 0.0004328 0.0005684 0.0004818 0.0005168 0.00045615 0.0004688 0.0003425 0.00045355 0.00046575 0.000519 0.00032505 0.00046585 0.0003607 0.0005841 0.00055585 0.00057635 0.0003761 0.00047445 0.00036205 0.00038695 0.00037505 0.0003457 0.00041375 0.0006009 0.00042355 0.00065335 0.0003943 0.0004645 0.0004877 0.0004368 0.0004742 0.00047605 0.0003885 0.00034555 0.00046605 0.00046795 0.00048525 0.00038595 0.0005457 0.0004845 0.00038205 0.0004742 0.00043955 0.0004149 0.0004214 0.00036715 0.0004206 0.00039475 0.00048635 0.0004176 0.00036865 0.00058135 0.0004658 0.0005762 0.0004849 0.00056385 0.0003604 0.0005764 0.0004644 0.0003871 0.00055425 0.00038695 0.00057605 0.00037475 0.0004614 0.00040345 0.0003052 0.000325 0.000641 0.00037495 0.00051335 0.00047725 0.0004142 0.00054635 0.00048525 0.00031455 0.0003347 0.00038605 0.0004918 0.00042215 0.0003591 0.0003673 0.0003883 0.00051415 0.00041095 0.000367 0.00054615
17 0.00040165 0.00057885 0.0003917 0.000617 0.00060195 0.00047055 0.0006388 0.00039245 0.00059385 0.00046545 0.0004341 0.0003934 0.00065555 0.00059385 0.00024125 0.0006279 0.00045615 0.0003575 0.00045875 0.0004786 0.0005659 0.0002539 0.00068155 0.00030855 0.000254 0.00046145 0.0005819 0.0006174 0.0004117 0.00041375 0.00048705 0.00028435 0.00047755 0.0005233 0.00046855 0.00037905 0.00067395 0.0004399 0.0006569 0.0005118 0.0004311 0.000614 0.00026155 0.00048685 0.0003806 0.0006504 0.0004684 0.00038405 0.0006475 0.00061865 0.000655 0.00045535 0.00056345 0.00043065 0.00048685 0.00023815 0.00054285 0.00042005 0.0005344 0.00050945 0.00022965 0.0005422 0.00027825 0.0003584 0.0006698 0.00025385 0.0004115 0.00061835 0.00039555 0.0004481 0.0004117 0.0005827 0.0004777 0.0006934 0.0004761 0.0004114 0.0006628 0.000441 0.00046785 0.00028185 0.0003085 0.0004719 0.00059105 0.00041005 0.0004482 0.000628 0.00042335 0.000619 0.0004576 0.0004046 0.0006551 0.000408 0.00061695 0.0005463 0.0004376 0.00030045 0.0005071 0.0005095 0.00053375 0.0007043
18 0.0003515 0.00035405 0.00043745 0.00040305 0.0003496 0.0003807 0.0004521 0.0004371 0.00040145 0.0004068 0.0004935 0.00035635 0.00035835 0.00040145 0.00033765 0.0004288 0.0004688 0.00045875 0.0006744 0.0003982 0.0006147 0.0003521 0.0004408 0.00037555 0.0003522 0.00035845 0.00044585 0.00045195 0.00039135 0.0003565 0.0003968 0.000356 0.00035445 0.0003522 0.0004403 0.00044845 0.0005794 0.0003562 0.00049935 0.0004726 0.0003547 0.00040245 0.00043025 0.0003966 0.0004908 0.0003585 0.00044015 0.00034915 0.00049605 0.0004016 0.00035715 0.0005447 0.0004048 0.00044175 0.0003966 0.00035615 0.0003803 0.00053285 0.00034285 0.00038705 0.00052995 0.0003978 0.00034725 0.00043735 0.0004879 0.00035215 0.00039175 0.0004014 0.000398 0.00037985 0.0003918 0.0004019 0.00035465 0.00045505 0.00035595 0.00039165 0.0003475 0.00038205 0.00044045 0.000523 0.0003755 0.00053735 0.0003591 0.00034885 0.0003475 0.0003492 0.00049325 0.0004026 0.0004491 0.00044215 0.00035745 0.00038775 0.00035865 0.00043015 0.0004419 0.000352 0.00053815 0.0003561 0.000441 0.00044545
19 0.00035265 0.0003012 0.0003767 0.00043785 0.0003268 0.00046445 0.00052485 0.00033985 0.00046965 0.00049175 0.0004899 0.0004122 0.00023415 0.00046965 0.0005255 0.0005011 0.0003425 0.0004786 0.0003982 0.0004434 0.00051775 0.00042525 0.0004659 0.0002935 0.00042535 0.0002684 0.00064235 0.0005244 0.00058405 0.00035765 0.00044545 0.0003201 0.00028165 0.0002392 0.0002689 0.00035905 0.0006508 0.0003201 0.0006595 0.0003845 0.0003738 0.0004377 0.00041645 0.00044525 0.00052635 0.0002316 0.00026875 0.0004537 0.00041515 0.0004365 0.0002302 0.0005439 0.0005087 0.00030725 0.00044525 0.0004122 0.0003321 0.0005295 0.0002599 0.00036875 0.0003964 0.00050705 0.00040175 0.0003409 0.00054875 0.0004253 0.00058385 0.0004362 0.0005803 0.0002805 0.00058405 0.0004365 0.00028165 0.00045335 0.0002831 0.00058375 0.00024785 0.00043865 0.000306 0.0003074 0.00029345 0.00063055 0.0003062 0.000416 0.0003779 0.00028915 0.0005585 0.00044025 0.0002892 0.0003449 0.00023025 0.00046925 0.00026835 0.00030975 0.0003535 0.0003332 0.00049225 0.000283 0.0002905 0.000474
20 0.0006714 0.0005875 0.0005171 0.00059995 0.00055405 0.00062935 0.00064525 0.00049835 0.00058425 0.0006101 0.0005067 0.00066475 0.00056325 0.00058425 0.0007195 0.0005617 0.00045355 0.0005659 0.0006147 0.00051775 0.0003896 0.0007174 0.0005865 0.000628 0.0007175 0.00059965 0.00063605 0.0006537 0.00067765 0.000666 0.0006086 0.00068365 0.0006504 0.00057365 0.00047755 0.0005443 0.00040065 0.0006817 0.0006675 0.00038685 0.0006335 0.00060115 0.0005538 0.0006084 0.00054745 0.0005666 0.0004774 0.00065845 0.000381 0.0006016 0.00056675 0.0005793 0.0006152 0.0005086 0.0006084 0.0006667 0.0005985 0.00046725 0.0005457 0.0006448 0.0004426 0.0006218 0.00065455 0.0005168 0.00058695 0.00071745 0.0006777 0.0006013 0.0006682 0.0005754 0.0006779 0.0006158 0.00065055 0.0006328 0.00064895 0.0006776 0.00053635 0.00059395 0.00049625 0.0003881 0.00062795 0.0006028 0.0005822 0.000674 0.0006432 0.00056965 0.0004476 0.0005979 0.0004738 0.000493 0.00056685 0.00058785 0.00059765 0.00040455 0.0004887 0.0007344 0.00054375 0.00063645 0.00043105 0.00060465
21 0.0002488 0.0004261 0.0003914 0.00047715 0.00044935 0.00036395 0.0004861 0.00039195 0.00045125 0.0004001 0.0004437 0.0002896 0.00050525 0.00045125 0.00018055 0.0004854 0.00046575 0.0002539 0.0003521 0.00042525 0.0007174 0.0002943 0.0005388 0.000222 0.0001473 0.0003545 0.0004496 0.00046475 0.0003151 0.00026085 0.00039055 0.0001773 0.0003244 0.00041645 0.0004677 0.0003818 0.00068355 0.0002896 0.00051435 0.00055755 0.0003244 0.00047405 0.00030695 0.00039035 0.0003904 0.0005001 0.00046755 0.0002774 0.00064665 0.00047615 0.00050205 0.0004554 0.00041345 0.0004327 0.00039035 0.0001777 0.0003899 0.00048325 0.00042775 0.00035655 0.00038205 0.0003997 0.00021755 0.00035755 0.0005634 0.00014735 0.000315 0.0004759 0.00029895 0.00036445 0.0003152 0.00043995 0.0003245 0.0005404 0.0003258 0.0003149 0.000513 0.00033465 0.0004672 0.00043335 0.00022195 0.00047125 0.00043845 0.000306 0.00034125 0.000478 0.0004692 0.00047915 0.0004671 0.00040405 0.0005019 0.000348 0.00046665 0.00054575 0.000437 0.00014725 0.00050645 0.0003592 0.0005358 0.0005516
22 0.00041725 0.0003087 0.00052305 0.0003155 0.00030485 0.0004811 0.0003256 0.00053595 0.00032985 0.0004994 0.0005376 0.00043715 0.0002824 0.00032985 0.00059825 0.0003153 0.000519 0.00068155 0.0004408 0.0004659 0.0005865 0.0005388 0.0005601 0.00054185 0.0005389 0.00042665 0.00034745 0.0003338 0.00047285 0.00041175 0.0004352 0.0005355 0.0003891 0.00040155 0.00050775 0.0005244 0.00042815 0.00039605 0.0003391 0.00056075 0.00043015 0.0003168 0.0006666 0.00043495 0.0005506 0.00028335 0.00050755 0.0004619 0.00042845 0.00031435 0.0002805 0.00054265 0.0003381 0.0005147 0.00043495 0.0005766 0.0003681 0.00057725 0.0004033 0.00042225 0.0007322 0.0003418 0.000575 0.00058825 0.000387 0.00053885 0.0004728 0.00031405 0.0004634 0.00044025 0.000473 0.00033235 0.00038895 0.0003055 0.00039045 0.00047265 0.00028225 0.00043155 0.0004952 0.00073495 0.0005418 0.00055225 0.00030335 0.00044605 0.00043935 0.00028905 0.000578 0.000316 0.0005058 0.0005305 0.00028035 0.0005117 0.00028705 0.00048105 0.00051455 0.00049775 0.0005331 0.0003743 0.00048065 0.00030735
23 0.00022385 0.0003528 0.00033425 0.0004951 0.0003638 0.0003986 0.00051945 0.0003062 0.0004641 0.0004341 0.00043675 0.00035235 0.00038375 0.0004641 0.0003489 0.00050655 0.00032505 0.00030855 0.00037555 0.0002935 0.000628 0.000222 0.00054185 0.0002446 0.0002221 0.00027095 0.00060705 0.00050545 0.00047775 0.0002236 0.00042275 0.0001421 0.00025125 0.00030915 0.0003337 0.00032485 0.0007356 0.0002527 0.0006463 0.0004413 0.00035085 0.0004946 0.0003179 0.00042255 0.00043665 0.0003814 0.00033355 0.00033675 0.0005741 0.0004941 0.0003805 0.00047615 0.00045675 0.000335 0.00042255 0.00024175 0.00030785 0.00047615 0.0003205 0.00029395 0.00030505 0.00046565 0.0002503 0.00026435 0.00058115 0.00022205 0.0004779 0.00049385 0.0004636 0.00025275 0.0004781 0.0004655 0.0002513 0.00053285 0.0002526 0.0004778 0.00039235 0.0003639 0.0003619 0.0002869 0.0001223 0.0005743 0.00035285 0.0003657 0.00036465 0.0003928 0.00054455 0.00049715 0.00033385 0.000306 0.00038035 0.00039935 0.0003814 0.00040425 0.00034225 0.0001224 0.00048645 0.00028135 0.00039425 0.0005441
24 0.0002489 0.0004262 0.0003915 0.00047725 0.00044945 0.00036405 0.0004862 0.00039205 0.00045135 0.0004002 0.0004438 0.0002897 0.00050535 0.00045135 0.00018065 0.0004855 0.00046585 0.000254 0.0003522 0.00042535 0.0007175 0.0001473 0.0005389 0.0002221 0.0002945 0.0003546 0.0004497 0.00046485 0.0003152 0.00026095 0.00039065 0.0001774 0.00032455 0.00041655 0.0004678 0.0003819 0.00068365 0.0002897 0.00051445 0.00055765 0.0003245 0.00047415 0.00030705 0.00039045 0.0003905 0.0005002 0.00046765 0.0002775 0.00064675 0.00047625 0.00050215 0.0004555 0.00041355 0.0004328 0.00039045 0.0001778 0.00039 0.00048335 0.00042785 0.00035665 0.00038215 0.0003998 0.00021765 0.00035765 0.0005635 0.00014745 0.0003151 0.000476 0.00029905 0.00036455 0.0003153 0.00044005 0.0003246 0.0005405 0.0003259 0.000315 0.0005131 0.00033475 0.0004673 0.00043345 0.00022205 0.00047135 0.00043855 0.0003061 0.00034135 0.0004781 0.0004693 0.00047925 0.0004672 0.00040415 0.000502 0.0003481 0.00046675 0.00054585 0.0004371 0.00014735 0.00050655 0.0003593 0.0005359 0.0005517
25 0.0002897 0.0002595 0.0003788 0.000388 0.00028705 0.00041245 0.00046195 0.0003601 0.00041435 0.00043915 0.00048865 0.00034835 0.0002136 0.00041435 0.0004568 0.00044375 0.0003607 0.00046145 0.00035845 0.0002684 0.00059965 0.0003545 0.00042665 0.00027095 0.0003546 0.0004184 0.00056335 0.00046445 0.0005097 0.00029175 0.00038645 0.00023975 0.0002398 0.0002094 0.0003102 0.00035645 0.00066825 0.0002639 0.00059145 0.000406 0.0003242 0.0003902 0.00043375 0.00038625 0.0005089 0.0002137 0.00031 0.000385 0.0004511 0.0003868 0.0002096 0.0005374 0.00043945 0.00033425 0.00038625 0.0003242 0.0002896 0.000528 0.000235 0.0003188 0.00045195 0.00043565 0.00034315 0.00035725 0.0004938 0.00035455 0.00051 0.00038665 0.0005001 0.00026485 0.0005102 0.00039045 0.0002397 0.00041445 0.0002412 0.0005099 0.00023515 0.0003816 0.00032915 0.0004107 0.0002709 0.00063015 0.0002618 0.000357 0.0003332 0.0002591 0.0005656 0.0003906 0.00031485 0.0003622 0.0002095 0.00040365 0.0002333 0.00035225 0.00036975 0.0002701 0.00051535 0.000241 0.00032805 0.00044005
26 0.0004138 0.00042185 0.00057585 0.00026665 0.0004008 0.00047805 0.000343 0.00058165 0.0002067 0.00049635 0.0004212 0.00042335 0.00052965 0.0002067 0.00041715 0.00023895 0.0005841 0.0005819 0.00044585 0.00064235 0.00063605 0.0004496 0.00034745 0.00060705 0.0004497 0.00056335 7e-07 0.00032735 0.0002092 0.00042015 0.00036105 0.0005554 0.0005218 0.0006257 0.00068985 0.00060545 0.0003331 0.00048755 0.0001707 0.000713 0.00045765 0.0002697 0.00063325 0.000361 0.0003746 0.0005341 0.0006897 0.0003717 0.00051585 0.0002654 0.0005301 0.0005453 0.00018605 0.00065535 0.000361 0.0004912 0.0005445 0.00046115 0.0005984 0.00051785 0.0007938 0.0001572 0.00053125 0.00068175 0.00045885 0.00044965 0.00020865 0.0002652 0.0001934 0.00058085 0.0002088 0.00023545 0.00052195 0.00043545 0.00052325 0.00020865 0.00049865 0.00043155 0.0006841 0.00084935 0.000607 0.000477 0.0004283 0.00043895 0.0004737 0.0004681 0.00044325 0.00026485 0.00066795 0.00058805 0.0005302 0.00048125 0.00049545 0.0006621 0.0006124 0.00051385 0.00059535 0.00055625 0.00069085 0.00040795
27 0.0003146 0.0002931 0.00048105 0.0003453 0.00028985 0.00046225 0.00024015 0.000494 0.000315 0.00047965 0.0005386 0.00041375 0.00036025 0.000315 0.0005564 0.00030525 0.00055585 0.0006174 0.00045195 0.0005244 0.0006537 0.00046475 0.0003338 0.00050545 0.00046485 0.00046445 0.00032735 0.0004524 0.00044155 0.00031725 0.00048505 0.00048595 0.0003814 0.0005012 0.00056105 0.0004901 0.0004985 0.00035185 0.0002768 0.0006256 0.0004434 0.00034345 0.00065895 0.00048485 0.00050305 0.00036025 0.0005609 0.0003939 0.00052515 0.0003438 0.0003601 0.00045285 0.00026035 0.0005312 0.00048485 0.00054785 0.0003712 0.00057795 0.0004953 0.00037595 0.0007077 0.0002765 0.00057535 0.0005834 0.000357 0.0004648 0.0004418 0.00034355 0.00042605 0.0004545 0.000442 0.0003258 0.0003816 0.00029325 0.0003829 0.0004417 0.0003577 0.00040495 0.00054825 0.0007615 0.0005054 0.0004688 0.0002958 0.00042835 0.00045845 0.00032435 0.00060805 0.00034375 0.00057425 0.0004967 0.00036045 0.00050735 0.00033035 0.0005557 0.00051365 0.0004029 0.0004941 0.0004002 0.0005631 0.0002872
28 0.00041925 0.0005052 0.00054255 0.0004017 0.00050655 0.0004046 0.0004602 0.00054535 0.0003622 0.0004309 0.0004437 0.00036685 0.0005927 0.00036215 0.00020845 0.0003975 0.00057635 0.0004117 0.00039135 0.00058405 0.00067765 0.0003151 0.00047285 0.00047775 0.0003152 0.0005097 0.0002092 0.00044155 0.0004163 0.0004286 0.0003751 0.00042385 0.0005048 0.00056565 0.0006312 0.00055285 0.0004808 0.00047065 0.0003363 0.00064835 0.00040115 0.0004009 0.0004397 0.0003748 0.00039595 0.00059235 0.00063105 0.00032325 0.00059925 0.00040035 0.0005911 0.00052345 0.0003456 0.0005967 0.0003748 0.00032005 0.0005484 0.00048305 0.00055775 0.00050905 0.00062445 0.0003136 0.00034085 0.00057865 0.00051115 0.00031515 0.00020895 0.00040015 0.00020895 0.00052955 0.000209 0.0003675 0.00050505 0.0005273 0.00050635 0.00020875 0.00057895 0.00039855 0.00062845 0.00067095 0.0004777 0.0004386 0.00051485 0.0003653 0.00039975 0.0005485 0.00040905 0.00040165 0.0006139 0.00055475 0.0005913 0.0003852 0.00055655 0.0006563 0.00057945 0.00041895 0.00056745 0.0005395 0.00066575 0.0005191
29 0.00011565 0.0002051 0.0002971 0.00035825 0.000195 0.0003771 0.0003304 0.00030565 0.00030915 0.0004036 0.00044705 0.000315 0.00029505 0.00030915 0.0004376 0.00034355 0.0003761 0.00041375 0.0003565 0.00035765 0.000666 0.00026085 0.00041175 0.0002236 0.00026095 0.00029175 0.00042015 0.00031725 0.0004286 0.000229 0.00041275 0.0002024 0.00020395 0.0003492 0.00039405 0.0003072 0.0006601 0.0001687 0.00046895 0.00049445 0.0003502 0.0003577 0.000466 0.00041255 0.0004057 0.0002946 0.0003939 0.00027595 0.0005419 0.0003571 0.00029355 0.0004547 0.000248 0.00035865 0.00041255 0.0003487 0.00023875 0.0004864 0.0003403 0.0002152 0.00043465 0.00026785 0.0003781 0.00033345 0.0004774 0.0002609 0.0004288 0.00035685 0.0004128 0.0002778 0.000429 0.00032855 0.000204 0.00040555 0.0002053 0.0004287 0.0002882 0.0003371 0.00038565 0.0004944 0.00022355 0.00055505 0.00020415 0.00032995 0.0003656 0.00024905 0.0005985 0.0003584 0.0004043 0.0003046 0.00029355 0.00042225 0.0002579 0.0004136 0.00034035 0.0001146 0.0005063 0.00023405 0.00042385 0.00039655
30 0.0004108 0.0004113 0.00048945 0.0003879 0.00041 0.00045015 0.00048245 0.0004923 0.00038795 0.00047685 0.000469 0.0003934 0.0004139 0.00038795 0.00038895 0.00041485 0.00047445 0.00048705 0.0003968 0.00044545 0.0006086 0.00039055 0.0004352 0.00042275 0.00039065 0.00038645 0.00036105 0.00048505 0.0003751 0.00041275 0.0007219 0.00038605 0.00041115 0.00038625 0.0004929 0.00049565 0.0005223 0.00041355 0.00046025 0.00051905 0.00039105 0.00039065 0.00048125 0.00036105 0.00046755 0.00041595 0.00049275 0.00040175 0.0004992 0.0003866 0.00041195 0.0005671 0.0004101 0.000495 0.00036105 0.0003659 0.00043695 0.00050865 0.0003831 0.0004608 0.0005717 0.00038575 0.00038035 0.0004897 0.00051455 0.0003906 0.00037485 0.0003866 0.0003655 0.00042565 0.00037495 0.00039015 0.00041135 0.00048555 0.00041265 0.00037495 0.0004046 0.00041965 0.0004903 0.00057355 0.0004227 0.0005763 0.00041345 0.0004024 0.00040055 0.0004107 0.00047815 0.00038855 0.00047645 0.0004943 0.0004121 0.0004203 0.00041395 0.00048665 0.0004936 0.00041075 0.0005666 0.00041245 0.0004913 0.00048215
31 0.00019325 0.0003413 0.0003333 0.00047295 0.00036635 0.00037035 0.0005044 0.0003153 0.00045155 0.0004059 0.0004448 0.00031215 0.00039125 0.00045155 0.00029295 0.0004873 0.00036205 0.00028435 0.000356 0.0003201 0.00068365 0.0001773 0.0005355 0.0001421 0.0001774 0.00023975 0.0005554 0.00048595 0.00042385 0.0002024 0.00038605 0.0001833 0.0002397 0.00030205 0.00036175 0.0003192 0.00075425 0.00022655 0.00061625 0.00045585 0.0003251 0.00047235 0.0003143 0.00038585 0.000416 0.0003887 0.0003616 0.0003029 0.00060645 0.00047205 0.00038795 0.0004771 0.0004352 0.00034855 0.00038585 0.0001774 0.0003036 0.00048415 0.00031805 0.00027835 0.00032445 0.00042445 0.00022145 0.0002778 0.0005627 0.00017735 0.0004241 0.00047185 0.0004082 0.000277 0.0004243 0.000439 0.00023965 0.0005323 0.00024095 0.000424 0.0004037 0.0003411 0.0003798 0.00033565 0.00014205 0.0005769 0.0003508 0.0003269 0.00034035 0.0003904 0.00054385 0.00047515 0.00036115 0.0003245 0.0003877 0.00035575 0.00037425 0.00044145 0.00036505 9.175e-05 0.0005066 0.0002742 0.0004267 0.0005483
32 0.0001993 0.00019935 0.0003378 0.0003518 0.00022515 0.0004063 0.0003815 0.0003384 0.00037355 0.00043325 0.0004937 0.0003264 0.00018285 0.00037355 0.00048855 0.00040175 0.00038695 0.00047755 0.00035445 0.00028165 0.0006504 0.0003244 0.0003891 0.00025125 0.00032455 0.0002398 0.0005218 0.0003814 0.0005048 0.00020395 0.00041115 0.0002397 0.0003569 0.0002394 0.0003179 0.00031915 0.0006719 0.00018045 0.00053225 0.0004704 0.0003246 0.00035115 0.00047255 0.00041095 0.00048865 0.0001801 0.00031775 0.00035885 0.0004619 0.00035095 0.00017935 0.00049935 0.00035605 0.0003195 0.00041095 0.00038565 0.00023035 0.00053305 0.0002606 0.00025125 0.00045595 0.00037025 0.0003993 0.00033755 0.0004937 0.0003245 0.0005051 0.0003508 0.00049505 0.00025325 0.0005053 0.0003511 0.00017875 0.0003608 0.00018 0.000505 0.00020365 0.0003761 0.00031755 0.00045655 0.0002512 0.0005931 0.0002047 0.0003352 0.00033385 0.00020155 0.00060735 0.00035425 0.000343 0.0003431 0.0001791 0.0004577 0.00018045 0.00035845 0.00035095 0.00017855 0.00049985 0.00018005 0.0003387 0.00038175
33 0.00035165 0.000259 0.00039305 0.00038795 0.0002824 0.0004352 0.00048035 0.00039295 0.0004526 0.0004618 0.000527 0.0003629 0.00015165 0.0004526 0.00050645 0.00047445 0.00037505 0.0005233 0.0003522 0.0002392 0.00057365 0.00041645 0.00040155 0.00030915 0.00041655 0.0002094 0.0006257 0.0005012 0.00056565 0.0003492 0.00038625 0.00030205 0.0002394 0.0002931 0.0002811 0.000371 0.00064855 0.00027855 0.00062845 0.0003727 0.00032395 0.0003901 0.0004605 0.00038605 0.000571 0.0001513 0.00028095 0.00043625 0.0003945 0.0003868 0.00014745 0.00057415 0.00049715 0.0003198 0.00038605 0.0003864 0.00027275 0.00056635 0.00017255 0.0003476 0.0004664 0.0004977 0.0003751 0.0003572 0.0004974 0.0004165 0.000566 0.0003867 0.0005621 0.00025565 0.0005662 0.0004237 0.00023975 0.00038925 0.000241 0.0005659 0.0001726 0.00041205 0.00028165 0.00041455 0.0003091 0.00066085 0.0002571 0.00036545 0.000327 0.00021165 0.00057095 0.0003908 0.00029065 0.00039055 0.0001475 0.00043235 0.00018595 0.0002901 0.0003651 0.00033215 0.0005231 0.0002076 0.00026575 0.0004148
34 0.00038905 0.00033775 0.0003748 0.00047825 0.0003635 0.0005069 0.0005615 0.0003375 0.00051135 0.00050685 0.0004931 0.00045325 0.0002689 0.00051135 0.000573 0.00054315 0.0003457 0.00046855 0.0004403 0.0002689 0.00047755 0.0004677 0.00050775 0.0003337 0.0004678 0.0003102 0.00068985 0.00056105 0.0006312 0.00039405 0.0004929 0.00036175 0.0003179 0.0002811 0.0005322 0.00035545 0.00065475 0.0003548 0.00070155 0.00038815 0.0004163 0.00047775 0.0004195 0.0004927 0.00052985 0.00026635 0.0002662 0.0004958 0.00041325 0.00047845 0.0002665 0.00054195 0.0005437 0.00030325 0.0004927 0.0004602 0.00036845 0.00049305 0.00030195 0.00040515 0.0003559 0.0005488 0.00044915 0.0003385 0.00059115 0.00046775 0.00063135 0.0004782 0.0006275 0.0003193 0.00063155 0.0004781 0.0003178 0.00048975 0.0003178 0.00063125 0.00028825 0.00048135 0.0003037 0.00026615 0.00033365 0.0006283 0.0003428 0.0004564 0.0004196 0.00032415 0.0005631 0.00048065 0.00029205 0.0003426 0.0002663 0.00051775 0.0003031 0.00030765 0.00035235 0.0003693 0.0004899 0.0003177 0.0002867 0.00051065
35 0.00030285 0.0003402 0.0003018 0.00047955 0.00036465 0.00049015 0.0004896 0.00033905 0.00050375 0.00048865 0.00048435 0.0003804 0.00035685 0.00050375 0.0005007 0.00052825 0.00041375 0.00037905 0.00044845 0.00035905 0.0005443 0.0003818 0.0005244 0.00032485 0.0003819 0.00035645 0.00060545 0.0004901 0.00055285 0.0003072 0.00049565 0.0003192 0.00031915 0.000371 0.00035545 0.0005578 0.00066705 0.0002806 0.0006309 0.0004507 0.00041905 0.00047905 0.0004274 0.00049545 0.0004424 0.0003548 0.0003553 0.0004165 0.0004993 0.00048145 0.0003568 0.00046765 0.0004569 0.00031675 0.00049545 0.00041915 0.00036635 0.00048285 0.0003912 0.00038085 0.0002791 0.0004641 0.0004476 0.00033785 0.0005822 0.00038185 0.000553 0.0004812 0.0005431 0.0003235 0.0005532 0.0004812 0.0003192 0.0005064 0.0003176 0.0005529 0.0003775 0.00046645 0.000318 0.0003541 0.0003248 0.0005626 0.00034485 0.0003897 0.0004287 0.00033795 0.00056165 0.0004813 0.00037045 0.00034345 0.00035665 0.00049505 0.00031765 0.000395 0.00035055 0.0002819 0.00050545 0.00031785 0.00037325 0.0005265
