 slim_337506634 slim_337506883 slim_337507045 slim_337507071 slim_337506833 slim_337506959 slim_337507018 slim_337506947 slim_337507017 slim_337506902 slim_337506879 slim_337506677 slim_337506906 slim_337506705 slim_337507062 slim_337507035 slim_337507031 slim_337506955 slim_337507085 slim_337507075 slim_337506587 slim_337506997 slim_337507023 slim_337507087 slim_337507066 slim_337507054 slim_337506952 slim_337507073 slim_337506937 slim_337507082 slim_337506849 slim_337507042 slim_337507067 slim_337507086 slim_337506781 slim_337507068 slim_337506773 slim_337507052 slim_337506991 slim_337506945 slim_337506990 slim_337507007 slim_337507084 slim_337506934 slim_337507011 slim_337507027 slim_337506998 slim_337507013 slim_337507053 slim_337507069 slim_337506766 slim_337506851 slim_337506988 slim_337507022 slim_337507010 slim_337506976 slim_337507040 slim_337507000 slim_337507088 slim_337507009 slim_337506810 slim_337507028 slim_337507057 slim_337506864 slim_337507081 slim_337507077 slim_337506960 slim_337506881 slim_337506986 slim_337507065 slim_337507001 slim_337506977 slim_337506652 slim_337507061 slim_337506856 slim_337507078 slim_337506966 slim_337507041 slim_337506701 slim_337507016 slim_337506742 slim_337507056 slim_337506661 slim_337506581 slim_337506970 slim_337506967 slim_337506944 slim_337506978 slim_337507002 slim_337506996 slim_337507012 slim_337507048 slim_337506685 slim_337507090 slim_337506992 slim_337506948 slim_337507034 slim_337506900 slim_337507005 slim_337507079
0 0.0002924 0.00028715 0.000467 0.00026355 0.0003959 0.00027195 0.0003313 0.0002198 0.00034485 0.00025075 0.0002193 0.00027225 0.00031725 0.0004671 0.0003698 0.00018385 0.0002207 0.00027255 0.0003312 0.0002459 0.00015015 0.00024475 0.0002069 0.0003701 0.0002798 0.00039055 0.0002889 0.00026415 0.00031205 0.00039645 0.000184 0.00034415 0.00027965 0.00036965 0.00037005 0.0002999 0.00022015 0.00024545 0.000203 0.00034395 0.0002619 0.0002464 0.00033145 0.00014775 0.00021905 0.00037005 0.00024655 0.00014885 0.00014795 0.0003442 0.00027245 0.0003178 0.00027515 0.0002722 0.00024615 0.0001478 0.00027215 0.00046165 0.00034265 0.0002071 0.0002194 0.0002921 0.00036935 0.00014745 0.0002052 0.00029975 0.0003962 0.00024485 0.0003701 0.00032695 0.00022045 0.00027175 0.00028175 0.0003446 0.0002722 0.00022035 0.00014885 0.00027245 0.00026585 0.00034455 0.00032685 0.0003181 0.00024475 0.00027965 0.0001477 0.00036985 0.00018465 0.0003434 0.0003434 0.00024515 0.00034275 0.00014745 0.0002195 0.00031715 0.00039055 0.0003045 0.00022015 0.00028935 0.00020745 0.00036955
1 0.00028715 0.0004513 0.0003498 0.0003311 0.0002264 0.0002341 0.0002268 0.00024205 0.00022655 0.0003233 0.00024225 0.0002264 0.00024375 0.00034935 0.00034245 0.00027995 0.00022675 0.0002265 0.0002269 0.0002357 0.00022565 0.0002547 0.00023475 0.0003424 0.00022705 0.0002279 0.0003324 0.0003234 0.00023825 0.0002268 0.00023485 0.00023465 0.00023465 0.0002357 0.00034295 0.00024775 0.000234 0.00035015 0.00023975 0.00022915 0.00024035 0.00022695 0.00022715 0.00027885 0.00024225 0.00034295 0.00022855 0.00022615 0.00023455 0.00023505 0.0002264 0.00023445 0.0002403 0.0002349 0.0003366 0.00023425 0.00023425 0.0003367 0.0003573 0.0002346 0.000242 0.0002423 0.0002358 0.00023395 0.0002894 0.0002342 0.0002265 0.0002422 0.00034425 0.00024 0.0002344 0.0002339 0.00023615 0.0002268 0.0002265 0.00027955 0.00022615 0.0002266 0.00024675 0.00022675 0.0002405 0.00023715 0.0002889 0.0002269 0.00023415 0.0003425 0.0002269 0.0002367 0.00023685 0.0003955 0.00024365 0.00024235 0.0002419 0.0002421 0.0002259 0.00023445 0.0002345 0.00043915 0.0002263 0.0002341
2 0.000467 0.0003498 0.0003118 0.0003863 0.00015685 0.0003012 0.0002765 0.00038675 0.0002898 0.00042025 0.0003862 0.0003347 0.0002921 0.00015645 0.0002891 0.00046555 0.000441 0.00033545 0.0002758 0.00038515 0.00051115 0.00036945 0.0004204 0.00028915 0.00038205 0.00016665 0.00035075 0.0004067 0.0003223 0.0001573 0.00044335 0.00024265 0.00036175 0.00020695 0.00028925 0.0003499 0.00042035 0.00043305 0.00048195 0.00026175 0.00042315 0.0004018 0.00027265 0.00047925 0.00038625 0.00028925 0.0004057 0.00051345 0.0005013 0.00024285 0.00033535 0.0003088 0.00040945 0.00032355 0.0004477 0.00050115 0.00032335 0.0001569 0.0003005 0.00044255 0.00038625 0.00032795 0.0002069 0.00047905 0.0004646 0.00029465 0.0001567 0.0003692 0.00029295 0.00030395 0.0004287 0.000301 0.000349 0.00026285 0.00033515 0.0004295 0.00051345 0.0003349 0.0003292 0.0002628 0.000304 0.0003128 0.0003731 0.0003819 0.00050105 0.00028915 0.0004776 0.0002734 0.00027335 0.00045525 0.00025285 0.0004453 0.00038605 0.0002884 0.00016285 0.00032245 0.0004207 0.000433 0.00045435 0.00020325
3 0.00026355 0.0003311 0.0003863 0.0003905 0.000379 0.00028785 0.00031655 0.0001963 0.0003302 0.0002246 0.00019575 0.00031605 0.0002241 0.00038655 0.00038835 0.00029295 0.0002531 0.0003164 0.0003164 0.00025325 0.0002531 0.00029015 0.00022495 0.00038875 0.0002538 0.00038135 0.00022395 0.00022445 0.00025395 0.00037915 0.00022525 0.00028755 0.0002263 0.0003162 0.00038825 0.00032405 0.00022445 0.00029695 0.0003265 0.00031025 0.0003268 0.0002791 0.0003201 0.00022535 0.0001958 0.00038825 0.00028115 0.0002536 0.00029235 0.00028745 0.0003163 0.00025105 0.0003265 0.0003552 0.0002975 0.0002922 0.0003556 0.0004006 0.00029495 0.00029275 0.0001958 0.0001959 0.0003158 0.00022465 0.00035195 0.000355 0.0003792 0.00028985 0.0003906 0.00038965 0.0002922 0.00028775 0.0002534 0.0003163 0.0003161 0.00027995 0.0002536 0.00031625 0.0003556 0.00031625 0.0003891 0.0002522 0.00029215 0.00025365 0.0002921 0.0003884 0.0002535 0.0002786 0.0002786 0.00036465 0.0002507 0.00019625 0.00019695 0.00022205 0.0003794 0.0002513 0.00022425 0.0002965 0.0002536 0.00031415
4 0.0003959 0.0002264 0.00015685 0.000379 2.9e-06 0.00016605 0.0001347 0.000272 0.0001608 0.00040595 0.0002719 0.0001938 0.00017745 0.00015635 0.0002819 0.0003877 0.00031295 0.00019365 0.00013505 0.00026355 0.0003831 0.00024725 0.0002992 0.00028205 0.000254 1.13e-05 0.0003429 0.0003924 0.0002011 2.6e-06 0.00032205 0.0001078 0.00023995 7.17e-05 0.0002828 0.0002602 0.00029925 0.00044625 0.0003857 0.00012055 0.0003269 0.00027355 0.00013165 0.0004208 0.0002719 0.0002828 0.0002775 0.0003854 0.00036055 0.0001086 0.00019355 0.000187 0.0003132 0.0001697 0.0004652 0.0003604 0.00016885 0.00013045 0.00032075 0.0003017 0.00027175 0.0002136 7.155e-05 0.00035775 0.0004315 0.0001408 2.15e-06 0.00023505 0.0002858 0.00019405 0.0002879 0.00016595 0.0002274 0.00012105 0.0001931 0.0003645 0.0003854 0.000194 0.0001869 0.000121 0.00019475 0.0001915 0.0003017 0.00025385 0.0003603 0.00028195 0.00034955 0.00015195 0.00015185 0.000512 0.000138 0.0003307 0.000271 0.00017375 8e-06 0.00020085 0.0002996 0.0005533 0.0003263 6.8e-05
5 0.00027195 0.0002341 0.0003012 0.00028785 0.00016605 0.0003305 0.0002008 0.000181 0.0002273 0.00030805 0.0001811 0.00020155 0.00018325 0.00030065 0.00033485 0.00030695 0.00023635 0.000201 0.00020165 0.00020385 0.00023585 0.0002215 0.0002016 0.00033535 0.0002361 0.00016805 0.00027565 0.0003082 0.00020585 0.000167 0.00020175 0.00018065 0.0002157 0.0001688 0.000336 0.0002476 0.00021565 0.00033545 0.0002821 0.0001899 0.00028205 0.00022245 0.0002018 0.00026445 0.0001811 0.000336 0.0002245 0.0002363 0.0002438 0.0001817 0.0002009 0.00020165 0.00028205 0.00020945 0.0003542 0.00024365 0.0002087 0.00029455 0.00030095 0.0002435 0.00018095 0.0001953 0.0001683 0.00020145 0.0003495 0.00020885 0.0001667 0.00020905 0.0003372 0.00024725 0.0002432 0.00016635 0.0002037 0.00020085 0.00020085 0.000307 0.0002363 0.00020175 0.0002211 0.0002008 0.00024785 0.0002041 0.00027435 0.00023595 0.00024355 0.0003349 0.0002365 0.00018995 0.00018995 0.00044085 0.0001693 0.00016705 0.0001808 0.00018115 0.0001664 0.0002015 0.00021605 0.0004422 0.00023605 0.0001667
6 0.0003313 0.0002268 0.0002765 0.00031655 0.0001347 0.0002008 0.0002681 0.0002094 0.0001607 0.0003082 0.0002095 0.00019425 0.000154 0.00027595 0.00032775 0.0002874 0.00019425 0.00019385 0.00013505 0.00020545 0.00025095 0.0002215 0.0002017 0.00032815 0.0001346 0.0001442 0.0003199 0.00030875 0.0001499 0.0001355 0.00022445 0.00014265 0.0001423 0.0001462 0.0003288 0.0002476 0.0002017 0.0003948 0.0002991 0.00013965 0.00023965 0.0001947 0.0001353 0.00032385 0.0002095 0.0003288 0.00019855 0.0002532 0.0002608 0.00014355 0.00019375 0.00014255 0.00024005 0.00020225 0.0004137 0.00026065 0.0002015 0.0002632 0.0003428 0.0002011 0.00020935 0.0001505 0.00014585 0.0002607 0.0003666 0.0001734 0.0001352 0.00020905 0.00033185 0.00024005 0.00020115 0.0002014 0.00016875 0.0001347 0.0001937 0.000265 0.0002532 0.00019445 0.0002197 0.00013465 0.00024065 0.0001473 0.00027605 0.00013445 0.00026055 0.00032785 0.00021685 0.000147 0.000147 0.00045795 0.0001539 0.0002688 0.00020915 0.0001502 0.0001407 0.000142 0.0002021 0.0005019 0.00019365 0.0001424
7 0.0002198 0.00024205 0.00038675 0.0001963 0.000272 0.000181 0.0002094 0.0001765 0.0002355 0.00022495 8.93e-05 0.00020925 0.000117 0.00038665 0.00038845 0.00024885 0.0001457 0.00020925 0.0002096 0.0001457 0.00014585 0.0001954 0.00011825 0.00038885 0.00014645 0.00027435 0.00022405 0.00022465 0.0001471 0.00027245 0.0001183 0.00018085 0.00011915 0.0002088 0.00038865 0.00023515 0.0001176 0.00029665 0.00023745 0.00020295 0.00023775 0.00017155 0.00021325 0.0001814 8.93e-05 0.00038865 0.00017385 0.0001463 0.0001854 0.00018095 0.00020915 0.00014375 0.0002373 0.00024835 0.00031595 0.00018525 0.00024845 0.0004007 0.00029465 0.00018545 8.865e-05 8.89e-05 0.0002084 0.0001177 0.0003261 0.00024805 0.00027255 0.00018275 0.0003907 0.00030075 0.0001846 0.00018035 0.00014585 0.000209 0.0002091 0.0002357 0.0001463 0.00020945 0.00026085 0.00020895 0.0003005 0.0001451 0.0002478 0.0001462 0.00018515 0.0003885 0.00014625 0.00017145 0.0001712 0.0004278 0.0001433 8.905e-05 9.015e-05 0.00011535 0.00027225 0.0001441 0.00011745 0.0004041 0.0001463 0.00020715
8 0.00034485 0.00022655 0.0002898 0.0003302 0.0001608 0.0002273 0.0001607 0.0002355 0.0003196 0.00032175 0.00023575 0.00022 0.00018 0.00028935 0.00034165 0.00030085 0.0002204 0.00022025 0.0001605 0.0002313 0.00027705 0.00024785 0.0002275 0.00034145 0.0001608 0.00016985 0.0003332 0.00032235 0.00017555 0.00016105 0.0002505 0.0001692 0.00016855 0.0001718 0.000342 0.00024815 0.0002279 0.0004083 0.0002995 0.00016525 0.0002401 0.0002207 0.00016105 0.00033735 0.00023575 0.000342 0.00022445 0.00027925 0.0002869 0.00016945 0.00022015 0.00016885 0.00024055 0.000228 0.00040155 0.00028675 0.00022735 0.0002767 0.0003564 0.0002272 0.0002355 0.0001768 0.00017205 0.0002868 0.00035445 0.00019915 0.00016075 0.00023525 0.00034515 0.00024025 0.0002273 0.00022725 0.00019455 0.0001612 0.00022015 0.0002786 0.00027925 0.0002202 0.0002456 0.00016115 0.00024075 0.00017335 0.00028935 0.00016065 0.00028665 0.0003417 0.00024285 0.000173 0.000173 0.0004589 0.00017985 0.00029485 0.0002354 0.00017665 0.0001662 0.00016835 0.0002283 0.00050285 0.0002194 0.0001685
9 0.00025075 0.0003233 0.00042025 0.0002246 0.00040595 0.00030805 0.0003082 0.00022495 0.00032175 0.0004201 0.00022505 0.0003086 0.0002662 0.00042015 0.0003811 0.0002507 0.00022465 0.00030885 0.00030835 0.0002525 0.00021085 0.0002904 0.0002109 0.00038125 0.00022425 0.00040805 0.00025175 0.00022425 0.00026135 0.0004064 0.000211 0.0003228 0.000225 0.00034995 0.0003813 0.00032375 0.00022495 0.0002835 0.0002844 0.0003158 0.0002839 0.0002507 0.00031225 0.0002114 0.00022505 0.0003813 0.0002526 0.0002113 0.00025095 0.00032285 0.00030875 0.0002641 0.00029795 0.0003485 0.00028395 0.0002508 0.00034835 0.0004275 0.0003226 0.0002502 0.00022495 0.00023885 0.0003498 0.0002111 0.0003102 0.00034795 0.00040625 0.00029 0.0003831 0.00038205 0.00026385 0.0003085 0.00025195 0.0003223 0.00030875 0.00025155 0.0002113 0.0003088 0.00034855 0.00032225 0.00038205 0.00026655 0.00029215 0.0002241 0.0002507 0.00038115 0.0002108 0.0002919 0.00029195 0.0003234 0.0002918 0.0002114 0.0002252 0.0002644 0.00040585 0.00025 0.00022505 0.00028305 0.0002107 0.00034815
10 0.0002193 0.00024225 0.0003862 0.00019575 0.0002719 0.0001811 0.0002095 8.93e-05 0.00023575 0.00022505 0.0001757 0.00020885 0.0001169 0.0003866 0.0003884 0.00024895 0.0001461 0.00020935 0.0002092 0.0001462 0.0001461 0.0001953 0.0001179 0.0003888 0.0001468 0.00027425 0.00022435 0.0002249 0.0001468 0.0002719 0.0001178 0.0001803 0.00011925 0.0002091 0.00038815 0.0002352 0.00011725 0.00029705 0.0002377 0.00020325 0.000238 0.0001721 0.0002129 0.0001815 8.835e-05 0.00038815 0.00017415 0.0001466 0.0001851 0.0001797 0.00020925 0.000144 0.0002377 0.000248 0.000316 0.00018495 0.00024855 0.00040065 0.00029505 0.00018575 8.86e-05 8.86e-05 0.0002087 0.0001174 0.00032615 0.00024775 0.00027195 0.0001826 0.00039065 0.0003008 0.0001852 0.0001807 0.00014635 0.00020925 0.000209 0.00023595 0.0001466 0.00020905 0.00026075 0.0002092 0.0003001 0.00014505 0.0002481 0.00014665 0.00018485 0.00038845 0.0001465 0.0001715 0.0001715 0.00042775 0.00014355 8.915e-05 8.965e-05 0.00011485 0.00027235 0.00014425 0.00011705 0.00040405 0.0001466 0.00020705
11 0.00027225 0.0002264 0.0003347 0.00031605 0.0001938 0.00020155 0.00019425 0.00020925 0.00022 0.0003086 0.00020885 0.0003855 0.0002106 0.000335 0.0003281 0.0002652 0.0001939 0.00019395 0.0001936 0.000203 0.00019305 0.0002217 0.0002016 0.00032805 0.00019415 0.0001958 0.00031775 0.0003087 0.00020505 0.00019415 0.0002018 0.0002018 0.0002017 0.00020325 0.00032815 0.00024735 0.00020095 0.0003355 0.00023955 0.00019625 0.00024 0.0001942 0.00019415 0.00026425 0.0002089 0.00032815 0.000196 0.00019305 0.00020145 0.0002019 0.00019385 0.0002015 0.00023995 0.00020185 0.00035445 0.0002013 0.00020165 0.00032255 0.00034265 0.00020165 0.0002089 0.00020905 0.0002033 0.00020105 0.0003072 0.0002012 0.00019355 0.00020905 0.00032995 0.00024 0.0002015 0.0002014 0.0002033 0.00019425 0.00019365 0.0002648 0.0001934 0.0001933 0.0002142 0.0001942 0.00024005 0.00020395 0.0002742 0.000194 0.0002012 0.00032815 0.00019405 0.0002037 0.00020385 0.00039895 0.0002107 0.0002093 0.0002088 0.00020885 0.0001935 0.0002015 0.00020135 0.00044265 0.00019355 0.0002015
12 0.00031725 0.00024375 0.0002921 0.0002241 0.00017745 0.00018325 0.000154 0.000117 0.00018 0.0002662 0.0001169 0.0002106 9.09e-05 0.00029235 0.00039015 0.0003097 0.00017345 0.0002111 0.0001537 0.000145 0.0002429 0.0001962 0.0001592 0.0003904 0.0001166 0.00018185 0.00022385 0.00025265 8.005e-05 0.00017785 0.0001803 0.00011195 8.87e-05 0.0001118 0.0003902 0.0002367 0.00014485 0.00039515 0.00033535 0.00010695 0.0002784 0.0001737 0.0001577 0.0002795 0.00011685 0.0003902 0.0001739 0.0002443 0.0002824 0.0001121 0.000211 7.48e-05 0.0002647 0.0002494 0.00041435 0.00028225 0.0002495 0.0003063 0.0002973 0.00022555 0.00011635 4.625e-05 0.00011155 0.000216 0.0004237 0.0002226 0.0001776 0.00018375 0.0003904 0.00030235 0.0002117 0.0001827 0.00010885 0.00014035 0.00021075 0.0002629 0.0002443 0.0002108 0.00026565 0.0001403 0.0003021 7.45e-05 0.00024625 0.00011645 0.00028215 0.0003902 0.0002082 7.525e-05 7.52e-05 0.0005248 4.635e-05 0.00018795 0.00011725 4.615e-05 0.00018185 8.855e-05 0.00014495 0.0005025 0.00018705 0.0001125
13 0.0004671 0.00034935 0.00015645 0.00038655 0.00015635 0.00030065 0.00027595 0.00038665 0.00028935 0.00042015 0.0003866 0.000335 0.00029235 0.0003116 0.00028855 0.0004655 0.0004409 0.0003349 0.00027625 0.0003851 0.00051105 0.00036935 0.00042055 0.0002885 0.00038195 0.00016565 0.0003507 0.0004066 0.0003225 0.00015675 0.0004434 0.0002424 0.0003617 0.00020645 0.00028925 0.00034985 0.00042055 0.00043295 0.00048185 0.00026165 0.00042305 0.0004017 0.00027265 0.0004792 0.0003866 0.00028925 0.0004056 0.00051335 0.0005014 0.000243 0.0003348 0.00030875 0.00040935 0.0003236 0.0004476 0.00050125 0.00032275 0.00015605 0.00030045 0.0004425 0.00038645 0.0003282 0.0002064 0.0004791 0.00046455 0.00029475 0.00015645 0.00036935 0.0002924 0.0003033 0.0004286 0.00030035 0.00034895 0.0002623 0.0003346 0.00042945 0.00051335 0.0003352 0.0003287 0.00026225 0.000304 0.000313 0.0003731 0.0003818 0.00050115 0.0002886 0.0004775 0.0002734 0.00027335 0.0004552 0.0002529 0.00044545 0.00038615 0.00028855 0.0001623 0.0003223 0.0004209 0.0004329 0.00045425 0.00020255
14 0.0003698 0.00034245 0.0002891 0.00038835 0.0002819 0.00033485 0.00032775 0.00038845 0.00034165 0.0003811 0.0003884 0.0003281 0.00039015 0.00028855 0.0005622 0.00036305 0.0003737 0.0003275 0.00032855 0.00038285 0.00037305 0.00036975 0.00038145 0.00028165 0.00037395 0.00028385 0.00039 0.00038095 0.0003851 0.00028285 0.00038155 0.0003351 0.00038125 0.0003371 0.0002823 0.00034925 0.0003808 0.00033465 0.000342 0.0003651 0.0003424 0.0003741 0.00032495 0.0003809 0.0003884 0.0002823 0.0003762 0.00037355 0.0003625 0.00033615 0.0003274 0.0003808 0.0003421 0.00031765 0.0003493 0.0003624 0.0003169 0.00028175 0.00034175 0.00036285 0.00038825 0.0003885 0.0003366 0.00038085 0.00032465 0.0003171 0.00028255 0.00036975 0.00028355 0.00029645 0.00036235 0.0003351 0.0003831 0.00032755 0.00032725 0.0003622 0.0003735 0.00032825 0.00031685 0.0003275 0.00029705 0.00038365 0.0003718 0.0003738 0.0003623 0.0002812 0.0003741 0.00038345 0.0003834 0.0003163 0.0003901 0.0003887 0.00038805 0.00038805 0.0002824 0.00038095 0.00038115 0.0003347 0.00037365 0.000335
15 0.00018385 0.00027995 0.00046555 0.00029295 0.0003877 0.00030695 0.0002874 0.00024885 0.00030085 0.0002507 0.00024895 0.0002652 0.0003097 0.0004655 0.00036305 0.0002813 0.0001788 0.0002655 0.0002874 0.00024575 0.00014415 0.000245 0.00020715 0.0003632 0.00020065 0.0003822 0.0003316 0.0002647 0.00027545 0.0003885 0.00018395 0.0003297 0.0002289 0.00036835 0.00036355 0.0003001 0.0002067 0.00028245 0.00019715 0.00031445 0.0002192 0.00021855 0.00028795 0.0001842 0.00024895 0.00036355 0.0002186 0.0001428 0.00014235 0.0003301 0.0002654 0.00028155 0.00023305 0.00026545 0.00028315 0.0001422 0.000265 0.0004534 0.00038495 0.00016425 0.0002488 0.0002709 0.0003682 0.00018475 0.0001996 0.0002877 0.000388 0.00024505 0.0003632 0.00031995 0.00017805 0.0003073 0.00024455 0.0003013 0.00026535 0.0001783 0.0001428 0.0002654 0.0002589 0.00030125 0.00032025 0.0002828 0.0002447 0.0002005 0.0001422 0.0003631 0.0001419 0.0003215 0.00032155 0.00023945 0.00034865 0.0002273 0.0002487 0.00030975 0.00038195 0.00026765 0.0002071 0.0003265 0.00016465 0.0003684
16 0.0002207 0.00022675 0.000441 0.0002531 0.00031295 0.00023635 0.00019425 0.0001457 0.0002204 0.00022465 0.0001461 0.0001939 0.00017345 0.0004409 0.0003737 0.0001788 0.000148 0.0001939 0.00019445 0.00014475 7.425e-05 0.00019555 0.00011795 0.0003741 7.505e-05 0.00031525 0.00029435 0.0002241 0.0001466 0.00031365 0.00011805 0.00022275 0.0001042 0.00026425 0.00037415 0.00023445 0.0001031 0.0002971 0.00016625 0.00020195 0.00016685 0.00011505 0.0001984 0.00018065 0.00014605 0.00037415 0.00011705 7.455e-05 0.0001151 0.00022305 0.0001938 0.00014245 0.00016615 0.0002343 0.000316 0.00011485 0.00023415 0.0004416 0.0003641 0.00011505 0.000146 0.0001317 0.00026385 0.00011705 0.00025565 0.00023375 0.0003135 0.0001826 0.00037595 0.00028595 0.0001139 0.0002365 0.0001452 0.0001936 0.0001941 0.00016465 7.46e-05 0.0001941 0.00024685 0.00019355 0.00028595 0.00014595 0.00024835 7.47e-05 0.0001148 0.00037375 7.485e-05 0.0001851 0.00018515 0.00035815 0.00021285 0.00016045 0.0001462 0.0001714 0.00031275 0.00014305 0.0001031 0.0004043 7.48e-05 0.0002622
17 0.00027255 0.0002265 0.00033545 0.0003164 0.00019365 0.000201 0.00019385 0.00020925 0.00022025 0.00030885 0.00020935 0.00019395 0.0002111 0.0003349 0.0003275 0.0002655 0.0001939 0.0003857 0.0001946 0.0002033 0.00019315 0.0002217 0.0002021 0.000328 0.0001943 0.0001956 0.00031805 0.0003087 0.00020575 0.0001946 0.0002022 0.00020145 0.0002019 0.00020345 0.00032865 0.00024735 0.00020125 0.00033555 0.0002396 0.0001966 0.0002402 0.00019435 0.00019485 0.0002644 0.00020935 0.00032865 0.00019605 0.0001935 0.00020125 0.0002025 0.00019285 0.00020145 0.0002399 0.00020235 0.0003545 0.0002016 0.0002016 0.00032215 0.00034265 0.00020185 0.0002092 0.0002093 0.00020295 0.0002013 0.00030725 0.00020185 0.0001943 0.0002093 0.00032985 0.00023995 0.00020145 0.0002014 0.00020375 0.0001936 0.0001934 0.0002648 0.000193 0.00019365 0.0002142 0.0001935 0.00024055 0.0002044 0.00027455 0.00019415 0.0002015 0.00032755 0.0001943 0.00020375 0.0002041 0.00039905 0.000211 0.00020965 0.000209 0.000209 0.0001938 0.0002016 0.00020165 0.00044275 0.0001938 0.00020135
18 0.0003312 0.0002269 0.0002758 0.0003164 0.00013505 0.00020165 0.00013505 0.0002096 0.0001605 0.00030835 0.0002092 0.0001936 0.0001537 0.00027625 0.00032855 0.0002874 0.00019445 0.0001946 0.0002677 0.00020535 0.00025105 0.0002217 0.0002012 0.00032835 0.00013485 0.0001446 0.0003198 0.00030895 0.0001492 0.00013525 0.00022435 0.0001432 0.0001425 0.0001462 0.00032845 0.00024775 0.0002016 0.0003949 0.0002992 0.0001393 0.0002398 0.00019475 0.00013495 0.0003239 0.00020925 0.00032845 0.0001985 0.0002533 0.0002607 0.00014315 0.0001945 0.0001428 0.00024025 0.00020185 0.0004138 0.00026055 0.00020165 0.0002638 0.000343 0.0002012 0.00020925 0.00015045 0.0001464 0.00026065 0.00036665 0.00017295 0.00013465 0.000209 0.0003321 0.00024025 0.00020135 0.0002016 0.0001686 0.00013555 0.00019445 0.00026515 0.0002533 0.0001938 0.0002199 0.0001355 0.0002403 0.00014705 0.0002759 0.0001347 0.00026045 0.0003286 0.0002169 0.00014695 0.00014695 0.000458 0.0001538 0.00026865 0.00020915 0.00015025 0.0001406 0.0001423 0.000202 0.000502 0.0001934 0.00014275
19 0.0002459 0.0002357 0.00038515 0.00025325 0.00026355 0.00020385 0.00020545 0.0001457 0.0002313 0.0002525 0.0001462 0.000203 0.000145 0.0003851 0.00038285 0.00024575 0.00014475 0.0002033 0.00020535 0.0002837 0.00014275 0.00019685 0.00014575 0.000383 0.00014695 0.00026015 0.00025 0.0002526 0.00014365 0.0002644 0.000144 0.00020625 0.0001472 0.0002029 0.00038335 0.0002364 0.00014495 0.0003227 0.0002338 0.00016985 0.0002363 0.000145 0.0002096 0.00020615 0.0001462 0.00038335 0.0001431 0.0001423 0.00018215 0.00020665 0.0002032 0.00014695 0.00023625 0.0002431 0.00034185 0.00018165 0.00024265 0.00039235 0.000325 0.00018405 0.00014565 0.0001481 0.00020285 0.00014305 0.0003229 0.0002441 0.0002639 0.00018435 0.00038115 0.0002949 0.0001839 0.00020365 0.0001426 0.00020545 0.0002033 0.00023455 0.00014235 0.0002032 0.0002533 0.0002054 0.0002952 0.0001463 0.00024495 0.0001468 0.00018175 0.0003829 0.00014305 0.0001457 0.00014585 0.0004249 0.00014475 0.00014415 0.00014555 0.00014765 0.0002615 0.00014705 0.00014545 0.0004301 0.00014435 0.00020565
20 0.00015015 0.00022565 0.00051115 0.0002531 0.0003831 0.00023585 0.00025095 0.00014585 0.00027705 0.00021085 0.0001461 0.00019305 0.0002429 0.00051105 0.00037305 0.00014415 7.425e-05 0.00019315 0.00025105 0.00014275 3.9e-06 0.00019545 0.0001041 0.00037335 0.00013205 0.0003803 0.00029305 0.00022435 0.00020935 0.00038395 8.325e-05 0.00029325 0.0001609 0.00033335 0.00037365 0.00023385 0.0001024 0.00022595 9.445e-05 0.0002711 0.0001527 0.0001142 0.0002552 0.0001088 0.0001461 0.00037365 0.00011495 2.6e-06 4.405e-05 0.00029375 0.00019305 0.0002132 0.00016605 0.00023435 0.0002449 4.36e-05 0.00023395 0.00051175 0.00036385 0.0001014 0.00014595 0.00020265 0.00033305 4.57e-05 0.00018415 0.0002598 0.00038355 0.0001828 0.00037425 0.00028525 0.0001145 0.00023615 0.00017985 0.00026435 0.00019335 0.0001645 2.6e-06 0.00019325 0.0002426 0.0002643 0.0002855 0.0002156 0.0002472 0.0001319 4.35e-05 0.0003731 4e-05 0.0002543 0.0002546 0.00028715 0.0002821 8.96e-05 0.00014595 0.0002419 0.0003785 0.0001998 0.00010305 0.0003332 6.025e-05 0.00033235
21 0.00024475 0.0002547 0.00036945 0.00029015 0.00024725 0.0002215 0.0002215 0.0001954 0.00024785 0.0002904 0.0001953 0.0002217 0.0001962 0.00036935 0.00036975 0.000245 0.00019555 0.0002217 0.0002217 0.00019685 0.00019545 0.000384 0.0001959 0.00037015 0.00019535 0.0002496 0.00029135 0.00029015 0.000199 0.0002484 0.00019585 0.0002213 0.0001949 0.00022275 0.00037065 0.00026665 0.00019525 0.000344 0.0002683 0.00019745 0.00026825 0.00019565 0.0002223 0.000246 0.0001953 0.00037065 0.00019775 0.00019595 0.0001947 0.0002221 0.0002216 0.0001942 0.00026785 0.00022115 0.00036295 0.00019455 0.00022055 0.00036385 0.0003434 0.0001944 0.00019515 0.00019505 0.00022235 0.0001957 0.00032125 0.00022075 0.0002478 0.000193 0.000372 0.0002944 0.00019425 0.00022165 0.00019655 0.00022115 0.00022135 0.0002456 0.00019595 0.0002219 0.0002199 0.0002211 0.00029485 0.0001973 0.0002459 0.0001952 0.00019445 0.0003698 0.00019595 0.00019665 0.00019665 0.00039325 0.00019575 0.00019605 0.0001946 0.0001935 0.0002479 0.0001939 0.0001956 0.0004388 0.0001956 0.00022005
22 0.0002069 0.00023475 0.0004204 0.00022495 0.0002992 0.0002016 0.0002017 0.00011825 0.0002275 0.0002109 0.0001179 0.0002016 0.0001592 0.00042055 0.00038145 0.00020715 0.00011795 0.0002021 0.0002012 0.00014575 0.0001041 0.0001959 0.0002068 0.0003816 0.0001178 0.00030125 0.00025235 0.0002249 0.0001542 0.0002994 0.00010425 0.0002158 0.0001185 0.0002432 0.0003814 0.0002352 0.00011795 0.0002839 0.00019585 0.00020915 0.0001956 0.000144 0.00020545 0.0001676 0.0001179 0.0003814 0.0001459 0.00010455 0.00014405 0.0002157 0.000202 0.0001574 0.00020945 0.00024155 0.00030265 0.0001439 0.00024165 0.0004279 0.00032305 0.00014375 0.00011795 0.0001319 0.00024305 0.0001042 0.00028465 0.0002411 0.00029925 0.00018315 0.00038345 0.0002935 0.0001572 0.0002018 0.00014535 0.0002156 0.00020195 0.00020785 0.00010455 0.0002018 0.000254 0.00021555 0.00029325 0.0001596 0.00024845 0.00011765 0.0001438 0.0003815 0.0001042 0.00018515 0.0001852 0.0003868 0.000185 0.00010405 0.0001183 0.0001574 0.0002991 0.0001435 0.00011805 0.0003908 0.0001038 0.0002414
23 0.0003701 0.0003424 0.00028915 0.00038875 0.00028205 0.00033535 0.00032815 0.00038885 0.00034145 0.00038125 0.0003888 0.00032805 0.0003904 0.0002885 0.00028165 0.0003632 0.0003741 0.000328 0.00032835 0.000383 0.00037335 0.00037015 0.0003816 0.0005628 0.0003742 0.00028355 0.00039015 0.00038135 0.0003851 0.00028225 0.0003817 0.0003357 0.0003815 0.0003369 0.00028225 0.00034965 0.0003812 0.00033495 0.0003423 0.00036495 0.00034255 0.00037435 0.00032475 0.0003812 0.0003888 0.00028225 0.00037635 0.00037385 0.0003628 0.0003362 0.0003279 0.0003813 0.0003425 0.0003176 0.0003496 0.0003627 0.00031665 0.0002818 0.00034215 0.000363 0.00038865 0.000389 0.00033695 0.00038115 0.00032495 0.00031705 0.00028195 0.00037015 0.00028355 0.0002962 0.00036275 0.00033495 0.0003831 0.00032815 0.00032775 0.0003626 0.0003738 0.0003282 0.00031685 0.0003281 0.000297 0.0003839 0.00037195 0.00037405 0.0003626 0.0002817 0.00037425 0.0003837 0.00038365 0.0003166 0.00039035 0.000389 0.00038845 0.00038855 0.00028205 0.0003812 0.00038155 0.000335 0.0003738 0.00033485
24 0.0002798 0.00022705 0.00038205 0.0002538 0.000254 0.0002361 0.0001346 0.00014645 0.0001608 0.00022425 0.0001468 0.00019415 0.0001166 0.00038195 0.00037395 0.00020065 7.505e-05 0.0001943 0.00013485 0.00014695 0.00013205 0.00019535 0.0001178 0.0003742 2.98e-05 0.00026385 0.0002965 0.0002246 9.095e-05 0.0002548 0.00014055 0.0001642 4.455e-05 0.000207 0.0003745 0.00023465 0.00010385 0.0003566 0.00022575 0.0001447 0.0001662 0.0001155 0.00013905 0.0002401 0.0001468 0.0003745 0.0001193 0.00013425 0.00017415 0.00016465 0.0001942 8.37e-05 0.0001664 0.00023435 0.00037545 0.000174 0.00023395 0.00038265 0.00036455 0.00011415 0.00014665 7.35e-05 0.00020675 0.0001769 0.0003149 0.0002053 0.0002544 0.0001825 0.0003779 0.000286 0.00011375 0.0002368 0.00011015 0.00013485 0.00019435 0.00016495 0.00013425 0.00019435 0.00025235 0.0001348 0.00028625 8.92e-05 0.00024985 1.51e-05 0.0001739 0.000374 9.785e-05 0.0001281 0.00012815 0.000417 0.00015575 0.00022015 0.00014665 0.00011285 0.0002596 8.335e-05 0.0001043 0.00046375 7.46e-05 0.00020325
25 0.00039055 0.0002279 0.00016665 0.00038135 1.13e-05 0.00016805 0.0001442 0.00027435 0.00016985 0.00040805 0.00027425 0.0001958 0.00018185 0.00016565 0.00028385 0.0003822 0.00031525 0.0001956 0.0001446 0.00026015 0.0003803 0.0002496 0.00030125 0.00028355 0.00026385 1.21e-05 0.00033955 0.00039475 0.0001996 1.135e-05 0.0003165 0.00011755 0.00025015 7.52e-05 0.00028455 0.00026255 0.00030155 0.0004408 0.0003802 0.00012445 0.00032895 0.0002757 0.00014095 0.00041535 0.00027425 0.00028455 0.000274 0.0003799 0.00035515 0.00011815 0.0001955 0.00019745 0.0003155 0.00017155 0.00045975 0.000355 0.00017045 0.00013965 0.0003231 0.00030385 0.0002741 0.0002237 7.56e-05 0.0003523 0.00042605 0.00015055 1.115e-05 0.0002375 0.00028155 0.00019555 0.00029025 0.0001675 0.0002239 0.0001308 0.00019525 0.00036685 0.0003799 0.000196 0.0001806 0.00013075 0.0001965 0.0001958 0.0002984 0.0002637 0.0003549 0.0002839 0.00034395 0.00015635 0.00015625 0.0005066 0.0001425 0.00032525 0.0002737 0.0001838 9.05e-06 0.00021065 0.0003019 0.0005479 0.00032835 7.725e-05
26 0.0002889 0.0003324 0.00035075 0.00022395 0.0003429 0.00027565 0.0003199 0.00022405 0.0003332 0.00025175 0.00022435 0.00031775 0.00022385 0.0003507 0.00039 0.0003316 0.00029435 0.00031805 0.0003198 0.00025 0.00029305 0.00029135 0.00025235 0.00039015 0.0002965 0.00033955 0.0004142 0.00025185 0.0002509 0.0003435 0.0002507 0.00029215 0.0002685 0.0002753 0.00039025 0.00032545 0.00026645 0.0003222 0.0003655 0.00027035 0.0003675 0.00028055 0.0003238 0.00025045 0.00022435 0.00039025 0.00027885 0.00029265 0.0003313 0.00029225 0.00031795 0.00025435 0.00036745 0.00035695 0.0003229 0.00033115 0.00035675 0.0003646 0.00028295 0.00033325 0.00022385 0.0002407 0.00027515 0.00025025 0.00039085 0.0003583 0.00034325 0.0002912 0.0003883 0.000391 0.00033305 0.00027535 0.00025 0.0003199 0.00031775 0.00032085 0.00029265 0.00031795 0.0003549 0.00031985 0.00039105 0.00025285 0.00028865 0.00029635 0.00033105 0.00039005 0.00029265 0.0002389 0.00023885 0.00040345 0.00021005 0.00020795 0.000224 0.0002265 0.00034135 0.00025445 0.0002665 0.00032195 0.00029435 0.00027795
27 0.00026415 0.0003234 0.0004067 0.00022445 0.0003924 0.0003082 0.00030875 0.00022465 0.00032235 0.00022425 0.0002249 0.0003087 0.00025265 0.0004066 0.00038095 0.0002647 0.0002241 0.0003087 0.00030895 0.0002526 0.00022435 0.00029015 0.0002249 0.00038135 0.0002246 0.00039475 0.00025185 0.0004471 0.00025415 0.0003931 0.0002251 0.000309 0.00022555 0.00033665 0.0003814 0.0003236 0.0002248 0.00029695 0.0002979 0.00030245 0.0002981 0.00025055 0.0003129 0.0002249 0.0002249 0.0003814 0.0002527 0.0002248 0.00026435 0.0003093 0.0003086 0.0002499 0.0002974 0.0003485 0.00029745 0.0002642 0.00034835 0.00041395 0.0003224 0.0002643 0.0002248 0.0002249 0.00033625 0.0002246 0.0003237 0.00034795 0.00039295 0.0002896 0.0003832 0.00038215 0.00026305 0.00030855 0.00025265 0.0003081 0.0003086 0.00025095 0.0002248 0.0003089 0.00034855 0.00030805 0.00038215 0.00025285 0.00029215 0.00022425 0.0002641 0.000381 0.0002249 0.00027835 0.00027825 0.0003368 0.00027825 0.0002249 0.00022505 0.0002506 0.00039255 0.0002505 0.0002249 0.00029655 0.0002247 0.0003346
28 0.00031205 0.00023825 0.0003223 0.00025395 0.0002011 0.00020585 0.0001499 0.0001471 0.00017555 0.00026135 0.0001468 0.00020505 8.005e-05 0.0003225 0.0003851 0.00027545 0.0001466 0.00020575 0.0001492 0.00014365 0.00020935 0.000199 0.0001542 0.0003851 9.095e-05 0.0001996 0.0002509 0.00025415 0.0001495 0.0002011 0.00017365 0.00014255 9.18e-05 0.00013935 0.00038485 0.0002389 0.0001463 0.00038955 0.0003011 0.0001053 0.0002454 0.0001475 0.00015345 0.00027355 0.00014675 0.00038485 0.0001438 0.0002098 0.00024875 0.0001424 0.00020565 8.445e-05 0.00023805 0.0002444 0.0004085 0.0002486 0.00024455 0.0003298 0.00032715 0.00019295 0.00014665 8.345e-05 0.00013935 0.00020995 0.0003899 0.0002195 0.00020095 0.0001863 0.0003814 0.000297 0.0001852 0.0002057 0.0001069 0.0001426 0.0002056 0.00023645 0.0002098 0.00020525 0.00025905 0.00014255 0.0002967 8.045e-05 0.00024575 9.08e-05 0.0002485 0.00038515 0.00017315 8.15e-05 8.155e-05 0.00049145 8.135e-05 0.00021075 0.00014755 8.405e-05 0.000203 9.175e-05 0.00014645 0.0004967 0.0001536 0.00014335
29 0.00039645 0.0002268 0.0001573 0.00037915 2.6e-06 0.000167 0.0001355 0.00027245 0.00016105 0.0004064 0.0002719 0.00019415 0.00017785 0.00015675 0.00028285 0.0003885 0.00031365 0.0001946 0.00013525 0.0002644 0.00038395 0.0002484 0.0002994 0.00028225 0.0002548 1.135e-05 0.0003435 0.0003931 0.0002011 2.8e-06 0.00032235 0.0001083 0.00024115 7.21e-05 0.00028225 0.00026125 0.00029965 0.00044685 0.00038655 0.00012095 0.0003276 0.0002744 0.00013095 0.00042175 0.0002719 0.00028225 0.0002782 0.00038625 0.00036135 0.0001078 0.0001945 0.00018845 0.00031415 0.0001693 0.0004658 0.0003612 0.00016915 0.00013085 0.00032145 0.0003025 0.0002719 0.00021385 7.25e-05 0.0003582 0.00043245 0.00014135 1.85e-06 0.00023605 0.00028625 0.00019425 0.00028885 0.000166 0.0002281 0.0001221 0.00019425 0.00036555 0.00038625 0.00019435 0.00018745 0.00012205 0.0001942 0.0001918 0.00030265 0.00025465 0.0003611 0.0002829 0.00035 0.00015285 0.0001528 0.00051295 0.00013905 0.0003308 0.00027195 0.00017435 8.2e-06 0.00020175 0.00029975 0.0005539 0.000327 6.84e-05
30 0.000184 0.00023485 0.00044335 0.00022525 0.00032205 0.00020175 0.00022445 0.0001183 0.0002505 0.000211 0.0001178 0.0002018 0.0001803 0.0004434 0.00038155 0.00018395 0.00011805 0.0002022 0.00022435 0.000144 8.325e-05 0.00019585 0.00010425 0.0003817 0.00014055 0.0003165 0.0002507 0.0002251 0.00017365 0.00032235 0.0001613 0.00023875 0.00014125 0.0002642 0.0003816 0.0002353 0.00011815 0.0002612 0.0001732 0.00023015 0.0001956 0.0001441 0.0002283 0.00014515 0.000118 0.0003816 0.00014415 8.19e-05 0.0001212 0.0002385 0.0002021 0.00018025 0.00020955 0.0002416 0.00028005 0.00012105 0.0002416 0.00045075 0.0003231 0.0001436 0.0001181 0.00015485 0.00026405 8.145e-05 0.000262 0.0002639 0.0003222 0.00018305 0.0003817 0.0002936 0.00015715 0.00020185 0.00014325 0.00023845 0.00020205 0.00020795 8.19e-05 0.000202 0.0002482 0.0002384 0.00029345 0.0001807 0.00024655 0.0001404 0.00012095 0.0003816 8.115e-05 0.00020615 0.0002062 0.000364 0.000206 8.19e-05 0.0001183 0.00018035 0.0003162 0.00016625 0.00011825 0.0003682 0.0001041 0.00026425
31 0.00034415 0.00023465 0.00024265 0.00028755 0.0001078 0.00018065 0.00014265 0.00018085 0.0001692 0.0003228 0.0001803 0.0002018 0.00011195 0.0002424 0.0003351 0.0003297 0.00022275 0.00020145 0.0001432 0.00020625 0.00029325 0.0002213 0.0002158 0.0003357 0.0001642 0.00011755 0.00029215 0.000309 0.00014255 0.0001083 0.00023875 0.0002138 0.00014365 0.0001125 0.0003358 0.00024795 0.0002011 0.0004083 0.00034125 0.00013415 0.0002826 0.00022315 0.0001432 0.00033785 0.00018015 0.0003358 0.00022715 0.00029555 0.00030225 0.0001082 0.00020135 0.00012955 0.00026865 0.000209 0.0004273 0.0003021 0.0002088 0.00023635 0.0003152 0.0002437 0.00018025 0.00010775 0.0001119 0.0002743 0.0004084 0.0001805 0.00010825 0.00020895 0.0003394 0.0002477 0.00022955 0.0001807 0.00017025 0.00012875 0.0002011 0.00029345 0.00029555 0.000202 0.0002268 0.0001287 0.00024775 0.000133 0.0002761 0.00016405 0.000302 0.00033515 0.0002596 0.00013375 0.0001337 0.00049925 0.00011285 0.0002537 0.00018095 0.0001079 0.0001143 0.00014335 0.0002012 0.0005154 0.0002366 0.00010845
32 0.00027965 0.00023465 0.00036175 0.0002263 0.00023995 0.0002157 0.0001423 0.00011915 0.00016855 0.000225 0.00011925 0.0002017 8.87e-05 0.0003617 0.00038125 0.0002289 0.0001042 0.0002019 0.0001425 0.0001472 0.0001609 0.0001949 0.0001185 0.0003815 4.455e-05 0.00025015 0.0002685 0.00022555 9.18e-05 0.00024115 0.00014125 0.00014365 8.8e-05 0.00018595 0.00038185 0.00023475 0.0001046 0.000357 0.00025445 0.0001523 0.000195 0.00014385 0.00014675 0.0002406 0.00011925 0.00038185 0.0001477 0.00016315 0.0002023 0.00014415 0.0002018 8.385e-05 0.0001954 0.00024145 0.0003759 0.00020215 0.000241 0.000369 0.0003374 0.0001426 0.0001191 4.635e-05 0.0001857 0.0001775 0.00034315 0.00021245 0.00024065 0.00018235 0.0003852 0.0002934 0.0001427 0.0002162 0.0001105 0.00014275 0.00020155 0.0001937 0.00016315 0.0002019 0.0002592 0.0001427 0.0002937 8.94e-05 0.00024935 4.44e-05 0.00020205 0.0003813 0.0001268 0.000128 0.000128 0.00044485 0.0001275 0.00019245 0.000118 8.5e-05 0.0002462 8.385e-05 0.000105 0.0004641 0.0001036 0.00018225
33 0.00036965 0.0002357 0.00020695 0.0003162 7.17e-05 0.0001688 0.0001462 0.0002088 0.0001718 0.00034995 0.0002091 0.00020325 0.0001118 0.00020645 0.0003371 0.00036835 0.00026425 0.00020345 0.0001462 0.0002029 0.00033335 0.00022275 0.0002432 0.0003369 0.000207 7.52e-05 0.0002753 0.00033665 0.00013935 7.21e-05 0.0002642 0.0001125 0.00018595 0.000142 0.0003376 0.0002496 0.0002435 0.0004337 0.0003804 9.395e-05 0.0003233 0.0002247 0.00014655 0.0003631 0.0002091 0.0003376 0.00022485 0.00033475 0.00034135 0.0001129 0.00020335 0.0001332 0.00030985 0.00021055 0.00045285 0.0003412 0.00020975 0.00020035 0.00030345 0.0002842 0.00020855 0.00015275 7.145e-05 0.00030005 0.00044745 0.0001836 7.17e-05 0.00021055 0.0003369 0.00024885 0.00027065 0.0001681 0.0001667 0.0001328 0.0002031 0.0003346 0.00033475 0.00020345 0.0002259 0.00013275 0.0002495 0.00013375 0.0002726 0.00020685 0.0003411 0.00033715 0.00029875 9.415e-05 9.405e-05 0.0005382 7.23e-05 0.00026555 0.00020825 0.0001127 7.57e-05 0.0001466 0.00024385 0.000541 0.00027735 7.215e-05
34 0.00037005 0.00034295 0.00028925 0.00038825 0.0002828 0.000336 0.0003288 0.00038865 0.000342 0.0003813 0.00038815 0.00032815 0.0003902 0.00028925 0.0002823 0.00036355 0.00037415 0.00032865 0.00032845 0.00038335 0.00037365 0.00037065 0.0003814 0.00028225 0.0003745 0.00028455 0.00039025 0.0003814 0.00038485 0.00028225 0.0003816 0.0003358 0.00038185 0.0003376 0.0005634 0.00035 0.00038095 0.000335 0.0003426 0.00036525 0.00034285 0.0003747 0.0003242 0.00038155 0.00038815 0.0002817 0.00037665 0.00037415 0.000363 0.0003353 0.00032855 0.00038165 0.0003428 0.00031715 0.00034965 0.0003629 0.00031755 0.00028265 0.0003422 0.00036335 0.00038815 0.0003885 0.00033765 0.00038105 0.0003253 0.0003173 0.0002826 0.0003704 0.0002842 0.00029705 0.00036305 0.00033545 0.00038345 0.0003288 0.0003284 0.00036295 0.0003741 0.0003283 0.00031755 0.00032875 0.00029645 0.0003837 0.00037235 0.00037435 0.0003628 0.00028235 0.0003743 0.000384 0.000384 0.00031695 0.0003907 0.00038855 0.0003884 0.00038845 0.00028275 0.00038165 0.00038105 0.00033505 0.0003741 0.00033585
35 0.0002999 0.00024775 0.0003499 0.00032405 0.0002602 0.0002476 0.0002476 0.00023515 0.00024815 0.00032375 0.0002352 0.00024735 0.0002367 0.00034985 0.00034925 0.0003001 0.00023445 0.00024735 0.00024775 0.0002364 0.00023385 0.00026665 0.0002352 0.00034965 0.00023465 0.00026255 0.00032545 0.0003236 0.0002389 0.00026125 0.0002353 0.00024795 0.00023475 0.0002496 0.00035 0.0004656 0.0002346 0.0003366 0.00023355 0.00025035 0.00023385 0.00023495 0.00024815 0.0002795 0.0002352 0.00035 0.0002371 0.00023435 0.00025475 0.0002486 0.00024725 0.0002343 0.0002337 0.0002685 0.00032275 0.00025465 0.00026805 0.0003631 0.000337 0.000255 0.000235 0.00023525 0.0002492 0.00023465 0.0002823 0.0002678 0.00026075 0.0002542 0.00035155 0.00024705 0.0002545 0.00024775 0.0002366 0.00024735 0.00024715 0.0002866 0.0002343 0.0002475 0.0002803 0.0002473 0.0002472 0.00023755 0.00030165 0.0002345 0.00025455 0.0003493 0.00023485 0.0002372 0.00023715 0.00040165 0.0002365 0.00023545 0.0002346 0.00023425 0.0002606 0.0002341 0.00023495 0.00042565 0.0002344 0.00024715
