 slim_337641394 slim_337641440 slim_337641416 slim_337641413 slim_337641422 slim_337641291 slim_337641379 slim_337641367 slim_337641348 slim_337641192 slim_337641407 slim_337641243 slim_337641319 slim_337641335 slim_337641411 slim_337640841 slim_337641097 slim_337641372 slim_337641189 slim_337641311 slim_337641428 slim_337641359 slim_337641404 slim_337641429 slim_337641439 slim_337641377 slim_337641312 slim_337641415 slim_337641356 slim_337641420 slim_337641284 slim_337641389 slim_337641430 slim_337641342 slim_337641314 slim_337641260 slim_337641354 slim_337641052 slim_337641382 slim_337641233 slim_337641208 slim_337641325 slim_337641308 slim_337641211 slim_337641324 slim_337641088 slim_337641152 slim_337641381 slim_337641423 slim_337641373 slim_337641267 slim_337641360 slim_337641142 slim_337641427 slim_337641293 slim_337641158 slim_337640847 slim_337641396 slim_337641435 slim_337641205 slim_337641432 slim_337641135 slim_337641237 slim_337641393 slim_337641256 slim_337641350 slim_337641336 slim_337641357 slim_337641334 slim_337641414 slim_337641177 slim_337641307 slim_337641352 slim_337641421 slim_337641434 slim_337641385 slim_337641410 slim_337641438 slim_337641330 slim_337641333 slim_337641433 slim_337641400 slim_337641437 slim_337641323 slim_337641316 slim_337641266 slim_337641303 slim_337641242 slim_337641369 slim_337641395 slim_337641321 slim_337641384 slim_337641100 slim_337641390 slim_337641425 slim_337641436 slim_337641265 slim_337641419 slim_337641406 slim_337641412
0 2.2e-05 1.265e-05 1.375e-05 1.585e-05 1.42e-05 1.4e-05 1.265e-05 1.43e-05 1.695e-05 1.43e-05 1.48e-05 1.25e-05 1.375e-05 1.385e-05 1.525e-05 1.375e-05 1.215e-05 1.605e-05 1.27e-05 1.55e-05 1.485e-05 1.415e-05 1.375e-05 1.45e-05 1.53e-05 1.405e-05 1.375e-05 1.69e-05 1.415e-05 1.4e-05 1.37e-05 1.515e-05 1.27e-05 1.245e-05 1.3e-05 1.625e-05 1.475e-05 1.3e-05 1.61e-05 1.465e-05 1.61e-05 1.23e-05 1.525e-05 1.69e-05 1.355e-05 1.18e-05 1.27e-05 1.38e-05 1.51e-05 1.355e-05 1.24e-05 1.44e-05 1.375e-05 1.23e-05 1.12e-05 1.49e-05 1.23e-05 1.365e-05 1.225e-05 1.345e-05 1.57e-05 1.325e-05 1.36e-05 1.345e-05 1.285e-05 1.325e-05 1.33e-05 1.395e-05 1.27e-05 1.295e-05 1.535e-05 1.345e-05 1.3e-05 1.59e-05 1.355e-05 1.4e-05 1.4e-05 1.545e-05 1.4e-05 1.525e-05 1.645e-05 1.37e-05 1.21e-05 1.21e-05 1.41e-05 1.27e-05 1.645e-05 1.505e-05 1.27e-05 1.225e-05 1.785e-05 1.385e-05 1.435e-05 1.57e-05 1.28e-05 1.335e-05 1.205e-05 1.23e-05 1.28e-05 1.34e-05
1 1.265e-05 1.41e-05 1.24e-05 1.41e-05 1.23e-05 9.9e-06 1.075e-05 1.125e-05 1.66e-05 1.74e-05 1.085e-05 8e-06 1.16e-05 1.175e-05 1.195e-05 1.125e-05 8.45e-06 1.37e-05 9.15e-06 1.34e-05 1.095e-05 1.485e-05 1.46e-05 1.05e-05 1.315e-05 9.5e-06 9.65e-06 1.655e-05 1.1e-05 1.24e-05 1.025e-05 1.325e-05 9.2e-06 7.55e-06 9.05e-06 1.42e-05 1.035e-05 9.35e-06 1.49e-05 1.07e-05 1.49e-05 8.9e-06 1.31e-05 1.655e-05 1.185e-05 1.27e-05 9.2e-06 9.95e-06 1.495e-05 1.105e-05 8.75e-06 1.215e-05 8.95e-06 1.775e-05 8.35e-06 1.425e-05 8.2e-06 1.195e-05 8.55e-06 1.595e-05 1.37e-05 1.075e-05 1.045e-05 9.85e-06 8.85e-06 1.15e-05 1.42e-05 9.6e-06 9.65e-06 9.95e-06 1.355e-05 9.6e-06 1.02e-05 1.55e-05 8.9e-06 1.085e-05 1.025e-05 1.17e-05 1.02e-05 1.27e-05 1.425e-05 1.025e-05 8.3e-06 8.75e-06 1.195e-05 9.25e-06 1.425e-05 1.315e-05 8.95e-06 1.35e-05 1.745e-05 1e-05 1.315e-05 1.195e-05 8.8e-06 1.005e-05 8.6e-06 7.45e-06 8.8e-06 9.5e-06
2 1.375e-05 1.24e-05 1.92e-05 1.435e-05 1.435e-05 1.285e-05 1.315e-05 1.33e-05 1.69e-05 1.455e-05 1.42e-05 1.24e-05 1.115e-05 1.45e-05 1.325e-05 1.355e-05 1.24e-05 1.535e-05 1.28e-05 1.49e-05 1.295e-05 1.55e-05 1.555e-05 1.315e-05 1.43e-05 1.27e-05 1.24e-05 1.685e-05 1.2e-05 1.215e-05 1.31e-05 1.16e-05 1.215e-05 1.245e-05 1.33e-05 1.53e-05 1.325e-05 1.315e-05 1.47e-05 1.405e-05 1.47e-05 1.255e-05 1.43e-05 1.685e-05 1.07e-05 1.345e-05 1.19e-05 1.265e-05 1.315e-05 1.285e-05 1.28e-05 1.465e-05 1.32e-05 1.57e-05 1.26e-05 1.32e-05 1.25e-05 1.465e-05 1.225e-05 1.325e-05 1.46e-05 1.085e-05 1.215e-05 1.3e-05 1.225e-05 1.09e-05 1.435e-05 1.28e-05 1.345e-05 1.15e-05 1.185e-05 1.29e-05 1.115e-05 1.355e-05 1.325e-05 1.2e-05 1.31e-05 1.275e-05 1.24e-05 1.475e-05 1.565e-05 1.29e-05 1.265e-05 1.28e-05 1.195e-05 1.23e-05 1.565e-05 1.15e-05 1.23e-05 1.3e-05 1.775e-05 1.27e-05 1.535e-05 1.34e-05 1.22e-05 1.175e-05 1.25e-05 1.23e-05 1.11e-05 1.325e-05
3 1.585e-05 1.41e-05 1.435e-05 1.38e-05 1.345e-05 1.46e-05 1.525e-05 1.09e-05 1.065e-05 2.07e-05 9.15e-06 1.375e-05 1.505e-05 1.125e-05 8.85e-06 1.43e-05 9.45e-06 8.45e-06 9.8e-06 8.35e-06 1.175e-05 1.595e-05 1.61e-05 1.075e-05 8.25e-06 1.47e-05 1.44e-05 1.06e-05 8.5e-06 1.475e-05 1.065e-05 1.58e-05 9e-06 1.805e-05 1.035e-05 1.15e-05 1.105e-05 9.25e-06 1.21e-05 9.05e-06 1.21e-05 9.5e-06 8.2e-06 1.055e-05 1.385e-05 1.55e-05 8.25e-06 1.04e-05 1.66e-05 9e-06 9.8e-06 1.215e-05 9.55e-06 2.22e-05 9.8e-06 1.08e-05 9.95e-06 1.21e-05 9.35e-06 2.155e-05 7.75e-06 1.89e-05 8.3e-06 8.9e-06 1.34e-05 1.465e-05 1.57e-05 1.455e-05 1.015e-05 9.35e-06 1.58e-05 9.15e-06 1.925e-05 1.375e-05 1.355e-05 8.65e-06 8.9e-06 1.115e-05 1.035e-05 1.235e-05 8e-06 1.07e-05 1.405e-05 9.35e-06 1.475e-05 9.1e-06 8e-06 1.57e-05 9.2e-06 1.435e-05 9.6e-06 1.045e-05 1.17e-05 1.13e-05 1.335e-05 7.95e-06 9.65e-06 1.79e-05 1.335e-05 9.35e-06
4 1.42e-05 1.23e-05 1.435e-05 1.345e-05 1.98e-05 1.2e-05 1.33e-05 1.325e-05 1.375e-05 1.585e-05 1.125e-05 1.19e-05 1.46e-05 1.38e-05 1.335e-05 1.245e-05 1.285e-05 1.175e-05 1.325e-05 1.3e-05 1.415e-05 1.33e-05 1.325e-05 1.385e-05 1.29e-05 1.225e-05 1.17e-05 1.375e-05 1.26e-05 1.325e-05 1.34e-05 1.445e-05 1.32e-05 1.075e-05 1.32e-05 1.285e-05 1.4e-05 1.185e-05 1.355e-05 1.115e-05 1.355e-05 1.3e-05 1.3e-05 1.375e-05 1.425e-05 1.395e-05 1.335e-05 1.315e-05 1.51e-05 1.2e-05 1.31e-05 1.44e-05 1.24e-05 1.52e-05 1.3e-05 1.355e-05 1.345e-05 1.395e-05 1.275e-05 1.48e-05 1.315e-05 1.285e-05 1.42e-05 1.215e-05 1.21e-05 1.4e-05 1.44e-05 1.205e-05 1.28e-05 1.35e-05 1.43e-05 1.215e-05 1.26e-05 1.36e-05 1.1e-05 1.245e-05 1.235e-05 1.345e-05 1.335e-05 1.175e-05 1.195e-05 1.35e-05 1.2e-05 1.235e-05 1.275e-05 1.32e-05 1.195e-05 1.435e-05 1.32e-05 1.45e-05 1.275e-05 1.32e-05 1.37e-05 1.35e-05 1.205e-05 1.38e-05 1.305e-05 1.06e-05 1.22e-05 1.17e-05
5 1.4e-05 9.9e-06 1.285e-05 1.46e-05 1.2e-05 1.56e-05 1.195e-05 1.08e-05 1.67e-05 1.685e-05 9.8e-06 9.85e-06 1.24e-05 1.375e-05 1.24e-05 1.055e-05 1.08e-05 1.26e-05 1.15e-05 1.39e-05 1.03e-05 1.43e-05 1.42e-05 9.75e-06 1.36e-05 8.85e-06 8.45e-06 1.665e-05 1.145e-05 1.135e-05 9.45e-06 1.065e-05 1.13e-05 8.55e-06 1.21e-05 1.19e-05 9.45e-06 9.95e-06 1.21e-05 9.65e-06 1.21e-05 1.125e-05 1.36e-05 1.665e-05 1.235e-05 1.385e-05 1.155e-05 9.75e-06 1.515e-05 1.165e-05 1.13e-05 1.415e-05 1.035e-05 1.78e-05 1.075e-05 1.39e-05 1.065e-05 1.39e-05 1.075e-05 1.535e-05 1.415e-05 1.085e-05 1.255e-05 1.05e-05 1.005e-05 1.205e-05 1.52e-05 8.15e-06 1.2e-05 1.22e-05 1.15e-05 1.01e-05 1.04e-05 1.435e-05 9.2e-06 1.135e-05 1.075e-05 8.75e-06 9.4e-06 1.26e-05 1.315e-05 1.005e-05 9.75e-06 1.04e-05 1.085e-05 1.155e-05 1.315e-05 1.055e-05 1.125e-05 1.465e-05 1.605e-05 9.8e-06 1.495e-05 7.9e-06 1e-05 1.215e-05 1.095e-05 8.2e-06 1.06e-05 1.01e-05
6 1.265e-05 1.075e-05 1.315e-05 1.525e-05 1.33e-05 1.195e-05 1.62e-05 1.085e-05 1.72e-05 1.625e-05 1.21e-05 9.3e-06 1.255e-05 1.275e-05 1.345e-05 1.3e-05 9.4e-06 1.5e-05 9.6e-06 1.375e-05 1.285e-05 1.425e-05 1.41e-05 1.255e-05 1.345e-05 1.205e-05 1.175e-05 1.715e-05 1.245e-05 1.23e-05 1.215e-05 1.39e-05 8.75e-06 1.035e-05 1.015e-05 1.5e-05 1.28e-05 1.1e-05 1.56e-05 1.195e-05 1.56e-05 9.55e-06 1.47e-05 1.715e-05 1.24e-05 1.14e-05 1.075e-05 1.19e-05 1.47e-05 1.105e-05 1.05e-05 1.33e-05 1.155e-05 1.55e-05 1.04e-05 1.5e-05 1.08e-05 1.295e-05 8.7e-06 1.475e-05 1.395e-05 1.195e-05 1.07e-05 1.02e-05 9.65e-06 1.12e-05 1.26e-05 1.19e-05 9.75e-06 1.165e-05 1.425e-05 1.05e-05 1.18e-05 1.615e-05 1.115e-05 1.14e-05 1.05e-05 1.355e-05 1.205e-05 1.46e-05 1.55e-05 1.22e-05 1.05e-05 1.045e-05 1.26e-05 9.6e-06 1.55e-05 1.38e-05 9.6e-06 1.3e-05 1.795e-05 1.195e-05 1.22e-05 1.36e-05 9.6e-06 1.02e-05 9.4e-06 1.02e-05 1.14e-05 1.01e-05
7 1.43e-05 1.125e-05 1.33e-05 1.09e-05 1.325e-05 1.08e-05 1.085e-05 1.05e-05 1.32e-05 2.195e-05 7.25e-06 1.08e-05 1.3e-05 9e-06 8.9e-06 1.26e-05 6.45e-06 1.01e-05 6.8e-06 1.015e-05 7.25e-06 1.51e-05 1.505e-05 6.95e-06 9.55e-06 1.045e-05 1.02e-05 1.315e-05 7.95e-06 1.25e-05 6.8e-06 1.26e-05 6.05e-06 1.54e-05 6.75e-06 8.05e-06 7.05e-06 6.9e-06 8.25e-06 7.1e-06 8.2e-06 6.5e-06 9.9e-06 1.315e-05 1.275e-05 1.37e-05 7.3e-06 6.05e-06 1.5e-05 7.85e-06 7.05e-06 9.95e-06 7.1e-06 2.21e-05 7.05e-06 9.55e-06 7.05e-06 9.85e-06 6.1e-06 2.015e-05 9.95e-06 1.685e-05 7.55e-06 6.45e-06 1.075e-05 1.23e-05 1.445e-05 1.075e-05 6.7e-06 7.65e-06 1.29e-05 6.65e-06 1.645e-05 1.57e-05 1.125e-05 7e-06 6.65e-06 5.4e-06 6.15e-06 1.455e-05 1.05e-05 6.45e-06 1.135e-05 6.8e-06 1.23e-05 6.4e-06 1.05e-05 1.25e-05 6.5e-06 1.455e-05 1.25e-05 6.1e-06 8.75e-06 6.35e-06 1.07e-05 7e-06 6.65e-06 1.525e-05 1.17e-05 6.65e-06
8 1.695e-05 1.66e-05 1.69e-05 1.065e-05 1.375e-05 1.67e-05 1.72e-05 1.32e-05 1.58e-05 1.94e-05 1.215e-05 1.64e-05 1.725e-05 1.06e-05 1.22e-05 1.675e-05 1.295e-05 1.05e-05 1.275e-05 1.055e-05 1.31e-05 1.58e-05 1.61e-05 1.365e-05 1.09e-05 1.695e-05 1.665e-05 8e-06 1.245e-05 1.665e-05 1.35e-05 1.74e-05 1.285e-05 1.995e-05 1.255e-05 1.095e-05 1.365e-05 1.245e-05 1.2e-05 1.205e-05 1.2e-05 1.25e-05 1.04e-05 8e-06 1.7e-05 1.66e-05 1.31e-05 1.345e-05 1.465e-05 1.195e-05 1.28e-05 1.08e-05 1.26e-05 1.995e-05 1.32e-05 1.15e-05 1.31e-05 1.055e-05 1.275e-05 2e-05 1.045e-05 2.03e-05 1.35e-05 1.265e-05 1.645e-05 1.685e-05 1.615e-05 1.665e-05 1.255e-05 1.27e-05 1.68e-05 1.285e-05 2.03e-05 1.435e-05 1.6e-05 1.255e-05 1.25e-05 1.375e-05 1.32e-05 1.39e-05 1e-05 1.37e-05 1.67e-05 1.27e-05 1.635e-05 1.245e-05 1e-05 1.73e-05 1.305e-05 1.68e-05 8.3e-06 1.35e-05 9.95e-06 1.36e-05 1.64e-05 1.31e-05 1.305e-05 1.98e-05 1.64e-05 1.27e-05
9 1.43e-05 1.74e-05 1.455e-05 2.07e-05 1.585e-05 1.685e-05 1.625e-05 2.195e-05 1.94e-05 1.15e-05 2.235e-05 1.725e-05 1.51e-05 2.175e-05 2.195e-05 1.655e-05 2.22e-05 2.085e-05 2.205e-05 2.065e-05 2.15e-05 1.48e-05 1.495e-05 2.215e-05 2.085e-05 1.7e-05 1.67e-05 1.935e-05 2.19e-05 1.465e-05 2.205e-05 1.46e-05 2.215e-05 1.24e-05 2.235e-05 2.125e-05 2.225e-05 2.215e-05 2.025e-05 2.22e-05 2.025e-05 2.18e-05 2.045e-05 1.935e-05 1.5e-05 1.395e-05 2.23e-05 2.19e-05 1.445e-05 2.13e-05 2.21e-05 2.125e-05 2.23e-05 6.55e-06 2.245e-05 2.03e-05 2.24e-05 2.12e-05 2.205e-05 7.3e-06 2.06e-05 9.8e-06 2.275e-05 2.23e-05 1.735e-05 1.475e-05 1.47e-05 1.68e-05 2.24e-05 2.175e-05 1.45e-05 2.205e-05 9.95e-06 1.325e-05 1.73e-05 2.2e-05 2.23e-05 2.14e-05 2.17e-05 1.56e-05 2.06e-05 2.215e-05 1.755e-05 2.235e-05 1.485e-05 2.18e-05 2.06e-05 1.45e-05 2.235e-05 1.41e-05 2.025e-05 2.195e-05 2.17e-05 2.145e-05 1.73e-05 2.235e-05 2.23e-05 1.225e-05 1.7e-05 2.23e-05
10 1.48e-05 1.085e-05 1.42e-05 9.15e-06 1.125e-05 9.8e-06 1.21e-05 7.25e-06 1.215e-05 2.235e-05 8e-07 1.025e-05 1.37e-05 1.03e-05 6.15e-06 1.095e-05 6.9e-06 4.5e-06 7.05e-06 8.15e-06 8e-06 1.2e-05 1.315e-05 6.9e-06 8e-06 1.005e-05 9.75e-06 1.21e-05 5e-06 1.16e-05 6.7e-06 1.27e-05 7.05e-06 1.405e-05 8.25e-06 7.2e-06 6.9e-06 3.8e-06 8.75e-06 4.5e-07 8.75e-06 6.9e-06 8.3e-06 1.21e-05 1.355e-05 1.41e-05 7.85e-06 6.55e-06 1.655e-05 6.05e-06 7.35e-06 1.13e-05 3.95e-06 2.27e-05 7.5e-06 1.025e-05 7.45e-06 1.115e-05 6.45e-06 2.09e-05 8.55e-06 1.66e-05 8.5e-06 4.95e-06 1.08e-05 1.3e-05 1.55e-05 9.75e-06 8.1e-06 8.25e-06 1.3e-05 5.7e-06 1.62e-05 1.4e-05 7.25e-06 6e-06 3.95e-06 5.85e-06 6.35e-06 1.175e-05 4.95e-06 6.9e-06 1.09e-05 5.7e-06 9.4e-06 7.25e-06 4.95e-06 1.26e-05 7.4e-06 1.52e-05 9.3e-06 6.6e-06 1.11e-05 5.7e-06 1.075e-05 8.1e-06 7e-06 1.39e-05 1.15e-05 4.7e-06
11 1.25e-05 8e-06 1.24e-05 1.375e-05 1.19e-05 9.85e-06 9.3e-06 1.08e-05 1.64e-05 1.725e-05 1.025e-05 1.33e-05 1.18e-05 1.165e-05 1.16e-05 1.1e-05 7.6e-06 1.31e-05 8.2e-06 1.205e-05 1.115e-05 1.45e-05 1.42e-05 1.09e-05 1.225e-05 9.5e-06 9.6e-06 1.635e-05 1.075e-05 1.19e-05 1.035e-05 1.335e-05 7.85e-06 7.2e-06 9.45e-06 1.42e-05 1.12e-05 9e-06 1.5e-05 1.01e-05 1.5e-05 8.35e-06 1.295e-05 1.635e-05 1.165e-05 1.15e-05 8.95e-06 1e-05 1.49e-05 9.3e-06 8.85e-06 1.24e-05 9.65e-06 1.76e-05 8.25e-06 1.425e-05 8.85e-06 1.19e-05 7e-06 1.585e-05 1.29e-05 1.05e-05 9.65e-06 8.9e-06 8.05e-06 1.07e-05 1.355e-05 9.55e-06 8.9e-06 1.02e-05 1.365e-05 8.95e-06 9.95e-06 1.525e-05 8.45e-06 1.02e-05 9.35e-06 1.2e-05 1.04e-05 1.23e-05 1.375e-05 1.035e-05 8.05e-06 8.35e-06 1.16e-05 8.85e-06 1.375e-05 1.325e-05 8.25e-06 1.325e-05 1.71e-05 1.005e-05 1.25e-05 1.215e-05 8e-06 9.3e-06 7.55e-06 7.05e-06 8.7e-06 8.1e-06
12 1.375e-05 1.16e-05 1.115e-05 1.505e-05 1.46e-05 1.24e-05 1.255e-05 1.3e-05 1.725e-05 1.51e-05 1.37e-05 1.18e-05 1.96e-05 1.4e-05 1.44e-05 1.325e-05 1.18e-05 1.565e-05 1.18e-05 1.515e-05 1.205e-05 1.57e-05 1.57e-05 1.16e-05 1.455e-05 1.24e-05 1.21e-05 1.72e-05 1.295e-05 1.195e-05 1.25e-05 1.155e-05 1.155e-05 1.185e-05 1.25e-05 1.515e-05 1.26e-05 1.245e-05 1.495e-05 1.355e-05 1.495e-05 1.155e-05 1.48e-05 1.72e-05 1.11e-05 1.36e-05 1.175e-05 1.235e-05 1.305e-05 1.305e-05 1.18e-05 1.305e-05 1.245e-05 1.66e-05 1.17e-05 1.48e-05 1.155e-05 1.4e-05 1.165e-05 1.395e-05 1.485e-05 1.065e-05 1.2e-05 1.24e-05 1.165e-05 1.07e-05 1.45e-05 1.235e-05 1.285e-05 1.215e-05 1.19e-05 1.22e-05 1.11e-05 1.435e-05 1.27e-05 1.28e-05 1.255e-05 1.275e-05 1.22e-05 1.5e-05 1.595e-05 1.245e-05 1.19e-05 1.205e-05 1.195e-05 1.13e-05 1.595e-05 1.145e-05 1.17e-05 1.36e-05 1.815e-05 1.24e-05 1.485e-05 1.31e-05 1.16e-05 1.16e-05 1.175e-05 1.17e-05 1.22e-05 1.265e-05
13 1.385e-05 1.175e-05 1.45e-05 1.125e-05 1.38e-05 1.375e-05 1.275e-05 9e-06 1.06e-05 2.175e-05 1.03e-05 1.165e-05 1.4e-05 1.06e-05 1.05e-05 1.46e-05 5.9e-06 1.2e-05 7e-06 1.07e-05 9.6e-06 1.57e-05 1.56e-05 9.5e-06 1.06e-05 1.39e-05 1.36e-05 1.055e-05 9.65e-06 1.515e-05 8.9e-06 1.59e-05 6.95e-06 1.645e-05 6.65e-06 1.02e-05 9.65e-06 8.1e-06 1.135e-05 1.015e-05 1.135e-05 6.6e-06 1.04e-05 1.055e-05 1.39e-05 1.39e-05 6.65e-06 8.25e-06 1.295e-05 9.3e-06 6.15e-06 7.25e-06 8.6e-06 2.105e-05 6.4e-06 1.005e-05 6.9e-06 6.7e-06 6.65e-06 2.025e-05 1.085e-05 1.825e-05 8.05e-06 8.6e-06 1.195e-05 1.34e-05 1.42e-05 1.37e-05 5.85e-06 7.85e-06 1.56e-05 8.55e-06 1.8e-05 1.695e-05 1.33e-05 9.55e-06 8.85e-06 1.115e-05 8.85e-06 1.53e-05 1.225e-05 9e-06 1.155e-05 7.2e-06 1.485e-05 6.95e-06 1.225e-05 1.58e-05 6.4e-06 1.455e-05 1.2e-05 8.3e-06 5.75e-06 1.12e-05 1.19e-05 7.8e-06 6.65e-06 1.63e-05 1.255e-05 8.4e-06
14 1.525e-05 1.195e-05 1.325e-05 8.85e-06 1.335e-05 1.24e-05 1.345e-05 8.9e-06 1.22e-05 2.195e-05 6.15e-06 1.16e-05 1.44e-05 1.05e-05 1.15e-05 1.335e-05 7.5e-06 7.15e-06 7.85e-06 8.55e-06 9.45e-06 1.5e-05 1.54e-05 8.6e-06 8.35e-06 1.235e-05 1.205e-05 1.215e-05 6.5e-06 1.41e-05 8.5e-06 1.485e-05 7.75e-06 1.61e-05 8.65e-06 1.035e-05 8.6e-06 6.75e-06 1.1e-05 5.9e-06 1.1e-05 7.7e-06 8.25e-06 1.215e-05 1.35e-05 1.465e-05 7.75e-06 8.1e-06 1.705e-05 7.6e-06 8.1e-06 1.14e-05 6.95e-06 2.3e-05 7.95e-06 9.75e-06 7.8e-06 1.135e-05 7.15e-06 2.13e-05 9e-06 1.82e-05 8.5e-06 7.5e-06 1.22e-05 1.39e-05 1.595e-05 1.235e-05 8.7e-06 7.25e-06 1.49e-05 7.9e-06 1.755e-05 1.44e-05 1.1e-05 7e-06 7.25e-06 8.4e-06 7.8e-06 1.285e-05 7.95e-06 8.4e-06 1.215e-05 7.25e-06 1.245e-05 8.1e-06 7.95e-06 1.475e-05 8.05e-06 1.505e-05 1.125e-05 8.15e-06 1.135e-05 8.75e-06 1.215e-05 8.1e-06 7.55e-06 1.595e-05 1.1e-05 7.1e-06
15 1.375e-05 1.125e-05 1.355e-05 1.43e-05 1.245e-05 1.055e-05 1.3e-05 1.26e-05 1.675e-05 1.655e-05 1.095e-05 1.1e-05 1.325e-05 1.46e-05 1.335e-05 1.79e-05 1.195e-05 1.32e-05 1.265e-05 1.425e-05 1.235e-05 1.415e-05 1.395e-05 1.225e-05 1.385e-05 1.075e-05 1.035e-05 1.67e-05 1.2e-05 1.215e-05 1.2e-05 1.295e-05 1.21e-05 9.7e-06 1.33e-05 1.34e-05 1.26e-05 1.11e-05 1.405e-05 1.08e-05 1.405e-05 1.24e-05 1.405e-05 1.67e-05 1.295e-05 1.36e-05 1.205e-05 1.165e-05 1.575e-05 1.22e-05 1.245e-05 1.495e-05 1.17e-05 1.625e-05 1.19e-05 1.49e-05 1.24e-05 1.475e-05 1.19e-05 1.53e-05 1.415e-05 1.175e-05 1.27e-05 1.12e-05 1.085e-05 1.295e-05 1.47e-05 1.07e-05 1.3e-05 1.315e-05 1.33e-05 1.08e-05 1.165e-05 1.48e-05 1.035e-05 1.185e-05 1.155e-05 1.14e-05 1.185e-05 1.295e-05 1.35e-05 1.195e-05 1.09e-05 1.15e-05 1.21e-05 1.235e-05 1.35e-05 1.285e-05 1.205e-05 1.375e-05 1.6e-05 1.17e-05 1.565e-05 1.175e-05 1.08e-05 1.23e-05 1.21e-05 9.55e-06 1.155e-05 1.115e-05
16 1.215e-05 8.45e-06 1.24e-05 9.45e-06 1.285e-05 1.08e-05 9.4e-06 6.45e-06 1.295e-05 2.22e-05 6.9e-06 7.6e-06 1.18e-05 5.9e-06 7.5e-06 1.195e-05 2.6e-06 9.75e-06 3.6e-06 8.2e-06 7.7e-06 1.53e-05 1.5e-05 6.7e-06 8.05e-06 1.085e-05 1.055e-05 1.29e-05 6.6e-06 1.265e-05 5.8e-06 1.41e-05 2.5e-06 1.295e-05 4e-06 1.075e-05 7e-06 4.5e-06 1.155e-05 6.75e-06 1.155e-05 3.05e-06 8.35e-06 1.29e-05 1.155e-05 1.18e-05 3.05e-06 4.95e-06 1.495e-05 5.6e-06 3.05e-06 8.2e-06 5.35e-06 2.255e-05 2.6e-06 1.005e-05 3.55e-06 7.35e-06 2.35e-06 2.08e-05 8.65e-06 1.59e-05 4.25e-06 4.7e-06 8.2e-06 1.035e-05 1.35e-05 1.075e-05 2.75e-06 5.25e-06 1.44e-05 4.8e-06 1.55e-05 1.6e-05 9.85e-06 5.95e-06 5.15e-06 8.55e-06 5.8e-06 1.335e-05 1.035e-05 5.8e-06 7.9e-06 3.4e-06 1.24e-05 3.85e-06 1.035e-05 1.4e-05 2.4e-06 1.315e-05 1.365e-05 5e-06 7.25e-06 8.75e-06 8.15e-06 4.2e-06 2.45e-06 1.28e-05 9.3e-06 4.25e-06
17 1.605e-05 1.37e-05 1.535e-05 8.45e-06 1.175e-05 1.26e-05 1.5e-05 1.01e-05 1.05e-05 2.085e-05 4.5e-06 1.31e-05 1.565e-05 1.2e-05 7.15e-06 1.32e-05 9.75e-06 8.5e-06 1e-05 7.6e-06 1.08e-05 1.365e-05 1.425e-05 9.7e-06 7.4e-06 1.285e-05 1.255e-05 1.045e-05 7.65e-06 1.345e-05 9.5e-06 1.46e-05 9.95e-06 1.69e-05 1.11e-05 8.9e-06 9.7e-06 7.15e-06 9.9e-06 4.3e-06 9.9e-06 9.85e-06 7.8e-06 1.045e-05 1.53e-05 1.535e-05 1.05e-05 9.35e-06 1.735e-05 7.35e-06 1.03e-05 1.3e-05 7.45e-06 2.21e-05 1.035e-05 1.065e-05 1.03e-05 1.285e-05 9.35e-06 2.1e-05 8.1e-06 1.855e-05 1.12e-05 7.95e-06 1.37e-05 1.495e-05 1.655e-05 1.255e-05 1.095e-05 1.04e-05 1.46e-05 8.6e-06 1.815e-05 1.255e-05 1.06e-05 8.1e-06 7.5e-06 8.6e-06 9.15e-06 1.125e-05 5.1e-06 9.7e-06 1.375e-05 8.65e-06 1.185e-05 1.025e-05 5.1e-06 1.45e-05 1.03e-05 1.625e-05 7.7e-06 9.4e-06 1.28e-05 8.35e-06 1.365e-05 1.08e-05 9.85e-06 1.675e-05 1.355e-05 7.55e-06
18 1.27e-05 9.15e-06 1.28e-05 9.8e-06 1.325e-05 1.15e-05 9.6e-06 6.8e-06 1.275e-05 2.205e-05 7.05e-06 8.2e-06 1.18e-05 7e-06 7.85e-06 1.265e-05 3.6e-06 1e-05 4.9e-06 8.35e-06 8e-06 1.51e-05 1.52e-05 6.7e-06 8.55e-06 1.165e-05 1.135e-05 1.27e-05 6.85e-06 1.315e-05 6.65e-06 1.435e-05 3.55e-06 1.41e-05 4.45e-06 1.075e-05 6.95e-06 5.3e-06 1.15e-05 6.9e-06 1.15e-05 2.95e-06 9.1e-06 1.27e-05 1.2e-05 1.17e-05 4.7e-06 6.6e-06 1.475e-05 5.8e-06 3.3e-06 7.75e-06 5.55e-06 2.21e-05 4.05e-06 1.005e-05 4.1e-06 7.75e-06 2.9e-06 2.075e-05 9.1e-06 1.66e-05 5.1e-06 5.5e-06 9.1e-06 1.12e-05 1.355e-05 1.145e-05 4.5e-06 4.35e-06 1.465e-05 5.55e-06 1.63e-05 1.635e-05 1.05e-05 6.6e-06 5.55e-06 9e-06 6.55e-06 1.405e-05 1.055e-05 6.75e-06 9.2e-06 4.55e-06 1.27e-05 3.35e-06 1.055e-05 1.425e-05 4.15e-06 1.32e-05 1.355e-05 6.65e-06 7.25e-06 8.95e-06 9.05e-06 4.75e-06 3.35e-06 1.395e-05 1.015e-05 4.8e-06
19 1.55e-05 1.34e-05 1.49e-05 8.35e-06 1.3e-05 1.39e-05 1.375e-05 1.015e-05 1.055e-05 2.065e-05 8.15e-06 1.205e-05 1.515e-05 1.07e-05 8.55e-06 1.425e-05 8.2e-06 7.6e-06 8.35e-06 1.4e-05 1.135e-05 1.55e-05 1.56e-05 1.03e-05 7.7e-06 1.405e-05 1.375e-05 1.05e-05 8.8e-06 1.43e-05 1e-05 1.575e-05 7.95e-06 1.725e-05 9.45e-06 1.1e-05 1.045e-05 8.4e-06 1.17e-05 8.05e-06 1.17e-05 8.5e-06 7.95e-06 1.05e-05 1.48e-05 1.425e-05 9.1e-06 9.75e-06 1.67e-05 7.1e-06 9.25e-06 1.185e-05 8.75e-06 2.225e-05 9.1e-06 1.095e-05 9.3e-06 1.16e-05 7.45e-06 2.135e-05 7.7e-06 1.875e-05 9.3e-06 8.15e-06 1.28e-05 1.405e-05 1.555e-05 1.385e-05 9.15e-06 9.5e-06 1.575e-05 8.55e-06 1.86e-05 1.35e-05 1.265e-05 8.4e-06 8.2e-06 1.065e-05 9.75e-06 1.21e-05 7.55e-06 1.01e-05 1.33e-05 8.45e-06 1.4e-05 8.75e-06 7.55e-06 1.565e-05 8.6e-06 1.555e-05 9.45e-06 9.8e-06 1.095e-05 1.06e-05 1.275e-05 8.95e-06 8.15e-06 1.71e-05 1.325e-05 7.6e-06
20 1.485e-05 1.095e-05 1.295e-05 1.175e-05 1.415e-05 1.03e-05 1.285e-05 7.25e-06 1.31e-05 2.15e-05 8e-06 1.115e-05 1.205e-05 9.6e-06 9.45e-06 1.235e-05 7.7e-06 1.08e-05 8e-06 1.135e-05 9.6e-06 1.59e-05 1.59e-05 6.4e-06 1.11e-05 9.8e-06 9.6e-06 1.3e-05 8.65e-06 1.26e-05 7.05e-06 1.195e-05 8.05e-06 1.465e-05 8.55e-06 8.6e-06 7e-06 7.65e-06 8.85e-06 7.85e-06 8.9e-06 7.75e-06 1.06e-05 1.305e-05 1.225e-05 1.46e-05 8.15e-06 6.35e-06 1.46e-05 9e-06 8e-06 8.9e-06 7.55e-06 2.27e-05 7.8e-06 1.06e-05 7.5e-06 9.65e-06 7.55e-06 1.97e-05 1.165e-05 1.595e-05 9e-06 8.1e-06 1.16e-05 1.255e-05 1.61e-05 1.025e-05 8.9e-06 8.3e-06 1.225e-05 7.95e-06 1.52e-05 1.53e-05 1.125e-05 8.45e-06 8.25e-06 4.95e-06 6.25e-06 1.465e-05 1.135e-05 6.6e-06 1.135e-05 7.6e-06 1.18e-05 8.1e-06 1.135e-05 1.185e-05 8.2e-06 1.51e-05 1.375e-05 6.4e-06 1.06e-05 6.1e-06 1.155e-05 8.6e-06 7.75e-06 1.45e-05 1.15e-05 7.75e-06
21 1.415e-05 1.485e-05 1.55e-05 1.595e-05 1.33e-05 1.43e-05 1.425e-05 1.51e-05 1.58e-05 1.48e-05 1.2e-05 1.45e-05 1.57e-05 1.57e-05 1.5e-05 1.415e-05 1.53e-05 1.365e-05 1.51e-05 1.55e-05 1.59e-05 2.36e-05 1.27e-05 1.55e-05 1.545e-05 1.455e-05 1.425e-05 1.575e-05 1.41e-05 1.435e-05 1.535e-05 1.52e-05 1.54e-05 1.395e-05 1.535e-05 1.415e-05 1.55e-05 1.37e-05 1.45e-05 1.205e-05 1.45e-05 1.49e-05 1.545e-05 1.575e-05 1.54e-05 1.365e-05 1.575e-05 1.525e-05 1.575e-05 1.425e-05 1.525e-05 1.595e-05 1.37e-05 1.205e-05 1.57e-05 1.48e-05 1.56e-05 1.585e-05 1.5e-05 1.315e-05 1.57e-05 1.45e-05 1.635e-05 1.445e-05 1.485e-05 1.52e-05 1.375e-05 1.425e-05 1.53e-05 1.535e-05 1.49e-05 1.465e-05 1.425e-05 1.515e-05 1.3e-05 1.465e-05 1.375e-05 1.495e-05 1.5e-05 1.475e-05 1.37e-05 1.555e-05 1.495e-05 1.48e-05 1.33e-05 1.51e-05 1.37e-05 1.51e-05 1.565e-05 1.42e-05 1.475e-05 1.53e-05 1.54e-05 1.48e-05 1.48e-05 1.595e-05 1.54e-05 1.38e-05 1.48e-05 1.43e-05
22 1.375e-05 1.46e-05 1.555e-05 1.61e-05 1.325e-05 1.42e-05 1.41e-05 1.505e-05 1.61e-05 1.495e-05 1.315e-05 1.42e-05 1.57e-05 1.56e-05 1.54e-05 1.395e-05 1.5e-05 1.425e-05 1.52e-05 1.56e-05 1.59e-05 1.27e-05 2.41e-05 1.56e-05 1.555e-05 1.435e-05 1.405e-05 1.605e-05 1.455e-05 1.41e-05 1.52e-05 1.535e-05 1.525e-05 1.35e-05 1.525e-05 1.44e-05 1.575e-05 1.39e-05 1.465e-05 1.29e-05 1.465e-05 1.5e-05 1.565e-05 1.605e-05 1.54e-05 1.36e-05 1.55e-05 1.505e-05 1.59e-05 1.42e-05 1.52e-05 1.605e-05 1.44e-05 1.225e-05 1.505e-05 1.495e-05 1.545e-05 1.57e-05 1.46e-05 1.33e-05 1.58e-05 1.43e-05 1.625e-05 1.38e-05 1.455e-05 1.515e-05 1.375e-05 1.415e-05 1.5e-05 1.555e-05 1.505e-05 1.435e-05 1.405e-05 1.535e-05 1.32e-05 1.45e-05 1.44e-05 1.5e-05 1.515e-05 1.47e-05 1.46e-05 1.53e-05 1.445e-05 1.41e-05 1.375e-05 1.52e-05 1.46e-05 1.525e-05 1.535e-05 1.42e-05 1.515e-05 1.51e-05 1.545e-05 1.505e-05 1.45e-05 1.585e-05 1.505e-05 1.335e-05 1.46e-05 1.385e-05
23 1.45e-05 1.05e-05 1.315e-05 1.075e-05 1.385e-05 9.75e-06 1.255e-05 6.95e-06 1.365e-05 2.215e-05 6.9e-06 1.09e-05 1.16e-05 9.5e-06 8.6e-06 1.225e-05 6.7e-06 9.7e-06 6.7e-06 1.03e-05 6.4e-06 1.55e-05 1.56e-05 9e-06 1e-05 1.035e-05 1.005e-05 1.36e-05 7.65e-06 1.26e-05 5.65e-06 1.165e-05 7e-06 1.515e-05 7.35e-06 8.7e-06 5.1e-06 6.5e-06 8.85e-06 6.75e-06 8.85e-06 6.45e-06 9.75e-06 1.36e-05 1.25e-05 1.435e-05 7.2e-06 6.1e-06 1.55e-05 8.05e-06 6.7e-06 9.05e-06 6.3e-06 2.31e-05 6.6e-06 1e-05 5.8e-06 1.015e-05 6.55e-06 2.055e-05 1.055e-05 1.67e-05 8e-06 7.1e-06 1.13e-05 1.255e-05 1.57e-05 9.7e-06 7.9e-06 7.2e-06 1.255e-05 6.85e-06 1.615e-05 1.545e-05 1.095e-05 7.65e-06 7.15e-06 5.35e-06 5.35e-06 1.435e-05 1.025e-05 6.2e-06 1.1e-05 6.55e-06 1.195e-05 6.75e-06 1.025e-05 1.155e-05 7.15e-06 1.49e-05 1.31e-05 6.15e-06 1.05e-05 4.6e-06 1.125e-05 7.6e-06 6.65e-06 1.5e-05 1.145e-05 6.8e-06
24 1.53e-05 1.315e-05 1.43e-05 8.25e-06 1.29e-05 1.36e-05 1.345e-05 9.55e-06 1.09e-05 2.085e-05 8e-06 1.225e-05 1.455e-05 1.06e-05 8.35e-06 1.385e-05 8.05e-06 7.4e-06 8.55e-06 7.7e-06 1.11e-05 1.545e-05 1.555e-05 1e-05 1.35e-05 1.38e-05 1.35e-05 1.085e-05 8.35e-06 1.37e-05 9.7e-06 1.51e-05 7.2e-06 1.7e-05 9.4e-06 1.09e-05 1.01e-05 8.2e-06 1.16e-05 7.9e-06 1.16e-05 8.35e-06 8.15e-06 1.085e-05 1.425e-05 1.445e-05 8.55e-06 9.5e-06 1.625e-05 7.45e-06 9e-06 1.175e-05 8.55e-06 2.22e-05 8.85e-06 1.085e-05 9e-06 1.15e-05 7.5e-06 2.125e-05 7.3e-06 1.815e-05 8.4e-06 7.35e-06 1.195e-05 1.355e-05 1.485e-05 1.355e-05 9.1e-06 9.25e-06 1.515e-05 7.95e-06 1.835e-05 1.37e-05 1.245e-05 7.55e-06 7.4e-06 1.04e-05 9.45e-06 1.23e-05 7.8e-06 9.85e-06 1.305e-05 8.25e-06 1.38e-05 7.9e-06 7.8e-06 1.5e-05 7.75e-06 1.505e-05 9.8e-06 9.55e-06 1.105e-05 1.025e-05 1.19e-05 7.8e-06 8.2e-06 1.685e-05 1.3e-05 7.8e-06
25 1.405e-05 9.5e-06 1.27e-05 1.47e-05 1.225e-05 8.85e-06 1.205e-05 1.045e-05 1.695e-05 1.7e-05 1.005e-05 9.5e-06 1.24e-05 1.39e-05 1.235e-05 1.075e-05 1.085e-05 1.285e-05 1.165e-05 1.405e-05 9.8e-06 1.455e-05 1.435e-05 1.035e-05 1.38e-05 1.57e-05 8.2e-06 1.69e-05 1.155e-05 1.145e-05 1.01e-05 1.13e-05 1.14e-05 8.35e-06 1.215e-05 1.165e-05 1.05e-05 1.025e-05 1.175e-05 9.9e-06 1.18e-05 1.14e-05 1.355e-05 1.69e-05 1.215e-05 1.39e-05 1.155e-05 9.35e-06 1.53e-05 1.17e-05 1.145e-05 1.425e-05 1.05e-05 1.795e-05 1.095e-05 1.385e-05 1.11e-05 1.405e-05 1.08e-05 1.53e-05 1.435e-05 1.065e-05 1.26e-05 1.06e-05 1.035e-05 1.21e-05 1.54e-05 8.55e-06 1.205e-05 1.215e-05 1.155e-05 1.035e-05 9.85e-06 1.43e-05 8.9e-06 1.125e-05 1.095e-05 8e-06 9.65e-06 1.265e-05 1.34e-05 9.7e-06 1e-05 1.05e-05 1.08e-05 1.175e-05 1.34e-05 1.12e-05 1.135e-05 1.465e-05 1.63e-05 9.4e-06 1.51e-05 9.05e-06 1.03e-05 1.22e-05 1.1e-05 8.25e-06 1e-05 1.025e-05
26 1.375e-05 9.65e-06 1.24e-05 1.44e-05 1.17e-05 8.45e-06 1.175e-05 1.02e-05 1.665e-05 1.67e-05 9.75e-06 9.6e-06 1.21e-05 1.36e-05 1.205e-05 1.035e-05 1.055e-05 1.255e-05 1.135e-05 1.375e-05 9.6e-06 1.425e-05 1.405e-05 1.005e-05 1.35e-05 8.2e-06 1.51e-05 1.66e-05 1.125e-05 1.115e-05 9.8e-06 1.1e-05 1.11e-05 8.4e-06 1.185e-05 1.135e-05 1.02e-05 9.85e-06 1.155e-05 9.6e-06 1.155e-05 1.11e-05 1.325e-05 1.66e-05 1.185e-05 1.36e-05 1.125e-05 9.1e-06 1.5e-05 1.14e-05 1.115e-05 1.395e-05 1.02e-05 1.765e-05 1.055e-05 1.355e-05 1.08e-05 1.375e-05 1.05e-05 1.5e-05 1.405e-05 1.06e-05 1.23e-05 1.03e-05 9.95e-06 1.18e-05 1.51e-05 8.5e-06 1.175e-05 1.185e-05 1.125e-05 9.95e-06 9.95e-06 1.4e-05 9.05e-06 1.095e-05 1.065e-05 7.6e-06 9.35e-06 1.245e-05 1.31e-05 9.3e-06 9.6e-06 1.02e-05 1.05e-05 1.145e-05 1.31e-05 1.09e-05 1.105e-05 1.435e-05 1.6e-05 9.15e-06 1.48e-05 8.75e-06 9.9e-06 1.19e-05 1.07e-05 8.25e-06 1.015e-05 9.7e-06
27 1.69e-05 1.655e-05 1.685e-05 1.06e-05 1.375e-05 1.665e-05 1.715e-05 1.315e-05 8e-06 1.935e-05 1.21e-05 1.635e-05 1.72e-05 1.055e-05 1.215e-05 1.67e-05 1.29e-05 1.045e-05 1.27e-05 1.05e-05 1.3e-05 1.575e-05 1.605e-05 1.36e-05 1.085e-05 1.69e-05 1.66e-05 1.57e-05 1.24e-05 1.66e-05 1.345e-05 1.735e-05 1.28e-05 1.99e-05 1.25e-05 1.09e-05 1.36e-05 1.24e-05 1.195e-05 1.2e-05 1.195e-05 1.245e-05 1.035e-05 7.9e-06 1.695e-05 1.655e-05 1.305e-05 1.34e-05 1.46e-05 1.19e-05 1.275e-05 1.065e-05 1.255e-05 1.99e-05 1.315e-05 1.145e-05 1.305e-05 1.065e-05 1.27e-05 1.995e-05 1.04e-05 2.025e-05 1.345e-05 1.26e-05 1.64e-05 1.68e-05 1.61e-05 1.66e-05 1.25e-05 1.265e-05 1.675e-05 1.28e-05 2.025e-05 1.43e-05 1.595e-05 1.25e-05 1.245e-05 1.37e-05 1.315e-05 1.385e-05 9.95e-06 1.365e-05 1.665e-05 1.265e-05 1.63e-05 1.24e-05 9.95e-06 1.725e-05 1.3e-05 1.675e-05 8.25e-06 1.345e-05 9.9e-06 1.355e-05 1.635e-05 1.305e-05 1.3e-05 1.975e-05 1.635e-05 1.265e-05
28 1.415e-05 1.1e-05 1.2e-05 8.5e-06 1.26e-05 1.145e-05 1.245e-05 7.95e-06 1.245e-05 2.19e-05 5e-06 1.075e-05 1.295e-05 9.65e-06 6.5e-06 1.2e-05 6.6e-06 7.65e-06 6.85e-06 8.8e-06 8.65e-06 1.41e-05 1.455e-05 7.65e-06 8.35e-06 1.155e-05 1.125e-05 1.24e-05 9.6e-06 1.27e-05 7.55e-06 1.34e-05 6.35e-06 1.515e-05 7.6e-06 9.65e-06 7.65e-06 5.75e-06 1.03e-05 4.85e-06 1.03e-05 6.65e-06 8.55e-06 1.24e-05 1.22e-05 1.365e-05 6.3e-06 7.3e-06 1.57e-05 6.85e-06 7e-06 1.055e-05 5.95e-06 2.2e-05 7e-06 9.05e-06 6.85e-06 1.05e-05 6.3e-06 2.06e-05 8.65e-06 1.675e-05 6.55e-06 6.05e-06 1.075e-05 1.25e-05 1.46e-05 1.14e-05 7.65e-06 6.3e-06 1.375e-05 6.5e-06 1.675e-05 1.47e-05 1e-05 5.75e-06 5.75e-06 7.75e-06 7e-06 1.3e-05 8.05e-06 7.6e-06 1.12e-05 6.3e-06 1.16e-05 6.5e-06 8.05e-06 1.33e-05 6.6e-06 1.345e-05 1.15e-05 7.35e-06 1.04e-05 7.9e-06 1.07e-05 6.15e-06 6.7e-06 1.5e-05 1.025e-05 6.25e-06
29 1.4e-05 1.24e-05 1.215e-05 1.475e-05 1.325e-05 1.135e-05 1.23e-05 1.25e-05 1.665e-05 1.465e-05 1.16e-05 1.19e-05 1.195e-05 1.515e-05 1.41e-05 1.215e-05 1.265e-05 1.345e-05 1.315e-05 1.43e-05 1.26e-05 1.435e-05 1.41e-05 1.26e-05 1.37e-05 1.145e-05 1.115e-05 1.66e-05 1.27e-05 1.9e-05 1.23e-05 1.095e-05 1.215e-05 1.145e-05 1.38e-05 1.33e-05 1.28e-05 1.21e-05 1.32e-05 1.145e-05 1.32e-05 1.29e-05 1.45e-05 1.66e-05 1.185e-05 1.36e-05 1.315e-05 1.215e-05 1.39e-05 1.22e-05 1.34e-05 1.545e-05 1.24e-05 1.6e-05 1.295e-05 1.455e-05 1.325e-05 1.52e-05 1.22e-05 1.355e-05 1.4e-05 1.07e-05 1.315e-05 1.14e-05 1.175e-05 1.125e-05 1.45e-05 1.13e-05 1.37e-05 1.395e-05 1.13e-05 1.12e-05 1.08e-05 1.31e-05 1.145e-05 1.22e-05 1.18e-05 1.125e-05 1.22e-05 1.365e-05 1.375e-05 1.235e-05 1.235e-05 1.23e-05 1.08e-05 1.265e-05 1.375e-05 1.085e-05 1.255e-05 1.415e-05 1.59e-05 1.22e-05 1.575e-05 1.14e-05 1.17e-05 1.275e-05 1.27e-05 1.13e-05 1.275e-05 1.185e-05
30 1.37e-05 1.025e-05 1.31e-05 1.065e-05 1.34e-05 9.45e-06 1.215e-05 6.8e-06 1.35e-05 2.205e-05 6.7e-06 1.035e-05 1.25e-05 8.9e-06 8.5e-06 1.2e-05 5.8e-06 9.5e-06 6.65e-06 1e-05 7.05e-06 1.535e-05 1.52e-05 5.65e-06 9.7e-06 1.01e-05 9.8e-06 1.345e-05 7.55e-06 1.23e-05 9.2e-06 1.165e-05 6.45e-06 1.445e-05 7.1e-06 8.75e-06 5.35e-06 5.75e-06 8.9e-06 6.55e-06 8.9e-06 6.25e-06 9.5e-06 1.345e-05 1.255e-05 1.41e-05 6.65e-06 5.65e-06 1.54e-05 7.75e-06 6.3e-06 1e-05 6.3e-06 2.3e-05 5.2e-06 9.95e-06 5.1e-06 9.1e-06 6e-06 2.055e-05 1.025e-05 1.63e-05 7.65e-06 6.55e-06 1.075e-05 1.215e-05 1.545e-05 9.4e-06 7e-06 7.35e-06 1.25e-05 6.4e-06 1.585e-05 1.54e-05 1.05e-05 7.45e-06 6.85e-06 5.55e-06 5.25e-06 1.39e-05 1.005e-05 5.4e-06 9.65e-06 5.55e-06 1.19e-05 6.7e-06 1.005e-05 1.155e-05 6.4e-06 1.485e-05 1.295e-05 5.7e-06 1.01e-05 4.7e-06 1.07e-05 7.4e-06 5.55e-06 1.43e-05 1.11e-05 6.3e-06
31 1.515e-05 1.325e-05 1.16e-05 1.58e-05 1.445e-05 1.065e-05 1.39e-05 1.26e-05 1.74e-05 1.46e-05 1.27e-05 1.335e-05 1.155e-05 1.59e-05 1.485e-05 1.295e-05 1.41e-05 1.46e-05 1.435e-05 1.575e-05 1.195e-05 1.52e-05 1.535e-05 1.165e-05 1.51e-05 1.13e-05 1.1e-05 1.735e-05 1.34e-05 1.095e-05 1.165e-05 1.76e-05 1.38e-05 1.265e-05 1.49e-05 1.285e-05 1.13e-05 1.325e-05 1.215e-05 1.255e-05 1.215e-05 1.41e-05 1.53e-05 1.735e-05 1.195e-05 1.485e-05 1.42e-05 1.2e-05 1.33e-05 1.38e-05 1.435e-05 1.595e-05 1.32e-05 1.67e-05 1.43e-05 1.445e-05 1.37e-05 1.6e-05 1.395e-05 1.35e-05 1.54e-05 1.055e-05 1.44e-05 1.315e-05 1.315e-05 1.135e-05 1.56e-05 1.06e-05 1.515e-05 1.45e-05 9.75e-06 1.295e-05 1.105e-05 1.335e-05 1.26e-05 1.335e-05 1.315e-05 9.75e-06 1.13e-05 1.485e-05 1.49e-05 1.225e-05 1.36e-05 1.38e-05 1.1e-05 1.38e-05 1.49e-05 8.8e-06 1.395e-05 1.5e-05 1.68e-05 1.205e-05 1.675e-05 8.9e-06 1.31e-05 1.4e-05 1.42e-05 1.25e-05 1.355e-05 1.345e-05
32 1.27e-05 9.2e-06 1.215e-05 9e-06 1.32e-05 1.13e-05 8.75e-06 6.05e-06 1.285e-05 2.215e-05 7.05e-06 7.85e-06 1.155e-05 6.95e-06 7.75e-06 1.21e-05 2.5e-06 9.95e-06 3.55e-06 7.95e-06 8.05e-06 1.54e-05 1.525e-05 7e-06 7.2e-06 1.14e-05 1.11e-05 1.28e-05 6.35e-06 1.215e-05 6.45e-06 1.38e-05 2.7e-06 1.37e-05 4.2e-06 1.09e-05 7.25e-06 5.1e-06 1.175e-05 6.9e-06 1.175e-05 3.05e-06 8.6e-06 1.28e-05 1.14e-05 1.17e-05 3.75e-06 6.15e-06 1.455e-05 5.5e-06 4.15e-06 8.4e-06 5.8e-06 2.26e-05 3.65e-06 1.025e-05 4.2e-06 7.9e-06 2.2e-06 2.1e-05 7.55e-06 1.585e-05 3.3e-06 3.9e-06 7.6e-06 9.85e-06 1.255e-05 1.125e-05 3.6e-06 5.5e-06 1.415e-05 4.45e-06 1.605e-05 1.605e-05 1.03e-05 5.1e-06 4.25e-06 8.9e-06 6.3e-06 1.36e-05 1.03e-05 6.5e-06 8.8e-06 4.1e-06 1.265e-05 2.9e-06 1.03e-05 1.37e-05 2.45e-06 1.285e-05 1.35e-05 6.2e-06 7.1e-06 9e-06 7.55e-06 2.9e-06 2.85e-06 1.355e-05 9.85e-06 4.4e-06
33 1.245e-05 7.55e-06 1.245e-05 1.805e-05 1.075e-05 8.55e-06 1.035e-05 1.54e-05 1.995e-05 1.24e-05 1.405e-05 7.2e-06 1.185e-05 1.645e-05 1.61e-05 9.7e-06 1.295e-05 1.69e-05 1.41e-05 1.725e-05 1.465e-05 1.395e-05 1.35e-05 1.515e-05 1.7e-05 8.35e-06 8.4e-06 1.99e-05 1.515e-05 1.145e-05 1.445e-05 1.265e-05 1.37e-05 1.9e-06 1.48e-05 1.775e-05 1.545e-05 1.31e-05 1.85e-05 1.39e-05 1.85e-05 1.385e-05 1.73e-05 1.99e-05 1.17e-05 1.245e-05 1.38e-05 1.41e-05 1.49e-05 1.485e-05 1.37e-05 1.665e-05 1.4e-05 1.275e-05 1.28e-05 1.85e-05 1.37e-05 1.6e-05 1.3e-05 1.095e-05 1.755e-05 5.2e-06 1.505e-05 1.35e-05 7.55e-06 1.125e-05 1.395e-05 8.45e-06 1.415e-05 1.52e-05 1.295e-05 1.31e-05 4.65e-06 1.46e-05 7.45e-06 1.485e-05 1.41e-05 1.55e-05 1.47e-05 1.125e-05 1.745e-05 1.445e-05 7.05e-06 1.29e-05 1.105e-05 1.42e-05 1.745e-05 1.255e-05 1.345e-05 1.335e-05 2.07e-05 1.415e-05 1.785e-05 1.575e-05 7.5e-06 1.465e-05 1.315e-05 1.15e-06 8.3e-06 1.305e-05
34 1.3e-05 9.05e-06 1.33e-05 1.035e-05 1.32e-05 1.21e-05 1.015e-05 6.75e-06 1.255e-05 2.235e-05 8.25e-06 9.45e-06 1.25e-05 6.65e-06 8.65e-06 1.33e-05 4e-06 1.11e-05 4.45e-06 9.45e-06 8.55e-06 1.535e-05 1.525e-05 7.35e-06 9.4e-06 1.215e-05 1.185e-05 1.25e-05 7.6e-06 1.38e-05 7.1e-06 1.49e-05 4.2e-06 1.48e-05 6.5e-06 1.05e-05 7.2e-06 6.1e-06 1.13e-05 8.1e-06 1.13e-05 4e-06 9.35e-06 1.25e-05 1.27e-05 1.265e-05 5.1e-06 6.8e-06 1.465e-05 7.35e-06 4.45e-06 7.75e-06 5.75e-06 2.185e-05 4.45e-06 9.9e-06 4.3e-06 7.55e-06 4.15e-06 2.075e-05 9.65e-06 1.725e-05 5.65e-06 6.25e-06 9.8e-06 1.18e-05 1.355e-05 1.205e-05 3.85e-06 5.65e-06 1.515e-05 6.25e-06 1.7e-05 1.69e-05 1.145e-05 7.15e-06 6.5e-06 9.3e-06 6.85e-06 1.46e-05 1.135e-05 7.1e-06 9.75e-06 5.15e-06 1.365e-05 4.45e-06 1.135e-05 1.48e-05 4.55e-06 1.365e-05 1.335e-05 6.85e-06 6.15e-06 9.55e-06 9.75e-06 5.45e-06 4.3e-06 1.465e-05 1.07e-05 6.05e-06
35 1.625e-05 1.42e-05 1.53e-05 1.15e-05 1.285e-05 1.19e-05 1.5e-05 8.05e-06 1.095e-05 2.125e-05 7.2e-06 1.42e-05 1.515e-05 1.02e-05 1.035e-05 1.34e-05 1.075e-05 8.9e-06 1.075e-05 1.1e-05 8.6e-06 1.415e-05 1.44e-05 8.7e-06 1.09e-05 1.165e-05 1.135e-05 1.09e-05 9.65e-06 1.33e-05 8.75e-06 1.285e-05 1.09e-05 1.775e-05 1.05e-05 1.04e-05 8.7e-06 8.95e-06 6.45e-06 7.15e-06 6.45e-06 1.05e-05 1.04e-05 1.09e-05 1.495e-05 1.585e-05 1.13e-05 8.15e-06 1.45e-05 9.65e-06 1.08e-05 1.09e-05 8.8e-06 2.115e-05 1.11e-05 9.4e-06 1.08e-05 1.1e-05 1.055e-05 1.95e-05 1.115e-05 1.835e-05 1.195e-05 9.25e-06 1.45e-05 1.49e-05 1.615e-05 1.185e-05 1.07e-05 1.105e-05 1.25e-05 9.35e-06 1.785e-05 1.455e-05 1.245e-05 9.5e-06 9.15e-06 5.35e-06 7.95e-06 1.435e-05 9.05e-06 8.45e-06 1.455e-05 9.9e-06 1.255e-05 1.07e-05 9.05e-06 1.275e-05 1.11e-05 1.645e-05 8.3e-06 8.2e-06 9.9e-06 6.2e-06 1.445e-05 1.155e-05 1.09e-05 1.76e-05 1.455e-05 9.05e-06
36 1.475e-05 1.035e-05 1.325e-05 1.105e-05 1.4e-05 9.45e-06 1.28e-05 7.05e-06 1.365e-05 2.225e-05 6.9e-06 1.12e-05 1.26e-05 9.65e-06 8.6e-06 1.26e-05 7e-06 9.7e-06 6.95e-06 1.045e-05 7e-06 1.55e-05 1.575e-05 5.1e-06 1.01e-05 1.05e-05 1.02e-05 1.36e-05 7.65e-06 1.28e-05 5.35e-06 1.13e-05 7.25e-06 1.545e-05 7.2e-06 8.7e-06 7.2e-06 6.65e-06 8.85e-06 6.75e-06 8.85e-06 6.7e-06 9.75e-06 1.36e-05 1.295e-05 1.46e-05 7.65e-06 6.25e-06 1.56e-05 8.35e-06 6.95e-06 1e-05 6e-06 2.32e-05 6.9e-06 1e-05 5.15e-06 1.03e-05 6.85e-06 2.07e-05 1.065e-05 1.695e-05 8.4e-06 7.35e-06 1.155e-05 1.28e-05 1.58e-05 9.4e-06 8.2e-06 7.3e-06 1.25e-05 7.1e-06 1.645e-05 1.56e-05 1.11e-05 7.75e-06 7.25e-06 5.35e-06 4.9e-06 1.45e-05 1.025e-05 6.35e-06 1.13e-05 6.85e-06 1.21e-05 6.95e-06 1.025e-05 1.12e-05 7.4e-06 1.53e-05 1.31e-05 6.3e-06 1.065e-05 3.75e-06 1.15e-05 8e-06 6.95e-06 1.53e-05 1.16e-05 7.1e-06
37 1.3e-05 9.35e-06 1.315e-05 9.25e-06 1.185e-05 9.95e-06 1.1e-05 6.9e-06 1.245e-05 2.215e-05 3.8e-06 9e-06 1.245e-05 8.1e-06 6.75e-06 1.11e-05 4.5e-06 7.15e-06 5.3e-06 8.4e-06 7.65e-06 1.37e-05 1.39e-05 6.5e-06 8.2e-06 1.025e-05 9.85e-06 1.24e-05 5.75e-06 1.21e-05 5.75e-06 1.325e-05 5.1e-06 1.31e-05 6.1e-06 8.95e-06 6.65e-06 7e-06 1e-05 3.55e-06 1e-05 4.95e-06 8.3e-06 1.24e-05 1.24e-05 1.31e-05 5.5e-06 5.8e-06 1.555e-05 6.15e-06 5.1e-06 9.4e-06 4.6e-06 2.25e-05 4e-06 1e-05 4.85e-06 8.7e-06 4.6e-06 2.07e-05 8.75e-06 1.605e-05 6.45e-06 4.85e-06 9.35e-06 1.18e-05 1.455e-05 1.005e-05 5.7e-06 6.45e-06 1.355e-05 5.05e-06 1.565e-05 1.495e-05 8.4e-06 6.05e-06 4.8e-06 7.05e-06 5.95e-06 1.245e-05 7.8e-06 5.85e-06 8.7e-06 3.95e-06 1.08e-05 5.45e-06 7.8e-06 1.315e-05 5.15e-06 1.405e-05 1.155e-05 5.85e-06 9.2e-06 7.1e-06 9.3e-06 6.2e-06 4.5e-06 1.295e-05 1.02e-05 4.45e-06
38 1.61e-05 1.49e-05 1.47e-05 1.21e-05 1.355e-05 1.21e-05 1.56e-05 8.25e-06 1.2e-05 2.025e-05 8.75e-06 1.5e-05 1.495e-05 1.135e-05 1.1e-05 1.405e-05 1.155e-05 9.9e-06 1.15e-05 1.17e-05 8.85e-06 1.45e-05 1.465e-05 8.85e-06 1.16e-05 1.175e-05 1.155e-05 1.195e-05 1.03e-05 1.32e-05 8.9e-06 1.215e-05 1.175e-05 1.85e-05 1.13e-05 6.45e-06 8.85e-06 1e-05 9.7e-06 8.6e-06 4.9e-06 1.125e-05 1.105e-05 1.195e-05 1.475e-05 1.58e-05 1.2e-05 8.3e-06 1.475e-05 1.035e-05 1.15e-05 1.2e-05 9.95e-06 2.02e-05 1.175e-05 8.1e-06 1.145e-05 1.21e-05 1.14e-05 1.85e-05 1.185e-05 1.82e-05 1.27e-05 1.04e-05 1.53e-05 1.48e-05 1.61e-05 1.205e-05 1.155e-05 1.13e-05 1.175e-05 1.015e-05 1.77e-05 1.43e-05 1.355e-05 1.025e-05 1.04e-05 5e-06 8.15e-06 1.5e-05 1.015e-05 8.6e-06 1.525e-05 1.09e-05 1.275e-05 1.145e-05 1.015e-05 1.205e-05 1.19e-05 1.63e-05 1e-05 8.35e-06 1.115e-05 5.85e-06 1.525e-05 1.23e-05 1.165e-05 1.835e-05 1.485e-05 1.02e-05
39 1.465e-05 1.07e-05 1.405e-05 9.05e-06 1.115e-05 9.65e-06 1.195e-05 7.1e-06 1.205e-05 2.22e-05 4.5e-07 1.01e-05 1.355e-05 1.015e-05 5.9e-06 1.08e-05 6.75e-06 4.3e-06 6.9e-06 8.05e-06 7.85e-06 1.205e-05 1.29e-05 6.75e-06 7.9e-06 9.9e-06 9.6e-06 1.2e-05 4.85e-06 1.145e-05 6.55e-06 1.255e-05 6.9e-06 1.39e-05 8.1e-06 7.15e-06 6.75e-06 3.55e-06 8.6e-06 1e-07 8.6e-06 6.75e-06 8.2e-06 1.2e-05 1.34e-05 1.395e-05 7.7e-06 6.4e-06 1.64e-05 5.95e-06 7.2e-06 1.115e-05 4e-06 2.255e-05 7.35e-06 1.01e-05 7.3e-06 1.1e-05 6.3e-06 2.075e-05 8.45e-06 1.645e-05 8.35e-06 4.7e-06 1.065e-05 1.285e-05 1.535e-05 9.6e-06 7.95e-06 8.1e-06 1.285e-05 5.55e-06 1.605e-05 1.39e-05 7e-06 5.75e-06 4e-06 5.7e-06 6.2e-06 1.165e-05 5.05e-06 6.75e-06 1.075e-05 5.45e-06 9.15e-06 7.1e-06 5.05e-06 1.245e-05 7.25e-06 1.505e-05 9.3e-06 6.45e-06 1.095e-05 5.55e-06 1.06e-05 7.95e-06 6.85e-06 1.375e-05 1.135e-05 4.45e-06
40 1.61e-05 1.49e-05 1.47e-05 1.21e-05 1.355e-05 1.21e-05 1.56e-05 8.2e-06 1.2e-05 2.025e-05 8.75e-06 1.5e-05 1.495e-05 1.135e-05 1.1e-05 1.405e-05 1.155e-05 9.9e-06 1.15e-05 1.17e-05 8.9e-06 1.45e-05 1.465e-05 8.85e-06 1.16e-05 1.18e-05 1.155e-05 1.195e-05 1.03e-05 1.32e-05 8.9e-06 1.215e-05 1.175e-05 1.85e-05 1.13e-05 6.45e-06 8.85e-06 1e-05 4.9e-06 8.6e-06 9.7e-06 1.125e-05 1.105e-05 1.195e-05 1.475e-05 1.58e-05 1.2e-05 8.25e-06 1.475e-05 1.035e-05 1.15e-05 1.2e-05 9.95e-06 2.02e-05 1.175e-05 8.1e-06 1.145e-05 1.21e-05 1.14e-05 1.85e-05 1.185e-05 1.82e-05 1.27e-05 1.04e-05 1.53e-05 1.48e-05 1.61e-05 1.205e-05 1.155e-05 1.13e-05 1.175e-05 1.015e-05 1.77e-05 1.43e-05 1.355e-05 1.025e-05 1.04e-05 5e-06 8.15e-06 1.5e-05 1.015e-05 8.6e-06 1.525e-05 1.09e-05 1.275e-05 1.145e-05 1.015e-05 1.205e-05 1.19e-05 1.63e-05 1e-05 8.3e-06 1.115e-05 5.85e-06 1.525e-05 1.23e-05 1.165e-05 1.835e-05 1.485e-05 1.02e-05
41 1.23e-05 8.9e-06 1.255e-05 9.5e-06 1.3e-05 1.125e-05 9.55e-06 6.5e-06 1.25e-05 2.18e-05 6.9e-06 8.35e-06 1.155e-05 6.6e-06 7.7e-06 1.24e-05 3.05e-06 9.85e-06 2.95e-06 8.5e-06 7.75e-06 1.49e-05 1.5e-05 6.45e-06 8.35e-06 1.14e-05 1.11e-05 1.245e-05 6.65e-06 1.29e-05 6.25e-06 1.41e-05 3.05e-06 1.385e-05 4e-06 1.05e-05 6.7e-06 4.95e-06 1.125e-05 6.75e-06 1.125e-05 4.4e-06 8.7e-06 1.245e-05 1.17e-05 1.18e-05 4.25e-06 6.2e-06 1.45e-05 6.1e-06 3.25e-06 7.5e-06 5.35e-06 2.185e-05 3.5e-06 9.8e-06 3.7e-06 7.35e-06 3.05e-06 2.05e-05 8.85e-06 1.635e-05 4.65e-06 5.3e-06 8.85e-06 1.07e-05 1.33e-05 1.12e-05 3.9e-06 4.45e-06 1.44e-05 5.3e-06 1.605e-05 1.61e-05 1.03e-05 6.35e-06 5.35e-06 8.75e-06 6.15e-06 1.38e-05 1.035e-05 6.35e-06 8.8e-06 4.2e-06 1.25e-05 3.1e-06 1.035e-05 1.4e-05 3.75e-06 1.29e-05 1.33e-05 6.25e-06 6.8e-06 8.75e-06 8.8e-06 4.45e-06 3.2e-06 1.37e-05 9.9e-06 4.95e-06
