 slim_337480893 slim_337480684 slim_337480880 slim_337480865 slim_337480804 slim_337480853 slim_337480604 slim_337480524 slim_337480910 slim_337480605 slim_337480810 slim_337480707 slim_337480802 slim_337480892 slim_337480884 slim_337480847 slim_337480723 slim_337480815 slim_337480866 slim_337480850 slim_337480514 slim_337480785 slim_337480761 slim_337480871 slim_337480774 slim_337480502 slim_337480786 slim_337480750 slim_337480849 slim_337480799 slim_337480897 slim_337480881 slim_337480665 slim_337480890 slim_337480846 slim_337480615 slim_337480862 slim_337480832 slim_337480852 slim_337480882 slim_337480889 slim_337480738 slim_337480711 slim_337480783 slim_337480887 slim_337480688 slim_337480764 slim_337480795 slim_337480883 slim_337480732 slim_337480879 slim_337480906 slim_337480796 slim_337480685 slim_337480894 slim_337480899 slim_337480792 slim_337480829 slim_337480808 slim_337480674 slim_337480863 slim_337480861 slim_337480843 slim_337480855 slim_337480858 slim_337480878 slim_337480901 slim_337480828 slim_337480907 slim_337480891 slim_337480905 slim_337480902 slim_337480830 slim_337480817 slim_337480562 slim_337480687 slim_337480813 slim_337480870 slim_337480588 slim_337480885 slim_337480909 slim_337480908 slim_337480663 slim_337480840 slim_337480762 slim_337480856 slim_337480801 slim_337480777 slim_337480819 slim_337480857 slim_337480868 slim_337480809 slim_337480869 slim_337480904 slim_337480867 slim_337480811 slim_337480895 slim_337480860 slim_337480911 slim_337480835
0 0.0007486 0.00059385 0.0005491 0.00069085 0.00064925 0.0006732 0.0005414 0.0006635 0.0006319 0.0007234 0.0007613 0.00069535 0.00060745 0.00056445 0.0005636 0.0006308 0.0008425 0.00068995 0.00067735 0.0004695 0.0005728 0.0005807 0.0007746 0.00077325 0.00050305 0.00078645 0.000554 0.00072915 0.0005987 0.00049425 0.00047505 0.0004503 0.000788 0.0007198 0.000646 0.0007973 0.0006695 0.0004694 0.0004373 0.000644 0.00082915 0.0005702 0.00055445 0.0004859 0.00037475 0.00071975 0.0005633 0.00068635 0.00050335 0.0003744 0.00059695 0.0007698 0.0006778 0.0005704 0.00049415 0.00049585 0.0005569 0.00067675 0.00058225 0.0007503 0.00048255 0.0006087 0.000545 0.00064165 0.0007333 0.0006777 0.00064255 0.00068155 0.00070335 0.0006087 0.0005129 0.0005494 0.00065855 0.000728 0.00056985 0.0006031 0.00062885 0.00046985 0.00044025 0.00063075 0.00050755 0.00067055 0.00073595 0.0005675 0.00060835 0.0008326 0.000521 0.00071905 0.000609 0.00058135 0.00061565 0.00050325 0.0004859 0.00062095 0.00070625 0.0006034 0.00055075 0.00064385 0.00072645 0.0006144
1 0.00059385 0.0007114 0.0004962 0.00060525 0.00058975 0.0006328 0.0006633 0.00050765 0.0006571 0.00076335 0.00076945 0.00053465 0.00052725 0.0006545 0.00052875 0.00067095 0.0007717 0.0004679 0.0006347 0.00044375 0.0006272 0.00043755 0.0006388 0.00068115 0.0006565 0.00077695 0.00061465 0.0007405 0.0005696 0.00054995 0.00051065 0.00055615 0.0007348 0.00064525 0.0005899 0.00064875 0.00072725 0.00044365 0.0005781 0.00073245 0.00067575 0.00052225 0.00061495 0.00061575 0.0005315 0.0006452 0.0005288 0.0005618 0.00059425 0.00053155 0.00052045 0.0005687 0.0006073 0.0005329 0.00064055 0.00050435 0.0005387 0.0006212 0.0005706 0.0006754 0.0005624 0.0006516 0.00046835 0.00064255 0.0006977 0.0006072 0.00076165 0.00052645 0.0005639 0.0006518 0.00056855 0.0005446 0.00054015 0.00067 0.0005219 0.00059115 0.00072975 0.0004441 0.0005986 0.0006709 0.0003966 0.0005119 0.0007281 0.00067495 0.00061185 0.00082545 0.0006268 0.0006259 0.0006519 0.0005005 0.00049415 0.00059415 0.00052525 0.0005797 0.00075975 0.0005733 0.00035615 0.0004567 0.0007664 0.00058785
2 0.0005491 0.0004962 0.0005142 0.00059475 0.0004544 0.00052375 0.00063595 0.00050005 0.00040415 0.00058625 0.00068855 0.00045815 0.00061755 0.0005181 0.000619 0.0004256 0.0006272 0.0005342 0.000646 0.0004521 0.000473 0.00038975 0.0006556 0.00066275 0.0005036 0.00064665 0.0005735 0.0005898 0.0003306 0.00044545 0.0003762 0.000523 0.0006397 0.0004986 0.00062005 0.00068505 0.00063395 0.00045205 0.00054245 0.00065705 0.00064315 0.0003098 0.0005738 0.0005142 0.0004949 0.00049855 0.00061905 0.0004032 0.0004495 0.00049495 0.00042805 0.00070705 0.00057955 0.0006111 0.0005272 0.0004915 0.00040025 0.00060085 0.0003315 0.00060385 0.00043715 0.00056105 0.00048015 0.00051735 0.000652 0.00057945 0.00068255 0.00054855 0.0005183 0.00056125 0.00046405 0.000625 0.0005524 0.00051155 0.00030945 0.00068745 0.0006534 0.0004525 0.00045855 0.0004254 0.00043175 0.00049225 0.0005368 0.00062565 0.0003799 0.0007578 0.00048945 0.00061085 0.00056135 0.0003136 0.0004021 0.00044955 0.00043255 0.0005314 0.00058265 0.00033085 0.0004095 0.00058205 0.0005893 0.000387
3 0.00069085 0.00060525 0.00059475 0.0008303 0.0006121 0.0006365 0.0007253 0.00053555 0.00055495 0.0006239 0.00065325 0.0006361 0.0005437 0.00049215 0.0005578 0.00048515 0.00056495 0.0006402 0.00067245 0.000682 0.00057555 0.0007008 0.00059265 0.00068665 0.00061815 0.00066075 0.00063445 0.00066345 0.00060535 0.0007024 0.00067805 0.00073595 0.00056695 0.0006512 0.0006753 0.00049 0.000553 0.0006819 0.0006347 0.00065305 0.0005907 0.00062615 0.00063475 0.00072645 0.00070005 0.00065115 0.00055765 0.00057585 0.00062745 0.0007001 0.00053975 0.0005339 0.0005031 0.0005578 0.0007101 0.0005921 0.00070155 0.0004334 0.00054405 0.00073175 0.00070955 0.0006325 0.00071785 0.0007034 0.00056875 0.000503 0.00063905 0.0005764 0.0006145 0.0006327 0.000681 0.00057575 0.0005055 0.0006348 0.0006258 0.0006041 0.0006798 0.00068235 0.0006333 0.00048515 0.0006413 0.00053565 0.00049005 0.0006605 0.00048315 0.0007066 0.0005364 0.00043775 0.0006328 0.00069665 0.0007242 0.00062735 0.00071885 0.00061735 0.0005695 0.00060535 0.0006729 0.00055755 0.0006308 0.0006461
4 0.00064925 0.00058975 0.0004544 0.0006121 0.0005649 0.0003687 0.00065055 0.0004852 0.00068645 0.00068845 0.00050045 0.000417 0.00066915 0.00062505 0.0006312 0.0006156 0.00076005 0.00058665 0.0006884 0.0006064 0.00055875 0.00045675 0.00041335 0.0006161 0.000701 0.0007244 0.0004331 0.0005928 0.00048445 0.00051875 0.0004369 0.00059475 0.00052185 0.0005216 0.0005246 0.0007198 0.0006674 0.0006063 0.00064425 0.00071115 0.0006516 0.0004739 0.0004334 0.00050385 0.00058265 0.00052155 0.00063125 0.0004251 0.0006345 0.0005827 0.0005875 0.00061945 0.00069105 0.00062945 0.0005897 0.0006186 0.00047395 0.00062025 0.000651 0.0005681 0.00052645 0.00067135 0.00061845 0.0005049 0.00028325 0.00069095 0.00064575 0.0004796 0.00069515 0.00067155 0.00053145 0.00063925 0.000668 0.0006074 0.00047355 0.00071185 0.00069895 0.00060675 0.00063335 0.00061555 0.00057685 0.00048355 0.00065225 0.00055135 0.0005914 0.00077325 0.00057645 0.000584 0.00067165 0.00028285 0.0004564 0.0006344 0.000433 0.00050215 0.0006264 0.00048865 0.0005934 0.00066285 0.00069295 0.0004847
5 0.0006732 0.0006328 0.00052375 0.0006365 0.0003687 0.0006735 0.00064105 0.00054905 0.00070725 0.00073655 0.0005653 0.0005071 0.0006865 0.00063765 0.00066695 0.0006364 0.00076605 0.00065585 0.00071495 0.0006571 0.0005896 0.00053975 0.00048075 0.00069405 0.0007136 0.0007651 0.000482 0.00064915 0.0005538 0.0004815 0.0005085 0.0005627 0.000552 0.00057865 0.00049935 0.0007368 0.0006726 0.000657 0.0006682 0.00075105 0.00069485 0.0005389 0.0004823 0.0005796 0.00062615 0.0005786 0.000667 0.0005058 0.00066665 0.0006262 0.00062685 0.0006737 0.00071545 0.0006562 0.0005524 0.00067455 0.00046675 0.00064465 0.0006718 0.000628 0.00055955 0.0006961 0.0005936 0.0005235 0.00033755 0.00071535 0.00068565 0.00053865 0.0007271 0.0006963 0.00049415 0.000675 0.00069715 0.0005514 0.00053855 0.00072275 0.00075835 0.00065745 0.0006655 0.00063635 0.0006265 0.00053845 0.00066565 0.0005807 0.0006122 0.00081425 0.00060855 0.0006163 0.0006964 0.00039585 0.00045145 0.00066655 0.0005088 0.00054345 0.0006745 0.0005489 0.00065135 0.0007058 0.00074105 0.00054915
6 0.0005414 0.0006633 0.00063595 0.0007253 0.00065055 0.00064105 0.0008663 0.0006686 0.00066875 0.0007257 0.0007608 0.000697 0.00061385 0.00065815 0.0005868 0.00068975 0.00078035 0.00075075 0.00067585 0.0005691 0.0006065 0.0006622 0.0007552 0.00079825 0.00065875 0.0007899 0.0005737 0.0007806 0.0006283 0.00050125 0.0005155 0.00045755 0.00074705 0.0006999 0.0006141 0.00076015 0.00067955 0.000569 0.00051985 0.00070655 0.00078855 0.0005977 0.00057395 0.00060735 0.00043355 0.00069985 0.000587 0.00068805 0.000551 0.0004338 0.0007078 0.0007542 0.00069015 0.0005939 0.00058215 0.0005696 0.00054605 0.0007112 0.000671 0.0007304 0.0005051 0.00060685 0.00059315 0.00051535 0.00071355 0.00069005 0.00069305 0.00068665 0.0007426 0.00060725 0.0005176 0.0005726 0.0006688 0.00067465 0.00059735 0.00073425 0.00066185 0.00056955 0.00060635 0.0006897 0.00060745 0.00067565 0.0007454 0.00064645 0.00066415 0.00081025 0.0005885 0.0007237 0.0006073 0.0006037 0.00060475 0.00055095 0.0005267 0.00064035 0.0007555 0.000633 0.0006768 0.0007081 0.0007294 0.000644
7 0.0006635 0.00050765 0.00050005 0.00053555 0.0004852 0.00054905 0.0006686 0.0007112 0.0006965 0.00069515 0.00064485 0.0004836 0.00049765 0.0006529 0.00045705 0.00070595 0.0005718 0.00063545 0.00056065 0.00060875 0.00063375 0.00054845 0.00061335 0.0006543 0.0007325 0.00063425 0.00058665 0.0006031 0.0005261 0.0005209 0.00045705 0.0005809 0.0005935 0.0005046 0.0006389 0.0004638 0.00066085 0.00060865 0.00057455 0.0006323 0.0005917 0.0005081 0.00058695 0.00059155 0.0005582 0.00050455 0.00045715 0.0003557 0.0006273 0.00055825 0.0006874 0.0005057 0.0005481 0.00045715 0.00061465 0.00053605 0.0004933 0.0005576 0.0006623 0.00055785 0.0005338 0.000565 0.0006314 0.0005675 0.000615 0.000548 0.00071195 0.00039665 0.0006156 0.0005652 0.0005207 0.00047905 0.00050795 0.00052765 0.00050775 0.0006241 0.00061585 0.0006091 0.00065005 0.0007059 0.00055105 0.00035585 0.00064345 0.0006758 0.0006689 0.00066745 0.00063665 0.0005296 0.0005653 0.0003966 0.0004979 0.0006272 0.0004979 0.0006227 0.00069035 0.000526 0.0006224 0.00052945 0.00069965 0.00056685
8 0.0006319 0.0006571 0.00040415 0.00055495 0.00068645 0.00070725 0.00066875 0.0006965 4e-07 0.00042305 0.00077235 0.0006905 0.00061195 0.00043495 0.00074535 0.0001526 0.0006054 0.0006415 0.00076565 0.00058695 0.0005175 0.00059885 0.00078095 0.00078955 0.0002896 0.0006952 0.0007264 0.00067365 0.0003027 0.00066585 0.0006361 0.0007217 0.0006868 0.00065685 0.0007568 0.0007056 0.0006008 0.00058685 0.00062545 0.00067095 0.0006996 0.00038925 0.0007267 0.000704 0.0006847 0.0006568 0.0007454 0.0006308 0.0003425 0.00068475 0.00039675 0.00080185 0.000405 0.00072845 0.00067335 0.0005832 0.00063985 0.00055705 0.00011635 0.0007897 0.0006518 0.00064505 0.0006239 0.00062025 0.000768 0.000405 0.0006861 0.00074015 0.00054735 0.00064525 0.00066455 0.00074735 0.0004983 0.00062615 0.0003889 0.0006953 0.0007253 0.0005873 0.00049255 0.00015225 0.0005746 0.00067975 0.00045465 0.0005946 0.0002124 0.0007842 0.0004932 0.0005976 0.00064535 0.0006568 0.000662 0.000343 0.0006966 0.0006217 0.00053495 0.0002944 0.0005163 0.00064945 0.00042835 0.00035425
9 0.0007234 0.00076335 0.00058625 0.0006239 0.00068845 0.00073655 0.0007257 0.00069515 0.00042305 0.0007893 0.00056085 0.00070485 0.00068255 0.0005551 0.0007466 0.00046635 0.00058265 0.00070375 0.0006795 0.0007024 0.00062845 0.000682 0.0007359 0.0006021 0.00055735 0.0005145 0.00073455 0.0006364 0.00054305 0.00075715 0.00070365 0.0007904 0.0006485 0.00064825 0.00076165 0.0006604 0.0006241 0.0007023 0.0006779 0.00050375 0.0006701 0.00058075 0.00073485 0.0007224 0.00075485 0.0006482 0.00074665 0.0006382 0.0005889 0.0007549 0.0005799 0.0007435 0.0005762 0.0007362 0.0007452 0.00064825 0.000723 0.0006196 0.00047425 0.0006585 0.00072755 0.00066875 0.0007379 0.0006746 0.00071415 0.0005761 0.0005362 0.0007156 0.00061635 0.00066895 0.00073935 0.0007422 0.0006235 0.000671 0.0005804 0.00071595 0.000534 0.00070275 0.00064605 0.00046635 0.0007028 0.0006849 0.00054605 0.00064735 0.0004872 0.00050035 0.00061455 0.00062515 0.00066905 0.0006885 0.0007251 0.00058895 0.00073445 0.00067625 0.00045215 0.00053775 0.0006679 0.0006896 0.00040095 0.00056835
10 0.0007613 0.00076945 0.00068855 0.00065325 0.00050045 0.0005653 0.0007608 0.00064485 0.00077235 0.00056085 0.0007481 0.0006234 0.000725 0.00066005 0.00072335 0.0007064 0.00069215 0.0006889 0.00068135 0.00076745 0.0006994 0.00065975 0.0004987 0.00051395 0.00075715 0.00054825 0.00057725 0.00059655 0.00069925 0.0007682 0.0007021 0.0007999 0.0005332 0.00062845 0.00064995 0.00067915 0.00066095 0.00076735 0.00073025 0.0005268 0.0006577 0.0007089 0.00057755 0.0006498 0.00078035 0.0006284 0.0007234 0.00062465 0.0007763 0.0007804 0.00069755 0.0006424 0.0007169 0.00071915 0.00074545 0.0007225 0.00073445 0.000651 0.0007693 0.00058215 0.0007546 0.00073625 0.00078695 0.00068265 0.00037455 0.0007168 0.00050175 0.00061125 0.0007234 0.00073645 0.0007492 0.000721 0.00072995 0.00072405 0.00070855 0.0007049 0.00054105 0.0007678 0.0007586 0.00070635 0.00075875 0.0006408 0.00066615 0.0005932 0.00071285 0.0004993 0.00069145 0.0006088 0.00073655 0.0005955 0.00071715 0.0007762 0.00067265 0.00063075 0.0005074 0.00069795 0.00076255 0.00070795 0.0005607 0.00066845
11 0.00069535 0.00053465 0.00045815 0.0006361 0.000417 0.0005071 0.000697 0.0004836 0.0006905 0.00070485 0.0006234 0.0005664 0.00068365 0.0006584 0.0006552 0.0006394 0.0006322 0.00039535 0.000635 0.0005668 0.000579 0.0004299 0.0004119 0.00048065 0.00072735 0.00065495 0.00058335 0.0005806 0.0004922 0.00055025 0.00045485 0.0006136 0.0005864 0.0004922 0.00053415 0.0006581 0.0006463 0.0005667 0.0006776 0.0007172 0.00045775 0.0004739 0.00058365 0.00057285 0.0006262 0.00049215 0.00065525 0.0003727 0.0006583 0.00062625 0.0005479 0.0004876 0.00069115 0.0006424 0.0006339 0.0006184 0.00045075 0.0006401 0.0006483 0.00054115 0.0005491 0.0006292 0.00055415 0.00052575 0.0005404 0.00069105 0.00068305 0.0005053 0.00056985 0.0006294 0.00056295 0.0006591 0.00067405 0.0005532 0.00047355 0.0006778 0.0007152 0.00056715 0.0006631 0.00063935 0.00052355 0.0004709 0.0006101 0.0007041 0.00060845 0.0007097 0.00062 0.00061975 0.0006295 0.0003231 0.00038685 0.0006582 0.0004893 0.0005137 0.00064265 0.00048685 0.00047065 0.00059955 0.00070935 0.00052125
12 0.00060745 0.00052725 0.00061755 0.0005437 0.00066915 0.0006865 0.00061385 0.00049765 0.00061195 0.00068255 0.000725 0.00068365 0.0007261 0.00055265 0.00050315 0.0006683 0.00064425 0.00066875 0.00063265 0.00062255 0.00070165 0.0006303 0.00072565 0.000756 0.00059185 0.00071035 0.00067945 0.0007117 0.0006173 0.0006502 0.0006376 0.00060125 0.0006802 0.0006512 0.00065185 0.0005036 0.0006061 0.00062245 0.000512 0.0005571 0.00068975 0.0005737 0.00067975 0.00070645 0.00064285 0.00065115 0.000503 0.00057565 0.00062735 0.0006429 0.0006635 0.0005688 0.0005071 0.00051015 0.00070615 0.0005425 0.00060645 0.0005635 0.000604 0.000688 0.000676 0.00064355 0.00058105 0.0006087 0.00071595 0.000507 0.00065065 0.0005177 0.0006233 0.00064375 0.00063615 0.00052265 0.00043885 0.00065085 0.00057335 0.00052645 0.0006452 0.0006229 0.00068945 0.00066825 0.00057475 0.00050475 0.0006843 0.00058775 0.00063095 0.0007108 0.00066975 0.00056015 0.00064385 0.00064045 0.0006696 0.00062725 0.0006506 0.0007215 0.00072465 0.000622 0.00061635 0.0005022 0.00068705 0.00063495
13 0.00056445 0.0006545 0.0005181 0.00049215 0.00062505 0.00063765 0.00065815 0.0006529 0.00043495 0.0005551 0.00066005 0.0006584 0.00055265 0.0006035 0.0006806 0.00036845 0.00060795 0.00061025 0.00071595 0.0006029 0.00051355 0.00060815 0.0006559 0.00071235 0.00044245 0.0006695 0.00064855 0.00067825 0.0005335 0.00066805 0.0006512 0.0006414 0.00061325 0.00064845 0.00061375 0.00064515 0.00046175 0.0006028 0.0004905 0.00050155 0.00065065 0.00051935 0.00064885 0.0007043 0.00067865 0.0006484 0.00068065 0.0006249 0.00055675 0.0006787 0.00041465 0.00069145 0.0005622 0.0006706 0.00068855 0.00054645 0.00060355 0.0004958 0.0004143 0.00074055 0.00066945 0.0006433 0.00056575 0.0006308 0.00061835 0.0005621 0.0005083 0.00067565 0.0005676 0.0006435 0.00064905 0.00068415 0.00054855 0.00063265 0.000519 0.00057235 0.0006535 0.00060325 0.0005646 0.00036845 0.00058335 0.00064305 0.00045485 0.0005688 0.0003571 0.0007171 0.0004714 0.0005359 0.0006436 0.00066055 0.0006662 0.00055665 0.0006839 0.000603 0.0005015 0.0005292 0.00053515 0.00060825 0.0005553 0.00056185
14 0.0005636 0.00052875 0.000619 0.0005578 0.0006312 0.00066695 0.0005868 0.00045705 0.00074535 0.0007466 0.00072335 0.0006552 0.00050315 0.0006806 0.0007025 0.0007548 0.00065535 0.0007267 0.0005419 0.00052845 0.0006233 0.00065355 0.00073285 0.00074935 0.0007602 0.00070305 0.00053495 0.00072655 0.00064505 0.0004838 0.0004571 0.00050005 0.00068675 0.00062825 0.00070245 0.0005034 0.0007059 0.00052855 0.0004746 0.0006626 0.0007015 0.000626 0.0005352 0.0005703 0.0003517 0.0006282 0.0003518 0.0005482 0.0005484 0.0003519 0.00073505 0.0005498 0.0005486 0.0003687 0.00057795 0.00043935 0.00061045 0.0005581 0.00071115 0.0006494 0.0004783 0.00050345 0.0006773 0.00069265 0.00071795 0.0005485 0.00074225 0.00049325 0.0006806 0.0005038 0.00048385 0.0003516 0.0005201 0.00063585 0.00062565 0.0006527 0.00053965 0.0005291 0.000571 0.00075475 0.00054585 0.0004741 0.00070965 0.00073055 0.00071775 0.000707 0.0005578 0.00057115 0.00050385 0.000573 0.0006292 0.0005483 0.0004766 0.00063005 0.0007418 0.00065405 0.0006686 0.00052875 0.0007511 0.00067315
15 0.0006308 0.00067095 0.0004256 0.00048515 0.0006156 0.0006364 0.00068975 0.00070595 0.0001526 0.00046635 0.0007064 0.0006394 0.0006683 0.00036845 0.0007548 0.000304 0.0006193 0.0005994 0.0007758 0.00060255 0.00044485 0.00061445 0.0006524 0.0007333 0.0003613 0.0007003 0.00065555 0.0006762 0.0003822 0.00067245 0.0006427 0.0007283 0.0006196 0.0006671 0.00068595 0.0007187 0.000533 0.00060245 0.0006382 0.0006886 0.00065215 0.00044275 0.00065585 0.0007029 0.0006913 0.00066705 0.00075485 0.00064025 0.0004219 0.00069135 0.0003331 0.0007536 0.00048735 0.0007378 0.00067225 0.0005975 0.00064645 0.00048705 0.00020435 0.00079995 0.0006584 0.0006553 0.0006395 0.00064125 0.0006197 0.00048725 0.00061955 0.0007495 0.0005666 0.0006555 0.00066755 0.0007568 0.00055465 0.0006364 0.0004424 0.00069705 0.0007447 0.0006029 0.00049145 0.0001524 0.0005901 0.0006891 0.00038565 0.00060705 0.00018785 0.00079855 0.00041675 0.0005296 0.0006556 0.0006634 0.0006686 0.000422 0.0007032 0.00055085 0.0004664 0.0003734 0.0005319 0.0006679 0.00047245 0.00043365
16 0.0008425 0.0007717 0.0006272 0.00056495 0.00076005 0.00076605 0.00078035 0.0005718 0.0006054 0.00058265 0.00069215 0.0006322 0.00064425 0.00060795 0.00065535 0.0006193 2e-07 0.0007062 0.00053245 0.00080425 0.0006049 0.00078145 0.00073665 0.00061855 0.0007382 0.0003097 0.0008347 0.00040905 0.0006351 0.00074535 0.0007304 0.0008012 0.00042795 0.000384 0.0008155 0.0002485 0.00043 0.00080415 0.00069845 0.00055545 0.0003089 0.00064055 0.000835 0.000816 0.0008137 0.000384 0.0006554 0.0004862 0.0007095 0.00081375 0.00071405 0.00055925 0.0005531 0.00063845 0.00077055 0.0006878 0.00068475 0.00056705 0.00059425 0.0005219 0.0006392 0.0004069 0.0007917 0.00069715 0.0008556 0.000553 0.0006939 0.00061545 0.0003975 0.00040715 0.00071585 0.00065735 0.0005653 0.0003385 0.0006402 0.0006869 0.0005874 0.0008046 0.00073035 0.00061925 0.0007918 0.00055505 0.00031655 0.0008294 0.0006039 0.0003699 0.000694 0.0005534 0.00040725 0.0007164 0.0007068 0.0007094 0.0007909 0.0007294 0.00058725 0.0006261 0.0008017 0.00064775 0.00057615 0.00068655
17 0.00068995 0.0004679 0.0005342 0.0006402 0.00058665 0.00065585 0.00075075 0.00063545 0.0006415 0.00070375 0.0006889 0.00039535 0.00066875 0.00061025 0.0007267 0.0005994 0.0007062 0.0004858 0.00071215 0.0004865 0.0006375 0.0004038 0.0004329 0.0004681 0.00064555 0.00069955 0.0006764 0.00065405 0.0005962 0.00070975 0.000639 0.0007193 0.00066455 0.0006353 0.00055015 0.0007147 0.00064955 0.0004865 0.00069685 0.0007089 0.0004746 0.00057425 0.0006767 0.00066145 0.00073 0.00063525 0.00072675 0.0005786 0.0006857 0.00073005 0.00040015 0.00048095 0.00068015 0.000718 0.000724 0.00059565 0.00062665 0.0006381 0.00057135 0.00066195 0.0007082 0.0007181 0.0004757 0.00065985 0.0006227 0.00068005 0.00067365 0.0006351 0.0004746 0.0007183 0.00070715 0.0007245 0.00066175 0.0006978 0.0005739 0.00057845 0.00074745 0.00048695 0.0006759 0.00059935 0.0004539 0.0006269 0.0006316 0.0006857 0.00056835 0.00074345 0.0006411 0.0006504 0.0007184 0.0005577 0.00051365 0.0006856 0.0006473 0.00053575 0.00065055 0.0005946 0.0002891 0.00048085 0.0007092 0.00060285
18 0.00067735 0.0006347 0.000646 0.00067245 0.0006884 0.00071495 0.00067585 0.00056065 0.00076565 0.0006795 0.00068135 0.000635 0.00063265 0.00071595 0.0005419 0.0007758 0.00053245 0.00071215 0.0008555 0.00062065 0.0006476 0.00065435 0.00075255 0.0006507 0.00079785 0.00056295 0.00066085 0.0006622 0.0006727 0.00057885 0.00054365 0.00060035 0.000665 0.00056215 0.00074155 0.0005457 0.0006734 0.00062055 0.0005855 0.00060535 0.00062005 0.0006424 0.00066135 0.0006539 0.00052435 0.0005621 0.0005418 0.0005729 0.0006451 0.0005244 0.0007514 0.00064485 0.0006738 0.00052795 0.0006745 0.00057685 0.00061715 0.00068405 0.0007308 0.00050975 0.00052095 0.00052855 0.0006963 0.00069495 0.00079735 0.0006737 0.0006895 0.00056175 0.0006246 0.0005286 0.0005819 0.0005534 0.00064045 0.0005827 0.00064205 0.0007336 0.0005477 0.000621 0.0006672 0.0007758 0.0005722 0.00054715 0.0006591 0.00079695 0.0007388 0.00051565 0.00065845 0.0006808 0.00052885 0.00058585 0.00062155 0.000645 0.0005582 0.0006719 0.0006755 0.000664 0.00067785 0.00064925 0.0006795 0.00067865
19 0.0004695 0.00044375 0.0004521 0.000682 0.0006064 0.0006571 0.0005691 0.00060875 0.00058695 0.0007024 0.00076745 0.0005668 0.00062255 0.0006029 0.00052845 0.00060255 0.00080425 0.0004865 0.00062065 0.0006217 0.00053655 0.00040415 0.00070555 0.00069465 0.0006071 0.0007656 0.00053025 0.00075475 0.00052555 0.00043825 0.0003913 0.00044945 0.0007767 0.0006507 0.00062165 0.0007751 0.0007292 0.00031105 0.00044975 0.00068655 0.00073315 0.0004782 0.0005305 0.00049915 0.0003113 0.00065065 0.00052885 0.00060775 0.000449 0.0003115 0.0004646 0.0006862 0.0006486 0.0005329 0.00053345 0.00038005 0.0005294 0.00066425 0.00050045 0.00067455 0.0004169 0.0005577 0.0004495 0.00064955 0.00074895 0.0006485 0.0007197 0.00062565 0.00055765 0.00055805 0.0004571 0.0005106 0.00061515 0.00068495 0.00047785 0.00066785 0.00059205 0.0003116 0.0004574 0.0006025 0.00035015 0.00061295 0.00071105 0.00068625 0.00054345 0.0008077 0.00048335 0.0007174 0.0005581 0.0004807 0.00048045 0.0004489 0.0004044 0.0005199 0.0006988 0.00052925 0.00031095 0.00051055 0.00070545 0.00054195
20 0.0005728 0.0006272 0.000473 0.00057555 0.00055875 0.0005896 0.0006065 0.00063375 0.0005175 0.00062845 0.0006994 0.000579 0.00070165 0.00051355 0.0006233 0.00044485 0.0006049 0.0006375 0.0006476 0.00053655 0.000744 0.0005861 0.00064935 0.0007053 0.0005978 0.0006729 0.00054825 0.0006731 0.00050305 0.000509 0.0004782 0.00054755 0.00061715 0.00058565 0.00063565 0.0006919 0.00057055 0.00053645 0.0005614 0.00071195 0.00063715 0.00049815 0.0005487 0.00059525 0.00046735 0.0005856 0.0006232 0.00060545 0.00049245 0.00046725 0.000489 0.00070845 0.00063245 0.0006231 0.0005873 0.0005308 0.00054185 0.0005599 0.00048225 0.0006672 0.0004332 0.0005362 0.00061655 0.0006173 0.0006292 0.00063235 0.00065255 0.0006726 0.0006053 0.00053625 0.00052175 0.00060755 0.00064305 0.00057765 0.0004978 0.0007652 0.00066755 0.0005369 0.0004987 0.00044485 0.0005663 0.0006338 0.00048845 0.00070545 0.0004209 0.0007385 0.0004327 0.00060375 0.0005365 0.00052755 0.0005601 0.00049235 0.0005169 0.00055585 0.00056625 0.00050305 0.0005687 0.00067645 0.00063295 0.00054185
21 0.0005807 0.00043755 0.00038975 0.0007008 0.00045675 0.00053975 0.0006622 0.00054845 0.00059885 0.000682 0.00065975 0.0004299 0.0006303 0.00060815 0.00065355 0.00061445 0.00078145 0.0004038 0.00065435 0.00040415 0.0005861 0.0005459 0.00056045 0.00060455 0.00061235 0.00072785 0.0005608 0.0006318 0.0004632 0.0005145 0.0004304 0.0005416 0.00068395 0.00052745 0.00056495 0.00077655 0.0007171 0.00040415 0.000561 0.0006595 0.000658 0.00040605 0.0005611 0.00049915 0.00053525 0.0005274 0.0006536 0.00047615 0.000567 0.0005353 0.0004516 0.0006551 0.0006872 0.0006469 0.0006093 0.00049615 0.00044835 0.00070285 0.00051235 0.00055115 0.00051155 0.00065835 0.00041045 0.00055745 0.00058625 0.0006871 0.00069265 0.0005159 0.0005273 0.00065855 0.0005331 0.0006555 0.000629 0.00063755 0.0004057 0.0006461 0.00067765 0.0004046 0.00057555 0.0006144 0.00037645 0.00054195 0.0007056 0.0006042 0.00055535 0.00076695 0.0006013 0.0007169 0.00065865 0.00030055 0.00038385 0.0005669 0.00040445 0.0005472 0.0006784 0.00046205 0.0002733 0.00052425 0.00068505 0.00043605
22 0.0007746 0.0006388 0.0006556 0.00059265 0.00041335 0.00048075 0.0007552 0.00061335 0.00078095 0.0007359 0.0004987 0.0004119 0.00072565 0.0006559 0.00073285 0.0006524 0.00073665 0.0004329 0.00075255 0.00070555 0.00064935 0.00056045 0.0005171 0.00048295 0.00076295 0.0007218 0.00053125 0.0006108 0.0006742 0.0007532 0.0006847 0.00078855 0.0004976 0.0006251 0.0005163 0.0006991 0.0006286 0.00070545 0.0007962 0.00076315 0.00049765 0.0006836 0.0005316 0.00064915 0.00080395 0.00062505 0.0007329 0.0005794 0.0007924 0.000804 0.00056555 0.0004621 0.0007232 0.0007262 0.0007436 0.0007466 0.00068085 0.0005947 0.00076185 0.0006426 0.0007623 0.0007703 0.0006901 0.00063605 0.00025895 0.0007231 0.00062935 0.0005809 0.00067195 0.0007705 0.0007447 0.0007348 0.00073155 0.0007195 0.00068325 0.00065055 0.0007818 0.0007059 0.0007729 0.00065235 0.0006702 0.00060685 0.0006301 0.0006055 0.00065625 0.0007435 0.00065545 0.00055875 0.0007706 0.00054055 0.00061565 0.0007923 0.00065885 0.0005203 0.00062425 0.00067305 0.00061625 0.00063625 0.0007428 0.00064715
23 0.00077325 0.00068115 0.00066275 0.00068665 0.0006161 0.00069405 0.00079825 0.0006543 0.00078955 0.0006021 0.00051395 0.00048065 0.000756 0.00071235 0.00074935 0.0007333 0.00061855 0.0004681 0.0006507 0.00069465 0.0007053 0.00060455 0.00048295 0.0006979 0.0007668 0.0004837 0.0007095 0.0005887 0.00070265 0.000787 0.00070735 0.0008013 0.00061775 0.00062015 0.0006456 0.00065745 0.0006588 0.00069455 0.00077515 0.00057915 0.0004838 0.0007107 0.0007098 0.0006852 0.00080215 0.0006201 0.0007494 0.00059235 0.0007958 0.0008022 0.00063215 0.00051625 0.00073645 0.0007431 0.00076025 0.0007407 0.0007061 0.00068025 0.00075455 0.0005738 0.00076455 0.00071035 0.00069375 0.00070355 0.00061675 0.00073635 0.00055475 0.0006528 0.0006029 0.00071055 0.0007844 0.00074285 0.0007525 0.00069515 0.00071035 0.00066575 0.0005937 0.000695 0.0007589 0.00073325 0.00068125 0.0006482 0.00064765 0.0007251 0.000733 0.00048085 0.00073705 0.00065385 0.00071065 0.0006188 0.00064025 0.0007957 0.00071205 0.0006331 0.00053845 0.0007009 0.0006119 0.0006352 0.00060755 0.00070555
24 0.00050305 0.0006565 0.0005036 0.00061815 0.000701 0.0007136 0.00065875 0.0007325 0.0002896 0.00055735 0.00075715 0.00072735 0.00059185 0.00044245 0.0007602 0.0003613 0.0007382 0.00064555 0.00079785 0.0006071 0.0005978 0.00061235 0.00076295 0.0007668 0.0005788 0.00073905 0.0007245 0.0006635 0.00047975 0.0007059 0.00068905 0.00067925 0.0007354 0.0007325 0.0006897 0.00077095 0.0005843 0.000607 0.0005846 0.0006168 0.0007658 0.00051685 0.0007248 0.00064305 0.0007165 0.00073245 0.00076025 0.0007045 0.000503 0.00071655 0.00046525 0.00080215 0.0005502 0.00075025 0.0006273 0.00063415 0.0006414 0.0006218 0.0003272 0.0008224 0.0007073 0.00072735 0.00056995 0.0006314 0.0007324 0.0005501 0.0006058 0.0007553 0.000618 0.00072755 0.0007069 0.00076375 0.0005878 0.0007167 0.0005165 0.00055275 0.00074945 0.00060745 0.00050335 0.0003611 0.0005876 0.0007227 0.0005853 0.000485 0.00039825 0.00081785 0.00057565 0.0006536 0.00072765 0.0006984 0.00070405 0.0005032 0.00072175 0.00067895 0.00060245 0.00047575 0.00053935 0.0006542 0.000562 0.0005081
25 0.00078645 0.00077695 0.00064665 0.00066075 0.0007244 0.0007651 0.0007899 0.00063425 0.0006952 0.0005145 0.00054825 0.00065495 0.00071035 0.0006695 0.00070305 0.0007003 0.0003097 0.00069955 0.00056295 0.0007656 0.0006729 0.00072785 0.0007218 0.0004837 0.00073905 0.0006192 0.00078785 0.00049145 0.0006792 0.00076725 0.00072115 0.0008005 0.0005479 0.00051185 0.00079015 0.00046295 0.00056785 0.0007655 0.0007119 0.00047185 0.00048365 0.00068695 0.00078815 0.00073615 0.0007897 0.0005118 0.0007031 0.00056735 0.0007424 0.00078975 0.0007235 0.00063255 0.0006513 0.0006927 0.00075155 0.00071585 0.0007158 0.00065645 0.00066755 0.0005246 0.0006916 0.0005497 0.00077635 0.00072145 0.0007859 0.0006512 0.00056795 0.00065475 0.00052565 0.0005499 0.00075415 0.00069865 0.00066865 0.0005272 0.0006866 0.0007006 0.0004901 0.00076595 0.0007227 0.00070025 0.000766 0.00062405 0.0005074 0.00076055 0.00069375 0.0003232 0.0007345 0.0006333 0.00055 0.00068865 0.00071785 0.0007423 0.00075195 0.00072925 0.00050905 0.00067375 0.00076515 0.0006744 0.00051325 0.0007045
26 0.000554 0.00061465 0.0005735 0.00063445 0.0004331 0.000482 0.0005737 0.00058665 0.0007264 0.00073455 0.00057725 0.00058335 0.00067945 0.00064855 0.00053495 0.00065555 0.0008347 0.0006764 0.00066085 0.00053025 0.00054825 0.0005608 0.00053125 0.0007095 0.0007245 0.00078785 0.0007696 0.0007115 0.00060355 0.00048205 0.00043735 0.00051905 0.0006098 0.0006405 0.0005878 0.0007595 0.00070825 0.00053015 0.00054915 0.0007408 0.0007562 0.00058755 0.00038545 0.00048695 0.0003852 0.00064045 0.00053485 0.00060855 0.00055585 0.00038515 0.00062995 0.00066735 0.00069165 0.0005409 0.00055315 0.00053115 0.0005836 0.00062085 0.00069095 0.0006552 0.0004709 0.00061005 0.00066385 0.00062575 0.00038525 0.00069155 0.0006754 0.00057145 0.00075495 0.0006101 0.0004948 0.00052125 0.00068495 0.00070665 0.0005872 0.00073995 0.00062655 0.0005306 0.0005547 0.0006555 0.00056625 0.0005929 0.00070955 0.00060605 0.00063135 0.00080775 0.00049785 0.00062575 0.00061035 0.00046355 0.00058245 0.00055575 0.0004158 0.0005046 0.0006725 0.0006077 0.0006382 0.00066595 0.00073905 0.00058625
27 0.00072915 0.0007405 0.0005898 0.00066345 0.0005928 0.00064915 0.0007806 0.0006031 0.00067365 0.0006364 0.00059655 0.0005806 0.0007117 0.00067825 0.00072655 0.0006762 0.00040905 0.00065405 0.0006622 0.00075475 0.0006731 0.0006318 0.0006108 0.0005887 0.0006635 0.00049145 0.0007115 0.0008179 0.00062065 0.0007426 0.00068145 0.00079695 0.00051375 0.0004838 0.0007559 0.00052865 0.0005943 0.00075465 0.00074145 0.00062605 0.00050615 0.00063175 0.0007118 0.00061215 0.00080465 0.00048375 0.0007266 0.0005071 0.0007391 0.0008047 0.00069185 0.00062985 0.000665 0.0007158 0.00067315 0.0007272 0.00066955 0.0006676 0.0006477 0.0005604 0.0006888 0.00060685 0.000747 0.0006575 0.00061825 0.0006649 0.00067685 0.00059265 0.000557 0.00060705 0.0007295 0.0007306 0.00067665 0.00054475 0.0006314 0.0006536 0.0006508 0.0007551 0.0006753 0.00067615 0.0007334 0.0005925 0.00054375 0.00063235 0.00067565 0.0005462 0.00072865 0.000636 0.00060715 0.00056315 0.00067225 0.000739 0.0006817 0.00071545 0.00062785 0.0006158 0.00073645 0.00068055 0.00063515 0.000616
28 0.0005987 0.0005696 0.0003306 0.00060535 0.00048445 0.0005538 0.0006283 0.0005261 0.0003027 0.00054305 0.00069925 0.0004922 0.0006173 0.0005335 0.00064505 0.0003822 0.0006351 0.0005962 0.0006727 0.00052555 0.00050305 0.0004632 0.0006742 0.00070265 0.00047975 0.0006792 0.00060355 0.00062065 0.0006052 0.00049095 0.0004217 0.0005685 0.00065095 0.0005253 0.0006501 0.0006923 0.0006452 0.00052545 0.0005733 0.00066855 0.0006584 0.000329 0.00060385 0.0005638 0.0005404 0.00052525 0.0006451 0.00042925 0.00042155 0.00054045 0.00048605 0.00072165 0.00053215 0.00063715 0.0005768 0.0005324 0.00044575 0.00061145 0.0003315 0.00063055 0.00048265 0.00058775 0.0005536 0.0005097 0.0006666 0.00053205 0.00069325 0.0005746 0.00057295 0.00058795 0.00050725 0.00065105 0.00055215 0.00053825 0.00032865 0.0007176 0.00067715 0.0005259 0.00050815 0.000382 0.00050515 0.0005183 0.00054805 0.00062245 0.0003826 0.0007645 0.0005172 0.00062145 0.00058805 0.0003591 0.0004476 0.00042175 0.00047805 0.00056145 0.0005927 0.00030305 0.00048295 0.00063605 0.00054675 0.00035905
29 0.00049425 0.00054995 0.00044545 0.0007024 0.00051875 0.0004815 0.00050125 0.0005209 0.00066585 0.00075715 0.0007682 0.00055025 0.0006502 0.00066805 0.0004838 0.00067245 0.00074535 0.00070975 0.00057885 0.00043825 0.000509 0.0005145 0.0007532 0.000787 0.0007059 0.00076725 0.00048205 0.0007426 0.00049095 0.0004833 0.0002789 0.0003071 0.00073365 0.0005696 0.0005811 0.0007356 0.00073555 0.00043835 0.00044985 0.0007356 0.00076495 0.0004473 0.0004823 0.00048225 0.0002421 0.00056955 0.0004842 0.00049175 0.00045385 0.0002423 0.00065705 0.0007435 0.0006841 0.00048415 0.0004062 0.00044985 0.000354 0.00069075 0.0006073 0.0006183 0.00029105 0.00049365 0.00050375 0.0005385 0.00072175 0.000684 0.00076985 0.00055985 0.0006902 0.000494 0.00027575 0.00047205 0.000652 0.0004935 0.00044695 0.0007788 0.00061575 0.0004389 0.00047685 0.0006724 0.00047485 0.000521 0.00071205 0.00073425 0.00061345 0.0008202 0.00049445 0.0007192 0.00049405 0.000355 0.0003542 0.00045375 0.00031815 0.00054455 0.00074455 0.0004909 0.00055215 0.0006686 0.00075925 0.00052975
30 0.00047505 0.00051065 0.0003762 0.00067805 0.0004369 0.0005085 0.0005155 0.00045705 0.0006361 0.00070365 0.0007021 0.00045485 0.0006376 0.0006512 0.0004571 0.0006427 0.0007304 0.000639 0.00054365 0.0003913 0.0004782 0.0004304 0.0006847 0.00070735 0.00068905 0.00072115 0.00043735 0.00068145 0.0004217 0.0002789 0.0004144 0.0003439 0.0006987 0.00050775 0.0006058 0.00071865 0.0007261 0.0003914 0.00043065 0.000695 0.00071645 0.000378 0.0004376 0.0004107 0.00020765 0.0005077 0.0004575 0.00040195 0.00042175 0.00020785 0.00061245 0.000693 0.00065975 0.00045745 0.0004435 0.00040295 0.00035365 0.0006664 0.00057755 0.0005539 0.00025795 0.00046895 0.00052805 0.0005156 0.0006668 0.00065965 0.00072925 0.000496 0.000653 0.0004693 0.00031305 0.00044535 0.0006276 0.0005405 0.00037765 0.00076735 0.00055995 0.00039195 0.00044475 0.00064265 0.00041995 0.00045715 0.0006897 0.0007048 0.0005837 0.0007741 0.0004624 0.0006869 0.00046935 0.00024625 0.00035385 0.00042165 0.00024655 0.000498 0.00069105 0.00042165 0.00049265 0.0006294 0.00070575 0.0004605
31 0.0004503 0.00055615 0.000523 0.00073595 0.00059475 0.0005627 0.00045755 0.0005809 0.0007217 0.0007904 0.0007999 0.0006136 0.00060125 0.0006414 0.00050005 0.0007283 0.0008012 0.0007193 0.00060035 0.00044945 0.00054755 0.0005416 0.00078855 0.0008013 0.00067925 0.0008005 0.00051905 0.00079695 0.0005685 0.0003071 0.0003439 0.0005258 0.00078795 0.00062405 0.00053525 0.00076915 0.0007089 0.00044955 0.0004059 0.00068635 0.00080185 0.0004996 0.0005193 0.0005194 0.00026335 0.000624 0.00050045 0.0006005 0.0004924 0.00026355 0.00068555 0.00075565 0.0007152 0.00050735 0.00047165 0.00046575 0.0003505 0.00072185 0.00066315 0.00065375 0.00034895 0.0005322 0.0004498 0.00053855 0.0007745 0.0007151 0.0007206 0.00059895 0.0007187 0.00053255 0.0003412 0.00048585 0.00065555 0.00057625 0.00049925 0.00072685 0.0006317 0.0004501 0.0005154 0.00072825 0.000488 0.00058795 0.0007679 0.00070605 0.0006693 0.0008309 0.000533 0.00075275 0.0005326 0.00043115 0.0004092 0.0004923 0.0003553 0.0005857 0.0007778 0.0005732 0.0005533 0.00067235 0.0007925 0.0005842
32 0.000788 0.0007348 0.0006397 0.00056695 0.00052185 0.000552 0.00074705 0.0005935 0.0006868 0.0006485 0.0005332 0.0005864 0.0006802 0.00061325 0.00068675 0.0006196 0.00042795 0.00066455 0.000665 0.0007767 0.00061715 0.00068395 0.0004976 0.00061775 0.0007354 0.0005479 0.0006098 0.00051375 0.00065095 0.00073365 0.0006987 0.00078795 0.0008558 0.00051695 0.00066105 0.0005048 0.00053785 0.0007766 0.00073315 0.00065605 0.0004977 0.00066005 0.00061015 0.0007003 0.0007917 0.00051695 0.0006868 0.0005546 0.0007392 0.00079175 0.0006571 0.0005786 0.00063825 0.000676 0.0007351 0.00072195 0.00069075 0.0005711 0.00067505 0.0005936 0.00068955 0.0006098 0.0007729 0.00065415 0.0004283 0.00063815 0.00064275 0.00058305 0.00059485 0.00061005 0.00071465 0.0006908 0.0006479 0.00055175 0.0006597 0.0006856 0.0006784 0.00077705 0.0007369 0.00061955 0.00075515 0.0005829 0.00049005 0.00064115 0.0006172 0.00058605 0.0006531 0.0005384 0.00061015 0.0006106 0.00069345 0.0007391 0.00069895 0.00061665 0.00059505 0.0006461 0.0007697 0.00067565 0.0006487 0.0006463
33 0.0007198 0.00064525 0.0004986 0.0006512 0.0005216 0.00057865 0.0006999 0.0005046 0.00065685 0.00064825 0.00062845 0.0004922 0.0006512 0.00064845 0.00062825 0.0006671 0.000384 0.0006353 0.00056215 0.0006507 0.00058565 0.00052745 0.0006251 0.00062015 0.0007325 0.00051185 0.0006405 0.0004838 0.0005253 0.0005696 0.00050775 0.00062405 0.00051695 0.0007679 0.0006855 0.0005046 0.00058825 0.0006506 0.0006256 0.0006131 0.0004922 0.00049585 0.0006408 0.0006023 0.00063115 0.000384 0.0006283 0.0004085 0.00064395 0.0006312 0.00067385 0.00061685 0.00064505 0.0006175 0.0006643 0.0006129 0.0004965 0.00065535 0.000622 0.00045985 0.00051525 0.00050755 0.00064355 0.0005766 0.00064975 0.00064495 0.00069945 0.00049385 0.00052715 0.0005078 0.0005718 0.0006323 0.00061615 0.000446 0.0004955 0.00071945 0.00062095 0.00065105 0.00066595 0.00066705 0.00062935 0.000494 0.00053055 0.0007122 0.0006299 0.0005508 0.0006565 0.0006402 0.0005079 0.00038895 0.00049915 0.00064385 0.0005077 0.00064445 0.00064425 0.00052045 0.0006324 0.0006517 0.00064605 0.00052035
34 0.000646 0.0005899 0.00062005 0.0006753 0.0005246 0.00049935 0.0006141 0.0006389 0.0007568 0.00076165 0.00064995 0.00053415 0.00065185 0.00061375 0.00070245 0.00068595 0.0008155 0.00055015 0.00074155 0.00062165 0.00063565 0.00056495 0.0005163 0.0006456 0.0006897 0.00079015 0.0005878 0.0007559 0.0006501 0.0005811 0.0006058 0.00053525 0.00066105 0.0006855 0.0008026 0.00077555 0.00064865 0.00062155 0.000641 0.0007027 0.0006708 0.00061335 0.0005881 0.0006832 0.0006691 0.00068545 0.0007025 0.00065745 0.0007129 0.00066915 0.0005947 0.00063235 0.00074765 0.0006966 0.000652 0.0006779 0.0004774 0.00067685 0.00072135 0.000718 0.0006504 0.0007423 0.00048805 0.0005509 0.00050625 0.00074755 0.0006373 0.0006397 0.0006949 0.0007425 0.00059375 0.0007039 0.0007098 0.00065425 0.000613 0.0006298 0.00078015 0.000622 0.00071175 0.0006859 0.0005883 0.0006332 0.00071515 0.00061635 0.00066175 0.00082235 0.0006548 0.00065515 0.0007426 0.0005495 0.00047185 0.0007128 0.0006124 0.00052365 0.0006996 0.0006495 0.0005375 0.0006563 0.00076615 0.00065605
35 0.0007973 0.00064875 0.00068505 0.00049 0.0007198 0.0007368 0.00076015 0.0004638 0.0007056 0.0006604 0.00067915 0.0006581 0.0005036 0.00064515 0.0005034 0.0007187 0.0002485 0.0007147 0.0005457 0.0007751 0.0006919 0.00077655 0.0006991 0.00065745 0.00077095 0.00046295 0.0007595 0.00052865 0.0006923 0.0007356 0.00071865 0.00076915 0.0005048 0.0005046 0.00077555 0.0004968 0.00053535 0.000775 0.0006585 0.0005777 0.00044285 0.00069835 0.0007598 0.0007836 0.000758 0.00050455 0.0005033 0.00049415 0.00073175 0.00075805 0.00076205 0.0004609 0.00049505 0.00050345 0.00075985 0.00063015 0.00071745 0.0005082 0.0006951 0.00058765 0.0006967 0.00050325 0.0007862 0.0007209 0.0007609 0.00049495 0.00070945 0.0005047 0.0005204 0.00050345 0.0007037 0.00052135 0.00048275 0.0004808 0.000698 0.0005982 0.0005915 0.00077545 0.00075335 0.00071865 0.0007344 0.00046395 0.00049 0.0007655 0.00070345 0.00048515 0.00071305 0.0004837 0.00050355 0.0007199 0.00074005 0.00073165 0.00075945 0.0007421 0.0006642 0.0006923 0.00080005 0.0005383 0.0006606 0.00073305
