 slim_337517408 slim_337517470 slim_337517486 slim_337517407 slim_337517506 slim_337517175 slim_337517376 slim_337516902 slim_337517413 slim_337517270 slim_337517424 slim_337517439 slim_337517231 slim_337517320 slim_337517468 slim_337517436 slim_337517462 slim_337517498 slim_337517264 slim_337517497 slim_337517262 slim_337517444 slim_337517412 slim_337517458 slim_337517469 slim_337517298 slim_337517399 slim_337517474 slim_337517381 slim_337517435 slim_337517508 slim_337517279 slim_337517446 slim_337517434 slim_337517494 slim_337517286 slim_337517452 slim_337517464 slim_337517337 slim_337517415 slim_337517456 slim_337517483 slim_337517425 slim_337517282 slim_337517503 slim_337517449 slim_337517481 slim_337517329 slim_337517299 slim_337517443 slim_337517382 slim_337517296 slim_337517394 slim_337517491 slim_337517504 slim_337517489 slim_337517391 slim_337517243 slim_337517104 slim_337517487 slim_337517388 slim_337517493 slim_337517484 slim_337517421 slim_337517495 slim_337517505 slim_337517403 slim_337517411 slim_337517500 slim_337517488 slim_337517480 slim_337517257 slim_337517471 slim_337517183 slim_337517272 slim_337517499 slim_337517338 slim_337517479 slim_337517466 slim_337517295 slim_337517431 slim_337517465 slim_337517397 slim_337517459 slim_337517017 slim_337517344 slim_337517441 slim_337517492 slim_337517359 slim_337517360 slim_337517367 slim_337517342 slim_337517249 slim_337517383 slim_337517461 slim_337517210 slim_337517305 slim_337517496 slim_337517454 slim_337517387
0 1.58e-05 1.1e-05 8.05e-06 1.1e-05 1.26e-05 1.13e-05 1.075e-05 1.185e-05 1.075e-05 1.08e-05 1.1e-05 1.06e-05 1.19e-05 9.55e-06 9.8e-06 1.105e-05 1.105e-05 9.7e-06 1.16e-05 1.215e-05 1.15e-05 8.75e-06 1.3e-05 1.19e-05 1.14e-05 1.16e-05 1.07e-05 8.95e-06 1.23e-05 1.06e-05 1.075e-05 8.75e-06 1.34e-05 8.7e-06 9.25e-06 1.245e-05 8.6e-06 1.16e-05 1.14e-05 1.08e-05 1.05e-05 1.03e-05 1.04e-05 9.8e-06 9.45e-06 9.85e-06 1.22e-05 1.18e-05 8.3e-06 1.13e-05 1.015e-05 7.9e-06 9.15e-06 1e-05 1.115e-05 1.395e-05 1.105e-05 1.2e-05 1.01e-05 1.175e-05 1.115e-05 1.08e-05 1.195e-05 1.39e-05 1.1e-05 1.08e-05 1.125e-05 8.85e-06 1.115e-05 1.09e-05 1.11e-05 1.35e-05 9.05e-06 1.005e-05 1.22e-05 9.2e-06 1.19e-05 1.145e-05 1.115e-05 1.08e-05 1.07e-05 8.6e-06 8.85e-06 1.05e-05 8.65e-06 1.035e-05 1.26e-05 1.135e-05 1.12e-05 1.29e-05 1.165e-05 1.225e-05 1.105e-05 1.055e-05 1.165e-05 1.3e-05 9.2e-06 1.15e-05 8.55e-06 1.215e-05
1 1.1e-05 5.6e-06 1.08e-05 4.05e-06 7.65e-06 8.45e-06 1.045e-05 1.295e-05 4.5e-06 1.05e-05 1.035e-05 5.1e-06 1.175e-05 4.8e-06 4.55e-06 3.35e-06 4.4e-06 9.2e-06 1.03e-05 1.15e-05 1.045e-05 7.5e-06 9.2e-06 8.75e-06 8.55e-06 1e-05 1.33e-05 8.1e-06 1.01e-05 5.15e-06 5.4e-06 6.3e-06 1.265e-05 1.16e-05 7.35e-06 1.025e-05 6.8e-06 1.055e-05 1.1e-05 7e-06 7.55e-06 6.8e-06 3.6e-06 7.35e-06 6.45e-06 9e-06 1.09e-05 1.045e-05 6e-06 5.1e-06 8.4e-06 6.75e-06 6.65e-06 5.7e-06 4.4e-06 1.445e-05 1.01e-05 1.135e-05 6.65e-06 1.155e-05 1.015e-05 5.6e-06 1.155e-05 1.44e-05 1.485e-05 1.05e-05 1.025e-05 9e-06 1.085e-05 1.055e-05 4.25e-06 1.4e-05 7.4e-06 6.05e-06 1e-05 5.55e-06 3.8e-06 1.02e-05 9.95e-06 5.75e-06 5.25e-06 6.75e-06 6.7e-06 6.45e-06 6.15e-06 4.65e-06 7.25e-06 1.025e-05 5.4e-06 9.2e-06 9.05e-06 9.4e-06 1.005e-05 5.1e-06 1.3e-05 9.55e-06 8.55e-06 1.285e-05 1.03e-05 9.95e-06
2 8.05e-06 1.08e-05 1.54e-05 1.08e-05 1.24e-05 1.11e-05 1.055e-05 1.165e-05 1.055e-05 1.06e-05 1.08e-05 1.04e-05 1.2e-05 9.35e-06 9.6e-06 1.085e-05 1.085e-05 9.5e-06 1.14e-05 1.195e-05 1.13e-05 8.85e-06 1.28e-05 1.17e-05 1.12e-05 1.14e-05 1.08e-05 9.05e-06 1.21e-05 1.04e-05 1.055e-05 8.55e-06 1.32e-05 9.1e-06 9.35e-06 1.225e-05 8.45e-06 1.14e-05 1.12e-05 1.09e-05 1.03e-05 1.01e-05 1.02e-05 9.9e-06 9.25e-06 9.95e-06 1.2e-05 1.16e-05 8.1e-06 1.11e-05 9.95e-06 7.7e-06 8.95e-06 9.8e-06 1.095e-05 1.375e-05 1.115e-05 1.18e-05 9.9e-06 1.185e-05 1.095e-05 1.06e-05 1.205e-05 1.37e-05 1.11e-05 1.06e-05 1.105e-05 8.65e-06 1.095e-05 1.07e-05 1.09e-05 1.33e-05 9.15e-06 9.85e-06 1.2e-05 9e-06 1.17e-05 1.125e-05 1.095e-05 1.06e-05 1.05e-05 8.4e-06 8.65e-06 1.03e-05 8.45e-06 1.015e-05 1.24e-05 1.115e-05 1.1e-05 1.27e-05 1.145e-05 1.205e-05 1.085e-05 1.035e-05 1.145e-05 1.28e-05 9e-06 1.13e-05 8.35e-06 1.195e-05
3 1.1e-05 4.05e-06 1.08e-05 6.7e-06 7.6e-06 8.8e-06 1.045e-05 1.33e-05 5.55e-06 1.05e-05 1.035e-05 5.1e-06 1.215e-05 5.3e-06 5.25e-06 4.05e-06 4.7e-06 9.6e-06 1.05e-05 1.19e-05 1.045e-05 7.55e-06 9.55e-06 9.45e-06 8.9e-06 1.035e-05 1.365e-05 8.15e-06 1.025e-05 5e-06 5.35e-06 6.3e-06 1.3e-05 1.2e-05 7.25e-06 1.04e-05 6.45e-06 1.055e-05 1.1e-05 7e-06 7.9e-06 7.1e-06 4.65e-06 7.7e-06 6.25e-06 9.6e-06 1.085e-05 1.08e-05 5.85e-06 5e-06 9.15e-06 6.4e-06 6.15e-06 6.3e-06 4.8e-06 1.48e-05 1.03e-05 1.175e-05 7e-06 1.195e-05 1.015e-05 6.6e-06 1.195e-05 1.475e-05 1.52e-05 1.05e-05 1.005e-05 9.05e-06 1.085e-05 1.055e-05 3.6e-06 1.435e-05 7.45e-06 6.05e-06 1.015e-05 5.85e-06 4.05e-06 1.045e-05 1.02e-05 6.45e-06 5.6e-06 6.4e-06 6.2e-06 6.6e-06 6.05e-06 5.15e-06 7.75e-06 1.04e-05 5.45e-06 9.15e-06 9.4e-06 1.01e-05 1.005e-05 4.95e-06 1.34e-05 9.5e-06 8.95e-06 1.325e-05 1.035e-05 1.01e-05
4 1.26e-05 7.65e-06 1.24e-05 7.6e-06 1.16e-05 7.45e-06 9.75e-06 1.25e-05 9.35e-06 9.8e-06 9.65e-06 8.15e-06 1.11e-05 8.8e-06 8.75e-06 7.65e-06 8.3e-06 1.24e-05 9.85e-06 1.15e-05 9.8e-06 1.04e-05 8.8e-06 9.2e-06 7.45e-06 9.55e-06 1.085e-05 1.09e-05 1.01e-05 7.5e-06 8.3e-06 9.35e-06 7.85e-06 1.33e-05 1.035e-05 1.05e-05 9.65e-06 9.9e-06 1.035e-05 9.35e-06 1.045e-05 1.02e-05 8.7e-06 1.075e-05 9.95e-06 1.11e-05 1.045e-05 9.95e-06 8.9e-06 8.3e-06 1.215e-05 9.55e-06 9.6e-06 9.55e-06 8.4e-06 1.05e-05 1.06e-05 1.135e-05 9.85e-06 1.09e-05 9.5e-06 9.65e-06 1.1e-05 1.045e-05 1.32e-05 9.8e-06 9.7e-06 1.195e-05 1.04e-05 1.01e-05 7.65e-06 9.8e-06 1.04e-05 9.8e-06 1.025e-05 9.3e-06 6.7e-06 9.55e-06 9.4e-06 9.65e-06 8.4e-06 9.6e-06 9.7e-06 1.03e-05 8.95e-06 9.3e-06 6.4e-06 9.6e-06 8e-06 8e-06 8.1e-06 9.85e-06 9.65e-06 7.45e-06 1.235e-05 8.3e-06 1.18e-05 1.245e-05 1.325e-05 9.95e-06
5 1.13e-05 8.45e-06 1.11e-05 8.8e-06 7.45e-06 1.03e-05 8.25e-06 1.125e-05 8e-06 8.3e-06 8.15e-06 8.45e-06 9.95e-06 7.15e-06 6.35e-06 8.5e-06 8.85e-06 1.03e-05 8.35e-06 1.025e-05 8.3e-06 8.5e-06 9.8e-06 8.3e-06 5.35e-06 7.3e-06 1.025e-05 8.95e-06 9e-06 8.25e-06 8.6e-06 6.35e-06 7.2e-06 1.235e-05 8.45e-06 9.3e-06 7.4e-06 8.4e-06 8.85e-06 1.04e-05 1.075e-05 7.95e-06 7.65e-06 9.2e-06 8.1e-06 1.23e-05 9.2e-06 7.7e-06 6.65e-06 9.1e-06 1.02e-05 7.3e-06 7.35e-06 7.6e-06 8.95e-06 9.65e-06 8.65e-06 1.01e-05 7.6e-06 9.75e-06 8e-06 1e-05 9.85e-06 9.6e-06 1.255e-05 8.3e-06 8.1e-06 9.4e-06 8.8e-06 8.5e-06 8.9e-06 9.05e-06 8.2e-06 7.95e-06 9.05e-06 7.5e-06 9.55e-06 8.05e-06 7.9e-06 1e-05 8.75e-06 7.35e-06 7.15e-06 8.6e-06 6.7e-06 7.95e-06 7.35e-06 8.1e-06 8.75e-06 9.5e-06 6.85e-06 8.95e-06 8.05e-06 8.2e-06 1.085e-05 9.8e-06 9.5e-06 1.085e-05 1.095e-05 8.85e-06
6 1.075e-05 1.045e-05 1.055e-05 1.045e-05 9.75e-06 8.25e-06 1.39e-05 1.02e-05 1e-05 7.1e-06 7.4e-06 1e-05 1.005e-05 8.7e-06 9.05e-06 1.05e-05 1.05e-05 1.055e-05 8.1e-06 9.15e-06 7.85e-06 9.25e-06 1e-05 8.25e-06 8.35e-06 8e-06 1.13e-05 9.45e-06 8.7e-06 9.95e-06 1.015e-05 7.9e-06 7.5e-06 1.295e-05 1e-05 9e-06 7.75e-06 7.95e-06 7.85e-06 1.155e-05 1.14e-05 9.6e-06 9.65e-06 1.035e-05 8.6e-06 1.295e-05 9.05e-06 8.6e-06 7.45e-06 1.075e-05 1.085e-05 6.95e-06 8.5e-06 9.15e-06 1.06e-05 7.65e-06 9.8e-06 9e-06 9.2e-06 9.9e-06 7.45e-06 1.12e-05 9.95e-06 7.6e-06 1.12e-05 7.1e-06 7.75e-06 9.55e-06 7.6e-06 7.35e-06 1.055e-05 6.95e-06 9.65e-06 9.4e-06 8.75e-06 8.35e-06 1.155e-05 7.7e-06 7.45e-06 1.12e-05 1.02e-05 7.7e-06 8.25e-06 9.9e-06 7.75e-06 9.6e-06 9.75e-06 7.65e-06 1.045e-05 9.5e-06 8.75e-06 9.05e-06 7.5e-06 9.9e-06 9.5e-06 1e-05 9.7e-06 9.5e-06 1.03e-05 8.5e-06
7 1.185e-05 1.295e-05 1.165e-05 1.33e-05 1.25e-05 1.125e-05 1.02e-05 1.27e-05 1.255e-05 1.025e-05 1.01e-05 1.32e-05 1.08e-05 1.205e-05 1.17e-05 1.295e-05 1.35e-05 9.05e-06 9.85e-06 8.35e-06 1.02e-05 1.345e-05 1.07e-05 9.7e-06 1.135e-05 9.65e-06 1.1e-05 1.22e-05 1.055e-05 1.315e-05 1.335e-05 1.225e-05 9.25e-06 1.235e-05 1.315e-05 1.09e-05 1.285e-05 1.03e-05 1.07e-05 1.305e-05 1.025e-05 1.25e-05 1.205e-05 1.195e-05 1.32e-05 1.235e-05 9.7e-06 9.5e-06 1.21e-05 1.375e-05 9.85e-06 1.28e-05 1.255e-05 1.265e-05 1.36e-05 8.1e-06 1.19e-05 8.2e-06 1.255e-05 1.06e-05 9.9e-06 1.21e-05 1.105e-05 8.05e-06 9.6e-06 1.025e-05 1.02e-05 9.65e-06 1.08e-05 1.05e-05 1.32e-05 7.45e-06 1.335e-05 1.26e-05 1.065e-05 1.245e-05 1.365e-05 9.95e-06 9.8e-06 1.21e-05 1.255e-05 1.28e-05 1.26e-05 1.24e-05 1.22e-05 1.255e-05 1.255e-05 1e-05 1.33e-05 1.09e-05 1.115e-05 9.5e-06 1e-05 1.31e-05 7.35e-06 1.065e-05 1.015e-05 7.55e-06 8.35e-06 1.04e-05
8 1.075e-05 4.5e-06 1.055e-05 5.55e-06 9.35e-06 8e-06 1e-05 1.255e-05 3.1e-06 1.005e-05 9.9e-06 6.25e-06 1.16e-05 3.25e-06 3e-06 4.35e-06 5e-06 7.9e-06 9.85e-06 1.12e-05 1e-05 6.55e-06 1.13e-05 8e-06 8.1e-06 9.55e-06 1.385e-05 7.15e-06 8.95e-06 6.05e-06 6.4e-06 5.05e-06 1.3e-05 1.165e-05 6.4e-06 9e-06 5.55e-06 1.01e-05 1.05e-05 8.2e-06 8.55e-06 5.45e-06 1.75e-06 6.35e-06 4.5e-06 1.145e-05 1.05e-05 1e-05 4.75e-06 5.05e-06 5.75e-06 5.5e-06 5.4e-06 3.1e-06 5.1e-06 1.47e-05 9.15e-06 1.105e-05 5.3e-06 1.14e-05 9.7e-06 6.7e-06 1.14e-05 1.465e-05 1.53e-05 1.005e-05 9.7e-06 7.75e-06 1.03e-05 1e-05 5.6e-06 1.435e-05 6.45e-06 4.1e-06 8.75e-06 3.55e-06 7.05e-06 9.75e-06 9.55e-06 6.7e-06 6.2e-06 5.5e-06 5.45e-06 4.45e-06 4.9e-06 2.35e-06 9.4e-06 9.8e-06 6.25e-06 1.09e-05 8.55e-06 8.65e-06 9.5e-06 6e-06 1.255e-05 1.125e-05 7.25e-06 1.23e-05 9.05e-06 8.8e-06
9 1.08e-05 1.05e-05 1.06e-05 1.05e-05 9.8e-06 8.3e-06 7.1e-06 1.025e-05 1.005e-05 1.4e-05 7.45e-06 1.005e-05 1.01e-05 8.75e-06 9.1e-06 1.055e-05 1.055e-05 1.06e-05 8.1e-06 9.2e-06 7.75e-06 9.3e-06 1.005e-05 8.35e-06 8.4e-06 8e-06 1.135e-05 9.5e-06 8.7e-06 1e-05 1.02e-05 7.95e-06 7.5e-06 1.3e-05 1.005e-05 9.05e-06 7.8e-06 7.85e-06 7.9e-06 1.16e-05 1.145e-05 9.65e-06 9.7e-06 1.04e-05 8.65e-06 1.3e-05 9.1e-06 8.65e-06 7.5e-06 1.08e-05 1.09e-05 7e-06 8.55e-06 9.2e-06 1.065e-05 7.55e-06 9.85e-06 9.05e-06 9.25e-06 9.95e-06 7.35e-06 1.125e-05 1e-05 7.5e-06 1.125e-05 7e-06 7.8e-06 9.6e-06 7.65e-06 7.4e-06 1.06e-05 7.1e-06 9.7e-06 9.45e-06 8.8e-06 8.4e-06 1.16e-05 7.8e-06 7.45e-06 1.125e-05 1.025e-05 7.75e-06 8.3e-06 9.95e-06 7.8e-06 9.65e-06 9.8e-06 7.7e-06 1.05e-05 9.5e-06 8.8e-06 9.1e-06 7.55e-06 9.95e-06 9.5e-06 1.005e-05 9.75e-06 9.55e-06 1.035e-05 8.6e-06
10 1.1e-05 1.035e-05 1.08e-05 1.035e-05 9.65e-06 8.15e-06 7.4e-06 1.01e-05 9.9e-06 7.45e-06 1.41e-05 9.95e-06 1.01e-05 8.7e-06 8.95e-06 1.04e-05 1.04e-05 1.055e-05 8.1e-06 9.15e-06 7.9e-06 9.5e-06 1e-05 8.3e-06 8.25e-06 8e-06 1.12e-05 9.45e-06 8.7e-06 9.95e-06 1.01e-05 8.1e-06 7.5e-06 1.285e-05 9.9e-06 9e-06 8.05e-06 8e-06 8.05e-06 1.155e-05 1.13e-05 9.5e-06 9.55e-06 1.035e-05 8.85e-06 1.285e-05 9e-06 8.6e-06 7.35e-06 1.065e-05 1.075e-05 7.5e-06 8.45e-06 9.2e-06 1.05e-05 7.75e-06 9.8e-06 9e-06 9.2e-06 9.9e-06 7.55e-06 1.12e-05 9.7e-06 7.7e-06 1.12e-05 7.45e-06 7.75e-06 9.45e-06 7.95e-06 7.65e-06 1.045e-05 7.15e-06 9.55e-06 9.3e-06 8.75e-06 8.55e-06 1.145e-05 7.85e-06 7.6e-06 1.12e-05 1.03e-05 8e-06 8.15e-06 9.9e-06 7.75e-06 9.5e-06 9.65e-06 7.6e-06 1.05e-05 9.5e-06 8.75e-06 9.1e-06 7.6e-06 9.9e-06 9.5e-06 1e-05 9.75e-06 9.5e-06 1.02e-05 8.55e-06
11 1.06e-05 5.1e-06 1.04e-05 5.1e-06 8.15e-06 8.45e-06 1e-05 1.32e-05 6.25e-06 1.005e-05 9.95e-06 8.6e-06 1.195e-05 5.4e-06 5.65e-06 5.15e-06 5.45e-06 9.55e-06 1.03e-05 1.185e-05 9.3e-06 7.15e-06 1.005e-05 9.8e-06 8.55e-06 1.015e-05 1.33e-05 7.7e-06 1.045e-05 5.45e-06 4.65e-06 5.9e-06 1.26e-05 1.185e-05 7.05e-06 1.06e-05 5.1e-06 9.4e-06 1.06e-05 7.7e-06 8.15e-06 6.95e-06 5.6e-06 7.85e-06 6.25e-06 1.005e-05 9.8e-06 1.06e-05 5.15e-06 5.95e-06 9.3e-06 5.75e-06 5e-06 6.1e-06 5.55e-06 1.455e-05 9.9e-06 1.17e-05 6.55e-06 1.175e-05 9.6e-06 7.15e-06 1.18e-05 1.45e-05 1.5e-05 1.005e-05 9.8e-06 8.7e-06 1.04e-05 1.01e-05 4.9e-06 1.41e-05 7.1e-06 6.3e-06 1.035e-05 5.85e-06 4.7e-06 9.95e-06 9.65e-06 7.15e-06 6e-06 5.05e-06 5.8e-06 6.95e-06 5.35e-06 5.85e-06 8e-06 9.9e-06 6.15e-06 9.85e-06 9.15e-06 1.045e-05 9.5e-06 5.4e-06 1.32e-05 1.02e-05 8.45e-06 1.305e-05 1e-05 1.03e-05
12 1.19e-05 1.175e-05 1.2e-05 1.215e-05 1.11e-05 9.95e-06 1.005e-05 1.08e-05 1.16e-05 1.01e-05 1.01e-05 1.195e-05 1.69e-05 1.09e-05 1.07e-05 1.18e-05 1.22e-05 1.125e-05 9.65e-06 1.08e-05 1.015e-05 1e-05 1.05e-05 9.95e-06 1.005e-05 9.7e-06 1.115e-05 9.75e-06 1.065e-05 1.17e-05 1.21e-05 1.09e-05 9.2e-06 1.055e-05 9.75e-06 1.105e-05 1.135e-05 1.025e-05 1.06e-05 1.06e-05 1.22e-05 1.095e-05 1.125e-05 9.75e-06 1.185e-05 1.245e-05 1.08e-05 9.45e-06 1.07e-05 1.25e-05 1.195e-05 1.125e-05 1.11e-05 1.135e-05 1.23e-05 9.45e-06 9.6e-06 1.065e-05 1.11e-05 8.5e-06 9.8e-06 1.225e-05 9.05e-06 9.4e-06 1.115e-05 1.01e-05 1.02e-05 1.165e-05 1.07e-05 1.045e-05 1.225e-05 8.75e-06 1.005e-05 1.12e-05 1.08e-05 1.13e-05 1.255e-05 9.85e-06 9.7e-06 1.225e-05 1.12e-05 1.13e-05 1.12e-05 1.14e-05 1.075e-05 1.16e-05 1.11e-05 9.9e-06 1.16e-05 1.085e-05 1e-05 1.005e-05 9.95e-06 1.165e-05 1.065e-05 1.05e-05 1.14e-05 1.075e-05 1.195e-05 1.05e-05
13 9.55e-06 4.8e-06 9.35e-06 5.3e-06 8.8e-06 7.15e-06 8.7e-06 1.205e-05 3.25e-06 8.75e-06 8.7e-06 5.4e-06 1.09e-05 4.4e-06 3e-06 4.65e-06 5.5e-06 7.4e-06 8.95e-06 1.065e-05 8.75e-06 5.4e-06 1.085e-05 7.9e-06 7.25e-06 8.8e-06 1.3e-05 5.95e-06 9.15e-06 4.9e-06 5.55e-06 3.85e-06 1.205e-05 1.105e-05 5.4e-06 9.2e-06 3.85e-06 8.85e-06 9.35e-06 7.8e-06 8.25e-06 4.75e-06 2.4e-06 6e-06 4.25e-06 1.11e-05 9.45e-06 9.25e-06 3.2e-06 5.55e-06 6.85e-06 3.75e-06 3.85e-06 3.7e-06 5.6e-06 1.385e-05 8.15e-06 1.05e-05 3.95e-06 1.07e-05 8.4e-06 6.75e-06 1.08e-05 1.38e-05 1.455e-05 8.75e-06 8.5e-06 6.7e-06 9e-06 8.7e-06 5.35e-06 1.35e-05 5.4e-06 4.25e-06 8.95e-06 3.4e-06 7e-06 8.2e-06 8.35e-06 6.75e-06 5.85e-06 3.8e-06 3.95e-06 4.85e-06 2.95e-06 3.2e-06 8.85e-06 8e-06 5.85e-06 1.045e-05 7.8e-06 8.55e-06 8.2e-06 4.85e-06 1.185e-05 1.08e-05 6.25e-06 1.16e-05 8e-06 9e-06
14 9.8e-06 4.55e-06 9.6e-06 5.25e-06 8.75e-06 6.35e-06 9.05e-06 1.17e-05 3e-06 9.1e-06 8.95e-06 5.65e-06 1.07e-05 3e-06 3.9e-06 4.4e-06 5.45e-06 7.2e-06 8.9e-06 1.04e-05 9.05e-06 5.7e-06 1.065e-05 7.7e-06 6.45e-06 7.85e-06 1.29e-05 6.25e-06 9.1e-06 5.45e-06 5.8e-06 3.4e-06 1.205e-05 1.075e-05 5.55e-06 9.15e-06 4.65e-06 9.15e-06 9.6e-06 7.6e-06 7.95e-06 4.65e-06 2.15e-06 5.8e-06 4.7e-06 1.08e-05 9.65e-06 8.3e-06 3.85e-06 5.5e-06 6.55e-06 4.6e-06 4.5e-06 3.9e-06 5.55e-06 1.37e-05 8.25e-06 1.025e-05 4.5e-06 1.05e-05 8.75e-06 6.55e-06 1.05e-05 1.365e-05 1.43e-05 9.1e-06 8.75e-06 6.55e-06 9.35e-06 9.05e-06 5.3e-06 1.335e-05 5.3e-06 4.3e-06 8.9e-06 3.7e-06 6.75e-06 8.8e-06 8.6e-06 6.55e-06 5.8e-06 4.6e-06 4.25e-06 4.85e-06 4e-06 3.15e-06 8.8e-06 8.85e-06 5.7e-06 1.025e-05 7.85e-06 8.35e-06 8.55e-06 5.4e-06 1.16e-05 1.06e-05 6.4e-06 1.135e-05 8.1e-06 8.95e-06
15 1.105e-05 3.35e-06 1.085e-05 4.05e-06 7.65e-06 8.5e-06 1.05e-05 1.295e-05 4.35e-06 1.055e-05 1.04e-05 5.15e-06 1.18e-05 4.65e-06 4.4e-06 6.1e-06 4.6e-06 9.25e-06 1.035e-05 1.155e-05 1.05e-05 7.55e-06 9.25e-06 8.6e-06 8.6e-06 1.005e-05 1.335e-05 8.15e-06 1.015e-05 5.15e-06 5.4e-06 6.35e-06 1.27e-05 1.165e-05 7.4e-06 1.03e-05 6.85e-06 1.06e-05 1.105e-05 7e-06 7.55e-06 6.85e-06 3.25e-06 7.35e-06 6.5e-06 9.3e-06 1.09e-05 1.05e-05 6.05e-06 5.05e-06 8.45e-06 6.8e-06 6.7e-06 5.8e-06 4.7e-06 1.45e-05 1.015e-05 1.14e-05 6.7e-06 1.16e-05 1.02e-05 5.9e-06 1.16e-05 1.445e-05 1.49e-05 1.055e-05 1.03e-05 9.05e-06 1.09e-05 1.06e-05 4.25e-06 1.405e-05 7.45e-06 6.1e-06 1.005e-05 5.5e-06 3.75e-06 1.025e-05 1.005e-05 5.8e-06 5.3e-06 6.8e-06 6.75e-06 6.5e-06 6.2e-06 4.5e-06 7.45e-06 1.03e-05 5.4e-06 9.2e-06 9.1e-06 9.25e-06 1.01e-05 5.1e-06 1.305e-05 9.55e-06 8.65e-06 1.29e-05 1.035e-05 1e-05
16 1.105e-05 4.4e-06 1.085e-05 4.7e-06 8.3e-06 8.85e-06 1.05e-05 1.35e-05 5e-06 1.055e-05 1.04e-05 5.45e-06 1.22e-05 5.5e-06 5.45e-06 4.6e-06 7.8e-06 9.65e-06 1.055e-05 1.215e-05 1.05e-05 7.6e-06 9.95e-06 9.65e-06 8.95e-06 1.04e-05 1.37e-05 8.2e-06 9.55e-06 5.7e-06 5.7e-06 6.35e-06 1.305e-05 1.205e-05 7.45e-06 9.7e-06 6.5e-06 1.06e-05 1.1e-05 7.7e-06 8.25e-06 7.1e-06 5e-06 7.85e-06 5.55e-06 9.85e-06 1.105e-05 1.085e-05 5.9e-06 4.55e-06 8.45e-06 6.45e-06 6.35e-06 5.6e-06 4e-06 1.485e-05 1.03e-05 1.2e-05 7e-06 1.2e-05 1.015e-05 6.7e-06 1.2e-05 1.48e-05 1.525e-05 1.055e-05 1.03e-05 9.1e-06 1.09e-05 1.06e-05 4.85e-06 1.44e-05 7.5e-06 5.35e-06 9.45e-06 5.8e-06 4.7e-06 1.05e-05 1.025e-05 6.75e-06 5.85e-06 6.45e-06 6.4e-06 5.9e-06 6.1e-06 4.35e-06 8e-06 1.045e-05 6.15e-06 9.85e-06 9.45e-06 1.03e-05 1.005e-05 5.65e-06 1.345e-05 1.02e-05 9e-06 1.33e-05 1.04e-05 9.4e-06
17 9.7e-06 9.2e-06 9.5e-06 9.6e-06 1.24e-05 1.03e-05 1.055e-05 9.05e-06 7.9e-06 1.06e-05 1.055e-05 9.55e-06 1.125e-05 7.4e-06 7.2e-06 9.25e-06 9.65e-06 9e-06 1.03e-05 1.035e-05 1.06e-05 8.9e-06 1.18e-05 1.025e-05 1.04e-05 1.015e-05 1.26e-05 7.9e-06 1.1e-05 9.3e-06 9.7e-06 7.55e-06 1.335e-05 1.05e-05 8.7e-06 1.11e-05 8.05e-06 1.07e-05 1.115e-05 9.7e-06 8.05e-06 7.85e-06 7.6e-06 7.1e-06 8.45e-06 1.115e-05 1.095e-05 9.8e-06 7.35e-06 9.9e-06 6.45e-06 7.95e-06 7.85e-06 7.8e-06 9.75e-06 1.34e-05 9.7e-06 1.02e-05 7.8e-06 1.105e-05 1.025e-05 8.5e-06 1.18e-05 1.335e-05 1.24e-05 1.06e-05 1.035e-05 6.35e-06 1.09e-05 1.06e-05 9.7e-06 1.3e-05 8.9e-06 7.95e-06 1.085e-05 7.75e-06 1.11e-05 1.03e-05 1.015e-05 8.5e-06 7.5e-06 8e-06 7.95e-06 6.6e-06 7.4e-06 7.95e-06 1.24e-05 1.035e-05 9.35e-06 1.225e-05 9.05e-06 1.015e-05 1.01e-05 9.25e-06 9.2e-06 1.18e-05 6.65e-06 9.15e-06 5.4e-06 1.085e-05
18 1.16e-05 1.03e-05 1.14e-05 1.05e-05 9.85e-06 8.35e-06 8.1e-06 9.85e-06 9.85e-06 8.1e-06 8.1e-06 1.03e-05 9.65e-06 8.95e-06 8.9e-06 1.035e-05 1.055e-05 1.03e-05 1.38e-05 9e-06 8.15e-06 9.85e-06 9.95e-06 8.2e-06 8.45e-06 7.75e-06 1.125e-05 9.95e-06 8.6e-06 1.02e-05 1.045e-05 8.85e-06 7.6e-06 1.225e-05 9.7e-06 9.05e-06 9.2e-06 8.25e-06 8.7e-06 1.135e-05 1.105e-05 8.25e-06 9.5e-06 1.015e-05 9.75e-06 1.265e-05 9.35e-06 8.55e-06 8.65e-06 1.08e-05 1.05e-05 9.05e-06 9.05e-06 9.55e-06 1.065e-05 7.55e-06 9.9e-06 8.85e-06 9.2e-06 9.45e-06 7.8e-06 1.105e-05 9.2e-06 7.5e-06 1.095e-05 8.1e-06 8.15e-06 9.95e-06 8.65e-06 8.35e-06 1.06e-05 7e-06 9.85e-06 8.45e-06 8.8e-06 9.3e-06 1.14e-05 8.05e-06 7.75e-06 1.105e-05 1.025e-05 9.15e-06 9.1e-06 1e-05 8.7e-06 9.65e-06 9.85e-06 7.95e-06 1.025e-05 9.25e-06 8.95e-06 9.05e-06 7.9e-06 1.015e-05 9.05e-06 9.95e-06 9.75e-06 9.2e-06 1.05e-05 8.6e-06
19 1.215e-05 1.15e-05 1.195e-05 1.19e-05 1.15e-05 1.025e-05 9.15e-06 8.35e-06 1.12e-05 9.2e-06 9.15e-06 1.185e-05 1.08e-05 1.065e-05 1.04e-05 1.155e-05 1.215e-05 1.035e-05 9e-06 1.25e-05 9.2e-06 1.235e-05 1.04e-05 8.65e-06 1.035e-05 8.7e-06 1.16e-05 1.18e-05 9.6e-06 1.185e-05 1.205e-05 1.095e-05 8.5e-06 1.295e-05 1.23e-05 9.6e-06 1.15e-05 9.3e-06 9.8e-06 1.27e-05 1.06e-05 1.135e-05 1.065e-05 1.155e-05 1.19e-05 1.265e-05 9.9e-06 9.3e-06 1.08e-05 1.245e-05 1.035e-05 1.14e-05 1.145e-05 1.13e-05 1.225e-05 7.05e-06 1.15e-05 6.25e-06 1.12e-05 1.06e-05 8.85e-06 1.215e-05 1.055e-05 7e-06 9.75e-06 9.2e-06 8.7e-06 1.02e-05 9.4e-06 9.1e-06 1.18e-05 6.75e-06 1.235e-05 1.15e-05 9.35e-06 1.11e-05 1.235e-05 8.9e-06 8.75e-06 1.215e-05 1.195e-05 1.145e-05 1.155e-05 1.195e-05 1.085e-05 1.12e-05 1.145e-05 8.95e-06 1.19e-05 9.95e-06 1.09e-05 9.45e-06 8.45e-06 1.18e-05 8.15e-06 1.045e-05 1.035e-05 7.85e-06 1.05e-05 9.45e-06
20 1.15e-05 1.045e-05 1.13e-05 1.045e-05 9.8e-06 8.3e-06 7.85e-06 1.02e-05 1e-05 7.75e-06 7.9e-06 9.3e-06 1.015e-05 8.75e-06 9.05e-06 1.05e-05 1.05e-05 1.06e-05 8.15e-06 9.2e-06 1.41e-05 1e-05 1.005e-05 8.35e-06 8.4e-06 8e-06 1.135e-05 9.8e-06 8.7e-06 9.95e-06 9.45e-06 8.6e-06 7.55e-06 1.295e-05 1e-05 9.05e-06 7.8e-06 7.15e-06 8.55e-06 1.16e-05 1.14e-05 9.65e-06 9.65e-06 1.04e-05 9.35e-06 1.295e-05 8.35e-06 8.65e-06 7.9e-06 1.075e-05 1.085e-05 8.4e-06 7.8e-06 9.15e-06 1.06e-05 7.6e-06 9.9e-06 9.05e-06 9.2e-06 9.95e-06 7.3e-06 1.125e-05 9.95e-06 7.55e-06 1.125e-05 7.75e-06 7.85e-06 9.95e-06 8.4e-06 8.1e-06 1.055e-05 7.15e-06 1.005e-05 9.45e-06 8.8e-06 9.05e-06 1.155e-05 7.8e-06 7.45e-06 1.125e-05 1.03e-05 7.75e-06 8.65e-06 9.95e-06 8.05e-06 9.6e-06 9.8e-06 7.75e-06 1.055e-05 9.5e-06 8.85e-06 9.15e-06 7.5e-06 9.9e-06 9.5e-06 1.005e-05 9.7e-06 9.55e-06 1.065e-05 8.6e-06
21 8.75e-06 7.5e-06 8.85e-06 7.55e-06 1.04e-05 8.5e-06 9.25e-06 1.345e-05 6.55e-06 9.3e-06 9.5e-06 7.15e-06 1e-05 5.4e-06 5.7e-06 7.55e-06 7.6e-06 8.9e-06 9.85e-06 1.235e-05 1e-05 7.6e-06 1.245e-05 1.035e-05 8.6e-06 1.015e-05 1.275e-05 5.35e-06 1.08e-05 7.15e-06 7.3e-06 4.7e-06 1.315e-05 8.8e-06 4.35e-06 1.095e-05 4.55e-06 1.01e-05 9.8e-06 7.85e-06 9.85e-06 5.7e-06 6.2e-06 6.2e-06 5.25e-06 1.13e-05 1.1e-05 1.065e-05 4.2e-06 7.85e-06 8.8e-06 3.8e-06 4.95e-06 5.85e-06 7.7e-06 1.505e-05 7.8e-06 1.22e-05 5.75e-06 9.85e-06 9.65e-06 8.95e-06 9.65e-06 1.5e-05 1.44e-05 9.3e-06 9.75e-06 7.55e-06 9.65e-06 9.4e-06 7.65e-06 1.46e-05 4.25e-06 5.7e-06 1.07e-05 5.05e-06 9.1e-06 9.95e-06 9.65e-06 8.95e-06 7.75e-06 4.5e-06 4.65e-06 6.9e-06 4.55e-06 6.2e-06 1.04e-05 9.85e-06 7.5e-06 1.205e-05 9.3e-06 1.1e-05 9.55e-06 7.1e-06 1.295e-05 1.245e-05 7.65e-06 1.28e-05 8.75e-06 1.065e-05
22 1.3e-05 9.2e-06 1.28e-05 9.55e-06 8.8e-06 9.8e-06 1e-05 1.07e-05 1.13e-05 1.005e-05 1e-05 1.005e-05 1.05e-05 1.085e-05 1.065e-05 9.25e-06 9.95e-06 1.18e-05 9.95e-06 1.04e-05 1.005e-05 1.245e-05 1.54e-05 9.35e-06 9.9e-06 9.6e-06 1.16e-05 1.17e-05 1.02e-05 1e-05 1.03e-05 1.135e-05 8.5e-06 1.355e-05 1.24e-05 1.06e-05 1.185e-05 1.015e-05 1.065e-05 1.04e-05 1.065e-05 1.21e-05 1.07e-05 1.135e-05 1.2e-05 1.11e-05 1.045e-05 9.3e-06 1.115e-05 1.06e-05 1.24e-05 1.175e-05 1.18e-05 1.155e-05 1.005e-05 8.8e-06 1.155e-05 1.025e-05 1.185e-05 1.025e-05 9.7e-06 1.03e-05 1.115e-05 8.75e-06 1.165e-05 1.005e-05 1.01e-05 1.235e-05 1.065e-05 1.035e-05 9.8e-06 8.1e-06 1.245e-05 1.17e-05 1.035e-05 1.14e-05 8.5e-06 9.75e-06 9.6e-06 1.02e-05 9.3e-06 1.18e-05 1.19e-05 1.135e-05 1.12e-05 1.125e-05 8.55e-06 9.8e-06 1.025e-05 8.6e-06 9.7e-06 9.5e-06 9.85e-06 9.95e-06 1.08e-05 8.2e-06 1.215e-05 1.09e-05 1.28e-05 1.005e-05
23 1.19e-05 8.75e-06 1.17e-05 9.45e-06 9.2e-06 8.3e-06 8.25e-06 9.7e-06 8e-06 8.35e-06 8.3e-06 9.8e-06 9.95e-06 7.9e-06 7.7e-06 8.6e-06 9.65e-06 1.025e-05 8.2e-06 8.65e-06 8.35e-06 1.035e-05 9.35e-06 1.39e-05 8.4e-06 7.9e-06 1.135e-05 1.02e-05 8.4e-06 9.55e-06 9.95e-06 9e-06 7.65e-06 1.27e-05 1.03e-05 8.7e-06 9.5e-06 8.45e-06 8.95e-06 1.08e-05 1.055e-05 9.5e-06 7.1e-06 9.8e-06 9.55e-06 1.22e-05 9.2e-06 8.5e-06 8.75e-06 9.75e-06 9.95e-06 9.4e-06 9.45e-06 8.8e-06 9.75e-06 7.65e-06 1.01e-05 8.5e-06 9.3e-06 9.75e-06 8e-06 1e-05 9.7e-06 7.6e-06 1.11e-05 8.35e-06 8.3e-06 1.025e-05 8.85e-06 8.55e-06 9.5e-06 6.95e-06 1.035e-05 9.2e-06 8.45e-06 8.6e-06 1.015e-05 8e-06 7.85e-06 1e-05 9.55e-06 9.45e-06 9.55e-06 9.45e-06 8.85e-06 8.15e-06 9.25e-06 8.1e-06 9.7e-06 8.8e-06 8.75e-06 7.85e-06 8.05e-06 9.5e-06 9.35e-06 9.3e-06 9.85e-06 9.35e-06 1.095e-05 8.2e-06
24 1.14e-05 8.55e-06 1.12e-05 8.9e-06 7.45e-06 5.35e-06 8.35e-06 1.135e-05 8.1e-06 8.4e-06 8.25e-06 8.55e-06 1.005e-05 7.25e-06 6.45e-06 8.6e-06 8.95e-06 1.04e-05 8.45e-06 1.035e-05 8.4e-06 8.6e-06 9.9e-06 8.4e-06 1.05e-05 7.35e-06 1.045e-05 9.05e-06 9.1e-06 8.35e-06 8.7e-06 6.45e-06 7.25e-06 1.245e-05 8.55e-06 9.4e-06 7.5e-06 8.5e-06 8.95e-06 1.05e-05 1.085e-05 8.05e-06 7.75e-06 9.3e-06 8.2e-06 1.24e-05 9.3e-06 7.8e-06 6.75e-06 9.2e-06 1.03e-05 7.4e-06 7.45e-06 7.7e-06 9.05e-06 9.75e-06 8.75e-06 1.02e-05 7.7e-06 9.85e-06 8.1e-06 1.01e-05 9.95e-06 9.7e-06 1.265e-05 8.4e-06 8.2e-06 9.5e-06 8.9e-06 8.6e-06 9e-06 9.15e-06 8.3e-06 8.05e-06 9.15e-06 7.6e-06 9.65e-06 8.15e-06 8e-06 1.01e-05 8.85e-06 7.45e-06 7.25e-06 8.7e-06 6.8e-06 8.05e-06 7.55e-06 8.2e-06 8.85e-06 9.6e-06 6.9e-06 9.05e-06 8.15e-06 8.3e-06 1.095e-05 9.9e-06 9.6e-06 1.095e-05 1.105e-05 8.95e-06
25 1.16e-05 1e-05 1.14e-05 1.035e-05 9.55e-06 7.3e-06 8e-06 9.65e-06 9.55e-06 8e-06 8e-06 1.015e-05 9.7e-06 8.8e-06 7.85e-06 1.005e-05 1.04e-05 1.015e-05 7.75e-06 8.7e-06 8e-06 1.015e-05 9.6e-06 7.9e-06 7.35e-06 1.32e-05 1.105e-05 9.95e-06 8.45e-06 9.9e-06 1.03e-05 8e-06 7.3e-06 1.245e-05 1.01e-05 8.9e-06 9.25e-06 8.1e-06 8.65e-06 1.115e-05 1.09e-05 9.35e-06 9.2e-06 9.95e-06 9.8e-06 1.245e-05 9.15e-06 7.45e-06 8.55e-06 1.065e-05 1.035e-05 9.15e-06 9.2e-06 9.25e-06 1.05e-05 7.25e-06 9.85e-06 8.55e-06 9.15e-06 9.5e-06 7.65e-06 1.08e-05 9.45e-06 7.2e-06 1.075e-05 8e-06 8e-06 9.7e-06 8.55e-06 8.25e-06 1.045e-05 6.7e-06 9.85e-06 9.45e-06 8.65e-06 9.2e-06 1.11e-05 7.75e-06 7.45e-06 1.08e-05 9.95e-06 9.2e-06 9e-06 9.85e-06 8.6e-06 9.5e-06 9.55e-06 7.8e-06 1.015e-05 8.95e-06 8.65e-06 8.7e-06 7.75e-06 9.85e-06 8.9e-06 9.6e-06 9.75e-06 9.05e-06 1.065e-05 8.45e-06
26 1.07e-05 1.33e-05 1.08e-05 1.365e-05 1.085e-05 1.025e-05 1.13e-05 1.1e-05 1.385e-05 1.135e-05 1.12e-05 1.33e-05 1.115e-05 1.3e-05 1.29e-05 1.335e-05 1.37e-05 1.26e-05 1.125e-05 1.16e-05 1.135e-05 1.275e-05 1.16e-05 1.135e-05 1.045e-05 1.105e-05 1.62e-05 1.25e-05 1.2e-05 1.31e-05 1.345e-05 1.29e-05 8.8e-06 1.015e-05 1.255e-05 1.24e-05 1.325e-05 1.145e-05 1.185e-05 1.295e-05 1.255e-05 1.36e-05 1.35e-05 1.275e-05 1.39e-05 1.065e-05 1.2e-05 1.12e-05 1.25e-05 1.4e-05 1.3e-05 1.315e-05 1.305e-05 1.345e-05 1.38e-05 1e-05 1.185e-05 1.145e-05 1.34e-05 1.095e-05 1.105e-05 1.315e-05 1.115e-05 9.95e-06 9.2e-06 1.135e-05 1.125e-05 1.25e-05 1.195e-05 1.165e-05 1.375e-05 9.3e-06 1.275e-05 1.36e-05 1.215e-05 1.335e-05 1.34e-05 1.11e-05 1.095e-05 1.315e-05 1.31e-05 1.32e-05 1.315e-05 1.39e-05 1.255e-05 1.38e-05 1.075e-05 1.115e-05 1.36e-05 1.155e-05 1.075e-05 1.175e-05 1.12e-05 1.305e-05 1.085e-05 1.16e-05 1.255e-05 1.095e-05 1.215e-05 1.185e-05
27 8.95e-06 8.1e-06 9.05e-06 8.15e-06 1.09e-05 8.95e-06 9.45e-06 1.22e-05 7.15e-06 9.5e-06 9.45e-06 7.7e-06 9.75e-06 5.95e-06 6.25e-06 8.15e-06 8.2e-06 7.9e-06 9.95e-06 1.18e-05 9.8e-06 5.35e-06 1.17e-05 1.02e-05 9.05e-06 9.95e-06 1.25e-05 8.6e-06 1.065e-05 7.7e-06 7.85e-06 5.55e-06 1.29e-05 9.1e-06 5.65e-06 1.08e-05 5.45e-06 9.9e-06 1.015e-05 7.1e-06 9.7e-06 6.7e-06 6.8e-06 5.45e-06 6.3e-06 1.115e-05 1.045e-05 9.85e-06 4.9e-06 8.45e-06 8.65e-06 5.05e-06 5.75e-06 6.45e-06 8.3e-06 1.415e-05 6.95e-06 1.165e-05 6.45e-06 9.55e-06 9.45e-06 8.7e-06 1.025e-05 1.41e-05 1.35e-05 9.5e-06 9.5e-06 7.55e-06 9.85e-06 9.55e-06 8.25e-06 1.37e-05 5.45e-06 6.55e-06 1.055e-05 5.95e-06 9.7e-06 9.75e-06 9.5e-06 8.7e-06 7.45e-06 5.4e-06 5.65e-06 6.65e-06 4.9e-06 6.8e-06 1.09e-05 9.65e-06 8.1e-06 1.19e-05 8.95e-06 1.035e-05 9.35e-06 7.65e-06 1.205e-05 1.17e-05 7.5e-06 1.19e-05 8.05e-06 1.05e-05
28 1.23e-05 1.01e-05 1.21e-05 1.025e-05 1.01e-05 9e-06 8.7e-06 1.055e-05 8.95e-06 8.7e-06 8.7e-06 1.045e-05 1.065e-05 9.15e-06 9.1e-06 1.015e-05 9.55e-06 1.1e-05 8.6e-06 9.6e-06 8.7e-06 1.08e-05 1.02e-05 8.4e-06 9.1e-06 8.45e-06 1.2e-05 1.065e-05 1.52e-05 1.045e-05 1.06e-05 9.45e-06 8.25e-06 1.34e-05 1.065e-05 8.25e-06 9.65e-06 8.8e-06 9.3e-06 1.175e-05 1.15e-05 1.015e-05 9.2e-06 1.065e-05 8.8e-06 1.305e-05 9.75e-06 9.2e-06 9.1e-06 9.9e-06 1.025e-05 9.55e-06 9.5e-06 9e-06 9.65e-06 8.3e-06 1.065e-05 9.45e-06 1.005e-05 1.045e-05 8.35e-06 1.11e-05 1.04e-05 8.25e-06 1.18e-05 8.7e-06 8.65e-06 1.07e-05 9.3e-06 9e-06 1.035e-05 7.7e-06 1.08e-05 8.6e-06 8e-06 9.3e-06 1.13e-05 8.7e-06 8.3e-06 1.11e-05 1.04e-05 9.6e-06 9.6e-06 9e-06 9.25e-06 8.55e-06 1.01e-05 8.65e-06 1.075e-05 9.55e-06 9.45e-06 9.2e-06 8.5e-06 1.04e-05 9.9e-06 1.02e-05 1.065e-05 1.01e-05 1.14e-05 7.75e-06
29 1.06e-05 5.15e-06 1.04e-05 5e-06 7.5e-06 8.25e-06 9.95e-06 1.315e-05 6.05e-06 1e-05 9.95e-06 5.45e-06 1.17e-05 4.9e-06 5.45e-06 5.15e-06 5.7e-06 9.3e-06 1.02e-05 1.185e-05 9.95e-06 7.15e-06 1e-05 9.55e-06 8.35e-06 9.9e-06 1.31e-05 7.7e-06 1.045e-05 8.2e-06 5.6e-06 5.9e-06 1.235e-05 1.165e-05 7.1e-06 1.06e-05 6e-06 1.005e-05 1.06e-05 7e-06 8.2e-06 6.9e-06 5.4e-06 7.6e-06 6.5e-06 1.005e-05 1.065e-05 1.035e-05 5.3e-06 5.65e-06 9.1e-06 5.95e-06 5.95e-06 6e-06 5.8e-06 1.425e-05 9.85e-06 1.17e-05 5.75e-06 1.15e-05 9.6e-06 7.1e-06 1.16e-05 1.42e-05 1.475e-05 1e-05 9.8e-06 8.75e-06 1.035e-05 1.005e-05 5.05e-06 1.38e-05 7.15e-06 6.5e-06 1.035e-05 5.85e-06 5e-06 9e-06 9.5e-06 7.1e-06 5.8e-06 5.95e-06 6.1e-06 6.95e-06 4.8e-06 5.9e-06 8e-06 9.35e-06 5.45e-06 9.15e-06 8.9e-06 1.02e-05 9.5e-06 4.15e-06 1.295e-05 9.5e-06 8.35e-06 1.28e-05 1.005e-05 1.03e-05
30 1.075e-05 5.4e-06 1.055e-05 5.35e-06 8.3e-06 8.6e-06 1.015e-05 1.335e-05 6.4e-06 1.02e-05 1.01e-05 4.65e-06 1.21e-05 5.55e-06 5.8e-06 5.4e-06 5.7e-06 9.7e-06 1.045e-05 1.205e-05 9.45e-06 7.3e-06 1.03e-05 9.95e-06 8.7e-06 1.03e-05 1.345e-05 7.85e-06 1.06e-05 5.6e-06 8.9e-06 6.05e-06 1.275e-05 1.2e-05 7.2e-06 1.075e-05 5.25e-06 9.55e-06 1.075e-05 7.85e-06 8.1e-06 7.1e-06 5.75e-06 8e-06 6.4e-06 1.03e-05 9.85e-06 1.075e-05 5.3e-06 6.1e-06 9.45e-06 5.9e-06 5.15e-06 6.25e-06 5.8e-06 1.47e-05 1.005e-05 1.19e-05 6.7e-06 1.19e-05 9.75e-06 7.4e-06 1.195e-05 1.465e-05 1.515e-05 1.02e-05 9.95e-06 8.85e-06 1.055e-05 1.025e-05 5.25e-06 1.425e-05 7.25e-06 6.45e-06 1.05e-05 6e-06 4.65e-06 1.01e-05 9.8e-06 7.4e-06 6e-06 5.2e-06 5.95e-06 7.1e-06 5.5e-06 6e-06 8.25e-06 1.005e-05 6.3e-06 1e-05 9.3e-06 1.06e-05 9.65e-06 5.55e-06 1.335e-05 1.035e-05 8.6e-06 1.32e-05 1.015e-05 1.045e-05
31 8.75e-06 6.3e-06 8.55e-06 6.3e-06 9.35e-06 6.35e-06 7.9e-06 1.225e-05 5.05e-06 7.95e-06 8.1e-06 5.9e-06 1.09e-05 3.85e-06 3.4e-06 6.35e-06 6.35e-06 7.55e-06 8.85e-06 1.095e-05 8.6e-06 4.7e-06 1.135e-05 9e-06 6.45e-06 8e-06 1.29e-05 5.55e-06 9.45e-06 5.9e-06 6.05e-06 4.4e-06 1.195e-05 1.105e-05 5.3e-06 9.5e-06 3e-06 8.7e-06 8.55e-06 8.4e-06 8.85e-06 4.8e-06 4.7e-06 6.4e-06 3.85e-06 1.16e-05 9.55e-06 8.45e-06 2.6e-06 6.55e-06 7.5e-06 2.25e-06 3.6e-06 4.3e-06 6.45e-06 1.375e-05 8e-06 1.08e-05 4.45e-06 1.07e-05 8.25e-06 7.8e-06 1.08e-05 1.37e-05 1.445e-05 7.95e-06 8.25e-06 5.9e-06 8.2e-06 7.8e-06 6.4e-06 1.34e-05 4.65e-06 4.55e-06 9.25e-06 3.5e-06 8.2e-06 8.55e-06 8.25e-06 7.8e-06 6.5e-06 2.95e-06 3e-06 5.35e-06 2.95e-06 4.65e-06 9.35e-06 8.45e-06 6.55e-06 1.1e-05 7.9e-06 9.65e-06 8.05e-06 5.85e-06 1.18e-05 1.135e-05 6.3e-06 1.155e-05 7.5e-06 9.3e-06
32 1.34e-05 1.265e-05 1.32e-05 1.3e-05 7.85e-06 7.2e-06 7.5e-06 9.25e-06 1.3e-05 7.5e-06 7.5e-06 1.26e-05 9.2e-06 1.205e-05 1.205e-05 1.27e-05 1.305e-05 1.335e-05 7.6e-06 8.5e-06 7.55e-06 1.315e-05 8.5e-06 7.65e-06 7.25e-06 7.3e-06 8.8e-06 1.29e-05 8.25e-06 1.235e-05 1.275e-05 1.195e-05 5.3e-06 1.43e-05 1.32e-05 8.85e-06 1.225e-05 7.65e-06 8.2e-06 1.36e-05 1.335e-05 1.28e-05 1.265e-05 1.32e-05 1.295e-05 1.37e-05 8.75e-06 7.9e-06 1.155e-05 1.335e-05 1.36e-05 1.21e-05 1.23e-05 1.25e-05 1.315e-05 3.55e-06 1.05e-05 8.35e-06 1.24e-05 9e-06 7.2e-06 1.345e-05 9.05e-06 3.5e-06 9.35e-06 7.5e-06 7.65e-06 1.31e-05 8.3e-06 8e-06 1.31e-05 2.75e-06 1.325e-05 1.285e-05 8.6e-06 1.24e-05 1.295e-05 7.3e-06 7.1e-06 1.345e-05 1.25e-05 1.22e-05 1.245e-05 1.32e-05 1.155e-05 1.295e-05 7.9e-06 7.35e-06 1.275e-05 8e-06 7.7e-06 8.45e-06 7.55e-06 1.23e-05 8.55e-06 8.5e-06 1.295e-05 8.85e-06 1.38e-05 8.15e-06
33 8.7e-06 1.16e-05 9.1e-06 1.2e-05 1.33e-05 1.235e-05 1.295e-05 1.235e-05 1.165e-05 1.3e-05 1.285e-05 1.185e-05 1.055e-05 1.105e-05 1.075e-05 1.165e-05 1.205e-05 1.05e-05 1.225e-05 1.295e-05 1.295e-05 8.8e-06 1.355e-05 1.27e-05 1.245e-05 1.245e-05 1.015e-05 9.1e-06 1.34e-05 1.165e-05 1.2e-05 1.105e-05 1.43e-05 1.14e-05 8.25e-06 1.365e-05 1.16e-05 1.305e-05 1.33e-05 9.7e-06 1.085e-05 1.08e-05 1.13e-05 9.05e-06 1.205e-05 8.9e-06 1.36e-05 1.27e-05 1.085e-05 1.235e-05 1.08e-05 1.155e-05 1.105e-05 1.15e-05 1.215e-05 1.475e-05 1.075e-05 1.28e-05 1.12e-05 1.035e-05 1.265e-05 1.14e-05 1.015e-05 1.47e-05 1.035e-05 1.3e-05 1.285e-05 1.05e-05 1.345e-05 1.315e-05 1.21e-05 1.42e-05 8.7e-06 1.11e-05 1.34e-05 1.145e-05 1.22e-05 1.27e-05 1.255e-05 1.14e-05 1.155e-05 1.155e-05 1.11e-05 1.185e-05 1.095e-05 1.165e-05 1.33e-05 1.275e-05 1.175e-05 1.34e-05 1.28e-05 1.315e-05 1.265e-05 1.16e-05 1.22e-05 1.355e-05 1.045e-05 1.215e-05 1e-05 1.325e-05
34 9.25e-06 7.35e-06 9.35e-06 7.25e-06 1.035e-05 8.45e-06 1e-05 1.315e-05 6.4e-06 1.005e-05 9.9e-06 7.05e-06 9.75e-06 5.4e-06 5.55e-06 7.4e-06 7.45e-06 8.7e-06 9.7e-06 1.23e-05 1e-05 4.35e-06 1.24e-05 1.03e-05 8.55e-06 1.01e-05 1.255e-05 5.65e-06 1.065e-05 7.1e-06 7.2e-06 5.3e-06 1.32e-05 8.25e-06 6.3e-06 1.08e-05 5.25e-06 1.01e-05 1.025e-05 7.8e-06 9.55e-06 5.4e-06 6.05e-06 6.15e-06 5.9e-06 1.1e-05 1.09e-05 1.06e-05 4.65e-06 7.7e-06 8.5e-06 5.2e-06 4.2e-06 5.85e-06 7.55e-06 1.51e-05 7.85e-06 1.215e-05 5.65e-06 9.55e-06 9.7e-06 8.8e-06 9e-06 1.505e-05 1.42e-05 1.005e-05 9.65e-06 7.65e-06 1.04e-05 1.01e-05 7.35e-06 1.465e-05 4.25e-06 5.35e-06 1.055e-05 5.65e-06 8.95e-06 1e-05 9.75e-06 8.8e-06 7.8e-06 5.2e-06 4.2e-06 6.75e-06 4.85e-06 6.05e-06 1.035e-05 9.95e-06 7.5e-06 1.2e-05 9.35e-06 1.1e-05 9.6e-06 7.05e-06 1.275e-05 1.24e-05 7.5e-06 1.26e-05 8.65e-06 1.05e-05
35 1.245e-05 1.025e-05 1.225e-05 1.04e-05 1.05e-05 9.3e-06 9e-06 1.09e-05 9e-06 9.05e-06 9e-06 1.06e-05 1.105e-05 9.2e-06 9.15e-06 1.03e-05 9.7e-06 1.11e-05 9.05e-06 9.6e-06 9.05e-06 1.095e-05 1.06e-05 8.7e-06 9.4e-06 8.9e-06 1.24e-05 1.08e-05 8.25e-06 1.06e-05 1.075e-05 9.5e-06 8.85e-06 1.365e-05 1.08e-05 1.55e-05 9.7e-06 9.15e-06 9.6e-06 1.2e-05 1.17e-05 1.02e-05 9.25e-06 1.08e-05 8.8e-06 1.33e-05 1.005e-05 9.5e-06 9.15e-06 1e-05 1.035e-05 9.6e-06 9.55e-06 9.05e-06 9.8e-06 8.15e-06 1.08e-05 9.45e-06 1.01e-05 1.085e-05 8.7e-06 1.125e-05 1.08e-05 8.35e-06 1.185e-05 9.05e-06 8.6e-06 1.08e-05 8.85e-06 8.8e-06 1.05e-05 8.25e-06 1.095e-05 8.7e-06 7.75e-06 9.35e-06 1.155e-05 9e-06 8.75e-06 1.125e-05 1.055e-05 9.65e-06 9.65e-06 9.1e-06 9.3e-06 8.6e-06 1.05e-05 8.95e-06 1.09e-05 1.01e-05 9.75e-06 9.5e-06 8.45e-06 1.055e-05 1.04e-05 1.06e-05 1.07e-05 9.95e-06 1.15e-05 8.1e-06
36 8.6e-06 6.8e-06 8.45e-06 6.45e-06 9.65e-06 7.4e-06 7.75e-06 1.285e-05 5.55e-06 7.8e-06 8.05e-06 5.1e-06 1.135e-05 3.85e-06 4.65e-06 6.85e-06 6.5e-06 8.05e-06 9.2e-06 1.15e-05 7.8e-06 4.55e-06 1.185e-05 9.5e-06 7.5e-06 9.25e-06 1.325e-05 5.45e-06 9.65e-06 6e-06 5.25e-06 3e-06 1.225e-05 1.16e-05 5.25e-06 9.7e-06 3e-06 7.9e-06 8.5e-06 8.9e-06 9.4e-06 5.15e-06 5.2e-06 6.9e-06 3.4e-06 1.215e-05 8.8e-06 9.7e-06 2e-06 6.7e-06 8.05e-06 1.5e-06 2.25e-06 4.25e-06 6.6e-06 1.425e-05 8.1e-06 1.135e-05 4.55e-06 1.12e-05 8.05e-06 8.3e-06 1.135e-05 1.42e-05 1.5e-05 7.8e-06 8.15e-06 6.2e-06 8.05e-06 7.8e-06 6.55e-06 1.39e-05 4.9e-06 4.6e-06 9.45e-06 3.4e-06 8.7e-06 8.65e-06 8.2e-06 8.3e-06 6.9e-06 1.5e-06 2.7e-06 5.5e-06 2.45e-06 4.8e-06 9.65e-06 8.45e-06 6.95e-06 1.15e-05 8.15e-06 1.01e-05 7.85e-06 5.95e-06 1.235e-05 1.185e-05 6.3e-06 1.21e-05 7.55e-06 9.5e-06
37 1.16e-05 1.055e-05 1.14e-05 1.055e-05 9.9e-06 8.4e-06 7.95e-06 1.03e-05 1.01e-05 7.85e-06 8e-06 9.4e-06 1.025e-05 8.85e-06 9.15e-06 1.06e-05 1.06e-05 1.07e-05 8.25e-06 9.3e-06 7.15e-06 1.01e-05 1.015e-05 8.45e-06 8.5e-06 8.1e-06 1.145e-05 9.9e-06 8.8e-06 1.005e-05 9.55e-06 8.7e-06 7.65e-06 1.305e-05 1.01e-05 9.15e-06 7.9e-06 1.43e-05 8.65e-06 1.17e-05 1.15e-05 9.75e-06 9.75e-06 1.05e-05 9.45e-06 1.305e-05 8.45e-06 8.75e-06 8e-06 1.085e-05 1.095e-05 8.5e-06 7.9e-06 9.25e-06 1.07e-05 7.7e-06 1e-05 9.15e-06 9.3e-06 1.005e-05 7.4e-06 1.135e-05 1.005e-05 7.65e-06 1.135e-05 7.85e-06 7.95e-06 1.005e-05 8.5e-06 8.2e-06 1.065e-05 7.25e-06 1.015e-05 9.55e-06 8.9e-06 9.15e-06 1.165e-05 7.9e-06 7.55e-06 1.135e-05 1.04e-05 7.85e-06 8.75e-06 1.005e-05 8.15e-06 9.7e-06 9.9e-06 7.85e-06 1.065e-05 9.6e-06 8.95e-06 9.25e-06 7.6e-06 1e-05 9.6e-06 1.015e-05 9.8e-06 9.65e-06 1.075e-05 8.7e-06
38 1.14e-05 1.1e-05 1.12e-05 1.1e-05 1.035e-05 8.85e-06 7.85e-06 1.07e-05 1.05e-05 7.9e-06 8.05e-06 1.06e-05 1.06e-05 9.35e-06 9.6e-06 1.105e-05 1.1e-05 1.115e-05 8.7e-06 9.8e-06 8.55e-06 9.8e-06 1.065e-05 8.95e-06 8.95e-06 8.65e-06 1.185e-05 1.015e-05 9.3e-06 1.06e-05 1.075e-05 8.55e-06 8.2e-06 1.33e-05 1.025e-05 9.6e-06 8.5e-06 8.65e-06 1.54e-05 1.22e-05 1.19e-05 9.55e-06 1.02e-05 1.1e-05 9.25e-06 1.345e-05 9.65e-06 9.25e-06 8.1e-06 1.125e-05 1.13e-05 7.75e-06 8.95e-06 9.75e-06 1.11e-05 8.4e-06 1.05e-05 9.65e-06 9.3e-06 1.04e-05 8.2e-06 1.185e-05 1.02e-05 8.35e-06 1.18e-05 7.9e-06 8.45e-06 1.005e-05 8.4e-06 8.1e-06 1.11e-05 7.8e-06 1.005e-05 9.85e-06 9.35e-06 9e-06 1.21e-05 8.5e-06 8.2e-06 1.185e-05 1.095e-05 8.45e-06 8.65e-06 1.05e-05 8.45e-06 1.01e-05 1.035e-05 8.4e-06 1.105e-05 1.015e-05 9.45e-06 9.75e-06 8.25e-06 1.055e-05 1.01e-05 1.065e-05 1.03e-05 1.01e-05 1.075e-05 9.15e-06
39 1.08e-05 7e-06 1.09e-05 7e-06 9.35e-06 1.04e-05 1.155e-05 1.305e-05 8.2e-06 1.16e-05 1.155e-05 7.7e-06 1.06e-05 7.8e-06 7.6e-06 7e-06 7.7e-06 9.7e-06 1.135e-05 1.27e-05 1.16e-05 7.85e-06 1.04e-05 1.08e-05 1.05e-05 1.115e-05 1.295e-05 7.1e-06 1.175e-05 7e-06 7.85e-06 8.4e-06 1.36e-05 9.7e-06 7.8e-06 1.2e-05 8.9e-06 1.17e-05 1.22e-05 1.13e-05 9.05e-06 8.85e-06 7.55e-06 6.7e-06 9.05e-06 9.6e-06 1.195e-05 1.105e-05 8.2e-06 7.7e-06 1.025e-05 8.8e-06 8.85e-06 8.55e-06 7.8e-06 1.47e-05 9.1e-06 1.255e-05 8.75e-06 1.04e-05 1.125e-05 8.05e-06 1.105e-05 1.465e-05 1.38e-05 1.16e-05 1.15e-05 1.025e-05 1.205e-05 1.175e-05 7.05e-06 1.415e-05 7.85e-06 8.6e-06 1.175e-05 8.35e-06 6.55e-06 1.13e-05 1.115e-05 8.05e-06 6.9e-06 8.85e-06 8.95e-06 8.4e-06 8.25e-06 8.2e-06 9.85e-06 1.135e-05 7.1e-06 1e-05 1.03e-05 1.095e-05 1.125e-05 6.95e-06 1.32e-05 9.9e-06 9.9e-06 1.315e-05 1.07e-05 1.16e-05
40 1.05e-05 7.55e-06 1.03e-05 7.9e-06 1.045e-05 1.075e-05 1.14e-05 1.025e-05 8.55e-06 1.145e-05 1.13e-05 8.15e-06 1.22e-05 8.25e-06 7.95e-06 7.55e-06 8.25e-06 8.05e-06 1.105e-05 1.06e-05 1.14e-05 9.85e-06 1.065e-05 1.055e-05 1.085e-05 1.09e-05 1.255e-05 9.7e-06 1.15e-05 8.2e-06 8.1e-06 8.85e-06 1.335e-05 1.085e-05 9.55e-06 1.17e-05 9.4e-06 1.15e-05 1.19e-05 9.05e-06 1.32e-05 9.05e-06 7.9e-06 9.25e-06 9.5e-06 9.4e-06 1.16e-05 1.11e-05 8.65e-06 8.7e-06 8.2e-06 9.35e-06 9.1e-06 9e-06 8.35e-06 1.38e-05 1.15e-05 1.045e-05 9.1e-06 1.2e-05 1.11e-05 7.85e-06 1.21e-05 1.375e-05 1.275e-05 1.145e-05 1.125e-05 8.2e-06 1.185e-05 1.155e-05 7.8e-06 1.33e-05 9.75e-06 8.9e-06 1.145e-05 8.8e-06 6.8e-06 1.115e-05 1.1e-05 7.85e-06 7.8e-06 9.35e-06 9.15e-06 9.15e-06 8.75e-06 8.55e-06 1.04e-05 1.12e-05 8.35e-06 1.06e-05 1.105e-05 1.095e-05 1.105e-05 8.15e-06 1.055e-05 1.07e-05 8.45e-06 1.02e-05 7.8e-06 1.135e-05
41 1.03e-05 6.8e-06 1.01e-05 7.1e-06 1.02e-05 7.95e-06 9.6e-06 1.25e-05 5.45e-06 9.65e-06 9.5e-06 6.95e-06 1.095e-05 4.75e-06 4.65e-06 6.85e-06 7.1e-06 7.85e-06 8.25e-06 1.135e-05 9.65e-06 5.7e-06 1.21e-05 9.5e-06 8.05e-06 9.35e-06 1.36e-05 6.7e-06 1.015e-05 6.9e-06 7.1e-06 4.8e-06 1.28e-05 1.08e-05 5.4e-06 1.02e-05 5.15e-06 9.75e-06 9.55e-06 8.85e-06 9.05e-06 4.6e-06 5.1e-06 6.85e-06 5.65e-06 1.205e-05 1.065e-05 9.95e-06 4.5e-06 7.25e-06 7.6e-06 5.05e-06 4.85e-06 5.3e-06 7.2e-06 1.435e-05 8.75e-06 1.12e-05 3.6e-06 1.075e-05 9.35e-06 8.35e-06 1.04e-05 1.43e-05 1.49e-05 9.65e-06 9.35e-06 7.15e-06 9.9e-06 9.6e-06 7.2e-06 1.4e-05 5.6e-06 4.05e-06 9.95e-06 5.15e-06 8.8e-06 9.55e-06 9.35e-06 8.35e-06 7.3e-06 5.1e-06 4.85e-06 6.15e-06 4.65e-06 5.3e-06 1.02e-05 9.45e-06 6.05e-06 1.16e-05 8.85e-06 1.03e-05 9.15e-06 6.85e-06 1.2e-05 1.21e-05 6.9e-06 1.175e-05 8.25e-06 1e-05
42 1.04e-05 3.6e-06 1.02e-05 4.65e-06 8.7e-06 7.65e-06 9.65e-06 1.205e-05 1.75e-06 9.7e-06 9.55e-06 5.6e-06 1.125e-05 2.4e-06 2.15e-06 3.25e-06 5e-06 7.6e-06 9.5e-06 1.065e-05 9.65e-06 6.2e-06 1.07e-05 7.1e-06 7.75e-06 9.2e-06 1.35e-05 6.8e-06 9.2e-06 5.4e-06 5.75e-06 4.7e-06 1.265e-05 1.13e-05 6.05e-06 9.25e-06 5.2e-06 9.75e-06 1.02e-05 7.55e-06 7.9e-06 5.1e-06 4e-07 5.95e-06 4.75e-06 1.085e-05 1e-05 9.65e-06 4.35e-06 4.9e-06 6.45e-06 5.15e-06 5.05e-06 3.75e-06 5.1e-06 1.435e-05 8.8e-06 1.05e-05 4.95e-06 1.105e-05 9.35e-06 6.05e-06 1.105e-05 1.43e-05 1.495e-05 9.7e-06 9.35e-06 7.4e-06 9.95e-06 9.65e-06 4.65e-06 1.4e-05 6.1e-06 4.35e-06 9e-06 3.4e-06 6.1e-06 9.4e-06 9.15e-06 6.05e-06 5.7e-06 5.15e-06 5.1e-06 4.75e-06 4.55e-06 2.1e-06 8.8e-06 9.45e-06 5.55e-06 1.025e-05 8.25e-06 7.8e-06 9.15e-06 5.35e-06 1.22e-05 1.06e-05 6.8e-06 1.195e-05 8.7e-06 9.05e-06
