 slim_337592912 slim_337592864 slim_337592863 slim_337592970 slim_337592926 slim_337592957 slim_337592910 slim_337592925 slim_337592865 slim_337592867 slim_337592901 slim_337592916 slim_337592873 slim_337592919 slim_337592961 slim_337592842 slim_337592978 slim_337592975 slim_337592847 slim_337592946 slim_337592911 slim_337592920 slim_337592730 slim_337592868 slim_337592890 slim_337592929 slim_337592953 slim_337592887 slim_337592915 slim_337592857 slim_337592964 slim_337592688 slim_337592814 slim_337592633 slim_337592834 slim_337592861 slim_337592643 slim_337592871 slim_337592940 slim_337592815 slim_337592797 slim_337592935 slim_337592897 slim_337592969 slim_337592870 slim_337592742 slim_337592914 slim_337592330 slim_337592903 slim_337592879 slim_337592475 slim_337592746 slim_337592971 slim_337592776 slim_337592661 slim_337592782 slim_337592952 slim_337592759 slim_337592686 slim_337592906 slim_337592937 slim_337592734 slim_337592963 slim_337592674 slim_337592968 slim_337592933 slim_337592942 slim_337592812 slim_337592945 slim_337592559 slim_337592713 slim_337592777 slim_337592895 slim_337592965 slim_337592755 slim_337592765 slim_337592966 slim_337592962 slim_337592913 slim_337592918 slim_337592819 slim_337592828 slim_337592767 slim_337592877 slim_337592967 slim_337592886 slim_337592801 slim_337592905 slim_337592917 slim_337592973 slim_337592891 slim_337592840 slim_337592292 slim_337592862 slim_337592960 slim_337592927 slim_337592955 slim_337592880 slim_337592949 slim_337592956
0 6.3e-06 6.8e-06 9.05e-06 3.55e-06 4.5e-06 8.15e-06 6.1e-06 6.95e-06 7.25e-06 7.65e-06 4.25e-06 9.85e-06 3.7e-06 4.15e-06 4.15e-06 5.35e-06 5.4e-06 4.1e-06 4.4e-06 1.16e-05 3.5e-06 3.85e-06 6.1e-06 7.7e-06 4.65e-06 4.1e-06 7.05e-06 7.7e-06 4.35e-06 7e-06 3.85e-06 4e-06 7.6e-06 4.95e-06 4.35e-06 8.75e-06 4.1e-06 7.6e-06 7.85e-06 6.4e-06 7.7e-06 7.5e-06 6.05e-06 9.25e-06 3.6e-06 5.65e-06 6.1e-06 6.75e-06 7.8e-06 6.1e-06 7.3e-06 4.05e-06 9.95e-06 5.25e-06 5.45e-06 4.05e-06 4.2e-06 8.25e-06 4.1e-06 6.75e-06 4.2e-06 6.1e-06 4.5e-06 7.45e-06 4.3e-06 6.15e-06 5.55e-06 7.85e-06 3.95e-06 7.8e-06 3.15e-06 8.7e-06 8.65e-06 6.45e-06 3.95e-06 3.7e-06 6.2e-06 4.05e-06 6.95e-06 3.55e-06 4.9e-06 6.3e-06 7.55e-06 6.55e-06 3.35e-06 6.75e-06 4.05e-06 7e-06 4.15e-06 6.5e-06 6.05e-06 5.15e-06 3.45e-06 4.7e-06 8.4e-06 4.15e-06 6.65e-06 3.7e-06 7.7e-06 4.75e-06
1 6.8e-06 9.9e-06 1.055e-05 7.45e-06 7.45e-06 9.5e-06 9.5e-06 7.85e-06 9.15e-06 6.2e-06 8.3e-06 1.075e-05 7.1e-06 8.3e-06 7.85e-06 8.9e-06 8.8e-06 7.8e-06 8.75e-06 1.18e-05 8.4e-06 8.15e-06 9.5e-06 9.9e-06 7.6e-06 7.8e-06 6.8e-06 1.06e-05 8.5e-06 6.75e-06 7.8e-06 7.6e-06 7e-06 8.1e-06 8.55e-06 1.09e-05 6.8e-06 1.015e-05 1.04e-05 8.5e-06 1.025e-05 9.55e-06 9.45e-06 1.1e-05 8e-06 7.95e-06 9.5e-06 6.6e-06 1.035e-05 7.9e-06 9.3e-06 8.15e-06 1.055e-05 8.8e-06 8e-06 8.3e-06 7.4e-06 1.005e-05 7.8e-06 9.75e-06 8.35e-06 9.5e-06 8.65e-06 6e-06 8e-06 9.55e-06 8.3e-06 1.04e-05 8.25e-06 1.035e-05 8.65e-06 9.3e-06 1.065e-05 9.65e-06 8.1e-06 8.1e-06 8.6e-06 7.75e-06 7.85e-06 8.45e-06 8.4e-06 8.75e-06 1.01e-05 8.7e-06 6.7e-06 8.95e-06 7.75e-06 8.55e-06 8.55e-06 9.4e-06 8.1e-06 8.65e-06 8.35e-06 8.55e-06 1.035e-05 7.85e-06 8.85e-06 8.1e-06 1.025e-05 7.95e-06
2 9.05e-06 1.055e-05 1.13e-05 8.65e-06 8.65e-06 7.9e-06 7.3e-06 9.95e-06 9.55e-06 1.055e-05 8.95e-06 8.35e-06 8.65e-06 8.7e-06 8.85e-06 9.3e-06 9.55e-06 8.8e-06 8.65e-06 7e-06 8.6e-06 8.95e-06 7.3e-06 1.085e-05 8.8e-06 8.8e-06 1.035e-05 1.095e-05 8.9e-06 1.03e-05 8.55e-06 8.6e-06 1.05e-05 8.35e-06 8.9e-06 1.05e-05 8.65e-06 7.95e-06 8.2e-06 9.8e-06 7.85e-06 7.85e-06 7.15e-06 1.115e-05 8.8e-06 9.5e-06 7.35e-06 1e-05 7.95e-06 9.65e-06 7.75e-06 8.75e-06 1.18e-05 9.2e-06 9.2e-06 8.65e-06 9e-06 7.85e-06 8.8e-06 7.35e-06 8.75e-06 7.35e-06 9.1e-06 1.035e-05 9e-06 7.35e-06 9.25e-06 8e-06 9.05e-06 7.95e-06 8.85e-06 8.15e-06 1.135e-05 7.5e-06 8.5e-06 8.8e-06 7.35e-06 8.75e-06 9.95e-06 8.65e-06 9.15e-06 7.1e-06 7.9e-06 9.65e-06 8.85e-06 7.65e-06 8.75e-06 9.5e-06 8.95e-06 7.4e-06 9.1e-06 9.4e-06 8.55e-06 8.6e-06 7.9e-06 8.85e-06 7.45e-06 8.9e-06 7.85e-06 8.35e-06
3 3.55e-06 7.45e-06 8.65e-06 0.0 5.05e-06 8.4e-06 5.65e-06 6.9e-06 6.6e-06 8.75e-06 3.3e-06 9.35e-06 2.65e-06 4.45e-06 4.65e-06 5.2e-06 4.45e-06 4.6e-06 3.65e-06 1.125e-05 3.75e-06 2.4e-06 5.65e-06 7.95e-06 5.2e-06 4.6e-06 7.9e-06 6.5e-06 4.65e-06 7.85e-06 3.15e-06 4.4e-06 8e-06 3.65e-06 3.05e-06 8.8e-06 5.2e-06 7.5e-06 7.75e-06 6.1e-06 7.7e-06 5.5e-06 5.6e-06 8.75e-06 2.25e-06 5.05e-06 5.65e-06 7.15e-06 7.8e-06 4.75e-06 5.75e-06 3.5e-06 9.4e-06 5.1e-06 3.7e-06 4.1e-06 3.1e-06 8.3e-06 4.6e-06 7.05e-06 4.5e-06 5.65e-06 4.55e-06 8.55e-06 4.8e-06 5.7e-06 4.75e-06 7.85e-06 2.5e-06 7.8e-06 4e-06 7.7e-06 7.55e-06 5.65e-06 4.25e-06 2.05e-06 6.35e-06 4.55e-06 6.9e-06 3.8e-06 4.05e-06 4.9e-06 7.45e-06 5.3e-06 3.35e-06 6.55e-06 4.55e-06 5.85e-06 3.2e-06 4.85e-06 6.05e-06 4.3e-06 3.7e-06 2.9e-06 8.05e-06 4.65e-06 6.45e-06 2.35e-06 7.7e-06 4.3e-06
4 4.5e-06 7.45e-06 8.65e-06 5.05e-06 4.5e-06 7.05e-06 6.1e-06 5.75e-06 6.65e-06 6.4e-06 4.25e-06 1.005e-05 3.75e-06 3.1e-06 3.15e-06 4.65e-06 5.65e-06 3.15e-06 4.6e-06 1.17e-05 3.7e-06 4.7e-06 6.1e-06 6.6e-06 2.5e-06 3.1e-06 6.9e-06 7.95e-06 3.3e-06 6.85e-06 4.45e-06 2.9e-06 6.8e-06 5.5e-06 4.3e-06 8.45e-06 2.3e-06 7.8e-06 8.05e-06 6.35e-06 7.8e-06 8.35e-06 6.05e-06 9.45e-06 4.55e-06 4.85e-06 6.1e-06 6.95e-06 7.9e-06 6.8e-06 7.45e-06 4.8e-06 9.8e-06 4.55e-06 6.15e-06 3.4e-06 4.05e-06 7.1e-06 3.1e-06 6.55e-06 3.15e-06 6.1e-06 3.3e-06 6.15e-06 3.4e-06 6.15e-06 4.65e-06 7.95e-06 4.8e-06 7.9e-06 3.95e-06 8.45e-06 8.9e-06 6.05e-06 2.9e-06 4.55e-06 5.4e-06 3.05e-06 5.75e-06 3.75e-06 5.25e-06 6.7e-06 7.75e-06 6e-06 4.3e-06 5.6e-06 3.1e-06 6.9e-06 4.5e-06 6.65e-06 5.15e-06 5.5e-06 3.65e-06 5e-06 7.6e-06 3.15e-06 5.5e-06 4.65e-06 7.8e-06 3.8e-06
5 8.15e-06 9.5e-06 7.9e-06 8.4e-06 7.05e-06 1.16e-05 8.3e-06 8.85e-06 8.85e-06 8.85e-06 7.7e-06 7.4e-06 7.5e-06 8.4e-06 7.2e-06 8.8e-06 9.5e-06 7.2e-06 8e-06 6.05e-06 8.25e-06 8.65e-06 8.3e-06 9.05e-06 7.3e-06 7.15e-06 9.85e-06 1.03e-05 8.6e-06 9.8e-06 7.95e-06 6.95e-06 9.8e-06 8.55e-06 7.95e-06 1.05e-05 6.15e-06 7.4e-06 7.65e-06 9.95e-06 7.1e-06 7.35e-06 8.25e-06 1.045e-05 8.5e-06 8.2e-06 8.3e-06 9.5e-06 7.2e-06 9.8e-06 8.95e-06 8.3e-06 1.18e-05 8.7e-06 8.85e-06 7.45e-06 7.5e-06 7.15e-06 7.15e-06 8.15e-06 8.45e-06 8.3e-06 8.05e-06 8.6e-06 7.45e-06 8.35e-06 9.25e-06 7.25e-06 8.75e-06 7.2e-06 8.5e-06 9.7e-06 1.115e-05 7.95e-06 8.2e-06 8.5e-06 7.4e-06 7.1e-06 8.85e-06 8.3e-06 9.1e-06 7.85e-06 7.35e-06 9.45e-06 7.95e-06 7.3e-06 7.15e-06 9.85e-06 8.45e-06 8.25e-06 7.25e-06 9.35e-06 8.2e-06 8.3e-06 6.6e-06 7.2e-06 7.2e-06 8.6e-06 7.1e-06 7.55e-06
6 6.1e-06 9.5e-06 7.3e-06 5.65e-06 6.1e-06 8.3e-06 8.1e-06 8.2e-06 8.55e-06 9.3e-06 5.65e-06 9.95e-06 5.8e-06 5.1e-06 5.6e-06 5.95e-06 6.45e-06 5.65e-06 4.85e-06 9.9e-06 4.4e-06 5.45e-06 4.4e-06 9.2e-06 6.25e-06 5.65e-06 8.05e-06 8.85e-06 5.2e-06 8e-06 5.35e-06 5.55e-06 9.1e-06 6.9e-06 5.5e-06 9.95e-06 6.25e-06 7.2e-06 7.5e-06 6.95e-06 7.1e-06 7.8e-06 4.35e-06 1.07e-05 5.1e-06 7.35e-06 4.45e-06 7.7e-06 7.3e-06 7.15e-06 5.85e-06 5.7e-06 1.05e-05 5.85e-06 7.2e-06 5.05e-06 6.45e-06 7.8e-06 5.55e-06 7.5e-06 5.05e-06 4.35e-06 5.55e-06 9.1e-06 5.65e-06 4.35e-06 6.65e-06 7.25e-06 5.55e-06 7.2e-06 4.65e-06 6.7e-06 9.65e-06 4.8e-06 4.9e-06 5.1e-06 5.2e-06 5.5e-06 8.2e-06 4.15e-06 5.85e-06 5.4e-06 7.15e-06 7.4e-06 5.9e-06 5.8e-06 5.4e-06 7.2e-06 5.25e-06 5e-06 8.2e-06 6.1e-06 4.25e-06 5.5e-06 7.95e-06 5.6e-06 5.6e-06 5.2e-06 7.2e-06 6.45e-06
7 6.95e-06 7.85e-06 9.95e-06 6.9e-06 5.75e-06 8.85e-06 8.2e-06 9.4e-06 7.85e-06 6.75e-06 6e-06 1.13e-05 6.3e-06 6.5e-06 5.6e-06 6.3e-06 7.4e-06 5.3e-06 6.7e-06 1.275e-05 6.05e-06 6.85e-06 8.2e-06 9.05e-06 5.95e-06 5.55e-06 7.2e-06 1e-05 6.7e-06 7.15e-06 6.7e-06 5.4e-06 6.5e-06 7.45e-06 5.95e-06 1.065e-05 5.2e-06 9.5e-06 9.75e-06 5.65e-06 9.5e-06 9.8e-06 8.15e-06 1.135e-05 6.65e-06 6.35e-06 8.2e-06 7.15e-06 9.6e-06 5.7e-06 8.9e-06 7.05e-06 9e-06 6.2e-06 7.75e-06 5.5e-06 6.2e-06 9.85e-06 5.55e-06 8.1e-06 6.55e-06 8.2e-06 6.05e-06 6.5e-06 5.8e-06 8.25e-06 7.4e-06 9.65e-06 6.95e-06 9.6e-06 6.3e-06 7.4e-06 1.06e-05 7.75e-06 6.3e-06 6.65e-06 7.95e-06 5.5e-06 4.85e-06 6.1e-06 6.95e-06 8.7e-06 9.45e-06 7e-06 6.75e-06 7.5e-06 5.5e-06 6.05e-06 6.55e-06 8.45e-06 7.15e-06 7.2e-06 6e-06 7e-06 9.2e-06 5.6e-06 7.4e-06 6.75e-06 9.5e-06 5.85e-06
8 7.25e-06 9.15e-06 9.55e-06 6.6e-06 6.65e-06 8.85e-06 8.55e-06 7.85e-06 9.8e-06 8.9e-06 6.6e-06 8.45e-06 6.75e-06 7.2e-06 6.8e-06 6.15e-06 6.8e-06 6.75e-06 7.3e-06 1.125e-05 7.05e-06 7.15e-06 8.55e-06 9.45e-06 6.8e-06 6.75e-06 9.2e-06 9.6e-06 7.4e-06 9.15e-06 6.75e-06 6.55e-06 7.2e-06 6.95e-06 6.45e-06 1e-05 6.5e-06 9.2e-06 9.45e-06 8.2e-06 9.3e-06 8.85e-06 8.5e-06 8.9e-06 7e-06 6.25e-06 8.55e-06 8.8e-06 9.4e-06 7.8e-06 7.7e-06 7.05e-06 1.085e-05 6.05e-06 6.25e-06 6.6e-06 6.65e-06 9.35e-06 6.75e-06 8.35e-06 7.25e-06 8.55e-06 7.05e-06 8.7e-06 6.95e-06 8.6e-06 6.55e-06 9.45e-06 7.25e-06 9.4e-06 7.3e-06 9.4e-06 9.25e-06 8.2e-06 7e-06 7e-06 8.4e-06 6.7e-06 7.85e-06 7.1e-06 6.4e-06 8.1e-06 9.15e-06 5.3e-06 7.05e-06 8.3e-06 6.7e-06 8.65e-06 6.95e-06 8.2e-06 5.7e-06 6.65e-06 7e-06 7.35e-06 8.6e-06 6.8e-06 8.2e-06 7.1e-06 9.3e-06 6.95e-06
9 7.65e-06 6.2e-06 1.055e-05 8.75e-06 6.4e-06 8.85e-06 9.3e-06 6.75e-06 8.9e-06 1.01e-05 7.8e-06 1.135e-05 7.2e-06 7.8e-06 6.7e-06 7.95e-06 8.95e-06 6.65e-06 8.45e-06 1.23e-05 7.8e-06 8.6e-06 9.3e-06 9.25e-06 6.35e-06 6.65e-06 6.55e-06 1.095e-05 8e-06 6.5e-06 8.05e-06 6.45e-06 6.65e-06 8.75e-06 8.05e-06 1.1e-05 5.4e-06 1.015e-05 1.04e-05 7.95e-06 1.015e-05 1.05e-05 9.25e-06 1.16e-05 8.45e-06 7.55e-06 9.3e-06 6.7e-06 1.025e-05 8.2e-06 9.85e-06 8.4e-06 1.05e-05 7.85e-06 8.95e-06 7.15e-06 7.3e-06 1.005e-05 6.65e-06 9.35e-06 7.85e-06 9.3e-06 7.4e-06 5.2e-06 6.55e-06 9.35e-06 8.55e-06 1.03e-05 8.7e-06 1.025e-05 8.05e-06 9.15e-06 1.13e-05 9.1e-06 7.6e-06 8.45e-06 8.15e-06 6.6e-06 6.75e-06 7.85e-06 8.55e-06 9.4e-06 1.01e-05 8.5e-06 7.5e-06 8.2e-06 6.6e-06 8.25e-06 8.4e-06 9.65e-06 7.65e-06 8.8e-06 7.75e-06 8.65e-06 9.75e-06 6.7e-06 8.1e-06 8.55e-06 1.015e-05 7.05e-06
10 4.25e-06 8.3e-06 8.95e-06 3.3e-06 4.25e-06 7.7e-06 5.65e-06 6e-06 6.6e-06 7.8e-06 4.2e-06 9.95e-06 3.75e-06 4.3e-06 3.35e-06 4.4e-06 4.9e-06 3.45e-06 3.75e-06 1.175e-05 3.25e-06 3.75e-06 5.8e-06 7.25e-06 4.45e-06 3.45e-06 7.55e-06 7.35e-06 4.35e-06 7.5e-06 3.6e-06 3.4e-06 7.65e-06 5e-06 2.9e-06 8.9e-06 3.75e-06 7.4e-06 7.75e-06 5.8e-06 7.5e-06 7.45e-06 5.75e-06 9.35e-06 3.3e-06 4.7e-06 5.8e-06 7e-06 7.75e-06 5.25e-06 6.7e-06 4e-06 9.6e-06 4.3e-06 4.95e-06 2.6e-06 3.7e-06 8.6e-06 3.3e-06 6.55e-06 4.2e-06 5.65e-06 3.65e-06 7.55e-06 3.55e-06 5.7e-06 5.3e-06 7.65e-06 3.85e-06 7.6e-06 3.5e-06 8.1e-06 8.3e-06 5.25e-06 4.1e-06 3.3e-06 6.2e-06 3.25e-06 6e-06 3e-06 4.2e-06 6.15e-06 7.35e-06 5.45e-06 4.05e-06 6.05e-06 3.25e-06 6.75e-06 3.45e-06 5.9e-06 5.55e-06 4.3e-06 3.05e-06 4.45e-06 7.65e-06 3.35e-06 5.95e-06 3.4e-06 7.65e-06 4.15e-06
11 9.85e-06 1.075e-05 8.35e-06 9.35e-06 1.005e-05 7.4e-06 9.95e-06 1.13e-05 8.45e-06 1.135e-05 9.95e-06 9.9e-06 9.55e-06 1.05e-05 1.025e-05 1.12e-05 1.095e-05 1.02e-05 9.95e-06 5.1e-06 1.04e-05 1.02e-05 9.95e-06 1.155e-05 1.02e-05 1.02e-05 1.155e-05 1.15e-05 1.07e-05 1.15e-05 9.35e-06 1e-05 1.17e-05 9.35e-06 1.01e-05 1.135e-05 9.7e-06 7.95e-06 8.2e-06 1.155e-05 7.75e-06 7.3e-06 9.9e-06 9.15e-06 1.005e-05 1.05e-05 9.95e-06 1.085e-05 7.85e-06 1.085e-05 9.9e-06 9.7e-06 1.285e-05 1.11e-05 9.55e-06 1.02e-05 9.85e-06 7.75e-06 1.02e-05 9.1e-06 1.055e-05 9.95e-06 1.085e-05 1.115e-05 1.04e-05 1e-05 1.065e-05 7.85e-06 1.03e-05 7.85e-06 1.065e-05 1.08e-05 1.205e-05 1e-05 1.03e-05 1.005e-05 9.55e-06 1.015e-05 1.13e-05 1.045e-05 1.055e-05 8.75e-06 7.9e-06 1.115e-05 9.65e-06 9.8e-06 1.015e-05 1.135e-05 1.02e-05 9.5e-06 7.5e-06 1.08e-05 1.035e-05 9.95e-06 7.75e-06 1.025e-05 9.7e-06 1.015e-05 7.75e-06 1.04e-05
12 3.7e-06 7.1e-06 8.65e-06 2.65e-06 3.75e-06 7.5e-06 5.8e-06 6.3e-06 6.75e-06 7.2e-06 3.75e-06 9.55e-06 5.3e-06 3.85e-06 3.6e-06 4.95e-06 5e-06 3.55e-06 4e-06 1.13e-05 3.4e-06 3.45e-06 5.8e-06 7.05e-06 3.9e-06 3.55e-06 7.05e-06 7.2e-06 4.05e-06 7e-06 3.55e-06 3.35e-06 7.4e-06 4.55e-06 3.9e-06 8.45e-06 3.05e-06 7.4e-06 7.65e-06 6.2e-06 7.5e-06 6.9e-06 5.75e-06 8.95e-06 3.3e-06 4.9e-06 5.8e-06 6.75e-06 7.6e-06 5.95e-06 6.8e-06 3.9e-06 9.65e-06 4.85e-06 4.95e-06 3.55e-06 3.45e-06 7.85e-06 3.55e-06 6.55e-06 3.9e-06 5.8e-06 4e-06 7e-06 3.75e-06 5.85e-06 5.05e-06 7.65e-06 3.55e-06 7.6e-06 3.65e-06 8.3e-06 8.25e-06 6.1e-06 3.65e-06 3.2e-06 5.35e-06 3.5e-06 6.3e-06 3.45e-06 4.6e-06 5.8e-06 7.35e-06 5.95e-06 3.5e-06 6e-06 3.5e-06 6.4e-06 3.75e-06 5.9e-06 5.4e-06 4.85e-06 3.35e-06 3.9e-06 7.8e-06 3.6e-06 5.9e-06 3.4e-06 7.5e-06 3.9e-06
13 4.15e-06 8.3e-06 8.7e-06 4.45e-06 3.1e-06 8.4e-06 5.1e-06 6.5e-06 7.2e-06 7.8e-06 4.3e-06 1.05e-05 3.85e-06 3.3e-06 3.45e-06 4.1e-06 4.8e-06 3.35e-06 3.6e-06 1.21e-05 1.95e-06 3.65e-06 4.85e-06 7.95e-06 3.25e-06 3.4e-06 6.35e-06 8.05e-06 2.15e-06 6.35e-06 3.75e-06 3.3e-06 7.45e-06 5.4e-06 4.1e-06 8.85e-06 3.85e-06 7.15e-06 7.4e-06 5.15e-06 7.15e-06 8.25e-06 5e-06 9.9e-06 3.4e-06 5.85e-06 5.05e-06 6.55e-06 7.25e-06 6e-06 7.2e-06 4.1e-06 9.65e-06 4e-06 6.2e-06 3.1e-06 4.8e-06 7e-06 3.4e-06 5.9e-06 2e-06 5.1e-06 3e-06 7.6e-06 3.6e-06 5.15e-06 4.25e-06 7.3e-06 3.75e-06 7.25e-06 2.25e-06 7.95e-06 9e-06 5.8e-06 1.75e-06 3.4e-06 5.65e-06 3.35e-06 6.5e-06 2.05e-06 4.3e-06 6.7e-06 7.1e-06 6.2e-06 3.9e-06 6.55e-06 3.35e-06 5.9e-06 3.55e-06 6.4e-06 6.55e-06 4.55e-06 1.9e-06 4.25e-06 8.2e-06 3.45e-06 6.45e-06 3.5e-06 7.1e-06 4.5e-06
14 4.15e-06 7.85e-06 8.85e-06 4.65e-06 3.15e-06 7.2e-06 5.6e-06 5.6e-06 6.8e-06 6.7e-06 3.35e-06 1.025e-05 3.6e-06 3.45e-06 4.7e-06 3.85e-06 5.35e-06 2.7e-06 3.8e-06 1.19e-05 2.7e-06 4.1e-06 5.7e-06 6.75e-06 3.4e-06 2.65e-06 6.65e-06 7.85e-06 3.55e-06 6.6e-06 3.8e-06 2.55e-06 7.1e-06 5.4e-06 3.5e-06 8.65e-06 2.4e-06 7.2e-06 7.45e-06 5.45e-06 7.3e-06 8.25e-06 5.65e-06 9.65e-06 3.75e-06 5e-06 5.7e-06 6.6e-06 7.5e-06 6.1e-06 7.65e-06 4.2e-06 9.7e-06 3.85e-06 6.2e-06 2.4e-06 3.9e-06 8.05e-06 2.55e-06 6.05e-06 3.4e-06 5.5e-06 3e-06 6.45e-06 2.85e-06 5.65e-06 5.6e-06 7.2e-06 4.2e-06 7.4e-06 2.95e-06 8.35e-06 9.1e-06 5.55e-06 3.25e-06 3.5e-06 5.55e-06 2.5e-06 5.6e-06 2.55e-06 4.65e-06 6.75e-06 7.25e-06 6.15e-06 3.95e-06 5.75e-06 2.55e-06 6.5e-06 3.45e-06 6.55e-06 5.3e-06 4.9e-06 2.55e-06 4.6e-06 7.6e-06 2.5e-06 5.65e-06 3.75e-06 7.4e-06 3.65e-06
15 5.35e-06 8.9e-06 9.3e-06 5.2e-06 4.65e-06 8.8e-06 5.95e-06 6.3e-06 6.15e-06 7.95e-06 4.4e-06 1.12e-05 4.95e-06 4.1e-06 3.85e-06 6e-06 4.65e-06 4.15e-06 4.4e-06 1.275e-05 3.35e-06 4.7e-06 6.05e-06 8.45e-06 4.8e-06 4.15e-06 7.15e-06 8.65e-06 4.2e-06 7.1e-06 4.7e-06 4.05e-06 6.1e-06 6.2e-06 4.15e-06 9.7e-06 4.65e-06 7.95e-06 8.2e-06 5.35e-06 8.05e-06 8.95e-06 6e-06 1.07e-05 4.35e-06 5.1e-06 6.05e-06 7.1e-06 8.25e-06 6e-06 6.65e-06 5.05e-06 9.8e-06 3e-06 5.75e-06 3.45e-06 5.2e-06 8.8e-06 4.05e-06 6.8e-06 4.05e-06 5.85e-06 3.9e-06 7.75e-06 4.25e-06 6e-06 4.9e-06 7.95e-06 4.8e-06 8.15e-06 3.6e-06 7.95e-06 8.6e-06 5.95e-06 3.9e-06 4.1e-06 6.65e-06 4e-06 6.3e-06 3.2e-06 3.95e-06 7.35e-06 8e-06 3.95e-06 5.15e-06 6.9e-06 4e-06 6.3e-06 4.05e-06 6.85e-06 7e-06 4.2e-06 3.2e-06 5.1e-06 8.2e-06 4e-06 6.8e-06 4.35e-06 8.15e-06 4.95e-06
16 5.4e-06 8.8e-06 9.55e-06 4.45e-06 5.65e-06 9.5e-06 6.45e-06 7.4e-06 6.8e-06 8.95e-06 4.9e-06 1.095e-05 5e-06 4.8e-06 5.35e-06 4.65e-06 7.3e-06 5.3e-06 5.1e-06 1.26e-05 4.2e-06 4.2e-06 6.45e-06 9.15e-06 5.8e-06 5.3e-06 7.85e-06 8.65e-06 5e-06 7.8e-06 4.85e-06 5.05e-06 7.1e-06 6.1e-06 5.05e-06 9.95e-06 5.8e-06 8.45e-06 8.7e-06 6.35e-06 8.55e-06 8.45e-06 6.4e-06 1.045e-05 4.5e-06 5.25e-06 6.45e-06 7.55e-06 8.65e-06 6.15e-06 6.05e-06 5.15e-06 1.015e-05 4.55e-06 4.85e-06 4.9e-06 5.6e-06 9.05e-06 5.3e-06 7.6e-06 4.85e-06 6.45e-06 5.25e-06 8.75e-06 5.5e-06 6.5e-06 4.6e-06 8.7e-06 4.2e-06 8.65e-06 4.45e-06 8.3e-06 8e-06 6.8e-06 4.6e-06 4.5e-06 7.05e-06 5.25e-06 7.4e-06 4.25e-06 4e-06 6.95e-06 8.4e-06 4.25e-06 5.2e-06 7.6e-06 5.25e-06 6.95e-06 4.85e-06 6.85e-06 7.5e-06 4.25e-06 4.15e-06 5.4e-06 8.85e-06 5.35e-06 7.5e-06 4.6e-06 8.55e-06 6e-06
17 4.1e-06 7.8e-06 8.8e-06 4.6e-06 3.15e-06 7.2e-06 5.65e-06 5.3e-06 6.75e-06 6.65e-06 3.45e-06 1.02e-05 3.55e-06 3.35e-06 2.7e-06 4.15e-06 5.3e-06 4.6e-06 3.85e-06 1.185e-05 2.6e-06 4.05e-06 5.6e-06 6.75e-06 3.35e-06 2.65e-06 6.55e-06 7.8e-06 3.6e-06 6.55e-06 3.85e-06 2.55e-06 7.05e-06 5.35e-06 3.55e-06 8.6e-06 2.4e-06 7.35e-06 7.6e-06 5.6e-06 7.35e-06 8.2e-06 5.55e-06 9.6e-06 3.8e-06 4.7e-06 5.6e-06 6.65e-06 7.45e-06 6.15e-06 7.6e-06 4.2e-06 9.65e-06 4.05e-06 6.15e-06 2.6e-06 3.85e-06 8e-06 2.65e-06 6.1e-06 3.45e-06 5.65e-06 3.15e-06 6.4e-06 2.9e-06 5.7e-06 5.55e-06 7.5e-06 4.15e-06 7.45e-06 2.9e-06 8.3e-06 9.05e-06 5.6e-06 3.2e-06 3.8e-06 5.5e-06 2.6e-06 5.3e-06 2.7e-06 4.8e-06 6.7e-06 7.3e-06 6.1e-06 3.85e-06 5.45e-06 2.6e-06 6.45e-06 3.75e-06 6.5e-06 5.3e-06 5.05e-06 2.55e-06 4.55e-06 7.55e-06 2.7e-06 5.35e-06 3.9e-06 7.3e-06 3.6e-06
18 4.4e-06 8.75e-06 8.65e-06 3.65e-06 4.6e-06 8e-06 4.85e-06 6.7e-06 7.3e-06 8.45e-06 3.75e-06 9.95e-06 4e-06 3.6e-06 3.8e-06 4.4e-06 5.1e-06 3.85e-06 4.5e-06 1.13e-05 2.6e-06 3.55e-06 5.05e-06 8.05e-06 4.75e-06 3.85e-06 7.2e-06 7.25e-06 3.7e-06 7.15e-06 3.6e-06 3.75e-06 8.05e-06 5.3e-06 3e-06 9.1e-06 4.55e-06 7.1e-06 7.4e-06 5.45e-06 6.8e-06 7.6e-06 5e-06 9.85e-06 3.2e-06 6e-06 5.05e-06 6.85e-06 7e-06 5.65e-06 6.85e-06 4.1e-06 9.65e-06 4.3e-06 5.85e-06 3.15e-06 4.55e-06 7.8e-06 3.75e-06 6.4e-06 3.55e-06 4.95e-06 3.75e-06 8.25e-06 3.85e-06 5e-06 5.6e-06 6.95e-06 3.65e-06 6.9e-06 2.85e-06 7.65e-06 8.95e-06 5.2e-06 3.4e-06 3.2e-06 5.85e-06 3.7e-06 6.7e-06 2.35e-06 4.5e-06 6.1e-06 7.05e-06 6.3e-06 4.2e-06 6.35e-06 3.6e-06 6.15e-06 2.9e-06 5.3e-06 6.7e-06 4.75e-06 2.45e-06 3.7e-06 7.65e-06 3.8e-06 6.25e-06 3.3e-06 6.9e-06 4.55e-06
19 1.16e-05 1.18e-05 7e-06 1.125e-05 1.17e-05 6.05e-06 9.9e-06 1.275e-05 1.125e-05 1.23e-05 1.175e-05 5.1e-06 1.13e-05 1.21e-05 1.19e-05 1.275e-05 1.26e-05 1.185e-05 1.13e-05 1.1e-06 1.2e-05 1.195e-05 9.9e-06 1.26e-05 1.185e-05 1.185e-05 1.245e-05 1.255e-05 1.23e-05 1.24e-05 1.11e-05 1.165e-05 1.305e-05 1.14e-05 1.18e-05 1.265e-05 1.135e-05 6.4e-06 6.65e-06 1.295e-05 6.35e-06 5.9e-06 9.85e-06 1.15e-05 1.18e-05 1.22e-05 9.9e-06 1.175e-05 6.4e-06 1.24e-05 9.9e-06 1.145e-05 1.365e-05 1.265e-05 1.135e-05 1.185e-05 1.165e-05 6.35e-06 1.185e-05 9.4e-06 1.215e-05 9.9e-06 1.25e-05 1.21e-05 1.205e-05 9.95e-06 1.23e-05 6.5e-06 1.205e-05 6.45e-06 1.225e-05 1.055e-05 1.31e-05 1e-05 1.19e-05 1.18e-05 9.5e-06 1.18e-05 1.275e-05 1.205e-05 1.22e-05 8.85e-06 6.35e-06 1.275e-05 1.14e-05 9.8e-06 1.18e-05 1.21e-05 1.185e-05 9.5e-06 1.04e-05 1.245e-05 1.195e-05 1.095e-05 6.4e-06 1.19e-05 9.7e-06 1.19e-05 6.3e-06 1.205e-05
20 3.5e-06 8.4e-06 8.6e-06 3.75e-06 3.7e-06 8.25e-06 4.4e-06 6.05e-06 7.05e-06 7.8e-06 3.25e-06 1.04e-05 3.4e-06 1.95e-06 2.7e-06 3.35e-06 4.2e-06 2.6e-06 2.6e-06 1.2e-05 7e-07 2.75e-06 4.35e-06 7.8e-06 3.85e-06 2.65e-06 5.75e-06 7.65e-06 2.2e-06 5.8e-06 2.9e-06 2.65e-06 7.45e-06 5e-06 3.1e-06 8.75e-06 3.65e-06 6.45e-06 6.7e-06 4.15e-06 6.45e-06 7.85e-06 4.25e-06 9.8e-06 2.4e-06 5.7e-06 4.3e-06 6e-06 6.55e-06 5.1e-06 7.1e-06 3.25e-06 9.25e-06 3.25e-06 5.95e-06 2.05e-06 4.35e-06 7.65e-06 2.65e-06 5.2e-06 2.05e-06 4.4e-06 2.6e-06 7.6e-06 2.85e-06 4.45e-06 4.9e-06 6.6e-06 2.85e-06 6.55e-06 9.5e-07 7.55e-06 8.9e-06 5.1e-06 1.8e-06 2.4e-06 5.5e-06 2.6e-06 6.05e-06 7.5e-07 3.6e-06 6.45e-06 6.4e-06 6.05e-06 3.2e-06 6.4e-06 2.6e-06 5.2e-06 2.55e-06 6e-06 6.4e-06 3.85e-06 6e-07 3.55e-06 7.9e-06 2.7e-06 6.3e-06 2.5e-06 6.35e-06 4.05e-06
21 3.85e-06 8.15e-06 8.95e-06 2.4e-06 4.7e-06 8.65e-06 5.45e-06 6.85e-06 7.15e-06 8.6e-06 3.75e-06 1.02e-05 3.45e-06 3.65e-06 4.1e-06 4.7e-06 4.2e-06 4.05e-06 3.55e-06 1.195e-05 2.75e-06 4.4e-06 5.45e-06 8.2e-06 4.85e-06 4.05e-06 7.3e-06 7.4e-06 3.85e-06 7.25e-06 3.45e-06 3.8e-06 8e-06 4.55e-06 3.5e-06 9.1e-06 4.75e-06 7.4e-06 7.65e-06 5.6e-06 7.5e-06 7.1e-06 5.4e-06 9.6e-06 2.5e-06 5.7e-06 5.45e-06 7e-06 7.6e-06 5.25e-06 6.75e-06 3.8e-06 9.7e-06 4.6e-06 5.15e-06 3.55e-06 3.8e-06 8.3e-06 4.05e-06 6.55e-06 3.7e-06 5.45e-06 4e-06 8.4e-06 4.25e-06 5.5e-06 5.15e-06 7.65e-06 2.3e-06 7.6e-06 3e-06 8e-06 8.55e-06 5.8e-06 3.45e-06 2.75e-06 6.25e-06 4e-06 6.85e-06 2.8e-06 4.25e-06 6e-06 7.35e-06 6e-06 3.65e-06 6.8e-06 4e-06 6e-06 3.3e-06 5.75e-06 6.55e-06 4.5e-06 2.7e-06 3.65e-06 8.3e-06 4.1e-06 6.7e-06 2.6e-06 7.5e-06 4.5e-06
22 6.1e-06 9.5e-06 7.3e-06 5.65e-06 6.1e-06 8.3e-06 4.4e-06 8.2e-06 8.55e-06 9.3e-06 5.8e-06 9.95e-06 5.8e-06 4.85e-06 5.7e-06 6.05e-06 6.45e-06 5.6e-06 5.05e-06 9.9e-06 4.35e-06 5.45e-06 8.1e-06 9.2e-06 6.25e-06 5.65e-06 8e-06 8.85e-06 5.3e-06 8e-06 5.55e-06 5.55e-06 9.1e-06 6.9e-06 5.6e-06 9.95e-06 6.25e-06 7.3e-06 7.55e-06 7e-06 7.2e-06 7.8e-06 4.3e-06 1.07e-05 5.2e-06 7.35e-06 4.4e-06 7.8e-06 7.3e-06 7.25e-06 5.85e-06 5.75e-06 1.05e-05 5.95e-06 7.2e-06 5.2e-06 6.45e-06 7.8e-06 5.65e-06 7.6e-06 5.15e-06 4.45e-06 5.6e-06 9.1e-06 5.85e-06 4.45e-06 6.65e-06 7.35e-06 5.55e-06 7.3e-06 4.65e-06 6.7e-06 9.65e-06 4.9e-06 4.9e-06 5.2e-06 5.2e-06 5.6e-06 8.2e-06 4.45e-06 5.95e-06 5.4e-06 7.25e-06 7.4e-06 5.85e-06 5.8e-06 5.6e-06 7.2e-06 5.35e-06 5.1e-06 8.2e-06 6.2e-06 4.3e-06 5.5e-06 7.95e-06 5.7e-06 5.6e-06 5.3e-06 7.15e-06 6.45e-06
23 7.7e-06 9.9e-06 1.085e-05 7.95e-06 6.6e-06 9.05e-06 9.2e-06 9.05e-06 9.45e-06 9.25e-06 7.25e-06 1.155e-05 7.05e-06 7.95e-06 6.75e-06 8.45e-06 9.15e-06 6.75e-06 8.05e-06 1.26e-05 7.8e-06 8.2e-06 9.2e-06 1.07e-05 6.85e-06 6.7e-06 1.025e-05 6.65e-06 8.15e-06 1.02e-05 7.65e-06 6.5e-06 1.005e-05 8e-06 7.55e-06 6.7e-06 5.7e-06 1.03e-05 1.055e-05 1.015e-05 1.03e-05 1.025e-05 9.15e-06 7.7e-06 8.05e-06 7.85e-06 9.2e-06 9.95e-06 1.04e-05 1e-05 9.95e-06 8e-06 8.75e-06 8.35e-06 8.8e-06 7e-06 7.05e-06 1.035e-05 6.7e-06 9.75e-06 8e-06 9.2e-06 7.6e-06 9e-06 7e-06 9.25e-06 8.9e-06 1.045e-05 8.3e-06 1.04e-05 8.05e-06 1.125e-05 7.55e-06 8.85e-06 7.75e-06 8.05e-06 8.3e-06 6.65e-06 9.05e-06 7.85e-06 8.75e-06 8.9e-06 1.025e-05 9.2e-06 7.5e-06 8.2e-06 6.7e-06 1.07e-05 8.05e-06 9.2e-06 7.75e-06 9e-06 7.75e-06 8.55e-06 9.8e-06 6.75e-06 8.1e-06 8.15e-06 1.03e-05 7.1e-06
24 4.65e-06 7.6e-06 8.8e-06 5.2e-06 2.5e-06 7.3e-06 6.25e-06 5.95e-06 6.8e-06 6.35e-06 4.45e-06 1.02e-05 3.9e-06 3.25e-06 3.4e-06 4.8e-06 5.8e-06 3.35e-06 4.75e-06 1.185e-05 3.85e-06 4.85e-06 6.25e-06 6.85e-06 4.8e-06 3.35e-06 7.05e-06 8.1e-06 3.4e-06 7e-06 4.6e-06 3.15e-06 6.95e-06 5.65e-06 4.5e-06 8.6e-06 2.55e-06 7.95e-06 8.2e-06 6.5e-06 7.95e-06 8.5e-06 6.2e-06 9.6e-06 4.7e-06 5.05e-06 6.25e-06 7.1e-06 8.05e-06 6.95e-06 7.6e-06 4.95e-06 9.95e-06 4.7e-06 6.3e-06 3.6e-06 4.2e-06 7.25e-06 3.35e-06 6.7e-06 3.3e-06 6.25e-06 3.3e-06 6.35e-06 3.35e-06 6.3e-06 4.75e-06 8.1e-06 4.95e-06 8.05e-06 4.1e-06 8.6e-06 9.05e-06 6.25e-06 3.05e-06 4.7e-06 5.55e-06 3.3e-06 5.95e-06 3.9e-06 5.4e-06 6.85e-06 7.9e-06 6.15e-06 4.45e-06 5.8e-06 3.3e-06 7.05e-06 4.65e-06 6.8e-06 5.4e-06 5.65e-06 3.8e-06 5.15e-06 7.75e-06 3.4e-06 5.7e-06 4.8e-06 7.95e-06 3.95e-06
25 4.1e-06 7.8e-06 8.8e-06 4.6e-06 3.1e-06 7.15e-06 5.65e-06 5.55e-06 6.75e-06 6.65e-06 3.45e-06 1.02e-05 3.55e-06 3.4e-06 2.65e-06 4.15e-06 5.3e-06 2.65e-06 3.85e-06 1.185e-05 2.65e-06 4.05e-06 5.65e-06 6.7e-06 3.35e-06 4.6e-06 6.6e-06 7.8e-06 3.6e-06 6.55e-06 3.85e-06 2.5e-06 7.05e-06 5.35e-06 3.55e-06 8.6e-06 2.35e-06 7.35e-06 7.6e-06 5.6e-06 7.35e-06 8.2e-06 5.6e-06 9.6e-06 3.8e-06 4.95e-06 5.65e-06 6.65e-06 7.15e-06 6.15e-06 7.6e-06 4.2e-06 9.65e-06 4.05e-06 6.15e-06 2.6e-06 3.85e-06 8e-06 2.6e-06 6.1e-06 3.45e-06 5.65e-06 3.15e-06 6.4e-06 2.9e-06 5.7e-06 5.55e-06 7.5e-06 4.15e-06 7.45e-06 2.9e-06 8.3e-06 9.05e-06 5.6e-06 3.2e-06 3.8e-06 5.5e-06 2.55e-06 5.55e-06 2.7e-06 4.8e-06 6.7e-06 7.3e-06 6.1e-06 3.9e-06 5.7e-06 2.6e-06 6.45e-06 3.75e-06 6.5e-06 5.25e-06 5.05e-06 2.6e-06 4.55e-06 7.55e-06 2.65e-06 5.6e-06 3.9e-06 7.35e-06 3.6e-06
26 7.05e-06 6.8e-06 1.035e-05 7.9e-06 6.9e-06 9.85e-06 8.05e-06 7.2e-06 9.2e-06 6.55e-06 7.55e-06 1.155e-05 7.05e-06 6.35e-06 6.65e-06 7.15e-06 7.85e-06 6.55e-06 7.2e-06 1.245e-05 5.75e-06 7.3e-06 8e-06 1.025e-05 7.05e-06 6.6e-06 1.1e-05 1.08e-05 6.6e-06 5.65e-06 7.1e-06 6.5e-06 7.05e-06 8.4e-06 7.55e-06 1.115e-05 6.6e-06 9.25e-06 9.5e-06 6.5e-06 9.25e-06 1.015e-05 7.9e-06 1.18e-05 7.05e-06 8.25e-06 7.95e-06 6.05e-06 9.35e-06 7.15e-06 9.35e-06 7.45e-06 1.01e-05 7.05e-06 8.75e-06 6.55e-06 7.8e-06 9.7e-06 6.6e-06 8.45e-06 6.45e-06 8.05e-06 7e-06 6.35e-06 6.8e-06 8.1e-06 7.9e-06 9.4e-06 7.4e-06 9.35e-06 6.1e-06 8.4e-06 1.115e-05 8.55e-06 6.2e-06 7.05e-06 8.15e-06 6.55e-06 7.2e-06 5.9e-06 7.35e-06 9.15e-06 9.2e-06 8.45e-06 6.8e-06 8.85e-06 6.55e-06 7e-06 7.2e-06 9.15e-06 8.7e-06 7.6e-06 5.75e-06 7.65e-06 1.01e-05 6.65e-06 8.75e-06 7.15e-06 9.15e-06 7.5e-06
27 7.7e-06 1.06e-05 1.095e-05 6.5e-06 7.95e-06 1.03e-05 8.85e-06 1e-05 9.6e-06 1.095e-05 7.35e-06 1.15e-05 7.2e-06 8.05e-06 7.85e-06 8.65e-06 8.65e-06 7.8e-06 7.25e-06 1.255e-05 7.65e-06 7.4e-06 8.85e-06 6.65e-06 8.1e-06 7.8e-06 1.08e-05 1.12e-05 8.25e-06 1.075e-05 7.3e-06 7.6e-06 1.095e-05 7.65e-06 6.7e-06 7.2e-06 7.75e-06 1.01e-05 1.035e-05 9.9e-06 1.03e-05 9.4e-06 8.8e-06 7.7e-06 7.25e-06 8.55e-06 8.85e-06 1.015e-05 1.04e-05 9.25e-06 9.25e-06 7.65e-06 8.7e-06 8.55e-06 8.1e-06 7.55e-06 7.4e-06 1.06e-05 7.8e-06 1.005e-05 8.1e-06 8.85e-06 8.1e-06 1.075e-05 8e-06 8.9e-06 8.65e-06 1.045e-05 7.5e-06 1.04e-05 7.9e-06 1.08e-05 7.25e-06 8.75e-06 7.85e-06 7.25e-06 8.9e-06 7.75e-06 1e-05 7.7e-06 8.25e-06 8.35e-06 1.005e-05 9.05e-06 7.5e-06 9.05e-06 7.75e-06 1.025e-05 6.95e-06 7.8e-06 8.8e-06 8.5e-06 7.6e-06 7.15e-06 1.03e-05 7.85e-06 8.95e-06 7.35e-06 1.03e-05 7.9e-06
28 4.35e-06 8.5e-06 8.9e-06 4.65e-06 3.3e-06 8.6e-06 5.2e-06 6.7e-06 7.4e-06 8e-06 4.35e-06 1.07e-05 4.05e-06 2.15e-06 3.55e-06 4.2e-06 5e-06 3.6e-06 3.7e-06 1.23e-05 2.2e-06 3.85e-06 5.3e-06 8.15e-06 3.4e-06 3.6e-06 6.6e-06 8.25e-06 3.7e-06 6.55e-06 3.85e-06 3.5e-06 7.65e-06 5.6e-06 4.2e-06 9.05e-06 4.05e-06 7.25e-06 7.55e-06 5.3e-06 7.1e-06 8.45e-06 5.25e-06 1.01e-05 3.5e-06 6.05e-06 5.3e-06 6.65e-06 7.45e-06 6.1e-06 7.4e-06 4.25e-06 9.85e-06 4.1e-06 6.4e-06 3.15e-06 5e-06 7.2e-06 3.5e-06 6e-06 1.95e-06 5.2e-06 3.15e-06 7.8e-06 3.7e-06 5.25e-06 4.4e-06 7.4e-06 3.95e-06 7.35e-06 2.45e-06 8.15e-06 9.2e-06 5.9e-06 1.95e-06 3.5e-06 5.85e-06 3.3e-06 6.7e-06 2.05e-06 4.4e-06 6.9e-06 7.05e-06 6.4e-06 4.15e-06 6.75e-06 3.45e-06 6.1e-06 3.65e-06 6.6e-06 6.75e-06 4.65e-06 2.05e-06 4.45e-06 8.4e-06 3.55e-06 6.65e-06 3.6e-06 7.35e-06 4.7e-06
29 7e-06 6.75e-06 1.03e-05 7.85e-06 6.85e-06 9.8e-06 8e-06 7.15e-06 9.15e-06 6.5e-06 7.5e-06 1.15e-05 7e-06 6.35e-06 6.6e-06 7.1e-06 7.8e-06 6.55e-06 7.15e-06 1.24e-05 5.8e-06 7.25e-06 8e-06 1.02e-05 7e-06 6.55e-06 5.65e-06 1.075e-05 6.55e-06 1.09e-05 7.05e-06 6.45e-06 7e-06 8.35e-06 7.5e-06 1.11e-05 6.55e-06 9.2e-06 9.45e-06 6.45e-06 9.2e-06 1.01e-05 7.95e-06 1.175e-05 7e-06 8.2e-06 8e-06 6e-06 9.3e-06 7.1e-06 9.3e-06 7.4e-06 1.005e-05 7e-06 8.7e-06 6.5e-06 7.75e-06 9.65e-06 6.55e-06 8.4e-06 6.4e-06 8e-06 6.95e-06 6.3e-06 6.75e-06 8.05e-06 7.85e-06 9.35e-06 7.35e-06 9.3e-06 6.05e-06 8.35e-06 1.11e-05 8.5e-06 6.05e-06 7e-06 8.1e-06 6.5e-06 7.15e-06 5.85e-06 7.3e-06 9.1e-06 9.15e-06 8.4e-06 6.85e-06 8.8e-06 6.5e-06 6.95e-06 7.15e-06 9.1e-06 8.65e-06 7.55e-06 5.75e-06 7.6e-06 1.005e-05 6.6e-06 8.7e-06 7.1e-06 9.2e-06 7.45e-06
30 3.85e-06 7.8e-06 8.55e-06 3.15e-06 4.45e-06 7.95e-06 5.35e-06 6.7e-06 6.75e-06 8.05e-06 3.6e-06 9.35e-06 3.55e-06 3.75e-06 3.8e-06 4.7e-06 4.85e-06 3.85e-06 3.6e-06 1.11e-05 2.9e-06 3.45e-06 5.55e-06 7.65e-06 4.6e-06 3.85e-06 7.1e-06 7.3e-06 3.85e-06 7.05e-06 5.1e-06 3.75e-06 7.8e-06 4.6e-06 3.65e-06 8.4e-06 4.2e-06 6.95e-06 7.25e-06 5.75e-06 7.05e-06 7.05e-06 5.5e-06 8.9e-06 3.1e-06 5.45e-06 5.55e-06 6.7e-06 7.25e-06 5.55e-06 6.8e-06 3.2e-06 9.55e-06 4.6e-06 4.6e-06 3.4e-06 4.15e-06 7.9e-06 3.75e-06 6.1e-06 3.7e-06 5.45e-06 4.05e-06 7.85e-06 3.85e-06 5.5e-06 5.2e-06 7.2e-06 3.55e-06 7.15e-06 3.15e-06 8.15e-06 8.3e-06 5.8e-06 3.55e-06 3.1e-06 6e-06 3.7e-06 6.7e-06 2.65e-06 4.25e-06 5.25e-06 6.9e-06 6.05e-06 3.65e-06 6.55e-06 3.6e-06 6.45e-06 3.45e-06 5.95e-06 5.85e-06 4.5e-06 2.75e-06 4.15e-06 7.9e-06 3.8e-06 6.45e-06 3.2e-06 7.15e-06 4.55e-06
31 4e-06 7.6e-06 8.6e-06 4.4e-06 2.9e-06 6.95e-06 5.55e-06 5.4e-06 6.55e-06 6.45e-06 3.4e-06 1e-05 3.35e-06 3.3e-06 2.55e-06 4.05e-06 5.05e-06 2.55e-06 3.75e-06 1.165e-05 2.65e-06 3.8e-06 5.55e-06 6.5e-06 3.15e-06 2.5e-06 6.5e-06 7.6e-06 3.5e-06 6.45e-06 3.75e-06 4.2e-06 6.85e-06 5.15e-06 3.45e-06 8.4e-06 2.15e-06 7.25e-06 7.5e-06 5.55e-06 7.25e-06 8e-06 5.5e-06 9.4e-06 3.7e-06 4.75e-06 5.55e-06 6.55e-06 7.35e-06 6.05e-06 7.4e-06 4.1e-06 9.5e-06 3.95e-06 5.95e-06 2.55e-06 3.65e-06 7.8e-06 2.5e-06 6e-06 3.35e-06 5.55e-06 3.05e-06 6.2e-06 2.8e-06 5.6e-06 5.35e-06 7.4e-06 3.9e-06 7.35e-06 2.9e-06 8.15e-06 8.85e-06 5.5e-06 3.1e-06 3.7e-06 5.3e-06 2.45e-06 5.4e-06 2.7e-06 4.7e-06 6.5e-06 7.2e-06 5.9e-06 3.8e-06 5.5e-06 2.5e-06 6.3e-06 3.65e-06 6.3e-06 5.05e-06 4.95e-06 2.6e-06 4.35e-06 7.35e-06 2.55e-06 5.4e-06 3.8e-06 7.25e-06 3.4e-06
32 7.6e-06 7e-06 1.05e-05 8e-06 6.8e-06 9.8e-06 9.1e-06 6.5e-06 7.2e-06 6.65e-06 7.65e-06 1.17e-05 7.4e-06 7.45e-06 7.1e-06 6.1e-06 7.1e-06 7.05e-06 8.05e-06 1.305e-05 7.45e-06 8e-06 9.1e-06 1.005e-05 6.95e-06 7.05e-06 7.05e-06 1.095e-05 7.65e-06 7e-06 7.8e-06 6.85e-06 8.8e-06 8.35e-06 7.65e-06 1.125e-05 6.55e-06 1.035e-05 1.06e-05 6.95e-06 1.035e-05 1.05e-05 9.05e-06 1.18e-05 7.85e-06 6.45e-06 9.1e-06 7.2e-06 1.045e-05 7e-06 8.15e-06 8.1e-06 9.9e-06 6e-06 7.2e-06 7.15e-06 7.4e-06 1.025e-05 7.05e-06 9.15e-06 7.5e-06 9.1e-06 7.45e-06 6.45e-06 7.25e-06 9.15e-06 6.7e-06 1.05e-05 8.1e-06 1.045e-05 7.7e-06 8.3e-06 9.85e-06 8.9e-06 7.25e-06 7.9e-06 8.7e-06 7e-06 6.5e-06 7.5e-06 6.7e-06 9.3e-06 1.03e-05 5.15e-06 7.5e-06 8.75e-06 7e-06 7.3e-06 8e-06 9.4e-06 8.2e-06 6.95e-06 7.4e-06 8.3e-06 9.8e-06 7.1e-06 8.65e-06 7.95e-06 1.035e-05 7.35e-06
33 4.95e-06 8.1e-06 8.35e-06 3.65e-06 5.5e-06 8.55e-06 6.9e-06 7.45e-06 6.95e-06 8.75e-06 5e-06 9.35e-06 4.55e-06 5.4e-06 5.4e-06 6.2e-06 6.1e-06 5.35e-06 5.3e-06 1.14e-05 5e-06 4.55e-06 6.9e-06 8e-06 5.65e-06 5.35e-06 8.4e-06 7.65e-06 5.6e-06 8.35e-06 4.6e-06 5.15e-06 8.35e-06 6.9e-06 4.95e-06 7.15e-06 5.4e-06 8.25e-06 8.5e-06 7.15e-06 8.35e-06 7.45e-06 6.85e-06 8.65e-06 4.4e-06 6.2e-06 6.9e-06 8e-06 8.45e-06 6.45e-06 7.4e-06 4.95e-06 9.75e-06 6.1e-06 5.5e-06 5.1e-06 4.75e-06 8.65e-06 5.35e-06 6.75e-06 5.45e-06 6.9e-06 5.65e-06 8.55e-06 5.55e-06 6.95e-06 6.1e-06 8.5e-06 4.65e-06 8.45e-06 5.25e-06 8.75e-06 8.5e-06 6.95e-06 5.2e-06 4.5e-06 7.05e-06 5.3e-06 7.45e-06 5.05e-06 5.7e-06 6.35e-06 8.2e-06 6.7e-06 4.75e-06 7.3e-06 5.3e-06 7.35e-06 5.05e-06 6.7e-06 6.15e-06 5.95e-06 4.95e-06 5.2e-06 8.55e-06 5.4e-06 7.2e-06 4.5e-06 8.35e-06 4.55e-06
34 4.35e-06 8.55e-06 8.9e-06 3.05e-06 4.3e-06 7.95e-06 5.5e-06 5.95e-06 6.45e-06 8.05e-06 2.9e-06 1.01e-05 3.9e-06 4.1e-06 3.5e-06 4.15e-06 5.05e-06 3.55e-06 3e-06 1.18e-05 3.1e-06 3.5e-06 5.6e-06 7.55e-06 4.5e-06 3.55e-06 7.55e-06 6.7e-06 4.2e-06 7.5e-06 3.65e-06 3.45e-06 7.65e-06 4.95e-06 3.5e-06 9.1e-06 4.2e-06 7.35e-06 7.65e-06 5.5e-06 7.55e-06 7.3e-06 5.55e-06 9.55e-06 3.15e-06 5.15e-06 5.6e-06 7.05e-06 7.75e-06 5.15e-06 6.85e-06 4.05e-06 9.5e-06 4.05e-06 5.35e-06 2.85e-06 3.75e-06 8.55e-06 3.45e-06 6.6e-06 4.05e-06 5.5e-06 3.5e-06 7.8e-06 3.7e-06 5.55e-06 5.55e-06 7.7e-06 3.6e-06 7.65e-06 3.35e-06 7.75e-06 8.7e-06 4.9e-06 3.9e-06 3.15e-06 6.35e-06 3.4e-06 5.95e-06 2.95e-06 4.45e-06 6.1e-06 7.3e-06 5.5e-06 4.15e-06 6.1e-06 3.4e-06 6.2e-06 2.5e-06 5e-06 5.8e-06 4.7e-06 2.95e-06 3.35e-06 7.65e-06 3.5e-06 6e-06 3.25e-06 7.65e-06 4e-06
35 8.75e-06 1.09e-05 1.05e-05 8.8e-06 8.45e-06 1.05e-05 9.95e-06 1.065e-05 1e-05 1.1e-05 8.9e-06 1.135e-05 8.45e-06 8.85e-06 8.65e-06 9.7e-06 9.95e-06 8.6e-06 9.1e-06 1.265e-05 8.75e-06 9.1e-06 9.95e-06 6.7e-06 8.6e-06 8.6e-06 1.115e-05 7.2e-06 9.05e-06 1.11e-05 8.4e-06 8.4e-06 1.125e-05 7.15e-06 9.1e-06 1.04e-05 8.1e-06 1.08e-05 1.105e-05 1.085e-05 1.08e-05 1.07e-05 9.9e-06 7.4e-06 8.95e-06 9.55e-06 9.95e-06 1.085e-05 1.09e-05 1.07e-05 1.055e-05 8.75e-06 8.9e-06 9.6e-06 9.4e-06 8.6e-06 8.8e-06 1.08e-05 8.6e-06 9.6e-06 8.9e-06 9.95e-06 9.25e-06 1.08e-05 8.8e-06 1e-05 9.65e-06 1.095e-05 9.2e-06 1.09e-05 9e-06 1.175e-05 7.8e-06 1.005e-05 8.65e-06 8.95e-06 9.55e-06 8.55e-06 1.065e-05 8.8e-06 9.55e-06 9.45e-06 1.075e-05 1.03e-05 8.55e-06 9.85e-06 8.55e-06 1.13e-05 9.15e-06 1.01e-05 8.95e-06 9.8e-06 8.7e-06 9.55e-06 1.085e-05 8.65e-06 9.75e-06 9.05e-06 1.08e-05 8.15e-06
36 4.1e-06 6.8e-06 8.65e-06 5.2e-06 2.3e-06 6.15e-06 6.25e-06 5.2e-06 6.5e-06 5.4e-06 3.75e-06 9.7e-06 3.05e-06 3.85e-06 2.4e-06 4.65e-06 5.8e-06 2.4e-06 4.55e-06 1.135e-05 3.65e-06 4.75e-06 6.25e-06 5.7e-06 2.55e-06 2.35e-06 6.6e-06 7.75e-06 4.05e-06 6.55e-06 4.2e-06 2.15e-06 6.55e-06 5.4e-06 4.2e-06 8.1e-06 1.6e-06 7.6e-06 7.85e-06 6.5e-06 7.6e-06 8.25e-06 6.2e-06 9.1e-06 4.6e-06 4.3e-06 6.25e-06 6.65e-06 7.7e-06 7e-06 7.8e-06 4.55e-06 9.8e-06 4.55e-06 6.1e-06 2.9e-06 3.4e-06 7.7e-06 2.35e-06 6.35e-06 3.9e-06 6.25e-06 3.4e-06 5.15e-06 2.65e-06 6.3e-06 5.6e-06 7.75e-06 4.85e-06 7.7e-06 3.9e-06 8.8e-06 8.9e-06 6.15e-06 3.65e-06 4.6e-06 4.8e-06 2.3e-06 5.2e-06 3.7e-06 5.4e-06 6.65e-06 7.55e-06 6.2e-06 3.9e-06 5.05e-06 2.35e-06 7.15e-06 4.45e-06 6.8e-06 4.25e-06 5.65e-06 3.6e-06 5.05e-06 7.2e-06 2.4e-06 4.95e-06 4.7e-06 7.6e-06 3.15e-06
37 7.6e-06 1.015e-05 7.95e-06 7.5e-06 7.8e-06 7.4e-06 7.2e-06 9.5e-06 9.2e-06 1.015e-05 7.4e-06 7.95e-06 7.4e-06 7.15e-06 7.2e-06 7.95e-06 8.45e-06 7.35e-06 7.1e-06 6.4e-06 6.45e-06 7.4e-06 7.3e-06 1.03e-05 7.95e-06 7.35e-06 9.25e-06 1.01e-05 7.25e-06 9.2e-06 6.95e-06 7.25e-06 1.035e-05 8.25e-06 7.35e-06 1.08e-05 7.6e-06 1.22e-05 6.5e-06 8.5e-06 6.55e-06 6.8e-06 7.25e-06 1.07e-05 7.05e-06 9e-06 7.3e-06 8.85e-06 6.7e-06 8.7e-06 8.6e-06 7.35e-06 1.155e-05 7.85e-06 8.7e-06 6.85e-06 8.05e-06 7.25e-06 7.25e-06 7.3e-06 7.1e-06 7.1e-06 7.5e-06 9.95e-06 7.45e-06 7.25e-06 8.65e-06 6.6e-06 7.5e-06 6.65e-06 6.7e-06 9.2e-06 1.105e-05 7.6e-06 6.95e-06 6.95e-06 7.65e-06 7.2e-06 9.5e-06 6.3e-06 7.75e-06 7.75e-06 6.25e-06 9.45e-06 7.4e-06 8.25e-06 7.2e-06 8.75e-06 7e-06 7.8e-06 8.45e-06 7.95e-06 6.3e-06 7.25e-06 7.4e-06 7.2e-06 8.15e-06 7.05e-06 6.6e-06 8.15e-06
38 7.85e-06 1.04e-05 8.2e-06 7.75e-06 8.05e-06 7.65e-06 7.5e-06 9.75e-06 9.45e-06 1.04e-05 7.75e-06 8.2e-06 7.65e-06 7.4e-06 7.45e-06 8.2e-06 8.7e-06 7.6e-06 7.4e-06 6.65e-06 6.7e-06 7.65e-06 7.55e-06 1.055e-05 8.2e-06 7.6e-06 9.5e-06 1.035e-05 7.55e-06 9.45e-06 7.25e-06 7.5e-06 1.06e-05 8.5e-06 7.65e-06 1.105e-05 7.85e-06 6.5e-06 1.27e-05 8.55e-06 6.85e-06 7.05e-06 7.5e-06 1.095e-05 7.35e-06 9.25e-06 7.55e-06 9.15e-06 6.95e-06 9e-06 8.85e-06 7.65e-06 1.18e-05 8.1e-06 8.95e-06 7.15e-06 8.3e-06 7.5e-06 7.55e-06 7.6e-06 7.4e-06 7.4e-06 7.6e-06 1.02e-05 7.75e-06 7.55e-06 8.9e-06 6.85e-06 7.75e-06 6.95e-06 6.95e-06 9.45e-06 1.13e-05 7.9e-06 7.2e-06 7.2e-06 7.9e-06 7.5e-06 9.7e-06 6.65e-06 8.05e-06 8e-06 6.55e-06 9.7e-06 7.65e-06 8.5e-06 7.5e-06 9e-06 7.25e-06 8.05e-06 8.7e-06 8.3e-06 6.6e-06 7.5e-06 7.65e-06 7.5e-06 8.4e-06 7.35e-06 6.85e-06 8.4e-06
39 6.4e-06 8.5e-06 9.8e-06 6.1e-06 6.35e-06 9.95e-06 6.95e-06 5.65e-06 8.2e-06 7.95e-06 5.8e-06 1.155e-05 6.2e-06 5.15e-06 5.45e-06 5.35e-06 6.35e-06 5.6e-06 5.45e-06 1.295e-05 4.15e-06 5.6e-06 7e-06 1.015e-05 6.5e-06 5.6e-06 6.5e-06 9.9e-06 5.3e-06 6.45e-06 5.75e-06 5.55e-06 6.95e-06 7.15e-06 5.5e-06 1.085e-05 6.5e-06 8.5e-06 8.55e-06 7.6e-06 8.6e-06 9.5e-06 6.95e-06 1.16e-05 5.25e-06 7.4e-06 7e-06 6.5e-06 8.75e-06 4.7e-06 8.45e-06 6.15e-06 8.75e-06 5.25e-06 7.6e-06 4.85e-06 6.75e-06 9.55e-06 5.55e-06 7.2e-06 5.15e-06 6.85e-06 5.25e-06 7.75e-06 5.75e-06 7e-06 6.8e-06 8.6e-06 5.7e-06 8.7e-06 4.4e-06 6.8e-06 1.05e-05 7.25e-06 4.95e-06 5.1e-06 8e-06 5.5e-06 5.5e-06 4.1e-06 5.65e-06 8.5e-06 8.55e-06 7e-06 6.2e-06 8.5e-06 5.5e-06 4.95e-06 5.2e-06 8e-06 8.3e-06 5.9e-06 4.05e-06 6.05e-06 9.6e-06 5.5e-06 8.4e-06 5.25e-06 8.65e-06 6.35e-06
40 7.7e-06 1.025e-05 7.85e-06 7.7e-06 7.8e-06 7.1e-06 7.1e-06 9.5e-06 9.3e-06 1.015e-05 7.5e-06 7.75e-06 7.5e-06 7.15e-06 7.3e-06 8.05e-06 8.55e-06 7.35e-06 6.8e-06 6.35e-06 6.45e-06 7.5e-06 7.2e-06 1.03e-05 7.95e-06 7.35e-06 9.25e-06 1.03e-05 7.1e-06 9.2e-06 7.05e-06 7.25e-06 1.035e-05 8.35e-06 7.55e-06 1.08e-05 7.6e-06 6.55e-06 6.85e-06 8.6e-06 1.22e-05 7.15e-06 7.15e-06 1.08e-05 7.15e-06 9.1e-06 7.2e-06 8.9e-06 6.45e-06 8.8e-06 8.6e-06 7.45e-06 1.155e-05 7.95e-06 8.8e-06 6.9e-06 8.15e-06 6.95e-06 7.25e-06 7.3e-06 6.95e-06 7.1e-06 7.6e-06 9.95e-06 7.45e-06 7.15e-06 8.75e-06 6.4e-06 7.6e-06 6.35e-06 6.7e-06 9.1e-06 1.115e-05 7.5e-06 6.95e-06 7.15e-06 7.55e-06 7.05e-06 9.5e-06 6.3e-06 7.95e-06 7.75e-06 6.35e-06 9.55e-06 7.5e-06 8.15e-06 7.2e-06 8.75e-06 7.3e-06 7.9e-06 8.55e-06 8.2e-06 6.3e-06 7.45e-06 7.1e-06 7.3e-06 8.05e-06 7.25e-06 6.35e-06 8.15e-06
41 7.5e-06 9.55e-06 7.85e-06 5.5e-06 8.35e-06 7.35e-06 7.8e-06 9.8e-06 8.85e-06 1.05e-05 7.45e-06 7.3e-06 6.9e-06 8.25e-06 8.25e-06 8.95e-06 8.45e-06 8.2e-06 7.6e-06 5.9e-06 7.85e-06 7.1e-06 7.8e-06 1.025e-05 8.5e-06 8.2e-06 1.015e-05 9.4e-06 8.45e-06 1.01e-05 7.05e-06 8e-06 1.05e-05 7.45e-06 7.3e-06 1.07e-05 8.25e-06 6.8e-06 7.05e-06 9.5e-06 7.15e-06 1.1e-05 7.75e-06 1.005e-05 6.95e-06 8.55e-06 7.8e-06 9.4e-06 7.2e-06 8.5e-06 7.8e-06 7.4e-06 1.15e-05 8.85e-06 7.45e-06 7.95e-06 7.3e-06 7.45e-06 8.2e-06 8.2e-06 8.3e-06 7.8e-06 8.5e-06 1.03e-05 8.4e-06 7.85e-06 8.45e-06 7.3e-06 7.2e-06 7.25e-06 8.1e-06 9.15e-06 1.025e-05 7.85e-06 8.05e-06 6.85e-06 7.95e-06 8.15e-06 9.8e-06 7.9e-06 8.05e-06 6.85e-06 6.75e-06 8.95e-06 7.3e-06 8.2e-06 8.15e-06 8.95e-06 7.4e-06 7.1e-06 8.15e-06 8.3e-06 7.8e-06 6.8e-06 7.35e-06 8.25e-06 8.1e-06 7.05e-06 7.1e-06 8.15e-06
42 6.05e-06 9.45e-06 7.15e-06 5.6e-06 6.05e-06 8.25e-06 4.35e-06 8.15e-06 8.5e-06 9.25e-06 5.75e-06 9.9e-06 5.75e-06 5e-06 5.65e-06 6e-06 6.4e-06 5.55e-06 5e-06 9.85e-06 4.25e-06 5.4e-06 4.3e-06 9.15e-06 6.2e-06 5.6e-06 7.9e-06 8.8e-06 5.25e-06 7.95e-06 5.5e-06 5.5e-06 9.05e-06 6.85e-06 5.55e-06 9.9e-06 6.2e-06 7.25e-06 7.5e-06 6.95e-06 7.15e-06 7.75e-06 8e-06 1.065e-05 5.15e-06 7.3e-06 4.3e-06 7.75e-06 7.25e-06 7.2e-06 5.8e-06 5.7e-06 1.045e-05 5.9e-06 7.15e-06 5.15e-06 6.4e-06 7.75e-06 5.6e-06 7.55e-06 5.1e-06 4.4e-06 5.55e-06 9.05e-06 5.8e-06 4.4e-06 6.6e-06 7.3e-06 5.5e-06 7.25e-06 4.6e-06 6.6e-06 9.6e-06 4.85e-06 4.85e-06 5.15e-06 5.15e-06 5.55e-06 8.15e-06 4.4e-06 5.9e-06 5.35e-06 7.2e-06 7.35e-06 5.75e-06 5.75e-06 5.55e-06 7.15e-06 5.3e-06 5.05e-06 8.15e-06 6.15e-06 4.25e-06 5.45e-06 7.9e-06 5.65e-06 5.55e-06 5.25e-06 7.05e-06 6.4e-06
43 9.25e-06 1.1e-05 1.115e-05 8.75e-06 9.45e-06 1.045e-05 1.07e-05 1.135e-05 8.9e-06 1.16e-05 9.35e-06 9.15e-06 8.95e-06 9.9e-06 9.65e-06 1.07e-05 1.045e-05 9.6e-06 9.85e-06 1.15e-05 9.8e-06 9.6e-06 1.07e-05 7.7e-06 9.6e-06 9.6e-06 1.18e-05 7.7e-06 1.01e-05 1.175e-05 8.9e-06 9.4e-06 1.18e-05 8.65e-06 9.55e-06 7.4e-06 9.1e-06 1.07e-05 1.095e-05 1.16e-05 1.08e-05 1.005e-05 1.065e-05 1.25e-05 9.45e-06 1e-05 1.07e-05 1.115e-05 1.09e-05 1.09e-05 1.075e-05 9.25e-06 9.65e-06 1.06e-05 9.35e-06 9.6e-06 9.25e-06 1.08e-05 9.6e-06 1.055e-05 9.95e-06 1.07e-05 1.025e-05 1.14e-05 9.8e-06 1.075e-05 1.015e-05 1.095e-05 9.7e-06 1.09e-05 1.005e-05 1.22e-05 8.3e-06 1.075e-05 9.7e-06 9.45e-06 1.03e-05 9.55e-06 1.135e-05 9.85e-06 1.005e-05 9.65e-06 1.065e-05 1.075e-05 9.05e-06 1.055e-05 9.55e-06 1.205e-05 9.65e-06 1.03e-05 7.85e-06 1.03e-05 9.75e-06 1.005e-05 1.08e-05 9.65e-06 1.045e-05 9.55e-06 1.08e-05 9.8e-06
44 3.6e-06 8e-06 8.8e-06 2.25e-06 4.55e-06 8.5e-06 5.1e-06 6.65e-06 7e-06 8.45e-06 3.3e-06 1.005e-05 3.3e-06 3.4e-06 3.75e-06 4.35e-06 4.5e-06 3.8e-06 3.2e-06 1.18e-05 2.4e-06 2.5e-06 5.2e-06 8.05e-06 4.7e-06 3.8e-06 7.05e-06 7.25e-06 3.5e-06 7e-06 3.1e-06 3.7e-06 7.85e-06 4.4e-06 3.15e-06 8.95e-06 4.6e-06 7.05e-06 7.35e-06 5.25e-06 7.15e-06 6.95e-06 5.15e-06 9.45e-06 4.1e-06 5.55e-06 5.2e-06 6.65e-06 7.35e-06 4.9e-06 6.6e-06 3.5e-06 9.5e-06 4.25e-06 5e-06 3.1e-06 3.65e-06 8.15e-06 3.65e-06 6.1e-06 3.35e-06 5.1e-06 3.7e-06 8.25e-06 3.9e-06 5.05e-06 5e-06 7.3e-06 2.6e-06 7.2e-06 2.65e-06 7.8e-06 8.4e-06 5.45e-06 3.2e-06 2.4e-06 6.1e-06 3.65e-06 6.65e-06 2.2e-06 3.9e-06 5.85e-06 7e-06 5.85e-06 3.4e-06 6.65e-06 3.65e-06 5.8e-06 2.95e-06 5.6e-06 6.4e-06 4.15e-06 2.2e-06 3.5e-06 8.15e-06 3.75e-06 6.55e-06 2.25e-06 7.25e-06 4.35e-06
