 slim_337563078 slim_337562836 slim_337563158 slim_337563128 slim_337563102 slim_337562943 slim_337562882 slim_337563120 slim_337562960 slim_337563144 slim_337563131 slim_337562906 slim_337563127 slim_337563121 slim_337563113 slim_337563148 slim_337563138 slim_337563012 slim_337563155 slim_337562938 slim_337563126 slim_337562617 slim_337563060 slim_337563171 slim_337563133 slim_337563174 slim_337563163 slim_337563080 slim_337563150 slim_337563130 slim_337563161 slim_337563116 slim_337562896 slim_337562933 slim_337563067 slim_337563159 slim_337563004 slim_337563041 slim_337563169 slim_337563110 slim_337563091 slim_337563108 slim_337563173 slim_337562994 slim_337563115 slim_337563027 slim_337563068 slim_337563146 slim_337563149 slim_337563104 slim_337562921 slim_337563122 slim_337563077 slim_337563014 slim_337563140 slim_337563089 slim_337562949 slim_337563100 slim_337562926 slim_337563154 slim_337562955 slim_337563152 slim_337563039 slim_337563165 slim_337562731 slim_337563109 slim_337562901 slim_337563151 slim_337563117 slim_337563051 slim_337563136 slim_337562935 slim_337562686 slim_337563153 slim_337563064 slim_337562962 slim_337563085 slim_337563081 slim_337562976 slim_337563142 slim_337563095 slim_337563162 slim_337562871 slim_337562982 slim_337563160 slim_337563106 slim_337563119 slim_337563157 slim_337563125 slim_337563141 slim_337563074 slim_337562997 slim_337562864 slim_337563143 slim_337562939 slim_337563129 slim_337563168 slim_337563088 slim_337562923 slim_337563031
0 9.3e-06 8.9e-06 8.75e-06 4.69e-05 9.5e-06 8.15e-06 4.835e-05 9.7e-06 8.4e-06 9.45e-06 1.005e-05 8.3e-06 4.865e-05 8.3e-06 7.9e-06 9.85e-06 6.9e-06 9.9e-06 9.8e-06 7.3e-06 4.795e-05 8.2e-06 4.865e-05 8.55e-06 4.875e-05 8.3e-06 9.2e-06 8.6e-06 9.15e-06 6.95e-06 9.6e-06 9.8e-06 8e-06 9.85e-06 6e-06 6.65e-06 9.5e-06 9.4e-06 4.79e-05 7.6e-06 7.9e-06 8.35e-06 4.725e-05 8.55e-06 8.55e-06 7.9e-06 8.2e-06 7.55e-06 8.05e-06 8.25e-06 8.15e-06 8e-06 8.7e-06 4.765e-05 1.01e-05 8.1e-06 7.95e-06 8.1e-06 8.3e-06 4.735e-05 4.725e-05 7.35e-06 4.9e-05 4.845e-05 9.15e-06 8.2e-06 9.4e-06 8.25e-06 4.865e-05 4.885e-05 8.1e-06 9.15e-06 9.55e-06 8.3e-06 9.3e-06 7.7e-06 6.7e-06 1.015e-05 7.6e-06 9.55e-06 7e-06 8.3e-06 9.5e-06 8.15e-06 8.2e-06 9.8e-06 7.3e-06 7.8e-06 6.95e-06 8.7e-06 9.25e-06 9.05e-06 8.1e-06 8.25e-06 9.85e-06 9.2e-06 7.15e-06 8e-06 7.6e-06 4.865e-05
1 8.9e-06 2.7e-06 2.35e-06 4.675e-05 8.2e-06 5.9e-06 4.54e-05 3.25e-06 7.5e-06 2.25e-06 4.25e-06 6.25e-06 4.355e-05 8.5e-06 8.55e-06 5.25e-06 9.85e-06 3.7e-06 4.2e-06 8e-06 4.81e-05 8.4e-06 4.36e-05 5e-06 4.555e-05 4.9e-06 3.4e-06 6.7e-06 4.05e-06 6.6e-06 5.95e-06 5.2e-06 8.1e-06 3.55e-06 7.05e-06 9.85e-06 3.2e-06 2.55e-06 4.445e-05 6.55e-06 7.95e-06 6.5e-06 4.7e-05 6.35e-06 5.4e-06 5.7e-06 6.6e-06 8.1e-06 5.85e-06 6.45e-06 6.55e-06 5.8e-06 3.1e-06 4.68e-05 6.15e-06 7.3e-06 1.105e-05 6.5e-06 6.65e-06 4.76e-05 4.735e-05 7.9e-06 4.55e-05 4.55e-05 5.1e-06 7.2e-06 2.85e-06 8e-06 4.545e-05 4.375e-05 8.15e-06 1.95e-06 4.95e-06 6.05e-06 3.15e-06 7.6e-06 7.6e-06 3.9e-06 7.5e-06 5.45e-06 7.8e-06 3.85e-06 4.75e-06 8.3e-06 5.4e-06 5.2e-06 6.5e-06 5.65e-06 5.15e-06 4.8e-06 9.45e-06 4.7e-06 8.95e-06 6.6e-06 6e-06 6.2e-06 8.05e-06 6.2e-06 8.95e-06 4.375e-05
2 8.75e-06 2.35e-06 3.4e-06 4.645e-05 8.2e-06 5.75e-06 4.53e-05 3.45e-06 7.35e-06 2.15e-06 4.4e-06 6.05e-06 4.35e-05 8.2e-06 8.15e-06 5.15e-06 9.85e-06 3.8e-06 4.4e-06 7.65e-06 4.8e-05 8.1e-06 4.41e-05 4.7e-06 4.53e-05 5.15e-06 3.75e-06 6.95e-06 4.55e-06 6.6e-06 5.7e-06 5.25e-06 7.75e-06 3.6e-06 7.3e-06 9.45e-06 3.25e-06 2.65e-06 4.425e-05 5.85e-06 7.6e-06 6.45e-06 4.665e-05 6.35e-06 4.9e-06 5.55e-06 6.6e-06 7.7e-06 6.25e-06 6.3e-06 6.55e-06 5.7e-06 3.5e-06 4.675e-05 6.05e-06 7.25e-06 1.07e-05 6.3e-06 6.45e-06 4.725e-05 4.7e-05 7.5e-06 4.55e-05 4.54e-05 5.15e-06 6.85e-06 3.2e-06 7.5e-06 4.52e-05 4.37e-05 7.8e-06 2.2e-06 4.85e-06 5.9e-06 3.35e-06 7.3e-06 7.5e-06 4.15e-06 7.75e-06 5.45e-06 7.7e-06 4.05e-06 4.8e-06 7.95e-06 5.9e-06 5.1e-06 6.25e-06 5.5e-06 5.35e-06 4.9e-06 9.2e-06 4.4e-06 8.55e-06 6.4e-06 5.8e-06 5.9e-06 7.65e-06 6.15e-06 8.55e-06 4.375e-05
3 4.69e-05 4.675e-05 4.645e-05 8.7e-05 4.72e-05 4.67e-05 4.59e-05 4.75e-05 4.535e-05 4.695e-05 4.715e-05 4.67e-05 4.7e-05 4.535e-05 4.58e-05 4.66e-05 4.695e-05 4.69e-05 4.675e-05 4.475e-05 4.635e-05 4.525e-05 4.72e-05 4.585e-05 4.45e-05 4.675e-05 4.745e-05 4.685e-05 4.605e-05 4.67e-05 4.59e-05 4.66e-05 4.575e-05 4.76e-05 4.75e-05 4.57e-05 4.67e-05 4.71e-05 4.655e-05 4.565e-05 4.56e-05 4.7e-05 4.49e-05 4.64e-05 4.585e-05 4.655e-05 4.625e-05 4.565e-05 4.68e-05 4.7e-05 4.62e-05 4.665e-05 4.67e-05 4.69e-05 4.615e-05 4.585e-05 4.64e-05 4.685e-05 4.7e-05 4.685e-05 4.66e-05 4.545e-05 4.715e-05 4.6e-05 4.685e-05 4.615e-05 4.72e-05 4.71e-05 4.435e-05 4.72e-05 4.58e-05 4.68e-05 4.63e-05 4.685e-05 4.67e-05 4.49e-05 4.705e-05 4.715e-05 4.725e-05 4.59e-05 4.685e-05 4.71e-05 4.63e-05 4.585e-05 4.615e-05 4.655e-05 4.68e-05 4.65e-05 4.74e-05 4.755e-05 4.585e-05 4.68e-05 4.6e-05 4.695e-05 4.65e-05 4.605e-05 4.565e-05 4.675e-05 4.645e-05 4.54e-05
4 9.5e-06 8.2e-06 8.2e-06 4.72e-05 1.38e-05 8.55e-06 4.68e-05 7.8e-06 8.75e-06 8.05e-06 8.45e-06 8.55e-06 4.67e-05 8.7e-06 8.65e-06 8.5e-06 8.4e-06 8.6e-06 8.9e-06 8.1e-06 4.61e-05 8.6e-06 4.725e-05 8.2e-06 4.775e-05 7.95e-06 8.45e-06 8.1e-06 8.8e-06 8.55e-06 8.75e-06 8.4e-06 8.95e-06 7.7e-06 8.5e-06 8.55e-06 7.95e-06 7.7e-06 4.655e-05 8.35e-06 8.8e-06 8.55e-06 4.77e-05 8.45e-06 8.55e-06 8.45e-06 7.7e-06 8.85e-06 9e-06 8.5e-06 7.9e-06 8.55e-06 8.55e-06 4.66e-05 9.15e-06 8.1e-06 8.4e-06 8.25e-06 8.4e-06 4.735e-05 4.71e-05 8.65e-06 4.655e-05 4.69e-05 9.3e-06 9.05e-06 7.65e-06 9.3e-06 4.765e-05 4.675e-05 9e-06 7.9e-06 8.2e-06 8.7e-06 7.95e-06 8.7e-06 9.2e-06 8.85e-06 9.65e-06 8.75e-06 8.4e-06 7.85e-06 8.4e-06 9.1e-06 9e-06 8.45e-06 8.65e-06 8.4e-06 8.75e-06 7.8e-06 8.4e-06 8.55e-06 8.75e-06 8.35e-06 9.5e-06 9.25e-06 9.3e-06 8.35e-06 9.7e-06 4.68e-05
5 8.15e-06 5.9e-06 5.75e-06 4.67e-05 8.55e-06 1.05e-05 4.705e-05 6.5e-06 8.1e-06 6.05e-06 7.9e-06 5.9e-06 4.65e-05 7.7e-06 6.9e-06 7e-06 9.65e-06 7.3e-06 7.55e-06 6.95e-06 4.85e-05 7.6e-06 4.715e-05 6.3e-06 4.705e-05 6.4e-06 6.25e-06 6.8e-06 6.8e-06 7.55e-06 7.15e-06 7e-06 6.55e-06 6.35e-06 7.75e-06 6.8e-06 6.8e-06 5.8e-06 4.605e-05 6.95e-06 6.4e-06 5.9e-06 4.625e-05 6.95e-06 6.05e-06 5.6e-06 6.9e-06 6.3e-06 5.8e-06 6.4e-06 6.8e-06 5.8e-06 5.8e-06 4.685e-05 8.3e-06 7.3e-06 7.7e-06 6e-06 6.15e-06 4.685e-05 4.66e-05 6.1e-06 4.725e-05 4.715e-05 8.25e-06 6.65e-06 6.1e-06 7.15e-06 4.695e-05 4.67e-05 6.6e-06 5.7e-06 6.7e-06 5.4e-06 6.1e-06 6.9e-06 7.55e-06 7.7e-06 9.5e-06 7.05e-06 6.15e-06 5.9e-06 6.95e-06 6.7e-06 7e-06 6.95e-06 6.7e-06 5.55e-06 7.4e-06 6.4e-06 8.9e-06 5.75e-06 6.55e-06 6.1e-06 8.05e-06 7.9e-06 7.2e-06 6.15e-06 8.2e-06 4.63e-05
6 4.835e-05 4.54e-05 4.53e-05 4.59e-05 4.68e-05 4.705e-05 8.54e-05 4.65e-05 4.64e-05 4.55e-05 4.575e-05 4.7e-05 4.515e-05 4.535e-05 4.68e-05 4.505e-05 4.685e-05 4.54e-05 4.575e-05 4.6e-05 4.425e-05 4.525e-05 4.54e-05 4.505e-05 4.39e-05 4.69e-05 4.65e-05 4.715e-05 4.425e-05 4.665e-05 4.42e-05 4.51e-05 4.56e-05 4.68e-05 4.865e-05 4.78e-05 4.515e-05 4.6e-05 4.445e-05 4.63e-05 4.55e-05 4.745e-05 4.645e-05 4.6e-05 4.58e-05 4.685e-05 4.68e-05 4.68e-05 4.72e-05 4.74e-05 4.69e-05 4.695e-05 4.585e-05 4.68e-05 4.425e-05 4.645e-05 4.725e-05 4.745e-05 4.76e-05 4.67e-05 4.645e-05 4.66e-05 4.6e-05 4.3e-05 4.62e-05 4.61e-05 4.62e-05 4.775e-05 4.38e-05 4.545e-05 4.57e-05 4.54e-05 4.48e-05 4.72e-05 4.55e-05 4.52e-05 4.735e-05 4.565e-05 4.735e-05 4.42e-05 4.86e-05 4.715e-05 4.445e-05 4.58e-05 4.565e-05 4.505e-05 4.745e-05 4.68e-05 4.71e-05 4.79e-05 4.455e-05 4.605e-05 4.695e-05 4.755e-05 4.52e-05 4.545e-05 4.56e-05 4.715e-05 4.75e-05 4.55e-05
7 9.7e-06 3.25e-06 3.45e-06 4.75e-05 7.8e-06 6.5e-06 4.65e-05 3.2e-06 8.2e-06 2.65e-06 4.5e-06 6.3e-06 4.455e-05 9.15e-06 8.8e-06 4.8e-06 1.065e-05 4.65e-06 5.3e-06 8.35e-06 4.92e-05 9.05e-06 4.535e-05 5.4e-06 4.66e-05 4.2e-06 3.25e-06 5.55e-06 5.8e-06 6.95e-06 6.2e-06 5.1e-06 8.75e-06 1.6e-06 6.55e-06 1.01e-05 3.25e-06 2.05e-06 4.515e-05 7.3e-06 8.6e-06 6.45e-06 4.765e-05 6.1e-06 5.65e-06 6.3e-06 6.45e-06 8.45e-06 7.2e-06 6.15e-06 6.4e-06 6.4e-06 4.45e-06 4.655e-05 7.15e-06 7.1e-06 1.17e-05 5.65e-06 5.9e-06 4.825e-05 4.8e-05 8.25e-06 4.485e-05 4.66e-05 5.9e-06 7.85e-06 2e-06 8.1e-06 4.65e-05 4.475e-05 8.8e-06 2.35e-06 4.6e-06 6.65e-06 3.25e-06 8.35e-06 8e-06 4.9e-06 8.4e-06 6.05e-06 7.15e-06 3.55e-06 4.75e-06 8.95e-06 7.15e-06 4.75e-06 6.15e-06 6.25e-06 5.9e-06 3.05e-06 1.05e-05 5.25e-06 9.2e-06 5.75e-06 6.7e-06 7.55e-06 9.1e-06 6.15e-06 9.35e-06 4.37e-05
8 8.4e-06 7.5e-06 7.35e-06 4.535e-05 8.75e-06 8.1e-06 4.64e-05 8.2e-06 1.16e-05 7.7e-06 6.95e-06 8.15e-06 4.685e-05 7.6e-06 8e-06 8.05e-06 8.55e-06 6.7e-06 8.6e-06 6.75e-06 4.695e-05 7.5e-06 4.71e-05 7.6e-06 4.625e-05 8.1e-06 8.2e-06 8.5e-06 7.55e-06 8e-06 7.7e-06 8e-06 7.9e-06 8.3e-06 8.45e-06 7.9e-06 7.65e-06 7.8e-06 4.66e-05 7.35e-06 7.75e-06 8.4e-06 4.665e-05 8e-06 7.3e-06 7.95e-06 7.7e-06 7.55e-06 8.25e-06 8.4e-06 7.7e-06 8.05e-06 7.75e-06 4.72e-05 6.7e-06 7.85e-06 8.65e-06 8.25e-06 8.4e-06 4.74e-05 4.715e-05 7.35e-06 4.75e-05 4.65e-05 8.7e-06 8e-06 7.9e-06 8.35e-06 4.615e-05 4.705e-05 7.95e-06 7.5e-06 7.75e-06 8.25e-06 7.9e-06 6.95e-06 8.55e-06 6.95e-06 9.2e-06 7.85e-06 8.4e-06 7.95e-06 7.75e-06 8.05e-06 7.75e-06 8e-06 8.2e-06 7.9e-06 8.2e-06 8.4e-06 8.15e-06 8.05e-06 8.15e-06 8.35e-06 8e-06 8.45e-06 7.8e-06 8.15e-06 9e-06 4.64e-05
9 9.45e-06 2.25e-06 2.15e-06 4.695e-05 8.05e-06 6.05e-06 4.55e-05 2.65e-06 7.7e-06 2.2e-06 4.05e-06 5.9e-06 4.34e-05 8.6e-06 9.05e-06 4.75e-06 1.01e-05 3.45e-06 4.15e-06 8.35e-06 4.83e-05 8.5e-06 4.45e-05 5e-06 4.55e-05 4.2e-06 3.95e-06 6e-06 4.85e-06 6.4e-06 6.05e-06 4.95e-06 8.45e-06 2.6e-06 6.85e-06 1.035e-05 2.75e-06 1.85e-06 4.495e-05 6.9e-06 8.3e-06 6.75e-06 4.735e-05 5.95e-06 5.9e-06 5.85e-06 6.55e-06 8.7e-06 7.05e-06 6.45e-06 6.55e-06 6e-06 4.3e-06 4.65e-05 6.1e-06 7.1e-06 1.15e-05 6.4e-06 6.5e-06 4.805e-05 4.78e-05 8.5e-06 4.525e-05 4.56e-05 5.15e-06 7.55e-06 2.6e-06 8.3e-06 4.54e-05 4.36e-05 8.5e-06 1.6e-06 4.4e-06 6.2e-06 2.6e-06 7.8e-06 8.15e-06 3.8e-06 7.85e-06 5.1e-06 7.8e-06 3.25e-06 4.6e-06 8.65e-06 6.2e-06 4.7e-06 6.3e-06 5.8e-06 5.1e-06 3.9e-06 9.5e-06 4.7e-06 9.45e-06 6.5e-06 6.1e-06 6.7e-06 8.4e-06 6.45e-06 9.45e-06 4.35e-05
10 1.005e-05 4.25e-06 4.4e-06 4.715e-05 8.45e-06 7.9e-06 4.575e-05 4.5e-06 6.95e-06 4.05e-06 6.2e-06 7.9e-06 4.45e-05 9.05e-06 9.6e-06 6.35e-06 9.95e-06 3.45e-06 5.9e-06 8.9e-06 4.79e-05 8.95e-06 4.51e-05 6.65e-06 4.57e-05 6.5e-06 5.15e-06 8e-06 6.1e-06 7.7e-06 6.8e-06 6.25e-06 9.45e-06 4.9e-06 8e-06 1.09e-05 3.45e-06 4.3e-06 4.53e-05 7.65e-06 9.3e-06 7.95e-06 4.765e-05 7.5e-06 7.05e-06 7.7e-06 7.5e-06 9.8e-06 8.4e-06 7.9e-06 7.55e-06 7.8e-06 5.65e-06 4.745e-05 5.25e-06 8.05e-06 1.185e-05 8.1e-06 8.25e-06 4.84e-05 4.815e-05 9.6e-06 4.58e-05 4.585e-05 6.45e-06 8.55e-06 4.3e-06 8.65e-06 4.56e-05 4.47e-05 9.5e-06 3.9e-06 6.05e-06 8.05e-06 4.8e-06 8.8e-06 8.75e-06 3.7e-06 8.35e-06 6.75e-06 9.45e-06 5.65e-06 5.75e-06 9.65e-06 7.45e-06 6.3e-06 8.1e-06 7.65e-06 6.45e-06 6.2e-06 9.75e-06 6.7e-06 1e-05 8.2e-06 6.2e-06 7.85e-06 9.4e-06 7.65e-06 1.01e-05 4.41e-05
11 8.3e-06 6.25e-06 6.05e-06 4.67e-05 8.55e-06 5.9e-06 4.7e-05 6.3e-06 8.15e-06 5.9e-06 7.9e-06 1.08e-05 4.695e-05 7.7e-06 7.05e-06 6.65e-06 9.75e-06 7.7e-06 8.1e-06 7.1e-06 4.855e-05 7.6e-06 4.725e-05 6.2e-06 4.69e-05 6.05e-06 6.4e-06 6.5e-06 6.8e-06 7.4e-06 7.15e-06 6.85e-06 6.55e-06 5.8e-06 7.6e-06 6.95e-06 6.7e-06 5.9e-06 4.615e-05 6.95e-06 6.4e-06 6.2e-06 4.625e-05 6.65e-06 6.1e-06 6.1e-06 6.95e-06 6.45e-06 6.1e-06 6.3e-06 7.05e-06 6.2e-06 5.95e-06 4.68e-05 8.2e-06 7.25e-06 7.95e-06 5.8e-06 5.9e-06 4.695e-05 4.67e-05 6.25e-06 4.715e-05 4.71e-05 8.6e-06 6.65e-06 6.35e-06 7.15e-06 4.68e-05 4.715e-05 6.6e-06 6.2e-06 6.3e-06 6.05e-06 6.4e-06 6.9e-06 7.7e-06 7.95e-06 9.7e-06 6.85e-06 6e-06 6.1e-06 6.95e-06 6.7e-06 7e-06 6.6e-06 6.4e-06 6.05e-06 7.9e-06 5.95e-06 8.85e-06 6.15e-06 6.85e-06 5.9e-06 8.05e-06 8.05e-06 7.2e-06 6.3e-06 8.35e-06 4.62e-05
12 4.865e-05 4.355e-05 4.35e-05 4.7e-05 4.67e-05 4.65e-05 4.515e-05 4.455e-05 4.685e-05 4.34e-05 4.45e-05 4.695e-05 8.53e-05 4.765e-05 4.79e-05 4.575e-05 4.73e-05 4.38e-05 4.355e-05 4.745e-05 4.575e-05 4.755e-05 4.36e-05 4.545e-05 4.59e-05 4.565e-05 4.505e-05 4.71e-05 4.525e-05 4.645e-05 4.605e-05 4.575e-05 4.805e-05 4.485e-05 4.725e-05 4.925e-05 4.41e-05 4.375e-05 4.485e-05 4.645e-05 4.79e-05 4.725e-05 4.76e-05 4.675e-05 4.61e-05 4.63e-05 4.65e-05 4.835e-05 4.73e-05 4.72e-05 4.65e-05 4.65e-05 4.495e-05 4.585e-05 4.56e-05 4.68e-05 4.89e-05 4.725e-05 4.74e-05 4.635e-05 4.61e-05 4.815e-05 4.46e-05 4.525e-05 4.44e-05 4.745e-05 4.415e-05 4.79e-05 4.58e-05 4.305e-05 4.81e-05 4.305e-05 4.545e-05 4.66e-05 4.385e-05 4.75e-05 4.73e-05 4.42e-05 4.6e-05 4.55e-05 4.845e-05 4.485e-05 4.525e-05 4.82e-05 4.65e-05 4.57e-05 4.725e-05 4.625e-05 4.525e-05 4.595e-05 4.705e-05 4.55e-05 4.84e-05 4.735e-05 4.555e-05 4.53e-05 4.8e-05 4.695e-05 4.765e-05 4.49e-05
13 8.3e-06 8.5e-06 8.2e-06 4.535e-05 8.7e-06 7.7e-06 4.535e-05 9.15e-06 7.6e-06 8.6e-06 9.05e-06 7.7e-06 4.765e-05 8.3e-06 5.7e-06 7.2e-06 8.6e-06 8.95e-06 9.1e-06 4.9e-06 4.68e-05 4.3e-06 4.795e-05 6.45e-06 4.485e-05 8.55e-06 9.1e-06 7.6e-06 6.65e-06 7.8e-06 6.1e-06 7.15e-06 5.55e-06 9.55e-06 9.7e-06 5.35e-06 8.15e-06 8.9e-06 4.715e-05 6e-06 5.35e-06 7.85e-06 4.59e-05 7.1e-06 7.4e-06 7.55e-06 7.1e-06 6.4e-06 7.9e-06 7.85e-06 6.7e-06 7.65e-06 8.4e-06 4.69e-05 6.85e-06 5.9e-06 7.2e-06 8e-06 8.15e-06 4.685e-05 4.66e-05 6.2e-06 4.77e-05 4.54e-05 9.45e-06 6.65e-06 8.9e-06 8.5e-06 4.465e-05 4.785e-05 5.55e-06 8.45e-06 6.85e-06 7.85e-06 8.1e-06 5.3e-06 8.65e-06 9.2e-06 9.9e-06 6.2e-06 8.1e-06 9e-06 6.6e-06 5.75e-06 6.9e-06 7.1e-06 8.05e-06 7.5e-06 9.35e-06 9.6e-06 6.05e-06 7.7e-06 5.7e-06 8.1e-06 8.3e-06 7.6e-06 5.5e-06 7.6e-06 8.4e-06 4.715e-05
14 7.9e-06 8.55e-06 8.15e-06 4.58e-05 8.65e-06 6.9e-06 4.68e-05 8.8e-06 8e-06 9.05e-06 9.6e-06 7.05e-06 4.79e-05 5.7e-06 8.3e-06 8.1e-06 9e-06 9.6e-06 9.35e-06 5e-06 4.74e-05 5.75e-06 4.795e-05 6.5e-06 4.675e-05 8.1e-06 8e-06 7.35e-06 7.8e-06 8.05e-06 7.55e-06 8.1e-06 5.9e-06 8.75e-06 9.05e-06 4.4e-06 9e-06 8.65e-06 4.615e-05 5.8e-06 5.75e-06 6.95e-06 4.55e-05 7.9e-06 6.35e-06 6.75e-06 6.75e-06 5.55e-06 6.85e-06 6.95e-06 6.3e-06 6.85e-06 7.15e-06 4.675e-05 8.8e-06 5.85e-06 6.7e-06 6.65e-06 6.8e-06 4.6e-05 4.575e-05 5.35e-06 4.725e-05 4.69e-05 9.55e-06 6.7e-06 8.55e-06 6.95e-06 4.665e-05 4.815e-05 5.95e-06 8.75e-06 7.8e-06 7.05e-06 8.2e-06 6.5e-06 7e-06 9.85e-06 9.85e-06 7.6e-06 6.65e-06 8.65e-06 7.95e-06 6e-06 7.9e-06 8.05e-06 7.4e-06 6.7e-06 9.35e-06 8.7e-06 7.85e-06 7e-06 4.8e-06 6.75e-06 8.6e-06 7.8e-06 6.6e-06 6.7e-06 7.4e-06 4.73e-05
15 9.85e-06 5.25e-06 5.15e-06 4.66e-05 8.5e-06 7e-06 4.505e-05 4.8e-06 8.05e-06 4.75e-06 6.35e-06 6.65e-06 4.575e-05 7.2e-06 8.1e-06 8.3e-06 1.055e-05 6.2e-06 6.9e-06 7.35e-06 4.855e-05 7.1e-06 4.63e-05 5.5e-06 4.47e-05 5.95e-06 5.85e-06 6.4e-06 5.1e-06 7.45e-06 4.6e-06 4.8e-06 6.45e-06 4.15e-06 8.55e-06 9.1e-06 4.9e-06 4.45e-06 4.57e-05 7.5e-06 6.4e-06 7.25e-06 4.67e-05 5.55e-06 5.65e-06 6.8e-06 7.2e-06 7.2e-06 7.45e-06 6.95e-06 7.25e-06 6.9e-06 5.7e-06 4.67e-05 6e-06 7.5e-06 1.025e-05 6.3e-06 6.55e-06 4.77e-05 4.745e-05 7e-06 4.59e-05 4.52e-05 7.4e-06 6.7e-06 5.05e-06 8.35e-06 4.46e-05 4.595e-05 6.6e-06 4.95e-06 4.3e-06 7.15e-06 5.2e-06 6.2e-06 8.45e-06 6.45e-06 9.65e-06 5e-06 7.75e-06 5.9e-06 4.9e-06 6.6e-06 6.5e-06 4.4e-06 6.8e-06 6.75e-06 7.8e-06 5.55e-06 8.1e-06 5.8e-06 8.15e-06 6.4e-06 6.75e-06 7.35e-06 6.9e-06 6.95e-06 9.1e-06 4.465e-05
16 6.9e-06 9.85e-06 9.85e-06 4.695e-05 8.4e-06 9.65e-06 4.685e-05 1.065e-05 8.55e-06 1.01e-05 9.95e-06 9.75e-06 4.73e-05 8.6e-06 9e-06 1.055e-05 9.7e-06 9.7e-06 9.6e-06 8.25e-06 4.44e-05 8.5e-06 4.755e-05 9.85e-06 4.83e-05 9.45e-06 1.06e-05 9.9e-06 9.95e-06 7.5e-06 1.03e-05 1.05e-05 9.5e-06 1.085e-05 6.85e-06 8.05e-06 1.01e-05 1.025e-05 4.715e-05 8.45e-06 9.35e-06 9.95e-06 4.785e-05 9.5e-06 1.035e-05 9.5e-06 8.7e-06 9.65e-06 9.8e-06 9.95e-06 8.75e-06 9.6e-06 1.025e-05 4.69e-05 9.75e-06 8.7e-06 7.25e-06 9.9e-06 1.005e-05 4.705e-05 4.68e-05 9.45e-06 4.8e-05 4.695e-05 9.7e-06 9.7e-06 1.035e-05 9.7e-06 4.82e-05 4.73e-05 9.55e-06 9.85e-06 1.025e-05 9.8e-06 1.015e-05 9.05e-06 7.9e-06 9.95e-06 7.15e-06 1.015e-05 9.05e-06 9.4e-06 1.015e-05 9.7e-06 9.3e-06 1.05e-05 9.85e-06 9.45e-06 7.5e-06 9.95e-06 7.6e-06 1.04e-05 9.2e-06 1e-05 1.02e-05 9.45e-06 9.4e-06 9.7e-06 9.2e-06 4.85e-05
17 9.9e-06 3.7e-06 3.8e-06 4.69e-05 8.6e-06 7.3e-06 4.54e-05 4.65e-06 6.7e-06 3.45e-06 3.45e-06 7.7e-06 4.38e-05 8.95e-06 9.6e-06 6.2e-06 9.7e-06 5.5e-06 5.15e-06 8.9e-06 4.755e-05 8.85e-06 4.475e-05 6.55e-06 4.535e-05 6.35e-06 5.2e-06 8.1e-06 5.75e-06 7.5e-06 6.6e-06 6.15e-06 9.2e-06 4.95e-06 7.95e-06 1.09e-05 4.05e-06 3.85e-06 4.505e-05 7.6e-06 9.05e-06 8.05e-06 4.74e-05 7.35e-06 6.95e-06 7.1e-06 7.5e-06 9.65e-06 8.15e-06 8e-06 7.45e-06 7.3e-06 5.4e-06 4.72e-05 4.9e-06 8.2e-06 1.16e-05 8.05e-06 8.2e-06 4.815e-05 4.79e-05 9.45e-06 4.59e-05 4.55e-05 6e-06 8.3e-06 4.25e-06 8.55e-06 4.525e-05 4.4e-05 9.25e-06 3.2e-06 5.9e-06 7.45e-06 4.4e-06 8.55e-06 8.6e-06 3.15e-06 8.05e-06 6.4e-06 9.4e-06 5.15e-06 5.7e-06 9.4e-06 7.1e-06 6.15e-06 8.05e-06 7.05e-06 5.85e-06 6.2e-06 9.4e-06 6.15e-06 1e-05 8.15e-06 5.95e-06 7.45e-06 9.15e-06 7.75e-06 9.95e-06 4.4e-05
18 9.8e-06 4.2e-06 4.4e-06 4.675e-05 8.9e-06 7.55e-06 4.575e-05 5.3e-06 8.6e-06 4.15e-06 5.9e-06 8.1e-06 4.355e-05 9.1e-06 9.35e-06 6.9e-06 9.6e-06 5.15e-06 6.6e-06 8.75e-06 4.75e-05 9e-06 4.45e-05 6.6e-06 4.57e-05 6.65e-06 6e-06 8.1e-06 6.4e-06 7.3e-06 7.5e-06 6.9e-06 9.55e-06 5.6e-06 8.15e-06 1.065e-05 5.2e-06 4.45e-06 4.53e-05 7.7e-06 9.4e-06 8.35e-06 4.735e-05 8e-06 7.35e-06 7.35e-06 7.65e-06 9.7e-06 8.4e-06 8.3e-06 7.55e-06 7.55e-06 5.95e-06 4.66e-05 7.4e-06 8e-06 1.155e-05 8.35e-06 8.5e-06 4.76e-05 4.735e-05 9.5e-06 4.54e-05 4.585e-05 4.55e-06 8.95e-06 4.9e-06 9.5e-06 4.56e-05 4.375e-05 9.6e-06 3.8e-06 6.6e-06 7.7e-06 4.7e-06 9e-06 8.5e-06 5.4e-06 5.85e-06 6.8e-06 9.65e-06 5.7e-06 6.4e-06 9.75e-06 7.75e-06 6.85e-06 8.35e-06 7.3e-06 6.05e-06 6.8e-06 9.75e-06 6.45e-06 9.75e-06 8.45e-06 7.35e-06 5.35e-06 9.5e-06 8.05e-06 8.35e-06 4.43e-05
19 7.3e-06 8e-06 7.65e-06 4.475e-05 8.1e-06 6.95e-06 4.6e-05 8.35e-06 6.75e-06 8.35e-06 8.9e-06 7.1e-06 4.745e-05 4.9e-06 5e-06 7.35e-06 8.25e-06 8.9e-06 8.75e-06 7.1e-06 4.68e-05 4.8e-06 4.765e-05 5.85e-06 4.595e-05 7.95e-06 8.2e-06 6.9e-06 6.95e-06 7.15e-06 6.75e-06 7.35e-06 5.65e-06 8.55e-06 8.85e-06 4.6e-06 8.3e-06 8.2e-06 4.655e-05 5.5e-06 5.5e-06 7e-06 4.575e-05 7.3e-06 5.75e-06 6.8e-06 6.35e-06 4.8e-06 7.05e-06 7e-06 6e-06 6.9e-06 7.5e-06 4.64e-05 7.8e-06 5.45e-06 6.65e-06 6.95e-06 7.1e-06 4.63e-05 4.605e-05 4.6e-06 4.715e-05 4.61e-05 8.75e-06 6.7e-06 8.1e-06 7.5e-06 4.585e-05 4.765e-05 5.7e-06 8.05e-06 7.05e-06 7.1e-06 7.65e-06 4.8e-06 7.7e-06 9.15e-06 9.35e-06 6.75e-06 7.1e-06 8.35e-06 6.95e-06 5.8e-06 7.15e-06 7.3e-06 6.95e-06 6.75e-06 8.75e-06 8.65e-06 6.75e-06 6.9e-06 4.85e-06 7.05e-06 8.5e-06 7.1e-06 5.6e-06 6.75e-06 7.35e-06 4.705e-05
20 4.795e-05 4.81e-05 4.8e-05 4.635e-05 4.61e-05 4.85e-05 4.425e-05 4.92e-05 4.695e-05 4.83e-05 4.79e-05 4.855e-05 4.575e-05 4.68e-05 4.74e-05 4.855e-05 4.44e-05 4.755e-05 4.75e-05 4.68e-05 8.24e-05 4.67e-05 4.6e-05 4.75e-05 4.67e-05 4.835e-05 4.92e-05 4.855e-05 4.775e-05 4.74e-05 4.815e-05 4.855e-05 4.79e-05 4.95e-05 4.83e-05 4.73e-05 4.83e-05 4.87e-05 4.505e-05 4.7e-05 4.775e-05 4.89e-05 4.73e-05 4.835e-05 4.86e-05 4.835e-05 4.745e-05 4.84e-05 4.865e-05 4.89e-05 4.76e-05 4.845e-05 4.855e-05 4.63e-05 4.715e-05 4.705e-05 4.515e-05 4.895e-05 4.91e-05 4.61e-05 4.585e-05 4.82e-05 4.655e-05 4.435e-05 4.795e-05 4.83e-05 4.89e-05 4.855e-05 4.66e-05 4.585e-05 4.795e-05 4.81e-05 4.825e-05 4.865e-05 4.81e-05 4.75e-05 4.805e-05 4.78e-05 4.72e-05 4.755e-05 4.895e-05 4.87e-05 4.805e-05 4.8e-05 4.785e-05 4.85e-05 4.895e-05 4.83e-05 4.79e-05 4.945e-05 4.445e-05 4.86e-05 4.76e-05 4.905e-05 4.78e-05 4.705e-05 4.785e-05 4.865e-05 4.805e-05 4.755e-05
21 8.2e-06 8.4e-06 8.1e-06 4.525e-05 8.6e-06 7.6e-06 4.525e-05 9.05e-06 7.5e-06 8.5e-06 8.95e-06 7.6e-06 4.755e-05 4.3e-06 5.75e-06 7.1e-06 8.5e-06 8.85e-06 9e-06 4.8e-06 4.67e-05 8.1e-06 4.785e-05 6.35e-06 4.475e-05 8.45e-06 9e-06 7.5e-06 6.55e-06 7.7e-06 6e-06 7.05e-06 5.45e-06 9.45e-06 9.6e-06 5.35e-06 8.05e-06 8.8e-06 4.705e-05 6.05e-06 5.25e-06 7.75e-06 4.58e-05 7e-06 7.3e-06 7.45e-06 7e-06 6.3e-06 7.8e-06 7.75e-06 6.7e-06 7.55e-06 8.3e-06 4.68e-05 6.75e-06 5.9e-06 7.1e-06 7.9e-06 8.05e-06 4.675e-05 4.65e-05 6.1e-06 4.76e-05 4.53e-05 9.35e-06 6.55e-06 8.8e-06 8.4e-06 4.455e-05 4.775e-05 5.45e-06 8.35e-06 6.75e-06 7.75e-06 8e-06 5.2e-06 8.55e-06 9.1e-06 9.8e-06 6.1e-06 8e-06 8.9e-06 6.5e-06 5.65e-06 6.8e-06 7e-06 7.95e-06 7.4e-06 9.25e-06 9.5e-06 5.95e-06 7.6e-06 5.6e-06 8e-06 8.2e-06 7.5e-06 5.4e-06 7.5e-06 8.3e-06 4.705e-05
22 4.865e-05 4.36e-05 4.41e-05 4.72e-05 4.725e-05 4.715e-05 4.54e-05 4.535e-05 4.71e-05 4.45e-05 4.51e-05 4.725e-05 4.36e-05 4.795e-05 4.795e-05 4.63e-05 4.755e-05 4.475e-05 4.45e-05 4.765e-05 4.6e-05 4.785e-05 8.59e-05 4.575e-05 4.62e-05 4.64e-05 4.505e-05 4.79e-05 4.485e-05 4.69e-05 4.635e-05 4.625e-05 4.81e-05 4.565e-05 4.77e-05 4.93e-05 4.485e-05 4.485e-05 4.485e-05 4.65e-05 4.795e-05 4.755e-05 4.765e-05 4.725e-05 4.605e-05 4.695e-05 4.7e-05 4.83e-05 4.665e-05 4.75e-05 4.715e-05 4.705e-05 4.43e-05 4.645e-05 4.595e-05 4.735e-05 4.895e-05 4.755e-05 4.77e-05 4.64e-05 4.615e-05 4.81e-05 4.515e-05 4.55e-05 4.515e-05 4.75e-05 4.505e-05 4.8e-05 4.61e-05 4.395e-05 4.815e-05 4.425e-05 4.6e-05 4.73e-05 4.5e-05 4.77e-05 4.73e-05 4.5e-05 4.63e-05 4.605e-05 4.87e-05 4.6e-05 4.58e-05 4.825e-05 4.595e-05 4.625e-05 4.755e-05 4.69e-05 4.615e-05 4.675e-05 4.735e-05 4.61e-05 4.845e-05 4.765e-05 4.585e-05 4.54e-05 4.805e-05 4.725e-05 4.77e-05 4.545e-05
23 8.55e-06 5e-06 4.7e-06 4.585e-05 8.2e-06 6.3e-06 4.505e-05 5.4e-06 7.6e-06 5e-06 6.65e-06 6.2e-06 4.545e-05 6.45e-06 6.5e-06 5.5e-06 9.85e-06 6.55e-06 6.6e-06 5.85e-06 4.75e-05 6.35e-06 4.575e-05 6.1e-06 4.505e-05 5.3e-06 5.85e-06 4.95e-06 5.15e-06 6.8e-06 5.9e-06 5.65e-06 6.1e-06 5.55e-06 8.8e-06 7.3e-06 5.55e-06 5.15e-06 4.54e-05 6e-06 5.95e-06 6.45e-06 4.6e-05 6.4e-06 5.35e-06 6.05e-06 6.7e-06 6e-06 6.5e-06 6e-06 6.65e-06 6.15e-06 5.5e-06 4.605e-05 6.65e-06 5.3e-06 8.85e-06 6.25e-06 6.4e-06 4.665e-05 4.64e-05 5.8e-06 4.495e-05 4.515e-05 7.1e-06 6.7e-06 5.4e-06 7.65e-06 4.495e-05 4.565e-05 6.15e-06 4.95e-06 5.2e-06 6.45e-06 4.05e-06 5.75e-06 7.8e-06 6.8e-06 9.25e-06 4.3e-06 7.35e-06 6.25e-06 5.15e-06 6.25e-06 6.25e-06 5.45e-06 6.2e-06 6e-06 7.7e-06 6.6e-06 7.7e-06 5.15e-06 6.65e-06 6.35e-06 7.05e-06 5.75e-06 6e-06 6.1e-06 8.05e-06 4.52e-05
24 4.875e-05 4.555e-05 4.53e-05 4.45e-05 4.775e-05 4.705e-05 4.39e-05 4.66e-05 4.625e-05 4.55e-05 4.57e-05 4.69e-05 4.59e-05 4.485e-05 4.675e-05 4.47e-05 4.83e-05 4.535e-05 4.57e-05 4.595e-05 4.67e-05 4.475e-05 4.62e-05 4.505e-05 8.36e-05 4.7e-05 4.665e-05 4.725e-05 4.4e-05 4.7e-05 4.325e-05 4.465e-05 4.515e-05 4.69e-05 4.915e-05 4.775e-05 4.485e-05 4.61e-05 4.585e-05 4.625e-05 4.48e-05 4.745e-05 4.505e-05 4.565e-05 4.57e-05 4.685e-05 4.695e-05 4.67e-05 4.725e-05 4.74e-05 4.695e-05 4.695e-05 4.59e-05 4.735e-05 4.365e-05 4.65e-05 4.82e-05 4.745e-05 4.76e-05 4.735e-05 4.71e-05 4.65e-05 4.655e-05 4.395e-05 4.615e-05 4.555e-05 4.63e-05 4.775e-05 4.195e-05 4.61e-05 4.5e-05 4.55e-05 4.435e-05 4.72e-05 4.56e-05 4.47e-05 4.775e-05 4.56e-05 4.77e-05 4.375e-05 4.86e-05 4.725e-05 4.42e-05 4.535e-05 4.53e-05 4.445e-05 4.745e-05 4.68e-05 4.76e-05 4.8e-05 4.505e-05 4.605e-05 4.69e-05 4.755e-05 4.475e-05 4.53e-05 4.49e-05 4.715e-05 4.735e-05 4.415e-05
25 8.3e-06 4.9e-06 5.15e-06 4.675e-05 7.95e-06 6.4e-06 4.69e-05 4.2e-06 8.1e-06 4.2e-06 6.5e-06 6.05e-06 4.565e-05 8.55e-06 8.1e-06 5.95e-06 9.45e-06 6.35e-06 6.65e-06 7.95e-06 4.835e-05 8.45e-06 4.64e-05 5.3e-06 4.7e-05 5.8e-06 5.7e-06 4.1e-06 6.8e-06 6.8e-06 7.4e-06 6.2e-06 8e-06 3.5e-06 5.4e-06 8.35e-06 5.25e-06 3.85e-06 4.625e-05 7.35e-06 7.85e-06 6.65e-06 4.69e-05 5.6e-06 7.05e-06 6.2e-06 6.45e-06 7.9e-06 7.05e-06 6.05e-06 6.55e-06 6.3e-06 6.15e-06 4.56e-05 8.2e-06 6e-06 9.7e-06 5.65e-06 5.7e-06 4.755e-05 4.73e-05 7.7e-06 4.5e-05 4.7e-05 7.35e-06 7.7e-06 4.5e-06 8.1e-06 4.69e-05 4.585e-05 8.05e-06 4.4e-06 5.65e-06 6.55e-06 3.85e-06 7.7e-06 7.65e-06 6.6e-06 8.45e-06 5.7e-06 5.45e-06 3.7e-06 6.45e-06 8.1e-06 6.9e-06 5.9e-06 6.05e-06 6.15e-06 6.3e-06 3.25e-06 9.65e-06 6.4e-06 8.6e-06 5.75e-06 7.8e-06 8.25e-06 8.35e-06 6.35e-06 9e-06 4.485e-05
26 9.2e-06 3.4e-06 3.75e-06 4.745e-05 8.45e-06 6.25e-06 4.65e-05 3.25e-06 8.2e-06 3.95e-06 5.15e-06 6.4e-06 4.505e-05 9.1e-06 8e-06 5.85e-06 1.06e-05 5.2e-06 6e-06 8.2e-06 4.92e-05 9e-06 4.505e-05 5.85e-06 4.665e-05 5.7e-06 5.3e-06 7.1e-06 5.5e-06 7.65e-06 6.35e-06 5.8e-06 8.05e-06 3.65e-06 7.3e-06 9.3e-06 4.1e-06 3.55e-06 4.435e-05 7.05e-06 7.85e-06 6.25e-06 4.69e-05 6.95e-06 4.9e-06 6e-06 6.9e-06 7.6e-06 6.15e-06 6.2e-06 6.8e-06 6.15e-06 3.35e-06 4.74e-05 7.25e-06 7.75e-06 1.1e-05 5.95e-06 6.05e-06 4.755e-05 4.725e-05 7.4e-06 4.57e-05 4.66e-05 6.4e-06 7.1e-06 3e-06 7.15e-06 4.655e-05 4.525e-05 8.05e-06 3.3e-06 5.55e-06 6.4e-06 4.45e-06 8.3e-06 7.2e-06 5.45e-06 8.55e-06 6.75e-06 7.25e-06 4.85e-06 5.3e-06 8.25e-06 6.85e-06 5.8e-06 6.65e-06 6e-06 6.3e-06 4.9e-06 1.055e-05 5.05e-06 8.4e-06 6.05e-06 6.3e-06 7.5e-06 8.7e-06 5.9e-06 8.65e-06 4.435e-05
27 8.6e-06 6.7e-06 6.95e-06 4.685e-05 8.1e-06 6.8e-06 4.715e-05 5.55e-06 8.5e-06 6e-06 8e-06 6.5e-06 4.71e-05 7.6e-06 7.35e-06 6.4e-06 9.9e-06 8.1e-06 8.1e-06 6.9e-06 4.855e-05 7.5e-06 4.79e-05 4.95e-06 4.725e-05 4.1e-06 7.1e-06 6.5e-06 7.4e-06 7.2e-06 7.6e-06 6.65e-06 7.15e-06 5.05e-06 7.05e-06 7.2e-06 6.8e-06 5.5e-06 4.735e-05 7.65e-06 7e-06 6.75e-06 4.695e-05 6.1e-06 7.45e-06 6.55e-06 6.75e-06 6.95e-06 7.5e-06 6.05e-06 6.7e-06 6.65e-06 7.6e-06 4.545e-05 8.75e-06 5.4e-06 8.85e-06 5.9e-06 5.95e-06 4.76e-05 4.735e-05 6.75e-06 4.535e-05 4.725e-05 8.7e-06 7.8e-06 5.85e-06 8.4e-06 4.715e-05 4.73e-05 7.2e-06 6.15e-06 6.1e-06 6.95e-06 4.65e-06 6.95e-06 8.35e-06 8.35e-06 9.85e-06 5.7e-06 5.8e-06 5.4e-06 6.7e-06 7.25e-06 7.5e-06 6.35e-06 6.3e-06 6.5e-06 8e-06 4.9e-06 8.95e-06 6.8e-06 7.55e-06 6e-06 8.95e-06 8.45e-06 7.5e-06 6.4e-06 8.95e-06 4.62e-05
28 9.15e-06 4.05e-06 4.55e-06 4.605e-05 8.8e-06 6.8e-06 4.425e-05 5.8e-06 7.55e-06 4.85e-06 6.1e-06 6.8e-06 4.525e-05 6.65e-06 7.8e-06 5.1e-06 9.95e-06 5.75e-06 6.4e-06 6.95e-06 4.775e-05 6.55e-06 4.485e-05 5.15e-06 4.4e-05 6.8e-06 5.5e-06 7.4e-06 6.8e-06 7.3e-06 4.6e-06 5.1e-06 6.1e-06 6.1e-06 9.1e-06 8.8e-06 4.9e-06 5.3e-06 4.52e-05 6.8e-06 6e-06 7.2e-06 4.625e-05 6.15e-06 5.5e-06 6.6e-06 7.4e-06 6.95e-06 6.3e-06 7.15e-06 7.45e-06 6.7e-06 4.55e-06 4.71e-05 5.35e-06 7.5e-06 9.8e-06 7.2e-06 7.35e-06 4.725e-05 4.7e-05 6.75e-06 4.64e-05 4.445e-05 7.05e-06 6.3e-06 5.5e-06 8.35e-06 4.39e-05 4.545e-05 6.2e-06 4.7e-06 4.85e-06 6.95e-06 5.3e-06 5.75e-06 8.15e-06 6e-06 9.05e-06 4.75e-06 8.45e-06 6.55e-06 4.45e-06 6.35e-06 5.15e-06 5.1e-06 7.2e-06 6.55e-06 7.45e-06 7.3e-06 7.4e-06 5.65e-06 7.9e-06 7.3e-06 6.3e-06 6.4e-06 6.1e-06 6.9e-06 8.8e-06 4.485e-05
29 6.95e-06 6.6e-06 6.6e-06 4.67e-05 8.55e-06 7.55e-06 4.665e-05 6.95e-06 8e-06 6.4e-06 7.7e-06 7.4e-06 4.645e-05 7.8e-06 8.05e-06 7.45e-06 7.5e-06 7.5e-06 7.3e-06 7.15e-06 4.74e-05 7.7e-06 4.69e-05 6.8e-06 4.7e-05 6.8e-06 7.65e-06 7.2e-06 7.3e-06 1.1e-05 7.85e-06 7.65e-06 7.9e-06 6.9e-06 6.45e-06 7.9e-06 6.95e-06 6.55e-06 4.67e-05 7.25e-06 7.75e-06 7.85e-06 4.72e-05 7.45e-06 7.45e-06 7.3e-06 7.35e-06 7.75e-06 7.9e-06 7.6e-06 7.35e-06 7.4e-06 7.35e-06 4.665e-05 8.15e-06 7.3e-06 8.95e-06 7.45e-06 7.55e-06 4.745e-05 4.72e-05 7.55e-06 4.71e-05 4.675e-05 7.6e-06 8e-06 6.9e-06 8.3e-06 4.69e-05 4.665e-05 7.95e-06 6.4e-06 7.1e-06 7.7e-06 6.7e-06 7.35e-06 7.15e-06 7.75e-06 7.1e-06 7.3e-06 7.65e-06 6.75e-06 7.3e-06 8.05e-06 7.5e-06 7.4e-06 7.35e-06 7.25e-06 6.3e-06 7.05e-06 8.55e-06 7.35e-06 8.2e-06 7.5e-06 8.35e-06 7.55e-06 7.8e-06 7.5e-06 8.35e-06 4.655e-05
30 9.6e-06 5.95e-06 5.7e-06 4.59e-05 8.75e-06 7.15e-06 4.42e-05 6.2e-06 7.7e-06 6.05e-06 6.8e-06 7.15e-06 4.605e-05 6.1e-06 7.55e-06 4.6e-06 1.03e-05 6.6e-06 7.5e-06 6.75e-06 4.815e-05 6e-06 4.635e-05 5.9e-06 4.325e-05 7.4e-06 6.35e-06 7.6e-06 4.6e-06 7.85e-06 5e-06 4.55e-06 5.4e-06 6e-06 9.4e-06 8.55e-06 5.3e-06 5.85e-06 4.53e-05 7.35e-06 5.05e-06 7.4e-06 4.595e-05 5.7e-06 5.25e-06 6.95e-06 7.55e-06 6.5e-06 7.35e-06 7.35e-06 7.5e-06 7.05e-06 5.6e-06 4.705e-05 5.05e-06 7.95e-06 9.6e-06 6.9e-06 7.05e-06 4.72e-05 4.695e-05 6.3e-06 4.64e-05 4.425e-05 7.8e-06 5.5e-06 6e-06 8.3e-06 4.33e-05 4.625e-05 5.25e-06 5.9e-06 4.25e-06 7.3e-06 6.35e-06 4.95e-06 8.2e-06 6.85e-06 9.85e-06 4.8e-06 8.2e-06 7.15e-06 4.6e-06 5.65e-06 5.85e-06 4.35e-06 7.3e-06 6.9e-06 8.35e-06 7.25e-06 6.9e-06 6e-06 7.65e-06 7e-06 6e-06 7.2e-06 5.55e-06 7.1e-06 8.7e-06 4.48e-05
31 9.8e-06 5.2e-06 5.25e-06 4.66e-05 8.4e-06 7e-06 4.51e-05 5.1e-06 8e-06 4.95e-06 6.25e-06 6.85e-06 4.575e-05 7.15e-06 8.1e-06 4.8e-06 1.05e-05 6.15e-06 6.9e-06 7.35e-06 4.855e-05 7.05e-06 4.625e-05 5.65e-06 4.465e-05 6.2e-06 5.8e-06 6.65e-06 5.1e-06 7.65e-06 4.55e-06 8.3e-06 6.55e-06 4.75e-06 8.65e-06 9.1e-06 4.8e-06 4.75e-06 4.57e-05 7.6e-06 6.35e-06 7.25e-06 4.67e-05 5.9e-06 5.7e-06 6.8e-06 6.95e-06 7.2e-06 7.4e-06 7.05e-06 7.25e-06 6.9e-06 5.65e-06 4.685e-05 5.9e-06 7.6e-06 1.025e-05 6.6e-06 6.75e-06 4.77e-05 4.745e-05 7e-06 4.6e-05 4.515e-05 7.4e-06 6.5e-06 5.05e-06 8.45e-06 4.455e-05 4.595e-05 6.55e-06 4.95e-06 4.45e-06 7.15e-06 5.3e-06 6.25e-06 8.4e-06 6.4e-06 9.6e-06 4.85e-06 7.9e-06 6.05e-06 4.95e-06 6.8e-06 6.5e-06 4.7e-06 7e-06 6.75e-06 7.75e-06 6e-06 7.85e-06 5.85e-06 8.2e-06 6.7e-06 6.65e-06 7.4e-06 6.85e-06 6.95e-06 9.1e-06 4.46e-05
32 8e-06 8.1e-06 7.75e-06 4.575e-05 8.95e-06 6.55e-06 4.56e-05 8.75e-06 7.9e-06 8.45e-06 9.45e-06 6.55e-06 4.805e-05 5.55e-06 5.9e-06 6.45e-06 9.5e-06 9.2e-06 9.55e-06 5.65e-06 4.79e-05 5.45e-06 4.81e-05 6.1e-06 4.515e-05 8e-06 8.05e-06 7.15e-06 6.1e-06 7.9e-06 5.4e-06 6.55e-06 7.6e-06 8.6e-06 9.5e-06 5.3e-06 8.15e-06 8.35e-06 4.65e-05 6.95e-06 4.05e-06 6.85e-06 4.515e-05 6.35e-06 5.85e-06 6.3e-06 7.5e-06 4.8e-06 6.5e-06 6.65e-06 7.45e-06 6.3e-06 6.95e-06 4.685e-05 7.15e-06 7.25e-06 6.75e-06 6.2e-06 6.5e-06 4.6e-05 4.59e-05 4.6e-06 4.785e-05 4.575e-05 9.85e-06 5.35e-06 8.45e-06 7e-06 4.505e-05 4.825e-05 4.25e-06 8.3e-06 6.25e-06 6.7e-06 8.1e-06 4.7e-06 7.8e-06 9.45e-06 1.07e-05 6e-06 6.3e-06 8.45e-06 6.45e-06 4.2e-06 6.4e-06 6.5e-06 7e-06 6.1e-06 9.55e-06 8.65e-06 6.55e-06 6.35e-06 5.75e-06 6.35e-06 8e-06 7.7e-06 4.8e-06 6.5e-06 7.55e-06 4.705e-05
33 9.85e-06 3.55e-06 3.6e-06 4.76e-05 7.7e-06 6.35e-06 4.68e-05 1.6e-06 8.3e-06 2.6e-06 4.9e-06 5.8e-06 4.485e-05 9.55e-06 8.75e-06 4.15e-06 1.085e-05 4.95e-06 5.6e-06 8.55e-06 4.95e-05 9.45e-06 4.565e-05 5.55e-06 4.69e-05 3.5e-06 3.65e-06 5.05e-06 6.1e-06 6.9e-06 6e-06 4.75e-06 8.6e-06 0.0 5.95e-06 1.005e-05 3.6e-06 1.4e-06 4.5e-05 7.55e-06 8.45e-06 6.45e-06 4.75e-05 5.6e-06 5.2e-06 6.15e-06 6.25e-06 8.1e-06 7.05e-06 5.9e-06 6.35e-06 6.25e-06 4.3e-06 4.61e-05 7.45e-06 7.4e-06 1.155e-05 4.55e-06 4.9e-06 4.81e-05 4.785e-05 7.9e-06 4.46e-05 4.69e-05 6.15e-06 7.7e-06 2.4e-06 7.65e-06 4.68e-05 4.505e-05 8.65e-06 3e-06 4.05e-06 6.5e-06 3.5e-06 8.45e-06 7.75e-06 5.2e-06 8.6e-06 6.15e-06 6.2e-06 3.05e-06 5.55e-06 8.8e-06 7.45e-06 4.1e-06 5.55e-06 6.1e-06 6.1e-06 1.6e-06 1.08e-05 5.05e-06 9.15e-06 4.65e-06 6.85e-06 7.8e-06 9.35e-06 6.15e-06 9.15e-06 4.345e-05
34 6e-06 7.05e-06 7.3e-06 4.75e-05 8.5e-06 7.75e-06 4.865e-05 6.55e-06 8.45e-06 6.85e-06 8e-06 7.6e-06 4.725e-05 9.7e-06 9.05e-06 8.55e-06 6.85e-06 7.95e-06 8.15e-06 8.85e-06 4.83e-05 9.6e-06 4.77e-05 8.8e-06 4.915e-05 5.4e-06 7.3e-06 7.05e-06 9.1e-06 6.45e-06 9.4e-06 8.65e-06 9.5e-06 5.95e-06 6.3e-06 8.25e-06 7.3e-06 6.3e-06 4.73e-05 8.05e-06 9.35e-06 7.9e-06 4.78e-05 7.1e-06 8.8e-06 7.55e-06 7.3e-06 9.15e-06 8.1e-06 7.6e-06 7.35e-06 7.65e-06 7.75e-06 4.67e-05 9.95e-06 8e-06 9.4e-06 7e-06 7.05e-06 4.805e-05 4.78e-05 8.95e-06 4.74e-05 4.875e-05 8.3e-06 8.7e-06 6.65e-06 8.45e-06 4.905e-05 4.745e-05 9.55e-06 6.85e-06 8.25e-06 7.9e-06 7.3e-06 9.15e-06 6.45e-06 8.2e-06 6.35e-06 9.4e-06 5.75e-06 5.05e-06 8.95e-06 9.6e-06 8.15e-06 8.5e-06 7.35e-06 7.5e-06 5.15e-06 4.65e-06 1.06e-05 8.65e-06 9.55e-06 7.1e-06 9.15e-06 9.8e-06 9.8e-06 7.6e-06 8.85e-06 4.67e-05
35 6.65e-06 9.85e-06 9.45e-06 4.57e-05 8.55e-06 6.8e-06 4.78e-05 1.01e-05 7.9e-06 1.035e-05 1.09e-05 6.95e-06 4.925e-05 5.35e-06 4.4e-06 9.1e-06 8.05e-06 1.09e-05 1.065e-05 4.6e-06 4.73e-05 5.35e-06 4.93e-05 7.3e-06 4.775e-05 8.35e-06 9.3e-06 7.2e-06 8.8e-06 7.9e-06 8.55e-06 9.1e-06 5.3e-06 1.005e-05 8.25e-06 5.3e-06 1.03e-05 9.95e-06 4.745e-05 5.75e-06 5.3e-06 6.85e-06 4.535e-05 7.85e-06 7.35e-06 6.6e-06 6.65e-06 5.1e-06 6.75e-06 6.7e-06 6.2e-06 6.6e-06 8.45e-06 4.665e-05 9.8e-06 5.75e-06 5.2e-06 6.35e-06 6.65e-06 4.575e-05 4.565e-05 4.9e-06 4.855e-05 4.79e-05 1.085e-05 6.55e-06 9.85e-06 6.65e-06 4.765e-05 4.945e-05 5.5e-06 1.005e-05 8.8e-06 6.95e-06 9.5e-06 6.15e-06 7.5e-06 1.115e-05 1.01e-05 8.6e-06 5.3e-06 8.9e-06 8.95e-06 5.45e-06 7.85e-06 9.05e-06 7.2e-06 6.4e-06 9.6e-06 8.95e-06 7.45e-06 7.7e-06 4.4e-06 6.5e-06 9.9e-06 8.6e-06 6.1e-06 6.55e-06 7.1e-06 4.855e-05
36 9.5e-06 3.2e-06 3.25e-06 4.67e-05 7.95e-06 6.8e-06 4.515e-05 3.25e-06 7.65e-06 2.75e-06 3.45e-06 6.7e-06 4.41e-05 8.15e-06 9e-06 4.9e-06 1.01e-05 4.05e-06 5.2e-06 8.3e-06 4.83e-05 8.05e-06 4.485e-05 5.55e-06 4.485e-05 5.25e-06 4.1e-06 6.8e-06 4.9e-06 6.95e-06 5.3e-06 4.8e-06 8.15e-06 3.6e-06 7.3e-06 1.03e-05 2.8e-06 3.05e-06 4.5e-05 7e-06 8e-06 6.85e-06 4.71e-05 6.05e-06 6e-06 6.6e-06 6.75e-06 8.8e-06 7.45e-06 6.75e-06 6.85e-06 6.7e-06 4.7e-06 4.705e-05 5.65e-06 7.35e-06 1.155e-05 6.95e-06 7.1e-06 4.81e-05 4.785e-05 8.6e-06 4.54e-05 4.525e-05 5.75e-06 7.25e-06 3.1e-06 8.45e-06 4.475e-05 4.43e-05 8.2e-06 2.7e-06 4.6e-06 6.95e-06 3.6e-06 7.5e-06 8.2e-06 4.3e-06 8.2e-06 5.35e-06 8.3e-06 4.4e-06 4.35e-06 8.35e-06 6.2e-06 4.85e-06 6.95e-06 6.55e-06 5.8e-06 4.9e-06 9.15e-06 5.6e-06 9.4e-06 7.05e-06 5.8e-06 7.25e-06 8.1e-06 6.55e-06 9.5e-06 4.335e-05
37 9.4e-06 2.55e-06 2.65e-06 4.71e-05 7.7e-06 5.8e-06 4.6e-05 2.05e-06 7.8e-06 1.85e-06 4.3e-06 5.9e-06 4.375e-05 8.9e-06 8.65e-06 4.45e-06 1.025e-05 3.85e-06 4.45e-06 8.2e-06 4.87e-05 8.8e-06 4.485e-05 5.15e-06 4.61e-05 3.85e-06 3.55e-06 5.5e-06 5.3e-06 6.55e-06 5.85e-06 4.75e-06 8.35e-06 1.4e-06 6.3e-06 9.95e-06 3.05e-06 2.8e-06 4.475e-05 7.05e-06 8.2e-06 6.35e-06 4.725e-05 5.75e-06 5.35e-06 5.6e-06 6.2e-06 8.15e-06 6.8e-06 6.05e-06 6.15e-06 5.75e-06 4.05e-06 4.615e-05 6.65e-06 7.1e-06 1.13e-05 5.4e-06 5.65e-06 4.785e-05 4.76e-05 7.95e-06 4.48e-05 4.61e-05 5.3e-06 7.45e-06 2.2e-06 7.8e-06 4.6e-05 4.395e-05 8.4e-06 1.9e-06 4.25e-06 5.95e-06 2.75e-06 7.95e-06 7.7e-06 4.2e-06 7.95e-06 5.55e-06 6.9e-06 2.9e-06 4.9e-06 8.55e-06 6.65e-06 4.4e-06 5.9e-06 5.55e-06 5.2e-06 2.8e-06 1e-05 4.55e-06 9.05e-06 5.5e-06 6.3e-06 7e-06 8.7e-06 6.05e-06 9.05e-06 4.335e-05
38 4.79e-05 4.445e-05 4.425e-05 4.655e-05 4.655e-05 4.605e-05 4.445e-05 4.515e-05 4.66e-05 4.495e-05 4.53e-05 4.615e-05 4.485e-05 4.715e-05 4.615e-05 4.57e-05 4.715e-05 4.505e-05 4.53e-05 4.655e-05 4.505e-05 4.705e-05 4.485e-05 4.54e-05 4.585e-05 4.625e-05 4.435e-05 4.735e-05 4.52e-05 4.67e-05 4.53e-05 4.57e-05 4.65e-05 4.5e-05 4.73e-05 4.745e-05 4.5e-05 4.475e-05 8.56e-05 4.59e-05 4.63e-05 4.635e-05 4.62e-05 4.67e-05 4.435e-05 4.58e-05 4.625e-05 4.635e-05 4.595e-05 4.63e-05 4.63e-05 4.595e-05 4.355e-05 4.69e-05 4.575e-05 4.685e-05 4.735e-05 4.59e-05 4.6e-05 4.61e-05 4.58e-05 4.615e-05 4.56e-05 4.455e-05 4.56e-05 4.585e-05 4.485e-05 4.6e-05 4.575e-05 4.515e-05 4.65e-05 4.47e-05 4.54e-05 4.62e-05 4.525e-05 4.685e-05 4.59e-05 4.53e-05 4.675e-05 4.59e-05 4.71e-05 4.595e-05 4.565e-05 4.665e-05 4.645e-05 4.565e-05 4.66e-05 4.58e-05 4.625e-05 4.615e-05 4.68e-05 4.5e-05 4.66e-05 4.6e-05 4.485e-05 4.56e-05 4.715e-05 4.6e-05 4.66e-05 4.505e-05
39 7.6e-06 6.55e-06 5.85e-06 4.565e-05 8.35e-06 6.95e-06 4.63e-05 7.3e-06 7.35e-06 6.9e-06 7.65e-06 6.95e-06 4.645e-05 6e-06 5.8e-06 7.5e-06 8.45e-06 7.6e-06 7.7e-06 5.5e-06 4.7e-05 6.05e-06 4.65e-05 6e-06 4.625e-05 7.35e-06 7.05e-06 7.65e-06 6.8e-06 7.25e-06 7.35e-06 7.6e-06 6.95e-06 7.55e-06 8.05e-06 5.75e-06 7e-06 7.05e-06 4.59e-05 9.5e-06 6.8e-06 7.1e-06 4.605e-05 7.5e-06 6.45e-06 6.8e-06 6.5e-06 6.8e-06 6.9e-06 7e-06 6.15e-06 6.9e-06 6.4e-06 4.685e-05 7.8e-06 5.9e-06 7.85e-06 7.1e-06 7.25e-06 4.66e-05 4.635e-05 6.6e-06 4.705e-05 4.64e-05 8e-06 7.05e-06 7.2e-06 7.45e-06 4.615e-05 4.665e-05 7e-06 6.75e-06 7.2e-06 7.1e-06 6.95e-06 6.8e-06 7.7e-06 7.85e-06 8.6e-06 7.25e-06 7.3e-06 7.25e-06 7.05e-06 7.1e-06 7e-06 7.45e-06 7.1e-06 6.75e-06 7.75e-06 7.7e-06 7.95e-06 6.85e-06 6.1e-06 7.2e-06 7.9e-06 6.9e-06 6.9e-06 6.85e-06 7.9e-06 4.63e-05
40 7.9e-06 7.95e-06 7.6e-06 4.56e-05 8.8e-06 6.4e-06 4.55e-05 8.6e-06 7.75e-06 8.3e-06 9.3e-06 6.4e-06 4.79e-05 5.35e-06 5.75e-06 6.4e-06 9.35e-06 9.05e-06 9.4e-06 5.5e-06 4.775e-05 5.25e-06 4.795e-05 5.95e-06 4.48e-05 7.85e-06 7.85e-06 7e-06 6e-06 7.75e-06 5.05e-06 6.35e-06 4.05e-06 8.45e-06 9.35e-06 5.3e-06 8e-06 8.2e-06 4.63e-05 6.8e-06 7.3e-06 6.7e-06 4.495e-05 6.3e-06 5.65e-06 6.1e-06 7.35e-06 4.6e-06 6.35e-06 6.6e-06 7.3e-06 6.25e-06 6.75e-06 4.67e-05 6.95e-06 7.1e-06 6.6e-06 6.2e-06 6.3e-06 4.6e-05 4.57e-05 4.4e-06 4.77e-05 4.555e-05 9.7e-06 5.1e-06 8.3e-06 7e-06 4.485e-05 4.81e-05 3.85e-06 8.15e-06 6.05e-06 6.55e-06 7.95e-06 4.55e-06 7.65e-06 9.3e-06 1.055e-05 5.8e-06 6.3e-06 8.3e-06 6.35e-06 4.25e-06 6.25e-06 6.15e-06 6.9e-06 6.1e-06 9.4e-06 8.5e-06 6.35e-06 6.3e-06 5.6e-06 6.3e-06 7.8e-06 7.55e-06 4.5e-06 6.3e-06 7.55e-06 4.695e-05
41 8.35e-06 6.5e-06 6.45e-06 4.7e-05 8.55e-06 5.9e-06 4.745e-05 6.45e-06 8.4e-06 6.75e-06 7.95e-06 6.2e-06 4.725e-05 7.85e-06 6.95e-06 7.25e-06 9.95e-06 8.05e-06 8.35e-06 7e-06 4.89e-05 7.75e-06 4.755e-05 6.45e-06 4.745e-05 6.65e-06 6.25e-06 6.75e-06 7.2e-06 7.85e-06 7.4e-06 7.25e-06 6.85e-06 6.45e-06 7.9e-06 6.85e-06 6.85e-06 6.35e-06 4.635e-05 7.1e-06 6.7e-06 1.09e-05 4.655e-05 7.2e-06 6.25e-06 6.25e-06 7.05e-06 6.5e-06 6.05e-06 6.4e-06 6.95e-06 6.35e-06 6.1e-06 4.715e-05 8.7e-06 7.2e-06 7.95e-06 6.15e-06 6.3e-06 4.715e-05 4.69e-05 6.3e-06 4.72e-05 4.755e-05 8.75e-06 6.95e-06 6.2e-06 7.35e-06 4.735e-05 4.745e-05 6.9e-06 6.45e-06 6.95e-06 6.05e-06 6.55e-06 7.2e-06 7.75e-06 8.3e-06 9.85e-06 7.45e-06 6.3e-06 6.5e-06 7.05e-06 7e-06 7.4e-06 7.2e-06 6.85e-06 6.2e-06 8.05e-06 6.55e-06 9.3e-06 6.35e-06 6.6e-06 6.25e-06 8.35e-06 8.35e-06 7.5e-06 5.85e-06 8.4e-06 4.655e-05
42 4.725e-05 4.7e-05 4.665e-05 4.49e-05 4.77e-05 4.625e-05 4.645e-05 4.765e-05 4.665e-05 4.735e-05 4.765e-05 4.625e-05 4.76e-05 4.59e-05 4.55e-05 4.67e-05 4.785e-05 4.74e-05 4.735e-05 4.575e-05 4.73e-05 4.58e-05 4.765e-05 4.6e-05 4.505e-05 4.69e-05 4.69e-05 4.695e-05 4.625e-05 4.72e-05 4.595e-05 4.67e-05 4.515e-05 4.75e-05 4.78e-05 4.535e-05 4.71e-05 4.725e-05 4.62e-05 4.605e-05 4.495e-05 4.655e-05 8.86e-05 4.65e-05 4.57e-05 4.58e-05 4.66e-05 4.53e-05 4.62e-05 4.645e-05 4.655e-05 4.61e-05 4.6e-05 4.72e-05 4.66e-05 4.645e-05 4.63e-05 4.605e-05 4.6e-05 4.65e-05 4.62e-05 4.51e-05 4.75e-05 4.655e-05 4.765e-05 4.535e-05 4.735e-05 4.615e-05 4.49e-05 4.78e-05 4.495e-05 4.72e-05 4.64e-05 4.64e-05 4.71e-05 4.565e-05 4.67e-05 4.765e-05 4.8e-05 4.625e-05 4.605e-05 4.725e-05 4.665e-05 4.525e-05 4.635e-05 4.665e-05 4.675e-05 4.595e-05 4.795e-05 4.745e-05 4.655e-05 4.625e-05 4.57e-05 4.615e-05 4.645e-05 4.64e-05 4.58e-05 4.595e-05 4.63e-05 4.575e-05
