 slim_337489821 slim_337489816 slim_337489359 slim_337489596 slim_337489807 slim_337489810 slim_337489663 slim_337489824 slim_337489864 slim_337489675 slim_337489621 slim_337489647 slim_337489615 slim_337489721 slim_337489834 slim_337489793 slim_337489787 slim_337489797 slim_337489843 slim_337489753 slim_337489687 slim_337489799 slim_337489690 slim_337489737 slim_337489742 slim_337489466 slim_337489673 slim_337489851 slim_337489855 slim_337489600 slim_337489853 slim_337489849 slim_337489777 slim_337489758 slim_337489779 slim_337489788 slim_337489496 slim_337489745 slim_337489798 slim_337489829 slim_337489716 slim_337489629 slim_337489654 slim_337489845 slim_337489661 slim_337489823 slim_337489841 slim_337489678 slim_337489805 slim_337489792 slim_337489856 slim_337489338 slim_337489697 slim_337489762 slim_337489861 slim_337489820 slim_337489241 slim_337489796 slim_337489733 slim_337489825 slim_337489723 slim_337489850 slim_337489844 slim_337489671 slim_337489794 slim_337489833 slim_337489686 slim_337489755 slim_337489691 slim_337489773 slim_337489800 slim_337489826 slim_337489757 slim_337489692 slim_337489760 slim_337489669 slim_337489630 slim_337489846 slim_337489860 slim_337489847 slim_337489819 slim_337489848 slim_337489835 slim_337489751 slim_337489752 slim_337489863 slim_337489858 slim_337489832 slim_337489579 slim_337489802 slim_337489790 slim_337489631 slim_337489830 slim_337489643
0 3e-07 0.00024435 0.00023805 0.000299 0.0002731 0.0004164 4.57e-05 2.5e-07 9.64e-05 0.00028245 0.00024455 0.0003758 0.00030795 4.58e-05 0.0003913 0.0004633 0.00047955 0.00013625 0.0004821 0.00040045 0.00026595 0.0004142 0.0002424 0.0002804 0.0002425 0.00024185 9.13e-05 0.000314 0.00024625 0.00040885 0.00012415 0.000375 0.0002832 0.0001864 0.00026 0.000195 0.0002894 0.0004124 0.00039375 0.0002422 4.575e-05 9.115e-05 0.00024395 0.00038855 0.00024645 0.0001501 0.00020205 0.0001951 0.00030145 0.00024405 0.00038625 0.00028715 0.00027325 0.0005513 0.000234 0.0002799 0.0003542 0.0004432 0.0004562 0.0004091 0.0002423 0.00018155 0.0001826 0.0003082 0.00022385 0.0004836 0.00016455 0.0004854 0.0003911 0.0004934 0.00041405 0.00024235 0.0001496 0.00025985 0.00049135 0.0001496 0.00039115 0.0003931 0.0003803 0.0002993 0.0003911 0.0001951 0.0002942 0.0004279 0.00020995 0.0003865 0.0003875 0.0001438 0.0003518 0.0002876 0.00016985 4.55e-05 0.00016655 0.0004789
1 0.00024435 0.0004885 0.00030905 0.0003838 0.00031485 0.0003489 0.00024535 0.00024445 0.00028695 0.00040205 0.0003731 0.00038945 0.00030965 0.00024555 0.0003789 0.0003305 0.00037385 0.00024545 0.0003091 0.00026715 0.00030965 0.0003362 0.0003095 0.0003099 0.0003096 0.00030915 0.0002465 0.00042475 0.0002462 0.00033085 0.00024495 0.0003974 0.0003099 0.0003101 0.00024615 0.0003153 0.00024585 0.0003261 0.00031415 0.0003095 0.0002454 0.00024635 0.0002447 0.00030955 0.0002464 0.0003147 0.0002671 0.0003151 0.0003507 0.00024465 0.00030925 0.00030995 0.0003147 0.0003088 0.0002459 0.00026655 0.00024565 0.0003099 0.0003887 0.0003311 0.0003094 0.00024625 0.0002458 0.0003099 0.00030905 0.000374 0.000355 0.00030945 0.000379 0.00031635 0.00033585 0.00031495 0.000314 0.0003151 0.0003809 0.00031415 0.00037905 0.0003148 0.0002454 0.0003841 0.0003788 0.0003151 0.000379 0.0003221 0.00035625 0.0003741 0.000379 0.00030835 0.00030965 0.0003104 0.0002462 0.00024515 0.0003092 0.000346
2 0.00023805 0.00030905 0.0004752 0.00025065 0.0002445 0.0002439 0.00023935 0.0002381 0.0002798 0.00027845 0.00023955 0.000284 0.0002434 0.0002395 0.00024885 0.00030895 0.00024215 0.0002389 0.000309 0.00030945 0.00023985 0.0003153 0.0002427 0.0002397 0.0002428 0.00024225 0.00024075 0.0002913 0.0002403 0.0003097 0.0002391 0.0002769 0.00023905 0.0002401 0.0002394 0.00024545 0.00031 0.0002799 0.00031535 0.00024285 0.00023935 0.0002406 0.0003088 0.00031 0.0002405 0.0002444 0.00024005 0.00024565 0.0002837 0.00030885 0.00025695 0.0002436 0.00024475 0.00037935 0.00024 0.00023895 0.0003104 0.0003092 0.00025805 0.00030995 0.0002426 0.00024 0.0002404 0.00024365 0.00023895 0.00024705 0.00028495 0.000313 0.0002483 0.00032905 0.0003152 0.00024545 0.00024435 0.000246 0.0002626 0.0002444 0.00024835 0.0003148 0.0003098 0.00025095 0.0002483 0.00024565 0.0002456 0.0002423 0.000286 0.00024355 0.00024445 0.00023845 0.0002437 0.0002438 0.0002406 0.00023915 0.0002397 0.00032445
3 0.000299 0.0003838 0.00025065 5e-07 0.0001155 0.000193 0.00025505 0.00029905 0.00028585 9.25e-05 5.585e-05 0.0002039 0.00024805 0.0002552 0.00010555 0.0002769 0.00020665 0.000276 0.0003357 0.00034085 0.00020485 0.0002146 0.0002551 0.0001329 0.0002552 0.0002548 0.0002112 6.785e-05 0.00022585 0.00022045 0.00026305 0.0001981 0.0002067 0.0001159 0.0002414 0.0001066 0.00034 0.0002658 0.0002345 0.00025525 0.00025505 0.00021105 0.00038405 0.00024105 0.00022605 0.0001508 0.00021175 0.00010565 0.00027755 0.0003841 0.0003273 0.00021075 0.00011465 0.000405 0.0002137 0.0002206 0.0003338 0.0002975 0.0001722 0.0002207 0.000255 0.00023215 0.00021285 0.0002483 0.00016405 0.0002109 0.0002172 0.0003397 0.0001063 0.0003471 0.000214 0.0001168 0.0001497 9.985e-05 0.00021795 0.00014975 0.00010635 0.0002356 0.000361 1.4e-06 0.0001059 0.00010575 7.1e-06 0.0002576 0.00017355 0.0001119 0.0001021 0.0001566 0.0002039 0.0002111 0.0002193 0.00025485 0.00019245 0.0002815
4 0.0002731 0.00031485 0.0002445 0.0001155 0.0002283 0.00018295 0.0002302 0.00027315 0.00026105 0.0002063 0.0001589 0.0002368 0.00021315 0.00023035 0.0001702 0.00024785 0.00022045 0.0002059 0.0002865 0.00024775 0.0001711 0.00023645 0.00024915 0.00012745 0.00024925 0.00024885 0.0001874 0.00018195 0.00012735 0.0002366 0.00019425 0.00026125 0.0002016 0.0001549 0.00012665 0.0001508 0.0002717 0.00025725 0.00023605 0.0002493 0.0002302 0.00018725 0.0003147 0.00023655 0.00012755 0.00019395 0.0001634 0.0001514 0.00027205 0.00031475 0.0002777 0.00020585 0.00011485 0.0003563 0.0001151 0.00012685 0.00023625 0.00024745 0.00019215 0.00023685 0.00024905 0.0001629 0.0001411 0.0002134 0.0001578 0.0002249 0.0002607 0.0002903 0.0001694 0.00029845 0.0002364 0.00013225 0.0001943 0.000116 0.0002327 0.00019435 0.00016945 0.0002353 0.00024765 0.000116 0.0001698 0.0001514 0.0001163 0.0002208 0.0002173 0.0001708 0.0001662 0.0001937 0.00017055 0.0002062 0.00015155 0.00023 0.0002017 0.0002579
5 0.0004164 0.0003489 0.0002439 0.000193 0.00018295 0.0001407 0.00037325 0.00041645 0.0004037 0.00027135 0.00022575 0.0001933 0.00017955 0.0003734 0.0001319 0.0001556 7.165e-05 0.00028295 0.00017665 0.00019445 0.00017995 0.0002166 0.00024375 0.00016585 0.0002435 0.00024395 0.0003302 0.0002597 0.0001755 0.0002111 0.00029435 0.0002101 0.00020075 0.0002599 0.00016115 0.00026175 0.0003057 0.0001834 0.0002372 0.00024355 0.00037325 0.00033005 0.00034895 0.00023225 0.00017575 0.00030515 0.0002191 0.00026155 0.00026735 0.000349 0.0001639 0.0002002 0.0001828 0.0002424 0.0001872 0.0001401 0.00024175 0.00017645 8.67e-05 0.00021135 0.00024365 0.0002396 0.000239 0.0001798 0.00022075 7.08e-05 0.00037135 0.00017585 0.0001324 0.0001931 0.0002163 0.0002146 0.0003047 0.0001975 8.82e-05 0.00030475 0.00013245 0.00023735 0.00021535 0.0001933 0.0001324 0.00026155 0.00018805 9.755e-05 0.0003281 0.00012735 0.0001326 0.00029955 0.0001364 0.00020105 0.0002514 0.00037305 0.0002789 0.00017085
6 4.57e-05 0.00024535 0.00023935 0.00025505 0.0002302 0.00037325 9.12e-05 4.58e-05 0.0001229 0.0002606 0.00024425 0.0003583 0.00030835 4.605e-05 0.00034805 0.0004204 0.000437 0.00013775 0.0004391 0.00035755 0.00026595 0.0003706 0.0002437 0.00023715 0.0002438 0.00024335 4.605e-05 0.000296 0.000203 0.00036525 0.00012525 0.00035385 0.00023925 0.000142 0.0002175 0.00015065 0.00024555 0.0003696 0.00035005 0.0002437 4.58e-05 4.585e-05 0.0002455 0.0003453 0.0002032 0.000151 0.000158 0.0001505 0.0002845 0.0002455 0.00038715 0.0002432 0.00023005 0.0005082 0.0001908 0.00023715 0.00031095 0.00040055 0.00041345 0.0003655 0.0002436 0.00013765 0.0001648 0.0003086 0.0002243 0.00044105 0.0001913 0.00044285 0.00034815 0.0004506 0.00037025 0.00021575 0.00015035 0.0002159 0.00044855 0.00015045 0.0003482 0.00035015 0.0003373 0.00025535 0.00034795 0.00015045 0.00025025 0.0003849 0.0001916 0.00034325 0.00034425 0.0001451 0.00030835 0.00024375 0.00012565 4.565e-05 0.0002099 0.000436
7 2.5e-07 0.00024445 0.0002381 0.00029905 0.00027315 0.00041645 4.58e-05 2e-07 9.635e-05 0.0002825 0.0002446 0.00037585 0.000308 4.585e-05 0.00039135 0.00046335 0.0004796 0.00013625 0.00048215 0.0004005 0.000266 0.00041425 0.00024245 0.00028045 0.00024255 0.00024185 9.135e-05 0.00031405 0.0002463 0.0004089 0.00012425 0.00037505 0.00028325 0.00018645 0.00026005 0.00019505 0.00028945 0.00041245 0.0003938 0.00024215 4.58e-05 9.12e-05 0.000244 0.0003886 0.0002465 0.00015015 0.0002021 0.00019515 0.0003015 0.00024415 0.00038625 0.0002872 0.0002733 0.00055135 0.00023405 0.00027995 0.00035425 0.00044325 0.00045625 0.00040915 0.00024235 0.0001816 0.00018265 0.00030825 0.0002239 0.00048365 0.0001645 0.00048545 0.00039115 0.00049345 0.0004141 0.0002424 0.0001497 0.0002599 0.0004914 0.00014965 0.0003912 0.00039315 0.00038035 0.00029935 0.00039115 0.00019515 0.00029425 0.00042795 0.00021 0.00038655 0.00038755 0.0001439 0.00035185 0.00028765 0.0001699 4.56e-05 0.0001666 0.00047895
8 9.64e-05 0.00028695 0.0002798 0.00028585 0.00026105 0.0004037 0.0001229 9.635e-05 0.0001926 0.00031895 0.000249 0.0003216 0.0003135 0.00012295 0.0003785 0.0004507 0.0004671 0.0001788 0.0004704 0.0003885 0.00027145 0.0004012 0.0002841 0.0002682 0.0002842 0.00028365 0.0001494 0.00025965 0.0002348 0.00039575 0.0001667 0.00041185 0.0003061 0.00021215 0.000249 0.0002175 0.00031285 0.00040065 0.00038165 0.000284 0.0001229 0.0001493 0.0002865 0.0003763 0.000235 0.00019145 0.00022475 0.0002176 0.00028365 0.0002866 0.0003922 0.00031 0.0002612 0.0005396 0.0002226 0.000268 0.0003427 0.0004315 0.0004439 0.000396 0.000284 0.0002051 0.00017085 0.00031375 0.0002295 0.00047115 0.0001648 0.0004736 0.00037825 0.00048165 0.00040105 0.00022995 0.00019115 0.00024715 0.0004789 0.00019115 0.0003783 0.00038095 0.00036925 0.00028575 0.00037835 0.0002176 0.00028075 0.0004153 0.0001912 0.00037355 0.00037455 0.0001856 0.0003397 0.00031035 0.0001933 0.0001227 0.00018945 0.00046635
9 0.00028245 0.00040205 0.00027845 9.25e-05 0.0002063 0.00027135 0.0002606 0.0002825 0.00031895 0.0001848 0.00012585 0.00027815 0.00030475 0.00026075 0.00018455 0.00034855 0.0002756 0.00031285 0.0003983 0.00041235 0.0002742 0.0002872 0.0002797 0.00022385 0.0002798 0.0002794 0.00023885 0.0001554 0.00031665 0.00029275 0.00030025 0.0001848 0.0002566 0.0001718 0.0003315 0.0001662 0.0003802 0.00032155 0.00030715 0.00027985 0.0002606 0.0002387 0.00040215 0.0003133 0.00031685 0.0001883 0.00027065 0.00016555 0.00032005 0.0004022 0.000365 0.00025745 0.00020585 0.00045805 0.00030445 0.00031075 0.0004059 0.0003691 0.0002406 0.000293 0.0002796 0.00029105 0.00029995 0.000305 0.0002332 0.00027665 0.0002504 0.00039895 0.00018495 0.00039375 0.00028665 0.00020835 0.00018755 0.0001915 0.0002711 0.0001876 0.000185 0.00030775 0.0004326 9.325e-05 0.0001847 0.0001657 9.89e-05 0.00032665 0.00022875 0.00019065 0.0001841 0.0001938 0.00028265 0.0002578 0.0002786 0.0002604 0.0002404 0.0003433
10 0.00024455 0.0003731 0.00023955 5.585e-05 0.0001589 0.00022575 0.00024425 0.0002446 0.000249 0.00012585 8.96e-05 0.00021045 0.00023715 0.0002444 0.0001496 0.00030935 0.00023895 0.00026535 0.00036835 0.00037335 0.0001942 0.0002586 0.0002441 0.00016525 0.0002442 0.00024375 0.00024405 9.7e-05 0.00025875 0.00025275 0.0002526 0.00021985 0.00023925 0.00014855 0.00027395 0.00015015 0.00037265 0.0002986 0.00027875 0.00024425 0.00024425 0.0002439 0.00037305 0.00027335 0.00025895 0.0001507 0.00024445 0.0001499 0.0002841 0.0003731 0.00031635 0.0002434 0.0001587 0.0004378 0.0002466 0.00025305 0.00036665 0.00033005 0.00021565 0.000253 0.000244 0.00026485 0.00022 0.0002374 0.0001532 0.00024335 0.0001913 0.00037215 0.0001496 0.0003797 0.00025825 0.0001438 0.0001502 0.00014385 0.0002505 0.00015025 0.00014965 0.00027885 0.0003938 5.615e-05 0.0001494 0.0001499 5.055e-05 0.0002901 0.0001911 0.00014415 0.0001456 0.00014585 0.0002369 0.0002437 0.0002525 0.00024405 0.0001382 0.0003248
11 0.0003758 0.00038945 0.000284 0.0002039 0.0002368 0.0001933 0.0003583 0.00037585 0.0003216 0.00027815 0.00021045 0.0003829 0.00024905 0.00035845 0.00019835 0.0002771 0.0001921 0.00032345 0.0002979 0.000316 0.00024955 0.0002828 0.00028445 0.0002319 0.00028455 0.0002837 0.0003409 0.0002033 0.00027095 0.0002771 0.00032335 0.00027285 0.0002665 0.00027 0.0002708 0.0002721 0.00037155 0.00026425 0.0003035 0.0002846 0.0003583 0.00034075 0.00038915 0.000298 0.00027115 0.00028985 0.0002852 0.00027235 0.0002656 0.0003892 0.00025885 0.00026655 0.0002371 0.000364 0.0002707 0.0002497 0.00033685 0.000298 0.00020815 0.00027735 0.00028435 0.00030575 0.0002706 0.0002493 0.00024905 0.0001928 0.0002892 0.00029735 0.00019745 0.00031435 0.0002827 0.00023725 0.00028985 0.0002374 0.000209 0.0002899 0.0001974 0.00030285 0.000337 0.0002038 0.000198 0.00027235 0.00019855 0.00021865 0.00027125 0.00019255 0.00019825 0.00028445 0.0002316 0.00026635 0.00030605 0.0003581 0.00026685 0.0002925
12 0.00030795 0.00030965 0.0002434 0.00024805 0.00021315 0.00017955 0.00030835 0.000308 0.0003135 0.00030475 0.00023715 0.00024905 0.0003558 0.0003085 0.00021315 0.00024565 0.00017915 0.0002438 0.00024535 0.0002456 0.0001789 0.00028025 0.00024325 0.0002084 0.0002434 0.0002435 0.00030885 0.0002887 0.00017915 0.00027475 0.00024355 0.00027015 0.0002438 0.00027645 0.00017925 0.0002782 0.0003097 0.00023855 0.0002797 0.00024345 0.00030835 0.0003087 0.0003094 0.00027445 0.00017945 0.00027805 0.00024435 0.0002784 0.0002843 0.00030945 0.000189 0.00024325 0.0002134 0.00031125 0.0001789 0.00017935 0.0002451 0.00024535 0.00019475 0.000275 0.00024315 0.00024395 0.00018965 0.00017815 0.0002077 0.00017825 0.0003186 0.00024425 0.0002133 0.0002617 0.00028015 0.0002131 0.000278 0.00021365 0.0001959 0.00027805 0.00021335 0.00027925 0.00024535 0.00024835 0.00021355 0.0002784 0.0002431 0.00017935 0.0003187 0.00020865 0.00021385 0.0002724 0.00017905 0.00024415 0.00024415 0.00030815 0.0002074 0.000261
13 4.58e-05 0.00024555 0.0002395 0.0002552 0.00023035 0.0003734 4.605e-05 4.585e-05 0.00012295 0.00026075 0.0002444 0.00035845 0.0003085 9.15e-05 0.0003482 0.00042055 0.00043715 0.00013785 0.00043925 0.0003577 0.0002661 0.00037075 0.00024385 0.0002373 0.00024395 0.00024345 4.6e-05 0.00029615 0.00020315 0.0003654 0.00012545 0.000354 0.0002395 0.00014185 0.00021765 0.0001509 0.0002454 0.00036975 0.0003502 0.0002438 4.605e-05 4.615e-05 0.00024555 0.00034545 0.00020335 0.00015115 0.00015785 0.0001507 0.00028465 0.0002457 0.00038725 0.00024345 0.0002302 0.00050835 0.00019095 0.0002373 0.0003111 0.0004007 0.0004136 0.00036565 0.00024375 0.00013785 0.00016495 0.00030875 0.00022445 0.0004412 0.0001914 0.000443 0.0003483 0.00045075 0.0003704 0.0002159 0.00015055 0.00021605 0.0004487 0.0001505 0.00034835 0.0003503 0.00033745 0.0002555 0.0003481 0.0001507 0.0002504 0.00038505 0.00019185 0.0003434 0.0003444 0.0001453 0.0003085 0.00024355 0.00012545 4.585e-05 0.00021005 0.00043615
14 0.0003913 0.0003789 0.00024885 0.00010555 0.0001702 0.0001319 0.00034805 0.00039135 0.0003785 0.00018455 0.0001496 0.00019835 0.00021315 0.0003482 0.0002109 0.0002163 0.00010665 0.00031305 0.0002367 0.0002802 0.0002138 0.00021585 0.00024865 0.00017055 0.00024885 0.0002489 0.0003049 0.00017245 0.00023455 0.00021595 0.00031255 0.000185 0.0002056 0.00020915 0.0002348 0.0002055 0.0003356 0.00020325 0.00023605 0.0002489 0.00034805 0.00030475 0.00037895 0.0002367 0.00023475 0.000249 0.00024935 0.00020515 0.000272 0.000379 0.00022395 0.000205 0.00016995 0.0003026 0.0002343 0.000214 0.0003005 0.0002369 0.00011675 0.0002162 0.00024855 0.00026975 0.0002598 0.00021335 0.00021355 0.0001057 0.0003153 0.0002359 0.0001063 0.00025315 0.0002155 0.00018695 0.00024845 0.00017025 0.0001232 0.0002485 0.00010635 0.0002364 0.0003007 0.0001063 0.00010635 0.0002052 0.00010645 0.00015805 0.00027195 0.00010675 0.0001066 0.00024915 0.0001702 0.0002059 0.0002695 0.00034785 0.00025695 0.0002263
15 0.0004633 0.0003305 0.00030895 0.0002769 0.00024785 0.0001556 0.0004204 0.00046335 0.0004507 0.00034855 0.00030935 0.0002771 0.00024565 0.00042055 0.0002163 0.0003059 0.0001553 0.00032955 0.0001764 0.0001744 0.0002459 0.00021545 0.00030965 0.00023115 0.00030975 0.00030945 0.0003776 0.0003433 0.0002227 0.00021015 0.00034185 0.0002882 0.00026605 0.00032535 0.0002075 0.00032705 0.00028735 0.00023295 0.0002373 0.0003098 0.0004204 0.00037745 0.00033035 0.00023235 0.000223 0.0003702 0.00026555 0.0003272 0.000333 0.0003304 0.0002192 0.00026635 0.00024805 0.0001753 0.00023465 0.00018605 0.0002238 0.0001744 0.00017055 0.0002104 0.00030955 0.00028645 0.00028665 0.0002459 0.0002855 0.0001557 0.00043645 0.00017625 0.00021605 0.0001837 0.0002155 0.00028015 0.0003701 0.0002636 0.0001629 0.00037015 0.0002161 0.0002368 0.00019655 0.0002772 0.00021615 0.0003272 0.00027215 0.0001632 0.00039325 0.00021155 0.00021615 0.00036415 0.00020285 0.0002668 0.00029915 0.0004202 0.000344 0.0001693
16 0.00047955 0.00037385 0.00024215 0.00020665 0.00022045 7.165e-05 0.000437 0.0004796 0.0004671 0.0002756 0.00023895 0.0001921 0.00017915 0.00043715 0.00010665 0.0001553 9.8e-06 0.0003458 0.0001367 0.00021915 0.0002182 0.00021685 0.00024325 0.0002036 0.00024335 0.0002422 0.00039455 0.00027285 0.00023895 0.000211 0.00035805 0.00017585 0.0001996 0.00029805 0.00022365 0.0003002 0.00033105 0.0001437 0.0002374 0.0002434 0.000437 0.0003944 0.0003737 0.0002319 0.00023915 0.000343 0.00028265 0.00030055 0.00026575 0.00037375 0.00012365 0.0002003 0.00022085 0.00020395 0.0002506 0.00020285 0.00026705 0.0001759 6.04e-05 0.00021125 0.00024315 0.00030305 0.0003026 0.0001794 0.0002587 6.65e-06 0.00040925 0.00013695 0.00010545 0.00016195 0.0002168 0.00025295 0.0003431 0.0002365 3.055e-05 0.00034315 0.0001055 0.0002369 0.00024 0.00020695 0.00010595 0.00030055 0.00020135 5.735e-05 0.0003662 0.0001006 0.0001061 0.00033735 0.0001359 0.0002 0.0003157 0.0004368 0.0003173 0.00017065
17 0.00013625 0.00024545 0.0002389 0.000276 0.0002059 0.00028295 0.00013775 0.00013625 0.0001788 0.00031285 0.00026535 0.00032345 0.0002438 0.00013785 0.00031305 0.00032955 0.0003458 0.0002723 0.00034815 0.0002661 0.0002018 0.0003361 0.0002435 0.0002013 0.0002436 0.0002431 0.0001393 0.0003166 0.0001377 0.0003309 0.00013695 0.00035015 0.0002402 0.0002024 0.00013665 0.0002074 0.00024655 0.00031895 0.0003153 0.00024345 0.00013775 0.00013915 0.00024515 0.00031035 0.0001379 0.00020635 0.00015875 0.0002076 0.0002847 0.00024525 0.00029595 0.0002444 0.00020615 0.00041775 0.0001376 0.00015715 0.00024655 0.0003089 0.0003224 0.00033115 0.0002434 0.0001378 0.00013815 0.00024405 0.0002004 0.0003501 0.00024665 0.0003518 0.00031275 0.0003599 0.000336 0.000207 0.00020615 0.0002075 0.00035795 0.00020615 0.0003128 0.00031475 0.0002456 0.0002762 0.0003128 0.0002076 0.0002713 0.0002944 0.0002479 0.0003084 0.00030895 0.00019995 0.0002444 0.00024485 0.0001386 0.00013755 0.0002013 0.0003451
18 0.0004821 0.0003091 0.000309 0.0003357 0.0002865 0.00017665 0.0004391 0.00048215 0.0004704 0.0003983 0.00036835 0.0002979 0.00024535 0.00043925 0.0002367 0.0001764 0.0001367 0.00034815 0.0002721 0.0001764 0.0002838 0.00023755 0.00031005 0.00026945 0.00031015 0.0003096 0.0003962 0.0004023 0.0002405 0.00023195 0.00036 0.00029955 0.000266 0.00036405 0.0002258 0.000366 0.0002667 0.00019385 0.000236 0.0003102 0.0004391 0.00039605 0.00030955 0.00023125 0.0002407 0.00040925 0.00030535 0.0003659 0.00033315 0.0003096 0.00018015 0.00026665 0.00028645 0.0001371 0.00025215 0.00022585 0.0002021 0.00017615 0.0001908 0.0002322 0.00030995 0.00030495 0.00030385 0.0002456 0.0003244 0.0001377 0.00047545 0.0001373 0.00023645 0.00015225 0.00023725 0.0003183 0.0004089 0.0003015 0.0001524 0.00040895 0.0002365 0.00023675 0.00017515 0.000336 0.00023625 0.0003659 0.00033065 0.00013675 0.00043255 0.0002314 0.0002362 0.0004031 0.0002018 0.00026685 0.0003172 0.0004389 0.0003826 0.0001918
19 0.00040045 0.00026715 0.00030945 0.00034085 0.00024775 0.00019445 0.00035755 0.0004005 0.0003885 0.00041235 0.00037335 0.000316 0.0002456 0.0003577 0.0002802 0.0001744 0.00021915 0.0002661 0.0001764 0.0002622 0.00024585 0.0002363 0.00031015 0.000231 0.00031025 0.00030995 0.00031475 0.00040725 0.00015855 0.00023095 0.00027835 0.00035195 0.00026655 0.00032585 0.00014325 0.0003276 0.000224 0.00023295 0.00023735 0.0003103 0.00035755 0.0003146 0.000267 0.00023235 0.00015895 0.00037075 0.000223 0.00032775 0.0003335 0.00026705 0.0002192 0.00026685 0.00024795 0.0001757 0.0001706 0.00014305 0.0001599 0.00017465 0.0002343 0.0002312 0.00031005 0.00022295 0.0002227 0.00024585 0.0002855 0.00021955 0.000437 0.00017625 0.00027995 0.0001837 0.0002364 0.00028015 0.00037065 0.0002636 0.00022675 0.0003707 0.00028 0.00023695 0.00013245 0.00034115 0.00028005 0.00032775 0.00033605 0.00017585 0.0003938 0.0002754 0.00028005 0.0003643 0.0002028 0.0002673 0.00023565 0.00035735 0.0003441 0.00019
20 0.00026595 0.00030965 0.00023985 0.00020485 0.0001711 0.00017995 0.00026595 0.000266 0.00027145 0.0002742 0.0001942 0.00024955 0.0001789 0.0002661 0.0002138 0.0002459 0.0002182 0.0002018 0.0002838 0.00024585 0.0002708 0.0002799 0.0002445 0.0001657 0.0002446 0.0002441 0.00026605 0.000246 0.00013645 0.0002743 0.00020095 0.0002834 0.00023985 0.0002339 0.0001373 0.0002357 0.0003095 0.0002808 0.0002791 0.00024465 0.00026595 0.0002659 0.0003096 0.00027395 0.0001368 0.00023595 0.00020195 0.0002354 0.00028485 0.00030965 0.00023185 0.0002441 0.00017085 0.0003535 0.00013625 0.0001374 0.00024465 0.0002456 0.0001948 0.00027455 0.0002444 0.00020155 0.00014695 0.00017915 0.0001655 0.00022275 0.0002765 0.0002877 0.0002138 0.00029525 0.00027955 0.0001704 0.0002354 0.00017035 0.00022985 0.00023545 0.00021385 0.00027935 0.00024535 0.00020515 0.00021355 0.0002354 0.0001998 0.0002181 0.0002766 0.00020855 0.0002097 0.0002305 0.0001785 0.00024435 0.00020115 0.00026575 0.0001648 0.00026115
21 0.0004142 0.0003362 0.0003153 0.0002146 0.00023645 0.0002166 0.0003706 0.00041425 0.0004012 0.0002872 0.0002586 0.0002828 0.00028025 0.00037075 0.00021585 0.00021545 0.00021685 0.0003361 0.00023755 0.0002363 0.0002799 0.0004289 0.0003158 0.0002368 0.0003159 0.00031555 0.0003271 0.0002817 0.0002576 0.0002151 0.00033545 0.00028865 0.0002717 0.000275 0.000258 0.00027125 0.00029255 0.0002535 0.0002364 0.00031595 0.0003706 0.00032695 0.00033625 0.0002372 0.0002578 0.0003151 0.0002717 0.00027085 0.0003387 0.0003363 0.0002804 0.0002718 0.000236 0.0002365 0.00025735 0.0002367 0.0002578 0.00023655 0.0002264 0.0002153 0.0003157 0.00029245 0.0002828 0.0002805 0.0002795 0.0002171 0.0003814 0.0002374 0.00021615 0.00024445 0.00021475 0.0002531 0.0003144 0.0002362 0.00022385 0.00031445 0.0002162 0.0002368 0.00025815 0.0002153 0.000216 0.0002708 0.0002156 0.0002246 0.00033785 0.0002166 0.0002161 0.000315 0.0002367 0.0002722 0.00029205 0.0003704 0.00032275 0.00022535
22 0.0002424 0.0003095 0.0002427 0.0002551 0.00024915 0.00024375 0.0002437 0.00024245 0.0002841 0.0002797 0.0002441 0.00028445 0.00024325 0.00024385 0.00024865 0.00030965 0.00024325 0.0002435 0.00031005 0.00031015 0.0002445 0.0003158 0.0004839 0.00024445 0.0002423 0.00024275 0.0002451 0.0002957 0.0002449 0.0003103 0.00024345 0.0002736 0.000244 0.00024455 0.00024425 0.00024985 0.00031045 0.0002767 0.00031585 0.0002427 0.0002437 0.00024495 0.00030925 0.0003106 0.0002451 0.00024845 0.00024465 0.00025005 0.00028415 0.0003093 0.0002536 0.00024335 0.0002494 0.0003759 0.0002446 0.0002438 0.00031085 0.0003099 0.0002589 0.00031055 0.000242 0.0002446 0.0002448 0.00024345 0.0002436 0.00024205 0.0002893 0.0003089 0.00024885 0.00032645 0.0003157 0.0002499 0.00024875 0.0002504 0.00026005 0.0002488 0.0002489 0.0003153 0.0003105 0.0002554 0.0002491 0.00025005 0.00025015 0.00024335 0.0002903 0.0002442 0.00024945 0.00024305 0.0002443 0.0002443 0.00024495 0.0002435 0.00024415 0.00032515
23 0.0002804 0.0003099 0.0002397 0.0001329 0.00012745 0.00016585 0.00023715 0.00028045 0.0002682 0.00022385 0.00016525 0.0002319 0.0002084 0.0002373 0.00017055 0.00023115 0.0002036 0.0002013 0.00026945 0.000231 0.0001657 0.0002368 0.00024445 0.0002431 0.00024455 0.0002441 0.000194 0.00019955 0.00012215 0.0002308 0.00020115 0.00026175 0.00019645 0.0001617 0.000122 0.0001636 0.0002666 0.00024015 0.00023615 0.0002446 0.00023715 0.00019385 0.00030995 0.0002307 0.00012235 0.0002071 0.0001583 0.0001634 0.00026715 0.00031 0.000261 0.0002008 0.0001273 0.0003394 0.0001221 0.0001222 0.00023105 0.0002308 0.00018035 0.000231 0.00024435 0.0001578 0.000148 0.00020865 0.00016535 0.0002082 0.00027325 0.00027355 0.0001705 0.0002813 0.0002365 0.0001447 0.00020665 0.0001277 0.00021555 0.0002067 0.00017055 0.0002364 0.00023065 0.000133 0.00017035 0.0001634 0.0001273 0.0002037 0.00022995 0.0001649 0.00016625 0.0002012 0.0001649 0.0002011 0.0001581 0.00023695 0.0002091 0.0002466
24 0.0002425 0.0003096 0.0002428 0.0002552 0.00024925 0.0002435 0.0002438 0.00024255 0.0002842 0.0002798 0.0002442 0.00028455 0.0002434 0.00024395 0.00024885 0.00030975 0.00024335 0.0002436 0.00031015 0.00031025 0.0002446 0.0003159 0.0002423 0.00024455 0.0004841 0.00024285 0.0002452 0.0002958 0.000245 0.0003104 0.00024355 0.00027335 0.0002441 0.00024465 0.00024435 0.00024995 0.00031055 0.0002768 0.00031595 0.00024245 0.0002438 0.00024505 0.00030935 0.0003107 0.0002452 0.00024855 0.00024475 0.00025015 0.00028425 0.0003094 0.0002537 0.00024355 0.0002495 0.000376 0.0002447 0.0002439 0.00031095 0.00031 0.000259 0.00031065 0.0002422 0.0002447 0.0002449 0.00024365 0.0002437 0.0002425 0.0002894 0.00030905 0.00024895 0.00032655 0.0003158 0.00025 0.00024885 0.0002505 0.00026015 0.0002489 0.000249 0.0003154 0.0003106 0.0002555 0.0002492 0.00025015 0.00025025 0.00024345 0.0002904 0.0002443 0.00024955 0.00024315 0.0002444 0.0002444 0.00024505 0.0002436 0.00024425 0.00032525
25 0.00024185 0.00030915 0.00024225 0.0002548 0.00024885 0.00024395 0.00024335 0.00024185 0.00028365 0.0002794 0.00024375 0.0002837 0.0002435 0.00024345 0.0002489 0.00030945 0.0002422 0.0002431 0.0003096 0.00030995 0.0002441 0.00031555 0.00024275 0.0002441 0.00024285 0.0004835 0.0002449 0.00029535 0.0002447 0.00030995 0.0002431 0.00027375 0.00024355 0.00024415 0.00024405 0.00024955 0.00031025 0.000276 0.0003156 0.0002427 0.00024335 0.00024475 0.00030885 0.00031025 0.0002449 0.0002485 0.00024445 0.0002498 0.00028335 0.00030895 0.00025275 0.00024365 0.00024915 0.0003757 0.0002444 0.0002436 0.00031065 0.0003097 0.00025835 0.0003102 0.00024265 0.0002444 0.0002446 0.00024375 0.0002434 0.000243 0.0002888 0.00030915 0.00024805 0.0003261 0.00031545 0.00024965 0.00024835 0.00025015 0.0002591 0.00024835 0.0002481 0.000315 0.0003103 0.0002551 0.00024855 0.0002498 0.00024975 0.00024275 0.00028995 0.00024335 0.00024895 0.0002427 0.0002438 0.0002436 0.00024475 0.00024315 0.00024395 0.0003249
26 9.13e-05 0.0002465 0.00024075 0.0002112 0.0001874 0.0003302 4.605e-05 9.135e-05 0.0001494 0.00023885 0.00024405 0.0003409 0.00030885 4.6e-05 0.0003049 0.0003776 0.00039455 0.0001393 0.0003962 0.00031475 0.00026605 0.0003271 0.0002451 0.000194 0.0002452 0.0002449 1.1e-06 0.0002781 0.00015985 0.00032175 0.0001265 0.0003328 0.0001955 9.74e-05 0.0001751 0.0001064 0.0002015 0.0003269 0.00030645 0.00024525 4.595e-05 7e-07 0.00024705 0.00030215 0.00016005 0.000152 0.0001138 0.00010605 0.00026765 0.0002471 0.0003881 0.00019945 0.00018695 0.0004652 0.0001477 0.0001945 0.0002678 0.000358 0.0003708 0.000322 0.000245 9.39e-05 0.0001471 0.0003091 0.00022485 0.0003986 0.0002181 0.0004004 0.0003053 0.0004079 0.00032655 0.00018925 0.00015125 0.00017205 0.00040585 0.0001513 0.00030535 0.0003073 0.0002944 0.0002115 0.0003049 0.0001059 0.0002064 0.000342 0.00017335 0.0003001 0.0003011 0.00014655 0.000265 0.0001997 8.125e-05 4.595e-05 0.00025335 0.0003932
27 0.000314 0.00042475 0.0002913 6.785e-05 0.00018195 0.0002597 0.000296 0.00031405 0.00025965 0.0001554 9.7e-05 0.0002033 0.0002887 0.00029615 0.00017245 0.0003433 0.00027285 0.0003166 0.0004023 0.00040725 0.000246 0.0002817 0.0002957 0.00019955 0.0002958 0.00029535 0.0002781 0.0001355 0.0002926 0.0002872 0.00030425 0.00026035 0.0002733 0.0001824 0.0003077 0.00017335 0.00040655 0.00033245 0.00030175 0.00029585 0.000296 0.00027795 0.00042465 0.00030765 0.0002928 0.0001916 0.00027835 0.00017285 0.0002769 0.0004247 0.00036785 0.0002773 0.00018165 0.0004717 0.00028045 0.0002869 0.0004005 0.0003639 0.00023875 0.00028745 0.0002956 0.00029875 0.00025395 0.00028895 0.00020485 0.0002771 0.0001909 0.0004059 0.00017265 0.0004136 0.0002812 0.0001668 0.000191 0.00016675 0.0002844 0.00019105 0.0001727 0.000302 0.0004276 6.8e-05 0.00017255 0.000173 7.39e-05 0.0003241 0.00017295 0.00017845 0.00016855 0.0001974 0.00027085 0.0002776 0.00028645 0.0002958 0.00020765 0.00034795
28 0.00024625 0.0002462 0.0002403 0.00022585 0.00012735 0.0001755 0.000203 0.0002463 0.0002348 0.00031665 0.00025875 0.00027095 0.00017915 0.00020315 0.00023455 0.0002227 0.00023895 0.0001377 0.0002405 0.00015855 0.00013645 0.0002576 0.0002449 0.00012215 0.000245 0.0002447 0.00015985 0.0002926 5.68e-05 0.00025225 0.0001375 0.0003256 0.00019705 0.0001913 2.865e-05 0.000193 0.0002029 0.0002377 0.000236 0.00024505 0.000203 0.0001597 0.00024625 0.0002312 2.9e-05 0.0002365 0.00011535 0.0001928 0.00026785 0.0002463 0.00023205 0.00020125 0.0001272 0.0003101 2.86e-05 4.985e-05 0.00013765 0.00020155 0.00021535 0.0002525 0.0002448 9.415e-05 6.585e-05 0.0001794 0.00016515 0.00024325 0.00030275 0.00024445 0.00023465 0.0002523 0.0002573 0.0001444 0.00023605 0.00012735 0.00025085 0.0002361 0.0002347 0.00023625 0.00013725 0.00022615 0.00023445 0.0001928 0.00022105 0.0001874 0.00025945 0.00022975 0.0002305 0.0002301 0.0001356 0.0002017 9.445e-05 0.0002028 0.0002087 0.0002383
29 0.00040885 0.00033085 0.0003097 0.00022045 0.0002366 0.0002111 0.00036525 0.0004089 0.00039575 0.00029275 0.00025275 0.0002771 0.00027475 0.0003654 0.00021595 0.00021015 0.000211 0.0003309 0.00023195 0.00023095 0.0002743 0.0002151 0.0003103 0.0002308 0.0003104 0.00030995 0.00032175 0.0002872 0.00025225 0.0004182 0.0003302 0.0002885 0.0002661 0.00026945 0.00025265 0.0002714 0.0002872 0.0002479 0.00023665 0.00031045 0.00036525 0.0003216 0.0003309 0.0002312 0.00025245 0.00031525 0.00026635 0.00027105 0.000333 0.00033095 0.0002748 0.0002663 0.0002363 0.0002312 0.000252 0.00023135 0.00025245 0.00023125 0.00022615 0.00020935 0.0003102 0.0002871 0.0002775 0.000275 0.0002743 0.00021145 0.00038135 0.0002319 0.00021605 0.0002389 0.00021495 0.0002533 0.00031465 0.00023615 0.00021805 0.0003147 0.0002161 0.00023695 0.0002528 0.00022055 0.0002159 0.00027105 0.0002149 0.00021895 0.0003378 0.00021035 0.0002158 0.00030985 0.0002311 0.0002666 0.0002868 0.00036505 0.00031755 0.0002254
30 0.00012415 0.00024495 0.0002391 0.00026305 0.00019425 0.00029435 0.00012525 0.00012425 0.0001667 0.00030025 0.0002526 0.00032335 0.00024355 0.00012545 0.00031255 0.00034185 0.00035805 0.00013695 0.00036 0.00027835 0.00020095 0.00033545 0.00024345 0.00020115 0.00024355 0.0002431 0.0001265 0.00030425 0.0001375 0.0003302 0.0002481 0.00035 0.00024005 0.00018995 0.0001373 0.0001951 0.00024595 0.0003304 0.0003144 0.00024345 0.0001253 0.00012635 0.00024495 0.0003096 0.0001377 0.0001944 0.00015875 0.00019475 0.0002846 0.00024495 0.0003079 0.000244 0.00019385 0.0004292 0.00012525 0.00015785 0.00024575 0.0003211 0.00033435 0.00033045 0.00024335 0.0001378 0.00012535 0.0002438 0.00018845 0.0003621 0.00023475 0.0003636 0.00031285 0.00037135 0.00033515 0.00019445 0.00019355 0.00019455 0.0003696 0.00019365 0.0003129 0.00031465 0.0002576 0.0002635 0.00031265 0.0001947 0.0002584 0.0003063 0.00023595 0.00030785 0.00030885 0.00018815 0.00024345 0.00024445 0.0001254 0.00012505 0.00018885 0.00035725
31 0.000375 0.0003974 0.0002769 0.0001981 0.00026125 0.0002101 0.00035385 0.00037505 0.00041185 0.0001848 0.00021985 0.00027285 0.00027015 0.000354 0.000185 0.0002882 0.00017585 0.00035015 0.00029955 0.00035195 0.0002834 0.00028865 0.0002736 0.00026175 0.00027335 0.00027375 0.0003328 0.00026035 0.0003256 0.0002885 0.00035 0.0003429 0.00025575 0.0002653 0.00032515 0.00026535 0.00037605 0.00025925 0.00030895 0.0002734 0.00035385 0.00033265 0.0003973 0.0003092 0.0003258 0.00028675 0.0003085 0.0002654 0.00031475 0.00039735 0.0002619 0.00025205 0.00026135 0.0003559 0.0003253 0.0003044 0.00037285 0.00030875 0.0001854 0.00028875 0.0002735 0.0003289 0.00034715 0.0002704 0.00028295 0.0001719 0.00034875 0.00029545 0.0001852 0.00030005 0.0002885 0.00027885 0.00028655 0.00026215 0.0001766 0.0002866 0.00018525 0.0003088 0.00037255 0.0001984 0.0001854 0.0002654 0.0001985 0.00022735 0.0003274 0.00018575 0.00018885 0.00028655 0.0002492 0.00025285 0.00032905 0.00035365 0.00030515 0.00028835
32 0.0002832 0.0003099 0.00023905 0.0002067 0.0002016 0.00020075 0.00023925 0.00028325 0.0003061 0.0002566 0.00023925 0.0002665 0.0002438 0.0002395 0.0002056 0.00026605 0.0001996 0.0002402 0.000266 0.00026655 0.00023985 0.0002717 0.000244 0.00019645 0.0002441 0.00024355 0.0001955 0.0002733 0.00019705 0.0002661 0.00024005 0.00025575 0.0003901 0.0001957 0.0001969 0.0002011 0.00026615 0.0002371 0.00027165 0.00024415 0.00023925 0.0001953 0.0003101 0.00026675 0.00019725 0.0002453 0.000196 0.00020105 0.0002667 0.00031015 0.0002578 0.00019965 0.00020155 0.00033625 0.0001968 0.0001962 0.00026715 0.00026655 0.0002153 0.00026635 0.0002439 0.0001961 0.0002226 0.00024405 0.0002394 0.0002045 0.0003115 0.00027045 0.00020535 0.00028625 0.0002714 0.00021885 0.00024495 0.00020205 0.0002198 0.000245 0.0002054 0.00027185 0.0002668 0.000207 0.00020515 0.000201 0.00020165 0.0001993 0.00026765 0.0002003 0.00020115 0.0002396 0.00020025 0.00019995 0.0001964 0.00023915 0.00028305 0.00028155
33 0.0001864 0.0003101 0.0002401 0.0001159 0.0001549 0.0002599 0.000142 0.00018645 0.00021215 0.0001718 0.00014855 0.00027 0.00027645 0.00014185 0.00020915 0.00032535 0.00029805 0.0002024 0.00036405 0.00032585 0.0002339 0.000275 0.00024455 0.0001617 0.00024465 0.00024415 9.74e-05 0.0001824 0.0001913 0.00026945 0.00018995 0.0002653 0.0001957 0.0001943 0.0002062 0.00010685 0.0002655 0.0002945 0.00027485 0.0002447 0.000142 9.755e-05 0.0003103 0.00027 0.0001915 0.0001515 0.0001574 0.00010675 0.0002667 0.00031035 0.0003555 0.00019975 0.00015485 0.00043355 0.00017915 0.0002055 0.0002994 0.00032585 0.00027495 0.0002697 0.00024445 0.0001578 0.0001786 0.0002767 0.00019275 0.0003024 0.0002176 0.000368 0.00020895 0.0003757 0.0002747 0.00015715 0.00015115 0.0001403 0.00030965 0.0001512 0.000209 0.00027505 0.000326 0.0001162 0.000209 0.00010675 0.0001109 0.0002978 0.00017325 0.00020395 0.00020525 0.00014635 0.000233 0.0001997 0.00014545 0.0001418 0.0002214 0.0003408
34 0.00026 0.00024615 0.0002394 0.0002414 0.00012665 0.00016115 0.0002175 0.00026005 0.000249 0.0003315 0.00027395 0.0002708 0.00017925 0.00021765 0.0002348 0.0002075 0.00022365 0.00013665 0.0002258 0.00014325 0.0001373 0.000258 0.00024425 0.000122 0.00024435 0.00024405 0.0001751 0.0003077 2.865e-05 0.00025265 0.0001373 0.00032515 0.0001969 0.0002062 2.51e-05 0.0002079 0.0002034 0.0002371 0.00023685 0.0002444 0.0002175 0.00017495 0.000246 0.00023185 2.905e-05 0.00025065 0.00011515 0.0002082 0.00026765 0.00024605 0.0002173 0.00020135 0.000127 0.0002958 2.875e-05 3.405e-05 0.0001385 0.00018625 0.00020045 0.0002529 0.00024415 9.385e-05 8.13e-05 0.0001795 0.0001646 0.0002282 0.00031695 0.0002298 0.0002344 0.000238 0.00025795 0.00015965 0.0002507 0.00014325 0.00023615 0.00025075 0.00023445 0.0002364 0.0001224 0.0002417 0.0002345 0.0002082 0.0002366 0.0001725 0.00027405 0.00023 0.0002305 0.0002437 0.0001366 0.0002018 9.5e-05 0.0002173 0.00022375 0.00022315
35 0.000195 0.0003153 0.00024545 0.0001066 0.0001508 0.00026175 0.00015065 0.00019505 0.0002175 0.0001662 0.00015015 0.0002721 0.0002782 0.0001509 0.0002055 0.00032705 0.0003002 0.0002074 0.000366 0.0003276 0.0002357 0.00027125 0.00024985 0.0001636 0.00024995 0.00024955 0.0001064 0.00017335 0.000193 0.0002714 0.0001951 0.00026535 0.0002011 0.00010685 0.0002079 0.0002121 0.00027115 0.00029645 0.0002711 0.00025 0.00015055 0.0001062 0.0003155 0.00027195 0.0001932 0.0001508 0.00016295 0.0001065 0.0002723 0.00031555 0.0003574 0.0002051 0.00015105 0.0004353 0.00018085 0.0002072 0.00030115 0.00032755 0.0002716 0.00027165 0.00024975 0.00016305 0.0001802 0.00027845 0.00019415 0.0003044 0.0002175 0.0003699 0.0002051 0.0003777 0.00027095 0.00015325 0.0001508 0.0001366 0.00031185 0.00015085 0.0002051 0.00027095 0.00032775 0.0001071 0.00020525 0.00010635 0.0001074 0.00029985 0.00017305 0.0002061 0.00020175 0.00015135 0.000235 0.00020555 0.00015105 0.00015055 0.0002227 0.0003372
36 0.0002894 0.00024585 0.00031 0.00034 0.0002717 0.0003057 0.00024555 0.00028945 0.00031285 0.0003802 0.00037265 0.00037155 0.0003097 0.0002454 0.0003356 0.00028735 0.00033105 0.00024655 0.0002667 0.000224 0.0003095 0.00029255 0.00031045 0.0002666 0.00031055 0.00031025 0.0002015 0.00040655 0.0002029 0.0002872 0.00024595 0.00037605 0.00026615 0.0002655 0.0002034 0.00027115 0.0004025 0.00028325 0.00027115 0.0003106 0.00024555 0.00020165 0.0002457 0.00026615 0.0002031 0.00031525 0.0002229 0.00027085 0.00033335 0.00024575 0.00030965 0.0002662 0.00027145 0.0002663 0.00020265 0.00022355 0.00020225 0.000267 0.0003459 0.00028745 0.00031035 0.0002025 0.00022785 0.00030995 0.00030915 0.0003312 0.0003812 0.0002661 0.0003358 0.00027335 0.0002922 0.0002883 0.0003147 0.0002713 0.000338 0.00031475 0.00033585 0.00027105 0.0002029 0.0003403 0.0003356 0.00027085 0.0003352 0.00027905 0.0003376 0.0003308 0.0003357 0.00030935 0.00026635 0.00026635 0.000202 0.00024535 0.0003521 0.00030285
37 0.0004124 0.0003261 0.0002799 0.0002658 0.00025725 0.0001834 0.0003696 0.00041245 0.00040065 0.00032155 0.0002986 0.00026425 0.00023855 0.00036975 0.00020325 0.00023295 0.0001437 0.00031895 0.00019385 0.00023295 0.0002808 0.0002535 0.0002767 0.00024015 0.0002768 0.000276 0.0003269 0.00033245 0.0002377 0.0002479 0.0003304 0.00025925 0.0002371 0.0002945 0.0002371 0.00029645 0.00028325 0.0002789 0.0002528 0.00027685 0.0003696 0.00032675 0.00032615 0.00024775 0.0002379 0.0003395 0.00027635 0.0002963 0.0002994 0.0003262 0.0001872 0.0002335 0.00025715 0.00023985 0.00024935 0.00023715 0.0002451 0.0002327 0.00019795 0.00024815 0.0002766 0.00027595 0.00027575 0.0002388 0.00029525 0.0001407 0.0004057 0.00019 0.00020275 0.00020115 0.0002532 0.00027505 0.0003391 0.0002581 0.0001511 0.00033915 0.00020285 0.00025305 0.00023255 0.0002661 0.0002031 0.0002963 0.00026075 0.00014405 0.00036275 0.0001977 0.000207 0.0003337 0.0001949 0.00023345 0.0002878 0.0003694 0.0003395 0.0002483
38 0.00039375 0.00031415 0.00031535 0.0002345 0.00023605 0.0002372 0.00035005 0.0003938 0.00038165 0.00030715 0.00027875 0.0003035 0.0002797 0.0003502 0.00023605 0.0002373 0.0002374 0.0003153 0.000236 0.00023735 0.0002791 0.0002364 0.00031585 0.00023615 0.00031595 0.0003156 0.00030645 0.00030175 0.000236 0.00023665 0.0003144 0.00030895 0.00027165 0.00027485 0.00023685 0.0002711 0.00027115 0.0002528 0.0004686 0.000316 0.00035005 0.0003063 0.0003147 0.0002358 0.0002362 0.00031505 0.00027195 0.00027045 0.00033875 0.00031475 0.00027975 0.00027175 0.0002354 0.00023575 0.00023575 0.0002369 0.00023545 0.00023705 0.0002467 0.0002369 0.00031575 0.00027155 0.00026095 0.00027995 0.00027915 0.00023765 0.0003813 0.0002366 0.0002366 0.0002432 0.0002359 0.00025225 0.0003141 0.0002351 0.0002442 0.00031405 0.00023665 0.00023605 0.00023565 0.00023515 0.0002362 0.0002703 0.00023545 0.00023695 0.00033805 0.0002368 0.0002363 0.0003148 0.0002357 0.00027215 0.0002709 0.00034985 0.00032215 0.0002473
