 slim_337517435 slim_337517587 slim_337517556 slim_337517647 slim_337517397 slim_337517619 slim_337517656 slim_337517458 slim_337517546 slim_337517579 slim_337517663 slim_337517504 slim_337517672 slim_337517365 slim_337517658 slim_337517547 slim_337517646 slim_337517535 slim_337517653 slim_337517305 slim_337517590 slim_337517639 slim_337517581 slim_337517561 slim_337517670 slim_337517562 slim_337517442 slim_337517495 slim_337517582 slim_337517669 slim_337517216 slim_337517642 slim_337517652 slim_337517381 slim_337517536 slim_337517430 slim_337517659 slim_337517444 slim_337517607 slim_337517628 slim_337517529 slim_337517651 slim_337517616 slim_337517522 slim_337517622 slim_337517366 slim_337517526 slim_337517550 slim_337517078 slim_337517594 slim_337517612 slim_337517676 slim_337517517 slim_337517618 slim_337517394 slim_337517674 slim_337517655 slim_337517538 slim_337517631 slim_337517644 slim_337517650 slim_337517660 slim_337517662 slim_337517675 slim_337517402 slim_337517586 slim_337517633 slim_337517334 slim_337517666 slim_337517598 slim_337517180 slim_337517661 slim_337517534 slim_337517636 slim_337517539 slim_337517597 slim_337517595 slim_337517326 slim_337517502 slim_337517671 slim_337517379 slim_337517584 slim_337517493 slim_337517545 slim_337517634 slim_337517576 slim_337517632 slim_337517648 slim_337517635 slim_337517589 slim_337517466 slim_337517643 slim_337517624 slim_337517665 slim_337517615 slim_337517468 slim_337517645 slim_337517563 slim_337517617 slim_337517203
0 1.98e-05 1.085e-05 1.115e-05 1.17e-05 1.19e-05 3.18e-05 1.075e-05 0.0001395 0.00013865 1.215e-05 1.45e-05 1.22e-05 3.22e-05 0.00014225 1.48e-05 1.115e-05 1.17e-05 1.09e-05 1.17e-05 1.185e-05 1.85e-05 1.23e-05 1.195e-05 1.175e-05 1.17e-05 1.28e-05 1.18e-05 3.25e-05 1.265e-05 0.0001402 1.17e-05 3.23e-05 3.26e-05 1.21e-05 0.00014 1.18e-05 1.195e-05 1.18e-05 3.325e-05 3.875e-05 3.845e-05 1.185e-05 1.365e-05 3.17e-05 3.175e-05 3.925e-05 1.245e-05 4.425e-05 0.00013955 0.00017535 1.21e-05 3.2e-05 1.2e-05 1.19e-05 3.44e-05 1.215e-05 1.215e-05 1.19e-05 0.0001602 3.245e-05 1.2e-05 0.00017535 1.21e-05 1.15e-05 1.19e-05 1.185e-05 1.17e-05 1.175e-05 1.195e-05 5.81e-05 0.00018615 1.095e-05 0.00017395 3.83e-05 1.185e-05 1.555e-05 1.145e-05 1.175e-05 1.17e-05 3.18e-05 1.48e-05 1.205e-05 1.17e-05 1.165e-05 1.21e-05 1.28e-05 1.58e-05 1.085e-05 1.215e-05 1.215e-05 3.165e-05 1.54e-05 1.165e-05 1.21e-05 1.315e-05 5.84e-05 3.935e-05 1.265e-05 3.21e-05 1.195e-05
1 1.085e-05 4.7e-06 2.8e-06 2.9e-06 2.05e-05 2.37e-05 3.3e-06 0.0001384 0.0001378 3.5e-06 1.475e-05 1.28e-05 2.4e-05 0.0001491 8e-06 3.7e-06 3.45e-06 3.1e-06 4.15e-06 3.05e-06 1.845e-05 1.295e-05 4.05e-06 4.2e-06 2.95e-06 4.95e-06 1.13e-05 3.205e-05 5.3e-06 0.00014745 3.6e-06 2.485e-05 2.535e-05 1.275e-05 0.0001387 1.24e-05 3.35e-06 4.9e-06 2.615e-05 3.175e-05 3.17e-05 3.05e-06 1.38e-05 2.435e-05 2.395e-05 4.055e-05 4.35e-06 3.63e-05 0.00013805 0.00016715 4.55e-06 2.44e-05 3.9e-06 1.22e-05 2.665e-05 3.5e-06 4.25e-06 4.55e-06 0.00015955 2.52e-05 5.65e-06 0.00017565 3.65e-06 3.6e-06 3.2e-06 4.3e-06 3.45e-06 1.165e-05 1.26e-05 5.05e-05 0.0001855 2.95e-06 0.000173 3.095e-05 3.4e-06 7.05e-06 1.175e-05 3.8e-06 3.45e-06 2.4e-05 1.43e-05 4.15e-06 1.18e-05 1.135e-05 4e-06 1.22e-05 7.2e-06 3.4e-06 1.2e-05 3.5e-06 2.39e-05 1.575e-05 5.3e-06 1.185e-05 5.8e-06 5.115e-05 3.27e-05 1.34e-05 3.285e-05 1.26e-05
2 1.115e-05 2.8e-06 4.5e-06 2.8e-06 2.04e-05 2.36e-05 3.75e-06 0.0001383 0.0001381 3.4e-06 1.48e-05 1.285e-05 2.395e-05 0.000149 7.9e-06 3.75e-06 3.5e-06 2.9e-06 4.35e-06 2.95e-06 1.835e-05 1.3e-05 4.1e-06 4.4e-06 2.85e-06 5e-06 1.125e-05 3.195e-05 5.5e-06 0.00014735 3.6e-06 2.49e-05 2.54e-05 1.28e-05 0.0001386 1.245e-05 3.35e-06 4.8e-06 2.645e-05 3.165e-05 3.12e-05 2.95e-06 1.41e-05 2.415e-05 2.38e-05 4.045e-05 4.4e-06 3.605e-05 0.00013795 0.00016695 4.75e-06 2.43e-05 3.95e-06 1.21e-05 2.655e-05 3.4e-06 4.3e-06 4.75e-06 0.00015945 2.52e-05 5.8e-06 0.00017545 3.6e-06 3.65e-06 3.1e-06 4.5e-06 3.35e-06 1.155e-05 1.265e-05 5.04e-05 0.0001854 3.25e-06 0.0001729 3.1e-05 3.45e-06 6.95e-06 1.165e-05 3.75e-06 3.35e-06 2.405e-05 1.425e-05 4.15e-06 1.17e-05 1.125e-05 4.1e-06 1.225e-05 7.15e-06 3.85e-06 1.19e-05 3.4e-06 2.395e-05 1.55e-05 5.35e-06 1.175e-05 6e-06 5.12e-05 3.275e-05 1.345e-05 3.275e-05 1.265e-05
3 1.17e-05 2.9e-06 2.8e-06 1.8e-06 2.035e-05 2.345e-05 4.1e-06 0.00013855 0.00013965 1.85e-06 1.42e-05 1.24e-05 2.31e-05 0.0001496 7.45e-06 4.2e-06 2.4e-06 3.45e-06 3.45e-06 1.4e-06 1.72e-05 1.255e-05 2.5e-06 3.5e-06 1.3e-06 4.35e-06 1.02e-05 3.16e-05 4.9e-06 0.0001481 2.5e-06 2.425e-05 2.48e-05 1.235e-05 0.0001385 1.2e-05 1.8e-06 3.9e-06 2.725e-05 3.11e-05 3.235e-05 1.05e-06 1.47e-05 2.505e-05 2.28e-05 4.04e-05 3.35e-06 3.58e-05 0.00013805 0.0001653 3.85e-06 2.36e-05 2.6e-06 1.155e-05 2.595e-05 1.55e-06 3e-06 3.9e-06 0.00016005 2.46e-05 5.35e-06 0.00017465 2.45e-06 2.65e-06 2.55e-06 3.6e-06 2.9e-06 1.085e-05 1.22e-05 4.97e-05 0.000186 3.15e-06 0.0001717 2.97e-05 2.3e-06 5.3e-06 1.11e-05 3.4e-06 1.65e-06 2.275e-05 1.345e-05 2.85e-06 1.05e-05 9.6e-06 3.05e-06 1.18e-05 5.5e-06 4.2e-06 1.12e-05 1.55e-06 2.42e-05 1.54e-05 4.9e-06 1.105e-05 5.65e-06 5.06e-05 3.23e-05 1.335e-05 3.255e-05 1.22e-05
4 1.19e-05 2.05e-05 2.04e-05 2.035e-05 1.1e-06 4.105e-05 2.075e-05 0.0001421 0.0001422 2.08e-05 1.48e-05 1.115e-05 4.03e-05 0.0001361 2.21e-05 2.085e-05 2.07e-05 2.04e-05 2.09e-05 2.05e-05 1.825e-05 1.195e-05 2.095e-05 2.095e-05 2.035e-05 2e-05 1.32e-05 3.365e-05 2.135e-05 0.0001334 2.065e-05 4.06e-05 4.105e-05 1.175e-05 0.00014255 1.075e-05 2.07e-05 1.765e-05 4.15e-05 4.515e-05 4.54e-05 2.05e-05 1.46e-05 4.06e-05 4.025e-05 3.62e-05 2.15e-05 5.155e-05 0.0001421 0.0001839 2.13e-05 4.015e-05 2.085e-05 1.125e-05 4.17e-05 2.08e-05 2.115e-05 2.125e-05 0.0001622 4.085e-05 1.81e-05 0.00017385 2.09e-05 2.04e-05 2.08e-05 2.105e-05 2.08e-05 1.065e-05 1.11e-05 6.555e-05 0.00018745 2.06e-05 0.00017385 4.655e-05 2.07e-05 2.4e-05 1.04e-05 2.085e-05 2.04e-05 4.07e-05 1.485e-05 2.1e-05 1.06e-05 1.295e-05 2.12e-05 1.345e-05 2.425e-05 2.085e-05 1.065e-05 2.08e-05 4.11e-05 1.38e-05 1.785e-05 1.14e-05 2.01e-05 6.615e-05 4.605e-05 1.015e-05 3.035e-05 1.16e-05
5 3.18e-05 2.37e-05 2.36e-05 2.345e-05 4.105e-05 4.56e-05 2.44e-05 0.0001384 0.0001382 2.35e-05 3.545e-05 3.35e-05 4.485e-05 0.0001491 2.87e-05 2.445e-05 2.44e-05 2.385e-05 2.5e-05 2.32e-05 3.885e-05 3.365e-05 2.45e-05 2.505e-05 2.305e-05 2.565e-05 3.19e-05 5.26e-05 2.615e-05 0.00014745 2.43e-05 4.555e-05 4.605e-05 3.345e-05 0.00013805 3.31e-05 2.34e-05 2.475e-05 4.71e-05 5.23e-05 5.225e-05 2.36e-05 3.475e-05 4.51e-05 4.425e-05 6.11e-05 2.505e-05 5.695e-05 0.0001381 0.0001666 2.54e-05 4.495e-05 2.395e-05 3.275e-05 4.72e-05 2.39e-05 2.43e-05 2.54e-05 0.00015955 4.58e-05 2.645e-05 0.00017575 2.425e-05 2.43e-05 2.37e-05 2.515e-05 2.4e-05 3.23e-05 3.33e-05 7.105e-05 0.0001855 2.325e-05 0.0001729 5.15e-05 2.435e-05 2.765e-05 3.23e-05 2.435e-05 2.375e-05 4.41e-05 3.49e-05 2.41e-05 3.21e-05 3.165e-05 2.475e-05 3.29e-05 2.79e-05 2.45e-05 3.26e-05 2.39e-05 2.385e-05 3.63e-05 2.595e-05 3.265e-05 2.665e-05 7.185e-05 5.34e-05 3.41e-05 5.34e-05 3.33e-05
6 1.075e-05 3.3e-06 3.75e-06 4.1e-06 2.075e-05 2.44e-05 4.8e-06 0.00013855 0.000138 4.55e-06 1.4e-05 1.215e-05 2.48e-05 0.0001494 7.4e-06 2.65e-06 3.35e-06 3.25e-06 2.75e-06 4.25e-06 1.89e-05 1.235e-05 3.6e-06 2.8e-06 4.1e-06 5.3e-06 1.15e-05 3.2e-05 3.85e-06 0.00014775 3.5e-06 2.415e-05 2.455e-05 1.21e-05 0.0001393 1.165e-05 4.2e-06 5.45e-06 2.625e-05 3.18e-05 3.195e-05 4.25e-06 1.395e-05 2.45e-05 2.435e-05 4.08e-05 4.25e-06 3.69e-05 0.00013885 0.0001679 3.1e-06 2.435e-05 3.65e-06 1.23e-05 2.735e-05 4.55e-06 3.8e-06 2.8e-06 0.0001597 2.445e-05 4.95e-06 0.0001761 4.2e-06 2.9e-06 4.3e-06 2.75e-06 4.05e-06 1.24e-05 1.185e-05 5.06e-05 0.0001858 3.4e-06 0.00017355 3.055e-05 3.65e-06 8.1e-06 1.185e-05 3.8e-06 3.85e-06 2.35e-05 1.5e-05 3.85e-06 1.235e-05 1.14e-05 3.85e-06 1.195e-05 8.35e-06 2.65e-06 1.275e-05 4.55e-06 2.35e-05 1.58e-05 4.55e-06 1.275e-05 4.9e-06 5.04e-05 3.205e-05 1.315e-05 3.295e-05 1.2e-05
7 0.0001395 0.0001384 0.0001383 0.00013855 0.0001421 0.0001384 0.00013855 0.0002749 0.00013795 0.000139 0.00014285 0.0001409 0.00015915 0.0001421 0.00014275 0.00013865 0.0001387 0.000138 0.00013875 0.0001387 0.00014395 0.00014105 0.00013905 0.0001388 0.00013855 0.00014035 0.0001396 0.00016005 0.00014005 0.00014015 0.00013865 0.0001593 0.0001598 0.00014085 0.0001386 0.0001405 0.00013895 0.00014 0.00016125 0.00016595 0.0001663 0.0001387 0.00014255 0.00015925 0.0001588 0.0001684 0.00013945 0.000142 0.00013805 0.00017425 0.00013915 0.0001587 0.0001389 0.00014015 0.0001616 0.000139 0.00013925 0.00013915 0.0001589 0.0001596 0.00014045 0.00017585 0.00013865 0.00013805 0.0001386 0.0001389 0.00013855 0.00014025 0.0001407 0.0001847 0.00018475 0.0001386 0.000173 0.0001654 0.00013865 0.00013965 0.0001397 0.0001386 0.0001383 0.00015875 0.00014295 0.0001391 0.0001403 0.0001395 0.00013915 0.00014075 0.0001399 0.00013865 0.0001406 0.000139 0.0001382 0.00014385 0.00014 0.0001406 0.0001408 0.0001855 0.00016705 0.0001417 0.0001608 0.0001407
8 0.00013865 0.0001378 0.0001381 0.00013965 0.0001422 0.0001382 0.000138 0.00013795 0.0002717 0.0001401 0.0001437 0.0001416 0.00016005 0.0001415 0.0001436 0.0001384 0.00013995 0.000138 0.0001401 0.0001398 0.00014465 0.00014175 0.0001402 0.00014015 0.00013965 0.00014075 0.0001408 0.00016055 0.00014095 0.0001397 0.00013995 0.0001603 0.00016075 0.00014155 0.0001383 0.0001412 0.0001399 0.00014055 0.00016005 0.000167 0.00016555 0.0001398 0.00014155 0.00015855 0.0001593 0.0001685 0.00014055 0.00014245 0.00013785 0.00017515 0.0001405 0.00016 0.0001401 0.0001412 0.00016205 0.0001401 0.0001404 0.00014045 0.0001584 0.0001606 0.00014105 0.0001763 0.00014005 0.00013975 0.000139 0.00014025 0.0001392 0.0001409 0.0001414 0.0001859 0.00018415 0.0001379 0.00017355 0.00016655 0.00013995 0.00014075 0.00014075 0.0001393 0.0001398 0.0001599 0.00014355 0.0001403 0.00014085 0.0001408 0.0001402 0.0001411 0.000141 0.0001381 0.00014125 0.0001401 0.0001382 0.00014435 0.0001407 0.00014125 0.0001412 0.00018635 0.00016775 0.00014185 0.00016115 0.0001414
9 1.215e-05 3.5e-06 3.4e-06 1.85e-06 2.08e-05 2.35e-05 4.55e-06 0.000139 0.0001401 2.7e-06 1.465e-05 1.285e-05 2.37e-05 0.00015005 7.9e-06 4.65e-06 3e-06 3.9e-06 3.9e-06 1.6e-06 1.785e-05 1.3e-05 3.25e-06 3.95e-06 1.45e-06 4.8e-06 1.065e-05 3.205e-05 5.35e-06 0.00014855 2.85e-06 2.47e-05 2.525e-05 1.28e-05 0.00013855 1.245e-05 1.75e-06 3.9e-06 2.77e-05 3.155e-05 3.28e-05 2e-06 1.515e-05 2.55e-05 2.355e-05 4.085e-05 3.8e-06 3.595e-05 0.00013845 0.00016555 4.3e-06 2.405e-05 2.6e-06 1.2e-05 2.64e-05 1.95e-06 3.05e-06 4.35e-06 0.0001605 2.505e-05 5.8e-06 0.0001753 2.9e-06 3.1e-06 2.95e-06 4.05e-06 3.1e-06 1.11e-05 1.265e-05 5.015e-05 0.00018645 3.2e-06 0.00017245 3.03e-05 2.9e-06 6.05e-06 1.155e-05 3.8e-06 2.4e-06 2.285e-05 1.39e-05 2.9e-06 1.125e-05 1.04e-05 3.5e-06 1.225e-05 6.3e-06 4.65e-06 1.16e-05 2.1e-06 2.465e-05 1.585e-05 5.3e-06 1.165e-05 6.1e-06 5.105e-05 3.275e-05 1.38e-05 3.3e-05 1.265e-05
10 1.45e-05 1.475e-05 1.48e-05 1.42e-05 1.48e-05 3.545e-05 1.4e-05 0.00014285 0.0001437 1.465e-05 2.54e-05 1.435e-05 3.445e-05 0.0001424 1.33e-05 1.39e-05 1.355e-05 1.445e-05 1.305e-05 1.435e-05 1.745e-05 1.385e-05 1.38e-05 1.31e-05 1.42e-05 1.46e-05 1.4e-05 3.44e-05 1.385e-05 0.0001434 1.365e-05 3.39e-05 3.43e-05 1.36e-05 0.00014365 1.385e-05 1.44e-05 1.45e-05 3.69e-05 4.06e-05 4.175e-05 1.435e-05 1.405e-05 3.53e-05 3.465e-05 4.095e-05 1.445e-05 4.58e-05 0.0001432 0.000176 1.34e-05 3.395e-05 1.385e-05 1.365e-05 3.665e-05 1.465e-05 1.4e-05 1.31e-05 0.0001636 3.415e-05 1.42e-05 0.0001762 1.43e-05 1.305e-05 1.485e-05 1.305e-05 1.46e-05 1.445e-05 1.4e-05 5.695e-05 0.00018645 1.485e-05 0.0001747 4.03e-05 1.385e-05 1.8e-05 1.385e-05 1.435e-05 1.39e-05 3.365e-05 1.38e-05 1.4e-05 1.44e-05 1.385e-05 1.41e-05 1.46e-05 1.825e-05 1.42e-05 1.485e-05 1.465e-05 3.465e-05 1.36e-05 1.37e-05 1.415e-05 1.39e-05 5.69e-05 4.1e-05 1.44e-05 3.455e-05 1.35e-05
11 1.22e-05 1.28e-05 1.285e-05 1.24e-05 1.115e-05 3.35e-05 1.215e-05 0.0001409 0.0001416 1.285e-05 1.435e-05 2.18e-05 3.275e-05 0.00014365 1.465e-05 1.205e-05 1.185e-05 1.25e-05 1.135e-05 1.255e-05 1.885e-05 1.215e-05 1.21e-05 1.14e-05 1.24e-05 1.295e-05 1.235e-05 3.305e-05 1.235e-05 0.00014155 1.185e-05 3.23e-05 3.21e-05 1.19e-05 0.0001417 1.105e-05 1.26e-05 1.19e-05 3.495e-05 3.86e-05 3.96e-05 1.255e-05 1.53e-05 3.345e-05 3.265e-05 3.905e-05 1.275e-05 4.465e-05 0.00014125 0.0001761 1.12e-05 3.225e-05 1.215e-05 1.195e-05 3.495e-05 1.285e-05 1.23e-05 1.15e-05 0.00016175 3.245e-05 1.14e-05 0.0001752 1.26e-05 1.135e-05 1.31e-05 1.145e-05 1.275e-05 1.19e-05 1.155e-05 5.815e-05 0.0001875 1.29e-05 0.00017405 3.845e-05 1.205e-05 1.62e-05 1.13e-05 1.25e-05 1.21e-05 3.195e-05 1.53e-05 1.22e-05 1.185e-05 1.21e-05 1.24e-05 1.285e-05 1.645e-05 1.225e-05 1.195e-05 1.285e-05 3.28e-05 1.515e-05 1.12e-05 1.245e-05 1.255e-05 5.82e-05 3.9e-05 1.2e-05 3.21e-05 1.18e-05
12 3.22e-05 2.4e-05 2.395e-05 2.31e-05 4.03e-05 4.485e-05 2.48e-05 0.00015915 0.00016005 2.37e-05 3.445e-05 3.275e-05 4.51e-05 0.00016955 2.78e-05 2.485e-05 2.36e-05 2.43e-05 2.425e-05 2.325e-05 3.69e-05 3.26e-05 2.42e-05 2.43e-05 2.315e-05 2.485e-05 3.13e-05 3.045e-05 2.42e-05 0.00016785 2.37e-05 2.36e-05 2.405e-05 3.24e-05 0.0001596 3.235e-05 2.365e-05 2.495e-05 2.78e-05 3.17e-05 3.275e-05 2.325e-05 3.49e-05 2.43e-05 2.375e-05 4.015e-05 2.45e-05 5.52e-05 0.00015895 0.00018725 2.465e-05 2.305e-05 2.405e-05 3.175e-05 2.695e-05 2.37e-05 2.44e-05 2.465e-05 0.00015895 2.39e-05 2.575e-05 0.00019555 2.375e-05 2.36e-05 2.39e-05 2.44e-05 2.415e-05 3.165e-05 3.255e-05 5.05e-05 0.00018635 2.45e-05 0.00019285 3.14e-05 2.355e-05 2.595e-05 3.16e-05 2.435e-05 2.35e-05 2.44e-05 3.41e-05 2.425e-05 3.18e-05 3.13e-05 2.42e-05 3.205e-05 2.605e-05 2.49e-05 3.2e-05 2.37e-05 4.5e-05 3.495e-05 2.53e-05 3.155e-05 2.49e-05 5.125e-05 3.275e-05 3.3e-05 3.145e-05 3.225e-05
13 0.00014225 0.0001491 0.000149 0.0001496 0.0001361 0.0001491 0.0001494 0.0001421 0.0001415 0.00015005 0.0001424 0.00014365 0.00016955 0.0002686 0.00014935 0.0001495 0.00015 0.00014905 0.00015025 0.00014975 0.00014305 0.0001431 0.00015025 0.0001503 0.0001496 0.0001499 0.00014315 0.0001628 0.0001508 0.0001352 0.00014995 0.0001699 0.00017035 0.0001429 0.0001425 0.00014325 0.00014995 0.00014945 0.00017055 0.00017565 0.0001752 0.00014975 0.0001415 0.0001692 0.00016945 0.0001685 0.0001506 0.0001512 0.00014205 0.0001831 0.00015065 0.00016945 0.00015015 0.0001424 0.0001712 0.00015005 0.00015045 0.0001506 0.00016215 0.00017015 0.00015015 0.00017625 0.00015 0.00014975 0.0001494 0.0001504 0.0001496 0.0001428 0.0001434 0.0001921 0.00018465 0.0001492 0.00017455 0.00017615 0.00015 0.0001505 0.0001426 0.0001497 0.0001497 0.00016985 0.0001422 0.0001503 0.00014275 0.0001431 0.0001503 0.0001436 0.00015075 0.0001495 0.0001432 0.00015005 0.0001492 0.000142 0.0001497 0.0001425 0.00015005 0.0001927 0.00017655 0.00014295 0.0001626 0.00014275
14 1.48e-05 8e-06 7.9e-06 7.45e-06 2.21e-05 2.87e-05 7.4e-06 0.00014275 0.0001436 7.9e-06 1.33e-05 1.465e-05 2.78e-05 0.00014935 1.19e-05 7.35e-06 6.95e-06 7.55e-06 6.4e-06 7.6e-06 1.785e-05 1.41e-05 7.2e-06 6.45e-06 7.45e-06 7.8e-06 1.42e-05 3.445e-05 7.4e-06 0.00015035 6.95e-06 2.74e-05 2.77e-05 1.395e-05 0.00014355 1.425e-05 7.7e-06 7.8e-06 3.025e-05 3.395e-05 3.495e-05 7.6e-06 1.435e-05 2.85e-05 2.795e-05 4.135e-05 7.65e-06 3.9e-05 0.0001431 0.0001693 6.85e-06 2.73e-05 7.25e-06 1.395e-05 3e-05 7.9e-06 7.4e-06 6.65e-06 0.0001636 2.755e-05 7.45e-06 0.0001765 7.55e-06 6.45e-06 8.1e-06 6.6e-06 7.75e-06 1.475e-05 1.445e-05 5.03e-05 0.00018645 8.1e-06 0.0001746 3.38e-05 7.05e-06 1.135e-05 1.415e-05 7.6e-06 7.15e-06 2.715e-05 1.41e-05 7.3e-06 1.47e-05 1.405e-05 7.3e-06 1.445e-05 1.16e-05 7.5e-06 1.51e-05 7.9e-06 2.805e-05 1.365e-05 7.15e-06 1.445e-05 7.25e-06 5.04e-05 3.43e-05 1.465e-05 3.49e-05 1.365e-05
15 1.115e-05 3.7e-06 3.75e-06 4.2e-06 2.085e-05 2.445e-05 2.65e-06 0.00013865 0.0001384 4.65e-06 1.39e-05 1.205e-05 2.485e-05 0.0001495 7.35e-06 4.2e-06 3.25e-06 3.55e-06 2.5e-06 4.35e-06 1.9e-05 1.23e-05 3.5e-06 2.55e-06 4.2e-06 5.25e-06 1.165e-05 3.205e-05 3.55e-06 0.00014785 3.25e-06 2.4e-05 2.44e-05 1.2e-05 0.0001394 1.155e-05 4.15e-06 5.55e-06 2.665e-05 3.19e-05 3.195e-05 4.35e-06 1.435e-05 2.475e-05 2.435e-05 4.09e-05 4.2e-06 3.7e-05 0.0001389 0.000168 2.8e-06 2.44e-05 3.55e-06 1.24e-05 2.745e-05 4.65e-06 3.7e-06 2.5e-06 0.00015975 2.415e-05 4.95e-06 0.0001762 4.35e-06 2.8e-06 4.35e-06 2.45e-06 4.1e-06 1.25e-05 1.175e-05 5.07e-05 0.0001859 3.8e-06 0.00017365 3.045e-05 3.6e-06 8.2e-06 1.195e-05 3.85e-06 3.95e-06 2.345e-05 1.515e-05 3.6e-06 1.245e-05 1.15e-05 3.85e-06 1.19e-05 8.45e-06 2.85e-06 1.28e-05 4.65e-06 2.335e-05 1.59e-05 4.45e-06 1.285e-05 4.65e-06 5.03e-05 3.2e-05 1.31e-05 3.3e-05 1.195e-05
16 1.17e-05 3.45e-06 3.5e-06 2.4e-06 2.07e-05 2.44e-05 3.35e-06 0.0001387 0.00013995 3e-06 1.355e-05 1.185e-05 2.36e-05 0.00015 6.95e-06 3.25e-06 3.7e-06 3.6e-06 2.15e-06 2.55e-06 1.81e-05 1.205e-05 2.65e-06 2.2e-06 2.45e-06 4.7e-06 1.04e-05 3.165e-05 3.55e-06 0.0001485 2.3e-06 2.365e-05 2.41e-05 1.18e-05 0.0001394 1.135e-05 2.8e-06 4.75e-06 2.745e-05 3.115e-05 3.27e-05 2.55e-06 1.495e-05 2.53e-05 2.38e-05 4.075e-05 3.25e-06 3.63e-05 0.00013875 0.0001667 2.5e-06 2.355e-05 2.65e-06 1.165e-05 2.665e-05 3e-06 2.85e-06 2.25e-06 0.0001603 2.395e-05 4.75e-06 0.00017555 2.9e-06 1.95e-06 3.45e-06 2.15e-06 3.25e-06 1.15e-05 1.155e-05 4.98e-05 0.0001864 3.9e-06 0.00017285 2.97e-05 2.1e-06 6.5e-06 1.12e-05 3.3e-06 2.55e-06 2.26e-05 1.415e-05 2.85e-06 1.165e-05 1.03e-05 2.9e-06 1.165e-05 6.7e-06 3.55e-06 1.185e-05 3e-06 2.385e-05 1.555e-05 4.25e-06 1.17e-05 4.85e-06 4.995e-05 3.175e-05 1.32e-05 3.275e-05 1.17e-05
17 1.09e-05 3.1e-06 2.9e-06 3.45e-06 2.04e-05 2.385e-05 3.25e-06 0.000138 0.000138 3.9e-06 1.445e-05 1.25e-05 2.43e-05 0.00014905 7.55e-06 3.55e-06 3.6e-06 4.7e-06 3.65e-06 3.6e-06 1.85e-05 1.265e-05 3.95e-06 3.7e-06 3.45e-06 5.25e-06 1.12e-05 3.185e-05 4.95e-06 0.0001474 3.55e-06 2.445e-05 2.495e-05 1.245e-05 0.00013885 1.21e-05 3.85e-06 5e-06 2.63e-05 3.13e-05 3.135e-05 3.6e-06 1.395e-05 2.385e-05 2.395e-05 4.045e-05 4.35e-06 3.625e-05 0.0001383 0.0001673 4.05e-06 2.385e-05 3.8e-06 1.175e-05 2.685e-05 3.9e-06 4.15e-06 4.05e-06 0.0001594 2.475e-05 5.45e-06 0.0001756 3.55e-06 2.95e-06 3.6e-06 3.8e-06 3.55e-06 1.185e-05 1.23e-05 5.005e-05 0.00018545 3.3e-06 0.0001731 3.075e-05 3.55e-06 7.5e-06 1.13e-05 3.6e-06 3.2e-06 2.39e-05 1.455e-05 4e-06 1.19e-05 1.11e-05 4.05e-06 1.225e-05 7.75e-06 3.35e-06 1.22e-05 3.9e-06 2.365e-05 1.53e-05 5e-06 1.22e-05 5.7e-06 5.085e-05 3.24e-05 1.33e-05 3.265e-05 1.23e-05
18 1.17e-05 4.15e-06 4.35e-06 3.45e-06 2.09e-05 2.5e-05 2.75e-06 0.00013875 0.0001401 3.9e-06 1.305e-05 1.135e-05 2.425e-05 0.00015025 6.4e-06 2.5e-06 2.15e-06 3.65e-06 1.3e-06 3.6e-06 1.845e-05 1.15e-05 2.4e-06 9e-07 3.45e-06 4.9e-06 1.065e-05 3.17e-05 2.5e-06 0.00014875 2.3e-06 2.29e-05 2.345e-05 1.13e-05 0.0001399 1.085e-05 3.55e-06 5.2e-06 2.755e-05 3.115e-05 3.295e-05 3.6e-06 1.505e-05 2.54e-05 2.405e-05 4.095e-05 3.15e-06 3.685e-05 0.00013945 0.0001673 1.2e-06 2.34e-05 2.3e-06 1.165e-05 2.73e-05 3.9e-06 2.6e-06 1.05e-06 0.0001604 2.335e-05 4.1e-06 0.0001759 3.3e-06 1.15e-06 4.45e-06 8.5e-07 3.95e-06 1.215e-05 1.105e-05 4.98e-05 0.00018665 4.25e-06 0.0001733 2.92e-05 2.3e-06 7.4e-06 1.12e-05 3.4e-06 2.8e-06 2.235e-05 1.475e-05 2.65e-06 1.21e-05 1.04e-05 2.6e-06 1.145e-05 7.65e-06 2.95e-06 1.25e-05 3.9e-06 2.34e-05 1.555e-05 3.75e-06 1.25e-05 4e-06 4.945e-05 3.12e-05 1.28e-05 3.275e-05 1.115e-05
19 1.185e-05 3.05e-06 2.95e-06 1.4e-06 2.05e-05 2.32e-05 4.25e-06 0.0001387 0.0001398 1.6e-06 1.435e-05 1.255e-05 2.325e-05 0.00014975 7.6e-06 4.35e-06 2.55e-06 3.6e-06 3.6e-06 2.1e-06 1.755e-05 1.27e-05 2.95e-06 3.65e-06 1.05e-06 4.5e-06 1.035e-05 3.175e-05 5.05e-06 0.00014825 2.65e-06 2.44e-05 2.495e-05 1.25e-05 0.00013825 1.215e-05 1.55e-06 3.6e-06 2.74e-05 3.125e-05 3.25e-05 1.55e-06 1.485e-05 2.52e-05 2.325e-05 4.055e-05 3.5e-06 3.595e-05 0.0001382 0.00016525 4e-06 2.375e-05 2.35e-06 1.17e-05 2.61e-05 2e-06 2.65e-06 4.05e-06 0.0001602 2.475e-05 5.5e-06 0.000175 2.6e-06 2.8e-06 2.7e-06 3.75e-06 3.05e-06 1.1e-05 1.235e-05 4.985e-05 0.00018615 2.9e-06 0.00017215 3e-05 2.45e-06 5.65e-06 1.125e-05 3.55e-06 2.1e-06 2.245e-05 1.36e-05 2.6e-06 1.095e-05 1.01e-05 3.2e-06 1.195e-05 5.85e-06 4.35e-06 1.135e-05 2e-06 2.435e-05 1.555e-05 5e-06 1.12e-05 5.8e-06 5.075e-05 3.245e-05 1.35e-05 3.27e-05 1.235e-05
20 1.85e-05 1.845e-05 1.835e-05 1.72e-05 1.825e-05 3.885e-05 1.89e-05 0.00014395 0.00014465 1.785e-05 1.745e-05 1.885e-05 3.69e-05 0.00014305 1.785e-05 1.9e-05 1.81e-05 1.85e-05 1.845e-05 1.755e-05 3.23e-05 1.83e-05 1.8e-05 1.85e-05 1.74e-05 1.845e-05 1.79e-05 3.685e-05 1.93e-05 0.00014405 1.805e-05 3.735e-05 3.785e-05 1.81e-05 0.0001441 1.845e-05 1.775e-05 1.78e-05 3.96e-05 4.335e-05 4.42e-05 1.735e-05 1.78e-05 3.795e-05 3.675e-05 4.32e-05 1.875e-05 4.67e-05 0.0001438 0.000176 1.885e-05 3.69e-05 1.805e-05 1.755e-05 3.89e-05 1.765e-05 1.84e-05 1.885e-05 0.0001633 3.765e-05 1.88e-05 0.0001764 1.81e-05 1.79e-05 1.825e-05 1.86e-05 1.855e-05 1.785e-05 1.86e-05 5.97e-05 0.00018595 1.84e-05 0.00017495 4.31e-05 1.805e-05 1.67e-05 1.775e-05 1.865e-05 1.74e-05 3.68e-05 1.715e-05 1.825e-05 1.745e-05 1.745e-05 1.845e-05 1.88e-05 1.695e-05 1.9e-05 1.825e-05 1.765e-05 3.92e-05 1.74e-05 1.835e-05 1.755e-05 1.88e-05 6.035e-05 4.43e-05 1.85e-05 3.705e-05 1.795e-05
21 1.23e-05 1.295e-05 1.3e-05 1.255e-05 1.195e-05 3.365e-05 1.235e-05 0.00014105 0.00014175 1.3e-05 1.385e-05 1.215e-05 3.26e-05 0.0001431 1.41e-05 1.23e-05 1.205e-05 1.265e-05 1.15e-05 1.27e-05 1.83e-05 2.21e-05 1.23e-05 1.155e-05 1.255e-05 1.23e-05 1.225e-05 3.275e-05 1.23e-05 0.00014095 1.205e-05 3.22e-05 3.25e-05 1.13e-05 0.00014185 1.175e-05 1.28e-05 1.225e-05 3.495e-05 3.835e-05 3.935e-05 1.27e-05 1.475e-05 3.33e-05 3.275e-05 3.805e-05 1.235e-05 4.4e-05 0.0001414 0.00017625 1.195e-05 3.21e-05 1.235e-05 1.135e-05 3.485e-05 1.3e-05 1.25e-05 1.175e-05 0.0001616 3.235e-05 1.15e-05 0.00017585 1.26e-05 1.155e-05 1.315e-05 1.17e-05 1.29e-05 1.22e-05 1.19e-05 5.765e-05 0.000187 1.305e-05 0.0001744 3.865e-05 1.215e-05 1.635e-05 1.16e-05 1.265e-05 1.225e-05 3.215e-05 1.46e-05 1.24e-05 1.215e-05 1.215e-05 1.235e-05 1.23e-05 1.66e-05 1.245e-05 1.26e-05 1.3e-05 3.3e-05 1.395e-05 1.16e-05 1.185e-05 1.175e-05 5.775e-05 3.83e-05 1.155e-05 3.205e-05 1.115e-05
22 1.195e-05 4.05e-06 4.1e-06 2.5e-06 2.095e-05 2.45e-05 3.6e-06 0.00013905 0.0001402 3.25e-06 1.38e-05 1.21e-05 2.42e-05 0.00015025 7.2e-06 3.5e-06 2.65e-06 3.95e-06 2.4e-06 2.95e-06 1.8e-05 1.23e-05 4.2e-06 2.45e-06 2.8e-06 5.05e-06 1.075e-05 3.19e-05 3.75e-06 0.00014875 2.75e-06 2.39e-05 2.435e-05 1.205e-05 0.00013945 1.16e-05 3e-06 4.8e-06 2.77e-05 3.15e-05 3.295e-05 2.65e-06 1.52e-05 2.555e-05 2.335e-05 4.1e-05 3.6e-06 3.675e-05 0.0001392 0.0001663 2.75e-06 2.39e-05 2.7e-06 1.2e-05 2.7e-05 2.75e-06 2.9e-06 2.45e-06 0.00016055 2.42e-05 5e-06 0.00017535 3.35e-06 2.3e-06 4e-06 2.35e-06 3.85e-06 1.195e-05 1.18e-05 5.015e-05 0.00018665 3.95e-06 0.0001724 2.97e-05 2.9e-06 6.7e-06 1.155e-05 3.75e-06 2.2e-06 2.265e-05 1.45e-05 2.9e-06 1.14e-05 1.005e-05 3.25e-06 1.19e-05 6.95e-06 3.8e-06 1.23e-05 2.75e-06 2.415e-05 1.58e-05 4.45e-06 1.23e-05 5.05e-06 5.02e-05 3.2e-05 1.345e-05 3.3e-05 1.195e-05
23 1.175e-05 4.2e-06 4.4e-06 3.5e-06 2.095e-05 2.505e-05 2.8e-06 0.0001388 0.00014015 3.95e-06 1.31e-05 1.14e-05 2.43e-05 0.0001503 6.45e-06 2.55e-06 2.2e-06 3.7e-06 9e-07 3.65e-06 1.85e-05 1.155e-05 2.45e-06 1.4e-06 3.5e-06 4.95e-06 1.07e-05 3.175e-05 2.55e-06 0.0001488 2.35e-06 2.3e-05 2.35e-05 1.135e-05 0.00013995 1.09e-05 3.6e-06 5.25e-06 2.76e-05 3.12e-05 3.3e-05 3.65e-06 1.51e-05 2.545e-05 2.41e-05 4.1e-05 3.2e-06 3.69e-05 0.0001395 0.00016735 1.3e-06 2.345e-05 2.4e-06 1.17e-05 2.735e-05 3.95e-06 2.65e-06 1.1e-06 0.00016045 2.34e-05 4.15e-06 0.00017595 3.35e-06 1.25e-06 4.5e-06 9.5e-07 4e-06 1.22e-05 1.11e-05 4.985e-05 0.0001867 4.3e-06 0.00017335 2.93e-05 2.35e-06 7.45e-06 1.125e-05 3.45e-06 2.85e-06 2.24e-05 1.48e-05 2.7e-06 1.215e-05 1.045e-05 2.8e-06 1.15e-05 7.7e-06 3e-06 1.255e-05 3.95e-06 2.35e-05 1.56e-05 3.8e-06 1.255e-05 4.05e-06 4.95e-05 3.125e-05 1.29e-05 3.28e-05 1.12e-05
24 1.17e-05 2.95e-06 2.85e-06 1.3e-06 2.035e-05 2.305e-05 4.1e-06 0.00013855 0.00013965 1.45e-06 1.42e-05 1.24e-05 2.315e-05 0.0001496 7.45e-06 4.2e-06 2.45e-06 3.45e-06 3.45e-06 1.05e-06 1.74e-05 1.255e-05 2.8e-06 3.5e-06 1.8e-06 4.35e-06 1.02e-05 3.16e-05 4.9e-06 0.0001481 2.5e-06 2.425e-05 2.48e-05 1.235e-05 0.0001381 1.2e-05 1.4e-06 3.45e-06 2.725e-05 3.11e-05 3.235e-05 1.45e-06 1.47e-05 2.505e-05 2.31e-05 4.04e-05 3.35e-06 3.58e-05 0.00013805 0.0001651 3.85e-06 2.36e-05 2.2e-06 1.155e-05 2.595e-05 1.85e-06 2.6e-06 3.9e-06 0.00016005 2.46e-05 5.35e-06 0.00017485 2.45e-06 2.65e-06 2.55e-06 3.6e-06 2.9e-06 1.085e-05 1.22e-05 4.97e-05 0.000186 2.75e-06 0.000172 2.985e-05 2.35e-06 5.5e-06 1.11e-05 3.4e-06 1.95e-06 2.24e-05 1.345e-05 2.45e-06 1.08e-05 9.95e-06 3.05e-06 1.18e-05 5.75e-06 4.2e-06 1.12e-05 1.85e-06 2.42e-05 1.54e-05 4.85e-06 1.11e-05 5.65e-06 5.06e-05 3.23e-05 1.335e-05 3.255e-05 1.22e-05
25 1.28e-05 4.95e-06 5e-06 4.35e-06 2e-05 2.565e-05 5.3e-06 0.00014035 0.00014075 4.8e-06 1.46e-05 1.295e-05 2.485e-05 0.0001499 7.8e-06 5.25e-06 4.7e-06 5.25e-06 4.9e-06 4.5e-06 1.845e-05 1.23e-05 5.05e-06 4.95e-06 4.35e-06 6.9e-06 1.2e-05 3.24e-05 5.45e-06 0.0001478 4.7e-06 2.52e-05 2.57e-05 1.215e-05 0.00014065 1.255e-05 4.65e-06 5.25e-06 2.77e-05 3.145e-05 3.215e-05 4.5e-06 1.485e-05 2.585e-05 2.51e-05 3.865e-05 4.6e-06 3.6e-05 0.0001401 0.00016835 5.35e-06 2.495e-05 4.9e-06 1.18e-05 2.66e-05 4.8e-06 5.25e-06 5.35e-06 0.00016085 2.555e-05 5.75e-06 0.000176 4.35e-06 4.6e-06 4.2e-06 5.1e-06 5.1e-06 1.21e-05 1.275e-05 5.055e-05 0.0001863 5.15e-06 0.0001734 3.175e-05 4.6e-06 8.4e-06 1.21e-05 5.3e-06 4.65e-06 2.5e-05 1.385e-05 5.15e-06 1.215e-05 1.255e-05 4.45e-06 1.155e-05 8.65e-06 5.4e-06 1.245e-05 4.8e-06 2.565e-05 1.425e-05 5.45e-06 1.17e-05 4.25e-06 5.1e-05 3.215e-05 1.195e-05 3.25e-05 1.195e-05
26 1.18e-05 1.13e-05 1.125e-05 1.02e-05 1.32e-05 3.19e-05 1.15e-05 0.0001396 0.0001408 1.065e-05 1.4e-05 1.235e-05 3.13e-05 0.00014315 1.42e-05 1.165e-05 1.04e-05 1.12e-05 1.065e-05 1.035e-05 1.79e-05 1.225e-05 1.075e-05 1.07e-05 1.02e-05 1.2e-05 1.92e-05 3.245e-05 1.205e-05 0.0001416 1.04e-05 3.165e-05 3.2e-05 1.21e-05 0.0001402 1.195e-05 1.06e-05 1.175e-05 3.465e-05 3.85e-05 3.99e-05 1.035e-05 1.49e-05 3.27e-05 3.125e-05 4.03e-05 1.065e-05 4.375e-05 0.00013965 0.00017415 1.105e-05 3.11e-05 1.075e-05 1.16e-05 3.33e-05 1.065e-05 1.095e-05 1.09e-05 0.000161 3.185e-05 1.215e-05 0.0001755 9.9e-06 1.015e-05 1.045e-05 1.08e-05 1.07e-05 1.16e-05 1.21e-05 5.72e-05 0.00018695 1.15e-05 0.00017375 3.755e-05 1.05e-05 1.415e-05 1.13e-05 1.095e-05 1.02e-05 3.06e-05 1.345e-05 1.085e-05 1.165e-05 1.015e-05 1.02e-05 1.29e-05 1.44e-05 1.16e-05 1.2e-05 1.065e-05 3.19e-05 1.54e-05 1.18e-05 1.18e-05 1.305e-05 5.78e-05 3.935e-05 1.34e-05 3.265e-05 1.185e-05
27 3.25e-05 3.205e-05 3.195e-05 3.16e-05 3.365e-05 5.26e-05 3.2e-05 0.00016005 0.00016055 3.205e-05 3.44e-05 3.305e-05 3.045e-05 0.0001628 3.445e-05 3.205e-05 3.165e-05 3.185e-05 3.17e-05 3.175e-05 3.685e-05 3.275e-05 3.19e-05 3.175e-05 3.16e-05 3.24e-05 3.245e-05 5.84e-05 3.125e-05 0.0001613 3.16e-05 3.075e-05 3.1e-05 3.255e-05 0.0001606 3.265e-05 3.195e-05 3.235e-05 3.455e-05 3.875e-05 3.94e-05 3.175e-05 3.48e-05 3.12e-05 3.13e-05 3.98e-05 3.235e-05 6.24e-05 0.00016015 0.0001952 3.21e-05 3.035e-05 3.195e-05 3.225e-05 3.435e-05 3.205e-05 3.21e-05 3.19e-05 0.0001592 3.085e-05 3.27e-05 0.0001961 3.195e-05 3.14e-05 3.21e-05 3.185e-05 3.205e-05 3.26e-05 3.285e-05 5.745e-05 0.00018625 3.215e-05 0.0001937 3.89e-05 3.18e-05 3.395e-05 3.225e-05 3.195e-05 3.155e-05 3.2e-05 3.465e-05 3.195e-05 3.255e-05 3.23e-05 3.205e-05 3.235e-05 3.42e-05 3.21e-05 3.295e-05 3.205e-05 5.25e-05 3.465e-05 3.225e-05 3.25e-05 3.17e-05 5.785e-05 3.945e-05 3.305e-05 3.145e-05 3.24e-05
28 1.265e-05 5.3e-06 5.5e-06 4.9e-06 2.135e-05 2.615e-05 3.85e-06 0.00014005 0.00014095 5.35e-06 1.385e-05 1.235e-05 2.42e-05 0.0001508 7.4e-06 3.55e-06 3.55e-06 4.95e-06 2.5e-06 5.05e-06 1.93e-05 1.23e-05 3.75e-06 2.55e-06 4.9e-06 5.45e-06 1.205e-05 3.125e-05 4e-06 0.0001491 3.8e-06 2.305e-05 2.35e-05 1.2e-05 0.00014105 1.175e-05 4.95e-06 6.15e-06 2.81e-05 3.195e-05 3.33e-05 5.05e-06 1.56e-05 2.515e-05 2.48e-05 4.08e-05 4.6e-06 3.645e-05 0.0001406 0.00016875 2.8e-06 2.36e-05 3.85e-06 1.245e-05 2.8e-05 5.35e-06 4e-06 2.2e-06 0.0001601 2.345e-05 5.2e-06 0.00017685 4.75e-06 2.85e-06 5.6e-06 2.3e-06 5.35e-06 1.31e-05 1.19e-05 5.08e-05 0.0001872 5.4e-06 0.00017425 3.075e-05 4e-06 8.85e-06 1.23e-05 4.8e-06 4.4e-06 2.375e-05 1.545e-05 4.15e-06 1.305e-05 1.195e-05 4.2e-06 1.21e-05 9.1e-06 4.15e-06 1.345e-05 5.35e-06 2.465e-05 1.56e-05 4.6e-06 1.315e-05 3.6e-06 5.02e-05 3.2e-05 1.305e-05 3.23e-05 1.195e-05
29 0.0001402 0.00014745 0.00014735 0.0001481 0.0001334 0.00014745 0.00014775 0.00014015 0.0001397 0.00014855 0.0001434 0.00014155 0.00016785 0.0001352 0.00015035 0.00014785 0.0001485 0.0001474 0.00014875 0.00014825 0.00014405 0.00014095 0.00014875 0.0001488 0.0001481 0.0001478 0.0001416 0.0001613 0.0001491 0.000265 0.00014845 0.0001682 0.00016865 0.00014075 0.00014085 0.00014115 0.00014845 0.00014735 0.00016875 0.00017355 0.00017295 0.00014825 0.00014235 0.00016735 0.00016775 0.00016575 0.0001491 0.00014955 0.0001404 0.0001835 0.00014915 0.00016775 0.00014865 0.00014015 0.00016955 0.00014855 0.00014895 0.0001491 0.0001603 0.00016845 0.00014805 0.00017605 0.0001485 0.00014825 0.00014785 0.0001489 0.00014805 0.0001407 0.0001413 0.00019295 0.00018535 0.00014755 0.0001744 0.0001745 0.0001485 0.000149 0.0001405 0.00014815 0.0001482 0.00016835 0.0001432 0.0001488 0.00014065 0.00014155 0.0001488 0.0001415 0.00014925 0.00014785 0.0001411 0.00014855 0.00014755 0.0001425 0.0001476 0.00014035 0.00014795 0.00019355 0.00017445 0.0001403 0.0001603 0.0001406
30 1.17e-05 3.6e-06 3.6e-06 2.5e-06 2.065e-05 2.43e-05 3.5e-06 0.00013865 0.00013995 2.85e-06 1.365e-05 1.185e-05 2.37e-05 0.00014995 6.95e-06 3.25e-06 2.3e-06 3.55e-06 2.3e-06 2.65e-06 1.805e-05 1.205e-05 2.75e-06 2.35e-06 2.5e-06 4.7e-06 1.04e-05 3.16e-05 3.8e-06 0.00014845 3.6e-06 2.375e-05 2.41e-05 1.18e-05 0.00013935 1.145e-05 2.55e-06 4.7e-06 2.745e-05 3.11e-05 3.265e-05 2.65e-06 1.495e-05 2.525e-05 2.375e-05 4.07e-05 3.25e-06 3.615e-05 0.0001386 0.00016665 2.65e-06 2.35e-05 2.75e-06 1.16e-05 2.66e-05 2.85e-06 2.95e-06 2.5e-06 0.00016025 2.355e-05 4.8e-06 0.0001755 2.9e-06 2.05e-06 3.3e-06 2.4e-06 3.05e-06 1.135e-05 1.165e-05 4.975e-05 0.00018635 3.9e-06 0.0001728 2.98e-05 2.45e-06 6.55e-06 1.115e-05 3.2e-06 2.5e-06 2.27e-05 1.415e-05 2.45e-06 1.16e-05 1.025e-05 2.95e-06 1.165e-05 6.8e-06 3.6e-06 1.17e-05 2.85e-06 2.39e-05 1.55e-05 4.35e-06 1.18e-05 5e-06 5.005e-05 3.175e-05 1.32e-05 3.27e-05 1.17e-05
31 3.23e-05 2.485e-05 2.49e-05 2.425e-05 4.06e-05 4.555e-05 2.415e-05 0.0001593 0.0001603 2.47e-05 3.39e-05 3.23e-05 2.36e-05 0.0001699 2.74e-05 2.4e-05 2.365e-05 2.445e-05 2.29e-05 2.44e-05 3.735e-05 3.22e-05 2.39e-05 2.3e-05 2.425e-05 2.52e-05 3.165e-05 3.075e-05 2.305e-05 0.0001682 2.375e-05 4.51e-05 2.35e-05 3.195e-05 0.0001602 3.18e-05 2.445e-05 2.55e-05 2.8e-05 3.18e-05 3.31e-05 2.44e-05 3.51e-05 2.43e-05 2.42e-05 4.045e-05 2.455e-05 5.585e-05 0.00015975 0.00018795 2.325e-05 2.28e-05 2.365e-05 3.185e-05 2.77e-05 2.47e-05 2.41e-05 2.325e-05 0.00015925 2.315e-05 2.525e-05 0.000196 2.425e-05 2.275e-05 2.5e-05 2.29e-05 2.495e-05 3.24e-05 3.2e-05 5.06e-05 0.0001867 2.495e-05 0.0001934 3.085e-05 2.37e-05 2.695e-05 3.17e-05 2.455e-05 2.385e-05 2.41e-05 3.48e-05 2.41e-05 3.235e-05 3.15e-05 2.42e-05 3.2e-05 2.72e-05 2.435e-05 3.275e-05 2.47e-05 4.45e-05 3.505e-05 2.475e-05 3.245e-05 2.41e-05 5.07e-05 3.235e-05 3.28e-05 3.165e-05 3.185e-05
32 3.26e-05 2.535e-05 2.54e-05 2.48e-05 4.105e-05 4.605e-05 2.455e-05 0.0001598 0.00016075 2.525e-05 3.43e-05 3.21e-05 2.405e-05 0.00017035 2.77e-05 2.44e-05 2.41e-05 2.495e-05 2.345e-05 2.495e-05 3.785e-05 3.25e-05 2.435e-05 2.35e-05 2.48e-05 2.57e-05 3.2e-05 3.1e-05 2.35e-05 0.00016865 2.41e-05 2.35e-05 4.6e-05 3.225e-05 0.0001607 3.22e-05 2.5e-05 2.6e-05 2.84e-05 3.225e-05 3.35e-05 2.495e-05 3.555e-05 2.495e-05 2.46e-05 4.09e-05 2.49e-05 5.625e-05 0.00016025 0.0001885 2.325e-05 2.35e-05 2.44e-05 3.235e-05 2.815e-05 2.525e-05 2.455e-05 2.36e-05 0.00015965 2.365e-05 2.555e-05 0.0001965 2.48e-05 2.35e-05 2.55e-05 2.355e-05 2.525e-05 3.29e-05 3.24e-05 5.11e-05 0.00018715 2.545e-05 0.0001939 3.16e-05 2.43e-05 2.75e-05 3.22e-05 2.485e-05 2.44e-05 2.455e-05 3.53e-05 2.445e-05 3.285e-05 3.185e-05 2.455e-05 3.23e-05 2.775e-05 2.465e-05 3.325e-05 2.525e-05 4.52e-05 3.55e-05 2.515e-05 3.295e-05 2.465e-05 5.11e-05 3.26e-05 3.325e-05 3.2e-05 3.215e-05
33 1.21e-05 1.275e-05 1.28e-05 1.235e-05 1.175e-05 3.345e-05 1.21e-05 0.00014085 0.00014155 1.28e-05 1.36e-05 1.19e-05 3.24e-05 0.0001429 1.395e-05 1.2e-05 1.18e-05 1.245e-05 1.13e-05 1.25e-05 1.81e-05 1.13e-05 1.205e-05 1.135e-05 1.235e-05 1.215e-05 1.21e-05 3.255e-05 1.2e-05 0.00014075 1.18e-05 3.195e-05 3.225e-05 2.17e-05 0.00014165 1.15e-05 1.255e-05 1.205e-05 3.475e-05 3.815e-05 3.915e-05 1.25e-05 1.455e-05 3.31e-05 3.26e-05 3.785e-05 1.26e-05 4.38e-05 0.0001412 0.00017605 1.165e-05 3.19e-05 1.21e-05 1.115e-05 3.465e-05 1.28e-05 1.225e-05 1.145e-05 0.0001614 3.21e-05 1.175e-05 0.00017565 1.245e-05 1.13e-05 1.295e-05 1.14e-05 1.27e-05 1.2e-05 1.165e-05 5.745e-05 0.0001868 1.285e-05 0.0001742 3.84e-05 1.2e-05 1.615e-05 1.14e-05 1.245e-05 1.205e-05 3.19e-05 1.445e-05 1.215e-05 1.195e-05 1.195e-05 1.225e-05 1.215e-05 1.64e-05 1.2e-05 1.24e-05 1.28e-05 3.275e-05 1.375e-05 1.135e-05 1.165e-05 1.155e-05 5.75e-05 3.855e-05 1.14e-05 3.19e-05 1.1e-05
34 0.00014 0.0001387 0.0001386 0.0001385 0.00014255 0.00013805 0.0001393 0.0001386 0.0001383 0.00013855 0.00014365 0.0001417 0.0001596 0.0001425 0.00014355 0.0001394 0.0001394 0.00013885 0.0001399 0.00013825 0.0001441 0.00014185 0.00013945 0.00013995 0.0001381 0.00014065 0.0001402 0.0001606 0.00014105 0.00014085 0.00013935 0.0001602 0.0001607 0.00014165 0.0002756 0.0001413 0.00013845 0.0001396 0.00016165 0.00016685 0.0001667 0.00013865 0.00014295 0.00015975 0.00015895 0.00016885 0.00014005 0.00014245 0.00013835 0.0001736 0.0001403 0.0001597 0.0001389 0.00014105 0.00016185 0.00013895 0.00013925 0.0001403 0.0001594 0.0001605 0.00014125 0.000176 0.00013935 0.0001393 0.00013885 0.00014005 0.00013915 0.0001406 0.0001415 0.0001856 0.00018505 0.0001382 0.00017305 0.00016595 0.00013935 0.0001397 0.0001406 0.0001394 0.0001388 0.0001588 0.0001432 0.0001391 0.00014035 0.0001399 0.00013975 0.0001412 0.00013995 0.0001394 0.00014095 0.00013895 0.000139 0.0001445 0.00014075 0.00014095 0.00014155 0.0001863 0.00016785 0.0001423 0.00016135 0.0001415
35 1.18e-05 1.24e-05 1.245e-05 1.2e-05 1.075e-05 3.31e-05 1.165e-05 0.0001405 0.0001412 1.245e-05 1.385e-05 1.105e-05 3.235e-05 0.00014325 1.425e-05 1.155e-05 1.135e-05 1.21e-05 1.085e-05 1.215e-05 1.845e-05 1.175e-05 1.16e-05 1.09e-05 1.2e-05 1.255e-05 1.195e-05 3.265e-05 1.175e-05 0.00014115 1.145e-05 3.18e-05 3.22e-05 1.15e-05 0.0001413 2.1e-05 1.22e-05 1.15e-05 3.455e-05 3.82e-05 3.92e-05 1.215e-05 1.49e-05 3.305e-05 3.225e-05 3.865e-05 1.235e-05 4.425e-05 0.00014085 0.0001757 1.12e-05 3.185e-05 1.165e-05 1.155e-05 3.455e-05 1.245e-05 1.18e-05 1.09e-05 0.00016135 3.205e-05 1.1e-05 0.0001748 1.22e-05 1.085e-05 1.27e-05 1.085e-05 1.235e-05 1.15e-05 1.105e-05 5.775e-05 0.0001871 1.25e-05 0.00017365 3.795e-05 1.165e-05 1.58e-05 1.09e-05 1.21e-05 1.17e-05 3.145e-05 1.49e-05 1.18e-05 1.145e-05 1.17e-05 1.2e-05 1.245e-05 1.605e-05 1.185e-05 1.155e-05 1.245e-05 3.23e-05 1.475e-05 1.07e-05 1.205e-05 1.205e-05 5.77e-05 3.86e-05 1.16e-05 3.17e-05 1.14e-05
36 1.195e-05 3.35e-06 3.35e-06 1.8e-06 2.07e-05 2.34e-05 4.2e-06 0.00013895 0.0001399 1.75e-06 1.44e-05 1.26e-05 2.365e-05 0.00014995 7.7e-06 4.15e-06 2.8e-06 3.85e-06 3.55e-06 1.55e-06 1.775e-05 1.28e-05 3e-06 3.6e-06 1.4e-06 4.65e-06 1.06e-05 3.195e-05 4.95e-06 0.00014845 2.55e-06 2.445e-05 2.5e-05 1.255e-05 0.00013845 1.22e-05 2.5e-06 3.8e-06 2.75e-05 3.15e-05 3.27e-05 1.95e-06 1.495e-05 2.54e-05 2.345e-05 4.075e-05 3.65e-06 3.61e-05 0.00013835 0.00016545 3.9e-06 2.4e-05 2.4e-06 1.195e-05 2.635e-05 2.15e-06 2.8e-06 3.95e-06 0.0001604 2.47e-05 5.55e-06 0.0001752 2.9e-06 2.9e-06 2.9e-06 3.65e-06 3.2e-06 1.115e-05 1.24e-05 5.01e-05 0.00018635 3e-06 0.00017235 3.005e-05 2.75e-06 6e-06 1.15e-05 3.7e-06 2.35e-06 2.26e-05 1.385e-05 2.55e-06 1.115e-05 1.03e-05 3.35e-06 1.205e-05 6.25e-06 4.3e-06 1.15e-05 2.15e-06 2.44e-05 1.575e-05 5.05e-06 1.16e-05 5.75e-06 5.08e-05 3.255e-05 1.36e-05 3.29e-05 1.245e-05
37 1.18e-05 4.9e-06 4.8e-06 3.9e-06 1.765e-05 2.475e-05 5.45e-06 0.00014 0.00014055 3.9e-06 1.45e-05 1.19e-05 2.495e-05 0.00014945 7.8e-06 5.55e-06 4.75e-06 5e-06 5.2e-06 3.6e-06 1.78e-05 1.225e-05 4.8e-06 5.25e-06 3.45e-06 5.25e-06 1.175e-05 3.235e-05 6.15e-06 0.00014735 4.7e-06 2.55e-05 2.6e-05 1.205e-05 0.0001396 1.15e-05 3.8e-06 6.2e-06 2.745e-05 3.125e-05 3.195e-05 4.05e-06 1.465e-05 2.59e-05 2.465e-05 3.835e-05 5.5e-06 3.68e-05 0.0001398 0.0001671 5.6e-06 2.5e-05 4.2e-06 1.145e-05 2.695e-05 4.35e-06 4.55e-06 5.6e-06 0.0001608 2.58e-05 4.85e-06 0.0001744 4.8e-06 4.6e-06 4.85e-06 5.35e-06 5.05e-06 1.08e-05 1.17e-05 5.075e-05 0.0001864 4.35e-06 0.00017245 3.12e-05 4.7e-06 7.9e-06 1.08e-05 5.25e-06 4.15e-06 2.435e-05 1.42e-05 4.4e-06 1.06e-05 1.135e-05 5.2e-06 1.23e-05 8.15e-06 5.55e-06 1.12e-05 4.35e-06 2.57e-05 1.46e-05 4.25e-06 1.14e-05 5.9e-06 5.145e-05 3.225e-05 1.175e-05 3.155e-05 1.19e-05
38 3.325e-05 2.615e-05 2.645e-05 2.725e-05 4.15e-05 4.71e-05 2.625e-05 0.00016125 0.00016005 2.77e-05 3.69e-05 3.495e-05 2.78e-05 0.00017055 3.025e-05 2.665e-05 2.745e-05 2.63e-05 2.755e-05 2.74e-05 3.96e-05 3.495e-05 2.77e-05 2.76e-05 2.725e-05 2.77e-05 3.465e-05 3.455e-05 2.81e-05 0.00016875 2.745e-05 2.8e-05 2.84e-05 3.475e-05 0.00016165 3.455e-05 2.75e-05 2.745e-05 4.99e-05 3.445e-05 3.38e-05 2.74e-05 3.56e-05 2.705e-05 2.76e-05 4.17e-05 2.805e-05 5.795e-05 0.0001612 0.00018985 2.795e-05 2.77e-05 2.765e-05 3.445e-05 2.74e-05 2.77e-05 2.79e-05 2.785e-05 0.0001619 2.825e-05 2.785e-05 0.00019685 2.76e-05 2.725e-05 2.71e-05 2.77e-05 2.725e-05 3.435e-05 3.475e-05 5.34e-05 0.00018745 2.625e-05 0.0001955 3.465e-05 2.75e-05 3e-05 3.415e-05 2.73e-05 2.735e-05 2.78e-05 3.685e-05 2.78e-05 3.43e-05 3.465e-05 2.77e-05 3.455e-05 3.025e-05 2.635e-05 3.47e-05 2.77e-05 4.705e-05 3.7e-05 2.75e-05 3.455e-05 2.78e-05 5.38e-05 3.515e-05 3.465e-05 3.475e-05 3.46e-05
39 3.875e-05 3.175e-05 3.165e-05 3.11e-05 4.515e-05 5.23e-05 3.18e-05 0.00016595 0.000167 3.155e-05 4.06e-05 3.86e-05 3.17e-05 0.00017565 3.395e-05 3.19e-05 3.115e-05 3.13e-05 3.115e-05 3.125e-05 4.335e-05 3.835e-05 3.15e-05 3.12e-05 3.11e-05 3.145e-05 3.85e-05 3.875e-05 3.195e-05 0.00017355 3.11e-05 3.18e-05 3.225e-05 3.815e-05 0.00016685 3.82e-05 3.15e-05 3.125e-05 3.445e-05 5.98e-05 3.115e-05 3.125e-05 4.12e-05 3.26e-05 3.2e-05 3.74e-05 3.19e-05 6.265e-05 0.0001663 0.00018845 3.155e-05 3.12e-05 3.14e-05 3.75e-05 3.4e-05 3.155e-05 3.17e-05 3.15e-05 0.00016715 3.205e-05 3.16e-05 0.0001953 3.115e-05 3.05e-05 3.165e-05 3.13e-05 3.155e-05 3.805e-05 3.84e-05 4.965e-05 0.00018545 3.195e-05 0.000193 3.095e-05 3.115e-05 3.375e-05 3.745e-05 3.155e-05 3.08e-05 3.175e-05 4.08e-05 3.155e-05 3.81e-05 3.84e-05 3.16e-05 3.835e-05 3.4e-05 3.19e-05 3.84e-05 3.155e-05 5.205e-05 4.035e-05 3.115e-05 3.8e-05 3.145e-05 5.04e-05 3.1e-05 3.815e-05 3.86e-05 3.8e-05
