 slim_337625512 slim_337625804 slim_337625795 slim_337625582 slim_337625818 slim_337625442 slim_337625819 slim_337625797 slim_337625800 slim_337625588 slim_337625839 slim_337625736 slim_337625692 slim_337625758 slim_337625754 slim_337625820 slim_337625737 slim_337625628 slim_337625707 slim_337625821 slim_337625730 slim_337625635 slim_337625822 slim_337625794 slim_337625770 slim_337625700 slim_337625717 slim_337625638 slim_337625814 slim_337625833 slim_337625703 slim_337625687 slim_337625609 slim_337625769 slim_337625744 slim_337625781 slim_337625815 slim_337625830 slim_337625834 slim_337625454 slim_337625802 slim_337625415 slim_337625666 slim_337625803 slim_337625806 slim_337625829 slim_337625748 slim_337625685 slim_337625840 slim_337625805 slim_337625622 slim_337625824 slim_337625757 slim_337625734 slim_337625669 slim_337625841 slim_337625606 slim_337625640 slim_337625639 slim_337625801 slim_337625812 slim_337625823 slim_337625680 slim_337625742 slim_337625828 slim_337625792 slim_337625727 slim_337625817 slim_337625739 slim_337625816 slim_337625659 slim_337625767 slim_337625485 slim_337625738 slim_337625837 slim_337625733 slim_337625564 slim_337625551 slim_337625651 slim_337625793 slim_337625747 slim_337625726 slim_337625667 slim_337625554 slim_337625672 slim_337625750 slim_337625776 slim_337625813 slim_337625761 slim_337625831 slim_337625682 slim_337625751 slim_337625711 slim_337625827 slim_337625712 slim_337625618 slim_337625790 slim_337625641 slim_337625745 slim_337625542
0 6.2e-06 1.475e-05 1.2e-05 8.1e-06 1.465e-05 9e-06 1.48e-05 9.35e-06 1.4e-05 9.35e-06 8.55e-06 1.66e-05 9.5e-06 1.745e-05 9.3e-06 7.65e-06 1.415e-05 9.2e-06 1.48e-05 9.7e-06 1.125e-05 1.57e-05 1.5e-05 9.15e-06 9.6e-06 9.2e-06 1.315e-05 1.315e-05 1.5e-05 1.655e-05 1.32e-05 1.67e-05 1.44e-05 8.35e-06 7.85e-06 8e-06 8.8e-06 1.46e-05 1.58e-05 8.95e-06 1.295e-05 1.475e-05 1.435e-05 1.35e-05 7.65e-06 1.68e-05 1.385e-05 1.535e-05 1.365e-05 1.4e-05 1.39e-05 1.49e-05 1.485e-05 1.21e-05 7.65e-06 1.535e-05 9.4e-06 9.15e-06 1.345e-05 8.35e-06 1.655e-05 9.25e-06 9.15e-06 9.15e-06 1.325e-05 4.45e-06 1.17e-05 1.635e-05 3.3e-06 9.35e-06 1.49e-05 9.75e-06 9.35e-06 1.015e-05 1.57e-05 1.415e-05 3.65e-06 8.4e-06 1.64e-05 1.54e-05 1.675e-05 9.15e-06 1.59e-05 1.565e-05 1.47e-05 7.5e-06 9.15e-06 1.295e-05 9.45e-06 3.55e-06 1.235e-05 9.25e-06 7.25e-06 8.55e-06 1.07e-05 1.125e-05 1.325e-05 9.55e-06 1.345e-05 1.475e-05
1 1.475e-05 1.33e-05 1.135e-05 1.245e-05 1e-05 1.25e-05 1.03e-05 1.395e-05 9.2e-06 1.235e-05 1.24e-05 1.14e-05 1.195e-05 1.05e-05 1.305e-05 1.39e-05 9.55e-06 1.245e-05 9.2e-06 1.15e-05 1.29e-05 9.3e-06 1.05e-05 1.15e-05 1.355e-05 1.315e-05 1.135e-05 1.03e-05 9.55e-06 1.045e-05 1.035e-05 1.05e-05 1.015e-05 1.29e-05 1.2e-05 1.17e-05 1.07e-05 8.25e-06 9.4e-06 1.295e-05 9.05e-06 9.4e-06 1e-05 9.85e-06 1.16e-05 1.155e-05 9.15e-06 8.45e-06 9.8e-06 9.2e-06 9.15e-06 9.35e-06 1.025e-05 1.015e-05 1.27e-05 8e-06 1.285e-05 1.375e-05 8.55e-06 1.3e-05 1.085e-05 1.22e-05 1.265e-05 1.265e-05 1.04e-05 1.535e-05 1.16e-05 8.4e-06 1.595e-05 1.34e-05 9.3e-06 1.105e-05 1.375e-05 1.275e-05 1.1e-05 9.4e-06 1.5e-05 1.145e-05 1.025e-05 8.05e-06 1.035e-05 1.285e-05 1.01e-05 9.45e-06 9.2e-06 1.155e-05 1.16e-05 9.05e-06 1.215e-05 1.585e-05 1.035e-05 1.25e-05 1.315e-05 1.16e-05 1.19e-05 1.415e-05 9.6e-06 1.135e-05 7.9e-06 1.015e-05
2 1.2e-05 1.135e-05 7.2e-06 1.185e-05 1.16e-05 1.225e-05 1.205e-05 1.27e-05 1.25e-05 1.26e-05 8.95e-06 1.295e-05 1.3e-05 1.335e-05 1.18e-05 1.125e-05 1.255e-05 9.1e-06 1.26e-05 1.28e-05 1.26e-05 1.33e-05 1.16e-05 1.205e-05 1.285e-05 1.25e-05 8.35e-06 8.3e-06 1.22e-05 1.18e-05 8.35e-06 1.28e-05 8.95e-06 8.7e-06 1.04e-05 1.03e-05 1.05e-05 1.285e-05 1.365e-05 1.225e-05 1.065e-05 1.3e-05 1.28e-05 1.18e-05 1.145e-05 1.34e-05 1.155e-05 1.235e-05 1.275e-05 1.25e-05 1.225e-05 1.21e-05 1.295e-05 7.6e-06 8.9e-06 1.32e-05 1.265e-05 1.25e-05 1.055e-05 1.21e-05 1.265e-05 1.275e-05 1.24e-05 1.24e-05 8.4e-06 1.285e-05 7.2e-06 1.405e-05 1.18e-05 1.27e-05 1.33e-05 1.26e-05 1.17e-05 1.35e-05 9.8e-06 9.35e-06 1.22e-05 1.04e-05 1.225e-05 1.325e-05 1.44e-05 1.16e-05 1.38e-05 1.27e-05 1.17e-05 9.1e-06 1.275e-05 1.18e-05 1.28e-05 1.185e-05 1.105e-05 9.2e-06 1.155e-05 1.235e-05 1.255e-05 1.25e-05 1.225e-05 1.265e-05 1.055e-05 1.28e-05
3 8.1e-06 1.245e-05 1.185e-05 1.49e-05 1.04e-05 9.05e-06 1.165e-05 1.025e-05 9.05e-06 1.015e-05 1.09e-05 1.34e-05 1.055e-05 1.455e-05 9.2e-06 1.01e-05 1.095e-05 1.105e-05 1.03e-05 9.8e-06 1.205e-05 1.175e-05 1.09e-05 9.8e-06 1.06e-05 1.025e-05 1.22e-05 1.12e-05 1.075e-05 1.325e-05 1.125e-05 1.34e-05 1.27e-05 1.015e-05 1.035e-05 1.075e-05 1.075e-05 1.145e-05 1.205e-05 9.95e-06 1.22e-05 1.205e-05 1.165e-05 1.095e-05 8.85e-06 1.39e-05 9.05e-06 1.14e-05 1.11e-05 9.05e-06 1.05e-05 1.075e-05 1.17e-05 1.105e-05 9.65e-06 1.11e-05 9.45e-06 1.005e-05 1.145e-05 9.5e-06 1.41e-05 9.5e-06 9.2e-06 9.2e-06 1.125e-05 8.25e-06 1.215e-05 1.225e-05 7.65e-06 1.02e-05 1.19e-05 1e-05 9.6e-06 1.05e-05 1.425e-05 1.285e-05 7.9e-06 1.035e-05 1.28e-05 1.115e-05 1.385e-05 9.15e-06 1.275e-05 1.19e-05 1.035e-05 1.01e-05 9.8e-06 8.95e-06 1.035e-05 7.7e-06 1.14e-05 1.11e-05 8.35e-06 7.85e-06 1.07e-05 1.215e-05 9.5e-06 9.65e-06 1.19e-05 1.145e-05
4 1.465e-05 1e-05 1.16e-05 1.04e-05 6.4e-06 9.95e-06 7.75e-06 1.365e-05 5.55e-06 1.135e-05 1.495e-05 8.55e-06 1.175e-05 9.9e-06 9.75e-06 1.475e-05 5.75e-06 1.4e-05 4.2e-06 1.06e-05 1.335e-05 6.2e-06 8.05e-06 9.65e-06 1.375e-05 1.345e-05 1.215e-05 8.85e-06 4.65e-06 7.65e-06 8.9e-06 8.55e-06 9.5e-06 1.405e-05 1.49e-05 1.445e-05 1.39e-05 6.15e-06 6.8e-06 1.32e-05 1.065e-05 7.15e-06 8.35e-06 7.95e-06 1.115e-05 9.75e-06 4.85e-06 5.55e-06 8.65e-06 5.55e-06 5.25e-06 4.55e-06 8.55e-06 8.95e-06 1.35e-05 5.5e-06 1.03e-05 1.345e-05 8.95e-06 1.08e-05 1.15e-05 1.045e-05 1.01e-05 1.01e-05 8.95e-06 1.54e-05 1.355e-05 6.5e-06 1.5e-05 1.365e-05 6.45e-06 1.005e-05 9.45e-06 1.135e-05 1.05e-05 9.7e-06 1.505e-05 1.445e-05 7.25e-06 5.55e-06 9.55e-06 9.55e-06 9.4e-06 6.1e-06 3.6e-06 1.32e-05 9.9e-06 5.65e-06 1.34e-05 1.495e-05 9.85e-06 1.405e-05 1.19e-05 1.055e-05 9.65e-06 1.355e-05 6.3e-06 1.045e-05 9.7e-06 8.25e-06
5 9e-06 1.25e-05 1.225e-05 9.05e-06 9.95e-06 1.67e-05 1.185e-05 1.13e-05 9.75e-06 1.02e-05 1.18e-05 1.31e-05 1.06e-05 1.375e-05 9.55e-06 1.1e-05 9.45e-06 1.145e-05 9.8e-06 9.75e-06 1.18e-05 1.105e-05 1.16e-05 1e-05 1.16e-05 1.12e-05 1.315e-05 1.06e-05 9.5e-06 1.255e-05 1.065e-05 1.26e-05 1.225e-05 1.11e-05 1.125e-05 1.165e-05 1.18e-05 1.06e-05 1.06e-05 1.095e-05 1.225e-05 1.125e-05 1.175e-05 1.12e-05 9.25e-06 1.33e-05 9.85e-06 1.02e-05 1.05e-05 9.75e-06 9.7e-06 9.4e-06 1.18e-05 1.11e-05 1.06e-05 1.025e-05 8.85e-06 1.11e-05 1.18e-05 9.6e-06 1.425e-05 9.55e-06 8.55e-06 8.6e-06 1.13e-05 9.2e-06 1.305e-05 1.14e-05 8.5e-06 1.13e-05 1.115e-05 1.01e-05 9.7e-06 1.055e-05 1.35e-05 1.24e-05 8.5e-06 1.13e-05 1.23e-05 1.03e-05 1.32e-05 9.45e-06 1.285e-05 1.13e-05 9.95e-06 1.105e-05 9.2e-06 9.65e-06 1.105e-05 8.6e-06 1.145e-05 1.15e-05 8.7e-06 9.1e-06 1.08e-05 1.22e-05 1.02e-05 9.6e-06 1.18e-05 1.155e-05
6 1.48e-05 1.03e-05 1.205e-05 1.165e-05 7.75e-06 1.185e-05 1.09e-05 1.08e-05 7.65e-06 1.2e-05 1.38e-05 1.03e-05 1.14e-05 9.8e-06 1.09e-05 1.34e-05 8.1e-06 1.405e-05 7.75e-06 1.21e-05 1.26e-05 8.4e-06 8.85e-06 1.095e-05 1.2e-05 1.165e-05 8.85e-06 9.9e-06 7e-06 8.15e-06 9.95e-06 9.55e-06 1.09e-05 1.325e-05 1.47e-05 1.43e-05 1.355e-05 8.1e-06 8.45e-06 1.14e-05 1.085e-05 8.3e-06 6.7e-06 8.15e-06 1.1e-05 1.06e-05 6.45e-06 7.85e-06 9.35e-06 7.65e-06 7.6e-06 6.8e-06 6.95e-06 9.6e-06 1.355e-05 7.85e-06 1.22e-05 1.075e-05 1.045e-05 1.22e-05 8.9e-06 1.125e-05 1.2e-05 1.2e-05 9.9e-06 1.545e-05 1.135e-05 7.5e-06 1.595e-05 1.16e-05 8.05e-06 1.165e-05 1.22e-05 1.225e-05 1.145e-05 1.02e-05 1.51e-05 1.42e-05 9.15e-06 7.9e-06 9.95e-06 1.095e-05 7.1e-06 7.25e-06 6.6e-06 1.245e-05 1.1e-05 7.45e-06 1.07e-05 1.59e-05 9.05e-06 1.41e-05 1.255e-05 1.09e-05 1.09e-05 1.375e-05 8e-06 1.195e-05 1.01e-05 6.65e-06
7 9.35e-06 1.395e-05 1.27e-05 1.025e-05 1.365e-05 1.13e-05 1.08e-05 1.64e-05 1.25e-05 1.13e-05 1.125e-05 1.5e-05 1.14e-05 1.485e-05 1.065e-05 9.8e-06 1.355e-05 1.17e-05 1.345e-05 1.18e-05 1.235e-05 1.41e-05 1.32e-05 1.175e-05 1e-05 9.8e-06 1.045e-05 1.305e-05 1.355e-05 1.435e-05 1.31e-05 1.465e-05 1.39e-05 1.1e-05 1.12e-05 1.165e-05 1.18e-05 1.38e-05 1.415e-05 9.4e-06 1.335e-05 1.36e-05 1.1e-05 1.255e-05 1.055e-05 1.515e-05 1.25e-05 1.385e-05 1.305e-05 1.25e-05 1.295e-05 1.365e-05 1.115e-05 1.245e-05 1.06e-05 1.375e-05 1.17e-05 8.25e-06 1.34e-05 1.12e-05 1.265e-05 1.12e-05 1.145e-05 1.145e-05 1.285e-05 9.5e-06 1.145e-05 1.36e-05 9e-06 9.2e-06 1.385e-05 1.2e-05 1.165e-05 1.18e-05 1.46e-05 1.385e-05 9.1e-06 1.12e-05 1.44e-05 1.38e-05 1.475e-05 1.105e-05 1.165e-05 1.365e-05 1.35e-05 1.095e-05 1.195e-05 1.22e-05 9.65e-06 9.05e-06 1.155e-05 1.175e-05 1.015e-05 1.05e-05 1.225e-05 1.255e-05 1.265e-05 1.165e-05 1.33e-05 1.075e-05
8 1.4e-05 9.2e-06 1.25e-05 9.05e-06 5.55e-06 9.75e-06 7.65e-06 1.25e-05 4.4e-06 1.19e-05 1.41e-05 8.4e-06 1.1e-05 9.65e-06 9.8e-06 1.43e-05 4.65e-06 1.455e-05 2.85e-06 1.095e-05 1.195e-05 5.85e-06 5.7e-06 8.35e-06 1.34e-05 1.33e-05 1.11e-05 7.9e-06 4.35e-06 8.2e-06 7.95e-06 7.75e-06 1.07e-05 1.24e-05 1.48e-05 1.42e-05 1.235e-05 5.6e-06 6e-06 1.285e-05 9.6e-06 6.65e-06 7.05e-06 7.5e-06 8.55e-06 8.85e-06 3.7e-06 5.8e-06 7.1e-06 2.25e-06 3.4e-06 4.55e-06 7.1e-06 8.3e-06 1.365e-05 3.9e-06 1.01e-05 1.23e-05 8.4e-06 1.09e-05 1.05e-05 8.2e-06 9.9e-06 9.9e-06 7.2e-06 1.45e-05 1.235e-05 6e-06 1.6e-05 1.245e-05 6.15e-06 1e-05 1.21e-05 1.125e-05 1.22e-05 9.35e-06 1.43e-05 1.43e-05 7.2e-06 3.95e-06 9.1e-06 1.045e-05 8.4e-06 6.4e-06 4.35e-06 1.17e-05 8.05e-06 3.4e-06 1.13e-05 1.59e-05 8.5e-06 1.46e-05 1.095e-05 7.45e-06 1.095e-05 1.39e-05 4.05e-06 1.08e-05 8.65e-06 6e-06
9 9.35e-06 1.235e-05 1.26e-05 1.015e-05 1.135e-05 1.02e-05 1.2e-05 1.13e-05 1.19e-05 1.69e-05 1.18e-05 1.33e-05 9.2e-06 1.14e-05 1.075e-05 1.06e-05 1.11e-05 1.12e-05 1.185e-05 9.8e-06 1.18e-05 1.065e-05 1.235e-05 1.05e-05 1.065e-05 1.005e-05 1.305e-05 1.26e-05 1.2e-05 1.225e-05 1.265e-05 1.245e-05 1.15e-05 1.2e-05 1.12e-05 1.14e-05 1.225e-05 1.045e-05 1.08e-05 9.9e-06 1.2e-05 9.65e-06 1.22e-05 1.12e-05 1.105e-05 1.325e-05 1.145e-05 1.12e-05 1.14e-05 1.19e-05 1.125e-05 1.165e-05 1.21e-05 1.185e-05 1.095e-05 1.13e-05 1.06e-05 1.11e-05 1.26e-05 9.55e-06 1.235e-05 1.1e-05 1.035e-05 1.035e-05 1.27e-05 9.8e-06 1.295e-05 1.145e-05 8.65e-06 1.065e-05 1.035e-05 1.01e-05 1.025e-05 1.02e-05 1.27e-05 1.2e-05 9.4e-06 1.125e-05 1.24e-05 1.135e-05 1.245e-05 1.03e-05 1.18e-05 1.06e-05 1.145e-05 1.165e-05 1.12e-05 1.115e-05 1.085e-05 8.7e-06 1.15e-05 1.125e-05 1.03e-05 1.1e-05 1.02e-05 1.145e-05 1.115e-05 9.65e-06 1.245e-05 1.225e-05
10 8.55e-06 1.24e-05 8.95e-06 1.09e-05 1.495e-05 1.18e-05 1.38e-05 1.125e-05 1.41e-05 1.18e-05 1.26e-05 1.49e-05 1.105e-05 1.55e-05 1.125e-05 9.7e-06 1.465e-05 8.95e-06 1.465e-05 1.2e-05 1.165e-05 1.505e-05 1.4e-05 1.135e-05 1.145e-05 1.13e-05 1.005e-05 1.07e-05 1.45e-05 1.465e-05 1.075e-05 1.525e-05 1.255e-05 7.75e-06 8.75e-06 9.2e-06 8.5e-06 1.46e-05 1.54e-05 1.095e-05 1.145e-05 1.475e-05 1.42e-05 1.265e-05 9.95e-06 1.535e-05 1.35e-05 1.405e-05 1.34e-05 1.41e-05 1.435e-05 1.455e-05 1.43e-05 1e-05 8.65e-06 1.495e-05 1.215e-05 1.105e-05 1.13e-05 1.165e-05 1.43e-05 1.115e-05 1.195e-05 1.195e-05 1.08e-05 9.1e-06 8.5e-06 1.55e-05 8.8e-06 1.11e-05 1.5e-05 1.23e-05 1.245e-05 1.24e-05 1.41e-05 1.185e-05 8.3e-06 9.25e-06 1.47e-05 1.5e-05 1.555e-05 1.135e-05 1.485e-05 1.465e-05 1.41e-05 8.45e-06 1.185e-05 1.34e-05 1.06e-05 9.05e-06 1.205e-05 9e-06 1.01e-05 1.05e-05 1.27e-05 1.235e-05 1.385e-05 1.185e-05 1.195e-05 1.42e-05
11 1.66e-05 1.14e-05 1.295e-05 1.34e-05 8.55e-06 1.31e-05 1.03e-05 1.5e-05 8.4e-06 1.33e-05 1.49e-05 1.3e-05 1.265e-05 8e-06 1.345e-05 1.495e-05 8.25e-06 1.55e-05 7.25e-06 1.355e-05 1.145e-05 8.15e-06 8.05e-06 1.1e-05 1.58e-05 1.56e-05 1.21e-05 1.035e-05 8.65e-06 7.9e-06 1.04e-05 7.5e-06 1.155e-05 1.46e-05 1.61e-05 1.565e-05 1.395e-05 8.45e-06 8.75e-06 1.525e-05 1.115e-05 8.4e-06 1e-05 1.075e-05 1.26e-05 7.3e-06 8.8e-06 8.85e-06 1.065e-05 8.4e-06 7.95e-06 8.65e-06 9.8e-06 1.015e-05 1.555e-05 8.3e-06 1.345e-05 1.48e-05 1.02e-05 1.325e-05 9.75e-06 1.235e-05 1.325e-05 1.325e-05 1.025e-05 1.76e-05 1.21e-05 8.3e-06 1.81e-05 1.545e-05 8.5e-06 1.295e-05 1.46e-05 1.37e-05 1.025e-05 1.055e-05 1.695e-05 1.6e-05 6.7e-06 8.35e-06 8.8e-06 1.35e-05 1.04e-05 8.85e-06 7.75e-06 1.41e-05 1.19e-05 8.4e-06 1.425e-05 1.82e-05 9.8e-06 1.555e-05 1.445e-05 1.235e-05 1.315e-05 1.285e-05 8.65e-06 1.34e-05 1.11e-05 9.7e-06
12 9.5e-06 1.195e-05 1.3e-05 1.055e-05 1.175e-05 1.06e-05 1.14e-05 1.14e-05 1.1e-05 9.2e-06 1.105e-05 1.265e-05 1.63e-05 1.1e-05 1.07e-05 1.12e-05 1.005e-05 1.175e-05 1.1e-05 1.05e-05 1.11e-05 1.01e-05 1.145e-05 9.45e-06 1.115e-05 1.08e-05 1.23e-05 1.17e-05 1.11e-05 1.17e-05 1.175e-05 1.175e-05 1.2e-05 1.11e-05 1.18e-05 1.19e-05 1.155e-05 9.7e-06 1.02e-05 1.055e-05 1.11e-05 8.9e-06 1.125e-05 1.06e-05 9.95e-06 1.255e-05 1.07e-05 1.06e-05 1.08e-05 1.1e-05 1.02e-05 1.09e-05 1.135e-05 1.08e-05 1.13e-05 1.07e-05 1.095e-05 1.12e-05 1.19e-05 9.75e-06 1.185e-05 9.75e-06 1.075e-05 1.075e-05 1.18e-05 1.025e-05 1.22e-05 1.1e-05 1.035e-05 1.08e-05 9.55e-06 1.06e-05 1.18e-05 1.025e-05 1.325e-05 1.105e-05 9.8e-06 1.185e-05 1.175e-05 1.075e-05 1.2e-05 1.07e-05 1.135e-05 1e-05 1.075e-05 1.055e-05 1.01e-05 1.01e-05 1.015e-05 1.04e-05 1.06e-05 1.18e-05 1.07e-05 1.01e-05 1.085e-05 1.195e-05 1.005e-05 1.035e-05 1.16e-05 1.15e-05
13 1.745e-05 1.05e-05 1.335e-05 1.455e-05 9.9e-06 1.375e-05 9.8e-06 1.485e-05 9.65e-06 1.14e-05 1.55e-05 8e-06 1.1e-05 7.8e-06 1.435e-05 1.495e-05 8.1e-06 1.51e-05 8.8e-06 1.315e-05 1.06e-05 6.45e-06 7.9e-06 1.16e-05 1.475e-05 1.435e-05 1.215e-05 1.145e-05 9.45e-06 6.5e-06 1.15e-05 6.1e-06 1e-05 1.565e-05 1.645e-05 1.595e-05 1.515e-05 7.25e-06 6.6e-06 1.41e-05 1.065e-05 5.35e-06 9.7e-06 1.02e-05 1.42e-05 7.65e-06 9.85e-06 8.65e-06 1.01e-05 9.65e-06 8.35e-06 9.2e-06 9.25e-06 1.09e-05 1.615e-05 8e-06 1.41e-05 1.465e-05 1.145e-05 1.295e-05 6.9e-06 1.32e-05 1.39e-05 1.39e-05 1.13e-05 1.82e-05 1.255e-05 7.05e-06 1.86e-05 1.455e-05 6.55e-06 1.27e-05 1.51e-05 1.27e-05 8.5e-06 9.35e-06 1.785e-05 1.6e-05 6.45e-06 8.05e-06 8.25e-06 1.415e-05 8.3e-06 6.7e-06 9.05e-06 1.505e-05 1.29e-05 9.35e-06 1.35e-05 1.845e-05 9.6e-06 1.515e-05 1.57e-05 1.39e-05 1.21e-05 1.175e-05 9e-06 1.3e-05 1.1e-05 9.4e-06
14 9.3e-06 1.305e-05 1.18e-05 9.2e-06 9.75e-06 9.55e-06 1.09e-05 1.065e-05 9.8e-06 1.075e-05 1.125e-05 1.345e-05 1.07e-05 1.435e-05 1.53e-05 1.125e-05 1.055e-05 1.135e-05 1.01e-05 1.055e-05 1.225e-05 1.2e-05 1.15e-05 1.045e-05 1.165e-05 1.15e-05 1.265e-05 1.105e-05 9.15e-06 1.18e-05 1.11e-05 1.3e-05 1.23e-05 1.055e-05 1.145e-05 1.19e-05 1.205e-05 1.13e-05 1.195e-05 1.105e-05 1.235e-05 1.185e-05 1.195e-05 1.04e-05 1.005e-05 1.365e-05 8.95e-06 1.08e-05 1.18e-05 9.8e-06 9.9e-06 9.4e-06 1.2e-05 1.08e-05 1.04e-05 1.085e-05 9.95e-06 1.045e-05 1.2e-05 9.85e-06 1.43e-05 9.35e-06 9.7e-06 9.7e-06 1.09e-05 9.3e-06 1.265e-05 1.225e-05 8.95e-06 1.06e-05 1.16e-05 1.065e-05 9.4e-06 1.075e-05 1.34e-05 1.225e-05 9e-06 1.15e-05 1.27e-05 1.09e-05 1.38e-05 8.4e-06 1.325e-05 1.05e-05 9.3e-06 1.075e-05 1.02e-05 9.8e-06 1.125e-05 9e-06 1.165e-05 1.14e-05 9.65e-06 9.4e-06 1.075e-05 1.25e-05 1.035e-05 1.04e-05 1.215e-05 1.155e-05
15 7.65e-06 1.39e-05 1.125e-05 1.01e-05 1.475e-05 1.1e-05 1.34e-05 9.8e-06 1.43e-05 1.06e-05 9.7e-06 1.495e-05 1.12e-05 1.495e-05 1.125e-05 1.32e-05 1.51e-05 1.02e-05 1.505e-05 1.115e-05 1.14e-05 1.525e-05 1.4e-05 1.185e-05 1.06e-05 1.015e-05 1.14e-05 1.31e-05 1.53e-05 1.475e-05 1.315e-05 1.51e-05 1.38e-05 1.005e-05 9.05e-06 9.6e-06 1.015e-05 1.5e-05 1.54e-05 9.9e-06 1.31e-05 1.48e-05 1.36e-05 1.29e-05 1.02e-05 1.52e-05 1.415e-05 1.51e-05 1.325e-05 1.43e-05 1.46e-05 1.52e-05 1.365e-05 1.245e-05 9.15e-06 1.51e-05 1.14e-05 9.6e-06 1.31e-05 1.09e-05 1.395e-05 1.145e-05 1.115e-05 1.115e-05 1.3e-05 8.15e-06 8.8e-06 1.46e-05 6.8e-06 1.05e-05 1.505e-05 1.16e-05 1.1e-05 1.155e-05 1.345e-05 1.42e-05 7.4e-06 9.6e-06 1.475e-05 1.515e-05 1.435e-05 1.095e-05 1.37e-05 1.505e-05 1.495e-05 1e-05 1.215e-05 1.385e-05 1.07e-05 7.05e-06 1.04e-05 1.025e-05 9.25e-06 1.08e-05 1.175e-05 1.115e-05 1.43e-05 1.1e-05 1.355e-05 1.335e-05
16 1.415e-05 9.55e-06 1.255e-05 1.095e-05 5.75e-06 9.45e-06 8.1e-06 1.355e-05 4.65e-06 1.11e-05 1.465e-05 8.25e-06 1.005e-05 8.1e-06 1.055e-05 1.51e-05 4.8e-06 1.465e-05 3.95e-06 1.125e-05 1.14e-05 5.15e-06 6.6e-06 7.6e-06 1.425e-05 1.405e-05 1.18e-05 7.6e-06 3.95e-06 7.45e-06 7.65e-06 6.7e-06 9.4e-06 1.32e-05 1.54e-05 1.465e-05 1.33e-05 4.05e-06 4.65e-06 1.37e-05 8.35e-06 4.45e-06 7.05e-06 8.4e-06 8.8e-06 8.1e-06 5.3e-06 5.25e-06 7.3e-06 4.65e-06 3.35e-06 4e-06 7.25e-06 7.7e-06 1.425e-05 4.7e-06 9.85e-06 1.335e-05 9e-06 9.8e-06 1.03e-05 9.15e-06 9.65e-06 9.65e-06 8.3e-06 1.535e-05 1.31e-05 6.1e-06 1.66e-05 1.36e-05 4.8e-06 1.03e-05 1.23e-05 1.145e-05 1.095e-05 7.75e-06 1.48e-05 1.495e-05 6.75e-06 4.75e-06 8.65e-06 1.09e-05 8.95e-06 5.75e-06 4.65e-06 1.185e-05 7.35e-06 4.15e-06 1.205e-05 1.645e-05 8.15e-06 1.47e-05 1.165e-05 9.25e-06 1.135e-05 1.345e-05 4.25e-06 1.11e-05 8.05e-06 7.25e-06
17 9.2e-06 1.245e-05 9.1e-06 1.105e-05 1.4e-05 1.145e-05 1.405e-05 1.17e-05 1.455e-05 1.12e-05 8.95e-06 1.55e-05 1.175e-05 1.51e-05 1.135e-05 1.02e-05 1.465e-05 1.59e-05 1.485e-05 1.14e-05 1.245e-05 1.495e-05 1.45e-05 1.25e-05 1.16e-05 1.12e-05 1.22e-05 1.245e-05 1.45e-05 1.44e-05 1.25e-05 1.515e-05 1.08e-05 1.01e-05 9.2e-06 9.75e-06 1.045e-05 1.435e-05 1.51e-05 1.095e-05 1.23e-05 1.45e-05 1.46e-05 1.335e-05 1.185e-05 1.575e-05 1.385e-05 1.41e-05 1.405e-05 1.455e-05 1.435e-05 1.44e-05 1.47e-05 1.18e-05 9.4e-06 1.465e-05 1.185e-05 1.15e-05 1.235e-05 1.135e-05 1.45e-05 1.21e-05 1.16e-05 1.16e-05 1.255e-05 9.35e-06 1.11e-05 1.51e-05 8.15e-06 1.15e-05 1.48e-05 1.19e-05 1.11e-05 1.22e-05 1.28e-05 1.135e-05 8.9e-06 9.25e-06 1.48e-05 1.47e-05 1.565e-05 1.105e-05 1.495e-05 1.44e-05 1.42e-05 1.045e-05 1.28e-05 1.39e-05 1.185e-05 8.2e-06 1.29e-05 8.15e-06 1.07e-05 1.19e-05 1.22e-05 1.205e-05 1.435e-05 1.125e-05 1.23e-05 1.455e-05
18 1.48e-05 9.2e-06 1.26e-05 1.03e-05 4.2e-06 9.8e-06 7.75e-06 1.345e-05 2.85e-06 1.185e-05 1.465e-05 7.25e-06 1.1e-05 8.8e-06 1.01e-05 1.505e-05 3.95e-06 1.485e-05 3.3e-06 1.09e-05 1.2e-05 4.8e-06 6.25e-06 8.05e-06 1.42e-05 1.41e-05 1.17e-05 7.75e-06 3.8e-06 7.45e-06 7.8e-06 7e-06 1.02e-05 1.315e-05 1.555e-05 1.495e-05 1.28e-05 4.8e-06 5.25e-06 1.37e-05 9.6e-06 5.85e-06 7.1e-06 7.65e-06 9.45e-06 8.25e-06 4.25e-06 4.75e-06 7.15e-06 2.8e-06 2.75e-06 3.9e-06 7.2e-06 8.1e-06 1.425e-05 3.15e-06 1.015e-05 1.325e-05 7.9e-06 1.09e-05 1.055e-05 8.35e-06 9.95e-06 9.95e-06 7.15e-06 1.545e-05 1.29e-05 5.15e-06 1.675e-05 1.345e-05 5.3e-06 1.005e-05 1.195e-05 1.125e-05 1.13e-05 8.9e-06 1.515e-05 1.51e-05 5.9e-06 3.25e-06 8.4e-06 1.06e-05 8.4e-06 5.75e-06 3.2e-06 1.235e-05 8.15e-06 3.9e-06 1.225e-05 1.665e-05 8.5e-06 1.49e-05 1.18e-05 8.8e-06 1.085e-05 1.38e-05 4.55e-06 1.075e-05 8.7e-06 6.15e-06
19 9.7e-06 1.15e-05 1.28e-05 9.8e-06 1.06e-05 9.75e-06 1.21e-05 1.18e-05 1.095e-05 9.8e-06 1.2e-05 1.355e-05 1.05e-05 1.315e-05 1.055e-05 1.115e-05 1.125e-05 1.14e-05 1.09e-05 1.73e-05 1.255e-05 1.115e-05 1.27e-05 1.105e-05 1.135e-05 1.075e-05 1.355e-05 1.22e-05 1.12e-05 1.275e-05 1.225e-05 1.3e-05 1.22e-05 1.21e-05 1.14e-05 1.175e-05 1.225e-05 1.015e-05 1.125e-05 1.065e-05 1.275e-05 1.125e-05 1.2e-05 1.115e-05 1.085e-05 1.37e-05 1.07e-05 9.95e-06 1.115e-05 1.095e-05 1.085e-05 1.085e-05 1.225e-05 1.205e-05 1.115e-05 9.85e-06 1.02e-05 1.16e-05 1.225e-05 1.03e-05 1.375e-05 1.06e-05 9.9e-06 9.95e-06 1.23e-05 9.95e-06 1.345e-05 1.04e-05 8.8e-06 1.135e-05 1.115e-05 9.4e-06 1.005e-05 1.045e-05 1.36e-05 1.275e-05 9.45e-06 1.145e-05 1.275e-05 9.9e-06 1.22e-05 1.01e-05 1.225e-05 1.125e-05 1.07e-05 1.2e-05 1.095e-05 1.08e-05 1.14e-05 8.9e-06 1.2e-05 1.145e-05 9.9e-06 1.05e-05 1.04e-05 1.235e-05 1.135e-05 8.75e-06 1.255e-05 1.215e-05
20 1.125e-05 1.29e-05 1.26e-05 1.205e-05 1.335e-05 1.18e-05 1.26e-05 1.235e-05 1.195e-05 1.18e-05 1.165e-05 1.145e-05 1.11e-05 1.06e-05 1.225e-05 1.14e-05 1.14e-05 1.245e-05 1.2e-05 1.255e-05 1.79e-05 1.225e-05 1.06e-05 1.09e-05 1.33e-05 1.305e-05 1.225e-05 1.185e-05 1.23e-05 1.08e-05 1.19e-05 1.04e-05 1.295e-05 1.125e-05 1.245e-05 1.265e-05 1.175e-05 1.19e-05 1.21e-05 1.27e-05 1.19e-05 1.14e-05 1.245e-05 1.29e-05 1.12e-05 1.125e-05 1.23e-05 1.27e-05 1.27e-05 1.195e-05 1.15e-05 1.23e-05 1.21e-05 1.15e-05 1.225e-05 1.225e-05 1.225e-05 1.215e-05 1.235e-05 1.17e-05 1.125e-05 1.125e-05 1.2e-05 1.205e-05 1.19e-05 1.155e-05 1.125e-05 1.24e-05 1.21e-05 1.28e-05 1.21e-05 1.265e-05 1.365e-05 1.275e-05 1.145e-05 1.19e-05 1.055e-05 1.25e-05 1.06e-05 1.23e-05 1.265e-05 1.24e-05 1.29e-05 1.23e-05 1.24e-05 1.14e-05 1.13e-05 1.165e-05 1.125e-05 1.22e-05 1.085e-05 1.25e-05 1.195e-05 1.05e-05 1.305e-05 1.1e-05 1.17e-05 1.24e-05 1.23e-05 1.205e-05
21 1.57e-05 9.3e-06 1.33e-05 1.175e-05 6.2e-06 1.105e-05 8.4e-06 1.41e-05 5.85e-06 1.065e-05 1.505e-05 8.15e-06 1.01e-05 6.45e-06 1.2e-05 1.525e-05 5.15e-06 1.495e-05 4.8e-06 1.115e-05 1.225e-05 7.3e-06 7.45e-06 9.05e-06 1.365e-05 1.335e-05 1.205e-05 9.25e-06 5.9e-06 7.7e-06 9.3e-06 7.25e-06 9.85e-06 1.45e-05 1.59e-05 1.525e-05 1.365e-05 5e-06 4.45e-06 1.31e-05 9.85e-06 4.3e-06 7.95e-06 7.85e-06 1.125e-05 8.65e-06 6.25e-06 5.45e-06 7.25e-06 5.85e-06 5.25e-06 5.7e-06 7.85e-06 9.3e-06 1.5e-05 5e-06 1.14e-05 1.39e-05 9.25e-06 1.135e-05 9.15e-06 1.07e-05 1.12e-05 1.12e-05 9.45e-06 1.655e-05 1.335e-05 5.3e-06 1.725e-05 1.34e-05 4.7e-06 1.05e-05 1.295e-05 1.095e-05 1.105e-05 8.95e-06 1.62e-05 1.545e-05 6.65e-06 5.05e-06 8.05e-06 1.195e-05 7.55e-06 5.05e-06 5.25e-06 1.35e-05 9.8e-06 5.8e-06 1.22e-05 1.71e-05 9.15e-06 1.5e-05 1.32e-05 1.08e-05 1.04e-05 1.355e-05 5.95e-06 1.1e-05 9.45e-06 7.8e-06
22 1.5e-05 1.05e-05 1.16e-05 1.09e-05 8.05e-06 1.16e-05 8.85e-06 1.32e-05 5.7e-06 1.235e-05 1.4e-05 8.05e-06 1.145e-05 7.9e-06 1.15e-05 1.4e-05 6.6e-06 1.45e-05 6.25e-06 1.27e-05 1.06e-05 7.45e-06 1.03e-05 9.65e-06 1.425e-05 1.41e-05 1.075e-05 8.9e-06 6.95e-06 7.35e-06 8.95e-06 6.85e-06 1.065e-05 1.255e-05 1.51e-05 1.465e-05 1.31e-05 7.45e-06 7.65e-06 1.37e-05 1e-05 7.3e-06 8.55e-06 9.5e-06 1.065e-05 8.1e-06 6.25e-06 8.25e-06 9.45e-06 5.7e-06 6.35e-06 7.1e-06 8.25e-06 8.8e-06 1.385e-05 7.25e-06 1.195e-05 1.3e-05 9.75e-06 1.175e-05 9.1e-06 1.055e-05 1.175e-05 1.175e-05 8.75e-06 1.55e-05 1.12e-05 8.05e-06 1.675e-05 1.35e-05 7.6e-06 1.195e-05 1.355e-05 1.26e-05 1.01e-05 9.4e-06 1.525e-05 1.46e-05 6.8e-06 7.3e-06 9.65e-06 1.195e-05 9.5e-06 7.7e-06 6.85e-06 1.215e-05 1.015e-05 5.85e-06 1.235e-05 1.665e-05 8.8e-06 1.455e-05 1.275e-05 9.5e-06 1.24e-05 1.24e-05 6e-06 1.255e-05 9.65e-06 8.1e-06
23 9.15e-06 1.15e-05 1.205e-05 9.8e-06 9.65e-06 1e-05 1.095e-05 1.175e-05 8.35e-06 1.05e-05 1.135e-05 1.1e-05 9.45e-06 1.16e-05 1.045e-05 1.185e-05 7.6e-06 1.25e-05 8.05e-06 1.105e-05 1.09e-05 9.05e-06 9.65e-06 1.25e-05 1.23e-05 1.215e-05 1.155e-05 9.75e-06 9.2e-06 1.135e-05 9.8e-06 1.055e-05 1.16e-05 1.04e-05 1.21e-05 1.13e-05 9.45e-06 8.4e-06 9.5e-06 1.18e-05 9.6e-06 8.25e-06 9.8e-06 1.045e-05 7.4e-06 1.135e-05 8.9e-06 9.9e-06 1.005e-05 8.35e-06 7.75e-06 9.25e-06 1.005e-05 8.9e-06 1.125e-05 9.35e-06 1.035e-05 1.155e-05 9.9e-06 9e-06 1.25e-05 9.05e-06 1.015e-05 1.015e-05 9.85e-06 1.09e-05 1.15e-05 1.06e-05 1.165e-05 1.18e-05 8.65e-06 1.005e-05 1.195e-05 1.12e-05 1.305e-05 9.75e-06 1.02e-05 1.215e-05 1.01e-05 9.4e-06 1.19e-05 1.07e-05 1.175e-05 9.9e-06 8.65e-06 8.8e-06 7.8e-06 7.5e-06 1.05e-05 1.17e-05 9.4e-06 1.255e-05 1.01e-05 8.45e-06 1.105e-05 1.255e-05 7.25e-06 1.09e-05 1.005e-05 1.02e-05
24 9.6e-06 1.355e-05 1.285e-05 1.06e-05 1.375e-05 1.16e-05 1.2e-05 1e-05 1.34e-05 1.065e-05 1.145e-05 1.58e-05 1.115e-05 1.475e-05 1.165e-05 1.06e-05 1.425e-05 1.16e-05 1.42e-05 1.135e-05 1.33e-05 1.365e-05 1.425e-05 1.23e-05 1.71e-05 8.95e-06 1.16e-05 1.365e-05 1.43e-05 1.505e-05 1.37e-05 1.56e-05 1.375e-05 1.15e-05 1.11e-05 1.145e-05 1.2e-05 1.375e-05 1.385e-05 8.65e-06 1.365e-05 1.325e-05 1.24e-05 1.225e-05 1.12e-05 1.61e-05 1.3e-05 1.37e-05 1.275e-05 1.34e-05 1.38e-05 1.415e-05 1.245e-05 1.3e-05 1.055e-05 1.39e-05 1.18e-05 9.8e-06 1.36e-05 1.15e-05 1.25e-05 1.205e-05 1.175e-05 1.175e-05 1.36e-05 9.7e-06 1.255e-05 1.41e-05 8.85e-06 9.15e-06 1.35e-05 1.16e-05 1.09e-05 1.15e-05 1.505e-05 1.415e-05 9.4e-06 1.11e-05 1.52e-05 1.395e-05 1.51e-05 1.14e-05 1.175e-05 1.335e-05 1.385e-05 1.15e-05 1.265e-05 1.29e-05 9.3e-06 8.95e-06 1.275e-05 1.165e-05 1.045e-05 1.125e-05 1.145e-05 1.25e-05 1.335e-05 1.12e-05 1.36e-05 1.22e-05
25 9.2e-06 1.315e-05 1.25e-05 1.025e-05 1.345e-05 1.12e-05 1.165e-05 9.8e-06 1.33e-05 1.005e-05 1.13e-05 1.56e-05 1.08e-05 1.435e-05 1.15e-05 1.015e-05 1.405e-05 1.12e-05 1.41e-05 1.075e-05 1.305e-05 1.335e-05 1.41e-05 1.215e-05 8.95e-06 1.61e-05 1.145e-05 1.35e-05 1.415e-05 1.465e-05 1.355e-05 1.535e-05 1.34e-05 1.15e-05 1.07e-05 1.115e-05 1.185e-05 1.335e-05 1.35e-05 8.2e-06 1.345e-05 1.29e-05 1.22e-05 1.195e-05 1.105e-05 1.585e-05 1.27e-05 1.335e-05 1.24e-05 1.33e-05 1.365e-05 1.38e-05 1.225e-05 1.285e-05 1.04e-05 1.355e-05 1.16e-05 9.6e-06 1.345e-05 1.11e-05 1.23e-05 1.19e-05 1.135e-05 1.135e-05 1.35e-05 9.4e-06 1.24e-05 1.37e-05 8.25e-06 8.95e-06 1.315e-05 1.13e-05 1.1e-05 1.11e-05 1.465e-05 1.395e-05 9e-06 1.07e-05 1.5e-05 1.36e-05 1.47e-05 1.105e-05 1.125e-05 1.305e-05 1.355e-05 1.135e-05 1.245e-05 1.275e-05 9.15e-06 8.35e-06 1.255e-05 1.125e-05 1.005e-05 1.11e-05 1.095e-05 1.27e-05 1.32e-05 1.06e-05 1.34e-05 1.205e-05
26 1.315e-05 1.135e-05 8.35e-06 1.22e-05 1.215e-05 1.315e-05 8.85e-06 1.045e-05 1.11e-05 1.305e-05 1.005e-05 1.21e-05 1.23e-05 1.215e-05 1.265e-05 1.14e-05 1.18e-05 1.22e-05 1.17e-05 1.355e-05 1.225e-05 1.205e-05 1.075e-05 1.155e-05 1.16e-05 1.145e-05 1.23e-05 9.2e-06 1.17e-05 1.15e-05 9.25e-06 1.205e-05 1.16e-05 9.95e-06 1.225e-05 1.195e-05 1.09e-05 1.195e-05 1.24e-05 1.11e-05 1.08e-05 1.175e-05 9.2e-06 1.075e-05 1.05e-05 1.255e-05 1.065e-05 1.17e-05 1.145e-05 1.11e-05 1.14e-05 1.175e-05 9.25e-06 8.5e-06 1.1e-05 1.22e-05 1.35e-05 1.02e-05 1.065e-05 1.3e-05 9.9e-06 1.24e-05 1.33e-05 1.33e-05 9.2e-06 1.415e-05 7.35e-06 1.175e-05 1.435e-05 1.125e-05 1.2e-05 1.305e-05 1.385e-05 1.36e-05 1.195e-05 1.075e-05 1.345e-05 1.22e-05 1.15e-05 1.225e-05 1.27e-05 1.275e-05 9.7e-06 1.17e-05 1.13e-05 9.85e-06 1.225e-05 1.05e-05 1.035e-05 1.445e-05 9.55e-06 1.225e-05 1.205e-05 1.14e-05 1.29e-05 1.335e-05 1.095e-05 1.34e-05 1.07e-05 9.05e-06
27 1.315e-05 1.03e-05 8.3e-06 1.12e-05 8.85e-06 1.06e-05 9.9e-06 1.305e-05 7.9e-06 1.26e-05 1.07e-05 1.035e-05 1.17e-05 1.145e-05 1.105e-05 1.31e-05 7.6e-06 1.245e-05 7.75e-06 1.22e-05 1.185e-05 9.25e-06 8.9e-06 9.75e-06 1.365e-05 1.35e-05 9.2e-06 1.3e-05 7.25e-06 9.9e-06 6.55e-06 1.005e-05 1.045e-05 9.9e-06 1.285e-05 1.245e-05 1.1e-05 8.95e-06 8.85e-06 1.315e-05 9.75e-06 9.6e-06 9.85e-06 9.5e-06 8.9e-06 1.075e-05 7.9e-06 8.25e-06 8.9e-06 7.9e-06 7.8e-06 7.3e-06 9.95e-06 7.1e-06 1.14e-05 8.65e-06 1.08e-05 1.285e-05 9.15e-06 1.17e-05 1.175e-05 1.04e-05 1.06e-05 1.06e-05 7.35e-06 1.41e-05 9.05e-06 9.9e-06 1.47e-05 1.31e-05 9.5e-06 1.16e-05 1.265e-05 1.255e-05 1.14e-05 9.35e-06 1.325e-05 1.285e-05 9.55e-06 8.7e-06 1.15e-05 1.135e-05 1.125e-05 9.45e-06 7.8e-06 9.9e-06 9.2e-06 7.75e-06 1.185e-05 1.475e-05 9.5e-06 1.25e-05 1.08e-05 9.85e-06 1.21e-05 1.35e-05 8.3e-06 1.205e-05 9.3e-06 9.7e-06
28 1.5e-05 9.55e-06 1.22e-05 1.075e-05 4.65e-06 9.5e-06 7e-06 1.355e-05 4.35e-06 1.2e-05 1.45e-05 8.65e-06 1.11e-05 9.45e-06 9.15e-06 1.53e-05 3.95e-06 1.45e-05 3.8e-06 1.12e-05 1.23e-05 5.9e-06 6.95e-06 9.2e-06 1.43e-05 1.415e-05 1.17e-05 7.25e-06 4.7e-06 6.9e-06 7.3e-06 7.65e-06 9.95e-06 1.315e-05 1.55e-05 1.5e-05 1.37e-05 5.4e-06 5.2e-06 1.375e-05 9.85e-06 6.45e-06 7.55e-06 7.1e-06 9.45e-06 8.9e-06 3.9e-06 4.7e-06 7.1e-06 4.35e-06 4e-06 2.65e-06 7.65e-06 8.25e-06 1.415e-05 4.55e-06 9.7e-06 1.335e-05 9e-06 1.11e-05 1.095e-05 9.25e-06 9.5e-06 9.5e-06 8.05e-06 1.55e-05 1.31e-05 5.95e-06 1.665e-05 1.355e-05 5.85e-06 1.04e-05 1.13e-05 1.15e-05 1.115e-05 8.85e-06 1.51e-05 1.505e-05 7.3e-06 4.6e-06 9.05e-06 9.65e-06 8.95e-06 5.15e-06 3.4e-06 1.255e-05 8e-06 4.65e-06 1.235e-05 1.655e-05 9.05e-06 1.455e-05 1.15e-05 9.3e-06 1.055e-05 1.41e-05 5.3e-06 1.105e-05 8.75e-06 7.25e-06
29 1.655e-05 1.045e-05 1.18e-05 1.325e-05 7.65e-06 1.255e-05 8.15e-06 1.435e-05 8.2e-06 1.225e-05 1.465e-05 7.9e-06 1.17e-05 6.5e-06 1.18e-05 1.475e-05 7.45e-06 1.44e-05 7.45e-06 1.275e-05 1.08e-05 7.7e-06 7.35e-06 1.135e-05 1.505e-05 1.465e-05 1.15e-05 9.9e-06 6.9e-06 1.08e-05 9.95e-06 6.5e-06 9.85e-06 1.425e-05 1.58e-05 1.545e-05 1.475e-05 7.4e-06 7.75e-06 1.44e-05 1.06e-05 7.2e-06 9.25e-06 9.3e-06 1.31e-05 7.9e-06 7.2e-06 7.65e-06 1.035e-05 8.2e-06 7.25e-06 6.65e-06 9.1e-06 9.6e-06 1.485e-05 7.45e-06 1.29e-05 1.415e-05 1.065e-05 1.25e-05 8.45e-06 1.19e-05 1.27e-05 1.27e-05 9.8e-06 1.715e-05 1.2e-05 7.4e-06 1.76e-05 1.465e-05 7.4e-06 1.24e-05 1.305e-05 1.295e-05 8.3e-06 9.2e-06 1.68e-05 1.535e-05 6.5e-06 7.5e-06 8.95e-06 1.18e-05 9.35e-06 6.7e-06 6.5e-06 1.385e-05 1.18e-05 8.1e-06 1.375e-05 1.75e-05 9.45e-06 1.445e-05 1.45e-05 1.255e-05 1.175e-05 1.2e-05 8.25e-06 1.26e-05 1.03e-05 8.95e-06
30 1.32e-05 1.035e-05 8.35e-06 1.125e-05 8.9e-06 1.065e-05 9.95e-06 1.31e-05 7.95e-06 1.265e-05 1.075e-05 1.04e-05 1.175e-05 1.15e-05 1.11e-05 1.315e-05 7.65e-06 1.25e-05 7.8e-06 1.225e-05 1.19e-05 9.3e-06 8.95e-06 9.8e-06 1.37e-05 1.355e-05 9.25e-06 6.55e-06 7.3e-06 9.95e-06 1.31e-05 1.01e-05 1.05e-05 9.95e-06 1.29e-05 1.25e-05 1.105e-05 9e-06 8.9e-06 1.32e-05 9.8e-06 9.65e-06 9.9e-06 9.55e-06 8.95e-06 1.08e-05 7.95e-06 8.3e-06 8.9e-06 7.95e-06 7.85e-06 7.3e-06 1e-05 7.15e-06 1.145e-05 8.7e-06 1.085e-05 1.29e-05 9.2e-06 1.175e-05 1.18e-05 1.045e-05 1.065e-05 1.065e-05 7.4e-06 1.415e-05 9.1e-06 9.95e-06 1.475e-05 1.315e-05 9.55e-06 1.165e-05 1.27e-05 1.26e-05 1.145e-05 9.4e-06 1.33e-05 1.29e-05 9.6e-06 8.75e-06 1.155e-05 1.14e-05 1.13e-05 9.5e-06 7.85e-06 9.95e-06 9.25e-06 7.8e-06 1.19e-05 1.48e-05 9.55e-06 1.255e-05 1.085e-05 9.9e-06 1.215e-05 1.355e-05 8.35e-06 1.21e-05 9.35e-06 9.75e-06
31 1.67e-05 1.05e-05 1.28e-05 1.34e-05 8.55e-06 1.26e-05 9.55e-06 1.465e-05 7.75e-06 1.245e-05 1.525e-05 7.5e-06 1.175e-05 6.1e-06 1.3e-05 1.51e-05 6.7e-06 1.515e-05 7e-06 1.3e-05 1.04e-05 7.25e-06 6.85e-06 1.055e-05 1.56e-05 1.535e-05 1.205e-05 1.005e-05 7.65e-06 6.5e-06 1.01e-05 9.9e-06 1.02e-05 1.45e-05 1.625e-05 1.58e-05 1.455e-05 6.85e-06 7.25e-06 1.5e-05 1.025e-05 6.5e-06 9.05e-06 1.04e-05 1.26e-05 6.35e-06 8.3e-06 8e-06 1.015e-05 7.75e-06 6.9e-06 7.65e-06 7.9e-06 9.95e-06 1.555e-05 7.1e-06 1.295e-05 1.445e-05 1.06e-05 1.235e-05 8.5e-06 1.18e-05 1.275e-05 1.275e-05 9.95e-06 1.73e-05 1.245e-05 7.25e-06 1.825e-05 1.51e-05 7.2e-06 1.24e-05 1.44e-05 1.33e-05 8.9e-06 9.15e-06 1.695e-05 1.58e-05 6.1e-06 7.15e-06 8.6e-06 1.315e-05 9.65e-06 7.5e-06 7.6e-06 1.405e-05 1.135e-05 7.85e-06 1.385e-05 1.815e-05 9.4e-06 1.52e-05 1.45e-05 1.22e-05 1.29e-05 1.205e-05 7.6e-06 1.285e-05 1.035e-05 8.8e-06
32 1.44e-05 1.015e-05 8.95e-06 1.27e-05 9.5e-06 1.225e-05 1.09e-05 1.39e-05 1.07e-05 1.15e-05 1.255e-05 1.155e-05 1.2e-05 1e-05 1.23e-05 1.38e-05 9.4e-06 1.08e-05 1.02e-05 1.22e-05 1.295e-05 9.85e-06 1.065e-05 1.16e-05 1.375e-05 1.34e-05 1.16e-05 1.045e-05 9.95e-06 9.85e-06 1.05e-05 1.02e-05 1.35e-05 1.32e-05 1.29e-05 1.24e-05 1.3e-05 9.1e-06 1e-05 1.315e-05 9.95e-06 8.85e-06 1.12e-05 1.115e-05 1.295e-05 1.15e-05 1.015e-05 9.75e-06 1.17e-05 1.07e-05 9.5e-06 9.85e-06 1.115e-05 9.65e-06 1.255e-05 9.95e-06 1.26e-05 1.37e-05 1.06e-05 1.16e-05 1.12e-05 1.285e-05 1.24e-05 1.24e-05 1.055e-05 1.525e-05 1.19e-05 1.04e-05 1.445e-05 1.37e-05 9.6e-06 1.165e-05 1.2e-05 1.3e-05 9.7e-06 7.85e-06 1.49e-05 1.245e-05 1.015e-05 1e-05 1.17e-05 1.2e-05 1.165e-05 9.45e-06 9.7e-06 1.255e-05 1.25e-05 9.9e-06 1.375e-05 1.43e-05 1.085e-05 1.085e-05 1.335e-05 1.325e-05 1.21e-05 1.28e-05 9.95e-06 1.205e-05 9.85e-06 1.125e-05
33 8.35e-06 1.29e-05 8.7e-06 1.015e-05 1.405e-05 1.11e-05 1.325e-05 1.1e-05 1.24e-05 1.2e-05 7.75e-06 1.46e-05 1.11e-05 1.565e-05 1.055e-05 1.005e-05 1.32e-05 1.01e-05 1.315e-05 1.21e-05 1.125e-05 1.45e-05 1.255e-05 1.04e-05 1.15e-05 1.15e-05 9.95e-06 9.9e-06 1.315e-05 1.425e-05 9.95e-06 1.45e-05 1.32e-05 1.26e-05 9.7e-06 1.02e-05 9.1e-06 1.395e-05 1.47e-05 1.11e-05 1.17e-05 1.42e-05 1.345e-05 1.255e-05 9.15e-06 1.49e-05 1.22e-05 1.37e-05 1.305e-05 1.24e-05 1.285e-05 1.33e-05 1.34e-05 9.35e-06 8.3e-06 1.41e-05 1.135e-05 1.08e-05 1.155e-05 1.11e-05 1.44e-05 1.025e-05 1.125e-05 1.125e-05 9.95e-06 7.8e-06 8.75e-06 1.54e-05 9e-06 1.1e-05 1.445e-05 1.23e-05 1.22e-05 1.245e-05 1.39e-05 1.21e-05 7.95e-06 9.85e-06 1.41e-05 1.415e-05 1.575e-05 1.09e-05 1.485e-05 1.42e-05 1.3e-05 7.8e-06 1.075e-05 1.19e-05 1.02e-05 9.1e-06 1.165e-05 1.015e-05 9.75e-06 9.2e-06 1.29e-05 1.24e-05 1.235e-05 1.195e-05 1.18e-05 1.325e-05
34 7.85e-06 1.2e-05 1.04e-05 1.035e-05 1.49e-05 1.125e-05 1.47e-05 1.12e-05 1.48e-05 1.12e-05 8.75e-06 1.61e-05 1.18e-05 1.645e-05 1.145e-05 9.05e-06 1.54e-05 9.2e-06 1.555e-05 1.14e-05 1.245e-05 1.59e-05 1.51e-05 1.21e-05 1.11e-05 1.07e-05 1.225e-05 1.285e-05 1.55e-05 1.58e-05 1.29e-05 1.625e-05 1.29e-05 9.7e-06 1.36e-05 7.85e-06 8.35e-06 1.53e-05 1.605e-05 1.045e-05 1.135e-05 1.545e-05 1.5e-05 1.345e-05 1.045e-05 1.635e-05 1.435e-05 1.535e-05 1.39e-05 1.48e-05 1.51e-05 1.54e-05 1.505e-05 1.22e-05 8.4e-06 1.56e-05 1.165e-05 1.1e-05 1.135e-05 1.115e-05 1.535e-05 1.195e-05 1.14e-05 1.14e-05 1.295e-05 8.35e-06 1.055e-05 1.62e-05 7e-06 1.105e-05 1.57e-05 1.19e-05 1.11e-05 1.225e-05 1.355e-05 1.325e-05 7.45e-06 7.5e-06 1.59e-05 1.565e-05 1.625e-05 1.11e-05 1.555e-05 1.56e-05 1.515e-05 9.25e-06 1.24e-05 1.415e-05 1.115e-05 7.25e-06 1.27e-05 9.25e-06 9.5e-06 1.1e-05 1.22e-05 1.225e-05 1.46e-05 1.125e-05 1.165e-05 1.495e-05
35 8e-06 1.17e-05 1.03e-05 1.075e-05 1.445e-05 1.165e-05 1.43e-05 1.165e-05 1.42e-05 1.14e-05 9.2e-06 1.565e-05 1.19e-05 1.595e-05 1.19e-05 9.6e-06 1.465e-05 9.75e-06 1.495e-05 1.175e-05 1.265e-05 1.525e-05 1.465e-05 1.13e-05 1.145e-05 1.115e-05 1.195e-05 1.245e-05 1.5e-05 1.545e-05 1.25e-05 1.58e-05 1.24e-05 1.02e-05 7.85e-06 1.34e-05 7.7e-06 1.45e-05 1.54e-05 1.09e-05 1.055e-05 1.465e-05 1.44e-05 1.29e-05 9.65e-06 1.59e-05 1.385e-05 1.505e-05 1.325e-05 1.42e-05 1.44e-05 1.49e-05 1.455e-05 1.17e-05 8.8e-06 1.495e-05 1.185e-05 1.145e-05 1.07e-05 1.135e-05 1.495e-05 1.225e-05 1.18e-05 1.18e-05 1.255e-05 9.65e-06 1.03e-05 1.555e-05 8.4e-06 1.145e-05 1.485e-05 1.08e-05 1.155e-05 1.255e-05 1.33e-05 1.26e-05 8.6e-06 8.35e-06 1.545e-05 1.5e-05 1.575e-05 1.16e-05 1.5e-05 1.505e-05 1.465e-05 8.6e-06 1.155e-05 1.345e-05 1.125e-05 8.65e-06 1.215e-05 9.8e-06 9.9e-06 1.105e-05 1.165e-05 1.27e-05 1.38e-05 1.16e-05 1.13e-05 1.445e-05
36 8.8e-06 1.07e-05 1.05e-05 1.075e-05 1.39e-05 1.18e-05 1.355e-05 1.18e-05 1.235e-05 1.225e-05 8.5e-06 1.395e-05 1.155e-05 1.515e-05 1.205e-05 1.015e-05 1.33e-05 1.045e-05 1.28e-05 1.225e-05 1.175e-05 1.365e-05 1.31e-05 9.45e-06 1.2e-05 1.185e-05 1.09e-05 1.1e-05 1.37e-05 1.475e-05 1.105e-05 1.455e-05 1.3e-05 9.1e-06 8.35e-06 7.7e-06 1.12e-05 1.35e-05 1.415e-05 1.15e-05 9.5e-06 1.375e-05 1.325e-05 1.2e-05 8.35e-06 1.465e-05 1.255e-05 1.39e-05 1.195e-05 1.235e-05 1.3e-05 1.375e-05 1.325e-05 1.055e-05 9.35e-06 1.36e-05 1.215e-05 1.16e-05 8.85e-06 1.19e-05 1.415e-05 1.12e-05 1.195e-05 1.195e-05 1.11e-05 1.015e-05 9.25e-06 1.445e-05 1.04e-05 1.165e-05 1.395e-05 1.165e-05 1.325e-05 1.27e-05 1.37e-05 1.185e-05 9.1e-06 8.85e-06 1.375e-05 1.365e-05 1.48e-05 1.215e-05 1.41e-05 1.42e-05 1.305e-05 7.8e-06 1.05e-05 1.19e-05 1.035e-05 1.065e-05 1.115e-05 1.05e-05 1.005e-05 9.55e-06 1.21e-05 1.325e-05 1.235e-05 1.21e-05 1.025e-05 1.315e-05
37 1.46e-05 8.25e-06 1.285e-05 1.145e-05 6.15e-06 1.06e-05 8.1e-06 1.38e-05 5.6e-06 1.045e-05 1.46e-05 8.45e-06 9.7e-06 7.25e-06 1.13e-05 1.5e-05 4.05e-06 1.435e-05 4.8e-06 1.015e-05 1.19e-05 5e-06 7.45e-06 8.4e-06 1.375e-05 1.335e-05 1.195e-05 8.95e-06 5.4e-06 7.4e-06 9e-06 6.85e-06 9.1e-06 1.395e-05 1.53e-05 1.45e-05 1.35e-05 6.5e-06 5.05e-06 1.315e-05 8.6e-06 4.2e-06 7.05e-06 8.1e-06 1.015e-05 8.25e-06 5.9e-06 4.75e-06 7.7e-06 5.6e-06 4.25e-06 5.2e-06 7.45e-06 8.4e-06 1.455e-05 4.05e-06 1.095e-05 1.36e-05 9.2e-06 1.025e-05 9.55e-06 9.95e-06 1.075e-05 1.075e-05 9.05e-06 1.585e-05 1.325e-05 4.85e-06 1.665e-05 1.34e-05 4.55e-06 9.35e-06 1.24e-05 1.11e-05 1.08e-05 7.85e-06 1.55e-05 1.485e-05 6.95e-06 4.1e-06 7.4e-06 1.13e-05 8.1e-06 5.45e-06 5.15e-06 1.255e-05 8.85e-06 5.05e-06 1.215e-05 1.65e-05 8.45e-06 1.44e-05 1.26e-05 1.04e-05 1.07e-05 1.335e-05 5.15e-06 1e-05 8.55e-06 7.6e-06
38 1.58e-05 9.4e-06 1.365e-05 1.205e-05 6.8e-06 1.06e-05 8.45e-06 1.415e-05 6e-06 1.08e-05 1.54e-05 8.75e-06 1.02e-05 6.6e-06 1.195e-05 1.54e-05 4.65e-06 1.51e-05 5.25e-06 1.125e-05 1.21e-05 4.45e-06 7.65e-06 9.5e-06 1.385e-05 1.35e-05 1.24e-05 8.85e-06 5.2e-06 7.75e-06 8.9e-06 7.25e-06 1e-05 1.47e-05 1.605e-05 1.54e-05 1.415e-05 5.05e-06 7.6e-06 1.325e-05 9.95e-06 4.4e-06 8.05e-06 7.9e-06 1.06e-05 8.65e-06 6.45e-06 5.5e-06 6.65e-06 6e-06 5.2e-06 5e-06 7.85e-06 9.6e-06 1.535e-05 4.95e-06 1.08e-05 1.395e-05 9.85e-06 1.145e-05 9.3e-06 1.065e-05 1.06e-05 1.06e-05 9.65e-06 1.655e-05 1.37e-05 5.4e-06 1.74e-05 1.345e-05 4.8e-06 1.06e-05 1.315e-05 1.105e-05 1.12e-05 9.05e-06 1.605e-05 1.56e-05 7.25e-06 5e-06 8.15e-06 1.2e-05 7.7e-06 5.1e-06 5.75e-06 1.38e-05 9.15e-06 6.05e-06 1.205e-05 1.725e-05 9.25e-06 1.515e-05 1.26e-05 1.08e-05 1.055e-05 1.375e-05 6.2e-06 1.11e-05 9.5e-06 7.8e-06
39 8.95e-06 1.295e-05 1.225e-05 9.95e-06 1.32e-05 1.095e-05 1.14e-05 9.4e-06 1.285e-05 9.9e-06 1.095e-05 1.525e-05 1.055e-05 1.41e-05 1.105e-05 9.9e-06 1.37e-05 1.095e-05 1.37e-05 1.065e-05 1.27e-05 1.31e-05 1.37e-05 1.18e-05 8.65e-06 8.2e-06 1.11e-05 1.315e-05 1.375e-05 1.44e-05 1.32e-05 1.5e-05 1.315e-05 1.11e-05 1.045e-05 1.09e-05 1.15e-05 1.315e-05 1.325e-05 1.58e-05 1.31e-05 1.265e-05 1.185e-05 1.165e-05 1.07e-05 1.55e-05 1.24e-05 1.315e-05 1.215e-05 1.285e-05 1.325e-05 1.355e-05 1.19e-05 1.25e-05 1.015e-05 1.33e-05 1.135e-05 9.2e-06 1.31e-05 1.085e-05 1.19e-05 1.15e-05 1.11e-05 1.11e-05 1.31e-05 9.1e-06 1.205e-05 1.35e-05 8.1e-06 8.5e-06 1.29e-05 1.105e-05 1.085e-05 1.085e-05 1.44e-05 1.36e-05 8.75e-06 1.045e-05 1.465e-05 1.335e-05 1.45e-05 1.075e-05 1.115e-05 1.275e-05 1.33e-05 1.1e-05 1.21e-05 1.235e-05 8.75e-06 8.2e-06 1.22e-05 1.1e-05 9.8e-06 1.07e-05 1.08e-05 1.245e-05 1.28e-05 1.05e-05 1.305e-05 1.165e-05
40 1.295e-05 9.05e-06 1.065e-05 1.22e-05 1.065e-05 1.225e-05 1.085e-05 1.335e-05 9.6e-06 1.2e-05 1.145e-05 1.115e-05 1.11e-05 1.065e-05 1.235e-05 1.31e-05 8.35e-06 1.23e-05 9.6e-06 1.275e-05 1.19e-05 9.85e-06 1e-05 9.6e-06 1.365e-05 1.345e-05 1.08e-05 9.75e-06 9.85e-06 1.06e-05 9.8e-06 1.025e-05 9.95e-06 1.17e-05 1.135e-05 1.055e-05 9.5e-06 8.6e-06 9.95e-06 1.31e-05 1.39e-05 8.5e-06 1.02e-05 1.05e-05 9.9e-06 1.105e-05 9.7e-06 1.025e-05 1.055e-05 9.6e-06 8.65e-06 9.9e-06 1.04e-05 8.7e-06 1.2e-05 9.9e-06 1.26e-05 1.315e-05 8.2e-06 1.13e-05 1.125e-05 1.145e-05 1.24e-05 1.24e-05 9.85e-06 1.445e-05 1.05e-05 1.075e-05 1.505e-05 1.32e-05 9.2e-06 1.2e-05 1.37e-05 1.3e-05 1.09e-05 8.45e-06 1.375e-05 1.135e-05 1.025e-05 9.95e-06 1.155e-05 1.25e-05 1.15e-05 9.9e-06 9.75e-06 9.95e-06 1.045e-05 8.55e-06 1.195e-05 1.51e-05 9.3e-06 1.235e-05 1.235e-05 1.1e-05 1.265e-05 1.345e-05 8.55e-06 1.26e-05 7.95e-06 1.055e-05
41 1.475e-05 9.4e-06 1.3e-05 1.205e-05 7.15e-06 1.125e-05 8.3e-06 1.36e-05 6.65e-06 9.65e-06 1.475e-05 8.4e-06 8.9e-06 5.35e-06 1.185e-05 1.48e-05 4.45e-06 1.45e-05 5.85e-06 1.125e-05 1.14e-05 4.3e-06 7.3e-06 8.25e-06 1.325e-05 1.29e-05 1.175e-05 9.6e-06 6.45e-06 7.2e-06 9.65e-06 6.5e-06 8.85e-06 1.42e-05 1.545e-05 1.465e-05 1.375e-05 4.2e-06 4.4e-06 1.265e-05 8.5e-06 5.2e-06 7.55e-06 8.15e-06 1.075e-05 8e-06 6.9e-06 6.25e-06 7.85e-06 6.65e-06 4.95e-06 6.25e-06 7.5e-06 8.65e-06 1.47e-05 5.6e-06 1.16e-05 1.34e-05 9.8e-06 1e-05 8.3e-06 1.055e-05 1.14e-05 1.14e-05 9.65e-06 1.61e-05 1.305e-05 5.9e-06 1.68e-05 1.29e-05 3.85e-06 1.045e-05 1.295e-05 1.085e-05 1.02e-05 7.6e-06 1.575e-05 1.5e-05 6.8e-06 5.65e-06 7.85e-06 1.185e-05 7.6e-06 4.7e-06 6.15e-06 1.27e-05 9.5e-06 5.75e-06 1.175e-05 1.665e-05 8.35e-06 1.455e-05 1.32e-05 1.11e-05 1.05e-05 1.275e-05 5.35e-06 1.11e-05 8.9e-06 7.85e-06
