 slim_337692901 slim_337692944 slim_337692729 slim_337692870 slim_337692882 slim_337692954 slim_337692821 slim_337692985 slim_337692856 slim_337692965 slim_337692915 slim_337692929 slim_337692979 slim_337692984 slim_337692959 slim_337692900 slim_337692930 slim_337692956 slim_337692788 slim_337692920 slim_337692797 slim_337692975 slim_337692895 slim_337692919 slim_337692980 slim_337692879 slim_337692966 slim_337692883 slim_337692706 slim_337692943 slim_337692937 slim_337692964 slim_337692978 slim_337692916 slim_337692950 slim_337692988 slim_337692962 slim_337692913 slim_337692936 slim_337692894 slim_337692867 slim_337692786 slim_337692941 slim_337692906 slim_337692896 slim_337692976 slim_337692757 slim_337692912 slim_337692876 slim_337692885 slim_337692967 slim_337692884 slim_337692858 slim_337692837 slim_337692878 slim_337692942 slim_337692641 slim_337692705 slim_337692969 slim_337692977 slim_337692970 slim_337692826 slim_337692903 slim_337692862 slim_337692986 slim_337692861 slim_337692951 slim_337692945 slim_337692893 slim_337692953 slim_337692801 slim_337692853 slim_337692898 slim_337692918 slim_337692939 slim_337692510 slim_337692679 slim_337692833 slim_337692971 slim_337692838 slim_337692982 slim_337692923 slim_337692818 slim_337692957 slim_337692904 slim_337692860 slim_337692928 slim_337692921 slim_337692810 slim_337692968 slim_337692946 slim_337692932 slim_337692987 slim_337692659 slim_337692909 slim_337692850 slim_337692597 slim_337692902 slim_337692460 slim_337692846
0 1.52e-05 1.055e-05 1.47e-05 1.88e-05 1.3e-05 1.39e-05 1.485e-05 1.355e-05 1.595e-05 9.9e-06 1.545e-05 1.325e-05 9.85e-06 1.11e-05 1.325e-05 1.46e-05 1.395e-05 1.645e-05 1.86e-05 1.575e-05 1.58e-05 1.395e-05 1.735e-05 9.85e-06 1.475e-05 1.625e-05 1.44e-05 1.065e-05 1.125e-05 1.785e-05 1.08e-05 1.18e-05 1.715e-05 1.295e-05 1.285e-05 1.145e-05 1.11e-05 1.285e-05 1.25e-05 9.35e-06 1.295e-05 1.675e-05 1.04e-05 1.385e-05 1.56e-05 9.8e-06 1.05e-05 1.2e-05 1.42e-05 1.305e-05 1.365e-05 1.445e-05 1.355e-05 9.2e-06 1.125e-05 1.76e-05 1.19e-05 1.64e-05 1.32e-05 1.555e-05 1.685e-05 1.435e-05 1.76e-05 1.32e-05 1.305e-05 1.115e-05 1.12e-05 1.655e-05 1.39e-05 1.3e-05 1.845e-05 1.175e-05 1.46e-05 1.18e-05 1.605e-05 1.125e-05 1.17e-05 1.52e-05 1.91e-05 1.89e-05 1.355e-05 1.495e-05 9.7e-06 1.69e-05 1.39e-05 1.61e-05 1.315e-05 1.78e-05 1.865e-05 1.41e-05 1.04e-05 1.74e-05 1.03e-05 1.29e-05 1.435e-05 1.43e-05 1.605e-05 1.655e-05 1.475e-05 1.75e-05
1 1.055e-05 9e-07 8.15e-06 1.58e-05 1.03e-05 1.095e-05 1.205e-05 7.65e-06 1.365e-05 3.55e-06 1.05e-05 1.105e-05 6.1e-06 4.65e-06 6.45e-06 8.05e-06 1.16e-05 1.46e-05 1.545e-05 1.365e-05 1.305e-05 1.12e-05 1.435e-05 3.7e-06 1.265e-05 1.275e-05 1.355e-05 6.1e-06 2.7e-06 1.62e-05 8.7e-06 5.6e-06 1.455e-05 9.65e-06 6.7e-06 8.35e-06 4.75e-06 7.7e-06 5.7e-06 6.4e-06 1.005e-05 1.575e-05 5.5e-07 9.5e-06 1e-05 1.245e-05 5e-07 6.3e-06 1.125e-05 1.08e-05 7.75e-06 1.36e-05 7.9e-06 8.2e-06 9.25e-06 1.51e-05 6.2e-06 1.405e-05 1.015e-05 9.55e-06 1.41e-05 1.1e-05 1.51e-05 7.2e-06 1.555e-05 8.7e-06 4.8e-06 1.47e-05 1.16e-05 1.12e-05 1.53e-05 5.65e-06 8.05e-06 6.1e-06 1.41e-05 2.2e-06 4.25e-06 1.235e-05 1.61e-05 1.59e-05 7.65e-06 1.33e-05 3.45e-06 1.655e-05 8e-06 1.4e-05 1.01e-05 1.53e-05 1.565e-05 9.3e-06 1.005e-05 1.5e-05 7.25e-06 8.05e-06 8.2e-06 1.095e-05 1.345e-05 1.47e-05 1.245e-05 1.465e-05
2 1.47e-05 8.15e-06 1.57e-05 8.6e-06 1.075e-05 1.01e-05 1.205e-05 9.15e-06 9.65e-06 1.015e-05 8.65e-06 1.115e-05 1.155e-05 9.8e-06 9.5e-06 8.05e-06 1.035e-05 1.02e-05 8.05e-06 1.125e-05 9.85e-06 1.035e-05 9.95e-06 1.025e-05 1.095e-05 9.55e-06 1.195e-05 1.005e-05 8.3e-06 1e-05 1.165e-05 1e-05 1.08e-05 1.16e-05 1.02e-05 1.16e-05 9.45e-06 1.105e-05 9.25e-06 1.19e-05 1.115e-05 1.105e-05 8.05e-06 1.07e-05 8.25e-06 1.475e-05 8.05e-06 9.7e-06 1.32e-05 1.195e-05 9.25e-06 1.2e-05 1.005e-05 1.325e-05 1.08e-05 9.2e-06 9.6e-06 1.115e-05 1.13e-05 9.5e-06 1.02e-05 9.95e-06 9.25e-06 1.215e-05 1.32e-05 1.2e-05 9.45e-06 1.03e-05 1.075e-05 1.17e-05 7.95e-06 9.9e-06 8.05e-06 9.5e-06 1.315e-05 9.45e-06 9.15e-06 1.06e-05 8.65e-06 8.45e-06 9.15e-06 1.08e-05 1.005e-05 1.18e-05 9.85e-06 1.195e-05 1.125e-05 9.75e-06 8.4e-06 8.65e-06 1.315e-05 9.15e-06 1.135e-05 9.45e-06 8.75e-06 9.9e-06 1.04e-05 1.03e-05 1.085e-05 1.04e-05
3 1.88e-05 1.58e-05 8.6e-06 1.9e-06 1.14e-05 9.55e-06 1.21e-05 1.09e-05 5.9e-06 1.69e-05 7.05e-06 1.135e-05 1.73e-05 1.51e-05 1.275e-05 8.5e-06 9.2e-06 5.9e-06 1.15e-06 8.9e-06 6.95e-06 9.8e-06 5.8e-06 1.705e-05 9.35e-06 6.55e-06 1.065e-05 1.41e-05 1.405e-05 4.1e-06 1.47e-05 1.43e-05 6.9e-06 1.37e-05 1.39e-05 1.495e-05 1.425e-05 1.46e-05 1.29e-05 1.76e-05 1.235e-05 6.45e-06 1.565e-05 1.22e-05 6.85e-06 1.7e-05 1.575e-05 1.335e-05 1.51e-05 1.305e-05 1.1e-05 1.07e-05 1.235e-05 1.84e-05 1.245e-05 3.6e-06 1.325e-05 8.3e-06 1.255e-05 9.9e-06 6.55e-06 9.3e-06 3.45e-06 1.735e-05 1.1e-05 1.54e-05 1.435e-05 6e-06 1e-05 1.23e-05 1e-06 1.425e-05 8.5e-06 1.315e-05 1.23e-05 1.695e-05 1.42e-05 8.95e-06 1.5e-06 1.3e-06 1.09e-05 8.35e-06 1.68e-05 7.35e-06 1.195e-05 9.95e-06 1.25e-05 4.5e-06 1e-06 8.3e-06 1.615e-05 3.4e-06 1.565e-05 1.09e-05 9.6e-06 9.25e-06 7.25e-06 6e-06 9.35e-06 5.75e-06
4 1.3e-05 1.03e-05 1.075e-05 1.14e-05 1.55e-05 1.02e-05 1.245e-05 9.2e-06 1e-05 9.55e-06 1.125e-05 1e-05 8.45e-06 9.55e-06 1.09e-05 1.065e-05 7.9e-06 8.2e-06 1.095e-05 1.055e-05 1.165e-05 1.055e-05 1.165e-05 1.015e-05 1.02e-05 1.07e-05 1.22e-05 9.25e-06 1.01e-05 1.14e-05 9.3e-06 1.135e-05 1.24e-05 1.01e-05 1.165e-05 9.55e-06 9.25e-06 1.11e-05 1.01e-05 8.9e-06 9.85e-06 1e-05 1.015e-05 1.325e-05 1.055e-05 1.24e-05 1.025e-05 9.75e-06 1.09e-05 1.08e-05 9.4e-06 1.225e-05 1.1e-05 1.33e-05 1.045e-05 9.65e-06 9.65e-06 1.035e-05 1.015e-05 1.21e-05 1.195e-05 9.6e-06 9.7e-06 1.195e-05 1.355e-05 1.06e-05 9.35e-06 8.2e-06 8.35e-06 1.02e-05 1.085e-05 1.13e-05 1.065e-05 9.55e-06 1.07e-05 1.15e-05 9.4e-06 9.3e-06 1.16e-05 1.14e-05 9.3e-06 8.7e-06 9.45e-06 1.23e-05 1.12e-05 1.245e-05 1.01e-05 1.14e-05 1.12e-05 1.095e-05 1.225e-05 9.6e-06 9.45e-06 9.35e-06 1.055e-05 9.55e-06 1.205e-05 8.3e-06 9.7e-06 1.2e-05
5 1.39e-05 1.095e-05 1.01e-05 9.55e-06 1.02e-05 1.76e-05 1.21e-05 1.095e-05 9.2e-06 1.045e-05 1.05e-05 1.085e-05 9.35e-06 1.06e-05 1.155e-05 9.95e-06 1.05e-05 1.085e-05 8.9e-06 1.145e-05 1.04e-05 9.6e-06 1.08e-05 1.055e-05 1.14e-05 1.025e-05 1.23e-05 1.075e-05 1.095e-05 1.025e-05 1.145e-05 1.145e-05 1.115e-05 1.12e-05 1.155e-05 1.07e-05 1.065e-05 1.135e-05 1.125e-05 9.85e-06 1.095e-05 1.12e-05 1.08e-05 1.26e-05 9.9e-06 1.415e-05 1.09e-05 1.035e-05 1.255e-05 1.195e-05 1.105e-05 1.235e-05 1.145e-05 1.43e-05 1.08e-05 9.95e-06 1.025e-05 1.19e-05 1.13e-05 1.11e-05 1.05e-05 9.5e-06 1e-05 1.275e-05 1.32e-05 1.095e-05 1.075e-05 1.095e-05 1.04e-05 1.055e-05 8.8e-06 1.14e-05 9.95e-06 1.015e-05 1.26e-05 1.185e-05 1.055e-05 1.12e-05 9.6e-06 9.4e-06 1.095e-05 1.025e-05 1.035e-05 1.265e-05 1.175e-05 1.225e-05 1.125e-05 1.06e-05 9.35e-06 9.9e-06 1.425e-05 9.9e-06 1.065e-05 1.06e-05 1.005e-05 9.45e-06 1.1e-05 1.095e-05 1.105e-05 1.135e-05
6 1.485e-05 1.205e-05 1.205e-05 1.21e-05 1.245e-05 1.21e-05 9.2e-06 1.235e-05 1.385e-05 1.235e-05 1.155e-05 9.9e-06 1.25e-05 1.31e-05 8.75e-06 1.195e-05 1.05e-05 1.255e-05 1.18e-05 8.55e-06 9.3e-06 1.18e-05 8.5e-06 1.185e-05 9.7e-06 9e-06 1.23e-05 1.105e-05 1.055e-05 1.18e-05 1.225e-05 9.45e-06 8.6e-06 8.85e-06 8.35e-06 9.4e-06 1.035e-05 1.52e-05 9.55e-06 1.2e-05 6.85e-06 1.215e-05 1.19e-05 1.4e-05 1.265e-05 1.28e-05 1.2e-05 1.405e-05 1.355e-05 7.3e-06 1.245e-05 1.235e-05 9e-06 1.435e-05 9.35e-06 1.225e-05 1.395e-05 9e-06 6.7e-06 1.32e-05 8.2e-06 1.235e-05 1.225e-05 1.535e-05 1.415e-05 9.75e-06 1.045e-05 1.265e-05 1.32e-05 1.06e-05 1.165e-05 9.4e-06 1.195e-05 1.385e-05 1.55e-05 1.305e-05 1.285e-05 9.4e-06 1.24e-05 1.22e-05 1.235e-05 1.43e-05 1.225e-05 1.435e-05 9.95e-06 6.15e-06 6.65e-06 9.7e-06 1.195e-05 1.25e-05 1.29e-05 1.21e-05 1.055e-05 1.215e-05 1.185e-05 1.23e-05 9.65e-06 1.265e-05 8.6e-06 8.75e-06
7 1.355e-05 7.65e-06 9.15e-06 1.09e-05 9.2e-06 1.095e-05 1.235e-05 1.47e-05 1.045e-05 9.5e-06 9.9e-06 1.05e-05 1.095e-05 8.95e-06 9.05e-06 9.05e-06 7.95e-06 7.8e-06 1.055e-05 1.04e-05 1.11e-05 1.12e-05 1.115e-05 9.6e-06 9.65e-06 1.015e-05 1.215e-05 8.8e-06 7.6e-06 1.12e-05 1.005e-05 9.75e-06 1.225e-05 1.13e-05 1.03e-05 1.06e-05 8.1e-06 1.04e-05 8.3e-06 1.125e-05 1e-05 9.8e-06 7.55e-06 1.175e-05 9.25e-06 1.29e-05 7.55e-06 9e-06 1.165e-05 1.08e-05 7.8e-06 1.22e-05 9.75e-06 1.225e-05 1.035e-05 9.25e-06 8.9e-06 9.85e-06 1.015e-05 1.055e-05 1.18e-05 1.095e-05 9.1e-06 1.145e-05 1.37e-05 1.16e-05 8.1e-06 7.6e-06 8.95e-06 1.14e-05 1.04e-05 9.65e-06 9.05e-06 8.8e-06 1.14e-05 9e-06 8.6e-06 8.65e-06 1.12e-05 1.1e-05 7.7e-06 9.15e-06 9.4e-06 1.19e-05 9.5e-06 1.22e-05 1.01e-05 1.09e-05 1.075e-05 9.75e-06 1.135e-05 9.15e-06 9.85e-06 8.1e-06 9.55e-06 1.09e-05 1.15e-05 7.9e-06 9.6e-06 1.145e-05
8 1.595e-05 1.365e-05 9.65e-06 5.9e-06 1e-05 9.2e-06 1.385e-05 1.045e-05 1.02e-05 1.345e-05 1.005e-05 1.06e-05 1.32e-05 1.195e-05 1.32e-05 9.45e-06 1.045e-05 7.15e-06 5.2e-06 9.9e-06 9.75e-06 9.65e-06 9.25e-06 1.38e-05 1.075e-05 9.85e-06 1.35e-05 1.33e-05 1.365e-05 7.05e-06 1.31e-05 1.4e-05 9.65e-06 1.315e-05 1.32e-05 1.37e-05 1.38e-05 1.045e-05 1.29e-05 1.34e-05 1.435e-05 8e-06 1.35e-05 1.335e-05 7.8e-06 1.725e-05 1.36e-05 9.6e-06 1.38e-05 1.52e-05 1.055e-05 1.355e-05 1.265e-05 1.695e-05 1.13e-05 6.25e-06 9.5e-06 1.035e-05 1.455e-05 1.06e-05 8.95e-06 9.3e-06 6.3e-06 1.41e-05 1.265e-05 1.38e-05 1.39e-05 7.25e-06 8.55e-06 1.055e-05 5.1e-06 1.395e-05 9.45e-06 9.4e-06 1.075e-05 1.455e-05 1.195e-05 1.08e-05 5.95e-06 5.75e-06 1.045e-05 6.15e-06 1.325e-05 1.02e-05 1.225e-05 1.17e-05 1.45e-05 7.9e-06 5.7e-06 8.9e-06 1.69e-05 6.2e-06 1.41e-05 1.01e-05 9.55e-06 9.25e-06 1.04e-05 7.25e-06 1.13e-05 9.85e-06
9 9.9e-06 3.55e-06 1.015e-05 1.69e-05 9.55e-06 1.045e-05 1.235e-05 9.5e-06 1.345e-05 6.7e-06 1.24e-05 1.09e-05 4.25e-06 5.5e-06 8.55e-06 1.005e-05 1.205e-05 1.54e-05 1.655e-05 1.4e-05 1.38e-05 1.09e-05 1.54e-05 4.3e-06 1.325e-05 1.375e-05 1.415e-05 6.65e-06 5.5e-06 1.665e-05 8.3e-06 7.45e-06 1.505e-05 9.05e-06 8.1e-06 7.35e-06 6.3e-06 8.1e-06 7.75e-06 4.4e-06 1.03e-05 1.605e-05 3.55e-06 1.155e-05 1.18e-05 1.215e-05 3.45e-06 7e-06 1.09e-05 1.12e-05 9.6e-06 1.42e-05 9.5e-06 9.3e-06 9.4e-06 1.605e-05 6.9e-06 1.495e-05 1.055e-05 1.125e-05 1.46e-05 1.04e-05 1.605e-05 7.85e-06 1.575e-05 7.25e-06 6.3e-06 1.55e-05 1.14e-05 1.02e-05 1.64e-05 7.35e-06 1.005e-05 6.8e-06 1.37e-05 4.7e-06 5.4e-06 1.32e-05 1.72e-05 1.7e-05 9.5e-06 1.295e-05 3.45e-06 1.75e-05 9.95e-06 1.445e-05 1.05e-05 1.635e-05 1.675e-05 1.075e-05 1.14e-05 1.595e-05 6.95e-06 9.45e-06 9.6e-06 1.035e-05 1.42e-05 1.55e-05 1.295e-05 1.57e-05
10 1.545e-05 1.05e-05 8.65e-06 7.05e-06 1.125e-05 1.05e-05 1.155e-05 9.9e-06 1.005e-05 1.24e-05 1.28e-05 1.185e-05 1.35e-05 1.215e-05 1.015e-05 8.55e-06 9.5e-06 9.35e-06 6.7e-06 1.08e-05 8.65e-06 1.075e-05 8.75e-06 1.25e-05 1e-05 8.5e-06 1.075e-05 1.07e-05 9.25e-06 8.8e-06 1.24e-05 1.065e-05 9.35e-06 1.2e-05 1.135e-05 1.225e-05 1.02e-05 1.325e-05 9.95e-06 1.39e-05 1.025e-05 1.01e-05 1.04e-05 1.11e-05 8.7e-06 1.4e-05 1.04e-05 1.19e-05 1.375e-05 1.09e-05 9.95e-06 1.08e-05 1.07e-05 1.41e-05 1.14e-05 8.1e-06 1.18e-05 1.02e-05 1.04e-05 9.95e-06 9.5e-06 1.02e-05 8.2e-06 1.435e-05 1.22e-05 1.255e-05 1.015e-05 9.45e-06 1.15e-05 1.29e-05 6.65e-06 1.055e-05 8.5e-06 1.175e-05 1.38e-05 1.175e-05 1.145e-05 9.75e-06 7.05e-06 6.85e-06 9.9e-06 1.145e-05 1.23e-05 1.06e-05 1.055e-05 1.145e-05 1.035e-05 8.6e-06 6.8e-06 9.05e-06 1.25e-05 8e-06 1.2e-05 1.01e-05 9.65e-06 1.015e-05 8.5e-06 9.45e-06 9.95e-06 8.95e-06
11 1.325e-05 1.105e-05 1.115e-05 1.135e-05 1e-05 1.085e-05 9.9e-06 1.05e-05 1.06e-05 1.09e-05 1.185e-05 1.22e-05 1.04e-05 8.6e-06 1e-05 1.105e-05 9.8e-06 9.95e-06 1.1e-05 9.9e-06 1.105e-05 1.115e-05 9.7e-06 1.11e-05 1.05e-05 1.06e-05 1.425e-05 1.04e-05 1.1e-05 1.085e-05 9.5e-06 1.11e-05 1.09e-05 9.35e-06 1.05e-05 1.045e-05 1.05e-05 1.205e-05 9.75e-06 1.065e-05 9.65e-06 1.03e-05 1.09e-05 1.48e-05 9.6e-06 1.355e-05 1.1e-05 1.07e-05 1.16e-05 1.065e-05 1.065e-05 1.43e-05 9e-06 1.395e-05 7.85e-06 1.055e-05 1.06e-05 9.25e-06 1e-05 1.25e-05 1.045e-05 1.085e-05 1.055e-05 1.11e-05 1.385e-05 1.095e-05 1.06e-05 1e-05 7.95e-06 7.05e-06 1.085e-05 1.105e-05 1.105e-05 1.05e-05 1.04e-05 1.225e-05 9.4e-06 1.01e-05 1.165e-05 1.145e-05 1.055e-05 1.015e-05 1.08e-05 1.435e-05 9.55e-06 8.9e-06 9.95e-06 9.4e-06 1.12e-05 1.09e-05 1.325e-05 1.045e-05 1.08e-05 1.06e-05 1.085e-05 1.08e-05 1.145e-05 1.005e-05 9.3e-06 1e-05
12 9.85e-06 6.1e-06 1.155e-05 1.73e-05 8.45e-06 9.35e-06 1.25e-05 1.095e-05 1.32e-05 4.25e-06 1.35e-05 1.04e-05 2.5e-06 6.1e-06 1.025e-05 1.145e-05 1.185e-05 1.57e-05 1.675e-05 1.43e-05 1.455e-05 1.01e-05 1.575e-05 4.7e-06 1.405e-05 1.405e-05 1.39e-05 7.65e-06 7.85e-06 1.705e-05 8.15e-06 9.25e-06 1.53e-05 7.9e-06 9.55e-06 6.75e-06 7.15e-06 9.25e-06 9.5e-06 2.3e-06 9.75e-06 1.65e-05 5.95e-06 1.285e-05 1.295e-05 1.165e-05 6.05e-06 7.95e-06 9.95e-06 1.085e-05 1.105e-05 1.395e-05 1.055e-05 1.045e-05 9.8e-06 1.63e-05 7.85e-06 1.535e-05 1.02e-05 1.285e-05 1.485e-05 9.1e-06 1.64e-05 8.35e-06 1.57e-05 7.4e-06 7.25e-06 1.58e-05 1.075e-05 9.2e-06 1.67e-05 9.2e-06 1.145e-05 7.75e-06 1.305e-05 7.25e-06 6.45e-06 1.345e-05 1.74e-05 1.72e-05 1.095e-05 1.275e-05 4.15e-06 1.775e-05 1.15e-05 1.485e-05 1.015e-05 1.67e-05 1.705e-05 1.215e-05 1.215e-05 1.63e-05 6.35e-06 1.09e-05 1.05e-05 9.2e-06 1.495e-05 1.58e-05 1.28e-05 1.615e-05
13 1.11e-05 4.65e-06 9.8e-06 1.51e-05 9.55e-06 1.06e-05 1.31e-05 8.95e-06 1.195e-05 5.5e-06 1.215e-05 8.6e-06 6.1e-06 8.9e-06 8.85e-06 9.7e-06 1.155e-05 1.33e-05 1.475e-05 1.3e-05 1.39e-05 1.095e-05 1.43e-05 5.8e-06 1.315e-05 1.345e-05 1.505e-05 8.1e-06 6.6e-06 1.51e-05 8.5e-06 9e-06 1.42e-05 9.95e-06 8.7e-06 9.35e-06 7.45e-06 8.35e-06 8e-06 6.45e-06 1.16e-05 1.435e-05 4.65e-06 1.24e-05 9.9e-06 1.345e-05 4.55e-06 6.95e-06 1.08e-05 1.25e-05 9.1e-06 1.51e-05 9.2e-06 1.055e-05 9.2e-06 1.41e-05 6.85e-06 1.365e-05 1.185e-05 1.12e-05 1.375e-05 1.06e-05 1.41e-05 7.1e-06 1.555e-05 9.85e-06 7.45e-06 1.335e-05 8.8e-06 7.9e-06 1.46e-05 8.9e-06 9.7e-06 6.75e-06 1.13e-05 6.1e-06 5.4e-06 1.275e-05 1.54e-05 1.52e-05 9e-06 1.13e-05 5.4e-06 1.675e-05 9.5e-06 1.35e-05 1.18e-05 1.445e-05 1.495e-05 1.035e-05 1.23e-05 1.4e-05 8.4e-06 9.35e-06 9.25e-06 1.055e-05 1.43e-05 1.34e-05 1.255e-05 1.46e-05
14 1.325e-05 6.45e-06 9.5e-06 1.275e-05 1.09e-05 1.155e-05 8.75e-06 9.05e-06 1.32e-05 8.55e-06 1.015e-05 1e-05 1.025e-05 8.85e-06 1.23e-05 9.4e-06 9.75e-06 1.17e-05 1.245e-05 1.02e-05 1.06e-05 1.18e-05 1.04e-05 8.65e-06 1.025e-05 1e-05 1.23e-05 8.4e-06 6.45e-06 1.29e-05 1.01e-05 7.7e-06 1.105e-05 9.25e-06 7.6e-06 9.15e-06 7.25e-06 1.16e-05 6.65e-06 1.055e-05 8.3e-06 1.25e-05 6.35e-06 1.155e-05 1.025e-05 1.235e-05 6.35e-06 1.005e-05 1.195e-05 9e-06 9.05e-06 1.235e-05 8.3e-06 1.135e-05 9.35e-06 1.215e-05 1e-05 1.015e-05 8.4e-06 1.09e-05 1.065e-05 1.155e-05 1.215e-05 1.12e-05 1.435e-05 9.8e-06 7.1e-06 1.18e-05 1.14e-05 1.125e-05 1.23e-05 7.6e-06 9.3e-06 1e-05 1.39e-05 7.8e-06 8.2e-06 9.65e-06 1.305e-05 1.285e-05 9.05e-06 1.29e-05 8.45e-06 1.425e-05 8.6e-06 9.8e-06 8.35e-06 1.155e-05 1.26e-05 1.055e-05 1.055e-05 1.2e-05 9.2e-06 9.45e-06 9.9e-06 1.15e-05 1.095e-05 1.18e-05 9.8e-06 1.065e-05
15 1.46e-05 8.05e-06 8.05e-06 8.5e-06 1.065e-05 9.95e-06 1.195e-05 9.05e-06 9.45e-06 1.005e-05 8.55e-06 1.105e-05 1.145e-05 9.7e-06 9.4e-06 1.55e-05 1.025e-05 1.01e-05 7.85e-06 1.115e-05 9.7e-06 1.02e-05 9.8e-06 1.015e-05 1.085e-05 9.4e-06 1.19e-05 9.95e-06 8.2e-06 9.85e-06 1.155e-05 9.9e-06 1.07e-05 1.15e-05 1.01e-05 1.15e-05 9.35e-06 1.09e-05 9.15e-06 1.18e-05 1.105e-05 1.095e-05 7.95e-06 1.065e-05 7.95e-06 1.465e-05 7.95e-06 9.6e-06 1.31e-05 1.185e-05 9.15e-06 1.195e-05 9.95e-06 1.315e-05 1.07e-05 9.05e-06 9.5e-06 1.105e-05 1.12e-05 9.2e-06 1.005e-05 9.65e-06 9.1e-06 1.205e-05 1.305e-05 1.19e-05 9.35e-06 1.02e-05 1.065e-05 1.16e-05 7.75e-06 9.8e-06 7.9e-06 9.4e-06 1.305e-05 9.35e-06 9.05e-06 1.05e-05 8.4e-06 8.35e-06 9.05e-06 1.065e-05 9.95e-06 1.175e-05 9.75e-06 1.185e-05 1.115e-05 9.6e-06 8.3e-06 8.5e-06 1.305e-05 9e-06 1.125e-05 9.35e-06 8.5e-06 9.6e-06 1.03e-05 1.02e-05 1.075e-05 1.035e-05
16 1.395e-05 1.16e-05 1.035e-05 9.2e-06 7.9e-06 1.05e-05 1.05e-05 7.95e-06 1.045e-05 1.205e-05 9.5e-06 9.8e-06 1.185e-05 1.155e-05 9.75e-06 1.025e-05 7.9e-06 4.6e-06 8.85e-06 8.45e-06 9.35e-06 1.075e-05 9.05e-06 1.205e-05 7.05e-06 7.6e-06 9.1e-06 8.5e-06 9.45e-06 9e-06 9.25e-06 1.075e-05 1.105e-05 1.055e-05 1.2e-05 9.4e-06 7.85e-06 1.33e-05 8.9e-06 1.215e-05 6.1e-06 6.85e-06 1.145e-05 1.285e-05 1.02e-05 9.8e-06 1.155e-05 1.19e-05 1.03e-05 7.1e-06 8.25e-06 9.15e-06 1.005e-05 1.34e-05 1.04e-05 6.8e-06 1.18e-05 6.95e-06 6.45e-06 1.175e-05 1.06e-05 1.06e-05 6.8e-06 1.41e-05 1.195e-05 1.12e-05 7.95e-06 4.5e-06 7.9e-06 1.125e-05 8.7e-06 1.07e-05 1.025e-05 1.17e-05 1.03e-05 1.285e-05 1.115e-05 5.5e-06 9.5e-06 9.3e-06 8.15e-06 8.4e-06 1.195e-05 9.45e-06 1.03e-05 1.06e-05 6.4e-06 8.8e-06 9.05e-06 1.075e-05 9.55e-06 6.7e-06 8.7e-06 8.35e-06 1.1e-05 1.055e-05 9.75e-06 4.7e-06 6.1e-06 9.35e-06
17 1.645e-05 1.46e-05 1.02e-05 5.9e-06 8.2e-06 1.085e-05 1.255e-05 7.8e-06 7.15e-06 1.54e-05 9.35e-06 9.95e-06 1.57e-05 1.33e-05 1.17e-05 1.01e-05 4.6e-06 9e-07 5.55e-06 7e-06 9.05e-06 1.11e-05 7.85e-06 1.555e-05 6.75e-06 7.75e-06 1.085e-05 1.16e-05 1.245e-05 6.1e-06 1.15e-05 1.36e-05 9.85e-06 1.285e-05 1.395e-05 1.305e-05 1.155e-05 1.315e-05 1.095e-05 1.6e-05 1.005e-05 3.7e-06 1.445e-05 1.39e-05 8.45e-06 1.345e-05 1.455e-05 1.175e-05 1.215e-05 1.09e-05 7.85e-06 1.09e-05 1.155e-05 1.635e-05 1.135e-05 3.25e-06 1.165e-05 5.65e-06 1.025e-05 1.16e-05 9.4e-06 1.08e-05 3.25e-06 1.575e-05 1.175e-05 1.44e-05 1.165e-05 9.5e-07 6.25e-06 1.16e-05 5.4e-06 1.355e-05 1.01e-05 1.155e-05 8.8e-06 1.585e-05 1.29e-05 5.4e-06 6.2e-06 6e-06 7.75e-06 4.85e-06 1.53e-05 6.9e-06 1.105e-05 1.03e-05 1.02e-05 6.4e-06 5.75e-06 1.01e-05 1.26e-05 3.15e-06 1.265e-05 7.95e-06 1.085e-05 1.075e-05 9.45e-06 6.5e-07 6.85e-06 8.15e-06
18 1.86e-05 1.545e-05 8.05e-06 1.15e-06 1.095e-05 8.9e-06 1.18e-05 1.055e-05 5.2e-06 1.655e-05 6.7e-06 1.1e-05 1.675e-05 1.475e-05 1.245e-05 7.85e-06 8.85e-06 5.55e-06 2e-07 8.6e-06 6.3e-06 9.15e-06 5.2e-06 1.67e-05 9e-06 6e-06 1.02e-05 1.375e-05 1.37e-05 3.45e-06 1.435e-05 1.395e-05 6.8e-06 1.33e-05 1.36e-05 1.46e-05 1.39e-05 1.42e-05 1.26e-05 1.715e-05 1.2e-05 6.1e-06 1.53e-05 1.175e-05 6.2e-06 1.68e-05 1.54e-05 1.3e-05 1.49e-05 1.285e-05 1.065e-05 1.025e-05 1.2e-05 1.82e-05 1.21e-05 2.85e-06 1.29e-05 8e-06 1.22e-05 9.25e-06 5.95e-06 8.55e-06 3.05e-06 1.7e-05 1.05e-05 1.505e-05 1.4e-05 5.65e-06 9.65e-06 1.195e-05 1.5e-07 1.39e-05 7.85e-06 1.28e-05 1.195e-05 1.66e-05 1.385e-05 8.6e-06 9.5e-07 7.5e-07 1.055e-05 7.95e-06 1.645e-05 6.9e-06 1.16e-05 9.65e-06 1.215e-05 3.85e-06 9e-07 7.55e-06 1.595e-05 2.95e-06 1.53e-05 1.055e-05 9e-06 8.5e-06 7.1e-06 5.65e-06 9e-06 6e-06
19 1.575e-05 1.365e-05 1.125e-05 8.9e-06 1.055e-05 1.145e-05 8.55e-06 1.04e-05 9.9e-06 1.4e-05 1.08e-05 9.9e-06 1.43e-05 1.3e-05 1.02e-05 1.115e-05 8.45e-06 7e-06 8.6e-06 1.32e-05 9.55e-06 1.12e-05 8.5e-06 1.365e-05 8.8e-06 9.15e-06 1.26e-05 1.2e-05 1.2e-05 8.95e-06 1.235e-05 1.21e-05 8e-06 1.13e-05 1.015e-05 1.2e-05 1.185e-05 1.365e-05 1.05e-05 1.385e-05 1.02e-05 8.1e-06 1.35e-05 1.44e-05 1.025e-05 1.41e-05 1.36e-05 1.25e-05 1.315e-05 1.095e-05 1.045e-05 1.265e-05 1.115e-05 1.575e-05 1.055e-05 7.85e-06 1.24e-05 7.85e-06 1.035e-05 1.24e-05 7.6e-06 1.16e-05 7.9e-06 1.53e-05 1.315e-05 1.245e-05 1.195e-05 7.1e-06 9.45e-06 9.9e-06 8.45e-06 1.205e-05 1.115e-05 1.23e-05 1.19e-05 1.465e-05 1.285e-05 8.4e-06 9.2e-06 9e-06 1.03e-05 9.15e-06 1.39e-05 1.12e-05 1.11e-05 7.5e-06 1.03e-05 8.45e-06 8.75e-06 1.125e-05 1.39e-05 7.65e-06 1.2e-05 1.015e-05 1.115e-05 1.155e-05 9.9e-06 7.1e-06 8.9e-06 8.75e-06
20 1.58e-05 1.305e-05 9.85e-06 6.95e-06 1.165e-05 1.04e-05 9.3e-06 1.11e-05 9.75e-06 1.38e-05 8.65e-06 1.105e-05 1.455e-05 1.39e-05 1.06e-05 9.7e-06 9.35e-06 9.05e-06 6.3e-06 9.55e-06 1.24e-05 1.085e-05 7.45e-06 1.415e-05 7.6e-06 7.45e-06 1.075e-05 1.15e-05 1.125e-05 7.5e-06 1.325e-05 9.65e-06 8.85e-06 1.15e-05 1.16e-05 1.155e-05 1.145e-05 1.425e-05 1.09e-05 1.475e-05 9.1e-06 8.85e-06 1.29e-05 1.235e-05 9.8e-06 1.425e-05 1.3e-05 1.325e-05 1.43e-05 9.9e-06 1.12e-05 1.08e-05 1.085e-05 1.57e-05 1.03e-05 7.75e-06 1.315e-05 8.95e-06 9.25e-06 1.085e-05 8.2e-06 1.055e-05 7.8e-06 1.605e-05 1.225e-05 1.035e-05 1.155e-05 9.15e-06 1.175e-05 1.23e-05 6.2e-06 9.55e-06 9.7e-06 1.305e-05 1.395e-05 1.39e-05 1.37e-05 8.8e-06 7e-06 6.8e-06 1.11e-05 1.12e-05 1.375e-05 1.045e-05 1.075e-05 9.2e-06 9.2e-06 7.25e-06 6.75e-06 9.65e-06 1.33e-05 7.7e-06 1.24e-05 1.075e-05 1.025e-05 1.05e-05 6.85e-06 9.15e-06 8.8e-06 8e-06
21 1.395e-05 1.12e-05 1.035e-05 9.8e-06 1.055e-05 9.6e-06 1.18e-05 1.12e-05 9.65e-06 1.09e-05 1.075e-05 1.115e-05 1.01e-05 1.095e-05 1.18e-05 1.02e-05 1.075e-05 1.11e-05 9.15e-06 1.12e-05 1.085e-05 1.81e-05 1.1e-05 1.005e-05 1.185e-05 1.05e-05 1.255e-05 1.11e-05 1.12e-05 1.065e-05 1.13e-05 1.19e-05 1.09e-05 1.15e-05 1.13e-05 1.115e-05 1.09e-05 1.185e-05 1.15e-05 9.55e-06 1.115e-05 1.16e-05 1.105e-05 1.285e-05 1.015e-05 1.4e-05 1.115e-05 1.08e-05 1.29e-05 1.215e-05 1.13e-05 1.26e-05 1.165e-05 1.415e-05 1.12e-05 1.02e-05 1.07e-05 1.21e-05 1.15e-05 1.14e-05 1.025e-05 9.85e-06 1.025e-05 1.315e-05 1.305e-05 1.16e-05 1.1e-05 1.12e-05 1.075e-05 1.04e-05 9.05e-06 1.185e-05 1.02e-05 1.06e-05 1.3e-05 1.215e-05 1.08e-05 1.145e-05 9.85e-06 9.65e-06 1.12e-05 1.07e-05 1.08e-05 1.29e-05 1.195e-05 1.195e-05 1.145e-05 1.08e-05 9.6e-06 1.025e-05 1.45e-05 1.015e-05 1.04e-05 1.095e-05 1.04e-05 9.8e-06 1.145e-05 1.12e-05 1.125e-05 1.155e-05
22 1.735e-05 1.435e-05 9.95e-06 5.8e-06 1.165e-05 1.08e-05 8.5e-06 1.115e-05 9.25e-06 1.54e-05 8.75e-06 9.7e-06 1.575e-05 1.43e-05 1.04e-05 9.8e-06 9.05e-06 7.85e-06 5.2e-06 8.5e-06 7.45e-06 1.1e-05 1.02e-05 1.55e-05 8.8e-06 7.1e-06 1.115e-05 1.275e-05 1.255e-05 6.75e-06 1.315e-05 1.205e-05 7.8e-06 1.05e-05 1.18e-05 1.265e-05 1.24e-05 1.525e-05 1.055e-05 1.605e-05 9.1e-06 8.05e-06 1.42e-05 1.31e-05 8.9e-06 1.485e-05 1.43e-05 1.395e-05 1.41e-05 9.8e-06 1.125e-05 1.12e-05 1.015e-05 1.665e-05 1.045e-05 6.6e-06 1.385e-05 6.55e-06 9.2e-06 1.125e-05 7.2e-06 1.06e-05 6.65e-06 1.66e-05 1.2e-05 1.31e-05 1.25e-05 7.95e-06 1.09e-05 1.19e-05 5.1e-06 1.2e-05 9.8e-06 1.375e-05 1.325e-05 1.555e-05 1.36e-05 8.4e-06 5.85e-06 5.65e-06 1.115e-05 1.065e-05 1.53e-05 9.95e-06 9.95e-06 7.3e-06 9.15e-06 5.25e-06 5.6e-06 1.01e-05 1.405e-05 6.5e-06 1.37e-05 1.12e-05 1.065e-05 1.055e-05 8e-06 7.95e-06 7.9e-06 5.6e-06
23 9.85e-06 3.7e-06 1.025e-05 1.705e-05 1.015e-05 1.055e-05 1.185e-05 9.6e-06 1.38e-05 4.3e-06 1.25e-05 1.11e-05 4.7e-06 5.8e-06 8.65e-06 1.015e-05 1.205e-05 1.555e-05 1.67e-05 1.365e-05 1.415e-05 1.005e-05 1.55e-05 6.8e-06 1.36e-05 1.38e-05 1.415e-05 7.2e-06 5.6e-06 1.695e-05 8.4e-06 7.75e-06 1.47e-05 9.6e-06 7.7e-06 7.95e-06 6.25e-06 8.45e-06 7.95e-06 4.1e-06 1.01e-05 1.635e-05 3.6e-06 1.165e-05 1.195e-05 1.175e-05 3.6e-06 7.3e-06 1.1e-05 1.105e-05 9.7e-06 1.42e-05 9.5e-06 9e-06 9.7e-06 1.62e-05 7.2e-06 1.505e-05 1.04e-05 1.14e-05 1.425e-05 1.1e-05 1.62e-05 8.1e-06 1.55e-05 8.35e-06 6.25e-06 1.565e-05 1.165e-05 9.95e-06 1.655e-05 7.65e-06 1.015e-05 7.1e-06 1.4e-05 4.8e-06 5.9e-06 1.325e-05 1.735e-05 1.715e-05 9.6e-06 1.33e-05 4.2e-06 1.765e-05 1e-05 1.405e-05 1.035e-05 1.645e-05 1.69e-05 1.1e-05 1.15e-05 1.61e-05 6.25e-06 9.65e-06 9.9e-06 1.095e-05 1.455e-05 1.565e-05 1.29e-05 1.58e-05
24 1.475e-05 1.265e-05 1.095e-05 9.35e-06 1.02e-05 1.14e-05 9.7e-06 9.65e-06 1.075e-05 1.325e-05 1e-05 1.05e-05 1.405e-05 1.315e-05 1.025e-05 1.085e-05 7.05e-06 6.75e-06 9e-06 8.8e-06 7.6e-06 1.185e-05 8.8e-06 1.36e-05 1.26e-05 8.25e-06 1.1e-05 1.035e-05 1.065e-05 8.85e-06 1.175e-05 9.5e-06 1.04e-05 1.13e-05 1.18e-05 1.07e-05 1.02e-05 1.375e-05 1.005e-05 1.42e-05 8.05e-06 7.7e-06 1.25e-05 1.345e-05 1.095e-05 1.25e-05 1.26e-05 1.265e-05 1.285e-05 8.85e-06 9.85e-06 1.105e-05 1.065e-05 1.48e-05 9.95e-06 7.95e-06 1.255e-05 7.75e-06 8.2e-06 1.205e-05 9.95e-06 1.17e-05 7.95e-06 1.545e-05 1.29e-05 1.005e-05 1.03e-05 6.75e-06 1.005e-05 1.21e-05 8.85e-06 9.4e-06 1.085e-05 1.245e-05 1.22e-05 1.355e-05 1.325e-05 7.15e-06 9.65e-06 9.45e-06 9.75e-06 9.7e-06 1.32e-05 1.06e-05 1.05e-05 9.55e-06 8.15e-06 8.55e-06 9.2e-06 1.09e-05 1.16e-05 7.85e-06 1.1e-05 9.5e-06 1.12e-05 1.165e-05 8.05e-06 6.85e-06 7.65e-06 9.1e-06
25 1.625e-05 1.275e-05 9.55e-06 6.55e-06 1.07e-05 1.025e-05 9e-06 1.015e-05 9.85e-06 1.375e-05 8.5e-06 1.06e-05 1.405e-05 1.345e-05 1e-05 9.4e-06 7.6e-06 7.75e-06 6e-06 9.15e-06 7.45e-06 1.05e-05 7.1e-06 1.38e-05 8.25e-06 1.16e-05 9.6e-06 1.085e-05 1.08e-05 7.65e-06 1.225e-05 1.085e-05 8.95e-06 1.105e-05 1.17e-05 1.02e-05 1.03e-05 1.465e-05 9.95e-06 1.435e-05 7.7e-06 8.5e-06 1.26e-05 1.205e-05 9.35e-06 1.305e-05 1.27e-05 1.335e-05 1.315e-05 8.35e-06 1.04e-05 9.6e-06 1e-05 1.54e-05 1.075e-05 6.95e-06 1.325e-05 8.05e-06 7.65e-06 1.085e-05 8.3e-06 1.02e-05 6.95e-06 1.585e-05 1.195e-05 1.185e-05 1.035e-05 7.7e-06 1.08e-05 1.22e-05 5.85e-06 1.08e-05 9.4e-06 1.315e-05 1.315e-05 1.395e-05 1.27e-05 6.75e-06 6.7e-06 6.5e-06 1.03e-05 1.08e-05 1.365e-05 9.65e-06 1.045e-05 9.3e-06 7.6e-06 6.95e-06 6.4e-06 9.8e-06 1.235e-05 6.85e-06 1.17e-05 1.04e-05 1.035e-05 1.015e-05 8.05e-06 7.85e-06 7.6e-06 7.6e-06
26 1.44e-05 1.355e-05 1.195e-05 1.065e-05 1.22e-05 1.23e-05 1.23e-05 1.215e-05 1.35e-05 1.415e-05 1.075e-05 1.425e-05 1.39e-05 1.505e-05 1.23e-05 1.19e-05 9.1e-06 1.085e-05 1.02e-05 1.26e-05 1.075e-05 1.255e-05 1.115e-05 1.415e-05 1.1e-05 9.6e-06 1.52e-05 1.155e-05 1.16e-05 1.165e-05 1.36e-05 1.245e-05 1.275e-05 1.295e-05 1.4e-05 1.18e-05 1.065e-05 1.66e-05 1.195e-05 1.425e-05 8.7e-06 1.195e-05 1.34e-05 1.055e-05 1.305e-05 1.06e-05 1.35e-05 1.525e-05 1.4e-05 8.9e-06 1.235e-05 7.7e-06 1.3e-05 1.335e-05 1.38e-05 1.06e-05 1.515e-05 1.155e-05 9.05e-06 1.335e-05 1.23e-05 1.225e-05 1.065e-05 1.745e-05 1.16e-05 1.305e-05 1.075e-05 1.085e-05 1.355e-05 1.54e-05 1.01e-05 1.24e-05 1.19e-05 1.505e-05 1.59e-05 1.475e-05 1.435e-05 9.9e-06 1.07e-05 1.05e-05 1.225e-05 1.39e-05 1.405e-05 9.3e-06 1.33e-05 1.365e-05 9e-06 1.15e-05 1.045e-05 1.265e-05 1.03e-05 1.045e-05 1.165e-05 1.235e-05 1.285e-05 1.22e-05 1.115e-05 1.095e-05 1e-05 1.15e-05
27 1.065e-05 6.1e-06 1.005e-05 1.41e-05 9.25e-06 1.075e-05 1.105e-05 8.8e-06 1.33e-05 6.65e-06 1.07e-05 1.04e-05 7.65e-06 8.1e-06 8.4e-06 9.95e-06 8.5e-06 1.16e-05 1.375e-05 1.2e-05 1.15e-05 1.11e-05 1.275e-05 7.2e-06 1.035e-05 1.085e-05 1.155e-05 1.09e-05 6e-06 1.365e-05 8e-06 7.7e-06 1.355e-05 9.5e-06 9.3e-06 7.55e-06 5.95e-06 1.065e-05 7.65e-06 7.7e-06 7.5e-06 1.255e-05 5.95e-06 1.17e-05 1.11e-05 1.015e-05 6.05e-06 9.55e-06 1.085e-05 8.45e-06 9e-06 1.16e-05 9e-06 1.015e-05 8.9e-06 1.275e-05 9.45e-06 1.175e-05 7.8e-06 1.115e-05 1.31e-05 1.07e-05 1.275e-05 1.04e-05 1.39e-05 8.25e-06 6.05e-06 1.16e-05 1.07e-05 1.085e-05 1.36e-05 7.65e-06 9.95e-06 9.35e-06 1.295e-05 7.1e-06 7.15e-06 9.8e-06 1.44e-05 1.42e-05 8.9e-06 1.23e-05 6.55e-06 1.455e-05 9.55e-06 1.265e-05 7.75e-06 1.325e-05 1.395e-05 9.75e-06 9.4e-06 1.265e-05 7.1e-06 8.5e-06 1.04e-05 1.065e-05 1.19e-05 1.17e-05 9.7e-06 1.305e-05
28 1.125e-05 2.7e-06 8.3e-06 1.405e-05 1.01e-05 1.095e-05 1.055e-05 7.6e-06 1.365e-05 5.5e-06 9.25e-06 1.1e-05 7.85e-06 6.6e-06 6.45e-06 8.2e-06 9.45e-06 1.245e-05 1.37e-05 1.2e-05 1.125e-05 1.12e-05 1.255e-05 5.6e-06 1.065e-05 1.08e-05 1.16e-05 6e-06 5e-06 1.445e-05 9.5e-06 5.85e-06 1.31e-05 9.6e-06 7.15e-06 8.15e-06 4.75e-06 9.6e-06 5.65e-06 8.15e-06 8.05e-06 1.38e-05 2.7e-06 9.7e-06 1.015e-05 1.12e-05 2.65e-06 8.2e-06 1.105e-05 8.8e-06 7.7e-06 1.165e-05 8e-06 9.05e-06 9.2e-06 1.315e-05 8.1e-06 1.2e-05 8.15e-06 9.7e-06 1.265e-05 1.1e-05 1.315e-05 9.1e-06 1.45e-05 8.65e-06 4.75e-06 1.255e-05 1.14e-05 1.15e-05 1.355e-05 5.8e-06 8.2e-06 8e-06 1.39e-05 4.2e-06 6.25e-06 1.02e-05 1.435e-05 1.415e-05 7.6e-06 1.31e-05 5.4e-06 1.46e-05 8.1e-06 1.25e-05 8.1e-06 1.35e-05 1.39e-05 9.4e-06 8.7e-06 1.305e-05 7.05e-06 7.95e-06 8.55e-06 1.095e-05 1.165e-05 1.255e-05 1.045e-05 1.285e-05
29 1.785e-05 1.62e-05 1e-05 4.1e-06 1.14e-05 1.025e-05 1.18e-05 1.12e-05 7.05e-06 1.665e-05 8.8e-06 1.085e-05 1.705e-05 1.51e-05 1.29e-05 9.85e-06 9e-06 6.1e-06 3.45e-06 8.95e-06 7.5e-06 1.065e-05 6.75e-06 1.695e-05 8.85e-06 7.65e-06 1.165e-05 1.365e-05 1.445e-05 6.7e-06 1.365e-05 1.39e-05 8.3e-06 1.345e-05 1.405e-05 1.44e-05 1.415e-05 1.455e-05 1.305e-05 1.72e-05 1.18e-05 4.65e-06 1.605e-05 1.37e-05 8.2e-06 1.615e-05 1.615e-05 1.355e-05 1.505e-05 1.265e-05 1.13e-05 1.17e-05 1.23e-05 1.805e-05 1.175e-05 4.85e-06 1.345e-05 8.2e-06 1.2e-05 1.1e-05 7.65e-06 1.035e-05 4.9e-06 1.725e-05 1.16e-05 1.435e-05 1.425e-05 6.2e-06 9.9e-06 1.175e-05 3.35e-06 1.385e-05 9.85e-06 1.335e-05 1.21e-05 1.71e-05 1.455e-05 8.95e-06 4.15e-06 3.95e-06 1.12e-05 8.45e-06 1.655e-05 8.75e-06 1.185e-05 9.6e-06 1.195e-05 5.35e-06 3.9e-06 9.3e-06 1.575e-05 4.8e-06 1.505e-05 1.085e-05 1.06e-05 1.03e-05 8.1e-06 6.2e-06 8.7e-06 7.3e-06
30 1.08e-05 8.7e-06 1.165e-05 1.47e-05 9.3e-06 1.145e-05 1.225e-05 1.005e-05 1.31e-05 8.3e-06 1.24e-05 9.5e-06 8.15e-06 8.5e-06 1.01e-05 1.155e-05 9.25e-06 1.15e-05 1.435e-05 1.235e-05 1.325e-05 1.13e-05 1.315e-05 8.4e-06 1.175e-05 1.225e-05 1.36e-05 8e-06 9.5e-06 1.365e-05 1.07e-05 1.045e-05 1.425e-05 9.8e-06 1.1e-05 9e-06 8.15e-06 1.15e-05 9.35e-06 7.85e-06 9.1e-06 1.22e-05 8.55e-06 1.415e-05 1.145e-05 1.01e-05 8.65e-06 1.035e-05 1.14e-05 1.015e-05 1.025e-05 1.365e-05 9.85e-06 1.05e-05 1e-05 1.3e-05 1.025e-05 1.18e-05 9.5e-06 1.28e-05 1.38e-05 1.12e-05 1.3e-05 1.085e-05 1.325e-05 1.005e-05 8.25e-06 1.15e-05 9.75e-06 9.65e-06 1.42e-05 1.04e-05 1.155e-05 1.015e-05 1.205e-05 9.8e-06 7.85e-06 1.085e-05 1.5e-05 1.48e-05 1.015e-05 1.175e-05 8.2e-06 1.565e-05 1.06e-05 1.28e-05 9.45e-06 1.33e-05 1.455e-05 1.17e-05 1.06e-05 1.29e-05 8.3e-06 1.005e-05 1.205e-05 1.115e-05 1.365e-05 1.16e-05 1.03e-05 1.345e-05
31 1.18e-05 5.6e-06 1e-05 1.43e-05 1.135e-05 1.145e-05 9.45e-06 9.75e-06 1.4e-05 7.45e-06 1.065e-05 1.11e-05 9.25e-06 9e-06 7.7e-06 9.9e-06 1.075e-05 1.36e-05 1.395e-05 1.21e-05 9.65e-06 1.19e-05 1.205e-05 7.75e-06 9.5e-06 1.085e-05 1.245e-05 7.7e-06 5.85e-06 1.39e-05 1.045e-05 1.07e-05 1.275e-05 9.7e-06 8.25e-06 8.45e-06 6.9e-06 1.11e-05 7.6e-06 9.4e-06 8.15e-06 1.37e-05 5.55e-06 1.125e-05 1.175e-05 1.21e-05 5.7e-06 1e-05 1.25e-05 8.9e-06 9.85e-06 1.25e-05 8.85e-06 1.08e-05 8.9e-06 1.385e-05 9.9e-06 1.2e-05 8.25e-06 1.11e-05 1.23e-05 1.18e-05 1.385e-05 1.125e-05 1.48e-05 7.25e-06 7.05e-06 1.37e-05 1.275e-05 1.195e-05 1.38e-05 5.5e-06 9.9e-06 9.8e-06 1.505e-05 6.8e-06 8.95e-06 1.07e-05 1.46e-05 1.44e-05 9.75e-06 1.39e-05 7.4e-06 1.53e-05 9.05e-06 1.14e-05 8.2e-06 1.3e-05 1.415e-05 1.05e-05 1.035e-05 1.375e-05 8.45e-06 9.5e-06 1e-05 1.175e-05 1.005e-05 1.37e-05 1.055e-05 1.235e-05
32 1.715e-05 1.455e-05 1.08e-05 6.9e-06 1.24e-05 1.115e-05 8.6e-06 1.225e-05 9.65e-06 1.505e-05 9.35e-06 1.09e-05 1.53e-05 1.42e-05 1.105e-05 1.07e-05 1.105e-05 9.85e-06 6.8e-06 8e-06 8.85e-06 1.09e-05 7.8e-06 1.47e-05 1.04e-05 8.95e-06 1.275e-05 1.355e-05 1.31e-05 8.3e-06 1.425e-05 1.275e-05 1.24e-05 1.195e-05 1.04e-05 1.325e-05 1.35e-05 1.47e-05 1.175e-05 1.49e-05 1.165e-05 9.8e-06 1.44e-05 1.38e-05 9.8e-06 1.61e-05 1.45e-05 1.36e-05 1.485e-05 1.225e-05 1.235e-05 1.28e-05 1.185e-05 1.7e-05 1.14e-05 8.4e-06 1.35e-05 9.45e-06 1.18e-05 1.19e-05 6.5e-06 1.115e-05 8.45e-06 1.64e-05 1.305e-05 1.325e-05 1.36e-05 9.95e-06 1.17e-05 1.055e-05 6.7e-06 1.27e-05 1.07e-05 1.34e-05 1.395e-05 1.55e-05 1.38e-05 1.045e-05 7.1e-06 6.9e-06 1.225e-05 1.125e-05 1.495e-05 1.155e-05 1.185e-05 7.6e-06 1.175e-05 7.85e-06 6.7e-06 1.07e-05 1.59e-05 8.2e-06 1.38e-05 1.2e-05 1.085e-05 1.11e-05 8.55e-06 9.95e-06 1.045e-05 7.8e-06
33 1.295e-05 9.65e-06 1.16e-05 1.37e-05 1.01e-05 1.12e-05 8.85e-06 1.13e-05 1.315e-05 9.05e-06 1.2e-05 9.35e-06 7.9e-06 9.95e-06 9.25e-06 1.15e-05 1.055e-05 1.285e-05 1.33e-05 1.13e-05 1.15e-05 1.15e-05 1.05e-05 9.6e-06 1.13e-05 1.105e-05 1.295e-05 9.5e-06 9.6e-06 1.345e-05 9.8e-06 9.7e-06 1.195e-05 1.46e-05 9.75e-06 8.55e-06 9.05e-06 1.275e-05 8.95e-06 8.5e-06 8.05e-06 1.32e-05 9.5e-06 1.355e-05 1.215e-05 1.23e-05 9.6e-06 1.14e-05 1.165e-05 8.85e-06 1.14e-05 1.3e-05 9.4e-06 1.275e-05 9.25e-06 1.315e-05 1.13e-05 1.04e-05 8.25e-06 1.295e-05 1.155e-05 1.045e-05 1.32e-05 1.225e-05 1.45e-05 9.1e-06 9.15e-06 1.295e-05 1.14e-05 1.05e-05 1.32e-05 9.65e-06 1.15e-05 1.12e-05 1.375e-05 1.085e-05 9.65e-06 1.08e-05 1.39e-05 1.37e-05 1.13e-05 1.3e-05 8.95e-06 1.525e-05 1.01e-05 1.01e-05 8.2e-06 1.18e-05 1.35e-05 1.225e-05 1.21e-05 1.305e-05 9.35e-06 1.135e-05 1.13e-05 1.055e-05 1.185e-05 1.295e-05 9.8e-06 1.08e-05
34 1.285e-05 6.7e-06 1.02e-05 1.39e-05 1.165e-05 1.155e-05 8.35e-06 1.03e-05 1.32e-05 8.1e-06 1.135e-05 1.05e-05 9.55e-06 8.7e-06 7.6e-06 1.01e-05 1.2e-05 1.395e-05 1.36e-05 1.015e-05 1.16e-05 1.13e-05 1.18e-05 7.7e-06 1.18e-05 1.17e-05 1.4e-05 9.3e-06 7.15e-06 1.405e-05 1.1e-05 8.25e-06 1.04e-05 9.75e-06 1.28e-05 9.7e-06 8.5e-06 1.09e-05 7.9e-06 9.1e-06 1.025e-05 1.42e-05 6.6e-06 1.225e-05 1.105e-05 1.365e-05 6.6e-06 9.75e-06 1.275e-05 1.095e-05 1.04e-05 1.405e-05 9.35e-06 1.165e-05 9.55e-06 1.385e-05 9.65e-06 1.21e-05 1.035e-05 1.135e-05 9.95e-06 1.175e-05 1.385e-05 1.1e-05 1.51e-05 9.65e-06 8.5e-06 1.405e-05 1.225e-05 9.7e-06 1.345e-05 8.15e-06 1.01e-05 9.55e-06 1.46e-05 7.8e-06 8.55e-06 1.19e-05 1.42e-05 1.4e-05 1.03e-05 1.345e-05 8e-06 1.595e-05 9.55e-06 9.35e-06 1.03e-05 1.295e-05 1.375e-05 1.09e-05 1.27e-05 1.37e-05 9.3e-06 1.035e-05 9.85e-06 1.17e-05 1.195e-05 1.405e-05 1.175e-05 1.205e-05
35 1.145e-05 8.35e-06 1.16e-05 1.495e-05 9.55e-06 1.07e-05 9.4e-06 1.06e-05 1.37e-05 7.35e-06 1.225e-05 1.045e-05 6.75e-06 9.35e-06 9.15e-06 1.15e-05 9.4e-06 1.305e-05 1.46e-05 1.2e-05 1.155e-05 1.115e-05 1.265e-05 7.95e-06 1.07e-05 1.02e-05 1.18e-05 7.55e-06 8.15e-06 1.44e-05 9e-06 8.45e-06 1.325e-05 8.55e-06 9.7e-06 1.18e-05 7.25e-06 1.175e-05 8.65e-06 6.9e-06 6.95e-06 1.36e-05 8.2e-06 1.29e-05 1.3e-05 1.055e-05 8.3e-06 1.065e-05 1.095e-05 7.7e-06 1.085e-05 1.18e-05 9.55e-06 1.155e-05 9.35e-06 1.39e-05 1.055e-05 1.195e-05 7e-06 1.27e-05 1.28e-05 1.07e-05 1.39e-05 1.165e-05 1.46e-05 7.45e-06 7.3e-06 1.3e-05 1.155e-05 1.08e-05 1.445e-05 8.4e-06 1.15e-05 1.045e-05 1.38e-05 9.3e-06 9.05e-06 9.45e-06 1.525e-05 1.505e-05 1.075e-05 1.3e-05 7.15e-06 1.535e-05 1.065e-05 1.19e-05 6.95e-06 1.365e-05 1.48e-05 1.2e-05 1.07e-05 1.38e-05 7.4e-06 1.05e-05 1.14e-05 1.065e-05 1.195e-05 1.315e-05 9.8e-06 1.295e-05
36 1.11e-05 4.75e-06 9.45e-06 1.425e-05 9.25e-06 1.065e-05 1.035e-05 8.1e-06 1.38e-05 6.3e-06 1.02e-05 1.05e-05 7.15e-06 7.45e-06 7.25e-06 9.35e-06 7.85e-06 1.155e-05 1.39e-05 1.185e-05 1.145e-05 1.09e-05 1.24e-05 6.25e-06 1.02e-05 1.03e-05 1.065e-05 5.95e-06 4.75e-06 1.415e-05 8.15e-06 6.9e-06 1.35e-05 9.05e-06 8.5e-06 7.25e-06 8.8e-06 1.07e-05 6.5e-06 7.45e-06 6.3e-06 1.295e-05 4.5e-06 1.07e-05 1.11e-05 9.5e-06 4.65e-06 9.3e-06 1.005e-05 7.25e-06 8.3e-06 1.07e-05 8.35e-06 9.45e-06 9.45e-06 1.28e-05 9.2e-06 1.13e-05 6.6e-06 1.085e-05 1.305e-05 1.08e-05 1.28e-05 9.95e-06 1.395e-05 8.45e-06 4.75e-06 1.155e-05 1.07e-05 1.12e-05 1.375e-05 6.8e-06 9.35e-06 9.1e-06 1.315e-05 6.15e-06 6.95e-06 9.15e-06 1.455e-05 1.435e-05 8.2e-06 1.27e-05 6.2e-06 1.425e-05 8.9e-06 1.255e-05 6.55e-06 1.335e-05 1.41e-05 1.045e-05 8.45e-06 1.27e-05 6.2e-06 8.5e-06 9.85e-06 1.075e-05 1.185e-05 1.165e-05 9.1e-06 1.27e-05
37 1.285e-05 7.7e-06 1.105e-05 1.46e-05 1.11e-05 1.135e-05 1.52e-05 1.04e-05 1.045e-05 8.1e-06 1.325e-05 1.205e-05 9.25e-06 8.35e-06 1.16e-05 1.09e-05 1.33e-05 1.315e-05 1.42e-05 1.365e-05 1.425e-05 1.185e-05 1.525e-05 8.45e-06 1.375e-05 1.465e-05 1.66e-05 1.065e-05 9.6e-06 1.455e-05 1.15e-05 1.11e-05 1.47e-05 1.275e-05 1.09e-05 1.175e-05 1.07e-05 1.36e-05 1.09e-05 9.2e-06 1.485e-05 1.4e-05 7.6e-06 1.365e-05 1.11e-05 1.63e-05 7.6e-06 7.35e-06 1.33e-05 1.565e-05 1.05e-05 1.665e-05 1.205e-05 1.31e-05 1.1e-05 1.375e-05 7.25e-06 1.485e-05 1.5e-05 1.065e-05 1.42e-05 1.19e-05 1.375e-05 9.7e-06 1.635e-05 1.15e-05 1.07e-05 1.325e-05 1.1e-05 1.14e-05 1.405e-05 1.1e-05 1.09e-05 7.15e-06 1.24e-05 7.35e-06 8.6e-06 1.415e-05 1.49e-05 1.47e-05 1.04e-05 1e-05 7.9e-06 1.645e-05 1.185e-05 1.51e-05 1.495e-05 1.505e-05 1.445e-05 1.085e-05 1.545e-05 1.365e-05 1.125e-05 1.005e-05 1.055e-05 1.185e-05 1.47e-05 1.325e-05 1.45e-05 1.56e-05
38 1.25e-05 5.7e-06 9.25e-06 1.29e-05 1.01e-05 1.125e-05 9.55e-06 8.3e-06 1.29e-05 7.75e-06 9.95e-06 9.75e-06 9.5e-06 8e-06 6.65e-06 9.15e-06 8.9e-06 1.095e-05 1.26e-05 1.05e-05 1.09e-05 1.15e-05 1.055e-05 7.95e-06 1.005e-05 9.95e-06 1.195e-05 7.65e-06 5.65e-06 1.305e-05 9.35e-06 7.6e-06 1.175e-05 8.95e-06 7.9e-06 8.65e-06 6.5e-06 1.09e-05 1.1e-05 9.8e-06 8.1e-06 1.22e-05 5.7e-06 1.13e-05 1.01e-05 1.155e-05 5.6e-06 9.5e-06 1.115e-05 8.75e-06 8.45e-06 1.2e-05 8.25e-06 1.065e-05 9.15e-06 1.185e-05 9.4e-06 9.7e-06 8.15e-06 1.065e-05 1.135e-05 1.125e-05 1.185e-05 1.06e-05 1.405e-05 9.65e-06 6.5e-06 1.1e-05 1.06e-05 1.115e-05 1.245e-05 7.5e-06 9.15e-06 9.3e-06 1.31e-05 7.15e-06 7.65e-06 9.15e-06 1.32e-05 1.3e-05 8.35e-06 1.215e-05 7.65e-06 1.395e-05 8.5e-06 1.065e-05 8.1e-06 1.185e-05 1.275e-05 1.03e-05 9.7e-06 1.17e-05 8.45e-06 8.75e-06 9.55e-06 1.12e-05 1.125e-05 1.105e-05 9.6e-06 1.08e-05
39 9.35e-06 6.4e-06 1.19e-05 1.76e-05 8.9e-06 9.85e-06 1.2e-05 1.125e-05 1.34e-05 4.4e-06 1.39e-05 1.065e-05 2.3e-06 6.45e-06 1.055e-05 1.18e-05 1.215e-05 1.6e-05 1.715e-05 1.385e-05 1.475e-05 9.55e-06 1.605e-05 4.1e-06 1.42e-05 1.435e-05 1.425e-05 7.7e-06 8.15e-06 1.72e-05 7.85e-06 9.4e-06 1.49e-05 8.5e-06 9.1e-06 6.9e-06 7.45e-06 9.2e-06 9.8e-06 3.5e-06 1e-05 1.66e-05 6.25e-06 1.32e-05 1.33e-05 1.13e-05 6.35e-06 8.1e-06 1.03e-05 1.11e-05 1.135e-05 1.43e-05 1.08e-05 1.01e-05 9.85e-06 1.665e-05 8e-06 1.56e-05 1.045e-05 1.3e-05 1.445e-05 9.75e-06 1.67e-05 8.65e-06 1.54e-05 7.4e-06 7.55e-06 1.61e-05 1.11e-05 8.8e-06 1.705e-05 9.35e-06 1.18e-05 7.9e-06 1.335e-05 7.35e-06 6.75e-06 1.375e-05 1.78e-05 1.76e-05 1.125e-05 1.29e-05 4.3e-06 1.81e-05 1.175e-05 1.435e-05 1.04e-05 1.7e-05 1.74e-05 1.225e-05 1.245e-05 1.66e-05 5.9e-06 1.095e-05 1.095e-05 9.7e-06 1.515e-05 1.61e-05 1.305e-05 1.64e-05
40 1.295e-05 1.005e-05 1.115e-05 1.235e-05 9.85e-06 1.095e-05 6.85e-06 1e-05 1.435e-05 1.03e-05 1.025e-05 9.65e-06 9.75e-06 1.16e-05 8.3e-06 1.105e-05 6.1e-06 1.005e-05 1.2e-05 1.02e-05 9.1e-06 1.115e-05 9.1e-06 1.01e-05 8.05e-06 7.7e-06 8.7e-06 7.5e-06 8.05e-06 1.18e-05 9.1e-06 8.15e-06 1.165e-05 8.05e-06 1.025e-05 6.95e-06 6.3e-06 1.485e-05 8.1e-06 1e-05 4.2e-06 1.08e-05 9.9e-06 1.245e-05 1.26e-05 8.3e-06 1e-05 1.345e-05 1.05e-05 3.65e-06 1.02e-05 8.75e-06 8.2e-06 1.19e-05 9.15e-06 1.11e-05 1.335e-05 8.2e-06 3e-06 1.255e-05 1.12e-05 1.12e-05 1.11e-05 1.405e-05 1.28e-05 8.4e-06 6.4e-06 1.005e-05 1.145e-05 1.175e-05 1.185e-05 8.1e-06 1.105e-05 1.325e-05 1.385e-05 1.13e-05 1.105e-05 6.75e-06 1.265e-05 1.245e-05 1.01e-05 1.345e-05 1.02e-05 1.255e-05 9.2e-06 9.3e-06 2.95e-06 1.005e-05 1.22e-05 1.2e-05 8.5e-06 1.1e-05 7e-06 1.025e-05 1.17e-05 1.115e-05 9.5e-06 1.015e-05 5.7e-06 9.4e-06
41 1.675e-05 1.575e-05 1.105e-05 6.45e-06 1e-05 1.12e-05 1.215e-05 9.8e-06 8e-06 1.605e-05 1.01e-05 1.03e-05 1.65e-05 1.435e-05 1.25e-05 1.095e-05 6.85e-06 3.7e-06 6.1e-06 8.1e-06 8.85e-06 1.16e-05 8.05e-06 1.635e-05 7.7e-06 8.5e-06 1.195e-05 1.255e-05 1.38e-05 4.65e-06 1.22e-05 1.37e-05 9.8e-06 1.32e-05 1.42e-05 1.36e-05 1.295e-05 1.4e-05 1.22e-05 1.66e-05 1.08e-05 6.6e-06 1.56e-05 1.475e-05 9.3e-06 1.445e-05 1.57e-05 1.29e-05 1.365e-05 1.165e-05 9.75e-06 1.2e-05 1.205e-05 1.71e-05 1.135e-05 4.85e-06 1.28e-05 7e-06 1.1e-05 1.215e-05 9.35e-06 1.145e-05 5e-06 1.66e-05 1.22e-05 1.4e-05 1.305e-05 3.8e-06 8.15e-06 1.155e-05 5.95e-06 1.365e-05 1.095e-05 1.27e-05 1.05e-05 1.67e-05 1.405e-05 7.35e-06 6.75e-06 6.55e-06 9.75e-06 6.85e-06 1.595e-05 8.85e-06 1.155e-05 9.9e-06 1.095e-05 6.6e-06 6.3e-06 1.05e-05 1.405e-05 4.85e-06 1.37e-05 9.5e-06 1.15e-05 1.14e-05 9.25e-06 3.8e-06 7.6e-06 8.35e-06
