 slim_337504896 slim_337504930 slim_337504574 slim_337504785 slim_337504659 slim_337504945 slim_337504827 slim_337504849 slim_337504941 slim_337504938 slim_337504733 slim_337504914 slim_337504713 slim_337504933 slim_337504917 slim_337504895 slim_337504922 slim_337504883 slim_337504913 slim_337504751 slim_337504793 slim_337504804 slim_337504906 slim_337504718 slim_337504775 slim_337504749 slim_337504920 slim_337504738 slim_337504860 slim_337504866 slim_337504924 slim_337504929 slim_337504754 slim_337504908 slim_337504789 slim_337504848 slim_337504902 slim_337504874 slim_337504862 slim_337504882 slim_337504752 slim_337504855 slim_337504904 slim_337504937 slim_337504852 slim_337504778 slim_337504857 slim_337504771 slim_337504943 slim_337504331 slim_337504831 slim_337504699 slim_337504948 slim_337504705 slim_337504846 slim_337504645 slim_337504732 slim_337504506 slim_337504915 slim_337504791 slim_337504861 slim_337504665 slim_337504535 slim_337504889 slim_337504871 slim_337504850 slim_337504512 slim_337504692 slim_337504446 slim_337504880 slim_337504905 slim_337504923 slim_337504872 slim_337504927 slim_337504919 slim_337504890 slim_337504877 slim_337504942 slim_337504888 slim_337504655 slim_337504946 slim_337504642 slim_337504763 slim_337504944 slim_337504686 slim_337504808 slim_337504947 slim_337504910 slim_337504925 slim_337504757 slim_337504643 slim_337504934 slim_337504926 slim_337504830 slim_337504378 slim_337504731
0 9.7e-05 0.0006448 0.00067095 0.0005261 0.0006007 0.0005832 0.00079715 4.87e-05 0.0004094 0.0006147 0.0009024 0.0004853 0.0005058 0.00057845 0.00070805 0.0005283 0.00034805 0.00052005 0.00055245 0.0006007 0.0005597 0.0005559 0.00057645 0.0003483 0.0006023 0.0003482 0.0005762 0.0002912 0.0006172 0.0005884 0.00071985 0.0004842 0.000441 0.0004451 0.00077485 0.0005762 0.0006081 0.0005762 0.00011185 0.0005624 0.00046095 0.000348 0.00071885 0.000613 0.0005774 0.00039975 0.00050785 0.0005262 0.0003177 0.0007706 0.00046985 0.0004947 0.0004589 0.00037045 0.0005324 0.00051795 0.00035415 0.00069365 0.00079735 0.00057665 0.00051695 0.00049735 0.000519 0.00069585 0.0006223 0.00070615 0.00054035 0.00079715 0.0005529 0.0005462 0.00050875 0.0004805 0.00038115 0.0001956 0.00068 0.00024355 0.0008011 0.00049475 0.000775 0.00046275 0.00061345 4.87e-05 0.0007472 0.0008027 0.000348 0.00037015 0.0005808 0.00066135 0.00052755 0.00046555 0.0004385 0.00050265 0.0005338 0.00061235 0.00065015 0.00049375
1 0.0006448 8.23e-05 0.0004743 0.0004046 0.0006928 0.0001621 0.0007278 0.0006449 0.0004512 0.00010095 0.00054805 0.00048905 0.0004582 0.00026705 0.0003716 0.00018485 0.0003588 0.00069635 0.00042385 0.0001041 0.00077115 0.0001571 0.00011855 0.00035895 0.0002802 0.00035885 0.00032635 0.0004724 0.00047975 0.0006584 0.00081515 0.0006071 0.00042465 0.00035245 0.00030345 0.0003264 0.00062985 0.00011795 0.00058225 0.00057115 0.0004139 0.00035875 0.00036675 0.0001095 0.0003698 0.00066495 0.0004032 0.0004047 0.0007678 0.00029455 0.00036445 0.00057605 0.0004055 0.00078315 0.0002047 0.0004743 0.0006535 0.00038225 0.000728 0.0001387 0.00072435 0.00032015 0.00071235 0.00047085 0.0005447 0.0006147 0.0003857 0.0007278 0.00056755 0.000178 0.0003886 0.00027685 0.0007304 0.00060005 0.00066845 0.0004779 0.0006614 0.0003001 0.0003036 0.00065655 0.00032525 0.00065855 0.0004786 0.0003749 0.0003451 0.0003439 0.0001275 0.00065815 0.0003958 0.00053 0.00036315 0.00056555 0.00041355 0.0004708 4.125e-05 0.00043225
2 0.00067095 0.0004743 0.000947 0.00059735 0.00077005 0.00048015 0.0004801 0.00067105 0.00060965 0.00047455 0.0004862 0.00060665 0.00058995 0.00056705 0.00048035 0.00050885 0.00057825 0.0007023 0.00053335 0.00050225 0.0007826 0.00049255 0.000475 0.0005784 0.0004747 0.0005783 0.0005915 0.0005959 0.0006528 0.0005498 0.00064105 0.0007221 0.0005463 0.0006165 0.0004857 0.00059155 0.0006396 0.0004744 0.0006423 0.0006693 0.0005494 0.0005782 0.0004806 0.0004801 0.0005972 0.0006433 0.00059185 0.00059745 0.00068925 0.0004803 0.0005409 0.0007178 0.0006165 0.00057265 0.00049135 0.00052805 0.0006177 0.0006416 0.0004803 0.0004928 0.0005896 0.00058945 0.0007942 0.00058075 0.0005958 0.00075125 0.0005921 0.0004801 0.00066355 0.000475 0.00049175 0.0004915 0.00070135 0.00068835 0.00053385 0.00059635 0.00065875 0.0005953 0.00048585 0.00071055 0.0005732 0.0006711 0.00048095 0.00052995 0.00057815 0.0005514 0.00048045 0.0006104 0.00059155 0.00061685 0.00058995 0.0005066 0.0006099 0.00068145 0.0004736 0.00065365
3 0.0005261 0.0004046 0.00059735 0.0007872 0.0005521 0.0004123 0.0007491 0.0005262 0.0004318 0.0004065 0.0007115 0.00042415 0.0005837 0.0004176 0.00055305 0.000407 0.00046005 0.00062925 0.00051335 0.0004085 0.00055695 0.00040175 0.000398 0.0004602 0.00048505 0.0004601 0.00041385 0.0004755 0.000547 0.00069625 0.00073505 0.00060005 0.00052975 0.00050765 0.0005526 0.00041385 0.00065945 0.00039745 0.00052075 0.0005536 0.00053745 0.00046 0.00056045 0.000399 0.0004244 0.00061965 0.00040695 0.0003938 0.0005417 0.00055595 0.0004845 0.00059545 0.00052365 0.0006565 0.00041165 0.00051845 0.0005888 0.00054225 0.0007493 0.00041205 0.00069655 0.0005215 0.0006637 0.00053345 0.00065905 0.0006652 0.0004118 0.0007491 0.0005535 0.00039975 0.0004808 0.000416 0.000543 0.00056645 0.00067225 0.0004608 0.0006984 0.0005001 0.0005528 0.00061315 0.0005202 0.00052605 0.00062535 0.0006098 0.0004601 0.0004568 0.0003947 0.0005704 0.0004009 0.0005911 0.00050775 0.00054645 0.00041145 0.00055235 0.00040815 0.00052495
4 0.0006007 0.0006928 0.00077005 0.0005521 0.0005861 0.0007433 0.00085075 0.0006008 0.00049925 0.0007213 0.00083745 0.00059675 0.00078385 0.0005156 0.0008092 0.0006638 0.00066 0.0004552 0.00067715 0.0006204 0.00035285 0.00069625 0.00074505 0.00066015 0.00080015 0.00066005 0.00048475 0.0006487 0.0005167 0.0008339 0.0006037 0.00051105 0.0007727 0.0006343 0.00076975 0.0004847 0.0006006 0.0007448 0.0006583 0.00051375 0.0007663 0.00065995 0.0007888 0.00073395 0.0004994 0.0006797 0.000537 0.0005522 0.0005606 0.0007731 0.0006346 0.00050125 0.0007198 0.000741 0.00072165 0.00070885 0.00064185 0.0005264 0.00085095 0.00068885 0.00078565 0.0006921 0.0004834 0.00060215 0.00077245 0.00044235 0.00052945 0.00085075 0.0005123 0.0007733 0.00079575 0.0007372 0.00053475 0.0006627 0.00074485 0.00065505 0.00056545 0.00070475 0.0007699 0.0005379 0.0006862 0.00061775 0.00084745 0.00075715 0.000643 0.0007069 0.0007418 0.00062495 0.0005392 0.0007656 0.00072355 0.00071975 0.00055725 0.00042805 0.00067615 0.00057455
5 0.0005832 0.0001621 0.00048015 0.0004123 0.0007433 0.000302 0.0006829 0.0005833 0.0004588 0.000159 0.000571 0.0004308 0.000449 0.0003425 0.0003614 0.0002056 0.0003674 0.0006834 0.0004324 0.00021155 0.00074815 0.00018035 0.0001551 0.00036755 0.00024205 0.00036745 0.0004267 0.00042755 0.0004825 0.0006135 0.00077115 0.00062585 0.00039005 0.00041865 0.0003611 0.0004267 0.00060485 0.0001548 0.0005367 0.0005294 0.00040375 0.00036735 0.0003686 0.0001515 0.0004193 0.00064665 0.00041965 0.0004124 0.00070385 0.00036445 0.00038535 0.00063925 0.0003882 0.00068915 0.0002091 0.0004325 0.0005904 0.00045305 0.0006831 0.00018065 0.0006873 0.00037275 0.0007117 0.00052645 0.0005755 0.0006274 0.00041965 0.0006829 0.00052935 0.0001517 0.000278 0.0002131 0.0007098 0.00058175 0.0006423 0.00040165 0.00068525 0.00036565 0.0003613 0.0006184 0.0003039 0.0005833 0.0004336 0.0004183 0.00036735 0.0002965 0.00015185 0.00063425 0.0004195 0.0004605 0.00037285 0.00047055 0.0004244 0.00052925 0.00016565 0.0004968
6 0.00079715 0.0007278 0.0004801 0.0007491 0.00085075 0.0006829 0.0004566 0.00079725 0.000741 0.00071475 0.0002283 0.000759 0.00069 0.0006819 0.00047325 0.0007196 0.0007574 0.00081305 0.0006399 0.000726 0.00085565 0.0007223 0.00072095 0.00075755 0.00060675 0.00075745 0.0007643 0.000745 0.0008183 0.00040005 0.00056955 0.00085595 0.00065195 0.00080945 0.00047285 0.0007643 0.000737 0.0007207 0.0008026 0.0007931 0.0006446 0.00075735 0.00048025 0.00070735 0.0007223 0.0007304 0.00075745 0.0007492 0.0007209 0.0004759 0.0007164 0.00085135 0.00078885 0.00051315 0.00070275 0.00062975 0.00067845 0.0008174 0.0002288 0.0007132 0.0005636 0.00078615 0.00089225 0.000607 0.00056345 0.0008879 0.0007471 0.0002286 0.00079305 0.0007076 0.0005937 0.000707 0.0007264 0.00084805 0.0003954 0.0007534 0.00056675 0.00080795 0.000473 0.00083 0.00079475 0.0007973 0.00036705 0.0005297 0.0007573 0.0007431 0.000718 0.0005176 0.00075625 0.00069305 0.00081515 0.0005236 0.0007621 0.0008134 0.00073155 0.00080215
7 4.87e-05 0.0006449 0.00067105 0.0005262 0.0006008 0.0005833 0.00079725 9.72e-05 0.0004095 0.0006148 0.0009025 0.0004854 0.0005059 0.00057855 0.00070815 0.0005284 0.00034825 0.00052015 0.00055255 0.0006008 0.0005598 0.000556 0.00057655 0.0003483 0.0006024 0.0003482 0.0005763 0.0002913 0.0006173 0.00058845 0.00071995 0.0004843 0.0004411 0.0004452 0.00077495 0.0005763 0.0006082 0.0005763 0.00011185 0.0005625 0.000461 0.0003482 0.00071895 0.0006131 0.0005775 0.00039985 0.00050795 0.0005263 0.0003178 0.0007707 0.00046995 0.0004948 0.000459 0.00037045 0.0005325 0.00051805 0.00035425 0.00069375 0.00079745 0.00057675 0.00051705 0.00049745 0.0005191 0.00069595 0.0006224 0.00070625 0.00054045 0.00079725 0.000553 0.0005463 0.00050885 0.0004806 0.00038125 0.0001956 0.0006801 0.00024355 0.0008012 0.00049485 0.0007751 0.00046285 0.00061355 4.89e-05 0.0007473 0.0008028 0.0003481 0.00037025 0.0005809 0.00066145 0.00052765 0.00046565 0.0004386 0.00050275 0.0005339 0.00061245 0.00065025 0.00049385
8 0.0004094 0.0004512 0.00060965 0.0004318 0.00049925 0.0004588 0.000741 0.0004095 0.0006762 0.00045335 0.0007131 0.00045675 0.00058265 0.00035465 0.00058225 0.0004007 0.00043585 0.0005649 0.0005102 0.0003944 0.00051175 0.00041915 0.00045175 0.000436 0.00050135 0.0004359 0.00042605 0.000443 0.00052435 0.00066715 0.0007063 0.0005596 0.0005255 0.0004746 0.0005876 0.000426 0.0006184 0.00045125 0.0004658 0.00053 0.00054175 0.0004358 0.00058245 0.00045885 0.00043355 0.00058615 0.00042635 0.0004319 0.0004804 0.00058215 0.00047415 0.0005554 0.0005048 0.00058925 0.0004573 0.00050675 0.00049695 0.0005478 0.0007412 0.00042115 0.0006915 0.0005327 0.00057535 0.00054195 0.0006637 0.0006248 0.00042845 0.000741 0.0005242 0.00045375 0.00049615 0.00045745 0.000493 0.00051195 0.0006357 0.0003866 0.00065535 0.0005382 0.00058775 0.00058285 0.00055205 0.00040935 0.00062125 0.00063185 0.0004359 0.00043065 0.0004573 0.00056985 0.00042605 0.0005417 0.0005328 0.0005098 0.00044435 0.000468 0.0004505 0.00049385
9 0.0006147 0.00010095 0.00047455 0.0004065 0.0007213 0.000159 0.00071475 0.0006148 0.00045335 0.0002005 0.00058055 0.00044805 0.00043405 0.0003148 0.00036875 0.0001947 0.00036345 0.00068135 0.00042855 0.0001577 0.0007537 0.00016205 0.0001295 0.0003636 0.0002367 0.0003635 0.0003827 0.0004515 0.0004675 0.0006453 0.00078755 0.00058955 0.0003655 0.00038195 0.00034625 0.00038275 0.0006101 0.0001289 0.0005549 0.00054565 0.0004111 0.0003634 0.00036905 0.0001061 0.00041295 0.0006485 0.0004109 0.0004066 0.00072645 0.00034075 0.0003743 0.0006055 0.0003718 0.00073195 0.00020755 0.0004225 0.00061495 0.0004139 0.00071495 0.00013555 0.00070045 0.0003449 0.00071015 0.0005143 0.00056635 0.00061335 0.00038255 0.00071475 0.00053985 0.00012915 0.00033215 0.0002357 0.00071945 0.00058355 0.00066285 0.00043145 0.00067935 0.00033205 0.0003464 0.0006289 0.0003031 0.00061475 0.0004656 0.00039865 0.00036345 0.0003081 0.00013505 0.00065525 0.0004007 0.00049685 0.0003546 0.0005117 0.00042095 0.0004993 0.00010035 0.0004617
10 0.0009024 0.00054805 0.0004862 0.0007115 0.00083745 0.000571 0.0002283 0.0009025 0.0007131 0.00058055 2e-07 0.0008191 0.00066555 0.00046005 0.00036075 0.00057335 0.0007205 0.0009253 0.0006403 0.0005104 0.00092635 0.0006161 0.0006506 0.00072065 0.00054755 0.00072055 0.000631 0.00077425 0.00079775 0.00036255 0.00069585 0.0008982 0.0006756 0.0007052 0.00024525 0.000631 0.0008321 0.00065035 0.00090785 0.000828 0.0006077 0.00072045 0.0003334 0.00056745 0.0005833 0.0008463 0.00073355 0.0007116 0.00083425 0.00028985 0.00070295 0.00081025 0.00077495 0.00070365 0.0006535 0.00071725 0.00079865 0.00075765 0.0002286 0.000579 0.0006795 0.00068035 0.00091695 0.00048275 0.00045135 0.00089515 0.0006952 0.0002284 0.0008499 0.00068285 0.000618 0.00069695 0.00074775 0.00092665 0.0003952 0.0008316 0.00046485 0.00069645 0.0002454 0.0009188 0.0007914 0.0009505 0.00025455 0.00036215 0.00067245 0.0007305 0.0006061 0.000462 0.00072435 0.00070715 0.0007844 0.0006391 0.0007071 0.0007178 0.00051595 0.00069635
11 0.0004853 0.00048905 0.00060665 0.00042415 0.00059675 0.0004308 0.000759 0.0004854 0.00045675 0.00044805 0.0008191 0.0006288 0.0005772 0.00054015 0.00056735 0.0004431 0.0004791 0.0005855 0.00052295 0.00051485 0.0005049 0.0004143 0.0003888 0.00047925 0.0004506 0.00047915 0.0005232 0.00047055 0.00051265 0.0007106 0.0006803 0.0005769 0.00050455 0.00056595 0.00066495 0.0005232 0.00062305 0.0003892 0.00048015 0.000507 0.00055655 0.00047905 0.00059145 0.0004459 0.000539 0.00057585 0.0004236 0.00042425 0.00048565 0.000641 0.0005101 0.0006347 0.0005033 0.00057315 0.00040785 0.00045785 0.0005067 0.00056265 0.0007592 0.0004533 0.0006578 0.0005798 0.0006435 0.0006279 0.000718 0.0006596 0.0004563 0.000759 0.00050245 0.00034765 0.00040565 0.00035815 0.00056095 0.00053215 0.0006771 0.00038105 0.0007407 0.00056385 0.0006651 0.0005628 0.00048665 0.0004472 0.00063905 0.00067185 0.00051725 0.00039425 0.00041285 0.0005837 0.00042605 0.0005423 0.0004901 0.0004562 0.00042955 0.0005939 0.00051455 0.00056555
12 0.0005058 0.0004582 0.00058995 0.0005837 0.00078385 0.000449 0.00069 0.0005059 0.00058265 0.00043405 0.00066555 0.0005772 0.0008023 0.00058785 0.00055095 0.00048725 0.0004786 0.00070825 0.0006129 0.00049425 0.0007627 0.0004689 0.0004435 0.00047875 0.0004279 0.00047865 0.0006068 0.00046585 0.00063725 0.0005515 0.0007557 0.00061055 0.0004015 0.0004621 0.0005637 0.0006068 0.0006919 0.0004432 0.00047725 0.0006316 0.00044975 0.00047855 0.0005602 0.0004319 0.0006048 0.00058255 0.00059205 0.0005838 0.00064995 0.00055785 0.00054075 0.00059725 0.000497 0.0006049 0.000447 0.00058275 0.00064295 0.0006239 0.0006902 0.000452 0.00055785 0.00043365 0.0007058 0.0006466 0.0005334 0.0007059 0.00057485 0.00069 0.00062805 0.00041925 0.00044015 0.0004492 0.00065 0.0004484 0.00071475 0.000489 0.00074295 0.00043155 0.00056385 0.0006168 0.00051425 0.00049515 0.00055125 0.000579 0.0004893 0.0004744 0.0004494 0.00068565 0.0005856 0.00051455 0.0004279 0.0005661 0.0005838 0.00067185 0.0004656 0.00052515
13 0.00057845 0.00026705 0.00056705 0.0004176 0.0005156 0.0003425 0.0006819 0.00057855 0.00035465 0.0003148 0.00046005 0.00054015 0.00058785 0.0002361 0.00045515 0.00025 0.0004287 0.0006377 0.0004619 0.00017435 0.00061215 0.00030855 0.00037705 0.00042885 0.00043785 0.00042875 0.00031595 0.000513 0.0005058 0.0006492 0.00079015 0.0006379 0.0005789 0.00039985 0.00034535 0.0003159 0.00066315 0.00037655 0.00063485 0.0005781 0.0005346 0.00042865 0.00042095 0.0003146 0.00031775 0.0006873 0.0004257 0.0004177 0.00065115 0.0003815 0.0004148 0.00055025 0.0004919 0.00076525 0.00041485 0.00054565 0.00058095 0.0004901 0.0006821 0.0002826 0.00079265 0.0004564 0.0006074 0.0004409 0.0005709 0.0006324 0.00039985 0.0006819 0.0005943 0.00042455 0.00052725 0.00045415 0.00057145 0.00065425 0.0005766 0.0004946 0.00054525 0.0004562 0.0003455 0.00070785 0.00054265 0.00062655 0.00049415 0.00044965 0.00038065 0.0004261 0.000341 0.0005273 0.00041755 0.00055675 0.00053155 0.00057665 0.0004126 0.0003744 0.00023045 0.0004214
14 0.00070805 0.0003716 0.00048035 0.00055305 0.0008092 0.0003614 0.00047325 0.00070815 0.00058225 0.00036875 0.00036075 0.00056735 0.00055095 0.00045515 0.0007213 0.0003973 0.00053465 0.0007794 0.0005271 0.0004038 0.00081405 0.00038665 0.00036485 0.0005348 0.00036865 0.0005347 0.00056735 0.00059485 0.00061745 0.0005056 0.000711 0.00073605 0.0005077 0.0005865 0.0003608 0.0005674 0.00069955 0.0003642 0.0006794 0.00066425 0.0005058 0.0005346 0.00036845 0.0003614 0.00056015 0.0007168 0.00056005 0.00055315 0.0007279 0.0003641 0.0005418 0.00074955 0.00055575 0.00064705 0.00041875 0.00052735 0.0006426 0.0006022 0.00047345 0.000387 0.0006631 0.00055785 0.0008041 0.0005566 0.0005507 0.00076225 0.0005606 0.00047325 0.0006642 0.0003618 0.00041595 0.00042295 0.00073385 0.0007245 0.000527 0.0005582 0.0006101 0.0005508 0.000361 0.00074315 0.0005134 0.00070815 0.00036155 0.00041795 0.0005346 0.00046385 0.00036165 0.00056505 0.00056015 0.000556 0.00055815 0.0005058 0.00056515 0.00064615 0.00037515 0.00062205
15 0.0005283 0.00018485 0.00050885 0.000407 0.0006638 0.0002056 0.0007196 0.0005284 0.0004007 0.0001947 0.00057335 0.0004431 0.00048725 0.00025 0.0003973 0.0003035 0.00035565 0.00065 0.00042055 0.0001587 0.00069325 0.0001931 0.00021945 0.0003558 0.00027105 0.0003557 0.00036625 0.00043745 0.0004498 0.0006502 0.0008058 0.0006347 0.0004684 0.000375 0.00036255 0.00036625 0.00060195 0.0002191 0.00052855 0.00053715 0.00043955 0.0003556 0.00036295 0.0001943 0.0003848 0.00063695 0.00040075 0.00040715 0.0006455 0.0003952 0.00035315 0.0005946 0.0004034 0.0007126 0.0002723 0.0004629 0.0005458 0.00048175 0.0007198 0.00019465 0.00072525 0.00038345 0.0006584 0.00049845 0.0005791 0.00063105 0.00040855 0.0007196 0.00055335 0.00022905 0.00034715 0.0002399 0.00062355 0.0005721 0.00063135 0.00039685 0.00066055 0.00036835 0.0003628 0.00066735 0.00036815 0.00055915 0.0004703 0.00043385 0.00032485 0.0002775 0.0001867 0.0006064 0.0004071 0.0004686 0.00036845 0.0005005 0.00039565 0.0004499 0.000152 0.00045215
16 0.00034805 0.0003588 0.00057825 0.00046005 0.00066 0.0003674 0.0007574 0.00034825 0.00043585 0.00036345 0.0007205 0.0004791 0.0004786 0.0004287 0.00053465 0.00035565 0.0006956 0.00061515 0.0004829 0.00036905 0.00066485 0.00036225 0.0003522 0.0003481 0.00044015 0.00034815 0.00046805 0.0003767 0.0005549 0.00061825 0.0007696 0.00054775 0.0004274 0.000408 0.00053425 0.00046805 0.0006259 0.00035165 0.00034835 0.0005624 0.0004321 0.0003478 0.00054205 0.000356 0.0004795 0.00052895 0.00046115 0.00045995 0.00054155 0.00053755 0.00041655 0.00054315 0.00042645 0.0005713 0.00036675 0.0004907 0.00050325 0.0005501 0.0007576 0.0003634 0.00061725 0.0004164 0.00061745 0.00060025 0.00058045 0.00067005 0.00046875 0.0007574 0.0005623 0.0003567 0.0004368 0.0003711 0.000555 0.00039435 0.00066915 0.00035525 0.0007337 0.0003942 0.00053435 0.0005617 0.00047135 0.000348 0.00060785 0.0005914 0.00034805 0.00035595 0.00034895 0.000652 0.00046725 0.00049205 0.00040175 0.0005287 0.00046575 0.0005547 0.00036235 0.00047075
17 0.00052005 0.00069635 0.0007023 0.00062925 0.0004552 0.0006834 0.00081305 0.00052015 0.0005649 0.00068135 0.0009253 0.0005855 0.00070825 0.0006377 0.0007794 0.00065 0.00061515 0.0006272 0.000615 0.0006722 0.0004368 0.00063635 0.000661 0.0006153 0.0007081 0.0006152 0.00064955 0.0005934 0.00047515 0.00080855 0.0005072 0.00045835 0.0006695 0.00063615 0.0008275 0.00064955 0.0004522 0.00066075 0.00055265 0.0004741 0.00071085 0.0006151 0.0007802 0.00069395 0.00066415 0.00056765 0.0006142 0.00062935 0.00058545 0.0008067 0.0005219 0.0005437 0.0006106 0.0006007 0.0006607 0.00057905 0.00048335 0.00050105 0.00081325 0.00064885 0.00066795 0.0006699 0.000439 0.000747 0.0007803 0.00039405 0.00062655 0.00081305 0.0004607 0.00064575 0.0006857 0.00063405 0.00062555 0.00056795 0.0007128 0.00053505 0.0006206 0.0006825 0.00082765 0.00043955 0.0005532 0.0005004 0.00083195 0.00074735 0.00063485 0.000585 0.0006819 0.00074185 0.0006164 0.0006508 0.00063495 0.00058495 0.00064405 0.0004778 0.00070395 0.00062355
18 0.00055245 0.00042385 0.00053335 0.00051335 0.00067715 0.0004324 0.0006399 0.00055255 0.0005102 0.00042855 0.0006403 0.00052295 0.0006129 0.0004619 0.0005271 0.00042055 0.0004829 0.000615 0.0008256 0.00043405 0.00068205 0.0004273 0.0004173 0.00048305 0.00050525 0.00048295 0.00052125 0.00052215 0.00058385 0.0006804 0.00068865 0.000646 0.0005618 0.0005422 0.00052655 0.00052125 0.00055445 0.00041675 0.0005527 0.00060255 0.0005668 0.00048285 0.00053445 0.000421 0.00053265 0.00052835 0.0005144 0.0005135 0.00064675 0.00053 0.00045265 0.0006413 0.0005324 0.00059615 0.000443 0.000421 0.00048145 0.0005791 0.0006401 0.0004285 0.00064155 0.0005506 0.00068725 0.00063575 0.00064205 0.00069735 0.00052205 0.0006399 0.0006025 0.00042175 0.00051305 0.0004473 0.00065965 0.0005983 0.00052655 0.00049005 0.00069005 0.00052835 0.0005268 0.0006601 0.00053475 0.0005526 0.0006003 0.0005838 0.0004828 0.00046895 0.0004139 0.00063265 0.0005206 0.00059795 0.00053595 0.0004942 0.00051895 0.00058365 0.00042735 0.00057715
19 0.0006007 0.0001041 0.00050225 0.0004085 0.0006204 0.00021155 0.000726 0.0006008 0.0003944 0.0001577 0.0005104 0.00051485 0.00049425 0.00017435 0.0004038 0.0001587 0.00036905 0.0006722 0.00043405 0.000126 0.0007246 0.0001811 0.00022165 0.0003692 0.0003122 0.0003691 0.0002923 0.00046185 0.0004672 0.00065665 0.0008288 0.000631 0.0004876 0.00031945 0.00029975 0.0002923 0.0006294 0.0002208 0.0005941 0.00056615 0.0004461 0.000369 0.0003628 0.00017045 0.00032305 0.00067895 0.00040925 0.0004086 0.00071575 0.00032745 0.0003588 0.00054365 0.0004316 0.0007953 0.00027895 0.0005152 0.00062785 0.0004306 0.0007262 0.00016355 0.0007603 0.00033525 0.0006652 0.0004206 0.0005448 0.0006076 0.00038655 0.000726 0.00057665 0.000275 0.00042815 0.00031415 0.00063615 0.0006141 0.0006447 0.00047375 0.00061515 0.00033415 0.0002999 0.0006897 0.0003966 0.0006488 0.0004769 0.00039145 0.000321 0.0003539 0.000194 0.0006202 0.0003955 0.0005274 0.00039695 0.0005714 0.00040955 0.00039825 6.305e-05 0.00039985
20 0.0005597 0.00077115 0.0007826 0.00055695 0.00035285 0.00074815 0.00085565 0.0005598 0.00051175 0.0007537 0.00092635 0.0005049 0.0007627 0.00061215 0.00081405 0.00069325 0.00066485 0.0004368 0.00068205 0.0007246 0.0006157 0.00070875 0.0007317 0.000665 0.00076545 0.0006649 0.000589 0.00063185 0.00050895 0.00083875 0.00057155 0.0004986 0.0007333 0.00068655 0.00085865 0.000589 0.0005822 0.00073145 0.0006173 0.00048035 0.00077115 0.0006648 0.00081825 0.0007587 0.000596 0.0006387 0.00054955 0.00055705 0.000506 0.0008438 0.00065325 0.0005519 0.0006837 0.00066185 0.00070715 0.0006496 0.00057645 0.00056005 0.00085585 0.00072125 0.00074465 0.00074275 0.0004744 0.0006973 0.00081545 0.000457 0.0005619 0.00085565 0.0004801 0.00071405 0.0007154 0.00068145 0.0005425 0.00062165 0.00074975 0.00057585 0.00061755 0.00074775 0.0008588 0.0005057 0.000654 0.00053855 0.0008523 0.000809 0.00068605 0.0006523 0.00074665 0.0006172 0.0005517 0.0007096 0.0007071 0.0006406 0.0005495 0.00048735 0.0007804 0.00062525
21 0.0005559 0.0001571 0.00049255 0.00040175 0.00069625 0.00018035 0.0007223 0.000556 0.00041915 0.00016205 0.0006161 0.0004143 0.0004689 0.00030855 0.00038665 0.0001931 0.00036225 0.00063635 0.0004273 0.0001811 0.00070875 0.000312 0.00015665 0.0003624 0.000254 0.0003623 0.0004014 0.0004309 0.0004513 0.0006529 0.00076175 0.00060215 0.0004145 0.000394 0.0003922 0.0004014 0.0005936 0.00015695 0.00052575 0.0005256 0.0004291 0.0003622 0.00038615 0.00016755 0.00042485 0.00063595 0.0004015 0.00040185 0.000664 0.00038645 0.00037305 0.00061595 0.0003841 0.00069235 0.00023095 0.00042635 0.0005559 0.00042625 0.0007225 0.00016715 0.0007071 0.0003854 0.0006738 0.00050965 0.000601 0.00061075 0.0004063 0.0007223 0.00051985 0.0001614 0.0003169 0.0002305 0.00067025 0.00057105 0.0006512 0.00036865 0.0006816 0.0003771 0.00039235 0.0006088 0.00031615 0.000556 0.00047265 0.00043615 0.0003622 0.0002778 0.0001625 0.0006436 0.000396 0.0004653 0.0003708 0.000468 0.0004197 0.0004824 0.00015675 0.00047345
22 0.00057645 0.00011855 0.000475 0.000398 0.00074505 0.0001551 0.00072095 0.00057655 0.00045175 0.0001295 0.0006506 0.0003888 0.0004435 0.00037705 0.00036485 0.00021945 0.0003522 0.000661 0.0004173 0.00022165 0.0007317 0.00015665 0.0001558 0.00035235 0.00023265 0.00035225 0.00043565 0.0004419 0.00046425 0.0006515 0.0007588 0.00057865 0.0003622 0.0004268 0.0004063 0.00043565 0.0005945 7.83e-05 0.00051415 0.000531 0.0004073 0.00035215 0.00040075 0.0001308 0.0004718 0.0006224 0.00039565 0.0003981 0.0006929 0.0003642 0.0003789 0.00064875 0.00035845 0.00066685 0.00018115 0.0003859 0.000558 0.0004024 0.00072115 0.0001669 0.0006818 0.0003945 0.00069735 0.0005708 0.00061155 0.00061825 0.0004059 0.00072095 0.00051115 8.875e-05 0.000288 0.00021765 0.00074135 0.00055745 0.0006616 0.0003611 0.00071445 0.00036725 0.00040645 0.00060015 0.000269 0.0005422 0.0004712 0.00043025 0.0003865 0.00026825 0.0001201 0.0006682 0.00039645 0.00045455 0.00036145 0.00044875 0.0004239 0.00053115 0.00015885 0.0005063
23 0.0003483 0.00035895 0.0005784 0.0004602 0.00066015 0.00036755 0.00075755 0.0003483 0.000436 0.0003636 0.00072065 0.00047925 0.00047875 0.00042885 0.0005348 0.0003558 0.0003481 0.0006153 0.00048305 0.0003692 0.000665 0.0003624 0.00035235 0.0006959 0.0004403 0.0003481 0.0004682 0.00037685 0.00055505 0.0006183 0.00076975 0.0005479 0.00042755 0.00040815 0.0005344 0.0004682 0.00062605 0.0003518 0.00034835 0.00056255 0.00043215 0.00034805 0.0005422 0.00035615 0.00047965 0.0005291 0.0004613 0.0004601 0.0005417 0.0005377 0.0004166 0.0005433 0.0004266 0.0005713 0.0003669 0.00049085 0.0005034 0.00055025 0.00075775 0.00036355 0.0006174 0.00041655 0.0006176 0.0006004 0.0005806 0.0006702 0.0004689 0.00075755 0.00056245 0.00035685 0.00043695 0.00037125 0.00055515 0.00039435 0.0006693 0.0003552 0.00073385 0.00039435 0.0005345 0.00056185 0.0004715 0.00034825 0.000608 0.00059155 0.0003482 0.0003561 0.0003491 0.00065215 0.0004674 0.0004922 0.0004019 0.00052885 0.0004659 0.00055485 0.0003625 0.0004709
24 0.0006023 0.0002802 0.0004747 0.00048505 0.00080015 0.00024205 0.00060675 0.0006024 0.00050135 0.0002367 0.00054755 0.0004506 0.0004279 0.00043785 0.00036865 0.00027105 0.00044015 0.0007081 0.00050525 0.0003122 0.00076545 0.000254 0.00023265 0.0004403 0.0003769 0.0004402 0.0005266 0.00048745 0.00050965 0.00053745 0.00073695 0.00066025 0.0003596 0.00050245 0.0004213 0.0005266 0.00063305 0.0002329 0.0005738 0.00056975 0.0004113 0.0004401 0.0003681 0.00024215 0.00053215 0.0006913 0.00047955 0.00048515 0.000666 0.00041185 0.0004517 0.0007239 0.0004273 0.0006256 0.00029265 0.00045215 0.0005858 0.0005424 0.00060695 0.0002546 0.0006666 0.00047545 0.00074795 0.0005573 0.0006075 0.00067705 0.0004793 0.00060675 0.00056395 0.00018905 0.00024915 0.00024875 0.0007123 0.00062635 0.0006315 0.00041035 0.00068945 0.00048125 0.00042145 0.0006673 0.0003566 0.00058505 0.0003686 0.00044025 0.00045745 0.00030865 0.0002422 0.0006239 0.00047935 0.00042755 0.0004278 0.0004182 0.00049765 0.00058625 0.0002836 0.00058145
25 0.0003482 0.00035885 0.0005783 0.0004601 0.00066005 0.00036745 0.00075745 0.0003482 0.0004359 0.0003635 0.00072055 0.00047915 0.00047865 0.00042875 0.0005347 0.0003557 0.00034815 0.0006152 0.00048295 0.0003691 0.0006649 0.0003623 0.00035225 0.0003481 0.0004402 0.0006957 0.0004681 0.00037675 0.00055495 0.0006182 0.00076965 0.0005478 0.00042745 0.00040805 0.0005343 0.0004681 0.00062595 0.0003517 0.00034825 0.00056245 0.00043205 0.0003481 0.0005421 0.00035605 0.00047955 0.000529 0.0004612 0.00046015 0.0005416 0.0005376 0.00041675 0.0005432 0.0004265 0.0005712 0.0003668 0.00049075 0.0005033 0.00055015 0.00075765 0.00036345 0.0006173 0.00041645 0.0006175 0.0006003 0.0005805 0.0006701 0.0004688 0.00075745 0.00056235 0.00035675 0.00043685 0.00037115 0.00055505 0.00039425 0.0006692 0.000355 0.00073375 0.00039425 0.00053435 0.00056175 0.0004714 0.00034815 0.0006079 0.00059145 0.00034825 0.000356 0.000349 0.00065205 0.0004673 0.0004921 0.0004018 0.00052875 0.0004658 0.00055475 0.0003624 0.0004708
26 0.0005762 0.00032635 0.0005915 0.00041385 0.00048475 0.0004267 0.0007643 0.0005763 0.00042605 0.0003827 0.000631 0.0005232 0.0006068 0.00031595 0.00056735 0.00036625 0.00046805 0.00064955 0.00052125 0.0002923 0.000589 0.0004014 0.00043565 0.0004682 0.0005266 0.0004681 0.000571 0.0005179 0.00055245 0.0007116 0.00079 0.00063435 0.0006029 0.00043855 0.0004713 0.00028565 0.00067435 0.00043505 0.00057645 0.0005981 0.000552 0.000468 0.0005261 0.00039545 0.0003173 0.00065605 0.00039455 0.00041395 0.00060305 0.00049875 0.0004642 0.000528 0.0005764 0.00076105 0.00043965 0.0006049 0.0006586 0.0005248 0.0007645 0.0003827 0.00073945 0.00044855 0.0006785 0.0004272 0.00060625 0.00065885 0.0003824 0.0007643 0.0006086 0.00049175 0.00058125 0.00046685 0.00054205 0.000603 0.00068095 0.00057085 0.0006577 0.00044655 0.00047145 0.00066825 0.00056885 0.0006243 0.0006406 0.00056275 0.00042 0.0005117 0.00040825 0.00056265 0.00040085 0.00066185 0.0005011 0.00066285 0.00040295 0.00048515 0.00028555 0.0004575
27 0.0002912 0.0004724 0.0005959 0.0004755 0.0006487 0.00042755 0.000745 0.0002913 0.000443 0.0004515 0.00077425 0.00047055 0.00046585 0.000513 0.00059485 0.00043745 0.0003767 0.0005934 0.00052215 0.00046185 0.00063185 0.0004309 0.0004419 0.00037685 0.00048745 0.00037675 0.0005179 0.0005545 0.0005837 0.00059515 0.0007261 0.0005521 0.000415 0.00041685 0.0006181 0.0005179 0.000595 0.00044165 0.0002999 0.0005075 0.0004391 0.00037665 0.00060195 0.0004441 0.0004996 0.0004842 0.0004874 0.0004756 0.00047585 0.0006211 0.0004562 0.00052545 0.00045285 0.0005036 0.00037275 0.0005041 0.0005106 0.00060255 0.0007452 0.00044295 0.00055095 0.00041645 0.0006085 0.00060725 0.0005803 0.00065265 0.0004928 0.000745 0.0005075 0.00042085 0.0003894 0.00035345 0.00046885 0.0003389 0.0006783 0.00033885 0.00075635 0.00042415 0.00061825 0.00050715 0.0004915 0.00029125 0.000638 0.0006629 0.0003767 0.00041405 0.000439 0.0006501 0.00048265 0.0004906 0.00040775 0.00050145 0.00049395 0.0005991 0.0004762 0.00047935
28 0.0006172 0.00047975 0.0006528 0.000547 0.0005167 0.0004825 0.0008183 0.0006173 0.00052435 0.0004675 0.00079775 0.00051265 0.00063725 0.0005058 0.00061745 0.0004498 0.0005549 0.00047515 0.00058385 0.0004672 0.00050895 0.0004513 0.00046425 0.00055505 0.00050965 0.00055495 0.00055245 0.0005837 0.0007903 0.0007848 0.00061715 0.0005 0.0006134 0.00055725 0.0006452 0.00055245 0.00052925 0.0004645 0.00061205 0.000461 0.00063235 0.00055485 0.00059655 0.0004801 0.000583 0.0006626 0.00053745 0.0005471 0.0006538 0.00064485 0.0005238 0.000557 0.000553 0.000728 0.0005095 0.0005711 0.00058635 0.00044405 0.0008185 0.00047275 0.00074455 0.00057275 0.0005168 0.00066375 0.0007241 0.0004098 0.00055265 0.0008183 0.0004596 0.00045175 0.00055355 0.00046105 0.0006671 0.0006338 0.0007364 0.0005267 0.0005969 0.00057155 0.00064535 0.00051455 0.00043085 0.00061695 0.00068915 0.0005994 0.0005552 0.0004669 0.0004647 0.0007103 0.00053415 0.0006095 0.00052265 0.00058695 0.00055775 0.00043685 0.0004669 0.0005584
29 0.0005884 0.0006584 0.0005498 0.00069625 0.0008339 0.0006135 0.00040005 0.00058845 0.00066715 0.0006453 0.00036255 0.0007106 0.0005515 0.0006492 0.0005056 0.0006502 0.00061825 0.00080855 0.0006804 0.00065665 0.00083875 0.0006529 0.0006515 0.0006183 0.00053745 0.0006182 0.0007116 0.00059515 0.0007848 0.0007249 0.0006753 0.00075315 0.0005132 0.0006709 0.00050525 0.0007116 0.00077915 0.00065125 0.00059375 0.0007484 0.0005053 0.0006182 0.0005127 0.0006379 0.0006696 0.0007017 0.0007047 0.00069635 0.00064045 0.00050825 0.00067605 0.00074865 0.0006785 0.0005129 0.00062215 0.00067015 0.0006709 0.00078385 0.00040025 0.00064375 0.0005641 0.0006476 0.00081785 0.0005963 0.0005267 0.00085605 0.0006943 0.0004 0.0007483 0.00063825 0.0005131 0.00062645 0.0006465 0.00063955 0.0005377 0.0006141 0.000635 0.0006694 0.00050535 0.00072705 0.000727 0.00058835 0.00039945 0.0005621 0.00061835 0.0006257 0.0006486 0.00056665 0.0007034 0.00058275 0.0006766 0.00055175 0.00070935 0.0007799 0.0006622 0.0006912
30 0.00071985 0.00081515 0.00064105 0.00073505 0.0006037 0.00077115 0.00056955 0.00071995 0.0007063 0.00078755 0.00069585 0.0006803 0.0007557 0.00079015 0.000711 0.0008058 0.0007696 0.0005072 0.00068865 0.0008288 0.00057155 0.00076175 0.0007588 0.00076975 0.00073695 0.00076965 0.00079 0.0007261 0.00061715 0.0006753 0.0008863 0.0005989 0.0007048 0.0008107 0.00077295 0.00079 0.00056525 0.00075855 0.00072355 0.00058505 0.0007525 0.00076955 0.0007321 0.000793 0.0007787 0.00066635 0.00073365 0.00073515 0.0006705 0.00074345 0.0007107 0.00069115 0.0007593 0.0005664 0.00074775 0.0006314 0.00062535 0.00061745 0.00056995 0.0007733 0.0006246 0.0008074 0.0006242 0.00074445 0.0007508 0.00053485 0.00073855 0.00056975 0.00056735 0.0007309 0.00069495 0.00073625 0.00071775 0.00074745 0.00061155 0.00069235 0.00058125 0.0008279 0.0007731 0.00055445 0.00066495 0.00068895 0.0006909 0.00071315 0.00080055 0.000746 0.0007884 0.0006865 0.00072935 0.0007343 0.0007868 0.0005779 0.0007636 0.00064935 0.0008386 0.00077085
31 0.0004842 0.0006071 0.0007221 0.00060005 0.00051105 0.00062585 0.00085595 0.0004843 0.0005596 0.00058955 0.0008982 0.0005769 0.00061055 0.0006379 0.00073605 0.0006347 0.00054775 0.00045835 0.000646 0.000631 0.0004986 0.00060215 0.00057865 0.0005479 0.00066025 0.0005478 0.00063435 0.0005521 0.0005 0.00075315 0.0005989 0.0007676 0.00054535 0.0005725 0.00077015 0.00063435 0.00057115 0.00057835 0.000479 0.0005043 0.0006252 0.0005477 0.00075725 0.000595 0.0006578 0.0005833 0.00060585 0.00060015 0.00059195 0.00074055 0.0005874 0.0004967 0.00056345 0.00063355 0.00060395 0.0005987 0.0005718 0.00048385 0.00085615 0.00059485 0.00066525 0.0005881 0.00048145 0.00075475 0.0007075 0.00043825 0.00059285 0.00085595 0.0004866 0.000561 0.00067125 0.0006205 0.00062285 0.0004852 0.00077405 0.0005135 0.00064145 0.00057945 0.0007703 0.00042695 0.0005334 0.0004532 0.0008081 0.0007185 0.0005788 0.0005551 0.0006083 0.00075585 0.00059435 0.00064855 0.0005664 0.0006431 0.0006278 0.0005131 0.00063065 0.00055925
32 0.000441 0.00042465 0.0005463 0.00052975 0.0007727 0.00039005 0.00065195 0.0004411 0.0005255 0.0003655 0.0006756 0.00050455 0.0004015 0.0005789 0.0005077 0.0004684 0.0004274 0.0006695 0.0005618 0.0004876 0.0007333 0.0004145 0.0003622 0.00042755 0.0003596 0.00042745 0.0006029 0.000415 0.0006134 0.0005132 0.0007048 0.00054535 0.0005314 0.00050705 0.0005686 0.0006029 0.00064845 0.00036195 0.0004152 0.0005838 0.0004063 0.00042735 0.0005492 0.0003638 0.00059115 0.00058415 0.00054045 0.00052985 0.00059275 0.0005299 0.0005097 0.00064375 0.000424 0.00051075 0.00037405 0.0004638 0.000561 0.0005831 0.00065215 0.0003807 0.00056735 0.00047535 0.00069305 0.0006451 0.00059105 0.00068555 0.00050355 0.00065195 0.0005617 0.000303 0.00034565 0.0003932 0.00065155 0.0004499 0.0006688 0.00038415 0.00074015 0.00048405 0.00056875 0.00055045 0.00045345 0.000393 0.00050175 0.0005817 0.00047545 0.00040735 0.000401 0.0006691 0.0005312 0.0004551 0.00046445 0.00045785 0.0005621 0.0006607 0.00046445 0.00057165
33 0.0004451 0.00035245 0.0006165 0.00050765 0.0006343 0.00041865 0.00080945 0.0004452 0.0004746 0.00038195 0.0007052 0.00056595 0.0004621 0.00039985 0.0005865 0.000375 0.000408 0.00063615 0.0005422 0.00031945 0.00068655 0.000394 0.0004268 0.00040815 0.00050245 0.00040805 0.00043855 0.00041685 0.00055725 0.0006709 0.0008107 0.0005725 0.00050705 0.0006386 0.00051925 0.0004385 0.00065205 0.00042625 0.0004387 0.0005927 0.00048505 0.00040795 0.0005544 0.0003886 0.0004632 0.00053675 0.0005126 0.00050775 0.00062315 0.000545 0.000449 0.00045725 0.00048015 0.0006982 0.0004298 0.0005973 0.0006091 0.0005466 0.00080965 0.0003875 0.0006181 0.0003354 0.00061355 0.00056655 0.000514 0.00063915 0.00050065 0.00080945 0.0006039 0.00045605 0.00054385 0.00043905 0.0005503 0.0004027 0.00072815 0.0004756 0.0007084 0.00032805 0.0005194 0.00060235 0.0005176 0.0004825 0.0006593 0.00057225 0.00037065 0.0004424 0.0004011 0.0006837 0.00050075 0.0005649 0.00036295 0.00064245 0.00049775 0.00052215 0.0003194 0.0003852
34 0.00077485 0.00030345 0.0004857 0.0005526 0.00076975 0.0003611 0.00047285 0.00077495 0.0005876 0.00034625 0.00024525 0.00066495 0.0005637 0.00034535 0.0003608 0.00036255 0.00053425 0.0008275 0.00052655 0.00029975 0.00085865 0.0003922 0.0004063 0.0005344 0.0004213 0.0005343 0.0004713 0.0006181 0.0006452 0.00050525 0.00077295 0.00077015 0.0005686 0.00051925 0.0004903 0.0004713 0.00074765 0.00040575 0.0007462 0.0007043 0.00050535 0.0005342 0.00033385 0.000333 0.00045825 0.0007574 0.00057385 0.00055275 0.0008084 0.0002902 0.0005275 0.0006821 0.0005993 0.0007618 0.00043805 0.0006142 0.0007437 0.00059065 0.00047305 0.00036445 0.0007037 0.0004891 0.00082275 0.00046955 0.0004762 0.00077145 0.00054605 0.00047285 0.0007262 0.00044885 0.000509 0.00048155 0.0007228 0.00076515 0.0005266 0.0006732 0.00055695 0.0004762 0.00024545 0.00080515 0.0005757 0.00082295 0.0003614 0.0003625 0.0004862 0.0005446 0.00036135 0.0005473 0.00056555 0.00062765 0.00056455 0.00062075 0.0005473 0.0005988 0.0002711 0.00055325
35 0.0005762 0.0003264 0.00059155 0.00041385 0.0004847 0.0004267 0.0007643 0.0005763 0.000426 0.00038275 0.000631 0.0005232 0.0006068 0.0003159 0.0005674 0.00036625 0.00046805 0.00064955 0.00052125 0.0002923 0.000589 0.0004014 0.00043565 0.0004682 0.0005266 0.0004681 0.00028565 0.0005179 0.00055245 0.0007116 0.00079 0.00063435 0.0006029 0.0004385 0.0004713 0.0005708 0.00067435 0.0004351 0.00057645 0.0005981 0.000552 0.000468 0.0005261 0.00039545 0.00031725 0.00065605 0.0003946 0.00041395 0.00060305 0.00049875 0.0004642 0.000528 0.0005764 0.00076105 0.00043965 0.0006049 0.0006586 0.0005248 0.0007645 0.0003827 0.00073945 0.0004486 0.0006785 0.0004272 0.00060625 0.00065885 0.00038235 0.0007643 0.0006086 0.00049175 0.00058125 0.00046685 0.00054205 0.000603 0.00068095 0.00057085 0.0006577 0.00044655 0.00047145 0.00066825 0.0005689 0.0006243 0.0006406 0.00056275 0.00042 0.0005117 0.00040825 0.00056265 0.0004009 0.00066185 0.0005011 0.00066285 0.00040295 0.00048515 0.0002855 0.0004575
36 0.0006081 0.00062985 0.0006396 0.00065945 0.0006006 0.00060485 0.000737 0.0006082 0.0006184 0.0006101 0.0008321 0.00062305 0.0006919 0.00066315 0.00069955 0.00060195 0.0006259 0.0004522 0.00055445 0.0006294 0.0005822 0.0005936 0.0005945 0.00062605 0.00063305 0.00062595 0.00067435 0.000595 0.00052925 0.00077915 0.00056525 0.00057115 0.00064845 0.00065205 0.00074765 0.00067435 0.000754 0.00059425 0.0006224 0.00051385 0.0006948 0.00062585 0.00070035 0.0006227 0.00067695 0.0005658 0.000639 0.00065955 0.00068065 0.00072685 0.00053955 0.0006565 0.0006166 0.00061525 0.00057985 0.00051375 0.00050015 0.00055545 0.0007372 0.00059595 0.00066395 0.0006479 0.00057035 0.0007565 0.00075915 0.00043355 0.0006466 0.000737 0.00050035 0.0005745 0.00059635 0.0005532 0.00072595 0.0006374 0.0006389 0.0005695 0.00066135 0.0006747 0.0007478 0.0005383 0.0004721 0.0005884 0.0007436 0.00066755 0.00064565 0.00059585 0.0006154 0.0007533 0.0006466 0.00065305 0.00062715 0.00055695 0.00066885 0.0005502 0.00063745 0.0006884
37 0.0005762 0.00011795 0.0004744 0.00039745 0.0007448 0.0001548 0.0007207 0.0005763 0.00045125 0.0001289 0.00065035 0.0003892 0.0004432 0.00037655 0.0003642 0.0002191 0.00035165 0.00066075 0.00041675 0.0002208 0.00073145 0.00015695 7.83e-05 0.0003518 0.0002329 0.0003517 0.00043505 0.00044165 0.0004645 0.00065125 0.00075855 0.00057835 0.00036195 0.00042625 0.00040575 0.0004351 0.00059425 0.0001553 0.00051365 0.00053075 0.00040675 0.0003516 0.000401 0.00013025 0.0004713 0.0006221 0.000395 0.00039755 0.00069265 0.00036395 0.00037835 0.00064845 0.0003582 0.0006666 0.0001809 0.00038565 0.00055775 0.00040215 0.0007209 0.00016665 0.0006815 0.0003939 0.0006971 0.00057055 0.00061125 0.000618 0.00040565 0.0007207 0.0005109 8.915e-05 0.00028805 0.0002179 0.0007411 0.00055715 0.00066135 0.0003611 0.0007142 0.00036665 0.0004059 0.0005999 0.00026835 0.00054195 0.00047125 0.00043 0.00038595 0.0002685 0.00012015 0.00066795 0.00039585 0.0004546 0.00036165 0.0004488 0.00042335 0.00053065 0.00015795 0.000506
