 slim_337502489 slim_337502424 slim_337502616 slim_337502561 slim_337502622 slim_337502654 slim_337502272 slim_337502279 slim_337502527 slim_337502684 slim_337502402 slim_337502679 slim_337502669 slim_337502486 slim_337502382 slim_337502677 slim_337502686 slim_337502315 slim_337502664 slim_337502647 slim_337502493 slim_337502674 slim_337502510 slim_337502626 slim_337502641 slim_337502659 slim_337502369 slim_337502650 slim_337502463 slim_337502672 slim_337502447 slim_337502281 slim_337502619 slim_337502602 slim_337502661 slim_337502618 slim_337502607 slim_337502634 slim_337502580 slim_337502642 slim_337502611 slim_337502662 slim_337502683 slim_337502652 slim_337502688 slim_337502673 slim_337502260 slim_337502592 slim_337502629 slim_337502536 slim_337502680 slim_337502655 slim_337502678 slim_337502687 slim_337502560 slim_337502470 slim_337502665 slim_337502606 slim_337502585 slim_337502660 slim_337502614 slim_337502663 slim_337502570 slim_337502617 slim_337502574 slim_337502342 slim_337502522 slim_337502682 slim_337502670 slim_337502594 slim_337502628 slim_337502452 slim_337502639 slim_337502564 slim_337502675 slim_337502631 slim_337502666 slim_337502539 slim_337502656 slim_337502613 slim_337502545 slim_337502671 slim_337502551 slim_337502632 slim_337502658 slim_337502509 slim_337502391 slim_337502232 slim_337502575 slim_337502657
0 0.0005759 0.00039235 0.00033735 0.0004856 0.0004919 0.0004239 0.00033735 0.00039805 0.0003682 0.0003991 0.0004373 0.00037415 0.00039835 0.0004535 0.00044185 0.0004068 0.00037065 0.0004417 0.00038395 0.00038005 0.00043735 0.0004856 0.00034265 0.00044485 0.00038695 0.0003393 0.0004139 0.0003871 0.00041345 0.0004262 0.0003557 0.00039795 0.00038575 0.00039275 0.00033755 0.00042325 0.0003607 0.00044495 0.0004544 0.00031535 0.00041305 0.0003881 0.0004542 0.0003796 0.00034265 0.0003715 0.0003559 0.0004209 0.00042055 0.0003875 0.00042135 0.0004051 0.00037475 0.00042435 0.00034335 0.0004361 0.00038565 0.0003569 0.00035655 0.00039815 0.0004717 0.0004203 0.00040675 0.00042105 0.00042915 0.00036055 0.00039545 0.00038895 0.0004391 0.0003698 0.00042405 0.00040825 0.0004037 0.00045115 0.00036525 0.0003728 0.0003745 0.00033635 0.00039045 0.0004544 0.00038565 0.0003645 0.0002888 0.0003866 0.0004145 0.0004552 0.00034975 0.00037175 0.0004364 0.0003385
1 0.00039235 0.0004536 0.00043815 0.00065165 0.00038465 0.00034095 0.0004381 0.0002694 0.00036765 0.0005938 0.00051105 0.0004265 0.00039575 0.00027 0.0003015 0.00038395 0.00023855 0.0002656 0.00030005 0.00036265 0.0005111 0.00065165 0.00025035 0.0004457 0.00032755 0.0003586 0.0002338 0.0006188 0.00031895 0.00026205 0.000388 0.00040615 0.000311 0.00032105 0.0004381 0.00031555 0.00040655 0.0004458 0.0004393 0.00038105 0.00036095 0.0003489 0.00052475 0.00044255 0.00025035 0.00042935 0.0003882 0.0002993 0.00029895 0.00043855 0.00058485 0.0002773 0.0004629 0.00033705 0.00043195 0.0004895 0.0003264 0.0004893 0.00047335 0.0003482 0.00030835 0.00041545 0.0002909 0.00028565 0.0002746 0.0004064 0.00028375 0.0003704 0.0002685 0.0002804 0.0003123 0.0004107 0.0002606 0.0002965 0.00029935 0.00029285 0.00033805 0.00042175 0.00037295 0.00043935 0.00032635 0.00031895 0.00045055 0.00034775 0.0003189 0.00052465 0.0004176 0.00042255 0.0004895 0.0004597
2 0.00033735 0.00043815 0.0004678 0.00043515 0.0004315 0.0003592 0.000234 0.0004453 0.00035465 0.00034 0.0003362 0.0003634 0.00039945 0.0004497 0.0004652 0.00036505 0.00043035 0.00046965 0.0004143 0.00036275 0.00033625 0.00043515 0.0004103 0.0004252 0.0002343 0.00035795 0.00043115 0.0003266 0.0004307 0.00043735 0.00034035 0.00035685 0.0002996 0.0002478 0.00023425 0.00036315 0.0002708 0.0004253 0.00044495 0.00032215 0.00042615 0.00023595 0.00044065 0.0003761 0.0004103 0.0003579 0.00034055 0.00034695 0.00034695 0.00035025 0.0003709 0.0003404 0.0003594 0.00036475 0.00024765 0.0003345 0.00023455 0.00029875 0.00036365 0.00026865 0.0004725 0.0003796 0.00044645 0.0004018 0.00044815 0.00027065 0.00032465 0.0002372 0.0004642 0.00039375 0.00046985 0.0003993 0.0004055 0.00047015 0.0003228 0.0002927 0.00040655 0.00029945 0.0003769 0.00044085 0.0002344 0.0003236 0.00023475 0.000236 0.0004542 0.0004641 0.00024815 0.0002702 0.0003349 0.0002356
3 0.0004856 0.00065165 0.00043515 3e-07 0.00052755 0.00063395 0.0004351 0.0006397 0.0004639 0.0001619 0.0002781 0.00052205 0.0004996 0.00064525 0.00071705 0.00058035 0.00067415 0.000717 0.000601 0.00049425 0.00027775 2.5e-07 0.0005908 0.0003465 0.000536 0.00043545 0.0007089 0.00021235 0.00065825 0.00071495 0.00052945 0.0003998 0.00059935 0.00054215 0.00043525 0.00062255 0.00041135 0.00034715 0.00036635 0.0004566 0.0004867 0.0005456 0.0003123 0.00045645 0.0005908 0.00051665 0.0005296 0.0006359 0.00063555 0.0003702 0.000117 0.0006302 0.00052255 0.00063215 0.00044145 0.00026925 0.00053435 0.0004058 0.0004702 0.0004974 0.00063765 0.00039985 0.0006329 0.0005976 0.0006956 0.0004112 0.00061445 0.00055505 0.00071165 0.00060995 0.0006651 0.00047135 0.00069335 0.00071745 0.00056825 0.00058265 0.0005142 0.0004986 0.00047935 0.00036355 0.00053435 0.0005758 0.00038855 0.0005438 0.00064945 0.0003029 0.00036945 0.00038465 0.00026815 0.0004448
4 0.0004919 0.00038465 0.0004315 0.00052755 0.000568 0.00032765 0.00043145 0.00041075 0.0004206 0.0005509 0.0004222 0.00047885 0.00048375 0.0003819 0.0003381 0.0004804 0.000345 0.0003319 0.0004423 0.00042765 0.00042225 0.00052755 0.0004575 0.00040615 0.00028495 0.00051525 0.0002849 0.0005631 0.0003495 0.00030695 0.00043125 0.00051675 0.0003307 0.00029655 0.0004314 0.00033195 0.0004371 0.00040625 0.00040585 0.00050555 0.0003507 0.00030075 0.00047075 0.0005009 0.0004575 0.000479 0.00043145 0.0003253 0.00032525 0.0005488 0.000552 0.0002846 0.00048555 0.00034795 0.00044345 0.00040625 0.00028535 0.00056575 0.00061125 0.00037255 0.0004293 0.0005279 0.0004424 0.00038215 0.0003321 0.00043695 0.00028495 0.0003168 0.0003321 0.0004408 0.0004642 0.0004776 0.0003303 0.0003539 0.00037885 0.00028475 0.00046205 0.0004775 0.00043075 0.000406 0.00028515 0.00039435 0.00050405 0.0003012 0.00046465 0.00058585 0.00042065 0.00043045 0.0004061 0.00044755
5 0.0004239 0.00034095 0.0003592 0.00063395 0.00032765 0.0004722 0.0003592 0.0003667 0.0003492 0.00055625 0.0004368 0.00040695 0.0004119 0.00033425 0.00024735 0.00038855 0.00030125 0.00028425 0.00038365 0.00035605 0.00043685 0.00063395 0.000403 0.0004356 0.0002365 0.00044725 0.0002373 0.00056835 0.0002776 0.0002405 0.0003595 0.00044495 0.0002867 0.00024845 0.0003595 0.00028365 0.00036495 0.0004357 0.0004394 0.0004425 0.00038975 0.00023825 0.0004759 0.0004049 0.000403 0.000407 0.0003597 0.0002626 0.0002626 0.00045615 0.00055085 0.00023655 0.00037055 0.00028545 0.00037125 0.0004351 0.00023685 0.00046055 0.00051 0.0003242 0.0003815 0.00044965 0.00038395 0.0003342 0.00028425 0.0003648 0.0002367 0.0002396 0.00028435 0.00040075 0.0003872 0.00039935 0.00028645 0.0002873 0.00032025 0.0002367 0.000409 0.0004094 0.00035255 0.0004354 0.00023675 0.0003212 0.00043705 0.0002384 0.00038755 0.0005858 0.0003487 0.00035185 0.0004354 0.00036095
6 0.00033735 0.0004381 0.000234 0.0004351 0.00043145 0.0003592 0.0004677 0.00044525 0.0003546 0.00033995 0.00033615 0.00036335 0.0003994 0.00044965 0.00046515 0.000365 0.0004303 0.0004696 0.00041425 0.0003627 0.0003362 0.0004351 0.00041025 0.00042515 0.0002343 0.0003579 0.0004311 0.00032655 0.00043065 0.0004373 0.00034025 0.0003568 0.00029955 0.00024775 0.00023425 0.00036315 0.00027075 0.00042525 0.0004449 0.0003221 0.0004261 0.0002359 0.0004406 0.00037605 0.00041025 0.00035785 0.0003405 0.0003469 0.0003469 0.0003502 0.00037085 0.0003404 0.00035935 0.0003647 0.0002476 0.0003345 0.00023455 0.0002987 0.0003636 0.00026865 0.00047245 0.00037955 0.0004464 0.00040175 0.0004481 0.0002706 0.00032465 0.00023715 0.00046415 0.0003937 0.0004698 0.00039925 0.00040545 0.0004701 0.00032275 0.0002926 0.0004065 0.0002994 0.00037685 0.0004408 0.00023435 0.00032355 0.0002347 0.00023595 0.00045415 0.00046405 0.00024815 0.00027015 0.00033485 0.0002356
7 0.00039805 0.0002694 0.0004453 0.0006397 0.00041075 0.0003667 0.00044525 0.0005047 0.00037755 0.00058495 0.00051455 0.0004012 0.00037065 0.00030385 0.0003329 0.0004082 0.0002636 0.0002595 0.0003254 0.00037585 0.0005146 0.0006397 0.00027365 0.00045015 0.0003482 0.0003671 0.00026005 0.00060965 0.0003384 0.00028265 0.0004009 0.0004208 0.0003346 0.0003403 0.0004454 0.00030375 0.000414 0.00045025 0.0004494 0.00038905 0.00037995 0.00036885 0.000528 0.0004488 0.00027365 0.0003978 0.00040105 0.00033775 0.0003374 0.00044475 0.00057305 0.0003037 0.00047505 0.0003244 0.00043755 0.0004938 0.00034715 0.00049795 0.00048495 0.0003706 0.00030395 0.00042735 0.0003163 0.00031355 0.00025645 0.00041385 0.0003043 0.00038935 0.00025615 0.00030365 0.0003432 0.00038275 0.0002899 0.0002784 0.0003215 0.0003135 0.00034395 0.0004318 0.000383 0.0004494 0.00034705 0.00034065 0.00045375 0.00036765 0.0003439 0.00053345 0.0004218 0.00042705 0.000494 0.000466
8 0.0003682 0.00036765 0.00035465 0.0004639 0.0004206 0.0003492 0.0003546 0.00037755 0.0005809 0.0004032 0.00041725 0.0003359 0.0003399 0.00033055 0.00031 0.00044225 0.00035445 0.000311 0.0003952 0.00031135 0.0004173 0.0004639 0.00042485 0.00037755 0.0003689 0.0003864 0.0002913 0.0004209 0.0002942 0.00031345 0.0003157 0.00033785 0.00041725 0.0003738 0.00035455 0.0003498 0.00035775 0.00037765 0.0003814 0.00038255 0.000458 0.0003696 0.00038045 0.0003227 0.00042485 0.0003361 0.00031585 0.0003465 0.00034615 0.00035965 0.00039995 0.00032985 0.00033535 0.0003507 0.0003599 0.00041655 0.0003677 0.0003783 0.0004274 0.0003822 0.00035055 0.00035305 0.00039515 0.00033085 0.0003112 0.0003576 0.0003301 0.00037055 0.00031125 0.0004548 0.00040245 0.00033325 0.0003781 0.00033315 0.0003973 0.00033005 0.00035755 0.0004032 0.0003137 0.0003776 0.0003677 0.0003964 0.00033805 0.00036845 0.0004028 0.000489 0.0003296 0.0003522 0.00041625 0.0003556
9 0.0003991 0.0005938 0.00034 0.0001619 0.0005509 0.00055625 0.00033995 0.00058495 0.0004032 0.0003236 0.00032155 0.0004125 0.0004262 0.00057495 0.0006218 0.0005079 0.0006192 0.00063935 0.00053985 0.00041685 0.00032135 0.0001619 0.00054145 0.00038705 0.00049035 0.00038185 0.0006282 0.00017605 0.0005604 0.00063435 0.00041675 0.0003341 0.000554 0.00049355 0.00034005 0.00056245 0.00035275 0.00038745 0.00040675 0.0003718 0.0005383 0.0004855 0.00033545 0.0003628 0.00054145 0.0004071 0.00041695 0.0005551 0.00055475 0.00032645 0.0001893 0.000567 0.0003954 0.00055765 0.00034345 0.0003267 0.00048905 0.00029815 0.0003627 0.00044585 0.00057045 0.00036145 0.0005718 0.0005273 0.000618 0.0003526 0.0005513 0.0004806 0.000634 0.0005668 0.0005895 0.0004256 0.00063045 0.0006399 0.00051355 0.0005194 0.00046435 0.0004038 0.00043055 0.00040345 0.000489 0.0005069 0.0002664 0.0004841 0.0005739 0.0003486 0.0003263 0.00035335 0.0003261 0.00033525
10 0.0004373 0.00051105 0.0003362 0.0002781 0.0004222 0.0004368 0.00033615 0.00051455 0.00041725 0.00032155 0.0005551 0.0004886 0.000467 0.0005346 0.00056905 0.0004 0.0005073 0.00057585 0.0004903 0.00043435 0.000278 0.0002781 0.0004389 0.00040135 0.0002911 0.0003917 0.0005405 0.00036635 0.00053725 0.00054585 0.00046875 0.00040245 0.0003559 0.0003029 0.0003363 0.00044315 0.0003148 0.00040105 0.0004211 0.00041695 0.0003884 0.0002845 0.0004136 0.000444 0.0004389 0.0004831 0.0004689 0.00042265 0.00042215 0.00037795 0.0003046 0.00042355 0.00048225 0.00043655 0.00034815 0.00028485 0.000291 0.00038735 0.000452 0.00032635 0.00055425 0.00042205 0.00052235 0.0004868 0.00055435 0.00031465 0.0004078 0.00027775 0.0005704 0.0004426 0.0005392 0.00046305 0.0004882 0.0005755 0.000362 0.00037585 0.0004751 0.00040115 0.0004438 0.0004174 0.00029085 0.00035615 0.0003884 0.00028425 0.00052355 0.00040025 0.00028455 0.00031085 0.00028465 0.00032965
11 0.00037415 0.0004265 0.0003634 0.00052205 0.00047885 0.00040695 0.00036335 0.0004012 0.0003359 0.0004125 0.0004886 0.0005456 0.00033525 0.0003661 0.0003409 0.0005132 0.00041405 0.0002979 0.0004394 0.00035045 0.00048865 0.00052205 0.00052895 0.00042235 0.00045395 0.0004627 0.0003226 0.0003715 0.00031605 0.00034465 0.0002977 0.0003823 0.0005026 0.0004593 0.00036345 0.00036345 0.00042485 0.00042245 0.00042625 0.00040085 0.00054545 0.00045455 0.00041585 0.00035325 0.00052895 0.0002739 0.0002978 0.0003947 0.00039435 0.00041715 0.0004578 0.00038815 0.0003167 0.0003641 0.00036875 0.00048785 0.0004531 0.00037305 0.0004221 0.0004457 0.0003413 0.0004016 0.00043935 0.00036615 0.0002983 0.0004247 0.00038815 0.0004551 0.0002986 0.0005317 0.0004469 0.0003331 0.0004367 0.0003204 0.00049185 0.00038825 0.00040155 0.000412 0.0003581 0.00042215 0.00045305 0.0004912 0.0002829 0.0004536 0.000447 0.00054675 0.00040145 0.0004235 0.000488 0.0003641
12 0.00039835 0.00039575 0.00039945 0.0004996 0.00048375 0.0004119 0.0003994 0.00037065 0.0003399 0.0004262 0.000467 0.00033525 0.0006069 0.0003533 0.0003718 0.00045695 0.00039915 0.0003284 0.0004134 0.00033385 0.00046705 0.0004996 0.0004374 0.0004264 0.0004327 0.0003701 0.0003532 0.00045145 0.0003471 0.0003753 0.00035965 0.00033505 0.0004676 0.00042595 0.00039945 0.00036815 0.00036725 0.0004265 0.0004303 0.00040175 0.00050745 0.0004335 0.00042035 0.00032215 0.0004374 0.0003358 0.0003598 0.00039595 0.0003956 0.00036245 0.00043525 0.0003928 0.000379 0.00036905 0.00039295 0.00046605 0.0004317 0.0003876 0.0004231 0.00041045 0.0003287 0.0003622 0.0004087 0.00035805 0.00032885 0.0003671 0.00039285 0.00043435 0.0003291 0.0004614 0.0004163 0.00033715 0.0004275 0.00035095 0.00043545 0.00039755 0.00037565 0.00043445 0.0003621 0.00042625 0.00043155 0.00043465 0.00037585 0.00043245 0.00041645 0.00048965 0.00037955 0.00040155 0.0004661 0.0004004
13 0.0004535 0.00027 0.0004497 0.00064525 0.0003819 0.00033425 0.00044965 0.00030385 0.00033055 0.00057495 0.0005346 0.0003661 0.0003533 0.000318 0.00023335 0.0004449 0.0002817 0.00018695 0.000333 0.0003217 0.00053465 0.00064525 0.00040295 0.00041835 0.00038195 0.00043715 0.00017575 0.00059095 0.0002384 0.00021375 0.00033845 0.0003226 0.0004149 0.0003748 0.0004495 0.000298 0.00043605 0.00041845 0.0004063 0.00044155 0.00046485 0.0004027 0.00046515 0.00038845 0.00040295 0.0003719 0.00033865 0.00029265 0.0002923 0.00040755 0.0005785 0.0002706 0.000413 0.00031905 0.000443 0.0005135 0.0003808 0.0004581 0.0004919 0.0003591 0.0001866 0.0003353 0.00030105 0.0002073 0.00020865 0.0004359 0.0002868 0.0004239 0.0001928 0.00041505 0.0003125 0.0003628 0.00030355 0.00023055 0.0004029 0.00031855 0.00036015 0.00048295 0.0003359 0.00040225 0.0003808 0.0004222 0.0004471 0.0004017 0.00032895 0.00055565 0.0004416 0.0004466 0.00051335 0.0004708
14 0.00044185 0.0003015 0.0004652 0.00071705 0.0003381 0.00024735 0.00046515 0.0003329 0.00031 0.0006218 0.00056905 0.0003409 0.0003718 0.00023335 0.00015 0.00051985 0.0002526 0.000123 0.0003917 0.00032015 0.0005691 0.00071705 0.000485 0.0004123 0.00041945 0.00052865 9.185e-05 0.00060645 0.0001214 0.00011095 0.0002932 0.0004667 0.00045285 0.0004231 0.0004651 0.0002948 0.00049565 0.0004124 0.0004002 0.00049795 0.00047695 0.0004201 0.00042595 0.0003538 0.000485 0.00034665 0.0002934 0.00028325 0.0002829 0.0005224 0.0006339 0.00024735 0.0002934 0.00029565 0.0004692 0.0005682 0.0004187 0.00053125 0.00056505 0.0004843 0.00028085 0.000471 0.0003599 0.00028145 0.00014475 0.0004955 0.00026365 0.000421 0.0001288 0.00051675 0.00034705 0.00036035 0.0002807 0.00014765 0.00045265 0.00029535 0.00038355 0.00049885 0.0003134 0.0003962 0.0004187 0.00045225 0.0004772 0.0004194 0.00036345 0.00066795 0.0004818 0.00048485 0.0005681 0.0004661
15 0.0004068 0.00038395 0.00036505 0.00058035 0.0004804 0.00038855 0.000365 0.0004082 0.00044225 0.0005079 0.0004 0.0005132 0.00045695 0.0004449 0.00051985 0.0004388 0.0004052 0.0005327 0.00035115 0.00043085 0.00040005 0.00058035 0.00024165 0.0005334 0.00026365 0.0003086 0.00049625 0.0005599 0.00051795 0.00048575 0.00048615 0.0003733 0.0002635 0.00026325 0.00036515 0.00041145 0.00030905 0.0005335 0.00054295 0.00037345 0.0003848 0.0002417 0.0005649 0.0004517 0.00024165 0.00051035 0.0004863 0.00035345 0.00035295 0.00033525 0.0004958 0.00038465 0.0005008 0.0003894 0.0003648 0.0004219 0.0002636 0.00034365 0.00034315 0.0002634 0.00047175 0.0003976 0.000374 0.0004124 0.00051995 0.0003089 0.000375 0.0002196 0.0005299 0.000263 0.0003626 0.00048515 0.00038435 0.00051915 0.00024205 0.00035225 0.0004385 0.00036505 0.0004587 0.000543 0.00026345 0.0002217 0.00045375 0.0002415 0.00035305 0.00039995 0.000321 0.0003372 0.00042205 0.00034305
16 0.00037065 0.00023855 0.00043035 0.00067415 0.000345 0.00030125 0.0004303 0.0002636 0.00035445 0.0006192 0.0005073 0.00041405 0.00039915 0.0002817 0.0002526 0.0004052 0.0003548 0.0002212 0.00031185 0.00036145 0.00050735 0.00067415 0.00027845 0.0004325 0.000297 0.000396 0.0001849 0.00063755 0.00027005 0.00021315 0.000371 0.00045635 0.00028055 0.0003087 0.00043035 0.0002803 0.0004146 0.0004326 0.00042615 0.0004026 0.0003165 0.00031865 0.00051155 0.00044145 0.00027845 0.000417 0.00037125 0.0002837 0.00028335 0.00048585 0.00060735 0.00023745 0.0004459 0.0003021 0.00044235 0.00048545 0.0002958 0.0005329 0.0005171 0.00036895 0.00032445 0.00046275 0.0003027 0.00029725 0.0002303 0.00041445 0.000244 0.0003404 0.0002242 0.00029235 0.0003242 0.000402 0.000221 0.0002522 0.00029815 0.0002531 0.00033565 0.00041405 0.00035975 0.00042605 0.00029585 0.0003179 0.0004654 0.00031745 0.0003307 0.00057215 0.00041355 0.0004185 0.0004855 0.0004522
17 0.0004417 0.0002656 0.00046965 0.000717 0.0003319 0.00028425 0.0004696 0.0002595 0.000311 0.00063935 0.00057585 0.0002979 0.0003284 0.00018695 0.000123 0.0005327 0.0002212 9.65e-05 0.00036 0.0003244 0.0005759 0.000717 0.00047885 0.0003987 0.0003926 0.0005332 6.46e-05 0.0006243 0.000144 0.00010275 0.00029775 0.0004513 0.00042595 0.00039655 0.00046945 0.0002205 0.0004998 0.0003988 0.00038685 0.0004943 0.0004491 0.0004134 0.0004621 0.00040755 0.00047885 0.00030415 0.00029765 0.00026725 0.0002669 0.00052575 0.0006502 0.0002206 0.0003726 0.0002416 0.00047405 0.0005547 0.00039185 0.00055515 0.00058895 0.0004378 0.0001869 0.00045425 0.000328 0.000235 7.08e-05 0.00049965 0.00023665 0.00043465 5.475e-05 0.0004756 0.00033975 0.0003158 0.00025395 9.265e-05 0.0004461 0.0002685 0.00036475 0.0005033 0.00031605 0.0003828 0.00039185 0.00046575 0.0004579 0.0004128 0.0003559 0.00067395 0.00048275 0.00048775 0.00055455 0.0004908
18 0.00038395 0.00030005 0.0004143 0.000601 0.0004423 0.00038365 0.00041425 0.0003254 0.0003952 0.00053985 0.0004903 0.0004394 0.0004134 0.000333 0.0003917 0.00035115 0.00031185 0.00036 0.0005339 0.00038685 0.00049035 0.000601 0.0002905 0.00045725 0.0003373 0.0003547 0.00032335 0.0005647 0.00038575 0.0003209 0.0004121 0.00038765 0.0003364 0.0003308 0.0004145 0.00036205 0.0003876 0.00045735 0.0004668 0.0003724 0.0003863 0.0003586 0.00052945 0.0004486 0.0002905 0.00043655 0.00041225 0.0003566 0.00035625 0.00039185 0.00051955 0.000335 0.00047155 0.00038325 0.00040785 0.0004691 0.0003363 0.0004078 0.00040725 0.00031535 0.0003601 0.0003856 0.00029025 0.0003001 0.0003473 0.00038745 0.0003254 0.00037955 0.0003572 0.0003023 0.0003278 0.00041235 0.00033375 0.0003545 0.0003243 0.0003024 0.00036495 0.00041335 0.00038565 0.0004669 0.00033615 0.00034375 0.0004209 0.00035735 0.0003183 0.00046195 0.00039725 0.00038745 0.0004693 0.00043555
19 0.00038005 0.00036265 0.00036275 0.00049425 0.00042765 0.00035605 0.0003627 0.00037585 0.00031135 0.00041685 0.00043435 0.00035045 0.00033385 0.0003217 0.00032015 0.00043085 0.00036145 0.0003244 0.00038685 0.0006014 0.0004344 0.00049425 0.0004049 0.00039785 0.00037255 0.0003621 0.00030165 0.00044125 0.00030185 0.0003238 0.0003269 0.00032365 0.00042105 0.00036565 0.0003626 0.0003599 0.0003455 0.00039795 0.00040165 0.00037885 0.00046575 0.0003733 0.00039805 0.0003108 0.0004049 0.0003506 0.00032725 0.0003498 0.00034945 0.00036085 0.00042985 0.00033655 0.00034665 0.0003609 0.00035625 0.0004333 0.0003716 0.00037105 0.00042035 0.0003703 0.0003449 0.00035385 0.0003869 0.00032205 0.0003247 0.00034535 0.00033715 0.0003744 0.00032465 0.00044355 0.0003942 0.00035625 0.0003852 0.00034655 0.00038915 0.00033695 0.0003609 0.0004115 0.00033365 0.0003974 0.00037155 0.0003885 0.0003534 0.00037245 0.0003947 0.00049085 0.00034685 0.00036875 0.0004332 0.0003638
20 0.00043735 0.0005111 0.00033625 0.00027775 0.00042225 0.00043685 0.0003362 0.0005146 0.0004173 0.00032135 0.000278 0.00048865 0.00046705 0.00053465 0.0005691 0.00040005 0.00050735 0.0005759 0.00049035 0.0004344 0.0005552 0.00027775 0.00043895 0.0004012 0.00029115 0.00039175 0.00054055 0.0003662 0.0005373 0.0005459 0.0004688 0.00040245 0.00035595 0.00030295 0.00033635 0.0004432 0.00031485 0.0004015 0.00042095 0.000417 0.00038845 0.00028455 0.00041405 0.00044405 0.00043895 0.00048315 0.00046895 0.0004227 0.0004222 0.000378 0.00030445 0.0004236 0.0004823 0.0004366 0.0003482 0.0002849 0.00029105 0.0003874 0.00045205 0.0003264 0.0005543 0.0004221 0.0005224 0.00048685 0.0005544 0.0003147 0.00040785 0.0002778 0.00057045 0.00044265 0.00053925 0.0004631 0.00048825 0.00057555 0.00036205 0.0003759 0.0004753 0.0004012 0.00044385 0.00041745 0.0002909 0.0003562 0.00038845 0.0002843 0.0005236 0.0004001 0.0002846 0.0003109 0.0002845 0.0003297
21 0.0004856 0.00065165 0.00043515 2.5e-07 0.00052755 0.00063395 0.0004351 0.0006397 0.0004639 0.0001619 0.0002781 0.00052205 0.0004996 0.00064525 0.00071705 0.00058035 0.00067415 0.000717 0.000601 0.00049425 0.00027775 3e-07 0.0005908 0.0003466 0.000536 0.00043545 0.0007089 0.00021235 0.00065825 0.00071495 0.00052945 0.0003998 0.00059935 0.00054215 0.00043525 0.00062255 0.00041135 0.00034715 0.00036635 0.0004566 0.0004867 0.0005456 0.0003123 0.00045645 0.0005908 0.00051665 0.0005296 0.0006359 0.00063555 0.0003702 0.000117 0.0006302 0.00052255 0.00063215 0.00044145 0.00026925 0.00053435 0.0004058 0.0004702 0.0004974 0.00063765 0.00039985 0.0006329 0.0005976 0.0006956 0.0004112 0.00061445 0.00055505 0.00071165 0.00060995 0.0006651 0.00047135 0.00069335 0.00071745 0.00056825 0.00058265 0.0005142 0.0004986 0.00047935 0.00036355 0.00053435 0.0005758 0.00038855 0.0005438 0.00064945 0.000303 0.00036945 0.00038465 0.0002681 0.0004448
22 0.00034265 0.00025035 0.0004103 0.0005908 0.0004575 0.000403 0.00041025 0.00027365 0.00042485 0.00054145 0.0004389 0.00052895 0.0004374 0.00040295 0.000485 0.00024165 0.00027845 0.00047885 0.0002905 0.0004049 0.00043895 0.0005908 4.33e-05 0.0005077 0.000289 0.0001853 0.0004283 0.00060595 0.0004924 0.0004459 0.0004817 0.00038835 0.00022265 0.00026925 0.0004104 0.0004073 0.0003175 0.0005078 0.00050705 0.0002767 0.0002913 0.00028805 0.0005755 0.00045435 2.165e-05 0.00052885 0.00048185 0.00036985 0.0003695 0.0003721 0.00052585 0.0003603 0.00053555 0.00040635 0.0003907 0.0004397 0.00028745 0.0004295 0.0003642 0.0003086 0.00045 0.0004175 0.000304 0.0003859 0.00047495 0.00031735 0.00035675 0.00028695 0.0004788 0.000121 0.00031405 0.00049315 0.00029385 0.00049615 0.0001553 0.00034335 0.00033015 0.00034415 0.0004465 0.0005111 0.00028745 0.00015355 0.00046275 0.00028635 0.0003106 0.00039365 0.0003533 0.0003747 0.00043995 0.0004094
23 0.00044485 0.0004457 0.0004252 0.0003465 0.00040615 0.0004356 0.00042515 0.00045015 0.00037755 0.00038705 0.00040135 0.00042235 0.0004264 0.00041835 0.0004123 0.0005334 0.0004325 0.0003987 0.00045725 0.00039785 0.0004012 0.0003466 0.0005077 0.000693 0.00042495 0.0004632 0.00036315 0.0004048 0.0003807 0.0003693 0.00040215 0.00042415 0.0004793 0.0004299 0.00042505 0.00042175 0.00042835 0.0003471 0.00036665 0.00045435 0.00043695 0.0004401 0.00038045 0.0004237 0.0005077 0.000417 0.00040215 0.00043285 0.0004325 0.0004426 0.00037155 0.0004018 0.00043625 0.00043715 0.00043055 0.0003863 0.00042375 0.00046335 0.00051855 0.00043825 0.00043835 0.0004272 0.00045725 0.00040275 0.00037765 0.0004282 0.0003862 0.0004556 0.0003934 0.000523 0.000495 0.00040745 0.00045615 0.0003993 0.00047395 0.0003861 0.0004198 0.00047985 0.00038785 0.00036325 0.00042375 0.0004876 0.00040365 0.000439 0.0004795 0.00047885 0.00040045 0.0004105 0.00038555 0.00044065
24 0.00038695 0.00032755 0.0002343 0.000536 0.00028495 0.0002365 0.0002343 0.0003482 0.0003689 0.00049035 0.0002911 0.00045395 0.0004327 0.00038195 0.00041945 0.00026365 0.000297 0.0003926 0.0003373 0.00037255 0.00029115 0.000536 0.000289 0.00042495 1.1e-06 0.00034695 0.0003298 0.00053015 0.00041475 0.00033605 0.00040665 0.00040365 6.775e-05 2.125e-05 0.00023465 0.0002201 0.00021505 0.00042505 0.0004447 0.0003599 0.0002534 2.38e-05 0.0005258 0.00047045 0.000289 0.00044835 0.0004068 0.0002096 0.00020995 0.0003921 0.00046925 0.00017305 0.00048125 0.00024285 0.00025465 0.0002682 2.5e-06 0.0004096 0.0004747 0.00011135 0.00042905 0.00041045 0.0003696 0.0003339 0.000371 0.0002149 0.0001573 4.615e-05 0.00038705 0.00023255 0.0004133 0.00042085 0.00023945 0.00039305 0.00015535 0.00012525 0.0003951 0.000301 0.00037415 0.00044065 2.15e-06 0.000178 0.00036935 2.51e-05 0.00039765 0.00050865 0.0001964 0.00020145 0.0002687 0.0002571
25 0.0003393 0.0003586 0.00035795 0.00043545 0.00051525 0.00044725 0.0003579 0.0003671 0.0003864 0.00038185 0.0003917 0.0004627 0.0003701 0.00043715 0.00052865 0.0003086 0.000396 0.0005332 0.0003547 0.0003621 0.00039175 0.00043545 0.0001853 0.0004632 0.00034695 0.000368 0.0005008 0.0004469 0.00050035 0.0005131 0.00043965 0.00030165 0.0003319 0.00032805 0.000358 0.00045135 0.0002642 0.0004633 0.00047275 0.00027655 0.0003986 0.00034745 0.00047255 0.0003467 0.0001853 0.00045985 0.0004398 0.0004287 0.00042835 0.0002873 0.0003712 0.00042855 0.0004586 0.0004519 0.00033925 0.00039105 0.00034555 0.0003334 0.00031935 0.00032185 0.00046 0.00033545 0.0003728 0.00040945 0.0005205 0.0002641 0.00041895 0.0003479 0.0005304 0.0002574 0.0003898 0.00043125 0.00041335 0.00054245 0.00026675 0.0004009 0.0003378 0.00034305 0.00040885 0.00047275 0.0003454 0.00026545 0.0003697 0.00034595 0.0003803 0.00035245 0.00030455 0.0003267 0.0003912 0.00035855
26 0.0004139 0.0002338 0.00043115 0.0007089 0.0002849 0.0002373 0.0004311 0.00026005 0.0002913 0.0006282 0.0005405 0.0003226 0.0003532 0.00017575 9.185e-05 0.00049625 0.0001849 6.46e-05 0.00032335 0.00030165 0.00054055 0.0007089 0.0004283 0.00036315 0.0003298 0.0005008 3.39e-05 0.00061315 0.00010275 3.94e-05 0.000275 0.00044865 0.0003692 0.0003337 0.0004309 0.0002209 0.0004613 0.00036325 0.00036715 0.0004619 0.000397 0.00035065 0.00044865 0.00039105 0.0004283 0.0003229 0.0002749 0.00022985 0.0002295 0.00052075 0.0006421 0.00017355 0.00035 0.0002421 0.00043555 0.00051925 0.00032905 0.0005368 0.0005767 0.000395 0.00022315 0.00045465 0.0002909 0.000208 6.47e-05 0.00046115 0.00017335 0.00037205 6.49e-05 0.00043975 0.00031895 0.00034355 0.000213 8.7e-05 0.00038945 0.0002056 0.00033535 0.0004709 0.0002961 0.0003631 0.00032905 0.0004092 0.00043465 0.0003501 0.00031885 0.00066475 0.0004473 0.0004523 0.00051905 0.0004524
27 0.0003871 0.0006188 0.0003266 0.00021235 0.0005631 0.00056835 0.00032655 0.00060965 0.0004209 0.00017605 0.00036635 0.0003715 0.00045145 0.00059095 0.00060645 0.0005599 0.00063755 0.0006243 0.0005647 0.00044125 0.0003662 0.00021235 0.00060595 0.0004048 0.00053015 0.0004469 0.00061315 0.0002462 0.0005449 0.00061925 0.00037595 0.00039085 0.000594 0.0005365 0.0003267 0.0005748 0.0004058 0.0004051 0.0004245 0.00037075 0.0005846 0.0005251 0.00035265 0.00038765 0.00060595 0.00036625 0.0003761 0.00057045 0.0005701 0.0003841 0.0002397 0.0005794 0.00035425 0.00056975 0.000333 0.0003716 0.0005292 0.00029705 0.0003616 0.00049045 0.0005864 0.0004101 0.0005967 0.0005432 0.0006029 0.00040565 0.00056365 0.0005199 0.00061895 0.0006193 0.00061435 0.0004432 0.00064315 0.0006248 0.0005657 0.00053175 0.0004847 0.00039055 0.00044815 0.00042095 0.0005291 0.0005594 0.0002002 0.000524 0.0005987 0.0004062 0.0003714 0.0003984 0.0003713 0.0003216
28 0.00041345 0.00031895 0.0004307 0.00065825 0.0003495 0.0002776 0.00043065 0.0003384 0.0002942 0.0005604 0.00053725 0.00031605 0.0003471 0.0002384 0.0001214 0.00051795 0.00027005 0.000144 0.00038575 0.00030185 0.0005373 0.00065825 0.0004924 0.0003807 0.00041475 0.00050035 0.00010275 0.0005449 0.0002044 0.00012465 0.00027475 0.000426 0.00045425 0.00041845 0.0004307 0.00029975 0.0004613 0.0003808 0.0003845 0.00046955 0.0004783 0.00041545 0.00038035 0.0003056 0.0004924 0.0003163 0.00027495 0.00029435 0.000294 0.00049785 0.000594 0.0002587 0.00029395 0.00030055 0.00043465 0.00053635 0.000414 0.0004935 0.0005334 0.00045745 0.0002795 0.00045185 0.00035345 0.0002705 0.00014375 0.00046115 0.0002585 0.0004162 0.0001443 0.00051705 0.00036125 0.00035715 0.00029815 0.00016615 0.000454 0.0002908 0.00035795 0.00047045 0.00031615 0.0003804 0.000414 0.0004536 0.00044275 0.00041465 0.00036115 0.00063905 0.00044995 0.000472 0.00053645 0.00043155
29 0.0004262 0.00026205 0.00043735 0.00071495 0.00030695 0.0002405 0.0004373 0.00028265 0.00031345 0.00063435 0.00054585 0.00034465 0.0003753 0.00021375 0.00011095 0.00048575 0.00021315 0.00010275 0.0003209 0.0003238 0.0005459 0.00071495 0.0004459 0.0003693 0.00033605 0.0005131 3.94e-05 0.00061925 0.00012465 4.64e-05 0.0002971 0.0004707 0.0003815 0.0003399 0.0004371 0.000243 0.00046755 0.0003694 0.0003892 0.00047415 0.0004093 0.0003561 0.00047065 0.00041315 0.0004459 0.0003394 0.0002971 0.0002511 0.00025075 0.00051515 0.0006262 0.0001957 0.00035315 0.0002634 0.0004417 0.00052545 0.0003353 0.00052095 0.00056695 0.00040125 0.0002611 0.0004547 0.0002885 0.0002301 8.135e-05 0.0004674 0.00017965 0.0003767 9.755e-05 0.0004581 0.00032515 0.0003436 0.00024125 8.135e-05 0.000401 0.00021185 0.00034765 0.0004832 0.0002963 0.0003852 0.0003353 0.00042075 0.00044085 0.00035555 0.0003092 0.00065495 0.00045355 0.0004365 0.0005252 0.0004578
30 0.0003557 0.000388 0.00034035 0.00052945 0.00043125 0.0003595 0.00034025 0.0004009 0.0003157 0.00041675 0.00046875 0.0002977 0.00035965 0.00033845 0.0002932 0.00048615 0.000371 0.00029775 0.0004121 0.0003269 0.0004688 0.00052945 0.0004817 0.00040215 0.00040665 0.00043965 0.000275 0.00037595 0.00027475 0.0002971 0.0005482 0.00037925 0.00045515 0.00041185 0.00034025 0.0003636 0.0004018 0.00040225 0.00040595 0.00037795 0.00050275 0.0004072 0.0004019 0.0003362 0.0004817 0.0002979 0.00027455 0.000357 0.00035665 0.0004172 0.00046515 0.00034035 0.00029365 0.00036435 0.00034595 0.0004679 0.0004058 0.0003702 0.00041945 0.0004184 0.0003616 0.0004016 0.00041215 0.00033875 0.000298 0.00040165 0.00034085 0.000408 0.000298 0.00049915 0.0004194 0.0003606 0.00038905 0.00031985 0.0004446 0.0003407 0.0003814 0.00038925 0.000338 0.0004017 0.00040575 0.00044405 0.00027525 0.0004064 0.00041985 0.00054695 0.00038155 0.0004035 0.0004679 0.00034115
31 0.00039795 0.00040615 0.00035685 0.0003998 0.00051675 0.00044495 0.0003568 0.0004208 0.00033785 0.0003341 0.00040245 0.0003823 0.00033505 0.0003226 0.0004667 0.0003733 0.00045635 0.0004513 0.00038765 0.00032365 0.00040245 0.0003998 0.00038835 0.00042415 0.00040365 0.00030165 0.00044865 0.00039085 0.000426 0.0004707 0.00037925 0.0003938 0.00045155 0.0003945 0.0003568 0.00042875 0.0003083 0.00042435 0.00042805 0.0003489 0.0005149 0.0004042 0.00040165 0.00030945 0.00038835 0.0003825 0.0003794 0.00040475 0.0004044 0.0002413 0.00033565 0.00042595 0.00039815 0.00042945 0.000348 0.00040175 0.00040205 0.000277 0.0003261 0.00032265 0.00032545 0.00023415 0.0003876 0.0003228 0.0004514 0.00030815 0.0004261 0.0004049 0.00045155 0.0004187 0.00039505 0.0003626 0.0004738 0.00047335 0.0003965 0.0004261 0.00037655 0.000405 0.0003602 0.00042415 0.00040205 0.00039515 0.00033825 0.0004026 0.0003953 0.0003708 0.0003153 0.00033735 0.0004016 0.0003576
32 0.00038575 0.000311 0.0002996 0.00059935 0.0003307 0.0002867 0.00029955 0.0003346 0.00041725 0.000554 0.0003559 0.0005026 0.0004676 0.0004149 0.00045285 0.0002635 0.00028055 0.00042595 0.0003364 0.00042105 0.00035595 0.00059935 0.00022265 0.0004793 6.775e-05 0.0003319 0.0003692 0.000594 0.00045425 0.0003815 0.00045515 0.00045155 0.0001346 8.74e-05 0.0002995 0.0002703 0.0002649 0.0004794 0.0004889 0.00035865 0.000252 8.995e-05 0.00057415 0.00050525 0.00022265 0.00049975 0.00045525 0.00025965 0.0002599 0.0004365 0.0005325 0.0002231 0.00052985 0.00029275 0.00031965 0.0003333 6.765e-05 0.00047345 0.0004733 0.000178 0.00046215 0.00045835 0.0003592 0.00038255 0.0004134 0.00026475 0.00021355 0.0001124 0.0004232 0.0001662 0.00039665 0.0004692 0.00022285 0.00043525 0.00015565 0.0001907 0.00038465 0.00029965 0.00042245 0.00048885 6.75e-05 0.00017655 0.00043335 8.995e-05 0.0003872 0.00050705 0.00026155 0.0002664 0.0003334 0.0003221
33 0.00039275 0.00032105 0.0002478 0.00054215 0.00029655 0.00024845 0.00024775 0.0003403 0.0003738 0.00049355 0.0003029 0.0004593 0.00042595 0.0003748 0.0004231 0.00026325 0.0003087 0.00039655 0.0003308 0.00036565 0.00030295 0.00054215 0.00026925 0.0004299 2.125e-05 0.00032805 0.0003337 0.0005365 0.00041845 0.0003399 0.00041185 0.0003945 8.74e-05 4.12e-05 0.0002476 0.0002324 0.0002163 0.00043 0.0004497 0.0003528 0.0002656 4.22e-05 0.00053055 0.0004633 0.00026925 0.00045375 0.00041195 0.000219 0.00021885 0.00038605 0.00047545 0.0001852 0.00048625 0.00025365 0.0002477 0.00028155 2.28e-05 0.00040385 0.00046885 0.0001127 0.00042205 0.0004045 0.0003629 0.00032705 0.00037515 0.00021615 0.00016955 6.36e-05 0.00039105 0.00023285 0.0004061 0.00042605 0.00025145 0.000397 0.00015585 0.00013735 0.00038845 0.00031435 0.0003793 0.0004456 2.24e-05 0.00017795 0.0003764 4.39e-05 0.00039055 0.0005026 0.0002096 0.00021475 0.00028145 0.0002691
34 0.00033755 0.0004381 0.00023425 0.00043525 0.0004314 0.0003595 0.00023425 0.0004454 0.00035455 0.00034005 0.0003363 0.00036345 0.00039945 0.0004495 0.0004651 0.00036515 0.00043035 0.00046945 0.0004145 0.0003626 0.00033635 0.00043525 0.0004104 0.00042505 0.00023465 0.000358 0.0004309 0.0003267 0.0004307 0.0004371 0.00034025 0.0003568 0.0002995 0.0002476 0.000468 0.0003634 0.000271 0.00042515 0.00044485 0.00032225 0.0004264 0.00023575 0.00044075 0.00037615 0.0004104 0.000358 0.0003404 0.0003471 0.0003471 0.00035015 0.00037095 0.0003405 0.0003595 0.0003648 0.00024775 0.0003348 0.000235 0.00029885 0.00036375 0.00026885 0.00047245 0.00037955 0.0004465 0.00040185 0.00044815 0.00027085 0.00032485 0.0002373 0.00046405 0.000394 0.00046975 0.0003993 0.00040555 0.00047 0.00032295 0.00029275 0.00040645 0.0002997 0.00037685 0.00044075 0.0002347 0.00032385 0.0002349 0.00023625 0.0004542 0.0004642 0.00024845 0.0002704 0.0003347 0.0002357
35 0.00042325 0.00031555 0.00036315 0.00062255 0.00033195 0.00028365 0.00036315 0.00030375 0.0003498 0.00056245 0.00044315 0.00036345 0.00036815 0.000298 0.0002948 0.00041145 0.0002803 0.0002205 0.00036205 0.0003599 0.0004432 0.00062255 0.0004073 0.00042175 0.0002201 0.00045135 0.0002209 0.0005748 0.00029975 0.000243 0.0003636 0.00042875 0.0002703 0.0002324 0.0003634 0.0004394 0.00036865 0.00042185 0.00042565 0.00043835 0.00037235 0.00024205 0.00050065 0.00044725 0.0004073 0.000364 0.00036375 0.00025705 0.00025705 0.00045865 0.0005558 0.0002203 0.0004382 0.0002418 0.0003756 0.00042115 0.00022045 0.00048355 0.000533 0.0002878 0.00029765 0.0004321 0.00036215 0.0002979 0.0002208 0.0003685 0.0002202 0.0002637 0.0002211 0.00037005 0.00039 0.00035435 0.0002702 0.00024295 0.00032415 0.00022035 0.00038975 0.00041335 0.000355 0.0004216 0.00022035 0.00034515 0.00041725 0.00024225 0.0003901 0.00059095 0.0003492 0.0003543 0.00042145 0.00038515
36 0.0003607 0.00040655 0.0002708 0.00041135 0.0004371 0.00036495 0.00027075 0.000414 0.00035775 0.00035275 0.0003148 0.00042485 0.00036725 0.00043605 0.00049565 0.00030905 0.0004146 0.0004998 0.0003876 0.0003455 0.00031485 0.00041135 0.0003175 0.00042835 0.00021505 0.0002642 0.0004613 0.0004058 0.0004613 0.00046755 0.0004018 0.0003083 0.0002649 0.0002163 0.000271 0.00036865 0.0004234 0.00042845 0.0004481 0.000322 0.0003868 0.00021675 0.00044425 0.0003443 0.0003175 0.00041935 0.00040195 0.0003489 0.0003488 0.00029425 0.0003469 0.00034585 0.00042115 0.00037035 0.0002722 0.000313 0.0002133 0.0003127 0.0003635 0.0002354 0.0004589 0.0003388 0.00041495 0.000393 0.00047835 0.0002117 0.00033015 0.0002182 0.00049435 0.00032215 0.0004384 0.0004023 0.0003954 0.00050035 0.00026675 0.0003029 0.0003798 0.00032065 0.0003799 0.000444 0.00021335 0.00026555 0.00032695 0.00021485 0.0004228 0.0004057 0.0002266 0.00024845 0.0003133 0.00027255
37 0.00044495 0.0004458 0.0004253 0.00034715 0.00040625 0.0004357 0.00042525 0.00045025 0.00037765 0.00038745 0.00040105 0.00042245 0.0004265 0.00041845 0.0004124 0.0005335 0.0004326 0.0003988 0.00045735 0.00039795 0.0004015 0.00034715 0.0005078 0.0003471 0.00042505 0.0004633 0.00036325 0.0004051 0.0003808 0.0003694 0.00040225 0.00042435 0.0004794 0.00043 0.00042515 0.00042185 0.00042845 0.0006932 0.000367 0.00045445 0.00043705 0.0004402 0.00038015 0.0004238 0.0005078 0.0004171 0.00040225 0.00043295 0.0004326 0.0004427 0.0003719 0.0004019 0.00043635 0.00043725 0.00043065 0.0003864 0.00042385 0.00046345 0.00051865 0.00043835 0.00043845 0.0004273 0.00045735 0.00040285 0.00037775 0.0004283 0.0003863 0.0004557 0.0003935 0.0005231 0.0004951 0.00040755 0.00045625 0.0003994 0.00047405 0.0003862 0.00041965 0.00047995 0.00038795 0.00036335 0.00042385 0.0004877 0.00040375 0.0004391 0.0004796 0.0004793 0.00040055 0.0004106 0.0003859 0.00044075
38 0.0004544 0.0004393 0.00044495 0.00036635 0.00040585 0.0004394 0.0004449 0.0004494 0.0003814 0.00040675 0.0004211 0.00042625 0.0004303 0.0004063 0.0004002 0.00054295 0.00042615 0.00038685 0.0004668 0.00040165 0.00042095 0.00036635 0.00050705 0.00036665 0.0004447 0.00047275 0.00036715 0.0004245 0.0003845 0.0003892 0.00040595 0.00042805 0.0004889 0.0004497 0.00044485 0.00042565 0.0004481 0.000367 0.0007325 0.0004639 0.0004465 0.0004599 0.00038425 0.0004275 0.00050705 0.00042645 0.00040615 0.00043675 0.0004364 0.00045205 0.00039125 0.0004056 0.0004401 0.00044105 0.0004503 0.00040605 0.0004435 0.0004831 0.0005281 0.000458 0.0004264 0.0004311 0.0004668 0.00040665 0.0003871 0.00044795 0.00040595 0.00047535 0.0003871 0.00052235 0.0004886 0.00041135 0.00044975 0.0004089 0.0004835 0.00040585 0.00042935 0.0004894 0.0003918 0.00036705 0.0004435 0.00049715 0.0004234 0.00045875 0.00048905 0.0004885 0.0004202 0.00043025 0.00040535 0.0004604
39 0.00031535 0.00038105 0.00032215 0.0004566 0.00050555 0.0004425 0.0003221 0.00038905 0.00038255 0.0003718 0.00041695 0.00040085 0.00040175 0.00044155 0.00049795 0.00037345 0.0004026 0.0004943 0.0003724 0.00037885 0.000417 0.0004566 0.0002767 0.00045435 0.0003599 0.00027655 0.0004619 0.00037075 0.00046955 0.00047415 0.00037795 0.0003489 0.00035865 0.0003528 0.00032225 0.00043835 0.000322 0.00045445 0.0004639 0.0005333 0.0004317 0.00036865 0.0004718 0.0003865 0.0002767 0.0003982 0.0003781 0.00042765 0.0004273 0.00034215 0.00038895 0.0004156 0.00040505 0.0004471 0.0003151 0.00040805 0.00035865 0.00032755 0.00032715 0.0003487 0.00046435 0.00036645 0.00039515 0.00040915 0.00048165 0.00032185 0.00040595 0.00037725 0.0004916 0.00031925 0.00042055 0.00041895 0.00041425 0.0005036 0.0003233 0.0003833 0.0003551 0.000321 0.00039655 0.00046385 0.0003586 0.0003306 0.00026805 0.00036725 0.000411 0.0004132 0.0003266 0.00034035 0.0004083 0.00033095
40 0.00041305 0.00036095 0.00042615 0.0004867 0.0003507 0.00038975 0.0004261 0.00037995 0.000458 0.0005383 0.0003884 0.00054545 0.00050745 0.00046485 0.00047695 0.0003848 0.0003165 0.0004491 0.0003863 0.00046575 0.00038845 0.0004867 0.0002913 0.00043695 0.0002534 0.0003986 0.000397 0.0005846 0.0004783 0.0004093 0.00050275 0.0005149 0.000252 0.0002656 0.0004264 0.00037235 0.0003868 0.00043705 0.0004465 0.0004317 0.0004541 0.00027195 0.00052805 0.00054615 0.0002913 0.0005428 0.0005029 0.00037205 0.00037185 0.00049955 0.00050655 0.0003299 0.00057375 0.00039075 0.00043835 0.00036955 0.00025175 0.00053995 0.00053945 0.00034065 0.00050735 0.00052475 0.00040905 0.00043245 0.00043655 0.00038665 0.00032025 0.00029005 0.0004465 0.00029355 0.00044305 0.00050875 0.00032815 0.00045855 0.00028115 0.00029765 0.00044195 0.0004247 0.00046665 0.00044625 0.00025185 0.00029695 0.00050755 0.00027 0.0004335 0.0004832 0.00038125 0.00038965 0.00037025 0.0004446
