 slim_337605745 slim_337605843 slim_337605899 slim_337605963 slim_337605957 slim_337605954 slim_337605995 slim_337605364 slim_337605742 slim_337605932 slim_337605755 slim_337605914 slim_337605733 slim_337605764 slim_337605891 slim_337605814 slim_337605981 slim_337605999 slim_337605853 slim_337605933 slim_337605486 slim_337605915 slim_337605685 slim_337605956 slim_337605947 slim_337605982 slim_337605760 slim_337605852 slim_337605965 slim_337605805 slim_337605720 slim_337605926 slim_337605951 slim_337605839 slim_337605859 slim_337605782 slim_337605936 slim_337605980 slim_337605824 slim_337605975 slim_337605850 slim_337605840 slim_337605960 slim_337605964 slim_337605969 slim_337605988 slim_337605905 slim_337605673 slim_337605985 slim_337605845 slim_337605979 slim_337605938 slim_337605943 slim_337605929 slim_337605788 slim_337605935 slim_337605911 slim_337605949 slim_337605831 slim_337605928 slim_337605994 slim_337605978 slim_337605884 slim_337605958 slim_337606000 slim_337605806 slim_337605998 slim_337605967 slim_337605991 slim_337605794 slim_337605996 slim_337605962 slim_337605716 slim_337605924 slim_337605901 slim_337605993 slim_337605966 slim_337605976 slim_337605984 slim_337605971 slim_337605950 slim_337605968 slim_337605739 slim_337605912 slim_337605961 slim_337605913 slim_337605655 slim_337605922 slim_337605983 slim_337605889 slim_337605989 slim_337605592 slim_337605893 slim_337605816 slim_337605705 slim_337605521 slim_337605977 slim_337605916 slim_337605986 slim_337605875
0 0.0001291 6.96e-05 6.665e-05 7.76e-05 7.48e-05 7.51e-05 7.285e-05 7.605e-05 8.115e-05 7e-05 8.015e-05 7.63e-05 8.09e-05 6.805e-05 8.06e-05 6.765e-05 7.72e-05 7.275e-05 6.815e-05 6.77e-05 7.175e-05 6.71e-05 7.74e-05 7.29e-05 7.53e-05 7.32e-05 7.95e-05 6.96e-05 7.735e-05 6.645e-05 7.1e-05 8.46e-05 7.11e-05 6.955e-05 7.325e-05 6.96e-05 7.735e-05 7.715e-05 7e-05 7.145e-05 8.065e-05 7.53e-05 7.94e-05 6.9e-05 7.02e-05 7.185e-05 7.32e-05 6.755e-05 7.5e-05 7.75e-05 7.77e-05 7.24e-05 7.205e-05 6.975e-05 7.65e-05 7.79e-05 6.995e-05 6.675e-05 7.53e-05 6.915e-05 7.805e-05 6.6e-05 7.96e-05 7.305e-05 7.31e-05 7.54e-05 7.945e-05 7.645e-05 8.555e-05 7.77e-05 6.86e-05 7.265e-05 6.84e-05 8.08e-05 7.705e-05 6.91e-05 7.755e-05 6.8e-05 7.525e-05 7.285e-05 7.33e-05 6.95e-05 7.63e-05 6.955e-05 6.98e-05 7.81e-05 7.145e-05 6.995e-05 6.865e-05 7.955e-05 7.485e-05 7.475e-05 7.285e-05 8.09e-05 8.395e-05 7.455e-05 7.295e-05 7.75e-05 7.485e-05 6.85e-05
1 6.96e-05 1.8e-06 3.49e-05 7.215e-05 6.87e-05 7.81e-05 8e-06 7.86e-05 0.0001034 1.9e-06 0.0001386 5.34e-05 0.0001049 9.23e-05 7.86e-05 3.61e-05 7.24e-05 7.65e-06 3.715e-05 3.545e-05 1.375e-05 1.335e-05 7.2e-05 7.65e-06 9.505e-05 7.95e-06 5.905e-05 2.595e-05 9.645e-05 3.435e-05 3.48e-05 0.00014355 3.49e-05 1e-06 7.595e-05 1.05e-06 7.3e-05 5.075e-05 3.73e-05 9.65e-06 7.86e-05 7.1e-05 4.185e-05 8.3e-06 2.35e-06 1.465e-05 5.29e-05 5.16e-05 6.89e-05 7.19e-05 7.27e-05 8.25e-06 0.0001341 1e-06 7.87e-05 7.27e-05 1.85e-06 3.4e-05 1.64e-05 1.08e-05 0.0001367 7.09e-05 0.00013805 1.42e-05 7.6e-05 4.205e-05 0.00013815 7.89e-05 0.0001432 7.21e-05 7.1e-06 9.6e-06 7.75e-06 0.00011175 7.225e-05 8.55e-06 7.31e-05 3.565e-05 4.135e-05 7.75e-06 9.815e-05 9.415e-05 0.0001006 2e-06 1.1e-06 0.00013675 1.46e-05 2.1e-06 8.45e-06 0.00013855 6.88e-05 7.16e-05 7.75e-06 0.0001031 0.00014065 7.71e-05 7.85e-06 7.205e-05 7.05e-05 3.715e-05
2 6.665e-05 3.49e-05 5.13e-05 7.92e-05 7.645e-05 7.605e-05 3.65e-05 7.65e-05 8.13e-05 3.52e-05 0.00011745 6.22e-05 8.12e-05 6.755e-05 8.075e-05 2.78e-05 7.86e-05 3.65e-05 2.97e-05 2.795e-05 3.295e-05 2.685e-05 7.9e-05 3.665e-05 7.51e-05 3.695e-05 6.41e-05 3.35e-05 7.76e-05 2.96e-05 3.2e-05 0.0001222 3.21e-05 3.475e-05 7.29e-05 3.48e-05 7.875e-05 4.9e-05 3.25e-05 3.54e-05 8.09e-05 7.625e-05 4.235e-05 3.08e-05 3.53e-05 3.22e-05 7.31e-05 3.005e-05 7.655e-05 7.92e-05 7.93e-05 3.61e-05 0.00011105 3.505e-05 7.54e-05 7.94e-05 3.515e-05 2.785e-05 3.655e-05 3.295e-05 0.0001155 6.52e-05 0.00011765 3.585e-05 7.27e-05 3.67e-05 0.00011775 7.465e-05 0.00012355 7.93e-05 3.06e-05 3.535e-05 3.02e-05 9.17e-05 7.845e-05 3.165e-05 7.9e-05 2.9e-05 3.71e-05 3.66e-05 7.185e-05 6.89e-05 7.605e-05 3.46e-05 3.5e-05 0.00011555 3.29e-05 3.505e-05 3.045e-05 0.00011795 7.65e-05 7.555e-05 3.66e-05 8.2e-05 0.00012185 7.555e-05 3.67e-05 7.91e-05 7.655e-05 2.895e-05
3 7.76e-05 7.215e-05 7.92e-05 0.0001432 7.315e-05 7.475e-05 7.465e-05 7.57e-05 7.6e-05 7.245e-05 7.485e-05 7.37e-05 7.64e-05 7.805e-05 7.44e-05 8.05e-05 7.355e-05 7.455e-05 7.995e-05 7.99e-05 7.745e-05 7.735e-05 7.175e-05 7.48e-05 7.7e-05 7.51e-05 7.585e-05 7.525e-05 7.65e-05 7.99e-05 7.85e-05 7.515e-05 7.86e-05 7.17e-05 7.525e-05 7.175e-05 7.4e-05 7.675e-05 7.905e-05 7.465e-05 7.455e-05 7.43e-05 7.665e-05 7.58e-05 7.265e-05 7.835e-05 7.58e-05 7.785e-05 7.305e-05 7.225e-05 7.23e-05 7.485e-05 7.625e-05 7.23e-05 7.605e-05 7.22e-05 7.24e-05 7.815e-05 7.825e-05 7.645e-05 7.485e-05 7.78e-05 7.38e-05 7.795e-05 7.54e-05 7.765e-05 7.365e-05 7.545e-05 7.185e-05 7.2e-05 7.52e-05 7.58e-05 7.525e-05 7.51e-05 7.34e-05 7.515e-05 7.255e-05 8.005e-05 7.675e-05 7.465e-05 7.8e-05 8.015e-05 7.865e-05 7.24e-05 7.205e-05 7.495e-05 7.77e-05 7.24e-05 7.58e-05 7.385e-05 7.3e-05 7.435e-05 7.465e-05 7.42e-05 7.27e-05 7.62e-05 7.475e-05 7.18e-05 7.355e-05 8.055e-05
4 7.48e-05 6.87e-05 7.645e-05 7.315e-05 0.0001363 7.225e-05 7.385e-05 7.455e-05 7.47e-05 6.99e-05 7.155e-05 7.01e-05 7.735e-05 7.605e-05 7.74e-05 7.715e-05 7.42e-05 7.38e-05 7.78e-05 7.655e-05 7.615e-05 7.405e-05 7.295e-05 7.37e-05 7.52e-05 7.4e-05 7.385e-05 7.285e-05 7.71e-05 7.625e-05 7.795e-05 7.88e-05 7.805e-05 6.935e-05 7.325e-05 6.94e-05 7.445e-05 7.635e-05 7.695e-05 7.28e-05 7.745e-05 7.22e-05 7.93e-05 7.275e-05 7.005e-05 7.7e-05 7.55e-05 7.575e-05 6.88e-05 7.235e-05 7.335e-05 7.415e-05 7.505e-05 6.88e-05 7.685e-05 7.34e-05 6.985e-05 7.555e-05 7.935e-05 7.44e-05 7.615e-05 7.53e-05 7.13e-05 7.73e-05 7.255e-05 7.805e-05 7.145e-05 7.61e-05 7.685e-05 7.3e-05 7.115e-05 7.485e-05 7.23e-05 7.37e-05 7.405e-05 7.295e-05 7.38e-05 7.675e-05 7.725e-05 7.39e-05 7.645e-05 7.745e-05 7.89e-05 7.005e-05 6.935e-05 7.62e-05 7.655e-05 6.98e-05 7.265e-05 7.21e-05 6.87e-05 7.26e-05 7.39e-05 7.515e-05 7.42e-05 7.595e-05 7.4e-05 7.305e-05 7.155e-05 7.82e-05
5 7.51e-05 7.81e-05 7.605e-05 7.475e-05 7.225e-05 0.0001288 7.95e-05 6.885e-05 7.185e-05 7.86e-05 6.735e-05 7.315e-05 7.205e-05 7.095e-05 7.605e-05 7.65e-05 7.63e-05 7.97e-05 7.695e-05 7.61e-05 7.99e-05 7.815e-05 7.455e-05 7.985e-05 7.01e-05 8.015e-05 7.425e-05 7.52e-05 7.3e-05 7.685e-05 7.695e-05 7.415e-05 7.705e-05 7.82e-05 7.195e-05 7.825e-05 7.64e-05 7.48e-05 7.165e-05 7.485e-05 7.61e-05 7.355e-05 7.85e-05 7.925e-05 7.85e-05 8.055e-05 7.885e-05 7.15e-05 7.26e-05 7.445e-05 7.48e-05 7.975e-05 6.87e-05 7.825e-05 7.62e-05 7.475e-05 7.855e-05 7.535e-05 8.21e-05 7.965e-05 7.07e-05 7.455e-05 6.64e-05 8.12e-05 7.095e-05 7.775e-05 6.62e-05 7.535e-05 7.12e-05 7.485e-05 7.84e-05 8.065e-05 7.88e-05 6.7e-05 7.615e-05 7.875e-05 7.51e-05 7.63e-05 7.725e-05 7.98e-05 7.055e-05 7.21e-05 7.385e-05 7.86e-05 7.845e-05 7.07e-05 7.95e-05 7.825e-05 7.9e-05 6.575e-05 7.21e-05 7.34e-05 7.98e-05 6.985e-05 7.045e-05 7.695e-05 7.99e-05 7.465e-05 7.29e-05 7.795e-05
6 7.285e-05 8e-06 3.65e-05 7.465e-05 7.385e-05 7.95e-05 1.39e-05 7.845e-05 0.0001037 8.5e-06 0.0001411 5.72e-05 0.00010485 9.375e-05 7.415e-05 3.675e-05 7.49e-05 7.65e-06 3.785e-05 3.63e-05 1.125e-05 1.53e-05 7.445e-05 7.7e-06 9.615e-05 8.15e-06 5.655e-05 2.89e-05 9.56e-05 3.655e-05 3.24e-05 0.0001417 3.25e-05 7.85e-06 7.845e-05 7.9e-06 7.525e-05 5.03e-05 3.655e-05 1.18e-05 7.445e-05 7.565e-05 3.75e-05 1.18e-05 8.05e-06 1.18e-05 5.12e-05 5.28e-05 7.4e-05 7.465e-05 7.495e-05 7.9e-06 0.00013635 8.15e-06 7.81e-05 7.435e-05 8.45e-06 3.615e-05 9.95e-06 1.165e-05 0.0001361 7.28e-05 0.00014065 1.02e-05 7.87e-05 4.12e-05 0.00014075 7.855e-05 0.00014135 7.48e-05 1.155e-05 9.75e-06 1.175e-05 0.00011355 7.475e-05 1.175e-05 7.505e-05 3.675e-05 4.145e-05 7.65e-06 0.0001002 9.455e-05 9.975e-05 8.3e-06 8.15e-06 0.00013615 1.24e-05 7.8e-06 1.22e-05 0.00014115 7.395e-05 7.55e-05 7.75e-06 0.00010365 0.0001403 7.83e-05 7.85e-06 7.455e-05 7.525e-05 3.72e-05
7 7.605e-05 7.86e-05 7.65e-05 7.57e-05 7.455e-05 6.885e-05 7.845e-05 0.0001355 7.46e-05 7.88e-05 6.98e-05 7.455e-05 7.35e-05 7.255e-05 7.56e-05 7.785e-05 7.725e-05 7.845e-05 7.865e-05 7.745e-05 7.85e-05 7.83e-05 7.55e-05 7.86e-05 7.17e-05 7.89e-05 7.48e-05 7.575e-05 7.49e-05 7.87e-05 7.62e-05 7.59e-05 7.63e-05 7.835e-05 7.28e-05 7.84e-05 7.74e-05 7.47e-05 7.225e-05 7.325e-05 7.575e-05 7.42e-05 7.805e-05 7.89e-05 7.89e-05 7.91e-05 7.705e-05 7.31e-05 7.455e-05 7.575e-05 7.58e-05 7.805e-05 6.985e-05 7.875e-05 7.645e-05 7.59e-05 7.875e-05 7.585e-05 7.945e-05 7.985e-05 7.26e-05 7.5e-05 6.885e-05 8.03e-05 7.385e-05 7.8e-05 6.865e-05 7.61e-05 7.295e-05 7.58e-05 7.87e-05 7.945e-05 7.875e-05 6.815e-05 7.71e-05 7.765e-05 7.55e-05 7.77e-05 7.805e-05 7.855e-05 7.17e-05 7.46e-05 7.62e-05 7.82e-05 7.86e-05 7.26e-05 7.89e-05 7.865e-05 7.9e-05 6.845e-05 7.44e-05 7.35e-05 7.855e-05 7.285e-05 7.245e-05 7.82e-05 7.865e-05 7.56e-05 7.355e-05 7.88e-05
8 8.115e-05 0.0001034 8.13e-05 7.6e-05 7.47e-05 7.185e-05 0.0001037 7.46e-05 9.2e-05 0.0001039 4.88e-05 7.7e-05 4.85e-05 6.27e-05 7.62e-05 8.025e-05 7.66e-05 0.0001039 7.95e-05 8.02e-05 0.0001018 9.96e-05 7.58e-05 0.00010405 5.85e-05 0.00010435 7.7e-05 8.46e-05 5.74e-05 8.05e-05 8.375e-05 4.945e-05 8.385e-05 0.0001035 7.535e-05 0.00010355 7.67e-05 7.69e-05 7.925e-05 0.0001013 7.625e-05 7.785e-05 7.655e-05 0.0001019 0.0001038 0.0001021 0.00010045 6.4e-05 7.505e-05 7.575e-05 7.605e-05 0.00010395 5.68e-05 0.00010355 7.535e-05 7.6e-05 0.00010385 8.145e-05 0.0001039 0.00010145 5.53e-05 8.105e-05 4.9e-05 0.0001027 7.305e-05 7.375e-05 4.915e-05 7.395e-05 4.84e-05 7.61e-05 0.0001014 0.00010375 0.00010145 5.17e-05 7.645e-05 0.0001029 7.635e-05 8.04e-05 7.41e-05 0.000104 5.755e-05 6.185e-05 5.525e-05 0.0001039 0.00010375 5.535e-05 0.00010105 0.00010355 0.00010165 4.975e-05 7.54e-05 7.77e-05 0.000104 4.84e-05 4.8e-05 7.45e-05 0.0001041 7.59e-05 7.75e-05 8.05e-05
9 7e-05 1.9e-06 3.52e-05 7.245e-05 6.99e-05 7.86e-05 8.5e-06 7.88e-05 0.0001039 2.4e-06 0.00013895 5.38e-05 0.00010505 9.25e-05 7.895e-05 3.655e-05 7.27e-05 8e-06 3.705e-05 3.59e-05 1.42e-05 1.405e-05 7.23e-05 8.25e-06 9.525e-05 8.55e-06 5.96e-05 2.62e-05 9.68e-05 3.49e-05 3.5e-05 0.00014385 3.51e-05 1.25e-06 7.635e-05 1.35e-06 7.26e-05 5.1e-05 3.765e-05 1e-05 7.895e-05 7.14e-05 4.22e-05 8.85e-06 1.9e-06 1.515e-05 5.315e-05 5.18e-05 6.965e-05 7.29e-05 7.23e-05 8.5e-06 0.0001341 2.05e-06 7.905e-05 7.315e-05 1.3e-06 3.425e-05 1.68e-05 1.14e-05 0.00013705 7.12e-05 0.0001384 1.48e-05 7.605e-05 4.24e-05 0.0001385 7.935e-05 0.0001435 7.265e-05 8.25e-06 9.25e-06 8.2e-06 0.00011175 7.255e-05 8.8e-06 7.33e-05 3.605e-05 4.175e-05 8.1e-06 9.815e-05 9.45e-05 0.0001009 2.2e-06 1.65e-06 0.0001371 1.45e-05 1.85e-06 8.2e-06 0.0001389 7e-05 7.165e-05 8.1e-06 0.0001036 0.000141 7.765e-05 8.2e-06 7.235e-05 7.09e-05 3.765e-05
10 8.015e-05 0.0001386 0.00011745 7.485e-05 7.155e-05 6.735e-05 0.0001411 6.98e-05 4.88e-05 0.00013895 8.7e-06 8.855e-05 4.9e-05 5.945e-05 7.71e-05 0.0001195 7.695e-05 0.000141 0.00011935 0.00011905 0.00013985 0.0001368 7.465e-05 0.00014115 5.345e-05 0.00014145 9.1e-05 0.0001203 5.88e-05 0.00011975 0.0001203 1.51e-05 0.0001204 0.00013855 7.04e-05 0.0001386 7.705e-05 0.00010065 0.00011765 0.000137 7.715e-05 7.175e-05 0.0001179 0.0001387 0.00013915 0.00014085 9.755e-05 9.965e-05 7.175e-05 7.47e-05 7.49e-05 0.00014065 1.365e-05 0.00013875 7.62e-05 7.515e-05 0.0001389 0.000117 0.0001429 0.0001396 1.63e-05 7.965e-05 4.8e-06 0.0001421 7.01e-05 0.00011525 4.8e-06 7.445e-05 1.105e-05 7.495e-05 0.00013785 0.00014095 0.00013815 3.31e-05 7.68e-05 0.00013805 7.48e-05 0.00011895 0.00011435 0.0001411 5.095e-05 6.16e-05 5.815e-05 0.00013855 0.0001388 1.63e-05 0.0001396 0.0001389 0.00013835 4.85e-06 7.185e-05 7.135e-05 0.0001411 4.825e-05 9.3e-06 7.65e-05 0.0001412 7.475e-05 7.205e-05 0.00012055
11 7.63e-05 5.34e-05 6.22e-05 7.37e-05 7.01e-05 7.315e-05 5.72e-05 7.455e-05 7.7e-05 5.38e-05 8.855e-05 0.0001052 7.845e-05 7.725e-05 7.73e-05 6.345e-05 7.46e-05 5.71e-05 6.41e-05 6.3e-05 6.085e-05 6.09e-05 7.35e-05 5.73e-05 7.425e-05 5.76e-05 5.675e-05 5.515e-05 7.68e-05 6.28e-05 6.18e-05 9.565e-05 6.19e-05 5.33e-05 7.49e-05 5.335e-05 7.48e-05 6.095e-05 6.2e-05 5.675e-05 7.735e-05 7.225e-05 6.395e-05 5.805e-05 5.4e-05 6.155e-05 7.455e-05 5.98e-05 7.03e-05 7.365e-05 7.385e-05 5.66e-05 9.11e-05 5.355e-05 7.86e-05 7.4e-05 5.375e-05 6.17e-05 6.34e-05 5.94e-05 9.315e-05 7.67e-05 8.83e-05 6.14e-05 7.465e-05 6.445e-05 8.84e-05 7.79e-05 9.4e-05 7.385e-05 5.725e-05 5.905e-05 5.75e-05 7.315e-05 7.445e-05 5.72e-05 7.33e-05 6.32e-05 6.395e-05 5.72e-05 7.675e-05 7.895e-05 8.04e-05 5.315e-05 5.36e-05 9.32e-05 6.105e-05 5.375e-05 5.78e-05 8.905e-05 7.04e-05 7.15e-05 5.72e-05 7.74e-05 9.18e-05 7.785e-05 5.73e-05 7.36e-05 7.185e-05 6.455e-05
12 8.09e-05 0.0001049 8.12e-05 7.64e-05 7.735e-05 7.205e-05 0.00010485 7.35e-05 4.85e-05 0.00010505 4.9e-05 7.845e-05 9.45e-05 6.175e-05 7.655e-05 8.165e-05 7.74e-05 0.000105 8.075e-05 8.16e-05 0.0001032 0.000101 7.62e-05 0.00010515 5.74e-05 0.00010545 7.895e-05 8.505e-05 5.805e-05 8.21e-05 8.33e-05 4.99e-05 8.34e-05 0.00010465 7.405e-05 0.0001047 7.75e-05 7.61e-05 8.03e-05 0.0001024 7.66e-05 7.69e-05 7.715e-05 0.00010345 0.000105 0.0001035 0.0001005 6.335e-05 7.735e-05 7.645e-05 7.645e-05 0.0001045 5.365e-05 0.00010505 7.58e-05 7.645e-05 0.000105 8.125e-05 0.0001047 0.00010305 5.525e-05 8.06e-05 4.84e-05 0.00010425 7.365e-05 7.455e-05 4.825e-05 7.465e-05 4.805e-05 7.65e-05 0.0001032 0.00010485 0.0001029 4.87e-05 7.725e-05 0.00010315 7.62e-05 8.18e-05 7.505e-05 0.0001051 5.495e-05 6.25e-05 5.6e-05 0.0001045 0.0001049 5.525e-05 0.0001023 0.00010475 0.0001031 4.78e-05 7.735e-05 7.62e-05 0.0001051 4.835e-05 4.895e-05 7.58e-05 0.0001052 7.63e-05 7.625e-05 8.19e-05
13 6.805e-05 9.23e-05 6.755e-05 7.805e-05 7.605e-05 7.095e-05 9.375e-05 7.255e-05 6.27e-05 9.25e-05 5.945e-05 7.725e-05 6.175e-05 8.59e-05 7.955e-05 6.915e-05 7.62e-05 9.375e-05 7.015e-05 6.86e-05 9.245e-05 8.845e-05 7.785e-05 9.39e-05 5.52e-05 9.42e-05 7.91e-05 7.11e-05 5.55e-05 6.995e-05 7.03e-05 6.01e-05 7.04e-05 9.205e-05 7.235e-05 9.21e-05 7.635e-05 7.7e-05 6.82e-05 9.01e-05 7.97e-05 7.605e-05 7.935e-05 9.115e-05 9.26e-05 9.295e-05 9.09e-05 4.685e-05 7.605e-05 7.815e-05 7.815e-05 9.335e-05 5.13e-05 9.245e-05 7.33e-05 7.825e-05 9.245e-05 6.655e-05 9.46e-05 9.31e-05 5.33e-05 6.69e-05 5.805e-05 9.525e-05 7.34e-05 7.62e-05 5.805e-05 7.7e-05 6.395e-05 7.815e-05 9.08e-05 9.37e-05 9.1e-05 5.945e-05 7.605e-05 8.925e-05 7.785e-05 6.91e-05 7.64e-05 9.385e-05 5.25e-05 4.57e-05 5.42e-05 9.19e-05 9.23e-05 5.335e-05 9.21e-05 9.235e-05 9.125e-05 5.805e-05 7.565e-05 7.535e-05 9.385e-05 6.05e-05 6.28e-05 7.565e-05 9.395e-05 7.795e-05 7.52e-05 7.095e-05
14 8.06e-05 7.86e-05 8.075e-05 7.44e-05 7.74e-05 7.605e-05 7.415e-05 7.56e-05 7.62e-05 7.895e-05 7.71e-05 7.73e-05 7.655e-05 7.955e-05 0.0001402 8.11e-05 7.62e-05 7.455e-05 8.075e-05 8.07e-05 7.49e-05 7.895e-05 7.435e-05 7.46e-05 7.83e-05 7.5e-05 7.31e-05 7.845e-05 7.6e-05 8.185e-05 7.615e-05 7.365e-05 7.625e-05 7.85e-05 7.75e-05 7.855e-05 7.635e-05 7.625e-05 7.85e-05 7.68e-05 7.06e-05 7.865e-05 7.25e-05 7.92e-05 7.875e-05 7.545e-05 7.415e-05 7.925e-05 7.755e-05 7.455e-05 7.465e-05 7.46e-05 7.855e-05 7.875e-05 7.565e-05 7.445e-05 7.89e-05 8.025e-05 7.185e-05 7.69e-05 7.445e-05 7.965e-05 7.615e-05 7.37e-05 7.775e-05 7.7e-05 7.6e-05 7.52e-05 7.035e-05 7.455e-05 7.895e-05 7.59e-05 7.915e-05 7.695e-05 7.605e-05 7.845e-05 7.475e-05 8.11e-05 7.695e-05 7.455e-05 8.01e-05 8.06e-05 7.8e-05 7.875e-05 7.875e-05 7.455e-05 7.545e-05 7.85e-05 7.94e-05 7.62e-05 7.725e-05 7.835e-05 7.465e-05 7.465e-05 7.24e-05 7.73e-05 7.475e-05 7.445e-05 7.8e-05 8.07e-05
15 6.765e-05 3.61e-05 2.78e-05 8.05e-05 7.715e-05 7.65e-05 3.675e-05 7.785e-05 8.025e-05 3.655e-05 0.0001195 6.345e-05 8.165e-05 6.915e-05 8.11e-05 4.9e-05 7.97e-05 3.69e-05 2.845e-05 2.51e-05 3.32e-05 2.71e-05 8.03e-05 3.705e-05 7.695e-05 3.735e-05 6.4e-05 3.455e-05 7.8e-05 2.665e-05 3.44e-05 0.00012305 3.45e-05 3.61e-05 7.54e-05 3.615e-05 7.985e-05 5.15e-05 3.015e-05 3.575e-05 8.135e-05 7.88e-05 4.22e-05 3.04e-05 3.65e-05 3.135e-05 7.415e-05 3.205e-05 7.74e-05 8.035e-05 8.06e-05 3.7e-05 0.000114 3.625e-05 7.6e-05 8.055e-05 3.65e-05 3.04e-05 3.68e-05 3.325e-05 0.0001157 6.63e-05 0.0001199 3.535e-05 7.315e-05 3.565e-05 0.00012 7.47e-05 0.0001248 8.06e-05 3.095e-05 3.63e-05 3.03e-05 9.465e-05 7.955e-05 3.29e-05 8.07e-05 2.685e-05 3.775e-05 3.7e-05 7.615e-05 6.58e-05 7.38e-05 3.635e-05 3.635e-05 0.00011575 3.25e-05 3.625e-05 3.055e-05 0.0001202 7.76e-05 7.85e-05 3.7e-05 8.27e-05 0.00012285 7.57e-05 3.71e-05 8.04e-05 7.89e-05 2.725e-05
16 7.72e-05 7.24e-05 7.86e-05 7.355e-05 7.42e-05 7.63e-05 7.49e-05 7.725e-05 7.66e-05 7.27e-05 7.695e-05 7.46e-05 7.74e-05 7.62e-05 7.62e-05 7.97e-05 0.0001437 7.48e-05 7.915e-05 7.91e-05 7.77e-05 7.775e-05 7.34e-05 7.505e-05 7.725e-05 7.535e-05 7.675e-05 7.445e-05 7.39e-05 7.91e-05 7.79e-05 7.185e-05 7.8e-05 7.195e-05 7.685e-05 7.185e-05 7.25e-05 7.79e-05 7.835e-05 7.495e-05 7.62e-05 7.56e-05 7.7e-05 7.6e-05 7.29e-05 7.86e-05 7.705e-05 7.645e-05 7.41e-05 7.385e-05 7.395e-05 7.51e-05 7.705e-05 7.255e-05 7.47e-05 7.385e-05 7.265e-05 7.78e-05 7.85e-05 7.67e-05 7.5e-05 7.74e-05 7.605e-05 7.82e-05 7.685e-05 7.76e-05 7.615e-05 7.71e-05 7.505e-05 7.375e-05 7.545e-05 7.605e-05 7.545e-05 7.745e-05 7.185e-05 7.555e-05 7.42e-05 7.925e-05 7.71e-05 7.475e-05 7.845e-05 7.785e-05 7.605e-05 7.265e-05 7.23e-05 7.505e-05 7.795e-05 7.265e-05 7.605e-05 7.65e-05 7.405e-05 7.565e-05 7.485e-05 7.575e-05 7.515e-05 7.47e-05 7.5e-05 7.34e-05 7.5e-05 7.975e-05
17 7.275e-05 7.65e-06 3.65e-05 7.455e-05 7.38e-05 7.97e-05 7.65e-06 7.845e-05 0.0001039 8e-06 0.000141 5.71e-05 0.000105 9.375e-05 7.455e-05 3.69e-05 7.48e-05 1.42e-05 3.79e-05 3.645e-05 1.145e-05 1.535e-05 7.44e-05 7.65e-06 9.63e-05 7.65e-06 5.66e-05 2.905e-05 9.605e-05 3.66e-05 3.21e-05 0.00014215 3.22e-05 7.2e-06 7.835e-05 7.25e-06 7.53e-05 5.025e-05 3.685e-05 1.155e-05 7.47e-05 7.53e-05 3.75e-05 1.165e-05 8.35e-06 1.165e-05 5.12e-05 5.295e-05 7.37e-05 7.485e-05 7.5e-05 7.85e-06 0.0001362 7.8e-06 7.84e-05 7.5e-05 7.95e-06 3.61e-05 9.55e-06 1.115e-05 0.0001364 7.28e-05 0.00014055 1e-05 7.85e-05 4.15e-05 0.00014065 7.885e-05 0.0001418 7.475e-05 1.16e-05 9.4e-06 1.15e-05 0.0001134 7.465e-05 1.175e-05 7.52e-05 3.685e-05 4.17e-05 7.5e-06 0.00010005 9.47e-05 0.00010005 7.9e-06 7.55e-06 0.00013645 1.2e-05 8.1e-06 1.21e-05 0.00014105 7.39e-05 7.535e-05 7.2e-06 0.00010385 0.0001402 7.85e-05 7.3e-06 7.445e-05 7.49e-05 3.75e-05
18 6.815e-05 3.715e-05 2.97e-05 7.995e-05 7.78e-05 7.695e-05 3.785e-05 7.865e-05 7.95e-05 3.705e-05 0.00011935 6.41e-05 8.075e-05 7.015e-05 8.075e-05 2.845e-05 7.915e-05 3.79e-05 5e-05 2.9e-05 3.455e-05 3.03e-05 7.975e-05 3.805e-05 7.69e-05 3.835e-05 6.465e-05 3.525e-05 7.715e-05 2.92e-05 3.485e-05 0.00012115 3.495e-05 3.69e-05 7.64e-05 3.695e-05 7.905e-05 5.11e-05 3.195e-05 3.71e-05 8.08e-05 7.905e-05 4.175e-05 3.315e-05 3.71e-05 3.4e-05 7.535e-05 3.205e-05 7.78e-05 8.005e-05 7.98e-05 3.8e-05 0.00011365 3.73e-05 7.71e-05 8.01e-05 3.7e-05 3.105e-05 3.8e-05 3.385e-05 0.00011585 6.815e-05 0.0001198 3.63e-05 7.215e-05 3.695e-05 0.0001199 7.58e-05 0.0001229 8.005e-05 3.365e-05 3.705e-05 3.275e-05 9.435e-05 7.9e-05 3.555e-05 8.035e-05 2.945e-05 3.745e-05 3.8e-05 7.585e-05 6.875e-05 7.47e-05 3.735e-05 3.715e-05 0.0001159 3.21e-05 3.69e-05 3.275e-05 0.00012005 7.83e-05 7.895e-05 3.8e-05 8.165e-05 0.0001211 7.545e-05 3.81e-05 7.985e-05 7.915e-05 2.685e-05
19 6.77e-05 3.545e-05 2.795e-05 7.99e-05 7.655e-05 7.61e-05 3.63e-05 7.745e-05 8.02e-05 3.59e-05 0.00011905 6.3e-05 8.16e-05 6.86e-05 8.07e-05 2.51e-05 7.91e-05 3.645e-05 2.9e-05 4.99e-05 3.295e-05 2.715e-05 7.97e-05 3.66e-05 7.665e-05 3.69e-05 6.375e-05 3.41e-05 7.76e-05 2.72e-05 3.41e-05 0.0001225 3.42e-05 3.545e-05 7.485e-05 3.55e-05 7.925e-05 5.12e-05 3.025e-05 3.53e-05 8.095e-05 7.83e-05 4.18e-05 3.035e-05 3.585e-05 3.155e-05 7.385e-05 3.165e-05 7.68e-05 7.975e-05 8e-05 3.655e-05 0.00011345 3.56e-05 7.545e-05 7.995e-05 3.585e-05 3e-05 3.65e-05 3.345e-05 0.00011515 6.57e-05 0.00011935 3.555e-05 7.315e-05 3.56e-05 0.00011945 7.475e-05 0.00012425 8e-05 3.03e-05 3.58e-05 3.03e-05 9.425e-05 7.895e-05 3.23e-05 8.01e-05 2.69e-05 3.735e-05 3.655e-05 7.58e-05 6.575e-05 7.375e-05 3.57e-05 3.57e-05 0.0001152 3.265e-05 3.56e-05 3.055e-05 0.00011965 7.7e-05 7.8e-05 3.655e-05 8.215e-05 0.0001223 7.575e-05 3.665e-05 7.98e-05 7.83e-05 2.785e-05
20 7.175e-05 1.375e-05 3.295e-05 7.745e-05 7.615e-05 7.99e-05 1.125e-05 7.85e-05 0.0001018 1.42e-05 0.00013985 6.085e-05 0.0001032 9.245e-05 7.49e-05 3.32e-05 7.77e-05 1.145e-05 3.455e-05 3.295e-05 1.74e-05 1.195e-05 7.725e-05 1.15e-05 9.64e-05 1.19e-05 5.83e-05 3.265e-05 9.645e-05 3.415e-05 3.17e-05 0.00014145 3.18e-05 1.37e-05 7.68e-05 1.375e-05 7.79e-05 4.855e-05 3.545e-05 1.505e-05 7.52e-05 7.78e-05 3.765e-05 1.275e-05 1.42e-05 1.07e-05 5.2e-05 5.28e-05 7.635e-05 7.735e-05 7.76e-05 1.155e-05 0.0001358 1.39e-05 7.67e-05 7.755e-05 1.415e-05 3.175e-05 9.75e-06 1.19e-05 0.00013565 7.075e-05 0.00014005 1.045e-05 7.655e-05 3.855e-05 0.00014015 7.645e-05 0.0001411 7.755e-05 1.26e-05 1.19e-05 1.27e-05 0.0001139 7.755e-05 1.325e-05 7.77e-05 3.175e-05 3.73e-05 1.145e-05 9.79e-05 9.265e-05 9.805e-05 1.4e-05 1.395e-05 0.0001357 1.145e-05 1.395e-05 1.3e-05 0.00014055 7.645e-05 7.755e-05 1.155e-05 0.0001026 0.00013985 7.735e-05 1.165e-05 7.735e-05 7.785e-05 3.375e-05
21 6.71e-05 1.335e-05 2.685e-05 7.735e-05 7.405e-05 7.815e-05 1.53e-05 7.83e-05 9.96e-05 1.405e-05 0.0001368 6.09e-05 0.000101 8.845e-05 7.895e-05 2.71e-05 7.775e-05 1.535e-05 3.03e-05 2.715e-05 1.195e-05 6.3e-06 7.715e-05 1.55e-05 9.53e-05 1.58e-05 6.235e-05 3.28e-05 9.675e-05 2.945e-05 3.385e-05 0.0001417 3.395e-05 1.355e-05 7.05e-05 1.36e-05 7.795e-05 4.91e-05 3.48e-05 1.655e-05 7.91e-05 7.645e-05 4.09e-05 8.85e-06 1.41e-05 1.04e-05 5.465e-05 5.035e-05 7.45e-05 7.7e-05 7.75e-05 1.545e-05 0.00013225 1.35e-05 7.305e-05 7.75e-05 1.4e-05 2.83e-05 1.605e-05 1.18e-05 0.00013425 6.5e-05 0.00013625 1.47e-05 7.14e-05 3.44e-05 0.00013625 7.215e-05 0.00014105 7.745e-05 8.3e-06 1.485e-05 8.35e-06 0.00011215 7.76e-05 9.5e-06 7.765e-05 2.91e-05 3.575e-05 1.545e-05 9.48e-05 8.945e-05 9.635e-05 1.39e-05 1.38e-05 0.0001343 1.24e-05 1.385e-05 8.65e-06 0.00013665 7.41e-05 7.625e-05 1.545e-05 9.975e-05 0.00013945 7.46e-05 1.555e-05 7.725e-05 7.6e-05 2.825e-05
22 7.74e-05 7.2e-05 7.9e-05 7.175e-05 7.295e-05 7.455e-05 7.445e-05 7.55e-05 7.58e-05 7.23e-05 7.465e-05 7.35e-05 7.62e-05 7.785e-05 7.435e-05 8.03e-05 7.34e-05 7.44e-05 7.975e-05 7.97e-05 7.725e-05 7.715e-05 0.0001428 7.46e-05 7.68e-05 7.49e-05 7.565e-05 7.505e-05 7.63e-05 7.97e-05 7.83e-05 7.495e-05 7.84e-05 7.16e-05 7.505e-05 7.165e-05 7.38e-05 7.655e-05 7.885e-05 7.45e-05 7.435e-05 7.41e-05 7.655e-05 7.565e-05 7.245e-05 7.815e-05 7.56e-05 7.765e-05 7.285e-05 7.205e-05 7.21e-05 7.465e-05 7.605e-05 7.215e-05 7.585e-05 7.2e-05 7.225e-05 7.795e-05 7.805e-05 7.625e-05 7.46e-05 7.76e-05 7.36e-05 7.775e-05 7.52e-05 7.745e-05 7.345e-05 7.525e-05 7.18e-05 7.19e-05 7.5e-05 7.56e-05 7.51e-05 7.49e-05 7.325e-05 7.495e-05 7.235e-05 7.985e-05 7.665e-05 7.45e-05 7.78e-05 7.995e-05 7.845e-05 7.225e-05 7.19e-05 7.475e-05 7.75e-05 7.22e-05 7.56e-05 7.365e-05 7.28e-05 7.415e-05 7.45e-05 7.41e-05 7.25e-05 7.6e-05 7.46e-05 7.16e-05 7.335e-05 8.035e-05
23 7.29e-05 7.65e-06 3.665e-05 7.48e-05 7.37e-05 7.985e-05 7.7e-06 7.86e-05 0.00010405 8.25e-06 0.00014115 5.73e-05 0.00010515 9.39e-05 7.46e-05 3.705e-05 7.505e-05 7.65e-06 3.805e-05 3.66e-05 1.15e-05 1.55e-05 7.46e-05 1.45e-05 9.645e-05 7.85e-06 5.675e-05 2.925e-05 9.62e-05 3.675e-05 3.255e-05 0.0001423 3.265e-05 7.55e-06 7.85e-05 7.6e-06 7.545e-05 5.04e-05 3.7e-05 1.18e-05 7.485e-05 7.505e-05 3.795e-05 1.19e-05 8.55e-06 1.21e-05 5.135e-05 5.31e-05 7.345e-05 7.475e-05 7.515e-05 8.05e-06 0.00013635 7.75e-06 7.855e-05 7.52e-05 8.2e-06 3.625e-05 1.025e-05 1.145e-05 0.00013655 7.295e-05 0.0001407 1.035e-05 7.865e-05 4.165e-05 0.0001408 7.9e-05 0.00014195 7.465e-05 1.15e-05 9.8e-06 1.175e-05 0.00011355 7.49e-05 1.195e-05 7.54e-05 3.7e-05 4.185e-05 7.65e-06 0.0001002 9.485e-05 0.0001002 8.2e-06 7.55e-06 0.0001366 1.245e-05 8.3e-06 1.225e-05 0.0001412 7.38e-05 7.555e-05 7.75e-06 0.000104 0.00014035 7.865e-05 7.85e-06 7.47e-05 7.48e-05 3.765e-05
24 7.53e-05 9.505e-05 7.51e-05 7.7e-05 7.52e-05 7.01e-05 9.615e-05 7.17e-05 5.85e-05 9.525e-05 5.345e-05 7.425e-05 5.74e-05 5.52e-05 7.83e-05 7.695e-05 7.725e-05 9.63e-05 7.69e-05 7.665e-05 9.64e-05 9.53e-05 7.68e-05 9.645e-05 0.0001038 9.675e-05 7.59e-05 7.31e-05 5.58e-05 7.77e-05 7.61e-05 5.945e-05 7.62e-05 9.48e-05 7.39e-05 9.485e-05 7.74e-05 7.545e-05 7.38e-05 9.3e-05 7.835e-05 7.365e-05 7.97e-05 9.585e-05 9.52e-05 9.705e-05 9.305e-05 5.345e-05 7.52e-05 7.705e-05 7.71e-05 9.58e-05 5.33e-05 9.52e-05 7.75e-05 7.705e-05 9.52e-05 7.535e-05 9.865e-05 9.655e-05 5.71e-05 7.445e-05 5.37e-05 9.795e-05 7.375e-05 7.875e-05 5.365e-05 7.75e-05 5.91e-05 7.71e-05 9.535e-05 9.725e-05 9.53e-05 5.27e-05 7.71e-05 9.515e-05 7.68e-05 7.675e-05 7.835e-05 9.64e-05 5.335e-05 5.68e-05 5.875e-05 9.465e-05 9.505e-05 5.71e-05 9.6e-05 9.495e-05 9.555e-05 5.33e-05 7.505e-05 7.31e-05 9.64e-05 5.73e-05 5.815e-05 7.82e-05 9.65e-05 7.69e-05 7.42e-05 7.79e-05
25 7.32e-05 7.95e-06 3.695e-05 7.51e-05 7.4e-05 8.015e-05 8.15e-06 7.89e-05 0.00010435 8.55e-06 0.00014145 5.76e-05 0.00010545 9.42e-05 7.5e-05 3.735e-05 7.535e-05 7.65e-06 3.835e-05 3.69e-05 1.19e-05 1.58e-05 7.49e-05 7.85e-06 9.675e-05 1.51e-05 5.705e-05 2.955e-05 9.65e-05 3.705e-05 3.255e-05 0.0001426 3.265e-05 7.85e-06 7.88e-05 7.9e-06 7.575e-05 5.07e-05 3.73e-05 1.21e-05 7.515e-05 7.55e-05 3.795e-05 1.22e-05 8.85e-06 1.21e-05 5.165e-05 5.34e-05 7.39e-05 7.505e-05 7.545e-05 8.35e-06 0.00013665 8e-06 7.885e-05 7.55e-05 8.5e-06 3.655e-05 9.9e-06 1.155e-05 0.00013685 7.325e-05 0.000141 1.045e-05 7.895e-05 4.195e-05 0.0001411 7.93e-05 0.00014225 7.485e-05 1.18e-05 9.85e-06 1.205e-05 0.00011385 7.52e-05 1.225e-05 7.57e-05 3.73e-05 4.215e-05 8.05e-06 0.0001005 9.515e-05 0.0001005 8.5e-06 7.75e-06 0.0001369 1.245e-05 8.6e-06 1.255e-05 0.0001415 7.41e-05 7.585e-05 7.75e-06 0.0001043 0.0001406 7.895e-05 7.85e-06 7.5e-05 7.5e-05 3.795e-05
26 7.95e-05 5.905e-05 6.41e-05 7.585e-05 7.385e-05 7.425e-05 5.655e-05 7.48e-05 7.7e-05 5.96e-05 9.1e-05 5.675e-05 7.895e-05 7.91e-05 7.31e-05 6.4e-05 7.675e-05 5.66e-05 6.465e-05 6.375e-05 5.83e-05 6.235e-05 7.565e-05 5.675e-05 7.59e-05 5.705e-05 0.0001071 5.895e-05 7.625e-05 6.455e-05 5.98e-05 9.41e-05 5.99e-05 5.915e-05 7.74e-05 5.92e-05 7.69e-05 6.075e-05 6.14e-05 5.84e-05 7.32e-05 7.655e-05 5.975e-05 6.095e-05 5.965e-05 5.86e-05 7.31e-05 6.155e-05 7.42e-05 7.56e-05 7.595e-05 5.67e-05 9.415e-05 5.92e-05 7.815e-05 7.6e-05 5.955e-05 6.41e-05 5.695e-05 5.925e-05 9.27e-05 7.89e-05 9.085e-05 5.68e-05 7.66e-05 6.375e-05 9.095e-05 7.76e-05 9.245e-05 7.595e-05 6.065e-05 5.89e-05 6.09e-05 7.575e-05 7.66e-05 6.12e-05 7.62e-05 6.415e-05 6.405e-05 5.67e-05 7.96e-05 7.935e-05 7.97e-05 5.955e-05 5.94e-05 9.275e-05 5.855e-05 5.94e-05 6.115e-05 9.16e-05 7.415e-05 7.64e-05 5.67e-05 7.765e-05 9.105e-05 7.875e-05 5.68e-05 7.575e-05 7.625e-05 6.465e-05
27 6.96e-05 2.595e-05 3.35e-05 7.525e-05 7.285e-05 7.52e-05 2.89e-05 7.575e-05 8.46e-05 2.62e-05 0.0001203 5.515e-05 8.505e-05 7.11e-05 7.845e-05 3.455e-05 7.445e-05 2.905e-05 3.525e-05 3.41e-05 3.265e-05 3.28e-05 7.505e-05 2.925e-05 7.31e-05 2.955e-05 5.895e-05 4.93e-05 7.395e-05 3.44e-05 3.305e-05 0.000123 3.315e-05 2.565e-05 7.635e-05 2.57e-05 7.47e-05 5.055e-05 3.295e-05 2.875e-05 7.85e-05 7.38e-05 4.095e-05 3.005e-05 2.615e-05 3.315e-05 7.025e-05 2.885e-05 7.285e-05 7.54e-05 7.545e-05 2.84e-05 0.00011345 2.61e-05 7.8e-05 7.53e-05 2.615e-05 3.33e-05 3.495e-05 3.175e-05 0.0001168 6.95e-05 0.00011985 3.335e-05 7.645e-05 4.14e-05 0.00011995 7.91e-05 0.00012475 7.54e-05 2.945e-05 3.105e-05 2.95e-05 9.205e-05 7.43e-05 2.905e-05 7.48e-05 3.45e-05 4.12e-05 2.915e-05 7.76e-05 7.25e-05 7.935e-05 2.535e-05 2.595e-05 0.00011685 3.285e-05 2.59e-05 2.985e-05 0.0001202 7.295e-05 7.29e-05 2.915e-05 8.44e-05 0.0001231 7.785e-05 2.925e-05 7.515e-05 7.34e-05 3.55e-05
28 7.735e-05 9.645e-05 7.76e-05 7.65e-05 7.71e-05 7.3e-05 9.56e-05 7.49e-05 5.74e-05 9.68e-05 5.88e-05 7.68e-05 5.805e-05 5.55e-05 7.6e-05 7.8e-05 7.39e-05 9.605e-05 7.715e-05 7.76e-05 9.645e-05 9.675e-05 7.63e-05 9.62e-05 5.58e-05 9.65e-05 7.625e-05 7.395e-05 0.0001025 7.875e-05 7.665e-05 5.125e-05 7.675e-05 9.635e-05 7.745e-05 9.64e-05 7.41e-05 7.81e-05 7.395e-05 9.395e-05 7.605e-05 7.85e-05 7.605e-05 9.745e-05 9.645e-05 9.695e-05 9.495e-05 5.42e-05 7.725e-05 7.645e-05 7.66e-05 9.595e-05 5.745e-05 9.66e-05 7.395e-05 7.625e-05 9.675e-05 7.75e-05 9.7e-05 9.705e-05 5.505e-05 7.64e-05 5.8e-05 9.695e-05 7.685e-05 7.69e-05 5.81e-05 7.715e-05 5.655e-05 7.66e-05 9.68e-05 9.74e-05 9.7e-05 5.88e-05 7.375e-05 9.685e-05 7.67e-05 7.795e-05 7.68e-05 9.615e-05 5.895e-05 5.615e-05 5.475e-05 9.66e-05 9.66e-05 5.51e-05 9.61e-05 9.62e-05 9.725e-05 5.83e-05 7.695e-05 7.82e-05 9.615e-05 5.665e-05 5.735e-05 7.505e-05 9.625e-05 7.64e-05 7.8e-05 7.795e-05
29 6.645e-05 3.435e-05 2.96e-05 7.99e-05 7.625e-05 7.685e-05 3.655e-05 7.87e-05 8.05e-05 3.49e-05 0.00011975 6.28e-05 8.21e-05 6.995e-05 8.185e-05 2.665e-05 7.91e-05 3.66e-05 2.92e-05 2.72e-05 3.415e-05 2.945e-05 7.97e-05 3.675e-05 7.77e-05 3.705e-05 6.455e-05 3.44e-05 7.875e-05 5.11e-05 3.515e-05 0.0001235 3.525e-05 3.445e-05 7.64e-05 3.45e-05 7.925e-05 5.21e-05 3.11e-05 3.555e-05 8.2e-05 7.82e-05 4.295e-05 3.115e-05 3.495e-05 3.345e-05 7.44e-05 3.28e-05 7.66e-05 7.965e-05 8e-05 3.675e-05 0.00011445 3.45e-05 7.745e-05 8.005e-05 3.485e-05 3.105e-05 3.785e-05 3.19e-05 0.0001165 6.81e-05 0.00012015 3.535e-05 7.365e-05 3.71e-05 0.00012025 7.65e-05 0.00012525 8e-05 3.16e-05 3.6e-05 3.105e-05 9.51e-05 7.895e-05 3.345e-05 8.025e-05 2.78e-05 3.84e-05 3.67e-05 7.66e-05 6.69e-05 7.455e-05 3.485e-05 3.47e-05 0.00011655 3.35e-05 3.47e-05 3.13e-05 0.00012045 7.67e-05 7.805e-05 3.67e-05 8.295e-05 0.00012315 7.45e-05 3.68e-05 7.98e-05 7.83e-05 2.91e-05
30 7.1e-05 3.48e-05 3.2e-05 7.85e-05 7.795e-05 7.695e-05 3.24e-05 7.62e-05 8.375e-05 3.5e-05 0.0001203 6.18e-05 8.33e-05 7.03e-05 7.615e-05 3.44e-05 7.79e-05 3.21e-05 3.485e-05 3.41e-05 3.17e-05 3.385e-05 7.83e-05 3.255e-05 7.61e-05 3.255e-05 5.98e-05 3.305e-05 7.665e-05 3.515e-05 5.95e-05 0.000121 2.985e-05 3.455e-05 7.68e-05 3.46e-05 7.805e-05 4.91e-05 3.38e-05 3.385e-05 7.635e-05 7.75e-05 3.805e-05 3.45e-05 3.51e-05 3.215e-05 7.05e-05 3.16e-05 7.795e-05 7.86e-05 7.86e-05 3.205e-05 0.00011335 3.495e-05 7.705e-05 7.87e-05 3.495e-05 3.25e-05 2.99e-05 3.31e-05 0.00011575 7.015e-05 0.0001201 3.175e-05 7.735e-05 3.99e-05 0.0001202 7.83e-05 0.00012235 7.86e-05 3.44e-05 3.245e-05 3.435e-05 9.28e-05 7.775e-05 3.38e-05 7.83e-05 3.41e-05 3.985e-05 3.25e-05 7.525e-05 7.21e-05 7.78e-05 3.44e-05 3.48e-05 0.0001158 3.195e-05 3.485e-05 3.46e-05 0.0001204 7.78e-05 7.68e-05 3.22e-05 8.33e-05 0.00012145 7.815e-05 3.23e-05 7.84e-05 7.76e-05 3.5e-05
31 8.46e-05 0.00014355 0.0001222 7.515e-05 7.88e-05 7.415e-05 0.0001417 7.59e-05 4.945e-05 0.00014385 1.51e-05 9.565e-05 4.99e-05 6.01e-05 7.365e-05 0.00012305 7.185e-05 0.00014215 0.00012115 0.0001225 0.00014145 0.0001417 7.495e-05 0.0001423 5.945e-05 0.0001426 9.41e-05 0.000123 5.125e-05 0.0001235 0.000121 1e-07 0.0001211 0.00014345 7.755e-05 0.0001435 7.2e-05 0.000105 0.00011925 0.00014055 7.37e-05 8.02e-05 0.000112 0.0001438 0.0001435 0.0001423 0.0001012 0.0001013 7.895e-05 7.51e-05 7.52e-05 0.00014205 2.015e-05 0.0001437 7.055e-05 7.49e-05 0.0001438 0.00012155 0.00014045 0.00014245 1.315e-05 8.38e-05 1.385e-05 0.0001419 7.75e-05 0.000113 1.395e-05 7.505e-05 6.75e-06 7.525e-05 0.000143 0.0001425 0.00014335 4.33e-05 7.17e-05 0.0001426 7.535e-05 0.00012265 0.00011265 0.00014225 5.89e-05 6.14e-05 5.14e-05 0.0001437 0.0001437 1.32e-05 0.0001413 0.00014325 0.00014355 1.425e-05 7.84e-05 7.99e-05 0.00014225 4.805e-05 9.7e-06 7.195e-05 0.00014235 7.505e-05 7.95e-05 0.0001221
32 7.11e-05 3.49e-05 3.21e-05 7.86e-05 7.805e-05 7.705e-05 3.25e-05 7.63e-05 8.385e-05 3.51e-05 0.0001204 6.19e-05 8.34e-05 7.04e-05 7.625e-05 3.45e-05 7.8e-05 3.22e-05 3.495e-05 3.42e-05 3.18e-05 3.395e-05 7.84e-05 3.265e-05 7.62e-05 3.265e-05 5.99e-05 3.315e-05 7.675e-05 3.525e-05 2.985e-05 0.0001211 5.97e-05 3.465e-05 7.69e-05 3.47e-05 7.815e-05 4.92e-05 3.39e-05 3.395e-05 7.645e-05 7.76e-05 3.815e-05 3.46e-05 3.52e-05 3.225e-05 7.06e-05 3.17e-05 7.805e-05 7.87e-05 7.87e-05 3.215e-05 0.00011345 3.505e-05 7.715e-05 7.88e-05 3.505e-05 3.26e-05 3e-05 3.32e-05 0.00011585 7.025e-05 0.0001202 3.185e-05 7.745e-05 4e-05 0.0001203 7.84e-05 0.00012245 7.87e-05 3.45e-05 3.255e-05 3.445e-05 9.29e-05 7.785e-05 3.39e-05 7.84e-05 3.42e-05 3.995e-05 3.26e-05 7.535e-05 7.22e-05 7.79e-05 3.45e-05 3.49e-05 0.0001159 3.205e-05 3.495e-05 3.47e-05 0.0001205 7.79e-05 7.69e-05 3.23e-05 8.34e-05 0.00012155 7.825e-05 3.24e-05 7.85e-05 7.77e-05 3.51e-05
33 6.955e-05 1e-06 3.475e-05 7.17e-05 6.935e-05 7.82e-05 7.85e-06 7.835e-05 0.0001035 1.25e-06 0.00013855 5.33e-05 0.00010465 9.205e-05 7.85e-05 3.61e-05 7.195e-05 7.2e-06 3.69e-05 3.545e-05 1.37e-05 1.355e-05 7.16e-05 7.55e-06 9.48e-05 7.85e-06 5.915e-05 2.565e-05 9.635e-05 3.445e-05 3.455e-05 0.00014345 3.465e-05 2e-07 7.59e-05 2.5e-07 7.275e-05 5.055e-05 3.72e-05 9.2e-06 7.845e-05 7.075e-05 4.175e-05 8.05e-06 2.05e-06 1.465e-05 5.265e-05 5.135e-05 6.9e-05 7.235e-05 7.245e-05 7.9e-06 0.0001337 1.15e-06 7.86e-05 7.255e-05 1.2e-06 3.38e-05 1.63e-05 1.07e-05 0.0001366 7.075e-05 0.000138 1.425e-05 7.595e-05 4.195e-05 0.0001381 7.89e-05 0.0001431 7.2e-05 7.65e-06 9.35e-06 7.4e-06 0.00011135 7.18e-05 8.25e-06 7.28e-05 3.56e-05 4.13e-05 7.3e-06 9.775e-05 9.405e-05 0.0001005 1.35e-06 6.5e-07 0.00013665 1.435e-05 1.8e-06 8.3e-06 0.0001385 6.945e-05 7.115e-05 7.3e-06 0.0001032 0.00014035 7.72e-05 7.35e-06 7.16e-05 7.025e-05 3.715e-05
34 7.325e-05 7.595e-05 7.29e-05 7.525e-05 7.325e-05 7.195e-05 7.845e-05 7.28e-05 7.535e-05 7.635e-05 7.04e-05 7.49e-05 7.405e-05 7.235e-05 7.75e-05 7.54e-05 7.685e-05 7.835e-05 7.64e-05 7.485e-05 7.68e-05 7.05e-05 7.505e-05 7.85e-05 7.39e-05 7.88e-05 7.74e-05 7.635e-05 7.745e-05 7.64e-05 7.68e-05 7.755e-05 7.69e-05 7.59e-05 0.000136 7.595e-05 7.7e-05 7.435e-05 7.72e-05 7.695e-05 7.755e-05 7.345e-05 7.895e-05 7.5e-05 7.655e-05 7.715e-05 7.62e-05 7.385e-05 7.345e-05 7.51e-05 7.535e-05 7.795e-05 6.99e-05 7.61e-05 7.355e-05 7.555e-05 7.63e-05 7.205e-05 7.995e-05 7.675e-05 7.415e-05 7.19e-05 6.885e-05 7.955e-05 7.07e-05 7.495e-05 6.86e-05 7.38e-05 7.45e-05 7.535e-05 7.405e-05 7.83e-05 7.445e-05 7.02e-05 7.67e-05 7.285e-05 7.515e-05 7.55e-05 7.5e-05 7.845e-05 7.165e-05 7.6e-05 7.765e-05 7.585e-05 7.615e-05 7.415e-05 7.705e-05 7.63e-05 7.47e-05 6.82e-05 7.285e-05 7.285e-05 7.845e-05 7.245e-05 7.375e-05 7.61e-05 7.855e-05 7.515e-05 7.225e-05 7.645e-05
35 6.96e-05 1.05e-06 3.48e-05 7.175e-05 6.94e-05 7.825e-05 7.9e-06 7.84e-05 0.00010355 1.35e-06 0.0001386 5.335e-05 0.0001047 9.21e-05 7.855e-05 3.615e-05 7.185e-05 7.25e-06 3.695e-05 3.55e-05 1.375e-05 1.36e-05 7.165e-05 7.6e-06 9.485e-05 7.9e-06 5.92e-05 2.57e-05 9.64e-05 3.45e-05 3.46e-05 0.0001435 3.47e-05 2.5e-07 7.595e-05 3e-07 7.28e-05 5.06e-05 3.725e-05 9.2e-06 7.85e-05 7.08e-05 4.18e-05 8.05e-06 2.1e-06 1.47e-05 5.27e-05 5.14e-05 6.905e-05 7.24e-05 7.25e-05 7.95e-06 0.00013375 1.2e-06 7.865e-05 7.26e-05 1.3e-06 3.385e-05 1.635e-05 1.075e-05 0.00013665 7.08e-05 0.00013805 1.43e-05 7.6e-05 4.2e-05 0.00013815 7.895e-05 0.00014315 7.205e-05 7.7e-06 9.4e-06 7.4e-06 0.0001114 7.185e-05 8.3e-06 7.285e-05 3.565e-05 4.135e-05 7.2e-06 9.78e-05 9.41e-05 0.00010055 1.4e-06 7e-07 0.0001367 1.44e-05 1.85e-06 8.35e-06 0.00013855 6.95e-05 7.12e-05 7.3e-06 0.00010325 0.0001404 7.725e-05 7.45e-06 7.16e-05 7.03e-05 3.72e-05
36 7.735e-05 7.3e-05 7.875e-05 7.4e-05 7.445e-05 7.64e-05 7.525e-05 7.74e-05 7.67e-05 7.26e-05 7.705e-05 7.48e-05 7.75e-05 7.635e-05 7.635e-05 7.985e-05 7.25e-05 7.53e-05 7.905e-05 7.925e-05 7.79e-05 7.795e-05 7.38e-05 7.545e-05 7.74e-05 7.575e-05 7.69e-05 7.47e-05 7.41e-05 7.925e-05 7.805e-05 7.2e-05 7.815e-05 7.275e-05 7.7e-05 7.28e-05 0.0001439 7.805e-05 7.85e-05 7.55e-05 7.64e-05 7.595e-05 7.715e-05 7.655e-05 7.265e-05 7.88e-05 7.725e-05 7.66e-05 7.445e-05 7.41e-05 7.35e-05 7.54e-05 7.715e-05 7.315e-05 7.485e-05 7.415e-05 7.255e-05 7.795e-05 7.87e-05 7.71e-05 7.515e-05 7.755e-05 7.615e-05 7.845e-05 7.67e-05 7.775e-05 7.625e-05 7.725e-05 7.515e-05 7.41e-05 7.575e-05 7.565e-05 7.6e-05 7.755e-05 7.235e-05 7.58e-05 7.44e-05 7.94e-05 7.725e-05 7.54e-05 7.855e-05 7.8e-05 7.62e-05 7.32e-05 7.3e-05 7.52e-05 7.785e-05 7.24e-05 7.565e-05 7.66e-05 7.43e-05 7.585e-05 7.54e-05 7.585e-05 7.55e-05 7.485e-05 7.55e-05 7.39e-05 7.535e-05 7.995e-05
37 7.715e-05 5.075e-05 4.9e-05 7.675e-05 7.635e-05 7.48e-05 5.03e-05 7.47e-05 7.69e-05 5.1e-05 0.00010065 6.095e-05 7.61e-05 7.7e-05 7.625e-05 5.15e-05 7.79e-05 5.025e-05 5.11e-05 5.12e-05 4.855e-05 4.91e-05 7.655e-05 5.04e-05 7.545e-05 5.07e-05 6.075e-05 5.055e-05 7.81e-05 5.21e-05 4.91e-05 0.000105 4.92e-05 5.055e-05 7.435e-05 5.06e-05 7.805e-05 9.05e-05 5.09e-05 5.025e-05 7.63e-05 7.54e-05 5.085e-05 5.07e-05 5.115e-05 5.01e-05 7.545e-05 4.985e-05 7.64e-05 7.675e-05 7.685e-05 4.98e-05 0.00010195 5.09e-05 7.725e-05 7.7e-05 5.095e-05 4.83e-05 4.985e-05 4.99e-05 0.0001039 7.645e-05 0.00010065 5.05e-05 7.49e-05 5.08e-05 0.0001007 7.635e-05 0.00010285 7.685e-05 5.015e-05 5.025e-05 5.015e-05 7.28e-05 7.775e-05 5.005e-05 7.66e-05 5.04e-05 4.95e-05 5.035e-05 7.4e-05 7.93e-05 7.91e-05 5.045e-05 5.08e-05 0.0001039 4.965e-05 5.09e-05 5.04e-05 0.0001005 7.62e-05 7.475e-05 5.035e-05 7.595e-05 0.00010225 7.78e-05 5.045e-05 7.665e-05 7.57e-05 5.15e-05
38 7e-05 3.73e-05 3.25e-05 7.905e-05 7.695e-05 7.165e-05 3.655e-05 7.225e-05 7.925e-05 3.765e-05 0.00011765 6.2e-05 8.03e-05 6.82e-05 7.85e-05 3.015e-05 7.835e-05 3.685e-05 3.195e-05 3.025e-05 3.545e-05 3.48e-05 7.885e-05 3.7e-05 7.38e-05 3.73e-05 6.14e-05 3.295e-05 7.395e-05 3.11e-05 3.38e-05 0.00011925 3.39e-05 3.72e-05 7.72e-05 3.725e-05 7.85e-05 5.09e-05 5.24e-05 3.19e-05 7.865e-05 7.835e-05 4.05e-05 3.56e-05 3.745e-05 3.545e-05 7.5e-05 2.975e-05 7.71e-05 7.9e-05 7.915e-05 3.685e-05 0.0001116 3.745e-05 7.72e-05 7.895e-05 3.76e-05 3.31e-05 3.715e-05 3.655e-05 0.0001129 6.935e-05 0.00011765 3.705e-05 7.565e-05 3.86e-05 0.0001177 7.74e-05 0.0001208 7.915e-05 3.585e-05 3.735e-05 3.555e-05 9.1e-05 7.82e-05 3.655e-05 7.925e-05 3.06e-05 3.95e-05 3.695e-05 7.515e-05 6.59e-05 7.28e-05 3.745e-05 3.745e-05 0.00011295 3.55e-05 3.72e-05 3.58e-05 0.0001179 7.72e-05 7.805e-05 3.695e-05 8.05e-05 0.0001197 7.735e-05 3.705e-05 7.895e-05 7.825e-05 3.185e-05
39 7.145e-05 9.65e-06 3.54e-05 7.465e-05 7.28e-05 7.485e-05 1.18e-05 7.325e-05 0.0001013 1e-05 0.000137 5.675e-05 0.0001024 9.01e-05 7.68e-05 3.575e-05 7.495e-05 1.155e-05 3.71e-05 3.53e-05 1.505e-05 1.655e-05 7.45e-05 1.18e-05 9.3e-05 1.21e-05 5.84e-05 2.875e-05 9.395e-05 3.555e-05 3.385e-05 0.00014055 3.395e-05 9.2e-06 7.695e-05 9.2e-06 7.55e-05 5.025e-05 3.19e-05 1.82e-05 7.69e-05 7.43e-05 4.035e-05 1.315e-05 1.035e-05 1.57e-05 5.475e-05 4.995e-05 7.27e-05 7.495e-05 7.51e-05 1.195e-05 0.0001322 9.8e-06 7.82e-05 7.51e-05 9.95e-06 3.485e-05 1.605e-05 1.5e-05 0.00013355 7.14e-05 0.00013655 1.6e-05 7.705e-05 4.15e-05 0.0001366 7.855e-05 0.00014 7.485e-05 1.32e-05 1.345e-05 1.305e-05 0.00010935 7.485e-05 1.335e-05 7.53e-05 3.555e-05 4.155e-05 1.16e-05 9.635e-05 9.1e-05 9.75e-05 9.9e-06 9.55e-06 0.0001336 1.605e-05 1.01e-05 1.37e-05 0.000137 7.29e-05 7.435e-05 1.155e-05 0.0001012 0.0001383 7.84e-05 1.175e-05 7.45e-05 7.39e-05 3.67e-05
