 slim_337641717 slim_337642074 slim_337642061 slim_337642080 slim_337642070 slim_337641806 slim_337642050 slim_337642058 slim_337641923 slim_337641933 slim_337641665 slim_337641661 slim_337642041 slim_337641941 slim_337642022 slim_337642083 slim_337641985 slim_337641948 slim_337642071 slim_337641984 slim_337642077 slim_337641862 slim_337642040 slim_337642046 slim_337641861 slim_337641900 slim_337642017 slim_337641816 slim_337641858 slim_337642057 slim_337641847 slim_337642079 slim_337641975 slim_337642039 slim_337642087 slim_337642018 slim_337642086 slim_337641915 slim_337642026 slim_337641961 slim_337642053 slim_337642019 slim_337641830 slim_337641981 slim_337642065 slim_337641716 slim_337641888 slim_337642009 slim_337642055 slim_337642025 slim_337641635 slim_337642000 slim_337642054 slim_337642008 slim_337641758 slim_337642093 slim_337641978 slim_337642043 slim_337642072 slim_337641719 slim_337642023 slim_337641934 slim_337642051 slim_337641823 slim_337641974 slim_337641999 slim_337642082 slim_337641944 slim_337642084 slim_337641960 slim_337641942 slim_337642024 slim_337642048 slim_337642028 slim_337641954 slim_337641962 slim_337642096 slim_337642095 slim_337641898 slim_337642068 slim_337641936 slim_337642092 slim_337641658 slim_337641949 slim_337641924 slim_337641947 slim_337642078 slim_337642056 slim_337642085 slim_337642029 slim_337642067 slim_337642047 slim_337641857 slim_337642012 slim_337642052 slim_337642004 slim_337642038 slim_337641919 slim_337642081 slim_337641977
0 5.4e-06 7.4e-06 8.4e-06 8.6e-06 6.45e-06 7.95e-06 7.55e-06 6.45e-06 8.3e-06 1.01e-05 7.8e-06 7.75e-06 8.55e-06 7.35e-06 7.35e-06 6.7e-06 7.45e-06 6.95e-06 4.4e-06 5.9e-06 6.65e-06 5.45e-06 4.9e-06 6.4e-06 6.8e-06 7.25e-06 7.1e-06 6.75e-06 9.95e-06 6.3e-06 8.65e-06 7.15e-06 7.95e-06 4.85e-06 6.95e-06 8.15e-06 8.05e-06 7.5e-06 8.4e-06 2.9e-06 1.095e-05 7.7e-06 6.4e-06 7.9e-06 6.3e-06 9.5e-06 5e-06 5.7e-06 7.05e-06 8.9e-06 6.9e-06 7.6e-06 9.1e-06 6e-06 9.2e-06 6.3e-06 9.6e-06 6.55e-06 6.95e-06 1.09e-05 6.1e-06 6.3e-06 1.07e-05 9.1e-06 9.25e-06 9.95e-06 7.55e-06 6e-06 9.85e-06 7.25e-06 8.35e-06 8.7e-06 7.8e-06 6.3e-06 4.5e-06 7.9e-06 8.5e-06 6.45e-06 8.7e-06 6.55e-06 9.7e-06 6.45e-06 1.095e-05 7.05e-06 5.75e-06 4.5e-06 4.85e-06 9.1e-06 8.4e-06 6.45e-06 7.15e-06 7.5e-06 8.65e-06 7.9e-06 8.35e-06 8.9e-06 7.35e-06 8.75e-06 5.3e-06 9.15e-06
1 7.4e-06 5.2e-06 9.2e-06 9.8e-06 2.9e-06 6.65e-06 4e-06 4.95e-06 4.8e-06 7.7e-06 6.45e-06 4.15e-06 8.05e-06 5.35e-06 3.2e-06 6.6e-06 5.4e-06 1.075e-05 6.55e-06 4.7e-06 3.7e-06 5.25e-06 6.65e-06 5.25e-06 4.05e-06 5.15e-06 6.6e-06 9.95e-06 9e-06 2.8e-06 7.95e-06 5.15e-06 3.65e-06 6e-06 4.95e-06 4.6e-06 4.45e-06 3.65e-06 7.2e-06 6.8e-06 1.33e-05 5.3e-06 3.25e-06 1.015e-05 4.8e-06 8.45e-06 6.3e-06 5.7e-06 5.1e-06 8.5e-06 4.75e-06 3.85e-06 6.9e-06 4.8e-06 8.1e-06 3.05e-06 1.01e-05 3.3e-06 4.9e-06 1.15e-05 3e-06 3e-06 1.295e-05 4.95e-06 7.25e-06 9.4e-06 3.05e-06 2.8e-06 8.75e-06 3.65e-06 9.15e-06 8.5e-06 3.4e-06 3.05e-06 6.7e-06 4.4e-06 8.2e-06 5.25e-06 5.65e-06 3.5e-06 7.9e-06 5.1e-06 1.165e-05 3.3e-06 6.95e-06 5.05e-06 5.4e-06 7.1e-06 9.7e-06 3.6e-06 4.95e-06 3.9e-06 8.45e-06 4.25e-06 4.75e-06 6.2e-06 4.65e-06 6.6e-06 7.35e-06 1e-05
2 8.4e-06 9.2e-06 1.31e-05 1.235e-05 8.3e-06 1.08e-05 9.45e-06 8.7e-06 1.055e-05 8.75e-06 1.06e-05 9.55e-06 8.15e-06 9.75e-06 9e-06 8.7e-06 9.7e-06 8.35e-06 8.45e-06 9.2e-06 8.45e-06 8.65e-06 8.6e-06 8.6e-06 8.4e-06 9.5e-06 9.9e-06 8.35e-06 9.2e-06 8.15e-06 8e-06 9.65e-06 8.9e-06 8.7e-06 9.35e-06 1.04e-05 9.85e-06 9.05e-06 1.12e-05 8.15e-06 8.3e-06 9.85e-06 8.45e-06 7.55e-06 8.6e-06 1.205e-05 8.85e-06 8.8e-06 9.5e-06 8.6e-06 9.25e-06 9.45e-06 7.55e-06 8.5e-06 8.95e-06 8.2e-06 9.85e-06 8.3e-06 9.45e-06 1.09e-05 8.1e-06 8.3e-06 8.55e-06 1.045e-05 7.55e-06 8.45e-06 9.25e-06 8.05e-06 9.3e-06 9.3e-06 6.6e-06 1.125e-05 9.4e-06 8.05e-06 8.6e-06 9.65e-06 7.95e-06 8.7e-06 1.095e-05 8.4e-06 8.9e-06 8.7e-06 1.055e-05 8.75e-06 9.65e-06 8.2e-06 8.3e-06 7.45e-06 8.3e-06 8.35e-06 9.6e-06 8.95e-06 1.12e-05 9.65e-06 1.06e-05 1.055e-05 8.95e-06 1.085e-05 9.75e-06 9.8e-06
3 8.6e-06 9.8e-06 1.235e-05 1.17e-05 1.015e-05 9.1e-06 1e-05 1.075e-05 9.45e-06 1.26e-05 8.9e-06 1.015e-05 1.22e-05 1.065e-05 1.01e-05 9.8e-06 9.8e-06 1.23e-05 1e-05 9.15e-06 1.025e-05 9.1e-06 8.75e-06 1.085e-05 1.035e-05 9e-06 1.03e-05 1.165e-05 1.26e-05 1e-05 1.3e-05 9.7e-06 1.02e-05 9.5e-06 8.7e-06 9.25e-06 1.045e-05 1.02e-05 8.9e-06 8.85e-06 1.54e-05 8.5e-06 1.02e-05 1.205e-05 1.08e-05 7.4e-06 9.65e-06 9.3e-06 8.9e-06 1.255e-05 8.3e-06 1.005e-05 1.265e-05 1.06e-05 1.21e-05 1e-05 1.08e-05 1.02e-05 9.45e-06 1.01e-05 9.9e-06 1.005e-05 1.455e-05 1.05e-05 1.27e-05 1.375e-05 9.9e-06 9.8e-06 1.295e-05 9.8e-06 1.23e-05 8.7e-06 9.95e-06 9.95e-06 1.02e-05 1.025e-05 1.29e-05 1.09e-05 8.3e-06 1.025e-05 1.27e-05 1.09e-05 1.075e-05 9.75e-06 7.9e-06 9.4e-06 9.55e-06 1.26e-05 1.355e-05 1.015e-05 9.6e-06 1.005e-05 8.7e-06 1.015e-05 9.45e-06 9.1e-06 1.035e-05 7.95e-06 8.75e-06 1.175e-05
4 6.45e-06 2.9e-06 8.3e-06 1.015e-05 2.1e-06 6.6e-06 3.6e-06 3.65e-06 5.75e-06 7.25e-06 6.4e-06 3.85e-06 7e-06 5.2e-06 2.7e-06 6.45e-06 4.55e-06 9.8e-06 5.2e-06 5.35e-06 2.1e-06 4.5e-06 5.75e-06 3.8e-06 2.45e-06 4.7e-06 5.9e-06 9.05e-06 8.9e-06 1.05e-06 6.5e-06 4.35e-06 3.9e-06 4.95e-06 4.6e-06 5.6e-06 4.15e-06 3.15e-06 7.5e-06 5.45e-06 1.24e-05 5e-06 1.9e-06 9.85e-06 3.15e-06 8.3e-06 5.2e-06 4.95e-06 4.7e-06 7.5e-06 4.5e-06 3.6e-06 5.5e-06 3.4e-06 7.85e-06 1.3e-06 1.035e-05 1.55e-06 4.15e-06 1.12e-05 1.45e-06 1.6e-06 1.255e-05 5.55e-06 5.7e-06 8.55e-06 3.35e-06 1.3e-06 8.6e-06 3.45e-06 8.25e-06 7.7e-06 3.8e-06 1.6e-06 5.35e-06 4.1e-06 6.8e-06 3.75e-06 6.65e-06 2.05e-06 8.25e-06 3.65e-06 1.085e-05 2.9e-06 6.75e-06 3.65e-06 3.9e-06 5.55e-06 8.35e-06 2.05e-06 4.15e-06 3.3e-06 7.65e-06 4.1e-06 5.8e-06 6.75e-06 3.6e-06 5.7e-06 7.05e-06 9.75e-06
5 7.95e-06 6.65e-06 1.08e-05 9.1e-06 6.6e-06 1e-07 6.25e-06 8.05e-06 4e-06 9.75e-06 9e-07 5.9e-06 9.85e-06 8e-06 6.45e-06 6.15e-06 3.25e-06 1.08e-05 9.7e-06 8.05e-06 6.25e-06 7.3e-06 8.1e-06 7.75e-06 5.65e-06 6.35e-06 5.75e-06 1.17e-05 9.3e-06 6.45e-06 1.09e-05 4.1e-06 6.55e-06 6.3e-06 6.35e-06 3.55e-06 6.2e-06 6.25e-06 3.9e-06 9.65e-06 1.455e-05 6.5e-06 6.8e-06 1.145e-05 8.15e-06 4.85e-06 6.25e-06 7.1e-06 6.55e-06 9.7e-06 6.35e-06 6.2e-06 9.45e-06 8.2e-06 9.6e-06 6.45e-06 1.035e-05 6.35e-06 3.6e-06 1.125e-05 6.3e-06 6.65e-06 1.365e-05 5.8e-06 9.1e-06 1.105e-05 6.45e-06 6.5e-06 1.06e-05 6.25e-06 1.075e-05 9.6e-06 5.95e-06 6.35e-06 9.85e-06 6.05e-06 1.08e-05 7.8e-06 6.35e-06 6.5e-06 1.075e-05 8e-06 1.195e-05 6.1e-06 8.3e-06 8.15e-06 7.65e-06 9.2e-06 1.235e-05 6.15e-06 3.75e-06 5.8e-06 9.55e-06 5.75e-06 3.4e-06 6.05e-06 5.65e-06 7.95e-06 3.4e-06 7.25e-06
6 7.55e-06 4e-06 9.45e-06 1e-05 3.6e-06 6.25e-06 5.4e-06 5.15e-06 5.5e-06 7.8e-06 6.05e-06 3.25e-06 8.4e-06 5.05e-06 4.4e-06 6.55e-06 4.8e-06 1.105e-05 6.7e-06 5.85e-06 3.15e-06 5.5e-06 6.75e-06 5e-06 3.2e-06 5.3e-06 6.6e-06 1.005e-05 9.05e-06 3.45e-06 8.45e-06 4.6e-06 4.95e-06 6.15e-06 5e-06 5.3e-06 3.6e-06 4.4e-06 7.15e-06 6.7e-06 1.355e-05 5.35e-06 3.35e-06 1.065e-05 5.25e-06 8.3e-06 6.15e-06 5.5e-06 5.15e-06 8.3e-06 4.8e-06 3.35e-06 7.3e-06 4.9e-06 8.75e-06 3.35e-06 1.04e-05 3.55e-06 4.6e-06 1.175e-05 2.95e-06 3.5e-06 1.33e-05 4.3e-06 7.15e-06 9.1e-06 4e-06 3.1e-06 8.35e-06 3.05e-06 9.4e-06 8.75e-06 3.9e-06 3.3e-06 6.85e-06 3.45e-06 8.2e-06 5.05e-06 5.2e-06 3.6e-06 8.9e-06 5.25e-06 1.18e-05 3.95e-06 7.05e-06 4.7e-06 4.95e-06 7.05e-06 1e-05 3.15e-06 4.8e-06 4.05e-06 8.7e-06 3.3e-06 5.5e-06 6.2e-06 3.6e-06 7e-06 7.35e-06 9.95e-06
7 6.45e-06 4.95e-06 8.7e-06 1.075e-05 3.65e-06 8.05e-06 5.15e-06 5.4e-06 7.2e-06 8.3e-06 7.85e-06 5.4e-06 7.6e-06 4.75e-06 4.8e-06 7.1e-06 6.15e-06 9.1e-06 4e-06 6e-06 4e-06 4.95e-06 6.45e-06 3.45e-06 4.15e-06 5.85e-06 5.5e-06 8.65e-06 9.35e-06 3.5e-06 7.1e-06 6e-06 5.55e-06 5.85e-06 6.15e-06 7e-06 5.7e-06 4.4e-06 8.95e-06 5.4e-06 1.13e-05 6.2e-06 3.6e-06 9.5e-06 3.1e-06 9.8e-06 6.1e-06 5.7e-06 6.3e-06 8.1e-06 6e-06 4.7e-06 6.8e-06 3.15e-06 8.25e-06 3.5e-06 1.06e-05 3.2e-06 5.75e-06 1.17e-05 3.45e-06 3.5e-06 1.19e-05 6.95e-06 7.05e-06 8.6e-06 4.45e-06 3.5e-06 8.55e-06 5e-06 8.65e-06 7.3e-06 5.15e-06 3.1e-06 4.15e-06 5.6e-06 6.95e-06 3.45e-06 8e-06 2.85e-06 8.2e-06 3.35e-06 1.09e-05 4.45e-06 7.35e-06 4.5e-06 4.75e-06 6.45e-06 6.45e-06 3.85e-06 5.95e-06 4.95e-06 7.25e-06 5.45e-06 7.2e-06 8.1e-06 5.2e-06 7.75e-06 7.8e-06 1.02e-05
8 8.3e-06 4.8e-06 1.055e-05 9.45e-06 5.75e-06 4e-06 5.5e-06 7.2e-06 6.9e-06 9.05e-06 3.85e-06 5.2e-06 9.35e-06 6.8e-06 5.35e-06 6.6e-06 4.9e-06 1.14e-05 8.9e-06 6.15e-06 5.9e-06 6.75e-06 7.95e-06 7.25e-06 5.65e-06 5.9e-06 6.55e-06 1.14e-05 9.3e-06 5.6e-06 1.05e-05 4.75e-06 5.1e-06 6.75e-06 5.9e-06 3.7e-06 5.5e-06 5.15e-06 5.55e-06 9.05e-06 1.45e-05 6.15e-06 5.75e-06 1.105e-05 7.15e-06 6.95e-06 6.9e-06 6.9e-06 6.1e-06 9.65e-06 5.9e-06 5.15e-06 8.85e-06 7.35e-06 9e-06 5.6e-06 1.025e-05 5.5e-06 4.9e-06 1.165e-05 5.65e-06 5.6e-06 1.36e-05 5.15e-06 9e-06 1.075e-05 4.6e-06 5.8e-06 9.85e-06 5.2e-06 1.05e-05 9.55e-06 4.6e-06 5.55e-06 9.05e-06 5.4e-06 1.04e-05 7.3e-06 5.65e-06 5.7e-06 9.2e-06 7.3e-06 1.235e-05 5e-06 7.9e-06 7.5e-06 7.35e-06 8.95e-06 1.18e-05 5.8e-06 5.05e-06 5.3e-06 9.5e-06 5.2e-06 3.9e-06 6e-06 5.7e-06 8.05e-06 5.8e-06 9e-06
9 1.01e-05 7.7e-06 8.75e-06 1.26e-05 7.25e-06 9.75e-06 7.8e-06 8.3e-06 9.05e-06 1.28e-05 9.65e-06 7.95e-06 8.3e-06 8.7e-06 8.05e-06 1.02e-05 8.8e-06 9.7e-06 9.35e-06 9.1e-06 7.55e-06 8.85e-06 9.55e-06 8.35e-06 7.6e-06 8.5e-06 9.55e-06 9.7e-06 9.5e-06 7.1e-06 7.95e-06 8.7e-06 8.65e-06 9.15e-06 8.4e-06 8.9e-06 8.25e-06 8.05e-06 1.02e-05 9.7e-06 9.3e-06 8.75e-06 7.4e-06 1.02e-05 8.15e-06 1.15e-05 9.35e-06 9.15e-06 8.55e-06 8.65e-06 8.3e-06 7.75e-06 6.9e-06 8.15e-06 8.65e-06 7.15e-06 9.95e-06 7.2e-06 8.5e-06 1.13e-05 7.1e-06 7.25e-06 9.6e-06 9.1e-06 7e-06 9.2e-06 7.7e-06 7.1e-06 8.55e-06 7.65e-06 8.7e-06 1.13e-05 7.95e-06 7.15e-06 9.5e-06 8.15e-06 7.9e-06 8.4e-06 9.2e-06 7.35e-06 8.3e-06 8.35e-06 1.09e-05 7.8e-06 9.95e-06 8.5e-06 8.65e-06 6.85e-06 8.85e-06 7.45e-06 8.65e-06 8.15e-06 1.125e-05 8.05e-06 9.05e-06 9.9e-06 8.25e-06 1.03e-05 1.015e-05 9.95e-06
10 7.8e-06 6.45e-06 1.06e-05 8.9e-06 6.4e-06 9e-07 6.05e-06 7.85e-06 3.85e-06 9.65e-06 1.1e-06 5.7e-06 9.65e-06 7.8e-06 6.05e-06 6.05e-06 3.15e-06 1.065e-05 9.5e-06 7.85e-06 6.05e-06 7e-06 7.9e-06 7.55e-06 5.45e-06 6.15e-06 5.3e-06 1.15e-05 8.9e-06 6.25e-06 1.07e-05 3.95e-06 6.25e-06 6.15e-06 6.15e-06 3.55e-06 6e-06 5.85e-06 4e-06 9.45e-06 1.435e-05 6.3e-06 6.6e-06 1.125e-05 7.95e-06 4.85e-06 6.1e-06 6.8e-06 6.35e-06 9.5e-06 6.15e-06 6e-06 9.25e-06 8e-06 9.2e-06 6.25e-06 1.015e-05 6.15e-06 3.5e-06 1.105e-05 6.1e-06 6.45e-06 1.345e-05 5.4e-06 8.9e-06 1.085e-05 6.25e-06 6.3e-06 1.04e-05 6.05e-06 1.055e-05 9.4e-06 5.8e-06 6.15e-06 9.65e-06 5.85e-06 1.06e-05 7.6e-06 6.15e-06 6.3e-06 1.055e-05 7.8e-06 1.175e-05 5.7e-06 8.1e-06 7.95e-06 7.45e-06 9e-06 1.215e-05 5.95e-06 3.65e-06 5.5e-06 9.35e-06 5.6e-06 3.75e-06 5.65e-06 5.45e-06 7.75e-06 3.55e-06 7.35e-06
11 7.75e-06 4.15e-06 9.55e-06 1.015e-05 3.85e-06 5.9e-06 3.25e-06 5.4e-06 5.2e-06 7.95e-06 5.7e-06 4.3e-06 8.45e-06 4.65e-06 4.55e-06 6.15e-06 4.05e-06 1.11e-05 7e-06 5.85e-06 3.1e-06 5.7e-06 6.95e-06 4.75e-06 2.25e-06 5.45e-06 6.55e-06 1.025e-05 8.75e-06 3.7e-06 8.75e-06 5.15e-06 5.15e-06 6.05e-06 5.5e-06 5e-06 2.5e-06 4.4e-06 7e-06 7.05e-06 1.36e-05 5.6e-06 3.85e-06 1.065e-05 5.35e-06 8.25e-06 5.65e-06 5.2e-06 5.65e-06 7.7e-06 5.3e-06 2.95e-06 7.15e-06 5.5e-06 8.55e-06 3.7e-06 1.045e-05 3.65e-06 4.9e-06 1.185e-05 3.7e-06 3.65e-06 1.33e-05 3.5e-06 7.1e-06 8.85e-06 4e-06 3.85e-06 7.85e-06 3e-06 9.5e-06 9e-06 3.25e-06 3.7e-06 7.15e-06 2.55e-06 8.7e-06 4.6e-06 4.8e-06 3.8e-06 8.8e-06 5.25e-06 1.195e-05 4.3e-06 7.25e-06 5.55e-06 4.55e-06 7.25e-06 1.015e-05 3.05e-06 5e-06 3.7e-06 8.95e-06 2.25e-06 5.2e-06 5.95e-06 2.95e-06 7.4e-06 7.2e-06 9.8e-06
12 8.55e-06 8.05e-06 8.15e-06 1.22e-05 7e-06 9.85e-06 8.4e-06 7.6e-06 9.35e-06 8.3e-06 9.65e-06 8.45e-06 1.2e-05 8.6e-06 7.95e-06 9.1e-06 8.8e-06 8.8e-06 8e-06 8.55e-06 7.55e-06 8.05e-06 8.15e-06 7.75e-06 7.6e-06 8.65e-06 8.95e-06 7.4e-06 8e-06 6.85e-06 7.9e-06 8.7e-06 8.15e-06 8.35e-06 8.55e-06 9.2e-06 8.75e-06 7.85e-06 1.045e-05 8.2e-06 7.65e-06 9.1e-06 7.25e-06 7.5e-06 7.25e-06 1.15e-05 8.55e-06 8.4e-06 8.75e-06 7.05e-06 8.6e-06 8.2e-06 7.25e-06 7.55e-06 7.1e-06 6.85e-06 8.7e-06 6.85e-06 8.5e-06 9.8e-06 7.1e-06 7.1e-06 6.55e-06 9.6e-06 7.5e-06 8.75e-06 7.95e-06 7.15e-06 8.85e-06 8.15e-06 8.1e-06 1.07e-05 8.2e-06 7.1e-06 8.15e-06 8.6e-06 7.8e-06 7.8e-06 1.01e-05 7.25e-06 8.5e-06 7.75e-06 1.07e-05 7.6e-06 9.5e-06 7.75e-06 7.9e-06 7.3e-06 8.05e-06 7.45e-06 8.65e-06 8.15e-06 1.065e-05 8.5e-06 9.4e-06 1.02e-05 7.7e-06 1.035e-05 9.4e-06 8.45e-06
13 7.35e-06 5.35e-06 9.75e-06 1.065e-05 5.2e-06 8e-06 5.05e-06 4.75e-06 6.8e-06 8.7e-06 7.8e-06 4.65e-06 8.6e-06 8.3e-06 5.75e-06 7.3e-06 6.6e-06 9.95e-06 5.4e-06 6.2e-06 5.25e-06 6.25e-06 7.35e-06 4.6e-06 5e-06 6.8e-06 6.1e-06 9.55e-06 9.5e-06 5.05e-06 8.45e-06 6.8e-06 6.3e-06 6.85e-06 6.7e-06 6.6e-06 4.95e-06 5.7e-06 8.65e-06 6.65e-06 1.215e-05 7.05e-06 5.1e-06 1.005e-05 4.65e-06 1e-05 6.85e-06 6.25e-06 6.85e-06 8.8e-06 6.5e-06 4.7e-06 8.2e-06 4.6e-06 8.75e-06 5.05e-06 1.055e-05 5.1e-06 6.55e-06 1.215e-05 5.1e-06 4.95e-06 1.24e-05 5.65e-06 8.5e-06 9e-06 5.3e-06 5.1e-06 7.9e-06 4.6e-06 9.7e-06 8.3e-06 5.25e-06 5.1e-06 5.55e-06 4.8e-06 8.35e-06 4.7e-06 6.5e-06 5.2e-06 8.4e-06 4.85e-06 1.17e-05 5.45e-06 7.65e-06 5.95e-06 5.85e-06 8.4e-06 7.8e-06 5.15e-06 6.7e-06 5.8e-06 8.25e-06 4.7e-06 6.8e-06 7.7e-06 5.3e-06 8.75e-06 8.05e-06 1.045e-05
14 7.35e-06 3.2e-06 9e-06 1.01e-05 2.7e-06 6.45e-06 4.4e-06 4.8e-06 5.35e-06 8.05e-06 6.05e-06 4.55e-06 7.95e-06 5.75e-06 4.8e-06 6.4e-06 5.2e-06 1.07e-05 6.35e-06 5.25e-06 3.5e-06 4.75e-06 6.55e-06 5.05e-06 3.85e-06 5.4e-06 6.2e-06 9.85e-06 8.5e-06 2.6e-06 7.75e-06 4.95e-06 3.25e-06 5.9e-06 5.2e-06 5.15e-06 4.85e-06 2.9e-06 7.45e-06 6.6e-06 1.32e-05 5.7e-06 3.05e-06 1.005e-05 4.6e-06 8.2e-06 6.25e-06 5.2e-06 5.35e-06 8.4e-06 5.1e-06 4.25e-06 6.7e-06 4.6e-06 7.55e-06 2.85e-06 1.055e-05 3.1e-06 4.7e-06 1.135e-05 2.8e-06 2.8e-06 1.295e-05 4.95e-06 7e-06 9.2e-06 3.65e-06 2.6e-06 9.15e-06 4.05e-06 8.95e-06 8.25e-06 4e-06 2.85e-06 6.5e-06 4.75e-06 8e-06 5.05e-06 6.65e-06 3.3e-06 8.45e-06 4.85e-06 1.14e-05 2.55e-06 7.3e-06 4.85e-06 5.2e-06 6.9e-06 9.5e-06 3.4e-06 4.75e-06 3.5e-06 8.2e-06 4.65e-06 5.35e-06 6.15e-06 4.55e-06 6.35e-06 7.3e-06 9.9e-06
15 6.7e-06 6.6e-06 8.7e-06 9.8e-06 6.45e-06 6.15e-06 6.55e-06 7.1e-06 6.6e-06 1.02e-05 6.05e-06 6.15e-06 9.1e-06 7.3e-06 6.4e-06 9.2e-06 5.8e-06 1.03e-05 7.3e-06 6.7e-06 6.05e-06 6.3e-06 7e-06 6.7e-06 5.55e-06 7.2e-06 7.2e-06 9.75e-06 9.2e-06 6.3e-06 1.015e-05 6.5e-06 5.9e-06 6.55e-06 7.05e-06 6.35e-06 6.5e-06 6.35e-06 7.55e-06 6.9e-06 1.335e-05 7.5e-06 6.55e-06 8.6e-06 7.1e-06 8.45e-06 6.4e-06 6.05e-06 7.25e-06 9.15e-06 6.95e-06 6.55e-06 9.6e-06 7.05e-06 9.4e-06 6.3e-06 1.05e-05 6.35e-06 6.15e-06 1.165e-05 6.2e-06 6.4e-06 1.26e-05 6.5e-06 9.5e-06 9.85e-06 6.55e-06 6.25e-06 1.03e-05 6.45e-06 8.65e-06 9.45e-06 6.05e-06 6.15e-06 7.45e-06 6.35e-06 1.005e-05 6.7e-06 7.65e-06 6.45e-06 1.02e-05 7.1e-06 1.22e-05 6.05e-06 7.65e-06 6.65e-06 6.2e-06 9.5e-06 1.07e-05 5.95e-06 6.3e-06 5.8e-06 9.4e-06 6.1e-06 6.55e-06 7.15e-06 5.85e-06 8.7e-06 6.35e-06 9.45e-06
16 7.45e-06 5.4e-06 9.7e-06 9.8e-06 4.55e-06 3.25e-06 4.8e-06 6.15e-06 4.9e-06 8.8e-06 3.15e-06 4.05e-06 8.8e-06 6.6e-06 5.2e-06 5.8e-06 5.8e-06 1.055e-05 7.8e-06 7.05e-06 3.8e-06 6.1e-06 7.15e-06 5.6e-06 3.05e-06 5.7e-06 5.85e-06 1.06e-05 8.9e-06 4.4e-06 9.2e-06 4.25e-06 5.7e-06 5.65e-06 5.8e-06 4.6e-06 4.4e-06 5e-06 5.65e-06 7.8e-06 1.37e-05 5.9e-06 4.75e-06 1.085e-05 6.15e-06 6.45e-06 5.35e-06 5.75e-06 5.95e-06 8.1e-06 5.75e-06 4.75e-06 7.7e-06 6.25e-06 9e-06 4.4e-06 1.055e-05 4.3e-06 3.8e-06 1.14e-05 4.3e-06 4.55e-06 1.33e-05 5.15e-06 7.35e-06 9.65e-06 5.2e-06 4.5e-06 9.5e-06 4.85e-06 9.65e-06 8.95e-06 4.5e-06 4.3e-06 7.95e-06 4.45e-06 9.15e-06 5.4e-06 6.35e-06 4.45e-06 9.85e-06 5.95e-06 1.16e-05 4.95e-06 7.75e-06 6.25e-06 5.3e-06 7.5e-06 1.07e-05 3.75e-06 3.9e-06 4.15e-06 8.9e-06 4.1e-06 4.8e-06 6.2e-06 3.95e-06 7.25e-06 5.2e-06 8.45e-06
17 6.95e-06 1.075e-05 8.35e-06 1.23e-05 9.8e-06 1.08e-05 1.105e-05 9.1e-06 1.14e-05 9.7e-06 1.065e-05 1.11e-05 8.8e-06 9.95e-06 1.07e-05 1.03e-05 1.055e-05 1.17e-05 7.95e-06 1.01e-05 1.005e-05 9.65e-06 9.05e-06 9e-06 1.015e-05 1.05e-05 9.45e-06 8e-06 1.025e-05 9.65e-06 7.85e-06 1.04e-05 1.135e-05 8.1e-06 1.03e-05 1.125e-05 1.14e-05 1.09e-05 1.135e-05 8.15e-06 7.1e-06 1.095e-05 9.9e-06 8.45e-06 8.9e-06 1.245e-05 8.25e-06 9.85e-06 1.04e-05 9.2e-06 1.025e-05 1.1e-05 8.8e-06 8.75e-06 9.5e-06 9.75e-06 9.75e-06 9.95e-06 1.02e-05 1.105e-05 9.7e-06 9.75e-06 7.95e-06 1.245e-05 8.95e-06 9.15e-06 1.095e-05 9.5e-06 9.2e-06 1.075e-05 8.3e-06 1.115e-05 1.115e-05 9.75e-06 8.1e-06 1.125e-05 7.9e-06 9.05e-06 1.19e-05 1e-05 8.95e-06 9.05e-06 1.015e-05 1.055e-05 9.9e-06 8.95e-06 9.15e-06 8.85e-06 7e-06 9.95e-06 1.035e-05 1.085e-05 1.11e-05 1.125e-05 1.145e-05 1.21e-05 1.065e-05 1.195e-05 8.3e-06 9.5e-06
18 4.4e-06 6.55e-06 8.45e-06 1e-05 5.2e-06 9.7e-06 6.7e-06 4e-06 8.9e-06 9.35e-06 9.5e-06 7e-06 8e-06 5.4e-06 6.35e-06 7.3e-06 7.8e-06 7.95e-06 4.9e-06 5.65e-06 5.5e-06 4.9e-06 5.3e-06 4.1e-06 5.75e-06 7.35e-06 6.2e-06 6.65e-06 9.75e-06 5.05e-06 7.3e-06 7.4e-06 7.15e-06 6.05e-06 7.1e-06 8.75e-06 7.3e-06 6.4e-06 1.005e-05 2.65e-06 1.025e-05 7.8e-06 5.1e-06 8.35e-06 3.85e-06 1.1e-05 6.25e-06 5.3e-06 7.2e-06 8.45e-06 7e-06 6.7e-06 8.1e-06 3.65e-06 8.7e-06 5e-06 1.04e-05 5.2e-06 7.2e-06 1.16e-05 4.85e-06 5e-06 1.085e-05 8.6e-06 8.35e-06 8.9e-06 6.6e-06 4.8e-06 8.85e-06 6.4e-06 8.4e-06 7.55e-06 7e-06 5e-06 2.65e-06 7.15e-06 7.1e-06 4.15e-06 9.25e-06 5.2e-06 8.65e-06 4.1e-06 1.08e-05 6e-06 6.3e-06 3.75e-06 4.15e-06 8.1e-06 5.85e-06 5.3e-06 7.4e-06 6.6e-06 7.5e-06 7.15e-06 8.95e-06 9.35e-06 6.75e-06 8.8e-06 7.95e-06 1.025e-05
19 5.9e-06 4.7e-06 9.2e-06 9.15e-06 5.35e-06 8.05e-06 5.85e-06 6e-06 6.15e-06 9.1e-06 7.85e-06 5.85e-06 8.55e-06 6.2e-06 5.25e-06 6.7e-06 7.05e-06 1.01e-05 5.65e-06 7.8e-06 5.75e-06 4.8e-06 6e-06 6.25e-06 5.9e-06 6.45e-06 7.4e-06 8.45e-06 9.2e-06 5.2e-06 9.2e-06 6.85e-06 5.1e-06 6.5e-06 6.3e-06 5.95e-06 6.15e-06 5.2e-06 8.25e-06 4.8e-06 1.265e-05 6.7e-06 5.2e-06 9.1e-06 5.9e-06 9.6e-06 6.75e-06 5.2e-06 6.45e-06 9.05e-06 6.1e-06 5.55e-06 8.5e-06 5.9e-06 8.6e-06 5.2e-06 9.95e-06 5.25e-06 6.6e-06 1.155e-05 5.2e-06 5.1e-06 1.205e-05 6.3e-06 8.9e-06 9.95e-06 4.65e-06 5.2e-06 9.35e-06 5.4e-06 9.15e-06 9.05e-06 4.95e-06 5.15e-06 5.8e-06 6.05e-06 9.05e-06 6.3e-06 6.85e-06 5.35e-06 8.4e-06 6.2e-06 1.195e-05 4.9e-06 6.3e-06 5.05e-06 5.35e-06 8.7e-06 9.65e-06 5.6e-06 6.8e-06 5.55e-06 9e-06 5.9e-06 6.1e-06 7.15e-06 6.3e-06 8.4e-06 7.55e-06 1e-05
20 6.65e-06 3.7e-06 8.45e-06 1.025e-05 2.1e-06 6.25e-06 3.15e-06 4e-06 5.9e-06 7.55e-06 6.05e-06 3.1e-06 7.55e-06 5.25e-06 3.5e-06 6.05e-06 3.8e-06 1.005e-05 5.5e-06 5.75e-06 2.6e-06 4.7e-06 5.9e-06 3.65e-06 1.5e-06 4.9e-06 5.95e-06 9.2e-06 8.7e-06 1.95e-06 7.05e-06 4.05e-06 4.4e-06 5e-06 4.8e-06 5.75e-06 3.45e-06 3.6e-06 7.4e-06 5.6e-06 1.26e-05 5.15e-06 2.05e-06 1e-05 3.85e-06 8.15e-06 4.85e-06 4.65e-06 4.9e-06 6.95e-06 4.7e-06 3.55e-06 5.85e-06 3.75e-06 8.2e-06 1.95e-06 1.05e-05 2.15e-06 4.1e-06 1.13e-05 1.8e-06 2.05e-06 1.27e-05 5.1e-06 5.7e-06 8.4e-06 3.8e-06 1.85e-06 8.55e-06 3.4e-06 8.4e-06 7.95e-06 3.55e-06 1.9e-06 5.65e-06 3.55e-06 7.05e-06 3.4e-06 6.5e-06 2.3e-06 8.7e-06 3.8e-06 1.1e-05 3.35e-06 6.9e-06 3.65e-06 3.4e-06 5.75e-06 8.7e-06 1.65e-06 4.15e-06 2.9e-06 7.9e-06 3.35e-06 5.95e-06 6.55e-06 2.95e-06 6.1e-06 7e-06 9.65e-06
21 5.45e-06 5.25e-06 8.65e-06 9.1e-06 4.5e-06 7.3e-06 5.5e-06 4.95e-06 6.75e-06 8.85e-06 7e-06 5.7e-06 8.05e-06 6.25e-06 4.75e-06 6.3e-06 6.1e-06 9.65e-06 4.9e-06 4.8e-06 4.7e-06 7.3e-06 5.5e-06 5.35e-06 4.8e-06 5.95e-06 6.55e-06 7.95e-06 8.75e-06 4.35e-06 8.35e-06 6e-06 5.05e-06 5.9e-06 6.05e-06 6.55e-06 6e-06 4.45e-06 8.1e-06 4.05e-06 1.215e-05 6.25e-06 4.45e-06 9e-06 5.15e-06 8.85e-06 6.1e-06 4.25e-06 6.2e-06 8.4e-06 5.95e-06 5.25e-06 7.7e-06 5.05e-06 8.1e-06 4.35e-06 1.015e-05 4.15e-06 5.75e-06 1.11e-05 4.2e-06 4.35e-06 1.185e-05 6.35e-06 7.85e-06 9.45e-06 4.95e-06 4.25e-06 9.4e-06 5.35e-06 8.6e-06 8.3e-06 5.4e-06 4.05e-06 5.05e-06 5.9e-06 8.2e-06 5.35e-06 7.55e-06 4e-06 9e-06 5.3e-06 1.12e-05 4.4e-06 6.25e-06 4.2e-06 4.4e-06 7.45e-06 8.9e-06 4.55e-06 5.95e-06 4.7e-06 8.25e-06 5.75e-06 6.75e-06 7.1e-06 5.55e-06 7.55e-06 7.1e-06 9.5e-06
22 4.9e-06 6.65e-06 8.6e-06 8.75e-06 5.75e-06 8.1e-06 6.75e-06 6.45e-06 7.95e-06 9.55e-06 7.9e-06 6.95e-06 8.15e-06 7.35e-06 6.55e-06 7e-06 7.15e-06 9.05e-06 5.3e-06 6e-06 5.9e-06 5.5e-06 7.5e-06 6.45e-06 6.05e-06 6.55e-06 7.55e-06 7.2e-06 9.45e-06 5.6e-06 8.8e-06 6.85e-06 6.95e-06 6.1e-06 6.2e-06 7.8e-06 7.25e-06 6.65e-06 7.9e-06 3.95e-06 1.14e-05 7.05e-06 5.65e-06 8.3e-06 6.35e-06 9.25e-06 6.25e-06 5.75e-06 6.35e-06 8.5e-06 5.55e-06 6.8e-06 8.5e-06 6.05e-06 8.7e-06 5.55e-06 8.55e-06 5.8e-06 6.65e-06 1.055e-05 5.35e-06 5.55e-06 1.065e-05 8.2e-06 8.65e-06 9.9e-06 6.75e-06 5.3e-06 9.9e-06 6.45e-06 8.55e-06 8.8e-06 6.95e-06 5.55e-06 5.5e-06 7.1e-06 8.6e-06 6.5e-06 8e-06 5.8e-06 9.75e-06 6.5e-06 1.11e-05 6.15e-06 5.2e-06 4.65e-06 4.95e-06 8.5e-06 9.3e-06 5.7e-06 6.85e-06 6.65e-06 8.75e-06 7.05e-06 8e-06 7.45e-06 6.2e-06 8.1e-06 7e-06 9.25e-06
23 6.4e-06 5.25e-06 8.6e-06 1.085e-05 3.8e-06 7.75e-06 5e-06 3.45e-06 7.25e-06 8.35e-06 7.55e-06 4.75e-06 7.75e-06 4.6e-06 5.05e-06 6.7e-06 5.6e-06 9e-06 4.1e-06 6.25e-06 3.65e-06 5.35e-06 6.45e-06 5.8e-06 3.15e-06 6.3e-06 5.45e-06 8.65e-06 9.05e-06 3.65e-06 7.1e-06 5.9e-06 5.85e-06 5.75e-06 6.3e-06 7.1e-06 5.05e-06 4.95e-06 8.8e-06 5.4e-06 1.125e-05 6.65e-06 3.9e-06 9.45e-06 3.3e-06 9.65e-06 5.65e-06 5.1e-06 6.4e-06 7.7e-06 6.2e-06 4.9e-06 6.95e-06 3.35e-06 8.5e-06 3.65e-06 1.07e-05 3.65e-06 5.7e-06 1.17e-05 3.6e-06 3.75e-06 1.19e-05 6.4e-06 6.95e-06 8.2e-06 5.15e-06 3.65e-06 8.25e-06 4.85e-06 8.55e-06 7.4e-06 5.1e-06 3.6e-06 4.25e-06 4.85e-06 7e-06 3.15e-06 7.85e-06 3.75e-06 8.4e-06 3.4e-06 1.085e-05 4.8e-06 7.45e-06 4.6e-06 4.35e-06 6.85e-06 6.5e-06 3.55e-06 5.85e-06 4.7e-06 7.35e-06 4.9e-06 7.3e-06 7.9e-06 4.35e-06 7.8e-06 7.6e-06 1.005e-05
24 6.8e-06 4.05e-06 8.4e-06 1.035e-05 2.45e-06 5.65e-06 3.2e-06 4.15e-06 5.65e-06 7.6e-06 5.45e-06 2.25e-06 7.6e-06 5e-06 3.85e-06 5.55e-06 3.05e-06 1.015e-05 5.75e-06 5.9e-06 1.5e-06 4.8e-06 6.05e-06 3.15e-06 8e-07 4.95e-06 5.8e-06 9.35e-06 8.3e-06 2.3e-06 7.4e-06 4.25e-06 4.7e-06 4.95e-06 5.1e-06 5.5e-06 2.6e-06 3.65e-06 7.15e-06 5.8e-06 1.27e-05 5.2e-06 2.65e-06 1.005e-05 4.05e-06 7.9e-06 4.45e-06 4.1e-06 5.2e-06 6.6e-06 5e-06 3.15e-06 5.9e-06 4.15e-06 8.3e-06 2.3e-06 1.06e-05 2.2e-06 4.05e-06 1.14e-05 2.2e-06 2.45e-06 1.28e-05 4.25e-06 5.55e-06 8.05e-06 3.85e-06 2.4e-06 8.2e-06 3.25e-06 8.35e-06 8.15e-06 3.1e-06 2.2e-06 5.9e-06 2.6e-06 7.35e-06 3.1e-06 6.15e-06 2.35e-06 8.8e-06 3.85e-06 1.11e-05 3.65e-06 7.05e-06 4.2e-06 3.05e-06 5.7e-06 8.9e-06 1.45e-06 4.15e-06 2.6e-06 8.1e-06 2.45e-06 5.7e-06 6.15e-06 2e-06 6.45e-06 6.75e-06 9.4e-06
25 7.25e-06 5.15e-06 9.5e-06 9e-06 4.7e-06 6.35e-06 5.3e-06 5.85e-06 5.9e-06 8.5e-06 6.15e-06 5.45e-06 8.65e-06 6.8e-06 5.4e-06 7.2e-06 5.7e-06 1.05e-05 7.35e-06 6.45e-06 4.9e-06 5.95e-06 6.55e-06 6.3e-06 4.95e-06 7.6e-06 7.05e-06 1.01e-05 9.75e-06 4.55e-06 9.1e-06 5.5e-06 5.85e-06 6.2e-06 4.05e-06 5.85e-06 5.75e-06 5.05e-06 5.55e-06 7.2e-06 1.335e-05 5.2e-06 4.65e-06 1.04e-05 6.1e-06 7.7e-06 6.4e-06 6.55e-06 4.2e-06 8.95e-06 5.2e-06 4.9e-06 7.7e-06 6.05e-06 8.95e-06 4.55e-06 9.85e-06 4.3e-06 5.4e-06 1.09e-05 4.45e-06 4.55e-06 1.29e-05 6.55e-06 7.85e-06 1.02e-05 4.7e-06 4.5e-06 9.7e-06 5.15e-06 9.45e-06 8.5e-06 5.3e-06 4.15e-06 7.5e-06 5.65e-06 8.95e-06 6.3e-06 6.1e-06 3.9e-06 9.4e-06 6.25e-06 1.115e-05 5.05e-06 6.95e-06 5.9e-06 6.05e-06 7.35e-06 1.04e-05 4.75e-06 5.6e-06 5.4e-06 8.45e-06 5.55e-06 6.05e-06 6.75e-06 5.45e-06 7e-06 6.85e-06 9.8e-06
26 7.1e-06 6.6e-06 9.9e-06 1.03e-05 5.9e-06 5.75e-06 6.6e-06 5.5e-06 6.55e-06 9.55e-06 5.3e-06 6.55e-06 8.95e-06 6.1e-06 6.2e-06 7.2e-06 5.85e-06 9.45e-06 6.2e-06 7.4e-06 5.95e-06 6.55e-06 7.55e-06 5.45e-06 5.8e-06 7.05e-06 1e-05 9.9e-06 9.45e-06 5.75e-06 8.9e-06 5.95e-06 6.75e-06 6.5e-06 7e-06 6.4e-06 6.85e-06 6.1e-06 7.5e-06 7.4e-06 1.225e-05 7.35e-06 6e-06 1.025e-05 5.45e-06 8.4e-06 6.6e-06 6.7e-06 7.15e-06 9.2e-06 6.95e-06 6.5e-06 8.75e-06 5.3e-06 9e-06 5.75e-06 1.065e-05 5.75e-06 5.75e-06 1.17e-05 5.7e-06 5.85e-06 1.24e-05 7.1e-06 8.75e-06 9.8e-06 6.5e-06 5.75e-06 9.55e-06 6.45e-06 9.85e-06 8.25e-06 6.55e-06 5.7e-06 6.35e-06 6.7e-06 8.8e-06 5.5e-06 8.05e-06 5.85e-06 9.45e-06 5.55e-06 1.135e-05 5.9e-06 8.15e-06 6.65e-06 6.6e-06 8.65e-06 8.35e-06 5.85e-06 5.9e-06 6.15e-06 8.2e-06 6.6e-06 6.6e-06 7.75e-06 6.3e-06 8.6e-06 6.3e-06 9.3e-06
27 6.75e-06 9.95e-06 8.35e-06 1.165e-05 9.05e-06 1.17e-05 1.005e-05 8.65e-06 1.14e-05 9.7e-06 1.15e-05 1.025e-05 7.4e-06 9.55e-06 9.85e-06 9.75e-06 1.06e-05 8e-06 6.65e-06 8.45e-06 9.2e-06 7.95e-06 7.2e-06 8.65e-06 9.35e-06 1.01e-05 9.9e-06 1.07e-05 8.7e-06 8.9e-06 8.35e-06 1.03e-05 1.025e-05 8.8e-06 9.75e-06 1.125e-05 1.055e-05 9.95e-06 1.185e-05 5.55e-06 6.65e-06 1.06e-05 8.95e-06 7e-06 8.55e-06 1.295e-05 8.95e-06 8.2e-06 9.9e-06 7.75e-06 9.75e-06 1.01e-05 8.8e-06 8.25e-06 7.95e-06 8.85e-06 8.65e-06 9.1e-06 1.01e-05 1.005e-05 8.65e-06 8.85e-06 5.75e-06 1.15e-05 8.95e-06 9.45e-06 1.005e-05 8.6e-06 9.45e-06 9.75e-06 8.3e-06 1.125e-05 1.025e-05 8.85e-06 6.85e-06 1.04e-05 8.15e-06 8.7e-06 1.155e-05 9.1e-06 9.3e-06 8.7e-06 1.09e-05 9.45e-06 8.6e-06 7.1e-06 7.4e-06 8.8e-06 7.75e-06 9e-06 1.03e-05 9.95e-06 1.12e-05 1.035e-05 1.145e-05 1.165e-05 9.5e-06 1.165e-05 9.85e-06 8.55e-06
28 9.95e-06 9e-06 9.2e-06 1.26e-05 8.9e-06 9.3e-06 9.05e-06 9.35e-06 9.3e-06 9.5e-06 8.9e-06 8.75e-06 8e-06 9.5e-06 8.5e-06 9.2e-06 8.9e-06 1.025e-05 9.75e-06 9.2e-06 8.7e-06 8.75e-06 9.45e-06 9.05e-06 8.3e-06 9.75e-06 9.45e-06 8.7e-06 1.41e-05 8.75e-06 9.5e-06 9.25e-06 8.4e-06 9.55e-06 9.6e-06 9.1e-06 9.05e-06 8.45e-06 1.045e-05 9.75e-06 9e-06 1.01e-05 8.95e-06 8.35e-06 9.35e-06 1.135e-05 9.55e-06 8.6e-06 9.8e-06 7.9e-06 9.6e-06 8.95e-06 8.85e-06 9.3e-06 7.7e-06 8.75e-06 9.45e-06 8.8e-06 9e-06 1.03e-05 8.65e-06 8.8e-06 7.45e-06 8.2e-06 8.75e-06 9.4e-06 8.95e-06 8.7e-06 9.6e-06 8.85e-06 9.15e-06 1.18e-05 8.7e-06 8.6e-06 9.9e-06 8.85e-06 9.4e-06 9.15e-06 1.02e-05 8.9e-06 9.5e-06 9.3e-06 1.165e-05 8.15e-06 1.05e-05 9.3e-06 9.05e-06 8.8e-06 9.85e-06 8.6e-06 9.15e-06 8.2e-06 1.175e-05 8.75e-06 9.3e-06 9.1e-06 8.1e-06 1.125e-05 9.75e-06 8.75e-06
29 6.3e-06 2.8e-06 8.15e-06 1e-05 1.05e-06 6.45e-06 3.45e-06 3.5e-06 5.6e-06 7.1e-06 6.25e-06 3.7e-06 6.85e-06 5.05e-06 2.6e-06 6.3e-06 4.4e-06 9.65e-06 5.05e-06 5.2e-06 1.95e-06 4.35e-06 5.6e-06 3.65e-06 2.3e-06 4.55e-06 5.75e-06 8.9e-06 8.75e-06 1.8e-06 6.35e-06 4.2e-06 3.75e-06 4.8e-06 4.45e-06 5.45e-06 4e-06 3e-06 7.35e-06 5.3e-06 1.225e-05 4.85e-06 1.75e-06 9.7e-06 3e-06 8.15e-06 5.05e-06 4.8e-06 4.55e-06 7.35e-06 4.35e-06 3.45e-06 5.35e-06 3.25e-06 7.7e-06 1.15e-06 1.02e-05 1.4e-06 4e-06 1.105e-05 1.3e-06 1.45e-06 1.24e-05 5.4e-06 5.55e-06 8.4e-06 3.2e-06 1.15e-06 8.45e-06 3.3e-06 8.1e-06 7.55e-06 3.65e-06 1.45e-06 5.2e-06 3.95e-06 6.65e-06 3.6e-06 6.5e-06 1.9e-06 8.1e-06 3.5e-06 1.07e-05 2.75e-06 6.6e-06 3.5e-06 3.75e-06 5.4e-06 8.2e-06 1.9e-06 4e-06 3.15e-06 7.5e-06 3.95e-06 5.65e-06 6.6e-06 3.45e-06 5.55e-06 6.9e-06 9.6e-06
30 8.65e-06 7.95e-06 8e-06 1.3e-05 6.5e-06 1.09e-05 8.45e-06 7.1e-06 1.05e-05 7.95e-06 1.07e-05 8.75e-06 7.9e-06 8.45e-06 7.75e-06 1.015e-05 9.2e-06 7.85e-06 7.3e-06 9.2e-06 7.05e-06 8.35e-06 8.8e-06 7.1e-06 7.4e-06 9.1e-06 8.9e-06 8.35e-06 9.5e-06 6.35e-06 1.17e-05 8.9e-06 8.9e-06 8.45e-06 8.8e-06 1.035e-05 9.05e-06 8.35e-06 1.145e-05 7.95e-06 7.4e-06 9.45e-06 6.95e-06 9.25e-06 6.9e-06 1.23e-05 8.65e-06 8.65e-06 8.9e-06 8.15e-06 8.7e-06 8.6e-06 6.6e-06 6.65e-06 8.6e-06 6.65e-06 1.02e-05 7.05e-06 8.7e-06 1.12e-05 6.45e-06 6.7e-06 8.75e-06 1.04e-05 6.7e-06 7.9e-06 8.55e-06 6.1e-06 8.25e-06 8.25e-06 7.95e-06 1.04e-05 8.85e-06 6.65e-06 7.45e-06 8.95e-06 6.35e-06 7.1e-06 1.09e-05 7.15e-06 8e-06 7.05e-06 9.95e-06 7.9e-06 9.8e-06 7.3e-06 7.65e-06 6.6e-06 6.45e-06 6.95e-06 8.75e-06 8.2e-06 1.035e-05 8.95e-06 1.055e-05 1.1e-05 8.4e-06 9.95e-06 1.015e-05 1.005e-05
31 7.15e-06 5.15e-06 9.65e-06 9.7e-06 4.35e-06 4.1e-06 4.6e-06 6e-06 4.75e-06 8.7e-06 3.95e-06 5.15e-06 8.7e-06 6.8e-06 4.95e-06 6.5e-06 4.25e-06 1.04e-05 7.4e-06 6.85e-06 4.05e-06 6e-06 6.85e-06 5.9e-06 4.25e-06 5.5e-06 5.95e-06 1.03e-05 9.25e-06 4.2e-06 8.9e-06 6.9e-06 5.4e-06 5.8e-06 5.2e-06 5e-06 5.45e-06 4.95e-06 5.9e-06 7.35e-06 1.355e-05 5.85e-06 4.1e-06 1.07e-05 6e-06 6.8e-06 5.9e-06 6.15e-06 5.35e-06 8.75e-06 5.3e-06 5.1e-06 7.75e-06 5.65e-06 8.95e-06 4.1e-06 1.045e-05 4.3e-06 3.9e-06 1.125e-05 3.7e-06 4.25e-06 1.315e-05 5.95e-06 7.6e-06 9.9e-06 5.15e-06 3.85e-06 9.8e-06 4.8e-06 9.6e-06 8.7e-06 5.25e-06 4.05e-06 7.55e-06 5.3e-06 8.65e-06 5.95e-06 6.7e-06 4.35e-06 9.75e-06 6e-06 1.145e-05 4.5e-06 7.5e-06 5.4e-06 5.8e-06 7.5e-06 1.045e-05 4.05e-06 4.1e-06 4.75e-06 8.65e-06 5.25e-06 5.2e-06 6.6e-06 4.75e-06 6.95e-06 5.55e-06 8.8e-06
32 7.95e-06 3.65e-06 8.9e-06 1.02e-05 3.9e-06 6.55e-06 4.95e-06 5.55e-06 5.1e-06 8.65e-06 6.25e-06 5.15e-06 8.15e-06 6.3e-06 3.25e-06 5.9e-06 5.7e-06 1.135e-05 7.15e-06 5.1e-06 4.4e-06 5.05e-06 6.95e-06 5.85e-06 4.7e-06 5.85e-06 6.75e-06 1.025e-05 8.4e-06 3.75e-06 8.9e-06 5.4e-06 4.2e-06 6.6e-06 5.6e-06 4.9e-06 5.45e-06 3.35e-06 7.55e-06 7.4e-06 1.365e-05 6.15e-06 3.9e-06 9.5e-06 5.45e-06 8.3e-06 6.9e-06 5.5e-06 5.8e-06 8.85e-06 5.55e-06 4.8e-06 7.6e-06 5.4e-06 7.95e-06 3.75e-06 1.06e-05 3.95e-06 5.15e-06 1.14e-05 3.65e-06 3.7e-06 1.295e-05 5e-06 7.95e-06 9.2e-06 3.75e-06 3.7e-06 9.75e-06 4.6e-06 8.85e-06 8.7e-06 4.05e-06 3.55e-06 7.3e-06 5.3e-06 8.85e-06 5.9e-06 6.85e-06 4.1e-06 8.6e-06 5.75e-06 1.19e-05 2.95e-06 7.75e-06 5.65e-06 6.05e-06 7.75e-06 1.035e-05 4.25e-06 5.25e-06 3.5e-06 8.65e-06 5.15e-06 5.1e-06 6.1e-06 4.95e-06 7.05e-06 7.55e-06 9.95e-06
33 4.85e-06 6e-06 8.7e-06 9.5e-06 4.95e-06 6.3e-06 6.15e-06 5.85e-06 6.75e-06 9.15e-06 6.15e-06 6.05e-06 8.35e-06 6.85e-06 5.9e-06 6.55e-06 5.65e-06 8.1e-06 6.05e-06 6.5e-06 5e-06 5.9e-06 6.1e-06 5.75e-06 4.95e-06 6.2e-06 6.5e-06 8.8e-06 9.55e-06 4.8e-06 8.45e-06 5.8e-06 6.6e-06 8.1e-06 6.2e-06 6.6e-06 6.35e-06 5.9e-06 7.35e-06 5.75e-06 1.205e-05 6.55e-06 5.1e-06 9.15e-06 5.7e-06 8.35e-06 4.7e-06 6.1e-06 6.3e-06 8.45e-06 6.15e-06 6.05e-06 7.9e-06 5.7e-06 8.9e-06 4.85e-06 1e-05 4.9e-06 5.6e-06 1.11e-05 4.8e-06 4.9e-06 1.185e-05 7.45e-06 7.4e-06 9.6e-06 6e-06 4.8e-06 9.6e-06 6e-06 8.65e-06 8.6e-06 6.15e-06 4.8e-06 6.2e-06 6.3e-06 8.45e-06 5.7e-06 7.65e-06 5e-06 9.45e-06 5.25e-06 1.11e-05 5.75e-06 6.95e-06 5.4e-06 5.3e-06 7.85e-06 9.1e-06 4.95e-06 5.7e-06 5.85e-06 8.55e-06 6.25e-06 6.8e-06 7.75e-06 5.65e-06 7.75e-06 5.15e-06 9.15e-06
34 6.95e-06 4.95e-06 9.35e-06 8.7e-06 4.6e-06 6.35e-06 5e-06 6.15e-06 5.9e-06 8.4e-06 6.15e-06 5.5e-06 8.55e-06 6.7e-06 5.2e-06 7.05e-06 5.8e-06 1.03e-05 7.1e-06 6.3e-06 4.8e-06 6.05e-06 6.2e-06 6.3e-06 5.1e-06 4.05e-06 7e-06 9.75e-06 9.6e-06 4.45e-06 8.8e-06 5.2e-06 5.6e-06 6.2e-06 7e-06 5.85e-06 5.8e-06 5.35e-06 5.4e-06 6.8e-06 1.31e-05 5.35e-06 4.5e-06 1.01e-05 6.15e-06 7.55e-06 6.4e-06 6.4e-06 3.75e-06 8.9e-06 4.75e-06 5.25e-06 7.85e-06 5.7e-06 8.85e-06 4.35e-06 9.55e-06 4.7e-06 5.1e-06 1.06e-05 4e-06 4.4e-06 1.26e-05 6.5e-06 7.95e-06 1.005e-05 5.1e-06 4e-06 9.55e-06 4.8e-06 9.3e-06 8.3e-06 5.35e-06 4.35e-06 7.25e-06 5.65e-06 8.55e-06 6.35e-06 5.9e-06 4.65e-06 9.3e-06 6.3e-06 1.09e-05 4.7e-06 6.6e-06 5.4e-06 5.95e-06 7.75e-06 1.025e-05 4.55e-06 5.3e-06 5.35e-06 8.25e-06 5.55e-06 6.05e-06 6.6e-06 5.45e-06 6.65e-06 6.75e-06 9.65e-06
35 8.15e-06 4.6e-06 1.04e-05 9.25e-06 5.6e-06 3.55e-06 5.3e-06 7e-06 3.7e-06 8.9e-06 3.55e-06 5e-06 9.2e-06 6.6e-06 5.15e-06 6.35e-06 4.6e-06 1.125e-05 8.75e-06 5.95e-06 5.75e-06 6.55e-06 7.8e-06 7.1e-06 5.5e-06 5.85e-06 6.4e-06 1.125e-05 9.1e-06 5.45e-06 1.035e-05 5e-06 4.9e-06 6.6e-06 5.85e-06 6.4e-06 5.3e-06 4.95e-06 5.35e-06 8.9e-06 1.435e-05 5.95e-06 5.6e-06 1.09e-05 7e-06 6.55e-06 6.75e-06 6.7e-06 6.05e-06 9.5e-06 5.7e-06 4.95e-06 8.7e-06 7.2e-06 8.8e-06 5.45e-06 1.005e-05 5.35e-06 4.6e-06 1.15e-05 5.5e-06 5.45e-06 1.345e-05 4.9e-06 8.85e-06 1.06e-05 4.4e-06 5.65e-06 9.65e-06 5e-06 1.035e-05 9.4e-06 4.3e-06 5.4e-06 8.9e-06 5.2e-06 1.025e-05 7.15e-06 5.4e-06 5.55e-06 9e-06 7.15e-06 1.22e-05 4.8e-06 7.7e-06 7.35e-06 7.2e-06 8.8e-06 1.165e-05 5.65e-06 4.75e-06 5.1e-06 9.35e-06 4.9e-06 3.55e-06 5.75e-06 5.55e-06 7.9e-06 5.5e-06 8.7e-06
36 8.05e-06 4.45e-06 9.85e-06 1.045e-05 4.15e-06 6.2e-06 3.6e-06 5.7e-06 5.5e-06 8.25e-06 6e-06 2.5e-06 8.75e-06 4.95e-06 4.85e-06 6.5e-06 4.4e-06 1.14e-05 7.3e-06 6.15e-06 3.45e-06 6e-06 7.25e-06 5.05e-06 2.6e-06 5.75e-06 6.85e-06 1.055e-05 9.05e-06 4e-06 9.05e-06 5.45e-06 5.45e-06 6.35e-06 5.8e-06 5.3e-06 4.9e-06 4.7e-06 7.3e-06 7.35e-06 1.39e-05 5.9e-06 4.15e-06 1.095e-05 5.65e-06 8.55e-06 5.95e-06 5.5e-06 5.95e-06 8.05e-06 5.6e-06 3.25e-06 7.45e-06 5.8e-06 8.85e-06 4e-06 1.075e-05 3.95e-06 5.2e-06 1.215e-05 4e-06 3.95e-06 1.36e-05 3.8e-06 7.4e-06 9.15e-06 4.3e-06 4.15e-06 8.15e-06 3.3e-06 9.8e-06 9.3e-06 3.6e-06 4e-06 7.45e-06 2.85e-06 9e-06 4.95e-06 5.1e-06 4.1e-06 9.1e-06 5.55e-06 1.225e-05 4.6e-06 7.55e-06 5.85e-06 4.9e-06 7.55e-06 1.045e-05 3.4e-06 5.3e-06 4.05e-06 9.25e-06 2.6e-06 5.5e-06 6.25e-06 3.25e-06 7.7e-06 7.5e-06 1.01e-05
37 7.5e-06 3.65e-06 9.05e-06 1.02e-05 3.15e-06 6.25e-06 4.4e-06 4.4e-06 5.15e-06 8.05e-06 5.85e-06 4.4e-06 7.85e-06 5.7e-06 2.9e-06 6.35e-06 5e-06 1.09e-05 6.4e-06 5.2e-06 3.6e-06 4.45e-06 6.65e-06 4.95e-06 3.65e-06 5.05e-06 6.1e-06 9.95e-06 8.45e-06 3e-06 8.35e-06 4.95e-06 3.35e-06 5.9e-06 5.35e-06 4.95e-06 4.7e-06 4.4e-06 7.4e-06 6.7e-06 1.335e-05 5.15e-06 3e-06 1.015e-05 4.5e-06 8.15e-06 6.25e-06 5.2e-06 5.5e-06 8.35e-06 5.25e-06 3.8e-06 6.55e-06 4.7e-06 7.45e-06 3e-06 1.065e-05 2.4e-06 4.7e-06 1.145e-05 3.05e-06 2.9e-06 1.305e-05 4.8e-06 6.9e-06 9.25e-06 3.15e-06 3.2e-06 9.2e-06 4.1e-06 9e-06 8.3e-06 3.75e-06 2.7e-06 6.55e-06 4.6e-06 8.2e-06 4.95e-06 6.65e-06 2.55e-06 8.45e-06 4.75e-06 1.155e-05 2.55e-06 7.4e-06 5e-06 5.15e-06 6.5e-06 9.6e-06 3.45e-06 4.9e-06 3.5e-06 8.25e-06 4.45e-06 5.15e-06 6.1e-06 4.4e-06 6.85e-06 7.3e-06 9.85e-06
38 8.4e-06 7.2e-06 1.12e-05 8.9e-06 7.5e-06 3.9e-06 7.15e-06 8.95e-06 5.55e-06 1.02e-05 4e-06 7e-06 1.045e-05 8.65e-06 7.45e-06 7.55e-06 5.65e-06 1.135e-05 1.005e-05 8.25e-06 7.4e-06 8.1e-06 7.9e-06 8.8e-06 7.15e-06 5.55e-06 7.5e-06 1.185e-05 1.045e-05 7.35e-06 1.145e-05 5.9e-06 7.55e-06 7.35e-06 5.4e-06 5.35e-06 7.3e-06 7.4e-06 7.3e-06 9.75e-06 1.48e-05 6.75e-06 7.6e-06 1.16e-05 8.95e-06 6.5e-06 7.4e-06 8.1e-06 5.6e-06 1.055e-05 6.3e-06 7.1e-06 1.02e-05 8.9e-06 1.03e-05 7.35e-06 1e-05 7.4e-06 5.65e-06 1.135e-05 7.25e-06 7.45e-06 1.385e-05 7.2e-06 1.01e-05 1.19e-05 7.15e-06 7.3e-06 1.11e-05 7e-06 1.115e-05 9.9e-06 6.95e-06 7.3e-06 1.02e-05 7.15e-06 1.135e-05 8.85e-06 6.4e-06 7.45e-06 1.105e-05 8.95e-06 1.21e-05 7.1e-06 7.9e-06 8.6e-06 8.45e-06 1.01e-05 1.28e-05 7.3e-06 5.8e-06 7.15e-06 9.85e-06 6.95e-06 5.5e-06 6.65e-06 7.05e-06 8.35e-06 5.4e-06 8.95e-06
39 2.9e-06 6.8e-06 8.15e-06 8.85e-06 5.45e-06 9.65e-06 6.7e-06 5.4e-06 9.05e-06 9.7e-06 9.45e-06 7.05e-06 8.2e-06 6.65e-06 6.6e-06 6.9e-06 7.8e-06 8.15e-06 2.65e-06 4.8e-06 5.6e-06 4.05e-06 3.95e-06 5.4e-06 5.8e-06 7.2e-06 7.4e-06 5.55e-06 9.75e-06 5.3e-06 7.95e-06 7.35e-06 7.4e-06 5.75e-06 6.8e-06 8.9e-06 7.35e-06 6.7e-06 9.75e-06 0.0 1.08e-05 7.65e-06 5.25e-06 7.9e-06 5.3e-06 1.07e-05 5.9e-06 4.35e-06 6.9e-06 8.45e-06 6.7e-06 6.85e-06 8.4e-06 4.85e-06 8.85e-06 5.2e-06 1.01e-05 5.5e-06 7.15e-06 1.13e-05 4.85e-06 5.2e-06 1.08e-05 8.65e-06 8.55e-06 9.5e-06 6.9e-06 4.85e-06 9.45e-06 6.4e-06 8.1e-06 8.55e-06 7.2e-06 5.2e-06 2.8e-06 7.2e-06 7.65e-06 5.45e-06 9e-06 5.45e-06 9.4e-06 5.45e-06 1.11e-05 6.15e-06 4.95e-06 2.4e-06 3.1e-06 8.35e-06 7.7e-06 5.3e-06 7.4e-06 6.75e-06 8.5e-06 7.2e-06 9.1e-06 9.1e-06 6.8e-06 8.6e-06 7.55e-06 9.9e-06
40 1.095e-05 1.33e-05 8.3e-06 1.54e-05 1.24e-05 1.455e-05 1.355e-05 1.13e-05 1.45e-05 9.3e-06 1.435e-05 1.36e-05 7.65e-06 1.215e-05 1.32e-05 1.335e-05 1.37e-05 7.1e-06 1.025e-05 1.265e-05 1.26e-05 1.215e-05 1.14e-05 1.125e-05 1.27e-05 1.335e-05 1.225e-05 6.65e-06 9e-06 1.225e-05 7.4e-06 1.355e-05 1.365e-05 1.205e-05 1.31e-05 1.435e-05 1.39e-05 1.335e-05 1.48e-05 1.08e-05 5.2e-06 1.385e-05 1.245e-05 7.55e-06 1.115e-05 1.59e-05 1.22e-05 1.235e-05 1.325e-05 8.05e-06 1.31e-05 1.35e-05 8.5e-06 1.1e-05 8.25e-06 1.23e-05 8.8e-06 1.25e-05 1.335e-05 1.02e-05 1.225e-05 1.23e-05 3e-06 1.485e-05 8.65e-06 8.5e-06 1.345e-05 1.21e-05 8.8e-06 1.325e-05 8.25e-06 1.37e-05 1.36e-05 1.23e-05 1.04e-05 1.375e-05 7.55e-06 1.13e-05 1.475e-05 1.255e-05 8.55e-06 1.13e-05 1.01e-05 1.295e-05 1.28e-05 1.155e-05 1.175e-05 8.55e-06 6.35e-06 1.25e-05 1.35e-05 1.33e-05 1.365e-05 1.37e-05 1.455e-05 1.485e-05 1.28e-05 1.485e-05 1.285e-05 8.9e-06
41 7.7e-06 5.3e-06 9.85e-06 8.5e-06 5e-06 6.5e-06 5.35e-06 6.2e-06 6.15e-06 8.75e-06 6.3e-06 5.6e-06 9.1e-06 7.05e-06 5.7e-06 7.5e-06 5.9e-06 1.095e-05 7.8e-06 6.7e-06 5.15e-06 6.25e-06 7.05e-06 6.65e-06 5.2e-06 5.2e-06 7.35e-06 1.06e-05 1.01e-05 4.85e-06 9.45e-06 5.85e-06 6.15e-06 6.55e-06 5.35e-06 5.95e-06 5.9e-06 5.15e-06 6.75e-06 7.65e-06 1.385e-05 8.1e-06 5e-06 1.09e-05 6.5e-06 7.25e-06 6.75e-06 6.85e-06 5.5e-06 9.35e-06 5.35e-06 5.15e-06 8.05e-06 6.4e-06 9.4e-06 4.85e-06 1.015e-05 4.4e-06 5.6e-06 1.065e-05 4.7e-06 4.9e-06 1.345e-05 6.65e-06 8.1e-06 1.055e-05 4.95e-06 4.75e-06 9.95e-06 5.3e-06 9.8e-06 8.2e-06 5.4e-06 4.5e-06 7.95e-06 5.85e-06 9.3e-06 6.65e-06 5.25e-06 4.45e-06 9.65e-06 6.6e-06 1.085e-05 5.35e-06 7.2e-06 6.25e-06 6.4e-06 7.7e-06 1.085e-05 5e-06 5.8e-06 5.6e-06 8.15e-06 5.65e-06 6.15e-06 6.85e-06 5.75e-06 6.6e-06 7.15e-06 1.015e-05
42 6.4e-06 3.25e-06 8.45e-06 1.02e-05 1.9e-06 6.8e-06 3.35e-06 3.6e-06 5.75e-06 7.4e-06 6.6e-06 3.85e-06 7.25e-06 5.1e-06 3.05e-06 6.55e-06 4.75e-06 9.9e-06 5.1e-06 5.2e-06 2.05e-06 4.45e-06 5.65e-06 3.9e-06 2.65e-06 4.65e-06 6e-06 8.95e-06 8.95e-06 1.75e-06 6.95e-06 4.1e-06 3.9e-06 5.1e-06 4.5e-06 5.6e-06 4.15e-06 3e-06 7.6e-06 5.25e-06 1.245e-05 5e-06 2.5e-06 9.8e-06 3.45e-06 8.45e-06 5.35e-06 5.05e-06 4.6e-06 7.55e-06 4.4e-06 3.45e-06 5.35e-06 3.3e-06 7.65e-06 1.65e-06 1.035e-05 1.8e-06 4.15e-06 1.12e-05 1.5e-06 1.35e-06 1.25e-05 5.55e-06 5.95e-06 8.65e-06 3.2e-06 1.6e-06 8.55e-06 3.25e-06 8.4e-06 7.75e-06 3.75e-06 1.7e-06 5.25e-06 4.1e-06 6.75e-06 3.85e-06 6.6e-06 1.85e-06 8.2e-06 3.75e-06 1.095e-05 2.7e-06 6.65e-06 3.25e-06 3.9e-06 5.65e-06 8.4e-06 2.1e-06 4.3e-06 3.5e-06 7.7e-06 4.05e-06 5.8e-06 6.85e-06 3.75e-06 6.1e-06 7.2e-06 9.85e-06
43 7.9e-06 1.015e-05 7.55e-06 1.205e-05 9.85e-06 1.145e-05 1.065e-05 9.5e-06 1.105e-05 1.02e-05 1.125e-05 1.065e-05 7.5e-06 1.005e-05 1.005e-05 8.6e-06 1.085e-05 8.45e-06 8.35e-06 9.1e-06 1e-05 9e-06 8.3e-06 9.45e-06 1.005e-05 1.04e-05 1.025e-05 7e-06 8.35e-06 9.7e-06 9.25e-06 1.07e-05 9.5e-06 9.15e-06 1.01e-05 1.09e-05 1.095e-05 1.015e-05 1.16e-05 7.9e-06 7.55e-06 1.09e-05 9.8e-06 1.14e-05 9.4e-06 1.27e-05 9.3e-06 9.15e-06 1.03e-05 8e-06 1.01e-05 1.055e-05 9.5e-06 9.25e-06 8.05e-06 9.7e-06 8.75e-06 9.9e-06 1.05e-05 9.9e-06 9.65e-06 9.65e-06 6e-06 1.12e-05 9.7e-06 9.3e-06 1.025e-05 9.55e-06 9.95e-06 1.03e-05 7.5e-06 1.16e-05 1.035e-05 9.6e-06 8.5e-06 1.075e-05 9.15e-06 9.55e-06 1.145e-05 9.95e-06 9.55e-06 9.55e-06 1.125e-05 9.7e-06 9.65e-06 8.8e-06 9e-06 9.6e-06 8.7e-06 9.9e-06 1.065e-05 1.015e-05 1.155e-05 1.07e-05 1.11e-05 1.115e-05 9.8e-06 1.195e-05 9.7e-06 9e-06
