 slim_337522851 slim_337522884 slim_337522699 slim_337522864 slim_337522757 slim_337522875 slim_337522844 slim_337522880 slim_337522639 slim_337522684 slim_337522887 slim_337522800 slim_337522861 slim_337522789 slim_337522860 slim_337522898 slim_337522854 slim_337522849 slim_337522775 slim_337522602 slim_337522897 slim_337522575 slim_337522909 slim_337522616 slim_337522722 slim_337522918 slim_337522895 slim_337522919 slim_337522872 slim_337522905 slim_337522817 slim_337522899 slim_337522821 slim_337522892 slim_337522748 slim_337522921 slim_337522667 slim_337522913 slim_337522839 slim_337522904 slim_337522916 slim_337522734 slim_337522827 slim_337522777 slim_337522900 slim_337522879 slim_337522915 slim_337522796 slim_337522870 slim_337522853 slim_337522793 slim_337522847 slim_337522767 slim_337522912 slim_337522765 slim_337522706 slim_337522923 slim_337522831 slim_337522922 slim_337522829 slim_337522717 slim_337522713 slim_337522914 slim_337522902 slim_337522728 slim_337522462 slim_337522611 slim_337522855 slim_337522843 slim_337522924 slim_337522840 slim_337522750 slim_337522705 slim_337522869 slim_337522645 slim_337522886 slim_337522778 slim_337522784 slim_337522732 slim_337522885 slim_337522790 slim_337522823 slim_337522908 slim_337522791 slim_337522716 slim_337522866 slim_337522901 slim_337522873 slim_337522871 slim_337522643 slim_337522920 slim_337522858 slim_337522917
0 0.000238 0.0001612 0.00015445 0.0001949 0.0001673 0.000161 0.00018615 0.0001947 0.00016095 0.0001677 0.00021505 0.00017775 0.0001633 0.00017655 0.0001626 0.00019505 0.00016725 0.0001645 0.0002102 0.0001473 0.0001199 0.0001614 0.0001473 0.0001191 0.00017315 0.0001583 0.00018575 0.00018965 0.0001968 0.0002195 0.00021315 0.00016775 0.00016685 0.0001196 0.00021965 0.00014655 0.00018395 0.0001814 0.0002277 0.00023975 0.00011915 0.00019175 0.0002609 0.0001573 0.0001573 0.00016745 0.0001917 0.0001611 0.000177 0.0001584 0.0001485 0.0002337 0.0001672 0.00019455 0.0001191 0.00014655 0.0001417 0.0001841 0.00019275 0.0002089 0.00018555 0.0001473 0.00016175 0.0001654 0.000199 0.00011905 0.00016745 0.0001946 0.0001739 0.0001828 0.00014655 0.0001742 0.0001286 0.00026445 0.0001838 0.00020825 0.00016705 0.00023365 0.0002191 0.0001472 0.00014655 0.0002034 0.0001882 0.0001465 0.0001512 0.00012 0.0001864 0.00019645 0.0001583 0.0001947 0.00019185 0.00011935 0.00018195
1 0.0001612 0.0002808 0.0001942 0.00021095 0.00016405 0.0001554 0.000188 0.0002116 0.0001761 0.0001846 0.00018855 0.00018655 0.00021835 0.00018545 0.00020395 0.0002111 0.00018545 0.0001627 0.00019265 0.000208 0.00016105 0.00017595 0.0001622 0.0001404 0.00017675 0.0002079 0.000168 0.00017565 0.00017845 0.0002378 0.0002142 0.00018505 0.00018525 0.0001818 0.00023815 0.0001872 0.0001951 0.00017825 0.00016735 0.0002147 0.0001819 0.0001907 0.0002198 0.00019385 0.00019385 0.0001849 0.00021145 0.0001611 0.00018455 0.000208 0.00017415 0.00020575 0.0001847 0.00021145 0.0001404 0.00020795 0.0001722 0.0001952 0.00021185 0.0001793 0.000188 0.0002078 0.00016115 0.0001855 0.0001824 0.000161 0.0001848 0.0002115 0.0002339 0.00019805 0.00020785 0.0002342 0.000181 0.00024105 0.00017575 0.0001784 0.0001851 0.00020595 0.0002374 0.0002078 0.00020785 0.0002113 0.00020195 0.0002079 0.00017355 0.0001821 0.00018795 0.00018865 0.0002079 0.00021075 0.00021145 0.00016135 0.0002204
2 0.00015445 0.0001942 0.0002043 0.00020615 0.00023045 0.00022415 0.00016725 0.0002059 0.0001721 0.0001787 0.0002542 0.00018885 0.0001467 0.0001769 0.0001233 0.0002063 0.00017825 0.00025025 0.0002726 0.00013075 0.00015535 0.00017245 0.0001284 0.00020645 0.00014265 0.000131 0.0002185 0.00025195 0.00023575 0.0002309 0.00019445 0.00017895 0.00020995 0.00010285 0.0002311 0.000182 0.000195 0.00024455 0.00020655 0.0002788 0.0001023 0.00025505 0.0002581 0.0001054 0.0001054 0.0001786 0.00020305 0.0001421 0.00017615 0.0001311 0.0001604 0.0002728 0.0001783 0.00020575 0.00020645 0.00013 0.00017625 0.0001952 0.000204 0.0002478 0.00016675 0.00013085 0.00014265 0.0001764 0.0002204 0.0001543 0.0001785 0.0002058 0.00015745 0.0001941 0.0001299 0.00015775 0.00011195 0.0003037 0.00014305 0.00024065 0.00017815 0.0002667 0.0002305 0.00013055 0.0001299 0.00020395 0.00019945 0.00012995 0.000163 0.00010335 0.0001677 0.00017245 0.000131 0.00020595 0.00020305 0.0001546 0.00013
3 0.0001949 0.00021095 0.00020615 0.0003847 0.000194 0.00020115 0.000211 0.0001936 0.00020125 0.00019385 0.00019395 0.00020195 0.00019455 0.00020595 0.00019445 0.00019275 0.0001948 0.00019555 0.00020085 0.0001939 0.00019475 0.000201 0.0002058 0.00019475 0.00021255 0.00020505 0.00021125 0.00019485 0.00019435 0.00019315 0.0002101 0.00019395 0.00019525 0.00019485 0.00019275 0.00019355 0.0001947 0.00019395 0.0002272 0.0001936 0.00019505 0.000194 0.00021075 0.0002057 0.0002057 0.00019375 0.00019415 0.000211 0.00020635 0.00020515 0.0001948 0.00020045 0.00019405 0.0001936 0.00019475 0.0001939 0.0001952 0.0001943 0.00019355 0.00020065 0.0002111 0.0001935 0.00021095 0.0001947 0.00021195 0.00019475 0.00019365 0.00019365 0.0001927 0.0001931 0.00019405 0.0001928 0.000194 0.0001933 0.0002235 0.00021135 0.00019445 0.0002004 0.00019315 0.00019375 0.0001936 0.0002052 0.00020015 0.00019395 0.0001941 0.0001952 0.000211 0.0002126 0.00020505 0.00019265 0.00019415 0.00019505 0.00020515
4 0.0001673 0.00016405 0.00023045 0.000194 0.0001183 6.74e-05 0.0002989 0.0001945 0.00017545 0.0001674 6.115e-05 0.00017615 0.00030215 0.00017965 0.0002739 0.00019415 0.00016825 6.285e-05 9.535e-05 0.00030155 0.00016715 0.0001753 0.0002668 5.915e-05 0.0002726 0.00031235 0.00019155 6.18e-05 6.21e-05 0.00022135 0.0003252 0.00016795 8.165e-05 0.00027525 0.0002218 0.0001934 0.00016815 7.385e-05 0.00029575 8.75e-05 0.00027535 8.68e-05 0.00020515 0.00028485 0.00028485 0.00016785 0.0001949 0.00027205 0.00012415 0.00031245 0.0001675 9.51e-05 0.0001675 0.00019435 5.915e-05 0.0003015 0.000169 0.0001684 0.000195 6.8e-05 0.0002989 0.00030135 0.0002721 0.0001688 0.0001909 0.0001671 0.00016775 0.0001944 0.00032755 0.0001811 0.0003014 0.00032785 0.0002738 0.0001145 0.000282 0.00019265 0.0001679 0.00015615 0.00022095 0.00030095 0.0003014 0.00020565 0.0002014 0.00030145 0.00016685 0.00027555 0.00029885 0.00018555 0.00031235 0.0001938 0.0001949 0.00016745 0.00025675
5 0.000161 0.0001554 0.00022415 0.00020115 6.74e-05 0.0001077 0.0002868 0.00020105 0.0001611 0.00017425 8.04e-05 0.00017175 0.0003053 0.00018305 0.00027965 0.0002013 0.0001743 7.695e-05 9.295e-05 0.0002944 0.0001606 0.0001609 0.00025955 5.385e-05 0.0002584 0.0003055 0.00018005 7.855e-05 6.87e-05 0.0002259 0.00031365 0.0001739 8.695e-05 0.0002679 0.000226 0.0001876 0.000185 8.135e-05 0.00028135 0.00010515 0.00026805 9.185e-05 0.0002058 0.00028125 0.00028125 0.0001745 0.00019895 0.0002624 0.00012855 0.0003056 0.0001616 9.21e-05 0.0001744 0.0002009 5.385e-05 0.0002947 0.0001724 0.000185 0.00019905 6.715e-05 0.00028685 0.0002943 0.0002624 0.0001722 0.00017875 0.0001608 0.0001744 0.00020095 0.00032125 0.00018905 0.0002946 0.00032155 0.0002698 0.0001299 0.00026895 0.0001913 0.0001742 0.0001532 0.0002255 0.0002945 0.0002946 0.00020965 0.00018745 0.00029465 0.0001637 0.0002679 0.00028655 0.0001722 0.0003055 0.00020095 0.00019895 0.00016115 0.00025095
6 0.00018615 0.000188 0.00016725 0.000211 0.0002989 0.0002868 0.0001939 0.00021075 0.00019885 0.0002104 0.00032345 0.0002094 0.00010865 0.000208 0.0001239 0.0002112 0.0002108 0.00029345 0.0002962 9.835e-05 0.0001863 0.0001983 9.815e-05 0.00027405 0.00011395 9.825e-05 0.00018535 0.0003082 0.0003097 0.00020815 9.765e-05 0.0002105 0.00029725 9.775e-05 0.0002084 0.000186 0.0002214 0.00029925 9.95e-05 0.0003205 9.825e-05 0.0002959 0.00022635 0.0001147 0.0001147 0.00021115 0.000208 0.0001 0.0002648 9.835e-05 0.00019875 0.0003087 0.0002109 0.00021065 0.00027405 9.815e-05 0.00019575 0.00022155 0.0002085 0.0003113 9.76e-05 9.82e-05 9.965e-05 0.0002075 0.00020155 0.000186 0.00021105 0.0002107 9.785e-05 0.00021215 9.8e-05 9.82e-05 0.0001012 0.0003178 0.0001149 0.0001952 0.0002107 0.00024775 0.00020775 9.825e-05 9.8e-05 0.000208 0.0001985 9.81e-05 0.00020075 9.86e-05 9.78e-05 0.00021335 9.825e-05 0.0002108 0.000208 0.0001863 0.0001673
7 0.0001947 0.0002116 0.0002059 0.0001936 0.0001945 0.00020105 0.00021075 0.0003852 0.0002007 0.00019375 0.0001951 0.0002014 0.0001943 0.00020505 0.0001947 0.00019385 0.0001936 0.0001956 0.00020095 0.00019365 0.00019465 0.0002004 0.00020525 0.000195 0.0002121 0.00020475 0.00021105 0.000194 0.0001942 0.00019315 0.0002103 0.00019305 0.00019505 0.00019415 0.00019335 0.00019385 0.00019465 0.00019495 0.00022785 0.00019325 0.0001944 0.0001941 0.00021175 0.0002063 0.0002063 0.00019445 0.0001938 0.0002112 0.00020645 0.00020485 0.0001945 0.0002002 0.000194 0.000193 0.000195 0.0001937 0.0001949 0.000195 0.00019365 0.0002001 0.0002109 0.00019345 0.0002111 0.0001938 0.0002122 0.00019455 0.00019435 0.0001931 0.000193 0.0001941 0.00019385 0.0001929 0.00019425 0.00019325 0.0002234 0.0002115 0.0001938 0.0002002 0.00019325 0.0001935 0.00019345 0.0002048 0.00020005 0.00019375 0.0001946 0.00019455 0.0002109 0.0002125 0.0002048 0.0001938 0.0001938 0.00019485 0.00020535
8 0.00016095 0.0001761 0.0001721 0.00020125 0.00017545 0.0001611 0.00019885 0.0002007 0.000298 0.00016395 0.00018735 0.0001601 0.0001978 0.0001718 0.00018385 0.0002014 0.00016305 0.000193 0.0002086 0.0001873 0.00016625 0.0001494 0.00016565 0.0001728 0.00017105 0.00019845 0.0001998 0.0001847 0.0001639 0.0002353 0.0002361 0.00016825 0.00017305 0.00014955 0.0002352 0.0001986 0.00017455 0.0001901 0.0002135 0.00021125 0.0001492 0.0002092 0.0002269 0.00017545 0.00017545 0.0001636 0.00019735 0.00016415 0.0001939 0.00019855 0.0001612 0.00019735 0.0001635 0.00020055 0.0001728 0.00018675 0.00017095 0.00017455 0.0001985 0.00016305 0.0001983 0.000192 0.00016475 0.00016065 0.00021 0.0001609 0.0001636 0.0002006 0.0002243 0.0001901 0.00018675 0.0002246 0.0001584 0.00024565 0.00018845 0.00022025 0.00016295 0.0001974 0.0002349 0.0001878 0.00018675 0.00020895 0.00018665 0.0001867 0.00016445 0.0001498 0.00020365 0.00017215 0.00019845 0.00020105 0.00019745 0.0001612 0.0002098
9 0.0001677 0.0001846 0.0001787 0.00019385 0.0001674 0.00017425 0.0002104 0.00019375 0.00016395 0.0003123 0.00016795 0.00016475 0.0001947 0.0001679 0.000178 0.00019405 0.0001572 0.00017865 0.0002108 0.0001943 0.0001726 0.0001634 0.00017325 0.00017795 0.00018505 0.00020495 0.00021125 0.0001676 0.0001568 0.00023045 0.00024745 0.0001619 0.000168 0.00015695 0.0002308 0.00020415 0.00015765 0.00018245 0.00022775 0.0001932 0.00015745 0.00020395 0.0002261 0.00017875 0.00017875 0.0001574 0.0001937 0.00017425 0.00018925 0.00020505 0.0001675 0.0002003 0.0001569 0.00019365 0.00017795 0.00019395 0.00016795 0.00015805 0.00019395 0.0001634 0.0002108 0.00019875 0.0001739 0.0001564 0.000222 0.00016755 0.0001573 0.0001937 0.00023025 0.00018195 0.0001938 0.0002306 0.00016215 0.00023 0.00020135 0.0002214 0.0001569 0.00020025 0.00023005 0.0001937 0.0001938 0.0002046 0.0002002 0.0001939 0.00016725 0.00015795 0.00021575 0.0001855 0.00020495 0.00019365 0.0001937 0.00016785 0.00021535
10 0.00021505 0.00018855 0.0002542 0.00019395 6.115e-05 8.04e-05 0.00032345 0.0001951 0.00018735 0.00016795 2.67e-05 0.0001724 0.00033325 0.0001812 0.0002781 0.0001941 0.0001688 6.705e-05 8.62e-05 0.0003483 0.00021495 0.0001872 0.00029705 0.00010805 0.0002846 0.0003591 0.000217 4.11e-05 3.38e-05 0.000223 0.0003498 0.00016855 8.07e-05 0.00032195 0.000223 0.00024125 0.00015305 7.485e-05 0.000297 4.295e-05 0.00032205 8.95e-05 0.0001704 0.0003077 0.0003077 0.00016775 0.0001965 0.00029545 0.00012665 0.0003592 0.00018585 6.19e-05 0.00016805 0.00019495 0.00010805 0.00034825 0.00019445 0.00015265 0.00019625 3.375e-05 0.00032345 0.0003481 0.0002955 0.00017035 0.000204 0.0002149 0.00016765 0.000195 0.00037435 0.0001799 0.00034815 0.00037465 0.00031365 7.1e-05 0.00029455 0.00019595 0.00016845 0.00012295 0.0002226 0.0003478 0.00034815 0.00020725 0.00021335 0.0003482 0.0001843 0.00032225 0.0003234 0.0001745 0.0003591 0.00019375 0.0001965 0.0002152 0.00028055
11 0.00017775 0.00018655 0.00018885 0.00020195 0.00017615 0.00017175 0.0002094 0.0002014 0.0001601 0.00016475 0.0001724 0.0003079 0.0001974 0.0001728 0.00018465 0.0002021 0.00016415 0.00017645 0.0002028 0.0002037 0.00018265 0.00016015 0.0001825 0.00018915 0.00018175 0.00021495 0.00021025 0.00016895 0.0001649 0.00023595 0.00024655 0.00016895 0.00017405 0.00016645 0.00023595 0.00021495 0.0001585 0.0001908 0.00021805 0.00019625 0.0001664 0.00020985 0.0002219 0.0001919 0.0001919 0.00016475 0.00019845 0.00017505 0.0001938 0.00021505 0.000178 0.0001923 0.00016465 0.00020125 0.00018915 0.00020355 0.0001713 0.0001585 0.0001993 0.00015805 0.0002092 0.0002084 0.0001753 0.0001616 0.00022065 0.00017765 0.0001647 0.0002013 0.00024065 0.0001908 0.0002035 0.00024095 0.00016895 0.0002306 0.0001991 0.00021425 0.0001641 0.0001923 0.00023555 0.0002042 0.0002035 0.00020975 0.0001973 0.0002035 0.0001809 0.00016665 0.00021415 0.0001828 0.00021495 0.00020175 0.0001985 0.00017795 0.00022615
12 0.0001633 0.00021835 0.0001467 0.00019455 0.00030215 0.0003053 0.00010865 0.0001943 0.0001978 0.0001947 0.00033325 0.0001974 0.0001097 0.00020355 8.36e-05 0.0001945 0.0001946 0.00028035 0.0003096 5.565e-05 0.00016365 0.00019785 0.00010295 0.00027075 0.0001236 6.705e-05 0.00021565 0.0003066 0.0003297 0.00019175 0.00010805 0.0001943 0.00028125 5.595e-05 0.00019135 0.000163 0.00019415 0.0003025 0.00016355 0.00033045 5.59e-05 0.00029925 0.00026185 9.425e-05 9.425e-05 0.00019485 0.0001918 0.0001108 0.00025885 6.72e-05 0.00019235 0.00033385 0.0001946 0.00019395 0.00027075 5.54e-05 0.000168 0.0001943 0.0001923 0.0003364 0.00010845 5.585e-05 0.00011105 0.000192 0.0002305 0.0001632 0.0001948 0.0001941 5.545e-05 0.0001957 5.58e-05 5.515e-05 5.91e-05 0.0003278 0.0001357 0.0002207 0.00019445 0.00027265 0.0001917 5.61e-05 5.55e-05 0.00020345 0.0001976 5.545e-05 0.0001945 5.63e-05 0.00010885 0.0002341 6.715e-05 0.00019465 0.00019185 0.0001635 0.00014635
13 0.00017655 0.00018545 0.0001769 0.00020595 0.00017965 0.00018305 0.000208 0.00020505 0.0001718 0.0001679 0.0001812 0.0001728 0.00020355 0.0003263 0.00018885 0.0002061 0.0001677 0.00018765 0.00021975 0.00020305 0.00018165 0.00017135 0.00017005 0.00018775 0.0001826 0.0002017 0.00020925 0.00017865 0.0001663 0.0002397 0.0002457 0.0001728 0.0001776 0.00016495 0.00023985 0.0002138 0.0001692 0.00019455 0.00021725 0.0002045 0.00016535 0.00021335 0.0002271 0.0001796 0.0001796 0.0001687 0.00020215 0.00017415 0.000188 0.0002018 0.0001763 0.0002087 0.00016825 0.0002049 0.00018775 0.0002026 0.0001764 0.00016955 0.0002029 0.0001741 0.0002083 0.00020765 0.0001739 0.00016385 0.0002207 0.0001764 0.0001686 0.00020495 0.00023975 0.0001948 0.0002025 0.00024005 0.0001739 0.000239 0.00018835 0.00021945 0.00016765 0.00020895 0.0002393 0.000203 0.0002025 0.00020115 0.00020885 0.00020255 0.0001787 0.00016595 0.00021345 0.00018365 0.0002017 0.00020575 0.00020215 0.0001767 0.0002143
14 0.0001626 0.00020395 0.0001233 0.00019445 0.0002739 0.00027965 0.0001239 0.0001947 0.00018385 0.000178 0.0002781 0.00018465 8.36e-05 0.00018885 8.93e-05 0.00019445 0.00017845 0.00026825 0.0003007 8.28e-05 0.0001578 0.00018375 9.675e-05 0.00025835 9.965e-05 9.435e-05 0.0002302 0.00027895 0.00028895 0.0002102 0.00014 0.0001731 0.0002537 6.68e-05 0.00020985 0.00017875 0.0001788 0.0002873 0.00016525 0.0003052 6.685e-05 0.0002895 0.00025 6.935e-05 6.935e-05 0.0001783 0.00019375 0.0001081 0.00022395 9.445e-05 0.0001671 0.00031085 0.00017805 0.0001944 0.00025835 8.275e-05 0.00016745 0.00017895 0.0001938 0.00029525 0.00012385 7.815e-05 0.0001082 0.0001774 0.00022145 0.00016245 0.0001782 0.00019435 9.925e-05 0.00018015 8.31e-05 9.92e-05 6.26e-05 0.0003207 0.00010535 0.00022455 0.00017825 0.00024965 0.00021 8.28e-05 8.29e-05 0.00020515 0.0002 8.28e-05 0.00016765 6.695e-05 0.0001191 0.0001858 9.425e-05 0.00019445 0.00019375 0.00016275 0.00013935
15 0.00019505 0.0002111 0.0002063 0.00019275 0.00019415 0.0002013 0.0002112 0.00019385 0.0002014 0.00019405 0.0001941 0.0002021 0.0001945 0.0002061 0.00019445 0.000385 0.00019495 0.0001957 0.000201 0.00019385 0.0001949 0.0002012 0.00020595 0.0001949 0.0002127 0.000205 0.0002114 0.000195 0.0001945 0.0001934 0.00021005 0.00019425 0.0001954 0.00019505 0.00019275 0.0001939 0.00019485 0.0001941 0.00022735 0.00019375 0.0001952 0.00019415 0.0002109 0.0002057 0.0002057 0.0001939 0.0001943 0.00021115 0.0002065 0.00020495 0.00019495 0.0002006 0.0001942 0.00019355 0.0001949 0.0001939 0.00019535 0.00019445 0.00019375 0.0002008 0.00021125 0.00019385 0.00021115 0.0001949 0.0002121 0.0001949 0.0001938 0.00019365 0.0001931 0.0001931 0.00019425 0.00019285 0.0001941 0.00019345 0.00022365 0.0002115 0.0001946 0.0002005 0.00019335 0.0001938 0.00019395 0.00020535 0.00020035 0.00019395 0.0001941 0.00019535 0.00021115 0.00021275 0.00020505 0.00019285 0.0001943 0.0001952 0.00020515
16 0.00016725 0.00018545 0.00017825 0.0001948 0.00016825 0.0001743 0.0002108 0.0001936 0.00016305 0.0001572 0.0001688 0.00016415 0.0001946 0.0001677 0.00017845 0.00019495 0.0003115 0.00017915 0.0002113 0.00019435 0.0001728 0.00016335 0.00017245 0.00017845 0.0001849 0.00020515 0.0002112 0.00016735 0.0001574 0.00023105 0.000248 0.0001616 0.00016765 0.0001564 0.00023135 0.00020475 0.0001579 0.00018315 0.0002286 0.00019355 0.00015605 0.00020445 0.0002268 0.00017975 0.00017975 0.0001573 0.00019325 0.00017415 0.00018975 0.00020525 0.00016705 0.00020035 0.00015685 0.00019365 0.00017845 0.00019355 0.0001675 0.00015825 0.0001943 0.0001633 0.00021035 0.00019905 0.00017465 0.00015655 0.0002225 0.0001671 0.0001571 0.0001937 0.00023095 0.0001827 0.00019345 0.00023125 0.00016275 0.0002305 0.0002015 0.0002219 0.0001563 0.00020035 0.00023065 0.0001941 0.00019345 0.00020475 0.00020035 0.0001935 0.00016825 0.000157 0.00021595 0.00018555 0.00020515 0.0001946 0.00019325 0.0001674 0.0002159
17 0.0001645 0.0001627 0.00025025 0.00019555 6.285e-05 7.695e-05 0.00029345 0.0001956 0.000193 0.00017865 6.705e-05 0.00017645 0.00028035 0.00018765 0.00026825 0.0001957 0.00017915 6e-07 6.935e-05 0.00029685 0.00015965 0.00019285 0.00027235 4.84e-05 0.00028065 0.0003079 0.000188 3.89e-05 8.995e-05 0.00020975 0.00030995 0.00017395 8.15e-05 0.0002805 0.0002101 0.00018085 0.00016215 7.635e-05 0.0002917 9.15e-05 0.0002806 7.7e-05 0.00021825 0.00030695 0.00030695 0.0001792 0.0001931 0.0002787 0.00011015 0.000308 0.00018175 0.0001056 0.00017875 0.00019545 4.84e-05 0.00029695 0.00014045 0.0001625 0.00019385 9.135e-05 0.00029345 0.00029205 0.00027875 0.0001767 0.0001907 0.00016435 0.0001791 0.0001955 0.0003132 0.0001823 0.00029685 0.0003135 0.00027195 0.00010565 0.000286 0.0001534 0.00017895 0.00016675 0.00020935 0.00029715 0.00029685 0.00020395 0.00020915 0.0002969 0.0001834 0.00028065 0.00028865 0.00021775 0.0003079 0.00019535 0.0001931 0.00016465 0.00026675
18 0.0002102 0.00019265 0.0002726 0.00020085 9.535e-05 9.295e-05 0.0002962 0.00020095 0.0002086 0.0002108 8.62e-05 0.0002028 0.0003096 0.00021975 0.0003007 0.000201 0.0002113 6.935e-05 0.0001382 0.0003153 0.0002053 0.00020845 0.00030725 9.45e-05 0.0002958 0.00032635 0.0001908 8.28e-05 9.92e-05 0.00018835 0.0002859 0.00020605 0.00011385 0.0003258 0.0001886 0.00019975 0.00020505 9.51e-05 0.0002787 8.375e-05 0.0003259 8.28e-05 0.00017935 0.00032925 0.00032925 0.0002113 0.0001985 0.00030825 0.00014425 0.00032645 0.0002045 8.13e-05 0.0002109 0.0002008 9.45e-05 0.00031545 0.00019755 0.00020535 0.00019915 9.38e-05 0.0002962 0.0003105 0.0003083 0.00020885 0.00017915 0.00021005 0.0002112 0.00020085 0.0003049 0.00020095 0.00031535 0.0003052 0.0003173 7.115e-05 0.0003015 0.00016795 0.0002111 0.0001424 0.00018795 0.0003156 0.00031535 0.0002093 0.00019795 0.00031535 0.00020615 0.0003259 0.00029135 0.00021035 0.00032635 0.00020065 0.0001985 0.00021035 0.0002623
19 0.0001473 0.000208 0.00013075 0.0001939 0.00030155 0.0002944 9.835e-05 0.00019365 0.0001873 0.0001943 0.0003483 0.0002037 5.565e-05 0.00020305 8.28e-05 0.00019385 0.00019435 0.00029685 0.0003153 7.67e-05 0.00014645 0.00018715 8.62e-05 0.00025435 0.0001117 5.07e-05 0.0002053 0.00032245 0.00032935 0.000191 9.755e-05 0.0001934 0.00028085 4.015e-05 0.0001905 0.00014655 0.00021075 0.0003019 0.0001591 0.00034555 4.025e-05 0.00029855 0.0002669 7.815e-05 7.815e-05 0.00019465 0.0001915 0.00010085 0.000259 5.08e-05 0.00017635 0.00033865 0.0001944 0.00019335 0.00025435 3.935e-05 0.00016845 0.0002109 0.00019155 0.0003413 9.835e-05 3.86e-05 0.0001009 0.00019165 0.00021975 0.00014715 0.00019455 0.00019345 3.895e-05 0.00019505 3.97e-05 3.87e-05 4.78e-05 0.0003428 0.00012445 0.00022665 0.00019425 0.00027745 0.00019095 3.97e-05 3.94e-05 0.0002028 0.00018665 3.94e-05 0.0001783 3.945e-05 9.755e-05 0.0002233 5.075e-05 0.000194 0.0001915 0.00014745 0.00013
20 0.0001199 0.00016105 0.00015535 0.00019475 0.00016715 0.0001606 0.0001863 0.00019465 0.00016625 0.0001726 0.00021495 0.00018265 0.00016365 0.00018165 0.0001578 0.0001949 0.0001728 0.00015965 0.0002053 0.00014645 0.0002283 0.00016605 0.0001474 0.00011415 0.00016705 0.0001583 0.0001858 0.00018965 0.00020195 0.0002146 0.00020825 0.00016745 0.00016745 0.0001254 0.00021475 0.0001416 0.0001891 0.00018125 0.0002276 0.00023965 0.00012555 0.00018685 0.00026075 0.00015755 0.00015755 0.000173 0.00019255 0.00016665 0.00017235 0.0001584 0.0001493 0.00023335 0.00017275 0.0001945 0.00011415 0.0001473 0.0001425 0.00018925 0.0001927 0.0002133 0.00018635 0.00014165 0.00016665 0.0001706 0.0001941 0.0001197 0.0001729 0.00019455 0.00016895 0.00018265 0.0001472 0.00016925 0.00012755 0.0002596 0.00017835 0.0002034 0.0001726 0.0002333 0.0002142 0.0001471 0.0001472 0.00020345 0.0001878 0.00014725 0.00015125 0.00012485 0.0001807 0.0001963 0.0001583 0.00019455 0.00019255 0.00012005 0.00017725
21 0.0001614 0.00017595 0.00017245 0.000201 0.0001753 0.0001609 0.0001983 0.0002004 0.0001494 0.0001634 0.0001872 0.00016015 0.00019785 0.00017135 0.00018375 0.0002012 0.00016335 0.00019285 0.00020845 0.00018715 0.00016605 0.0002975 0.000166 0.00017265 0.00017085 0.0001981 0.00019975 0.0001845 0.0001635 0.00023505 0.0002359 0.00016795 0.0001733 0.00014955 0.000235 0.00019835 0.00017465 0.00018995 0.00021335 0.00021105 0.00015015 0.00020905 0.00022675 0.00017515 0.00017515 0.00016405 0.0001978 0.0001646 0.00019375 0.0001982 0.00016165 0.00019715 0.00016395 0.0002003 0.00017265 0.00018715 0.0001714 0.00017465 0.000198 0.0001628 0.00019875 0.0001917 0.00016415 0.00015995 0.00020985 0.00016125 0.00016395 0.00020035 0.00022395 0.0001899 0.000187 0.0002243 0.00015815 0.0002455 0.0001883 0.0002201 0.00016335 0.0001971 0.00023465 0.00018725 0.000187 0.00020865 0.00018635 0.0001871 0.00016415 0.0001503 0.00020345 0.00017195 0.0001981 0.0002008 0.0001978 0.00016155 0.0002096
22 0.0001473 0.0001622 0.0001284 0.0002058 0.0002668 0.00025955 9.815e-05 0.00020525 0.00016565 0.00017325 0.00029705 0.0001825 0.00010295 0.00017005 9.675e-05 0.00020595 0.00017245 0.00027235 0.00030725 8.62e-05 0.0001474 0.000166 0.0001063 0.00024115 8.06e-05 8.67e-05 0.000186 0.0002817 0.0002723 0.00023495 0.0001305 0.00017275 0.0002642 5.385e-05 0.0002349 0.00018 0.00018965 0.0002816 0.0001126 0.0003209 5.345e-05 0.0002958 0.00024675 7.69e-05 7.69e-05 0.0001731 0.00020195 6.825e-05 0.0002378 8.68e-05 0.0001599 0.00031425 0.00017285 0.0002051 0.00024115 8.615e-05 0.0001628 0.0001898 0.0002031 0.00028455 9.765e-05 8.62e-05 6.88e-05 0.00017 0.0002067 0.00014715 0.000173 0.00020515 0.00011875 0.00019465 8.605e-05 0.00011905 6.31e-05 0.0003505 8.735e-05 0.0002071 0.00017235 0.00025335 0.00023455 8.715e-05 8.6e-05 0.0002024 0.00019815 8.61e-05 0.00016295 5.365e-05 9.78e-05 0.0001861 8.67e-05 0.0002056 0.00020195 0.00014745 0.00016125
23 0.0001191 0.0001404 0.00020645 0.00019475 5.915e-05 5.385e-05 0.00027405 0.000195 0.0001728 0.00017795 0.00010805 0.00018915 0.00027075 0.00018775 0.00025835 0.0001949 0.00017845 4.84e-05 9.45e-05 0.00025435 0.00011415 0.00017265 0.00024115 0.0 0.00026045 0.0002653 0.0001659 8.345e-05 0.00010155 0.00021005 0.00029065 0.00017335 8.07e-05 0.0002379 0.0002104 0.00013545 0.00019435 7.255e-05 0.0002955 0.0001336 0.000238 7.43e-05 0.00023975 0.00026305 0.00026305 0.0001783 0.0001933 0.0002593 0.0001116 0.0002654 0.00014885 0.0001282 0.00017805 0.00019485 0.0 0.00025445 0.0001431 0.0001945 0.00019325 0.00011305 0.00027405 0.00024955 0.00025935 0.0001769 0.0001677 0.00011885 0.0001782 0.0001949 0.0002708 0.0001817 0.00025435 0.0002711 0.00023995 0.00014865 0.0002642 0.00017925 0.00017825 0.00018925 0.00020965 0.00025385 0.00025435 0.00020405 0.00018905 0.0002544 0.0001504 0.00023805 0.00026925 0.00019625 0.0002653 0.00019455 0.0001933 0.00011925 0.00022305
24 0.00017315 0.00017675 0.00014265 0.00021255 0.0002726 0.0002584 0.00011395 0.0002121 0.00017105 0.00018505 0.0002846 0.00018175 0.0001236 0.0001826 9.965e-05 0.0002127 0.0001849 0.00028065 0.0002958 0.0001117 0.00016705 0.00017085 8.06e-05 0.00026045 0.0001473 0.0001133 0.00020075 0.0002821 0.0002712 0.00023695 0.00014125 0.00017935 0.0002708 8.57e-05 0.000237 0.00020025 0.00019585 0.0002874 0.00011765 0.00030845 8.585e-05 0.00029685 0.00022675 9.045e-05 9.045e-05 0.00018545 0.00020955 8.935e-05 0.00024 0.0001134 0.0001734 0.00029485 0.0001852 0.00021195 0.00026045 0.00011295 0.00018315 0.000196 0.00021005 0.0002699 0.000114 0.0001069 8.935e-05 0.0001822 0.0002002 0.000173 0.00018535 0.000212 0.00013995 0.0002014 0.00011285 0.00014025 8.265e-05 0.0003333 8.12e-05 0.0002114 0.0001847 0.00023395 0.00023655 0.0001132 0.00011285 0.0002098 0.00019795 0.0001129 0.0001758 8.475e-05 0.00010795 0.0001733 0.0001133 0.00021235 0.00020955 0.0001733 0.0001699
25 0.0001583 0.0002079 0.000131 0.00020505 0.00031235 0.0003055 9.825e-05 0.00020475 0.00019845 0.00020495 0.0003591 0.00021495 6.705e-05 0.0002017 9.435e-05 0.000205 0.00020515 0.0003079 0.00032635 5.07e-05 0.0001583 0.0001981 8.67e-05 0.0002653 0.0001133 0.0001 0.0002053 0.00033325 0.00033935 0.0002023 9.79e-05 0.00020475 0.0002916 5.1e-05 0.0002018 0.00015785 0.0002217 0.0003127 0.0001481 0.0003563 5.13e-05 0.0003095 0.0002671 7.825e-05 7.825e-05 0.0002055 0.0002025 0.0001008 0.00025925 5.02e-05 0.00018735 0.00034975 0.00020525 0.0002044 0.0002653 5.07e-05 0.0001795 0.00022185 0.00020255 0.0003522 9.845e-05 5.08e-05 0.00010065 0.00020195 0.0002201 0.00015815 0.0002054 0.00020455 5.06e-05 0.0002062 5.105e-05 5.03e-05 5.985e-05 0.00035375 0.00011405 0.00022675 0.00020505 0.0002888 0.00020225 5.105e-05 5.075e-05 0.00020195 0.0001981 5.075e-05 0.00018915 5.15e-05 9.85e-05 0.00022365 5.015e-05 0.00020515 0.0002025 0.00015845 0.00013055
26 0.00018575 0.000168 0.0002185 0.00021125 0.00019155 0.00018005 0.00018535 0.00021105 0.0001998 0.00021125 0.000217 0.00021025 0.00021565 0.00020925 0.0002302 0.0002114 0.0002112 0.000188 0.0001908 0.0002053 0.0001858 0.00019975 0.000186 0.0001659 0.00020075 0.0002053 0.00033 0.00020225 0.0002049 0.00020875 0.00018515 0.00021085 0.0002107 0.0002055 0.00020915 0.00018545 0.00022165 0.0001919 0.0001676 0.00021435 0.0002055 0.0001889 0.0002062 0.0002209 0.0002209 0.0002115 0.0002087 0.0001877 0.0002097 0.0002054 0.0001987 0.0002031 0.00021125 0.0002109 0.0001659 0.00020525 0.00019665 0.0002218 0.0002092 0.0002054 0.00018525 0.0002053 0.00018785 0.0002093 0.00018065 0.00018555 0.0002114 0.00021095 0.0002049 0.00021235 0.00020515 0.0002052 0.0002077 0.00021195 0.0002005 0.0001765 0.0002111 0.0002033 0.00020835 0.00020515 0.00020515 0.00020865 0.00019935 0.0002052 0.00020085 0.0002057 0.0001854 0.00021305 0.0002053 0.00021105 0.0002087 0.0001859 0.0002184
27 0.00018965 0.00017565 0.00025195 0.00019485 6.18e-05 7.855e-05 0.0003082 0.000194 0.0001847 0.0001676 4.11e-05 0.00016895 0.0003066 0.00017865 0.00027895 0.000195 0.00016735 3.89e-05 8.28e-05 0.00032245 0.00018965 0.0001845 0.0002817 8.345e-05 0.0002821 0.00033325 0.00020225 7.73e-05 5.615e-05 0.00022125 0.00033495 0.0001673 8.17e-05 0.0002957 0.00022175 0.0002162 0.00015195 7.605e-05 0.0002943 6.615e-05 0.00029585 8.82e-05 0.0001947 0.00030725 0.00030725 0.0001683 0.0001944 0.00028175 0.0001234 0.00033335 0.00018355 8.335e-05 0.00016775 0.00019405 8.345e-05 0.0003224 0.0001673 0.0001524 0.0001949 5.64e-05 0.00030825 0.00032235 0.00028175 0.00016775 0.0002025 0.0001895 0.0001682 0.0001941 0.00034885 0.0001817 0.0003223 0.00034915 0.0002899 9.3e-05 0.00029265 0.0001798 0.00016755 0.0001445 0.00022085 0.0003222 0.0003223 0.00020515 0.00021105 0.00032235 0.00018375 0.00029605 0.0003083 0.0001959 0.00033325 0.00019465 0.0001944 0.0001898 0.00027865
28 0.0001968 0.00017845 0.00023575 0.00019435 6.21e-05 6.87e-05 0.0003097 0.0001942 0.0001639 0.0001568 3.38e-05 0.0001649 0.0003297 0.0001663 0.00028895 0.0001945 0.0001574 8.995e-05 9.92e-05 0.00032935 0.00020195 0.0001635 0.0002723 0.00010155 0.0002712 0.00033935 0.0002049 5.615e-05 3.91e-05 0.0002302 0.0003468 0.00016235 8.125e-05 0.0002917 0.0002304 0.0002335 0.00015805 7.72e-05 0.00029165 5.83e-05 0.00029205 9.795e-05 0.00017765 0.0002903 0.0002903 0.00015765 0.0001932 0.0002736 0.00013465 0.00033945 0.0001672 6.515e-05 0.0001571 0.00019405 0.00010155 0.00032875 0.0001909 0.0001585 0.00019405 2.895e-05 0.00030995 0.00033385 0.0002734 0.00015545 0.0002024 0.00019665 0.00015755 0.0001941 0.0003654 0.00018245 0.0003287 0.00036565 0.000298 9.44e-05 0.00028765 0.0002089 0.0001571 0.0001263 0.00022985 0.0003292 0.00032865 0.0002037 0.00020045 0.0003287 0.00016665 0.0002928 0.00031515 0.0001627 0.00033935 0.0001942 0.0001932 0.00019695 0.0002726
29 0.0002195 0.0002378 0.0002309 0.00019315 0.00022135 0.0002259 0.00020815 0.00019315 0.0002353 0.00023045 0.000223 0.00023595 0.00019175 0.0002397 0.0002102 0.0001934 0.00023105 0.00020975 0.00018835 0.000191 0.0002146 0.00023505 0.00023495 0.00021005 0.00023695 0.0002023 0.00020875 0.00022125 0.0002302 0.0003061 0.0001706 0.0002252 0.0002209 0.00022875 0.0001538 0.0001816 0.00023125 0.00020735 0.0002266 0.00019295 0.00022895 0.00018155 0.00019695 0.0002327 0.0002327 0.00023105 0.00019105 0.00024715 0.00022125 0.0002024 0.0002193 0.0001975 0.00023065 0.0001932 0.00021005 0.0001912 0.00021925 0.00023155 0.00019155 0.0002372 0.00020825 0.0001861 0.0002471 0.00022845 0.00020005 0.00021935 0.00023095 0.0001933 0.00015345 0.00020685 0.00019135 0.00015325 0.00022595 0.0001531 0.00024335 0.00019865 0.00023085 0.0001975 0.00015345 0.0001914 0.00019095 0.00020205 0.0001976 0.00019125 0.0002208 0.00022895 0.0002034 0.00023755 0.00020235 0.00019335 0.00019105 0.00021965 0.0001933
30 0.00021315 0.0002142 0.00019445 0.0002101 0.0003252 0.00031365 9.765e-05 0.0002103 0.0002361 0.00024745 0.0003498 0.00024655 0.00010805 0.0002457 0.00014 0.00021005 0.000248 0.00030995 0.0002859 9.755e-05 0.00020825 0.0002359 0.0001305 0.00029065 0.00014125 9.79e-05 0.00018515 0.00033495 0.0003468 0.0001706 0.0001195 0.0002423 0.0003243 0.0001355 0.00017035 0.0001754 0.000258 0.0003111 9.88e-05 0.0003203 0.00013565 0.0002856 0.00021135 0.0001413 0.0001413 0.00024785 0.0002081 0.0001366 0.00028155 9.805e-05 0.00022575 0.00030865 0.0002476 0.00020995 0.00029065 9.775e-05 0.0002227 0.00025815 0.0002083 0.00034825 9.77e-05 9.295e-05 0.0001366 0.0002454 0.0001913 0.000213 0.00024775 0.0002101 6.035e-05 0.0002235 9.81e-05 6.005e-05 0.0001328 0.0002806 0.00013685 0.00018475 0.0002478 0.0002477 0.00017055 9.8e-05 9.78e-05 0.00020825 0.00019845 9.78e-05 0.00022715 0.00013565 9.285e-05 0.0002404 9.8e-05 0.0002102 0.0002081 0.0002133 0.0001567
31 0.00016775 0.00018505 0.00017895 0.00019395 0.00016795 0.0001739 0.0002105 0.00019305 0.00016825 0.0001619 0.00016855 0.00016895 0.0001943 0.0001728 0.0001731 0.00019425 0.0001616 0.00017395 0.00020605 0.0001934 0.00016745 0.00016795 0.00017275 0.00017335 0.00017935 0.00020475 0.00021085 0.0001673 0.00016235 0.0002252 0.0002423 0.0003209 0.0001681 0.0001619 0.0002255 0.0001991 0.0001628 0.00018285 0.000228 0.00019305 0.00016215 0.00019915 0.0002264 0.00017975 0.00017975 0.0001626 0.00019355 0.00017935 0.0001848 0.00020485 0.00016755 0.00019975 0.00016215 0.0001929 0.00017335 0.00019365 0.00016795 0.00016315 0.0001936 0.0001677 0.00021065 0.00019315 0.00017925 0.00016155 0.0002173 0.0001676 0.0001625 0.00019295 0.000225 0.000182 0.00019365 0.0002252 0.00016215 0.000225 0.0001962 0.00021655 0.0001616 0.00019975 0.00022505 0.00019335 0.0001934 0.00020455 0.00019965 0.0001936 0.00016805 0.00016205 0.0002104 0.00018535 0.00020475 0.000194 0.00019355 0.0001679 0.0002106
32 0.00016685 0.00018525 0.00020995 0.00019525 8.165e-05 8.695e-05 0.00029725 0.00019505 0.00017305 0.000168 8.07e-05 0.00017405 0.00028125 0.0001776 0.0002537 0.0001954 0.00016765 8.15e-05 0.00011385 0.00028085 0.00016745 0.0001733 0.0002642 8.07e-05 0.0002708 0.0002916 0.0002107 8.17e-05 8.125e-05 0.0002209 0.0003243 0.0001681 0.0001572 0.0002533 0.00022105 0.00019415 0.00016865 9.575e-05 0.0003153 0.0001079 0.00025285 0.00010715 0.0002254 0.0002667 0.0002667 0.00016795 0.0001933 0.0002713 0.0001243 0.0002917 0.00016685 0.00011345 0.0001677 0.0001949 8.07e-05 0.0002803 0.00016715 0.0001688 0.0001942 8.76e-05 0.00029685 0.00028085 0.00027175 0.0001667 0.00021075 0.0001667 0.00016785 0.00019495 0.0003075 0.000182 0.0002802 0.0003078 0.00025525 0.00013365 0.0002817 0.0002111 0.00016755 0.0001745 0.0002205 0.00028085 0.0002802 0.0002045 0.00020015 0.00028025 0.00016845 0.0002537 0.0002975 0.00018515 0.0002916 0.00019505 0.0001933 0.000167 0.00023755
33 0.0001196 0.0001818 0.00010285 0.00019485 0.00027525 0.0002679 9.775e-05 0.00019415 0.00014955 0.00015695 0.00032195 0.00016645 5.595e-05 0.00016495 6.68e-05 0.00019505 0.0001564 0.0002805 0.0003258 4.015e-05 0.0001254 0.00014955 5.385e-05 0.0002379 8.57e-05 5.1e-05 0.0002055 0.0002957 0.0002917 0.00022875 0.0001355 0.0001619 0.0002533 2.4e-06 0.00022875 0.00015735 0.0001737 0.00029005 0.0001598 0.00034575 1.4e-06 0.000309 0.00028195 5.13e-05 5.13e-05 0.0001571 0.0001907 6.34e-05 0.0002423 5.11e-05 0.00014865 0.00033905 0.00015685 0.00019405 0.0002379 3.91e-05 0.00014075 0.00017385 0.0001918 0.00030455 9.755e-05 4.48e-05 6.36e-05 0.00015325 0.0002302 0.00011955 0.0001571 0.0001941 7.67e-05 0.00018375 3.905e-05 7.705e-05 1.705e-05 0.00038015 0.0001032 0.00023715 0.0001563 0.0002778 0.00022835 4.005e-05 3.905e-05 0.0002025 0.0001871 3.905e-05 0.00015175 2.5e-06 0.0001034 0.0001965 5.1e-05 0.00019465 0.0001908 0.00011985 0.0001407
34 0.00021965 0.00023815 0.0002311 0.00019275 0.0002218 0.000226 0.0002084 0.00019335 0.0002352 0.0002308 0.000223 0.00023595 0.00019135 0.00023985 0.00020985 0.00019275 0.00023135 0.0002101 0.0001886 0.0001905 0.00021475 0.000235 0.0002349 0.0002104 0.000237 0.0002018 0.00020915 0.00022175 0.0002304 0.0001538 0.00017035 0.0002255 0.00022105 0.00022875 0.0003044 0.00018155 0.00023165 0.00020735 0.000227 0.0001939 0.0002289 0.00018235 0.0001968 0.00023265 0.00023265 0.00023085 0.0001916 0.0002473 0.00022165 0.0002019 0.0002195 0.000198 0.00023095 0.00019305 0.0002104 0.0001905 0.0002194 0.00023145 0.00019065 0.00023745 0.00020845 0.00018585 0.0002473 0.00022865 0.00020025 0.0002195 0.00023075 0.00019295 0.0001532 0.00020635 0.0001913 0.00015275 0.00022605 0.00015435 0.0002435 0.00019905 0.00023115 0.0001979 0.000154 0.000191 0.0001907 0.00020265 0.0001975 0.0001908 0.00022085 0.0002289 0.0002036 0.00023765 0.00020165 0.00019315 0.0001916 0.0002198 0.00019285
35 0.00014655 0.0001872 0.000182 0.00019355 0.0001934 0.0001876 0.000186 0.00019385 0.0001986 0.00020415 0.00024125 0.00021495 0.000163 0.0002138 0.00017875 0.0001939 0.00020475 0.00018085 0.00019975 0.00014655 0.0001416 0.00019835 0.00018 0.00013545 0.00020025 0.00015785 0.00018545 0.0002162 0.0002335 0.0001816 0.0001754 0.0001991 0.00019415 0.00015735 0.00018155 0.0002709 0.00022065 0.00019305 0.00022685 0.00023935 0.00015755 0.00018125 0.00024575 0.00018375 0.00018375 0.0002046 0.0001923 0.00019815 0.0001936 0.00015795 0.00017595 0.00023345 0.00020435 0.00019385 0.00013545 0.0001467 0.0001691 0.0002208 0.000192 0.0002456 0.0001861 0.00014155 0.0001981 0.00020255 0.0001886 0.00014635 0.0002045 0.0001939 0.0001358 0.0001941 0.00014685 0.0001359 0.00016 0.0002271 0.00020555 0.00019775 0.00020455 0.0002334 0.0001816 0.0001465 0.0001464 0.00020335 0.0001878 0.00014675 0.00017745 0.00015755 0.00018125 0.0002233 0.00015785 0.0001938 0.0001923 0.0001467 0.0001713
36 0.00018395 0.0001951 0.000195 0.0001947 0.00016815 0.000185 0.0002214 0.00019465 0.00017455 0.00015765 0.00015305 0.0001585 0.00019415 0.0001692 0.0001788 0.00019485 0.0001579 0.00016215 0.00020505 0.00021075 0.0001891 0.00017465 0.00018965 0.00019435 0.00019585 0.0002217 0.00022165 0.00015195 0.00015805 0.00023125 0.000258 0.0001628 0.00016865 0.0001737 0.00023165 0.00022065 0.0002825 0.0001832 0.00023235 0.0001782 0.0001736 0.00020465 0.00022115 0.0001954 0.0001954 0.000158 0.00019425 0.0001846 0.0001892 0.0002218 0.00018375 0.00019535 0.00015735 0.0001945 0.00019435 0.00021025 0.00016775 0.0001418 0.00019515 0.00015845 0.00022115 0.00021535 0.0001849 0.000158 0.0002327 0.00018385 0.00015795 0.00019455 0.00024685 0.00018275 0.0002102 0.00024715 0.00017285 0.000215 0.00021205 0.00021545 0.00015745 0.00019535 0.00023085 0.00021055 0.0002102 0.0002056 0.00021105 0.0002102 0.0001839 0.0001742 0.00022635 0.00019625 0.0002217 0.0001945 0.0001943 0.00018415 0.0002318
37 0.0001814 0.00017825 0.00024455 0.00019395 7.385e-05 8.135e-05 0.00029925 0.00019495 0.0001901 0.00018245 7.485e-05 0.0001908 0.0003025 0.00019455 0.0002873 0.0001941 0.00018315 7.635e-05 9.51e-05 0.0003019 0.00018125 0.00018995 0.0002816 7.255e-05 0.0002874 0.0003127 0.0001919 7.605e-05 7.72e-05 0.00020735 0.0003111 0.00018285 9.575e-05 0.00029005 0.00020735 0.00019305 0.0001832 0.0001451 0.0002962 8.805e-05 0.00029015 8.655e-05 0.0001904 0.0002991 0.0002991 0.00018225 0.00019535 0.00028695 0.0001376 0.0003128 0.00018165 9.54e-05 0.00018255 0.0001948 7.255e-05 0.00030185 0.00018315 0.0001828 0.000195 8.275e-05 0.00029925 0.0003017 0.000287 0.0001837 0.00019055 0.0001812 0.00018215 0.00019485 0.0003134 0.0001801 0.0003017 0.00031375 0.00028875 0.0001006 0.0002961 0.00019235 0.0001828 0.00015645 0.0002069 0.0003013 0.00030175 0.0002061 0.00020155 0.0003018 0.00018115 0.00029035 0.0002992 0.0001995 0.0003127 0.0001937 0.00019535 0.00018155 0.0002564
38 0.0002277 0.00016735 0.00020655 0.0002272 0.00029575 0.00028135 9.95e-05 0.00022785 0.0002135 0.00022775 0.000297 0.00021805 0.00016355 0.00021725 0.00016525 0.00022735 0.0002286 0.0002917 0.0002787 0.0001591 0.0002276 0.00021335 0.0001126 0.0002955 0.00011765 0.0001481 0.0001676 0.0002943 0.00029165 0.0002266 9.88e-05 0.000228 0.0003153 0.0001598 0.000227 0.00022685 0.00023235 0.0002962 7.82e-05 0.00029555 0.0001599 0.00029495 0.0001853 0.00015145 0.00015145 0.00022805 0.00022715 9.945e-05 0.0002724 0.0001482 0.00022385 0.00028085 0.00022785 0.0002277 0.0002955 0.00015905 0.0002257 0.00023245 0.000228 0.00028185 9.95e-05 0.0001589 9.94e-05 0.0002282 0.000185 0.00022755 0.00022795 0.00022775 0.0001581 0.0002275 0.00015895 0.0001584 0.00015375 0.00029445 0.00010695 0.0001654 0.00022825 0.0002202 0.0002262 0.0001593 0.00015895 0.0002161 0.00021245 0.000159 0.0002233 0.0001601 9.945e-05 0.00020565 0.0001481 0.000227 0.00022715 0.00022785 0.00020585
