 slim_337517240 slim_337517178 slim_337517200 slim_337517095 slim_337517081 slim_337517001 slim_337517234 slim_337517086 slim_337517065 slim_337517246 slim_337517191 slim_337517205 slim_337517228 slim_337517126 slim_337516693 slim_337517128 slim_337517159 slim_337517224 slim_337517123 slim_337517245 slim_337517241 slim_337517217 slim_337517189 slim_337517096 slim_337517135 slim_337516969 slim_337517151 slim_337517230 slim_337517173 slim_337517226 slim_337517199 slim_337517076 slim_337517164 slim_337517232 slim_337516895 slim_337517084 slim_337517216 slim_337517141 slim_337517088 slim_337517242 slim_337516913 slim_337516967 slim_337517158 slim_337517098 slim_337517201 slim_337517209 slim_337517227 slim_337517214 slim_337517016 slim_337517248 slim_337517203 slim_337517114 slim_337517251 slim_337517218 slim_337517212 slim_337517187 slim_337517247 slim_337517100 slim_337517222 slim_337517063 slim_337517243 slim_337517193 slim_337517207 slim_337517175 slim_337517213 slim_337516991 slim_337517146 slim_337517004 slim_337517152 slim_337517107 slim_337517235 slim_337517174 slim_337517183 slim_337517064 slim_337517162 slim_337516916 slim_337517069 slim_337517042 slim_337516933 slim_337517170 slim_337516863 slim_337517225 slim_337517249 slim_337517129 slim_337517103 slim_337517208 slim_337517091 slim_337517165 slim_337517082 slim_337517085 slim_337517215 slim_337517190 slim_337517034 slim_337517122 slim_337517177 slim_337517221 slim_337517202 slim_337517161 slim_337517002 slim_337517176
0 7.3e-06 3.16e-05 1.735e-05 4.35e-06 8.01e-05 8.04e-05 0.0002207 4.5e-06 3.75e-06 1.47e-05 0.00014265 4.45e-06 4.8e-06 6.525e-05 4.05e-06 4.05e-06 3.74e-05 4.85e-06 0.000175 2.085e-05 3.24e-05 8.2e-06 4.15e-06 3.85e-06 2.125e-05 0.00021765 4.2e-06 5.5e-06 6.09e-05 8.45e-06 4.4e-06 3.75e-05 5.35e-06 2.905e-05 1.49e-05 4.15e-06 8.025e-05 3.72e-05 5.295e-05 0.00014175 6.065e-05 4.55e-06 4.155e-05 6.135e-05 6.12e-05 4.55e-06 8.95e-06 4.5e-06 8.55e-06 5.85e-06 2.045e-05 4.805e-05 5.1e-06 4.18e-05 1.465e-05 5.39e-05 1.78e-05 3.9e-06 8.8e-06 0.00015215 8.045e-05 3.21e-05 8.5e-06 0.000142 4.45e-06 4.35e-06 8.75e-06 2.055e-05 8.05e-05 4.15e-05 7.985e-05 4.65e-06 3.76e-05 3.725e-05 8.9e-06 8.35e-06 5.405e-05 6.125e-05 3.95e-06 8.45e-05 3.74e-05 4.3e-06 1.5e-05 6.11e-05 4.75e-06 4.65e-06 7.98e-05 3.16e-05 5.845e-05 3.105e-05 7.895e-05 0.0001522 3.17e-05 6.085e-05 4.55e-06 4.05e-06 6.455e-05 2.075e-05 4.55e-06 1.445e-05
1 3.16e-05 5.8e-05 4.505e-05 3.11e-05 0.0001061 0.00010555 0.00023505 3.075e-05 2.95e-05 4.055e-05 0.00015675 3.01e-05 2.985e-05 6.78e-05 2.98e-05 3.15e-05 4.205e-05 3.11e-05 0.0001672 4.87e-05 3.065e-05 3.61e-05 3.165e-05 2.98e-05 4.755e-05 0.00023205 3e-05 3.12e-05 6.34e-05 3.475e-05 3.26e-05 4.105e-05 3.045e-05 4.52e-05 4.135e-05 2.995e-05 0.00010595 4.09e-05 7.86e-05 0.00015615 6.51e-05 2.955e-05 4.495e-05 6.455e-05 6.355e-05 3.08e-05 3.525e-05 2.95e-05 3.42e-05 3.285e-05 4.715e-05 4.73e-05 3.14e-05 4.005e-05 4.05e-05 5.825e-05 4.355e-05 3.145e-05 3.385e-05 0.00016665 0.0001056 3.03e-05 3.46e-05 0.0001565 3.21e-05 2.975e-05 3.56e-05 4.61e-05 0.00010565 4.58e-05 0.0001056 3.005e-05 4.04e-05 4.065e-05 3.43e-05 3.41e-05 5.885e-05 6.445e-05 3.15e-05 0.00011025 4.115e-05 2.99e-05 4.025e-05 6.365e-05 2.97e-05 3.025e-05 0.0001058 2.98e-05 2.91e-05 2.94e-05 0.00010525 0.0001667 3.05e-05 6.335e-05 3.1e-05 2.96e-05 4.08e-05 4.7e-05 3.015e-05 4.05e-05
2 1.735e-05 4.505e-05 3.35e-05 1.79e-05 8.015e-05 8.045e-05 0.0002072 1.795e-05 1.735e-05 2.815e-05 0.00014265 1.77e-05 1.81e-05 7.865e-05 1.77e-05 1.735e-05 5.065e-05 1.825e-05 0.00017475 3.415e-05 4.59e-05 2.13e-05 1.745e-05 1.76e-05 3.47e-05 0.00020415 1.79e-05 1.88e-05 7.435e-05 2.165e-05 1.755e-05 5.09e-05 1.89e-05 4.21e-05 2.82e-05 1.76e-05 8.035e-05 5.04e-05 5.89e-05 0.00014175 7.39e-05 1.805e-05 5.5e-05 7.465e-05 7.465e-05 1.8e-05 2.235e-05 1.8e-05 2.21e-05 1.91e-05 3.395e-05 6.15e-05 1.84e-05 5.51e-05 2.765e-05 6.73e-05 1.745e-05 1.715e-05 2.225e-05 0.00015195 8.05e-05 4.56e-05 2.185e-05 0.00014195 1.785e-05 1.785e-05 2.205e-05 3.415e-05 8.055e-05 5.455e-05 8e-05 1.815e-05 5.11e-05 5.045e-05 2.22e-05 2.185e-05 6.72e-05 7.465e-05 1.735e-05 8.45e-05 5.04e-05 1.79e-05 2.835e-05 7.465e-05 1.825e-05 1.825e-05 7.985e-05 4.49e-05 7.185e-05 4.47e-05 7.89e-05 0.000152 4.51e-05 7.43e-05 1.825e-05 1.755e-05 7.77e-05 3.425e-05 1.8e-05 2.8e-05
3 4.35e-06 3.11e-05 1.79e-05 6.3e-06 7.99e-05 8.005e-05 0.00022075 3.9e-06 3.45e-06 1.425e-05 0.0001426 3.95e-06 4.3e-06 6.495e-05 3.45e-06 4.35e-06 3.715e-05 4.8e-06 0.00017525 2.135e-05 3.2e-05 8.9e-06 4.5e-06 3.75e-06 2.06e-05 0.00021765 3.95e-06 5.1e-06 6.06e-05 8.4e-06 5.25e-06 3.73e-05 4.85e-06 2.915e-05 1.46e-05 3.65e-06 7.98e-05 3.71e-05 5.265e-05 0.0001418 6.11e-05 4.1e-06 4.135e-05 6.155e-05 6.085e-05 3.95e-06 8.35e-06 4.05e-06 8e-06 5.65e-06 1.95e-05 4.74e-05 5.15e-06 4.165e-05 1.46e-05 5.34e-05 1.745e-05 4.3e-06 8.35e-06 0.00015235 8.01e-05 3.16e-05 8.25e-06 0.00014195 3.45e-06 3.9e-06 8.35e-06 1.985e-05 8.015e-05 4.16e-05 7.935e-05 4.2e-06 3.735e-05 3.71e-05 8.8e-06 8.1e-06 5.375e-05 6.075e-05 4.15e-06 8.42e-05 3.725e-05 3.55e-06 1.485e-05 6.065e-05 4.3e-06 4.1e-06 7.955e-05 3.11e-05 5.795e-05 3.075e-05 7.85e-05 0.0001524 3.105e-05 6.055e-05 4.3e-06 3.65e-06 6.44e-05 2e-05 4.1e-06 1.45e-05
4 8.01e-05 0.0001061 8.015e-05 7.99e-05 0.000155 7.82e-05 0.0001446 7.97e-05 7.805e-05 8.81e-05 0.0001419 7.865e-05 7.865e-05 0.00014015 7.83e-05 8.005e-05 0.0001132 7.855e-05 0.0001746 9.01e-05 0.00010735 8.495e-05 8.02e-05 7.835e-05 9.665e-05 0.0001408 7.855e-05 7.985e-05 0.00013525 8.29e-05 8.01e-05 0.0001118 8.025e-05 0.00010265 8.935e-05 7.86e-05 7.805e-05 0.00011005 7.83e-05 0.0001413 0.0001369 7.86e-05 0.0001157 0.00013535 0.00013545 7.975e-05 8.47e-05 7.855e-05 8.32e-05 8.21e-05 7.99e-05 0.00012395 7.93e-05 0.0001157 8.82e-05 0.0001297 7.86e-05 8.005e-05 8.34e-05 0.00015085 7.825e-05 0.00010755 8.29e-05 0.0001409 8.135e-05 7.84e-05 8.425e-05 7.845e-05 7.83e-05 0.00011465 7.83e-05 7.87e-05 0.0001111 0.00011095 8.365e-05 8.32e-05 0.00012825 0.00013665 7.995e-05 8.295e-05 0.00011005 7.84e-05 8.835e-05 0.0001354 7.88e-05 7.875e-05 7.78e-05 0.00010595 0.0001335 0.00010585 8.005e-05 0.0001509 0.00010735 0.0001352 7.99e-05 7.82e-05 0.00013785 7.98e-05 7.91e-05 8.81e-05
5 8.04e-05 0.00010555 8.045e-05 8.005e-05 7.82e-05 0.0001542 0.0001447 7.985e-05 7.755e-05 8.755e-05 0.000142 7.815e-05 7.79e-05 0.00014025 7.78e-05 8.035e-05 0.0001138 7.91e-05 0.0001747 9.15e-05 0.0001074 8.545e-05 8.05e-05 7.785e-05 9.655e-05 0.0001405 7.805e-05 7.99e-05 0.00013515 8.255e-05 8.145e-05 0.00011175 7.945e-05 0.0001027 8.945e-05 7.81e-05 7.76e-05 0.00011005 7.78e-05 0.00014095 0.0001376 7.765e-05 0.00011555 0.0001363 0.0001353 7.99e-05 8.505e-05 7.74e-05 8.29e-05 8.245e-05 8.005e-05 0.0001245 7.96e-05 0.00011555 8.765e-05 0.0001303 7.81e-05 8.035e-05 8.265e-05 0.00015045 7.715e-05 0.00010775 8.255e-05 0.00014165 8.215e-05 7.785e-05 8.455e-05 7.795e-05 7.72e-05 0.0001148 7.78e-05 7.815e-05 0.00011015 0.0001106 8.27e-05 8.29e-05 0.0001289 0.0001372 8.025e-05 8.27e-05 0.00011045 7.79e-05 8.715e-05 0.0001353 7.785e-05 7.825e-05 7.845e-05 0.00010625 0.0001338 0.00010575 8.03e-05 0.0001505 0.0001079 0.0001351 8e-05 7.77e-05 0.00013825 7.995e-05 7.835e-05 8.755e-05
6 0.0002207 0.00023505 0.0002072 0.00022075 0.0001446 0.0001447 0.0001353 0.0002206 0.0002194 0.0002246 0.0001442 0.00022 0.00021985 0.0002635 0.0002197 0.00022065 0.0002403 0.00021995 0.0001641 0.00021435 0.00023545 0.00022065 0.0002208 0.0002197 0.00023745 6.915e-05 0.0002199 0.00022015 0.0002634 0.0002195 0.0002207 0.0002395 0.00022095 0.0002288 0.00022535 0.0002198 0.0001446 0.00023875 0.00017075 0.0001445 0.0002643 0.00021995 0.00023885 0.0002635 0.0002636 0.00022065 0.0002209 0.0002199 0.0002198 0.0002212 0.0002047 0.0002524 0.00022045 0.00023975 0.0002246 0.00025715 0.00020645 0.0002206 0.00022005 0.00014915 0.00014475 0.00023585 0.00021965 0.00014465 0.0002216 0.00021975 0.00022055 0.00020385 0.0001448 0.00023875 0.0001443 0.00022005 0.00023905 0.00023885 0.0002201 0.00021975 0.0002564 0.00026435 0.0002206 0.0001446 0.0002386 0.0002198 0.0002248 0.0002636 0.00022015 0.00022015 0.00014435 0.0002348 0.00025005 0.0002348 0.0001467 0.0001492 0.00023585 0.00026335 0.0002208 0.00021955 0.00025415 0.0002047 0.00022025 0.00022455
7 4.5e-06 3.075e-05 1.795e-05 3.9e-06 7.97e-05 7.985e-05 0.0002206 5.7e-06 3.2e-06 1.435e-05 0.00014235 3.8e-06 4e-06 6.5e-05 3.5e-06 4.45e-06 3.72e-05 4.65e-06 0.0001753 2.145e-05 3.175e-05 9.1e-06 4.55e-06 3.45e-06 2.065e-05 0.00021785 3.65e-06 4.85e-06 6.03e-05 8.35e-06 5.35e-06 3.715e-05 4.6e-06 2.93e-05 1.385e-05 3.7e-06 7.975e-05 3.655e-05 5.23e-05 0.00014185 6.145e-05 3.75e-06 4.12e-05 6.15e-05 6.08e-05 2.9e-06 7.65e-06 3.5e-06 8e-06 5.3e-06 1.995e-05 4.745e-05 5.25e-06 4.13e-05 1.425e-05 5.34e-05 1.725e-05 4.35e-06 8.15e-06 0.00015245 7.99e-05 3.13e-05 8.4e-06 0.00014205 3.8e-06 3.35e-06 8.1e-06 1.985e-05 7.995e-05 4.175e-05 7.94e-05 3.85e-06 3.71e-05 3.68e-05 8.6e-06 7.85e-06 5.38e-05 6.02e-05 4.45e-06 8.41e-05 3.695e-05 3.4e-06 1.455e-05 6.08e-05 3.95e-06 3.95e-06 7.94e-05 3.08e-05 5.755e-05 3.045e-05 7.78e-05 0.0001525 3.03e-05 6.04e-05 4e-06 3.2e-06 6.405e-05 1.935e-05 4.15e-06 1.425e-05
8 3.75e-06 2.95e-05 1.735e-05 3.45e-06 7.805e-05 7.755e-05 0.0002194 3.2e-06 8e-07 1.18e-05 0.0001409 1.15e-06 2.05e-06 6.435e-05 7.5e-07 3.95e-06 3.84e-05 2.85e-06 0.0001747 2.165e-05 3.085e-05 9.45e-06 4.05e-06 5.5e-07 2.03e-05 0.0002158 9.5e-07 3.35e-06 5.9e-05 6.3e-06 5.55e-06 3.615e-05 3.5e-06 2.76e-05 1.4e-05 1.3e-06 7.735e-05 3.495e-05 4.98e-05 0.0001395 6.19e-05 1.35e-06 3.985e-05 6.07e-05 5.935e-05 3.25e-06 8.65e-06 1.3e-06 6.3e-06 6.25e-06 1.955e-05 4.81e-05 3.65e-06 4e-05 1.17e-05 5.455e-05 1.465e-05 3.9e-06 6.6e-06 0.0001503 7.76e-05 3.13e-05 6.2e-06 0.0001406 5.75e-06 1.15e-06 8.4e-06 1.73e-05 7.765e-05 4.02e-05 7.685e-05 1.45e-06 3.495e-05 3.45e-05 7.05e-06 6.05e-06 5.405e-05 6.13e-05 3.85e-06 8.26e-05 3.56e-05 1.05e-06 1.215e-05 5.92e-05 1.55e-06 1.4e-06 7.765e-05 2.985e-05 5.74e-05 2.89e-05 7.815e-05 0.00015035 3.15e-05 5.895e-05 3.15e-06 8e-07 6.34e-05 1.945e-05 1.85e-06 1.155e-05
9 1.47e-05 4.055e-05 2.815e-05 1.425e-05 8.81e-05 8.755e-05 0.0002246 1.435e-05 1.18e-05 2.3e-05 0.0001471 1.235e-05 1.315e-05 6.615e-05 1.18e-05 1.47e-05 3.935e-05 1.335e-05 0.00017075 2.97e-05 4.195e-05 1.99e-05 1.485e-05 1.21e-05 3.135e-05 0.00022095 1.23e-05 1.45e-05 6.09e-05 1.69e-05 1.58e-05 3.7e-05 1.455e-05 2.815e-05 1.435e-05 1.24e-05 8.73e-05 3.59e-05 6.085e-05 0.00014595 6.34e-05 1.245e-05 4.09e-05 6.205e-05 6.115e-05 1.44e-05 1.97e-05 1.24e-05 1.725e-05 1.705e-05 3.04e-05 5.92e-05 1.42e-05 4.015e-05 1.195e-05 5.585e-05 2.57e-05 1.47e-05 1.76e-05 0.00014545 8.76e-05 4.24e-05 1.695e-05 0.0001468 1.685e-05 1.225e-05 1.915e-05 2.805e-05 8.765e-05 4.075e-05 8.675e-05 1.255e-05 3.6e-05 3.58e-05 1.78e-05 1.735e-05 5.495e-05 6.315e-05 1.45e-05 9.26e-05 3.655e-05 1.19e-05 1.225e-05 6.095e-05 1.265e-05 1.245e-05 8.765e-05 4.1e-05 6.85e-05 4.02e-05 8.85e-05 0.0001456 4.26e-05 6.085e-05 1.445e-05 1.2e-05 6.43e-05 3.03e-05 1.295e-05 1.18e-05
10 0.00014265 0.00015675 0.00014265 0.0001426 0.0001419 0.000142 0.0001442 0.00014235 0.0001409 0.0001471 0.0002793 0.0001414 0.0001414 0.00018875 0.0001412 0.0001426 0.00016325 0.0001418 0.0001618 0.00014265 0.0001558 0.00014605 0.0001427 0.00014115 0.0001591 0.0001415 0.00014135 0.0001404 0.0001855 0.0001412 0.00014295 0.0001622 0.00014285 0.00015135 0.0001481 0.0001414 0.00014195 0.00016115 0.0001411 0.000141 0.0001869 0.0001414 0.0001636 0.00018595 0.00018575 0.0001424 0.0001457 0.00014135 0.00014445 0.00014325 0.0001426 0.0001742 0.00014205 0.0001624 0.00014705 0.0001796 0.0001415 0.00014255 0.00014455 0.00014665 0.00014205 0.00015795 0.00014125 0.0001412 0.0001438 0.0001412 0.00014245 0.0001415 0.0001421 0.0001613 0.0001414 0.0001415 0.0001607 0.0001605 0.00014505 0.0001443 0.000179 0.0001868 0.0001426 0.00014505 0.0001611 0.0001413 0.00014725 0.00018565 0.0001416 0.0001415 0.00014155 0.0001565 0.00017195 0.0001565 0.0001427 0.0001467 0.00015785 0.00018545 0.00014265 0.00014095 0.0001768 0.0001426 0.0001415 0.000147
11 4.45e-06 3.01e-05 1.77e-05 3.95e-06 7.865e-05 7.815e-05 0.00022 3.8e-06 1.15e-06 1.235e-05 0.0001414 2.1e-06 2.55e-06 6.475e-05 1.4e-06 4.55e-06 3.895e-05 3.4e-06 0.00017525 2.225e-05 3.135e-05 1e-05 4.65e-06 1.4e-06 2.09e-05 0.00021635 1.7e-06 3.7e-06 5.96e-05 6.9e-06 6.15e-06 3.665e-05 4.1e-06 2.805e-05 1.46e-05 1.9e-06 7.785e-05 3.545e-05 5.045e-05 0.0001402 6.245e-05 2e-06 4.03e-05 6.13e-05 5.995e-05 3.85e-06 9.05e-06 1.95e-06 6.45e-06 6.8e-06 2.005e-05 4.87e-05 4.25e-06 4.06e-05 1.21e-05 5.51e-05 1.495e-05 4.4e-06 7.05e-06 0.0001509 7.82e-05 3.185e-05 6.8e-06 0.0001412 6.3e-06 1.8e-06 8.95e-06 1.775e-05 7.825e-05 4.065e-05 7.69e-05 2.1e-06 3.56e-05 3.495e-05 7.65e-06 6.6e-06 5.45e-05 6.185e-05 4.35e-06 8.3e-05 3.595e-05 1.6e-06 1.28e-05 5.935e-05 2.2e-06 1.6e-06 7.82e-05 3.035e-05 5.795e-05 2.96e-05 7.875e-05 0.00015095 3.205e-05 5.955e-05 3.85e-06 1.45e-06 6.385e-05 1.995e-05 2.45e-06 1.23e-05
12 4.8e-06 2.985e-05 1.81e-05 4.3e-06 7.865e-05 7.79e-05 0.00021985 4e-06 2.05e-06 1.315e-05 0.0001414 2.55e-06 3.2e-06 6.49e-05 2.35e-06 4.7e-06 3.87e-05 3.7e-06 0.00017525 2.19e-05 3.16e-05 9.85e-06 4.85e-06 2.35e-06 2.07e-05 0.0002166 2.6e-06 3.5e-06 5.995e-05 7.4e-06 5.8e-06 3.71e-05 3.75e-06 2.775e-05 1.46e-05 2.55e-06 7.85e-05 3.56e-05 5.12e-05 0.0001407 6.225e-05 2.15e-06 4.06e-05 6.11e-05 6.01e-05 4.05e-06 9.05e-06 1.9e-06 7.35e-06 6.65e-06 2.035e-05 4.85e-05 4.05e-06 4.085e-05 1.295e-05 5.485e-05 1.6e-05 4.6e-06 7e-06 0.00015125 7.795e-05 3.185e-05 7.25e-06 0.0001411 5.95e-06 2.35e-06 8.9e-06 1.87e-05 7.8e-05 4.055e-05 7.82e-05 2.65e-06 3.535e-05 3.56e-05 7.25e-06 7.2e-06 5.41e-05 6.165e-05 4.7e-06 8.335e-05 3.525e-05 2.5e-06 1.265e-05 6.02e-05 2.35e-06 2.85e-06 7.84e-05 2.98e-05 5.79e-05 3.01e-05 7.835e-05 0.0001513 3.185e-05 5.99e-05 4.2e-06 2.2e-06 6.36e-05 2.025e-05 2.8e-06 1.31e-05
13 6.525e-05 6.78e-05 7.865e-05 6.495e-05 0.00014015 0.00014025 0.0002635 6.5e-05 6.435e-05 6.615e-05 0.00018875 6.475e-05 6.49e-05 0.0001239 6.465e-05 6.515e-05 6.575e-05 6.555e-05 0.00019025 7.955e-05 6.715e-05 6.445e-05 6.53e-05 6.465e-05 6.525e-05 0.00026465 6.485e-05 6.41e-05 6.33e-05 6.88e-05 6.585e-05 6.575e-05 6.52e-05 6.96e-05 6.635e-05 6.44e-05 0.0001402 6.6e-05 0.00011345 0.00018935 6.38e-05 6.485e-05 6.42e-05 6.405e-05 6.35e-05 6.505e-05 6.39e-05 6.48e-05 6.335e-05 6.475e-05 8.1e-05 6.81e-05 6.555e-05 6.91e-05 6.605e-05 6.555e-05 7.835e-05 6.505e-05 6.355e-05 0.0001906 0.0001403 6.795e-05 6.865e-05 0.0001895 6.505e-05 6.465e-05 6.905e-05 8.095e-05 0.00014035 7.01e-05 0.0001398 6.495e-05 6.58e-05 6.555e-05 6.43e-05 6.325e-05 6.655e-05 6.375e-05 6.515e-05 0.0001388 6.6e-05 6.475e-05 6.63e-05 6.34e-05 6.505e-05 6.495e-05 0.00013995 6.775e-05 7.065e-05 6.76e-05 0.00013935 0.00019065 6.81e-05 6.325e-05 6.53e-05 6.445e-05 6.925e-05 8.125e-05 6.47e-05 6.61e-05
14 4.05e-06 2.98e-05 1.77e-05 3.45e-06 7.83e-05 7.78e-05 0.0002197 3.5e-06 7.5e-07 1.18e-05 0.0001412 1.4e-06 2.35e-06 6.465e-05 1.4e-06 4.25e-06 3.87e-05 3.05e-06 0.000175 2.195e-05 3.115e-05 9.75e-06 4.35e-06 8e-07 2.06e-05 0.00021605 1.25e-06 3.65e-06 5.93e-05 6.6e-06 5.85e-06 3.635e-05 3.8e-06 2.79e-05 1.43e-05 1.6e-06 7.75e-05 3.525e-05 5.01e-05 0.00013975 6.22e-05 1.65e-06 4.015e-05 6.1e-05 5.965e-05 3.55e-06 8.95e-06 1.6e-06 6.5e-06 6.55e-06 1.975e-05 4.84e-05 3.95e-06 4.03e-05 1.205e-05 5.485e-05 1.49e-05 4.2e-06 6.9e-06 0.0001506 7.785e-05 3.16e-05 6.5e-06 0.0001409 6.05e-06 1.45e-06 8.7e-06 1.74e-05 7.79e-05 4.05e-05 7.695e-05 1.75e-06 3.525e-05 3.485e-05 7.35e-06 6.3e-06 5.435e-05 6.16e-05 4.05e-06 8.285e-05 3.59e-05 1.05e-06 1.245e-05 5.94e-05 1.85e-06 1.6e-06 7.785e-05 3.015e-05 5.77e-05 2.92e-05 7.845e-05 0.00015065 3.18e-05 5.925e-05 3.45e-06 1.1e-06 6.37e-05 1.965e-05 2.15e-06 1.185e-05
15 4.05e-06 3.15e-05 1.735e-05 4.35e-06 8.005e-05 8.035e-05 0.00022065 4.45e-06 3.95e-06 1.47e-05 0.0001426 4.55e-06 4.7e-06 6.515e-05 4.25e-06 7.1e-06 3.73e-05 4.8e-06 0.0001749 2.075e-05 3.235e-05 8.1e-06 4.1e-06 4.25e-06 2.1e-05 0.0002176 4.45e-06 5.45e-06 6.085e-05 8.45e-06 4.3e-06 3.75e-05 5.35e-06 2.9e-05 1.48e-05 3.65e-06 8.025e-05 3.715e-05 5.27e-05 0.00014185 6.055e-05 4.5e-06 4.15e-05 6.125e-05 6.11e-05 4.5e-06 8.85e-06 4.45e-06 8.55e-06 5.75e-06 2.04e-05 4.795e-05 5e-06 4.17e-05 1.465e-05 5.38e-05 1.785e-05 3.9e-06 8.7e-06 0.00015205 8.04e-05 3.21e-05 8.05e-06 0.0001419 4.35e-06 4.3e-06 8.7e-06 2.055e-05 8.045e-05 4.145e-05 7.99e-05 4.6e-06 3.755e-05 3.73e-05 8.8e-06 8.45e-06 5.395e-05 6.115e-05 3.95e-06 8.445e-05 3.73e-05 4.35e-06 1.49e-05 6.11e-05 4.7e-06 4.7e-06 7.975e-05 3.15e-05 5.835e-05 3.125e-05 7.885e-05 0.0001521 3.16e-05 6.08e-05 4.8e-06 4.05e-06 6.445e-05 2.07e-05 4.5e-06 1.465e-05
16 3.74e-05 4.205e-05 5.065e-05 3.715e-05 0.0001132 0.0001138 0.0002403 3.72e-05 3.84e-05 3.935e-05 0.00016325 3.895e-05 3.87e-05 6.575e-05 3.87e-05 3.73e-05 7e-05 3.875e-05 0.0001613 5.11e-05 4.245e-05 4.055e-05 3.745e-05 3.87e-05 5.395e-05 0.000238 3.89e-05 3.89e-05 6.24e-05 4.245e-05 3.715e-05 3.7e-05 3.75e-05 4.235e-05 3.77e-05 3.845e-05 0.00011375 3.895e-05 8.735e-05 0.0001632 6.1e-05 3.89e-05 4.235e-05 6.23e-05 6.26e-05 3.725e-05 4.065e-05 3.885e-05 4.205e-05 3.765e-05 5.305e-05 5.705e-05 3.88e-05 4.25e-05 3.925e-05 5.185e-05 5.225e-05 3.72e-05 4.215e-05 0.0001636 0.00011385 4.045e-05 4.245e-05 0.00016285 3.545e-05 3.87e-05 4.1e-05 5.485e-05 0.0001139 4.28e-05 0.0001135 3.9e-05 3.93e-05 3.905e-05 4.23e-05 4.195e-05 5.415e-05 6.1e-05 3.73e-05 0.000117 3.87e-05 3.88e-05 3.95e-05 6.265e-05 3.91e-05 3.915e-05 0.000113 4.18e-05 4.51e-05 4.185e-05 0.0001108 0.00016365 4.05e-05 6.235e-05 3.775e-05 3.85e-05 4.24e-05 5.33e-05 3.88e-05 3.93e-05
17 4.85e-06 3.11e-05 1.825e-05 4.8e-06 7.855e-05 7.91e-05 0.00021995 4.65e-06 2.85e-06 1.335e-05 0.0001418 3.4e-06 3.7e-06 6.555e-05 3.05e-06 4.8e-06 3.875e-05 5e-06 0.00017505 2.135e-05 3.23e-05 9.7e-06 4.95e-06 3.15e-06 2.165e-05 0.0002167 3.35e-06 4.85e-06 6.055e-05 7.7e-06 4.45e-06 3.715e-05 5.25e-06 2.815e-05 1.485e-05 3.4e-06 7.85e-05 3.605e-05 5.185e-05 0.00014115 6.215e-05 3.45e-06 4.115e-05 6.025e-05 6.08e-05 4.7e-06 9.75e-06 3.4e-06 8.05e-06 7.05e-06 2.055e-05 4.905e-05 3.7e-06 4.115e-05 1.35e-05 5.53e-05 1.635e-05 4.8e-06 8.35e-06 0.0001512 7.915e-05 3.265e-05 7.7e-06 0.00014095 6.45e-06 3.25e-06 9.2e-06 1.855e-05 7.92e-05 4.065e-05 7.84e-05 3.55e-06 3.65e-05 3.63e-05 8.5e-06 8.1e-06 5.44e-05 6.21e-05 4.65e-06 8.39e-05 3.625e-05 3.15e-06 1.37e-05 6.065e-05 3.65e-06 3.5e-06 7.815e-05 3.11e-05 5.86e-05 3.08e-05 7.89e-05 0.00015125 3.245e-05 6.05e-05 4.85e-06 3e-06 6.4e-05 2.045e-05 3.95e-06 1.34e-05
18 0.000175 0.0001672 0.00017475 0.00017525 0.0001746 0.0001747 0.0001641 0.0001753 0.0001747 0.00017075 0.0001618 0.00017525 0.00017525 0.00019025 0.000175 0.0001749 0.0001613 0.00017505 0.0002948 0.0001723 0.0001674 0.0001782 0.00017505 0.000175 0.00019185 0.00016065 0.0001752 0.00017525 0.0001866 0.0001741 0.00017475 0.00016135 0.0001749 0.00016395 0.0001709 0.00017475 0.00017465 0.0001625 0.00017475 0.00016125 0.0001865 0.0001752 0.0001655 0.0001865 0.0001868 0.00017535 0.00017905 0.00017515 0.00017865 0.0001758 0.0001751 0.0001838 0.0001749 0.00016275 0.00017065 0.00017815 0.00017505 0.0001748 0.00017875 0.0001569 0.00017475 0.0001667 0.00017425 0.0001614 0.00017535 0.000175 0.0001746 0.0001751 0.0001748 0.00016185 0.0001743 0.0001753 0.00016215 0.0001619 0.00017865 0.00017855 0.0001793 0.000187 0.0001749 0.0001782 0.0001625 0.0001751 0.0001709 0.00018685 0.0001754 0.00017545 0.0001743 0.0001672 0.0001591 0.000167 0.000175 0.00015695 0.00016745 0.00018655 0.0001756 0.0001748 0.0001548 0.00017535 0.0001749 0.0001707
19 2.085e-05 4.87e-05 3.415e-05 2.135e-05 9.01e-05 9.15e-05 0.00021435 2.145e-05 2.165e-05 2.97e-05 0.00014265 2.225e-05 2.19e-05 7.955e-05 2.195e-05 2.075e-05 5.11e-05 2.135e-05 0.0001723 3.89e-05 4.935e-05 2.455e-05 2.085e-05 2.195e-05 3.81e-05 0.0002117 2.21e-05 2.245e-05 7.555e-05 2.595e-05 1.995e-05 5.2e-05 2.265e-05 4.335e-05 2.905e-05 2.175e-05 9.145e-05 5.16e-05 7.065e-05 0.00014245 7.435e-05 2.215e-05 5.6e-05 7.48e-05 7.575e-05 2.15e-05 2.555e-05 2.21e-05 2.595e-05 2.24e-05 3.74e-05 6.45e-05 2.15e-05 5.625e-05 2.965e-05 6.76e-05 3.555e-05 2.07e-05 2.605e-05 0.00014995 9.155e-05 4.9e-05 2.595e-05 0.0001413 2.065e-05 2.195e-05 2.55e-05 3.825e-05 9.16e-05 5.57e-05 9.115e-05 2.22e-05 5.23e-05 5.21e-05 2.61e-05 2.585e-05 6.77e-05 7.515e-05 2.075e-05 9.535e-05 5.13e-05 2.205e-05 2.985e-05 7.58e-05 2.23e-05 2.235e-05 8.985e-05 4.83e-05 7.515e-05 4.85e-05 9.05e-05 0.00015 4.815e-05 7.55e-05 2.185e-05 2.175e-05 7.845e-05 3.77e-05 2.215e-05 2.965e-05
20 3.24e-05 3.065e-05 4.59e-05 3.2e-05 0.00010735 0.0001074 0.00023545 3.175e-05 3.085e-05 4.195e-05 0.0001558 3.135e-05 3.16e-05 6.715e-05 3.115e-05 3.235e-05 4.245e-05 3.23e-05 0.0001674 4.935e-05 5.9e-05 3.575e-05 3.245e-05 3.11e-05 4.855e-05 0.00023275 3.13e-05 3.055e-05 6.42e-05 3.555e-05 3.325e-05 4.195e-05 3.2e-05 4.585e-05 4.24e-05 3.135e-05 0.00010735 4.2e-05 7.995e-05 0.0001568 6.54e-05 3.135e-05 4.4e-05 6.52e-05 6.445e-05 3.18e-05 3.48e-05 3.13e-05 3.41e-05 3.26e-05 4.805e-05 4.745e-05 3.25e-05 4.12e-05 4.19e-05 5.85e-05 4.495e-05 3.23e-05 3.42e-05 0.00016735 0.00010745 3.105e-05 3.545e-05 0.00015705 3.265e-05 3.115e-05 3.61e-05 4.75e-05 0.0001075 4.64e-05 0.00010685 3.145e-05 4.14e-05 4.12e-05 3.495e-05 3.395e-05 5.935e-05 6.495e-05 3.235e-05 0.00011015 4.22e-05 3.125e-05 4.21e-05 6.435e-05 3.155e-05 3.145e-05 0.00010705 3.05e-05 2.98e-05 3.04e-05 0.00010645 0.0001674 3.12e-05 6.415e-05 3.205e-05 3.09e-05 4.16e-05 4.805e-05 3.14e-05 4.185e-05
21 8.2e-06 3.61e-05 2.13e-05 8.9e-06 8.495e-05 8.545e-05 0.00022065 9.1e-06 9.45e-06 1.99e-05 0.00014605 1e-05 9.85e-06 6.445e-05 9.75e-06 8.1e-06 4.055e-05 9.7e-06 0.0001782 2.455e-05 3.575e-05 1.27e-05 8.25e-06 9.75e-06 2.565e-05 0.00022185 9.95e-06 9.35e-06 6.53e-05 1.305e-05 7.85e-06 4.17e-05 1e-05 3.31e-05 1.91e-05 9.4e-06 8.54e-05 4.19e-05 5.835e-05 0.00014645 6.365e-05 9.95e-06 4.125e-05 6.51e-05 6.55e-05 9.15e-06 8.35e-06 9.9e-06 8.9e-06 7.6e-06 2.495e-05 5.17e-05 9.65e-06 4.605e-05 1.98e-05 5.73e-05 2.315e-05 8e-06 9e-06 0.00015635 8.55e-05 3.595e-05 1.32e-05 0.00014625 7.95e-06 9.75e-06 1.26e-05 2.605e-05 8.555e-05 4.545e-05 8.515e-05 1.005e-05 4.24e-05 4.215e-05 8.4e-06 8.8e-06 5.775e-05 6.475e-05 8.1e-06 8.445e-05 4.175e-05 9.85e-06 2.005e-05 6.555e-05 1.015e-05 1.02e-05 8.475e-05 3.59e-05 6.215e-05 3.59e-05 8.32e-05 0.0001564 3.54e-05 6.525e-05 9.5e-06 9.55e-06 6.835e-05 2.535e-05 9.75e-06 1.985e-05
22 4.15e-06 3.165e-05 1.745e-05 4.5e-06 8.02e-05 8.05e-05 0.0002208 4.55e-06 4.05e-06 1.485e-05 0.0001427 4.65e-06 4.85e-06 6.53e-05 4.35e-06 4.1e-06 3.745e-05 4.95e-06 0.00017505 2.085e-05 3.245e-05 8.25e-06 7.4e-06 4.3e-06 2.13e-05 0.00021775 4e-06 5.55e-06 6.095e-05 8.55e-06 4.45e-06 3.765e-05 5.5e-06 2.915e-05 1.495e-05 4.2e-06 8.04e-05 3.725e-05 5.305e-05 0.00014195 6.07e-05 4.6e-06 4.16e-05 6.14e-05 6.125e-05 4.6e-06 9e-06 4.55e-06 8.7e-06 5.9e-06 2.055e-05 4.81e-05 5.15e-06 4.185e-05 1.475e-05 5.395e-05 1.795e-05 4e-06 8.85e-06 0.0001522 8.055e-05 3.225e-05 8.6e-06 0.000142 4.5e-06 4.4e-06 8.85e-06 2.07e-05 8.06e-05 4.16e-05 8.005e-05 4.2e-06 3.765e-05 3.735e-05 8.95e-06 8.55e-06 5.41e-05 6.13e-05 4.1e-06 8.46e-05 3.745e-05 4.45e-06 1.505e-05 6.125e-05 4.3e-06 4.3e-06 7.99e-05 3.165e-05 5.85e-05 3.135e-05 7.9e-05 0.00015225 3.175e-05 6.09e-05 4.9e-06 4.1e-06 6.46e-05 2.085e-05 4.6e-06 1.475e-05
23 3.85e-06 2.98e-05 1.76e-05 3.75e-06 7.835e-05 7.785e-05 0.0002197 3.45e-06 5.5e-07 1.21e-05 0.00014115 1.4e-06 2.35e-06 6.465e-05 8e-07 4.25e-06 3.87e-05 3.15e-06 0.000175 2.195e-05 3.11e-05 9.75e-06 4.3e-06 6e-07 2.06e-05 0.0002161 1e-06 3.6e-06 5.925e-05 6.55e-06 5.85e-06 3.645e-05 3.8e-06 2.79e-05 1.43e-05 1.6e-06 7.765e-05 3.52e-05 5e-05 0.00013955 6.22e-05 1.6e-06 4.01e-05 6.1e-05 5.965e-05 3.5e-06 8.95e-06 1.55e-06 6.6e-06 6.55e-06 1.985e-05 4.84e-05 3.95e-06 4.03e-05 1.195e-05 5.485e-05 1.49e-05 4.15e-06 6.9e-06 0.0001506 7.79e-05 3.16e-05 6.5e-06 0.0001409 6.05e-06 1.4e-06 8.7e-06 1.76e-05 7.795e-05 4.05e-05 7.715e-05 1.7e-06 3.52e-05 3.47e-05 7.35e-06 6.1e-06 5.435e-05 6.16e-05 4.15e-06 8.29e-05 3.59e-05 1.3e-06 1.245e-05 5.95e-05 1.8e-06 1.65e-06 7.795e-05 3.015e-05 5.77e-05 2.9e-05 7.845e-05 0.00015065 3.18e-05 5.92e-05 3.25e-06 1e-06 6.37e-05 1.975e-05 2.1e-06 1.155e-05
24 2.125e-05 4.755e-05 3.47e-05 2.06e-05 9.665e-05 9.655e-05 0.00023745 2.065e-05 2.03e-05 3.135e-05 0.0001591 2.09e-05 2.07e-05 6.525e-05 2.06e-05 2.1e-05 5.395e-05 2.165e-05 0.00019185 3.81e-05 4.855e-05 2.565e-05 2.13e-05 2.06e-05 3.96e-05 0.0002343 2.08e-05 2.16e-05 6.095e-05 2.505e-05 2.2e-05 5.425e-05 2.14e-05 4.575e-05 3.125e-05 2.03e-05 9.675e-05 5.38e-05 6.925e-05 0.0001584 6.15e-05 2.045e-05 5.785e-05 6.185e-05 6.11e-05 2.07e-05 2.505e-05 2.05e-05 2.49e-05 2.24e-05 3.665e-05 4.735e-05 2.165e-05 5.835e-05 3.13e-05 5.33e-05 3.435e-05 2.11e-05 2.465e-05 0.0001689 9.66e-05 4.845e-05 2.475e-05 0.0001585 2.05e-05 2.055e-05 2.5e-05 3.69e-05 9.665e-05 5.82e-05 9.64e-05 2.085e-05 5.36e-05 5.365e-05 2.52e-05 2.48e-05 5.36e-05 6.11e-05 2.115e-05 0.00010095 5.39e-05 2.07e-05 3.125e-05 6.12e-05 2.075e-05 2.105e-05 9.635e-05 4.78e-05 7.47e-05 4.76e-05 9.52e-05 0.00016895 4.78e-05 6.09e-05 2.115e-05 2.04e-05 8.11e-05 3.69e-05 2.065e-05 3.13e-05
25 0.00021765 0.00023205 0.00020415 0.00021765 0.0001408 0.0001405 6.915e-05 0.00021785 0.0002158 0.00022095 0.0001415 0.00021635 0.0002166 0.00026465 0.00021605 0.0002176 0.000238 0.0002167 0.00016065 0.0002117 0.00023275 0.00022185 0.00021775 0.0002161 0.0002343 0.0001287 0.0002163 0.0002172 0.00026015 0.0002155 0.00021805 0.0002366 0.0002181 0.00022515 0.0002226 0.00021595 0.00014035 0.00023495 0.00016715 0.0001403 0.0002616 0.00021635 0.00023945 0.00026065 0.00026035 0.0002179 0.00022245 0.0002163 0.00022055 0.0002193 0.0002016 0.00024985 0.00021675 0.00023675 0.000221 0.00025475 0.0002028 0.00021755 0.00022075 0.0001451 0.00014055 0.0002336 0.00021565 0.00014085 0.00021925 0.00021615 0.0002174 0.00020015 0.0001406 0.00023455 0.00014055 0.00021645 0.00023525 0.00023505 0.00022075 0.00022055 0.00025305 0.00026195 0.0002175 0.00014485 0.00023515 0.00021615 0.0002212 0.0002603 0.00021655 0.0002165 0.00014105 0.00023215 0.00024765 0.0002318 0.0001443 0.00014515 0.0002337 0.0002601 0.00021805 0.00021595 0.00025095 0.0002019 0.00021615 0.00022095
26 4.2e-06 3e-05 1.79e-05 3.95e-06 7.855e-05 7.805e-05 0.0002199 3.65e-06 9.5e-07 1.23e-05 0.00014135 1.7e-06 2.6e-06 6.485e-05 1.25e-06 4.45e-06 3.89e-05 3.35e-06 0.0001752 2.21e-05 3.13e-05 9.95e-06 4e-06 1e-06 2.08e-05 0.0002163 1.6e-06 3.85e-06 5.945e-05 6.75e-06 6.05e-06 3.665e-05 4e-06 2.81e-05 1.45e-05 1.8e-06 7.785e-05 3.54e-05 5.025e-05 0.00014 6.24e-05 1.8e-06 4.03e-05 6.12e-05 5.985e-05 3.7e-06 9.15e-06 1.75e-06 6.8e-06 6.75e-06 2.005e-05 4.86e-05 4.15e-06 4.05e-05 1.225e-05 5.505e-05 1.52e-05 4.35e-06 7.1e-06 0.0001508 7.81e-05 3.18e-05 6.7e-06 0.00014105 6.25e-06 1.6e-06 8.9e-06 1.78e-05 7.815e-05 4.07e-05 7.735e-05 1.4e-06 3.54e-05 3.5e-05 7.55e-06 6.55e-06 5.455e-05 6.18e-05 4.35e-06 8.31e-05 3.615e-05 1.5e-06 1.265e-05 5.97e-05 1.5e-06 1.35e-06 7.815e-05 3.04e-05 5.79e-05 2.935e-05 7.865e-05 0.00015085 3.2e-05 5.94e-05 3.6e-06 1.2e-06 6.39e-05 1.995e-05 2.3e-06 1.2e-05
27 5.5e-06 3.12e-05 1.88e-05 5.1e-06 7.985e-05 7.99e-05 0.00022015 4.85e-06 3.35e-06 1.45e-05 0.0001404 3.7e-06 3.5e-06 6.41e-05 3.65e-06 5.45e-06 3.89e-05 4.85e-06 0.00017525 2.245e-05 3.055e-05 9.35e-06 5.55e-06 3.6e-06 2.16e-05 0.0002172 3.85e-06 5.3e-06 6.065e-05 8.1e-06 6.35e-06 3.785e-05 5.3e-06 2.825e-05 1.55e-05 3.85e-06 7.985e-05 3.66e-05 5.25e-05 0.00014125 6.24e-05 3.9e-06 3.955e-05 6.165e-05 6.09e-05 4.9e-06 8.4e-06 3.85e-06 7.15e-06 6.2e-06 2.115e-05 4.87e-05 5.05e-06 4.175e-05 1.425e-05 5.49e-05 1.73e-05 5.3e-06 7.25e-06 0.00015185 7.995e-05 3.235e-05 8e-06 0.00014155 6.3e-06 3.7e-06 9.2e-06 2.005e-05 8e-05 4.1e-05 7.94e-05 4e-06 3.645e-05 3.605e-05 8e-06 6.95e-06 5.445e-05 6.195e-05 5.45e-06 8.315e-05 3.615e-05 3.8e-06 1.465e-05 6.08e-05 4.1e-06 4e-06 7.96e-05 3.06e-05 5.835e-05 3.095e-05 7.94e-05 0.0001519 3.23e-05 6.06e-05 5.1e-06 3.45e-06 6.42e-05 2.115e-05 3.95e-06 1.44e-05
28 6.09e-05 6.34e-05 7.435e-05 6.06e-05 0.00013525 0.00013515 0.0002634 6.03e-05 5.9e-05 6.09e-05 0.0001855 5.96e-05 5.995e-05 6.33e-05 5.93e-05 6.085e-05 6.24e-05 6.055e-05 0.0001866 7.555e-05 6.42e-05 6.53e-05 6.095e-05 5.925e-05 6.095e-05 0.00026015 5.945e-05 6.065e-05 0.0001173 6.38e-05 6.185e-05 6.145e-05 6.075e-05 6.52e-05 6.2e-05 5.925e-05 0.00013505 6.095e-05 0.0001081 0.00018465 6.05e-05 5.955e-05 6.495e-05 6.005e-05 5.925e-05 6.03e-05 6.495e-05 5.93e-05 6.365e-05 6.235e-05 7.665e-05 6.455e-05 6.08e-05 6.47e-05 6.08e-05 6.22e-05 7.305e-05 6.075e-05 6.38e-05 0.000186 0.0001352 6.43e-05 6.385e-05 0.0001851 6.165e-05 5.915e-05 6.51e-05 7.565e-05 0.00013525 6.58e-05 0.0001347 5.965e-05 6.1e-05 6.07e-05 6.42e-05 6.35e-05 6.27e-05 6.03e-05 6.085e-05 0.00013925 6.15e-05 5.92e-05 6.11e-05 5.925e-05 5.975e-05 5.975e-05 0.00013495 6.355e-05 6.705e-05 6.31e-05 0.000135 0.00018605 6.45e-05 5.885e-05 6.075e-05 5.9e-05 6.53e-05 7.68e-05 5.96e-05 6.08e-05
29 8.45e-06 3.475e-05 2.165e-05 8.4e-06 8.29e-05 8.255e-05 0.0002195 8.35e-06 6.3e-06 1.69e-05 0.0001412 6.9e-06 7.4e-06 6.88e-05 6.6e-06 8.45e-06 4.245e-05 7.7e-06 0.0001741 2.595e-05 3.555e-05 1.305e-05 8.55e-06 6.55e-06 2.505e-05 0.0002155 6.75e-06 8.1e-06 6.38e-05 1.14e-05 9.3e-06 4.095e-05 8.85e-06 2.68e-05 1.87e-05 6.5e-06 8.24e-05 3.945e-05 5.52e-05 0.00013995 6.575e-05 6.9e-06 4.395e-05 6.49e-05 6.425e-05 8.4e-06 1.345e-05 6.7e-06 1.145e-05 1.035e-05 2.43e-05 5.265e-05 7.75e-06 4.475e-05 1.685e-05 5.905e-05 2.005e-05 8.35e-06 1.165e-05 0.00014995 8.26e-05 3.64e-05 6.3e-06 0.00014065 1.01e-05 6.55e-06 8.2e-06 2.275e-05 8.265e-05 3.94e-05 8.195e-05 7e-06 3.95e-05 3.92e-05 1.17e-05 1.135e-05 5.795e-05 6.595e-05 8.4e-06 8.715e-05 4.01e-05 6.5e-06 1.715e-05 6.42e-05 7.1e-06 7.05e-06 8.25e-05 3.5e-05 6.24e-05 3.44e-05 8.29e-05 0.00015 3.65e-05 6.385e-05 8.7e-06 6.35e-06 6.78e-05 2.46e-05 6.7e-06 1.68e-05
30 4.4e-06 3.26e-05 1.755e-05 5.25e-06 8.01e-05 8.145e-05 0.0002207 5.35e-06 5.55e-06 1.58e-05 0.00014295 6.15e-06 5.8e-06 6.585e-05 5.85e-06 4.3e-06 3.715e-05 4.45e-06 0.00017475 1.995e-05 3.325e-05 7.85e-06 4.45e-06 5.85e-06 2.2e-05 0.00021805 6.05e-06 6.35e-06 6.185e-05 9.3e-06 5.3e-06 3.805e-05 6.55e-06 2.905e-05 1.515e-05 5.65e-06 8.14e-05 3.77e-05 5.44e-05 0.00014275 6.03e-05 6.05e-06 4.225e-05 6.03e-05 6.205e-05 5.4e-06 9.45e-06 6e-06 9.85e-06 6.05e-06 2.115e-05 4.84e-05 4.6e-06 4.235e-05 1.575e-05 5.405e-05 1.93e-05 4.25e-06 9.95e-06 0.00015245 8.15e-05 3.29e-05 9.45e-06 0.00014175 4.55e-06 5.85e-06 9e-06 2.2e-05 8.155e-05 4.14e-05 8.11e-05 6.15e-06 3.855e-05 3.835e-05 9.75e-06 9.75e-06 5.38e-05 6.145e-05 4.3e-06 8.53e-05 3.74e-05 5.95e-06 1.595e-05 6.21e-05 6.25e-06 6.3e-06 7.985e-05 3.22e-05 5.905e-05 3.24e-05 7.91e-05 0.0001525 3.205e-05 6.18e-05 5.75e-06 5.65e-06 6.455e-05 2.145e-05 6.05e-06 1.575e-05
31 3.75e-05 4.105e-05 5.09e-05 3.73e-05 0.0001118 0.00011175 0.0002395 3.715e-05 3.615e-05 3.7e-05 0.0001622 3.665e-05 3.71e-05 6.575e-05 3.635e-05 3.75e-05 3.7e-05 3.715e-05 0.00016135 5.2e-05 4.195e-05 4.17e-05 3.765e-05 3.645e-05 5.425e-05 0.0002366 3.665e-05 3.785e-05 6.145e-05 4.095e-05 3.805e-05 7.17e-05 3.65e-05 4.135e-05 3.77e-05 3.67e-05 0.0001115 3.745e-05 8.52e-05 0.00016175 6.24e-05 3.68e-05 4.15e-05 6.205e-05 6.17e-05 3.72e-05 4.155e-05 3.675e-05 4.065e-05 3.885e-05 5.325e-05 5.835e-05 3.79e-05 4.145e-05 3.715e-05 5.36e-05 5e-05 3.745e-05 4.1e-05 0.00016215 0.0001118 4.05e-05 4.095e-05 0.0001621 3.815e-05 3.66e-05 4.16e-05 5.24e-05 0.00011185 4.195e-05 0.00011105 3.69e-05 3.755e-05 3.73e-05 4.115e-05 4.075e-05 5.505e-05 6.215e-05 3.71e-05 0.00011585 3.77e-05 3.645e-05 3.74e-05 6.15e-05 3.7e-05 3.68e-05 0.00011145 4.12e-05 4.515e-05 4.07e-05 0.00011105 0.0001622 4.155e-05 6.14e-05 3.73e-05 3.635e-05 4.2e-05 5.31e-05 3.72e-05 3.705e-05
32 5.35e-06 3.045e-05 1.89e-05 4.85e-06 8.025e-05 7.945e-05 0.00022095 4.6e-06 3.5e-06 1.455e-05 0.00014285 4.1e-06 3.75e-06 6.52e-05 3.8e-06 5.35e-06 3.75e-05 5.25e-06 0.0001749 2.265e-05 3.2e-05 1e-05 5.5e-06 3.8e-06 2.14e-05 0.0002181 4e-06 5.3e-06 6.075e-05 8.85e-06 6.55e-06 3.65e-05 6.2e-06 2.965e-05 1.52e-05 4.05e-06 7.995e-05 3.725e-05 5.27e-05 0.00014225 6.22e-05 3.65e-06 4.16e-05 6.2e-05 6.09e-05 4.65e-06 9.15e-06 3.45e-06 8.25e-06 6.75e-06 2.095e-05 4.835e-05 5.6e-06 4.145e-05 1.46e-05 5.37e-05 1.76e-05 5.3e-06 8e-06 0.00015275 7.95e-05 3.03e-05 8.7e-06 0.0001427 5.7e-06 3.85e-06 9.45e-06 2.01e-05 7.955e-05 4.215e-05 7.955e-05 4.15e-06 3.685e-05 3.725e-05 8.3e-06 8.25e-06 5.495e-05 6.155e-05 5.15e-06 8.435e-05 3.745e-05 3.9e-06 1.42e-05 6.09e-05 3.85e-06 4.25e-06 7.995e-05 3.105e-05 5.76e-05 3.06e-05 7.905e-05 0.0001528 3.155e-05 6.07e-05 4.7e-06 3.7e-06 6.435e-05 2.08e-05 4.25e-06 1.45e-05
33 2.905e-05 4.52e-05 4.21e-05 2.915e-05 0.00010265 0.0001027 0.0002288 2.93e-05 2.76e-05 2.815e-05 0.00015135 2.805e-05 2.775e-05 6.96e-05 2.79e-05 2.9e-05 4.235e-05 2.815e-05 0.00016395 4.335e-05 4.585e-05 3.31e-05 2.915e-05 2.79e-05 4.575e-05 0.00022515 2.81e-05 2.825e-05 6.52e-05 2.68e-05 2.905e-05 4.135e-05 2.965e-05 5.21e-05 2.94e-05 2.77e-05 0.0001026 3.96e-05 7.645e-05 0.0001507 6.625e-05 2.815e-05 4.42e-05 6.53e-05 6.54e-05 2.935e-05 3.38e-05 2.81e-05 3.23e-05 3.06e-05 4.49e-05 6.27e-05 2.81e-05 4.525e-05 2.8e-05 5.915e-05 4.12e-05 2.885e-05 3.245e-05 0.00015065 0.00010275 4.65e-05 2.71e-05 0.0001509 3.035e-05 2.795e-05 2.85e-05 4.385e-05 0.0001028 3.885e-05 0.0001023 2.825e-05 4.01e-05 3.975e-05 3.24e-05 3.225e-05 5.735e-05 6.665e-05 2.895e-05 0.00010695 3.915e-05 2.8e-05 2.835e-05 6.54e-05 2.835e-05 2.835e-05 0.0001024 4.47e-05 6.215e-05 4.495e-05 0.0001027 0.0001507 4.65e-05 6.515e-05 2.95e-05 2.775e-05 5.695e-05 4.52e-05 2.79e-05 2.81e-05
34 1.49e-05 4.135e-05 2.82e-05 1.46e-05 8.935e-05 8.945e-05 0.00022535 1.385e-05 1.4e-05 1.435e-05 0.0001481 1.46e-05 1.46e-05 6.635e-05 1.43e-05 1.48e-05 3.77e-05 1.485e-05 0.0001709 2.905e-05 4.24e-05 1.91e-05 1.495e-05 1.43e-05 3.125e-05 0.0002226 1.45e-05 1.55e-05 6.2e-05 1.87e-05 1.515e-05 3.77e-05 1.52e-05 2.94e-05 2.7e-05 1.445e-05 8.945e-05 3.73e-05 6.295e-05 0.0001477 6.25e-05 1.445e-05 4.18e-05 6.24e-05 6.215e-05 1.39e-05 1.83e-05 1.44e-05 1.865e-05 1.56e-05 3.05e-05 5.81e-05 1.535e-05 4.125e-05 1.43e-05 5.425e-05 2.79e-05 1.475e-05 1.87e-05 0.0001475 8.95e-05 4.195e-05 1.875e-05 0.0001478 1.445e-05 1.425e-05 1.84e-05 3.045e-05 8.955e-05 4.185e-05 8.91e-05 1.455e-05 3.77e-05 3.755e-05 1.89e-05 1.855e-05 5.425e-05 6.165e-05 1.48e-05 9.37e-05 3.74e-05 1.44e-05 1.445e-05 6.225e-05 1.465e-05 1.475e-05 8.905e-05 4.145e-05 6.82e-05 4.12e-05 8.77e-05 0.00014755 4.095e-05 6.195e-05 1.475e-05 1.41e-05 6.45e-05 2.995e-05 1.485e-05 1.43e-05
35 4.15e-06 2.995e-05 1.76e-05 3.65e-06 7.86e-05 7.81e-05 0.0002198 3.7e-06 1.3e-06 1.24e-05 0.0001414 1.9e-06 2.55e-06 6.44e-05 1.6e-06 3.65e-06 3.845e-05 3.4e-06 0.00017475 2.175e-05 3.135e-05 9.4e-06 4.2e-06 1.6e-06 2.03e-05 0.00021595 1.8e-06 3.85e-06 5.925e-05 6.5e-06 5.65e-06 3.67e-05 4.05e-06 2.77e-05 1.445e-05 1.8e-06 7.795e-05 3.545e-05 5.015e-05 0.00013985 6.17e-05 1.9e-06 4.02e-05 6.09e-05 5.955e-05 3.75e-06 8.95e-06 1.85e-06 6.75e-06 6.3e-06 1.97e-05 4.825e-05 3.75e-06 4.045e-05 1.235e-05 5.465e-05 1.535e-05 4e-06 6.95e-06 0.0001504 7.815e-05 3.18e-05 5.95e-06 0.0001407 5.55e-06 1.7e-06 8.5e-06 1.79e-05 7.82e-05 4.03e-05 7.75e-05 2e-06 3.545e-05 3.515e-05 7.4e-06 6.65e-06 5.415e-05 6.145e-05 4.05e-06 8.3e-05 3.605e-05 1.7e-06 1.265e-05 5.95e-05 2.1e-06 2.05e-06 7.82e-05 3.035e-05 5.78e-05 2.965e-05 7.86e-05 0.00015045 3.19e-05 5.92e-05 3.9e-06 1.4e-06 6.38e-05 1.995e-05 2e-06 1.235e-05
36 8.025e-05 0.00010595 8.035e-05 7.98e-05 7.805e-05 7.76e-05 0.0001446 7.975e-05 7.735e-05 8.73e-05 0.00014195 7.785e-05 7.85e-05 0.0001402 7.75e-05 8.025e-05 0.00011375 7.85e-05 0.00017465 9.145e-05 0.00010735 8.54e-05 8.04e-05 7.765e-05 9.675e-05 0.00014035 7.785e-05 7.985e-05 0.00013505 8.24e-05 8.14e-05 0.0001115 7.995e-05 0.0001026 8.945e-05 7.795e-05 0.0001537 0.00010995 7.765e-05 0.00014085 0.00013755 7.8e-05 0.0001155 0.00013625 0.0001353 7.98e-05 8.5e-05 7.795e-05 8.265e-05 8.24e-05 7.965e-05 0.00012445 7.98e-05 0.0001155 8.755e-05 0.00013025 7.745e-05 8.025e-05 8.305e-05 0.0001504 7.765e-05 0.00010765 8.24e-05 0.0001416 8.21e-05 7.78e-05 8.445e-05 7.7e-05 7.77e-05 0.0001147 7.74e-05 7.81e-05 0.0001107 0.0001105 8.33e-05 8.28e-05 0.00012885 0.00013715 8e-05 8.255e-05 0.0001104 7.76e-05 8.775e-05 0.00013505 7.82e-05 7.795e-05 7.825e-05 0.0001062 0.00013375 0.0001056 8.04e-05 0.00015045 0.00010785 0.000135 7.985e-05 7.755e-05 0.0001382 7.955e-05 7.85e-05 8.74e-05
37 3.72e-05 4.09e-05 5.04e-05 3.71e-05 0.00011005 0.00011005 0.00023875 3.655e-05 3.495e-05 3.59e-05 0.00016115 3.545e-05 3.56e-05 6.6e-05 3.525e-05 3.715e-05 3.895e-05 3.605e-05 0.0001625 5.16e-05 4.2e-05 4.19e-05 3.725e-05 3.52e-05 5.38e-05 0.00023495 3.54e-05 3.66e-05 6.095e-05 3.945e-05 3.77e-05 3.745e-05 3.725e-05 3.96e-05 3.73e-05 3.545e-05 0.00010995 6.92e-05 8.39e-05 0.0001605 6.305e-05 3.55e-05 4.12e-05 6.18e-05 6.145e-05 3.66e-05 4.17e-05 3.525e-05 4.01e-05 3.905e-05 5.3e-05 5.895e-05 3.67e-05 4.125e-05 3.57e-05 5.545e-05 4.875e-05 3.7e-05 4.025e-05 0.0001609 0.0001101 4.235e-05 3.985e-05 0.00016085 3.865e-05 3.51e-05 4.14e-05 5.145e-05 0.00011015 3.955e-05 0.00011015 3.56e-05 3.675e-05 3.635e-05 4.045e-05 3.995e-05 5.33e-05 6.28e-05 3.715e-05 0.00011465 3.49e-05 3.51e-05 3.61e-05 6.145e-05 3.57e-05 3.57e-05 0.0001103 4.075e-05 4.61e-05 4.06e-05 0.00011065 0.00016095 4.23e-05 6.105e-05 3.7e-05 3.495e-05 4.055e-05 5.29e-05 3.595e-05 3.58e-05
38 5.295e-05 7.86e-05 5.89e-05 5.265e-05 7.83e-05 7.78e-05 0.00017075 5.23e-05 4.98e-05 6.085e-05 0.0001411 5.045e-05 5.12e-05 0.00011345 5.01e-05 5.27e-05 8.735e-05 5.185e-05 0.00017475 7.065e-05 7.995e-05 5.835e-05 5.305e-05 5e-05 6.925e-05 0.00016715 5.025e-05 5.25e-05 0.0001081 5.52e-05 5.44e-05 8.52e-05 5.27e-05 7.645e-05 6.295e-05 5.015e-05 7.765e-05 8.39e-05 9.9e-05 0.00013985 0.0001109 5.045e-05 8.89e-05 0.00010965 0.00010845 5.235e-05 5.775e-05 5.04e-05 5.55e-05 5.525e-05 5.805e-05 9.72e-05 5.26e-05 8.895e-05 6.075e-05 0.00010365 5.635e-05 5.29e-05 5.57e-05 0.00015035 7.785e-05 8.05e-05 5.495e-05 0.0001408 5.485e-05 5.025e-05 5.74e-05 5.585e-05 7.79e-05 8.905e-05 7.72e-05 5.055e-05 8.4e-05 8.365e-05 5.605e-05 5.53e-05 0.000103 0.0001104 5.295e-05 8.285e-05 8.46e-05 5.025e-05 6.11e-05 0.0001084 5.065e-05 5.06e-05 7.79e-05 7.9e-05 0.0001065 7.82e-05 7.835e-05 0.0001504 8.06e-05 0.00010805 5.245e-05 4.99e-05 0.00011235 5.795e-05 5.095e-05 6.07e-05
39 0.00014175 0.00015615 0.00014175 0.0001418 0.0001413 0.00014095 0.0001445 0.00014185 0.0001395 0.00014595 0.000141 0.0001402 0.0001407 0.00018935 0.00013975 0.00014185 0.0001632 0.00014115 0.00016125 0.00014245 0.0001568 0.00014645 0.00014195 0.00013955 0.0001584 0.0001403 0.00014 0.00014125 0.00018465 0.00013995 0.00014275 0.00016175 0.00014225 0.0001507 0.0001477 0.00013985 0.00014085 0.0001605 0.00013985 0.0002787 0.0001865 0.00014025 0.00016435 0.00018565 0.00018495 0.0001419 0.00014665 0.0001402 0.0001447 0.0001437 0.0001418 0.00017405 0.00014115 0.0001618 0.00014575 0.0001796 0.00014015 0.00014175 0.00014485 0.00014555 0.000141 0.00015785 0.00014 0.0001404 0.00014345 0.00014005 0.0001419 0.0001403 0.00014105 0.0001606 0.0001404 0.00014035 0.00016005 0.00015965 0.00014505 0.0001443 0.0001788 0.00018665 0.00014185 0.0001454 0.0001609 0.0001401 0.00014615 0.00018495 0.00014045 0.00014045 0.0001409 0.00015635 0.00017185 0.0001557 0.0001426 0.0001456 0.0001579 0.0001846 0.00014195 0.00013975 0.0001767 0.0001421 0.00014005 0.0001457
