 slim_337496017 slim_337495867 slim_337495935 slim_337495889 slim_337496004 slim_337496007 slim_337495963 slim_337495994 slim_337495947 slim_337495934 slim_337496006 slim_337495873 slim_337495734 slim_337495939 slim_337495857 slim_337495864 slim_337495944 slim_337495697 slim_337496000 slim_337495815 slim_337495932 slim_337495779 slim_337495975 slim_337495971 slim_337495736 slim_337495962 slim_337495977 slim_337495913 slim_337496009 slim_337495955 slim_337495969 slim_337495904 slim_337495997 slim_337496008 slim_337495992 slim_337495954 slim_337495820 slim_337495920 slim_337495991 slim_337495986 slim_337495927 slim_337495999 slim_337495888 slim_337495966 slim_337496018 slim_337495943 slim_337496002 slim_337495965 slim_337495885 slim_337495989 slim_337495837 slim_337495786 slim_337495918 slim_337495753 slim_337495882 slim_337495710 slim_337495967 slim_337495929 slim_337495923 slim_337495978 slim_337495735 slim_337495983 slim_337495784 slim_337496014 slim_337495945 slim_337495894 slim_337495979 slim_337495807 slim_337495988 slim_337495953 slim_337496005 slim_337495996 slim_337495749 slim_337495981 slim_337495976 slim_337495860 slim_337495633 slim_337495921 slim_337495770 slim_337495949 slim_337495742 slim_337495906 slim_337495950 slim_337495578 slim_337495883 slim_337495865 slim_337496015 slim_337495951 slim_337495974 slim_337495970 slim_337496011 slim_337495995 slim_337496010 slim_337496003 slim_337495998 slim_337495915 slim_337495890 slim_337495922 slim_337495891 slim_337495762
0 0.0002008 0.0002684 0.00010165 0.00016125 0.00025395 0.0001533 0.0006867 0.000383 0.00023025 0.00042825 0.00016095 0.0001484 0.000169 0.0001036 0.0001611 0.0001019 0.0003056 0.000382 0.00037805 0.000427 0.00022175 0.0001707 0.00030975 0.00016965 0.0001698 0.00063605 0.0005888 0.0001697 0.0001697 0.0001044 0.00016885 0.0001701 0.00019225 0.000427 0.0001021 0.0002629 0.00010205 0.00010095 0.0002188 0.0002414 0.0001018 0.0001008 0.0005889 0.0001018 0.0005137 0.0001011 0.0004611 0.000496 0.0001692 0.00010265 0.0003062 0.0003802 0.0004976 0.0002034 0.000104 0.00020305 0.00038275 0.00036055 0.0002046 0.00052305 0.00048415 0.0001044 0.0001698 0.00016115 0.00023845 0.000381 0.00015905 0.000753 0.0001006 0.0001011 0.0002142 0.00031075 0.00056355 0.0003189 0.0007084 0.000382 0.0001056 0.00010235 0.0002263 0.0001015 0.00042675 0.0002414 0.00019315 0.00015365 0.0001005 0.00016415 0.0002303 0.00043445 0.00070835 0.00026015 0.0001041 0.0003611 0.0002218 0.00015295 0.0007531 0.0003611 0.00010555 0.0002293 0.0003133 0.00039465
1 0.0002684 0.0001453 0.00026845 0.00019155 0.00032065 0.000205 0.00050035 0.00045825 0.00021665 0.0003952 0.000191 0.0001243 0.0002666 0.0001987 0.00019155 0.00019935 0.00020465 0.00050835 0.0002656 0.0003811 0.0002113 0.00021135 0.00034995 0.0002797 0.0001995 0.0004626 0.00052385 0.00027975 0.0001969 0.0002706 0.00018585 0.00019725 0.0002129 0.00038115 0.0002001 0.00031525 0.000281 0.00025465 0.0002192 0.0003823 0.0001997 0.00017195 0.00052415 0.0002686 0.0004398 0.00025465 0.0003947 0.0004062 0.00019915 0.00019835 0.00027095 0.0004562 0.0003761 0.0003229 0.00018775 0.00019755 0.0004397 0.00029115 0.0003369 0.0006362 0.00040835 0.00018825 0.00019775 0.0002737 0.0002052 0.00045645 0.0002131 0.00059015 0.00017195 0.00018565 0.0003081 0.0004076 0.00039985 0.0002734 0.0006349 0.0004256 0.0002005 0.00019975 0.0002115 0.0001843 0.000381 0.0003823 0.00030055 0.0001341 0.00017185 0.00020685 0.0002167 0.00037605 0.00063485 0.00027395 0.0002707 0.0003046 0.00021135 0.0001224 0.00059025 0.00039415 0.0002021 0.00020365 0.00026945 0.0005309
2 0.00010165 0.00026845 0.0001412 0.0001497 0.0002469 0.00013815 0.00069075 0.0003572 0.00020175 0.0004161 0.00014965 0.000152 0.0001402 7.325e-05 0.0001497 7.44e-05 0.0002899 0.00037065 0.00036835 0.00043295 0.00019445 0.00014345 0.0003125 0.0001399 0.00013785 0.00064375 0.00058235 0.00013995 0.0001569 7.365e-05 0.0001552 0.00015735 0.0001649 0.0004329 7.795e-05 0.0002548 8.66e-05 8.795e-05 0.0001895 0.0002426 7.775e-05 0.0001049 0.0005824 7.075e-05 0.0005046 8.795e-05 0.00045325 0.000485 0.0001412 7.655e-05 0.000297 0.0003576 0.0005011 0.0001953 9.055e-05 0.0001778 0.00037395 0.00036285 0.0001784 0.00052555 0.00047235 9.085e-05 0.00014015 0.0001325 0.00022625 0.0003547 0.00012825 0.0007607 0.0001051 9.14e-05 0.0001842 0.00029485 0.0005676 0.0003087 0.0007158 0.0003878 7.575e-05 7.395e-05 0.0001971 8.985e-05 0.00043285 0.0002426 0.0001634 0.00014035 0.000105 0.00013525 0.0002018 0.0004381 0.00071575 0.00023225 7.37e-05 0.00034615 0.0001945 0.0001553 0.0007608 0.0003667 7.405e-05 0.0002021 0.00030165 0.0003843
3 0.00016125 0.00019155 0.0001497 0.0001527 0.00025765 0.00019965 0.000603 0.00034205 8.905e-05 0.0003874 7.7e-05 0.00012445 0.00016275 8.07e-05 7.655e-05 7.905e-05 0.0002123 0.00041085 0.00028815 0.0003848 7.64e-05 9.035e-05 0.00035735 0.00015995 9.605e-05 0.00058095 0.0005338 0.00016 8.915e-05 0.000152 9.4e-05 8.955e-05 9.355e-05 0.0003849 7.805e-05 0.0002261 0.00016255 0.00014765 9.36e-05 0.00027555 7.77e-05 7.675e-05 0.0005339 0.00014985 0.00047565 0.00014745 0.00038485 0.0003974 9.395e-05 7.83e-05 0.00030955 0.00033835 0.000403 0.0002188 8.1e-05 9.205e-05 0.00034095 0.00029475 0.00022125 0.0005391 0.00040155 8.155e-05 9.42e-05 0.000148 0.0001963 0.00034025 9.55e-05 0.00069285 7.685e-05 7.685e-05 0.0001925 0.00028825 0.00050315 0.0002817 0.00064835 0.00034015 8.25e-05 7.975e-05 0.0001089 7.76e-05 0.0003848 0.00027555 0.0001753 0.00012905 7.675e-05 8.145e-05 8.91e-05 0.00039225 0.0006483 0.0001636 0.00015195 0.00029645 7.645e-05 0.00012885 0.00069295 0.0003242 8.38e-05 9.18e-05 0.0002773 0.00045625
4 0.00025395 0.00032065 0.0002469 0.00025765 0.0004215 0.00026975 0.0006464 0.0004555 0.0003126 0.0004725 0.0002572 0.000236 0.00030125 0.000225 0.0002575 0.00022325 0.0003864 0.0004719 0.00045975 0.00046565 0.0003042 0.0002725 0.0004416 0.00029525 0.0002789 0.0006531 0.00063415 0.0002953 0.00026605 0.00024925 0.00027235 0.0002664 0.00030625 0.0004657 0.00022335 0.00037995 0.00026095 0.00024025 0.00031345 0.00031415 0.00022315 0.00021125 0.00063425 0.00024705 0.00039175 0.0002404 0.00050515 0.0005206 0.0002781 0.00022385 0.00024035 0.00045275 0.00052295 0.00033305 0.00021995 0.00031175 0.00044885 0.00039195 0.0003398 0.00054605 0.00052105 0.0002203 0.0002787 0.00028635 0.0003316 0.00045355 0.00027315 0.00071995 0.00021095 0.0002169 0.0003452 0.00036945 0.0005795 0.00041325 0.0006973 0.0004426 0.00022695 0.0002238 0.00032785 0.0002177 0.0004654 0.00031415 0.00022425 0.0002465 0.00021085 0.00026595 0.00031265 0.0004722 0.00069725 0.0002789 0.0002493 0.000398 0.00030425 0.00024045 0.00072005 0.0004332 0.00022705 0.00031865 0.0004076 0.0003142
5 0.0001533 0.000205 0.00013815 0.00019965 0.00026975 0.0002744 0.00062655 0.0004198 0.00026695 0.0004177 0.00019905 0.0001407 0.0002053 0.0001387 0.00019965 0.00013965 0.0002916 0.00041695 0.0003681 0.00041885 0.00025835 0.0002087 0.00031405 0.0002068 0.00020545 0.00057955 0.0005793 0.00020685 0.0002082 0.0001404 0.000207 0.0002086 0.00023015 0.00041885 0.0001417 0.00030195 0.000152 0.00013915 0.000255 0.00029375 0.00014135 0.000141 0.00057945 0.0001383 0.00047735 0.0001392 0.00045285 0.00048615 0.0002068 0.00014005 0.00026775 0.0004185 0.00048445 0.0002424 0.00014215 0.00024135 0.0004184 0.00034875 0.00024125 0.00057135 0.0004738 0.00014235 0.00020585 0.0001971 0.00022615 0.00041745 0.00019525 0.0006965 0.0001411 0.0001412 0.00024705 0.00036125 0.0005034 0.00030845 0.00069635 0.00041845 0.00014105 0.00013955 0.0002625 0.0001398 0.00041875 0.00029375 0.0002285 0.0001376 0.000141 0.0002002 0.000267 0.0004166 0.0006963 0.0002959 0.0001409 0.0003475 0.0002584 0.00013925 0.0006966 0.0003974 0.0001413 0.0002659 0.0003031 0.0004223
6 0.0006867 0.00050035 0.00069075 0.000603 0.0006464 0.00062655 0.0001803 0.00044435 0.00054865 0.00038115 0.0006029 0.00059555 0.00064535 0.0006733 0.000603 0.00067085 0.0004618 0.0004452 0.0004469 0.0003668 0.000563 0.0006031 0.0005216 0.00062225 0.0006251 0.00020165 0.00026325 0.0006223 0.00058865 0.00069265 0.00061115 0.000589 0.00059245 0.00036665 0.00067135 0.00053985 0.0007024 0.00067665 0.00056925 0.00062435 0.000671 0.00064315 0.00026355 0.0006909 0.00036985 0.00067665 0.00035015 0.0003124 0.0006245 0.0006727 0.0005962 0.0004423 0.0003191 0.0005859 0.000659 0.00059535 0.00042575 0.00036665 0.0006002 0.0003931 0.00033265 0.0006595 0.000626 0.0006364 0.00050825 0.0004428 0.0006232 9.035e-05 0.00064315 0.0006569 0.0005697 0.0005702 0.00021735 0.00049335 0.00013525 0.00041165 0.00067485 0.00067125 0.00057805 0.0006586 0.0003667 0.00062435 0.0006579 0.000608 0.00064305 0.0006188 0.0005487 0.00036165 0.0001354 0.0005986 0.00069275 0.0003804 0.00056305 0.00059305 9.025e-05 0.00045355 0.00067365 0.00057185 0.00049405 0.0006275
7 0.000383 0.00045825 0.0003572 0.00034205 0.0004555 0.0004198 0.00044435 0.0006424 0.00032685 0.0003837 0.0003422 0.00040075 0.00036915 0.00032455 0.00034205 0.00032465 0.00039605 0.00037305 0.0004065 0.00039915 0.00033035 0.00032495 0.00043895 0.0003577 0.00033285 0.00045505 0.0003935 0.00035775 0.00033845 0.0003563 0.00034875 0.0003389 0.0003304 0.0003991 0.00032675 0.0003488 0.00036905 0.00037265 0.00033065 0.00041405 0.00032665 0.0003537 0.0003938 0.00035735 0.0005006 0.00037265 0.00038735 0.00038395 0.0003346 0.0003265 0.00050255 0.0003237 0.0004113 0.00033815 0.0003374 0.00033875 0.00034005 0.00039905 0.0003227 0.00041435 0.00038735 0.00033785 0.0003347 0.00036095 0.0003876 0.00032215 0.00032735 0.0004443 0.0003539 0.00034025 0.00032435 0.00039905 0.0004464 0.0003956 0.00039935 0.00035395 0.0003237 0.00032415 0.00033895 0.0003402 0.00039905 0.00041405 0.000366 0.00038725 0.0003538 0.00032575 0.0003269 0.0004012 0.0003993 0.0003637 0.0003567 0.00038385 0.0003304 0.00040105 0.0004444 0.0003643 0.0003222 0.0003387 0.0003935 0.00051555
8 0.00023025 0.00021665 0.00020175 8.905e-05 0.0003126 0.00026695 0.00054865 0.00032685 3.14e-05 0.0003861 9e-05 0.0002098 0.00015925 0.00013395 8.905e-05 0.00013385 0.0001905 0.00040985 0.0002427 0.00040055 1.575e-05 7.645e-05 0.0003678 0.0001431 9.115e-05 0.00053805 0.00047725 0.00014315 8.895e-05 0.00020385 0.00010605 8.935e-05 6.405e-05 0.00040055 0.00013625 0.00023955 0.0002161 0.0002167 3.7e-05 0.00031525 0.00013555 0.0001624 0.00047735 0.0002019 0.0004606 0.0002167 0.00035445 0.0003272 9.16e-05 0.00013475 0.00036275 0.0003263 0.00035985 0.00028925 0.00014945 5.91e-05 0.0003428 0.00031055 0.00027475 0.0005088 0.0003481 0.00015 9.035e-05 0.0001442 0.0002344 0.0003253 9.5e-05 0.0006385 0.0001625 0.00014875 0.0002137 0.0002421 0.00048495 0.00029335 0.000594 0.0003558 0.0001355 0.00013465 5.29e-05 0.0001479 0.00040045 0.00031525 0.00020945 0.00019745 0.0001624 7.705e-05 1.575e-05 0.00040615 0.00059395 0.0001417 0.00020375 0.00029505 1.58e-05 0.00021275 0.0006386 0.00035145 0.0001353 3.175e-05 0.0002872 0.00046525
9 0.00042825 0.0003952 0.0004161 0.0003874 0.0004725 0.0004177 0.00038115 0.0003837 0.0003861 0.0007618 0.0003873 0.0003849 0.0004282 0.00038275 0.0003874 0.0003832 0.0003938 0.0004161 0.00040445 0.00038325 0.00038965 0.0003841 0.0004369 0.00041685 0.0003916 0.00039185 0.0003919 0.0004169 0.0003838 0.0004183 0.00039385 0.0003842 0.0003895 0.0003832 0.00038565 0.0003939 0.00042785 0.00041785 0.00039005 0.00046145 0.0003855 0.0003852 0.00039185 0.00041625 0.00047035 0.00041785 0.0003851 0.0003818 0.0003935 0.0003851 0.00047225 0.0003832 0.00039335 0.00038355 0.00038555 0.00039765 0.0003831 0.0003832 0.0003817 0.00045955 0.0003855 0.00038555 0.0003936 0.00041985 0.0003855 0.0003811 0.0003861 0.0003811 0.0003853 0.00038535 0.0003834 0.00046035 0.0003831 0.0003938 0.0003812 0.00038315 0.00038535 0.00038305 0.00039825 0.0003854 0.00038315 0.00046145 0.0004246 0.000385 0.0003852 0.00038765 0.00038615 0.0003831 0.0003812 0.00042255 0.00041875 0.0003813 0.0003897 0.00038515 0.00038115 0.00039355 0.0003837 0.0003979 0.0003944 0.00054855
10 0.00016095 0.000191 0.00014965 7.7e-05 0.0002572 0.00019905 0.0006029 0.0003422 9e-05 0.0003873 0.0001516 0.00012395 0.0001628 8.03e-05 7.72e-05 7.87e-05 0.0002122 0.00041085 0.0002882 0.00038445 7.825e-05 9.02e-05 0.0003573 0.00015995 9.6e-05 0.00058085 0.0005338 0.00016 8.895e-05 0.0001521 9.37e-05 8.93e-05 9.34e-05 0.0003846 7.77e-05 0.0002259 0.00016215 0.00014735 9.465e-05 0.0002752 7.735e-05 7.63e-05 0.0005339 0.0001498 0.00047545 0.00014705 0.0003845 0.00039735 9.39e-05 7.775e-05 0.0003088 0.0003382 0.00040305 0.00021855 8.09e-05 9.185e-05 0.0003408 0.00029445 0.0002212 0.00053905 0.0004016 8.14e-05 9.425e-05 0.0001472 0.00019605 0.00034025 9.545e-05 0.0006927 7.63e-05 7.645e-05 0.0001925 0.0002882 0.000503 0.0002817 0.0006483 0.0003399 8.225e-05 7.955e-05 0.0001091 7.695e-05 0.00038445 0.0002752 0.00017485 0.00012775 7.62e-05 8.08e-05 9.005e-05 0.0003917 0.00064825 0.0001634 0.00015205 0.00029625 7.83e-05 0.000128 0.0006928 0.000324 8.39e-05 9.28e-05 0.0002774 0.000456
11 0.0001484 0.0001243 0.000152 0.00012445 0.000236 0.0001407 0.00059555 0.00040075 0.0002098 0.0003849 0.00012395 9.71e-05 0.0002176 8.31e-05 0.00012445 8.015e-05 0.0002388 0.00045275 0.0003333 0.00036725 0.0002 0.00014895 0.0003496 0.00021995 0.0001508 0.0005684 0.00058225 0.00022 0.00013415 0.0001544 0.0001336 0.0001346 0.0001705 0.00036715 7.775e-05 0.0002644 0.00016475 0.0001347 0.0001984 0.00028805 7.715e-05 4.88e-05 0.00058235 0.00015215 0.0004642 0.0001347 0.00041505 0.0004526 0.0001476 7.95e-05 0.0002419 0.000395 0.0004365 0.00020465 6.85e-05 0.0001799 0.00038145 0.0002773 0.00022235 0.00060635 0.0004408 6.91e-05 0.00014935 0.0002096 0.00016895 0.00039875 0.00013995 0.00068535 4.905e-05 6.295e-05 0.00022775 0.0003736 0.0004724 0.0002742 0.00068545 0.0003671 8.51e-05 8.065e-05 0.00020585 6.51e-05 0.00036715 0.00028805 0.00019685 7.045e-05 4.895e-05 0.00014355 0.00020985 0.0003732 0.0006854 0.00023825 0.00015445 0.0002942 0.00020005 5.505e-05 0.00068545 0.000346 8.65e-05 0.0002075 0.00026995 0.0004749
12 0.000169 0.0002666 0.0001402 0.00016275 0.00030125 0.0002053 0.00064535 0.00036915 0.00015925 0.0004282 0.0001628 0.0002176 0.0002787 0.00014125 0.00016275 0.0001417 0.0002576 0.0003828 0.0003002 0.000443 0.0001551 0.00015385 0.00031385 0.0001517 0.0001405 0.0005878 0.0005266 0.00015175 0.00016685 0.0001424 0.0001557 0.00016725 0.0001554 0.000443 0.00014365 0.00025445 0.00015445 0.000155 0.0001617 0.0002836 0.00014315 0.00017045 0.00052665 0.00014035 0.0005035 0.000155 0.0004292 0.0004395 0.0001414 0.00014225 0.00035145 0.00036805 0.00044395 0.0002623 0.00015775 0.0001415 0.0003845 0.00037285 0.0002475 0.00051135 0.00044155 0.00015795 0.0001401 0.00014725 0.0002594 0.000367 0.0001544 0.00071535 0.00017055 0.00015665 0.0002192 0.0002803 0.00054485 0.00030825 0.00067065 0.00039805 0.0001434 0.00014185 0.0001541 0.0001559 0.0004429 0.0002836 0.00021865 0.00020585 0.00017045 0.0001501 0.0001593 0.00044845 0.0006706 0.00021805 0.00014275 0.0003577 0.00015515 0.00022085 0.00071545 0.00036655 0.00014325 0.00014745 0.0003028 0.0004142
13 0.0001036 0.0001987 7.325e-05 8.07e-05 0.000225 0.0001387 0.0006733 0.00032455 0.00013395 0.00038275 8.03e-05 8.31e-05 0.00014125 4.7e-06 8.07e-05 6.2e-06 0.00023755 0.0004081 0.00033495 0.0003997 0.0001253 7.54e-05 0.00035005 0.00014305 7.03e-05 0.0006461 0.0005844 0.0001431 8.925e-05 7.575e-05 8.705e-05 8.97e-05 9.685e-05 0.00039965 8.75e-06 0.0002208 8.675e-05 8.915e-05 0.00012125 0.00024365 8.85e-06 3.605e-05 0.000584 7.34e-05 0.0004985 8.915e-05 0.00042005 0.00045295 7.31e-05 5.85e-06 0.00027445 0.00032395 0.0004675 0.00016175 2.26e-05 0.00010885 0.00034025 0.0003098 0.00014545 0.0005621 0.00043985 2.21e-05 7.18e-05 0.0001332 0.0001728 0.00032105 6.115e-05 0.00076305 3.625e-05 2.26e-05 0.00015075 0.0002971 0.00055015 0.0002749 0.00071805 0.00035445 5.95e-06 5.35e-06 0.00012885 2.065e-05 0.0003996 0.00024365 0.00011735 7.03e-05 3.615e-05 6.68e-05 0.000134 0.0004041 0.000718 0.00016155 7.655e-05 0.0002941 0.00012535 8.58e-05 0.00076315 0.00033335 6.05e-06 0.00013295 0.0002693 0.0004323
14 0.0001611 0.00019155 0.0001497 7.655e-05 0.0002575 0.00019965 0.000603 0.00034205 8.905e-05 0.0003874 7.72e-05 0.00012445 0.00016275 8.07e-05 0.0001527 7.905e-05 0.0002123 0.00041085 0.00028815 0.0003849 7.64e-05 9.035e-05 0.00035735 0.00015995 9.605e-05 0.00058095 0.0005338 0.00016 8.915e-05 0.000152 9.38e-05 8.955e-05 9.355e-05 0.0003849 7.815e-05 0.00022595 0.00016255 0.00014745 9.36e-05 0.0002754 7.78e-05 7.675e-05 0.0005339 0.00014985 0.00047565 0.00014765 0.00038485 0.0003974 9.395e-05 7.84e-05 0.00030955 0.00033835 0.000403 0.0002188 8.1e-05 9.205e-05 0.00034095 0.0002949 0.00022125 0.0005391 0.00040155 8.135e-05 9.42e-05 0.000148 0.0001963 0.00034025 9.55e-05 0.00069285 7.65e-05 7.695e-05 0.0001925 0.00028825 0.00050315 0.0002817 0.00064835 0.00034 8.25e-05 7.975e-05 0.0001089 7.775e-05 0.0003846 0.0002754 0.0001753 0.00012905 7.64e-05 8.145e-05 8.91e-05 0.00039225 0.0006483 0.0001636 0.00015195 0.00029645 7.645e-05 0.00012865 0.00069295 0.0003242 8.38e-05 9.18e-05 0.0002773 0.00045625
15 0.0001019 0.00019935 7.44e-05 7.905e-05 0.00022325 0.00013965 0.00067085 0.00032465 0.00013385 0.0003832 7.87e-05 8.015e-05 0.0001417 6.2e-06 7.905e-05 9.5e-06 0.00023735 0.0004072 0.0003337 0.0003968 0.0001254 7.455e-05 0.00034885 0.0001429 7.25e-05 0.0006437 0.0005825 0.00014295 8.745e-05 7.705e-05 8.64e-05 8.785e-05 9.6e-05 0.0003968 6.4e-06 0.0002189 8.88e-05 8.795e-05 0.00012225 0.00024165 6.1e-06 3.275e-05 0.0005826 7.455e-05 0.0004972 8.795e-05 0.00041705 0.0004516 7.26e-05 6.35e-06 0.00027485 0.00032215 0.0004668 0.00015935 2.175e-05 0.000107 0.00033795 0.00030685 0.00014585 0.0005609 0.0004396 2.2e-05 7.29e-05 0.0001338 0.00017085 0.000322 6.205e-05 0.00076065 3.285e-05 1.93e-05 0.00015115 0.00029665 0.0005477 0.00027435 0.00071595 0.00035185 8.85e-06 5.1e-06 0.00012975 1.97e-05 0.0003967 0.00024165 0.0001207 7.09e-05 3.275e-05 6.77e-05 0.0001339 0.00040365 0.0007159 0.00016345 7.735e-05 0.0002928 0.00012545 8.455e-05 0.00076075 0.0003308 8.5e-06 0.00013295 0.0002689 0.00043195
16 0.0003056 0.00020465 0.0002899 0.0002123 0.0003864 0.0002916 0.0004618 0.00039605 0.0001905 0.0003938 0.0002122 0.0002388 0.0002576 0.00023755 0.0002123 0.00023735 0.0003335 0.000448 0.0002321 0.00039545 0.0001856 0.00021755 0.00033255 0.00027 0.00020095 0.00042235 0.0004223 0.00027005 0.00021715 0.0002924 0.00020305 0.00021755 0.00018475 0.00039545 0.0002396 0.00026635 0.0003056 0.0002917 0.0001925 0.00041975 0.0002395 0.00023905 0.00042245 0.00029005 0.00045265 0.0002917 0.00036115 0.00037365 0.00020305 0.00023935 0.0003862 0.00039545 0.000361 0.00030795 0.00023965 0.0001709 0.0003953 0.00030545 0.00030625 0.0005761 0.00037525 0.00024 0.00020315 0.00026475 0.00020325 0.00039375 0.0002177 0.00055165 0.00023915 0.0002392 0.0002432 0.00039815 0.00035915 0.00027375 0.0005517 0.00039525 0.00023985 0.00023715 0.00018515 0.00023925 0.00039535 0.00041975 0.0003392 0.00023895 0.00023905 0.0002128 0.00019055 0.00039525 0.00055165 0.00028245 0.00029265 0.00030375 0.00018565 0.00023905 0.00055175 0.00036185 0.0002383 0.00017835 0.0002668 0.0005669
17 0.000382 0.00050835 0.00037065 0.00041085 0.0004719 0.00041695 0.0004452 0.00037305 0.00040985 0.0004161 0.00041085 0.00045275 0.0003828 0.0004081 0.00041085 0.0004072 0.000448 0.0006704 0.0004384 0.0004171 0.00041325 0.0004078 0.00040105 0.00037085 0.00041645 0.0004361 0.00039125 0.00037095 0.00040735 0.00037305 0.0004179 0.0004078 0.0004132 0.00041705 0.000409 0.00038325 0.00038245 0.0003722 0.00041395 0.0004163 0.00040855 0.0004084 0.0003915 0.0003708 0.0004999 0.0003722 0.0004189 0.0004161 0.00041755 0.0004092 0.00051655 0.00037195 0.000427 0.00037245 0.0004092 0.00042115 0.00037185 0.00043665 0.00037145 0.0003798 0.0004198 0.0004097 0.00041795 0.00037445 0.00043905 0.00037125 0.0004105 0.0004255 0.0004086 0.00040855 0.00037365 0.0004155 0.00044715 0.0004277 0.0003805 0.00037185 0.0004099 0.0004072 0.00042225 0.00040845 0.000417 0.0004163 0.00042495 0.00045345 0.0004085 0.0004116 0.0004099 0.0004167 0.00038045 0.00044695 0.00037285 0.0004354 0.0004133 0.00045335 0.0004256 0.00038225 0.00040855 0.0004216 0.0004285 0.0004795
18 0.00037805 0.0002656 0.00036835 0.00028815 0.00045975 0.0003681 0.0004469 0.0004065 0.0002427 0.00040445 0.0002882 0.0003333 0.0003002 0.00033495 0.00028815 0.0003337 0.0002321 0.0004384 0.0003944 0.0004038 0.00024295 0.00028885 0.0003099 0.0003225 0.00026705 0.0003356 0.000336 0.00032255 0.0002879 0.00037045 0.00026685 0.00028825 0.00027045 0.00040385 0.0003343 0.00026605 0.0003788 0.0003681 0.00025965 0.0004661 0.00033375 0.0003335 0.0003362 0.0003685 0.00050275 0.0003681 0.00036955 0.00035835 0.00026595 0.0003342 0.00045965 0.0004044 0.0003361 0.00034145 0.0003357 0.0002315 0.00040445 0.00037655 0.000342 0.0005367 0.0003749 0.0003362 0.000266 0.0003228 0.0002997 0.00040485 0.0003048 0.0004739 0.0003335 0.00033335 0.00029985 0.00042085 0.000369 0.0002737 0.0004743 0.00040385 0.0003366 0.00033435 0.00023675 0.0003339 0.0004037 0.0004661 0.00041395 0.00033325 0.0003334 0.00029045 0.00024275 0.00040395 0.00047425 0.0003309 0.00037045 0.0003763 0.000243 0.0003335 0.0004741 0.00036195 0.0003366 0.0002204 0.0002677 0.00059225
19 0.000427 0.0003811 0.00043295 0.0003848 0.00046565 0.00041885 0.0003668 0.00039915 0.00040055 0.00038325 0.00038445 0.00036725 0.000443 0.0003997 0.0003849 0.0003968 0.00039545 0.0004171 0.0004038 0.0007331 0.0004029 0.0003973 0.0004376 0.00043255 0.00040945 0.0003774 0.0003917 0.0004326 0.00038255 0.00043505 0.0003936 0.0003829 0.0004028 0.000367 0.00039565 0.000392 0.0004433 0.000417 0.0004053 0.00045995 0.00039545 0.00036705 0.0003919 0.0004331 0.0004654 0.0004169 0.00038255 0.0003826 0.0004074 0.0003973 0.0004674 0.0003955 0.0003795 0.0003813 0.00038495 0.00040885 0.00038155 0.00036675 0.0003975 0.0004603 0.00038695 0.00038545 0.0004091 0.0004345 0.00038365 0.00039745 0.000403 0.0003667 0.00036705 0.0003809 0.0003993 0.0004758 0.00036875 0.00039365 0.0003672 0.00036715 0.0004014 0.00039735 0.0004134 0.00038295 0.0003668 0.00045995 0.00044075 0.00038425 0.00036695 0.0004025 0.0004006 0.0003691 0.0003671 0.00043665 0.0004351 0.00038235 0.00040295 0.0003689 0.00036685 0.0003776 0.0004015 0.00041105 0.0003957 0.00055845
20 0.00022175 0.0002113 0.00019445 7.64e-05 0.0003042 0.00025835 0.000563 0.00033035 1.575e-05 0.00038965 7.825e-05 0.0002 0.0001551 0.0001253 7.64e-05 0.0001254 0.0001856 0.00041325 0.00024295 0.0004029 1e-07 7.93e-05 0.0003649 0.0001473 8.83e-05 0.000546 0.0004851 0.00014735 9.195e-05 0.0001966 0.000102 9.24e-05 6.405e-05 0.00040285 0.00012625 0.0002354 0.0002074 0.0002082 3.595e-05 0.0003108 0.00012555 0.00015265 0.0004852 0.0001946 0.0004642 0.0002082 0.00035485 0.00034225 8.765e-05 0.00012475 0.00035425 0.00032835 0.0003665 0.00028055 0.000141 5.185e-05 0.00034495 0.0003129 0.0002673 0.00051625 0.00036205 0.0001416 8.625e-05 0.0001336 0.0002237 0.00032875 9.825e-05 0.00065285 0.00015285 0.0001389 0.0002043 0.00025035 0.00048645 0.0002891 0.00060825 0.00035805 0.0001269 0.0001261 5.915e-05 0.00013805 0.0004028 0.0003108 0.00020075 0.0001876 0.00015275 6.655e-05 1.58e-05 0.0004083 0.0006082 0.00013615 0.0001965 0.0002987 1.5e-07 0.000203 0.00065295 0.00034715 0.0001281 2.345e-05 0.0002844 0.00046205
21 0.0001707 0.00021135 0.00014345 9.035e-05 0.0002725 0.0002087 0.0006031 0.00032495 7.645e-05 0.0003841 9.02e-05 0.00014895 0.00015385 7.54e-05 9.035e-05 7.455e-05 0.00021755 0.0004078 0.00028885 0.0003973 7.93e-05 0.0001473 0.0003609 0.000143 8.505e-05 0.00058745 0.0005264 0.00014305 8.745e-05 0.00014565 9.87e-05 8.75e-05 8.02e-05 0.0003973 7.42e-05 0.00023095 0.0001577 0.0001569 8.105e-05 0.0002812 7.49e-05 0.00010145 0.00052645 0.0001436 0.0004782 0.0001569 0.0003855 0.0003834 8.475e-05 7.515e-05 0.0003242 0.0003229 0.0004105 0.00022805 9.01e-05 8.685e-05 0.00033905 0.0003073 0.0002148 0.00053225 0.00038765 9.05e-05 8.505e-05 0.00014555 0.00020655 0.00032305 7.875e-05 0.00069295 0.00010155 8.8e-05 0.00018815 0.0002675 0.0005161 0.00028625 0.00064825 0.00035235 7.73e-05 7.465e-05 8.915e-05 8.855e-05 0.0003972 0.0002812 0.00017005 0.00013985 0.00010145 7.885e-05 7.65e-05 0.00040425 0.0006482 0.0001559 0.0001458 0.00029375 7.935e-05 0.00015335 0.00069305 0.0003429 7.72e-05 8.745e-05 0.0002805 0.00045205
22 0.00030975 0.00034995 0.0003125 0.00035735 0.0004416 0.00031405 0.0005216 0.00043895 0.0003678 0.0004369 0.0003573 0.0003496 0.00031385 0.00035005 0.00035735 0.00034885 0.00033255 0.00040105 0.0003099 0.0004376 0.0003649 0.0003609 0.0005391 0.0003239 0.00034785 0.00039735 0.00039755 0.00032395 0.0003602 0.00031505 0.000349 0.0003606 0.00036245 0.0004376 0.00035065 0.00031025 0.0003105 0.00031385 0.00037025 0.00042495 0.00035015 0.00034985 0.00039775 0.00031265 0.0005255 0.00031385 0.0004375 0.00044805 0.00034845 0.00035085 0.0004417 0.00043775 0.0004374 0.0003183 0.00035095 0.00035 0.00043775 0.0004339 0.00031755 0.0005127 0.0004501 0.0003515 0.000349 0.0003212 0.00033415 0.0004371 0.00036165 0.00052505 0.00034995 0.00034995 0.00031375 0.0004356 0.0004211 0.0003183 0.00052525 0.00043745 0.0003519 0.00034915 0.0003628 0.00034995 0.0004375 0.00042495 0.000417 0.00035025 0.00034985 0.0003584 0.00036785 0.00043775 0.0005252 0.0004281 0.0003148 0.00043265 0.00036495 0.00035015 0.00052525 0.00040595 0.00035055 0.0003575 0.00031095 0.0005165
23 0.00016965 0.0002797 0.0001399 0.00015995 0.00029525 0.0002068 0.00062225 0.0003577 0.0001431 0.00041685 0.00015995 0.00021995 0.0001517 0.00014305 0.00015995 0.0001429 0.00027 0.00037085 0.0003225 0.00043255 0.0001473 0.000143 0.0003239 0.0002779 0.0001511 0.00058675 0.00052585 0.00013905 0.0001557 0.00014245 0.00016725 0.0001561 0.00014895 0.00043255 0.0001464 0.0002664 0.0001556 0.00015635 0.0001484 0.00028105 0.00014575 0.00017265 0.00052595 0.00014005 0.00048485 0.00015635 0.0004206 0.0004157 0.00015305 0.0001452 0.0003456 0.00035805 0.00044435 0.00026375 0.00015865 0.0001563 0.0003745 0.0003624 0.000248 0.00049625 0.0004206 0.0001592 0.00015215 0.00014355 0.00026275 0.00035595 0.00014475 0.00069225 0.00017275 0.0001591 0.0002216 0.0002644 0.00053525 0.00032045 0.00064765 0.0003877 0.0001448 0.00014345 0.0001565 0.0001579 0.00043245 0.00028105 0.0002135 0.00020825 0.00017265 0.00014595 0.00014315 0.00043825 0.0006476 0.00022445 0.00014205 0.0003459 0.00014735 0.0002232 0.00069235 0.00037825 0.00014325 0.00015545 0.0003131 0.00040345
24 0.0001698 0.0001995 0.00013785 9.605e-05 0.0002789 0.00020545 0.0006251 0.00033285 9.115e-05 0.0003916 9.6e-05 0.0001508 0.0001405 7.03e-05 9.605e-05 7.25e-05 0.00020095 0.00041645 0.00026705 0.00040945 8.83e-05 8.505e-05 0.00034785 0.0001511 0.0001349 0.00058745 0.00052585 0.00015115 9.88e-05 0.00014065 8.58e-05 9.925e-05 8.65e-05 0.0004094 7.655e-05 0.0002206 0.00015395 0.0001556 9.26e-05 0.0002842 7.67e-05 0.00010375 0.00052585 0.000138 0.00049445 0.0001556 0.00039575 0.00040455 7.2e-05 7.465e-05 0.00032865 0.00033395 0.00041015 0.00022825 8.875e-05 7.53e-05 0.0003502 0.00031955 0.00021035 0.0005448 0.0004056 8.885e-05 7.07e-05 0.00014765 0.00020525 0.00033 8.335e-05 0.00071485 0.00010395 9.03e-05 0.0001816 0.0002795 0.00052455 0.0002742 0.00066995 0.0003643 7.315e-05 7.155e-05 8.535e-05 8.87e-05 0.00040935 0.0002842 0.00017275 0.0001386 0.00010385 8.095e-05 9.12e-05 0.00041425 0.0006699 0.00015045 0.0001412 0.00030235 8.835e-05 0.0001538 0.00071495 0.00033275 7.125e-05 8.11e-05 0.00026705 0.00045905
25 0.00063605 0.0004626 0.00064375 0.00058095 0.0006531 0.00057955 0.00020165 0.00045505 0.00053805 0.00039185 0.00058085 0.0005684 0.0005878 0.0006461 0.00058095 0.0006437 0.00042235 0.0004361 0.0003356 0.0003774 0.000546 0.00058745 0.00039735 0.00058675 0.00058745 0.0002773 0.0002004 0.0005868 0.000573 0.00064565 0.00057355 0.00057335 0.00057295 0.00037755 0.00064425 0.00043915 0.0006517 0.0006297 0.0005567 0.0006433 0.00064385 0.00061605 0.0002007 0.0006439 0.00047715 0.0006297 0.0003589 0.0003346 0.0005866 0.00064555 0.00060285 0.000453 0.00031925 0.00049615 0.00063185 0.00055575 0.0004365 0.00044015 0.0005104 0.0004499 0.00035285 0.00063235 0.00058825 0.0005945 0.0004793 0.0004535 0.00060555 0.0001387 0.00061605 0.0006298 0.0004988 0.0006006 0.00022625 0.000393 0.000184 0.0004224 0.00064765 0.0006441 0.00054985 0.00063145 0.00037735 0.0006433 0.00066455 0.0005808 0.00061595 0.0005967 0.0005381 0.00037235 0.0001839 0.00060455 0.00064575 0.00045385 0.00054605 0.0005659 0.00013895 0.0004224 0.00064645 0.0005392 0.0003933 0.00068025
26 0.0005888 0.00052385 0.00058235 0.0005338 0.00063415 0.0005793 0.00026325 0.0003935 0.00047725 0.0003919 0.0005338 0.00058225 0.0005266 0.0005844 0.0005338 0.0005825 0.0004223 0.00039125 0.000336 0.0003917 0.0004851 0.0005264 0.00039755 0.00052585 0.00052585 0.0002004 0.0004003 0.0005259 0.0005259 0.00058425 0.0005261 0.0005263 0.0005119 0.0003917 0.0005832 0.0003917 0.0005903 0.00058215 0.00049555 0.00059625 0.0005829 0.00058255 0.0002006 0.0005825 0.0005056 0.00058215 0.0003595 0.00033515 0.0005254 0.00058435 0.0006312 0.0003914 0.0003356 0.00044845 0.00058455 0.00049505 0.00039135 0.00045415 0.0004486 0.00040525 0.00035305 0.0005848 0.00052705 0.0005333 0.0004793 0.00039165 0.0005445 0.00020055 0.00058265 0.0005827 0.000437 0.0005399 0.00028785 0.0003927 0.0002006 0.0003914 0.00058625 0.0005824 0.0004888 0.0005842 0.0003916 0.00059625 0.00060285 0.00058105 0.00058255 0.0005358 0.0004773 0.00038865 0.00020055 0.00054335 0.00058465 0.0004542 0.00048515 0.0005798 0.00020075 0.00039135 0.00058505 0.0004784 0.0003935 0.00064765
27 0.0001697 0.00027975 0.00013995 0.00016 0.0002953 0.00020685 0.0006223 0.00035775 0.00014315 0.0004169 0.00016 0.00022 0.00015175 0.0001431 0.00016 0.00014295 0.00027005 0.00037095 0.00032255 0.0004326 0.00014735 0.00014305 0.00032395 0.00013905 0.00015115 0.0005868 0.0005259 0.000278 0.00015575 0.0001425 0.0001673 0.00015615 0.000149 0.0004326 0.00014645 0.00026645 0.00015565 0.0001564 0.00014845 0.0002811 0.0001458 0.0001727 0.000526 0.0001401 0.0004849 0.0001564 0.00042065 0.00041575 0.0001531 0.00014525 0.00034565 0.0003581 0.0004444 0.0002638 0.0001587 0.00015635 0.00037455 0.00036245 0.00024805 0.0004963 0.00042065 0.00015925 0.0001522 0.0001436 0.0002628 0.000356 0.0001448 0.0006923 0.0001728 0.00015915 0.00022165 0.00026445 0.0005353 0.0003205 0.0006477 0.00038775 0.00014485 0.0001435 0.00015655 0.00015795 0.0004325 0.0002811 0.00021355 0.0002083 0.0001727 0.000146 0.0001432 0.0004383 0.00064765 0.0002245 0.00014215 0.00034595 0.0001474 0.00022325 0.0006924 0.0003783 0.0001433 0.0001555 0.00031315 0.0004035
28 0.0001697 0.0001969 0.0001569 8.915e-05 0.00026605 0.0002082 0.00058865 0.00033845 8.895e-05 0.0003838 8.895e-05 0.00013415 0.00016685 8.925e-05 8.915e-05 8.745e-05 0.00021715 0.00040735 0.0002879 0.00038255 9.195e-05 8.745e-05 0.0003602 0.0001557 9.88e-05 0.000573 0.0005259 0.00015575 0.000172 0.00015915 9.8e-05 8.65e-05 9.35e-05 0.0003825 8.81e-05 0.0002302 0.00017115 0.0001561 9.455e-05 0.00028 8.775e-05 8.625e-05 0.000526 0.00015705 0.00047205 0.0001561 0.00038445 0.00038235 9.785e-05 8.835e-05 0.00031805 0.0003362 0.0003963 0.00022735 8.925e-05 9.93e-05 0.0003387 0.00029255 0.0002286 0.0005316 0.00038755 8.99e-05 9.825e-05 0.00015855 0.00020695 0.0003367 9.22e-05 0.0006785 8.65e-05 8.665e-05 0.0002018 0.00028 0.00050165 0.0002859 0.00063405 0.00033785 9.1e-05 8.82e-05 0.0001026 8.755e-05 0.00038245 0.00028 0.0001839 0.0001389 8.64e-05 9.19e-05 8.9e-05 0.00039005 0.000634 0.0001691 0.0001591 0.0002928 9.2e-05 0.0001386 0.0006786 0.0003283 9.09e-05 0.00010005 0.00028005 0.00045945
29 0.0001044 0.0002706 7.365e-05 0.000152 0.00024925 0.0001404 0.00069265 0.0003563 0.00020385 0.0004183 0.0001521 0.0001544 0.0001424 7.575e-05 0.000152 7.705e-05 0.0002924 0.00037305 0.00037045 0.00043505 0.0001966 0.00014565 0.00031505 0.00014245 0.00014065 0.00064565 0.00058425 0.0001425 0.00015915 0.0001459 0.0001578 0.0001596 0.00016715 0.000435 8.04e-05 0.000257 8.93e-05 9.025e-05 0.00019155 0.0002427 8.025e-05 0.00010735 0.00058425 7.38e-05 0.00050675 9.03e-05 0.0004554 0.0004869 0.0001437 7.9e-05 0.0002993 0.0003597 0.00050295 0.0001977 9.01e-05 0.00018015 0.000376 0.0003651 0.000181 0.0005253 0.0004742 9.05e-05 0.0001427 0.0001348 0.00022855 0.0003569 0.0001307 0.00076245 0.00010755 9.39e-05 0.00018675 0.00029475 0.0005696 0.00031085 0.00071755 0.0003899 7.525e-05 7.655e-05 0.00019915 9.265e-05 0.00043495 0.0002427 0.0001657 0.0001428 0.00010745 0.0001347 0.0002039 0.00044015 0.0007175 0.00023445 7.345e-05 0.00034865 0.00019665 0.0001577 0.00076255 0.0003688 7.36e-05 0.00020425 0.0003009 0.0003843
30 0.00016885 0.00018585 0.0001552 9.4e-05 0.00027235 0.000207 0.00061115 0.00034875 0.00010605 0.00039385 9.37e-05 0.0001336 0.0001557 8.705e-05 9.38e-05 8.64e-05 0.00020305 0.0004179 0.00026685 0.0003936 0.000102 9.87e-05 0.000349 0.00016725 8.58e-05 0.00057355 0.0005261 0.0001673 9.8e-05 0.0001578 0.0001713 9.84e-05 0.00010025 0.0003936 8.71e-05 0.0002188 0.0001696 0.0001549 0.0001083 0.000283 8.715e-05 8.605e-05 0.00052615 0.00015535 0.00048995 0.00015515 0.0003937 0.00040565 8.64e-05 8.715e-05 0.00032425 0.00034665 0.00039675 0.00022645 8.86e-05 8.695e-05 0.0003491 0.00030365 0.00022665 0.000546 0.0004075 8.87e-05 8.67e-05 0.0001627 0.00020385 0.0003464 0.00010055 0.00070095 8.575e-05 8.64e-05 0.000198 0.0002954 0.0005106 0.0002745 0.00065635 0.0003486 8.94e-05 8.635e-05 0.00010095 8.68e-05 0.00039325 0.000283 0.0001889 0.0001383 8.565e-05 9.625e-05 0.0001061 0.0004007 0.0006563 0.00016475 0.000158 0.0003037 0.00010205 0.00013775 0.00070105 0.00031725 8.915e-05 9.47e-05 0.0002688 0.0004694
31 0.0001701 0.00019725 0.00015735 8.955e-05 0.0002664 0.0002086 0.000589 0.0003389 8.935e-05 0.0003842 8.93e-05 0.0001346 0.00016725 8.97e-05 8.955e-05 8.785e-05 0.00021755 0.0004078 0.00028825 0.0003829 9.24e-05 8.75e-05 0.0003606 0.0001561 9.925e-05 0.00057335 0.0005263 0.00015615 8.65e-05 0.0001596 9.84e-05 0.0001727 9.39e-05 0.00038295 8.815e-05 0.0002306 0.0001716 0.0001565 9.5e-05 0.00028035 8.815e-05 8.685e-05 0.0005264 0.0001575 0.0004724 0.0001565 0.0003848 0.0003827 9.825e-05 8.875e-05 0.0003184 0.00033665 0.0003967 0.0002277 8.98e-05 9.965e-05 0.00033915 0.0002929 0.0002289 0.000532 0.00038795 9.03e-05 9.865e-05 0.00015895 0.000207 0.00033715 9.26e-05 0.00067885 8.685e-05 8.715e-05 0.00020225 0.00028035 0.000502 0.00028615 0.00063445 0.00033825 9.145e-05 8.865e-05 0.000103 8.795e-05 0.0003828 0.00028035 0.00018435 0.00013925 8.675e-05 9.23e-05 8.94e-05 0.00039045 0.0006344 0.0001695 0.00015955 0.00029315 9.245e-05 0.00013895 0.00067895 0.00032885 9.135e-05 0.00010045 0.00028045 0.0004598
32 0.00019225 0.0002129 0.0001649 9.355e-05 0.00030625 0.00023015 0.00059245 0.0003304 6.405e-05 0.0003895 9.34e-05 0.0001705 0.0001554 9.685e-05 9.355e-05 9.6e-05 0.00018475 0.0004132 0.00027045 0.0004028 6.405e-05 8.02e-05 0.00036245 0.00014895 8.65e-05 0.00057295 0.0005119 0.000149 9.35e-05 0.00016715 0.00010025 9.39e-05 6.16e-05 0.0004028 9.635e-05 0.0002326 0.00017915 0.00017845 4.765e-05 0.00031855 9.645e-05 0.0001231 0.00051195 0.00016505 0.0004958 0.00017845 0.0003566 0.0003733 8.625e-05 9.67e-05 0.00035785 0.0003283 0.000396 0.00024985 0.0001117 5.41e-05 0.00034445 0.0003128 0.0002365 0.00055345 0.0003565 0.0001121 8.66e-05 0.00014865 0.00019435 0.00032845 6.37e-05 0.0006823 0.0001232 0.00010965 0.00017535 0.00028925 0.00048725 0.00028805 0.0006376 0.00035785 9.88e-05 9.61e-05 5.415e-05 0.0001101 0.0004027 0.00031855 0.0002037 0.0001613 0.0001231 8.2e-05 6.41e-05 0.00040965 0.00063755 0.0001696 0.0001673 0.00029915 6.41e-05 0.0001749 0.0006824 0.00034445 9.87e-05 7.065e-05 0.0002821 0.0005015
33 0.000427 0.00038115 0.0004329 0.0003849 0.0004657 0.00041885 0.00036665 0.0003991 0.00040055 0.0003832 0.0003846 0.00036715 0.000443 0.00039965 0.0003849 0.0003968 0.00039545 0.00041705 0.00040385 0.000367 0.00040285 0.0003973 0.0004376 0.00043255 0.0004094 0.00037755 0.0003917 0.0004326 0.0003825 0.000435 0.0003936 0.00038295 0.0004028 0.0007332 0.00039575 0.000392 0.00044325 0.000417 0.00040525 0.00046 0.00039555 0.00036685 0.0003919 0.00043305 0.00046545 0.000417 0.00038265 0.0003826 0.0004074 0.0003974 0.00046745 0.00039545 0.0003795 0.00038115 0.00038485 0.0004089 0.0003815 0.0003669 0.00039745 0.0004603 0.00038695 0.00038545 0.0004091 0.0004345 0.00038365 0.0003974 0.000403 0.0003668 0.0003671 0.00038095 0.00039925 0.00047585 0.00036875 0.00039365 0.000367 0.00036715 0.00040135 0.0003973 0.0004134 0.00038305 0.0003669 0.00046 0.0004407 0.0003843 0.000367 0.0004025 0.0004006 0.0003691 0.00036715 0.00043665 0.00043505 0.0003824 0.0004029 0.00036895 0.0003667 0.0003775 0.00040145 0.00041105 0.0003957 0.0005585
34 0.0001021 0.0002001 7.795e-05 7.805e-05 0.00022335 0.0001417 0.00067135 0.00032675 0.00013625 0.00038565 7.77e-05 7.775e-05 0.00014365 8.75e-06 7.815e-05 6.4e-06 0.0002396 0.000409 0.0003343 0.00039565 0.00012625 7.42e-05 0.00035065 0.0001464 7.655e-05 0.00064425 0.0005832 0.00014645 8.81e-05 8.04e-05 8.71e-05 8.815e-05 9.635e-05 0.00039575 4.2e-06 0.00021795 9.07e-05 8.83e-05 0.0001241 0.00024185 3.05e-06 3.01e-05 0.00058325 7.81e-05 0.00049885 8.82e-05 0.0004162 0.00045385 7.375e-05 4.75e-06 0.00027665 0.0003215 0.00046745 0.00015805 2.21e-05 0.0001061 0.0003376 0.00030565 0.0001479 0.0005627 0.00044135 2.25e-05 7.52e-05 0.0001359 0.00016875 0.0003246 6.575e-05 0.0007612 3.02e-05 1.6e-05 0.00015355 0.00030015 0.0005482 0.00027475 0.0007165 0.0003508 1.09e-05 6.5e-06 0.0001315 1.87e-05 0.00039565 0.00024185 0.0001225 7.17e-05 3.01e-05 6.98e-05 0.0001363 0.0004043 0.00071645 0.00016415 8.055e-05 0.0002953 0.0001263 8.36e-05 0.0007613 0.00032975 1.23e-05 0.00013365 0.00027085 0.0004349
35 0.0002629 0.00031525 0.0002548 0.0002261 0.00037995 0.00030195 0.00053985 0.0003488 0.00023955 0.0003939 0.0002259 0.0002644 0.00025445 0.0002208 0.00022595 0.0002189 0.00026635 0.00038325 0.00026605 0.000392 0.0002354 0.00023095 0.00031025 0.0002664 0.0002206 0.00043915 0.0003917 0.00026645 0.0002302 0.000257 0.0002188 0.0002306 0.0002326 0.000392 0.00021795 0.0004329 0.00026495 0.00025255 0.00024195 0.00037695 0.00021785 0.00021685 0.0003915 0.00025495 0.00052785 0.0002527 0.0003921 0.00040545 0.0002187 0.00021925 0.00042925 0.00034495 0.00039635 0.0002249 0.00022105 0.00021895 0.0003474 0.00036475 0.00022695 0.00050755 0.00040745 0.00022095 0.00022055 0.00026165 0.00026505 0.00034645 0.0002347 0.00056685 0.00021665 0.0002172 0.00021905 0.00039075 0.00043935 0.00027415 0.00052235 0.000347 0.00022315 0.0002189 0.0002345 0.0002191 0.00039175 0.00037695 0.000312 0.0002679 0.00021655 0.0002301 0.0002396 0.0003965 0.0005223 0.000298 0.0002574 0.0003666 0.00023545 0.00026605 0.00056705 0.00031565 0.00022325 0.000228 0.00026845 0.00054015
36 0.00010205 0.000281 8.66e-05 0.00016255 0.00026095 0.000152 0.0007024 0.00036905 0.0002161 0.00042785 0.00016215 0.00016475 0.00015445 8.675e-05 0.00016255 8.88e-05 0.0003056 0.00038245 0.0003788 0.0004433 0.0002074 0.0001577 0.0003105 0.0001556 0.00015395 0.0006517 0.0005903 0.00015565 0.00017115 8.93e-05 0.0001696 0.0001716 0.00017915 0.00044325 9.07e-05 0.00026495 0.0001725 0.0001021 0.00020385 0.0002432 9.045e-05 0.00011765 0.00059015 8.675e-05 0.00051995 0.0001021 0.0004636 0.00049685 0.00015575 8.865e-05 0.00031075 0.0003679 0.00051155 0.00020565 0.0001048 0.00019065 0.0003843 0.0003769 0.00019045 0.00052375 0.0004842 0.00010485 0.00015475 0.0001464 0.0002403 0.00036645 0.00014415 0.00076865 0.00011785 0.00010415 0.00019995 0.00029695 0.00057925 0.00031915 0.00072375 0.00039815 8.935e-05 8.84e-05 0.00021145 0.00010205 0.0004432 0.0002432 0.00017655 0.0001525 0.00011775 0.00014925 0.00021615 0.00044815 0.0007237 0.0002445 8.94e-05 0.00036185 0.00020745 0.00016775 0.00076875 0.00037705 8.97e-05 0.00021505 0.0003135 0.0003862
