 slim_337540093 slim_337540094 slim_337540032 slim_337540036 slim_337540084 slim_337539873 slim_337540076 slim_337540043 slim_337539877 slim_337539938 slim_337540018 slim_337539834 slim_337539949 slim_337539916 slim_337540012 slim_337540046 slim_337540081 slim_337539448 slim_337540048 slim_337540070 slim_337540019 slim_337539805 slim_337539954 slim_337540092 slim_337538942 slim_337539973 slim_337539848 slim_337539974 slim_337539951 slim_337539861 slim_337539972 slim_337539616 slim_337540087 slim_337539830 slim_337540077 slim_337539975 slim_337540078 slim_337539734 slim_337540082 slim_337539718 slim_337539994 slim_337539855 slim_337539952 slim_337540037 slim_337539865 slim_337540068 slim_337540016 slim_337540075 slim_337540044 slim_337540072 slim_337539903 slim_337539953 slim_337540097 slim_337539988 slim_337540066 slim_337540067 slim_337539863 slim_337540071 slim_337540059 slim_337539909 slim_337539936 slim_337540038 slim_337539924 slim_337540095 slim_337540091 slim_337540049 slim_337539933 slim_337540033 slim_337540022 slim_337539935 slim_337540074 slim_337540026 slim_337540000 slim_337539556 slim_337540031 slim_337540079 slim_337539986 slim_337539899 slim_337540073 slim_337540017 slim_337540080 slim_337540062 slim_337539950 slim_337540069 slim_337540050 slim_337540034 slim_337540086 slim_337539920 slim_337539743 slim_337540041 slim_337539977 slim_337540063 slim_337539967 slim_337540088 slim_337540090 slim_337540083 slim_337540005 slim_337540039 slim_337540096 slim_337539929
0 0.0001352 6.86e-05 7.045e-05 7.005e-05 7.065e-05 7.005e-05 7.035e-05 7.155e-05 7.04e-05 7.08e-05 7.235e-05 7.005e-05 7.15e-05 6.96e-05 7.115e-05 7.125e-05 7.125e-05 7.09e-05 6.895e-05 7.12e-05 7.19e-05 7.105e-05 6.79e-05 6.965e-05 7.325e-05 7.22e-05 7.16e-05 7.18e-05 6.99e-05 6.925e-05 6.9e-05 7.11e-05 7.235e-05 7.2e-05 7.03e-05 6.89e-05 7.07e-05 7.075e-05 7.205e-05 7.05e-05 6.92e-05 7.21e-05 7.345e-05 7.165e-05 6.985e-05 7.215e-05 7.165e-05 7.4e-05 6.9e-05 7.14e-05 7.05e-05 7.15e-05 7.015e-05 7.15e-05 6.96e-05 7.17e-05 6.995e-05 7.355e-05 7.12e-05 7.345e-05 7e-05 7.025e-05 7.12e-05 7.36e-05 6.98e-05 6.935e-05 7.205e-05 7.06e-05 7.08e-05 7.045e-05 6.925e-05 6.965e-05 7.14e-05 7.09e-05 6.96e-05 7.255e-05 7.27e-05 7.055e-05 7.195e-05 7.015e-05 7.145e-05 7.13e-05 7.095e-05 7.14e-05 7.22e-05 6.84e-05 7.155e-05 7.03e-05 6.955e-05 7.2e-05 7.185e-05 7.185e-05 7.17e-05 6.97e-05 7.205e-05 7.145e-05 7.035e-05 6.87e-05 7.09e-05 7.125e-05
1 6.86e-05 6.13e-05 3.385e-05 6.88e-05 0.0001072 6.89e-05 3.19e-05 3.53e-05 3.265e-05 3.375e-05 3.585e-05 3.345e-05 7.16e-05 3.085e-05 3.355e-05 7.1e-05 7.165e-05 3.47e-05 3.115e-05 7.1e-05 3.535e-05 3.48e-05 3.095e-05 3.275e-05 3.76e-05 3.61e-05 3.505e-05 3.535e-05 3.12e-05 6.9e-05 3.19e-05 3.365e-05 3.535e-05 3.605e-05 3.18e-05 3.105e-05 3.325e-05 7.065e-05 3.55e-05 3.325e-05 0.00010685 3.55e-05 3.78e-05 7.175e-05 3.12e-05 3.625e-05 3.605e-05 3.805e-05 0.00010665 3.575e-05 0.00010695 3.475e-05 7.13e-05 7.155e-05 3.12e-05 7.18e-05 3.315e-05 3.79e-05 3.425e-05 3.785e-05 6.885e-05 7.06e-05 3.505e-05 3.735e-05 3.29e-05 6.91e-05 3.595e-05 7.02e-05 6.985e-05 3.195e-05 6.895e-05 3.185e-05 3.515e-05 3.34e-05 3.08e-05 3.53e-05 3.555e-05 0.000107 3.46e-05 3.355e-05 3.475e-05 3.435e-05 3.34e-05 3.525e-05 3.55e-05 6.84e-05 3.595e-05 3.385e-05 7.115e-05 3.605e-05 3.555e-05 3.525e-05 3.54e-05 3.105e-05 3.55e-05 3.525e-05 3.47e-05 3.12e-05 6.995e-05 3.515e-05
2 7.045e-05 3.385e-05 6.08e-05 7.105e-05 0.0001069 7.105e-05 3.53e-05 3.465e-05 3.5e-05 3.365e-05 3.67e-05 3.07e-05 6.8e-05 3.68e-05 3.44e-05 6.97e-05 7.075e-05 3.395e-05 3.375e-05 7.105e-05 3.2e-05 3.355e-05 3.085e-05 3.195e-05 3.745e-05 3.395e-05 3.16e-05 3.14e-05 3.71e-05 6.785e-05 3.25e-05 3.375e-05 3.515e-05 3.345e-05 3.57e-05 3.365e-05 3.395e-05 6.87e-05 3.215e-05 3.62e-05 0.00010775 3.22e-05 3.765e-05 6.855e-05 3.705e-05 3.325e-05 3.58e-05 3.545e-05 0.00010755 3.56e-05 0.0001053 3.355e-05 7.095e-05 6.8e-05 3.675e-05 6.845e-05 3.17e-05 3.775e-05 3.485e-05 3.76e-05 7.1e-05 7.01e-05 3.385e-05 3.67e-05 3.195e-05 6.805e-05 3.38e-05 7.225e-05 7e-05 3.585e-05 6.785e-05 3.435e-05 3.45e-05 3.385e-05 3.68e-05 3.825e-05 3.84e-05 0.00010535 3.285e-05 3.05e-05 3.26e-05 3.515e-05 3.365e-05 3.405e-05 3.285e-05 6.98e-05 3.57e-05 3.59e-05 7.28e-05 3.345e-05 3.5e-05 3.205e-05 3.485e-05 3.69e-05 3.19e-05 3.45e-05 3.65e-05 3.355e-05 7.01e-05 3.435e-05
3 7.005e-05 6.88e-05 7.105e-05 8.09e-05 4.315e-05 4.075e-05 4.26e-05 9.805e-05 6.895e-05 9.58e-05 9.76e-05 7.08e-05 4.28e-05 4.065e-05 4.315e-05 6.915e-05 6.995e-05 9.7e-05 6.9e-05 4.48e-05 7.1e-05 9.705e-05 9.71e-05 9.71e-05 0.00010025 7.215e-05 7.04e-05 7.035e-05 4.1e-05 6.885e-05 9.575e-05 4.28e-05 9.65e-05 7.18e-05 4.225e-05 6.89e-05 4.305e-05 6.83e-05 7.115e-05 6.95e-05 4.205e-05 7.1e-05 0.00010045 4.305e-05 4.1e-05 7.17e-05 9.86e-05 7.375e-05 4.195e-05 9.845e-05 4.075e-05 4.36e-05 4.425e-05 4.26e-05 4.085e-05 4.31e-05 9.685e-05 0.00010055 7.105e-05 0.00010035 4.07e-05 4.37e-05 9.715e-05 0.00010005 9.725e-05 6.9e-05 7.2e-05 4.335e-05 4.23e-05 4.24e-05 6.87e-05 6.9e-05 9.79e-05 4.27e-05 4.06e-05 7.15e-05 7.175e-05 4.085e-05 4.43e-05 7.075e-05 7.165e-05 7.11e-05 4.255e-05 9.735e-05 7.16e-05 6.96e-05 9.85e-05 9.18e-05 7.075e-05 7.18e-05 9.815e-05 7.07e-05 9.8e-05 4.085e-05 7.115e-05 9.785e-05 9.31e-05 6.89e-05 4.24e-05 9.55e-05
4 7.065e-05 0.0001072 0.0001069 4.315e-05 1.03e-05 4.325e-05 8.13e-05 0.000133 0.0001072 0.0001327 0.0001338 0.00010665 4.285e-05 8.11e-05 8.125e-05 6.965e-05 6.91e-05 0.00013205 0.0001073 4.4e-05 0.0001068 0.00013185 0.0001333 0.00013325 0.000134 0.0001069 0.00010635 0.00010565 8.145e-05 6.925e-05 0.0001327 8.075e-05 0.0001334 0.00010645 8.135e-05 0.0001072 8.095e-05 6.815e-05 0.00010695 0.00010665 6.85e-06 0.00010695 0.00013425 4.31e-05 8.14e-05 0.0001063 0.00013235 0.0001084 6.85e-06 0.00013225 5.35e-06 8.11e-05 4.465e-05 4.27e-05 8.085e-05 4.315e-05 0.00013255 0.00013435 0.000106 0.0001341 4.325e-05 4.47e-05 0.00013165 0.000135 0.0001334 6.94e-05 0.00010675 4.39e-05 4.35e-05 8.15e-05 6.915e-05 0.00010725 0.00013285 8.07e-05 8.11e-05 0.0001087 0.00010885 5.45e-06 8.1e-05 0.0001066 0.0001072 0.00010685 8.06e-05 0.0001318 0.00010755 7.1e-05 0.00013225 0.0001295 7.015e-05 0.0001064 0.00013325 0.0001062 0.00013305 8.125e-05 0.00010695 0.00013275 0.00012965 0.0001068 4.36e-05 0.0001312
5 7.005e-05 6.89e-05 7.105e-05 4.075e-05 4.325e-05 8.11e-05 4.27e-05 9.805e-05 6.9e-05 9.585e-05 9.765e-05 7.08e-05 4.27e-05 4.07e-05 4.32e-05 6.91e-05 6.985e-05 9.7e-05 6.905e-05 4.48e-05 7.1e-05 9.705e-05 9.71e-05 9.71e-05 0.00010025 7.215e-05 7.04e-05 7.035e-05 4.105e-05 6.88e-05 9.58e-05 4.285e-05 9.655e-05 7.18e-05 4.23e-05 6.885e-05 4.3e-05 6.825e-05 7.115e-05 6.96e-05 4.195e-05 7.1e-05 0.00010045 4.3e-05 4.11e-05 7.17e-05 9.86e-05 7.375e-05 4.185e-05 9.845e-05 4.065e-05 4.365e-05 4.425e-05 4.275e-05 4.075e-05 4.305e-05 9.685e-05 0.00010055 7.1e-05 0.00010035 4.065e-05 4.365e-05 9.715e-05 0.00010005 9.725e-05 6.89e-05 7.2e-05 4.34e-05 4.225e-05 4.245e-05 6.885e-05 6.905e-05 9.79e-05 4.27e-05 4.065e-05 7.16e-05 7.18e-05 4.07e-05 4.43e-05 7.075e-05 7.165e-05 7.11e-05 4.265e-05 9.735e-05 7.16e-05 6.955e-05 9.85e-05 9.18e-05 7.075e-05 7.18e-05 9.815e-05 7.07e-05 9.8e-05 4.095e-05 7.115e-05 9.785e-05 9.305e-05 6.885e-05 4.235e-05 9.54e-05
6 7.035e-05 3.19e-05 3.53e-05 4.26e-05 8.13e-05 4.27e-05 7.1e-06 6.04e-05 3.095e-05 5.87e-05 6.2e-05 3.49e-05 4.59e-05 3.7e-06 6.75e-06 7.07e-05 7.215e-05 6.035e-05 3.205e-05 4.445e-05 3.425e-05 6.045e-05 6.02e-05 5.92e-05 6.385e-05 3.6e-05 3.46e-05 3.475e-05 4.05e-06 7.085e-05 5.965e-05 7e-06 6.08e-05 3.615e-05 4.2e-06 3.2e-05 7.25e-06 7.045e-05 3.435e-05 3.285e-05 8.12e-05 3.48e-05 6.405e-05 4.57e-05 4e-06 3.625e-05 6.225e-05 3.81e-05 8.1e-05 6.205e-05 8.165e-05 8.7e-06 4.505e-05 4.585e-05 4.3e-06 4.61e-05 6.01e-05 6.415e-05 3.33e-05 6.4e-05 4.265e-05 4.52e-05 6.065e-05 6.24e-05 5.935e-05 7.095e-05 3.585e-05 4.41e-05 4.32e-05 4.35e-06 7.08e-05 3.105e-05 6.02e-05 6.8e-06 3.7e-06 3.485e-05 3.505e-05 8.17e-05 7.5e-06 3.5e-05 3.395e-05 3.34e-05 6.8e-06 6.085e-05 3.415e-05 6.995e-05 6.215e-05 5.63e-05 7.13e-05 3.615e-05 6.105e-05 3.445e-05 6.09e-05 3.85e-06 3.44e-05 6.02e-05 5.735e-05 3.235e-05 4.33e-05 6.115e-05
7 7.155e-05 3.53e-05 3.465e-05 9.805e-05 0.000133 9.805e-05 6.04e-05 1.15e-05 3.405e-05 6.6e-06 9.1e-06 3.425e-05 9.725e-05 6.225e-05 6.11e-05 7.05e-05 7.035e-05 6.5e-06 3.54e-05 9.61e-05 3.32e-05 6.7e-06 8.4e-06 7e-06 8.25e-06 3.325e-05 3.37e-05 3.445e-05 6.255e-05 7.105e-05 7.95e-06 6.15e-05 1.015e-05 3.315e-05 6.16e-05 3.535e-05 6.165e-05 7.1e-05 3.345e-05 3.425e-05 0.0001344 3.375e-05 8.55e-06 9.705e-05 6.25e-05 3.38e-05 6.25e-06 3.565e-05 0.0001342 6e-06 0.00013385 6.145e-05 9.73e-05 9.725e-05 6.235e-05 9.745e-05 8.65e-06 8.7e-06 3.335e-05 8.6e-06 9.8e-05 9.82e-05 7.3e-06 8.4e-06 7.15e-06 7.115e-05 3.31e-05 9.685e-05 9.745e-05 6.175e-05 7.105e-05 3.445e-05 6.3e-06 6.13e-05 6.225e-05 3.645e-05 3.66e-05 0.0001339 6.1e-05 3.435e-05 3.25e-05 3.385e-05 6.135e-05 7.5e-06 3.315e-05 7.185e-05 6.15e-06 1.235e-05 7.06e-05 3.35e-05 6.45e-06 3.405e-05 6.7e-06 6.235e-05 3.335e-05 6.35e-06 1.2e-05 3.525e-05 9.755e-05 8.55e-06
8 7.04e-05 3.265e-05 3.5e-05 6.895e-05 0.0001072 6.9e-05 3.095e-05 3.405e-05 6.14e-05 3.235e-05 3.675e-05 3.46e-05 7.12e-05 3.105e-05 3.295e-05 7.075e-05 7.22e-05 3.51e-05 3.265e-05 7.075e-05 3.315e-05 3.52e-05 3.435e-05 3.255e-05 3.86e-05 3.605e-05 3.46e-05 3.44e-05 3.12e-05 7.06e-05 3.41e-05 3.315e-05 3.52e-05 3.615e-05 3.135e-05 3.27e-05 3.35e-05 7.015e-05 3.32e-05 3.39e-05 0.00010685 3.48e-05 3.88e-05 7.1e-05 3.105e-05 3.625e-05 3.7e-05 3.81e-05 0.00010665 3.68e-05 0.000107 3.415e-05 7.07e-05 7.115e-05 3.135e-05 7.14e-05 3.42e-05 3.89e-05 3.43e-05 3.875e-05 6.895e-05 7.08e-05 3.505e-05 3.605e-05 3.27e-05 7.07e-05 3.59e-05 7.04e-05 6.95e-05 3.15e-05 7.055e-05 3.165e-05 3.38e-05 3.305e-05 3.1e-05 3.59e-05 3.595e-05 0.00010705 3.365e-05 3.47e-05 3.25e-05 3.44e-05 3.31e-05 3.525e-05 3.305e-05 7e-05 3.69e-05 3.37e-05 7.165e-05 3.615e-05 3.58e-05 3.415e-05 3.565e-05 3.09e-05 3.33e-05 3.38e-05 3.47e-05 3.285e-05 6.96e-05 3.6e-05
9 7.08e-05 3.375e-05 3.365e-05 9.58e-05 0.0001327 9.585e-05 5.87e-05 6.6e-06 3.235e-05 9.2e-06 8.7e-06 3.325e-05 9.56e-05 6e-05 5.93e-05 6.88e-05 7.025e-05 6.8e-06 3.385e-05 9.64e-05 3.205e-05 6.9e-06 7.55e-06 6e-06 9.95e-06 3.355e-05 3.255e-05 3.33e-05 6.03e-05 6.955e-05 6.1e-06 5.98e-05 8.4e-06 3.39e-05 5.99e-05 3.38e-05 6.005e-05 6.935e-05 3.23e-05 3.41e-05 0.000133 3.255e-05 1.005e-05 9.54e-05 6.025e-05 3.41e-05 8.5e-06 3.58e-05 0.0001328 8.1e-06 0.0001317 5.965e-05 9.63e-05 9.555e-05 6.01e-05 9.58e-05 7.65e-06 1.025e-05 3.365e-05 1.02e-05 9.58e-05 9.66e-05 7.5e-06 8.55e-06 6.15e-06 6.965e-05 3.34e-05 9.66e-05 9.58e-05 6.005e-05 6.95e-05 3.28e-05 6.55e-06 5.96e-05 6e-05 3.605e-05 3.62e-05 0.00013175 5.975e-05 3.335e-05 3.135e-05 3.415e-05 5.965e-05 7.7e-06 3.19e-05 7.035e-05 8.4e-06 1.09e-05 7.105e-05 3.39e-05 7.2e-06 3.28e-05 7.05e-06 6.01e-05 3.22e-05 6.65e-06 1.18e-05 3.37e-05 9.59e-05 8.25e-06
10 7.235e-05 3.585e-05 3.67e-05 9.76e-05 0.0001338 9.765e-05 6.2e-05 9.1e-06 3.675e-05 8.7e-06 1.01e-05 3.63e-05 9.835e-05 6.155e-05 6.2e-05 7.065e-05 7.005e-05 6.15e-06 3.595e-05 9.755e-05 3.75e-05 6.5e-06 1.02e-05 1.105e-05 5.65e-06 3.425e-05 3.49e-05 3.715e-05 6.185e-05 7.19e-05 7.8e-06 6.23e-05 8.2e-06 3.44e-05 6.24e-05 3.59e-05 6.235e-05 7.25e-05 3.765e-05 3.365e-05 0.00013425 3.51e-05 5.65e-06 9.85e-05 6.18e-05 3.455e-05 6e-06 3.43e-05 0.00013405 5.55e-06 0.00013375 6.23e-05 9.845e-05 9.83e-05 6.165e-05 9.855e-05 1.11e-05 5.85e-06 3.415e-05 5.7e-06 9.76e-05 9.895e-05 8.3e-06 9.2e-06 1.12e-05 7.2e-05 3.41e-05 9.68e-05 9.855e-05 6.255e-05 7.185e-05 3.605e-05 9e-06 6.21e-05 6.155e-05 3.36e-05 3.375e-05 0.0001338 6.32e-05 3.64e-05 3.71e-05 3.46e-05 6.215e-05 8.5e-06 3.745e-05 7.25e-05 5.9e-06 1.22e-05 6.995e-05 3.44e-05 6.8e-06 3.685e-05 6.65e-06 6.165e-05 3.765e-05 9e-06 1.19e-05 3.58e-05 9.865e-05 7.45e-06
11 7.005e-05 3.345e-05 3.07e-05 7.08e-05 0.00010665 7.08e-05 3.49e-05 3.425e-05 3.46e-05 3.325e-05 3.63e-05 6e-05 6.8e-05 3.64e-05 3.4e-05 6.945e-05 7.05e-05 3.365e-05 3.345e-05 7.07e-05 3.185e-05 3.32e-05 3.045e-05 3.155e-05 3.705e-05 3.355e-05 3.16e-05 3.13e-05 3.67e-05 6.77e-05 3.21e-05 3.365e-05 3.475e-05 3.285e-05 3.53e-05 3.34e-05 3.325e-05 6.845e-05 3.2e-05 3.58e-05 0.0001075 3.21e-05 3.725e-05 6.84e-05 3.665e-05 3.32e-05 3.545e-05 3.485e-05 0.0001073 3.52e-05 0.0001052 3.33e-05 7.055e-05 6.8e-05 3.625e-05 6.795e-05 3.115e-05 3.735e-05 3.45e-05 3.725e-05 7.075e-05 6.925e-05 3.345e-05 3.63e-05 3.17e-05 6.78e-05 3.34e-05 7.19e-05 6.975e-05 3.545e-05 6.77e-05 3.395e-05 3.41e-05 3.32e-05 3.64e-05 3.785e-05 3.8e-05 0.00010525 3.28e-05 3.04e-05 3.23e-05 3.48e-05 3.35e-05 3.365e-05 3.245e-05 6.955e-05 3.535e-05 3.55e-05 7.24e-05 3.28e-05 3.46e-05 3.165e-05 3.445e-05 3.65e-05 3.2e-05 3.415e-05 3.615e-05 3.305e-05 6.985e-05 3.415e-05
12 7.15e-05 7.16e-05 6.8e-05 4.28e-05 4.285e-05 4.27e-05 4.59e-05 9.725e-05 7.12e-05 9.56e-05 9.835e-05 6.8e-05 7.75e-05 4.655e-05 4.39e-05 6.765e-05 6.88e-05 9.62e-05 7.17e-05 4.47e-05 6.735e-05 9.57e-05 9.67e-05 9.625e-05 9.995e-05 6.985e-05 6.69e-05 6.625e-05 4.685e-05 6.77e-05 9.6e-05 4.28e-05 9.62e-05 6.905e-05 4.605e-05 7.165e-05 4.355e-05 6.615e-05 6.76e-05 7.235e-05 4.265e-05 6.755e-05 0.00010015 3.96e-05 4.68e-05 6.86e-05 9.825e-05 7.1e-05 4.26e-05 9.815e-05 3.885e-05 4.225e-05 4.375e-05 3.89e-05 4.635e-05 3.955e-05 9.535e-05 0.00010025 7.155e-05 0.0001 4.265e-05 4.3e-05 9.58e-05 9.925e-05 9.64e-05 6.78e-05 6.97e-05 4.53e-05 4.225e-05 4.62e-05 6.78e-05 7.125e-05 9.71e-05 4.305e-05 4.655e-05 7.435e-05 7.45e-05 3.89e-05 4.245e-05 6.765e-05 6.93e-05 7.18e-05 4.265e-05 9.6e-05 6.88e-05 7.105e-05 9.815e-05 9.37e-05 7.225e-05 6.905e-05 9.745e-05 6.735e-05 9.73e-05 4.665e-05 6.765e-05 9.7e-05 9.475e-05 7.125e-05 4.235e-05 9.45e-05
13 6.96e-05 3.085e-05 3.68e-05 4.065e-05 8.11e-05 4.07e-05 3.7e-06 6.225e-05 3.105e-05 6e-05 6.155e-05 3.64e-05 4.655e-05 6e-07 6.45e-06 7.14e-05 7.215e-05 6.125e-05 3.11e-05 4.47e-05 3.675e-05 6.155e-05 6.135e-05 6.135e-05 6.44e-05 3.755e-05 3.615e-05 3.66e-05 8.5e-07 7.115e-05 5.995e-05 6.4e-06 6.1e-05 3.735e-05 2.65e-06 3.085e-05 6.45e-06 7.11e-05 3.69e-05 3.15e-05 7.96e-05 3.67e-05 6.46e-05 4.67e-05 9.5e-07 3.745e-05 6.28e-05 3.93e-05 7.94e-05 6.26e-05 8.11e-05 8.4e-06 4.5e-05 4.645e-05 8e-07 4.675e-05 6.16e-05 6.47e-05 3.395e-05 6.455e-05 4.075e-05 4.455e-05 6.185e-05 6.425e-05 6.15e-05 7.125e-05 3.74e-05 4.275e-05 4.29e-05 2.8e-06 7.105e-05 3.11e-05 6.21e-05 6.05e-06 3e-07 3.35e-05 3.38e-05 8.115e-05 8.4e-06 3.65e-05 3.645e-05 3.365e-05 6.1e-06 6.205e-05 3.705e-05 6.91e-05 6.27e-05 5.49e-05 7.025e-05 3.735e-05 6.23e-05 3.665e-05 6.215e-05 8e-07 3.69e-05 6.21e-05 5.62e-05 3.12e-05 4.3e-05 6.115e-05
14 7.115e-05 3.355e-05 3.44e-05 4.315e-05 8.125e-05 4.32e-05 6.75e-06 6.11e-05 3.295e-05 5.93e-05 6.2e-05 3.4e-05 4.39e-05 6.45e-06 1.22e-05 6.975e-05 7.135e-05 6.06e-05 3.36e-05 4.515e-05 3.375e-05 6.03e-05 6.075e-05 6.015e-05 6.395e-05 3.435e-05 3.355e-05 3.355e-05 6.55e-06 7.03e-05 5.985e-05 7.1e-06 6.085e-05 3.5e-05 6.65e-06 3.36e-05 7.4e-06 6.96e-05 3.39e-05 3.425e-05 8.09e-05 3.35e-05 6.405e-05 4.345e-05 6.45e-06 3.52e-05 6.24e-05 3.7e-05 8.07e-05 6.2e-05 8e-05 6.5e-06 4.385e-05 4.385e-05 6.75e-06 4.41e-05 6.03e-05 6.425e-05 3.465e-05 6.42e-05 4.315e-05 4.45e-05 6.055e-05 6.315e-05 6.03e-05 7.04e-05 3.42e-05 4.495e-05 4.355e-05 6.7e-06 7.025e-05 3.28e-05 6.095e-05 6.95e-06 6.4e-06 3.63e-05 3.64e-05 8.005e-05 7.45e-06 3.41e-05 3.435e-05 3.47e-05 7e-06 6.075e-05 3.32e-05 7.07e-05 6.23e-05 5.665e-05 7.175e-05 3.5e-05 6.095e-05 3.27e-05 6.08e-05 6.4e-06 3.39e-05 6.105e-05 5.805e-05 3.375e-05 4.365e-05 6.025e-05
15 7.125e-05 7.1e-05 6.97e-05 6.915e-05 6.965e-05 6.91e-05 7.07e-05 7.05e-05 7.075e-05 6.88e-05 7.065e-05 6.945e-05 6.765e-05 7.14e-05 6.975e-05 0.0001334 6.89e-05 6.88e-05 7.11e-05 7.06e-05 6.935e-05 6.88e-05 7.065e-05 7.035e-05 7.23e-05 6.94e-05 6.805e-05 6.89e-05 7.17e-05 6.86e-05 6.905e-05 7e-05 7.04e-05 6.965e-05 7.14e-05 7.105e-05 7.03e-05 6.795e-05 6.95e-05 7.09e-05 6.945e-05 6.775e-05 7.235e-05 6.755e-05 7.165e-05 6.96e-05 7.06e-05 7.17e-05 6.935e-05 7.025e-05 6.67e-05 6.935e-05 6.995e-05 6.77e-05 7.135e-05 6.795e-05 7.03e-05 7.265e-05 7.05e-05 7.245e-05 6.905e-05 7.015e-05 6.965e-05 7.26e-05 7.05e-05 6.875e-05 6.925e-05 7.07e-05 6.91e-05 7.155e-05 6.87e-05 7.04e-05 7.04e-05 6.995e-05 7.14e-05 7.3e-05 7.315e-05 6.68e-05 7.005e-05 6.94e-05 6.995e-05 7.095e-05 6.985e-05 6.985e-05 6.935e-05 7.08e-05 7.05e-05 7.025e-05 7.1e-05 6.965e-05 6.9e-05 6.865e-05 6.885e-05 7.15e-05 6.95e-05 7.035e-05 7.11e-05 7.08e-05 6.92e-05 6.86e-05
16 7.125e-05 7.165e-05 7.075e-05 6.995e-05 6.91e-05 6.985e-05 7.215e-05 7.035e-05 7.22e-05 7.025e-05 7.005e-05 7.05e-05 6.88e-05 7.215e-05 7.135e-05 6.89e-05 0.0001349 6.845e-05 7.175e-05 7.015e-05 7.12e-05 6.86e-05 7.12e-05 7.17e-05 6.975e-05 6.92e-05 6.955e-05 7.045e-05 7.245e-05 6.93e-05 6.97e-05 7.115e-05 7.155e-05 6.92e-05 7.255e-05 7.17e-05 7.125e-05 6.915e-05 7.135e-05 6.985e-05 6.955e-05 7e-05 7.025e-05 6.91e-05 7.24e-05 6.93e-05 6.83e-05 7.135e-05 6.945e-05 6.805e-05 6.755e-05 7.095e-05 7.09e-05 6.89e-05 7.21e-05 6.915e-05 7.135e-05 7.04e-05 7.02e-05 7.025e-05 6.975e-05 7.11e-05 6.945e-05 7.255e-05 7.185e-05 6.94e-05 6.905e-05 6.985e-05 7.03e-05 7.27e-05 6.94e-05 7.185e-05 7.035e-05 7.11e-05 7.215e-05 7.225e-05 7.24e-05 6.76e-05 7.16e-05 7.045e-05 7.18e-05 7.065e-05 7.1e-05 6.965e-05 7.165e-05 7.145e-05 6.82e-05 7.045e-05 6.975e-05 6.9e-05 6.925e-05 7.065e-05 6.89e-05 7.225e-05 7.135e-05 7.035e-05 7.04e-05 7.145e-05 7.04e-05 6.8e-05
17 7.09e-05 3.47e-05 3.395e-05 9.7e-05 0.00013205 9.7e-05 6.035e-05 6.5e-06 3.51e-05 6.8e-06 6.15e-06 3.365e-05 9.62e-05 6.125e-05 6.06e-05 6.88e-05 6.845e-05 4.7e-06 3.48e-05 9.465e-05 3.435e-05 3.55e-06 8.2e-06 8.55e-06 5.4e-06 3.19e-05 3.11e-05 3.385e-05 6.155e-05 7.04e-05 6.4e-06 6.05e-05 8.65e-06 3.165e-05 6.07e-05 3.475e-05 6.07e-05 7.035e-05 3.45e-05 3.24e-05 0.0001333 3.21e-05 5.5e-06 9.64e-05 6.15e-05 3.125e-05 3.25e-06 3.365e-05 0.0001331 3.45e-06 0.00013275 6.08e-05 9.675e-05 9.62e-05 6.125e-05 9.64e-05 8.45e-06 5.65e-06 3.095e-05 5.05e-06 9.695e-05 9.715e-05 5.65e-06 8.55e-06 8.7e-06 7.05e-05 3.175e-05 9.53e-05 9.65e-05 6.085e-05 7.04e-05 3.455e-05 6.3e-06 6.03e-05 6.125e-05 3.445e-05 3.46e-05 0.0001328 6.015e-05 3.375e-05 3.395e-05 3.14e-05 6.035e-05 5.85e-06 3.47e-05 7.115e-05 3.15e-06 1.12e-05 6.85e-05 3.165e-05 4.35e-06 3.395e-05 4.2e-06 6.135e-05 3.44e-05 5.85e-06 1e-05 3.455e-05 9.66e-05 5.65e-06
18 6.895e-05 3.115e-05 3.375e-05 6.9e-05 0.0001073 6.905e-05 3.205e-05 3.54e-05 3.265e-05 3.385e-05 3.595e-05 3.345e-05 7.17e-05 3.11e-05 3.36e-05 7.11e-05 7.175e-05 3.48e-05 6.15e-05 7.115e-05 3.545e-05 3.49e-05 3.12e-05 3.275e-05 3.77e-05 3.62e-05 3.515e-05 3.545e-05 3.125e-05 6.89e-05 3.225e-05 3.365e-05 3.545e-05 3.615e-05 3.185e-05 3.1e-05 3.34e-05 7.075e-05 3.56e-05 3.345e-05 0.00010695 3.56e-05 3.79e-05 7.185e-05 3.11e-05 3.635e-05 3.615e-05 3.815e-05 0.00010675 3.585e-05 0.00010705 3.48e-05 7.14e-05 7.165e-05 3.14e-05 7.19e-05 3.315e-05 3.8e-05 3.44e-05 3.795e-05 6.9e-05 7.07e-05 3.515e-05 3.745e-05 3.28e-05 6.91e-05 3.605e-05 7.035e-05 7e-05 3.2e-05 6.885e-05 3.2e-05 3.525e-05 3.355e-05 3.105e-05 3.55e-05 3.555e-05 0.0001071 3.46e-05 3.355e-05 3.485e-05 3.45e-05 3.36e-05 3.535e-05 3.56e-05 6.83e-05 3.605e-05 3.395e-05 7.125e-05 3.615e-05 3.565e-05 3.535e-05 3.55e-05 3.075e-05 3.56e-05 3.535e-05 3.48e-05 3.125e-05 7.01e-05 3.525e-05
19 7.12e-05 7.1e-05 7.105e-05 4.48e-05 4.4e-05 4.48e-05 4.445e-05 9.61e-05 7.075e-05 9.64e-05 9.755e-05 7.07e-05 4.47e-05 4.47e-05 4.515e-05 7.06e-05 7.015e-05 9.465e-05 7.115e-05 8.45e-05 7.065e-05 9.47e-05 9.74e-05 9.705e-05 9.67e-05 7.025e-05 6.965e-05 7e-05 4.5e-05 7.11e-05 9.67e-05 4.465e-05 9.8e-05 6.98e-05 4.36e-05 7.105e-05 4.495e-05 7.02e-05 7.08e-05 6.97e-05 4.51e-05 7.02e-05 9.7e-05 4.515e-05 4.5e-05 6.98e-05 9.51e-05 7.18e-05 4.5e-05 9.495e-05 4.495e-05 4.56e-05 4.525e-05 4.47e-05 4.485e-05 4.495e-05 9.68e-05 9.715e-05 6.9e-05 9.69e-05 4.475e-05 4.555e-05 9.52e-05 9.815e-05 9.72e-05 7.12e-05 7.015e-05 4.345e-05 4.375e-05 4.375e-05 7.11e-05 7.08e-05 9.6e-05 4.445e-05 4.465e-05 7.185e-05 7.205e-05 4.5e-05 4.385e-05 7.075e-05 7.12e-05 6.87e-05 4.445e-05 9.54e-05 7.14e-05 7.16e-05 9.5e-05 9.325e-05 7e-05 6.97e-05 9.575e-05 7.05e-05 9.55e-05 4.485e-05 7.08e-05 9.59e-05 9.32e-05 7.105e-05 4.385e-05 9.58e-05
20 7.19e-05 3.535e-05 3.2e-05 7.1e-05 0.0001068 7.1e-05 3.425e-05 3.32e-05 3.315e-05 3.205e-05 3.75e-05 3.185e-05 6.735e-05 3.675e-05 3.375e-05 6.935e-05 7.12e-05 3.435e-05 3.545e-05 7.065e-05 5.89e-05 3.39e-05 3.4e-05 3.165e-05 3.835e-05 3.38e-05 3.115e-05 3.035e-05 3.705e-05 6.955e-05 3.435e-05 3.325e-05 3.49e-05 3.345e-05 3.52e-05 3.54e-05 3.405e-05 6.81e-05 2.98e-05 3.665e-05 0.00010765 3.14e-05 3.855e-05 6.765e-05 3.7e-05 3.32e-05 3.67e-05 3.54e-05 0.00010745 3.655e-05 0.00010525 3.285e-05 7.025e-05 6.735e-05 3.67e-05 6.795e-05 3.275e-05 3.865e-05 3.48e-05 3.845e-05 7.095e-05 7.02e-05 3.375e-05 3.52e-05 3.18e-05 6.965e-05 3.365e-05 7.23e-05 6.95e-05 3.535e-05 6.955e-05 3.4e-05 3.315e-05 3.335e-05 3.675e-05 3.865e-05 3.88e-05 0.0001053 3.195e-05 3.165e-05 3.01e-05 3.51e-05 3.31e-05 3.395e-05 3.04e-05 7.155e-05 3.66e-05 3.565e-05 7.32e-05 3.345e-05 3.515e-05 3.085e-05 3.5e-05 3.685e-05 2.975e-05 3.31e-05 3.645e-05 3.515e-05 6.96e-05 3.515e-05
21 7.105e-05 3.48e-05 3.355e-05 9.705e-05 0.00013185 9.705e-05 6.045e-05 6.7e-06 3.52e-05 6.9e-06 6.5e-06 3.32e-05 9.57e-05 6.155e-05 6.03e-05 6.88e-05 6.86e-05 3.55e-06 3.49e-05 9.47e-05 3.39e-05 6.7e-06 8.1e-06 8.45e-06 5.95e-06 3.17e-05 3.13e-05 3.335e-05 6.185e-05 7.025e-05 6.5e-06 6.025e-05 8.75e-06 3.15e-05 6.05e-05 3.485e-05 6.055e-05 7.015e-05 3.405e-05 3.28e-05 0.0001334 3.18e-05 5.95e-06 9.61e-05 6.18e-05 3.145e-05 4.1e-06 3.355e-05 0.0001332 3.85e-06 0.00013255 6.055e-05 9.65e-05 9.57e-05 6.16e-05 9.59e-05 8.3e-06 6.25e-06 3.14e-05 5.95e-06 9.7e-05 9.705e-05 5.7e-06 8.8e-06 8.6e-06 7.035e-05 3.155e-05 9.585e-05 9.605e-05 6.065e-05 7.025e-05 3.455e-05 6.55e-06 6.005e-05 6.155e-05 3.49e-05 3.505e-05 0.0001326 5.945e-05 3.33e-05 3.375e-05 3.165e-05 6.01e-05 5.9e-06 3.42e-05 7.13e-05 4e-06 1.15e-05 6.885e-05 3.15e-05 4.7e-06 3.34e-05 4.55e-06 6.165e-05 3.4e-05 6.4e-06 1.075e-05 3.47e-05 9.615e-05 5.9e-06
22 6.79e-05 3.095e-05 3.085e-05 9.71e-05 0.0001333 9.71e-05 6.02e-05 8.4e-06 3.435e-05 7.55e-06 1.02e-05 3.045e-05 9.67e-05 6.135e-05 6.075e-05 7.065e-05 7.12e-05 8.2e-06 3.12e-05 9.74e-05 3.4e-05 8.1e-06 1.1e-06 4.1e-06 1.085e-05 3.47e-05 3.4e-05 3.415e-05 6.165e-05 6.68e-05 4.15e-06 6.1e-05 9.75e-06 3.48e-05 6.11e-05 3.115e-05 6.015e-05 7.025e-05 3.415e-05 3.515e-05 0.00013415 3.435e-05 1.105e-05 9.685e-05 6.16e-05 3.51e-05 9.35e-06 3.685e-05 0.00013395 8.95e-06 0.00013285 6.115e-05 9.765e-05 9.67e-05 6.145e-05 9.69e-05 4.65e-06 1.115e-05 3.46e-05 1.12e-05 9.705e-05 9.67e-05 8.3e-06 1.05e-05 4.25e-06 6.67e-05 3.455e-05 9.775e-05 9.69e-05 6.125e-05 6.68e-05 3.285e-05 8.25e-06 6.08e-05 6.135e-05 3.725e-05 3.74e-05 0.0001329 6.09e-05 3.055e-05 3.31e-05 3.515e-05 6.085e-05 8.5e-06 3.4e-05 6.765e-05 9.25e-06 1.285e-05 7.21e-05 3.48e-05 8.85e-06 3.39e-05 8.7e-06 6.145e-05 3.415e-05 8.45e-06 1.325e-05 3.105e-05 9.7e-05 9.2e-06
23 6.965e-05 3.275e-05 3.195e-05 9.71e-05 0.00013325 9.71e-05 5.92e-05 7e-06 3.255e-05 6e-06 1.105e-05 3.155e-05 9.625e-05 6.135e-05 6.015e-05 7.035e-05 7.17e-05 8.55e-06 3.275e-05 9.705e-05 3.165e-05 8.45e-06 4.1e-06 7.3e-06 1.18e-05 3.46e-05 3.35e-05 3.315e-05 6.165e-05 6.835e-05 6.3e-06 6.055e-05 9.55e-06 3.485e-05 6.065e-05 3.27e-05 6.03e-05 6.97e-05 3.19e-05 3.565e-05 0.0001341 3.36e-05 1.2e-05 9.605e-05 6.16e-05 3.505e-05 1.025e-05 3.685e-05 0.0001339 9.95e-06 0.00013285 6.055e-05 9.7e-05 9.625e-05 6.145e-05 9.645e-05 5.65e-06 1.21e-05 3.455e-05 1.205e-05 9.705e-05 9.685e-05 8.25e-06 9.05e-06 3.9e-06 6.845e-05 3.445e-05 9.785e-05 9.645e-05 6.08e-05 6.835e-05 3.27e-05 6.95e-06 6.035e-05 6.135e-05 3.77e-05 3.785e-05 0.0001329 6e-05 3.16e-05 3.07e-05 3.51e-05 6.04e-05 8.45e-06 3.16e-05 6.92e-05 1.015e-05 1.265e-05 7.255e-05 3.485e-05 9.05e-06 3.275e-05 8.9e-06 6.145e-05 3.18e-05 7.05e-06 1.32e-05 3.255e-05 9.655e-05 1e-05
24 7.325e-05 3.76e-05 3.745e-05 0.00010025 0.000134 0.00010025 6.385e-05 8.25e-06 3.86e-05 9.95e-06 5.65e-06 3.705e-05 9.995e-05 6.44e-05 6.395e-05 7.23e-05 6.975e-05 5.4e-06 3.77e-05 9.67e-05 3.835e-05 5.95e-06 1.085e-05 1.18e-05 5.4e-06 3.33e-05 3.565e-05 3.8e-05 6.47e-05 7.34e-05 8.95e-06 6.415e-05 1.02e-05 3.355e-05 6.425e-05 3.765e-05 6.41e-05 7.41e-05 3.85e-05 3.36e-05 0.000136 3.6e-05 3.2e-06 0.0001001 6.465e-05 3.39e-05 3.65e-06 3.345e-05 0.0001358 3.3e-06 0.0001361 6.425e-05 9.955e-05 9.995e-05 6.45e-05 0.00010015 1.185e-05 3.4e-06 3.35e-05 3.35e-06 0.0001002 0.00010065 7.75e-06 8.15e-06 1.195e-05 7.35e-05 3.315e-05 9.695e-05 0.00010015 6.44e-05 7.34e-05 3.79e-05 8.25e-06 6.395e-05 6.44e-05 3.375e-05 3.39e-05 0.00013615 6.415e-05 3.715e-05 3.795e-05 3.395e-05 6.4e-05 7.95e-06 3.84e-05 7.415e-05 3.55e-06 1.355e-05 6.955e-05 3.335e-05 6e-06 3.78e-05 5.65e-06 6.45e-05 3.85e-05 8.35e-06 1.215e-05 3.755e-05 0.00010025 7.65e-06
25 7.22e-05 3.61e-05 3.395e-05 7.215e-05 0.0001069 7.215e-05 3.6e-05 3.325e-05 3.605e-05 3.355e-05 3.425e-05 3.355e-05 6.985e-05 3.755e-05 3.435e-05 6.94e-05 6.92e-05 3.19e-05 3.62e-05 7.025e-05 3.38e-05 3.17e-05 3.47e-05 3.46e-05 3.33e-05 6.19e-05 3.255e-05 3.35e-05 3.785e-05 7.065e-05 3.36e-05 3.53e-05 3.57e-05 3.225e-05 3.675e-05 3.615e-05 3.545e-05 7.035e-05 3.395e-05 3.43e-05 0.00010835 3.235e-05 3.37e-05 6.94e-05 3.78e-05 3.265e-05 3.195e-05 3.445e-05 0.00010815 3.145e-05 0.00010675 3.38e-05 7.04e-05 6.985e-05 3.765e-05 7.005e-05 3.465e-05 3.395e-05 3.36e-05 3.395e-05 7.21e-05 7.18e-05 3.27e-05 3.55e-05 3.475e-05 7.075e-05 3.11e-05 7.115e-05 7.14e-05 3.69e-05 7.065e-05 3.55e-05 3.325e-05 3.51e-05 3.755e-05 3.675e-05 3.69e-05 0.0001068 3.465e-05 3.365e-05 3.435e-05 3.405e-05 3.515e-05 3.29e-05 3.305e-05 7.245e-05 3.185e-05 3.52e-05 7.06e-05 3.205e-05 3.19e-05 3.255e-05 3.155e-05 3.765e-05 3.395e-05 3.34e-05 3.525e-05 3.605e-05 7.15e-05 3.27e-05
26 7.16e-05 3.505e-05 3.16e-05 7.04e-05 0.00010635 7.04e-05 3.46e-05 3.37e-05 3.46e-05 3.255e-05 3.49e-05 3.16e-05 6.69e-05 3.615e-05 3.355e-05 6.805e-05 6.955e-05 3.11e-05 3.515e-05 6.965e-05 3.115e-05 3.13e-05 3.4e-05 3.35e-05 3.565e-05 3.255e-05 5.79e-05 3.02e-05 3.645e-05 6.925e-05 3.3e-05 3.265e-05 3.38e-05 3.185e-05 3.47e-05 3.51e-05 3.355e-05 6.795e-05 3.13e-05 3.5e-05 0.00010705 3.01e-05 3.585e-05 6.75e-05 3.64e-05 3.14e-05 3.385e-05 3.38e-05 0.00010685 3.385e-05 0.00010465 3.255e-05 7.005e-05 6.69e-05 3.605e-05 6.74e-05 3.29e-05 3.59e-05 3.315e-05 3.56e-05 7.035e-05 6.965e-05 3.255e-05 3.57e-05 3.365e-05 6.935e-05 3.24e-05 7.12e-05 6.9e-05 3.485e-05 6.925e-05 3.435e-05 3.35e-05 3.28e-05 3.615e-05 3.7e-05 3.715e-05 0.0001047 3.145e-05 3.135e-05 3.2e-05 3.34e-05 3.255e-05 3.275e-05 3.225e-05 7.12e-05 3.375e-05 3.48e-05 7.155e-05 3.185e-05 3.28e-05 3.11e-05 3.265e-05 3.625e-05 3.12e-05 3.335e-05 3.52e-05 3.48e-05 6.91e-05 3.29e-05
27 7.18e-05 3.535e-05 3.14e-05 7.035e-05 0.00010565 7.035e-05 3.475e-05 3.445e-05 3.44e-05 3.33e-05 3.715e-05 3.13e-05 6.625e-05 3.66e-05 3.355e-05 6.89e-05 7.045e-05 3.385e-05 3.545e-05 7e-05 3.035e-05 3.335e-05 3.415e-05 3.315e-05 3.8e-05 3.35e-05 3.02e-05 5.64e-05 3.69e-05 6.905e-05 3.425e-05 3.25e-05 3.345e-05 3.265e-05 3.495e-05 3.54e-05 3.34e-05 6.615e-05 3.05e-05 3.64e-05 0.0001069 3.085e-05 3.82e-05 6.685e-05 3.685e-05 3.23e-05 3.63e-05 3.46e-05 0.00010665 3.62e-05 0.0001041 3.25e-05 6.995e-05 6.625e-05 3.64e-05 6.675e-05 3.165e-05 3.83e-05 3.405e-05 3.805e-05 7.03e-05 6.935e-05 3.255e-05 3.645e-05 3.33e-05 6.915e-05 3.335e-05 7.175e-05 6.875e-05 3.51e-05 6.905e-05 3.455e-05 3.43e-05 3.265e-05 3.66e-05 3.84e-05 3.855e-05 0.00010415 3.115e-05 3.105e-05 3.035e-05 3.47e-05 3.24e-05 3.24e-05 3.16e-05 7.13e-05 3.62e-05 3.58e-05 7.285e-05 3.265e-05 3.51e-05 2.945e-05 3.495e-05 3.67e-05 3.05e-05 3.42e-05 3.66e-05 3.5e-05 6.885e-05 3.45e-05
28 6.99e-05 3.12e-05 3.71e-05 4.1e-05 8.145e-05 4.105e-05 4.05e-06 6.255e-05 3.12e-05 6.03e-05 6.185e-05 3.67e-05 4.685e-05 8.5e-07 6.55e-06 7.17e-05 7.245e-05 6.155e-05 3.125e-05 4.5e-05 3.705e-05 6.185e-05 6.165e-05 6.165e-05 6.47e-05 3.785e-05 3.645e-05 3.69e-05 1.2e-06 7.145e-05 6.025e-05 6.55e-06 6.13e-05 3.765e-05 2.8e-06 3.12e-05 6.75e-06 7.14e-05 3.72e-05 3.185e-05 7.99e-05 3.7e-05 6.49e-05 4.7e-05 6.5e-07 3.775e-05 6.31e-05 3.96e-05 7.97e-05 6.29e-05 8.14e-05 8.65e-06 4.53e-05 4.675e-05 1.3e-06 4.705e-05 6.19e-05 6.5e-05 3.43e-05 6.485e-05 4.105e-05 4.485e-05 6.215e-05 6.455e-05 6.18e-05 7.155e-05 3.77e-05 4.305e-05 4.32e-05 2.65e-06 7.135e-05 3.125e-05 6.24e-05 6.35e-06 7.5e-07 3.385e-05 3.395e-05 8.145e-05 8.55e-06 3.68e-05 3.675e-05 3.395e-05 6.45e-06 6.235e-05 3.735e-05 6.94e-05 6.3e-05 5.52e-05 7.055e-05 3.765e-05 6.26e-05 3.695e-05 6.245e-05 8e-07 3.72e-05 6.24e-05 5.65e-05 3.16e-05 4.33e-05 6.145e-05
29 6.925e-05 6.9e-05 6.785e-05 6.885e-05 6.925e-05 6.88e-05 7.085e-05 7.105e-05 7.06e-05 6.955e-05 7.19e-05 6.77e-05 6.77e-05 7.115e-05 7.03e-05 6.86e-05 6.93e-05 7.04e-05 6.89e-05 7.11e-05 6.955e-05 7.025e-05 6.68e-05 6.835e-05 7.34e-05 7.065e-05 6.925e-05 6.905e-05 7.145e-05 0.0001327 6.795e-05 7.01e-05 7.085e-05 7.045e-05 7.15e-05 6.885e-05 6.98e-05 6.77e-05 6.97e-05 7.135e-05 6.915e-05 6.975e-05 7.36e-05 6.795e-05 7.14e-05 7.045e-05 7.18e-05 7.245e-05 6.905e-05 7.155e-05 6.635e-05 6.995e-05 7.05e-05 6.775e-05 7.11e-05 6.8e-05 6.825e-05 7.37e-05 7.13e-05 7.36e-05 6.875e-05 6.965e-05 7.03e-05 7.31e-05 6.84e-05 6.66e-05 7.05e-05 7.085e-05 6.915e-05 7.165e-05 6.645e-05 6.995e-05 7.09e-05 7.005e-05 7.115e-05 7.34e-05 7.355e-05 6.645e-05 7.05e-05 6.765e-05 6.99e-05 7.18e-05 6.995e-05 7.05e-05 7e-05 6.86e-05 7.17e-05 7.07e-05 7.16e-05 7.045e-05 7.135e-05 6.925e-05 7.12e-05 7.125e-05 6.97e-05 7.095e-05 7.15e-05 6.87e-05 6.925e-05 6.935e-05
30 6.9e-05 3.19e-05 3.25e-05 9.575e-05 0.0001327 9.58e-05 5.965e-05 7.95e-06 3.41e-05 6.1e-06 7.8e-06 3.21e-05 9.6e-05 5.995e-05 5.985e-05 6.905e-05 6.97e-05 6.4e-06 3.225e-05 9.67e-05 3.435e-05 6.5e-06 4.15e-06 6.3e-06 8.95e-06 3.36e-05 3.3e-05 3.425e-05 6.025e-05 6.795e-05 7.7e-06 6.02e-05 8.55e-06 3.38e-05 6.03e-05 3.22e-05 5.985e-05 6.985e-05 3.45e-05 3.355e-05 0.000133 3.325e-05 9.05e-06 9.615e-05 6.02e-05 3.41e-05 7.55e-06 3.575e-05 0.0001328 7.05e-06 0.00013165 6.02e-05 9.69e-05 9.595e-05 6.005e-05 9.62e-05 6.6e-06 9.25e-06 3.365e-05 9.3e-06 9.575e-05 9.64e-05 7.5e-06 9.95e-06 6.45e-06 6.805e-05 3.345e-05 9.645e-05 9.62e-05 6.045e-05 6.79e-05 3.29e-05 7.8e-06 6e-05 5.995e-05 3.555e-05 3.57e-05 0.0001317 6.06e-05 3.22e-05 3.37e-05 3.415e-05 6.005e-05 7.7e-06 3.425e-05 6.875e-05 7.45e-06 1.105e-05 7.055e-05 3.38e-05 6.95e-06 3.39e-05 6.8e-06 6.005e-05 3.45e-05 8e-06 1.18e-05 3.21e-05 9.63e-05 7.4e-06
31 7.11e-05 3.365e-05 3.375e-05 4.28e-05 8.075e-05 4.285e-05 7e-06 6.15e-05 3.315e-05 5.98e-05 6.23e-05 3.365e-05 4.28e-05 6.4e-06 7.1e-06 7e-05 7.115e-05 6.05e-05 3.365e-05 4.465e-05 3.325e-05 6.025e-05 6.1e-05 6.055e-05 6.415e-05 3.53e-05 3.265e-05 3.25e-05 6.55e-06 7.01e-05 6.02e-05 1.21e-05 6.07e-05 3.465e-05 6.3e-06 3.37e-05 7.05e-06 6.905e-05 3.34e-05 3.435e-05 8.04e-05 3.325e-05 6.435e-05 4.335e-05 6.4e-06 3.435e-05 6.25e-05 3.66e-05 8.02e-05 6.235e-05 7.935e-05 7e-06 4.455e-05 4.275e-05 6.55e-06 4.33e-05 6.015e-05 6.445e-05 3.455e-05 6.425e-05 4.28e-05 4.395e-05 6.055e-05 6.35e-05 6.07e-05 7.02e-05 3.515e-05 4.47e-05 4.295e-05 6.45e-06 7.005e-05 3.32e-05 6.135e-05 6.45e-06 6.35e-06 3.635e-05 3.625e-05 7.94e-05 6.25e-06 3.34e-05 3.415e-05 3.44e-05 6.2e-06 6.075e-05 3.43e-05 7.065e-05 6.24e-05 5.685e-05 7.18e-05 3.465e-05 6.165e-05 3.335e-05 6.15e-05 6.25e-06 3.34e-05 6.13e-05 5.795e-05 3.37e-05 4.305e-05 6.03e-05
32 7.235e-05 3.535e-05 3.515e-05 9.65e-05 0.0001334 9.655e-05 6.08e-05 1.015e-05 3.52e-05 8.4e-06 8.2e-06 3.475e-05 9.62e-05 6.1e-05 6.085e-05 7.04e-05 7.155e-05 8.65e-06 3.545e-05 9.8e-05 3.49e-05 8.75e-06 9.75e-06 9.55e-06 1.02e-05 3.57e-05 3.38e-05 3.345e-05 6.13e-05 7.085e-05 8.55e-06 6.07e-05 1.26e-05 3.54e-05 6.125e-05 3.54e-05 6.1e-05 6.93e-05 3.505e-05 3.57e-05 0.00013365 3.435e-05 1.04e-05 9.64e-05 6.125e-05 3.55e-05 1.06e-05 3.52e-05 0.0001334 1.04e-05 0.0001321 6.105e-05 9.78e-05 9.615e-05 6.095e-05 9.64e-05 8.6e-06 1.035e-05 3.52e-05 1.02e-05 9.65e-05 9.74e-05 8.7e-06 1.015e-05 9.7e-06 7.095e-05 3.555e-05 9.785e-05 9.685e-05 6.14e-05 7.08e-05 3.5e-05 1e-05 6.05e-05 6.1e-05 3.555e-05 3.57e-05 0.00013215 6.105e-05 3.485e-05 3.375e-05 3.6e-05 6.055e-05 8.65e-06 3.53e-05 7.175e-05 1.05e-05 1.305e-05 7.27e-05 3.54e-05 9.7e-06 3.345e-05 9.55e-06 6.11e-05 3.505e-05 1e-05 1.38e-05 3.515e-05 9.695e-05 9.75e-06
33 7.2e-05 3.605e-05 3.345e-05 7.18e-05 0.00010645 7.18e-05 3.615e-05 3.315e-05 3.615e-05 3.39e-05 3.44e-05 3.285e-05 6.905e-05 3.735e-05 3.5e-05 6.965e-05 6.92e-05 3.165e-05 3.615e-05 6.98e-05 3.345e-05 3.15e-05 3.48e-05 3.485e-05 3.355e-05 3.225e-05 3.185e-05 3.265e-05 3.765e-05 7.045e-05 3.38e-05 3.465e-05 3.54e-05 6.21e-05 3.63e-05 3.61e-05 3.475e-05 6.98e-05 3.36e-05 3.445e-05 0.00010785 3.23e-05 3.385e-05 6.945e-05 3.76e-05 3.2e-05 3.155e-05 3.355e-05 0.00010765 3.13e-05 0.00010625 3.425e-05 7.09e-05 6.905e-05 3.725e-05 6.905e-05 3.43e-05 3.4e-05 3.335e-05 3.385e-05 7.175e-05 7.085e-05 3.255e-05 3.57e-05 3.5e-05 7.055e-05 3.21e-05 7.095e-05 7.08e-05 3.645e-05 7.045e-05 3.58e-05 3.35e-05 3.425e-05 3.735e-05 3.665e-05 3.68e-05 0.0001063 3.385e-05 3.315e-05 3.415e-05 3.36e-05 3.45e-05 3.275e-05 3.405e-05 7.225e-05 3.145e-05 3.525e-05 7.05e-05 3.155e-05 3.21e-05 3.3e-05 3.23e-05 3.745e-05 3.36e-05 3.35e-05 3.5e-05 3.58e-05 7.09e-05 3.275e-05
34 7.03e-05 3.18e-05 3.57e-05 4.225e-05 8.135e-05 4.23e-05 4.2e-06 6.16e-05 3.135e-05 5.99e-05 6.24e-05 3.53e-05 4.605e-05 2.65e-06 6.65e-06 7.14e-05 7.255e-05 6.07e-05 3.185e-05 4.36e-05 3.52e-05 6.05e-05 6.11e-05 6.065e-05 6.425e-05 3.675e-05 3.47e-05 3.495e-05 2.8e-06 7.15e-05 6.03e-05 6.3e-06 6.125e-05 3.63e-05 4.7e-06 3.185e-05 6.75e-06 7.09e-05 3.535e-05 3.25e-05 8.09e-05 3.525e-05 6.445e-05 4.645e-05 2.65e-06 3.64e-05 6.265e-05 3.825e-05 8.07e-05 6.245e-05 8.205e-05 8.65e-06 4.51e-05 4.6e-05 3.15e-06 4.625e-05 6.08e-05 6.455e-05 3.325e-05 6.44e-05 4.225e-05 4.48e-05 6.11e-05 6.36e-05 6.08e-05 7.16e-05 3.66e-05 4.37e-05 4.235e-05 2.65e-06 7.145e-05 3.14e-05 6.145e-05 6.15e-06 2.55e-06 3.45e-05 3.46e-05 8.21e-05 6.5e-06 3.54e-05 3.515e-05 3.255e-05 6.2e-06 6.13e-05 3.575e-05 6.99e-05 6.255e-05 5.6e-05 7.1e-05 3.63e-05 6.175e-05 3.525e-05 6.16e-05 2.55e-06 3.535e-05 6.145e-05 5.705e-05 3.225e-05 4.245e-05 6.155e-05
35 6.89e-05 3.105e-05 3.365e-05 6.89e-05 0.0001072 6.885e-05 3.2e-05 3.535e-05 3.27e-05 3.38e-05 3.59e-05 3.34e-05 7.165e-05 3.085e-05 3.36e-05 7.105e-05 7.17e-05 3.475e-05 3.1e-05 7.105e-05 3.54e-05 3.485e-05 3.115e-05 3.27e-05 3.765e-05 3.615e-05 3.51e-05 3.54e-05 3.12e-05 6.885e-05 3.22e-05 3.37e-05 3.54e-05 3.61e-05 3.185e-05 6.14e-05 3.33e-05 7.07e-05 3.555e-05 3.335e-05 0.0001069 3.555e-05 3.785e-05 7.18e-05 3.125e-05 3.63e-05 3.61e-05 3.81e-05 0.0001067 3.58e-05 0.000107 3.48e-05 7.135e-05 7.16e-05 3.105e-05 7.185e-05 3.31e-05 3.795e-05 3.425e-05 3.79e-05 6.89e-05 7.065e-05 3.51e-05 3.74e-05 3.265e-05 6.905e-05 3.6e-05 7.025e-05 6.99e-05 3.2e-05 6.88e-05 3.205e-05 3.52e-05 3.34e-05 3.08e-05 3.54e-05 3.56e-05 0.00010705 3.465e-05 3.35e-05 3.48e-05 3.44e-05 3.35e-05 3.53e-05 3.555e-05 6.815e-05 3.6e-05 3.39e-05 7.12e-05 3.61e-05 3.56e-05 3.53e-05 3.545e-05 3.11e-05 3.555e-05 3.53e-05 3.475e-05 3.105e-05 7e-05 3.52e-05
36 7.07e-05 3.325e-05 3.395e-05 4.305e-05 8.095e-05 4.3e-05 7.25e-06 6.165e-05 3.35e-05 6.005e-05 6.235e-05 3.325e-05 4.355e-05 6.45e-06 7.4e-06 7.03e-05 7.125e-05 6.07e-05 3.34e-05 4.495e-05 3.405e-05 6.055e-05 6.015e-05 6.03e-05 6.41e-05 3.545e-05 3.355e-05 3.34e-05 6.75e-06 6.98e-05 5.985e-05 7.05e-06 6.1e-05 3.475e-05 6.75e-06 3.33e-05 1.22e-05 6.94e-05 3.42e-05 3.435e-05 8.055e-05 3.41e-05 6.43e-05 4.38e-05 6.75e-06 3.5e-05 6.245e-05 3.67e-05 8.035e-05 6.23e-05 7.96e-05 7.5e-06 4.475e-05 4.36e-05 6.5e-06 4.35e-05 5.98e-05 6.44e-05 3.47e-05 6.42e-05 4.29e-05 4.3e-05 6.075e-05 6.365e-05 6.045e-05 6.99e-05 3.53e-05 4.475e-05 4.335e-05 6.9e-06 6.985e-05 3.355e-05 6.15e-05 6.55e-06 6.4e-06 3.635e-05 3.655e-05 7.965e-05 7.4e-06 3.365e-05 3.475e-05 3.465e-05 6.85e-06 6.095e-05 3.465e-05 7.02e-05 6.235e-05 5.69e-05 7.18e-05 3.47e-05 6.18e-05 3.375e-05 6.165e-05 6.6e-06 3.42e-05 6.145e-05 5.79e-05 3.32e-05 4.345e-05 6.04e-05
37 7.075e-05 7.065e-05 6.87e-05 6.83e-05 6.815e-05 6.825e-05 7.045e-05 7.1e-05 7.015e-05 6.935e-05 7.25e-05 6.845e-05 6.615e-05 7.11e-05 6.96e-05 6.795e-05 6.915e-05 7.035e-05 7.075e-05 7.02e-05 6.81e-05 7.015e-05 7.025e-05 6.97e-05 7.41e-05 7.035e-05 6.795e-05 6.615e-05 7.14e-05 6.77e-05 6.985e-05 6.905e-05 6.93e-05 6.98e-05 7.09e-05 7.07e-05 6.94e-05 0.0001306 6.825e-05 7.17e-05 6.845e-05 6.86e-05 7.43e-05 6.645e-05 7.135e-05 6.965e-05 7.24e-05 7.175e-05 6.83e-05 7.23e-05 6.53e-05 6.91e-05 6.965e-05 6.62e-05 7.09e-05 6.645e-05 6.835e-05 7.44e-05 7.06e-05 7.415e-05 6.82e-05 6.905e-05 6.915e-05 7.3e-05 6.985e-05 6.785e-05 7.02e-05 7.05e-05 6.805e-05 7.105e-05 6.78e-05 7.03e-05 7.085e-05 6.9e-05 7.11e-05 7.37e-05 7.385e-05 6.54e-05 6.895e-05 6.84e-05 6.79e-05 7.145e-05 6.89e-05 6.9e-05 6.89e-05 7.02e-05 7.23e-05 7.075e-05 7.18e-05 6.98e-05 7.16e-05 6.68e-05 7.145e-05 7.12e-05 6.825e-05 7.075e-05 7.17e-05 7.03e-05 6.815e-05 6.96e-05
38 7.205e-05 3.55e-05 3.215e-05 7.115e-05 0.00010695 7.115e-05 3.435e-05 3.345e-05 3.32e-05 3.23e-05 3.765e-05 3.2e-05 6.76e-05 3.69e-05 3.39e-05 6.95e-05 7.135e-05 3.45e-05 3.56e-05 7.08e-05 2.98e-05 3.405e-05 3.415e-05 3.19e-05 3.85e-05 3.395e-05 3.13e-05 3.05e-05 3.72e-05 6.97e-05 3.45e-05 3.34e-05 3.505e-05 3.36e-05 3.535e-05 3.555e-05 3.42e-05 6.825e-05 5.92e-05 3.68e-05 0.0001078 3.155e-05 3.87e-05 6.78e-05 3.715e-05 3.335e-05 3.685e-05 3.555e-05 0.0001076 3.67e-05 0.0001054 3.3e-05 7.04e-05 6.76e-05 3.685e-05 6.81e-05 3.29e-05 3.88e-05 3.495e-05 3.86e-05 7.11e-05 7.035e-05 3.39e-05 3.545e-05 3.205e-05 6.98e-05 3.38e-05 7.245e-05 6.965e-05 3.55e-05 6.97e-05 3.415e-05 3.32e-05 3.35e-05 3.69e-05 3.88e-05 3.895e-05 0.00010545 3.21e-05 3.18e-05 3.035e-05 3.525e-05 3.32e-05 3.41e-05 3.035e-05 7.17e-05 3.675e-05 3.58e-05 7.335e-05 3.36e-05 3.53e-05 3.1e-05 3.515e-05 3.7e-05 3e-05 3.315e-05 3.66e-05 3.53e-05 6.975e-05 3.53e-05
39 7.05e-05 3.325e-05 3.62e-05 6.95e-05 0.00010665 6.96e-05 3.285e-05 3.425e-05 3.39e-05 3.41e-05 3.365e-05 3.58e-05 7.235e-05 3.15e-05 3.425e-05 7.09e-05 6.985e-05 3.24e-05 3.345e-05 6.97e-05 3.665e-05 3.28e-05 3.515e-05 3.565e-05 3.36e-05 3.43e-05 3.5e-05 3.64e-05 3.185e-05 7.135e-05 3.355e-05 3.435e-05 3.57e-05 3.445e-05 3.25e-05 3.335e-05 3.435e-05 7.17e-05 3.68e-05 6.26e-05 0.0001069 3.54e-05 3.41e-05 7.25e-05 3.185e-05 3.475e-05 3.22e-05 3.66e-05 0.0001067 3.19e-05 0.0001077 3.54e-05 7.135e-05 7.23e-05 3.185e-05 7.255e-05 3.58e-05 3.425e-05 3.28e-05 3.415e-05 6.955e-05 7.17e-05 3.385e-05 3.645e-05 3.58e-05 7.145e-05 3.415e-05 6.885e-05 7.06e-05 3.265e-05 7.13e-05 3.355e-05 3.425e-05 3.41e-05 3.145e-05 3.38e-05 3.405e-05 0.00010775 3.535e-05 3.59e-05 3.63e-05 3.285e-05 3.41e-05 3.405e-05 3.68e-05 7.07e-05 3.21e-05 3.325e-05 6.895e-05 3.425e-05 3.31e-05 3.63e-05 3.275e-05 3.17e-05 3.68e-05 3.43e-05 3.325e-05 3.35e-05 7.07e-05 3.345e-05
