 slim_337530114 slim_337529782 slim_337530283 slim_337530251 slim_337530263 slim_337530317 slim_337530071 slim_337530208 slim_337530203 slim_337530281 slim_337530194 slim_337530306 slim_337530325 slim_337530145 slim_337530318 slim_337530323 slim_337530178 slim_337530017 slim_337530183 slim_337530269 slim_337530241 slim_337530282 slim_337530291 slim_337530168 slim_337530146 slim_337530206 slim_337530280 slim_337530307 slim_337529975 slim_337530293 slim_337530252 slim_337530275 slim_337530223 slim_337530108 slim_337530290 slim_337530212 slim_337530308 slim_337530165 slim_337530303 slim_337530314 slim_337530050 slim_337529994 slim_337530292 slim_337530139 slim_337530272 slim_337530297 slim_337530225 slim_337530257 slim_337530051 slim_337530131 slim_337530301 slim_337530277 slim_337530270 slim_337530315 slim_337530162 slim_337530181 slim_337530264 slim_337530171 slim_337529942 slim_337530300 slim_337529923 slim_337530309 slim_337530294 slim_337530077 slim_337530196 slim_337530319 slim_337530298 slim_337530299 slim_337530304 slim_337530271 slim_337530239 slim_337530150 slim_337530217 slim_337529985 slim_337530322 slim_337530234 slim_337530259 slim_337529981 slim_337530182 slim_337530200 slim_337530132 slim_337530097 slim_337530313 slim_337530160 slim_337530311 slim_337530240 slim_337530286 slim_337530228 slim_337529721 slim_337530096 slim_337530295 slim_337530105 slim_337530220 slim_337530204 slim_337530215 slim_337530143 slim_337530316 slim_337530052 slim_337530268 slim_337530310
0 1.11e-05 9.1e-06 2.865e-05 1.035e-05 4.52e-05 4.525e-05 3.29e-05 1.22e-05 2.705e-05 1.055e-05 4.835e-05 3.245e-05 1.085e-05 1.185e-05 1.275e-05 4.52e-05 1.4e-05 1.31e-05 1.62e-05 6.3e-06 2.88e-05 3.225e-05 2.99e-05 1.16e-05 9.75e-06 2.605e-05 1.535e-05 3.275e-05 1.645e-05 2.76e-05 1.205e-05 2.63e-05 3.385e-05 2.885e-05 3.21e-05 3.15e-05 2.9e-05 1.53e-05 1.185e-05 2.61e-05 3.26e-05 3.16e-05 3.13e-05 1.19e-05 4.555e-05 1.1e-05 1.415e-05 4.75e-05 1.465e-05 5.25e-05 3e-05 1.4e-05 1.2e-05 1.195e-05 1.195e-05 3.2e-05 1.24e-05 5.225e-05 1.305e-05 3.19e-05 2.565e-05 3.645e-05 1.045e-05 7.05e-06 1.2e-05 9.15e-06 3.045e-05 1.255e-05 3.01e-05 3.17e-05 2.885e-05 2.97e-05 4.545e-05 3.18e-05 1.17e-05 1.32e-05 1.17e-05 2.975e-05 1.02e-05 3.155e-05 1.05e-05 4.845e-05 2.605e-05 3.125e-05 1.33e-05 2.91e-05 3.26e-05 3.37e-05 2.59e-05 6.7e-06 1.195e-05 1.18e-05 8.6e-06 1.21e-05 2.96e-05 9.75e-06 1.615e-05 9e-06 2.915e-05 2.865e-05
1 9.1e-06 1.13e-05 2.835e-05 1e-05 5e-05 5.005e-05 3.12e-05 9.4e-06 2.68e-05 1.115e-05 4.895e-05 3.085e-05 8.05e-06 6e-06 9.8e-06 5e-05 1.42e-05 1.04e-05 1.58e-05 5.95e-06 2.685e-05 3.43e-05 3.17e-05 1e-05 9.8e-06 2.84e-05 1.205e-05 3.03e-05 1.13e-05 2.97e-05 1.21e-05 2.835e-05 3.44e-05 2.69e-05 3.42e-05 2.685e-05 2.705e-05 1.5e-05 6.15e-06 2.845e-05 3.095e-05 3.15e-05 2.82e-05 6.8e-06 5.05e-05 7.85e-06 1.36e-05 4.73e-05 1.18e-05 5.24e-05 3.025e-05 1.155e-05 1.195e-05 6.35e-06 1.19e-05 3.165e-05 1.09e-05 5.24e-05 1.035e-05 3.385e-05 2.785e-05 3.63e-05 9.6e-06 7.85e-06 6.4e-06 6.15e-06 3.165e-05 1.195e-05 3.265e-05 2.705e-05 2.69e-05 3.235e-05 5.035e-05 3.375e-05 6e-06 1.23e-05 5.85e-06 3.22e-05 1.005e-05 2.69e-05 1.01e-05 4.915e-05 2.845e-05 3.29e-05 1.07e-05 3.175e-05 3.015e-05 3.2e-05 2.83e-05 6e-06 6.2e-06 5.95e-06 7.45e-06 1.185e-05 2.77e-05 7.25e-06 1.58e-05 6e-06 2.82e-05 2.965e-05
2 2.865e-05 2.835e-05 5.1e-05 3.23e-05 2.565e-05 2.58e-05 3.145e-05 2.945e-05 3.06e-05 3.08e-05 2.775e-05 2.98e-05 2.88e-05 2.625e-05 2.985e-05 2.565e-05 3.32e-05 3.03e-05 3.47e-05 3.04e-05 3e-05 3.125e-05 2.845e-05 2.865e-05 3.005e-05 2.85e-05 3.115e-05 3.1e-05 2.65e-05 2.865e-05 2.9e-05 2.87e-05 3.49e-05 3.005e-05 3.115e-05 2.78e-05 3.02e-05 3.22e-05 2.595e-05 2.855e-05 3.17e-05 3e-05 2.86e-05 2.66e-05 2.625e-05 2.905e-05 3.23e-05 2.605e-05 3.085e-05 3.36e-05 3.315e-05 2.895e-05 3.295e-05 2.645e-05 3.29e-05 3.03e-05 3.075e-05 3.345e-05 2.955e-05 3.07e-05 2.785e-05 3.61e-05 2.915e-05 3.13e-05 2.65e-05 2.84e-05 3.05e-05 3.325e-05 3.035e-05 2.8e-05 3.005e-05 2.94e-05 2.61e-05 3.07e-05 2.605e-05 3.25e-05 2.61e-05 2.98e-05 3.21e-05 2.785e-05 3.24e-05 2.795e-05 2.855e-05 3.155e-05 3.035e-05 2.775e-05 3.085e-05 3.11e-05 2.84e-05 3.035e-05 2.65e-05 2.62e-05 2.925e-05 3.285e-05 3.03e-05 2.855e-05 3.47e-05 2.825e-05 3.12e-05 2.74e-05
3 1.035e-05 1e-05 3.23e-05 1.32e-05 5.065e-05 5.07e-05 3.17e-05 1.16e-05 2.695e-05 1.2e-05 5.06e-05 3.38e-05 1.18e-05 1.36e-05 1.025e-05 5.065e-05 1.03e-05 1.04e-05 1.22e-05 6.9e-06 2.865e-05 3.455e-05 3.265e-05 1.45e-05 1.19e-05 2.92e-05 1.57e-05 3.125e-05 1.83e-05 2.945e-05 1.56e-05 2.9e-05 2.82e-05 2.87e-05 3.445e-05 3.19e-05 2.885e-05 1.655e-05 1.365e-05 2.925e-05 2.885e-05 3.41e-05 3.29e-05 1.375e-05 5.115e-05 1.1e-05 1.08e-05 5.115e-05 1.505e-05 4.955e-05 2.795e-05 1.53e-05 1.26e-05 1.37e-05 1.255e-05 3.32e-05 9.8e-06 5.06e-05 1.395e-05 3.41e-05 2.865e-05 3.265e-05 1.255e-05 7.8e-06 1.375e-05 1.035e-05 2.93e-05 1.235e-05 2.935e-05 3.21e-05 2.87e-05 3.245e-05 5.1e-05 3.4e-05 1.345e-05 9.55e-06 1.345e-05 2.905e-05 6.85e-06 3.195e-05 6.9e-06 5.08e-05 2.925e-05 3.12e-05 1.12e-05 3.37e-05 3.11e-05 3.405e-05 2.91e-05 7.35e-06 1.37e-05 1.355e-05 1.08e-05 7.6e-06 2.875e-05 1.12e-05 1.2e-05 1.02e-05 2.86e-05 3.26e-05
4 4.52e-05 5e-05 2.565e-05 5.065e-05 5e-07 4e-07 3.285e-05 5.11e-05 3.055e-05 4.915e-05 7.55e-06 3.12e-05 4.995e-05 5.075e-05 5.105e-05 3e-07 5.115e-05 5.14e-05 5.315e-05 4.925e-05 3.19e-05 2.81e-05 2.57e-05 4.92e-05 4.84e-05 2.53e-05 5.29e-05 3.315e-05 4.555e-05 2.535e-05 4.76e-05 2.55e-05 3.375e-05 3.195e-05 2.8e-05 3.255e-05 3.21e-05 5.065e-05 5.075e-05 2.535e-05 3.315e-05 3.025e-05 3.215e-05 5.065e-05 9.5e-07 5.07e-05 5.12e-05 6.5e-06 5.215e-05 1.44e-05 3.245e-05 4.515e-05 5.21e-05 5.085e-05 5.205e-05 3.02e-05 5.07e-05 1.46e-05 5.08e-05 2.755e-05 2.465e-05 3.555e-05 4.835e-05 5.035e-05 5.09e-05 5.01e-05 2.86e-05 5.215e-05 2.67e-05 3.275e-05 3.195e-05 2.575e-05 8e-07 2.75e-05 5.06e-05 5.15e-05 5.06e-05 2.615e-05 5.05e-05 3.26e-05 5.08e-05 7.8e-06 2.535e-05 2.93e-05 5.14e-05 2.41e-05 3.3e-05 3.23e-05 2.52e-05 4.96e-05 5.085e-05 5.07e-05 4.985e-05 5.12e-05 3.215e-05 4.97e-05 5.31e-05 4.995e-05 3.155e-05 2.57e-05
5 4.525e-05 5.005e-05 2.58e-05 5.07e-05 4e-07 4e-07 3.29e-05 5.115e-05 3.06e-05 4.92e-05 7.45e-06 3.125e-05 5e-05 5.08e-05 5.11e-05 4.5e-07 5.12e-05 5.145e-05 5.32e-05 4.93e-05 3.195e-05 2.815e-05 2.56e-05 4.925e-05 4.845e-05 2.535e-05 5.295e-05 3.32e-05 4.56e-05 2.555e-05 4.765e-05 2.555e-05 3.38e-05 3.2e-05 2.805e-05 3.26e-05 3.215e-05 5.07e-05 5.08e-05 2.54e-05 3.32e-05 3.03e-05 3.22e-05 5.07e-05 9.5e-07 5.075e-05 5.125e-05 6.5e-06 5.22e-05 1.445e-05 3.25e-05 4.52e-05 5.215e-05 5.09e-05 5.21e-05 3.025e-05 5.075e-05 1.465e-05 5.085e-05 2.77e-05 2.48e-05 3.56e-05 4.84e-05 5.04e-05 5.095e-05 5.015e-05 2.865e-05 5.22e-05 2.675e-05 3.28e-05 3.2e-05 2.58e-05 8e-07 2.745e-05 5.065e-05 5.155e-05 5.065e-05 2.63e-05 5.055e-05 3.265e-05 5.085e-05 7.85e-06 2.54e-05 2.935e-05 5.145e-05 2.415e-05 3.305e-05 3.24e-05 2.525e-05 4.965e-05 5.09e-05 5.075e-05 4.99e-05 5.125e-05 3.22e-05 4.975e-05 5.315e-05 5e-05 3.16e-05 2.575e-05
6 3.29e-05 3.12e-05 3.145e-05 3.17e-05 3.285e-05 3.29e-05 5.42e-05 3.04e-05 3.23e-05 3.19e-05 3.16e-05 3.14e-05 3.155e-05 2.965e-05 2.965e-05 3.285e-05 3.075e-05 3.01e-05 3.28e-05 3.28e-05 3.15e-05 3.475e-05 3.115e-05 2.92e-05 3.255e-05 3.325e-05 3.285e-05 2.85e-05 2.965e-05 3.25e-05 3.08e-05 3.345e-05 2.885e-05 3.155e-05 3.465e-05 2.985e-05 3.17e-05 3.325e-05 2.97e-05 3.33e-05 3.02e-05 3.12e-05 3.045e-05 3.02e-05 3.335e-05 3.1e-05 2.96e-05 3.15e-05 3.26e-05 2.985e-05 3.01e-05 3.155e-05 3.41e-05 2.985e-05 3.405e-05 3.19e-05 3.075e-05 2.93e-05 3.08e-05 3.43e-05 3.27e-05 3.09e-05 3.155e-05 3.25e-05 2.99e-05 3.135e-05 3.14e-05 3.44e-05 3.205e-05 3.005e-05 3.155e-05 3.235e-05 3.32e-05 3.42e-05 2.955e-05 3.16e-05 2.95e-05 3.16e-05 3.145e-05 2.99e-05 3.175e-05 3.18e-05 3.33e-05 2.975e-05 2.925e-05 3.24e-05 2.835e-05 3.295e-05 3.315e-05 3.275e-05 2.98e-05 2.96e-05 3.03e-05 3.12e-05 3.115e-05 2.97e-05 3.285e-05 3.12e-05 3.29e-05 3.08e-05
7 1.22e-05 9.4e-06 2.945e-05 1.16e-05 5.11e-05 5.115e-05 3.04e-05 1.37e-05 2.99e-05 1.2e-05 4.855e-05 3.01e-05 9.3e-06 7.15e-06 9.1e-06 5.11e-05 1.16e-05 9.55e-06 1.385e-05 1.145e-05 2.865e-05 3.435e-05 3.125e-05 1.135e-05 1.275e-05 3.17e-05 1.195e-05 2.925e-05 1.26e-05 3.095e-05 1.275e-05 3.19e-05 3.15e-05 2.87e-05 3.425e-05 2.635e-05 2.885e-05 1.47e-05 7.45e-06 3.175e-05 2.855e-05 3.125e-05 2.82e-05 7.75e-06 5.16e-05 8.95e-06 1.115e-05 4.83e-05 1.18e-05 5.045e-05 3.155e-05 1.515e-05 1.375e-05 7.35e-06 1.37e-05 3.135e-05 1.005e-05 5.05e-05 9.7e-06 3.39e-05 3.115e-05 3.35e-05 1.18e-05 1.075e-05 7.4e-06 9.3e-06 3.105e-05 1.42e-05 3.175e-05 2.65e-05 2.87e-05 3.175e-05 5.145e-05 3.38e-05 7e-06 1.105e-05 7.05e-06 3.13e-05 1.135e-05 2.64e-05 1.165e-05 4.875e-05 3.175e-05 3.235e-05 9.7e-06 3.25e-05 2.915e-05 3.125e-05 3.16e-05 1.14e-05 7.55e-06 7.1e-06 1.06e-05 1.11e-05 2.86e-05 1.015e-05 1.39e-05 9.15e-06 3.07e-05 3.11e-05
8 2.705e-05 2.68e-05 3.06e-05 2.695e-05 3.055e-05 3.06e-05 3.23e-05 2.99e-05 4.56e-05 2.865e-05 3.01e-05 3.22e-05 2.84e-05 3.04e-05 3.02e-05 3.055e-05 3.13e-05 3.055e-05 3.35e-05 2.32e-05 2.635e-05 3.415e-05 3.13e-05 3.22e-05 2.89e-05 2.73e-05 3.375e-05 3.17e-05 2.95e-05 2.675e-05 3.35e-05 2.75e-05 3.175e-05 2.64e-05 3.405e-05 2.985e-05 2.655e-05 3.515e-05 3.04e-05 2.735e-05 2.99e-05 3.36e-05 3.185e-05 3.045e-05 3.105e-05 2.675e-05 3.105e-05 3.045e-05 3.31e-05 3.265e-05 2.815e-05 2.625e-05 2.99e-05 3.05e-05 2.985e-05 3.32e-05 3.035e-05 3.32e-05 3.155e-05 3.37e-05 2.675e-05 3.475e-05 3.01e-05 2.315e-05 3.055e-05 2.69e-05 3.085e-05 3.015e-05 3.105e-05 3.005e-05 2.64e-05 3.16e-05 3.09e-05 3.36e-05 3.025e-05 2.985e-05 3.025e-05 3.06e-05 2.68e-05 2.99e-05 2.71e-05 3.03e-05 2.735e-05 3.21e-05 3.095e-05 3.26e-05 3.155e-05 3.32e-05 2.72e-05 2.365e-05 3.05e-05 3.035e-05 2.72e-05 2.675e-05 2.76e-05 2.855e-05 3.345e-05 2.675e-05 2.805e-05 3.13e-05
9 1.055e-05 1.115e-05 3.08e-05 1.2e-05 4.915e-05 4.92e-05 3.19e-05 1.2e-05 2.865e-05 1.58e-05 4.885e-05 2.91e-05 1.135e-05 1.21e-05 1.255e-05 4.915e-05 1.32e-05 1.29e-05 1.495e-05 1.02e-05 2.93e-05 3.34e-05 2.885e-05 9.7e-06 9.85e-06 3.01e-05 1.455e-05 3.235e-05 1.67e-05 2.98e-05 8.4e-06 3.03e-05 3.31e-05 2.935e-05 3.33e-05 3.015e-05 2.95e-05 1.22e-05 1.215e-05 3.015e-05 3.09e-05 2.795e-05 2.995e-05 1.24e-05 4.965e-05 1.135e-05 1.08e-05 4.965e-05 1.405e-05 5.115e-05 3.145e-05 1.61e-05 1.27e-05 1.22e-05 1.265e-05 2.895e-05 1.23e-05 5.025e-05 1.28e-05 3.295e-05 2.955e-05 3.465e-05 9.45e-06 8.3e-06 1.225e-05 1.125e-05 3.29e-05 1.36e-05 3.185e-05 3.035e-05 2.935e-05 3.13e-05 4.95e-05 3.285e-05 1.195e-05 1.215e-05 1.195e-05 3.14e-05 1.18e-05 3.02e-05 1.21e-05 4.905e-05 3.015e-05 3.34e-05 1.23e-05 2.895e-05 3.22e-05 3.205e-05 3e-05 1.055e-05 1.22e-05 1.205e-05 9.7e-06 1.2e-05 3.015e-05 1.055e-05 1.495e-05 1.11e-05 3.025e-05 3.03e-05
10 4.835e-05 4.895e-05 2.775e-05 5.06e-05 7.55e-06 7.45e-06 3.16e-05 4.855e-05 3.01e-05 4.885e-05 1.47e-05 2.815e-05 4.83e-05 4.765e-05 4.89e-05 7.55e-06 5.035e-05 4.925e-05 5.185e-05 5.025e-05 2.895e-05 3.095e-05 2.755e-05 4.845e-05 4.95e-05 2.935e-05 5.065e-05 3.145e-05 4.255e-05 2.79e-05 4.84e-05 2.955e-05 3.3e-05 2.9e-05 3.085e-05 2.755e-05 2.895e-05 5.055e-05 4.765e-05 2.94e-05 2.91e-05 3.015e-05 2.99e-05 4.795e-05 8.05e-06 4.8e-05 4.9e-05 8.9e-06 5.03e-05 1.325e-05 3.28e-05 4.42e-05 5.165e-05 4.775e-05 5.16e-05 2.98e-05 4.94e-05 1.375e-05 4.915e-05 3.05e-05 2.88e-05 3.42e-05 4.89e-05 4.97e-05 4.78e-05 4.905e-05 3.06e-05 5.195e-05 2.965e-05 2.775e-05 2.9e-05 2.91e-05 7.9e-06 3.03e-05 4.75e-05 4.955e-05 4.75e-05 2.92e-05 5.04e-05 2.74e-05 5.07e-05 7.9e-06 2.94e-05 3.15e-05 4.945e-05 2.825e-05 3.13e-05 2.97e-05 2.925e-05 5.06e-05 4.775e-05 4.76e-05 4.915e-05 4.945e-05 2.935e-05 4.87e-05 5.185e-05 4.89e-05 3.105e-05 2.83e-05
11 3.245e-05 3.085e-05 2.98e-05 3.38e-05 3.12e-05 3.125e-05 3.14e-05 3.01e-05 3.22e-05 2.91e-05 2.815e-05 5.01e-05 2.99e-05 2.815e-05 3.065e-05 3.12e-05 3.275e-05 3.1e-05 3.31e-05 3.355e-05 2.945e-05 3.25e-05 2.855e-05 2.705e-05 2.935e-05 3.28e-05 3.07e-05 3.17e-05 2.815e-05 3.14e-05 2.615e-05 3.3e-05 3.45e-05 2.95e-05 3.24e-05 2.665e-05 2.945e-05 2.925e-05 2.815e-05 3.285e-05 2.945e-05 2.715e-05 2.825e-05 2.81e-05 3.17e-05 2.995e-05 2.955e-05 2.995e-05 3.055e-05 3.23e-05 3.445e-05 3.12e-05 3.275e-05 2.825e-05 3.275e-05 2.775e-05 3.115e-05 3.185e-05 3.03e-05 3.205e-05 3.225e-05 3.4e-05 2.905e-05 3.24e-05 2.83e-05 3.095e-05 3.39e-05 3.34e-05 3.295e-05 2.685e-05 2.95e-05 3.18e-05 3.155e-05 3.2e-05 2.8e-05 3.135e-05 2.8e-05 3.25e-05 3.355e-05 2.65e-05 3.385e-05 2.855e-05 3.285e-05 3.41e-05 3.07e-05 2.895e-05 3.155e-05 2.86e-05 3.27e-05 3.39e-05 2.825e-05 2.81e-05 3.025e-05 3.265e-05 2.985e-05 2.97e-05 3.32e-05 3.08e-05 3.175e-05 2.985e-05
12 1.085e-05 8.05e-06 2.88e-05 1.18e-05 4.995e-05 5e-05 3.155e-05 9.3e-06 2.84e-05 1.135e-05 4.83e-05 2.99e-05 1.32e-05 6.9e-06 1.01e-05 4.995e-05 1.315e-05 1.075e-05 1.41e-05 9.15e-06 2.78e-05 3.27e-05 3.075e-05 1.06e-05 1.105e-05 2.995e-05 1.09e-05 3.065e-05 1.225e-05 2.965e-05 1.17e-05 3.025e-05 3.415e-05 2.775e-05 3.26e-05 2.67e-05 2.79e-05 1.31e-05 7e-06 2.99e-05 3.02e-05 3.03e-05 2.78e-05 7.7e-06 5.045e-05 8.3e-06 1.255e-05 4.775e-05 1.06e-05 5.07e-05 3.17e-05 1.35e-05 1.2e-05 7.3e-06 1.195e-05 2.975e-05 1.085e-05 5.14e-05 9.75e-06 3.225e-05 2.95e-05 3.495e-05 1.095e-05 1e-05 7.35e-06 8.1e-06 3.195e-05 1.18e-05 3.25e-05 2.69e-05 2.775e-05 3.14e-05 5.03e-05 3.21e-05 6.95e-06 1.07e-05 6.75e-06 3.205e-05 1.155e-05 2.675e-05 1.19e-05 4.85e-05 3e-05 3.32e-05 1.105e-05 3.14e-05 3.05e-05 3.115e-05 2.985e-05 9.15e-06 7.05e-06 6.85e-06 9.75e-06 1.17e-05 2.815e-05 9.6e-06 1.41e-05 8.05e-06 2.855e-05 3.03e-05
13 1.185e-05 6e-06 2.625e-05 1.36e-05 5.075e-05 5.08e-05 2.965e-05 7.15e-06 3.04e-05 1.21e-05 4.765e-05 2.815e-05 6.9e-06 1e-06 7.8e-06 5.075e-05 1.49e-05 8.55e-06 1.59e-05 1.13e-05 2.785e-05 3.415e-05 3.08e-05 7.6e-06 1.145e-05 3.145e-05 8.75e-06 2.82e-05 6.85e-06 3.175e-05 9.95e-06 3.165e-05 3.58e-05 2.79e-05 3.405e-05 2.245e-05 2.805e-05 1.34e-05 1.05e-06 3.15e-05 3e-05 2.94e-05 2.445e-05 2e-06 5.125e-05 6.75e-06 1.295e-05 4.52e-05 9.05e-06 5.255e-05 3.36e-05 1.25e-05 1.355e-05 1.1e-06 1.35e-05 3.005e-05 1.02e-05 5.205e-05 7.65e-06 3.37e-05 3.09e-05 3.64e-05 9.3e-06 1.2e-05 1.15e-06 6.05e-06 3.2e-05 1.41e-05 3.365e-05 2.26e-05 2.79e-05 3.28e-05 5.11e-05 3.36e-05 6.5e-07 1.315e-05 5e-07 3.32e-05 1.335e-05 2.25e-05 1.365e-05 4.785e-05 3.15e-05 3.355e-05 8.6e-06 3.105e-05 2.81e-05 2.97e-05 3.135e-05 1.085e-05 1.1e-06 5.5e-07 8.25e-06 1.415e-05 2.82e-05 6.7e-06 1.595e-05 5.9e-06 3.06e-05 2.87e-05
14 1.275e-05 9.8e-06 2.985e-05 1.025e-05 5.105e-05 5.11e-05 2.965e-05 9.1e-06 3.02e-05 1.255e-05 4.89e-05 3.065e-05 1.01e-05 7.8e-06 1.5e-05 5.105e-05 1.07e-05 8.2e-06 1.185e-05 1.19e-05 2.925e-05 3.4e-05 3.135e-05 1.16e-05 1.315e-05 3.19e-05 1.215e-05 2.89e-05 1.365e-05 3.115e-05 1.3e-05 3.21e-05 2.9e-05 2.93e-05 3.39e-05 2.72e-05 2.945e-05 1.45e-05 8e-06 3.195e-05 2.73e-05 3.155e-05 2.885e-05 8.7e-06 5.155e-05 9.7e-06 9.55e-06 4.88e-05 1.19e-05 4.925e-05 3.09e-05 1.595e-05 1.38e-05 8.2e-06 1.375e-05 3.115e-05 8.8e-06 4.98e-05 1.1e-05 3.355e-05 3.135e-05 3.23e-05 1.185e-05 1.16e-05 8.25e-06 1.005e-05 2.94e-05 1.41e-05 3.005e-05 2.74e-05 2.93e-05 3.25e-05 5.14e-05 3.345e-05 7.85e-06 1.005e-05 7.65e-06 2.955e-05 9.9e-06 2.725e-05 1.02e-05 4.91e-05 3.195e-05 3.145e-05 8.7e-06 3.26e-05 2.875e-05 3.13e-05 3.18e-05 1.185e-05 8e-06 7.75e-06 1.115e-05 9.65e-06 2.885e-05 1.02e-05 1.2e-05 9.9e-06 3.06e-05 3.12e-05
15 4.52e-05 5e-05 2.565e-05 5.065e-05 3e-07 4.5e-07 3.285e-05 5.11e-05 3.055e-05 4.915e-05 7.55e-06 3.12e-05 4.995e-05 5.075e-05 5.105e-05 5e-07 5.115e-05 5.14e-05 5.315e-05 4.925e-05 3.19e-05 2.81e-05 2.57e-05 4.92e-05 4.84e-05 2.53e-05 5.29e-05 3.315e-05 4.555e-05 2.535e-05 4.76e-05 2.55e-05 3.375e-05 3.195e-05 2.8e-05 3.255e-05 3.21e-05 5.065e-05 5.075e-05 2.535e-05 3.315e-05 3.025e-05 3.215e-05 5.065e-05 9e-07 5.07e-05 5.12e-05 6.55e-06 5.215e-05 1.44e-05 3.245e-05 4.515e-05 5.21e-05 5.085e-05 5.205e-05 3.02e-05 5.07e-05 1.46e-05 5.08e-05 2.755e-05 2.465e-05 3.555e-05 4.835e-05 5.035e-05 5.09e-05 5.01e-05 2.86e-05 5.215e-05 2.67e-05 3.275e-05 3.195e-05 2.575e-05 7.5e-07 2.75e-05 5.06e-05 5.15e-05 5.06e-05 2.615e-05 5.05e-05 3.26e-05 5.08e-05 7.8e-06 2.535e-05 2.93e-05 5.14e-05 2.41e-05 3.3e-05 3.23e-05 2.52e-05 4.96e-05 5.085e-05 5.07e-05 4.985e-05 5.12e-05 3.215e-05 4.97e-05 5.31e-05 4.995e-05 3.155e-05 2.57e-05
16 1.4e-05 1.42e-05 3.32e-05 1.03e-05 5.115e-05 5.12e-05 3.075e-05 1.16e-05 3.13e-05 1.32e-05 5.035e-05 3.275e-05 1.315e-05 1.49e-05 1.07e-05 5.115e-05 1.3e-05 1.08e-05 1.07e-05 1.35e-05 3.145e-05 3.355e-05 3.155e-05 1.455e-05 1.465e-05 3.275e-05 1.51e-05 3.085e-05 2.015e-05 3.12e-05 1.475e-05 3.295e-05 2.685e-05 3.15e-05 3.345e-05 3.205e-05 3.165e-05 1.475e-05 1.495e-05 3.28e-05 2.805e-05 3.175e-05 3.175e-05 1.5e-05 5.165e-05 1.315e-05 9.25e-06 5.205e-05 1.44e-05 4.77e-05 3.02e-05 1.98e-05 1.435e-05 1.5e-05 1.43e-05 3.185e-05 1e-05 4.775e-05 1.125e-05 3.31e-05 3.22e-05 3.03e-05 1.425e-05 1.255e-05 1.505e-05 1.43e-05 2.96e-05 1.44e-05 2.935e-05 3.225e-05 3.15e-05 2.925e-05 5.15e-05 3.3e-05 1.475e-05 9.65e-06 1.475e-05 2.91e-05 9.9e-06 3.21e-05 1.035e-05 5.055e-05 3.28e-05 3.06e-05 1.13e-05 3.34e-05 3.07e-05 3.315e-05 3.265e-05 1.385e-05 1.5e-05 1.485e-05 1.415e-05 8.85e-06 3.105e-05 1.38e-05 1.075e-05 1.415e-05 3.135e-05 3.32e-05
17 1.31e-05 1.04e-05 3.03e-05 1.04e-05 5.14e-05 5.145e-05 3.01e-05 9.55e-06 3.055e-05 1.29e-05 4.925e-05 3.1e-05 1.075e-05 8.55e-06 8.2e-06 5.14e-05 1.08e-05 1.57e-05 1.205e-05 1.225e-05 2.96e-05 3.435e-05 3.17e-05 1.2e-05 1.35e-05 3.225e-05 1.26e-05 2.935e-05 1.415e-05 3.15e-05 1.335e-05 3.245e-05 2.94e-05 2.965e-05 3.425e-05 2.765e-05 2.98e-05 1.485e-05 8.75e-06 3.23e-05 2.77e-05 3.19e-05 2.93e-05 9.05e-06 5.19e-05 1.015e-05 9.95e-06 4.92e-05 1.215e-05 4.96e-05 3.125e-05 1.635e-05 1.415e-05 8.2e-06 1.41e-05 3.15e-05 8.95e-06 5.015e-05 1.145e-05 3.39e-05 3.17e-05 3.265e-05 1.2e-05 1.195e-05 8.25e-06 1.05e-05 2.955e-05 1.445e-05 3.015e-05 2.785e-05 2.965e-05 3.285e-05 5.175e-05 3.38e-05 8.4e-06 1.015e-05 8.4e-06 2.99e-05 1e-05 2.77e-05 1.04e-05 4.945e-05 3.23e-05 3.18e-05 9.15e-06 3.295e-05 2.92e-05 3.165e-05 3.215e-05 1.215e-05 8.2e-06 8.5e-06 1.155e-05 9.75e-06 2.915e-05 1.04e-05 1.215e-05 1.035e-05 3.095e-05 3.16e-05
18 1.62e-05 1.58e-05 3.47e-05 1.22e-05 5.315e-05 5.32e-05 3.28e-05 1.385e-05 3.35e-05 1.495e-05 5.185e-05 3.31e-05 1.41e-05 1.59e-05 1.185e-05 5.315e-05 1.07e-05 1.205e-05 1.56e-05 1.57e-05 3.305e-05 3.11e-05 3.325e-05 1.575e-05 1.56e-05 3.485e-05 1.235e-05 3.265e-05 2.105e-05 3.34e-05 1.575e-05 3.505e-05 2.895e-05 3.31e-05 3.1e-05 3.305e-05 3.325e-05 1.2e-05 1.595e-05 3.49e-05 2.935e-05 3.32e-05 3.32e-05 1.535e-05 5.365e-05 1.485e-05 1.06e-05 5.35e-05 1.165e-05 4.765e-05 3.26e-05 2.13e-05 1.2e-05 1.6e-05 1.215e-05 3.1e-05 1.105e-05 5e-05 1.48e-05 3.065e-05 3.43e-05 2.855e-05 1.58e-05 1.49e-05 1.605e-05 1.59e-05 3.15e-05 1.225e-05 3.11e-05 3.325e-05 3.31e-05 3.355e-05 5.35e-05 3.075e-05 1.575e-05 1.015e-05 1.575e-05 3.075e-05 1.18e-05 3.31e-05 1.2e-05 5.205e-05 3.49e-05 3.27e-05 1.27e-05 3.49e-05 3.25e-05 3.09e-05 3.475e-05 1.61e-05 1.6e-05 1.585e-05 1.595e-05 1.085e-05 3.235e-05 1.555e-05 8.3e-06 1.575e-05 3.11e-05 3.49e-05
19 6.3e-06 5.95e-06 3.04e-05 6.9e-06 4.925e-05 4.93e-05 3.28e-05 1.145e-05 2.32e-05 1.02e-05 5.025e-05 3.355e-05 9.15e-06 1.13e-05 1.19e-05 4.925e-05 1.35e-05 1.225e-05 1.57e-05 4e-07 2.57e-05 3.445e-05 3.26e-05 1.245e-05 7.9e-06 2.52e-05 1.515e-05 3.22e-05 1.55e-05 2.765e-05 1.425e-05 2.555e-05 3.3e-05 2.575e-05 3.435e-05 3.11e-05 2.59e-05 1.66e-05 1.13e-05 2.525e-05 3.19e-05 3.36e-05 3.18e-05 1.14e-05 4.975e-05 8.75e-06 1.425e-05 4.925e-05 1.45e-05 5.225e-05 2.675e-05 1.035e-05 1.035e-05 1.14e-05 1.03e-05 3.325e-05 1.155e-05 5.275e-05 1.285e-05 3.4e-05 2.48e-05 3.62e-05 9.9e-06 3.7e-06 1.145e-05 5.9e-06 3.125e-05 9.65e-06 3.165e-05 3.13e-05 2.575e-05 3.19e-05 4.96e-05 3.39e-05 1.115e-05 1.165e-05 1.115e-05 3.12e-05 6.65e-06 3.115e-05 7.05e-06 5.045e-05 2.515e-05 3.225e-05 1.265e-05 3.245e-05 3.205e-05 3.43e-05 2.51e-05 9.5e-07 1.14e-05 1.125e-05 6.7e-06 9.55e-06 2.74e-05 7.85e-06 1.565e-05 5.75e-06 2.63e-05 3.065e-05
20 2.88e-05 2.685e-05 3e-05 2.865e-05 3.19e-05 3.195e-05 3.15e-05 2.865e-05 2.635e-05 2.93e-05 2.895e-05 2.945e-05 2.78e-05 2.785e-05 2.925e-05 3.19e-05 3.145e-05 2.96e-05 3.305e-05 2.57e-05 5.11e-05 3.405e-05 3.105e-05 3e-05 2.92e-05 2.91e-05 3.17e-05 3.09e-05 2.745e-05 2.89e-05 3.165e-05 2.95e-05 3.255e-05 2.58e-05 3.395e-05 2.675e-05 2.595e-05 3.345e-05 2.785e-05 2.925e-05 2.84e-05 3.175e-05 2.965e-05 2.825e-05 3.24e-05 2.695e-05 3.045e-05 3.02e-05 3.14e-05 3.2e-05 2.985e-05 2.67e-05 3.07e-05 2.795e-05 3.065e-05 3.115e-05 2.975e-05 3.275e-05 3.01e-05 3.36e-05 2.875e-05 3.445e-05 2.96e-05 2.63e-05 2.8e-05 2.685e-05 3.185e-05 3.06e-05 3.205e-05 2.695e-05 2.58e-05 3.21e-05 3.225e-05 3.35e-05 2.77e-05 2.955e-05 2.77e-05 3.16e-05 2.84e-05 2.68e-05 2.875e-05 2.915e-05 2.925e-05 3.29e-05 3e-05 3.235e-05 3.075e-05 3.06e-05 2.91e-05 2.61e-05 2.795e-05 2.78e-05 2.75e-05 2.855e-05 2.69e-05 2.77e-05 3.305e-05 2.67e-05 2.825e-05 3.07e-05
21 3.225e-05 3.43e-05 3.125e-05 3.455e-05 2.81e-05 2.815e-05 3.475e-05 3.435e-05 3.415e-05 3.34e-05 3.095e-05 3.25e-05 3.27e-05 3.415e-05 3.4e-05 2.81e-05 3.355e-05 3.435e-05 3.11e-05 3.445e-05 3.405e-05 5.57e-05 3.055e-05 3.29e-05 3.275e-05 3.12e-05 3.15e-05 3.49e-05 3.41e-05 3.125e-05 3.19e-05 3.14e-05 3.505e-05 3.41e-05 2.815e-05 3.38e-05 3.425e-05 2.99e-05 3.415e-05 3.125e-05 3.395e-05 3.185e-05 3.31e-05 3.345e-05 2.825e-05 3.435e-05 3.345e-05 3.085e-05 3.075e-05 3.225e-05 3.51e-05 3.46e-05 3.14e-05 3.425e-05 3.155e-05 3.035e-05 3.325e-05 3.39e-05 3.35e-05 2.815e-05 3.115e-05 3.26e-05 3.315e-05 3.485e-05 3.43e-05 3.44e-05 3.27e-05 3.165e-05 3.125e-05 3.4e-05 3.41e-05 3.02e-05 2.795e-05 2.825e-05 3.4e-05 3.295e-05 3.4e-05 3.13e-05 3.435e-05 3.385e-05 3.465e-05 3.065e-05 3.145e-05 3.305e-05 3.445e-05 2.975e-05 3.475e-05 3.1e-05 3.13e-05 3.485e-05 3.425e-05 3.41e-05 3.42e-05 3.44e-05 3.41e-05 3.39e-05 3.13e-05 3.425e-05 3.195e-05 3.08e-05
22 2.99e-05 3.17e-05 2.845e-05 3.265e-05 2.57e-05 2.56e-05 3.115e-05 3.125e-05 3.13e-05 2.885e-05 2.755e-05 2.855e-05 3.075e-05 3.08e-05 3.135e-05 2.57e-05 3.155e-05 3.17e-05 3.325e-05 3.26e-05 3.105e-05 3.055e-05 5.1e-05 2.795e-05 2.995e-05 2.96e-05 3.275e-05 3.205e-05 3.07e-05 2.84e-05 2.63e-05 2.98e-05 3.295e-05 3.11e-05 3.045e-05 3.005e-05 3.125e-05 3e-05 3.085e-05 2.965e-05 3.095e-05 2.73e-05 2.97e-05 3.1e-05 2.62e-05 3.1e-05 2.875e-05 2.825e-05 3.22e-05 3.18e-05 3.3e-05 3.195e-05 3.33e-05 3.09e-05 3.325e-05 2.82e-05 3.125e-05 3.1e-05 3.105e-05 3.01e-05 2.905e-05 3.375e-05 2.905e-05 3.195e-05 3.095e-05 3.18e-05 3.055e-05 3.365e-05 2.96e-05 3.025e-05 3.11e-05 2.85e-05 2.605e-05 2.99e-05 3.065e-05 3.15e-05 3.065e-05 2.915e-05 3.245e-05 3.01e-05 3.275e-05 2.79e-05 2.965e-05 3.1e-05 3.09e-05 2.62e-05 3.19e-05 3.125e-05 2.95e-05 3.295e-05 3.09e-05 3.075e-05 3.08e-05 3.175e-05 3.14e-05 3.05e-05 3.325e-05 3.165e-05 3.175e-05 2.79e-05
23 1.16e-05 1e-05 2.865e-05 1.45e-05 4.92e-05 4.925e-05 2.92e-05 1.135e-05 3.22e-05 9.7e-06 4.845e-05 2.705e-05 1.06e-05 7.6e-06 1.16e-05 4.92e-05 1.455e-05 1.2e-05 1.575e-05 1.245e-05 3e-05 3.29e-05 2.795e-05 6.1e-06 9.35e-06 3.125e-05 1.18e-05 3.095e-05 1.27e-05 3.225e-05 3.75e-06 3.145e-05 3.535e-05 3.005e-05 3.28e-05 2.75e-05 3.02e-05 9.95e-06 7.7e-06 3.13e-05 3.19e-05 2.54e-05 2.69e-05 8.35e-06 4.97e-05 1.155e-05 1.12e-05 4.75e-05 1.165e-05 5.16e-05 3.34e-05 1.545e-05 1.36e-05 7.75e-06 1.355e-05 2.69e-05 1.18e-05 5.025e-05 1.05e-05 3.245e-05 3.07e-05 3.535e-05 7.7e-06 1.31e-05 7.8e-06 1.015e-05 3.33e-05 1.42e-05 3.32e-05 2.77e-05 3.005e-05 3.135e-05 4.955e-05 3.235e-05 7.5e-06 1.375e-05 7.45e-06 3.275e-05 1.425e-05 2.755e-05 1.455e-05 4.865e-05 3.13e-05 3.33e-05 1.075e-05 2.73e-05 3.08e-05 3.08e-05 3.115e-05 1.29e-05 7.7e-06 7.55e-06 7.45e-06 1.575e-05 3.03e-05 6.75e-06 1.58e-05 1e-05 3.1e-05 2.66e-05
24 9.75e-06 9.8e-06 3.005e-05 1.19e-05 4.84e-05 4.845e-05 3.255e-05 1.275e-05 2.89e-05 9.85e-06 4.95e-05 2.935e-05 1.105e-05 1.145e-05 1.315e-05 4.84e-05 1.465e-05 1.35e-05 1.56e-05 7.9e-06 2.92e-05 3.275e-05 2.995e-05 9.35e-06 1.57e-05 2.86e-05 1.4e-05 3.285e-05 1.605e-05 3e-05 8.6e-06 2.89e-05 3.48e-05 2.925e-05 3.265e-05 3.085e-05 2.94e-05 1.225e-05 1.145e-05 2.865e-05 3.28e-05 2.885e-05 3.025e-05 1.11e-05 4.89e-05 1.16e-05 1.32e-05 4.885e-05 1.35e-05 5.23e-05 3.115e-05 1.465e-05 1.225e-05 1.155e-05 1.225e-05 2.96e-05 1.28e-05 5.17e-05 1.29e-05 3.23e-05 2.815e-05 3.56e-05 9.2e-06 9.65e-06 1.16e-05 9.8e-06 3.315e-05 1.225e-05 3.24e-05 3.105e-05 2.925e-05 3.145e-05 4.875e-05 3.225e-05 1.13e-05 1.33e-05 1.13e-05 3.195e-05 1.165e-05 3.09e-05 1.2e-05 4.97e-05 2.855e-05 3.33e-05 1.32e-05 2.89e-05 3.27e-05 3.215e-05 2.85e-05 8.45e-06 1.155e-05 1.14e-05 9.3e-06 1.35e-05 3.02e-05 9.7e-06 1.565e-05 9.65e-06 2.955e-05 2.965e-05
25 2.605e-05 2.84e-05 2.85e-05 2.92e-05 2.53e-05 2.535e-05 3.325e-05 3.17e-05 2.73e-05 3.01e-05 2.935e-05 3.28e-05 2.995e-05 3.145e-05 3.19e-05 2.53e-05 3.275e-05 3.225e-05 3.485e-05 2.52e-05 2.91e-05 3.12e-05 2.96e-05 3.125e-05 2.86e-05 5.01e-05 3.445e-05 3.31e-05 3.095e-05 2.7e-05 3.135e-05 2.545e-05 3.38e-05 2.925e-05 3.125e-05 3.225e-05 2.94e-05 3.405e-05 3.145e-05 2.52e-05 3.295e-05 3.235e-05 3.24e-05 3.145e-05 2.545e-05 3.015e-05 3.315e-05 2.815e-05 3.375e-05 3.375e-05 3e-05 2.815e-05 3.165e-05 3.155e-05 3.16e-05 3.215e-05 3.155e-05 3.41e-05 3.225e-05 3.125e-05 2.52e-05 3.63e-05 2.955e-05 2.745e-05 3.16e-05 2.84e-05 3.01e-05 3.13e-05 2.91e-05 3.245e-05 2.925e-05 2.875e-05 2.515e-05 3.115e-05 3.13e-05 3.2e-05 3.13e-05 2.915e-05 2.9e-05 3.23e-05 2.935e-05 2.905e-05 2.54e-05 3.12e-05 3.245e-05 2.82e-05 3.295e-05 3.375e-05 2.525e-05 2.56e-05 3.155e-05 3.14e-05 2.87e-05 3.08e-05 3.02e-05 2.92e-05 3.48e-05 2.825e-05 2.935e-05 2.815e-05
26 1.535e-05 1.205e-05 3.115e-05 1.57e-05 5.29e-05 5.295e-05 3.285e-05 1.195e-05 3.375e-05 1.455e-05 5.065e-05 3.07e-05 1.09e-05 8.75e-06 1.215e-05 5.29e-05 1.51e-05 1.26e-05 1.235e-05 1.515e-05 3.17e-05 3.15e-05 3.275e-05 1.18e-05 1.4e-05 3.445e-05 1.69e-05 3.195e-05 1.43e-05 3.405e-05 1.275e-05 3.465e-05 3.575e-05 3.175e-05 3.14e-05 2.835e-05 3.19e-05 1.095e-05 9.05e-06 3.45e-05 3.205e-05 3.11e-05 2.885e-05 8.65e-06 5.34e-05 1.19e-05 1.4e-05 4.99e-05 8.7e-06 5.1e-05 3.535e-05 1.79e-05 1.2e-05 8.9e-06 1.195e-05 2.995e-05 1.265e-05 5.23e-05 1.15e-05 3.105e-05 3.39e-05 3.29e-05 1.33e-05 1.535e-05 9e-06 1.19e-05 3.43e-05 1.2e-05 3.49e-05 2.85e-05 3.175e-05 3.39e-05 5.325e-05 3.065e-05 8.6e-06 1.345e-05 8.65e-06 3.445e-05 1.545e-05 2.84e-05 1.575e-05 5.085e-05 3.45e-05 3.485e-05 1.265e-05 3.34e-05 3.19e-05 2.935e-05 3.435e-05 1.515e-05 9.15e-06 8.7e-06 1.31e-05 1.555e-05 3.18e-05 1.21e-05 1.24e-05 1.175e-05 3.115e-05 3.245e-05
27 3.275e-05 3.03e-05 3.1e-05 3.125e-05 3.315e-05 3.32e-05 2.85e-05 2.925e-05 3.17e-05 3.235e-05 3.145e-05 3.17e-05 3.065e-05 2.82e-05 2.89e-05 3.315e-05 3.085e-05 2.935e-05 3.265e-05 3.22e-05 3.09e-05 3.49e-05 3.205e-05 3.095e-05 3.285e-05 3.31e-05 3.195e-05 5.58e-05 2.86e-05 3.235e-05 3.23e-05 3.33e-05 2.91e-05 3.095e-05 3.48e-05 2.875e-05 3.11e-05 3.4e-05 2.85e-05 3.315e-05 2.975e-05 3.21e-05 2.98e-05 2.88e-05 3.365e-05 2.98e-05 3.02e-05 3.1e-05 3.19e-05 3.01e-05 3.015e-05 3.1e-05 3.38e-05 2.835e-05 3.375e-05 3.25e-05 2.99e-05 2.985e-05 3.02e-05 3.445e-05 3.255e-05 3.13e-05 3.17e-05 3.19e-05 2.845e-05 3.015e-05 3.135e-05 3.41e-05 3.205e-05 2.89e-05 3.095e-05 3.275e-05 3.35e-05 3.435e-05 2.805e-05 3.115e-05 2.81e-05 3.16e-05 3.1e-05 2.88e-05 3.13e-05 3.165e-05 3.315e-05 3.025e-05 2.905e-05 3.33e-05 2.795e-05 3.265e-05 3.3e-05 3.215e-05 2.86e-05 2.815e-05 3.1e-05 3.075e-05 3.055e-05 3.01e-05 3.27e-05 3e-05 3.245e-05 3.195e-05
28 1.645e-05 1.13e-05 2.65e-05 1.83e-05 4.555e-05 4.56e-05 2.965e-05 1.26e-05 2.95e-05 1.67e-05 4.255e-05 2.815e-05 1.225e-05 6.85e-06 1.365e-05 4.555e-05 2.015e-05 1.415e-05 2.105e-05 1.55e-05 2.745e-05 3.41e-05 3.07e-05 1.27e-05 1.605e-05 3.095e-05 1.43e-05 2.86e-05 1.28e-05 3.125e-05 1.495e-05 3.115e-05 3.575e-05 2.75e-05 3.4e-05 2.29e-05 2.765e-05 1.845e-05 7.15e-06 3.1e-05 3.005e-05 2.93e-05 2.48e-05 7.8e-06 4.605e-05 1.185e-05 1.805e-05 4.02e-05 1.46e-05 4.735e-05 3.31e-05 1.12e-05 1.82e-05 7.1e-06 1.815e-05 2.995e-05 1.58e-05 4.685e-05 1.33e-05 3.365e-05 3.04e-05 3.635e-05 1.48e-05 1.62e-05 7.15e-06 1.115e-05 3.195e-05 1.875e-05 3.365e-05 2.31e-05 2.75e-05 3.285e-05 4.59e-05 3.355e-05 6.6e-06 1.785e-05 6.7e-06 3.32e-05 1.805e-05 2.295e-05 1.835e-05 4.275e-05 3.1e-05 3.35e-05 1.405e-05 3.095e-05 2.845e-05 2.975e-05 3.085e-05 1.505e-05 7.35e-06 6.8e-06 1.295e-05 1.885e-05 2.78e-05 1.23e-05 2.11e-05 1.1e-05 3.01e-05 2.87e-05
29 2.76e-05 2.97e-05 2.865e-05 2.945e-05 2.535e-05 2.555e-05 3.25e-05 3.095e-05 2.675e-05 2.98e-05 2.79e-05 3.14e-05 2.965e-05 3.175e-05 3.115e-05 2.535e-05 3.12e-05 3.15e-05 3.34e-05 2.765e-05 2.89e-05 3.125e-05 2.84e-05 3.225e-05 3e-05 2.7e-05 3.405e-05 3.235e-05 3.125e-05 5.05e-05 3.19e-05 2.72e-05 3.2e-05 2.895e-05 3.115e-05 3.085e-05 2.91e-05 3.365e-05 3.175e-05 2.705e-05 3.05e-05 3.2e-05 3.205e-05 3.175e-05 2.6e-05 2.865e-05 3.095e-05 2.86e-05 3.335e-05 3.23e-05 3.035e-05 2.955e-05 3.22e-05 3.185e-05 3.215e-05 3.175e-05 3.13e-05 3.27e-05 3.185e-05 3.07e-05 2.635e-05 3.44e-05 3.085e-05 2.81e-05 3.19e-05 2.98e-05 2.975e-05 3.2e-05 2.88e-05 3.105e-05 2.895e-05 2.87e-05 2.585e-05 3.07e-05 3.16e-05 3.055e-05 3.16e-05 2.825e-05 2.93e-05 3.09e-05 2.96e-05 2.81e-05 2.705e-05 3.07e-05 3.17e-05 2.895e-05 3.22e-05 3.225e-05 2.69e-05 2.8e-05 3.185e-05 3.17e-05 3.04e-05 2.825e-05 2.965e-05 3.095e-05 3.335e-05 2.965e-05 2.995e-05 2.93e-05
30 1.205e-05 1.21e-05 2.9e-05 1.56e-05 4.76e-05 4.765e-05 3.08e-05 1.275e-05 3.35e-05 8.4e-06 4.84e-05 2.615e-05 1.17e-05 9.95e-06 1.3e-05 4.76e-05 1.475e-05 1.335e-05 1.575e-05 1.425e-05 3.165e-05 3.19e-05 2.63e-05 3.75e-06 8.6e-06 3.135e-05 1.275e-05 3.23e-05 1.495e-05 3.19e-05 1.9e-06 3.155e-05 3.575e-05 3.17e-05 3.18e-05 2.94e-05 3.185e-05 8e-06 1.005e-05 3.14e-05 3.285e-05 2.31e-05 2.75e-05 1.045e-05 4.81e-05 1.315e-05 1.055e-05 4.785e-05 1.24e-05 5.16e-05 3.45e-05 1.745e-05 1.425e-05 1.005e-05 1.42e-05 2.495e-05 1.265e-05 4.99e-05 1.165e-05 3.145e-05 3.08e-05 3.545e-05 7.05e-06 1.44e-05 1.01e-05 1.22e-05 3.385e-05 1.49e-05 3.26e-05 2.96e-05 3.17e-05 3.055e-05 4.795e-05 3.135e-05 9.8e-06 1.39e-05 9.8e-06 3.215e-05 1.535e-05 2.945e-05 1.565e-05 4.86e-05 3.14e-05 3.385e-05 1.19e-05 2.475e-05 3.215e-05 3.075e-05 3.125e-05 1.46e-05 1.005e-05 9.9e-06 1.005e-05 1.64e-05 3.19e-05 9.6e-06 1.58e-05 1.205e-05 3.17e-05 2.755e-05
31 2.63e-05 2.835e-05 2.87e-05 2.9e-05 2.55e-05 2.555e-05 3.345e-05 3.19e-05 2.75e-05 3.03e-05 2.955e-05 3.3e-05 3.025e-05 3.165e-05 3.21e-05 2.55e-05 3.295e-05 3.245e-05 3.505e-05 2.555e-05 2.95e-05 3.14e-05 2.98e-05 3.145e-05 2.89e-05 2.545e-05 3.465e-05 3.33e-05 3.115e-05 2.72e-05 3.155e-05 5.05e-05 3.4e-05 2.955e-05 3.145e-05 3.245e-05 2.97e-05 3.425e-05 3.165e-05 2.55e-05 3.315e-05 3.255e-05 3.26e-05 3.165e-05 2.565e-05 3.035e-05 3.335e-05 2.835e-05 3.395e-05 3.395e-05 3.03e-05 2.845e-05 3.185e-05 3.175e-05 3.18e-05 3.235e-05 3.175e-05 3.43e-05 3.245e-05 3.145e-05 2.54e-05 3.65e-05 2.975e-05 2.765e-05 3.18e-05 2.87e-05 3.03e-05 3.16e-05 2.93e-05 3.265e-05 2.955e-05 2.895e-05 2.535e-05 3.135e-05 3.15e-05 3.21e-05 3.15e-05 2.935e-05 2.925e-05 3.25e-05 2.915e-05 2.925e-05 2.57e-05 3.14e-05 3.265e-05 2.84e-05 3.315e-05 3.395e-05 2.555e-05 2.6e-05 3.175e-05 3.16e-05 2.89e-05 3.1e-05 3.03e-05 2.94e-05 3.5e-05 2.855e-05 2.93e-05 2.835e-05
32 3.385e-05 3.44e-05 3.49e-05 2.82e-05 3.375e-05 3.38e-05 2.885e-05 3.15e-05 3.175e-05 3.31e-05 3.3e-05 3.45e-05 3.415e-05 3.58e-05 2.9e-05 3.375e-05 2.685e-05 2.94e-05 2.895e-05 3.3e-05 3.255e-05 3.505e-05 3.295e-05 3.535e-05 3.48e-05 3.38e-05 3.575e-05 2.91e-05 3.575e-05 3.2e-05 3.575e-05 3.4e-05 4.44e-05 3.26e-05 3.495e-05 3.385e-05 3.275e-05 3.545e-05 3.58e-05 3.385e-05 2.705e-05 3.46e-05 3.455e-05 3.585e-05 3.425e-05 3.31e-05 2.72e-05 3.495e-05 3.51e-05 2.71e-05 2.775e-05 3.47e-05 3.43e-05 3.59e-05 3.425e-05 3.395e-05 2.89e-05 2.79e-05 3.375e-05 3.46e-05 3.325e-05 2.75e-05 3.465e-05 3.17e-05 3.595e-05 3.45e-05 2.91e-05 3.435e-05 2.88e-05 3.405e-05 3.26e-05 3.26e-05 3.41e-05 3.45e-05 3.565e-05 2.835e-05 3.565e-05 2.825e-05 2.785e-05 3.39e-05 2.815e-05 3.32e-05 3.385e-05 2.85e-05 2.955e-05 3.52e-05 2.895e-05 3.455e-05 3.37e-05 3.335e-05 3.59e-05 3.575e-05 3.42e-05 2.655e-05 3.145e-05 3.4e-05 2.91e-05 3.435e-05 3.27e-05 3.48e-05
33 2.885e-05 2.69e-05 3.005e-05 2.87e-05 3.195e-05 3.2e-05 3.155e-05 2.87e-05 2.64e-05 2.935e-05 2.9e-05 2.95e-05 2.775e-05 2.79e-05 2.93e-05 3.195e-05 3.15e-05 2.965e-05 3.31e-05 2.575e-05 2.58e-05 3.41e-05 3.11e-05 3.005e-05 2.925e-05 2.925e-05 3.175e-05 3.095e-05 2.75e-05 2.895e-05 3.17e-05 2.955e-05 3.26e-05 5.12e-05 3.4e-05 2.68e-05 2.585e-05 3.35e-05 2.79e-05 2.915e-05 2.845e-05 3.18e-05 2.97e-05 2.83e-05 3.245e-05 2.7e-05 3.05e-05 3.025e-05 3.145e-05 3.215e-05 2.99e-05 2.66e-05 3.075e-05 2.8e-05 3.07e-05 3.13e-05 2.98e-05 3.28e-05 3.015e-05 3.365e-05 2.88e-05 3.45e-05 2.965e-05 2.635e-05 2.805e-05 2.675e-05 3.19e-05 3.05e-05 3.21e-05 2.7e-05 2.57e-05 3.215e-05 3.23e-05 3.355e-05 2.775e-05 2.96e-05 2.775e-05 3.165e-05 2.845e-05 2.685e-05 2.88e-05 2.92e-05 2.93e-05 3.295e-05 3.005e-05 3.24e-05 3.08e-05 3.065e-05 2.915e-05 2.62e-05 2.8e-05 2.785e-05 2.755e-05 2.86e-05 2.695e-05 2.775e-05 3.31e-05 2.675e-05 2.84e-05 3.075e-05
34 3.21e-05 3.42e-05 3.115e-05 3.445e-05 2.8e-05 2.805e-05 3.465e-05 3.425e-05 3.405e-05 3.33e-05 3.085e-05 3.24e-05 3.26e-05 3.405e-05 3.39e-05 2.8e-05 3.345e-05 3.425e-05 3.1e-05 3.435e-05 3.395e-05 2.815e-05 3.045e-05 3.28e-05 3.265e-05 3.125e-05 3.14e-05 3.48e-05 3.4e-05 3.115e-05 3.18e-05 3.145e-05 3.495e-05 3.4e-05 5.55e-05 3.37e-05 3.415e-05 2.98e-05 3.405e-05 3.13e-05 3.385e-05 3.175e-05 3.3e-05 3.335e-05 2.785e-05 3.425e-05 3.335e-05 3.07e-05 3.065e-05 3.215e-05 3.5e-05 3.45e-05 3.13e-05 3.415e-05 3.145e-05 3.025e-05 3.315e-05 3.38e-05 3.34e-05 2.805e-05 3.105e-05 3.25e-05 3.305e-05 3.475e-05 3.42e-05 3.43e-05 3.245e-05 3.155e-05 3.13e-05 3.39e-05 3.4e-05 3.025e-05 2.8e-05 2.815e-05 3.39e-05 3.285e-05 3.39e-05 3.12e-05 3.425e-05 3.375e-05 3.455e-05 3.07e-05 3.12e-05 3.295e-05 3.435e-05 2.98e-05 3.465e-05 3.09e-05 3.105e-05 3.475e-05 3.415e-05 3.4e-05 3.41e-05 3.43e-05 3.4e-05 3.38e-05 3.12e-05 3.415e-05 3.185e-05 3.085e-05
35 3.15e-05 2.685e-05 2.78e-05 3.19e-05 3.255e-05 3.26e-05 2.985e-05 2.635e-05 2.985e-05 3.015e-05 2.755e-05 2.665e-05 2.67e-05 2.245e-05 2.72e-05 3.255e-05 3.205e-05 2.765e-05 3.305e-05 3.11e-05 2.675e-05 3.38e-05 3.005e-05 2.75e-05 3.085e-05 3.225e-05 2.835e-05 2.875e-05 2.29e-05 3.085e-05 2.94e-05 3.245e-05 3.385e-05 2.68e-05 3.37e-05 4.42e-05 2.695e-05 3.175e-05 2.27e-05 3.23e-05 2.735e-05 2.955e-05 2.58e-05 2.335e-05 3.305e-05 2.58e-05 2.97e-05 2.805e-05 2.855e-05 3.215e-05 3.32e-05 2.765e-05 3.22e-05 2.265e-05 3.215e-05 2.955e-05 2.895e-05 3.23e-05 2.735e-05 3.335e-05 3.17e-05 3.445e-05 2.92e-05 3.035e-05 2.27e-05 2.68e-05 3.21e-05 3.275e-05 3.295e-05 2.245e-05 2.68e-05 3.245e-05 3.29e-05 3.325e-05 2.225e-05 3.02e-05 2.23e-05 3.25e-05 3.165e-05 2.23e-05 3.195e-05 2.775e-05 3.23e-05 3.345e-05 2.78e-05 3.155e-05 2.86e-05 2.82e-05 3.215e-05 3.105e-05 2.28e-05 2.24e-05 2.82e-05 3.075e-05 2.72e-05 2.705e-05 3.31e-05 2.665e-05 3.04e-05 2.965e-05
36 2.9e-05 2.705e-05 3.02e-05 2.885e-05 3.21e-05 3.215e-05 3.17e-05 2.885e-05 2.655e-05 2.95e-05 2.895e-05 2.945e-05 2.79e-05 2.805e-05 2.945e-05 3.21e-05 3.165e-05 2.98e-05 3.325e-05 2.59e-05 2.595e-05 3.425e-05 3.125e-05 3.02e-05 2.94e-05 2.94e-05 3.19e-05 3.11e-05 2.765e-05 2.91e-05 3.185e-05 2.97e-05 3.275e-05 2.585e-05 3.415e-05 2.695e-05 5.15e-05 3.365e-05 2.805e-05 2.93e-05 2.86e-05 3.195e-05 2.985e-05 2.845e-05 3.26e-05 2.715e-05 3.065e-05 3.04e-05 3.16e-05 3.23e-05 3.005e-05 2.675e-05 3.09e-05 2.815e-05 3.085e-05 3.145e-05 2.995e-05 3.295e-05 3.03e-05 3.38e-05 2.895e-05 3.465e-05 2.98e-05 2.65e-05 2.82e-05 2.69e-05 3.205e-05 3.065e-05 3.225e-05 2.715e-05 2.585e-05 3.23e-05 3.245e-05 3.37e-05 2.79e-05 2.975e-05 2.79e-05 3.18e-05 2.86e-05 2.68e-05 2.895e-05 2.935e-05 2.945e-05 3.31e-05 3.02e-05 3.255e-05 3.095e-05 3.08e-05 2.93e-05 2.635e-05 2.815e-05 2.8e-05 2.77e-05 2.875e-05 2.71e-05 2.79e-05 3.325e-05 2.69e-05 2.855e-05 3.09e-05
37 1.53e-05 1.5e-05 3.22e-05 1.655e-05 5.065e-05 5.07e-05 3.325e-05 1.47e-05 3.515e-05 1.22e-05 5.055e-05 2.925e-05 1.31e-05 1.34e-05 1.45e-05 5.065e-05 1.475e-05 1.485e-05 1.2e-05 1.66e-05 3.345e-05 2.99e-05 3e-05 9.95e-06 1.225e-05 3.405e-05 1.095e-05 3.4e-05 1.845e-05 3.365e-05 8e-06 3.425e-05 3.545e-05 3.35e-05 2.98e-05 3.175e-05 3.365e-05 1.5e-05 1.345e-05 3.41e-05 3.32e-05 2.745e-05 3.03e-05 1.3e-05 5.115e-05 1.51e-05 1.25e-05 5.1e-05 1.04e-05 5.02e-05 3.565e-05 2.04e-05 1.22e-05 1.35e-05 1.205e-05 2.685e-05 1.375e-05 5.095e-05 1.345e-05 2.945e-05 3.35e-05 3.215e-05 1.18e-05 1.64e-05 1.355e-05 1.51e-05 3.51e-05 1.255e-05 3.39e-05 3.195e-05 3.35e-05 3.23e-05 5.1e-05 2.935e-05 1.325e-05 1.355e-05 1.325e-05 3.345e-05 1.63e-05 3.18e-05 1.66e-05 5.075e-05 3.41e-05 3.485e-05 1.42e-05 2.955e-05 3.385e-05 2.93e-05 3.395e-05 1.7e-05 1.35e-05 1.335e-05 1.395e-05 1.64e-05 3.35e-05 1.35e-05 1.195e-05 1.495e-05 3.15e-05 3.15e-05
38 1.185e-05 6.15e-06 2.595e-05 1.365e-05 5.075e-05 5.08e-05 2.97e-05 7.45e-06 3.04e-05 1.215e-05 4.765e-05 2.815e-05 7e-06 1.05e-06 8e-06 5.075e-05 1.495e-05 8.75e-06 1.595e-05 1.13e-05 2.785e-05 3.415e-05 3.085e-05 7.7e-06 1.145e-05 3.145e-05 9.05e-06 2.85e-05 7.15e-06 3.175e-05 1.005e-05 3.165e-05 3.58e-05 2.79e-05 3.405e-05 2.27e-05 2.805e-05 1.345e-05 1.6e-06 3.15e-05 3e-05 2.945e-05 2.47e-05 2.25e-06 5.125e-05 7.05e-06 1.305e-05 4.53e-05 9.2e-06 5.255e-05 3.36e-05 1.255e-05 1.355e-05 1.55e-06 1.35e-05 3.01e-05 1.04e-05 5.205e-05 7.95e-06 3.37e-05 3.09e-05 3.64e-05 9.5e-06 1.2e-05 1.6e-06 6.35e-06 3.21e-05 1.41e-05 3.37e-05 2.29e-05 2.79e-05 3.28e-05 5.11e-05 3.36e-05 1.05e-06 1.32e-05 9e-07 3.325e-05 1.34e-05 2.275e-05 1.37e-05 4.785e-05 3.15e-05 3.355e-05 8.9e-06 3.11e-05 2.835e-05 2.97e-05 3.135e-05 1.085e-05 1.35e-06 1e-06 8.3e-06 1.42e-05 2.82e-05 6.9e-06 1.6e-05 6.2e-06 3.06e-05 2.875e-05
39 2.61e-05 2.845e-05 2.855e-05 2.925e-05 2.535e-05 2.54e-05 3.33e-05 3.175e-05 2.735e-05 3.015e-05 2.94e-05 3.285e-05 2.99e-05 3.15e-05 3.195e-05 2.535e-05 3.28e-05 3.23e-05 3.49e-05 2.525e-05 2.925e-05 3.125e-05 2.965e-05 3.13e-05 2.865e-05 2.52e-05 3.45e-05 3.315e-05 3.1e-05 2.705e-05 3.14e-05 2.55e-05 3.385e-05 2.915e-05 3.13e-05 3.23e-05 2.93e-05 3.41e-05 3.15e-05 5.02e-05 3.3e-05 3.24e-05 3.245e-05 3.15e-05 2.55e-05 3.02e-05 3.32e-05 2.82e-05 3.38e-05 3.38e-05 3.005e-05 2.805e-05 3.17e-05 3.16e-05 3.165e-05 3.22e-05 3.16e-05 3.415e-05 3.23e-05 3.13e-05 2.525e-05 3.635e-05 2.96e-05 2.75e-05 3.165e-05 2.83e-05 3.015e-05 3.12e-05 2.915e-05 3.25e-05 2.915e-05 2.88e-05 2.52e-05 3.12e-05 3.135e-05 3.205e-05 3.135e-05 2.92e-05 2.905e-05 3.235e-05 2.94e-05 2.91e-05 2.545e-05 3.125e-05 3.25e-05 2.825e-05 3.3e-05 3.38e-05 2.53e-05 2.57e-05 3.16e-05 3.145e-05 2.875e-05 3.085e-05 3.025e-05 2.925e-05 3.485e-05 2.83e-05 2.94e-05 2.82e-05
40 3.26e-05 3.095e-05 3.17e-05 2.885e-05 3.315e-05 3.32e-05 3.02e-05 2.855e-05 2.99e-05 3.09e-05 2.91e-05 2.945e-05 3.02e-05 3e-05 2.73e-05 3.315e-05 2.805e-05 2.77e-05 2.935e-05 3.19e-05 2.84e-05 3.395e-05 3.095e-05 3.19e-05 3.28e-05 3.295e-05 3.205e-05 2.975e-05 3.005e-05 3.05e-05 3.285e-05 3.315e-05 2.705e-05 2.845e-05 3.385e-05 2.735e-05 2.86e-05 3.32e-05 3e-05 3.3e-05 4.92e-05 3.205e-05 3.055e-05 3.04e-05 3.365e-05 2.9e-05 2.67e-05 3.19e-05 3.175e-05 2.915e-05 3.075e-05 3.135e-05 3.27e-05 3.01e-05 3.265e-05 3.1e-05 2.795e-05 3.035e-05 3.085e-05 3.35e-05 3.24e-05 3.065e-05 3.215e-05 3.015e-05 3.015e-05 3.105e-05 2.985e-05 3.3e-05 2.97e-05 2.755e-05 2.845e-05 3.23e-05 3.35e-05 3.34e-05 2.985e-05 2.74e-05 2.985e-05 2.915e-05 2.85e-05 2.74e-05 2.88e-05 2.925e-05 3.3e-05 3.165e-05 2.83e-05 3.345e-05 2.96e-05 3.01e-05 3.285e-05 3.225e-05 3.01e-05 2.995e-05 3.14e-05 2.655e-05 2.805e-05 3.095e-05 2.95e-05 3.09e-05 3.065e-05 3.25e-05
