 slim_337529062 slim_337529037 slim_337528994 slim_337529074 slim_337528836 slim_337528897 slim_337529080 slim_337529042 slim_337529081 slim_337529053 slim_337528963 slim_337529034 slim_337529065 slim_337529016 slim_337529064 slim_337529056 slim_337529024 slim_337529033 slim_337529025 slim_337528978 slim_337529040 slim_337528559 slim_337529004 slim_337529028 slim_337528878 slim_337528908 slim_337528951 slim_337528804 slim_337528822 slim_337528990 slim_337529072 slim_337528975 slim_337529035 slim_337528927 slim_337529067 slim_337528988 slim_337529050 slim_337528958 slim_337529059 slim_337529082 slim_337529038 slim_337529048 slim_337529085 slim_337529046 slim_337529043 slim_337529029 slim_337529084 slim_337528974 slim_337529066 slim_337529045 slim_337528873 slim_337529071 slim_337529013 slim_337529041 slim_337529021 slim_337529051 slim_337528949 slim_337528792 slim_337529026 slim_337528844 slim_337528966 slim_337529058 slim_337529086 slim_337529073 slim_337529027 slim_337528903 slim_337528907 slim_337529055 slim_337528989 slim_337528820 slim_337528766 slim_337528911 slim_337528954 slim_337529054 slim_337528647 slim_337529078 slim_337528986 slim_337528899 slim_337529075 slim_337528980 slim_337528925 slim_337528799 slim_337529010 slim_337529068 slim_337528956 slim_337529022 slim_337528967 slim_337529012 slim_337529077 slim_337529070 slim_337528875 slim_337528850 slim_337528979 slim_337529032 slim_337528950 slim_337529079 slim_337529057
0 0.0002048 0.000128 0.000117 0.0001318 0.0001393 0.00011855 0.0001065 0.00011745 0.00013035 0.00012825 0.0001528 0.00012915 0.0001531 0.0001296 0.00011605 0.00013165 0.0001029 0.00011885 0.00013635 0.0001273 0.0001279 0.00012685 0.00011945 0.0001279 0.00013 0.0001412 0.0001169 0.000116 0.0001424 0.00011395 0.0001393 0.000127 0.00015275 0.000176 0.00012475 0.00013165 0.0001296 0.000114 0.0001527 0.0001537 0.00011725 0.00011645 0.0001416 0.0001763 0.0001162 0.0001159 0.00012655 0.00014285 0.0001196 0.00013165 0.0001165 0.0001277 0.0001165 0.00011675 0.00012545 0.00012495 0.0001181 0.00012715 0.00012735 0.0001157 0.0001173 0.0001421 0.00011985 0.00011855 0.00012745 0.0001282 0.00011395 0.00014 0.00013155 0.0001387 0.0001185 0.0001297 0.0001289 0.0001159 0.00012985 0.0001159 0.00013065 0.00013895 0.0001428 0.00012955 0.00017625 0.0001401 0.0001419 0.0001508 0.00011765 0.00015365 0.00011725 0.00015295 0.00011975 0.00012855 0.00011645 0.00012825 0.00012685 0.00013915 0.00012795 0.0001423 0.0001423
1 0.000128 8.13e-05 4.19e-05 5.545e-05 5.66e-05 0.00012635 0.00012815 8.36e-05 8.335e-05 5.555e-05 6.2e-05 5.53e-05 7.515e-05 0.00010915 8.18e-05 6.815e-05 4.33e-05 8.515e-05 5.185e-05 5.505e-05 4.145e-05 4.215e-05 0.00016905 0.00014105 5.61e-05 0.0001013 4.195e-05 4.195e-05 0.00014795 4.35e-05 0.00014795 4.2e-05 6.195e-05 8.295e-05 4.35e-05 0.00015185 4.385e-05 4.37e-05 6.19e-05 7.515e-05 5.525e-05 0.00012805 0.0001011 8.325e-05 0.00013995 4.2e-05 4.235e-05 0.00014795 5.525e-05 0.00015185 8.43e-05 5.515e-05 0.00012775 0.00012815 4.395e-05 4.35e-05 0.00012835 4.205e-05 5.51e-05 8.345e-05 8.345e-05 0.000144 0.0001399 0.00012635 0.00014045 5.535e-05 0.0001283 0.0001037 6.805e-05 6.515e-05 0.00013915 4.41e-05 4.315e-05 0.0001272 5.54e-05 4.2e-05 5.49e-05 6.505e-05 0.0001155 4.395e-05 8.32e-05 0.00010345 6.305e-05 6.36e-05 5.62e-05 7.51e-05 0.00014095 7.5e-05 5.595e-05 5.585e-05 0.0001279 5.465e-05 4.36e-05 6.465e-05 5.525e-05 0.00011505 0.00010215
2 0.000117 4.19e-05 2.31e-05 6.88e-05 2.685e-05 0.00012835 0.00011675 7.13e-05 0.0001146 4.34e-05 8.84e-05 4.41e-05 8.91e-05 0.0001104 6.925e-05 7.46e-05 4.785e-05 7.57e-05 2.895e-05 4.945e-05 4.235e-05 4.245e-05 0.00017105 0.00011335 4.495e-05 0.00010285 1.2e-05 6e-05 0.00016095 3.73e-05 0.0001454 4.24e-05 8.835e-05 0.00010475 1.965e-05 0.00014245 4.55e-05 3.065e-05 8.83e-05 8.94e-05 6.07e-05 9.91e-05 0.00010265 0.00010505 0.00012955 5.995e-05 4.88e-05 0.00014535 4.28e-05 0.00014245 7.115e-05 4.335e-05 0.0001056 0.00011475 1.315e-05 1.965e-05 0.0001252 4.89e-05 4.95e-05 7.675e-05 7.115e-05 0.00014555 0.00014535 0.00012835 0.000113 5.005e-05 0.0001062 7.475e-05 7.45e-05 3.55e-05 0.0001287 3.89e-05 3.83e-05 0.00012925 4.45e-05 5.995e-05 7.35e-05 4.195e-05 0.0001047 3.875e-05 0.000105 8.065e-05 5.855e-05 5.9e-05 6.14e-05 8.935e-05 0.0001306 8.895e-05 4.335e-05 4.37e-05 0.0001148 4.31e-05 2.07e-05 5.35e-05 4.31e-05 0.00010395 0.0001036
3 0.0001318 5.545e-05 6.88e-05 6.04e-05 7.265e-05 0.0001357 0.00013335 9.26e-05 8.125e-05 5.21e-05 5.555e-05 5.175e-05 5.165e-05 0.00011045 9.185e-05 3.345e-05 3.185e-05 7.86e-05 6.63e-05 4.485e-05 5.535e-05 5.48e-05 0.0001784 0.0001528 5.345e-05 0.000102 6.87e-05 3.505e-05 0.0001372 4.57e-05 0.0001523 5.48e-05 5.55e-05 7.24e-05 6.535e-05 0.00013185 4.5e-05 5.18e-05 5.545e-05 5.25e-05 3.225e-05 0.0001522 0.00010255 7.27e-05 0.00013135 3.5e-05 4.885e-05 0.0001535 4.91e-05 0.00013185 9.28e-05 5.185e-05 0.0001463 0.0001366 7.195e-05 6.54e-05 0.0001311 4.89e-05 4.49e-05 8.58e-05 9.245e-05 0.0001447 0.00011705 0.0001357 0.00015235 4.6e-05 0.00014595 0.00011965 3.335e-05 9.34e-05 0.00013145 5.115e-05 5.035e-05 0.00013565 5.27e-05 3.5e-05 3.64e-05 8.755e-05 0.0001002 5.1e-05 7.265e-05 0.00011355 6.9e-05 7.225e-05 3.325e-05 5.245e-05 0.00013325 5.135e-05 5.005e-05 5.24e-05 0.0001363 5.15e-05 6.63e-05 5.25e-05 5.18e-05 9.89e-05 0.00010315
4 0.0001393 5.66e-05 2.685e-05 7.265e-05 3.09e-05 0.00015085 0.00013805 8.49e-05 0.0001369 4.345e-05 0.00010405 4.505e-05 9.235e-05 0.00011725 8.42e-05 7.07e-05 6.995e-05 8.385e-05 2.425e-05 5.01e-05 5.585e-05 5.56e-05 0.00019325 0.0001119 4.44e-05 0.00010285 2.7e-05 8.245e-05 0.0001765 5.02e-05 0.0001609 5.585e-05 0.000104 0.00011345 2.325e-05 0.0001393 5.22e-05 4.325e-05 0.00010395 9.25e-05 7.04e-05 0.00011155 0.00010325 0.00011375 0.0001396 8.24e-05 6.2e-05 0.00016005 5.345e-05 0.0001393 8.46e-05 4.485e-05 0.00011855 0.0001274 1.615e-05 2.355e-05 0.0001413 6.195e-05 5.015e-05 9.005e-05 8.475e-05 0.00014525 0.0001553 0.00015085 0.00011235 5.055e-05 0.0001191 6.54e-05 7.06e-05 3.87e-05 0.0001388 4.53e-05 4.605e-05 0.0001514 4.53e-05 8.24e-05 8.215e-05 4.515e-05 9.09e-05 4.5e-05 0.0001137 7.05e-05 7.465e-05 6.465e-05 6.97e-05 9.245e-05 0.0001391 9.22e-05 5.245e-05 4.39e-05 0.00012815 4.42e-05 2.45e-05 4.515e-05 4.33e-05 9.095e-05 0.000103
5 0.00011855 0.00012635 0.00012835 0.0001357 0.00015085 0.0002306 0.00011755 0.0001284 0.00011575 0.0001399 0.00014265 0.0001398 0.00015565 0.0001335 0.0001274 0.0001428 0.00011745 0.00012985 0.0001472 0.00013905 0.00012625 0.0001265 0.0001157 0.00014175 0.00014075 0.0001388 0.0001282 0.00011645 0.0001446 0.0001274 0.00014475 0.0001265 0.0001426 0.0001696 0.00013735 0.0001415 0.00013375 0.0001278 0.00014255 0.0001558 0.00012965 0.0001272 0.00013925 0.0001699 0.0001306 0.0001164 0.0001264 0.0001436 0.00013095 0.0001415 0.0001281 0.00013955 0.0001264 0.0001285 0.000138 0.0001374 0.0001249 0.0001262 0.0001391 0.00012775 0.00012825 0.000139 0.00013055 0.0001155 0.00014125 0.0001395 0.0001286 0.0001502 0.0001427 0.0001495 0.00012815 0.0001342 0.0001335 0.000118 0.00014005 0.0001164 0.0001295 0.00014925 0.000153 0.00013405 0.00016985 0.00015045 0.0001447 0.00015395 0.0001306 0.00015575 0.00013175 0.0001555 0.00013185 0.0001402 0.0001283 0.0001393 0.00013775 0.00014975 0.0001396 0.0001524 0.0001396
6 0.0001065 0.00012815 0.00011675 0.00013335 0.00013805 0.00011755 0.0002075 0.00011765 0.0001301 0.00012835 0.00015255 0.00012935 0.0001532 0.00013015 0.00011655 0.00013115 0.0001044 0.00011805 0.00013615 0.0001285 0.00012805 0.0001279 0.00011755 0.00012955 0.0001288 0.00014065 0.0001169 0.00011755 0.00014175 0.00011575 0.0001415 0.0001279 0.0001525 0.00017485 0.000126 0.00013105 0.000131 0.0001152 0.00015245 0.00015335 0.0001177 0.00011535 0.000141 0.00017515 0.00011965 0.0001175 0.0001279 0.00013935 0.00011975 0.00013105 0.000117 0.00012855 0.0001157 0.0001166 0.00012545 0.00012605 0.00012175 0.000128 0.00012855 0.0001169 0.0001175 0.00014065 0.00012 0.00011755 0.0001301 0.00012895 0.00011725 0.0001392 0.00013105 0.0001382 0.00011785 0.0001305 0.00013035 0.000119 0.0001296 0.0001175 0.00013025 0.0001384 0.0001411 0.0001303 0.0001751 0.00013875 0.0001415 0.0001501 0.00011715 0.0001533 0.0001193 0.00015305 0.00011895 0.0001287 0.00011695 0.00012875 0.0001269 0.0001391 0.0001281 0.0001411 0.00014065
7 0.00011745 8.36e-05 7.13e-05 9.26e-05 8.49e-05 0.0001284 0.00011765 0.0001388 0.00013835 8.475e-05 0.00011175 8.315e-05 0.00011255 0.0001244 7.045e-05 9.855e-05 7.295e-05 8.535e-05 8.17e-05 8.375e-05 8.355e-05 8.35e-05 0.0001711 0.00013005 8.4e-05 0.0001409 7.13e-05 8.43e-05 0.00014395 7.205e-05 0.0001449 8.34e-05 0.0001117 0.0001277 7.115e-05 0.00014205 7.965e-05 7.245e-05 0.00011165 0.00011285 8.535e-05 0.00011615 0.0001413 0.000128 0.00012955 8.425e-05 8.355e-05 0.00014505 8.47e-05 0.00014205 7.155e-05 8.465e-05 0.0001161 0.00011565 7.16e-05 7.11e-05 0.00012505 8.31e-05 8.38e-05 7.025e-05 6.96e-05 0.0001836 0.00012885 0.0001284 0.0001297 8.435e-05 0.00011655 0.00013015 9.845e-05 9.32e-05 0.00012885 8.01e-05 7.945e-05 0.00012915 8.355e-05 8.425e-05 9.735e-05 9.28e-05 0.0001429 7.995e-05 0.00012795 0.00012925 9.965e-05 9.985e-05 8.605e-05 0.0001128 0.0001306 0.0001124 8.53e-05 8.505e-05 0.00011545 8.44e-05 7.025e-05 9.495e-05 8.445e-05 0.0001422 0.00014175
8 0.00013035 8.335e-05 0.0001146 8.125e-05 0.0001369 0.00011575 0.0001301 0.00013835 8.65e-05 0.0001095 7.545e-05 0.0001089 0.00010075 0.0001134 0.0001378 9.52e-05 7.095e-05 0.0001286 0.00012775 0.00010265 8.35e-05 8.39e-05 0.0001158 0.00016945 0.0001098 9.97e-05 0.0001145 5.705e-05 0.0001327 9.145e-05 0.00014865 8.38e-05 7.54e-05 0.00010725 0.0001181 0.00015265 9.035e-05 9.795e-05 7.535e-05 0.0001008 8.26e-05 0.00015635 0.0001003 0.00010755 0.00014195 5.71e-05 7.795e-05 0.0001482 0.0001001 0.00015265 0.0001388 0.0001093 0.00015005 0.0001412 0.0001249 0.00011815 0.00012925 7.75e-05 0.0001027 0.0001322 0.0001382 9.97e-05 0.000126 0.0001158 0.000169 0.000103 0.000151 0.0001404 9.51e-05 0.00013625 0.00014075 9.69e-05 9.62e-05 0.00011705 0.00010905 5.71e-05 6.97e-05 0.0001299 0.00012615 9.675e-05 0.0001075 0.0001347 0.00010655 0.0001162 8.36e-05 0.00010075 0.00014305 0.0001006 0.00010105 0.0001098 0.000141 0.00010885 0.0001179 0.0001191 0.0001092 0.0001256 0.0001006
9 0.00012825 5.555e-05 4.34e-05 5.21e-05 4.345e-05 0.0001399 0.00012835 8.475e-05 0.0001095 8.44e-05 8.4e-05 4.415e-05 7.225e-05 0.00011755 8.385e-05 4.375e-05 4.315e-05 7.405e-05 4.36e-05 4.32e-05 5.51e-05 5.49e-05 0.00018255 0.0001289 4.49e-05 0.00010225 4.345e-05 5.51e-05 0.0001574 4.365e-05 0.00015715 5.495e-05 8.395e-05 0.000101 4.335e-05 0.00012745 5.25e-05 4.31e-05 8.39e-05 7.175e-05 4.26e-05 0.0001278 0.00010265 0.0001013 0.0001282 5.505e-05 5.515e-05 0.0001574 4.27e-05 0.00012745 8.46e-05 4.36e-05 0.0001284 0.0001279 4.285e-05 4.345e-05 0.0001371 5.51e-05 4.325e-05 8.39e-05 8.46e-05 0.0001449 0.00012785 0.0001399 0.0001287 4.3e-05 0.00012855 9.17e-05 4.375e-05 6.51e-05 0.0001278 5.2e-05 5.215e-05 0.0001403 4.375e-05 5.505e-05 5.59e-05 6.525e-05 9.12e-05 5.165e-05 0.00010125 9.13e-05 7.21e-05 7.175e-05 4.4e-05 7.17e-05 0.00012915 7.21e-05 4.395e-05 4.275e-05 0.0001282 4.34e-05 4.445e-05 4.3e-05 4.225e-05 9.09e-05 0.000103
10 0.0001528 6.2e-05 8.84e-05 5.555e-05 0.00010405 0.00014265 0.00015255 0.00011175 7.545e-05 8.4e-05 6.5e-05 8.34e-05 5.46e-05 0.0001232 0.00011145 7.655e-05 5.255e-05 0.0001091 9.525e-05 7.74e-05 6.19e-05 6.235e-05 0.00018535 0.00018455 8.375e-05 0.00012105 8.84e-05 4.27e-05 0.0001274 6.615e-05 0.00014295 6.235e-05 3.275e-05 3.26e-05 8.57e-05 0.00017625 5.745e-05 7.245e-05 3.265e-05 5.44e-05 6.42e-05 0.0001722 0.00012165 3.285e-05 0.00016445 4.265e-05 5.64e-05 0.00014265 8.105e-05 0.00017625 0.00011305 8.41e-05 0.00016605 0.0001566 9.205e-05 8.575e-05 0.0001441 5.585e-05 7.745e-05 0.00010585 0.0001116 0.00016375 0.00014875 0.00014265 0.00018455 7.77e-05 0.0001663 0.00015175 7.645e-05 0.0001135 0.00016395 6.38e-05 6.335e-05 0.0001432 8.35e-05 4.265e-05 5.48e-05 0.0001071 0.0001433 6.365e-05 3.315e-05 0.00014475 5.955e-05 6.265e-05 6.47e-05 5.435e-05 0.000165 5.425e-05 8.15e-05 8.43e-05 0.00015665 8.36e-05 8.52e-05 9.38e-05 8.37e-05 0.00014285 0.00012155
11 0.00012915 5.53e-05 4.41e-05 5.175e-05 4.505e-05 0.0001398 0.00012935 8.315e-05 0.0001089 4.415e-05 8.34e-05 8.35e-05 7.145e-05 0.00011855 8.41e-05 4.41e-05 4.43e-05 7.42e-05 4.455e-05 4.315e-05 5.525e-05 5.545e-05 0.0001825 0.0001296 4.3e-05 0.00010195 4.41e-05 5.52e-05 0.00015725 4.455e-05 0.00015735 5.535e-05 8.335e-05 0.00010045 4.47e-05 0.0001275 5.315e-05 4.475e-05 8.33e-05 7.195e-05 4.38e-05 0.00012915 0.0001024 0.00010075 0.00012815 5.515e-05 5.565e-05 0.0001574 4.38e-05 0.0001275 8.565e-05 4.405e-05 0.0001291 0.00012925 4.495e-05 4.465e-05 0.00013775 5.525e-05 4.32e-05 8.455e-05 8.29e-05 0.00014465 0.0001285 0.0001398 0.00012925 4.395e-05 0.0001295 9.26e-05 4.4e-05 6.59e-05 0.0001275 5.34e-05 5.275e-05 0.0001405 4.245e-05 5.515e-05 5.545e-05 6.57e-05 9.145e-05 5.325e-05 0.0001007 9.19e-05 7.24e-05 7.29e-05 4.46e-05 7.19e-05 0.0001295 7.13e-05 4.45e-05 4.445e-05 0.00012905 4.335e-05 4.33e-05 4.395e-05 4.385e-05 9.05e-05 0.0001028
12 0.0001531 7.515e-05 8.91e-05 5.165e-05 9.235e-05 0.00015565 0.0001532 0.00011255 0.00010075 7.225e-05 5.46e-05 7.145e-05 0.000101 0.000132 0.0001122 5.26e-05 5.285e-05 9.79e-05 8.615e-05 6.51e-05 7.505e-05 7.52e-05 0.00019835 0.0001728 7.235e-05 0.00012165 8.91e-05 5.545e-05 0.00013635 6.655e-05 0.00015215 7.52e-05 5.445e-05 5.095e-05 8.62e-05 0.0001518 6.635e-05 7.28e-05 5.45e-05 5.16e-05 5.24e-05 0.00017275 0.0001222 5.12e-05 0.00015215 5.54e-05 6.925e-05 0.0001523 6.925e-05 0.0001518 0.00011365 7.23e-05 0.0001667 0.00015715 9.26e-05 8.625e-05 0.0001529 6.885e-05 6.515e-05 0.0001064 0.0001124 0.00016435 0.00013705 0.00015565 0.0001728 6.6e-05 0.0001668 0.00014015 5.25e-05 0.00011385 0.0001518 7.265e-05 7.215e-05 0.00015605 7.205e-05 5.54e-05 5.55e-05 0.00010755 0.00011935 7.25e-05 5.07e-05 0.0001331 6.83e-05 7.155e-05 5.295e-05 5.155e-05 0.00015325 5.095e-05 6.975e-05 7.255e-05 0.00015715 7.16e-05 8.605e-05 7.22e-05 7.195e-05 0.0001183 0.00012225
13 0.0001296 0.00010915 0.0001104 0.00011045 0.00011725 0.0001335 0.00013015 0.0001244 0.0001134 0.00011755 0.0001232 0.00011855 0.000132 0.0001782 0.00012325 0.00013295 0.00010495 0.0001432 0.0001083 0.0001107 0.00010875 0.00010765 0.00013345 0.00014305 0.0001197 0.00012175 0.0001103 0.0001091 0.00013825 9.79e-05 0.0001437 0.000108 0.00012315 0.0001328 9.645e-05 0.0001556 9.06e-05 0.00010395 0.0001231 0.0001326 0.00011865 0.0001282 0.0001221 0.0001331 0.0001427 0.00010905 0.00010125 0.000144 0.00012435 0.0001556 0.0001229 0.0001174 0.0001223 0.000123 0.00010305 9.68e-05 0.00012225 0.00010205 0.00011075 0.0001166 0.00012425 0.0001217 0.0001378 0.0001335 0.00014255 0.0001116 0.0001227 0.0001169 0.00013285 0.0001156 0.00014195 9.665e-05 9.62e-05 0.00013405 0.00011925 0.00010905 0.00012345 0.0001098 0.00013215 9.65e-05 0.00013305 0.0001115 0.00012455 0.000118 0.00011935 0.00013255 0.00014405 0.00013185 0.00012475 0.00011785 0.0001229 0.0001176 9.865e-05 0.0001288 0.00011725 0.00013135 0.00012275
14 0.00011605 8.18e-05 6.925e-05 9.185e-05 8.42e-05 0.0001274 0.00011655 7.045e-05 0.0001378 8.385e-05 0.00011145 8.41e-05 0.0001122 0.00012325 0.0001365 9.81e-05 7.17e-05 8.455e-05 7.935e-05 8.29e-05 8.235e-05 8.25e-05 0.0001701 0.0001292 8.515e-05 0.0001403 6.93e-05 8.335e-05 0.0001434 7.085e-05 0.00014415 8.245e-05 0.0001114 0.00012765 6.99e-05 0.0001414 7.87e-05 7.12e-05 0.00011135 0.0001125 8.445e-05 0.00011505 0.00014015 0.00012795 0.0001285 8.33e-05 8.255e-05 0.0001445 8.38e-05 0.0001414 7.045e-05 8.34e-05 0.00011485 0.00011455 7.06e-05 6.99e-05 0.0001239 8.23e-05 8.295e-05 6.935e-05 7.02e-05 0.000183 0.000128 0.0001274 0.0001286 8.35e-05 0.0001153 0.0001291 9.8e-05 9.225e-05 0.0001278 7.91e-05 7.81e-05 0.00012815 8.45e-05 8.33e-05 9.695e-05 9.205e-05 0.00014245 7.895e-05 0.0001279 0.0001286 9.895e-05 9.925e-05 8.535e-05 0.00011245 0.00012975 0.00011205 8.445e-05 8.415e-05 0.00011425 8.315e-05 7.085e-05 9.35e-05 8.355e-05 0.00014175 0.00014135
15 0.00013165 6.815e-05 7.46e-05 3.345e-05 7.07e-05 0.0001428 0.00013115 9.855e-05 9.52e-05 4.375e-05 7.655e-05 4.41e-05 5.26e-05 0.00013295 9.81e-05 5.5e-06 3e-05 6.26e-05 6.725e-05 3.815e-05 6.805e-05 6.855e-05 0.0001855 0.00014505 4.34e-05 0.0001015 7.46e-05 4.125e-05 0.0001515 5.13e-05 0.00016695 6.855e-05 7.65e-05 0.00010045 7.85e-05 0.00010465 6.755e-05 5.745e-05 7.645e-05 5.175e-05 1.64e-05 0.00015895 0.0001021 0.00010075 0.0001189 4.12e-05 6.265e-05 0.0001664 3.44e-05 0.00010465 9.97e-05 4.43e-05 0.0001528 0.0001433 8.475e-05 7.855e-05 0.0001479 6.225e-05 3.82e-05 9.27e-05 9.84e-05 0.0001442 0.00010255 0.0001428 0.0001454 3.76e-05 0.00015295 0.000119 2.9e-06 0.00010535 0.0001185 7.375e-05 7.33e-05 0.00014305 4.335e-05 4.12e-05 2.78e-05 9.915e-05 7.68e-05 7.36e-05 0.0001007 0.00011165 8.32e-05 9.27e-05 1.66e-05 5.17e-05 0.0001183 5.245e-05 3.45e-05 4.405e-05 0.00014335 4.415e-05 7.81e-05 3.29e-05 4.355e-05 7.755e-05 0.00010185
16 0.0001029 4.33e-05 4.785e-05 3.185e-05 6.995e-05 0.00011745 0.0001044 7.295e-05 7.095e-05 4.315e-05 5.255e-05 4.43e-05 5.285e-05 0.00010495 7.17e-05 3e-05 1.6e-06 6.325e-05 6.23e-05 3.695e-05 4.32e-05 4.235e-05 0.00015995 0.00014435 4.455e-05 0.00010235 4.79e-05 1.47e-05 0.0001261 2.33e-05 0.0001408 4.235e-05 5.25e-05 7.65e-05 5.09e-05 0.00013025 4.03e-05 2.87e-05 5.245e-05 5.34e-05 1.545e-05 0.00013135 0.0001027 7.68e-05 0.00011695 1.46e-05 3.645e-05 0.00014225 3.41e-05 0.00013025 7.225e-05 4.325e-05 0.00012605 0.0001157 5.66e-05 5.095e-05 0.0001199 3.68e-05 3.7e-05 6.57e-05 7.28e-05 0.00014485 0.00010275 0.00011745 0.00014415 3.78e-05 0.00012535 0.00011755 2.99e-05 7.93e-05 0.0001174 4.575e-05 4.53e-05 0.0001165 4.495e-05 1.46e-05 2.905e-05 7.39e-05 0.0001033 4.555e-05 7.675e-05 0.0001116 5.735e-05 6.65e-05 1.53e-05 5.335e-05 0.0001174 5.27e-05 3.37e-05 4.35e-05 0.00011575 4.355e-05 5.265e-05 5.44e-05 4.29e-05 0.00010315 0.0001032
17 0.00011885 8.515e-05 7.57e-05 7.86e-05 8.385e-05 0.00012985 0.00011805 8.535e-05 0.0001286 7.405e-05 0.0001091 7.42e-05 9.79e-05 0.0001432 8.455e-05 6.26e-05 6.325e-05 0.000123 8.345e-05 7.33e-05 8.495e-05 8.535e-05 0.0001723 0.00012875 7.33e-05 0.00013175 7.57e-05 7.475e-05 0.00015325 7.355e-05 0.0001532 8.535e-05 0.00010905 0.0001319 8.405e-05 0.00011845 8.87e-05 7.41e-05 0.000109 9.78e-05 6.33e-05 0.0001293 0.00013225 0.0001322 0.000119 7.47e-05 8.495e-05 0.00015245 6.565e-05 0.00011845 8.605e-05 7.425e-05 0.0001286 0.0001293 8.47e-05 8.41e-05 0.000134 8.465e-05 7.335e-05 8.455e-05 8.52e-05 0.0001742 0.0001189 0.00012985 0.000129 7.35e-05 0.00012905 0.0001322 6.25e-05 0.000106 0.0001183 8.93e-05 8.9e-05 0.0001302 7.42e-05 7.47e-05 7.4e-05 0.0001053 0.00011995 8.915e-05 0.00013215 0.00013065 9.985e-05 0.0001084 6.255e-05 9.775e-05 0.0001182 9.775e-05 6.46e-05 7.435e-05 0.00012935 7.38e-05 8.42e-05 7.39e-05 7.375e-05 0.00012055 0.0001321
18 0.00013635 5.185e-05 2.895e-05 6.63e-05 2.425e-05 0.0001472 0.00013615 8.17e-05 0.00012775 4.36e-05 9.525e-05 4.455e-05 8.615e-05 0.0001083 7.935e-05 6.725e-05 6.23e-05 8.345e-05 3.62e-05 4.355e-05 5.225e-05 5.295e-05 0.0001896 0.00011895 4.5e-05 0.00010285 2.9e-05 7.38e-05 0.0001675 4.145e-05 0.0001578 5.31e-05 9.52e-05 0.000105 2.06e-05 0.0001406 4.32e-05 4.18e-05 9.515e-05 8.565e-05 6.42e-05 0.00011545 0.00010255 0.0001053 0.00013875 7.375e-05 5.285e-05 0.0001575 5.305e-05 0.0001406 8.17e-05 4.37e-05 0.00011485 0.00012525 2.11e-05 2.075e-05 0.00013805 5.28e-05 4.36e-05 8.075e-05 8.155e-05 0.00014525 0.0001479 0.0001472 0.00011835 4.335e-05 0.00011555 7.19e-05 6.715e-05 4.23e-05 0.00013775 4.355e-05 4.295e-05 0.000148 4.415e-05 7.375e-05 7.675e-05 4.205e-05 9.41e-05 4.34e-05 0.00010525 7.125e-05 7.24e-05 6.32e-05 6.53e-05 8.56e-05 0.0001394 8.6e-05 5.365e-05 4.39e-05 0.0001252 4.32e-05 2.14e-05 4.235e-05 4.33e-05 9.435e-05 0.0001038
19 0.0001273 5.505e-05 4.945e-05 4.485e-05 5.01e-05 0.00013905 0.0001285 8.375e-05 0.00010265 4.32e-05 7.74e-05 4.315e-05 6.51e-05 0.0001107 8.29e-05 3.815e-05 3.695e-05 7.33e-05 4.355e-05 7e-05 5.465e-05 5.43e-05 0.00018175 0.0001344 4.48e-05 0.0001016 4.935e-05 4.835e-05 0.00015025 3.615e-05 0.00015635 5.45e-05 7.735e-05 9.47e-05 4.2e-05 0.00012695 4.495e-05 4.315e-05 7.73e-05 6.6e-05 3.71e-05 0.00013305 0.00010215 9.5e-05 0.00012665 4.83e-05 4.82e-05 0.0001573 4.32e-05 0.00012695 8.375e-05 4.335e-05 0.0001268 0.00012725 4.945e-05 4.225e-05 0.0001361 4.745e-05 3.505e-05 7.58e-05 8.36e-05 0.0001443 0.0001213 0.00013905 0.0001339 3.62e-05 0.0001267 9.735e-05 3.805e-05 7.08e-05 0.0001265 5.2e-05 5.16e-05 0.00013925 4.405e-05 4.83e-05 4.945e-05 6.39e-05 9.14e-05 5.185e-05 9.495e-05 9.025e-05 7.19e-05 7.215e-05 3.81e-05 6.595e-05 0.0001285 6.505e-05 4.41e-05 4.35e-05 0.0001272 4.25e-05 4.315e-05 4.37e-05 4.29e-05 9.005e-05 0.0001027
20 0.0001279 4.145e-05 4.235e-05 5.535e-05 5.585e-05 0.00012625 0.00012805 8.355e-05 8.35e-05 5.51e-05 6.19e-05 5.525e-05 7.505e-05 0.00010875 8.235e-05 6.805e-05 4.32e-05 8.495e-05 5.225e-05 5.465e-05 8.11e-05 4.17e-05 0.00016895 0.00014065 5.605e-05 0.0001009 4.225e-05 4.195e-05 0.00014785 4.31e-05 0.00014785 4.19e-05 6.185e-05 8.285e-05 4.275e-05 0.00015175 4.345e-05 4.325e-05 6.18e-05 7.505e-05 5.515e-05 0.0001276 0.0001011 8.315e-05 0.00013985 4.185e-05 4.195e-05 0.00014785 5.51e-05 0.00015175 8.38e-05 5.53e-05 0.00012735 0.0001277 4.315e-05 4.3e-05 0.00012825 4.165e-05 5.47e-05 8.305e-05 8.34e-05 0.00014365 0.0001398 0.00012625 0.0001401 5.495e-05 0.0001279 0.00010295 6.795e-05 6.445e-05 0.00013905 4.365e-05 4.33e-05 0.0001271 5.535e-05 4.185e-05 5.48e-05 6.435e-05 0.00011515 4.35e-05 8.31e-05 0.0001028 6.29e-05 6.315e-05 5.61e-05 7.5e-05 0.00014085 7.49e-05 5.595e-05 5.54e-05 0.0001277 5.38e-05 4.325e-05 6.505e-05 5.48e-05 0.0001147 0.0001019
21 0.00012685 4.215e-05 4.245e-05 5.48e-05 5.56e-05 0.0001265 0.0001279 8.35e-05 8.39e-05 5.49e-05 6.235e-05 5.545e-05 7.52e-05 0.00010765 8.25e-05 6.855e-05 4.235e-05 8.535e-05 5.295e-05 5.43e-05 4.17e-05 8.19e-05 0.0001692 0.00014025 5.66e-05 0.0001013 4.235e-05 4.17e-05 0.0001479 4.24e-05 0.0001475 4.16e-05 6.23e-05 8.335e-05 4.155e-05 0.0001519 4.275e-05 4.235e-05 6.225e-05 7.555e-05 5.5e-05 0.00012695 0.00010185 8.365e-05 0.00013915 4.165e-05 4.15e-05 0.00014835 5.495e-05 0.0001519 8.315e-05 5.51e-05 0.00012715 0.00012705 4.235e-05 4.225e-05 0.0001272 4.16e-05 5.435e-05 8.245e-05 8.335e-05 0.000144 0.00013985 0.0001265 0.00013975 5.495e-05 0.00012705 0.0001026 6.845e-05 6.4e-05 0.000139 4.275e-05 4.24e-05 0.0001267 5.59e-05 4.165e-05 5.525e-05 6.415e-05 0.00011565 4.26e-05 8.36e-05 0.0001028 6.275e-05 6.295e-05 5.595e-05 7.55e-05 0.0001405 7.505e-05 5.58e-05 5.52e-05 0.000127 5.46e-05 4.33e-05 6.555e-05 5.46e-05 0.00011485 0.00010235
22 0.00011945 0.00016905 0.00017105 0.0001784 0.00019325 0.0001157 0.00011755 0.0001711 0.0001158 0.00018255 0.00018535 0.0001825 0.00019835 0.00013345 0.0001701 0.0001855 0.00015995 0.0001723 0.0001896 0.00018175 0.00016895 0.0001692 0.0001456 0.0001426 0.0001832 0.0001389 0.0001709 0.0001592 0.00014505 0.00016985 0.0001456 0.0001692 0.0001853 0.000212 0.00017975 0.0001417 0.00017615 0.00017025 0.00018525 0.00019845 0.00017235 0.00012715 0.0001393 0.0002123 0.00013175 0.00015915 0.00016915 0.00014355 0.0001739 0.0001417 0.0001702 0.0001821 0.00012635 0.00012895 0.0001804 0.0001798 0.00012575 0.0001689 0.0001818 0.00017045 0.00017095 9.615e-05 0.00013125 0.00011575 0.0001421 0.00018215 0.00012945 0.0001494 0.0001854 0.00018225 0.0001284 0.0001766 0.0001759 0.0001189 0.0001827 0.00015915 0.00017225 0.000182 0.00015285 0.00017645 0.00021225 0.00015025 0.0001874 0.00019635 0.0001731 0.0001984 0.00013265 0.0001982 0.0001744 0.00018285 0.00012875 0.000182 0.00018015 0.0001924 0.00018225 0.0001525 0.00013975
23 0.0001279 0.00014105 0.00011335 0.0001528 0.0001119 0.00014175 0.00012955 0.00013005 0.00016945 0.0001289 0.00018455 0.0001296 0.0001728 0.00014305 0.0001292 0.00014505 0.00014435 0.00012875 0.00011895 0.0001344 0.00014065 0.00014025 0.0001426 0.0002227 0.00012925 0.0001412 0.00011335 0.0001565 0.000174 0.0001345 0.00015595 0.0001406 0.0001845 0.00020035 0.00011815 0.00013 0.00014265 0.0001285 0.00018445 0.000173 0.00014485 0.00011365 0.0001417 0.00020065 0.0001282 0.00015645 0.0001461 0.0001576 0.0001296 0.00013 0.00012985 0.000129 0.0001197 0.0001297 0.0001125 0.00011855 0.00013605 0.0001463 0.00013445 0.00013495 0.0001299 0.00014205 0.0001464 0.00014175 0.0001117 0.0001349 0.000118 0.00011435 0.00014495 0.00012505 0.00012965 0.0001367 0.00013655 0.00013995 0.0001299 0.00015645 0.0001565 0.00013115 0.00012955 0.00013655 0.0002006 0.0001194 0.00015705 0.0001565 0.0001444 0.00017295 0.0001279 0.00017265 0.0001289 0.0001292 0.0001299 0.00012895 0.00011935 0.0001296 0.0001286 0.00012955 0.0001416
24 0.00013 5.61e-05 4.495e-05 5.345e-05 4.44e-05 0.00014075 0.0001288 8.4e-05 0.0001098 4.49e-05 8.375e-05 4.3e-05 7.235e-05 0.0001197 8.515e-05 4.34e-05 4.455e-05 7.33e-05 4.5e-05 4.48e-05 5.605e-05 5.66e-05 0.0001832 0.00012925 8.36e-05 0.00010245 4.505e-05 5.605e-05 0.00015755 4.535e-05 0.0001577 5.65e-05 8.37e-05 0.0001 4.58e-05 0.00012875 5.425e-05 4.53e-05 8.365e-05 7.22e-05 4.425e-05 0.00012995 0.00010285 0.0001003 0.00012985 5.6e-05 5.68e-05 0.00015665 4.49e-05 0.00012875 8.685e-05 4.505e-05 0.00013 0.00013005 4.55e-05 4.575e-05 0.0001389 5.635e-05 4.485e-05 8.59e-05 8.385e-05 0.0001449 0.0001295 0.00014075 0.00012965 4.495e-05 0.0001306 9.315e-05 4.33e-05 6.665e-05 0.000129 5.425e-05 5.39e-05 0.00014125 4.295e-05 5.6e-05 5.485e-05 6.645e-05 9.03e-05 5.41e-05 0.00010025 9.165e-05 7.29e-05 7.295e-05 4.34e-05 7.215e-05 0.0001289 7.22e-05 4.375e-05 4.52e-05 0.00013015 4.47e-05 4.385e-05 4.465e-05 4.46e-05 9.085e-05 0.0001026
25 0.0001412 0.0001013 0.00010285 0.000102 0.00010285 0.0001388 0.00014065 0.0001409 9.97e-05 0.00010225 0.00012105 0.00010195 0.00012165 0.00012175 0.0001403 0.0001015 0.00010235 0.00013175 0.00010285 0.0001016 0.0001009 0.0001013 0.0001389 0.0001412 0.00010245 0.0001987 0.00010275 0.00010085 0.000161 0.0001027 0.0001614 0.0001015 0.000121 0.00014235 0.00010305 0.0001385 0.00010335 0.000103 0.00012095 0.0001217 0.0001017 0.00014075 0.0001002 0.00014265 0.0001405 0.00010075 0.00010155 0.00016055 0.00010205 0.0001385 0.00014105 0.00010225 0.0001406 0.00014135 0.00010375 0.0001033 0.00014185 0.00010115 0.00010165 0.00014065 0.00014075 9.95e-05 0.0001401 0.0001388 0.00014085 0.00010195 0.0001418 0.0001018 0.0001014 0.00011465 0.00013905 0.0001037 0.0001032 0.0001403 0.0001021 0.00010075 0.00010075 0.00011455 0.00010115 0.00010355 0.0001426 0.00010205 0.0001227 0.00012315 0.0001023 0.00012165 0.0001412 0.0001215 0.0001026 0.00010255 0.0001413 0.0001016 0.0001032 0.000102 0.00010195 0.0001007 0.0001005
26 0.0001169 4.195e-05 1.2e-05 6.87e-05 2.7e-05 0.0001282 0.0001169 7.13e-05 0.0001145 4.345e-05 8.84e-05 4.41e-05 8.91e-05 0.0001103 6.93e-05 7.46e-05 4.79e-05 7.57e-05 2.9e-05 4.935e-05 4.225e-05 4.235e-05 0.0001709 0.00011335 4.505e-05 0.00010275 2.29e-05 5.99e-05 0.00016095 3.72e-05 0.0001454 4.23e-05 8.835e-05 0.00010485 1.955e-05 0.00014235 4.54e-05 3.07e-05 8.83e-05 8.94e-05 6.075e-05 9.915e-05 0.00010265 0.00010515 0.00012945 5.985e-05 4.87e-05 0.00014545 4.31e-05 0.00014235 7.105e-05 4.32e-05 0.00010545 0.0001148 1.33e-05 1.955e-05 0.0001251 4.88e-05 4.94e-05 7.665e-05 7.115e-05 0.00014545 0.00014525 0.0001282 0.00011295 4.995e-05 0.0001061 7.465e-05 7.45e-05 3.54e-05 0.00012855 3.895e-05 3.815e-05 0.00012915 4.45e-05 5.985e-05 7.35e-05 4.185e-05 0.0001047 3.88e-05 0.0001051 8.065e-05 5.84e-05 5.915e-05 6.155e-05 8.935e-05 0.0001306 8.895e-05 4.37e-05 4.375e-05 0.0001147 4.3e-05 2.07e-05 5.35e-05 4.315e-05 0.00010395 0.0001036
27 0.000116 4.195e-05 6e-05 3.505e-05 8.245e-05 0.00011645 0.00011755 8.43e-05 5.705e-05 5.51e-05 4.27e-05 5.52e-05 5.545e-05 0.0001091 8.335e-05 4.125e-05 1.47e-05 7.475e-05 7.38e-05 4.835e-05 4.195e-05 4.17e-05 0.0001592 0.0001565 5.605e-05 0.00010085 5.99e-05 2.83e-05 0.00012925 3.6e-05 0.00014435 4.155e-05 4.265e-05 7.085e-05 6.325e-05 0.0001412 4.405e-05 4.21e-05 4.26e-05 5.58e-05 2.78e-05 0.000144 0.0001014 7.115e-05 0.00012875 1.43e-05 3.58e-05 0.00014545 4.57e-05 0.0001412 8.44e-05 5.49e-05 0.00013805 0.00012835 6.975e-05 6.33e-05 0.00012405 3.575e-05 4.84e-05 7.755e-05 8.415e-05 0.0001436 0.00011395 0.00011645 0.00015605 4.9e-05 0.0001377 0.00012925 4.115e-05 9.135e-05 0.00012885 5.02e-05 4.945e-05 0.0001162 5.565e-05 1.43e-05 2.805e-05 8.55e-05 0.0001148 5.005e-05 7.11e-05 0.0001233 6.075e-05 7.04e-05 2.845e-05 5.575e-05 0.0001298 5.53e-05 4.63e-05 5.54e-05 0.0001281 5.475e-05 6.41e-05 6.535e-05 5.48e-05 0.0001143 0.00010175
28 0.0001424 0.00014795 0.00016095 0.0001372 0.0001765 0.0001446 0.00014175 0.00014395 0.0001327 0.0001574 0.0001274 0.00015725 0.00013635 0.00013825 0.0001434 0.0001515 0.0001261 0.00015325 0.0001675 0.00015025 0.00014785 0.0001479 0.00014505 0.000174 0.00015755 0.000161 0.00016095 0.00012925 0.0002438 0.0001384 0.00014045 0.0001479 0.00012725 0.00012235 0.00015695 0.00016665 0.00013715 0.00014505 0.0001273 0.0001369 0.00013855 0.00015985 0.00016145 0.0001226 0.00015465 0.0001292 0.0001418 0.00014 0.000155 0.00016665 0.00014365 0.00015735 0.0001537 0.0001426 0.0001637 0.000157 0.00014115 0.0001411 0.0001503 0.00013705 0.0001438 0.00016145 0.00013655 0.0001446 0.000174 0.00015075 0.00015455 0.0001769 0.0001514 0.00017595 0.00015355 0.00014385 0.0001434 0.0001455 0.00015755 0.0001292 0.0001419 0.0001692 0.0001709 0.0001437 0.0001222 0.00017045 0.00014025 0.00014275 0.0001388 0.00013685 0.00015515 0.00013655 0.000155 0.0001577 0.00014265 0.0001572 0.0001571 0.0001676 0.0001571 0.0001705 0.0001615
29 0.00011395 4.35e-05 3.73e-05 4.57e-05 5.02e-05 0.0001274 0.00011575 7.205e-05 9.145e-05 4.365e-05 6.615e-05 4.455e-05 6.655e-05 9.79e-05 7.085e-05 5.13e-05 2.33e-05 7.355e-05 4.145e-05 3.615e-05 4.31e-05 4.24e-05 0.00016985 0.0001345 4.535e-05 0.0001027 3.72e-05 3.6e-05 0.0001384 4.57e-05 0.00014415 4.26e-05 6.61e-05 8.315e-05 2.95e-05 0.0001406 3.24e-05 2.98e-05 6.605e-05 6.71e-05 3.725e-05 0.0001204 0.0001031 8.345e-05 0.00012735 3.59e-05 3.62e-05 0.0001455 4.4e-05 0.0001406 7.13e-05 4.375e-05 0.00011435 0.00011475 3.66e-05 2.955e-05 0.0001234 3.59e-05 3.62e-05 6.355e-05 7.19e-05 0.00014515 0.0001221 0.0001274 0.000134 3.7e-05 0.00011395 9.745e-05 5.12e-05 5.875e-05 0.00012745 3.93e-05 3.89e-05 0.00012695 4.52e-05 3.59e-05 5.025e-05 5.225e-05 0.0001043 3.915e-05 8.34e-05 9.055e-05 6.005e-05 5.995e-05 3.765e-05 6.705e-05 0.00012835 6.64e-05 4.41e-05 4.395e-05 0.0001147 4.355e-05 3.135e-05 5.465e-05 4.335e-05 0.00010385 0.0001038
30 0.0001393 0.00014795 0.0001454 0.0001523 0.0001609 0.00014475 0.0001415 0.0001449 0.00014865 0.00015715 0.00014295 0.00015735 0.00015215 0.0001437 0.00014415 0.00016695 0.0001408 0.0001532 0.0001578 0.00015635 0.00014785 0.0001475 0.0001456 0.00015595 0.0001577 0.0001614 0.0001454 0.00014435 0.00014045 0.00014415 0.0002753 0.00014765 0.0001427 0.0001379 0.0001472 0.0001667 0.000143 0.0001444 0.00014285 0.0001524 0.00015365 0.00014465 0.0001618 0.00013805 0.0001519 0.0001443 0.00014715 0.00014015 0.00015495 0.0001667 0.00014515 0.0001569 0.0001445 0.000145 0.00014775 0.0001474 0.00013815 0.0001473 0.0001564 0.000144 0.00014475 0.00016225 0.00015465 0.00014475 0.00015595 0.0001569 0.00014255 0.0001625 0.00016685 0.00016085 0.0001536 0.0001433 0.0001428 0.00014285 0.0001577 0.0001443 0.0001574 0.00016055 0.0001713 0.00014315 0.000138 0.00016155 0.0001406 0.00014295 0.0001539 0.00015235 0.00015245 0.000152 0.00015495 0.00015745 0.000145 0.0001571 0.00014795 0.0001676 0.00015685 0.00017085 0.00016195
31 0.000127 4.2e-05 4.24e-05 5.48e-05 5.585e-05 0.0001265 0.0001279 8.34e-05 8.38e-05 5.495e-05 6.235e-05 5.535e-05 7.52e-05 0.000108 8.245e-05 6.855e-05 4.235e-05 8.535e-05 5.31e-05 5.45e-05 4.19e-05 4.16e-05 0.0001692 0.0001406 5.65e-05 0.0001015 4.23e-05 4.155e-05 0.0001479 4.26e-05 0.00014765 8.19e-05 6.23e-05 8.335e-05 4.24e-05 0.0001519 4.295e-05 4.24e-05 6.225e-05 7.555e-05 5.5e-05 0.000127 0.000102 8.365e-05 0.0001393 4.165e-05 4.185e-05 0.00014835 5.495e-05 0.0001519 8.345e-05 5.505e-05 0.00012735 0.0001271 4.245e-05 4.2e-05 0.00012735 4.18e-05 5.455e-05 8.265e-05 8.325e-05 0.0001442 0.00013985 0.0001265 0.0001401 5.515e-05 0.0001274 0.0001031 6.845e-05 6.46e-05 0.000139 4.28e-05 4.235e-05 0.0001268 5.58e-05 4.165e-05 5.525e-05 6.475e-05 0.00011585 4.265e-05 8.36e-05 0.0001032 6.275e-05 6.3e-05 5.595e-05 7.55e-05 0.00014065 7.505e-05 5.58e-05 5.525e-05 0.00012655 5.48e-05 4.34e-05 6.55e-05 5.465e-05 0.00011505 0.0001024
32 0.00015275 6.195e-05 8.835e-05 5.55e-05 0.000104 0.0001426 0.0001525 0.0001117 7.54e-05 8.395e-05 3.275e-05 8.335e-05 5.445e-05 0.00012315 0.0001114 7.65e-05 5.25e-05 0.00010905 9.52e-05 7.735e-05 6.185e-05 6.23e-05 0.0001853 0.0001845 8.37e-05 0.000121 8.835e-05 4.265e-05 0.00012725 6.61e-05 0.0001427 6.23e-05 6.49e-05 3.27e-05 8.565e-05 0.0001762 5.74e-05 7.24e-05 3.27e-05 5.445e-05 6.415e-05 0.00017215 0.0001216 3.285e-05 0.0001644 4.26e-05 5.635e-05 0.0001427 8.1e-05 0.0001762 0.000113 8.405e-05 0.000166 0.00015655 9.2e-05 8.57e-05 0.00014405 5.58e-05 7.74e-05 0.0001058 0.00011155 0.0001637 0.0001487 0.0001426 0.0001845 7.765e-05 0.00016625 0.0001517 7.64e-05 0.00011345 0.0001639 6.375e-05 6.33e-05 0.00014315 8.345e-05 4.26e-05 5.475e-05 0.00010705 0.00014325 6.36e-05 3.28e-05 0.0001447 5.94e-05 6.25e-05 6.465e-05 5.44e-05 0.00016495 5.43e-05 8.145e-05 8.425e-05 0.0001566 8.355e-05 8.515e-05 9.375e-05 8.365e-05 0.0001428 0.0001215
33 0.000176 8.295e-05 0.00010475 7.24e-05 0.00011345 0.0001696 0.00017485 0.0001277 0.00010725 0.000101 3.26e-05 0.00010045 5.095e-05 0.0001328 0.00012765 0.00010045 7.65e-05 0.0001319 0.000105 9.47e-05 8.285e-05 8.335e-05 0.000212 0.00020035 0.0001 0.00014235 0.00010485 7.085e-05 0.00012235 8.315e-05 0.0001379 8.335e-05 3.27e-05 2e-07 9.555e-05 0.0001999 6.68e-05 8.925e-05 3.245e-05 5.05e-05 8.835e-05 0.00018785 0.00014275 6.5e-07 0.00018795 7.08e-05 7.735e-05 0.00013685 0.0001048 0.0001999 0.00012925 0.0001013 0.00018185 0.0001723 0.00010145 9.56e-05 0.00015965 7.685e-05 9.475e-05 0.00012205 0.00012755 0.00018475 0.00017205 0.0001696 0.0002008 9.49e-05 0.0001823 0.00016215 0.00010035 0.00012335 0.00018725 7.295e-05 7.275e-05 0.0001701 0.00010045 7.08e-05 8.245e-05 0.0001169 0.00016015 7.28e-05 9.5e-07 0.00015445 5.505e-05 5.13e-05 8.815e-05 5.045e-05 0.0001877 5.045e-05 0.00010435 0.0001013 0.0001726 0.0001009 9.475e-05 0.000111 0.0001007 0.00016005 0.0001424
34 0.00012475 4.35e-05 1.965e-05 6.535e-05 2.325e-05 0.00013735 0.000126 7.115e-05 0.0001181 4.335e-05 8.57e-05 4.47e-05 8.62e-05 9.645e-05 6.99e-05 7.85e-05 5.09e-05 8.405e-05 2.06e-05 4.2e-05 4.275e-05 4.155e-05 0.00017975 0.00011815 4.58e-05 0.00010305 1.955e-05 6.325e-05 0.00015695 2.95e-05 0.0001472 4.24e-05 8.565e-05 9.555e-05 1.53e-05 0.0001512 3.12e-05 3e-05 8.56e-05 8.675e-05 6.435e-05 0.0001034 0.0001034 9.585e-05 0.00013765 6.32e-05 4.19e-05 0.0001483 5.315e-05 0.0001512 6.995e-05 4.385e-05 0.00010355 0.00011335 9.1e-06 8.6e-06 0.00012645 4.16e-05 4.2e-05 6.855e-05 7.1e-05 0.00014545 0.0001479 0.00013735 0.0001176 4.28e-05 0.00010345 7.07e-05 7.84e-05 3.13e-05 0.0001375 3.175e-05 3.175e-05 0.0001373 4.535e-05 6.32e-05 7.735e-05 3.08e-05 0.00010505 3.16e-05 9.58e-05 7.015e-05 6.195e-05 5.24e-05 6.505e-05 8.67e-05 0.00013895 8.605e-05 5.35e-05 4.365e-05 0.0001135 4.33e-05 1.04e-05 5.475e-05 4.305e-05 0.0001043 0.00010415
35 0.00013165 0.00015185 0.00014245 0.00013185 0.0001393 0.0001415 0.00013105 0.00014205 0.00015265 0.00012745 0.00017625 0.0001275 0.0001518 0.0001556 0.0001414 0.00010465 0.00013025 0.00011845 0.0001406 0.00012695 0.00015175 0.0001519 0.0001417 0.00013 0.00012875 0.0001385 0.00014235 0.0001412 0.00016665 0.0001406 0.0001667 0.0001519 0.0001762 0.0001999 0.0001512 0.0002056 0.0001558 0.0001411 0.00017615 0.0001515 0.0001167 0.0001412 0.0001391 0.0002002 0.0001184 0.00014115 0.0001519 0.00016575 0.0001184 0.0001028 0.0001422 0.0001275 0.00014085 0.0001424 0.0001521 0.00015125 0.00014685 0.00015155 0.000127 0.0001416 0.0001419 0.0001387 0.000118 0.0001415 0.0001296 0.00012695 0.0001423 0.0001387 0.00010465 0.00016265 0.0001167 0.00015635 0.0001556 0.0001432 0.0001273 0.00014115 0.0001293 0.00016235 0.00011525 0.0001562 0.00020015 0.0001387 0.00016695 0.0001761 0.0001184 0.00015145 0.00011985 0.00015165 0.00012015 0.0001276 0.00014215 0.00012735 0.00015135 0.0001165 0.00012725 0.00011475 0.0001394
36 0.0001296 4.385e-05 4.55e-05 4.5e-05 5.22e-05 0.00013375 0.000131 7.965e-05 9.035e-05 5.25e-05 5.745e-05 5.315e-05 6.635e-05 9.06e-05 7.87e-05 6.755e-05 4.03e-05 8.87e-05 4.32e-05 4.495e-05 4.345e-05 4.275e-05 0.00017615 0.00014265 5.425e-05 0.00010335 4.54e-05 4.405e-05 0.00013715 3.24e-05 0.000143 4.295e-05 5.74e-05 6.68e-05 3.12e-05 0.0001558 4.9e-05 3.93e-05 5.735e-05 6.69e-05 5.36e-05 0.00012815 0.00010375 6.71e-05 0.00014235 4.4e-05 3.655e-05 0.0001442 5.93e-05 0.0001558 7.92e-05 5.26e-05 0.000122 0.00012255 3.835e-05 3.125e-05 0.00012175 3.62e-05 4.5e-05 7.135e-05 7.95e-05 0.00014575 0.000137 0.00013375 0.00014215 4.58e-05 0.00012185 9.955e-05 6.745e-05 6.055e-05 0.0001423 3.15e-05 3.11e-05 0.0001336 5.38e-05 4.4e-05 5.8e-05 5.395e-05 0.00011375 3.135e-05 6.705e-05 9.25e-05 5.92e-05 5.265e-05 5.43e-05 6.685e-05 0.00014365 6.62e-05 5.97e-05 5.28e-05 0.0001225 5.24e-05 3.28e-05 6.35e-05 5.22e-05 0.000113 0.00010445
37 0.000114 4.37e-05 3.065e-05 5.18e-05 4.325e-05 0.0001278 0.0001152 7.245e-05 9.795e-05 4.31e-05 7.245e-05 4.475e-05 7.28e-05 0.00010395 7.12e-05 5.745e-05 2.87e-05 7.41e-05 4.18e-05 4.315e-05 4.325e-05 4.235e-05 0.00017025 0.0001285 4.53e-05 0.000103 3.07e-05 4.21e-05 0.00014505 2.98e-05 0.0001444 4.24e-05 7.24e-05 8.925e-05 3e-05 0.0001411 3.93e-05 5.71e-05 7.235e-05 7.335e-05 4.3e-05 0.0001145 0.0001033 8.955e-05 0.00012775 4.2e-05 4.26e-05 0.00014545 4.36e-05 0.0001411 7.14e-05 4.37e-05 0.0001155 0.0001146 2.89e-05 3.01e-05 0.0001235 4.295e-05 4.32e-05 7.095e-05 7.23e-05 0.00014545 0.0001289 0.0001278 0.00012825 4.4e-05 0.0001152 9.12e-05 5.735e-05 5.25e-05 0.0001278 3.81e-05 3.855e-05 0.0001274 4.54e-05 4.2e-05 5.645e-05 5.31e-05 0.0001043 3.83e-05 8.95e-05 9.135e-05 5.965e-05 5.925e-05 4.315e-05 7.33e-05 0.0001285 7.265e-05 4.345e-05 4.305e-05 0.00011485 4.365e-05 3.215e-05 5.485e-05 4.28e-05 0.00010385 0.00010385
38 0.0001527 6.19e-05 8.83e-05 5.545e-05 0.00010395 0.00014255 0.00015245 0.00011165 7.535e-05 8.39e-05 3.265e-05 8.33e-05 5.45e-05 0.0001231 0.00011135 7.645e-05 5.245e-05 0.000109 9.515e-05 7.73e-05 6.18e-05 6.225e-05 0.00018525 0.00018445 8.365e-05 0.00012095 8.83e-05 4.26e-05 0.0001273 6.605e-05 0.00014285 6.225e-05 3.27e-05 3.245e-05 8.56e-05 0.00017615 5.735e-05 7.235e-05 6.48e-05 5.43e-05 6.41e-05 0.0001721 0.00012155 3.29e-05 0.00016435 4.255e-05 5.63e-05 0.0001425 8.095e-05 0.00017615 0.00011295 8.4e-05 0.00016595 0.0001565 9.195e-05 8.565e-05 0.000144 5.58e-05 7.735e-05 0.00010575 0.0001115 0.00016365 0.00014865 0.00014255 0.00018445 7.76e-05 0.0001662 0.00015165 7.635e-05 0.0001134 0.00016385 6.37e-05 6.325e-05 0.0001431 8.34e-05 4.255e-05 5.47e-05 0.000107 0.0001432 6.355e-05 3.305e-05 0.00014465 5.945e-05 6.255e-05 6.46e-05 5.425e-05 0.0001649 5.415e-05 8.14e-05 8.42e-05 0.00015655 8.35e-05 8.51e-05 9.37e-05 8.36e-05 0.00014275 0.00012145
