 slim_337620041 slim_337620871 slim_337620969 slim_337620930 slim_337620876 slim_337620900 slim_337620945 slim_337620667 slim_337620942 slim_337620978 slim_337620858 slim_337620553 slim_337620955 slim_337620779 slim_337620957 slim_337620697 slim_337620605 slim_337620813 slim_337620899 slim_337620962 slim_337620865 slim_337620904 slim_337620947 slim_337620880 slim_337620951 slim_337620977 slim_337620944 slim_337620758 slim_337620789 slim_337620918 slim_337620699 slim_337620819 slim_337620660 slim_337620792 slim_337620953 slim_337620949 slim_337620762 slim_337620841 slim_337620967 slim_337620911 slim_337620921 slim_337620906 slim_337620860 slim_337620926 slim_337620830 slim_337620968 slim_337620795 slim_337620952 slim_337620870 slim_337620861 slim_337620959 slim_337620910 slim_337620618 slim_337620769 slim_337620976 slim_337620867 slim_337620777 slim_337620961 slim_337620909 slim_337620896 slim_337620864 slim_337620963 slim_337620960 slim_337620733 slim_337620886 slim_337620833 slim_337620924 slim_337620791 slim_337620974 slim_337620877 slim_337620928 slim_337620965 slim_337620972 slim_337620971 slim_337620940 slim_337620809 slim_337620920 slim_337620853 slim_337620950 slim_337620925 slim_337620973 slim_337620500 slim_337620890 slim_337620888 slim_337620958 slim_337620964 slim_337620702 slim_337620768 slim_337620879 slim_337620907 slim_337620932 slim_337620912 slim_337620970 slim_337620855 slim_337620839 slim_337620753 slim_337620894 slim_337620975 slim_337620854 slim_337620852
0 1.2e-05 9.45e-06 8.25e-06 8.2e-06 1.05e-05 1.12e-05 1.105e-05 1.11e-05 9.6e-06 9.85e-06 1.205e-05 9.45e-06 7.55e-06 9.9e-06 9.4e-06 1.005e-05 7.95e-06 8.8e-06 7.75e-06 1.12e-05 1.26e-05 9.55e-06 7.1e-06 8.75e-06 9.1e-06 1.145e-05 8.6e-06 8.2e-06 1.24e-05 9.4e-06 8.8e-06 7.25e-06 7.7e-06 1.105e-05 7.65e-06 9.45e-06 6.85e-06 9.2e-06 1.065e-05 8.75e-06 7.75e-06 9.8e-06 7.2e-06 9.15e-06 7.85e-06 8.9e-06 9.5e-06 7.25e-06 1.305e-05 7.35e-06 7.1e-06 8.25e-06 7.85e-06 7.2e-06 1.12e-05 1.06e-05 9.95e-06 1.025e-05 8.25e-06 1.03e-05 6.55e-06 7.15e-06 1.23e-05 7.35e-06 1.125e-05 1.01e-05 1.035e-05 7.05e-06 6.7e-06 1.14e-05 1.14e-05 1.195e-05 7.6e-06 7.35e-06 9.6e-06 9.3e-06 7.3e-06 7.95e-06 9.5e-06 7.4e-06 8.95e-06 1.065e-05 7.7e-06 1.035e-05 1.305e-05 9.25e-06 9.35e-06 1.27e-05 9e-06 8.2e-06 8.55e-06 8.4e-06 7.25e-06 1.305e-05 1.16e-05 8.15e-06 1.105e-05 9e-06 9.55e-06 7.45e-06
1 9.45e-06 1.41e-05 9.65e-06 9.05e-06 8.1e-06 1.04e-05 1.145e-05 1.07e-05 8.15e-06 1.105e-05 9.45e-06 9.85e-06 8.45e-06 1.01e-05 9.85e-06 9.8e-06 9.1e-06 9.3e-06 9.2e-06 8.4e-06 1.16e-05 1.005e-05 8.55e-06 9.4e-06 9.9e-06 1.065e-05 9.95e-06 9.7e-06 1.17e-05 9.6e-06 9.25e-06 9.6e-06 9.2e-06 1.115e-05 9e-06 1.06e-05 8.95e-06 9.2e-06 9.8e-06 1.04e-05 8.65e-06 9.35e-06 8.85e-06 9.1e-06 9.85e-06 1.025e-05 8.15e-06 9.25e-06 1.265e-05 8.95e-06 9.65e-06 9.3e-06 9.4e-06 9.2e-06 1.2e-05 1.05e-05 8.55e-06 9.05e-06 9.45e-06 8.95e-06 9e-06 8.8e-06 9.7e-06 8.8e-06 1.07e-05 1.03e-05 1.02e-05 9.6e-06 9.6e-06 1.135e-05 1.215e-05 1.12e-05 9.2e-06 9.65e-06 1e-05 8.75e-06 9.5e-06 1e-05 8.6e-06 9.4e-06 9.15e-06 1.02e-05 9.3e-06 1.065e-05 1.265e-05 9.5e-06 8e-06 1.175e-05 1.025e-05 9e-06 9.75e-06 9.45e-06 8.7e-06 1.19e-05 1.195e-05 9.35e-06 1.21e-05 1.005e-05 1.05e-05 9.45e-06
2 8.25e-06 9.65e-06 1.08e-05 1.08e-05 1.08e-05 1.23e-05 1.23e-05 1.23e-05 1.05e-05 1.105e-05 1.315e-05 8.65e-06 6.75e-06 1.06e-05 1.16e-05 9.8e-06 8.55e-06 1.01e-05 1.06e-05 1.115e-05 1.31e-05 1.06e-05 8.45e-06 9.8e-06 1.155e-05 1.31e-05 1.085e-05 9.45e-06 1.325e-05 9.1e-06 9.95e-06 8.9e-06 8.25e-06 1.16e-05 1.05e-05 1.225e-05 8.85e-06 1.11e-05 1.205e-05 7.5e-06 9.5e-06 9.35e-06 1.01e-05 1.145e-05 1.03e-05 1.115e-05 1.04e-05 6.65e-06 1.365e-05 8.35e-06 8.8e-06 1.075e-05 9.25e-06 6.6e-06 1.265e-05 1.205e-05 9.65e-06 1.19e-05 9.15e-06 1.205e-05 7.75e-06 6.85e-06 1.28e-05 8e-06 1.225e-05 1.005e-05 1.2e-05 8.75e-06 8.65e-06 1.335e-05 1.285e-05 1.365e-05 8.3e-06 1.05e-05 9.5e-06 1.13e-05 8.95e-06 9.35e-06 1.15e-05 1.025e-05 7.7e-06 1.18e-05 7.4e-06 1.065e-05 1.365e-05 9.05e-06 1.025e-05 1.315e-05 1.125e-05 9.8e-06 1.03e-05 1.09e-05 7.9e-06 1.265e-05 1.295e-05 9.9e-06 1.105e-05 1.13e-05 9.4e-06 1.03e-05
3 8.2e-06 9.05e-06 1.08e-05 5.4e-06 1.005e-05 7.2e-06 7.5e-06 9.15e-06 7.5e-06 8.4e-06 7.95e-06 8.25e-06 9.2e-06 9.65e-06 3.6e-06 1.025e-05 8.25e-06 5.2e-06 3.4e-06 1.09e-05 1.125e-05 9.3e-06 7.35e-06 8.95e-06 3.8e-06 6.65e-06 5.35e-06 8.35e-06 8.35e-06 8.1e-06 8.65e-06 8.25e-06 6.05e-06 1.1e-05 3.4e-06 5.45e-06 4.35e-06 4.6e-06 4.95e-06 8.5e-06 4.4e-06 9.6e-06 3.2e-06 3.35e-06 6.2e-06 5.65e-06 6.5e-06 1.29e-05 1.08e-05 7.7e-06 8.45e-06 3.15e-06 5e-06 1.285e-05 8.8e-06 7.2e-06 1.035e-05 5.45e-06 7.55e-06 5.7e-06 6.2e-06 7.35e-06 1.105e-05 7.75e-06 7.65e-06 8.95e-06 5.55e-06 8.4e-06 8.2e-06 7.55e-06 8.75e-06 7.35e-06 5.15e-06 3.75e-06 8.7e-06 5.75e-06 8.55e-06 8.6e-06 5.6e-06 3.85e-06 1.185e-05 7.4e-06 9.5e-06 8.85e-06 1.08e-05 9.8e-06 6.15e-06 1.2e-05 5.65e-06 4.5e-06 6.45e-06 3.3e-06 7.65e-06 1.545e-05 1.04e-05 6.05e-06 1.515e-05 5.2e-06 1.09e-05 3.9e-06
4 1.05e-05 8.1e-06 1.08e-05 1.005e-05 1.39e-05 1.03e-05 1.125e-05 1.07e-05 8.45e-06 1.08e-05 9.15e-06 1.05e-05 9.45e-06 1.025e-05 1.035e-05 1.005e-05 9.95e-06 9.95e-06 1.01e-05 8.35e-06 1.11e-05 1.06e-05 9.35e-06 9.9e-06 1.07e-05 1.005e-05 9.8e-06 1.045e-05 1.125e-05 1e-05 1e-05 1.065e-05 1.02e-05 1.06e-05 9.65e-06 1.07e-05 1e-05 9.55e-06 9.8e-06 1.14e-05 9.35e-06 9.6e-06 9.75e-06 9.6e-06 1.085e-05 1e-05 8.6e-06 1.025e-05 1.125e-05 9.9e-06 1.06e-05 1e-05 1.045e-05 1.02e-05 1.175e-05 9.95e-06 9e-06 9.55e-06 9.05e-06 9.45e-06 1.02e-05 9.95e-06 9.4e-06 9.75e-06 1.02e-05 1.005e-05 9.75e-06 1.055e-05 1.085e-05 1.03e-05 1.2e-05 1.06e-05 1.02e-05 1.09e-05 1.04e-05 9.15e-06 1.035e-05 1.075e-05 9e-06 1.025e-05 9.75e-06 9.65e-06 1.03e-05 1.04e-05 1.125e-05 9.3e-06 8.45e-06 1.13e-05 1.02e-05 9.75e-06 9.3e-06 1.015e-05 9.65e-06 1.14e-05 1.245e-05 9e-06 1.235e-05 1.075e-05 1.115e-05 1.03e-05
5 1.12e-05 1.04e-05 1.23e-05 7.2e-06 1.03e-05 7.3e-06 8.25e-06 1.055e-05 8.45e-06 9.1e-06 6.9e-06 1.03e-05 1.03e-05 1.03e-05 6.95e-06 9.35e-06 1.07e-05 7.1e-06 7.1e-06 9.3e-06 9.1e-06 9.4e-06 1.025e-05 9.35e-06 7.25e-06 5.15e-06 7e-06 1.08e-05 9.35e-06 7.2e-06 9.4e-06 1.08e-05 7.2e-06 8.4e-06 7.6e-06 7.85e-06 7.3e-06 6.75e-06 5e-06 1.095e-05 7e-06 8.25e-06 7.4e-06 7e-06 1.03e-05 7.3e-06 7.45e-06 1.41e-05 9.4e-06 1.05e-05 1.15e-05 7.25e-06 7.3e-06 1.405e-05 1.03e-05 5.25e-06 1.115e-05 7.6e-06 8.25e-06 7.6e-06 9.3e-06 8.9e-06 1.09e-05 1.045e-05 8.65e-06 8.8e-06 6.6e-06 1.145e-05 1.16e-05 7.05e-06 9.9e-06 5.75e-06 7.05e-06 8.45e-06 8.25e-06 8.3e-06 1.125e-05 1.105e-05 8.15e-06 7.9e-06 1.085e-05 8.5e-06 1.07e-05 8.7e-06 9.4e-06 9.6e-06 7.1e-06 9.45e-06 7.4e-06 7e-06 8.7e-06 7.4e-06 1.035e-05 1.335e-05 1.15e-05 8.3e-06 1.46e-05 5.8e-06 9.4e-06 7.95e-06
6 1.105e-05 1.145e-05 1.23e-05 7.5e-06 1.125e-05 8.25e-06 1.15e-05 1.22e-05 9.9e-06 8e-06 9.75e-06 1.1e-05 1.03e-05 1.115e-05 7.15e-06 1.11e-05 1.115e-05 8.15e-06 7.4e-06 1.215e-05 1.25e-05 1.015e-05 1.02e-05 1.095e-05 6.85e-06 8.35e-06 7.35e-06 1.09e-05 8.55e-06 9.4e-06 1.1e-05 1.065e-05 7.9e-06 1.125e-05 8e-06 8.65e-06 7.5e-06 8.55e-06 7.65e-06 1.085e-05 7.9e-06 1.045e-05 7.7e-06 7.8e-06 9.55e-06 7.65e-06 8.9e-06 1.41e-05 8.65e-06 1.025e-05 1.135e-05 7.55e-06 6.5e-06 1.405e-05 8.9e-06 7.85e-06 1.225e-05 7.95e-06 8.35e-06 7.9e-06 9.15e-06 9.25e-06 1.325e-05 1.03e-05 7.65e-06 7.4e-06 7.55e-06 1.13e-05 1.145e-05 8.5e-06 8.5e-06 8.85e-06 7.7e-06 8.15e-06 1e-05 9.25e-06 1.17e-05 1.115e-05 9.1e-06 8.25e-06 1.26e-05 7.65e-06 1.105e-05 7.65e-06 8.65e-06 1.01e-05 8.55e-06 1.26e-05 7.75e-06 7.75e-06 8.3e-06 7.7e-06 1.02e-05 1.58e-05 1.325e-05 7.9e-06 1.65e-05 7.75e-06 1.2e-05 8.3e-06
7 1.11e-05 1.07e-05 1.23e-05 9.15e-06 1.07e-05 1.055e-05 1.22e-05 1.35e-05 1.01e-05 1.255e-05 9.35e-06 9.85e-06 1.14e-05 9.95e-06 9.25e-06 1.045e-05 1.03e-05 9.5e-06 9.5e-06 1.165e-05 8.1e-06 1.2e-05 1.09e-05 1.185e-05 8.95e-06 8.8e-06 1.01e-05 1.105e-05 1.205e-05 1.065e-05 1.19e-05 1.17e-05 1.09e-05 1.16e-05 9.1e-06 9.15e-06 1e-05 8.25e-06 8.55e-06 1.195e-05 8.9e-06 1.065e-05 9.15e-06 6.8e-06 1.065e-05 1.04e-05 1e-05 1.25e-05 1.325e-05 1.115e-05 1.175e-05 9.2e-06 1.055e-05 1.245e-05 1.335e-05 1.1e-05 1.115e-05 1.045e-05 1.145e-05 1.04e-05 1.115e-05 1.115e-05 8.6e-06 1.125e-05 1.05e-05 1.22e-05 9.35e-06 1.17e-05 1.15e-05 9.15e-06 1.355e-05 8.6e-06 1.06e-05 1.065e-05 1.04e-05 1e-05 1.06e-05 1.095e-05 1.03e-05 9.5e-06 1.29e-05 1.08e-05 1.125e-05 1.22e-05 1.325e-05 1.12e-05 9.85e-06 1.33e-05 1.05e-05 8.45e-06 1.135e-05 9.35e-06 1.115e-05 1.14e-05 1.135e-05 1.095e-05 1.225e-05 1.135e-05 1.195e-05 9.55e-06
8 9.6e-06 8.15e-06 1.05e-05 7.5e-06 8.45e-06 8.45e-06 9.9e-06 1.01e-05 1.13e-05 9.8e-06 7.85e-06 8.95e-06 8.45e-06 1.01e-05 7.95e-06 9.85e-06 9.2e-06 7e-06 7.45e-06 8.65e-06 1.11e-05 1.005e-05 8.9e-06 9.6e-06 7.85e-06 8.5e-06 8.05e-06 9.7e-06 1.045e-05 9.2e-06 9.65e-06 9.6e-06 6.4e-06 1.045e-05 7.45e-06 8.85e-06 6.55e-06 7.25e-06 7.8e-06 9.6e-06 6.2e-06 9.3e-06 7.3e-06 6.9e-06 9.55e-06 8.35e-06 5.9e-06 1.115e-05 1.125e-05 9.2e-06 9.85e-06 7.55e-06 7.5e-06 1.11e-05 1.1e-05 8.4e-06 8.75e-06 7.4e-06 8.15e-06 7.3e-06 8.8e-06 7.75e-06 9.5e-06 9e-06 9.35e-06 9.1e-06 8.05e-06 9.8e-06 1e-05 9.2e-06 1.1e-05 9.2e-06 6.5e-06 8.3e-06 9.7e-06 7.3e-06 9.65e-06 1e-05 7.15e-06 7.65e-06 1.07e-05 9.15e-06 8.55e-06 8.75e-06 1.125e-05 9.3e-06 5.75e-06 1.175e-05 8.45e-06 6.35e-06 8.85e-06 7.7e-06 8.9e-06 1.335e-05 1.195e-05 8.45e-06 1.36e-05 8.2e-06 9.9e-06 7.7e-06
9 9.85e-06 1.105e-05 1.105e-05 8.4e-06 1.08e-05 9.1e-06 8e-06 1.255e-05 9.8e-06 1.21e-05 1.005e-05 1.105e-05 9.6e-06 1.08e-05 8.85e-06 1.07e-05 1.065e-05 8.3e-06 8.4e-06 1.205e-05 1.3e-05 1.145e-05 9.95e-06 1.08e-05 9.1e-06 9.3e-06 7.65e-06 1.05e-05 8.65e-06 9.05e-06 1.085e-05 1.025e-05 7.55e-06 1.135e-05 8.25e-06 8.9e-06 7.45e-06 8.75e-06 9.05e-06 1.085e-05 7.8e-06 1.06e-05 8e-06 8.8e-06 1.09e-05 7.95e-06 8.9e-06 1.22e-05 8.15e-06 9.95e-06 1.025e-05 8.45e-06 8.05e-06 1.23e-05 8.4e-06 8.2e-06 1.18e-05 9.6e-06 6.65e-06 9.85e-06 8.15e-06 8.05e-06 1.33e-05 9.95e-06 7.45e-06 6.5e-06 8.45e-06 1.02e-05 1.035e-05 8.75e-06 8.45e-06 9.6e-06 7.35e-06 8.55e-06 9.1e-06 9.6e-06 1.06e-05 1.06e-05 9.45e-06 8.25e-06 1.13e-05 7.1e-06 1.02e-05 6.8e-06 8.15e-06 9.75e-06 8.55e-06 1.275e-05 8.05e-06 8.05e-06 7.45e-06 8.6e-06 9.85e-06 1.54e-05 1.365e-05 7.05e-06 1.53e-05 8.55e-06 1.18e-05 8.3e-06
10 1.205e-05 9.45e-06 1.315e-05 7.95e-06 9.15e-06 6.9e-06 9.75e-06 9.35e-06 7.85e-06 1.005e-05 9.2e-06 1.055e-05 1.155e-05 1.025e-05 8e-06 9.2e-06 1.12e-05 7.9e-06 8.15e-06 9.3e-06 8.75e-06 1.19e-05 1.12e-05 1.145e-05 8.4e-06 6.35e-06 8.35e-06 1.165e-05 9.8e-06 8.65e-06 1.15e-05 1.21e-05 8.95e-06 1.11e-05 7.95e-06 7.9e-06 8.7e-06 6.8e-06 6.15e-06 1.195e-05 7.7e-06 9.65e-06 8e-06 7.05e-06 1.155e-05 8.65e-06 6.75e-06 1.49e-05 1.045e-05 1.145e-05 1.235e-05 8e-06 9.2e-06 1.485e-05 1.105e-05 8.1e-06 1e-05 7.25e-06 9.35e-06 7.15e-06 1.035e-05 1.03e-05 8.1e-06 1.145e-05 8.9e-06 9.8e-06 7.65e-06 1.23e-05 1.245e-05 7.4e-06 1.105e-05 6.15e-06 8.75e-06 9.55e-06 8.15e-06 7.25e-06 1.165e-05 1.19e-05 7.1e-06 8.5e-06 1.295e-05 8.55e-06 1.2e-05 9.8e-06 1.045e-05 1.09e-05 6.7e-06 1.23e-05 8.75e-06 7.9e-06 9.55e-06 8.15e-06 1.135e-05 1.355e-05 1.225e-05 9.15e-06 1.515e-05 8.75e-06 1.185e-05 8.55e-06
11 9.45e-06 9.85e-06 8.65e-06 8.25e-06 1.05e-05 1.03e-05 1.1e-05 9.85e-06 8.95e-06 1.105e-05 1.055e-05 1.37e-05 8.65e-06 1.055e-05 8.65e-06 1.03e-05 8.95e-06 7.95e-06 8.3e-06 1.09e-05 1.145e-05 1.075e-05 9.4e-06 1.045e-05 8.45e-06 9.9e-06 9.25e-06 9.85e-06 1.15e-05 1.03e-05 1.05e-05 9.85e-06 8.45e-06 1.105e-05 8.3e-06 9.95e-06 8.2e-06 8.05e-06 8.95e-06 7.75e-06 7.8e-06 9.75e-06 8.15e-06 7.4e-06 9.5e-06 9.55e-06 8.85e-06 1.015e-05 1.275e-05 9.45e-06 1.01e-05 8.3e-06 8.45e-06 1.01e-05 1.22e-05 1.01e-05 9.95e-06 9.55e-06 9.85e-06 9.5e-06 9.5e-06 9.2e-06 1.09e-05 9.05e-06 1.035e-05 1.045e-05 9.1e-06 1.005e-05 9.85e-06 1.06e-05 1.22e-05 1.07e-05 7.9e-06 9.1e-06 1.08e-05 9.25e-06 9.45e-06 9.75e-06 9.45e-06 8.4e-06 1.135e-05 1.03e-05 9.1e-06 1.07e-05 1.275e-05 9.65e-06 8.7e-06 1.275e-05 9.65e-06 7.7e-06 1.005e-05 8.45e-06 8.95e-06 1.34e-05 1.18e-05 9.65e-06 1.255e-05 9.6e-06 1.025e-05 8.45e-06
12 7.55e-06 8.45e-06 6.75e-06 9.2e-06 9.45e-06 1.03e-05 1.03e-05 1.14e-05 8.45e-06 9.6e-06 1.155e-05 8.65e-06 8.3e-06 8.85e-06 1.005e-05 7.95e-06 7.6e-06 8.05e-06 8.75e-06 9.75e-06 1.22e-05 8.95e-06 7.2e-06 8.5e-06 9.6e-06 1.09e-05 9.05e-06 8.25e-06 1.14e-05 8.25e-06 8.55e-06 7.45e-06 5.95e-06 1.025e-05 9.1e-06 1.065e-05 6.95e-06 9.3e-06 1.01e-05 7.95e-06 7.35e-06 7.4e-06 8.7e-06 9.4e-06 9.15e-06 9.35e-06 8.4e-06 5.7e-06 1.15e-05 7.05e-06 7.8e-06 9.25e-06 6.9e-06 5.6e-06 1.115e-05 9.9e-06 8.85e-06 1.05e-05 7.4e-06 1.045e-05 7.25e-06 5.7e-06 1.22e-05 6.45e-06 1.03e-05 7.7e-06 9.85e-06 7.75e-06 7.95e-06 1.11e-05 1.115e-05 1.16e-05 6.4e-06 9.2e-06 8.75e-06 1.04e-05 8.1e-06 8.55e-06 1.025e-05 8.95e-06 7.15e-06 1.005e-05 5.95e-06 8.4e-06 1.15e-05 6.9e-06 8.25e-06 1.145e-05 9.45e-06 7.45e-06 8.85e-06 9.4e-06 6.4e-06 1.165e-05 1.25e-05 8.45e-06 1.12e-05 9.6e-06 8.65e-06 9e-06
13 9.9e-06 1.01e-05 1.06e-05 9.65e-06 1.025e-05 1.03e-05 1.115e-05 9.95e-06 1.01e-05 1.08e-05 1.025e-05 1.055e-05 8.85e-06 1.53e-05 1.045e-05 9.1e-06 9.75e-06 9.6e-06 9.4e-06 1.095e-05 1.03e-05 1.07e-05 9.2e-06 1.025e-05 1.015e-05 9.4e-06 9.8e-06 1.03e-05 1.165e-05 9.7e-06 1.03e-05 9.8e-06 9.3e-06 1.125e-05 9.55e-06 8.8e-06 9.15e-06 9.85e-06 9.65e-06 1.1e-05 9e-06 9.4e-06 9.35e-06 9.5e-06 1.015e-05 1.01e-05 1.005e-05 9.95e-06 1.205e-05 8.7e-06 1.015e-05 9.7e-06 9.45e-06 9.9e-06 1.195e-05 1.04e-05 1.08e-05 1.095e-05 9.7e-06 1.09e-05 9.6e-06 9.25e-06 1.08e-05 9.4e-06 1.07e-05 1.01e-05 1.005e-05 1.01e-05 1.03e-05 9e-06 1.2e-05 8.85e-06 9.3e-06 1.03e-05 9.35e-06 1.085e-05 1.01e-05 1.06e-05 1.07e-05 9.7e-06 1.025e-05 1.035e-05 9.65e-06 1.045e-05 1.205e-05 9.55e-06 9.9e-06 1.17e-05 1.02e-05 9.2e-06 1.015e-05 9.85e-06 9.3e-06 1.115e-05 1.25e-05 9.75e-06 1.255e-05 1.04e-05 1.115e-05 9.75e-06
14 9.4e-06 9.85e-06 1.16e-05 3.6e-06 1.035e-05 6.95e-06 7.15e-06 9.25e-06 7.95e-06 8.85e-06 8e-06 8.65e-06 1.005e-05 1.045e-05 0.0 1.07e-05 9.35e-06 5.7e-06 4.4e-06 1.105e-05 1.095e-05 9.4e-06 8.55e-06 9.85e-06 3.25e-06 6.45e-06 6.15e-06 7.15e-06 8.15e-06 8.05e-06 9.9e-06 9.1e-06 7e-06 1.14e-05 4.5e-06 6.65e-06 5.55e-06 4.95e-06 4.25e-06 9.05e-06 5.4e-06 9.35e-06 4.6e-06 3.05e-06 6.7e-06 6.45e-06 6.95e-06 1.38e-05 1.095e-05 8.6e-06 9.7e-06 3.65e-06 5.15e-06 1.375e-05 9.45e-06 7.65e-06 1.06e-05 5.15e-06 8.6e-06 5.2e-06 7.3e-06 8.4e-06 1.12e-05 8.7e-06 7.5e-06 9.5e-06 5.4e-06 9.65e-06 9.8e-06 8.25e-06 8.85e-06 7.35e-06 5.85e-06 5.4e-06 9.35e-06 6.3e-06 9.9e-06 7.4e-06 6.15e-06 5.3e-06 1.26e-05 7.85e-06 1.04e-05 9.4e-06 1.095e-05 1.025e-05 6.6e-06 1.25e-05 6.55e-06 4.9e-06 7.5e-06 3.8e-06 8.6e-06 1.585e-05 1.13e-05 7.1e-06 1.565e-05 5.6e-06 1.155e-05 5.35e-06
15 1.005e-05 9.8e-06 9.8e-06 1.025e-05 1.005e-05 9.35e-06 1.11e-05 1.045e-05 9.85e-06 1.07e-05 9.2e-06 1.03e-05 7.95e-06 9.1e-06 1.07e-05 1.46e-05 9.55e-06 9.45e-06 1.015e-05 1.045e-05 9.65e-06 1.065e-05 9.35e-06 1.02e-05 1.075e-05 9.45e-06 9.95e-06 1.02e-05 1.16e-05 8.65e-06 1.025e-05 1.005e-05 8.65e-06 1.06e-05 1.02e-05 1.04e-05 9.35e-06 9.45e-06 9.05e-06 1.035e-05 9.1e-06 7.75e-06 1e-05 1.015e-05 1.08e-05 1.025e-05 9.8e-06 8.9e-06 1.155e-05 9.3e-06 1.03e-05 1.03e-05 9.65e-06 8.85e-06 1.205e-05 1.02e-05 1.025e-05 1.115e-05 9.35e-06 1.11e-05 9.75e-06 8.85e-06 1.075e-05 8.95e-06 1.07e-05 9.7e-06 1.005e-05 1.025e-05 1.045e-05 1e-05 1.205e-05 9.25e-06 8.9e-06 1.1e-05 8.15e-06 1.115e-05 1.015e-05 1.05e-05 1.1e-05 1.035e-05 9.6e-06 1.03e-05 9e-06 9.95e-06 1.155e-05 8.5e-06 9.65e-06 1.195e-05 1.035e-05 9.35e-06 1.04e-05 1.045e-05 8.85e-06 1.085e-05 1.255e-05 1e-05 1.2e-05 1.075e-05 1.025e-05 1.04e-05
16 7.95e-06 9.1e-06 8.55e-06 8.25e-06 9.95e-06 1.07e-05 1.115e-05 1.03e-05 9.2e-06 1.065e-05 1.12e-05 8.95e-06 7.6e-06 9.75e-06 9.35e-06 9.55e-06 1.31e-05 8.15e-06 7.65e-06 1.065e-05 1.17e-05 1e-05 7.75e-06 9.35e-06 8.95e-06 1.085e-05 9.35e-06 9e-06 1.175e-05 9.4e-06 9.4e-06 8.5e-06 7.5e-06 1.115e-05 7.7e-06 9.85e-06 7.6e-06 8.6e-06 9.6e-06 8.85e-06 7.4e-06 9.15e-06 7.3e-06 8.4e-06 8.6e-06 9.55e-06 9.1e-06 8.05e-06 1.31e-05 7.85e-06 8.45e-06 8.2e-06 8.3e-06 8e-06 1.165e-05 1.07e-05 8.65e-06 1.005e-05 8.8e-06 1e-05 8e-06 7.75e-06 1.14e-05 7.7e-06 1.08e-05 1.025e-05 9.85e-06 8.4e-06 8.3e-06 1.14e-05 1.195e-05 1.135e-05 7.75e-06 8.45e-06 9.75e-06 9.2e-06 7.65e-06 8.9e-06 9.5e-06 7.45e-06 9.4e-06 1.01e-05 7.05e-06 1.04e-05 1.31e-05 9.2e-06 8.95e-06 1.23e-05 9.75e-06 7.95e-06 9.1e-06 8.35e-06 7.6e-06 1.275e-05 1.16e-05 8.8e-06 1.15e-05 9.6e-06 8.9e-06 7.6e-06
17 8.8e-06 9.3e-06 1.01e-05 5.2e-06 9.95e-06 7.1e-06 8.15e-06 9.5e-06 7e-06 8.3e-06 7.9e-06 7.95e-06 8.05e-06 9.6e-06 5.7e-06 9.45e-06 8.15e-06 7.6e-06 5.2e-06 1.065e-05 1.1e-05 9.95e-06 8.5e-06 9.65e-06 5.4e-06 6.75e-06 6.05e-06 8.9e-06 8.85e-06 7.6e-06 9.7e-06 8.85e-06 4.05e-06 1.025e-05 5.2e-06 6.85e-06 4.8e-06 4.85e-06 5.8e-06 8.95e-06 4.35e-06 8.95e-06 5.05e-06 4.35e-06 8.5e-06 6.35e-06 6e-06 1.185e-05 9.95e-06 8.55e-06 9.1e-06 5.25e-06 5.5e-06 1.18e-05 9.55e-06 6.9e-06 9.75e-06 6.85e-06 6.75e-06 7e-06 6.9e-06 6.25e-06 1.11e-05 8.35e-06 7.75e-06 7.95e-06 5.9e-06 9.05e-06 9.2e-06 7.35e-06 9.6e-06 7.5e-06 4.75e-06 6.25e-06 8.05e-06 7.1e-06 8.75e-06 9.15e-06 6.95e-06 5.35e-06 1.1e-05 7.65e-06 8e-06 7.75e-06 9.95e-06 8.8e-06 5.65e-06 1.195e-05 6.45e-06 4.3e-06 7.35e-06 5.4e-06 8.25e-06 1.49e-05 1.17e-05 6.95e-06 1.465e-05 6.6e-06 9.75e-06 5.4e-06
18 7.75e-06 9.2e-06 1.06e-05 3.4e-06 1.01e-05 7.1e-06 7.4e-06 9.5e-06 7.45e-06 8.4e-06 8.15e-06 8.3e-06 8.75e-06 9.4e-06 4.4e-06 1.015e-05 7.65e-06 5.2e-06 4.2e-06 1.095e-05 1.14e-05 9.1e-06 7e-06 8.7e-06 3.95e-06 6.7e-06 5.3e-06 8.6e-06 8.8e-06 8.1e-06 8.75e-06 7.45e-06 5.65e-06 1.1e-05 3.05e-06 5.1e-06 4e-06 4.8e-06 5.45e-06 8.25e-06 4.1e-06 9.5e-06 2.4e-06 3.85e-06 5.9e-06 5.5e-06 6.45e-06 1.26e-05 1.095e-05 7.3e-06 8.05e-06 3.35e-06 4.6e-06 1.255e-05 8.6e-06 7.15e-06 1.035e-05 5.6e-06 7.25e-06 5.75e-06 5.85e-06 7.1e-06 1.13e-05 7.35e-06 7.95e-06 8.7e-06 5.9e-06 8e-06 8.25e-06 7.55e-06 8.45e-06 7.3e-06 4.9e-06 3.6e-06 8.7e-06 5.65e-06 7.95e-06 8.85e-06 5.5e-06 3.25e-06 1.17e-05 7.35e-06 9.15e-06 8.7e-06 1.095e-05 9.75e-06 6.1e-06 1.18e-05 5.7e-06 4.55e-06 6.1e-06 3.5e-06 7.25e-06 1.55e-05 1.05e-05 5.8e-06 1.51e-05 4.7e-06 1.06e-05 3.15e-06
19 1.12e-05 8.4e-06 1.115e-05 1.09e-05 8.35e-06 9.3e-06 1.215e-05 1.165e-05 8.65e-06 1.205e-05 9.3e-06 1.09e-05 9.75e-06 1.095e-05 1.105e-05 1.045e-05 1.065e-05 1.065e-05 1.095e-05 1.29e-05 1.18e-05 9.55e-06 1.01e-05 8.95e-06 1.135e-05 1.1e-05 1.135e-05 1.105e-05 1.24e-05 1.075e-05 8.95e-06 1.105e-05 1.08e-05 1.015e-05 1.11e-05 1.2e-05 1.09e-05 1.09e-05 1.045e-05 1.14e-05 1.06e-05 9.8e-06 1.095e-05 1.07e-05 1.135e-05 1.165e-05 8.65e-06 1.04e-05 1.31e-05 1.05e-05 1.145e-05 1.095e-05 1.095e-05 1.035e-05 1.315e-05 9.7e-06 8.65e-06 9.5e-06 1.105e-05 9.2e-06 1.11e-05 1.08e-05 9.45e-06 1.025e-05 1.155e-05 1.125e-05 1.115e-05 1.14e-05 1.16e-05 1.205e-05 1.295e-05 1.16e-05 1.07e-05 1.19e-05 1.135e-05 9.4e-06 1.13e-05 1.135e-05 9.25e-06 1.14e-05 8.75e-06 1.13e-05 1.07e-05 1.16e-05 1.31e-05 1.025e-05 8.8e-06 9.4e-06 1.175e-05 1.07e-05 1.145e-05 1.11e-05 1.015e-05 1.085e-05 1.235e-05 1.105e-05 1.2e-05 9.6e-06 9.65e-06 1.145e-05
20 1.26e-05 1.16e-05 1.31e-05 1.125e-05 1.11e-05 9.1e-06 1.25e-05 8.1e-06 1.11e-05 1.3e-05 8.75e-06 1.145e-05 1.22e-05 1.03e-05 1.095e-05 9.65e-06 1.17e-05 1.1e-05 1.14e-05 1.18e-05 1.23e-05 1.265e-05 1.21e-05 1.26e-05 1.135e-05 7.75e-06 1.095e-05 1.235e-05 1.265e-05 9.65e-06 1.265e-05 1.29e-05 1.17e-05 1.11e-05 1.135e-05 1.04e-05 1.16e-05 9.7e-06 8.15e-06 1.315e-05 1.065e-05 9.45e-06 1.135e-05 1.01e-05 1.26e-05 1.125e-05 1.1e-05 1.32e-05 1.26e-05 1.235e-05 1.325e-05 1.13e-05 1.185e-05 1.315e-05 1.395e-05 1.095e-05 1.185e-05 1.18e-05 1.185e-05 1.16e-05 1.265e-05 1.215e-05 8.75e-06 1.255e-05 1.17e-05 1.23e-05 1.02e-05 1.32e-05 1.3e-05 9.15e-06 1.385e-05 7.25e-06 1.185e-05 1.275e-05 9.8e-06 1.15e-05 1.22e-05 1.225e-05 1.18e-05 1.17e-05 1.305e-05 1.155e-05 1.205e-05 1.23e-05 1.26e-05 1.125e-05 1.085e-05 1.32e-05 1.135e-05 1.065e-05 1.235e-05 1.145e-05 1.245e-05 1.06e-05 1.185e-05 1.195e-05 1.215e-05 1.225e-05 1.19e-05 1.175e-05
21 9.55e-06 1.005e-05 1.06e-05 9.3e-06 1.06e-05 9.4e-06 1.015e-05 1.2e-05 1.005e-05 1.145e-05 1.19e-05 1.075e-05 8.95e-06 1.07e-05 9.4e-06 1.065e-05 1e-05 9.95e-06 9.1e-06 9.55e-06 1.265e-05 1.52e-05 8.5e-06 8.35e-06 8.75e-06 1.085e-05 9.6e-06 9.85e-06 1.24e-05 1.02e-05 8.4e-06 9.4e-06 9.4e-06 1.015e-05 9.55e-06 1.07e-05 8.75e-06 1.04e-05 1.015e-05 1.055e-05 9.45e-06 9.8e-06 9.1e-06 9.75e-06 8.55e-06 9.9e-06 1.015e-05 1e-05 1.295e-05 9e-06 9.8e-06 9.35e-06 8.05e-06 9.95e-06 1.22e-05 9.3e-06 1.095e-05 9.7e-06 1.02e-05 9.45e-06 9.25e-06 9.35e-06 1.265e-05 8.95e-06 1.145e-05 1.085e-05 1.035e-05 9.75e-06 9.95e-06 1.155e-05 1.205e-05 1.16e-05 9.2e-06 9.35e-06 1.1e-05 1.05e-05 1.035e-05 1.015e-05 1.035e-05 9.6e-06 8.85e-06 1.14e-05 9.75e-06 1.11e-05 1.295e-05 9.75e-06 1e-05 1.02e-05 1e-05 9.35e-06 1.015e-05 9.5e-06 8.85e-06 1.2e-05 1.215e-05 9.75e-06 1.27e-05 8.45e-06 9.9e-06 9.65e-06
22 7.1e-06 8.55e-06 8.45e-06 7.35e-06 9.35e-06 1.025e-05 1.02e-05 1.09e-05 8.9e-06 9.95e-06 1.12e-05 9.4e-06 7.2e-06 9.2e-06 8.55e-06 9.35e-06 7.75e-06 8.5e-06 7e-06 1.01e-05 1.21e-05 8.5e-06 1.07e-05 7.5e-06 8.4e-06 1.06e-05 7.8e-06 8.3e-06 1.155e-05 8.9e-06 7.75e-06 7.45e-06 7.55e-06 1.07e-05 6.65e-06 8.4e-06 6.25e-06 8.45e-06 9.65e-06 8.6e-06 7.25e-06 9e-06 6.25e-06 8.7e-06 6.7e-06 8.05e-06 9e-06 8.05e-06 1.24e-05 6.35e-06 7.05e-06 7.05e-06 7.3e-06 8e-06 1.025e-05 9.9e-06 9.75e-06 9.25e-06 8.15e-06 9.4e-06 6.6e-06 7.1e-06 1.185e-05 6.5e-06 1.065e-05 9.65e-06 9.65e-06 7e-06 7.4e-06 1.08e-05 1.075e-05 1.11e-05 7.25e-06 6.4e-06 9.2e-06 8.6e-06 7.95e-06 8.6e-06 8.5e-06 7.15e-06 8.25e-06 9.85e-06 7.85e-06 9.9e-06 1.24e-05 8.7e-06 8.85e-06 1.16e-05 8.25e-06 7.9e-06 7.55e-06 7.35e-06 6.4e-06 1.2e-05 1.12e-05 7.2e-06 1.195e-05 8.3e-06 9.75e-06 7.2e-06
23 8.75e-06 9.4e-06 9.8e-06 8.95e-06 9.9e-06 9.35e-06 1.095e-05 1.185e-05 9.6e-06 1.08e-05 1.145e-05 1.045e-05 8.5e-06 1.025e-05 9.85e-06 1.02e-05 9.35e-06 9.65e-06 8.7e-06 8.95e-06 1.26e-05 8.35e-06 7.5e-06 1.43e-05 9.75e-06 1.105e-05 8.95e-06 9.75e-06 1.235e-05 9.9e-06 7.55e-06 9e-06 8.95e-06 9.85e-06 8.55e-06 9.8e-06 7.9e-06 9.9e-06 1.055e-05 9.7e-06 8.95e-06 9.75e-06 8.1e-06 1e-05 8.35e-06 9.25e-06 9.7e-06 9.4e-06 1.275e-05 8.1e-06 8.8e-06 8.85e-06 8.75e-06 9.35e-06 1.13e-05 9.05e-06 1.035e-05 9.9e-06 9.55e-06 1.005e-05 8.25e-06 8.65e-06 1.21e-05 8e-06 1.135e-05 1.045e-05 1.055e-05 8.75e-06 9.1e-06 1.135e-05 1.16e-05 1.16e-05 8.55e-06 8.3e-06 1.03e-05 9.55e-06 9.7e-06 1.005e-05 9.4e-06 8.9e-06 7.9e-06 1.085e-05 9.25e-06 1.07e-05 1.275e-05 9.5e-06 9.55e-06 9.75e-06 9.4e-06 9.3e-06 9.1e-06 9e-06 7.9e-06 1.155e-05 1.155e-05 8.7e-06 1.22e-05 7.95e-06 9.3e-06 8.95e-06
24 9.1e-06 9.9e-06 1.155e-05 3.8e-06 1.07e-05 7.25e-06 6.85e-06 8.95e-06 7.85e-06 9.1e-06 8.4e-06 8.45e-06 9.6e-06 1.015e-05 3.25e-06 1.075e-05 8.95e-06 5.4e-06 3.95e-06 1.135e-05 1.135e-05 8.75e-06 8.4e-06 9.75e-06 4.9e-06 6.5e-06 5.85e-06 8.55e-06 8.65e-06 8.45e-06 9.8e-06 8.8e-06 6.45e-06 1.115e-05 4.35e-06 6.2e-06 5.05e-06 4.95e-06 4.95e-06 9.2e-06 4.9e-06 9.75e-06 4.15e-06 2.5e-06 6.35e-06 6.15e-06 6.85e-06 1.355e-05 1.095e-05 8.6e-06 9.4e-06 3.85e-06 4.3e-06 1.35e-05 9.6e-06 7.3e-06 1.09e-05 5.15e-06 8.3e-06 5.05e-06 7.2e-06 7.95e-06 1.15e-05 8.6e-06 7.45e-06 9.3e-06 5.45e-06 9.35e-06 9.5e-06 7.65e-06 9.3e-06 7.4e-06 5.65e-06 5.05e-06 9.4e-06 6.55e-06 9.3e-06 8.8e-06 6.4e-06 4.7e-06 1.255e-05 8e-06 9.95e-06 9.2e-06 1.095e-05 1e-05 6.5e-06 1.24e-05 6.25e-06 4.2e-06 7.45e-06 4e-06 8.5e-06 1.59e-05 1.135e-05 7.05e-06 1.575e-05 5.7e-06 1.14e-05 4.75e-06
25 1.145e-05 1.065e-05 1.31e-05 6.65e-06 1.005e-05 5.15e-06 8.35e-06 8.8e-06 8.5e-06 9.3e-06 6.35e-06 9.9e-06 1.09e-05 9.4e-06 6.45e-06 9.45e-06 1.085e-05 6.75e-06 6.7e-06 1.1e-05 7.75e-06 1.085e-05 1.06e-05 1.105e-05 6.5e-06 5.7e-06 6.2e-06 1.085e-05 8.85e-06 7.05e-06 1.11e-05 1.11e-05 7.85e-06 9.5e-06 6.95e-06 6.35e-06 7.35e-06 5.65e-06 4.1e-06 1.17e-05 6.5e-06 8.45e-06 6.95e-06 5.4e-06 1.03e-05 6.5e-06 7.5e-06 1.5e-05 8.65e-06 1.1e-05 1.175e-05 6.7e-06 7.35e-06 1.495e-05 1.025e-05 6.1e-06 1.165e-05 7.6e-06 8.35e-06 7.6e-06 9.55e-06 9.3e-06 9.9e-06 1.1e-05 7.9e-06 8.85e-06 5.35e-06 1.17e-05 1.185e-05 4.85e-06 1.005e-05 3.9e-06 7.55e-06 8.35e-06 8.05e-06 8.2e-06 1.115e-05 1.11e-05 8.05e-06 7.45e-06 1.29e-05 7.95e-06 1.135e-05 8.85e-06 8.65e-06 9.45e-06 7.15e-06 1.13e-05 6.6e-06 6.3e-06 8.45e-06 6.85e-06 1.09e-05 1.36e-05 1.155e-05 8.05e-06 1.5e-05 7.55e-06 1.18e-05 7.5e-06
26 8.6e-06 9.95e-06 1.085e-05 5.35e-06 9.8e-06 7e-06 7.35e-06 1.01e-05 8.05e-06 7.65e-06 8.35e-06 9.25e-06 9.05e-06 9.8e-06 6.15e-06 9.95e-06 9.35e-06 6.05e-06 5.3e-06 1.135e-05 1.095e-05 9.6e-06 7.8e-06 8.95e-06 5.85e-06 6.2e-06 7.5e-06 9.5e-06 8.95e-06 7.75e-06 9.15e-06 9.05e-06 5.9e-06 8.65e-06 4.85e-06 5.75e-06 4.45e-06 5.45e-06 6.55e-06 9.4e-06 5.2e-06 9.6e-06 4.55e-06 5.6e-06 7.5e-06 4.1e-06 7.05e-06 1.29e-05 7.75e-06 8.3e-06 8.7e-06 5.25e-06 5.65e-06 1.285e-05 8.1e-06 5.35e-06 1.13e-05 7.1e-06 6.3e-06 7.45e-06 6.5e-06 6.85e-06 1.17e-05 8.25e-06 7.7e-06 7.6e-06 5.2e-06 8.65e-06 8.95e-06 5.55e-06 8.6e-06 7.15e-06 5.4e-06 4.95e-06 8.05e-06 6.95e-06 9.4e-06 9.75e-06 6.8e-06 5.4e-06 1.125e-05 7.4e-06 9.35e-06 7.5e-06 7.75e-06 8e-06 6.7e-06 1.185e-05 4.2e-06 5.35e-06 5.7e-06 5.4e-06 8.15e-06 1.475e-05 1.14e-05 5.3e-06 1.525e-05 6.2e-06 1.065e-05 5.45e-06
27 8.2e-06 9.7e-06 9.45e-06 8.35e-06 1.045e-05 1.08e-05 1.09e-05 1.105e-05 9.7e-06 1.05e-05 1.165e-05 9.85e-06 8.25e-06 1.03e-05 7.15e-06 1.02e-05 9e-06 8.9e-06 8.6e-06 1.105e-05 1.235e-05 9.85e-06 8.3e-06 9.75e-06 8.55e-06 1.085e-05 9.5e-06 1.43e-05 1.17e-05 9.35e-06 9.8e-06 7.8e-06 8.5e-06 1.17e-05 8.55e-06 1.05e-05 8.15e-06 9.05e-06 9.35e-06 9.85e-06 8.3e-06 9.4e-06 8.4e-06 8.3e-06 8.65e-06 9.8e-06 9.65e-06 8.55e-06 1.31e-05 8.35e-06 8e-06 8.4e-06 8.2e-06 8.4e-06 1.2e-05 1.09e-05 1.03e-05 9.95e-06 9.1e-06 9.85e-06 8.25e-06 8.2e-06 1.23e-05 8.4e-06 1.08e-05 1.055e-05 9.75e-06 7.95e-06 8.6e-06 1.17e-05 1.19e-05 1.155e-05 8.35e-06 9.05e-06 1.01e-05 1.015e-05 8.65e-06 7.9e-06 1e-05 8.65e-06 9.7e-06 1.07e-05 8.85e-06 1.08e-05 1.31e-05 9.55e-06 9.5e-06 1.28e-05 9.9e-06 8.25e-06 9.7e-06 8.55e-06 8.3e-06 1.31e-05 1.255e-05 9.3e-06 1.21e-05 9.75e-06 1.08e-05 8.7e-06
28 1.24e-05 1.17e-05 1.325e-05 8.35e-06 1.125e-05 9.35e-06 8.55e-06 1.205e-05 1.045e-05 8.65e-06 9.8e-06 1.15e-05 1.14e-05 1.165e-05 8.15e-06 1.16e-05 1.175e-05 8.85e-06 8.8e-06 1.24e-05 1.265e-05 1.24e-05 1.155e-05 1.235e-05 8.65e-06 8.85e-06 8.95e-06 1.17e-05 1.35e-05 1.01e-05 1.24e-05 1.205e-05 9.4e-06 1.24e-05 9.05e-06 9.9e-06 9.3e-06 8.65e-06 7.75e-06 1.245e-05 8.65e-06 1.11e-05 9.05e-06 7.8e-06 1.19e-05 9.25e-06 9.55e-06 1.475e-05 7.65e-06 1.16e-05 1.27e-05 8.4e-06 9.05e-06 1.47e-05 8.4e-06 9.2e-06 1.245e-05 9.45e-06 8.85e-06 9.6e-06 1.06e-05 1.04e-05 1.3e-05 1.17e-05 7.55e-06 8.05e-06 8e-06 1.265e-05 1.28e-05 9.25e-06 8e-06 9.35e-06 9.25e-06 1.015e-05 1.055e-05 1.02e-05 1.23e-05 1.195e-05 1.005e-05 9.5e-06 1.335e-05 7.55e-06 1.21e-05 8.3e-06 7.65e-06 1.1e-05 9.2e-06 1.285e-05 9.35e-06 8.5e-06 9.1e-06 8.55e-06 1.16e-05 1.555e-05 1.375e-05 8.7e-06 1.63e-05 9.6e-06 1.335e-05 9.55e-06
29 9.4e-06 9.6e-06 9.1e-06 8.1e-06 1e-05 7.2e-06 9.4e-06 1.065e-05 9.2e-06 9.05e-06 8.65e-06 1.03e-05 8.25e-06 9.7e-06 8.05e-06 8.65e-06 9.4e-06 7.6e-06 8.1e-06 1.075e-05 9.65e-06 1.02e-05 8.9e-06 9.9e-06 8.45e-06 7.05e-06 7.75e-06 9.35e-06 1.01e-05 1.11e-05 1.005e-05 9.45e-06 6.8e-06 1.035e-05 8.05e-06 8.9e-06 7.15e-06 7.25e-06 6.65e-06 1.06e-05 7.1e-06 7.75e-06 7.85e-06 8e-06 1.025e-05 8.05e-06 8.2e-06 1.065e-05 1.01e-05 9.05e-06 9.6e-06 8.05e-06 7.4e-06 1.06e-05 1.045e-05 8.35e-06 1.05e-05 9.1e-06 7.3e-06 9.3e-06 6.95e-06 6.1e-06 1.15e-05 9.1e-06 9.25e-06 8.3e-06 7.95e-06 9.55e-06 9.8e-06 8.65e-06 1.045e-05 7.65e-06 7.1e-06 8.9e-06 6.45e-06 9.4e-06 9.6e-06 9.6e-06 9.25e-06 8.25e-06 8.75e-06 8.95e-06 8.8e-06 8.55e-06 1.01e-05 8.8e-06 7.85e-06 1.2e-05 8.15e-06 7.25e-06 8.35e-06 8.2e-06 9e-06 1.305e-05 1.24e-05 7.95e-06 1.32e-05 8.75e-06 1.045e-05 8.3e-06
30 8.8e-06 9.25e-06 9.95e-06 8.65e-06 1e-05 9.4e-06 1.1e-05 1.19e-05 9.65e-06 1.085e-05 1.15e-05 1.05e-05 8.55e-06 1.03e-05 9.9e-06 1.025e-05 9.4e-06 9.7e-06 8.75e-06 8.95e-06 1.265e-05 8.4e-06 7.75e-06 7.55e-06 9.8e-06 1.11e-05 9.15e-06 9.8e-06 1.24e-05 1.005e-05 1.44e-05 9.05e-06 9e-06 9.9e-06 8.75e-06 1e-05 8.1e-06 1.005e-05 1.06e-05 9.9e-06 9e-06 9.8e-06 8.3e-06 1.005e-05 8.55e-06 9.45e-06 9.75e-06 9.45e-06 1.28e-05 8.3e-06 9e-06 9.05e-06 8.8e-06 9.4e-06 1.15e-05 9.1e-06 1.04e-05 1.005e-05 9.6e-06 1.01e-05 8.4e-06 8.8e-06 1.215e-05 8.2e-06 1.14e-05 1.05e-05 1.06e-05 8.95e-06 8.8e-06 1.14e-05 1.165e-05 1.165e-05 8.7e-06 8.25e-06 1.045e-05 9.75e-06 9.75e-06 1.01e-05 9.6e-06 8.9e-06 8.15e-06 1.09e-05 9.3e-06 1.075e-05 1.28e-05 9.55e-06 9.6e-06 9.75e-06 9.45e-06 9.35e-06 9.3e-06 9.2e-06 8.1e-06 1.155e-05 1.135e-05 8.9e-06 1.225e-05 8e-06 9.35e-06 8.95e-06
31 7.25e-06 9.6e-06 8.9e-06 8.25e-06 1.065e-05 1.08e-05 1.065e-05 1.17e-05 9.6e-06 1.025e-05 1.21e-05 9.85e-06 7.45e-06 9.8e-06 9.1e-06 1.005e-05 8.5e-06 8.85e-06 7.45e-06 1.105e-05 1.29e-05 9.4e-06 7.45e-06 9e-06 8.8e-06 1.11e-05 9.05e-06 7.8e-06 1.205e-05 9.45e-06 9.05e-06 1.3e-05 7.75e-06 1.145e-05 8.2e-06 9.85e-06 7.3e-06 9.6e-06 1.005e-05 9.1e-06 8.05e-06 9.4e-06 7.75e-06 9.15e-06 7.9e-06 9.35e-06 9.55e-06 7.9e-06 1.31e-05 7.55e-06 7.2e-06 8.3e-06 7.55e-06 7.75e-06 1.15e-05 1.06e-05 1.025e-05 1e-05 8.65e-06 9.95e-06 7.4e-06 7.6e-06 1.28e-05 7.6e-06 1.12e-05 1.005e-05 1.015e-05 7.15e-06 7.8e-06 1.155e-05 1.12e-05 1.17e-05 7.75e-06 8e-06 1.005e-05 9.95e-06 8.15e-06 8.55e-06 9.8e-06 7.95e-06 9.2e-06 1.08e-05 8.15e-06 1.04e-05 1.31e-05 9.25e-06 9.4e-06 1.235e-05 9.45e-06 8.3e-06 9.15e-06 8.45e-06 7.5e-06 1.31e-05 1.22e-05 8.75e-06 1.2e-05 8.75e-06 1.015e-05 8e-06
32 7.7e-06 9.2e-06 8.25e-06 6.05e-06 1.02e-05 7.2e-06 7.9e-06 1.09e-05 6.4e-06 7.55e-06 8.95e-06 8.45e-06 5.95e-06 9.3e-06 7e-06 8.65e-06 7.5e-06 4.05e-06 5.65e-06 1.08e-05 1.17e-05 9.4e-06 7.55e-06 8.95e-06 6.45e-06 7.85e-06 5.9e-06 8.5e-06 9.4e-06 6.8e-06 9e-06 7.75e-06 3e-06 9.65e-06 5.9e-06 7.55e-06 3.35e-06 6.1e-06 6.95e-06 7.95e-06 3.7e-06 8.15e-06 5.5e-06 6.25e-06 8.55e-06 6.2e-06 5.5e-06 9.75e-06 9.5e-06 7.45e-06 8e-06 6.1e-06 4.55e-06 9.7e-06 9.15e-06 6.8e-06 9.4e-06 7.75e-06 5.1e-06 7.9e-06 5.8e-06 3.8e-06 1.235e-05 7.25e-06 8.35e-06 6.55e-06 6.7e-06 7.95e-06 8.1e-06 8e-06 9.2e-06 8.5e-06 3e-06 6.15e-06 7.25e-06 7.85e-06 8.2e-06 8.75e-06 7.7e-06 5.7e-06 9.3e-06 8.05e-06 5.45e-06 6e-06 9.5e-06 7.65e-06 5.15e-06 1.2e-05 6.3e-06 3.95e-06 6.8e-06 6.25e-06 7.15e-06 1.475e-05 1.21e-05 6.4e-06 1.405e-05 6.55e-06 8.1e-06 5.75e-06
33 1.105e-05 1.115e-05 1.16e-05 1.1e-05 1.06e-05 8.4e-06 1.125e-05 1.16e-05 1.045e-05 1.135e-05 1.11e-05 1.105e-05 1.025e-05 1.125e-05 1.14e-05 1.06e-05 1.115e-05 1.025e-05 1.1e-05 1.015e-05 1.11e-05 1.015e-05 1.07e-05 9.85e-06 1.115e-05 9.5e-06 8.65e-06 1.17e-05 1.24e-05 1.035e-05 9.9e-06 1.145e-05 9.65e-06 1.34e-05 1.11e-05 1.13e-05 9.85e-06 1.03e-05 1.015e-05 1.175e-05 1e-05 1.005e-05 1.085e-05 1.075e-05 1.125e-05 9e-06 1.035e-05 1.135e-05 1.03e-05 1.105e-05 1.17e-05 1.105e-05 1.035e-05 1.13e-05 1.26e-05 7.25e-06 1.155e-05 1.155e-05 9.95e-06 1.15e-05 1.11e-05 1.02e-05 1.195e-05 1.09e-05 1.13e-05 1.06e-05 9.05e-06 1.165e-05 1.145e-05 9.15e-06 1.26e-05 1.05e-05 9.85e-06 1.135e-05 1.085e-05 1.135e-05 1.15e-05 1.16e-05 1.155e-05 1.12e-05 1.01e-05 1.125e-05 1.025e-05 1.05e-05 1.03e-05 8.7e-06 1.02e-05 1.03e-05 9.05e-06 9.9e-06 1.075e-05 1.12e-05 1.08e-05 1.185e-05 1.2e-05 1.035e-05 1.225e-05 9.55e-06 8.4e-06 1.125e-05
34 7.65e-06 9e-06 1.05e-05 3.4e-06 9.65e-06 7.6e-06 8e-06 9.1e-06 7.45e-06 8.25e-06 7.95e-06 8.3e-06 9.1e-06 9.55e-06 4.5e-06 1.02e-05 7.7e-06 5.2e-06 3.05e-06 1.11e-05 1.135e-05 9.55e-06 6.65e-06 8.55e-06 4.35e-06 6.95e-06 4.85e-06 8.55e-06 9.05e-06 8.05e-06 8.75e-06 8.2e-06 5.9e-06 1.11e-05 3.6e-06 4.55e-06 3.7e-06 3.9e-06 5.9e-06 8.45e-06 3.65e-06 9.95e-06 2.15e-06 3.65e-06 5.9e-06 4.95e-06 6.45e-06 1.27e-05 1.09e-05 7.1e-06 7.5e-06 3.1e-06 5.25e-06 1.265e-05 8.2e-06 7.3e-06 1.045e-05 5.85e-06 6.8e-06 6.2e-06 5.55e-06 6.85e-06 1.095e-05 7e-06 7.9e-06 8.9e-06 6.05e-06 7.45e-06 7.95e-06 7.35e-06 9.05e-06 7.45e-06 4.95e-06 3.15e-06 8.25e-06 5.15e-06 7.75e-06 8.8e-06 5e-06 3.1e-06 1.16e-05 6.9e-06 9.35e-06 8.8e-06 1.09e-05 9.85e-06 6.1e-06 1.225e-05 5.3e-06 4.5e-06 5.25e-06 3.25e-06 7e-06 1.54e-05 1.045e-05 5.05e-06 1.505e-05 5.5e-06 1.1e-05 3.15e-06
35 9.45e-06 1.06e-05 1.225e-05 5.45e-06 1.07e-05 7.85e-06 8.65e-06 9.15e-06 8.85e-06 8.9e-06 7.9e-06 9.95e-06 1.065e-05 8.8e-06 6.65e-06 1.04e-05 9.85e-06 6.85e-06 5.1e-06 1.2e-05 1.04e-05 1.07e-05 8.4e-06 9.8e-06 6.2e-06 6.35e-06 5.75e-06 1.05e-05 9.9e-06 8.9e-06 1e-05 9.85e-06 7.55e-06 1.13e-05 4.55e-06 7.9e-06 5.45e-06 6.05e-06 6.95e-06 1.02e-05 5.8e-06 1.08e-05 4.4e-06 5.6e-06 7.85e-06 5.95e-06 7.85e-06 1.445e-05 1.06e-05 8.85e-06 9.45e-06 5.05e-06 6.8e-06 1.44e-05 9.05e-06 7.5e-06 1.195e-05 7.35e-06 8.1e-06 7.7e-06 7.35e-06 8.5e-06 1.08e-05 9.05e-06 8.65e-06 9.35e-06 7.05e-06 9.4e-06 9.8e-06 5.8e-06 9.75e-06 5.95e-06 6.6e-06 4.95e-06 8.45e-06 6.8e-06 9.9e-06 1.075e-05 6.7e-06 5.25e-06 1.275e-05 8.05e-06 1.1e-05 9.35e-06 1.06e-05 1.065e-05 7.5e-06 1.225e-05 6.2e-06 6.25e-06 6.75e-06 5.4e-06 8.95e-06 1.465e-05 1.14e-05 6.45e-06 1.59e-05 6.7e-06 1.215e-05 5.3e-06
36 6.85e-06 8.95e-06 8.85e-06 4.35e-06 1e-05 7.3e-06 7.5e-06 1e-05 6.55e-06 7.45e-06 8.7e-06 8.2e-06 6.95e-06 9.15e-06 5.55e-06 9.35e-06 7.6e-06 4.8e-06 4e-06 1.09e-05 1.16e-05 8.75e-06 6.25e-06 7.9e-06 5.05e-06 7.35e-06 4.45e-06 8.15e-06 9.3e-06 7.15e-06 8.1e-06 7.3e-06 3.35e-06 9.85e-06 3.7e-06 5.45e-06 4.7e-06 5.05e-06 6.7e-06 7.6e-06 3.35e-06 9e-06 3.25e-06 5e-06 6.3e-06 4.75e-06 5.65e-06 1.08e-05 9.8e-06 6.55e-06 6.95e-06 4.25e-06 4.1e-06 1.075e-05 8.05e-06 6.55e-06 1.005e-05 6.5e-06 5.55e-06 6.85e-06 4.75e-06 4.4e-06 1.18e-05 6.5e-06 8.05e-06 7.2e-06 6.25e-06 6.9e-06 7.2e-06 7.3e-06 8.55e-06 8e-06 3.15e-06 3.55e-06 7.45e-06 6.15e-06 7.75e-06 8.4e-06 6e-06 4e-06 9.85e-06 7.6e-06 6.8e-06 6.75e-06 9.8e-06 8.3e-06 5.3e-06 1.195e-05 4.9e-06 3.75e-06 5.4e-06 4.4e-06 6.4e-06 1.485e-05 1.09e-05 5e-06 1.44e-05 5.35e-06 9.3e-06 4.05e-06
37 9.2e-06 9.2e-06 1.11e-05 4.6e-06 9.55e-06 6.75e-06 8.55e-06 8.25e-06 7.25e-06 8.75e-06 6.8e-06 8.05e-06 9.3e-06 9.85e-06 4.95e-06 9.45e-06 8.6e-06 4.85e-06 4.8e-06 1.09e-05 9.7e-06 1.04e-05 8.45e-06 9.9e-06 4.95e-06 5.65e-06 5.45e-06 9.05e-06 8.65e-06 7.25e-06 1.005e-05 9.6e-06 6.1e-06 1.03e-05 3.9e-06 6.05e-06 5.05e-06 4.9e-06 4.7e-06 1e-05 3.95e-06 9.1e-06 4.15e-06 3.1e-06 8.3e-06 5.65e-06 6.25e-06 1.32e-05 9.85e-06 8.85e-06 9.25e-06 4.45e-06 6.1e-06 1.315e-05 9.4e-06 6.9e-06 1.055e-05 6.55e-06 7.1e-06 6.9e-06 7.1e-06 7.1e-06 1.02e-05 8.8e-06 7.35e-06 8.6e-06 5.15e-06 9.2e-06 9.55e-06 6.6e-06 9.95e-06 6.4e-06 5.65e-06 5.85e-06 7.55e-06 6.45e-06 8.65e-06 9.3e-06 6.3e-06 4.95e-06 1.185e-05 6.95e-06 9.6e-06 8.5e-06 9.85e-06 9.3e-06 5.9e-06 1.235e-05 5.85e-06 4.2e-06 6.8e-06 4.6e-06 8.7e-06 1.475e-05 1.125e-05 6.5e-06 1.48e-05 7.05e-06 1.12e-05 5e-06
38 1.065e-05 9.8e-06 1.205e-05 4.95e-06 9.8e-06 5e-06 7.65e-06 8.55e-06 7.8e-06 9.05e-06 6.15e-06 8.95e-06 1.01e-05 9.65e-06 4.25e-06 9.05e-06 9.6e-06 5.8e-06 5.45e-06 1.045e-05 8.15e-06 1.015e-05 9.65e-06 1.055e-05 4.95e-06 4.1e-06 6.55e-06 9.35e-06 7.75e-06 6.65e-06 1.06e-05 1.005e-05 6.95e-06 1.015e-05 5.9e-06 6.95e-06 6.7e-06 4.7e-06 5.5e-06 1.04e-05 5.6e-06 7.75e-06 5.95e-06 4e-06 9.05e-06 6.85e-06 6.8e-06 1.395e-05 9.55e-06 9.85e-06 1.095e-05 5e-06 6.35e-06 1.39e-05 1e-05 6.75e-06 1.055e-05 6.3e-06 8.15e-06 6.3e-06 8.75e-06 8.65e-06 9.9e-06 9.95e-06 7.35e-06 8.85e-06 4.95e-06 1.09e-05 1.105e-05 6.6e-06 9.4e-06 4.85e-06 6.65e-06 7.5e-06 7.9e-06 7.35e-06 1.015e-05 9.6e-06 7.2e-06 6.45e-06 1.24e-05 7.45e-06 1.045e-05 8.75e-06 9.55e-06 9.55e-06 6.45e-06 1.15e-05 6.95e-06 5.35e-06 8.25e-06 5.15e-06 9.85e-06 1.405e-05 1.12e-05 7.85e-06 1.465e-05 6.65e-06 1.105e-05 6.5e-06
39 8.75e-06 1.04e-05 7.5e-06 8.5e-06 1.14e-05 1.095e-05 1.085e-05 1.195e-05 9.6e-06 1.085e-05 1.195e-05 7.75e-06 7.95e-06 1.1e-05 9.05e-06 1.035e-05 8.85e-06 8.95e-06 8.25e-06 1.14e-05 1.315e-05 1.055e-05 8.6e-06 9.7e-06 9.2e-06 1.17e-05 9.4e-06 9.85e-06 1.245e-05 1.06e-05 9.9e-06 9.1e-06 7.95e-06 1.175e-05 8.45e-06 1.02e-05 7.6e-06 1e-05 1.04e-05 1.07e-05 8.65e-06 9.7e-06 8e-06 9.6e-06 8.45e-06 9.7e-06 9.5e-06 9.2e-06 1.375e-05 8.35e-06 9.25e-06 8.4e-06 8.15e-06 9.15e-06 1.175e-05 1.085e-05 9.95e-06 9.6e-06 1e-05 9.75e-06 8.6e-06 8.85e-06 1.25e-05 7.65e-06 1.16e-05 1.065e-05 1.065e-05 9.2e-06 9.15e-06 1.23e-05 1.17e-05 1.23e-05 6.75e-06 8.05e-06 1.12e-05 9.2e-06 9.75e-06 9.75e-06 9.4e-06 8.4e-06 1.085e-05 1.125e-05 8.55e-06 1.09e-05 1.375e-05 9.7e-06 9.35e-06 1.315e-05 9.85e-06 8.85e-06 9.7e-06 8.55e-06 7.55e-06 1.44e-05 1.205e-05 9.3e-06 1.3e-05 8.85e-06 9.6e-06 8.45e-06
40 7.75e-06 8.65e-06 9.5e-06 4.4e-06 9.35e-06 7e-06 7.9e-06 8.9e-06 6.2e-06 7.8e-06 7.7e-06 7.8e-06 7.35e-06 9e-06 5.4e-06 9.1e-06 7.4e-06 4.35e-06 4.1e-06 1.06e-05 1.065e-05 9.45e-06 7.25e-06 8.95e-06 4.9e-06 6.5e-06 5.2e-06 8.3e-06 8.65e-06 7.1e-06 9e-06 8.05e-06 3.7e-06 1e-05 3.65e-06 5.8e-06 3.35e-06 3.95e-06 5.6e-06 8.65e-06 5.4e-06 8.75e-06 3.65e-06 3.75e-06 7.55e-06 5.4e-06 5.3e-06 1.125e-05 9.7e-06 7.5e-06 7.9e-06 4.35e-06 4.75e-06 1.12e-05 8.75e-06 6.65e-06 9.75e-06 6.65e-06 5.6e-06 6.8e-06 5.85e-06 4.95e-06 1.08e-05 7.45e-06 7.4e-06 7.35e-06 5.55e-06 7.85e-06 8.1e-06 6.85e-06 9.2e-06 7.15e-06 3.8e-06 4.9e-06 7.4e-06 6.35e-06 7.55e-06 8.55e-06 6.2e-06 4.15e-06 1.05e-05 6.8e-06 7.2e-06 6.9e-06 9.7e-06 8.45e-06 4.95e-06 1.185e-05 5.6e-06 3.3e-06 6e-06 4.5e-06 7.35e-06 1.455e-05 1.1e-05 5.7e-06 1.415e-05 6.2e-06 9.7e-06 4.2e-06
41 9.8e-06 9.35e-06 9.35e-06 9.6e-06 9.6e-06 8.25e-06 1.045e-05 1.065e-05 9.3e-06 1.06e-05 9.65e-06 9.75e-06 7.4e-06 9.4e-06 9.35e-06 7.75e-06 9.15e-06 8.95e-06 9.5e-06 9.8e-06 9.45e-06 9.8e-06 9e-06 9.75e-06 9.75e-06 8.45e-06 9.6e-06 9.4e-06 1.11e-05 7.75e-06 9.8e-06 9.4e-06 8.15e-06 1.005e-05 9.95e-06 1.08e-05 9e-06 9.1e-06 7.75e-06 9.7e-06 8.75e-06 1.33e-05 9.75e-06 9.5e-06 1.015e-05 9.9e-06 9.25e-06 8.45e-06 1.135e-05 8.95e-06 1.005e-05 9.65e-06 8.75e-06 8.4e-06 1.195e-05 9.65e-06 9.65e-06 1.03e-05 9.1e-06 1.01e-05 9.5e-06 8.5e-06 1.095e-05 8.5e-06 1.04e-05 9.5e-06 9.3e-06 1e-05 1.02e-05 1.03e-05 1.155e-05 9.05e-06 8.35e-06 1.07e-05 8.8e-06 1.07e-05 9.9e-06 9.7e-06 1.055e-05 1.01e-05 9.15e-06 1.02e-05 8.5e-06 9.75e-06 1.135e-05 7.95e-06 9.1e-06 1.135e-05 1e-05 8.8e-06 1.015e-05 9.8e-06 8.4e-06 1.11e-05 1.215e-05 9.75e-06 1.16e-05 9.9e-06 9.65e-06 1.015e-05
42 7.2e-06 8.85e-06 1.01e-05 3.2e-06 9.75e-06 7.4e-06 7.7e-06 9.15e-06 7.3e-06 8e-06 8e-06 8.15e-06 8.7e-06 9.35e-06 4.6e-06 1e-05 7.3e-06 5.05e-06 2.4e-06 1.095e-05 1.135e-05 9.1e-06 6.25e-06 8.1e-06 4.15e-06 6.95e-06 4.55e-06 8.4e-06 9.05e-06 7.85e-06 8.3e-06 7.75e-06 5.5e-06 1.085e-05 2.15e-06 4.4e-06 3.25e-06 4.15e-06 5.95e-06 8e-06 3.65e-06 9.75e-06 3e-06 3.75e-06 5.5e-06 4.75e-06 6.3e-06 1.23e-05 1.08e-05 6.75e-06 7.15e-06 3e-06 4.8e-06 1.225e-05 8e-06 7.05e-06 1.03e-05 5.65e-06 6.65e-06 6e-06 5.1e-06 6.45e-06 1.1e-05 6.75e-06 7.9e-06 8.65e-06 6e-06 7.1e-06 7.5e-06 7.3e-06 8.75e-06 7.45e-06 4.55e-06 2.7e-06 8.05e-06 5.05e-06 7.35e-06 8.65e-06 4.9e-06 2.65e-06 1.12e-05 7.05e-06 8.95e-06 8.55e-06 1.08e-05 9.6e-06 5.95e-06 1.2e-05 5e-06 4.35e-06 5.15e-06 3.15e-06 6.65e-06 1.525e-05 1.02e-05 4.85e-06 1.485e-05 5.05e-06 1.06e-05 2.55e-06
