 slim_337515941 slim_337515987 slim_337515901 slim_337515775 slim_337515911 slim_337516022 slim_337515886 slim_337515660 slim_337515982 slim_337515848 slim_337515989 slim_337515956 slim_337515971 slim_337515990 slim_337515930 slim_337515918 slim_337515847 slim_337515949 slim_337515927 slim_337516020 slim_337516005 slim_337515953 slim_337515957 slim_337515854 slim_337515899 slim_337515938 slim_337515996 slim_337515981 slim_337515914 slim_337515834 slim_337515966 slim_337515868 slim_337515964 slim_337516002 slim_337516017 slim_337515965 slim_337516016 slim_337515904 slim_337515993 slim_337515912 slim_337516019 slim_337515980 slim_337515943 slim_337515876 slim_337516011 slim_337516012 slim_337515724 slim_337515850 slim_337515942 slim_337515778 slim_337515939 slim_337516013 slim_337515969 slim_337515933 slim_337515638 slim_337515986 slim_337515894 slim_337515963 slim_337515923 slim_337515977 slim_337515841 slim_337515906 slim_337515988 slim_337515701 slim_337515926 slim_337515887 slim_337515928 slim_337515932 slim_337515940 slim_337515597 slim_337515741 slim_337516015 slim_337515916 slim_337516009 slim_337515771 slim_337515967 slim_337515770 slim_337515999 slim_337515829 slim_337515992 slim_337515820 slim_337515945 slim_337515851 slim_337515970 slim_337516008 slim_337515585 slim_337516007 slim_337515983 slim_337515910 slim_337515936 slim_337515614 slim_337516021 slim_337515744 slim_337515997 slim_337515974 slim_337515857 slim_337515994 slim_337515779 slim_337515897
0 0.0002773 0.00018405 0.0001391 0.00018015 0.0001804 0.0001411 0.00017875 0.0001396 0.0001624 0.0001442 0.00013955 0.00014015 0.0001791 0.00015945 0.0001455 0.0001641 0.0001841 0.0001396 0.00015875 0.000141 0.0001574 0.000139 0.0001389 0.00016095 0.0001438 0.0001393 0.0001454 0.0001854 0.00016485 0.0001848 0.00015765 0.00015955 0.0001395 0.0001607 0.00016075 0.0001394 0.0001573 0.0002054 0.00013915 0.00018095 0.00013945 0.0001595 0.00014075 0.00013965 0.00013925 0.0001593 0.00015975 0.0001804 0.00016095 0.0001575 0.0001404 0.0001621 0.0001608 0.00014495 0.0001389 0.0002017 0.00014925 0.00015945 0.00013955 0.0001896 0.0001406 0.00013895 0.0001407 0.0001446 0.0001436 0.00015885 0.00013935 0.00014125 0.0001405 0.00018495 0.00014045 0.00018065 0.00015745 0.0001391 0.00016605 0.0001641 0.00014085 0.0001533 0.00013965 0.00014365 0.0001594 0.00018095 0.00016465 0.0001392 0.00013945 0.00013935 0.0001819 0.00016435 0.000201 0.0001655 0.00014055 0.00013895 0.00017765 0.00015725 0.00014115 0.0001804 0.00018105 0.0001412 0.00014105
1 0.00018405 0.0001162 5.855e-05 0.00018795 6.295e-05 0.0001849 6.165e-05 0.00018415 6.2e-05 6.35e-05 5.9e-05 0.0001847 6.07e-05 6.04e-05 6.37e-05 6.455e-05 5.865e-05 5.935e-05 6.005e-05 6e-05 0.0001854 5.88e-05 0.000184 6.02e-05 6.325e-05 0.0001844 6.395e-05 5.93e-05 6.17e-05 0.00019025 6.02e-05 0.0001871 5.925e-05 5.995e-05 6.1e-05 5.93e-05 5.885e-05 5.945e-05 5.89e-05 6.23e-05 5.935e-05 6.055e-05 5.99e-05 5.905e-05 5.885e-05 6.03e-05 6.09e-05 6.285e-05 6.105e-05 6e-05 5.96e-05 0.00014455 6.135e-05 6.055e-05 5.85e-05 6.385e-05 6.415e-05 6.04e-05 5.93e-05 5.985e-05 5.965e-05 0.00018405 5.985e-05 0.0001852 0.00018815 5.98e-05 5.9e-05 6.045e-05 5.965e-05 6.045e-05 5.955e-05 6.33e-05 5.995e-05 5.865e-05 6.97e-05 6.49e-05 6e-05 6.275e-05 5.895e-05 0.0001884 6.045e-05 0.0001883 6.115e-05 5.86e-05 0.0001839 5.925e-05 6.395e-05 6.255e-05 6.48e-05 6.18e-05 5.97e-05 0.00018395 0.0001858 5.88e-05 0.000185 6.255e-05 6.38e-05 6.045e-05 0.0001851
2 0.0001391 5.855e-05 1e-07 0.0001933 5.52e-05 0.0001413 6.75e-05 0.0001398 3.825e-05 7.1e-06 1.5e-06 0.00014075 6.665e-05 3.44e-05 8.05e-06 3.99e-05 5.885e-05 1.9e-06 3.355e-05 3.6e-06 0.00015775 8.5e-07 0.00013905 3.66e-05 6.35e-06 0.0001393 8.05e-06 6.055e-05 4.515e-05 0.00020205 1.995e-05 0.0001596 1.3e-06 3.58e-05 3.52e-05 1.5e-06 2.945e-05 9.345e-05 9.5e-07 6.965e-05 1.55e-06 3.455e-05 3e-06 1.4e-06 7e-07 3.41e-05 3.565e-05 5.51e-05 3.64e-05 1.975e-05 2.6e-06 0.00012375 3.645e-05 1.2e-05 3e-07 9.01e-05 1.645e-05 3.44e-05 1.35e-06 6.93e-05 2.55e-06 0.0001391 2.95e-06 0.0001494 0.0001442 3.145e-05 8.5e-07 4.25e-06 2.75e-06 6.085e-05 2.65e-06 5.575e-05 1.97e-05 3e-07 4.565e-05 4.015e-05 2.95e-06 1.51e-05 1.3e-06 0.0001445 3.445e-05 0.00019405 4.35e-05 1e-06 0.00013925 2e-06 5.73e-05 4.41e-05 8.965e-05 4.5e-05 2.8e-06 0.0001388 0.00019085 2.94e-05 0.0001414 5.525e-05 5.695e-05 4.25e-06 0.00014125
3 0.00018015 0.00018795 0.0001933 0.0003329 0.00018005 0.00018135 0.00016805 0.00018045 0.0001817 0.0001941 0.00019365 0.00018065 0.00016815 0.0001811 0.00019465 0.0001818 0.00018815 0.00019345 0.0001806 0.0001945 0.00018885 0.00019325 0.0001801 0.0001803 0.00019385 0.0001806 0.0001949 0.00018885 0.00017655 0.00017615 0.000202 0.00017985 0.0001937 0.00018045 0.0001835 0.0001937 0.0001832 0.000175 0.00019335 0.00016895 0.00019375 0.00018115 0.0001944 0.00019375 0.0001935 0.000181 0.000181 0.00017995 0.0001816 0.0002018 0.0001941 0.00017845 0.00018195 0.0001893 0.0001931 0.0001669 0.0001894 0.0001811 0.00019375 0.0001837 0.00019415 0.00018015 0.00019435 0.00017565 0.0001807 0.0001841 0.00019355 0.0001945 0.00019405 0.0001876 0.00019405 0.0001803 0.00020175 0.0001933 0.0001825 0.00018155 0.00019455 0.000194 0.00019375 0.00018065 0.00018105 0.00016725 0.0001781 0.0001932 0.0001803 0.00019325 0.00018095 0.00017825 0.000168 0.0001775 0.0001941 0.00018015 0.00017565 0.00018315 0.00018135 0.0001799 0.00018035 0.0001944 0.0001814
4 0.0001804 6.295e-05 5.52e-05 0.00018005 0.0001101 0.0001817 5.7e-05 0.0001808 5.78e-05 5.71e-05 5.595e-05 0.0001814 5.6e-05 5.65e-05 5.735e-05 5.755e-05 6.32e-05 5.595e-05 5.605e-05 5.695e-05 0.0001891 5.54e-05 0.0001803 5.62e-05 5.675e-05 0.00018065 5.77e-05 6.405e-05 5.7e-05 0.0001934 6.44e-05 0.00018015 5.585e-05 5.585e-05 5.79e-05 5.585e-05 5.56e-05 6.325e-05 5.545e-05 5.77e-05 5.59e-05 5.645e-05 5.675e-05 5.575e-05 5.555e-05 5.64e-05 5.705e-05 5.53e-05 5.7e-05 6.415e-05 5.64e-05 0.00014015 5.765e-05 5.64e-05 5.51e-05 5.55e-05 5.695e-05 5.65e-05 5.595e-05 6.365e-05 5.635e-05 0.00018035 5.67e-05 0.0001808 0.0001814 5.675e-05 5.555e-05 5.74e-05 5.64e-05 6.355e-05 5.64e-05 5.57e-05 6.41e-05 5.505e-05 6.24e-05 5.78e-05 5.69e-05 5.625e-05 5.59e-05 0.0001816 5.64e-05 0.00018065 5.72e-05 5.55e-05 0.00018045 5.6e-05 5.66e-05 5.795e-05 5.675e-05 5.705e-05 5.645e-05 0.00018015 0.00018905 5.555e-05 0.00018175 5.525e-05 5.63e-05 5.735e-05 0.00018175
5 0.0001411 0.0001849 0.0001413 0.00018135 0.0001817 0.0002809 0.0001805 0.0001407 0.00016235 0.0001451 0.0001411 0.00014115 0.0001801 0.0001613 0.00014485 0.00016475 0.00018515 0.0001415 0.00016085 0.00014095 0.0001578 0.00014125 0.00014105 0.0001619 0.00014515 0.00014155 0.00014485 0.00018455 0.00016675 0.00018575 0.00015785 0.00016115 0.0001417 0.0001619 0.0001599 0.0001416 0.0001585 0.00020545 0.00014135 0.00018145 0.00014165 0.00016135 0.00014115 0.0001412 0.0001415 0.00016125 0.00016135 0.0001817 0.0001618 0.00015765 0.000141 0.0001616 0.00016105 0.0001472 0.0001411 0.000202 0.0001506 0.0001613 0.00014175 0.0001907 0.0001412 0.0001411 0.0001411 0.00014675 0.00014485 0.00015845 0.00014155 0.0001413 0.0001411 0.00018545 0.00014075 0.00018195 0.0001576 0.0001413 0.00016635 0.00016505 0.00014145 0.0001539 0.0001412 0.0001449 0.00016125 0.00018135 0.00016545 0.00014105 0.00014075 0.0001413 0.0001816 0.00016445 0.0002016 0.00016495 0.00014115 0.0001411 0.00017705 0.00015845 0.00014085 0.0001815 0.00018205 0.0001415 0.00014065
6 0.00017875 6.165e-05 6.75e-05 0.00016805 5.7e-05 0.0001805 2.9e-06 0.0001792 3.83e-05 7.18e-05 6.78e-05 0.00017925 8e-06 3.46e-05 7.295e-05 3.905e-05 6.185e-05 6.745e-05 3.47e-05 6.895e-05 0.00019705 6.745e-05 0.0001787 3.7e-05 7.165e-05 0.0001792 7.32e-05 6.29e-05 2.465e-05 0.0001761 8.58e-05 0.00019935 6.79e-05 3.73e-05 3.92e-05 6.785e-05 4.295e-05 3.135e-05 6.755e-05 4.25e-06 6.79e-05 3.47e-05 6.895e-05 6.79e-05 6.77e-05 3.455e-05 3.445e-05 5.7e-05 3.75e-05 8.56e-05 6.86e-05 0.0001186 3.575e-05 5.795e-05 6.73e-05 2.65e-05 6.185e-05 3.47e-05 6.795e-05 5.19e-05 6.87e-05 0.00017875 6.89e-05 0.00016885 0.00018305 4.42e-05 6.775e-05 6.885e-05 6.86e-05 6.1e-05 6.86e-05 5.725e-05 8.555e-05 6.75e-05 4.535e-05 3.875e-05 6.905e-05 8.14e-05 6.79e-05 0.00018285 3.465e-05 0.0001688 2.795e-05 6.74e-05 0.0001791 6.725e-05 5.83e-05 2.905e-05 2.465e-05 3.155e-05 6.865e-05 0.00017875 0.0001655 4.29e-05 0.0001805 5.685e-05 5.71e-05 6.875e-05 0.00018055
7 0.0001396 0.00018415 0.0001398 0.00018045 0.0001808 0.0001407 0.0001792 0.0002783 0.0001626 0.0001444 0.00014005 0.0001398 0.0001795 0.00016 0.0001456 0.00016425 0.00018425 0.00014005 0.00015935 0.0001412 0.00015735 0.00013975 0.00013955 0.00016125 0.00014425 0.00014005 0.0001455 0.00018525 0.00016545 0.00018485 0.00015755 0.00016015 0.0001402 0.0001612 0.00016095 0.0001401 0.0001578 0.00020535 0.00013985 0.0001813 0.00014015 0.00016005 0.0001412 0.00014015 0.00014 0.0001599 0.0001601 0.0001808 0.00016145 0.00015735 0.0001409 0.0001622 0.00016115 0.0001457 0.0001396 0.0002019 0.0001497 0.00016 0.00014025 0.0001898 0.000141 0.0001396 0.00014115 0.00014525 0.00014395 0.00015905 0.00014005 0.0001414 0.0001409 0.0001846 0.00014085 0.00018105 0.0001573 0.0001398 0.00016615 0.00016435 0.00014135 0.0001536 0.00014015 0.000144 0.00015995 0.00018055 0.0001652 0.0001397 0.00013935 0.0001398 0.0001821 0.0001646 0.0002009 0.0001657 0.00014095 0.0001396 0.0001768 0.00015775 0.00014075 0.00018075 0.0001812 0.00014135 0.00014055
8 0.0001624 6.2e-05 3.825e-05 0.0001817 5.78e-05 0.00016235 3.83e-05 0.0001626 7.14e-05 4.04e-05 3.845e-05 0.00016275 3.8e-05 3.86e-05 4.05e-05 4.14e-05 6.22e-05 3.83e-05 3.83e-05 3.82e-05 0.00017915 3.82e-05 0.00016235 3.805e-05 4.02e-05 0.00016285 4.025e-05 6.17e-05 3.86e-05 0.00019055 5.5e-05 0.0001817 3.865e-05 3.82e-05 3.75e-05 3.86e-05 3.805e-05 6.185e-05 3.83e-05 3.735e-05 3.865e-05 3.865e-05 3.815e-05 3.855e-05 3.845e-05 3.855e-05 3.85e-05 5.78e-05 3.74e-05 5.48e-05 3.8e-05 0.00012085 3.84e-05 3.875e-05 3.805e-05 5.745e-05 4.05e-05 3.86e-05 3.87e-05 6.23e-05 3.79e-05 0.0001624 3.81e-05 0.0001625 0.00016455 3.775e-05 3.85e-05 3.815e-05 3.78e-05 6.21e-05 3.78e-05 5.805e-05 5.475e-05 3.825e-05 4.39e-05 4.045e-05 3.845e-05 5.04e-05 3.855e-05 0.0001643 3.855e-05 0.00018225 3.785e-05 3.815e-05 0.0001625 3.815e-05 5.775e-05 3.83e-05 5.83e-05 3.78e-05 3.785e-05 0.0001624 0.0001788 3.8e-05 0.00016235 5.765e-05 5.8e-05 3.805e-05 0.0001624
9 0.0001442 6.35e-05 7.1e-06 0.0001941 5.71e-05 0.0001451 7.18e-05 0.0001444 4.04e-05 1.27e-05 7.1e-06 0.00014475 7.09e-05 3.985e-05 8.1e-06 3.99e-05 6.37e-05 7.15e-06 3.94e-05 7.15e-06 0.00016175 6.95e-06 0.0001441 4.065e-05 6.85e-06 0.0001446 7.6e-06 6.4e-05 4.99e-05 0.0002056 2.445e-05 0.0001612 7.4e-06 4.07e-05 3.825e-05 7.25e-06 3.445e-05 9.7e-05 6.95e-06 7.325e-05 7.3e-06 3.985e-05 7.8e-06 7.15e-06 7.3e-06 3.975e-05 3.985e-05 5.715e-05 4.08e-05 2.42e-05 7.45e-06 0.00012705 4.03e-05 1.755e-05 6.85e-06 9.045e-05 1.71e-05 3.985e-05 7.55e-06 7.385e-05 7.45e-06 0.0001441 7.75e-06 0.00015445 0.00014405 3.495e-05 7.3e-06 7.85e-06 7.35e-06 6.445e-05 7.45e-06 5.74e-05 2.415e-05 7e-06 4.42e-05 3.95e-05 7.95e-06 1.695e-05 7.2e-06 0.0001439 3.975e-05 0.0001947 4.79e-05 6.9e-06 0.0001444 7.05e-06 5.775e-05 4.75e-05 9.005e-05 4.825e-05 7.35e-06 0.00014415 0.00019435 3.44e-05 0.00014505 5.7e-05 5.74e-05 7.7e-06 0.00014515
10 0.00013955 5.9e-05 1.5e-06 0.00019365 5.595e-05 0.0001411 6.78e-05 0.00014005 3.845e-05 7.1e-06 2.3e-06 0.0001409 6.68e-05 3.51e-05 7.75e-06 3.96e-05 5.93e-05 2.45e-06 3.455e-05 2.85e-06 0.00015785 1.65e-06 0.0001395 3.675e-05 7e-06 0.00013985 7.7e-06 6.01e-05 4.555e-05 0.00020215 2e-05 0.00016025 2.1e-06 3.625e-05 3.47e-05 2.05e-06 2.99e-05 9.355e-05 1.75e-06 6.96e-05 2.1e-06 3.525e-05 2.8e-06 1.5e-06 1.8e-06 3.485e-05 3.575e-05 5.585e-05 3.65e-05 1.98e-05 2.4e-06 0.00012345 3.585e-05 1.255e-05 1.4e-06 9.02e-05 1.71e-05 3.51e-05 2.15e-06 6.975e-05 2.9e-06 0.00013955 2.85e-06 0.0001501 0.0001445 3.115e-05 1.95e-06 3.5e-06 2.8e-06 6.075e-05 2.55e-06 5.62e-05 1.975e-05 1.7e-06 4.595e-05 4.04e-05 2.75e-06 1.55e-05 1.4e-06 0.0001448 3.515e-05 0.0001944 4.375e-05 1.45e-06 0.00013995 2.25e-06 5.675e-05 4.37e-05 8.97e-05 4.465e-05 2.85e-06 0.00013955 0.000191 2.985e-05 0.00014135 5.57e-05 5.685e-05 3.75e-06 0.0001412
11 0.00014015 0.0001847 0.00014075 0.00018065 0.0001814 0.00014115 0.00017925 0.0001398 0.00016275 0.00014475 0.0001409 0.0002786 0.00017975 0.00016045 0.00014625 0.00016455 0.0001849 0.0001401 0.0001599 0.0001419 0.00015775 0.0001407 0.0001401 0.00016115 0.00014475 0.00014045 0.00014625 0.0001858 0.00016555 0.0001849 0.00015835 0.0001607 0.00014115 0.0001618 0.00016135 0.0001409 0.00015855 0.00020565 0.0001408 0.0001814 0.00014095 0.0001605 0.00014205 0.000141 0.00014095 0.00016035 0.00015985 0.0001814 0.0001619 0.00015815 0.00014175 0.00016255 0.0001615 0.00014615 0.00014055 0.00020215 0.0001502 0.00016045 0.0001412 0.0001901 0.0001418 0.00014015 0.000142 0.00014545 0.0001444 0.00015965 0.000141 0.0001412 0.0001417 0.0001842 0.0001417 0.00018165 0.0001581 0.00014075 0.00016615 0.00016435 0.0001422 0.0001544 0.000141 0.0001441 0.0001604 0.00018075 0.0001654 0.00014055 0.0001399 0.0001401 0.0001826 0.00016475 0.000201 0.000166 0.00014175 0.00014015 0.000177 0.0001585 0.00014115 0.00018125 0.0001808 0.00014115 0.00014115
12 0.0001791 6.07e-05 6.665e-05 0.00016815 5.6e-05 0.0001801 8e-06 0.0001795 3.8e-05 7.09e-05 6.68e-05 0.00017975 8.8e-06 3.76e-05 7.095e-05 4.145e-05 6.105e-05 6.69e-05 3.74e-05 6.74e-05 0.0001969 6.67e-05 0.00017905 3.565e-05 7.085e-05 0.0001795 7.14e-05 6.14e-05 3.025e-05 0.0001781 8.445e-05 0.0001988 6.715e-05 3.57e-05 4.03e-05 6.71e-05 4.18e-05 2.97e-05 6.68e-05 7.55e-06 6.715e-05 3.77e-05 6.75e-05 6.695e-05 6.69e-05 3.745e-05 3.76e-05 5.595e-05 3.705e-05 8.425e-05 6.725e-05 0.0001167 3.815e-05 5.985e-05 6.65e-05 2.47e-05 6.34e-05 3.76e-05 6.72e-05 5.375e-05 6.725e-05 0.0001791 6.745e-05 0.00017185 0.00018305 4.235e-05 6.7e-05 6.76e-05 6.715e-05 6.02e-05 6.715e-05 5.625e-05 8.42e-05 6.675e-05 4.64e-05 4.165e-05 6.765e-05 8e-05 6.69e-05 0.00018315 3.76e-05 0.00016885 3.235e-05 6.64e-05 0.0001794 6.67e-05 5.665e-05 3.1e-05 2.715e-05 2.895e-05 6.72e-05 0.0001791 0.0001661 4.175e-05 0.0001801 5.57e-05 5.63e-05 6.75e-05 0.00018025
13 0.00015945 6.04e-05 3.44e-05 0.0001811 5.65e-05 0.0001613 3.46e-05 0.00016 3.86e-05 3.985e-05 3.51e-05 0.00016045 3.76e-05 6.87e-05 4.07e-05 3.94e-05 6.075e-05 3.51e-05 3.48e-05 3.65e-05 0.00017775 3.475e-05 0.0001594 3.715e-05 3.955e-05 0.00015975 4.095e-05 6.19e-05 3.505e-05 0.0001894 5.325e-05 0.00018005 3.52e-05 3.695e-05 3.735e-05 3.515e-05 3.66e-05 6.26e-05 3.485e-05 3.675e-05 3.52e-05 3.465e-05 3.635e-05 3.51e-05 3.47e-05 3.44e-05 3.515e-05 5.635e-05 3.72e-05 5.305e-05 3.6e-05 0.0001214 3.59e-05 3.545e-05 3.44e-05 5.85e-05 3.97e-05 3.46e-05 3.525e-05 6.1e-05 3.6e-05 0.00015945 3.63e-05 0.00015975 0.0001641 3.8e-05 3.49e-05 3.675e-05 3.605e-05 6.115e-05 3.6e-05 5.69e-05 5.3e-05 3.45e-05 4.585e-05 3.955e-05 3.64e-05 4.865e-05 3.5e-05 0.00016415 3.47e-05 0.00018185 3.61e-05 3.475e-05 0.0001598 3.505e-05 5.8e-05 3.65e-05 5.71e-05 3.845e-05 3.61e-05 0.0001593 0.00017855 3.655e-05 0.00016135 5.635e-05 5.725e-05 3.67e-05 0.00016135
14 0.0001455 6.37e-05 8.05e-06 0.00019465 5.735e-05 0.00014485 7.295e-05 0.0001456 4.05e-05 8.1e-06 7.75e-06 0.00014625 7.095e-05 4.07e-05 1.18e-05 4.01e-05 6.4e-05 8.4e-06 4.065e-05 7e-06 0.0001621 8e-06 0.00014545 4.1e-05 8.25e-06 0.0001459 7.1e-06 6.28e-05 5.1e-05 0.00020645 2.44e-05 0.0001619 8.45e-06 4.08e-05 3.685e-05 8.3e-06 3.455e-05 9.645e-05 8.1e-06 7.295e-05 8.35e-06 4.075e-05 7.3e-06 7.85e-06 8.25e-06 4.065e-05 4.095e-05 5.735e-05 4.06e-05 2.42e-05 7.15e-06 0.00012605 3.985e-05 1.875e-05 7.85e-06 8.98e-05 1.83e-05 4.07e-05 8.5e-06 7.44e-05 7.3e-06 0.0001455 7.25e-06 0.000156 0.00014535 3.385e-05 8.3e-06 7.6e-06 7.2e-06 6.5e-05 6.9e-06 5.76e-05 2.415e-05 8.05e-06 4.505e-05 4.08e-05 7.6e-06 1.675e-05 7.85e-06 0.00014565 4.065e-05 0.0001952 4.79e-05 7.75e-06 0.0001457 8.2e-06 5.665e-05 4.71e-05 9.015e-05 4.71e-05 7.25e-06 0.0001455 0.0001945 3.45e-05 0.00014515 5.71e-05 5.785e-05 7.75e-06 0.00014505
15 0.0001641 6.455e-05 3.99e-05 0.0001818 5.755e-05 0.00016475 3.905e-05 0.00016425 4.14e-05 3.99e-05 3.96e-05 0.00016455 4.145e-05 3.94e-05 4.01e-05 7.65e-05 6.485e-05 3.97e-05 3.99e-05 3.96e-05 0.0001814 3.985e-05 0.00016405 4.095e-05 4.03e-05 0.0001645 4.04e-05 6.47e-05 3.935e-05 0.00019305 5.69e-05 0.0001812 4.03e-05 4.11e-05 3.985e-05 3.995e-05 4.08e-05 6.575e-05 3.995e-05 4.035e-05 4e-05 3.945e-05 4.015e-05 3.97e-05 4.01e-05 3.935e-05 3.91e-05 5.755e-05 4.095e-05 5.67e-05 3.99e-05 0.00012435 3.945e-05 4.025e-05 3.97e-05 5.845e-05 4.045e-05 3.92e-05 4.035e-05 6.51e-05 3.99e-05 0.0001641 4.01e-05 0.00016465 0.0001644 4.085e-05 4.015e-05 3.99e-05 3.98e-05 6.455e-05 3.98e-05 5.78e-05 5.665e-05 3.99e-05 4.52e-05 3.945e-05 4.035e-05 4.935e-05 3.97e-05 0.00016445 3.91e-05 0.0001824 4e-05 3.96e-05 0.00016455 3.95e-05 5.775e-05 3.94e-05 5.73e-05 4.125e-05 3.985e-05 0.0001641 0.000182 4.075e-05 0.00016475 5.73e-05 5.75e-05 3.98e-05 0.0001649
16 0.0001841 5.865e-05 5.885e-05 0.00018815 6.32e-05 0.00018515 6.185e-05 0.00018425 6.22e-05 6.37e-05 5.93e-05 0.0001849 6.105e-05 6.075e-05 6.4e-05 6.485e-05 0.0001168 5.96e-05 6.03e-05 6.035e-05 0.00018545 5.88e-05 0.00018405 6.05e-05 6.33e-05 0.0001844 6.41e-05 5.965e-05 6.185e-05 0.00019045 6.035e-05 0.00018715 5.885e-05 6.01e-05 6.13e-05 5.93e-05 5.9e-05 5.975e-05 5.89e-05 6.26e-05 5.935e-05 6.08e-05 6.01e-05 5.94e-05 5.905e-05 6.065e-05 6.12e-05 6.32e-05 6.12e-05 6.015e-05 5.98e-05 0.00014475 6.175e-05 6.055e-05 5.865e-05 6.415e-05 6.41e-05 6.075e-05 5.85e-05 6e-05 5.99e-05 0.0001841 6.005e-05 0.00018525 0.00018815 6.01e-05 5.87e-05 6.08e-05 5.98e-05 6.075e-05 5.975e-05 6.305e-05 6.01e-05 5.885e-05 6.99e-05 6.51e-05 5.995e-05 6.305e-05 5.94e-05 0.0001885 6.07e-05 0.0001885 6.135e-05 5.885e-05 0.00018395 5.94e-05 6.435e-05 6.285e-05 6.51e-05 6.21e-05 5.985e-05 0.0001841 0.000186 5.895e-05 0.0001852 6.31e-05 6.41e-05 6.075e-05 0.0001852
17 0.0001396 5.935e-05 1.9e-06 0.00019345 5.595e-05 0.0001415 6.745e-05 0.00014005 3.83e-05 7.15e-06 2.45e-06 0.0001401 6.69e-05 3.51e-05 8.4e-06 3.97e-05 5.96e-05 3.5e-06 3.46e-05 3.65e-06 0.0001578 2.1e-06 0.0001395 3.635e-05 7.05e-06 0.0001397 8.5e-06 6.07e-05 4.525e-05 0.0002018 2.06e-05 0.00016035 2.55e-06 3.65e-05 3.51e-05 2.25e-06 3.025e-05 9.36e-05 2.15e-06 6.945e-05 2.3e-06 3.505e-05 3.7e-06 2.3e-06 2.25e-06 3.495e-05 3.515e-05 5.605e-05 3.655e-05 2.035e-05 3.25e-06 0.0001236 3.64e-05 1.245e-05 1.8e-06 9.02e-05 1.715e-05 3.51e-05 2.65e-06 6.97e-05 3.3e-06 0.00013955 3.65e-06 0.0001498 0.00014445 3.165e-05 2.25e-06 3.5e-06 3.35e-06 6.01e-05 3.35e-06 5.645e-05 2.03e-05 1.75e-06 4.56e-05 4e-05 3.75e-06 1.605e-05 2.4e-06 0.0001444 3.5e-05 0.00019425 4.38e-05 2.1e-06 0.00014 2.05e-06 5.75e-05 4.375e-05 8.95e-05 4.49e-05 3.4e-06 0.00013935 0.00019095 3.02e-05 0.00014155 5.6e-05 5.62e-05 3.45e-06 0.0001415
18 0.00015875 6.005e-05 3.355e-05 0.0001806 5.605e-05 0.00016085 3.47e-05 0.00015935 3.83e-05 3.94e-05 3.455e-05 0.0001599 3.74e-05 3.48e-05 4.065e-05 3.99e-05 6.03e-05 3.46e-05 6.7e-05 3.64e-05 0.0001774 3.39e-05 0.0001587 3.68e-05 3.88e-05 0.0001591 4.065e-05 6.19e-05 3.51e-05 0.0001891 5.285e-05 0.00017925 3.435e-05 3.65e-05 3.74e-05 3.455e-05 3.615e-05 6.255e-05 3.4e-05 3.75e-05 3.46e-05 3.495e-05 3.595e-05 3.455e-05 3.39e-05 3.465e-05 3.53e-05 5.595e-05 3.705e-05 5.265e-05 3.555e-05 0.0001213 3.665e-05 3.485e-05 3.355e-05 5.845e-05 3.895e-05 3.47e-05 3.44e-05 6.055e-05 3.56e-05 0.00015875 3.59e-05 0.00015885 0.0001635 3.8e-05 3.405e-05 3.67e-05 3.565e-05 6.105e-05 3.56e-05 5.645e-05 5.26e-05 3.365e-05 4.55e-05 3.97e-05 3.595e-05 4.825e-05 3.44e-05 0.00016355 3.475e-05 0.00018135 3.57e-05 3.4e-05 0.0001589 3.455e-05 5.795e-05 3.7e-05 5.755e-05 3.845e-05 3.57e-05 0.0001586 0.00017815 3.61e-05 0.0001609 5.6e-05 5.715e-05 3.665e-05 0.0001608
19 0.000141 6e-05 3.6e-06 0.0001945 5.695e-05 0.00014095 6.895e-05 0.0001412 3.82e-05 7.15e-06 2.85e-06 0.0001419 6.74e-05 3.65e-05 7e-06 3.96e-05 6.035e-05 3.65e-06 3.64e-05 3.7e-06 0.000158 3.45e-06 0.0001409 3.725e-05 8.15e-06 0.00014135 7.15e-06 5.935e-05 4.685e-05 0.00020275 2.015e-05 0.0001615 3.9e-06 3.71e-05 3.325e-05 3.5e-06 3.07e-05 9.355e-05 3.45e-06 6.95e-05 3.55e-06 3.65e-05 3e-06 2.9e-06 3.8e-06 3.64e-05 3.67e-05 5.7e-05 3.665e-05 1.99e-05 2.7e-06 0.0001226 3.57e-05 1.41e-05 3.35e-06 9.02e-05 1.825e-05 3.65e-05 4.05e-06 7.08e-05 2.95e-06 0.0001409 2.95e-06 0.0001518 0.0001452 3.02e-05 3.8e-06 3.05e-06 2.85e-06 6.115e-05 2.65e-06 5.725e-05 1.985e-05 3.5e-06 4.615e-05 4.095e-05 3.2e-06 1.58e-05 2.95e-06 0.0001455 3.64e-05 0.0001952 4.42e-05 3.15e-06 0.00014155 3.5e-06 5.635e-05 4.315e-05 9.015e-05 4.365e-05 2.85e-06 0.00014095 0.00019115 3.065e-05 0.0001412 5.67e-05 5.725e-05 3.2e-06 0.00014115
20 0.0001574 0.0001854 0.00015775 0.00018885 0.0001891 0.0001578 0.00019705 0.00015735 0.00017915 0.00016175 0.00015785 0.00015775 0.0001969 0.00017775 0.0001621 0.0001814 0.00018545 0.0001578 0.0001774 0.000158 0.0003136 0.0001576 0.0001573 0.0001789 0.00016175 0.0001573 0.000162 0.00018545 0.0001832 0.00018585 0.000158 0.0001686 0.00015805 0.0001786 0.0001768 0.00015725 0.00017515 0.000206 0.00015755 0.0001981 0.0001573 0.00017775 0.00015815 0.0001579 0.00015795 0.00017765 0.0001781 0.00018915 0.00017775 0.00015775 0.0001578 0.0001787 0.0001779 0.00016295 0.0001575 0.0002097 0.0001672 0.00017775 0.0001582 0.000191 0.0001579 0.0001573 0.0001581 0.00016325 0.0001613 0.00017545 0.00015795 0.0001582 0.0001578 0.00018585 0.0001578 0.0001894 0.0001577 0.00015765 0.0001831 0.00018165 0.0001583 0.0001614 0.00015795 0.00016135 0.00017765 0.00018905 0.00018205 0.00015785 0.0001574 0.0001578 0.00018945 0.00018135 0.00020905 0.0001821 0.0001578 0.00015735 0.00017725 0.0001751 0.00015785 0.00018915 0.0001894 0.00015815 0.00015775
21 0.000139 5.88e-05 8.5e-07 0.00019325 5.54e-05 0.00014125 6.745e-05 0.00013975 3.82e-05 6.95e-06 1.65e-06 0.0001407 6.67e-05 3.475e-05 8e-06 3.985e-05 5.88e-05 2.1e-06 3.39e-05 3.45e-06 0.0001576 8e-07 0.00013895 3.65e-05 6.25e-06 0.0001391 8e-06 6.05e-05 4.505e-05 0.000202 1.985e-05 0.0001595 9.5e-07 3.575e-05 3.515e-05 1.2e-06 2.935e-05 9.34e-05 6e-07 6.96e-05 1.1e-06 3.475e-05 2.9e-06 1.7e-06 1e-06 3.46e-05 3.555e-05 5.545e-05 3.625e-05 1.965e-05 2.5e-06 0.0001237 3.65e-05 1.18e-05 6e-07 9.005e-05 1.635e-05 3.475e-05 1.3e-06 6.92e-05 2.75e-06 0.0001388 2.85e-06 0.0001493 0.00014415 3.14e-05 1.05e-06 4.2e-06 2.65e-06 6.08e-05 2.6e-06 5.57e-05 1.96e-05 7.5e-07 4.56e-05 4.01e-05 3e-06 1.55e-05 1.75e-06 0.00014445 3.465e-05 0.000194 4.35e-05 1.05e-06 0.00013915 1.9e-06 5.735e-05 4.405e-05 8.96e-05 4.495e-05 2.6e-06 0.000139 0.0001908 2.93e-05 0.00014135 5.55e-05 5.69e-05 4.2e-06 0.0001412
22 0.0001389 0.000184 0.00013905 0.0001801 0.0001803 0.00014105 0.0001787 0.00013955 0.00016235 0.0001441 0.0001395 0.0001401 0.00017905 0.0001594 0.00014545 0.00016405 0.00018405 0.0001395 0.0001587 0.0001409 0.0001573 0.00013895 0.0002772 0.00016095 0.0001438 0.00013925 0.00014535 0.00018535 0.00016485 0.0001847 0.00015765 0.0001597 0.0001394 0.00016065 0.0001607 0.00013925 0.0001571 0.00020535 0.000139 0.0001809 0.0001393 0.0001594 0.00014075 0.00013955 0.00013925 0.00015925 0.00015975 0.00018035 0.00016085 0.00015735 0.00014025 0.00016205 0.00016075 0.0001449 0.0001388 0.00020165 0.00014925 0.0001594 0.0001395 0.0001896 0.0001405 0.0001388 0.0001407 0.0001446 0.0001435 0.0001588 0.00013925 0.0001412 0.00014035 0.0001849 0.0001404 0.0001806 0.00015725 0.00013895 0.000166 0.00016405 0.0001408 0.00015325 0.0001396 0.00014355 0.0001593 0.0001809 0.00016465 0.00013915 0.0001393 0.00013935 0.00018185 0.0001643 0.00020095 0.00016545 0.00014045 0.0001388 0.0001776 0.0001571 0.0001411 0.00018035 0.000181 0.00014115 0.000141
23 0.00016095 6.02e-05 3.66e-05 0.0001803 5.62e-05 0.0001619 3.7e-05 0.00016125 3.805e-05 4.065e-05 3.675e-05 0.00016115 3.565e-05 3.715e-05 4.1e-05 4.095e-05 6.05e-05 3.635e-05 3.68e-05 3.725e-05 0.0001789 3.65e-05 0.00016095 7.05e-05 4.055e-05 0.00016135 4.135e-05 6.085e-05 3.705e-05 0.00018975 5.425e-05 0.00018055 3.7e-05 3.61e-05 3.775e-05 3.705e-05 3.62e-05 5.97e-05 3.665e-05 3.745e-05 3.71e-05 3.72e-05 3.73e-05 3.685e-05 3.675e-05 3.705e-05 3.635e-05 5.62e-05 3.74e-05 5.41e-05 3.71e-05 0.00011965 3.77e-05 3.71e-05 3.64e-05 5.54e-05 4.065e-05 3.715e-05 3.705e-05 6.05e-05 3.71e-05 0.000161 3.725e-05 0.00016095 0.00016505 3.675e-05 3.685e-05 3.705e-05 3.7e-05 6e-05 3.7e-05 5.645e-05 5.405e-05 3.66e-05 4.59e-05 4.105e-05 3.755e-05 4.99e-05 3.685e-05 0.00016495 3.71e-05 0.000181 3.715e-05 3.63e-05 0.0001612 3.595e-05 5.69e-05 3.765e-05 5.7e-05 3.65e-05 3.705e-05 0.000161 0.0001783 3.615e-05 0.0001619 5.595e-05 5.61e-05 3.695e-05 0.000162
24 0.0001438 6.325e-05 6.35e-06 0.00019385 5.675e-05 0.00014515 7.165e-05 0.00014425 4.02e-05 6.85e-06 7e-06 0.00014475 7.085e-05 3.955e-05 8.25e-06 4.03e-05 6.33e-05 7.05e-06 3.88e-05 8.15e-06 0.00016175 6.25e-06 0.0001438 4.055e-05 1.18e-05 0.00014415 7.65e-06 6.425e-05 4.955e-05 0.0002056 2.42e-05 0.00016055 6.75e-06 4.03e-05 3.875e-05 6.9e-06 3.41e-05 9.695e-05 6.4e-06 7.335e-05 6.95e-06 3.96e-05 7.4e-06 7.1e-06 6.25e-06 3.945e-05 3.985e-05 5.675e-05 4.075e-05 2.43e-05 7.4e-06 0.0001272 4.065e-05 1.705e-05 6.15e-06 9.04e-05 1.645e-05 3.955e-05 6.8e-06 7.34e-05 7.5e-06 0.00014385 7.35e-06 0.0001538 0.00014385 3.53e-05 6.6e-06 8.35e-06 7.4e-06 6.465e-05 7.35e-06 5.7e-05 2.425e-05 6.35e-06 4.395e-05 3.935e-05 7.85e-06 1.695e-05 7.1e-06 0.00014365 3.95e-05 0.00019445 4.76e-05 6.45e-06 0.00014385 6.85e-06 5.8e-05 4.79e-05 9.01e-05 4.855e-05 7.45e-06 0.00014385 0.0001943 3.405e-05 0.0001452 5.675e-05 5.76e-05 8.3e-06 0.0001451
25 0.0001393 0.0001844 0.0001393 0.0001806 0.00018065 0.00014155 0.0001792 0.00014005 0.00016285 0.0001446 0.00013985 0.00014045 0.0001795 0.00015975 0.0001459 0.0001645 0.0001844 0.0001397 0.0001591 0.00014135 0.0001573 0.0001391 0.00013925 0.00016135 0.00014415 0.0002777 0.00014585 0.0001858 0.00016515 0.0001853 0.00015795 0.00016005 0.0001396 0.000161 0.00016115 0.00013905 0.00015755 0.0002058 0.0001391 0.00018135 0.0001391 0.00015975 0.00014105 0.0001399 0.00013945 0.0001596 0.00016015 0.0001807 0.0001608 0.00015775 0.00014065 0.0001625 0.0001612 0.0001446 0.00013905 0.0002021 0.0001496 0.00015975 0.00013975 0.00018985 0.00014085 0.00013925 0.000141 0.00014485 0.00014415 0.00015925 0.0001395 0.0001415 0.00014075 0.0001852 0.00014075 0.00018095 0.0001577 0.0001392 0.0001665 0.00016455 0.00014115 0.0001536 0.00013995 0.0001442 0.00015965 0.0001814 0.00016495 0.0001395 0.00013975 0.00013965 0.0001823 0.00016475 0.0002014 0.0001659 0.00014075 0.0001393 0.0001781 0.0001575 0.0001416 0.00018075 0.0001813 0.00014145 0.0001415
26 0.0001454 6.395e-05 8.05e-06 0.0001949 5.77e-05 0.00014485 7.32e-05 0.0001455 4.025e-05 7.6e-06 7.7e-06 0.00014625 7.14e-05 4.095e-05 7.1e-06 4.04e-05 6.41e-05 8.5e-06 4.065e-05 7.15e-06 0.000162 8e-06 0.00014535 4.135e-05 7.65e-06 0.00014585 1.22e-05 6.31e-05 5.125e-05 0.00020655 2.45e-05 0.0001619 8.35e-06 4.105e-05 3.72e-05 8.3e-06 3.475e-05 9.69e-05 8.1e-06 7.34e-05 8.35e-06 4.1e-05 7.2e-06 7.8e-06 8.25e-06 4.09e-05 4.13e-05 5.77e-05 4.08e-05 2.43e-05 7.05e-06 0.0001263 4e-05 1.875e-05 7.85e-06 9.04e-05 1.75e-05 4.095e-05 8.3e-06 7.46e-05 7.4e-06 0.0001454 7.3e-06 0.0001559 0.0001444 3.415e-05 8.2e-06 7.6e-06 7.3e-06 6.535e-05 7e-06 5.785e-05 2.425e-05 8.05e-06 4.465e-05 4.045e-05 7.4e-06 1.695e-05 7.8e-06 0.00014495 4.09e-05 0.00019545 4.815e-05 7.8e-06 0.0001456 8.3e-06 5.69e-05 4.745e-05 9.075e-05 4.745e-05 7.35e-06 0.0001454 0.00019465 3.47e-05 0.00014515 5.75e-05 5.83e-05 7.95e-06 0.00014495
27 0.0001854 5.93e-05 6.055e-05 0.00018885 6.405e-05 0.00018455 6.29e-05 0.00018525 6.17e-05 6.4e-05 6.01e-05 0.0001858 6.14e-05 6.19e-05 6.28e-05 6.47e-05 5.965e-05 6.07e-05 6.19e-05 5.935e-05 0.00018545 6.05e-05 0.00018535 6.085e-05 6.425e-05 0.0001858 6.31e-05 0.0001168 6.3e-05 0.0001909 6.035e-05 0.0001882 6.095e-05 6.075e-05 5.96e-05 6.07e-05 5.965e-05 5.955e-05 6.06e-05 6.23e-05 6.075e-05 6.195e-05 5.975e-05 6.02e-05 6.075e-05 6.185e-05 6.205e-05 6.405e-05 6.115e-05 6.015e-05 5.96e-05 0.0001435 6.1e-05 6.195e-05 6.035e-05 6.395e-05 6.515e-05 6.19e-05 6.1e-05 6.085e-05 5.98e-05 0.0001854 5.97e-05 0.0001868 0.0001888 5.895e-05 6.08e-05 5.985e-05 5.97e-05 6.1e-05 5.935e-05 6.43e-05 6.01e-05 6.055e-05 6.99e-05 6.55e-05 6.005e-05 6.305e-05 6.02e-05 0.00018905 6.185e-05 0.00018915 6.145e-05 6.02e-05 0.00018545 6.05e-05 6.33e-05 6.205e-05 6.54e-05 6.08e-05 5.975e-05 0.0001854 0.000186 5.96e-05 0.0001849 6.375e-05 6.435e-05 6.005e-05 0.0001848
28 0.00016485 6.17e-05 4.515e-05 0.00017655 5.7e-05 0.00016675 2.465e-05 0.00016545 3.86e-05 4.99e-05 4.555e-05 0.00016555 3.025e-05 3.505e-05 5.1e-05 3.935e-05 6.185e-05 4.525e-05 3.51e-05 4.685e-05 0.0001832 4.505e-05 0.00016485 3.705e-05 4.955e-05 0.00016515 5.125e-05 6.3e-05 4.86e-05 0.0001843 6.355e-05 0.00018545 4.555e-05 3.725e-05 3.955e-05 4.55e-05 4.295e-05 5.365e-05 4.52e-05 2.695e-05 4.555e-05 3.51e-05 4.665e-05 4.565e-05 4.53e-05 3.495e-05 3.47e-05 5.7e-05 3.745e-05 6.34e-05 4.635e-05 0.00011865 3.63e-05 3.515e-05 4.495e-05 4.88e-05 3.935e-05 3.485e-05 4.56e-05 5.145e-05 4.65e-05 0.0001649 4.66e-05 0.00015455 0.0001695 4.435e-05 4.54e-05 4.675e-05 4.64e-05 6.115e-05 4.635e-05 5.725e-05 6.335e-05 4.515e-05 4.54e-05 3.92e-05 4.68e-05 5.92e-05 4.565e-05 0.0001693 3.48e-05 0.0001773 2.77e-05 4.515e-05 0.00016525 4.5e-05 5.84e-05 2.93e-05 4.725e-05 3.16e-05 4.645e-05 0.0001649 0.00017395 4.29e-05 0.0001668 5.69e-05 5.725e-05 4.67e-05 0.0001668
29 0.0001848 0.00019025 0.00020205 0.00017615 0.0001934 0.00018575 0.0001761 0.00018485 0.00019055 0.0002056 0.00020215 0.0001849 0.0001781 0.0001894 0.00020645 0.00019305 0.00019045 0.0002018 0.0001891 0.00020275 0.00018585 0.000202 0.0001847 0.00018975 0.0002056 0.0001853 0.00020655 0.0001909 0.0001843 0.0003348 0.000203 0.00018855 0.00020245 0.00019005 0.00019155 0.0002022 0.0001927 0.00017815 0.0002021 0.00017725 0.00020225 0.00018945 0.0002029 0.00020225 0.00020225 0.0001893 0.00018915 0.0001934 0.0001901 0.0002028 0.0002026 0.00018765 0.00019 0.00019725 0.00020185 0.0001811 0.00020075 0.0001894 0.0002025 0.00018545 0.00020265 0.00018475 0.00020285 0.00018005 0.00018845 0.00019335 0.0002023 0.0002026 0.00020255 0.0001899 0.00020255 0.00019365 0.00020275 0.00020205 0.00018915 0.00019285 0.00020305 0.0002059 0.00020225 0.00018825 0.00018935 0.0001765 0.00018585 0.00020195 0.00018495 0.0002016 0.00019415 0.00018625 0.0001807 0.0001868 0.0002026 0.00018475 0.00017315 0.00019265 0.00018575 0.00019325 0.0001933 0.0002025 0.0001858
30 0.00015765 6.02e-05 1.995e-05 0.000202 6.44e-05 0.00015785 8.58e-05 0.00015755 5.5e-05 2.445e-05 2e-05 0.00015835 8.445e-05 5.325e-05 2.44e-05 5.69e-05 6.035e-05 2.06e-05 5.285e-05 2.015e-05 0.000158 1.985e-05 0.00015765 5.425e-05 2.42e-05 0.00015795 2.45e-05 6.035e-05 6.355e-05 0.000203 3.9e-05 0.00016865 2.035e-05 5.385e-05 5.09e-05 2.025e-05 4.75e-05 9.395e-05 2e-05 8.67e-05 2.03e-05 5.33e-05 2.005e-05 2.01e-05 1.985e-05 5.315e-05 5.37e-05 6.44e-05 5.375e-05 1.98e-05 2.005e-05 0.0001402 5.34e-05 3.07e-05 1.975e-05 9.8e-05 3.455e-05 5.325e-05 2.04e-05 7.075e-05 2.01e-05 0.0001577 2e-05 0.0001682 0.0001619 4.77e-05 2.02e-05 2.095e-05 2e-05 6.165e-05 2e-05 6.465e-05 1.965e-05 1.995e-05 6.27e-05 5.77e-05 2.05e-05 2.355e-05 2.01e-05 0.0001622 5.32e-05 0.00020215 6.105e-05 1.985e-05 0.0001575 2.035e-05 6.47e-05 6.08e-05 9.76e-05 6.13e-05 2.005e-05 0.0001577 0.0001905 4.745e-05 0.00015785 6.43e-05 6.52e-05 2.085e-05 0.0001579
31 0.00015955 0.0001871 0.0001596 0.00017985 0.00018015 0.00016115 0.00019935 0.00016015 0.0001817 0.0001612 0.00016025 0.0001607 0.0001988 0.00018005 0.0001619 0.0001812 0.00018715 0.00016035 0.00017925 0.0001615 0.0001686 0.0001595 0.0001597 0.00018055 0.00016055 0.00016005 0.0001619 0.0001882 0.00018545 0.00018855 0.00016865 0.0003183 0.00016 0.0001803 0.0001807 0.00016015 0.0001769 0.00020755 0.00015965 0.00020115 0.0001602 0.0001801 0.000161 0.00016035 0.00015975 0.00017995 0.00018035 0.0001801 0.0001813 0.0001685 0.00016075 0.00018145 0.00018125 0.0001657 0.0001594 0.00020055 0.000166 0.00018005 0.00016005 0.00019265 0.00016085 0.00015975 0.00016095 0.0001651 0.00016065 0.0001782 0.00015985 0.00016175 0.00016075 0.00018825 0.0001607 0.0001804 0.00016845 0.0001596 0.00018205 0.00018095 0.0001612 0.0001607 0.00016035 0.0001607 0.00018 0.0001805 0.00018485 0.0001597 0.00015975 0.0001601 0.00018145 0.0001847 0.00020075 0.00018485 0.0001608 0.00015975 0.0001884 0.00017685 0.0001612 0.00018015 0.00018105 0.0001617 0.0001611
32 0.0001395 5.925e-05 1.3e-06 0.0001937 5.585e-05 0.0001417 6.79e-05 0.0001402 3.865e-05 7.4e-06 2.1e-06 0.00014115 6.715e-05 3.52e-05 8.45e-06 4.03e-05 5.885e-05 2.55e-06 3.435e-05 3.9e-06 0.00015805 9.5e-07 0.0001394 3.7e-05 6.75e-06 0.0001396 8.35e-06 6.095e-05 4.555e-05 0.00020245 2.035e-05 0.00016 1.7e-06 3.62e-05 3.56e-05 1.65e-06 2.98e-05 9.385e-05 1.05e-06 7.005e-05 1.55e-06 3.52e-05 3.4e-06 2.15e-06 1.5e-06 3.505e-05 3.605e-05 5.59e-05 3.67e-05 2.01e-05 2.95e-06 0.00012415 3.695e-05 1.23e-05 1.05e-06 9.05e-05 1.675e-05 3.52e-05 9e-07 6.97e-05 3.2e-06 0.00013925 3.35e-06 0.0001498 0.0001445 3.185e-05 1.05e-06 4.65e-06 3.1e-06 6.125e-05 3.05e-06 5.57e-05 2.005e-05 1.2e-06 4.605e-05 4.055e-05 3.15e-06 1.595e-05 2.2e-06 0.0001449 3.51e-05 0.00019445 4.4e-05 1.5e-06 0.0001396 2.4e-06 5.78e-05 4.45e-05 9.005e-05 4.54e-05 3.05e-06 0.00013945 0.00019125 2.975e-05 0.0001418 5.595e-05 5.735e-05 4.65e-06 0.00014165
33 0.0001607 5.995e-05 3.58e-05 0.00018045 5.585e-05 0.0001619 3.73e-05 0.0001612 3.82e-05 4.07e-05 3.625e-05 0.0001618 3.57e-05 3.695e-05 4.08e-05 4.11e-05 6.01e-05 3.65e-05 3.65e-05 3.71e-05 0.0001786 3.575e-05 0.00016065 3.61e-05 4.03e-05 0.000161 4.105e-05 6.075e-05 3.725e-05 0.00019005 5.385e-05 0.0001803 3.62e-05 7.07e-05 3.78e-05 3.625e-05 3.555e-05 5.975e-05 3.585e-05 3.77e-05 3.63e-05 3.7e-05 3.685e-05 3.635e-05 3.6e-05 3.685e-05 3.735e-05 5.585e-05 3.705e-05 5.365e-05 3.66e-05 0.00011985 3.78e-05 3.67e-05 3.56e-05 5.55e-05 4.045e-05 3.695e-05 3.625e-05 6.05e-05 3.665e-05 0.0001607 3.68e-05 0.00016105 0.00016495 3.645e-05 3.605e-05 3.75e-05 3.655e-05 6.06e-05 3.64e-05 5.61e-05 5.36e-05 3.58e-05 4.62e-05 4.135e-05 3.705e-05 4.945e-05 3.635e-05 0.00016515 3.69e-05 0.00018115 3.725e-05 3.565e-05 0.0001609 3.63e-05 5.685e-05 3.795e-05 5.725e-05 3.665e-05 3.66e-05 0.0001607 0.00017845 3.55e-05 0.00016195 5.575e-05 5.67e-05 3.745e-05 0.00016195
34 0.00016075 6.1e-05 3.52e-05 0.0001835 5.79e-05 0.0001599 3.92e-05 0.00016095 3.75e-05 3.825e-05 3.47e-05 0.00016135 4.03e-05 3.735e-05 3.685e-05 3.985e-05 6.13e-05 3.51e-05 3.74e-05 3.325e-05 0.0001768 3.515e-05 0.0001607 3.775e-05 3.875e-05 0.00016115 3.72e-05 5.96e-05 3.955e-05 0.00019155 5.09e-05 0.0001807 3.56e-05 3.78e-05 6.23e-05 3.525e-05 3.53e-05 6.36e-05 3.525e-05 3.905e-05 3.53e-05 3.74e-05 3.39e-05 3.48e-05 3.54e-05 3.73e-05 3.725e-05 5.79e-05 3.7e-05 5.07e-05 3.38e-05 0.00012085 3.6e-05 3.77e-05 3.5e-05 6.02e-05 4.095e-05 3.725e-05 3.565e-05 6.37e-05 3.315e-05 0.00016075 3.385e-05 0.00016345 0.0001641 3.34e-05 3.545e-05 3.375e-05 3.305e-05 6.185e-05 3.355e-05 5.815e-05 5.065e-05 3.52e-05 4.57e-05 4.07e-05 3.425e-05 4.625e-05 3.48e-05 0.00016425 3.72e-05 0.00018415 3.56e-05 3.49e-05 0.00016125 3.49e-05 5.67e-05 3.81e-05 6.03e-05 3.855e-05 3.31e-05 0.00016075 0.00017965 3.525e-05 0.0001594 5.765e-05 5.795e-05 3.315e-05 0.00016005
35 0.0001394 5.93e-05 1.5e-06 0.0001937 5.585e-05 0.0001416 6.785e-05 0.0001401 3.86e-05 7.25e-06 2.05e-06 0.0001409 6.71e-05 3.515e-05 8.3e-06 3.995e-05 5.93e-05 2.25e-06 3.455e-05 3.5e-06 0.00015725 1.2e-06 0.00013925 3.705e-05 6.9e-06 0.00013905 8.3e-06 6.07e-05 4.55e-05 0.0002022 2.025e-05 0.00016015 1.65e-06 3.625e-05 3.525e-05 1.7e-06 2.98e-05 9.375e-05 9e-07 6.98e-05 1e-06 3.51e-05 3.3e-06 2.05e-06 1.7e-06 3.5e-05 3.6e-05 5.595e-05 3.59e-05 1.995e-05 2.8e-06 0.0001239 3.66e-05 1.175e-05 1.2e-06 9.04e-05 1.7e-05 3.515e-05 1.95e-06 6.975e-05 3.05e-06 0.00013915 3.25e-06 0.00014995 0.00014445 3.16e-05 1.65e-06 4.1e-06 2.95e-06 6.085e-05 2.95e-06 5.62e-05 1.99e-05 1.3e-06 4.605e-05 4.045e-05 3.35e-06 1.585e-05 2.15e-06 0.00014475 3.5e-05 0.0001945 4.395e-05 1.7e-06 0.00013975 2.3e-06 5.755e-05 4.415e-05 8.985e-05 4.515e-05 2.85e-06 0.0001393 0.0001912 2.975e-05 0.0001417 5.6e-05 5.695e-05 4.1e-06 0.00014155
36 0.0001573 5.885e-05 2.945e-05 0.0001832 5.56e-05 0.0001585 4.295e-05 0.0001578 3.805e-05 3.445e-05 2.99e-05 0.00015855 4.18e-05 3.66e-05 3.455e-05 4.08e-05 5.9e-05 3.025e-05 3.615e-05 3.07e-05 0.00017515 2.935e-05 0.0001571 3.62e-05 3.41e-05 0.00015755 3.475e-05 5.965e-05 4.295e-05 0.0001927 4.75e-05 0.0001769 2.98e-05 3.555e-05 3.53e-05 2.98e-05 5.8e-05 6.495e-05 2.94e-05 4.35e-05 2.985e-05 3.66e-05 3.05e-05 2.995e-05 2.965e-05 3.65e-05 3.715e-05 5.565e-05 3.68e-05 4.72e-05 3.015e-05 0.0001227 3.745e-05 3.635e-05 2.92e-05 6.16e-05 4.02e-05 3.66e-05 2.99e-05 6.545e-05 3.025e-05 0.00015725 3.045e-05 0.0001637 0.0001616 3.01e-05 2.965e-05 3.13e-05 3.01e-05 6.055e-05 3.015e-05 5.59e-05 4.71e-05 2.935e-05 4.605e-05 4.115e-05 3.07e-05 4.31e-05 3e-05 0.0001619 3.65e-05 0.0001839 4.08e-05 2.945e-05 0.0001574 3.01e-05 5.665e-05 4.375e-05 6.305e-05 4.275e-05 3.02e-05 0.00015725 0.00018135 2.905e-05 0.00015855 5.555e-05 5.665e-05 3.125e-05 0.00015855
37 0.0002054 5.945e-05 9.345e-05 0.000175 6.325e-05 0.00020545 3.135e-05 0.00020535 6.185e-05 9.7e-05 9.355e-05 0.00020565 2.97e-05 6.26e-05 9.645e-05 6.575e-05 5.975e-05 9.36e-05 6.255e-05 9.355e-05 0.000206 9.34e-05 0.00020535 5.97e-05 9.695e-05 0.0002058 9.69e-05 5.955e-05 5.365e-05 0.00017815 9.395e-05 0.00020755 9.385e-05 5.975e-05 6.36e-05 9.375e-05 6.495e-05 5.14e-05 9.35e-05 3.035e-05 9.38e-05 6.265e-05 9.365e-05 9.365e-05 9.365e-05 6.255e-05 6.26e-05 6.325e-05 6.155e-05 9.375e-05 9.35e-05 0.0001405 6.27e-05 8.495e-05 9.325e-05 2.925e-05 8.79e-05 6.26e-05 9.39e-05 5.09e-05 9.34e-05 0.0002054 9.36e-05 0.0001966 0.0002087 6.495e-05 9.37e-05 9.375e-05 9.33e-05 6.02e-05 9.33e-05 6.35e-05 9.37e-05 9.345e-05 7.015e-05 6.6e-05 9.395e-05 9.665e-05 9.365e-05 0.00020885 6.255e-05 0.0001753 5.47e-05 9.325e-05 0.0002053 9.34e-05 6.35e-05 5.64e-05 3.24e-05 5.34e-05 9.335e-05 0.0002054 0.0001733 6.49e-05 0.00020545 6.3e-05 6.355e-05 9.365e-05 0.0002056
38 0.00013915 5.89e-05 9.5e-07 0.00019335 5.545e-05 0.00014135 6.755e-05 0.00013985 3.83e-05 6.95e-06 1.75e-06 0.0001408 6.68e-05 3.485e-05 8.1e-06 3.995e-05 5.89e-05 2.15e-06 3.4e-05 3.45e-06 0.00015755 6e-07 0.000139 3.665e-05 6.4e-06 0.0001391 8.1e-06 6.06e-05 4.52e-05 0.0002021 2e-05 0.00015965 1.05e-06 3.585e-05 3.525e-05 9e-07 2.94e-05 9.35e-05 4e-07 6.97e-05 1.05e-06 3.48e-05 3.05e-06 1.75e-06 1.15e-06 3.47e-05 3.57e-05 5.555e-05 3.62e-05 1.97e-05 2.55e-06 0.0001238 3.66e-05 1.18e-05 6.5e-07 9.015e-05 1.65e-05 3.485e-05 1.4e-06 6.935e-05 2.8e-06 0.00013885 3e-06 0.00014945 0.00014425 3.15e-05 1.1e-06 4.3e-06 2.7e-06 6.09e-05 2.7e-06 5.58e-05 1.965e-05 7.5e-07 4.57e-05 4.02e-05 3.1e-06 1.56e-05 1.85e-06 0.00014455 3.47e-05 0.0001941 4.365e-05 1.15e-06 0.0001392 2.05e-06 5.745e-05 4.415e-05 8.97e-05 4.505e-05 2.55e-06 0.00013905 0.0001909 2.935e-05 0.00014145 5.56e-05 5.7e-05 4.3e-06 0.0001413
