 slim_337506193 slim_337506185 slim_337506227 slim_337506154 slim_337506231 slim_337506149 slim_337506105 slim_337505964 slim_337506208 slim_337506240 slim_337505441 slim_337506147 slim_337505796 slim_337506164 slim_337505992 slim_337506066 slim_337506171 slim_337506204 slim_337506233 slim_337506129 slim_337506248 slim_337506117 slim_337505985 slim_337506160 slim_337506234 slim_337505959 slim_337505851 slim_337506150 slim_337506136 slim_337506221 slim_337506229 slim_337506226 slim_337506039 slim_337506087 slim_337506238 slim_337506207 slim_337506068 slim_337506085 slim_337506052 slim_337506167 slim_337506145 slim_337505973 slim_337506237 slim_337506222 slim_337506210 slim_337506163 slim_337506153 slim_337506108 slim_337506083 slim_337506200 slim_337506228 slim_337505972 slim_337506225 slim_337506191 slim_337506094 slim_337506211 slim_337506141 slim_337505993 slim_337506199 slim_337506245 slim_337506249 slim_337506197 slim_337506130 slim_337506134 slim_337506218 slim_337506096 slim_337506236 slim_337506206 slim_337506239 slim_337505954 slim_337506106 slim_337506223 slim_337506084 slim_337506065 slim_337506131 slim_337506243 slim_337506177 slim_337506102 slim_337506170 slim_337506216 slim_337506162 slim_337506250 slim_337506116 slim_337506242 slim_337506230 slim_337506219 slim_337506205 slim_337506247 slim_337505939 slim_337506168 slim_337506220 slim_337506241 slim_337505946 slim_337506015 slim_337506115 slim_337506054 slim_337506180 slim_337506137 slim_337506198 slim_337506194
0 0.0001076 5.505e-05 0.00022725 5.61e-05 0.00010205 8.555e-05 8.575e-05 7.805e-05 6.04e-05 5.6e-05 8.135e-05 0.0002486 0.0001475 0.0001681 5.86e-05 5.57e-05 0.00017135 0.00022355 8.145e-05 0.00017185 0.00022975 0.00014525 5.835e-05 0.00017515 0.00013795 8.19e-05 5.57e-05 0.0001412 0.0002578 6.14e-05 7.85e-05 0.00023025 0.0001632 0.0002343 0.0001446 5.86e-05 7.88e-05 0.00013975 0.00017645 5.57e-05 6.085e-05 5.825e-05 8.58e-05 0.00014455 5.62e-05 0.00010485 0.0001627 8.605e-05 0.0001617 8.535e-05 0.0002561 0.00022955 0.0001533 0.00014085 0.00028065 5.57e-05 0.0001657 0.00015335 5.945e-05 0.0001718 5.59e-05 0.0001413 6.06e-05 0.0001686 5.575e-05 0.00013985 0.0001759 0.0002454 0.000199 7.9e-05 0.0001414 5.58e-05 5.815e-05 0.0001417 5.575e-05 0.00016915 0.00017175 0.00010195 0.00014465 0.0001685 8.62e-05 0.0001675 8.63e-05 0.0001416 5.585e-05 0.0001687 0.00014325 5.885e-05 0.00023965 5.815e-05 0.00014255 0.00023535 0.000163 6.155e-05 0.00016295 0.00016355 5.635e-05 5.645e-05 5.9e-05 5.39e-05
1 5.505e-05 8.88e-05 0.00021795 4.59e-05 9.185e-05 8.64e-05 7.56e-05 7.855e-05 5.13e-05 4.6e-05 7.105e-05 0.0002401 0.00013765 0.0001584 4.91e-05 5.53e-05 0.00017165 0.0002149 7.115e-05 0.00016195 0.0002212 0.000135 4.885e-05 0.00016595 0.0001395 7.16e-05 5.265e-05 0.00013195 0.00024885 5.095e-05 7.87e-05 0.00022095 0.00015315 0.0002251 0.0001453 5.725e-05 6.945e-05 0.0001409 0.0001666 5.515e-05 6.065e-05 5.83e-05 8.65e-05 0.0001454 4.63e-05 9.48e-05 0.0001537 7.57e-05 0.00015255 8.635e-05 0.0002476 0.0002206 0.0001531 0.0001309 0.0002717 4.705e-05 0.00015625 0.0001434 4.99e-05 0.00016185 4.86e-05 0.00013205 5.155e-05 0.0001584 5.135e-05 0.0001374 0.0001674 0.000236 0.0001897 6.815e-05 0.0001321 5.685e-05 5.825e-05 0.0001326 5.53e-05 0.0001602 0.00016185 9.175e-05 0.00014535 0.000161 7.735e-05 0.00015835 7.605e-05 0.00013235 5.165e-05 0.0001584 0.0001344 4.81e-05 0.00023035 5.45e-05 0.00014365 0.0002267 0.0001545 5.13e-05 0.0001544 0.0001535 4.485e-05 4.495e-05 4.81e-05 4.445e-05
2 0.00022725 0.00021795 4.54e-05 0.0001997 0.00026695 0.0002578 0.00022595 0.0002535 0.0001763 0.00019955 0.0002462 5.275e-05 0.00012435 0.00014485 0.0002018 0.00023085 0.0001827 2.485e-05 0.0002463 0.00017355 3.475e-05 0.00012245 0.0002016 0.0001494 0.00013325 0.00024675 0.00020565 0.0001259 7.945e-05 0.0002259 0.0002536 2.335e-05 0.000148 2.305e-05 0.0001317 0.0002328 0.00022235 0.00013215 0.00017835 0.0002308 0.000235 0.000233 0.000258 0.0001315 0.00019975 0.0002668 0.00011045 0.00024835 0.00014675 0.0002579 5.825e-05 3.045e-05 0.00016435 0.00012315 9.985e-05 0.0001777 0.00015015 0.00015505 0.0002027 0.0001735 0.00020175 0.000126 0.000188 0.000151 0.00022735 0.0001399 0.00015695 8.475e-05 0.00019805 0.0002442 0.0001261 0.00020925 0.0002329 0.00012645 0.00023085 0.00014955 0.00017345 0.00026685 0.0001317 0.0001532 0.00022685 0.00014755 0.0002486 0.0001263 0.00022745 0.0001511 0.00011215 0.000224 5.415e-05 0.0002297 0.0001455 5.51e-05 0.00012615 0.0002261 0.00012615 0.0001404 0.00022155 0.00022165 0.00022385 0.0002142
3 5.61e-05 4.59e-05 0.0001997 4.96e-05 7.255e-05 6.6e-05 5.505e-05 5.88e-05 3.06e-05 2.495e-05 5.165e-05 0.00021945 0.00011835 0.0001395 2.795e-05 3.53e-05 0.00017185 0.0001948 5.175e-05 0.0001622 0.00020185 0.0001158 2.8e-05 0.00014635 0.0001185 5.22e-05 3.11e-05 0.0001113 0.0002493 3.115e-05 5.9e-05 0.00020215 0.00013315 0.0002063 0.0001257 3.77e-05 4.865e-05 0.00012085 0.00016735 3.515e-05 4.08e-05 3.82e-05 6.61e-05 0.0001258 2.52e-05 7.47e-05 0.00015475 5.57e-05 0.0001323 6.59e-05 0.00022745 0.0002011 0.000154 0.0001111 0.0002718 2.485e-05 0.00013615 0.00014415 2.88e-05 0.0001621 2.765e-05 0.0001114 3.045e-05 0.0001387 3.12e-05 0.00011715 0.0001656 0.00025745 0.00018975 4.885e-05 0.00011145 3.54e-05 3.815e-05 0.00011195 3.53e-05 0.0001591 0.0001621 7.245e-05 0.00012575 0.00014145 5.59e-05 0.00015975 5.605e-05 0.0001117 3.15e-05 0.0001387 0.0001138 2.875e-05 0.00023175 3.46e-05 0.0001238 0.0002269 0.000133 3.15e-05 0.00013325 0.0001342 2.525e-05 2.535e-05 2.84e-05 6.69e-05
4 0.00010205 9.185e-05 0.00026695 7.255e-05 1.6e-06 8.62e-05 9.8e-05 3.535e-05 9.945e-05 7.24e-05 2.265e-05 0.0002423 0.0001585 0.00013695 7.01e-05 5.98e-05 0.000178 0.00026325 2.27e-05 0.00016785 0.00025905 0.00016115 6.99e-05 0.0001876 0.000166 2.32e-05 7.91e-05 0.0001532 0.0003138 4.48e-05 3.55e-05 0.0002689 0.0001759 0.0002729 0.00017135 5.685e-05 4.815e-05 0.0001677 0.0001609 5.975e-05 5.49e-05 5.74e-05 8.64e-05 0.00017135 7.26e-05 5.87e-05 0.0002191 7.58e-05 0.0001316 8.625e-05 0.0002884 0.0002651 0.00019485 0.0001578 0.00030105 9.54e-05 0.0001735 0.00018495 7.12e-05 0.0001678 7.5e-05 0.0001533 8.8e-05 0.0001386 5.595e-05 0.0001536 0.0002315 0.00032525 0.00019655 2.52e-05 0.0001534 8.305e-05 5.73e-05 0.00015395 5.98e-05 0.00019325 0.00016775 8.5e-07 0.0001714 0.0001412 9.915e-05 0.00018105 7.605e-05 0.0001536 5.605e-05 0.0001387 0.00017115 4.695e-05 0.0002989 5.325e-05 0.00015505 0.0002957 0.0001989 4.52e-05 0.0001989 0.00014355 4.955e-05 4.965e-05 4.73e-05 0.00013425
5 8.555e-05 8.64e-05 0.0002578 6.6e-05 8.62e-05 8.32e-05 6.57e-05 6.415e-05 8.97e-05 6.585e-05 6.74e-05 0.0002753 0.0001547 0.00017375 6.83e-05 4.295e-05 0.00020125 0.0002564 6.75e-05 0.0002018 0.00024885 0.0001526 6.815e-05 0.0001513 0.00014795 6.795e-05 6.54e-05 0.00015115 0.00028605 4.9e-05 6.46e-05 0.00026025 0.00014875 0.0002611 0.00015185 4.65e-05 8.695e-05 0.0001502 0.00020495 4.35e-05 4.84e-05 4.59e-05 4.255e-05 0.00015125 6.605e-05 6.155e-05 0.00021015 4.28e-05 0.0001701 4.195e-05 0.00025245 0.0002564 0.0001839 0.00015125 0.0003029 8.765e-05 0.0001511 0.0001838 6.875e-05 0.00020175 6.585e-05 0.00015125 7.82e-05 0.0001731 4.35e-05 0.0001395 0.0002031 0.0003189 0.000198 6.52e-05 0.00015135 6.555e-05 4.58e-05 0.00015125 4.355e-05 0.0002212 0.0002017 8.61e-05 0.0001519 0.0001731 6.5e-05 0.0002154 4.3e-05 0.00015155 4.36e-05 0.0001732 0.0001611 4.7e-05 0.0002899 4.615e-05 0.00014215 0.00028795 0.0001705 4.875e-05 0.00017055 0.00017075 4.425e-05 4.435e-05 4.675e-05 0.00012845
6 8.575e-05 7.56e-05 0.00022595 5.505e-05 9.8e-05 6.57e-05 0.0001085 8.645e-05 5.74e-05 5.485e-05 7.92e-05 0.00024385 0.0001447 0.00016375 5.8e-05 6.495e-05 0.0002015 0.0002247 7.93e-05 0.00019185 0.00022835 0.000142 5.775e-05 0.0001427 0.00014865 7.975e-05 6.135e-05 0.00014135 0.00025455 6.08e-05 8.67e-05 0.0002285 0.0001384 0.00022935 0.0001522 6.73e-05 7.665e-05 0.00015085 0.0001949 6.49e-05 7.045e-05 6.8e-05 6.585e-05 0.0001522 5.515e-05 7.425e-05 0.00017865 5.52e-05 0.00016025 6.565e-05 0.0002215 0.0002251 0.00018355 0.00014085 0.0002715 5.52e-05 0.0001415 0.0001737 5.885e-05 0.00019175 5.77e-05 0.00014145 5.72e-05 0.00016255 6.1e-05 0.0001472 0.0001714 0.0002869 0.0001894 7.625e-05 0.0001415 6.56e-05 6.795e-05 0.000142 6.48e-05 0.00018915 0.00019175 9.79e-05 0.00015225 0.0001654 5.59e-05 0.00018365 5.555e-05 0.00014175 6.12e-05 0.00016265 0.00014055 5.815e-05 0.000258 6.435e-05 0.00015365 0.0002567 0.0001388 6.115e-05 0.0001387 0.0001605 5.47e-05 5.48e-05 5.79e-05 9.635e-05
7 7.805e-05 7.855e-05 0.0002535 5.88e-05 3.535e-05 6.415e-05 8.645e-05 6.98e-05 8.57e-05 5.87e-05 3.57e-05 0.00025105 0.00014795 0.00014745 5.885e-05 3.62e-05 0.0001743 0.00024915 3.575e-05 0.00017455 0.00024485 0.00014815 5.86e-05 0.00017615 0.00014105 3.625e-05 5.87e-05 0.00014175 0.00030165 3.68e-05 3.565e-05 0.00025575 0.0001642 0.0002598 0.0001479 3.67e-05 5.795e-05 0.00014335 0.00017345 3.64e-05 3.65e-05 3.65e-05 6.46e-05 0.00014765 5.89e-05 6.53e-05 0.0002069 6.445e-05 0.0001412 6.39e-05 0.0002778 0.00025315 0.00017425 0.00014405 0.0003065 8.08e-05 0.00016425 0.00017405 5.98e-05 0.0001745 5.875e-05 0.00014185 7.44e-05 0.00014835 3.635e-05 0.00013265 0.000219 0.0003114 0.00020235 3.58e-05 0.00014195 5.89e-05 3.64e-05 0.00014235 3.645e-05 0.0001967 0.00017445 3.53e-05 0.00014795 0.0001484 8.7e-05 0.00019045 6.47e-05 0.00014215 3.645e-05 0.00014845 0.00015735 3.66e-05 0.0002854 3.62e-05 0.00013285 0.0002811 0.0001864 3.705e-05 0.00018635 0.0001485 3.665e-05 3.675e-05 3.685e-05 0.0001206
8 6.04e-05 5.13e-05 0.0001763 3.06e-05 9.945e-05 8.97e-05 5.74e-05 8.57e-05 1.48e-05 3.05e-05 7.87e-05 0.00020095 0.00011755 0.00013875 3.28e-05 6.295e-05 0.00017555 0.00017565 7.88e-05 0.00016635 0.0001889 0.00011565 3.295e-05 0.0001424 0.00012285 7.925e-05 3.605e-05 0.0001158 0.00023115 5.825e-05 8.59e-05 0.00017775 0.0001384 0.0001777 0.00012475 6.535e-05 5.345e-05 0.0001248 0.0001715 6.29e-05 6.745e-05 6.515e-05 8.99e-05 0.00012485 3.07e-05 9.87e-05 0.00013675 8.035e-05 0.00013675 8.97e-05 0.00020625 0.00018215 0.0001582 0.0001158 0.00025015 7.7e-06 0.00014065 0.0001486 3.36e-05 0.00016625 3.31e-05 0.0001159 1.925e-05 0.0001435 5.915e-05 0.00013215 0.00014775 0.0002393 0.00019075 7.655e-05 0.00011595 4.01e-05 6.51e-05 0.00011635 6.295e-05 0.000141 0.00016625 9.935e-05 0.0001248 0.00014615 5.76e-05 0.0001412 8.065e-05 0.0001162 5.93e-05 0.0001436 0.00010225 5.645e-05 0.00020845 6.17e-05 0.0001383 0.0002084 0.00011525 5.85e-05 0.0001156 0.00013355 5.38e-05 5.39e-05 5.615e-05 4.875e-05
9 5.6e-05 4.6e-05 0.00019955 2.495e-05 7.24e-05 6.585e-05 5.485e-05 5.87e-05 3.05e-05 4.93e-05 5.16e-05 0.0002193 0.0001183 0.00013935 2.79e-05 3.52e-05 0.0001719 0.0001946 5.17e-05 0.00016225 0.0002018 0.0001156 2.79e-05 0.0001462 0.0001184 5.215e-05 3.11e-05 0.00011125 0.00024915 3.12e-05 5.895e-05 0.0002021 0.000133 0.00020615 0.00012565 3.77e-05 4.855e-05 0.00012085 0.0001673 3.515e-05 4.085e-05 3.825e-05 6.605e-05 0.00012565 2.505e-05 7.46e-05 0.0001547 5.55e-05 0.00013215 6.58e-05 0.0002274 0.00020115 0.00015395 0.00011085 0.00027175 2.485e-05 0.0001361 0.0001441 2.875e-05 0.00016215 2.76e-05 0.00011135 3.03e-05 0.0001385 3.125e-05 0.0001173 0.0001655 0.0002573 0.0001897 4.865e-05 0.0001114 3.535e-05 3.82e-05 0.0001119 3.52e-05 0.000159 0.00016215 7.23e-05 0.0001257 0.00014135 5.57e-05 0.0001596 5.585e-05 0.00011165 3.145e-05 0.0001386 0.00011365 2.855e-05 0.0002316 3.46e-05 0.0001239 0.0002268 0.0001329 3.155e-05 0.00013305 0.0001341 2.51e-05 2.52e-05 2.83e-05 6.675e-05
10 8.135e-05 7.105e-05 0.0002462 5.165e-05 2.265e-05 6.74e-05 7.92e-05 3.57e-05 7.87e-05 5.16e-05 4.44e-05 0.0002422 0.00013725 0.00013735 4.88e-05 3.9e-05 0.0001714 0.00024245 2.255e-05 0.00016125 0.00023815 0.0001404 4.86e-05 0.00016885 0.0001452 2.3e-05 5.82e-05 0.0001319 0.000295 2.275e-05 3.555e-05 0.00024795 0.0001571 0.0002522 0.0001503 3.555e-05 4.85e-05 0.0001466 0.00016065 3.865e-05 3.31e-05 3.58e-05 6.73e-05 0.0001506 5.18e-05 5.515e-05 0.0002002 5.7e-05 0.0001319 6.745e-05 0.00027145 0.00024595 0.00017355 0.000137 0.00029695 7.45e-05 0.0001542 0.00016365 4.995e-05 0.0001612 5.42e-05 0.000132 6.725e-05 0.0001385 3.505e-05 0.0001326 0.0002127 0.00030445 0.00019245 2.55e-05 0.0001321 6.195e-05 3.57e-05 0.0001327 3.87e-05 0.00018715 0.0001609 2.255e-05 0.00015035 0.0001411 8.035e-05 0.00018105 5.725e-05 0.00013205 3.515e-05 0.0001386 0.0001504 2.62e-05 0.00027815 3.24e-05 0.00013365 0.0002746 0.0001801 2.345e-05 0.0001801 0.00013805 2.875e-05 2.885e-05 2.6e-05 0.0001136
11 0.0002486 0.0002401 5.275e-05 0.00021945 0.0002423 0.0002753 0.00024385 0.00025105 0.00020095 0.0002193 0.0002422 5.77e-05 0.00015745 0.00015775 0.0002192 0.0002515 0.00018225 4.695e-05 0.0002423 0.00017345 7.965e-05 0.0001579 0.0002193 0.00018175 0.0001445 0.00024275 0.0002246 0.0001356 8.58e-05 0.00024255 0.00025115 6.91e-05 0.00015515 7.305e-05 0.00016635 0.0002518 0.0002191 0.00016195 0.0001731 0.00025135 0.0002513 0.0002512 0.0002754 0.00016645 0.0002195 0.0002672 0.0001224 0.00026655 0.0001358 0.0002753 5.71e-05 4.8e-05 0.00018255 0.00015365 9.37e-05 0.0001962 0.00015495 0.00017325 0.00022 0.0001734 0.0002215 0.00013565 0.0002122 0.0001526 0.0002479 0.00016945 0.000168 0.00010425 0.00019735 0.00024255 0.0001358 0.0002282 0.0002511 0.00013605 0.0002514 0.0001502 0.00017335 0.0002422 0.0001664 0.0001548 0.00024345 0.00014995 0.0002668 0.000136 0.000248 0.0001527 0.00012865 0.00024315 8.855e-05 0.00024805 0.00017315 8.395e-05 0.0001317 0.00024265 0.000132 0.00015805 0.0002429 0.000243 0.00024285 0.00023725
12 0.0001475 0.00013765 0.00012435 0.00011835 0.0001585 0.0001547 0.0001447 0.00014795 0.00011755 0.0001183 0.00013725 0.00015745 0.0002311 0.00013755 0.0001174 0.00012765 0.0001775 0.00012485 0.00013735 0.0001679 0.00011745 0.00011695 0.00011745 0.00014395 0.0001355 0.0001378 0.00012455 0.00012475 0.00018595 0.00011615 0.00014775 0.00011615 0.00014985 0.00011625 0.00012625 0.00012645 0.00013875 0.0001272 0.0001735 0.0001273 0.0001259 0.00012635 0.0001546 0.00012675 0.0001185 0.0001605 0.000151 0.0001448 0.0001462 0.0001548 0.0001637 0.00013035 0.00016265 0.00011805 0.000201 0.0001188 0.00014905 0.0001529 0.0001186 0.00016765 0.00012075 0.00012485 0.000118 0.00014325 0.0001239 0.00012415 0.00017955 0.00019015 0.00019565 0.0001382 0.0001247 0.00012815 0.00012645 0.00012545 0.00012735 0.00016925 0.0001678 0.0001584 0.0001263 0.0001457 0.0001457 0.00016325 0.00014505 0.00012515 0.000124 0.00014335 0.0001252 0.0001179 0.00015315 0.0001238 0.00012705 0.0001538 0.0001504 0.0001167 0.00015045 0.00013225 0.0001179 0.000118 0.00011705 0.0001575
13 0.0001681 0.0001584 0.00014485 0.0001395 0.00013695 0.00017375 0.00016375 0.00014745 0.00013875 0.00013935 0.00013735 0.00015775 0.00013755 0.0002732 0.00013915 0.0001487 0.0001844 0.0001459 0.0001374 0.00017475 0.0001382 0.0001381 0.00013895 0.00016315 0.0001565 0.0001379 0.0001457 0.0001463 0.0002049 0.0001384 0.0001476 0.00013725 0.0001689 0.00013695 0.0001478 0.00014805 0.0001383 0.0001485 0.0001737 0.00014865 0.000148 0.0001484 0.00017395 0.0001476 0.00013955 0.00016435 0.00016995 0.00016385 0.0001458 0.0001738 0.0001809 0.0001495 0.00018415 0.0001391 0.00020535 0.0001399 0.0001686 0.00017455 0.00014015 0.0001747 0.00014175 0.0001464 0.0001389 0.00014355 0.000145 0.00014535 0.0001986 0.00021085 0.0002 0.0001378 0.0001465 0.0001495 0.0001483 0.00014695 0.0001487 0.0001756 0.00017465 0.0001369 0.0001478 0.00014595 0.00016475 0.00016315 0.0001641 0.0001467 0.0001451 0.00014365 0.0001461 0.0001386 0.00017395 0.00014455 0.00014875 0.0001751 0.00016945 0.0001387 0.00016945 0.0001381 0.00013895 0.00013905 0.0001388 0.0001779
14 5.86e-05 4.91e-05 0.0002018 2.795e-05 7.01e-05 6.83e-05 5.8e-05 5.885e-05 3.28e-05 2.79e-05 4.88e-05 0.0002192 0.0001174 0.00013915 5.42e-05 3.835e-05 0.0001685 0.00019685 4.89e-05 0.0001589 0.0002038 0.00011835 2.76e-05 0.00014835 0.0001209 4.935e-05 3.37e-05 0.0001108 0.0002517 2.755e-05 5.875e-05 0.00020375 0.00013615 0.000208 0.0001275 3.775e-05 4.865e-05 0.00012305 0.0001645 3.8e-05 3.745e-05 3.72e-05 6.82e-05 0.0001278 2.81e-05 7.465e-05 0.00015715 5.865e-05 0.00013225 6.83e-05 0.0002297 0.00020295 0.0001534 0.00011405 0.0002713 2.735e-05 0.00013565 0.00014345 2.855e-05 0.00015845 3.055e-05 0.0001109 3.245e-05 0.0001391 3.435e-05 0.00011965 0.00016795 0.00026 0.00018925 4.945e-05 0.0001108 3.75e-05 3.745e-05 0.0001115 3.805e-05 0.0001586 0.0001588 7e-05 0.00012755 0.00014175 5.82e-05 0.0001596 5.89e-05 0.0001112 3.445e-05 0.0001392 0.0001158 2.915e-05 0.0002339 3.455e-05 0.00012335 0.00022915 0.00013535 2.825e-05 0.00013565 0.00013385 2.885e-05 2.895e-05 2.81e-05 6.945e-05
15 5.57e-05 5.53e-05 0.00023085 3.53e-05 5.98e-05 4.295e-05 6.495e-05 3.62e-05 6.295e-05 3.52e-05 3.9e-05 0.0002515 0.00012765 0.0001487 3.835e-05 2.41e-05 0.00017135 0.0002266 3.91e-05 0.0001716 0.00022235 0.00012495 3.81e-05 0.0001556 0.00011855 3.955e-05 3.585e-05 0.0001213 0.0002808 1.86e-05 3.66e-05 0.0002334 0.00014265 0.00023745 0.00012525 1.54e-05 5.9e-05 0.0001206 0.00017665 1.27e-05 1.835e-05 1.59e-05 4.375e-05 0.00012465 3.55e-05 6.205e-05 0.0001862 4.295e-05 0.0001422 4.335e-05 0.00025905 0.0002326 0.0001537 0.00012055 0.00030325 5.81e-05 0.0001458 0.00015345 3.91e-05 0.0001715 3.54e-05 0.0001214 5.185e-05 0.00014805 1.29e-05 0.0001102 0.00019825 0.0002886 0.0001991 3.605e-05 0.00012145 3.605e-05 1.585e-05 0.0001219 1.285e-05 0.00019145 0.0001715 5.97e-05 0.0001253 0.00014825 6.625e-05 0.00019115 4.33e-05 0.0001217 1.32e-05 0.00014805 0.0001348 1.595e-05 0.0002629 1.635e-05 0.00011255 0.00025805 0.00016565 1.89e-05 0.00016555 0.00014345 1.24e-05 1.25e-05 1.57e-05 9.815e-05
16 0.00017135 0.00017165 0.0001827 0.00017185 0.000178 0.00020125 0.0002015 0.0001743 0.00017555 0.0001719 0.0001714 0.00018225 0.0001775 0.0001844 0.0001685 0.00017135 0.0003268 0.00017895 0.00017145 0.0001645 0.00018675 0.00018125 0.00016835 0.0002112 0.0001732 0.0001719 0.0001719 0.0001702 0.0001979 0.00016515 0.000174 0.00018615 0.00019805 0.0001906 0.0001801 0.00016825 0.000175 0.0001764 0.00017145 0.0001709 0.00016415 0.00016745 0.00020105 0.0001805 0.0001721 0.0001999 0.0001828 0.0002018 0.000177 0.00020135 0.00021145 0.0001841 0.0001682 0.0001778 0.00019995 0.00017175 0.00019455 0.0001683 0.0001695 0.0001644 0.00017175 0.0001703 0.00017575 0.0001849 0.00017175 0.0001772 0.00019675 0.0001718 0.0001983 0.000175 0.0001704 0.0001712 0.00016735 0.00017085 0.00017095 0.0001678 0.0001644 0.0001779 0.00018015 0.00018475 0.00020215 0.00018485 0.00020205 0.00017065 0.00017185 0.000185 0.0001775 0.0001698 0.0001811 0.0001694 0.0001732 0.00017685 0.00019805 0.0001654 0.0001981 0.00017885 0.00017205 0.00017215 0.0001687 0.00017155
17 0.00022355 0.0002149 2.485e-05 0.0001948 0.00026325 0.0002564 0.0002247 0.00024915 0.00017565 0.0001946 0.00024245 4.695e-05 0.00012485 0.0001459 0.00019685 0.0002266 0.00017895 3.86e-05 0.00024255 0.00017 3.535e-05 0.00012285 0.00019685 0.0001528 0.00012735 0.000243 0.0002001 0.0001206 7.595e-05 0.0002221 0.0002494 2.43e-05 0.00014345 2.825e-05 0.00013175 0.000229 0.00021745 0.00012755 0.0001751 0.00022655 0.000231 0.00022875 0.0002566 0.0001318 0.0001948 0.00026585 0.0001067 0.0002474 0.0001413 0.00025635 5.63e-05 2.64e-05 0.0001616 0.00011895 9.885e-05 0.0001719 0.0001456 0.0001523 0.0001977 0.00016995 0.0001968 0.0001207 0.00018735 0.0001468 0.00022295 0.00013505 0.00015145 8.275e-05 0.00019755 0.00024045 0.0001208 0.00020385 0.00022865 0.0001211 0.0002266 0.00014485 0.0001699 0.00026315 0.0001318 0.000149 0.00022475 0.00014405 0.00024765 0.000121 0.00022305 0.0001469 0.00011115 0.00022025 5.545e-05 0.00022535 0.00014105 5.12e-05 0.00012045 0.00022225 0.00012065 0.00014095 0.00021775 0.00021785 0.00022005 0.00021185
18 8.145e-05 7.115e-05 0.0002463 5.175e-05 2.27e-05 6.75e-05 7.93e-05 3.575e-05 7.88e-05 5.17e-05 2.255e-05 0.0002423 0.00013735 0.0001374 4.89e-05 3.91e-05 0.00017145 0.00024255 4.46e-05 0.0001613 0.00023825 0.0001405 4.865e-05 0.00016895 0.0001453 2.305e-05 5.83e-05 0.00013195 0.0002951 2.31e-05 3.56e-05 0.00024805 0.0001572 0.0002523 0.0001504 3.565e-05 4.855e-05 0.0001467 0.0001607 3.875e-05 3.315e-05 3.59e-05 6.74e-05 0.0001507 5.19e-05 5.525e-05 0.0002003 5.71e-05 0.000132 6.755e-05 0.00027155 0.00024605 0.00017365 0.0001371 0.000297 7.46e-05 0.00015405 0.00016375 5.005e-05 0.00016125 5.43e-05 0.00013205 6.735e-05 0.0001386 3.515e-05 0.0001327 0.0002128 0.00030455 0.0001925 2.56e-05 0.0001322 6.205e-05 3.555e-05 0.0001328 3.88e-05 0.0001872 0.0001612 2.265e-05 0.00015045 0.0001412 8.045e-05 0.00018115 5.735e-05 0.0001324 3.525e-05 0.0001387 0.0001505 2.63e-05 0.00027825 3.25e-05 0.00013375 0.0002747 0.0001802 2.35e-05 0.0001802 0.00013815 2.885e-05 2.895e-05 2.61e-05 0.0001137
19 0.00017185 0.00016195 0.00017355 0.0001622 0.00016785 0.0002018 0.00019185 0.00017455 0.00016635 0.00016225 0.00016125 0.00017345 0.0001679 0.00017475 0.0001589 0.0001716 0.0001645 0.00017 0.0001613 0.0003085 0.00017795 0.0001716 0.0001587 0.00020185 0.00017415 0.00016175 0.0001684 0.00016075 0.00018885 0.00015505 0.00017405 0.000177 0.00018855 0.00018145 0.00018065 0.00016785 0.00016535 0.000177 0.0001617 0.00017095 0.0001646 0.00016755 0.0002014 0.00018125 0.00016245 0.00019005 0.00017375 0.00019195 0.00016755 0.0002019 0.0002026 0.0001751 0.00016825 0.0001682 0.00019085 0.0001626 0.00018505 0.00015865 0.00016 0.0001547 0.00016465 0.00016085 0.0001664 0.0001754 0.00016775 0.000174 0.0001877 0.0001625 0.0001889 0.00016485 0.000161 0.00017175 0.0001674 0.00016155 0.000171 0.0001588 0.00015465 0.00016775 0.0001807 0.0001778 0.0001928 0.0001758 0.0001922 0.0001612 0.00016785 0.0001755 0.00016835 0.00015965 0.00017185 0.0001654 0.00017445 0.00016785 0.00018905 0.0001554 0.0001891 0.0001692 0.0001619 0.000162 0.0001586 0.0001623
20 0.00022975 0.0002212 3.475e-05 0.00020185 0.00025905 0.00024885 0.00022835 0.00024485 0.0001889 0.0002018 0.00023815 7.965e-05 0.00011745 0.0001382 0.0002038 0.00022235 0.00018675 3.535e-05 0.00023825 0.00017795 3.46e-05 0.0001158 0.00020365 0.0001423 0.00014175 0.0002387 0.00020695 0.000135 0.00010245 0.0002176 0.00024495 1.775e-05 0.0001576 1.76e-05 0.0001242 0.00022475 0.0002246 0.0001243 0.00018325 0.00022215 0.00022635 0.0002241 0.0002489 0.0001242 0.000202 0.00025835 0.0001271 0.0002401 0.0001561 0.0002488 8.235e-05 4.075e-05 0.0001697 0.00011615 0.00011935 0.00018995 0.0001595 0.0001604 0.00020465 0.0001779 0.000204 0.0001351 0.00020085 0.00014485 0.0002186 0.0001207 0.0001715 0.0001035 0.00020245 0.0002364 0.0001352 0.00021065 0.000224 0.0001355 0.0002222 0.00016425 0.00017785 0.00025895 0.0001242 0.00014705 0.00022865 0.00015255 0.00024035 0.0001354 0.0002187 0.00014495 0.0001321 0.0002162 6.07e-05 0.00022095 0.00012645 6.045e-05 0.0001458 0.00021775 0.00014585 0.0001336 0.00021375 0.00021385 0.0002158 0.00022875
21 0.00014525 0.000135 0.00012245 0.0001158 0.00016115 0.0001526 0.000142 0.00014815 0.00011565 0.0001156 0.0001404 0.0001579 0.00011695 0.0001381 0.00011835 0.00012495 0.00018125 0.00012285 0.0001405 0.0001716 0.0001158 0.0002281 0.0001181 0.00014225 0.00013335 0.00014095 0.00012235 0.00012555 0.00018375 0.00012 0.0001483 0.00011485 0.00014715 0.0001146 0.00012485 0.0001267 0.000139 0.00012535 0.00017665 0.0001249 0.00012965 0.0001276 0.0001528 0.00012495 0.00011545 0.00016085 0.0001489 0.0001421 0.00014645 0.00015265 0.00016175 0.0001289 0.0001634 0.00011535 0.0002018 0.0001167 0.00014985 0.00015375 0.0001192 0.0001715 0.0001182 0.00012565 0.0001162 0.0001431 0.00012125 0.00012215 0.00017745 0.0001878 0.00019645 0.00013785 0.0001257 0.00012635 0.00012755 0.0001262 0.00012495 0.00017005 0.0001715 0.00016105 0.0001249 0.0001457 0.0001436 0.0001636 0.000142 0.00012595 0.000121 0.0001432 0.0001234 0.0001173 0.0001512 0.0001242 0.00012795 0.0001518 0.0001483 0.00012035 0.0001482 0.0001329 0.00011425 0.00011445 0.00011705 0.00015515
22 5.835e-05 4.885e-05 0.0002016 2.8e-05 6.99e-05 6.815e-05 5.775e-05 5.86e-05 3.295e-05 2.79e-05 4.86e-05 0.0002193 0.00011745 0.00013895 2.76e-05 3.81e-05 0.00016835 0.00019685 4.865e-05 0.0001587 0.00020365 0.0001181 5.39e-05 0.0001482 0.00012095 4.91e-05 3.38e-05 0.00011065 0.00025165 2.775e-05 5.855e-05 0.0002036 0.00013605 0.00020785 0.00012735 3.77e-05 4.87e-05 0.0001229 0.00016425 3.775e-05 3.73e-05 3.74e-05 6.805e-05 0.00012765 2.81e-05 7.455e-05 0.0001569 5.84e-05 0.0001323 6.81e-05 0.00022955 0.0002028 0.0001534 0.00011395 0.0002711 2.735e-05 0.0001356 0.0001436 2.87e-05 0.00015865 3.05e-05 0.00011075 3.255e-05 0.00013885 3.405e-05 0.0001194 0.0001682 0.0002597 0.00018905 4.915e-05 0.0001111 3.76e-05 3.725e-05 0.0001116 3.78e-05 0.00015865 0.0001586 6.98e-05 0.0001274 0.00014145 5.83e-05 0.0001594 5.865e-05 0.0001113 3.415e-05 0.00013895 0.0001159 2.885e-05 0.00023365 3.43e-05 0.0001232 0.00022885 0.0001356 2.805e-05 0.0001354 0.00013375 2.85e-05 2.86e-05 2.825e-05 6.915e-05
23 0.00017515 0.00016595 0.0001494 0.00014635 0.0001876 0.0001513 0.0001427 0.00017615 0.0001424 0.0001462 0.00016885 0.00018175 0.00014395 0.00016315 0.00014835 0.0001556 0.0002112 0.0001528 0.00016895 0.00020185 0.0001423 0.00014225 0.0001482 0.0002755 0.0001628 0.0001694 0.0001519 0.00015545 0.00018905 0.00015045 0.00017635 0.00014175 0.00015315 0.0001384 0.0001514 0.00015765 0.000167 0.000155 0.000205 0.00015555 0.00015975 0.00015765 0.00015165 0.0001515 0.0001464 0.00016035 0.0001729 0.0001419 0.0001744 0.0001513 0.0001552 0.00015275 0.00019365 0.000146 0.0002015 0.0001463 0.0001552 0.00018415 0.00014885 0.0002018 0.00014855 0.00015555 0.0001425 0.0001681 0.0001517 0.0001515 0.00018235 0.00021815 0.0001954 0.00016695 0.00015565 0.0001559 0.00015755 0.0001556 0.0001556 0.00019985 0.00020175 0.0001875 0.00015135 0.00017045 0.0001424 0.0001879 0.0001421 0.00015585 0.0001518 0.0001682 0.00014965 0.00014875 0.00017825 0.00015405 0.0001576 0.00018175 0.0001532 0.00015025 0.00015325 0.0001602 0.0001463 0.0001464 0.0001485 0.0001855
24 0.00013795 0.0001395 0.00013325 0.0001185 0.000166 0.00014795 0.00014865 0.00014105 0.00012285 0.0001184 0.0001452 0.0001445 0.0001355 0.0001565 0.0001209 0.00011855 0.0001732 0.00012735 0.0001453 0.00017415 0.00014175 0.00013335 0.00012095 0.0001628 0.0002323 0.00014575 0.0001175 0.00012035 0.00017705 0.00012485 0.00014185 0.0001428 0.0001432 0.00014685 0.0001321 0.0001221 0.0001415 0.0001268 0.00017925 0.00011875 0.00012385 0.0001212 0.0001484 0.00013185 0.0001186 0.00016795 0.00014805 0.00014925 0.0001413 0.00014765 0.00015435 0.00013415 0.00015605 0.00012835 0.00020115 0.0001172 0.0001456 0.00015615 0.0001217 0.0001741 0.00011825 0.0001205 0.0001229 0.00015595 0.0001188 0.00012685 0.0001762 0.0001877 0.00020105 0.00014295 0.00012055 0.0001176 0.0001211 0.0001208 0.0001188 0.0001703 0.00017405 0.0001659 0.00013215 0.0001558 0.00014815 0.00017565 0.0001495 0.00012075 0.0001189 0.00015605 0.00012245 0.00012275 0.00016715 0.00012145 0.0001296 0.00016165 0.00014175 0.00012495 0.000142 0.00015155 0.00012 0.0001201 0.00012255 0.000159
25 8.19e-05 7.16e-05 0.00024675 5.22e-05 2.32e-05 6.795e-05 7.975e-05 3.625e-05 7.925e-05 5.215e-05 2.3e-05 0.00024275 0.0001378 0.0001379 4.935e-05 3.955e-05 0.0001719 0.000243 2.305e-05 0.00016175 0.0002387 0.00014095 4.91e-05 0.0001694 0.00014575 4.55e-05 5.875e-05 0.0001324 0.00029555 2.355e-05 3.61e-05 0.0002485 0.00015765 0.00025275 0.00015085 3.61e-05 4.905e-05 0.00014715 0.0001609 3.92e-05 3.335e-05 3.635e-05 6.785e-05 0.00015115 5.235e-05 5.57e-05 0.00020075 5.755e-05 0.00013245 6.8e-05 0.000272 0.0002465 0.0001741 0.00013755 0.00029745 7.505e-05 0.0001547 0.0001642 5.05e-05 0.0001617 5.475e-05 0.0001325 6.78e-05 0.00013905 3.56e-05 0.00013315 0.00021325 0.000305 0.00019295 2.605e-05 0.00013265 6.25e-05 3.62e-05 0.00013325 3.925e-05 0.00018765 0.00016165 2.31e-05 0.0001509 0.00014165 8.09e-05 0.0001816 5.78e-05 0.00013285 3.57e-05 0.00013915 0.00015095 2.62e-05 0.0002787 3.24e-05 0.0001342 0.00027515 0.00018065 2.37e-05 0.00018065 0.0001386 2.93e-05 2.94e-05 2.655e-05 0.00011415
26 5.57e-05 5.265e-05 0.00020565 3.11e-05 7.91e-05 6.54e-05 6.135e-05 5.87e-05 3.605e-05 3.11e-05 5.82e-05 0.0002246 0.00012455 0.0001457 3.37e-05 3.585e-05 0.0001719 0.0002001 5.83e-05 0.0001684 0.00020695 0.00012235 3.38e-05 0.0001519 0.0001175 5.875e-05 5.93e-05 0.00011695 0.0002549 3.77e-05 5.91e-05 0.000208 0.00013945 0.00021215 0.00012545 3.91e-05 5.445e-05 0.00012015 0.0001736 3.575e-05 4.12e-05 3.83e-05 6.555e-05 0.0001255 3.135e-05 8.065e-05 0.00016025 6.2e-05 0.00013795 6.515e-05 0.0002325 0.0002065 0.00015465 0.0001173 0.0002773 2.99e-05 0.000142 0.00015045 3.4e-05 0.0001683 3.39e-05 0.00011705 3.56e-05 0.00014515 3.115e-05 0.00011545 0.0001707 0.0002635 0.0001953 5.58e-05 0.0001171 3.47e-05 3.825e-05 0.00011715 3.58e-05 0.0001645 0.0001683 7.9e-05 0.0001255 0.00014795 6.1e-05 0.0001655 6.23e-05 0.00011735 3.13e-05 0.00014525 0.00011885 3.565e-05 0.0002377 3.405e-05 0.00012305 0.0002321 0.0001381 3.76e-05 0.00013835 0.00014045 3.265e-05 3.275e-05 3.53e-05 7.29e-05
27 0.0001412 0.00013195 0.0001259 0.0001113 0.0001532 0.00015115 0.00014135 0.00014175 0.0001158 0.00011125 0.0001319 0.0001356 0.00012475 0.0001463 0.0001108 0.0001213 0.0001702 0.0001206 0.00013195 0.00016075 0.000135 0.00012555 0.00011065 0.00015545 0.00012035 0.0001324 0.00011695 0.0002204 0.00017035 0.000111 0.00014165 0.00013495 0.00013605 0.0001392 0.00013445 0.0001209 0.00013195 0.00013 0.00016635 0.00012095 0.00012035 0.00012045 0.00015105 0.00013475 0.00011145 0.00015775 0.0001413 0.00014175 0.00013195 0.00015115 0.00014795 0.0001269 0.0001553 0.00012125 0.0001915 0.00011085 0.00013545 0.0001457 0.0001118 0.0001607 0.00011365 0.00011035 0.0001157 0.00014605 0.00011745 0.00012675 0.00016985 0.0001807 0.00019105 0.0001326 0.00011065 0.0001206 0.0001203 0.0001111 0.000121 0.00016065 0.00016065 0.0001531 0.0001345 0.00014845 0.00014145 0.0001662 0.000142 0.00011085 0.00011755 0.00014615 0.00011545 0.0001123 0.00015985 0.0001176 0.00013035 0.0001551 0.0001354 0.00011125 0.0001357 0.00014105 0.00011205 0.00011215 0.00011165 0.00015195
28 0.0002578 0.00024885 7.945e-05 0.0002493 0.0003138 0.00028605 0.00025455 0.00030165 0.00023115 0.00024915 0.000295 8.58e-05 0.00018595 0.0002049 0.0002517 0.0002808 0.0001979 7.595e-05 0.0002951 0.00018885 0.00010245 0.00018375 0.00025165 0.00018905 0.00017705 0.00029555 0.0002549 0.00017035 0.0001256 0.0002767 0.00030185 9.185e-05 0.0001672 9.59e-05 0.00019275 0.0002833 0.00027025 0.00018825 0.00019135 0.00028075 0.00028565 0.00028325 0.00028625 0.00019275 0.00024935 0.0002956 0.0001333 0.00027685 0.0001892 0.00028605 7.175e-05 7.6e-05 0.00017905 0.00017945 9e-05 0.00022685 0.00016965 0.00016975 0.00025255 0.0001888 0.00025135 0.00017045 0.00024255 0.00020095 0.0002772 0.0001957 0.0001449 6.345e-05 0.00019105 0.0002927 0.00017055 0.0002586 0.00028315 0.00017085 0.0002808 0.000164 0.00018875 0.0003137 0.0001928 0.00020315 0.00025475 0.0001782 0.0002771 0.00017075 0.0002773 0.00020105 0.00016125 0.0002745 7.975e-05 0.00027985 0.0002018 7.555e-05 0.00014485 0.00027685 0.000145 0.000202 0.00027175 0.00027185 0.00027435 0.0002258
29 6.14e-05 5.095e-05 0.0002259 3.115e-05 4.48e-05 4.9e-05 6.08e-05 3.68e-05 5.825e-05 3.12e-05 2.275e-05 0.00024255 0.00011615 0.0001384 2.755e-05 1.86e-05 0.00016515 0.0002221 2.31e-05 0.00015505 0.0002176 0.00012 2.775e-05 0.00015045 0.00012485 2.355e-05 3.77e-05 0.000111 0.0002767 1.6e-06 3.63e-05 0.00022735 0.0001387 0.0002318 0.0001296 1.445e-05 4.955e-05 0.00012595 0.0001611 1.795e-05 1.165e-05 1.425e-05 4.86e-05 0.0001302 3.14e-05 5.195e-05 0.0001819 3.86e-05 0.00013295 4.91e-05 0.0002549 0.0002272 0.00015255 0.0001166 0.00029325 5.405e-05 0.0001353 0.0001425 2.905e-05 0.00015465 3.385e-05 0.0001111 4.685e-05 0.00013885 1.46e-05 0.0001121 0.0001943 0.0002844 0.00018875 2.655e-05 0.000111 4.125e-05 1.45e-05 0.00011185 1.8e-05 0.00018145 0.0001547 4.47e-05 0.00012965 0.0001415 6.195e-05 0.0001818 3.885e-05 0.00011115 1.47e-05 0.00013895 0.00013 6.15e-06 0.000258 1.23e-05 0.00011265 0.00025395 0.0001617 2.1e-06 0.00016175 0.00013285 8.35e-06 8.45e-06 4.75e-06 9.385e-05
30 7.85e-05 7.87e-05 0.0002536 5.9e-05 3.55e-05 6.46e-05 8.67e-05 3.565e-05 8.59e-05 5.895e-05 3.555e-05 0.00025115 0.00014775 0.0001476 5.875e-05 3.66e-05 0.000174 0.0002494 3.56e-05 0.00017405 0.00024495 0.0001483 5.855e-05 0.00017635 0.00014185 3.61e-05 5.91e-05 0.00014165 0.00030185 3.63e-05 7.02e-05 0.00025565 0.00016445 0.0002599 0.0001474 3.64e-05 5.82e-05 0.0001431 0.0001733 3.595e-05 3.62e-05 3.57e-05 6.42e-05 0.000148 5.915e-05 6.535e-05 0.00020705 6.47e-05 0.00014145 6.465e-05 0.000278 0.00025305 0.0001739 0.0001443 0.0003064 8.11e-05 0.00016415 0.00017385 5.97e-05 0.000174 5.885e-05 0.00014175 7.46e-05 0.0001484 3.67e-05 0.00013315 0.0002193 0.00031155 0.00020225 3.6e-05 0.00014185 5.85e-05 3.56e-05 0.00014225 3.6e-05 0.0001966 0.00017395 3.545e-05 0.00014745 0.0001483 8.73e-05 0.0001905 6.495e-05 0.00014205 3.68e-05 0.0001485 0.00015755 3.68e-05 0.00028555 3.655e-05 0.00013305 0.0002808 0.0001867 3.655e-05 0.0001867 0.00014845 3.685e-05 3.695e-05 3.67e-05 0.0001208
31 0.00023025 0.00022095 2.335e-05 0.00020215 0.0002689 0.00026025 0.0002285 0.00025575 0.00017775 0.0002021 0.00024795 6.91e-05 0.00011615 0.00013725 0.00020375 0.0002334 0.00018615 2.43e-05 0.00024805 0.000177 1.775e-05 0.00011485 0.0002036 0.00014175 0.0001428 0.0002485 0.000208 0.00013495 9.185e-05 0.00022735 0.00025565 1.01e-05 0.0001577 5.5e-06 0.0001238 0.00023485 0.0002246 0.0001249 0.00018235 0.00023315 0.00023645 0.00023475 0.00026025 0.00012395 0.0002023 0.0002688 0.0001166 0.0002509 0.0001561 0.00026035 7.22e-05 2.95e-05 0.0001691 0.0001162 0.0001084 0.0001801 0.00015925 0.0001598 0.00020465 0.00017695 0.0002043 0.00013505 0.00018985 0.00014445 0.0002298 0.0001327 0.00016145 9.255e-05 0.0002022 0.00024655 0.00013515 0.0002115 0.00023465 0.0001355 0.0002332 0.0001535 0.0001769 0.0002688 0.00012385 0.00014665 0.0002293 0.00014145 0.00025115 0.00013535 0.0002299 0.00014455 0.0001211 0.00022635 4.91e-05 0.00023185 0.0001379 5.01e-05 0.00013575 0.00022755 0.0001358 0.00013235 0.0002242 0.0002243 0.0002259 0.0002178
32 0.0001632 0.00015315 0.000148 0.00013315 0.0001759 0.00014875 0.0001384 0.0001642 0.0001384 0.000133 0.0001571 0.00015515 0.00014985 0.0001689 0.00013615 0.00014265 0.00019805 0.00014345 0.0001572 0.00018855 0.0001576 0.00014715 0.00013605 0.00015315 0.0001432 0.00015765 0.00013945 0.00013605 0.0001672 0.0001387 0.00016445 0.0001577 0.0002643 0.00016175 0.0001572 0.00014495 0.0001548 0.00015265 0.0001916 0.0001426 0.0001482 0.00014575 0.00014895 0.0001572 0.0001333 0.0001575 0.00015735 0.0001384 0.00015495 0.0001487 0.00013955 0.0001436 0.00018005 0.00014275 0.0001918 0.00013375 0.00013535 0.0001704 0.0001369 0.00018845 0.0001356 0.00013615 0.0001385 0.00016405 0.00013885 0.0001492 0.0001674 0.0002024 0.0001914 0.00015415 0.0001362 0.0001436 0.0001457 0.00013665 0.0001427 0.0001861 0.00018845 0.0001758 0.00015725 0.00016665 0.0001394 0.00018485 0.00013875 0.00013645 0.0001391 0.0001641 0.0001384 0.00013605 0.00018195 0.00014225 0.0001555 0.0001775 0.000133 0.000139 0.00013305 0.00016565 0.00013255 0.00013265 0.0001358 0.00017365
33 0.0002343 0.0002251 2.305e-05 0.0002063 0.0002729 0.0002611 0.00022935 0.0002598 0.0001777 0.00020615 0.0002522 7.305e-05 0.00011625 0.00013695 0.000208 0.00023745 0.0001906 2.825e-05 0.0002523 0.00018145 1.76e-05 0.0001146 0.00020785 0.0001384 0.00014685 0.00025275 0.00021215 0.0001392 9.59e-05 0.0002318 0.0002599 5.5e-06 0.00016175 1.6e-06 0.0001239 0.0002391 0.00022865 0.00012915 0.0001866 0.0002374 0.0002409 0.0002392 0.0002613 0.0001238 0.00020635 0.0002698 0.0001208 0.00025175 0.00016015 0.0002612 7.32e-05 3.395e-05 0.00017335 0.00012025 0.00010945 0.00018425 0.0001635 0.00016405 0.0002089 0.0001814 0.00020835 0.0001393 0.0001897 0.0001484 0.00023395 0.00013695 0.0001655 9.66e-05 0.00020325 0.0002506 0.0001394 0.00021575 0.0002391 0.00013975 0.00023745 0.00015775 0.00018135 0.0002728 0.0001239 0.0001506 0.00023015 0.0001454 0.000252 0.0001396 0.00023405 0.0001485 0.00012095 0.0002304 4.9e-05 0.000236 0.00014225 5.435e-05 0.0001398 0.000232 0.00013985 0.0001324 0.00022825 0.00022835 0.00023015 0.00022185
34 0.0001446 0.0001453 0.0001317 0.0001257 0.00017135 0.00015185 0.0001522 0.0001479 0.00012475 0.00012565 0.0001503 0.00016635 0.00012625 0.0001478 0.0001275 0.00012525 0.0001801 0.00013175 0.0001504 0.00018065 0.0001242 0.00012485 0.00012735 0.0001514 0.0001321 0.00015085 0.00012545 0.00013445 0.00019275 0.0001296 0.0001474 0.0001238 0.0001572 0.0001239 0.0002464 0.00012735 0.00014845 0.00012365 0.0001861 0.0001246 0.000129 0.0001264 0.00015145 0.0001241 0.00012585 0.0001707 0.0001578 0.0001525 0.0001557 0.00015195 0.0001702 0.0001374 0.000163 0.00012535 0.0002104 0.00012535 0.00015895 0.00016325 0.00012835 0.0001806 0.00012535 0.00013455 0.0001253 0.00015315 0.00012555 0.00012465 0.0001861 0.0001972 0.0002054 0.0001487 0.00013465 0.00012465 0.0001263 0.00013495 0.00012465 0.00017865 0.00018055 0.00017125 0.00012335 0.00015285 0.0001526 0.00017265 0.00015275 0.00013485 0.00012565 0.00015325 0.0001323 0.0001285 0.0001605 0.0001279 0.00012645 0.00015995 0.00015695 0.00012975 0.000157 0.00014265 0.00012605 0.00012615 0.00012795 0.00016465
35 5.86e-05 5.725e-05 0.0002328 3.77e-05 5.685e-05 4.65e-05 6.73e-05 3.67e-05 6.535e-05 3.77e-05 3.555e-05 0.0002518 0.00012645 0.00014805 3.775e-05 1.54e-05 0.00016825 0.000229 3.565e-05 0.00016785 0.00022475 0.0001267 3.77e-05 0.00015765 0.0001221 3.61e-05 3.91e-05 0.0001209 0.0002833 1.445e-05 3.64e-05 0.00023485 0.00014495 0.0002391 0.00012735 2.78e-05 5.91e-05 0.00012335 0.00017335 1.49e-05 1.505e-05 1.495e-05 4.625e-05 0.0001278 3.8e-05 6.155e-05 0.00018865 4.51e-05 0.0001423 4.655e-05 0.00026175 0.00023455 0.0001524 0.0001229 0.00030285 6.115e-05 0.0001452 0.0001524 3.88e-05 0.00016755 3.775e-05 0.000121 5.425e-05 0.0001477 1.55e-05 0.00011355 0.0002012 0.00029085 0.00019855 3.55e-05 0.000121 3.885e-05 1.51e-05 0.0001216 1.505e-05 0.00019125 0.00016775 5.675e-05 0.0001274 0.00014775 6.905e-05 0.000191 4.545e-05 0.0001213 1.58e-05 0.0001477 0.0001372 1.53e-05 0.00026485 1.645e-05 0.0001129 0.00026075 0.0001686 1.505e-05 0.0001685 0.00014255 1.425e-05 1.435e-05 1.445e-05 0.0001004
36 7.88e-05 6.945e-05 0.00022235 4.865e-05 4.815e-05 8.695e-05 7.665e-05 5.795e-05 5.345e-05 4.855e-05 4.85e-05 0.0002191 0.00013875 0.0001383 4.865e-05 5.9e-05 0.000175 0.00021745 4.855e-05 0.00016535 0.0002246 0.000139 4.87e-05 0.000167 0.0001415 4.905e-05 5.445e-05 0.00013195 0.00027025 4.955e-05 5.82e-05 0.0002246 0.0001548 0.00022865 0.00014845 5.91e-05 9.55e-05 0.00014395 0.0001643 5.895e-05 5.915e-05 5.9e-05 8.715e-05 0.00014845 4.87e-05 7.81e-05 0.0001757 7.73e-05 0.00013145 8.69e-05 0.0002465 0.00022195 0.00017465 0.0001347 0.00027525 4.8e-05 0.0001548 0.00016485 4.97e-05 0.0001653 5.11e-05 0.00013205 5.31e-05 0.000139 5.505e-05 0.0001404 0.00018655 0.0002803 0.0001932 4.865e-05 0.00013215 5.845e-05 5.89e-05 0.0001326 5.9e-05 0.00016455 0.00016525 4.81e-05 0.0001485 0.0001416 7.685e-05 0.0001591 7.755e-05 0.00013235 5.515e-05 0.0001391 0.00013645 4.945e-05 0.0002543 5.49e-05 0.0001446 0.00025005 0.00015395 4.985e-05 0.00015425 0.0001393 4.95e-05 4.96e-05 4.965e-05 8.945e-05
