 slim_337506671 slim_337506658 slim_337506528 slim_337506611 slim_337506648 slim_337506666 slim_337506599 slim_337506628 slim_337506565 slim_337506662 slim_337506642 slim_337506171 slim_337506637 slim_337506663 slim_337506354 slim_337506669 slim_337506689 slim_337506701 slim_337506684 slim_337506696 slim_337506578 slim_337506465 slim_337506282 slim_337506664 slim_337506639 slim_337506351 slim_337506650 slim_337506469 slim_337506596 slim_337506621 slim_337506414 slim_337506677 slim_337506679 slim_337506692 slim_337506619 slim_337506584 slim_337506634 slim_337506602 slim_337506355 slim_337506643 slim_337506520 slim_337506707 slim_337506455 slim_337506673 slim_337506514 slim_337506670 slim_337506630 slim_337506712 slim_337506708 slim_337506617 slim_337506499 slim_337506710 slim_337506653 slim_337506608 slim_337506709 slim_337506693 slim_337506682 slim_337506688 slim_337506483 slim_337506711 slim_337506680 slim_337506674 slim_337506699 slim_337506536 slim_337506704 slim_337506713 slim_337506716 slim_337506672 slim_337506694 slim_337506468 slim_337506660 slim_337506703 slim_337506627 slim_337506579 slim_337506721 slim_337506539 slim_337506678 slim_337506714 slim_337506715 slim_337506691 slim_337506705 slim_337506450 slim_337506137 slim_337506651 slim_337506489 slim_337506656 slim_337506537 slim_337506700 slim_337506562 slim_337506626 slim_337506686 slim_337506556 slim_337506495 slim_337506382 slim_337506570 slim_337506594 slim_337506593 slim_337506452 slim_337506690
0 0.0003238 0.0004466 0.0005136 0.0004871 0.0004778 0.00054225 0.000494 0.00050625 0.0003365 0.0003601 0.00030545 0.0003706 0.00034895 0.0006457 0.0003649 0.00047925 0.0006415 0.00055095 0.00025 0.0002499 0.0003051 0.0005308 0.0004479 0.00058145 0.0004268 0.0004031 0.0005791 0.0006366 0.00050795 0.0005338 0.00035985 0.00031255 0.00036495 0.0004792 0.00035955 0.00054225 0.00055555 0.0004515 0.0002173 0.0005255 0.00056015 0.00053575 0.0005236 0.0001629 0.00044895 0.00037535 0.00020605 0.0006506 0.00049595 0.000276 0.0004775 0.0004631 0.00043665 0.0003036 0.0005138 0.00041475 0.00049765 0.0003051 0.00035315 0.0005541 0.0003603 0.0006 0.0004858 0.000539 0.0004854 0.0005339 0.0006416 0.0004192 0.0001622 0.0004329 0.0003708 0.0005648 0.0006914 0.00035285 0.00039155 0.00044735 0.00047615 0.0004988 0.0006216 0.00046625 0.00053025 0.00055325 0.00020605 0.00032175 0.00026195 0.00054205 0.0003526 0.00057375 0.00051065 0.00040015 0.00041505 0.0005597 0.00049875 0.0003013 0.0004777 0.00040875 0.0002173 0.0003051 0.000656
1 0.0004466 0.0005897 0.00057375 0.00044365 0.0006097 0.00054785 0.00044555 0.00053945 0.0004216 0.00049905 0.00047505 0.0004526 0.00047625 0.0005663 0.00033255 0.00060965 0.00056765 0.00049025 0.00035625 0.00035615 0.0004753 0.0005472 0.00059625 0.0005094 0.0005109 0.000453 0.00050835 0.00043785 0.0004538 0.00049005 0.0004521 0.0003484 0.00033265 0.0006096 0.0004523 0.00054785 0.000376 0.0004306 0.0003776 0.0003623 0.0006088 0.0005529 0.00050805 0.00035385 0.0005275 0.0004511 0.00035515 0.00044615 0.00043125 0.0004501 0.0005598 0.00051465 0.0004138 0.00047525 0.00057395 0.00045385 0.0005814 0.0004753 0.00039745 0.00030315 0.00049925 0.00054545 0.00042595 0.0004669 0.00053995 0.0004236 0.00057355 0.00048765 0.0003544 0.00044655 0.0005452 0.00055885 0.0005006 0.0002949 0.00051255 0.0004672 0.000421 0.00057525 0.0006017 0.00042315 0.0004921 0.0005523 0.00035515 0.0003936 0.0003283 0.0005474 0.00039735 0.0004314 0.00054435 0.00045555 0.00053245 0.00042305 0.0005752 0.00032545 0.0006096 0.00033355 0.0003781 0.00047475 0.0005656
2 0.0005136 0.00057375 0.0006049 0.0005498 0.0004248 0.00030275 0.0005054 0.00048115 0.0004584 0.00033325 0.000381 0.0003812 0.00041115 0.00046655 0.0005815 0.0004225 0.00046645 0.0003669 0.00051935 0.00051925 0.00038155 0.0003047 0.00030295 0.0005061 0.00042995 0.00041285 0.000543 0.00066705 0.0005032 0.0003707 0.0003833 0.00040165 0.0005816 0.0004223 0.0003835 0.00030275 0.00055295 0.0003844 0.0004115 0.00057075 0.0003052 0.00043155 0.00047985 0.00045965 0.0003847 0.0003812 0.0004896 0.0006649 0.00043535 0.0003501 0.0003196 0.0003724 0.00052925 0.00038375 0.000303 0.0004111 0.00031855 0.00038155 0.0004312 0.0007057 0.0003336 0.00039635 0.0004365 0.00062245 0.00047495 0.0004614 0.0004778 0.00038135 0.0004602 0.00039105 0.000435 0.0003161 0.00064775 0.0004394 0.00045305 0.0005428 0.0006277 0.0003047 0.0005839 0.0003712 0.00036995 0.0003067 0.0004896 0.00044865 0.0004532 0.00030295 0.00043115 0.00050295 0.00037635 0.0004132 0.000333 0.00050525 0.0003045 0.00047925 0.0004247 0.00061115 0.000412 0.000381 0.00046465
3 0.0004871 0.00044365 0.0005498 0.000739 0.00059695 0.00058915 0.00047915 0.00049655 0.00037225 0.00042665 0.0004409 0.00050735 0.0004412 0.0005404 0.00043905 0.0005969 0.00054965 0.0005649 0.0003989 0.0003988 0.00044125 0.00056795 0.0004835 0.0004294 0.000569 0.0004862 0.0005251 0.00049305 0.0004816 0.0005535 0.0004863 0.00039105 0.00043915 0.00059685 0.0004865 0.00058915 0.00050615 0.0004689 0.0003839 0.0005038 0.00056435 0.00062025 0.00042905 0.0003985 0.0005193 0.00049795 0.0003988 0.00049555 0.00051865 0.00042595 0.0005636 0.00049415 0.00038605 0.0004412 0.00055 0.0005076 0.00050465 0.00044125 0.00046565 0.0004773 0.00042685 0.00054255 0.00048465 0.0005947 0.00042645 0.0004326 0.0005184 0.0005219 0.00039905 0.0004479 0.0005958 0.0005709 0.00044315 0.00041225 0.00054015 0.00045475 0.00038425 0.00053565 0.00061055 0.00051435 0.0005604 0.00058095 0.0003988 0.0004518 0.00040595 0.0005887 0.00046565 0.000548 0.0005113 0.00049365 0.00050395 0.00054545 0.0005356 0.00040545 0.00059685 0.00043905 0.00038435 0.0004407 0.00056325
4 0.0004778 0.0006097 0.0004248 0.00059695 0.0007908 0.0004511 0.0005427 0.00052425 0.00051375 0.00043325 0.00046625 0.00049265 0.0004964 0.00052185 0.00061205 0.00039735 0.00053565 0.00045945 0.0005939 0.0005938 0.0004668 0.00044285 0.0003989 0.0005574 0.00044895 0.0005141 0.0005754 0.0006515 0.00054445 0.00047195 0.00048455 0.0005003 0.00061215 0.00039715 0.00048475 0.0004511 0.00058755 0.000479 0.0005008 0.0005974 0.0003972 0.00045045 0.00053115 0.0005342 0.00046725 0.00047885 0.00056415 0.0006533 0.00050995 0.0004501 0.0004156 0.00045365 0.0005846 0.000465 0.00042515 0.00052255 0.0004105 0.0004668 0.0005098 0.0006883 0.0004336 0.0004976 0.0005177 0.0005426 0.00051805 0.0005468 0.0005209 0.00046665 0.00053475 0.00048565 0.0004361 0.00043825 0.0006462 0.00053265 0.00043195 0.0005752 0.0006601 0.00042675 0.0005059 0.000492 0.0004814 0.00044475 0.00056415 0.0005232 0.0005371 0.0004512 0.00050975 0.0005706 0.00047635 0.00052455 0.00042895 0.00056875 0.00042655 0.00056315 0.00039555 0.0006417 0.0005013 0.00046625 0.00053385
5 0.00054225 0.00054785 0.00030275 0.00058915 0.0004511 7.47e-05 0.00060005 0.00052175 0.00055095 0.00047865 0.0005243 0.00025905 0.00055035 0.0003451 0.0005539 0.00044865 0.0003176 0.0001488 0.00053285 0.00053275 0.0005245 6.04e-05 0.00056785 0.00065925 0.00027795 0.00030795 0.0004428 0.00061255 0.00059755 0.0001393 0.00028215 0.00042635 0.000554 0.0004486 0.00028235 3.745e-05 0.0004092 0.00051835 0.0004348 0.0004128 0.0003917 0.00019335 0.0006549 0.00048065 0.00044495 0.00028695 0.00050685 0.0006101 0.00019525 0.0004202 0.0003308 0.00038505 0.00058135 0.00052685 0.0003028 0.0002851 0.0005732 0.0005245 0.0003362 0.0006298 0.00047885 0.0002513 0.00045135 0.00047805 0.0006693 0.00052635 0.00058315 0.00034575 0.0004812 0.00053245 0.0003205 0.0003055 0.0006547 0.0004632 0.00035955 0.0005366 0.000661 0.000305 0.0004609 0.00025045 0.00011735 6.29e-05 0.00050685 0.0003392 0.00047595 3.84e-05 0.000336 0.00033255 0.0004391 0.0002878 0.00051235 0.00033485 0.00030495 0.0004979 0.000451 0.0005798 0.0004353 0.00052395 0.00031605
6 0.000494 0.00044555 0.0005054 0.00047915 0.0005427 0.00060005 0.0007579 0.0005241 0.00043175 0.0004058 0.0004146 0.00054075 0.0004228 0.0006092 0.0004252 0.00054255 0.00062335 0.0006035 0.00046665 0.00046655 0.00041475 0.0005747 0.0003791 0.00043145 0.0005856 0.00052355 0.00062065 0.000512 0.00038985 0.0005994 0.00051555 0.000472 0.0004253 0.0005426 0.00051575 0.00060005 0.0005007 0.0004821 0.0004408 0.0004983 0.00047145 0.0006404 0.00042285 0.00045005 0.00048765 0.00052645 0.00045845 0.0005228 0.0006027 0.0004178 0.0004834 0.00048375 0.0004485 0.00041495 0.0005056 0.0005491 0.000416 0.000415 0.00052565 0.00038975 0.0004059 0.0006096 0.00054215 0.00055285 0.0004447 0.00047725 0.00054865 0.0005068 0.0004506 0.0004538 0.00058455 0.0005419 0.000556 0.0005119 0.0005691 0.0005474 0.0004966 0.00049035 0.0006752 0.0005718 0.00060965 0.00059125 0.00045845 0.0005192 0.00048465 0.0005996 0.0005256 0.000516 0.00048655 0.00053435 0.000428 0.00050515 0.0004904 0.00048915 0.0005426 0.0004333 0.0004413 0.00041445 0.00063775
7 0.00050625 0.00053945 0.00048115 0.00049655 0.00052425 0.00052175 0.0005241 0.0008069 0.0004472 0.0004598 0.00044265 0.00048315 0.00047245 0.00045535 0.00053225 0.00052415 0.0004646 0.00050015 0.00050425 0.00050415 0.00044285 0.00051625 0.0004406 0.00050335 0.00055175 0.00050735 0.0004244 0.0005059 0.0005303 0.00050465 0.0004778 0.00047505 0.00053235 0.00052415 0.000478 0.00052175 0.0005588 0.0004651 0.0004615 0.0005527 0.0004668 0.000553 0.0004773 0.00044455 0.0004351 0.00047375 0.0004745 0.0005122 0.00049935 0.00044125 0.0004482 0.0004709 0.00048555 0.0004428 0.00048135 0.00051305 0.00045 0.00044285 0.00047135 0.00061385 0.00045995 0.0004743 0.00046915 0.0006136 0.0004331 0.00049645 0.00043145 0.0004688 0.0004451 0.0004755 0.0005447 0.00049045 0.0004652 0.0004711 0.00054345 0.00042435 0.00050935 0.00048265 0.00050545 0.00049655 0.00051135 0.0005179 0.0004745 0.000473 0.00045455 0.00052145 0.00047115 0.00057095 0.00047245 0.0005148 0.00043145 0.0005646 0.00048265 0.00048755 0.00052415 0.0005619 0.000462 0.0004423 0.00046235
8 0.0003365 0.0004216 0.0004584 0.00037225 0.00051375 0.00055095 0.00043175 0.0004472 0.000418 0.00026915 0.00028685 0.0004166 0.00033065 0.00055305 0.00039855 0.0005119 0.0005623 0.0005404 0.0003325 0.0003324 0.0002872 0.00052895 0.0003288 0.00042615 0.0004896 0.00043815 0.00053695 0.0005505 0.00044045 0.0005281 0.00039475 0.0002587 0.00039865 0.00051185 0.00039495 0.00055095 0.0005283 0.0003678 0.00022695 0.0005233 0.00047765 0.0005982 0.00036815 0.0002451 0.0004297 0.0004072 0.0002889 0.00055925 0.00049695 0.00026895 0.0004756 0.00040735 0.0003473 0.00028895 0.0004586 0.00046035 0.00038 0.0002872 0.0003749 0.00054345 0.00026935 0.0005352 0.0004199 0.00062325 0.00034225 0.00042445 0.0004968 0.00043405 0.00024565 0.0003512 0.00050785 0.00050775 0.0005121 0.00030825 0.00045235 0.00040555 0.000434 0.00044345 0.0006304 0.0004483 0.0005351 0.00055125 0.0002889 0.00036385 0.0002807 0.0005505 0.0003749 0.00057015 0.00045815 0.0004456 0.000378 0.00056135 0.0004434 0.00032025 0.00051365 0.00044205 0.00022745 0.00028665 0.0005767
9 0.0003601 0.00049905 0.00033325 0.00042665 0.00043325 0.00047865 0.0004058 0.0004598 0.00026915 0.0003013 0.0002181 0.00040085 0.00026215 0.00058245 0.0004755 0.00043095 0.0006097 0.00050345 0.00037315 0.00037305 0.0002188 0.00044325 0.00015115 0.00042635 0.0004812 0.0004089 0.00064085 0.00069695 0.00040815 0.00050365 0.0003656 0.00024425 0.0004756 0.00043075 0.0003658 0.00047865 0.0005836 0.0002956 0.00021825 0.0006113 0.00030545 0.00058975 0.00036825 0.00028595 0.0003534 0.00037345 0.00032965 0.00069935 0.0005472 0.0001685 0.0003208 0.0003441 0.00040715 0.000221 0.0003336 0.0004445 0.00020485 0.0002188 0.00039395 0.00066285 0.00015105 0.0005191 0.00042915 0.00068765 0.0003369 0.00040555 0.0004936 0.00037065 0.0002865 0.00027705 0.00047485 0.0003848 0.0006846 0.0003374 0.00043075 0.00050955 0.00053785 0.00031845 0.00072185 0.0004267 0.00052405 0.0004655 0.00032965 0.0004094 0.00031535 0.0004782 0.0003941 0.0005905 0.00034045 0.00042975 0.00022025 0.00058805 0.00031825 0.00035515 0.00043315 0.0005189 0.00021875 0.00021825 0.0006241
10 0.00030545 0.00047505 0.000381 0.0004409 0.00046625 0.0005243 0.0004146 0.00044265 0.00028685 0.0002181 0.0004009 0.0003815 0.00024495 0.00059525 0.00042545 0.00046635 0.00060455 0.00054 0.00028895 0.00028885 0.0002015 0.0005023 0.00020095 0.00042705 0.0005098 0.00040305 0.00057075 0.00065285 0.0004252 0.0005275 0.00035965 0.00027855 0.00042555 0.00046615 0.00035985 0.0005243 0.0005935 0.00031275 0.0002181 0.00058285 0.00036875 0.0006184 0.0003688 0.00020135 0.00033625 0.00037205 0.00024535 0.0006635 0.00052245 0.00022185 0.00037245 0.0003542 0.0003943 0.0002013 0.00038135 0.00042525 0.0002524 0.0002015 0.00036955 0.0006389 0.00021845 0.00052735 0.00039325 0.0006903 0.0003338 0.0004227 0.00049065 0.0003691 0.0002021 0.0002942 0.00048525 0.0004327 0.00063225 0.0003216 0.00048375 0.00043935 0.0004678 0.0003662 0.00070435 0.00044165 0.0005345 0.0005246 0.00024535 0.0003548 0.0002653 0.00052385 0.00036965 0.0006055 0.0003767 0.0004105 0.00025615 0.0005948 0.000366 0.00030515 0.00046615 0.00046895 0.00021875 0.00020075 0.00061895
11 0.0003706 0.0004526 0.0003812 0.00050735 0.00049265 0.00025905 0.00054075 0.00048315 0.0004166 0.00040085 0.0003815 0.0005178 0.00041115 0.00045305 0.00042445 0.0004926 0.00043495 0.0002845 0.000319 0.0003189 0.0003813 0.00027445 0.0005033 0.00059705 0.00035765 0.0003043 0.0004331 0.0005925 0.0005467 0.0002753 0.0002749 0.0003126 0.0004245 0.00049255 0.00027475 0.000259 0.00043955 0.00042805 0.00027875 0.00041885 0.0004554 0.00035945 0.000571 0.0002596 0.0003964 0.00027755 0.00028905 0.0005985 0.00026125 0.0003291 0.0003836 0.0003833 0.0004734 0.0003813 0.0003813 0.0002891 0.00051645 0.0003813 0.00027445 0.0005842 0.00040105 0.0003614 0.00038015 0.0005357 0.00056555 0.00048675 0.00056805 0.0003336 0.0002594 0.0004347 0.0003706 0.00039425 0.000629 0.00032675 0.00039025 0.0004327 0.0005178 0.0003831 0.0005441 0.00029305 0.0002611 0.00027655 0.00028905 0.00026125 0.00029725 0.0002593 0.00027405 0.0004247 0.0004292 0.00029125 0.0004447 0.0004186 0.00038305 0.00032275 0.00049255 0.0004543 0.0002789 0.00038115 0.00043315
12 0.00034895 0.00047625 0.00041115 0.0004412 0.0004964 0.00055035 0.0004228 0.00047245 0.00033065 0.00026215 0.00024495 0.00041115 0.000489 0.00061205 0.00042545 0.00049625 0.0006213 0.00055595 0.0002447 0.0002447 0.00024495 0.00052915 0.00024465 0.00039455 0.0005396 0.00038975 0.00058655 0.00064725 0.00042545 0.0005441 0.00039025 0.0003153 0.00042555 0.0004963 0.0003903 0.00055035 0.0005798 0.0003422 0.00026205 0.0005771 0.0003988 0.00063515 0.000369 0.0002452 0.00036595 0.0004019 0.00024495 0.0006498 0.00053885 0.00026555 0.00040215 0.00038495 0.0003945 0.00024515 0.00041135 0.00041115 0.00028925 0.0002452 0.00039915 0.00060365 0.00026225 0.000544 0.0004159 0.0006766 0.0003777 0.0004158 0.0005133 0.00039895 0.00024545 0.00029815 0.00051505 0.00045535 0.00061855 0.00035115 0.0005136 0.000469 0.00042405 0.0003969 0.0007203 0.0004644 0.00055105 0.00054215 0.00024495 0.00038505 0.0003019 0.0005499 0.0003993 0.0005918 0.00036265 0.0003971 0.00029265 0.0005892 0.00039695 0.00029785 0.0004963 0.0004252 0.0002624 0.0002448 0.0006349
13 0.0006457 0.0005663 0.00046655 0.0005404 0.00052185 0.0003451 0.0006092 0.00045535 0.00055305 0.00058245 0.00059525 0.00045305 0.00061205 0.0006093 0.00059825 0.00052185 0.00031455 0.0003058 0.00061525 0.00061515 0.0005955 0.00033775 0.00060885 0.0005772 0.000474 0.00046235 0.00032885 0.0004575 0.0006119 0.00030865 0.0004457 0.00053955 0.00059835 0.00052175 0.0004459 0.0003451 0.00046055 0.00055345 0.0005687 0.00045795 0.0004839 0.00036625 0.00058215 0.00058165 0.00048835 0.0004436 0.00059855 0.00045975 0.00030605 0.00058085 0.00048225 0.0004574 0.0005557 0.0005954 0.0004668 0.0004699 0.00059655 0.0005955 0.0004442 0.0006123 0.0005827 0.00030755 0.00044725 0.0005246 0.00056695 0.00053555 0.00044475 0.0004704 0.0005822 0.00057345 0.00051695 0.0004543 0.00041775 0.0005228 0.0004956 0.0004435 0.00057005 0.0004665 0.0003699 0.00042375 0.00031515 0.00031695 0.00059855 0.000444 0.0005528 0.00034525 0.000444 0.00046975 0.00049735 0.00047 0.00059495 0.00046695 0.0004664 0.0005689 0.00052175 0.00061485 0.0005692 0.00059495 0.00031505
14 0.0003649 0.00033255 0.0005815 0.00043905 0.00061205 0.0005539 0.0004252 0.00053225 0.00039855 0.0004755 0.00042545 0.00042445 0.00042545 0.00059825 0.0005359 0.0006141 0.00059415 0.00052275 0.00026875 0.00026865 0.0004253 0.00054305 0.00058215 0.0005148 0.00050885 0.00041385 0.0005207 0.0004519 0.00042535 0.0005066 0.0004141 0.0003828 0.0002683 0.00061405 0.00041395 0.0005539 0.00037485 0.00052135 0.00031855 0.0003609 0.0006199 0.0005602 0.0005146 0.00026865 0.0005056 0.00042875 0.0002683 0.0004521 0.0004394 0.00039905 0.0005455 0.00050175 0.0003931 0.00042315 0.0005817 0.0004249 0.00061215 0.0004253 0.00037505 0.00026845 0.0004757 0.00057715 0.00048955 0.000457 0.0005459 0.0004943 0.0006408 0.0004653 0.0002685 0.00048925 0.00052125 0.00061355 0.0005415 0.0003966 0.00050755 0.00045145 0.0003891 0.00056735 0.00064055 0.0004889 0.00050315 0.00055605 0.00026845 0.00034675 0.0003367 0.00055345 0.00037465 0.0004248 0.0005294 0.00041095 0.0005378 0.00042455 0.0005673 0.00033255 0.00061195 0.0002684 0.0003187 0.0004251 0.00060775
15 0.00047925 0.00060965 0.0004225 0.0005969 0.00039735 0.00044865 0.00054255 0.00052415 0.0005119 0.00043095 0.00046635 0.0004926 0.00049625 0.00052185 0.0006141 0.0007919 0.0005356 0.0004594 0.00059625 0.00059615 0.00046665 0.0004404 0.0003962 0.0005554 0.0004486 0.00051405 0.00057775 0.00065385 0.00054395 0.0004719 0.0004845 0.00049785 0.0006142 0.00039625 0.0004847 0.00044865 0.0005872 0.0004764 0.00050075 0.00059975 0.00039725 0.0004501 0.00052915 0.00053655 0.000467 0.00047885 0.0005665 0.00065535 0.0005123 0.0004476 0.00041295 0.00045625 0.00058275 0.0004676 0.0004227 0.0005225 0.00041055 0.00046675 0.00050975 0.00069035 0.000431 0.00049755 0.0005175 0.00054375 0.0005178 0.0005443 0.0005207 0.00046645 0.0005371 0.00048305 0.00043515 0.00043565 0.00064675 0.0005302 0.0004309 0.00057755 0.00066245 0.0004241 0.00050735 0.00048955 0.00048135 0.0004423 0.0005665 0.00052555 0.00053705 0.00044875 0.0005097 0.00057025 0.00047375 0.0005245 0.0004263 0.0005687 0.00042425 0.0005631 0.00039715 0.00064375 0.00050125 0.0004662 0.0005338
16 0.0006415 0.00056765 0.00046645 0.00054965 0.00053565 0.0003176 0.00062335 0.0004646 0.0005623 0.0006097 0.00060455 0.00043495 0.0006213 0.00031455 0.00059415 0.0005356 0.0005919 0.00032175 0.00060655 0.00060645 0.00060475 0.0003309 0.00063605 0.00058645 0.00046065 0.0004649 0.00032015 0.0004537 0.00062575 0.0003113 0.0004484 0.00055395 0.00059425 0.00053555 0.0004486 0.0003176 0.0004706 0.00056785 0.00057795 0.0004542 0.0005112 0.0003525 0.0005914 0.00057295 0.0004976 0.0004531 0.00058985 0.0004558 0.00029745 0.00060805 0.0005095 0.00046675 0.00056495 0.0006047 0.00046665 0.0004518 0.0006238 0.00060475 0.00044965 0.0006131 0.0006099 0.00031025 0.0004437 0.000525 0.0005762 0.00054995 0.000454 0.0004797 0.0005735 0.00058785 0.00050335 0.00045415 0.00040905 0.0005244 0.00050935 0.0004348 0.00056135 0.00046595 0.0003657 0.0004108 0.0002971 0.00030985 0.00058985 0.00043535 0.00054925 0.0003174 0.00044945 0.00045625 0.00052455 0.0004515 0.00062215 0.00045375 0.0004659 0.00056535 0.00053555 0.00061075 0.00057845 0.0006042 0.0002966
17 0.00055095 0.00049025 0.0003669 0.0005649 0.00045945 0.0001488 0.0006035 0.00050015 0.0005404 0.00050345 0.00054 0.0002845 0.00055595 0.0003058 0.00052275 0.0004594 0.00032175 0.0001583 0.00048935 0.00048925 0.0005402 0.00015425 0.00062255 0.00065835 0.00031485 0.0003058 0.00034465 0.0005396 0.0006054 0.00011035 0.00029005 0.00039015 0.00052285 0.00045935 0.0002903 0.0001488 0.00033365 0.0004841 0.00042065 0.00034045 0.0004072 0.0002091 0.0006641 0.0004573 0.0004236 0.0002684 0.00047345 0.00054165 0.00011465 0.000445 0.0003487 0.00037785 0.0005607 0.00054015 0.00036725 0.00030055 0.0005976 0.0005402 0.0002685 0.0005864 0.00050365 0.000222 0.00036895 0.00044195 0.000685 0.0005099 0.00053355 0.00032465 0.0004579 0.000516 0.00037795 0.00034205 0.0005876 0.0003958 0.0003404 0.00047605 0.0006175 0.00038545 0.00039535 0.00025385 0.0001223 0.0001356 0.00047345 0.0002954 0.0004304 0.00014895 0.0002683 0.00034985 0.0004168 0.00031915 0.00053915 0.000348 0.0003854 0.00044245 0.00045935 0.00053855 0.00042115 0.00053965 0.0003034
18 0.00025 0.00035625 0.00051935 0.0003989 0.0005939 0.00053285 0.00046665 0.00050425 0.0003325 0.00037315 0.00028895 0.000319 0.0002447 0.00061525 0.00026875 0.00059625 0.00060655 0.00048935 6e-07 3.5e-07 0.00028885 0.00052585 0.000489 0.0004532 0.0004973 0.00026805 0.00049265 0.0005671 0.0004692 0.00046545 0.00031245 0.0002628 0.00026885 0.0005962 0.00031235 0.00053285 0.0004527 0.0004154 0.00017295 0.0004197 0.00057875 0.0005798 0.00046035 8.88e-05 0.00040755 0.00032785 4.45e-05 0.0005697 0.00038155 0.0002881 0.00049605 0.00042625 0.0003388 0.0002864 0.00051955 0.0002751 0.00052365 0.00028885 0.000272 0.0004469 0.00037335 0.00052585 0.00038235 0.00057615 0.00051205 0.0004342 0.00062635 0.0003811 8.875e-05 0.0003459 0.00048065 0.00055635 0.0005861 0.00026795 0.0004805 0.0003889 0.0002704 0.000506 0.00069645 0.000409 0.00045895 0.00052955 4.45e-05 0.0002284 0.0001825 0.0005324 0.0002722 0.00049965 0.0004016 0.00026195 0.000441 0.000497 0.00050595 0.0001341 0.0005938 0.00022475 0.00017315 0.0002886 0.00061935
19 0.0002499 0.00035615 0.00051925 0.0003988 0.0005938 0.00053275 0.00046655 0.00050415 0.0003324 0.00037305 0.00028885 0.0003189 0.0002447 0.00061515 0.00026865 0.00059615 0.00060645 0.00048925 3.5e-07 4e-07 0.00028875 0.00052575 0.0004889 0.0004531 0.0004972 0.00026795 0.00049255 0.000567 0.0004691 0.00046535 0.00031235 0.0002627 0.00026875 0.0005961 0.00031225 0.00053275 0.0004526 0.0004153 0.00017285 0.0004196 0.00057865 0.0005797 0.00046025 8.87e-05 0.00040745 0.00032775 4.44e-05 0.0005696 0.00038145 0.000288 0.00049595 0.00042615 0.0003387 0.0002863 0.00051945 0.000275 0.00052355 0.00028875 0.0002719 0.0004468 0.00037325 0.00052575 0.00038225 0.00057605 0.00051195 0.0004341 0.00062625 0.000381 8.865e-05 0.0003458 0.00048055 0.00055625 0.000586 0.00026785 0.0004804 0.0003888 0.0002703 0.0005059 0.00069635 0.0004089 0.00045885 0.00052945 4.44e-05 0.0002283 0.0001824 0.0005323 0.0002721 0.00049955 0.0004015 0.000262 0.0004409 0.0004969 0.00050585 0.000134 0.0005937 0.00022465 0.00017305 0.0002885 0.00061925
20 0.0003051 0.0004753 0.00038155 0.00044125 0.0004668 0.0005245 0.00041475 0.00044285 0.0002872 0.0002188 0.0002015 0.0003813 0.00024495 0.0005955 0.0004253 0.00046665 0.00060475 0.0005402 0.00028885 0.00028875 0.0004021 0.0005025 0.0002012 0.00042715 0.0005099 0.0004031 0.00057075 0.00065305 0.0004255 0.00052755 0.00035985 0.00027895 0.0004252 0.0004667 0.0003597 0.0005245 0.0005937 0.00031295 0.0002186 0.00058285 0.0003692 0.0006186 0.0003691 0.00020175 0.00033635 0.0003723 0.00024505 0.0006637 0.0005223 0.0002222 0.00037255 0.0003546 0.00039455 0.0002015 0.00038175 0.0004253 0.0002529 0.00020145 0.00036975 0.0006391 0.0002189 0.0005274 0.0003934 0.0006905 0.00033425 0.00042295 0.0004908 0.00036935 0.00020155 0.00029435 0.0004853 0.00043285 0.00063245 0.0003219 0.0004841 0.0004392 0.00046785 0.0003665 0.00070455 0.0004419 0.00053455 0.0005248 0.00024505 0.0003545 0.00026555 0.00052405 0.0003695 0.0006057 0.00037675 0.00041055 0.0002563 0.000595 0.00036655 0.00030525 0.0004667 0.000469 0.00021875 0.00020135 0.00061915
21 0.0005308 0.0005472 0.0003047 0.00056795 0.00044285 6.04e-05 0.0005747 0.00051625 0.00052895 0.00044325 0.0005023 0.00027445 0.00052915 0.00033775 0.00054305 0.0004404 0.0003309 0.00015425 0.00052585 0.00052575 0.0005025 8.75e-05 0.00053245 0.00063885 0.0002904 0.00028465 0.0004672 0.0006171 0.0005733 0.00013165 0.00025825 0.00041565 0.00054315 0.00044035 0.00025845 6.035e-05 0.00040145 0.0005241 0.0004128 0.0004175 0.000373 0.0002037 0.0006337 0.00047205 0.0004395 0.00028165 0.00049905 0.00061575 0.00020125 0.0003848 0.0003121 0.000361 0.00056015 0.00050485 0.0003048 0.00030145 0.00055425 0.0005025 0.0003307 0.0006156 0.00044345 0.0002439 0.0004706 0.00048095 0.0006473 0.00051645 0.0005941 0.00034045 0.0004726 0.00052255 0.0003331 0.000324 0.0006634 0.0004772 0.0003513 0.0005445 0.000654 0.0002884 0.00048255 0.0002772 0.00013075 4.44e-05 0.00049905 0.00032855 0.00047865 6.1e-05 0.0003305 0.00034565 0.00042105 0.0002854 0.0004934 0.0003469 0.00028835 0.0005014 0.00044275 0.00056975 0.0004133 0.00050195 0.00034765
22 0.0004479 0.00059625 0.00030295 0.0004835 0.0003989 0.00056785 0.0003791 0.0004406 0.0003288 0.00015115 0.00020095 0.0005033 0.00024465 0.00060885 0.00058215 0.0003962 0.00063605 0.00062255 0.000489 0.0004889 0.0002012 0.00053245 6e-07 0.00033585 0.0005819 0.00051145 0.00068045 0.0007274 0.00038155 0.00062275 0.00046805 0.0003678 0.00058225 0.0003964 0.00046825 0.00056785 0.0007069 0.00026885 0.00035115 0.0007345 0.0002188 0.0006905 0.0002776 0.0004016 0.00032425 0.00047595 0.0004454 0.0007299 0.00069615 0.00024295 0.00030815 0.00034365 0.0004502 0.0002039 0.00030315 0.00054705 5.47e-05 0.00020155 0.0005263 0.0007604 0.000151 0.00056215 0.0004494 0.00077705 0.0002433 0.00039735 0.0004001 0.00041675 0.00040215 0.00025035 0.00054945 0.0003542 0.000651 0.00043435 0.0005467 0.0005491 0.00057755 0.00028775 0.00074415 0.0005198 0.00064315 0.00055475 0.0004454 0.0005417 0.0004213 0.0005674 0.0005264 0.00068395 0.00032355 0.0005323 0.0001441 0.0006814 0.00028795 0.00046155 0.0003988 0.00062565 0.00035165 0.000201 0.00065045
23 0.00058145 0.0005094 0.0005061 0.0004294 0.0005574 0.00065925 0.00043145 0.00050335 0.00042615 0.00042635 0.00042705 0.00059705 0.00039455 0.0005772 0.0005148 0.0005554 0.00058645 0.00065835 0.0004532 0.0004531 0.00042715 0.00063885 0.00033585 0.0005398 0.0006602 0.00054415 0.00057795 0.00052515 0.0004238 0.00064775 0.0005768 0.00050425 0.0005149 0.0005555 0.000577 0.00065925 0.00058205 0.0004276 0.00051715 0.00059335 0.0004691 0.0006994 0.00030295 0.0005179 0.00048385 0.00058765 0.00048565 0.0005176 0.00064635 0.00050015 0.00054105 0.0004865 0.0003905 0.000429 0.0005063 0.00056475 0.0003518 0.00042725 0.0005854 0.00051945 0.0004264 0.00057605 0.00048805 0.0006431 0.00037175 0.00038075 0.00044345 0.00055825 0.00051845 0.0003807 0.00066045 0.00051995 0.00039655 0.00049155 0.0006459 0.00052045 0.0003977 0.0004926 0.0006489 0.000584 0.00065465 0.00064255 0.00048565 0.00057575 0.0005084 0.0006588 0.0005852 0.00059405 0.0004484 0.0005516 0.0004238 0.00060155 0.0004927 0.00047225 0.0005573 0.00048225 0.00051765 0.0004267 0.00059925
24 0.0004268 0.0005109 0.00042995 0.000569 0.00044895 0.00027795 0.0005856 0.00055175 0.0004896 0.0004812 0.0005098 0.00035765 0.0005396 0.000474 0.00050885 0.0004486 0.00046065 0.00031485 0.0004973 0.0004972 0.0005099 0.0002904 0.0005819 0.0006602 0.0005556 0.00039995 0.00053095 0.00061405 0.00058115 0.00031405 0.0003704 0.0004064 0.0005089 0.00044855 0.0003705 0.0002779 0.0004503 0.00051125 0.0004088 0.00045655 0.00049045 0.0002801 0.00063415 0.0004376 0.00051445 0.0003714 0.00046745 0.0006096 0.00032565 0.00042275 0.00043165 0.00045515 0.00056805 0.00051015 0.00043005 0.0003877 0.0005865 0.0005099 0.00037925 0.0005849 0.0004814 0.00042625 0.00049835 0.0004475 0.00062545 0.00055675 0.0006145 0.00041805 0.00043795 0.00052675 0.00034695 0.00043415 0.00066885 0.00043225 0.000348 0.00053795 0.00062755 0.0004321 0.0004768 0.00035525 0.0003028 0.00029275 0.00046745 0.00038275 0.00043895 0.00027865 0.00037895 0.0004293 0.0005321 0.0003901 0.00052775 0.0004336 0.00043205 0.00046465 0.00044885 0.00053855 0.0004092 0.00050945 0.00045905
25 0.0004031 0.000453 0.00041285 0.0004862 0.0005141 0.00030795 0.00052355 0.00050735 0.00043815 0.0004089 0.00040305 0.0003043 0.00038975 0.00046235 0.00041385 0.00051405 0.0004649 0.0003058 0.00026805 0.00026795 0.0004031 0.00028465 0.00051145 0.00054415 0.00039995 0.0005355 0.0004734 0.00059135 0.0005225 0.0002843 0.0002815 0.00033835 0.00041395 0.000514 0.00028155 0.00030795 0.000418 0.00046315 0.0003003 0.00041795 0.00046635 0.00038645 0.0005498 0.00029455 0.00042065 0.00030195 0.00028125 0.00059035 0.00028395 0.00033715 0.00039455 0.0003897 0.00045225 0.00040305 0.00041305 0.00029125 0.00053395 0.0004031 0.00029845 0.00053465 0.0004091 0.0003707 0.000422 0.0005248 0.0005871 0.0004698 0.0006016 0.00035795 0.0002948 0.0004287 0.000413 0.0004353 0.0006239 0.0003701 0.0004116 0.0004705 0.0004671 0.000397 0.0005816 0.00034235 0.00029105 0.0002755 0.00028125 0.00028125 0.0003364 0.0003079 0.00029845 0.000424 0.00039715 0.0002756 0.0004622 0.00042495 0.00039695 0.00031895 0.000514 0.00040055 0.00030065 0.0004027 0.0004806
26 0.0005791 0.00050835 0.000543 0.0005251 0.0005754 0.0004428 0.00062065 0.0004244 0.00053695 0.00064085 0.00057075 0.0004331 0.00058655 0.00032885 0.0005207 0.00057775 0.00032015 0.00034465 0.00049265 0.00049255 0.00057075 0.0004672 0.00068045 0.00057795 0.00053095 0.0004734 0.0003951 0.00037935 0.0006307 0.00035365 0.00045785 0.0005285 0.0005208 0.0005777 0.00045785 0.0004428 0.00044585 0.0005452 0.0005309 0.00040615 0.0005731 0.00042485 0.0005837 0.00046095 0.0004475 0.00044185 0.0004767 0.00038975 0.0002695 0.00062595 0.00056055 0.00048175 0.0005143 0.0005683 0.0005432 0.0004492 0.00065535 0.00057075 0.000386 0.00057095 0.00064105 0.00032625 0.00035025 0.0005277 0.0005657 0.00054695 0.0004165 0.0004658 0.0004611 0.00057485 0.0005515 0.00052025 0.00033 0.0004556 0.00053825 0.0003292 0.0004709 0.00056105 0.0003365 0.00043075 0.00034665 0.0004482 0.0004767 0.00037435 0.0004589 0.0004425 0.0003857 0.00049335 0.00050855 0.00046745 0.00064285 0.0004832 0.000561 0.000474 0.0005753 0.00053655 0.0005312 0.0005704 0.0003017
27 0.0006366 0.00043785 0.00066705 0.00049305 0.0006515 0.00061255 0.000512 0.0005059 0.0005505 0.00069695 0.00065285 0.0005925 0.00064725 0.0004575 0.0004519 0.00065385 0.0004537 0.0005396 0.0005671 0.000567 0.00065305 0.0006171 0.0007274 0.00052515 0.00061405 0.00059135 0.00037935 0.0005932 0.00052655 0.00054005 0.0005972 0.0006227 0.000452 0.0006538 0.0005974 0.00061255 0.0004158 0.0006476 0.0006221 0.0003798 0.00067555 0.0005615 0.00054855 0.0005782 0.00059895 0.00059615 0.00057275 0.0003116 0.00046475 0.0006906 0.00067155 0.0005946 0.00049825 0.0006506 0.00066725 0.000587 0.0007196 0.00065305 0.00054235 0.0003111 0.00069715 0.00052345 0.0005313 0.0004527 0.0005609 0.0005634 0.0005068 0.0006034 0.00057875 0.0006483 0.00065075 0.0006616 0.00031485 0.00057885 0.0006235 0.00043755 0.0004435 0.0006686 0.0004386 0.00059295 0.0005366 0.000613 0.00057275 0.00052255 0.0005791 0.00061225 0.00054215 0.0004663 0.00063235 0.00058875 0.00071565 0.00045165 0.00066855 0.00057285 0.0006514 0.00044615 0.0006226 0.0006525 0.00045175
28 0.00050795 0.0004538 0.0005032 0.0004816 0.00054445 0.00059755 0.00038985 0.0005303 0.00044045 0.00040815 0.0004252 0.0005467 0.00042545 0.0006119 0.00042535 0.00054395 0.00062575 0.0006054 0.0004692 0.0004691 0.0004255 0.0005733 0.00038155 0.0004238 0.00058115 0.0005225 0.0006307 0.00052655 0.0007628 0.0006021 0.0005226 0.00047195 0.00042545 0.00054405 0.0005228 0.00059755 0.00048835 0.00047755 0.0004514 0.00051285 0.0004698 0.0006324 0.0004234 0.0004688 0.0004938 0.0005327 0.0004691 0.0005186 0.00061355 0.0004201 0.0004814 0.0004911 0.00044905 0.00042585 0.0005034 0.00054695 0.00041425 0.0004256 0.0005319 0.0003899 0.00040795 0.0006123 0.00054585 0.00054385 0.00045525 0.000469 0.0005504 0.000513 0.00046935 0.00044555 0.0005857 0.0005352 0.00056035 0.00050935 0.00057045 0.0005618 0.0004991 0.0004889 0.00068045 0.0005671 0.00061205 0.0005863 0.0004691 0.0005344 0.00049275 0.0005971 0.00053185 0.0005032 0.0004765 0.000533 0.0004259 0.00051125 0.000489 0.00048915 0.00054435 0.00042535 0.0004519 0.00042505 0.00063935
29 0.0005338 0.00049005 0.0003707 0.0005535 0.00047195 0.0001393 0.0005994 0.00050465 0.0005281 0.00050365 0.0005275 0.0002753 0.0005441 0.00030865 0.0005066 0.0004719 0.0003113 0.00011035 0.00046545 0.00046535 0.00052755 0.00013165 0.00062275 0.00064775 0.00031405 0.0002843 0.00035365 0.00054005 0.0006021 0.0002069 0.0002681 0.00039425 0.0005067 0.00047185 0.00026815 0.0001393 0.0003443 0.0005046 0.00040815 0.00034035 0.0004242 0.00020655 0.00065265 0.00043215 0.000428 0.00027295 0.00044875 0.0005428 0.00010395 0.00044505 0.00036555 0.00036315 0.0005493 0.0005275 0.0003709 0.00029215 0.0006142 0.00052755 0.00026975 0.0005788 0.00050385 0.000217 0.0003774 0.00045095 0.0006727 0.0005149 0.0005547 0.00032895 0.0004324 0.0005209 0.0003771 0.0003621 0.00058065 0.0004038 0.0003529 0.0004678 0.00059405 0.00037055 0.0004123 0.0002614 0.00011105 0.0001112 0.00044875 0.00026785 0.00042205 0.00013945 0.0002696 0.00035015 0.0004344 0.0002922 0.0005556 0.00034735 0.0003705 0.0004345 0.00047185 0.0005232 0.0004085 0.00052715 0.0003115
30 0.00035985 0.0004521 0.0003833 0.0004863 0.00048455 0.00028215 0.00051555 0.0004778 0.00039475 0.0003656 0.00035965 0.0002749 0.00039025 0.0004457 0.0004141 0.0004845 0.0004484 0.00029005 0.00031245 0.00031235 0.00035985 0.00025825 0.00046805 0.0005768 0.0003704 0.0002815 0.00045785 0.0005972 0.0005226 0.0002681 0.0005009 0.00030205 0.0004142 0.00048445 0.00025105 0.00028215 0.00043195 0.00043395 0.0002569 0.00042395 0.0004368 0.00036995 0.00054995 0.00025075 0.000391 0.000272 0.0002819 0.0006043 0.000268 0.00029385 0.000365 0.00035975 0.00045235 0.0003598 0.0003835 0.0003056 0.00049765 0.00035985 0.00026925 0.00057015 0.0003658 0.000354 0.00039945 0.00053875 0.0005437 0.000477 0.00057915 0.0003284 0.0002517 0.00042495 0.00038345 0.00041285 0.00063785 0.0003409 0.00038215 0.0004411 0.0005111 0.00036665 0.0005659 0.0003199 0.00027495 0.0002579 0.0002819 0.00025145 0.0003001 0.0002821 0.00026905 0.00043795 0.00041135 0.00028915 0.0004259 0.0004308 0.0003666 0.00032655 0.00048445 0.00044455 0.0002574 0.0003593 0.0004649
31 0.00031255 0.0003484 0.00040165 0.00039105 0.0005003 0.00042635 0.000472 0.00047505 0.0002587 0.00024425 0.00027855 0.0003126 0.0003153 0.00053955 0.0003828 0.00049785 0.00055395 0.00039015 0.0002628 0.0002627 0.00027895 0.00041565 0.0003678 0.00050425 0.0004064 0.00033835 0.0005285 0.0006227 0.00047195 0.00039425 0.00030205 0.0002406 0.0003829 0.0004978 0.00030225 0.00042635 0.0004589 0.00024395 0.00015485 0.0004752 0.00044275 0.0005022 0.0004533 0.0001896 0.00039305 0.00029805 0.0002263 0.0006227 0.0003757 0.00020095 0.000397 0.00037505 0.0003724 0.0002813 0.00040185 0.00034925 0.0003702 0.00027895 0.00026565 0.0005762 0.00024445 0.0004549 0.0003129 0.0006017 0.0004319 0.00035185 0.00051835 0.0003513 0.00019015 0.0002697 0.0004354 0.0004016 0.0006292 0.00012035 0.0003744 0.00042925 0.0004623 0.00040315 0.0006483 0.0002781 0.00040645 0.0004265 0.0002263 0.0002837 0.000159 0.0004259 0.00026575 0.0005059 0.00039815 0.00035095 0.0003245 0.00050585 0.0004031 0.00019145 0.0005002 0.0004192 0.00015535 0.0002784 0.0005519
32 0.00036495 0.00033265 0.0005816 0.00043915 0.00061215 0.000554 0.0004253 0.00053235 0.00039865 0.0004756 0.00042555 0.0004245 0.00042555 0.00059835 0.0002683 0.0006142 0.00059425 0.00052285 0.00026885 0.00026875 0.0004252 0.00054315 0.00058225 0.0005149 0.0005089 0.00041395 0.0005208 0.000452 0.00042545 0.0005067 0.0004142 0.0003829 0.0005361 0.00061415 0.00041405 0.000554 0.0003748 0.00052145 0.00031865 0.000361 0.00062 0.00056025 0.0005147 0.00026875 0.0005057 0.00042885 0.00026855 0.00045205 0.0004395 0.00039915 0.0005456 0.00050185 0.0003932 0.00042325 0.0005818 0.000425 0.00061225 0.0004253 0.00037515 0.00026855 0.0004758 0.00057735 0.00048965 0.00045695 0.000546 0.0004944 0.0006409 0.0004654 0.00026855 0.00048935 0.00052135 0.00061365 0.0005416 0.0003967 0.00050765 0.0004517 0.0003892 0.00056745 0.00064065 0.000489 0.00050325 0.00055615 0.00026855 0.000347 0.0003368 0.00055355 0.00037475 0.0004249 0.0005295 0.00041105 0.0005379 0.00042465 0.0005674 0.00033265 0.00061205 0.00026835 0.0003188 0.0004252 0.00060785
33 0.0004792 0.0006096 0.0004223 0.00059685 0.00039715 0.0004486 0.0005426 0.00052415 0.00051185 0.00043075 0.00046615 0.00049255 0.0004963 0.00052175 0.00061405 0.00039625 0.00053555 0.00045935 0.0005962 0.0005961 0.0004667 0.00044035 0.0003964 0.0005555 0.00044855 0.000514 0.0005777 0.0006538 0.00054405 0.00047185 0.00048445 0.0004978 0.00061415 0.0007918 0.00048465 0.0004486 0.00058715 0.0004765 0.0005007 0.0005997 0.0003972 0.00045005 0.00052925 0.0005365 0.00046715 0.00047875 0.00056645 0.0006553 0.00051225 0.0004476 0.0004131 0.00045605 0.0005827 0.0004674 0.00042265 0.00052245 0.0004105 0.0004667 0.0005097 0.0006903 0.0004311 0.0004975 0.0005176 0.0005437 0.00051795 0.0005443 0.0005208 0.00046655 0.00053705 0.00048315 0.0004351 0.00043575 0.0006467 0.00053015 0.0004307 0.0005775 0.0006624 0.00042425 0.0005073 0.0004895 0.0004813 0.00044225 0.00056645 0.0005255 0.000537 0.0004487 0.00050965 0.0005702 0.00047385 0.00052445 0.00042645 0.00056865 0.00042405 0.00056305 0.00039695 0.0006437 0.0005012 0.00046615 0.00053375
34 0.00035955 0.0004523 0.0003835 0.0004865 0.00048475 0.00028235 0.00051575 0.000478 0.00039495 0.0003658 0.00035985 0.00027475 0.0003903 0.0004459 0.00041395 0.0004847 0.0004486 0.0002903 0.00031235 0.00031225 0.0003597 0.00025845 0.00046825 0.000577 0.0003705 0.00028155 0.00045785 0.0005974 0.0005228 0.00026815 0.00025105 0.00030225 0.00041405 0.00048465 0.0005013 0.00028235 0.00043215 0.00043415 0.0002571 0.00042395 0.000437 0.00037015 0.00055015 0.00025135 0.0003913 0.0002726 0.0002816 0.0006045 0.00026785 0.00029405 0.0003652 0.0003598 0.00045255 0.00035965 0.0003837 0.00030565 0.00049785 0.0003597 0.0002693 0.00057035 0.000366 0.00035405 0.00039975 0.00053895 0.0005439 0.0004772 0.00057935 0.0003286 0.00025095 0.00042515 0.0003835 0.00041305 0.00063805 0.0003411 0.00038235 0.00044095 0.00051115 0.00036685 0.0005661 0.0003201 0.000275 0.0002581 0.00028135 0.00025115 0.0003003 0.0002823 0.0002689 0.00043815 0.0004115 0.0002892 0.0004261 0.000431 0.0003668 0.0003266 0.00048465 0.0004446 0.000257 0.0003595 0.0004651
35 0.00054225 0.00054785 0.00030275 0.00058915 0.0004511 3.745e-05 0.00060005 0.00052175 0.00055095 0.00047865 0.0005243 0.000259 0.00055035 0.0003451 0.0005539 0.00044865 0.0003176 0.0001488 0.00053285 0.00053275 0.0005245 6.035e-05 0.00056785 0.00065925 0.0002779 0.00030795 0.0004428 0.00061255 0.00059755 0.0001393 0.00028215 0.00042635 0.000554 0.0004486 0.00028235 7.45e-05 0.0004092 0.00051835 0.0004348 0.00041275 0.00039175 0.00019335 0.0006549 0.00048065 0.00044495 0.00028695 0.00050685 0.0006101 0.0001952 0.0004202 0.00033085 0.00038505 0.00058135 0.00052685 0.00030275 0.00028525 0.0005732 0.0005245 0.0003362 0.0006298 0.00047885 0.0002513 0.00045135 0.00047805 0.0006693 0.00052635 0.00058315 0.0003458 0.0004812 0.00053245 0.00032055 0.00030555 0.0006547 0.0004632 0.00035955 0.0005366 0.000661 0.000305 0.0004609 0.0002505 0.0001174 6.29e-05 0.00050685 0.0003392 0.00047595 3.835e-05 0.000336 0.00033255 0.0004391 0.0002878 0.00051235 0.00033485 0.00030495 0.0004979 0.000451 0.0005798 0.0004353 0.00052395 0.00031605
36 0.00055555 0.000376 0.00055295 0.00050615 0.00058755 0.0004092 0.0005007 0.0005588 0.0005283 0.0005836 0.0005935 0.00043955 0.0005798 0.00046055 0.00037485 0.0005872 0.0004706 0.00033365 0.0004527 0.0004526 0.0005937 0.00040145 0.0007069 0.00058205 0.0004503 0.000418 0.00044585 0.0004158 0.00048835 0.0003443 0.00043195 0.0004589 0.0003748 0.00058715 0.00043215 0.0004092 0.0005384 0.00057595 0.00047 0.00029925 0.0005796 0.0003942 0.00061365 0.00048 0.0005424 0.00042935 0.00046645 0.00040335 0.00030635 0.00052045 0.0005161 0.00050825 0.00048635 0.00059395 0.00055315 0.00042595 0.0007012 0.0005937 0.00037485 0.0002822 0.0005838 0.0004405 0.000481 0.0003682 0.0006749 0.000516 0.00061585 0.0004659 0.00048055 0.0005691 0.00051495 0.0005469 0.0005101 0.00045725 0.000464 0.00050855 0.0005024 0.0005553 0.00050215 0.0004283 0.00035395 0.0003938 0.00046645 0.00039465 0.00047245 0.0004087 0.00037465 0.0003345 0.0005225 0.0004285 0.00063775 0.00034675 0.00055525 0.00045485 0.00058745 0.0003608 0.0004705 0.00059315 0.00046765
