 slim_337493993 slim_337493965 slim_337494011 slim_337493867 slim_337493982 slim_337493951 slim_337494009 slim_337494013 slim_337493845 slim_337493672 slim_337493710 slim_337493903 slim_337493913 slim_337493963 slim_337493790 slim_337493987 slim_337493917 slim_337494004 slim_337493846 slim_337493941 slim_337493832 slim_337494000 slim_337493962 slim_337493881 slim_337494008 slim_337493799 slim_337493943 slim_337493928 slim_337493840 slim_337493994 slim_337493971 slim_337493940 slim_337493939 slim_337493983 slim_337493964 slim_337493990 slim_337493967 slim_337493823 slim_337493927 slim_337493992 slim_337493787 slim_337493925 slim_337493864 slim_337493861 slim_337494001 slim_337493929 slim_337493899 slim_337493857 slim_337493944 slim_337493518 slim_337493870 slim_337493991 slim_337494006 slim_337493758 slim_337493980 slim_337493915 slim_337493923 slim_337494003 slim_337493968 slim_337494012 slim_337493891 slim_337493642 slim_337493996 slim_337493966 slim_337493853 slim_337493866 slim_337494005 slim_337493912 slim_337493797 slim_337493981 slim_337493671 slim_337493937 slim_337493997 slim_337493871 slim_337493926 slim_337493884 slim_337493905 slim_337494007 slim_337493955 slim_337493791 slim_337494016 slim_337493995 slim_337493979 slim_337493862 slim_337493722 slim_337494015 slim_337493921 slim_337493844 slim_337493830 slim_337493934 slim_337493868 slim_337493952 slim_337493977 slim_337493942 slim_337493535 slim_337493945 slim_337494010 slim_337493961 slim_337493989 slim_337493483
0 5.9e-06 0.00017135 4.1e-06 7.295e-05 8.785e-05 1.72e-05 7.4e-06 8.505e-05 8.065e-05 1.87e-05 8.77e-05 1.76e-05 3.17e-05 6.935e-05 6.35e-06 1.895e-05 9.105e-05 4.8e-06 8.665e-05 1.65e-05 7.35e-06 7.25e-06 8.68e-05 1.89e-05 1.625e-05 0.0001036 9.315e-05 9.55e-06 0.00010245 3e-06 8.675e-05 6.1e-06 4.275e-05 8.68e-05 9.105e-05 0.0001716 9.19e-05 1.87e-05 7.3e-06 1.88e-05 8.975e-05 1.295e-05 8.865e-05 8.65e-05 6.55e-06 1.885e-05 1.385e-05 8.115e-05 0.00010245 3e-06 7.4e-06 6.35e-06 9.89e-05 0.0001701 7.46e-05 8.685e-05 9.165e-05 1.95e-05 8.695e-05 6.6e-06 9.05e-06 9.6e-06 8.455e-05 4.85e-06 9.02e-05 1.905e-05 7.8e-06 4.8e-06 9.87e-05 1.045e-05 2.02e-05 9.32e-05 9.31e-05 1.95e-05 4.05e-06 8.1e-06 8.975e-05 1.13e-05 1.895e-05 0.00010235 1.965e-05 2.07e-05 1.02e-05 0.00015855 8.945e-05 9.035e-05 1.38e-05 0.0001035 7.5e-06 9.6e-06 1.59e-05 0.00010245 9.31e-05 1.885e-05 8.78e-05 2.22e-05 0.0001373 0.00017175 7.305e-05 8.655e-05
1 0.00017135 1.01e-05 0.00017115 0.00015005 8.84e-05 0.0001579 0.000171 0.00013985 0.00014505 0.0001579 8.85e-05 0.0001613 0.000148 0.0001073 0.00017095 0.00015815 8.505e-05 0.0001711 8.88e-05 0.00016115 0.0001674 0.00016925 8.85e-05 0.00015825 0.00016365 7.505e-05 8.435e-05 0.0001673 7.575e-05 0.00017135 8.87e-05 0.00017035 0.0001316 8.91e-05 0.0001354 6.3e-06 8.8e-05 0.0001582 0.00016715 0.000158 8.765e-05 0.000167 8.81e-05 8.8e-05 0.0001694 0.00015815 0.00016345 0.0001456 7.585e-05 0.00017125 0.0001693 0.00017095 7.925e-05 6.05e-06 0.0001496 8.88e-05 8.83e-05 0.000158 0.0001389 0.0001715 0.00016685 0.0001703 9.485e-05 0.00017145 8.655e-05 0.00015845 0.0001678 0.0001714 7.98e-05 0.00016705 0.0001573 8.505e-05 8.495e-05 0.00015765 0.0001711 0.0001709 8.875e-05 0.00016745 0.00015815 7.505e-05 0.00015775 0.0001587 0.00016925 6.65e-05 0.0001363 8.66e-05 0.00016525 7.555e-05 0.0001673 0.0001673 0.0001611 7.585e-05 8.435e-05 0.0001579 8.85e-05 0.00015775 3.92e-05 6.45e-06 0.00015015 8.85e-05
2 4.1e-06 0.00017115 3e-06 7.23e-05 8.94e-05 1.99e-05 9.05e-06 8.685e-05 8.135e-05 2.01e-05 8.925e-05 1.94e-05 3.22e-05 6.765e-05 6.35e-06 2.04e-05 9.205e-05 2.5e-06 8.815e-05 1.885e-05 7.35e-06 7.3e-06 8.565e-05 1.795e-05 1.63e-05 0.00010335 9.305e-05 1.125e-05 0.00010215 1.65e-06 8.83e-05 7.6e-06 4.53e-05 8.595e-05 9.155e-05 0.0001714 9.24e-05 1.79e-05 9.6e-06 2.035e-05 9.025e-05 1.36e-05 8.705e-05 8.8e-05 6.3e-06 1.795e-05 1.46e-05 8.185e-05 0.00010215 1.55e-06 7.25e-06 6.35e-06 9.99e-05 0.00016985 7.465e-05 8.815e-05 9.22e-05 2.05e-05 8.825e-05 8.95e-06 9.55e-06 1.085e-05 8.42e-05 5.3e-06 8.985e-05 1.785e-05 7.9e-06 5.25e-06 9.95e-05 8.95e-06 2.195e-05 9.31e-05 9.3e-05 1.78e-05 1.7e-06 9.9e-06 9.085e-05 1.25e-05 2.04e-05 0.0001021 1.795e-05 2.16e-05 1.06e-05 0.0001591 8.995e-05 9e-05 1.45e-05 0.00010325 1.02e-05 1.125e-05 1.585e-05 0.00010215 9.3e-05 2.01e-05 8.695e-05 2.265e-05 0.00013755 0.00017155 7.23e-05 8.785e-05
3 7.295e-05 0.00015005 7.23e-05 0.0001431 0.00011255 7.965e-05 7.585e-05 8.26e-05 7.905e-05 8.465e-05 0.0001124 8.09e-05 9.105e-05 0.0001109 7.47e-05 8.495e-05 0.00011305 7.25e-05 0.00011195 8.01e-05 7.345e-05 7.45e-05 0.00011055 8.375e-05 7.725e-05 0.0001234 0.0001131 7.555e-05 0.00012285 7.17e-05 0.0001121 7.34e-05 0.0001103 0.0001109 9.04e-05 0.0001507 0.00011455 8.365e-05 7.46e-05 8.485e-05 0.00011315 7.74e-05 0.0001118 0.0001114 7.435e-05 8.37e-05 7.625e-05 7.98e-05 0.00012285 7.16e-05 7.455e-05 7.47e-05 0.0001177 0.0001498 7.715e-05 0.00011195 0.0001146 8.505e-05 8.375e-05 7.54e-05 7.485e-05 7.75e-05 0.00012275 7.355e-05 0.0001124 8.39e-05 7.425e-05 7.345e-05 0.00011775 7.485e-05 8.125e-05 0.00011355 0.00011345 8.395e-05 7.225e-05 7.645e-05 0.0001134 7.62e-05 8.495e-05 0.00012235 8.41e-05 8.1e-05 7.69e-05 0.000117 8.92e-05 0.00011255 7.715e-05 0.0001233 7.505e-05 7.555e-05 7.895e-05 0.00012285 0.00011305 8.465e-05 0.00011135 8.67e-05 0.0001484 0.00015085 7.175e-05 0.00011165
4 8.785e-05 8.84e-05 8.94e-05 0.00011255 0.0001724 8.695e-05 8.88e-05 0.00011185 0.00011295 8.81e-05 8.655e-05 8.88e-05 9.02e-05 8.94e-05 8.965e-05 8.825e-05 8.755e-05 8.935e-05 8.705e-05 8.84e-05 8.835e-05 9e-05 8.975e-05 8.965e-05 9.01e-05 8.845e-05 9e-05 8.815e-05 8.865e-05 8.91e-05 8.73e-05 8.83e-05 8.655e-05 8.86e-05 0.00011235 8.72e-05 8.98e-05 8.96e-05 8.69e-05 8.825e-05 8.985e-05 9.005e-05 8.77e-05 8.805e-05 8.8e-05 8.955e-05 8.875e-05 0.0001135 8.9e-05 8.9e-05 9.005e-05 8.965e-05 8.79e-05 8.78e-05 0.00011315 8.725e-05 8.855e-05 8.86e-05 0.00011295 8.775e-05 8.89e-05 8.995e-05 9.01e-05 8.845e-05 8.875e-05 8.985e-05 8.855e-05 8.84e-05 8.795e-05 8.965e-05 8.855e-05 8.89e-05 8.88e-05 8.955e-05 8.935e-05 8.885e-05 8.71e-05 8.88e-05 8.83e-05 9.005e-05 8.965e-05 8.965e-05 8.9e-05 0.00011165 0.0001132 8.89e-05 9.035e-05 8.85e-05 8.685e-05 8.81e-05 8.965e-05 8.9e-05 8.995e-05 8.825e-05 8.765e-05 9.01e-05 8.885e-05 8.73e-05 0.00011265 8.695e-05
5 1.72e-05 0.0001579 1.99e-05 7.965e-05 8.695e-05 2.96e-05 1.91e-05 7.565e-05 8.015e-05 3.045e-05 8.685e-05 1.93e-05 3.33e-05 7.33e-05 1.995e-05 3.06e-05 8.58e-05 2.06e-05 8.575e-05 1.83e-05 1.76e-05 2.085e-05 8.82e-05 3.28e-05 2.75e-05 0.00010265 9.21e-05 2.115e-05 0.00010145 1.92e-05 8.6e-05 1.915e-05 5.065e-05 8.805e-05 9.075e-05 0.000158 9.07e-05 3.27e-05 1.54e-05 3.06e-05 8.85e-05 2.4e-05 8.96e-05 8.575e-05 2.02e-05 3.27e-05 2.165e-05 8.065e-05 0.00010145 1.91e-05 2.085e-05 1.995e-05 8.9e-05 0.0001566 7.665e-05 8.595e-05 9.03e-05 3.14e-05 7.66e-05 1.845e-05 1.82e-05 2.045e-05 8.66e-05 1.885e-05 9.07e-05 3.295e-05 1.745e-05 1.88e-05 8.88e-05 2.38e-05 1.745e-05 9.2e-05 9.19e-05 3.305e-05 1.98e-05 1.945e-05 8.89e-05 2.285e-05 3.07e-05 0.0001015 3.32e-05 2.32e-05 2.28e-05 0.0001456 8.91e-05 9.085e-05 2.485e-05 0.00010255 1.49e-05 2.11e-05 1.975e-05 0.00010145 9.205e-05 3.06e-05 8.91e-05 3.345e-05 0.0001274 0.00015815 7.97e-05 8.565e-05
6 7.4e-06 0.000171 9.05e-06 7.585e-05 8.88e-05 1.91e-05 1.03e-05 8.465e-05 7.995e-05 1.975e-05 8.89e-05 1.59e-05 2.99e-05 7.115e-05 7.55e-06 1.99e-05 9.17e-05 9e-06 8.87e-05 1.645e-05 1e-05 9e-06 8.97e-05 2.085e-05 1.465e-05 0.0001023 9.27e-05 1.045e-05 0.00010225 8.2e-06 8.885e-05 9e-06 4.645e-05 8.975e-05 9.005e-05 0.0001713 8.925e-05 2.08e-05 9e-06 1.995e-05 8.885e-05 1.08e-05 9.035e-05 8.85e-05 1.015e-05 2.08e-05 1.315e-05 8.045e-05 0.0001023 8.1e-06 8.95e-06 7.6e-06 9.77e-05 0.0001709 7.74e-05 8.87e-05 8.925e-05 2.02e-05 8.585e-05 5.4e-06 1.165e-05 6.95e-06 8.34e-05 6.9e-06 9.155e-05 2.105e-05 1.06e-05 6.85e-06 9.855e-05 1.205e-05 1.925e-05 9.28e-05 9.265e-05 2.135e-05 8.9e-06 6.15e-06 8.84e-05 9.8e-06 2e-05 0.00010215 2.145e-05 2.02e-05 9.75e-06 0.00015855 8.96e-05 9.17e-05 1.21e-05 0.0001025 9.35e-06 1.045e-05 1.72e-05 0.0001023 9.265e-05 1.975e-05 8.965e-05 2.02e-05 0.0001375 0.00017145 7.585e-05 8.84e-05
7 8.505e-05 0.00013985 8.685e-05 8.26e-05 0.00011185 7.565e-05 8.465e-05 0.0001257 7.895e-05 9.87e-05 0.00011195 7.555e-05 9.16e-05 0.0001137 8.72e-05 9.885e-05 0.0001133 8.63e-05 0.0001123 7.595e-05 8.59e-05 8.695e-05 0.00011315 0.00010005 9.525e-05 0.0001269 0.0001175 8.945e-05 0.0001274 8.605e-05 0.00011245 8.41e-05 0.0001151 0.0001136 8.99e-05 0.00014055 0.0001137 0.0001 8.465e-05 9.89e-05 0.00011385 9.17e-05 0.00011355 0.0001117 8.67e-05 9.995e-05 9.04e-05 7.975e-05 0.00012745 8.595e-05 8.69e-05 8.72e-05 0.0001015 0.0001407 7.53e-05 0.0001123 0.000114 9.91e-05 6.61e-05 8.175e-05 8.64e-05 8.81e-05 0.00012735 8.39e-05 0.0001133 0.00010025 8.625e-05 8.385e-05 0.00010335 9.12e-05 7.75e-05 0.000118 0.0001179 0.00010045 8.67e-05 8.49e-05 0.000111 8.84e-05 9.895e-05 0.0001269 0.00010055 8.095e-05 8.77e-05 0.00010285 8.98e-05 0.00011345 9.14e-05 0.0001271 8.475e-05 8.945e-05 7.76e-05 0.00012745 0.00011745 9.87e-05 0.00011295 0.0001011 0.0001373 0.0001407 8.26e-05 0.000112
8 8.065e-05 0.00014505 8.135e-05 7.905e-05 0.00011295 8.015e-05 7.995e-05 7.895e-05 0.0001538 8.795e-05 0.0001128 7.94e-05 8.72e-05 0.0001113 7.95e-05 8.82e-05 0.00011245 8.155e-05 0.0001123 7.925e-05 8.06e-05 8.035e-05 0.00011285 8.88e-05 7.72e-05 0.00012115 0.00011065 7.85e-05 0.00012035 8.11e-05 0.00011245 7.985e-05 0.0001122 0.00011305 8.845e-05 0.0001455 0.00011205 8.87e-05 7.99e-05 8.82e-05 0.0001108 7.745e-05 0.00011355 0.00011195 8.075e-05 8.87e-05 7.855e-05 7.775e-05 0.00012055 8.1e-05 8.035e-05 7.95e-05 0.00011355 0.00014455 7.98e-05 0.0001123 0.0001121 8.775e-05 7.725e-05 8.125e-05 8.095e-05 7.765e-05 0.00011915 8.12e-05 0.00011355 8.895e-05 8.1e-05 8.115e-05 0.0001123 7.915e-05 7.885e-05 0.00011085 0.00011085 8.86e-05 8.125e-05 7.945e-05 0.00011375 7.905e-05 8.825e-05 0.0001203 8.875e-05 7.81e-05 8.055e-05 0.0001117 8.685e-05 0.0001137 7.82e-05 0.00012105 8.005e-05 7.85e-05 7.955e-05 0.0001206 0.0001106 8.795e-05 0.0001135 8.71e-05 0.00014485 0.00014565 7.91e-05 0.000112
9 1.87e-05 0.0001579 2.01e-05 8.465e-05 8.81e-05 3.045e-05 1.975e-05 9.87e-05 8.795e-05 3.4e-05 8.795e-05 2.89e-05 2.745e-05 6.88e-05 1.905e-05 1.735e-05 9.04e-05 2.08e-05 8.69e-05 2.845e-05 2.225e-05 2.1e-05 8.86e-05 1.865e-05 1.77e-05 8.81e-05 8.725e-05 1.74e-05 8.67e-05 1.99e-05 8.705e-05 2.035e-05 4.455e-05 8.84e-05 8.875e-05 0.00015795 8.93e-05 1.85e-05 2.08e-05 1.725e-05 8.73e-05 1.785e-05 8.94e-05 8.695e-05 2.025e-05 1.855e-05 2.105e-05 8.85e-05 8.69e-05 1.98e-05 2.105e-05 1.905e-05 9.92e-05 0.00015645 8.97e-05 8.705e-05 8.9e-05 1.725e-05 9.775e-05 2.075e-05 2.305e-05 1.795e-05 6.77e-05 2.035e-05 9.085e-05 1.875e-05 2.24e-05 2.03e-05 9.765e-05 1.875e-05 3.06e-05 8.71e-05 8.705e-05 1.835e-05 2.005e-05 1.935e-05 9e-05 1.91e-05 1.735e-05 8.705e-05 1.855e-05 2.72e-05 2.165e-05 0.00015765 8.67e-05 9.1e-05 1.975e-05 8.795e-05 2.07e-05 1.74e-05 2.88e-05 8.695e-05 8.72e-05 1.715e-05 8.94e-05 1.77e-05 0.0001253 0.0001581 8.475e-05 8.675e-05
10 8.77e-05 8.85e-05 8.925e-05 0.0001124 8.655e-05 8.685e-05 8.89e-05 0.00011195 0.0001128 8.795e-05 0.0001721 8.89e-05 9.005e-05 8.925e-05 8.95e-05 8.82e-05 8.74e-05 8.945e-05 8.69e-05 8.835e-05 8.82e-05 8.985e-05 8.96e-05 8.955e-05 8.995e-05 8.86e-05 8.985e-05 8.8e-05 8.84e-05 8.895e-05 8.715e-05 8.825e-05 8.63e-05 8.845e-05 0.0001125 8.745e-05 9.015e-05 8.945e-05 8.675e-05 8.81e-05 8.97e-05 8.99e-05 8.8e-05 8.79e-05 8.785e-05 8.945e-05 8.86e-05 0.00011345 8.885e-05 8.885e-05 8.99e-05 8.95e-05 8.83e-05 8.765e-05 0.0001131 8.71e-05 8.835e-05 8.85e-05 0.0001128 8.81e-05 8.875e-05 8.98e-05 8.995e-05 8.855e-05 8.895e-05 8.97e-05 8.84e-05 8.85e-05 8.755e-05 8.95e-05 8.84e-05 8.875e-05 8.865e-05 8.94e-05 8.92e-05 8.895e-05 8.765e-05 8.89e-05 8.815e-05 8.99e-05 8.955e-05 8.95e-05 8.92e-05 0.00011175 0.00011305 8.91e-05 9.02e-05 8.81e-05 8.67e-05 8.8e-05 8.95e-05 8.885e-05 8.98e-05 8.81e-05 8.79e-05 9e-05 8.895e-05 8.76e-05 0.0001125 8.68e-05
11 1.76e-05 0.0001613 1.94e-05 8.09e-05 8.88e-05 1.93e-05 1.59e-05 7.555e-05 7.94e-05 2.89e-05 8.89e-05 3e-05 2.885e-05 7.08e-05 1.725e-05 2.905e-05 9.16e-05 1.935e-05 8.865e-05 1.65e-05 2.045e-05 1.925e-05 9.02e-05 3.035e-05 2.32e-05 0.0001016 9.22e-05 1.965e-05 0.0001013 1.87e-05 8.88e-05 1.875e-05 5.195e-05 9.005e-05 8.925e-05 0.0001614 8.875e-05 3.03e-05 1.91e-05 2.915e-05 8.84e-05 1.94e-05 9.05e-05 8.865e-05 1.945e-05 3.025e-05 2.26e-05 7.985e-05 0.00010155 1.86e-05 1.92e-05 1.725e-05 8.85e-05 0.00016095 7.785e-05 8.865e-05 8.875e-05 2.88e-05 7.54e-05 1.545e-05 2.13e-05 1.565e-05 8.22e-05 1.71e-05 9.14e-05 3.055e-05 2.075e-05 1.705e-05 8.85e-05 2.14e-05 1.855e-05 9.21e-05 9.19e-05 3.065e-05 1.925e-05 1.55e-05 8.855e-05 1.92e-05 2.915e-05 0.00010165 3.075e-05 1.935e-05 1.88e-05 0.0001481 8.835e-05 9.155e-05 2.135e-05 0.0001018 1.915e-05 1.965e-05 1.72e-05 0.0001015 9.215e-05 2.89e-05 9e-05 2.88e-05 0.00012825 0.00016155 8.09e-05 8.835e-05
12 3.17e-05 0.000148 3.22e-05 9.105e-05 9.02e-05 3.33e-05 2.99e-05 9.16e-05 8.72e-05 2.745e-05 9.005e-05 2.885e-05 4.8e-05 6.87e-05 2.83e-05 2.775e-05 9.115e-05 3.29e-05 8.905e-05 2.915e-05 3.365e-05 3.085e-05 8.96e-05 2.82e-05 2.47e-05 8.675e-05 8.57e-05 2.785e-05 8.53e-05 3.2e-05 8.92e-05 3.29e-05 5.405e-05 8.965e-05 8.8e-05 0.0001483 8.765e-05 2.805e-05 3.31e-05 2.76e-05 8.555e-05 2.455e-05 9.06e-05 8.885e-05 3.24e-05 2.81e-05 2.99e-05 8.765e-05 8.56e-05 3.19e-05 3.085e-05 2.83e-05 9.15e-05 0.00014685 9.15e-05 8.905e-05 8.735e-05 2.705e-05 8.705e-05 3.355e-05 3.405e-05 2.445e-05 6.49e-05 3.28e-05 9.145e-05 2.83e-05 3.4e-05 3.275e-05 8.875e-05 2.83e-05 2.97e-05 8.58e-05 8.565e-05 2.79e-05 3.21e-05 2.895e-05 9.155e-05 2.9e-05 2.78e-05 8.54e-05 2.81e-05 2.665e-05 3.05e-05 0.00014825 8.555e-05 9.16e-05 2.705e-05 8.645e-05 3.32e-05 2.785e-05 2.805e-05 8.55e-05 8.565e-05 2.745e-05 9.06e-05 2.44e-05 0.00011715 0.00014845 9.11e-05 8.875e-05
13 6.935e-05 0.0001073 6.765e-05 0.0001109 8.94e-05 7.33e-05 7.115e-05 0.0001137 0.0001113 6.88e-05 8.925e-05 7.08e-05 6.87e-05 0.0001328 6.87e-05 6.91e-05 9.105e-05 6.835e-05 8.8e-05 7.085e-05 7.205e-05 7.08e-05 8.735e-05 6.815e-05 6.81e-05 8.825e-05 8.7e-05 6.905e-05 8.68e-05 6.83e-05 8.805e-05 7.165e-05 6.975e-05 8.725e-05 0.0001122 0.00010745 8.93e-05 6.805e-05 7.285e-05 6.91e-05 8.735e-05 6.85e-05 8.76e-05 8.795e-05 6.98e-05 6.805e-05 7.185e-05 0.0001117 8.69e-05 6.82e-05 7.085e-05 6.87e-05 9.055e-05 0.00010565 0.00011205 8.8e-05 8.93e-05 6.865e-05 0.00011175 7.285e-05 7.345e-05 6.89e-05 6.73e-05 7.06e-05 9.005e-05 6.83e-05 7.26e-05 7.055e-05 8.905e-05 6.73e-05 7.245e-05 8.695e-05 8.675e-05 6.705e-05 6.76e-05 7.085e-05 9.09e-05 7.035e-05 6.91e-05 8.7e-05 6.72e-05 6.895e-05 7.18e-05 0.00013055 0.00011015 9.025e-05 7.055e-05 8.815e-05 7.315e-05 6.905e-05 6.89e-05 8.685e-05 8.695e-05 6.88e-05 8.845e-05 6.845e-05 8.88e-05 0.0001076 0.000111 8.77e-05
14 6.35e-06 0.00017095 6.35e-06 7.47e-05 8.965e-05 1.995e-05 7.55e-06 8.72e-05 7.95e-05 1.905e-05 8.95e-05 1.725e-05 2.83e-05 6.87e-05 1.05e-05 1.93e-05 9.145e-05 7.05e-06 8.845e-05 1.73e-05 9e-06 7.4e-06 8.785e-05 1.835e-05 1.275e-05 0.0001016 9.13e-05 9.95e-06 0.00010025 5.3e-06 8.86e-05 9e-06 4.7e-05 8.765e-05 8.975e-05 0.000171 8.935e-05 1.815e-05 9.85e-06 1.93e-05 8.76e-05 9.05e-06 8.945e-05 8.85e-05 8.5e-06 1.83e-05 1.26e-05 7.99e-05 0.00010045 5.3e-06 7.5e-06 5.3e-06 0.00010015 0.0001695 7.635e-05 8.845e-05 8.91e-05 1.895e-05 8.56e-05 9.8e-06 1.06e-05 5.35e-06 8.11e-05 7.6e-06 9.075e-05 1.85e-05 9.65e-06 7.55e-06 9.845e-05 9.8e-06 1.895e-05 9.115e-05 9.095e-05 1.89e-05 6.25e-06 7.45e-06 9.105e-05 1.115e-05 1.935e-05 0.0001006 1.905e-05 1.9e-05 8.6e-06 0.0001582 8.775e-05 9.09e-05 1.105e-05 0.0001015 1.025e-05 9.95e-06 1.535e-05 0.0001004 9.125e-05 1.905e-05 8.865e-05 1.83e-05 0.0001388 0.00017115 7.475e-05 8.815e-05
15 1.895e-05 0.00015815 2.04e-05 8.495e-05 8.825e-05 3.06e-05 1.99e-05 9.885e-05 8.82e-05 1.735e-05 8.82e-05 2.905e-05 2.775e-05 6.91e-05 1.93e-05 3.46e-05 9.065e-05 2.105e-05 8.715e-05 2.86e-05 2.25e-05 2.125e-05 8.89e-05 1.88e-05 1.8e-05 8.82e-05 8.755e-05 1.765e-05 8.685e-05 2.02e-05 8.73e-05 2.055e-05 4.475e-05 8.87e-05 8.88e-05 0.0001582 8.945e-05 1.885e-05 2.105e-05 1.755e-05 8.755e-05 1.81e-05 8.965e-05 8.72e-05 2.055e-05 1.865e-05 2.13e-05 8.87e-05 8.725e-05 2.01e-05 2.125e-05 1.93e-05 9.935e-05 0.00015675 8.99e-05 8.735e-05 8.92e-05 1.74e-05 9.795e-05 2.085e-05 2.325e-05 1.815e-05 6.805e-05 2.055e-05 9.11e-05 1.91e-05 2.265e-05 2.05e-05 9.79e-05 1.905e-05 3.08e-05 8.74e-05 8.735e-05 1.87e-05 2.03e-05 1.95e-05 9.015e-05 1.93e-05 1.745e-05 8.74e-05 1.87e-05 2.745e-05 2.185e-05 0.00015785 8.7e-05 9.125e-05 2e-05 8.83e-05 2.095e-05 1.76e-05 2.905e-05 8.73e-05 8.75e-05 1.75e-05 8.965e-05 1.78e-05 0.00012555 0.00015835 8.5e-05 8.705e-05
16 9.105e-05 8.505e-05 9.205e-05 0.00011305 8.755e-05 8.58e-05 9.17e-05 0.0001133 0.00011245 9.04e-05 8.74e-05 9.16e-05 9.115e-05 9.105e-05 9.145e-05 9.065e-05 0.0001621 9.275e-05 8.545e-05 9.115e-05 8.685e-05 9.185e-05 8.865e-05 9.16e-05 9.105e-05 8.815e-05 8.8e-05 9.045e-05 8.715e-05 9.185e-05 8.605e-05 9.195e-05 9.04e-05 8.655e-05 0.0001127 8.345e-05 8.955e-05 9.15e-05 8.58e-05 9.06e-05 8.78e-05 9.095e-05 8.845e-05 8.74e-05 9.04e-05 9.15e-05 8.635e-05 0.00011295 8.61e-05 9.175e-05 9.185e-05 9.145e-05 8.925e-05 8.185e-05 0.0001135 8.57e-05 8.85e-05 9.075e-05 0.00011235 9.26e-05 8.72e-05 9.08e-05 9.1e-05 9.225e-05 8.885e-05 9.175e-05 8.685e-05 9.22e-05 8.83e-05 9.14e-05 8.59e-05 8.595e-05 8.61e-05 9.135e-05 9.195e-05 9.17e-05 8.9e-05 9.17e-05 9.07e-05 8.81e-05 9.15e-05 9.145e-05 9.2e-05 0.0001092 0.00011215 8.9e-05 9.13e-05 8.805e-05 8.56e-05 9.045e-05 9.145e-05 8.635e-05 8.795e-05 9.04e-05 8.845e-05 9.11e-05 8.91e-05 8.335e-05 0.0001131 8.54e-05
17 4.8e-06 0.0001711 2.5e-06 7.25e-05 8.935e-05 2.06e-05 9e-06 8.63e-05 8.155e-05 2.08e-05 8.945e-05 1.935e-05 3.29e-05 6.835e-05 7.05e-06 2.105e-05 9.275e-05 4.4e-06 8.885e-05 1.91e-05 8.05e-06 8e-06 8.66e-05 1.86e-05 1.7e-05 0.00010325 9.375e-05 1.195e-05 0.0001028 2.35e-06 8.9e-05 7.9e-06 4.6e-05 8.665e-05 9.145e-05 0.00017135 9.185e-05 1.86e-05 1.03e-05 2.105e-05 9.095e-05 1.43e-05 8.695e-05 8.87e-05 7e-06 1.86e-05 1.53e-05 8.21e-05 0.00010285 2.25e-06 8e-06 7.05e-06 9.91e-05 0.00017055 7.49e-05 8.885e-05 9.19e-05 2.115e-05 8.845e-05 8.15e-06 1.03e-05 1.155e-05 8.49e-05 5.25e-06 8.98e-05 1.88e-05 8.85e-06 5.2e-06 9.97e-05 9.6e-06 2.265e-05 9.38e-05 9.37e-05 1.85e-05 2.4e-06 9.85e-06 9.005e-05 1.245e-05 2.105e-05 0.0001028 1.855e-05 2.23e-05 1.055e-05 0.00015905 9.065e-05 8.995e-05 1.52e-05 0.00010345 1.09e-05 1.195e-05 1.655e-05 0.00010285 9.37e-05 2.08e-05 8.69e-05 2.33e-05 0.0001375 0.0001715 7.255e-05 8.855e-05
18 8.665e-05 8.88e-05 8.815e-05 0.00011195 8.705e-05 8.575e-05 8.87e-05 0.0001123 0.0001123 8.69e-05 8.69e-05 8.865e-05 8.905e-05 8.8e-05 8.845e-05 8.715e-05 8.545e-05 8.885e-05 0.0001699 8.77e-05 8.72e-05 8.885e-05 8.85e-05 8.855e-05 8.885e-05 8.9e-05 8.87e-05 8.69e-05 8.8e-05 8.795e-05 8.545e-05 8.76e-05 8.55e-05 8.655e-05 0.00011255 8.735e-05 9.03e-05 8.845e-05 8.57e-05 8.705e-05 8.855e-05 8.88e-05 8.845e-05 8.675e-05 8.64e-05 8.845e-05 8.755e-05 0.0001128 8.695e-05 8.785e-05 8.89e-05 8.845e-05 8.91e-05 8.56e-05 0.0001125 8.54e-05 8.94e-05 8.745e-05 0.0001123 8.87e-05 8.77e-05 8.87e-05 8.88e-05 8.835e-05 8.895e-05 8.87e-05 8.735e-05 8.83e-05 8.83e-05 8.835e-05 8.73e-05 8.68e-05 8.695e-05 8.83e-05 8.81e-05 8.87e-05 8.9e-05 8.865e-05 8.715e-05 8.88e-05 8.845e-05 8.84e-05 8.925e-05 0.0001121 0.000112 8.91e-05 8.915e-05 8.89e-05 8.56e-05 8.69e-05 8.85e-05 8.72e-05 8.865e-05 8.705e-05 8.845e-05 8.895e-05 8.885e-05 8.725e-05 0.00011205 8.51e-05
19 1.65e-05 0.00016115 1.885e-05 8.01e-05 8.84e-05 1.83e-05 1.645e-05 7.595e-05 7.925e-05 2.845e-05 8.835e-05 1.65e-05 2.915e-05 7.085e-05 1.73e-05 2.86e-05 9.115e-05 1.91e-05 8.77e-05 2.92e-05 2e-05 1.85e-05 8.94e-05 3.03e-05 2.37e-05 0.0001022 9.195e-05 1.91e-05 0.00010155 1.81e-05 8.78e-05 1.7e-05 5.035e-05 8.955e-05 8.995e-05 0.00016155 8.955e-05 3.025e-05 1.825e-05 2.855e-05 8.825e-05 2e-05 9.06e-05 8.74e-05 1.905e-05 3.02e-05 2.27e-05 7.92e-05 0.0001016 1.8e-05 1.85e-05 1.73e-05 8.965e-05 0.00016055 7.66e-05 8.79e-05 8.945e-05 2.915e-05 7.55e-05 1.705e-05 2.06e-05 1.635e-05 8.275e-05 1.76e-05 9.125e-05 3.05e-05 2.02e-05 1.755e-05 8.935e-05 2.14e-05 1.875e-05 9.215e-05 9.2e-05 3.065e-05 1.875e-05 1.665e-05 8.97e-05 2.025e-05 2.865e-05 0.00010135 3.075e-05 2.025e-05 1.95e-05 0.00014885 8.895e-05 9.14e-05 2.115e-05 0.00010225 1.82e-05 1.915e-05 1.695e-05 0.0001016 9.19e-05 2.86e-05 9.005e-05 2.94e-05 0.00012845 0.0001617 8.015e-05 8.76e-05
20 7.35e-06 0.0001674 7.35e-06 7.345e-05 8.835e-05 1.76e-05 1e-05 8.59e-05 8.06e-05 2.225e-05 8.82e-05 2.045e-05 3.365e-05 7.205e-05 9e-06 2.25e-05 8.685e-05 8.05e-06 8.72e-05 2e-05 1.22e-05 9.9e-06 8.65e-05 2.15e-05 1.83e-05 0.00010255 9.23e-05 1.32e-05 0.00010145 6.25e-06 8.745e-05 1.045e-05 4.8e-05 8.63e-05 9.1e-05 0.0001675 9.095e-05 2.14e-05 7.1e-06 2.245e-05 8.885e-05 1.495e-05 8.825e-05 8.72e-05 1.045e-05 2.145e-05 1.215e-05 8.11e-05 0.00010145 6.15e-06 9.9e-06 9e-06 9.89e-05 0.0001662 7.52e-05 8.72e-05 9.055e-05 2.27e-05 8.68e-05 1.045e-05 8.7e-06 1.155e-05 8.66e-05 8.35e-06 8.99e-05 2.165e-05 7.2e-06 8.25e-06 9.85e-05 1.315e-05 1.895e-05 9.22e-05 9.21e-05 2.22e-05 7.25e-06 1.1e-05 8.96e-05 1.425e-05 2.255e-05 0.0001015 2.235e-05 2.36e-05 1.275e-05 0.00015545 8.945e-05 9.005e-05 1.58e-05 0.00010245 7.85e-06 1.32e-05 1.835e-05 0.00010145 9.225e-05 2.225e-05 8.73e-05 2.42e-05 0.00013745 0.00016765 7.36e-05 8.69e-05
21 7.25e-06 0.00016925 7.3e-06 7.45e-05 9e-05 2.085e-05 9e-06 8.695e-05 8.035e-05 2.1e-05 8.985e-05 1.925e-05 3.085e-05 7.08e-05 7.4e-06 2.125e-05 9.185e-05 8e-06 8.885e-05 1.85e-05 9.9e-06 1.23e-05 8.67e-05 2.03e-05 1.575e-05 0.000103 9.12e-05 1.19e-05 0.0001019 6.2e-06 8.9e-05 8.8e-06 4.79e-05 8.805e-05 9.115e-05 0.00017085 9.005e-05 2.01e-05 1.075e-05 2.11e-05 8.755e-05 1.215e-05 8.985e-05 8.735e-05 9.15e-06 2.025e-05 1.455e-05 8.085e-05 0.0001019 6.2e-06 6.25e-06 7.4e-06 0.0001001 0.0001693 7.615e-05 8.885e-05 9.07e-05 2.14e-05 8.655e-05 1.06e-05 1.04e-05 8.55e-06 8.42e-05 8.45e-06 8.915e-05 2.045e-05 1.055e-05 8.4e-06 9.985e-05 1.18e-05 2.1e-05 9.26e-05 9.25e-05 2.09e-05 7.2e-06 9.55e-06 9.135e-05 1.305e-05 2.13e-05 0.00010035 2.105e-05 2.2e-05 1.02e-05 0.0001585 8.95e-05 8.92e-05 1.085e-05 0.0001029 1.115e-05 1.19e-05 1.685e-05 0.0001019 9.115e-05 2.1e-05 8.9e-05 2.145e-05 0.0001376 0.000171 7.455e-05 8.855e-05
22 8.68e-05 8.85e-05 8.565e-05 0.00011055 8.975e-05 8.82e-05 8.97e-05 0.00011315 0.00011285 8.86e-05 8.96e-05 9.02e-05 8.96e-05 8.735e-05 8.785e-05 8.89e-05 8.865e-05 8.66e-05 8.85e-05 8.94e-05 8.65e-05 8.67e-05 0.0001706 8.755e-05 8.99e-05 9.06e-05 8.765e-05 8.885e-05 8.95e-05 8.545e-05 8.83e-05 8.82e-05 8.8e-05 8.74e-05 0.0001143 9.05e-05 9.02e-05 8.75e-05 8.765e-05 8.87e-05 8.765e-05 9e-05 8.88e-05 8.66e-05 8.805e-05 8.755e-05 8.865e-05 0.00011335 8.94e-05 8.535e-05 8.665e-05 8.785e-05 9.025e-05 8.845e-05 0.00011125 8.85e-05 9.135e-05 8.9e-05 0.000113 9.045e-05 8.7e-05 9.005e-05 8.94e-05 8.795e-05 8.795e-05 8.745e-05 8.685e-05 8.79e-05 9.05e-05 8.795e-05 8.905e-05 8.945e-05 8.935e-05 8.77e-05 8.58e-05 9.025e-05 9.115e-05 9.005e-05 8.89e-05 8.745e-05 8.785e-05 8.985e-05 9.04e-05 0.0001138 0.00011265 8.795e-05 8.88e-05 9.05e-05 8.805e-05 8.885e-05 8.745e-05 8.94e-05 8.76e-05 8.86e-05 8.84e-05 8.995e-05 8.78e-05 9.065e-05 0.00011055 8.82e-05
23 1.89e-05 0.00015825 1.795e-05 8.375e-05 8.965e-05 3.28e-05 2.085e-05 0.00010005 8.88e-05 1.865e-05 8.955e-05 3.035e-05 2.82e-05 6.815e-05 1.835e-05 1.88e-05 9.16e-05 1.86e-05 8.855e-05 3.03e-05 2.15e-05 2.03e-05 8.755e-05 3.47e-05 1.845e-05 8.825e-05 8.785e-05 1.92e-05 8.695e-05 1.75e-05 8.87e-05 2.14e-05 4.705e-05 8.74e-05 8.92e-05 0.0001583 8.99e-05 1.75e-05 2.27e-05 1.89e-05 8.805e-05 1.875e-05 8.865e-05 8.86e-05 2.045e-05 1.74e-05 2.19e-05 8.93e-05 8.735e-05 1.74e-05 2.03e-05 1.835e-05 0.0001002 0.0001569 8.89e-05 8.855e-05 8.965e-05 1.835e-05 9.875e-05 2.26e-05 2.31e-05 1.9e-05 6.815e-05 2.005e-05 9.045e-05 1.77e-05 2.21e-05 2e-05 9.86e-05 1.825e-05 3.21e-05 8.77e-05 8.765e-05 1.77e-05 1.79e-05 2.08e-05 9.105e-05 2.04e-05 1.88e-05 8.75e-05 1.77e-05 2.835e-05 2.155e-05 0.0001583 8.745e-05 9.06e-05 2.065e-05 8.835e-05 2.31e-05 1.92e-05 2.81e-05 8.74e-05 8.78e-05 1.865e-05 8.825e-05 1.825e-05 0.0001261 0.00015845 8.38e-05 8.825e-05
24 1.625e-05 0.00016365 1.63e-05 7.725e-05 9.01e-05 2.75e-05 1.465e-05 9.525e-05 7.72e-05 1.77e-05 8.995e-05 2.32e-05 2.47e-05 6.81e-05 1.275e-05 1.8e-05 9.105e-05 1.7e-05 8.885e-05 2.37e-05 1.83e-05 1.575e-05 8.99e-05 1.845e-05 6e-07 9.235e-05 8.155e-05 8e-06 9.075e-05 1.66e-05 8.9e-05 1.755e-05 4.885e-05 8.95e-05 8.78e-05 0.0001635 8.74e-05 1.835e-05 1.77e-05 1.8e-05 8.56e-05 4.5e-06 9.005e-05 8.91e-05 1.605e-05 1.835e-05 1.02e-05 7.78e-05 9.115e-05 1.65e-05 1.58e-05 1.275e-05 0.0001007 0.00016195 8.585e-05 8.885e-05 8.715e-05 1.695e-05 9.105e-05 1.835e-05 1.905e-05 8.65e-06 7.065e-05 1.75e-05 9.165e-05 1.86e-05 1.865e-05 1.745e-05 9.775e-05 7.95e-06 2.4e-05 8.13e-05 8.13e-05 1.77e-05 1.625e-05 1.35e-05 9.16e-05 9.35e-06 1.8e-05 9.155e-05 1.785e-05 1.58e-05 1.485e-05 0.00015765 8.545e-05 9.18e-05 7.6e-06 9.225e-05 1.78e-05 7.95e-06 2.29e-05 9.125e-05 8.15e-05 1.77e-05 9.055e-05 1.45e-05 0.00013295 0.00016365 7.735e-05 8.855e-05
25 0.0001036 7.505e-05 0.00010335 0.0001234 8.845e-05 0.00010265 0.0001023 0.0001269 0.00012115 8.81e-05 8.86e-05 0.0001016 8.675e-05 8.825e-05 0.0001016 8.82e-05 8.815e-05 0.00010325 8.9e-05 0.0001022 0.00010255 0.000103 9.06e-05 8.825e-05 9.235e-05 0.0001457 8.475e-05 9.78e-05 7.335e-05 0.00010355 8.925e-05 0.00010365 9.08e-05 8.925e-05 0.00011045 7.425e-05 8.785e-05 8.835e-05 0.00010235 8.835e-05 8.82e-05 9.59e-05 8.81e-05 9.02e-05 0.00010195 8.815e-05 9.685e-05 0.0001217 7.395e-05 0.00010345 0.00010305 0.0001016 8.935e-05 7.465e-05 0.0001274 8.9e-05 8.675e-05 8.75e-05 0.0001248 0.0001038 0.00010305 9.94e-05 7.375e-05 0.0001037 8.92e-05 8.86e-05 0.00010295 0.00010365 8.805e-05 9.75e-05 0.0001005 8.345e-05 8.34e-05 8.78e-05 0.0001033 0.0001016 8.88e-05 9.795e-05 8.82e-05 7.525e-05 8.775e-05 9.735e-05 0.00010055 0.00011115 0.00011125 8.935e-05 9.725e-05 7.355e-05 0.0001025 9.78e-05 0.0001019 7.4e-05 8.47e-05 8.81e-05 8.85e-05 8.62e-05 7.77e-05 7.44e-05 0.0001235 8.87e-05
26 9.315e-05 8.435e-05 9.305e-05 0.0001131 9e-05 9.21e-05 9.27e-05 0.0001175 0.00011065 8.725e-05 8.985e-05 9.22e-05 8.57e-05 8.7e-05 9.13e-05 8.755e-05 8.8e-05 9.375e-05 8.87e-05 9.195e-05 9.23e-05 9.12e-05 8.765e-05 8.785e-05 8.155e-05 8.475e-05 0.0001627 8.71e-05 8.34e-05 9.335e-05 8.85e-05 9.335e-05 8.965e-05 8.92e-05 0.0001123 8.62e-05 8.755e-05 8.775e-05 9.185e-05 8.74e-05 8.515e-05 8.525e-05 8.98e-05 8.695e-05 9.265e-05 8.775e-05 8.635e-05 0.0001112 8.35e-05 9.325e-05 9.125e-05 9.13e-05 9.055e-05 8.41e-05 0.00011715 8.87e-05 8.87e-05 8.705e-05 0.0001145 9.53e-05 9.2e-05 8.9e-05 8.22e-05 9.435e-05 8.88e-05 8.8e-05 9.265e-05 9.43e-05 8.95e-05 8.685e-05 9.015e-05 8.315e-05 8.31e-05 8.71e-05 9.3e-05 9.215e-05 9.145e-05 8.835e-05 8.755e-05 8.18e-05 8.725e-05 8.675e-05 9.27e-05 0.00011295 0.00011025 8.885e-05 8.52e-05 8.465e-05 9.195e-05 8.7e-05 9.125e-05 8.355e-05 8.14e-05 8.725e-05 9.03e-05 8.57e-05 8.51e-05 8.635e-05 0.0001132 8.84e-05
27 9.55e-06 0.0001673 1.125e-05 7.555e-05 8.815e-05 2.115e-05 1.045e-05 8.945e-05 7.85e-05 1.74e-05 8.8e-05 1.965e-05 2.785e-05 6.905e-05 9.95e-06 1.765e-05 9.045e-05 1.195e-05 8.69e-05 1.91e-05 1.32e-05 1.19e-05 8.885e-05 1.92e-05 8e-06 9.78e-05 8.71e-05 1.55e-05 9.64e-05 1.105e-05 8.695e-05 1.125e-05 4.445e-05 8.865e-05 8.91e-05 0.00016735 8.93e-05 1.91e-05 1.155e-05 1.755e-05 8.73e-05 8.35e-06 8.97e-05 8.695e-05 1.12e-05 1.91e-05 1.16e-05 7.905e-05 9.66e-05 1.095e-05 1.195e-05 9.95e-06 9.925e-05 0.0001658 8.065e-05 8.71e-05 8.905e-05 1.76e-05 8.85e-05 1.15e-05 1.4e-05 8.6e-06 7.74e-05 1.13e-05 9.11e-05 1.935e-05 1.335e-05 1.125e-05 9.775e-05 9.5e-06 2.135e-05 8.695e-05 8.69e-05 1.895e-05 1.12e-05 1.005e-05 9.01e-05 9.65e-06 1.765e-05 9.675e-05 1.91e-05 1.775e-05 1.255e-05 0.00015775 8.71e-05 9.125e-05 1.025e-05 9.77e-05 1.145e-05 7.9e-06 1.975e-05 9.665e-05 8.705e-05 1.755e-05 8.97e-05 1.8e-05 0.0001347 0.0001675 7.565e-05 8.68e-05
28 0.00010245 7.575e-05 0.00010215 0.00012285 8.865e-05 0.00010145 0.00010225 0.0001274 0.00012035 8.67e-05 8.84e-05 0.0001013 8.53e-05 8.68e-05 0.00010025 8.685e-05 8.715e-05 0.0001028 8.8e-05 0.00010155 0.00010145 0.0001019 8.95e-05 8.695e-05 9.075e-05 7.335e-05 8.34e-05 9.64e-05 0.0001427 0.00010245 8.825e-05 0.000103 8.955e-05 8.83e-05 0.00011075 7.465e-05 8.85e-05 8.7e-05 0.0001012 8.7e-05 8.685e-05 9.43e-05 8.825e-05 8.905e-05 0.00010085 8.685e-05 9.55e-05 0.00012085 7.275e-05 0.00010235 0.00010195 0.00010025 9.075e-05 7.385e-05 0.0001268 8.8e-05 8.685e-05 8.595e-05 0.000124 0.0001048 0.0001019 9.78e-05 7.215e-05 0.00010365 8.955e-05 8.725e-05 0.0001018 0.0001036 8.765e-05 9.605e-05 9.91e-05 8.225e-05 8.22e-05 8.635e-05 0.0001021 0.0001013 9.01e-05 9.765e-05 8.68e-05 7.395e-05 8.635e-05 9.575e-05 0.00010065 0.0001116 0.0001097 8.97e-05 9.59e-05 7.315e-05 0.0001013 9.64e-05 0.0001007 7.28e-05 8.335e-05 8.67e-05 8.875e-05 8.465e-05 7.765e-05 7.48e-05 0.00012295 8.77e-05
29 3e-06 0.00017135 1.65e-06 7.17e-05 8.91e-05 1.92e-05 8.2e-06 8.605e-05 8.11e-05 1.99e-05 8.895e-05 1.87e-05 3.2e-05 6.83e-05 5.3e-06 2.02e-05 9.185e-05 2.35e-06 8.795e-05 1.81e-05 6.25e-06 6.2e-06 8.545e-05 1.75e-05 1.66e-05 0.00010355 9.335e-05 1.105e-05 0.00010245 4e-07 8.81e-05 6.85e-06 4.505e-05 8.545e-05 9.13e-05 0.0001716 9.22e-05 1.73e-05 8.8e-06 2.01e-05 9.01e-05 1.345e-05 8.755e-05 8.78e-05 6.35e-06 1.745e-05 1.43e-05 8.16e-05 0.00010245 2.5e-07 6.35e-06 5.3e-06 9.96e-05 0.00017015 7.35e-05 8.795e-05 9.195e-05 2.035e-05 8.755e-05 8.15e-06 8.75e-06 1.025e-05 8.455e-05 4.25e-06 8.945e-05 1.765e-05 7.2e-06 4.2e-06 9.925e-05 9.55e-06 2.13e-05 9.34e-05 9.33e-05 1.84e-05 1.6e-06 9.2e-06 9.05e-05 1.225e-05 2.02e-05 0.00010235 1.855e-05 2.145e-05 9.75e-06 0.00015885 8.975e-05 8.96e-05 1.43e-05 0.00010345 9.5e-06 1.105e-05 1.485e-05 0.00010245 9.33e-05 1.99e-05 8.64e-05 2.25e-05 0.00013775 0.00017175 7.18e-05 8.765e-05
30 8.675e-05 8.87e-05 8.83e-05 0.0001121 8.73e-05 8.6e-05 8.885e-05 0.00011245 0.00011245 8.705e-05 8.715e-05 8.88e-05 8.92e-05 8.805e-05 8.86e-05 8.73e-05 8.605e-05 8.9e-05 8.545e-05 8.78e-05 8.745e-05 8.9e-05 8.83e-05 8.87e-05 8.9e-05 8.925e-05 8.85e-05 8.695e-05 8.825e-05 8.81e-05 0.0001702 8.775e-05 8.555e-05 8.705e-05 0.0001127 8.785e-05 9.01e-05 8.86e-05 8.595e-05 8.715e-05 8.835e-05 8.895e-05 8.87e-05 8.655e-05 8.655e-05 8.86e-05 8.78e-05 0.00011295 8.745e-05 8.8e-05 8.905e-05 8.86e-05 8.89e-05 8.565e-05 0.00011265 8.58e-05 8.965e-05 8.76e-05 0.00011245 8.885e-05 8.795e-05 8.885e-05 8.885e-05 8.85e-05 8.88e-05 8.885e-05 8.76e-05 8.845e-05 8.855e-05 8.85e-05 8.755e-05 8.73e-05 8.735e-05 8.845e-05 8.825e-05 8.885e-05 8.925e-05 8.88e-05 8.73e-05 8.86e-05 8.86e-05 8.855e-05 8.945e-05 0.00011235 0.00011215 8.895e-05 8.93e-05 8.915e-05 8.585e-05 8.705e-05 8.865e-05 8.76e-05 8.845e-05 8.72e-05 8.87e-05 8.91e-05 8.865e-05 8.785e-05 0.0001122 8.55e-05
31 6.1e-06 0.00017035 7.6e-06 7.34e-05 8.83e-05 1.915e-05 9e-06 8.41e-05 7.985e-05 2.035e-05 8.825e-05 1.875e-05 3.29e-05 7.165e-05 9e-06 2.055e-05 9.195e-05 7.9e-06 8.76e-05 1.7e-05 1.045e-05 8.8e-06 8.82e-05 2.14e-05 1.755e-05 0.00010365 9.335e-05 1.125e-05 0.000103 6.85e-06 8.775e-05 9.9e-06 4.485e-05 8.865e-05 9.09e-05 0.000171 9.135e-05 2.135e-05 9.5e-06 2.05e-05 8.995e-05 1.425e-05 8.975e-05 8.705e-05 8.05e-06 2.13e-05 1.57e-05 7.99e-05 0.00010305 6.75e-06 8.85e-06 9e-06 9.875e-05 0.00017 7.47e-05 8.78e-05 9.15e-05 2.105e-05 8.615e-05 7.6e-06 1.09e-05 1.09e-05 8.585e-05 7.25e-06 8.95e-05 2.155e-05 1.06e-05 7.2e-06 9.9e-05 1.275e-05 2.18e-05 9.38e-05 9.37e-05 2.18e-05 7.6e-06 9.25e-06 8.97e-05 1.245e-05 2.055e-05 0.00010255 2.19e-05 2.21e-05 1.06e-05 0.00015755 8.965e-05 8.965e-05 1.4e-05 0.0001037 9.45e-06 1.125e-05 1.835e-05 0.00010305 9.33e-05 2.05e-05 8.915e-05 2.345e-05 0.00013735 0.00017115 7.35e-05 8.75e-05
32 4.275e-05 0.0001316 4.53e-05 0.0001103 8.655e-05 5.065e-05 4.645e-05 0.0001151 0.0001122 4.455e-05 8.63e-05 5.195e-05 5.405e-05 6.975e-05 4.7e-05 4.475e-05 9.04e-05 4.6e-05 8.55e-05 5.035e-05 4.8e-05 4.79e-05 8.8e-05 4.705e-05 4.885e-05 9.08e-05 8.965e-05 4.445e-05 8.955e-05 4.505e-05 8.555e-05 4.485e-05 8.03e-05 8.8e-05 0.00011345 0.00013185 9.17e-05 4.695e-05 4.565e-05 4.455e-05 8.95e-05 4.88e-05 8.89e-05 8.535e-05 4.58e-05 4.695e-05 4.98e-05 0.0001127 8.98e-05 4.495e-05 4.795e-05 4.7e-05 9.395e-05 0.0001305 0.00011095 8.59e-05 9.115e-05 4.57e-05 0.0001174 4.49e-05 4.885e-05 4.87e-05 7.19e-05 4.5e-05 9.075e-05 4.72e-05 4.795e-05 4.495e-05 9.36e-05 4.695e-05 5.455e-05 8.97e-05 8.96e-05 4.685e-05 4.525e-05 4.68e-05 8.895e-05 4.675e-05 4.475e-05 8.97e-05 4.7e-05 5.195e-05 5.01e-05 0.0001538 0.0001118 9.09e-05 4.965e-05 9.06e-05 4.535e-05 4.455e-05 5.21e-05 8.98e-05 8.96e-05 4.485e-05 8.885e-05 4.89e-05 9.71e-05 0.000132 0.0001104 8.56e-05
33 8.68e-05 8.91e-05 8.595e-05 0.0001109 8.86e-05 8.805e-05 8.975e-05 0.0001136 0.00011305 8.84e-05 8.845e-05 9.005e-05 8.965e-05 8.725e-05 8.765e-05 8.87e-05 8.655e-05 8.665e-05 8.655e-05 8.955e-05 8.63e-05 8.805e-05 8.74e-05 8.74e-05 8.95e-05 8.925e-05 8.92e-05 8.865e-05 8.83e-05 8.545e-05 8.705e-05 8.865e-05 8.8e-05 0.0001706 0.0001131 8.765e-05 9.09e-05 8.73e-05 8.75e-05 8.86e-05 8.92e-05 8.96e-05 8.765e-05 8.835e-05 8.65e-05 8.735e-05 8.83e-05 0.00011355 8.725e-05 8.535e-05 8.81e-05 8.765e-05 9.01e-05 8.595e-05 0.00011165 8.68e-05 9e-05 8.86e-05 0.0001132 9.055e-05 8.77e-05 8.965e-05 8.91e-05 8.8e-05 8.85e-05 8.755e-05 8.7e-05 8.785e-05 8.915e-05 8.775e-05 8.87e-05 8.73e-05 8.745e-05 8.75e-05 8.59e-05 9.01e-05 9.005e-05 8.99e-05 8.87e-05 8.91e-05 8.765e-05 8.945e-05 8.91e-05 0.0001127 0.0001126 8.865e-05 8.995e-05 8.915e-05 8.79e-05 8.865e-05 8.76e-05 8.75e-05 8.915e-05 8.84e-05 8.73e-05 8.955e-05 8.96e-05 8.755e-05 0.00011105 8.65e-05
34 9.105e-05 0.0001354 9.155e-05 9.04e-05 0.00011235 9.075e-05 9.005e-05 8.99e-05 8.845e-05 8.875e-05 0.0001125 8.925e-05 8.8e-05 0.0001122 8.975e-05 8.88e-05 0.0001127 9.145e-05 0.00011255 8.995e-05 9.1e-05 9.115e-05 0.0001143 8.92e-05 8.78e-05 0.00011045 0.0001123 8.91e-05 0.00011075 9.13e-05 0.0001127 9.09e-05 0.00011345 0.0001131 0.000174 0.00013455 0.00011195 8.93e-05 9.05e-05 8.9e-05 0.0001123 8.79e-05 0.00011275 0.0001136 8.995e-05 8.91e-05 8.915e-05 8.9e-05 0.000111 9.12e-05 9.115e-05 8.975e-05 0.0001126 0.00013445 9.085e-05 0.00011255 0.00011135 8.815e-05 8.855e-05 9.075e-05 9.145e-05 8.795e-05 0.00011045 9.105e-05 0.00011315 8.955e-05 9.14e-05 9.1e-05 0.0001118 8.955e-05 8.925e-05 0.00011115 0.0001111 8.92e-05 9.145e-05 8.935e-05 0.0001126 8.915e-05 8.885e-05 0.00011215 8.915e-05 8.85e-05 8.895e-05 0.00011115 8.785e-05 0.0001133 8.925e-05 0.00011095 9.065e-05 8.91e-05 8.995e-05 0.00011105 0.00011225 8.875e-05 0.0001127 8.755e-05 0.0001366 0.0001347 9.045e-05 0.00011225
35 0.0001716 6.3e-06 0.0001714 0.0001507 8.72e-05 0.000158 0.0001713 0.00014055 0.0001455 0.00015795 8.745e-05 0.0001614 0.0001483 0.00010745 0.000171 0.0001582 8.345e-05 0.00017135 8.735e-05 0.00016155 0.0001675 0.00017085 9.05e-05 0.0001583 0.0001635 7.425e-05 8.62e-05 0.00016735 7.465e-05 0.0001716 8.785e-05 0.000171 0.00013185 8.765e-05 0.00013455 6e-06 8.895e-05 0.00015825 0.00016725 0.00015815 8.945e-05 0.00016685 8.69e-05 9.005e-05 0.00016795 0.0001582 0.00016335 0.00014605 7.42e-05 0.0001715 0.0001709 0.000171 7.925e-05 3.65e-06 0.00015025 8.715e-05 8.705e-05 0.00015785 0.00013935 0.00017185 0.0001677 0.00017015 9.48e-05 0.00017175 8.72e-05 0.0001585 0.0001679 0.0001717 7.855e-05 0.0001671 0.0001572 8.34e-05 8.33e-05 0.0001577 0.00017135 0.000171 8.76e-05 0.00016755 0.0001582 7.695e-05 0.0001578 0.00015855 0.00016805 6.595e-05 0.0001365 8.735e-05 0.00016665 7.43e-05 0.0001674 0.00016735 0.0001616 7.405e-05 8.615e-05 0.00015795 8.73e-05 0.0001576 4.13e-05 3.55e-06 0.0001508 8.705e-05
36 9.19e-05 8.8e-05 9.24e-05 0.00011455 8.98e-05 9.07e-05 8.925e-05 0.0001137 0.00011205 8.93e-05 9.015e-05 8.875e-05 8.765e-05 8.93e-05 8.935e-05 8.945e-05 8.955e-05 9.185e-05 9.03e-05 8.955e-05 9.095e-05 9.005e-05 9.02e-05 8.99e-05 8.74e-05 8.785e-05 8.755e-05 8.93e-05 8.85e-05 9.22e-05 9.01e-05 9.135e-05 9.17e-05 9.09e-05 0.00011195 8.895e-05 0.0001708 8.99e-05 9.04e-05 8.955e-05 8.71e-05 8.695e-05 9.02e-05 8.945e-05 9.135e-05 8.98e-05 8.845e-05 0.0001124 8.85e-05 9.21e-05 9.005e-05 8.94e-05 8.87e-05 8.865e-05 0.00011505 9.03e-05 8.725e-05 8.885e-05 0.00011185 9.07e-05 9.11e-05 8.65e-05 8.73e-05 9.145e-05 8.905e-05 9.015e-05 9.135e-05 9.14e-05 8.95e-05 8.975e-05 8.825e-05 8.83e-05 8.81e-05 8.975e-05 9.23e-05 8.845e-05 8.965e-05 8.895e-05 8.95e-05 8.775e-05 8.98e-05 8.875e-05 8.855e-05 0.00011245 0.0001121 8.92e-05 8.75e-05 8.835e-05 9.055e-05 8.93e-05 8.99e-05 8.845e-05 8.75e-05 8.93e-05 9.02e-05 8.7e-05 8.945e-05 8.91e-05 0.0001146 9e-05
37 1.87e-05 0.0001582 1.79e-05 8.365e-05 8.96e-05 3.27e-05 2.08e-05 0.0001 8.87e-05 1.85e-05 8.945e-05 3.03e-05 2.805e-05 6.805e-05 1.815e-05 1.885e-05 9.15e-05 1.86e-05 8.845e-05 3.025e-05 2.14e-05 2.01e-05 8.75e-05 1.75e-05 1.835e-05 8.835e-05 8.775e-05 1.91e-05 8.7e-05 1.73e-05 8.86e-05 2.135e-05 4.695e-05 8.73e-05 8.93e-05 0.00015825 8.99e-05 3.45e-05 2.26e-05 1.875e-05 8.795e-05 1.865e-05 8.86e-05 8.85e-05 2.035e-05 1.745e-05 2.18e-05 8.925e-05 8.72e-05 1.73e-05 2.025e-05 1.815e-05 0.0001002 0.0001568 8.875e-05 8.845e-05 8.96e-05 1.84e-05 9.865e-05 2.26e-05 2.305e-05 1.89e-05 6.8e-05 2e-05 9.04e-05 1.76e-05 2.205e-05 1.995e-05 9.85e-05 1.815e-05 3.2e-05 8.76e-05 8.755e-05 1.755e-05 1.785e-05 2.075e-05 9.105e-05 2.035e-05 1.885e-05 8.735e-05 1.775e-05 2.825e-05 2.15e-05 0.00015825 8.73e-05 9.055e-05 2.055e-05 8.82e-05 2.3e-05 1.91e-05 2.8e-05 8.725e-05 8.77e-05 1.85e-05 8.825e-05 1.83e-05 0.00012605 0.0001584 8.375e-05 8.815e-05
38 7.3e-06 0.00016715 9.6e-06 7.46e-05 8.69e-05 1.54e-05 9e-06 8.465e-05 7.99e-05 2.08e-05 8.675e-05 1.91e-05 3.31e-05 7.285e-05 9.85e-06 2.105e-05 8.58e-05 1.03e-05 8.57e-05 1.825e-05 7.1e-06 1.075e-05 8.765e-05 2.27e-05 1.77e-05 0.00010235 9.185e-05 1.155e-05 0.0001012 8.8e-06 8.595e-05 9.5e-06 4.565e-05 8.75e-05 9.05e-05 0.00016725 9.04e-05 2.26e-05 1.06e-05 2.1e-05 8.825e-05 1.42e-05 8.91e-05 8.57e-05 1.04e-05 2.26e-05 1.14e-05 8.04e-05 0.0001012 8.7e-06 1.075e-05 9.85e-06 9.795e-05 0.0001659 7.61e-05 8.585e-05 9e-05 2.16e-05 8.595e-05 8.65e-06 8.75e-06 1.065e-05 8.635e-05 8.75e-06 9.04e-05 2.285e-05 7.6e-06 8.7e-06 9.77e-05 1.38e-05 1.76e-05 9.175e-05 9.165e-05 2.305e-05 9.5e-06 9.65e-06 8.86e-05 1.305e-05 2.11e-05 0.00010125 2.32e-05 2.26e-05 1.295e-05 0.0001549 8.89e-05 9.055e-05 1.505e-05 0.00010225 5.6e-06 1.155e-05 1.925e-05 0.0001012 9.18e-05 2.095e-05 8.85e-05 2.365e-05 0.00013675 0.0001674 7.465e-05 8.555e-05
39 1.88e-05 0.000158 2.035e-05 8.485e-05 8.825e-05 3.06e-05 1.995e-05 9.89e-05 8.82e-05 1.725e-05 8.81e-05 2.915e-05 2.76e-05 6.91e-05 1.93e-05 1.755e-05 9.06e-05 2.105e-05 8.705e-05 2.855e-05 2.245e-05 2.11e-05 8.87e-05 1.89e-05 1.8e-05 8.835e-05 8.74e-05 1.755e-05 8.7e-05 2.01e-05 8.715e-05 2.05e-05 4.455e-05 8.86e-05 8.9e-05 0.00015815 8.955e-05 1.875e-05 2.1e-05 3.44e-05 8.745e-05 1.815e-05 8.965e-05 8.7e-05 2.05e-05 1.88e-05 2.13e-05 8.875e-05 8.715e-05 2e-05 2.115e-05 1.93e-05 9.94e-05 0.00015665 8.99e-05 8.725e-05 8.925e-05 1.755e-05 9.8e-05 2.095e-05 2.315e-05 1.825e-05 6.8e-05 2.055e-05 9.095e-05 1.9e-05 2.26e-05 2.05e-05 9.79e-05 1.905e-05 3.085e-05 8.735e-05 8.73e-05 1.865e-05 2.03e-05 1.96e-05 9.02e-05 1.935e-05 1.755e-05 8.705e-05 1.885e-05 2.75e-05 2.19e-05 0.0001579 8.685e-05 9.11e-05 1.99e-05 8.82e-05 2.09e-05 1.76e-05 2.89e-05 8.72e-05 8.735e-05 1.74e-05 8.96e-05 1.8e-05 0.0001254 0.0001583 8.495e-05 8.695e-05
