 slim_337712229 slim_337712254 slim_337712391 slim_337712329 slim_337712055 slim_337712389 slim_337712125 slim_337712337 slim_337712370 slim_337712405 slim_337712390 slim_337712322 slim_337712363 slim_337712362 slim_337712358 slim_337712398 slim_337712244 slim_337712305 slim_337712394 slim_337712246 slim_337712298 slim_337712285 slim_337712365 slim_337712385 slim_337712352 slim_337712158 slim_337712297 slim_337712346 slim_337712330 slim_337712286 slim_337712048 slim_337712414 slim_337712395 slim_337712313 slim_337712316 slim_337711986 slim_337712332 slim_337712327 slim_337712307 slim_337712377 slim_337712308 slim_337712342 slim_337712152 slim_337712262 slim_337712379 slim_337712169 slim_337712348 slim_337712375 slim_337712198 slim_337712344 slim_337712359 slim_337712339 slim_337712294 slim_337712257 slim_337712303 slim_337712386 slim_337712288 slim_337712261 slim_337712267 slim_337712393 slim_337712283 slim_337712062 slim_337712360 slim_337712355 slim_337712325 slim_337712413 slim_337712412 slim_337712296 slim_337712387 slim_337712402 slim_337712040 slim_337712353 slim_337712196 slim_337712366 slim_337712369 slim_337712407 slim_337712350 slim_337712287 slim_337712331 slim_337712401 slim_337712326 slim_337712147 slim_337712260 slim_337712409 slim_337712214 slim_337712415 slim_337712312 slim_337712356 slim_337712399 slim_337712381 slim_337712293 slim_337712376 slim_337712410 slim_337712378 slim_337712092 slim_337712397 slim_337712400 slim_337712373 slim_337712408 slim_337712396
0 7.4e-06 5.7e-06 1.02e-05 8.4e-06 7.7e-06 5e-06 1.225e-05 1.38e-05 5.2e-06 8.35e-06 1.095e-05 9.4e-06 8.55e-06 1.18e-05 5.8e-06 7.05e-06 1.53e-05 1.135e-05 1.625e-05 8.35e-06 9.55e-06 1.105e-05 5.6e-06 6.8e-06 6.75e-06 8.15e-06 1.225e-05 5.2e-06 1.085e-05 1.4e-05 6.6e-06 1.17e-05 1.135e-05 8.9e-06 1.01e-05 9.7e-06 1.49e-05 1.47e-05 1.275e-05 1.17e-05 1.025e-05 8.2e-06 5.15e-06 1.025e-05 8.55e-06 8.3e-06 9.85e-06 1.58e-05 6.65e-06 8.65e-06 5.95e-06 6.75e-06 9.5e-06 7.75e-06 1.44e-05 1.505e-05 1.14e-05 6.5e-06 8.55e-06 1.06e-05 1.09e-05 7.1e-06 1.01e-05 1.53e-05 1.225e-05 9.45e-06 9.7e-06 1.375e-05 6e-06 8.65e-06 6.3e-06 1.29e-05 9.75e-06 1.08e-05 1.59e-05 6.5e-06 1.18e-05 1.445e-05 1.17e-05 6.85e-06 8.05e-06 1.54e-05 1.565e-05 6.7e-06 9.25e-06 1.55e-05 6.85e-06 1.26e-05 9.15e-06 1.165e-05 9.3e-06 1.58e-05 1.49e-05 1.145e-05 1.04e-05 1.185e-05 8.95e-06 1.245e-05 1.1e-05 1.245e-05
1 5.7e-06 3.7e-06 9.55e-06 7.65e-06 6.3e-06 2.95e-06 1.045e-05 1.11e-05 5.25e-06 9.3e-06 8.25e-06 9.15e-06 7.25e-06 1.015e-05 5.25e-06 7.55e-06 1.44e-05 9.05e-06 1.415e-05 7.85e-06 1e-05 1.055e-05 6.2e-06 6.75e-06 4.4e-06 4.75e-06 1.005e-05 6e-06 9.75e-06 1.185e-05 5.15e-06 1.005e-05 1.015e-05 6.35e-06 9.6e-06 9.6e-06 1.33e-05 1.3e-05 1.065e-05 9.2e-06 7.5e-06 4.8e-06 6.85e-06 1.085e-05 5.55e-06 5.3e-06 1.2e-05 1.58e-05 4.3e-06 6.1e-06 6.3e-06 7.3e-06 1.045e-05 4.25e-06 1.215e-05 1.26e-05 9.1e-06 2.95e-06 7.2e-06 7.15e-06 9.55e-06 5.05e-06 1.065e-05 1.3e-05 1.13e-05 9.5e-06 8.7e-06 1.115e-05 5.45e-06 6.1e-06 6.8e-06 1.11e-05 9.55e-06 7.45e-06 1.39e-05 4.95e-06 9.9e-06 1.29e-05 1.08e-05 4.8e-06 9.1e-06 1.285e-05 1.365e-05 7.4e-06 7.75e-06 1.295e-05 3.95e-06 1.055e-05 6.8e-06 9.15e-06 9.9e-06 1.38e-05 1.33e-05 8.65e-06 7.6e-06 1.015e-05 6.4e-06 1.09e-05 8.45e-06 1.005e-05
2 1.02e-05 9.55e-06 1.43e-05 1.04e-05 1.095e-05 8.5e-06 9.6e-06 1.215e-05 1e-05 1.35e-05 1.165e-05 8.7e-06 1.09e-05 9.9e-06 1.12e-05 1.115e-05 1.115e-05 1.075e-05 9.4e-06 1.04e-05 1.225e-05 1.145e-05 1.17e-05 1.035e-05 1.15e-05 9.4e-06 1.07e-05 9.4e-06 9.1e-06 1.02e-05 1.075e-05 1.015e-05 1.255e-05 9.45e-06 1.205e-05 1.24e-05 1.065e-05 1.035e-05 1.015e-05 1.03e-05 1.055e-05 9.45e-06 1.29e-05 1e-05 1.1e-05 1.065e-05 1.23e-05 1.245e-05 1.115e-05 9.6e-06 1.14e-05 1.23e-05 1.135e-05 9.55e-06 1.145e-05 1.13e-05 1.08e-05 9.35e-06 1.145e-05 1.045e-05 1.205e-05 9.95e-06 1.15e-05 1.16e-05 1.045e-05 1.05e-05 9.55e-06 1.22e-05 8.4e-06 9.6e-06 1.145e-05 1.315e-05 1.23e-05 9.7e-06 9.35e-06 1.075e-05 1.065e-05 1.045e-05 9.85e-06 9e-06 1.34e-05 1.125e-05 9.2e-06 1.23e-05 1.235e-05 1.135e-05 9.45e-06 8.45e-06 1.025e-05 1.01e-05 1.215e-05 9.25e-06 1.065e-05 8.55e-06 1.265e-05 1.15e-05 9.5e-06 9.6e-06 1.025e-05 1.01e-05
3 8.4e-06 7.65e-06 1.04e-05 1.26e-05 1.02e-05 7.1e-06 1.2e-05 1.115e-05 8.4e-06 1.035e-05 8.6e-06 1.02e-05 1.115e-05 1.2e-05 9.35e-06 1.11e-05 1.53e-05 9.9e-06 1.465e-05 1.155e-05 1.245e-05 1.235e-05 1e-05 1.015e-05 9.45e-06 9.75e-06 1.09e-05 8.9e-06 1.155e-05 1.09e-05 9.35e-06 1.21e-05 1.3e-05 9.4e-06 1.115e-05 1e-05 1.405e-05 1.035e-05 1.245e-05 1.205e-05 8e-06 9.8e-06 1.045e-05 1.215e-05 7.7e-06 7.4e-06 1.36e-05 1.57e-05 9.25e-06 1.005e-05 1.015e-05 1.105e-05 1.2e-05 8.35e-06 1.185e-05 1.435e-05 9.9e-06 8.15e-06 1.02e-05 1.105e-05 1.245e-05 9.2e-06 1.21e-05 1.47e-05 1.33e-05 1.115e-05 1.065e-05 1.135e-05 8.25e-06 1.005e-05 1.035e-05 8.35e-06 1.085e-05 1.07e-05 1.445e-05 9.7e-06 1.24e-05 1.21e-05 1.24e-05 8.65e-06 1.02e-05 1.455e-05 1.42e-05 1.105e-05 9.05e-06 1.465e-05 8.7e-06 1.22e-05 9.75e-06 1.2e-05 1.235e-05 1.435e-05 1.405e-05 1.115e-05 8.9e-06 1.215e-05 9.45e-06 1.275e-05 1.15e-05 1.29e-05
4 7.7e-06 6.3e-06 1.095e-05 1.02e-05 7.9e-06 6.9e-06 1e-05 1.45e-05 6.55e-06 1.03e-05 1.005e-05 1.19e-05 7.85e-06 1.01e-05 6.15e-06 9.75e-06 1.525e-05 7.1e-06 1.39e-05 8.8e-06 1.21e-05 1.02e-05 7e-06 6.15e-06 6.15e-06 8.9e-06 1.105e-05 6.75e-06 1.025e-05 1.305e-05 5.3e-06 1e-05 1.12e-05 5.5e-06 7.75e-06 8.15e-06 1.61e-05 1.345e-05 1.14e-05 1.005e-05 9.15e-06 8.95e-06 6.65e-06 1.075e-05 9.3e-06 9e-06 1.125e-05 1.43e-05 5.25e-06 4.1e-06 6.15e-06 5.85e-06 1.165e-05 6.55e-06 1.305e-05 1.63e-05 7.2e-06 5.75e-06 5.9e-06 1.12e-05 1.095e-05 6.1e-06 1.11e-05 1.635e-05 9.3e-06 1.015e-05 1.2e-05 1.315e-05 6.4e-06 4.1e-06 6.25e-06 1.235e-05 9e-06 1.125e-05 1.54e-05 6.15e-06 1.095e-05 1.35e-05 9.2e-06 5.8e-06 1.03e-05 1.48e-05 1.515e-05 5.65e-06 8e-06 1.49e-05 5.2e-06 9.2e-06 6.55e-06 1.035e-05 1.2e-05 1.53e-05 1.61e-05 1.02e-05 1.025e-05 1.22e-05 5.5e-06 1.38e-05 1.09e-05 1.385e-05
5 5e-06 2.95e-06 8.5e-06 7.1e-06 6.9e-06 4.7e-06 1.06e-05 1.19e-05 4.8e-06 9.8e-06 8.75e-06 8.3e-06 8.05e-06 1.03e-05 5.8e-06 8.1e-06 1.51e-05 9.5e-06 1.435e-05 8.45e-06 1.06e-05 1.09e-05 6.25e-06 6.5e-06 5.05e-06 5.4e-06 1.07e-05 5.4e-06 9.85e-06 1.195e-05 5.85e-06 1.02e-05 1.1e-05 6.7e-06 1.02e-05 1.005e-05 1.37e-05 1.305e-05 1.08e-05 9.85e-06 8e-06 5.45e-06 7.4e-06 1.08e-05 6.75e-06 6.35e-06 1.24e-05 1.62e-05 4.95e-06 6.5e-06 6.85e-06 7.9e-06 1.055e-05 4.65e-06 1.285e-05 1.35e-05 9.55e-06 3.5e-06 7.75e-06 7.85e-06 1.04e-05 5.4e-06 1.08e-05 1.39e-05 1.175e-05 9.05e-06 8.3e-06 1.195e-05 4.5e-06 6.5e-06 7.15e-06 1.175e-05 1.01e-05 7.65e-06 1.41e-05 5.4e-06 1.02e-05 1.3e-05 1.095e-05 4.65e-06 9.6e-06 1.375e-05 1.385e-05 8e-06 8.5e-06 1.385e-05 5e-06 1.05e-05 7.35e-06 9.8e-06 1.05e-05 1.4e-05 1.37e-05 8.7e-06 8.35e-06 1.05e-05 6.75e-06 1.125e-05 9.2e-06 1.09e-05
6 1.225e-05 1.045e-05 9.6e-06 1.2e-05 1e-05 1.06e-05 1.62e-05 1.275e-05 1.145e-05 1.365e-05 1.18e-05 1.105e-05 1.07e-05 1.035e-05 1.115e-05 1.215e-05 1.155e-05 1.045e-05 9.85e-06 1.1e-05 1.31e-05 1.1e-05 1.235e-05 1.095e-05 1.15e-05 1.045e-05 1.115e-05 1.11e-05 1.025e-05 1.04e-05 1.09e-05 1.06e-05 1.26e-05 9.8e-06 1.105e-05 1.18e-05 1.17e-05 1.055e-05 9.7e-06 1.085e-05 1.095e-05 1.05e-05 1.285e-05 1.06e-05 1.155e-05 1.12e-05 1.24e-05 1.14e-05 1.055e-05 9.55e-06 1.185e-05 1.185e-05 1.21e-05 1.025e-05 1.175e-05 1.245e-05 1.05e-05 1.015e-05 1.115e-05 1.135e-05 1.23e-05 1.07e-05 1.165e-05 1.255e-05 1.025e-05 1.145e-05 1.175e-05 1.23e-05 1.055e-05 9.55e-06 1.165e-05 1.28e-05 1.2e-05 1.07e-05 1.05e-05 1.095e-05 1.155e-05 1.095e-05 9.45e-06 1.02e-05 1.365e-05 1.19e-05 1.015e-05 1.16e-05 1.14e-05 1.2e-05 1e-05 8.95e-06 9.2e-06 1.065e-05 1.3e-05 1.04e-05 1.17e-05 9.35e-06 1.17e-05 1.1e-05 9.85e-06 1.08e-05 1.13e-05 1.14e-05
7 1.38e-05 1.11e-05 1.215e-05 1.115e-05 1.45e-05 1.19e-05 1.275e-05 1.4e-05 1.335e-05 1.32e-05 1.05e-05 1.16e-05 1.245e-05 1.27e-05 1.315e-05 1.265e-05 1.01e-05 1.29e-05 1.08e-05 1.3e-05 1.115e-05 1.275e-05 1.45e-05 1.485e-05 1.3e-05 1.07e-05 1.085e-05 1.415e-05 1.215e-05 9.7e-06 1.335e-05 1.245e-05 1.125e-05 1.35e-05 1.425e-05 1.3e-05 8.8e-06 1.065e-05 1.29e-05 1.095e-05 9.75e-06 1.075e-05 1.46e-05 1.31e-05 9.55e-06 9.15e-06 1.405e-05 1.18e-05 1.295e-05 1.465e-05 1.425e-05 1.51e-05 1.265e-05 1.185e-05 9.2e-06 7.05e-06 1.29e-05 1.2e-05 1.385e-05 9.4e-06 1.07e-05 1.35e-05 1.28e-05 7.7e-06 1.375e-05 1.195e-05 1.035e-05 8.85e-06 1.39e-05 1.465e-05 1.495e-05 1.04e-05 1.35e-05 1.01e-05 9.7e-06 1.36e-05 1.155e-05 1.13e-05 1.31e-05 1.33e-05 1.3e-05 8.6e-06 9.55e-06 1.52e-05 1.115e-05 8.45e-06 1.275e-05 1.32e-05 1.36e-05 1.065e-05 1.125e-05 9.45e-06 8.85e-06 1.155e-05 1.03e-05 1.23e-05 1.355e-05 1.04e-05 1.02e-05 8.55e-06
8 5.2e-06 5.25e-06 1e-05 8.4e-06 6.55e-06 4.8e-06 1.145e-05 1.335e-05 8.2e-06 9.3e-06 1.01e-05 9.3e-06 7.8e-06 1.105e-05 5.95e-06 8.15e-06 1.52e-05 1.045e-05 1.55e-05 8.55e-06 1.065e-05 1.005e-05 6.7e-06 6.85e-06 5.1e-06 7.7e-06 1.175e-05 5.65e-06 1.01e-05 1.325e-05 5.1e-06 1.095e-05 9.65e-06 8.15e-06 9.9e-06 9.5e-06 1.455e-05 1.41e-05 1.16e-05 1.12e-05 9.55e-06 7.75e-06 5.2e-06 1.075e-05 8.1e-06 7.85e-06 1.11e-05 1.51e-05 5.55e-06 7.75e-06 5.85e-06 5.75e-06 1.005e-05 7.05e-06 1.39e-05 1.495e-05 1.05e-05 5.85e-06 6.85e-06 1.015e-05 9.6e-06 6.85e-06 1.005e-05 1.48e-05 1.175e-05 9.1e-06 9.7e-06 1.31e-05 6e-06 7.75e-06 7.1e-06 1.23e-05 9.6e-06 1e-05 1.545e-05 6.35e-06 1.155e-05 1.375e-05 1.06e-05 6.4e-06 9.05e-06 1.5e-05 1.52e-05 6.3e-06 8.15e-06 1.51e-05 6.35e-06 1.175e-05 8.35e-06 1.12e-05 1.055e-05 1.535e-05 1.455e-05 1.065e-05 9.25e-06 1.08e-05 8.2e-06 1.21e-05 1.07e-05 1.235e-05
9 8.35e-06 9.3e-06 1.35e-05 1.035e-05 1.03e-05 9.8e-06 1.365e-05 1.32e-05 9.3e-06 1.34e-05 9.85e-06 1.165e-05 1.125e-05 1.25e-05 9.05e-06 1.025e-05 1.515e-05 1.185e-05 1.66e-05 1.13e-05 1.145e-05 1.115e-05 9.05e-06 1.03e-05 9.35e-06 1.15e-05 1.285e-05 9.55e-06 1.3e-05 1.315e-05 9.5e-06 1.26e-05 1.245e-05 1.15e-05 1.085e-05 9.95e-06 1.44e-05 1.37e-05 1.425e-05 1.37e-05 1.025e-05 1.155e-05 7.6e-06 1.19e-05 9.45e-06 9.3e-06 1.08e-05 1.49e-05 9.3e-06 1.185e-05 9.15e-06 8.95e-06 1e-05 1.04e-05 1.375e-05 1.585e-05 1.195e-05 1.01e-05 1.02e-05 1.265e-05 1.225e-05 1.075e-05 1.05e-05 1.585e-05 1.33e-05 1.22e-05 1.31e-05 1.29e-05 1.1e-05 1.185e-05 9.4e-06 9.1e-06 8.4e-06 1.24e-05 1.65e-05 9.4e-06 1.41e-05 1.205e-05 1.29e-05 1.105e-05 6.95e-06 1.595e-05 1.625e-05 9.05e-06 9.2e-06 1.605e-05 1.04e-05 1.44e-05 1.135e-05 1.365e-05 1.12e-05 1.64e-05 1.44e-05 1.33e-05 1.07e-05 1.225e-05 1.155e-05 1.325e-05 1.335e-05 1.455e-05
10 1.095e-05 8.25e-06 1.165e-05 8.6e-06 1.005e-05 8.75e-06 1.18e-05 1.05e-05 1.01e-05 9.85e-06 9.5e-06 1.16e-05 1.19e-05 1.12e-05 1.05e-05 1.235e-05 1.505e-05 8.2e-06 1.39e-05 1.225e-05 1.34e-05 1.225e-05 1.11e-05 1.105e-05 9.25e-06 1.01e-05 1.01e-05 1.085e-05 1.19e-05 9.1e-06 9.15e-06 1.14e-05 1.27e-05 7.75e-06 1.075e-05 9.25e-06 1.385e-05 1.025e-05 1.175e-05 1.18e-05 5.7e-06 1.015e-05 1.115e-05 1.24e-05 7.1e-06 7.05e-06 1.395e-05 1.57e-05 9.4e-06 9.2e-06 1.12e-05 1.12e-05 1.215e-05 7e-06 1.07e-05 1.47e-05 8.15e-06 7.9e-06 8.65e-06 1.11e-05 1.255e-05 9.6e-06 1.23e-05 1.465e-05 1.245e-05 1.28e-05 1.245e-05 1.005e-05 9.85e-06 9.2e-06 1.07e-05 7.8e-06 1.015e-05 1.025e-05 1.415e-05 9.8e-06 1.245e-05 1.055e-05 1.22e-05 9.2e-06 9.9e-06 1.445e-05 1.39e-05 1.135e-05 7.85e-06 1.455e-05 9e-06 1.13e-05 8.45e-06 1.175e-05 1.33e-05 1.405e-05 1.385e-05 1.055e-05 7.85e-06 1.155e-05 7.8e-06 1.285e-05 1.155e-05 1.355e-05
11 9.4e-06 9.15e-06 8.7e-06 1.02e-05 1.19e-05 8.3e-06 1.105e-05 1.16e-05 9.3e-06 1.165e-05 1.16e-05 1.39e-05 1.03e-05 9.65e-06 1.075e-05 1.015e-05 1.14e-05 1.315e-05 1.155e-05 1.065e-05 1.125e-05 9.65e-06 1.16e-05 1.15e-05 1.08e-05 9e-06 1.155e-05 9.85e-06 1.03e-05 1.085e-05 1.075e-05 9.9e-06 1.165e-05 1.17e-05 1.36e-05 1.3e-05 8.85e-06 1.175e-05 1.15e-05 1.125e-05 1.125e-05 9.05e-06 1.16e-05 1.08e-05 1.03e-05 1.005e-05 1.215e-05 1.245e-05 1.075e-05 1.21e-05 1.155e-05 1.225e-05 8.95e-06 1.045e-05 1.23e-05 1.07e-05 1.32e-05 9.85e-06 1.21e-05 1.005e-05 1.115e-05 1.095e-05 9.45e-06 1.1e-05 1.225e-05 1.01e-05 9.25e-06 1.21e-05 9.55e-06 1.21e-05 1.2e-05 1.24e-05 1.22e-05 9.15e-06 1.065e-05 1.12e-05 1.16e-05 1.055e-05 1.11e-05 1.02e-05 1.125e-05 1.16e-05 1.04e-05 1.22e-05 1.165e-05 1.17e-05 1.04e-05 1.125e-05 1.21e-05 1.12e-05 1.115e-05 1.055e-05 8.85e-06 1e-05 1.22e-05 9.8e-06 1.175e-05 7.8e-06 1.055e-05 9.5e-06
12 8.55e-06 7.25e-06 1.09e-05 1.115e-05 7.85e-06 8.05e-06 1.07e-05 1.245e-05 7.8e-06 1.125e-05 1.19e-05 1.03e-05 1.18e-05 1.115e-05 7.4e-06 7.5e-06 1.19e-05 1.22e-05 1.32e-05 7.6e-06 1.025e-05 9.3e-06 9.35e-06 9.55e-06 7.9e-06 6.95e-06 1.045e-05 8.65e-06 9.9e-06 1.275e-05 7.8e-06 1.105e-05 1.005e-05 1e-05 1.18e-05 1.115e-05 1.185e-05 1.37e-05 1.205e-05 1.06e-05 1.11e-05 7e-06 8.1e-06 1.09e-05 9.8e-06 9.5e-06 1.08e-05 1.2e-05 7.05e-06 9.95e-06 7.75e-06 8.35e-06 1.03e-05 9e-06 1.285e-05 1.155e-05 1.225e-05 8.15e-06 9.2e-06 9.65e-06 9.5e-06 9.05e-06 1.005e-05 1.19e-05 1.125e-05 9.45e-06 1.02e-05 1.275e-05 9.4e-06 9.95e-06 9.5e-06 1.365e-05 1.125e-05 1.02e-05 1.265e-05 8.55e-06 1.125e-05 1.345e-05 9.8e-06 9.2e-06 1.115e-05 1.21e-05 1.24e-05 8.05e-06 9.35e-06 1.22e-05 8.25e-06 1.175e-05 9.95e-06 1.055e-05 1.015e-05 1.255e-05 1.185e-05 1.075e-05 1.16e-05 1.135e-05 1.005e-05 9.15e-06 1.01e-05 8.7e-06
13 1.18e-05 1.015e-05 9.9e-06 1.2e-05 1.01e-05 1.03e-05 1.035e-05 1.27e-05 1.105e-05 1.25e-05 1.12e-05 9.65e-06 1.115e-05 1.69e-05 1.165e-05 1.17e-05 1.165e-05 9.95e-06 1.015e-05 1.11e-05 1.265e-05 1.03e-05 1.185e-05 1.1e-05 1.105e-05 1.015e-05 1.1e-05 1.12e-05 1.06e-05 1.08e-05 1.03e-05 8.85e-06 1.205e-05 9.25e-06 1.165e-05 1.185e-05 1.03e-05 1.12e-05 1.085e-05 1.025e-05 1.09e-05 1.02e-05 1.225e-05 1.08e-05 1.13e-05 1.12e-05 1.23e-05 1.245e-05 1.095e-05 8.6e-06 1.2e-05 1.18e-05 1.03e-05 9.95e-06 1.16e-05 1.22e-05 1.005e-05 9.65e-06 1.055e-05 1.105e-05 1.19e-05 1.03e-05 1.045e-05 1.215e-05 1e-05 1.19e-05 1.145e-05 1.2e-05 1.015e-05 8.6e-06 1.11e-05 1.24e-05 1.17e-05 1.015e-05 1.08e-05 1.1e-05 1.115e-05 1.025e-05 1.045e-05 9.7e-06 1.22e-05 1.155e-05 1.055e-05 1.185e-05 1.185e-05 1.165e-05 9.4e-06 8.9e-06 1.055e-05 1.055e-05 1.255e-05 1.07e-05 1.03e-05 9.55e-06 1.25e-05 1.045e-05 9.25e-06 9.4e-06 1.085e-05 1.115e-05
14 5.8e-06 5.25e-06 1.12e-05 9.35e-06 6.15e-06 5.8e-06 1.115e-05 1.315e-05 5.95e-06 9.05e-06 1.05e-05 1.075e-05 7.4e-06 1.165e-05 7.8e-06 7.9e-06 1.48e-05 1.045e-05 1.555e-05 8.2e-06 1.005e-05 1.025e-05 6.4e-06 6.85e-06 6.1e-06 7.8e-06 1.175e-05 6.15e-06 1.085e-05 1.35e-05 6.15e-06 1.155e-05 1.07e-05 8.25e-06 9.45e-06 9.25e-06 1.48e-05 1.45e-05 1.25e-05 1.085e-05 9.8e-06 7.85e-06 5.8e-06 1.1e-05 8.25e-06 7.95e-06 1.07e-05 1.465e-05 5.2e-06 7.75e-06 5.9e-06 6.3e-06 1.035e-05 7.25e-06 1.36e-05 1.425e-05 1.05e-05 6.1e-06 7.75e-06 9.95e-06 1.015e-05 6.3e-06 1.04e-05 1.46e-05 1.165e-05 9.4e-06 1.035e-05 1.295e-05 6.8e-06 7.75e-06 6.8e-06 1.24e-05 9.3e-06 1.07e-05 1.545e-05 6.1e-06 1.115e-05 1.43e-05 1.05e-05 6.9e-06 8.95e-06 1.435e-05 1.525e-05 5.95e-06 7.95e-06 1.445e-05 6.25e-06 1.21e-05 8.3e-06 1.08e-05 9.9e-06 1.535e-05 1.48e-05 1.11e-05 9.95e-06 1.195e-05 8.3e-06 1.27e-05 1.05e-05 1.2e-05
15 7.05e-06 7.55e-06 1.115e-05 1.11e-05 9.75e-06 8.1e-06 1.215e-05 1.265e-05 8.15e-06 1.025e-05 1.235e-05 1.015e-05 7.5e-06 1.17e-05 7.9e-06 1.2e-05 1.2e-05 1.32e-05 1.405e-05 7.45e-06 8.8e-06 1.07e-05 8.3e-06 9.65e-06 8.7e-06 7.2e-06 1.095e-05 8.3e-06 1.065e-05 1.355e-05 8.55e-06 1.16e-05 1.05e-05 1.085e-05 1.215e-05 1.15e-05 1.19e-05 1.43e-05 1.265e-05 1.11e-05 1.165e-05 7.2e-06 7.35e-06 1.03e-05 9.95e-06 9.75e-06 9.6e-06 1.34e-05 8.6e-06 1.095e-05 7.9e-06 8.75e-06 9.4e-06 9.6e-06 1.335e-05 1.155e-05 1.325e-05 8.6e-06 1.025e-05 9.9e-06 1.005e-05 9.35e-06 9.95e-06 1.18e-05 1.185e-05 1.04e-05 1e-05 1.32e-05 9.45e-06 1.095e-05 8.7e-06 1.415e-05 1.145e-05 1.06e-05 1.31e-05 8.65e-06 1.15e-05 1.4e-05 1.155e-05 9.65e-06 9.95e-06 1.25e-05 1.285e-05 8.7e-06 1.075e-05 1.26e-05 8.8e-06 1.27e-05 1.09e-05 1.105e-05 8.85e-06 1.3e-05 1.19e-05 1.145e-05 1.195e-05 1.155e-05 1.09e-05 9.2e-06 1.03e-05 8.7e-06
16 1.53e-05 1.44e-05 1.115e-05 1.53e-05 1.525e-05 1.51e-05 1.155e-05 1.01e-05 1.52e-05 1.515e-05 1.505e-05 1.14e-05 1.19e-05 1.165e-05 1.48e-05 1.2e-05 9.8e-06 1.51e-05 7e-06 1.115e-05 1.05e-05 1.135e-05 1.58e-05 1.485e-05 1.535e-05 1.175e-05 1.17e-05 1.445e-05 1.06e-05 1.085e-05 1.5e-05 1.17e-05 1.09e-05 1.52e-05 1.445e-05 1.505e-05 6.45e-06 1.11e-05 1.23e-05 1.05e-05 1.405e-05 1.18e-05 1.525e-05 1.09e-05 1.405e-05 1.375e-05 1.025e-05 7.4e-06 1.5e-05 1.575e-05 1.4e-05 1.455e-05 1.115e-05 1.485e-05 9.65e-06 5.55e-06 1.515e-05 1.5e-05 1.525e-05 1e-05 1.04e-05 1.545e-05 1.155e-05 5.85e-06 1.035e-05 1.15e-05 1.06e-05 1.075e-05 1.58e-05 1.575e-05 1.565e-05 1.46e-05 1.385e-05 1.135e-05 6.4e-06 1.44e-05 1.115e-05 1.085e-05 1.095e-05 1.55e-05 1.505e-05 6.15e-06 5.95e-06 1.455e-05 1.44e-05 6.25e-06 1.475e-05 1.14e-05 1.505e-05 1.03e-05 1.04e-05 6.3e-06 6.45e-06 1.105e-05 1.575e-05 1.245e-05 1.525e-05 8e-06 1.04e-05 6.95e-06
17 1.135e-05 9.05e-06 1.075e-05 9.9e-06 7.1e-06 9.5e-06 1.045e-05 1.29e-05 1.045e-05 1.185e-05 8.2e-06 1.315e-05 1.22e-05 9.95e-06 1.045e-05 1.32e-05 1.51e-05 7.4e-06 1.145e-05 1.155e-05 1.44e-05 1.34e-05 1e-05 8.4e-06 1.01e-05 1.13e-05 8.9e-06 9.7e-06 1.11e-05 1.06e-05 8.4e-06 1e-05 1.365e-05 4.7e-06 7.35e-06 7.85e-06 1.6e-05 1.04e-05 1.105e-05 9.8e-06 6.95e-06 1.135e-05 1.165e-05 1.165e-05 9.2e-06 8.9e-06 1.355e-05 1.54e-05 9.75e-06 3.85e-06 1.015e-05 1.015e-05 1.4e-05 7.2e-06 9.95e-06 1.615e-05 4.05e-06 7.55e-06 7.5e-06 1.245e-05 1.35e-05 7.4e-06 1.38e-05 1.61e-05 9.1e-06 1.305e-05 1.31e-05 1.105e-05 7.55e-06 3.85e-06 8.5e-06 9.75e-06 9.65e-06 1.215e-05 1.385e-05 9.15e-06 1.075e-05 1.12e-05 1.09e-05 6.85e-06 1.185e-05 1.375e-05 1.36e-05 1.03e-05 9.65e-06 1.385e-05 6.5e-06 7.6e-06 6.7e-06 1.045e-05 1.43e-05 1.375e-05 1.6e-05 1.005e-05 9.85e-06 1.33e-05 4.7e-06 1.485e-05 1.13e-05 1.485e-05
18 1.625e-05 1.415e-05 9.4e-06 1.465e-05 1.39e-05 1.435e-05 9.85e-06 1.08e-05 1.55e-05 1.66e-05 1.39e-05 1.155e-05 1.32e-05 1.015e-05 1.555e-05 1.405e-05 7e-06 1.145e-05 8.1e-06 1.225e-05 1.26e-05 1.245e-05 1.57e-05 1.36e-05 1.565e-05 1.21e-05 1.075e-05 1.445e-05 1.015e-05 9.65e-06 1.48e-05 1.02e-05 1.205e-05 1.195e-05 1.32e-05 1.42e-05 7.7e-06 9.35e-06 1.06e-05 9.3e-06 1.27e-05 1.215e-05 1.725e-05 1.075e-05 1.405e-05 1.38e-05 1.27e-05 8.35e-06 1.525e-05 1.18e-05 1.53e-05 1.56e-05 1.295e-05 1.32e-05 8.95e-06 7.1e-06 1.15e-05 1.375e-05 1.405e-05 1.06e-05 1.185e-05 1.345e-05 1.285e-05 7.1e-06 9.5e-06 1.175e-05 1.08e-05 9.7e-06 1.34e-05 1.18e-05 1.495e-05 1.42e-05 1.41e-05 1.11e-05 5.8e-06 1.44e-05 9.9e-06 9.7e-06 1.02e-05 1.3e-05 1.66e-05 5.45e-06 5.45e-06 1.57e-05 1.49e-05 5.55e-06 1.29e-05 8.05e-06 1.29e-05 9.4e-06 1.25e-05 5.7e-06 7.7e-06 9.3e-06 1.535e-05 1.26e-05 1.2e-05 9.2e-06 1.03e-05 8.45e-06
19 8.35e-06 7.85e-06 1.04e-05 1.155e-05 8.8e-06 8.45e-06 1.1e-05 1.3e-05 8.55e-06 1.13e-05 1.225e-05 1.065e-05 7.6e-06 1.11e-05 8.2e-06 7.45e-06 1.115e-05 1.155e-05 1.225e-05 1.29e-05 1.02e-05 1.08e-05 8.85e-06 8e-06 8.9e-06 7.5e-06 1.035e-05 7.4e-06 9.85e-06 1.32e-05 8.45e-06 1.1e-05 1.09e-05 9.4e-06 1.015e-05 1.12e-05 1.235e-05 1.345e-05 1.175e-05 1.05e-05 1.115e-05 7.55e-06 8.5e-06 1.005e-05 1.04e-05 1.01e-05 9.55e-06 1.255e-05 8.55e-06 9.3e-06 6.95e-06 7.7e-06 1.03e-05 9.05e-06 1.275e-05 1.2e-05 1.16e-05 8.45e-06 9.55e-06 1.02e-05 1.04e-05 8.8e-06 1.07e-05 1.23e-05 9.95e-06 1.055e-05 1.045e-05 1.305e-05 8.95e-06 9.3e-06 8.9e-06 1.395e-05 9.9e-06 1.08e-05 1.23e-05 7.55e-06 1.095e-05 1.32e-05 1.04e-05 8.95e-06 1.12e-05 1.195e-05 1.205e-05 7.7e-06 1.085e-05 1.205e-05 8.2e-06 1.085e-05 9.25e-06 1.03e-05 1.01e-05 1.22e-05 1.235e-05 1.05e-05 1.22e-05 1.19e-05 9.45e-06 9.65e-06 1.03e-05 9.15e-06
20 9.55e-06 1e-05 1.225e-05 1.245e-05 1.21e-05 1.06e-05 1.31e-05 1.115e-05 1.065e-05 1.145e-05 1.34e-05 1.125e-05 1.025e-05 1.265e-05 1.005e-05 8.8e-06 1.05e-05 1.44e-05 1.26e-05 1.02e-05 1.67e-05 1.165e-05 1.065e-05 1.195e-05 1.105e-05 9.95e-06 1.255e-05 1.08e-05 1.18e-05 1.335e-05 1.1e-05 1.22e-05 1.015e-05 1.315e-05 1.335e-05 1.27e-05 1.015e-05 1.41e-05 1.36e-05 1.095e-05 1.28e-05 1e-05 9.7e-06 1.125e-05 1.125e-05 1.105e-05 1.055e-05 1.205e-05 1.095e-05 1.33e-05 1.045e-05 1.11e-05 1.035e-05 1.19e-05 1.21e-05 8.5e-06 1.445e-05 1.105e-05 1.245e-05 9.8e-06 9.7e-06 1.17e-05 1.09e-05 8.95e-06 1.28e-05 1.06e-05 9.95e-06 1.195e-05 1.195e-05 1.33e-05 1.105e-05 1.42e-05 1.265e-05 1.155e-05 1.155e-05 1.1e-05 1.135e-05 1.38e-05 1.25e-05 1.205e-05 1.115e-05 9.95e-06 1.135e-05 1.105e-05 1.195e-05 9.85e-06 1.125e-05 1.365e-05 1.32e-05 1.07e-05 8.7e-06 1.115e-05 1.015e-05 1.24e-05 1.315e-05 1.25e-05 1.32e-05 1.055e-05 1.025e-05 8.75e-06
21 1.105e-05 1.055e-05 1.145e-05 1.235e-05 1.02e-05 1.09e-05 1.1e-05 1.275e-05 1.005e-05 1.115e-05 1.225e-05 9.65e-06 9.3e-06 1.03e-05 1.025e-05 1.07e-05 1.135e-05 1.34e-05 1.245e-05 1.08e-05 1.165e-05 1.57e-05 1.18e-05 1.165e-05 1.005e-05 1.05e-05 1.25e-05 1.115e-05 1.085e-05 1.15e-05 1.025e-05 1.055e-05 1.09e-05 1.26e-05 1.27e-05 1.19e-05 1.005e-05 1.25e-05 1.23e-05 1.23e-05 1.23e-05 1.055e-05 9.9e-06 1.1e-05 1.14e-05 1.135e-05 1.09e-05 1.045e-05 9.4e-06 1.26e-05 1.065e-05 1.015e-05 8.95e-06 1.165e-05 1.31e-05 1.23e-05 1.345e-05 1.12e-05 1.105e-05 1.14e-05 1.065e-05 1.21e-05 8.75e-06 1.235e-05 1.165e-05 1.05e-05 1.19e-05 1.265e-05 1.22e-05 1.26e-05 1.185e-05 1.235e-05 1.125e-05 1.05e-05 1.21e-05 1.095e-05 1.295e-05 1.12e-05 9.85e-06 1.195e-05 1.085e-05 1.265e-05 1.185e-05 9.85e-06 1e-05 1.275e-05 1.15e-05 1.215e-05 1.245e-05 1.225e-05 1.155e-05 1.2e-05 1.005e-05 1.12e-05 1.27e-05 1.035e-05 1.265e-05 9.15e-06 1.215e-05 1.125e-05
22 5.6e-06 6.2e-06 1.17e-05 1e-05 7e-06 6.25e-06 1.235e-05 1.45e-05 6.7e-06 9.05e-06 1.11e-05 1.16e-05 9.35e-06 1.185e-05 6.4e-06 8.3e-06 1.58e-05 1e-05 1.57e-05 8.85e-06 1.065e-05 1.18e-05 9.2e-06 5.7e-06 6.6e-06 8.75e-06 1.24e-05 6.3e-06 1.175e-05 1.44e-05 7.1e-06 1.175e-05 1.175e-05 8.2e-06 9.05e-06 9.2e-06 1.63e-05 1.495e-05 1.275e-05 1.165e-05 1.03e-05 8.8e-06 5.65e-06 1.08e-05 9.25e-06 9.05e-06 1.01e-05 1.595e-05 6.45e-06 7.25e-06 6.45e-06 6.5e-06 1.07e-05 7.55e-06 1.44e-05 1.635e-05 1.005e-05 6.75e-06 7.9e-06 1.105e-05 1.16e-05 6.85e-06 1.1e-05 1.63e-05 1.14e-05 1.09e-05 1.155e-05 1.33e-05 6.65e-06 7.25e-06 6e-06 1.305e-05 9.45e-06 1.105e-05 1.665e-05 6e-06 1.17e-05 1.49e-05 1.18e-05 6.5e-06 8.85e-06 1.54e-05 1.64e-05 6.55e-06 9.25e-06 1.55e-05 6.85e-06 1.2e-05 8.75e-06 1.19e-05 1.035e-05 1.655e-05 1.63e-05 1.15e-05 1.035e-05 1.25e-05 8.25e-06 1.4e-05 1.21e-05 1.39e-05
23 6.8e-06 6.75e-06 1.035e-05 1.015e-05 6.15e-06 6.5e-06 1.095e-05 1.485e-05 6.85e-06 1.03e-05 1.105e-05 1.15e-05 9.55e-06 1.1e-05 6.85e-06 9.65e-06 1.485e-05 8.4e-06 1.36e-05 8e-06 1.195e-05 1.165e-05 5.7e-06 7.5e-06 7.05e-06 9.3e-06 1.185e-05 5.15e-06 1.07e-05 1.375e-05 7.1e-06 1.09e-05 1.22e-05 6.85e-06 7.1e-06 8.95e-06 1.645e-05 1.38e-05 1.16e-05 1.11e-05 9.85e-06 9.35e-06 7.05e-06 1.03e-05 9.75e-06 9.45e-06 1.02e-05 1.48e-05 6.65e-06 5.7e-06 5.55e-06 5.55e-06 1.135e-05 7.25e-06 1.38e-05 1.68e-05 8.45e-06 6.85e-06 7.3e-06 1.155e-05 1.2e-05 6.4e-06 1.15e-05 1.68e-05 9.45e-06 1.075e-05 1.17e-05 1.315e-05 5.9e-06 5.7e-06 6.4e-06 1.285e-05 7.95e-06 1.115e-05 1.555e-05 5.15e-06 1.12e-05 1.38e-05 1.04e-05 5.55e-06 1.03e-05 1.485e-05 1.53e-05 5.6e-06 9.4e-06 1.495e-05 6.35e-06 9.9e-06 7.2e-06 1.12e-05 1.185e-05 1.545e-05 1.645e-05 1.03e-05 1.065e-05 1.26e-05 6.9e-06 1.42e-05 1.215e-05 1.44e-05
24 6.75e-06 4.4e-06 1.15e-05 9.45e-06 6.15e-06 5.05e-06 1.15e-05 1.3e-05 5.1e-06 9.35e-06 9.25e-06 1.08e-05 7.9e-06 1.105e-05 6.1e-06 8.7e-06 1.535e-05 1.01e-05 1.565e-05 8.9e-06 1.105e-05 1.005e-05 6.6e-06 7.05e-06 6.8e-06 6.95e-06 1.19e-05 6.95e-06 1.065e-05 1.295e-05 4.8e-06 1.095e-05 9.15e-06 7.9e-06 9.7e-06 9.35e-06 1.49e-05 1.41e-05 1.135e-05 1.115e-05 9e-06 7e-06 5.1e-06 1.12e-05 7.75e-06 7.55e-06 1.135e-05 1.52e-05 4.3e-06 7.35e-06 6.2e-06 5.35e-06 1.05e-05 5.95e-06 1.39e-05 1.525e-05 1.015e-05 4.8e-06 6.2e-06 9.25e-06 9.3e-06 6.85e-06 1.025e-05 1.49e-05 1.155e-05 1.02e-05 1.105e-05 1.255e-05 7.35e-06 7.35e-06 7.15e-06 1.185e-05 9.45e-06 8.85e-06 1.585e-05 5.35e-06 1.18e-05 1.38e-05 1.065e-05 6.6e-06 9.1e-06 1.505e-05 1.56e-05 6.15e-06 7.4e-06 1.515e-05 6.35e-06 1.18e-05 8.05e-06 1.115e-05 1.095e-05 1.575e-05 1.49e-05 1.005e-05 8.25e-06 1.05e-05 7.95e-06 1.26e-05 1.09e-05 1.28e-05
25 8.15e-06 4.75e-06 9.4e-06 9.75e-06 8.9e-06 5.4e-06 1.045e-05 1.07e-05 7.7e-06 1.15e-05 1.01e-05 9e-06 6.95e-06 1.015e-05 7.8e-06 7.2e-06 1.175e-05 1.13e-05 1.21e-05 7.5e-06 9.95e-06 1.05e-05 8.75e-06 9.3e-06 6.95e-06 8.8e-06 9.35e-06 8.45e-06 9.6e-06 1.145e-05 7.75e-06 1.005e-05 1.01e-05 8.6e-06 1.22e-05 1.18e-05 1.065e-05 1.26e-05 1.065e-05 9.2e-06 9.35e-06 4.45e-06 9.4e-06 1.08e-05 8.1e-06 7.75e-06 1.195e-05 1.375e-05 6.85e-06 8.75e-06 8.75e-06 9.85e-06 1.04e-05 6.45e-06 1.175e-05 9.95e-06 1.135e-05 5.55e-06 9.4e-06 7.1e-06 9.5e-06 7.6e-06 1.06e-05 1.035e-05 1.13e-05 9.95e-06 8.55e-06 1.135e-05 7.9e-06 8.75e-06 9.4e-06 1.295e-05 1.175e-05 7.4e-06 1.125e-05 7.5e-06 9.85e-06 1.25e-05 1.075e-05 7.4e-06 1.13e-05 1.08e-05 1.1e-05 9.95e-06 9.95e-06 1.09e-05 6.9e-06 1.055e-05 9.05e-06 9.15e-06 9.85e-06 1.115e-05 1.065e-05 8.65e-06 9.85e-06 1.015e-05 8.65e-06 7.95e-06 8.45e-06 7.1e-06
26 1.225e-05 1.005e-05 1.07e-05 1.09e-05 1.105e-05 1.07e-05 1.115e-05 1.085e-05 1.175e-05 1.285e-05 1.01e-05 1.155e-05 1.045e-05 1.1e-05 1.175e-05 1.095e-05 1.17e-05 8.9e-06 1.075e-05 1.035e-05 1.255e-05 1.25e-05 1.24e-05 1.185e-05 1.19e-05 9.35e-06 1.62e-05 1.165e-05 1.075e-05 1.03e-05 1.095e-05 1.11e-05 1.25e-05 9.25e-06 1.145e-05 1.09e-05 1.17e-05 1.065e-05 1.17e-05 1.04e-05 8.95e-06 9.4e-06 1.315e-05 1.18e-05 9.75e-06 9.45e-06 1.31e-05 1.31e-05 1.16e-05 9.75e-06 1.18e-05 1.27e-05 1.265e-05 9.7e-06 9.75e-06 1.135e-05 9.15e-06 1e-05 1.085e-05 1.09e-05 1.205e-05 1.04e-05 1.275e-05 1.16e-05 1.105e-05 1.24e-05 1.13e-05 1.07e-05 1.06e-05 9.75e-06 1.18e-05 1.11e-05 1.195e-05 1.11e-05 1.105e-05 1.16e-05 1.105e-05 1.115e-05 1.15e-05 1.03e-05 1.275e-05 1.105e-05 1.08e-05 1.275e-05 1.105e-05 1.115e-05 9.6e-06 1.015e-05 1.015e-05 1.065e-05 1.245e-05 1.095e-05 1.17e-05 1.06e-05 1.125e-05 1.245e-05 9.3e-06 1.015e-05 1.05e-05 9.65e-06
27 5.2e-06 6e-06 9.4e-06 8.9e-06 6.75e-06 5.4e-06 1.11e-05 1.415e-05 5.65e-06 9.55e-06 1.085e-05 9.85e-06 8.65e-06 1.12e-05 6.15e-06 8.3e-06 1.445e-05 9.7e-06 1.445e-05 7.4e-06 1.08e-05 1.115e-05 6.3e-06 5.15e-06 6.95e-06 8.45e-06 1.165e-05 8.5e-06 1.005e-05 1.365e-05 6.5e-06 1.11e-05 1.175e-05 7.45e-06 8.1e-06 9.4e-06 1.535e-05 1.385e-05 1.185e-05 1.11e-05 9.75e-06 8.5e-06 6.45e-06 1e-05 9e-06 8.65e-06 9.95e-06 1.495e-05 6.6e-06 7e-06 5e-06 5.7e-06 1.04e-05 7.2e-06 1.38e-05 1.55e-05 9.75e-06 6.35e-06 7.85e-06 1.09e-05 1.125e-05 6.55e-06 1.085e-05 1.58e-05 1.035e-05 9.55e-06 1.02e-05 1.36e-05 5.45e-06 7e-06 6.6e-06 1.27e-05 8.2e-06 1.1e-05 1.51e-05 5.4e-06 1.125e-05 1.365e-05 1.055e-05 6.15e-06 9.45e-06 1.485e-05 1.485e-05 5.7e-06 9.35e-06 1.495e-05 6.25e-06 1.075e-05 7.5e-06 1.09e-05 1.07e-05 1.5e-05 1.535e-05 1.05e-05 1.065e-05 1.22e-05 7.5e-06 1.29e-05 1.1e-05 1.29e-05
28 1.085e-05 9.75e-06 9.1e-06 1.155e-05 1.025e-05 9.85e-06 1.025e-05 1.215e-05 1.01e-05 1.3e-05 1.19e-05 1.03e-05 9.9e-06 1.06e-05 1.085e-05 1.065e-05 1.06e-05 1.11e-05 1.015e-05 9.85e-06 1.18e-05 1.085e-05 1.175e-05 1.07e-05 1.065e-05 9.6e-06 1.075e-05 1.005e-05 1.71e-05 1.085e-05 9.95e-06 1.085e-05 1.155e-05 1.005e-05 1.145e-05 1.185e-05 1.11e-05 1.105e-05 1.08e-05 1.065e-05 1.08e-05 9.65e-06 1.135e-05 1.015e-05 1.095e-05 1.065e-05 1.12e-05 1.16e-05 1.035e-05 1.02e-05 9.6e-06 1.07e-05 1.125e-05 1.005e-05 1.155e-05 1.14e-05 1.115e-05 9.8e-06 1.07e-05 1.07e-05 1.105e-05 1.055e-05 1.13e-05 1.17e-05 1.015e-05 1.09e-05 1.075e-05 1.22e-05 1.02e-05 1.02e-05 1.125e-05 1.315e-05 1.175e-05 1.03e-05 1.01e-05 1.04e-05 1.13e-05 1.115e-05 9.55e-06 1.015e-05 1.29e-05 1.135e-05 9.95e-06 1.075e-05 1.13e-05 1.145e-05 9.75e-06 9.45e-06 1.05e-05 1.045e-05 1.17e-05 1e-05 1.11e-05 9.45e-06 1.255e-05 1.185e-05 1.01e-05 1e-05 1.055e-05 1.015e-05
29 1.4e-05 1.185e-05 1.02e-05 1.09e-05 1.305e-05 1.195e-05 1.04e-05 9.7e-06 1.325e-05 1.315e-05 9.1e-06 1.085e-05 1.275e-05 1.08e-05 1.35e-05 1.355e-05 1.085e-05 1.06e-05 9.65e-06 1.32e-05 1.335e-05 1.15e-05 1.44e-05 1.375e-05 1.295e-05 1.145e-05 1.03e-05 1.365e-05 1.085e-05 1.34e-05 1.28e-05 1.125e-05 1.28e-05 1.155e-05 1.265e-05 1.165e-05 1e-05 8.45e-06 1.085e-05 1.17e-05 8.8e-06 1.15e-05 1.47e-05 1.135e-05 9.6e-06 9.8e-06 1.325e-05 1.13e-05 1.255e-05 1.255e-05 1.44e-05 1.45e-05 1.19e-05 1.1e-05 9.7e-06 1.115e-05 1.06e-05 1.16e-05 1.255e-05 1.12e-05 1.26e-05 1.3e-05 1.185e-05 1.115e-05 1.17e-05 1.24e-05 1.2e-05 9.7e-06 1.285e-05 1.255e-05 1.41e-05 9.85e-06 1.27e-05 9.75e-06 9.6e-06 1.315e-05 1.235e-05 9e-06 1.07e-05 1.225e-05 1.285e-05 1.12e-05 9.35e-06 1.44e-05 1.03e-05 1.13e-05 1.24e-05 1.02e-05 1.21e-05 1.165e-05 1.325e-05 9.5e-06 1e-05 9.65e-06 1.07e-05 1.135e-05 1.16e-05 1.025e-05 1.16e-05 1.125e-05
30 6.6e-06 5.15e-06 1.075e-05 9.35e-06 5.3e-06 5.85e-06 1.09e-05 1.335e-05 5.1e-06 9.5e-06 9.15e-06 1.075e-05 7.8e-06 1.03e-05 6.15e-06 8.55e-06 1.5e-05 8.4e-06 1.48e-05 8.45e-06 1.1e-05 1.025e-05 7.1e-06 7.1e-06 4.8e-06 7.75e-06 1.095e-05 6.5e-06 9.95e-06 1.28e-05 7.4e-06 1.02e-05 9.55e-06 6.1e-06 8.65e-06 8.6e-06 1.5e-05 1.355e-05 1.1e-05 1.02e-05 8.5e-06 7.8e-06 5.25e-06 1.06e-05 8e-06 7.75e-06 1.105e-05 1.52e-05 5.3e-06 5.55e-06 5.8e-06 5.3e-06 1.065e-05 6e-06 1.305e-05 1.515e-05 8.45e-06 4.55e-06 5.7e-06 1.015e-05 9.5e-06 6.25e-06 1.045e-05 1.5e-05 1.035e-05 1.01e-05 1.095e-05 1.31e-05 6.45e-06 5.55e-06 6.35e-06 1.205e-05 9.3e-06 1.02e-05 1.52e-05 6e-06 1.1e-05 1.335e-05 1.01e-05 5.7e-06 9.25e-06 1.475e-05 1.495e-05 5.9e-06 7.9e-06 1.485e-05 5.25e-06 1.03e-05 6.8e-06 1.02e-05 1.09e-05 1.51e-05 1.5e-05 1.01e-05 8.9e-06 1.09e-05 6.15e-06 1.26e-05 9.6e-06 1.26e-05
31 1.17e-05 1.005e-05 1.015e-05 1.21e-05 1e-05 1.02e-05 1.06e-05 1.245e-05 1.095e-05 1.26e-05 1.14e-05 9.9e-06 1.105e-05 8.85e-06 1.155e-05 1.16e-05 1.17e-05 1e-05 1.02e-05 1.1e-05 1.22e-05 1.055e-05 1.175e-05 1.09e-05 1.095e-05 1.005e-05 1.11e-05 1.11e-05 1.085e-05 1.125e-05 1.02e-05 1.67e-05 1.16e-05 9.25e-06 1.175e-05 1.195e-05 1.02e-05 1.165e-05 1.11e-05 9.9e-06 1.11e-05 1.01e-05 1.215e-05 1.105e-05 1.14e-05 1.13e-05 1.255e-05 1.25e-05 1.085e-05 8.5e-06 1.19e-05 1.17e-05 1.055e-05 9.95e-06 1.15e-05 1.14e-05 1.015e-05 9.55e-06 1.055e-05 1.075e-05 1.145e-05 1.02e-05 1.07e-05 1.15e-05 1.025e-05 1.16e-05 1.115e-05 1.19e-05 1.005e-05 8.5e-06 1.1e-05 1.27e-05 1.18e-05 1.04e-05 1.085e-05 1.09e-05 1.085e-05 1.07e-05 1.07e-05 9.6e-06 1.23e-05 1.105e-05 1.06e-05 1.175e-05 1.195e-05 1.1e-05 9.3e-06 9.15e-06 1.055e-05 1.01e-05 1.225e-05 1.06e-05 1.02e-05 9.8e-06 1.26e-05 1.07e-05 9.25e-06 9.65e-06 1.055e-05 1.07e-05
32 1.135e-05 1.015e-05 1.255e-05 1.3e-05 1.12e-05 1.1e-05 1.26e-05 1.125e-05 9.65e-06 1.245e-05 1.27e-05 1.165e-05 1.005e-05 1.205e-05 1.07e-05 1.05e-05 1.09e-05 1.365e-05 1.205e-05 1.09e-05 1.015e-05 1.09e-05 1.175e-05 1.22e-05 9.15e-06 1.01e-05 1.25e-05 1.175e-05 1.155e-05 1.28e-05 9.55e-06 1.16e-05 1.5e-05 1.28e-05 1.335e-05 1.265e-05 1.025e-05 1.38e-05 1.23e-05 1.09e-05 1.26e-05 1.015e-05 9.35e-06 1.195e-05 1.12e-05 1.115e-05 1.185e-05 1.165e-05 1.025e-05 1.255e-05 1.085e-05 9.75e-06 1.11e-05 1.175e-05 1.205e-05 9.15e-06 1.37e-05 1.1e-05 1.035e-05 9.95e-06 8.3e-06 1.18e-05 1.1e-05 8.4e-06 1.25e-05 1.08e-05 1.045e-05 1.14e-05 1.24e-05 1.255e-05 1.19e-05 1.385e-05 1.27e-05 1.115e-05 1.16e-05 1.12e-05 1.155e-05 1.33e-05 1.17e-05 1.205e-05 1.215e-05 1e-05 1.14e-05 1.085e-05 1.105e-05 9.9e-06 1.12e-05 1.3e-05 1.285e-05 1.075e-05 1.025e-05 1.13e-05 1.025e-05 1.195e-05 1.19e-05 1.125e-05 1.285e-05 1.065e-05 1.07e-05 9.4e-06
33 8.9e-06 6.35e-06 9.45e-06 9.4e-06 5.5e-06 6.7e-06 9.8e-06 1.35e-05 8.15e-06 1.15e-05 7.75e-06 1.17e-05 1e-05 9.25e-06 8.25e-06 1.085e-05 1.52e-05 4.7e-06 1.195e-05 9.4e-06 1.315e-05 1.26e-05 8.2e-06 6.85e-06 7.9e-06 8.6e-06 9.25e-06 7.45e-06 1.005e-05 1.155e-05 6.1e-06 9.25e-06 1.28e-05 4.2e-06 7.9e-06 8.3e-06 1.58e-05 1.15e-05 1.04e-05 8.85e-06 6.15e-06 8.65e-06 9.8e-06 1.08e-05 8.7e-06 8.35e-06 1.29e-05 1.63e-05 7.55e-06 2.35e-06 8.15e-06 8.5e-06 1.305e-05 4.2e-06 1.115e-05 1.565e-05 4.6e-06 4.75e-06 5.7e-06 1.085e-05 1.24e-05 5.4e-06 1.285e-05 1.585e-05 8.7e-06 1.175e-05 1.165e-05 1.23e-05 5.3e-06 2.35e-06 6.7e-06 1.145e-05 9.6e-06 1.085e-05 1.375e-05 7e-06 9.7e-06 1.19e-05 1.02e-05 4.65e-06 1.14e-05 1.385e-05 1.35e-05 8.5e-06 9.7e-06 1.395e-05 4.4e-06 7e-06 4.3e-06 9.15e-06 1.305e-05 1.365e-05 1.58e-05 8.85e-06 9.9e-06 1.255e-05 2.25e-06 1.355e-05 9.6e-06 1.325e-05
34 1.01e-05 9.6e-06 1.205e-05 1.115e-05 7.75e-06 1.02e-05 1.105e-05 1.425e-05 9.9e-06 1.085e-05 1.075e-05 1.36e-05 1.18e-05 1.165e-05 9.45e-06 1.215e-05 1.445e-05 7.35e-06 1.32e-05 1.015e-05 1.335e-05 1.27e-05 9.05e-06 7.1e-06 9.7e-06 1.22e-05 1.145e-05 8.1e-06 1.145e-05 1.265e-05 8.65e-06 1.175e-05 1.335e-05 7.9e-06 1.11e-05 8.5e-06 1.665e-05 1.24e-05 1.175e-05 1.185e-05 9.55e-06 1.225e-05 9.3e-06 1.115e-05 1.02e-05 9.95e-06 1.09e-05 1.42e-05 9.3e-06 6.9e-06 7.6e-06 7.45e-06 1.265e-05 9.35e-06 1.23e-05 1.71e-05 7.4e-06 9.05e-06 8.75e-06 1.335e-05 1.315e-05 8.7e-06 1.275e-05 1.71e-05 9.5e-06 1.27e-05 1.39e-05 1.26e-05 9e-06 6.9e-06 8.35e-06 1.11e-05 8.15e-06 1.315e-05 1.535e-05 7.7e-06 1.24e-05 1.275e-05 1.105e-05 8.5e-06 1.085e-05 1.495e-05 1.51e-05 7.55e-06 9.65e-06 1.505e-05 8.15e-06 1.015e-05 7.8e-06 1.195e-05 1.325e-05 1.525e-05 1.665e-05 1.15e-05 1.04e-05 1.315e-05 7.95e-06 1.55e-05 1.285e-05 1.58e-05
35 9.7e-06 9.6e-06 1.24e-05 1e-05 8.15e-06 1.005e-05 1.18e-05 1.3e-05 9.5e-06 9.95e-06 9.25e-06 1.3e-05 1.115e-05 1.185e-05 9.25e-06 1.15e-05 1.505e-05 7.85e-06 1.42e-05 1.12e-05 1.27e-05 1.19e-05 9.2e-06 8.95e-06 9.35e-06 1.18e-05 1.09e-05 9.4e-06 1.185e-05 1.165e-05 8.6e-06 1.195e-05 1.265e-05 8.3e-06 8.5e-06 1.41e-05 1.58e-05 1.18e-05 1.27e-05 1.22e-05 8.35e-06 1.185e-05 8.7e-06 1.13e-05 9.25e-06 9.1e-06 1.155e-05 1.415e-05 8.95e-06 8.3e-06 8.95e-06 8.55e-06 1.22e-05 9e-06 1.17e-05 1.64e-05 7.85e-06 9.25e-06 8.35e-06 1.295e-05 1.25e-05 9.3e-06 1.125e-05 1.635e-05 1.115e-05 1.205e-05 1.35e-05 1.18e-05 9.5e-06 8.3e-06 8.7e-06 9.85e-06 9.35e-06 1.26e-05 1.545e-05 9.05e-06 1.265e-05 1.24e-05 1.12e-05 9.2e-06 9.75e-06 1.515e-05 1.52e-05 8.35e-06 8.35e-06 1.525e-05 8.9e-06 1.13e-05 8.85e-06 1.245e-05 1.26e-05 1.535e-05 1.58e-05 1.2e-05 1e-05 1.315e-05 8.35e-06 1.465e-05 1.275e-05 1.51e-05
36 1.49e-05 1.33e-05 1.065e-05 1.405e-05 1.61e-05 1.37e-05 1.17e-05 8.8e-06 1.455e-05 1.44e-05 1.385e-05 8.85e-06 1.185e-05 1.03e-05 1.48e-05 1.19e-05 6.45e-06 1.6e-05 7.7e-06 1.235e-05 1.015e-05 1.005e-05 1.63e-05 1.645e-05 1.49e-05 1.065e-05 1.17e-05 1.535e-05 1.11e-05 1e-05 1.5e-05 1.02e-05 1.025e-05 1.58e-05 1.665e-05 1.58e-05 7.8e-06 1.095e-05 1.215e-05 1.035e-05 1.375e-05 1.07e-05 1.58e-05 1.16e-05 1.285e-05 1.275e-05 1.25e-05 8.5e-06 1.485e-05 1.655e-05 1.59e-05 1.64e-05 9.6e-06 1.445e-05 9.85e-06 3.95e-06 1.605e-05 1.425e-05 1.58e-05 9.1e-06 9.8e-06 1.535e-05 1.005e-05 4.5e-06 1.26e-05 1.115e-05 9.25e-06 1.01e-05 1.54e-05 1.655e-05 1.645e-05 1.35e-05 1.49e-05 9.75e-06 6.1e-06 1.55e-05 1.095e-05 9.7e-06 1.17e-05 1.525e-05 1.4e-05 6e-06 5.95e-06 1.635e-05 1.415e-05 5.85e-06 1.465e-05 1.21e-05 1.6e-05 1.005e-05 1.025e-05 5.85e-06 3.95e-06 1.075e-05 1.48e-05 1.025e-05 1.585e-05 5.75e-06 9.65e-06 5.7e-06
37 1.47e-05 1.3e-05 1.035e-05 1.035e-05 1.345e-05 1.305e-05 1.055e-05 1.065e-05 1.41e-05 1.37e-05 1.025e-05 1.175e-05 1.37e-05 1.12e-05 1.45e-05 1.43e-05 1.11e-05 1.04e-05 9.35e-06 1.345e-05 1.41e-05 1.25e-05 1.495e-05 1.38e-05 1.41e-05 1.26e-05 1.065e-05 1.385e-05 1.105e-05 8.45e-06 1.355e-05 1.165e-05 1.38e-05 1.15e-05 1.24e-05 1.18e-05 1.095e-05 1.42e-05 1.12e-05 1.205e-05 9.6e-06 1.265e-05 1.545e-05 1.13e-05 1.12e-05 1.1e-05 1.335e-05 1.155e-05 1.38e-05 1.235e-05 1.465e-05 1.475e-05 1.285e-05 1.175e-05 1.005e-05 1.205e-05 1.04e-05 1.26e-05 1.295e-05 1.235e-05 1.35e-05 1.335e-05 1.26e-05 1.215e-05 1.14e-05 1.335e-05 1.28e-05 1.065e-05 1.315e-05 1.235e-05 1.43e-05 8.9e-06 1.25e-05 1.12e-05 9.8e-06 1.365e-05 1.27e-05 9.25e-06 1.1e-05 1.28e-05 1.365e-05 1.17e-05 9.45e-06 1.48e-05 1.175e-05 1.18e-05 1.275e-05 9.85e-06 1.195e-05 1.185e-05 1.4e-05 9.7e-06 1.095e-05 1.01e-05 1.18e-05 1.245e-05 1.155e-05 1.12e-05 1.235e-05 1.215e-05
38 1.275e-05 1.065e-05 1.015e-05 1.245e-05 1.14e-05 1.08e-05 9.7e-06 1.29e-05 1.16e-05 1.425e-05 1.175e-05 1.15e-05 1.205e-05 1.085e-05 1.25e-05 1.265e-05 1.23e-05 1.105e-05 1.06e-05 1.175e-05 1.36e-05 1.23e-05 1.275e-05 1.16e-05 1.135e-05 1.065e-05 1.17e-05 1.185e-05 1.08e-05 1.085e-05 1.1e-05 1.11e-05 1.23e-05 1.04e-05 1.175e-05 1.27e-05 1.215e-05 1.12e-05 1.76e-05 1.14e-05 1.115e-05 1.07e-05 1.3e-05 1.13e-05 1.16e-05 1.135e-05 1.315e-05 1.315e-05 1.16e-05 1.015e-05 1.26e-05 1.225e-05 1.26e-05 1.05e-05 1.23e-05 1.295e-05 1.11e-05 1.03e-05 1.135e-05 1.155e-05 1.245e-05 1.125e-05 1.245e-05 1.26e-05 1.105e-05 1.28e-05 1.21e-05 1.245e-05 1.11e-05 1.015e-05 1.22e-05 1.335e-05 1.285e-05 1.055e-05 1.105e-05 1.14e-05 1.21e-05 1.145e-05 1.085e-05 1.055e-05 1.41e-05 1.245e-05 1.085e-05 1.275e-05 1.23e-05 1.255e-05 1.055e-05 9.55e-06 1.01e-05 1.125e-05 1.35e-05 1.095e-05 1.215e-05 9.45e-06 1.075e-05 1.015e-05 1.045e-05 1.125e-05 1.175e-05 1.19e-05
39 1.17e-05 9.2e-06 1.03e-05 1.205e-05 1.005e-05 9.85e-06 1.085e-05 1.095e-05 1.12e-05 1.37e-05 1.18e-05 1.125e-05 1.06e-05 1.025e-05 1.085e-05 1.11e-05 1.05e-05 9.8e-06 9.3e-06 1.05e-05 1.095e-05 1.23e-05 1.165e-05 1.11e-05 1.115e-05 9.2e-06 1.04e-05 1.11e-05 1.065e-05 1.17e-05 1.02e-05 9.9e-06 1.09e-05 8.85e-06 1.185e-05 1.22e-05 1.035e-05 1.205e-05 1.14e-05 1.61e-05 1.075e-05 9.25e-06 1.27e-05 1.15e-05 1.09e-05 1.055e-05 1.3e-05 1.25e-05 1.085e-05 8.2e-06 1.155e-05 1.225e-05 1.245e-05 9.5e-06 9.95e-06 8.6e-06 9.95e-06 8.95e-06 1.08e-05 9.05e-06 1.045e-05 9.5e-06 1.255e-05 8.7e-06 1.04e-05 1.095e-05 9.5e-06 1.075e-05 9.75e-06 8.2e-06 1.1e-05 1.365e-05 1.28e-05 1.065e-05 9.55e-06 1.085e-05 9.1e-06 1.215e-05 1.12e-05 9.25e-06 1.36e-05 8.15e-06 9.4e-06 1.23e-05 1.23e-05 8.4e-06 8.5e-06 9.3e-06 1.025e-05 8.55e-06 1.07e-05 9.5e-06 1.035e-05 9.9e-06 1.25e-05 1.225e-05 8.85e-06 1.055e-05 8.55e-06 8.65e-06
40 1.025e-05 7.5e-06 1.055e-05 8e-06 9.15e-06 8e-06 1.095e-05 9.75e-06 9.55e-06 1.025e-05 5.7e-06 1.125e-05 1.11e-05 1.09e-05 9.8e-06 1.165e-05 1.405e-05 6.95e-06 1.27e-05 1.115e-05 1.28e-05 1.23e-05 1.03e-05 9.85e-06 9e-06 9.35e-06 8.95e-06 9.75e-06 1.08e-05 8.8e-06 8.5e-06 1.11e-05 1.26e-05 6.15e-06 9.55e-06 8.35e-06 1.375e-05 9.6e-06 1.115e-05 1.075e-05 8.6e-06 9.4e-06 1.095e-05 1.165e-05 6.6e-06 6.15e-06 1.32e-05 1.485e-05 8.9e-06 7.95e-06 1.01e-05 1.06e-05 1.25e-05 5.8e-06 9.65e-06 1.385e-05 6.9e-06 7.05e-06 8e-06 1.045e-05 1.21e-05 8.65e-06 1.235e-05 1.415e-05 1.125e-05 1.2e-05 1.175e-05 9.65e-06 8.7e-06 7.95e-06 9.9e-06 7.7e-06 9.55e-06 9.7e-06 1.315e-05 9e-06 1.14e-05 1.03e-05 1.135e-05 7.95e-06 1.005e-05 1.34e-05 1.29e-05 1.065e-05 7.8e-06 1.35e-05 7.85e-06 1.01e-05 6.9e-06 1.07e-05 1.27e-05 1.305e-05 1.375e-05 9.75e-06 7.5e-06 1.185e-05 6.2e-06 1.265e-05 1.05e-05 1.26e-05
41 8.2e-06 4.8e-06 9.45e-06 9.8e-06 8.95e-06 5.45e-06 1.05e-05 1.075e-05 7.75e-06 1.155e-05 1.015e-05 9.05e-06 7e-06 1.02e-05 7.85e-06 7.2e-06 1.18e-05 1.135e-05 1.215e-05 7.55e-06 1e-05 1.055e-05 8.8e-06 9.35e-06 7e-06 4.45e-06 9.4e-06 8.5e-06 9.65e-06 1.15e-05 7.8e-06 1.01e-05 1.015e-05 8.65e-06 1.225e-05 1.185e-05 1.07e-05 1.265e-05 1.07e-05 9.25e-06 9.4e-06 8.9e-06 9.45e-06 1.085e-05 8.15e-06 7.8e-06 1.2e-05 1.38e-05 6.9e-06 8.8e-06 8.8e-06 9.9e-06 1.045e-05 6.5e-06 1.18e-05 1e-05 1.14e-05 5.6e-06 9.45e-06 7.15e-06 9.55e-06 7.65e-06 1.065e-05 1.04e-05 1.135e-05 1e-05 8.6e-06 1.14e-05 7.95e-06 8.8e-06 9.45e-06 1.3e-05 1.18e-05 7.45e-06 1.13e-05 7.55e-06 9.9e-06 1.255e-05 1.08e-05 7.45e-06 1.135e-05 1.085e-05 1.105e-05 1e-05 1e-05 1.095e-05 6.95e-06 1.06e-05 9.1e-06 9.2e-06 9.9e-06 1.12e-05 1.07e-05 8.7e-06 9.9e-06 1.02e-05 8.7e-06 8e-06 8.5e-06 7.15e-06
