 slim_337520691 slim_337520902 slim_337520824 slim_337520834 slim_337520860 slim_337520859 slim_337520551 slim_337520839 slim_337520796 slim_337520907 slim_337520784 slim_337520895 slim_337520747 slim_337520832 slim_337520822 slim_337520853 slim_337520847 slim_337520813 slim_337520871 slim_337520897 slim_337520654 slim_337520633 slim_337520537 slim_337520791 slim_337520814 slim_337520755 slim_337520872 slim_337520606 slim_337520600 slim_337520849 slim_337520901 slim_337520726 slim_337520723 slim_337520632 slim_337520906 slim_337520890 slim_337520719 slim_337520647 slim_337520800 slim_337520696 slim_337520794 slim_337520862 slim_337520812 slim_337520765 slim_337520718 slim_337520875 slim_337520568 slim_337520880 slim_337520499 slim_337520852 slim_337520838 slim_337520750 slim_337520797 slim_337520856 slim_337520848 slim_337520525 slim_337520882 slim_337520646 slim_337520627 slim_337520885 slim_337520893 slim_337520785 slim_337520842 slim_337520843 slim_337520899 slim_337520737 slim_337520744 slim_337520896 slim_337520864 slim_337520903 slim_337520870 slim_337520803 slim_337520583 slim_337520770 slim_337520894 slim_337520887 slim_337520891 slim_337520874 slim_337520909 slim_337520850 slim_337520844 slim_337520684 slim_337520809 slim_337520854 slim_337520869 slim_337520879 slim_337520739 slim_337520802 slim_337520768 slim_337520790 slim_337520904 slim_337520857 slim_337520811 slim_337520702 slim_337520881 slim_337520772 slim_337520878 slim_337520851 slim_337520746 slim_337520868
0 6.13e-05 0.00015375 3.49e-05 4.105e-05 9.3e-05 9.305e-05 3.17e-05 3.23e-05 3.145e-05 4.115e-05 4.115e-05 3.325e-05 9.41e-05 0.0001021 9.465e-05 4.325e-05 9.3e-05 4.105e-05 3.415e-05 9.495e-05 5.07e-05 9.235e-05 0.00010195 9.26e-05 0.00010275 3.255e-05 3.14e-05 3.165e-05 3.215e-05 9.23e-05 4.095e-05 4.12e-05 5.035e-05 5.025e-05 4.2e-05 4.11e-05 0.00015365 4.105e-05 4.075e-05 4.13e-05 4.125e-05 8.46e-05 4.115e-05 9.42e-05 4.115e-05 4.175e-05 0.0001024 4.175e-05 4.26e-05 3.14e-05 0.0001536 4.09e-05 0.00010185 0.00010285 3.495e-05 9.26e-05 4.125e-05 0.0001019 3.375e-05 0.00013605 3.185e-05 3.145e-05 3.105e-05 9.315e-05 4.105e-05 9.26e-05 3.36e-05 4.21e-05 3.39e-05 9.41e-05 4.115e-05 9.295e-05 9.295e-05 0.0001019 9.295e-05 9.32e-05 0.0001541 7.49e-05 9.32e-05 0.00010265 0.00010225 5.01e-05 4.25e-05 9.255e-05 4.21e-05 9.28e-05 0.0001536 0.0001539 9.26e-05 5.035e-05 0.00010215 0.00015395 3.225e-05 0.00010195 3.19e-05 7.51e-05 0.0001021 9.335e-05 3.135e-05 4.88e-05
1 0.00015375 2.2e-06 0.00013065 0.00014945 7.62e-05 9.265e-05 0.0001505 0.00015075 0.0001652 0.0001619 0.0001458 0.0001403 6.58e-05 7.485e-05 8.265e-05 0.00015065 7.63e-05 0.0001616 0.0001411 8.305e-05 0.000172 9.02e-05 7.555e-05 9.075e-05 8.605e-05 0.0001636 0.000154 0.00015085 0.0001632 7.6e-05 0.00016055 0.00016135 0.00016105 0.00014485 0.0001613 0.0001621 5.8e-06 0.00014945 0.0001619 0.00015015 0.00016225 0.0001172 0.0001623 6.59e-05 0.00015025 0.00016075 7.345e-05 0.0001622 0.0001393 0.0001506 1.64e-05 0.00014975 9.04e-05 8.63e-05 0.0001307 9.265e-05 0.00016035 8.965e-05 0.000141 4.785e-05 0.0001653 0.0001505 0.00016485 9.26e-05 0.0001496 7.625e-05 0.00014095 0.00016095 0.00014145 8.08e-05 0.00016215 7.605e-05 9.255e-05 7.54e-05 8.98e-05 9.28e-05 1.825e-05 0.00010745 9.265e-05 7.335e-05 9.15e-05 0.00014795 0.00013945 9.115e-05 0.0001611 7.645e-05 1.4e-06 1.8e-05 9.42e-05 0.00014495 8.57e-05 1.85e-06 0.00016275 7.495e-05 0.00015215 0.0001074 7.51e-05 0.00010355 0.00015095 0.00015725
2 3.49e-05 0.00013065 2.2e-06 3.015e-05 8.3e-05 9.295e-05 3.52e-05 3.555e-05 4.875e-05 4.25e-05 3.02e-05 1.8e-05 6.575e-05 7.79e-05 7.615e-05 2.37e-05 8.305e-05 4.2e-05 1.855e-05 7.61e-05 4.785e-05 9.625e-05 7.845e-05 9.7e-05 8.875e-05 4.71e-05 3.495e-05 3.53e-05 4.68e-05 8.28e-05 4.075e-05 4.185e-05 3.75e-05 2.51e-05 4.11e-05 4.26e-05 0.0001295 3.015e-05 4.24e-05 3.055e-05 4.275e-05 8.415e-05 4.23e-05 6.595e-05 3.09e-05 4.07e-05 7.43e-05 4.21e-05 1.325e-05 3.505e-05 0.00014475 3.015e-05 9.255e-05 8.84e-05 1.15e-06 9.28e-05 4.08e-05 9.19e-05 1.83e-05 0.00014045 4.85e-05 3.51e-05 4.86e-05 9.305e-05 3.015e-05 8.285e-05 1.83e-05 4.085e-05 1.91e-05 8e-05 4.265e-05 8.23e-05 9.285e-05 7.84e-05 9.695e-05 9.31e-05 0.00014065 7.85e-05 9.31e-05 7.45e-05 8.785e-05 2.455e-05 1.32e-05 9.71e-05 4.105e-05 8.295e-05 0.00013045 0.0001408 9.68e-05 2.52e-05 8.84e-05 0.0001308 4.665e-05 7.765e-05 3.615e-05 7.86e-05 7.78e-05 0.0001087 3.525e-05 3.79e-05
3 4.105e-05 0.00014945 3.015e-05 5.48e-05 8.875e-05 9.98e-05 2.84e-05 2.85e-05 4.085e-05 4.07e-05 2.925e-05 2.905e-05 8.95e-05 8.86e-05 0.00010075 4.085e-05 8.905e-05 3.93e-05 2.965e-05 0.00010105 5.255e-05 0.0001013 8.91e-05 0.00010145 0.0001004 3.98e-05 4.09e-05 2.835e-05 3.96e-05 8.875e-05 3.935e-05 4.015e-05 4.06e-05 2.89e-05 4.035e-05 4.075e-05 0.00014915 2.755e-05 4.09e-05 2.84e-05 4.105e-05 8.26e-05 4.135e-05 8.96e-05 2.89e-05 4e-05 8.955e-05 3.995e-05 2.91e-05 2.81e-05 0.00016215 2.8e-05 0.0001022 0.0001006 3.02e-05 9.96e-05 3.955e-05 0.00010165 2.97e-05 0.0001449 4.12e-05 2.765e-05 4.08e-05 9.94e-05 2.79e-05 8.88e-05 2.95e-05 4.03e-05 2.99e-05 0.0001026 4.08e-05 8.905e-05 9.97e-05 8.93e-05 0.00010205 9.995e-05 0.0001603 7.145e-05 9.945e-05 8.99e-05 9.95e-05 2.805e-05 2.885e-05 0.0001018 4.035e-05 8.895e-05 0.00014915 0.00015995 0.00011445 2.9e-05 9.995e-05 0.00014935 3.93e-05 8.84e-05 2.995e-05 7.15e-05 8.86e-05 0.0001131 2.825e-05 2.81e-05
4 9.3e-05 7.62e-05 8.3e-05 8.875e-05 0.0001506 9.21e-05 7.695e-05 7.695e-05 9.16e-05 0.0001014 8.545e-05 7.945e-05 7.905e-05 8.895e-05 9.51e-05 0.0001034 7.645e-05 0.00010155 8.025e-05 9.535e-05 0.0001251 9.105e-05 8.9e-05 9.045e-05 9.945e-05 8.965e-05 9.325e-05 7.72e-05 8.925e-05 7.665e-05 0.00010035 0.0001012 0.0001143 9.825e-05 0.0001009 0.00010195 7.89e-05 8.875e-05 0.00010175 8.99e-05 0.0001021 0.00010035 0.000102 7.915e-05 8.995e-05 0.0001005 8.705e-05 0.000102 9.2e-05 7.695e-05 9.05e-05 8.95e-05 0.00010395 9.97e-05 8.305e-05 9.195e-05 0.00010025 0.0001032 8.035e-05 9.145e-05 9.17e-05 7.625e-05 9.125e-05 9.145e-05 8.95e-05 7.625e-05 8.03e-05 0.00010045 8.08e-05 9.415e-05 0.000102 7.62e-05 9.2e-05 8.94e-05 9.03e-05 9.225e-05 9.165e-05 7.705e-05 9.15e-05 8.745e-05 0.0001044 0.00010105 9.235e-05 9.135e-05 0.00010085 7.635e-05 7.54e-05 9.13e-05 0.00010745 9.835e-05 9.935e-05 7.605e-05 8.87e-05 8.85e-05 7.84e-05 7.71e-05 8.865e-05 0.0001036 7.715e-05 9.72e-05
5 9.305e-05 9.265e-05 9.295e-05 9.98e-05 9.21e-05 0.0001796 9.02e-05 9.11e-05 9.27e-05 0.00010155 0.00010005 9.215e-05 9.295e-05 0.00010065 9.17e-05 0.0001004 9.15e-05 0.00010025 9.22e-05 9.14e-05 0.0001096 9.34e-05 0.0001013 9.41e-05 0.00010045 9.09e-05 9.28e-05 9.035e-05 9.085e-05 9.14e-05 9.985e-05 0.0001002 0.00011015 0.00010855 9.94e-05 0.00010095 9.205e-05 9.98e-05 0.00010085 9.99e-05 0.0001011 9.975e-05 0.0001016 9.305e-05 0.0001 9.86e-05 0.00010095 9.94e-05 0.00010115 9.005e-05 9.495e-05 9.95e-05 0.0001034 0.0001001 9.3e-05 9.015e-05 9.97e-05 0.0001029 9.245e-05 9.36e-05 9.29e-05 9.08e-05 9.275e-05 9.07e-05 9.91e-05 9.165e-05 9.14e-05 9.96e-05 9.28e-05 9.52e-05 0.000101 9.195e-05 8.985e-05 0.00010105 9.43e-05 9e-05 9.11e-05 9.045e-05 9.065e-05 0.00010115 9.91e-05 0.0001084 0.00010085 9.39e-05 9.9e-05 9.175e-05 9.265e-05 9.135e-05 9.605e-05 0.00010865 0.00010105 9.27e-05 9.09e-05 0.0001004 9.19e-05 9.03e-05 0.00010055 9.39e-05 9.065e-05 0.00010685
6 3.17e-05 0.0001505 3.52e-05 2.84e-05 7.695e-05 9.02e-05 1.1e-06 2.45e-06 1.715e-05 4.095e-05 2.61e-05 1.88e-05 9.275e-05 0.0001025 0.0001074 5.6e-05 7.605e-05 4.09e-05 1.96e-05 0.0001077 7.8e-05 9.1e-05 0.0001032 9.09e-05 0.0001139 1.54e-05 3.155e-05 1.55e-06 1.52e-05 7.6e-05 3.915e-05 3.93e-05 6.665e-05 5.17e-05 3.99e-05 3.985e-05 0.000152 2.84e-05 4e-05 2.85e-05 4.02e-05 8.205e-05 4.15e-05 9.285e-05 2.81e-05 3.89e-05 0.0001011 4.13e-05 4.485e-05 1.3e-06 0.000165 2.81e-05 0.0001174 0.00011395 3.525e-05 9.065e-05 3.87e-05 0.00011685 1.955e-05 0.00013345 1.79e-05 2.25e-06 1.71e-05 9.12e-05 2.75e-05 7.645e-05 1.83e-05 4.035e-05 1.935e-05 0.0001071 4.01e-05 7.7e-05 9.01e-05 0.00010285 9.15e-05 9.035e-05 0.00016495 4.49e-05 9.125e-05 0.0001013 0.0001168 5.395e-05 4.455e-05 9.07e-05 3.895e-05 7.66e-05 0.0001506 0.00016485 0.00012015 5.18e-05 0.00011355 0.00015075 1.52e-05 0.00010235 3.65e-06 4.415e-05 0.0001025 0.00010375 2.1e-06 3.525e-05
7 3.23e-05 0.00015075 3.555e-05 2.85e-05 7.695e-05 9.11e-05 2.45e-06 4.3e-06 1.78e-05 4.115e-05 2.54e-05 1.895e-05 9.29e-05 0.00010275 0.00010775 5.635e-05 7.675e-05 4.125e-05 1.905e-05 0.0001081 7.84e-05 9.145e-05 0.0001031 9.11e-05 0.00011395 1.6e-05 3.22e-05 2.7e-06 1.575e-05 7.67e-05 3.975e-05 4.015e-05 6.71e-05 5.125e-05 4.055e-05 4.095e-05 0.00015245 2.85e-05 4.09e-05 2.92e-05 4.105e-05 8.28e-05 4.19e-05 9.3e-05 2.915e-05 3.98e-05 0.0001011 4.175e-05 4.505e-05 2.45e-06 0.00016505 2.88e-05 0.00011765 0.00011415 3.56e-05 9.13e-05 3.945e-05 0.0001171 1.99e-05 0.0001343 1.83e-05 2.55e-06 1.77e-05 9.125e-05 2.845e-05 7.69e-05 1.915e-05 4.065e-05 1.995e-05 0.00010745 4.1e-05 7.715e-05 9.095e-05 0.00010315 9.17e-05 9.115e-05 0.00016525 4.6e-05 9.13e-05 0.00010145 0.00011725 5.425e-05 4.495e-05 9.135e-05 4.015e-05 7.705e-05 0.0001506 0.00016505 0.00012055 5.135e-05 0.00011365 0.0001507 1.535e-05 0.0001026 4.55e-06 4.58e-05 0.00010275 0.0001041 3e-06 3.615e-05
8 3.145e-05 0.0001652 4.875e-05 4.085e-05 9.16e-05 9.27e-05 1.715e-05 1.78e-05 3.19e-05 4.075e-05 4.08e-05 3.29e-05 0.00010675 0.0001147 0.00010865 5.725e-05 9.125e-05 4.095e-05 3.365e-05 0.000109 6.455e-05 9.04e-05 0.00011485 9.145e-05 0.0001157 1.765e-05 3.12e-05 1.67e-05 1.765e-05 9.06e-05 4.04e-05 4.045e-05 6.39e-05 6.39e-05 4.125e-05 4.04e-05 0.0001662 4.085e-05 4.005e-05 4.06e-05 4.05e-05 8.435e-05 4.07e-05 0.00010685 4.08e-05 4.14e-05 0.0001151 4.155e-05 5.67e-05 1.645e-05 0.0001653 4.005e-05 0.00011485 0.00011565 4.88e-05 9.23e-05 4.1e-05 0.000115 3.345e-05 0.0001345 1.7e-05 1.69e-05 1.645e-05 9.32e-05 4.045e-05 9.08e-05 3.31e-05 4.205e-05 3.325e-05 0.0001069 4.045e-05 9.14e-05 9.26e-05 0.0001147 9.175e-05 9.285e-05 0.0001666 6.01e-05 9.325e-05 0.0001153 0.0001163 6.405e-05 5.625e-05 9.06e-05 4.175e-05 9.06e-05 0.0001651 0.00016645 0.0001057 6.4e-05 0.0001151 0.00016515 1.785e-05 0.0001145 1.74e-05 6.055e-05 0.00011465 9.205e-05 1.61e-05 4.82e-05
9 4.115e-05 0.0001619 4.25e-05 4.07e-05 0.0001014 0.00010155 4.095e-05 4.115e-05 4.075e-05 7.96e-05 4.15e-05 4.1e-05 0.00010185 0.0001012 0.0001024 4.25e-05 0.0001015 4.12e-05 4.205e-05 0.00010275 4.17e-05 0.0001012 0.00010125 0.0001017 0.0001022 4.17e-05 4.09e-05 4.085e-05 4.145e-05 0.00010125 4.095e-05 4.09e-05 4.045e-05 4.185e-05 4.21e-05 4.035e-05 0.0001616 4.065e-05 4.08e-05 4.105e-05 4.075e-05 8.43e-05 4.125e-05 0.00010195 4.095e-05 4.175e-05 0.00010205 4.19e-05 4.16e-05 4.06e-05 0.00016225 4.065e-05 0.00010175 0.0001023 4.255e-05 0.00010135 4.125e-05 0.00010175 4.21e-05 0.0001449 4.11e-05 4.06e-05 4.08e-05 0.0001016 4.075e-05 0.00010125 4.195e-05 4.21e-05 4.23e-05 0.0001025 4.04e-05 0.00010145 0.00010145 0.00010135 0.000102 0.0001017 0.00016195 8.39e-05 0.00010165 0.00010225 0.0001014 4.08e-05 4.14e-05 0.0001018 4.21e-05 0.00010135 0.00016155 0.00016165 0.00010195 4.195e-05 0.0001016 0.00016185 4.07e-05 0.0001011 4.13e-05 8.405e-05 0.00010125 0.0001025 4.075e-05 4.085e-05
10 4.115e-05 0.0001458 3.02e-05 2.925e-05 8.545e-05 0.00010005 2.61e-05 2.54e-05 4.08e-05 4.15e-05 4.86e-05 2.72e-05 8.755e-05 8.97e-05 0.000102 4.3e-05 8.615e-05 4.2e-05 2.79e-05 0.00010235 5.715e-05 0.0001005 8.98e-05 9.99e-05 0.0001005 3.9e-05 4.145e-05 2.64e-05 3.855e-05 8.61e-05 4.085e-05 4.18e-05 4.63e-05 2.9e-05 4.155e-05 4.255e-05 0.00014715 2.925e-05 4.235e-05 3.05e-05 4.27e-05 8.38e-05 4.265e-05 8.765e-05 3.055e-05 4.115e-05 8.785e-05 4.26e-05 3.15e-05 2.615e-05 0.00016005 3.01e-05 0.0001047 0.00010085 3.025e-05 9.99e-05 4.075e-05 0.0001039 2.855e-05 0.00014375 4.095e-05 2.535e-05 4.04e-05 9.93e-05 3.01e-05 8.595e-05 2.855e-05 4.12e-05 2.895e-05 0.00010245 4.26e-05 8.585e-05 9.995e-05 9.025e-05 0.00010025 0.0001002 0.00016 6.91e-05 9.935e-05 8.82e-05 0.0001037 3.3e-05 3.19e-05 0.0001007 4.15e-05 8.61e-05 0.00014525 0.00015955 0.0001158 2.91e-05 0.0001002 0.00014585 3.75e-05 8.96e-05 2.765e-05 6.92e-05 8.975e-05 0.0001131 2.635e-05 3.02e-05
11 3.325e-05 0.0001403 1.8e-05 2.905e-05 7.945e-05 9.215e-05 1.88e-05 1.895e-05 3.29e-05 4.1e-05 2.72e-05 3.45e-05 7.86e-05 8.995e-05 9.16e-05 3.965e-05 7.965e-05 4.12e-05 1.895e-05 9.235e-05 6.3e-05 9.35e-05 9.035e-05 9.36e-05 0.00010105 3.15e-05 3.325e-05 1.885e-05 3.1e-05 7.945e-05 3.975e-05 4.09e-05 5.205e-05 3.815e-05 4.075e-05 4.165e-05 0.00014055 2.905e-05 4.145e-05 2.96e-05 4.18e-05 8.32e-05 4.185e-05 7.875e-05 2.98e-05 4.035e-05 8.705e-05 4.19e-05 2.845e-05 1.86e-05 0.0001545 2.92e-05 0.00010465 0.0001011 1.805e-05 9.2e-05 3.985e-05 0.00010405 1.86e-05 0.0001372 3.315e-05 1.85e-05 3.28e-05 9.21e-05 2.92e-05 7.945e-05 1.89e-05 4.065e-05 1.89e-05 9.305e-05 4.17e-05 7.9e-05 9.205e-05 9.04e-05 9.385e-05 9.23e-05 0.0001529 6.21e-05 9.215e-05 8.725e-05 0.00010255 3.905e-05 2.85e-05 9.385e-05 4.07e-05 7.955e-05 0.00014 0.0001527 0.0001083 3.825e-05 0.00010045 0.0001404 3.02e-05 8.975e-05 2.02e-05 6.22e-05 8.99e-05 0.0001063 1.88e-05 3.695e-05
12 9.41e-05 6.58e-05 6.575e-05 8.95e-05 7.905e-05 9.295e-05 9.275e-05 9.29e-05 0.00010675 0.00010185 8.755e-05 7.86e-05 0.0001301 7.62e-05 7.925e-05 8.7e-05 7.93e-05 0.0001014 7.985e-05 7.995e-05 0.00010995 9.305e-05 7.645e-05 9.355e-05 8.7e-05 0.00010545 9.425e-05 9.295e-05 0.00010495 7.925e-05 0.00010025 0.00010145 9.905e-05 8.465e-05 0.00010125 0.0001022 6.715e-05 8.95e-05 0.000102 9.015e-05 0.00010235 0.00010035 0.0001022 6.52e-05 9.035e-05 0.00010085 7.32e-05 0.0001022 7.575e-05 9.27e-05 8.01e-05 8.975e-05 9.115e-05 8.715e-05 6.58e-05 9.28e-05 0.00010025 9.045e-05 7.935e-05 9.4e-05 0.0001068 9.25e-05 0.0001065 9.28e-05 8.975e-05 7.91e-05 7.98e-05 0.00010085 7.985e-05 7.995e-05 0.00010225 7.85e-05 9.285e-05 7.665e-05 9.29e-05 9.31e-05 7.94e-05 9.285e-05 9.285e-05 7.355e-05 8.975e-05 8.595e-05 7.59e-05 9.39e-05 0.0001012 7.925e-05 6.515e-05 7.905e-05 9.525e-05 8.475e-05 8.635e-05 6.575e-05 0.0001045 7.585e-05 9.41e-05 9.29e-05 7.6e-05 0.0001062 9.29e-05 9.745e-05
13 0.0001021 7.485e-05 7.79e-05 8.86e-05 8.895e-05 0.00010065 0.0001025 0.00010275 0.0001147 0.0001012 8.97e-05 8.995e-05 7.62e-05 0.0001488 8.84e-05 8.82e-05 8.895e-05 9.97e-05 9.06e-05 8.875e-05 9.955e-05 0.000101 7.56e-05 0.0001018 8.68e-05 0.00011395 0.0001019 0.00010245 0.00011375 8.87e-05 9.985e-05 0.0001007 8.75e-05 7.58e-05 0.0001009 0.00010125 7.605e-05 8.85e-05 0.00010145 8.885e-05 0.0001016 9.99e-05 0.00010175 7.63e-05 8.945e-05 0.00010055 7.605e-05 0.00010035 7.645e-05 0.0001022 8.815e-05 8.84e-05 8.87e-05 8.695e-05 7.795e-05 0.00010045 0.0001001 8.815e-05 9.045e-05 0.0001017 0.0001149 0.00010225 0.0001147 0.00010075 8.86e-05 8.87e-05 9.045e-05 0.0001007 9.08e-05 8.945e-05 0.0001013 8.875e-05 0.00010055 7.57e-05 0.00010135 0.0001008 8.695e-05 0.0001023 0.0001008 7.59e-05 8.67e-05 7.5e-05 7.61e-05 0.00010185 0.0001009 8.885e-05 7.485e-05 8.66e-05 0.0001014 7.59e-05 8.63e-05 7.52e-05 0.00011345 7.48e-05 0.0001039 0.00010235 7.495e-05 0.0001132 0.00010235 8.865e-05
14 9.465e-05 8.265e-05 7.615e-05 0.00010075 9.51e-05 9.17e-05 0.0001074 0.00010775 0.00010865 0.0001024 0.000102 9.16e-05 7.925e-05 8.84e-05 0.000152 8.44e-05 9.515e-05 0.00010065 9.22e-05 7.625e-05 9.485e-05 9.605e-05 8.895e-05 9.715e-05 8.795e-05 0.0001072 9.47e-05 0.0001075 0.0001069 9.49e-05 0.00010065 0.00010175 9.58e-05 9.53e-05 0.0001004 0.0001025 8.085e-05 0.00010075 0.0001023 0.00010115 0.00010265 0.00010075 0.0001022 7.925e-05 0.0001015 0.0001 8.73e-05 0.00010015 8.505e-05 0.00010725 8.48e-05 0.00010075 9.11e-05 8.76e-05 7.62e-05 9.165e-05 0.0001007 9.045e-05 9.18e-05 9.73e-05 0.0001084 0.0001073 0.0001085 9.19e-05 0.00010075 9.495e-05 9.195e-05 0.00010015 9.26e-05 8.155e-05 0.00010255 9.44e-05 9.17e-05 8.89e-05 9.705e-05 9.18e-05 7.94e-05 0.0001074 9.185e-05 8.75e-05 8.5e-05 9.375e-05 8.5e-05 9.725e-05 0.00010035 9.505e-05 8.245e-05 7.955e-05 8.45e-05 9.54e-05 8.82e-05 8.28e-05 0.00010675 8.815e-05 0.00010835 0.0001075 8.83e-05 9.675e-05 0.00010745 0.00010845
15 4.325e-05 0.00015065 2.37e-05 4.085e-05 0.0001034 0.0001004 5.6e-05 5.635e-05 5.725e-05 4.25e-05 4.3e-05 3.965e-05 8.7e-05 8.82e-05 8.44e-05 4.72e-05 0.00010345 4.07e-05 4.03e-05 8.45e-05 2.61e-05 0.00010435 8.875e-05 0.00010545 8.745e-05 5.585e-05 4.33e-05 5.61e-05 5.555e-05 0.0001032 4.07e-05 4.18e-05 2.735e-05 2.78e-05 4.02e-05 4.26e-05 0.00014895 4.085e-05 4.235e-05 4.125e-05 4.27e-05 8.38e-05 4.225e-05 8.715e-05 4.16e-05 3.98e-05 8.73e-05 3.995e-05 2.475e-05 5.585e-05 0.0001528 4.085e-05 9.09e-05 8.71e-05 2.375e-05 0.00010025 4.075e-05 9.025e-05 3.99e-05 0.0001486 5.7e-05 5.59e-05 5.71e-05 0.0001005 4.085e-05 0.00010325 4.005e-05 3.995e-05 4.07e-05 8.93e-05 4.265e-05 0.0001027 0.0001003 8.87e-05 0.00010535 0.00010055 0.0001477 9.9e-05 0.00010055 8.75e-05 8.52e-05 2.555e-05 2.47e-05 0.00010555 4.015e-05 0.00010335 0.00015045 0.00014785 9.28e-05 2.79e-05 8.795e-05 0.0001508 5.54e-05 8.795e-05 5.695e-05 9.91e-05 8.81e-05 0.0001051 5.605e-05 4.095e-05
16 9.3e-05 7.63e-05 8.305e-05 8.905e-05 7.645e-05 9.15e-05 7.605e-05 7.675e-05 9.125e-05 0.0001015 8.615e-05 7.965e-05 7.93e-05 8.895e-05 9.515e-05 0.00010345 0.0001514 0.00010155 8.03e-05 9.545e-05 0.0001251 9.085e-05 8.93e-05 9.1e-05 9.99e-05 8.955e-05 9.28e-05 7.61e-05 8.935e-05 7.62e-05 9.995e-05 0.00010035 0.00011385 9.84e-05 0.00010065 0.0001011 7.885e-05 8.905e-05 0.00010105 8.935e-05 0.00010125 9.985e-05 0.000102 7.94e-05 8.93e-05 9.99e-05 8.735e-05 0.0001019 9.225e-05 7.6e-05 9.075e-05 8.895e-05 0.0001039 9.995e-05 8.31e-05 9.17e-05 9.975e-05 0.0001034 8.04e-05 9.075e-05 9.17e-05 7.65e-05 9.125e-05 9.205e-05 8.86e-05 7.615e-05 7.97e-05 0.00010065 8.05e-05 9.41e-05 0.000101 7.64e-05 9.14e-05 8.925e-05 9.05e-05 9.165e-05 9.145e-05 7.64e-05 9.21e-05 8.77e-05 0.0001043 0.00010115 9.21e-05 9.1e-05 0.00010025 7.63e-05 7.59e-05 9.135e-05 0.00010725 9.85e-05 9.975e-05 7.61e-05 8.915e-05 8.845e-05 7.805e-05 7.62e-05 8.86e-05 0.00010375 7.655e-05 9.63e-05
17 4.105e-05 0.0001616 4.2e-05 3.93e-05 0.00010155 0.00010025 4.09e-05 4.125e-05 4.095e-05 4.12e-05 4.2e-05 4.12e-05 0.0001014 9.97e-05 0.00010065 4.07e-05 0.00010155 7.36e-05 4.22e-05 0.0001013 4.045e-05 0.00010115 0.0001004 0.00010205 0.0001007 4.04e-05 4.105e-05 4.085e-05 4.015e-05 0.00010085 3.855e-05 4.03e-05 3.94e-05 4.025e-05 4.07e-05 4.12e-05 0.0001616 3.93e-05 4.1e-05 3.96e-05 4.12e-05 8.195e-05 4.12e-05 0.0001015 4.025e-05 4.04e-05 0.00010155 3.85e-05 3.98e-05 4.06e-05 0.0001624 3.92e-05 0.00010125 0.0001009 4.205e-05 9.985e-05 3.89e-05 0.0001006 4.15e-05 0.0001452 4.11e-05 4.065e-05 4.07e-05 0.00010035 3.93e-05 0.0001012 4.19e-05 4.055e-05 4.19e-05 0.00010235 4.125e-05 0.000101 0.00010015 0.00010035 0.00010225 0.0001004 0.0001606 8.39e-05 0.0001004 0.0001018 9.85e-05 3.775e-05 3.955e-05 0.00010205 4.075e-05 0.0001014 0.00016145 0.0001603 0.0001025 4.035e-05 9.915e-05 0.00016175 3.99e-05 9.96e-05 4.225e-05 8.4e-05 9.975e-05 0.00010145 4.06e-05 3.94e-05
18 3.415e-05 0.0001411 1.855e-05 2.965e-05 8.025e-05 9.22e-05 1.96e-05 1.905e-05 3.365e-05 4.205e-05 2.79e-05 1.895e-05 7.985e-05 9.06e-05 9.22e-05 4.03e-05 8.03e-05 4.22e-05 3.64e-05 9.185e-05 6.32e-05 9.425e-05 9.1e-05 9.44e-05 0.00010155 3.16e-05 3.39e-05 1.95e-05 3.15e-05 8.02e-05 4.075e-05 4.14e-05 5.25e-05 3.825e-05 4.095e-05 4.215e-05 0.00014135 2.965e-05 4.21e-05 3.02e-05 4.23e-05 8.42e-05 4.23e-05 8e-05 3.035e-05 4.045e-05 8.825e-05 4.2e-05 2.965e-05 1.925e-05 0.00015525 2.98e-05 0.0001053 0.0001013 1.86e-05 9.215e-05 4.085e-05 0.0001048 1.95e-05 0.00013785 3.36e-05 1.925e-05 3.37e-05 9.225e-05 2.97e-05 8.02e-05 1.89e-05 4.08e-05 2.01e-05 9.425e-05 4.22e-05 8.02e-05 9.21e-05 9.105e-05 9.46e-05 9.235e-05 0.00015285 6.29e-05 9.23e-05 8.85e-05 0.0001026 3.97e-05 2.955e-05 9.46e-05 4.08e-05 8.03e-05 0.00014085 0.000153 0.00010895 3.835e-05 0.0001016 0.00014095 3.115e-05 9.035e-05 2.08e-05 6.3e-05 9.05e-05 0.0001064 1.955e-05 3.745e-05
19 9.495e-05 8.305e-05 7.61e-05 0.00010105 9.535e-05 9.14e-05 0.0001077 0.0001081 0.000109 0.00010275 0.00010235 9.235e-05 7.995e-05 8.875e-05 7.625e-05 8.45e-05 9.545e-05 0.0001013 9.185e-05 0.0001501 9.46e-05 9.645e-05 8.93e-05 9.745e-05 8.795e-05 0.00010685 9.505e-05 0.00010785 0.0001068 9.53e-05 0.00010135 0.0001021 9.615e-05 9.565e-05 0.00010015 0.00010285 8.12e-05 0.00010105 0.00010265 0.0001015 0.000103 0.0001014 0.0001022 8.01e-05 0.00010185 9.975e-05 8.805e-05 9.99e-05 8.585e-05 0.0001076 8.515e-05 0.0001011 9.145e-05 8.73e-05 7.615e-05 9.135e-05 0.00010135 9.075e-05 9.22e-05 9.765e-05 0.0001084 0.0001076 0.0001088 9.155e-05 0.0001011 9.525e-05 9.155e-05 9.98e-05 9.335e-05 8.225e-05 0.0001029 9.51e-05 9.14e-05 8.93e-05 9.735e-05 9.145e-05 7.915e-05 0.0001077 9.15e-05 8.825e-05 8.47e-05 9.405e-05 8.585e-05 9.76e-05 0.0001001 9.535e-05 8.28e-05 7.955e-05 8.485e-05 9.575e-05 8.885e-05 8.32e-05 0.0001068 8.845e-05 0.00010835 0.0001078 8.86e-05 9.64e-05 0.0001078 0.0001088
20 5.07e-05 0.000172 4.785e-05 5.255e-05 0.0001251 0.0001096 7.8e-05 7.84e-05 6.455e-05 4.17e-05 5.715e-05 6.3e-05 0.00010995 9.955e-05 9.485e-05 2.61e-05 0.0001251 4.045e-05 6.32e-05 9.46e-05 7.9e-06 0.00011135 9.955e-05 0.0001131 8.83e-05 6.59e-05 5.085e-05 7.805e-05 6.55e-05 0.00012485 4.175e-05 4.16e-05 1.6e-05 3.155e-05 4.135e-05 4.17e-05 0.0001699 5.255e-05 4.1e-05 5.29e-05 4.165e-05 8.46e-05 4.085e-05 0.00011005 5.27e-05 4.095e-05 0.000102 3.975e-05 3.77e-05 7.78e-05 0.0001601 5.25e-05 8.765e-05 8.795e-05 4.79e-05 0.00010945 4.185e-05 8.76e-05 6.305e-05 0.0001559 6.425e-05 7.79e-05 6.445e-05 0.00010975 5.25e-05 0.0001249 6.29e-05 4.105e-05 6.39e-05 9.82e-05 4.175e-05 0.0001248 0.0001095 9.95e-05 0.000113 0.00010975 0.00015655 0.0001207 0.0001098 0.0001022 8.41e-05 2.74e-05 3.76e-05 0.00011315 4.13e-05 0.000125 0.0001718 0.0001567 8.6e-05 3.165e-05 8.875e-05 0.0001721 6.565e-05 9.93e-05 7.755e-05 0.0001208 9.945e-05 0.0001008 7.8e-05 4.495e-05
21 9.235e-05 9.02e-05 9.625e-05 0.0001013 9.105e-05 9.34e-05 9.1e-05 9.145e-05 9.04e-05 0.0001012 0.0001005 9.35e-05 9.305e-05 0.000101 9.605e-05 0.00010435 9.085e-05 0.00010115 9.425e-05 9.645e-05 0.00011135 0.000179 0.00010095 9.12e-05 0.00010155 9.195e-05 9.255e-05 9.11e-05 9.145e-05 9.03e-05 0.00010125 0.0001011 0.00011115 0.0001104 0.0001023 0.00010105 9.31e-05 0.0001013 0.0001005 0.0001016 0.00010115 0.00010135 0.0001009 9.315e-05 0.00010135 0.0001018 0.00010105 0.0001019 0.00010375 9.085e-05 9.08e-05 0.0001012 0.0001013 0.0001016 9.63e-05 9.335e-05 0.00010125 0.00010125 9.395e-05 9.12e-05 9.055e-05 9.11e-05 9.025e-05 9.37e-05 0.0001011 9.075e-05 9.39e-05 0.00010215 9.435e-05 9.355e-05 0.0001011 9.07e-05 9.33e-05 0.00010055 9.07e-05 9.355e-05 9.3e-05 9.11e-05 9.375e-05 0.00010135 0.0001035 0.00011095 0.0001036 9.12e-05 0.00010215 9.09e-05 9.03e-05 9.295e-05 9.26e-05 0.0001105 0.0001009 9.045e-05 9.145e-05 0.0001007 9.115e-05 9.115e-05 0.00010085 9.175e-05 9.115e-05 0.0001088
22 0.00010195 7.555e-05 7.845e-05 8.91e-05 8.9e-05 0.0001013 0.0001032 0.0001031 0.00011485 0.00010125 8.98e-05 9.035e-05 7.645e-05 7.56e-05 8.895e-05 8.875e-05 8.93e-05 0.0001004 9.1e-05 8.93e-05 9.955e-05 0.00010095 0.0001493 0.00010145 8.69e-05 0.00011465 0.0001019 0.00010325 0.00011425 8.935e-05 0.00010065 0.00010145 8.795e-05 7.63e-05 0.0001016 0.00010155 7.645e-05 8.91e-05 0.00010155 8.99e-05 0.0001018 0.0001005 0.00010175 7.655e-05 8.91e-05 0.0001012 7.61e-05 0.0001011 7.685e-05 0.000103 8.75e-05 8.95e-05 8.755e-05 8.72e-05 7.85e-05 0.00010115 0.0001007 8.785e-05 9.1e-05 0.00010165 0.0001149 0.00010265 0.0001147 0.000101 8.95e-05 8.91e-05 9.11e-05 0.00010115 9.15e-05 8.93e-05 0.0001016 8.9e-05 0.0001012 7.52e-05 0.0001009 0.00010145 8.735e-05 0.000103 0.00010105 7.665e-05 8.76e-05 7.575e-05 7.7e-05 0.00010185 0.00010155 8.925e-05 7.485e-05 8.695e-05 0.00010055 7.64e-05 8.65e-05 7.51e-05 0.00011385 7.53e-05 0.00010395 0.00010305 7.545e-05 0.00011305 0.0001032 8.955e-05
23 9.26e-05 9.075e-05 9.7e-05 0.00010145 9.045e-05 9.41e-05 9.09e-05 9.11e-05 9.145e-05 0.0001017 9.99e-05 9.36e-05 9.355e-05 0.0001018 9.715e-05 0.00010545 9.1e-05 0.00010205 9.44e-05 9.745e-05 0.0001131 9.12e-05 0.00010145 0.0001793 0.0001022 9.165e-05 9.305e-05 9.105e-05 9.105e-05 9.08e-05 0.0001021 0.00010205 0.0001129 0.000111 0.0001029 0.00010195 9.335e-05 0.00010145 0.0001016 0.00010235 0.0001021 0.0001022 0.0001019 9.365e-05 0.00010185 0.0001025 0.0001015 0.00010265 0.00010475 9.08e-05 9.035e-05 0.00010195 0.00010105 0.0001024 9.705e-05 9.395e-05 0.0001021 0.0001012 9.43e-05 9.05e-05 9.16e-05 9.035e-05 9.12e-05 9.37e-05 0.00010195 9.08e-05 9.425e-05 0.00010265 9.47e-05 9.325e-05 0.000102 9.085e-05 9.4e-05 0.0001016 9.02e-05 9.425e-05 9.405e-05 9.1e-05 9.375e-05 0.00010175 0.000105 0.00011235 0.00010485 9.04e-05 0.00010285 9.095e-05 9.04e-05 9.375e-05 9.27e-05 0.0001111 0.0001018 9.085e-05 9.09e-05 0.00010165 9.1e-05 9.105e-05 0.0001018 9.105e-05 9.1e-05 0.00010965
24 0.00010275 8.605e-05 8.875e-05 0.0001004 9.945e-05 0.00010045 0.0001139 0.00011395 0.0001157 0.0001022 0.0001005 0.00010105 8.7e-05 8.68e-05 8.795e-05 8.745e-05 9.99e-05 0.0001007 0.00010155 8.795e-05 8.83e-05 0.00010155 8.69e-05 0.0001022 0.0001704 0.0001142 0.00010305 0.0001142 0.00011385 0.00010005 0.000101 0.00010185 8.935e-05 8.76e-05 0.00010045 0.00010265 8.69e-05 0.0001004 0.0001024 0.0001013 0.00010275 0.0001006 0.0001025 8.71e-05 0.0001014 0.00010005 8.685e-05 0.00010015 8.795e-05 0.00011395 8.84e-05 0.0001009 8.985e-05 8.56e-05 8.88e-05 0.0001003 0.0001008 8.91e-05 0.0001017 0.0001026 0.00011565 0.0001135 0.0001153 0.00010005 0.0001009 9.96e-05 0.00010155 9.97e-05 0.0001023 9.01e-05 0.0001027 9.95e-05 0.00010035 8.725e-05 0.0001014 0.0001006 8.65e-05 0.00011375 0.0001001 8.725e-05 8.715e-05 8.725e-05 8.825e-05 0.0001028 0.0001004 9.99e-05 8.53e-05 8.61e-05 9.17e-05 8.77e-05 8.635e-05 8.6e-05 0.00011335 8.635e-05 0.00011525 0.00011375 8.65e-05 0.0001026 0.00011415 0.00010095
25 3.255e-05 0.0001636 4.71e-05 3.98e-05 8.965e-05 9.09e-05 1.54e-05 1.6e-05 1.765e-05 4.17e-05 3.9e-05 3.15e-05 0.00010545 0.00011395 0.0001072 5.585e-05 8.955e-05 4.04e-05 3.16e-05 0.00010685 6.59e-05 9.195e-05 0.00011465 9.165e-05 0.0001142 2.88e-05 3.225e-05 1.51e-05 1.515e-05 8.905e-05 3.985e-05 4.075e-05 6.595e-05 6.315e-05 3.97e-05 4.15e-05 0.00016485 3.98e-05 4.15e-05 3.99e-05 4.165e-05 8.365e-05 4.185e-05 0.00010555 4.06e-05 3.965e-05 0.0001138 3.995e-05 5.62e-05 1.485e-05 0.00016575 3.925e-05 0.00011675 0.00011385 4.715e-05 9.055e-05 4.03e-05 0.00011625 3.185e-05 0.00013495 1.82e-05 1.5e-05 1.79e-05 9.11e-05 3.97e-05 8.915e-05 3.11e-05 4.025e-05 3.2e-05 0.0001077 4.155e-05 8.965e-05 9.08e-05 0.00011455 9.215e-05 9.105e-05 0.0001649 5.845e-05 9.115e-05 0.000114 0.0001154 6.41e-05 5.585e-05 9.125e-05 4e-05 8.91e-05 0.00016345 0.000165 0.0001088 6.325e-05 0.0001144 0.0001636 1.515e-05 0.0001137 1.675e-05 5.88e-05 0.00011385 9.11e-05 1.47e-05 4.745e-05
26 3.14e-05 0.000154 3.495e-05 4.09e-05 9.325e-05 9.28e-05 3.155e-05 3.22e-05 3.12e-05 4.09e-05 4.145e-05 3.325e-05 9.425e-05 0.0001019 9.47e-05 4.33e-05 9.28e-05 4.105e-05 3.39e-05 9.505e-05 5.085e-05 9.255e-05 0.0001019 9.305e-05 0.00010305 3.225e-05 6.07e-05 3.1e-05 3.23e-05 9.205e-05 4.04e-05 4.055e-05 4.965e-05 5.01e-05 4.17e-05 4.045e-05 0.00015345 4.09e-05 4.055e-05 4.06e-05 4.06e-05 8.45e-05 4.13e-05 9.435e-05 4.06e-05 4.15e-05 0.0001026 4.16e-05 4.27e-05 3.075e-05 0.00015405 4.02e-05 0.00010185 0.000103 3.5e-05 9.23e-05 4.115e-05 0.00010225 3.38e-05 0.000136 3.2e-05 3.13e-05 3.14e-05 9.34e-05 4.04e-05 9.235e-05 3.335e-05 4.225e-05 3.355e-05 9.435e-05 4.05e-05 9.305e-05 9.27e-05 0.00010175 9.33e-05 9.295e-05 0.00015385 7.47e-05 9.345e-05 0.0001028 0.0001021 5e-05 4.215e-05 9.245e-05 4.185e-05 9.25e-05 0.0001539 0.0001537 9.215e-05 5.02e-05 0.0001025 0.00015385 3.235e-05 0.0001017 3.205e-05 7.495e-05 0.00010185 9.365e-05 3.065e-05 4.815e-05
27 3.165e-05 0.00015085 3.53e-05 2.835e-05 7.72e-05 9.035e-05 1.55e-06 2.7e-06 1.67e-05 4.085e-05 2.64e-05 1.885e-05 9.295e-05 0.00010245 0.0001075 5.61e-05 7.61e-05 4.085e-05 1.95e-05 0.00010785 7.805e-05 9.11e-05 0.00010325 9.105e-05 0.0001142 1.51e-05 3.1e-05 1.8e-06 1.525e-05 7.575e-05 3.86e-05 3.915e-05 6.62e-05 5.165e-05 3.96e-05 3.99e-05 0.00015185 2.835e-05 4.005e-05 2.79e-05 4.005e-05 8.23e-05 4.155e-05 9.305e-05 2.835e-05 3.905e-05 0.0001013 4.115e-05 4.5e-05 9.5e-07 0.00016515 2.75e-05 0.00011725 0.00011415 3.535e-05 9.03e-05 3.895e-05 0.00011695 1.965e-05 0.0001335 1.79e-05 2e-06 1.7e-05 9.145e-05 2.735e-05 7.615e-05 1.845e-05 4.055e-05 1.9e-05 0.0001071 3.98e-05 7.715e-05 9.025e-05 0.0001029 9.16e-05 9.05e-05 0.00016485 4.495e-05 9.15e-05 0.0001015 0.00011675 5.395e-05 4.435e-05 9.03e-05 3.94e-05 7.63e-05 0.00015095 0.0001648 0.00012 5.175e-05 0.0001139 0.00015075 1.535e-05 0.00010225 3.95e-06 4.495e-05 0.0001024 0.0001038 1.3e-06 3.51e-05
28 3.215e-05 0.0001632 4.68e-05 3.96e-05 8.925e-05 9.085e-05 1.52e-05 1.575e-05 1.765e-05 4.145e-05 3.855e-05 3.1e-05 0.00010495 0.00011375 0.0001069 5.555e-05 8.935e-05 4.015e-05 3.15e-05 0.0001068 6.55e-05 9.145e-05 0.00011425 9.105e-05 0.00011385 1.515e-05 3.23e-05 1.525e-05 2.81e-05 8.905e-05 3.99e-05 4.075e-05 6.595e-05 6.295e-05 4e-05 4.145e-05 0.00016475 3.96e-05 4.11e-05 4.01e-05 4.16e-05 8.335e-05 4.145e-05 0.00010505 4.04e-05 3.96e-05 0.0001133 3.995e-05 5.57e-05 1.5e-05 0.00016515 3.97e-05 0.0001162 0.00011365 4.685e-05 9.07e-05 4e-05 0.00011565 3.155e-05 0.00013455 1.785e-05 1.495e-05 1.755e-05 9.085e-05 3.97e-05 8.915e-05 3.105e-05 4.01e-05 3.19e-05 0.00010705 4.15e-05 8.92e-05 9.075e-05 0.0001142 9.16e-05 9.1e-05 0.0001648 5.85e-05 9.09e-05 0.0001135 0.00011535 6.385e-05 5.56e-05 9.12e-05 3.995e-05 8.925e-05 0.000163 0.0001648 0.0001083 6.305e-05 0.0001139 0.0001633 1.465e-05 0.00011355 1.635e-05 5.86e-05 0.0001137 9.09e-05 1.52e-05 4.745e-05
29 9.23e-05 7.6e-05 8.28e-05 8.875e-05 7.665e-05 9.14e-05 7.6e-05 7.67e-05 9.06e-05 0.00010125 8.61e-05 7.945e-05 7.925e-05 8.87e-05 9.49e-05 0.0001032 7.62e-05 0.00010085 8.02e-05 9.53e-05 0.00012485 9.03e-05 8.935e-05 9.08e-05 0.00010005 8.905e-05 9.205e-05 7.575e-05 8.905e-05 0.0001505 9.91e-05 0.0001001 0.00011335 9.81e-05 0.00010015 0.00010085 7.86e-05 8.875e-05 0.00010085 8.865e-05 0.000101 9.965e-05 0.00010175 7.935e-05 8.925e-05 9.98e-05 8.725e-05 0.0001013 9.205e-05 7.55e-05 9.065e-05 8.825e-05 0.0001037 0.0001001 8.285e-05 9.105e-05 9.955e-05 0.0001032 8.015e-05 9.055e-05 9.14e-05 7.6e-05 9.055e-05 9.195e-05 8.83e-05 7.59e-05 7.96e-05 0.00010065 7.99e-05 9.375e-05 0.0001009 7.645e-05 9.13e-05 8.89e-05 9.055e-05 9.155e-05 9.135e-05 7.6e-05 9.2e-05 8.755e-05 0.0001039 0.0001008 9.165e-05 9.04e-05 0.00010015 7.61e-05 7.615e-05 9.125e-05 0.0001069 9.82e-05 9.97e-05 7.615e-05 8.895e-05 8.84e-05 7.795e-05 7.615e-05 8.855e-05 0.0001035 7.555e-05 9.6e-05
30 4.095e-05 0.00016055 4.075e-05 3.935e-05 0.00010035 9.985e-05 3.915e-05 3.975e-05 4.04e-05 4.095e-05 4.085e-05 3.975e-05 0.00010025 9.985e-05 0.00010065 4.07e-05 9.995e-05 3.855e-05 4.075e-05 0.00010135 4.175e-05 0.00010125 0.00010065 0.0001021 0.000101 3.985e-05 4.04e-05 3.86e-05 3.99e-05 9.91e-05 7.58e-05 3.97e-05 4.05e-05 4.045e-05 4.015e-05 4.06e-05 0.0001599 3.935e-05 4.06e-05 3.905e-05 4.06e-05 8.185e-05 4.14e-05 0.00010035 3.99e-05 4e-05 0.00010045 3.995e-05 4.01e-05 3.835e-05 0.0001626 3.865e-05 0.0001026 0.000101 4.08e-05 9.93e-05 3.88e-05 0.0001022 4.04e-05 0.0001448 4.13e-05 3.885e-05 4.06e-05 0.0001004 3.89e-05 9.945e-05 4.025e-05 4.08e-05 4.005e-05 0.00010235 4.065e-05 9.985e-05 9.975e-05 0.0001005 0.00010235 0.0001 0.0001604 8.2e-05 0.00010045 0.00010065 9.99e-05 3.945e-05 3.955e-05 0.0001015 4.035e-05 9.96e-05 0.00016045 0.00016015 0.0001037 4.055e-05 9.96e-05 0.00016045 3.98e-05 9.97e-05 4.09e-05 8.225e-05 9.985e-05 0.00010275 3.82e-05 3.9e-05
31 4.12e-05 0.00016135 4.185e-05 4.015e-05 0.0001012 0.0001002 3.93e-05 4.015e-05 4.045e-05 4.09e-05 4.18e-05 4.09e-05 0.00010145 0.0001007 0.00010175 4.18e-05 0.00010035 4.03e-05 4.14e-05 0.0001021 4.16e-05 0.0001011 0.00010145 0.00010205 0.00010185 4.075e-05 4.055e-05 3.915e-05 4.075e-05 0.0001001 3.97e-05 7.73e-05 4.035e-05 4.13e-05 4.105e-05 4.005e-05 0.00016085 4.015e-05 4.005e-05 3.995e-05 3.99e-05 8.275e-05 4.12e-05 0.00010155 4.02e-05 4.035e-05 0.00010165 4.1e-05 4.125e-05 3.89e-05 0.0001626 3.955e-05 0.00010245 0.0001018 4.19e-05 0.00010035 3.98e-05 0.00010215 4.145e-05 0.00014415 4.115e-05 3.985e-05 4.08e-05 0.0001012 3.925e-05 0.00010045 4.045e-05 4.15e-05 4.13e-05 0.0001026 4.01e-05 0.000101 0.00010005 0.00010115 0.0001023 0.0001003 0.00016105 8.24e-05 0.00010125 0.00010185 0.00010075 4.035e-05 4.065e-05 0.00010155 4.07e-05 0.00010055 0.0001614 0.000161 0.0001027 4.14e-05 0.00010115 0.0001612 4.075e-05 0.0001005 4.105e-05 8.225e-05 0.00010065 0.00010265 3.94e-05 3.92e-05
32 5.035e-05 0.00016105 3.75e-05 4.06e-05 0.0001143 0.00011015 6.665e-05 6.71e-05 6.39e-05 4.045e-05 4.63e-05 5.205e-05 9.905e-05 8.75e-05 9.58e-05 2.735e-05 0.00011385 3.94e-05 5.25e-05 9.615e-05 1.6e-05 0.00011115 8.795e-05 0.0001129 8.935e-05 6.595e-05 4.965e-05 6.62e-05 6.595e-05 0.00011335 4.05e-05 4.035e-05 2.72e-05 1.96e-05 4.21e-05 4e-05 0.00015875 4.05e-05 4.045e-05 4.03e-05 4.005e-05 8.385e-05 4.09e-05 9.915e-05 4.065e-05 4.18e-05 9.11e-05 4.03e-05 2.635e-05 6.595e-05 0.0001599 3.99e-05 8.67e-05 8.93e-05 3.755e-05 0.0001099 4.11e-05 8.695e-05 5.23e-05 0.00015525 6.43e-05 6.65e-05 6.43e-05 0.00011075 4.01e-05 0.00011355 5.215e-05 4.225e-05 5.245e-05 9.795e-05 4.005e-05 0.0001139 0.00011005 8.78e-05 0.00011285 0.0001103 0.00015715 0.00010935 0.0001108 9.13e-05 8.4e-05 1.515e-05 2.55e-05 0.0001124 4.215e-05 0.00011365 0.00016095 0.00015695 9.6e-05 1.97e-05 8.845e-05 0.00016085 6.595e-05 8.74e-05 6.685e-05 0.00010945 8.755e-05 0.00011205 6.605e-05 3.255e-05
33 5.025e-05 0.00014485 2.51e-05 2.89e-05 9.825e-05 0.00010855 5.17e-05 5.125e-05 6.39e-05 4.185e-05 2.9e-05 3.815e-05 8.465e-05 7.58e-05 9.53e-05 2.78e-05 9.84e-05 4.025e-05 3.825e-05 9.565e-05 3.155e-05 0.0001104 7.63e-05 0.000111 8.76e-05 6.315e-05 5.01e-05 5.165e-05 6.295e-05 9.81e-05 4.045e-05 4.13e-05 1.96e-05 1.28e-05 4.15e-05 4.19e-05 0.0001442 2.89e-05 4.205e-05 2.955e-05 4.22e-05 8.34e-05 4.235e-05 8.475e-05 3.005e-05 4.115e-05 7.68e-05 4.095e-05 1.605e-05 5.14e-05 0.0001576 2.915e-05 8.945e-05 8.78e-05 2.515e-05 0.00010835 4.065e-05 8.89e-05 3.865e-05 0.000154 6.41e-05 5.115e-05 6.385e-05 0.00010835 2.92e-05 9.815e-05 3.865e-05 4.13e-05 3.9e-05 9.78e-05 4.195e-05 9.82e-05 0.00010845 7.65e-05 0.000111 0.0001087 0.0001551 9.445e-05 0.0001084 7.715e-05 8.61e-05 7.15e-06 1.58e-05 0.0001112 4.15e-05 9.83e-05 0.00014455 0.00015475 0.00010975 6.5e-06 8.71e-05 0.00014475 6.265e-05 7.565e-05 5.31e-05 9.45e-05 7.57e-05 0.00012255 5.155e-05 2.165e-05
34 4.2e-05 0.0001613 4.11e-05 4.035e-05 0.0001009 9.94e-05 3.99e-05 4.055e-05 4.125e-05 4.21e-05 4.155e-05 4.075e-05 0.00010125 0.0001009 0.0001004 4.02e-05 0.00010065 4.07e-05 4.095e-05 0.00010015 4.135e-05 0.0001023 0.0001016 0.0001029 0.00010045 3.97e-05 4.17e-05 3.96e-05 4e-05 0.00010015 4.015e-05 4.105e-05 4.21e-05 4.15e-05 7.78e-05 4.185e-05 0.0001605 4.035e-05 4.18e-05 4.025e-05 4.195e-05 8.365e-05 4.215e-05 0.00010135 4.095e-05 3.93e-05 0.00010145 3.95e-05 4.125e-05 3.935e-05 0.00016345 3.97e-05 0.0001037 0.0001001 4.115e-05 9.905e-05 4.06e-05 0.0001032 4.105e-05 0.00014575 4.195e-05 3.97e-05 4.165e-05 9.98e-05 4.005e-05 0.00010025 4.04e-05 3.99e-05 4.12e-05 0.0001035 4.19e-05 0.00010075 9.93e-05 0.0001015 0.0001031 9.955e-05 0.00016 8.26e-05 9.985e-05 0.00010165 9.975e-05 4.065e-05 4.09e-05 0.0001022 3.955e-05 0.00010005 0.00016115 0.0001601 0.00010485 4.16e-05 0.0001013 0.0001613 4.005e-05 0.00010065 4.125e-05 8.3e-05 0.0001008 0.00010275 3.905e-05 4.015e-05
35 4.11e-05 0.0001621 4.26e-05 4.075e-05 0.00010195 0.00010095 3.985e-05 4.095e-05 4.04e-05 4.035e-05 4.255e-05 4.165e-05 0.0001022 0.00010125 0.0001025 4.26e-05 0.0001011 4.12e-05 4.215e-05 0.00010285 4.17e-05 0.00010105 0.00010155 0.00010195 0.00010265 4.15e-05 4.045e-05 3.99e-05 4.145e-05 0.00010085 4.06e-05 4.005e-05 4e-05 4.19e-05 4.185e-05 7.88e-05 0.0001616 4.07e-05 4.01e-05 4.05e-05 3.99e-05 8.38e-05 4.125e-05 0.0001023 4.02e-05 4.115e-05 0.0001024 4.18e-05 4.19e-05 3.965e-05 0.0001625 4.01e-05 0.0001017 0.0001026 4.265e-05 0.0001011 4.075e-05 0.00010195 4.22e-05 0.0001442 4.11e-05 4.06e-05 4.075e-05 0.00010195 3.985e-05 0.0001012 4.135e-05 4.23e-05 4.205e-05 0.0001025 3.955e-05 0.00010175 0.00010085 0.00010125 0.0001022 0.0001011 0.0001618 8.33e-05 0.000102 0.0001026 0.0001013 4.09e-05 4.12e-05 0.00010145 4.14e-05 0.0001013 0.00016215 0.00016175 0.00010175 4.2e-05 0.00010205 0.00016195 4.15e-05 0.0001011 4.095e-05 8.305e-05 0.00010125 0.00010255 4.015e-05 3.995e-05
36 0.00015365 5.8e-06 0.0001295 0.00014915 7.89e-05 9.205e-05 0.000152 0.00015245 0.0001662 0.0001616 0.00014715 0.00014055 6.715e-05 7.605e-05 8.085e-05 0.00014895 7.885e-05 0.0001616 0.00014135 8.12e-05 0.0001699 9.31e-05 7.645e-05 9.335e-05 8.69e-05 0.00016485 0.00015345 0.00015185 0.00016475 7.86e-05 0.0001599 0.00016085 0.00015875 0.0001442 0.0001605 0.0001616 1.02e-05 0.00014915 0.0001616 0.00014885 0.00016175 0.00011705 0.00016225 6.725e-05 0.00014985 0.00016025 7.485e-05 0.0001618 0.0001379 0.0001516 2.01e-05 0.00014895 9.11e-05 8.705e-05 0.00012955 9.175e-05 0.00016025 9.055e-05 0.00014135 5.02e-05 0.00016685 0.0001517 0.0001662 9.22e-05 0.0001491 7.85e-05 0.000141 0.0001607 0.00014075 8.2e-05 0.00016165 7.89e-05 9.195e-05 7.66e-05 9.295e-05 9.22e-05 1.88e-05 0.0001087 9.225e-05 7.52e-05 8.92e-05 0.00014615 0.00013775 9.325e-05 0.0001606 7.865e-05 5.2e-06 1.84e-05 9.505e-05 0.0001443 8.685e-05 5.6e-06 0.0001645 7.57e-05 0.00015375 0.00010885 7.585e-05 0.0001062 0.00015165 0.00015675
37 4.105e-05 0.00014945 3.015e-05 2.755e-05 8.875e-05 9.98e-05 2.84e-05 2.85e-05 4.085e-05 4.065e-05 2.925e-05 2.905e-05 8.95e-05 8.85e-05 0.00010075 4.085e-05 8.905e-05 3.93e-05 2.965e-05 0.00010105 5.255e-05 0.0001013 8.91e-05 0.00010145 0.0001004 3.98e-05 4.09e-05 2.835e-05 3.96e-05 8.875e-05 3.935e-05 4.015e-05 4.05e-05 2.89e-05 4.035e-05 4.07e-05 0.00014915 5.48e-05 4.09e-05 2.83e-05 4.105e-05 8.26e-05 4.135e-05 8.96e-05 2.89e-05 4e-05 8.955e-05 3.995e-05 2.91e-05 2.81e-05 0.00016215 2.79e-05 0.0001022 0.0001006 3.02e-05 9.96e-05 3.955e-05 0.00010165 2.97e-05 0.0001449 4.12e-05 2.765e-05 4.08e-05 9.94e-05 2.805e-05 8.88e-05 2.95e-05 4.03e-05 2.99e-05 0.0001026 4.075e-05 8.905e-05 9.97e-05 8.93e-05 0.00010205 9.995e-05 0.0001603 7.145e-05 9.945e-05 8.99e-05 9.94e-05 2.795e-05 2.875e-05 0.0001018 4.035e-05 8.895e-05 0.00014915 0.00015995 0.00011445 2.9e-05 9.995e-05 0.00014935 3.93e-05 8.845e-05 2.995e-05 7.15e-05 8.86e-05 0.0001131 2.825e-05 2.815e-05
38 4.075e-05 0.0001619 4.24e-05 4.09e-05 0.00010175 0.00010085 4e-05 4.09e-05 4.005e-05 4.08e-05 4.235e-05 4.145e-05 0.000102 0.00010145 0.0001023 4.235e-05 0.00010105 4.1e-05 4.21e-05 0.00010265 4.1e-05 0.0001005 0.00010155 0.0001016 0.0001024 4.15e-05 4.055e-05 4.005e-05 4.11e-05 0.00010085 4.06e-05 4.005e-05 4.045e-05 4.205e-05 4.18e-05 4.01e-05 0.0001616 4.09e-05 7.9e-05 4.09e-05 4.01e-05 8.36e-05 4.06e-05 0.0001021 4.045e-05 4.1e-05 0.0001022 4.17e-05 4.18e-05 3.975e-05 0.00016215 4.05e-05 0.00010155 0.00010235 4.245e-05 0.0001011 4.055e-05 0.0001017 4.2e-05 0.000144 4.055e-05 4.06e-05 4.02e-05 0.00010175 4.01e-05 0.0001012 4.13e-05 4.205e-05 4.205e-05 0.00010215 4.015e-05 0.00010155 0.0001008 0.00010125 0.00010185 0.00010105 0.00016175 8.325e-05 0.0001018 0.0001024 0.00010145 4.105e-05 4.14e-05 0.0001013 4.14e-05 0.0001013 0.00016195 0.00016175 0.0001015 4.215e-05 0.0001017 0.0001619 4.13e-05 0.00010125 4.06e-05 8.31e-05 0.0001014 0.0001022 4.035e-05 4.025e-05
