 slim_761964112 slim_761964103 slim_761964076 slim_761964134 slim_761964081 slim_761964088 slim_761964132 slim_761964115 slim_761964104 slim_761964078 slim_761964123 slim_761964127 slim_761964111 slim_761964113 slim_761964077 slim_761964099 slim_761964110 slim_761964105 slim_761964106 slim_761964083 slim_761964118 slim_761964095 slim_761964119 slim_761964124 slim_761964084 slim_761964089 slim_761964125 slim_761964087 slim_761964131 slim_761964093 slim_761964092 slim_761964130 slim_761964133 slim_761964109 slim_761964102 slim_761964097 slim_761964108 slim_761964080 slim_761964126 slim_761964098 slim_761964100 slim_761964085 slim_761964091 slim_761964090 slim_761964120 slim_761964128 slim_761964117 slim_761964107 slim_761964086 slim_761964114 slim_761964101 slim_761964122 slim_761964082 slim_761964129 slim_761964096 slim_761964116 slim_761964094 slim_761964121 slim_761964079
0 2.01e-05 1.12e-05 1.08e-05 1.865e-05 1.085e-05 1.105e-05 1.095e-05 1.87e-05 1.835e-05 1.115e-05 1.035e-05 1.84e-05 1.775e-05 1.035e-05 1.09e-05 1.86e-05 1.84e-05 1.8e-05 1.84e-05 1.81e-05 1.115e-05 2.585e-05 1.04e-05 1.08e-05 1.835e-05 1.125e-05 1.87e-05 1.1e-05 1.055e-05 1.825e-05 1.115e-05 1.805e-05 1.86e-05 1.805e-05 1.075e-05 1.105e-05 1.825e-05 1.075e-05 1.815e-05 1.09e-05 1.085e-05 1.11e-05 1.855e-05 1.87e-05 1.1e-05 2.585e-05 1.64e-05 1.105e-05 1.04e-05 1.08e-05 1.09e-05 1.8e-05 1.06e-05 1.81e-05 1.12e-05 2.585e-05 1.85e-05 1.1e-05 1.06e-05
1 1.12e-05 8.7e-06 7.6e-06 2.045e-05 9.8e-06 4.65e-06 4.6e-06 2.015e-05 1.535e-05 4.7e-06 1.12e-05 1.525e-05 1.685e-05 6.95e-06 4.65e-06 1.51e-05 1.455e-05 2.155e-05 1.465e-05 2.07e-05 1.015e-05 2.455e-05 9.85e-06 9.8e-06 1.65e-05 4.95e-06 1.455e-05 4.85e-06 6.3e-06 2.045e-05 4.6e-06 2.17e-05 1.525e-05 1.64e-05 4.5e-06 4.95e-06 2.09e-05 9.8e-06 1.725e-05 4.4e-06 4.35e-06 4.7e-06 1.575e-05 1.455e-05 4.6e-06 2.605e-05 2.095e-05 5.1e-06 1.73e-05 1.09e-05 9.85e-06 2.055e-05 1.01e-05 1.645e-05 8e-06 2.605e-05 1.495e-05 5.05e-06 9.95e-06
2 1.08e-05 7.6e-06 1.39e-05 2.14e-05 1.1e-05 7.6e-06 7.25e-06 2.105e-05 1.77e-05 7.6e-06 1.065e-05 1.77e-05 1.79e-05 9.3e-06 7.2e-06 1.79e-05 1.755e-05 2.1e-05 1.76e-05 2.12e-05 1.11e-05 2.795e-05 1.05e-05 1.1e-05 1.765e-05 7.75e-06 1.805e-05 7.3e-06 7.45e-06 2.13e-05 7.55e-06 2.115e-05 1.795e-05 1.79e-05 7.1e-06 7.4e-06 2.09e-05 1.095e-05 1.815e-05 7.1e-06 7.05e-06 7.65e-06 1.795e-05 1.805e-05 7.55e-06 2.825e-05 1.96e-05 7.45e-06 1.395e-05 1.055e-05 1.1e-05 2.105e-05 1.075e-05 1.795e-05 7.55e-06 2.825e-05 1.775e-05 7.4e-06 1.06e-05
3 1.865e-05 2.045e-05 2.14e-05 2.17e-05 1.75e-05 1.685e-05 2.05e-05 1.105e-05 1.39e-05 1.69e-05 1.48e-05 1.745e-05 1.48e-05 1.5e-05 1.9e-05 1.745e-05 1.765e-05 1.21e-05 1.415e-05 1.1e-05 1.39e-05 1.125e-05 1.745e-05 1.39e-05 1.755e-05 2.055e-05 1.41e-05 2.415e-05 2.12e-05 1.45e-05 1.695e-05 1.205e-05 1.395e-05 1.485e-05 2.04e-05 2.425e-05 1.24e-05 1.385e-05 1.475e-05 2.4e-05 2.395e-05 1.69e-05 1.765e-05 1.41e-05 1.68e-05 1.085e-05 1.1e-05 2.075e-05 1.335e-05 1.88e-05 1.395e-05 1.445e-05 1.405e-05 1.49e-05 2.505e-05 1.085e-05 1.78e-05 2.07e-05 1.405e-05
4 1.085e-05 9.8e-06 1.1e-05 1.75e-05 1.9e-05 9.8e-06 1.005e-05 1.76e-05 1.765e-05 9.95e-06 1.09e-05 1.765e-05 1.83e-05 9.85e-06 1e-05 1.75e-05 1.71e-05 1.855e-05 1.715e-05 1.745e-05 9.95e-06 2.42e-05 9.65e-06 9.55e-06 1.7e-05 1.01e-05 1.695e-05 1.02e-05 1.09e-05 1.73e-05 9.95e-06 1.86e-05 1.755e-05 1.805e-05 9.85e-06 1.03e-05 1.815e-05 9.55e-06 1.87e-05 9.95e-06 9.9e-06 9.85e-06 1.795e-05 1.695e-05 9.75e-06 2.53e-05 1.575e-05 1.035e-05 1.195e-05 1.105e-05 9.75e-06 1.74e-05 9.8e-06 1.81e-05 1.135e-05 2.53e-05 1.735e-05 1.03e-05 9.85e-06
5 1.105e-05 4.65e-06 7.6e-06 1.685e-05 9.8e-06 1.4e-06 4.8e-06 1.65e-05 1.18e-05 1.1e-06 7.5e-06 1.535e-05 1.315e-05 3.25e-06 3.25e-06 1.525e-05 1.465e-05 1.8e-05 1.115e-05 1.705e-05 6.45e-06 2.1e-05 9.65e-06 6.25e-06 1.65e-05 4.8e-06 1.105e-05 8.5e-06 6.35e-06 2.04e-05 1e-06 1.805e-05 1.175e-05 1.275e-05 4.5e-06 8.6e-06 1.735e-05 6.2e-06 1.355e-05 8.25e-06 8.2e-06 7.5e-07 1.565e-05 1.105e-05 7.5e-07 2.24e-05 1.73e-05 5.1e-06 1.365e-05 1.1e-05 6.4e-06 2.045e-05 6.35e-06 1.28e-05 1.155e-05 2.24e-05 1.49e-05 5.05e-06 6.45e-06
6 1.095e-05 4.6e-06 7.25e-06 2.05e-05 1.005e-05 4.8e-06 7.8e-06 2.015e-05 1.485e-05 4.5e-06 1.09e-05 1.485e-05 1.655e-05 6.65e-06 3.95e-06 1.505e-05 1.455e-05 2.11e-05 1.455e-05 2.035e-05 1.025e-05 2.5e-05 9.6e-06 1e-05 1.66e-05 5.15e-06 1.515e-05 4.55e-06 5.95e-06 2.05e-05 4.55e-06 2.135e-05 1.51e-05 1.65e-05 4.15e-06 4.65e-06 2.09e-05 9.95e-06 1.695e-05 3.95e-06 3.9e-06 4.85e-06 1.55e-05 1.515e-05 4.75e-06 2.57e-05 2.06e-05 4.6e-06 1.695e-05 1.05e-05 9.8e-06 2.025e-05 9.8e-06 1.655e-05 7.75e-06 2.57e-05 1.51e-05 4.65e-06 9.5e-06
7 1.87e-05 2.015e-05 2.105e-05 1.105e-05 1.76e-05 1.65e-05 2.015e-05 2.11e-05 1.355e-05 1.645e-05 1.485e-05 1.715e-05 1.47e-05 1.505e-05 1.865e-05 1.72e-05 1.745e-05 1.215e-05 1.39e-05 1.105e-05 1.395e-05 1.115e-05 1.75e-05 1.395e-05 1.735e-05 2.025e-05 1.39e-05 2.385e-05 2.1e-05 1.465e-05 1.66e-05 1.21e-05 1.365e-05 1.475e-05 2.005e-05 2.395e-05 1.255e-05 1.39e-05 1.455e-05 2.37e-05 2.365e-05 1.655e-05 1.735e-05 1.39e-05 1.645e-05 1.055e-05 1.115e-05 2.04e-05 1.375e-05 1.885e-05 1.4e-05 1.455e-05 1.4e-05 1.48e-05 2.47e-05 1.055e-05 1.76e-05 2.035e-05 1.405e-05
8 1.835e-05 1.535e-05 1.77e-05 1.39e-05 1.765e-05 1.18e-05 1.485e-05 1.355e-05 2.21e-05 1.165e-05 1.455e-05 1.475e-05 1.275e-05 1.155e-05 1.32e-05 1.51e-05 1.53e-05 1.45e-05 1.165e-05 1.355e-05 1.405e-05 1.215e-05 1.715e-05 1.405e-05 1.725e-05 1.555e-05 1.225e-05 1.865e-05 1.625e-05 1.74e-05 1.175e-05 1.455e-05 1.145e-05 1.315e-05 1.485e-05 1.875e-05 1.515e-05 1.4e-05 1.27e-05 1.84e-05 1.835e-05 1.185e-05 1.505e-05 1.225e-05 1.175e-05 1.105e-05 1.555e-05 1.515e-05 1.81e-05 1.835e-05 1.4e-05 1.7e-05 1.375e-05 1.32e-05 2.15e-05 1.105e-05 1.555e-05 1.505e-05 1.365e-05
9 1.115e-05 4.7e-06 7.6e-06 1.69e-05 9.95e-06 1.1e-06 4.5e-06 1.645e-05 1.165e-05 1.6e-06 7.55e-06 1.53e-05 1.32e-05 3.3e-06 2.9e-06 1.525e-05 1.465e-05 1.79e-05 1.105e-05 1.705e-05 6.6e-06 2.11e-05 9.8e-06 6.35e-06 1.66e-05 5.05e-06 1.12e-05 8.55e-06 6.35e-06 2.05e-05 1.15e-06 1.805e-05 1.165e-05 1.285e-05 4.55e-06 8.65e-06 1.735e-05 6.3e-06 1.36e-05 8.15e-06 8.1e-06 1.15e-06 1.575e-05 1.12e-05 1.05e-06 2.24e-05 1.73e-05 4.95e-06 1.365e-05 1.095e-05 6.35e-06 2.05e-05 6.45e-06 1.29e-05 1.165e-05 2.24e-05 1.505e-05 5e-06 6.35e-06
10 1.035e-05 1.12e-05 1.065e-05 1.48e-05 1.09e-05 7.5e-06 1.09e-05 1.485e-05 1.455e-05 7.55e-06 1.3e-05 1.815e-05 1.405e-05 6.5e-06 9.4e-06 1.84e-05 1.84e-05 1.42e-05 1.485e-05 1.43e-05 7.4e-06 2.23e-05 1.045e-05 7.25e-06 1.835e-05 1.115e-05 1.515e-05 1.445e-05 1.05e-05 1.81e-05 7.6e-06 1.425e-05 1.485e-05 1.445e-05 1.075e-05 1.455e-05 1.47e-05 7.2e-06 1.43e-05 1.445e-05 1.44e-05 7.55e-06 1.82e-05 1.515e-05 7.45e-06 2.18e-05 1.26e-05 1.1e-05 6.85e-06 1.08e-05 7.35e-06 1.78e-05 7.05e-06 1.45e-05 1.45e-05 2.18e-05 1.84e-05 1.095e-05 7.05e-06
11 1.84e-05 1.525e-05 1.77e-05 1.745e-05 1.765e-05 1.535e-05 1.485e-05 1.715e-05 1.475e-05 1.53e-05 1.815e-05 2.93e-05 1.635e-05 1.515e-05 1.49e-05 1.5e-05 1.525e-05 1.81e-05 1.53e-05 1.715e-05 1.76e-05 1.565e-05 1.72e-05 1.76e-05 1.72e-05 1.55e-05 1.575e-05 1.5e-05 1.62e-05 1.74e-05 1.52e-05 1.815e-05 1.51e-05 1.67e-05 1.48e-05 1.51e-05 1.87e-05 1.755e-05 1.63e-05 1.47e-05 1.465e-05 1.54e-05 1.505e-05 1.575e-05 1.53e-05 1.465e-05 1.915e-05 1.52e-05 2.17e-05 1.83e-05 1.75e-05 1.705e-05 1.735e-05 1.675e-05 1.79e-05 1.465e-05 1.55e-05 1.515e-05 1.72e-05
12 1.775e-05 1.685e-05 1.79e-05 1.48e-05 1.83e-05 1.315e-05 1.655e-05 1.47e-05 1.275e-05 1.32e-05 1.405e-05 1.635e-05 2.33e-05 1.25e-05 1.505e-05 1.66e-05 1.67e-05 1.425e-05 1.315e-05 1.425e-05 1.495e-05 1.325e-05 1.785e-05 1.465e-05 1.815e-05 1.7e-05 1.345e-05 2.03e-05 1.585e-05 1.805e-05 1.325e-05 1.42e-05 1.305e-05 1.245e-05 1.64e-05 2.04e-05 1.48e-05 1.46e-05 1.22e-05 2.01e-05 2.005e-05 1.32e-05 1.66e-05 1.345e-05 1.31e-05 1.255e-05 1.57e-05 1.685e-05 1.605e-05 1.825e-05 1.475e-05 1.775e-05 1.445e-05 1.25e-05 2.17e-05 1.255e-05 1.69e-05 1.68e-05 1.445e-05
13 1.035e-05 6.95e-06 9.3e-06 1.5e-05 9.85e-06 3.25e-06 6.65e-06 1.505e-05 1.155e-05 3.3e-06 6.5e-06 1.515e-05 1.25e-05 4.5e-06 5.15e-06 1.54e-05 1.54e-05 1.545e-05 1.185e-05 1.45e-05 6.35e-06 2.055e-05 9.4e-06 6.2e-06 1.725e-05 6.9e-06 1.215e-05 1.02e-05 7.7e-06 1.83e-05 3.35e-06 1.55e-05 1.185e-05 1.29e-05 6.5e-06 1.03e-05 1.595e-05 6.15e-06 1.275e-05 1.02e-05 1.015e-05 3.3e-06 1.52e-05 1.215e-05 3.2e-06 2.005e-05 1.475e-05 6.75e-06 1.11e-05 1.08e-05 6.3e-06 1.8e-05 6e-06 1.295e-05 1.31e-05 2.005e-05 1.54e-05 6.7e-06 6e-06
14 1.09e-05 4.65e-06 7.2e-06 1.9e-05 1e-05 3.25e-06 3.95e-06 1.865e-05 1.32e-05 2.9e-06 9.4e-06 1.49e-05 1.505e-05 5.15e-06 4.4e-06 1.51e-05 1.455e-05 1.96e-05 1.29e-05 1.885e-05 8.75e-06 2.35e-05 9.5e-06 8.5e-06 1.66e-05 5.15e-06 1.365e-05 6.1e-06 6e-06 2.045e-05 3.1e-06 1.985e-05 1.345e-05 1.5e-05 4.15e-06 6.2e-06 1.935e-05 8.45e-06 1.545e-05 5.55e-06 5.5e-06 3.3e-06 1.55e-05 1.365e-05 3.2e-06 2.42e-05 1.91e-05 4.5e-06 1.54e-05 1.05e-05 8.35e-06 2.02e-05 8.25e-06 1.505e-05 9.25e-06 2.42e-05 1.51e-05 4.5e-06 8e-06
15 1.86e-05 1.51e-05 1.79e-05 1.745e-05 1.75e-05 1.525e-05 1.505e-05 1.72e-05 1.51e-05 1.525e-05 1.84e-05 1.5e-05 1.66e-05 1.54e-05 1.51e-05 2.96e-05 1.505e-05 1.845e-05 1.515e-05 1.75e-05 1.76e-05 1.51e-05 1.74e-05 1.75e-05 1.7e-05 1.535e-05 1.525e-05 1.515e-05 1.64e-05 1.72e-05 1.505e-05 1.85e-05 1.495e-05 1.655e-05 1.5e-05 1.525e-05 1.855e-05 1.745e-05 1.665e-05 1.485e-05 1.48e-05 1.53e-05 1.535e-05 1.525e-05 1.52e-05 1.51e-05 1.95e-05 1.54e-05 2.195e-05 1.85e-05 1.74e-05 1.735e-05 1.76e-05 1.66e-05 1.805e-05 1.51e-05 1.53e-05 1.535e-05 1.745e-05
16 1.84e-05 1.455e-05 1.755e-05 1.765e-05 1.71e-05 1.465e-05 1.455e-05 1.745e-05 1.53e-05 1.465e-05 1.84e-05 1.525e-05 1.67e-05 1.54e-05 1.455e-05 1.505e-05 2.85e-05 1.875e-05 1.445e-05 1.79e-05 1.735e-05 1.425e-05 1.705e-05 1.71e-05 1.63e-05 1.495e-05 1.45e-05 1.485e-05 1.615e-05 1.76e-05 1.455e-05 1.89e-05 1.515e-05 1.61e-05 1.45e-05 1.495e-05 1.8e-05 1.705e-05 1.71e-05 1.44e-05 1.435e-05 1.47e-05 1.575e-05 1.45e-05 1.46e-05 1.605e-05 1.965e-05 1.505e-05 2.17e-05 1.81e-05 1.705e-05 1.775e-05 1.73e-05 1.615e-05 1.795e-05 1.605e-05 1.48e-05 1.5e-05 1.71e-05
17 1.8e-05 2.155e-05 2.1e-05 1.21e-05 1.855e-05 1.8e-05 2.11e-05 1.215e-05 1.45e-05 1.79e-05 1.42e-05 1.81e-05 1.425e-05 1.545e-05 1.96e-05 1.845e-05 1.875e-05 2.26e-05 1.52e-05 1.155e-05 1.495e-05 1.28e-05 1.81e-05 1.49e-05 1.88e-05 2.17e-05 1.565e-05 2.485e-05 2.065e-05 1.545e-05 1.795e-05 1.15e-05 1.49e-05 1.475e-05 2.11e-05 2.495e-05 1.235e-05 1.485e-05 1.42e-05 2.465e-05 2.46e-05 1.805e-05 1.83e-05 1.565e-05 1.795e-05 1.15e-05 1.15e-05 2.14e-05 1.17e-05 1.835e-05 1.485e-05 1.505e-05 1.465e-05 1.48e-05 2.485e-05 1.15e-05 1.895e-05 2.135e-05 1.455e-05
18 1.84e-05 1.465e-05 1.76e-05 1.415e-05 1.715e-05 1.115e-05 1.455e-05 1.39e-05 1.165e-05 1.105e-05 1.485e-05 1.53e-05 1.315e-05 1.185e-05 1.29e-05 1.515e-05 1.445e-05 1.52e-05 2.16e-05 1.435e-05 1.385e-05 1.08e-05 1.705e-05 1.36e-05 1.635e-05 1.505e-05 1.1e-05 1.85e-05 1.62e-05 1.765e-05 1.11e-05 1.535e-05 1.155e-05 1.26e-05 1.455e-05 1.86e-05 1.45e-05 1.355e-05 1.355e-05 1.805e-05 1.8e-05 1.12e-05 1.58e-05 1.1e-05 1.11e-05 1.25e-05 1.61e-05 1.505e-05 1.815e-05 1.815e-05 1.355e-05 1.775e-05 1.375e-05 1.26e-05 2.16e-05 1.25e-05 1.49e-05 1.495e-05 1.36e-05
19 1.81e-05 2.07e-05 2.12e-05 1.1e-05 1.745e-05 1.705e-05 2.035e-05 1.105e-05 1.355e-05 1.705e-05 1.43e-05 1.715e-05 1.425e-05 1.45e-05 1.885e-05 1.75e-05 1.79e-05 1.155e-05 1.435e-05 2.07e-05 1.39e-05 1.185e-05 1.71e-05 1.385e-05 1.78e-05 2.075e-05 1.47e-05 2.4e-05 2.085e-05 1.435e-05 1.71e-05 1.15e-05 1.395e-05 1.485e-05 2.025e-05 2.41e-05 1.25e-05 1.38e-05 1.42e-05 2.39e-05 2.385e-05 1.71e-05 1.73e-05 1.47e-05 1.7e-05 1.035e-05 1.04e-05 2.055e-05 1.285e-05 1.855e-05 1.39e-05 1.395e-05 1.355e-05 1.49e-05 2.49e-05 1.035e-05 1.8e-05 2.05e-05 1.36e-05
20 1.115e-05 1.015e-05 1.11e-05 1.39e-05 9.95e-06 6.45e-06 1.025e-05 1.395e-05 1.405e-05 6.6e-06 7.4e-06 1.76e-05 1.495e-05 6.35e-06 8.75e-06 1.76e-05 1.735e-05 1.495e-05 1.385e-05 1.39e-05 1.24e-05 2.09e-05 9.95e-06 6.35e-06 1.725e-05 1.01e-05 1.375e-05 1.385e-05 1.115e-05 1.745e-05 6.65e-06 1.5e-05 1.41e-05 1.475e-05 1.01e-05 1.395e-05 1.49e-05 6.3e-06 1.51e-05 1.375e-05 1.37e-05 6.5e-06 1.775e-05 1.375e-05 6.4e-06 2.14e-05 1.21e-05 1.045e-05 8.7e-06 1.135e-05 6.45e-06 1.74e-05 6.55e-06 1.48e-05 1.5e-05 2.14e-05 1.745e-05 1.04e-05 6.55e-06
21 2.585e-05 2.455e-05 2.795e-05 1.125e-05 2.42e-05 2.1e-05 2.5e-05 1.115e-05 1.215e-05 2.11e-05 2.23e-05 1.565e-05 1.325e-05 2.055e-05 2.35e-05 1.51e-05 1.425e-05 1.28e-05 1.08e-05 1.185e-05 2.09e-05 0.0 2.455e-05 2.065e-05 1.61e-05 2.485e-05 1.035e-05 2.88e-05 2.635e-05 1.475e-05 2.105e-05 1.285e-05 1.165e-05 1.215e-05 2.49e-05 2.89e-05 1.16e-05 2.06e-05 1.365e-05 2.845e-05 2.84e-05 2.105e-05 1.605e-05 1.035e-05 2.095e-05 2.8e-06 1.51e-05 2.545e-05 2.29e-05 2.575e-05 2.07e-05 1.525e-05 2.125e-05 1.22e-05 3.185e-05 2.8e-06 1.46e-05 2.54e-05 2.12e-05
22 1.04e-05 9.85e-06 1.05e-05 1.745e-05 9.65e-06 9.65e-06 9.6e-06 1.75e-05 1.715e-05 9.8e-06 1.045e-05 1.72e-05 1.785e-05 9.4e-06 9.5e-06 1.74e-05 1.705e-05 1.81e-05 1.705e-05 1.71e-05 9.95e-06 2.455e-05 1.81e-05 9.65e-06 1.695e-05 1.005e-05 1.74e-05 9.75e-06 1.045e-05 1.72e-05 9.75e-06 1.815e-05 1.74e-05 1.8e-05 9.25e-06 9.85e-06 1.805e-05 9.6e-06 1.825e-05 9.5e-06 9.45e-06 9.7e-06 1.75e-05 1.74e-05 9.55e-06 2.485e-05 1.535e-05 9.85e-06 1.145e-05 1.055e-05 9.75e-06 1.695e-05 9.3e-06 1.805e-05 1.09e-05 2.485e-05 1.73e-05 9.8e-06 9.4e-06
23 1.08e-05 9.8e-06 1.1e-05 1.39e-05 9.55e-06 6.25e-06 1e-05 1.395e-05 1.405e-05 6.35e-06 7.25e-06 1.76e-05 1.465e-05 6.2e-06 8.5e-06 1.75e-05 1.71e-05 1.49e-05 1.36e-05 1.385e-05 6.35e-06 2.065e-05 9.65e-06 1.19e-05 1.7e-05 1.01e-05 1.34e-05 1.375e-05 1.085e-05 1.73e-05 6.4e-06 1.495e-05 1.4e-05 1.445e-05 9.85e-06 1.385e-05 1.46e-05 5.95e-06 1.505e-05 1.35e-05 1.345e-05 6.3e-06 1.79e-05 1.34e-05 6.2e-06 2.165e-05 1.21e-05 1.035e-05 8.35e-06 1.105e-05 6.15e-06 1.735e-05 6.25e-06 1.45e-05 1.49e-05 2.165e-05 1.735e-05 1.03e-05 6.25e-06
24 1.835e-05 1.65e-05 1.765e-05 1.755e-05 1.7e-05 1.65e-05 1.66e-05 1.735e-05 1.725e-05 1.66e-05 1.835e-05 1.72e-05 1.815e-05 1.725e-05 1.66e-05 1.7e-05 1.63e-05 1.88e-05 1.635e-05 1.78e-05 1.725e-05 1.61e-05 1.695e-05 1.7e-05 3.22e-05 1.68e-05 1.63e-05 1.68e-05 1.77e-05 1.75e-05 1.65e-05 1.885e-05 1.71e-05 1.755e-05 1.645e-05 1.69e-05 1.8e-05 1.695e-05 1.855e-05 1.645e-05 1.64e-05 1.655e-05 1.76e-05 1.63e-05 1.645e-05 1.79e-05 1.76e-05 1.7e-05 1.975e-05 1.815e-05 1.705e-05 1.765e-05 1.72e-05 1.755e-05 1.8e-05 1.79e-05 1.665e-05 1.695e-05 1.71e-05
25 1.125e-05 4.95e-06 7.75e-06 2.055e-05 1.01e-05 4.8e-06 5.15e-06 2.025e-05 1.555e-05 5.05e-06 1.115e-05 1.55e-05 1.7e-05 6.9e-06 5.15e-06 1.535e-05 1.495e-05 2.17e-05 1.505e-05 2.075e-05 1.01e-05 2.485e-05 1.005e-05 1.01e-05 1.68e-05 9.1e-06 1.49e-05 4.75e-06 6.65e-06 2.05e-05 5e-06 2.175e-05 1.545e-05 1.66e-05 4.9e-06 4.85e-06 2.12e-05 1.005e-05 1.725e-05 5e-06 4.95e-06 4.85e-06 1.53e-05 1.49e-05 4.75e-06 2.595e-05 2.1e-05 4.95e-06 1.75e-05 1.13e-05 1.025e-05 2.06e-05 1.03e-05 1.665e-05 8.05e-06 2.595e-05 1.47e-05 4.9e-06 1.03e-05
26 1.87e-05 1.455e-05 1.805e-05 1.41e-05 1.695e-05 1.105e-05 1.515e-05 1.39e-05 1.225e-05 1.12e-05 1.515e-05 1.575e-05 1.345e-05 1.215e-05 1.365e-05 1.525e-05 1.45e-05 1.565e-05 1.1e-05 1.47e-05 1.375e-05 1.035e-05 1.74e-05 1.34e-05 1.63e-05 1.49e-05 2.07e-05 1.89e-05 1.66e-05 1.765e-05 1.12e-05 1.57e-05 1.18e-05 1.25e-05 1.5e-05 1.9e-05 1.455e-05 1.34e-05 1.385e-05 1.86e-05 1.855e-05 1.11e-05 1.61e-05 1.04e-05 1.1e-05 1.285e-05 1.645e-05 1.555e-05 1.855e-05 1.865e-05 1.36e-05 1.81e-05 1.41e-05 1.25e-05 2.195e-05 1.285e-05 1.48e-05 1.55e-05 1.41e-05
27 1.1e-05 4.85e-06 7.3e-06 2.415e-05 1.02e-05 8.5e-06 4.55e-06 2.385e-05 1.865e-05 8.55e-06 1.445e-05 1.5e-05 2.03e-05 1.02e-05 6.1e-06 1.515e-05 1.485e-05 2.485e-05 1.85e-05 2.4e-05 1.385e-05 2.88e-05 9.75e-06 1.375e-05 1.68e-05 4.75e-06 1.89e-05 1.4e-06 6.2e-06 2.05e-05 8.35e-06 2.5e-05 1.885e-05 2.025e-05 4.4e-06 8e-07 2.47e-05 1.37e-05 2.055e-05 7.5e-07 7e-07 8.55e-06 1.5e-05 1.89e-05 8.45e-06 2.92e-05 2.425e-05 4.5e-06 2.07e-05 1.075e-05 1.37e-05 2.03e-05 1.355e-05 2.03e-05 4.1e-06 2.92e-05 1.475e-05 4.45e-06 1.335e-05
28 1.055e-05 6.3e-06 7.45e-06 2.12e-05 1.09e-05 6.35e-06 5.95e-06 2.1e-05 1.625e-05 6.35e-06 1.05e-05 1.62e-05 1.585e-05 7.7e-06 6e-06 1.64e-05 1.615e-05 2.065e-05 1.62e-05 2.085e-05 1.115e-05 2.635e-05 1.045e-05 1.085e-05 1.77e-05 6.65e-06 1.66e-05 6.2e-06 1.15e-05 2.1e-05 6.25e-06 2.08e-05 1.65e-05 1.605e-05 5.85e-06 6.3e-06 2.075e-05 1.08e-05 1.625e-05 5.8e-06 5.75e-06 6.4e-06 1.665e-05 1.66e-05 6.3e-06 2.655e-05 2.07e-05 6.4e-06 1.51e-05 1.055e-05 1.08e-05 2.075e-05 1.065e-05 1.61e-05 7.85e-06 2.655e-05 1.65e-05 6.35e-06 1.05e-05
29 1.825e-05 2.045e-05 2.13e-05 1.45e-05 1.73e-05 2.04e-05 2.05e-05 1.465e-05 1.74e-05 2.05e-05 1.81e-05 1.74e-05 1.805e-05 1.83e-05 2.045e-05 1.72e-05 1.76e-05 1.545e-05 1.765e-05 1.435e-05 1.745e-05 1.475e-05 1.72e-05 1.73e-05 1.75e-05 2.05e-05 1.765e-05 2.05e-05 2.1e-05 2.81e-05 2.04e-05 1.54e-05 1.725e-05 1.82e-05 2.035e-05 2.06e-05 1.58e-05 1.725e-05 1.81e-05 2.04e-05 2.035e-05 2.045e-05 1.755e-05 1.765e-05 2.035e-05 1.435e-05 1.435e-05 2.065e-05 1.66e-05 1.865e-05 1.735e-05 1.42e-05 1.74e-05 1.825e-05 2.14e-05 1.435e-05 1.77e-05 2.06e-05 1.74e-05
30 1.115e-05 4.6e-06 7.55e-06 1.695e-05 9.95e-06 1e-06 4.55e-06 1.66e-05 1.175e-05 1.15e-06 7.6e-06 1.52e-05 1.325e-05 3.35e-06 3.1e-06 1.505e-05 1.455e-05 1.795e-05 1.11e-05 1.71e-05 6.65e-06 2.105e-05 9.75e-06 6.4e-06 1.65e-05 5e-06 1.12e-05 8.35e-06 6.25e-06 2.04e-05 1.7e-06 1.81e-05 1.165e-05 1.285e-05 4.4e-06 8.45e-06 1.735e-05 6.35e-06 1.365e-05 7.9e-06 7.85e-06 1.05e-06 1.57e-05 1.12e-05 1.05e-06 2.245e-05 1.735e-05 5.05e-06 1.37e-05 1.085e-05 6.35e-06 2.05e-05 6.45e-06 1.29e-05 1.15e-05 2.245e-05 1.495e-05 5e-06 6.35e-06
31 1.805e-05 2.17e-05 2.115e-05 1.205e-05 1.86e-05 1.805e-05 2.135e-05 1.21e-05 1.455e-05 1.805e-05 1.425e-05 1.815e-05 1.42e-05 1.55e-05 1.985e-05 1.85e-05 1.89e-05 1.15e-05 1.535e-05 1.15e-05 1.5e-05 1.285e-05 1.815e-05 1.495e-05 1.885e-05 2.175e-05 1.57e-05 2.5e-05 2.08e-05 1.54e-05 1.81e-05 2.27e-05 1.495e-05 1.48e-05 2.125e-05 2.51e-05 1.245e-05 1.49e-05 1.415e-05 2.49e-05 2.485e-05 1.81e-05 1.83e-05 1.57e-05 1.8e-05 1.135e-05 1.155e-05 2.155e-05 1.165e-05 1.85e-05 1.5e-05 1.5e-05 1.47e-05 1.485e-05 2.49e-05 1.135e-05 1.9e-05 2.15e-05 1.47e-05
32 1.86e-05 1.525e-05 1.795e-05 1.395e-05 1.755e-05 1.175e-05 1.51e-05 1.365e-05 1.145e-05 1.165e-05 1.485e-05 1.51e-05 1.305e-05 1.185e-05 1.345e-05 1.495e-05 1.515e-05 1.49e-05 1.155e-05 1.395e-05 1.41e-05 1.165e-05 1.74e-05 1.4e-05 1.71e-05 1.545e-05 1.18e-05 1.885e-05 1.65e-05 1.725e-05 1.165e-05 1.495e-05 2.27e-05 1.305e-05 1.51e-05 1.895e-05 1.505e-05 1.395e-05 1.31e-05 1.86e-05 1.855e-05 1.18e-05 1.54e-05 1.18e-05 1.17e-05 1.155e-05 1.595e-05 1.54e-05 1.84e-05 1.86e-05 1.395e-05 1.735e-05 1.405e-05 1.31e-05 2.17e-05 1.155e-05 1.54e-05 1.53e-05 1.395e-05
33 1.805e-05 1.64e-05 1.79e-05 1.485e-05 1.805e-05 1.275e-05 1.65e-05 1.475e-05 1.315e-05 1.285e-05 1.445e-05 1.67e-05 1.245e-05 1.29e-05 1.5e-05 1.655e-05 1.61e-05 1.475e-05 1.26e-05 1.485e-05 1.475e-05 1.215e-05 1.8e-05 1.445e-05 1.755e-05 1.66e-05 1.25e-05 2.025e-05 1.605e-05 1.82e-05 1.285e-05 1.48e-05 1.305e-05 2.43e-05 1.635e-05 2.035e-05 1.44e-05 1.44e-05 1.285e-05 2e-05 1.995e-05 1.28e-05 1.7e-05 1.25e-05 1.27e-05 1.335e-05 1.62e-05 1.685e-05 1.635e-05 1.83e-05 1.455e-05 1.83e-05 1.465e-05 1.22e-05 2.18e-05 1.335e-05 1.635e-05 1.68e-05 1.465e-05
34 1.075e-05 4.5e-06 7.1e-06 2.04e-05 9.85e-06 4.5e-06 4.15e-06 2.005e-05 1.485e-05 4.55e-06 1.075e-05 1.48e-05 1.64e-05 6.5e-06 4.15e-06 1.5e-05 1.45e-05 2.11e-05 1.455e-05 2.025e-05 1.01e-05 2.49e-05 9.25e-06 9.85e-06 1.645e-05 4.9e-06 1.5e-05 4.4e-06 5.85e-06 2.035e-05 4.4e-06 2.125e-05 1.51e-05 1.635e-05 7.8e-06 4.5e-06 2.08e-05 9.8e-06 1.68e-05 3.95e-06 3.9e-06 4.55e-06 1.53e-05 1.5e-05 4.4e-06 2.56e-05 2.05e-05 4.6e-06 1.68e-05 1.04e-05 9.8e-06 2.01e-05 9.5e-06 1.64e-05 7.55e-06 2.56e-05 1.49e-05 4.55e-06 9.45e-06
35 1.105e-05 4.95e-06 7.4e-06 2.425e-05 1.03e-05 8.6e-06 4.65e-06 2.395e-05 1.875e-05 8.65e-06 1.455e-05 1.51e-05 2.04e-05 1.03e-05 6.2e-06 1.525e-05 1.495e-05 2.495e-05 1.86e-05 2.41e-05 1.395e-05 2.89e-05 9.85e-06 1.385e-05 1.69e-05 4.85e-06 1.9e-05 8e-07 6.3e-06 2.06e-05 8.45e-06 2.51e-05 1.895e-05 2.035e-05 4.5e-06 1.6e-06 2.48e-05 1.38e-05 2.065e-05 8e-07 8e-07 8.65e-06 1.51e-05 1.9e-05 8.55e-06 2.93e-05 2.435e-05 4.55e-06 2.08e-05 1.085e-05 1.375e-05 2.04e-05 1.365e-05 2.04e-05 4.2e-06 2.93e-05 1.485e-05 4.5e-06 1.345e-05
36 1.825e-05 2.09e-05 2.09e-05 1.24e-05 1.815e-05 1.735e-05 2.09e-05 1.255e-05 1.515e-05 1.735e-05 1.47e-05 1.87e-05 1.48e-05 1.595e-05 1.935e-05 1.855e-05 1.8e-05 1.235e-05 1.45e-05 1.25e-05 1.49e-05 1.16e-05 1.805e-05 1.46e-05 1.8e-05 2.12e-05 1.455e-05 2.47e-05 2.075e-05 1.58e-05 1.735e-05 1.245e-05 1.505e-05 1.44e-05 2.08e-05 2.48e-05 2.3e-05 1.455e-05 1.52e-05 2.435e-05 2.43e-05 1.74e-05 1.91e-05 1.455e-05 1.73e-05 1.3e-05 1.23e-05 2.13e-05 1.17e-05 1.8e-05 1.46e-05 1.59e-05 1.475e-05 1.445e-05 2.49e-05 1.3e-05 1.835e-05 2.125e-05 1.465e-05
37 1.075e-05 9.8e-06 1.095e-05 1.385e-05 9.55e-06 6.2e-06 9.95e-06 1.39e-05 1.4e-05 6.3e-06 7.2e-06 1.755e-05 1.46e-05 6.15e-06 8.45e-06 1.745e-05 1.705e-05 1.485e-05 1.355e-05 1.38e-05 6.3e-06 2.06e-05 9.6e-06 5.95e-06 1.695e-05 1.005e-05 1.34e-05 1.37e-05 1.08e-05 1.725e-05 6.35e-06 1.49e-05 1.395e-05 1.44e-05 9.8e-06 1.38e-05 1.455e-05 1.18e-05 1.5e-05 1.345e-05 1.34e-05 6.25e-06 1.785e-05 1.34e-05 6.15e-06 2.16e-05 1.205e-05 1.03e-05 8.3e-06 1.1e-05 6.1e-06 1.73e-05 6.2e-06 1.445e-05 1.485e-05 2.16e-05 1.73e-05 1.025e-05 6.2e-06
38 1.815e-05 1.725e-05 1.815e-05 1.475e-05 1.87e-05 1.355e-05 1.695e-05 1.455e-05 1.27e-05 1.36e-05 1.43e-05 1.63e-05 1.22e-05 1.275e-05 1.545e-05 1.665e-05 1.71e-05 1.42e-05 1.355e-05 1.42e-05 1.51e-05 1.365e-05 1.825e-05 1.505e-05 1.855e-05 1.725e-05 1.385e-05 2.055e-05 1.625e-05 1.81e-05 1.365e-05 1.415e-05 1.31e-05 1.285e-05 1.68e-05 2.065e-05 1.52e-05 1.5e-05 2.41e-05 2.05e-05 2.045e-05 1.36e-05 1.64e-05 1.385e-05 1.35e-05 1.205e-05 1.58e-05 1.71e-05 1.645e-05 1.865e-05 1.515e-05 1.77e-05 1.48e-05 1.29e-05 2.185e-05 1.205e-05 1.715e-05 1.705e-05 1.485e-05
39 1.09e-05 4.4e-06 7.1e-06 2.4e-05 9.95e-06 8.25e-06 3.95e-06 2.37e-05 1.84e-05 8.15e-06 1.445e-05 1.47e-05 2.01e-05 1.02e-05 5.55e-06 1.485e-05 1.44e-05 2.465e-05 1.805e-05 2.39e-05 1.375e-05 2.845e-05 9.5e-06 1.35e-05 1.645e-05 5e-06 1.86e-05 7.5e-07 5.8e-06 2.04e-05 7.9e-06 2.49e-05 1.86e-05 2e-05 3.95e-06 8e-07 2.435e-05 1.345e-05 2.05e-05 1e-07 5e-08 8.3e-06 1.54e-05 1.86e-05 8.2e-06 2.925e-05 2.415e-05 4.6e-06 2.045e-05 1.03e-05 1.32e-05 2.02e-05 1.33e-05 2.005e-05 4e-06 2.925e-05 1.495e-05 4.55e-06 1.295e-05
40 1.085e-05 4.35e-06 7.05e-06 2.395e-05 9.9e-06 8.2e-06 3.9e-06 2.365e-05 1.835e-05 8.1e-06 1.44e-05 1.465e-05 2.005e-05 1.015e-05 5.5e-06 1.48e-05 1.435e-05 2.46e-05 1.8e-05 2.385e-05 1.37e-05 2.84e-05 9.45e-06 1.345e-05 1.64e-05 4.95e-06 1.855e-05 7e-07 5.75e-06 2.035e-05 7.85e-06 2.485e-05 1.855e-05 1.995e-05 3.9e-06 8e-07 2.43e-05 1.34e-05 2.045e-05 5e-08 0.0 8.25e-06 1.535e-05 1.855e-05 8.15e-06 2.92e-05 2.41e-05 4.55e-06 2.04e-05 1.025e-05 1.32e-05 2.015e-05 1.325e-05 2e-05 3.95e-06 2.92e-05 1.49e-05 4.5e-06 1.29e-05
41 1.11e-05 4.7e-06 7.65e-06 1.69e-05 9.85e-06 7.5e-07 4.85e-06 1.655e-05 1.185e-05 1.15e-06 7.55e-06 1.54e-05 1.32e-05 3.3e-06 3.3e-06 1.53e-05 1.47e-05 1.805e-05 1.12e-05 1.71e-05 6.5e-06 2.105e-05 9.7e-06 6.3e-06 1.655e-05 4.85e-06 1.11e-05 8.55e-06 6.4e-06 2.045e-05 1.05e-06 1.81e-05 1.18e-05 1.28e-05 4.55e-06 8.65e-06 1.74e-05 6.25e-06 1.36e-05 8.3e-06 8.25e-06 1.5e-06 1.57e-05 1.11e-05 8e-07 2.245e-05 1.735e-05 5.15e-06 1.37e-05 1.105e-05 6.45e-06 2.05e-05 6.4e-06 1.285e-05 1.16e-05 2.245e-05 1.495e-05 5.1e-06 6.5e-06
42 1.855e-05 1.575e-05 1.795e-05 1.765e-05 1.795e-05 1.565e-05 1.55e-05 1.735e-05 1.505e-05 1.575e-05 1.82e-05 1.505e-05 1.66e-05 1.52e-05 1.55e-05 1.535e-05 1.575e-05 1.83e-05 1.58e-05 1.73e-05 1.775e-05 1.605e-05 1.75e-05 1.79e-05 1.76e-05 1.53e-05 1.61e-05 1.5e-05 1.665e-05 1.755e-05 1.57e-05 1.83e-05 1.54e-05 1.7e-05 1.53e-05 1.51e-05 1.91e-05 1.785e-05 1.64e-05 1.54e-05 1.535e-05 1.57e-05 2.93e-05 1.61e-05 1.56e-05 1.465e-05 1.93e-05 1.515e-05 2.2e-05 1.88e-05 1.8e-05 1.72e-05 1.765e-05 1.705e-05 1.805e-05 1.465e-05 1.535e-05 1.51e-05 1.765e-05
43 1.87e-05 1.455e-05 1.805e-05 1.41e-05 1.695e-05 1.105e-05 1.515e-05 1.39e-05 1.225e-05 1.12e-05 1.515e-05 1.575e-05 1.345e-05 1.215e-05 1.365e-05 1.525e-05 1.45e-05 1.565e-05 1.1e-05 1.47e-05 1.375e-05 1.035e-05 1.74e-05 1.34e-05 1.63e-05 1.49e-05 1.04e-05 1.89e-05 1.66e-05 1.765e-05 1.12e-05 1.57e-05 1.18e-05 1.25e-05 1.5e-05 1.9e-05 1.455e-05 1.34e-05 1.385e-05 1.86e-05 1.855e-05 1.11e-05 1.61e-05 2.07e-05 1.1e-05 1.285e-05 1.645e-05 1.555e-05 1.855e-05 1.865e-05 1.36e-05 1.81e-05 1.41e-05 1.25e-05 2.195e-05 1.285e-05 1.48e-05 1.55e-05 1.41e-05
44 1.1e-05 4.6e-06 7.55e-06 1.68e-05 9.75e-06 7.5e-07 4.75e-06 1.645e-05 1.175e-05 1.05e-06 7.45e-06 1.53e-05 1.31e-05 3.2e-06 3.2e-06 1.52e-05 1.46e-05 1.795e-05 1.11e-05 1.7e-05 6.4e-06 2.095e-05 9.55e-06 6.2e-06 1.645e-05 4.75e-06 1.1e-05 8.45e-06 6.3e-06 2.035e-05 1.05e-06 1.8e-05 1.17e-05 1.27e-05 4.4e-06 8.55e-06 1.73e-05 6.15e-06 1.35e-05 8.2e-06 8.15e-06 8e-07 1.56e-05 1.1e-05 1.3e-06 2.235e-05 1.725e-05 5.05e-06 1.36e-05 1.095e-05 6.35e-06 2.04e-05 6.25e-06 1.275e-05 1.15e-05 2.235e-05 1.485e-05 5e-06 6.4e-06
45 2.585e-05 2.605e-05 2.825e-05 1.085e-05 2.53e-05 2.24e-05 2.57e-05 1.055e-05 1.105e-05 2.24e-05 2.18e-05 1.465e-05 1.255e-05 2.005e-05 2.42e-05 1.51e-05 1.605e-05 1.15e-05 1.25e-05 1.035e-05 2.14e-05 2.8e-06 2.485e-05 2.165e-05 1.79e-05 2.595e-05 1.285e-05 2.92e-05 2.655e-05 1.435e-05 2.245e-05 1.135e-05 1.155e-05 1.335e-05 2.56e-05 2.93e-05 1.3e-05 2.16e-05 1.205e-05 2.925e-05 2.92e-05 2.245e-05 1.465e-05 1.285e-05 2.235e-05 0.0 1.41e-05 2.575e-05 2.29e-05 2.625e-05 2.17e-05 1.385e-05 2.135e-05 1.34e-05 3.175e-05 0.0 1.6e-05 2.57e-05 2.14e-05
46 1.64e-05 2.095e-05 1.96e-05 1.1e-05 1.575e-05 1.73e-05 2.06e-05 1.115e-05 1.555e-05 1.73e-05 1.26e-05 1.915e-05 1.57e-05 1.475e-05 1.91e-05 1.95e-05 1.965e-05 1.15e-05 1.61e-05 1.04e-05 1.21e-05 1.51e-05 1.535e-05 1.21e-05 1.76e-05 2.1e-05 1.645e-05 2.425e-05 2.07e-05 1.435e-05 1.735e-05 1.155e-05 1.595e-05 1.62e-05 2.05e-05 2.435e-05 1.23e-05 1.205e-05 1.58e-05 2.415e-05 2.41e-05 1.735e-05 1.93e-05 1.645e-05 1.725e-05 1.41e-05 1.32e-05 2.08e-05 9.2e-06 1.685e-05 1.215e-05 1.395e-05 1.19e-05 1.625e-05 2.345e-05 1.41e-05 1.975e-05 2.075e-05 1.185e-05
47 1.105e-05 5.1e-06 7.45e-06 2.075e-05 1.035e-05 5.1e-06 4.6e-06 2.04e-05 1.515e-05 4.95e-06 1.1e-05 1.52e-05 1.685e-05 6.75e-06 4.5e-06 1.54e-05 1.505e-05 2.14e-05 1.505e-05 2.055e-05 1.045e-05 2.545e-05 9.85e-06 1.035e-05 1.7e-05 4.95e-06 1.555e-05 4.5e-06 6.4e-06 2.065e-05 5.05e-06 2.155e-05 1.54e-05 1.685e-05 4.6e-06 4.55e-06 2.13e-05 1.03e-05 1.71e-05 4.6e-06 4.55e-06 5.15e-06 1.515e-05 1.555e-05 5.05e-06 2.575e-05 2.08e-05 8.9e-06 1.725e-05 1.095e-05 1.035e-05 2.04e-05 1.01e-05 1.69e-05 7.85e-06 2.575e-05 1.495e-05 4.5e-06 9.95e-06
48 1.04e-05 1.73e-05 1.395e-05 1.335e-05 1.195e-05 1.365e-05 1.695e-05 1.375e-05 1.81e-05 1.365e-05 6.85e-06 2.17e-05 1.605e-05 1.11e-05 1.54e-05 2.195e-05 2.17e-05 1.17e-05 1.815e-05 1.285e-05 8.7e-06 2.29e-05 1.145e-05 8.35e-06 1.975e-05 1.75e-05 1.855e-05 2.07e-05 1.51e-05 1.66e-05 1.37e-05 1.165e-05 1.84e-05 1.635e-05 1.68e-05 2.08e-05 1.17e-05 8.3e-06 1.645e-05 2.045e-05 2.04e-05 1.37e-05 2.2e-05 1.855e-05 1.36e-05 2.29e-05 9.2e-06 1.725e-05 8e-07 1.05e-05 8.4e-06 1.63e-05 8.1e-06 1.64e-05 1.795e-05 2.29e-05 2.195e-05 1.72e-05 8.05e-06
49 1.08e-05 1.09e-05 1.055e-05 1.88e-05 1.105e-05 1.1e-05 1.05e-05 1.885e-05 1.835e-05 1.095e-05 1.08e-05 1.83e-05 1.825e-05 1.08e-05 1.05e-05 1.85e-05 1.81e-05 1.835e-05 1.815e-05 1.855e-05 1.135e-05 2.575e-05 1.055e-05 1.105e-05 1.815e-05 1.13e-05 1.865e-05 1.075e-05 1.055e-05 1.865e-05 1.085e-05 1.85e-05 1.86e-05 1.83e-05 1.04e-05 1.085e-05 1.8e-05 1.1e-05 1.865e-05 1.03e-05 1.025e-05 1.105e-05 1.88e-05 1.865e-05 1.095e-05 2.625e-05 1.685e-05 1.095e-05 1.05e-05 2.05e-05 1.095e-05 1.84e-05 1.08e-05 1.835e-05 1.1e-05 2.625e-05 1.85e-05 1.09e-05 1.06e-05
50 1.09e-05 9.85e-06 1.1e-05 1.395e-05 9.75e-06 6.4e-06 9.8e-06 1.4e-05 1.4e-05 6.35e-06 7.35e-06 1.75e-05 1.475e-05 6.3e-06 8.35e-06 1.74e-05 1.705e-05 1.485e-05 1.355e-05 1.39e-05 6.45e-06 2.07e-05 9.75e-06 6.15e-06 1.705e-05 1.025e-05 1.36e-05 1.37e-05 1.08e-05 1.735e-05 6.35e-06 1.5e-05 1.395e-05 1.455e-05 9.8e-06 1.375e-05 1.46e-05 6.1e-06 1.515e-05 1.32e-05 1.32e-05 6.45e-06 1.8e-05 1.36e-05 6.35e-06 2.17e-05 1.215e-05 1.035e-05 8.4e-06 1.095e-05 1.2e-05 1.74e-05 6.35e-06 1.46e-05 1.495e-05 2.17e-05 1.745e-05 1.03e-05 6.2e-06
51 1.8e-05 2.055e-05 2.105e-05 1.445e-05 1.74e-05 2.045e-05 2.025e-05 1.455e-05 1.7e-05 2.05e-05 1.78e-05 1.705e-05 1.775e-05 1.8e-05 2.02e-05 1.735e-05 1.775e-05 1.505e-05 1.775e-05 1.395e-05 1.74e-05 1.525e-05 1.695e-05 1.735e-05 1.765e-05 2.06e-05 1.81e-05 2.03e-05 2.075e-05 1.42e-05 2.05e-05 1.5e-05 1.735e-05 1.83e-05 2.01e-05 2.04e-05 1.59e-05 1.73e-05 1.77e-05 2.02e-05 2.015e-05 2.05e-05 1.72e-05 1.81e-05 2.04e-05 1.385e-05 1.395e-05 2.04e-05 1.63e-05 1.84e-05 1.74e-05 2.77e-05 1.71e-05 1.835e-05 2.12e-05 1.385e-05 1.785e-05 2.035e-05 1.71e-05
52 1.06e-05 1.01e-05 1.075e-05 1.405e-05 9.8e-06 6.35e-06 9.8e-06 1.4e-05 1.375e-05 6.45e-06 7.05e-06 1.735e-05 1.445e-05 6e-06 8.25e-06 1.76e-05 1.73e-05 1.465e-05 1.375e-05 1.355e-05 6.55e-06 2.125e-05 9.3e-06 6.25e-06 1.72e-05 1.03e-05 1.41e-05 1.355e-05 1.065e-05 1.74e-05 6.45e-06 1.47e-05 1.405e-05 1.465e-05 9.5e-06 1.365e-05 1.475e-05 6.2e-06 1.48e-05 1.33e-05 1.325e-05 6.4e-06 1.765e-05 1.41e-05 6.25e-06 2.135e-05 1.19e-05 1.01e-05 8.1e-06 1.08e-05 6.35e-06 1.71e-05 1.15e-05 1.47e-05 1.465e-05 2.135e-05 1.755e-05 1.005e-05 6e-06
53 1.81e-05 1.645e-05 1.795e-05 1.49e-05 1.81e-05 1.28e-05 1.655e-05 1.48e-05 1.32e-05 1.29e-05 1.45e-05 1.675e-05 1.25e-05 1.295e-05 1.505e-05 1.66e-05 1.615e-05 1.48e-05 1.26e-05 1.49e-05 1.48e-05 1.22e-05 1.805e-05 1.45e-05 1.755e-05 1.665e-05 1.25e-05 2.03e-05 1.61e-05 1.825e-05 1.29e-05 1.485e-05 1.31e-05 1.22e-05 1.64e-05 2.04e-05 1.445e-05 1.445e-05 1.29e-05 2.005e-05 2e-05 1.285e-05 1.705e-05 1.25e-05 1.275e-05 1.34e-05 1.625e-05 1.69e-05 1.64e-05 1.835e-05 1.46e-05 1.835e-05 1.47e-05 2.44e-05 2.185e-05 1.34e-05 1.64e-05 1.685e-05 1.47e-05
54 1.12e-05 8e-06 7.55e-06 2.505e-05 1.135e-05 1.155e-05 7.75e-06 2.47e-05 2.15e-05 1.165e-05 1.45e-05 1.79e-05 2.17e-05 1.31e-05 9.25e-06 1.805e-05 1.795e-05 2.485e-05 2.16e-05 2.49e-05 1.5e-05 3.185e-05 1.09e-05 1.49e-05 1.8e-05 8.05e-06 2.195e-05 4.1e-06 7.85e-06 2.14e-05 1.15e-05 2.49e-05 2.17e-05 2.18e-05 7.55e-06 4.2e-06 2.49e-05 1.485e-05 2.185e-05 4e-06 3.95e-06 1.16e-05 1.805e-05 2.195e-05 1.15e-05 3.175e-05 2.345e-05 7.85e-06 1.795e-05 1.1e-05 1.495e-05 2.12e-05 1.465e-05 2.185e-05 7.5e-06 3.175e-05 1.805e-05 7.8e-06 1.455e-05
55 2.585e-05 2.605e-05 2.825e-05 1.085e-05 2.53e-05 2.24e-05 2.57e-05 1.055e-05 1.105e-05 2.24e-05 2.18e-05 1.465e-05 1.255e-05 2.005e-05 2.42e-05 1.51e-05 1.605e-05 1.15e-05 1.25e-05 1.035e-05 2.14e-05 2.8e-06 2.485e-05 2.165e-05 1.79e-05 2.595e-05 1.285e-05 2.92e-05 2.655e-05 1.435e-05 2.245e-05 1.135e-05 1.155e-05 1.335e-05 2.56e-05 2.93e-05 1.3e-05 2.16e-05 1.205e-05 2.925e-05 2.92e-05 2.245e-05 1.465e-05 1.285e-05 2.235e-05 0.0 1.41e-05 2.575e-05 2.29e-05 2.625e-05 2.17e-05 1.385e-05 2.135e-05 1.34e-05 3.175e-05 0.0 1.6e-05 2.57e-05 2.14e-05
56 1.85e-05 1.495e-05 1.775e-05 1.78e-05 1.735e-05 1.49e-05 1.51e-05 1.76e-05 1.555e-05 1.505e-05 1.84e-05 1.55e-05 1.69e-05 1.54e-05 1.51e-05 1.53e-05 1.48e-05 1.895e-05 1.49e-05 1.8e-05 1.745e-05 1.46e-05 1.73e-05 1.735e-05 1.665e-05 1.47e-05 1.48e-05 1.475e-05 1.65e-05 1.77e-05 1.495e-05 1.9e-05 1.54e-05 1.635e-05 1.49e-05 1.485e-05 1.835e-05 1.73e-05 1.715e-05 1.495e-05 1.49e-05 1.495e-05 1.535e-05 1.48e-05 1.485e-05 1.6e-05 1.975e-05 1.495e-05 2.195e-05 1.85e-05 1.745e-05 1.785e-05 1.755e-05 1.64e-05 1.805e-05 1.6e-05 2.92e-05 1.49e-05 1.75e-05
57 1.1e-05 5.05e-06 7.4e-06 2.07e-05 1.03e-05 5.05e-06 4.65e-06 2.035e-05 1.505e-05 5e-06 1.095e-05 1.515e-05 1.68e-05 6.7e-06 4.5e-06 1.535e-05 1.5e-05 2.135e-05 1.495e-05 2.05e-05 1.04e-05 2.54e-05 9.8e-06 1.03e-05 1.695e-05 4.9e-06 1.55e-05 4.45e-06 6.35e-06 2.06e-05 5e-06 2.15e-05 1.53e-05 1.68e-05 4.55e-06 4.5e-06 2.125e-05 1.025e-05 1.705e-05 4.55e-06 4.5e-06 5.1e-06 1.51e-05 1.55e-05 5e-06 2.57e-05 2.075e-05 4.5e-06 1.72e-05 1.09e-05 1.03e-05 2.035e-05 1.005e-05 1.685e-05 7.8e-06 2.57e-05 1.49e-05 8.8e-06 9.9e-06
58 1.06e-05 9.95e-06 1.06e-05 1.405e-05 9.85e-06 6.45e-06 9.5e-06 1.405e-05 1.365e-05 6.35e-06 7.05e-06 1.72e-05 1.445e-05 6e-06 8e-06 1.745e-05 1.71e-05 1.455e-05 1.36e-05 1.36e-05 6.55e-06 2.12e-05 9.4e-06 6.25e-06 1.71e-05 1.03e-05 1.41e-05 1.335e-05 1.05e-05 1.74e-05 6.35e-06 1.47e-05 1.395e-05 1.465e-05 9.45e-06 1.345e-05 1.465e-05 6.2e-06 1.485e-05 1.295e-05 1.29e-05 6.5e-06 1.765e-05 1.41e-05 6.4e-06 2.14e-05 1.185e-05 9.95e-06 8.05e-06 1.06e-05 6.2e-06 1.71e-05 6e-06 1.47e-05 1.455e-05 2.14e-05 1.75e-05 9.9e-06 1.14e-05
