 slim_761905648 slim_761905660 slim_761905683 slim_761905652 slim_761905665 slim_761905692 slim_761905671 slim_761905686 slim_761905661 slim_761905691 slim_761905658 slim_761905675 slim_761905670 slim_761905678 slim_761905654 slim_761905682 slim_761905685 slim_761905651 slim_761905690 slim_761905684 slim_761905677 slim_761905689 slim_761905676 slim_761905655 slim_761905645 slim_761905687 slim_761905694 slim_761905680 slim_761905668 slim_761905666 slim_761905646 slim_761905662 slim_761905656 slim_761905667 slim_761905657 slim_761905663 slim_761905672 slim_761905650 slim_761905681 slim_761905693 slim_761905659 slim_761905688 slim_761905674 slim_761905664 slim_761905653 slim_761905649 slim_761905669 slim_761905673 slim_761905647 slim_761905679 slim_761905695
0 0.0001648 0.00015335 0.0001277 0.00014285 0.0001664 0.0001552 0.00013365 0.00013625 0.00011455 0.0001533 0.00015525 0.0001512 0.0001275 0.00015995 0.0001508 0.0001168 0.0001597 0.00013355 0.00015705 0.0001188 0.0001233 0.0001737 8.75e-05 0.0001405 0.0001731 0.00011885 0.0001313 0.00016175 8.87e-05 0.00017595 0.00013835 0.00015945 0.0001723 0.0001237 0.0001294 0.00013245 0.0001249 0.0001585 0.0001236 0.0001285 0.000153 0.0001329 0.00011255 0.000114 0.0001175 0.00016225 0.0001323 0.0001272 0.0001282 0.0001231 0.00015605
1 0.00015335 0.0001385 0.0001761 0.0001696 0.00015135 0.00013705 0.00017215 0.00014405 0.0001395 6.925e-05 0.0001488 0.00012545 0.0001746 9.36e-05 0.00012 0.000161 0.00010315 0.00017205 0.0001265 0.00013605 0.0001022 0.00014895 0.0001514 0.000148 0.00017465 0.0001361 0.0001758 0.0001198 0.0001526 0.00011925 0.00012175 0.00012185 0.0001128 0.0001711 0.0001619 0.0001527 0.0001723 0.00016595 0.00017355 0.00017405 0.0001401 0.0001705 0.0001206 0.0001496 0.0001185 0.00015775 0.0001698 0.00015345 0.0001607 0.00014435 0.00016025
2 0.0001277 0.0001761 0.0001076 0.00011825 0.00016 0.0001797 8.505e-05 0.00011435 0.00010975 0.00017605 0.0001246 0.00011375 7.16e-05 0.00017425 0.00013935 0.0001429 0.00017905 8.5e-05 0.00017665 0.0001349 0.00013425 0.0001613 7.285e-05 0.0001029 0.00014705 0.00013495 0.00011985 0.00016095 7.2e-05 0.000165 0.00012915 0.00014335 0.0001633 8.2e-05 8.685e-05 0.00012855 8.11e-05 0.0001499 5.47e-05 0.0001399 0.00013675 0.00010575 0.00016965 0.00017135 0.00011465 0.0001686 0.0001131 0.00013035 8.77e-05 0.00010495 0.00011705
3 0.00014285 0.0001696 0.00011825 6.23e-05 0.00017215 0.00017335 9.735e-05 0.0001376 0.00013435 0.00016955 0.0001426 0.0001501 0.00011065 0.00016965 0.00014215 0.00015415 0.0001738 9.725e-05 0.0001452 0.00014045 0.0001409 0.0001462 0.0001059 0.0001533 0.0001217 0.0001405 0.00012845 0.00017215 0.00010415 0.000177 0.0001216 0.0001736 0.000177 0.00013865 0.0001124 0.0001637 0.0001369 9.255e-05 0.0001225 0.00013425 0.0001277 0.0001369 0.00017165 0.00017775 0.00013455 0.0001747 0.0001344 0.00013605 0.00011415 0.0001158 7.965e-05
4 0.0001664 0.00015135 0.00016 0.00017215 0.0001756 8.78e-05 0.0001667 0.0001669 0.0001471 0.0001513 0.000148 0.00015565 0.0001684 0.00016275 0.00013735 0.00015995 0.00012095 0.0001666 0.0001339 0.0001217 0.00015485 0.00013475 0.00015575 0.0001428 0.0001302 0.00012175 0.0001371 0.0001311 0.0001562 0.0001396 0.0001338 0.0001329 0.00013525 0.00013385 0.0001571 0.0001438 0.0001343 0.0001403 0.0001585 0.0001773 0.00015285 0.0001404 0.000163 0.00016565 0.0001522 9.355e-05 0.000167 0.00016685 0.00015665 0.0001565 0.00016565
5 0.0001552 0.00013705 0.0001797 0.00017335 8.78e-05 0.0 0.0001768 0.00017965 0.00015955 0.000137 0.0001827 0.00016025 0.00017975 0.0001604 0.00015065 0.0001757 6.84e-05 0.0001767 9.69e-05 7.045e-05 0.00013885 0.0001191 0.00015795 0.00015525 0.0001096 7.05e-05 0.0001129 0.0001496 0.0001583 0.0001669 0.0001473 0.0001607 0.0001599 0.00017985 0.00018145 0.00015535 0.0001802 0.0001056 0.00017825 0.000174 0.00015695 0.00015405 0.0001535 0.0001511 0.0001561 3.83e-05 0.00017525 0.0001582 0.0001811 0.00016405 0.0001832
6 0.00013365 0.00017215 8.505e-05 9.735e-05 0.0001667 0.0001768 0.0001678 0.00013035 0.0001219 0.0001721 0.0001366 0.0001263 8.485e-05 0.0001718 0.0001483 0.00015325 0.00017615 8.395e-05 0.0001588 0.0001381 0.00013745 0.00015345 9.165e-05 0.00011715 0.00013885 0.00013815 0.00012415 0.0001666 9.26e-05 0.00017295 0.000137 0.0001567 0.00017155 0.00011095 0.0001073 0.00014325 0.0001119 0.0001247 8.39e-05 0.000126 0.00014295 0.00012565 0.00016845 0.00017255 0.0001263 0.00017075 0.00012695 0.0001347 0.00010635 0.0001141 0.00010725
7 0.00013625 0.00014405 0.00011435 0.0001376 0.0001669 0.00017965 0.00013035 0.0001693 0.00010865 0.000144 0.0001371 0.00016005 0.00012175 0.0001306 0.00011765 0.0001371 0.00014555 0.00013025 0.0001798 0.00014005 0.00010595 0.00013905 9.255e-05 0.00013695 0.0001685 0.0001401 0.00013325 0.00017135 9.255e-05 0.0001193 0.00011235 0.00012445 0.00012175 0.0001111 0.000121 0.00014525 0.00011115 0.0001651 0.0001118 0.000174 0.0001541 0.00012525 0.00017445 0.0001738 0.0001306 0.0001722 0.0001179 0.0001258 0.000121 0.0001289 0.000151
8 0.00011455 0.0001395 0.00010975 0.00013435 0.0001471 0.00015955 0.0001219 0.00010865 0.0001469 0.00013945 0.0001101 0.000147 0.0001172 0.0001461 0.0001142 0.0001426 0.00014295 0.0001218 0.00016545 0.0001165 9.99e-05 0.0001475 7.37e-05 0.00012895 0.00016135 0.00011655 0.00012775 0.0001529 7.555e-05 0.0001487 0.0001077 0.00013075 0.00014435 0.0001046 0.00011215 0.00013105 0.00010645 0.00015935 0.0001059 0.0001627 0.00014105 0.00011135 0.00015425 0.0001561 0.00011325 0.0001529 0.00012055 0.0001203 0.0001103 0.00011005 0.00014345
9 0.0001533 6.925e-05 0.00017605 0.00016955 0.0001513 0.000137 0.0001721 0.000144 0.00013945 0.0001384 0.00014875 0.0001254 0.00017455 9.355e-05 0.00012 0.00016095 0.00010315 0.000172 0.00012645 0.000136 0.00010215 0.0001489 0.00015135 0.000148 0.0001746 0.00013605 0.00017575 0.00011975 0.00015255 0.0001192 0.00012175 0.0001218 0.0001128 0.00017105 0.00016185 0.00015265 0.00017225 0.0001659 0.0001735 0.000174 0.00014005 0.00017045 0.00012055 0.00014955 0.00011845 0.0001577 0.00016975 0.0001534 0.00016065 0.0001443 0.0001602
10 0.00015525 0.0001488 0.0001246 0.0001426 0.000148 0.0001827 0.0001366 0.0001371 0.0001101 0.00014875 0.0001328 0.00013555 0.0001431 0.00014825 0.0001286 0.00014765 0.00016835 0.0001365 0.00016065 0.0001682 0.00015385 0.00014325 0.0001367 0.00015035 0.000135 0.00016825 0.00015465 0.00013695 0.00013745 0.00015135 0.00013525 0.0001436 0.00014965 0.0001265 9.38e-05 0.00015385 0.00012725 0.0001656 0.0001246 0.0001551 0.000118 0.0001204 0.0001503 0.00016775 0.0001316 0.0001648 0.0001455 0.0001625 9.305e-05 0.00011005 0.00010455
11 0.0001512 0.00012545 0.00011375 0.0001501 0.00015565 0.00016025 0.0001263 0.00016005 0.000147 0.0001254 0.00013555 0.0001797 0.00012285 0.00013635 0.0001536 0.00016145 0.0001606 0.00012625 0.0001356 0.00014925 0.0001496 0.0001713 0.00013745 0.0001253 0.00015265 0.0001493 0.00016025 0.00012075 0.00013775 0.0001655 0.0001505 0.00015205 0.00016175 0.00013995 0.0001263 0.00014505 0.00014025 0.0001563 0.0001144 0.00014005 0.00013245 0.0001494 0.00012715 0.00015685 0.00011325 0.00016515 0.0001538 0.0001546 0.000126 0.0001268 0.0001264
12 0.0001275 0.0001746 7.16e-05 0.00011065 0.0001684 0.00017975 8.485e-05 0.00012175 0.0001172 0.00017455 0.0001431 0.00012285 0.0001371 0.0001732 0.0001473 0.0001515 0.00017865 8.475e-05 0.0001665 0.000134 0.0001329 0.0001606 7.93e-05 0.00010985 0.00014955 0.00013405 0.00011885 0.00016825 7.845e-05 0.00017215 0.0001371 0.0001503 0.00017075 9.675e-05 0.00010435 0.00013705 9.59e-05 0.00013285 6.945e-05 0.000133 0.000148 0.00011685 0.0001693 0.0001732 0.00012095 0.00017235 0.000121 0.00012995 0.0001052 0.00011415 0.00011955
13 0.00015995 9.36e-05 0.00017425 0.00016965 0.00016275 0.0001604 0.0001718 0.0001306 0.0001461 9.355e-05 0.00014825 0.00013635 0.0001732 0.0001858 0.0001321 0.00015585 0.0001273 0.0001717 0.00013895 0.0001546 0.0001215 0.00014925 0.00015735 0.00015955 0.0001743 0.00015465 0.00017385 0.00013135 0.00015855 0.00012 0.0001339 0.00013335 0.0001204 0.00016925 0.0001607 0.00016195 0.00017045 0.0001717 0.0001717 0.00017435 0.00015 0.0001691 0.00013215 0.0001595 0.0001294 0.00016895 0.0001588 0.00015025 0.0001595 0.00015095 0.00016055
14 0.0001508 0.00012 0.00013935 0.00014215 0.00013735 0.00015065 0.0001483 0.00011765 0.0001142 0.00012 0.0001286 0.0001536 0.0001473 0.0001321 0.0001695 0.00014425 0.00012135 0.0001482 0.0001635 0.0001357 0.00010645 0.0001356 0.0001209 0.0001397 0.000161 0.00013575 0.0001511 0.00014885 0.00011985 0.00011715 8.59e-05 0.0001198 0.00011275 0.0001343 0.00013425 0.00015265 0.00013325 0.00015825 0.0001389 0.00017815 0.00013935 0.00012735 0.0001645 0.00016945 0.00013445 0.0001482 0.0001457 0.00014555 0.0001353 0.00013515 0.00014825
15 0.0001168 0.000161 0.0001429 0.00015415 0.00015995 0.0001757 0.00015325 0.0001371 0.0001426 0.00016095 0.00014765 0.00016145 0.0001515 0.00015585 0.00014425 0.0001792 0.000169 0.00015315 0.0001693 0.00015985 0.00015315 0.00015925 0.00013185 0.0001594 0.0001713 0.0001599 0.000148 0.0001593 0.00013305 0.00014165 0.00013185 0.0001525 0.00014065 0.00013125 0.0001381 0.0001534 0.00013245 0.00016825 0.0001393 0.0001381 0.00015555 0.00014375 0.00012475 0.000125 0.00013965 0.00016965 0.00014675 0.0001589 0.0001369 0.00014905 0.00015725
16 0.0001597 0.00010315 0.00017905 0.0001738 0.00012095 6.84e-05 0.00017615 0.00014555 0.00014295 0.00010315 0.00016835 0.0001606 0.00017865 0.0001273 0.00012135 0.000169 0.0001368 0.00017605 0.0001299 0.0001032 0.00010325 0.00011955 0.00015505 0.00014855 0.0001477 0.00010325 0.00014565 0.00015595 0.00015615 0.0001221 0.0001246 0.00012525 0.00011505 0.0001771 0.00018155 0.00015805 0.0001782 0.00013855 0.0001764 0.00018075 0.0001596 0.00016645 0.00015975 0.00015825 0.00015495 9.85e-05 0.0001752 0.00015815 0.00018045 0.0001634 0.00018275
17 0.00013355 0.00017205 8.5e-05 9.725e-05 0.0001666 0.0001767 8.395e-05 0.00013025 0.0001218 0.000172 0.0001365 0.00012625 8.475e-05 0.0001717 0.0001482 0.00015315 0.00017605 0.0001676 0.0001587 0.000138 0.00013735 0.00015335 9.155e-05 0.00011705 0.00013875 0.00013805 0.00012405 0.0001665 9.25e-05 0.00017285 0.0001369 0.0001566 0.00017145 0.00011085 0.0001072 0.00014315 0.0001118 0.0001246 8.38e-05 0.00012585 0.00014285 0.00012555 0.00016835 0.00017245 0.0001262 0.00017065 0.00012685 0.0001346 0.00010625 0.000114 0.00010715
18 0.00015705 0.0001265 0.00017665 0.0001452 0.0001339 9.69e-05 0.0001588 0.0001798 0.00016545 0.00012645 0.00016065 0.0001356 0.0001665 0.00013895 0.0001635 0.0001693 0.0001299 0.0001587 0.0001802 0.0001252 0.0001582 0.00013595 0.0001622 0.00016745 0.0001222 0.00012525 0.0001373 0.00012575 0.00016265 0.0001749 0.00015865 0.00017005 0.00017145 0.0001741 0.00015785 0.00016145 0.00017455 0.000117 0.00017565 0.0001536 0.0001447 0.00015905 0.0001255 0.0001542 0.0001305 0.0001125 0.0001696 0.0001609 0.0001574 0.0001487 0.0001425
19 0.0001188 0.00013605 0.0001349 0.00014045 0.0001217 7.045e-05 0.0001381 0.00014005 0.0001165 0.000136 0.0001682 0.00014925 0.000134 0.0001546 0.0001357 0.00015985 0.0001032 0.000138 0.0001252 0.0001409 0.0001032 0.00014465 8.76e-05 0.00013185 0.00013785 7.05e-05 0.00010875 0.0001534 8.87e-05 0.00016485 0.0001226 0.00014725 0.00015785 0.0001317 0.0001404 0.00013215 0.0001328 0.0001242 0.00013175 0.00016925 0.00014265 0.00012835 0.00015175 0.0001505 0.0001204 9.635e-05 0.00013605 0.0001189 0.0001393 0.00012215 0.0001599
20 0.0001233 0.0001022 0.00013425 0.0001409 0.00015485 0.00013885 0.00013745 0.00010595 9.99e-05 0.00010215 0.00015385 0.0001496 0.0001329 0.0001215 0.00010645 0.00015315 0.00010325 0.00013735 0.0001582 0.0001032 0.0001351 0.0001451 8.47e-05 0.0001252 0.00017595 0.00010325 0.0001415 0.00015975 8.655e-05 0.00012005 9.995e-05 0.00011175 0.00011305 0.00012895 0.0001405 0.00013485 0.0001308 0.00015715 0.0001299 0.000176 0.0001453 0.00014075 0.000158 0.00015765 0.00011925 0.00015655 0.000136 0.00011885 0.00013865 0.0001215 0.00015945
21 0.0001737 0.00014895 0.0001613 0.0001462 0.00013475 0.0001191 0.00015345 0.00013905 0.0001475 0.0001489 0.00014325 0.0001713 0.0001606 0.00014925 0.0001356 0.00015925 0.00011955 0.00015335 0.00013595 0.00014465 0.0001451 0.000188 0.0001627 0.0001659 0.00012135 0.0001447 0.0001324 0.0001644 0.0001638 0.0001346 0.00013885 0.00014255 0.0001332 0.0001602 0.00015955 0.0001727 0.0001613 0.0001271 0.0001595 0.0001644 0.00016915 0.0001496 0.00017765 0.00017925 0.0001665 0.00011545 0.00016515 0.00017265 0.00015845 0.00016595 0.00015495
22 8.75e-05 0.0001514 7.285e-05 0.0001059 0.00015575 0.00015795 9.165e-05 9.255e-05 7.37e-05 0.00015135 0.0001367 0.00013745 7.93e-05 0.00015735 0.0001209 0.00013185 0.00015505 9.155e-05 0.0001622 8.76e-05 8.47e-05 0.0001627 3.45e-05 0.00010835 0.0001586 8.765e-05 9.715e-05 0.00015665 1.91e-05 0.00016005 9.81e-05 0.0001337 0.0001557 6.63e-05 8.21e-05 0.00010885 6.815e-05 0.00014565 6.8e-05 0.00016185 0.00012825 8.955e-05 0.0001543 0.0001549 8.39e-05 0.00015845 8.895e-05 8.895e-05 8.025e-05 8.025e-05 0.00012885
23 0.0001405 0.000148 0.0001029 0.0001533 0.0001428 0.00015525 0.00011715 0.00013695 0.00012895 0.000148 0.00015035 0.0001253 0.00010985 0.00015955 0.0001397 0.0001594 0.00014855 0.00011705 0.00016745 0.00013185 0.0001252 0.0001659 0.00010835 0.0001705 0.00016315 0.0001319 0.00014555 0.00014615 0.00010865 0.0001389 0.0001379 0.00012845 0.0001345 0.00011165 0.00013005 0.0001236 0.00011195 0.0001617 0.0001001 0.00014925 0.00015475 0.0001374 0.00016345 0.0001672 0.00013115 0.00015995 0.0001423 0.0001424 0.00012975 0.00012985 0.00015025
24 0.0001731 0.00017465 0.00014705 0.0001217 0.0001302 0.0001096 0.00013885 0.0001685 0.00016135 0.0001746 0.000135 0.00015265 0.00014955 0.0001743 0.000161 0.0001713 0.0001477 0.00013875 0.0001222 0.00013785 0.00017595 0.00012135 0.0001586 0.00016315 0.0001164 0.0001379 0.00012505 0.00015685 0.00015895 0.00017545 0.00015945 0.00017245 0.00017405 0.00015515 0.0001326 0.000168 0.0001555 0.0001111 0.0001492 0.0001533 0.0001449 0.000129 0.0001719 0.00018165 0.00015725 0.00010445 0.00016045 0.00016795 0.00013225 0.00013975 0.00011955
25 0.00011885 0.0001361 0.00013495 0.0001405 0.00012175 7.05e-05 0.00013815 0.0001401 0.00011655 0.00013605 0.00016825 0.0001493 0.00013405 0.00015465 0.00013575 0.0001599 0.00010325 0.00013805 0.00012525 7.05e-05 0.00010325 0.0001447 8.765e-05 0.0001319 0.0001379 0.000141 0.0001088 0.00015345 8.875e-05 0.0001649 0.00012265 0.0001473 0.0001579 0.00013175 0.00014045 0.0001322 0.00013285 0.00012425 0.0001318 0.0001693 0.0001427 0.0001284 0.0001518 0.00015055 0.00012045 9.64e-05 0.0001361 0.00011895 0.00013935 0.0001222 0.00015995
26 0.0001313 0.0001758 0.00011985 0.00012845 0.0001371 0.0001129 0.00012415 0.00013325 0.00012775 0.00017575 0.00015465 0.00016025 0.00011885 0.00017385 0.0001511 0.000148 0.00014565 0.00012405 0.0001373 0.00010875 0.0001415 0.0001324 9.715e-05 0.00014555 0.00012505 0.0001088 0.0001794 0.0001661 9.825e-05 0.0001732 0.00013805 0.00016095 0.0001718 0.00011665 0.00012515 0.0001438 0.00011775 0.0001178 0.0001167 0.00015825 0.0001541 0.00011815 0.0001657 0.0001651 0.0001314 0.0001149 0.0001288 0.00013625 0.00012405 0.0001315 0.00014575
27 0.00016175 0.0001198 0.00016095 0.00017215 0.0001311 0.0001496 0.0001666 0.00017135 0.0001529 0.00011975 0.00013695 0.00012075 0.00016825 0.00013135 0.00014885 0.0001593 0.00015595 0.0001665 0.00012575 0.0001534 0.00015975 0.0001644 0.00015665 0.00014615 0.00015685 0.00015345 0.0001661 0.0001544 0.0001572 0.0001503 0.0001438 0.0001482 0.00014655 0.00014515 0.00014125 0.00012455 0.0001457 0.00016815 0.00015955 0.00017165 0.0001214 0.00014965 0.0001219 0.00014005 0.00011665 0.00015055 0.00016235 0.0001629 0.0001407 0.00014125 0.00014855
28 8.87e-05 0.0001526 7.2e-05 0.00010415 0.0001562 0.0001583 9.26e-05 9.255e-05 7.555e-05 0.00015255 0.00013745 0.00013775 7.845e-05 0.00015855 0.00011985 0.00013305 0.00015615 9.25e-05 0.00016265 8.87e-05 8.655e-05 0.0001638 1.91e-05 0.00010865 0.00015895 8.875e-05 9.825e-05 0.0001572 3.82e-05 0.00016125 9.815e-05 0.0001349 0.0001569 6.75e-05 8.1e-05 0.00011005 6.755e-05 0.00014495 6.895e-05 0.00016215 0.0001272 8.85e-05 0.00015485 0.0001561 8.51e-05 0.0001588 8.97e-05 8.97e-05 8.1e-05 8.1e-05 0.0001278
29 0.00017595 0.00011925 0.000165 0.000177 0.0001396 0.0001669 0.00017295 0.0001193 0.0001487 0.0001192 0.00015135 0.0001655 0.00017215 0.00012 0.00011715 0.00014165 0.0001221 0.00017285 0.0001749 0.00016485 0.00012005 0.0001346 0.00016005 0.0001389 0.00017545 0.0001649 0.0001732 0.0001503 0.00016125 0.0001438 0.0001202 9.805e-05 7.46e-05 0.0001381 0.0001639 0.0001529 0.0001393 0.0001804 0.0001618 0.0001888 0.0001643 0.0001647 0.00017525 0.00017705 0.0001592 0.0001674 0.00016465 0.0001674 0.0001627 0.00016545 0.0001745
30 0.00013835 0.00012175 0.00012915 0.0001216 0.0001338 0.0001473 0.000137 0.00011235 0.0001077 0.00012175 0.00013525 0.0001505 0.0001371 0.0001339 8.59e-05 0.00013185 0.0001246 0.0001369 0.00015865 0.0001226 9.995e-05 0.00013885 9.81e-05 0.0001379 0.00015945 0.00012265 0.00013805 0.0001438 9.815e-05 0.0001202 0.0001284 0.00012285 0.0001158 0.00012105 0.0001257 0.00014565 0.0001211 0.0001463 0.0001276 0.0001772 0.0001308 0.0001188 0.0001603 0.0001633 0.0001199 0.00014485 0.00013175 0.00013155 0.00012565 0.00012545 0.0001397
31 0.00015945 0.00012185 0.00014335 0.0001736 0.0001329 0.0001607 0.0001567 0.00012445 0.00013075 0.0001218 0.0001436 0.00015205 0.0001503 0.00013335 0.0001198 0.0001525 0.00012525 0.0001566 0.00017005 0.00014725 0.00011175 0.00014255 0.0001337 0.00012845 0.00017245 0.0001473 0.00016095 0.0001482 0.0001349 9.805e-05 0.00012285 0.0001794 9.37e-05 0.0001117 0.00014775 0.0001384 0.0001129 0.00017585 0.00013965 0.0001824 0.00015735 0.0001528 0.0001696 0.0001724 0.0001437 0.0001654 0.0001591 0.0001592 0.00014655 0.00014665 0.0001658
32 0.0001723 0.0001128 0.0001633 0.000177 0.00013525 0.0001599 0.00017155 0.00012175 0.00014435 0.0001128 0.00014965 0.00016175 0.00017075 0.0001204 0.00011275 0.00014065 0.00011505 0.00017145 0.00017145 0.00015785 0.00011305 0.0001332 0.0001557 0.0001345 0.00017405 0.0001579 0.0001718 0.00014655 0.0001569 7.46e-05 0.0001158 9.37e-05 0.0001404 0.0001364 0.0001622 0.00014855 0.0001376 0.0001793 0.0001601 0.0001881 0.00015995 0.00016445 0.0001722 0.0001734 0.00015545 0.0001645 0.0001672 0.0001673 0.000161 0.0001611 0.0001731
33 0.0001237 0.0001711 8.2e-05 0.00013865 0.00013385 0.00017985 0.00011095 0.0001111 0.0001046 0.00017105 0.0001265 0.00013995 9.675e-05 0.00016925 0.0001343 0.00013125 0.0001771 0.00011085 0.0001741 0.0001317 0.00012895 0.0001602 6.63e-05 0.00011165 0.00015515 0.00013175 0.00011665 0.00014515 6.75e-05 0.0001381 0.00012105 0.0001117 0.0001364 9.81e-05 8.94e-05 0.00011245 5.03e-05 0.0001644 7.78e-05 0.0001683 0.00014035 0.00010165 0.00016595 0.0001697 0.0001084 0.00016735 0.0001121 0.00012935 8.82e-05 0.00010545 0.00013525
34 0.0001294 0.0001619 8.685e-05 0.0001124 0.0001571 0.00018145 0.0001073 0.000121 0.00011215 0.00016185 9.38e-05 0.0001263 0.00010435 0.0001607 0.00013425 0.0001381 0.00018155 0.0001072 0.00015785 0.0001404 0.0001405 0.00015955 8.21e-05 0.00013005 0.0001326 0.00014045 0.00012515 0.00014125 8.1e-05 0.0001639 0.0001257 0.00014775 0.0001622 8.94e-05 0.0001253 0.00013285 8.835e-05 0.0001512 8.765e-05 0.00015455 0.00010415 9.755e-05 0.0001509 0.00016775 0.00010345 0.0001707 0.00011465 0.0001319 6.375e-05 8.1e-05 8.89e-05
35 0.00013245 0.0001527 0.00012855 0.0001637 0.0001438 0.00015535 0.00014325 0.00014525 0.00013105 0.00015265 0.00015385 0.00014505 0.00013705 0.00016195 0.00015265 0.0001534 0.00015805 0.00014315 0.00016145 0.00013215 0.00013485 0.0001727 0.00010885 0.0001236 0.000168 0.0001322 0.0001438 0.00012455 0.00011005 0.0001529 0.00014565 0.0001384 0.00014855 0.00011245 0.00013285 0.0001819 0.00011365 0.00017145 0.0001264 0.0001668 0.0001328 0.00013895 0.0001504 0.00012345 0.00012665 0.00016075 0.0001424 0.0001425 0.00013165 0.00013175 0.0001616
36 0.0001249 0.0001723 8.11e-05 0.0001369 0.0001343 0.0001802 0.0001119 0.00011115 0.00010645 0.00017225 0.00012725 0.00014025 9.59e-05 0.00017045 0.00013325 0.00013245 0.0001782 0.0001118 0.00017455 0.0001328 0.0001308 0.0001613 6.815e-05 0.00011195 0.0001555 0.00013285 0.00011775 0.0001457 6.755e-05 0.0001393 0.0001211 0.0001129 0.0001376 5.03e-05 8.835e-05 0.00011365 9.92e-05 0.0001637 7.875e-05 0.0001686 0.0001393 0.0001006 0.0001665 0.0001709 0.0001096 0.0001677 0.00011285 0.0001301 8.895e-05 0.0001062 0.0001342
37 0.0001585 0.00016595 0.0001499 9.255e-05 0.0001403 0.0001056 0.0001247 0.0001651 0.00015935 0.0001659 0.0001656 0.0001563 0.00013285 0.0001717 0.00015825 0.00016825 0.00013855 0.0001246 0.000117 0.0001242 0.00015715 0.0001271 0.00014565 0.0001617 0.0001111 0.00012425 0.0001178 0.00016815 0.00014495 0.0001804 0.0001463 0.00017585 0.0001793 0.0001644 0.0001512 0.00017145 0.0001637 0.0001472 0.0001513 0.0001375 0.00014965 0.0001512 0.0001674 0.0001721 0.0001544 0.00011765 0.0001622 0.00015935 0.0001519 0.00014905 0.00011445
38 0.0001236 0.00017355 5.47e-05 0.0001225 0.0001585 0.00017825 8.39e-05 0.0001118 0.0001059 0.0001735 0.0001246 0.0001144 6.945e-05 0.0001717 0.0001389 0.0001393 0.0001764 8.38e-05 0.00017565 0.00013175 0.0001299 0.0001595 6.8e-05 0.0001001 0.0001492 0.0001318 0.0001167 0.00015955 6.895e-05 0.0001618 0.0001276 0.00013965 0.0001601 7.78e-05 8.765e-05 0.0001264 7.875e-05 0.0001513 0.0001015 0.00013945 0.0001396 0.0001048 0.00016735 0.0001693 0.0001116 0.0001672 0.00011035 0.0001276 8.67e-05 0.00010395 0.0001206
39 0.0001285 0.00017405 0.0001399 0.00013425 0.0001773 0.000174 0.000126 0.000174 0.0001627 0.000174 0.0001551 0.00014005 0.000133 0.00017435 0.00017815 0.0001381 0.00018075 0.00012585 0.0001536 0.00016925 0.000176 0.0001644 0.00016185 0.00014925 0.0001533 0.0001693 0.00015825 0.00017165 0.00016215 0.0001888 0.0001772 0.0001824 0.0001881 0.0001683 0.00015455 0.0001668 0.0001686 0.0001375 0.00013945 0.000185 0.00016765 0.00016895 0.00012665 0.0001316 0.00015985 0.0001745 0.00017025 0.0001729 0.00015425 0.0001569 0.0001344
40 0.000153 0.0001401 0.00013675 0.0001277 0.00015285 0.00015695 0.00014295 0.0001541 0.00014105 0.00014005 0.000118 0.00013245 0.000148 0.00015 0.00013935 0.00015555 0.0001596 0.00014285 0.0001447 0.00014265 0.0001453 0.00016915 0.00012825 0.00015475 0.0001449 0.0001427 0.0001541 0.0001214 0.0001272 0.0001643 0.0001308 0.00015735 0.00015995 0.00014035 0.00010415 0.0001328 0.0001393 0.00014965 0.0001396 0.00016765 0.0001645 0.00013525 0.0001479 0.00014515 0.000123 0.0001641 0.00014765 0.00014775 0.0001052 0.0001053 0.00010285
41 0.0001329 0.0001705 0.00010575 0.0001369 0.0001404 0.00015405 0.00012565 0.00012525 0.00011135 0.00017045 0.0001204 0.0001494 0.00011685 0.0001691 0.00012735 0.00014375 0.00016645 0.00012555 0.00015905 0.00012835 0.00014075 0.0001496 8.955e-05 0.0001374 0.000129 0.0001284 0.00011815 0.00014965 8.85e-05 0.0001647 0.0001188 0.0001528 0.00016445 0.00010165 9.755e-05 0.00013895 0.0001006 0.0001512 0.0001048 0.00016895 0.00013525 0.0001485 0.00016275 0.0001702 0.00011925 0.00012865 0.00012115 0.00013425 9.86e-05 0.0001117 0.0001324
42 0.00011255 0.0001206 0.00016965 0.00017165 0.000163 0.0001535 0.00016845 0.00017445 0.00015425 0.00012055 0.0001503 0.00012715 0.0001693 0.00013215 0.0001645 0.00012475 0.00015975 0.00016835 0.0001255 0.00015175 0.000158 0.00017765 0.0001543 0.00016345 0.0001719 0.0001518 0.0001657 0.0001219 0.00015485 0.00017525 0.0001603 0.0001696 0.0001722 0.00016595 0.0001509 0.0001504 0.0001665 0.0001674 0.00016735 0.00012665 0.0001479 0.00016275 0.0001502 0.00010605 0.00011685 0.00016355 0.0001662 0.0001619 0.00015035 0.00014605 0.00015695
43 0.000114 0.0001496 0.00017135 0.00017775 0.00016565 0.0001511 0.00017255 0.0001738 0.0001561 0.00014955 0.00016775 0.00015685 0.0001732 0.0001595 0.00016945 0.000125 0.00015825 0.00017245 0.0001542 0.0001505 0.00015765 0.00017925 0.0001549 0.0001672 0.00018165 0.00015055 0.0001651 0.00014005 0.0001561 0.00017705 0.0001633 0.0001724 0.0001734 0.0001697 0.00016775 0.00012345 0.0001709 0.0001721 0.0001693 0.0001316 0.00014515 0.0001702 0.00010605 0.0001562 0.0001468 0.00016305 0.0001711 0.0001661 0.00016655 0.00016155 0.0001764
44 0.0001175 0.0001185 0.00011465 0.00013455 0.0001522 0.0001561 0.0001263 0.0001306 0.00011325 0.00011845 0.0001316 0.00011325 0.00012095 0.0001294 0.00013445 0.00013965 0.00015495 0.0001262 0.0001305 0.0001204 0.00011925 0.0001665 8.39e-05 0.00013115 0.00015725 0.00012045 0.0001314 0.00011665 8.51e-05 0.0001592 0.0001199 0.0001437 0.00015545 0.0001084 0.00010345 0.00012665 0.0001096 0.0001544 0.0001116 0.00015985 0.000123 0.00011925 0.00011685 0.0001468 0.0001662 0.0001596 0.0001227 0.0001235 0.00010225 0.00010305 0.0001296
45 0.00016225 0.00015775 0.0001686 0.0001747 9.355e-05 3.83e-05 0.00017075 0.0001722 0.0001529 0.0001577 0.0001648 0.00016515 0.00017235 0.00016895 0.0001482 0.00016965 9.85e-05 0.00017065 0.0001125 9.635e-05 0.00015655 0.00011545 0.00015845 0.00015995 0.00010445 9.64e-05 0.0001149 0.00015055 0.0001588 0.0001674 0.00014485 0.0001654 0.0001645 0.00016735 0.0001707 0.00016075 0.0001677 0.00011765 0.0001672 0.0001745 0.0001641 0.00012865 0.00016355 0.00016305 0.0001596 7.66e-05 0.00016825 0.0001642 0.00017035 0.0001663 0.0001789
46 0.0001323 0.0001698 0.0001131 0.0001344 0.000167 0.00017525 0.00012695 0.0001179 0.00012055 0.00016975 0.0001455 0.0001538 0.000121 0.0001588 0.0001457 0.00014675 0.0001752 0.00012685 0.0001696 0.00013605 0.000136 0.00016515 8.895e-05 0.0001423 0.00016045 0.0001361 0.0001288 0.00016235 8.97e-05 0.00016465 0.00013175 0.0001591 0.0001672 0.0001121 0.00011465 0.0001424 0.00011285 0.0001622 0.00011035 0.00017025 0.00014765 0.00012115 0.0001662 0.0001711 0.0001227 0.00016825 0.0001621 8.9e-05 0.0001139 0.0001218 0.000145
47 0.0001272 0.00015345 0.00013035 0.00013605 0.00016685 0.0001582 0.0001347 0.0001258 0.0001203 0.0001534 0.0001625 0.0001546 0.00012995 0.00015025 0.00014555 0.0001589 0.00015815 0.0001346 0.0001609 0.0001189 0.00011885 0.00017265 8.895e-05 0.0001424 0.00016795 0.00011895 0.00013625 0.0001629 8.97e-05 0.0001674 0.00013155 0.0001592 0.0001673 0.00012935 0.0001319 0.0001425 0.0001301 0.00015935 0.0001276 0.0001729 0.00014775 0.00013425 0.0001619 0.0001661 0.0001235 0.0001642 8.9e-05 0.0001592 0.00013115 0.0001218 0.00015275
48 0.0001282 0.0001607 8.77e-05 0.00011415 0.00015665 0.0001811 0.00010635 0.000121 0.0001103 0.00016065 9.305e-05 0.000126 0.0001052 0.0001595 0.0001353 0.0001369 0.00018045 0.00010625 0.0001574 0.0001393 0.00013865 0.00015845 8.025e-05 0.00012975 0.00013225 0.00013935 0.00012405 0.0001407 8.1e-05 0.0001627 0.00012565 0.00014655 0.000161 8.82e-05 6.375e-05 0.00013165 8.895e-05 0.0001519 8.67e-05 0.00015425 0.0001052 9.86e-05 0.00015035 0.00016655 0.00010225 0.00017035 0.0001139 0.00013115 0.000126 8.025e-05 8.995e-05
49 0.0001231 0.00014435 0.00010495 0.0001158 0.0001565 0.00016405 0.0001141 0.0001289 0.00011005 0.0001443 0.00011005 0.0001268 0.00011415 0.00015095 0.00013515 0.00014905 0.0001634 0.000114 0.0001487 0.00012215 0.0001215 0.00016595 8.025e-05 0.00012985 0.00013975 0.0001222 0.0001315 0.00014125 8.1e-05 0.00016545 0.00012545 0.00014665 0.0001611 0.00010545 8.1e-05 0.00013175 0.0001062 0.00014905 0.00010395 0.0001569 0.0001053 0.0001117 0.00014605 0.00016155 0.00010305 0.0001663 0.0001218 0.0001218 8.025e-05 0.0001605 9.77e-05
50 0.00015605 0.00016025 0.00011705 7.965e-05 0.00016565 0.0001832 0.00010725 0.000151 0.00014345 0.0001602 0.00010455 0.0001264 0.00011955 0.00016055 0.00014825 0.00015725 0.00018275 0.00010715 0.0001425 0.0001599 0.00015945 0.00015495 0.00012885 0.00015025 0.00011955 0.00015995 0.00014575 0.00014855 0.0001278 0.0001745 0.0001397 0.0001658 0.0001731 0.00013525 8.89e-05 0.0001616 0.0001342 0.00011445 0.0001206 0.0001344 0.00010285 0.0001324 0.00015695 0.0001764 0.0001296 0.0001789 0.000145 0.00015275 8.995e-05 9.77e-05 0.0001176
