 slim_761938146 slim_761938124 slim_761938162 slim_761938142 slim_761938166 slim_761938155 slim_761938125 slim_761938121 slim_761938145 slim_761938117 slim_761938112 slim_761938159 slim_761938111 slim_761938137 slim_761938141 slim_761938122 slim_761938119 slim_761938109 slim_761938157 slim_761938132 slim_761938130 slim_761938139 slim_761938133 slim_761938148 slim_761938156 slim_761938144 slim_761938154 slim_761938129 slim_761938165 slim_761938115 slim_761938163 slim_761938153 slim_761938143 slim_761938114 slim_761938128 slim_761938161 slim_761938149 slim_761938135 slim_761938158 slim_761938131 slim_761938118 slim_761938136 slim_761938123 slim_761938151 slim_761938120 slim_761938164 slim_761938152 slim_761938134 slim_761938160 slim_761938138 slim_761938126 slim_761938127 slim_761938140 slim_761938116 slim_761938113 slim_761938147 slim_761938110 slim_761938150
0 0.0001449 0.0001348 0.00012055 9.45e-05 0.0001577 8.885e-05 0.0001271 8.88e-05 0.00010405 0.00011525 0.00010415 0.00014095 0.0001008 0.0001009 9.685e-05 9.56e-05 0.00010135 9.695e-05 0.00013515 9.555e-05 0.00017635 0.00010205 0.0001225 0.0001047 0.0001328 0.00013075 0.00010835 0.00013485 8.655e-05 0.00010285 0.0001341 9.56e-05 9.67e-05 0.00011045 0.00012615 0.0001359 0.000102 0.0001689 0.00012895 0.00012505 0.00014065 0.00017835 0.0001161 0.00015485 9.41e-05 0.000127 0.00013085 8.895e-05 0.00014235 0.0001196 8.655e-05 0.0001438 0.0001028 9.765e-05 9.56e-05 9.335e-05 0.00012455 8.145e-05
1 0.0001348 0.0001211 0.00012995 0.00010525 0.00018425 0.00014465 0.0001146 0.00015495 9.55e-05 0.00014525 9.55e-05 8.4e-05 7.44e-05 7.44e-05 9.545e-05 0.0001119 0.00010595 0.0001425 8.965e-05 0.00012355 0.00012805 0.00015775 0.0001801 0.00011635 7.475e-05 8.85e-05 0.00015675 6.06e-05 0.00010455 0.00011185 0.0001169 0.0001236 8.85e-05 0.00011065 0.0001252 0.0001657 0.0001539 6.06e-05 0.00012455 0.00012535 0.00015035 0.0001255 0.0001237 0.00015435 0.00010585 0.0001329 0.0001056 0.0001551 0.00017045 0.0001559 0.0001052 0.0001311 0.0001235 0.0001482 0.0001235 0.00014365 0.00012425 0.00015375
2 0.00012055 0.00012995 0.0001549 0.00014805 0.00015025 0.00010775 9.855e-05 0.0001077 0.00013835 0.00017635 0.0001384 0.00010395 0.0001514 0.0001515 0.0001368 0.0001179 0.0001463 7.865e-05 0.0001402 0.0001144 0.0001538 0.000114 0.0001069 0.00016555 0.00014155 0.0001201 0.00015775 0.00013 0.0001321 0.0001058 0.00012735 0.00011445 0.00013175 0.00012925 0.00014835 0.0001669 0.00011205 0.00011835 0.00012705 0.0001254 0.0001582 0.0001506 0.0001312 0.00018025 0.00014475 0.00015295 0.00012315 0.00010785 0.00018155 0.00014475 0.0001321 0.0001644 0.00010565 0.00011815 0.00011445 0.0001204 0.00013455 9.525e-05
3 9.45e-05 0.00010525 0.00014805 9.93e-05 0.00017365 0.00010135 0.0001381 0.0001013 7.995e-05 8.855e-05 7.99e-05 0.0001377 4.98e-05 4.97e-05 7.975e-05 9.73e-05 5.395e-05 0.0001399 0.0001011 9.745e-05 0.0001573 0.0001397 0.0001701 6.93e-05 7.575e-05 0.000123 0.00010005 0.0001053 7.745e-05 0.00012445 0.0001212 9.75e-05 9.2e-05 0.00010585 0.0001166 0.000114 0.000137 0.0001363 0.0001277 0.000122 0.00014485 0.0001581 0.0001094 0.00013595 5.365e-05 0.0001043 0.00010855 0.00010145 0.0001335 0.0001166 7.61e-05 0.0001137 0.00010835 0.0001101 9.73e-05 0.0001029 0.00011 0.00012505
4 0.0001577 0.00018425 0.00015025 0.00017365 0.0001456 0.0001511 0.0001581 0.00014475 0.00017565 0.0001675 0.0001757 0.0001665 0.0001818 0.00018185 0.00017555 0.0001628 0.0001738 0.000127 0.0001747 0.00015295 0.00013415 0.00013745 0.00012535 0.0001725 0.00018595 0.0001823 0.00015915 0.0001843 0.00016335 0.0001533 0.00017115 0.000153 0.00017105 0.00016425 0.0001568 0.00011905 0.0001089 0.00019555 0.00015735 0.00012855 0.0001809 0.0001593 0.00012725 0.00017805 0.00017365 0.00015725 0.0001785 0.0001449 0.00012025 0.00014845 0.0001636 0.0001409 0.0001526 0.0001483 0.00015295 0.00013725 0.0001275 0.0001346
5 8.885e-05 0.00014465 0.00010775 0.00010135 0.0001511 0.0001234 0.0001094 6.17e-05 9.6e-05 0.0001197 9.61e-05 0.0001352 0.00013245 0.00013255 0.000102 0.0001018 9.12e-05 7.765e-05 0.00014225 9.705e-05 0.000168 8.815e-05 0.00010635 0.00012085 0.00013 0.0001141 0.00011985 0.0001447 0.00010285 9.24e-05 0.0001372 9.71e-05 0.00010185 0.00011375 0.00014175 0.00012455 9.825e-05 0.00015695 0.0001267 0.0001298 0.00015305 0.0001715 0.0001277 0.00015675 9.715e-05 0.0001326 0.0001095 6.185e-05 0.00015545 0.0001104 0.00010285 0.0001561 9.62e-05 7.735e-05 9.71e-05 9.47e-05 0.0001229 6.76e-05
6 0.0001271 0.0001146 9.855e-05 0.0001381 0.0001581 0.0001094 0.0001881 0.00010935 0.000122 0.00016125 0.00012205 9.96e-05 0.0001489 0.000149 0.0001279 0.000127 0.0001289 9.405e-05 0.0001269 0.0001235 0.00014145 0.0001167 0.00012605 0.0001556 0.00012475 0.0001004 0.0001614 0.00011465 0.0001277 0.00010585 0.0001301 0.00012355 0.00012095 0.00012825 0.00015145 0.0001579 0.00011705 9.41e-05 0.00012785 0.00013285 0.00016445 0.00013775 0.0001381 0.00017215 0.0001348 0.0001504 0.0001051 0.0001095 0.00018105 0.0001404 0.00012835 0.00016185 0.0001153 0.0001177 0.00012355 0.00012685 0.00013335 0.00010245
7 8.88e-05 0.00015495 0.0001077 0.0001013 0.00014475 6.17e-05 0.00010935 0.0001026 0.0001063 0.0001174 0.0001064 0.0001455 0.00014275 0.00014285 0.0001123 0.0001121 9.115e-05 7.76e-05 0.00014625 9.7e-05 0.000172 8.18e-05 0.00010085 0.00012485 0.0001403 0.0001244 0.00011755 0.000155 0.0001028 0.0001027 0.0001412 9.705e-05 0.00011215 0.00012405 0.0001466 0.0001182 8.785e-05 0.00016725 0.0001307 0.00012975 0.00016335 0.00017145 0.00012765 0.00016075 9.71e-05 0.00013255 0.00010945 5.145e-05 0.00015315 0.0001049 0.0001028 0.00015605 9.615e-05 7.73e-05 9.705e-05 8.835e-05 0.00012285 5.72e-05
8 0.00010405 9.55e-05 0.00013835 7.995e-05 0.00017565 9.6e-05 0.000122 0.0001063 0.0001022 0.000104 5.125e-05 0.00010695 7.8e-05 7.805e-05 6.465e-05 8.965e-05 6.625e-05 0.00011995 0.00011305 0.0001047 0.0001499 0.0001154 0.00015325 9.185e-05 7.225e-05 8.175e-05 0.000123 9.555e-05 9.315e-05 7.63e-05 0.000126 0.00010475 6.485e-05 8.57e-05 0.0001197 0.00013455 0.00013615 0.00011245 0.000121 0.00013215 0.0001403 0.00015725 0.0001209 0.00013615 7.965e-05 0.0001265 9.695e-05 0.00010645 0.00015925 0.00012145 9.28e-05 0.00013675 0.0001155 0.0001022 0.0001047 0.0001226 0.00010795 0.00011995
9 0.00011525 0.00014525 0.00017635 8.855e-05 0.0001675 0.0001197 0.00016125 0.0001174 0.000104 0.0 0.00010405 0.0001683 0.0001091 0.00010915 0.00011725 0.00014235 7.565e-05 0.0001729 0.00010915 0.0001377 0.00015175 0.000111 0.000182 6.515e-05 0.0001024 0.0001411 1.91e-05 0.0001453 0.00012565 0.0001524 9.465e-05 0.00013775 0.00012935 0.00012425 0.0001465 0.00010715 0.0001654 0.00015705 0.00010115 0.00015415 0.000144 0.00017885 0.00014875 0.0001014 8.885e-05 0.0001433 0.0001221 0.00011755 8.69e-05 0.00012575 0.0001243 0.0001516 0.00014275 0.00013075 0.0001377 0.00011335 0.000136 0.00015435
10 0.00010415 9.55e-05 0.0001384 7.99e-05 0.0001757 9.61e-05 0.00012205 0.0001064 5.125e-05 0.00010405 0.0001023 0.000107 7.8e-05 7.79e-05 6.46e-05 8.96e-05 6.635e-05 0.00012 0.00011315 0.0001048 0.00014995 0.00011545 0.0001533 9.2e-05 7.23e-05 8.18e-05 0.00012305 9.555e-05 9.325e-05 7.635e-05 0.00012605 0.00010485 6.485e-05 8.58e-05 0.00011965 0.0001346 0.0001362 0.0001125 0.00012105 0.00013215 0.00014035 0.0001573 0.000121 0.0001362 7.965e-05 0.0001266 9.7e-05 0.00010655 0.00015925 0.0001215 9.29e-05 0.00013685 0.0001155 0.0001023 0.00010465 0.0001227 0.000108 0.00012
11 0.00014095 8.4e-05 0.00010395 0.0001377 0.0001665 0.0001352 9.96e-05 0.0001455 0.00010695 0.0001683 0.000107 0.0001376 0.0001127 0.00011285 0.00011285 0.00011195 0.00012885 0.000104 0.0001128 0.00012345 0.0001317 0.0001383 0.00014375 0.0001467 9.395e-05 9.075e-05 0.00016845 8.405e-05 0.00012765 9.075e-05 0.00012095 0.0001235 0.0001059 0.00010265 0.000133 0.0001785 0.0001406 6.89e-05 0.0001187 0.00012445 0.0001486 0.00013055 0.00012545 0.00016405 0.0001348 0.00015035 0.0001105 0.00014565 0.0001875 0.0001577 0.0001283 0.0001492 0.00012075 0.0001388 0.00012355 0.0001435 0.0001207 0.0001386
12 0.0001008 7.44e-05 0.0001514 4.98e-05 0.0001818 0.00013245 0.0001489 0.00014275 7.8e-05 0.0001091 7.8e-05 0.0001127 6e-07 3.5e-07 6.45e-05 7.46e-05 6.7e-05 0.00014775 8.68e-05 8.965e-05 0.0001546 0.000167 0.0001861 6.05e-05 5.815e-05 0.00012615 0.0001132 7.445e-05 6.385e-05 0.00011505 0.0001178 8.975e-05 7.675e-05 8.635e-05 9.205e-05 0.00014225 0.0001528 0.00012385 0.0001243 0.00010575 0.0001296 0.0001559 8.925e-05 0.0001358 5.345e-05 9.8e-05 0.00012675 0.0001429 0.00013395 0.00014135 6.25e-05 9.5e-05 0.00010575 0.0001365 8.965e-05 0.00011185 0.0001033 0.00015325
13 0.0001009 7.44e-05 0.0001515 4.97e-05 0.00018185 0.00013255 0.000149 0.00014285 7.805e-05 0.00010915 7.79e-05 0.00011285 3.5e-07 1e-07 6.44e-05 7.45e-05 6.72e-05 0.00014785 8.7e-05 8.985e-05 0.0001547 0.00016705 0.00018615 6.07e-05 5.835e-05 0.00012625 0.00011325 7.445e-05 6.4e-05 0.00011515 0.0001179 8.99e-05 7.67e-05 8.65e-05 9.195e-05 0.0001423 0.00015285 0.000124 0.0001244 0.0001058 0.00012965 0.000156 8.94e-05 0.00013585 5.34e-05 9.815e-05 0.00012685 0.000143 0.0001339 0.0001414 6.265e-05 9.515e-05 0.0001058 0.0001366 8.955e-05 0.000112 0.00010345 0.0001533
14 9.685e-05 9.545e-05 0.0001368 7.975e-05 0.00017555 0.000102 0.0001279 0.0001123 6.465e-05 0.00011725 6.46e-05 0.00011285 6.45e-05 6.44e-05 0.0001287 8.205e-05 7.99e-05 0.0001184 0.00011305 9.725e-05 0.00015725 0.00012125 0.0001517 9.195e-05 8.595e-05 9.505e-05 0.00012885 9.55e-05 7.985e-05 8.215e-05 0.00013185 9.73e-05 6.475e-05 9.17e-05 0.0001131 0.0001419 0.00012875 0.0001258 0.00012685 0.0001246 0.00014065 0.00016255 0.00011345 0.00014385 7.955e-05 0.0001205 0.00011025 0.00011245 0.00015315 0.0001284 7.95e-05 0.00013075 0.00010795 0.0001082 9.71e-05 0.00011515 0.0001141 0.00011255
15 9.56e-05 0.0001119 0.0001179 9.73e-05 0.0001628 0.0001018 0.000127 0.0001121 8.965e-05 0.00014235 8.96e-05 0.00011195 7.46e-05 7.45e-05 8.205e-05 0.0001489 0.0001048 9.31e-05 0.00012985 8.965e-05 0.0001689 0.00012115 0.0001264 0.00010945 0.00011085 0.00011935 0.0001351 0.00011195 8.96e-05 8.205e-05 0.00013725 8.97e-05 8.2e-05 9.15e-05 0.0001124 0.00015425 0.0001208 0.0001493 0.00012675 0.000117 0.0001326 0.00017405 0.00010585 0.00015495 9.71e-05 0.00012545 0.0001345 0.00011225 0.0001581 0.00013505 8.96e-05 0.0001357 0.00010035 0.000108 8.95e-05 0.00010755 0.00011455 0.0001046
16 0.00010135 0.00010595 0.0001463 5.395e-05 0.0001738 9.12e-05 0.0001289 9.115e-05 6.625e-05 7.565e-05 6.635e-05 0.00012885 6.7e-05 6.72e-05 7.99e-05 0.0001048 7.97e-05 0.00013735 0.0001016 0.00010465 0.0001487 0.00013175 0.00017 7.08e-05 6.24e-05 0.0001064 9.455e-05 0.000106 9.05e-05 0.0001149 0.00011425 0.0001047 9.2e-05 9.8e-05 0.00012555 0.0001088 0.0001424 0.0001204 0.00012075 0.0001283 0.00014505 0.00015155 0.00011865 0.0001288 5.355e-05 0.00011125 9.195e-05 9.13e-05 0.0001398 0.00011215 8.915e-05 0.0001215 0.0001126 9.995e-05 0.0001048 0.0001101 0.00010555 0.0001284
17 9.695e-05 0.0001425 7.865e-05 0.0001399 0.000127 7.765e-05 9.405e-05 7.76e-05 0.00011995 0.0001729 0.00012 0.000104 0.00014775 0.00014785 0.0001184 9.31e-05 0.00013735 5.24e-05 0.00016015 8.96e-05 0.0001727 7.775e-05 6.6e-05 0.0001599 0.0001564 0.0001253 0.0001543 0.00014255 0.00011015 6.75e-05 0.0001489 8.965e-05 0.000106 0.0001037 0.00013095 0.0001577 7.155e-05 0.00016185 0.0001214 0.0001116 0.00015295 0.000173 0.000109 0.0001769 0.0001358 0.0001485 0.0001365 7.775e-05 0.0001769 0.00012285 0.0001115 0.00016295 8.925e-05 8.995e-05 8.965e-05 9.235e-05 0.00011235 5.215e-05
18 0.00013515 8.965e-05 0.0001402 0.0001011 0.0001747 0.00014225 0.0001269 0.00014625 0.00011305 0.00010915 0.00011315 0.0001128 8.68e-05 8.7e-05 0.00011305 0.00012985 0.0001016 0.00016015 0.0001627 0.00013145 0.00012425 0.0001534 0.0001884 0.00010045 8.445e-05 0.00011015 0.00012065 8.97e-05 0.00011245 0.0001416 0.00010755 0.0001315 0.0001184 0.00013185 0.000138 0.0001411 0.0001603 8.145e-05 0.0001223 0.0001335 0.0001626 0.00013275 0.0001344 0.00014735 0.00010165 0.00013305 0.0001055 0.0001464 0.00013825 0.00015195 0.00011175 0.00013405 0.0001289 0.00014935 0.0001316 0.0001268 0.000135 0.00015735
19 9.555e-05 0.00012355 0.0001144 9.745e-05 0.00015295 9.705e-05 0.0001235 9.7e-05 0.0001047 0.0001377 0.0001048 0.00012345 8.965e-05 8.985e-05 9.725e-05 8.965e-05 0.00010465 8.96e-05 0.00013145 0.000179 0.0001706 0.0001113 0.0001186 0.0001145 0.0001223 0.0001309 0.00013045 0.0001236 8.95e-05 9.705e-05 0.00013895 8.96e-05 9.715e-05 0.00010645 0.0001198 0.0001444 0.00010575 0.00015735 0.00012845 0.0001148 0.00014765 0.00017055 0.00010575 0.00016015 9.72e-05 0.00012535 0.000131 9.715e-05 0.0001535 0.00012725 8.95e-05 0.0001356 9.69e-05 0.00010795 8.965e-05 9.76e-05 0.00011445 8.955e-05
20 0.00017635 0.00012805 0.0001538 0.0001573 0.00013415 0.000168 0.00014145 0.000172 0.0001499 0.00015175 0.00014995 0.0001317 0.0001546 0.0001547 0.00015725 0.0001689 0.0001487 0.0001727 0.00012425 0.0001706 0.0001985 0.0001711 0.0001912 0.0001562 0.0001258 0.00012945 0.00016215 0.0001281 0.00016425 0.0001619 0.000136 0.00017065 0.0001582 0.0001636 0.000171 0.0001295 0.00017155 9.935e-05 0.00014745 0.00015515 0.00017905 0.00012925 0.00016175 0.0001658 0.00015605 0.00015 0.00013075 0.00017215 0.000133 0.00017345 0.0001638 0.0001451 0.00016235 0.00016415 0.00017065 0.00016635 0.0001539 0.0001804
21 0.00010205 0.00015775 0.000114 0.0001397 0.00013745 8.815e-05 0.0001167 8.18e-05 0.0001154 0.000111 0.00011545 0.0001383 0.000167 0.00016705 0.00012125 0.00012115 0.00013175 7.775e-05 0.0001534 0.0001113 0.0001711 0.0001112 9.185e-05 0.00013965 0.00016325 0.00012385 0.00011105 0.0001578 0.0001197 8.975e-05 0.00014205 0.00011135 0.0001092 0.0001245 0.00014755 0.000141 8.88e-05 0.00017245 0.00012015 0.00013965 0.0001677 0.00018325 0.000136 0.00015805 0.00013755 0.0001615 0.0001287 8.195e-05 0.00014645 0.00012005 0.0001207 0.0001774 0.00011325 0.00010475 0.0001113 9.765e-05 0.0001313 6.41e-05
22 0.0001225 0.0001801 0.0001069 0.0001701 0.00012535 0.00010635 0.00012605 0.00010085 0.00015325 0.000182 0.0001533 0.00014375 0.0001861 0.00018615 0.0001517 0.0001264 0.00017 6.6e-05 0.0001884 0.0001186 0.0001912 9.185e-05 0.0001022 0.0001821 0.00019405 0.0001579 0.0001634 0.00018015 0.0001428 0.00010295 0.0001719 0.00011865 0.0001393 0.0001374 0.00012555 0.0001688 8.33e-05 0.00019875 0.0001444 0.00012605 0.0001546 0.00018845 0.0001265 0.0001743 0.0001684 0.00017355 0.00016475 0.000101 0.0001815 0.00010935 0.00014415 0.00017915 0.0001181 0.000116 0.0001186 0.0001157 0.00012985 7.54e-05
23 0.0001047 0.00011635 0.00016555 6.93e-05 0.0001725 0.00012085 0.0001556 0.00012485 9.185e-05 6.515e-05 9.2e-05 0.0001467 6.05e-05 6.07e-05 9.195e-05 0.00010945 7.08e-05 0.0001599 0.00010045 0.0001145 0.0001562 0.00013965 0.0001821 0.0001067 8.65e-05 0.0001353 7.665e-05 0.0001164 9.45e-05 0.00013445 0.00011515 0.00011455 0.0001041 9.96e-05 0.00012235 0.0001213 0.00015445 0.0001476 0.00012165 0.000132 0.0001439 0.00016935 0.0001202 0.00012765 7.09e-05 0.000122 0.00012605 0.00012495 0.0001151 0.0001308 9.315e-05 0.0001245 0.0001259 0.00012845 0.00011465 0.00010845 0.00012075 0.00014875
24 0.0001328 7.475e-05 0.00014155 7.575e-05 0.00018595 0.00013 0.00012475 0.0001403 7.225e-05 0.0001024 7.23e-05 9.395e-05 5.815e-05 5.835e-05 8.595e-05 0.00011085 6.24e-05 0.0001564 8.445e-05 0.0001223 0.0001258 0.00016325 0.00019405 8.65e-05 6.16e-05 9.005e-05 0.0001213 7.48e-05 0.0001087 0.0001173 0.0001008 0.00012235 9.805e-05 9.595e-05 0.0001231 0.00013895 0.00017325 6.68e-05 0.00011 0.0001242 0.00014265 0.00012775 0.00012245 0.00013155 7.62e-05 0.0001219 8.72e-05 0.00014045 0.0001571 0.00014035 0.00010735 0.0001201 0.00012235 0.00013355 0.00012245 0.0001424 0.00010925 0.0001731
25 0.00013075 8.85e-05 0.0001201 0.000123 0.0001823 0.0001141 0.0001004 0.0001244 8.175e-05 0.0001411 8.18e-05 9.075e-05 0.00012615 0.00012625 9.505e-05 0.00011935 0.0001064 0.0001253 0.00011015 0.0001309 0.00012945 0.00012385 0.0001579 0.0001353 9.005e-05 0.0001274 0.0001601 8.855e-05 0.00012035 9.075e-05 0.0001237 0.00013095 8.845e-05 0.00011585 0.0001463 0.0001574 0.00014205 6.38e-05 0.00012695 0.0001441 0.00015775 0.0001311 0.0001477 0.00015615 0.0001197 0.00014745 8.35e-05 0.00012455 0.0001817 0.0001429 0.00012065 0.0001589 0.0001256 0.0001198 0.00013095 0.00014675 0.0001349 0.00012525
26 0.00010835 0.00015675 0.00015775 0.00010005 0.00015915 0.00011985 0.0001614 0.00011755 0.000123 1.91e-05 0.00012305 0.00016845 0.0001132 0.00011325 0.00012885 0.0001351 9.455e-05 0.0001543 0.00012065 0.00013045 0.00016215 0.00011105 0.0001634 7.665e-05 0.0001213 0.0001601 3.76e-05 0.0001568 0.00012975 0.00015265 9.455e-05 0.0001305 0.00014095 0.0001244 0.00014375 0.00011755 0.00015815 0.00017595 0.0001014 0.0001469 0.0001359 0.00018885 0.0001415 0.00011145 0.00010035 0.0001463 0.00014095 0.0001177 8.97e-05 0.0001304 0.0001284 0.0001546 0.0001355 0.0001309 0.00013045 0.0001061 0.0001368 0.0001471
27 0.00013485 6.06e-05 0.00013 0.0001053 0.0001843 0.0001447 0.00011465 0.000155 9.555e-05 0.0001453 9.555e-05 8.405e-05 7.445e-05 7.445e-05 9.55e-05 0.00011195 0.000106 0.00014255 8.97e-05 0.0001236 0.0001281 0.0001578 0.00018015 0.0001164 7.48e-05 8.855e-05 0.0001568 0.0001212 0.0001046 0.0001119 0.00011695 0.00012365 8.855e-05 0.0001107 0.00012525 0.00016575 0.00015395 6.065e-05 0.0001246 0.0001254 0.0001504 0.00012555 0.00012375 0.0001544 0.0001059 0.00013295 0.00010565 0.00015515 0.0001705 0.00015595 0.00010525 0.00013115 0.00012355 0.00014825 0.00012355 0.0001437 0.0001243 0.0001538
28 8.655e-05 0.00010455 0.0001321 7.745e-05 0.00016335 0.00010285 0.0001277 0.0001028 9.315e-05 0.00012565 9.325e-05 0.00012765 6.385e-05 6.4e-05 7.985e-05 8.96e-05 9.05e-05 0.00011015 0.00011245 8.95e-05 0.00016425 0.0001197 0.0001428 9.45e-05 0.0001087 0.00012035 0.00012975 0.0001046 0.0001273 0.00010285 0.0001384 8.955e-05 7.975e-05 0.00010965 0.00011245 0.00013705 0.0001035 0.0001452 0.00013325 0.0001131 0.0001551 0.00016225 0.0001035 0.00015615 7.72e-05 0.00011215 0.00012045 0.00010295 0.00014135 0.00012575 6.365e-05 0.0001224 9.74e-05 0.00011165 8.96e-05 9.495e-05 0.00011745 8.95e-05
29 0.00010285 0.00011185 0.0001058 0.00012445 0.0001533 9.24e-05 0.00010585 0.0001027 7.63e-05 0.0001524 7.635e-05 9.075e-05 0.00011505 0.00011515 8.215e-05 8.205e-05 0.0001149 6.75e-05 0.0001416 9.705e-05 0.0001619 8.975e-05 0.00010295 0.00013445 0.0001173 9.075e-05 0.00015265 0.0001119 0.00010285 9.8e-05 0.0001429 9.71e-05 7.01e-05 8.355e-05 0.0001209 0.00016245 0.00010305 0.00013255 0.0001209 0.0001236 0.00014235 0.0001684 0.0001151 0.0001596 0.00012075 0.0001456 0.0001205 0.00010285 0.000178 0.00013005 0.00010385 0.0001565 0.0001051 9.865e-05 9.71e-05 0.0001149 0.0001104 8.5e-05
30 0.0001341 0.0001169 0.00012735 0.0001212 0.00017115 0.0001372 0.0001301 0.0001412 0.000126 9.465e-05 0.00012605 0.00012095 0.0001178 0.0001179 0.00013185 0.00013725 0.00011425 0.0001489 0.00010755 0.00013895 0.000136 0.00014205 0.0001719 0.00011515 0.0001008 0.0001237 9.455e-05 0.00011695 0.0001384 0.0001429 0.0001891 0.000139 0.0001388 0.0001285 0.00014835 0.0001473 0.0001656 0.00010185 0.0001118 0.000141 0.0001474 0.00014765 0.00014485 0.00013905 0.0001201 0.00014845 0.0001174 0.00014135 0.0001385 0.0001515 0.0001373 0.0001523 0.00013345 0.00014425 0.000139 0.0001358 0.00014015 0.0001597
31 9.56e-05 0.0001236 0.00011445 9.75e-05 0.000153 9.71e-05 0.00012355 9.705e-05 0.00010475 0.00013775 0.00010485 0.0001235 8.975e-05 8.99e-05 9.73e-05 8.97e-05 0.0001047 8.965e-05 0.0001315 8.96e-05 0.00017065 0.00011135 0.00011865 0.00011455 0.00012235 0.00013095 0.0001305 0.00012365 8.955e-05 9.71e-05 0.000139 0.0001791 9.72e-05 0.0001065 0.00011985 0.00014445 0.0001058 0.0001574 0.0001285 0.00011485 0.0001477 0.0001706 0.0001058 0.0001602 9.725e-05 0.0001254 0.000131 9.72e-05 0.00015355 0.0001273 8.955e-05 0.00013565 9.695e-05 0.000108 8.97e-05 9.765e-05 0.0001145 8.955e-05
32 9.67e-05 8.85e-05 0.00013175 9.2e-05 0.00017105 0.00010185 0.00012095 0.00011215 6.485e-05 0.00012935 6.485e-05 0.0001059 7.675e-05 7.67e-05 6.475e-05 8.2e-05 9.2e-05 0.000106 0.0001184 9.715e-05 0.0001582 0.0001092 0.0001393 0.0001041 9.805e-05 8.845e-05 0.00014095 8.855e-05 7.975e-05 7.01e-05 0.0001388 9.72e-05 0.0001053 9.155e-05 0.0001131 0.00014965 0.00011635 0.0001243 0.0001267 0.0001245 0.0001441 0.0001633 0.00011335 0.0001499 9.18e-05 0.00012815 0.00011555 0.0001123 0.00016095 0.00012825 8.075e-05 0.0001384 0.00010785 0.00010805 9.705e-05 0.00011505 0.00011395 0.00010015
33 0.00011045 0.00011065 0.00012925 0.00010585 0.00016425 0.00011375 0.00012825 0.00012405 8.57e-05 0.00012425 8.58e-05 0.00010265 8.635e-05 8.65e-05 9.17e-05 9.15e-05 9.8e-05 0.0001037 0.00013185 0.00010645 0.0001636 0.0001245 0.0001374 9.96e-05 9.595e-05 0.00011585 0.0001244 0.0001107 0.00010965 8.355e-05 0.0001285 0.0001065 9.155e-05 0.0001407 0.0001173 0.00015865 0.0001347 0.000135 0.000118 0.0001229 0.00012985 0.0001671 0.0001112 0.0001443 0.000104 0.00013925 0.000131 0.00012415 0.0001643 0.0001365 0.00010965 0.0001396 0.0001177 0.00011785 0.00010655 0.0001251 0.0001064 0.00012995
34 0.00012615 0.0001252 0.00014835 0.0001166 0.0001568 0.00014175 0.00015145 0.0001466 0.0001197 0.0001465 0.00011965 0.000133 9.205e-05 9.195e-05 0.0001131 0.0001124 0.00012555 0.00013095 0.000138 0.0001198 0.000171 0.00014755 0.00012555 0.00012235 0.0001231 0.0001463 0.00014375 0.00012525 0.00011245 0.0001209 0.00014835 0.00011985 0.0001131 0.0001173 0.0001838 0.00016245 0.0001314 0.00015845 0.0001402 0.00011805 0.0001388 0.0001704 0.00011105 0.000148 0.00011885 0.00014305 0.00015365 0.00014675 0.0001588 0.0001166 0.00011245 0.0001354 0.00012805 0.00014455 0.00011965 0.000131 0.0001187 0.00014015
35 0.0001359 0.0001657 0.0001669 0.000114 0.00011905 0.00012455 0.0001579 0.0001182 0.00013455 0.00010715 0.0001346 0.0001785 0.00014225 0.0001423 0.0001419 0.00015425 0.0001088 0.0001577 0.0001411 0.0001444 0.0001295 0.000141 0.0001688 0.0001213 0.00013895 0.0001574 0.00011755 0.00016575 0.00013705 0.00016245 0.0001473 0.00014445 0.00014965 0.00015865 0.00016245 0.0001711 0.00014225 0.0001735 0.0001505 0.0001517 0.000177 0.00016265 0.00014735 0.00015345 0.0001161 0.00012905 0.00013905 0.00011835 0.00010385 0.000134 0.00013595 0.00013535 0.0001471 0.0001259 0.0001444 0.0001255 0.0001395 0.0001393
36 0.000102 0.0001539 0.00011205 0.000137 0.0001089 9.825e-05 0.00011705 8.785e-05 0.00013615 0.0001654 0.0001362 0.0001406 0.0001528 0.00015285 0.00012875 0.0001208 0.0001424 7.155e-05 0.0001603 0.00010575 0.00017155 8.88e-05 8.33e-05 0.00015445 0.00017325 0.00014205 0.00015815 0.00015395 0.0001035 0.00010305 0.0001656 0.0001058 0.00011635 0.0001347 0.0001314 0.00014225 0.0001086 0.00017965 0.00014345 0.00010615 0.0001742 0.00016105 0.0001035 0.00018085 0.00013495 0.0001466 0.00014165 8.8e-05 0.00015725 0.0001154 0.00010485 0.0001466 0.00010545 0.0001076 0.00010575 9.77e-05 0.0001121 5.655e-05
37 0.0001689 6.06e-05 0.00011835 0.0001363 0.00019555 0.00015695 9.41e-05 0.00016725 0.00011245 0.00015705 0.0001125 6.89e-05 0.00012385 0.000124 0.0001258 0.0001493 0.0001204 0.00016185 8.145e-05 0.00015735 9.935e-05 0.00017245 0.00019875 0.0001476 6.68e-05 6.38e-05 0.00017595 6.065e-05 0.0001452 0.00013255 0.00010185 0.0001574 0.0001243 0.000135 0.00015845 0.0001735 0.00017965 3e-07 0.00012485 0.000145 0.00016405 9.335e-05 0.0001581 0.00016065 0.0001338 0.00015225 7.36e-05 0.0001674 0.00019125 0.0001706 0.00014515 0.00015165 0.0001413 0.00016 0.00015745 0.0001754 0.00014525 0.0001789
38 0.00012895 0.00012455 0.00012705 0.0001277 0.00015735 0.0001267 0.00012785 0.0001307 0.000121 0.00010115 0.00012105 0.0001187 0.0001243 0.0001244 0.00012685 0.00012675 0.00012075 0.0001214 0.0001223 0.00012845 0.00014745 0.00012015 0.0001444 0.00012165 0.00011 0.00012695 0.0001014 0.0001246 0.00013325 0.0001209 0.0001118 0.0001285 0.0001267 0.000118 0.0001402 0.0001505 0.00014345 0.00012485 0.0002023 0.0001305 0.00014775 0.00015995 0.00013435 0.000141 0.0001266 0.0001527 0.00012885 0.00013085 0.0001418 0.00014335 0.00013325 0.00015655 0.00012295 0.00013375 0.0001285 0.0001253 0.00012965 0.00013755
39 0.00012505 0.00012535 0.0001254 0.000122 0.00012855 0.0001298 0.00013285 0.00012975 0.00013215 0.00015415 0.00013215 0.00012445 0.00010575 0.0001058 0.0001246 0.000117 0.0001283 0.0001116 0.0001335 0.0001148 0.00015515 0.00013965 0.00012605 0.000132 0.0001242 0.0001441 0.0001469 0.0001254 0.0001131 0.0001236 0.000141 0.00011485 0.0001245 0.0001229 0.00011805 0.0001517 0.00010615 0.000145 0.0001305 0.0001835 0.00015565 0.0001484 9.87e-05 0.0001648 0.00012075 0.00013975 0.000142 0.0001299 0.0001524 0.0001341 0.0001131 0.0001277 0.00010785 0.00013395 0.0001148 0.00012135 0.0001074 0.00012225
40 0.00014065 0.00015035 0.0001582 0.00014485 0.0001809 0.00015305 0.00016445 0.00016335 0.0001403 0.000144 0.00014035 0.0001486 0.0001296 0.00012965 0.00014065 0.0001326 0.00014505 0.00015295 0.0001626 0.00014765 0.00017905 0.0001677 0.0001546 0.0001439 0.00014265 0.00015775 0.0001359 0.0001504 0.0001551 0.00014235 0.0001474 0.0001477 0.0001441 0.00012985 0.0001388 0.000177 0.0001742 0.00016405 0.00014775 0.00015565 0.0001758 0.00018305 0.0001486 0.00011605 0.00014535 0.00016155 0.0001678 0.0001635 0.00016955 0.00015385 0.00015465 0.0001635 0.00015425 0.0001527 0.00014765 0.000163 0.00014945 0.00017325
41 0.00017835 0.0001255 0.0001506 0.0001581 0.0001593 0.0001715 0.00013775 0.00017145 0.00015725 0.00017885 0.0001573 0.00013055 0.0001559 0.000156 0.00016255 0.00017405 0.00015155 0.000173 0.00013275 0.00017055 0.00012925 0.00018325 0.00018845 0.00016935 0.00012775 0.0001311 0.00018885 0.00012555 0.00016225 0.0001684 0.00014765 0.0001706 0.0001633 0.0001671 0.0001704 0.00016265 0.00016105 9.335e-05 0.00015995 0.0001484 0.00018305 0.0001865 0.00015455 0.00018 0.00015685 0.00014485 0.00012715 0.0001716 0.0001775 0.00017235 0.00016195 0.0001328 0.00016145 0.0001689 0.0001706 0.00017715 0.0001499 0.00017705
42 0.0001161 0.0001237 0.0001312 0.0001094 0.00012725 0.0001277 0.0001381 0.00012765 0.0001209 0.00014875 0.000121 0.00012545 8.925e-05 8.94e-05 0.00011345 0.00010585 0.00011865 0.000109 0.0001344 0.00010575 0.00016175 0.000136 0.0001265 0.0001202 0.00012245 0.0001477 0.0001415 0.00012375 0.0001035 0.0001151 0.00014485 0.0001058 0.00011335 0.0001112 0.00011105 0.00014735 0.0001035 0.0001581 0.00013435 9.87e-05 0.0001486 0.00015455 0.0001781 0.0001604 0.0001112 0.00013225 0.0001478 0.0001278 0.0001498 0.0001309 0.0001035 0.000119 0.0001137 0.0001323 0.00010585 0.0001144 9.775e-05 0.0001202
43 0.00015485 0.00015435 0.00018025 0.00013595 0.00017805 0.00015675 0.00017215 0.00016075 0.00013615 0.0001014 0.0001362 0.00016405 0.0001358 0.00013585 0.00014385 0.00015495 0.0001288 0.0001769 0.00014735 0.00016015 0.0001658 0.00015805 0.0001743 0.00012765 0.00013155 0.00015615 0.00011145 0.0001544 0.00015615 0.0001596 0.00013905 0.0001602 0.0001499 0.0001443 0.000148 0.00015345 0.00018085 0.00016065 0.000141 0.0001648 0.00011605 0.00018 0.0001604 0.0002026 0.00013645 0.0001634 0.00015395 0.0001609 0.00014405 0.00014795 0.00015505 0.00016465 0.00016415 0.00015995 0.00016015 0.00015885 0.00015325 0.0001806
44 9.41e-05 0.00010585 0.00014475 5.365e-05 0.00017365 9.715e-05 0.0001348 9.71e-05 7.965e-05 8.885e-05 7.965e-05 0.0001348 5.345e-05 5.34e-05 7.955e-05 9.71e-05 5.355e-05 0.0001358 0.00010165 9.72e-05 0.00015605 0.00013755 0.0001684 7.09e-05 7.62e-05 0.0001197 0.00010035 0.0001059 7.72e-05 0.00012075 0.0001201 9.725e-05 9.18e-05 0.000104 0.00011885 0.0001161 0.00013495 0.0001338 0.0001266 0.00012075 0.00014535 0.00015685 0.0001112 0.00013645 0.0001067 0.00010525 0.00010525 9.725e-05 0.00013365 0.00011905 7.585e-05 0.0001155 0.00010505 0.0001059 9.71e-05 0.00010265 0.00011175 0.00012095
45 0.000127 0.0001329 0.00015295 0.0001043 0.00015725 0.0001326 0.0001504 0.00013255 0.0001265 0.0001433 0.0001266 0.00015035 9.8e-05 9.815e-05 0.0001205 0.00012545 0.00011125 0.0001485 0.00013305 0.00012535 0.00015 0.0001615 0.00017355 0.000122 0.0001219 0.00014745 0.0001463 0.00013295 0.00011215 0.0001456 0.00014845 0.0001254 0.00012815 0.00013925 0.00014305 0.00012905 0.0001466 0.00015225 0.0001527 0.00013975 0.00016155 0.00014485 0.00013225 0.0001634 0.00010525 0.0001956 0.00013895 0.0001327 0.0001397 0.00014905 0.00011115 0.00010805 0.00013115 0.0001305 0.00012545 0.0001312 0.00013785 0.0001397
46 0.00013085 0.0001056 0.00012315 0.00010855 0.0001785 0.0001095 0.0001051 0.00010945 9.695e-05 0.0001221 9.7e-05 0.0001105 0.00012675 0.00012685 0.00011025 0.0001345 9.195e-05 0.0001365 0.0001055 0.000131 0.00013075 0.0001287 0.00016475 0.00012605 8.72e-05 8.35e-05 0.00014095 0.00010565 0.00012045 0.0001205 0.0001174 0.000131 0.00011555 0.000131 0.00015365 0.00013905 0.00014165 7.36e-05 0.00012885 0.000142 0.0001678 0.00012715 0.0001478 0.00015395 0.00010525 0.00013895 0.000147 0.0001096 0.00016855 0.0001352 0.00011975 0.0001504 0.00012225 0.0001199 0.00013105 0.000137 0.000135 0.0001248
47 8.895e-05 0.0001551 0.00010785 0.00010145 0.0001449 6.185e-05 0.0001095 5.145e-05 0.00010645 0.00011755 0.00010655 0.00014565 0.0001429 0.000143 0.00011245 0.00011225 9.13e-05 7.775e-05 0.0001464 9.715e-05 0.00017215 8.195e-05 0.000101 0.00012495 0.00014045 0.00012455 0.0001177 0.00015515 0.00010295 0.00010285 0.00014135 9.72e-05 0.0001123 0.00012415 0.00014675 0.00011835 8.8e-05 0.0001674 0.00013085 0.0001299 0.0001635 0.0001716 0.0001278 0.0001609 9.725e-05 0.0001327 0.0001096 0.0001029 0.0001533 0.00010505 0.00010295 0.0001562 9.63e-05 7.745e-05 9.72e-05 8.85e-05 0.000123 5.735e-05
48 0.00014235 0.00017045 0.00018155 0.0001335 0.00012025 0.00015545 0.00018105 0.00015315 0.00015925 8.69e-05 0.00015925 0.0001875 0.00013395 0.0001339 0.00015315 0.0001581 0.0001398 0.0001769 0.00013825 0.0001535 0.000133 0.00014645 0.0001815 0.0001151 0.0001571 0.0001817 8.97e-05 0.0001705 0.00014135 0.000178 0.0001385 0.00015355 0.00016095 0.0001643 0.0001588 0.00010385 0.00015725 0.00019125 0.0001418 0.0001524 0.00016955 0.0001775 0.0001498 0.00014405 0.00013365 0.0001397 0.00016855 0.0001533 0.0001496 0.0001582 0.00014025 0.00013925 0.00015575 0.0001556 0.00015345 0.00012805 0.0001554 0.00016095
49 0.0001196 0.0001559 0.00014475 0.0001166 0.00014845 0.0001104 0.0001404 0.0001049 0.00012145 0.00012575 0.0001215 0.0001577 0.00014135 0.0001414 0.0001284 0.00013505 0.00011215 0.00012285 0.00015195 0.00012725 0.00017345 0.00012005 0.00010935 0.0001308 0.00014035 0.0001429 0.0001304 0.00015595 0.00012575 0.00013005 0.0001515 0.0001273 0.00012825 0.0001365 0.0001166 0.000134 0.0001154 0.0001706 0.00014335 0.0001341 0.00015385 0.00017235 0.0001309 0.00014795 0.00011905 0.00014905 0.0001352 0.00010505 0.0001582 0.0001833 0.00012575 0.0001538 0.00013045 0.0001179 0.00012725 0.00012175 0.0001251 0.00011175
50 8.655e-05 0.0001052 0.0001321 7.61e-05 0.0001636 0.00010285 0.00012835 0.0001028 9.28e-05 0.0001243 9.29e-05 0.0001283 6.25e-05 6.265e-05 7.95e-05 8.96e-05 8.915e-05 0.0001115 0.00011175 8.95e-05 0.0001638 0.0001207 0.00014415 9.315e-05 0.00010735 0.00012065 0.0001284 0.00010525 6.365e-05 0.00010385 0.0001373 8.955e-05 8.075e-05 0.00010965 0.00011245 0.00013595 0.00010485 0.00014515 0.00013325 0.0001131 0.00015465 0.00016195 0.0001035 0.00015505 7.585e-05 0.00011115 0.00011975 0.00010295 0.00014025 0.00012575 0.0001246 0.0001214 9.74e-05 0.00011165 8.96e-05 9.495e-05 0.00011745 9.085e-05
51 0.0001438 0.0001311 0.0001644 0.0001137 0.0001409 0.0001561 0.00016185 0.00015605 0.00013675 0.0001516 0.00013685 0.0001492 9.5e-05 9.515e-05 0.00013075 0.0001357 0.0001215 0.00016295 0.00013405 0.0001356 0.0001451 0.0001774 0.00017915 0.0001245 0.0001201 0.0001589 0.0001546 0.00013115 0.0001224 0.0001565 0.0001523 0.00013565 0.0001384 0.0001396 0.0001354 0.00013535 0.0001466 0.00015165 0.00015655 0.0001277 0.0001635 0.0001328 0.000119 0.00016465 0.0001155 0.00010805 0.0001504 0.0001562 0.00013925 0.0001538 0.0001214 0.0001896 0.0001426 0.000154 0.0001357 0.00014425 0.0001246 0.0001632
52 0.0001028 0.0001235 0.00010565 0.00010835 0.0001526 9.62e-05 0.0001153 9.615e-05 0.0001155 0.00014275 0.0001155 0.00012075 0.00010575 0.0001058 0.00010795 0.00010035 0.0001126 8.925e-05 0.0001289 9.69e-05 0.00016235 0.00011325 0.0001181 0.0001259 0.00012235 0.0001256 0.0001355 0.00012355 9.74e-05 0.0001051 0.00013345 9.695e-05 0.00010785 0.0001177 0.00012805 0.0001471 0.00010545 0.0001413 0.00012295 0.00010785 0.00015425 0.00016145 0.0001137 0.00016415 0.00010505 0.00013115 0.00012225 9.63e-05 0.00015575 0.00013045 9.74e-05 0.0001426 0.0001761 0.0001079 9.69e-05 0.0001029 0.0001224 8.865e-05
53 9.765e-05 0.0001482 0.00011815 0.0001101 0.0001483 7.735e-05 0.0001177 7.73e-05 0.0001022 0.00013075 0.0001023 0.0001388 0.0001365 0.0001366 0.0001082 0.000108 9.995e-05 8.995e-05 0.00014935 0.00010795 0.00016415 0.00010475 0.000116 0.00012845 0.00013355 0.0001198 0.0001309 0.00014825 0.00011165 9.865e-05 0.00014425 0.000108 0.00010805 0.00011785 0.00014455 0.0001259 0.0001076 0.00016 0.00013375 0.00013395 0.0001527 0.0001689 0.0001323 0.00015995 0.0001059 0.0001305 0.0001199 7.745e-05 0.0001556 0.0001179 0.00011165 0.000154 0.0001079 0.0001503 0.000108 0.00010705 0.0001275 8.325e-05
54 9.56e-05 0.0001235 0.00011445 9.73e-05 0.00015295 9.71e-05 0.00012355 9.705e-05 0.0001047 0.0001377 0.00010465 0.00012355 8.965e-05 8.955e-05 9.71e-05 8.95e-05 0.0001048 8.965e-05 0.0001316 8.965e-05 0.00017065 0.0001113 0.0001186 0.00011465 0.00012245 0.00013095 0.00013045 0.00012355 8.96e-05 9.71e-05 0.000139 8.97e-05 9.705e-05 0.00010655 0.00011965 0.0001444 0.00010575 0.00015745 0.0001285 0.0001148 0.00014765 0.0001706 0.00010585 0.00016015 9.71e-05 0.00012545 0.00013105 9.72e-05 0.00015345 0.00012725 8.96e-05 0.0001357 9.69e-05 0.000108 0.000179 9.77e-05 0.00011455 8.955e-05
55 9.335e-05 0.00014365 0.0001204 0.0001029 0.00013725 9.47e-05 0.00012685 8.835e-05 0.0001226 0.00011335 0.0001227 0.0001435 0.00011185 0.000112 0.00011515 0.00010755 0.0001101 9.235e-05 0.0001268 9.76e-05 0.00016635 9.765e-05 0.0001157 0.00010845 0.0001424 0.00014675 0.0001061 0.0001437 9.495e-05 0.0001149 0.0001358 9.765e-05 0.00011505 0.0001251 0.000131 0.0001255 9.77e-05 0.0001754 0.0001253 0.00012135 0.000163 0.00017715 0.0001144 0.00015885 0.00010265 0.0001312 0.000137 8.85e-05 0.00012805 0.00012175 9.495e-05 0.00014425 0.0001029 0.00010705 9.77e-05 0.0001565 0.0001231 8.09e-05
56 0.00012455 0.00012425 0.00013455 0.00011 0.0001275 0.0001229 0.00013335 0.00012285 0.00010795 0.000136 0.000108 0.0001207 0.0001033 0.00010345 0.0001141 0.00011455 0.00010555 0.00011235 0.000135 0.00011445 0.0001539 0.0001313 0.00012985 0.00012075 0.00010925 0.0001349 0.0001368 0.0001243 0.00011745 0.0001104 0.00014015 0.0001145 0.00011395 0.0001064 0.0001187 0.0001395 0.0001121 0.00014525 0.00012965 0.0001074 0.00014945 0.0001499 9.775e-05 0.00015325 0.00011175 0.00013785 0.000135 0.000123 0.0001554 0.0001251 0.00011745 0.0001246 0.0001224 0.0001275 0.00011455 0.0001231 0.0001822 0.0001288
57 8.145e-05 0.00015375 9.525e-05 0.00012505 0.0001346 6.76e-05 0.00010245 5.72e-05 0.00011995 0.00015435 0.00012 0.0001386 0.00015325 0.0001533 0.00011255 0.0001046 0.0001284 5.215e-05 0.00015735 8.955e-05 0.0001804 6.41e-05 7.54e-05 0.00014875 0.0001731 0.00012525 0.0001471 0.0001538 8.95e-05 8.5e-05 0.0001597 8.955e-05 0.00010015 0.00012995 0.00014015 0.0001393 5.655e-05 0.0001789 0.00013755 0.00012225 0.00017325 0.00017705 0.0001202 0.0001806 0.00012095 0.0001397 0.0001248 5.735e-05 0.00016095 0.00011175 9.085e-05 0.0001632 8.865e-05 8.325e-05 8.955e-05 8.09e-05 0.0001288 5.17e-05
