 slim_761969637 slim_761969652 slim_761969638 slim_761969648 slim_761969662 slim_761969633 slim_761969651 slim_761969634 slim_761969611 slim_761969630 slim_761969639 slim_761969631 slim_761969642 slim_761969628 slim_761969622 slim_761969643 slim_761969623 slim_761969635 slim_761969655 slim_761969629 slim_761969650 slim_761969603 slim_761969659 slim_761969620 slim_761969627 slim_761969647 slim_761969654 slim_761969646 slim_761969607 slim_761969604 slim_761969626 slim_761969656 slim_761969608 slim_761969609 slim_761969612 slim_761969606 slim_761969636 slim_761969616 slim_761969610 slim_761969617 slim_761969660 slim_761969653 slim_761969663 slim_761969641 slim_761969619 slim_761969605 slim_761969614 slim_761969613 slim_761969618 slim_761969624 slim_761969621 slim_761969615 slim_761969661 slim_761969657 slim_761969658 slim_761969649 slim_761969640 slim_761969625 slim_761969632 slim_761969645 slim_761969644
0 0.0002002 0.0001589 0.00014255 0.00015655 0.0001565 0.00017885 0.0001827 0.0001792 0.0001211 0.0001739 0.00016425 0.000137 0.00013705 0.000178 0.0001738 0.00015655 0.00019315 0.00014375 0.0001941 0.00014885 0.0001371 0.0001399 0.000179 0.0001682 0.00017695 0.00015105 0.0001634 0.00013315 0.0001638 0.00017715 0.00017035 0.0001854 0.00018405 0.00014325 0.0001435 0.0001556 0.00014905 0.0001777 0.000185 0.000183 0.00019295 0.0001497 0.00017425 0.00016765 0.0001313 0.0001933 0.0001508 0.0001499 0.0001441 0.0001828 0.00017845 0.00017805 0.00014815 0.00016455 0.0001855 0.0001845 0.00015395 0.00018245 0.0001818 0.00016965 0.0001439
1 0.0001589 0.0001756 0.00017825 0.00017075 0.00016175 0.0001779 0.0001656 0.00017705 0.00011855 0.0001857 0.00013525 0.0001847 0.0001599 0.00016825 0.0001635 0.0001682 0.00017225 0.0001758 0.0001825 0.000137 0.00015235 0.0001629 0.00017685 0.0001744 0.000181 0.00017725 0.0001303 0.00014845 0.0001643 0.00017135 0.0001622 0.00018215 0.0001764 0.00017555 0.0001561 0.00017435 0.0001664 0.0001833 0.0001728 0.00017635 0.0001727 0.00013255 0.0001666 0.0001763 0.0001734 0.00017995 0.0001605 0.00016165 9.005e-05 0.0001624 0.00017925 0.00018305 0.00015615 0.0001702 0.0001754 0.0001795 0.0001785 0.0001745 0.000171 0.00017545 0.0001557
2 0.00014255 0.00017825 0.0001774 0.0001403 0.0001408 0.00017955 0.0001762 0.0001296 0.000179 0.000168 0.00017145 0.00012835 0.0001822 0.0001481 0.00014865 0.00011955 0.0001842 0.0001328 0.0001839 0.0001569 0.00012945 0.0001793 0.00017315 0.00017065 0.0001768 0.00018 0.00015305 0.0001517 0.00017415 0.0001268 0.0001494 0.0001708 0.0001182 0.00013495 0.0001848 0.0001698 0.00015655 0.0001601 8.875e-05 0.00013595 0.0001814 0.00016635 0.00013635 0.000108 0.000131 0.0001418 0.0001955 0.0001827 0.0001807 0.0001775 0.00014615 0.0001702 0.0001737 0.0001739 0.00017945 0.00012855 0.00012135 0.0001371 0.0001548 0.0001584 0.0001678
3 0.00015655 0.00017075 0.0001403 0.0001959 0.00011485 0.00018005 0.0001797 0.00014005 0.00014335 0.00017815 0.00017115 0.0001804 0.0001543 0.0001571 0.0001535 0.00011035 0.0001878 0.0001873 0.0001911 0.00016675 0.00017435 0.000111 0.0001806 0.00016155 0.00017835 0.0001381 0.00014945 0.00017635 0.0001399 0.00013675 0.0001539 0.00018335 0.0001327 0.0001843 0.0001579 0.0001327 0.00014125 0.00018315 9.8e-05 0.00014945 0.000186 0.00017635 0.00015535 0.00013 0.0001638 0.00014755 0.00016365 0.00015555 0.0001655 0.0001801 0.00015485 0.00019015 0.0001401 0.00014195 0.00018285 0.00013965 0.00015695 0.0001382 0.0001585 0.00017985 0.00015425
4 0.0001565 0.00016175 0.0001408 0.00011485 0.0001209 0.00016805 0.0001844 0.00013375 0.00013355 0.00016715 0.00016475 0.00017395 0.0001497 0.00012305 0.00011485 0.00012135 0.0001895 0.0001825 0.00019115 0.0001493 0.0001713 0.0001379 0.00018135 0.0001687 0.00016825 0.00014805 0.0001725 0.0001659 0.0001575 0.0001353 0.00011915 0.0001944 0.00014425 0.00018765 0.00016385 0.00015825 0.0001597 0.0001787 0.00010085 0.00017795 0.00019675 0.0001735 0.0001392 0.00012905 0.0001755 0.00014395 0.00015955 0.0001595 0.00017695 0.00018325 0.00016775 0.00018565 0.00012815 0.00012785 0.00018785 0.0001471 0.0001301 0.00013505 0.00013835 0.00018625 0.0001565
5 0.00017885 0.0001779 0.00017955 0.00018005 0.00016805 0.0001708 0.00018055 0.00013605 0.0001792 8.54e-05 0.0001763 0.00013025 0.000134 0.00016165 0.00012625 0.00018285 0.0001753 0.000171 0.0001722 0.00017545 0.00017605 0.0001765 0.0001328 0.00013145 8.695e-05 0.0001308 0.0001862 0.00018325 0.00013195 0.0001826 0.00015515 0.0001761 0.00017675 0.0001759 0.0001797 0.0001728 0.0001765 0.00018715 0.000184 0.00017355 0.0001863 0.00018735 0.0001587 0.0001807 0.0001763 0.0001759 0.0001751 0.0001883 0.0001934 0.000179 0.00013155 0.00018465 0.00018965 0.00017595 0.00017615 0.0001797 0.0001819 0.0001362 0.0001383 0.0001516 0.00013485
6 0.0001827 0.0001656 0.0001762 0.0001797 0.0001844 0.00018055 0.0001701 0.0001747 0.0001854 0.00017345 0.0001764 0.00017725 0.0001789 0.0001399 0.00018415 0.00017745 0.0001319 0.00013675 0.00017535 0.000184 0.0001581 0.0001671 0.0001697 0.0001735 0.00017855 0.0001808 0.00016375 0.00017075 0.0001775 0.00016565 0.0001544 0.0001714 0.00017545 0.00017365 0.0001782 0.0001838 0.0001416 0.00016895 0.00017135 0.0001756 0.00013155 0.0001577 0.00018245 0.00018005 0.0001773 0.0001751 0.0001815 0.00018125 0.0001536 0.00013095 0.0001726 0.00016945 0.00017665 0.00017485 0.00012705 0.00017105 0.00017395 0.00017745 0.00015045 0.00016515 0.0001705
7 0.0001792 0.00017705 0.0001296 0.00014005 0.00013375 0.00013605 0.0001747 0.0001763 0.0001753 8.815e-05 0.0001732 0.0001282 0.00013915 0.00013945 0.00012975 0.00013315 0.0001775 0.0001651 0.00017865 0.00016685 0.00016635 0.0001753 0.000137 0.00013325 0.0001174 0.0001387 0.0001535 0.0001714 0.000173 0.0001289 0.0001468 0.0001732 0.00012245 0.00017705 0.0001826 0.00017155 0.00016635 0.0001691 9.095e-05 0.00014045 0.0001809 0.0001732 0.00013485 0.0001219 0.0001733 0.0001367 0.0001862 0.0001808 0.00018125 0.00017485 0.0001076 0.00017845 0.00017445 0.00017005 0.00018055 0.00013115 0.00014165 0.00011875 0.00011335 0.00015245 0.0001266
8 0.0001211 0.00011855 0.000179 0.00014335 0.00013355 0.0001792 0.0001854 0.0001753 0.0001062 0.0001821 0.00012215 0.00018555 0.00011765 0.00017135 0.0001558 0.0001593 0.0001924 0.0001867 0.00020125 0.0001171 0.0001803 0.00012995 0.0001871 0.00017225 0.00017715 0.00014995 0.00013725 0.00013945 0.0001596 0.0001706 0.00015155 0.0001972 0.0001837 0.0001901 0.00012645 0.00015805 0.00015945 0.00019375 0.000169 0.00018515 0.0001929 0.00014015 0.00016945 0.0001704 0.0001757 0.000186 0.000128 0.0001314 0.0001028 0.00017925 0.00017705 0.0001912 0.00012305 0.0001597 0.000197 0.00018185 0.00017325 0.00017055 0.0001825 0.0001899 0.00012845
9 0.0001739 0.0001857 0.000168 0.00017815 0.00016715 8.54e-05 0.00017345 8.815e-05 0.0001821 0.0 0.0001834 8.055e-05 9.335e-05 0.0001494 0.00012895 0.0001743 0.0001691 0.0001535 0.00016965 0.00017445 0.0001698 0.0001749 9.475e-05 8.6e-05 5.055e-05 9.075e-05 0.0001847 0.00016915 0.00017145 0.00017105 0.00016155 0.0001694 0.0001706 0.00017515 0.0001805 0.00017385 0.00016565 0.0001728 0.0001749 0.0001701 0.00018035 0.000177 0.0001484 0.00017165 0.00016655 0.00017005 0.00017585 0.0001867 0.00019475 0.00017095 8.7e-05 0.00017385 0.00019345 0.0001833 0.00017805 0.0001697 0.000164 0.00013795 9.33e-05 0.0001291 8.665e-05
10 0.00016425 0.00013525 0.00017145 0.00017115 0.00016475 0.0001763 0.0001764 0.0001732 0.00012215 0.0001834 0.000188 0.00018075 0.0001669 0.000166 0.0001582 0.0001664 0.000173 0.0001761 0.00015635 0.0001366 0.0001698 0.0001721 0.0001406 0.0001741 0.0001772 0.0001805 0.0001464 0.00015885 0.0001691 0.0001706 0.0001606 0.00015405 0.00017145 0.00013605 0.0001426 0.0001778 0.00017305 0.00018355 0.0001648 0.0001712 0.00017185 0.0001525 0.00016005 0.000165 0.00017145 0.00017145 0.00016415 0.00017035 0.00012925 0.0001708 0.0001739 0.00017645 0.0001637 0.00014075 0.0001426 0.00016905 0.0001711 0.00016785 0.00017455 0.0001354 0.00016355
11 0.000137 0.0001847 0.00012835 0.0001804 0.00017395 0.00013025 0.00017725 0.0001282 0.00018555 8.055e-05 0.00018075 0.0001611 0.000137 0.00015815 0.00014835 0.0001619 0.0001777 0.0001224 0.0001747 0.0001635 0.0001307 0.0001808 0.00013085 0.000124 0.0001113 0.00013265 0.00018425 0.00014845 0.00017525 0.00017065 0.00016465 0.0001683 0.0001698 0.00013215 0.00018255 0.00017405 0.000157 0.000165 0.00017615 0.000169 0.00018425 0.00016795 0.0001511 0.00015895 0.000124 0.00017705 0.0001856 0.00019055 0.00019405 0.00017585 0.0001276 0.00016645 0.00019465 0.000187 0.00017715 0.00017055 0.0001427 0.00015905 0.0001334 0.00013635 0.0001299
12 0.00013705 0.0001599 0.0001822 0.0001543 0.0001497 0.000134 0.0001789 0.00013915 0.00011765 9.335e-05 0.0001669 0.000137 0.0001867 0.00016925 0.0001544 0.00016895 0.00018455 0.00017485 0.00018905 0.0001598 0.0001762 0.000134 0.00014285 0.0001302 0.0001162 0.0001091 0.00016385 0.00015385 0.00016 0.00017755 0.00016725 0.0001865 0.00018485 0.00018625 0.00014145 0.0001554 0.0001577 0.0001855 0.00018375 0.0001841 0.00018905 0.00015875 0.00017155 0.00018035 0.00017385 0.0001863 0.00014105 0.00014605 0.0001448 0.0001779 0.00013785 0.00018545 0.00014695 0.00016085 0.0001864 0.00018365 0.00017525 0.00016135 0.0001417 0.0001624 0.00010065
13 0.000178 0.00016825 0.0001481 0.0001571 0.00012305 0.00016165 0.0001399 0.00013945 0.00017135 0.0001494 0.000166 0.00015815 0.00016925 0.000193 0.00012835 0.00014645 0.00017015 0.0001619 0.0001724 0.0001591 0.000158 0.0001791 0.00016385 0.00016125 0.00015485 0.0001672 0.0001728 0.00016965 0.00017405 0.00014865 0.0001364 0.0001771 0.00015825 0.0001726 0.0001831 0.00018605 0.00016735 0.0001745 0.0001293 0.0001763 0.00017895 0.00017385 0.00014325 0.00014355 0.00017 0.0001486 0.0001784 0.0001851 0.0001801 0.00017335 0.00015745 0.00017615 0.00016985 0.0001638 0.00014205 0.0001532 0.00014465 0.00014475 0.00014225 0.00016545 0.0001653
14 0.0001738 0.0001635 0.00014865 0.0001535 0.00011485 0.00012625 0.00018415 0.00012975 0.0001558 0.00012895 0.0001582 0.00014835 0.0001544 0.00012835 0.0001663 0.00014815 0.00018235 0.00017175 0.0001753 0.00015015 0.00016845 0.0001776 0.00015655 0.0001545 0.0001061 0.00015325 0.0001736 0.000171 0.00014995 0.00015425 0.0001174 0.00017405 0.0001534 0.00017615 0.00017635 0.00017735 0.0001733 0.00017945 0.00012955 0.00016995 0.0001897 0.00017785 0.00013015 0.00014315 0.0001739 0.00015375 0.0001788 0.0001836 0.000184 0.00018375 0.00014585 0.0001809 0.0001716 0.0001652 0.00018185 0.0001524 0.00014745 0.0001064 0.0001398 0.00016075 0.0001548
15 0.00015655 0.0001682 0.00011955 0.00011035 0.00012135 0.00018285 0.00017745 0.00013315 0.0001593 0.0001743 0.0001664 0.0001619 0.00016895 0.00014645 0.00014815 0.000179 0.00018285 0.00016375 0.0001837 0.0001496 0.00015585 0.00012685 0.00017455 0.0001609 0.00018115 0.00015275 0.0001433 0.0001432 0.0001439 0.0001289 0.0001485 0.00017645 0.0001239 0.0001636 0.00017035 0.00014465 0.00012695 0.0001626 8.955e-05 0.0001406 0.00018155 0.00015785 0.00014065 0.0001092 0.0001485 0.00014005 0.00017695 0.00016815 0.0001624 0.0001765 0.0001487 0.0001702 0.0001539 0.0001544 0.00017815 0.0001327 0.0001238 0.00013875 0.0001551 0.0001644 0.00015455
16 0.00019315 0.00017225 0.0001842 0.0001878 0.0001895 0.0001753 0.0001319 0.0001775 0.0001924 0.0001691 0.000173 0.0001777 0.00018455 0.00017015 0.00018235 0.00018285 0.000181 0.000138 0.00012695 0.00018535 0.000177 0.0001702 0.0001648 0.0001597 0.00017535 0.00018135 0.00017805 0.0001741 0.0001769 0.00017625 0.00015255 0.0001637 0.0001749 0.0001737 0.0001817 0.0001806 0.00014395 0.0001641 0.0001821 0.00017515 0.00012855 0.000164 0.00017045 0.00018875 0.0001683 0.00013635 0.0001452 0.0001867 0.0001716 0.0001208 0.0001759 0.00016125 0.00018835 0.000178 0.0001634 0.00017305 0.0001747 0.0001818 0.00015515 0.00016305 0.00017505
17 0.00014375 0.0001758 0.0001328 0.0001873 0.0001825 0.000171 0.00013675 0.0001651 0.0001867 0.0001535 0.0001761 0.0001224 0.00017485 0.0001619 0.00017175 0.00016375 0.000138 0.0001516 0.0001788 0.00016425 0.0001316 0.0001717 0.0001639 0.00016545 0.0001659 0.00017695 0.00017785 0.0001288 0.00018155 0.00016755 0.0001425 0.0001711 0.00016785 0.0001331 0.00018815 0.00018085 0.00012535 0.0001449 0.0001743 0.00016915 0.0001369 0.00014365 0.00015705 0.0001617 0.00013435 0.000176 0.00018685 0.0001886 0.0001776 0.00014015 0.00016525 0.00014215 0.00018625 0.00018685 0.0001712 0.0001682 0.0001275 0.00017625 0.00015235 0.00014405 0.00016395
18 0.0001941 0.0001825 0.0001839 0.0001911 0.00019115 0.0001722 0.00017535 0.00017865 0.00020125 0.00016965 0.00015635 0.0001747 0.00018905 0.0001724 0.0001753 0.0001837 0.00012695 0.0001788 0.0001593 0.00018895 0.0001735 0.00018895 0.0001428 0.00015885 0.0001683 0.00018195 0.0001852 0.0001881 0.00017855 0.0001866 0.0001849 0.0001025 0.00018155 0.00014915 0.0001441 0.0001846 0.0001829 0.00017785 0.00018805 0.00018245 0.00016835 0.00018255 0.0001732 0.00018645 0.0001639 0.00013395 0.00014405 0.0001896 0.0001806 0.0001619 0.0001798 0.00017375 0.0001925 0.0001571 0.00014225 0.00015665 0.00018385 0.00017745 0.0001716 0.00013895 0.00018425
19 0.00014885 0.000137 0.0001569 0.00016675 0.0001493 0.00017545 0.000184 0.00016685 0.0001171 0.00017445 0.0001366 0.0001635 0.0001598 0.0001591 0.00015015 0.0001496 0.00018535 0.00016425 0.00018895 0.0001783 0.00016615 0.00017 0.00017995 0.0001686 0.00017655 0.0001734 0.0001379 0.00012905 0.00016965 0.00016205 0.00014855 0.00018615 0.00017435 0.0001683 0.0001667 0.00017985 0.00015705 0.0001683 0.00016125 0.0001589 0.0001847 0.0001443 0.00015365 0.000131 0.00015765 0.00017555 0.0001674 0.00016915 0.0001464 0.00017265 0.00015245 0.00016565 0.0001614 0.000181 0.00019045 0.00017265 0.0001374 0.0001699 0.0001752 0.00017325 0.00015625
20 0.0001371 0.00015235 0.00012945 0.00017435 0.0001713 0.00017605 0.0001581 0.00016635 0.0001803 0.0001698 0.0001698 0.0001307 0.0001762 0.000158 0.00016845 0.00015585 0.000177 0.0001316 0.0001735 0.00016615 0.0001832 0.00017565 0.00016455 0.00017055 0.00017465 0.00017565 0.0001518 0.0001454 0.000172 0.00016805 0.0001728 0.0001639 0.0001673 0.00012655 0.0001706 0.00017435 0.0001597 0.0001714 0.0001673 0.00016985 0.00017455 0.0001454 0.0001606 0.00015715 0.00013145 0.00017795 0.0001855 0.00018275 0.00013325 0.00017265 0.00017115 0.00017145 0.00018 0.00017205 0.0001527 0.00016825 0.00015075 0.00017335 0.00016245 0.000151 0.00016805
21 0.0001399 0.0001629 0.0001793 0.000111 0.0001379 0.0001765 0.0001671 0.0001753 0.00012995 0.0001749 0.0001721 0.0001808 0.000134 0.0001791 0.0001776 0.00012685 0.0001702 0.0001717 0.00018895 0.00017 0.00017565 0.0001002 0.00017435 0.0001547 0.0001754 0.00011255 0.0001613 0.00015505 0.000114 0.0001735 0.00016445 0.00018485 0.0001746 0.000182 0.00013995 0.0001137 0.00010045 0.00017695 0.0001719 0.0001735 0.0001704 0.00015655 0.0001757 0.00017615 0.0001606 0.0001816 0.0001421 0.00014325 0.00015095 0.00016505 0.00017235 0.0001767 0.0001364 0.00013495 0.0001776 0.0001774 0.0001714 0.00017385 0.00017315 0.0001732 0.00013395
22 0.000179 0.00017685 0.00017315 0.0001806 0.00018135 0.0001328 0.0001697 0.000137 0.0001871 9.475e-05 0.0001406 0.00013085 0.00014285 0.00016385 0.00015655 0.00017455 0.0001648 0.0001639 0.0001428 0.00017995 0.00016455 0.00017435 0.0001895 0.0001307 0.00011615 0.0001383 0.00017365 0.00017305 0.00016975 0.0001779 0.0001758 0.00014055 0.00017415 0.00013245 0.0001564 0.0001754 0.0001695 0.0001748 0.00017935 0.00017225 0.00016925 0.0001709 0.00016365 0.0001753 0.0001668 0.0001717 0.00017745 0.0001851 0.00017165 0.00016885 0.0001352 0.00017195 0.0001884 0.0001409 0.0001306 0.00016935 0.0001726 0.0001584 0.0001337 0.0001064 0.000136
23 0.0001682 0.0001744 0.00017065 0.00016155 0.0001687 0.00013145 0.0001735 0.00013325 0.00017225 8.6e-05 0.0001741 0.000124 0.0001302 0.00016125 0.0001545 0.0001609 0.0001597 0.00016545 0.00015885 0.0001686 0.00017055 0.0001547 0.0001307 0.000172 0.0001156 0.00011495 0.0001798 0.00017165 0.0001597 0.0001737 0.00016985 0.0001698 0.0001766 0.00017 0.0001725 0.00015885 0.00015405 0.0001787 0.0001793 0.000175 0.00017905 0.0001758 0.00016165 0.00017525 0.000124 0.0001633 0.00016075 0.00018165 0.00018285 0.0001469 0.0001311 0.0001776 0.00018385 0.0001743 0.0001732 0.00017415 0.0001713 0.0001622 0.00013305 0.00014875 0.0001289
24 0.00017695 0.000181 0.0001768 0.00017835 0.00016825 8.695e-05 0.00017855 0.0001174 0.00017715 5.055e-05 0.0001772 0.0001113 0.0001162 0.00015485 0.0001061 0.00018115 0.00017535 0.0001659 0.0001683 0.00017655 0.00017465 0.0001754 0.00011615 0.0001156 0.0001011 0.0001129 0.00018585 0.00018065 0.00015035 0.00018195 0.0001525 0.00016535 0.00017685 0.00017695 0.00017395 0.00017365 0.0001746 0.00018375 0.00018155 0.0001749 0.00018365 0.00018475 0.00015225 0.0001795 0.00017635 0.00017615 0.0001762 0.00018675 0.00019265 0.0001802 0.00011415 0.0001812 0.00019145 0.00017815 0.0001756 0.0001731 0.00017845 0.0001161 0.00012125 0.00013495 0.00011705
25 0.00015105 0.00017725 0.00018 0.0001381 0.00014805 0.0001308 0.0001808 0.0001387 0.00014995 9.075e-05 0.0001805 0.00013265 0.0001091 0.0001672 0.00015325 0.00015275 0.00018135 0.00017695 0.00018195 0.0001734 0.00017565 0.00011255 0.0001383 0.00011495 0.0001129 0.0001815 0.0001807 0.00017315 0.00014105 0.00018065 0.0001692 0.0001809 0.00018435 0.00018155 0.0001557 0.000137 0.00014175 0.0001881 0.00018545 0.00018255 0.0001889 0.000178 0.00017015 0.000181 0.00015685 0.00018285 0.0001538 0.00016345 0.0001789 0.0001785 0.00013635 0.00018645 0.0001611 0.0001551 0.0001806 0.0001817 0.00017835 0.0001602 0.00013715 0.00015785 0.0001164
26 0.0001634 0.0001303 0.00015305 0.00014945 0.0001725 0.0001862 0.00016375 0.0001535 0.00013725 0.0001847 0.0001464 0.00018425 0.00016385 0.0001728 0.0001736 0.0001433 0.00017805 0.00017785 0.0001852 0.0001379 0.0001518 0.0001613 0.00017365 0.0001798 0.00018585 0.0001807 0.0001694 0.00014885 0.0001644 0.0001436 0.00017345 0.0001707 0.00014035 0.0001725 0.0001545 0.0001675 0.0001607 0.00017845 0.0001223 0.0001215 0.0001678 0.0001323 0.0001584 0.0001223 0.00017935 0.00016345 0.0001737 0.0001599 8.48e-05 0.00016445 0.0001347 0.0001828 0.00015995 0.0001735 0.00017345 0.00014885 0.0001699 0.0001546 0.0001676 0.0001687 0.0001488
27 0.00013315 0.00014845 0.0001517 0.00017635 0.0001659 0.00018325 0.00017075 0.0001714 0.00013945 0.00016915 0.00015885 0.00014845 0.00015385 0.00016965 0.000171 0.0001432 0.0001741 0.0001288 0.0001881 0.00012905 0.0001454 0.00015505 0.00017305 0.00017165 0.00018065 0.00017315 0.00014885 0.0001195 0.00017775 0.00015605 0.0001521 0.00018455 0.0001806 0.0001525 0.00016 0.0001813 0.0001285 0.00012805 0.00017565 0.0001804 0.00017305 9.11e-05 0.000166 0.000147 0.00015095 0.0001853 0.00016665 0.00016735 0.0001234 0.00016745 0.00017225 0.00012535 0.00016275 0.00017925 0.0001841 0.00018165 8.92e-05 0.00018385 0.00017825 0.0001576 0.00014635
28 0.0001638 0.0001643 0.00017415 0.0001399 0.0001575 0.00013195 0.0001775 0.000173 0.0001596 0.00017145 0.0001691 0.00017525 0.00016 0.00017405 0.00014995 0.0001439 0.0001769 0.00018155 0.00017855 0.00016965 0.000172 0.000114 0.00016975 0.0001597 0.00015035 0.00014105 0.0001644 0.00017775 0.0001845 0.0001747 0.0001622 0.00017805 0.00016525 0.00017325 0.00016315 0.0001359 0.00013515 0.00018765 0.00016925 0.00016075 0.0001806 0.00017845 0.00016385 0.00017265 0.0001635 0.0001744 0.00016395 0.00016755 0.00016585 0.0001762 0.0001659 0.0001877 0.0001646 0.000156 0.000173 0.0001738 0.00018675 0.0001492 0.00017465 0.0001679 0.00015355
29 0.00017715 0.00017135 0.0001268 0.00013675 0.0001353 0.0001826 0.00016565 0.0001289 0.0001706 0.00017105 0.0001706 0.00017065 0.00017755 0.00014865 0.00015425 0.0001289 0.00017625 0.00016755 0.0001866 0.00016205 0.00016805 0.0001735 0.0001779 0.0001737 0.00018195 0.00018065 0.0001436 0.00015605 0.0001747 0.0001667 0.0001485 0.00017545 0.0001184 0.0001771 0.00018185 0.0001718 0.00016075 0.00014815 8.34e-05 0.00013575 0.00016875 0.00015495 0.00014275 0.00011675 0.0001733 0.0001386 0.0001888 0.00016965 0.00016755 0.0001675 0.0001446 0.0001604 0.0001599 0.00016965 0.00018015 0.0001273 0.0001281 0.00013805 0.0001498 0.000176 0.0001628
30 0.00017035 0.0001622 0.0001494 0.0001539 0.00011915 0.00015515 0.0001544 0.0001468 0.00015155 0.00016155 0.0001606 0.00016465 0.00016725 0.0001364 0.0001174 0.0001485 0.00015255 0.0001425 0.0001849 0.00014855 0.0001728 0.00016445 0.0001758 0.00016985 0.0001525 0.0001692 0.00017345 0.0001521 0.0001622 0.0001485 0.0001829 0.0001884 0.0001557 0.00017935 0.0001822 0.00017855 0.00014285 0.00016505 0.00013105 0.00017285 0.00016175 0.000159 0.0001419 0.0001459 0.00017295 0.0001548 0.00017565 0.00018315 0.000181 0.0001542 0.0001635 0.00016565 0.0001662 0.0001683 0.00018545 0.0001582 0.00013145 0.0001372 0.0001451 0.0001799 0.00016765
31 0.0001854 0.00018215 0.0001708 0.00018335 0.0001944 0.0001761 0.0001714 0.0001732 0.0001972 0.0001694 0.00015405 0.0001683 0.0001865 0.0001771 0.00017405 0.00017645 0.0001637 0.0001711 0.0001025 0.00018615 0.0001639 0.00018485 0.00014055 0.0001698 0.00016535 0.0001809 0.0001707 0.00018455 0.00017805 0.00017545 0.0001884 8.52e-05 0.00017345 0.0001422 0.0001231 0.0001824 0.00017755 0.00016095 0.0001744 0.00017255 0.000145 0.00017595 0.0001733 0.0001729 0.0001687 0.00016845 0.00018295 0.000171 0.0001674 0.00017245 0.00017105 0.0001548 0.0001675 0.00015665 0.00014035 0.0001085 0.0001782 0.0001678 0.00016875 0.0001263 0.0001783
32 0.00018405 0.0001764 0.0001182 0.0001327 0.00014425 0.00017675 0.00017545 0.00012245 0.0001837 0.0001706 0.00017145 0.0001698 0.00018485 0.00015825 0.0001534 0.0001239 0.0001749 0.00016785 0.00018155 0.00017435 0.0001673 0.0001746 0.00017415 0.0001766 0.00017685 0.00018435 0.00014035 0.0001806 0.00016525 0.0001184 0.0001557 0.00017345 0.0001348 0.00017175 0.00018665 0.00013275 0.0001639 0.00017085 6.745e-05 8.555e-05 0.0001712 0.000179 0.0001024 0.0001122 0.0001758 0.0001283 0.000194 0.00017975 0.00017375 0.0001699 0.00013715 0.00018255 0.00017355 0.00017105 0.000184 0.00012005 0.0001509 0.0001252 0.00015225 0.000169 0.0001636
33 0.00014325 0.00017555 0.00013495 0.0001843 0.00018765 0.0001759 0.00017365 0.00017705 0.0001901 0.00017515 0.00013605 0.00013215 0.00018625 0.0001726 0.00017615 0.0001636 0.0001737 0.0001331 0.00014915 0.0001683 0.00012655 0.000182 0.00013245 0.00017 0.00017695 0.00018155 0.0001725 0.0001525 0.00017325 0.0001771 0.00017935 0.0001422 0.00017175 0.0001783 0.0001596 0.0001753 0.0001626 0.00016745 0.00018075 0.000169 0.00017185 0.000162 0.0001648 0.0001622 0.000127 0.0001787 0.0001869 0.0001888 0.0001705 0.0001743 0.00017525 0.00016325 0.00018875 0.00014555 0.00013105 0.00017165 0.00015175 0.0001797 0.0001738 0.0001151 0.00017895
34 0.0001435 0.0001561 0.0001848 0.0001579 0.00016385 0.0001797 0.0001782 0.0001826 0.00012645 0.0001805 0.0001426 0.00018255 0.00014145 0.0001831 0.00017635 0.00017035 0.0001817 0.00018815 0.0001441 0.0001667 0.0001706 0.00013995 0.0001564 0.0001725 0.00017395 0.0001557 0.0001545 0.00016 0.00016315 0.00018185 0.0001822 0.0001231 0.00018665 0.0001596 0.0002046 0.00015955 0.0001666 0.0001874 0.000185 0.0001857 0.000182 0.0001549 0.0001839 0.000182 0.00017455 0.0001855 0.0001441 0.0001465 0.0001259 0.00017875 0.00018185 0.00018545 0.00014425 0.00013715 0.00015665 0.00016445 0.0001824 0.00017615 0.0001796 0.00015305 0.0001485
35 0.0001556 0.00017435 0.0001698 0.0001327 0.00015825 0.0001728 0.0001838 0.00017155 0.00015805 0.00017385 0.0001778 0.00017405 0.0001554 0.00018605 0.00017735 0.00014465 0.0001806 0.00018085 0.0001846 0.00017985 0.00017435 0.0001137 0.0001754 0.00015885 0.00017365 0.000137 0.0001675 0.0001813 0.0001359 0.0001718 0.00017855 0.0001824 0.00013275 0.0001753 0.00015955 0.0002001 0.0001404 0.000191 0.00016535 0.000131 0.00018255 0.00018155 0.00013885 0.00017245 0.00015905 0.0001763 0.000162 0.0001643 0.0001712 0.00017575 0.0001679 0.00019135 0.0001621 0.0001559 0.0001842 0.000174 0.00018655 0.00016935 0.00017465 0.00017565 0.0001554
36 0.00014905 0.0001664 0.00015655 0.00014125 0.0001597 0.0001765 0.0001416 0.00016635 0.00015945 0.00016565 0.00017305 0.000157 0.0001577 0.00016735 0.0001733 0.00012695 0.00014395 0.00012535 0.0001829 0.00015705 0.0001597 0.00010045 0.0001695 0.00015405 0.0001746 0.00014175 0.0001607 0.0001285 0.00013515 0.00016075 0.00014285 0.00017755 0.0001639 0.0001626 0.0001666 0.0001404 0.0001663 0.0001519 0.00016475 0.00016125 0.00014405 0.0001417 0.00016045 0.0001586 0.0001454 0.00017365 0.00016605 0.0001659 0.00016075 0.00014155 0.0001626 0.00015225 0.0001624 0.00016465 0.00017375 0.0001682 0.0001396 0.0001741 0.00015765 0.000161 0.0001433
37 0.0001777 0.0001833 0.0001601 0.00018315 0.0001787 0.00018715 0.00016895 0.0001691 0.00019375 0.0001728 0.00018355 0.000165 0.0001855 0.0001745 0.00017945 0.0001626 0.0001641 0.0001449 0.00017785 0.0001683 0.0001714 0.00017695 0.0001748 0.0001787 0.00018375 0.0001881 0.00017845 0.00012805 0.00018765 0.00014815 0.00016505 0.00016095 0.00017085 0.00016745 0.0001874 0.000191 0.0001519 0.0001982 0.000163 0.00017575 0.0001337 0.00014155 0.00017315 0.0001574 0.0001709 0.00017115 0.00018865 0.0001486 0.0001829 0.0001643 0.00017285 0.0001089 0.00016725 0.0001848 0.0001822 0.00015415 0.0001205 0.0001788 0.00017295 0.0001603 0.0001723
38 0.000185 0.0001728 8.875e-05 9.8e-05 0.00010085 0.000184 0.00017135 9.095e-05 0.000169 0.0001749 0.0001648 0.00017615 0.00018375 0.0001293 0.00012955 8.955e-05 0.0001821 0.0001743 0.00018805 0.00016125 0.0001673 0.0001719 0.00017935 0.0001793 0.00018155 0.00018545 0.0001223 0.00017565 0.00016925 8.34e-05 0.00013105 0.0001744 6.745e-05 0.00018075 0.000185 0.00016535 0.00016475 0.000163 2e-07 0.000104 0.00017465 0.0001738 0.0001189 6.975e-05 0.00018055 9.955e-05 0.00019565 0.000171 0.00016805 0.00017425 0.0001241 0.00018135 0.00015155 0.0001571 0.00018265 8.575e-05 0.0001213 9.41e-05 0.0001361 0.0001732 0.00016245
39 0.000183 0.00017635 0.00013595 0.00014945 0.00017795 0.00017355 0.0001756 0.00014045 0.00018515 0.0001701 0.0001712 0.000169 0.0001841 0.0001763 0.00016995 0.0001406 0.00017515 0.00016915 0.00018245 0.0001589 0.00016985 0.0001735 0.00017225 0.000175 0.0001749 0.00018255 0.0001215 0.0001804 0.00016075 0.00013575 0.00017285 0.00017255 8.555e-05 0.000169 0.0001857 0.000131 0.00016125 0.00017575 0.000104 0.000134 0.0001695 0.0001788 0.00011125 0.0001121 0.0001739 0.0001479 0.00019485 0.00018385 0.00017275 0.0001665 0.00011855 0.00018225 0.00018905 0.00018485 0.0001835 0.0001379 0.00016945 0.0001418 0.0001683 0.0001671 0.00016285
40 0.00019295 0.0001727 0.0001814 0.000186 0.00019675 0.0001863 0.00013155 0.0001809 0.0001929 0.00018035 0.00017185 0.00018425 0.00018905 0.00017895 0.0001897 0.00018155 0.00012855 0.0001369 0.00016835 0.0001847 0.00017455 0.0001704 0.00016925 0.00017905 0.00018365 0.0001889 0.0001678 0.00017305 0.0001806 0.00016875 0.00016175 0.000145 0.0001712 0.00017185 0.000182 0.00018255 0.00014405 0.0001337 0.00017465 0.0001695 0.0001731 0.0001599 0.00017575 0.00018125 0.00018295 0.00017265 0.0001841 0.0001547 0.000161 0.00013305 0.00017585 0.00012225 0.0001627 0.0001794 0.0001637 0.0001492 0.00017335 0.00018075 0.00016055 0.0001571 0.00017615
41 0.0001497 0.00013255 0.00016635 0.00017635 0.0001735 0.00018735 0.0001577 0.0001732 0.00014015 0.000177 0.0001525 0.00016795 0.00015875 0.00017385 0.00017785 0.00015785 0.000164 0.00014365 0.00018255 0.0001443 0.0001454 0.00015655 0.0001709 0.0001758 0.00018475 0.000178 0.0001323 9.11e-05 0.00017845 0.00015495 0.000159 0.00017595 0.000179 0.000162 0.0001549 0.00018155 0.0001417 0.00014155 0.0001738 0.0001788 0.0001599 0.0001822 0.000172 0.00016165 0.00016675 0.0001849 0.00016815 0.00016615 9.335e-05 0.00015755 0.00017525 0.0001392 0.0001612 0.0001741 0.00017555 0.0001782 0.00012045 0.0001831 0.00016865 0.0001607 0.0001506
42 0.00017425 0.0001666 0.00013635 0.00015535 0.0001392 0.0001587 0.00018245 0.00013485 0.00016945 0.0001484 0.00016005 0.0001511 0.00017155 0.00014325 0.00013015 0.00014065 0.00017045 0.00015705 0.0001732 0.00015365 0.0001606 0.0001757 0.00016365 0.00016165 0.00015225 0.00017015 0.0001584 0.000166 0.00016385 0.00014275 0.0001419 0.0001733 0.0001024 0.0001648 0.0001839 0.00013885 0.00016045 0.00017315 0.0001189 0.00011125 0.00017575 0.000172 0.0001716 0.00013365 0.00016435 0.0001462 0.000184 0.0001884 0.000179 0.00017035 0.00014255 0.00017415 0.00018265 0.00017635 0.0001852 0.0001462 0.0001473 0.00013745 0.00015085 0.00016415 0.00015715
43 0.00016765 0.0001763 0.000108 0.00013 0.00012905 0.0001807 0.00018005 0.0001219 0.0001704 0.00017165 0.000165 0.00015895 0.00018035 0.00014355 0.00014315 0.0001092 0.00018875 0.0001617 0.00018645 0.000131 0.00015715 0.00017615 0.0001753 0.00017525 0.0001795 0.000181 0.0001223 0.000147 0.00017265 0.00011675 0.0001459 0.0001729 0.0001122 0.0001622 0.000182 0.00017245 0.0001586 0.0001574 6.975e-05 0.0001121 0.00018125 0.00016165 0.00013365 0.0001393 0.00016255 0.00013395 0.0001935 0.0001776 0.00017385 0.0001777 0.00012065 0.0001659 0.00016595 0.00016885 0.0001818 0.0001203 0.00010905 0.0001285 0.00015525 0.00016415 0.00016595
44 0.0001313 0.0001734 0.000131 0.0001638 0.0001755 0.0001763 0.0001773 0.0001733 0.0001757 0.00016655 0.00017145 0.000124 0.00017385 0.00017 0.0001739 0.0001485 0.0001683 0.00013435 0.0001639 0.00015765 0.00013145 0.0001606 0.0001668 0.000124 0.00017635 0.00015685 0.00017935 0.00015095 0.0001635 0.0001733 0.00017295 0.0001687 0.0001758 0.000127 0.00017455 0.00015905 0.0001454 0.0001709 0.00018055 0.0001739 0.00018295 0.00016675 0.00016435 0.00016255 0.0001629 0.0001703 0.0001705 0.0001855 0.00018215 0.0001518 0.0001717 0.0001702 0.00018505 0.000178 0.0001723 0.000175 0.00015 0.0001833 0.00017315 0.000156 0.00017215
45 0.0001933 0.00017995 0.0001418 0.00014755 0.00014395 0.0001759 0.0001751 0.0001367 0.000186 0.00017005 0.00017145 0.00017705 0.0001863 0.0001486 0.00015375 0.00014005 0.00013635 0.000176 0.00013395 0.00017555 0.00017795 0.0001816 0.0001717 0.0001633 0.00017615 0.00018285 0.00016345 0.0001853 0.0001744 0.0001386 0.0001548 0.00016845 0.0001283 0.0001787 0.0001855 0.0001763 0.00017365 0.00017115 9.955e-05 0.0001479 0.00017265 0.0001849 0.0001462 0.00013395 0.0001703 0.0001989 0.00015095 0.0001814 0.00018625 0.0001628 0.00015445 0.0001776 0.00017435 0.0001678 0.0001744 0.000134 0.00015545 0.00014085 0.0001552 0.00017045 0.0001744
46 0.0001508 0.0001605 0.0001955 0.00016365 0.00015955 0.0001751 0.0001815 0.0001862 0.000128 0.00017585 0.00016415 0.0001856 0.00014105 0.0001784 0.0001788 0.00017695 0.0001452 0.00018685 0.00014405 0.0001674 0.0001855 0.0001421 0.00017745 0.00016075 0.0001762 0.0001538 0.0001737 0.00016665 0.00016395 0.0001888 0.00017565 0.00018295 0.000194 0.0001869 0.0001441 0.000162 0.00016605 0.00018865 0.00019565 0.00019485 0.0001841 0.00016815 0.000184 0.0001935 0.0001705 0.00015095 0.0002123 0.0001485 0.00014955 0.000168 0.00018665 0.00018535 0.0001487 0.00015835 0.00018035 0.0001898 0.00018795 0.00018605 0.0001821 0.0001816 0.0001504
47 0.0001499 0.00016165 0.0001827 0.00015555 0.0001595 0.0001883 0.00018125 0.0001808 0.0001314 0.0001867 0.00017035 0.00019055 0.00014605 0.0001851 0.0001836 0.00016815 0.0001867 0.0001886 0.0001896 0.00016915 0.00018275 0.00014325 0.0001851 0.00018165 0.00018675 0.00016345 0.0001599 0.00016735 0.00016755 0.00016965 0.00018315 0.000171 0.00017975 0.0001888 0.0001465 0.0001643 0.0001659 0.0001486 0.000171 0.00018385 0.0001547 0.00016615 0.0001884 0.0001776 0.0001855 0.0001814 0.0001485 0.0002106 0.00013865 0.00017975 0.000183 0.0001605 0.0001248 0.00016085 0.00018645 0.0001627 0.00018385 0.00017885 0.00018265 0.00018125 0.0001472
48 0.0001441 9.005e-05 0.0001807 0.0001655 0.00017695 0.0001934 0.0001536 0.00018125 0.0001028 0.00019475 0.00012925 0.00019405 0.0001448 0.0001801 0.000184 0.0001624 0.0001716 0.0001776 0.0001806 0.0001464 0.00013325 0.00015095 0.00017165 0.00018285 0.00019265 0.0001789 8.48e-05 0.0001234 0.00016585 0.00016755 0.000181 0.0001674 0.00017375 0.0001705 0.0001259 0.0001712 0.00016075 0.0001829 0.00016805 0.00017275 0.000161 9.335e-05 0.000179 0.00017385 0.00018215 0.00018625 0.00014955 0.00013865 6.7e-06 0.0001592 0.00018045 0.000184 0.0001354 0.0001623 0.00016495 0.00017295 0.00018235 0.00017925 0.0001682 0.0001666 0.0001346
49 0.0001828 0.0001624 0.0001775 0.0001801 0.00018325 0.000179 0.00013095 0.00017485 0.00017925 0.00017095 0.0001708 0.00017585 0.0001779 0.00017335 0.00018375 0.0001765 0.0001208 0.00014015 0.0001619 0.00017265 0.00017265 0.00016505 0.00016885 0.0001469 0.0001802 0.0001785 0.00016445 0.00016745 0.0001762 0.0001675 0.0001542 0.00017245 0.0001699 0.0001743 0.00017875 0.00017575 0.00014155 0.0001643 0.00017425 0.0001665 0.00013305 0.00015755 0.00017035 0.0001777 0.0001518 0.0001628 0.000168 0.00017975 0.0001592 0.0001807 0.00016925 0.0001657 0.00018215 0.0001774 0.0001687 0.00017325 0.0001708 0.0001818 0.0001538 0.00016785 0.0001687
50 0.00017845 0.00017925 0.00014615 0.00015485 0.00016775 0.00013155 0.0001726 0.0001076 0.00017705 8.7e-05 0.0001739 0.0001276 0.00013785 0.00015745 0.00014585 0.0001487 0.0001759 0.00016525 0.0001798 0.00015245 0.00017115 0.00017235 0.0001352 0.0001311 0.00011415 0.00013635 0.0001347 0.00017225 0.0001659 0.0001446 0.0001635 0.00017105 0.00013715 0.00017525 0.00018185 0.0001679 0.0001626 0.00017285 0.0001241 0.00011855 0.00017585 0.00017525 0.00014255 0.00012065 0.0001717 0.00015445 0.00018665 0.000183 0.00018045 0.00016925 0.000174 0.00017735 0.00018805 0.00018405 0.0001799 0.0001456 0.00016125 0.00013265 0.0001308 0.0001493 0.00012385
51 0.00017805 0.00018305 0.0001702 0.00019015 0.00018565 0.00018465 0.00016945 0.00017845 0.0001912 0.00017385 0.00017645 0.00016645 0.00018545 0.00017615 0.0001809 0.0001702 0.00016125 0.00014215 0.00017375 0.00016565 0.00017145 0.0001767 0.00017195 0.0001776 0.0001812 0.00018645 0.0001828 0.00012535 0.0001877 0.0001604 0.00016565 0.0001548 0.00018255 0.00016325 0.00018545 0.00019135 0.00015225 0.0001089 0.00018135 0.00018225 0.00012225 0.0001392 0.00017415 0.0001659 0.0001702 0.0001776 0.00018535 0.0001605 0.000184 0.0001657 0.00017735 0.0001873 0.0001662 0.00018385 0.00017645 0.00015855 0.0001223 0.0001849 0.00017835 0.0001553 0.0001775
52 0.00014815 0.00015615 0.0001737 0.0001401 0.00012815 0.00018965 0.00017665 0.00017445 0.00012305 0.00019345 0.0001637 0.00019465 0.00014695 0.00016985 0.0001716 0.0001539 0.00018835 0.00018625 0.0001925 0.0001614 0.00018 0.0001364 0.0001884 0.00018385 0.00019145 0.0001611 0.00015995 0.00016275 0.0001646 0.0001599 0.0001662 0.0001675 0.00017355 0.00018875 0.00014425 0.0001621 0.0001624 0.00016725 0.00015155 0.00018905 0.0001627 0.0001612 0.00018265 0.00016595 0.00018505 0.00017435 0.0001487 0.0001248 0.0001354 0.00018215 0.00018805 0.0001662 0.0002007 0.00014275 0.0001822 0.00014925 0.0001672 0.00017045 0.00016975 0.00018215 0.0001529
53 0.00016455 0.0001702 0.0001739 0.00014195 0.00012785 0.00017595 0.00017485 0.00017005 0.0001597 0.0001833 0.00014075 0.000187 0.00016085 0.0001638 0.0001652 0.0001544 0.000178 0.00018685 0.0001571 0.000181 0.00017205 0.00013495 0.0001409 0.0001743 0.00017815 0.0001551 0.0001735 0.00017925 0.000156 0.00016965 0.0001683 0.00015665 0.00017105 0.00014555 0.00013715 0.0001559 0.00016465 0.0001848 0.0001571 0.00018485 0.0001794 0.0001741 0.00017635 0.00016885 0.000178 0.0001678 0.00015835 0.00016085 0.0001623 0.0001774 0.00018405 0.00018385 0.00014275 0.0001964 0.00013395 0.00016725 0.0001695 0.000165 0.00016 0.00013755 0.0001679
54 0.0001855 0.0001754 0.00017945 0.00018285 0.00018785 0.00017615 0.00012705 0.00018055 0.000197 0.00017805 0.0001426 0.00017715 0.0001864 0.00014205 0.00018185 0.00017815 0.0001634 0.0001712 0.00014225 0.00019045 0.0001527 0.0001776 0.0001306 0.0001732 0.0001756 0.0001806 0.00017345 0.0001841 0.000173 0.00018015 0.00018545 0.00014035 0.000184 0.00013105 0.00015665 0.0001842 0.00017375 0.0001822 0.00018265 0.0001835 0.0001637 0.00017555 0.0001852 0.0001818 0.0001723 0.0001744 0.00018035 0.00018645 0.00016495 0.0001687 0.0001799 0.00017645 0.0001822 0.00013395 0.0001657 0.0001724 0.00018395 0.00017785 0.0001687 0.00012395 0.0001827
55 0.0001845 0.0001795 0.00012855 0.00013965 0.0001471 0.0001797 0.00017105 0.00013115 0.00018185 0.0001697 0.00016905 0.00017055 0.00018365 0.0001532 0.0001524 0.0001327 0.00017305 0.0001682 0.00015665 0.00017265 0.00016825 0.0001774 0.00016935 0.00017415 0.0001731 0.0001817 0.00014885 0.00018165 0.0001738 0.0001273 0.0001582 0.0001085 0.00012005 0.00017165 0.00016445 0.000174 0.0001682 0.00015415 8.575e-05 0.0001379 0.0001492 0.0001782 0.0001462 0.0001203 0.000175 0.000134 0.0001898 0.0001627 0.00017295 0.00017325 0.0001456 0.00015855 0.00014925 0.00016725 0.0001724 0.0001714 0.0001497 0.00013105 0.00015225 0.0001577 0.00016835
56 0.00015395 0.0001785 0.00012135 0.00015695 0.0001301 0.0001819 0.00017395 0.00014165 0.00017325 0.000164 0.0001711 0.0001427 0.00017525 0.00014465 0.00014745 0.0001238 0.0001747 0.0001275 0.00018385 0.0001374 0.00015075 0.0001714 0.0001726 0.0001713 0.00017845 0.00017835 0.0001699 8.92e-05 0.00018675 0.0001281 0.00013145 0.0001782 0.0001509 0.00015175 0.0001824 0.00018655 0.0001396 0.0001205 0.0001213 0.00016945 0.00017335 0.00012045 0.0001473 0.00010905 0.00015 0.00015545 0.00018795 0.00018385 0.00018235 0.0001708 0.00016125 0.0001223 0.0001672 0.0001695 0.00018395 0.0001497 0.0001192 0.00015705 0.00015635 0.0001562 0.00016775
57 0.00018245 0.0001745 0.0001371 0.0001382 0.00013505 0.0001362 0.00017745 0.00011875 0.00017055 0.00013795 0.00016785 0.00015905 0.00016135 0.00014475 0.0001064 0.00013875 0.0001818 0.00017625 0.00017745 0.0001699 0.00017335 0.00017385 0.0001584 0.0001622 0.0001161 0.0001602 0.0001546 0.00018385 0.0001492 0.00013805 0.0001372 0.0001678 0.0001252 0.0001797 0.00017615 0.00016935 0.0001741 0.0001788 9.41e-05 0.0001418 0.00018075 0.0001831 0.00013745 0.0001285 0.0001833 0.00014085 0.00018605 0.00017885 0.00017925 0.0001818 0.00013265 0.0001849 0.00017045 0.000165 0.00017785 0.00013105 0.00015705 0.0001881 0.0001426 0.00015695 0.0001549
58 0.0001818 0.000171 0.0001548 0.0001585 0.00013835 0.0001383 0.00015045 0.00011335 0.0001825 9.33e-05 0.00017455 0.0001334 0.0001417 0.00014225 0.0001398 0.0001551 0.00015515 0.00015235 0.0001716 0.0001752 0.00016245 0.00017315 0.0001337 0.00013305 0.00012125 0.00013715 0.0001676 0.00017825 0.00017465 0.0001498 0.0001451 0.00016875 0.00015225 0.0001738 0.0001796 0.00017465 0.00015765 0.00017295 0.0001361 0.0001683 0.00016055 0.00016865 0.00015085 0.00015525 0.00017315 0.0001552 0.0001821 0.00018265 0.0001682 0.0001538 0.0001308 0.00017835 0.00016975 0.00016 0.0001687 0.00015225 0.00015635 0.0001426 0.0001866 0.00014865 0.00013395
59 0.00016965 0.00017545 0.0001584 0.00017985 0.00018625 0.0001516 0.00016515 0.00015245 0.0001899 0.0001291 0.0001354 0.00013635 0.0001624 0.00016545 0.00016075 0.0001644 0.00016305 0.00014405 0.00013895 0.00017325 0.000151 0.0001732 0.0001064 0.00014875 0.00013495 0.00015785 0.0001687 0.0001576 0.0001679 0.000176 0.0001799 0.0001263 0.000169 0.0001151 0.00015305 0.00017565 0.000161 0.0001603 0.0001732 0.0001671 0.0001571 0.0001607 0.00016415 0.00016415 0.000156 0.00017045 0.0001816 0.00018125 0.0001666 0.00016785 0.0001493 0.0001553 0.00018215 0.00013755 0.00012395 0.0001577 0.0001562 0.00015695 0.00014865 0.0001668 0.0001517
60 0.0001439 0.0001557 0.0001678 0.00015425 0.0001565 0.00013485 0.0001705 0.0001266 0.00012845 8.665e-05 0.00016355 0.0001299 0.00010065 0.0001653 0.0001548 0.00015455 0.00017505 0.00016395 0.00018425 0.00015625 0.00016805 0.00013395 0.000136 0.0001289 0.00011705 0.0001164 0.0001488 0.00014635 0.00015355 0.0001628 0.00016765 0.0001783 0.0001636 0.00017895 0.0001485 0.0001554 0.0001433 0.0001723 0.00016245 0.00016285 0.00017615 0.0001506 0.00015715 0.00016595 0.00017215 0.0001744 0.0001504 0.0001472 0.0001346 0.0001687 0.00012385 0.0001775 0.0001529 0.0001679 0.0001827 0.00016835 0.00016775 0.0001549 0.00013395 0.0001517 0.0001733
