 slim_761947048 slim_761947039 slim_761947085 slim_761946950 slim_761947056 slim_761947057 slim_761947025 slim_761947018 slim_761947077 slim_761946983 slim_761947107 slim_761947109 slim_761947047 slim_761947075 slim_761946969 slim_761947007 slim_761946966 slim_761946977 slim_761947078 slim_761947027 slim_761947022 slim_761946986 slim_761947100 slim_761947110 slim_761947102 slim_761947099 slim_761947004 slim_761946978 slim_761947111 slim_761947038 slim_761947044 slim_761947014 slim_761947103 slim_761947024 slim_761947023 slim_761946982 slim_761946974 slim_761946990 slim_761946968 slim_761947088 slim_761947029 slim_761947017 slim_761947069 slim_761946952 slim_761947065 slim_761946979 slim_761947084 slim_761947012 slim_761947083 slim_761947002 slim_761947089 slim_761946973 slim_761947031 slim_761946998 slim_761947098 slim_761947064 slim_761947020 slim_761947104 slim_761947051 slim_761947040 slim_761946992 slim_761947035 slim_761947045 slim_761946994 slim_761947050 slim_761947062 slim_761946993 slim_761946995 slim_761947028 slim_761946963 slim_761946972 slim_761947013 slim_761946967 slim_761946961 slim_761947105 slim_761947006 slim_761947068 slim_761946985 slim_761947071 slim_761947093 slim_761947009 slim_761947101 slim_761946962 slim_761947054 slim_761947080 slim_761947108 slim_761946953 slim_761946970 slim_761946954 slim_761947058 slim_761946999 slim_761947036 slim_761946956 slim_761946975 slim_761946955 slim_761947046 slim_761946949 slim_761947074 slim_761946965 slim_761947030
0 0.0001561 0.00015845 0.0001679 0.0001717 0.00015795 0.00015765 0.00016835 0.0001612 0.0001563 0.0001626 0.0001522 0.000145 0.00016225 0.0001564 0.00015585 0.00017075 0.0001599 0.0001574 0.00016535 0.00017255 0.0001387 0.0001372 0.0001615 0.0001533 0.0001574 0.00015485 0.0001548 0.0001661 0.0001618 0.00017315 0.0001548 0.00012325 0.0001643 0.00015265 0.0001605 0.0001675 0.00015095 0.0001697 0.00016055 0.00016055 0.0001567 0.00016905 0.0001389 0.0001619 0.0001545 0.0001662 0.0001562 0.00015425 0.00016545 0.0001579 0.00015585 0.00015745 0.000169 0.0001658 0.00015205 0.0001506 0.0001689 0.00015405 0.0001567 0.0001596 0.00016125 0.0001616 0.000153 0.0001723 0.0001608 0.00015895 0.0001653 0.00017555 0.0001261 0.0001697 0.00015675 0.00016335 0.00013915 0.0001623 0.0001553 0.0001529 0.0001384 0.00014385 0.0001681 0.00016395 0.0001596 0.00016035 0.00016935 0.0001474 0.00015965 0.0001515 0.0001659 0.0001583 0.0001504 0.0001584 0.0001627 0.00012505 0.00014975 0.0001572 0.00016425 0.00015635 0.00016815 0.00016485 0.000153 0.00016685
1 0.00015845 0.0001687 0.00016385 0.00016795 0.00016655 0.00016055 0.00017685 0.0001672 0.00015355 0.00016425 0.000164 0.0001645 0.0001658 0.0001672 0.0001465 0.0001614 0.0001675 0.0001546 0.00016575 0.00016245 0.0001711 0.0001631 0.000159 0.00015225 0.0001649 0.00015645 0.0001585 0.0001671 0.00016615 0.00015735 0.00015975 0.00016035 0.00016275 0.0001647 0.0001668 0.00016325 0.00016725 0.00016035 0.00016625 0.00017045 0.00015645 0.0001659 0.00015495 0.0001662 0.00012465 0.00015535 0.0001626 0.0001552 0.00016545 0.0001633 0.00016085 0.00015535 0.00016905 0.00016695 0.0001652 0.00017265 0.0001672 0.0001634 0.00016185 0.00012585 0.0001673 0.00017015 0.000159 0.0001706 0.00016265 0.0001644 0.000168 0.0001718 0.0001641 0.0001674 0.00012585 0.0001663 0.00015395 0.0001615 0.00015745 0.0001656 0.0001647 0.0001531 0.00011345 0.0001648 0.0001613 0.0001632 0.00017485 0.00016765 0.00016335 0.00015415 0.00017415 0.0001625 0.00015785 0.00012015 0.00016215 0.0001593 0.0001676 0.0001659 0.0001665 0.0001643 0.0001749 0.0001693 0.0001574 0.00017615
2 0.0001679 0.00016385 0.0001572 0.0001265 0.00015885 0.0001628 0.00016615 0.00016965 0.0001697 0.0001668 0.0001627 0.00016515 0.00016875 0.0001619 0.00016275 0.0001569 0.0001682 0.000151 0.00016075 0.00017005 0.00016525 0.0001557 0.00016195 0.00015815 0.0001582 0.0001623 0.00012925 0.00017565 0.0001558 0.00016175 0.0001632 0.00016025 0.00016305 0.00017195 0.00012285 0.000165 0.00015675 0.00011865 0.00014165 0.00016425 0.00016135 0.0001577 0.0001605 0.0001707 0.00016475 0.0001645 0.0001573 0.00016705 0.00016005 0.0001674 0.00016695 0.0001669 0.0001235 0.00016245 0.00015945 0.0001569 0.00016115 0.0001537 0.00016085 0.0001639 0.00015905 0.0001525 0.00017045 0.0001654 0.00016415 0.0001596 0.0001612 0.0001592 0.0001631 0.0001578 0.00016165 0.00016635 0.00016225 0.00016575 0.00015125 0.00016195 0.00016595 0.0001594 0.00016685 0.00016465 0.0001239 0.00016575 0.0001661 0.00015235 0.00016005 0.0001651 0.0001645 0.00016305 0.00016275 0.00016415 0.0001691 0.0001625 0.0001668 0.00015395 0.00016215 0.0001613 0.0001619 0.00016145 0.00016485 0.0001347
3 0.0001717 0.00016795 0.0001265 0.0001617 0.0001605 0.0001603 0.0001653 0.0001544 0.0001721 0.00016685 0.000163 0.00015685 0.0001668 0.00016895 0.00015535 0.00016265 0.00016065 0.00014505 0.00016195 0.0001638 0.00015905 0.00014985 0.0001605 0.00014705 0.0001638 0.00015975 0.0001219 0.00016615 0.00016005 0.0001515 0.00016165 0.0001705 0.0001638 0.00016805 0.0001247 0.0001627 0.00016295 0.0001182 0.0001489 0.0001655 0.000159 0.0001472 0.00015705 0.00016385 0.0001765 0.0001602 0.00015365 0.00015995 0.00015155 0.0001586 0.00015385 0.0001621 0.0001329 0.0001573 0.0001704 0.00016605 0.00015445 0.00016555 0.00016775 0.00016745 0.00016385 0.0001622 0.0001701 0.00017005 0.00015135 0.0001649 0.00016355 0.00016095 0.0001667 0.0001524 0.0001685 0.00015835 0.0001669 0.0001498 0.00016255 0.0001644 0.00015325 0.0001622 0.000177 0.0001582 0.0001313 0.0001604 0.0001683 0.000165 0.0001607 0.0001649 0.00016185 0.0001633 0.000167 0.0001682 0.00016445 0.00015815 0.00016955 0.0001681 0.00016125 0.00016355 0.00014735 0.0001735 0.000164 0.00016795
4 0.00015795 0.00016655 0.00015885 0.0001605 0.0001701 0.00015525 0.0001662 0.0001651 0.00016215 0.00016075 0.00016505 0.00017085 0.00016705 0.0001116 0.0001623 0.0001582 0.00016935 0.0001616 0.00014755 0.0001749 0.0001563 0.00014915 0.0001566 0.00016595 0.00016295 0.00014875 0.0001654 0.00016525 0.00015755 0.0001644 0.0001672 0.0001638 0.00016525 0.0001639 0.00016505 0.0001691 0.00017005 0.00015705 0.00016795 0.00014955 0.00016305 0.00015765 0.00016625 0.00017065 0.00017 0.00016065 0.00012615 0.00015855 0.00015725 0.00017255 0.000163 0.0001629 0.0001616 0.0001638 0.000169 0.0001658 0.0001532 0.0001591 0.0001169 0.00017055 0.0001511 0.000177 0.00015865 0.00016105 0.0001521 0.000165 0.00017385 0.0001679 0.0001612 0.0001589 0.000121 0.0001634 0.0001592 0.00016075 0.00016175 0.0001704 0.0001677 0.0001706 0.0001783 0.00015895 0.00015645 0.0001627 0.0001692 0.0001192 0.0001734 0.0001656 0.0001659 0.00015545 0.00016105 0.00016725 0.0001695 0.00015855 0.0001673 0.0001654 0.00016655 0.00016195 0.00015955 0.00012975 0.00016225 0.0001492
5 0.00015765 0.00016055 0.0001628 0.0001603 0.00015525 0.0001754 0.0001687 0.00016065 0.0001599 0.00015865 0.00015935 0.0001666 0.00016405 0.00015985 0.00015635 0.0001515 0.0001658 0.00015815 0.00015905 0.00015755 0.00015805 0.0001539 0.00012585 0.0001562 0.0001531 8.77e-05 0.00015755 0.00016055 0.0001636 0.00015605 0.0001667 0.0001645 0.00014395 0.00017135 0.0001629 0.00016725 0.0001735 0.00015945 0.00016395 0.00016705 0.00016285 0.000163 0.00016655 0.00016895 0.0001671 0.00016585 0.00015995 0.00016445 0.0001282 0.0001632 0.00017445 0.0001528 0.00016295 0.000163 0.00015875 0.0001665 0.0001562 0.0001579 0.0001246 0.00016755 0.00015985 0.00017175 0.00016055 0.0001573 0.0001566 0.0001601 0.00017015 0.000169 0.00016985 0.000165 0.0001597 0.00016795 0.00015815 0.0001621 0.0001553 0.00017 0.0001651 0.00016505 0.00016895 0.00017365 0.0001585 0.00012945 0.0001643 0.0001614 0.00016895 0.00015515 0.0001664 0.00016455 0.000159 0.00015865 0.0001614 0.000164 0.00016405 0.00016655 0.00016405 0.00016475 0.00016395 0.00016065 0.00016555 0.00016405
6 0.00016835 0.00017685 0.00016615 0.0001653 0.0001662 0.0001687 0.0001742 0.00016985 0.00017455 0.00016905 0.0001634 0.0001727 0.0001709 0.00016165 0.0001623 0.00017015 0.0001767 0.00016155 0.00015045 0.00016245 0.0001614 0.0001532 0.000168 0.0001663 0.0001674 0.0001652 0.0001695 0.0001611 0.00015495 0.0001676 0.0001634 0.00017485 0.0001769 0.0001736 0.00016565 0.0001774 0.0001625 0.0001605 0.00016255 0.00016135 0.00016635 0.0001567 0.0001623 0.0001797 0.00017415 0.0001717 0.0001609 0.00016935 0.0001602 0.0001617 0.00017125 0.00017375 0.00016875 0.0001619 0.00016805 0.00016665 0.00015975 0.0001598 0.0001623 0.0001691 0.00016985 0.00017205 0.0001684 0.00016095 0.00016415 0.0001732 0.0001768 0.00016335 0.0001703 0.0001622 0.00016515 0.0001706 0.00017255 0.00015985 0.00016485 0.0001733 0.00016595 0.0001778 0.00018195 0.0001699 0.00016545 0.00015795 0.0001612 0.00015595 0.00016705 0.0001683 0.00017405 0.00018575 0.00017085 0.00017435 0.0001771 0.00015955 0.00017295 0.0001724 0.00017125 0.0001595 0.00014885 0.00015665 0.0001729 0.00015715
7 0.0001612 0.0001672 0.00016965 0.0001544 0.0001651 0.00016065 0.00016985 0.0001674 0.00014175 0.00015075 0.0001204 0.0001449 0.0001633 0.0001447 0.0001631 0.0001668 0.0001357 0.0001688 0.0001614 0.0001697 0.00016495 0.00016595 0.00017185 0.0001423 0.0001603 0.0001688 0.00015665 0.00016035 0.0001697 0.00014745 0.0001601 0.0001686 0.00016445 0.00016935 0.000161 0.0001271 0.0001566 0.0001604 0.0001528 0.00016695 0.00016675 0.00017025 0.00016565 0.00016795 0.00016155 0.000162 0.00016175 0.00016185 0.00015905 0.00016355 0.00016235 0.0001628 0.00017005 0.00016525 0.0001623 0.0001704 0.00016275 0.00015355 0.0001698 0.00017175 0.0001446 0.0001487 0.0001594 0.0001688 0.0001246 0.00016915 0.0001631 0.0001763 0.0001739 0.00017025 0.00016745 0.0001758 0.0001628 0.0001671 0.0001548 0.00016065 0.0001664 0.00016335 0.00016965 0.0001707 0.0001588 0.0001701 0.00016765 0.00016915 0.00015645 0.00016645 0.00015735 0.0001641 0.00016485 0.00016705 0.0001632 0.0001652 0.0001691 0.0001505 0.00017005 0.0001611 0.00015705 0.00017125 0.0001589 0.00017035
8 0.0001563 0.00015355 0.0001697 0.0001721 0.00016215 0.0001599 0.00017455 0.00014175 0.0001682 0.00016425 0.0001522 0.00014865 0.00016685 0.00013635 0.00016465 0.00015695 0.00016165 0.00016565 0.000161 0.0001608 0.00015985 0.0001668 0.00016005 0.00015605 0.0001545 0.0001653 0.00016495 0.0001661 0.00016605 0.00015345 0.00015915 0.0001536 0.0001587 0.0001575 0.00016325 0.0001503 0.00015345 0.00016805 0.00016175 0.00016855 0.0001573 0.0001722 0.00016815 0.0001609 0.0001513 0.0001532 0.000165 0.00015035 0.0001632 0.00015995 0.00016055 0.00014435 0.00017155 0.00016105 0.00015425 0.0001604 0.000159 0.00015985 0.0001652 0.0001579 0.0001325 0.00015275 0.00012245 0.00016845 0.0001281 0.00015865 0.00016415 0.00017315 0.00016485 0.00017465 0.0001605 0.0001721 0.00014565 0.0001687 0.0001575 0.00015385 0.0001648 0.0001552 0.0001494 0.00016425 0.0001597 0.00016425 0.00016475 0.00016485 0.00015585 0.0001505 0.00016445 0.000149 0.00014565 0.0001518 0.0001625 0.00016145 0.00016125 0.0001587 0.0001524 0.00015855 0.0001696 0.0001657 0.00015275 0.0001695
9 0.0001626 0.00016425 0.0001668 0.00016685 0.00016075 0.00015865 0.00016905 0.00015075 0.00016425 0.000179 0.0001612 0.00015845 0.00017225 0.00016615 0.00016855 0.00016195 0.00015865 0.00017005 0.00016905 0.00017305 0.0001682 0.0001651 0.0001661 0.0001611 0.00015695 0.000161 0.0001659 0.00016575 0.00016745 0.00016585 0.00017005 0.00016645 0.0001707 0.0001646 0.0001706 0.00015805 0.0001589 0.00016625 0.0001598 0.0001727 0.00017325 0.00016705 0.0001632 0.00017915 0.00016895 0.00016805 0.00015835 0.0001691 0.0001581 0.0001672 0.00016625 0.00017235 0.0001663 0.0001712 0.00016405 0.00016545 0.00016245 0.00015655 0.0001641 0.00016595 0.00016835 0.00015555 0.0001613 0.0001614 0.00016395 0.0001693 0.0001668 0.00017315 0.0001687 0.000166 0.000166 0.00017605 0.0001681 0.00017035 0.00016225 0.0001649 0.000169 0.00016445 0.00016895 0.0001719 0.00016325 0.00016735 0.00017105 0.00016165 0.00016075 0.0001695 0.0001632 0.0001687 0.00016525 0.00016725 0.00016645 0.000163 0.0001505 0.0001575 0.0001686 0.0001649 0.0001636 0.0001711 0.0001664 0.00016925
10 0.0001522 0.000164 0.0001627 0.000163 0.00016505 0.00015935 0.0001634 0.0001204 0.0001522 0.0001612 0.0001634 0.00014265 0.00016065 0.00015745 0.0001678 0.00015835 0.0001578 0.00016555 0.00016345 0.0001737 0.00016035 0.00016245 0.0001747 0.0001468 0.0001604 0.0001716 0.00015985 0.0001672 0.00016185 0.00014605 0.00015955 0.00015845 0.0001602 0.0001589 0.0001649 0.00016125 0.0001538 0.00016775 0.0001584 0.0001634 0.0001596 0.0001714 0.000169 0.00017225 0.000134 0.0001577 0.00016935 0.00015895 0.00016055 0.00016395 0.00016035 0.0001615 0.0001702 0.0001645 0.00012215 0.00016525 0.00016955 0.00014005 0.00016625 0.0001651 0.0001605 0.0001579 0.0001502 0.00016595 0.0001435 0.0001688 0.00016915 0.00016315 0.0001576 0.00017055 0.00016055 0.0001697 0.0001575 0.00017335 0.0001485 0.00016245 0.000168 0.00015245 0.00016515 0.00016105 0.00015335 0.00017285 0.00016345 0.00015995 0.00016315 0.000158 0.00016245 0.0001692 0.00016335 0.0001646 0.00016105 0.00016125 0.00017045 0.00014635 0.0001664 0.0001518 0.00016235 0.0001618 0.0001525 0.0001661
11 0.000145 0.0001645 0.00016515 0.00015685 0.00017085 0.0001666 0.0001727 0.0001449 0.00014865 0.00015845 0.00014265 0.0001682 0.00016925 0.0001657 0.0001583 0.00016895 0.0001611 0.0001643 0.00016465 0.0001684 0.0001618 0.0001601 0.00017245 0.000125 0.0001402 0.0001715 0.00015175 0.00016875 0.0001661 0.0001198 0.0001579 0.0001494 0.0001672 0.0001574 0.00016205 0.00015795 0.0001312 0.00016025 0.0001396 0.00016295 0.0001655 0.0001682 0.00016275 0.0001649 0.0001553 0.00015595 0.0001642 0.00016265 0.00016 0.00015025 0.0001563 0.0001591 0.00016805 0.00015935 0.00015455 0.00016055 0.00015695 0.00016545 0.0001724 0.0001668 0.0001636 0.00011735 0.00015755 0.00017125 0.0001211 0.00016725 0.00014195 0.0001673 0.0001542 0.00016555 0.00016975 0.00017055 0.000159 0.0001601 0.00016655 0.0001405 0.00016375 0.00012745 0.0001604 0.0001678 0.00016425 0.000166 0.00015895 0.0001678 0.00013725 0.000159 0.0001628 0.00016535 0.00015705 0.00016575 0.00015 0.00014375 0.0001645 0.0001577 0.0001564 0.00016355 0.0001529 0.00016335 0.0001623 0.0001643
12 0.00016225 0.0001658 0.00016875 0.0001668 0.00016705 0.00016405 0.0001709 0.0001633 0.00016685 0.00017225 0.00016065 0.00016925 0.0001731 0.00016475 0.0001637 0.00017185 0.0001231 0.00016235 0.0001672 0.00017215 0.0001678 0.00016735 0.0001591 0.00016625 0.0001613 0.00015945 0.00016875 0.0001723 0.00017005 0.00017305 0.0001608 0.00014775 0.00015375 0.000165 0.00016755 0.00016935 0.00017195 0.00017065 0.0001676 0.00016915 0.0001739 0.00016955 0.00016715 0.0001577 0.00016685 0.0001713 0.00016745 0.0001673 0.00017155 0.00017455 0.00016445 0.00017425 0.00017555 0.00017455 0.00016215 0.000161 0.00017525 0.0001406 0.0001631 0.00016565 0.00014445 0.00016695 0.0001232 0.0001766 0.00016255 0.00015045 0.0001289 0.0001717 0.00016835 0.00016995 0.0001619 0.00016305 0.0001686 0.00016555 0.00017245 0.00016725 0.00016675 0.0001716 0.00017445 0.00016335 0.00014005 0.00017015 0.0001731 0.0001632 0.0001695 0.00016495 0.00017015 0.0001599 0.00017235 0.00017505 0.00016725 0.00017085 0.0001622 0.00016885 0.0001681 0.0001297 0.000168 0.00017095 0.00015255 0.00016915
13 0.0001564 0.0001672 0.0001619 0.00016895 0.0001116 0.00015985 0.00016165 0.0001447 0.00013635 0.00016615 0.00015745 0.0001657 0.00016475 0.0001365 0.00016795 0.0001607 0.00016165 0.00017055 0.00014365 0.00017655 0.00016545 0.00016055 0.0001575 0.00016565 0.0001634 0.00015675 0.0001651 0.00016715 0.0001591 0.00016865 0.0001593 0.0001622 0.0001628 0.0001688 0.00017 0.0001533 0.00016005 0.0001639 0.0001651 0.0001455 0.0001608 0.0001691 0.0001673 0.0001755 0.0001631 0.0001639 0.0001614 0.00015595 0.00016225 0.0001671 0.00016625 0.00016455 0.000164 0.00017045 0.0001602 0.0001732 0.00017 0.00015685 0.0001125 0.00017235 0.00011655 0.0001665 0.00015945 0.00016285 0.0001169 0.0001668 0.0001695 0.0001675 0.0001621 0.00016705 0.0001141 0.000169 0.0001597 0.0001681 0.000156 0.00016775 0.0001711 0.0001669 0.00017505 0.0001604 0.000161 0.0001633 0.0001695 0.00011335 0.0001714 0.00016555 0.0001688 0.00016455 0.00015785 0.00016515 0.00016915 0.0001612 0.0001766 0.000158 0.0001707 0.0001603 0.0001611 0.00011955 0.00015595 0.00014295
14 0.00015585 0.0001465 0.00016275 0.00015535 0.0001623 0.00015635 0.0001623 0.0001631 0.00016465 0.00016855 0.0001678 0.0001583 0.0001637 0.00016795 0.0001551 0.00016445 0.00016435 0.00011725 0.00015545 0.00016795 0.0001523 0.0001454 0.00015815 0.0001559 0.00015695 0.00014865 0.00014945 0.00016525 0.00016225 0.00015625 0.0001519 0.00016265 0.0001617 0.000168 0.00014395 0.00016045 0.0001568 0.00013875 0.0001484 0.00015465 0.0001561 0.0001477 0.00015615 0.0001396 0.00017045 0.00015395 0.00015775 0.00015205 0.00014575 0.000156 0.0001532 0.00015545 0.0001635 0.0001492 0.0001749 0.00015685 0.0001563 0.00016215 0.00016055 0.0001573 0.0001641 0.00014855 0.00015825 0.00017625 0.0001588 0.00016465 0.0001578 0.0001649 0.00016285 0.000151 0.00014985 0.0001332 0.00016755 0.0001147 0.00015825 0.00015225 0.00014405 0.00015545 0.00017555 0.0001576 0.0001554 0.00015565 0.00016995 0.00016095 0.00015465 0.0001628 0.0001602 0.00015155 0.0001597 0.00016005 0.0001599 0.00014435 0.0001636 0.00015835 0.00016045 0.00016015 0.00014215 0.00017315 0.0001538 0.0001672
15 0.00017075 0.0001614 0.0001569 0.00016265 0.0001582 0.0001515 0.00017015 0.0001668 0.00015695 0.00016195 0.00015835 0.00016895 0.00017185 0.0001607 0.00016445 0.0001332 0.00017445 0.00016755 0.00016105 0.0001568 0.00016665 0.000155 0.0001639 0.0001715 0.00016205 0.0001702 0.00015625 0.00016425 0.00015825 0.000134 0.0001708 0.00017085 0.0001465 0.00017475 0.0001714 0.00016825 0.00016525 0.0001607 0.000158 0.00017035 0.00015645 0.00015395 0.0001619 0.0001799 0.0001565 0.00013275 0.0001507 0.00015645 0.000144 0.0001517 0.00016975 0.00015305 0.0001612 0.0001408 0.00015255 0.0001721 0.0001477 0.0001574 0.0001698 0.0001657 0.00015855 0.00016955 0.00015945 0.0001631 0.00015895 0.0001659 0.00017535 0.00017045 0.00017085 0.0001621 0.00016605 0.00016975 0.00015655 0.0001653 0.0001569 0.0001715 0.0001738 0.00015445 0.00015405 0.0001645 0.0001574 0.0001645 0.0001712 0.0001646 0.00016955 0.00014915 0.00017095 0.0001654 0.0001519 0.0001547 0.0001633 0.0001664 0.0001748 0.00016475 0.0001746 0.00015895 0.0001612 0.0001669 0.0001649 0.0001585
16 0.0001599 0.0001675 0.0001682 0.00016065 0.00016935 0.0001658 0.0001767 0.0001357 0.00016165 0.00015865 0.0001578 0.0001611 0.0001231 0.00016165 0.00016435 0.00017445 0.0001686 0.0001675 0.00016845 0.00017215 0.00016745 0.0001688 0.0001639 0.0001603 0.00015925 0.0001594 0.00016545 0.00016725 0.0001707 0.00017035 0.0001608 0.0001472 0.00016165 0.000157 0.00016355 0.0001461 0.0001585 0.00016415 0.0001607 0.00017195 0.00018105 0.00017045 0.0001638 0.00015855 0.0001671 0.00017135 0.00016695 0.00017505 0.0001684 0.00017205 0.00016245 0.00017975 0.000174 0.000172 0.0001661 0.00016205 0.00017305 0.00016385 0.00016375 0.00017115 0.0001423 0.0001556 0.00016005 0.00016935 0.0001589 0.0001511 0.00012175 0.00018015 0.0001721 0.0001719 0.00016505 0.00017185 0.0001676 0.0001654 0.00017385 0.00016255 0.000165 0.0001686 0.0001735 0.00017215 0.0001633 0.0001688 0.00018235 0.00016385 0.0001589 0.00017015 0.0001638 0.0001621 0.00017455 0.00017915 0.00017075 0.00016565 0.00016255 0.0001633 0.00016935 0.0001684 0.0001657 0.0001795 0.0001545 0.00017225
17 0.0001574 0.0001546 0.000151 0.00014505 0.0001616 0.00015815 0.00016155 0.0001688 0.00016565 0.00017005 0.00016555 0.0001643 0.00016235 0.00017055 0.00011725 0.00016755 0.0001675 0.0001488 0.0001633 0.0001674 0.00013705 0.00014535 0.0001566 0.0001536 0.0001643 0.000152 0.00015245 0.00016885 0.00015195 0.00015505 0.000158 0.0001652 0.00016425 0.00016525 0.0001355 0.00016635 0.00016725 0.00014975 0.0001582 0.00016115 0.0001554 0.00014945 0.00015785 0.00015975 0.0001733 0.00015395 0.000157 0.0001544 0.0001577 0.0001677 0.0001518 0.00016435 0.0001586 0.0001416 0.00016695 0.000156 0.00015 0.00015495 0.00016345 0.00015695 0.0001663 0.00016135 0.000161 0.0001727 0.00015965 0.0001607 0.00016345 0.00016525 0.0001678 0.0001566 0.0001547 0.00016475 0.00015285 0.0001555 0.0001541 0.0001502 0.0001376 0.0001543 0.0001757 0.0001615 0.00015255 0.00015895 0.00016885 0.0001581 0.0001574 0.000152 0.00016055 0.00014855 0.00016375 0.0001662 0.00017345 0.00015855 0.00016135 0.000161 0.0001552 0.0001613 0.0001551 0.0001752 0.0001433 0.00016975
18 0.00016535 0.00016575 0.00016075 0.00016195 0.00014755 0.00015905 0.00015045 0.0001614 0.000161 0.00016905 0.00016345 0.00016465 0.0001672 0.00014365 0.00015545 0.00016105 0.00016845 0.0001633 0.0001722 0.0001268 0.00016325 0.00015345 0.0001613 0.0001593 0.00016045 0.0001629 0.0001618 0.0001596 0.0001585 0.00015305 0.0001594 0.00016595 0.0001639 0.0001587 0.00016375 0.0001664 0.0001697 0.00015415 0.0001563 0.00012955 0.0001658 0.0001532 0.00016185 0.000161 0.00016805 0.00016235 0.00015555 0.0001654 0.00015475 0.00015915 0.00016885 0.0001693 0.0001706 0.00016015 0.00016775 0.00016625 0.0001583 0.00016615 0.00015285 0.00016175 0.00015115 0.0001685 0.0001607 0.0001586 0.0001472 0.0001611 0.0001704 0.00015875 0.00016685 0.00016105 0.00015585 0.00015545 0.0001673 0.00014865 0.00016465 0.00017 0.00016535 0.00017295 0.00016595 0.0001643 0.00016335 0.0001621 0.00017065 0.00015095 0.00016265 0.00016055 0.00016605 0.0001694 0.00016475 0.00016235 0.00016535 0.00016005 0.0001694 0.0001673 0.0001621 0.0001647 0.0001586 0.00015795 0.0001657 0.00012875
19 0.00017255 0.00016245 0.00017005 0.0001638 0.0001749 0.00015755 0.00016245 0.0001697 0.0001608 0.00017305 0.0001737 0.0001684 0.00017215 0.00017655 0.00016795 0.0001568 0.00017215 0.0001674 0.0001268 0.0001608 0.00016385 0.00015925 0.000164 0.00016755 0.00016695 0.0001624 0.0001657 0.0001564 0.0001632 0.00015455 0.000166 0.0001664 0.00015905 0.00016815 0.00016665 0.0001666 0.00017795 0.0001609 0.00016735 0.00017635 0.000171 0.0001593 0.00016905 0.000165 0.00016895 0.00016105 0.00016545 0.0001678 0.0001567 0.00016025 0.0001696 0.00017075 0.00018015 0.0001633 0.00015675 0.00016735 0.00015915 0.0001702 0.0001747 0.0001594 0.00016045 0.00017295 0.00016975 0.00015345 0.00016055 0.00016235 0.00017375 0.00016775 0.00017505 0.00016715 0.0001788 0.0001674 0.00016055 0.0001603 0.0001695 0.00017645 0.00017 0.0001695 0.0001573 0.0001703 0.000166 0.0001615 0.00016985 0.0001779 0.0001625 0.00015855 0.0001683 0.00017535 0.00016185 0.00016085 0.00017085 0.00016795 0.00016765 0.00017465 0.0001688 0.00017345 0.0001711 0.0001777 0.00017155 0.00017105
20 0.0001387 0.0001711 0.00016525 0.00015905 0.0001563 0.00015805 0.0001614 0.00016495 0.00015985 0.0001682 0.00016035 0.0001618 0.0001678 0.00016545 0.0001523 0.00016665 0.00016745 0.00013705 0.00016325 0.00016385 0.0001826 0.0001331 0.00016385 0.00016085 0.00016835 0.0001556 0.0001619 0.00016415 0.00015195 0.0001646 0.0001682 0.00015565 0.00015925 0.00016505 0.0001279 0.0001678 0.00016125 0.0001605 0.00016235 0.00016435 0.0001603 0.00015215 0.0001575 0.0001636 0.0001716 0.0001664 0.00015145 0.00015625 0.0001571 0.0001645 0.0001584 0.0001629 0.00017155 0.0001338 0.0001606 0.00014885 0.00015285 0.0001527 0.0001626 0.0001614 0.00016365 0.00016405 0.00015785 0.000169 0.00015995 0.0001628 0.00016955 0.0001645 0.00015425 0.0001589 0.00016675 0.00016195 0.0001387 0.00015835 0.00015065 0.00015135 0.00012325 0.00016515 0.0001767 0.00016295 0.00015925 0.0001598 0.00016925 0.0001581 0.00016115 0.00015145 0.0001707 0.0001594 0.0001574 0.0001642 0.00017245 0.00015065 0.0001544 0.00015995 0.00015645 0.0001657 0.00015755 0.0001692 0.00016275 0.00017255
21 0.0001372 0.0001631 0.0001557 0.00014985 0.00014915 0.0001539 0.0001532 0.00016595 0.0001668 0.0001651 0.00016245 0.0001601 0.00016735 0.00016055 0.0001454 0.000155 0.0001688 0.00014535 0.00015345 0.00015925 0.0001331 0.0001721 0.000158 0.00015875 0.00015335 0.00015615 0.00015045 0.0001572 0.00014735 0.00016185 0.00015575 0.00016175 0.00015465 0.0001697 0.000159 0.0001686 0.0001538 0.00012065 0.0001528 0.00015855 0.00014835 0.0001244 0.0001436 0.0001685 0.0001653 0.000157 0.00014225 0.00014715 0.00011925 0.00015055 0.0001564 0.00015715 0.0001658 0.00016265 0.00016235 0.00015815 0.00015335 0.0001533 0.00015745 0.0001662 0.00016265 0.0001555 0.0001588 0.00016565 0.0001613 0.00015525 0.0001678 0.00016255 0.0001584 0.0001281 0.0001589 0.00015675 0.0001341 0.00012155 0.0001501 0.00015085 0.0001527 0.0001616 0.00017115 0.00015365 0.00015235 0.0001526 0.0001623 0.00015285 0.00015845 0.00015545 0.00016215 0.000163 0.0001548 0.00015535 0.0001624 0.0001232 0.00015665 0.0001589 0.000164 0.00015885 0.00012485 0.00016045 0.00015735 0.000158
22 0.0001615 0.000159 0.00016195 0.0001605 0.0001566 0.00012585 0.000168 0.00017185 0.00016005 0.0001661 0.0001747 0.00017245 0.0001591 0.0001575 0.00015815 0.0001639 0.0001639 0.0001566 0.0001613 0.000164 0.00016385 0.000158 0.0001613 0.00016135 0.0001689 8.065e-05 0.00016525 0.00015915 0.00016615 0.0001659 0.00016535 0.0001674 0.0001672 0.0001768 0.0001656 0.00016905 0.0001678 0.0001587 0.0001685 0.00016665 0.0001601 0.00016425 0.0001652 0.0001622 0.00016795 0.00016535 0.0001582 0.00015875 0.0001662 0.0001714 0.0001706 0.0001574 0.0001613 0.00017095 0.00016825 0.0001696 0.00015815 0.0001627 0.0001205 0.00017025 0.0001616 0.0001704 0.00016265 0.0001636 0.0001603 0.00015845 0.00016585 0.0001714 0.00016755 0.0001636 0.0001554 0.0001618 0.0001666 0.0001574 0.00015915 0.0001682 0.00017065 0.00017045 0.0001771 0.0001671 0.0001581 0.00012525 0.0001633 0.00016065 0.0001656 0.00016765 0.00016035 0.00016575 0.00015945 0.00016 0.0001703 0.00016315 0.00016795 0.00017085 0.0001652 0.0001627 0.00016665 0.00016445 0.00015885 0.0001634
23 0.0001533 0.00015225 0.00015815 0.00014705 0.00016595 0.0001562 0.0001663 0.0001423 0.00015605 0.0001611 0.0001468 0.000125 0.00016625 0.00016565 0.0001559 0.0001715 0.0001603 0.0001536 0.0001593 0.00016755 0.00016085 0.00015875 0.00016135 0.0001364 0.000161 0.00016 0.0001501 0.00015855 0.00016495 0.00012585 0.00014835 0.0001583 0.00016055 0.00016805 0.0001563 0.00014865 0.00015725 0.0001576 0.0001587 0.0001572 0.00015985 0.00016465 0.0001526 0.00016805 0.00015285 0.00016315 0.00015635 0.00015835 0.00016095 0.000159 0.00015675 0.00014775 0.00016 0.00016165 0.00016325 0.00015955 0.0001619 0.0001556 0.0001682 0.00015425 0.00016135 0.00016055 0.0001583 0.00016445 0.00012165 0.00016505 0.00016465 0.00016035 0.00016145 0.0001649 0.00016715 0.00017105 0.00016245 0.0001654 0.0001516 0.0001539 0.0001544 0.00016485 0.00015795 0.0001688 0.0001566 0.0001603 0.0001584 0.00016395 0.0001582 0.00016265 0.00016035 0.0001672 0.00015645 0.00015005 0.00015675 0.0001558 0.0001637 0.00015585 0.0001559 0.0001621 0.0001536 0.00016525 0.000155 0.00016645
24 0.0001574 0.0001649 0.0001582 0.0001638 0.00016295 0.0001531 0.0001674 0.0001603 0.0001545 0.00015695 0.0001604 0.0001402 0.0001613 0.0001634 0.00015695 0.00016205 0.00015925 0.0001643 0.00016045 0.00016695 0.00016835 0.00015335 0.0001689 0.000161 0.0001788 0.0001697 0.0001585 0.0001659 0.00016165 0.0001668 0.0001607 0.00013855 0.00015815 0.00015955 0.0001664 0.0001707 0.0001355 0.0001555 0.00013515 0.0001677 0.00016195 0.00016765 0.0001505 0.000164 0.00017225 0.00016265 0.00015705 0.00015625 0.0001481 0.00015495 0.00016255 0.00016645 0.00016395 0.0001741 0.0001671 0.00016225 0.00016255 0.0001555 0.00016405 0.00017785 0.0001432 0.00011405 0.0001522 0.00016465 0.0001645 0.000142 0.0001366 0.00016715 0.00016345 0.00016285 0.0001563 0.0001647 0.00015675 0.0001573 0.00015745 0.00013665 0.0001649 0.00014505 0.0001639 0.0001603 0.0001567 0.0001647 0.00016805 0.0001651 0.0001366 0.0001589 0.00016025 0.0001551 0.0001643 0.0001678 0.0001584 0.00015605 0.0001557 0.0001569 0.00015615 0.00016185 0.0001592 0.00016405 0.00016145 0.0001589
25 0.00015485 0.00015645 0.0001623 0.00015975 0.00014875 8.77e-05 0.0001652 0.0001688 0.0001653 0.000161 0.0001716 0.0001715 0.00015945 0.00015675 0.00014865 0.0001702 0.0001594 0.000152 0.0001629 0.0001624 0.0001556 0.00015615 8.065e-05 0.00016 0.0001697 0.0 0.00016305 0.0001562 0.00016345 0.00016575 0.0001662 0.0001589 0.0001675 0.00017805 0.00015885 0.00016645 0.00017205 0.00015725 0.00017025 0.0001722 0.00016425 0.00016205 0.00016425 0.00016655 0.00017175 0.00017445 0.00015515 0.00016585 0.0001691 0.00017235 0.00018255 0.0001569 0.0001569 0.00016665 0.00016705 0.00017195 0.0001575 0.00016395 7.91e-05 0.00017265 0.000158 0.0001743 0.00016925 0.0001567 0.00015825 0.0001522 0.0001646 0.0001674 0.00016415 0.0001634 0.00015105 0.00016175 0.0001644 0.0001563 0.00015875 0.00017555 0.0001608 0.00017045 0.00018305 0.00017515 0.0001584 8.695e-05 0.00016775 0.0001609 0.00017265 0.00017585 0.000167 0.00016395 0.000157 0.00016095 0.0001726 0.0001587 0.000166 0.00017265 0.00016 0.0001668 0.0001645 0.00015935 0.0001704 0.0001651
26 0.0001548 0.0001585 0.00012925 0.0001219 0.0001654 0.00015755 0.0001695 0.00015665 0.00016495 0.0001659 0.00015985 0.00015175 0.00016875 0.0001651 0.00014945 0.00015625 0.00016545 0.00015245 0.0001618 0.0001657 0.0001619 0.00015045 0.00016525 0.0001501 0.0001585 0.00016305 0.0001569 0.000168 0.0001695 0.00016085 0.0001455 0.00016205 0.00015775 0.00016585 0.000125 0.0001621 0.00015835 0.0001223 0.00014355 0.0001622 0.000155 0.000155 0.0001557 0.0001634 0.00016745 0.0001597 0.00016095 0.00015315 0.00015155 0.0001221 0.0001529 0.00015765 0.00013355 0.0001631 0.00016895 0.0001646 0.0001655 0.0001651 0.0001673 0.0001623 0.0001624 0.00015095 0.0001654 0.000174 0.00015505 0.00016935 0.0001622 0.0001719 0.0001652 0.0001572 0.00016125 0.00016455 0.00016005 0.0001531 0.00015925 0.00015545 0.00015215 0.00014695 0.00016745 0.00016105 0.0001315 0.0001644 0.00017475 0.0001665 0.0001559 0.0001605 0.00017185 0.00015795 0.00015915 0.0001615 0.00011845 0.00015375 0.00016215 0.00015895 0.00016335 0.0001608 0.00015805 0.00017275 0.00015415 0.0001672
27 0.0001661 0.0001671 0.00017565 0.00016615 0.00016525 0.00016055 0.0001611 0.00016035 0.0001661 0.00016575 0.0001672 0.00016875 0.0001723 0.00016715 0.00016525 0.00016425 0.00016725 0.00016885 0.0001596 0.0001564 0.00016415 0.0001572 0.00015915 0.00015855 0.0001659 0.0001562 0.000168 0.0001818 0.00015815 0.0001648 0.0001719 0.00016755 0.0001346 0.0001722 0.0001774 0.00016325 0.0001732 0.0001726 0.00016505 0.0001781 0.00013025 0.00016915 0.0001617 0.0001717 0.00017 0.0001666 0.0001602 0.0001258 0.00017065 0.00017085 0.00017015 0.0001408 0.0001807 0.0001756 0.00017295 0.0001728 0.00017295 0.0001667 0.00016425 0.0001675 0.00016355 0.00017025 0.00016465 0.0001417 0.00015935 0.00017045 0.00017915 0.00017675 0.0001697 0.00017575 0.0001701 0.0001688 0.00016615 0.00016995 0.00013115 0.00017355 0.00017155 0.00018035 0.00017475 0.0001651 0.0001675 0.00016645 0.0001693 0.0001693 0.00017345 0.00017005 0.00016905 0.0001744 0.0001625 0.00012865 0.00016675 0.00017085 0.0001723 0.00017565 0.0001787 0.0001689 0.0001679 0.00016545 0.0001701 0.000174
28 0.0001618 0.00016615 0.0001558 0.00016005 0.00015755 0.0001636 0.00015495 0.0001697 0.00016605 0.00016745 0.00016185 0.0001661 0.00017005 0.0001591 0.00016225 0.00015825 0.0001707 0.00015195 0.0001585 0.0001632 0.00015195 0.00014735 0.00016615 0.00016495 0.00016165 0.00016345 0.0001695 0.00015815 0.0001695 0.0001509 0.00015795 0.0001539 0.0001601 0.0001712 0.00016105 0.0001765 0.00016195 0.0001564 0.00015215 0.0001623 0.0001491 0.0001592 0.00016905 0.00017015 0.0001665 0.00014775 0.00016155 0.0001522 0.0001621 0.0001647 0.0001582 0.00017085 0.00016795 0.00015555 0.0001556 0.000166 0.00015905 0.00016275 0.00016225 0.0001667 0.0001539 0.00016625 0.0001676 0.00015055 0.0001572 0.0001576 0.00016435 0.00016745 0.000159 0.0001628 0.00016085 0.0001623 0.00015045 0.0001622 0.0001564 0.0001661 0.0001698 0.00017055 0.00017325 0.00015615 0.0001587 0.000161 0.00015655 0.0001585 0.0001657 0.00016465 0.0001627 0.0001706 0.0001568 0.00016245 0.00017655 0.0001589 0.00017155 0.0001661 0.000169 0.00015235 0.0001564 0.00015775 0.0001626 0.0001631
29 0.00017315 0.00015735 0.00016175 0.0001515 0.0001644 0.00015605 0.0001676 0.00014745 0.00015345 0.00016585 0.00014605 0.0001198 0.00017305 0.00016865 0.00015625 0.000134 0.00017035 0.00015505 0.00015305 0.00015455 0.0001646 0.00016185 0.0001659 0.00012585 0.0001668 0.00016575 0.00016085 0.0001648 0.0001509 0.0001297 0.00015995 0.0001715 0.00015955 0.0001691 0.000163 0.00015835 0.0001666 0.0001606 0.00015655 0.00015905 0.0001623 0.00015875 0.00017105 0.00016925 0.00015595 0.0001133 0.0001615 0.0001631 0.0001552 0.00015875 0.00015795 0.00015815 0.0001701 0.00011765 0.00015665 0.0001645 0.00012645 0.000167 0.0001705 0.000157 0.0001647 0.0001705 0.00016595 0.0001639 0.00011335 0.000163 0.0001661 0.00016265 0.0001744 0.00016705 0.00016975 0.0001697 0.00015335 0.00016395 0.00016495 0.0001702 0.00016985 0.00016235 0.0001497 0.00016755 0.00016375 0.000163 0.0001554 0.00016715 0.00016315 0.00015445 0.00015905 0.00016605 0.00015895 0.0001575 0.00016455 0.00016865 0.00016935 0.000168 0.00015955 0.00016595 0.00015035 0.0001643 0.00016085 0.00016165
30 0.0001548 0.00015975 0.0001632 0.00016165 0.0001672 0.0001667 0.0001634 0.0001601 0.00015915 0.00017005 0.00015955 0.0001579 0.0001608 0.0001593 0.0001519 0.0001708 0.0001608 0.000158 0.0001594 0.000166 0.0001682 0.00015575 0.00016535 0.00014835 0.0001607 0.0001662 0.0001455 0.0001719 0.00015795 0.00015995 0.0001638 0.00015915 0.00016895 0.0001645 0.00016115 0.00016405 0.00016275 0.0001523 0.00015585 0.0001531 0.00016185 0.0001617 0.0001631 0.000168 0.00016585 0.0001368 0.00016725 0.000136 0.0001578 0.00014305 0.0001298 0.0001631 0.0001654 0.00016775 0.00015825 0.0001636 0.0001706 0.0001568 0.0001674 0.00016485 0.0001569 0.00016435 0.00016095 0.00016515 0.0001504 0.000166 0.0001605 0.00017225 0.0001649 0.0001567 0.0001594 0.0001668 0.00016795 0.0001538 0.00015895 0.00016205 0.00016255 0.00016385 0.00017285 0.00014015 0.0001588 0.0001567 0.0001625 0.00016265 0.0001602 0.0001685 0.00016115 0.00015735 0.0001629 0.0001683 0.00015025 0.0001519 0.0001679 0.0001563 0.000169 0.0001576 0.00015425 0.00016925 0.0001171 0.0001695
31 0.00012325 0.00016035 0.00016025 0.0001705 0.0001638 0.0001645 0.00017485 0.0001686 0.0001536 0.00016645 0.00015845 0.0001494 0.00014775 0.0001622 0.00016265 0.00017085 0.0001472 0.0001652 0.00016595 0.0001664 0.00015565 0.00016175 0.0001674 0.0001583 0.00013855 0.0001589 0.00016205 0.00016755 0.0001539 0.0001715 0.00015915 0.0001716 0.00014325 0.0001554 0.0001562 0.00017345 0.00015865 0.00016375 0.00016665 0.0001675 0.00016055 0.00017225 0.0001522 0.00016075 0.00016015 0.00016445 0.0001621 0.0001535 0.00017115 0.0001626 0.0001618 0.00016565 0.00016925 0.00016765 0.00014905 0.0001607 0.0001711 0.00016125 0.0001616 0.0001631 0.0001229 0.0001658 0.0001564 0.00016565 0.0001629 0.00012855 0.00015045 0.0001718 0.0001292 0.00017055 0.00015865 0.00016395 0.00015665 0.00016575 0.0001571 0.0001613 0.0001525 0.0001518 0.0001681 0.00016225 0.00015715 0.0001632 0.0001696 0.0001572 0.00016265 0.00016255 0.0001641 0.0001563 0.00015135 0.00016145 0.00016535 0.000131 0.0001633 0.00016305 0.0001548 0.0001617 0.0001732 0.00016685 0.0001612 0.00016705
32 0.0001643 0.00016275 0.00016305 0.0001638 0.00016525 0.00014395 0.0001769 0.00016445 0.0001587 0.0001707 0.0001602 0.0001672 0.00015375 0.0001628 0.0001617 0.0001465 0.00016165 0.00016425 0.0001639 0.00015905 0.00015925 0.00015465 0.0001672 0.00016055 0.00015815 0.0001675 0.00015775 0.0001346 0.0001601 0.00015955 0.00016895 0.00014325 0.0001768 0.00017065 0.0001671 0.00016585 0.00017715 0.0001661 0.0001647 0.00017375 0.0001263 0.0001684 0.00016615 0.00016625 0.00016775 0.00016305 0.0001679 0.00012595 0.00014625 0.00016195 0.0001713 0.0001367 0.0001743 0.00016795 0.0001617 0.00017315 0.0001696 0.00015975 0.0001677 0.00016505 0.0001373 0.00016795 0.0001603 0.00016805 0.0001569 0.000149 0.00016255 0.00017425 0.00017225 0.00017355 0.00016295 0.0001671 0.0001559 0.00016555 0.0001231 0.00017105 0.00016675 0.00016855 0.0001694 0.00016925 0.0001608 0.0001705 0.0001696 0.00016525 0.0001746 0.0001536 0.00016965 0.00016835 0.0001587 0.00012805 0.0001578 0.0001707 0.0001721 0.0001681 0.00016865 0.000165 0.0001735 0.00016615 0.0001703 0.00017045
33 0.00015265 0.0001647 0.00017195 0.00016805 0.0001639 0.00017135 0.0001736 0.00016935 0.0001575 0.0001646 0.0001589 0.0001574 0.000165 0.0001688 0.000168 0.00017475 0.000157 0.00016525 0.0001587 0.00016815 0.00016505 0.0001697 0.0001768 0.00016805 0.00015955 0.00017805 0.00016585 0.0001722 0.0001712 0.0001691 0.0001645 0.0001554 0.00017065 0.0001811 0.0001665 0.00017425 0.0001605 0.0001731 0.00016995 0.0001688 0.0001676 0.00016875 0.0001622 0.0001669 0.00016475 0.0001691 0.0001671 0.0001666 0.00017045 0.00016455 0.0001633 0.00017035 0.00017615 0.00016955 0.00015705 0.0001613 0.00017045 0.000173 0.0001705 0.00016575 0.000168 0.00016985 0.0001548 0.0001738 0.0001694 0.00016585 0.0001624 0.00017285 0.0001634 0.0001758 0.00015935 0.00017375 0.00017035 0.00017295 0.00017215 0.0001643 0.0001591 0.00016135 0.0001741 0.000171 0.00017015 0.00017285 0.00017855 0.000163 0.0001621 0.00016235 0.00017145 0.00016075 0.00017065 0.00017125 0.0001678 0.0001626 0.00015775 0.0001743 0.000162 0.00017045 0.00017945 0.00017195 0.0001645 0.00017355
34 0.0001605 0.0001668 0.00012285 0.0001247 0.00016505 0.0001629 0.00016565 0.000161 0.00016325 0.0001706 0.0001649 0.00016205 0.00016755 0.00017 0.00014395 0.0001714 0.00016355 0.0001355 0.00016375 0.00016665 0.0001279 0.000159 0.0001656 0.0001563 0.0001664 0.00015885 0.000125 0.0001774 0.00016105 0.000163 0.00016115 0.0001562 0.0001671 0.0001665 0.0001595 0.00016355 0.0001559 0.0001156 0.0001511 0.00016285 0.00016705 0.0001478 0.00015535 0.0001597 0.00017385 0.0001657 0.0001547 0.00016715 0.0001581 0.00015815 0.00015665 0.0001643 0.00013615 0.00012845 0.0001709 0.0001474 0.0001531 0.00016915 0.0001687 0.0001621 0.00015775 0.00015595 0.00016665 0.0001714 0.0001592 0.00016095 0.00016 0.00016305 0.00016165 0.0001579 0.00016825 0.000164 0.0001652 0.000157 0.0001681 0.00015235 0.00011635 0.00015875 0.0001749 0.0001639 0.0001267 0.00015845 0.0001722 0.00016325 0.0001551 0.00015495 0.0001709 0.00015545 0.0001618 0.0001737 0.0001668 0.00015465 0.0001536 0.0001652 0.00015465 0.0001641 0.00015355 0.00017415 0.0001626 0.0001709
35 0.0001675 0.00016325 0.000165 0.0001627 0.0001691 0.00016725 0.0001774 0.0001271 0.0001503 0.00015805 0.00016125 0.00015795 0.00016935 0.0001533 0.00016045 0.00016825 0.0001461 0.00016635 0.0001664 0.0001666 0.0001678 0.0001686 0.00016905 0.00014865 0.0001707 0.00016645 0.0001621 0.00016325 0.0001765 0.00015835 0.00016405 0.00017345 0.00016585 0.00017425 0.00016355 0.0001795 0.00016365 0.00016515 0.00016155 0.0001706 0.0001678 0.0001694 0.0001637 0.000163 0.0001577 0.0001636 0.00016205 0.0001603 0.0001695 0.0001681 0.00016105 0.0001639 0.0001712 0.0001658 0.00016305 0.00017295 0.00016245 0.0001604 0.0001734 0.0001631 0.0001523 0.0001573 0.00016895 0.0001681 0.00013815 0.000176 0.0001676 0.00017075 0.000175 0.0001616 0.0001757 0.00017015 0.0001613 0.0001638 0.0001566 0.0001667 0.00016365 0.0001669 0.00016065 0.00017125 0.00016415 0.0001688 0.00016895 0.00017405 0.0001643 0.00016685 0.0001636 0.0001696 0.00016065 0.00015765 0.0001681 0.00016865 0.00016875 0.00015375 0.0001659 0.0001693 0.0001676 0.00017195 0.00016225 0.00016975
