 slim_761996553 slim_761996535 slim_761996510 slim_761996526 slim_761996513 slim_761996515 slim_761996518 slim_761996527 slim_761996532 slim_761996524 slim_761996512 slim_761996522 slim_761996558 slim_761996548 slim_761996520 slim_761996545 slim_761996556 slim_761996560 slim_761996552 slim_761996511 slim_761996546 slim_761996528 slim_761996534 slim_761996557 slim_761996537 slim_761996547 slim_761996542 slim_761996509 slim_761996554 slim_761996540 slim_761996516 slim_761996536 slim_761996551 slim_761996529 slim_761996525 slim_761996550 slim_761996543 slim_761996559 slim_761996538 slim_761996514 slim_761996533 slim_761996517 slim_761996521 slim_761996539 slim_761996549 slim_761996544 slim_761996531 slim_761996541 slim_761996555 slim_761996519 slim_761996530 slim_761996523
0 0.0001668 0.00016435 0.0001432 0.00013985 0.0001149 0.00010925 0.0001316 0.0001521 0.00014435 0.0001516 0.00013205 0.0001425 0.0001181 0.0001581 0.00014435 0.000143 0.0001305 0.0001361 0.0001277 0.0001645 0.0001305 0.0001416 0.000117 0.0001409 0.0001535 0.00015355 0.0001287 0.0001232 0.00012325 0.00011885 0.00012945 0.0001369 0.0001092 0.00012165 0.00012515 0.00013725 0.0001182 0.0001381 0.00014105 8.94e-05 0.0001501 0.0001646 0.0001214 0.0001443 0.000132 0.000132 0.0001293 0.0001076 0.00010325 0.00014385 0.00013735 0.00016365
1 0.00016435 0.0001811 0.0001272 0.00015615 0.0001416 0.00014425 0.00011765 0.0001428 0.0001172 0.00014045 0.0001256 0.00011725 0.0001453 0.00012235 0.0001172 0.00011715 0.0001177 0.00013195 0.0001398 0.0001007 0.0001177 0.0001347 0.00014975 0.00016275 0.00011005 0.00013315 0.00016225 0.00014385 0.00014395 0.00016665 0.0001278 0.00016695 0.00014885 0.0001485 0.0001518 0.0001263 0.0001599 0.000139 0.0001304 0.0001507 0.0001528 0.00010065 0.00014405 0.0001244 0.00015935 0.00015935 0.00012765 0.0001446 0.0001502 0.00012655 0.00012035 9.06e-05
2 0.0001432 0.0001272 0.0001673 0.0001483 0.00012515 0.0001019 0.00010685 0.0001223 8.71e-05 0.00017175 0.000116 8.525e-05 0.0001202 9.42e-05 8.71e-05 0.00012365 0.00010535 8.515e-05 0.00010185 8.715e-05 0.00010535 8.365e-05 0.000108 0.0001564 0.00017065 0.0001239 0.00013155 8.375e-05 8.385e-05 0.00013955 0.000102 0.0001511 0.00010185 0.0001054 0.00014375 0.0001035 0.0001406 9.43e-05 0.00015535 0.00012795 0.000131 8.725e-05 0.00010585 8.825e-05 0.0001223 0.0001223 0.00010185 0.00012415 0.0001097 0.00011715 9.24e-05 8.86e-05
3 0.00013985 0.00015615 0.0001483 7.17e-05 0.0001564 0.00014755 0.0001318 8.965e-05 0.0001433 0.0001002 0.0001552 0.00014335 0.0001298 0.00014835 0.0001433 0.000166 0.0001376 0.00015025 0.0001466 0.0001384 0.0001376 0.00015235 0.0001624 4.055e-05 0.00015685 8.69e-05 9.69e-05 0.00015335 0.00015345 0.00013075 0.0001427 6.865e-05 0.0001475 0.00016105 7.27e-05 0.00014945 8.895e-05 0.0001534 0.0001485 0.0001241 9.405e-05 0.0001385 0.00014285 0.00014985 9.46e-05 9.46e-05 0.00014255 0.0001372 0.0001298 9.02e-05 0.0001469 0.0001333
4 0.0001149 0.0001416 0.00012515 0.0001564 0.0001826 0.0001159 0.0001137 0.0001396 0.00012475 0.00016575 0.0001086 0.0001248 0.0001377 0.0001411 0.00012475 0.00014365 0.00011375 0.0001261 0.00012205 0.00012305 0.00011375 0.0001331 0.0001107 0.00015065 0.00016045 0.00013955 0.00013775 0.000127 0.0001271 0.0001356 0.00011425 0.00014235 0.00011585 0.0001091 0.00013525 0.00011165 0.0001304 0.00014295 0.00016035 0.0001108 0.0001434 0.00012315 0.0001359 0.000133 0.00014135 0.00014135 0.0001141 0.00012495 0.0001218 0.000137 0.00012555 0.00012255
5 0.00010925 0.00014425 0.0001019 0.00014755 0.0001159 5.9e-05 0.0001158 0.00016585 9.42e-05 0.0001596 0.00012035 8.275e-05 9.075e-05 0.0001452 9.42e-05 7.945e-05 9.425e-05 5.53e-05 8.075e-05 0.00016665 9.425e-05 7.54e-05 7.865e-05 0.00015 0.0001497 0.0001566 9.34e-05 2.96e-05 2.97e-05 0.0001084 0.00010205 0.00013025 3.485e-05 0.00010195 0.0001319 0.00014865 9.355e-05 7.29e-05 0.0001267 4.75e-05 0.000167 0.00016675 5.445e-05 7.59e-05 9.345e-05 9.345e-05 0.0001019 5.45e-05 4.75e-05 0.00013405 7.375e-05 0.00014735
6 0.0001316 0.00011765 0.00010685 0.0001318 0.0001137 0.0001158 0.0001219 0.000119 9.385e-05 0.00016155 0.0001348 0.0001054 0.00010225 9.94e-05 9.385e-05 0.00015035 8.3e-05 0.00012665 0.00012895 7.41e-05 8.3e-05 0.0001345 0.00014555 0.0001384 0.00015765 0.00010825 0.000135 0.00012675 0.00012685 0.00013625 9.61e-05 0.00015135 0.0001211 0.00012445 0.00012185 0.0001022 0.000128 0.0001193 0.00015625 9.89e-05 0.0001276 7.42e-05 0.0001274 0.00012645 0.0001388 0.0001388 9.595e-05 0.0001166 0.00010975 9.09e-05 0.00011485 7.25e-05
7 0.0001521 0.0001428 0.0001223 8.965e-05 0.0001396 0.00016585 0.000119 0.0001588 0.00013035 0.0001325 0.0001363 0.00013425 0.0001455 0.00011205 0.00013035 0.00017755 0.000131 0.00015545 0.00013695 8.75e-05 0.000131 0.0001417 0.0001569 8.755e-05 0.00017625 8.755e-05 0.00012625 0.0001653 0.0001654 0.00014875 0.000123 9.68e-05 0.00016045 0.00014465 0.0001011 0.00011455 0.00012305 0.00015505 0.0001682 0.00015645 8.745e-05 8.755e-05 0.00016405 0.0001429 0.00012235 0.00012235 0.0001229 0.00016475 0.0001558 0.00010325 0.0001445 9.93e-05
8 0.00014435 0.0001172 8.71e-05 0.0001433 0.00012475 9.42e-05 9.385e-05 0.00013035 0.0001519 0.0001679 0.0001175 7.605e-05 0.0001097 9.67e-05 7.595e-05 0.00011705 9.425e-05 7.595e-05 0.00011035 8.715e-05 9.425e-05 8.68e-05 0.000111 0.0001499 0.00015885 0.0001196 0.00012845 7.605e-05 7.615e-05 0.0001397 0.00010545 0.0001545 9.95e-05 0.0001065 0.0001373 0.00010685 0.0001375 8.565e-05 0.0001511 0.0001184 0.00013895 8.73e-05 9.63e-05 8.58e-05 0.0001192 0.0001192 0.0001053 0.0001146 0.00010015 0.0001041 8.32e-05 7.6e-05
9 0.0001516 0.00014045 0.00017175 0.0001002 0.00016575 0.0001596 0.00016155 0.0001325 0.0001679 0.0001736 0.0001696 0.00016835 0.0001521 0.00017585 0.0001679 0.00013785 0.0001621 0.00016815 0.00016435 0.0001743 0.0001621 0.0001709 0.0001694 9.245e-05 9.59e-05 0.00013085 0.00012745 0.0001655 0.0001656 0.0001488 0.00016605 0.0001041 0.00015885 0.00017235 0.00010805 0.0001772 0.0001204 0.0001696 0.0001019 0.00014225 0.00013435 0.0001744 0.00014205 0.00016575 0.00012615 0.00012615 0.0001659 0.0001363 0.00014805 0.00013775 0.0001664 0.00017075
10 0.00013205 0.0001256 0.000116 0.0001552 0.0001086 0.00012035 0.0001348 0.0001363 0.0001175 0.0001696 0.0001019 0.00010605 0.00014015 0.000118 0.0001175 0.00013305 0.0001129 0.00011215 0.0001031 0.0001086 0.0001129 0.00010775 8.8e-05 0.0001604 0.00016245 0.00013625 0.00015185 0.00012505 0.00012515 0.0001424 0.0001115 0.00013915 0.0001203 0.00012005 0.0001443 0.00010705 0.0001407 0.00012705 0.00016305 0.0001336 0.00014175 0.0001086 0.00013865 0.000104 0.00014525 0.00014525 0.00011135 0.0001341 0.0001382 0.0001374 9.045e-05 9.85e-05
11 0.0001425 0.00011725 8.525e-05 0.00014335 0.0001248 8.275e-05 0.0001054 0.00013425 7.605e-05 0.00016835 0.00010605 0.000129 0.0001108 0.0001017 7.605e-05 0.0001056 9.43e-05 6.45e-05 9.89e-05 9.685e-05 9.43e-05 7.535e-05 9.955e-05 0.00014995 0.0001597 0.0001235 0.00012275 6.46e-05 6.47e-05 0.0001374 0.0001036 0.0001488 8.805e-05 0.00010655 0.0001373 0.00010825 0.0001318 8.105e-05 0.00015195 0.00011265 0.00014285 9.695e-05 9.1e-05 7.435e-05 0.0001135 0.0001135 0.00010345 0.0001093 9.44e-05 0.00010995 7.355e-05 7.6e-05
12 0.0001181 0.0001453 0.0001202 0.0001298 0.0001377 9.075e-05 0.00010225 0.0001455 0.0001097 0.0001521 0.00014015 0.0001108 0.0001301 0.000104 0.0001097 0.00013305 0.0001029 0.0001156 0.0001204 0.0001324 0.0001029 0.0001219 0.00012885 0.00014075 0.00014685 0.0001363 0.00011905 9.765e-05 9.77e-05 0.0001223 0.0001135 0.00014845 9.605e-05 0.00013065 0.00012045 0.0001371 0.0001161 8.145e-05 0.00013165 7.45e-05 0.0001473 0.0001325 9.63e-05 0.00011355 0.00012285 0.00012285 0.00011335 8.955e-05 8.13e-05 0.0001109 0.00010925 0.00012285
13 0.0001581 0.00012235 9.42e-05 0.00014835 0.0001411 0.0001452 9.94e-05 0.00011205 9.67e-05 0.00017585 0.000118 0.0001017 0.000104 0.0001092 9.67e-05 0.00015935 0.0001081 0.00012755 0.0001236 5.71e-05 0.0001081 0.00011225 0.00014035 0.00016495 0.0001732 0.0001137 0.00015715 0.0001339 0.000134 0.00015865 0.0001057 0.0001692 0.00014515 0.0001282 0.00015015 9.175e-05 0.0001631 9.435e-05 0.0001657 0.000155 0.0001214 5.725e-05 0.00014145 0.000108 0.00015165 0.00015165 0.00010555 0.0001529 0.0001436 0.00010595 0.0001109 6.45e-05
14 0.00014435 0.0001172 8.71e-05 0.0001433 0.00012475 9.42e-05 9.385e-05 0.00013035 7.595e-05 0.0001679 0.0001175 7.605e-05 0.0001097 9.67e-05 0.0001519 0.00011705 9.425e-05 7.595e-05 0.00011035 8.715e-05 9.425e-05 8.68e-05 0.000111 0.0001499 0.00015885 0.0001196 0.00012845 7.605e-05 7.615e-05 0.0001397 0.00010545 0.0001545 9.95e-05 0.0001065 0.0001373 0.00010685 0.0001375 8.565e-05 0.0001511 0.0001184 0.00013895 8.73e-05 9.63e-05 8.58e-05 0.0001192 0.0001192 0.0001053 0.0001146 0.00010015 0.0001041 8.32e-05 7.6e-05
15 0.000143 0.00011715 0.00012365 0.000166 0.00014365 7.945e-05 0.00015035 0.00017755 0.00011705 0.00013785 0.00013305 0.0001056 0.00013305 0.00015935 0.00011705 0.0001354 0.0001288 8.17e-05 0.00011305 0.00017305 0.0001288 9.67e-05 0.0001043 0.00016845 0.0001067 0.0001694 0.00012825 6.78e-05 6.79e-05 0.0001419 0.0001355 0.00015385 8.405e-05 0.0001255 0.0001578 0.0001608 0.0001334 0.0001035 0.00010545 0.00010915 0.0001801 0.00017315 8.395e-05 9.495e-05 0.0001216 0.0001216 0.00013535 9.575e-05 9.74e-05 0.0001557 9.9e-05 0.00015485
16 0.0001305 0.0001177 0.00010535 0.0001376 0.00011375 9.425e-05 8.3e-05 0.000131 9.425e-05 0.0001621 0.0001129 9.43e-05 0.0001029 0.0001081 9.425e-05 0.0001288 0.0001659 0.00010545 0.0001074 9.42e-05 8.305e-05 0.0001133 0.000124 0.0001442 0.00015295 0.00012025 0.0001273 0.00010555 0.00010565 0.00013305 9.425e-05 0.0001433 9.955e-05 0.00012485 0.0001258 0.00011405 0.00011995 0.0001083 0.00015155 8.9e-05 0.0001396 9.43e-05 0.00011445 0.00010525 0.0001311 0.0001311 9.41e-05 0.0001033 0.0001002 0.0001047 9.51e-05 8.3e-05
17 0.0001361 0.00013195 8.515e-05 0.00015025 0.0001261 5.53e-05 0.00012665 0.00015545 7.595e-05 0.00016815 0.00011215 6.45e-05 0.0001156 0.00012755 7.595e-05 8.17e-05 0.00010545 5.16e-05 8.52e-05 0.00013535 0.00010545 5.04e-05 7.865e-05 0.00015385 0.0001554 0.0001447 0.0001091 2.59e-05 2.6e-05 0.00012655 0.00011475 0.0001448 6.06e-05 9.66e-05 0.00014415 0.0001369 0.00012565 6.83e-05 0.00014025 0.00010275 0.00016405 0.00013545 6.21e-05 6.28e-05 9.61e-05 9.61e-05 0.0001146 9.165e-05 7.325e-05 0.00013115 6.185e-05 0.00011455
18 0.0001277 0.0001398 0.00010185 0.0001466 0.00012205 8.075e-05 0.00012895 0.00013695 0.00011035 0.00016435 0.0001031 9.89e-05 0.0001204 0.0001236 0.00011035 0.00011305 0.0001074 8.52e-05 0.000134 0.00012855 0.0001074 7.535e-05 9.945e-05 0.0001547 0.0001636 0.0001439 0.00011575 8.38e-05 8.39e-05 0.0001248 9.9e-05 0.0001268 7.535e-05 0.0001234 0.00013525 0.00013875 0.0001159 0.00010555 0.0001489 9.575e-05 0.00014565 0.00012865 0.00010865 8.715e-05 0.0001188 0.0001188 9.885e-05 0.00010575 9.87e-05 0.0001422 8.99e-05 0.00012545
19 0.0001645 0.0001007 8.715e-05 0.0001384 0.00012305 0.00016665 7.41e-05 8.75e-05 8.715e-05 0.0001743 0.0001086 9.685e-05 0.0001324 5.71e-05 8.715e-05 0.00017305 9.42e-05 0.00013535 0.00012855 2.93e-05 9.42e-05 0.0001216 0.0001534 0.00015065 0.00017395 8.76e-05 0.0001655 0.00015975 0.00015985 0.00016425 9.425e-05 0.00016415 0.0001666 0.00012835 0.0001377 6.895e-05 0.00016705 0.00012975 0.00018025 0.00016945 0.00010365 1.485e-05 0.0001659 0.00011765 0.00016 0.00016 9.41e-05 0.00017295 0.00016245 8.79e-05 0.0001138 2.43e-05
20 0.0001305 0.0001177 0.00010535 0.0001376 0.00011375 9.425e-05 8.3e-05 0.000131 9.425e-05 0.0001621 0.0001129 9.43e-05 0.0001029 0.0001081 9.425e-05 0.0001288 8.305e-05 0.00010545 0.0001074 9.42e-05 0.0001659 0.0001133 0.000124 0.0001442 0.00015295 0.00012025 0.0001273 0.00010555 0.00010565 0.00013305 9.415e-05 0.0001433 9.955e-05 0.00012485 0.0001258 0.00011405 0.00011985 0.0001083 0.00015155 8.9e-05 0.0001396 9.43e-05 0.00011445 0.00010525 0.0001311 0.0001311 9.41e-05 0.0001033 0.0001002 0.0001048 9.51e-05 8.3e-05
21 0.0001416 0.0001347 8.365e-05 0.00015235 0.0001331 7.54e-05 0.0001345 0.0001417 8.68e-05 0.0001709 0.00010775 7.535e-05 0.0001219 0.00011225 8.68e-05 9.67e-05 0.0001133 5.04e-05 7.535e-05 0.0001216 0.0001133 9.78e-05 8.65e-05 0.00016045 0.0001649 0.0001433 0.00011695 4.9e-05 4.91e-05 0.0001315 0.00011025 0.0001434 7.535e-05 0.0001051 0.0001468 0.0001316 0.0001335 7.76e-05 0.0001492 0.00011985 0.0001504 0.0001217 8.52e-05 6.69e-05 0.00010695 0.00010695 0.0001101 0.00011175 9.335e-05 0.00013625 7.27e-05 0.00011315
22 0.000117 0.00014975 0.000108 0.0001624 0.0001107 7.865e-05 0.00014555 0.0001569 0.000111 0.0001694 8.8e-05 9.955e-05 0.00012885 0.00014035 0.000111 0.0001043 0.000124 7.865e-05 9.945e-05 0.0001534 0.000124 8.65e-05 0.0001313 0.00016345 0.00016655 0.00015835 0.0001249 6.575e-05 6.585e-05 0.00012615 0.0001211 0.00013945 7.86e-05 9.07e-05 0.00015175 0.00012225 0.0001276 9.81e-05 0.00014555 0.00010955 0.0001549 0.0001535 9.065e-05 8.995e-05 0.00011455 0.00011455 0.00012095 0.0001037 9.655e-05 0.0001505 9.05e-05 0.0001448
23 0.0001409 0.00016275 0.0001564 4.055e-05 0.00015065 0.00015 0.0001384 8.755e-05 0.0001499 9.245e-05 0.0001604 0.00014995 0.00014075 0.00016495 0.0001499 0.00016845 0.0001442 0.00015385 0.0001547 0.00015065 0.0001442 0.00016045 0.00016345 3.58e-05 0.0001546 8.33e-05 8.915e-05 0.0001558 0.0001559 0.0001328 0.0001508 5.065e-05 0.00014995 0.0001621 5.815e-05 0.00016295 8.12e-05 0.00016435 0.00015095 0.00012655 9.12e-05 0.00015075 0.0001453 0.00016285 8.685e-05 8.685e-05 0.00015065 0.00013965 0.00013225 9.29e-05 0.0001535 0.00014405
24 0.0001535 0.00011005 0.00017065 0.00015685 0.00016045 0.0001497 0.00015765 0.00017625 0.00015885 9.59e-05 0.00016245 0.0001597 0.00014685 0.0001732 0.00015885 0.0001067 0.00015295 0.0001554 0.0001636 0.00017395 0.00015295 0.0001649 0.00016655 0.0001546 5.02e-05 0.0001666 0.0001615 0.0001557 0.0001558 0.00015775 0.00016485 0.0001685 0.0001543 0.0001738 0.0001421 0.0001839 0.00015535 0.00015825 5.925e-05 0.00013845 0.0001846 0.00017405 0.0001193 0.0001614 0.0001612 0.0001612 0.0001647 0.00011345 0.00014435 0.0001564 0.00015225 0.00016285
25 0.00015355 0.00013315 0.0001239 8.69e-05 0.00013955 0.0001566 0.00010825 8.755e-05 0.0001196 0.00013085 0.00013625 0.0001235 0.0001363 0.0001137 0.0001196 0.0001694 0.00012025 0.0001447 0.0001439 8.76e-05 0.00012025 0.0001433 0.00015835 8.33e-05 0.0001666 0.0001663 0.0001235 0.00015605 0.00015615 0.0001502 0.00012465 0.0001005 0.00015655 0.0001461 9.685e-05 0.00011605 0.0001203 0.00014585 0.0001661 0.0001472 9.54e-05 8.77e-05 0.0001548 0.0001389 0.00011955 0.0001196 0.0001245 0.0001555 0.00014655 9.25e-05 0.00013375 8.705e-05
26 0.0001287 0.00016225 0.00013155 9.69e-05 0.00013775 9.34e-05 0.000135 0.00012625 0.00012845 0.00012745 0.00015185 0.00012275 0.00011905 0.00015715 0.00012845 0.00012825 0.0001273 0.0001091 0.00011575 0.0001655 0.0001273 0.00011695 0.0001249 8.915e-05 0.0001615 0.0001235 0.0001677 9.465e-05 9.475e-05 0.0001242 0.0001305 8.815e-05 9.335e-05 0.0001322 0.0001014 0.0001582 8.815e-05 0.00012025 0.00014575 9.235e-05 0.0001267 0.0001656 0.0001075 0.00012035 8.925e-05 8.925e-05 0.00013035 0.0001064 9.35e-05 0.0001234 0.0001232 0.00015655
27 0.0001232 0.00014385 8.375e-05 0.00015335 0.000127 2.96e-05 0.00012675 0.0001653 7.605e-05 0.0001655 0.00012505 6.46e-05 9.765e-05 0.0001339 7.605e-05 6.78e-05 0.00010555 2.59e-05 8.38e-05 0.00015975 0.00010555 4.9e-05 6.575e-05 0.0001558 0.0001557 0.00015605 9.465e-05 2e-07 3e-07 0.00011515 0.00011335 0.0001416 3.49e-05 8.37e-05 0.0001435 0.00014155 0.0001112 5.035e-05 0.00012635 7.705e-05 0.00016645 0.00015985 3.64e-05 5.655e-05 8.165e-05 8.165e-05 0.0001132 6.595e-05 4.755e-05 0.0001335 6.195e-05 0.00014045
28 0.00012325 0.00014395 8.385e-05 0.00015345 0.0001271 2.97e-05 0.00012685 0.0001654 7.615e-05 0.0001656 0.00012515 6.47e-05 9.77e-05 0.000134 7.615e-05 6.79e-05 0.00010565 2.6e-05 8.39e-05 0.00015985 0.00010565 4.91e-05 6.585e-05 0.0001559 0.0001558 0.00015615 9.475e-05 3e-07 4e-07 0.00011525 0.00011345 0.0001417 3.5e-05 8.38e-05 0.0001436 0.00014165 0.0001113 5.035e-05 0.00012645 7.71e-05 0.00016655 0.00015995 3.65e-05 5.665e-05 8.175e-05 8.175e-05 0.0001133 6.605e-05 4.76e-05 0.0001336 6.205e-05 0.00014055
29 0.00011885 0.00016665 0.00013955 0.00013075 0.0001356 0.0001084 0.00013625 0.00014875 0.0001397 0.0001488 0.0001424 0.0001374 0.0001223 0.00015865 0.0001397 0.0001419 0.00013305 0.00012655 0.0001248 0.00016425 0.00013305 0.0001315 0.00012615 0.0001328 0.00015775 0.0001502 0.0001242 0.00011515 0.00011525 0.0001819 0.000133 0.0001324 0.00010835 0.00013485 0.0001233 0.00015525 0.00011765 0.00013425 0.0001407 9.66e-05 0.00014125 0.00016435 0.0001161 0.00013715 0.00012425 0.00012425 0.00013285 0.0001095 0.00010325 0.0001397 0.00013085 0.00016195
30 0.00012945 0.0001278 0.000102 0.0001427 0.00011425 0.00010205 9.61e-05 0.000123 0.00010545 0.00016605 0.0001115 0.0001036 0.0001135 0.0001057 0.00010545 0.0001355 9.425e-05 0.00011475 9.9e-05 9.425e-05 9.415e-05 0.00011025 0.0001211 0.0001508 0.00016485 0.00012465 0.0001305 0.00011335 0.00011345 0.000133 0.0001815 0.00014 0.000102 0.00012385 0.00013235 0.0001108 0.00012305 0.00011705 0.0001559 9.865e-05 0.00013175 9.43e-05 0.0001241 0.0001078 0.0001343 0.0001343 9.075e-05 0.00011295 0.00010985 0.0001179 0.0001044 9.57e-05
31 0.0001369 0.00016695 0.0001511 6.865e-05 0.00014235 0.00013025 0.00015135 9.68e-05 0.0001545 0.0001041 0.00013915 0.0001488 0.00014845 0.0001692 0.0001545 0.00015385 0.0001433 0.0001448 0.0001268 0.00016415 0.0001433 0.0001434 0.00013945 5.065e-05 0.0001685 0.0001005 8.815e-05 0.0001416 0.0001417 0.0001324 0.00014 6.56e-05 0.0001249 0.00015415 7.6e-05 0.00016285 7.605e-05 0.0001597 0.000154 0.00011915 9.65e-05 0.00016425 0.0001431 0.0001443 8.715e-05 8.72e-05 0.00013985 0.0001319 0.0001304 0.00012475 0.0001429 0.0001617
32 0.0001092 0.00014885 0.00010185 0.0001475 0.00011585 3.485e-05 0.0001211 0.00016045 9.95e-05 0.00015885 0.0001203 8.805e-05 9.605e-05 0.00014515 9.95e-05 8.405e-05 9.955e-05 6.06e-05 7.535e-05 0.0001666 9.955e-05 7.535e-05 7.86e-05 0.00014995 0.0001543 0.00015655 9.335e-05 3.49e-05 3.5e-05 0.00010835 0.000102 0.0001249 6.96e-05 0.0001019 0.00013185 0.0001486 9.35e-05 7.82e-05 0.00012595 5.285e-05 0.0001616 0.0001667 5.975e-05 7.67e-05 9.34e-05 9.34e-05 0.00010185 5.985e-05 5.28e-05 0.00013935 7.905e-05 0.00015265
33 0.00012165 0.0001485 0.0001054 0.00016105 0.0001091 0.00010195 0.00012445 0.00014465 0.0001065 0.00017235 0.00012005 0.00010655 0.00013065 0.0001282 0.0001065 0.0001255 0.00012485 9.66e-05 0.0001234 0.00012835 0.00012485 0.0001051 9.07e-05 0.0001621 0.0001738 0.0001461 0.0001322 8.37e-05 8.38e-05 0.00013485 0.00012385 0.00015415 0.0001019 0.0001672 0.0001541 0.00010295 0.00014125 0.0001065 0.0001535 0.00012625 0.00014265 0.00012845 0.00010395 0.0001072 0.00012285 0.00012285 0.0001237 0.00012235 0.0001079 0.00013635 0.0001137 0.00012935
34 0.00012515 0.0001518 0.00014375 7.27e-05 0.00013525 0.0001319 0.00012185 0.0001011 0.0001373 0.00010805 0.0001443 0.0001373 0.00012045 0.00015015 0.0001373 0.0001578 0.0001258 0.00014415 0.00013525 0.0001377 0.0001258 0.0001468 0.00015175 5.815e-05 0.0001421 9.685e-05 0.0001014 0.0001435 0.0001436 0.0001233 0.00013235 7.6e-05 0.00013185 0.0001541 0.000116 0.00015455 8.93e-05 0.0001499 0.0001407 0.0001026 0.00010735 0.0001378 0.00013335 0.00014875 0.00010075 0.00010075 0.0001322 0.0001219 0.0001141 0.0001021 0.0001368 0.0001311
35 0.00013725 0.0001263 0.0001035 0.00014945 0.00011165 0.00014865 0.0001022 0.00011455 0.00010685 0.0001772 0.00010705 0.00010825 0.0001371 9.175e-05 0.00010685 0.0001608 0.00011405 0.0001369 0.00013875 6.895e-05 0.00011405 0.0001316 0.00012225 0.00016295 0.0001839 0.00011605 0.0001582 0.00014155 0.00014165 0.00015525 0.0001108 0.00016285 0.0001486 0.00010295 0.00015455 0.0001209 0.00015975 0.0001298 0.0001769 0.0001561 0.0001165 6.905e-05 0.00015215 0.00012025 0.0001525 0.0001525 0.00011065 0.0001594 0.0001489 0.0001138 0.00012695 7.355e-05
36 0.0001182 0.0001599 0.0001406 8.895e-05 0.0001304 9.355e-05 0.000128 0.00012305 0.0001375 0.0001204 0.0001407 0.0001318 0.0001161 0.0001631 0.0001375 0.0001334 0.00011995 0.00012565 0.0001159 0.00016705 0.00011985 0.0001335 0.0001276 8.12e-05 0.00015535 0.0001203 8.815e-05 0.0001112 0.0001113 0.00011765 0.00012305 7.605e-05 9.35e-05 0.00014125 8.93e-05 0.00015975 0.0001518 0.0001337 0.0001396 7.61e-05 0.0001235 0.00016715 0.0001127 0.0001306 9.355e-05 9.355e-05 0.000123 9.52e-05 9.365e-05 0.0001202 0.0001259 0.0001581
37 0.0001381 0.000139 9.43e-05 0.0001534 0.00014295 7.29e-05 0.0001193 0.00015505 8.565e-05 0.0001696 0.00012705 8.105e-05 8.145e-05 9.435e-05 8.565e-05 0.0001035 0.0001083 6.83e-05 0.00010555 0.00012975 0.0001083 7.76e-05 9.81e-05 0.00016435 0.00015825 0.00014585 0.00012025 5.035e-05 5.035e-05 0.00013425 0.00011705 0.0001597 7.82e-05 0.0001065 0.0001499 0.0001298 0.0001337 0.0001005 0.0001367 0.0001041 0.00015685 0.00012985 7.2e-05 7.63e-05 0.000111 0.000111 0.0001169 9.47e-05 8.145e-05 0.0001223 8.045e-05 0.00011635
38 0.00014105 0.0001304 0.00015535 0.0001485 0.00016035 0.0001267 0.00015625 0.0001682 0.0001511 0.0001019 0.00016305 0.00015195 0.00013165 0.0001657 0.0001511 0.00010545 0.00015155 0.00014025 0.0001489 0.00018025 0.00015155 0.0001492 0.00014555 0.00015095 5.925e-05 0.0001661 0.00014575 0.00012635 0.00012645 0.0001407 0.0001559 0.000154 0.00012595 0.0001535 0.0001407 0.0001769 0.0001396 0.0001367 0.0001039 0.0001218 0.00017075 0.00018035 8.995e-05 0.00014265 0.0001391 0.0001391 0.00015575 9.045e-05 0.00012135 0.00015475 0.0001445 0.0001767
39 8.94e-05 0.0001507 0.00012795 0.0001241 0.0001108 4.75e-05 9.89e-05 0.00015645 0.0001184 0.00014225 0.0001336 0.00011265 7.45e-05 0.000155 0.0001184 0.00010915 8.9e-05 0.00010275 9.575e-05 0.00016945 8.9e-05 0.00011985 0.00010955 0.00012655 0.00013845 0.0001472 9.235e-05 7.705e-05 7.71e-05 9.66e-05 9.865e-05 0.00011915 5.285e-05 0.00012625 0.0001026 0.0001561 7.61e-05 0.0001041 0.0001218 3.61e-05 0.0001576 0.00016955 7.89e-05 0.0001133 0.00010545 0.00010545 9.85e-05 4.95e-05 4.75e-05 0.0001228 0.0001027 0.000154
40 0.0001501 0.0001528 0.000131 9.405e-05 0.0001434 0.000167 0.0001276 8.745e-05 0.00013895 0.00013435 0.00014175 0.00014285 0.0001473 0.0001214 0.00013895 0.0001801 0.0001396 0.00016405 0.00014565 0.00010365 0.0001396 0.0001504 0.0001549 9.12e-05 0.0001846 9.54e-05 0.0001267 0.00016645 0.00016655 0.00014125 0.00013175 9.65e-05 0.0001616 0.00014265 0.00010735 0.0001165 0.0001235 0.00015685 0.00017075 0.0001576 0.0001583 0.00010375 0.0001652 0.00014805 0.00012275 0.0001228 0.0001316 0.0001659 0.00015695 0.00011055 0.0001531 0.00011535
41 0.0001646 0.00010065 8.725e-05 0.0001385 0.00012315 0.00016675 7.42e-05 8.755e-05 8.73e-05 0.0001744 0.0001086 9.695e-05 0.0001325 5.725e-05 8.73e-05 0.00017315 9.43e-05 0.00013545 0.00012865 1.485e-05 9.43e-05 0.0001217 0.0001535 0.00015075 0.00017405 8.77e-05 0.0001656 0.00015985 0.00015995 0.00016435 9.43e-05 0.00016425 0.0001667 0.00012845 0.0001378 6.905e-05 0.00016715 0.00012985 0.00018035 0.00016955 0.00010375 2.95e-05 0.000166 0.00011775 0.0001601 0.0001601 9.42e-05 0.00017305 0.00016255 8.805e-05 0.0001138 2.44e-05
42 0.0001214 0.00014405 0.00010585 0.00014285 0.0001359 5.445e-05 0.0001274 0.00016405 9.63e-05 0.00014205 0.00013865 9.1e-05 9.63e-05 0.00014145 9.63e-05 8.395e-05 0.00011445 6.21e-05 0.00010865 0.0001659 0.00011445 8.52e-05 9.065e-05 0.0001453 0.0001193 0.0001548 0.0001075 3.64e-05 3.65e-05 0.0001161 0.0001241 0.0001431 5.975e-05 0.00010395 0.00013335 0.00015215 0.0001127 7.2e-05 8.995e-05 7.89e-05 0.0001652 0.000166 7.26e-05 8.655e-05 9.45e-05 9.45e-05 0.00012395 5.45e-05 6.075e-05 0.0001304 8.595e-05 0.0001509
43 0.0001443 0.0001244 8.825e-05 0.00014985 0.000133 7.59e-05 0.00012645 0.0001429 8.58e-05 0.00016575 0.000104 7.435e-05 0.00011355 0.000108 8.58e-05 9.495e-05 0.00010525 6.28e-05 8.715e-05 0.00011765 0.00010525 6.69e-05 8.995e-05 0.00016285 0.0001614 0.0001389 0.00012035 5.655e-05 5.665e-05 0.00013715 0.0001078 0.0001443 7.67e-05 0.0001072 0.00014875 0.00012025 0.0001306 7.63e-05 0.00014265 0.0001133 0.00014805 0.00011775 8.655e-05 0.0001129 0.0001111 0.0001111 0.00010765 0.00010605 9.385e-05 0.00012865 7.305e-05 0.0001036
44 0.000132 0.00015935 0.0001223 9.46e-05 0.00014135 9.345e-05 0.0001388 0.00012235 0.0001192 0.00012615 0.00014525 0.0001135 0.00012285 0.00015165 0.0001192 0.0001216 0.0001311 9.61e-05 0.0001188 0.00016 0.0001311 0.00010695 0.00011455 8.685e-05 0.0001612 0.00011955 8.925e-05 8.165e-05 8.175e-05 0.00012425 0.0001343 8.715e-05 9.34e-05 0.00012285 0.00010075 0.0001525 9.355e-05 0.000111 0.0001391 0.00010545 0.00012275 0.0001601 9.45e-05 0.0001111 0.0001631 8.16e-05 0.00013415 0.00010645 9.355e-05 0.0001195 0.00011395 0.00015105
45 0.000132 0.00015935 0.0001223 9.46e-05 0.00014135 9.345e-05 0.0001388 0.00012235 0.0001192 0.00012615 0.00014525 0.0001135 0.00012285 0.00015165 0.0001192 0.0001216 0.0001311 9.61e-05 0.0001188 0.00016 0.0001311 0.00010695 0.00011455 8.685e-05 0.0001612 0.0001196 8.925e-05 8.165e-05 8.175e-05 0.00012425 0.0001343 8.72e-05 9.34e-05 0.00012285 0.00010075 0.0001525 9.355e-05 0.000111 0.0001391 0.00010545 0.0001228 0.0001601 9.45e-05 0.0001111 8.16e-05 0.0001631 0.00013415 0.00010645 9.355e-05 0.0001195 0.00011395 0.00015105
46 0.0001293 0.00012765 0.00010185 0.00014255 0.0001141 0.0001019 9.595e-05 0.0001229 0.0001053 0.0001659 0.00011135 0.00010345 0.00011335 0.00010555 0.0001053 0.00013535 9.41e-05 0.0001146 9.885e-05 9.41e-05 9.41e-05 0.0001101 0.00012095 0.00015065 0.0001647 0.0001245 0.00013035 0.0001132 0.0001133 0.00013285 9.075e-05 0.00013985 0.00010185 0.0001237 0.0001322 0.00011065 0.000123 0.0001169 0.00015575 9.85e-05 0.0001316 9.42e-05 0.00012395 0.00010765 0.00013415 0.00013415 0.0001812 0.0001128 0.0001097 0.00011775 0.00010425 9.555e-05
47 0.0001076 0.0001446 0.00012415 0.0001372 0.00012495 5.45e-05 0.0001166 0.00016475 0.0001146 0.0001363 0.0001341 0.0001093 8.955e-05 0.0001529 0.0001146 9.575e-05 0.0001033 9.165e-05 0.00010575 0.00017295 0.0001033 0.00011175 0.0001037 0.00013965 0.00011345 0.0001555 0.0001064 6.595e-05 6.605e-05 0.0001095 0.00011295 0.0001319 5.985e-05 0.00012235 0.0001219 0.0001594 9.52e-05 9.47e-05 9.045e-05 4.95e-05 0.0001659 0.00017305 5.45e-05 0.00010605 0.00010645 0.00010645 0.0001128 8.63e-05 6.085e-05 0.0001311 9.79e-05 0.00015795
48 0.00010325 0.0001502 0.0001097 0.0001298 0.0001218 4.75e-05 0.00010975 0.0001558 0.00010015 0.00014805 0.0001382 9.44e-05 8.13e-05 0.0001436 0.00010015 9.74e-05 0.0001002 7.325e-05 9.87e-05 0.00016245 0.0001002 9.335e-05 9.655e-05 0.00013225 0.00014435 0.00014655 9.35e-05 4.755e-05 4.76e-05 0.00010325 0.00010985 0.0001304 5.28e-05 0.0001079 0.0001141 0.0001489 9.365e-05 8.145e-05 0.00012135 4.75e-05 0.00015695 0.00016255 6.075e-05 9.385e-05 9.355e-05 9.355e-05 0.0001097 6.085e-05 9.49e-05 0.00012215 9.08e-05 0.000147
49 0.00014385 0.00012655 0.00011715 9.02e-05 0.000137 0.00013405 9.09e-05 0.00010325 0.0001041 0.00013775 0.0001374 0.00010995 0.0001109 0.00010595 0.0001041 0.0001557 0.0001047 0.00013115 0.0001422 8.79e-05 0.0001048 0.00013625 0.0001505 9.29e-05 0.0001564 9.25e-05 0.0001234 0.0001335 0.0001336 0.0001397 0.0001179 0.00012475 0.00013935 0.00013635 0.0001021 0.0001138 0.0001202 0.0001223 0.00015475 0.0001228 0.00011055 8.805e-05 0.0001304 0.00012865 0.0001195 0.0001195 0.00011775 0.0001311 0.00012215 0.0001496 0.0001202 8.06e-05
50 0.00013735 0.00012035 9.24e-05 0.0001469 0.00012555 7.375e-05 0.00011485 0.0001445 8.32e-05 0.0001664 9.045e-05 7.355e-05 0.00010925 0.0001109 8.32e-05 9.9e-05 9.51e-05 6.185e-05 8.99e-05 0.0001138 9.51e-05 7.27e-05 9.05e-05 0.0001535 0.00015225 0.00013375 0.0001232 6.195e-05 6.205e-05 0.00013085 0.0001044 0.0001429 7.905e-05 0.0001137 0.0001368 0.00012695 0.0001259 8.045e-05 0.0001445 0.0001027 0.0001531 0.0001138 8.595e-05 7.305e-05 0.00011395 0.00011395 0.00010425 9.79e-05 9.08e-05 0.0001202 0.0001237 9.48e-05
51 0.00016365 9.06e-05 8.86e-05 0.0001333 0.00012255 0.00014735 7.25e-05 9.93e-05 7.6e-05 0.00017075 9.85e-05 7.6e-05 0.00012285 6.45e-05 7.6e-05 0.00015485 8.3e-05 0.00011455 0.00012545 2.43e-05 8.3e-05 0.00011315 0.0001448 0.00014405 0.00016285 8.705e-05 0.00015655 0.00014045 0.00014055 0.00016195 9.57e-05 0.0001617 0.00015265 0.00012935 0.0001311 7.355e-05 0.0001581 0.00011635 0.0001767 0.000154 0.00011535 2.44e-05 0.0001509 0.0001036 0.00015105 0.00015105 9.555e-05 0.00015795 0.000147 8.06e-05 9.48e-05 2.31e-05
