 slim_761935911 slim_761935913 slim_761935917 slim_761935905 slim_761935900 slim_761935907 slim_761935890 slim_761935881 slim_761935909 slim_761935888 slim_761935897 slim_761935885 slim_761935902 slim_761935916 slim_761935892 slim_761935886 slim_761935904 slim_761935924 slim_761935921 slim_761935910 slim_761935882 slim_761935891 slim_761935922 slim_761935893 slim_761935912 slim_761935899 slim_761935918 slim_761935898 slim_761935887 slim_761935895 slim_761935908 slim_761935889 slim_761935884 slim_761935880 slim_761935906 slim_761935915 slim_761935903 slim_761935901 slim_761935896 slim_761935883 slim_761935914 slim_761935923 slim_761935879 slim_761935894 slim_761935920 slim_761935919
0 9.99e-05 0.0001107 8.865e-05 8.76e-05 0.00010625 0.00011 0.000114 8.455e-05 9.63e-05 0.00011515 0.00012105 8.055e-05 0.00010745 0.00012165 8.45e-05 0.0001111 0.0001086 0.0001034 8.225e-05 0.0001112 0.00011875 7.845e-05 0.0001191 0.00011465 7.65e-05 0.00013145 7.135e-05 7.05e-05 8.995e-05 0.0001232 0.00011755 8.475e-05 0.0001125 0.00010115 9.27e-05 8.475e-05 9e-05 9.47e-05 0.00011315 0.00011915 0.00012565 0.0001331 8.455e-05 0.00013105 0.000122 0.0001095
1 0.0001107 0.0001463 0.00010095 0.0001077 0.0001349 0.00014115 7.33e-05 8.16e-05 0.0001164 9.965e-05 9.345e-05 0.00010925 0.00014695 0.0001259 0.000121 0.00012245 0.00010855 0.0001234 9.75e-05 0.00012875 9.91e-05 0.0001076 8.83e-05 0.0001228 0.00012615 0.00014515 0.00011405 0.00011685 0.0001252 0.0001542 8.85e-05 8.15e-05 0.00014805 0.0001407 0.00010115 9.26e-05 0.00010775 0.0001263 0.0001086 0.0001052 0.0001043 0.00011895 0.00012105 0.000139 0.0001472 0.00013615
2 8.865e-05 0.00010095 0.0001472 9.835e-05 0.0001244 0.0001364 7.405e-05 7.795e-05 0.0001021 0.0001185 9.32e-05 8.475e-05 0.00012655 0.0001033 0.00010405 9.995e-05 0.00011025 0.0001151 8.825e-05 0.00012955 9.845e-05 8.31e-05 8.745e-05 0.00011215 0.0001194 0.0001324 9.925e-05 0.0001063 0.00010825 0.00014815 8.76e-05 7.79e-05 0.00012545 0.0001276 8.85e-05 8.49e-05 9.845e-05 0.0001079 0.0001102 9.97e-05 0.00012705 0.00011185 0.00010405 0.0001311 0.00013565 0.0001287
3 8.76e-05 0.0001077 9.835e-05 0.0001396 0.0001108 0.0001202 9.715e-05 8.355e-05 0.00010115 0.0001076 9.14e-05 9.01e-05 0.00012535 0.00011425 9.55e-05 0.0001022 0.00011215 0.00010015 0.00011135 0.00010645 8.69e-05 0.00010185 9.395e-05 9.83e-05 0.0001063 0.00010455 0.0001113 9.04e-05 0.00012245 0.00013325 9.415e-05 8.35e-05 0.00013335 0.0001111 0.0001041 9.3e-05 8.995e-05 9.095e-05 0.0001122 7.905e-05 0.0001316 0.00011825 9.55e-05 0.0001124 0.00013185 0.0001021
4 0.00010625 0.0001349 0.0001244 0.0001108 9.51e-05 6.98e-05 0.0001227 9.765e-05 0.0001169 0.0001122 0.000137 0.0001367 9.64e-05 0.00011285 0.0001418 9.525e-05 0.00010725 0.0001065 0.00012255 0.00011925 0.00013585 0.0001027 0.00010655 0.00010555 0.0001093 9.785e-05 0.0001383 9.6e-05 0.0001364 6.97e-05 0.00010575 9.81e-05 0.00011045 8.59e-05 0.0001338 0.0001266 0.0001106 0.0001466 0.00010965 0.0001367 0.00012485 8.755e-05 0.00014205 9.7e-05 0.0001112 0.0001331
5 0.00011 0.00014115 0.0001364 0.0001202 6.98e-05 0.0001125 0.0001401 0.0001151 0.0001179 0.0001119 0.0001446 0.0001405 0.00010545 0.000132 0.0001355 0.0001055 9.815e-05 0.00011125 0.0001244 0.00010015 0.0001392 0.0001175 0.00012 0.0001111 9.135e-05 0.00011175 0.0001291 0.0001043 0.00012265 6.515e-05 0.00011965 0.00011555 0.00011195 8.98e-05 0.0001383 0.00013315 0.0001132 0.0001432 0.00010075 0.000142 0.0001273 0.0001097 0.00013575 0.00010895 0.0001145 0.0001302
6 0.000114 7.33e-05 7.405e-05 9.715e-05 0.0001227 0.0001401 3e-07 3.335e-05 0.00011995 0.0001175 5.975e-05 0.00011695 0.00015315 9.83e-05 0.00013315 0.00010155 8.29e-05 0.0001257 7.64e-05 0.00013785 7.79e-05 8.35e-05 4.035e-05 0.0001118 0.00015255 0.000136 0.00012495 0.0001206 0.00013025 0.0001546 3.885e-05 3.305e-05 0.00013975 0.0001442 8.135e-05 7.275e-05 0.00011295 0.00014405 8.76e-05 8.72e-05 0.0001183 7.655e-05 0.0001333 0.0001267 0.0001399 0.00014965
7 8.455e-05 8.16e-05 7.795e-05 8.355e-05 9.765e-05 0.0001151 3.335e-05 6.64e-05 0.0001152 0.0001139 8.285e-05 0.00011245 0.00013535 0.00010345 0.0001268 0.0001016 8.285e-05 0.00011565 7.05e-05 0.0001278 9.385e-05 7.4e-05 6.155e-05 0.0001112 0.000123 0.00013035 0.0001107 8.92e-05 0.000116 0.0001296 6.005e-05 3.33e-05 0.0001236 0.0001211 8.845e-05 7.635e-05 0.0001047 0.0001376 8.75e-05 9.93e-05 0.0001135 8.47e-05 0.000127 0.0001249 0.0001286 0.0001415
8 9.63e-05 0.0001164 0.0001021 0.00010115 0.0001169 0.0001179 0.00011995 0.0001152 0.0001426 8.885e-05 9.955e-05 7.935e-05 0.0001072 0.0001188 8.315e-05 0.00010075 0.00011515 8.765e-05 0.00011685 9.665e-05 8.605e-05 0.00011905 9.555e-05 9.025e-05 9.555e-05 0.0001171 9.46e-05 0.00010665 0.0001119 0.00012665 9.565e-05 0.0001155 0.00013985 0.0001146 9.555e-05 0.0001012 7.695e-05 8.01e-05 0.00011335 9.035e-05 0.0001415 0.0001296 8.32e-05 0.0001128 0.00014325 9.95e-05
9 0.00011515 9.965e-05 0.0001185 0.0001076 0.0001122 0.0001119 0.0001175 0.0001139 8.885e-05 0.0001233 0.0001024 0.00010195 0.00013055 0.00013485 0.00010565 0.0001095 0.00011 9.12e-05 0.0001331 9.63e-05 8.97e-05 0.00013315 9.005e-05 0.00010005 0.00010435 0.0001246 0.0001242 0.0001147 0.0001344 0.0001237 8.96e-05 0.0001142 0.0001569 0.0001209 0.0001167 0.00011175 8.445e-05 0.00010905 0.0001087 9.69e-05 0.0001261 0.00012985 0.0001057 0.00011735 0.0001531 0.0001128
10 0.00012105 9.345e-05 9.32e-05 9.14e-05 0.000137 0.0001446 5.975e-05 8.285e-05 9.955e-05 0.0001024 0.0001008 9.105e-05 0.00014255 0.00010705 9.335e-05 0.0001007 0.0001077 0.00010135 0.0001156 0.00010315 5.37e-05 0.0001182 6.345e-05 8.595e-05 0.0001343 0.00011685 0.0001245 0.0001197 0.00013685 0.0001562 6.535e-05 8.28e-05 0.00015355 0.00013255 9.39e-05 8.69e-05 9.075e-05 0.00010125 0.00010305 6.69e-05 0.0001345 0.00010355 9.335e-05 0.00010355 0.00014185 9.61e-05
11 8.055e-05 0.00010925 8.475e-05 9.01e-05 0.0001367 0.0001405 0.00011695 0.00011245 7.935e-05 0.00010195 9.105e-05 7.24e-05 0.0001147 0.0001031 6.45e-05 9.05e-05 0.00012655 0.0001007 0.0001316 0.0001035 8.31e-05 0.0001034 0.00010535 0.000104 8.555e-05 0.00011995 9.415e-05 0.0001072 0.00010655 0.0001521 0.00010725 0.00011265 0.0001266 0.00012425 8.9e-05 7.65e-05 6.505e-05 6.545e-05 0.0001238 8.365e-05 0.0001379 0.0001397 6.455e-05 0.0001193 0.0001448 9.295e-05
12 0.00010745 0.00014695 0.00012655 0.00012535 9.64e-05 0.00010545 0.00015315 0.00013535 0.0001072 0.00013055 0.00014255 0.0001147 0.0001694 0.0001143 0.00011655 0.00011005 0.00013455 0.0001184 0.0001209 0.00012525 0.00014025 0.0001136 0.00014055 0.00010955 0.00011015 0.00010865 0.00010635 0.00011175 0.00011365 0.00010035 0.00014145 0.00013565 0.00010835 0.0001009 0.00011885 0.0001286 0.00011615 0.00010865 0.00013335 0.0001394 0.00013095 0.00011775 0.0001166 0.0001095 0.00011045 0.000117
13 0.00012165 0.0001259 0.0001033 0.00011425 0.00011285 0.000132 9.83e-05 0.00010345 0.0001188 0.00013485 0.00010705 0.0001031 0.0001143 0.0001663 0.00012755 9.31e-05 0.0001296 0.000129 0.00013105 0.00014065 0.0001056 0.0001051 0.00010285 0.00011605 0.0001412 0.00011 0.00013675 0.00012955 0.0001332 0.00013045 0.00010375 0.0001034 0.0001076 0.00012585 0.0001133 0.0001106 0.0001153 0.00012405 0.0001274 0.0001055 0.00012695 9.69e-05 0.00012755 0.00011005 0.00012155 0.0001314
14 8.45e-05 0.000121 0.00010405 9.55e-05 0.0001418 0.0001355 0.00013315 0.0001268 8.315e-05 0.00010565 9.335e-05 6.45e-05 0.00011655 0.00012755 0.0001074 0.00011165 0.00012805 8.955e-05 0.0001238 8.845e-05 8.32e-05 0.0001189 0.0001189 9.365e-05 8.655e-05 0.00012085 8.43e-05 9.86e-05 0.0001107 0.00014725 0.00011905 0.000127 0.000141 0.000111 9.72e-05 9.335e-05 7.925e-05 6.465e-05 0.000128 9.14e-05 0.00014705 0.00015225 5.375e-05 0.0001126 0.0001348 6.9e-05
15 0.0001111 0.00012245 9.995e-05 0.0001022 9.525e-05 0.0001055 0.00010155 0.0001016 0.00010075 0.0001095 0.0001007 9.05e-05 0.00011005 9.31e-05 0.00011165 0.0001412 0.0001209 0.0001115 0.0001406 0.0001209 9.885e-05 0.0001003 8.985e-05 9.545e-05 0.00012355 9.955e-05 0.00013695 0.0001225 0.00013845 0.0001186 9.005e-05 0.0001019 0.00012245 0.00010755 0.0001122 0.0001059 9.435e-05 0.0001124 0.00012015 9.925e-05 0.0001328 9.85e-05 0.0001117 9.91e-05 0.0001303 0.0001198
16 0.0001086 0.00010855 0.00011025 0.00011215 0.00010725 9.815e-05 8.29e-05 8.285e-05 0.00011515 0.00011 0.0001077 0.00012655 0.00013455 0.0001296 0.00012805 0.0001209 0.0001656 0.0001132 9.745e-05 0.0001043 0.00010945 0.0001132 8.81e-05 0.0001179 0.00010385 0.00013625 0.00011675 0.0001073 0.00011315 0.00010695 8.775e-05 8.295e-05 0.0001272 0.0001236 0.0001103 0.0001038 0.0001091 0.00013855 8.625e-05 0.00011735 0.00012735 0.0001104 0.00012825 0.00012835 0.00013405 0.00013655
17 0.0001034 0.0001234 0.0001151 0.00010015 0.0001065 0.00011125 0.0001257 0.00011565 8.765e-05 9.12e-05 0.00010135 0.0001007 0.0001184 0.000129 8.955e-05 0.0001115 0.0001132 0.0001411 0.0001262 8.87e-05 8.665e-05 0.00012915 9.905e-05 9.06e-05 9.85e-05 0.000113 0.00011305 8.75e-05 0.000127 0.0001163 9.815e-05 0.00011595 0.00014365 9.605e-05 0.00011515 0.00011285 8.635e-05 9.825e-05 0.00011345 9.55e-05 0.00014885 0.000129 8.96e-05 0.00010415 0.000135 8.49e-05
18 8.225e-05 9.75e-05 8.825e-05 0.00011135 0.00012255 0.0001244 7.64e-05 7.05e-05 0.00011685 0.0001331 0.0001156 0.0001316 0.0001209 0.00013105 0.0001238 0.0001406 9.745e-05 0.0001262 5.11e-05 0.0001358 0.00012845 7.92e-05 0.00010745 0.00012485 0.00011445 0.00015265 6.025e-05 8.95e-05 8.005e-05 0.0001326 0.0001076 7.025e-05 0.0001228 0.00012185 8.56e-05 9.425e-05 0.00012545 0.0001258 9.84e-05 0.00013135 0.00010655 0.00011245 0.00012395 0.00014975 0.00011145 0.0001406
19 0.0001112 0.00012875 0.00012955 0.00010645 0.00011925 0.00010015 0.00013785 0.0001278 9.665e-05 9.63e-05 0.00010315 0.0001035 0.00012525 0.00014065 8.845e-05 0.0001209 0.0001043 8.87e-05 0.0001358 0.0001416 8.985e-05 0.00014415 0.0001112 9.57e-05 8.395e-05 0.0001194 0.00011545 0.0001034 0.00011965 0.0001075 0.00011255 0.0001281 0.00013955 0.00010975 0.0001219 0.0001162 8.97e-05 9.935e-05 0.0001031 0.0001017 0.00014555 0.0001398 8.85e-05 0.0001075 0.00013555 8.52e-05
20 0.00011875 9.91e-05 9.845e-05 8.69e-05 0.00013585 0.0001392 7.79e-05 9.385e-05 8.605e-05 8.97e-05 5.37e-05 8.31e-05 0.00014025 0.0001056 8.32e-05 9.885e-05 0.00010945 8.665e-05 0.00012845 8.985e-05 7.69e-05 0.00013075 6.33e-05 8.19e-05 0.0001228 0.00011235 0.0001241 0.0001162 0.0001385 0.0001508 6.515e-05 9.38e-05 0.00015375 0.00012905 9.875e-05 9.18e-05 7.735e-05 9.055e-05 0.00010495 5.125e-05 0.0001401 0.0001147 8.32e-05 9.95e-05 0.0001457 8.495e-05
21 7.845e-05 0.0001076 8.31e-05 0.00010185 0.0001027 0.0001175 8.35e-05 7.4e-05 0.00011905 0.00013315 0.0001182 0.0001034 0.0001136 0.0001051 0.0001189 0.0001003 0.0001132 0.00012915 7.92e-05 0.00014415 0.00013075 0.0001143 0.0001081 0.00011925 0.00011765 0.0001289 9.66e-05 9.745e-05 0.00010645 0.0001307 0.00010655 7.395e-05 0.000109 0.0001103 9.595e-05 9.08e-05 0.00011555 0.000123 0.00011705 0.00012785 0.000113 0.0001048 0.00011885 0.0001318 0.0001177 0.0001431
22 0.0001191 8.83e-05 8.745e-05 9.395e-05 0.00010655 0.00012 4.035e-05 6.155e-05 9.555e-05 9.005e-05 6.345e-05 0.00010535 0.00014055 0.00010285 0.0001189 8.985e-05 8.81e-05 9.905e-05 0.00010745 0.0001112 6.33e-05 0.0001081 8.04e-05 9.2e-05 0.0001337 0.0001176 0.0001337 0.0001192 0.0001403 0.00013305 4.04e-05 6.165e-05 0.0001497 0.0001308 9.545e-05 8.765e-05 8.765e-05 0.0001264 8.82e-05 7.265e-05 0.0001313 8.535e-05 0.0001191 0.00010825 0.0001494 0.00012935
23 0.00011465 0.0001228 0.00011215 9.83e-05 0.00010555 0.0001111 0.0001118 0.0001112 9.025e-05 0.00010005 8.595e-05 0.000104 0.00010955 0.00011605 9.365e-05 9.545e-05 0.0001179 9.06e-05 0.00012485 9.57e-05 8.19e-05 0.00011925 9.2e-05 0.0001343 0.00011985 9.99e-05 0.00011915 0.00010735 0.00013355 0.0001192 9.39e-05 0.0001115 0.0001441 0.00010165 0.0001081 0.00011345 9.38e-05 9.385e-05 0.00011435 9.1e-05 0.00014135 0.00010955 9.37e-05 9.075e-05 0.0001329 9.2e-05
24 7.65e-05 0.00012615 0.0001194 0.0001063 0.0001093 9.135e-05 0.00015255 0.000123 9.555e-05 0.00010435 0.0001343 8.555e-05 0.00011015 0.0001412 8.655e-05 0.00012355 0.00010385 9.85e-05 0.00011445 8.395e-05 0.0001228 0.00011765 0.0001337 0.00011985 0.000103 0.00013135 8.535e-05 8.705e-05 9.18e-05 9.97e-05 0.0001339 0.00012335 0.00011615 0.00010455 0.00011415 0.00010195 8.325e-05 9.645e-05 0.0001056 0.00012575 0.00013355 0.0001501 8.68e-05 0.00012835 0.00013 0.00010255
25 0.00013145 0.00014515 0.0001324 0.00010455 9.785e-05 0.00011175 0.000136 0.00013035 0.0001171 0.0001246 0.00011685 0.00011995 0.00010865 0.00011 0.00012085 9.955e-05 0.00013625 0.000113 0.00015265 0.0001194 0.00011235 0.0001289 0.0001176 9.99e-05 0.00013135 0.0001677 0.00014615 0.0001243 0.0001494 0.0001102 0.0001185 0.00013065 0.00012785 0.0001059 0.00013455 0.0001318 0.00011355 0.00010995 0.00013405 0.00010325 0.0001402 0.00010775 0.0001209 9.295e-05 0.00012015 0.0001081
26 7.135e-05 0.00011405 9.925e-05 0.0001113 0.0001383 0.0001291 0.00012495 0.0001107 9.46e-05 0.0001242 0.0001245 9.415e-05 0.00010635 0.00013675 8.43e-05 0.00013695 0.00011675 0.00011305 6.025e-05 0.00011545 0.0001241 9.66e-05 0.0001337 0.00011915 8.535e-05 0.00014615 9.26e-05 9.075e-05 7.48e-05 0.0001373 0.00013385 0.00011065 0.00012405 0.0001164 8.565e-05 9.44e-05 0.0001033 8.54e-05 0.0001177 0.0001262 0.00012305 0.0001464 8.425e-05 0.00014405 0.00011915 0.0001087
27 7.05e-05 0.00011685 0.0001063 9.04e-05 9.6e-05 0.0001043 0.0001206 8.92e-05 0.00010665 0.0001147 0.0001197 0.0001072 0.00011175 0.00012955 9.86e-05 0.0001225 0.0001073 8.75e-05 8.95e-05 0.0001034 0.0001162 9.745e-05 0.0001192 0.00010735 8.705e-05 0.0001243 9.075e-05 0.0001129 0.0001026 0.0001101 0.0001184 8.95e-05 0.00011845 8.66e-05 0.0001088 0.0001022 0.00010095 0.00010885 0.0001104 0.00012115 0.00013005 0.00012645 9.865e-05 0.00011935 0.0001147 9.745e-05
28 8.995e-05 0.0001252 0.00010825 0.00012245 0.0001364 0.00012265 0.00013025 0.000116 0.0001119 0.0001344 0.00013685 0.00010655 0.00011365 0.0001332 0.0001107 0.00013845 0.00011315 0.000127 8.005e-05 0.00011965 0.0001385 0.00010645 0.0001403 0.00013355 9.18e-05 0.0001494 7.48e-05 0.0001026 0.0001426 0.0001258 0.00014125 0.00011595 0.000105 0.0001254 0.00010085 0.00010775 0.00011795 0.0001074 0.00011335 0.00013865 0.0001249 0.00014305 0.0001107 0.00014925 0.00012 0.00012665
29 0.0001232 0.0001542 0.00014815 0.00013325 6.97e-05 6.515e-05 0.0001546 0.0001296 0.00012665 0.0001237 0.0001562 0.0001521 0.00010035 0.00013045 0.00014725 0.0001186 0.00010695 0.0001163 0.0001326 0.0001075 0.0001508 0.0001307 0.00013305 0.0001192 9.97e-05 0.0001102 0.0001373 0.0001101 0.0001258 0.0001187 0.0001334 0.00013005 0.0001055 9.56e-05 0.0001478 0.0001462 0.0001248 0.00015125 0.0001081 0.0001536 0.00013105 0.00010815 0.0001475 0.0001074 0.000111 0.00013455
30 0.00011755 8.85e-05 8.76e-05 9.415e-05 0.00010575 0.00011965 3.885e-05 6.005e-05 9.565e-05 8.96e-05 6.535e-05 0.00010725 0.00014145 0.00010375 0.00011905 9.005e-05 8.775e-05 9.815e-05 0.0001076 0.00011255 6.515e-05 0.00010655 4.04e-05 9.39e-05 0.0001339 0.0001185 0.00013385 0.0001184 0.00014125 0.0001334 7.74e-05 6.015e-05 0.00014965 0.00013 9.565e-05 8.785e-05 8.955e-05 0.0001283 8.955e-05 7.45e-05 0.00013265 8.625e-05 0.00011925 0.00010915 0.00014975 0.00013025
31 8.475e-05 8.15e-05 7.79e-05 8.35e-05 9.81e-05 0.00011555 3.305e-05 3.33e-05 0.0001155 0.0001142 8.28e-05 0.00011265 0.00013565 0.0001034 0.000127 0.0001019 8.295e-05 0.00011595 7.025e-05 0.0001281 9.38e-05 7.395e-05 6.165e-05 0.0001115 0.00012335 0.00013065 0.00011065 8.95e-05 0.00011595 0.00013005 6.015e-05 6.59e-05 0.00012355 0.0001214 8.84e-05 7.635e-05 0.00010505 0.00013775 8.76e-05 9.925e-05 0.0001134 8.48e-05 0.00012715 0.0001252 0.00012855 0.00014165
32 0.0001125 0.00014805 0.00012545 0.00013335 0.00011045 0.00011195 0.00013975 0.0001236 0.00013985 0.0001569 0.00015355 0.0001266 0.00010835 0.0001076 0.000141 0.00012245 0.0001272 0.00014365 0.0001228 0.00013955 0.00015375 0.000109 0.0001497 0.0001441 0.00011615 0.00012785 0.00012405 0.00011845 0.000105 0.0001055 0.00014965 0.00012355 0.000159 0.0001184 0.0001299 0.00012855 0.00013865 0.00014075 0.00012875 0.00015135 0.00012485 0.00011955 0.000141 0.00013025 0.00010585 0.00014125
33 0.00010115 0.0001407 0.0001276 0.0001111 8.59e-05 8.98e-05 0.0001442 0.0001211 0.0001146 0.0001209 0.00013255 0.00012425 0.0001009 0.00012585 0.000111 0.00010755 0.0001236 9.605e-05 0.00012185 0.00010975 0.00012905 0.0001103 0.0001308 0.00010165 0.00010455 0.0001059 0.0001164 8.66e-05 0.0001254 9.56e-05 0.00013 0.0001214 0.0001184 0.0001527 0.00012875 0.000127 0.00011375 0.00011855 0.0001259 0.00013275 0.00013435 0.0001185 0.00011105 0.0001022 0.0001055 9.785e-05
34 9.27e-05 0.00010115 8.85e-05 0.0001041 0.0001338 0.0001383 8.135e-05 8.845e-05 9.555e-05 0.0001167 9.39e-05 8.9e-05 0.00011885 0.0001133 9.72e-05 0.0001122 0.0001103 0.00011515 8.56e-05 0.0001219 9.875e-05 9.595e-05 9.545e-05 0.0001081 0.00011415 0.00013455 8.565e-05 0.0001088 0.00010085 0.0001478 9.565e-05 8.84e-05 0.0001299 0.00012875 0.0001624 8.605e-05 0.0001003 9.58e-05 0.00011135 0.000103 0.0001271 0.00011985 9.72e-05 0.0001303 0.00013335 0.00011885
35 8.475e-05 9.26e-05 8.49e-05 9.3e-05 0.0001266 0.00013315 7.275e-05 7.635e-05 0.0001012 0.00011175 8.69e-05 7.65e-05 0.0001286 0.0001106 9.335e-05 0.0001059 0.0001038 0.00011285 9.425e-05 0.0001162 9.18e-05 9.08e-05 8.765e-05 0.00011345 0.00010195 0.0001318 9.44e-05 0.0001022 0.00010775 0.0001462 8.785e-05 7.635e-05 0.00012855 0.000127 8.605e-05 0.0001452 8.765e-05 0.00010165 0.00010565 9.615e-05 0.00012325 0.00011695 9.355e-05 0.0001274 0.00013475 0.00011635
36 9e-05 0.00010775 9.845e-05 8.995e-05 0.0001106 0.0001132 0.00011295 0.0001047 7.695e-05 8.445e-05 9.075e-05 6.505e-05 0.00011615 0.0001153 7.925e-05 9.435e-05 0.0001091 8.635e-05 0.00012545 8.97e-05 7.735e-05 0.00011555 8.765e-05 9.38e-05 8.325e-05 0.00011355 0.0001033 0.00010095 0.00011795 0.0001248 8.955e-05 0.00010505 0.00013865 0.00011375 0.0001003 8.765e-05 0.000125 8.415e-05 0.0001064 8.175e-05 0.0001364 0.0001259 7.95e-05 0.0001091 0.0001444 9.62e-05
37 9.47e-05 0.0001263 0.0001079 9.095e-05 0.0001466 0.0001432 0.00014405 0.0001376 8.01e-05 0.00010905 0.00010125 6.545e-05 0.00010865 0.00012405 6.465e-05 0.0001124 0.00013855 9.825e-05 0.0001258 9.935e-05 9.055e-05 0.000123 0.0001264 9.385e-05 9.645e-05 0.00010995 8.54e-05 0.00010885 0.0001074 0.00015125 0.0001283 0.00013775 0.00014075 0.00011855 9.58e-05 0.00010165 8.415e-05 9.54e-05 0.00013505 8.31e-05 0.00014545 0.0001532 6.45e-05 0.0001174 0.0001377 7.92e-05
38 0.00011315 0.0001086 0.0001102 0.0001122 0.00010965 0.00010075 8.76e-05 8.75e-05 0.00011335 0.0001087 0.00010305 0.0001238 0.00013335 0.0001274 0.000128 0.00012015 8.625e-05 0.00011345 9.84e-05 0.0001031 0.00010495 0.00011705 8.82e-05 0.00011435 0.0001056 0.00013405 0.0001177 0.0001104 0.00011335 0.0001081 8.955e-05 8.76e-05 0.00012875 0.0001259 0.00011135 0.00010565 0.0001064 0.00013505 0.0001699 0.0001128 0.00012545 0.0001081 0.0001282 0.00012615 0.0001346 0.00013445
39 0.00011915 0.0001052 9.97e-05 7.905e-05 0.0001367 0.000142 8.72e-05 9.93e-05 9.035e-05 9.69e-05 6.69e-05 8.365e-05 0.0001394 0.0001055 9.14e-05 9.925e-05 0.00011735 9.55e-05 0.00013135 0.0001017 5.125e-05 0.00012785 7.265e-05 9.1e-05 0.00012575 0.00010325 0.0001262 0.00012115 0.00013865 0.0001536 7.45e-05 9.925e-05 0.00015135 0.00013275 0.000103 9.615e-05 8.175e-05 8.31e-05 0.0001128 9.35e-05 0.0001402 0.00011885 9.14e-05 0.00010765 0.00014765 9.685e-05
40 0.00012565 0.0001043 0.00012705 0.0001316 0.00012485 0.0001273 0.0001183 0.0001135 0.0001415 0.0001261 0.0001345 0.0001379 0.00013095 0.00012695 0.00014705 0.0001328 0.00012735 0.00014885 0.00010655 0.00014555 0.0001401 0.000113 0.0001313 0.00014135 0.00013355 0.0001402 0.00012305 0.00013005 0.0001249 0.00013105 0.00013265 0.0001134 0.00012485 0.00013435 0.0001271 0.00012325 0.0001364 0.00014545 0.00012545 0.0001402 0.0001807 0.00012005 0.0001471 0.00014005 0.00011825 0.00015025
41 0.0001331 0.00011895 0.00011185 0.00011825 8.755e-05 0.0001097 7.655e-05 8.47e-05 0.0001296 0.00012985 0.00010355 0.0001397 0.00011775 9.69e-05 0.00015225 9.85e-05 0.0001104 0.000129 0.00011245 0.0001398 0.0001147 0.0001048 8.535e-05 0.00010955 0.0001501 0.00010775 0.0001464 0.00012645 0.00014305 0.00010815 8.625e-05 8.48e-05 0.00011955 0.0001185 0.00011985 0.00011695 0.0001259 0.0001532 0.0001081 0.00011885 0.00012005 0.0001438 0.00015245 0.00010355 0.00011735 0.0001455
42 8.455e-05 0.00012105 0.00010405 9.55e-05 0.00014205 0.00013575 0.0001333 0.000127 8.32e-05 0.0001057 9.335e-05 6.455e-05 0.0001166 0.00012755 5.375e-05 0.0001117 0.00012825 8.96e-05 0.00012395 8.85e-05 8.32e-05 0.00011885 0.0001191 9.37e-05 8.68e-05 0.0001209 8.425e-05 9.865e-05 0.0001107 0.0001475 0.00011925 0.00012715 0.000141 0.00011105 9.72e-05 9.355e-05 7.95e-05 6.45e-05 0.0001282 9.14e-05 0.0001471 0.00015245 0.0001071 0.00011265 0.0001348 6.885e-05
43 0.00013105 0.000139 0.0001311 0.0001124 9.7e-05 0.00010895 0.0001267 0.0001249 0.0001128 0.00011735 0.00010355 0.0001193 0.0001095 0.00011005 0.0001126 9.91e-05 0.00012835 0.00010415 0.00014975 0.0001075 9.95e-05 0.0001318 0.00010825 9.075e-05 0.00012835 9.295e-05 0.00014405 0.00011935 0.00014925 0.0001074 0.00010915 0.0001252 0.00013025 0.0001022 0.0001303 0.0001274 0.0001091 0.0001174 0.00012615 0.00010765 0.00014005 0.00010355 0.00011265 0.0001695 0.0001182 9.615e-05
44 0.000122 0.0001472 0.00013565 0.00013185 0.0001112 0.0001145 0.0001399 0.0001286 0.00014325 0.0001531 0.00014185 0.0001448 0.00011045 0.00012155 0.0001348 0.0001303 0.00013405 0.000135 0.00011145 0.00013555 0.0001457 0.0001177 0.0001494 0.0001329 0.00013 0.00012015 0.00011915 0.0001147 0.00012 0.000111 0.00014975 0.00012855 0.00010585 0.0001055 0.00013335 0.00013475 0.0001444 0.0001377 0.0001346 0.00014765 0.00011825 0.00011735 0.0001348 0.0001182 0.0001639 0.0001123
45 0.0001095 0.00013615 0.0001287 0.0001021 0.0001331 0.0001302 0.00014965 0.0001415 9.95e-05 0.0001128 9.61e-05 9.295e-05 0.000117 0.0001314 6.9e-05 0.0001198 0.00013655 8.49e-05 0.0001406 8.52e-05 8.495e-05 0.0001431 0.00012935 9.2e-05 0.00010255 0.0001081 0.0001087 9.745e-05 0.00012665 0.00013455 0.00013025 0.00014165 0.00014125 9.785e-05 0.00011885 0.00011635 9.62e-05 7.92e-05 0.00013445 9.685e-05 0.00015025 0.0001455 6.885e-05 9.615e-05 0.0001123 9.34e-05
