 slim_761934502 slim_761934526 slim_761934516 slim_761934527 slim_761934478 slim_761934505 slim_761934476 slim_761934486 slim_761934481 slim_761934501 slim_761934512 slim_761934524 slim_761934494 slim_761934517 slim_761934499 slim_761934479 slim_761934528 slim_761934521 slim_761934504 slim_761934498 slim_761934482 slim_761934509 slim_761934506 slim_761934493 slim_761934484 slim_761934497 slim_761934514 slim_761934488 slim_761934507 slim_761934487 slim_761934475 slim_761934525 slim_761934518 slim_761934495 slim_761934511 slim_761934503 slim_761934510 slim_761934500 slim_761934519 slim_761934489 slim_761934520 slim_761934491 slim_761934513 slim_761934522 slim_761934477 slim_761934474 slim_761934483 slim_761934496 slim_761934508 slim_761934492 slim_761934523 slim_761934515 slim_761934490 slim_761934485 slim_761934480
0 0.0001866 0.0001241 0.0001195 0.00013565 0.00015375 0.00011685 0.00013225 0.0001514 0.00012695 9.335e-05 0.0001322 0.000148 0.00014425 0.00012825 0.0001852 0.00013565 0.0001129 0.0001599 0.0001453 0.0001431 0.0001302 0.0001144 0.0001698 9.87e-05 0.00011805 0.0001607 0.0001664 0.00014115 0.00013725 0.0001255 9.355e-05 0.000156 0.00016925 0.00014335 0.0001368 0.00012025 0.0001162 0.0001679 0.00013135 0.00014065 0.00013335 0.00014195 0.0001616 0.00015265 0.0001658 9.54e-05 0.0001105 0.00016605 0.00013285 0.0001518 0.0001533 0.0001361 0.0001486 0.00015135 0.0001318
1 0.0001241 0.0001275 0.00014595 0.0001554 0.0001893 9.845e-05 0.0001281 0.00017225 0.0001182 0.00011095 0.00012225 0.0001407 0.00012155 0.0001148 0.0001965 0.00010655 7.155e-05 0.0001419 0.00011975 0.0001362 0.0001755 0.0001333 0.0001719 8.245e-05 9.955e-05 0.00016135 0.0001449 0.00013505 0.00013825 8.74e-05 0.0001237 0.0001478 0.00017735 0.0001651 0.00012765 9.885e-05 6.98e-05 0.0001698 0.00012195 0.0001608 0.00012395 0.00013395 0.0001547 0.0001542 0.000157 0.00012615 0.00015675 0.000169 0.00013335 0.0001711 0.00014275 0.0001216 0.0001848 0.0001722 0.0001353
2 0.0001195 0.00014595 0.0001945 0.0001447 0.0001299 0.00014515 0.00014845 0.00014555 0.0001556 0.0001189 0.00012 0.0001523 0.0001377 0.0001553 0.00015105 0.0001657 0.0001521 0.0001431 9.725e-05 0.0001538 0.0001302 0.0001205 0.00015745 0.0001448 0.00014565 0.00017085 0.0001763 0.0001474 0.0001328 0.0001311 0.0001189 0.000168 0.00016055 0.0001298 0.0001314 0.00010865 0.0001342 0.0001474 0.0001309 9.89e-05 0.00013185 0.0001417 0.00013145 0.0001551 0.00016565 0.0001205 0.00013645 0.000165 0.00014645 0.00014305 0.00013435 0.00016005 0.00013575 0.0001455 0.00013855
3 0.00013565 0.0001554 0.0001447 0.0001851 0.0001646 0.0001625 0.00018955 0.0001698 0.00018465 0.00014525 0.0001737 0.0001624 0.0001913 0.0001797 0.00018405 0.00013565 0.0001727 0.00016805 0.00019585 0.0001848 0.0001228 0.0001629 0.0001962 0.00018315 0.00018415 0.00019075 0.00013945 0.00019215 0.0001708 0.0001789 0.00013615 0.00017565 0.0001725 0.0001565 0.0001838 0.00017825 0.00015275 0.00017665 0.00018185 0.0001665 0.00018385 0.00018325 0.0001937 0.00017745 0.00015075 0.0001377 0.00011405 0.00019135 0.00017435 0.0001608 0.0001904 0.000182 0.0001609 0.00016975 0.00016785
4 0.00015375 0.0001893 0.0001299 0.0001646 0.000183 0.00018225 0.0001428 0.00014285 0.00017305 0.00015585 0.0001386 0.0001747 0.0001616 0.0001729 0.000119 0.0001834 0.00018075 0.0001562 0.0001261 0.00015295 0.00015715 0.0001321 0.00015745 0.00017245 0.0001683 0.0001737 0.0001788 0.0001584 0.00015045 0.00016015 0.00015315 0.0001775 0.0001355 0.00014 0.00016 0.0001531 0.0001847 0.00014205 0.0001355 0.00010885 0.00013315 0.00013785 0.00010545 0.00017085 0.0001311 0.00015145 0.0001524 0.00013265 0.00015395 0.00010935 0.000144 0.0001755 0.00013265 0.0001428 0.0001694
5 0.00011685 9.845e-05 0.00014515 0.0001625 0.00018225 0.0001207 0.0001131 0.0001462 9.755e-05 0.0001017 0.0001117 0.00011275 0.00012915 9.46e-05 0.0001977 0.0001225 8.405e-05 0.00013295 0.00013465 0.00013785 0.00016865 0.00012985 0.0001291 7.895e-05 9.965e-05 0.00011835 0.00014335 0.0001179 0.0001293 8.97e-05 0.0001163 0.00010515 0.0001745 0.00015375 0.0001001 9.815e-05 8.235e-05 0.0001654 0.00012 0.00016525 0.00012195 0.00013755 0.0001549 0.0001259 0.0001641 0.0001189 0.00014545 0.00014345 0.000133 0.0001652 0.00012975 0.0001151 0.000161 0.00014615 0.00010965
6 0.00013225 0.0001281 0.00014845 0.00018955 0.0001428 0.0001131 0.0001482 0.0001491 0.0001038 0.0001209 0.0001232 0.00014265 0.00012895 0.00010315 0.0001754 0.00013835 0.0001005 0.0001379 0.0001147 0.0001286 0.0001873 0.00012815 0.00013285 7.765e-05 9.78e-05 0.0001267 0.0001605 0.00011105 0.00014415 0.00011185 0.00013165 0.0001289 0.00014815 0.0001628 0.0001247 0.0001132 0.00012195 0.0001636 0.00010855 0.00014755 0.00010505 0.0001217 0.0001099 0.0001404 0.0001428 0.0001288 0.00015995 0.0001159 0.0001293 0.00013735 0.00012065 0.00011665 0.00015355 0.00014905 0.0001311
7 0.0001514 0.00017225 0.00014555 0.0001698 0.00014285 0.0001462 0.0001491 0.0001857 0.00012245 0.00015115 0.00014955 0.0001541 0.00013255 0.00012825 0.00014495 0.0001705 0.0001616 0.00014255 0.00014095 0.0001594 0.0001661 0.00013215 0.0001001 0.00014865 0.0001307 9.29e-05 0.0001427 0.00013325 0.00015025 0.0001386 0.00015115 0.0001096 0.0001761 0.0001374 0.0001318 0.00015105 0.00016585 0.00016525 0.0001461 0.00012795 0.00014445 0.0001517 0.00015495 0.0001374 0.0001714 0.0001498 0.0001569 0.0001318 0.0001527 0.0001394 0.0001174 0.0001319 0.00010535 9.29e-05 0.0001282
8 0.00012695 0.0001182 0.0001556 0.00018465 0.00017305 9.755e-05 0.0001038 0.00012245 0.0001335 0.0001083 0.0001267 0.00012445 9.81e-05 7.63e-05 0.00019005 0.0001245 9.355e-05 0.00012905 0.00012495 0.00013075 0.00018965 0.0001195 9.845e-05 6.845e-05 6.845e-05 6.685e-05 0.0001273 0.00010975 0.0001476 0.0001023 0.00012655 7.915e-05 0.0001729 0.0001677 0.00011215 0.00011485 0.00010855 0.000172 0.00010935 0.0001587 0.0001109 0.00012825 0.0001418 0.0001121 0.00016535 0.00012855 0.0001575 0.0001102 0.00012615 0.00016295 9.84e-05 9.725e-05 0.0001372 0.0001224 9.325e-05
9 9.335e-05 0.00011095 0.0001189 0.00014525 0.00015585 0.0001017 0.0001209 0.00015115 0.0001083 0.0001466 0.00011365 0.00013135 0.0001243 0.0001096 0.00019455 0.00012525 9.98e-05 0.0001498 0.0001253 0.0001352 0.00014565 0.00010395 0.00015595 8.005e-05 9.805e-05 0.0001434 0.000156 0.0001298 0.0001365 0.00010555 9.295e-05 0.00013875 0.0001674 0.0001437 0.00011815 0.0001018 9.62e-05 0.00015995 0.0001128 0.00014005 0.0001148 0.0001321 0.0001443 0.00013595 0.00016775 9.54e-05 0.0001208 0.0001501 0.0001321 0.0001539 0.0001333 0.0001316 0.00015665 0.0001511 0.00011315
10 0.0001322 0.00012225 0.00012 0.0001737 0.0001386 0.0001117 0.0001232 0.00014955 0.0001267 0.00011365 0.0001579 0.00013225 0.00011705 0.00012755 0.0001378 0.000144 0.00011965 0.00012885 7.895e-05 0.0001264 0.00016825 0.00012095 0.00014265 0.00010755 0.00011545 0.00015105 0.0001628 0.0001277 0.000113 9.72e-05 0.0001318 0.00014935 0.00014605 0.0001324 0.00010295 8.055e-05 0.00010405 0.00012275 9.075e-05 0.0001193 9.165e-05 0.0001101 9.82e-05 0.0001339 0.00014705 0.00013315 0.00015765 0.00013425 0.00012755 0.00013825 0.00011115 0.0001442 0.0001629 0.0001495 0.0001274
11 0.000148 0.0001407 0.0001523 0.0001624 0.0001747 0.00011275 0.00014265 0.0001541 0.00012445 0.00013135 0.00013225 0.0001612 0.00014375 0.00011925 0.00019205 0.0001519 0.00014465 0.00012855 0.0001469 0.0001672 0.00017175 0.0001574 0.00012485 0.00013835 0.00013445 0.0001115 0.00014015 0.00015055 0.000159 0.0001411 0.00014765 9.6e-05 0.00016835 0.00013865 0.00012485 0.00013445 0.00012355 0.0001329 0.00014165 0.00017225 0.00014365 0.00015925 0.00014755 9.61e-05 0.0001565 0.0001501 0.000165 0.0001316 0.0001638 0.00016945 0.0001281 0.0001456 0.0001621 0.00015405 0.00011005
12 0.00014425 0.00012155 0.0001377 0.0001913 0.0001616 0.00012915 0.00012895 0.00013255 9.81e-05 0.0001243 0.00011705 0.00014375 0.0001217 0.0001071 0.0001456 0.0001408 0.0001135 0.00012215 8.145e-05 0.0001184 0.0001878 0.0001195 0.00010915 0.0001006 7.895e-05 0.00010255 0.0001431 0.00011005 0.0001269 9.13e-05 0.0001439 0.00011385 0.0001692 0.0001624 0.0001093 9.74e-05 0.0001081 0.000155 0.0001089 0.0001235 0.00011045 0.00012775 0.0001215 0.0001324 0.0001708 0.0001459 0.0001834 0.00013005 0.00011655 0.00016655 8.97e-05 0.00012825 0.0001416 0.0001325 0.0001058
13 0.00012825 0.0001148 0.0001553 0.0001797 0.0001729 9.46e-05 0.00010315 0.00012825 7.63e-05 0.0001096 0.00012755 0.00011925 0.0001071 0.0001339 0.00018825 0.00012395 8.96e-05 0.0001251 0.00012745 0.00013165 0.0001877 0.00012145 0.00010425 6.99e-05 7.375e-05 8.025e-05 0.00013015 0.00010745 0.0001463 9.885e-05 0.00012785 8.065e-05 0.00017325 0.0001668 0.00011085 0.0001157 0.00010475 0.0001711 0.00011345 0.00015905 0.00011075 0.0001302 0.0001438 0.0001188 0.0001627 0.0001256 0.0001588 0.00011765 0.0001313 0.0001605 0.00010635 0.00010405 0.000143 0.0001282 9.84e-05
14 0.0001852 0.0001965 0.00015105 0.00018405 0.000119 0.0001977 0.0001754 0.00014495 0.00019005 0.00019455 0.0001378 0.00019205 0.0001456 0.00018825 6.69e-05 0.00019125 0.0001936 0.0001521 0.00012505 0.000119 0.00017475 0.000154 0.000143 0.00019255 0.00018495 0.00018785 0.0001812 0.0001393 0.00011415 0.0001595 0.00018475 0.00019095 0.000153 0.000146 0.0001481 0.00015995 0.000198 0.0001117 0.0001367 0.00011425 0.0001346 0.00012445 0.0001242 0.0001889 0.0001431 0.00018315 0.00017685 0.00016115 0.00012395 0.00013265 0.0001483 0.00018 0.00014155 0.0001449 0.0001903
15 0.00013565 0.00010655 0.0001657 0.00013565 0.0001834 0.0001225 0.00013835 0.0001705 0.0001245 0.00012525 0.000144 0.0001519 0.0001408 0.00012395 0.00019125 0.0001708 9.69e-05 0.00014045 0.0001458 0.00013685 0.0001761 0.0001359 0.0001763 9.41e-05 0.00011655 0.0001637 0.0001205 0.00014595 0.0001605 0.00011265 0.00013555 0.00014765 0.00016845 0.0001747 0.0001554 0.0001362 0.0001054 0.00017955 0.0001241 0.000171 0.0001284 0.0001363 0.00016135 0.0001679 0.00014345 0.00014 0.000139 0.0001671 0.00013045 0.0001652 0.0001539 0.00014545 0.0001842 0.00017045 0.00015745
16 0.0001129 7.155e-05 0.0001521 0.0001727 0.00018075 8.405e-05 0.0001005 0.0001616 9.355e-05 9.98e-05 0.00011965 0.00014465 0.0001135 8.96e-05 0.0001936 9.69e-05 7.42e-05 0.00013565 0.0001163 0.0001128 0.000187 0.0001123 0.0001643 4.245e-05 7.295e-05 0.0001501 0.00014815 0.0001132 0.0001364 6.895e-05 0.00011255 0.00013755 0.00017435 0.00016865 0.0001247 9.615e-05 7.825e-05 0.00017635 0.0001013 0.00015715 0.00010135 0.00011325 0.00014645 0.00015715 0.00015975 0.00011305 0.0001456 0.00015675 0.0001111 0.0001628 0.0001355 0.0001036 0.00017725 0.00016155 0.00013755
17 0.0001599 0.0001419 0.0001431 0.00016805 0.0001562 0.00013295 0.0001379 0.00014255 0.00012905 0.0001498 0.00012885 0.00012855 0.00012215 0.0001251 0.0001521 0.00014045 0.00013565 0.0001814 9.89e-05 0.0001464 0.0001826 0.00014185 0.0001197 0.00013715 0.00013115 0.0001259 0.0001342 0.0001355 0.00015445 0.00012015 0.00015985 0.00010975 0.00016435 0.0001613 0.00012895 0.000124 0.0001365 0.00015335 0.00012115 0.0001301 0.0001244 0.0001333 0.00012085 0.00014465 0.00015735 0.00016325 0.00017425 0.00013845 0.0001429 0.0001589 0.0001068 0.00014545 0.00014785 0.0001425 0.00013065
18 0.0001453 0.00011975 9.725e-05 0.00019585 0.0001261 0.00013465 0.0001147 0.00014095 0.00012495 0.0001253 7.895e-05 0.0001469 8.145e-05 0.00012745 0.00012505 0.0001458 0.0001163 9.89e-05 0.0 0.00011775 0.00018355 0.0001004 0.00012645 0.0001027 0.0001065 0.0001548 0.0001675 0.0001087 0.0001193 7.125e-05 0.0001449 0.0001528 0.00014905 0.000135 9.845e-05 5.465e-05 0.0001057 0.00013035 7.355e-05 6.29e-05 7.575e-05 9.5e-05 6.98e-05 0.00014885 0.00015945 0.00014755 0.0001874 0.00014055 0.0001174 0.00013995 7.975e-05 0.0001487 0.00014785 0.0001409 0.00013575
19 0.0001431 0.0001362 0.0001538 0.0001848 0.00015295 0.00013785 0.0001286 0.0001594 0.00013075 0.0001352 0.0001264 0.0001672 0.0001184 0.00013165 0.000119 0.00013685 0.0001128 0.0001464 0.00011775 0.0001903 0.00018495 0.00012715 0.0001536 9.93e-05 0.0001184 0.00016645 0.00016815 0.0001166 0.0001248 0.000113 0.00014255 0.0001626 0.000161 0.00016395 0.00013535 0.0001245 0.00013415 0.00014705 0.00010905 0.0001402 0.000109 0.0001128 0.00013155 0.000171 0.0001516 0.00014315 0.00016015 0.0001548 0.00010345 0.0001517 0.00013935 0.0001458 0.00016565 0.00015935 0.00016065
20 0.0001302 0.0001755 0.0001302 0.0001228 0.00015715 0.00016865 0.0001873 0.0001661 0.00018965 0.00014565 0.00016825 0.00017175 0.0001878 0.0001877 0.00017475 0.0001761 0.000187 0.0001826 0.00018355 0.00018495 0.0001537 0.0001597 0.00019185 0.00018815 0.0001866 0.00019595 0.0001797 0.00018325 0.00015795 0.00018605 0.0001302 0.00019095 0.00013745 0.00014685 0.00017505 0.0001686 0.0001702 0.00017335 0.0001823 0.00014985 0.00018385 0.00018495 0.00019035 0.0001767 0.0001757 0.0001318 0.00011945 0.000197 0.00017335 0.0001608 0.0001866 0.00017865 0.0001488 0.00016605 0.0001641
21 0.0001144 0.0001333 0.0001205 0.0001629 0.0001321 0.00012985 0.00012815 0.00013215 0.0001195 0.00010395 0.00012095 0.0001574 0.0001195 0.00012145 0.000154 0.0001359 0.0001123 0.00014185 0.0001004 0.00012715 0.0001597 0.0001748 0.0001451 9.19e-05 0.0001097 0.0001517 0.00016225 0.00012095 0.0001347 0.0001002 0.00011405 0.0001504 0.00016715 0.0001391 0.00012435 0.00011055 0.0001251 0.00016095 0.00010595 0.00010405 0.00010705 0.0001212 0.0001316 0.00015865 0.00016585 0.0001156 0.00013755 0.000154 0.0001206 0.0001389 0.00012635 0.00014245 0.00013725 0.0001321 0.00014085
22 0.0001698 0.0001719 0.00015745 0.0001962 0.00015745 0.0001291 0.00013285 0.0001001 9.845e-05 0.00015595 0.00014265 0.00012485 0.00010915 0.00010425 0.000143 0.0001763 0.0001643 0.0001197 0.00012645 0.0001536 0.00019185 0.0001451 9.41e-05 0.0001432 0.00011775 4.715e-05 0.00012975 0.00010905 0.00015085 0.0001401 0.0001692 6.38e-05 0.0001778 0.0001611 0.00010195 0.0001423 0.0001606 0.00015525 0.0001392 0.00013985 0.00013755 0.0001527 0.00014245 0.00010815 0.00017725 0.0001682 0.0001868 0.00010435 0.0001533 0.00016245 8.945e-05 0.0001153 0.0001041 0.00010005 9.315e-05
23 9.87e-05 8.245e-05 0.0001448 0.00018315 0.00017245 7.895e-05 7.765e-05 0.00014865 6.845e-05 8.005e-05 0.00010755 0.00013835 0.0001006 6.99e-05 0.00019255 9.41e-05 4.245e-05 0.00013715 0.0001027 9.93e-05 0.00018815 9.19e-05 0.0001432 1.92e-05 5.29e-05 0.00012735 0.0001526 9.18e-05 0.00012905 6.565e-05 9.83e-05 0.00012455 0.0001695 0.0001624 0.00010725 8.435e-05 7.605e-05 0.00017245 8.1e-05 0.00014855 8.095e-05 0.0001003 0.0001332 0.00014115 0.0001616 9.87e-05 0.00013975 0.00013885 9.66e-05 0.0001561 0.00012165 9.845e-05 0.00016845 0.0001486 0.00012075
24 0.00011805 9.955e-05 0.00014565 0.00018415 0.0001683 9.965e-05 9.78e-05 0.0001307 6.845e-05 9.805e-05 0.00011545 0.00013445 7.895e-05 7.375e-05 0.00018495 0.00011655 7.295e-05 0.00013115 0.0001065 0.0001184 0.0001866 0.0001097 0.00011775 5.29e-05 8.98e-05 8.66e-05 0.0001321 0.00010665 0.00013485 8.275e-05 0.00011765 0.00010165 0.00016745 0.00016345 0.00011105 9.51e-05 8.985e-05 0.0001665 0.00010045 0.00014785 9.765e-05 0.0001172 0.0001296 0.00011935 0.0001631 0.0001153 0.00015715 0.00011695 0.00011895 0.0001582 9.495e-05 9.62e-05 0.00014545 0.00013065 9.265e-05
25 0.0001607 0.00016135 0.00017085 0.00019075 0.0001737 0.00011835 0.0001267 9.29e-05 6.685e-05 0.0001434 0.00015105 0.0001115 0.00010255 8.025e-05 0.00018785 0.0001637 0.0001501 0.0001259 0.0001548 0.00016645 0.00019595 0.0001517 4.715e-05 0.00012735 8.66e-05 2e-07 0.0001073 0.0001247 0.0001684 0.00014545 0.0001603 3.04e-05 0.00018075 0.000174 0.00011605 0.00015165 0.0001484 0.00017335 0.00014525 0.0001724 0.00014405 0.0001616 0.0001545 8.125e-05 0.00017235 0.00015955 0.0001797 7.87e-05 0.0001635 0.00016985 8.015e-05 9.51e-05 0.00010265 9.29e-05 6.52e-05
26 0.0001664 0.0001449 0.0001763 0.00013945 0.0001788 0.00014335 0.0001605 0.0001427 0.0001273 0.000156 0.0001628 0.00014015 0.0001431 0.00013015 0.0001812 0.0001205 0.00014815 0.0001342 0.0001675 0.00016815 0.0001797 0.00016225 0.00012975 0.0001526 0.0001321 0.0001073 0.000187 0.00015765 0.0001754 0.00014815 0.0001663 0.00010645 0.00017235 0.00017635 0.00015655 0.00016655 0.00014045 0.00017535 0.0001544 0.0001772 0.0001555 0.0001629 0.00016815 0.00014095 0.0001479 0.00016755 0.00015905 0.00013895 0.00016465 0.00016685 0.00013245 0.00014055 0.00015135 0.00014265 0.0001322
27 0.00014115 0.00013505 0.0001474 0.00019215 0.0001584 0.0001179 0.00011105 0.00013325 0.00010975 0.0001298 0.0001277 0.00015055 0.00011005 0.00010745 0.0001393 0.00014595 0.0001132 0.0001355 0.0001087 0.0001166 0.00018325 0.00012095 0.00010905 9.18e-05 0.00010665 0.0001247 0.00015765 0.000177 0.00012645 0.00010495 0.00014055 0.0001262 0.0001719 0.00015755 0.00010685 0.00011515 0.0001292 0.00015975 0.00011505 0.0001304 0.0001118 0.00012655 0.00013895 0.000149 0.000174 0.00013795 0.0001676 0.00014465 0.0001179 0.00015715 0.00011895 0.00012 0.0001384 0.0001332 0.00013195
28 0.00013725 0.00013825 0.0001328 0.0001708 0.00015045 0.0001293 0.00014415 0.00015025 0.0001476 0.0001365 0.000113 0.000159 0.0001269 0.0001463 0.00011415 0.0001605 0.0001364 0.00015445 0.0001193 0.0001248 0.00015795 0.0001347 0.00015085 0.00012905 0.00013485 0.0001684 0.0001754 0.00012645 0.0001982 0.00011775 0.00013665 0.00016925 0.0001634 0.00013995 0.0001162 0.00010985 0.0001256 0.0001385 0.00012695 0.00013085 0.0001257 0.00013405 0.00013995 0.0001581 0.00015885 0.00013605 0.0001547 0.0001634 0.0001196 0.0001501 0.0001419 0.0001487 0.0001554 0.0001502 0.00014705
29 0.0001255 8.74e-05 0.0001311 0.0001789 0.00016015 8.97e-05 0.00011185 0.0001386 0.0001023 0.00010555 9.72e-05 0.0001411 9.13e-05 9.885e-05 0.0001595 0.00011265 6.895e-05 0.00012015 7.125e-05 0.000113 0.00018605 0.0001002 0.0001401 6.565e-05 8.275e-05 0.00014545 0.00014815 0.00010495 0.00011775 9.07e-05 0.00012515 0.0001345 0.00016955 0.00014515 0.00010015 7.365e-05 7.47e-05 0.00015755 9.045e-05 0.00011635 9.155e-05 0.00010815 0.0001209 0.000152 0.0001605 0.0001267 0.00016765 0.0001521 0.00011085 0.00014895 0.00010995 0.0001272 0.000161 0.00013855 0.0001316
30 9.355e-05 0.0001237 0.0001189 0.00013615 0.00015315 0.0001163 0.00013165 0.00015115 0.00012655 9.295e-05 0.0001318 0.00014765 0.0001439 0.00012785 0.00018475 0.00013555 0.00011255 0.00015985 0.0001449 0.00014255 0.0001302 0.00011405 0.0001692 9.83e-05 0.00011765 0.0001603 0.0001663 0.00014055 0.00013665 0.00012515 0.0001858 0.00015565 0.00016865 0.0001431 0.0001364 0.00012045 0.0001158 0.00016765 0.00013095 0.00014005 0.00013295 0.00014175 0.0001612 0.00015225 0.0001652 9.56e-05 0.00011045 0.00016565 0.00013225 0.0001512 0.0001529 0.0001355 0.0001478 0.0001511 0.0001314
31 0.000156 0.0001478 0.000168 0.00017565 0.0001775 0.00010515 0.0001289 0.0001096 7.915e-05 0.00013875 0.00014935 9.6e-05 0.00011385 8.065e-05 0.00019095 0.00014765 0.00013755 0.00010975 0.0001528 0.0001626 0.00019095 0.0001504 6.38e-05 0.00012455 0.00010165 3.04e-05 0.00010645 0.0001262 0.00016925 0.0001345 0.00015565 6.06e-05 0.00017985 0.00017525 0.0001169 0.00014995 0.00013445 0.0001746 0.00014145 0.00017295 0.000143 0.0001603 0.00015575 9.605e-05 0.00016135 0.00015765 0.00017505 9.61e-05 0.0001562 0.00017135 9.425e-05 0.0001096 0.0001193 0.00010955 7.85e-05
32 0.00016925 0.00017735 0.00016055 0.0001725 0.0001355 0.0001745 0.00014815 0.0001761 0.0001729 0.0001674 0.00014605 0.00016835 0.0001692 0.00017325 0.000153 0.00016845 0.00017435 0.00016435 0.00014905 0.000161 0.00013745 0.00016715 0.0001778 0.0001695 0.00016745 0.00018075 0.00017235 0.0001719 0.0001634 0.00016955 0.00016865 0.00017985 0.0002033 0.00016455 0.00017215 0.0001599 0.0001723 0.00015325 0.00014395 0.0001591 0.00014435 0.0001505 0.0001217 0.0001692 0.0001337 0.0001697 0.00016515 0.00014125 0.0001628 0.0001356 0.0001576 0.00017745 0.000175 0.00017605 0.0001721
33 0.00014335 0.0001651 0.0001298 0.0001565 0.00014 0.00015375 0.0001628 0.0001374 0.0001677 0.0001437 0.0001324 0.00013865 0.0001624 0.0001668 0.000146 0.0001747 0.00016865 0.0001613 0.000135 0.00016395 0.00014685 0.0001391 0.0001611 0.0001624 0.00016345 0.000174 0.00017635 0.00015755 0.00013995 0.00014515 0.0001431 0.00017525 0.00016455 0.0002014 0.0001397 0.0001355 0.0001549 0.0001235 0.00014625 0.0001272 0.00014505 0.0001506 0.0001467 0.0001374 0.0001665 0.0001422 0.0001468 0.00016725 0.00016025 0.00013745 0.0001512 0.00016785 0.0001481 0.00013735 0.00015975
34 0.0001368 0.00012765 0.0001314 0.0001838 0.00016 0.0001001 0.0001247 0.0001318 0.00011215 0.00011815 0.00010295 0.00012485 0.0001093 0.00011085 0.0001481 0.0001554 0.0001247 0.00012895 9.845e-05 0.00013535 0.00017505 0.00012435 0.00010195 0.00010725 0.00011105 0.00011605 0.00015655 0.00010685 0.0001162 0.00010015 0.0001364 0.0001169 0.00017215 0.0001397 0.0001611 9.11e-05 0.00010815 0.0001382 0.0001169 0.0001295 0.00011565 0.0001325 0.00013145 0.00012395 0.00017835 0.0001356 0.00016735 0.0001377 0.0001366 0.00015965 0.00010975 0.00012765 0.00014585 0.00013175 0.0001069
35 0.00012025 9.885e-05 0.00010865 0.00017825 0.0001531 9.815e-05 0.0001132 0.00015105 0.00011485 0.0001018 8.055e-05 0.00013445 9.74e-05 0.0001157 0.00015995 0.0001362 9.615e-05 0.000124 5.465e-05 0.0001245 0.0001686 0.00011055 0.0001423 8.435e-05 9.51e-05 0.00015165 0.00016655 0.00011515 0.00010985 7.365e-05 0.00012045 0.00014995 0.0001599 0.0001355 9.11e-05 0.0001093 7.985e-05 0.0001378 9.235e-05 0.00010795 9.325e-05 0.0001111 0.0001064 0.0001361 0.00016765 0.0001212 0.0001617 0.00014825 0.0001244 0.00015275 0.0001055 0.0001322 0.00016305 0.000151 0.0001195
36 0.0001162 6.98e-05 0.0001342 0.00015275 0.0001847 8.235e-05 0.00012195 0.00016585 0.00010855 9.62e-05 0.00010405 0.00012355 0.0001081 0.00010475 0.000198 0.0001054 7.825e-05 0.0001365 0.0001057 0.00013415 0.0001702 0.0001251 0.0001606 7.605e-05 8.985e-05 0.0001484 0.00014045 0.0001292 0.0001256 7.47e-05 0.0001158 0.00013445 0.0001723 0.0001549 0.00010815 7.985e-05 0.0001016 0.00016115 0.0001131 0.00015365 0.00011505 0.0001324 0.00014325 0.00013745 0.00015295 0.0001182 0.0001583 0.00015805 0.00013005 0.0001674 0.0001293 0.0001319 0.00018255 0.0001658 0.00011725
37 0.0001679 0.0001698 0.0001474 0.00017665 0.00014205 0.0001654 0.0001636 0.00016525 0.000172 0.00015995 0.00012275 0.0001329 0.000155 0.0001711 0.0001117 0.00017955 0.00017635 0.00015335 0.00013035 0.00014705 0.00017335 0.00016095 0.00015525 0.00017245 0.0001665 0.00017335 0.00017535 0.00015975 0.0001385 0.00015755 0.00016765 0.0001746 0.00015325 0.0001235 0.0001382 0.0001378 0.00016115 0.0001795 0.0001366 0.0001448 0.0001354 0.00013275 0.00012325 0.00013155 0.0001529 0.00016675 0.0001706 0.00014905 0.0001588 0.00014775 0.0001444 0.00017265 0.00016975 0.0001652 0.0001575
38 0.00013135 0.00012195 0.0001309 0.00018185 0.0001355 0.00012 0.00010855 0.0001461 0.00010935 0.0001128 9.075e-05 0.00014165 0.0001089 0.00011345 0.0001367 0.0001241 0.0001013 0.00012115 7.355e-05 0.00010905 0.0001823 0.00010595 0.0001392 8.1e-05 0.00010045 0.00014525 0.0001544 0.00011505 0.00012695 9.045e-05 0.00013095 0.00014145 0.00014395 0.00014625 0.0001169 9.235e-05 0.0001131 0.0001366 0.0001471 0.00011605 7.685e-05 9.51e-05 9.295e-05 0.0001454 0.00013905 0.00013465 0.0001568 0.0001288 0.000107 0.00013425 0.00010555 0.00013625 0.00015945 0.00014605 0.0001381
39 0.00014065 0.0001608 9.89e-05 0.0001665 0.00010885 0.00016525 0.00014755 0.00012795 0.0001587 0.00014005 0.0001193 0.00017225 0.0001235 0.00015905 0.00011425 0.000171 0.00015715 0.0001301 6.29e-05 0.0001402 0.00014985 0.00010405 0.00013985 0.00014855 0.00014785 0.0001724 0.0001772 0.0001304 0.00013085 0.00011635 0.00014005 0.00017295 0.0001591 0.0001272 0.0001295 0.00010795 0.00015365 0.0001448 0.00011605 0.0001258 0.0001161 0.0001253 0.000112 0.00017165 0.0001663 0.00014075 0.0001576 0.0001635 0.0001348 0.0001308 0.00011795 0.0001647 0.00011765 0.0001279 0.00015815
40 0.00013335 0.00012395 0.00013185 0.00018385 0.00013315 0.00012195 0.00010505 0.00014445 0.0001109 0.0001148 9.165e-05 0.00014365 0.00011045 0.00011075 0.0001346 0.0001284 0.00010135 0.0001244 7.575e-05 0.000109 0.00018385 0.00010705 0.00013755 8.095e-05 9.765e-05 0.00014405 0.0001555 0.0001118 0.0001257 9.155e-05 0.00013295 0.000143 0.00014435 0.00014505 0.00011565 9.325e-05 0.00011505 0.0001354 7.685e-05 0.0001161 0.0001515 9.62e-05 9.275e-05 0.00014465 0.0001399 0.0001323 0.0001588 0.0001269 0.0001113 0.0001319 0.00010605 0.00013505 0.0001578 0.0001444 0.00013735
41 0.00014195 0.00013395 0.0001417 0.00018325 0.00013785 0.00013755 0.0001217 0.0001517 0.00012825 0.0001321 0.0001101 0.00015925 0.00012775 0.0001302 0.00012445 0.0001363 0.00011325 0.0001333 9.5e-05 0.0001128 0.00018495 0.0001212 0.0001527 0.0001003 0.0001172 0.0001616 0.0001629 0.00012655 0.00013405 0.00010815 0.00014175 0.0001603 0.0001505 0.0001506 0.0001325 0.0001111 0.0001324 0.00013275 9.51e-05 0.0001253 9.62e-05 0.00019 0.0001075 0.0001605 0.0001451 0.00014315 0.0001583 0.0001408 0.00011995 0.0001366 0.00012445 0.00014045 0.00016205 0.00015165 0.00015485
42 0.0001616 0.0001547 0.00013145 0.0001937 0.00010545 0.0001549 0.0001099 0.00015495 0.0001418 0.0001443 9.82e-05 0.00014755 0.0001215 0.0001438 0.0001242 0.00016135 0.00014645 0.00012085 6.98e-05 0.00013155 0.00019035 0.0001316 0.00014245 0.0001332 0.0001296 0.0001545 0.00016815 0.00013895 0.00013995 0.0001209 0.0001612 0.00015575 0.0001217 0.0001467 0.00013145 0.0001064 0.00014325 0.00012325 9.295e-05 0.000112 9.275e-05 0.0001075 0.000113 0.00014625 0.0001208 0.00016145 0.00018305 0.0001055 0.0001376 0.00011505 0.00010165 0.00016195 0.0001619 0.0001549 0.00014555
43 0.00015265 0.0001542 0.0001551 0.00017745 0.00017085 0.0001259 0.0001404 0.0001374 0.0001121 0.00013595 0.0001339 9.61e-05 0.0001324 0.0001188 0.0001889 0.0001679 0.00015715 0.00014465 0.00014885 0.000171 0.0001767 0.00015865 0.00010815 0.00014115 0.00011935 8.125e-05 0.00014095 0.000149 0.0001581 0.000152 0.00015225 9.605e-05 0.0001692 0.0001374 0.00012395 0.0001361 0.00013745 0.00013155 0.0001454 0.00017165 0.00014465 0.0001605 0.00014625 0.0001623 0.00016745 0.00015195 0.0001696 0.0001142 0.00017105 0.0001679 0.00011395 0.00013105 0.0001454 0.00013735 9.675e-05
44 0.0001658 0.000157 0.00016565 0.00015075 0.0001311 0.0001641 0.0001428 0.0001714 0.00016535 0.00016775 0.00014705 0.0001565 0.0001708 0.0001627 0.0001431 0.00014345 0.00015975 0.00015735 0.00015945 0.0001516 0.0001757 0.00016585 0.00017725 0.0001616 0.0001631 0.00017235 0.0001479 0.000174 0.00015885 0.0001605 0.0001652 0.00016135 0.0001337 0.0001665 0.00017835 0.00016765 0.00015295 0.0001529 0.00013905 0.0001663 0.0001399 0.0001451 0.0001208 0.00016745 0.0001779 0.0001667 0.0001625 0.0001307 0.0001464 0.00012385 0.00015985 0.0001756 0.00017275 0.00017135 0.0001733
45 9.54e-05 0.00012615 0.0001205 0.0001377 0.00015145 0.0001189 0.0001288 0.0001498 0.00012855 9.54e-05 0.00013315 0.0001501 0.0001459 0.0001256 0.00018315 0.00014 0.00011305 0.00016325 0.00014755 0.00014315 0.0001318 0.0001156 0.0001682 9.87e-05 0.0001153 0.00015955 0.00016755 0.00013795 0.00013605 0.0001267 9.56e-05 0.00015765 0.0001697 0.0001422 0.0001356 0.0001212 0.0001182 0.00016675 0.00013465 0.00014075 0.0001323 0.00014315 0.00016145 0.00015195 0.0001667 0.0001861 0.00011255 0.0001642 0.0001372 0.0001495 0.00015385 0.00013495 0.000147 0.00014975 0.0001311
46 0.0001105 0.00015675 0.00013645 0.00011405 0.0001524 0.00014545 0.00015995 0.0001569 0.0001575 0.0001208 0.00015765 0.000165 0.0001834 0.0001588 0.00017685 0.000139 0.0001456 0.00017425 0.0001874 0.00016015 0.00011945 0.00013755 0.0001868 0.00013975 0.00015715 0.0001797 0.00015905 0.0001676 0.0001547 0.00016765 0.00011045 0.00017505 0.00016515 0.0001468 0.00016735 0.0001617 0.0001583 0.0001706 0.0001568 0.0001576 0.0001588 0.0001583 0.00018305 0.0001696 0.0001625 0.00011255 0.000171 0.0001783 0.0001503 0.00015045 0.0001819 0.0001531 0.0001499 0.00015685 0.00015935
47 0.00016605 0.000169 0.000165 0.00019135 0.00013265 0.00014345 0.0001159 0.0001318 0.0001102 0.0001501 0.00013425 0.0001316 0.00013005 0.00011765 0.00016115 0.0001671 0.00015675 0.00013845 0.00014055 0.0001548 0.000197 0.000154 0.00010435 0.00013885 0.00011695 7.87e-05 0.00013895 0.00014465 0.0001634 0.0001521 0.00016565 9.61e-05 0.00014125 0.00016725 0.0001377 0.00014825 0.00015805 0.00014905 0.0001288 0.0001635 0.0001269 0.0001408 0.0001055 0.0001142 0.0001307 0.0001642 0.0001783 0.0001573 0.00015955 0.0001334 0.00010595 0.00013265 0.00014015 0.00013175 0.0001117
48 0.00013285 0.00013335 0.00014645 0.00017435 0.00015395 0.000133 0.0001293 0.0001527 0.00012615 0.0001321 0.00012755 0.0001638 0.00011655 0.0001313 0.00012395 0.00013045 0.0001111 0.0001429 0.0001174 0.00010345 0.00017335 0.0001206 0.0001533 9.66e-05 0.00011895 0.0001635 0.00016465 0.0001179 0.0001196 0.00011085 0.00013225 0.0001562 0.0001628 0.00016025 0.0001366 0.0001244 0.00013005 0.0001588 0.000107 0.0001348 0.0001113 0.00011995 0.0001376 0.00017105 0.0001464 0.0001372 0.0001503 0.00015955 0.0001778 0.0001527 0.0001385 0.00014445 0.00015785 0.00015265 0.0001592
49 0.0001518 0.0001711 0.00014305 0.0001608 0.00010935 0.0001652 0.00013735 0.0001394 0.00016295 0.0001539 0.00013825 0.00016945 0.00016655 0.0001605 0.00013265 0.0001652 0.0001628 0.0001589 0.00013995 0.0001517 0.0001608 0.0001389 0.00016245 0.0001561 0.0001582 0.00016985 0.00016685 0.00015715 0.0001501 0.00014895 0.0001512 0.00017135 0.0001356 0.00013745 0.00015965 0.00015275 0.0001674 0.00014775 0.00013425 0.0001308 0.0001319 0.0001366 0.00011505 0.0001679 0.00012385 0.0001495 0.00015045 0.0001334 0.0001527 0.0001937 0.000149 0.00016545 0.0001458 0.00013935 0.00017195
50 0.0001533 0.00014275 0.00013435 0.0001904 0.000144 0.00012975 0.00012065 0.0001174 9.84e-05 0.0001333 0.00011115 0.0001281 8.97e-05 0.00010635 0.0001483 0.0001539 0.0001355 0.0001068 7.975e-05 0.00013935 0.0001866 0.00012635 8.945e-05 0.00012165 9.495e-05 8.015e-05 0.00013245 0.00011895 0.0001419 0.00010995 0.0001529 9.425e-05 0.0001576 0.0001512 0.00010975 0.0001055 0.0001293 0.0001444 0.00010555 0.00011795 0.00010605 0.00012445 0.00010165 0.00011395 0.00015985 0.00015385 0.0001819 0.00010595 0.0001385 0.000149 0.0001431 0.00012435 0.0001257 0.00011735 9.905e-05
51 0.0001361 0.0001216 0.00016005 0.000182 0.0001755 0.0001151 0.00011665 0.0001319 9.725e-05 0.0001316 0.0001442 0.0001456 0.00012825 0.00010405 0.00018 0.00014545 0.0001036 0.00014545 0.0001487 0.0001458 0.00017865 0.00014245 0.0001153 9.845e-05 9.62e-05 9.51e-05 0.00014055 0.00012 0.0001487 0.0001272 0.0001355 0.0001096 0.00017745 0.00016785 0.00012765 0.0001322 0.0001319 0.00017265 0.00013625 0.0001647 0.00013505 0.00014045 0.00016195 0.00013105 0.0001756 0.00013495 0.0001531 0.00013265 0.00014445 0.00016545 0.00012435 0.000162 0.00013355 0.00013185 0.0001143
52 0.0001486 0.0001848 0.00013575 0.0001609 0.00013265 0.000161 0.00015355 0.00010535 0.0001372 0.00015665 0.0001629 0.0001621 0.0001416 0.000143 0.00014155 0.0001842 0.00017725 0.00014785 0.00014785 0.00016565 0.0001488 0.00013725 0.0001041 0.00016845 0.00014545 0.00010265 0.00015135 0.0001384 0.0001554 0.000161 0.0001478 0.0001193 0.000175 0.0001481 0.00014585 0.00016305 0.00018255 0.00016975 0.00015945 0.00011765 0.0001578 0.00016205 0.0001619 0.0001454 0.00017275 0.000147 0.0001499 0.00014015 0.00015785 0.0001458 0.0001257 0.00013355 0.0001749 0.0001053 0.00013045
53 0.00015135 0.0001722 0.0001455 0.00016975 0.0001428 0.00014615 0.00014905 9.29e-05 0.0001224 0.0001511 0.0001495 0.00015405 0.0001325 0.0001282 0.0001449 0.00017045 0.00016155 0.0001425 0.0001409 0.00015935 0.00016605 0.0001321 0.00010005 0.0001486 0.00013065 9.29e-05 0.00014265 0.0001332 0.0001502 0.00013855 0.0001511 0.00010955 0.00017605 0.00013735 0.00013175 0.000151 0.0001658 0.0001652 0.00014605 0.0001279 0.0001444 0.00015165 0.0001549 0.00013735 0.00017135 0.00014975 0.00015685 0.00013175 0.00015265 0.00013935 0.00011735 0.00013185 0.0001053 0.0001856 0.0001282
54 0.0001318 0.0001353 0.00013855 0.00016785 0.0001694 0.00010965 0.0001311 0.0001282 9.325e-05 0.00011315 0.0001274 0.00011005 0.0001058 9.84e-05 0.0001903 0.00015745 0.00013755 0.00013065 0.00013575 0.00016065 0.0001641 0.00014085 9.315e-05 0.00012075 9.265e-05 6.52e-05 0.0001322 0.00013195 0.00014705 0.0001316 0.0001314 7.85e-05 0.0001721 0.00015975 0.0001069 0.0001195 0.00011725 0.0001575 0.0001381 0.00015815 0.00013735 0.00015485 0.00014555 9.675e-05 0.0001733 0.0001311 0.00015935 0.0001117 0.0001592 0.00017195 9.905e-05 0.0001143 0.00013045 0.0001282 0.0001303
