 slim_761984418 slim_761984430 slim_761984417 slim_761984413 slim_761984400 slim_761984421 slim_761984433 slim_761984390 slim_761984406 slim_761984409 slim_761984397 slim_761984375 slim_761984423 slim_761984431 slim_761984395 slim_761984379 slim_761984389 slim_761984386 slim_761984391 slim_761984414 slim_761984407 slim_761984432 slim_761984376 slim_761984398 slim_761984411 slim_761984381 slim_761984373 slim_761984434 slim_761984401 slim_761984429 slim_761984399 slim_761984374 slim_761984424 slim_761984428 slim_761984410 slim_761984387 slim_761984380 slim_761984388 slim_761984404 slim_761984412 slim_761984415 slim_761984419 slim_761984416 slim_761984393 slim_761984394 slim_761984420 slim_761984384 slim_761984425 slim_761984383 slim_761984385 slim_761984378 slim_761984382 slim_761984427 slim_761984435 slim_761984402 slim_761984392 slim_761984436 slim_761984377 slim_761984403 slim_761984426 slim_761984405 slim_761984396 slim_761984422 slim_761984408
0 0.0001749 0.0001832 0.0001562 0.00015315 0.0001177 0.00010755 0.00014455 0.00014015 0.00018765 0.0001484 0.00010095 0.0001718 0.0001489 0.0001711 0.0001795 0.00013515 0.00011995 0.0001433 0.00012045 0.00015715 0.00018435 0.0001442 0.0001685 0.00015055 0.00014135 0.0001433 0.00014225 0.0001466 0.0001138 0.00014185 0.0001307 0.0001422 0.00014385 0.0001066 0.00013595 0.0001391 0.0001774 0.00011025 0.0001359 0.00015335 0.00017485 0.0001442 0.00015755 0.0001253 0.00016135 0.0001478 0.0001445 0.00012255 0.0001847 0.00017745 0.00016655 0.00015905 0.00010665 0.0001452 0.00015925 0.00018095 0.00014515 0.0001814 0.0001223 0.00014325 0.0001595 0.00012045 0.00014325 0.0001184
1 0.0001832 0.0001755 0.0001127 0.0001441 0.0001696 0.0001811 0.00015425 0.00013245 0.0001448 0.00013935 0.00017785 0.00014485 0.0001605 0.0001617 0.00013675 0.000165 0.0001544 0.00014835 0.0001643 0.0001315 0.0001344 0.00013945 0.00015165 0.0001522 0.00014905 0.00014835 0.00012955 0.00017105 0.0001812 0.00017155 0.00017825 0.0001295 0.00015825 0.0001811 0.00017755 0.00016075 0.000144 0.0001763 0.0001775 0.00015935 0.00014 0.0001425 0.00014695 0.00018505 0.0001472 0.00014935 0.0001546 0.00018565 0.00013045 0.00014405 0.0001687 0.00015985 0.00018115 0.0001612 0.00015285 0.00012155 0.0001604 0.000161 0.0001738 0.0001658 0.0001747 0.0001643 0.00016575 0.0001705
2 0.0001562 0.0001127 8.5e-05 9.2e-05 0.00014075 0.0001568 0.0001538 8.515e-05 0.0001799 0.0001651 0.00015 0.0001242 0.000165 0.0001469 0.00016415 0.00013975 0.0001044 0.0001206 9.455e-05 5.87e-05 0.00017235 0.00010435 0.00015435 0.00015605 0.0001738 0.0001206 0.00010445 0.0001539 0.0001251 0.00016115 0.0001567 0.0001044 0.00011075 0.0001564 0.00016035 0.0001537 0.00014145 0.0001457 0.0001603 0.000154 0.00018035 0.0001549 0.0001209 0.00016545 0.00014445 0.0001331 0.00015415 0.00014325 0.00016445 0.0001415 0.0001631 0.0001657 0.00015645 0.0001634 0.0001074 0.00016325 0.0001444 0.00015825 0.00015735 0.0001331 0.00014455 9.455e-05 0.00013305 0.00016635
3 0.00015315 0.0001441 9.2e-05 0.0001324 0.0001486 0.0001536 0.0001482 0.0001175 0.00015815 0.00015385 0.0001476 0.00014855 0.000171 7.785e-05 0.0001221 0.0001302 0.0001181 0.0001467 0.00010175 9.48e-05 0.000171 0.00012735 0.0001486 0.00015 0.0001711 0.0001467 0.0001438 0.0001534 0.00012205 0.00013095 0.00015375 0.00014375 0.00013035 0.0001536 0.0001554 0.0001181 9.66e-05 0.0001461 0.00015535 0.00011485 0.00017705 0.00015 0.0001434 0.0001566 9.485e-05 0.0001461 0.00014855 0.000133 0.0001524 9.665e-05 0.00013155 0.00017075 0.00015365 0.0001698 0.00012605 0.0001209 0.0001464 0.000105 0.0001517 9.425e-05 0.00010685 0.00010175 9.42e-05 0.000163
4 0.0001177 0.0001696 0.00014075 0.0001486 0.0001597 0.00011475 0.00013215 0.00011565 0.00018215 0.0001616 9.825e-05 0.00016955 0.00013385 0.0001708 0.00017665 0.00014645 0.0001078 0.0001256 0.00013205 0.00014355 0.0001747 0.00011975 0.00015635 0.00013095 0.000131 0.0001256 0.0001227 0.000155 7.985e-05 0.000134 0.0001385 0.00012265 0.00014985 0.00011405 0.00015865 0.00013045 0.0001725 8.485e-05 0.0001586 0.00014465 0.0001535 0.00012955 0.0001398 0.0001573 0.00015775 0.00013405 0.000132 0.00013875 0.00017805 0.00017255 0.00017415 0.00014395 0.0001141 0.0001301 0.00015025 0.00017865 0.0001254 0.00017805 0.0001375 0.0001255 0.00015745 0.00013205 0.0001254 0.00010215
5 0.00010755 0.0001811 0.0001568 0.0001536 0.00011475 0.0001812 0.0001356 0.00013345 0.00018375 0.00013755 0.00011515 0.0001768 0.0001403 0.0001691 0.0001782 0.00014465 0.00011325 0.0001353 0.00011375 0.00015775 0.0001818 0.0001254 0.0001635 0.0001545 0.000133 0.0001353 0.00013425 0.0001365 0.0001232 0.00013275 0.00011915 0.0001342 0.0001358 9.125e-05 0.0001322 0.00013095 0.00017575 0.00010735 0.00013215 0.00014515 0.00017745 0.000151 0.0001495 0.0001085 0.00015635 0.00013615 0.0001357 0.00011275 0.0001828 0.0001758 0.00017045 0.0001504 9.13e-05 0.00013655 0.00015675 0.0001795 0.0001365 0.00017855 0.00011565 0.0001475 0.0001551 0.00011375 0.00014745 0.0001031
6 0.00014455 0.00015425 0.0001538 0.0001482 0.00013215 0.0001356 0.0001819 0.0001363 0.00015185 0.00016705 0.0001355 0.00014475 0.000137 0.00015115 0.00015405 0.00013535 0.00012205 0.0001258 0.0001661 0.00015675 0.0001702 0.00013765 9.705e-05 0.00016325 0.0001276 0.00012575 0.00012275 0.0001796 0.0001608 0.0001271 0.00014115 0.0001227 0.0001698 0.00013505 0.0001545 0.00011705 0.00011695 0.00012635 0.00015445 0.00012735 0.0001617 0.00016205 0.00013605 0.0001783 0.0001285 0.0001018 9.105e-05 0.00017435 0.00012795 0.000117 0.00014415 0.00014375 0.0001351 0.0001351 0.000165 0.0001502 0.0001477 0.00014265 0.0001562 0.0001523 0.00016475 0.0001661 0.00015225 0.00010075
7 0.00014015 0.00013245 8.515e-05 0.0001175 0.00011565 0.00013345 0.0001363 0.0001659 0.0001757 0.0001615 0.00013145 0.0001424 0.0001455 0.00015455 0.0001661 0.0001442 0.0001022 0.0001205 0.00011365 0.0001012 0.00017185 9.55e-05 0.00014105 0.00015 0.0001481 0.00012045 0.00010435 0.0001558 0.00011905 0.00014115 0.0001376 0.0001043 0.0001319 0.00013285 0.0001553 0.0001366 0.0001514 0.0001206 0.00015525 0.0001369 0.00017275 0.0001493 0.0001208 0.00016335 0.0001497 0.00012575 0.0001364 0.00013935 0.0001658 0.00015145 0.0001614 0.0001462 0.0001329 0.00014385 0.0001269 0.00016595 0.0001249 0.0001627 0.0001417 0.00013565 0.0001467 0.00011365 0.0001356 0.0001216
8 0.00018765 0.0001448 0.0001799 0.00015815 0.00018215 0.00018375 0.00015185 0.0001757 0.0001761 0.0001509 0.0001818 0.00016135 0.00016225 0.00013955 0.0001143 0.00016105 0.00018055 0.00018135 0.00018635 0.00018355 0.00011785 0.00017335 0.00013275 0.0001398 0.0001413 0.00018135 0.0001776 0.00016845 0.0001846 0.0001614 0.00016475 0.00017755 0.00018715 0.0001841 0.0001637 0.00015575 0.0001295 0.00018135 0.00016365 0.0001508 0.00011715 0.00015625 0.0001764 0.00017125 0.00014505 0.0001579 0.0001522 0.00018285 0.0001106 0.00012955 0.00014215 0.00015695 0.00018415 0.00016305 0.00018005 0.0001264 0.00016005 0.00011055 0.0001798 0.00015875 0.00015165 0.00018635 0.0001587 0.00017325
9 0.0001484 0.00013935 0.0001651 0.00015385 0.0001616 0.00013755 0.00016705 0.0001615 0.0001509 0.0001949 0.00015935 0.0001751 0.0001702 0.000165 0.0001454 0.00013975 0.0001632 0.0001825 0.0001243 0.00016815 0.00014345 0.00014935 0.00016505 0.00013815 0.00015255 0.0001825 0.00017935 0.0001293 0.0001439 0.0001755 0.00013635 0.0001793 0.0001436 0.0001386 0.0001301 0.000168 0.00015775 0.00016085 0.00013005 0.00016735 0.00014795 0.0001259 0.00018185 0.00010975 0.00015945 0.00017345 0.0001674 0.00012025 0.00014465 0.0001578 0.00016715 0.00016935 0.00013865 0.0001693 0.0001641 0.00013095 0.00015225 0.0001671 0.00012875 0.0001513 0.00015805 0.0001243 0.00015125 0.00017585
10 0.00010095 0.00017785 0.00015 0.0001476 9.825e-05 0.00011515 0.0001355 0.00013145 0.0001818 0.00015935 0.0001735 0.0001681 0.0001401 0.0001673 0.0001744 0.0001455 0.00011125 0.0001346 0.00013115 0.00015095 0.0001782 0.0001356 0.00016115 0.00013405 0.0001331 0.0001346 0.00013355 0.0001566 8.68e-05 0.0001349 0.00014065 0.0001335 0.00015455 0.0001148 0.00014855 0.00013105 0.00017145 9.08e-05 0.0001485 0.0001453 0.00015835 0.0001293 0.00014885 0.0001523 0.0001535 0.0001391 0.0001354 0.00013605 0.00017855 0.0001715 0.0001646 0.00015025 0.00011485 0.0001364 0.00015585 0.00017655 0.00013635 0.00017605 0.00013215 0.00012705 0.00015645 0.00013115 0.00012695 0.0001072
11 0.0001718 0.00014485 0.0001242 0.00014855 0.00016955 0.0001768 0.00014475 0.0001424 0.00016135 0.0001751 0.0001681 0.0001814 0.0001687 0.0001698 0.00017085 0.00014795 0.0001525 0.0001328 0.00015425 0.0001104 0.00016635 0.00015095 0.000125 0.00017425 0.00017435 0.0001328 0.0001465 0.0001696 0.00017305 0.000175 0.0001568 0.00014645 0.00013455 0.0001766 0.0001347 0.00017075 0.00014065 0.00017425 0.00013465 0.00016525 0.0001739 0.00017235 0.0001273 0.0001797 0.0001676 0.00013285 0.0001449 0.0001775 0.00014485 0.0001407 0.0001319 0.00016245 0.00017665 0.0001677 0.00013365 0.00017025 0.00016075 0.00015845 0.0001647 0.0001701 0.0001771 0.00015425 0.00017005 0.0001709
12 0.0001489 0.0001605 0.000165 0.000171 0.00013385 0.0001403 0.000137 0.0001455 0.00016225 0.0001702 0.0001401 0.0001687 0.0001742 0.000178 0.0001756 0.00018015 0.00013035 0.0001333 0.0001745 0.0001677 0.00012825 0.00015055 0.00016035 0.0001693 0.0001364 0.0001333 0.0001305 0.00013585 0.000164 0.00013315 0.00016345 0.00013045 0.0001775 0.0001401 0.0001756 0.0001364 0.00017745 0.0001302 0.00017555 0.00014815 0.00016775 0.0001563 0.00014505 0.0001829 0.0001503 0.0001342 0.0001371 0.0001767 0.0001761 0.0001775 0.0001729 0.00010185 0.00014015 9.155e-05 0.0001699 0.0001686 0.00010675 0.00016595 0.00014475 0.0001707 0.0001673 0.0001745 0.00017065 0.00010735
13 0.0001711 0.0001617 0.0001469 7.785e-05 0.0001708 0.0001691 0.00015115 0.00015455 0.00013955 0.000165 0.0001673 0.0001698 0.000178 3.5e-05 9.42e-05 0.0001479 0.00015675 0.00017105 0.00015125 0.0001521 0.00017315 0.00015365 0.0001441 0.0001658 0.00017465 0.00017105 0.00016575 0.0001722 0.0001613 9.58e-05 0.00016285 0.0001657 0.00016555 0.00017015 0.0001678 9.66e-05 7.235e-05 0.0001683 0.00016775 8.9e-05 0.00017225 0.0001679 0.0001634 0.00016675 6.315e-05 0.00016235 0.0001515 0.0001606 0.00014895 7.24e-05 9.53e-05 0.000177 0.0001702 0.0001788 0.00016145 9.55e-05 0.00016725 6.605e-05 0.0001661 8.925e-05 9.445e-05 0.00015125 8.92e-05 0.0001626
14 0.0001795 0.00013675 0.00016415 0.0001221 0.00017665 0.0001782 0.00015405 0.0001661 0.0001143 0.0001454 0.0001744 0.00017085 0.0001756 9.42e-05 0.000162 0.00016145 0.00016825 0.0001736 0.0001725 0.00016815 0.0001301 0.00016375 0.00015385 0.0001296 0.00013165 0.0001736 0.0001695 0.000181 0.0001781 0.00013965 0.0001777 0.00016945 0.00017785 0.0001779 0.0001754 0.00012735 0.00010775 0.0001759 0.00017535 0.00012205 0.000109 0.00014775 0.00016825 0.0001662 0.0001078 0.00016455 0.00015415 0.00017485 0.0001078 0.0001078 0.00013775 0.0001729 0.00017795 0.0001765 0.0001705 9.455e-05 0.000172 0.0001143 0.00017775 0.0001296 0.0001359 0.0001725 0.00012955 0.0001652
15 0.00013515 0.000165 0.00013975 0.0001302 0.00014645 0.00014465 0.00013535 0.0001442 0.00016105 0.00013975 0.0001455 0.00014795 0.00018015 0.0001479 0.00016145 0.0001821 0.00014915 0.00017235 0.0001132 0.00014215 0.0001787 0.00014515 0.00011355 0.0001467 0.00017795 0.00017235 0.00016985 0.00014415 0.0001115 0.00016835 0.00012175 0.0001698 0.0001364 0.00014335 0.0001202 0.0001602 0.00011605 0.00014555 0.00012015 0.00015735 0.0001685 0.00014445 0.00016945 0.0001257 0.0001476 0.0001482 0.00013525 0.00012395 0.00013635 0.0001161 0.0001426 0.0001773 0.0001434 0.00017885 0.0001529 0.00015645 0.0001562 0.000142 0.0001383 0.0001264 0.00014855 0.0001132 0.0001264 0.00017575
16 0.00011995 0.0001544 0.0001044 0.0001181 0.0001078 0.00011325 0.00012205 0.0001022 0.00018055 0.0001632 0.00011125 0.0001525 0.00013035 0.00015675 0.00016825 0.00014915 0.0001639 0.00010545 0.00011265 0.00010535 0.0001753 0.00011475 0.00015065 0.00015055 0.00012735 0.0001054 0.0001044 0.0001577 0.00011805 0.0001247 0.00014125 0.00010435 0.00013605 0.00011265 0.00016025 0.000118 0.00015795 0.0001004 0.0001602 0.0001322 0.00017485 0.00014845 0.00011965 0.0001611 0.0001395 0.0001115 0.00012215 0.00013835 0.0001723 0.000158 0.00016795 0.00014045 0.00011265 0.0001265 0.00013105 0.00016925 0.00012655 0.0001676 0.0001393 0.00013625 0.0001473 0.00011265 0.0001362 9.445e-05
17 0.0001433 0.00014835 0.0001206 0.0001467 0.0001256 0.0001353 0.0001258 0.0001205 0.00018135 0.0001825 0.0001346 0.0001328 0.0001333 0.00017105 0.0001736 0.00017235 0.00010545 0.0001717 0.0001542 0.00010535 0.00017485 0.00013165 0.00015455 0.0001702 0.00012945 8.59e-05 0.000101 0.00017915 0.00016095 0.00013345 0.0001635 0.00010095 0.0001347 0.00013475 0.0001821 0.000127 0.00016685 0.0001237 0.00018205 0.0001387 0.00017235 0.00016935 9.755e-05 0.00018545 0.0001486 0.0001152 0.0001259 0.0001786 0.00017225 0.0001669 0.00017685 0.00014005 0.0001348 0.0001299 0.00012975 0.0001756 0.00014555 0.00017735 0.00016145 0.00016485 0.0001746 0.0001542 0.0001648 9.79e-05
18 0.00012045 0.0001643 9.455e-05 0.00010175 0.00013205 0.00011375 0.0001661 0.00011365 0.00018635 0.0001243 0.00013115 0.00015425 0.0001745 0.00015125 0.0001725 0.0001132 0.00011265 0.0001542 0.0001068 9.495e-05 0.00018175 0.0001137 0.00016705 0.00014115 0.00017645 0.0001542 0.0001537 0.00011315 8.71e-05 0.0001656 0.0001135 0.00015365 9.495e-05 0.0001126 0.00011375 0.0001608 0.00015505 0.00012955 0.0001137 0.00016185 0.00018745 0.00013795 0.00015525 9.005e-05 0.00015655 0.00015665 0.00016625 7.735e-05 0.0001778 0.0001551 0.0001624 0.000175 0.00011265 0.0001713 0.0001189 0.00017235 0.00013605 0.0001647 0.00011285 0.00011845 0.0001285 5.34e-05 0.0001184 0.000171
19 0.00015715 0.0001315 5.87e-05 9.48e-05 0.00014355 0.00015775 0.00015675 0.0001012 0.00018355 0.00016815 0.00015095 0.0001104 0.0001677 0.0001521 0.00016815 0.00014215 0.00010535 0.00010535 9.495e-05 8.58e-05 0.0001744 0.00012045 0.00015875 0.00015765 0.00017375 0.00010535 0.00012105 0.00015475 0.0001255 0.0001658 0.0001591 0.000121 9.495e-05 0.00015735 0.00016275 0.00015705 0.00014625 0.00014665 0.0001627 0.0001555 0.00018315 0.0001566 0.0001038 0.00016705 0.00014895 0.00013605 0.0001571 0.00014365 0.00016805 0.0001463 0.0001679 0.0001648 0.0001574 0.0001648 9.16e-05 0.0001687 0.00014525 0.0001631 0.0001582 0.0001359 0.00014735 9.495e-05 0.00013585 0.0001665
20 0.00018435 0.0001344 0.00017235 0.000171 0.0001747 0.0001818 0.0001702 0.00017185 0.00011785 0.00014345 0.0001782 0.00016635 0.00012825 0.00017315 0.0001301 0.0001787 0.0001753 0.00017485 0.00018175 0.0001744 0.0001721 0.0001728 0.0001689 0.0001365 0.00013875 0.00017485 0.0001727 0.000137 0.00018 0.000175 0.0001806 0.00017265 0.0001813 0.00018215 0.00017325 0.00017125 0.00016595 0.00017775 0.0001732 0.00017035 0.00011275 0.0001406 0.00017395 0.0001715 0.0001636 0.0001703 0.00017055 0.0001803 0.00012925 0.000166 0.00016915 0.00012895 0.0001822 0.00013095 0.00017295 0.0001364 0.0001304 0.00015815 0.0001663 0.00017325 0.00016655 0.00018175 0.0001732 0.000175
21 0.0001442 0.00013945 0.00010435 0.00012735 0.00011975 0.0001254 0.00013765 9.55e-05 0.00017335 0.00014935 0.0001356 0.00015095 0.00015055 0.00015365 0.00016375 0.00014515 0.00011475 0.00013165 0.0001137 0.00012045 0.0001728 0.0001747 0.00014235 0.00015005 0.0001484 0.00013165 0.0001155 0.0001484 0.00012295 0.0001429 0.00012955 0.00011545 0.0001306 0.00012485 0.00014465 0.00013835 0.00015005 0.00012475 0.0001446 0.00013865 0.00017145 0.00014935 0.00013195 0.00014285 0.00014875 0.00013185 0.00013775 0.00013025 0.000163 0.0001501 0.00016055 0.00015125 0.0001249 0.00014895 0.000137 0.0001636 0.00012995 0.0001618 0.00013365 0.00013715 0.0001474 0.0001137 0.0001371 0.000126
22 0.0001685 0.00015165 0.00015435 0.0001486 0.00015635 0.0001635 9.705e-05 0.00014105 0.00013275 0.00016505 0.00016115 0.000125 0.00016035 0.0001441 0.00015385 0.00011355 0.00015065 0.00015455 0.00016705 0.00015875 0.0001689 0.00014235 9.45e-05 0.0001653 0.00015795 0.00015455 0.00015005 0.000178 0.00016545 0.00014575 0.00011325 0.00015 0.00017095 0.0001628 0.0001339 0.0001442 9.46e-05 0.00015575 0.00013385 0.0001374 0.0001636 0.00016635 0.0001477 0.00017835 0.00014315 0.0001082 9.69e-05 0.0001757 0.0001064 9.465e-05 0.00011675 0.00015415 0.00016285 0.00016095 0.0001674 0.0001472 0.0001509 0.0001225 0.0001583 0.00015355 0.00016375 0.00016705 0.0001535 0.00014015
23 0.00015055 0.0001522 0.00015605 0.00015 0.00013095 0.0001545 0.00016325 0.00015 0.0001398 0.00013815 0.00013405 0.00017425 0.0001693 0.0001658 0.0001296 0.0001467 0.00015055 0.0001702 0.00014115 0.00015765 0.0001365 0.00015005 0.0001653 0.0001946 0.0001302 0.0001702 0.0001685 0.0001596 9.805e-05 0.0001677 0.00015595 0.00016845 0.0001608 0.00015365 0.0001585 0.00016235 0.00016225 0.0001302 0.00015845 0.00016135 9.73e-05 0.0001139 0.0001692 0.00014505 0.00016375 0.00016765 0.0001631 0.00014325 0.00013015 0.0001623 0.0001706 0.00016735 0.0001537 0.0001682 0.00015975 0.00014475 0.00015185 0.00017065 0.0001573 0.0001295 0.0001568 0.00014115 0.0001294 0.0001607
24 0.00014135 0.00014905 0.0001738 0.0001711 0.000131 0.000133 0.0001276 0.0001481 0.0001413 0.00015255 0.0001331 0.00017435 0.0001364 0.00017465 0.00013165 0.00017795 0.00012735 0.00012945 0.00017645 0.00017375 0.00013875 0.0001484 0.00015795 0.0001302 0.0001658 0.00012945 0.0001294 0.0001826 0.00016715 0.00013485 0.00016275 0.00012935 0.0001786 0.00013215 0.0001778 0.0001266 0.0001709 0.0001253 0.00017775 0.0001415 0.0001139 0.0001435 0.00014435 0.0001708 0.000154 0.0001296 0.00012745 0.00017325 0.00013225 0.00017095 0.00017595 0.0001458 0.0001322 0.0001327 0.00017055 0.00014495 0.00014945 0.0001787 0.0001626 0.0001689 0.0001736 0.00017645 0.00016885 9.6e-05
25 0.0001433 0.00014835 0.0001206 0.0001467 0.0001256 0.0001353 0.00012575 0.00012045 0.00018135 0.0001825 0.0001346 0.0001328 0.0001333 0.00017105 0.0001736 0.00017235 0.0001054 8.59e-05 0.0001542 0.00010535 0.00017485 0.00013165 0.00015455 0.0001702 0.00012945 0.0001717 0.00010105 0.00017915 0.00016095 0.00013345 0.0001635 0.000101 0.0001347 0.0001347 0.0001821 0.00012705 0.00016685 0.00012375 0.00018205 0.0001387 0.00017235 0.00016935 9.755e-05 0.00018545 0.0001486 0.0001152 0.00012585 0.0001786 0.00017225 0.0001669 0.00017685 0.00014005 0.00013475 0.00012985 0.00012975 0.0001756 0.00014555 0.00017735 0.0001615 0.00016485 0.0001746 0.0001542 0.0001648 9.79e-05
26 0.00014225 0.00012955 0.00010445 0.0001438 0.0001227 0.00013425 0.00012275 0.00010435 0.0001776 0.00017935 0.00013355 0.0001465 0.0001305 0.00016575 0.0001695 0.00016985 0.0001044 0.000101 0.0001537 0.00012105 0.0001727 0.0001155 0.00015005 0.0001685 0.0001294 0.00010105 0.0001685 0.0001782 0.00016045 0.0001287 0.000161 8.425e-05 0.0001504 0.0001337 0.0001796 0.00012355 0.00016195 0.00012265 0.00017955 0.0001371 0.00016945 0.00016755 0.00011455 0.00018375 0.000144 0.00011215 0.00012285 0.0001781 0.00016855 0.000162 0.00017195 0.00014085 0.00013375 0.0001284 0.00014545 0.00017005 0.0001446 0.0001724 0.0001605 0.00016195 0.0001717 0.0001537 0.0001619 9.765e-05
27 0.0001466 0.00017105 0.0001539 0.0001534 0.000155 0.0001365 0.0001796 0.0001558 0.00016845 0.0001293 0.0001566 0.0001696 0.00013585 0.0001722 0.000181 0.00014415 0.0001577 0.00017915 0.00011315 0.00015475 0.000137 0.0001484 0.000178 0.0001596 0.0001826 0.00017915 0.0001782 0.0001816 0.0001305 0.00017615 0.00013565 0.00017815 0.0001346 0.0001375 0.0001269 0.0001776 0.00017535 0.0001563 0.00012685 0.00017875 0.00018215 0.0001467 0.0001803 0.0001108 0.0001701 0.000178 0.00017995 0.00011295 0.0001832 0.0001754 0.00016715 0.000139 0.00013755 0.00013645 0.00015455 0.00017305 0.00011695 0.00016335 0.0001184 0.0001518 0.00014665 0.00011315 0.00015175 0.00018285
28 0.0001138 0.0001812 0.0001251 0.00012205 7.985e-05 0.0001232 0.0001608 0.00011905 0.0001846 0.0001439 8.68e-05 0.00017305 0.000164 0.0001613 0.0001781 0.0001115 0.00011805 0.00016095 8.71e-05 0.0001255 0.00018 0.00012295 0.00016545 9.805e-05 0.00016715 0.00016095 0.00016045 0.0001305 2.4e-06 0.00016075 0.0001274 0.0001604 0.00013 0.0001225 0.00013525 0.0001573 0.00016435 7.735e-05 0.0001352 0.00015835 0.0001457 9.685e-05 0.000162 0.0001278 0.00016125 0.00016525 0.00016065 9.89e-05 0.0001813 0.0001644 0.0001696 0.0001645 0.00012255 0.0001608 0.0001373 0.00017935 0.00012555 0.0001691 0.0001257 8.125e-05 0.00013525 8.71e-05 8.11e-05 0.0001526
29 0.00014185 0.00017155 0.00016115 0.00013095 0.000134 0.00013275 0.0001271 0.00014115 0.0001614 0.0001755 0.0001349 0.000175 0.00013315 9.58e-05 0.00013965 0.00016835 0.0001247 0.00013345 0.0001656 0.0001658 0.000175 0.0001429 0.00014575 0.0001677 0.00013485 0.00013345 0.0001287 0.00017615 0.00016075 0.0001742 0.0001519 0.00012865 0.0001744 0.00013325 0.0001742 9.84e-05 0.0001332 0.00012655 0.00017415 0.00010575 0.0001693 0.000166 0.00014075 0.0001726 0.0001053 0.00012985 0.0001272 0.0001694 0.00016825 0.00013325 0.0001312 0.0001445 0.0001333 0.0001358 0.0001696 0.00014295 0.00014705 0.0001282 0.0001533 0.0001327 0.00013625 0.0001656 0.00013265 9.6e-05
30 0.0001307 0.00017825 0.0001567 0.00015375 0.0001385 0.00011915 0.00014115 0.0001376 0.00016475 0.00013635 0.00014065 0.0001568 0.00016345 0.00016285 0.0001777 0.00012175 0.00014125 0.0001635 0.0001135 0.0001591 0.0001806 0.00012955 0.00011325 0.00015595 0.00016275 0.0001635 0.000161 0.00013565 0.0001274 0.0001519 0.0001803 0.00016095 0.00013575 0.00011785 0.0001124 0.00015795 0.00015325 0.0001363 0.00011235 0.00015505 0.00017875 0.00015515 0.0001606 0.0001084 0.00017085 0.00014215 0.00014105 0.00011355 0.00016065 0.0001533 0.00014385 0.0001606 0.0001179 0.00016215 0.00015915 0.0001762 0.0001395 0.0001585 0.00011825 0.0001486 0.00015445 0.0001135 0.00014855 0.00014205
31 0.0001422 0.0001295 0.0001044 0.00014375 0.00012265 0.0001342 0.0001227 0.0001043 0.00017755 0.0001793 0.0001335 0.00014645 0.00013045 0.0001657 0.00016945 0.0001698 0.00010435 0.00010095 0.00015365 0.000121 0.00017265 0.00011545 0.00015 0.00016845 0.00012935 0.000101 8.425e-05 0.00017815 0.0001604 0.00012865 0.00016095 0.0001684 0.00015035 0.00013365 0.00017955 0.0001235 0.0001619 0.0001226 0.0001795 0.00013705 0.0001694 0.0001675 0.0001145 0.0001837 0.00014395 0.0001121 0.0001228 0.00017805 0.0001685 0.00016195 0.0001719 0.0001408 0.0001337 0.00012835 0.0001454 0.00017 0.00014455 0.00017235 0.00016045 0.0001619 0.00017165 0.00015365 0.00016185 9.76e-05
32 0.00014385 0.00015825 0.00011075 0.00013035 0.00014985 0.0001358 0.0001698 0.0001319 0.00018715 0.0001436 0.00015455 0.00013455 0.0001775 0.00016555 0.00017785 0.0001364 0.00013605 0.0001347 9.495e-05 9.495e-05 0.0001813 0.0001306 0.00017095 0.0001608 0.0001786 0.0001347 0.0001504 0.0001346 0.00013 0.0001744 0.00013575 0.00015035 0.0001872 0.00013465 0.0001356 0.0001699 0.00016395 0.00015295 0.00013555 0.00016835 0.00018495 0.00015885 0.00013315 0.0001144 0.0001657 0.00016035 0.00016995 0.0001176 0.00017775 0.000164 0.0001713 0.0001746 0.0001347 0.0001746 0.0001176 0.0001787 0.00015505 0.00017445 0.0001351 0.00014705 0.0001558 9.495e-05 0.000147 0.0001745
33 0.0001066 0.0001811 0.0001564 0.0001536 0.00011405 9.125e-05 0.00013505 0.00013285 0.0001841 0.0001386 0.0001148 0.0001766 0.0001401 0.00017015 0.0001779 0.00014335 0.00011265 0.00013475 0.0001126 0.00015735 0.00018215 0.00012485 0.0001628 0.00015365 0.00013215 0.0001347 0.0001337 0.0001375 0.0001225 0.00013325 0.00011785 0.00013365 0.00013465 0.0001798 0.00013305 0.0001308 0.0001756 0.00010665 0.000133 0.000145 0.0001766 0.00015065 0.00014895 0.0001084 0.0001562 0.00013575 0.00013495 0.00011225 0.00018195 0.00017565 0.0001713 0.0001502 8.995e-05 0.0001363 0.000157 0.0001792 0.0001363 0.0001789 0.00011615 0.00014735 0.0001557 0.0001126 0.0001473 0.0001024
34 0.00013595 0.00017755 0.00016035 0.0001554 0.00015865 0.0001322 0.0001545 0.0001553 0.0001637 0.0001301 0.00014855 0.0001347 0.0001756 0.0001678 0.0001754 0.0001202 0.00016025 0.0001821 0.00011375 0.00016275 0.00017325 0.00014465 0.0001339 0.0001585 0.0001778 0.0001821 0.0001796 0.0001269 0.00013525 0.0001742 0.0001124 0.00017955 0.0001356 0.00013305 0.0001694 0.00017455 0.0001495 0.00015775 8.47e-05 0.00017165 0.00017895 0.00015395 0.0001792 0.0001027 0.00017525 0.0001539 0.00015465 0.0001116 0.00015535 0.00014955 0.00012545 0.00017275 0.0001331 0.0001743 0.0001606 0.0001741 0.00015165 0.0001596 0.00011875 0.0001527 0.00015755 0.00011375 0.00015265 0.000176
35 0.0001391 0.00016075 0.0001537 0.0001181 0.00013045 0.00013095 0.00011705 0.0001366 0.00015575 0.000168 0.00013105 0.00017075 0.0001364 9.66e-05 0.00012735 0.0001602 0.000118 0.000127 0.0001608 0.00015705 0.00017125 0.00013835 0.0001442 0.00016235 0.0001266 0.00012705 0.00012355 0.0001776 0.0001573 9.84e-05 0.00015795 0.0001235 0.0001699 0.0001308 0.00017455 0.0001757 0.000117 0.00012295 0.0001745 9.785e-05 0.00016605 0.00016255 0.00013695 0.0001748 9.43e-05 0.00012505 0.00011715 0.00016775 0.0001564 0.00011705 0.0001403 0.0001458 0.00013085 0.0001347 0.000164 0.0001276 0.0001465 0.00011905 0.00015475 0.000123 0.00013395 0.0001608 0.00012295 9.42e-05
36 0.0001774 0.000144 0.00014145 9.66e-05 0.0001725 0.00017575 0.00011695 0.0001514 0.0001295 0.00015775 0.00017145 0.00014065 0.00017745 7.235e-05 0.00010775 0.00011605 0.00015795 0.00016685 0.00015505 0.00014625 0.00016595 0.00015005 9.46e-05 0.00016225 0.0001709 0.00016685 0.00016195 0.00017535 0.00016435 0.0001332 0.00015325 0.0001619 0.00016395 0.0001756 0.0001495 0.000117 0.0001109 0.0001716 0.00014945 0.0001098 0.00016345 0.0001632 0.0001596 0.00017365 8.375e-05 0.0001362 0.00011705 0.00016885 0.00010765 5.55e-05 0.00010765 0.00017385 0.00017565 0.00017815 0.00016005 0.0001017 0.00016735 8.01e-05 0.0001684 0.0001101 0.00012445 0.00015505 0.00011005 0.00016885
37 0.00011025 0.0001763 0.0001457 0.0001461 8.485e-05 0.00010735 0.00012635 0.0001206 0.00018135 0.00016085 9.08e-05 0.00017425 0.0001302 0.0001683 0.0001759 0.00014555 0.0001004 0.0001237 0.00012955 0.00014665 0.00017775 0.00012475 0.00015575 0.0001302 0.0001253 0.00012375 0.00012265 0.0001563 7.735e-05 0.00012655 0.0001363 0.0001226 0.00015295 0.00010665 0.00015775 0.00012295 0.0001716 0.0001547 0.0001577 0.00013725 0.0001545 0.0001288 0.000138 0.00015375 0.0001503 0.00012825 0.0001262 0.00013625 0.0001789 0.00017165 0.00017325 0.00014035 0.0001067 0.0001265 0.00015335 0.0001779 0.00012645 0.0001755 0.0001344 0.000123 0.00015495 0.00012955 0.0001229 8.98e-05
38 0.0001359 0.0001775 0.0001603 0.00015535 0.0001586 0.00013215 0.00015445 0.00015525 0.00016365 0.00013005 0.0001485 0.00013465 0.00017555 0.00016775 0.00017535 0.00012015 0.0001602 0.00018205 0.0001137 0.0001627 0.0001732 0.0001446 0.00013385 0.00015845 0.00017775 0.00018205 0.00017955 0.00012685 0.0001352 0.00017415 0.00011235 0.0001795 0.00013555 0.000133 8.47e-05 0.0001745 0.00014945 0.0001577 0.0001693 0.0001716 0.0001789 0.0001539 0.00017915 0.00010265 0.0001752 0.00015385 0.0001546 0.00011155 0.0001553 0.0001495 0.0001254 0.0001727 0.00013305 0.00017425 0.00016055 0.00017405 0.0001516 0.00015955 0.0001187 0.00015265 0.0001575 0.0001137 0.0001526 0.00017595
39 0.00015335 0.00015935 0.000154 0.00011485 0.00014465 0.00014515 0.00012735 0.0001369 0.0001508 0.00016735 0.0001453 0.00016525 0.00014815 8.9e-05 0.00012205 0.00015735 0.0001322 0.0001387 0.00016185 0.0001555 0.00017035 0.00013865 0.0001374 0.00016135 0.0001415 0.0001387 0.0001371 0.00017875 0.00015835 0.00010575 0.00015505 0.00013705 0.00016835 0.000145 0.00017165 9.785e-05 0.0001098 0.00013725 0.0001716 0.0001604 0.000163 0.0001637 0.0001211 0.0001738 9.41e-05 0.0001353 0.00012745 0.0001688 0.0001515 0.00010985 0.0001331 0.00014115 0.00014505 0.000149 0.00016245 0.00012265 0.00014765 0.0001118 0.000156 0.0001197 0.0001307 0.00016185 0.00011965 0.00010135
40 0.00017485 0.00014 0.00018035 0.00017705 0.0001535 0.00017745 0.0001617 0.00017275 0.00011715 0.00014795 0.00015835 0.0001739 0.00016775 0.00017225 0.000109 0.0001685 0.00017485 0.00017235 0.00018745 0.00018315 0.00011275 0.00017145 0.0001636 9.73e-05 0.0001139 0.00017235 0.00016945 0.00018215 0.0001457 0.0001693 0.00017875 0.0001694 0.00018495 0.0001766 0.00017895 0.00016605 0.00016345 0.0001545 0.0001789 0.000163 9.93e-05 0.00012555 0.0001693 0.0001544 0.00016655 0.0001661 0.00016155 0.00018755 0.0001043 0.0001635 0.0001718 0.00016335 0.00017665 0.00016875 0.00018325 0.0001353 0.0001713 0.00017505 0.0001819 0.00015655 0.00018185 0.00018745 0.00015645 0.00016015
41 0.0001442 0.0001425 0.0001549 0.00015 0.00012955 0.000151 0.00016205 0.0001493 0.00015625 0.0001259 0.0001293 0.00017235 0.0001563 0.0001679 0.00014775 0.00014445 0.00014845 0.00016935 0.00013795 0.0001566 0.0001406 0.00014935 0.00016635 0.0001139 0.0001435 0.00016935 0.00016755 0.0001467 9.685e-05 0.000166 0.00015515 0.0001675 0.00015885 0.00015065 0.00015395 0.00016255 0.0001632 0.0001288 0.0001539 0.0001637 0.00012555 0.0001928 0.0001705 0.0001521 0.00015435 0.0001676 0.00016195 0.00014175 0.000147 0.00016325 0.00016955 0.00015945 0.0001507 0.0001569 0.0001604 0.0001387 0.0001408 0.0001738 0.0001426 0.0001302 0.0001608 0.00013795 0.0001301 0.00016195
42 0.00015755 0.00014695 0.0001209 0.0001434 0.0001398 0.0001495 0.00013605 0.0001208 0.0001764 0.00018185 0.00014885 0.0001273 0.00014505 0.0001634 0.00016825 0.00016945 0.00011965 9.755e-05 0.00015525 0.0001038 0.00017395 0.00013195 0.0001477 0.0001692 0.00014435 9.755e-05 0.00011455 0.0001803 0.000162 0.00014075 0.0001606 0.0001145 0.00013315 0.00014895 0.0001792 0.00013695 0.0001596 0.000138 0.00017915 0.0001211 0.0001693 0.0001705 0.0001634 0.00018445 0.0001483 0.00012545 0.00013615 0.00017965 0.0001673 0.00015965 0.0001696 0.0001354 0.000149 0.0001442 0.0001282 0.0001706 0.0001467 0.0001701 0.0001627 0.00016155 0.0001713 0.00015525 0.0001615 0.00010505
43 0.0001253 0.00018505 0.00016545 0.0001566 0.0001573 0.0001085 0.0001783 0.00016335 0.00017125 0.00010975 0.0001523 0.0001797 0.0001829 0.00016675 0.0001662 0.0001257 0.0001611 0.00018545 9.005e-05 0.00016705 0.0001715 0.00014285 0.00017835 0.00014505 0.0001708 0.00018545 0.00018375 0.0001108 0.0001278 0.0001726 0.0001084 0.0001837 0.0001144 0.0001084 0.0001027 0.0001748 0.00017365 0.00015375 0.00010265 0.0001738 0.0001544 0.0001521 0.00018445 7.48e-05 0.00017335 0.00018015 0.00017845 8.73e-05 0.0001697 0.0001737 0.0001657 0.00018095 0.00010845 0.0001818 0.0001643 0.0001775 0.00016485 0.00017675 0.0001081 0.00014905 0.00015565 9.005e-05 0.000149 0.0001771
44 0.00016135 0.0001472 0.00014445 9.485e-05 0.00015775 0.00015635 0.0001285 0.0001497 0.00014505 0.00015945 0.0001535 0.0001676 0.0001503 6.315e-05 0.0001078 0.0001476 0.0001395 0.0001486 0.00015655 0.00014895 0.0001636 0.00014875 0.00014315 0.00016375 0.000154 0.0001486 0.000144 0.0001701 0.00016125 0.0001053 0.00017085 0.00014395 0.0001657 0.0001562 0.00017525 9.43e-05 8.375e-05 0.0001503 0.0001752 9.41e-05 0.00016655 0.00015435 0.0001483 0.00017335 9.9e-05 0.00014275 0.0001286 0.0001689 0.00014195 8.38e-05 0.00012685 0.0001556 0.00015625 0.00015295 0.0001613 0.00010005 0.00015745 8.955e-05 0.0001576 0.0001056 0.00011935 0.00015655 0.00010555 0.00013665
45 0.0001478 0.00014935 0.0001331 0.0001461 0.00013405 0.00013615 0.0001018 0.00012575 0.0001579 0.00017345 0.0001391 0.00013285 0.0001342 0.00016235 0.00016455 0.0001482 0.0001115 0.0001152 0.00015665 0.00013605 0.0001703 0.00013185 0.0001082 0.00016765 0.0001296 0.0001152 0.00011215 0.000178 0.00016525 0.00012985 0.00014215 0.0001121 0.00016035 0.00013575 0.0001539 0.00012505 0.0001362 0.00012825 0.00015385 0.0001353 0.0001661 0.0001676 0.00012545 0.00018015 0.00014275 0.0001809 0.0001019 0.0001763 0.00014125 0.00013625 0.0001456 0.00014095 0.0001358 0.00013235 0.0001557 0.0001635 0.0001449 0.00015425 0.0001583 0.00016265 0.00016925 0.00015665 0.0001626 0.00010025
46 0.0001445 0.0001546 0.00015415 0.00014855 0.000132 0.0001357 9.105e-05 0.0001364 0.0001522 0.0001674 0.0001354 0.0001449 0.0001371 0.0001515 0.00015415 0.00013525 0.00012215 0.0001259 0.00016625 0.0001571 0.00017055 0.00013775 9.69e-05 0.0001631 0.00012745 0.00012585 0.00012285 0.00017995 0.00016065 0.0001272 0.00014105 0.0001228 0.00016995 0.00013495 0.00015465 0.00011715 0.00011705 0.0001262 0.0001546 0.00012745 0.00016155 0.00016195 0.00013615 0.00017845 0.0001286 0.0001019 0.0001816 0.0001745 0.0001278 0.0001171 0.0001443 0.00014385 0.000135 0.0001352 0.00016535 0.0001503 0.0001478 0.000143 0.0001563 0.0001524 0.0001651 0.00016625 0.00015235 0.00010055
47 0.00012255 0.00018565 0.00014325 0.000133 0.00013875 0.00011275 0.00017435 0.00013935 0.00018285 0.00012025 0.00013605 0.0001775 0.0001767 0.0001606 0.00017485 0.00012395 0.00013835 0.0001786 7.735e-05 0.00014365 0.0001803 0.00013025 0.0001757 0.00014325 0.00017325 0.0001786 0.0001781 0.00011295 9.89e-05 0.0001694 0.00011355 0.00017805 0.0001176 0.00011225 0.0001116 0.00016775 0.00016885 0.00013625 0.00011155 0.0001688 0.00018755 0.00014175 0.00017965 8.73e-05 0.0001689 0.0001763 0.0001745 0.0001026 0.00018145 0.0001689 0.00016505 0.0001772 0.0001123 0.0001735 0.0001176 0.00017535 0.00013825 0.0001704 0.0001123 0.0001307 0.00010775 7.735e-05 0.00013065 0.0001724
48 0.0001847 0.00013045 0.00016445 0.0001524 0.00017805 0.0001828 0.00012795 0.0001658 0.0001106 0.00014465 0.00017855 0.00014485 0.0001761 0.00014895 0.0001078 0.00013635 0.0001723 0.00017225 0.0001778 0.00016805 0.00012925 0.000163 0.0001064 0.00013015 0.00013225 0.00017225 0.00016855 0.0001832 0.0001813 0.00016825 0.00016065 0.0001685 0.00017775 0.00018195 0.00015535 0.0001564 0.00010765 0.0001789 0.0001553 0.0001515 0.0001043 0.000147 0.0001673 0.0001697 0.00014195 0.00014125 0.0001278 0.00018145 0.000158 0.0001077 0.0001416 0.0001708 0.000182 0.0001769 0.0001717 0.0001171 0.00017315 0.0001381 0.00017905 0.00015885 0.0001669 0.0001778 0.0001588 0.0001714
49 0.00017745 0.00014405 0.0001415 9.665e-05 0.00017255 0.0001758 0.000117 0.00015145 0.00012955 0.0001578 0.0001715 0.0001407 0.0001775 7.24e-05 0.0001078 0.0001161 0.000158 0.0001669 0.0001551 0.0001463 0.000166 0.0001501 9.465e-05 0.0001623 0.00017095 0.0001669 0.000162 0.0001754 0.0001644 0.00013325 0.0001533 0.00016195 0.000164 0.00017565 0.00014955 0.00011705 5.55e-05 0.00017165 0.0001495 0.00010985 0.0001635 0.00016325 0.00015965 0.0001737 8.38e-05 0.00013625 0.0001171 0.0001689 0.0001077 0.000111 0.0001077 0.0001739 0.0001757 0.0001782 0.0001601 0.00010175 0.0001674 8.015e-05 0.00016845 0.00011015 0.0001245 0.0001551 0.0001101 0.0001689
50 0.00016655 0.0001687 0.0001631 0.00013155 0.00017415 0.00017045 0.00014415 0.0001614 0.00014215 0.00016715 0.0001646 0.0001319 0.0001729 9.53e-05 0.00013775 0.0001426 0.00016795 0.00017685 0.0001624 0.0001679 0.00016915 0.00016055 0.00011675 0.0001706 0.00017595 0.00017685 0.00017195 0.00016715 0.0001696 0.0001312 0.00014385 0.0001719 0.0001713 0.0001713 0.00012545 0.0001403 0.00010765 0.00017325 0.0001254 0.0001331 0.0001718 0.00016955 0.0001696 0.0001657 0.00012685 0.0001456 0.0001443 0.00016505 0.0001416 0.0001077 0.0001738 0.0001693 0.00017135 0.0001736 0.00017055 0.00013865 0.0001628 0.00010995 0.00015705 0.0001367 0.0001375 0.0001624 0.00013665 0.0001672
51 0.00015905 0.00015985 0.0001657 0.00017075 0.00014395 0.0001504 0.00014375 0.0001462 0.00015695 0.00016935 0.00015025 0.00016245 0.00010185 0.000177 0.0001729 0.0001773 0.00014045 0.00014005 0.000175 0.0001648 0.00012895 0.00015125 0.00015415 0.00016735 0.0001458 0.00014005 0.00014085 0.000139 0.0001645 0.0001445 0.0001606 0.0001408 0.0001746 0.0001502 0.00017275 0.0001458 0.00017385 0.00014035 0.0001727 0.00014115 0.00016335 0.00015945 0.0001354 0.00018095 0.0001556 0.00014095 0.00014385 0.0001772 0.0001708 0.0001739 0.0001693 0.0001858 0.00015025 0.0001043 0.000167 0.000167 0.0001099 0.00016235 0.00014795 0.00017045 0.00016705 0.000175 0.0001704 0.00011045
52 0.00010665 0.00018115 0.00015645 0.00015365 0.0001141 9.13e-05 0.0001351 0.0001329 0.00018415 0.00013865 0.00011485 0.00017665 0.00014015 0.0001702 0.00017795 0.0001434 0.00011265 0.0001348 0.00011265 0.0001574 0.0001822 0.0001249 0.00016285 0.0001537 0.0001322 0.00013475 0.00013375 0.00013755 0.00012255 0.0001333 0.0001179 0.0001337 0.0001347 8.995e-05 0.0001331 0.00013085 0.00017565 0.0001067 0.00013305 0.00014505 0.00017665 0.0001507 0.000149 0.00010845 0.00015625 0.0001358 0.000135 0.0001123 0.000182 0.0001757 0.00017135 0.00015025 0.0001799 0.0001363 0.00015705 0.00017925 0.00013635 0.00017895 0.0001162 0.0001474 0.00015575 0.00011265 0.00014735 0.00010245
53 0.0001452 0.0001612 0.0001634 0.0001698 0.0001301 0.00013655 0.0001351 0.00014385 0.00016305 0.0001693 0.0001364 0.0001677 9.155e-05 0.0001788 0.0001765 0.00017885 0.0001265 0.0001299 0.0001713 0.0001648 0.00013095 0.00014895 0.00016095 0.0001682 0.0001327 0.00012985 0.0001284 0.00013645 0.0001608 0.0001358 0.00016215 0.00012835 0.0001746 0.0001363 0.0001743 0.0001347 0.00017815 0.0001265 0.00017425 0.000149 0.00016875 0.0001569 0.0001442 0.0001818 0.00015295 0.00013235 0.0001352 0.0001735 0.0001769 0.0001782 0.0001736 0.0001043 0.0001363 0.000183 0.000167 0.0001697 0.00010735 0.00016665 0.0001454 0.0001695 0.0001661 0.0001713 0.00016945 0.00010565
54 0.00015925 0.00015285 0.0001074 0.00012605 0.00015025 0.00015675 0.000165 0.0001269 0.00018005 0.0001641 0.00015585 0.00013365 0.0001699 0.00016145 0.0001705 0.0001529 0.00013105 0.00012975 0.0001189 9.16e-05 0.00017295 0.000137 0.0001674 0.00015975 0.00017055 0.00012975 0.00014545 0.00015455 0.0001373 0.0001696 0.00015915 0.0001454 0.0001176 0.000157 0.0001606 0.000164 0.00016005 0.00015335 0.00016055 0.00016245 0.00018325 0.0001604 0.0001282 0.0001643 0.0001613 0.0001557 0.00016535 0.0001176 0.0001717 0.0001601 0.00017055 0.000167 0.00015705 0.000167 0.0001806 0.0001717 0.00014745 0.0001688 0.00015765 0.00014815 0.0001266 0.0001189 0.0001481 0.0001679
55 0.00018095 0.00012155 0.00016325 0.0001209 0.00017865 0.0001795 0.0001502 0.00016595 0.0001264 0.00013095 0.00017655 0.00017025 0.0001686 9.55e-05 9.455e-05 0.00015645 0.00016925 0.0001756 0.00017235 0.0001687 0.0001364 0.0001636 0.0001472 0.00014475 0.00014495 0.0001756 0.00017005 0.00017305 0.00017935 0.00014295 0.0001762 0.00017 0.0001787 0.0001792 0.0001741 0.0001276 0.0001017 0.0001779 0.00017405 0.00012265 0.0001353 0.0001387 0.0001706 0.0001775 0.00010005 0.0001635 0.0001503 0.00017535 0.0001171 0.00010175 0.00013865 0.000167 0.00017925 0.0001697 0.0001717 0.0001581 0.0001645 0.0001111 0.00016975 0.0001294 0.0001382 0.00017235 0.00012935 0.00016835
56 0.00014515 0.0001604 0.0001444 0.0001464 0.0001254 0.0001365 0.0001477 0.0001249 0.00016005 0.00015225 0.00013635 0.00016075 0.00010675 0.00016725 0.000172 0.0001562 0.00012655 0.00014555 0.00013605 0.00014525 0.0001304 0.00012995 0.0001509 0.00015185 0.00014945 0.00014555 0.0001446 0.00011695 0.00012555 0.00014705 0.0001395 0.00014455 0.00015505 0.0001363 0.00015165 0.0001465 0.00016735 0.00012645 0.0001516 0.00014765 0.0001713 0.0001408 0.0001467 0.00016485 0.00015745 0.0001449 0.0001478 0.00013825 0.00017315 0.0001674 0.0001628 0.0001099 0.00013635 0.00010735 0.00014745 0.0001645 0.0001757 0.0001566 0.00012725 0.0001461 0.0001427 0.00013605 0.00014605 0.0001276
57 0.0001814 0.000161 0.00015825 0.000105 0.00017805 0.00017855 0.00014265 0.0001627 0.00011055 0.0001671 0.00017605 0.00015845 0.00016595 6.605e-05 0.0001143 0.000142 0.0001676 0.00017735 0.0001647 0.0001631 0.00015815 0.0001618 0.0001225 0.00017065 0.0001787 0.00017735 0.0001724 0.00016335 0.0001691 0.0001282 0.0001585 0.00017235 0.00017445 0.0001789 0.0001596 0.00011905 8.01e-05 0.0001755 0.00015955 0.0001118 0.00017505 0.0001738 0.0001701 0.00017675 8.955e-05 0.00015425 0.000143 0.0001704 0.0001381 8.015e-05 0.00010995 0.00016235 0.00017895 0.00016665 0.0001688 0.0001111 0.0001566 0.0001123 0.000171 0.0001127 0.00011055 0.0001647 0.00011265 0.00017215
