 slim_761938633 slim_761938629 slim_761938637 slim_761938654 slim_761938642 slim_761938643 slim_761938636 slim_761938614 slim_761938646 slim_761938627 slim_761938649 slim_761938656 slim_761938611 slim_761938663 slim_761938658 slim_761938621 slim_761938626 slim_761938641 slim_761938639 slim_761938632 slim_761938651 slim_761938653 slim_761938630 slim_761938635 slim_761938638 slim_761938617 slim_761938623 slim_761938659 slim_761938620 slim_761938664 slim_761938634 slim_761938662 slim_761938657 slim_761938631 slim_761938647 slim_761938613 slim_761938652 slim_761938661 slim_761938655 slim_761938644 slim_761938616 slim_761938624 slim_761938640 slim_761938622 slim_761938625 slim_761938648 slim_761938628 slim_761938650 slim_761938615 slim_761938612 slim_761938618 slim_761938660 slim_761938619 slim_761938645
0 0.0001685 0.0001644 0.0001455 0.00015385 0.0001528 0.00014685 0.0001464 0.00012185 0.0001351 0.00012245 0.00011855 0.0001419 0.00015625 0.00011915 0.0001385 0.000158 0.00011205 0.0001218 0.0001496 0.0001517 0.00010655 0.00012865 0.00015765 0.00011965 0.0001419 0.0001573 0.00012885 0.0001026 0.00014315 0.0001559 0.0001291 0.00015275 0.0001645 0.00014905 0.00012955 0.00011125 0.0001517 0.0001322 0.0001096 0.0001403 0.00015795 0.00015235 0.0001334 0.00016125 0.00014255 0.000155 0.0001486 0.000122 0.0001357 0.00016705 0.00015505 0.0001096 0.0001335 0.0001213
1 0.0001644 0.0001458 0.00015 0.0001585 0.0001179 0.00016035 0.00012095 0.0001582 0.00015935 0.0001331 0.0001676 0.0001142 0.0001554 0.000147 0.0001671 0.0001563 0.0001256 0.00015815 0.00016265 0.00016425 0.00014755 0.00011305 0.0001181 0.00015485 0.0001584 0.0001599 0.0001248 0.0001602 0.0001646 0.00015945 0.0001672 0.0001611 0.0001199 0.0001583 0.0001489 0.00016585 0.00015685 0.0001606 0.0001623 0.0001659 0.0001459 0.0001596 0.00011435 0.0001177 0.0001197 0.0001447 0.0001379 0.00015485 0.00013995 0.0001583 0.0001565 0.0001623 0.00014835 0.0001707
2 0.0001455 0.00015 0.0001759 0.0001589 0.00016535 0.0001528 0.0001323 0.00016525 0.0001593 0.00014555 0.00013445 0.0001457 0.00016985 0.000171 0.0001478 0.00015705 0.00017 0.0001652 0.0001647 0.00016725 0.0001307 0.00015165 0.00016365 0.00015965 0.00015465 0.0001559 0.00015095 0.00014655 0.00016345 0.0001265 0.00015485 0.00015895 0.00015285 0.0001655 0.0001667 0.0001492 0.0001563 0.0001634 0.00014855 0.0001676 0.00012555 0.0001575 0.0001616 0.0001494 0.00016805 0.00016975 0.0001697 0.00016175 0.0001665 8.795e-05 0.00015025 0.00014855 0.00016085 0.00014695
3 0.00015385 0.0001585 0.0001589 0.0001501 0.00014125 0.00011885 0.0001573 0.0001585 0.0001585 0.0001581 0.0001562 0.0001559 0.0001413 0.0001423 0.00011675 0.00012965 0.00015695 0.00015845 0.0001251 0.0001001 0.00015505 0.0001559 0.00016115 0.00012115 0.0001009 0.00012775 0.00014355 0.00015425 0.0001508 0.0001415 0.0001138 0.0001096 0.00011835 0.0001385 0.0001535 0.0001478 0.0001 0.00011345 0.000155 0.0001058 0.000161 0.00010775 0.0001547 0.0001424 0.0001448 0.0001599 0.0001572 0.00012255 0.00015465 0.00016265 9.035e-05 0.000155 0.00015125 0.0001163
4 0.0001528 0.0001179 0.00016535 0.00014125 0.0001627 0.0001386 0.00015675 0.00015645 0.00016085 0.00013225 0.0001575 0.00015425 0.0001537 0.00014035 0.0001618 0.00013535 0.0001251 0.0001564 8.14e-05 0.0001223 0.0001583 0.00014985 0.00012455 0.0001271 0.0001172 0.00013835 0.00014895 0.0001514 0.00016405 0.00015325 0.00015425 0.0001021 0.0001602 0.00011925 0.00014755 0.0001524 0.0001004 0.0001585 0.0001522 0.00016175 0.0001512 9.515e-05 0.00011775 0.0001179 0.00012 0.00014325 0.0001417 0.00012735 0.0001396 0.00016005 0.00010895 0.0001522 0.0001509 0.00016295
5 0.00014685 0.00016035 0.0001528 0.00011885 0.0001386 0.0001706 0.0001478 0.00013885 0.00012845 0.0001511 0.00014425 0.00014105 0.00015625 0.0001525 0.00014805 0.00011395 0.0001525 0.0001388 0.00011435 0.00013325 0.0001496 0.00015145 0.0001478 0.00011505 9.72e-05 0.0001092 0.0001494 0.00014345 0.00014475 0.00014845 0.0001449 0.0001105 0.000156 0.00013835 0.00014185 0.00012625 9.99e-05 0.000138 0.00013185 0.00015435 0.0001422 9.99e-05 0.00014345 0.00013615 0.0001568 0.00015585 0.0001445 0.00011695 0.00014105 0.0001551 8.535e-05 0.00013185 0.0001221 0.0001524
6 0.0001464 0.00012095 0.0001323 0.0001573 0.00015675 0.0001478 0.0001774 0.00016105 0.0001369 0.0001311 0.0001149 9.98e-05 0.00016605 0.00016375 0.00013005 0.00015795 0.00015905 0.000161 0.00016005 0.00016305 0.00014605 0.00012395 0.0001581 0.00015705 0.0001571 0.00015895 0.00013625 0.0001263 0.0001489 0.00014795 0.0001454 0.0001584 0.00012765 0.00015475 0.0001372 0.0001186 0.00015425 0.0001384 0.00011665 0.00015045 0.0001445 0.0001575 0.0001322 0.0001243 0.000162 0.00016495 0.00015935 0.000158 0.00014415 0.0001338 0.0001549 0.00011665 0.00013385 0.0001487
7 0.00012185 0.0001582 0.00016525 0.0001585 0.00015645 0.00013885 0.00016105 0.0001564 0.0001147 0.00014505 0.0001359 0.00015555 0.00015275 0.000117 0.0001623 0.0001225 0.00010525 7.82e-05 0.00015625 0.0001591 0.0001249 0.0001191 0.0001174 0.0001179 0.0001393 0.000118 0.0001191 0.0001199 0.00012235 0.00015375 0.00016375 0.0001578 0.00016145 0.00015695 0.00014525 0.0001617 0.0001556 0.00015645 0.00015675 0.00016415 0.00012625 0.00015695 0.0001539 0.00015805 0.00013915 0.00014735 0.0001138 0.0001205 0.0001442 0.0001643 0.0001576 0.00015675 0.00012305 0.00016525
8 0.0001351 0.00015935 0.0001593 0.0001585 0.00016085 0.00012845 0.0001369 0.0001147 0.0001729 0.00013445 0.00013205 0.0001241 0.00016005 0.0001529 0.0001392 0.0001276 0.00014805 0.00011465 0.0001645 0.0001628 0.0001509 0.0001523 0.0001218 0.00015315 0.00015855 0.00012505 0.00015075 0.00012955 0.00010925 0.0001568 0.00014245 0.00016485 0.0001619 0.0001565 0.0001218 0.0001086 0.00016015 0.00012375 0.00010385 0.0001465 0.00013185 0.000164 0.00012185 0.00016305 0.0001555 0.000158 0.00012905 0.0001546 0.0001294 0.00016275 0.00016345 0.0001039 9.72e-05 0.00014375
9 0.00012245 0.0001331 0.00014555 0.0001581 0.00013225 0.0001511 0.0001311 0.00014505 0.00013445 0.0001652 0.0001052 0.00013355 0.00016225 0.00014175 0.0001284 0.0001623 0.0001032 0.000145 0.00016045 0.0001609 0.0001392 0.00014415 0.00013405 0.00014495 0.00014995 0.00016405 0.0001444 0.00011015 0.0001456 0.00014875 0.00013405 0.00016155 0.0001624 0.0001547 0.0001266 0.0001099 0.0001576 0.000133 0.0001039 0.0001442 0.00013475 0.0001622 0.0001044 0.0001613 0.00012125 0.0001554 0.0001405 0.00014395 0.0001329 0.0001369 0.0001639 0.0001039 0.00012285 0.0001391
10 0.00011855 0.0001676 0.00013445 0.0001562 0.0001575 0.00014425 0.0001149 0.0001359 0.00013205 0.0001052 0.0001023 0.000138 0.00016425 0.0001315 0.00010745 0.0001594 0.00012305 0.00013585 0.0001543 0.0001587 0.00013585 0.00014185 0.0001617 0.00013415 0.00014215 0.00016115 0.000142 8.005e-05 0.0001473 0.00013075 0.00013975 0.0001567 0.00016925 0.0001531 0.0001335 0.0001099 0.00015175 0.0001321 0.0001045 0.0001474 0.00012875 0.00015685 0.000131 0.00016445 0.0001479 0.00016795 0.00015945 0.00013315 0.0001398 0.00010435 0.00015935 0.0001045 0.0001283 0.0001446
11 0.0001419 0.0001142 0.0001457 0.0001559 0.00015425 0.00014105 9.98e-05 0.00015555 0.0001241 0.00013355 0.000138 0.0001714 0.0001629 0.0001565 0.00014065 0.0001605 0.0001485 0.0001555 0.00016555 0.0001636 0.00014155 0.00011715 0.00015265 0.0001545 0.00016065 0.0001615 0.0001288 0.00013355 0.00014665 0.0001586 0.0001441 0.0001633 0.0001242 0.00015555 0.00011965 0.00011 0.0001578 0.00012365 0.00010495 0.0001462 0.000153 0.000163 0.00011435 0.00012555 0.0001548 0.0001571 0.0001503 0.00015545 0.00012665 0.000159 0.0001604 0.000105 0.00012025 0.0001473
12 0.00015625 0.0001554 0.00016985 0.0001413 0.0001537 0.00015625 0.00016605 0.00015275 0.00016005 0.00016225 0.00016425 0.0001629 0.0001379 0.00013295 0.0001475 0.0001609 0.00015235 0.0001527 0.0001604 0.0001442 0.0001606 0.0001556 0.0001526 0.0001541 0.0001622 0.00015975 0.0001422 0.00015835 0.00014665 0.0001391 0.00014975 0.00016405 0.0001447 0.0001232 0.00015755 0.00016605 0.00015745 0.0001448 0.00016645 0.00013145 0.00016045 0.00016075 0.0001544 0.00016215 0.00013555 0.0001434 0.00015275 0.00015555 0.0001537 0.00016875 0.00016105 0.00016645 0.0001564 0.00014925
13 0.00011915 0.000147 0.000171 0.0001423 0.00014035 0.0001525 0.00016375 0.000117 0.0001529 0.00014175 0.0001315 0.0001565 0.00013295 0.0001332 0.000146 0.0001569 9.52e-05 0.00011695 0.00015685 0.0001446 0.00011935 0.0001206 0.00014345 0.000115 0.00014235 0.00016125 0.00011025 0.00011575 0.000154 0.0001309 0.0001482 0.0001597 0.0001508 0.0001529 0.00014075 0.0001555 0.0001545 0.0001374 0.00015175 0.00013855 0.0001576 0.00015805 0.00013325 0.00016355 9.53e-05 0.000147 0.0001419 0.000113 0.0001312 0.0001703 0.0001592 0.00015175 0.00014595 0.00015025
14 0.0001385 0.0001671 0.0001478 0.00011675 0.0001618 0.00014805 0.00013005 0.0001623 0.0001392 0.0001284 0.00010745 0.00014065 0.0001475 0.000146 0.0001676 0.00016295 0.00015935 0.00016225 0.00016245 0.000124 0.00015585 0.00016375 0.0001657 0.0001551 0.0001573 0.00016325 0.0001525 0.000119 0.00013765 0.0001361 0.0001005 0.00015545 0.00012855 0.00015355 0.00013585 0.0001109 0.00015515 9.67e-05 0.00011015 9.52e-05 0.0001524 0.00015925 0.0001346 0.0001678 0.00014935 0.0001682 0.00016405 0.00015615 0.0001453 0.0001404 0.000156 0.00011015 0.0001354 0.00010245
15 0.000158 0.0001563 0.00015705 0.00012965 0.00013535 0.00011395 0.00015795 0.0001225 0.0001276 0.0001623 0.0001594 0.0001605 0.0001609 0.0001569 0.00016295 0.0001605 0.0001608 0.00012245 0.0001093 0.0001362 0.0001566 0.0001554 0.00012345 0.00011985 9.975e-05 8.3e-05 0.000154 0.00015995 0.00012495 0.0001546 0.00015565 0.00010435 0.00015835 0.0001348 0.0001665 0.0001578 0.0001027 0.00016625 0.0001596 0.00016365 0.0001378 9.485e-05 0.0001655 0.0001303 0.00015775 0.00015955 0.00013885 0.00012025 0.0001631 0.00016135 8.035e-05 0.0001596 0.00014085 0.0001607
16 0.00011205 0.0001256 0.00017 0.00015695 0.0001251 0.0001525 0.00015905 0.00010525 0.00014805 0.0001032 0.00012305 0.0001485 0.00015235 9.52e-05 0.00015935 0.0001608 9.05e-05 0.0001052 0.0001586 0.0001577 0.0001125 0.0001057 0.0001252 0.00010835 0.0001365 0.000162 0.0001062 0.0001059 0.00016245 0.00015535 0.00016055 0.0001606 0.0001591 0.00015625 0.0001295 0.0001579 0.0001578 0.00014695 0.00015095 0.0001614 0.00013775 0.00016185 0.0001144 0.0001591 9.53e-05 0.00013875 0.0001183 0.00010525 0.0001263 0.00016065 0.00016505 0.00015095 0.0001332 0.0001657
17 0.0001218 0.00015815 0.0001652 0.00015845 0.0001564 0.0001388 0.000161 7.82e-05 0.00011465 0.000145 0.00013585 0.0001555 0.0001527 0.00011695 0.00016225 0.00012245 0.0001052 0.0001563 0.0001562 0.00015905 0.00012485 0.00011905 0.00011735 0.00011785 0.00013925 0.00011795 0.00011905 0.00011985 0.0001223 0.0001537 0.0001637 0.00015775 0.0001614 0.0001569 0.0001452 0.00016165 0.00015555 0.0001564 0.0001567 0.0001641 0.0001262 0.0001569 0.00015385 0.000158 0.0001391 0.0001473 0.00011375 0.00012045 0.00014415 0.00016425 0.00015755 0.0001567 0.000123 0.0001652
18 0.0001496 0.00016265 0.0001647 0.0001251 8.14e-05 0.00011435 0.00016005 0.00015625 0.0001645 0.00016045 0.0001543 0.00016555 0.0001604 0.00015685 0.00016245 0.0001093 0.0001586 0.0001562 3e-07 8.335e-05 0.0001602 0.0001573 0.00016165 0.00010325 7.39e-05 0.0001078 0.00015645 0.000153 0.00015875 0.0001504 0.0001477 4.01e-05 0.0001667 8.295e-05 0.0001612 0.00014675 4.195e-05 0.0001673 0.0001516 0.0001616 0.0001638 2.745e-05 0.0001655 8.15e-05 0.0001612 0.0001538 0.000159 0.00010465 0.0001612 0.00016375 5.475e-05 0.0001516 0.00016425 0.00015985
19 0.0001517 0.00016425 0.00016725 0.0001001 0.0001223 0.00013325 0.00016305 0.0001591 0.0001628 0.0001609 0.0001587 0.0001636 0.0001442 0.0001446 0.000124 0.0001362 0.0001577 0.00015905 8.335e-05 0.0001665 0.00015755 0.0001599 0.0001635 0.0001277 0.0001162 0.0001346 0.00014725 0.0001564 0.0001513 0.00014765 0.0001133 9.66e-05 0.00012745 0.00012045 0.00015775 0.0001498 0.0001001 0.0001214 0.0001543 0.00010995 0.00016995 9.33e-05 0.00016045 0.0001254 0.00014795 0.00015995 0.00016075 0.0001289 0.0001593 0.00017425 0.00010315 0.0001543 0.00016095 0.0001185
20 0.00010655 0.00014755 0.0001307 0.00015505 0.0001583 0.0001496 0.00014605 0.0001249 0.0001509 0.0001392 0.00013585 0.00014155 0.0001606 0.00011935 0.00015585 0.0001566 0.0001125 0.00012485 0.0001602 0.00015755 0.0001795 0.00011555 0.00015695 0.00012425 0.000146 0.00015705 0.00011575 0.00012335 0.00015895 0.0001601 0.00014645 0.00015885 0.000148 0.000161 0.00014615 0.00014475 0.00015765 0.00014945 0.0001431 0.00015755 0.00015935 0.0001583 0.0001503 0.0001495 0.0001422 0.000154 0.0001476 0.00012305 0.00014355 0.00017165 0.00015635 0.0001431 0.0001493 0.00013865
21 0.00012865 0.00011305 0.00015165 0.0001559 0.00014985 0.00015145 0.00012395 0.0001191 0.0001523 0.00014415 0.00014185 0.00011715 0.0001556 0.0001206 0.00016375 0.0001554 0.0001057 0.00011905 0.0001573 0.0001599 0.00011555 0.0001679 0.00014825 0.00011925 0.0001414 0.00015445 9.715e-05 0.0001239 0.00015975 0.00015555 0.0001654 0.00015625 0.00012375 0.000156 0.0001431 0.0001631 0.00015325 0.00015635 0.00015785 0.00016385 0.0001474 0.00015595 0.0001464 0.00012055 0.00013845 0.00014645 0.00013505 0.00012135 0.00014145 0.00016055 0.00015455 0.00015785 0.0001461 0.0001688
22 0.00015765 0.0001181 0.00016365 0.00016115 0.00012455 0.0001478 0.0001581 0.0001174 0.0001218 0.00013405 0.0001617 0.00015265 0.0001526 0.00014345 0.0001657 0.00012345 0.0001252 0.00011735 0.00016165 0.0001635 0.00015695 0.00014825 0.0001744 0.00015355 0.00015635 0.00012345 0.0001468 0.00015625 0.0001272 0.0001577 0.0001656 0.0001627 0.00015765 0.0001593 0.0001511 0.0001645 0.00015925 0.00016075 0.00016125 0.00016625 0.0001248 0.00016065 0.0001219 0.00015525 0.00012045 0.00014565 0.0001167 0.00015405 0.00014275 0.0001621 0.0001596 0.00016125 0.00012535 0.0001672
23 0.00011965 0.00015485 0.00015965 0.00012115 0.0001271 0.00011505 0.00015705 0.0001179 0.00015315 0.00014495 0.00013415 0.0001545 0.0001541 0.000115 0.0001551 0.00011985 0.00010835 0.00011785 0.00010325 0.0001277 0.00012425 0.00011925 0.00015355 0.000159 8.48e-05 0.000118 0.0001198 0.0001173 0.0001594 0.0001471 0.0001491 9.885e-05 0.000157 0.000129 0.0001438 0.00015065 9.665e-05 0.000151 0.00014875 0.0001573 0.00014815 9.145e-05 0.0001505 0.00013105 0.00013905 0.0001471 0.00013915 8.21e-05 0.00014275 0.0001556 7.955e-05 0.00014875 0.000148 0.0001577
24 0.0001419 0.0001584 0.00015465 0.0001009 0.0001172 9.72e-05 0.0001571 0.0001393 0.00015855 0.00014995 0.00014215 0.00016065 0.0001622 0.00014235 0.0001573 9.975e-05 0.0001365 0.00013925 7.39e-05 0.0001162 0.000146 0.0001414 0.00015635 8.48e-05 8.65e-05 9.79e-05 0.00014085 0.00014025 0.00015745 0.0001477 0.00015025 6.79e-05 0.0001584 0.00011795 0.0001605 0.00014885 5.855e-05 0.00016155 0.0001564 0.0001605 0.00014945 5.865e-05 0.00016265 0.00011515 0.0001478 0.0001563 0.00015315 8.735e-05 0.00015945 0.00014885 4.335e-05 0.0001564 0.0001529 0.00015975
25 0.0001573 0.0001599 0.0001559 0.00012775 0.00013835 0.0001092 0.00015895 0.000118 0.00012505 0.00016405 0.00016115 0.0001615 0.00015975 0.00016125 0.00016325 8.3e-05 0.000162 0.00011795 0.0001078 0.0001346 0.00015705 0.00015445 0.00012345 0.000118 9.79e-05 0.0001563 0.00015305 0.0001603 0.00012235 0.00015285 0.00015595 0.00010255 0.00015735 0.0001352 0.00016705 0.0001601 0.0001009 0.00016655 0.0001619 0.00016395 0.0001331 9.305e-05 0.0001704 0.0001294 0.0001621 0.00015855 0.00013455 0.0001198 0.00016625 0.00015935 7.825e-05 0.0001619 0.0001383 0.000161
26 0.00012885 0.0001248 0.00015095 0.00014355 0.00014895 0.0001494 0.00013625 0.0001191 0.00015075 0.0001444 0.000142 0.0001288 0.0001422 0.00011025 0.0001525 0.000154 0.0001062 0.00011905 0.00015645 0.00014725 0.00011575 9.715e-05 0.0001468 0.0001198 0.00014085 0.00015305 0.0001718 0.00012495 0.00014905 0.0001443 0.0001542 0.0001566 0.00012465 0.0001537 0.0001435 0.0001625 0.0001527 0.00014355 0.0001583 0.0001419 0.000147 0.0001551 0.00014535 0.00013235 0.00012665 0.0001469 0.00013555 0.0001219 0.00014185 0.0001607 0.0001537 0.0001583 0.000144 0.0001558
27 0.0001026 0.0001602 0.00014655 0.00015425 0.0001514 0.00014345 0.0001263 0.0001199 0.00012955 0.00011015 8.005e-05 0.00013355 0.00015835 0.00011575 0.000119 0.00015995 0.0001059 0.00011985 0.000153 0.0001564 0.00012335 0.0001239 0.00015625 0.0001173 0.00014025 0.0001603 0.00012495 0.0001539 0.0001463 0.00013845 0.0001382 0.0001547 0.0001659 0.00014855 0.00011885 0.0001105 0.0001508 0.00012795 0.00010285 0.00014475 0.0001344 0.00015535 0.00012305 0.00016185 0.0001406 0.000153 0.00014115 0.0001195 0.0001261 0.00012795 0.00015765 0.00010285 0.00012265 0.00014315
28 0.00014315 0.0001646 0.00016345 0.0001508 0.00016405 0.00014475 0.0001489 0.00012235 0.00010925 0.0001456 0.0001473 0.00014665 0.00014665 0.000154 0.00013765 0.00012495 0.00016245 0.0001223 0.00015875 0.0001513 0.00015895 0.00015975 0.0001272 0.0001594 0.00015745 0.00012235 0.00014905 0.0001463 0.0001704 0.00015405 0.00013615 0.00016175 0.00015105 0.00015425 0.00015085 0.0001293 0.0001582 0.00013845 0.0001298 0.0001145 0.00014205 0.0001591 0.0001513 0.00015935 0.00015435 0.0001661 0.0001405 0.0001609 0.00015835 0.0001716 0.0001594 0.0001298 0.00012135 0.00013465
29 0.0001559 0.00015945 0.0001265 0.0001415 0.00015325 0.00014845 0.00014795 0.00015375 0.0001568 0.00014875 0.00013075 0.0001586 0.0001391 0.0001309 0.0001361 0.0001546 0.00015535 0.0001537 0.0001504 0.00014765 0.0001601 0.00015555 0.0001577 0.0001471 0.0001477 0.00015285 0.0001443 0.00013845 0.00015405 0.0001715 0.00015475 0.00015155 0.00015315 0.0001525 0.0001602 0.00015855 0.0001442 0.00014945 0.0001558 0.00014675 0.0001196 0.0001483 0.00015515 0.00015665 0.0001338 0.00016375 0.00015985 0.00014945 0.00016065 8.575e-05 0.00014615 0.0001558 0.000153 0.0001567
30 0.0001291 0.0001672 0.00015485 0.0001138 0.00015425 0.0001449 0.0001454 0.00016375 0.00014245 0.00013405 0.00013975 0.0001441 0.00014975 0.0001482 0.0001005 0.00015565 0.00016055 0.0001637 0.0001477 0.0001133 0.00014645 0.0001654 0.0001656 0.0001491 0.00015025 0.00015595 0.0001542 0.0001382 0.00013615 0.00015475 0.0001579 0.00013835 0.00012765 0.00014705 0.0001393 9.69e-05 0.0001481 9.66e-05 0.00010075 9.035e-05 0.000172 0.0001445 0.0001376 0.0001607 0.00015 0.00016625 0.0001661 0.00015015 0.00014875 0.00017605 0.00014125 0.00010075 0.0001414 8.84e-05
31 0.00015275 0.0001611 0.00015895 0.0001096 0.0001021 0.0001105 0.0001584 0.0001578 0.00016485 0.00016155 0.0001567 0.0001633 0.00016405 0.0001597 0.00015545 0.00010435 0.0001606 0.00015775 4.01e-05 9.66e-05 0.00015885 0.00015625 0.0001627 9.885e-05 6.79e-05 0.00010255 0.0001566 0.0001547 0.00016175 0.00015155 0.00013835 7.99e-05 0.00015695 0.00010265 0.00016175 0.00014605 5.305e-05 0.0001606 0.00014895 0.00015755 0.0001604 4.185e-05 0.0001662 9.915e-05 0.00016325 0.000154 0.00015915 0.00010045 0.0001625 0.00015775 4.355e-05 0.00014895 0.0001658 0.0001547
32 0.0001645 0.0001199 0.00015285 0.00011835 0.0001602 0.000156 0.00012765 0.00016145 0.0001619 0.0001624 0.00016925 0.0001242 0.0001447 0.0001508 0.00012855 0.00015835 0.0001591 0.0001614 0.0001667 0.00012745 0.000148 0.00012375 0.00015765 0.000157 0.0001584 0.00015735 0.00012465 0.0001659 0.00015105 0.00015315 0.00012765 0.00015695 0.0001727 0.00016095 0.00016005 0.00016345 0.00015755 0.00012505 0.00016515 0.00011425 0.00016535 0.0001598 0.0001579 0.00012645 0.00014715 0.0001616 0.0001579 0.00015795 0.0001606 0.00017295 0.00015285 0.00016515 0.0001588 0.00012805
33 0.00014905 0.0001583 0.0001655 0.0001385 0.00011925 0.00013835 0.00015475 0.00015695 0.0001565 0.0001547 0.0001531 0.00015555 0.0001232 0.0001529 0.00015355 0.0001348 0.00015625 0.0001569 8.295e-05 0.00012045 0.000161 0.000156 0.0001593 0.000129 0.00011795 0.0001352 0.0001537 0.00014855 0.00015425 0.0001525 0.00014705 0.00010265 0.00016095 0.0001658 0.0001469 0.0001436 0.00010105 0.0001538 0.00014485 0.0001516 0.0001604 9.505e-05 0.0001528 0.00012205 0.00015625 0.00014655 0.00015115 0.0001302 0.0001517 0.0001624 0.0001072 0.00014485 0.0001547 0.0001527
34 0.00012955 0.0001489 0.0001667 0.0001535 0.00014755 0.00014185 0.0001372 0.00014525 0.0001218 0.0001266 0.0001335 0.00011965 0.00015755 0.00014075 0.00013585 0.0001665 0.0001295 0.0001452 0.0001612 0.00015775 0.00014615 0.0001431 0.0001511 0.0001438 0.0001605 0.00016705 0.0001435 0.00011885 0.00015085 0.0001602 0.0001393 0.00016175 0.00016005 0.0001469 0.0001503 0.0001069 0.0001569 0.0001147 9.95e-05 0.00014375 0.0001518 0.0001634 0.00010455 0.0001626 0.0001469 0.00011805 0.0001069 0.0001446 8.29e-05 0.00016495 0.00016555 9.955e-05 0.0001141 0.00014415
35 0.00011125 0.00016585 0.0001492 0.0001478 0.0001524 0.00012625 0.0001186 0.0001617 0.0001086 0.0001099 0.0001099 0.00011 0.00016605 0.0001555 0.0001109 0.0001578 0.0001579 0.00016165 0.00014675 0.0001498 0.00014475 0.0001631 0.0001645 0.00015065 0.00014885 0.0001601 0.0001625 0.0001105 0.0001293 0.00015855 9.69e-05 0.00014605 0.00016345 0.0001436 0.0001069 8.18e-05 0.0001447 9.94e-05 4.585e-05 0.00012015 0.00016435 0.0001479 0.0001021 0.00016025 0.0001593 0.000166 0.00016645 0.0001517 0.00012275 0.0001635 0.000149 4.585e-05 0.00010305 0.00010865
36 0.0001517 0.00015685 0.0001563 0.0001 0.0001004 9.99e-05 0.00015425 0.0001556 0.00016015 0.0001576 0.00015175 0.0001578 0.00015745 0.0001545 0.00015515 0.0001027 0.0001578 0.00015555 4.195e-05 0.0001001 0.00015765 0.00015325 0.00015925 9.665e-05 5.855e-05 0.0001009 0.0001527 0.0001508 0.0001582 0.0001442 0.0001481 5.305e-05 0.00015755 0.00010105 0.0001569 0.0001447 8.36e-05 0.0001593 0.00015225 0.0001574 0.0001548 4.195e-05 0.0001597 9.845e-05 0.000158 0.0001537 0.0001554 9.825e-05 0.0001565 0.0001521 4.19e-05 0.00015225 0.0001545 0.0001576
37 0.0001322 0.0001606 0.0001634 0.00011345 0.0001585 0.000138 0.0001384 0.00015645 0.00012375 0.000133 0.0001321 0.00012365 0.0001448 0.0001374 9.67e-05 0.00016625 0.00014695 0.0001564 0.0001673 0.0001214 0.00014945 0.00015635 0.00016075 0.000151 0.00016155 0.00016655 0.00014355 0.00012795 0.00013845 0.00014945 9.66e-05 0.0001606 0.00012505 0.0001538 0.0001147 9.94e-05 0.0001593 0.0001509 9.74e-05 9.02e-05 0.00016425 0.0001642 0.00011265 0.00016945 0.0001417 0.0001616 0.00015565 0.000152 0.0001242 0.00017105 0.00016105 9.74e-05 0.0001193 9.8e-05
38 0.0001096 0.0001623 0.00014855 0.000155 0.0001522 0.00013185 0.00011665 0.00015675 0.00010385 0.0001039 0.0001045 0.00010495 0.00016645 0.00015175 0.00011015 0.0001596 0.00015095 0.0001567 0.0001516 0.0001543 0.0001431 0.00015785 0.00016125 0.00014875 0.0001564 0.0001619 0.0001583 0.00010285 0.0001298 0.0001558 0.00010075 0.00014895 0.00016515 0.00014485 9.95e-05 4.585e-05 0.00015225 9.74e-05 7.57e-05 0.00012335 0.00015665 0.00015275 9.535e-05 0.00016175 0.00015725 0.0001617 0.0001588 0.0001498 0.0001154 0.00015685 0.00015385 3.79e-05 0.00010185 0.0001134
39 0.0001403 0.0001659 0.0001676 0.0001058 0.00016175 0.00015435 0.00015045 0.00016415 0.0001465 0.0001442 0.0001474 0.0001462 0.00013145 0.00013855 9.52e-05 0.00016365 0.0001614 0.0001641 0.0001616 0.00010995 0.00015755 0.00016385 0.00016625 0.0001573 0.0001605 0.00016395 0.0001419 0.00014475 0.0001145 0.00014675 9.035e-05 0.00015755 0.00011425 0.0001516 0.00014375 0.00012015 0.0001574 9.02e-05 0.00012335 0.0001165 0.0001745 0.00015935 0.0001421 0.0001658 0.0001406 0.00016975 0.00016715 0.00015835 0.0001532 0.00017995 0.00015705 0.00012335 0.0001435 8.895e-05
40 0.00015795 0.0001459 0.00012555 0.000161 0.0001512 0.0001422 0.0001445 0.00012625 0.00013185 0.00013475 0.00012875 0.000153 0.00016045 0.0001576 0.0001524 0.0001378 0.00013775 0.0001262 0.0001638 0.00016995 0.00015935 0.0001474 0.0001248 0.00014815 0.00014945 0.0001331 0.000147 0.0001344 0.00014205 0.0001196 0.000172 0.0001604 0.00016535 0.0001604 0.0001518 0.00016435 0.0001548 0.00016425 0.00015665 0.0001745 0.0001583 0.0001594 0.0001456 0.00015855 0.0001491 0.0001541 0.0001151 0.00015075 0.0001522 7.915e-05 0.00015495 0.00015665 0.00012 0.00017705
41 0.00015235 0.0001596 0.0001575 0.00010775 9.515e-05 9.99e-05 0.0001575 0.00015695 0.000164 0.0001622 0.00015685 0.000163 0.00016075 0.00015805 0.00015925 9.485e-05 0.00016185 0.0001569 2.745e-05 9.33e-05 0.0001583 0.00015595 0.00016065 9.145e-05 5.865e-05 9.305e-05 0.0001551 0.00015535 0.0001591 0.0001483 0.0001445 4.185e-05 0.0001598 9.505e-05 0.0001634 0.0001479 4.195e-05 0.0001642 0.00015275 0.00015935 0.0001594 5.48e-05 0.00016625 9.195e-05 0.0001616 0.00015605 0.00015945 9.305e-05 0.000163 0.0001572 2.75e-05 0.00015275 0.00016375 0.00015665
42 0.0001334 0.00011435 0.0001616 0.0001547 0.00011775 0.00014345 0.0001322 0.0001539 0.00012185 0.0001044 0.000131 0.00011435 0.0001544 0.00013325 0.0001346 0.0001655 0.0001144 0.00015385 0.0001655 0.00016045 0.0001503 0.0001464 0.0001219 0.0001505 0.00016265 0.0001704 0.00014535 0.00012305 0.0001513 0.00015515 0.0001376 0.0001662 0.0001579 0.0001528 0.00010455 0.0001021 0.0001597 0.00011265 9.535e-05 0.0001421 0.0001456 0.00016625 0.0001399 0.00016205 0.0001138 0.000145 0.0001367 0.00015055 0.0001046 0.00015695 0.00016695 9.54e-05 0.00010935 0.00014255
43 0.00016125 0.0001177 0.0001494 0.0001424 0.0001179 0.00013615 0.0001243 0.00015805 0.00016305 0.0001613 0.00016445 0.00012555 0.00016215 0.00016355 0.0001678 0.0001303 0.0001591 0.000158 8.15e-05 0.0001254 0.0001495 0.00012055 0.00015525 0.00013105 0.00011515 0.0001294 0.00013235 0.00016185 0.00015935 0.00015665 0.0001607 9.915e-05 0.00012645 0.00012205 0.0001626 0.00016025 9.845e-05 0.00016945 0.00016175 0.0001658 0.00015855 9.195e-05 0.00016205 0.0001627 0.0001609 0.0001553 0.00015525 0.0001322 0.0001616 0.00016205 0.00010235 0.00016175 0.00016175 0.00016765
44 0.00014255 0.0001197 0.00016805 0.0001448 0.00012 0.0001568 0.000162 0.00013915 0.0001555 0.00012125 0.0001479 0.0001548 0.00013555 9.53e-05 0.00014935 0.00015775 9.53e-05 0.0001391 0.0001612 0.00014795 0.0001422 0.00013845 0.00012045 0.00013905 0.0001478 0.0001621 0.00012665 0.0001406 0.00015435 0.0001338 0.00015 0.00016325 0.00014715 0.00015625 0.0001469 0.0001593 0.000158 0.0001417 0.00015725 0.0001406 0.0001491 0.0001616 0.0001138 0.0001609 0.0001573 0.000148 0.00013955 0.00013705 0.00013735 0.00016405 0.00016195 0.00015725 0.00014375 0.00015215
45 0.000155 0.0001447 0.00016975 0.0001599 0.00014325 0.00015585 0.00016495 0.00014735 0.000158 0.0001554 0.00016795 0.0001571 0.0001434 0.000147 0.0001682 0.00015955 0.00013875 0.0001473 0.0001538 0.00015995 0.000154 0.00014645 0.00014565 0.0001471 0.0001563 0.00015855 0.0001469 0.000153 0.0001661 0.00016375 0.00016625 0.000154 0.0001616 0.00014655 0.00011805 0.000166 0.0001537 0.0001616 0.0001617 0.00016975 0.0001541 0.00015605 0.000145 0.0001553 0.000148 0.0001577 0.00010865 0.00014815 0.0001142 0.00016975 0.00015825 0.0001617 0.00015205 0.000171
46 0.0001486 0.0001379 0.0001697 0.0001572 0.0001417 0.0001445 0.00015935 0.0001138 0.00012905 0.0001405 0.00015945 0.0001503 0.00015275 0.0001419 0.00016405 0.00013885 0.0001183 0.00011375 0.000159 0.00016075 0.0001476 0.00013505 0.0001167 0.00013915 0.00015315 0.00013455 0.00013555 0.00014115 0.0001405 0.00015985 0.0001661 0.00015915 0.0001579 0.00015115 0.0001069 0.00016645 0.0001554 0.00015565 0.0001588 0.00016715 0.0001151 0.00015945 0.0001367 0.00015525 0.00013955 0.00010865 0.0001297 0.0001404 0.00010625 0.00016535 0.00015985 0.0001588 0.00011405 0.00017125
47 0.000122 0.00015485 0.00016175 0.00012255 0.00012735 0.00011695 0.000158 0.0001205 0.0001546 0.00014395 0.00013315 0.00015545 0.00015555 0.000113 0.00015615 0.00012025 0.00010525 0.00012045 0.00010465 0.0001289 0.00012305 0.00012135 0.00015405 8.21e-05 8.735e-05 0.0001198 0.0001219 0.0001195 0.0001609 0.00014945 0.00015015 0.00010045 0.00015795 0.0001302 0.0001446 0.0001517 9.825e-05 0.000152 0.0001498 0.00015835 0.00015075 9.305e-05 0.00015055 0.0001322 0.00013705 0.00014815 0.0001404 0.0001626 0.0001426 0.0001589 8.14e-05 0.0001498 0.00014945 0.00015875
48 0.0001357 0.00013995 0.0001665 0.00015465 0.0001396 0.00014105 0.00014415 0.0001442 0.0001294 0.0001329 0.0001398 0.00012665 0.0001537 0.0001312 0.0001453 0.0001631 0.0001263 0.00014415 0.0001612 0.0001593 0.00014355 0.00014145 0.00014275 0.00014275 0.00015945 0.00016625 0.00014185 0.0001261 0.00015835 0.00016065 0.00014875 0.0001625 0.0001606 0.0001517 8.29e-05 0.00012275 0.0001565 0.0001242 0.0001154 0.0001532 0.0001522 0.000163 0.0001046 0.0001616 0.00013735 0.0001142 0.00010625 0.0001426 0.0001493 0.00016655 0.00016475 0.0001154 0.00012165 0.0001536
49 0.00016705 0.0001583 8.795e-05 0.00016265 0.00016005 0.0001551 0.0001338 0.0001643 0.00016275 0.0001369 0.00010435 0.000159 0.00016875 0.0001703 0.0001404 0.00016135 0.00016065 0.00016425 0.00016375 0.00017425 0.00017165 0.00016055 0.0001621 0.0001556 0.00014885 0.00015935 0.0001607 0.00012795 0.0001716 8.575e-05 0.00017605 0.00015775 0.00017295 0.0001624 0.00016495 0.0001635 0.0001521 0.00017105 0.00015685 0.00017995 7.915e-05 0.0001572 0.00015695 0.00016205 0.00016405 0.00016975 0.00016535 0.0001589 0.00016655 0.0 0.0001506 0.00015685 0.000159 0.0001809
50 0.00015505 0.0001565 0.00015025 9.035e-05 0.00010895 8.535e-05 0.0001549 0.0001576 0.00016345 0.0001639 0.00015935 0.0001604 0.00016105 0.0001592 0.000156 8.035e-05 0.00016505 0.00015755 5.475e-05 0.00010315 0.00015635 0.00015455 0.0001596 7.955e-05 4.335e-05 7.825e-05 0.0001537 0.00015765 0.0001594 0.00014615 0.00014125 4.355e-05 0.00015285 0.0001072 0.00016555 0.000149 4.19e-05 0.00016105 0.00015385 0.00015705 0.00015495 2.75e-05 0.00016695 0.00010235 0.00016195 0.00015825 0.00015985 8.14e-05 0.00016475 0.0001506 2e-07 0.00015385 0.0001632 0.0001534
51 0.0001096 0.0001623 0.00014855 0.000155 0.0001522 0.00013185 0.00011665 0.00015675 0.0001039 0.0001039 0.0001045 0.000105 0.00016645 0.00015175 0.00011015 0.0001596 0.00015095 0.0001567 0.0001516 0.0001543 0.0001431 0.00015785 0.00016125 0.00014875 0.0001564 0.0001619 0.0001583 0.00010285 0.0001298 0.0001558 0.00010075 0.00014895 0.00016515 0.00014485 9.955e-05 4.585e-05 0.00015225 9.74e-05 3.79e-05 0.00012335 0.00015665 0.00015275 9.54e-05 0.00016175 0.00015725 0.0001617 0.0001588 0.0001498 0.0001154 0.00015685 0.00015385 7.57e-05 0.00010185 0.0001134
52 0.0001335 0.00014835 0.00016085 0.00015125 0.0001509 0.0001221 0.00013385 0.00012305 9.72e-05 0.00012285 0.0001283 0.00012025 0.0001564 0.00014595 0.0001354 0.00014085 0.0001332 0.000123 0.00016425 0.00016095 0.0001493 0.0001461 0.00012535 0.000148 0.0001529 0.0001383 0.000144 0.00012265 0.00012135 0.000153 0.0001414 0.0001658 0.0001588 0.0001547 0.0001141 0.00010305 0.0001545 0.0001193 0.00010185 0.0001435 0.00012 0.00016375 0.00010935 0.00016175 0.00014375 0.00015205 0.00011405 0.00014945 0.00012165 0.000159 0.0001632 0.00010185 0.000162 0.00014545
53 0.0001213 0.0001707 0.00014695 0.0001163 0.00016295 0.0001524 0.0001487 0.00016525 0.00014375 0.0001391 0.0001446 0.0001473 0.00014925 0.00015025 0.00010245 0.0001607 0.0001657 0.0001652 0.00015985 0.0001185 0.00013865 0.0001688 0.0001672 0.0001577 0.00015975 0.000161 0.0001558 0.00014315 0.00013465 0.0001567 8.84e-05 0.0001547 0.00012805 0.0001527 0.00014415 0.00010865 0.0001576 9.8e-05 0.0001134 8.895e-05 0.00017705 0.00015665 0.00014255 0.00016765 0.00015215 0.000171 0.00017125 0.00015875 0.0001536 0.0001809 0.0001534 0.0001134 0.00014545 0.0001542
