 slim_761984576 slim_761984562 slim_761984586 slim_761984564 slim_761984587 slim_761984599 slim_761984560 slim_761984588 slim_761984561 slim_761984601 slim_761984583 slim_761984582 slim_761984594 slim_761984592 slim_761984581 slim_761984602 slim_761984566 slim_761984568 slim_761984590 slim_761984574 slim_761984610 slim_761984596 slim_761984575 slim_761984608 slim_761984569 slim_761984577 slim_761984580 slim_761984585 slim_761984570 slim_761984607 slim_761984600 slim_761984572 slim_761984593 slim_761984605 slim_761984591 slim_761984578 slim_761984597 slim_761984579 slim_761984584 slim_761984595 slim_761984609 slim_761984603 slim_761984567 slim_761984558 slim_761984573 slim_761984598 slim_761984571 slim_761984604 slim_761984606 slim_761984559 slim_761984563 slim_761984565 slim_761984589
0 9.5e-06 2.12e-05 3.27e-05 3.24e-05 3.96e-05 1.775e-05 2.92e-05 1.765e-05 1.765e-05 2.82e-05 3.075e-05 2.215e-05 2.65e-05 2.895e-05 3.27e-05 1.985e-05 3.095e-05 2.905e-05 3.49e-05 2.225e-05 3.465e-05 3.085e-05 1.97e-05 1.775e-05 3.095e-05 1.965e-05 3.07e-05 3.25e-05 3.505e-05 3.235e-05 2.37e-05 1.265e-05 1.62e-05 4.95e-06 3.07e-05 3.25e-05 3.515e-05 1.625e-05 5e-06 2.225e-05 3.085e-05 3.01e-05 3.29e-05 1.405e-05 1.91e-05 1.97e-05 4.85e-06 3.07e-05 2.225e-05 1.97e-05 1.975e-05 3.26e-05 1.785e-05
1 2.12e-05 2.75e-05 1.695e-05 1.69e-05 1.97e-05 2.27e-05 2.52e-05 2.245e-05 2.245e-05 1.72e-05 2.01e-05 1.825e-05 1.82e-05 2.13e-05 1.695e-05 1.84e-05 1.83e-05 2.15e-05 1.93e-05 2.21e-05 1.405e-05 1.945e-05 1.955e-05 1.835e-05 1.835e-05 1.94e-05 1.985e-05 1.685e-05 1.965e-05 1.675e-05 1.69e-05 1.38e-05 2.39e-05 2.515e-05 1.99e-05 1.715e-05 1.975e-05 2.375e-05 2.1e-05 2.225e-05 2.01e-05 1.4e-05 1.52e-05 1.995e-05 2.205e-05 1.96e-05 2.5e-05 1.815e-05 2.225e-05 1.72e-05 1.96e-05 1.7e-05 2.255e-05
2 3.27e-05 1.695e-05 1.63e-05 8.55e-06 9.1e-06 2.265e-05 1.38e-05 2.255e-05 2.255e-05 8.6e-06 8.45e-06 1.89e-05 1e-05 1.02e-05 8.25e-06 2.12e-05 9.9e-06 1.025e-05 8.55e-06 2.255e-05 8.3e-06 1.59e-05 2.25e-05 1.87e-05 9.95e-06 2.24e-05 8.75e-06 8.35e-06 8.65e-06 8.5e-06 1.72e-05 2.1e-05 2.415e-05 3.675e-05 8.35e-06 8.65e-06 8.75e-06 2.42e-05 3.275e-05 2.275e-05 8.3e-06 8.3e-06 9.7e-06 2.825e-05 2.43e-05 2.245e-05 3.655e-05 1.005e-05 2.275e-05 1.73e-05 2.245e-05 8.5e-06 2.245e-05
3 3.24e-05 1.69e-05 8.55e-06 1.63e-05 9.05e-06 2.23e-05 1.41e-05 2.22e-05 2.22e-05 8.6e-06 8.6e-06 1.86e-05 1e-05 9.9e-06 8.55e-06 2.115e-05 9.8e-06 1.005e-05 8.25e-06 2.225e-05 8.45e-06 1.585e-05 2.215e-05 1.84e-05 9.95e-06 2.235e-05 8.85e-06 8.25e-06 8.55e-06 8.15e-06 1.71e-05 2.075e-05 2.395e-05 3.645e-05 8.45e-06 8.4e-06 8.65e-06 2.4e-05 3.245e-05 2.27e-05 8.7e-06 8.5e-06 9.9e-06 2.805e-05 2.405e-05 2.24e-05 3.63e-05 9.8e-06 2.27e-05 1.735e-05 2.235e-05 8.5e-06 2.25e-05
4 3.96e-05 1.97e-05 9.1e-06 9.05e-06 1.9e-06 2.745e-05 1.645e-05 2.735e-05 2.735e-05 1.395e-05 1.13e-05 1.825e-05 1.51e-05 1.25e-05 9.1e-06 2.41e-05 1.035e-05 1.26e-05 6.35e-06 2.26e-05 7.1e-06 1.415e-05 2.525e-05 2.34e-05 1.04e-05 2.525e-05 1.07e-05 9e-06 6.15e-06 9e-06 1.705e-05 2.825e-05 2.87e-05 4.375e-05 1.12e-05 9.15e-06 6.05e-06 2.88e-05 3.965e-05 2.225e-05 1.13e-05 1.17e-05 8.2e-06 3.1e-05 2.56e-05 2.53e-05 4.36e-05 1.03e-05 2.225e-05 2.22e-05 2.54e-05 9.15e-06 2.745e-05
5 1.775e-05 2.27e-05 2.265e-05 2.23e-05 2.745e-05 3.44e-05 1.795e-05 1.745e-05 1.745e-05 1.81e-05 1.765e-05 2.245e-05 1.83e-05 1.765e-05 2.265e-05 2.26e-05 2.235e-05 1.755e-05 2.24e-05 2.23e-05 2.755e-05 2.73e-05 2.245e-05 1.795e-05 2.25e-05 2.265e-05 1.815e-05 2.235e-05 2.24e-05 2.255e-05 2.245e-05 1.805e-05 1.77e-05 1.78e-05 1.775e-05 2.225e-05 2.25e-05 1.8e-05 1.795e-05 2.275e-05 1.775e-05 2.305e-05 2.75e-05 2.22e-05 2.25e-05 2.235e-05 1.77e-05 2.245e-05 2.275e-05 1.81e-05 2.26e-05 2.26e-05 1.775e-05
6 2.92e-05 2.52e-05 1.38e-05 1.41e-05 1.645e-05 1.795e-05 1.2e-05 1.785e-05 1.785e-05 9.35e-06 6.35e-06 2.28e-05 9.5e-06 6.65e-06 1.375e-05 2.54e-05 1.39e-05 6.6e-06 1.14e-05 2.295e-05 2.14e-05 2.34e-05 2.56e-05 1.79e-05 1.385e-05 2.53e-05 6.8e-06 1.39e-05 1.13e-05 1.405e-05 2.27e-05 2.465e-05 1.8e-05 2.94e-05 6.35e-06 1.415e-05 1.14e-05 1.815e-05 2.93e-05 2.275e-05 6.15e-06 1.675e-05 2.13e-05 3.085e-05 2.44e-05 2.535e-05 2.92e-05 1.42e-05 2.275e-05 1.79e-05 2.53e-05 1.395e-05 1.77e-05
7 1.765e-05 2.245e-05 2.255e-05 2.22e-05 2.735e-05 1.745e-05 1.785e-05 3.47e-05 1.735e-05 1.8e-05 1.78e-05 2.245e-05 1.795e-05 1.76e-05 2.255e-05 2.25e-05 2.225e-05 1.77e-05 2.22e-05 2.23e-05 2.725e-05 2.695e-05 2.235e-05 1.775e-05 2.24e-05 2.23e-05 1.805e-05 2.225e-05 2.23e-05 2.225e-05 2.235e-05 1.78e-05 1.76e-05 1.755e-05 1.77e-05 2.24e-05 2.24e-05 1.77e-05 1.77e-05 2.24e-05 1.79e-05 2.27e-05 2.715e-05 2.215e-05 2.23e-05 2.235e-05 1.74e-05 2.235e-05 2.24e-05 1.81e-05 2.23e-05 2.25e-05 1.765e-05
8 1.765e-05 2.245e-05 2.255e-05 2.22e-05 2.735e-05 1.745e-05 1.785e-05 1.735e-05 3.47e-05 1.8e-05 1.78e-05 2.245e-05 1.795e-05 1.76e-05 2.255e-05 2.25e-05 2.225e-05 1.77e-05 2.22e-05 2.23e-05 2.725e-05 2.695e-05 2.235e-05 1.775e-05 2.24e-05 2.23e-05 1.805e-05 2.225e-05 2.23e-05 2.225e-05 2.235e-05 1.78e-05 1.76e-05 1.755e-05 1.77e-05 2.24e-05 2.24e-05 1.77e-05 1.77e-05 2.24e-05 1.79e-05 2.27e-05 2.715e-05 2.215e-05 2.23e-05 2.235e-05 1.74e-05 2.235e-05 2.24e-05 1.81e-05 2.23e-05 2.25e-05 1.765e-05
9 2.82e-05 1.72e-05 8.6e-06 8.6e-06 1.395e-05 1.81e-05 9.35e-06 1.8e-05 1.8e-05 7.4e-06 3.9e-06 1.905e-05 5.35e-06 5.55e-06 8.6e-06 2.135e-05 1.005e-05 5.45e-06 8.6e-06 2.27e-05 1.325e-05 2.075e-05 2.265e-05 1.415e-05 9.95e-06 2.265e-05 4.45e-06 8.5e-06 8.8e-06 8.55e-06 1.745e-05 1.655e-05 1.96e-05 3.23e-05 3.95e-06 8.6e-06 8.9e-06 1.96e-05 2.83e-05 2.3e-05 3.95e-06 8.5e-06 1.465e-05 2.85e-05 2.445e-05 2.27e-05 3.21e-05 1e-05 2.3e-05 1.295e-05 2.27e-05 8.5e-06 1.81e-05
10 3.075e-05 2.01e-05 8.45e-06 8.6e-06 1.13e-05 1.765e-05 6.35e-06 1.78e-05 1.78e-05 3.9e-06 9e-07 1.89e-05 5.95e-06 2.55e-06 8.5e-06 2.405e-05 1.005e-05 2.25e-06 6e-06 2.26e-05 1.63e-05 2.38e-05 2.535e-05 1.405e-05 9.95e-06 2.57e-05 1.55e-06 8.5e-06 5.95e-06 8.75e-06 1.745e-05 1.945e-05 1.95e-05 3.515e-05 7e-07 8.25e-06 6.1e-06 1.995e-05 3.105e-05 2.325e-05 4.5e-07 1.18e-05 1.79e-05 3.08e-05 2.61e-05 2.55e-05 3.495e-05 1.03e-05 2.325e-05 1.25e-05 2.555e-05 8.5e-06 1.78e-05
11 2.215e-05 1.825e-05 1.89e-05 1.86e-05 1.825e-05 2.245e-05 2.28e-05 2.245e-05 2.245e-05 1.905e-05 1.89e-05 3.53e-05 1.885e-05 1.86e-05 1.89e-05 2.13e-05 1.86e-05 1.865e-05 1.84e-05 2.205e-05 1.9e-05 2.26e-05 2.23e-05 1.83e-05 1.865e-05 2.255e-05 1.875e-05 1.87e-05 1.85e-05 1.865e-05 1.835e-05 1.82e-05 2.24e-05 2.645e-05 1.89e-05 1.86e-05 1.865e-05 2.26e-05 2.205e-05 2.245e-05 1.9e-05 1.9e-05 1.865e-05 2.25e-05 2.215e-05 2.25e-05 2.635e-05 1.84e-05 2.245e-05 1.865e-05 2.27e-05 1.885e-05 2.265e-05
12 2.65e-05 1.82e-05 1e-05 1e-05 1.51e-05 1.83e-05 9.5e-06 1.795e-05 1.795e-05 5.35e-06 5.95e-06 1.885e-05 9.1e-06 5.7e-06 1e-05 2.12e-05 9.9e-06 5.9e-06 9.9e-06 2.255e-05 1.43e-05 2.015e-05 2.24e-05 1.4e-05 9.9e-06 2.205e-05 5.85e-06 9.9e-06 1.025e-05 9.75e-06 1.865e-05 1.755e-05 1.79e-05 3.025e-05 5.7e-06 1.035e-05 1.03e-05 1.735e-05 2.635e-05 2.24e-05 6e-06 9.35e-06 1.395e-05 2.845e-05 2.255e-05 2.235e-05 3.005e-05 9.6e-06 2.24e-05 1.45e-05 2.23e-05 1e-05 1.805e-05
13 2.895e-05 2.13e-05 1.02e-05 9.9e-06 1.25e-05 1.765e-05 6.65e-06 1.76e-05 1.76e-05 5.55e-06 2.55e-06 1.86e-05 5.7e-06 4.2e-06 1.02e-05 2.4e-05 1e-05 2.25e-06 7.2e-06 2.24e-05 1.76e-05 2.345e-05 2.5e-05 1.37e-05 1.005e-05 2.535e-05 3.05e-06 1e-05 7.35e-06 9.8e-06 1.87e-05 2.055e-05 1.755e-05 3.31e-05 2.4e-06 9.95e-06 7.5e-06 1.805e-05 2.91e-05 2.28e-05 2.65e-06 1.315e-05 1.77e-05 3.065e-05 2.42e-05 2.535e-05 3.295e-05 1.015e-05 2.28e-05 1.405e-05 2.515e-05 1.015e-05 1.78e-05
14 3.27e-05 1.695e-05 8.25e-06 8.55e-06 9.1e-06 2.265e-05 1.375e-05 2.255e-05 2.255e-05 8.6e-06 8.5e-06 1.89e-05 1e-05 1.02e-05 1.63e-05 2.12e-05 9.9e-06 1.025e-05 8.55e-06 2.255e-05 8.3e-06 1.59e-05 2.25e-05 1.87e-05 9.95e-06 2.24e-05 8.65e-06 8.35e-06 8.65e-06 8.5e-06 1.72e-05 2.1e-05 2.415e-05 3.675e-05 8.4e-06 8.65e-06 8.75e-06 2.42e-05 3.275e-05 2.275e-05 8.35e-06 8.3e-06 9.7e-06 2.825e-05 2.43e-05 2.245e-05 3.655e-05 1.005e-05 2.275e-05 1.72e-05 2.245e-05 8.5e-06 2.235e-05
15 1.985e-05 1.84e-05 2.12e-05 2.115e-05 2.41e-05 2.26e-05 2.54e-05 2.25e-05 2.25e-05 2.135e-05 2.405e-05 2.13e-05 2.12e-05 2.4e-05 2.12e-05 3.64e-05 2.11e-05 2.4e-05 2.375e-05 2.23e-05 1.835e-05 1.97e-05 1.965e-05 2.14e-05 2.105e-05 1.965e-05 2.415e-05 2.11e-05 2.395e-05 2.11e-05 2.105e-05 1.845e-05 2.255e-05 2.12e-05 2.405e-05 2.12e-05 2.405e-05 2.255e-05 1.995e-05 2.255e-05 2.405e-05 1.845e-05 1.82e-05 1.99e-05 2.1e-05 1.97e-05 2.105e-05 2.095e-05 2.255e-05 2.165e-05 1.97e-05 2.115e-05 2.26e-05
16 3.095e-05 1.83e-05 9.9e-06 9.8e-06 1.035e-05 2.235e-05 1.39e-05 2.225e-05 2.225e-05 1.005e-05 1.005e-05 1.86e-05 9.9e-06 1e-05 9.9e-06 2.11e-05 1.94e-05 1.005e-05 9.9e-06 2.235e-05 9.85e-06 1.58e-05 2.23e-05 1.85e-05 9.85e-06 2.23e-05 1.02e-05 9.7e-06 9.9e-06 9.85e-06 1.855e-05 2.225e-05 2.24e-05 3.5e-05 9.95e-06 1e-05 1e-05 2.245e-05 3.1e-05 2.255e-05 1.005e-05 9.85e-06 9.7e-06 2.815e-05 2.255e-05 2.235e-05 3.48e-05 9.85e-06 2.255e-05 1.875e-05 2.235e-05 9.95e-06 2.245e-05
17 2.905e-05 2.15e-05 1.025e-05 1.005e-05 1.26e-05 1.755e-05 6.6e-06 1.77e-05 1.77e-05 5.45e-06 2.25e-06 1.865e-05 5.9e-06 2.25e-06 1.025e-05 2.4e-05 1.005e-05 3.9e-06 7.45e-06 2.245e-05 1.79e-05 2.375e-05 2.52e-05 1.395e-05 9.95e-06 2.565e-05 3.1e-06 1.005e-05 7.4e-06 1.02e-05 1.885e-05 2.075e-05 1.76e-05 3.345e-05 2.5e-06 9.75e-06 7.55e-06 1.825e-05 2.935e-05 2.31e-05 2.4e-06 1.34e-05 1.795e-05 3.08e-05 2.44e-05 2.545e-05 3.325e-05 1.015e-05 2.31e-05 1.405e-05 2.55e-05 1.005e-05 1.79e-05
18 3.49e-05 1.93e-05 8.55e-06 8.25e-06 6.35e-06 2.24e-05 1.14e-05 2.22e-05 2.22e-05 8.6e-06 6e-06 1.84e-05 9.9e-06 7.2e-06 8.55e-06 2.375e-05 9.9e-06 7.45e-06 1.07e-05 2.205e-05 1.105e-05 1.835e-05 2.475e-05 1.81e-05 9.95e-06 2.485e-05 6.15e-06 8.35e-06 5.95e-06 8.05e-06 1.7e-05 2.315e-05 2.385e-05 3.885e-05 5.75e-06 8.5e-06 6.05e-06 2.38e-05 3.475e-05 2.25e-05 6.1e-06 1.11e-05 1.25e-05 3.055e-05 2.53e-05 2.5e-05 3.87e-05 9.8e-06 2.25e-05 1.715e-05 2.485e-05 8.5e-06 2.24e-05
19 2.225e-05 2.21e-05 2.255e-05 2.225e-05 2.26e-05 2.23e-05 2.295e-05 2.23e-05 2.23e-05 2.27e-05 2.26e-05 2.205e-05 2.255e-05 2.24e-05 2.255e-05 2.23e-05 2.235e-05 2.245e-05 2.205e-05 4.33e-05 2.25e-05 2.24e-05 2.195e-05 2.23e-05 2.24e-05 2.235e-05 2.27e-05 2.235e-05 2.25e-05 2.23e-05 2.215e-05 2.205e-05 2.24e-05 2.245e-05 2.26e-05 2.225e-05 2.26e-05 2.25e-05 2.22e-05 2.255e-05 2.27e-05 2.26e-05 2.235e-05 2.225e-05 2.225e-05 2.23e-05 2.235e-05 2.21e-05 2.255e-05 2.255e-05 2.24e-05 2.25e-05 2.25e-05
20 3.465e-05 1.405e-05 8.3e-06 8.45e-06 7.1e-06 2.755e-05 2.14e-05 2.725e-05 2.725e-05 1.325e-05 1.63e-05 1.9e-05 1.43e-05 1.76e-05 8.3e-06 1.835e-05 9.85e-06 1.79e-05 1.105e-05 2.25e-05 7e-07 8.25e-06 1.96e-05 2.33e-05 9.9e-06 1.935e-05 1.615e-05 8.3e-06 1.14e-05 8.15e-06 1.71e-05 2.27e-05 2.88e-05 3.845e-05 1.595e-05 8.8e-06 1.15e-05 2.855e-05 3.46e-05 2.25e-05 1.62e-05 5.2e-06 1.9e-06 2.575e-05 2.26e-05 1.96e-05 3.825e-05 9.85e-06 2.25e-05 2.225e-05 1.93e-05 8.45e-06 2.725e-05
21 3.085e-05 1.945e-05 1.59e-05 1.585e-05 1.415e-05 2.73e-05 2.34e-05 2.695e-05 2.695e-05 2.075e-05 2.38e-05 2.26e-05 2.015e-05 2.345e-05 1.59e-05 1.97e-05 1.58e-05 2.375e-05 1.835e-05 2.24e-05 8.25e-06 1.59e-05 1.965e-05 2.715e-05 1.585e-05 1.915e-05 2.34e-05 1.58e-05 1.87e-05 1.56e-05 2.225e-05 2.8e-05 2.7e-05 3.045e-05 2.35e-05 1.625e-05 1.875e-05 2.665e-05 3.07e-05 2.205e-05 2.38e-05 1.28e-05 7.95e-06 2.345e-05 2.07e-05 1.945e-05 3.03e-05 1.56e-05 2.205e-05 2.765e-05 1.935e-05 1.59e-05 2.705e-05
22 1.97e-05 1.955e-05 2.25e-05 2.215e-05 2.525e-05 2.245e-05 2.56e-05 2.235e-05 2.235e-05 2.265e-05 2.535e-05 2.23e-05 2.24e-05 2.5e-05 2.25e-05 1.965e-05 2.23e-05 2.52e-05 2.475e-05 2.195e-05 1.96e-05 1.965e-05 3.84e-05 2.24e-05 2.235e-05 1.96e-05 2.535e-05 2.23e-05 2.515e-05 2.205e-05 2.215e-05 1.95e-05 2.245e-05 1.98e-05 2.52e-05 2.23e-05 2.525e-05 2.245e-05 1.975e-05 2.25e-05 2.545e-05 1.975e-05 1.95e-05 1.97e-05 2.085e-05 1.965e-05 1.97e-05 2.205e-05 2.25e-05 2.28e-05 1.96e-05 2.245e-05 2.255e-05
23 1.775e-05 1.835e-05 1.87e-05 1.84e-05 2.34e-05 1.795e-05 1.79e-05 1.775e-05 1.775e-05 1.415e-05 1.405e-05 1.83e-05 1.4e-05 1.37e-05 1.87e-05 2.14e-05 1.85e-05 1.395e-05 1.81e-05 2.23e-05 2.33e-05 2.715e-05 2.24e-05 2.68e-05 1.855e-05 2.25e-05 1.415e-05 1.85e-05 1.85e-05 1.82e-05 1.86e-05 1.37e-05 1.785e-05 2.19e-05 1.38e-05 1.865e-05 1.86e-05 1.79e-05 1.765e-05 2.255e-05 1.415e-05 1.875e-05 2.32e-05 2.255e-05 2.23e-05 2.265e-05 2.175e-05 1.85e-05 2.255e-05 1.41e-05 2.25e-05 1.865e-05 1.795e-05
24 3.095e-05 1.835e-05 9.95e-06 9.95e-06 1.04e-05 2.25e-05 1.385e-05 2.24e-05 2.24e-05 9.95e-06 9.95e-06 1.865e-05 9.9e-06 1.005e-05 9.95e-06 2.105e-05 9.85e-06 9.95e-06 9.95e-06 2.24e-05 9.9e-06 1.585e-05 2.235e-05 1.855e-05 1.95e-05 2.235e-05 1.025e-05 9.85e-06 1.005e-05 9.9e-06 1.86e-05 2.23e-05 2.245e-05 3.505e-05 1e-05 9.95e-06 1.015e-05 2.245e-05 3.105e-05 2.26e-05 1e-05 9.9e-06 9.75e-06 2.82e-05 2.26e-05 2.24e-05 3.485e-05 9.8e-06 2.26e-05 1.88e-05 2.24e-05 9.85e-06 2.25e-05
25 1.965e-05 1.94e-05 2.24e-05 2.235e-05 2.525e-05 2.265e-05 2.53e-05 2.23e-05 2.23e-05 2.265e-05 2.57e-05 2.255e-05 2.205e-05 2.535e-05 2.24e-05 1.965e-05 2.23e-05 2.565e-05 2.485e-05 2.235e-05 1.935e-05 1.915e-05 1.96e-05 2.25e-05 2.235e-05 3.81e-05 2.535e-05 2.23e-05 2.52e-05 2.21e-05 2.215e-05 1.945e-05 2.235e-05 1.92e-05 2.54e-05 2.275e-05 2.525e-05 2.2e-05 1.945e-05 2.2e-05 2.57e-05 1.93e-05 1.905e-05 1.97e-05 2.06e-05 1.94e-05 1.91e-05 2.21e-05 2.2e-05 2.3e-05 1.93e-05 2.245e-05 2.24e-05
26 3.07e-05 1.985e-05 8.75e-06 8.85e-06 1.07e-05 1.815e-05 6.8e-06 1.805e-05 1.805e-05 4.45e-06 1.55e-06 1.875e-05 5.85e-06 3.05e-06 8.65e-06 2.415e-05 1.02e-05 3.1e-06 6.15e-06 2.27e-05 1.615e-05 2.34e-05 2.535e-05 1.415e-05 1.025e-05 2.535e-05 2.6e-06 8.75e-06 6.1e-06 8.8e-06 1.73e-05 1.925e-05 1.955e-05 3.48e-05 1.45e-06 8.95e-06 5.95e-06 1.97e-05 3.075e-05 2.25e-05 1.5e-06 1.16e-05 1.745e-05 3.09e-05 2.58e-05 2.54e-05 3.46e-05 1.035e-05 2.25e-05 1.275e-05 2.54e-05 8.9e-06 1.795e-05
27 3.25e-05 1.685e-05 8.35e-06 8.25e-06 9e-06 2.235e-05 1.39e-05 2.225e-05 2.225e-05 8.5e-06 8.5e-06 1.87e-05 9.9e-06 1e-05 8.35e-06 2.11e-05 9.7e-06 1.005e-05 8.35e-06 2.235e-05 8.3e-06 1.58e-05 2.23e-05 1.85e-05 9.85e-06 2.23e-05 8.75e-06 1.63e-05 8.45e-06 8.3e-06 1.71e-05 2.08e-05 2.395e-05 3.655e-05 8.4e-06 8.45e-06 8.55e-06 2.4e-05 3.255e-05 2.265e-05 8.5e-06 8.3e-06 9.7e-06 2.815e-05 2.41e-05 2.235e-05 3.635e-05 9.85e-06 2.265e-05 1.73e-05 2.235e-05 8.4e-06 2.245e-05
28 3.505e-05 1.965e-05 8.65e-06 8.55e-06 6.15e-06 2.24e-05 1.13e-05 2.23e-05 2.23e-05 8.8e-06 5.95e-06 1.85e-05 1.025e-05 7.35e-06 8.65e-06 2.395e-05 9.9e-06 7.4e-06 5.95e-06 2.25e-05 1.14e-05 1.87e-05 2.515e-05 1.85e-05 1.005e-05 2.52e-05 6.1e-06 8.45e-06 1.12e-05 8.6e-06 1.705e-05 2.36e-05 2.39e-05 3.92e-05 5.85e-06 8.7e-06 5.9e-06 2.41e-05 3.515e-05 2.26e-05 5.95e-06 1.145e-05 1.275e-05 3.08e-05 2.56e-05 2.525e-05 3.9e-05 1.02e-05 2.26e-05 1.725e-05 2.52e-05 8.7e-06 2.25e-05
29 3.235e-05 1.675e-05 8.5e-06 8.15e-06 9e-06 2.255e-05 1.405e-05 2.225e-05 2.225e-05 8.55e-06 8.75e-06 1.865e-05 9.75e-06 9.8e-06 8.5e-06 2.11e-05 9.85e-06 1.02e-05 8.05e-06 2.23e-05 8.15e-06 1.56e-05 2.205e-05 1.82e-05 9.9e-06 2.21e-05 8.8e-06 8.3e-06 8.6e-06 1.56e-05 1.7e-05 2.06e-05 2.39e-05 3.62e-05 8.35e-06 8.55e-06 8.7e-06 2.375e-05 3.23e-05 2.245e-05 8.85e-06 8.25e-06 9.65e-06 2.8e-05 2.39e-05 2.235e-05 3.605e-05 9.75e-06 2.245e-05 1.74e-05 2.205e-05 8.45e-06 2.245e-05
30 2.37e-05 1.69e-05 1.72e-05 1.71e-05 1.705e-05 2.245e-05 2.27e-05 2.235e-05 2.235e-05 1.745e-05 1.745e-05 1.835e-05 1.865e-05 1.87e-05 1.72e-05 2.105e-05 1.855e-05 1.885e-05 1.7e-05 2.215e-05 1.71e-05 2.225e-05 2.215e-05 1.86e-05 1.86e-05 2.215e-05 1.73e-05 1.71e-05 1.705e-05 1.7e-05 3.32e-05 1.695e-05 2.38e-05 2.755e-05 1.73e-05 1.725e-05 1.72e-05 2.385e-05 2.37e-05 2.225e-05 1.745e-05 1.715e-05 1.835e-05 2.235e-05 2.375e-05 2.225e-05 2.745e-05 1.845e-05 2.225e-05 1.745e-05 2.23e-05 1.725e-05 2.245e-05
31 1.265e-05 1.38e-05 2.1e-05 2.075e-05 2.825e-05 1.805e-05 2.465e-05 1.78e-05 1.78e-05 1.655e-05 1.945e-05 1.82e-05 1.755e-05 2.055e-05 2.1e-05 1.845e-05 2.225e-05 2.075e-05 2.315e-05 2.205e-05 2.27e-05 2.8e-05 1.95e-05 1.37e-05 2.23e-05 1.945e-05 1.925e-05 2.08e-05 2.36e-05 2.06e-05 1.695e-05 1.04e-05 1.925e-05 1.66e-05 1.925e-05 2.1e-05 2.37e-05 1.91e-05 1.245e-05 2.23e-05 1.955e-05 1.805e-05 2.385e-05 1.885e-05 2.195e-05 1.965e-05 1.645e-05 2.2e-05 2.23e-05 1.265e-05 1.965e-05 2.095e-05 1.8e-05
32 1.62e-05 2.39e-05 2.415e-05 2.395e-05 2.87e-05 1.77e-05 1.8e-05 1.76e-05 1.76e-05 1.96e-05 1.95e-05 2.24e-05 1.79e-05 1.755e-05 2.415e-05 2.255e-05 2.24e-05 1.76e-05 2.385e-05 2.24e-05 2.88e-05 2.7e-05 2.245e-05 1.785e-05 2.245e-05 2.235e-05 1.955e-05 2.395e-05 2.39e-05 2.39e-05 2.38e-05 1.925e-05 3.17e-05 1.615e-05 1.94e-05 2.405e-05 2.4e-05 1.615e-05 1.625e-05 2.235e-05 1.96e-05 2.42e-05 2.71e-05 2.235e-05 2.08e-05 2.24e-05 1.595e-05 2.235e-05 2.235e-05 1.965e-05 2.24e-05 2.41e-05 1.78e-05
33 4.95e-06 2.515e-05 3.675e-05 3.645e-05 4.375e-05 1.78e-05 2.94e-05 1.755e-05 1.755e-05 3.23e-05 3.515e-05 2.645e-05 3.025e-05 3.31e-05 3.675e-05 2.12e-05 3.5e-05 3.345e-05 3.885e-05 2.245e-05 3.845e-05 3.045e-05 1.98e-05 2.19e-05 3.505e-05 1.92e-05 3.48e-05 3.655e-05 3.92e-05 3.62e-05 2.755e-05 1.66e-05 1.615e-05 4e-07 3.485e-05 3.685e-05 3.925e-05 1.58e-05 4.75e-06 2.19e-05 3.525e-05 3.385e-05 3.665e-05 1.38e-05 1.89e-05 1.945e-05 2.5e-07 3.475e-05 2.19e-05 2.395e-05 1.94e-05 3.67e-05 1.775e-05
34 3.07e-05 1.99e-05 8.35e-06 8.45e-06 1.12e-05 1.775e-05 6.35e-06 1.77e-05 1.77e-05 3.95e-06 7e-07 1.89e-05 5.7e-06 2.4e-06 8.4e-06 2.405e-05 9.95e-06 2.5e-06 5.75e-06 2.26e-05 1.595e-05 2.35e-05 2.52e-05 1.38e-05 1e-05 2.54e-05 1.45e-06 8.4e-06 5.85e-06 8.35e-06 1.73e-05 1.925e-05 1.94e-05 3.485e-05 1.1e-06 8.45e-06 6e-06 1.97e-05 3.085e-05 2.295e-05 6.5e-07 1.15e-05 1.76e-05 3.07e-05 2.59e-05 2.54e-05 3.465e-05 1.03e-05 2.295e-05 1.25e-05 2.52e-05 8.55e-06 1.77e-05
35 3.25e-05 1.715e-05 8.65e-06 8.4e-06 9.15e-06 2.225e-05 1.415e-05 2.24e-05 2.24e-05 8.6e-06 8.25e-06 1.86e-05 1.035e-05 9.95e-06 8.65e-06 2.12e-05 1e-05 9.75e-06 8.5e-06 2.225e-05 8.8e-06 1.625e-05 2.23e-05 1.865e-05 9.95e-06 2.275e-05 8.95e-06 8.45e-06 8.7e-06 8.55e-06 1.725e-05 2.1e-05 2.405e-05 3.685e-05 8.45e-06 1.59e-05 8.85e-06 2.435e-05 3.275e-05 2.31e-05 8.4e-06 8.9e-06 1.03e-05 2.815e-05 2.43e-05 2.255e-05 3.67e-05 9.9e-06 2.31e-05 1.73e-05 2.27e-05 8.5e-06 2.26e-05
36 3.515e-05 1.975e-05 8.75e-06 8.65e-06 6.05e-06 2.25e-05 1.14e-05 2.24e-05 2.24e-05 8.9e-06 6.1e-06 1.865e-05 1.03e-05 7.5e-06 8.75e-06 2.405e-05 1e-05 7.55e-06 6.05e-06 2.26e-05 1.15e-05 1.875e-05 2.525e-05 1.86e-05 1.015e-05 2.525e-05 5.95e-06 8.55e-06 5.9e-06 8.7e-06 1.72e-05 2.37e-05 2.4e-05 3.925e-05 6e-06 8.85e-06 1.15e-05 2.415e-05 3.52e-05 2.24e-05 6.1e-06 1.15e-05 1.28e-05 3.09e-05 2.57e-05 2.53e-05 3.905e-05 1.025e-05 2.24e-05 1.74e-05 2.53e-05 8.8e-06 2.26e-05
37 1.625e-05 2.375e-05 2.42e-05 2.4e-05 2.88e-05 1.8e-05 1.815e-05 1.77e-05 1.77e-05 1.96e-05 1.995e-05 2.26e-05 1.735e-05 1.805e-05 2.42e-05 2.255e-05 2.245e-05 1.825e-05 2.38e-05 2.25e-05 2.855e-05 2.665e-05 2.245e-05 1.79e-05 2.245e-05 2.2e-05 1.97e-05 2.4e-05 2.41e-05 2.375e-05 2.385e-05 1.91e-05 1.615e-05 1.58e-05 1.97e-05 2.435e-05 2.415e-05 3.11e-05 1.61e-05 2.21e-05 2.01e-05 2.38e-05 2.67e-05 2.245e-05 2.065e-05 2.225e-05 1.56e-05 2.215e-05 2.21e-05 1.995e-05 2.22e-05 2.41e-05 1.79e-05
38 5e-06 2.1e-05 3.275e-05 3.245e-05 3.965e-05 1.795e-05 2.93e-05 1.77e-05 1.77e-05 2.83e-05 3.105e-05 2.205e-05 2.635e-05 2.91e-05 3.275e-05 1.995e-05 3.1e-05 2.935e-05 3.475e-05 2.22e-05 3.46e-05 3.07e-05 1.975e-05 1.765e-05 3.105e-05 1.945e-05 3.075e-05 3.255e-05 3.515e-05 3.23e-05 2.37e-05 1.245e-05 1.625e-05 4.75e-06 3.085e-05 3.275e-05 3.52e-05 1.61e-05 9.2e-06 2.21e-05 3.115e-05 2.995e-05 3.275e-05 1.41e-05 1.89e-05 1.97e-05 4.7e-06 3.075e-05 2.21e-05 1.97e-05 1.97e-05 3.27e-05 1.79e-05
39 2.225e-05 2.225e-05 2.275e-05 2.27e-05 2.225e-05 2.275e-05 2.275e-05 2.24e-05 2.24e-05 2.3e-05 2.325e-05 2.245e-05 2.24e-05 2.28e-05 2.275e-05 2.255e-05 2.255e-05 2.31e-05 2.25e-05 2.255e-05 2.25e-05 2.205e-05 2.25e-05 2.255e-05 2.26e-05 2.2e-05 2.25e-05 2.265e-05 2.26e-05 2.245e-05 2.225e-05 2.23e-05 2.235e-05 2.19e-05 2.295e-05 2.31e-05 2.24e-05 2.21e-05 2.21e-05 4.34e-05 2.325e-05 2.245e-05 2.21e-05 2.24e-05 2.215e-05 2.23e-05 2.175e-05 2.245e-05 2.17e-05 2.305e-05 2.22e-05 2.28e-05 2.25e-05
40 3.085e-05 2.01e-05 8.3e-06 8.7e-06 1.13e-05 1.775e-05 6.15e-06 1.79e-05 1.79e-05 3.95e-06 4.5e-07 1.9e-05 6e-06 2.65e-06 8.35e-06 2.405e-05 1.005e-05 2.4e-06 6.1e-06 2.27e-05 1.62e-05 2.38e-05 2.545e-05 1.415e-05 1e-05 2.57e-05 1.5e-06 8.5e-06 5.95e-06 8.85e-06 1.745e-05 1.955e-05 1.96e-05 3.525e-05 6.5e-07 8.4e-06 6.1e-06 2.01e-05 3.115e-05 2.325e-05 5e-07 1.17e-05 1.78e-05 3.085e-05 2.62e-05 2.55e-05 3.505e-05 1.045e-05 2.325e-05 1.245e-05 2.555e-05 8.55e-06 1.775e-05
41 3.01e-05 1.4e-05 8.3e-06 8.5e-06 1.17e-05 2.305e-05 1.675e-05 2.27e-05 2.27e-05 8.5e-06 1.18e-05 1.9e-05 9.35e-06 1.315e-05 8.3e-06 1.845e-05 9.85e-06 1.34e-05 1.11e-05 2.26e-05 5.2e-06 1.28e-05 1.975e-05 1.875e-05 9.9e-06 1.93e-05 1.16e-05 8.3e-06 1.145e-05 8.25e-06 1.715e-05 1.805e-05 2.42e-05 3.385e-05 1.15e-05 8.9e-06 1.15e-05 2.38e-05 2.995e-05 2.245e-05 1.17e-05 9.7e-06 6.4e-06 2.59e-05 2.26e-05 1.96e-05 3.365e-05 9.7e-06 2.245e-05 1.77e-05 1.955e-05 8.45e-06 2.27e-05
42 3.29e-05 1.52e-05 9.7e-06 9.9e-06 8.2e-06 2.75e-05 2.13e-05 2.715e-05 2.715e-05 1.465e-05 1.79e-05 1.865e-05 1.395e-05 1.77e-05 9.7e-06 1.82e-05 9.7e-06 1.795e-05 1.25e-05 2.235e-05 1.9e-06 7.95e-06 1.95e-05 2.32e-05 9.75e-06 1.905e-05 1.745e-05 9.7e-06 1.275e-05 9.65e-06 1.835e-05 2.385e-05 2.71e-05 3.665e-05 1.76e-05 1.03e-05 1.28e-05 2.67e-05 3.275e-05 2.21e-05 1.78e-05 6.4e-06 3.1e-06 2.565e-05 2.08e-05 1.935e-05 3.645e-05 9.55e-06 2.21e-05 2.36e-05 1.93e-05 9.85e-06 2.715e-05
43 1.405e-05 1.995e-05 2.825e-05 2.805e-05 3.1e-05 2.22e-05 3.085e-05 2.215e-05 2.215e-05 2.85e-05 3.08e-05 2.25e-05 2.845e-05 3.065e-05 2.825e-05 1.99e-05 2.815e-05 3.08e-05 3.055e-05 2.225e-05 2.575e-05 2.345e-05 1.97e-05 2.255e-05 2.82e-05 1.97e-05 3.09e-05 2.815e-05 3.08e-05 2.8e-05 2.235e-05 1.885e-05 2.235e-05 1.38e-05 3.07e-05 2.815e-05 3.09e-05 2.245e-05 1.41e-05 2.24e-05 3.085e-05 2.59e-05 2.565e-05 2.73e-05 2.07e-05 1.97e-05 1.375e-05 2.81e-05 2.24e-05 2.28e-05 1.97e-05 2.83e-05 2.225e-05
44 1.91e-05 2.205e-05 2.43e-05 2.405e-05 2.56e-05 2.25e-05 2.44e-05 2.23e-05 2.23e-05 2.445e-05 2.61e-05 2.215e-05 2.255e-05 2.42e-05 2.43e-05 2.1e-05 2.255e-05 2.44e-05 2.53e-05 2.225e-05 2.26e-05 2.07e-05 2.085e-05 2.23e-05 2.26e-05 2.06e-05 2.58e-05 2.41e-05 2.56e-05 2.39e-05 2.375e-05 2.195e-05 2.08e-05 1.89e-05 2.59e-05 2.43e-05 2.57e-05 2.065e-05 1.89e-05 2.215e-05 2.62e-05 2.26e-05 2.08e-05 2.07e-05 3.75e-05 2.075e-05 1.875e-05 2.24e-05 2.215e-05 2.425e-05 2.075e-05 2.425e-05 2.25e-05
45 1.97e-05 1.96e-05 2.245e-05 2.24e-05 2.53e-05 2.235e-05 2.535e-05 2.235e-05 2.235e-05 2.27e-05 2.55e-05 2.25e-05 2.235e-05 2.535e-05 2.245e-05 1.97e-05 2.235e-05 2.545e-05 2.5e-05 2.23e-05 1.96e-05 1.945e-05 1.965e-05 2.265e-05 2.24e-05 1.94e-05 2.54e-05 2.235e-05 2.525e-05 2.235e-05 2.225e-05 1.965e-05 2.24e-05 1.945e-05 2.54e-05 2.255e-05 2.53e-05 2.225e-05 1.97e-05 2.23e-05 2.55e-05 1.96e-05 1.935e-05 1.97e-05 2.075e-05 3.87e-05 1.935e-05 2.215e-05 2.23e-05 2.295e-05 1.955e-05 2.25e-05 2.245e-05
46 4.85e-06 2.5e-05 3.655e-05 3.63e-05 4.36e-05 1.77e-05 2.92e-05 1.74e-05 1.74e-05 3.21e-05 3.495e-05 2.635e-05 3.005e-05 3.295e-05 3.655e-05 2.105e-05 3.48e-05 3.325e-05 3.87e-05 2.235e-05 3.825e-05 3.03e-05 1.97e-05 2.175e-05 3.485e-05 1.91e-05 3.46e-05 3.635e-05 3.9e-05 3.605e-05 2.745e-05 1.645e-05 1.595e-05 2.5e-07 3.465e-05 3.67e-05 3.905e-05 1.56e-05 4.7e-06 2.175e-05 3.505e-05 3.365e-05 3.645e-05 1.375e-05 1.875e-05 1.935e-05 2e-07 3.46e-05 2.175e-05 2.38e-05 1.925e-05 3.65e-05 1.76e-05
47 3.07e-05 1.815e-05 1.005e-05 9.8e-06 1.03e-05 2.245e-05 1.42e-05 2.235e-05 2.235e-05 1e-05 1.03e-05 1.84e-05 9.6e-06 1.015e-05 1.005e-05 2.095e-05 9.85e-06 1.015e-05 9.8e-06 2.21e-05 9.85e-06 1.56e-05 2.205e-05 1.85e-05 9.8e-06 2.21e-05 1.035e-05 9.85e-06 1.02e-05 9.75e-06 1.845e-05 2.2e-05 2.235e-05 3.475e-05 1.03e-05 9.9e-06 1.025e-05 2.215e-05 3.075e-05 2.245e-05 1.045e-05 9.7e-06 9.55e-06 2.81e-05 2.24e-05 2.215e-05 3.46e-05 1.87e-05 2.245e-05 1.89e-05 2.23e-05 9.9e-06 2.255e-05
48 2.225e-05 2.225e-05 2.275e-05 2.27e-05 2.225e-05 2.275e-05 2.275e-05 2.24e-05 2.24e-05 2.3e-05 2.325e-05 2.245e-05 2.24e-05 2.28e-05 2.275e-05 2.255e-05 2.255e-05 2.31e-05 2.25e-05 2.255e-05 2.25e-05 2.205e-05 2.25e-05 2.255e-05 2.26e-05 2.2e-05 2.25e-05 2.265e-05 2.26e-05 2.245e-05 2.225e-05 2.23e-05 2.235e-05 2.19e-05 2.295e-05 2.31e-05 2.24e-05 2.21e-05 2.21e-05 2.17e-05 2.325e-05 2.245e-05 2.21e-05 2.24e-05 2.215e-05 2.23e-05 2.175e-05 2.245e-05 4.34e-05 2.305e-05 2.22e-05 2.28e-05 2.25e-05
49 1.97e-05 1.72e-05 1.73e-05 1.735e-05 2.22e-05 1.81e-05 1.79e-05 1.81e-05 1.81e-05 1.295e-05 1.25e-05 1.865e-05 1.45e-05 1.405e-05 1.72e-05 2.165e-05 1.875e-05 1.405e-05 1.715e-05 2.255e-05 2.225e-05 2.765e-05 2.28e-05 1.41e-05 1.88e-05 2.3e-05 1.275e-05 1.73e-05 1.725e-05 1.74e-05 1.745e-05 1.265e-05 1.965e-05 2.395e-05 1.25e-05 1.73e-05 1.74e-05 1.995e-05 1.97e-05 2.305e-05 1.245e-05 1.77e-05 2.36e-05 2.28e-05 2.425e-05 2.295e-05 2.38e-05 1.89e-05 2.305e-05 2.45e-05 2.3e-05 1.745e-05 1.8e-05
50 1.975e-05 1.96e-05 2.245e-05 2.235e-05 2.54e-05 2.26e-05 2.53e-05 2.23e-05 2.23e-05 2.27e-05 2.555e-05 2.27e-05 2.23e-05 2.515e-05 2.245e-05 1.97e-05 2.235e-05 2.55e-05 2.485e-05 2.24e-05 1.93e-05 1.935e-05 1.96e-05 2.25e-05 2.24e-05 1.93e-05 2.54e-05 2.235e-05 2.52e-05 2.205e-05 2.23e-05 1.965e-05 2.24e-05 1.94e-05 2.52e-05 2.27e-05 2.53e-05 2.22e-05 1.97e-05 2.22e-05 2.555e-05 1.955e-05 1.93e-05 1.97e-05 2.075e-05 1.955e-05 1.925e-05 2.23e-05 2.22e-05 2.3e-05 3.84e-05 2.25e-05 2.24e-05
51 3.26e-05 1.7e-05 8.5e-06 8.5e-06 9.15e-06 2.26e-05 1.395e-05 2.25e-05 2.25e-05 8.5e-06 8.5e-06 1.885e-05 1e-05 1.015e-05 8.5e-06 2.115e-05 9.95e-06 1.005e-05 8.5e-06 2.25e-05 8.45e-06 1.59e-05 2.245e-05 1.865e-05 9.85e-06 2.245e-05 8.9e-06 8.4e-06 8.7e-06 8.45e-06 1.725e-05 2.095e-05 2.41e-05 3.67e-05 8.55e-06 8.5e-06 8.8e-06 2.41e-05 3.27e-05 2.28e-05 8.55e-06 8.45e-06 9.85e-06 2.83e-05 2.425e-05 2.25e-05 3.65e-05 9.9e-06 2.28e-05 1.745e-05 2.25e-05 1.66e-05 2.26e-05
52 1.785e-05 2.255e-05 2.245e-05 2.25e-05 2.745e-05 1.775e-05 1.77e-05 1.765e-05 1.765e-05 1.81e-05 1.78e-05 2.265e-05 1.805e-05 1.78e-05 2.235e-05 2.26e-05 2.245e-05 1.79e-05 2.24e-05 2.25e-05 2.725e-05 2.705e-05 2.255e-05 1.795e-05 2.25e-05 2.24e-05 1.795e-05 2.245e-05 2.25e-05 2.245e-05 2.245e-05 1.8e-05 1.78e-05 1.775e-05 1.77e-05 2.26e-05 2.26e-05 1.79e-05 1.79e-05 2.25e-05 1.775e-05 2.27e-05 2.715e-05 2.225e-05 2.25e-05 2.245e-05 1.76e-05 2.255e-05 2.25e-05 1.8e-05 2.24e-05 2.26e-05 3.51e-05
