 slim_761995959 slim_761995978 slim_761995976 slim_761995975 slim_761995965 slim_761995931 slim_761995972 slim_761995979 slim_761995961 slim_761995985 slim_761995948 slim_761995945 slim_761995933 slim_761995973 slim_761995969 slim_761995939 slim_761995927 slim_761995966 slim_761995944 slim_761995986 slim_761995977 slim_761995980 slim_761995970 slim_761995953 slim_761995983 slim_761995974 slim_761995958 slim_761995971 slim_761995949 slim_761995938 slim_761995963 slim_761995942 slim_761995930 slim_761995952 slim_761995951 slim_761995932 slim_761995929 slim_761995982 slim_761995962 slim_761995984 slim_761995928 slim_761995960 slim_761995946 slim_761995981 slim_761995955 slim_761995947 slim_761995941 slim_761995950 slim_761995968 slim_761995943 slim_761995936 slim_761995937 slim_761995954 slim_761995957 slim_761995934 slim_761995935 slim_761995964 slim_761995940 slim_761995956 slim_761995967
0 0.0001714 0.00016865 0.0001705 0.00016795 0.00016925 0.00014525 0.00017985 0.0001232 0.0001539 0.00013225 0.0001757 0.0001694 0.0001384 0.00015325 0.0001688 0.00017055 0.0001446 0.0001487 0.00017955 0.00015655 0.00012705 0.0001388 0.0001189 0.0001665 0.0001025 0.0001687 0.0001519 0.000156 0.00016925 0.00017185 0.0001648 0.0001705 0.0001692 0.0001574 0.0001701 0.00017445 0.0001737 0.0001282 0.0001494 0.00016135 0.0001656 0.0001492 0.00015305 0.00014425 0.00010285 0.00017575 0.0001747 0.0001694 0.0001722 0.0001688 0.00017355 0.00012355 0.00016935 0.0001775 0.00017305 0.0001281 0.0001464 0.00016835 0.00016615 0.000173
1 0.00016865 1.66e-05 8.3e-06 9.145e-05 8.16e-05 5.28e-05 7.65e-05 0.00011165 0.00016975 0.00014945 1.9e-05 8.175e-05 0.00016025 0.0001698 8.55e-06 8.55e-06 0.00013585 0.00014555 0.00010165 0.0001397 0.0001623 0.00017415 0.00014275 0.0001608 0.0001384 8.5e-06 8.72e-05 0.00014745 8.16e-05 9.3e-05 8.48e-05 8.5e-06 8.67e-05 7.44e-05 8.755e-05 9.735e-05 0.00010035 0.0001335 9.19e-05 6.74e-05 3.63e-05 0.00014465 0.00015955 0.0001774 0.0001282 1.905e-05 9.76e-05 0.00013025 9.855e-05 0.00017 0.0001632 0.0001545 8.685e-05 8.565e-05 0.00016925 8.385e-05 8.445e-05 0.00016535 0.00013195 0.00016405
2 0.0001705 8.3e-06 0.0 9.535e-05 8.155e-05 4.45e-05 7.425e-05 0.0001171 0.00016965 0.0001466 1.22e-05 8.17e-05 0.00016195 0.00017415 8.55e-06 2.5e-07 0.0001315 0.0001442 0.000101 0.0001479 0.000164 0.00017465 0.0001399 0.00016645 0.00013635 8.45e-06 8.315e-05 0.00015565 8.155e-05 8.865e-05 7.935e-05 2e-07 8.295e-05 7.435e-05 8.385e-05 9.51e-05 9.82e-05 0.00013095 8.79e-05 5.91e-05 3.63e-05 0.0001411 0.00016375 0.0001773 0.00012535 1.225e-05 9.535e-05 0.00013045 9.565e-05 0.0001702 0.0001671 0.0001599 8.31e-05 8.28e-05 0.00017165 8.1e-05 7.765e-05 0.00016615 0.0001276 0.00017015
3 0.00016795 9.145e-05 9.535e-05 0.0001749 0.00012305 0.00011665 0.00011775 0.0001359 0.00012865 0.000131 9.385e-05 0.0001232 0.0001595 0.0001642 9.165e-05 9.55e-05 0.00011265 0.0001545 0.00012485 0.00014425 0.0001634 0.000173 0.00012865 0.00015745 0.00015675 9.155e-05 0.00013115 0.00014605 0.00012305 0.00012195 0.00011695 9.545e-05 0.00013 0.00011855 0.0001188 0.0001285 0.0001252 0.0001512 0.0001297 9.55e-05 0.00010275 0.00014995 0.00016 0.00016465 0.00014985 9.39e-05 0.00012875 0.00010395 0.0001128 0.0001263 0.0001494 0.00015795 0.00013015 8.995e-05 0.00016095 0.0001286 0.0001242 0.000165 0.00010745 0.0001539
4 0.00016925 8.16e-05 8.155e-05 0.00012305 0.0001629 0.0001049 0.000123 0.00012695 0.00016255 0.00014505 9.225e-05 8.17e-05 0.00016195 0.0001308 8.165e-05 8.16e-05 0.0001464 0.00011805 0.0001018 9.27e-05 0.0001656 0.0001643 0.0001499 0.00011845 0.00015385 8.15e-05 0.00011675 9.27e-05 8.165e-05 0.00013235 0.00012125 8.155e-05 0.00012005 9.275e-05 0.00012195 0.0001308 0.0001345 0.00015115 0.00012335 0.0001046 8.165e-05 0.00014985 0.0001209 0.00016695 0.00015025 9.23e-05 0.00013105 0.000138 0.0001321 0.0001618 0.00012295 0.00013465 0.0001202 0.0001254 0.0001296 0.00012685 0.00011565 0.000159 0.00012305 9.11e-05
5 0.00014525 5.28e-05 4.45e-05 0.00011665 0.0001049 8.88e-05 0.00010815 0.00010515 0.0001725 0.00013485 5.67e-05 0.00010505 0.000152 0.00017225 5.295e-05 4.455e-05 0.00010835 0.0001444 0.00012445 0.0001425 0.00014445 0.00017365 0.00011705 0.00016495 0.00011345 5.285e-05 0.00010745 0.00014685 0.0001049 0.0001071 0.0001018 4.45e-05 0.00010745 8.66e-05 0.0001064 0.0001197 0.0001245 0.0001227 9.925e-05 8.03e-05 6.84e-05 0.00014245 0.00016875 0.0001763 8.125e-05 5.675e-05 0.00011995 0.00014085 0.0001182 0.0001716 0.00017065 0.00013995 0.0001076 0.0001041 0.0001752 8.125e-05 6.685e-05 0.00017085 0.0001311 0.00017255
6 0.00017985 7.65e-05 7.425e-05 0.00011775 0.000123 0.00010815 0.0001165 0.00015045 0.00016515 0.00016865 6.625e-05 0.00012315 0.000132 0.0001783 7.67e-05 7.44e-05 0.0001494 0.00016405 0.0001139 0.0001589 0.000134 0.0001492 0.000162 0.00017585 0.00016315 7.66e-05 0.00012835 0.00016665 0.000123 0.00011775 0.00012145 7.435e-05 8.715e-05 0.0001181 0.00012595 7.915e-05 0.0001065 0.00015455 0.0001272 0.00011535 0.0001038 0.0001367 0.0001723 0.0001565 0.00015485 6.63e-05 7.935e-05 0.0001286 0.00011135 0.0001286 0.0001432 0.0001672 8.725e-05 9.905e-05 0.00013475 0.000121 0.00012115 0.0001003 0.0001488 0.0001705
7 0.0001232 0.00011165 0.0001171 0.0001359 0.00012695 0.00010515 0.00015045 0.0001634 0.00016845 0.00011615 0.000123 0.00012705 0.00013185 0.00014785 0.00011185 0.00011725 0.00012935 0.00014555 0.0001412 0.00012795 0.0001255 0.00016715 0.0001097 0.0001412 0.0001097 0.0001118 0.00013905 0.0001246 0.0001269 0.0001452 0.00013785 0.0001172 0.000143 0.00011495 0.0001421 0.0001489 0.0001535 0.00013495 0.00011435 0.00012745 9.945e-05 0.0001583 0.00015375 0.00017205 8.745e-05 0.00012305 0.00014915 0.00013765 0.00014695 0.00016745 0.00015775 0.0001175 0.00014315 0.00014065 0.00016115 9.945e-05 0.0001002 0.00016925 0.00013625 0.00014495
8 0.0001539 0.00016975 0.00016965 0.00012865 0.00016255 0.0001725 0.00016515 0.00016845 0.0001751 0.00013485 0.00016705 0.0001627 0.0001552 0.00016165 0.0001699 0.0001697 0.00013145 0.000156 0.00016095 0.00016205 0.00015885 0.00012975 0.0001376 0.000162 0.0001633 0.0001698 0.00013145 0.0001587 0.00016255 0.0001661 0.0001544 0.00016965 0.00015755 0.00016595 0.000156 0.000155 0.0001633 0.00014355 0.0001681 0.00013645 0.0001673 0.0001432 0.00012135 0.00012285 0.0001737 0.0001671 0.00015515 0.0001289 0.00014885 0.0001167 0.0001436 0.00015775 0.0001576 0.0001352 0.00015145 0.0001708 0.00016995 0.0001457 0.00012265 0.00015635
9 0.00013225 0.00014945 0.0001466 0.000131 0.00014505 0.00013485 0.00016865 0.00011615 0.00013485 0.0001476 0.000154 0.0001452 0.00013335 0.00014665 0.0001496 0.00014665 0.00011645 0.00015155 0.0001588 0.0001402 0.00013705 0.00016325 8.95e-05 0.0001368 0.00012605 0.0001495 0.0001479 0.0001365 0.000145 0.0001638 0.0001365 0.0001466 0.00015755 0.0001382 0.00014555 0.000165 0.00016675 0.0001582 0.00011745 0.0001102 0.0001369 0.0001622 0.00015145 0.00016755 0.00011415 0.00015405 0.00016525 0.00013185 0.0001512 0.0001394 0.00016045 0.00013095 0.0001577 0.00014255 0.00016235 0.0001258 0.00013425 0.00016895 0.000115 0.00014975
10 0.0001757 1.9e-05 1.22e-05 9.385e-05 9.225e-05 5.67e-05 6.625e-05 0.000123 0.00016705 0.000154 2.44e-05 9.24e-05 0.00016135 0.00018005 1.925e-05 1.245e-05 0.0001315 0.00014725 9.34e-05 0.0001571 0.0001634 0.00017625 0.0001473 0.0001744 0.0001422 1.915e-05 9.275e-05 0.00016485 9.225e-05 8.865e-05 8.69e-05 1.24e-05 8.715e-05 8.505e-05 9.225e-05 8.71e-05 8.6e-05 0.00012835 9.25e-05 7.13e-05 4.7e-05 0.00013955 0.00017185 0.0001747 0.00013275 1.225e-05 8.735e-05 0.00012245 8.895e-05 0.0001622 0.0001656 0.0001658 8.73e-05 7.06e-05 0.00016825 8.84e-05 7.765e-05 0.00016235 0.0001276 0.00017325
11 0.0001694 8.175e-05 8.17e-05 0.0001232 8.17e-05 0.00010505 0.00012315 0.00012705 0.0001627 0.0001452 9.24e-05 0.0001632 0.0001621 0.00013095 8.175e-05 8.175e-05 0.00014655 0.00011815 0.0001019 9.285e-05 0.00016575 0.00016445 0.00015005 0.0001186 0.000154 8.17e-05 0.0001169 9.285e-05 8.165e-05 0.0001325 0.0001214 8.17e-05 0.0001202 9.29e-05 0.0001221 0.00013095 0.00013465 0.0001513 0.0001235 0.00010475 8.175e-05 0.00015 0.00012105 0.0001671 0.0001504 9.245e-05 0.0001312 0.00013815 0.00013225 0.00016195 0.000123 0.0001347 0.00012035 0.00012555 0.0001297 0.000127 0.0001158 0.00015915 0.00012315 9.11e-05
12 0.0001384 0.00016025 0.00016195 0.0001595 0.00016195 0.000152 0.000132 0.00013185 0.0001552 0.00013335 0.00016135 0.0001621 0.0001695 0.0001615 0.0001604 0.000162 0.0001513 0.00017055 0.0001654 0.0001533 9.48e-05 0.0001299 0.00013025 0.0001623 0.0001378 0.0001603 0.00015885 0.00014985 0.00016195 0.0001703 0.00015545 0.00016195 0.0001233 0.00015 0.0001606 0.00012275 0.0001692 0.0001675 0.00014575 0.000159 0.0001606 0.00014115 0.00015565 0.000143 0.0001233 0.0001614 0.000123 0.0001502 0.00015495 0.00012285 0.00013655 0.00012545 0.00012345 0.00016205 0.00012735 0.0001332 0.00015095 8.51e-05 0.00016215 0.0001659
13 0.00015325 0.0001698 0.00017415 0.0001642 0.0001308 0.00017225 0.0001783 0.00014785 0.00016165 0.00014665 0.00018005 0.00013095 0.0001615 0.0001743 0.00016995 0.0001742 0.0001667 0.0001257 0.00014515 0.000106 0.00016465 0.0001555 0.0001582 0.00011415 0.00015605 0.00016985 0.0001612 0.000102 0.0001308 0.000181 0.0001684 0.00017415 0.000169 0.0001455 0.00016745 0.00017495 0.000169 0.00016685 0.00016645 0.0001628 0.00015245 0.0001601 0.0001236 0.00015995 0.0001677 0.0001801 0.0001752 0.00015645 0.00017125 0.0001637 0.00013025 0.00013665 0.00016915 0.00017275 0.0001341 0.00016955 0.00016445 0.0001643 0.0001439 9.58e-05
14 0.0001688 8.55e-06 8.55e-06 9.165e-05 8.165e-05 5.295e-05 7.67e-05 0.00011185 0.0001699 0.0001496 1.925e-05 8.175e-05 0.0001604 0.00016995 1.71e-05 8.7e-06 0.000136 0.0001457 0.00010185 0.00013985 0.00016245 0.0001743 0.0001429 0.00016095 0.00013855 8.6e-06 8.725e-05 0.0001476 8.175e-05 9.315e-05 8.495e-05 8.65e-06 8.685e-05 7.46e-05 8.775e-05 9.755e-05 0.0001005 0.0001337 9.205e-05 6.755e-05 3.65e-05 0.0001448 0.0001597 0.00017755 0.00012835 1.93e-05 9.78e-05 0.00013045 9.875e-05 0.00017015 0.00016335 0.00015465 8.7e-05 8.585e-05 0.0001694 8.4e-05 8.465e-05 0.0001655 0.0001321 0.0001642
15 0.00017055 8.55e-06 2.5e-07 9.55e-05 8.16e-05 4.455e-05 7.44e-05 0.00011725 0.0001697 0.00014665 1.245e-05 8.175e-05 0.000162 0.0001742 8.7e-06 1e-07 0.00013155 0.00014425 0.00010115 0.00014795 0.00016405 0.0001747 0.00013995 0.0001665 0.0001364 8.6e-06 8.32e-05 0.0001557 8.16e-05 8.855e-05 7.93e-05 1e-07 8.3e-05 7.45e-05 8.4e-05 9.525e-05 9.815e-05 0.0001311 8.795e-05 5.915e-05 3.635e-05 0.00014115 0.0001638 0.00017735 0.0001254 1.25e-05 9.55e-05 0.0001306 9.58e-05 0.00017025 0.00016715 0.00015995 8.315e-05 8.295e-05 0.0001717 8.105e-05 7.78e-05 0.0001662 0.00012765 0.0001702
16 0.0001446 0.00013585 0.0001315 0.00011265 0.0001464 0.00010835 0.0001494 0.00012935 0.00013145 0.00011645 0.0001315 0.00014655 0.0001513 0.0001667 0.000136 0.00013155 0.0001704 0.0001534 0.00014765 0.0001471 0.0001456 0.00017255 0.000103 0.00016165 0.00013185 0.0001359 0.00015145 0.0001455 0.0001464 0.0001361 0.000134 0.0001315 0.0001508 0.00013075 0.00013765 0.00015085 0.0001494 0.0001404 0.0001371 0.00010845 0.0001348 0.0001478 0.00016925 0.0001636 0.00010295 0.00013155 0.0001511 0.00011455 0.00013245 0.00012795 0.0001569 0.00014345 0.00015095 0.0001084 0.00016695 0.00012605 0.0001066 0.00017055 0.00010665 0.00016245
17 0.0001487 0.00014555 0.0001442 0.0001545 0.00011805 0.0001444 0.00016405 0.00014555 0.000156 0.00015155 0.00014725 0.00011815 0.00017055 0.0001257 0.0001457 0.00014425 0.0001534 0.0001692 0.00011755 0.0001138 0.0001708 0.00014285 0.0001611 0.00012385 0.00013315 0.0001456 0.0001413 0.00010885 0.000118 0.00016495 0.0001532 0.0001442 0.00015185 0.00013515 0.0001547 0.00015495 0.0001531 0.00013575 0.00014645 0.0001424 0.00012685 0.00012155 0.0001206 0.00014215 0.00016315 0.0001473 0.0001552 0.0001496 0.0001559 0.0001611 0.0001251 0.0001429 0.000152 0.0001479 0.0001221 0.0001629 0.00013325 0.00015995 0.0001267 8.82e-05
18 0.00017955 0.00010165 0.000101 0.00012485 0.0001018 0.00012445 0.0001139 0.0001412 0.00016095 0.0001588 9.34e-05 0.0001019 0.0001654 0.00014515 0.00010185 0.00010115 0.00014765 0.00011755 0.0001716 0.00011345 0.00016905 0.0001707 0.00016365 0.0001362 0.00016465 0.00010175 0.00013355 0.00011345 0.00010175 0.0001336 0.00013405 0.0001011 0.0001293 0.00011285 0.0001359 0.0001217 0.00011745 0.0001495 0.00012585 0.00012415 0.0001017 0.00014815 0.0001382 0.00016535 0.000164 9.34e-05 0.00012195 0.0001289 0.00012435 0.00015275 0.00012475 0.00014895 0.00012945 0.0001083 0.00012175 0.0001406 0.00011685 0.00015795 0.00012425 9.41e-05
19 0.00015655 0.0001397 0.0001479 0.00014425 9.27e-05 0.0001425 0.0001589 0.00012795 0.00016205 0.0001402 0.0001571 9.285e-05 0.0001533 0.000106 0.00013985 0.00014795 0.0001471 0.0001138 0.00011345 7.44e-05 0.00015585 0.00016185 0.00014565 9.115e-05 0.00015945 0.00013975 0.0001515 3.72e-05 9.27e-05 0.0001643 0.0001561 0.0001479 0.00015365 9.255e-05 0.0001529 0.0001629 0.00016655 0.00016665 0.0001469 0.0001437 0.000126 0.00016605 0.000102 0.0001645 0.0001445 0.00015715 0.00016315 0.0001477 0.0001614 0.0001585 0.00010125 0.0001099 0.0001538 0.0001615 0.00011 0.00014985 0.0001394 0.00015985 0.00013335 4.895e-05
20 0.00012705 0.0001623 0.000164 0.0001634 0.0001656 0.00014445 0.000134 0.0001255 0.00015885 0.00013705 0.0001634 0.00016575 9.48e-05 0.00016465 0.00016245 0.00016405 0.0001456 0.0001708 0.00016905 0.00015585 0.000173 0.00012825 0.00012415 0.00016575 0.0001264 0.00016235 0.00016075 0.0001551 0.0001656 0.0001657 0.00016565 0.000164 0.0001252 0.00015365 0.0001708 0.00012465 0.000172 0.00015655 0.0001476 0.0001629 0.00016425 0.00013965 0.00015905 0.0001415 0.00010575 0.00016345 0.00012475 0.00015565 0.00016515 0.00012645 0.00014005 0.0001173 0.0001252 0.00016595 0.00013085 0.00012525 0.000145 8.655e-05 0.00016765 0.00017115
21 0.0001388 0.00017415 0.00017465 0.000173 0.0001643 0.00017365 0.0001492 0.00016715 0.00012975 0.00016325 0.00017625 0.00016445 0.0001299 0.0001555 0.0001743 0.0001747 0.00017255 0.00014285 0.0001707 0.00016185 0.00012825 0.0001735 0.00016635 0.00015875 0.00014595 0.0001742 0.00013405 0.0001595 0.0001643 0.00018025 0.0001716 0.00017465 0.00013065 0.00017 0.00017325 0.0001323 0.0001723 0.00013225 0.00017385 0.00016885 0.00016965 0.000118 0.00012025 0.00010035 0.0001712 0.0001763 0.00013235 0.00016355 0.0001718 0.0001296 0.00013385 0.00015015 0.00013065 0.0001758 0.0001251 0.00017215 0.000173 8.675e-05 0.00016725 0.00015865
22 0.0001189 0.00014275 0.0001399 0.00012865 0.0001499 0.00011705 0.000162 0.0001097 0.0001376 8.95e-05 0.0001473 0.00015005 0.00013025 0.0001582 0.0001429 0.00013995 0.000103 0.0001611 0.00016365 0.00014565 0.00012415 0.00016635 0.0001516 0.00015965 0.00011275 0.0001428 0.0001485 0.0001441 0.00014985 0.00015395 0.00013425 0.0001399 0.00015595 0.00013425 0.0001433 0.0001634 0.0001701 0.0001451 0.0001288 0.00010785 0.00014175 0.0001653 0.0001614 0.00017065 8.5e-05 0.00014735 0.00016365 0.00013575 0.00014895 0.00014215 0.0001704 0.00012025 0.0001561 0.0001402 0.0001723 0.0001078 0.0001227 0.00017245 0.0001242 0.00016615
23 0.0001665 0.0001608 0.00016645 0.00015745 0.00011845 0.00016495 0.00017585 0.0001412 0.000162 0.0001368 0.0001744 0.0001186 0.0001623 0.00011415 0.00016095 0.0001665 0.00016165 0.00012385 0.0001362 9.115e-05 0.00016575 0.00015875 0.00015965 0.0001403 0.00016635 0.00016085 0.00015725 8.565e-05 0.00011845 0.00017655 0.00016425 0.00016645 0.00016125 0.0001338 0.00016385 0.00016925 0.0001703 0.00017255 0.00015175 0.0001554 0.00013695 0.0001603 0.00011705 0.000162 0.00016925 0.00017445 0.0001695 0.00015075 0.00017075 0.0001582 0.00011665 0.0001353 0.0001614 0.00017005 0.00012305 0.0001707 0.00015585 0.0001565 0.00013305 8.015e-05
24 0.0001025 0.0001384 0.00013635 0.00015675 0.00015385 0.00011345 0.00016315 0.0001097 0.0001633 0.00012605 0.0001422 0.000154 0.0001378 0.00015605 0.00013855 0.0001364 0.00013185 0.00013315 0.00016465 0.00015945 0.0001264 0.00014595 0.00011275 0.00016635 0.0001701 0.00013845 0.00014225 0.0001589 0.00015385 0.0001563 0.00014735 0.00013635 0.00015185 0.00014155 0.00015385 0.00015775 0.0001639 0.0001192 0.0001315 0.0001384 0.00013535 0.00013115 0.00016215 0.0001507 8.785e-05 0.00014225 0.000158 0.00016035 0.00015715 0.0001705 0.00017425 0.00012485 0.000152 0.000154 0.0001743 0.0001107 0.00011525 0.0001678 0.00015105 0.0001762
25 0.0001687 8.5e-06 8.45e-06 9.155e-05 8.15e-05 5.285e-05 7.66e-05 0.0001118 0.0001698 0.0001495 1.915e-05 8.17e-05 0.0001603 0.00016985 8.6e-06 8.6e-06 0.0001359 0.0001456 0.00010175 0.00013975 0.00016235 0.0001742 0.0001428 0.00016085 0.00013845 1.69e-05 8.71e-05 0.0001475 8.165e-05 9.305e-05 8.485e-05 8.55e-06 8.675e-05 7.45e-05 8.765e-05 9.745e-05 0.0001004 0.0001336 9.195e-05 6.745e-05 3.645e-05 0.0001447 0.0001596 0.00017745 0.00012825 1.92e-05 9.77e-05 0.00013035 9.865e-05 0.00017005 0.00016325 0.00015455 8.69e-05 8.575e-05 0.0001693 8.39e-05 8.455e-05 0.0001654 0.000132 0.0001641
26 0.0001519 8.72e-05 8.315e-05 0.00013115 0.00011675 0.00010745 0.00012835 0.00013905 0.00013145 0.0001479 9.275e-05 0.0001169 0.00015885 0.0001612 8.725e-05 8.32e-05 0.00015145 0.0001413 0.00013355 0.0001515 0.00016075 0.00013405 0.0001485 0.00015725 0.00014225 8.71e-05 0.0001661 0.0001541 0.00011685 0.0001364 0.0001205 8.315e-05 0.0001188 0.0001205 0.00012305 0.00012845 0.0001387 0.0001234 0.0001269 0.0001068 9.735e-05 0.00014095 0.00012095 0.00013865 0.0001492 9.28e-05 0.0001287 0.0001519 0.0001329 0.00016305 0.00015725 0.0001484 0.00011895 0.0001294 0.0001596 0.00012485 0.00012725 0.0001549 0.0001409 0.00015755
27 0.000156 0.00014745 0.00015565 0.00014605 9.27e-05 0.00014685 0.00016665 0.0001246 0.0001587 0.0001365 0.00016485 9.285e-05 0.00014985 0.000102 0.0001476 0.0001557 0.0001455 0.00010885 0.00011345 3.72e-05 0.0001551 0.0001595 0.0001441 8.565e-05 0.0001589 0.0001475 0.0001541 5.89e-05 9.27e-05 0.00016865 0.0001578 0.00015565 0.00015625 9.255e-05 0.0001546 0.0001655 0.00016865 0.00016605 0.00014915 0.0001455 0.000126 0.0001637 9.685e-05 0.00016215 0.0001455 0.0001649 0.00016575 0.00014175 0.0001631 0.00015515 9.61e-05 0.00010915 0.0001564 0.0001633 0.00010485 0.00015425 0.000136 0.0001573 0.0001274 4.12e-05
28 0.00016925 8.16e-05 8.155e-05 0.00012305 8.165e-05 0.0001049 0.000123 0.0001269 0.00016255 0.000145 9.225e-05 8.165e-05 0.00016195 0.0001308 8.175e-05 8.16e-05 0.0001464 0.000118 0.00010175 9.27e-05 0.0001656 0.0001643 0.00014985 0.00011845 0.00015385 8.165e-05 0.00011685 9.27e-05 0.0001629 0.00013235 0.00012125 8.155e-05 0.00012005 9.275e-05 0.00012195 0.0001308 0.0001345 0.00015115 0.00012335 0.0001045 8.16e-05 0.00014985 0.0001209 0.00016695 0.00015025 9.23e-05 0.00013105 0.000138 0.0001321 0.0001618 0.00012285 0.00013455 0.0001202 0.0001254 0.00012955 0.0001268 0.00011565 0.000159 0.000123 9.095e-05
29 0.00017185 9.3e-05 8.865e-05 0.00012195 0.00013235 0.0001071 0.00011775 0.0001452 0.0001661 0.0001638 8.865e-05 0.0001325 0.0001703 0.000181 9.315e-05 8.855e-05 0.0001361 0.00016495 0.0001336 0.0001643 0.0001657 0.00018025 0.00015395 0.00017655 0.0001563 9.305e-05 0.0001364 0.00016865 0.00013235 0.0001771 0.00013025 8.855e-05 0.0001292 0.0001251 0.0001323 0.00012925 0.00012705 0.00014975 0.00013235 0.0001177 0.0001089 0.0001518 0.00018055 0.0001713 0.0001434 8.87e-05 0.0001295 0.00013765 0.0001271 0.00015845 0.0001641 0.0001665 0.00012935 0.00011245 0.00017415 0.0001249 0.00011915 0.0001702 0.00014165 0.0001772
30 0.0001648 8.48e-05 7.935e-05 0.00011695 0.00012125 0.0001018 0.00012145 0.00013785 0.0001544 0.0001365 8.69e-05 0.0001214 0.00015545 0.0001684 8.495e-05 7.93e-05 0.000134 0.0001532 0.00013405 0.0001561 0.00016565 0.0001716 0.00013425 0.00016425 0.00014735 8.485e-05 0.0001205 0.0001578 0.00012125 0.00013025 0.0001585 7.93e-05 0.00012415 0.00011605 9.975e-05 0.00013175 0.00013385 0.0001495 0.0001237 9.3e-05 9.655e-05 0.0001541 0.00016385 0.00017465 0.0001431 8.695e-05 0.000132 0.00013375 0.000104 0.0001566 0.00016925 0.00016265 0.0001243 0.0001163 0.0001713 0.0001206 0.00011785 0.0001694 0.0001296 0.0001683
31 0.0001705 8.5e-06 2e-07 9.545e-05 8.155e-05 4.45e-05 7.435e-05 0.0001172 0.00016965 0.0001466 1.24e-05 8.17e-05 0.00016195 0.00017415 8.65e-06 1e-07 0.0001315 0.0001442 0.0001011 0.0001479 0.000164 0.00017465 0.0001399 0.00016645 0.00013635 8.55e-06 8.315e-05 0.00015565 8.155e-05 8.855e-05 7.93e-05 2e-07 8.295e-05 7.445e-05 8.395e-05 9.52e-05 9.815e-05 0.00013105 8.79e-05 5.91e-05 3.635e-05 0.0001411 0.00016375 0.0001773 0.00012535 1.245e-05 9.545e-05 0.00013055 9.575e-05 0.0001702 0.0001671 0.0001599 8.31e-05 8.29e-05 0.00017165 8.1e-05 7.775e-05 0.00016615 0.0001276 0.00017015
32 0.0001692 8.67e-05 8.295e-05 0.00013 0.00012005 0.00010745 8.715e-05 0.000143 0.00015755 0.00015755 8.715e-05 0.0001202 0.0001233 0.000169 8.685e-05 8.3e-05 0.0001508 0.00015185 0.0001293 0.00015365 0.0001252 0.00013065 0.00015595 0.00016125 0.00015185 8.675e-05 0.0001188 0.00015625 0.00012005 0.0001292 0.00012415 8.295e-05 0.0001657 0.0001193 0.00012785 8.71e-05 0.00012955 0.0001518 0.000129 0.00011385 0.0001009 0.00012125 0.00015105 0.0001421 0.0001496 8.72e-05 8.735e-05 0.00013835 0.00012835 0.00012645 0.00013155 0.000152 8.3e-05 0.000122 0.000125 0.00012505 0.00012365 8.32e-05 0.00014645 0.0001621
33 0.0001574 7.44e-05 7.435e-05 0.00011855 9.275e-05 8.66e-05 0.0001181 0.00011495 0.00016595 0.0001382 8.505e-05 9.29e-05 0.00015 0.0001455 7.46e-05 7.45e-05 0.00013075 0.00013515 0.00011285 9.255e-05 0.00015365 0.00017 0.00013425 0.0001338 0.00014155 7.45e-05 0.0001205 9.255e-05 9.275e-05 0.0001251 0.00011605 7.445e-05 0.0001193 0.0001487 0.0001167 0.00013 0.0001325 0.00014605 0.00011385 0.00010015 8.085e-05 0.0001551 0.00013985 0.00017265 0.00012075 8.51e-05 0.00013025 0.0001344 0.00012685 0.0001637 0.0001404 0.00013455 0.00011945 0.0001209 0.00014705 0.00010855 9.82e-05 0.0001646 0.0001321 0.0001204
34 0.0001701 8.755e-05 8.385e-05 0.0001188 0.00012195 0.0001064 0.00012595 0.0001421 0.000156 0.00014555 9.225e-05 0.0001221 0.0001606 0.00016745 8.775e-05 8.4e-05 0.00013765 0.0001547 0.0001359 0.0001529 0.0001708 0.00017325 0.0001433 0.00016385 0.00015385 8.765e-05 0.00012305 0.0001546 0.00012195 0.0001323 9.975e-05 8.395e-05 0.00012785 0.0001167 0.0001677 0.00013625 0.0001391 0.00015285 0.00012875 0.0001006 9.94e-05 0.0001569 0.0001625 0.00017495 0.00014915 9.23e-05 0.0001365 0.0001352 0.0001012 0.00015935 0.0001677 0.0001648 0.000128 0.00011895 0.00017145 0.00012665 0.00012325 0.0001722 0.00013325 0.00016545
35 0.00017445 9.735e-05 9.51e-05 0.0001285 0.0001308 0.0001197 7.915e-05 0.0001489 0.000155 0.000165 8.71e-05 0.00013095 0.00012275 0.00017495 9.755e-05 9.525e-05 0.00015085 0.00015495 0.0001217 0.0001629 0.00012465 0.0001323 0.0001634 0.00016925 0.00015775 9.745e-05 0.00012845 0.0001655 0.0001308 0.00012925 0.00013175 9.52e-05 8.71e-05 0.00013 0.00013625 0.0001582 0.0001174 0.0001492 0.00013365 0.0001261 0.0001116 0.00011975 0.0001592 0.00013955 0.00015705 8.715e-05 7.935e-05 0.00013035 0.00012165 0.0001185 0.0001301 0.00015795 8.725e-05 0.0001098 0.00012165 0.0001325 0.00012365 7.945e-05 0.0001465 0.00016525
36 0.0001737 0.00010035 9.82e-05 0.0001252 0.0001345 0.0001245 0.0001065 0.0001535 0.0001633 0.00016675 8.6e-05 0.00013465 0.0001692 0.000169 0.0001005 9.815e-05 0.0001494 0.0001531 0.00011745 0.00016655 0.000172 0.0001723 0.0001701 0.0001703 0.0001639 0.0001004 0.0001387 0.00016865 0.0001345 0.00012705 0.00013385 9.815e-05 0.00012955 0.0001325 0.0001391 0.0001174 0.0001474 0.0001449 0.00013185 0.0001279 0.00011125 0.0001475 0.00017445 0.0001666 0.00016675 8.605e-05 0.00011765 0.00013075 0.0001202 0.00015475 0.0001603 0.00018 0.0001297 0.00010125 0.000161 0.0001404 0.0001196 0.00016135 0.0001392 0.00016585
37 0.0001282 0.0001335 0.00013095 0.0001512 0.00015115 0.0001227 0.00015455 0.00013495 0.00014355 0.0001582 0.00012835 0.0001513 0.0001675 0.00016685 0.0001337 0.0001311 0.0001404 0.00013575 0.0001495 0.00016665 0.00015655 0.00013225 0.0001451 0.00017255 0.0001192 0.0001336 0.0001234 0.00016605 0.00015115 0.00014975 0.0001495 0.00013105 0.0001518 0.00014605 0.00015285 0.0001492 0.0001449 0.0001829 0.0001485 0.0001406 0.00013045 0.000136 0.0001457 0.00013265 0.00012725 0.0001284 0.00014945 0.00015115 0.0001476 0.00016975 0.00017245 0.00015245 0.00015195 0.00013875 0.0001729 0.00013555 0.00011595 0.000173 0.0001504 0.00017215
38 0.0001494 9.19e-05 8.79e-05 0.0001297 0.00012335 9.925e-05 0.0001272 0.00011435 0.0001681 0.00011745 9.25e-05 0.0001235 0.00014575 0.00016645 9.205e-05 8.795e-05 0.0001371 0.00014645 0.00012585 0.0001469 0.0001476 0.00017385 0.0001288 0.00015175 0.0001315 9.195e-05 0.0001269 0.00014915 0.00012335 0.00013235 0.0001237 8.79e-05 0.000129 0.00011385 0.00012875 0.00013365 0.00013185 0.0001485 0.0001756 0.00011045 9.6e-05 0.00015395 0.00016545 0.0001734 0.00011765 9.255e-05 0.0001339 0.0001435 0.0001336 0.0001671 0.00016415 0.00014415 0.00012915 0.00012375 0.00016235 0.00010625 0.0001078 0.00017055 0.00013695 0.0001566
39 0.00016135 6.74e-05 5.91e-05 9.55e-05 0.0001046 8.03e-05 0.00011535 0.00012745 0.00013645 0.0001102 7.13e-05 0.00010475 0.000159 0.0001628 6.755e-05 5.915e-05 0.00010845 0.0001424 0.00012415 0.0001437 0.0001629 0.00016885 0.00010785 0.0001554 0.0001384 6.745e-05 0.0001068 0.0001455 0.0001045 0.0001177 9.3e-05 5.91e-05 0.00011385 0.00010015 0.0001006 0.0001261 0.0001279 0.0001406 0.00011045 0.0001178 7.865e-05 0.00014715 0.00015355 0.0001715 0.00012915 7.135e-05 0.00012635 0.00011865 0.0001124 0.00014225 0.00016215 0.00015515 0.000114 9.65e-05 0.0001667 0.0001078 0.0001016 0.00016905 0.00010325 0.00015735
40 0.0001656 3.63e-05 3.63e-05 0.00010275 8.165e-05 6.84e-05 0.0001038 9.945e-05 0.0001673 0.0001369 4.7e-05 8.175e-05 0.0001606 0.00015245 3.65e-05 3.635e-05 0.0001348 0.00012685 0.0001017 0.000126 0.00016425 0.00016965 0.00014175 0.00013695 0.00013535 3.645e-05 9.735e-05 0.000126 8.16e-05 0.0001089 9.655e-05 3.635e-05 0.0001009 8.085e-05 9.94e-05 0.0001116 0.00011125 0.00013045 9.6e-05 7.865e-05 7.26e-05 0.00014015 0.0001459 0.0001729 0.00013155 4.705e-05 0.00011185 0.00012055 0.0001104 0.00016755 0.0001495 0.0001524 0.00010105 9.695e-05 0.00015555 9.95e-05 7.91e-05 0.00016585 0.0001153 0.00013615
41 0.0001492 0.00014465 0.0001411 0.00014995 0.00014985 0.00014245 0.0001367 0.0001583 0.0001432 0.0001622 0.00013955 0.00015 0.00014115 0.0001601 0.0001448 0.00014115 0.0001478 0.00012155 0.00014815 0.00016605 0.00013965 0.000118 0.0001653 0.0001603 0.00013115 0.0001447 0.00014095 0.0001637 0.00014985 0.0001518 0.0001541 0.0001411 0.00012125 0.0001551 0.0001569 0.00011975 0.0001475 0.000136 0.00015395 0.00014715 0.00014015 0.0001696 0.00014635 0.0001095 0.00016065 0.0001396 0.00012 0.00015015 0.00014935 0.00012685 0.00012165 0.00015635 0.0001214 0.00013705 0.00012985 0.00015925 0.00013865 0.00010185 0.00014015 0.00015835
42 0.00015305 0.00015955 0.00016375 0.00016 0.0001209 0.00016875 0.0001723 0.00015375 0.00012135 0.00015145 0.00017185 0.00012105 0.00015565 0.0001236 0.0001597 0.0001638 0.00016925 0.0001206 0.0001382 0.000102 0.00015905 0.00012025 0.0001614 0.00011705 0.00016215 0.0001596 0.00012095 9.685e-05 0.0001209 0.00018055 0.00016385 0.00016375 0.00015105 0.00013985 0.0001625 0.0001592 0.00017445 0.0001457 0.00016545 0.00015355 0.0001459 0.00014635 0.0001555 0.00012495 0.00017665 0.0001719 0.00015935 0.0001624 0.0001707 0.0001517 0.00011295 0.00012875 0.0001511 0.00017315 0.0001174 0.0001716 0.00016785 0.0001386 0.0001423 8.715e-05
43 0.00014425 0.0001774 0.0001773 0.00016465 0.00016695 0.0001763 0.0001565 0.00017205 0.00012285 0.00016755 0.0001747 0.0001671 0.000143 0.00015995 0.00017755 0.00017735 0.0001636 0.00014215 0.00016535 0.0001645 0.0001415 0.00010035 0.00017065 0.000162 0.0001507 0.00017745 0.00013865 0.00016215 0.00016695 0.0001713 0.00017465 0.0001773 0.0001421 0.00017265 0.00017495 0.00013955 0.0001666 0.00013265 0.0001734 0.0001715 0.0001729 0.0001095 0.00012495 0.0001866 0.0001755 0.00017475 0.0001398 0.00016255 0.0001678 0.00012965 0.0001249 0.00015445 0.00014225 0.0001633 0.00013275 0.00017645 0.00017145 0.00010735 0.0001583 0.0001575
44 0.00010285 0.0001282 0.00012535 0.00014985 0.00015025 8.125e-05 0.00015485 8.745e-05 0.0001737 0.00011415 0.00013275 0.0001504 0.0001233 0.0001677 0.00012835 0.0001254 0.00010295 0.00016315 0.000164 0.0001445 0.00010575 0.0001712 8.5e-05 0.00016925 8.785e-05 0.00012825 0.0001492 0.0001455 0.00015025 0.0001434 0.0001431 0.00012535 0.0001496 0.00012075 0.00014915 0.00015705 0.00016675 0.00012725 0.00011765 0.00012915 0.00013155 0.00016065 0.00017665 0.0001755 7.43e-05 0.0001328 0.0001573 0.000158 0.0001548 0.00017155 0.00017895 0.0001051 0.00014975 0.00014785 0.00018085 8.125e-05 8.8e-05 0.0001743 0.0001521 0.0001814
45 0.00017575 1.905e-05 1.225e-05 9.39e-05 9.23e-05 5.675e-05 6.63e-05 0.00012305 0.0001671 0.00015405 1.225e-05 9.245e-05 0.0001614 0.0001801 1.93e-05 1.25e-05 0.00013155 0.0001473 9.34e-05 0.00015715 0.00016345 0.0001763 0.00014735 0.00017445 0.00014225 1.92e-05 9.28e-05 0.0001649 9.23e-05 8.87e-05 8.695e-05 1.245e-05 8.72e-05 8.51e-05 9.23e-05 8.715e-05 8.605e-05 0.0001284 9.255e-05 7.135e-05 4.705e-05 0.0001396 0.0001719 0.00017475 0.0001328 2.45e-05 8.74e-05 0.0001225 8.9e-05 0.00016225 0.00016565 0.00016585 8.735e-05 7.065e-05 0.0001683 8.845e-05 7.77e-05 0.0001624 0.00012765 0.0001733
46 0.0001747 9.76e-05 9.535e-05 0.00012875 0.00013105 0.00011995 7.935e-05 0.00014915 0.00015515 0.00016525 8.735e-05 0.0001312 0.000123 0.0001752 9.78e-05 9.55e-05 0.0001511 0.0001552 0.00012195 0.00016315 0.00012475 0.00013235 0.00016365 0.0001695 0.000158 9.77e-05 0.0001287 0.00016575 0.00013105 0.0001295 0.000132 9.545e-05 8.735e-05 0.00013025 0.0001365 7.935e-05 0.00011765 0.00014945 0.0001339 0.00012635 0.00011185 0.00012 0.00015935 0.0001398 0.0001573 8.74e-05 0.0001587 0.00013055 0.0001219 0.00011855 0.00013035 0.0001582 8.735e-05 0.00011005 0.0001219 0.00013275 0.0001239 7.935e-05 0.00014675 0.0001655
47 0.0001694 0.00013025 0.00013045 0.00010395 0.000138 0.00014085 0.0001286 0.00013765 0.0001289 0.00013185 0.00012245 0.00013815 0.0001502 0.00015645 0.00013045 0.0001306 0.00011455 0.0001496 0.0001289 0.0001477 0.00015565 0.00016355 0.00013575 0.00015075 0.00016035 0.00013035 0.0001519 0.00014175 0.000138 0.00013765 0.00013375 0.00013055 0.00013835 0.0001344 0.0001352 0.00013035 0.00013075 0.00015115 0.0001435 0.00011865 0.00012055 0.00015015 0.0001624 0.00016255 0.000158 0.0001225 0.00013055 0.0001557 0.0001187 0.00011225 0.0001449 0.000167 0.00013845 9.64e-05 0.00014475 0.00014765 0.00012085 0.0001465 9.925e-05 0.0001443
48 0.0001722 9.855e-05 9.565e-05 0.0001128 0.0001321 0.0001182 0.00011135 0.00014695 0.00014885 0.0001512 8.895e-05 0.00013225 0.00015495 0.00017125 9.875e-05 9.58e-05 0.00013245 0.0001559 0.00012435 0.0001614 0.00016515 0.0001718 0.00014895 0.00017075 0.00015715 9.865e-05 0.0001329 0.0001631 0.0001321 0.0001271 0.000104 9.575e-05 0.00012835 0.00012685 0.0001012 0.00012165 0.0001202 0.0001476 0.0001336 0.0001124 0.0001104 0.00014935 0.0001707 0.0001678 0.0001548 8.9e-05 0.0001219 0.0001187 0.0001645 0.00014285 0.00016085 0.0001688 0.0001285 9.865e-05 0.0001637 0.0001323 0.00011995 0.0001614 0.00012805 0.00016735
49 0.0001688 0.00017 0.0001702 0.0001263 0.0001618 0.0001716 0.0001286 0.00016745 0.0001167 0.0001394 0.0001622 0.00016195 0.00012285 0.0001637 0.00017015 0.00017025 0.00012795 0.0001611 0.00015275 0.0001585 0.00012645 0.0001296 0.00014215 0.0001582 0.0001705 0.00017005 0.00016305 0.00015515 0.0001618 0.00015845 0.0001566 0.0001702 0.00012645 0.0001637 0.00015935 0.0001185 0.00015475 0.00016975 0.0001671 0.00014225 0.00016755 0.00012685 0.0001517 0.00012965 0.00017155 0.00016225 0.00011855 0.00011225 0.00014285 0.0001656 0.00011805 0.00015575 0.00012645 0.0001266 0.000117 0.0001701 0.00016365 8.28e-05 0.0001223 0.00015225
50 0.00017355 0.0001632 0.0001671 0.0001494 0.00012295 0.00017065 0.0001432 0.00015775 0.0001436 0.00016045 0.0001656 0.000123 0.00013655 0.00013025 0.00016335 0.00016715 0.0001569 0.0001251 0.00012475 0.00010125 0.00014005 0.00013385 0.0001704 0.00011665 0.00017425 0.00016325 0.00015725 9.61e-05 0.00012285 0.0001641 0.00016925 0.0001671 0.00013155 0.0001404 0.0001677 0.0001301 0.0001603 0.00017245 0.00016415 0.00016215 0.0001495 0.00012165 0.00011295 0.0001249 0.00017895 0.00016565 0.00013035 0.0001449 0.00016085 0.00011805 0.000157 0.0001311 0.0001317 0.00015215 9.07e-05 0.00017535 0.00016015 9.645e-05 0.00013305 8.19e-05
51 0.00012355 0.0001545 0.0001599 0.00015795 0.00013465 0.00013995 0.0001672 0.0001175 0.00015775 0.00013095 0.0001658 0.0001347 0.00012545 0.00013665 0.00015465 0.00015995 0.00014345 0.0001429 0.00014895 0.0001099 0.0001173 0.00015015 0.00012025 0.0001353 0.00012485 0.00015455 0.0001484 0.00010915 0.00013455 0.0001665 0.00016265 0.0001599 0.000152 0.00013455 0.0001648 0.00015795 0.00018 0.00015245 0.00014415 0.00015515 0.0001524 0.00015635 0.00012875 0.00015445 0.0001051 0.00016585 0.0001582 0.000167 0.0001688 0.00015575 0.0001311 0.0001802 0.00015215 0.00017085 0.00013515 0.000125 0.0001452 0.00014455 0.00015585 0.0001176
52 0.00016935 8.685e-05 8.31e-05 0.00013015 0.0001202 0.0001076 8.725e-05 0.00014315 0.0001576 0.0001577 8.73e-05 0.00012035 0.00012345 0.00016915 8.7e-05 8.315e-05 0.00015095 0.000152 0.00012945 0.0001538 0.0001252 0.00013065 0.0001561 0.0001614 0.000152 8.69e-05 0.00011895 0.0001564 0.0001202 0.00012935 0.0001243 8.31e-05 8.3e-05 0.00011945 0.000128 8.725e-05 0.0001297 0.00015195 0.00012915 0.000114 0.00010105 0.0001214 0.0001511 0.00014225 0.00014975 8.735e-05 8.735e-05 0.00013845 0.0001285 0.00012645 0.0001317 0.00015215 0.000166 0.00012215 0.00012515 0.0001252 0.0001238 8.305e-05 0.0001466 0.00016225
53 0.0001775 8.565e-05 8.28e-05 8.995e-05 0.0001254 0.0001041 9.905e-05 0.00014065 0.0001352 0.00014255 7.06e-05 0.00012555 0.00016205 0.00017275 8.585e-05 8.295e-05 0.0001084 0.0001479 0.0001083 0.0001615 0.00016595 0.0001758 0.0001402 0.00017005 0.000154 8.575e-05 0.0001294 0.0001633 0.0001254 0.00011245 0.0001163 8.29e-05 0.000122 0.0001209 0.00011895 0.0001098 0.00010125 0.00013875 0.00012375 9.65e-05 9.695e-05 0.00013705 0.00017315 0.0001633 0.00014785 7.065e-05 0.00011005 9.64e-05 9.865e-05 0.0001266 0.00015215 0.00017085 0.00012215 0.0001168 0.00015965 0.0001266 0.00010095 0.00016155 0.0001032 0.00016295
54 0.00017305 0.00016925 0.00017165 0.00016095 0.0001296 0.0001752 0.00013475 0.00016115 0.00015145 0.00016235 0.00016825 0.0001297 0.00012735 0.0001341 0.0001694 0.0001717 0.00016695 0.0001221 0.00012175 0.00011 0.00013085 0.0001251 0.0001723 0.00012305 0.0001743 0.0001693 0.0001596 0.00010485 0.00012955 0.00017415 0.0001713 0.00017165 0.000125 0.00014705 0.00017145 0.00012165 0.000161 0.0001729 0.00016235 0.0001667 0.00015555 0.00012985 0.0001174 0.00013275 0.00018085 0.0001683 0.0001219 0.00014475 0.0001637 0.000117 9.07e-05 0.00013515 0.00012515 0.00015965 0.0001569 0.00017725 0.0001628 7.88e-05 0.0001431 8.295e-05
55 0.0001281 8.385e-05 8.1e-05 0.0001286 0.00012685 8.125e-05 0.000121 9.945e-05 0.0001708 0.0001258 8.84e-05 0.000127 0.0001332 0.00016955 8.4e-05 8.105e-05 0.00012605 0.0001629 0.0001406 0.00014985 0.00012525 0.00017215 0.0001078 0.0001707 0.0001107 8.39e-05 0.00012485 0.00015425 0.0001268 0.0001249 0.0001206 8.1e-05 0.00012505 0.00010855 0.00012665 0.0001325 0.0001404 0.00013555 0.00010625 0.0001078 9.95e-05 0.00015925 0.0001716 0.00017645 8.125e-05 8.845e-05 0.00013275 0.00014765 0.0001323 0.0001701 0.00017535 0.000125 0.0001252 0.0001266 0.00017725 0.0001618 9.885e-05 0.00016955 0.00014855 0.00017895
56 0.0001464 8.445e-05 7.765e-05 0.0001242 0.00011565 6.685e-05 0.00012115 0.0001002 0.00016995 0.00013425 7.765e-05 0.0001158 0.00015095 0.00016445 8.465e-05 7.78e-05 0.0001066 0.00013325 0.00011685 0.0001394 0.000145 0.000173 0.0001227 0.00015585 0.00011525 8.455e-05 0.00012725 0.000136 0.00011565 0.00011915 0.00011785 7.775e-05 0.00012365 9.82e-05 0.00012325 0.00012365 0.0001196 0.00011595 0.0001078 0.0001016 7.91e-05 0.00013865 0.00016785 0.00017145 8.8e-05 7.77e-05 0.0001239 0.00012085 0.00011995 0.00016365 0.00016015 0.0001452 0.0001238 0.00010095 0.0001628 9.885e-05 0.0001117 0.00017 0.0001192 0.0001547
57 0.00016835 0.00016535 0.00016615 0.000165 0.000159 0.00017085 0.0001003 0.00016925 0.0001457 0.00016895 0.00016235 0.00015915 8.51e-05 0.0001643 0.0001655 0.0001662 0.00017055 0.00015995 0.00015795 0.00015985 8.655e-05 8.675e-05 0.00017245 0.0001565 0.0001678 0.0001654 0.0001549 0.0001573 0.000159 0.0001702 0.0001694 0.00016615 8.32e-05 0.0001646 0.0001722 7.945e-05 0.00016135 0.000173 0.00017055 0.00016905 0.00016585 0.00010185 0.0001386 0.00010735 0.0001743 0.0001624 7.935e-05 0.0001465 0.0001614 8.28e-05 9.645e-05 0.00014455 8.305e-05 0.00016155 7.88e-05 0.00016955 0.00017 1e-07 0.00016575 0.0001545
58 0.00016615 0.00013195 0.0001276 0.00010745 0.00012305 0.0001311 0.0001488 0.00013625 0.00012265 0.000115 0.0001276 0.00012315 0.00016215 0.0001439 0.0001321 0.00012765 0.00010665 0.0001267 0.00012425 0.00013335 0.00016765 0.00016725 0.0001242 0.00013305 0.00015105 0.000132 0.0001409 0.0001274 0.000123 0.00014165 0.0001296 0.0001276 0.00014645 0.0001321 0.00013325 0.0001465 0.0001392 0.0001504 0.00013695 0.00010325 0.0001153 0.00014015 0.0001423 0.0001583 0.0001521 0.00012765 0.00014675 9.925e-05 0.00012805 0.0001223 0.00013305 0.00015585 0.0001466 0.0001032 0.0001431 0.00014855 0.0001192 0.00016575 0.0001574 0.00011955
59 0.000173 0.00016405 0.00017015 0.0001539 9.11e-05 0.00017255 0.0001705 0.00014495 0.00015635 0.00014975 0.00017325 9.11e-05 0.0001659 9.58e-05 0.0001642 0.0001702 0.00016245 8.82e-05 9.41e-05 4.895e-05 0.00017115 0.00015865 0.00016615 8.015e-05 0.0001762 0.0001641 0.00015755 4.12e-05 9.095e-05 0.0001772 0.0001683 0.00017015 0.0001621 0.0001204 0.00016545 0.00016525 0.00016585 0.00017215 0.0001566 0.00015735 0.00013615 0.00015835 8.715e-05 0.0001575 0.0001814 0.0001733 0.0001655 0.0001443 0.00016735 0.00015225 8.19e-05 0.0001176 0.00016225 0.00016295 8.295e-05 0.00017895 0.0001547 0.0001545 0.00011955 2.33e-05
