 slim_761939900 slim_761939890 slim_761939904 slim_761939872 slim_761939883 slim_761939865 slim_761939914 slim_761939913 slim_761939869 slim_761939907 slim_761939896 slim_761939882 slim_761939881 slim_761939880 slim_761939887 slim_761939886 slim_761939871 slim_761939892 slim_761939875 slim_761939898 slim_761939867 slim_761939917 slim_761939888 slim_761939876 slim_761939902 slim_761939894 slim_761939874 slim_761939878 slim_761939885 slim_761939899 slim_761939919 slim_761939884 slim_761939866 slim_761939877 slim_761939891 slim_761939911 slim_761939909 slim_761939901 slim_761939879 slim_761939912 slim_761939903 slim_761939897 slim_761939868 slim_761939915 slim_761939916 slim_761939870 slim_761939906 slim_761939905 slim_761939873 slim_761939889 slim_761939918 slim_761939908 slim_761939893 slim_761939895 slim_761939910
0 0.0001436 0.00014505 0.00011705 0.00013255 0.000132 0.0001421 0.00014625 0.00013245 0.00015265 0.00015245 0.00015285 0.0001391 0.00013915 0.00012655 0.0001345 0.0001365 0.0001505 0.0001513 0.00011905 0.00015635 0.0001352 0.0001569 0.0001567 0.00015745 0.00015 0.0001564 0.0001539 9.98e-05 0.00013805 0.0001448 0.00016205 0.00015845 0.00014625 0.0001119 0.00016755 0.00014755 0.00013855 0.00015615 0.00014745 0.00014765 0.0001623 0.0001523 0.0001282 0.0001561 0.0001535 0.00013195 0.00014385 0.00015175 0.00015035 0.00015355 0.00014515 0.00015045 0.00016545 0.0001564 0.00015065
1 0.00014505 0.0001559 0.0001738 0.0001125 0.0001612 0.00015545 0.0001271 0.00010345 0.000157 0.00016065 0.0001637 9.29e-05 9.295e-05 0.00016645 0.00012385 0.00013375 9.885e-05 0.00015875 0.00013685 0.00011245 0.0001596 0.0001358 7.795e-05 0.00012725 0.00011235 0.0001397 0.00015125 0.00012155 0.00011435 0.0001069 0.00011385 0.0001378 0.0001271 0.0001112 0.00015165 0.0001336 0.000116 9.805e-05 0.00012865 0.00012885 0.00018055 0.00016865 0.00013115 9.805e-05 0.0001034 0.00013505 0.0001406 0.00016535 0.00015655 8.835e-05 0.00011365 9.88e-05 0.00014755 0.0001397 0.0001267
2 0.00011705 0.0001738 0.0001737 0.00016875 0.0001221 9.775e-05 0.000138 0.00017025 0.00016785 0.00016775 0.00012995 0.0001722 0.00017225 0.00010795 0.0001421 0.0001632 0.00017835 0.000173 0.00013625 0.00016275 0.00013815 0.0001592 0.00017425 0.00017915 0.0001736 0.0001326 0.0001765 0.0001297 0.00016215 0.0001775 0.00018385 0.00018115 0.000138 0.00014165 0.0001759 0.00015405 0.0001593 0.0001764 0.00013715 0.00013735 8.685e-05 0.00011435 0.0001373 0.00017635 0.00018135 0.00013775 0.00016985 0.0001616 0.0001382 0.00017625 0.00016165 0.0001783 0.00014635 0.0001326 0.0001761
3 0.00013255 0.0001125 0.00016875 0.0001427 0.0001443 0.00015845 0.00012825 0.0001199 0.0001227 0.0001159 0.0001237 9.045e-05 9.05e-05 0.00016495 0.00011785 0.00011595 9.815e-05 0.00012525 0.00013385 0.0001165 0.00013685 0.00011755 0.00014645 0.000103 0.000109 0.00013695 8.975e-05 0.0001155 0.00011425 9.98e-05 0.0001176 0.0001043 0.00012825 0.00010145 0.0001486 0.00013045 9.285e-05 0.0001353 0.0001304 0.0001306 0.00017575 0.00015635 0.00013195 0.00013525 0.0001078 0.00013595 7.23e-05 0.0001255 0.0001213 0.00012225 0.0001169 9.81e-05 0.000154 0.00013695 8.885e-05
4 0.000132 0.0001612 0.0001221 0.0001443 0.0001333 6.865e-05 0.0001186 0.0001556 0.0001386 0.00013885 0.0001127 0.00016305 0.0001631 0.0001169 0.0001376 0.00012085 0.00016865 0.0001588 0.00016545 0.0001555 0.00013535 0.00015055 0.00016475 0.00016495 0.0001513 0.00012805 0.0001496 0.00015355 0.00013725 0.0001589 0.0001781 0.0001627 0.0001186 0.0001526 0.00016365 0.00014145 0.00014015 0.00017185 0.0001176 0.0001178 8.745e-05 0.0001002 0.000139 0.0001718 0.0001726 0.00014045 0.00013855 0.0001548 0.00010825 0.00016665 0.0001532 0.0001686 0.00013305 0.00012805 0.0001547
5 0.0001421 0.00015545 9.775e-05 0.00015845 6.865e-05 0.0 8.475e-05 0.00015755 0.000164 0.00016435 0.00010715 0.000161 0.00016105 9.17e-05 0.0001244 0.0001505 0.0001696 0.00017325 0.00016715 0.00014255 0.00012645 0.0001398 0.0001549 0.0001716 0.0001636 0.00010575 0.000173 0.00015075 0.0001425 0.00016985 0.00017525 0.0001766 8.475e-05 0.000148 0.0001686 0.00013305 0.0001406 0.00016105 8.78e-05 8.8e-05 4.19e-05 7.65e-05 0.0001244 0.000161 0.00016845 0.0001252 0.000165 0.00017135 9.945e-05 0.0001622 0.00014005 0.00016955 0.0001037 0.00010575 0.00017175
6 0.00014625 0.0001271 0.000138 0.00012825 0.0001186 8.475e-05 0.0001695 0.0001156 0.0001682 0.0001668 0.0001372 8.675e-05 8.68e-05 0.0001324 0.00011615 0.00012035 8.485e-05 0.00016515 0.0001276 9.22e-05 0.0001491 0.00013235 0.00015855 0.00012855 0.00016085 9.8e-05 0.00016775 0.00012665 0.0001221 9.935e-05 0.0001054 0.00014455 8.475e-05 0.00011275 0.00014815 0.0001296 0.0001273 0.0001418 8.775e-05 8.795e-05 0.00011115 0.00012635 0.00010535 0.00014175 0.0001108 0.00010975 0.0001546 0.0001697 0.0001269 0.00012165 0.0001124 8.48e-05 0.00010825 9.8e-05 0.0001284
7 0.00013245 0.00010345 0.00017025 0.0001199 0.0001556 0.00015755 0.0001156 0.0001473 0.0001698 0.0001683 0.0001651 7.37e-05 7.375e-05 0.0001679 0.0001273 0.00012135 7.375e-05 0.00015945 0.0001249 9.75e-05 0.0001665 0.00014155 0.00012255 0.00012175 0.0001402 0.000123 0.00016385 0.00012085 0.00010975 9.155e-05 9.665e-05 0.0001387 0.0001156 0.00011015 0.0001491 0.0001353 0.0001263 0.00012005 0.00011715 0.00011735 0.00017225 0.00017115 0.00011845 0.00012 0.00010195 0.0001264 0.00015445 0.0001649 0.0001574 9.81e-05 0.00011595 7.37e-05 0.0001382 0.000123 0.00012375
8 0.00015265 0.000157 0.00016785 0.0001227 0.0001386 0.000164 0.0001682 0.0001698 0.0001572 8.275e-05 0.00012985 0.00016975 0.0001698 0.0001638 0.00015705 0.00014285 0.0001725 0.0001353 0.0001677 0.0001754 0.0001294 0.0001455 0.0001532 0.00012965 0.00012005 0.0001726 8.69e-05 0.00016 0.000158 0.00016615 0.0001793 0.0001365 0.0001682 0.0001573 0.0001323 0.00012645 0.00012645 0.0001635 0.00016915 0.00016935 0.0001727 0.0001456 0.0001722 0.00016345 0.00017345 0.00017285 9.02e-05 0.00013295 0.00012805 0.0001628 0.00016865 0.00017245 0.0001776 0.0001726 0.00013035
9 0.00015245 0.00016065 0.00016775 0.0001159 0.00013885 0.00016435 0.0001668 0.0001683 8.275e-05 0.0001527 0.00012475 0.0001666 0.00016665 0.0001624 0.0001536 0.00014135 0.00016935 0.0001302 0.00016585 0.0001725 0.00012465 0.000139 0.00016365 0.00012285 0.00012 0.0001712 7.64e-05 0.00015815 0.0001565 0.000163 0.00017615 0.00012965 0.0001668 0.00015485 0.0001296 0.00012375 0.0001301 0.00016715 0.00016775 0.00016795 0.00017305 0.0001439 0.0001711 0.0001671 0.0001703 0.00017175 7.97e-05 0.0001278 0.00012295 0.00016645 0.00016635 0.0001693 0.0001762 0.0001712 0.0001235
10 0.00015285 0.0001637 0.00012995 0.0001237 0.0001127 0.00010715 0.0001372 0.0001651 0.00012985 0.00012475 0.0001829 0.0001649 0.00016495 0.0001399 0.0001455 0.000146 0.00016735 0.00013705 0.00016755 0.00015485 0.000134 0.0001352 0.00016745 0.00014535 0.00012945 0.0001294 0.00010745 0.0001619 0.0001537 0.00016015 0.000176 0.00013805 0.0001372 0.0001598 0.0001713 0.00015405 0.0001258 0.0001732 0.00013635 0.00013655 9.145e-05 0.0001133 0.00015595 0.00017315 0.0001723 0.0001566 9.64e-05 0.00012455 9.985e-05 0.00016735 0.00015585 0.0001673 0.0001464 0.0001294 0.00013005
11 0.0001391 9.29e-05 0.0001722 9.045e-05 0.00016305 0.000161 8.675e-05 7.37e-05 0.00016975 0.0001666 0.0001649 2.5e-05 1.255e-05 0.0001677 0.00010055 9.52e-05 1.26e-05 0.0001595 9.315e-05 5.435e-05 0.0001661 0.00012455 0.0001537 9.035e-05 0.00015245 9.555e-05 0.0001597 9.12e-05 9.595e-05 4.135e-05 4.805e-05 0.00011735 8.675e-05 6.615e-05 0.0001327 0.0001187 0.0001064 0.00011935 8.97e-05 8.99e-05 0.0001785 0.00017365 8.83e-05 0.0001193 5.78e-05 9.63e-05 0.0001414 0.0001657 0.0001572 8.31e-05 8.7e-05 1.255e-05 0.0001233 9.555e-05 8.99e-05
12 0.00013915 9.295e-05 0.00017225 9.05e-05 0.0001631 0.00016105 8.68e-05 7.375e-05 0.0001698 0.00016665 0.00016495 1.255e-05 2.51e-05 0.00016775 0.0001006 9.525e-05 1.265e-05 0.00015955 9.32e-05 5.44e-05 0.00016615 0.0001246 0.00015375 9.04e-05 0.0001525 9.56e-05 0.00015975 9.125e-05 9.6e-05 4.14e-05 4.81e-05 0.0001174 8.68e-05 6.62e-05 0.00013275 0.00011875 0.00010645 0.0001194 8.975e-05 8.995e-05 0.00017855 0.0001737 8.83e-05 0.00011935 5.785e-05 9.635e-05 0.00014145 0.00016575 0.00015725 8.315e-05 8.705e-05 1.255e-05 0.00012335 9.56e-05 8.995e-05
13 0.00012655 0.00016645 0.00010795 0.00016495 0.0001169 9.17e-05 0.0001324 0.0001679 0.0001638 0.0001624 0.0001399 0.0001677 0.00016775 0.0001698 0.00012285 0.00015785 0.0001732 0.00017165 0.00013805 0.0001573 0.0001306 0.00015475 0.0001663 0.0001747 0.00016775 0.00014185 0.00017275 0.00013705 0.0001589 0.0001718 0.00017815 0.00017615 0.0001324 0.0001488 0.0001693 0.00014865 0.0001568 0.00016985 0.0001316 0.0001318 0.0001105 9.82e-05 0.00012905 0.0001698 0.00017485 0.00012895 0.0001661 0.00017075 0.0001351 0.0001697 0.00015805 0.00017315 0.000142 0.00014185 0.0001711
14 0.0001345 0.00012385 0.0001421 0.00011785 0.0001376 0.0001244 0.00011615 0.0001273 0.00015705 0.0001536 0.0001455 0.00010055 0.0001006 0.00012285 0.0001612 0.00013045 0.000108 0.00016795 0.00012805 0.0001055 0.00016315 0.00012585 0.0001609 0.0001346 0.0001579 0.000122 0.0001581 0.0001152 0.0001189 0.00011535 0.0001238 0.00014725 0.00011615 0.00010195 0.0001459 0.0001165 0.0001212 0.0001433 0.00011615 0.00011635 0.000136 0.0001062 0.0001365 0.00014325 0.0001132 0.00014 0.0001437 0.0001687 0.0001433 0.0001344 0.00011055 0.00010795 0.0001356 0.000122 0.00013495
15 0.0001365 0.00013375 0.0001632 0.00011595 0.00012085 0.0001505 0.00012035 0.00012135 0.00014285 0.00014135 0.000146 9.52e-05 9.525e-05 0.00015785 0.00013045 0.0001686 9.03e-05 0.0001478 0.0001281 0.00010545 0.0001551 0.000137 0.0001693 0.0001226 0.0001504 0.00012535 0.00014325 0.00012975 0.00011515 8.87e-05 0.0001062 0.0001268 0.00012035 0.0001168 0.0001366 0.00013885 0.00013045 0.0001458 0.00012235 0.00012255 0.0001604 0.0001518 0.00012275 0.00014575 0.00011015 0.00011975 0.0001267 0.00015485 0.00013865 0.00012975 0.000122 9.025e-05 0.0001339 0.00012535 0.0001079
16 0.0001505 9.885e-05 0.00017835 9.815e-05 0.00016865 0.0001696 8.485e-05 7.375e-05 0.0001725 0.00016935 0.00016735 1.26e-05 1.265e-05 0.0001732 0.000108 9.03e-05 2e-07 0.00015715 8.815e-05 4.19e-05 0.00017185 0.000125 0.0001623 8.56e-05 0.0001582 9.035e-05 0.0001626 0.00010265 0.0001018 2.895e-05 3.565e-05 0.0001126 8.485e-05 7.76e-05 0.0001278 0.00012625 0.0001141 0.00012265 8.78e-05 8.8e-05 0.0001805 0.0001763 8.64e-05 0.0001226 5.325e-05 9.44e-05 0.0001443 0.00016815 0.00015445 8.12e-05 8.485e-05 1.5e-07 0.0001129 9.03e-05 8.515e-05
17 0.0001513 0.00015875 0.000173 0.00012525 0.0001588 0.00017325 0.00016515 0.00015945 0.0001353 0.0001302 0.00013705 0.0001595 0.00015955 0.00017165 0.00016795 0.0001478 0.00015715 0.0001781 0.00015915 0.00015535 0.0001452 0.0001408 0.00016085 0.00013935 0.00012505 0.00017095 0.00010545 0.0001632 0.00016425 0.00014675 0.000159 0.00012505 0.00016515 0.0001633 0.00016595 0.0001697 0.0001338 0.00016175 0.0001669 0.0001671 0.00018475 0.00016525 0.00016295 0.0001617 0.00015875 0.00015985 9.865e-05 0.0001049 0.0001307 0.00015895 0.0001392 0.0001571 0.00016645 0.00017095 0.0001201
18 0.00011905 0.00013685 0.00013625 0.00013385 0.00016545 0.00016715 0.0001276 0.0001249 0.0001677 0.00016585 0.00016755 9.315e-05 9.32e-05 0.00013805 0.00012805 0.0001281 8.815e-05 0.00015915 0.0001761 0.00010965 0.0001512 0.00014885 0.00016775 0.00013065 0.00016315 0.0001323 0.0001659 0.0001025 0.00013765 0.00010185 0.0001083 0.0001435 0.0001276 0.00010245 0.00015075 0.0001468 0.0001413 0.00014965 0.00012975 0.00012995 0.00017645 0.00016 0.00010865 0.0001496 0.0001172 0.00011245 0.0001541 0.00016485 0.00016015 0.0001279 0.00012785 8.81e-05 0.00014505 0.0001323 0.00012715
19 0.00015635 0.00011245 0.00016275 0.0001165 0.0001555 0.00014255 9.22e-05 9.75e-05 0.0001754 0.0001725 0.00015485 5.435e-05 5.44e-05 0.0001573 0.0001055 0.00010545 4.19e-05 0.00015535 0.00010965 8.37e-05 0.000173 0.0001088 0.00016025 0.0001064 0.0001609 9.5e-05 0.00016625 0.000122 0.0001188 5.15e-05 5.81e-05 0.0001179 9.22e-05 0.0001089 0.0001288 0.00012515 0.00011705 0.00012205 9.22e-05 9.24e-05 0.00014805 0.00014225 0.0001085 0.000122 6.945e-05 0.00010845 0.0001531 0.00017095 0.0001417 0.00010105 8.52e-05 4.19e-05 9.8e-05 9.495e-05 0.0001017
20 0.0001352 0.0001596 0.00013815 0.00013685 0.00013535 0.00012645 0.0001491 0.0001665 0.0001294 0.00012465 0.000134 0.0001661 0.00016615 0.0001306 0.00016315 0.0001551 0.00017185 0.0001452 0.0001512 0.000173 0.0001837 0.00014175 0.00015535 0.0001318 0.00013605 0.0001615 0.0001043 0.00014455 0.0001562 0.0001718 0.00017545 0.0001479 0.0001491 0.0001553 0.00015575 0.00014605 0.00014285 0.00015845 0.00015055 0.00015075 0.00015115 0.00014925 0.00013185 0.0001584 0.00017145 0.00013225 0.00011205 0.00014375 0.000129 0.00016355 0.0001673 0.0001718 0.0001601 0.0001615 0.0001447
21 0.0001569 0.0001358 0.0001592 0.00011755 0.00015055 0.0001398 0.00013235 0.00014155 0.0001455 0.000139 0.0001352 0.00012455 0.0001246 0.00015475 0.00012585 0.000137 0.000125 0.0001408 0.00014885 0.0001088 0.00014175 0.000174 0.0001509 0.0001181 0.0001358 0.0001373 0.000116 0.00014275 0.000135 0.000121 0.000115 0.00011285 0.00013235 0.00013815 0.0001311 0.00012845 0.0001166 0.00011895 0.00013235 0.00013255 0.0001496 0.0001309 0.0001486 0.0001189 0.00011285 0.00014455 0.0001144 0.0001468 0.00013115 0.0001379 0.0001232 0.00012495 0.00012325 0.0001373 0.0001188
22 0.0001567 7.795e-05 0.00017425 0.00014645 0.00016475 0.0001549 0.00015855 0.00012255 0.0001532 0.00016365 0.00016745 0.0001537 0.00015375 0.0001663 0.0001609 0.0001693 0.0001623 0.00016085 0.00016775 0.00016025 0.00015535 0.0001509 0.0 0.0001588 7.42e-05 0.00017435 0.0001519 0.00015135 0.0001423 0.00016105 0.00016455 0.0001576 0.00015855 0.0001557 0.0001728 0.00015875 0.000133 7.535e-05 0.0001587 0.0001589 0.0001864 0.0001727 0.0001588 7.54e-05 0.00016135 0.0001586 0.0001514 0.00016375 0.00016205 8.11e-05 0.00016235 0.00016225 0.0001712 0.00017435 0.00015515
23 0.00015745 0.00012725 0.00017915 0.000103 0.00016495 0.0001716 0.00012855 0.00012175 0.00012965 0.00012285 0.00014535 9.035e-05 9.04e-05 0.0001747 0.0001346 0.0001226 8.56e-05 0.00013935 0.00013065 0.0001064 0.0001318 0.0001181 0.0001588 0.000171 0.00013345 0.00013405 9.68e-05 0.0001339 0.0001276 0.0001 0.0001039 0.00011515 0.00012855 0.00011965 0.00012985 0.00012625 0.00011825 0.0001382 0.0001308 0.000131 0.0001825 0.00016375 0.00013185 0.00013815 0.00010895 0.00013585 9.805e-05 0.00014435 0.00013775 0.00012215 0.00012375 8.555e-05 0.00014475 0.00013405 0.00010085
24 0.00015 0.00011235 0.0001736 0.000109 0.0001513 0.0001636 0.00016085 0.0001402 0.00012005 0.00012 0.00012945 0.00015245 0.0001525 0.00016775 0.0001579 0.0001504 0.0001582 0.00012505 0.00016315 0.0001609 0.00013605 0.0001358 7.42e-05 0.00013345 0.0001484 0.0001714 9.15e-05 0.0001511 0.00014595 0.00015055 0.0001649 0.0001229 0.00016085 0.00015175 0.00016865 0.0001591 0.0001133 0.000118 0.0001616 0.0001618 0.0001846 0.0001611 0.00016075 0.000118 0.00016105 0.00016065 8.42e-05 0.0001259 0.0001256 0.00011615 0.00015965 0.00015815 0.00017425 0.0001714 0.0001161
25 0.0001564 0.0001397 0.0001326 0.00013695 0.00012805 0.00010575 9.8e-05 0.000123 0.0001726 0.0001712 0.0001294 9.555e-05 9.56e-05 0.00014185 0.000122 0.00012535 9.035e-05 0.00017095 0.0001323 9.5e-05 0.0001615 0.0001373 0.00017435 0.00013405 0.0001714 0.0001805 0.00017315 0.00013775 0.00012975 0.00010455 0.00011115 0.0001502 9.8e-05 0.00012465 0.0001529 0.0001374 0.000136 0.00015415 9.795e-05 9.815e-05 9.025e-05 0.00012665 0.00011775 0.0001541 0.0001185 0.0001224 0.00016 0.00016455 0.00013245 0.0001323 0.00011975 9.03e-05 0.00011415 9.03e-05 0.00013405
26 0.0001539 0.00015125 0.0001765 8.975e-05 0.0001496 0.000173 0.00016775 0.00016385 8.69e-05 7.64e-05 0.00010745 0.0001597 0.00015975 0.00017275 0.0001581 0.00014325 0.0001626 0.00010545 0.0001659 0.00016625 0.0001043 0.000116 0.0001519 9.68e-05 9.15e-05 0.00017315 6.22e-05 0.00015805 0.00015155 0.0001556 0.00016875 0.000103 0.00016775 0.0001548 0.00014825 0.0001429 0.00010805 0.00015725 0.0001692 0.0001694 0.0001837 0.0001504 0.00017005 0.0001572 0.00016275 0.00017005 3.445e-05 0.00010435 0.00010515 0.0001572 0.00015985 0.00016255 0.000177 0.00017315 9.685e-05
27 9.98e-05 0.00012155 0.0001297 0.0001155 0.00015355 0.00015075 0.00012665 0.00012085 0.00016 0.00015815 0.0001619 9.12e-05 9.125e-05 0.00013705 0.0001152 0.00012975 0.00010265 0.0001632 0.0001025 0.000122 0.00014455 0.00014275 0.00015135 0.0001339 0.0001511 0.00013775 0.00015805 0.0001597 0.0001219 0.0001129 0.000122 0.0001461 0.00012665 7.985e-05 0.00015335 0.00013165 0.00012615 0.0001379 0.0001288 0.000129 0.00017285 0.0001591 0.00011325 0.00013785 0.00011655 0.00011705 0.0001445 0.0001644 0.0001594 0.00012695 0.00012345 0.0001026 0.0001546 0.00013775 0.00013055
28 0.00013805 0.00011435 0.00016215 0.00011425 0.00013725 0.0001425 0.0001221 0.00010975 0.000158 0.0001565 0.0001537 9.595e-05 9.6e-05 0.0001589 0.0001189 0.00011515 0.0001018 0.00016425 0.00013765 0.0001188 0.0001562 0.000135 0.0001423 0.0001276 0.00014595 0.00012975 0.00015155 0.0001219 0.0001574 0.00011165 0.00011595 0.00013985 0.0001221 0.0001063 0.0001467 0.00012945 0.000124 0.00012935 0.00012505 0.00012525 0.0001577 0.000152 0.00013035 0.0001293 0.00010825 0.000134 0.0001398 0.000163 0.00015135 0.000122 0.00012125 0.00010175 0.00014155 0.00012975 0.00012935
29 0.0001448 0.0001069 0.0001775 9.98e-05 0.0001589 0.00016985 9.935e-05 9.155e-05 0.00016615 0.000163 0.00016015 4.135e-05 4.14e-05 0.0001718 0.00011535 8.87e-05 2.895e-05 0.00014675 0.00010185 5.15e-05 0.0001718 0.000121 0.00016105 0.0001 0.00015055 0.00010455 0.0001556 0.0001129 0.00011165 5.77e-05 4.82e-05 0.0001037 9.935e-05 9.64e-05 0.00012665 0.00013405 0.0001142 0.00011885 0.00010175 0.00010195 0.00018015 0.0001741 0.0001007 0.0001188 6.005e-05 0.00010065 0.0001394 0.00016235 0.000147 9.495e-05 9.09e-05 2.89e-05 0.00011065 0.00010455 8.445e-05
30 0.00016205 0.00011385 0.00018385 0.0001176 0.0001781 0.00017525 0.0001054 9.665e-05 0.0001793 0.00017615 0.000176 4.805e-05 4.81e-05 0.00017815 0.0001238 0.0001062 3.565e-05 0.000159 0.0001083 5.81e-05 0.00017545 0.000115 0.00016455 0.0001039 0.0001649 0.00011115 0.00016875 0.000122 0.00011595 4.82e-05 7.11e-05 0.00010045 0.0001054 0.00010495 0.0001113 0.00013405 0.00012625 0.00011135 0.00010835 0.00010855 0.00018665 0.0001806 0.00010715 0.0001113 4.94e-05 0.0001071 0.0001596 0.0001746 0.00016285 0.00010005 9.805e-05 3.56e-05 9.8e-05 0.00011115 0.0001004
31 0.00015845 0.0001378 0.00018115 0.0001043 0.0001627 0.0001766 0.00014455 0.0001387 0.0001365 0.00012965 0.00013805 0.00011735 0.0001174 0.00017615 0.00014725 0.0001268 0.0001126 0.00012505 0.0001435 0.0001179 0.0001479 0.00011285 0.0001576 0.00011515 0.0001229 0.0001502 0.000103 0.0001461 0.00013985 0.0001037 0.00010045 0.0001764 0.00014455 0.00014005 0.00012965 0.00015065 0.000116 0.00013035 0.0001467 0.0001469 0.0001878 0.0001672 0.0001453 0.0001303 0.0001031 0.00014125 9.595e-05 0.00013455 0.0001302 0.00013505 0.0001341 0.00011255 0.0001302 0.0001502 9.635e-05
32 0.00014625 0.0001271 0.000138 0.00012825 0.0001186 8.475e-05 8.475e-05 0.0001156 0.0001682 0.0001668 0.0001372 8.675e-05 8.68e-05 0.0001324 0.00011615 0.00012035 8.485e-05 0.00016515 0.0001276 9.22e-05 0.0001491 0.00013235 0.00015855 0.00012855 0.00016085 9.8e-05 0.00016775 0.00012665 0.0001221 9.935e-05 0.0001054 0.00014455 0.0001695 0.00011275 0.00014815 0.0001296 0.0001273 0.0001418 8.775e-05 8.795e-05 0.00011115 0.00012635 0.00010535 0.00014175 0.0001108 0.00010975 0.0001546 0.0001697 0.0001269 0.00012165 0.0001124 8.48e-05 0.00010825 9.8e-05 0.0001284
33 0.0001119 0.0001112 0.00014165 0.00010145 0.0001526 0.000148 0.00011275 0.00011015 0.0001573 0.00015485 0.0001598 6.615e-05 6.62e-05 0.0001488 0.00010195 0.0001168 7.76e-05 0.0001633 0.00010245 0.0001089 0.0001553 0.00013815 0.0001557 0.00011965 0.00015175 0.00012465 0.0001548 7.985e-05 0.0001063 9.64e-05 0.00010495 0.00014005 0.00011275 0.0001096 0.00014705 0.00012355 0.0001189 0.0001362 0.0001157 0.0001159 0.0001717 0.0001578 0.0001132 0.00013615 9.95e-05 0.000117 0.00013525 0.0001645 0.0001573 0.0001166 0.00010875 7.755e-05 0.0001495 0.00012465 0.0001165
34 0.00016755 0.00015165 0.0001759 0.0001486 0.00016365 0.0001686 0.00014815 0.0001491 0.0001323 0.0001296 0.0001713 0.0001327 0.00013275 0.0001693 0.0001459 0.0001366 0.0001278 0.00016595 0.00015075 0.0001288 0.00015575 0.0001311 0.0001728 0.00012985 0.00016865 0.0001529 0.00014825 0.00015335 0.0001467 0.00012665 0.0001113 0.00012965 0.00014815 0.00014705 0.0001894 0.0001149 0.00015245 0.0001368 0.0001499 0.0001501 0.000178 0.00016155 0.00015365 0.00013675 0.00011265 0.00015025 0.0001586 0.00017425 0.00016395 0.00015025 0.00014345 0.00012775 0.00012905 0.0001529 0.00014275
35 0.00014755 0.0001336 0.00015405 0.00013045 0.00014145 0.00013305 0.0001296 0.0001353 0.00012645 0.00012375 0.00015405 0.0001187 0.00011875 0.00014865 0.0001165 0.00013885 0.00012625 0.0001697 0.0001468 0.00012515 0.00014605 0.00012845 0.00015875 0.00012625 0.0001591 0.0001374 0.0001429 0.00013165 0.00012945 0.00013405 0.00013405 0.00015065 0.0001296 0.00012355 0.0001149 0.0001761 0.0001264 0.00014165 0.00013135 0.00013155 0.00014855 0.0001333 0.000146 0.0001416 0.00012515 0.00015065 0.00014925 0.0001686 0.00015215 0.00014245 0.00012625 0.0001262 0.0001433 0.0001374 0.0001475
36 0.00013855 0.000116 0.0001593 9.285e-05 0.00014015 0.0001406 0.0001273 0.0001263 0.00012645 0.0001301 0.0001258 0.0001064 0.00010645 0.0001568 0.0001212 0.00013045 0.0001141 0.0001338 0.0001413 0.00011705 0.00014285 0.0001166 0.000133 0.00011825 0.0001133 0.000136 0.00010805 0.00012615 0.000124 0.0001142 0.00012625 0.000116 0.0001273 0.0001189 0.00015245 0.0001264 0.0001724 0.00013145 0.00012945 0.00012965 0.0001579 0.00014055 0.00013865 0.0001314 0.0001187 0.00014265 9.7e-05 0.00013395 0.0001234 0.0001235 0.0001191 0.00011405 0.00014575 0.000136 0.00010785
37 0.00015615 9.805e-05 0.0001764 0.0001353 0.00017185 0.00016105 0.0001418 0.00012005 0.0001635 0.00016715 0.0001732 0.00011935 0.0001194 0.00016985 0.0001433 0.0001458 0.00012265 0.00016175 0.00014965 0.00012205 0.00015845 0.00011895 7.535e-05 0.0001382 0.000118 0.00015415 0.00015725 0.0001379 0.00012935 0.00011885 0.00011135 0.00013035 0.0001418 0.0001362 0.0001368 0.00014165 0.00013145 0.0001507 0.00014335 0.00014355 0.00018565 0.00017675 0.00014285 7.535e-05 0.0001104 0.0001387 0.0001594 0.0001697 0.0001676 9.895e-05 0.0001371 0.0001226 0.00013725 0.00015415 0.0001375
38 0.00014745 0.00012865 0.00013715 0.0001304 0.0001176 8.78e-05 8.775e-05 0.00011715 0.00016915 0.00016775 0.00013635 8.97e-05 8.975e-05 0.0001316 0.00011615 0.00012235 8.78e-05 0.0001669 0.00012975 9.22e-05 0.00015055 0.00013235 0.0001587 0.0001308 0.0001616 9.795e-05 0.0001692 0.0001288 0.00012505 0.00010175 0.00010835 0.0001467 8.775e-05 0.0001157 0.0001499 0.00013135 0.00012945 0.00014335 0.0001754 8.79e-05 0.0001081 0.0001234 0.0001075 0.0001433 0.00011375 0.0001119 0.00015605 0.00017145 0.0001261 0.0001232 0.00011445 8.775e-05 0.00010825 9.795e-05 0.00013055
39 0.00014765 0.00012885 0.00013735 0.0001306 0.0001178 8.8e-05 8.795e-05 0.00011735 0.00016935 0.00016795 0.00013655 8.99e-05 8.995e-05 0.0001318 0.00011635 0.00012255 8.8e-05 0.0001671 0.00012995 9.24e-05 0.00015075 0.00013255 0.0001589 0.000131 0.0001618 9.815e-05 0.0001694 0.000129 0.00012525 0.00010195 0.00010855 0.0001469 8.795e-05 0.0001159 0.0001501 0.00013155 0.00012965 0.00014355 8.79e-05 0.0001758 0.0001083 0.0001236 0.0001077 0.0001435 0.00011395 0.0001121 0.00015625 0.00017165 0.0001263 0.0001234 0.00011465 8.795e-05 0.00010845 9.815e-05 0.00013075
40 0.0001623 0.00018055 8.685e-05 0.00017575 8.745e-05 4.19e-05 0.00011115 0.00017225 0.0001727 0.00017305 9.145e-05 0.0001785 0.00017855 0.0001105 0.000136 0.0001604 0.0001805 0.00018475 0.00017645 0.00014805 0.00015115 0.0001496 0.0001864 0.0001825 0.0001846 9.025e-05 0.0001837 0.00017285 0.0001577 0.00018015 0.00018665 0.0001878 0.00011115 0.0001717 0.000178 0.00014855 0.0001579 0.00018565 0.0001081 0.0001083 0.0 7.7e-05 0.0001491 0.0001856 0.00018375 0.0001504 0.0001757 0.00016095 0.00011045 0.0001834 0.00015465 0.00018045 0.0001154 9.025e-05 0.00018295
41 0.0001523 0.00016865 0.00011435 0.00015635 0.0001002 7.65e-05 0.00012635 0.00017115 0.0001456 0.0001439 0.0001133 0.00017365 0.0001737 9.82e-05 0.0001062 0.0001518 0.0001763 0.00016525 0.00016 0.00014225 0.00014925 0.0001309 0.0001727 0.00016375 0.0001611 0.00012665 0.0001504 0.0001591 0.000152 0.0001741 0.0001806 0.0001672 0.00012635 0.0001578 0.00016155 0.0001333 0.00014055 0.00017675 0.0001234 0.0001236 7.7e-05 9.82e-05 0.00016175 0.0001767 0.00017475 0.0001612 0.0001424 0.00016535 0.0001112 0.00017445 0.000146 0.00017625 0.00012885 0.00012665 0.00016235
42 0.0001282 0.00013115 0.0001373 0.00013195 0.000139 0.0001244 0.00010535 0.00011845 0.0001722 0.0001711 0.00015595 8.83e-05 8.83e-05 0.00012905 0.0001365 0.00012275 8.64e-05 0.00016295 0.00010865 0.0001085 0.00013185 0.0001486 0.0001588 0.00013185 0.00016075 0.00011775 0.00017005 0.00011325 0.00013035 0.0001007 0.00010715 0.0001453 0.00010535 0.0001132 0.00015365 0.000146 0.00013865 0.00014285 0.0001075 0.0001077 0.0001491 0.00016175 0.0001726 0.0001428 0.0001157 9.075e-05 0.00015825 0.0001675 0.00014565 0.00012255 0.00012835 8.63e-05 0.0001282 0.00011775 0.00012895
43 0.0001561 9.805e-05 0.00017635 0.00013525 0.0001718 0.000161 0.00014175 0.00012 0.00016345 0.0001671 0.00017315 0.0001193 0.00011935 0.0001698 0.00014325 0.00014575 0.0001226 0.0001617 0.0001496 0.000122 0.0001584 0.0001189 7.54e-05 0.00013815 0.000118 0.0001541 0.0001572 0.00013785 0.0001293 0.0001188 0.0001113 0.0001303 0.00014175 0.00013615 0.00013675 0.0001416 0.0001314 7.535e-05 0.0001433 0.0001435 0.0001856 0.0001767 0.0001428 0.0001506 0.00011035 0.00013865 0.00015935 0.00016965 0.00016755 9.895e-05 0.00013705 0.00012255 0.0001372 0.0001541 0.00013745
44 0.0001535 0.0001034 0.00018135 0.0001078 0.0001726 0.00016845 0.0001108 0.00010195 0.00017345 0.0001703 0.0001723 5.78e-05 5.785e-05 0.00017485 0.0001132 0.00011015 5.325e-05 0.00015875 0.0001172 6.945e-05 0.00017145 0.00011285 0.00016135 0.00010895 0.00016105 0.0001185 0.00016275 0.00011655 0.00010825 6.005e-05 4.94e-05 0.0001031 0.0001108 9.95e-05 0.00011265 0.00012515 0.0001187 0.0001104 0.00011375 0.00011395 0.00018375 0.00017475 0.0001157 0.00011035 9.09e-05 0.00011565 0.00015235 0.000174 0.00016115 0.00010725 8.81e-05 5.32e-05 0.0001035 0.0001185 0.00010695
45 0.00013195 0.00013505 0.00013775 0.00013595 0.00014045 0.0001252 0.00010975 0.0001264 0.00017285 0.00017175 0.0001566 9.63e-05 9.635e-05 0.00012895 0.00014 0.00011975 9.44e-05 0.00015985 0.00011245 0.00010845 0.00013225 0.00014455 0.0001586 0.00013585 0.00016065 0.0001224 0.00017005 0.00011705 0.000134 0.00010065 0.0001071 0.00014125 0.00010975 0.000117 0.00015025 0.00015065 0.00014265 0.0001387 0.0001119 0.0001121 0.0001504 0.0001612 9.075e-05 0.00013865 0.00011565 0.0001742 0.00015825 0.000169 0.00014605 0.00012645 0.00012925 9.435e-05 0.00012455 0.0001224 0.0001249
46 0.00014385 0.0001406 0.00016985 7.23e-05 0.00013855 0.000165 0.0001546 0.00015445 9.02e-05 7.97e-05 9.64e-05 0.0001414 0.00014145 0.0001661 0.0001437 0.0001267 0.0001443 9.865e-05 0.0001541 0.0001531 0.00011205 0.0001144 0.0001514 9.805e-05 8.42e-05 0.00016 3.445e-05 0.0001445 0.0001398 0.0001394 0.0001596 9.595e-05 0.0001546 0.00013525 0.0001586 0.00014925 9.7e-05 0.0001594 0.00015605 0.00015625 0.0001757 0.0001424 0.00015825 0.00015935 0.00015235 0.00015825 3.4e-05 9.755e-05 9.41e-05 0.0001478 0.00014545 0.00014425 0.000173 0.00016 8.065e-05
47 0.00015175 0.00016535 0.0001616 0.0001255 0.0001548 0.00017135 0.0001697 0.0001649 0.00013295 0.0001278 0.00012455 0.0001657 0.00016575 0.00017075 0.0001687 0.00015485 0.00016815 0.0001049 0.00016485 0.00017095 0.00014375 0.0001468 0.00016375 0.00014435 0.0001259 0.00016455 0.00010435 0.0001644 0.000163 0.00016235 0.0001746 0.00013455 0.0001697 0.0001645 0.00017425 0.0001686 0.00013395 0.0001697 0.00017145 0.00017165 0.00016095 0.00016535 0.0001675 0.00016965 0.000174 0.000169 9.755e-05 0.0001761 0.0001328 0.0001659 0.0001605 0.0001681 0.00017925 0.00016455 0.0001296
48 0.00015035 0.00015655 0.0001382 0.0001213 0.00010825 9.945e-05 0.0001269 0.0001574 0.00012805 0.00012295 9.985e-05 0.0001572 0.00015725 0.0001351 0.0001433 0.00013865 0.00015445 0.0001307 0.00016015 0.0001417 0.000129 0.00013115 0.00016205 0.00013775 0.0001256 0.00013245 0.00010515 0.0001594 0.00015135 0.000147 0.00016285 0.0001302 0.0001269 0.0001573 0.00016395 0.00015215 0.0001234 0.0001676 0.0001261 0.0001263 0.00011045 0.0001112 0.00014565 0.00016755 0.00016115 0.00014605 9.41e-05 0.0001328 0.0001783 0.0001582 0.0001462 0.0001544 0.00013015 0.00013245 0.0001222
49 0.00015355 8.835e-05 0.00017625 0.00012225 0.00016665 0.0001622 0.00012165 9.81e-05 0.0001628 0.00016645 0.00016735 8.31e-05 8.315e-05 0.0001697 0.0001344 0.00012975 8.12e-05 0.00015895 0.0001279 0.00010105 0.00016355 0.0001379 8.11e-05 0.00012215 0.00011615 0.0001323 0.0001572 0.00012695 0.000122 9.495e-05 0.00010005 0.00013505 0.00012165 0.0001166 0.00015025 0.00014245 0.0001235 9.895e-05 0.0001232 0.0001234 0.0001834 0.00017445 0.00012255 9.895e-05 0.00010725 0.00012645 0.0001478 0.0001659 0.0001582 0.0001622 0.00012355 8.115e-05 0.000142 0.0001323 0.0001201
50 0.00014515 0.00011365 0.00016165 0.0001169 0.0001532 0.00014005 0.0001124 0.00011595 0.00016865 0.00016635 0.00015585 8.7e-05 8.705e-05 0.00015805 0.00011055 0.000122 8.485e-05 0.0001392 0.00012785 8.52e-05 0.0001673 0.0001232 0.00016235 0.00012375 0.00015965 0.00011975 0.00015985 0.00012345 0.00012125 9.09e-05 9.805e-05 0.0001341 0.0001124 0.00010875 0.00014345 0.00012625 0.0001191 0.0001371 0.00011445 0.00011465 0.00015465 0.000146 0.00012835 0.00013705 8.81e-05 0.00012925 0.00014545 0.0001605 0.0001462 0.00012355 0.0001299 8.48e-05 0.0001233 0.00011975 0.0001218
51 0.00015045 9.88e-05 0.0001783 9.81e-05 0.0001686 0.00016955 8.48e-05 7.37e-05 0.00017245 0.0001693 0.0001673 1.255e-05 1.255e-05 0.00017315 0.00010795 9.025e-05 1.5e-07 0.0001571 8.81e-05 4.19e-05 0.0001718 0.00012495 0.00016225 8.555e-05 0.00015815 9.03e-05 0.00016255 0.0001026 0.00010175 2.89e-05 3.56e-05 0.00011255 8.48e-05 7.755e-05 0.00012775 0.0001262 0.00011405 0.0001226 8.775e-05 8.795e-05 0.00018045 0.00017625 8.63e-05 0.00012255 5.32e-05 9.435e-05 0.00014425 0.0001681 0.0001544 8.115e-05 8.48e-05 1e-07 0.00011285 9.03e-05 8.51e-05
52 0.00016545 0.00014755 0.00014635 0.000154 0.00013305 0.0001037 0.00010825 0.0001382 0.0001776 0.0001762 0.0001464 0.0001233 0.00012335 0.000142 0.0001356 0.0001339 0.0001129 0.00016645 0.00014505 9.8e-05 0.0001601 0.00012325 0.0001712 0.00014475 0.00017425 0.00011415 0.000177 0.0001546 0.00014155 0.00011065 9.8e-05 0.0001302 0.00010825 0.0001495 0.00012905 0.0001433 0.00014575 0.00013725 0.00010825 0.00010845 0.0001154 0.00012885 0.0001282 0.0001372 0.0001035 0.00012455 0.000173 0.00017925 0.00013015 0.000142 0.0001233 0.00011285 0.000166 0.00011415 0.00014145
53 0.0001564 0.0001397 0.0001326 0.00013695 0.00012805 0.00010575 9.8e-05 0.000123 0.0001726 0.0001712 0.0001294 9.555e-05 9.56e-05 0.00014185 0.000122 0.00012535 9.03e-05 0.00017095 0.0001323 9.495e-05 0.0001615 0.0001373 0.00017435 0.00013405 0.0001714 9.03e-05 0.00017315 0.00013775 0.00012975 0.00010455 0.00011115 0.0001502 9.8e-05 0.00012465 0.0001529 0.0001374 0.000136 0.00015415 9.795e-05 9.815e-05 9.025e-05 0.00012665 0.00011775 0.0001541 0.0001185 0.0001224 0.00016 0.00016455 0.00013245 0.0001323 0.00011975 9.03e-05 0.00011415 0.0001805 0.00013405
54 0.00015065 0.0001267 0.0001761 8.885e-05 0.0001547 0.00017175 0.0001284 0.00012375 0.00013035 0.0001235 0.00013005 8.99e-05 8.995e-05 0.0001711 0.00013495 0.0001079 8.515e-05 0.0001201 0.00012715 0.0001017 0.0001447 0.0001188 0.00015515 0.00010085 0.0001161 0.00013405 9.685e-05 0.00013055 0.00012935 8.445e-05 0.0001004 9.635e-05 0.0001284 0.0001165 0.00014275 0.0001475 0.00010785 0.0001375 0.00013055 0.00013075 0.00018295 0.00016235 0.00012895 0.00013745 0.00010695 0.0001249 8.065e-05 0.0001296 0.0001222 0.0001201 0.0001218 8.51e-05 0.00014145 0.00013405 0.0001541
