 slim_761944688 slim_761944718 slim_761944684 slim_761944730 slim_761944748 slim_761944689 slim_761944750 slim_761944726 slim_761944686 slim_761944692 slim_761944719 slim_761944723 slim_761944685 slim_761944724 slim_761944749 slim_761944727 slim_761944710 slim_761944703 slim_761944697 slim_761944717 slim_761944687 slim_761944721 slim_761944744 slim_761944735 slim_761944693 slim_761944716 slim_761944705 slim_761944733 slim_761944720 slim_761944732 slim_761944702 slim_761944741 slim_761944728 slim_761944731 slim_761944708 slim_761944715 slim_761944747 slim_761944742 slim_761944704 slim_761944690 slim_761944694 slim_761944738 slim_761944740 slim_761944743 slim_761944745 slim_761944713 slim_761944707 slim_761944729 slim_761944734 slim_761944725 slim_761944701 slim_761944712 slim_761944736 slim_761944695 slim_761944698 slim_761944696 slim_761944739 slim_761944711 slim_761944746 slim_761944714 slim_761944699 slim_761944691 slim_761944709 slim_761944722 slim_761944700 slim_761944737 slim_761944706
0 5.5e-06 5.44e-05 4.685e-05 2.665e-05 2.73e-05 2.66e-05 2.09e-05 3.325e-05 7.295e-05 3e-06 3.195e-05 4.235e-05 5.995e-05 2.09e-05 7.5e-06 3.125e-05 5.11e-05 3.63e-05 4.06e-05 2.87e-05 7.4e-06 3.05e-06 5.305e-05 2.9e-06 3e-05 1.69e-05 2.18e-05 2.95e-06 2.85e-06 3.33e-05 3.32e-05 7.35e-06 3.825e-05 2.75e-06 2.875e-05 1.285e-05 2.85e-06 1.8e-05 4.36e-05 5.11e-05 3.32e-05 2.735e-05 2.85e-06 1.195e-05 4.66e-05 4.95e-05 4.35e-06 2.655e-05 3e-06 2.85e-06 2.12e-05 4.2e-06 1.3e-05 3.1e-06 2.87e-05 5.525e-05 4.1e-05 6.895e-05 1.2e-05 5.435e-05 2.87e-05 1.66e-05 4.03e-05 2.865e-05 7.6e-06 4.11e-05 2.745e-05
1 5.44e-05 3e-07 6.42e-05 7.54e-05 8.1e-05 7.77e-05 5.315e-05 2.39e-05 7.185e-05 5.215e-05 7.365e-05 1.485e-05 0.0001037 5.33e-05 4.965e-05 7.325e-05 0.0001021 7.865e-05 7.95e-05 2.625e-05 5.22e-05 5.44e-05 5.28e-05 5.68e-05 4.415e-05 5.85e-05 6.415e-05 5.45e-05 5.44e-05 2.395e-05 7.55e-05 5.215e-05 6.205e-05 5.435e-05 2.625e-05 4.79e-05 5.215e-05 3.915e-05 4.115e-05 9.94e-05 2.395e-05 7.87e-05 5.2e-05 4.755e-05 7.9e-05 4.01e-05 5.74e-05 7.765e-05 5.21e-05 5.43e-05 3.835e-05 5.745e-05 4.175e-05 5.45e-05 2.61e-05 0.00010585 6.74e-05 9.45e-05 4.76e-05 1.5e-07 2.61e-05 4.075e-05 6.41e-05 2.62e-05 5.22e-05 6.745e-05 7.835e-05
2 4.685e-05 6.42e-05 7.05e-05 6.015e-05 4.45e-05 5.795e-05 5.55e-05 4.99e-05 7.35e-05 4.91e-05 4.25e-05 4.975e-05 7.005e-05 5.555e-05 4.225e-05 5.35e-05 5.795e-05 4.45e-05 7.39e-05 5.67e-05 4.01e-05 4.665e-05 5.43e-05 4.47e-05 5.54e-05 6.055e-05 4.22e-05 4.695e-05 4.685e-05 4.995e-05 4.21e-05 4.005e-05 5.33e-05 4.675e-05 5.665e-05 3.63e-05 4.915e-05 4.4e-05 5.9e-05 6.04e-05 4.985e-05 4.67e-05 4.89e-05 3.535e-05 5.535e-05 4.98e-05 4.65e-05 5.79e-05 4.9e-05 4.67e-05 3.545e-05 4.655e-05 5.92e-05 4.675e-05 5.66e-05 7.675e-05 3.985e-05 6.98e-05 3.55e-05 6.415e-05 5.66e-05 4.21e-05 5.33e-05 5.67e-05 4.02e-05 3.99e-05 4.71e-05
3 2.665e-05 7.54e-05 6.015e-05 4.79e-05 4.08e-05 2.645e-05 4.44e-05 5.67e-05 8.315e-05 2.42e-05 4.31e-05 6.58e-05 6.49e-05 4.45e-05 3.085e-05 3.1e-05 3.835e-05 3.23e-05 3.82e-05 4.99e-05 3.35e-05 2.65e-05 6.4e-05 2.91e-05 5.345e-05 4.075e-05 3.285e-05 2.675e-05 2.665e-05 5.675e-05 4.405e-05 3.345e-05 4.01e-05 2.655e-05 4.975e-05 3.855e-05 2.435e-05 4.19e-05 4.975e-05 3.62e-05 5.665e-05 3.83e-05 2.4e-05 3.785e-05 5.76e-05 6.04e-05 2.965e-05 2.64e-05 2.4e-05 2.645e-05 4.7e-05 2.975e-05 3.415e-05 2.66e-05 4.97e-05 5.8e-05 5.44e-05 7.39e-05 3.79e-05 7.535e-05 4.97e-05 4.005e-05 4.005e-05 4.99e-05 3.335e-05 5.44e-05 3.855e-05
4 2.73e-05 8.1e-05 4.45e-05 4.08e-05 4.95e-05 3.845e-05 4.515e-05 5.76e-05 7.355e-05 2.97e-05 3.235e-05 6.66e-05 6.09e-05 4.515e-05 3.19e-05 4.315e-05 3.84e-05 3.565e-05 5.445e-05 5.54e-05 2.955e-05 2.73e-05 5.28e-05 2.5e-05 5.41e-05 4.09e-05 3.33e-05 2.74e-05 2.73e-05 5.765e-05 3.32e-05 2.95e-05 5.21e-05 2.72e-05 5.535e-05 3.49e-05 2.975e-05 4.255e-05 5.775e-05 4.125e-05 5.755e-05 2.715e-05 2.95e-05 3.4e-05 4.645e-05 5.745e-05 2.7e-05 3.84e-05 2.96e-05 2.715e-05 4.325e-05 2.69e-05 3.98e-05 2.73e-05 5.53e-05 5.86e-05 3.845e-05 6.98e-05 3.41e-05 8.095e-05 5.53e-05 4.085e-05 5.21e-05 5.54e-05 2.98e-05 3.86e-05 2.79e-05
5 2.66e-05 7.77e-05 5.795e-05 2.645e-05 3.845e-05 5.27e-05 4.435e-05 5.67e-05 8.385e-05 2.67e-05 4.325e-05 6.58e-05 6.33e-05 4.44e-05 3.11e-05 3.105e-05 3.845e-05 3.25e-05 4.025e-05 5.225e-05 3.11e-05 2.665e-05 6.405e-05 2.66e-05 5.345e-05 4.03e-05 3.3e-05 2.67e-05 2.655e-05 5.675e-05 4.43e-05 3.105e-05 4.015e-05 2.65e-05 5.22e-05 3.63e-05 2.675e-05 4.185e-05 5.215e-05 3.86e-05 5.665e-05 3.85e-05 2.65e-05 3.555e-05 5.755e-05 6.05e-05 2.795e-05 2.635e-05 2.66e-05 2.645e-05 4.48e-05 2.79e-05 3.655e-05 2.67e-05 5.215e-05 5.875e-05 5.215e-05 7.23e-05 3.56e-05 7.765e-05 5.215e-05 4.02e-05 4.01e-05 5.225e-05 3.115e-05 5.22e-05 3.875e-05
6 2.09e-05 5.315e-05 5.55e-05 4.44e-05 4.515e-05 4.435e-05 4.02e-05 3.705e-05 7.59e-05 2.1e-05 4.465e-05 4.615e-05 6.785e-05 2.035e-05 2.055e-05 4.44e-05 6.865e-05 4.95e-05 4.48e-05 3.705e-05 2.095e-05 2.1e-05 6.125e-05 2.105e-05 2.95e-05 2.14e-05 3.5e-05 2.1e-05 2.09e-05 3.71e-05 4.645e-05 2.09e-05 5.14e-05 2.095e-05 3.715e-05 2.135e-05 2.09e-05 3.165e-05 5.195e-05 6.85e-05 3.7e-05 4.52e-05 2.095e-05 2.08e-05 4.6e-05 5.315e-05 2.215e-05 4.43e-05 2.105e-05 2.09e-05 2.97e-05 2.22e-05 2.585e-05 2.11e-05 3.71e-05 6.775e-05 5.425e-05 7.685e-05 2.085e-05 5.31e-05 3.71e-05 3.005e-05 5.345e-05 3.705e-05 2.09e-05 5.425e-05 4.505e-05
7 3.325e-05 2.39e-05 4.99e-05 5.67e-05 5.76e-05 5.67e-05 3.705e-05 4.77e-05 7.275e-05 3.33e-05 5.29e-05 2.405e-05 8.095e-05 3.7e-05 2.865e-05 5.21e-05 8.12e-05 5.755e-05 6.56e-05 2.87e-05 2.86e-05 3.32e-05 5.3e-05 3.33e-05 3.705e-05 4.21e-05 4.31e-05 3.335e-05 3.325e-05 2.395e-05 5.44e-05 2.855e-05 5.015e-05 3.315e-05 2.865e-05 2.46e-05 3.335e-05 2.875e-05 4.355e-05 8.095e-05 2.395e-05 5.76e-05 3.31e-05 2.395e-05 6.28e-05 4.03e-05 3.44e-05 5.665e-05 3.32e-05 3.31e-05 2.415e-05 3.455e-05 3.315e-05 3.33e-05 2.85e-05 8.555e-05 5.31e-05 8.095e-05 2.39e-05 2.385e-05 2.85e-05 2.865e-05 5.22e-05 2.865e-05 2.855e-05 5.315e-05 5.74e-05
8 7.295e-05 7.185e-05 7.35e-05 8.315e-05 7.355e-05 8.385e-05 7.59e-05 7.275e-05 0.0001436 7.23e-05 7.275e-05 7.28e-05 8.36e-05 7.6e-05 7.28e-05 8.395e-05 8.385e-05 7.515e-05 8.68e-05 7.215e-05 7.37e-05 7.3e-05 7.27e-05 7.375e-05 7.595e-05 7.66e-05 7.28e-05 7.305e-05 7.295e-05 7.28e-05 7.275e-05 7.365e-05 8.39e-05 7.29e-05 7.215e-05 7.415e-05 7.23e-05 7.295e-05 7.45e-05 8.31e-05 7.28e-05 7.285e-05 7.215e-05 7.36e-05 7.585e-05 7.255e-05 7.31e-05 8.38e-05 7.225e-05 7.285e-05 7.36e-05 7.31e-05 7.21e-05 7.305e-05 7.2e-05 8.28e-05 7.36e-05 8.35e-05 7.365e-05 7.18e-05 7.2e-05 7.295e-05 8.39e-05 7.21e-05 7.38e-05 7.37e-05 7.295e-05
9 3e-06 5.215e-05 4.91e-05 2.42e-05 2.97e-05 2.67e-05 2.1e-05 3.33e-05 7.23e-05 8e-07 3.185e-05 4.24e-05 6.16e-05 2.105e-05 7.3e-06 3.125e-05 5.105e-05 3.615e-05 3.86e-05 2.625e-05 9.95e-06 2.95e-06 5.305e-05 5.55e-06 3.005e-05 1.735e-05 2.16e-05 3.1e-06 3e-06 3.335e-05 3.3e-05 9.9e-06 3.825e-05 2.95e-06 2.635e-05 1.515e-05 6e-07 1.825e-05 4.125e-05 4.875e-05 3.325e-05 2.72e-05 4e-07 1.43e-05 4.67e-05 4.945e-05 6.1e-06 2.665e-05 4.5e-07 2.9e-06 2.345e-05 6.2e-06 1.07e-05 3.05e-06 2.63e-05 5.46e-05 4.33e-05 7.06e-05 1.435e-05 5.21e-05 2.63e-05 1.65e-05 4.03e-05 2.64e-05 9.85e-06 4.335e-05 2.73e-05
10 3.195e-05 7.365e-05 4.25e-05 4.31e-05 3.235e-05 4.325e-05 4.465e-05 5.29e-05 7.275e-05 3.185e-05 6.28e-05 6.2e-05 6.265e-05 4.49e-05 3.16e-05 4.33e-05 4.355e-05 3.605e-05 5.69e-05 5.275e-05 3.215e-05 3.2e-05 5.31e-05 3.225e-05 5.4e-05 4.58e-05 3.325e-05 3.205e-05 3.195e-05 5.295e-05 3.325e-05 3.21e-05 5.235e-05 3.195e-05 5.28e-05 3.26e-05 3.18e-05 4.27e-05 5.555e-05 4.29e-05 5.285e-05 3.22e-05 3.175e-05 3.2e-05 4.63e-05 5.3e-05 3.345e-05 4.32e-05 3.185e-05 3.19e-05 4.095e-05 3.35e-05 4.155e-05 3.21e-05 5.275e-05 6.24e-05 4.145e-05 7.165e-05 3.205e-05 7.36e-05 5.275e-05 4.105e-05 5.235e-05 5.275e-05 3.21e-05 4.145e-05 3.175e-05
11 4.235e-05 1.485e-05 4.975e-05 6.58e-05 6.66e-05 6.58e-05 4.615e-05 2.405e-05 7.28e-05 4.24e-05 6.2e-05 2.95e-05 9.015e-05 4.62e-05 3.775e-05 6.135e-05 9.02e-05 6.665e-05 7.47e-05 2.87e-05 3.78e-05 4.215e-05 5.29e-05 4.24e-05 3.695e-05 5.12e-05 5.22e-05 4.245e-05 4.235e-05 2.41e-05 6.35e-05 3.775e-05 5e-05 4.225e-05 2.865e-05 3.375e-05 4.245e-05 2.875e-05 4.355e-05 9.005e-05 2.405e-05 6.66e-05 4.22e-05 3.305e-05 7.19e-05 4.035e-05 4.36e-05 6.575e-05 4.23e-05 4.22e-05 2.4e-05 4.365e-05 4.225e-05 4.225e-05 2.855e-05 9.465e-05 5.285e-05 8.08e-05 3.32e-05 1.48e-05 2.855e-05 2.85e-05 5.205e-05 2.865e-05 3.785e-05 5.29e-05 6.655e-05
12 5.995e-05 0.0001037 7.005e-05 6.49e-05 6.09e-05 6.33e-05 6.785e-05 8.095e-05 8.36e-05 6.16e-05 6.265e-05 9.015e-05 0.0001161 6.78e-05 5.99e-05 6.33e-05 6.6e-05 6.03e-05 7.33e-05 8.27e-05 5.825e-05 5.995e-05 8.36e-05 5.84e-05 7.695e-05 6.83e-05 6e-05 6.005e-05 5.995e-05 8.09e-05 6.25e-05 5.82e-05 7.245e-05 5.985e-05 8.265e-05 5.895e-05 6.165e-05 7.07e-05 8.3e-05 6.765e-05 8.09e-05 6.25e-05 6.14e-05 5.815e-05 7.045e-05 8.095e-05 5.825e-05 6.325e-05 6.15e-05 5.98e-05 6.75e-05 5.835e-05 7.16e-05 6e-05 8.26e-05 5.985e-05 7.005e-05 6.73e-05 5.81e-05 0.00010365 8.26e-05 6.9e-05 7.245e-05 8.27e-05 5.83e-05 7.015e-05 6.27e-05
13 2.09e-05 5.33e-05 5.555e-05 4.45e-05 4.515e-05 4.44e-05 2.035e-05 3.7e-05 7.6e-05 2.105e-05 4.49e-05 4.62e-05 6.78e-05 4.05e-05 2.075e-05 4.435e-05 6.875e-05 4.96e-05 4.495e-05 3.715e-05 2.08e-05 2.1e-05 6.135e-05 2.1e-05 2.96e-05 2.145e-05 3.51e-05 2.1e-05 2.09e-05 3.705e-05 4.655e-05 2.075e-05 5.145e-05 2.095e-05 3.725e-05 2.13e-05 2.095e-05 3.165e-05 5.205e-05 6.865e-05 3.695e-05 4.525e-05 2.1e-05 2.065e-05 4.615e-05 5.325e-05 2.2e-05 4.435e-05 2.11e-05 2.09e-05 2.985e-05 2.215e-05 2.595e-05 2.11e-05 3.72e-05 6.785e-05 5.425e-05 7.69e-05 2.06e-05 5.325e-05 3.72e-05 3.005e-05 5.35e-05 3.715e-05 2.065e-05 5.425e-05 4.505e-05
14 7.5e-06 4.965e-05 4.225e-05 3.085e-05 3.19e-05 3.11e-05 2.055e-05 2.865e-05 7.28e-05 7.3e-06 3.16e-05 3.775e-05 5.99e-05 2.075e-05 1.42e-05 3.115e-05 5.545e-05 3.605e-05 4.495e-05 2.855e-05 7.65e-06 7.4e-06 5.29e-05 7.75e-06 2.975e-05 2.15e-05 2.165e-05 7.6e-06 7.5e-06 2.87e-05 3.29e-05 7.6e-06 3.815e-05 7.45e-06 2.845e-05 8.3e-06 7.4e-06 1.825e-05 4.335e-05 5.535e-05 2.86e-05 3.165e-05 7.15e-06 7.5e-06 4.635e-05 4.48e-05 8.9e-06 3.105e-05 7.15e-06 7.35e-06 1.65e-05 9e-06 1.74e-05 7.5e-06 2.84e-05 5.97e-05 4.1e-05 6.89e-05 7.55e-06 4.96e-05 2.84e-05 1.645e-05 4.02e-05 2.855e-05 7.65e-06 4.105e-05 3.18e-05
15 3.125e-05 7.325e-05 5.35e-05 3.1e-05 4.315e-05 3.105e-05 4.44e-05 5.21e-05 8.395e-05 3.125e-05 4.33e-05 6.135e-05 6.33e-05 4.435e-05 3.115e-05 6.18e-05 4.305e-05 3.255e-05 4.485e-05 5.23e-05 3.115e-05 3.12e-05 6.415e-05 3.135e-05 5.35e-05 4.505e-05 3.305e-05 3.135e-05 3.125e-05 5.22e-05 4.435e-05 3.11e-05 4.02e-05 3.115e-05 5.225e-05 3.175e-05 3.13e-05 4.2e-05 5.22e-05 4.315e-05 5.21e-05 4.31e-05 3.105e-05 3.1e-05 5.76e-05 5.605e-05 3.245e-05 3.1e-05 3.115e-05 3.11e-05 4.035e-05 3.26e-05 4.11e-05 3.13e-05 5.22e-05 6.335e-05 5.225e-05 7.24e-05 3.095e-05 7.32e-05 5.22e-05 4.025e-05 4.015e-05 5.23e-05 3.1e-05 5.225e-05 4.325e-05
16 5.11e-05 0.0001021 5.795e-05 3.835e-05 3.84e-05 3.845e-05 6.865e-05 8.12e-05 8.385e-05 5.105e-05 4.355e-05 9.02e-05 6.6e-05 6.875e-05 5.545e-05 4.305e-05 5.15e-05 3.18e-05 5.22e-05 7.66e-05 5.575e-05 5.105e-05 6.385e-05 5.13e-05 7.77e-05 6.495e-05 4.435e-05 5.12e-05 5.11e-05 8.125e-05 4.43e-05 5.57e-05 5.41e-05 5.105e-05 7.66e-05 6.08e-05 5.105e-05 6.635e-05 6.405e-05 2.645e-05 8.115e-05 3.835e-05 5.09e-05 6.01e-05 5.75e-05 6.845e-05 5.255e-05 3.84e-05 5.1e-05 5.1e-05 6.92e-05 5.255e-05 6.09e-05 5.11e-05 7.655e-05 6.13e-05 5.2e-05 7.49e-05 6.02e-05 0.00010205 7.655e-05 6.46e-05 5.2e-05 7.66e-05 5.575e-05 5.205e-05 3.92e-05
17 3.63e-05 7.865e-05 4.45e-05 3.23e-05 3.565e-05 3.25e-05 4.95e-05 5.755e-05 7.515e-05 3.615e-05 3.605e-05 6.665e-05 6.03e-05 4.96e-05 3.605e-05 3.255e-05 3.18e-05 2.16e-05 4.64e-05 5.745e-05 3.645e-05 3.625e-05 5.675e-05 3.655e-05 5.865e-05 5.035e-05 2.39e-05 3.64e-05 3.63e-05 5.76e-05 3.52e-05 3.64e-05 4.37e-05 3.625e-05 5.74e-05 3.715e-05 3.62e-05 4.705e-05 4.475e-05 3.23e-05 5.75e-05 3.545e-05 3.6e-05 3.63e-05 4.865e-05 4.865e-05 3.77e-05 3.245e-05 3.605e-05 3.615e-05 4.545e-05 3.78e-05 4.63e-05 3.635e-05 5.735e-05 6.01e-05 4.475e-05 6.93e-05 3.635e-05 7.86e-05 5.735e-05 4.53e-05 4.16e-05 5.745e-05 3.645e-05 4.48e-05 3.615e-05
18 4.06e-05 7.95e-05 7.39e-05 3.82e-05 5.445e-05 4.025e-05 4.48e-05 6.56e-05 8.68e-05 3.86e-05 5.69e-05 7.47e-05 7.33e-05 4.495e-05 4.495e-05 4.485e-05 5.22e-05 4.64e-05 7.59e-05 5.91e-05 4.715e-05 4.06e-05 7.29e-05 4.27e-05 5.395e-05 4.03e-05 4.69e-05 4.07e-05 4.06e-05 6.565e-05 5.82e-05 4.71e-05 5.395e-05 4.05e-05 5.905e-05 5.135e-05 3.865e-05 5.585e-05 5.9e-05 5.015e-05 6.555e-05 5.24e-05 3.84e-05 5.155e-05 5.805e-05 6.935e-05 4.325e-05 4.02e-05 3.85e-05 4.045e-05 6.07e-05 4.325e-05 4.34e-05 4.065e-05 5.9e-05 6.67e-05 6.81e-05 8.23e-05 5.16e-05 7.945e-05 5.9e-05 5.415e-05 5.39e-05 5.91e-05 4.71e-05 6.815e-05 5.245e-05
19 2.87e-05 2.625e-05 5.67e-05 4.99e-05 5.54e-05 5.225e-05 3.705e-05 2.87e-05 7.215e-05 2.625e-05 5.275e-05 2.87e-05 8.27e-05 3.715e-05 2.855e-05 5.23e-05 7.66e-05 5.745e-05 5.91e-05 5.22e-05 3.115e-05 2.88e-05 5.295e-05 3.125e-05 3.715e-05 3.8e-05 4.28e-05 2.88e-05 2.87e-05 2.875e-05 5.435e-05 3.11e-05 5.02e-05 2.87e-05 2.64e-05 3.16e-05 2.63e-05 2.87e-05 4.125e-05 7.41e-05 2.865e-05 5.305e-05 2.63e-05 3.1e-05 6.285e-05 4.485e-05 3.185e-05 5.22e-05 2.645e-05 2.87e-05 3.095e-05 3.19e-05 2.62e-05 2.89e-05 2.635e-05 8.02e-05 5.54e-05 8.26e-05 3.105e-05 2.62e-05 2.635e-05 2.875e-05 5.225e-05 2.63e-05 3.11e-05 5.545e-05 5.29e-05
20 7.4e-06 5.22e-05 4.01e-05 3.35e-05 2.955e-05 3.11e-05 2.095e-05 2.86e-05 7.37e-05 9.95e-06 3.215e-05 3.78e-05 5.825e-05 2.08e-05 7.65e-06 3.115e-05 5.575e-05 3.645e-05 4.715e-05 3.115e-05 9.7e-06 7.5e-06 5.315e-05 5e-06 2.995e-05 2.105e-05 2.205e-05 7.6e-06 7.5e-06 2.865e-05 3.33e-05 4.85e-06 3.825e-05 7.25e-06 3.105e-05 5.9e-06 1.005e-05 1.815e-05 4.595e-05 5.8e-05 2.855e-05 3.195e-05 9.7e-06 4.95e-06 4.66e-05 4.51e-05 6.95e-06 3.105e-05 9.8e-06 7.3e-06 1.445e-05 6.9e-06 2.005e-05 7.55e-06 3.1e-05 6.07e-05 3.875e-05 6.735e-05 4.85e-06 5.215e-05 3.1e-05 1.655e-05 4.03e-05 3.115e-05 5.05e-06 3.885e-05 3.2e-05
21 3.05e-06 5.44e-05 4.665e-05 2.65e-05 2.73e-05 2.665e-05 2.1e-05 3.32e-05 7.3e-05 2.95e-06 3.2e-05 4.215e-05 5.995e-05 2.1e-05 7.4e-06 3.12e-05 5.105e-05 3.625e-05 4.06e-05 2.88e-05 7.5e-06 5.3e-06 5.3e-05 3.1e-06 2.985e-05 1.695e-05 2.19e-05 3.15e-06 3.05e-06 3.325e-05 3.305e-05 7.45e-06 3.805e-05 2.9e-06 2.86e-05 1.27e-05 3.15e-06 1.83e-05 4.355e-05 5.11e-05 3.315e-05 2.715e-05 2.7e-06 1.175e-05 4.665e-05 4.95e-05 4.25e-06 2.66e-05 2.7e-06 2.8e-06 2.1e-05 4.35e-06 1.315e-05 2.8e-06 2.855e-05 5.545e-05 4.075e-05 6.88e-05 1.19e-05 5.435e-05 2.855e-05 1.625e-05 4.01e-05 2.88e-05 7.5e-06 4.08e-05 2.735e-05
22 5.305e-05 5.28e-05 5.43e-05 6.4e-05 5.28e-05 6.405e-05 6.125e-05 5.3e-05 7.27e-05 5.305e-05 5.31e-05 5.29e-05 8.36e-05 6.135e-05 5.29e-05 6.415e-05 6.385e-05 5.675e-05 7.29e-05 5.295e-05 5.315e-05 5.3e-05 0.0001053 5.32e-05 6.12e-05 6.195e-05 5.435e-05 5.315e-05 5.305e-05 5.305e-05 5.43e-05 5.31e-05 6.4e-05 5.3e-05 5.295e-05 5.36e-05 5.305e-05 5.305e-05 5.535e-05 6.42e-05 5.295e-05 5.28e-05 5.29e-05 5.3e-05 6.265e-05 5.275e-05 5.445e-05 6.4e-05 5.3e-05 5.295e-05 5.295e-05 5.445e-05 5.29e-05 5.305e-05 5.29e-05 8.345e-05 5.28e-05 8.34e-05 5.31e-05 5.275e-05 5.29e-05 5.295e-05 6.4e-05 5.295e-05 5.325e-05 5.29e-05 5.33e-05
23 2.9e-06 5.68e-05 4.47e-05 2.91e-05 2.5e-05 2.66e-05 2.105e-05 3.33e-05 7.375e-05 5.55e-06 3.225e-05 4.24e-05 5.84e-05 2.1e-05 7.75e-06 3.135e-05 5.13e-05 3.655e-05 4.27e-05 3.125e-05 5e-06 3.1e-06 5.32e-05 5e-07 3.005e-05 1.65e-05 2.215e-05 2.95e-06 3e-06 3.335e-05 3.34e-05 4.95e-06 3.835e-05 2.75e-06 3.115e-05 1.06e-05 5.65e-06 1.815e-05 4.605e-05 5.36e-05 3.325e-05 2.75e-05 5.3e-06 9.65e-06 4.67e-05 4.97e-05 2.6e-06 2.655e-05 5.4e-06 2.8e-06 1.905e-05 2.35e-06 1.565e-05 3.1e-06 3.11e-05 5.625e-05 3.88e-05 6.74e-05 9.7e-06 5.675e-05 3.11e-05 1.665e-05 4.04e-05 3.125e-05 5.4e-06 3.895e-05 2.765e-05
24 3e-05 4.415e-05 5.54e-05 5.345e-05 5.41e-05 5.345e-05 2.95e-05 3.705e-05 7.595e-05 3.005e-05 5.4e-05 3.695e-05 7.695e-05 2.96e-05 2.975e-05 5.35e-05 7.77e-05 5.865e-05 5.395e-05 3.715e-05 2.995e-05 2.985e-05 6.12e-05 3.005e-05 5.88e-05 3.045e-05 4.42e-05 3.01e-05 3e-05 3.71e-05 5.55e-05 2.99e-05 5.13e-05 2.995e-05 3.71e-05 3.035e-05 3.01e-05 3.165e-05 5.2e-05 7.77e-05 3.7e-05 5.41e-05 2.99e-05 2.975e-05 5.525e-05 5.32e-05 3.115e-05 5.34e-05 2.995e-05 2.99e-05 2.97e-05 3.12e-05 3.505e-05 2.995e-05 3.705e-05 7.695e-05 5.4e-05 7.675e-05 2.985e-05 4.41e-05 3.705e-05 2.98e-05 5.335e-05 3.715e-05 2.99e-05 5.4e-05 5.415e-05
25 1.69e-05 5.85e-05 6.055e-05 4.075e-05 4.09e-05 4.03e-05 2.14e-05 4.21e-05 7.66e-05 1.735e-05 4.58e-05 5.12e-05 6.83e-05 2.145e-05 2.15e-05 4.505e-05 6.495e-05 5.035e-05 4.03e-05 3.8e-05 2.105e-05 1.695e-05 6.195e-05 1.65e-05 3.045e-05 3.25e-05 3.595e-05 1.7e-05 1.685e-05 4.215e-05 4.72e-05 2.1e-05 5.205e-05 1.675e-05 3.79e-05 2.555e-05 1.745e-05 3.215e-05 5.28e-05 6.505e-05 4.205e-05 4.13e-05 1.71e-05 2.555e-05 4.71e-05 5.845e-05 1.78e-05 4.03e-05 1.72e-05 1.67e-05 3.485e-05 1.77e-05 2.24e-05 1.695e-05 3.785e-05 6.41e-05 5.465e-05 7.73e-05 2.56e-05 5.845e-05 3.785e-05 3.05e-05 5.41e-05 3.8e-05 2.125e-05 5.48e-05 4.125e-05
26 2.18e-05 6.415e-05 4.22e-05 3.285e-05 3.33e-05 3.3e-05 3.5e-05 4.31e-05 7.28e-05 2.16e-05 3.325e-05 5.22e-05 6e-05 3.51e-05 2.165e-05 3.305e-05 4.435e-05 2.39e-05 4.69e-05 4.28e-05 2.205e-05 2.19e-05 5.435e-05 2.215e-05 4.42e-05 3.595e-05 4.28e-05 2.19e-05 2.18e-05 4.315e-05 3.295e-05 2.2e-05 4.21e-05 2.18e-05 4.3e-05 2.275e-05 2.16e-05 3.255e-05 4.53e-05 4.445e-05 4.305e-05 3.315e-05 2.16e-05 2.19e-05 4.63e-05 4.625e-05 2.335e-05 3.295e-05 2.175e-05 2.18e-05 3.1e-05 2.34e-05 3.175e-05 2.2e-05 4.295e-05 5.97e-05 4.24e-05 6.9e-05 2.195e-05 6.41e-05 4.295e-05 3.095e-05 4.21e-05 4.29e-05 2.205e-05 4.245e-05 3.345e-05
27 2.95e-06 5.45e-05 4.695e-05 2.675e-05 2.74e-05 2.67e-05 2.1e-05 3.335e-05 7.305e-05 3.1e-06 3.205e-05 4.245e-05 6.005e-05 2.1e-05 7.6e-06 3.135e-05 5.12e-05 3.64e-05 4.07e-05 2.88e-05 7.6e-06 3.15e-06 5.315e-05 2.95e-06 3.01e-05 1.7e-05 2.19e-05 5.7e-06 2.95e-06 3.34e-05 3.33e-05 7.55e-06 3.835e-05 2.95e-06 2.885e-05 1.295e-05 2.95e-06 1.82e-05 4.37e-05 5.12e-05 3.33e-05 2.745e-05 2.95e-06 1.205e-05 4.67e-05 4.96e-05 4.45e-06 2.665e-05 3.1e-06 2.95e-06 2.13e-05 4.4e-06 1.31e-05 3.2e-06 2.88e-05 5.535e-05 4.11e-05 6.905e-05 1.21e-05 5.445e-05 2.88e-05 1.67e-05 4.04e-05 2.875e-05 7.7e-06 4.12e-05 2.755e-05
28 2.85e-06 5.44e-05 4.685e-05 2.665e-05 2.73e-05 2.655e-05 2.09e-05 3.325e-05 7.295e-05 3e-06 3.195e-05 4.235e-05 5.995e-05 2.09e-05 7.5e-06 3.125e-05 5.11e-05 3.63e-05 4.06e-05 2.87e-05 7.5e-06 3.05e-06 5.305e-05 3e-06 3e-05 1.685e-05 2.18e-05 2.95e-06 5.5e-06 3.33e-05 3.32e-05 7.45e-06 3.825e-05 2.85e-06 2.875e-05 1.285e-05 2.85e-06 1.81e-05 4.36e-05 5.11e-05 3.32e-05 2.735e-05 2.85e-06 1.195e-05 4.66e-05 4.95e-05 4.35e-06 2.655e-05 3e-06 2.85e-06 2.12e-05 4.3e-06 1.3e-05 3.1e-06 2.87e-05 5.525e-05 4.1e-05 6.895e-05 1.2e-05 5.435e-05 2.87e-05 1.66e-05 4.03e-05 2.865e-05 7.6e-06 4.11e-05 2.745e-05
29 3.33e-05 2.395e-05 4.995e-05 5.675e-05 5.765e-05 5.675e-05 3.71e-05 2.395e-05 7.28e-05 3.335e-05 5.295e-05 2.41e-05 8.09e-05 3.705e-05 2.87e-05 5.22e-05 8.125e-05 5.76e-05 6.565e-05 2.875e-05 2.865e-05 3.325e-05 5.305e-05 3.335e-05 3.71e-05 4.215e-05 4.315e-05 3.34e-05 3.33e-05 4.78e-05 5.445e-05 2.86e-05 5.02e-05 3.32e-05 2.87e-05 2.465e-05 3.34e-05 2.88e-05 4.36e-05 8.1e-05 2.4e-05 5.765e-05 3.315e-05 2.4e-05 6.285e-05 4.035e-05 3.445e-05 5.67e-05 3.325e-05 3.315e-05 2.42e-05 3.46e-05 3.32e-05 3.335e-05 2.855e-05 8.56e-05 5.315e-05 8.1e-05 2.395e-05 2.39e-05 2.855e-05 2.87e-05 5.225e-05 2.87e-05 2.86e-05 5.32e-05 5.745e-05
30 3.32e-05 7.55e-05 4.21e-05 4.405e-05 3.32e-05 4.43e-05 4.645e-05 5.44e-05 7.275e-05 3.3e-05 3.325e-05 6.35e-05 6.25e-05 4.655e-05 3.29e-05 4.435e-05 4.43e-05 3.52e-05 5.82e-05 5.435e-05 3.33e-05 3.305e-05 5.43e-05 3.34e-05 5.55e-05 4.72e-05 3.295e-05 3.33e-05 3.32e-05 5.445e-05 6.55e-05 3.325e-05 5.34e-05 3.31e-05 5.42e-05 3.4e-05 3.315e-05 4.395e-05 5.66e-05 4.44e-05 5.435e-05 3.295e-05 3.28e-05 3.315e-05 4.63e-05 5.42e-05 3.455e-05 4.425e-05 3.28e-05 3.3e-05 4.23e-05 3.465e-05 4.32e-05 3.315e-05 5.415e-05 6.235e-05 4.23e-05 7.15e-05 3.32e-05 7.545e-05 5.415e-05 4.21e-05 5.34e-05 5.435e-05 3.33e-05 4.235e-05 3.33e-05
31 7.35e-06 5.215e-05 4.005e-05 3.345e-05 2.95e-05 3.105e-05 2.09e-05 2.855e-05 7.365e-05 9.9e-06 3.21e-05 3.775e-05 5.82e-05 2.075e-05 7.6e-06 3.11e-05 5.57e-05 3.64e-05 4.71e-05 3.11e-05 4.85e-06 7.45e-06 5.31e-05 4.95e-06 2.99e-05 2.1e-05 2.2e-05 7.55e-06 7.45e-06 2.86e-05 3.325e-05 9.6e-06 3.82e-05 7.2e-06 3.1e-05 5.85e-06 1e-05 1.81e-05 4.59e-05 5.795e-05 2.85e-05 3.19e-05 9.65e-06 4.9e-06 4.655e-05 4.505e-05 6.9e-06 3.1e-05 9.75e-06 7.25e-06 1.44e-05 6.85e-06 2e-05 7.5e-06 3.095e-05 6.065e-05 3.87e-05 6.73e-05 4.85e-06 5.21e-05 3.095e-05 1.65e-05 4.025e-05 3.11e-05 5.05e-06 3.88e-05 3.195e-05
32 3.825e-05 6.205e-05 5.33e-05 4.01e-05 5.21e-05 4.015e-05 5.14e-05 5.015e-05 8.39e-05 3.825e-05 5.235e-05 5e-05 7.245e-05 5.145e-05 3.815e-05 4.02e-05 5.41e-05 4.37e-05 5.395e-05 5.02e-05 3.825e-05 3.805e-05 6.4e-05 3.835e-05 5.13e-05 5.205e-05 4.21e-05 3.835e-05 3.825e-05 5.02e-05 5.34e-05 3.82e-05 7.58e-05 3.815e-05 5.015e-05 3.88e-05 3.83e-05 3.99e-05 5.22e-05 5.43e-05 5.01e-05 5.205e-05 3.805e-05 3.8e-05 6.665e-05 5.6e-05 3.955e-05 4.01e-05 3.815e-05 3.81e-05 3.81e-05 3.96e-05 4.81e-05 3.815e-05 5.01e-05 7.24e-05 5.195e-05 7.22e-05 3.815e-05 6.2e-05 5.01e-05 3.8e-05 4e-05 5.02e-05 3.82e-05 5.195e-05 5.235e-05
33 2.75e-06 5.435e-05 4.675e-05 2.655e-05 2.72e-05 2.65e-05 2.095e-05 3.315e-05 7.29e-05 2.95e-06 3.195e-05 4.225e-05 5.985e-05 2.095e-05 7.45e-06 3.115e-05 5.105e-05 3.625e-05 4.05e-05 2.87e-05 7.25e-06 2.9e-06 5.3e-05 2.75e-06 2.995e-05 1.675e-05 2.18e-05 2.95e-06 2.85e-06 3.32e-05 3.31e-05 7.2e-06 3.815e-05 5.2e-06 2.865e-05 1.27e-05 3e-06 1.8e-05 4.355e-05 5.105e-05 3.31e-05 2.725e-05 2.7e-06 1.18e-05 4.66e-05 4.945e-05 4.2e-06 2.645e-05 2.85e-06 2.7e-06 2.11e-05 4.05e-06 1.305e-05 2.95e-06 2.86e-05 5.53e-05 4.09e-05 6.885e-05 1.185e-05 5.43e-05 2.86e-05 1.645e-05 4.02e-05 2.87e-05 7.45e-06 4.1e-05 2.735e-05
34 2.875e-05 2.625e-05 5.665e-05 4.975e-05 5.535e-05 5.22e-05 3.715e-05 2.865e-05 7.215e-05 2.635e-05 5.28e-05 2.865e-05 8.265e-05 3.725e-05 2.845e-05 5.225e-05 7.66e-05 5.74e-05 5.905e-05 2.64e-05 3.105e-05 2.86e-05 5.295e-05 3.115e-05 3.71e-05 3.79e-05 4.3e-05 2.885e-05 2.875e-05 2.87e-05 5.42e-05 3.1e-05 5.015e-05 2.865e-05 5.22e-05 3.15e-05 2.65e-05 2.875e-05 4.11e-05 7.41e-05 2.855e-05 5.29e-05 2.615e-05 3.09e-05 6.29e-05 4.485e-05 3.17e-05 5.215e-05 2.615e-05 2.855e-05 3.09e-05 3.18e-05 2.63e-05 2.87e-05 2.62e-05 8.03e-05 5.535e-05 8.255e-05 3.095e-05 2.62e-05 2.62e-05 2.855e-05 5.22e-05 2.64e-05 3.1e-05 5.54e-05 5.28e-05
35 1.285e-05 4.79e-05 3.63e-05 3.855e-05 3.49e-05 3.63e-05 2.135e-05 2.46e-05 7.415e-05 1.515e-05 3.26e-05 3.375e-05 5.895e-05 2.13e-05 8.3e-06 3.175e-05 6.08e-05 3.715e-05 5.135e-05 3.16e-05 5.9e-06 1.27e-05 5.36e-05 1.06e-05 3.035e-05 2.555e-05 2.275e-05 1.295e-05 1.285e-05 2.465e-05 3.4e-05 5.85e-06 3.88e-05 1.27e-05 3.15e-05 2.3e-06 1.525e-05 1.91e-05 4.64e-05 6.285e-05 2.455e-05 3.715e-05 1.49e-05 1.2e-06 4.705e-05 4.105e-05 1.23e-05 3.625e-05 1.5e-05 1.265e-05 1.06e-05 1.245e-05 2.5e-05 1.28e-05 3.145e-05 6.585e-05 3.945e-05 6.8e-05 1.2e-06 4.785e-05 3.145e-05 1.725e-05 4.085e-05 3.16e-05 5.9e-06 3.95e-05 3.705e-05
36 2.85e-06 5.215e-05 4.915e-05 2.435e-05 2.975e-05 2.675e-05 2.09e-05 3.335e-05 7.23e-05 6e-07 3.18e-05 4.245e-05 6.165e-05 2.095e-05 7.4e-06 3.13e-05 5.105e-05 3.62e-05 3.865e-05 2.63e-05 1.005e-05 3.15e-06 5.305e-05 5.65e-06 3.01e-05 1.745e-05 2.16e-05 2.95e-06 2.85e-06 3.34e-05 3.315e-05 1e-05 3.83e-05 3e-06 2.65e-05 1.525e-05 0.0 1.81e-05 4.13e-05 4.875e-05 3.33e-05 2.735e-05 5.5e-07 1.44e-05 4.665e-05 4.945e-05 6.25e-06 2.67e-05 7.5e-07 3.05e-06 2.35e-05 6.3e-06 1.05e-05 3.25e-06 2.645e-05 5.43e-05 4.335e-05 7.065e-05 1.445e-05 5.21e-05 2.645e-05 1.67e-05 4.035e-05 2.62e-05 9.95e-06 4.34e-05 2.74e-05
37 1.8e-05 3.915e-05 4.4e-05 4.19e-05 4.255e-05 4.185e-05 3.165e-05 2.875e-05 7.295e-05 1.825e-05 4.27e-05 2.875e-05 7.07e-05 3.165e-05 1.825e-05 4.2e-05 6.635e-05 4.705e-05 5.585e-05 2.87e-05 1.815e-05 1.83e-05 5.305e-05 1.815e-05 3.165e-05 3.215e-05 3.255e-05 1.82e-05 1.81e-05 2.88e-05 4.395e-05 1.81e-05 3.99e-05 1.8e-05 2.875e-05 1.91e-05 1.81e-05 3.6e-05 4.36e-05 6.635e-05 2.87e-05 4.26e-05 1.81e-05 1.82e-05 5.735e-05 4.5e-05 1.96e-05 4.18e-05 1.825e-05 1.81e-05 1.835e-05 1.945e-05 2.825e-05 1.835e-05 2.87e-05 7.05e-05 4.265e-05 7.06e-05 1.825e-05 3.91e-05 2.87e-05 1.825e-05 4.195e-05 2.865e-05 1.835e-05 4.275e-05 4.27e-05
38 4.36e-05 4.115e-05 5.9e-05 4.975e-05 5.775e-05 5.215e-05 5.195e-05 4.355e-05 7.45e-05 4.125e-05 5.555e-05 4.355e-05 8.3e-05 5.205e-05 4.335e-05 5.22e-05 6.405e-05 4.475e-05 5.9e-05 4.125e-05 4.595e-05 4.355e-05 5.535e-05 4.605e-05 5.2e-05 5.28e-05 4.53e-05 4.37e-05 4.36e-05 4.36e-05 5.66e-05 4.59e-05 5.22e-05 4.355e-05 4.11e-05 4.64e-05 4.13e-05 4.36e-05 8.2e-05 6.195e-05 4.345e-05 5.535e-05 4.11e-05 4.58e-05 6.52e-05 4.725e-05 4.66e-05 5.21e-05 4.115e-05 4.345e-05 4.58e-05 4.67e-05 4.115e-05 4.365e-05 4.115e-05 8.06e-05 5.775e-05 8.29e-05 4.585e-05 4.11e-05 4.115e-05 4.35e-05 5.215e-05 4.125e-05 4.59e-05 5.78e-05 5.56e-05
39 5.11e-05 9.94e-05 6.04e-05 3.62e-05 4.125e-05 3.86e-05 6.85e-05 8.095e-05 8.31e-05 4.875e-05 4.29e-05 9.005e-05 6.765e-05 6.865e-05 5.535e-05 4.315e-05 2.645e-05 3.23e-05 5.015e-05 7.41e-05 5.8e-05 5.11e-05 6.42e-05 5.36e-05 7.77e-05 6.505e-05 4.445e-05 5.12e-05 5.11e-05 8.1e-05 4.44e-05 5.795e-05 5.43e-05 5.105e-05 7.41e-05 6.285e-05 4.875e-05 6.635e-05 6.195e-05 4.75e-05 8.09e-05 3.885e-05 4.86e-05 6.235e-05 5.755e-05 6.86e-05 5.42e-05 3.855e-05 4.87e-05 5.1e-05 7.145e-05 5.425e-05 5.83e-05 5.12e-05 7.405e-05 6.07e-05 5.485e-05 7.665e-05 6.24e-05 9.935e-05 7.405e-05 6.465e-05 5.22e-05 7.41e-05 5.78e-05 5.48e-05 3.85e-05
40 3.32e-05 2.395e-05 4.985e-05 5.665e-05 5.755e-05 5.665e-05 3.7e-05 2.395e-05 7.28e-05 3.325e-05 5.285e-05 2.405e-05 8.09e-05 3.695e-05 2.86e-05 5.21e-05 8.115e-05 5.75e-05 6.555e-05 2.865e-05 2.855e-05 3.315e-05 5.295e-05 3.325e-05 3.7e-05 4.205e-05 4.305e-05 3.33e-05 3.32e-05 2.4e-05 5.435e-05 2.85e-05 5.01e-05 3.31e-05 2.855e-05 2.455e-05 3.33e-05 2.87e-05 4.345e-05 8.09e-05 4.76e-05 5.755e-05 3.305e-05 2.39e-05 6.275e-05 4.035e-05 3.435e-05 5.66e-05 3.315e-05 3.305e-05 2.41e-05 3.45e-05 3.31e-05 3.325e-05 2.855e-05 8.55e-05 5.305e-05 8.09e-05 2.385e-05 2.39e-05 2.855e-05 2.86e-05 5.215e-05 2.865e-05 2.85e-05 5.31e-05 5.735e-05
41 2.735e-05 7.87e-05 4.67e-05 3.83e-05 2.715e-05 3.85e-05 4.52e-05 5.76e-05 7.285e-05 2.72e-05 3.22e-05 6.66e-05 6.25e-05 4.525e-05 3.165e-05 4.31e-05 3.835e-05 3.545e-05 5.24e-05 5.305e-05 3.195e-05 2.715e-05 5.28e-05 2.75e-05 5.41e-05 4.13e-05 3.315e-05 2.745e-05 2.735e-05 5.765e-05 3.295e-05 3.19e-05 5.205e-05 2.725e-05 5.29e-05 3.715e-05 2.735e-05 4.26e-05 5.535e-05 3.885e-05 5.755e-05 5.39e-05 2.7e-05 3.63e-05 4.65e-05 5.735e-05 2.87e-05 3.845e-05 2.7e-05 2.715e-05 4.545e-05 2.875e-05 3.74e-05 2.72e-05 5.285e-05 5.785e-05 4.07e-05 7.14e-05 3.64e-05 7.865e-05 5.285e-05 4.07e-05 5.205e-05 5.305e-05 3.2e-05 4.08e-05 2.77e-05
42 2.85e-06 5.2e-05 4.89e-05 2.4e-05 2.95e-05 2.65e-05 2.095e-05 3.31e-05 7.215e-05 4e-07 3.175e-05 4.22e-05 6.14e-05 2.1e-05 7.15e-06 3.105e-05 5.09e-05 3.6e-05 3.84e-05 2.63e-05 9.7e-06 2.7e-06 5.29e-05 5.3e-06 2.99e-05 1.71e-05 2.16e-05 2.95e-06 2.85e-06 3.315e-05 3.28e-05 9.65e-06 3.805e-05 2.7e-06 2.615e-05 1.49e-05 5.5e-07 1.81e-05 4.11e-05 4.86e-05 3.305e-05 2.7e-05 3e-07 1.405e-05 4.66e-05 4.93e-05 5.85e-06 2.645e-05 2e-07 2.65e-06 2.325e-05 5.95e-06 1.06e-05 2.8e-06 2.61e-05 5.45e-05 4.31e-05 7.04e-05 1.41e-05 5.195e-05 2.61e-05 1.625e-05 4.01e-05 2.63e-05 9.6e-06 4.315e-05 2.71e-05
43 1.195e-05 4.755e-05 3.535e-05 3.785e-05 3.4e-05 3.555e-05 2.08e-05 2.395e-05 7.36e-05 1.43e-05 3.2e-05 3.305e-05 5.815e-05 2.065e-05 7.5e-06 3.1e-05 6.01e-05 3.63e-05 5.155e-05 3.1e-05 4.95e-06 1.175e-05 5.3e-05 9.65e-06 2.975e-05 2.555e-05 2.19e-05 1.205e-05 1.195e-05 2.4e-05 3.315e-05 4.9e-06 3.8e-05 1.18e-05 3.09e-05 1.2e-06 1.44e-05 1.82e-05 4.58e-05 6.235e-05 2.39e-05 3.63e-05 1.405e-05 4e-07 4.645e-05 4.045e-05 1.135e-05 3.55e-05 1.415e-05 1.175e-05 9.7e-06 1.15e-05 2.44e-05 1.185e-05 3.085e-05 6.51e-05 3.85e-05 6.715e-05 2.5e-07 4.75e-05 3.085e-05 1.63e-05 4.005e-05 3.1e-05 4.95e-06 3.855e-05 3.635e-05
44 4.66e-05 7.9e-05 5.535e-05 5.76e-05 4.645e-05 5.755e-05 4.6e-05 6.28e-05 7.585e-05 4.67e-05 4.63e-05 7.19e-05 7.045e-05 4.615e-05 4.635e-05 5.76e-05 5.75e-05 4.865e-05 5.805e-05 6.285e-05 4.66e-05 4.665e-05 6.265e-05 4.67e-05 5.525e-05 4.71e-05 4.63e-05 4.67e-05 4.66e-05 6.285e-05 4.63e-05 4.655e-05 6.665e-05 4.66e-05 6.29e-05 4.705e-05 4.665e-05 5.735e-05 6.52e-05 5.755e-05 6.275e-05 4.65e-05 4.66e-05 4.645e-05 9.19e-05 6.255e-05 4.78e-05 5.75e-05 4.67e-05 4.655e-05 5.55e-05 4.785e-05 5.165e-05 4.675e-05 6.285e-05 7.04e-05 5.555e-05 7.945e-05 4.65e-05 7.895e-05 6.285e-05 5.57e-05 6.665e-05 6.285e-05 4.655e-05 5.555e-05 4.655e-05
45 4.95e-05 4.01e-05 4.98e-05 6.04e-05 5.745e-05 6.05e-05 5.315e-05 4.03e-05 7.255e-05 4.945e-05 5.3e-05 4.035e-05 8.095e-05 5.325e-05 4.48e-05 5.605e-05 6.845e-05 4.865e-05 6.935e-05 4.485e-05 4.51e-05 4.95e-05 5.275e-05 4.97e-05 5.32e-05 5.845e-05 4.625e-05 4.96e-05 4.95e-05 4.035e-05 5.42e-05 4.505e-05 5.6e-05 4.945e-05 4.485e-05 4.105e-05 4.945e-05 4.5e-05 4.725e-05 6.86e-05 4.035e-05 5.735e-05 4.93e-05 4.045e-05 6.255e-05 8.01e-05 5.09e-05 6.045e-05 4.94e-05 4.94e-05 4.045e-05 5.095e-05 4.93e-05 4.96e-05 4.47e-05 8.53e-05 5.295e-05 8.085e-05 4.05e-05 4.005e-05 4.47e-05 4.495e-05 5.6e-05 4.48e-05 4.515e-05 5.3e-05 5.77e-05
46 4.35e-06 5.74e-05 4.65e-05 2.965e-05 2.7e-05 2.795e-05 2.215e-05 3.44e-05 7.31e-05 6.1e-06 3.345e-05 4.36e-05 5.825e-05 2.2e-05 8.9e-06 3.245e-05 5.255e-05 3.77e-05 4.325e-05 3.185e-05 6.95e-06 4.25e-06 5.445e-05 2.6e-06 3.115e-05 1.78e-05 2.335e-05 4.45e-06 4.35e-06 3.445e-05 3.455e-05 6.9e-06 3.955e-05 4.2e-06 3.17e-05 1.23e-05 6.25e-06 1.96e-05 4.66e-05 5.42e-05 3.435e-05 2.87e-05 5.85e-06 1.135e-05 4.78e-05 5.09e-05 4.5e-06 2.79e-05 5.9e-06 4.1e-06 2.085e-05 2.4e-06 1.625e-05 4.3e-06 3.165e-05 5.56e-05 4.065e-05 6.735e-05 1.13e-05 5.735e-05 3.165e-05 1.78e-05 4.16e-05 3.185e-05 7e-06 4.075e-05 2.875e-05
47 2.655e-05 7.765e-05 5.79e-05 2.64e-05 3.84e-05 2.635e-05 4.43e-05 5.665e-05 8.38e-05 2.665e-05 4.32e-05 6.575e-05 6.325e-05 4.435e-05 3.105e-05 3.1e-05 3.84e-05 3.245e-05 4.02e-05 5.22e-05 3.105e-05 2.66e-05 6.4e-05 2.655e-05 5.34e-05 4.03e-05 3.295e-05 2.665e-05 2.655e-05 5.67e-05 4.425e-05 3.1e-05 4.01e-05 2.645e-05 5.215e-05 3.625e-05 2.67e-05 4.18e-05 5.21e-05 3.855e-05 5.66e-05 3.845e-05 2.645e-05 3.55e-05 5.75e-05 6.045e-05 2.79e-05 5.26e-05 2.655e-05 2.64e-05 4.475e-05 2.785e-05 3.65e-05 2.665e-05 5.21e-05 5.87e-05 5.21e-05 7.225e-05 3.555e-05 7.76e-05 5.21e-05 4.015e-05 4.005e-05 5.22e-05 3.11e-05 5.215e-05 3.87e-05
48 3e-06 5.21e-05 4.9e-05 2.4e-05 2.96e-05 2.66e-05 2.105e-05 3.32e-05 7.225e-05 4.5e-07 3.185e-05 4.23e-05 6.15e-05 2.11e-05 7.15e-06 3.115e-05 5.1e-05 3.605e-05 3.85e-05 2.645e-05 9.8e-06 2.7e-06 5.3e-05 5.4e-06 2.995e-05 1.72e-05 2.175e-05 3.1e-06 3e-06 3.325e-05 3.28e-05 9.75e-06 3.815e-05 2.85e-06 2.615e-05 1.5e-05 7.5e-07 1.825e-05 4.115e-05 4.87e-05 3.315e-05 2.7e-05 2e-07 1.415e-05 4.67e-05 4.94e-05 5.9e-06 2.655e-05 1e-07 2.7e-06 2.335e-05 6.05e-06 1.075e-05 2.8e-06 2.61e-05 5.465e-05 4.32e-05 7.05e-05 1.42e-05 5.205e-05 2.61e-05 1.625e-05 4.02e-05 2.645e-05 9.7e-06 4.325e-05 2.715e-05
49 2.85e-06 5.43e-05 4.67e-05 2.645e-05 2.715e-05 2.645e-05 2.09e-05 3.31e-05 7.285e-05 2.9e-06 3.19e-05 4.22e-05 5.98e-05 2.09e-05 7.35e-06 3.11e-05 5.1e-05 3.615e-05 4.045e-05 2.87e-05 7.3e-06 2.8e-06 5.295e-05 2.8e-06 2.99e-05 1.67e-05 2.18e-05 2.95e-06 2.85e-06 3.315e-05 3.3e-05 7.25e-06 3.81e-05 2.7e-06 2.855e-05 1.265e-05 3.05e-06 1.81e-05 4.345e-05 5.1e-05 3.305e-05 2.715e-05 2.65e-06 1.175e-05 4.655e-05 4.94e-05 4.1e-06 2.64e-05 2.7e-06 5.1e-06 2.105e-05 4.1e-06 1.305e-05 2.85e-06 2.85e-05 5.53e-05 4.085e-05 6.88e-05 1.18e-05 5.425e-05 2.85e-05 1.635e-05 4.015e-05 2.87e-05 7.4e-06 4.095e-05 2.725e-05
50 2.12e-05 3.835e-05 3.545e-05 4.7e-05 4.325e-05 4.48e-05 2.97e-05 2.415e-05 7.36e-05 2.345e-05 4.095e-05 2.4e-05 6.75e-05 2.985e-05 1.65e-05 4.035e-05 6.92e-05 4.545e-05 6.07e-05 3.095e-05 1.445e-05 2.1e-05 5.295e-05 1.905e-05 2.97e-05 3.485e-05 3.1e-05 2.13e-05 2.12e-05 2.42e-05 4.23e-05 1.44e-05 3.81e-05 2.11e-05 3.09e-05 1.06e-05 2.35e-05 1.835e-05 4.58e-05 7.145e-05 2.41e-05 4.545e-05 2.325e-05 9.7e-06 5.55e-05 4.045e-05 2.085e-05 4.475e-05 2.335e-05 2.105e-05 1.92e-05 2.09e-05 3.345e-05 2.11e-05 3.085e-05 7.42e-05 3.86e-05 6.725e-05 9.85e-06 3.83e-05 3.085e-05 1.645e-05 4.015e-05 3.095e-05 1.455e-05 3.865e-05 4.565e-05
51 4.2e-06 5.745e-05 4.655e-05 2.975e-05 2.69e-05 2.79e-05 2.22e-05 3.455e-05 7.31e-05 6.2e-06 3.35e-05 4.365e-05 5.835e-05 2.215e-05 9e-06 3.26e-05 5.255e-05 3.78e-05 4.325e-05 3.19e-05 6.9e-06 4.35e-06 5.445e-05 2.35e-06 3.12e-05 1.77e-05 2.34e-05 4.4e-06 4.3e-06 3.46e-05 3.465e-05 6.85e-06 3.96e-05 4.05e-06 3.18e-05 1.245e-05 6.3e-06 1.945e-05 4.67e-05 5.425e-05 3.45e-05 2.875e-05 5.95e-06 1.15e-05 4.785e-05 5.095e-05 2.4e-06 2.785e-05 6.05e-06 4.1e-06 2.09e-05 4.4e-06 1.63e-05 4.35e-06 3.175e-05 5.56e-05 4.065e-05 6.735e-05 1.155e-05 5.74e-05 3.175e-05 1.79e-05 4.165e-05 3.19e-05 7.25e-06 4.08e-05 2.89e-05
52 1.3e-05 4.175e-05 5.92e-05 3.415e-05 3.98e-05 3.655e-05 2.585e-05 3.315e-05 7.21e-05 1.07e-05 4.155e-05 4.225e-05 7.16e-05 2.595e-05 1.74e-05 4.11e-05 6.09e-05 4.63e-05 4.34e-05 2.62e-05 2.005e-05 1.315e-05 5.29e-05 1.565e-05 3.505e-05 2.24e-05 3.175e-05 1.31e-05 1.3e-05 3.32e-05 4.32e-05 2e-05 4.81e-05 1.305e-05 2.63e-05 2.5e-05 1.05e-05 2.825e-05 4.115e-05 5.83e-05 3.31e-05 3.74e-05 1.06e-05 2.44e-05 5.165e-05 4.93e-05 1.625e-05 3.65e-05 1.075e-05 1.305e-05 3.345e-05 1.63e-05 2.08e-05 1.325e-05 2.625e-05 6.45e-05 5.34e-05 8.06e-05 2.445e-05 4.17e-05 2.625e-05 2.67e-05 5.015e-05 2.615e-05 1.99e-05 5.34e-05 3.715e-05
53 3.1e-06 5.45e-05 4.675e-05 2.66e-05 2.73e-05 2.67e-05 2.11e-05 3.33e-05 7.305e-05 3.05e-06 3.21e-05 4.225e-05 6e-05 2.11e-05 7.5e-06 3.13e-05 5.11e-05 3.635e-05 4.065e-05 2.89e-05 7.55e-06 2.8e-06 5.305e-05 3.1e-06 2.995e-05 1.695e-05 2.2e-05 3.2e-06 3.1e-06 3.335e-05 3.315e-05 7.5e-06 3.815e-05 2.95e-06 2.87e-05 1.28e-05 3.25e-06 1.835e-05 4.365e-05 5.12e-05 3.325e-05 2.72e-05 2.8e-06 1.185e-05 4.675e-05 4.96e-05 4.3e-06 2.665e-05 2.8e-06 2.85e-06 2.11e-05 4.35e-06 1.325e-05 5.5e-06 2.865e-05 5.55e-05 4.08e-05 6.885e-05 1.2e-05 5.445e-05 2.865e-05 1.635e-05 4.02e-05 2.89e-05 7.6e-06 4.09e-05 2.745e-05
54 2.87e-05 2.61e-05 5.66e-05 4.97e-05 5.53e-05 5.215e-05 3.71e-05 2.85e-05 7.2e-05 2.63e-05 5.275e-05 2.855e-05 8.26e-05 3.72e-05 2.84e-05 5.22e-05 7.655e-05 5.735e-05 5.9e-05 2.635e-05 3.1e-05 2.855e-05 5.29e-05 3.11e-05 3.705e-05 3.785e-05 4.295e-05 2.88e-05 2.87e-05 2.855e-05 5.415e-05 3.095e-05 5.01e-05 2.86e-05 2.62e-05 3.145e-05 2.645e-05 2.87e-05 4.115e-05 7.405e-05 2.855e-05 5.285e-05 2.61e-05 3.085e-05 6.285e-05 4.47e-05 3.165e-05 5.21e-05 2.61e-05 2.85e-05 3.085e-05 3.175e-05 2.625e-05 2.865e-05 5.21e-05 8.025e-05 5.53e-05 8.25e-05 3.09e-05 2.605e-05 2.605e-05 2.85e-05 5.215e-05 2.63e-05 3.095e-05 5.535e-05 5.275e-05
55 5.525e-05 0.00010585 7.675e-05 5.8e-05 5.86e-05 5.875e-05 6.775e-05 8.555e-05 8.28e-05 5.46e-05 6.24e-05 9.465e-05 5.985e-05 6.785e-05 5.97e-05 6.335e-05 6.13e-05 6.01e-05 6.67e-05 8.02e-05 6.07e-05 5.545e-05 8.345e-05 5.625e-05 7.695e-05 6.41e-05 5.97e-05 5.535e-05 5.525e-05 8.56e-05 6.235e-05 6.065e-05 7.24e-05 5.53e-05 8.03e-05 6.585e-05 5.43e-05 7.05e-05 8.06e-05 6.07e-05 8.55e-05 5.785e-05 5.45e-05 6.51e-05 7.04e-05 8.53e-05 5.56e-05 5.87e-05 5.465e-05 5.53e-05 7.42e-05 5.56e-05 6.45e-05 5.55e-05 8.025e-05 0.0001086 7.225e-05 6.885e-05 6.515e-05 0.0001058 8.025e-05 6.9e-05 7.24e-05 8.015e-05 6.075e-05 7.235e-05 5.81e-05
56 4.1e-05 6.74e-05 3.985e-05 5.44e-05 3.845e-05 5.215e-05 5.425e-05 5.31e-05 7.36e-05 4.33e-05 4.145e-05 5.285e-05 7.005e-05 5.425e-05 4.1e-05 5.225e-05 5.2e-05 4.475e-05 6.81e-05 5.54e-05 3.875e-05 4.075e-05 5.28e-05 3.88e-05 5.4e-05 5.465e-05 4.24e-05 4.11e-05 4.1e-05 5.315e-05 4.23e-05 3.87e-05 5.195e-05 4.09e-05 5.535e-05 3.945e-05 4.335e-05 4.265e-05 5.775e-05 5.485e-05 5.305e-05 4.07e-05 4.31e-05 3.85e-05 5.555e-05 5.295e-05 4.065e-05 5.21e-05 4.32e-05 4.085e-05 3.86e-05 4.065e-05 5.34e-05 4.08e-05 5.53e-05 7.225e-05 7.65e-05 6.97e-05 3.87e-05 6.735e-05 5.53e-05 4.07e-05 5.195e-05 5.54e-05 3.89e-05 3.835e-05 4.15e-05
57 6.895e-05 9.45e-05 6.98e-05 7.39e-05 6.98e-05 7.23e-05 7.685e-05 8.095e-05 8.35e-05 7.06e-05 7.165e-05 8.08e-05 6.73e-05 7.69e-05 6.89e-05 7.24e-05 7.49e-05 6.93e-05 8.23e-05 8.26e-05 6.735e-05 6.88e-05 8.34e-05 6.74e-05 7.675e-05 7.73e-05 6.9e-05 6.905e-05 6.895e-05 8.1e-05 7.15e-05 6.73e-05 7.22e-05 6.885e-05 8.255e-05 6.8e-05 7.065e-05 7.06e-05 8.29e-05 7.665e-05 8.09e-05 7.14e-05 7.04e-05 6.715e-05 7.945e-05 8.085e-05 6.735e-05 7.225e-05 7.05e-05 6.88e-05 6.725e-05 6.735e-05 8.06e-05 6.885e-05 8.25e-05 6.885e-05 6.97e-05 0.0001341 6.73e-05 9.445e-05 8.25e-05 6.875e-05 7.22e-05 8.26e-05 6.75e-05 6.98e-05 7.175e-05
58 1.2e-05 4.76e-05 3.55e-05 3.79e-05 3.41e-05 3.56e-05 2.085e-05 2.39e-05 7.365e-05 1.435e-05 3.205e-05 3.32e-05 5.81e-05 2.06e-05 7.55e-06 3.095e-05 6.02e-05 3.635e-05 5.16e-05 3.105e-05 4.85e-06 1.19e-05 5.31e-05 9.7e-06 2.985e-05 2.56e-05 2.195e-05 1.21e-05 1.2e-05 2.395e-05 3.32e-05 4.85e-06 3.815e-05 1.185e-05 3.095e-05 1.2e-06 1.445e-05 1.825e-05 4.585e-05 6.24e-05 2.385e-05 3.64e-05 1.41e-05 2.5e-07 4.65e-05 4.05e-05 1.13e-05 3.555e-05 1.42e-05 1.18e-05 9.85e-06 1.155e-05 2.445e-05 1.2e-05 3.09e-05 6.515e-05 3.87e-05 6.73e-05 1e-07 4.755e-05 3.09e-05 1.645e-05 4.02e-05 3.105e-05 4.75e-06 3.875e-05 3.635e-05
59 5.435e-05 1.5e-07 6.415e-05 7.535e-05 8.095e-05 7.765e-05 5.31e-05 2.385e-05 7.18e-05 5.21e-05 7.36e-05 1.48e-05 0.00010365 5.325e-05 4.96e-05 7.32e-05 0.00010205 7.86e-05 7.945e-05 2.62e-05 5.215e-05 5.435e-05 5.275e-05 5.675e-05 4.41e-05 5.845e-05 6.41e-05 5.445e-05 5.435e-05 2.39e-05 7.545e-05 5.21e-05 6.2e-05 5.43e-05 2.62e-05 4.785e-05 5.21e-05 3.91e-05 4.11e-05 9.935e-05 2.39e-05 7.865e-05 5.195e-05 4.75e-05 7.895e-05 4.005e-05 5.735e-05 7.76e-05 5.205e-05 5.425e-05 3.83e-05 5.74e-05 4.17e-05 5.445e-05 2.605e-05 0.0001058 6.735e-05 9.445e-05 4.755e-05 2e-07 2.605e-05 4.07e-05 6.405e-05 2.615e-05 5.215e-05 6.74e-05 7.83e-05
60 2.87e-05 2.61e-05 5.66e-05 4.97e-05 5.53e-05 5.215e-05 3.71e-05 2.85e-05 7.2e-05 2.63e-05 5.275e-05 2.855e-05 8.26e-05 3.72e-05 2.84e-05 5.22e-05 7.655e-05 5.735e-05 5.9e-05 2.635e-05 3.1e-05 2.855e-05 5.29e-05 3.11e-05 3.705e-05 3.785e-05 4.295e-05 2.88e-05 2.87e-05 2.855e-05 5.415e-05 3.095e-05 5.01e-05 2.86e-05 2.62e-05 3.145e-05 2.645e-05 2.87e-05 4.115e-05 7.405e-05 2.855e-05 5.285e-05 2.61e-05 3.085e-05 6.285e-05 4.47e-05 3.165e-05 5.21e-05 2.61e-05 2.85e-05 3.085e-05 3.175e-05 2.625e-05 2.865e-05 2.605e-05 8.025e-05 5.53e-05 8.25e-05 3.09e-05 2.605e-05 5.21e-05 2.85e-05 5.215e-05 2.63e-05 3.095e-05 5.535e-05 5.275e-05
61 1.66e-05 4.075e-05 4.21e-05 4.005e-05 4.085e-05 4.02e-05 3.005e-05 2.865e-05 7.295e-05 1.65e-05 4.105e-05 2.85e-05 6.9e-05 3.005e-05 1.645e-05 4.025e-05 6.46e-05 4.53e-05 5.415e-05 2.875e-05 1.655e-05 1.625e-05 5.295e-05 1.665e-05 2.98e-05 3.05e-05 3.095e-05 1.67e-05 1.66e-05 2.87e-05 4.21e-05 1.65e-05 3.8e-05 1.645e-05 2.855e-05 1.725e-05 1.67e-05 1.825e-05 4.35e-05 6.465e-05 2.86e-05 4.07e-05 1.625e-05 1.63e-05 5.57e-05 4.495e-05 1.78e-05 4.015e-05 1.625e-05 1.635e-05 1.645e-05 1.79e-05 2.67e-05 1.635e-05 2.85e-05 6.9e-05 4.07e-05 6.875e-05 1.645e-05 4.07e-05 2.85e-05 3.24e-05 4.005e-05 2.875e-05 1.655e-05 4.075e-05 4.09e-05
