 slim_761999417 slim_761999433 slim_761999425 slim_761999435 slim_761999440 slim_761999441 slim_761999419 slim_761999413 slim_761999461 slim_761999409 slim_761999421 slim_761999443 slim_761999423 slim_761999431 slim_761999415 slim_761999444 slim_761999458 slim_761999429 slim_761999432 slim_761999448 slim_761999424 slim_761999455 slim_761999434 slim_761999416 slim_761999410 slim_761999453 slim_761999462 slim_761999414 slim_761999437 slim_761999426 slim_761999452 slim_761999408 slim_761999412 slim_761999446 slim_761999439 slim_761999447 slim_761999449 slim_761999457 slim_761999450 slim_761999460 slim_761999422 slim_761999418 slim_761999456 slim_761999430 slim_761999420 slim_761999451 slim_761999445 slim_761999428 slim_761999454 slim_761999459 slim_761999411 slim_761999427 slim_761999436 slim_761999438 slim_761999407 slim_761999442
0 0.0001799 0.0001548 0.00013835 0.0001716 0.00014645 0.00015045 0.0001472 0.00016755 0.00017155 0.0001427 0.0001466 0.0001463 0.00015125 0.0001601 0.0001693 0.000166 0.00016765 0.000166 0.00015635 0.00010765 0.00012535 0.0001582 0.0001562 0.0001717 0.0001632 0.0001695 0.00013085 0.0001475 0.00016655 0.0001077 0.00012555 0.00012525 0.0001605 0.0001364 0.0001254 0.0001267 0.00014395 0.0001658 0.0001505 0.00015485 0.0001717 0.0001349 0.00011895 0.00016525 0.00014215 0.00015105 0.00013075 0.0001127 0.0001383 0.0001445 0.00011955 0.00014635 0.00016235 0.00013475 0.00013075 0.00013165
1 0.0001548 0.0001706 0.000124 0.00016465 0.0001645 0.0001582 0.0001509 0.0001594 0.0001646 0.0001379 0.0001416 0.0001459 0.0001508 0.0001309 0.00014405 0.00012495 0.0001595 0.00014085 0.00014895 0.0001616 0.0001681 0.0001045 0.0001488 0.00016475 0.0001237 0.00014425 0.00015635 0.00015125 0.00012265 0.0001617 0.0001683 0.00012025 0.0001251 0.0001209 0.00016815 0.0001546 0.0001611 0.0001209 0.0001689 0.000165 0.00016475 0.0001458 0.0001624 0.0001388 0.00016075 0.0001433 0.0001599 0.00015405 0.0001585 0.00015445 0.00012025 0.00014595 0.0001391 0.0001288 0.00015985 0.00016085
2 0.00013835 0.000124 0.0001534 0.00017995 0.00013105 0.00014145 0.0001393 0.0001718 0.0001799 0.00012865 0.0001494 0.00012375 0.00015665 0.0001497 0.00015775 0.0001283 0.0001719 0.00014165 0.00015515 0.0001292 0.0001117 0.00015355 0.000155 0.00018005 0.0001565 0.00015795 0.00016505 0.0001679 0.00012955 0.00012925 0.0001119 0.00011175 0.00017575 0.000122 0.00011175 0.00015515 0.0001413 0.0001322 0.000149 0.0001765 0.00018005 0.0001313 0.0001396 0.0001496 0.0001738 0.00017615 0.0001633 0.0001076 0.0001734 0.0001413 0.000159 0.0001238 0.00017355 0.0001463 0.0001633 0.0001411
3 0.0001716 0.00016465 0.00017995 1e-07 0.0001717 0.00017195 0.00017935 7.855e-05 5e-08 0.00018255 0.0001644 0.0001815 0.00010305 0.00016805 8.675e-05 8.595e-05 7.865e-05 0.00016405 9e-05 0.00017515 0.00018935 0.00016555 8.985e-05 2e-07 0.0001646 8.695e-05 7.95e-05 0.00017675 0.0001708 0.00017525 0.00018955 0.00016645 7.89e-05 0.0001491 0.0001894 0.00015895 9.575e-05 0.00017895 0.0001476 8.81e-05 2e-07 0.00015835 0.00015795 0.0001652 6.34e-05 8.38e-05 8.055e-05 0.0001901 0.0001434 0.0001803 0.00015925 0.00018155 7.47e-05 0.00017195 8.05e-05 0.000171
4 0.00014645 0.0001645 0.00013105 0.0001717 0.0001481 0.0001077 0.0001292 0.00014885 0.00017165 0.00010895 0.00015075 0.00012215 0.0001738 0.00015165 0.00017085 0.0001654 0.00014895 0.00012125 0.00016975 0.00013 7.405e-05 0.00017005 0.0001696 0.0001718 0.0001553 0.00017105 0.00017775 0.000152 0.0001531 0.0001301 7.42e-05 0.0001726 0.0001709 0.00017295 7.41e-05 0.00015595 0.00012655 0.00016795 0.00012595 0.000156 0.0001718 0.00015255 0.0001305 0.000148 0.0001794 0.00015535 0.00017885 8.78e-05 0.0001809 0.00012485 0.00017795 0.0001222 0.00015495 0.0001483 0.0001788 0.0001103
5 0.00015045 0.0001582 0.00014145 0.00017195 0.0001077 0.0001736 0.00012865 0.0001294 0.0001719 0.00012005 0.00015135 0.0001339 0.00017075 0.0001636 0.00017125 0.0001654 0.0001295 0.00014365 0.00017015 0.00013885 9.7e-05 0.00016415 0.00017 0.00017205 0.0001465 0.00017145 0.00017325 0.0001365 0.00016505 0.00013895 9.72e-05 0.00016985 0.00016485 0.0001671 9.705e-05 0.00013375 0.0001382 0.0001706 0.00013155 0.00015285 0.00017205 0.0001585 0.00013625 0.0001287 0.0001738 0.0001521 0.00017635 0.00010855 0.00017055 0.0001257 0.00016915 0.00013395 0.0001618 0.0001462 0.0001763 0.00010935
6 0.0001472 0.0001509 0.0001393 0.00017935 0.0001292 0.00012865 0.0001696 0.0001759 0.0001793 0.0001198 0.0001413 0.00012885 0.00016685 0.00016295 0.0001676 0.0001647 0.000176 0.00015525 0.0001652 0.0001409 0.0001016 0.0001539 0.00016505 0.00017945 0.0001269 0.0001678 0.0001757 0.00012905 0.00014625 0.000141 0.0001018 0.0001652 0.00016565 0.0001677 0.00010165 0.0001763 0.00014065 0.00015355 0.0001293 0.0001346 0.00017945 0.0001558 0.00014355 0.00016415 0.0001825 0.00015625 0.0001798 0.0001062 0.00014625 0.0001228 0.000166 0.0001289 0.0001726 0.00013735 0.00017975 0.00010565
7 0.00016755 0.0001594 0.0001718 7.855e-05 0.00014885 0.0001294 0.0001759 0.000157 7.85e-05 0.00017475 0.00016475 0.00017325 0.0001311 0.0001606 0.00012315 0.00012245 7.865e-05 0.00014325 0.00012525 0.00017255 0.0001785 0.0001602 0.0001251 7.865e-05 0.00016495 0.00012335 0.00012075 0.00015795 0.00016525 0.00017265 0.0001787 0.00016655 0.0001156 0.00015425 0.00017855 0.00012255 0.0001293 0.00017195 0.0001517 0.00012435 7.865e-05 0.0001603 0.0001604 0.00012315 0.0001105 0.0001201 0.0001226 0.00017715 0.0001526 0.0001643 0.00015955 0.0001733 0.00010915 0.0001656 0.00012255 0.00017085
8 0.00017155 0.0001646 0.0001799 5e-08 0.00017165 0.0001719 0.0001793 7.85e-05 0.0 0.0001825 0.00016435 0.00018145 0.000103 0.000168 8.67e-05 8.59e-05 7.86e-05 0.000164 8.995e-05 0.0001751 0.0001893 0.0001655 8.98e-05 1.5e-07 0.00016455 8.69e-05 7.945e-05 0.0001767 0.00017075 0.0001752 0.0001895 0.0001664 7.885e-05 0.00014905 0.00018935 0.0001589 9.57e-05 0.0001789 0.00014755 8.805e-05 1.5e-07 0.0001583 0.0001579 0.00016515 6.335e-05 8.375e-05 8.05e-05 0.00019005 0.00014335 0.00018025 0.0001592 0.0001815 7.465e-05 0.0001719 8.045e-05 0.00017095
9 0.0001427 0.0001379 0.00012865 0.00018255 0.00010895 0.00012005 0.0001198 0.00017475 0.0001825 0.0001204 0.00014755 0.0001146 0.0001803 0.0001573 0.0001757 0.000175 0.00017485 0.0001622 0.00017775 0.00011815 6.02e-05 0.0001387 0.0001776 0.00018265 0.00011105 0.0001759 0.00017635 0.00014105 0.00016405 0.00011825 6.03e-05 0.00017185 0.00014555 0.00017175 6.02e-05 0.0001715 0.00012285 0.000167 0.00012195 0.0001612 0.00018265 0.0001409 0.0001181 0.0001679 0.00017945 0.0001448 0.00017935 7.585e-05 0.00017135 0.0001086 0.00014225 0.00011465 0.0001639 0.0001405 0.0001793 9.955e-05
10 0.0001466 0.0001416 0.0001494 0.0001644 0.00015075 0.00015135 0.0001413 0.00016475 0.00016435 0.00014755 0.0001627 0.00010925 0.00014375 0.00011865 0.00012285 0.00014945 0.00016485 0.00012315 0.0001403 0.0001617 0.00013695 0.000115 0.00014015 0.0001645 0.0001573 0.00012305 0.00017135 0.0001593 9.735e-05 0.0001618 0.00013715 0.00016055 0.00015665 0.00016225 0.000137 0.00017575 0.00015105 9.455e-05 0.00016045 0.00015295 0.0001645 0.00016185 0.00016355 0.0001232 0.00017735 0.00014575 0.00017545 0.00013765 0.000176 0.0001579 0.0001676 0.0001093 0.00016025 0.0001201 0.0001754 0.00010945
11 0.0001463 0.0001459 0.00012375 0.0001815 0.00012215 0.0001339 0.00012885 0.00017325 0.00018145 0.0001146 0.00010925 0.0001765 0.00016705 0.00012415 0.00013485 0.0001567 0.00017335 0.00012235 0.00016375 0.00013735 8.825e-05 0.00012415 0.0001636 0.0001816 0.0001496 0.00013505 0.0001799 0.0001575 9.88e-05 0.00013745 8.845e-05 0.00015925 0.0001708 0.00016095 8.825e-05 0.0001757 0.00013525 9.82e-05 0.00013705 0.0001654 0.0001816 0.00013925 0.0001392 0.0001266 0.0001859 0.00015995 0.000184 9.455e-05 0.0001799 0.0001346 0.0001732 8.83e-05 0.0001744 0.00013835 0.00018395 0.0001164
12 0.00015125 0.0001508 0.00015665 0.00010305 0.0001738 0.00017075 0.00016685 0.0001311 0.000103 0.0001803 0.00014375 0.00016705 0.0001856 0.00015345 0.0001266 0.0001203 0.00013105 0.0001565 9.79e-05 0.00016815 0.0001837 0.0001572 9.79e-05 0.000103 0.0001695 0.00012665 0.000125 0.00017325 0.00015185 0.00016825 0.0001839 0.00014515 0.0001335 0.0001381 0.00018375 0.00015585 0.0001406 0.0001512 0.0001623 0.00013535 0.000103 0.0001505 0.00016125 0.00015465 0.00012085 0.00013645 0.00012785 0.0001745 0.0001491 0.0001755 0.00015835 0.0001671 0.00012845 0.0001308 0.0001278 0.0001597
13 0.0001601 0.0001309 0.0001497 0.00016805 0.00015165 0.0001636 0.00016295 0.0001606 0.000168 0.0001573 0.00011865 0.00012415 0.00015345 0.000152 0.000122 0.0001472 0.0001607 0.00010385 0.0001539 0.0001666 0.0001721 0.0001058 0.00015375 0.00016815 0.0001541 0.0001222 0.00016295 0.00016975 9.22e-05 0.0001667 0.0001723 0.0001438 0.00015185 0.0001441 0.00017215 0.0001571 0.0001672 7.63e-05 0.0001718 0.00017295 0.00016815 0.0001459 0.00016705 0.00011455 0.0001651 0.0001549 0.0001646 0.0001591 0.00016685 0.00017185 0.0001483 0.0001242 0.000137 0.00014405 0.00016455 0.00016755
14 0.0001693 0.00014405 0.00015775 8.675e-05 0.00017085 0.00017125 0.0001676 0.00012315 8.67e-05 0.0001757 0.00012285 0.00013485 0.0001266 0.000122 0.0001734 0.0001102 0.00012325 0.0001236 0.00011805 0.00017765 0.0001828 0.00012065 0.0001179 8.685e-05 0.00016125 8.69e-05 0.0001268 0.0001775 9.915e-05 0.00017775 0.000183 0.00015315 0.0001207 0.0001453 0.00018285 0.000166 0.0001322 0.0001 0.0001631 0.00013435 8.685e-05 0.00014765 0.00016995 0.0001231 0.000122 0.0001271 0.00012965 0.0001762 0.00016015 0.000179 0.0001635 0.0001349 0.00012095 0.00015745 0.0001296 0.00017085
15 0.000166 0.00012495 0.0001283 8.595e-05 0.0001654 0.0001654 0.0001647 0.00012245 8.59e-05 0.000175 0.00014945 0.0001567 0.0001203 0.0001472 0.0001102 0.0001718 0.00012255 0.00014275 0.00011355 0.00016945 0.0001787 0.00014935 0.0001134 8.605e-05 0.00016565 0.0001104 0.00012025 0.00017695 0.00013035 0.00016955 0.0001789 0.0001231 0.0001251 0.00011605 0.00017875 0.00015955 0.00012955 0.00013445 0.00016155 0.00013205 8.605e-05 0.0001459 0.00016255 0.0001467 0.00011625 0.0001299 0.0001231 0.000171 0.00015805 0.00017475 0.00016215 0.00015675 0.0001199 0.00015535 0.00012305 0.000168
16 0.00016765 0.0001595 0.0001719 7.865e-05 0.00014895 0.0001295 0.000176 7.865e-05 7.86e-05 0.00017485 0.00016485 0.00017335 0.00013105 0.0001607 0.00012325 0.00012255 0.0001572 0.00014335 0.0001252 0.00017265 0.0001786 0.0001603 0.0001252 7.86e-05 0.00016505 0.0001233 0.00012085 0.00015805 0.00016535 0.00017275 0.0001788 0.00016665 0.00011555 0.00015435 0.00017865 0.00012265 0.0001294 0.00017205 0.0001518 0.00012445 7.86e-05 0.0001604 0.0001605 0.00012325 0.00011045 0.0001202 0.0001227 0.00017725 0.0001527 0.0001644 0.00015965 0.0001734 0.0001093 0.0001657 0.00012265 0.00017095
17 0.000166 0.00014085 0.00014165 0.00016405 0.00012125 0.00014365 0.00015525 0.00014325 0.000164 0.0001622 0.00012315 0.00012235 0.0001565 0.00010385 0.0001236 0.00014275 0.00014335 0.0001622 0.0001517 0.00017185 0.0001613 0.0001218 0.00015155 0.00016415 0.00016325 0.0001238 0.0001716 0.0001718 8.325e-05 0.00017195 0.0001615 0.000152 0.00016225 0.0001531 0.00016135 0.0001524 0.0001596 9.225e-05 0.00016725 0.00017105 0.00016415 0.0001512 0.0001731 0.0001028 0.00017455 0.00016565 0.00017325 0.0001544 0.00017835 0.000167 0.00017135 0.0001224 0.00014765 0.0001519 0.0001732 0.00016385
18 0.00015635 0.00014895 0.00015515 9e-05 0.00016975 0.00017015 0.0001652 0.00012525 8.995e-05 0.00017775 0.0001403 0.00016375 9.79e-05 0.0001539 0.00011805 0.00011355 0.0001252 0.0001517 0.0001799 0.0001734 0.00018115 0.00015355 8.995e-05 8.995e-05 0.0001666 0.0001181 0.000125 0.0001736 0.00014705 0.0001735 0.00018135 0.00015145 0.00012535 0.0001444 0.0001812 0.00016305 0.0001328 0.00015165 0.0001612 0.00013105 8.995e-05 0.00015575 0.0001665 0.0001533 0.00012085 0.0001285 0.00012785 0.0001757 0.00015785 0.0001744 0.00016325 0.0001638 0.0001203 0.00012775 0.0001278 0.000157
19 0.00010765 0.0001616 0.0001292 0.00017515 0.00013 0.00013885 0.0001409 0.00017255 0.0001751 0.00011815 0.0001617 0.00013735 0.00016815 0.0001666 0.00017765 0.00016945 0.00017265 0.00017185 0.0001734 0.0001886 9.43e-05 0.0001699 0.00017325 0.00017525 0.0001571 0.00017785 0.00013705 0.0001496 0.0001755 9.44e-05 9.45e-05 0.0001291 0.0001674 0.0001386 9.435e-05 0.0001321 0.00013705 0.0001756 0.00013625 0.00015735 0.00017525 0.00012645 0.00010395 0.00017505 0.00014445 0.00015255 0.00013475 0.0001009 0.00014315 0.00013275 0.0001269 0.0001374 0.00016705 0.0001497 0.0001347 0.00012535
20 0.00012535 0.0001681 0.0001117 0.00018935 7.405e-05 9.7e-05 0.0001016 0.0001785 0.0001893 6.02e-05 0.00013695 8.825e-05 0.0001837 0.0001721 0.0001828 0.0001787 0.0001786 0.0001613 0.00018115 9.43e-05 0.0 0.0001723 0.000181 0.00018945 0.00014105 0.000183 0.00018545 0.0001365 0.00016985 9.44e-05 2e-07 0.0001784 0.00017885 0.00018015 5e-08 0.0001781 0.0001016 0.0001751 9.545e-05 0.00014995 0.00018945 0.0001413 9.62e-05 0.00017195 0.00019095 0.00014925 0.000189 2.655e-05 0.00018265 9.125e-05 0.0001784 8.83e-05 0.00018135 0.0001335 0.00018895 6.185e-05
21 0.0001582 0.0001045 0.00015355 0.00016555 0.00017005 0.00016415 0.0001539 0.0001602 0.0001655 0.0001387 0.000115 0.00012415 0.0001572 0.0001058 0.00012065 0.00014935 0.0001603 0.0001218 0.00015355 0.0001699 0.0001723 0.0001516 0.0001534 0.00016565 0.0001194 0.00012085 0.000163 0.0001519 9.155e-05 0.00017 0.0001725 0.0001504 0.0001208 0.00015025 0.00017235 0.00016115 0.00016385 8.645e-05 0.00017055 0.0001674 0.00016565 0.00014765 0.0001699 0.0001153 0.0001666 0.0001406 0.00016655 0.00015935 0.0001607 0.0001588 0.0001217 0.0001242 0.00014025 0.000131 0.0001665 0.0001638
22 0.0001562 0.0001488 0.000155 8.985e-05 0.0001696 0.00017 0.00016505 0.0001251 8.98e-05 0.0001776 0.00014015 0.0001636 9.79e-05 0.00015375 0.0001179 0.0001134 0.0001252 0.00015155 8.995e-05 0.00017325 0.000181 0.0001534 0.0001796 8.995e-05 0.00016645 0.0001181 0.00012485 0.00017345 0.0001469 0.00017335 0.0001812 0.0001513 0.00012535 0.00014425 0.00018105 0.0001629 0.00013265 0.0001515 0.00016105 0.0001309 8.995e-05 0.0001556 0.00016635 0.00015315 0.00012085 0.00012835 0.0001277 0.00017555 0.0001577 0.00017425 0.0001631 0.00016365 0.00012015 0.0001276 0.00012765 0.00015685
23 0.0001717 0.00016475 0.00018005 2e-07 0.0001718 0.00017205 0.00017945 7.865e-05 1.5e-07 0.00018265 0.0001645 0.0001816 0.000103 0.00016815 8.685e-05 8.605e-05 7.86e-05 0.00016415 8.995e-05 0.00017525 0.00018945 0.00016565 8.995e-05 3e-07 0.0001647 8.69e-05 7.96e-05 0.00017685 0.0001709 0.00017535 0.00018965 0.00016655 7.885e-05 0.0001492 0.0001895 0.00015905 9.585e-05 0.00017905 0.0001477 8.82e-05 1.5e-07 0.00015845 0.00015805 0.0001653 6.335e-05 8.39e-05 8.065e-05 0.0001902 0.0001435 0.0001804 0.00015935 0.00018165 7.48e-05 0.00017205 8.06e-05 0.0001711
24 0.0001632 0.0001237 0.0001565 0.0001646 0.0001553 0.0001465 0.0001269 0.00016495 0.00016455 0.00011105 0.0001573 0.0001496 0.0001695 0.0001541 0.00016125 0.00016565 0.00016505 0.00016325 0.0001666 0.0001571 0.00014105 0.0001194 0.00016645 0.0001647 0.0001613 0.00016145 0.0001671 0.00014245 0.0001556 0.0001572 0.00014125 0.00017 0.00012275 0.00016625 0.0001411 0.0001692 0.0001507 0.00015675 0.0001454 0.00015505 0.0001647 0.0001521 0.0001535 0.0001616 0.00016535 0.00014095 0.0001689 0.00014115 0.0001378 0.0001361 0.00012695 0.00014965 0.0001457 0.0001455 0.00016885 0.00014205
25 0.0001695 0.00014425 0.00015795 8.695e-05 0.00017105 0.00017145 0.0001678 0.00012335 8.69e-05 0.0001759 0.00012305 0.00013505 0.00012665 0.0001222 8.69e-05 0.0001104 0.0001233 0.0001238 0.0001181 0.00017785 0.000183 0.00012085 0.0001181 8.69e-05 0.00016145 0.0001738 0.000127 0.0001777 9.935e-05 0.00017795 0.0001832 0.00015335 0.00012075 0.0001455 0.00018305 0.0001662 0.0001324 0.0001002 0.0001633 0.00013455 8.69e-05 0.00014785 0.00017015 0.0001233 0.000122 0.0001273 0.00012985 0.0001764 0.00016035 0.0001792 0.0001637 0.0001351 0.00012115 0.00015765 0.0001298 0.00017105
26 0.00013085 0.00015635 0.00016505 7.95e-05 0.00017775 0.00017325 0.0001757 0.00012075 7.945e-05 0.00017635 0.00017135 0.0001799 0.000125 0.00016295 0.0001268 0.00012025 0.00012085 0.0001716 0.000125 0.00013705 0.00018545 0.000163 0.00012485 7.96e-05 0.0001671 0.000127 0.0001589 0.00016675 0.00017135 0.0001371 0.00018565 0.0001249 0.0001157 0.00012025 0.0001855 0.0001253 0.00012965 0.0001729 0.00016005 0.00012415 7.96e-05 0.00013215 0.00013255 0.00016805 7.965e-05 0.00011755 8.405e-05 0.00017475 0.00012245 0.0001743 0.00012015 0.00017995 0.0001139 0.00016485 8.405e-05 0.0001764
27 0.0001475 0.00015125 0.0001679 0.00017675 0.000152 0.0001365 0.00012905 0.00015795 0.0001767 0.00014105 0.0001593 0.0001575 0.00017325 0.00016975 0.0001775 0.00017695 0.00015805 0.0001718 0.0001736 0.0001496 0.0001365 0.0001519 0.00017345 0.00017685 0.00014245 0.0001777 0.00016675 9.2e-05 0.00017555 0.0001497 0.0001367 0.00017 0.00015115 0.0001699 0.00013655 0.0001509 0.0001581 0.000177 0.00010985 0.00013555 0.00017685 0.00017345 0.00014965 0.0001587 0.00016985 0.0001469 0.00016975 0.00013535 0.00014325 9.125e-05 0.00014405 0.00015755 0.0001621 0.00013995 0.0001697 0.00013695
28 0.00016655 0.00012265 0.00012955 0.0001708 0.0001531 0.00016505 0.00014625 0.00016525 0.00017075 0.00016405 9.735e-05 9.88e-05 0.00015185 9.22e-05 9.915e-05 0.00013035 0.00016535 8.325e-05 0.00014705 0.0001755 0.00016985 9.155e-05 0.0001469 0.0001709 0.0001556 9.935e-05 0.00017135 0.00017555 5.51e-05 0.0001756 0.00017005 0.0001356 0.0001632 0.00013725 0.0001699 0.0001704 0.00016415 3.73e-05 0.00017405 0.00017605 0.0001709 0.0001323 0.0001773 9.36e-05 0.00017785 0.0001716 0.000176 0.00015675 0.0001722 0.00017315 0.0001683 9.88e-05 0.0001679 0.0001472 0.00017595 0.00016865
29 0.0001077 0.0001617 0.00012925 0.00017525 0.0001301 0.00013895 0.000141 0.00017265 0.0001752 0.00011825 0.0001618 0.00013745 0.00016825 0.0001667 0.00017775 0.00016955 0.00017275 0.00017195 0.0001735 9.44e-05 9.44e-05 0.00017 0.00017335 0.00017535 0.0001572 0.00017795 0.0001371 0.0001497 0.0001756 0.0001888 9.46e-05 0.0001292 0.0001675 0.0001387 9.445e-05 0.0001322 0.00013715 0.0001757 0.00013635 0.00015745 0.00017535 0.00012655 0.00010405 0.00017515 0.00014455 0.00015265 0.0001348 0.000101 0.00014325 0.00013285 0.00012695 0.0001375 0.00016715 0.0001498 0.0001348 0.00012545
30 0.00012555 0.0001683 0.0001119 0.00018955 7.42e-05 9.72e-05 0.0001018 0.0001787 0.0001895 6.03e-05 0.00013715 8.845e-05 0.0001839 0.0001723 0.000183 0.0001789 0.0001788 0.0001615 0.00018135 9.45e-05 2e-07 0.0001725 0.0001812 0.00018965 0.00014125 0.0001832 0.00018565 0.0001367 0.00017005 9.46e-05 4e-07 0.0001786 0.00017905 0.00018035 2.5e-07 0.0001783 0.0001018 0.0001753 9.565e-05 0.00015015 0.00018965 0.0001414 9.63e-05 0.00017215 0.00019115 0.00014945 0.0001892 2.675e-05 0.00018285 9.145e-05 0.0001786 8.85e-05 0.00018155 0.0001337 0.00018915 6.205e-05
31 0.00012525 0.00012025 0.00011175 0.00016645 0.0001726 0.00016985 0.0001652 0.00016655 0.0001664 0.00017185 0.00016055 0.00015925 0.00014515 0.0001438 0.00015315 0.0001231 0.00016665 0.000152 0.00015145 0.0001291 0.0001784 0.0001504 0.0001513 0.00016655 0.00017 0.00015335 0.0001249 0.00017 0.0001356 0.0001292 0.0001786 0.0001596 0.0001637 9.01e-05 0.00017845 0.0001232 0.000168 0.0001331 0.00017635 0.00017045 0.00016655 0.0001226 0.0001395 0.00015325 0.0001336 0.000166 0.00012315 0.00016365 0.00013825 0.0001718 0.0001203 0.0001593 0.000159 0.0001524 0.0001231 0.000177
32 0.0001605 0.0001251 0.00017575 7.89e-05 0.0001709 0.00016485 0.00016565 0.0001156 7.885e-05 0.00014555 0.00015665 0.0001708 0.0001335 0.00015185 0.0001207 0.0001251 0.00011555 0.00016225 0.00012535 0.0001674 0.00017885 0.0001208 0.00012535 7.885e-05 0.00012275 0.00012075 0.0001157 0.00015115 0.0001632 0.0001675 0.00017905 0.0001637 0.0001577 0.00015405 0.0001789 0.0001541 0.0001274 0.0001655 0.00015505 0.00012115 7.885e-05 0.00015835 0.0001579 0.0001574 0.00010785 9.73e-05 0.00011745 0.00017325 0.00014395 0.0001601 0.00011745 0.00017085 9.4e-05 0.0001455 0.0001174 0.00016395
33 0.0001364 0.0001209 0.000122 0.0001491 0.00017295 0.0001671 0.0001677 0.00015425 0.00014905 0.00017175 0.00016225 0.00016095 0.0001381 0.0001441 0.0001453 0.00011605 0.00015435 0.0001531 0.0001444 0.0001386 0.00018015 0.00015025 0.00014425 0.0001492 0.00016625 0.0001455 0.00012025 0.0001699 0.00013725 0.0001387 0.00018035 9.01e-05 0.00015405 0.0001661 0.0001802 0.0001282 0.00016185 0.00013475 0.00016855 0.00016265 0.0001492 0.00011475 0.0001317 0.00015045 0.00011625 0.0001582 0.0001231 0.0001687 0.0001268 0.0001717 0.00012795 0.000161 0.0001498 0.0001549 0.00012305 0.00017875
34 0.0001254 0.00016815 0.00011175 0.0001894 7.41e-05 9.705e-05 0.00010165 0.00017855 0.00018935 6.02e-05 0.000137 8.825e-05 0.00018375 0.00017215 0.00018285 0.00017875 0.00017865 0.00016135 0.0001812 9.435e-05 5e-08 0.00017235 0.00018105 0.0001895 0.0001411 0.00018305 0.0001855 0.00013655 0.0001699 9.445e-05 2.5e-07 0.00017845 0.0001789 0.0001802 1e-07 0.00017815 0.00010165 0.00017515 9.545e-05 0.00015 0.0001895 0.00014135 9.625e-05 0.000172 0.000191 0.0001493 0.00018905 2.66e-05 0.0001827 9.13e-05 0.00017845 8.83e-05 0.0001814 0.00013355 0.000189 6.19e-05
35 0.0001267 0.0001546 0.00015515 0.00015895 0.00015595 0.00013375 0.0001763 0.00012255 0.0001589 0.0001715 0.00017575 0.0001757 0.00015585 0.0001571 0.000166 0.00015955 0.00012265 0.0001524 0.00016305 0.0001321 0.0001781 0.00016115 0.0001629 0.00015905 0.0001692 0.0001662 0.0001253 0.0001509 0.0001704 0.0001322 0.0001783 0.0001232 0.0001541 0.0001282 0.00017815 0.0001722 0.00016765 0.0001705 0.0001664 0.00016265 0.00015905 0.0001369 0.00013725 0.0001296 0.00012775 0.0001561 0.00012255 0.0001697 0.0001327 0.00016125 0.0001176 0.00017575 0.0001482 0.00016255 0.0001225 0.00017975
36 0.00014395 0.0001611 0.0001413 9.575e-05 0.00012655 0.0001382 0.00014065 0.0001293 9.57e-05 0.00012285 0.00015105 0.00013525 0.0001406 0.0001672 0.0001322 0.00012955 0.0001294 0.0001596 0.0001328 0.00013705 0.0001016 0.00016385 0.00013265 9.585e-05 0.0001507 0.0001324 0.00012965 0.0001581 0.00016415 0.00013715 0.0001018 0.000168 0.0001274 0.00016185 0.00010165 0.00016765 0.0001914 0.00017085 0.0001255 0.000123 9.585e-05 0.00014725 0.00013105 0.00016575 0.0001282 0.0001205 0.00013415 0.00010155 0.0001634 0.00013725 0.0001657 0.0001353 0.00012875 0.0001529 0.0001341 0.00012335
37 0.0001658 0.0001209 0.0001322 0.00017895 0.00016795 0.0001706 0.00015355 0.00017195 0.0001789 0.000167 9.455e-05 9.82e-05 0.0001512 7.63e-05 0.0001 0.00013445 0.00017205 9.225e-05 0.00015165 0.0001756 0.0001751 8.645e-05 0.0001515 0.00017905 0.00015675 0.0001002 0.0001729 0.000177 3.73e-05 0.0001757 0.0001753 0.0001331 0.0001655 0.00013475 0.00017515 0.0001705 0.00017085 4.22e-05 0.0001774 0.00018215 0.00017905 0.0001324 0.0001774 9.3e-05 0.0001794 0.00017375 0.00017755 0.0001555 0.0001717 0.0001765 0.000164 9.825e-05 0.0001702 0.00014595 0.0001775 0.0001721
38 0.0001505 0.0001689 0.000149 0.0001476 0.00012595 0.00013155 0.0001293 0.0001517 0.00014755 0.00012195 0.00016045 0.00013705 0.0001623 0.0001718 0.0001631 0.00016155 0.0001518 0.00016725 0.0001612 0.00013625 9.545e-05 0.00017055 0.00016105 0.0001477 0.0001454 0.0001633 0.00016005 0.00010985 0.00017405 0.00013635 9.565e-05 0.00017635 0.00015505 0.00016855 9.545e-05 0.0001664 0.0001255 0.0001774 0.0001909 0.00013325 0.0001477 0.00015075 0.0001286 0.0001672 0.00015475 0.00014155 0.00016235 0.0001077 0.0001509 0.00010985 0.0001697 0.0001371 0.0001542 0.0001514 0.0001623 0.00012465
39 0.00015485 0.000165 0.0001765 8.81e-05 0.000156 0.00015285 0.0001346 0.00012435 8.805e-05 0.0001612 0.00015295 0.0001654 0.00013535 0.00017295 0.00013435 0.00013205 0.00012445 0.00017105 0.00013105 0.00015735 0.00014995 0.0001674 0.0001309 8.82e-05 0.00015505 0.00013455 0.00012415 0.00013555 0.00017605 0.00015745 0.00015015 0.00017045 0.00012115 0.00016265 0.00015 0.00016265 0.000123 0.00018215 0.00013325 0.0001761 8.82e-05 0.00016925 0.0001497 0.0001706 0.00011885 0.0001098 0.00012645 0.00015555 0.00013035 0.0001475 0.0001594 0.00016545 0.0001203 0.00015025 0.0001264 0.00013505
40 0.0001717 0.00016475 0.00018005 2e-07 0.0001718 0.00017205 0.00017945 7.865e-05 1.5e-07 0.00018265 0.0001645 0.0001816 0.000103 0.00016815 8.685e-05 8.605e-05 7.86e-05 0.00016415 8.995e-05 0.00017525 0.00018945 0.00016565 8.995e-05 1.5e-07 0.0001647 8.69e-05 7.96e-05 0.00017685 0.0001709 0.00017535 0.00018965 0.00016655 7.885e-05 0.0001492 0.0001895 0.00015905 9.585e-05 0.00017905 0.0001477 8.82e-05 3e-07 0.00015845 0.00015805 0.0001653 6.335e-05 8.39e-05 8.065e-05 0.0001902 0.0001435 0.0001804 0.00015935 0.00018165 7.48e-05 0.00017205 8.06e-05 0.0001711
41 0.0001349 0.0001458 0.0001313 0.00015835 0.00015255 0.0001585 0.0001558 0.0001603 0.0001583 0.0001409 0.00016185 0.00013925 0.0001505 0.0001459 0.00014765 0.0001459 0.0001604 0.0001512 0.00015575 0.00012645 0.0001413 0.00014765 0.0001556 0.00015845 0.0001521 0.00014785 0.00013215 0.00017345 0.0001323 0.00012655 0.0001414 0.0001226 0.00015835 0.00011475 0.00014135 0.0001369 0.00014725 0.0001324 0.00015075 0.00016925 0.00015845 0.000192 0.00011865 0.0001496 0.00012735 0.00016355 0.000135 0.0001381 0.0001301 0.0001566 0.0001349 0.0001393 0.00015955 0.00016395 0.00013495 0.0001706
42 0.00011895 0.0001624 0.0001396 0.00015795 0.0001305 0.00013625 0.00014355 0.0001604 0.0001579 0.0001181 0.00016355 0.0001392 0.00016125 0.00016705 0.00016995 0.00016255 0.0001605 0.0001731 0.0001665 0.00010395 9.62e-05 0.0001699 0.00016635 0.00015805 0.0001535 0.00017015 0.00013255 0.00014965 0.0001773 0.00010405 9.63e-05 0.0001395 0.0001579 0.0001317 9.625e-05 0.00013725 0.00013105 0.0001774 0.0001286 0.0001497 0.00015805 0.00011865 0.0001924 0.0001724 0.00012725 0.0001449 0.00013485 0.0001061 0.00013185 0.0001328 0.0001347 0.00013925 0.000158 0.00015235 0.0001348 0.00012725
43 0.00016525 0.0001388 0.0001496 0.0001652 0.000148 0.0001287 0.00016415 0.00012315 0.00016515 0.0001679 0.0001232 0.0001266 0.00015465 0.00011455 0.0001231 0.0001467 0.00012325 0.0001028 0.0001533 0.00017505 0.00017195 0.0001153 0.00015315 0.0001653 0.0001616 0.0001233 0.00016805 0.0001587 9.36e-05 0.00017515 0.00017215 0.00015325 0.0001574 0.00015045 0.000172 0.0001296 0.00016575 9.3e-05 0.0001672 0.0001706 0.0001653 0.0001496 0.0001724 0.0001621 0.0001691 0.0001634 0.0001717 0.00016325 0.00016935 0.000163 0.0001638 0.00012665 0.00015545 0.0001511 0.00017165 0.0001707
44 0.00014215 0.00016075 0.0001738 6.34e-05 0.0001794 0.0001738 0.0001825 0.0001105 6.335e-05 0.00017945 0.00017735 0.0001859 0.00012085 0.0001651 0.000122 0.00011625 0.00011045 0.00017455 0.00012085 0.00014445 0.00019095 0.0001666 0.00012085 6.335e-05 0.00016535 0.000122 7.965e-05 0.00016985 0.00017785 0.00014455 0.00019115 0.0001336 0.00010785 0.00011625 0.000191 0.00012775 0.0001282 0.0001794 0.00015475 0.00011885 6.335e-05 0.00012735 0.00012725 0.0001691 0.0001267 0.00011225 8.07e-05 0.00018795 0.0001123 0.0001774 0.0001252 0.00018595 0.00010475 0.00017165 8.065e-05 0.0001819
45 0.00015105 0.0001433 0.00017615 8.38e-05 0.00015535 0.0001521 0.00015625 0.0001201 8.375e-05 0.0001448 0.00014575 0.00015995 0.00013645 0.0001549 0.0001271 0.0001299 0.0001202 0.00016565 0.0001285 0.00015255 0.00014925 0.0001406 0.00012835 8.39e-05 0.00014095 0.0001273 0.00011755 0.0001469 0.0001716 0.00015265 0.00014945 0.000166 9.73e-05 0.0001582 0.0001493 0.0001561 0.0001205 0.00017375 0.00014155 0.0001098 8.39e-05 0.00016355 0.0001449 0.0001634 0.00011225 0.0001675 0.00011985 0.00015545 0.0001491 0.0001558 0.00013325 0.00016 9.645e-05 0.00013305 0.0001198 0.0001343
46 0.00013075 0.0001599 0.0001633 8.055e-05 0.00017885 0.00017635 0.0001798 0.0001226 8.05e-05 0.00017935 0.00017545 0.000184 0.00012785 0.0001646 0.00012965 0.0001231 0.0001227 0.00017325 0.00012785 0.00013475 0.000189 0.00016655 0.0001277 8.065e-05 0.0001689 0.00012985 8.405e-05 0.00016975 0.000176 0.0001348 0.0001892 0.00012315 0.00011745 0.0001231 0.00018905 0.00012255 0.00013415 0.00017755 0.00016235 0.00012645 8.065e-05 0.000135 0.00013485 0.0001717 8.07e-05 0.00011985 0.000161 0.0001827 0.00012355 0.0001773 0.0001173 0.00018405 0.00011375 0.00016895 8.05e-05 0.00017995
47 0.0001127 0.00015405 0.0001076 0.0001901 8.78e-05 0.00010855 0.0001062 0.00017715 0.00019005 7.585e-05 0.00013765 9.455e-05 0.0001745 0.0001591 0.0001762 0.000171 0.00017725 0.0001544 0.0001757 0.0001009 2.655e-05 0.00015935 0.00017555 0.0001902 0.00014115 0.0001764 0.00017475 0.00013535 0.00015675 0.000101 2.675e-05 0.00016365 0.00017325 0.0001687 2.66e-05 0.0001697 0.00010155 0.0001555 0.0001077 0.00015555 0.0001902 0.0001381 0.0001061 0.00016325 0.00018795 0.00015545 0.0001827 2.59e-05 0.0001773 9.85e-05 0.00016575 9.46e-05 0.00018015 0.0001326 0.00018265 8.28e-05
48 0.0001383 0.0001585 0.0001734 0.0001434 0.0001809 0.00017055 0.00014625 0.0001526 0.00014335 0.00017135 0.000176 0.0001799 0.0001491 0.00016685 0.00016015 0.00015805 0.0001527 0.00017835 0.00015785 0.00014315 0.00018265 0.0001607 0.0001577 0.0001435 0.0001378 0.00016035 0.00012245 0.00014325 0.0001722 0.00014325 0.00018285 0.00013825 0.00014395 0.0001268 0.0001827 0.0001327 0.0001634 0.0001717 0.0001509 0.00013035 0.0001435 0.0001301 0.00013185 0.00016935 0.0001123 0.0001491 0.00012355 0.0001773 0.0001617 0.0001592 0.000124 0.00017995 0.00014865 0.0001653 0.0001235 0.00017705
49 0.0001445 0.00015445 0.0001413 0.0001803 0.00012485 0.0001257 0.0001228 0.0001643 0.00018025 0.0001086 0.0001579 0.0001346 0.0001755 0.00017185 0.000179 0.00017475 0.0001644 0.000167 0.0001744 0.00013275 9.125e-05 0.0001588 0.00017425 0.0001804 0.0001361 0.0001792 0.0001743 9.125e-05 0.00017315 0.00013285 9.145e-05 0.0001718 0.0001601 0.0001717 9.13e-05 0.00016125 0.00013725 0.0001765 0.00010985 0.0001475 0.0001804 0.0001566 0.0001328 0.000163 0.0001774 0.0001558 0.0001773 9.85e-05 0.0001592 0.0001825 0.000157 0.00013465 0.00017105 0.00014615 0.00017725 0.00012045
50 0.00011955 0.00012025 0.000159 0.00015925 0.00017795 0.00016915 0.000166 0.00015955 0.0001592 0.00014225 0.0001676 0.0001732 0.00015835 0.0001483 0.0001635 0.00016215 0.00015965 0.00017135 0.00016325 0.0001269 0.0001784 0.0001217 0.0001631 0.00015935 0.00012695 0.0001637 0.00012015 0.00014405 0.0001683 0.00012695 0.0001786 0.0001203 0.00011745 0.00012795 0.00017845 0.0001176 0.0001657 0.000164 0.0001697 0.0001594 0.00015935 0.0001349 0.0001347 0.0001638 0.0001252 0.00013325 0.0001173 0.00016575 0.000124 0.000157 0.0001508 0.00017325 0.00013295 0.0001424 0.0001173 0.0001728
51 0.00014635 0.00014595 0.0001238 0.00018155 0.0001222 0.00013395 0.0001289 0.0001733 0.0001815 0.00011465 0.0001093 8.83e-05 0.0001671 0.0001242 0.0001349 0.00015675 0.0001734 0.0001224 0.0001638 0.0001374 8.83e-05 0.0001242 0.00016365 0.00018165 0.00014965 0.0001351 0.00017995 0.00015755 9.88e-05 0.0001375 8.85e-05 0.0001593 0.00017085 0.000161 8.83e-05 0.00017575 0.0001353 9.825e-05 0.0001371 0.00016545 0.00018165 0.0001393 0.00013925 0.00012665 0.00018595 0.00016 0.00018405 9.46e-05 0.00017995 0.00013465 0.00017325 0.0001766 0.00017445 0.0001384 0.000184 0.00011645
52 0.00016235 0.0001391 0.00017355 7.47e-05 0.00015495 0.0001618 0.0001726 0.00010915 7.465e-05 0.0001639 0.00016025 0.0001744 0.00012845 0.000137 0.00012095 0.0001199 0.0001093 0.00014765 0.0001203 0.00016705 0.00018135 0.00014025 0.00012015 7.48e-05 0.0001457 0.00012115 0.0001139 0.0001621 0.0001679 0.00016715 0.00018155 0.000159 9.4e-05 0.0001498 0.0001814 0.0001482 0.00012875 0.0001702 0.0001542 0.0001203 7.48e-05 0.00015955 0.000158 0.00015545 0.00010475 9.645e-05 0.00011375 0.00018015 0.00014865 0.00017105 0.00013295 0.00017445 0.0001493 0.00014365 0.0001137 0.00016645
53 0.00013475 0.0001288 0.0001463 0.00017195 0.0001483 0.0001462 0.00013735 0.0001656 0.0001719 0.0001405 0.0001201 0.00013835 0.0001308 0.00014405 0.00015745 0.00015535 0.0001657 0.0001519 0.00012775 0.0001497 0.0001335 0.000131 0.0001276 0.00017205 0.0001455 0.00015765 0.00016485 0.00013995 0.0001472 0.0001498 0.0001337 0.0001524 0.0001455 0.0001549 0.00013355 0.00016255 0.0001529 0.00014595 0.0001514 0.00015025 0.00017205 0.00016395 0.00015235 0.0001511 0.00017165 0.00013305 0.00016895 0.0001326 0.0001653 0.00014615 0.0001424 0.0001384 0.00014365 0.0001666 0.0001689 0.00011505
54 0.00013075 0.00015985 0.0001633 8.05e-05 0.0001788 0.0001763 0.00017975 0.00012255 8.045e-05 0.0001793 0.0001754 0.00018395 0.0001278 0.00016455 0.0001296 0.00012305 0.00012265 0.0001732 0.0001278 0.0001347 0.00018895 0.0001665 0.00012765 8.06e-05 0.00016885 0.0001298 8.405e-05 0.0001697 0.00017595 0.0001348 0.00018915 0.0001231 0.0001174 0.00012305 0.000189 0.0001225 0.0001341 0.0001775 0.0001623 0.0001264 8.06e-05 0.00013495 0.0001348 0.00017165 8.065e-05 0.0001198 8.05e-05 0.00018265 0.0001235 0.00017725 0.0001173 0.000184 0.0001137 0.0001689 0.0001609 0.0001799
55 0.00013165 0.00016085 0.0001411 0.000171 0.0001103 0.00010935 0.00010565 0.00017085 0.00017095 9.955e-05 0.00010945 0.0001164 0.0001597 0.00016755 0.00017085 0.000168 0.00017095 0.00016385 0.000157 0.00012535 6.185e-05 0.0001638 0.00015685 0.0001711 0.00014205 0.00017105 0.0001764 0.00013695 0.00016865 0.00012545 6.205e-05 0.000177 0.00016395 0.00017875 6.19e-05 0.00017975 0.00012335 0.0001721 0.00012465 0.00013505 0.0001711 0.0001706 0.00012725 0.0001707 0.0001819 0.0001343 0.00017995 8.28e-05 0.00017705 0.00012045 0.0001728 0.00011645 0.00016645 0.00011505 0.0001799 9.59e-05
