 slim_761994682 slim_761994705 slim_761994688 slim_761994681 slim_761994715 slim_761994716 slim_761994707 slim_761994695 slim_761994683 slim_761994704 slim_761994697 slim_761994706 slim_761994719 slim_761994699 slim_761994726 slim_761994696 slim_761994703 slim_761994680 slim_761994718 slim_761994724 slim_761994694 slim_761994709 slim_761994685 slim_761994723 slim_761994687 slim_761994692 slim_761994713 slim_761994690 slim_761994710 slim_761994711 slim_761994708 slim_761994725 slim_761994691 slim_761994684 slim_761994693 slim_761994686 slim_761994702 slim_761994722 slim_761994701 slim_761994698 slim_761994717 slim_761994689 slim_761994720 slim_761994700 slim_761994679 slim_761994712 slim_761994721 slim_761994714
0 0.0001371 0.0001405 0.0001355 6.855e-05 0.00011145 0.0001139 0.00012325 9.7e-05 0.00012025 0.00014745 0.0001476 0.00011345 0.0001227 0.0001175 0.0001482 0.0001113 0.00014725 0.0001098 0.00011455 0.00010315 0.0001094 0.00011545 0.00013125 0.00011965 0.00013605 0.00011385 0.00015125 0.00014445 0.00011555 0.0001545 0.00011975 7.685e-05 0.000148 0.00013825 0.00011185 0.00013555 0.00012155 0.0001471 7.055e-05 8.315e-05 0.00011545 7.05e-05 0.0001216 0.0001503 0.0001092 0.0001477 0.00010295 0.00014945
1 0.0001405 7.54e-05 0.0001068 0.00014945 0.0001 0.0001105 0.00014875 0.00010525 0.0001354 0.0001509 0.00014385 8.695e-05 0.00015375 0.0001491 0.0001523 0.0001264 0.0001611 0.00015315 0.00016025 0.00014155 0.0001501 0.00015275 9.575e-05 0.00016845 9.7e-05 0.00015115 0.000162 0.0001465 0.00015285 0.0001577 0.0001657 0.0001357 0.0001411 0.00014995 0.000121 5.03e-05 0.0001484 0.0001159 0.00012805 0.00013015 0.00015275 0.000128 0.0001416 0.00012805 0.00013685 0.00014395 0.0001283 0.00016005
2 0.0001355 0.0001068 0.0001579 0.0001281 0.00013545 0.00013765 0.00015525 0.0001247 0.00014185 0.00013 0.0001271 0.00011235 0.0001565 0.0001406 0.00016525 0.00011075 0.00017645 0.0001496 0.0001276 0.00014045 0.00014445 0.0001501 9.535e-05 0.00016065 7.935e-05 0.00014355 0.00016595 0.0001229 0.0001502 0.0001532 0.0001617 0.0001399 0.0001304 0.0001303 0.0001382 0.00010475 0.00014715 0.0001386 0.00013555 0.0001339 0.00015055 0.0001355 0.00015805 0.0001541 0.00011125 0.0001272 0.00010725 0.0001721
3 6.855e-05 0.00014945 0.0001281 4.14e-05 0.0001008 0.0001378 0.00014485 8.635e-05 0.00013655 0.00013995 0.00013535 0.0001031 0.0001274 0.00011085 0.00015875 0.0001221 0.00015105 9.3e-05 8.985e-05 0.0001257 9.53e-05 9.525e-05 0.0001263 9.67e-05 0.00012595 9.975e-05 0.00015435 0.0001374 9.535e-05 0.00015055 0.0001031 8.195e-05 0.0001378 0.00013065 0.0001003 0.00014415 0.0001445 0.00015145 0.0001184 9.39e-05 9.57e-05 0.00011835 0.000144 0.00015115 8.455e-05 0.00013545 0.00011495 0.00015685
4 0.00011145 0.0001 0.00013545 0.0001008 0.0001557 0.0001122 0.0001448 8.915e-05 0.00013475 0.00014075 0.00014565 0.00010255 0.00013695 0.00013115 0.00015855 0.00013325 0.00015345 0.00011165 0.00012425 0.00013865 0.00012245 0.0001232 0.0001178 0.00013565 0.00013635 0.00012435 0.00016285 0.00015595 0.0001233 0.0001586 0.00012945 0.0001044 0.00014165 0.0001301 9.675e-05 0.0001014 0.0001519 0.0001327 0.00012375 0.0001077 0.00012275 0.0001237 0.0001344 0.0001247 0.00011775 0.00014575 0.00013395 0.00015215
5 0.0001139 0.0001105 0.00013765 0.0001378 0.0001122 0.000138 0.0001123 0.00011335 0.000116 0.00015935 0.0001661 0.00011615 0.0001179 0.0001353 0.00015025 0.0001193 0.00015685 0.00013385 0.0001583 0.0001178 0.00014445 0.00015655 0.00012715 0.00015405 0.00014015 0.00014425 0.0001598 0.0001616 0.00015665 0.000164 0.0001504 0.0001053 0.00016185 0.0001419 0.0001005 0.00010465 0.0001295 0.00013455 7.745e-05 8.85e-05 0.00015635 7.74e-05 0.00011595 0.0001159 0.00015075 0.0001662 0.0001241 0.0001471
6 0.00012325 0.00014875 0.00015525 0.00014485 0.0001448 0.0001123 0.0001662 0.0001335 0.00012325 0.00015645 0.00013595 0.0001403 0.00012145 0.0001337 0.000151 0.0001256 0.0001535 0.00015015 0.0001557 0.0001297 0.00015075 0.0001581 0.00014515 0.00014755 0.0001592 0.00014555 0.00015735 0.0001642 0.0001582 0.00016405 0.00014295 0.00011375 0.0001604 0.00015555 0.00013815 0.00014365 0.0001085 0.0001247 9.15e-05 9.945e-05 0.00015775 9.145e-05 9.36e-05 0.00012275 0.0001514 0.00013605 0.00013035 0.0001448
7 9.7e-05 0.00010525 0.0001247 8.635e-05 8.915e-05 0.00011335 0.0001335 0.0001449 0.00012545 0.0001395 0.00013855 9.995e-05 0.0001282 0.0001181 0.0001629 0.00012625 0.00014695 0.00011115 0.00011655 0.0001252 0.00010895 0.00011265 0.00010705 0.0001271 0.0001256 0.0001134 0.0001529 0.00015505 0.00011275 0.0001516 0.00012085 9.155e-05 0.0001404 0.00013545 9.625e-05 9.665e-05 0.0001406 0.00011765 0.00011095 9.49e-05 0.0001122 0.0001109 0.0001231 0.00012575 0.0001091 0.00013865 0.00012535 0.00014605
8 0.00012025 0.0001354 0.00014185 0.00013655 0.00013475 0.000116 0.00012325 0.00012545 0.0001573 0.0001511 0.00014995 0.00013065 0.0001357 0.0001078 0.00016025 0.00012055 0.0001572 0.0001226 0.000151 9.155e-05 0.00011275 0.00015455 0.0001314 0.00015995 0.00014225 0.0001075 0.00016385 0.00015665 0.00015465 0.0001245 0.00015615 0.0001144 0.0001515 0.00012335 0.00013915 0.0001291 0.00012105 0.00013335 9.27e-05 0.0001026 0.0001542 9.265e-05 0.0001196 0.0001455 0.00014365 0.00015005 0.00012245 0.00015165
9 0.00014745 0.0001509 0.00013 0.00013995 0.00014075 0.00015935 0.00015645 0.0001395 0.0001511 0.0001812 0.00013095 0.0001474 0.0001502 0.0001454 0.0001489 0.0001332 0.00010865 0.00014475 0.00012955 0.0001592 0.0001461 0.00015395 0.0001309 0.0001576 0.000144 0.000146 0.0001498 0.0001433 0.00015405 0.0001681 0.0001552 0.0001416 0.0001046 0.00013345 0.0001496 0.00015545 0.0001625 0.00015415 0.0001537 0.0001374 0.00015395 0.00015365 0.0001455 0.0001572 0.0001234 0.00013105 0.0001365 0.0001081
10 0.0001476 0.00014385 0.0001271 0.00013535 0.00014565 0.0001661 0.00013595 0.00013855 0.00014995 0.00013095 0.0001752 0.0001393 0.0001644 0.0001444 0.00017025 0.0001219 0.00016175 0.0001474 0.00013685 0.000162 0.00014465 0.0001484 0.00011795 0.0001572 0.000116 0.0001393 0.00016845 0.00013215 0.0001485 0.0001603 0.00015445 0.0001423 0.00011985 0.00013265 0.0001512 0.00014915 0.00013465 0.00012285 0.00016055 0.00014235 0.0001484 0.0001605 0.00012185 0.0001319 0.00010695 8.77e-05 0.0001243 0.00015995
11 0.00011345 8.695e-05 0.00011235 0.0001031 0.00010255 0.00011615 0.0001403 9.995e-05 0.00013065 0.0001474 0.0001393 0.0001561 0.0001315 0.00012545 0.00015365 0.0001157 0.0001583 0.00012585 0.00013285 0.00012975 0.0001248 0.00013435 0.00010525 0.00014735 0.00010265 0.00012615 0.000159 0.0001429 0.00013445 0.00015485 0.0001446 0.0001102 0.0001377 0.0001369 0.0001116 8.445e-05 0.0001416 0.0001292 0.00011405 9.485e-05 0.00013435 0.000114 0.0001353 0.00013985 0.0001111 0.0001394 0.00011605 0.0001546
12 0.0001227 0.00015375 0.0001565 0.0001274 0.00013695 0.0001179 0.00012145 0.0001282 0.0001357 0.0001502 0.0001644 0.0001315 0.0001631 0.00013435 0.0001562 0.00013635 0.0001481 0.00014195 0.00014935 0.00013685 0.00014515 0.0001519 0.00014725 0.0001238 0.0001593 0.00014535 0.0001605 0.0001678 0.000152 0.00017 0.00012015 0.0001171 0.000153 0.00015475 0.00012805 0.00014485 0.00014565 0.000152 0.0001075 9.985e-05 0.0001517 0.00010745 0.00013035 0.00014605 0.00014645 0.0001645 0.00013815 0.00013895
13 0.0001175 0.0001491 0.0001406 0.00011085 0.00013115 0.0001353 0.0001337 0.0001181 0.0001078 0.0001454 0.0001444 0.00012545 0.00013435 0.0001463 0.00014605 0.00012965 0.0001434 0.0001 0.0001332 0.00010985 0.0001061 0.000139 0.0001323 0.00014525 0.0001421 0.000101 0.0001518 0.0001472 0.0001391 0.00012765 0.00014395 0.00011525 0.0001469 0.0001178 0.0001324 0.00014025 0.00013595 0.0001397 0.0001173 0.00010175 0.00013865 0.00011725 0.00012865 0.00015015 0.0001267 0.0001445 0.00013045 0.0001423
14 0.0001482 0.0001523 0.00016525 0.00015875 0.00015855 0.00015025 0.000151 0.0001629 0.00016025 0.0001489 0.00017025 0.00015365 0.0001562 0.00014605 0.0001337 0.00015275 0.0001112 0.00015135 0.00015765 0.0001497 0.00015865 0.0001713 0.0001647 0.0001618 0.00016825 0.0001598 0.0001324 0.00011725 0.0001714 0.0001714 0.00016445 0.00015075 0.0001519 0.0001589 0.0001592 0.00015705 0.00015655 0.0001688 0.0001378 0.00014635 0.00017155 0.00013775 0.0001553 0.00016785 0.00016165 0.00017035 0.0001527 0.000111
15 0.0001113 0.0001264 0.00011075 0.0001221 0.00013325 0.0001193 0.0001256 0.00012625 0.00012055 0.0001332 0.0001219 0.0001157 0.00013635 0.00012965 0.00015275 0.0001666 0.0001606 0.00013505 0.0001349 0.00012185 0.000135 0.0001478 0.0001054 0.0001552 0.0001004 0.00013395 0.00016345 0.0001191 0.0001479 0.00016015 0.00015245 0.00010405 0.00012285 0.00012115 0.00013685 0.00012865 0.00012625 0.0001483 8.99e-05 9.25e-05 0.0001478 8.985e-05 0.00012195 0.0001579 0.00010085 0.00012195 8.775e-05 0.00015585
16 0.00014725 0.0001611 0.00017645 0.00015105 0.00015345 0.00015685 0.0001535 0.00014695 0.0001572 0.00010865 0.00016175 0.0001583 0.0001481 0.0001434 0.0001112 0.0001606 8.33e-05 0.00014695 0.0001618 0.0001551 0.00015075 0.0001641 0.0001639 0.0001601 0.00018015 0.000156 0.00011605 0.0001647 0.0001642 0.0001772 0.0001602 0.00014345 0.00011235 0.0001655 0.0001563 0.0001606 0.0001619 0.00015445 0.00014585 0.0001391 0.0001641 0.0001458 0.00013925 0.0001581 0.00016 0.00016185 0.00016435 4.98e-05
17 0.0001098 0.00015315 0.0001496 9.3e-05 0.00011165 0.00013385 0.00015015 0.00011115 0.0001226 0.00014475 0.0001474 0.00012585 0.00014195 0.0001 0.00015135 0.00013505 0.00014695 0.000142 0.00011915 0.00011755 8.525e-05 0.00012485 0.0001396 0.00012985 0.00015015 9.025e-05 0.00015705 0.0001452 0.00012495 0.000139 0.00012855 0.0001064 0.0001453 0.0001046 0.00010355 0.0001517 0.0001546 0.000159 0.0001363 0.00011045 0.0001245 0.00013625 0.0001441 0.0001463 0.0001047 0.0001475 0.000137 0.0001509
18 0.00011455 0.00016025 0.0001276 8.985e-05 0.00012425 0.0001583 0.0001557 0.00011655 0.000151 0.00012955 0.00013685 0.00013285 0.00014935 0.0001332 0.00015765 0.0001349 0.0001618 0.00011915 0.0001536 0.00014475 0.0001149 0.00011905 0.00013625 0.00012535 0.0001388 0.00011915 0.0001594 0.00013645 0.00011915 0.000156 0.00012295 0.000115 0.00014075 0.00013205 0.0001255 0.0001589 0.0001551 0.0001614 0.00014675 0.00012865 0.00011905 0.0001467 0.0001553 0.00016035 0.00010205 0.00013695 0.0001319 0.00016355
19 0.00010315 0.00014155 0.00014045 0.0001257 0.00013865 0.0001178 0.0001297 0.0001252 9.155e-05 0.0001592 0.000162 0.00012975 0.00013685 0.00010985 0.0001497 0.00012185 0.0001551 0.00011755 0.00014475 0.000149 0.0001023 0.00014655 0.00013875 0.0001533 0.00014015 0.0001068 0.0001533 0.00015305 0.00014665 0.0001263 0.0001495 0.0001081 0.0001589 0.0001245 0.00013675 0.00013455 0.00011795 0.00014625 7.65e-05 0.00010445 0.0001462 7.645e-05 0.0001325 0.00015805 0.00014075 0.0001621 0.00011295 0.000152
20 0.0001094 0.0001501 0.00014445 9.53e-05 0.00012245 0.00014445 0.00015075 0.00010895 0.00011275 0.0001461 0.00014465 0.0001248 0.00014515 0.0001061 0.00015865 0.000135 0.00015075 8.525e-05 0.0001149 0.0001023 0.000133 0.00011855 0.000138 0.0001267 0.00014365 7.605e-05 0.0001507 0.000149 0.00011865 0.0001249 0.0001229 0.00010575 0.0001453 0.0001094 0.0001084 0.00014925 0.00014805 0.0001537 0.00013895 0.0001173 0.0001182 0.0001389 0.0001484 0.0001542 9.89e-05 0.00014475 0.0001347 0.00015435
21 0.00011545 0.00015275 0.0001501 9.525e-05 0.0001232 0.00015655 0.0001581 0.00011265 0.00015455 0.00015395 0.0001484 0.00013435 0.0001519 0.000139 0.0001713 0.0001478 0.0001641 0.00012485 0.00011905 0.00014655 0.00011855 0.0001531 0.00014455 0.0001286 0.00014895 0.0001233 0.0001183 0.00015915 7.665e-05 0.0001166 0.0001245 0.0001157 0.0001528 0.00014465 0.0001241 0.0001533 0.0001541 0.0001537 0.00014655 0.0001328 7.655e-05 0.0001465 0.0001556 0.00015725 0.0001153 0.0001485 0.0001433 0.0001654
22 0.00013125 9.575e-05 9.535e-05 0.0001263 0.0001178 0.00012715 0.00014515 0.00010705 0.0001314 0.0001309 0.00011795 0.00010525 0.00014725 0.0001323 0.0001647 0.0001054 0.0001639 0.0001396 0.00013625 0.00013875 0.000138 0.00014455 0.0001701 0.00015765 8.505e-05 0.0001371 0.0001646 0.0001255 0.00014465 0.000154 0.0001549 0.0001272 0.0001206 0.00012465 0.0001276 9.28e-05 0.00014495 0.00012285 0.00012885 0.0001178 0.00014455 0.0001288 0.00013825 0.0001398 0.0001058 0.00011805 0.00010655 0.00015915
23 0.00011965 0.00016845 0.00016065 9.67e-05 0.00013565 0.00015405 0.00014755 0.0001271 0.00015995 0.0001576 0.0001572 0.00014735 0.0001238 0.00014525 0.0001618 0.0001552 0.0001601 0.00012985 0.00012535 0.0001533 0.0001267 0.0001286 0.00015765 0.0001702 0.00016125 0.00013165 0.0001585 0.00015905 0.0001287 0.0001656 8.68e-05 0.00012445 0.0001582 0.00015595 0.00012425 0.0001677 0.0001652 0.000169 0.00015465 0.00014285 0.0001287 0.0001546 0.00016275 0.00015615 0.00012535 0.0001573 0.00015195 0.00016185
24 0.00013605 9.7e-05 7.935e-05 0.00012595 0.00013635 0.00014015 0.0001592 0.0001256 0.00014225 0.000144 0.000116 0.00010265 0.0001593 0.0001421 0.00016825 0.0001004 0.00018015 0.00015015 0.0001388 0.00014015 0.00014365 0.00014895 8.505e-05 0.00016125 0.000109 0.00014275 0.0001669 0.0001126 0.00014905 0.00015155 0.00016195 0.00014075 0.00011915 0.000129 0.00013955 9.625e-05 0.00014515 0.00013645 0.0001388 0.0001373 0.0001494 0.00013875 0.00016185 0.00015585 9.975e-05 0.0001161 9.625e-05 0.00017415
25 0.00011385 0.00015115 0.00014355 9.975e-05 0.00012435 0.00014425 0.00014555 0.0001134 0.0001075 0.000146 0.0001393 0.00012615 0.00014535 0.000101 0.0001598 0.00013395 0.000156 9.025e-05 0.00011915 0.0001068 7.605e-05 0.0001233 0.0001371 0.00013165 0.00014275 0.000152 0.00015545 0.0001479 0.0001234 0.0001201 0.00012785 0.00011005 0.0001452 0.00010905 0.0001134 0.0001506 0.00014285 0.00014865 0.0001382 0.00011655 0.00012295 0.00013815 0.0001432 0.0001497 0.00010305 0.0001394 0.0001338 0.0001565
26 0.00015125 0.000162 0.00016595 0.00015435 0.00016285 0.0001598 0.00015735 0.0001529 0.00016385 0.0001498 0.00016845 0.000159 0.0001605 0.0001518 0.0001324 0.00016345 0.00011605 0.00015705 0.0001594 0.0001533 0.0001507 0.0001183 0.0001646 0.0001585 0.0001669 0.00015545 0.0001781 0.00016565 0.0001184 0.00012675 0.00015695 0.00015155 0.00015075 0.0001649 0.00015525 0.00016185 0.0001569 0.00015905 0.00015205 0.000154 0.00011855 0.000152 0.0001607 0.0001649 0.00015885 0.00016855 0.00016145 0.00011255
27 0.00014445 0.0001465 0.0001229 0.0001374 0.00015595 0.0001616 0.0001642 0.00015505 0.00015665 0.0001433 0.00013215 0.0001429 0.0001678 0.0001472 0.00011725 0.0001191 0.0001647 0.0001452 0.00013645 0.00015305 0.000149 0.00015915 0.0001255 0.00015905 0.0001126 0.0001479 0.00016565 0.0001701 0.00015925 0.0001632 0.0001626 0.00014845 0.000133 0.0001304 0.000157 0.00015335 0.0001589 0.00016945 0.0001512 0.00014905 0.0001596 0.00015115 0.00016615 0.00017475 0.00011445 0.00013225 0.0001185 0.0001678
28 0.00011555 0.00015285 0.0001502 9.535e-05 0.0001233 0.00015665 0.0001582 0.00011275 0.00015465 0.00015405 0.0001485 0.00013445 0.000152 0.0001391 0.0001714 0.0001479 0.0001642 0.00012495 0.00011915 0.00014665 0.00011865 7.665e-05 0.00014465 0.0001287 0.00014905 0.0001234 0.0001184 0.00015925 0.0001533 0.0001167 0.0001246 0.0001158 0.0001529 0.00014475 0.0001242 0.0001534 0.0001542 0.0001538 0.00014665 0.0001329 7.665e-05 0.0001466 0.0001557 0.00015735 0.0001154 0.0001486 0.0001434 0.0001655
29 0.0001545 0.0001577 0.0001532 0.00015055 0.0001586 0.000164 0.00016405 0.0001516 0.0001245 0.0001681 0.0001603 0.00015485 0.00017 0.00012765 0.0001714 0.00016015 0.0001772 0.000139 0.000156 0.0001263 0.0001249 0.0001166 0.000154 0.0001656 0.00015155 0.0001201 0.00012675 0.0001632 0.0001167 0.0001708 0.0001639 0.00015755 0.00016645 0.0001347 0.00015775 0.0001565 0.00014945 0.00015195 0.00015805 0.00015965 0.0001167 0.000158 0.0001676 0.00016425 0.00015385 0.0001604 0.00015525 0.00017385
30 0.00011975 0.0001657 0.0001617 0.0001031 0.00012945 0.0001504 0.00014295 0.00012085 0.00015615 0.0001552 0.00015445 0.0001446 0.00012015 0.00014395 0.00016445 0.00015245 0.0001602 0.00012855 0.00012295 0.0001495 0.0001229 0.0001245 0.0001549 8.68e-05 0.00016195 0.00012785 0.00015695 0.0001626 0.0001246 0.0001639 0.0001642 0.00011825 0.00015545 0.0001519 0.0001206 0.00016495 0.00016115 0.00016495 0.00014845 0.00013665 0.00012415 0.0001484 0.00015655 0.0001525 0.0001226 0.00015455 0.0001492 0.0001582
31 7.685e-05 0.0001357 0.0001399 8.195e-05 0.0001044 0.0001053 0.00011375 9.155e-05 0.0001144 0.0001416 0.0001423 0.0001102 0.0001171 0.00011525 0.00015075 0.00010405 0.00014345 0.0001064 0.000115 0.0001081 0.00010575 0.0001157 0.0001272 0.00012445 0.00014075 0.00011005 0.00015155 0.00014845 0.0001158 0.00015755 0.00011825 0.0001364 0.00014245 0.00013175 0.0001053 0.0001323 0.0001217 0.0001429 7.18e-05 6.94e-05 0.00011525 7.175e-05 0.0001066 0.00014365 0.000104 0.0001424 0.00010635 0.00014255
32 0.000148 0.0001411 0.0001304 0.0001378 0.00014165 0.00016185 0.0001604 0.0001404 0.0001515 0.0001046 0.00011985 0.0001377 0.000153 0.0001469 0.0001519 0.00012285 0.00011235 0.0001453 0.00014075 0.0001589 0.0001453 0.0001528 0.0001206 0.0001582 0.00011915 0.0001452 0.00015075 0.000133 0.0001529 0.00016645 0.00015545 0.00014245 0.0001867 0.00013215 0.00015095 0.00014695 0.0001605 0.000152 0.00015695 0.0001408 0.0001528 0.0001569 0.0001493 0.00015895 0.0001119 0.00011995 0.0001255 0.00011015
33 0.00013825 0.00014995 0.0001303 0.00013065 0.0001301 0.0001419 0.00015555 0.00013545 0.00012335 0.00013345 0.00013265 0.0001369 0.00015475 0.0001178 0.0001589 0.00012115 0.0001655 0.0001046 0.00013205 0.0001245 0.0001094 0.00014465 0.00012465 0.00015595 0.000129 0.00010905 0.0001649 0.0001304 0.00014475 0.0001347 0.0001519 0.00013175 0.00013215 0.0001626 0.00012915 0.0001537 0.00014545 0.0001552 0.0001449 0.00012745 0.00014425 0.00014485 0.00015225 0.0001535 0.00010835 0.00013275 0.00012345 0.00016165
34 0.00011185 0.000121 0.0001382 0.0001003 9.675e-05 0.0001005 0.00013815 9.625e-05 0.00013915 0.0001496 0.0001512 0.0001116 0.00012805 0.0001324 0.0001592 0.00013685 0.0001563 0.00010355 0.0001255 0.00013675 0.0001084 0.0001241 0.0001276 0.00012425 0.00013955 0.0001134 0.00015525 0.000157 0.0001242 0.00015775 0.0001206 0.0001053 0.00015095 0.00012915 0.0001499 0.00011975 0.0001553 0.00014205 0.00013235 0.0001088 0.0001239 0.0001323 0.00014055 0.00011495 0.00011125 0.0001513 0.0001396 0.0001526
35 0.00013555 5.03e-05 0.00010475 0.00014415 0.0001014 0.00010465 0.00014365 9.665e-05 0.0001291 0.00015545 0.00014915 8.445e-05 0.00014485 0.00014025 0.00015705 0.00012865 0.0001606 0.0001517 0.0001589 0.00013455 0.00014925 0.0001533 9.28e-05 0.0001677 9.625e-05 0.0001506 0.00016185 0.00015335 0.0001534 0.0001565 0.00016495 0.0001323 0.00014695 0.0001537 0.00011975 8.9e-05 0.00014415 0.00010575 0.0001185 0.00012025 0.0001533 0.00011845 0.00013665 0.00012525 0.0001437 0.00014925 0.000129 0.0001569
36 0.00012155 0.0001484 0.00014715 0.0001445 0.0001519 0.0001295 0.0001085 0.0001406 0.00012105 0.0001625 0.00013465 0.0001416 0.00014565 0.00013595 0.00015655 0.00012625 0.0001619 0.0001546 0.0001551 0.00011795 0.00014805 0.0001541 0.00014495 0.0001652 0.00014515 0.00014285 0.0001569 0.0001589 0.0001542 0.00014945 0.00016115 0.0001217 0.0001605 0.00014545 0.0001553 0.00014415 0.0001743 0.0001195 8.845e-05 0.00011455 0.0001537 8.84e-05 0.0001068 0.000138 0.000152 0.00013475 0.0001219 0.00015575
37 0.0001471 0.0001159 0.0001386 0.00015145 0.0001327 0.00013455 0.0001247 0.00011765 0.00013335 0.00015415 0.00012285 0.0001292 0.000152 0.0001397 0.0001688 0.0001483 0.00015445 0.000159 0.0001614 0.00014625 0.0001537 0.0001537 0.00012285 0.000169 0.00013645 0.00014865 0.00015905 0.00016945 0.0001538 0.00015195 0.00016495 0.0001429 0.000152 0.0001552 0.00014205 0.00010575 0.0001195 0.0001663 0.00013585 0.000132 0.0001533 0.0001358 0.00010855 0.0001092 0.00015575 0.00012295 0.0001483 0.00014895
38 7.055e-05 0.00012805 0.00013555 0.0001184 0.00012375 7.745e-05 9.15e-05 0.00011095 9.27e-05 0.0001537 0.00016055 0.00011405 0.0001075 0.0001173 0.0001378 8.99e-05 0.00014585 0.0001363 0.00014675 7.65e-05 0.00013895 0.00014655 0.00012885 0.00015465 0.0001388 0.0001382 0.00015205 0.0001512 0.00014665 0.00015805 0.00014845 7.18e-05 0.00015695 0.0001449 0.00013235 0.0001185 8.845e-05 0.00013585 6.3e-06 5.29e-05 0.0001461 3.15e-06 8.905e-05 0.0001482 0.00014475 0.00016065 8.23e-05 0.0001384
39 8.315e-05 0.00013015 0.0001339 9.39e-05 0.0001077 8.85e-05 9.945e-05 9.49e-05 0.0001026 0.0001374 0.00014235 9.485e-05 9.985e-05 0.00010175 0.00014635 9.25e-05 0.0001391 0.00011045 0.00012865 0.00010445 0.0001173 0.0001328 0.0001178 0.00014285 0.0001373 0.00011655 0.000154 0.00014905 0.0001329 0.00015965 0.00013665 6.94e-05 0.0001408 0.00012745 0.0001088 0.00012025 0.00011455 0.000132 5.29e-05 7.59e-05 0.00013235 5.285e-05 8.795e-05 0.00013845 0.00011275 0.00014245 9.99e-05 0.00013295
40 0.00011545 0.00015275 0.00015055 9.57e-05 0.00012275 0.00015635 0.00015775 0.0001122 0.0001542 0.00015395 0.0001484 0.00013435 0.0001517 0.00013865 0.00017155 0.0001478 0.0001641 0.0001245 0.00011905 0.0001462 0.0001182 7.655e-05 0.00014455 0.0001287 0.0001494 0.00012295 0.00011855 0.0001596 7.665e-05 0.0001167 0.00012415 0.00011525 0.0001528 0.00014425 0.0001239 0.0001533 0.0001537 0.0001533 0.0001461 0.00013235 0.0001522 0.00014605 0.00015515 0.00015705 0.0001153 0.0001485 0.0001433 0.0001652
41 7.05e-05 0.000128 0.0001355 0.00011835 0.0001237 7.74e-05 9.145e-05 0.0001109 9.265e-05 0.00015365 0.0001605 0.000114 0.00010745 0.00011725 0.00013775 8.985e-05 0.0001458 0.00013625 0.0001467 7.645e-05 0.0001389 0.0001465 0.0001288 0.0001546 0.00013875 0.00013815 0.000152 0.00015115 0.0001466 0.000158 0.0001484 7.175e-05 0.0001569 0.00014485 0.0001323 0.00011845 8.84e-05 0.0001358 3.15e-06 5.285e-05 0.00014605 6.2e-06 8.9e-05 0.00014815 0.0001447 0.0001606 8.225e-05 0.00013835
42 0.0001216 0.0001416 0.00015805 0.000144 0.0001344 0.00011595 9.36e-05 0.0001231 0.0001196 0.0001455 0.00012185 0.0001353 0.00013035 0.00012865 0.0001553 0.00012195 0.00013925 0.0001441 0.0001553 0.0001325 0.0001484 0.0001556 0.00013825 0.00016275 0.00016185 0.0001432 0.0001607 0.00016615 0.0001557 0.0001676 0.00015655 0.0001066 0.0001493 0.00015225 0.00014055 0.00013665 0.0001068 0.00010855 8.905e-05 8.795e-05 0.00015515 8.9e-05 0.0001457 0.00011595 0.0001465 0.00012195 0.0001306 0.00013605
43 0.0001503 0.00012805 0.0001541 0.00015115 0.0001247 0.0001159 0.00012275 0.00012575 0.0001455 0.0001572 0.0001319 0.00013985 0.00014605 0.00015015 0.00016785 0.0001579 0.0001581 0.0001463 0.00016035 0.00015805 0.0001542 0.00015725 0.0001398 0.00015615 0.00015585 0.0001497 0.0001649 0.00017475 0.00015735 0.00016425 0.0001525 0.00014365 0.00015895 0.0001535 0.00011495 0.00012525 0.000138 0.0001092 0.0001482 0.00013845 0.00015705 0.00014815 0.00011595 0.00018 0.0001569 0.000132 0.00016075 0.0001513
44 0.0001092 0.00013685 0.00011125 8.455e-05 0.00011775 0.00015075 0.0001514 0.0001091 0.00014365 0.0001234 0.00010695 0.0001111 0.00014645 0.0001267 0.00016165 0.00010085 0.00016 0.0001047 0.00010205 0.00014075 9.89e-05 0.0001153 0.0001058 0.00012535 9.975e-05 0.00010305 0.00015885 0.00011445 0.0001154 0.00015385 0.0001226 0.000104 0.0001119 0.00010835 0.00011125 0.0001437 0.000152 0.00015575 0.00014475 0.00011275 0.0001153 0.0001447 0.0001465 0.0001569 0.0001226 0.000107 0.0001032 0.0001613
45 0.0001477 0.00014395 0.0001272 0.00013545 0.00014575 0.0001662 0.00013605 0.00013865 0.00015005 0.00013105 8.77e-05 0.0001394 0.0001645 0.0001445 0.00017035 0.00012195 0.00016185 0.0001475 0.00013695 0.0001621 0.00014475 0.0001485 0.00011805 0.0001573 0.0001161 0.0001394 0.00016855 0.00013225 0.0001486 0.0001604 0.00015455 0.0001424 0.00011995 0.00013275 0.0001513 0.00014925 0.00013475 0.00012295 0.00016065 0.00014245 0.0001485 0.0001606 0.00012195 0.000132 0.000107 0.0001754 0.0001244 0.00016005
46 0.00010295 0.0001283 0.00010725 0.00011495 0.00013395 0.0001241 0.00013035 0.00012535 0.00012245 0.0001365 0.0001243 0.00011605 0.00013815 0.00013045 0.0001527 8.775e-05 0.00016435 0.000137 0.0001319 0.00011295 0.0001347 0.0001433 0.00010655 0.00015195 9.625e-05 0.0001338 0.00016145 0.0001185 0.0001434 0.00015525 0.0001492 0.00010635 0.0001255 0.00012345 0.0001396 0.000129 0.0001219 0.0001483 8.23e-05 9.99e-05 0.0001433 8.225e-05 0.0001306 0.00016075 0.0001032 0.0001244 0.0001628 0.00015895
47 0.00014945 0.00016005 0.0001721 0.00015685 0.00015215 0.0001471 0.0001448 0.00014605 0.00015165 0.0001081 0.00015995 0.0001546 0.00013895 0.0001423 0.000111 0.00015585 4.98e-05 0.0001509 0.00016355 0.000152 0.00015435 0.0001654 0.00015915 0.00016185 0.00017415 0.0001565 0.00011255 0.0001678 0.0001655 0.00017385 0.0001582 0.00014255 0.00011015 0.00016165 0.0001526 0.0001569 0.00015575 0.00014895 0.0001384 0.00013295 0.0001652 0.00013835 0.00013605 0.0001513 0.0001613 0.00016005 0.00015895 8.12e-05
