 slim_761938535 slim_761938498 slim_761938519 slim_761938515 slim_761938522 slim_761938516 slim_761938523 slim_761938503 slim_761938524 slim_761938518 slim_761938514 slim_761938532 slim_761938539 slim_761938540 slim_761938490 slim_761938520 slim_761938541 slim_761938509 slim_761938513 slim_761938492 slim_761938525 slim_761938526 slim_761938511 slim_761938521 slim_761938491 slim_761938533 slim_761938529 slim_761938487 slim_761938502 slim_761938488 slim_761938486 slim_761938531 slim_761938510 slim_761938508 slim_761938496 slim_761938538 slim_761938500 slim_761938530 slim_761938504 slim_761938512 slim_761938534 slim_761938506 slim_761938507 slim_761938495 slim_761938497 slim_761938499 slim_761938528 slim_761938494 slim_761938505 slim_761938501 slim_761938537 slim_761938489 slim_761938536 slim_761938527 slim_761938493 slim_761938517
0 0.0 0.0001474 0.0001519 0.0001314 0.00015355 0.00012255 0.00013775 0.0001535 0.00013345 0.00014095 0.00011965 9.37e-05 0.0001725 0.000103 0.00016805 0.0001588 0.00012515 0.00017655 5.99e-05 0.00010835 0.0001538 9.375e-05 0.0001717 0.0001432 0.00017425 0.00017795 2.215e-05 0.00017985 0.000146 7.99e-05 0.00016735 0.0 8.095e-05 8.085e-05 0.0001499 0.0001726 0.00014605 0.00011225 0.0001578 0.00015505 0.0001624 0.0001555 0.00017415 0.0001489 0.0001202 5e-08 9.465e-05 0.0001346 0.0001407 0.0001197 0.000166 7.99e-05 7.79e-05 0.00015595 0.0001579 0.00014775
1 0.0001474 0.0001762 0.00015325 0.0001397 0.00016405 0.00016195 0.00015725 0.000164 0.0001565 0.00015255 0.00016225 0.0001566 0.00013205 0.00011625 0.0001108 0.00016045 0.00011375 0.0001148 0.0001549 0.000133 0.000125 0.00015665 0.00013325 0.0001498 0.0001368 0.0001403 0.00014585 0.00016935 0.0001676 0.0001294 0.0001583 0.0001474 0.0001179 0.0001178 0.00016675 0.00013435 0.00016765 0.00014445 0.00012105 0.00012265 0.0001337 0.0001518 0.0001368 0.00014875 0.0001635 0.00014745 0.00012465 0.0001704 0.00012525 0.0001623 0.0001421 0.0001294 0.0001498 0.0001185 0.0001328 0.0001008
2 0.0001519 0.00015325 0.0001946 0.00016045 0.00013875 0.00018035 0.0001459 0.0001387 0.0001355 0.00016465 0.00010225 0.00016355 0.0001825 0.0001517 0.00017965 0.0001288 0.00016475 0.00015635 0.00012715 0.0001592 0.00016175 0.0001636 0.00015565 0.00015995 0.00013615 0.0001584 0.00014025 0.0001749 0.00013845 0.0001649 0.000172 0.0001519 0.00016345 0.00016335 0.00015025 0.0001389 0.0001385 0.0001661 0.00016545 0.00017325 0.0001766 0.00012005 0.00013605 0.0001537 0.0001707 0.00015195 0.0001723 0.00018655 0.00013855 0.0001023 0.0001762 0.0001649 0.0001707 0.00017575 0.0001552 0.0001519
3 0.0001314 0.0001397 0.00016045 0.000147 0.0001321 0.0001248 0.0001333 0.00013205 0.00011655 0.00010395 0.00014515 0.0001252 0.00015405 0.00014835 0.0001585 0.0001261 0.0001287 0.0001749 0.00013835 0.00011365 0.0001425 0.00012525 0.0001556 0.00010745 0.00017365 0.00014125 0.0001298 0.0001473 0.0001604 0.000138 0.0001035 0.0001314 0.00015005 0.00014995 0.00016055 0.00017375 0.00016045 9.755e-05 0.00013405 0.0001314 0.0001334 0.0001632 0.00017355 0.00016315 0.0001515 0.00013145 0.00012815 0.0001516 0.00015685 0.0001452 0.00016005 0.000138 0.0001264 0.0001375 0.00012575 0.00015595
4 0.00015355 0.00016405 0.00013875 0.0001321 0.0001705 0.00017855 0.00013775 8.535e-05 0.0001299 0.0001242 8.53e-05 0.00011945 0.00018175 0.00015045 0.0001861 0.00011965 0.00016985 0.00018285 0.00011945 0.00015985 0.0001621 0.0001195 0.0001881 0.0001109 0.00015965 0.0001116 0.00013945 0.0001287 0.00012875 0.00016855 0.00012995 0.00015355 0.00016465 0.00016455 0.0001524 0.0001634 0.0001288 0.0001737 0.00016435 0.00017475 0.00018135 0.0001377 0.00015955 0.00018055 0.0001707 0.0001536 0.0001685 0.00016885 0.00013045 8.535e-05 0.0001778 0.00016855 0.0001719 0.0001852 0.0001562 0.0001712
5 0.00012255 0.00016195 0.00018035 0.0001248 0.00017855 0.0001469 0.0001326 0.0001785 0.00013035 0.00014525 0.0001789 0.00015035 0.00011695 0.00015095 0.000146 0.00017805 0.00013795 0.000172 0.0001508 0.00011855 0.0001375 0.0001504 0.00016025 0.000154 0.0001732 0.0001773 0.0001331 0.00017165 0.00017205 0.00012735 0.00013 0.00012255 0.0001405 0.0001404 0.00017125 0.00017025 0.0001721 0.00012385 0.0001239 0.0001223 0.00012315 0.0001823 0.0001731 0.0001724 0.000156 0.0001226 0.00012195 9.885e-05 0.0001686 0.00017895 0.0001486 0.00012735 0.0001044 0.00013385 0.00012915 0.00016705
6 0.00013775 0.00015725 0.0001459 0.0001333 0.00013775 0.0001326 0.0001963 0.00013775 0.00010805 0.00014495 9.82e-05 0.00015755 0.00014075 0.000138 0.00015555 0.00015405 0.00013575 0.0001736 0.000118 0.00012375 0.00013495 0.0001576 0.0001674 0.00014265 0.0001603 0.00016175 0.0001262 0.00017975 0.0001402 0.00014035 0.00014765 0.00013775 0.00014965 0.00014955 0.000157 0.00016135 0.00014025 0.00012195 0.0001336 0.0001408 0.00014425 0.000142 0.0001602 0.0001683 0.0001567 0.0001378 0.00014475 0.0001467 0.0001298 9.825e-05 0.0001625 0.00014035 0.00011795 0.0001462 0.00013205 0.0001564
7 0.0001535 0.000164 0.0001387 0.00013205 8.535e-05 0.0001785 0.00013775 0.0001704 0.00012985 0.0001242 8.525e-05 0.00011945 0.0001817 0.0001504 0.00018605 0.0001196 0.0001698 0.0001828 0.00011945 0.0001598 0.00016205 0.0001195 0.00018805 0.00011095 0.0001596 0.0001116 0.0001394 0.00012875 0.0001287 0.0001685 0.00012995 0.0001535 0.0001646 0.0001645 0.00015235 0.00016335 0.00012875 0.00017365 0.0001643 0.0001747 0.0001813 0.00013765 0.0001595 0.0001805 0.00017065 0.00015355 0.00016845 0.0001689 0.0001304 8.53e-05 0.00017775 0.0001685 0.00017185 0.00018515 0.00015615 0.00017115
8 0.00013345 0.0001565 0.0001355 0.00011655 0.0001299 0.00013035 0.00010805 0.00012985 0.0001709 0.00013425 8.545e-05 0.00015385 0.00015065 0.00014075 0.00016385 0.0001529 0.0001325 0.0001734 0.00010955 0.0001134 0.00013415 0.0001539 0.0001551 0.00014095 0.00016275 0.0001571 0.00012385 0.0001753 0.0001309 0.00014115 0.0001299 0.00013345 0.00015045 0.00015035 0.00015405 0.00016545 0.00013095 0.00011105 0.0001264 0.00013015 0.000136 0.0001325 0.00016265 0.0001639 0.000149 0.0001335 0.00014555 0.00015345 0.00012635 8.55e-05 0.00016255 0.00014115 0.000132 0.0001402 0.00011275 0.0001566
9 0.00014095 0.00015255 0.00016465 0.00010395 0.0001242 0.00014525 0.00014495 0.0001242 0.00013425 0.0001901 0.0001532 0.00011805 0.0001569 0.00015345 0.00016375 0.0001388 0.0001338 0.0001759 0.00014715 0.00012915 0.0001432 0.0001181 0.0001566 0.00010805 0.00017415 0.00012965 0.00013935 0.00013165 0.0001607 0.0001431 0.00010525 0.00014095 0.00015515 0.00015505 0.0001616 0.00017425 0.00016075 0.00011045 0.00014805 0.00014245 0.00014905 0.0001679 0.00017405 0.0001686 0.00015805 0.000141 0.000141 0.0001422 0.0001612 0.00015325 0.00015665 0.0001431 0.0001388 0.0001383 0.00013975 0.00016105
10 0.00011965 0.00016225 0.00010225 0.00014515 8.53e-05 0.0001789 9.82e-05 8.525e-05 8.545e-05 0.0001532 1e-07 0.00014505 0.00018455 0.0001238 0.0001862 0.00013015 0.0001546 0.000179 5.995e-05 0.0001425 0.00015255 0.0001451 0.00018525 0.00014185 0.0001489 0.0001413 9.755e-05 0.0001779 9.27e-05 0.00015265 0.0001707 0.00011965 0.000146 0.0001459 0.00014315 0.00015525 9.275e-05 0.0001608 0.00015505 0.0001733 0.00018065 9.295e-05 0.0001488 0.00017105 0.00015885 0.0001197 0.0001673 0.00019295 8.61e-05 1e-07 0.00018545 0.00015265 0.00015795 0.0001856 0.00014155 0.0001618
11 9.37e-05 0.0001566 0.00016355 0.0001252 0.00011945 0.00015035 0.00015755 0.00011945 0.00015385 0.00011805 0.00014505 0.0001874 0.0001757 0.00014 0.000177 0.00013395 0.0001551 0.0001816 0.00011945 0.00014275 0.0001627 9.38e-05 0.0001813 0.0001116 0.0001723 0.0001299 0.0001017 0.0001297 0.00015535 0.00013215 0.00012825 9.37e-05 0.0001321 0.000132 0.00015575 0.00017205 0.0001554 0.0001494 0.0001657 0.0001656 0.0001722 0.00016895 0.0001722 0.00016945 0.00015135 9.375e-05 0.00013215 0.0001397 0.0001577 0.0001451 0.00016805 0.00013215 0.00013185 0.00017035 0.00016435 0.00016415
12 0.0001725 0.00013205 0.0001825 0.00015405 0.00018175 0.00011695 0.00014075 0.0001817 0.00015065 0.0001569 0.00018455 0.0001757 0.000166 0.0001252 9.295e-05 0.00018335 0.00011165 0.00013335 0.0001786 0.0001279 0.0001017 0.00017575 0.0001426 0.0001631 0.000133 0.00014825 0.00016995 0.00016585 0.0001687 0.0001278 0.00014785 0.0001725 0.00012785 0.0001278 0.00016855 0.00013075 0.00016875 0.00014285 9.955e-05 0.0001022 0.0001121 0.00018405 0.0001329 0.000174 0.00016225 0.00017255 0.0001275 0.00012455 0.00013385 0.0001846 0.0001179 0.0001278 0.0001347 9.275e-05 0.0001172 0.00012885
13 0.000103 0.00011625 0.0001517 0.00014835 0.00015045 0.00015095 0.000138 0.0001504 0.00014075 0.00015345 0.0001238 0.00014 0.0001252 0.000158 0.00010565 0.0001542 0.0001045 0.0001329 0.0001135 0.0001228 0.00010635 0.00014005 0.0001543 0.00014705 0.0001205 0.00013455 9.1e-05 0.0001671 0.0001405 0.00010385 0.0001674 0.000103 9.11e-05 9.105e-05 0.00014735 0.0001215 0.00014055 0.00014445 0.0001098 0.0001216 0.0001354 0.00015525 0.0001204 0.0001601 0.0001409 0.00010305 0.00011385 0.00015995 0.00010145 0.00012385 0.0001309 0.00010385 0.00012755 0.00011355 0.00012495 0.00011385
14 0.00016805 0.0001108 0.00017965 0.0001585 0.0001861 0.000146 0.00015555 0.00018605 0.00016385 0.00016375 0.0001862 0.000177 9.295e-05 0.00010565 9.09e-05 0.00018055 9.65e-05 0.0001039 0.0001772 0.00013785 8.18e-05 0.00017705 0.0001216 0.000167 0.00011455 0.0001411 0.0001669 0.00017425 0.0001744 0.00010675 0.00016375 0.00016805 0.0001069 0.0001068 0.0001739 0.0001103 0.00017445 0.00015015 9.285e-05 9.93e-05 9.93e-05 0.0001742 0.00011445 0.0001646 0.00016835 0.0001681 0.00010925 0.0001538 0.0001159 0.00018625 0.000104 0.00010675 0.00014645 6.37e-05 0.0001189 0.0001069
15 0.0001588 0.00016045 0.0001288 0.0001261 0.00011965 0.00017805 0.00015405 0.0001196 0.0001529 0.0001388 0.00013015 0.00013395 0.00018335 0.0001542 0.00018055 0.0001674 0.0001717 0.00017955 0.00014455 0.00016615 0.00016555 0.000134 0.000183 0.0001203 0.00013085 0.0001246 0.0001447 0.0001356 0.00014615 0.0001705 0.0001424 0.0001588 0.0001684 0.0001683 0.0001343 0.0001346 0.0001462 0.0001675 0.00016605 0.0001776 0.0001782 0.0001557 0.00013075 0.00016945 0.0001644 0.00015885 0.0001632 0.00018325 0.000154 0.0001302 0.0001721 0.0001705 0.00016835 0.00018335 0.0001579 0.0001701
16 0.00012515 0.00011375 0.00016475 0.0001287 0.00016985 0.00013795 0.00013575 0.0001698 0.0001325 0.0001338 0.0001546 0.0001551 0.00011165 0.0001045 9.65e-05 0.0001717 0.0001653 0.0001311 0.00013995 0.0001064 9.995e-05 0.00015515 0.0001311 0.0001538 0.0001358 0.00015015 0.0001257 0.00017545 0.00016025 0.00010395 0.00014775 0.00012515 0.00010405 0.00010395 0.0001627 0.0001332 0.0001603 9.96e-05 0.0001045 9.975e-05 0.00011355 0.000167 0.0001357 0.00015835 0.00014465 0.0001252 0.00011185 0.00015335 0.0001187 0.00015465 0.00012425 0.00010395 0.000121 8.3e-05 0.00011285 0.0001123
17 0.00017655 0.0001148 0.00015635 0.0001749 0.00018285 0.000172 0.0001736 0.0001828 0.0001734 0.0001759 0.000179 0.0001816 0.00013335 0.0001329 0.0001039 0.00017955 0.0001311 0.0001845 0.00017785 0.0001564 0.0001317 0.00018165 0.00011075 0.00018025 0.0001337 0.0001528 0.000175 0.0001751 0.0001713 0.00014605 0.00017725 0.00017655 0.00013455 0.00013445 0.0001728 0.00013115 0.00017135 0.000174 0.00013165 0.00013355 0.00013355 0.0001356 0.0001336 0.0001335 0.0001743 0.0001766 0.00014905 0.0001757 0.0001357 0.00017905 0.0001395 0.00014605 0.00017235 0.00012275 0.0001434 0.0001123
18 5.99e-05 0.0001549 0.00012715 0.00013835 0.00011945 0.0001508 0.000118 0.00011945 0.00010955 0.00014715 5.995e-05 0.00011945 0.0001786 0.0001135 0.0001772 0.00014455 0.00013995 0.00017785 0.0001198 0.0001255 0.00015325 0.0001195 0.00017855 0.0001426 0.00016165 0.0001597 5.995e-05 0.00017895 0.00011945 0.00011635 0.0001691 5.99e-05 0.00011355 0.00011345 0.0001466 0.000164 0.0001195 0.0001366 0.0001565 0.00016425 0.0001716 0.0001243 0.00016155 0.00016005 0.0001396 5.995e-05 0.00013105 0.00016385 0.0001135 6e-05 0.0001758 0.00011635 0.000118 0.00017085 0.0001498 0.00015485
19 0.00010835 0.000133 0.0001592 0.00011365 0.00015985 0.00011855 0.00012375 0.0001598 0.0001134 0.00012915 0.0001425 0.00014275 0.0001279 0.0001228 0.00013785 0.00016615 0.0001064 0.0001564 0.0001255 0.0001581 0.0001279 0.0001428 0.00015195 0.0001392 0.0001616 0.00016875 0.00011005 0.00017415 0.00015685 0.0001193 0.00013075 0.00010835 0.0001212 0.0001211 0.00015905 0.00015785 0.0001569 9.22e-05 0.00011665 0.0001064 0.00011225 0.0001607 0.0001615 0.0001525 0.00012915 0.0001084 0.00012375 0.0001366 0.0001382 0.00014255 0.00015065 0.0001193 0.00010665 0.0001278 0.00012235 0.0001335
20 0.0001538 0.000125 0.00016175 0.0001425 0.0001621 0.0001375 0.00013495 0.00016205 0.00013415 0.0001432 0.00015255 0.0001627 0.0001017 0.00010635 8.18e-05 0.00016555 9.995e-05 0.0001317 0.00015325 0.0001279 8.68e-05 0.00016275 0.00012135 0.00014145 0.00012175 0.00012785 0.00014255 0.00016535 0.00015585 9.865e-05 0.0001437 0.0001538 0.0001177 0.0001176 0.0001592 0.0001228 0.0001559 0.00012395 9e-05 9.85e-05 0.0001179 0.00016725 0.00012165 0.00017195 0.0001561 0.00015385 0.0001039 0.0001424 0.000117 0.0001526 0.00010125 9.865e-05 0.00013555 5.25e-05 9.995e-05 0.00012125
21 9.375e-05 0.00015665 0.0001636 0.00012525 0.0001195 0.0001504 0.0001576 0.0001195 0.0001539 0.0001181 0.0001451 9.38e-05 0.00017575 0.00014005 0.00017705 0.000134 0.00015515 0.00018165 0.0001195 0.0001428 0.00016275 0.0001875 0.00018135 0.00011165 0.00017235 0.00012995 0.00010175 0.00012975 0.0001554 0.0001322 0.0001283 9.375e-05 0.00013215 0.00013205 0.0001558 0.0001721 0.00015545 0.00014945 0.00016575 0.00016565 0.00017225 0.000169 0.00017225 0.0001695 0.0001514 9.375e-05 0.0001322 0.00013975 0.00015775 0.00014515 0.0001681 0.0001322 0.0001319 0.0001704 0.0001644 0.0001642
22 0.0001717 0.00013325 0.00015565 0.0001556 0.0001881 0.00016025 0.0001674 0.00018805 0.0001551 0.0001566 0.00018525 0.0001813 0.0001426 0.0001543 0.0001216 0.000183 0.0001311 0.00011075 0.00017855 0.00015195 0.00012135 0.00018135 0.0001726 0.0001708 0.00015645 0.0001628 0.00017255 0.000178 0.0001752 0.0001399 0.00015795 0.0001717 0.00015355 0.00015345 0.00017405 0.00015555 0.00017525 0.00013115 0.00014025 0.00013355 0.00013355 0.00013575 0.00015635 0.00013045 0.00017415 0.00017175 0.0001429 0.00016395 0.00016025 0.0001853 0.00013655 0.0001399 0.0001606 9.755e-05 0.00012985 0.00013145
23 0.0001432 0.0001498 0.00015995 0.00010745 0.0001109 0.000154 0.00014265 0.00011095 0.00014095 0.00010805 0.00014185 0.0001116 0.0001631 0.00014705 0.000167 0.0001203 0.0001538 0.00018025 0.0001426 0.0001392 0.00014145 0.00011165 0.0001708 0.0001598 0.00016735 0.00011655 0.0001317 0.0001196 0.0001506 0.00014785 0.00011005 0.0001432 0.00015865 0.00015855 0.0001508 0.0001711 0.00015065 0.00013485 0.0001463 0.0001561 0.00015995 0.0001642 0.00016725 0.00017185 0.00016245 0.00014325 0.00013605 0.0001393 0.0001579 0.0001419 0.00015585 0.00014785 0.0001433 0.00015395 0.0001466 0.00016435
24 0.00017425 0.0001368 0.00013615 0.00017365 0.00015965 0.0001732 0.0001603 0.0001596 0.00016275 0.00017415 0.0001489 0.0001723 0.000133 0.0001205 0.00011455 0.00013085 0.0001358 0.0001337 0.00016165 0.0001616 0.00012175 0.00017235 0.00015645 0.00016735 0.0001811 0.0001304 0.0001623 0.00015885 0.00014815 0.0001466 0.0001735 0.00017425 0.00013255 0.00013245 0.0001413 9.175e-05 0.0001482 0.0001832 0.00012505 0.0001371 0.0001469 0.0001628 9.06e-05 0.00017065 0.00016495 0.0001743 0.0001493 0.00017535 0.0001198 0.00014895 0.0001331 0.0001466 0.00017295 0.00012765 0.00013355 0.0001331
25 0.00017795 0.0001403 0.0001584 0.00014125 0.0001116 0.0001773 0.00016175 0.0001116 0.0001571 0.00012965 0.0001413 0.0001299 0.00014825 0.00013455 0.0001411 0.0001246 0.00015015 0.0001528 0.0001597 0.00016875 0.00012785 0.00012995 0.0001628 0.00011655 0.0001304 0.0001635 0.00016385 0.0001206 0.00015035 0.0001574 0.0001274 0.00017795 0.00014875 0.00014865 0.00015235 0.00013415 0.0001504 0.00018135 0.00013545 0.00014785 0.0001609 0.00016375 0.0001303 0.0001828 0.0001783 0.000178 0.00015265 0.0001636 0.00013035 0.00014135 0.00014805 0.0001574 0.00018005 0.0001385 0.0001273 0.0001451
26 2.215e-05 0.00014585 0.00014025 0.0001298 0.00013945 0.0001331 0.0001262 0.0001394 0.00012385 0.00013935 9.755e-05 0.0001017 0.00016995 9.1e-05 0.0001669 0.0001447 0.0001257 0.000175 5.995e-05 0.00011005 0.00014255 0.00010175 0.00017255 0.0001317 0.0001623 0.00016385 4.43e-05 0.0001746 0.00013275 9.075e-05 0.00016575 2.215e-05 9.11e-05 9.1e-05 0.0001398 0.00016465 0.0001328 0.0001152 0.00014845 0.0001556 0.00016295 0.00014385 0.0001622 0.0001492 0.00012205 2.22e-05 0.0001055 0.00014515 0.0001287 9.76e-05 0.0001636 9.075e-05 8.845e-05 0.0001572 0.00014835 0.0001462
27 0.00017985 0.00016935 0.0001749 0.0001473 0.0001287 0.00017165 0.00017975 0.00012875 0.0001753 0.00013165 0.0001779 0.0001297 0.00016585 0.0001671 0.00017425 0.0001356 0.00017545 0.0001751 0.00017895 0.00017415 0.00016535 0.00012975 0.000178 0.0001196 0.00015885 0.0001206 0.0001746 0.0001589 0.0001287 0.00017655 0.00012615 0.00017985 0.00017245 0.00017235 0.00012585 0.00016175 0.00012875 0.00018445 0.00016595 0.0001682 0.00017345 0.0001816 0.00015875 0.00016385 0.0001396 0.0001799 0.00016585 0.0001468 0.0001714 0.00017795 0.0001263 0.00017655 0.0001807 0.00017225 0.0001672 0.0001751
28 0.000146 0.0001676 0.00013845 0.0001604 0.00012875 0.00017205 0.0001402 0.0001287 0.0001309 0.0001607 9.27e-05 0.00015535 0.0001687 0.0001405 0.0001744 0.00014615 0.00016025 0.0001713 0.00011945 0.00015685 0.00015585 0.0001554 0.0001752 0.0001506 0.00014815 0.00015035 0.00013275 0.0001287 0.0001854 0.0001607 0.00016695 0.000146 0.00015385 0.00015375 0.00011665 0.00015365 9.275e-05 0.0001716 0.0001567 0.0001668 0.0001728 0.0001369 0.00014805 0.0001544 0.0001278 0.00014605 0.0001647 0.00017095 0.0001271 9.275e-05 0.000134 0.0001607 0.0001668 0.0001727 0.0001526 0.00016575
29 7.99e-05 0.0001294 0.0001649 0.000138 0.00016855 0.00012735 0.00014035 0.0001685 0.00014115 0.0001431 0.00015265 0.00013215 0.0001278 0.00010385 0.00010675 0.0001705 0.00010395 0.00014605 0.00011635 0.0001193 9.865e-05 0.0001322 0.0001399 0.00014785 0.0001466 0.0001574 9.075e-05 0.00017655 0.0001607 0.0001598 0.00015705 7.99e-05 9.31e-05 9.3e-05 0.0001626 0.00014365 0.00016075 0.00011635 0.0001192 0.00012105 0.00013485 0.0001693 0.0001465 0.0001624 0.0001462 7.995e-05 8.99e-05 0.00013635 0.0001294 0.0001527 0.0001243 7.99e-05 0.00010395 8.715e-05 0.00013005 0.0001277
30 0.00016735 0.0001583 0.000172 0.0001035 0.00012995 0.00013 0.00014765 0.00012995 0.0001299 0.00010525 0.0001707 0.00012825 0.00014785 0.0001674 0.00016375 0.0001424 0.00014775 0.00017725 0.0001691 0.00013075 0.0001437 0.0001283 0.00015795 0.00011005 0.0001735 0.0001274 0.00016575 0.00012615 0.00016695 0.00015705 0.0001781 0.00016735 0.0001691 0.000169 0.0001633 0.0001736 0.000167 0.00012395 0.0001357 0.0001316 0.0001367 0.00017725 0.0001734 0.0001734 0.00016085 0.0001674 0.00014675 0.0001294 0.0001707 0.00017075 0.0001549 0.00015705 0.00014595 0.0001398 0.0001274 0.000166
31 0.0 0.0001474 0.0001519 0.0001314 0.00015355 0.00012255 0.00013775 0.0001535 0.00013345 0.00014095 0.00011965 9.37e-05 0.0001725 0.000103 0.00016805 0.0001588 0.00012515 0.00017655 5.99e-05 0.00010835 0.0001538 9.375e-05 0.0001717 0.0001432 0.00017425 0.00017795 2.215e-05 0.00017985 0.000146 7.99e-05 0.00016735 0.0 8.095e-05 8.085e-05 0.0001499 0.0001726 0.00014605 0.00011225 0.0001578 0.00015505 0.0001624 0.0001555 0.00017415 0.0001489 0.0001202 5e-08 9.465e-05 0.0001346 0.0001407 0.0001197 0.000166 7.99e-05 7.79e-05 0.00015595 0.0001579 0.00014775
32 8.095e-05 0.0001179 0.00016345 0.00015005 0.00016465 0.0001405 0.00014965 0.0001646 0.00015045 0.00015515 0.000146 0.0001321 0.00012785 9.11e-05 0.0001069 0.0001684 0.00010405 0.00013455 0.00011355 0.0001212 0.0001177 0.00013215 0.00015355 0.00015865 0.00013255 0.00014875 9.11e-05 0.00017245 0.00015385 9.31e-05 0.0001691 8.095e-05 0.0001619 8.1e-05 0.00015755 0.00012955 0.0001539 0.0001416 0.00011925 0.00012115 0.00013495 0.000167 0.00013245 0.0001599 0.00013915 8.1e-05 0.0001031 0.0001495 0.00011355 0.00014605 0.0001334 9.31e-05 0.0001171 0.0001124 0.0001346 0.0001155
33 8.085e-05 0.0001178 0.00016335 0.00014995 0.00016455 0.0001404 0.00014955 0.0001645 0.00015035 0.00015505 0.0001459 0.000132 0.0001278 9.105e-05 0.0001068 0.0001683 0.00010395 0.00013445 0.00011345 0.0001211 0.0001176 0.00013205 0.00015345 0.00015855 0.00013245 0.00014865 9.1e-05 0.00017235 0.00015375 9.3e-05 0.000169 8.085e-05 8.1e-05 0.0001617 0.00015745 0.0001295 0.0001538 0.0001415 0.0001192 0.00012105 0.00013485 0.0001669 0.0001323 0.0001598 0.00013905 8.09e-05 0.000103 0.0001494 0.0001134 0.00014595 0.0001333 9.3e-05 0.000117 0.0001123 0.0001345 0.0001154
34 0.0001499 0.00016675 0.00015025 0.00016055 0.0001524 0.00017125 0.000157 0.00015235 0.00015405 0.0001616 0.00014315 0.00015575 0.00016855 0.00014735 0.0001739 0.0001343 0.0001627 0.0001728 0.0001466 0.00015905 0.0001592 0.0001558 0.00017405 0.0001508 0.0001413 0.00015235 0.0001398 0.00012585 0.00011665 0.0001626 0.0001633 0.0001499 0.00015755 0.00015745 0.0001802 0.0001447 0.0001167 0.0001629 0.000159 0.00016585 0.00016965 0.00016185 0.0001412 0.00013535 9.58e-05 0.00014995 0.0001614 0.00016705 0.0001541 0.0001432 0.00013265 0.0001626 0.00016035 0.00017155 0.00015405 0.00015435
35 0.0001726 0.00013435 0.0001389 0.00017375 0.0001634 0.00017025 0.00016135 0.00016335 0.00016545 0.00017425 0.00015525 0.00017205 0.00013075 0.0001215 0.0001103 0.0001346 0.0001332 0.00013115 0.000164 0.00015785 0.0001228 0.0001721 0.00015555 0.0001711 9.175e-05 0.00013415 0.00016465 0.00016175 0.00015365 0.00014365 0.0001736 0.0001726 0.00012955 0.0001295 0.0001447 0.0001726 0.0001537 0.00018225 0.00012605 0.0001345 0.0001443 0.00016555 9.165e-05 0.00017045 0.0001654 0.00017265 0.00014635 0.0001724 0.00012085 0.0001553 0.0001333 0.00014365 0.00017 0.00012505 0.00013625 0.00013055
36 0.00014605 0.00016765 0.0001385 0.00016045 0.0001288 0.0001721 0.00014025 0.00012875 0.00013095 0.00016075 9.275e-05 0.0001554 0.00016875 0.00014055 0.00017445 0.0001462 0.0001603 0.00017135 0.0001195 0.0001569 0.0001559 0.00015545 0.00017525 0.00015065 0.0001482 0.0001504 0.0001328 0.00012875 9.275e-05 0.00016075 0.000167 0.00014605 0.0001539 0.0001538 0.0001167 0.0001537 0.0001855 0.00017165 0.00015675 0.00016685 0.00017285 0.00013695 0.0001481 0.00015445 0.00012785 0.0001461 0.00016475 0.000171 0.00012715 9.28e-05 0.00013405 0.00016075 0.00016685 0.00017275 0.00015265 0.0001658
37 0.00011225 0.00014445 0.0001661 9.755e-05 0.0001737 0.00012385 0.00012195 0.00017365 0.00011105 0.00011045 0.0001608 0.0001494 0.00014285 0.00014445 0.00015015 0.0001675 9.96e-05 0.000174 0.0001366 9.22e-05 0.00012395 0.00014945 0.00013115 0.00013485 0.0001832 0.00018135 0.0001152 0.00018445 0.0001716 0.00011635 0.00012395 0.00011225 0.0001416 0.0001415 0.0001629 0.00018225 0.00017165 5.71e-05 0.00013255 0.0001166 0.0001212 0.000169 0.0001831 0.00014915 0.00013465 0.0001123 0.00011835 0.0001412 0.0001658 0.00016085 0.00015135 0.00011635 9.765e-05 0.0001028 0.00011875 0.000146
38 0.0001578 0.00012105 0.00016545 0.00013405 0.00016435 0.0001239 0.0001336 0.0001643 0.0001264 0.00014805 0.00015505 0.0001657 9.955e-05 0.0001098 9.285e-05 0.00016605 0.0001045 0.00013165 0.0001565 0.00011665 9e-05 0.00016575 0.00014025 0.0001463 0.00012505 0.00013545 0.00014845 0.00016595 0.0001567 0.0001192 0.0001357 0.0001578 0.00011925 0.0001192 0.000159 0.00012605 0.00015675 0.00013255 0.000161 9.495e-05 0.00010725 0.00016885 0.00012495 0.0001679 0.00015305 0.00015785 0.0001189 0.00014295 0.00011785 0.0001551 0.0001194 0.0001192 0.00013495 8.965e-05 9.755e-05 0.0001188
39 0.00015505 0.00012265 0.00017325 0.0001314 0.00017475 0.0001223 0.0001408 0.0001747 0.00013015 0.00014245 0.0001733 0.0001656 0.0001022 0.0001216 9.93e-05 0.0001776 9.975e-05 0.00013355 0.00016425 0.0001064 9.85e-05 0.00016565 0.00013355 0.0001561 0.0001371 0.00014785 0.0001556 0.0001682 0.0001668 0.00012105 0.0001316 0.00015505 0.00012115 0.00012105 0.00016585 0.0001345 0.00016685 0.0001166 9.495e-05 0.0001739 9.925e-05 0.00017665 0.000137 0.0001646 0.00014585 0.0001551 0.00012075 0.0001373 0.0001302 0.00017335 0.0001236 0.00012105 0.00013165 8.745e-05 0.0001033 0.0001204
40 0.0001624 0.0001337 0.0001766 0.0001334 0.00018135 0.00012315 0.00014425 0.0001813 0.000136 0.00014905 0.00018065 0.0001722 0.0001121 0.0001354 9.93e-05 0.0001782 0.00011355 0.00013355 0.0001716 0.00011225 0.0001179 0.00017225 0.00013355 0.00015995 0.0001469 0.0001609 0.00016295 0.00017345 0.0001728 0.00013485 0.0001367 0.0001624 0.00013495 0.00013485 0.00016965 0.0001443 0.00017285 0.0001212 0.00010725 9.925e-05 0.0001826 0.0001702 0.0001468 0.00015595 0.0001492 0.00016245 0.0001318 0.00014 0.000144 0.0001807 0.00013605 0.00013485 0.0001351 0.0001077 0.0001156 0.000132
41 0.0001555 0.0001518 0.00012005 0.0001632 0.0001377 0.0001823 0.000142 0.00013765 0.0001325 0.0001679 9.295e-05 0.00016895 0.00018405 0.00015525 0.0001742 0.0001557 0.000167 0.0001356 0.0001243 0.0001607 0.00016725 0.000169 0.00013575 0.0001642 0.0001628 0.00016375 0.00014385 0.0001816 0.0001369 0.0001693 0.00017725 0.0001555 0.000167 0.0001669 0.00016185 0.00016555 0.00013695 0.000169 0.00016885 0.00017665 0.0001702 0.0001858 0.0001627 0.00013365 0.00017475 0.00015555 0.000177 0.00019005 0.00013565 9.3e-05 0.0001819 0.0001693 0.00017325 0.0001812 0.0001586 0.00015165
42 0.00017415 0.0001368 0.00013605 0.00017355 0.00015955 0.0001731 0.0001602 0.0001595 0.00016265 0.00017405 0.0001488 0.0001722 0.0001329 0.0001204 0.00011445 0.00013075 0.0001357 0.0001336 0.00016155 0.0001615 0.00012165 0.00017225 0.00015635 0.00016725 9.06e-05 0.0001303 0.0001622 0.00015875 0.00014805 0.0001465 0.0001734 0.00017415 0.00013245 0.0001323 0.0001412 9.165e-05 0.0001481 0.0001831 0.00012495 0.000137 0.0001468 0.0001627 0.0001809 0.00017055 0.00016485 0.0001742 0.0001492 0.00017525 0.00011965 0.00014885 0.000133 0.0001465 0.00017285 0.00012755 0.00013345 0.000133
43 0.0001489 0.00014875 0.0001537 0.00016315 0.00018055 0.0001724 0.0001683 0.0001805 0.0001639 0.0001686 0.00017105 0.00016945 0.000174 0.0001601 0.0001646 0.00016945 0.00015835 0.0001335 0.00016005 0.0001525 0.00017195 0.0001695 0.00013045 0.00017185 0.00017065 0.0001828 0.0001492 0.00016385 0.0001544 0.0001624 0.0001734 0.0001489 0.0001599 0.0001598 0.00013535 0.00017045 0.00015445 0.00014915 0.0001679 0.0001646 0.00015595 0.00013365 0.00017055 0.0001926 0.00010225 0.00014895 0.00016525 0.00017655 0.0001709 0.0001711 0.00015675 0.0001624 0.0001572 0.0001704 0.0001662 0.00013355
44 0.0001202 0.0001635 0.0001707 0.0001515 0.0001707 0.000156 0.0001567 0.00017065 0.000149 0.00015805 0.00015885 0.00015135 0.00016225 0.0001409 0.00016835 0.0001644 0.00014465 0.0001743 0.0001396 0.00012915 0.0001561 0.0001514 0.00017415 0.00016245 0.00016495 0.0001783 0.00012205 0.0001396 0.0001278 0.0001462 0.00016085 0.0001202 0.00013915 0.00013905 9.58e-05 0.0001654 0.00012785 0.00013465 0.00015305 0.00014585 0.0001492 0.00017475 0.00016485 0.00010225 2.76e-05 0.00012025 0.00015115 0.0001617 0.0001584 0.0001589 0.0001344 0.0001462 0.00013735 0.0001651 0.00015665 0.00013295
45 5e-08 0.00014745 0.00015195 0.00013145 0.0001536 0.0001226 0.0001378 0.00015355 0.0001335 0.000141 0.0001197 9.375e-05 0.00017255 0.00010305 0.0001681 0.00015885 0.0001252 0.0001766 5.995e-05 0.0001084 0.00015385 9.375e-05 0.00017175 0.00014325 0.0001743 0.000178 2.22e-05 0.0001799 0.00014605 7.995e-05 0.0001674 5e-08 8.1e-05 8.09e-05 0.00014995 0.00017265 0.0001461 0.0001123 0.00015785 0.0001551 0.00016245 0.00015555 0.0001742 0.00014895 0.00012025 1e-07 9.47e-05 0.00013465 0.00014075 0.00011975 0.00016605 7.995e-05 7.795e-05 0.000156 0.00015795 0.0001478
46 9.465e-05 0.00012465 0.0001723 0.00012815 0.0001685 0.00012195 0.00014475 0.00016845 0.00014555 0.000141 0.0001673 0.00013215 0.0001275 0.00011385 0.00010925 0.0001632 0.00011185 0.00014905 0.00013105 0.00012375 0.0001039 0.0001322 0.0001429 0.00013605 0.0001493 0.00015265 0.0001055 0.00016585 0.0001647 8.99e-05 0.00014675 9.465e-05 0.0001031 0.000103 0.0001614 0.00014635 0.00016475 0.00011835 0.0001189 0.00012075 0.0001318 0.000177 0.0001492 0.00016525 0.00015115 9.47e-05 0.0001703 0.000129 0.00013935 0.00016735 0.0001236 8.99e-05 0.0001084 9.24e-05 0.00012975 0.0001328
47 0.0001346 0.0001704 0.00018655 0.0001516 0.00016885 9.885e-05 0.0001467 0.0001689 0.00015345 0.0001422 0.00019295 0.0001397 0.00012455 0.00015995 0.0001538 0.00018325 0.00015335 0.0001757 0.00016385 0.0001366 0.0001424 0.00013975 0.00016395 0.0001393 0.00017535 0.0001636 0.00014515 0.0001468 0.00017095 0.00013635 0.0001294 0.0001346 0.0001495 0.0001494 0.00016705 0.0001724 0.000171 0.0001412 0.00014295 0.0001373 0.00014 0.00019005 0.00017525 0.00017655 0.0001617 0.00013465 0.000129 0.0001654 0.0001786 0.000193 0.00014345 0.00013635 0.0001175 0.00013975 0.0001482 0.00017345
48 0.0001407 0.00012525 0.00013855 0.00015685 0.00013045 0.0001686 0.0001298 0.0001304 0.00012635 0.0001612 8.61e-05 0.0001577 0.00013385 0.00010145 0.0001159 0.000154 0.0001187 0.0001357 0.0001135 0.0001382 0.000117 0.00015775 0.00016025 0.0001579 0.0001198 0.00013035 0.0001287 0.0001714 0.0001271 0.0001294 0.0001707 0.0001407 0.00011355 0.0001134 0.0001541 0.00012085 0.00012715 0.0001658 0.00011785 0.0001302 0.000144 0.00013565 0.00011965 0.0001709 0.0001584 0.00014075 0.00013935 0.0001786 0.0001722 8.615e-05 0.00014305 0.0001294 0.00015705 0.00012715 0.00012635 0.00012245
49 0.0001197 0.0001623 0.0001023 0.0001452 8.535e-05 0.00017895 9.825e-05 8.53e-05 8.55e-05 0.00015325 1e-07 0.0001451 0.0001846 0.00012385 0.00018625 0.0001302 0.00015465 0.00017905 6e-05 0.00014255 0.0001526 0.00014515 0.0001853 0.0001419 0.00014895 0.00014135 9.76e-05 0.00017795 9.275e-05 0.0001527 0.00017075 0.0001197 0.00014605 0.00014595 0.0001432 0.0001553 9.28e-05 0.00016085 0.0001551 0.00017335 0.0001807 9.3e-05 0.00014885 0.0001711 0.0001589 0.00011975 0.00016735 0.000193 8.615e-05 2e-07 0.0001855 0.0001527 0.000158 0.00018565 0.0001416 0.00016185
50 0.000166 0.0001421 0.0001762 0.00016005 0.0001778 0.0001486 0.0001625 0.00017775 0.00016255 0.00015665 0.00018545 0.00016805 0.0001179 0.0001309 0.000104 0.0001721 0.00012425 0.0001395 0.0001758 0.00015065 0.00010125 0.0001681 0.00013655 0.00015585 0.0001331 0.00014805 0.0001636 0.0001263 0.000134 0.0001243 0.0001549 0.000166 0.0001334 0.0001333 0.00013265 0.0001333 0.00013405 0.00015135 0.0001194 0.0001236 0.00013605 0.0001819 0.000133 0.00015675 0.0001344 0.00016605 0.0001236 0.00014345 0.00014305 0.0001855 0.000165 0.0001243 0.00015275 8.9e-05 0.00013285 0.0001386
51 7.99e-05 0.0001294 0.0001649 0.000138 0.00016855 0.00012735 0.00014035 0.0001685 0.00014115 0.0001431 0.00015265 0.00013215 0.0001278 0.00010385 0.00010675 0.0001705 0.00010395 0.00014605 0.00011635 0.0001193 9.865e-05 0.0001322 0.0001399 0.00014785 0.0001466 0.0001574 9.075e-05 0.00017655 0.0001607 7.99e-05 0.00015705 7.99e-05 9.31e-05 9.3e-05 0.0001626 0.00014365 0.00016075 0.00011635 0.0001192 0.00012105 0.00013485 0.0001693 0.0001465 0.0001624 0.0001462 7.995e-05 8.99e-05 0.00013635 0.0001294 0.0001527 0.0001243 0.0001598 0.00010395 8.715e-05 0.00013005 0.0001277
52 7.79e-05 0.0001498 0.0001707 0.0001264 0.0001719 0.0001044 0.00011795 0.00017185 0.000132 0.0001388 0.00015795 0.00013185 0.0001347 0.00012755 0.00014645 0.00016835 0.000121 0.00017235 0.000118 0.00010665 0.00013555 0.0001319 0.0001606 0.0001433 0.00017295 0.00018005 8.845e-05 0.0001807 0.0001668 0.00010395 0.00014595 7.79e-05 0.0001171 0.000117 0.00016035 0.00017 0.00016685 9.765e-05 0.00013495 0.00013165 0.0001351 0.00017325 0.00017285 0.0001572 0.00013735 7.795e-05 0.0001084 0.0001175 0.00015705 0.000158 0.00015275 0.00010395 0.0001558 0.00013135 0.0001402 0.00014935
53 0.00015595 0.0001185 0.00017575 0.0001375 0.0001852 0.00013385 0.0001462 0.00018515 0.0001402 0.0001383 0.0001856 0.00017035 9.275e-05 0.00011355 6.37e-05 0.00018335 8.3e-05 0.00012275 0.00017085 0.0001278 5.25e-05 0.0001704 9.755e-05 0.00015395 0.00012765 0.0001385 0.0001572 0.00017225 0.0001727 8.715e-05 0.0001398 0.00015595 0.0001124 0.0001123 0.00017155 0.00012505 0.00017275 0.0001028 8.965e-05 8.745e-05 0.0001077 0.0001812 0.00012755 0.0001704 0.0001651 0.000156 9.24e-05 0.00013975 0.00012715 0.00018565 8.9e-05 8.715e-05 0.00013135 3.65e-05 9.355e-05 0.00011475
54 0.0001579 0.0001328 0.0001552 0.00012575 0.0001562 0.00012915 0.00013205 0.00015615 0.00011275 0.00013975 0.00014155 0.00016435 0.0001172 0.00012495 0.0001189 0.0001579 0.00011285 0.0001434 0.0001498 0.00012235 9.995e-05 0.0001644 0.00012985 0.0001466 0.00013355 0.0001273 0.00014835 0.0001672 0.0001526 0.00013005 0.0001274 0.0001579 0.0001346 0.0001345 0.00015405 0.00013625 0.00015265 0.00011875 9.755e-05 0.0001033 0.0001156 0.0001586 0.00013345 0.0001662 0.00015665 0.00015795 0.00012975 0.0001482 0.00012635 0.0001416 0.00013285 0.00013005 0.0001402 9.355e-05 0.0001678 0.00013055
55 0.00014775 0.0001008 0.0001519 0.00015595 0.0001712 0.00016705 0.0001564 0.00017115 0.0001566 0.00016105 0.0001618 0.00016415 0.00012885 0.00011385 0.0001069 0.0001701 0.0001123 0.0001123 0.00015485 0.0001335 0.00012125 0.0001642 0.00013145 0.00016435 0.0001331 0.0001451 0.0001462 0.0001751 0.00016575 0.0001277 0.000166 0.00014775 0.0001155 0.0001154 0.00015435 0.00013055 0.0001658 0.000146 0.0001188 0.0001204 0.000132 0.00015165 0.000133 0.00013355 0.00013295 0.0001478 0.0001328 0.00017345 0.00012245 0.00016185 0.0001386 0.0001277 0.00014935 0.00011475 0.00013055 0.0001659
