 slim_761928566 slim_761928577 slim_761928568 slim_761928604 slim_761928619 slim_761928595 slim_761928621 slim_761928571 slim_761928609 slim_761928597 slim_761928567 slim_761928591 slim_761928596 slim_761928605 slim_761928583 slim_761928574 slim_761928611 slim_761928618 slim_761928602 slim_761928620 slim_761928590 slim_761928586 slim_761928600 slim_761928606 slim_761928593 slim_761928570 slim_761928613 slim_761928614 slim_761928565 slim_761928576 slim_761928598 slim_761928582 slim_761928603 slim_761928569 slim_761928608 slim_761928617 slim_761928592 slim_761928588 slim_761928575 slim_761928610 slim_761928579 slim_761928581 slim_761928573 slim_761928572 slim_761928594 slim_761928587 slim_761928599 slim_761928584 slim_761928578 slim_761928589 slim_761928616 slim_761928601 slim_761928580 slim_761928585 slim_761928615 slim_761928612 slim_761928607
0 0.0001577 0.0001246 0.0001236 0.0001291 0.0001754 0.0001823 0.00016915 0.0001189 0.0001193 0.00014385 0.0001813 0.0001534 0.00017635 0.0001291 0.0001636 0.0001694 0.00014475 0.000179 0.0001273 0.0001214 0.00018135 0.0001257 0.00018135 0.00016725 0.00011765 0.00017565 0.00017365 7.885e-05 0.00016365 0.00017335 0.00012905 0.00016945 0.0001273 9.045e-05 0.00012345 0.00015755 7.89e-05 0.0001743 0.0001686 0.00016985 0.00013105 0.0001495 0.00016915 0.0001189 0.0001273 0.0001663 0.00013885 0.00012755 0.0001739 0.00017935 0.0001235 0.0001038 7.89e-05 0.00016485 0.00012475 0.00014545 0.00013495
1 0.0001246 0.0001594 0.00011865 0.00012215 0.00017585 0.00017525 0.0001201 0.00011865 0.0001747 0.0001596 0.0001562 0.00016425 0.00016285 0.00012215 0.0001588 0.00014485 0.00014535 0.00016155 0.0001655 0.000167 0.00017 0.0001635 0.00018025 0.00017035 0.00015905 0.00016305 0.0001733 0.0001246 0.00017085 0.000164 0.00017725 0.0001518 0.0001655 0.00013545 0.0001185 0.0001555 0.00016955 0.00016445 0.0001536 0.00016195 0.0001724 0.00016515 0.0001611 0.00011865 0.0001206 0.00015155 0.0001344 0.0001638 0.0001633 0.00017485 0.00011855 0.0001484 0.00016955 0.00015395 0.00015655 0.00013575 0.00014375
2 0.0001236 0.00011865 0.000152 0.00012535 0.00017105 0.0001731 0.00016455 9.315e-05 0.00017725 0.0001711 0.00014815 0.00016875 0.000163 0.00012535 0.00013445 0.00015985 0.00013345 0.00016315 0.0001628 0.00016555 0.0001706 0.00016465 0.00017235 0.0001692 0.00015935 0.0001669 0.00017255 0.0001236 0.0001757 0.0001239 0.00017465 0.00016085 0.0001628 0.00013485 7.6e-05 0.00015575 0.00017125 0.00010005 0.00015455 0.00015695 0.0001688 0.0001648 0.0001425 9.315e-05 0.0001152 0.0001132 0.0001234 0.00016705 0.00017105 0.00017645 7.605e-05 0.000153 0.00017125 0.0001493 0.00016715 0.0001261 0.0001411
3 0.0001291 0.00012215 0.00012535 0.0001716 0.0001654 0.00015505 0.00015445 0.0001213 0.00017745 0.00016915 0.0001666 0.00012655 0.00015785 8.58e-05 0.00015525 0.0001532 0.00014125 0.00014865 0.0001579 0.00015975 0.00013 0.000165 0.00017245 0.0001635 0.0001584 0.0001587 0.0001645 0.00012905 0.00017115 0.00016965 0.00017145 0.00015095 0.0001579 0.00013915 0.00012515 0.00015375 0.00017235 0.00016805 0.0001498 0.0001593 0.0001732 0.0001566 0.00012125 0.00012125 0.00011465 0.0001566 0.0001402 0.00016635 0.0001223 0.00012825 0.0001252 0.0001528 0.00017235 0.00015535 0.0001602 0.00012375 0.00014735
4 0.0001754 0.00017585 0.00017105 0.0001654 0.0001527 0.0001199 0.0001628 0.000146 0.0001847 0.00013155 0.00013895 0.00016715 0.00011825 0.0001654 0.0001401 0.00013475 0.00015515 0.0001542 0.00017115 0.00016025 0.0001673 0.00016435 0.00012385 0.0001734 0.00016665 0.00014695 0.00010965 0.00017535 0.00016545 0.00017185 0.0001301 0.0001613 0.00017115 0.0001671 0.00017085 0.0001236 0.0001836 0.0001665 0.0001549 0.0001603 0.0001772 0.0001699 0.0001442 0.00014595 0.00016295 0.00016795 0.0001561 0.0001733 0.00015335 0.0001202 0.0001709 0.0001716 0.0001836 0.0001672 0.00017535 0.0001608 0.00017355
5 0.0001823 0.00017525 0.0001731 0.00015505 0.0001199 0.0001857 0.0001633 0.00017295 0.00018675 0.000139 0.0001437 0.00015435 0.00015235 0.00015505 0.0001682 0.0001447 0.00016085 0.00010265 0.00017315 0.0001638 0.0001544 0.00015035 0.0001339 0.00017245 0.0001759 0.00015505 0.00012565 0.00018225 0.00017265 0.0001687 0.0001406 0.0001688 0.00017315 0.00017495 0.0001729 0.00013905 0.0001884 0.0001657 0.00016055 0.0001691 0.00018155 0.00017045 0.0001518 0.0001729 0.00016705 0.00016625 0.0001516 0.00015155 0.00014625 0.00011345 0.00017295 0.00018045 0.0001884 0.0001727 0.0001796 0.00016345 0.000179
6 0.00016915 0.0001201 0.00016455 0.00015445 0.0001628 0.0001633 0.0001632 0.0001658 0.00017765 0.00015665 0.00015085 0.0001594 0.00015695 0.00015445 0.00016645 0.000146 0.00016815 0.00016135 0.00017025 0.00017245 0.0001597 0.00017165 0.00016825 0.0001679 0.00016795 0.00012515 0.00013305 0.0001691 0.00013705 0.0001697 0.00017365 0.00013595 0.00017025 0.0001684 0.00016435 0.000161 0.00017985 0.0001682 0.00015575 0.00016245 0.0001743 0.0001696 0.0001618 0.00016575 0.00015955 0.00014685 0.0001586 0.0001719 0.00012475 0.00015905 0.0001644 0.00016785 0.00017985 0.00016095 0.00014595 0.0001609 0.0001672
7 0.0001189 0.00011865 9.315e-05 0.0001213 0.000146 0.00017295 0.0001658 0.0001357 0.000179 0.00016835 0.00016475 0.00017065 0.00014345 0.0001213 0.0001144 0.0001571 0.00013345 0.0001719 0.0001626 0.00016405 0.0001748 0.000169 0.0001726 0.00017275 0.0001599 0.00016565 0.000168 0.0001189 0.0001782 0.0001453 0.0001701 0.00016165 0.0001626 0.00013015 9.3e-05 0.000155 0.00017 0.0001418 0.0001573 0.0001623 0.00017235 0.0001648 0.0001213 6.785e-05 0.00011155 0.00013625 0.00013335 0.0001714 0.00017045 0.00017255 9.305e-05 0.00015365 0.00017 0.00015495 0.00016615 0.0001224 0.0001412
8 0.0001193 0.0001747 0.00017725 0.00017745 0.0001847 0.00018675 0.00017765 0.000179 0.0001319 0.000142 0.00018125 0.00016255 0.0001898 0.00017745 0.00018075 0.00017415 0.00017475 0.00018815 0.00012775 0.0001235 0.000184 0.00012615 0.0001824 0.00012665 0.00011815 0.00018355 0.0001802 0.00011925 0.00012265 0.0001832 0.0001248 0.0001728 0.00012775 0.00012505 0.00017705 0.00017735 6.83e-05 0.0001832 0.0001796 0.00017565 0.00012575 0.00016365 0.00018615 0.00017895 0.00017875 0.00018465 0.0001704 0.0001274 0.00018205 0.00018305 0.0001771 0.0001191 6.83e-05 0.000183 0.00012 0.00018095 0.0001511
9 0.00014385 0.0001596 0.0001711 0.00016915 0.00013155 0.000139 0.00015665 0.00016835 0.000142 0.0001917 0.0001578 0.0001713 0.00016915 0.00016915 0.0001717 0.0001539 0.0001593 0.00017645 0.0001469 0.00013675 0.0001738 0.0001477 0.00013405 0.0001638 0.00014455 0.00015945 0.0001239 0.0001438 0.00015545 0.000178 0.0001103 0.0001739 0.0001469 0.000138 0.0001709 0.00013405 0.0001248 0.0001757 0.00016765 0.0001682 0.0001484 0.00016755 0.0001746 0.0001683 0.00016595 0.00017495 0.0001671 0.0001494 0.00016375 0.0001357 0.00017095 0.00014475 0.0001248 0.00016855 0.00015145 0.0001681 0.0001585
10 0.0001813 0.0001562 0.00014815 0.0001666 0.00013895 0.0001437 0.00015085 0.00016475 0.00018125 0.0001578 0.0001752 0.00014795 0.00015375 0.0001666 0.0001564 0.00012035 0.0001401 0.00015665 0.0001671 0.00015945 0.0001458 0.00017105 0.00013085 0.0001609 0.00017045 0.00016305 0.00015065 0.00018125 0.0001742 0.0001436 0.00015815 0.00015995 0.0001671 0.00018415 0.00014795 0.00014885 0.00018785 0.00010455 0.0001554 0.00014305 0.0001604 0.00016455 0.0001566 0.0001647 0.00016055 0.00013985 0.0001554 0.00017135 0.00016585 0.00014355 0.000148 0.00017495 0.00018785 0.00014105 0.0001748 0.00015845 0.00015745
11 0.0001534 0.00016425 0.00016875 0.00012655 0.00016715 0.00015435 0.0001594 0.00017065 0.00016255 0.0001713 0.00014795 0.0001726 0.00016055 0.00012655 0.00016555 0.00016035 0.00014915 0.0001475 0.000136 0.00013485 0.00011005 0.00014905 0.00015295 0.00015815 0.00014685 0.0001623 0.0001703 0.00015335 0.0001764 0.000174 0.00015595 0.00016 0.000136 0.0001555 0.00016855 0.00016705 0.00013995 0.0001498 0.0001561 0.00014375 0.0001368 0.0001332 0.00013035 0.0001706 0.00014945 0.00016465 0.00015905 0.0001504 0.00012765 0.0001292 0.0001686 0.0001489 0.00013995 0.00013825 0.0001516 0.00014795 0.000155
12 0.00017635 0.00016285 0.000163 0.00015785 0.00011825 0.00015235 0.00015695 0.00014345 0.0001898 0.00016915 0.00015375 0.00016055 0.0001559 0.00015785 0.00011105 0.0001281 0.00015475 0.0001443 0.0001497 0.0001657 0.00015005 0.0001661 0.0001532 0.00015125 0.00014295 0.00011605 0.0001578 0.0001763 0.0001749 0.0001634 0.0001742 0.00012905 0.0001497 0.0001773 0.0001628 0.00014105 0.0001896 0.00015525 8.715e-05 0.00012185 0.00016845 0.00014115 0.0001382 0.0001434 0.00013645 0.00013875 0.0001487 0.00016675 0.0001549 0.0001558 0.00016285 0.0001628 0.0001896 0.0001367 0.00017465 0.00011855 0.0001628
13 0.0001291 0.00012215 0.00012535 8.58e-05 0.0001654 0.00015505 0.00015445 0.0001213 0.00017745 0.00016915 0.0001666 0.00012655 0.00015785 0.0001716 0.00015525 0.0001532 0.00014125 0.00014865 0.0001579 0.00015975 0.00013 0.000165 0.00017245 0.0001635 0.0001584 0.0001587 0.0001645 0.00012905 0.00017115 0.00016965 0.00017145 0.00015095 0.0001579 0.00013915 0.00012515 0.00015375 0.00017235 0.00016805 0.0001498 0.0001593 0.0001732 0.0001566 0.00012125 0.00012125 0.00011465 0.0001566 0.0001402 0.00016635 0.0001223 0.00012825 0.0001252 0.0001528 0.00017235 0.00015535 0.0001602 0.00012375 0.00014735
14 0.0001636 0.0001588 0.00013445 0.00015525 0.0001401 0.0001682 0.00016645 0.0001144 0.00018075 0.0001717 0.0001564 0.00016555 0.00011105 0.00015525 0.0001624 0.00013125 0.0001469 0.00016505 0.000152 0.0001699 0.00015515 0.00017355 0.00016065 0.00015445 0.0001383 0.00014185 0.0001724 0.00016355 0.0001779 0.00014235 0.00017675 0.00012675 0.000152 0.0001708 0.00013425 0.00014 0.00017965 0.0001343 0.0001062 0.0001221 0.0001634 0.0001529 0.0001221 0.00011435 0.00013595 0.0001367 0.00015335 0.00017475 0.00016715 0.0001685 0.0001343 0.00014925 0.00017965 0.0001439 0.00017595 0.00011805 0.0001546
15 0.0001694 0.00014485 0.00015985 0.0001532 0.00013475 0.0001447 0.000146 0.0001571 0.00017415 0.0001539 0.00012035 0.00016035 0.0001281 0.0001532 0.00013125 0.0001706 0.00014405 0.0001577 0.0001596 0.00016155 0.00015245 0.0001698 0.0001442 0.0001531 0.0001333 0.0001428 0.00015175 0.00016935 0.00017005 0.0001585 0.00015685 0.0001328 0.0001596 0.0001802 0.00015965 0.00013295 0.00018135 0.0001588 0.000102 0.00012055 0.00016855 0.00015975 0.00015285 0.00015705 0.00014765 0.00015825 0.0001579 0.0001701 0.00016025 0.00014075 0.0001597 0.0001575 0.00018135 0.000154 0.00017055 0.00013465 0.0001632
16 0.00014475 0.00014535 0.00013345 0.00014125 0.00015515 0.00016085 0.00016815 0.00013345 0.00017475 0.0001593 0.0001401 0.00014915 0.00015475 0.00014125 0.0001469 0.00014405 0.0001787 0.0001661 0.0001499 0.000148 0.0001271 0.000167 0.0001207 0.0001538 0.0001525 0.00015835 0.00016105 0.00014475 0.000175 0.00015585 0.0001618 0.0001564 0.0001499 0.0001542 0.0001333 0.00015515 0.0001718 0.00013725 0.00014195 0.0001113 0.00013055 0.00015155 0.00015695 0.00013345 0.0001229 0.0001546 0.0001413 0.0001694 0.0001677 0.00015835 0.00013335 0.0001652 0.0001718 0.0001114 0.00016995 0.0001147 0.00012045
17 0.000179 0.00016155 0.00016315 0.00014865 0.0001542 0.00010265 0.00016135 0.0001719 0.00018815 0.00017645 0.00015665 0.0001475 0.0001443 0.00014865 0.00016505 0.0001577 0.0001661 5.3e-05 0.0001724 0.0001745 0.00014665 0.00010715 0.0001726 0.00017415 0.00017005 0.00016965 0.00018025 0.00017895 0.0001865 0.00016065 0.0001832 0.0001647 0.0001724 0.0001808 0.00016295 0.0001719 0.00018765 0.00015315 0.00015555 0.00015935 0.0001769 0.0001701 0.0001502 0.00017185 0.00016375 0.00016005 0.00011325 0.0001152 0.00015455 0.00015295 0.000163 0.00017565 0.00018765 0.0001661 0.00018015 0.0001589 0.0001718
18 0.0001273 0.0001655 0.0001628 0.0001579 0.00017115 0.00017315 0.00017025 0.0001626 0.00012775 0.0001469 0.0001671 0.000136 0.0001497 0.0001579 0.000152 0.0001596 0.0001499 0.0001724 0.0001916 0.00010845 0.0001486 0.00013435 0.00015735 0.00012775 0.00011525 0.00014965 0.00017175 0.00012725 0.0001643 0.0001711 0.00013515 0.00015695 9.58e-05 0.0001309 0.0001626 0.0001606 9.585e-05 0.00015825 0.00013295 0.00013735 0.0001179 0.0001116 0.00016175 0.00016255 0.00012725 0.00015555 0.00015925 0.0001362 0.00016325 0.00016585 0.00016265 0.0001253 9.585e-05 0.0001267 0.00013605 0.00011775 0.0001428
19 0.0001214 0.000167 0.00016555 0.00015975 0.00016025 0.0001638 0.00017245 0.00016405 0.0001235 0.00013675 0.00015945 0.00013485 0.0001657 0.00015975 0.0001699 0.00016155 0.000148 0.0001745 0.00010845 0.000173 0.00016045 0.0001287 0.0001537 0.0001451 0.000124 0.0001617 0.00016 0.00012135 0.00016505 0.00017545 0.0001181 0.0001725 0.00010845 0.000122 0.00016535 0.0001615 8.65e-05 0.00016605 0.00016085 0.0001595 0.000122 0.0001264 0.00016755 0.000164 0.0001433 0.00016365 0.0001623 0.00013105 0.000167 0.00015655 0.0001654 0.00012205 8.65e-05 0.00014655 0.00013175 0.00014755 0.0001495
20 0.00018135 0.00017 0.0001706 0.00013 0.0001673 0.0001544 0.0001597 0.0001748 0.000184 0.0001738 0.0001458 0.00011005 0.00015005 0.00013 0.00015515 0.00015245 0.0001271 0.00014665 0.0001486 0.00016045 0.0001651 0.0001721 0.00012865 0.00014835 0.00016025 0.00015285 0.00017005 0.0001813 0.000175 0.00016745 0.0001799 0.0001494 0.0001486 0.00018345 0.0001704 0.00016535 0.0001852 0.00014285 0.00013755 0.00010895 0.00013385 0.0001468 0.0001273 0.00017475 0.00014475 0.0001607 0.0001661 0.00017345 0.0001242 0.00012865 0.00017045 0.0001764 0.0001852 0.00011085 0.00017285 0.00012955 0.00013475
21 0.0001257 0.0001635 0.00016465 0.000165 0.00016435 0.00015035 0.00017165 0.000169 0.00012615 0.0001477 0.00017105 0.00014905 0.0001661 0.000165 0.00017355 0.0001698 0.000167 0.00010715 0.00013435 0.0001287 0.0001721 0.000183 0.00017615 0.0001688 0.00012715 0.0001795 0.00017915 0.00012565 0.0001704 0.0001729 0.00013485 0.00017695 0.00013435 0.000129 0.00016445 0.0001706 9.15e-05 0.00016735 0.00017205 0.00016835 0.0001327 0.0001554 0.00017415 0.00016895 0.0001685 0.0001733 0.00013085 0.0001001 0.00017535 0.00017425 0.0001645 0.00012495 9.15e-05 0.0001714 0.0001382 0.0001724 0.0001579
22 0.00018135 0.00018025 0.00017235 0.00017245 0.00012385 0.0001339 0.00016825 0.0001726 0.0001824 0.00013405 0.00013085 0.00015295 0.0001532 0.00017245 0.00016065 0.0001442 0.0001207 0.0001726 0.00015735 0.0001537 0.00012865 0.00017615 0.000182 0.00015665 0.00016695 0.00014765 0.0001206 0.0001813 0.00016635 0.00016685 0.0001375 0.00016325 0.00015735 0.00017335 0.00017215 0.0001312 0.00018405 0.0001446 0.00014975 0.00012045 0.0001375 0.00015745 0.0001664 0.00017255 0.00015465 0.00016425 0.00017245 0.0001784 0.0001583 0.0001287 0.0001722 0.00017765 0.00018405 0.00011685 0.00017785 0.0001461 0.00013885
23 0.00016725 0.00017035 0.0001692 0.0001635 0.0001734 0.00017245 0.0001679 0.00017275 0.00012665 0.0001638 0.0001609 0.00015815 0.00015125 0.0001635 0.00015445 0.0001531 0.0001538 0.00017415 0.00012775 0.0001451 0.00014835 0.0001688 0.00015665 0.0001852 0.0001475 0.0001469 0.00016945 0.0001672 0.00013005 0.00016905 0.00016715 0.0001449 0.00012775 0.00017085 0.000169 0.00016295 0.00016265 0.00015725 0.0001297 0.0001369 0.000152 0.0001372 0.0001644 0.0001727 0.00013235 0.0001551 0.00016775 0.0001706 0.0001614 0.0001635 0.00016905 0.0001643 0.00016265 0.00012925 0.00015855 0.0001177 0.00014615
24 0.00011765 0.00015905 0.00015935 0.0001584 0.00016665 0.0001759 0.00016795 0.0001599 0.00011815 0.00014455 0.00017045 0.00014685 0.00014295 0.0001584 0.0001383 0.0001333 0.0001525 0.00017005 0.00011525 0.000124 0.00016025 0.00012715 0.00016695 0.0001475 0.0001712 0.0001514 0.00017575 0.0001176 0.0001608 0.0001678 0.00013305 0.0001424 0.00011525 0.0001292 0.00015915 0.00015035 8.565e-05 0.00016445 0.00010915 0.0001194 0.0001194 0.00013865 0.00016865 0.00015985 0.00014725 0.0001663 0.00015275 0.000129 0.0001693 0.0001739 0.0001592 0.00010695 8.565e-05 0.00015255 0.00013195 0.00013665 0.00014565
25 0.00017565 0.00016305 0.0001669 0.0001587 0.00014695 0.00015505 0.00012515 0.00016565 0.00018355 0.00015945 0.00016305 0.0001623 0.00011605 0.0001587 0.00014185 0.0001428 0.00015835 0.00016965 0.00014965 0.0001617 0.00015285 0.0001795 0.00014765 0.0001469 0.0001514 0.0001612 0.0001138 0.0001756 0.0001334 0.00016715 0.00016495 0.00011985 0.00014965 0.00016745 0.0001667 0.00013975 0.00018715 0.0001629 9.815e-05 0.000134 0.0001697 0.00014285 0.0001602 0.0001656 0.00013815 0.00012745 0.00016535 0.0001733 0.00011925 0.0001481 0.00016675 0.0001663 0.00018715 0.0001376 0.0001551 0.00012435 0.00016385
26 0.00017365 0.0001733 0.00017255 0.0001645 0.00010965 0.00012565 0.00013305 0.000168 0.0001802 0.0001239 0.00015065 0.0001703 0.0001578 0.0001645 0.0001724 0.00015175 0.00016105 0.00018025 0.00017175 0.00016 0.00017005 0.00017915 0.0001206 0.00016945 0.00017575 0.0001138 0.0001314 0.0001736 0.0001221 0.000176 0.0001246 0.00014905 0.00017175 0.0001562 0.00017235 0.0001198 0.00018325 0.00017355 0.0001651 0.00017165 0.0001791 0.00017225 0.00016845 0.00016795 0.00016215 0.0001537 0.0001718 0.00018125 0.0001154 0.00011555 0.0001724 0.00017405 0.00018325 0.0001673 0.0001542 0.0001658 0.0001721
27 7.885e-05 0.0001246 0.0001236 0.00012905 0.00017535 0.00018225 0.0001691 0.0001189 0.00011925 0.0001438 0.00018125 0.00015335 0.0001763 0.00012905 0.00016355 0.00016935 0.00014475 0.00017895 0.00012725 0.00012135 0.0001813 0.00012565 0.0001813 0.0001672 0.0001176 0.0001756 0.0001736 0.0001576 0.0001636 0.0001733 0.000129 0.0001694 0.00012725 9.04e-05 0.0001234 0.0001575 7.885e-05 0.00017425 0.00016855 0.0001698 0.000131 0.00014945 0.0001691 0.00011885 0.00012725 0.00016625 0.0001388 0.0001275 0.00017385 0.0001793 0.00012345 0.00010375 7.885e-05 0.0001648 0.0001247 0.0001454 0.0001349
28 0.00016365 0.00017085 0.0001757 0.00017115 0.00016545 0.00017265 0.00013705 0.0001782 0.00012265 0.00015545 0.0001742 0.0001764 0.0001749 0.00017115 0.0001779 0.00017005 0.000175 0.0001865 0.0001643 0.00016505 0.000175 0.0001704 0.00016635 0.00013005 0.0001608 0.0001334 0.0001221 0.0001636 0.0001781 0.00017835 0.0001566 0.00014185 0.0001643 0.0001578 0.0001755 0.00016045 0.0001578 0.000177 0.0001689 0.00017045 0.0001674 0.00018005 0.00017985 0.00017815 0.00017015 0.00015935 0.0001727 0.00017205 0.000131 0.0001642 0.00017555 0.00016305 0.0001578 0.00017355 0.00013625 0.00017105 0.00015915
29 0.00017335 0.000164 0.0001239 0.00016965 0.00017185 0.0001687 0.0001697 0.0001453 0.0001832 0.000178 0.0001436 0.000174 0.0001634 0.00016965 0.00014235 0.0001585 0.00015585 0.00016065 0.0001711 0.00017545 0.00016745 0.0001729 0.00016685 0.00016905 0.0001678 0.00016715 0.000176 0.0001733 0.00017835 0.0001728 0.000181 0.0001629 0.0001711 0.00017875 0.00012385 0.0001715 0.00018535 0.00010345 0.00015485 0.00015355 0.00017105 0.00016865 0.0001536 0.00014525 0.0001591 0.00012275 0.00015135 0.00017315 0.00017685 0.0001774 0.0001239 0.00017725 0.00018535 0.0001591 0.0001778 0.0001531 0.0001666
30 0.00012905 0.00017725 0.00017465 0.00017145 0.0001301 0.0001406 0.00017365 0.0001701 0.0001248 0.0001103 0.00015815 0.00015595 0.0001742 0.00017145 0.00017675 0.00015685 0.0001618 0.0001832 0.00013515 0.0001181 0.0001799 0.00013485 0.0001375 0.00016715 0.00013305 0.00016495 0.0001246 0.000129 0.0001566 0.000181 0.0001846 0.0001811 0.00013515 0.0001232 0.00017445 0.0001378 9.235e-05 0.00017995 0.0001771 0.00017815 0.0001374 0.0001558 0.0001758 0.00017005 0.00017185 0.00017955 0.00016925 0.00013655 0.0001671 0.0001348 0.0001745 0.00012985 9.235e-05 0.00017805 0.0001377 0.000177 0.00016515
31 0.00016945 0.0001518 0.00016085 0.00015095 0.0001613 0.0001688 0.00013595 0.00016165 0.0001728 0.0001739 0.00015995 0.00016 0.00012905 0.00015095 0.00012675 0.0001328 0.0001564 0.0001647 0.00015695 0.0001725 0.0001494 0.00017695 0.00016325 0.0001449 0.0001424 0.00011985 0.00014905 0.0001694 0.00014185 0.0001629 0.0001811 0.0001667 0.00015695 0.00017325 0.00016065 0.00013515 0.0001858 0.00016095 0.0001053 0.00012445 0.0001678 0.00015475 0.0001595 0.0001616 0.0001406 0.00014015 0.00015875 0.00017605 0.00013545 0.0001627 0.0001607 0.0001473 0.0001858 0.00014435 0.00013455 0.0001285 0.00015425
32 0.0001273 0.0001655 0.0001628 0.0001579 0.00017115 0.00017315 0.00017025 0.0001626 0.00012775 0.0001469 0.0001671 0.000136 0.0001497 0.0001579 0.000152 0.0001596 0.0001499 0.0001724 9.58e-05 0.00010845 0.0001486 0.00013435 0.00015735 0.00012775 0.00011525 0.00014965 0.00017175 0.00012725 0.0001643 0.0001711 0.00013515 0.00015695 0.0001916 0.0001309 0.0001626 0.0001606 9.585e-05 0.00015825 0.00013295 0.00013735 0.0001179 0.0001116 0.00016175 0.00016255 0.00012725 0.00015555 0.00015925 0.0001362 0.00016325 0.00016585 0.00016265 0.0001253 9.585e-05 0.0001267 0.00013605 0.00011775 0.0001428
33 9.045e-05 0.00013545 0.00013485 0.00013915 0.0001671 0.00017495 0.0001684 0.00013015 0.00012505 0.000138 0.00018415 0.0001555 0.0001773 0.00013915 0.0001708 0.0001802 0.0001542 0.0001808 0.0001309 0.000122 0.00018345 0.000129 0.00017335 0.00017085 0.0001292 0.00016745 0.0001562 9.04e-05 0.0001578 0.00017875 0.0001232 0.00017325 0.0001309 0.0001692 0.00013465 0.0001535 8.465e-05 0.00017755 0.0001778 0.00017925 0.00013465 0.0001529 0.00017305 0.0001301 0.0001367 0.00016935 0.00014795 0.0001313 0.00016655 0.000172 0.0001347 0.00011135 8.465e-05 0.0001663 0.00012675 0.00015485 0.00013855
34 0.00012345 0.0001185 7.6e-05 0.00012515 0.00017085 0.0001729 0.00016435 9.3e-05 0.00017705 0.0001709 0.00014795 0.00016855 0.0001628 0.00012515 0.00013425 0.00015965 0.0001333 0.00016295 0.0001626 0.00016535 0.0001704 0.00016445 0.00017215 0.000169 0.00015915 0.0001667 0.00017235 0.0001234 0.0001755 0.00012385 0.00017445 0.00016065 0.0001626 0.00013465 0.0001516 0.00015555 0.00017105 0.0001 0.00015435 0.00015675 0.0001686 0.0001646 0.0001423 9.295e-05 0.000115 0.00011315 0.0001232 0.00016685 0.00017085 0.00017625 7.585e-05 0.0001528 0.00017105 0.0001491 0.00016695 0.0001259 0.0001409
35 0.00015755 0.0001555 0.00015575 0.00015375 0.0001236 0.00013905 0.000161 0.000155 0.00017735 0.00013405 0.00014885 0.00016705 0.00014105 0.00015375 0.00014 0.00013295 0.00015515 0.0001719 0.0001606 0.0001615 0.00016535 0.0001706 0.0001312 0.00016295 0.00015035 0.00013975 0.0001198 0.0001575 0.00016045 0.0001715 0.0001378 0.00013515 0.0001606 0.0001535 0.00015555 0.0001821 0.0001758 0.00016445 0.00012965 0.00014365 0.00016905 0.0001599 0.00016945 0.00015495 0.00014235 0.00015755 0.00016435 0.00017165 0.0001542 0.0001341 0.0001556 0.00013345 0.0001758 0.00014435 0.00016835 0.0001505 0.00015485
36 7.89e-05 0.00016955 0.00017125 0.00017235 0.0001836 0.0001884 0.00017985 0.00017 6.83e-05 0.0001248 0.00018785 0.00013995 0.0001896 0.00017235 0.00017965 0.00018135 0.0001718 0.00018765 9.585e-05 8.65e-05 0.0001852 9.15e-05 0.00018405 0.00016265 8.565e-05 0.00018715 0.00018325 7.885e-05 0.0001578 0.00018535 9.235e-05 0.0001858 9.585e-05 8.465e-05 0.00017105 0.0001758 1e-07 0.0001845 0.00018375 0.00017725 9.165e-05 0.0001381 0.00018465 0.00016995 0.00017465 0.00018575 0.0001616 9.28e-05 0.00018465 0.0001859 0.0001711 7.96e-05 5e-08 0.0001816 9.73e-05 0.0001822 0.0001487
37 0.0001743 0.00016445 0.00010005 0.00016805 0.0001665 0.0001657 0.0001682 0.0001418 0.0001832 0.0001757 0.00010455 0.0001498 0.00015525 0.00016805 0.0001343 0.0001588 0.00013725 0.00015315 0.00015825 0.00016605 0.00014285 0.00016735 0.0001446 0.00015725 0.00016445 0.0001629 0.00017355 0.00017425 0.000177 0.00010345 0.00017995 0.00016095 0.00015825 0.00017755 0.0001 0.00016445 0.0001845 7.19e-05 0.0001485 0.000129 0.000149 0.00015875 0.00014575 0.00014175 0.00014805 9.48e-05 0.0001348 0.00016975 0.00017205 0.0001738 0.00010005 0.0001736 0.0001845 0.00012405 0.0001786 0.0001411 0.00014605
38 0.0001686 0.0001536 0.00015455 0.0001498 0.0001549 0.00016055 0.00015575 0.0001573 0.0001796 0.00016765 0.0001554 0.0001561 8.715e-05 0.0001498 0.0001062 0.000102 0.00014195 0.00015555 0.00013295 0.00016085 0.00013755 0.00017205 0.00014975 0.0001297 0.00010915 9.815e-05 0.0001651 0.00016855 0.0001689 0.00015485 0.0001771 0.0001053 0.00013295 0.0001778 0.00015435 0.00012965 0.00018375 0.0001485 6.92e-05 8.17e-05 0.00015625 0.00012745 0.00015365 0.00015725 0.0001178 0.00013075 0.00015285 0.000166 0.00015315 0.0001584 0.0001544 0.0001482 0.00018375 0.00011835 0.0001715 8.905e-05 0.0001512
39 0.00016985 0.00016195 0.00015695 0.0001593 0.0001603 0.0001691 0.00016245 0.0001623 0.00017565 0.0001682 0.00014305 0.00014375 0.00012185 0.0001593 0.0001221 0.00012055 0.0001113 0.00015935 0.00013735 0.0001595 0.00010895 0.00016835 0.00012045 0.0001369 0.0001194 0.000134 0.00017165 0.0001698 0.00017045 0.00015355 0.00017815 0.00012445 0.00013735 0.00017925 0.00015675 0.00014365 0.00017725 0.000129 8.17e-05 0.0001232 0.0001194 0.0001402 0.00015915 0.00016225 0.00012995 0.0001509 0.00015585 0.00017075 0.0001604 0.0001677 0.0001568 0.00015465 0.00017725 9.125e-05 0.000172 0.00010565 0.00011925
40 0.00013105 0.0001724 0.0001688 0.0001732 0.0001772 0.00018155 0.0001743 0.00017235 0.00012575 0.0001484 0.0001604 0.0001368 0.00016845 0.0001732 0.0001634 0.00016855 0.00013055 0.0001769 0.0001179 0.000122 0.00013385 0.0001327 0.0001375 0.000152 0.0001194 0.0001697 0.0001791 0.000131 0.0001674 0.00017105 0.0001374 0.0001678 0.0001179 0.00013465 0.0001686 0.00016905 9.165e-05 0.000149 0.00015625 0.0001194 0.0001832 0.0001396 0.0001751 0.0001723 0.0001573 0.0001703 0.00016465 0.00013455 0.0001757 0.00017965 0.00016865 0.0001273 9.165e-05 0.00012025 0.0001373 0.00015115 0.00012225
41 0.0001495 0.00016515 0.0001648 0.0001566 0.0001699 0.00017045 0.0001696 0.0001648 0.00016365 0.00016755 0.00016455 0.0001332 0.00014115 0.0001566 0.0001529 0.00015975 0.00015155 0.0001701 0.0001116 0.0001264 0.0001468 0.0001554 0.00015745 0.0001372 0.00013865 0.00014285 0.00017225 0.00014945 0.00018005 0.00016865 0.0001558 0.00015475 0.0001116 0.0001529 0.0001646 0.0001599 0.0001381 0.00015875 0.00012745 0.0001402 0.0001396 0.0001703 0.0001605 0.00016475 0.000123 0.0001487 0.00016025 0.00015535 0.00016185 0.000163 0.00016465 0.0001462 0.0001381 0.00012195 0.0001552 0.0001135 0.0001597
42 0.00016915 0.0001611 0.0001425 0.00012125 0.0001442 0.0001518 0.0001618 0.0001213 0.00018615 0.0001746 0.0001566 0.00013035 0.0001382 0.00012125 0.0001221 0.00015285 0.00015695 0.0001502 0.00016175 0.00016755 0.0001273 0.00017415 0.0001664 0.0001644 0.00016865 0.0001602 0.00016845 0.0001691 0.00017985 0.0001536 0.0001758 0.0001595 0.00016175 0.00017305 0.0001423 0.00016945 0.00018465 0.00014575 0.00015365 0.00015915 0.0001751 0.0001605 0.0001778 0.00012125 0.00014625 0.000146 0.00015745 0.0001755 0.0001296 0.000128 0.00014235 0.0001785 0.00018465 0.0001622 0.00017415 0.00013745 0.00016735
43 0.0001189 0.00011865 9.315e-05 0.00012125 0.00014595 0.0001729 0.00016575 6.785e-05 0.00017895 0.0001683 0.0001647 0.0001706 0.0001434 0.00012125 0.00011435 0.00015705 0.00013345 0.00017185 0.00016255 0.000164 0.00017475 0.00016895 0.00017255 0.0001727 0.00015985 0.0001656 0.00016795 0.00011885 0.00017815 0.00014525 0.00017005 0.0001616 0.00016255 0.0001301 9.295e-05 0.00015495 0.00016995 0.00014175 0.00015725 0.00016225 0.0001723 0.00016475 0.00012125 0.0001356 0.0001115 0.0001362 0.0001333 0.00017135 0.0001704 0.0001725 9.3e-05 0.0001536 0.00016995 0.0001549 0.0001661 0.00012235 0.00014115
44 0.0001273 0.0001206 0.0001152 0.00011465 0.00016295 0.00016705 0.00015955 0.00011155 0.00017875 0.00016595 0.00016055 0.00014945 0.00013645 0.00011465 0.00013595 0.00014765 0.0001229 0.00016375 0.00012725 0.0001433 0.00014475 0.0001685 0.00015465 0.00013235 0.00014725 0.00013815 0.00016215 0.00012725 0.00017015 0.0001591 0.00017185 0.0001406 0.00012725 0.0001367 0.000115 0.00014235 0.00017465 0.00014805 0.0001178 0.00012995 0.0001573 0.000123 0.00014625 0.0001115 0.0001598 0.0001361 0.0001365 0.0001709 0.0001525 0.0001593 0.00011505 0.00014945 0.00017465 0.00010995 0.0001635 8.1e-05 0.00012905
45 0.0001663 0.00015155 0.0001132 0.0001566 0.00016795 0.00016625 0.00014685 0.00013625 0.00018465 0.00017495 0.00013985 0.00016465 0.00013875 0.0001566 0.0001367 0.00015825 0.0001546 0.00016005 0.00015555 0.00016365 0.0001607 0.0001733 0.00016425 0.0001551 0.0001663 0.00012745 0.0001537 0.00016625 0.00015935 0.00012275 0.00017955 0.00014015 0.00015555 0.00016935 0.00011315 0.00015755 0.00018575 9.48e-05 0.00013075 0.0001509 0.0001703 0.0001487 0.000146 0.0001362 0.0001361 0.000159 0.00014285 0.00016725 0.0001504 0.00016995 0.0001132 0.00016755 0.00018575 0.0001397 0.0001591 0.0001349 0.00016095
46 0.00013885 0.0001344 0.0001234 0.0001402 0.0001561 0.0001516 0.0001586 0.00013335 0.0001704 0.0001671 0.0001554 0.00015905 0.0001487 0.0001402 0.00015335 0.0001579 0.0001413 0.00011325 0.00015925 0.0001623 0.0001661 0.00013085 0.00017245 0.00016775 0.00015275 0.00016535 0.0001718 0.0001388 0.0001727 0.00015135 0.00016925 0.00015875 0.00015925 0.00014795 0.0001232 0.00016435 0.0001616 0.0001348 0.00015285 0.00015585 0.00016465 0.00016025 0.00015745 0.0001333 0.0001365 0.00014285 0.0001723 0.00013995 0.0001657 0.0001707 0.00012325 0.00016125 0.0001616 0.0001603 0.00016145 0.00013335 0.0001586
47 0.00012755 0.0001638 0.00016705 0.00016635 0.0001733 0.00015155 0.0001719 0.0001714 0.0001274 0.0001494 0.00017135 0.0001504 0.00016675 0.00016635 0.00017475 0.0001701 0.0001694 0.0001152 0.0001362 0.00013105 0.00017345 0.0001001 0.0001784 0.0001706 0.000129 0.0001733 0.00018125 0.0001275 0.00017205 0.00017315 0.00013655 0.00017605 0.0001362 0.0001313 0.00016685 0.00017165 9.28e-05 0.00016975 0.000166 0.00017075 0.00013455 0.00015535 0.0001755 0.00017135 0.0001709 0.00016725 0.00013995 0.0001856 0.00017655 0.00017545 0.0001669 0.0001256 9.28e-05 0.0001738 0.00013795 0.0001748 0.0001597
48 0.0001739 0.0001633 0.00017105 0.0001223 0.00015335 0.00014625 0.00012475 0.00017045 0.00018205 0.00016375 0.00016585 0.00012765 0.0001549 0.0001223 0.00016715 0.00016025 0.0001677 0.00015455 0.00016325 0.000167 0.0001242 0.00017535 0.0001583 0.0001614 0.0001693 0.00011925 0.0001154 0.00017385 0.000131 0.00017685 0.0001671 0.00013545 0.00016325 0.00016655 0.00017085 0.0001542 0.00018465 0.00017205 0.00015315 0.0001604 0.0001757 0.00016185 0.0001296 0.0001704 0.0001525 0.0001504 0.0001657 0.00017655 0.000163 0.0001156 0.0001709 0.00017305 0.00018465 0.00016155 0.00014945 0.0001495 0.00016825
49 0.00017935 0.00017485 0.00017645 0.00012825 0.0001202 0.00011345 0.00015905 0.00017255 0.00018305 0.0001357 0.00014355 0.0001292 0.0001558 0.00012825 0.0001685 0.00014075 0.00015835 0.00015295 0.00016585 0.00015655 0.00012865 0.00017425 0.0001287 0.0001635 0.0001739 0.0001481 0.00011555 0.0001793 0.0001642 0.0001774 0.0001348 0.0001627 0.00016585 0.000172 0.00017625 0.0001341 0.0001859 0.0001738 0.0001584 0.0001677 0.00017965 0.000163 0.000128 0.0001725 0.0001593 0.00016995 0.0001707 0.00017545 0.0001156 0.0001675 0.0001763 0.00017895 0.0001859 0.00016865 0.00017325 0.0001554 0.00017765
50 0.0001235 0.00011855 7.605e-05 0.0001252 0.0001709 0.00017295 0.0001644 9.305e-05 0.0001771 0.00017095 0.000148 0.0001686 0.00016285 0.0001252 0.0001343 0.0001597 0.00013335 0.000163 0.00016265 0.0001654 0.00017045 0.0001645 0.0001722 0.00016905 0.0001592 0.00016675 0.0001724 0.00012345 0.00017555 0.0001239 0.0001745 0.0001607 0.00016265 0.0001347 7.585e-05 0.0001556 0.0001711 0.00010005 0.0001544 0.0001568 0.00016865 0.00016465 0.00014235 9.3e-05 0.00011505 0.0001132 0.00012325 0.0001669 0.0001709 0.0001763 0.0001517 0.00015285 0.0001711 0.00014915 0.000167 0.00012595 0.00014095
51 0.0001038 0.0001484 0.000153 0.0001528 0.0001716 0.00018045 0.00016785 0.00015365 0.0001191 0.00014475 0.00017495 0.0001489 0.0001628 0.0001528 0.00014925 0.0001575 0.0001652 0.00017565 0.0001253 0.00012205 0.0001764 0.00012495 0.00017765 0.0001643 0.00010695 0.0001663 0.00017405 0.00010375 0.00016305 0.00017725 0.00012985 0.0001473 0.0001253 0.00011135 0.0001528 0.00013345 7.96e-05 0.0001736 0.0001482 0.00015465 0.0001273 0.0001462 0.0001785 0.0001536 0.00014945 0.00016755 0.00016125 0.0001256 0.00017305 0.00017895 0.00015285 0.0001592 7.96e-05 0.0001598 0.0001275 0.0001676 0.0001427
52 7.89e-05 0.00016955 0.00017125 0.00017235 0.0001836 0.0001884 0.00017985 0.00017 6.83e-05 0.0001248 0.00018785 0.00013995 0.0001896 0.00017235 0.00017965 0.00018135 0.0001718 0.00018765 9.585e-05 8.65e-05 0.0001852 9.15e-05 0.00018405 0.00016265 8.565e-05 0.00018715 0.00018325 7.885e-05 0.0001578 0.00018535 9.235e-05 0.0001858 9.585e-05 8.465e-05 0.00017105 0.0001758 5e-08 0.0001845 0.00018375 0.00017725 9.165e-05 0.0001381 0.00018465 0.00016995 0.00017465 0.00018575 0.0001616 9.28e-05 0.00018465 0.0001859 0.0001711 7.96e-05 1e-07 0.0001816 9.73e-05 0.0001822 0.0001487
53 0.00016485 0.00015395 0.0001493 0.00015535 0.0001672 0.0001727 0.00016095 0.00015495 0.000183 0.00016855 0.00014105 0.00013825 0.0001367 0.00015535 0.0001439 0.000154 0.0001114 0.0001661 0.0001267 0.00014655 0.00011085 0.0001714 0.00011685 0.00012925 0.00015255 0.0001376 0.0001673 0.0001648 0.00017355 0.0001591 0.00017805 0.00014435 0.0001267 0.0001663 0.0001491 0.00014435 0.0001816 0.00012405 0.00011835 9.125e-05 0.00012025 0.00012195 0.0001622 0.0001549 0.00010995 0.0001397 0.0001603 0.0001738 0.00016155 0.00016865 0.00014915 0.0001598 0.0001816 0.0001179 0.0001721 0.00010275 0.00010995
54 0.00012475 0.00015655 0.00016715 0.0001602 0.00017535 0.0001796 0.00014595 0.00016615 0.00012 0.00015145 0.0001748 0.0001516 0.00017465 0.0001602 0.00017595 0.00017055 0.00016995 0.00018015 0.00013605 0.00013175 0.00017285 0.0001382 0.00017785 0.00015855 0.00013195 0.0001551 0.0001542 0.0001247 0.00013625 0.0001778 0.0001377 0.00013455 0.00013605 0.00012675 0.00016695 0.00016835 9.73e-05 0.0001786 0.0001715 0.000172 0.0001373 0.0001552 0.00017415 0.0001661 0.0001635 0.0001591 0.00016145 0.00013795 0.00014945 0.00017325 0.000167 0.0001275 9.73e-05 0.0001721 0.0001945 0.00016955 0.00015455
55 0.00014545 0.00013575 0.0001261 0.00012375 0.0001608 0.00016345 0.0001609 0.0001224 0.00018095 0.0001681 0.00015845 0.00014795 0.00011855 0.00012375 0.00011805 0.00013465 0.0001147 0.0001589 0.00011775 0.00014755 0.00012955 0.0001724 0.0001461 0.0001177 0.00013665 0.00012435 0.0001658 0.0001454 0.00017105 0.0001531 0.000177 0.0001285 0.00011775 0.00015485 0.0001259 0.0001505 0.0001822 0.0001411 8.905e-05 0.00010565 0.00015115 0.0001135 0.00013745 0.00012235 8.1e-05 0.0001349 0.00013335 0.0001748 0.0001495 0.0001554 0.00012595 0.0001676 0.0001822 0.00010275 0.00016955 0.0001067 0.0001335
56 0.00013495 0.00014375 0.0001411 0.00014735 0.00017355 0.000179 0.0001672 0.0001412 0.0001511 0.0001585 0.00015745 0.000155 0.0001628 0.00014735 0.0001546 0.0001632 0.00012045 0.0001718 0.0001428 0.0001495 0.00013475 0.0001579 0.00013885 0.00014615 0.00014565 0.00016385 0.0001721 0.0001349 0.00015915 0.0001666 0.00016515 0.00015425 0.0001428 0.00013855 0.0001409 0.00015485 0.0001487 0.00014605 0.0001512 0.00011925 0.00012225 0.0001597 0.00016735 0.00014115 0.00012905 0.00016095 0.0001586 0.0001597 0.00016825 0.00017765 0.00014095 0.0001427 0.0001487 0.00010995 0.00015455 0.0001335 0.0001917
