 slim_762001815 slim_762002189 slim_762001802 slim_762001876 slim_762002224 slim_762002193 slim_762001866 slim_762002246 slim_762002017 slim_762002094 slim_762002148 slim_762002250 slim_762002079 slim_762002196 slim_762002011 slim_762002127 slim_762001884 slim_762001887 slim_762001859 slim_762001790 slim_762002203 slim_762001963 slim_762001993 slim_762002085 slim_762002249 slim_762002125 slim_762001787 slim_762001855 slim_762001788 slim_762002244 slim_762001863 slim_762002214 slim_762002012 slim_762001965 slim_762001960 slim_762001823 slim_762001825 slim_762001831 slim_762001793 slim_762001925 slim_762001844 slim_762002183 slim_762001923 slim_762001811 slim_762002220 slim_762001846 slim_762001908 slim_762001782 slim_762002145 slim_762001898 slim_762002030 slim_762002098 slim_762001896 slim_762002047 slim_762002153 slim_762001920 slim_762001792 slim_762002195 slim_762001905 slim_762002151 slim_762001779 slim_762002163 slim_762001975 slim_762002202 slim_762002201 slim_762002092 slim_762002077 slim_762002134 slim_762001858 slim_762001820 slim_762002051 slim_762002061 slim_762002066 slim_762002059 slim_762002088 slim_762001897 slim_762002161 slim_762002252 slim_762002014 slim_762001828 slim_762002045 slim_762001899 slim_762002154 slim_762002256 slim_762002023 slim_762001818 slim_762001833 slim_762002126 slim_762002056 slim_762002084 slim_762002194 slim_762002070 slim_762002124 slim_762002005 slim_762002111 slim_762002175 slim_762001976 slim_762001854 slim_762001827 slim_762002040
0 0.000177 0.0001882 0.00019055 0.0001846 0.00016835 0.0001728 0.0001813 0.000188 0.00017865 0.00017815 0.0001761 0.0001782 0.00018045 0.0001623 0.00018195 0.0001803 0.0001769 0.0001741 0.00016095 0.0001771 0.0001766 0.0001935 0.0001822 0.0001848 0.00018765 0.0001819 0.0001881 0.00018675 0.0001711 0.00018365 0.0001841 0.0001836 0.0001717 0.0001934 0.0001855 0.00017265 0.00016485 0.00018585 0.00018105 0.000181 0.0001872 0.00018135 0.00018615 0.00016675 0.0001831 0.00017815 0.00018095 0.0001794 0.00018395 0.00018085 0.0001814 0.00017785 0.0001758 0.00018905 0.00015575 0.00017775 0.00018075 0.0001623 0.00017885 0.0001787 0.0001714 0.00017725 0.00017895 0.0001836 0.00018415 0.00015945 0.00017955 0.0001851 0.00018495 0.00017025 0.00017465 0.00016535 0.00016815 0.00017535 0.00017655 0.00018385 0.0001801 0.00018725 0.00017565 0.00018195 0.0001828 0.0001688 0.00016455 0.0001757 0.00018 0.0001774 0.0001813 0.00017785 0.000176 0.0001678 0.00017905 0.00017925 0.0001768 0.0001768 0.00018 0.00018435 0.0001852 0.0001847 0.00018055 0.0001661
1 0.0001882 0.0001727 0.00016695 0.00016995 0.000184 0.00018215 0.00018695 0.00017015 0.00017315 0.00016105 0.0001787 0.00017775 0.0001772 0.0001787 0.0001711 0.0001684 0.0001795 0.0001749 0.00017755 0.0001765 0.0001807 0.0001805 0.00018065 0.0001713 0.0001741 0.00016815 0.00017425 0.00017925 0.000169 0.00017675 0.00017505 0.0001639 0.00016965 0.0001346 0.00013415 0.00019405 0.00018725 0.0001604 0.00017245 0.0001745 0.00017615 0.0001764 0.0001817 0.0001856 0.0001664 0.00017355 0.0001747 0.00017315 0.00018285 0.00016925 0.0001762 0.00017605 0.00017345 0.00017525 0.0001828 0.0001762 0.0001743 0.0001835 0.00017545 0.0001654 0.000177 0.0001696 0.00017025 0.00017675 0.0001721 0.00017275 0.00018085 0.00018415 0.00017615 0.00019265 0.0001783 0.0001823 0.0001784 0.00017295 0.00016905 0.000165 0.00017545 0.0001695 0.0001821 0.0001317 0.00016005 0.0001912 0.0001808 0.0001679 0.000166 0.00017 0.00017955 0.0001657 0.00018525 0.00018095 0.000184 0.0001764 0.00017455 0.0001825 0.00018055 0.00017435 0.00017205 0.00016595 0.00017565 0.0001794
2 0.00019055 0.00016695 0.00019 0.0001737 0.00018245 0.0001768 0.00018575 0.000167 0.00017905 0.00017585 0.000189 0.0001854 0.00014255 0.0001758 0.00016185 0.00017865 0.0001797 0.00017985 0.0001832 0.00017125 0.0001875 0.0001845 0.000166 0.00017615 0.00016865 0.00018025 0.00014225 0.0001701 0.0001706 0.0001848 0.0001812 0.00016565 0.0001799 0.000178 0.00018535 0.0001814 0.00018085 0.00015175 0.00017885 0.00018395 0.0001744 0.0001702 0.00018825 0.00017445 0.00018105 0.0001766 0.0001736 0.00018155 0.0001782 0.0001755 0.0001371 0.00017315 0.00015955 0.0001768 0.00019245 0.00016125 0.0001933 0.0001809 0.0001774 0.0001666 0.0001758 0.0001652 0.00017195 0.0001848 0.0001792 0.0001894 0.0001751 0.0001462 0.00017635 0.00018285 0.00017085 0.00018425 0.0001852 0.00016875 0.0001712 0.0001739 0.00017375 0.00016755 0.00017375 0.0001818 0.0001818 0.0001763 0.0001812 0.0001745 0.0001733 0.0001707 0.0001825 0.00017595 0.00018 0.0001822 0.0001892 0.00017365 0.00018995 0.0001861 0.00018355 0.0001844 0.0001511 0.00017595 0.0001824 0.0001749
3 0.0001846 0.00016995 0.0001737 0.0001505 0.00017945 0.0001727 0.0001801 0.0001728 0.00017335 0.0001711 0.00018295 0.000181 0.0001702 0.0001717 0.00017715 0.00017365 0.00016675 0.0001591 0.00017365 0.0001746 0.0001742 0.0001797 0.00017195 0.00017535 0.00017335 0.0001732 0.000169 0.000178 0.00018265 0.0001809 0.00016545 0.0001739 0.00017405 0.00018085 0.00018115 0.00017435 0.0001789 0.00017825 0.0001847 0.0001754 0.0001741 0.0001841 0.000174 0.0001817 0.0001746 0.00016055 0.0001716 0.0001716 0.0001731 0.00017335 0.00017095 0.0001777 0.0001655 0.0001685 0.00017625 0.0001638 0.0001785 0.00016455 0.00017935 0.0001803 0.00017825 0.00017535 0.0001582 0.0001755 0.00016835 0.000172 0.0001635 0.0001749 0.00016265 0.00016585 0.000176 0.0001782 0.00018105 0.00016225 0.00018455 0.0001894 0.00016965 0.0001506 0.0001752 0.00017505 0.00016585 0.0001793 0.00017725 0.00017375 0.0001744 0.00017405 0.00017725 0.00017275 0.00016125 0.0001729 0.00017305 0.00018235 0.00017985 0.000164 0.0001611 0.0001594 0.0001788 0.00016245 0.0001588 0.0001703
4 0.00016835 0.000184 0.00018245 0.00017945 0.0001622 0.0001812 0.00017735 0.0001747 0.0001759 0.00018205 0.00017835 0.0001641 0.0001714 0.00017295 0.00015715 0.00016675 0.00017735 0.000177 0.0001721 0.00017485 0.0001809 0.000175 0.0001913 0.0001786 0.0001833 0.00017365 0.00017915 0.00019435 0.0001633 0.00016645 0.00017575 0.0001656 0.0001742 0.00018555 0.00017715 0.00017375 0.0001693 0.00017795 0.0001785 0.00017885 0.0001806 0.00017705 0.00018145 0.00016685 0.00018345 0.0001723 0.0001695 0.0001548 0.0001732 0.00018745 0.00017715 0.00018145 0.00018855 0.0001734 0.00016635 0.00017465 0.0001845 0.00017145 0.00017735 0.00017585 0.0001737 0.0001741 0.0001648 0.00017785 0.0001674 0.0001653 0.00017325 0.0001798 0.000175 0.00017655 0.0001644 0.00015645 0.00017055 0.00016395 0.000176 0.0001866 0.0001685 0.00017815 0.0001797 0.00018305 0.0001836 0.00017305 0.00017255 0.0001687 0.0001767 0.00017775 0.00016675 0.0001764 0.00015705 0.00017315 0.00015925 0.00017255 0.00017035 0.00016585 0.00017 0.0001814 0.0001651 0.00017285 0.00018115 0.00017215
5 0.0001728 0.00018215 0.0001768 0.0001727 0.0001812 0.0001757 0.0001746 0.00017875 0.00018595 0.0001784 0.00016565 0.00018615 0.00018485 0.0001408 0.0001769 0.000174 0.0001701 0.0001669 0.00018065 0.00017525 0.00018445 0.0001872 0.00017305 0.0001845 0.0001766 0.0001624 0.0001568 0.000176 0.0001817 0.00018145 0.0001701 0.000172 0.00017315 0.00018805 0.00019245 0.0001721 0.0001698 0.00016725 0.00017445 0.0001761 0.00018495 0.00018015 0.00018015 0.00017945 0.00017665 0.00018295 0.0001817 0.000185 0.00017 0.0001715 0.000186 0.0001823 0.000175 0.00018515 0.0001764 0.0001771 0.00017835 0.0001688 0.000178 0.00018065 0.0001745 0.0001723 0.00017695 0.0001869 0.0001775 0.00019175 0.00016595 0.000172 0.0001689 0.00016955 0.00017205 0.00018505 0.0001805 0.00017945 0.00018615 0.0001809 0.00017885 0.00016865 0.0001905 0.00018445 0.00018105 0.00016275 0.0001733 0.00017615 0.0001859 0.0001829 0.00018435 0.0001656 0.0001838 0.00016595 0.00017585 0.00018 0.00017015 0.00018165 0.00017915 0.00018235 0.00018055 0.00017715 0.00017685 0.000173
6 0.0001813 0.00018695 0.00018575 0.0001801 0.00017735 0.0001746 0.0001636 0.00016385 0.0001838 0.000185 0.00016915 0.00018055 0.0001779 0.00018015 0.0001732 0.0001728 0.0001779 0.0001661 0.0001734 0.00017245 0.00017965 0.00018405 0.00017915 0.000169 0.00017755 0.00017545 0.0001738 0.0001595 0.00017735 0.00016285 0.0001799 0.0001738 0.00017985 0.00018425 0.00018905 0.00017335 0.0001734 0.00016395 0.0001793 0.0001739 0.00018315 0.00017035 0.00018665 0.0001722 0.00017165 0.0001758 0.00016005 0.00017085 0.00016345 0.0001792 0.0001777 0.00018285 0.0001747 0.00018735 0.0001729 0.0001858 0.00018395 0.00017485 0.0001838 0.0001666 0.0001729 0.00017505 0.00016075 0.00017445 0.0001607 0.000188 0.00017105 0.00016685 0.0001682 0.0001711 0.0001722 0.00018235 0.000182 0.0001693 0.0001795 0.000165 0.00017405 0.0001769 0.00019055 0.0001886 0.00018555 0.0001783 0.0001724 0.00016075 0.0001782 0.0001747 0.00017725 0.00017135 0.00017405 0.0001746 0.0001165 0.00012825 0.0001736 0.00018055 0.00017605 0.00017645 0.00017625 0.00016995 0.00017955 0.0001668
7 0.000188 0.00017015 0.000167 0.0001728 0.0001747 0.00017875 0.00016385 0.0001679 0.0001793 0.00017555 0.0001708 0.0001751 0.0001744 0.00017705 0.0001622 0.0001725 0.00017245 0.00017645 0.00016625 0.0001775 0.00017255 0.00017425 0.0001786 0.0001652 0.0001739 0.0001788 0.0001564 0.0001857 0.0001774 0.0001745 0.00016795 0.0001663 0.00017365 0.00016965 0.0001762 0.0001747 0.00017 0.00016145 0.00017055 0.0001628 0.0001794 0.0001771 0.00017275 0.0001701 0.0001735 0.0001678 0.00012455 0.0001748 0.0001753 0.00017505 0.00018315 0.00017755 0.0001804 0.0001574 0.00018205 0.0001748 0.0001642 0.0001656 0.00017295 0.0001814 0.00016255 0.00016065 0.00016855 0.0001737 0.0001772 0.00017995 0.0001713 0.0001822 0.00017275 0.0001801 0.00017315 0.0001794 0.0001835 0.00017515 0.0001716 0.00017105 0.00017105 0.0001652 0.00017755 0.00017485 0.00017465 0.0001751 0.0001839 0.00016075 0.00016475 0.0001819 0.0001737 0.00016425 0.000171 0.0001733 0.00015835 0.0001584 0.00018095 0.00017865 0.0001834 0.00018075 0.00016635 0.00018405 0.0001864 0.0001676
8 0.00017865 0.00017315 0.00017905 0.00017335 0.0001759 0.00018595 0.0001838 0.0001793 0.0001865 0.00013055 0.000184 0.0001774 0.0001679 0.00017405 0.00016525 0.00018595 0.0001768 0.0001755 0.0001758 0.0001826 0.00019015 0.0001797 0.0001775 0.0001814 0.0001663 0.00017595 0.00018355 0.0001845 0.0001685 0.00017875 0.0001794 0.0001766 0.0001641 0.0001776 0.00016825 0.0001851 0.00017295 0.00018425 0.00017485 0.0001776 0.00018645 0.00017855 0.000184 0.00017515 0.00017235 0.0001264 0.00018215 0.00017025 0.00018055 0.00018575 0.00017805 0.0001689 0.00018225 0.000177 0.00016505 0.00017375 0.00018705 0.00018665 0.00017045 0.00017465 0.0001773 0.0001713 0.0001668 0.0001819 0.00017735 0.00016085 0.0001641 0.00017595 0.0001807 0.000185 0.0001719 0.0001698 0.00016865 0.0001656 0.0001773 0.0001798 0.00015045 0.0001737 0.0001775 0.00017125 0.0001761 0.00018705 0.0001793 0.0001759 0.00017725 0.000171 0.0001738 0.00018815 0.00016145 0.0001645 0.00017765 0.0001792 0.00018255 0.0001692 0.0001681 0.00017495 0.00017635 0.000173 0.0001707 0.00018035
9 0.00017815 0.00016105 0.00017585 0.0001711 0.00018205 0.0001784 0.000185 0.00017555 0.00013055 0.0001749 0.00018185 0.00017465 0.0001697 0.00017275 0.00016585 0.0001799 0.00017495 0.000176 0.00018085 0.0001787 0.0001873 0.0001792 0.00018155 0.00018595 0.00017095 0.00018155 0.0001883 0.0001814 0.00014635 0.0001782 0.0001777 0.0001699 0.0001267 0.00017615 0.000166 0.00017745 0.0001686 0.00018725 0.0001381 0.0001808 0.00019075 0.00017345 0.0001811 0.0001795 0.00017335 0.0001388 0.00018135 0.00017905 0.0001849 0.00017955 0.0001763 0.00016725 0.0001778 0.0001755 0.000182 0.0001801 0.00018245 0.00016855 0.0001717 0.0001647 0.0001787 0.0001747 0.0001645 0.00017065 0.00017635 0.00017455 0.00016825 0.00017855 0.00017825 0.0001716 0.00016865 0.00017305 0.0001565 0.00017195 0.00017875 0.0001777 0.0001737 0.0001704 0.0001802 0.0001663 0.00016565 0.00017565 0.00017935 0.00017495 0.0001738 0.0001777 0.0001673 0.00018425 0.0001741 0.0001615 0.0001793 0.0001811 0.0001851 0.00016995 0.0001746 0.00017625 0.0001703 0.0001707 0.000165 0.0001751
10 0.0001761 0.0001787 0.000189 0.00018295 0.00017835 0.00016565 0.00016915 0.0001708 0.000184 0.00018185 0.0001841 0.00017915 0.00017685 0.0001743 0.00017935 0.00017125 0.0001738 0.0001663 0.0001807 0.00018005 0.0001707 0.0001777 0.0001824 0.00017575 0.00017605 0.0001742 0.00018645 0.0001803 0.0001812 0.00017575 0.00017335 0.0001705 0.00017595 0.00018515 0.0001865 0.00017895 0.00017235 0.0001797 0.00017305 0.00013695 0.0001808 0.00019065 0.00013515 0.00017265 0.0001774 0.0001779 0.00016805 0.00017705 0.00017385 0.000171 0.0001811 0.0001821 0.0001872 0.00017825 0.0001702 0.00017725 0.00014365 0.00018065 0.00018415 0.00018085 0.00013655 0.00017625 0.00017605 0.0001837 0.0001689 0.0001904 0.0001723 0.0001788 0.0001699 0.00018355 0.00017545 0.0001772 0.00017175 0.00018225 0.00017925 0.0001686 0.0001827 0.000171 0.00018145 0.00017985 0.0001733 0.0001759 0.00017075 0.00015935 0.0001804 0.0001887 0.000183 0.00016105 0.00017865 0.00017435 0.0001682 0.0001701 0.00016895 0.00016525 0.0001731 0.00018405 0.0001763 0.000175 0.00017445 0.0001617
11 0.0001782 0.00017775 0.0001854 0.000181 0.0001641 0.00018615 0.00018055 0.0001751 0.0001774 0.00017465 0.00017915 0.0001838 0.00017335 0.00017865 0.00017245 0.0001707 0.0001777 0.00017105 0.00016975 0.0001595 0.0001662 0.00016475 0.00018775 0.00017735 0.000186 0.0001688 0.00018515 0.00018525 0.00017635 0.00017545 0.0001623 0.00016995 0.00017285 0.00017885 0.00017135 0.00017035 0.00016215 0.00018185 0.0001686 0.0001815 0.00018665 0.0001808 0.0001841 0.00016625 0.00017805 0.0001731 0.0001689 0.000169 0.000173 0.00017815 0.0001805 0.0001852 0.00018135 0.00016685 0.00017515 0.0001753 0.00017475 0.00016735 0.0001329 0.0001806 0.00017825 0.00017825 0.0001756 0.0001724 0.0001753 0.0001627 0.00017535 0.00018125 0.00017055 0.0001688 0.00017675 0.00017105 0.0001727 0.00017205 0.0001785 0.0001776 0.00018155 0.00017225 0.0001957 0.00018365 0.0001727 0.0001707 0.00018295 0.0001752 0.0001698 0.00017355 0.0001557 0.0001666 0.0001783 0.00017025 0.00017195 0.00017225 0.0001714 0.00017135 0.0001715 0.00018415 0.0001687 0.00017165 0.00017935 0.0001569
12 0.00018045 0.0001772 0.00014255 0.0001702 0.0001714 0.00018485 0.0001779 0.0001744 0.0001679 0.0001697 0.00017685 0.00017335 0.0001826 0.0001556 0.0001527 0.00016885 0.0001764 0.0001765 0.0001756 0.00017375 0.0001722 0.000175 0.0001694 0.00017905 0.0001716 0.0001822 0.000181 0.0001707 0.00016685 0.0001746 0.0001726 0.00016845 0.00013285 0.0001788 0.0001825 0.00018215 0.0001352 0.0001822 0.00016095 0.00018535 0.00018145 0.0001772 0.00018565 0.0001425 0.0001735 0.0001739 0.0001747 0.0001734 0.00016925 0.00017675 0.00012935 0.0001768 0.00016575 0.000172 0.00018505 0.00016395 0.00019 0.0001736 0.00017645 0.0001646 0.0001833 0.0001804 0.0001695 0.0001844 0.00016665 0.00018225 0.00017565 0.00012975 0.0001724 0.00018085 0.0001754 0.00016655 0.00017435 0.00017385 0.0001738 0.0001739 0.00018175 0.00015115 0.0001758 0.0001856 0.0001802 0.00018365 0.0001886 0.00017 0.0001717 0.0001729 0.0001811 0.0001679 0.00016905 0.00013555 0.000175 0.0001791 0.0001844 0.00016705 0.00017685 0.00017945 0.00014875 0.0001739 0.00017855 0.0001687
13 0.0001623 0.0001787 0.0001758 0.0001717 0.00017295 0.0001408 0.00018015 0.00017705 0.00017405 0.00017275 0.0001743 0.00017865 0.0001556 0.0001718 0.0001663 0.000177 0.00016815 0.00017585 0.00016695 0.0001745 0.00016805 0.0001896 0.000163 0.0001796 0.0001763 0.0001721 0.00017885 0.00017575 0.0001746 0.00017575 0.00017375 0.000181 0.0001536 0.0001815 0.00018645 0.0001698 0.00015895 0.0001824 0.00016915 0.00018145 0.0001841 0.000171 0.00017925 0.00017465 0.0001731 0.00017935 0.00017945 0.00017085 0.00016985 0.00016855 0.00016955 0.00017105 0.00016575 0.00018175 0.00017835 0.00017705 0.0001801 0.0001771 0.00017575 0.0001668 0.000176 0.0001742 0.0001715 0.00018835 0.0001653 0.0001733 0.0001741 0.00017155 0.00017735 0.0001787 0.0001708 0.00016885 0.00017275 0.0001674 0.00017745 0.000175 0.00017665 0.00016445 0.0001789 0.0001828 0.0001744 0.00017495 0.00017905 0.0001635 0.0001736 0.0001737 0.00018435 0.00017715 0.0001723 0.0001511 0.00017925 0.00018485 0.00017715 0.0001745 0.0001721 0.0001848 0.0001748 0.0001646 0.00017255 0.0001732
14 0.00018195 0.0001711 0.00016185 0.00017715 0.00015715 0.0001769 0.0001732 0.0001622 0.00016525 0.00016585 0.00017935 0.00017245 0.0001527 0.0001663 0.0001489 0.00017715 0.0001733 0.00017725 0.00017425 0.00017885 0.0001796 0.00017205 0.00017455 0.0001774 0.0001747 0.00018205 0.00018285 0.0001777 0.00015025 0.00017615 0.00017885 0.00017235 0.0001694 0.0001827 0.0001705 0.00018635 0.00017895 0.00018135 0.0001772 0.0001728 0.0001831 0.0001736 0.0001816 0.00018295 0.00016745 0.00016635 0.0001629 0.0001445 0.00017605 0.00017545 0.00015695 0.0001794 0.0001678 0.0001785 0.00017495 0.00017835 0.00018375 0.0001854 0.000171 0.0001678 0.0001735 0.000144 0.00012785 0.0001832 0.00017425 0.00017225 0.0001773 0.00016195 0.00017095 0.0001852 0.00016515 0.00017305 0.0001764 0.00017685 0.0001744 0.0001743 0.00017425 0.00017385 0.00018035 0.00017905 0.00017105 0.00018725 0.00018275 0.00016735 0.00017585 0.00017265 0.0001737 0.0001783 0.00016785 0.00016965 0.0001644 0.0001733 0.0001873 0.00017775 0.0001712 0.0001713 0.00015395 0.00017135 0.00017365 0.00018105
15 0.0001803 0.0001684 0.00017865 0.00017365 0.00016675 0.000174 0.0001728 0.0001725 0.00018595 0.0001799 0.00017125 0.0001707 0.00016885 0.000177 0.00017715 0.0001767 0.00018525 0.00018685 0.0001866 0.00017495 0.0001797 0.0001727 0.0001863 0.00017665 0.0001829 0.0001812 0.0001883 0.00018665 0.00018155 0.00015545 0.00017075 0.00016695 0.0001697 0.00017975 0.00017385 0.00018465 0.0001735 0.0001762 0.00017085 0.0001727 0.00018845 0.00017725 0.00017745 0.00017235 0.0001771 0.00017685 0.00013955 0.00017855 0.00017405 0.0001741 0.00017945 0.00017775 0.0001882 0.00017275 0.0001758 0.00018015 0.00016975 0.0001703 0.00017555 0.00018105 0.0001731 0.00018605 0.0001761 0.00016755 0.0001786 0.0001802 0.00017945 0.0001777 0.00018235 0.00017615 0.0001803 0.0001711 0.00017975 0.00017005 0.00017935 0.0001744 0.00017975 0.00016845 0.00019105 0.0001764 0.00016725 0.000183 0.00018575 0.00017085 0.0001746 0.0001845 0.00017485 0.00013 0.0001826 0.00016695 0.00017235 0.00017325 0.0001716 0.0001727 0.0001856 0.00017905 0.00017145 0.00017505 0.00018185 0.00017615
16 0.0001769 0.0001795 0.0001797 0.00016675 0.00017735 0.0001701 0.0001779 0.00017245 0.0001768 0.00017495 0.0001738 0.0001777 0.0001764 0.00016815 0.0001733 0.00018525 0.0001841 0.000164 0.0001684 0.0001613 0.00018185 0.00018975 0.0001717 0.0001776 0.0001688 0.00016165 0.00016785 0.00017945 0.0001823 0.0001741 0.00016375 0.00016865 0.0001701 0.0001796 0.0001893 0.00016785 0.0001674 0.0001745 0.00017465 0.0001747 0.0001662 0.0001621 0.0001785 0.00017635 0.0001637 0.0001722 0.0001752 0.000174 0.000168 0.00016735 0.00018495 0.0001738 0.00016835 0.0001731 0.00017715 0.00016415 0.00017595 0.0001575 0.00017745 0.0001586 0.00016335 0.0001692 0.0001665 0.0001855 0.00016805 0.00017855 0.0001617 0.0001816 0.00016335 0.0001697 0.00017225 0.00017925 0.00018195 0.0001696 0.0001596 0.0001806 0.0001789 0.00016945 0.000165 0.0001836 0.00016555 0.0001768 0.0001777 0.00016645 0.000158 0.0001665 0.0001764 0.0001776 0.0001737 0.0001589 0.00017845 0.00017765 0.00017245 0.00017165 0.00015245 0.00017115 0.00017285 0.0001599 0.0001626 0.000168
17 0.0001741 0.0001749 0.00017985 0.0001591 0.000177 0.0001669 0.0001661 0.00017645 0.0001755 0.000176 0.0001663 0.00017105 0.0001765 0.00017585 0.00017725 0.00018685 0.000164 0.0001561 0.00016185 0.0001691 0.0001786 0.0001817 0.0001786 0.0001749 0.00018195 0.0001257 0.00016395 0.000186 0.00017265 0.0001696 0.00015355 0.00016675 0.0001748 0.00018015 0.0001822 0.0001676 0.0001643 0.00016755 0.00018005 0.000174 0.00016045 0.0001842 0.0001803 0.0001704 0.0001755 0.00016495 0.00017365 0.0001711 0.00015445 0.000172 0.00018145 0.00018305 0.00018065 0.0001783 0.00017375 0.0001768 0.0001852 0.0001744 0.00017455 0.00017215 0.00017285 0.00017075 0.0001761 0.00017935 0.0001622 0.000176 0.0001364 0.00018185 0.0001647 0.00016795 0.00015865 0.00017335 0.00016685 0.0001708 0.00018485 0.00017865 0.0001772 0.00017 0.0001763 0.00017105 0.0001802 0.00017225 0.00017135 0.00017 0.000175 0.00017265 0.0001689 0.0001705 0.00017305 0.0001622 0.00016895 0.00016655 0.00017225 0.0001684 0.0001722 0.0001723 0.0001702 0.00016495 0.00016345 0.0001217
18 0.00016095 0.00017755 0.0001832 0.00017365 0.0001721 0.00018065 0.0001734 0.00016625 0.0001758 0.00018085 0.0001807 0.00016975 0.0001756 0.00016695 0.00017425 0.0001866 0.0001684 0.00016185 0.000169 0.00016085 0.00017775 0.0001792 0.0001752 0.0001727 0.0001807 0.000168 0.00017055 0.0001835 0.0001739 0.0001864 0.00016465 0.00017555 0.00017215 0.0001741 0.00017245 0.000165 0.0001626 0.00017355 0.00017325 0.00018125 0.00016385 0.0001753 0.00018365 0.00017255 0.00017845 0.00017665 0.00016375 0.0001795 0.00018195 0.0001783 0.0001875 0.0001752 0.0001771 0.000151 0.00016895 0.00017535 0.0001801 0.00017195 0.00017245 0.0001688 0.0001747 0.00017495 0.00017785 0.00017445 0.0001707 0.0001326 0.00016445 0.0001885 0.0001716 0.0001702 0.00016995 0.00017995 0.0001804 0.00017695 0.0001786 0.00017615 0.00017285 0.0001766 0.0001781 0.0001743 0.0001762 0.00016825 0.000181 0.0001651 0.00015775 0.00016845 0.0001743 0.00017385 0.00017365 0.00016695 0.00016255 0.0001634 0.0001764 0.00017575 0.00017805 0.00018025 0.00017405 0.00017575 0.00017595 0.000158
19 0.0001771 0.0001765 0.00017125 0.0001746 0.00017485 0.00017525 0.00017245 0.0001775 0.0001826 0.0001787 0.00018005 0.0001595 0.00017375 0.0001745 0.00017885 0.00017495 0.0001613 0.0001691 0.00016085 0.0001395 0.00017855 0.00018075 0.00017795 0.0001739 0.00017195 0.00016165 0.00017905 0.00018375 0.00017415 0.00018295 0.000163 0.00017345 0.00017505 0.00017195 0.00017465 0.000155 0.00015055 0.00018375 0.00016675 0.0001883 0.0001716 0.0001416 0.0001772 0.000156 0.0001835 0.0001749 0.00017655 0.00018015 0.00017225 0.00018145 0.00017895 0.0001804 0.00016455 0.0001661 0.0001665 0.0001828 0.00017435 0.00014245 0.0001617 0.0001374 0.00017985 0.0001814 0.00016915 0.00016855 0.0001789 0.00016835 0.00016975 0.000167 0.00015915 0.0001516 0.00017115 0.00017945 0.00017735 0.00016695 0.00014495 0.0001826 0.00017855 0.0001764 0.0001823 0.00017685 0.00016645 0.00014615 0.0001664 0.0001737 0.0001322 0.00012075 0.00016665 0.0001706 0.000176 0.0001712 0.0001767 0.00016995 0.0001587 0.0001706 0.0001773 0.00018875 0.00016605 0.0001691 0.0001735 0.00012755
20 0.0001766 0.0001807 0.0001875 0.0001742 0.0001809 0.00018445 0.00017965 0.00017255 0.00019015 0.0001873 0.0001707 0.0001662 0.0001722 0.00016805 0.0001796 0.0001797 0.00018185 0.0001786 0.00017775 0.00017855 0.0001844 0.0001563 0.00018025 0.00017805 0.0001865 0.00018235 0.00019045 0.0001729 0.0001784 0.0001806 0.00016505 0.00017975 0.00017545 0.0001716 0.00018065 0.000179 0.0001715 0.00018895 0.0001776 0.00017915 0.00019105 0.0001856 0.00017605 0.00016935 0.00017565 0.00017835 0.00017315 0.0001783 0.0001784 0.00017865 0.0001634 0.00019315 0.00017695 0.00016875 0.00017375 0.00017885 0.00017305 0.000175 0.000182 0.00019005 0.00017635 0.00018785 0.0001841 0.00018045 0.0001788 0.0001664 0.0001776 0.00018285 0.00017165 0.0001843 0.00018425 0.0001768 0.00016495 0.0001859 0.00018455 0.0001772 0.0001895 0.0001751 0.00018265 0.0001831 0.0001804 0.000186 0.0001771 0.0001774 0.0001731 0.00018825 0.0001758 0.00017345 0.0001782 0.0001728 0.00017645 0.000179 0.0001773 0.00017235 0.0001782 0.00019015 0.00018575 0.00017695 0.0001795 0.0001737
21 0.0001935 0.0001805 0.0001845 0.0001797 0.000175 0.0001872 0.00018405 0.00017425 0.0001797 0.0001792 0.0001777 0.00016475 0.000175 0.0001896 0.00017205 0.0001727 0.00018975 0.0001817 0.0001792 0.00018075 0.0001563 0.0001584 0.00017975 0.000156 0.00017705 0.0001771 0.00017565 0.000179 0.00018655 0.00017855 0.0001614 0.0001741 0.0001758 0.00017935 0.00013235 0.00018305 0.0001734 0.00018155 0.0001726 0.00017695 0.00018575 0.00019015 0.00018405 0.0001766 0.0001792 0.00017305 0.00017805 0.000176 0.00016985 0.000182 0.0001837 0.0001774 0.0001899 0.0001665 0.00017025 0.00017735 0.0001745 0.00017835 0.0001734 0.0001947 0.0001854 0.0001686 0.0001816 0.0001576 0.00017875 0.00017915 0.00016535 0.0001852 0.00017595 0.00018135 0.00018425 0.0001737 0.00017785 0.0001857 0.00019245 0.00017 0.0001753 0.00016815 0.00019615 0.00017795 0.0001773 0.0001817 0.0001731 0.00017415 0.0001839 0.00018925 0.0001614 0.00017235 0.00018425 0.0001719 0.00017415 0.00017795 0.00016995 0.0001644 0.00018615 0.0001853 0.0001814 0.00018655 0.00017895 0.0001803
22 0.0001822 0.00018065 0.000166 0.00017195 0.0001913 0.00017305 0.00017915 0.0001786 0.0001775 0.00018155 0.0001824 0.00018775 0.0001694 0.000163 0.00017455 0.0001863 0.0001717 0.0001786 0.0001752 0.00017795 0.00018025 0.00017975 0.0001946 0.00017035 0.000176 0.00017535 0.000135 0.0001567 0.00018615 0.0001802 0.00017205 0.0001748 0.00018275 0.00018495 0.0001859 0.00017885 0.00018255 0.00017235 0.0001835 0.00018185 0.0001754 0.0001791 0.00018585 0.0001773 0.00017895 0.00017645 0.0001839 0.0001749 0.00017055 0.0001756 0.0001682 0.0001812 0.0001553 0.0001766 0.0001813 0.00016995 0.00018365 0.00018075 0.00018435 0.0001798 0.00018225 0.00016965 0.0001775 0.00018415 0.0001731 0.0001804 0.0001744 0.0001741 0.00017575 0.0001872 0.0001769 0.0001845 0.0001828 0.00017455 0.0001834 0.0001768 0.0001756 0.00016215 0.00018465 0.0001795 0.00017695 0.00018725 0.00018045 0.0001665 0.00018095 0.0001807 0.00018525 0.00018225 0.0001786 0.0001762 0.0001836 0.0001838 0.0001811 0.0001727 0.00017755 0.0001836 0.00017365 0.00017425 0.00017 0.00017805
23 0.0001848 0.0001713 0.00017615 0.00017535 0.0001786 0.0001845 0.000169 0.0001652 0.0001814 0.00018595 0.00017575 0.00017735 0.00017905 0.0001796 0.0001774 0.00017665 0.0001776 0.0001749 0.0001727 0.0001739 0.00017805 0.000156 0.00017035 0.0001816 0.0001729 0.0001644 0.0001664 0.00017725 0.00018905 0.00018005 0.00017515 0.0001716 0.0001882 0.000175 0.00016535 0.0001715 0.0001788 0.00016545 0.0001836 0.0001746 0.00017045 0.0001756 0.00018675 0.00017965 0.00017725 0.00017365 0.0001773 0.00017165 0.00017205 0.000181 0.0001795 0.00017225 0.00017425 0.00017905 0.0001835 0.000174 0.00017505 0.000172 0.0001769 0.00018595 0.00017765 0.0001668 0.0001784 0.00014335 0.00017355 0.0001824 0.00017365 0.00018215 0.0001689 0.00018 0.00018075 0.0001769 0.00018395 0.00017075 0.00017905 0.00017335 0.00017285 0.0001723 0.00019045 0.0001741 0.0001762 0.000179 0.00018045 0.0001593 0.0001789 0.0001702 0.0001739 0.0001775 0.00018365 0.00018425 0.0001707 0.0001681 0.00016795 0.0001801 0.00017995 0.0001798 0.00017915 0.0001709 0.00017865 0.0001721
24 0.00018765 0.0001741 0.00016865 0.00017335 0.0001833 0.0001766 0.00017755 0.0001739 0.0001663 0.00017095 0.00017605 0.000186 0.0001716 0.0001763 0.0001747 0.0001829 0.0001688 0.00018195 0.0001807 0.00017195 0.0001865 0.00017705 0.000176 0.0001729 0.000163 0.00016875 0.00017425 0.00017295 0.0001882 0.0001702 0.00017775 0.00017865 0.00018425 0.00016315 0.0001709 0.00018525 0.0001834 0.00017185 0.00018075 0.0001837 0.00017575 0.00017575 0.00018485 0.0001781 0.00017765 0.00016045 0.00018375 0.00017435 0.000183 0.0001729 0.000169 0.000178 0.00017115 0.0001709 0.000187 0.00016085 0.00018805 0.0001763 0.00018125 0.00018305 0.00018575 0.00017115 0.00016865 0.0001762 0.0001804 0.00017655 0.00016575 0.0001789 0.00016105 0.00018775 0.00017625 0.00018965 0.00019525 0.0001555 0.00017965 0.00017255 0.000167 0.0001693 0.0001794 0.00017945 0.00018175 0.00017795 0.0001842 0.0001745 0.00017815 0.00016745 0.00018 0.0001774 0.00017545 0.00018055 0.0001815 0.00017725 0.000175 0.00018215 0.0001657 0.0001788 0.00017845 0.0001754 0.0001791 0.0001842
25 0.0001819 0.00016815 0.00018025 0.0001732 0.00017365 0.0001624 0.00017545 0.0001788 0.00017595 0.00018155 0.0001742 0.0001688 0.0001822 0.0001721 0.00018205 0.0001812 0.00016165 0.0001257 0.000168 0.00016165 0.00018235 0.0001771 0.00017535 0.0001644 0.00016875 0.0001719 0.00015965 0.0001892 0.0001775 0.0001721 0.00015765 0.0001714 0.000179 0.0001705 0.0001706 0.00017135 0.00016645 0.0001658 0.0001719 0.00017345 0.00016455 0.00017805 0.0001855 0.0001704 0.0001772 0.0001737 0.00018565 0.0001793 0.00016105 0.0001747 0.0001884 0.00018215 0.00018235 0.00018015 0.0001716 0.000173 0.0001869 0.0001738 0.00016555 0.00017915 0.00017855 0.00017435 0.00018655 0.0001823 0.0001687 0.0001767 0.00014255 0.00018745 0.00016465 0.00017295 0.0001598 0.0001833 0.0001775 0.00017045 0.0001843 0.0001835 0.0001784 0.00016665 0.00018275 0.0001678 0.00018315 0.00016825 0.0001703 0.00017305 0.00017555 0.0001691 0.00017915 0.00017675 0.0001756 0.0001689 0.00017245 0.0001694 0.00012595 0.00017415 0.0001724 0.0001799 0.00017345 0.00016575 0.00016895 0.00016325
26 0.0001881 0.00017425 0.00014225 0.000169 0.00017915 0.0001568 0.0001738 0.0001564 0.00018355 0.0001883 0.00018645 0.00018515 0.000181 0.00017885 0.00018285 0.0001883 0.00016785 0.00016395 0.00017055 0.00017905 0.00019045 0.00017565 0.000135 0.0001664 0.00017425 0.00015965 0.0001244 0.00017975 0.0001825 0.00017485 0.00016095 0.00016505 0.0001854 0.0001827 0.0001851 0.00017115 0.00018125 0.00011815 0.00018515 0.00018175 0.000164 0.0001755 0.0001901 0.0001805 0.00018425 0.00017885 0.0001674 0.0001765 0.00015455 0.00018035 0.0001794 0.00017815 0.0001733 0.00016795 0.00018445 0.00016825 0.0001906 0.0001827 0.00017945 0.00017955 0.000181 0.00015245 0.00018035 0.0001883 0.0001714 0.0001902 0.00015525 0.00018735 0.00017485 0.0001798 0.0001701 0.0001885 0.00018665 0.0001676 0.0001817 0.0001711 0.0001643 0.0001637 0.0001822 0.0001791 0.00018035 0.0001804 0.00017295 0.00016195 0.00018065 0.0001782 0.0001835 0.00016935 0.000175 0.0001803 0.00017945 0.0001658 0.00017725 0.00017375 0.0001787 0.00018225 0.00017105 0.0001726 0.0001781 0.0001758
27 0.00018675 0.00017925 0.0001701 0.000178 0.00019435 0.000176 0.0001595 0.0001857 0.0001845 0.0001814 0.0001803 0.00018525 0.0001707 0.00017575 0.0001777 0.00018665 0.00017945 0.000186 0.0001835 0.00018375 0.0001729 0.000179 0.0001567 0.00017725 0.00017295 0.0001892 0.00017975 0.0001846 0.000188 0.00018525 0.00018865 0.0001753 0.00018265 0.0001785 0.00018495 0.0001836 0.0001865 0.00018095 0.0001887 0.00018875 0.00019005 0.00017585 0.00018735 0.00018035 0.00017875 0.0001801 0.0001827 0.00017075 0.00018605 0.00018465 0.00016125 0.0001901 0.0001396 0.0001856 0.00019005 0.0001747 0.0001888 0.0001819 0.0001932 0.0001853 0.0001841 0.0001773 0.0001677 0.00018425 0.0001694 0.00018105 0.00018995 0.0001675 0.00016955 0.00018955 0.00018345 0.0001832 0.0001907 0.00017685 0.00018245 0.00014535 0.0001757 0.00017615 0.000189 0.00018725 0.00018195 0.00018785 0.0001934 0.0001723 0.00018525 0.0001795 0.0001809 0.0001817 0.0001812 0.00018905 0.00017965 0.00018175 0.0001924 0.00018335 0.00017615 0.0001842 0.0001765 0.0001752 0.00018175 0.0001796
28 0.0001711 0.000169 0.0001706 0.00018265 0.0001633 0.0001817 0.00017735 0.0001774 0.0001685 0.00014635 0.0001812 0.00017635 0.00016685 0.0001746 0.00015025 0.00018155 0.0001823 0.00017265 0.0001739 0.00017415 0.0001784 0.00018655 0.00018615 0.00018905 0.0001882 0.0001775 0.0001825 0.000188 0.0001878 0.00017865 0.00017725 0.00017305 0.0001463 0.0001758 0.00017555 0.00018115 0.00017175 0.00017755 0.00014805 0.00017435 0.0001881 0.0001769 0.0001787 0.0001776 0.00017935 0.000173 0.0001767 0.0001697 0.00018415 0.0001843 0.00016785 0.0001823 0.0001744 0.0001718 0.0001777 0.0001818 0.0001854 0.0001896 0.0001752 0.00015515 0.0001701 0.00017725 0.00014755 0.00018615 0.00017325 0.0001791 0.00017425 0.0001793 0.00017805 0.0001779 0.0001653 0.0001766 0.00015575 0.0001791 0.0001795 0.0001864 0.0001736 0.00017475 0.0001765 0.00017155 0.00018345 0.0001776 0.0001702 0.00017355 0.0001689 0.0001772 0.00018185 0.0001828 0.0001712 0.00016505 0.0001677 0.0001764 0.0001826 0.0001698 0.00017565 0.00017805 0.000161 0.00017725 0.00017185 0.0001714
29 0.00018365 0.00017675 0.0001848 0.0001809 0.00016645 0.00018145 0.00016285 0.0001745 0.00017875 0.0001782 0.00017575 0.00017545 0.0001746 0.00017575 0.00017615 0.00015545 0.0001741 0.0001696 0.0001864 0.00018295 0.0001806 0.00017855 0.0001802 0.00018005 0.0001702 0.0001721 0.00017485 0.00018525 0.00017865 0.0001963 0.0001706 0.0001766 0.0001754 0.0001798 0.0001784 0.0001857 0.0001821 0.0001754 0.00017 0.0001779 0.00017735 0.0001786 0.00017975 0.00017815 0.00017715 0.0001739 0.00017635 0.0001683 0.00015555 0.0001771 0.00018045 0.00018445 0.00018315 0.00017995 0.00018335 0.00017515 0.00018905 0.00018885 0.0001783 0.00017575 0.00018195 0.00017775 0.0001762 0.0001815 0.00016195 0.00018345 0.00017 0.0001838 0.0001754 0.0001889 0.00017325 0.0001741 0.00017795 0.00015875 0.00018775 0.000185 0.00017645 0.00017125 0.00018085 0.00018545 0.0001845 0.0001848 0.0001882 0.0001696 0.00018065 0.0001862 0.0001768 0.0001804 0.00017535 0.00017355 0.0001744 0.00017455 0.00018155 0.00016945 0.0001644 0.0001845 0.00018255 0.0001533 0.0001742 0.0001752
30 0.0001841 0.00017505 0.0001812 0.00016545 0.00017575 0.0001701 0.0001799 0.00016795 0.0001794 0.0001777 0.00017335 0.0001623 0.0001726 0.00017375 0.00017885 0.00017075 0.00016375 0.00015355 0.00016465 0.000163 0.00016505 0.0001614 0.00017205 0.00017515 0.00017775 0.00015765 0.00016095 0.00018865 0.00017725 0.0001706 0.0001748 0.000172 0.00016865 0.0001659 0.00016595 0.0001676 0.0001583 0.00016715 0.00016365 0.0001752 0.0001665 0.0001805 0.0001786 0.00016385 0.0001724 0.0001742 0.0001675 0.0001803 0.0001306 0.00017825 0.00018495 0.0001856 0.00017735 0.0001311 0.0001675 0.00017085 0.00016885 0.0001694 0.0001664 0.000178 0.00016665 0.0001755 0.00018785 0.00017505 0.0001708 0.0001689 0.0001589 0.0001827 0.00016425 0.00016355 0.0001738 0.0001787 0.00017735 0.00016625 0.00017965 0.0001793 0.0001736 0.00016835 0.000182 0.00016485 0.00017895 0.0001732 0.0001727 0.0001655 0.00013395 0.00017555 0.0001781 0.0001641 0.00017785 0.00015635 0.00017655 0.00017455 0.00016665 0.0001732 0.0001751 0.00018625 0.0001712 0.0001662 0.0001641 0.0001563
31 0.0001836 0.0001639 0.00016565 0.0001739 0.0001656 0.000172 0.0001738 0.0001663 0.0001766 0.0001699 0.0001705 0.00016995 0.00016845 0.000181 0.00017235 0.00016695 0.00016865 0.00016675 0.00017555 0.00017345 0.00017975 0.0001741 0.0001748 0.0001716 0.00017865 0.0001714 0.00016505 0.0001753 0.00017305 0.0001766 0.000172 0.0001769 0.00016975 0.00017555 0.0001785 0.00017715 0.0001708 0.00015495 0.00017355 0.00016995 0.00017785 0.00017425 0.00017945 0.00017145 0.0001673 0.0001588 0.00016285 0.00016975 0.0001741 0.0001654 0.0001664 0.00017585 0.00017325 0.00017435 0.00017925 0.0001736 0.0001759 0.00017225 0.0001785 0.00017675 0.0001648 0.0001594 0.0001736 0.0001749 0.0001668 0.0001821 0.00016265 0.00017165 0.00016205 0.0001812 0.00016305 0.00017315 0.00017405 0.0001736 0.00017325 0.0001728 0.0001659 0.00016135 0.0001796 0.00017545 0.0001669 0.0001777 0.0001781 0.00015525 0.00017145 0.0001695 0.0001654 0.00015835 0.000167 0.00017075 0.00016615 0.00016585 0.0001745 0.00017915 0.0001754 0.00016215 0.0001615 0.0001703 0.00016945 0.00016725
32 0.0001717 0.00016965 0.0001799 0.00017405 0.0001742 0.00017315 0.00017985 0.00017365 0.0001641 0.0001267 0.00017595 0.00017285 0.00013285 0.0001536 0.0001694 0.0001697 0.0001701 0.0001748 0.00017215 0.00017505 0.00017545 0.0001758 0.00018275 0.0001882 0.00018425 0.000179 0.0001854 0.00018265 0.0001463 0.0001754 0.00016865 0.00016975 0.0001727 0.00018015 0.00017735 0.0001756 0.00012465 0.0001846 0.00012585 0.0001821 0.0001908 0.00017435 0.00018245 0.0001491 0.00017655 0.0001728 0.00018095 0.0001802 0.00017395 0.00017655 0.0001775 0.0001745 0.0001759 0.0001685 0.0001799 0.00017595 0.00018115 0.00016045 0.00017035 0.0001577 0.00017785 0.0001847 0.00016875 0.00017885 0.0001662 0.00018225 0.0001687 0.0001657 0.00017425 0.0001632 0.00017355 0.0001663 0.0001607 0.00017975 0.0001792 0.00017665 0.000182 0.0001519 0.0001835 0.0001772 0.00016805 0.00016875 0.0001804 0.00017105 0.00016935 0.00018095 0.000176 0.0001724 0.00017425 0.0001202 0.00017265 0.0001833 0.0001799 0.00016255 0.0001792 0.0001765 0.0001684 0.00017285 0.00017005 0.00017055
33 0.0001934 0.0001346 0.000178 0.00018085 0.00018555 0.00018805 0.00018425 0.00016965 0.0001776 0.00017615 0.00018515 0.00017885 0.0001788 0.0001815 0.0001827 0.00017975 0.0001796 0.00018015 0.0001741 0.00017195 0.0001716 0.00017935 0.00018495 0.000175 0.00016315 0.0001705 0.0001827 0.0001785 0.0001758 0.0001798 0.0001659 0.00017555 0.00018015 0.0001962 0.00014225 0.0001907 0.00018345 0.00017595 0.00017445 0.00018155 0.00018 0.00017595 0.00018805 0.0001765 0.0001723 0.0001754 0.0001802 0.00018415 0.0001839 0.00018 0.000179 0.000182 0.00017895 0.00016515 0.0001811 0.00016585 0.00018005 0.0001898 0.0001802 0.00017075 0.0001856 0.00018675 0.00018225 0.0001798 0.0001802 0.0001739 0.0001831 0.0001874 0.0001741 0.0001928 0.0001815 0.00018655 0.0001855 0.00017335 0.0001742 0.0001725 0.0001816 0.00017075 0.00018375 0.00013575 0.00018105 0.00019 0.00018275 0.000171 0.00015945 0.0001763 0.0001766 0.0001787 0.00017815 0.0001816 0.00018375 0.0001754 0.0001739 0.00018095 0.00018045 0.00018095 0.0001768 0.0001672 0.0001716 0.00017905
34 0.0001855 0.00013415 0.00018535 0.00018115 0.00017715 0.00019245 0.00018905 0.0001762 0.00016825 0.000166 0.0001865 0.00017135 0.0001825 0.00018645 0.0001705 0.00017385 0.0001893 0.0001822 0.00017245 0.00017465 0.00018065 0.00013235 0.0001859 0.00016535 0.0001709 0.0001706 0.0001851 0.00018495 0.00017555 0.0001784 0.00016595 0.0001785 0.00017735 0.00014225 0.0001928 0.0001896 0.00018185 0.00017825 0.0001756 0.0001815 0.0001847 0.0001814 0.0001908 0.00018535 0.0001754 0.00017185 0.0001841 0.0001764 0.00018175 0.00017955 0.00018545 0.00017775 0.00018245 0.00017005 0.0001722 0.0001806 0.00017765 0.0001868 0.0001713 0.00018075 0.00018825 0.00017505 0.00017965 0.0001617 0.000182 0.0001668 0.0001797 0.00019185 0.00018275 0.00018575 0.00018115 0.0001779 0.0001805 0.00017615 0.00018 0.0001733 0.0001783 0.0001805 0.00019165 0.00013835 0.00017485 0.00018755 0.0001763 0.0001745 0.00016965 0.0001779 0.00017475 0.0001789 0.00018635 0.000178 0.00018245 0.0001786 0.0001682 0.0001819 0.0001832 0.00018705 0.00017705 0.0001712 0.00017835 0.0001816
35 0.00017265 0.00019405 0.0001814 0.00017435 0.00017375 0.0001721 0.00017335 0.0001747 0.0001851 0.00017745 0.00017895 0.00017035 0.00018215 0.0001698 0.00018635 0.00018465 0.00016785 0.0001676 0.000165 0.000155 0.000179 0.00018305 0.00017885 0.0001715 0.00018525 0.00017135 0.00017115 0.0001836 0.00018115 0.0001857 0.0001676 0.00017715 0.0001756 0.0001907 0.0001896 0.0001823 0.0001326 0.00017415 0.0001733 0.00018755 0.00017305 0.0001714 0.00018655 0.00015805 0.0001848 0.0001771 0.00017175 0.0001862 0.00016945 0.00018035 0.00018795 0.00017335 0.0001684 0.00017435 0.000178 0.00017735 0.00017455 0.00013345 0.0001739 0.00017395 0.0001752 0.0001639 0.0001816 0.0001756 0.00018225 0.0001741 0.00016395 0.0001777 0.00016325 0.0001265 0.00017315 0.00018155 0.0001811 0.0001706 0.0001773 0.0001784 0.0001752 0.00018285 0.0001808 0.0001836 0.00017315 0.00013115 0.00017315 0.0001745 0.0001732 0.0001687 0.00016905 0.000174 0.00017775 0.00017435 0.0001756 0.00016925 0.00017465 0.0001821 0.0001732 0.0001882 0.00017625 0.0001688 0.00016765 0.0001535
