 slim_761935329 slim_761935331 slim_761935347 slim_761935341 slim_761935340 slim_761935358 slim_761935342 slim_761935364 slim_761935343 slim_761935333 slim_761935338 slim_761935320 slim_761935325 slim_761935348 slim_761935346 slim_761935317 slim_761935323 slim_761935360 slim_761935322 slim_761935335 slim_761935356 slim_761935361 slim_761935337 slim_761935362 slim_761935319 slim_761935345 slim_761935355 slim_761935353 slim_761935357 slim_761935336 slim_761935349 slim_761935363 slim_761935328 slim_761935350 slim_761935327 slim_761935339 slim_761935324 slim_761935351 slim_761935326 slim_761935344 slim_761935359 slim_761935330 slim_761935321 slim_761935318 slim_761935332 slim_761935352 slim_761935334 slim_761935354
0 0.0001902 0.0001679 0.0001767 0.0001668 0.0001789 0.00018565 0.00014255 0.00017425 9.615e-05 0.0001661 0.00017805 0.0001727 0.0001735 0.0001741 0.0001808 0.000184 0.0001778 0.00016575 0.0001839 0.00013495 0.00016775 0.0001727 0.0001821 0.00018135 0.00017685 0.000174 0.000173 0.0001768 0.000164 0.00018345 0.0001658 0.0001868 0.00018505 0.00018165 0.0001771 0.00017665 0.0001388 0.00017775 0.00018755 0.0001768 0.000175 0.00013985 0.0001773 0.0001842 0.00018025 0.00013835 0.00014355 0.0001827
1 0.0001679 0.0001587 0.00013865 0.00019025 0.00017325 0.00017345 0.00016615 0.00016295 0.00016475 0.0001697 0.00017045 0.00013855 0.00014865 0.0001808 0.00015945 0.0001735 0.0001729 0.0001348 0.00017175 0.0001561 0.0001477 0.00013215 0.0001343 0.0001817 0.000169 0.00013035 0.0001304 0.00016075 0.00012025 0.0001771 0.00013485 0.00016675 0.00016025 0.0001626 0.00016725 0.0001718 0.0001736 0.0001652 0.0001724 0.00013785 0.0001567 0.0001627 0.00018145 0.0001789 0.000137 0.00013825 0.0001662 0.00017455
2 0.0001767 0.00013865 2e-07 0.0001822 0.0001621 0.00017335 0.00015175 0.0001427 0.0001788 0.0001716 0.00016625 0.0001469 7.98e-05 0.00018725 0.00016145 0.000175 0.0001823 0.00015035 0.0001418 0.00017155 0.0001612 0.0001458 0.00013745 0.0001646 0.0001677 0.00016215 0.00015565 0.0001701 0.00013325 0.0001211 0.0001504 0.0001285 0.00010355 0.00014245 0.00018005 0.00017185 0.00018315 0.00015885 0.00018375 0.00017835 0.0001572 0.00016585 0.0001728 0.00014945 0.0001452 0.00017005 0.00015045 0.0001438
3 0.0001668 0.00019025 0.0001822 2e-07 0.0001727 0.00016905 0.00017075 0.0001699 0.0001717 0.0001715 0.00017705 0.0001929 0.0001842 9.505e-05 0.00017875 0.0001918 0.0001927 9.82e-05 0.0001721 0.00017415 0.0001784 0.0001785 0.00018165 0.0001802 0.0001948 0.00019055 0.00019795 0.0001799 0.00019115 0.0001863 9.83e-05 0.0001824 0.00019365 0.00018215 0.00018725 0.00017975 0.00017995 0.00018345 0.00019565 0.00018875 0.0001896 0.00019015 0.0001895 0.00017725 0.0001793 0.00017815 0.00017265 0.0001708
4 0.0001789 0.00017325 0.0001621 0.0001727 0.000191 0.0001542 0.00017525 0.0001564 0.0001809 0.00014115 0.00011975 0.00016795 0.00015355 0.0001779 0.00012735 0.00016345 0.00017875 0.000176 0.0001472 0.00017595 0.000162 0.0001374 0.0001703 0.00017645 0.00016115 0.0001573 0.0001832 0.000151 0.00018855 0.00017725 0.00017605 0.00017235 0.00017755 0.00015885 0.000169 0.0001639 0.00017965 0.00013245 0.00016915 0.00017675 0.00015255 0.00016335 0.0001597 0.0001594 0.00017215 0.00017125 0.0001787 0.00014595
5 0.00018565 0.00017345 0.00017335 0.00016905 0.0001542 0.0001809 0.00018465 0.0001672 0.00018645 0.0001491 0.0001532 0.00018595 0.0001682 0.00017875 0.0001408 0.0001765 0.00017955 0.00017695 0.00017565 0.00018515 0.00017335 0.00016375 0.00015295 0.00018015 0.00016795 0.00016555 0.0001908 0.0001778 0.0001915 0.0001853 0.000177 0.0001751 0.00018345 0.000172 0.00017875 0.00017655 0.00019155 0.0001675 0.00018365 0.0001782 0.0001673 0.0001827 0.00017695 0.0001818 0.0001738 0.00017845 0.00017925 0.00017635
6 0.00014255 0.00016615 0.00015175 0.00017075 0.00017525 0.00018465 0.0001893 0.00014855 0.0001404 0.0001584 0.0001781 0.0001763 0.0001632 0.00017805 0.00017665 0.00018095 0.00018245 0.00017225 0.00013165 0.00013085 0.00016815 0.00017735 0.0001683 0.00015405 0.0001803 0.00017105 0.0001808 0.00017645 0.00017315 0.000173 0.0001723 0.0001453 0.00016685 0.00013495 0.0001778 0.0001801 0.00014445 0.000172 0.0001764 0.0001765 0.00017845 0.0001571 0.00017915 0.00013675 0.0001308 0.00013415 0.00014065 0.0001307
7 0.00017425 0.00016295 0.0001427 0.0001699 0.0001564 0.0001672 0.00014855 0.0001664 0.00017535 0.0001626 0.000137 0.0001576 0.0001172 0.00017175 0.00012875 0.00013655 0.00016375 0.00017155 0.0001342 0.0001745 0.0001251 0.0001764 0.0001347 0.000139 0.00012945 0.00011605 0.00017825 0.00017755 0.0001871 0.0001714 0.0001716 0.00013315 0.0001635 0.0001036 0.00013385 0.000131 0.0001827 0.0001251 0.00014925 0.0001558 0.0001574 0.0001496 0.00014785 0.00012735 0.00012525 0.0001606 0.0001383 0.0001356
8 9.615e-05 0.00016475 0.0001788 0.0001717 0.0001809 0.00018645 0.0001404 0.00017535 0.0001828 0.0001692 0.00018005 0.00017385 0.0001749 0.00017845 0.0001814 0.0001841 0.0001816 0.0001679 0.0001868 0.0001372 0.00016745 0.00017405 0.0001803 0.00018495 0.0001791 0.0001715 0.00017285 0.00017905 0.0001642 0.00018315 0.00016795 0.0001886 0.00018325 0.00018275 0.0001746 0.00017675 0.00014185 0.00018025 0.00018505 0.0001761 0.0001766 0.00013835 0.000181 0.00018675 0.00017815 0.00013835 0.00014245 0.0001856
9 0.0001661 0.0001697 0.0001716 0.0001715 0.00014115 0.0001491 0.0001584 0.0001626 0.0001692 0.0001898 0.0001412 0.00015665 0.00016035 0.00017285 0.00013095 0.0001657 0.00016935 0.0001753 0.00016205 0.00015875 0.0001674 0.0001579 0.00016815 0.00017345 0.00015925 0.00015735 0.0001837 0.0001686 0.0001846 0.00018215 0.00017535 0.00017255 0.00018355 0.0001585 0.0001761 0.00017115 0.0001625 0.00014935 0.00015825 0.00017155 0.0001646 0.00015315 0.0001484 0.00015185 0.00017015 0.00015315 0.0001814 0.00016325
10 0.00017805 0.00017045 0.00016625 0.00017705 0.00011975 0.0001532 0.0001781 0.000137 0.00018005 0.0001412 0.0001783 0.00015065 0.00012975 0.00017685 9.675e-05 0.00013365 0.00016045 0.0001766 0.00017575 0.00017455 0.00013705 0.00013265 0.0001513 0.00018435 0.00012195 0.0001179 0.0001784 0.000181 0.0001842 0.00017695 0.00017665 0.0001804 0.00018215 0.0001326 0.00014965 0.00013965 0.0001781 0.0001324 0.00015595 0.00016155 0.00016065 0.00015125 0.0001289 0.00014485 0.00016135 0.0001622 0.00017735 0.0001745
11 0.0001727 0.00013855 0.0001469 0.0001929 0.00016795 0.00018595 0.0001763 0.0001576 0.00017385 0.00015665 0.00015065 0.000202 0.0001383 0.0001817 0.00015195 0.0001569 0.0001734 0.000152 0.00017745 0.0001643 0.0001451 0.0001424 0.0001679 0.0001885 0.0001576 0.00014805 0.00013645 0.0001661 0.0001196 0.00017595 0.00015205 0.00018165 0.0001728 0.0001526 0.00016655 0.00016025 0.0001668 0.00015255 0.00015315 0.000169 0.0001727 0.0001385 0.00014435 0.00014505 0.00017305 0.00017085 0.00017535 0.0001793
12 0.0001735 0.00014865 7.98e-05 0.0001842 0.00015355 0.0001682 0.0001632 0.0001172 0.0001749 0.00016035 0.00012975 0.0001383 0.0001594 0.0001832 0.0001219 0.0001292 0.00016425 0.0001633 0.00015485 0.0001736 0.00012835 0.0001589 0.00013155 0.00017295 0.00012125 0.000112 0.00016685 0.00017655 0.0001604 0.00014545 0.00016335 0.00015115 0.00014115 0.00011605 0.00014385 0.0001297 0.0001822 0.000123 0.00015445 0.0001608 0.00015005 0.0001426 0.0001401 0.000141 0.00014395 0.0001597 0.00015755 0.00015775
13 0.0001741 0.0001808 0.00018725 9.505e-05 0.0001779 0.00017875 0.00017805 0.00017175 0.00017845 0.00017285 0.00017685 0.0001817 0.0001832 0.0001899 0.0001766 0.0001805 0.0001414 0.0001401 0.0001707 0.00017635 0.00017765 0.00017975 0.0001781 0.0001777 0.0001851 0.0001785 0.00015185 0.00017285 0.0001812 0.0001855 0.00014015 0.0001819 0.00019005 0.00017935 0.0001818 0.00017615 0.00014265 0.0001708 0.0001833 0.0001367 0.0001868 0.00018105 0.00018255 0.0001783 0.0001785 0.0001746 0.0001795 0.00017425
14 0.0001808 0.00015945 0.00016145 0.00017875 0.00012735 0.0001408 0.00017665 0.00012875 0.0001814 0.00013095 9.675e-05 0.00015195 0.0001219 0.0001766 0.0001565 0.00012925 0.0001596 0.00017225 0.00017205 0.0001799 0.0001342 0.0001405 0.0001431 0.00018425 0.00011755 0.00010665 0.000179 0.000182 0.00018655 0.00018015 0.0001723 0.0001752 0.0001812 0.00012435 0.00014565 0.00013525 0.0001846 0.00012605 0.00015195 0.0001547 0.0001557 0.00014495 0.0001408 0.0001537 0.00015275 0.00015915 0.000173 0.0001756
15 0.000184 0.0001735 0.000175 0.0001918 0.00016345 0.0001765 0.00018095 0.00013655 0.0001841 0.0001657 0.00013365 0.0001569 0.0001292 0.0001805 0.00012925 0.000167 0.0001583 0.0001871 0.000178 0.00017655 0.0001342 0.0001831 0.0001524 0.0001843 0.00011955 0.00011465 0.00018105 0.00018315 0.00018995 0.00013395 0.00018715 0.00018485 0.0001825 0.0001325 0.0001428 8.95e-05 0.00017835 0.0001291 0.00015025 0.0001576 0.0001625 0.0001504 0.00014005 0.00015715 0.00016365 0.00016485 0.0001834 0.00017925
16 0.0001778 0.0001729 0.0001823 0.0001927 0.00017875 0.00017955 0.00018245 0.00016375 0.0001816 0.00016935 0.00016045 0.0001734 0.00016425 0.0001414 0.0001596 0.0001583 0.0001804 0.00018715 0.00017505 0.0001744 0.00016625 0.0001807 0.000159 0.00017475 0.0001137 0.0001443 0.00014825 0.0001753 0.0001795 0.00018045 0.0001872 0.0001772 0.00018315 0.0001641 0.000169 0.0001647 0.00014265 0.00015215 0.00017165 0.00011915 0.0001384 0.0001732 0.00012805 0.0001765 0.0001673 0.00015875 0.00018445 0.00017935
17 0.00016575 0.0001348 0.00015035 9.82e-05 0.000176 0.00017695 0.00017225 0.00017155 0.0001679 0.0001753 0.0001766 0.000152 0.0001633 0.0001401 0.00017225 0.0001871 0.00018715 0.0001963 0.00017575 0.00017355 0.000172 0.00013575 0.00017625 0.00018675 0.0001892 0.00017805 0.0001447 0.00016525 0.00012905 0.0001798 9.825e-05 0.0001807 0.0001758 0.00017615 0.000183 0.0001795 0.0001782 0.00017955 0.00019065 0.00017865 0.00017325 0.00017685 0.0001923 0.0001824 0.00017435 0.0001743 0.0001674 0.00017675
18 0.0001839 0.00017175 0.0001418 0.0001721 0.0001472 0.00017565 0.00013165 0.0001342 0.0001868 0.00016205 0.00017575 0.00017745 0.00015485 0.0001707 0.00017205 0.000178 0.00017505 0.00017575 0.0001558 0.000172 0.0001661 0.0001826 0.00016815 0.0001449 0.0001777 0.000171 0.0001842 0.00013545 0.00018335 0.0001725 0.0001758 0.00013045 0.0001624 0.00012185 0.0001754 0.000179 0.0001849 0.00012185 0.0001741 0.00017265 0.00015085 0.00017405 0.0001786 0.00012725 0.00012715 0.00017575 0.0001323 8.16e-05
19 0.00013495 0.0001561 0.00017155 0.00017415 0.00017595 0.00018515 0.00013085 0.0001745 0.0001372 0.00015875 0.00017455 0.0001643 0.0001736 0.00017635 0.0001799 0.00017655 0.0001744 0.00017355 0.000172 0.0001697 0.0001282 0.0001738 0.0001721 0.00016895 0.0001725 0.00016995 0.00017105 0.00016715 0.0001562 0.0001779 0.0001736 0.00017475 0.00017705 0.0001734 0.0001771 0.0001751 0.0001276 0.00017315 0.0001795 0.00017185 0.0001751 0.0001595 0.0001721 0.0001732 0.0001689 0.00012855 0.0001804 0.0001715
20 0.00016775 0.0001477 0.0001612 0.0001784 0.000162 0.00017335 0.00016815 0.0001251 0.00016745 0.0001674 0.00013705 0.0001451 0.00012835 0.00017765 0.0001342 0.0001342 0.00016625 0.000172 0.0001661 0.0001282 0.000168 0.00017165 0.0001474 0.00017605 0.00013115 0.0001169 0.0001684 0.00017505 0.00016415 0.0001752 0.00017205 0.0001709 0.00017495 0.00013045 0.0001364 0.000128 0.00017135 0.00013215 0.00015605 0.000157 0.0001616 0.00015125 0.00014955 0.00015405 0.00015095 0.0001577 0.000164 0.00016795
21 0.0001727 0.00013215 0.0001458 0.0001785 0.0001374 0.00016375 0.00017735 0.0001764 0.00017405 0.0001579 0.00013265 0.0001424 0.0001589 0.00017975 0.0001405 0.0001831 0.0001807 0.00013575 0.0001826 0.0001738 0.00017165 0.000186 0.00017275 0.00019155 0.0001794 0.00017115 0.0001368 0.00016615 0.0001239 0.00017645 0.0001358 0.00018435 0.00017235 0.0001755 0.000184 0.00018145 0.00017665 0.0001795 0.00018785 0.0001751 0.00016935 0.00017365 0.00017465 0.00017385 0.00017435 0.00017245 0.00017475 0.0001811
22 0.0001821 0.0001343 0.00013745 0.00018165 0.0001703 0.00015295 0.0001683 0.0001347 0.0001803 0.00016815 0.0001513 0.0001679 0.00013155 0.0001781 0.0001431 0.0001524 0.000159 0.00017625 0.00016815 0.0001721 0.0001474 0.00017275 0.0001505 0.00016225 0.00013715 0.0001016 0.00017565 0.0001798 0.0001847 0.00017485 0.0001763 0.0001453 0.00015645 0.00014455 0.0001526 0.00015325 0.00017905 0.00015165 0.0001612 0.000125 0.00015605 0.00016635 0.00015435 0.00016325 0.00011815 0.0001291 0.00017155 0.0001703
23 0.00018135 0.0001817 0.0001646 0.0001802 0.00017645 0.00018015 0.00015405 0.000139 0.00018495 0.00017345 0.00018435 0.0001885 0.00017295 0.0001777 0.00018425 0.0001843 0.00017475 0.00018675 0.0001449 0.00016895 0.00017605 0.00019155 0.00016225 0.000165 0.00017635 0.0001768 0.00018725 0.00017205 0.00019385 0.00018155 0.0001868 0.0001269 0.00013345 0.0001566 0.0001416 0.00018525 0.00017495 0.0001673 0.0001401 0.0001751 0.0001705 0.00018105 0.0001786 0.00015865 0.0001545 0.000169 0.0001654 0.00014395
24 0.00017685 0.000169 0.0001677 0.0001948 0.00016115 0.00016795 0.0001803 0.00012945 0.0001791 0.00015925 0.00012195 0.0001576 0.00012125 0.0001851 0.00011755 0.00011955 0.0001137 0.0001892 0.0001777 0.0001725 0.00013115 0.0001794 0.00013715 0.00017635 0.0001032 9.66e-05 0.0001854 0.0001843 0.0001902 0.0001745 0.00018925 0.0001733 0.00017975 0.0001259 0.0001411 0.00013035 0.00017955 0.0001206 0.0001516 0.0001497 0.0001147 0.0001513 9.235e-05 0.00015795 0.0001538 0.0001492 0.00018065 0.00017955
25 0.000174 0.00013035 0.00016215 0.00019055 0.0001573 0.00016555 0.00017105 0.00011605 0.0001715 0.00015735 0.0001179 0.00014805 0.000112 0.0001785 0.00010665 0.00011465 0.0001443 0.00017805 0.000171 0.00016995 0.0001169 0.00017115 0.0001016 0.0001768 9.66e-05 0.0001181 0.00017325 0.00018145 0.0001836 0.0001766 0.0001781 0.00016835 0.00017175 0.00011505 0.0001257 0.0001201 0.0001767 0.0001151 0.0001404 0.00011285 0.0001452 0.00014195 0.00012735 0.00015185 0.00011505 0.00011995 0.00016985 0.00017405
26 0.000173 0.0001304 0.00015565 0.00019795 0.0001832 0.0001908 0.0001808 0.00017825 0.00017285 0.0001837 0.0001784 0.00013645 0.00016685 0.00015185 0.000179 0.00018105 0.00014825 0.0001447 0.0001842 0.00017105 0.0001684 0.0001368 0.00017565 0.00018725 0.0001854 0.00017325 0.0001753 0.00016545 0.00011135 0.000182 0.00014475 0.00018075 0.0001748 0.0001782 0.00018445 0.00018115 0.00013395 0.00018075 0.0001852 0.00013885 0.00017565 0.00016965 0.0001857 0.00018125 0.0001768 0.00017615 0.0001741 0.0001843
27 0.0001768 0.00016075 0.0001701 0.0001799 0.000151 0.0001778 0.00017645 0.00017755 0.00017905 0.0001686 0.000181 0.0001661 0.00017655 0.00017285 0.000182 0.00018315 0.0001753 0.00016525 0.00013545 0.00016715 0.00017505 0.00016615 0.0001798 0.00017205 0.0001843 0.00018145 0.00016545 0.0001798 0.0001624 0.00018045 0.0001653 0.0001752 0.00017545 0.0001807 0.000182 0.00018455 0.00017305 0.0001351 0.00018235 0.00017335 0.00014565 0.00017705 0.0001866 0.0001848 0.00018185 0.0001746 0.00018275 0.00013935
28 0.000164 0.00012025 0.00013325 0.00019115 0.00018855 0.0001915 0.00017315 0.0001871 0.0001642 0.0001846 0.0001842 0.0001196 0.0001604 0.0001812 0.00018655 0.00018995 0.0001795 0.00012905 0.00018335 0.0001562 0.00016415 0.0001239 0.0001847 0.00019385 0.0001902 0.0001836 0.00011135 0.0001624 8.59e-05 0.00016725 0.0001291 0.00018985 0.00016385 0.00018405 0.0001879 0.0001868 0.000162 0.00018695 0.0001948 0.00017555 0.00018355 0.00017855 0.0001896 0.00018605 0.0001801 0.0001732 0.000173 0.0001829
29 0.00018345 0.0001771 0.0001211 0.0001863 0.00017725 0.0001853 0.000173 0.0001714 0.00018315 0.00018215 0.00017695 0.00017595 0.00014545 0.0001855 0.00018015 0.00013395 0.00018045 0.0001798 0.0001725 0.0001779 0.0001752 0.00017645 0.00017485 0.00018155 0.0001745 0.0001766 0.000182 0.00018045 0.00016725 0.0001872 0.00017985 0.0001815 0.00015785 0.00017225 0.00018285 0.0001323 0.00018265 0.00017465 0.00018625 0.000182 0.0001793 0.0001793 0.00017535 0.0001724 0.00017455 0.0001795 0.00018045 0.00017095
30 0.0001658 0.00013485 0.0001504 9.83e-05 0.00017605 0.000177 0.0001723 0.0001716 0.00016795 0.00017535 0.00017665 0.00015205 0.00016335 0.00014015 0.0001723 0.00018715 0.0001872 9.825e-05 0.0001758 0.0001736 0.00017205 0.0001358 0.0001763 0.0001868 0.00018925 0.0001781 0.00014475 0.0001653 0.0001291 0.00017985 0.0001964 0.00018075 0.00017585 0.0001762 0.00018305 0.00017955 0.00017825 0.0001796 0.0001907 0.0001787 0.0001733 0.0001769 0.00019235 0.00018245 0.0001744 0.00017435 0.00016745 0.0001768
31 0.0001868 0.00016675 0.0001285 0.0001824 0.00017235 0.0001751 0.0001453 0.00013315 0.0001886 0.00017255 0.0001804 0.00018165 0.00015115 0.0001819 0.0001752 0.00018485 0.0001772 0.0001807 0.00013045 0.00017475 0.0001709 0.00018435 0.0001453 0.0001269 0.0001733 0.00016835 0.00018075 0.0001752 0.00018985 0.0001815 0.00018075 0.0001586 0.0001547 0.0001381 0.0001776 0.0001864 0.0001833 0.00016355 0.00017525 0.00017365 0.0001644 0.00017575 0.0001777 0.0001438 0.00013535 0.0001728 0.00014715 0.00013095
32 0.00018505 0.00016025 0.00010355 0.00019365 0.00017755 0.00018345 0.00016685 0.0001635 0.00018325 0.00018355 0.00018215 0.0001728 0.00014115 0.00019005 0.0001812 0.0001825 0.00018315 0.0001758 0.0001624 0.00017705 0.00017495 0.00017235 0.00015645 0.00013345 0.00017975 0.00017175 0.0001748 0.00017545 0.00016385 0.00015785 0.00017585 0.0001547 0.0002069 0.00016755 0.0001395 0.0001815 0.00018545 0.0001725 0.0001409 0.0001763 0.00017045 0.0001783 0.0001819 0.0001708 0.00016175 0.00017235 0.00017295 0.0001626
33 0.00018165 0.0001626 0.00014245 0.00018215 0.00015885 0.000172 0.00013495 0.0001036 0.00018275 0.0001585 0.0001326 0.0001526 0.00011605 0.00017935 0.00012435 0.0001325 0.0001641 0.00017615 0.00012185 0.0001734 0.00013045 0.0001755 0.00014455 0.0001566 0.0001259 0.00011505 0.0001782 0.0001807 0.00018405 0.00017225 0.0001762 0.0001381 0.00016755 0.0001687 0.0001451 0.00013905 0.0001848 0.0001219 0.00014995 0.0001613 0.0001588 0.00014675 0.00014325 0.00010965 0.0001151 0.00016365 0.0001309 0.00012325
34 0.0001771 0.00016725 0.00018005 0.00018725 0.000169 0.00017875 0.0001778 0.00013385 0.0001746 0.0001761 0.00014965 0.00016655 0.00014385 0.0001818 0.00014565 0.0001428 0.000169 0.000183 0.0001754 0.0001771 0.0001364 0.000184 0.0001526 0.0001416 0.0001411 0.0001257 0.00018445 0.000182 0.0001879 0.00018285 0.00018305 0.0001776 0.0001395 0.0001451 0.0001981 0.0001373 0.00018395 0.00014045 0.0001155 0.00015895 0.0001662 0.0001584 0.000157 0.0001663 0.00016075 0.000162 0.0001759 0.0001765
35 0.00017665 0.0001718 0.00017185 0.00017975 0.0001639 0.00017655 0.0001801 0.000131 0.00017675 0.00017115 0.00013965 0.00016025 0.0001297 0.00017615 0.00013525 8.95e-05 0.0001647 0.0001795 0.000179 0.0001751 0.000128 0.00018145 0.00015325 0.00018525 0.00013035 0.0001201 0.00018115 0.00018455 0.0001868 0.0001323 0.00017955 0.0001864 0.0001815 0.00013905 0.0001373 0.0001667 0.0001787 0.0001357 0.00015575 0.00015865 0.00016705 0.000154 0.0001497 0.00016255 0.0001635 0.0001645 0.00017785 0.00018025
36 0.0001388 0.0001736 0.00018315 0.00017995 0.00017965 0.00019155 0.00014445 0.0001827 0.00014185 0.0001625 0.0001781 0.0001668 0.0001822 0.00014265 0.0001846 0.00017835 0.00014265 0.0001782 0.0001849 0.0001276 0.00017135 0.00017665 0.00017905 0.00017495 0.00017955 0.0001767 0.00013395 0.00017305 0.000162 0.00018265 0.00017825 0.0001833 0.00018545 0.0001848 0.00018395 0.0001787 0.0001851 0.00017955 0.0001809 0.00014005 0.00018445 0.00015865 0.00017365 0.00017885 0.00018215 0.00013565 0.00018935 0.0001844
37 0.00017775 0.0001652 0.00015885 0.00018345 0.00013245 0.0001675 0.000172 0.0001251 0.00018025 0.00014935 0.0001324 0.00015255 0.000123 0.0001708 0.00012605 0.0001291 0.00015215 0.00017955 0.00012185 0.00017315 0.00013215 0.0001795 0.00015165 0.0001673 0.0001206 0.0001151 0.00018075 0.0001351 0.00018695 0.00017465 0.0001796 0.00016355 0.0001725 0.0001219 0.00014045 0.0001357 0.00017955 0.0001629 0.0001461 0.0001529 0.00013165 0.00014615 0.00013905 0.0001472 0.00015555 0.00016215 0.00016885 0.00012795
38 0.00018755 0.0001724 0.00018375 0.00019565 0.00016915 0.00018365 0.0001764 0.00014925 0.00018505 0.00015825 0.00015595 0.00015315 0.00015445 0.0001833 0.00015195 0.00015025 0.00017165 0.00019065 0.0001741 0.0001795 0.00015605 0.00018785 0.0001612 0.0001401 0.0001516 0.0001404 0.0001852 0.00018235 0.0001948 0.00018625 0.0001907 0.00017525 0.0001409 0.00014995 0.0001155 0.00015575 0.0001809 0.0001461 0.0001963 0.00016505 0.0001725 0.0001412 0.0001455 0.0001484 0.0001685 0.0001684 0.00018565 0.0001752
39 0.0001768 0.00013785 0.00017835 0.00018875 0.00017675 0.0001782 0.0001765 0.0001558 0.0001761 0.00017155 0.00016155 0.000169 0.0001608 0.0001367 0.0001547 0.0001576 0.00011915 0.00017865 0.00017265 0.00017185 0.000157 0.0001751 0.000125 0.0001751 0.0001497 0.00011285 0.00013885 0.00017335 0.00017555 0.000182 0.0001787 0.00017365 0.0001763 0.0001613 0.00015895 0.00015865 0.00014005 0.0001529 0.00016505 0.0001685 0.0001669 0.00016835 0.0001631 0.0001769 0.0001327 0.0001306 0.00017955 0.000178
40 0.000175 0.0001567 0.0001572 0.0001896 0.00015255 0.0001673 0.00017845 0.0001574 0.0001766 0.0001646 0.00016065 0.0001727 0.00015005 0.0001868 0.0001557 0.0001625 0.0001384 0.00017325 0.00015085 0.0001751 0.0001616 0.00016935 0.00015605 0.0001705 0.0001147 0.0001452 0.00017565 0.00014565 0.00018355 0.0001793 0.0001733 0.0001644 0.00017045 0.0001588 0.0001662 0.00016705 0.00018445 0.00013165 0.0001725 0.0001669 0.0001854 0.00016805 0.0001347 0.0001774 0.0001645 0.0001639 0.000174 0.0001526
41 0.00013985 0.0001627 0.00016585 0.00019015 0.00016335 0.0001827 0.0001571 0.0001496 0.00013835 0.00015315 0.00015125 0.0001385 0.0001426 0.00018105 0.00014495 0.0001504 0.0001732 0.00017685 0.00017405 0.0001595 0.00015125 0.00017365 0.00016635 0.00018105 0.0001513 0.00014195 0.00016965 0.00017705 0.00017855 0.0001793 0.0001769 0.00017575 0.0001783 0.00014675 0.0001584 0.000154 0.00015865 0.00014615 0.0001412 0.00016835 0.00016805 0.0001829 0.00014455 0.00014475 0.00016995 0.0001562 0.00015495 0.00017535
42 0.0001773 0.00018145 0.0001728 0.0001895 0.0001597 0.00017695 0.00017915 0.00014785 0.000181 0.0001484 0.0001289 0.00014435 0.0001401 0.00018255 0.0001408 0.00014005 0.00012805 0.0001923 0.0001786 0.0001721 0.00014955 0.00017465 0.00015435 0.0001786 9.235e-05 0.00012735 0.0001857 0.0001866 0.0001896 0.00017535 0.00019235 0.0001777 0.0001819 0.00014325 0.000157 0.0001497 0.00017365 0.00013905 0.0001455 0.0001631 0.0001347 0.00014455 0.0001608 0.00013165 0.000167 0.00015955 0.00018405 0.00017555
43 0.0001842 0.0001789 0.00014945 0.00017725 0.0001594 0.0001818 0.00013675 0.00012735 0.00018675 0.00015185 0.00014485 0.00014505 0.000141 0.0001783 0.0001537 0.00015715 0.0001765 0.0001824 0.00012725 0.0001732 0.00015405 0.00017385 0.00016325 0.00015865 0.00015795 0.00015185 0.00018125 0.0001848 0.00018605 0.0001724 0.00018245 0.0001438 0.0001708 0.00010965 0.0001663 0.00016255 0.00017885 0.0001472 0.0001484 0.0001769 0.0001774 0.00014475 0.00013165 0.0001795 0.000132 0.00017505 0.00014005 0.0001236
44 0.00018025 0.000137 0.0001452 0.0001793 0.00017215 0.0001738 0.0001308 0.00012525 0.00017815 0.00017015 0.00016135 0.00017305 0.00014395 0.0001785 0.00015275 0.00016365 0.0001673 0.00017435 0.00012715 0.0001689 0.00015095 0.00017435 0.00011815 0.0001545 0.0001538 0.00011505 0.0001768 0.00018185 0.0001801 0.00017455 0.0001744 0.00013535 0.00016175 0.0001151 0.00016075 0.0001635 0.00018215 0.00015555 0.0001685 0.0001327 0.0001645 0.00016995 0.000167 0.000132 0.0001734 0.0001336 0.0001334 0.0001278
45 0.00013835 0.00013825 0.00017005 0.00017815 0.00017125 0.00017845 0.00013415 0.0001606 0.00013835 0.00015315 0.0001622 0.00017085 0.0001597 0.0001746 0.00015915 0.00016485 0.00015875 0.0001743 0.00017575 0.00012855 0.0001577 0.00017245 0.0001291 0.000169 0.0001492 0.00011995 0.00017615 0.0001746 0.0001732 0.0001795 0.00017435 0.0001728 0.00017235 0.00016365 0.000162 0.0001645 0.00013565 0.00016215 0.0001684 0.0001306 0.0001639 0.0001562 0.00015955 0.00017505 0.0001336 0.0001799 0.0001814 0.00017645
46 0.00014355 0.0001662 0.00015045 0.00017265 0.0001787 0.00017925 0.00014065 0.0001383 0.00014245 0.0001814 0.00017735 0.00017535 0.00015755 0.0001795 0.000173 0.0001834 0.00018445 0.0001674 0.0001323 0.0001804 0.000164 0.00017475 0.00017155 0.0001654 0.00018065 0.00016985 0.0001741 0.00018275 0.000173 0.00018045 0.00016745 0.00014715 0.00017295 0.0001309 0.0001759 0.00017785 0.00018935 0.00016885 0.00018565 0.00017955 0.000174 0.00015495 0.00018405 0.00014005 0.0001334 0.0001814 0.0001887 0.0001317
47 0.0001827 0.00017455 0.0001438 0.0001708 0.00014595 0.00017635 0.0001307 0.0001356 0.0001856 0.00016325 0.0001745 0.0001793 0.00015775 0.00017425 0.0001756 0.00017925 0.00017935 0.00017675 8.16e-05 0.0001715 0.00016795 0.0001811 0.0001703 0.00014395 0.00017955 0.00017405 0.0001843 0.00013935 0.0001829 0.00017095 0.0001768 0.00013095 0.0001626 0.00012325 0.0001765 0.00018025 0.0001844 0.00012795 0.0001752 0.000178 0.0001526 0.00017535 0.00017555 0.0001236 0.0001278 0.00017645 0.0001317 0.0001538
