 slim_761982391 slim_761982417 slim_761982383 slim_761982400 slim_761982392 slim_761982394 slim_761982368 slim_761982418 slim_761982413 slim_761982396 slim_761982359 slim_761982358 slim_761982411 slim_761982397 slim_761982386 slim_761982410 slim_761982377 slim_761982393 slim_761982360 slim_761982369 slim_761982405 slim_761982378 slim_761982401 slim_761982355 slim_761982356 slim_761982414 slim_761982384 slim_761982362 slim_761982408 slim_761982367 slim_761982365 slim_761982361 slim_761982390 slim_761982398 slim_761982399 slim_761982364 slim_761982415 slim_761982388 slim_761982363 slim_761982406 slim_761982412 slim_761982387 slim_761982419 slim_761982389 slim_761982374 slim_761982382 slim_761982375 slim_761982395 slim_761982403 slim_761982404 slim_761982371 slim_761982407 slim_761982385 slim_761982380 slim_761982381 slim_761982409 slim_761982373 slim_761982379 slim_761982376 slim_761982416 slim_761982402 slim_761982357 slim_761982372 slim_761982370 slim_761982366
0 4.99e-05 0.0001024 0.0001787 8.025e-05 9.89e-05 0.00017525 5.57e-05 0.0001588 0.00018825 0.0001679 5.57e-05 0.0001067 0.00011415 0.00017375 0.00013525 0.00017175 0.0001692 0.0001142 0.000139 0.00017345 0.0001728 0.00015755 6.125e-05 9.16e-05 8.01e-05 9.475e-05 0.00018375 0.00011425 0.0001791 5.57e-05 0.00012525 8.015e-05 8.685e-05 9.925e-05 0.0001323 5.985e-05 0.0001649 4.45e-05 0.00011425 0.00010525 0.0001449 6.405e-05 0.0001528 7.76e-05 0.00018025 0.000131 0.00014245 0.00011425 9.615e-05 0.00017025 9.595e-05 0.00011855 0.000154 0.0001024 0.0001519 0.00017955 0.00019035 8.015e-05 8.665e-05 0.00018715 0.0001736 0.00014005 0.00012525 0.0001 0.00015575
1 0.0001024 0.0001792 0.0001747 0.00012655 0.0001376 0.0001495 0.0001113 0.0001552 0.0001718 0.0001656 0.0001113 0.0001413 0.0001297 0.0001238 0.0001632 0.00012495 0.0001659 0.0001493 0.0001091 0.00012815 0.00017275 0.0001264 0.00011155 0.0001239 0.0001016 0.00012715 0.00017215 0.00013655 0.0001311 0.0001113 0.0001456 0.00012645 0.00012885 0.0001251 0.0001626 0.0001101 0.0001481 9.53e-05 0.00013655 0.0001347 0.00015815 0.000101 0.00016305 0.000139 0.0001751 0.00014515 0.0001607 0.00013655 0.00012815 0.0001697 0.00013265 0.0001306 0.00017435 8.96e-05 0.00015125 0.0001333 0.00017695 0.00012645 0.0001415 0.0001731 0.0001282 0.0001551 0.0001456 0.0001259 0.0001633
2 0.0001787 0.0001747 0.000173 0.0001772 0.00016775 0.00015295 0.00017295 0.00013465 0.00016895 0.0001409 0.00017295 0.0001666 0.00015985 0.000161 0.0001769 0.0001719 0.00017485 0.0001813 0.00016755 0.00015885 0.0001474 0.00017455 0.00017655 0.0001736 0.00017165 0.0001754 0.0001766 0.00017985 0.0001294 0.00017295 0.00016125 0.0001771 0.0001744 0.0001662 0.00016715 0.00017675 0.00016335 0.00017145 0.00017985 0.00016675 0.0001755 0.0001657 0.00016595 0.00018035 0.00018735 0.0001547 0.0001606 0.00017985 0.0001561 0.0001495 0.0001706 0.0001606 0.0001582 0.0001747 0.00017815 0.0001294 0.0001811 0.0001771 0.00017595 0.0001678 0.00016 0.0001662 0.00016125 0.0001593 0.0001665
3 8.025e-05 0.00012655 0.0001772 0.0001551 0.0001192 0.0001635 9.745e-05 0.00015635 0.000175 0.00014495 9.755e-05 0.00012545 0.0001297 0.0001642 7.755e-05 0.0001492 0.00012895 0.00013865 0.00014475 0.0001626 0.00016575 0.00012655 8.345e-05 0.0001082 0.00011395 0.00010065 0.0001588 0.000136 0.00017815 9.755e-05 0.00014165 7.76e-05 9.275e-05 0.0001167 0.00013155 0.000101 0.00015865 8.55e-05 0.000136 0.00012735 0.0001559 9.345e-05 0.00015005 0.00011175 0.00017505 0.000126 0.0001275 0.000136 0.0001264 0.00016315 0.0001248 0.00012455 0.0001268 0.00012655 0.00012785 0.0001747 0.0001827 7.76e-05 9.555e-05 0.0001805 0.00016275 0.0001507 0.00014165 0.0001288 0.0001533
4 9.89e-05 0.0001376 0.00016775 0.0001192 0.0001742 0.0001068 0.0001117 0.00016665 0.0001374 0.00014405 0.0001117 0.00011405 0.0001348 0.0001341 0.0001274 0.00015995 0.00014865 0.0001373 0.00012825 0.00012625 0.00011945 0.00014595 0.00011315 9.99e-05 0.00012695 0.0001341 0.0001713 0.00014915 0.0001685 0.0001117 0.0001355 0.0001191 0.0001258 9.915e-05 0.000149 0.000116 0.00016295 0.0001109 0.00014915 0.00012895 0.00015005 0.0001111 0.00014055 0.00011895 0.00016985 0.00015195 0.00012935 0.00014915 0.0001339 0.0001321 0.00014345 9.92e-05 0.0001396 0.0001376 0.00015915 0.00016385 0.0001673 0.0001191 0.00011375 0.00015745 0.00013405 0.00013415 0.0001355 0.00014545 0.0001317
5 0.00017525 0.0001495 0.00015295 0.0001635 0.0001068 6.65e-05 0.0001679 0.0001654 0.0001008 0.0001294 0.0001679 0.0001364 0.00014235 9.96e-05 0.00015645 0.0001424 0.00014345 0.0001743 0.0001216 7.445e-05 9.295e-05 0.0001426 0.0001605 0.0001092 0.00015625 0.00016595 0.00016215 0.00016935 0.00014025 0.0001679 0.00015355 0.0001634 0.0001659 0.000102 0.00018145 0.00016685 0.00015055 0.0001566 0.00016935 0.0001497 0.0001669 0.00014295 0.00014395 0.0001875 0.00016725 0.00016495 0.0001348 0.00016935 0.0001659 0.0001035 0.00018085 8.81e-05 0.0001545 0.0001495 0.00017035 0.00014155 0.0001571 0.0001634 0.0001706 0.00013895 8.565e-05 0.0001462 0.00015355 0.0001651 0.0001314
6 5.57e-05 0.0001113 0.00017295 9.745e-05 0.0001117 0.0001679 0.0001078 0.00016795 0.00018135 0.00016725 5.4e-05 0.00011765 0.00011195 0.0001647 0.0001409 0.0001631 0.00016505 0.00012705 0.00012995 0.0001644 0.00016845 0.0001548 9.01e-05 0.0001098 0.0001036 0.00010715 0.0001773 0.0001253 0.00017265 5.4e-05 0.000106 9.745e-05 9.925e-05 0.0001101 0.00014625 6.62e-05 0.0001621 5.985e-05 0.0001253 0.00011815 0.0001253 6.58e-05 0.0001544 0.00010015 0.00018315 0.000128 0.000149 0.0001253 8.71e-05 0.00016585 0.00011135 0.00011595 0.00015595 0.0001113 0.00015985 0.0001691 0.00018315 9.745e-05 0.00010085 0.00018125 0.00016455 0.00013035 0.000106 0.00011295 0.0001488
7 0.0001588 0.0001552 0.00013465 0.00015635 0.00016665 0.0001654 0.00016795 0.000178 0.00018125 0.0001784 0.00016795 0.00017455 0.00016685 0.00016315 0.0001541 0.0001498 0.0001492 0.0001738 0.00016295 0.00016575 0.0001629 0.0001531 0.00014885 0.0001652 0.00014395 0.0001533 0.00016785 0.00017335 0.0001206 0.00016795 0.0001666 0.00015625 0.0001555 0.0001662 0.0001643 0.0001653 0.00012725 0.0001681 0.00017335 0.00015385 0.0001829 0.0001779 0.00016385 0.0001517 0.00017955 0.000144 0.0001544 0.00017335 0.00015605 0.00016685 0.0001749 0.00017605 0.00015295 0.0001552 0.00011865 0.00016625 0.00018155 0.00015625 0.00015605 0.00016715 0.0001661 0.00016075 0.0001666 0.0001406 0.0001798
8 0.00018825 0.0001718 0.00016895 0.000175 0.0001374 0.0001008 0.00018135 0.00018125 0.000168 0.0001442 0.00018135 0.0001534 0.00015885 0.00012735 0.000164 0.0001618 0.0001564 0.0001374 0.00014385 0.00012085 0.0001233 0.00016095 0.00017385 0.0001426 0.0001765 0.0001774 0.00012435 0.0001349 0.0001653 0.00018135 0.00016945 0.0001749 0.0001781 0.00013505 0.00018715 0.0001786 0.00016995 0.00017065 0.0001349 0.000167 0.00013045 0.0001556 0.000152 0.0001884 0.0001332 0.0001742 0.0001538 0.0001349 0.00017545 0.00013375 0.0001871 0.0001198 0.0001633 0.0001718 0.00017945 0.00016165 0.00012415 0.0001749 0.0001805 0.0001117 0.0001292 0.0001598 0.00016945 0.00017985 0.00010755
9 0.0001679 0.0001656 0.0001409 0.00014495 0.00014405 0.0001294 0.00016725 0.0001784 0.0001442 0.0001373 0.00016725 0.0001207 0.0001455 0.0001286 0.00012515 0.0001618 0.000162 0.0001714 0.0001489 0.0001401 0.00014235 0.00014595 0.0001669 0.0001406 0.00017035 0.0001617 0.000164 0.000168 0.0001756 0.00016725 0.0001596 0.00014485 0.00016 0.00014075 0.0001592 0.00016935 0.0001607 0.00015305 0.000168 0.00017275 0.0001707 0.00014165 0.00012675 0.0001775 0.0001764 0.00016865 0.0001159 0.000168 0.00017635 0.00013915 0.00016005 0.0001293 0.00014655 0.0001656 0.00016565 0.00013215 0.0001772 0.00014485 0.0001634 0.0001753 0.0001389 0.00017755 0.0001596 0.0001807 0.0001434
10 5.57e-05 0.0001113 0.00017295 9.755e-05 0.0001117 0.0001679 5.4e-05 0.00016795 0.00018135 0.00016725 0.0001078 0.0001177 0.00011195 0.0001647 0.0001409 0.0001631 0.00016505 0.00012705 0.00012995 0.0001644 0.00016845 0.0001548 9.02e-05 0.0001098 0.0001036 0.00010715 0.0001773 0.0001253 0.00017265 5.4e-05 0.000106 9.745e-05 9.925e-05 0.00011015 0.0001463 6.62e-05 0.0001621 5.985e-05 0.0001253 0.00011815 0.0001253 6.58e-05 0.0001544 0.00010015 0.00018315 0.00012805 0.000149 0.0001253 8.715e-05 0.0001659 0.00011145 0.00011595 0.00015595 0.0001113 0.00015985 0.0001691 0.00018315 9.745e-05 0.00010085 0.00018125 0.00016455 0.00013035 0.000106 0.00011295 0.0001488
11 0.0001067 0.0001413 0.0001666 0.00012545 0.00011405 0.0001364 0.00011765 0.00017455 0.0001534 0.0001207 0.0001177 0.0001813 0.00012905 0.00013775 0.00014115 0.0001701 0.00017045 0.0001431 0.0001388 0.00014845 0.00013345 0.0001571 0.00012325 0.0001179 0.00013555 0.0001394 0.0001746 0.000146 0.00017535 0.0001177 0.0001368 0.0001254 0.00013325 0.0001171 0.00015405 0.0001226 0.000163 0.00010985 0.000146 0.0001465 0.00015405 0.00011015 0.0001276 0.0001331 0.00017605 0.0001584 0.000121 0.000146 0.00014165 0.00013625 0.0001407 0.0001173 0.0001419 0.0001413 0.00017035 0.0001644 0.00017745 0.0001254 0.00013025 0.00017545 0.0001502 0.00015945 0.0001368 0.0001523 0.0001387
12 0.00011415 0.0001297 0.00015985 0.0001297 0.0001348 0.00014235 0.00011195 0.00016685 0.00015885 0.0001455 0.00011195 0.00012905 0.0001406 0.00014495 0.0001602 0.0001616 0.00016765 0.00015335 0.0001321 0.00014075 0.00016015 0.00016035 0.0001267 0.0001282 0.00013175 0.00013285 0.0001699 0.00013815 0.00016025 0.00011195 9.755e-05 0.0001296 0.0001318 0.0001197 0.00017105 0.00011455 0.00011515 8.46e-05 0.00013815 0.000138 0.0001511 7.03e-05 0.00014875 0.0001516 0.00017945 0.00014215 0.0001504 0.00013815 0.0001239 0.00015415 0.000138 0.00010535 0.00017015 0.0001297 0.00017025 0.0001602 0.00017275 0.0001296 0.00014685 0.0001725 0.00014295 0.00015355 9.755e-05 0.0001301 0.00014705
13 0.00017375 0.0001238 0.000161 0.0001642 0.0001341 9.96e-05 0.0001647 0.00016315 0.00012735 0.0001286 0.0001647 0.00013775 0.00014495 0.0001499 0.00015545 0.00011315 0.00015075 0.000168 9.745e-05 9.085e-05 0.0001264 0.0001152 0.0001629 0.0001404 0.00014745 0.0001648 0.0001562 0.00016695 0.0001217 0.0001647 0.00015055 0.0001641 0.0001665 0.0001332 0.00018005 0.00016365 0.00014135 0.000159 0.00016695 0.0001653 0.0001589 0.00014535 0.00014045 0.0001783 0.0001613 0.0001644 0.0001395 0.00016695 0.0001633 0.00013665 0.0001781 0.00011945 0.00015745 0.0001238 0.0001574 0.00011435 0.0001505 0.0001641 0.0001675 0.00014725 9.665e-05 0.0001562 0.00015055 0.0001717 0.00013485
14 0.00013525 0.0001632 0.0001769 7.755e-05 0.0001274 0.00015645 0.0001409 0.0001541 0.000164 0.00012515 0.0001409 0.00014115 0.0001602 0.00015545 0.0 0.00012315 8.44e-05 0.0001522 0.0001498 0.00015625 0.0001516 8.58e-05 0.00011915 0.00013765 0.0001577 0.0001152 0.0001319 0.0001718 0.0001796 0.0001409 0.00014995 7.745e-05 9.99e-05 0.0001471 0.00012075 0.0001527 0.0001531 0.00015105 0.0001718 0.00016145 0.0001578 0.0001473 0.0001413 0.000124 0.0001718 0.0001286 0.0001033 0.0001718 0.00016615 0.00015565 0.0001654 0.0001433 8.205e-05 0.0001632 9.81e-05 0.000169 0.0001749 7.745e-05 8.075e-05 0.0001734 0.00015335 0.00015925 0.00014995 0.00017145 0.0001406
15 0.00017175 0.00012495 0.0001719 0.0001492 0.00015995 0.0001424 0.0001631 0.0001498 0.0001618 0.0001618 0.0001631 0.0001701 0.0001616 0.00011315 0.00012315 0.0001499 9.625e-05 0.0001703 0.00011225 0.00012205 0.00016585 9.905e-05 0.00015605 0.00016915 0.0001526 0.00012905 0.00012405 0.00017355 0.0001246 0.0001631 0.00015785 0.0001491 0.00013865 0.0001634 0.0001629 0.0001667 0.0001347 0.00016675 0.00017355 0.00017515 0.0001616 0.00015855 0.00016565 0.00016975 0.00017695 0.00012895 0.00014905 0.00017355 0.00016665 0.00016435 0.000177 0.00015505 0.00015175 0.00012495 0.0001042 0.00012225 0.00016745 0.0001491 0.0001356 0.00016135 0.0001112 0.0001668 0.00015785 0.00016985 0.0001585
16 0.0001692 0.0001659 0.00017485 0.00012895 0.00014865 0.00014345 0.00016505 0.0001492 0.0001564 0.000162 0.00016505 0.00017045 0.00016765 0.00015075 8.44e-05 9.625e-05 5.1e-05 0.00017295 0.00015165 0.00014755 0.0001548 0.0001215 0.0001332 0.00015795 0.0001715 9.94e-05 0.0001066 0.000177 0.0001676 0.00016505 0.00016555 0.00012885 0.0001064 0.0001529 0.00014385 0.00016315 0.00014425 0.00016705 0.000177 0.00016105 0.00016875 0.0001609 0.00016885 0.0001673 0.00017055 0.0001005 0.00013385 0.000177 0.0001643 0.0001624 0.00017225 0.0001465 0.00013095 0.0001659 7.37e-05 0.00016595 0.0001601 0.00012885 0.00010245 0.00015195 0.0001475 0.0001509 0.00016555 0.00017455 0.0001622
17 0.0001142 0.0001493 0.0001813 0.00013865 0.0001373 0.0001743 0.00012705 0.0001738 0.0001374 0.0001714 0.00012705 0.0001431 0.00015335 0.000168 0.0001522 0.0001703 0.00017295 0.0002072 0.0001541 0.00017275 0.00016975 0.000163 0.00013535 0.00014735 0.00013975 0.0001469 0.00013505 0.00011425 0.0001785 0.00012705 0.0001513 0.00013855 0.0001406 0.0001482 0.0001604 0.0001332 0.0001728 0.000129 0.00011425 0.0001556 0.0001164 0.0001332 0.00015845 0.00012535 0.00014575 0.00016095 0.00015785 0.00011425 0.0001473 0.0001716 0.00015125 0.0001522 0.00016035 0.0001493 0.0001667 0.0001767 0.00014725 0.00013855 0.0001299 0.00014125 0.0001704 0.0001639 0.0001513 0.00014845 0.00012155
18 0.000139 0.0001091 0.00016755 0.00014475 0.00012825 0.0001216 0.00012995 0.00016295 0.00014385 0.0001489 0.00012995 0.0001388 0.0001321 9.745e-05 0.0001498 0.00011225 0.00015165 0.0001541 0.0001576 0.0001055 0.00014625 0.0001143 0.0001476 0.00013605 0.0001331 0.00014535 0.0001576 0.00015455 0.0001248 0.00012995 0.0001362 0.00014465 0.00014705 0.00012885 0.0001743 0.00012645 0.00014375 0.00012575 0.00015455 0.0001535 0.000145 0.0001121 0.0001536 0.000157 0.00016995 0.0001464 0.00015255 0.00015455 0.00012755 0.00015285 0.000159 0.0001151 0.0001622 0.0001091 0.0001532 0.00012165 0.000159 0.00014465 0.0001465 0.0001572 0.0001064 0.00014045 0.0001362 0.00015235 0.00013265
19 0.00017345 0.00012815 0.00015885 0.0001626 0.00012625 7.445e-05 0.0001644 0.00016575 0.00012085 0.0001401 0.0001644 0.00014845 0.00014075 9.085e-05 0.00015625 0.00012205 0.00014755 0.00017275 0.0001055 0.0001485 0.00011995 0.00012195 0.0001601 0.00012885 0.00014095 0.00016535 0.0001618 0.000168 0.0001232 0.0001644 0.00015005 0.0001625 0.0001649 0.00012165 0.0001789 0.00016335 0.0001466 0.000155 0.000168 0.00015505 0.00016365 0.00014135 0.0001505 0.00018125 0.0001646 0.00016495 0.00014735 0.000168 0.000163 0.00012925 0.0001759 0.0001079 0.00016095 0.00012815 0.0001674 0.0001234 0.00015445 0.0001625 0.0001695 0.00014395 8.425e-05 0.00014965 0.00015005 0.00016135 0.00014025
20 0.0001728 0.00017275 0.0001474 0.00016575 0.00011945 9.295e-05 0.00016845 0.0001629 0.0001233 0.00014235 0.00016845 0.00013345 0.00016015 0.0001264 0.0001516 0.00016585 0.0001548 0.00016975 0.00014625 0.00011995 0.0001458 0.00015875 0.000165 0.0001336 0.00017265 0.0001737 0.00016925 0.0001766 0.0001532 0.00016845 0.00015835 0.00016565 0.00016735 0.0001262 0.00017335 0.000171 0.00016745 0.00017015 0.0001766 0.00016075 0.00016535 0.0001607 0.00014295 0.00016955 0.00016575 0.00015995 0.00014175 0.0001766 0.0001573 8.92e-05 0.0001805 0.0001169 0.00011225 0.00017275 0.00017655 0.0001602 0.0001557 0.00016565 0.0001604 0.0001391 0.0001314 0.00015205 0.00015835 0.0001759 0.00013475
21 0.00015755 0.0001264 0.00017455 0.00012655 0.00014595 0.0001426 0.0001548 0.0001531 0.00016095 0.00014595 0.0001548 0.0001571 0.00016035 0.0001152 8.58e-05 9.905e-05 0.0001215 0.000163 0.0001143 0.00012195 0.00015875 0.0001716 0.00014725 0.0001535 0.0001455 0.00014185 0.0001454 0.0001725 0.0001327 0.0001548 0.00015405 0.00012645 0.00013615 0.0001556 0.00015185 0.00016195 0.0001427 0.000161 0.0001725 0.00016895 0.0001602 0.000155 0.00015445 0.0001514 0.000172 0.00014785 0.00013665 0.0001725 0.000168 0.0001623 0.00017325 0.0001495 0.00012975 0.0001264 0.00012165 0.00012775 0.0001693 0.00012645 0.00012685 0.00016615 0.00011895 0.0001638 0.00015405 0.0001687 0.00015075
22 6.125e-05 0.00011155 0.00017655 8.345e-05 0.00011315 0.0001605 9.01e-05 0.00014885 0.00017385 0.0001669 9.02e-05 0.00012325 0.0001267 0.0001629 0.00011915 0.00015605 0.0001332 0.00013535 0.0001476 0.0001601 0.000165 0.00014725 9.55e-05 9.235e-05 9.06e-05 9.27e-05 0.00016655 0.0001219 0.0001733 9.02e-05 0.00014945 8.35e-05 9.135e-05 9.995e-05 0.0001324 8.305e-05 0.0001596 6.735e-05 0.0001219 0.0001069 0.00016425 8.695e-05 0.0001572 0.0001075 0.00016635 0.00012805 0.00014095 0.0001219 0.00011845 0.00016995 0.00011145 0.00011935 0.0001488 0.00011155 0.00013205 0.0001787 0.00017515 8.35e-05 0.00010495 0.0001721 0.0001699 0.0001421 0.00014945 0.00010945 0.000167
23 9.16e-05 0.0001239 0.0001736 0.0001082 9.99e-05 0.0001092 0.0001098 0.0001652 0.0001426 0.0001406 0.0001098 0.0001179 0.0001282 0.0001404 0.00013765 0.00016915 0.00015795 0.00014735 0.00013605 0.00012885 0.0001336 0.0001535 9.235e-05 0.0001569 0.00010945 0.00012415 0.00017965 0.00013425 0.00017125 0.0001098 0.0001515 0.0001081 0.00012325 8.7e-05 0.0001566 0.00010195 0.00016935 8.64e-05 0.00013425 0.00011375 0.0001655 9.435e-05 0.00014795 0.00013325 0.00016625 0.0001495 0.0001393 0.00013425 0.00012735 0.00013965 0.00012935 9.48e-05 0.0001549 0.0001239 0.00016355 0.0001718 0.00017255 0.0001081 0.00013615 0.0001634 0.0001397 0.00013715 0.0001515 0.00013035 0.0001494
24 8.01e-05 0.0001016 0.00017165 0.00011395 0.00012695 0.00015625 0.0001036 0.00014395 0.0001765 0.00017035 0.0001036 0.00013555 0.00013175 0.00014745 0.0001577 0.0001526 0.0001715 0.00013975 0.0001331 0.00014095 0.00017265 0.0001455 9.06e-05 0.00010945 0.0001318 0.00012135 0.00018075 0.0001296 0.00014655 0.0001036 0.0001458 0.00011385 0.00012125 0.0001171 0.000154 9.92e-05 0.00015445 8.945e-05 0.0001296 0.00012095 0.0001632 0.000109 0.0001522 0.00010965 0.0001701 0.000148 0.0001544 0.0001296 0.0001259 0.00017185 0.0001243 0.0001364 0.0001697 0.0001016 0.00015045 0.0001585 0.0001794 0.00011385 0.0001313 0.00017185 0.0001436 0.00015015 0.0001458 0.0001033 0.00016695
25 9.475e-05 0.00012715 0.0001754 0.00010065 0.0001341 0.00016595 0.00010715 0.0001533 0.0001774 0.0001617 0.00010715 0.0001394 0.00013285 0.0001648 0.0001152 0.00012905 9.94e-05 0.0001469 0.00014535 0.00016535 0.0001737 0.00014185 9.27e-05 0.00012415 0.00012135 0.0001716 0.0001396 0.000138 0.0001721 0.00010715 0.00014735 0.00010055 9.325e-05 0.00012545 0.0001408 0.0001057 0.0001533 9.255e-05 0.000138 0.000133 0.00015925 9.93e-05 0.00016215 0.0001304 0.00017825 0.0001051 0.0001408 0.000138 0.000125 0.0001661 0.0001268 0.000132 0.00014905 0.00012715 0.0001084 0.0001719 0.00017975 0.00010055 0.0001023 0.0001766 0.00015765 0.0001528 0.00014735 0.0001302 0.0001626
26 0.00018375 0.00017215 0.0001766 0.0001588 0.0001713 0.00016215 0.0001773 0.00016785 0.00012435 0.000164 0.0001773 0.0001746 0.0001699 0.0001562 0.0001319 0.00012405 0.0001066 0.00013505 0.0001576 0.0001618 0.00016925 0.0001454 0.00016655 0.00017965 0.00018075 0.0001396 0.000176 0.00013675 0.0001694 0.0001773 0.00017125 0.0001587 0.0001486 0.0001732 0.0001704 0.00017895 0.00015835 0.00017585 0.00013675 0.00018365 0.00012855 0.0001663 0.0001666 0.0001779 0.00014525 0.00013645 0.000155 0.00013675 0.00017585 0.00016605 0.0001836 0.0001635 0.00015495 0.00017215 0.0001248 0.0001662 0.00013715 0.0001587 0.00014715 0.00012925 0.0001516 0.0001771 0.00017125 0.0001782 0.0001262
27 0.00011425 0.00013655 0.00017985 0.000136 0.00014915 0.00016935 0.0001253 0.00017335 0.0001349 0.000168 0.0001253 0.000146 0.00013815 0.00016695 0.0001718 0.00017355 0.000177 0.00011425 0.00015455 0.000168 0.0001766 0.0001725 0.0001219 0.00013425 0.0001296 0.000138 0.00013675 0.0001998 0.00017585 0.00012525 0.00015915 0.00013585 0.0001391 0.0001351 0.0001704 0.00012235 0.00017185 0.0001042 9.99e-05 0.00014335 0.00012525 0.0001085 0.0001642 0.000147 0.00014355 0.0001532 0.00016685 9.995e-05 0.00013765 0.00017185 0.00013955 0.0001392 0.00017765 0.00013655 0.00017215 0.0001773 0.00014715 0.0001359 0.00015335 0.00014145 0.0001687 0.00016575 0.00015915 0.00013435 0.00013155
28 0.0001791 0.0001311 0.0001294 0.00017815 0.0001685 0.00014025 0.00017265 0.0001206 0.0001653 0.0001756 0.00017265 0.00017535 0.00016025 0.0001217 0.0001796 0.0001246 0.0001676 0.0001785 0.0001248 0.0001232 0.0001532 0.0001327 0.0001733 0.00017125 0.00014655 0.0001721 0.0001694 0.00017585 0.0001716 0.00017265 0.00016045 0.00017805 0.0001743 0.0001658 0.00017945 0.00017295 0.00014545 0.00017235 0.00017585 0.0001625 0.000172 0.0001683 0.0001733 0.0001817 0.0001773 0.0001527 0.0001694 0.00017585 0.0001536 0.00015715 0.0001813 0.00016185 0.0001654 0.0001311 0.00016155 0.0001294 0.0001701 0.00017805 0.000177 0.0001561 0.00012355 0.00015895 0.00016045 0.0001517 0.00016705
29 5.57e-05 0.0001113 0.00017295 9.755e-05 0.0001117 0.0001679 5.4e-05 0.00016795 0.00018135 0.00016725 5.4e-05 0.0001177 0.00011195 0.0001647 0.0001409 0.0001631 0.00016505 0.00012705 0.00012995 0.0001644 0.00016845 0.0001548 9.02e-05 0.0001098 0.0001036 0.00010715 0.0001773 0.00012525 0.00017265 0.0001078 0.000106 9.74e-05 9.925e-05 0.00011015 0.0001463 6.615e-05 0.0001621 5.985e-05 0.00012525 0.00011815 0.0001253 6.58e-05 0.0001544 0.00010015 0.00018315 0.00012805 0.000149 0.0001253 8.715e-05 0.0001659 0.00011145 0.00011595 0.00015595 0.0001113 0.00015985 0.0001691 0.00018315 9.745e-05 0.00010085 0.00018125 0.00016455 0.00013035 0.000106 0.00011295 0.0001488
30 0.00012525 0.0001456 0.00016125 0.00014165 0.0001355 0.00015355 0.000106 0.0001666 0.00016945 0.0001596 0.000106 0.0001368 9.755e-05 0.00015055 0.00014995 0.00015785 0.00016555 0.0001513 0.0001362 0.00015005 0.00015835 0.00015405 0.00014945 0.0001515 0.0001458 0.00014735 0.00017125 0.00015915 0.00016045 0.000106 0.0001575 0.00014155 0.0001389 0.00014345 0.0001645 0.0001228 0.00011795 0.0001247 0.00015915 0.00015305 0.000132 0.00011635 0.00014595 0.0001334 0.00018385 0.00014985 0.0001477 0.00015915 0.00012535 0.00015895 0.0001546 0.00013505 0.00015655 0.0001456 0.00016605 0.00015905 0.00017385 0.00014155 0.0001309 0.0001718 0.0001492 0.0001427 7.875e-05 0.0001473 0.0001451
31 8.015e-05 0.00012645 0.0001771 7.76e-05 0.0001191 0.0001634 9.745e-05 0.00015625 0.0001749 0.00014485 9.745e-05 0.0001254 0.0001296 0.0001641 7.745e-05 0.0001491 0.00012885 0.00013855 0.00014465 0.0001625 0.00016565 0.00012645 8.35e-05 0.0001081 0.00011385 0.00010055 0.0001587 0.00013585 0.00017805 9.74e-05 0.00014155 0.0001549 9.265e-05 0.00011665 0.00013155 0.00010085 0.00015855 8.54e-05 0.00013585 0.00012725 0.0001558 9.335e-05 0.00014995 0.00011165 0.00017495 0.00012595 0.0001274 0.0001359 0.00012635 0.0001631 0.00012485 0.00012445 0.0001267 0.00012645 0.00012775 0.0001746 0.0001826 7.75e-05 9.545e-05 0.0001804 0.00016265 0.0001506 0.00014155 0.0001287 0.0001532
32 8.685e-05 0.00012885 0.0001744 9.275e-05 0.0001258 0.0001659 9.925e-05 0.0001555 0.0001781 0.00016 9.925e-05 0.00013325 0.0001318 0.0001665 9.99e-05 0.00013865 0.0001064 0.0001406 0.00014705 0.0001649 0.00016735 0.00013615 9.135e-05 0.00012325 0.00012125 9.325e-05 0.0001486 0.0001391 0.0001743 9.925e-05 0.0001389 9.265e-05 0.0001706 0.00012455 0.00013155 0.0001052 0.00015445 9.205e-05 0.0001391 0.0001321 0.00015295 9.88e-05 0.00015625 0.0001173 0.00017865 0.0001125 0.0001328 0.0001391 0.0001245 0.0001648 0.00012485 0.0001311 0.0001357 0.00012885 0.000118 0.0001726 0.00018025 9.265e-05 8.7e-05 0.0001774 0.00016505 0.0001519 0.0001389 0.00013015 0.0001564
33 9.925e-05 0.0001251 0.0001662 0.0001167 9.915e-05 0.000102 0.0001101 0.0001662 0.00013505 0.00014075 0.00011015 0.0001171 0.0001197 0.0001332 0.0001471 0.0001634 0.0001529 0.0001482 0.00012885 0.00012165 0.0001262 0.0001556 9.995e-05 8.7e-05 0.0001171 0.00012545 0.0001732 0.0001351 0.0001658 0.00011015 0.00014345 0.00011665 0.00012455 0.0001718 0.00015915 0.0001054 0.00016215 8.63e-05 0.0001351 0.000117 0.00015905 8.65e-05 0.0001462 0.0001409 0.00016795 0.00014415 0.00013855 0.0001351 0.00012415 0.00013225 0.0001319 8.63e-05 0.0001568 0.0001251 0.00016485 0.0001646 0.00016745 0.00011665 0.00013745 0.0001576 0.0001325 0.0001362 0.00014345 0.00013135 0.00014185
34 0.0001323 0.0001626 0.00016715 0.00013155 0.000149 0.00018145 0.00014625 0.0001643 0.00018715 0.0001592 0.0001463 0.00015405 0.00017105 0.00018005 0.00012075 0.0001629 0.00014385 0.0001604 0.0001743 0.0001789 0.00017335 0.00015185 0.0001324 0.0001566 0.000154 0.0001408 0.0001704 0.0001704 0.00017945 0.0001463 0.0001645 0.00013155 0.00013155 0.00015915 0.0001667 0.0001531 0.00017145 0.00015275 0.0001704 0.0001598 0.00017435 0.00016325 0.0001643 0.00013435 0.00018565 0.0001598 0.000137 0.0001704 0.00017215 0.00017505 0.00011285 0.00016955 0.0001459 0.0001626 0.000146 0.00017075 0.00018765 0.00013155 0.00012165 0.00018375 0.0001767 0.00017055 0.0001645 0.0001596 0.00017255
35 5.985e-05 0.0001101 0.00017675 0.000101 0.000116 0.00016685 6.62e-05 0.0001653 0.0001786 0.00016935 6.62e-05 0.0001226 0.00011455 0.00016365 0.0001527 0.0001667 0.00016315 0.0001332 0.00012645 0.00016335 0.000171 0.00016195 8.305e-05 0.00010195 9.92e-05 0.0001057 0.00017895 0.00012235 0.00017295 6.615e-05 0.0001228 0.00010085 0.0001052 0.0001054 0.0001531 9.8e-05 0.0001647 5.785e-05 0.00012235 0.00010925 0.0001395 6.67e-05 0.000161 0.00011175 0.0001754 0.000128 0.000157 0.0001224 7.14e-05 0.0001715 0.00010925 0.0001141 0.0001667 0.0001101 0.00015915 0.0001751 0.00017595 0.0001009 0.00011585 0.000176 0.0001674 0.0001092 0.0001228 0.0001102 0.0001559
36 0.0001649 0.0001481 0.00016335 0.00015865 0.00016295 0.00015055 0.0001621 0.00012725 0.00016995 0.0001607 0.0001621 0.000163 0.00011515 0.00014135 0.0001531 0.0001347 0.00014425 0.0001728 0.00014375 0.0001466 0.00016745 0.0001427 0.0001596 0.00016935 0.00015445 0.0001533 0.00015835 0.00017185 0.00014545 0.0001621 0.00011795 0.00015855 0.00015445 0.00016215 0.00017145 0.0001647 0.0001516 0.0001592 0.00017185 0.0001667 0.00016995 0.0001545 0.00014755 0.0001555 0.00018265 0.0001547 0.0001478 0.00017185 0.00016615 0.00016755 0.0001752 0.00015735 0.000164 0.0001481 0.0001193 0.0001503 0.0001745 0.00015855 0.00015535 0.00017035 0.00014565 0.0001674 0.00011795 0.0001541 0.00016645
37 4.45e-05 9.53e-05 0.00017145 8.55e-05 0.0001109 0.0001566 5.985e-05 0.0001681 0.00017065 0.00015305 5.985e-05 0.00010985 8.46e-05 0.000159 0.00015105 0.00016675 0.00016705 0.000129 0.00012575 0.000155 0.00017015 0.000161 6.735e-05 8.64e-05 8.945e-05 9.255e-05 0.00017585 0.0001042 0.00017235 5.985e-05 0.0001247 8.54e-05 9.205e-05 8.63e-05 0.00015275 5.785e-05 0.0001592 3.93e-05 0.0001042 0.000103 0.0001443 1.965e-05 0.0001571 0.00011825 0.00017865 0.00012025 0.0001516 0.0001042 8.56e-05 0.000161 9.475e-05 8.615e-05 0.00016945 9.53e-05 0.00016395 0.00017015 0.00018195 8.54e-05 0.0001167 0.00018185 0.0001582 0.0001411 0.0001247 9.565e-05 0.00015065
38 0.00011425 0.00013655 0.00017985 0.000136 0.00014915 0.00016935 0.0001253 0.00017335 0.0001349 0.000168 0.0001253 0.000146 0.00013815 0.00016695 0.0001718 0.00017355 0.000177 0.00011425 0.00015455 0.000168 0.0001766 0.0001725 0.0001219 0.00013425 0.0001296 0.000138 0.00013675 9.99e-05 0.00017585 0.00012525 0.00015915 0.00013585 0.0001391 0.0001351 0.0001704 0.00012235 0.00017185 0.0001042 0.0001998 0.00014335 0.00012525 0.0001085 0.0001642 0.000147 0.00014355 0.0001532 0.00016685 9.995e-05 0.00013765 0.00017185 0.00013955 0.0001392 0.00017765 0.00013655 0.00017215 0.0001773 0.00014715 0.0001359 0.00015335 0.00014145 0.0001687 0.00016575 0.00015915 0.00013435 0.00013155
39 0.00010525 0.0001347 0.00016675 0.00012735 0.00012895 0.0001497 0.00011815 0.00015385 0.000167 0.00017275 0.00011815 0.0001465 0.000138 0.0001653 0.00016145 0.00017515 0.00016105 0.0001556 0.0001535 0.00015505 0.00016075 0.00016895 0.0001069 0.00011375 0.00012095 0.000133 0.00018365 0.00014335 0.0001625 0.00011815 0.00015305 0.00012725 0.0001321 0.000117 0.0001598 0.00010925 0.0001667 0.000103 0.00014335 0.0001859 0.00016845 0.00011305 0.00017075 0.0001415 0.0001759 0.00014575 0.0001623 0.00014335 0.00012205 0.0001668 0.00013485 0.0001267 0.0001713 0.0001347 0.0001661 0.0001808 0.0001772 0.00012725 0.00014415 0.00016055 0.0001659 0.0001092 0.00015305 0.00013175 0.00016885
40 0.0001449 0.00015815 0.0001755 0.0001559 0.00015005 0.0001669 0.0001253 0.0001829 0.00013045 0.0001707 0.0001253 0.00015405 0.0001511 0.0001589 0.0001578 0.0001616 0.00016875 0.0001164 0.000145 0.00016365 0.00016535 0.0001602 0.00016425 0.0001655 0.0001632 0.00015925 0.00012855 0.00012525 0.000172 0.0001253 0.000132 0.0001558 0.00015295 0.00015905 0.00017435 0.0001395 0.00016995 0.0001443 0.00012525 0.00016845 0.0001934 0.0001349 0.00016 0.00014785 0.0001486 0.00015795 0.00016435 0.00012525 0.00013825 0.0001672 0.0001667 0.00014955 0.00016225 0.00015815 0.0001746 0.0001662 0.00014 0.0001558 0.00014405 0.0001353 0.0001613 0.00015415 0.000132 0.00016135 0.00011455
41 6.405e-05 0.000101 0.0001657 9.345e-05 0.0001111 0.00014295 6.58e-05 0.0001779 0.0001556 0.00014165 6.58e-05 0.00011015 7.03e-05 0.00014535 0.0001473 0.00015855 0.0001609 0.0001332 0.0001121 0.00014135 0.0001607 0.000155 8.695e-05 9.435e-05 0.000109 9.93e-05 0.0001663 0.0001085 0.0001683 6.58e-05 0.00011635 9.335e-05 9.88e-05 8.65e-05 0.00016325 6.67e-05 0.0001545 1.965e-05 0.0001085 0.00011305 0.0001349 0.0 0.0001557 0.0001373 0.0001793 0.0001173 0.0001518 0.0001085 8.475e-05 0.00015155 0.0001053 6.68e-05 0.00016765 0.000101 0.0001706 0.0001602 0.0001737 9.335e-05 0.00012335 0.0001764 0.00014455 0.00014035 0.00011635 0.00010545 0.0001356
42 0.0001528 0.00016305 0.00016595 0.00015005 0.00014055 0.00014395 0.0001544 0.00016385 0.000152 0.00012675 0.0001544 0.0001276 0.00014875 0.00014045 0.0001413 0.00016565 0.00016885 0.00015845 0.0001536 0.0001505 0.00014295 0.00015445 0.0001572 0.00014795 0.0001522 0.00016215 0.0001666 0.0001642 0.0001733 0.0001544 0.00014595 0.00014995 0.00015625 0.0001462 0.0001643 0.000161 0.00014755 0.0001571 0.0001642 0.00017075 0.00016 0.0001557 0.0001954 0.00012375 0.0001712 0.00016795 0.0001246 0.0001642 0.00016685 0.00014185 0.00016925 0.00014495 0.0001466 0.00016305 0.00015725 0.00016035 0.00017145 0.00014995 0.0001505 0.00016795 0.00014815 0.00017315 0.00014595 0.0001541 0.0001435
43 7.76e-05 0.000139 0.00018035 0.00011175 0.00011895 0.0001875 0.00010015 0.0001517 0.0001884 0.0001775 0.00010015 0.0001331 0.0001516 0.0001783 0.000124 0.00016975 0.0001673 0.00012535 0.000157 0.00018125 0.00016955 0.0001514 0.0001075 0.00013325 0.00010965 0.0001304 0.0001779 0.000147 0.0001817 0.00010015 0.0001334 0.00011165 0.0001173 0.0001409 0.00013435 0.00011175 0.0001555 0.00011825 0.000147 0.0001415 0.00014785 0.0001373 0.00012375 0.000112 0.0001753 0.0001559 0.00014375 0.000147 0.0001373 0.00017335 0.00013565 0.0001597 0.0001406 0.000139 0.0001402 0.00017755 0.0001833 0.00011165 9.56e-05 0.0001804 0.0001779 0.00015395 0.0001334 0.000122 0.0001555
44 0.00018025 0.0001751 0.00018735 0.00017505 0.00016985 0.00016725 0.00018315 0.00017955 0.0001332 0.0001764 0.00018315 0.00017605 0.00017945 0.0001613 0.0001718 0.00017695 0.00017055 0.00014575 0.00016995 0.0001646 0.00016575 0.000172 0.00016635 0.00016625 0.0001701 0.00017825 0.00014525 0.00014355 0.0001773 0.00018315 0.00018385 0.00017495 0.00017865 0.00016795 0.00018565 0.0001754 0.00018265 0.00017865 0.00014355 0.0001759 0.0001486 0.0001793 0.0001712 0.0001753 0.000199 0.00018095 0.00017725 0.00014355 0.00017815 0.0001759 0.00018355 0.00016835 0.00017305 0.0001751 0.0001776 0.00018235 0.00010445 0.00017495 0.0001809 0.0001332 0.00017265 0.0001732 0.00018385 0.0001792 0.0001443
45 0.000131 0.00014515 0.0001547 0.000126 0.00015195 0.00016495 0.000128 0.000144 0.0001742 0.00016865 0.00012805 0.0001584 0.00014215 0.0001644 0.0001286 0.00012895 0.0001005 0.00016095 0.0001464 0.00016495 0.00015995 0.00014785 0.00012805 0.0001495 0.000148 0.0001051 0.00013645 0.0001532 0.0001527 0.00012805 0.00014985 0.00012595 0.0001125 0.00014415 0.0001598 0.000128 0.0001547 0.00012025 0.0001532 0.00014575 0.00015795 0.0001173 0.00016795 0.0001559 0.00018095 0.0001738 0.0001505 0.0001532 0.00010985 0.0001523 0.00014885 0.0001413 0.0001417 0.00014515 0.00011835 0.0001692 0.0001749 0.00012595 0.0001204 0.00016325 0.00015725 0.00015045 0.00014985 0.0001375 0.0001594
46 0.00014245 0.0001607 0.0001606 0.0001275 0.00012935 0.0001348 0.000149 0.0001544 0.0001538 0.0001159 0.000149 0.000121 0.0001504 0.0001395 0.0001033 0.00014905 0.00013385 0.00015785 0.00015255 0.00014735 0.00014175 0.00013665 0.00014095 0.0001393 0.0001544 0.0001408 0.000155 0.00016685 0.0001694 0.000149 0.0001477 0.0001274 0.0001328 0.00013855 0.000137 0.000157 0.0001478 0.0001516 0.00016685 0.0001623 0.00016435 0.0001518 0.0001246 0.00014375 0.00017725 0.0001505 0.000186 0.00016685 0.00016675 0.0001409 0.0001624 0.0001386 0.0001308 0.0001607 0.0001351 0.0001613 0.0001786 0.0001274 0.00012385 0.0001718 0.00014545 0.0001678 0.0001477 0.00016365 0.000145
47 0.00011425 0.00013655 0.00017985 0.000136 0.00014915 0.00016935 0.0001253 0.00017335 0.0001349 0.000168 0.0001253 0.000146 0.00013815 0.00016695 0.0001718 0.00017355 0.000177 0.00011425 0.00015455 0.000168 0.0001766 0.0001725 0.0001219 0.00013425 0.0001296 0.000138 0.00013675 9.995e-05 0.00017585 0.0001253 0.00015915 0.0001359 0.0001391 0.0001351 0.0001704 0.0001224 0.00017185 0.0001042 9.995e-05 0.00014335 0.00012525 0.0001085 0.0001642 0.000147 0.00014355 0.0001532 0.00016685 0.0001998 0.00013765 0.00017185 0.00013955 0.0001392 0.00017765 0.00013655 0.00017215 0.0001773 0.00014715 0.0001359 0.00015335 0.00014145 0.0001687 0.00016575 0.00015915 0.00013435 0.00013155
48 9.615e-05 0.00012815 0.0001561 0.0001264 0.0001339 0.0001659 8.71e-05 0.00015605 0.00017545 0.00017635 8.715e-05 0.00014165 0.0001239 0.0001633 0.00016615 0.00016665 0.0001643 0.0001473 0.00012755 0.000163 0.0001573 0.000168 0.00011845 0.00012735 0.0001259 0.000125 0.00017585 0.00013765 0.0001536 8.715e-05 0.00012535 0.00012635 0.0001245 0.00012415 0.00017215 7.14e-05 0.00016615 8.56e-05 0.00013765 0.00012205 0.00013825 8.475e-05 0.00016685 0.0001373 0.00017815 0.00010985 0.00016675 0.00013765 0.0001125 0.00015775 0.00013135 0.00012345 0.0001594 0.00012815 0.00016915 0.00017245 0.00017115 0.00012635 0.000134 0.0001627 0.00016705 0.0001069 0.00012535 0.00011755 0.00015275
49 0.00017025 0.0001697 0.0001495 0.00016315 0.0001321 0.0001035 0.00016585 0.00016685 0.00013375 0.00013915 0.0001659 0.00013625 0.00015415 0.00013665 0.00015565 0.00016435 0.0001624 0.0001716 0.00015285 0.00012925 8.92e-05 0.0001623 0.00016995 0.00013965 0.00017185 0.0001661 0.00016605 0.00017185 0.00015715 0.0001659 0.00015895 0.0001631 0.0001648 0.00013225 0.00017505 0.0001715 0.00016755 0.000161 0.00017185 0.0001668 0.0001672 0.00015155 0.00014185 0.00017335 0.0001759 0.0001523 0.0001409 0.00017185 0.00015775 0.0001685 0.00017555 0.00012295 0.00011995 0.0001697 0.00017505 0.0001614 0.00016925 0.0001631 0.00016445 0.00015295 0.00012705 0.00016775 0.00015895 0.00017 0.00014
50 9.595e-05 0.00013265 0.0001706 0.0001248 0.00014345 0.00018085 0.00011135 0.0001749 0.0001871 0.00016005 0.00011145 0.0001407 0.000138 0.0001781 0.0001654 0.000177 0.00017225 0.00015125 0.000159 0.0001759 0.0001805 0.00017325 0.00011145 0.00012935 0.0001243 0.0001268 0.0001836 0.00013955 0.0001813 0.00011145 0.0001546 0.00012485 0.00012485 0.0001319 0.00011285 0.00010925 0.0001752 9.475e-05 0.00013955 0.00013485 0.0001667 0.0001053 0.00016925 0.00013565 0.00018355 0.00014885 0.0001624 0.00013955 0.00013135 0.00017555 0.0001684 0.00014235 0.0001736 0.00013265 0.00016885 0.0001705 0.0001876 0.00012485 0.0001365 0.0001866 0.00017675 0.0001598 0.0001546 0.0001317 0.0001732
51 0.00011855 0.0001306 0.0001606 0.00012455 9.92e-05 8.81e-05 0.00011595 0.00017605 0.0001198 0.0001293 0.00011595 0.0001173 0.00010535 0.00011945 0.0001433 0.00015505 0.0001465 0.0001522 0.0001151 0.0001079 0.0001169 0.0001495 0.00011935 9.48e-05 0.0001364 0.000132 0.0001635 0.0001392 0.00016185 0.00011595 0.00013505 0.00012445 0.0001311 8.63e-05 0.00016955 0.0001141 0.00015735 8.615e-05 0.0001392 0.0001267 0.00014955 6.68e-05 0.00014495 0.0001597 0.00016835 0.0001413 0.0001386 0.0001392 0.00012345 0.00012295 0.00014235 0.0001336 0.00015515 0.0001306 0.0001713 0.00015455 0.000159 0.00012445 0.0001439 0.00015215 0.00011875 0.0001352 0.00013505 0.0001412 0.0001267
52 0.000154 0.00017435 0.0001582 0.0001268 0.0001396 0.0001545 0.00015595 0.00015295 0.0001633 0.00014655 0.00015595 0.0001419 0.00017015 0.00015745 8.205e-05 0.00015175 0.00013095 0.00016035 0.0001622 0.00016095 0.00011225 0.00012975 0.0001488 0.0001549 0.0001697 0.00014905 0.00015495 0.00017765 0.0001654 0.00015595 0.00015655 0.0001267 0.0001357 0.0001568 0.0001459 0.0001667 0.000164 0.00016945 0.00017765 0.0001713 0.00016225 0.00016765 0.0001466 0.0001406 0.00017305 0.0001417 0.0001308 0.00017765 0.0001594 0.00011995 0.0001736 0.00015515 0.0001641 0.00017435 0.0001397 0.00017035 0.0001711 0.0001267 0.00011865 0.00016185 0.0001617 0.00016665 0.00015655 0.00017325 0.00014625
53 0.0001024 8.96e-05 0.0001747 0.00012655 0.0001376 0.0001495 0.0001113 0.0001552 0.0001718 0.0001656 0.0001113 0.0001413 0.0001297 0.0001238 0.0001632 0.00012495 0.0001659 0.0001493 0.0001091 0.00012815 0.00017275 0.0001264 0.00011155 0.0001239 0.0001016 0.00012715 0.00017215 0.00013655 0.0001311 0.0001113 0.0001456 0.00012645 0.00012885 0.0001251 0.0001626 0.0001101 0.0001481 9.53e-05 0.00013655 0.0001347 0.00015815 0.000101 0.00016305 0.000139 0.0001751 0.00014515 0.0001607 0.00013655 0.00012815 0.0001697 0.00013265 0.0001306 0.00017435 0.0001792 0.00015125 0.0001333 0.00017695 0.00012645 0.0001415 0.0001731 0.0001282 0.0001551 0.0001456 0.0001259 0.0001633
54 0.0001519 0.00015125 0.00017815 0.00012785 0.00015915 0.00017035 0.00015985 0.00011865 0.00017945 0.00016565 0.00015985 0.00017035 0.00017025 0.0001574 9.81e-05 0.0001042 7.37e-05 0.0001667 0.0001532 0.0001674 0.00017655 0.00012165 0.00013205 0.00016355 0.00015045 0.0001084 0.0001248 0.00017215 0.00016155 0.00015985 0.00016605 0.00012775 0.000118 0.00016485 0.000146 0.00015915 0.0001193 0.00016395 0.00017215 0.0001661 0.0001746 0.0001706 0.00015725 0.0001402 0.0001776 0.00011835 0.0001351 0.00017215 0.00016915 0.00017505 0.00016885 0.0001713 0.0001397 0.00015125 0.0001188 0.0001619 0.00017795 0.00012775 0.0001128 0.00017345 0.00015655 0.00016785 0.00016605 0.00015915 0.00017295
55 0.00017955 0.0001333 0.0001294 0.0001747 0.00016385 0.00014155 0.0001691 0.00016625 0.00016165 0.00013215 0.0001691 0.0001644 0.0001602 0.00011435 0.000169 0.00012225 0.00016595 0.0001767 0.00012165 0.0001234 0.0001602 0.00012775 0.0001787 0.0001718 0.0001585 0.0001719 0.0001662 0.0001773 0.0001294 0.0001691 0.00015905 0.0001746 0.0001726 0.0001646 0.00017075 0.0001751 0.0001503 0.00017015 0.0001773 0.0001808 0.0001662 0.0001602 0.00016035 0.00017755 0.00018235 0.0001692 0.0001613 0.0001773 0.00017245 0.0001614 0.0001705 0.00015455 0.00017035 0.0001333 0.0001619 0.000173 0.0001748 0.0001746 0.000172 0.0001707 0.0001211 0.0001757 0.00015905 0.00017365 0.00016045
56 0.00019035 0.00017695 0.0001811 0.0001827 0.0001673 0.0001571 0.00018315 0.00018155 0.00012415 0.0001772 0.00018315 0.00017745 0.00017275 0.0001505 0.0001749 0.00016745 0.0001601 0.00014725 0.000159 0.00015445 0.0001557 0.0001693 0.00017515 0.00017255 0.0001794 0.00017975 0.00013715 0.00014715 0.0001701 0.00018315 0.00017385 0.0001826 0.00018025 0.00016745 0.00018765 0.00017595 0.0001745 0.00018195 0.00014715 0.0001772 0.00014 0.0001737 0.00017145 0.0001833 0.00010445 0.0001749 0.0001786 0.00014715 0.00017115 0.00016925 0.0001876 0.000159 0.0001711 0.00017695 0.00017795 0.0001748 0.000179 0.0001826 0.0001804 0.0001184 0.00016375 0.00016285 0.00017385 0.00018335 0.00012915
