 slim_761977830 slim_761977803 slim_761977812 slim_761977840 slim_761977825 slim_761977815 slim_761977799 slim_761977822 slim_761977841 slim_761977805 slim_761977850 slim_761977808 slim_761977832 slim_761977796 slim_761977820 slim_761977797 slim_761977848 slim_761977804 slim_761977837 slim_761977816 slim_761977844 slim_761977851 slim_761977800 slim_761977838 slim_761977824 slim_761977831 slim_761977836 slim_761977826 slim_761977794 slim_761977849 slim_761977846 slim_761977817 slim_761977829 slim_761977795 slim_761977845 slim_761977828 slim_761977842 slim_761977809 slim_761977818 slim_761977801 slim_761977802 slim_761977835 slim_761977839 slim_761977827 slim_761977814 slim_761977819 slim_761977811 slim_761977798 slim_761977847 slim_761977807 slim_761977821 slim_761977833 slim_761977843 slim_761977810 slim_761977823 slim_761977813 slim_761977834 slim_761977806
0 3.5e-05 5.5e-05 5.8e-05 9.88e-05 2.455e-05 4.95e-05 3.975e-05 4.46e-05 8.18e-05 0.0001055 4.115e-05 4.575e-05 6.66e-05 5.5e-05 6.5e-05 3.47e-05 4.58e-05 6.75e-05 7.42e-05 7.85e-05 4.555e-05 4.105e-05 0.0001053 6.97e-05 5.505e-05 6.045e-05 5.475e-05 4.13e-05 8.675e-05 0.0001 4.79e-05 5.815e-05 6.94e-05 7.435e-05 7.13e-05 8.87e-05 8.96e-05 3.755e-05 5.095e-05 3.485e-05 6.935e-05 8.555e-05 8.77e-05 3.835e-05 2.79e-05 1.81e-05 6.98e-05 4.1e-05 8.64e-05 2.75e-05 4.685e-05 0.000104 6.64e-05 5.125e-05 4.835e-05 4.935e-05 7.87e-05 6.47e-05
1 5.5e-05 0.0001079 5.435e-05 7.265e-05 5.485e-05 6.315e-05 5.865e-05 5.65e-05 6.455e-05 7.715e-05 5.53e-05 5.865e-05 6.425e-05 5.395e-05 6.795e-05 5.425e-05 5.945e-05 6.725e-05 5.8e-05 6.28e-05 6.36e-05 6.465e-05 7.695e-05 5.955e-05 5.4e-05 5.425e-05 5.93e-05 5.54e-05 6.65e-05 7.24e-05 5.41e-05 6.34e-05 6.34e-05 6.175e-05 6.455e-05 6.35e-05 6.3e-05 5.45e-05 5.45e-05 5.44e-05 5.975e-05 6.53e-05 6.725e-05 6.395e-05 5.42e-05 5.495e-05 5.845e-05 6.46e-05 5.875e-05 5.505e-05 5.52e-05 7.67e-05 6.3e-05 5.555e-05 5.525e-05 6.3e-05 5.86e-05 6.775e-05
2 5.8e-05 5.435e-05 9.62e-05 6.7e-05 5.795e-05 5.705e-05 5.22e-05 5.315e-05 6.185e-05 7.15e-05 5.525e-05 6.01e-05 6.155e-05 5.435e-05 6.5e-05 5.44e-05 6.425e-05 6.61e-05 5.315e-05 5.705e-05 6.395e-05 6.435e-05 7.135e-05 5.665e-05 5.44e-05 4.825e-05 5.6e-05 5.535e-05 6.05e-05 6.68e-05 5.1e-05 6.04e-05 5.73e-05 6.02e-05 6.145e-05 5.755e-05 5.73e-05 4.815e-05 4.82e-05 5.44e-05 6.15e-05 5.93e-05 6.145e-05 6.095e-05 5.735e-05 5.8e-05 5.54e-05 6.43e-05 5.29e-05 5.505e-05 5.52e-05 7.105e-05 6.355e-05 5.25e-05 5.87e-05 5.705e-05 5.73e-05 6.48e-05
3 9.88e-05 7.265e-05 6.7e-05 0.0 0.00011645 8.735e-05 0.0001128 6.085e-05 2.215e-05 8.85e-06 6.3e-05 6.5e-05 3.77e-05 7.265e-05 4.98e-05 0.00011775 8.205e-05 5.54e-05 3.35e-05 3.03e-05 7.095e-05 7.59e-05 9e-06 4.695e-05 7.27e-05 7.33e-05 6.08e-05 6.31e-05 2.215e-05 8.1e-06 5.18e-05 4.085e-05 6.4e-05 4.63e-05 4.59e-05 1.12e-05 1.88e-05 0.00011195 7.405e-05 0.0001179 4.625e-05 2.995e-05 3.26e-05 6.36e-05 0.00010125 9.925e-05 4.435e-05 7.585e-05 2.855e-05 0.0001138 8.185e-05 1.1e-05 6.965e-05 7.82e-05 8.395e-05 8.72e-05 4.135e-05 4.99e-05
4 2.455e-05 5.485e-05 5.795e-05 0.00011645 2.27e-05 3.74e-05 2.27e-05 6.225e-05 0.0001006 0.0001195 6.115e-05 6.405e-05 8.655e-05 5.485e-05 8.015e-05 1.455e-05 5.1e-05 7.37e-05 9.245e-05 9.28e-05 5.245e-05 6.1e-05 0.0001193 8.71e-05 5.49e-05 5.47e-05 6.99e-05 6.125e-05 0.0001018 0.00011315 6.79e-05 7.7e-05 6.37e-05 8.885e-05 9.125e-05 0.0001075 0.0001039 1.75e-05 5.09e-05 1.47e-05 8.76e-05 0.0001007 9.945e-05 5.8e-05 2.64e-05 2.455e-05 8.6e-05 6.095e-05 0.00010155 1.44e-05 4.675e-05 0.00011915 6.06e-05 5.12e-05 4.82e-05 3.725e-05 9.13e-05 7.99e-05
5 4.95e-05 6.315e-05 5.705e-05 8.735e-05 3.74e-05 5.55e-05 3.255e-05 7.325e-05 9.105e-05 9.105e-05 7.61e-05 7.945e-05 8.005e-05 6.315e-05 7.62e-05 3.39e-05 7.145e-05 6.45e-05 8.99e-05 7.525e-05 5.275e-05 7.72e-05 9.095e-05 9.395e-05 6.32e-05 5.71e-05 7.85e-05 7.62e-05 8.895e-05 8.715e-05 7.195e-05 7.24e-05 5.73e-05 9.6e-05 9.16e-05 8.685e-05 8.66e-05 2.78e-05 5.715e-05 3.39e-05 9.805e-05 9.065e-05 8.99e-05 5.63e-05 4.74e-05 4.95e-05 9.27e-05 7.715e-05 9.045e-05 3.455e-05 6.35e-05 9.07e-05 6.34e-05 6.135e-05 6.74e-05 2.775e-05 9.39e-05 7.605e-05
6 3.975e-05 5.865e-05 5.22e-05 0.0001128 2.27e-05 3.255e-05 1.46e-05 6.325e-05 0.00010185 0.0001098 6.915e-05 7.3e-05 8.925e-05 5.865e-05 7.72e-05 1.38e-05 6.53e-05 7.81e-05 9.155e-05 8.785e-05 6.23e-05 6.95e-05 0.0001095 8.485e-05 5.87e-05 4.525e-05 6.63e-05 6.925e-05 9.44e-05 0.000107 7.23e-05 8.01e-05 5.405e-05 8.73e-05 9.43e-05 0.00010485 9.895e-05 7.35e-06 4.495e-05 1.38e-05 9.47e-05 9.165e-05 8.97e-05 6.225e-05 3.645e-05 3.93e-05 8.35e-05 6.945e-05 9.295e-05 1.96e-05 5.065e-05 0.0001109 6.05e-05 4.92e-05 5.56e-05 3.255e-05 9.08e-05 7.685e-05
7 4.46e-05 5.65e-05 5.315e-05 6.085e-05 6.225e-05 7.325e-05 6.325e-05 5.57e-05 4.885e-05 6.595e-05 3.235e-05 3.755e-05 4.875e-05 5.65e-05 4.96e-05 6.685e-05 5.43e-05 6.515e-05 3.885e-05 5.57e-05 6.09e-05 3.99e-05 6.555e-05 3.665e-05 5.655e-05 5.715e-05 3.345e-05 3.25e-05 4.665e-05 6.49e-05 3.535e-05 4.435e-05 6.6e-05 3.99e-05 4.73e-05 5.185e-05 5.57e-05 6.35e-05 4.595e-05 6.685e-05 4.205e-05 4.665e-05 5.24e-05 4.42e-05 5.03e-05 4.51e-05 3.47e-05 3.985e-05 4.79e-05 6.23e-05 5.205e-05 6.59e-05 6.935e-05 5.025e-05 5.355e-05 7.325e-05 4.905e-05 4.905e-05
8 8.18e-05 6.455e-05 6.185e-05 2.215e-05 0.0001006 9.105e-05 0.00010185 4.885e-05 4.43e-05 3.08e-05 4.54e-05 5.165e-05 3.615e-05 6.455e-05 5.415e-05 0.0001037 6.475e-05 5.785e-05 2.885e-05 4.13e-05 6.975e-05 6.385e-05 3.07e-05 2.92e-05 6.46e-05 6.95e-05 4.875e-05 4.55e-05 2.775e-05 2.995e-05 4.575e-05 4.54e-05 6.915e-05 3.4e-05 4.085e-05 2.25e-05 3.005e-05 0.000101 6.175e-05 0.0001037 2.835e-05 3.09e-05 3.67e-05 6.64e-05 8.615e-05 8.225e-05 2.78e-05 6.38e-05 3.09e-05 9.785e-05 6.79e-05 3.11e-05 7.185e-05 6.165e-05 6.43e-05 9.105e-05 3.625e-05 5.4e-05
9 0.0001055 7.715e-05 7.15e-05 8.85e-06 0.0001195 9.105e-05 0.0001098 6.595e-05 3.08e-05 1.77e-05 7.13e-05 7.255e-05 4.575e-05 7.715e-05 4.945e-05 0.0001186 8.815e-05 6.215e-05 4.105e-05 3.72e-05 7.765e-05 8.405e-05 9.25e-06 4.87e-05 7.72e-05 7.65e-05 6.085e-05 7.14e-05 2.53e-05 1.545e-05 5.995e-05 4.935e-05 6.745e-05 4.85e-05 5.405e-05 1.965e-05 2.59e-05 0.0001128 7.87e-05 0.00011875 5.395e-05 3.005e-05 3.315e-05 7.03e-05 0.00010525 0.00010595 4.73e-05 8.4e-05 2.85e-05 0.00011685 8.635e-05 1.055e-05 7.31e-05 8.285e-05 8.86e-05 9.09e-05 4.765e-05 4.98e-05
10 4.115e-05 5.53e-05 5.525e-05 6.3e-05 6.115e-05 7.61e-05 6.915e-05 3.235e-05 4.54e-05 7.13e-05 5.56e-05 3.535e-05 4.41e-05 5.53e-05 5.385e-05 6.82e-05 4.865e-05 6.34e-05 4.06e-05 5.69e-05 5.715e-05 3.845e-05 7.095e-05 3.46e-05 5.535e-05 6.1e-05 3.77e-05 2.795e-05 5.21e-05 6.74e-05 3.515e-05 4.54e-05 6.975e-05 4.205e-05 4.565e-05 5.27e-05 5.69e-05 6.815e-05 4.805e-05 6.82e-05 3.53e-05 5.075e-05 5.63e-05 4.535e-05 4.97e-05 4.165e-05 3.455e-05 3.84e-05 5.19e-05 6.12e-05 5.03e-05 6.985e-05 6.98e-05 4.805e-05 4.805e-05 7.61e-05 4.835e-05 5.34e-05
11 4.575e-05 5.865e-05 6.01e-05 6.5e-05 6.405e-05 7.945e-05 7.3e-05 3.755e-05 5.165e-05 7.255e-05 3.535e-05 6.48e-05 5.155e-05 5.865e-05 5.64e-05 7.075e-05 4.575e-05 5.95e-05 4.05e-05 5.935e-05 6.09e-05 3.965e-05 7.23e-05 4.46e-05 5.87e-05 6.395e-05 4.315e-05 3.55e-05 5.605e-05 6.905e-05 4.015e-05 4.87e-05 7.25e-05 3.98e-05 4.73e-05 5.665e-05 6.03e-05 7.205e-05 5.505e-05 7.09e-05 3.535e-05 5.65e-05 6.17e-05 4.89e-05 5.26e-05 4.625e-05 4.275e-05 3.96e-05 5.54e-05 6.545e-05 5.355e-05 7.26e-05 7.105e-05 5.525e-05 5.39e-05 7.93e-05 4.415e-05 5.6e-05
12 6.66e-05 6.425e-05 6.155e-05 3.77e-05 8.655e-05 8.005e-05 8.925e-05 4.875e-05 3.615e-05 4.575e-05 4.41e-05 5.155e-05 6.92e-05 6.425e-05 5.38e-05 9.095e-05 6.45e-05 6.06e-05 4.235e-05 4.705e-05 6.36e-05 5.485e-05 4.59e-05 4.15e-05 6.43e-05 6.73e-05 5.405e-05 4.42e-05 4.295e-05 4.205e-05 4.43e-05 4.565e-05 6.72e-05 4.885e-05 4.545e-05 3.63e-05 4.055e-05 8.825e-05 6.16e-05 9.095e-05 4.2e-05 4.46e-05 4.72e-05 5.21e-05 7.52e-05 6.705e-05 4.145e-05 5.48e-05 4.445e-05 8.38e-05 6.425e-05 4.425e-05 6.99e-05 6.15e-05 6.415e-05 8.005e-05 4.79e-05 5.39e-05
13 5.5e-05 5.395e-05 5.435e-05 7.265e-05 5.485e-05 6.315e-05 5.865e-05 5.65e-05 6.455e-05 7.715e-05 5.53e-05 5.865e-05 6.425e-05 0.0001079 6.795e-05 5.425e-05 5.945e-05 6.725e-05 5.8e-05 6.28e-05 6.36e-05 6.465e-05 7.695e-05 5.955e-05 5.4e-05 5.425e-05 5.93e-05 5.54e-05 6.65e-05 7.24e-05 5.41e-05 6.34e-05 6.34e-05 6.175e-05 6.455e-05 6.35e-05 6.3e-05 5.45e-05 5.45e-05 5.44e-05 5.975e-05 6.53e-05 6.725e-05 6.395e-05 5.42e-05 5.495e-05 5.845e-05 6.46e-05 5.875e-05 5.505e-05 5.52e-05 7.67e-05 6.3e-05 5.555e-05 5.525e-05 6.3e-05 5.86e-05 6.775e-05
14 6.5e-05 6.795e-05 6.5e-05 4.98e-05 8.015e-05 7.62e-05 7.72e-05 4.96e-05 5.415e-05 4.945e-05 5.385e-05 5.64e-05 5.38e-05 6.795e-05 9.82e-05 8.315e-05 7.215e-05 6.78e-05 5.29e-05 5.29e-05 6.515e-05 5.86e-05 4.96e-05 5.42e-05 6.8e-05 6.81e-05 4.98e-05 5.395e-05 4.975e-05 5.3e-05 4.95e-05 4.95e-05 6.815e-05 5.665e-05 5.89e-05 4.995e-05 5.285e-05 8.005e-05 6.51e-05 8.33e-05 6.1e-05 5e-05 5.285e-05 4.935e-05 6.89e-05 6.535e-05 5.415e-05 5.855e-05 4.96e-05 8.03e-05 6.885e-05 4.94e-05 7.11e-05 6.935e-05 7.24e-05 7.605e-05 5.985e-05 4.935e-05
15 3.47e-05 5.425e-05 5.44e-05 0.00011775 1.455e-05 3.39e-05 1.38e-05 6.685e-05 0.0001037 0.0001186 6.82e-05 7.075e-05 9.095e-05 5.425e-05 8.315e-05 1.31e-05 5.865e-05 7.775e-05 9.56e-05 9.095e-05 5.99e-05 6.88e-05 0.0001183 9e-05 5.425e-05 4.56e-05 7.265e-05 6.83e-05 0.0001017 0.0001101 7.44e-05 8.225e-05 5.445e-05 9.02e-05 9.64e-05 0.00010995 0.000102 6.6e-06 4.72e-05 6.75e-06 9.215e-05 0.0001007 9.61e-05 6.45e-05 2.86e-05 3.42e-05 8.77e-05 6.875e-05 0.0001018 1.45e-05 4.665e-05 0.00011955 5.43e-05 4.82e-05 4.81e-05 3.375e-05 8.965e-05 8.285e-05
16 4.58e-05 5.945e-05 6.425e-05 8.205e-05 5.1e-05 7.145e-05 6.53e-05 5.43e-05 6.475e-05 8.815e-05 4.865e-05 4.575e-05 6.45e-05 5.945e-05 7.215e-05 5.865e-05 8.31e-05 6.045e-05 5.765e-05 7.63e-05 6.065e-05 5.555e-05 8.805e-05 5.65e-05 5.95e-05 6.805e-05 5.915e-05 4.875e-05 7.19e-05 8.6e-05 5.745e-05 6.595e-05 7.665e-05 5.17e-05 6.305e-05 7.37e-05 7.735e-05 6.33e-05 5.93e-05 5.88e-05 4.45e-05 7.235e-05 7.755e-05 6.57e-05 5.21e-05 4.625e-05 5.465e-05 5.55e-05 7.12e-05 5.24e-05 5.37e-05 8.805e-05 7.185e-05 5.545e-05 5.075e-05 7.13e-05 5.725e-05 7.2e-05
17 6.75e-05 6.725e-05 6.61e-05 5.54e-05 7.37e-05 6.45e-05 7.81e-05 6.515e-05 5.785e-05 6.215e-05 6.34e-05 5.95e-05 6.06e-05 6.725e-05 6.78e-05 7.775e-05 6.045e-05 0.0001046 5.65e-05 6.11e-05 6.05e-05 6.99e-05 6.21e-05 6.605e-05 6.73e-05 7.295e-05 6.76e-05 6.35e-05 6.175e-05 6.235e-05 6.105e-05 6.095e-05 7.295e-05 6.03e-05 6.435e-05 5.565e-05 6.235e-05 7.645e-05 6.835e-05 7.79e-05 5.635e-05 6.495e-05 7.04e-05 6.355e-05 6.98e-05 6.795e-05 6.425e-05 6.985e-05 6.25e-05 7.235e-05 7.025e-05 6.2e-05 7.41e-05 6.845e-05 6.97e-05 6.435e-05 6.1e-05 6.77e-05
18 7.42e-05 5.8e-05 5.315e-05 3.35e-05 9.245e-05 8.99e-05 9.155e-05 3.885e-05 2.885e-05 4.105e-05 4.06e-05 4.05e-05 4.235e-05 5.8e-05 5.29e-05 9.56e-05 5.765e-05 5.65e-05 3.12e-05 4.135e-05 7.21e-05 5.26e-05 4.095e-05 2.67e-05 5.805e-05 6.025e-05 3.885e-05 4.07e-05 2.93e-05 4.05e-05 3.635e-05 4.525e-05 6.905e-05 2.455e-05 3.185e-05 2.455e-05 3.15e-05 9.075e-05 5.325e-05 9.56e-05 2.405e-05 2.955e-05 3.82e-05 6.455e-05 7.72e-05 7.465e-05 2.47e-05 5.255e-05 2.325e-05 9.095e-05 6.22e-05 4.085e-05 7.39e-05 5.755e-05 6.235e-05 8.99e-05 2.685e-05 5.275e-05
19 7.85e-05 6.28e-05 5.705e-05 3.03e-05 9.28e-05 7.525e-05 8.785e-05 5.57e-05 4.13e-05 3.72e-05 5.69e-05 5.935e-05 4.705e-05 6.28e-05 5.29e-05 9.095e-05 7.63e-05 6.11e-05 4.135e-05 5.76e-05 6.205e-05 6.82e-05 3.72e-05 5.47e-05 6.285e-05 5.7e-05 5.79e-05 5.7e-05 4.225e-05 2.995e-05 4.52e-05 4.59e-05 5.755e-05 5.57e-05 5.18e-05 2.975e-05 2.93e-05 8.505e-05 6.45e-05 9.11e-05 5.47e-05 4.42e-05 4.335e-05 5.18e-05 8.05e-05 7.85e-05 5.33e-05 6.815e-05 3.605e-05 9.015e-05 6.94e-05 3.665e-05 6.33e-05 6.875e-05 7.46e-05 7.51e-05 4.3e-05 5.285e-05
20 4.555e-05 6.36e-05 6.395e-05 7.095e-05 5.245e-05 5.275e-05 6.23e-05 6.09e-05 6.975e-05 7.765e-05 5.715e-05 6.09e-05 6.36e-05 6.36e-05 6.515e-05 5.99e-05 6.065e-05 6.05e-05 7.21e-05 6.205e-05 9.03e-05 6.395e-05 7.765e-05 7.375e-05 6.365e-05 6.95e-05 6.555e-05 5.725e-05 7.5e-05 7.51e-05 5.67e-05 5.835e-05 6.985e-05 7.755e-05 7.48e-05 6.945e-05 7.345e-05 6.01e-05 6.42e-05 6.005e-05 7.225e-05 7.655e-05 7.905e-05 4.655e-05 5.27e-05 4.6e-05 7.385e-05 6.39e-05 7.59e-05 5.26e-05 6.405e-05 7.595e-05 6.95e-05 6.44e-05 6.415e-05 5.26e-05 7.75e-05 6.51e-05
21 4.105e-05 6.465e-05 6.435e-05 7.59e-05 6.1e-05 7.72e-05 6.95e-05 3.99e-05 6.385e-05 8.405e-05 3.845e-05 3.965e-05 5.485e-05 6.465e-05 5.86e-05 6.88e-05 5.555e-05 6.99e-05 5.26e-05 6.82e-05 6.395e-05 4.98e-05 8.375e-05 5.535e-05 6.47e-05 6.685e-05 5.05e-05 3.855e-05 6.745e-05 7.72e-05 4.265e-05 5.05e-05 7.335e-05 5.66e-05 4.255e-05 6.82e-05 6.91e-05 6.835e-05 5.72e-05 6.895e-05 5.295e-05 6.715e-05 6.84e-05 4.265e-05 5.19e-05 4.135e-05 5.545e-05 2.49e-05 6.955e-05 6.255e-05 5.715e-05 8.275e-05 7.365e-05 6.015e-05 6.055e-05 7.705e-05 5.975e-05 5.84e-05
22 0.0001053 7.695e-05 7.135e-05 9e-06 0.0001193 9.095e-05 0.0001095 6.555e-05 3.07e-05 9.25e-06 7.095e-05 7.23e-05 4.59e-05 7.695e-05 4.96e-05 0.0001183 8.805e-05 6.21e-05 4.095e-05 3.72e-05 7.765e-05 8.375e-05 1.8e-05 4.83e-05 7.7e-05 7.635e-05 6.04e-05 7.105e-05 2.52e-05 1.565e-05 5.975e-05 4.925e-05 6.735e-05 4.825e-05 5.39e-05 1.97e-05 2.59e-05 0.00011255 7.84e-05 0.00011845 5.37e-05 2.96e-05 3.295e-05 7.015e-05 0.000105 0.00010575 4.695e-05 8.37e-05 2.84e-05 0.0001167 8.6e-05 1.095e-05 7.295e-05 8.255e-05 8.825e-05 9.08e-05 4.755e-05 4.93e-05
23 6.97e-05 5.955e-05 5.665e-05 4.695e-05 8.71e-05 9.395e-05 8.485e-05 3.665e-05 2.92e-05 4.87e-05 3.46e-05 4.46e-05 4.15e-05 5.955e-05 5.42e-05 9e-05 5.65e-05 6.605e-05 2.67e-05 5.47e-05 7.375e-05 5.535e-05 4.83e-05 2.29e-05 5.96e-05 6.525e-05 3.26e-05 3.465e-05 3.115e-05 5.425e-05 4.205e-05 5.235e-05 7.41e-05 2.34e-05 3.955e-05 3.65e-05 4.37e-05 8.71e-05 4.94e-05 9e-05 2.14e-05 2.785e-05 3.63e-05 7.01e-05 7.355e-05 7.015e-05 1.34e-05 5.53e-05 2.92e-05 8.425e-05 5.75e-05 4.72e-05 7.7e-05 4.93e-05 5.22e-05 9.395e-05 3.74e-05 5.375e-05
24 5.505e-05 5.4e-05 5.44e-05 7.27e-05 5.49e-05 6.32e-05 5.87e-05 5.655e-05 6.46e-05 7.72e-05 5.535e-05 5.87e-05 6.43e-05 5.4e-05 6.8e-05 5.425e-05 5.95e-05 6.73e-05 5.805e-05 6.285e-05 6.365e-05 6.47e-05 7.7e-05 5.96e-05 0.000108 5.43e-05 5.935e-05 5.545e-05 6.655e-05 7.245e-05 5.415e-05 6.345e-05 6.345e-05 6.18e-05 6.46e-05 6.355e-05 6.305e-05 5.455e-05 5.455e-05 5.445e-05 5.98e-05 6.535e-05 6.73e-05 6.4e-05 5.425e-05 5.5e-05 5.85e-05 6.465e-05 5.88e-05 5.51e-05 5.525e-05 7.675e-05 6.305e-05 5.56e-05 5.525e-05 6.305e-05 5.865e-05 6.78e-05
25 6.045e-05 5.425e-05 4.825e-05 7.33e-05 5.47e-05 5.71e-05 4.525e-05 5.715e-05 6.95e-05 7.65e-05 6.1e-05 6.395e-05 6.73e-05 5.425e-05 6.81e-05 4.56e-05 6.805e-05 7.295e-05 6.025e-05 5.7e-05 6.95e-05 6.685e-05 7.635e-05 6.525e-05 5.43e-05 7.86e-05 6.235e-05 6.11e-05 6.64e-05 6.555e-05 5.66e-05 6.48e-05 4.87e-05 6.555e-05 6.705e-05 6.515e-05 5.725e-05 3.945e-05 4.835e-05 4.575e-05 6.86e-05 6.565e-05 6.115e-05 6.345e-05 5.72e-05 6e-05 6.265e-05 6.68e-05 5.91e-05 5.19e-05 5.2e-05 7.725e-05 5.47e-05 5.265e-05 5.875e-05 5.695e-05 5.55e-05 6.79e-05
26 5.475e-05 5.93e-05 5.6e-05 6.08e-05 6.99e-05 7.85e-05 6.63e-05 3.345e-05 4.875e-05 6.085e-05 3.77e-05 4.315e-05 5.405e-05 5.93e-05 4.98e-05 7.265e-05 5.915e-05 6.76e-05 3.885e-05 5.79e-05 6.555e-05 5.05e-05 6.04e-05 3.26e-05 5.935e-05 6.235e-05 5.62e-05 3.78e-05 4.445e-05 6.715e-05 4.075e-05 4.975e-05 7.12e-05 3.785e-05 5.255e-05 5.175e-05 5.79e-05 6.935e-05 4.88e-05 7.265e-05 4.21e-05 4.14e-05 5.07e-05 5.405e-05 5.555e-05 5.51e-05 3.245e-05 5.045e-05 4.26e-05 6.995e-05 5.845e-05 6.075e-05 7.45e-05 5.31e-05 5.635e-05 7.85e-05 5.145e-05 4.94e-05
27 4.13e-05 5.54e-05 5.535e-05 6.31e-05 6.125e-05 7.62e-05 6.925e-05 3.25e-05 4.55e-05 7.14e-05 2.795e-05 3.55e-05 4.42e-05 5.54e-05 5.395e-05 6.83e-05 4.875e-05 6.35e-05 4.07e-05 5.7e-05 5.725e-05 3.855e-05 7.105e-05 3.465e-05 5.545e-05 6.11e-05 3.78e-05 5.58e-05 5.22e-05 6.75e-05 3.53e-05 4.555e-05 6.985e-05 4.215e-05 4.575e-05 5.28e-05 5.7e-05 6.825e-05 4.815e-05 6.83e-05 3.54e-05 5.08e-05 5.64e-05 4.535e-05 4.985e-05 4.175e-05 3.46e-05 3.85e-05 5.2e-05 6.13e-05 5.04e-05 6.995e-05 6.99e-05 4.81e-05 4.815e-05 7.62e-05 4.845e-05 5.355e-05
28 8.675e-05 6.65e-05 6.05e-05 2.215e-05 0.0001018 8.895e-05 9.44e-05 4.665e-05 2.775e-05 2.53e-05 5.21e-05 5.605e-05 4.295e-05 6.65e-05 4.975e-05 0.0001017 7.19e-05 6.175e-05 2.93e-05 4.225e-05 7.5e-05 6.745e-05 2.52e-05 3.115e-05 6.655e-05 6.64e-05 4.445e-05 5.22e-05 4.43e-05 2.96e-05 4.815e-05 4.65e-05 6.615e-05 3.17e-05 4.465e-05 2.38e-05 3.1e-05 9.57e-05 6.04e-05 0.0001017 3.725e-05 2.675e-05 3.27e-05 6.74e-05 8.75e-05 8.72e-05 2.78e-05 6.74e-05 2.675e-05 9.905e-05 7.045e-05 2.7e-05 7.215e-05 6.46e-05 7.055e-05 8.895e-05 3.91e-05 4.96e-05
29 0.0001 7.24e-05 6.68e-05 8.1e-06 0.00011315 8.715e-05 0.000107 6.49e-05 2.995e-05 1.545e-05 6.74e-05 6.905e-05 4.205e-05 7.24e-05 5.3e-05 0.0001101 8.6e-05 6.235e-05 4.05e-05 2.995e-05 7.51e-05 7.72e-05 1.565e-05 5.425e-05 7.245e-05 6.555e-05 6.715e-05 6.75e-05 2.96e-05 1.62e-05 5.605e-05 4.555e-05 5.635e-05 5.31e-05 5.015e-05 1.88e-05 1.855e-05 0.00010435 7.4e-05 0.00011025 5.34e-05 3.64e-05 3.23e-05 6.48e-05 0.00010095 0.0001 5.15e-05 7.715e-05 3.475e-05 0.00011055 7.875e-05 1.72e-05 6.195e-05 7.815e-05 8.385e-05 8.7e-05 4.08e-05 5.315e-05
30 4.79e-05 5.41e-05 5.1e-05 5.18e-05 6.79e-05 7.195e-05 7.23e-05 3.535e-05 4.575e-05 5.995e-05 3.515e-05 4.015e-05 4.43e-05 5.41e-05 4.95e-05 7.44e-05 5.745e-05 6.105e-05 3.635e-05 4.52e-05 5.67e-05 4.265e-05 5.975e-05 4.205e-05 5.415e-05 5.66e-05 4.075e-05 3.53e-05 4.815e-05 5.605e-05 6.12e-05 4.12e-05 6.58e-05 4.715e-05 4.255e-05 4.14e-05 4.54e-05 7.115e-05 5.115e-05 7.455e-05 4.47e-05 4.685e-05 5.22e-05 4.095e-05 5.565e-05 4.84e-05 4.215e-05 4.26e-05 4.02e-05 6.805e-05 5.52e-05 5.835e-05 6.89e-05 5.55e-05 5.87e-05 7.18e-05 4.59e-05 4.915e-05
31 5.815e-05 6.34e-05 6.04e-05 4.085e-05 7.7e-05 7.24e-05 8.01e-05 4.435e-05 4.54e-05 4.935e-05 4.54e-05 4.87e-05 4.565e-05 6.34e-05 4.95e-05 8.225e-05 6.595e-05 6.095e-05 4.525e-05 4.59e-05 5.835e-05 5.05e-05 4.925e-05 5.235e-05 6.345e-05 6.48e-05 4.975e-05 4.555e-05 4.65e-05 4.555e-05 4.12e-05 8.17e-05 6.46e-05 5.435e-05 5.07e-05 4.14e-05 4.565e-05 7.91e-05 6.035e-05 8.24e-05 5.32e-05 4.98e-05 5.22e-05 4.255e-05 6.48e-05 5.865e-05 5.11e-05 5.045e-05 4.955e-05 7.715e-05 6.425e-05 4.975e-05 6.76e-05 6.46e-05 6.77e-05 7.225e-05 5.345e-05 4.93e-05
32 6.94e-05 6.34e-05 5.73e-05 6.4e-05 6.37e-05 5.73e-05 5.405e-05 6.6e-05 6.915e-05 6.745e-05 6.975e-05 7.25e-05 6.72e-05 6.34e-05 6.815e-05 5.445e-05 7.665e-05 7.295e-05 6.905e-05 5.755e-05 6.985e-05 7.335e-05 6.735e-05 7.41e-05 6.345e-05 4.87e-05 7.12e-05 6.985e-05 6.615e-05 5.635e-05 6.58e-05 6.46e-05 9.66e-05 7.405e-05 7.385e-05 6.515e-05 5.73e-05 4.835e-05 5.72e-05 5.445e-05 7.7e-05 6.855e-05 6.1e-05 6.375e-05 6.62e-05 6.895e-05 7.135e-05 7.33e-05 6.85e-05 6.085e-05 6.1e-05 6.87e-05 5.44e-05 6.14e-05 6.745e-05 5.73e-05 6.43e-05 6.8e-05
33 7.435e-05 6.175e-05 6.02e-05 4.63e-05 8.885e-05 9.6e-05 8.73e-05 3.99e-05 3.4e-05 4.85e-05 4.205e-05 3.98e-05 4.885e-05 6.175e-05 5.665e-05 9.02e-05 5.17e-05 6.03e-05 2.455e-05 5.57e-05 7.755e-05 5.66e-05 4.825e-05 2.34e-05 6.18e-05 6.555e-05 3.785e-05 4.215e-05 3.17e-05 5.31e-05 4.715e-05 5.435e-05 7.405e-05 3.42e-05 4.125e-05 3.905e-05 4.565e-05 8.865e-05 5.51e-05 9.02e-05 1.94e-05 3.345e-05 4.22e-05 7.375e-05 7.53e-05 7.48e-05 1.945e-05 5.655e-05 3.26e-05 8.735e-05 5.975e-05 4.985e-05 7.56e-05 5.525e-05 5.675e-05 9.6e-05 2.975e-05 5.635e-05
34 7.13e-05 6.455e-05 6.145e-05 4.59e-05 9.125e-05 9.16e-05 9.43e-05 4.73e-05 4.085e-05 5.405e-05 4.565e-05 4.73e-05 4.545e-05 6.455e-05 5.89e-05 9.64e-05 6.305e-05 6.435e-05 3.185e-05 5.18e-05 7.48e-05 4.255e-05 5.39e-05 3.955e-05 6.46e-05 6.705e-05 5.255e-05 4.575e-05 4.465e-05 5.015e-05 4.255e-05 5.07e-05 7.385e-05 4.125e-05 5.9e-05 3.79e-05 4.19e-05 9.315e-05 6.16e-05 9.655e-05 3.74e-05 4.425e-05 4.87e-05 6.2e-05 7.91e-05 7.17e-05 3.965e-05 4.25e-05 3.91e-05 9e-05 6.56e-05 5.25e-05 7.695e-05 6.455e-05 6.775e-05 9.145e-05 4e-05 5.875e-05
35 8.87e-05 6.35e-05 5.755e-05 1.12e-05 0.0001075 8.685e-05 0.00010485 5.185e-05 2.25e-05 1.965e-05 5.27e-05 5.665e-05 3.63e-05 6.35e-05 4.995e-05 0.00010995 7.37e-05 5.565e-05 2.455e-05 2.975e-05 6.945e-05 6.82e-05 1.97e-05 3.65e-05 6.355e-05 6.515e-05 5.175e-05 5.28e-05 2.38e-05 1.88e-05 4.14e-05 4.14e-05 6.515e-05 3.905e-05 3.79e-05 2.22e-05 1.87e-05 0.00010395 6.475e-05 0.00011 3.77e-05 2.7e-05 3.265e-05 6.215e-05 9.225e-05 8.915e-05 3.515e-05 6.815e-05 1.935e-05 0.00010475 7.285e-05 1.975e-05 7.11e-05 6.895e-05 7.49e-05 8.68e-05 3.395e-05 4.995e-05
36 8.96e-05 6.3e-05 5.73e-05 1.88e-05 0.0001039 8.66e-05 9.895e-05 5.57e-05 3.005e-05 2.59e-05 5.69e-05 6.03e-05 4.055e-05 6.3e-05 5.285e-05 0.000102 7.735e-05 6.235e-05 3.15e-05 2.93e-05 7.345e-05 6.91e-05 2.59e-05 4.37e-05 6.305e-05 5.725e-05 5.79e-05 5.7e-05 3.1e-05 1.855e-05 4.54e-05 4.565e-05 5.73e-05 4.565e-05 4.19e-05 1.87e-05 3.64e-05 9.615e-05 6.455e-05 0.00010215 4.465e-05 3.32e-05 3.205e-05 6.31e-05 9.17e-05 8.96e-05 4.23e-05 6.905e-05 2.535e-05 0.0001013 6.945e-05 2.575e-05 6.3e-05 6.88e-05 7.46e-05 8.645e-05 3.315e-05 5.28e-05
37 3.755e-05 5.45e-05 4.815e-05 0.00011195 1.75e-05 2.78e-05 7.35e-06 6.35e-05 0.000101 0.0001128 6.815e-05 7.205e-05 8.825e-05 5.45e-05 8.005e-05 6.6e-06 6.33e-05 7.645e-05 9.075e-05 8.505e-05 6.01e-05 6.835e-05 0.00011255 8.71e-05 5.455e-05 3.945e-05 6.935e-05 6.825e-05 9.57e-05 0.00010435 7.115e-05 7.91e-05 4.835e-05 8.865e-05 9.315e-05 0.00010395 9.615e-05 1e-07 4.09e-05 6.75e-06 9.39e-05 9.47e-05 9.015e-05 6.135e-05 3.16e-05 3.71e-05 8.48e-05 6.83e-05 9.58e-05 1.435e-05 4.65e-05 0.00011375 5.47e-05 4.515e-05 5.16e-05 2.765e-05 8.82e-05 7.975e-05
38 5.095e-05 5.45e-05 4.82e-05 7.405e-05 5.09e-05 5.715e-05 4.495e-05 4.595e-05 6.175e-05 7.87e-05 4.805e-05 5.505e-05 6.16e-05 5.45e-05 6.51e-05 4.72e-05 5.93e-05 6.835e-05 5.325e-05 6.45e-05 6.42e-05 5.72e-05 7.84e-05 4.94e-05 5.455e-05 4.835e-05 4.88e-05 4.815e-05 6.04e-05 7.4e-05 5.115e-05 6.035e-05 5.72e-05 5.51e-05 6.16e-05 6.475e-05 6.455e-05 4.09e-05 8.17e-05 4.72e-05 5.64e-05 5.92e-05 6.135e-05 6.11e-05 5.035e-05 5.095e-05 4.815e-05 5.715e-05 6.025e-05 4.795e-05 5.01e-05 7.84e-05 6.35e-05 4.525e-05 5.15e-05 5.715e-05 5.955e-05 6.475e-05
39 3.485e-05 5.44e-05 5.44e-05 0.0001179 1.47e-05 3.39e-05 1.38e-05 6.685e-05 0.0001037 0.00011875 6.82e-05 7.09e-05 9.095e-05 5.44e-05 8.33e-05 6.75e-06 5.88e-05 7.79e-05 9.56e-05 9.11e-05 6.005e-05 6.895e-05 0.00011845 9e-05 5.445e-05 4.575e-05 7.265e-05 6.83e-05 0.0001017 0.00011025 7.455e-05 8.24e-05 5.445e-05 9.02e-05 9.655e-05 0.00011 0.00010215 6.75e-06 4.72e-05 1.34e-05 9.215e-05 0.0001007 9.625e-05 6.465e-05 2.875e-05 3.435e-05 8.755e-05 6.89e-05 0.00010195 1.465e-05 4.68e-05 0.0001197 5.445e-05 4.82e-05 4.815e-05 3.39e-05 8.98e-05 8.3e-05
40 6.935e-05 5.975e-05 6.15e-05 4.625e-05 8.76e-05 9.805e-05 9.47e-05 4.205e-05 2.835e-05 5.395e-05 3.53e-05 3.535e-05 4.2e-05 5.975e-05 6.1e-05 9.215e-05 4.45e-05 5.635e-05 2.405e-05 5.47e-05 7.225e-05 5.295e-05 5.37e-05 2.14e-05 5.98e-05 6.86e-05 4.21e-05 3.54e-05 3.725e-05 5.34e-05 4.47e-05 5.32e-05 7.7e-05 1.94e-05 3.74e-05 3.77e-05 4.465e-05 9.39e-05 5.64e-05 9.215e-05 2.09e-05 3.755e-05 4.615e-05 7.27e-05 7.39e-05 6.98e-05 1.94e-05 5.29e-05 3.67e-05 8.61e-05 5.715e-05 5.39e-05 7.525e-05 5.225e-05 5.045e-05 9.805e-05 2.69e-05 6.07e-05
41 8.555e-05 6.53e-05 5.93e-05 2.995e-05 0.0001007 9.065e-05 9.165e-05 4.665e-05 3.09e-05 3.005e-05 5.075e-05 5.65e-05 4.46e-05 6.53e-05 5e-05 0.0001007 7.235e-05 6.495e-05 2.955e-05 4.42e-05 7.655e-05 6.715e-05 2.96e-05 2.785e-05 6.535e-05 6.565e-05 4.14e-05 5.08e-05 2.675e-05 3.64e-05 4.685e-05 4.98e-05 6.855e-05 3.345e-05 4.425e-05 2.7e-05 3.32e-05 9.47e-05 5.92e-05 0.0001007 3.755e-05 4.71e-05 3.31e-05 6.9e-05 8.64e-05 8.6e-05 2.77e-05 6.71e-05 2.385e-05 9.795e-05 6.925e-05 2.995e-05 7.455e-05 6.33e-05 6.93e-05 9.065e-05 3.995e-05 4.95e-05
42 8.77e-05 6.725e-05 6.145e-05 3.26e-05 9.945e-05 8.99e-05 8.97e-05 5.24e-05 3.67e-05 3.315e-05 5.63e-05 6.17e-05 4.72e-05 6.725e-05 5.285e-05 9.61e-05 7.755e-05 7.04e-05 3.82e-05 4.335e-05 7.905e-05 6.84e-05 3.295e-05 3.63e-05 6.73e-05 6.115e-05 5.07e-05 5.64e-05 3.27e-05 3.23e-05 5.22e-05 5.22e-05 6.1e-05 4.22e-05 4.87e-05 3.265e-05 3.205e-05 9.015e-05 6.135e-05 9.625e-05 4.615e-05 3.31e-05 6.32e-05 6.835e-05 8.82e-05 8.77e-05 3.685e-05 6.835e-05 3.295e-05 9.675e-05 6.805e-05 3.32e-05 6.68e-05 6.555e-05 7.145e-05 8.975e-05 4.18e-05 5.26e-05
43 3.835e-05 6.395e-05 6.095e-05 6.36e-05 5.8e-05 5.63e-05 6.225e-05 4.42e-05 6.64e-05 7.03e-05 4.535e-05 4.89e-05 5.21e-05 6.395e-05 4.935e-05 6.45e-05 6.57e-05 6.355e-05 6.455e-05 5.18e-05 4.655e-05 4.265e-05 7.015e-05 7.01e-05 6.4e-05 6.345e-05 5.405e-05 4.535e-05 6.74e-05 6.48e-05 4.095e-05 4.255e-05 6.375e-05 7.375e-05 6.2e-05 6.215e-05 6.31e-05 6.135e-05 6.11e-05 6.465e-05 7.27e-05 6.9e-05 6.835e-05 4.28e-05 4.905e-05 3.88e-05 7.025e-05 4.26e-05 6.855e-05 5.815e-05 6.18e-05 6.88e-05 6.675e-05 6.535e-05 6.845e-05 5.615e-05 7.09e-05 4.915e-05
44 2.79e-05 5.42e-05 5.735e-05 0.00010125 2.64e-05 4.74e-05 3.645e-05 5.03e-05 8.615e-05 0.00010525 4.97e-05 5.26e-05 7.52e-05 5.42e-05 6.89e-05 2.86e-05 5.21e-05 6.98e-05 7.72e-05 8.05e-05 5.27e-05 5.19e-05 0.000105 7.355e-05 5.425e-05 5.72e-05 5.555e-05 4.985e-05 8.75e-05 0.00010095 5.565e-05 6.48e-05 6.62e-05 7.53e-05 7.91e-05 9.225e-05 9.17e-05 3.16e-05 5.035e-05 2.875e-05 7.39e-05 8.64e-05 8.82e-05 4.905e-05 5.11e-05 2.79e-05 7.245e-05 5.185e-05 8.72e-05 2.94e-05 5.005e-05 0.00010495 6.305e-05 5.14e-05 4.835e-05 4.725e-05 7.985e-05 6.86e-05
45 1.81e-05 5.495e-05 5.8e-05 9.925e-05 2.455e-05 4.95e-05 3.93e-05 4.51e-05 8.225e-05 0.00010595 4.165e-05 4.625e-05 6.705e-05 5.495e-05 6.535e-05 3.42e-05 4.625e-05 6.795e-05 7.465e-05 7.85e-05 4.6e-05 4.135e-05 0.00010575 7.015e-05 5.5e-05 6e-05 5.51e-05 4.175e-05 8.72e-05 0.0001 4.84e-05 5.865e-05 6.895e-05 7.48e-05 7.17e-05 8.915e-05 8.96e-05 3.71e-05 5.095e-05 3.435e-05 6.98e-05 8.6e-05 8.77e-05 3.88e-05 2.79e-05 3.59e-05 7.025e-05 4.13e-05 8.685e-05 2.75e-05 4.685e-05 0.00010445 6.59e-05 5.125e-05 4.83e-05 4.935e-05 7.87e-05 6.52e-05
46 6.98e-05 5.845e-05 5.54e-05 4.435e-05 8.6e-05 9.27e-05 8.35e-05 3.47e-05 2.78e-05 4.73e-05 3.455e-05 4.275e-05 4.145e-05 5.845e-05 5.415e-05 8.77e-05 5.465e-05 6.425e-05 2.47e-05 5.33e-05 7.385e-05 5.545e-05 4.695e-05 1.34e-05 5.85e-05 6.265e-05 3.245e-05 3.46e-05 2.78e-05 5.15e-05 4.215e-05 5.11e-05 7.135e-05 1.945e-05 3.965e-05 3.515e-05 4.23e-05 8.48e-05 4.815e-05 8.755e-05 1.94e-05 2.77e-05 3.685e-05 7.025e-05 7.245e-05 7.025e-05 2.25e-05 5.54e-05 2.915e-05 8.315e-05 5.655e-05 4.715e-05 7.44e-05 4.805e-05 5.095e-05 9.285e-05 3.405e-05 5.375e-05
47 4.1e-05 6.46e-05 6.43e-05 7.585e-05 6.095e-05 7.715e-05 6.945e-05 3.985e-05 6.38e-05 8.4e-05 3.84e-05 3.96e-05 5.48e-05 6.46e-05 5.855e-05 6.875e-05 5.55e-05 6.985e-05 5.255e-05 6.815e-05 6.39e-05 2.49e-05 8.37e-05 5.53e-05 6.465e-05 6.68e-05 5.045e-05 3.85e-05 6.74e-05 7.715e-05 4.26e-05 5.045e-05 7.33e-05 5.655e-05 4.25e-05 6.815e-05 6.905e-05 6.83e-05 5.715e-05 6.89e-05 5.29e-05 6.71e-05 6.835e-05 4.26e-05 5.185e-05 4.13e-05 5.54e-05 4.97e-05 6.95e-05 6.25e-05 5.71e-05 8.27e-05 7.36e-05 6.01e-05 6.05e-05 7.7e-05 5.97e-05 5.835e-05
48 8.64e-05 5.875e-05 5.29e-05 2.855e-05 0.00010155 9.045e-05 9.295e-05 4.79e-05 3.09e-05 2.85e-05 5.19e-05 5.54e-05 4.445e-05 5.875e-05 4.96e-05 0.0001018 7.12e-05 6.25e-05 2.325e-05 3.605e-05 7.59e-05 6.955e-05 2.84e-05 2.92e-05 5.88e-05 5.91e-05 4.26e-05 5.2e-05 2.675e-05 3.475e-05 4.02e-05 4.955e-05 6.85e-05 3.26e-05 3.91e-05 1.935e-05 2.535e-05 9.58e-05 6.025e-05 0.00010195 3.67e-05 2.385e-05 3.295e-05 6.855e-05 8.72e-05 8.685e-05 2.915e-05 6.95e-05 1.95e-05 9.89e-05 6.83e-05 2.81e-05 7.435e-05 6.46e-05 7.055e-05 9.03e-05 3.13e-05 4.945e-05
49 2.75e-05 5.505e-05 5.505e-05 0.0001138 1.44e-05 3.455e-05 1.96e-05 6.23e-05 9.785e-05 0.00011685 6.12e-05 6.545e-05 8.38e-05 5.505e-05 8.03e-05 1.45e-05 5.24e-05 7.235e-05 9.095e-05 9.015e-05 5.26e-05 6.255e-05 0.0001167 8.425e-05 5.51e-05 5.19e-05 6.995e-05 6.13e-05 9.905e-05 0.00011055 6.805e-05 7.715e-05 6.085e-05 8.735e-05 9e-05 0.00010475 0.0001013 1.435e-05 4.795e-05 1.465e-05 8.61e-05 9.795e-05 9.675e-05 5.815e-05 2.94e-05 2.75e-05 8.315e-05 6.25e-05 9.89e-05 2.86e-05 4.665e-05 0.0001165 6.085e-05 4.82e-05 4.83e-05 3.44e-05 8.99e-05 8.01e-05
50 4.685e-05 5.52e-05 5.52e-05 8.185e-05 4.675e-05 6.35e-05 5.065e-05 5.205e-05 6.79e-05 8.635e-05 5.03e-05 5.355e-05 6.425e-05 5.52e-05 6.885e-05 4.665e-05 5.37e-05 7.025e-05 6.22e-05 6.94e-05 6.405e-05 5.715e-05 8.6e-05 5.75e-05 5.525e-05 5.2e-05 5.845e-05 5.04e-05 7.045e-05 7.875e-05 5.52e-05 6.425e-05 6.1e-05 5.975e-05 6.56e-05 7.285e-05 6.945e-05 4.65e-05 5.01e-05 4.68e-05 5.715e-05 6.925e-05 6.805e-05 6.18e-05 5.005e-05 4.685e-05 5.655e-05 5.71e-05 6.83e-05 4.665e-05 9.21e-05 8.61e-05 6.1e-05 5.03e-05 5.04e-05 6.335e-05 5.9e-05 6.845e-05
51 0.000104 7.67e-05 7.105e-05 1.1e-05 0.00011915 9.07e-05 0.0001109 6.59e-05 3.11e-05 1.055e-05 6.985e-05 7.26e-05 4.425e-05 7.67e-05 4.94e-05 0.00011955 8.805e-05 6.2e-05 4.085e-05 3.665e-05 7.595e-05 8.275e-05 1.095e-05 4.72e-05 7.675e-05 7.725e-05 6.075e-05 6.995e-05 2.7e-05 1.72e-05 5.835e-05 4.975e-05 6.87e-05 4.985e-05 5.25e-05 1.975e-05 2.575e-05 0.00011375 7.84e-05 0.0001197 5.39e-05 2.995e-05 3.32e-05 6.88e-05 0.00010495 0.00010445 4.715e-05 8.27e-05 2.81e-05 0.0001165 8.61e-05 2.02e-05 7.435e-05 8.255e-05 8.83e-05 9.055e-05 4.87e-05 4.975e-05
52 6.64e-05 6.3e-05 6.355e-05 6.965e-05 6.06e-05 6.34e-05 6.05e-05 6.935e-05 7.185e-05 7.31e-05 6.98e-05 7.105e-05 6.99e-05 6.3e-05 7.11e-05 5.43e-05 7.185e-05 7.41e-05 7.39e-05 6.33e-05 6.95e-05 7.365e-05 7.295e-05 7.7e-05 6.305e-05 5.47e-05 7.45e-05 6.99e-05 7.215e-05 6.195e-05 6.89e-05 6.76e-05 5.44e-05 7.56e-05 7.695e-05 7.11e-05 6.3e-05 5.47e-05 6.35e-05 5.445e-05 7.525e-05 7.455e-05 6.68e-05 6.675e-05 6.305e-05 6.59e-05 7.44e-05 7.36e-05 7.435e-05 6.085e-05 6.1e-05 7.435e-05 0.0001077 6.445e-05 6.4e-05 6.325e-05 6.56e-05 7.095e-05
53 5.125e-05 5.555e-05 5.25e-05 7.82e-05 5.12e-05 6.135e-05 4.92e-05 5.025e-05 6.165e-05 8.285e-05 4.805e-05 5.525e-05 6.15e-05 5.555e-05 6.935e-05 4.82e-05 5.545e-05 6.845e-05 5.755e-05 6.875e-05 6.44e-05 6.015e-05 8.255e-05 4.93e-05 5.56e-05 5.265e-05 5.31e-05 4.81e-05 6.46e-05 7.815e-05 5.55e-05 6.46e-05 6.14e-05 5.525e-05 6.455e-05 6.895e-05 6.88e-05 4.515e-05 4.525e-05 4.82e-05 5.225e-05 6.33e-05 6.555e-05 6.535e-05 5.14e-05 5.125e-05 4.805e-05 6.01e-05 6.46e-05 4.82e-05 5.03e-05 8.255e-05 6.445e-05 9.02e-05 4.82e-05 6.135e-05 5.975e-05 6.9e-05
54 4.835e-05 5.525e-05 5.87e-05 8.395e-05 4.82e-05 6.74e-05 5.56e-05 5.355e-05 6.43e-05 8.86e-05 4.805e-05 5.39e-05 6.415e-05 5.525e-05 7.24e-05 4.81e-05 5.075e-05 6.97e-05 6.235e-05 7.46e-05 6.415e-05 6.055e-05 8.825e-05 5.22e-05 5.525e-05 5.875e-05 5.635e-05 4.815e-05 7.055e-05 8.385e-05 5.87e-05 6.77e-05 6.745e-05 5.675e-05 6.775e-05 7.49e-05 7.46e-05 5.16e-05 5.15e-05 4.815e-05 5.045e-05 6.93e-05 7.145e-05 6.845e-05 4.835e-05 4.83e-05 5.095e-05 6.05e-05 7.055e-05 4.83e-05 5.04e-05 8.83e-05 6.4e-05 4.82e-05 8.93e-05 6.74e-05 6.115e-05 7.205e-05
55 4.935e-05 6.3e-05 5.705e-05 8.72e-05 3.725e-05 2.775e-05 3.255e-05 7.325e-05 9.105e-05 9.09e-05 7.61e-05 7.93e-05 8.005e-05 6.3e-05 7.605e-05 3.375e-05 7.13e-05 6.435e-05 8.99e-05 7.51e-05 5.26e-05 7.705e-05 9.08e-05 9.395e-05 6.305e-05 5.695e-05 7.85e-05 7.62e-05 8.895e-05 8.7e-05 7.18e-05 7.225e-05 5.73e-05 9.6e-05 9.145e-05 8.68e-05 8.645e-05 2.765e-05 5.715e-05 3.39e-05 9.805e-05 9.065e-05 8.975e-05 5.615e-05 4.725e-05 4.935e-05 9.285e-05 7.7e-05 9.03e-05 3.44e-05 6.335e-05 9.055e-05 6.325e-05 6.135e-05 6.74e-05 5.52e-05 9.375e-05 7.59e-05
56 7.87e-05 5.86e-05 5.73e-05 4.135e-05 9.13e-05 9.39e-05 9.08e-05 4.905e-05 3.625e-05 4.765e-05 4.835e-05 4.415e-05 4.79e-05 5.86e-05 5.985e-05 8.965e-05 5.725e-05 6.1e-05 2.685e-05 4.3e-05 7.75e-05 5.975e-05 4.755e-05 3.74e-05 5.865e-05 5.55e-05 5.145e-05 4.845e-05 3.91e-05 4.08e-05 4.59e-05 5.345e-05 6.43e-05 2.975e-05 4e-05 3.395e-05 3.315e-05 8.82e-05 5.955e-05 8.98e-05 2.69e-05 3.995e-05 4.18e-05 7.09e-05 7.985e-05 7.87e-05 3.405e-05 5.97e-05 3.13e-05 8.99e-05 5.9e-05 4.87e-05 6.56e-05 5.975e-05 6.115e-05 9.375e-05 4.53e-05 5.97e-05
57 6.47e-05 6.775e-05 6.48e-05 4.99e-05 7.99e-05 7.605e-05 7.685e-05 4.905e-05 5.4e-05 4.98e-05 5.34e-05 5.6e-05 5.39e-05 6.775e-05 4.935e-05 8.285e-05 7.2e-05 6.77e-05 5.275e-05 5.285e-05 6.51e-05 5.84e-05 4.93e-05 5.375e-05 6.78e-05 6.79e-05 4.94e-05 5.355e-05 4.96e-05 5.315e-05 4.915e-05 4.93e-05 6.8e-05 5.635e-05 5.875e-05 4.995e-05 5.28e-05 7.975e-05 6.475e-05 8.3e-05 6.07e-05 4.95e-05 5.26e-05 4.915e-05 6.86e-05 6.52e-05 5.375e-05 5.835e-05 4.945e-05 8.01e-05 6.845e-05 4.975e-05 7.095e-05 6.9e-05 7.205e-05 7.59e-05 5.97e-05 9.74e-05
