 slim_761970938 slim_761970961 slim_761970948 slim_761970962 slim_761970963 slim_761970966 slim_761971002 slim_761970986 slim_761970947 slim_761970982 slim_761970957 slim_761970945 slim_761970987 slim_761970999 slim_761970937 slim_761970989 slim_761970997 slim_761970995 slim_761970944 slim_761970977 slim_761970973 slim_761970972 slim_761970988 slim_761970943 slim_761970941 slim_761971001 slim_761970975 slim_761970984 slim_761970950 slim_761970976 slim_761970971 slim_761970994 slim_761970996 slim_761970954 slim_761970936 slim_761970983 slim_761970981 slim_761970991 slim_761970959 slim_761970956 slim_761970978 slim_761970992 slim_761970993 slim_761970960 slim_761971000 slim_761970968 slim_761970939 slim_761970955 slim_761970985 slim_761970951 slim_761970949 slim_761970952 slim_761970998 slim_761970979 slim_761970942 slim_761970958 slim_761970974 slim_761970967 slim_761970953 slim_761970980 slim_761970970 slim_761970946 slim_761970969 slim_761970965 slim_761970940 slim_761970990 slim_761970964
0 4.83e-05 3.44e-05 2.475e-05 3.13e-05 3.11e-05 2.43e-05 2.465e-05 2.47e-05 3.98e-05 3.62e-05 2.47e-05 4.29e-05 4.145e-05 5.015e-05 3.065e-05 3.985e-05 3.42e-05 2.445e-05 3.52e-05 3.17e-05 3.99e-05 3.13e-05 2.45e-05 3.425e-05 3.02e-05 3.635e-05 2.675e-05 2.45e-05 2.455e-05 3.175e-05 2.7e-05 2.845e-05 2.995e-05 3.13e-05 3.145e-05 4.28e-05 2.44e-05 4e-05 4.005e-05 3.64e-05 3.085e-05 3.41e-05 3.105e-05 2.465e-05 3e-05 3.015e-05 3.24e-05 2.47e-05 2.47e-05 2.48e-05 2.465e-05 2.42e-05 4.06e-05 2.475e-05 2.835e-05 2.85e-05 3.16e-05 4.045e-05 3.5e-05 2.475e-05 3.415e-05 2.46e-05 2.445e-05 3.41e-05 2.455e-05 3.995e-05 2.46e-05
1 3.44e-05 2.91e-05 1.465e-05 2.665e-05 3.53e-05 4.355e-05 1.465e-05 1.465e-05 3.225e-05 3.57e-05 1.46e-05 3.825e-05 2.935e-05 2.075e-05 4.055e-05 4.67e-05 2.905e-05 2.905e-05 3.34e-05 2.655e-05 2.45e-05 3.555e-05 4.38e-05 2.91e-05 2.91e-05 4.96e-05 4.37e-05 4.345e-05 2.91e-05 2.66e-05 2.925e-05 2.91e-05 4.35e-05 3.555e-05 3.195e-05 3.545e-05 2.9e-05 2.45e-05 2.45e-05 1.74e-05 3.52e-05 2.895e-05 4.995e-05 2.915e-05 4.34e-05 4.375e-05 2.385e-05 2.925e-05 2.91e-05 1.47e-05 2.92e-05 4.34e-05 3.36e-05 2.935e-05 4.76e-05 3.31e-05 4.11e-05 2.43e-05 3.615e-05 1.465e-05 2.9e-05 2.915e-05 2.905e-05 2.9e-05 2.91e-05 2.445e-05 2.915e-05
2 2.475e-05 1.465e-05 2e-07 2.215e-05 2.56e-05 3.79e-05 3e-07 2.5e-07 2.4e-05 3.115e-05 1.5e-07 4.23e-05 3.63e-05 3.525e-05 3.125e-05 4.26e-05 3.35e-05 1.905e-05 3.38e-05 2.25e-05 1.615e-05 2.585e-05 3.815e-05 3.355e-05 2.485e-05 5.01e-05 4.035e-05 3.755e-05 1.905e-05 2.255e-05 2.15e-05 2.775e-05 4.365e-05 2.585e-05 2.83e-05 4.215e-05 1.895e-05 1.605e-05 1.61e-05 1.67e-05 2.56e-05 3.34e-05 4.465e-05 1.915e-05 4.34e-05 4.39e-05 1.91e-05 1.92e-05 1.89e-05 1.5e-07 1.905e-05 3.775e-05 3.725e-05 1.93e-05 4.195e-05 2.305e-05 4.145e-05 2.455e-05 3.51e-05 2e-07 3.345e-05 1.91e-05 1.9e-05 3.345e-05 1.905e-05 1.6e-05 1.91e-05
3 3.13e-05 2.665e-05 2.215e-05 4.41e-05 3.255e-05 2.99e-05 2.215e-05 2.21e-05 3.235e-05 3.315e-05 2.205e-05 3.935e-05 2.57e-05 3.725e-05 3.775e-05 3.625e-05 3.055e-05 2.6e-05 3.025e-05 2.25e-05 3.24e-05 3.28e-05 3.01e-05 3.06e-05 2.645e-05 3.67e-05 3.015e-05 2.985e-05 2.605e-05 2.255e-05 2.63e-05 3e-05 3.03e-05 3.28e-05 2.785e-05 3.695e-05 2.595e-05 3.235e-05 3.245e-05 2.875e-05 3.245e-05 3.045e-05 3.665e-05 2.615e-05 3.02e-05 3.05e-05 2.885e-05 2.62e-05 2.605e-05 2.22e-05 2.615e-05 2.98e-05 3.48e-05 2.625e-05 3.395e-05 2.995e-05 2.65e-05 3.295e-05 3.655e-05 2.215e-05 3.05e-05 2.605e-05 2.595e-05 3.045e-05 2.605e-05 3.235e-05 2.605e-05
4 3.11e-05 3.53e-05 2.56e-05 3.255e-05 5.1e-05 2.565e-05 2.56e-05 2.555e-05 3.475e-05 3.085e-05 2.55e-05 3.63e-05 4.24e-05 4.505e-05 3.115e-05 3.48e-05 3.53e-05 2.56e-05 3.67e-05 3.26e-05 3.48e-05 2.58e-05 2.575e-05 3.535e-05 3.1e-05 3.11e-05 2.8e-05 2.555e-05 2.565e-05 3.265e-05 2.795e-05 2.995e-05 3.105e-05 2.58e-05 3.815e-05 3.775e-05 2.555e-05 3.475e-05 3.485e-05 3.615e-05 2.565e-05 3.525e-05 2.575e-05 2.57e-05 3.1e-05 3.115e-05 3.215e-05 2.575e-05 2.565e-05 2.565e-05 2.57e-05 2.555e-05 3.535e-05 2.57e-05 2.585e-05 2.575e-05 3.27e-05 3.545e-05 2.995e-05 2.56e-05 3.53e-05 2.56e-05 2.555e-05 3.53e-05 2.56e-05 3.475e-05 2.56e-05
5 2.43e-05 4.355e-05 3.79e-05 2.99e-05 2.565e-05 4e-07 3.78e-05 3.785e-05 4.525e-05 3.075e-05 3.785e-05 3.345e-05 3.68e-05 5.53e-05 3.075e-05 2.675e-05 2.47e-05 1.905e-05 2.645e-05 3.03e-05 5.32e-05 2.585e-05 5e-07 2.475e-05 2.49e-05 1.255e-05 2.75e-06 5e-07 1.915e-05 3.035e-05 2.155e-05 1.9e-05 6.05e-06 2.585e-05 3.555e-05 3.335e-05 1.905e-05 5.33e-05 5.335e-05 4.555e-05 2.545e-05 2.47e-05 6.95e-06 1.91e-05 6.2e-06 6.3e-06 3.52e-05 1.92e-05 1.93e-05 3.795e-05 1.91e-05 2.5e-07 3.39e-05 1.93e-05 4.2e-06 2.3e-05 1.15e-05 4.635e-05 2.455e-05 3.79e-05 2.475e-05 1.91e-05 1.9e-05 2.47e-05 1.905e-05 5.325e-05 1.91e-05
6 2.465e-05 1.465e-05 3e-07 2.215e-05 2.56e-05 3.78e-05 2e-07 2.5e-07 2.4e-05 3.105e-05 2.5e-07 4.22e-05 3.62e-05 3.515e-05 3.115e-05 4.26e-05 3.34e-05 1.89e-05 3.37e-05 2.25e-05 1.615e-05 2.585e-05 3.805e-05 3.345e-05 2.485e-05 5e-05 4.025e-05 3.765e-05 1.905e-05 2.255e-05 2.15e-05 2.765e-05 4.355e-05 2.585e-05 2.82e-05 4.205e-05 1.895e-05 1.605e-05 1.61e-05 1.67e-05 2.56e-05 3.33e-05 4.455e-05 1.915e-05 4.34e-05 4.38e-05 1.89e-05 1.915e-05 1.89e-05 3.5e-07 1.915e-05 3.765e-05 3.715e-05 1.93e-05 4.185e-05 2.305e-05 4.135e-05 2.445e-05 3.5e-05 3e-07 3.335e-05 1.91e-05 1.9e-05 3.335e-05 1.905e-05 1.6e-05 1.91e-05
7 2.47e-05 1.465e-05 2.5e-07 2.21e-05 2.555e-05 3.785e-05 2.5e-07 3e-07 2.4e-05 3.11e-05 1.5e-07 4.225e-05 3.625e-05 3.52e-05 3.12e-05 4.26e-05 3.345e-05 1.9e-05 3.375e-05 2.25e-05 1.615e-05 2.585e-05 3.81e-05 3.35e-05 2.48e-05 5.005e-05 4.03e-05 3.76e-05 1.905e-05 2.255e-05 2.15e-05 2.77e-05 4.36e-05 2.585e-05 2.825e-05 4.21e-05 1.895e-05 1.6e-05 1.61e-05 1.67e-05 2.56e-05 3.335e-05 4.46e-05 1.915e-05 4.34e-05 4.385e-05 1.905e-05 1.92e-05 1.89e-05 3e-07 1.915e-05 3.77e-05 3.72e-05 1.93e-05 4.19e-05 2.3e-05 4.14e-05 2.45e-05 3.505e-05 2.5e-07 3.34e-05 1.905e-05 1.9e-05 3.34e-05 1.905e-05 1.6e-05 1.905e-05
8 3.98e-05 3.225e-05 2.4e-05 3.235e-05 3.475e-05 4.525e-05 2.4e-05 2.4e-05 4.74e-05 3.49e-05 2.395e-05 4.315e-05 3.775e-05 4.045e-05 3.975e-05 3.455e-05 4.29e-05 3.46e-05 4.02e-05 3.23e-05 2.385e-05 3.49e-05 4.54e-05 4.295e-05 3.465e-05 4.515e-05 4.54e-05 4.53e-05 3.465e-05 3.235e-05 3.48e-05 4.28e-05 4.525e-05 3.49e-05 3.755e-05 4.305e-05 3.455e-05 2.395e-05 2.4e-05 3.23e-05 3.445e-05 4.28e-05 4.55e-05 3.475e-05 4.525e-05 4.54e-05 3.465e-05 3.48e-05 3.475e-05 2.405e-05 3.475e-05 4.515e-05 4.01e-05 3.48e-05 4.545e-05 3.475e-05 4.305e-05 3.225e-05 4.275e-05 2.4e-05 4.285e-05 3.47e-05 3.455e-05 4.28e-05 3.465e-05 2.39e-05 3.47e-05
9 3.62e-05 3.57e-05 3.115e-05 3.315e-05 3.085e-05 3.075e-05 3.105e-05 3.11e-05 3.49e-05 5.15e-05 3.11e-05 3.655e-05 3.765e-05 4.02e-05 3.615e-05 3.5e-05 3.55e-05 3.09e-05 3.715e-05 3.3e-05 3.485e-05 3.1e-05 3.07e-05 3.555e-05 3.145e-05 3.12e-05 2.82e-05 3.095e-05 3.1e-05 3.305e-05 2.84e-05 3.51e-05 3.125e-05 3.1e-05 3.83e-05 3.295e-05 3.09e-05 3.495e-05 3.5e-05 3.675e-05 3.08e-05 3.545e-05 3.075e-05 3.105e-05 3.135e-05 3.12e-05 3.27e-05 3.11e-05 3.115e-05 3.12e-05 3.105e-05 3.07e-05 3.545e-05 3.09e-05 3.09e-05 3.105e-05 3.29e-05 3.54e-05 3.48e-05 3.115e-05 3.55e-05 3.1e-05 3.085e-05 3.545e-05 3.095e-05 3.49e-05 3.1e-05
10 2.47e-05 1.46e-05 1.5e-07 2.205e-05 2.55e-05 3.785e-05 2.5e-07 1.5e-07 2.395e-05 3.11e-05 1e-07 4.225e-05 3.625e-05 3.52e-05 3.12e-05 4.255e-05 3.345e-05 1.9e-05 3.375e-05 2.245e-05 1.61e-05 2.58e-05 3.81e-05 3.35e-05 2.475e-05 5.005e-05 4.03e-05 3.75e-05 1.9e-05 2.25e-05 2.145e-05 2.77e-05 4.36e-05 2.58e-05 2.825e-05 4.21e-05 1.89e-05 1.595e-05 1.605e-05 1.665e-05 2.555e-05 3.335e-05 4.46e-05 1.91e-05 4.335e-05 4.385e-05 1.905e-05 1.915e-05 1.885e-05 2e-07 1.91e-05 3.77e-05 3.72e-05 1.925e-05 4.19e-05 2.295e-05 4.14e-05 2.45e-05 3.505e-05 1.5e-07 3.34e-05 1.9e-05 1.895e-05 3.34e-05 1.9e-05 1.595e-05 1.9e-05
11 4.29e-05 3.825e-05 4.23e-05 3.935e-05 3.63e-05 3.345e-05 4.22e-05 4.225e-05 4.315e-05 3.655e-05 4.225e-05 6.02e-05 3.88e-05 3.25e-05 4.12e-05 3.905e-05 3.385e-05 3.785e-05 3.75e-05 3.945e-05 4.33e-05 3.63e-05 3.335e-05 3.39e-05 3.81e-05 3.2e-05 3.365e-05 3.37e-05 3.795e-05 3.95e-05 3.81e-05 3.36e-05 3.37e-05 3.63e-05 4.45e-05 3.24e-05 3.785e-05 4.34e-05 4.345e-05 3.615e-05 3.61e-05 3.38e-05 3.185e-05 3.8e-05 3.38e-05 3.36e-05 3.63e-05 3.805e-05 3.81e-05 4.235e-05 3.8e-05 3.345e-05 3.33e-05 3.78e-05 3.2e-05 3.635e-05 3.515e-05 3.62e-05 3.2e-05 4.23e-05 3.385e-05 3.795e-05 3.775e-05 3.375e-05 3.79e-05 4.335e-05 3.795e-05
12 4.145e-05 2.935e-05 3.63e-05 2.57e-05 4.24e-05 3.68e-05 3.62e-05 3.625e-05 3.775e-05 3.765e-05 3.625e-05 3.88e-05 2.82e-05 2.855e-05 4.725e-05 3.825e-05 2.96e-05 3.645e-05 2.755e-05 2.515e-05 3.79e-05 4.265e-05 3.705e-05 2.965e-05 3.075e-05 3.665e-05 3.465e-05 3.695e-05 3.655e-05 2.52e-05 3.44e-05 3.515e-05 3.09e-05 4.265e-05 3.015e-05 3.365e-05 3.645e-05 3.8e-05 3.805e-05 3.25e-05 4.22e-05 2.95e-05 4.285e-05 3.665e-05 3.095e-05 3.115e-05 3.41e-05 3.67e-05 3.67e-05 3.635e-05 3.665e-05 3.665e-05 3.375e-05 3.68e-05 4.085e-05 4.055e-05 2.55e-05 3.55e-05 4.1e-05 3.63e-05 2.955e-05 3.66e-05 3.65e-05 2.955e-05 3.655e-05 3.795e-05 3.66e-05
13 5.015e-05 2.075e-05 3.525e-05 3.725e-05 4.505e-05 5.53e-05 3.515e-05 3.52e-05 4.045e-05 4.02e-05 3.52e-05 3.25e-05 2.855e-05 1.25e-05 4.975e-05 5.075e-05 3.08e-05 4.52e-05 3.91e-05 3.675e-05 3.28e-05 4.52e-05 5.545e-05 3.085e-05 3.95e-05 4.905e-05 5.315e-05 5.55e-05 4.53e-05 3.68e-05 4.315e-05 3.66e-05 4.95e-05 4.52e-05 4.17e-05 2.87e-05 4.52e-05 3.29e-05 3.295e-05 2.26e-05 4.475e-05 3.07e-05 5.52e-05 4.54e-05 4.955e-05 4.965e-05 3.31e-05 4.545e-05 4.545e-05 3.53e-05 4.54e-05 5.52e-05 2.995e-05 4.545e-05 5.55e-05 4.54e-05 4.69e-05 2.39e-05 3.715e-05 3.525e-05 3.075e-05 4.535e-05 4.52e-05 3.07e-05 4.53e-05 3.285e-05 4.535e-05
14 3.065e-05 4.055e-05 3.125e-05 3.775e-05 3.115e-05 3.075e-05 3.115e-05 3.12e-05 3.975e-05 3.615e-05 3.12e-05 4.12e-05 4.725e-05 4.975e-05 6.11e-05 3.98e-05 4.035e-05 3.095e-05 4.165e-05 3.785e-05 3.985e-05 3.125e-05 3.085e-05 4.04e-05 3.635e-05 3.595e-05 3.32e-05 3.1e-05 3.105e-05 3.79e-05 3.35e-05 3.495e-05 3.61e-05 3.125e-05 3.755e-05 4.275e-05 3.095e-05 3.995e-05 4e-05 4.125e-05 3.08e-05 4.025e-05 3.1e-05 3.115e-05 3.615e-05 3.62e-05 3.725e-05 3.12e-05 3.12e-05 3.13e-05 3.115e-05 3.07e-05 4.02e-05 3.115e-05 3.095e-05 3.11e-05 3.775e-05 4.03e-05 3.495e-05 3.125e-05 4.03e-05 3.11e-05 3.09e-05 4.02e-05 3.105e-05 3.99e-05 3.11e-05
15 3.985e-05 4.67e-05 4.26e-05 3.625e-05 3.48e-05 2.675e-05 4.26e-05 4.26e-05 3.455e-05 3.5e-05 4.255e-05 3.905e-05 3.825e-05 5.075e-05 3.98e-05 5.32e-05 3.88e-05 3.465e-05 3.685e-05 3.62e-05 4.26e-05 3.495e-05 2.69e-05 3.885e-05 3.47e-05 2.665e-05 2.69e-05 2.675e-05 3.47e-05 3.625e-05 3.485e-05 3.87e-05 2.675e-05 3.495e-05 4.145e-05 3.895e-05 3.46e-05 4.26e-05 4.265e-05 4.675e-05 3.46e-05 3.87e-05 2.7e-05 3.48e-05 2.665e-05 2.69e-05 4.28e-05 3.485e-05 3.475e-05 4.265e-05 3.48e-05 2.665e-05 3.87e-05 3.485e-05 2.695e-05 3.48e-05 2.84e-05 4.345e-05 3.775e-05 4.26e-05 3.875e-05 3.475e-05 3.46e-05 3.87e-05 3.47e-05 4.255e-05 3.475e-05
16 3.42e-05 2.905e-05 3.35e-05 3.055e-05 3.53e-05 2.47e-05 3.34e-05 3.345e-05 4.29e-05 3.55e-05 3.345e-05 3.385e-05 2.96e-05 3.08e-05 4.035e-05 3.88e-05 4.92e-05 2.905e-05 2.97e-05 3.045e-05 4.305e-05 3.555e-05 2.5e-05 2.465e-05 2.91e-05 3.085e-05 2.49e-05 2.49e-05 2.915e-05 3.05e-05 2.925e-05 2.47e-05 2.465e-05 3.555e-05 3.56e-05 3.105e-05 2.905e-05 4.315e-05 4.32e-05 3.185e-05 3.515e-05 2.46e-05 3.105e-05 2.915e-05 2.48e-05 2.495e-05 3.19e-05 2.92e-05 2.93e-05 3.355e-05 2.915e-05 2.465e-05 3.195e-05 2.935e-05 2.865e-05 3.305e-05 2.61e-05 3.525e-05 3.09e-05 3.35e-05 2.465e-05 2.91e-05 2.905e-05 2.465e-05 2.905e-05 4.31e-05 2.91e-05
17 2.445e-05 2.905e-05 1.905e-05 2.6e-05 2.56e-05 1.905e-05 1.89e-05 1.9e-05 3.46e-05 3.09e-05 1.9e-05 3.785e-05 3.645e-05 4.52e-05 3.095e-05 3.465e-05 2.905e-05 3.77e-05 3.01e-05 2.635e-05 3.465e-05 2.585e-05 1.93e-05 2.91e-05 2.485e-05 3.125e-05 2.15e-05 1.905e-05 1.905e-05 2.64e-05 2.15e-05 2.33e-05 2.48e-05 2.585e-05 3.185e-05 3.77e-05 1.895e-05 3.465e-05 3.47e-05 3.11e-05 2.55e-05 2.895e-05 2.58e-05 1.915e-05 2.475e-05 2.505e-05 2.705e-05 1.915e-05 1.905e-05 1.91e-05 1.915e-05 1.89e-05 3.55e-05 1.93e-05 2.31e-05 2.305e-05 2.645e-05 3.54e-05 2.975e-05 1.905e-05 2.9e-05 1.91e-05 1.9e-05 2.9e-05 1.905e-05 3.46e-05 1.91e-05
18 3.52e-05 3.34e-05 3.38e-05 3.025e-05 3.67e-05 2.645e-05 3.37e-05 3.375e-05 4.02e-05 3.715e-05 3.375e-05 3.75e-05 2.755e-05 3.91e-05 4.165e-05 3.685e-05 2.97e-05 3.01e-05 5.28e-05 3.065e-05 4.035e-05 3.685e-05 2.67e-05 2.97e-05 3.07e-05 3.35e-05 2.68e-05 2.67e-05 3.02e-05 3.07e-05 3.045e-05 2.91e-05 2.7e-05 3.685e-05 3.575e-05 3.62e-05 3.01e-05 4.045e-05 4.05e-05 3.45e-05 3.65e-05 2.97e-05 3.31e-05 3.02e-05 2.715e-05 2.725e-05 3.2e-05 3.025e-05 3.035e-05 3.385e-05 3.02e-05 2.645e-05 3.675e-05 3.035e-05 3.035e-05 3.405e-05 2.705e-05 3.945e-05 3.57e-05 3.38e-05 2.975e-05 3.01e-05 3.005e-05 2.97e-05 3.01e-05 4.04e-05 3.015e-05
19 3.17e-05 2.655e-05 2.25e-05 2.25e-05 3.26e-05 3.03e-05 2.25e-05 2.25e-05 3.23e-05 3.3e-05 2.245e-05 3.945e-05 2.515e-05 3.675e-05 3.785e-05 3.62e-05 3.045e-05 2.635e-05 3.065e-05 4.48e-05 3.235e-05 3.285e-05 3.055e-05 3.05e-05 2.64e-05 3.63e-05 3.045e-05 3.02e-05 2.64e-05 2.245e-05 2.655e-05 3.035e-05 3.02e-05 3.285e-05 2.78e-05 3.68e-05 2.63e-05 3.235e-05 3.24e-05 2.915e-05 3.25e-05 3.035e-05 3.67e-05 2.65e-05 3.01e-05 3.045e-05 2.925e-05 2.655e-05 2.64e-05 2.255e-05 2.65e-05 3.015e-05 3.44e-05 2.665e-05 3.435e-05 3.04e-05 2.64e-05 3.295e-05 3.65e-05 2.25e-05 3.04e-05 2.645e-05 2.635e-05 3.04e-05 2.64e-05 3.23e-05 2.645e-05
20 3.99e-05 2.45e-05 1.615e-05 3.24e-05 3.48e-05 5.32e-05 1.615e-05 1.615e-05 2.385e-05 3.485e-05 1.61e-05 4.33e-05 3.79e-05 3.28e-05 3.985e-05 4.26e-05 4.305e-05 3.465e-05 4.035e-05 3.235e-05 3.17e-05 3.495e-05 5.335e-05 4.31e-05 3.47e-05 5.31e-05 5.33e-05 5.325e-05 3.47e-05 3.24e-05 3.48e-05 4.295e-05 5.32e-05 3.495e-05 3.765e-05 4.315e-05 3.46e-05 1.6e-05 1.605e-05 2.455e-05 3.45e-05 4.295e-05 5.345e-05 3.48e-05 5.32e-05 5.335e-05 2.69e-05 3.485e-05 3.48e-05 1.62e-05 3.48e-05 5.31e-05 4.025e-05 3.485e-05 5.34e-05 3.48e-05 5.1e-05 2.78e-05 4.38e-05 1.615e-05 4.3e-05 3.475e-05 3.46e-05 4.295e-05 3.47e-05 1.595e-05 3.475e-05
21 3.13e-05 3.555e-05 2.585e-05 3.28e-05 2.58e-05 2.585e-05 2.585e-05 2.585e-05 3.49e-05 3.1e-05 2.58e-05 3.63e-05 4.265e-05 4.52e-05 3.125e-05 3.495e-05 3.555e-05 2.585e-05 3.685e-05 3.285e-05 3.495e-05 5.15e-05 2.585e-05 3.56e-05 3.13e-05 3.125e-05 2.82e-05 2.58e-05 2.59e-05 3.29e-05 2.82e-05 3.02e-05 3.13e-05 2.58e-05 3.835e-05 3.79e-05 2.58e-05 3.495e-05 3.5e-05 3.63e-05 2.58e-05 3.55e-05 2.585e-05 2.595e-05 3.125e-05 3.13e-05 3.23e-05 2.59e-05 2.58e-05 2.59e-05 2.595e-05 2.58e-05 3.55e-05 2.585e-05 2.6e-05 2.595e-05 3.295e-05 3.55e-05 3.01e-05 2.575e-05 3.555e-05 2.59e-05 2.575e-05 3.55e-05 2.585e-05 3.49e-05 2.59e-05
22 2.45e-05 4.38e-05 3.815e-05 3.01e-05 2.575e-05 5e-07 3.805e-05 3.81e-05 4.54e-05 3.07e-05 3.81e-05 3.335e-05 3.705e-05 5.545e-05 3.085e-05 2.69e-05 2.5e-05 1.93e-05 2.67e-05 3.055e-05 5.335e-05 2.585e-05 7e-07 2.505e-05 2.515e-05 1.27e-05 2.85e-06 7.5e-07 1.94e-05 3.06e-05 2.17e-05 1.93e-05 6.35e-06 2.585e-05 3.575e-05 3.34e-05 1.93e-05 5.345e-05 5.35e-05 4.57e-05 2.56e-05 2.495e-05 7e-06 1.945e-05 6.45e-06 6.25e-06 3.535e-05 1.95e-05 1.955e-05 3.82e-05 1.945e-05 5e-07 3.405e-05 1.92e-05 4.45e-06 2.32e-05 1.185e-05 4.62e-05 2.47e-05 3.815e-05 2.5e-05 1.94e-05 1.92e-05 2.49e-05 1.935e-05 5.34e-05 1.94e-05
23 3.425e-05 2.91e-05 3.355e-05 3.06e-05 3.535e-05 2.475e-05 3.345e-05 3.35e-05 4.295e-05 3.555e-05 3.35e-05 3.39e-05 2.965e-05 3.085e-05 4.04e-05 3.885e-05 2.465e-05 2.91e-05 2.97e-05 3.05e-05 4.31e-05 3.56e-05 2.505e-05 4.93e-05 2.915e-05 3.09e-05 2.495e-05 2.495e-05 2.92e-05 3.055e-05 2.93e-05 2.475e-05 2.47e-05 3.56e-05 3.565e-05 3.11e-05 2.91e-05 4.32e-05 4.325e-05 3.19e-05 3.52e-05 2.465e-05 3.11e-05 2.92e-05 2.485e-05 2.5e-05 3.195e-05 2.925e-05 2.935e-05 3.36e-05 2.92e-05 2.47e-05 3.2e-05 2.94e-05 2.865e-05 3.31e-05 2.615e-05 3.53e-05 3.095e-05 3.355e-05 2.47e-05 2.91e-05 2.91e-05 2.47e-05 2.91e-05 4.315e-05 2.915e-05
24 3.02e-05 2.91e-05 2.485e-05 2.645e-05 3.1e-05 2.49e-05 2.485e-05 2.48e-05 3.465e-05 3.145e-05 2.475e-05 3.81e-05 3.075e-05 3.95e-05 3.635e-05 3.47e-05 2.91e-05 2.485e-05 3.07e-05 2.64e-05 3.47e-05 3.13e-05 2.515e-05 2.915e-05 4.95e-05 3.1e-05 2.505e-05 2.48e-05 2.49e-05 2.645e-05 2.5e-05 2.905e-05 2.485e-05 3.13e-05 3.18e-05 3.545e-05 2.48e-05 3.465e-05 3.475e-05 3.17e-05 3.1e-05 2.905e-05 3.125e-05 2.495e-05 2.48e-05 2.51e-05 2.77e-05 2.5e-05 2.49e-05 2.49e-05 2.495e-05 2.48e-05 3.525e-05 2.51e-05 2.89e-05 2.88e-05 2.65e-05 3.55e-05 3.52e-05 2.485e-05 2.91e-05 2.485e-05 2.48e-05 2.91e-05 2.485e-05 3.465e-05 2.485e-05
25 3.635e-05 4.96e-05 5.01e-05 3.67e-05 3.11e-05 1.255e-05 5e-05 5.005e-05 4.515e-05 3.12e-05 5.005e-05 3.2e-05 3.665e-05 4.905e-05 3.595e-05 2.665e-05 3.085e-05 3.125e-05 3.35e-05 3.63e-05 5.31e-05 3.125e-05 1.27e-05 3.09e-05 3.1e-05 2.34e-05 1.27e-05 1.275e-05 3.135e-05 3.635e-05 3.15e-05 3.11e-05 1.215e-05 3.125e-05 4.14e-05 3.1e-05 3.125e-05 5.32e-05 5.325e-05 5.09e-05 3.08e-05 3.075e-05 1.245e-05 3.145e-05 1.22e-05 1.23e-05 4.06e-05 3.15e-05 3.15e-05 5.015e-05 3.145e-05 1.245e-05 3.31e-05 3.15e-05 1.275e-05 3.145e-05 1.765e-05 4.62e-05 2.98e-05 5.01e-05 3.08e-05 3.14e-05 3.125e-05 3.075e-05 3.135e-05 5.315e-05 3.14e-05
26 2.675e-05 4.37e-05 4.035e-05 3.015e-05 2.8e-05 2.75e-06 4.025e-05 4.03e-05 4.54e-05 2.82e-05 4.03e-05 3.365e-05 3.465e-05 5.315e-05 3.32e-05 2.69e-05 2.49e-05 2.15e-05 2.68e-05 3.045e-05 5.33e-05 2.82e-05 2.85e-06 2.495e-05 2.505e-05 1.27e-05 5.3e-06 2.95e-06 2.16e-05 3.05e-05 2.145e-05 2.15e-05 6.25e-06 2.82e-05 3.57e-05 3.095e-05 2.15e-05 5.34e-05 5.345e-05 4.585e-05 2.79e-05 2.485e-05 9.35e-06 2.165e-05 6.35e-06 6.35e-06 3.55e-05 2.17e-05 2.175e-05 4.04e-05 2.165e-05 2.7e-06 3.405e-05 2.165e-05 6.75e-06 2.55e-05 1.175e-05 4.64e-05 2.69e-05 4.035e-05 2.49e-05 2.16e-05 2.145e-05 2.485e-05 2.155e-05 5.335e-05 2.16e-05
27 2.45e-05 4.345e-05 3.755e-05 2.985e-05 2.555e-05 5e-07 3.765e-05 3.76e-05 4.53e-05 3.095e-05 3.75e-05 3.37e-05 3.695e-05 5.55e-05 3.1e-05 2.675e-05 2.49e-05 1.905e-05 2.67e-05 3.02e-05 5.325e-05 2.58e-05 7.5e-07 2.495e-05 2.48e-05 1.275e-05 2.95e-06 5e-07 1.905e-05 3.025e-05 2.145e-05 1.92e-05 6.25e-06 2.58e-05 3.575e-05 3.355e-05 1.895e-05 5.325e-05 5.33e-05 4.55e-05 2.55e-05 2.485e-05 7.2e-06 1.91e-05 6.15e-06 6.5e-06 3.525e-05 1.915e-05 1.9e-05 3.76e-05 1.91e-05 4e-07 3.41e-05 1.925e-05 4.5e-06 2.3e-05 1.175e-05 4.66e-05 2.475e-05 3.755e-05 2.49e-05 1.905e-05 1.895e-05 2.49e-05 1.9e-05 5.32e-05 1.905e-05
28 2.455e-05 2.91e-05 1.905e-05 2.605e-05 2.565e-05 1.915e-05 1.905e-05 1.905e-05 3.465e-05 3.1e-05 1.9e-05 3.795e-05 3.655e-05 4.53e-05 3.105e-05 3.47e-05 2.915e-05 1.905e-05 3.02e-05 2.64e-05 3.47e-05 2.59e-05 1.94e-05 2.92e-05 2.49e-05 3.135e-05 2.16e-05 1.905e-05 3.79e-05 2.645e-05 2.155e-05 2.34e-05 2.49e-05 2.59e-05 3.195e-05 3.78e-05 1.9e-05 3.47e-05 3.475e-05 3.115e-05 2.555e-05 2.905e-05 2.59e-05 1.92e-05 2.48e-05 2.515e-05 2.72e-05 1.925e-05 1.91e-05 1.91e-05 1.92e-05 1.9e-05 3.56e-05 1.935e-05 2.32e-05 2.31e-05 2.655e-05 3.55e-05 2.985e-05 1.905e-05 2.91e-05 1.915e-05 1.905e-05 2.91e-05 1.91e-05 3.465e-05 1.915e-05
29 3.175e-05 2.66e-05 2.255e-05 2.255e-05 3.265e-05 3.035e-05 2.255e-05 2.255e-05 3.235e-05 3.305e-05 2.25e-05 3.95e-05 2.52e-05 3.68e-05 3.79e-05 3.625e-05 3.05e-05 2.64e-05 3.07e-05 2.245e-05 3.24e-05 3.29e-05 3.06e-05 3.055e-05 2.645e-05 3.635e-05 3.05e-05 3.025e-05 2.645e-05 4.49e-05 2.66e-05 3.04e-05 3.025e-05 3.29e-05 2.785e-05 3.685e-05 2.635e-05 3.24e-05 3.245e-05 2.92e-05 3.255e-05 3.04e-05 3.675e-05 2.655e-05 3.015e-05 3.05e-05 2.93e-05 2.66e-05 2.645e-05 2.26e-05 2.655e-05 3.02e-05 3.445e-05 2.67e-05 3.44e-05 3.045e-05 2.645e-05 3.3e-05 3.655e-05 2.255e-05 3.045e-05 2.65e-05 2.64e-05 3.045e-05 2.645e-05 3.235e-05 2.65e-05
30 2.7e-05 2.925e-05 2.15e-05 2.63e-05 2.795e-05 2.155e-05 2.15e-05 2.15e-05 3.48e-05 2.84e-05 2.145e-05 3.81e-05 3.44e-05 4.315e-05 3.35e-05 3.485e-05 2.925e-05 2.15e-05 3.045e-05 2.655e-05 3.48e-05 2.82e-05 2.17e-05 2.93e-05 2.5e-05 3.15e-05 2.145e-05 2.145e-05 2.155e-05 2.66e-05 4.28e-05 2.585e-05 2.5e-05 2.82e-05 3.21e-05 3.535e-05 2.145e-05 3.48e-05 3.485e-05 3.145e-05 2.8e-05 2.92e-05 2.815e-05 2.16e-05 2.495e-05 2.515e-05 2.745e-05 2.165e-05 2.155e-05 2.155e-05 2.16e-05 2.145e-05 3.575e-05 2.165e-05 2.555e-05 2.55e-05 2.665e-05 3.555e-05 3.22e-05 2.15e-05 2.925e-05 2.155e-05 2.145e-05 2.925e-05 2.15e-05 3.475e-05 2.155e-05
31 2.845e-05 2.91e-05 2.775e-05 3e-05 2.995e-05 1.9e-05 2.765e-05 2.77e-05 4.28e-05 3.51e-05 2.77e-05 3.36e-05 3.515e-05 3.66e-05 3.495e-05 3.87e-05 2.47e-05 2.33e-05 2.91e-05 3.035e-05 4.295e-05 3.02e-05 1.93e-05 2.475e-05 2.905e-05 3.11e-05 2.15e-05 1.92e-05 2.34e-05 3.04e-05 2.585e-05 3.77e-05 2.46e-05 3.02e-05 3.55e-05 3.34e-05 2.33e-05 4.305e-05 4.31e-05 3.12e-05 2.975e-05 2.465e-05 2.575e-05 2.345e-05 2.47e-05 2.49e-05 3.13e-05 2.35e-05 2.355e-05 2.78e-05 2.345e-05 1.89e-05 3.235e-05 2.365e-05 2.3e-05 2.735e-05 2.605e-05 3.525e-05 2.56e-05 2.775e-05 2.47e-05 2.34e-05 2.335e-05 2.47e-05 2.335e-05 4.3e-05 2.34e-05
32 2.995e-05 4.35e-05 4.365e-05 3.03e-05 3.105e-05 6.05e-06 4.355e-05 4.36e-05 4.525e-05 3.125e-05 4.36e-05 3.37e-05 3.09e-05 4.95e-05 3.61e-05 2.675e-05 2.465e-05 2.48e-05 2.7e-05 3.02e-05 5.32e-05 3.13e-05 6.35e-06 2.47e-05 2.485e-05 1.215e-05 6.25e-06 6.25e-06 2.49e-05 3.025e-05 2.5e-05 2.46e-05 1.19e-05 3.13e-05 3.535e-05 3.105e-05 2.48e-05 5.33e-05 5.335e-05 4.61e-05 3.09e-05 2.465e-05 1.24e-05 2.49e-05 6.1e-06 6.25e-06 3.575e-05 2.495e-05 2.505e-05 4.37e-05 2.49e-05 6e-06 3.355e-05 2.51e-05 1e-05 2.88e-05 1.145e-05 4.64e-05 2.99e-05 4.365e-05 2.47e-05 2.485e-05 2.48e-05 2.47e-05 2.48e-05 5.325e-05 2.485e-05
33 3.13e-05 3.555e-05 2.585e-05 3.28e-05 2.58e-05 2.585e-05 2.585e-05 2.585e-05 3.49e-05 3.1e-05 2.58e-05 3.63e-05 4.265e-05 4.52e-05 3.125e-05 3.495e-05 3.555e-05 2.585e-05 3.685e-05 3.285e-05 3.495e-05 2.58e-05 2.585e-05 3.56e-05 3.13e-05 3.125e-05 2.82e-05 2.58e-05 2.59e-05 3.29e-05 2.82e-05 3.02e-05 3.13e-05 5.15e-05 3.835e-05 3.79e-05 2.58e-05 3.495e-05 3.5e-05 3.63e-05 2.58e-05 3.55e-05 2.58e-05 2.595e-05 3.125e-05 3.13e-05 3.23e-05 2.59e-05 2.58e-05 2.59e-05 2.595e-05 2.58e-05 3.55e-05 2.585e-05 2.6e-05 2.595e-05 3.295e-05 3.55e-05 3.01e-05 2.575e-05 3.555e-05 2.59e-05 2.575e-05 3.55e-05 2.585e-05 3.49e-05 2.59e-05
34 3.145e-05 3.195e-05 2.83e-05 2.785e-05 3.815e-05 3.555e-05 2.82e-05 2.825e-05 3.755e-05 3.83e-05 2.825e-05 4.45e-05 3.015e-05 4.17e-05 3.755e-05 4.145e-05 3.56e-05 3.185e-05 3.575e-05 2.78e-05 3.765e-05 3.835e-05 3.575e-05 3.565e-05 3.18e-05 4.14e-05 3.57e-05 3.575e-05 3.195e-05 2.785e-05 3.21e-05 3.55e-05 3.535e-05 3.835e-05 5.48e-05 4.19e-05 3.185e-05 3.775e-05 3.78e-05 3.45e-05 3.79e-05 3.55e-05 4.195e-05 3.205e-05 3.54e-05 3.555e-05 3.455e-05 3.21e-05 3.21e-05 2.835e-05 3.205e-05 3.545e-05 3.95e-05 3.215e-05 3.96e-05 3.59e-05 3.155e-05 3.8e-05 4.175e-05 2.83e-05 3.555e-05 3.2e-05 3.185e-05 3.55e-05 3.195e-05 3.77e-05 3.2e-05
35 4.28e-05 3.545e-05 4.215e-05 3.695e-05 3.775e-05 3.335e-05 4.205e-05 4.21e-05 4.305e-05 3.295e-05 4.21e-05 3.24e-05 3.365e-05 2.87e-05 4.275e-05 3.895e-05 3.105e-05 3.77e-05 3.62e-05 3.68e-05 4.315e-05 3.79e-05 3.34e-05 3.11e-05 3.545e-05 3.1e-05 3.095e-05 3.355e-05 3.78e-05 3.685e-05 3.535e-05 3.34e-05 3.105e-05 3.79e-05 4.19e-05 5.73e-05 3.77e-05 4.325e-05 4.33e-05 3.67e-05 3.76e-05 3.1e-05 3.345e-05 3.785e-05 3.115e-05 3.11e-05 3.675e-05 3.79e-05 3.795e-05 4.22e-05 3.785e-05 3.33e-05 3.215e-05 3.78e-05 3.35e-05 3.785e-05 3.25e-05 3.52e-05 3.325e-05 4.215e-05 3.105e-05 3.78e-05 3.765e-05 3.1e-05 3.775e-05 4.32e-05 3.78e-05
36 2.44e-05 2.9e-05 1.895e-05 2.595e-05 2.555e-05 1.905e-05 1.895e-05 1.895e-05 3.455e-05 3.09e-05 1.89e-05 3.785e-05 3.645e-05 4.52e-05 3.095e-05 3.46e-05 2.905e-05 1.895e-05 3.01e-05 2.63e-05 3.46e-05 2.58e-05 1.93e-05 2.91e-05 2.48e-05 3.125e-05 2.15e-05 1.895e-05 1.9e-05 2.635e-05 2.145e-05 2.33e-05 2.48e-05 2.58e-05 3.185e-05 3.77e-05 3.77e-05 3.46e-05 3.465e-05 3.105e-05 2.545e-05 2.895e-05 2.58e-05 1.91e-05 2.47e-05 2.505e-05 2.71e-05 1.915e-05 1.9e-05 1.9e-05 1.91e-05 1.89e-05 3.55e-05 1.925e-05 2.31e-05 2.3e-05 2.645e-05 3.54e-05 2.975e-05 1.895e-05 2.9e-05 1.905e-05 1.895e-05 2.9e-05 1.9e-05 3.455e-05 1.905e-05
37 4e-05 2.45e-05 1.605e-05 3.235e-05 3.475e-05 5.33e-05 1.605e-05 1.6e-05 2.395e-05 3.495e-05 1.595e-05 4.34e-05 3.8e-05 3.29e-05 3.995e-05 4.26e-05 4.315e-05 3.465e-05 4.045e-05 3.235e-05 1.6e-05 3.495e-05 5.345e-05 4.32e-05 3.465e-05 5.32e-05 5.34e-05 5.325e-05 3.47e-05 3.24e-05 3.48e-05 4.305e-05 5.33e-05 3.495e-05 3.775e-05 4.325e-05 3.46e-05 3.19e-05 1.605e-05 2.455e-05 3.46e-05 4.305e-05 5.355e-05 3.48e-05 5.32e-05 5.345e-05 2.69e-05 3.485e-05 3.47e-05 1.61e-05 3.48e-05 5.32e-05 4.035e-05 3.485e-05 5.35e-05 3.475e-05 5.11e-05 2.79e-05 4.39e-05 1.605e-05 4.31e-05 3.47e-05 3.46e-05 4.305e-05 3.47e-05 1.595e-05 3.47e-05
38 4.005e-05 2.45e-05 1.61e-05 3.245e-05 3.485e-05 5.335e-05 1.61e-05 1.61e-05 2.4e-05 3.5e-05 1.605e-05 4.345e-05 3.805e-05 3.295e-05 4e-05 4.265e-05 4.32e-05 3.47e-05 4.05e-05 3.24e-05 1.605e-05 3.5e-05 5.35e-05 4.325e-05 3.475e-05 5.325e-05 5.345e-05 5.33e-05 3.475e-05 3.245e-05 3.485e-05 4.31e-05 5.335e-05 3.5e-05 3.78e-05 4.33e-05 3.465e-05 1.605e-05 3.2e-05 2.46e-05 3.465e-05 4.31e-05 5.36e-05 3.48e-05 5.325e-05 5.35e-05 2.695e-05 3.49e-05 3.475e-05 1.615e-05 3.485e-05 5.325e-05 4.04e-05 3.49e-05 5.355e-05 3.485e-05 5.115e-05 2.795e-05 4.395e-05 1.61e-05 4.315e-05 3.48e-05 3.465e-05 4.31e-05 3.475e-05 1.6e-05 3.48e-05
39 3.64e-05 1.74e-05 1.67e-05 2.875e-05 3.615e-05 4.555e-05 1.67e-05 1.67e-05 3.23e-05 3.675e-05 1.665e-05 3.615e-05 3.25e-05 2.26e-05 4.125e-05 4.675e-05 3.185e-05 3.11e-05 3.45e-05 2.915e-05 2.455e-05 3.63e-05 4.57e-05 3.19e-05 3.17e-05 5.09e-05 4.585e-05 4.55e-05 3.115e-05 2.92e-05 3.145e-05 3.12e-05 4.61e-05 3.63e-05 3.45e-05 3.67e-05 3.105e-05 2.455e-05 2.46e-05 3.32e-05 3.595e-05 3.175e-05 5.07e-05 3.125e-05 4.6e-05 4.625e-05 2.315e-05 3.13e-05 3.115e-05 1.675e-05 3.125e-05 4.545e-05 3.51e-05 3.13e-05 4.8e-05 3.35e-05 4.37e-05 2.53e-05 3.705e-05 1.67e-05 3.18e-05 3.12e-05 3.105e-05 3.175e-05 3.115e-05 2.45e-05 3.12e-05
40 3.085e-05 3.52e-05 2.56e-05 3.245e-05 2.565e-05 2.545e-05 2.56e-05 2.56e-05 3.445e-05 3.08e-05 2.555e-05 3.61e-05 4.22e-05 4.475e-05 3.08e-05 3.46e-05 3.515e-05 2.55e-05 3.65e-05 3.25e-05 3.45e-05 2.58e-05 2.56e-05 3.52e-05 3.1e-05 3.08e-05 2.79e-05 2.55e-05 2.555e-05 3.255e-05 2.8e-05 2.975e-05 3.09e-05 2.58e-05 3.79e-05 3.76e-05 2.545e-05 3.46e-05 3.465e-05 3.595e-05 5.06e-05 3.505e-05 2.57e-05 2.565e-05 3.09e-05 3.105e-05 3.2e-05 2.57e-05 2.565e-05 2.565e-05 2.565e-05 2.535e-05 3.505e-05 2.57e-05 2.565e-05 2.565e-05 3.255e-05 3.52e-05 2.965e-05 2.56e-05 3.51e-05 2.56e-05 2.545e-05 3.505e-05 2.555e-05 3.455e-05 2.56e-05
41 3.41e-05 2.895e-05 3.34e-05 3.045e-05 3.525e-05 2.47e-05 3.33e-05 3.335e-05 4.28e-05 3.545e-05 3.335e-05 3.38e-05 2.95e-05 3.07e-05 4.025e-05 3.87e-05 2.46e-05 2.895e-05 2.97e-05 3.035e-05 4.295e-05 3.55e-05 2.495e-05 2.465e-05 2.905e-05 3.075e-05 2.485e-05 2.485e-05 2.905e-05 3.04e-05 2.92e-05 2.465e-05 2.465e-05 3.55e-05 3.55e-05 3.1e-05 2.895e-05 4.305e-05 4.31e-05 3.175e-05 3.505e-05 4.9e-05 3.11e-05 2.915e-05 2.47e-05 2.49e-05 3.185e-05 2.92e-05 2.92e-05 3.345e-05 2.915e-05 2.455e-05 3.185e-05 2.93e-05 2.875e-05 3.305e-05 2.61e-05 3.515e-05 3.08e-05 3.34e-05 2.455e-05 2.91e-05 2.9e-05 2.455e-05 2.905e-05 4.3e-05 2.91e-05
42 3.105e-05 4.995e-05 4.465e-05 3.665e-05 2.575e-05 6.95e-06 4.455e-05 4.46e-05 4.55e-05 3.075e-05 4.46e-05 3.185e-05 4.285e-05 5.52e-05 3.1e-05 2.7e-05 3.105e-05 2.58e-05 3.31e-05 3.67e-05 5.345e-05 2.585e-05 7e-06 3.11e-05 3.125e-05 1.245e-05 9.35e-06 7.2e-06 2.59e-05 3.675e-05 2.815e-05 2.575e-05 1.24e-05 2.58e-05 4.195e-05 3.345e-05 2.58e-05 5.355e-05 5.36e-05 5.07e-05 2.57e-05 3.11e-05 1.37e-05 2.585e-05 1.26e-05 1.245e-05 4.03e-05 2.59e-05 2.605e-05 4.47e-05 2.585e-05 7e-06 3.38e-05 2.58e-05 7e-06 2.585e-05 1.79e-05 4.64e-05 2.48e-05 4.465e-05 3.115e-05 2.58e-05 2.57e-05 3.11e-05 2.575e-05 5.35e-05 2.58e-05
43 2.465e-05 2.915e-05 1.915e-05 2.615e-05 2.57e-05 1.91e-05 1.915e-05 1.915e-05 3.475e-05 3.105e-05 1.91e-05 3.8e-05 3.665e-05 4.54e-05 3.115e-05 3.48e-05 2.915e-05 1.915e-05 3.02e-05 2.65e-05 3.48e-05 2.595e-05 1.945e-05 2.92e-05 2.495e-05 3.145e-05 2.165e-05 1.91e-05 1.92e-05 2.655e-05 2.16e-05 2.345e-05 2.49e-05 2.595e-05 3.205e-05 3.785e-05 1.91e-05 3.48e-05 3.48e-05 3.125e-05 2.565e-05 2.915e-05 2.585e-05 3.81e-05 2.49e-05 2.52e-05 2.725e-05 1.925e-05 1.92e-05 1.92e-05 1.915e-05 1.91e-05 3.57e-05 1.94e-05 2.31e-05 2.31e-05 2.65e-05 3.56e-05 2.995e-05 1.915e-05 2.92e-05 1.915e-05 1.91e-05 2.92e-05 1.91e-05 3.475e-05 1.915e-05
44 3e-05 4.34e-05 4.34e-05 3.02e-05 3.1e-05 6.2e-06 4.34e-05 4.34e-05 4.525e-05 3.135e-05 4.335e-05 3.38e-05 3.095e-05 4.955e-05 3.615e-05 2.665e-05 2.48e-05 2.475e-05 2.715e-05 3.01e-05 5.32e-05 3.125e-05 6.45e-06 2.485e-05 2.48e-05 1.22e-05 6.35e-06 6.15e-06 2.48e-05 3.015e-05 2.495e-05 2.47e-05 6.1e-06 3.125e-05 3.54e-05 3.115e-05 2.47e-05 5.32e-05 5.325e-05 4.6e-05 3.09e-05 2.47e-05 1.26e-05 2.49e-05 1.2e-05 6.35e-06 3.575e-05 2.495e-05 2.485e-05 4.345e-05 2.49e-05 6.05e-06 3.36e-05 2.505e-05 1.025e-05 2.88e-05 1.16e-05 4.645e-05 2.995e-05 4.34e-05 2.475e-05 2.485e-05 2.475e-05 2.475e-05 2.48e-05 5.315e-05 2.485e-05
45 3.015e-05 4.375e-05 4.39e-05 3.05e-05 3.115e-05 6.3e-06 4.38e-05 4.385e-05 4.54e-05 3.12e-05 4.385e-05 3.36e-05 3.115e-05 4.965e-05 3.62e-05 2.69e-05 2.495e-05 2.505e-05 2.725e-05 3.045e-05 5.335e-05 3.13e-05 6.25e-06 2.5e-05 2.51e-05 1.23e-05 6.35e-06 6.5e-06 2.515e-05 3.05e-05 2.515e-05 2.49e-05 6.25e-06 3.13e-05 3.555e-05 3.11e-05 2.505e-05 5.345e-05 5.35e-05 4.625e-05 3.105e-05 2.49e-05 1.245e-05 2.52e-05 6.35e-06 1.24e-05 3.59e-05 2.525e-05 2.53e-05 4.395e-05 2.52e-05 6.25e-06 3.37e-05 2.505e-05 1.025e-05 2.9e-05 1.175e-05 4.625e-05 3.005e-05 4.39e-05 2.495e-05 2.515e-05 2.5e-05 2.49e-05 2.51e-05 5.34e-05 2.515e-05
46 3.24e-05 2.385e-05 1.91e-05 2.885e-05 3.215e-05 3.52e-05 1.89e-05 1.905e-05 3.465e-05 3.27e-05 1.905e-05 3.63e-05 3.41e-05 3.31e-05 3.725e-05 4.28e-05 3.19e-05 2.705e-05 3.2e-05 2.925e-05 2.69e-05 3.23e-05 3.535e-05 3.195e-05 2.77e-05 4.06e-05 3.55e-05 3.525e-05 2.72e-05 2.93e-05 2.745e-05 3.13e-05 3.575e-05 3.23e-05 3.455e-05 3.675e-05 2.71e-05 2.69e-05 2.695e-05 2.315e-05 3.2e-05 3.185e-05 4.03e-05 2.725e-05 3.575e-05 3.59e-05 3.78e-05 2.725e-05 2.72e-05 1.915e-05 2.725e-05 3.515e-05 3.675e-05 2.73e-05 3.76e-05 2.95e-05 3.74e-05 3.17e-05 3.715e-05 1.91e-05 3.19e-05 2.72e-05 2.705e-05 3.185e-05 2.715e-05 2.685e-05 2.72e-05
47 2.47e-05 2.925e-05 1.92e-05 2.62e-05 2.575e-05 1.92e-05 1.915e-05 1.92e-05 3.48e-05 3.11e-05 1.915e-05 3.805e-05 3.67e-05 4.545e-05 3.12e-05 3.485e-05 2.92e-05 1.915e-05 3.025e-05 2.655e-05 3.485e-05 2.59e-05 1.95e-05 2.925e-05 2.5e-05 3.15e-05 2.17e-05 1.915e-05 1.925e-05 2.66e-05 2.165e-05 2.35e-05 2.495e-05 2.59e-05 3.21e-05 3.79e-05 1.915e-05 3.485e-05 3.49e-05 3.13e-05 2.57e-05 2.92e-05 2.59e-05 1.925e-05 2.495e-05 2.525e-05 2.725e-05 3.82e-05 1.915e-05 1.925e-05 1.925e-05 1.915e-05 3.575e-05 1.945e-05 2.315e-05 2.315e-05 2.66e-05 3.565e-05 3e-05 1.91e-05 2.925e-05 1.92e-05 1.915e-05 2.925e-05 1.91e-05 3.48e-05 1.915e-05
48 2.47e-05 2.91e-05 1.89e-05 2.605e-05 2.565e-05 1.93e-05 1.89e-05 1.89e-05 3.475e-05 3.115e-05 1.885e-05 3.81e-05 3.67e-05 4.545e-05 3.12e-05 3.475e-05 2.93e-05 1.905e-05 3.035e-05 2.64e-05 3.48e-05 2.58e-05 1.955e-05 2.935e-05 2.49e-05 3.15e-05 2.175e-05 1.9e-05 1.91e-05 2.645e-05 2.155e-05 2.355e-05 2.505e-05 2.58e-05 3.21e-05 3.795e-05 1.9e-05 3.47e-05 3.475e-05 3.115e-05 2.565e-05 2.92e-05 2.605e-05 1.92e-05 2.485e-05 2.53e-05 2.72e-05 1.915e-05 3.76e-05 1.895e-05 1.92e-05 1.915e-05 3.575e-05 1.935e-05 2.335e-05 2.31e-05 2.67e-05 3.565e-05 3e-05 1.88e-05 2.925e-05 1.915e-05 1.905e-05 2.925e-05 1.91e-05 3.465e-05 1.915e-05
49 2.48e-05 1.47e-05 1.5e-07 2.22e-05 2.565e-05 3.795e-05 3.5e-07 3e-07 2.405e-05 3.12e-05 2e-07 4.235e-05 3.635e-05 3.53e-05 3.13e-05 4.265e-05 3.355e-05 1.91e-05 3.385e-05 2.255e-05 1.62e-05 2.59e-05 3.82e-05 3.36e-05 2.49e-05 5.015e-05 4.04e-05 3.76e-05 1.91e-05 2.26e-05 2.155e-05 2.78e-05 4.37e-05 2.59e-05 2.835e-05 4.22e-05 1.9e-05 1.61e-05 1.615e-05 1.675e-05 2.565e-05 3.345e-05 4.47e-05 1.92e-05 4.345e-05 4.395e-05 1.915e-05 1.925e-05 1.895e-05 3e-07 1.91e-05 3.78e-05 3.73e-05 1.935e-05 4.2e-05 2.31e-05 4.15e-05 2.46e-05 3.515e-05 2.5e-07 3.35e-05 1.915e-05 1.905e-05 3.35e-05 1.91e-05 1.605e-05 1.915e-05
50 2.465e-05 2.92e-05 1.905e-05 2.615e-05 2.57e-05 1.91e-05 1.915e-05 1.915e-05 3.475e-05 3.105e-05 1.91e-05 3.8e-05 3.665e-05 4.54e-05 3.115e-05 3.48e-05 2.915e-05 1.915e-05 3.02e-05 2.65e-05 3.48e-05 2.595e-05 1.945e-05 2.92e-05 2.495e-05 3.145e-05 2.165e-05 1.91e-05 1.92e-05 2.655e-05 2.16e-05 2.345e-05 2.49e-05 2.595e-05 3.205e-05 3.785e-05 1.91e-05 3.48e-05 3.485e-05 3.125e-05 2.565e-05 2.915e-05 2.585e-05 1.915e-05 2.49e-05 2.52e-05 2.725e-05 1.925e-05 1.92e-05 1.91e-05 3.81e-05 1.91e-05 3.57e-05 1.94e-05 2.31e-05 2.31e-05 2.65e-05 3.56e-05 2.995e-05 1.915e-05 2.92e-05 1.915e-05 1.91e-05 2.92e-05 1.91e-05 3.475e-05 1.915e-05
51 2.42e-05 4.34e-05 3.775e-05 2.98e-05 2.555e-05 2.5e-07 3.765e-05 3.77e-05 4.515e-05 3.07e-05 3.77e-05 3.345e-05 3.665e-05 5.52e-05 3.07e-05 2.665e-05 2.465e-05 1.89e-05 2.645e-05 3.015e-05 5.31e-05 2.58e-05 5e-07 2.47e-05 2.48e-05 1.245e-05 2.7e-06 4e-07 1.9e-05 3.02e-05 2.145e-05 1.89e-05 6e-06 2.58e-05 3.545e-05 3.33e-05 1.89e-05 5.32e-05 5.325e-05 4.545e-05 2.535e-05 2.455e-05 7e-06 1.91e-05 6.05e-06 6.25e-06 3.515e-05 1.915e-05 1.915e-05 3.78e-05 1.91e-05 1e-07 3.38e-05 1.925e-05 4.3e-06 2.3e-05 1.15e-05 4.63e-05 2.445e-05 3.775e-05 2.46e-05 1.905e-05 1.895e-05 2.46e-05 1.9e-05 5.315e-05 1.905e-05
52 4.06e-05 3.36e-05 3.725e-05 3.48e-05 3.535e-05 3.39e-05 3.715e-05 3.72e-05 4.01e-05 3.545e-05 3.72e-05 3.33e-05 3.375e-05 2.995e-05 4.02e-05 3.87e-05 3.195e-05 3.55e-05 3.675e-05 3.44e-05 4.025e-05 3.55e-05 3.405e-05 3.2e-05 3.525e-05 3.31e-05 3.405e-05 3.41e-05 3.56e-05 3.445e-05 3.575e-05 3.235e-05 3.355e-05 3.55e-05 3.95e-05 3.215e-05 3.55e-05 4.035e-05 4.04e-05 3.51e-05 3.505e-05 3.185e-05 3.38e-05 3.57e-05 3.36e-05 3.37e-05 3.675e-05 3.575e-05 3.575e-05 3.73e-05 3.57e-05 3.38e-05 5.99e-05 3.575e-05 3.41e-05 3.57e-05 3.285e-05 3.35e-05 3.195e-05 3.725e-05 3.19e-05 3.565e-05 3.55e-05 3.185e-05 3.56e-05 4.03e-05 3.565e-05
53 2.475e-05 2.935e-05 1.93e-05 2.625e-05 2.57e-05 1.93e-05 1.93e-05 1.93e-05 3.48e-05 3.09e-05 1.925e-05 3.78e-05 3.68e-05 4.545e-05 3.115e-05 3.485e-05 2.935e-05 1.93e-05 3.035e-05 2.665e-05 3.485e-05 2.585e-05 1.92e-05 2.94e-05 2.51e-05 3.15e-05 2.165e-05 1.925e-05 1.935e-05 2.67e-05 2.165e-05 2.365e-05 2.51e-05 2.585e-05 3.215e-05 3.78e-05 1.925e-05 3.485e-05 3.49e-05 3.13e-05 2.57e-05 2.93e-05 2.58e-05 1.94e-05 2.505e-05 2.505e-05 2.73e-05 1.945e-05 1.935e-05 1.935e-05 1.94e-05 1.925e-05 3.575e-05 3.84e-05 2.325e-05 2.32e-05 2.675e-05 3.535e-05 3e-05 1.93e-05 2.935e-05 1.935e-05 1.92e-05 2.93e-05 1.93e-05 3.48e-05 1.935e-05
54 2.835e-05 4.76e-05 4.195e-05 3.395e-05 2.585e-05 4.2e-06 4.185e-05 4.19e-05 4.545e-05 3.09e-05 4.19e-05 3.2e-05 4.085e-05 5.55e-05 3.095e-05 2.695e-05 2.865e-05 2.31e-05 3.035e-05 3.435e-05 5.34e-05 2.6e-05 4.45e-06 2.865e-05 2.89e-05 1.275e-05 6.75e-06 4.5e-06 2.32e-05 3.44e-05 2.555e-05 2.3e-05 1e-05 2.6e-05 3.96e-05 3.35e-05 2.31e-05 5.35e-05 5.355e-05 4.8e-05 2.565e-05 2.875e-05 7e-06 2.31e-05 1.025e-05 1.025e-05 3.76e-05 2.315e-05 2.335e-05 4.2e-05 2.31e-05 4.3e-06 3.41e-05 2.325e-05 8.1e-06 2.3e-05 1.55e-05 4.65e-05 2.475e-05 4.195e-05 2.88e-05 2.3e-05 2.3e-05 2.875e-05 2.3e-05 5.345e-05 2.305e-05
55 2.85e-05 3.31e-05 2.305e-05 2.995e-05 2.575e-05 2.3e-05 2.305e-05 2.3e-05 3.475e-05 3.105e-05 2.295e-05 3.635e-05 4.055e-05 4.54e-05 3.11e-05 3.48e-05 3.305e-05 2.305e-05 3.405e-05 3.04e-05 3.48e-05 2.595e-05 2.32e-05 3.31e-05 2.88e-05 3.145e-05 2.55e-05 2.3e-05 2.31e-05 3.045e-05 2.55e-05 2.735e-05 2.88e-05 2.595e-05 3.59e-05 3.785e-05 2.3e-05 3.475e-05 3.485e-05 3.35e-05 2.565e-05 3.305e-05 2.585e-05 2.31e-05 2.88e-05 2.9e-05 2.95e-05 2.315e-05 2.31e-05 2.31e-05 2.31e-05 2.3e-05 3.57e-05 2.32e-05 2.3e-05 4.59e-05 3.045e-05 3.55e-05 2.995e-05 2.305e-05 3.31e-05 2.3e-05 2.295e-05 3.305e-05 2.3e-05 3.475e-05 2.3e-05
56 3.16e-05 4.11e-05 4.145e-05 2.65e-05 3.27e-05 1.15e-05 4.135e-05 4.14e-05 4.305e-05 3.29e-05 4.14e-05 3.515e-05 2.55e-05 4.69e-05 3.775e-05 2.84e-05 2.61e-05 2.645e-05 2.705e-05 2.64e-05 5.1e-05 3.295e-05 1.185e-05 2.615e-05 2.65e-05 1.765e-05 1.175e-05 1.175e-05 2.655e-05 2.645e-05 2.665e-05 2.605e-05 1.145e-05 3.295e-05 3.155e-05 3.25e-05 2.645e-05 5.11e-05 5.115e-05 4.37e-05 3.255e-05 2.61e-05 1.79e-05 2.65e-05 1.16e-05 1.175e-05 3.74e-05 2.66e-05 2.67e-05 4.15e-05 2.65e-05 1.15e-05 3.285e-05 2.675e-05 1.55e-05 3.045e-05 2.29e-05 4.4e-05 3.135e-05 4.145e-05 2.615e-05 2.65e-05 2.645e-05 2.615e-05 2.645e-05 5.105e-05 2.65e-05
57 4.045e-05 2.43e-05 2.455e-05 3.295e-05 3.545e-05 4.635e-05 2.445e-05 2.45e-05 3.225e-05 3.54e-05 2.45e-05 3.62e-05 3.55e-05 2.39e-05 4.03e-05 4.345e-05 3.525e-05 3.54e-05 3.945e-05 3.295e-05 2.78e-05 3.55e-05 4.62e-05 3.53e-05 3.55e-05 4.62e-05 4.64e-05 4.66e-05 3.55e-05 3.3e-05 3.555e-05 3.525e-05 4.64e-05 3.55e-05 3.8e-05 3.52e-05 3.54e-05 2.79e-05 2.795e-05 2.53e-05 3.52e-05 3.515e-05 4.64e-05 3.56e-05 4.645e-05 4.625e-05 3.17e-05 3.565e-05 3.565e-05 2.46e-05 3.56e-05 4.63e-05 3.35e-05 3.535e-05 4.65e-05 3.55e-05 4.4e-05 4.75e-05 3.51e-05 2.455e-05 3.52e-05 3.555e-05 3.535e-05 3.51e-05 3.55e-05 2.785e-05 3.555e-05
58 3.5e-05 3.615e-05 3.51e-05 3.655e-05 2.995e-05 2.455e-05 3.5e-05 3.505e-05 4.275e-05 3.48e-05 3.505e-05 3.2e-05 4.1e-05 3.715e-05 3.495e-05 3.775e-05 3.09e-05 2.975e-05 3.57e-05 3.65e-05 4.38e-05 3.01e-05 2.47e-05 3.095e-05 3.52e-05 2.98e-05 2.69e-05 2.475e-05 2.985e-05 3.655e-05 3.22e-05 2.56e-05 2.99e-05 3.01e-05 4.175e-05 3.325e-05 2.975e-05 4.39e-05 4.395e-05 3.705e-05 2.965e-05 3.08e-05 2.48e-05 2.995e-05 2.995e-05 3.005e-05 3.715e-05 3e-05 3e-05 3.515e-05 2.995e-05 2.445e-05 3.195e-05 3e-05 2.475e-05 2.995e-05 3.135e-05 3.51e-05 4.88e-05 3.51e-05 3.085e-05 2.99e-05 2.975e-05 3.08e-05 2.985e-05 4.385e-05 2.99e-05
59 2.475e-05 1.465e-05 2e-07 2.215e-05 2.56e-05 3.79e-05 3e-07 2.5e-07 2.4e-05 3.115e-05 1.5e-07 4.23e-05 3.63e-05 3.525e-05 3.125e-05 4.26e-05 3.35e-05 1.905e-05 3.38e-05 2.25e-05 1.615e-05 2.575e-05 3.815e-05 3.355e-05 2.485e-05 5.01e-05 4.035e-05 3.755e-05 1.905e-05 2.255e-05 2.15e-05 2.775e-05 4.365e-05 2.575e-05 2.83e-05 4.215e-05 1.895e-05 1.605e-05 1.61e-05 1.67e-05 2.56e-05 3.34e-05 4.465e-05 1.915e-05 4.34e-05 4.39e-05 1.91e-05 1.91e-05 1.88e-05 2.5e-07 1.915e-05 3.775e-05 3.725e-05 1.93e-05 4.195e-05 2.305e-05 4.145e-05 2.455e-05 3.51e-05 2e-07 3.345e-05 1.91e-05 1.9e-05 3.345e-05 1.905e-05 1.6e-05 1.91e-05
60 3.415e-05 2.9e-05 3.345e-05 3.05e-05 3.53e-05 2.475e-05 3.335e-05 3.34e-05 4.285e-05 3.55e-05 3.34e-05 3.385e-05 2.955e-05 3.075e-05 4.03e-05 3.875e-05 2.465e-05 2.9e-05 2.975e-05 3.04e-05 4.3e-05 3.555e-05 2.5e-05 2.47e-05 2.91e-05 3.08e-05 2.49e-05 2.49e-05 2.91e-05 3.045e-05 2.925e-05 2.47e-05 2.47e-05 3.555e-05 3.555e-05 3.105e-05 2.9e-05 4.31e-05 4.315e-05 3.18e-05 3.51e-05 2.455e-05 3.115e-05 2.92e-05 2.475e-05 2.495e-05 3.19e-05 2.925e-05 2.925e-05 3.35e-05 2.92e-05 2.46e-05 3.19e-05 2.935e-05 2.88e-05 3.31e-05 2.615e-05 3.52e-05 3.085e-05 3.345e-05 4.91e-05 2.915e-05 2.905e-05 2.46e-05 2.91e-05 4.305e-05 2.915e-05
