 slim_761974298 slim_761974260 slim_761974276 slim_761974261 slim_761974262 slim_761974274 slim_761974288 slim_761974278 slim_761974269 slim_761974267 slim_761974258 slim_761974251 slim_761974255 slim_761974275 slim_761974280 slim_761974265 slim_761974292 slim_761974256 slim_761974271 slim_761974284 slim_761974252 slim_761974281 slim_761974250 slim_761974264 slim_761974279 slim_761974286 slim_761974253 slim_761974287 slim_761974295 slim_761974268 slim_761974259 slim_761974273 slim_761974289 slim_761974285 slim_761974294 slim_761974272 slim_761974293 slim_761974300 slim_761974283 slim_761974254 slim_761974263 slim_761974270 slim_761974291 slim_761974299 slim_761974290 slim_761974277 slim_761974266 slim_761974296 slim_761974257 slim_761974297 slim_761974282
0 0.0001661 0.00015795 0.0001801 0.0001746 0.00016955 0.0001463 0.000171 0.0001632 0.00012595 0.00012155 0.0001731 0.000184 0.0001274 0.0001521 0.000161 0.0001592 0.000168 0.00016505 0.00017875 0.0001797 0.0001623 0.0001819 0.0001789 0.0001769 0.000175 0.000184 0.0001783 0.0001678 0.000156 0.0001663 0.0001808 0.00016835 0.0001648 0.00017625 0.00015595 0.0001787 0.000167 0.0001666 0.0001629 0.00018435 0.0001751 0.000158 0.00015585 0.000168 0.0001341 0.00018235 0.0001724 0.00016015 0.0001673 0.0001658 0.0001739
1 0.00015795 0.0001632 0.0001748 0.0001553 0.0001782 0.0001624 0.0001791 0.0001368 0.00016035 0.0001605 0.00013475 0.0001535 0.000163 0.00015775 0.00013145 0.0001239 0.00016275 0.0001739 0.00017865 0.00018255 0.00016735 0.0001766 0.00016845 0.000181 0.00016295 0.00017945 0.0001686 0.0001594 0.00011695 0.0001637 0.00014085 0.00013395 0.00017705 0.00017915 0.00012615 0.0001812 0.0001594 0.00015555 0.0001613 0.00015855 0.00018015 0.00016895 0.0001652 0.00016445 0.0001616 0.0001736 0.0001644 0.00015365 0.0001668 0.00017015 0.0001719
2 0.0001801 0.0001748 0.0001708 0.0001775 0.0001311 0.00017385 0.00016545 0.00018085 0.00017295 0.0001806 0.00016705 0.0001852 0.0001596 0.0001316 0.0001729 0.000182 0.00016565 0.0001807 0.0001426 0.00017235 0.0001706 0.0001687 0.00013055 0.0001697 0.0001759 0.0001226 0.000174 0.0001587 0.000172 0.00017505 0.000168 0.0001765 0.00015415 0.0001737 0.00018085 0.00016255 0.0001678 0.00017235 0.00017975 0.00018355 0.0001808 0.00017425 0.00017235 0.00015415 0.00017425 0.0001325 0.00018025 0.00016895 0.00016755 0.0001796 0.0001714
3 0.0001746 0.0001553 0.0001775 0.0001757 0.00018005 0.0001749 0.0001812 0.0001614 0.0001766 0.000178 0.00018945 0.0001324 0.0001746 0.0001764 0.00016865 0.0001503 0.0001563 0.0001698 0.0001864 0.00017425 0.0001742 0.0001403 0.00017445 0.0001766 0.00017205 0.00018325 0.00017435 0.00016855 0.0001654 0.0001737 0.0001558 0.00018495 0.00018265 0.00017765 0.00017125 0.00018015 0.00013015 0.00017225 0.0001614 0.00017895 0.00016865 0.00016515 0.0001773 0.00018185 0.00017905 0.00018095 0.00016945 0.00018085 0.0001665 0.00017135 0.0001334
4 0.00016955 0.0001782 0.0001311 0.00018005 0.0001748 0.0001728 0.00016345 0.00017895 0.0001769 0.00017545 0.0001728 0.00018235 0.00018045 0.00013115 0.00017335 0.00017735 0.0001586 0.0001833 0.00017215 0.0001717 0.00017365 0.0001761 0.0001292 0.00017275 0.00017555 0.00012685 0.0001775 0.0001727 0.00017365 0.00018695 0.00017735 0.0001729 0.00013495 0.00017085 0.0001775 0.00016775 0.0001788 0.0001701 0.00017295 0.00018495 0.0001794 0.0001407 0.00013165 0.0001705 0.0001289 0.0001312 0.00017675 0.0001704 0.0001747 0.00013735 0.00018375
5 0.0001463 0.0001624 0.00017385 0.0001749 0.0001728 0.000187 0.00016525 0.0001615 0.0001446 0.0001442 0.0001733 0.00018415 0.00014805 0.0001349 0.00016045 0.00015505 0.00015755 0.0001757 0.00017755 0.0001249 0.00015835 0.00016315 0.0001726 0.00018125 0.0001679 0.00017745 0.000176 0.00016975 0.00015885 0.00016835 0.00017775 0.00016955 0.00017305 0.0001316 0.00016155 0.00017805 0.00016625 0.00016045 0.00016515 0.00017595 0.0001387 0.00016835 0.00016435 0.0001707 0.00013155 0.00017485 0.00017845 0.0001602 0.00016865 0.0001704 0.0001726
6 0.000171 0.0001791 0.00016545 0.0001812 0.00016345 0.00016525 0.0001857 0.00018035 0.00016715 0.0001719 0.00018085 0.0001799 0.00016615 0.00016765 0.0001825 0.0001689 0.0001597 0.0001653 0.0001758 0.00012365 0.0001744 0.00013455 0.0001619 0.0001734 0.0001646 0.000167 0.00016145 0.0001726 0.00017695 0.0001785 0.00018535 0.0001722 0.00017275 0.00015595 0.0001774 0.00016955 0.000178 0.00017875 0.0001766 0.00016705 0.0001633 0.00017145 0.00017415 0.00018415 0.00017225 0.0001598 0.00017095 0.000178 0.00016745 0.00017095 0.00017815
7 0.0001632 0.0001368 0.00018085 0.0001614 0.00017895 0.0001615 0.00018035 0.0001774 0.00014345 0.00015575 0.00015345 0.00016555 0.00015405 0.00016505 0.0001264 0.0001454 0.00015845 0.00016865 0.0001828 0.00017465 0.00016415 0.00016335 0.000171 0.00017665 0.0001448 0.0001821 0.00018285 0.00016 0.00016475 0.0001482 0.00015745 0.00014745 0.00017885 0.0001738 0.00015895 0.00018565 0.0001561 0.0001634 0.00014425 0.00018125 0.00016955 0.00015505 0.0001642 0.00017375 0.0001646 0.0001756 0.00016415 0.0001623 0.0001736 0.0001679 0.00014825
8 0.00012595 0.00016035 0.00017295 0.0001766 0.0001769 0.0001446 0.00016715 0.00014345 0.0001616 0.0001154 0.0001716 0.00018285 0.0001059 0.00014735 0.00015905 0.0001553 0.00016355 0.00015865 0.00016745 0.00017645 0.0001652 0.00016685 0.00017795 0.0001629 0.00016755 0.0001748 0.0001689 0.0001661 0.0001528 0.0001256 0.00017915 0.0001693 0.00017045 0.00017605 0.00015095 0.00016745 0.00016715 0.00017085 0.00015945 0.000177 0.0001666 0.00016985 0.00016855 0.0001617 0.00014385 0.0001781 0.0001608 0.00016995 0.0001681 0.0001713 0.0001364
9 0.00012155 0.0001605 0.0001806 0.000178 0.00017545 0.0001442 0.0001719 0.00015575 0.0001154 0.0001436 0.0001773 0.0001793 0.0001158 0.00014895 0.00015835 0.00015285 0.00016165 0.0001556 0.00017285 0.00018005 0.00016055 0.00017965 0.00017495 0.0001716 0.0001753 0.00017935 0.0001753 0.00016965 0.0001579 0.0001676 0.0001803 0.0001703 0.00016895 0.00017465 0.00011695 0.0001742 0.0001665 0.00016205 0.0001123 0.0001863 0.00017115 0.00015765 0.00016035 0.00016835 0.0001407 0.00018125 0.0001658 0.0001642 0.00017095 0.0001691 0.00017155
10 0.0001731 0.00013475 0.00016705 0.00018945 0.0001728 0.0001733 0.00018085 0.00015345 0.0001716 0.0001773 0.000152 0.0001861 0.0001777 0.00017055 0.0001508 0.00016345 0.00017015 0.0001837 0.0001793 0.0001828 0.00017445 0.0001869 0.00017425 0.0001765 0.00016095 0.0001745 0.00016895 0.00017475 0.0001591 0.00017435 0.00013105 0.00011815 0.0001755 0.00017305 0.00016205 0.00017085 0.0001734 0.0001637 0.0001801 0.00016905 0.0001818 0.0001683 0.000161 0.00016415 0.00016415 0.0001687 0.0001695 0.00015555 0.00017065 0.0001736 0.0001817
11 0.000184 0.0001535 0.0001852 0.0001324 0.00018235 0.00018415 0.0001799 0.00016555 0.00018285 0.0001793 0.0001861 0.0001504 0.00017985 0.00018285 0.0001702 0.00015795 0.00017315 0.0001227 0.00018255 0.0001859 0.00016615 0.00018025 0.0001751 0.00018855 0.00017385 0.0001869 0.00014325 0.00016285 0.00016845 0.0001593 0.0001479 0.00018155 0.00017825 0.000185 0.00017305 0.00016685 0.0001783 0.00017455 0.0001458 0.000157 0.0001875 0.00015215 0.00017935 0.0001804 0.00018085 0.0001841 0.00017035 0.0001828 0.00014775 0.0001635 0.00017625
12 0.0001274 0.000163 0.0001596 0.0001746 0.00018045 0.00014805 0.00016615 0.00015405 0.0001059 0.0001158 0.0001777 0.00017985 0.0001619 0.0001483 0.00016005 0.0001671 0.00017335 0.00014975 0.00015015 0.00018025 0.00016115 0.0001686 0.0001801 0.00017155 0.00016915 0.0001771 0.00016 0.0001557 0.0001538 0.0001479 0.0001822 0.0001714 0.000154 0.000176 0.0001523 0.00016445 0.00016195 0.00016985 0.0001593 0.00017765 0.0001749 0.0001749 0.0001703 0.0001635 0.0001485 0.00017825 0.0001688 0.00016615 0.00015905 0.000173 0.00014475
13 0.0001521 0.00015775 0.0001316 0.0001764 0.00013115 0.0001349 0.00016765 0.00016505 0.00014735 0.00014895 0.00017055 0.00018285 0.0001483 0.000176 0.0001547 0.0001605 0.0001603 0.00018305 0.0001616 0.00017415 0.00016155 0.00017035 0.0001304 0.0001653 0.0001674 0.0001209 0.0001739 0.00016325 0.0001529 0.00017495 0.00017525 0.00016345 0.0001681 0.00016975 0.0001626 0.0001636 0.00017 0.00016475 0.0001679 0.00018015 0.00017925 0.000169 0.00016625 0.0001579 0.0001274 0.00012775 0.0001719 0.00016555 0.0001677 0.0001715 0.0001728
14 0.000161 0.00013145 0.0001729 0.00016865 0.00017335 0.00016045 0.0001825 0.0001264 0.00015905 0.00015835 0.0001508 0.0001702 0.00016005 0.0001547 0.0001569 0.00015925 0.0001642 0.0001732 0.0001726 0.00017885 0.00015975 0.00017565 0.0001733 0.0001748 0.00014545 0.00017315 0.0001822 0.00015575 0.00011385 0.00015635 0.00016725 0.00014205 0.00017215 0.00017895 0.0001582 0.0001815 0.00015615 0.00017045 0.00017015 0.00018285 0.000176 0.0001749 0.0001588 0.0001282 0.00015875 0.0001698 0.00016415 0.0001552 0.0001681 0.0001678 0.00016835
15 0.0001592 0.0001239 0.000182 0.0001503 0.00017735 0.00015505 0.0001689 0.0001454 0.0001553 0.00015285 0.00016345 0.00015795 0.0001671 0.0001605 0.00015925 0.0001537 0.00012055 0.0001765 0.0001877 0.00016355 0.0001776 0.0001514 0.00015885 0.0001813 0.00016 0.0001813 0.0001676 0.00017575 0.00013335 0.00017565 0.0001614 0.0001607 0.0001828 0.00016545 0.00012975 0.00018055 0.0001557 0.00015255 0.0001433 0.00016165 0.00016965 0.0001566 0.0001657 0.0001762 0.00016175 0.00017 0.0001696 0.0001586 0.00017845 0.0001721 0.0001646
16 0.000168 0.00016275 0.00016565 0.0001563 0.0001586 0.00015755 0.0001597 0.00015845 0.00016355 0.00016165 0.00017015 0.00017315 0.00017335 0.0001603 0.0001642 0.00012055 0.0001588 0.00017915 0.00017615 0.0001463 0.00016195 0.0001392 0.0001565 0.0001752 0.0001652 0.0001683 0.0001742 0.0001666 0.00016515 0.00017235 0.0001706 0.00016575 0.0001692 0.00015715 0.000162 0.00017445 0.00015835 0.00016635 0.00015805 0.0001804 0.0001642 0.00016025 0.0001615 0.00017395 0.00016155 0.0001622 0.0001732 0.0001663 0.00016615 0.00017065 0.0001672
17 0.00016505 0.0001739 0.0001807 0.0001698 0.0001833 0.0001757 0.0001653 0.00016865 0.00015865 0.0001556 0.0001837 0.0001227 0.00014975 0.00018305 0.0001732 0.0001765 0.00017915 0.0001703 0.00017485 0.0001766 0.0001606 0.00017745 0.0001816 0.00018185 0.0001517 0.00018545 0.00014245 0.0001651 0.00017165 0.0001608 0.00017475 0.0001793 0.00017385 0.00017465 0.0001688 0.0001648 0.0001703 0.0001734 0.00014865 0.0001537 0.00017675 0.0001574 0.00017385 0.00017705 0.00017975 0.00018255 0.00017065 0.0001741 0.00015215 0.00016725 0.00016855
18 0.00017875 0.00017865 0.0001426 0.0001864 0.00017215 0.00017755 0.0001758 0.0001828 0.00016745 0.00017285 0.0001793 0.00018255 0.00015015 0.0001616 0.0001726 0.0001877 0.00017615 0.00017485 0.0001776 0.0001842 0.000166 0.00017875 0.00017195 0.0001347 0.0001775 0.00012345 0.00017555 0.0001618 0.00017155 0.0001664 0.0001877 0.0001753 0.0001369 0.0001834 0.0001776 0.0001294 0.0001789 0.00017125 0.0001816 0.0001887 0.00018525 0.00018495 0.000179 0.0001419 0.00017505 0.0001677 0.000182 0.00017105 0.00016625 0.00018515 0.0001762
19 0.0001797 0.00018255 0.00017235 0.00017425 0.0001717 0.0001249 0.00012365 0.00017465 0.00017645 0.00018005 0.0001828 0.0001859 0.00018025 0.00017415 0.00017885 0.00016355 0.0001463 0.0001766 0.0001842 0.0001359 0.0001656 0.0001146 0.00016795 0.00018305 0.00016935 0.0001766 0.00017765 0.0001726 0.0001783 0.00017635 0.00018585 0.0001782 0.0001798 0.00011685 0.00017885 0.00018555 0.0001683 0.0001692 0.0001738 0.0001701 0.0001237 0.0001761 0.00017465 0.00018395 0.0001798 0.00016825 0.0001798 0.0001713 0.0001745 0.00017355 0.0001721
20 0.0001623 0.00016735 0.0001706 0.0001742 0.00017365 0.00015835 0.0001744 0.00016415 0.0001652 0.00016055 0.00017445 0.00016615 0.00016115 0.00016155 0.00015975 0.0001776 0.00016195 0.0001606 0.000166 0.0001656 0.0001485 0.00017075 0.0001807 0.00018625 0.00016665 0.00017965 0.0001772 0.0001241 0.0001649 0.00014585 0.00017975 0.00016715 0.00015755 0.00016015 0.0001682 0.0001814 0.00017135 0.0001565 0.0001688 0.00017755 0.0001779 0.0001715 0.00016535 0.00016715 0.0001582 0.00017365 0.0001749 0.00015865 0.0001261 0.0001646 0.00018025
21 0.0001819 0.0001766 0.0001687 0.0001403 0.0001761 0.00016315 0.00013455 0.00016335 0.00016685 0.00017965 0.0001869 0.00018025 0.0001686 0.00017035 0.00017565 0.0001514 0.0001392 0.00017745 0.00017875 0.0001146 0.00017075 0.0001562 0.0001706 0.00017315 0.00016375 0.00017525 0.00017775 0.0001684 0.0001709 0.0001774 0.0001828 0.00018115 0.00017935 0.0001578 0.0001735 0.0001861 0.00013725 0.000177 0.0001732 0.0001686 0.00015625 0.00017735 0.00018175 0.0001823 0.0001806 0.00016655 0.00017225 0.00017885 0.0001784 0.00017475 0.00013335
22 0.0001789 0.00016845 0.00013055 0.00017445 0.0001292 0.0001726 0.0001619 0.000171 0.00017795 0.00017495 0.00017425 0.0001751 0.0001801 0.0001304 0.0001733 0.00015885 0.0001565 0.0001816 0.00017195 0.00016795 0.0001807 0.0001706 0.0001634 0.00017135 0.0001376 0.0001252 0.00017935 0.0001742 0.0001719 0.0001858 0.0001723 0.00013955 0.00017895 0.00013825 0.00016945 0.0001723 0.0001747 0.0001591 0.0001553 0.00018315 0.000176 0.0001617 0.00017505 0.0001751 0.0001749 9.535e-05 0.0001743 0.00016855 0.0001815 0.00017995 0.00017635
23 0.0001769 0.000181 0.0001697 0.0001766 0.00017275 0.00018125 0.0001734 0.00017665 0.0001629 0.0001716 0.0001765 0.00018855 0.00017155 0.0001653 0.0001748 0.0001813 0.0001752 0.00018185 0.0001347 0.00018305 0.00018625 0.00017315 0.00017135 0.000176 0.0001685 0.0001254 0.00017885 0.00018185 0.000176 0.0001621 0.0001849 0.0001739 0.0001814 0.0001856 0.0001749 0.00013205 0.00017405 0.0001771 0.00018035 0.00018035 0.0001413 0.00018015 0.00018 0.00014985 0.0001746 0.00016815 0.00013845 0.00017965 0.00018275 0.0001834 0.0001608
24 0.000175 0.00016295 0.0001759 0.00017205 0.00017555 0.0001679 0.0001646 0.0001448 0.00016755 0.0001753 0.00016095 0.00017385 0.00016915 0.0001674 0.00014545 0.00016 0.0001652 0.0001517 0.0001775 0.00016935 0.00016665 0.00016375 0.0001376 0.0001685 0.0001541 0.00017275 0.00017305 0.0001692 0.0001606 0.0001667 0.0001762 0.0001175 0.00018015 0.00013675 0.00016445 0.0001758 0.0001639 0.0001614 0.0001666 0.00016945 0.00016835 0.00016685 0.00017415 0.00017545 0.00017065 0.0001246 0.000167 0.0001629 0.00017165 0.0001655 0.00015755
25 0.000184 0.00017945 0.0001226 0.00018325 0.00012685 0.00017745 0.000167 0.0001821 0.0001748 0.00017935 0.0001745 0.0001869 0.0001771 0.0001209 0.00017315 0.0001813 0.0001683 0.00018545 0.00012345 0.0001766 0.00017965 0.00017525 0.0001252 0.0001254 0.00017275 0.0001459 0.0001803 0.00017075 0.0001724 0.00018385 0.0001827 0.00016995 0.00017345 0.00017345 0.0001788 0.0001246 0.0001792 0.00017155 0.0001779 0.00019025 0.0001819 0.00017635 0.0001743 0.00013985 0.0001709 0.0001207 0.00017895 0.0001754 0.00017945 0.00018205 0.000177
26 0.0001783 0.0001686 0.000174 0.00017435 0.0001775 0.000176 0.00016145 0.00018285 0.0001689 0.0001753 0.00016895 0.00014325 0.00016 0.0001739 0.0001822 0.0001676 0.0001742 0.00014245 0.00017555 0.00017765 0.0001772 0.00017775 0.00017935 0.00017885 0.00017305 0.0001803 0.0001342 0.00017765 0.00017055 0.0001688 0.00016665 0.0001757 0.00017365 0.0001802 0.0001714 0.00012495 0.00017985 0.00017005 0.0001612 0.0001067 0.0001785 0.00016165 0.0001757 0.0001821 0.0001744 0.0001791 0.00016115 0.00017065 0.00012455 0.0001748 0.0001746
27 0.0001678 0.0001594 0.0001587 0.00016855 0.0001727 0.00016975 0.0001726 0.00016 0.0001661 0.00016965 0.00017475 0.00016285 0.0001557 0.00016325 0.00015575 0.00017575 0.0001666 0.0001651 0.0001618 0.0001726 0.0001241 0.0001684 0.0001742 0.00018185 0.0001692 0.00017075 0.00017765 0.0001646 0.0001594 0.00013555 0.00017815 0.00016515 0.0001609 0.000166 0.0001694 0.00017945 0.00016725 0.0001696 0.0001687 0.0001803 0.00017945 0.0001715 0.0001698 0.00015775 0.0001712 0.0001678 0.00017715 0.000165 0.00013075 0.00016645 0.000165
28 0.000156 0.00011695 0.000172 0.0001654 0.00017365 0.00015885 0.00017695 0.00016475 0.0001528 0.0001579 0.0001591 0.00016845 0.0001538 0.0001529 0.00011385 0.00013335 0.00016515 0.00017165 0.00017155 0.0001783 0.0001649 0.0001709 0.0001719 0.000176 0.0001606 0.0001724 0.00017055 0.0001594 0.0001482 0.00016145 0.00017515 0.00015425 0.00017225 0.0001773 0.0001231 0.00017825 0.0001585 0.00016325 0.00017285 0.00015915 0.0001783 0.0001762 0.0001646 0.00012425 0.0001572 0.00016835 0.00016925 0.00015675 0.0001693 0.00016785 0.00016605
29 0.0001663 0.0001637 0.00017505 0.0001737 0.00018695 0.00016835 0.0001785 0.0001482 0.0001256 0.0001676 0.00017435 0.0001593 0.0001479 0.00017495 0.00015635 0.00017565 0.00017235 0.0001608 0.0001664 0.00017635 0.00014585 0.0001774 0.0001858 0.0001621 0.0001667 0.00018385 0.0001688 0.00013555 0.00016145 0.0001283 0.0001724 0.00017415 0.0001693 0.0001809 0.0001682 0.0001711 0.00018195 0.00017855 0.0001662 0.00017625 0.00016145 0.00017135 0.0001813 0.00016075 0.00017185 0.0001857 0.0001571 0.00018085 0.00014365 0.0001702 0.0001252
30 0.0001808 0.00014085 0.000168 0.0001558 0.00017735 0.00017775 0.00018535 0.00015745 0.00017915 0.0001803 0.00013105 0.0001479 0.0001822 0.00017525 0.00016725 0.0001614 0.0001706 0.00017475 0.0001877 0.00018585 0.00017975 0.0001828 0.0001723 0.0001849 0.0001762 0.0001827 0.00016665 0.00017815 0.00017515 0.0001724 0.0002012 0.0001575 0.00018215 0.00018195 0.000173 0.0001743 0.0001782 0.00017245 0.0001677 0.00016345 0.00018595 0.0001662 0.00017545 0.00017625 0.0001711 0.00017855 0.0001715 0.0001815 0.0001683 0.00017545 0.00017815
31 0.00016835 0.00013395 0.0001765 0.00018495 0.0001729 0.00016955 0.0001722 0.00014745 0.0001693 0.0001703 0.00011815 0.00018155 0.0001714 0.00016345 0.00014205 0.0001607 0.00016575 0.0001793 0.0001753 0.0001782 0.00016715 0.00018115 0.00013955 0.0001739 0.0001175 0.00016995 0.0001757 0.00016515 0.00015425 0.00017415 0.0001575 0.0001673 0.00017575 0.00013955 0.00015635 0.00017565 0.00017205 0.0001601 0.00017155 0.00017365 0.00017725 0.00016935 0.0001672 0.0001736 0.0001666 0.00012545 0.0001674 0.0001552 0.00016755 0.00016985 0.00017905
32 0.0001648 0.00017705 0.00015415 0.00018265 0.00013495 0.00017305 0.00017275 0.00017885 0.00017045 0.00016895 0.0001755 0.00017825 0.000154 0.0001681 0.00017215 0.0001828 0.0001692 0.00017385 0.0001369 0.0001798 0.00015755 0.00017935 0.00017895 0.0001814 0.00018015 0.00017345 0.00017365 0.0001609 0.00017225 0.0001693 0.00018215 0.00017575 0.0001945 0.0001787 0.00017575 0.0001725 0.00017885 0.00016935 0.00017575 0.00018395 0.0001832 0.00014925 0.0001358 0.00017145 0.00013155 0.0001748 0.0001796 0.0001665 0.00015935 0.00013925 0.00018265
33 0.00017625 0.00017915 0.0001737 0.00017765 0.00017085 0.0001316 0.00015595 0.0001738 0.00017605 0.00017465 0.00017305 0.000185 0.000176 0.00016975 0.00017895 0.00016545 0.00015715 0.00017465 0.0001834 0.00011685 0.00016015 0.0001578 0.00013825 0.0001856 0.00013675 0.00017345 0.0001802 0.000166 0.0001773 0.0001809 0.00018195 0.00013955 0.0001787 0.0001736 0.0001732 0.0001835 0.0001697 0.0001613 0.00016745 0.00017915 0.00013715 0.0001699 0.00017155 0.00018635 0.0001753 0.00013515 0.00017975 0.0001636 0.0001663 0.0001734 0.0001756
34 0.00015595 0.00012615 0.00018085 0.00017125 0.0001775 0.00016155 0.0001774 0.00015895 0.00015095 0.00011695 0.00016205 0.00017305 0.0001523 0.0001626 0.0001582 0.00012975 0.000162 0.0001688 0.0001776 0.00017885 0.0001682 0.0001735 0.00016945 0.0001749 0.00016445 0.0001788 0.0001714 0.0001694 0.0001231 0.0001682 0.000173 0.00015635 0.00017575 0.0001732 0.0001836 0.00017955 0.000164 0.0001543 0.0001235 0.0001632 0.0001725 0.000164 0.00016715 0.0001685 0.00016205 0.00017245 0.0001667 0.00016045 0.00017575 0.0001704 0.00016665
35 0.0001787 0.0001812 0.00016255 0.00018015 0.00016775 0.00017805 0.00016955 0.00018565 0.00016745 0.0001742 0.00017085 0.00016685 0.00016445 0.0001636 0.0001815 0.00018055 0.00017445 0.0001648 0.0001294 0.00018555 0.0001814 0.0001861 0.0001723 0.00013205 0.0001758 0.0001246 0.00012495 0.00017945 0.00017825 0.0001711 0.0001743 0.00017565 0.0001725 0.0001835 0.00017955 0.0001768 0.00018345 0.00017715 0.000176 0.00017765 0.00018265 0.00017365 0.00017405 0.00015015 0.0001705 0.00016975 0.0001744 0.00017535 0.0001371 0.0001798 0.00017755
36 0.000167 0.0001594 0.0001678 0.00013015 0.0001788 0.00016625 0.000178 0.0001561 0.00016715 0.0001665 0.0001734 0.0001783 0.00016195 0.00017 0.00015615 0.0001557 0.00015835 0.0001703 0.0001789 0.0001683 0.00017135 0.00013725 0.0001747 0.00017405 0.0001639 0.0001792 0.00017985 0.00016725 0.0001585 0.00018195 0.0001782 0.00017205 0.00017885 0.0001697 0.000164 0.00018345 0.0001694 0.0001605 0.00016575 0.0001779 0.00016335 0.0001722 0.00013535 0.0001707 0.00017685 0.0001752 0.00016885 0.0001242 0.00017565 0.00017585 0.000132
37 0.0001666 0.00015555 0.00017235 0.00017225 0.0001701 0.00016045 0.00017875 0.0001634 0.00017085 0.00016205 0.0001637 0.00017455 0.00016985 0.00016475 0.00017045 0.00015255 0.00016635 0.0001734 0.00017125 0.0001692 0.0001565 0.000177 0.0001591 0.0001771 0.0001614 0.00017155 0.00017005 0.0001696 0.00016325 0.00017855 0.00017245 0.0001601 0.00016935 0.0001613 0.0001543 0.00017715 0.0001605 0.0001721 0.00015145 0.0001593 0.00017045 0.000159 0.00015815 0.0001773 0.00016515 0.00016535 0.0001744 0.00011615 0.00017565 0.00017245 0.0001753
38 0.0001629 0.0001613 0.00017975 0.0001614 0.00017295 0.00016515 0.0001766 0.00014425 0.00015945 0.0001123 0.0001801 0.0001458 0.0001593 0.0001679 0.00017015 0.0001433 0.00015805 0.00014865 0.0001816 0.0001738 0.0001688 0.0001732 0.0001553 0.00018035 0.0001666 0.0001779 0.0001612 0.0001687 0.00017285 0.0001662 0.0001677 0.00017155 0.00017575 0.00016745 0.0001235 0.000176 0.00016575 0.00015145 0.0001369 0.00017465 0.0001707 0.0001201 0.00016625 0.00018135 0.0001689 0.00017095 0.00016665 0.0001655 0.0001714 0.0001667 0.000165
39 0.00018435 0.00015855 0.00018355 0.00017895 0.00018495 0.00017595 0.00016705 0.00018125 0.000177 0.0001863 0.00016905 0.000157 0.00017765 0.00018015 0.00018285 0.00016165 0.0001804 0.0001537 0.0001887 0.0001701 0.00017755 0.0001686 0.00018315 0.00018035 0.00016945 0.00019025 0.0001067 0.0001803 0.00015915 0.00017625 0.00016345 0.00017365 0.00018395 0.00017915 0.0001632 0.00017765 0.0001779 0.0001593 0.00017465 0.0001034 0.00017285 0.00017265 0.0001817 0.00018515 0.00017865 0.00018125 0.00016305 0.00017035 0.0001729 0.00018125 0.00017395
40 0.0001751 0.00018015 0.0001808 0.00016865 0.0001794 0.0001387 0.0001633 0.00016955 0.0001666 0.00017115 0.0001818 0.0001875 0.0001749 0.00017925 0.000176 0.00016965 0.0001642 0.00017675 0.00018525 0.0001237 0.0001779 0.00015625 0.000176 0.0001413 0.00016835 0.0001819 0.0001785 0.00017945 0.0001783 0.00016145 0.00018595 0.00017725 0.0001832 0.00013715 0.0001725 0.00018265 0.00016335 0.00017045 0.0001707 0.00017285 0.0001938 0.00017355 0.00017465 0.00018535 0.000181 0.0001776 0.00013995 0.0001711 0.0001786 0.00017695 0.0001596
41 0.000158 0.00016895 0.00017425 0.00016515 0.0001407 0.00016835 0.00017145 0.00015505 0.00016985 0.00015765 0.0001683 0.00015215 0.0001749 0.000169 0.0001749 0.0001566 0.00016025 0.0001574 0.00018495 0.0001761 0.0001715 0.00017735 0.0001617 0.00018015 0.00016685 0.00017635 0.00016165 0.0001715 0.0001762 0.00017135 0.0001662 0.00016935 0.00014925 0.0001699 0.000164 0.00017365 0.0001722 0.000159 0.0001201 0.00017265 0.00017355 0.0001751 0.00014135 0.00018105 0.0001392 0.00016905 0.0001715 0.0001652 0.0001688 0.00014055 0.00017295
42 0.00015585 0.0001652 0.00017235 0.0001773 0.00013165 0.00016435 0.00017415 0.0001642 0.00016855 0.00016035 0.000161 0.00017935 0.0001703 0.00016625 0.0001588 0.0001657 0.0001615 0.00017385 0.000179 0.00017465 0.00016535 0.00018175 0.00017505 0.00018 0.00017415 0.0001743 0.0001757 0.0001698 0.0001646 0.0001813 0.00017545 0.0001672 0.0001358 0.00017155 0.00016715 0.00017405 0.00013535 0.00015815 0.00016625 0.0001817 0.00017465 0.00014135 0.0001826 0.0001669 0.00012645 0.0001752 0.0001744 0.00012055 0.00016795 0.0001357 0.00018385
43 0.000168 0.00016445 0.00015415 0.00018185 0.0001705 0.0001707 0.00018415 0.00017375 0.0001617 0.00016835 0.00016415 0.0001804 0.0001635 0.0001579 0.0001282 0.0001762 0.00017395 0.00017705 0.0001419 0.00018395 0.00016715 0.0001823 0.0001751 0.00014985 0.00017545 0.00013985 0.0001821 0.00015775 0.00012425 0.00016075 0.00017625 0.0001736 0.00017145 0.00018635 0.0001685 0.00015015 0.0001707 0.0001773 0.00018135 0.00018515 0.00018535 0.00018105 0.0001669 0.0001808 0.0001647 0.00017245 0.0001805 0.00016995 0.00017195 0.0001787 0.0001736
44 0.0001341 0.0001616 0.00017425 0.00017905 0.0001289 0.00013155 0.00017225 0.0001646 0.00014385 0.0001407 0.00016415 0.00018085 0.0001485 0.0001274 0.00015875 0.00016175 0.00016155 0.00017975 0.00017505 0.0001798 0.0001582 0.0001806 0.0001749 0.0001746 0.00017065 0.0001709 0.0001744 0.0001712 0.0001572 0.00017185 0.0001711 0.0001666 0.00013155 0.0001753 0.00016205 0.0001705 0.00017685 0.00016515 0.0001689 0.00017865 0.000181 0.0001392 0.00012645 0.0001647 0.0001632 0.00017245 0.0001745 0.00016415 0.00016585 0.0001309 0.0001802
45 0.00018235 0.0001736 0.0001325 0.00018095 0.0001312 0.00017485 0.0001598 0.0001756 0.0001781 0.00018125 0.0001687 0.0001841 0.00017825 0.00012775 0.0001698 0.00017 0.0001622 0.00018255 0.0001677 0.00016825 0.00017365 0.00016655 9.535e-05 0.00016815 0.0001246 0.0001207 0.0001791 0.0001678 0.00016835 0.0001857 0.00017855 0.00012545 0.0001748 0.00013515 0.00017245 0.00016975 0.0001752 0.00016535 0.00017095 0.00018125 0.0001776 0.00016905 0.0001752 0.00017245 0.00017245 0.0001662 0.0001742 0.00017025 0.00017545 0.00017055 0.00017455
46 0.0001724 0.0001644 0.00018025 0.00016945 0.00017675 0.00017845 0.00017095 0.00016415 0.0001608 0.0001658 0.0001695 0.00017035 0.0001688 0.0001719 0.00016415 0.0001696 0.0001732 0.00017065 0.000182 0.0001798 0.0001749 0.00017225 0.0001743 0.00013845 0.000167 0.00017895 0.00016115 0.00017715 0.00016925 0.0001571 0.0001715 0.0001674 0.0001796 0.00017975 0.0001667 0.0001744 0.00016885 0.0001744 0.00016665 0.00016305 0.00013995 0.0001715 0.0001744 0.0001805 0.0001745 0.0001742 0.0001859 0.00017435 0.0001692 0.00017235 0.0001616
47 0.00016015 0.00015365 0.00016895 0.00018085 0.0001704 0.0001602 0.000178 0.0001623 0.00016995 0.0001642 0.00015555 0.0001828 0.00016615 0.00016555 0.0001552 0.0001586 0.0001663 0.0001741 0.00017105 0.0001713 0.00015865 0.00017885 0.00016855 0.00017965 0.0001629 0.0001754 0.00017065 0.000165 0.00015675 0.00018085 0.0001815 0.0001552 0.0001665 0.0001636 0.00016045 0.00017535 0.0001242 0.00011615 0.0001655 0.00017035 0.0001711 0.0001652 0.00012055 0.00016995 0.00016415 0.00017025 0.00017435 0.0001433 0.00016675 0.0001724 0.0001818
48 0.0001673 0.0001668 0.00016755 0.0001665 0.0001747 0.00016865 0.00016745 0.0001736 0.0001681 0.00017095 0.00017065 0.00014775 0.00015905 0.0001677 0.0001681 0.00017845 0.00016615 0.00015215 0.00016625 0.0001745 0.0001261 0.0001784 0.0001815 0.00018275 0.00017165 0.00017945 0.00012455 0.00013075 0.0001693 0.00014365 0.0001683 0.00016755 0.00015935 0.0001663 0.00017575 0.0001371 0.00017565 0.00017565 0.0001714 0.0001729 0.0001786 0.0001688 0.00016795 0.00017195 0.00016585 0.00017545 0.0001692 0.00016675 0.0001792 0.00016485 0.00017965
49 0.0001658 0.00017015 0.0001796 0.00017135 0.00013735 0.0001704 0.00017095 0.0001679 0.0001713 0.0001691 0.0001736 0.0001635 0.000173 0.0001715 0.0001678 0.0001721 0.00017065 0.00016725 0.00018515 0.00017355 0.0001646 0.00017475 0.00017995 0.0001834 0.0001655 0.00018205 0.0001748 0.00016645 0.00016785 0.0001702 0.00017545 0.00016985 0.00013925 0.0001734 0.0001704 0.0001798 0.00017585 0.00017245 0.0001667 0.00018125 0.00017695 0.00014055 0.0001357 0.0001787 0.0001309 0.00017055 0.00017235 0.0001724 0.00016485 0.0001911 0.0001765
50 0.0001739 0.0001719 0.0001714 0.0001334 0.00018375 0.0001726 0.00017815 0.00014825 0.0001364 0.00017155 0.0001817 0.00017625 0.00014475 0.0001728 0.00016835 0.0001646 0.0001672 0.00016855 0.0001762 0.0001721 0.00018025 0.00013335 0.00017635 0.0001608 0.00015755 0.000177 0.0001746 0.000165 0.00016605 0.0001252 0.00017815 0.00017905 0.00018265 0.0001756 0.00016665 0.00017755 0.000132 0.0001753 0.000165 0.00017395 0.0001596 0.00017295 0.00018385 0.0001736 0.0001802 0.00017455 0.0001616 0.0001818 0.00017965 0.0001765 0.0001743
