 slim_761932292 slim_761932263 slim_761932320 slim_761932258 slim_761932286 slim_761932322 slim_761932279 slim_761932318 slim_761932264 slim_761932310 slim_761932299 slim_761932293 slim_761932316 slim_761932312 slim_761932257 slim_761932269 slim_761932288 slim_761932270 slim_761932266 slim_761932267 slim_761932260 slim_761932291 slim_761932297 slim_761932306 slim_761932305 slim_761932313 slim_761932259 slim_761932300 slim_761932323 slim_761932275 slim_761932290 slim_761932261 slim_761932308 slim_761932281 slim_761932303 slim_761932273 slim_761932272 slim_761932282 slim_761932262 slim_761932271 slim_761932265 slim_761932295 slim_761932314 slim_761932298 slim_761932289 slim_761932287 slim_761932283 slim_761932324 slim_761932274 slim_761932311 slim_761932285 slim_761932277 slim_761932307 slim_761932276 slim_761932278 slim_761932268 slim_761932325 slim_761932321 slim_761932301 slim_761932302 slim_761932304 slim_761932296 slim_761932294 slim_761932309 slim_761932317 slim_761932280 slim_761932284 slim_761932315 slim_761932319
0 0.0001496 0.00016275 0.0001404 0.00014855 0.00016245 0.00015035 0.00015275 0.00012725 0.0001567 0.00012405 0.00014925 0.00014245 0.00011135 0.00015515 0.00015605 0.00016235 0.0001487 0.000153 0.0001162 0.0001109 0.0001539 0.00014295 0.00015055 0.00015185 0.00012935 0.0001444 0.00015225 0.00015265 0.00016225 0.0001452 0.00015385 0.0001545 0.0001542 0.0001619 0.00015665 0.0001516 0.00014005 0.00015535 0.0001537 0.0001478 0.00013825 0.0001566 0.00016905 0.00015415 0.0001523 0.0001578 0.00015535 0.00014575 0.0001444 0.00015795 0.0001515 0.0001527 0.00010895 0.0001163 0.0001084 0.000109 0.00015045 0.0001072 0.00015125 0.0001465 0.0001566 0.00015855 0.0001316 0.0001465 0.0001283 0.00015225 0.0001533 0.0001502 0.0001089
1 0.00016275 0.0001716 0.0001431 0.000164 0.00011565 0.0001034 0.0001279 0.00015075 9.415e-05 0.0001561 0.00015545 0.00013885 0.00014315 0.0001667 0.00011925 0.0001536 0.0001261 0.00015705 0.0001647 0.00016575 0.00014325 0.00012105 0.00010365 0.0001572 0.0001548 0.00016605 9.425e-05 0.00012775 0.0001142 0.0001525 0.00012285 0.00013325 0.0001363 0.00012605 0.0001261 0.0001422 0.00017015 0.00016615 9.425e-05 0.00017065 0.00014355 0.0001157 0.0001159 0.00010165 0.00012465 8.585e-05 0.00016615 0.000126 0.00016605 8.6e-05 0.00013445 0.0001198 0.0001445 0.00012165 0.0001588 0.00014455 0.00010355 0.0001671 0.0001685 0.00014055 0.000126 0.0001483 0.00013815 0.00014055 0.0001664 0.0001032 0.0001559 0.0001413 0.0001393
2 0.0001404 0.0001431 0.0001604 0.00015585 0.00015785 0.00011575 0.00015045 0.0001331 0.00013935 0.000153 0.00015945 0.00010075 0.00012165 0.0001534 0.0001266 0.0001614 0.00015235 0.00014845 0.00014965 0.0001465 0.0001254 8.02e-05 0.0001159 0.00015775 0.00014595 0.00013355 0.00012625 0.00015035 0.00013255 0.00013705 0.0001507 0.0001492 0.00015175 0.0001498 0.0001571 0.0001322 0.0001554 0.00016275 0.000148 0.0001508 9.23e-05 0.0001529 0.0001502 0.00010845 0.00015135 0.0001513 0.00016275 0.00012795 0.00013355 0.00015145 0.0001303 0.00014455 0.00011085 0.00014525 0.00013035 0.0001109 0.00011585 0.0001474 0.00014675 0.0001152 0.00015705 0.00014285 0.0001353 0.0001152 0.00015175 0.00014905 0.00015885 0.00011925 0.00010975
3 0.00014855 0.000164 0.00015585 0.0001446 0.0001602 0.00016365 0.00015435 0.0001394 0.00016185 0.0001515 0.0001144 0.0001671 0.0001381 0.0001517 0.00017395 0.0001169 0.0001157 0.0001145 0.00010665 0.0001486 0.0001544 0.00016835 0.00016385 0.000153 0.0001288 0.00015225 0.00015965 0.00015425 0.00016355 0.00015565 0.00015765 0.00014195 0.00014375 0.0001637 0.0001599 0.00014935 8.465e-05 0.00016065 0.00015065 0.0001199 0.00015615 0.0001599 0.0001663 0.0001673 0.00015905 0.000159 0.00016065 0.00015155 0.00015225 0.00015915 0.00016415 0.0001589 0.0001532 0.000159 0.00014765 0.00015325 0.00016375 0.00010515 0.00014615 0.0001624 0.00015985 0.0001491 0.0001623 0.0001624 8.205e-05 0.0001515 0.00011685 0.0001203 0.0001637
4 0.00016245 0.00011565 0.00015785 0.0001602 0.0001297 0.0001064 0.00011505 0.00016325 0.0001366 0.00011455 0.00016515 0.0001599 0.00015385 0.0001693 0.0001605 0.0001102 0.0001149 0.00015675 0.00015945 0.00016145 0.00015655 0.000148 0.00010665 0.00015705 0.0001471 0.00016835 0.00010615 0.0001149 0.00016945 0.0001579 0.0001085 0.0001233 0.0001211 0.00016695 0.00011765 0.00015745 0.00016935 0.0001702 8.24e-05 0.00017115 0.0001573 0.0001095 0.0001173 0.00015545 0.0001124 6.49e-05 0.0001702 0.0001158 0.00016835 6.505e-05 0.00012555 0.00011355 0.00015545 0.0001134 0.0001568 0.0001555 0.00010655 0.00016385 0.0001667 0.00015015 0.00011755 0.0001686 0.0001314 0.00015015 0.0001634 9.485e-05 0.00011485 0.0001517 0.000155
5 0.00015035 0.0001034 0.00011575 0.00016365 0.0001064 0.0001237 0.00011535 0.0001577 0.00011175 0.0001544 0.0001651 0.0001154 0.00012425 0.00017275 0.00012695 0.00015735 0.00011275 0.0001573 0.00016115 0.0001602 0.0001187 6.19e-05 6.21e-05 0.0001578 0.00014605 0.0001691 7.475e-05 0.0001152 0.00014505 0.00015575 0.0001101 0.0001267 0.00012665 0.0001591 0.0001176 0.00013135 0.00016645 0.0001731 7.03e-05 0.0001709 0.00011355 0.00010595 0.00014835 0.00010435 0.0001117 6.19e-05 0.0001731 0.0001136 0.0001691 6.205e-05 0.00010645 0.00010705 0.00011035 0.00010185 0.0001288 0.0001104 6.2e-05 0.00016115 0.0001705 0.0001102 0.0001175 0.0001546 0.0001335 0.0001102 0.0001609 8.04e-05 0.00015725 0.00011275 0.0001019
6 0.00015275 0.0001279 0.00015045 0.00015435 0.00011505 0.00011535 0.000176 0.00015685 0.00013645 0.0001431 0.00015835 0.000156 0.00014785 0.00015165 0.00015995 0.00014915 0.0001203 0.00015575 0.0001517 0.0001514 0.0001425 0.00014265 0.0001154 0.0001526 0.000139 0.00015 0.0001169 8.805e-05 0.0001684 0.0001522 0.00012075 0.00011755 0.00013355 0.0001689 0.0001291 0.0001593 0.000155 0.00017025 9.625e-05 0.00014535 0.00013625 0.00011515 0.00015375 0.0001535 0.0001218 8.805e-05 0.00017025 0.00010905 0.00015 8.815e-05 0.00013515 0.0001218 0.00014495 0.00012315 0.00014675 0.000145 0.0001153 0.0001498 0.00011055 0.0001481 0.0001292 0.00015565 0.00014135 0.0001481 0.0001505 0.00010475 0.0001472 0.0001494 0.00015045
7 0.00012725 0.00015075 0.0001331 0.0001394 0.00016325 0.0001577 0.00015685 0.0001537 0.00014555 0.00013695 0.00015335 0.0001222 0.0001296 0.00015205 0.00014665 0.00014215 0.00016055 0.00013495 0.00012055 0.0001325 0.0001532 0.0001461 0.0001579 0.0001557 0.00011465 0.000148 0.00015095 0.00015675 0.0001327 0.0001254 0.00016095 0.00015455 0.0001588 0.0001463 0.00016425 0.00015095 0.0001524 0.000159 0.0001693 0.00014915 0.0001416 0.00015365 0.0001461 0.00013705 0.00015905 0.00016935 0.000159 0.0001533 0.000148 0.0001695 0.0001543 0.000156 0.00013115 0.0001538 0.0001387 0.0001312 0.0001578 0.0001339 0.00014465 0.0001494 0.0001642 0.00014035 0.0001142 0.0001494 0.00014485 0.0001668 0.0001544 0.00013655 0.0001422
8 0.0001567 9.415e-05 0.00013935 0.00016185 0.0001366 0.00011175 0.00013645 0.00014555 0.0001629 0.0001642 0.0001529 0.0001264 0.00013675 0.0001641 0.0001163 0.0001642 0.0001343 0.00015535 0.0001607 0.0001605 0.0001395 0.0001167 0.00011185 0.00015435 0.00015295 0.0001637 0.0001026 0.00013645 0.00010985 0.00014015 0.0001345 0.00014195 0.00014785 0.0001239 0.0001357 0.00013925 0.0001655 0.0001646 0.0001051 0.0001665 0.0001398 0.00012415 0.00012415 9.73e-05 0.00013415 0.0001068 0.0001646 0.00013495 0.0001637 0.00010685 0.0001431 0.000127 0.0001381 0.00013035 0.00015285 0.00013815 0.00011175 0.00016055 0.00016485 0.0001395 0.00013575 0.00014365 0.0001383 0.0001395 0.00016175 0.00011185 0.000164 0.0001393 0.0001353
9 0.00012405 0.0001561 0.000153 0.0001515 0.00011455 0.0001544 0.0001431 0.00013695 0.0001642 0.000169 0.0001561 0.0001592 0.0001246 0.00015705 0.0001643 0.0001205 0.0001456 0.00015295 0.0001221 0.00011865 0.00016395 0.00016425 0.0001546 0.0001551 0.000132 0.00014935 0.00015425 0.000143 0.00016615 0.00015275 0.00014525 0.0001481 0.00014455 0.00016265 0.00015185 0.0001598 0.0001486 0.00015895 0.0001518 0.00015295 0.00015205 0.00015215 0.00012605 0.00016385 0.0001467 0.0001446 0.00015895 0.0001423 0.00014935 0.00014475 0.0001469 0.00014825 0.00012635 0.0001521 0.0001268 0.0001264 0.0001545 0.00011745 0.0001483 0.00015515 0.0001518 0.00016315 0.0001321 0.00015515 0.00013845 0.00015525 0.0001155 0.0001603 0.00016195
10 0.00014925 0.00015545 0.00015945 0.0001144 0.00016515 0.0001651 0.00015835 0.00015335 0.0001529 0.0001561 0.0001609 0.000166 0.0001486 0.00016145 0.00016315 0.0001583 0.0001213 0.00015155 0.00014385 0.00014715 0.0001478 0.0001687 0.0001653 0.00015935 0.00014945 0.00016065 0.0001524 0.00015825 0.0001515 0.000155 0.00015485 0.00014805 0.00014135 0.00016025 0.0001669 0.0001653 9.63e-05 0.0001721 0.0001517 0.00013125 0.000159 0.00015945 0.0001596 0.0001574 0.0001586 0.00016155 0.0001721 0.0001555 0.00016065 0.0001617 0.0001626 0.00015845 0.00015365 0.0001607 0.000148 0.0001537 0.0001652 0.00010975 0.0001529 0.0001585 0.00016685 0.000146 0.00016205 0.0001585 8.93e-05 0.0001549 0.00012485 0.0001582 0.0001643
11 0.00014245 0.00013885 0.00010075 0.0001671 0.0001599 0.0001154 0.000156 0.0001222 0.0001264 0.0001592 0.000166 0.0001521 0.0001239 0.0001557 0.00012215 0.0001667 0.00016035 0.00015835 0.0001592 0.0001551 0.00012225 7.61e-05 0.0001156 0.0001589 0.0001504 0.0001581 0.0001259 0.0001559 0.00012595 0.00011355 0.0001583 0.00015115 0.00015945 0.0001458 0.0001609 0.0001322 0.00016805 0.0001669 0.00015315 0.0001574 0.00011275 0.0001447 0.00014455 0.00010045 0.00015735 0.00015475 0.0001669 0.00015215 0.0001581 0.0001549 0.00013465 0.0001508 0.00011315 0.0001447 0.00013455 0.0001132 0.0001155 0.000158 0.0001508 0.00011905 0.00016085 0.00014205 0.00011375 0.00011905 0.0001643 0.0001525 0.00016545 0.00012215 0.0001054
12 0.00011135 0.00014315 0.00012165 0.0001381 0.00015385 0.00012425 0.00014785 0.0001296 0.00013675 0.0001246 0.0001486 0.0001239 0.0001606 0.0001572 0.0001412 0.0001508 0.0001412 0.00014005 0.0001096 0.00011315 0.00013585 0.00010355 0.00012445 0.0001552 0.00013135 0.00015225 0.0001225 0.00014775 0.00013845 0.00014725 0.00014785 0.00014675 0.00014675 0.00015165 0.0001527 0.00012025 0.0001396 0.00016025 0.0001418 0.00014805 0.00012395 0.00015045 0.000154 0.0001206 0.0001454 0.000145 0.00016025 0.00014475 0.00015225 0.00014515 0.00014005 0.00014235 9.2e-05 0.0001437 0.00010835 9.205e-05 0.00012435 0.00010885 0.00015235 0.0001272 0.00015265 0.0001462 0.00013065 0.0001272 0.00013065 0.0001429 0.00015 0.00012115 0.000123
13 0.00015515 0.0001667 0.0001534 0.0001517 0.0001693 0.00017275 0.00015165 0.00015205 0.0001641 0.00015705 0.00016145 0.0001557 0.0001572 0.0001497 0.0001414 0.0001545 0.00016655 0.00015055 0.00014975 0.00015215 0.0001508 0.0001685 0.00017295 0.00011255 0.0001519 0.00010945 0.00017035 0.00015155 0.0001559 0.0001466 0.00016685 0.00012255 0.0001642 0.00011695 0.00012605 0.00011815 0.00014495 7.49e-05 0.0001785 0.0001044 0.0001563 0.0001685 0.00015925 0.00016155 0.0001642 0.00017705 7.49e-05 0.00016065 0.00010945 0.0001772 0.0001661 0.0001641 0.0001607 0.0001672 0.00016345 0.00016075 0.00017285 0.0001544 0.00010045 0.00016265 0.000126 0.00014215 0.00015555 0.00016265 0.0001562 0.00017515 0.00015875 0.0001579 0.00016295
14 0.00015605 0.00011925 0.0001266 0.00017395 0.0001605 0.00012695 0.00015995 0.00014665 0.0001163 0.0001643 0.00016315 0.00012215 0.0001412 0.0001414 0.0001657 0.0001706 0.0001639 0.0001616 0.0001698 0.0001616 0.0001336 9.83e-05 0.00012715 0.00014225 0.0001624 0.0001402 0.00012865 0.00015985 0.0001105 0.0001527 0.00015765 0.00015805 0.00016005 0.0001055 0.0001405 0.0001214 0.0001762 0.0001252 0.00015725 0.000169 0.0001268 0.0001552 0.0001243 9.12e-05 0.00015705 0.00015565 0.0001252 0.00015555 0.0001402 0.0001558 0.0001383 0.0001508 0.0001315 0.0001515 0.0001477 0.00013155 0.00012705 0.00016835 0.00016085 0.00012905 0.00014045 0.00014575 0.0001543 0.00012905 0.0001708 0.0001552 0.0001687 0.000137 0.00012285
15 0.00016235 0.0001536 0.0001614 0.0001169 0.0001102 0.00015735 0.00014915 0.00014215 0.0001642 0.0001205 0.0001583 0.0001667 0.0001508 0.0001545 0.0001706 0.0001546 0.0001498 0.0001182 0.0001201 0.00016045 0.00016345 0.00017165 0.00015755 0.0001548 0.00013405 0.00015585 0.0001529 0.00014905 0.0001672 0.00015635 0.00015005 0.0001444 0.0001487 0.00016025 0.000151 0.00014965 0.00015835 0.00015875 0.00015215 0.0001553 0.00016235 0.00015305 0.0001227 0.00016605 0.0001515 0.0001431 0.00015875 0.00014815 0.00015585 0.00014325 0.00015555 0.00015285 0.0001663 0.0001534 0.00016775 0.00016635 0.00015745 0.00015865 0.00015265 0.0001644 0.00015095 0.0001617 0.0001515 0.0001644 0.0001571 0.0001543 0.00011685 0.00012445 0.0001677
16 0.0001487 0.0001261 0.00015235 0.0001157 0.0001149 0.00011275 0.0001203 0.00016055 0.0001343 0.0001456 0.0001213 0.00016035 0.0001412 0.00016655 0.0001639 0.0001498 0.0001616 0.0001531 0.00014605 0.00014965 0.00014755 0.00014475 0.000113 0.0001553 0.0001419 0.0001648 0.00011295 0.00012015 0.00016585 0.00015725 0.00011615 0.0001209 0.0001162 0.00017045 0.0001266 0.0001572 9.575e-05 0.00017215 8.095e-05 0.00013585 0.00015115 0.0001164 0.00016095 0.00015675 0.00012 8.085e-05 0.00017215 0.00011925 0.0001648 8.1e-05 0.0001342 0.00011965 0.0001424 0.00011905 0.00013675 0.00014245 0.0001129 0.0001104 0.00016025 0.0001482 0.0001265 0.00015605 0.00014225 0.0001482 8.84e-05 9.21e-05 0.0001149 0.0001476 0.00015105
17 0.000153 0.00015705 0.00014845 0.0001145 0.00015675 0.0001573 0.00015575 0.00013495 0.00015535 0.00015295 0.00015155 0.00015835 0.00014005 0.00015055 0.0001616 0.0001182 0.0001531 0.0001649 0.0001176 0.00012545 0.0001553 0.000155 0.0001575 0.0001494 0.00013185 0.0001454 0.0001546 0.00015565 0.00015385 0.00015395 0.00012685 0.00015085 0.00012505 0.00015385 0.00015625 0.0001406 0.00014795 0.0001527 0.00015975 0.00014895 0.0001466 0.000158 0.00015495 0.00015245 0.0001295 0.00015965 0.0001527 0.000149 0.0001454 0.0001598 0.00012625 0.0001214 0.00015325 0.00015705 0.0001616 0.0001533 0.0001574 0.00014895 0.00015005 0.0001246 0.0001562 0.0001487 0.0001596 0.0001246 0.0001464 0.00016035 0.00015015 0.0001187 0.00015475
18 0.0001162 0.0001647 0.00014965 0.00010665 0.00015945 0.00016115 0.0001517 0.00012055 0.0001607 0.0001221 0.00014385 0.0001592 0.0001096 0.00014975 0.0001698 0.0001201 0.00014605 0.0001176 0.0001573 0.00011595 0.0001592 0.0001636 0.00016135 0.00014965 0.00011245 0.0001452 0.00015925 0.0001516 0.0001659 0.00015055 0.000157 0.00014975 0.00015705 0.00016195 0.000156 0.0001467 0.0001315 0.0001531 0.00015675 0.0001381 0.0001505 0.0001577 0.0001674 0.0001653 0.00015595 0.00015875 0.0001531 0.00014815 0.0001452 0.0001589 0.0001618 0.0001569 0.0001212 0.00015615 0.00011995 0.0001212 0.00016125 0.000106 0.00014545 0.0001595 0.00015595 0.00015625 0.0001428 0.0001595 0.0001266 0.0001551 0.0001467 0.00012175 0.0001586
19 0.0001109 0.00016575 0.0001465 0.0001486 0.00016145 0.0001602 0.0001514 0.0001325 0.0001605 0.00011865 0.00014715 0.0001551 0.00011315 0.00015215 0.0001616 0.00016045 0.00014965 0.00012545 0.00011595 0.0001413 0.00015385 0.0001569 0.0001604 0.00015005 0.00012705 0.0001427 0.00016215 0.0001513 0.00016185 0.00014955 0.0001263 0.0001535 0.0001246 0.0001614 0.00015905 0.0001549 0.000137 0.0001544 0.0001607 0.00014415 0.000144 0.0001579 0.0001663 0.0001606 0.0001171 0.00016355 0.0001544 0.0001474 0.0001427 0.0001637 0.00012675 0.00012625 0.00011385 0.00015725 0.00011565 0.00011385 0.0001603 0.0001032 0.0001445 0.00012305 0.000159 0.000154 0.0001366 0.00012305 0.000123 0.0001619 0.0001475 0.00015915 0.00015395
20 0.0001539 0.00014325 0.0001254 0.0001544 0.00015655 0.0001187 0.0001425 0.0001532 0.0001395 0.00016395 0.0001478 0.00012225 0.00013585 0.0001508 0.0001336 0.00016345 0.00014755 0.0001553 0.0001592 0.00015385 0.0001616 9.215e-05 0.0001189 0.00014185 0.0001372 0.00016035 0.0001267 0.0001424 0.0001451 0.00013655 0.00014795 0.0001441 0.00014965 0.00015215 0.00015425 0.00013795 0.0001534 0.00016305 0.00014265 0.00014785 0.00012495 0.0001379 0.0001546 0.00011805 0.0001471 0.0001453 0.00016305 0.0001516 0.00016035 0.00014545 0.0001363 0.0001479 0.00012545 0.00014715 0.00014055 0.0001255 0.0001188 0.0001542 0.00013905 0.00012145 0.0001542 0.00011495 0.0001537 0.00012145 0.00015 0.0001452 0.00015875 0.00012555 0.0001206
21 0.00014295 0.00012105 8.02e-05 0.00016835 0.000148 6.19e-05 0.00014265 0.0001461 0.0001167 0.00016425 0.0001687 7.61e-05 0.00010355 0.0001685 9.83e-05 0.00017165 0.00014475 0.000155 0.0001636 0.0001569 9.215e-05 1e-07 6.205e-05 0.0001614 0.00014925 0.0001633 8.565e-05 0.00014255 0.0001185 0.0001519 0.00014175 0.00014905 0.00014725 0.0001463 0.00014755 0.00011055 0.00016885 0.0001712 0.000123 0.00016895 7.775e-05 0.00014005 0.00014565 6.25e-05 0.0001402 0.00012375 0.0001712 0.0001397 0.0001633 0.0001239 0.00010285 0.0001306 7.855e-05 0.00012625 0.00011555 7.86e-05 6.2e-05 0.00016135 0.0001636 7.995e-05 0.0001475 0.00014015 0.0001426 7.995e-05 0.00016165 0.00012555 0.00016895 8.55e-05 6.445e-05
22 0.00015055 0.00010365 0.0001159 0.00016385 0.00010665 6.21e-05 0.0001154 0.0001579 0.00011185 0.0001546 0.0001653 0.0001156 0.00012445 0.00017295 0.00012715 0.00015755 0.000113 0.0001575 0.00016135 0.0001604 0.0001189 6.205e-05 0.0001241 0.000158 0.00014625 0.0001693 7.5e-05 0.00011545 0.00014525 0.00015595 0.00011035 0.00012695 0.00012685 0.0001593 0.00011765 0.00013155 0.00016665 0.0001733 7.045e-05 0.0001711 0.0001137 0.0001062 0.00014855 0.0001045 0.00011195 6.21e-05 0.0001733 0.00011385 0.0001693 6.22e-05 0.0001067 0.0001073 0.0001105 0.0001021 0.00012895 0.00011055 6.205e-05 0.00016135 0.0001707 0.00011035 0.00011775 0.0001548 0.00013365 0.00011035 0.0001611 8.045e-05 0.00015745 0.00011295 0.0001021
23 0.00015185 0.0001572 0.00015775 0.000153 0.00015705 0.0001578 0.0001526 0.0001557 0.00015435 0.0001551 0.00015935 0.0001589 0.0001552 0.00011255 0.00014225 0.0001548 0.0001553 0.0001494 0.00014965 0.00015005 0.00014185 0.0001614 0.000158 0.0001725 0.0001205 0.00011945 0.0001572 0.0001525 0.00016175 0.00012135 0.0001528 0.00015205 0.0001588 0.0001239 0.00012035 0.00012335 0.00014585 8.63e-05 0.0001563 0.00013715 0.00015705 0.0001317 0.00016015 0.0001595 0.0001522 0.00015425 8.63e-05 0.00015355 0.00011945 0.0001544 0.000157 0.00015115 0.00015565 0.000154 0.00015895 0.0001557 0.0001579 0.00015305 0.0001448 0.00015645 0.0001203 0.0001413 0.00015825 0.00015645 0.0001566 0.0001562 0.00015805 0.0001555 0.0001576
24 0.00012935 0.0001548 0.00014595 0.0001288 0.0001471 0.00014605 0.000139 0.00011465 0.00015295 0.000132 0.00014945 0.0001504 0.00013135 0.0001519 0.0001624 0.00013405 0.0001419 0.00013185 0.00011245 0.00012705 0.0001372 0.00014925 0.00014625 0.0001205 0.0001476 0.00015395 0.00014815 0.0001389 0.0001629 0.0001127 0.0001456 0.00014585 0.00015315 0.0001669 0.00015515 0.00016005 0.0001435 0.00016725 0.0001438 0.0001414 0.000145 0.0001198 0.00016065 0.0001562 0.0001436 0.0001429 0.00016725 0.0001419 0.00015395 0.00014305 0.0001501 0.00014505 0.0001295 0.0001459 0.00013275 0.00012955 0.00014615 0.00012525 0.00013575 0.00014885 0.0001551 0.00014105 0.00013755 0.00014885 0.0001332 0.0001444 0.00014605 0.00013295 0.0001491
25 0.0001444 0.00016605 0.00013355 0.00015225 0.00016835 0.0001691 0.00015 0.000148 0.0001637 0.00014935 0.00016065 0.0001581 0.00015225 0.00010945 0.0001402 0.00015585 0.0001648 0.0001454 0.0001452 0.0001427 0.00016035 0.0001633 0.0001693 0.00011945 0.00015395 0.0001565 0.0001682 0.0001499 0.00015595 0.0001568 0.00015945 0.0001554 0.00015715 0.00011865 0.0001267 0.0001208 0.00014225 7.83e-05 0.000174 0.0001353 0.0001208 0.00016955 0.00015805 0.00015875 0.0001596 0.00017495 7.83e-05 0.0001267 7.825e-05 0.0001751 0.0001575 0.0001576 0.0001522 0.0001613 0.00015395 0.00015225 0.0001692 0.0001478 0.00013275 0.0001537 0.00012665 0.00015205 0.00015875 0.0001537 0.0001531 0.0001716 0.00015815 0.00015655 0.0001555
26 0.00015225 9.425e-05 0.00012625 0.00015965 0.00010615 7.475e-05 0.0001169 0.00015095 0.0001026 0.00015425 0.0001524 0.0001259 0.0001225 0.00017035 0.00012865 0.0001529 0.00011295 0.0001546 0.00015925 0.00016215 0.0001267 8.565e-05 7.5e-05 0.0001572 0.00014815 0.0001682 0.0001278 0.00011675 0.00013295 0.0001552 0.0001116 0.0001239 0.0001263 0.0001475 0.0001172 0.0001269 0.0001642 0.00017025 7.235e-05 0.0001685 0.00012595 0.0001078 0.00013675 0.00010335 0.0001134 6.395e-05 0.00017025 0.00011515 0.0001682 6.41e-05 0.0001188 0.00010855 0.0001235 0.0001035 0.00014195 0.00012355 7.49e-05 0.0001616 0.00017005 0.00012255 0.0001171 0.0001488 0.0001334 0.00012255 0.00016145 8.245e-05 0.00015515 0.00012145 0.0001144
27 0.00015265 0.00012775 0.00015035 0.00015425 0.0001149 0.0001152 8.805e-05 0.00015675 0.00013645 0.000143 0.00015825 0.0001559 0.00014775 0.00015155 0.00015985 0.00014905 0.00012015 0.00015565 0.0001516 0.0001513 0.0001424 0.00014255 0.00011545 0.0001525 0.0001389 0.0001499 0.00011675 0.0001758 0.0001683 0.0001521 0.0001206 0.0001174 0.00013345 0.0001688 0.00012915 0.0001592 0.0001549 0.00017015 9.62e-05 0.00014525 0.00013615 0.000115 0.00015365 0.0001534 0.00012165 8.795e-05 0.00017015 0.0001089 0.0001499 8.81e-05 0.000135 0.00012165 0.00014485 0.000123 0.00014665 0.0001449 0.00011535 0.0001497 0.00011045 0.000148 0.00012905 0.00015555 0.0001413 0.000148 0.0001504 0.0001048 0.0001471 0.0001493 0.00015035
28 0.00016225 0.0001142 0.00013255 0.00016355 0.00016945 0.00014505 0.0001684 0.0001327 0.00010985 0.00016615 0.0001515 0.00012595 0.00013845 0.0001559 0.0001105 0.0001672 0.00016585 0.00015385 0.0001659 0.00016185 0.0001451 0.0001185 0.00014525 0.00016175 0.0001629 0.00015595 0.00013295 0.0001683 0.0001135 0.00015115 0.0001665 0.0001611 0.00016305 0.00010725 0.00016325 0.00013295 0.00016235 0.0001547 0.0001709 0.00016095 0.0001379 0.00016645 0.0001125 8.675e-05 0.00016485 0.00017165 0.0001547 0.00016455 0.00015595 0.0001718 0.00015665 0.00015535 0.00014205 0.00016525 0.0001692 0.0001421 0.00014515 0.00016275 0.00016105 0.00014 0.0001632 0.00010295 0.00014885 0.00014 0.0001615 0.00017075 0.0001636 0.00014275 0.0001387
29 0.0001452 0.0001525 0.00013705 0.00015565 0.0001579 0.00015575 0.0001522 0.0001254 0.00014015 0.00015275 0.000155 0.00011355 0.00014725 0.0001466 0.0001527 0.00015635 0.00015725 0.00015395 0.00015055 0.00014955 0.00013655 0.0001519 0.00015595 0.00012135 0.0001127 0.0001568 0.0001552 0.0001521 0.00015115 0.0001503 0.00015725 0.00014945 0.000163 0.00015655 0.0001637 0.00015895 0.00015855 0.0001676 0.0001585 0.000144 0.000149 0.00011745 0.00015135 0.00014715 0.0001573 0.00015965 0.0001676 0.00015295 0.0001568 0.0001598 0.000158 0.00015495 0.000148 0.00015295 0.00015345 0.00014805 0.00015585 0.0001494 0.0001351 0.00015345 0.00016365 0.0001387 0.0001195 0.00015345 0.00015575 0.00015865 0.00015545 0.00015415 0.0001491
30 0.00015385 0.00012285 0.0001507 0.00015765 0.0001085 0.0001101 0.00012075 0.00016095 0.0001345 0.00014525 0.00015485 0.0001583 0.00014785 0.00016685 0.00015765 0.00015005 0.00011615 0.00012685 0.000157 0.0001263 0.00014795 0.00014175 0.00011035 0.0001528 0.0001456 0.00015945 0.0001116 0.0001206 0.0001665 0.00015725 0.000157 0.00012885 9.065e-05 0.00016615 0.0001224 0.00015455 0.00015775 0.00016605 8.7e-05 0.00016475 0.00014735 0.0001132 0.0001533 0.00015225 8.925e-05 7.855e-05 0.00016605 0.0001158 0.00015945 7.87e-05 0.00010015 8.645e-05 0.00014715 0.0001168 0.0001497 0.0001472 0.00011025 0.0001531 0.0001652 0.0001102 0.0001223 0.000161 0.0001396 0.0001102 0.0001515 9.895e-05 0.0001461 0.0001516 0.00014845
31 0.0001545 0.00013325 0.0001492 0.00014195 0.0001233 0.0001267 0.00011755 0.00015455 0.00014195 0.0001481 0.00014805 0.00015115 0.00014675 0.00012255 0.00015805 0.0001444 0.0001209 0.00015085 0.00014975 0.0001535 0.0001441 0.00014905 0.00012695 0.00015205 0.00014585 0.0001554 0.0001239 0.0001174 0.0001611 0.00014945 0.00012885 0.0001732 0.0001265 0.00016025 0.0001316 0.00014945 0.0001467 0.00015855 0.0001127 0.00012135 0.0001507 0.00013035 0.00015305 0.00015465 0.00012915 0.00010445 0.00015855 0.00012845 0.0001554 0.0001046 0.00013935 0.0001299 0.00015105 0.00013015 0.000153 0.0001511 0.00012685 0.00014515 0.0001085 0.00015125 0.0001315 0.00014955 0.0001346 0.00015125 0.0001432 0.00012035 0.00013975 0.00014775 0.0001525
32 0.0001542 0.0001363 0.00015175 0.00014375 0.0001211 0.00012665 0.00013355 0.0001588 0.00014785 0.00014455 0.00014135 0.00015945 0.00014675 0.0001642 0.00016005 0.0001487 0.0001162 0.00012505 0.00015705 0.0001246 0.00014965 0.00014725 0.00012685 0.0001588 0.00015315 0.00015715 0.0001263 0.00013345 0.00016305 0.000163 9.065e-05 0.0001265 0.0001504 0.00016445 0.0001348 0.0001519 0.0001426 0.00016335 0.0001145 0.00016205 0.00014915 0.00013435 0.00015205 0.0001548 0.00010115 0.0001061 0.00016335 0.00012865 0.00015715 0.00010625 0.00010135 9.86e-05 0.0001501 0.00013075 0.00015265 0.00015015 0.00012675 0.00013955 0.00016295 0.0001113 0.00013475 0.00015685 0.00013825 0.0001113 0.0001329 0.0001264 0.00013115 0.0001542 0.00015135
33 0.0001619 0.00012605 0.0001498 0.0001637 0.00016695 0.0001591 0.0001689 0.0001463 0.0001239 0.00016265 0.00016025 0.0001458 0.00015165 0.00011695 0.0001055 0.00016025 0.00017045 0.00015385 0.00016195 0.0001614 0.00015215 0.0001463 0.0001593 0.0001239 0.0001669 0.00011865 0.0001475 0.0001688 0.00010725 0.00015655 0.00016615 0.00016025 0.00016445 0.0001601 0.0001261 0.00010895 0.0001578 8.005e-05 0.0001736 0.0001503 0.0001518 0.000168 0.000121 0.00011165 0.00016465 0.00017195 8.005e-05 0.0001647 0.00011865 0.0001721 0.00016175 0.00016115 0.00015585 0.00016515 0.00016955 0.0001559 0.0001592 0.0001671 0.00015975 0.0001534 0.00012605 0.00013975 0.0001566 0.0001534 0.0001694 0.00017155 0.0001654 0.00015235 0.00015235
34 0.00015665 0.0001261 0.0001571 0.0001599 0.00011765 0.0001176 0.0001291 0.00016425 0.0001357 0.00015185 0.0001669 0.0001609 0.0001527 0.00012605 0.0001405 0.000151 0.0001266 0.00015625 0.000156 0.00015905 0.00015425 0.00014755 0.00011765 0.00012035 0.00015515 0.0001267 0.0001172 0.00012915 0.00016325 0.0001637 0.0001224 0.0001316 0.0001348 0.0001261 0.0001752 0.00011755 0.0001531 8.765e-05 9.835e-05 0.00015265 0.0001567 0.00012505 0.0001562 0.00015475 0.00012395 8.765e-05 8.765e-05 0.00012685 0.0001267 8.775e-05 0.00013745 0.00012365 0.0001527 0.00012155 0.0001534 0.00015275 0.00011755 0.0001616 0.00016755 0.0001524 8.77e-05 0.00015925 0.0001435 0.0001524 0.00016455 0.0001049 0.0001565 0.0001509 0.0001515
35 0.0001516 0.0001422 0.0001322 0.00014935 0.00015745 0.00013135 0.0001593 0.00015095 0.00013925 0.0001598 0.0001653 0.0001322 0.00012025 0.00011815 0.0001214 0.00014965 0.0001572 0.0001406 0.0001467 0.0001549 0.00013795 0.00011055 0.00013155 0.00012335 0.00016005 0.0001208 0.0001269 0.0001592 0.00013295 0.00015895 0.00015455 0.00014945 0.0001519 0.00010895 0.00011755 0.0001654 0.0001513 8.275e-05 0.0001538 0.00014705 0.00013475 0.00016135 0.00014795 0.00012005 0.0001521 0.0001522 8.275e-05 0.00015565 0.0001208 0.00015235 0.0001454 0.0001477 0.00013415 0.0001488 0.0001534 0.0001342 0.00013145 0.0001599 0.0001599 0.0001338 0.0001175 0.00014175 0.00015165 0.0001338 0.0001634 0.0001529 0.0001624 0.0001235 0.000128
36 0.00014005 0.00017015 0.0001554 8.465e-05 0.00016935 0.00016645 0.000155 0.0001524 0.0001655 0.0001486 9.63e-05 0.00016805 0.0001396 0.00014495 0.0001762 0.00015835 9.575e-05 0.00014795 0.0001315 0.000137 0.0001534 0.00016885 0.00016665 0.00014585 0.0001435 0.00014225 0.0001642 0.0001549 0.00016235 0.00015855 0.00015775 0.0001467 0.0001426 0.0001578 0.0001531 0.0001513 5.46e-05 0.00014195 0.00014675 8.765e-05 0.00015575 0.0001653 0.00017585 0.0001714 0.0001598 0.0001641 0.00014195 0.00015345 0.00014225 0.00016425 0.00016255 0.0001597 0.00014365 0.00016285 0.00013245 0.0001437 0.00016655 7.285e-05 0.00014685 0.0001602 0.00015305 0.00014485 0.00016005 0.0001602 3.535e-05 0.0001514 0.00010095 0.0001554 0.00016525
37 0.00015535 0.00016615 0.00016275 0.00016065 0.0001702 0.0001731 0.00017025 0.000159 0.0001646 0.00015895 0.0001721 0.0001669 0.00016025 7.49e-05 0.0001252 0.00015875 0.00017215 0.0001527 0.0001531 0.0001544 0.00016305 0.0001712 0.0001733 8.63e-05 0.00016725 7.83e-05 0.00017025 0.00017015 0.0001547 0.0001676 0.00016605 0.00015855 0.00016335 8.005e-05 8.765e-05 8.275e-05 0.00014195 1e-07 0.000179 0.00013225 0.0001639 0.00017795 0.00016115 0.00016315 0.0001644 0.00017505 5e-08 0.0001659 7.83e-05 0.0001752 0.00016455 0.0001635 0.0001631 0.00016535 0.0001646 0.00016315 0.0001732 0.00016205 0.0001575 0.0001642 8.76e-05 0.00014925 0.0001625 0.0001642 0.00016875 0.00017465 0.00016725 0.0001616 0.00016345
38 0.0001537 9.425e-05 0.000148 0.00015065 8.24e-05 7.03e-05 9.625e-05 0.0001693 0.0001051 0.0001518 0.0001517 0.00015315 0.0001418 0.0001785 0.00015725 0.00015215 8.095e-05 0.00015975 0.00015675 0.0001607 0.00014265 0.000123 7.045e-05 0.0001563 0.0001438 0.000174 7.235e-05 9.62e-05 0.0001709 0.0001585 8.7e-05 0.0001127 0.0001145 0.0001736 9.835e-05 0.0001538 0.00014675 0.000179 3.53e-05 0.0001637 0.00014605 8.08e-05 0.00015945 0.00014545 9.205e-05 1.765e-05 0.000179 9.345e-05 0.000174 1.77e-05 0.0001187 9.145e-05 0.00013895 8.505e-05 0.00013635 0.000139 7.035e-05 0.0001495 0.0001764 0.00013975 9.835e-05 0.00016735 0.00013195 0.00013975 0.00014285 4.11e-05 0.00014565 0.00014 0.00013775
39 0.0001478 0.00017065 0.0001508 0.0001199 0.00017115 0.0001709 0.00014535 0.00014915 0.0001665 0.00015295 0.00013125 0.0001574 0.00014805 0.0001044 0.000169 0.0001553 0.00013585 0.00014895 0.0001381 0.00014415 0.00014785 0.00016895 0.0001711 0.00013715 0.0001414 0.0001353 0.0001685 0.00014525 0.00016095 0.000144 0.00016475 0.00012135 0.00016205 0.0001503 0.00015265 0.00014705 8.765e-05 0.00013225 0.0001637 0.0001532 0.0001537 0.00016445 0.0001692 0.0001678 0.0001635 0.0001729 0.00013225 0.00015575 0.0001353 0.00017305 0.0001673 0.00016425 0.00015155 0.00016715 0.00014795 0.0001516 0.000171 0.0001164 9.71e-05 0.00016285 0.0001526 0.00014095 0.0001544 0.00016285 9.895e-05 0.00016485 0.00013405 0.000155 0.0001652
40 0.00013825 0.00014355 9.23e-05 0.00015615 0.0001573 0.00011355 0.00013625 0.0001416 0.0001398 0.00015205 0.000159 0.00011275 0.00012395 0.0001563 0.0001268 0.00016235 0.00015115 0.0001466 0.0001505 0.000144 0.00012495 7.775e-05 0.0001137 0.00015705 0.000145 0.0001208 0.00012595 0.00013615 0.0001379 0.000149 0.00014735 0.0001507 0.00014915 0.0001518 0.0001567 0.00013475 0.00015575 0.0001639 0.00014605 0.0001537 0.0001555 0.00015065 0.00015035 0.00010845 0.00014755 0.00014935 0.0001639 0.00011365 0.0001208 0.0001495 0.0001267 0.0001412 0.00010995 0.0001418 0.00012945 0.00011 0.00011365 0.0001475 0.00013585 0.0001116 0.00015665 0.00014755 0.00014885 0.0001116 0.0001496 0.0001471 0.00015905 0.00011855 0.00010605
41 0.0001566 0.0001157 0.0001529 0.0001599 0.0001095 0.00010595 0.00011515 0.00015365 0.00012415 0.00015215 0.00015945 0.0001447 0.00015045 0.0001685 0.0001552 0.00015305 0.0001164 0.000158 0.0001577 0.0001579 0.0001379 0.00014005 0.0001062 0.0001317 0.0001198 0.00016955 0.0001078 0.000115 0.00016645 0.00011745 0.0001132 0.00013035 0.00013435 0.000168 0.00012505 0.00016135 0.0001653 0.00017795 8.08e-05 0.00016445 0.00015065 0.0001438 0.00015375 0.0001483 0.0001158 7.195e-05 0.00017795 0.00011665 0.00016955 7.21e-05 0.00013255 0.00011535 0.00014805 0.0001145 0.0001514 0.0001481 0.0001061 0.0001584 0.0001586 0.00014735 0.00012495 0.0001551 0.00013225 0.00014735 0.0001607 9.205e-05 0.00015395 0.00014945 0.0001486
42 0.00016905 0.0001159 0.0001502 0.0001663 0.0001173 0.00014835 0.00015375 0.0001461 0.00012415 0.00012605 0.0001596 0.00014455 0.000154 0.00015925 0.0001243 0.0001227 0.00016095 0.00015495 0.0001674 0.0001663 0.0001546 0.00014565 0.00014855 0.00016015 0.00016065 0.00015805 0.00013675 0.00015365 0.0001125 0.00015135 0.0001533 0.00015305 0.00015205 0.000121 0.0001562 0.00014795 0.00017585 0.00016115 0.00015945 0.0001692 0.00015035 0.00015375 0.0001614 0.0001111 0.00015525 0.0001511 0.00016115 0.00015315 0.00015805 0.00015125 0.0001503 0.00015025 0.0001594 0.000158 0.00017515 0.00015945 0.00014845 0.0001719 0.0001568 0.00015065 0.00015615 0.0001482 0.0001469 0.00015065 0.00017155 0.0001632 0.0001271 0.0001537 0.0001553
43 0.00015415 0.00010165 0.00010845 0.0001673 0.00015545 0.00010435 0.0001535 0.00013705 9.73e-05 0.00016385 0.0001574 0.00010045 0.0001206 0.00016155 9.12e-05 0.00016605 0.00015675 0.00015245 0.0001653 0.0001606 0.00011805 6.25e-05 0.0001045 0.0001595 0.0001562 0.00015875 0.00010335 0.0001534 8.675e-05 0.00014715 0.00015225 0.00015465 0.0001548 0.00011165 0.00015475 0.00012005 0.0001714 0.00016315 0.00014545 0.0001678 0.00010845 0.0001483 0.0001111 0.0001142 0.0001516 0.0001462 0.00016315 0.0001504 0.00015875 0.00014635 0.000131 0.0001411 0.0001133 0.00014515 0.00014615 0.0001133 0.00010445 0.00016565 0.0001603 0.00011045 0.0001547 0.0001337 0.00014545 0.0001104 0.0001655 0.00014685 0.00016595 0.0001149 0.00010335
44 0.0001523 0.00012465 0.00015135 0.00015905 0.0001124 0.0001117 0.0001218 0.00015905 0.00013415 0.0001467 0.0001586 0.00015735 0.0001454 0.0001642 0.00015705 0.0001515 0.00012 0.0001295 0.00015595 0.0001171 0.0001471 0.0001402 0.00011195 0.0001522 0.0001436 0.0001596 0.0001134 0.00012165 0.00016485 0.0001573 8.925e-05 0.00012915 0.00010115 0.00016465 0.00012395 0.0001521 0.0001598 0.0001644 9.205e-05 0.0001635 0.00014755 0.0001158 0.00015525 0.0001516 0.0001665 8.33e-05 0.0001644 0.00011915 0.0001596 8.345e-05 0.0001049 9.165e-05 0.00014555 0.00011845 0.00014945 0.0001456 0.00011185 0.00015375 0.00016205 0.0001178 0.00012385 0.0001595 0.0001386 0.0001178 0.0001515 0.00010225 0.0001491 0.00015075 0.00014695
45 0.0001578 8.585e-05 0.0001513 0.000159 6.49e-05 6.19e-05 8.805e-05 0.00016935 0.0001068 0.0001446 0.00016155 0.00015475 0.000145 0.00017705 0.00015565 0.0001431 8.085e-05 0.00015965 0.00015875 0.00016355 0.0001453 0.00012375 6.21e-05 0.00015425 0.0001429 0.00017495 6.395e-05 8.795e-05 0.00017165 0.00015965 7.855e-05 0.00010445 0.0001061 0.00017195 8.765e-05 0.0001522 0.0001641 0.00017505 1.765e-05 0.0001729 0.00014935 7.195e-05 0.0001511 0.0001462 8.33e-05 2e-07 0.00017505 8.76e-05 0.00017495 2.5e-07 0.00011015 8.36e-05 0.00014215 7.755e-05 0.00014205 0.0001422 6.2e-05 0.000161 0.00017745 0.00014045 8.76e-05 0.0001691 0.0001244 0.00014045 0.0001602 3.525e-05 0.0001456 0.00014005 0.0001394
46 0.00015535 0.00016615 0.00016275 0.00016065 0.0001702 0.0001731 0.00017025 0.000159 0.0001646 0.00015895 0.0001721 0.0001669 0.00016025 7.49e-05 0.0001252 0.00015875 0.00017215 0.0001527 0.0001531 0.0001544 0.00016305 0.0001712 0.0001733 8.63e-05 0.00016725 7.83e-05 0.00017025 0.00017015 0.0001547 0.0001676 0.00016605 0.00015855 0.00016335 8.005e-05 8.765e-05 8.275e-05 0.00014195 5e-08 0.000179 0.00013225 0.0001639 0.00017795 0.00016115 0.00016315 0.0001644 0.00017505 1e-07 0.0001659 7.83e-05 0.0001752 0.00016455 0.0001635 0.0001631 0.00016535 0.0001646 0.00016315 0.0001732 0.00016205 0.0001575 0.0001642 8.76e-05 0.00014925 0.0001625 0.0001642 0.00016875 0.00017465 0.00016725 0.0001616 0.00016345
47 0.00014575 0.000126 0.00012795 0.00015155 0.0001158 0.0001136 0.00010905 0.0001533 0.00013495 0.0001423 0.0001555 0.00015215 0.00014475 0.00016065 0.00015555 0.00014815 0.00011925 0.000149 0.00014815 0.0001474 0.0001516 0.0001397 0.00011385 0.00015355 0.0001419 0.0001267 0.00011515 0.0001089 0.00016455 0.00015295 0.0001158 0.00012845 0.00012865 0.0001647 0.00012685 0.00015565 0.00015345 0.0001659 9.345e-05 0.00015575 0.00011365 0.00011665 0.00015315 0.0001504 0.00011915 8.76e-05 0.0001659 0.0001751 0.0001267 8.775e-05 0.0001304 0.00011775 0.00014185 0.0001175 0.0001428 0.0001419 0.00011375 0.0001474 0.00014285 0.00014195 0.00012675 0.0001621 0.00013985 0.00014195 0.00014895 0.00010205 0.00014745 0.0001459 0.0001436
48 0.0001444 0.00016605 0.00013355 0.00015225 0.00016835 0.0001691 0.00015 0.000148 0.0001637 0.00014935 0.00016065 0.0001581 0.00015225 0.00010945 0.0001402 0.00015585 0.0001648 0.0001454 0.0001452 0.0001427 0.00016035 0.0001633 0.0001693 0.00011945 0.00015395 7.825e-05 0.0001682 0.0001499 0.00015595 0.0001568 0.00015945 0.0001554 0.00015715 0.00011865 0.0001267 0.0001208 0.00014225 7.83e-05 0.000174 0.0001353 0.0001208 0.00016955 0.00015805 0.00015875 0.0001596 0.00017495 7.83e-05 0.0001267 0.0001565 0.0001751 0.0001575 0.0001576 0.0001522 0.0001613 0.00015395 0.00015225 0.0001692 0.0001478 0.00013275 0.0001537 0.00012665 0.00015205 0.00015875 0.0001537 0.0001531 0.0001716 0.00015815 0.00015655 0.0001555
49 0.00015795 8.6e-05 0.00015145 0.00015915 6.505e-05 6.205e-05 8.815e-05 0.0001695 0.00010685 0.00014475 0.0001617 0.0001549 0.00014515 0.0001772 0.0001558 0.00014325 8.1e-05 0.0001598 0.0001589 0.0001637 0.00014545 0.0001239 6.22e-05 0.0001544 0.00014305 0.0001751 6.41e-05 8.81e-05 0.0001718 0.0001598 7.87e-05 0.0001046 0.00010625 0.0001721 8.775e-05 0.00015235 0.00016425 0.0001752 1.77e-05 0.00017305 0.0001495 7.21e-05 0.00015125 0.00014635 8.345e-05 2.5e-07 0.0001752 8.775e-05 0.0001751 5e-07 0.0001103 8.375e-05 0.0001423 7.77e-05 0.0001422 0.00014235 6.21e-05 0.00016115 0.0001776 0.0001406 8.775e-05 0.00016925 0.00012455 0.0001406 0.00016035 3.535e-05 0.00014575 0.0001402 0.00013955
50 0.0001515 0.00013445 0.0001303 0.00016415 0.00012555 0.00010645 0.00013515 0.0001543 0.0001431 0.0001469 0.0001626 0.00013465 0.00014005 0.0001661 0.0001383 0.00015555 0.0001342 0.00012625 0.0001618 0.00012675 0.0001363 0.00010285 0.0001067 0.000157 0.0001501 0.0001575 0.0001188 0.000135 0.00015665 0.000158 0.00010015 0.00013935 0.00010135 0.00016175 0.00013745 0.0001454 0.00016255 0.00016455 0.0001187 0.0001673 0.0001267 0.00013255 0.0001503 0.000131 0.0001049 0.00011015 0.00016455 0.0001304 0.0001575 0.0001103 0.0001648 9.69e-05 0.0001283 0.00012965 0.00013855 0.00012835 0.0001066 0.00015595 0.0001638 9.66e-05 0.00013735 0.0001573 0.0001378 9.66e-05 0.00015465 0.0001296 0.0001496 0.0001364 0.00012605
51 0.0001527 0.0001198 0.00014455 0.0001589 0.00011355 0.00010705 0.0001218 0.000156 0.000127 0.00014825 0.00015845 0.0001508 0.00014235 0.0001641 0.0001508 0.00015285 0.00011965 0.0001214 0.0001569 0.00012625 0.0001479 0.0001306 0.0001073 0.00015115 0.00014505 0.0001576 0.00010855 0.00012165 0.00015535 0.00015495 8.645e-05 0.0001299 9.86e-05 0.00016115 0.00012365 0.0001477 0.0001597 0.0001635 9.145e-05 0.00016425 0.0001412 0.00011535 0.00015025 0.0001411 9.165e-05 8.36e-05 0.0001635 0.00011775 0.0001576 8.375e-05 9.69e-05 0.0001613 0.00014165 0.0001181 0.00015065 0.0001417 0.0001072 0.00015415 0.00016225 0.00011005 0.00012355 0.0001543 0.0001402 0.00011005 0.00015345 0.00010235 0.0001496 0.0001463 0.00014165
52 0.00010895 0.0001445 0.00011085 0.0001532 0.00015545 0.00011035 0.00014495 0.00013115 0.0001381 0.00012635 0.00015365 0.00011315 9.2e-05 0.0001607 0.0001315 0.0001663 0.0001424 0.00015325 0.0001212 0.00011385 0.00012545 7.855e-05 0.0001105 0.00015565 0.0001295 0.0001522 0.0001235 0.00014485 0.00014205 0.000148 0.00014715 0.00015105 0.0001501 0.00015585 0.0001527 0.00013415 0.00014365 0.0001631 0.00013895 0.00015155 0.00010995 0.00014805 0.0001594 0.0001133 0.00014555 0.00014215 0.0001631 0.00014185 0.0001522 0.0001423 0.0001283 0.00014165 0.0001571 0.00014065 9.495e-05 7.865e-05 0.00011045 0.00011055 0.00015295 0.0001154 0.00015265 0.0001491 0.0001315 0.0001154 0.0001324 0.00014005 0.00015565 0.00012115 0.0001089
53 0.0001163 0.00012165 0.00014525 0.000159 0.0001134 0.00010185 0.00012315 0.0001538 0.00013035 0.0001521 0.0001607 0.0001447 0.0001437 0.0001672 0.0001515 0.0001534 0.00011905 0.00015705 0.00015615 0.00015725 0.00014715 0.00012625 0.0001021 0.000154 0.0001459 0.0001613 0.0001035 0.000123 0.00016525 0.00015295 0.0001168 0.00013015 0.00013075 0.00016515 0.00012155 0.0001488 0.00016285 0.00016535 8.505e-05 0.00016715 0.0001418 0.0001145 0.000158 0.00014515 0.00011845 7.755e-05 0.00016535 0.0001175 0.0001613 7.77e-05 0.00012965 0.0001181 0.00014065 0.000155 0.0001422 0.0001407 0.000102 0.00015775 0.0001688 0.00014125 0.00012145 0.00016405 0.0001336 0.00014125 0.0001568 9.26e-05 0.0001549 0.0001418 0.0001019
