 slim_761952436 slim_761952445 slim_761952472 slim_761952441 slim_761952465 slim_761952422 slim_761952471 slim_761952440 slim_761952433 slim_761952458 slim_761952459 slim_761952466 slim_761952453 slim_761952443 slim_761952442 slim_761952464 slim_761952455 slim_761952449 slim_761952444 slim_761952437 slim_761952462 slim_761952446 slim_761952421 slim_761952450 slim_761952434 slim_761952463 slim_761952473 slim_761952428 slim_761952470 slim_761952438 slim_761952429 slim_761952454 slim_761952469 slim_761952430 slim_761952424 slim_761952435 slim_761952451 slim_761952457 slim_761952439 slim_761952448 slim_761952427 slim_761952447 slim_761952468 slim_761952425 slim_761952456 slim_761952461 slim_761952432 slim_761952426 slim_761952467 slim_761952460 slim_761952423 slim_761952452 slim_761952431
0 0.000161 0.0001253 0.0001337 0.00011905 0.0001052 0.0001692 0.00010835 0.0001347 0.0001417 0.00013325 0.000121 0.00012535 0.00014425 0.00015655 0.0001624 0.0001253 0.00012825 0.00015825 0.00016575 0.0001339 0.0001642 0.0001362 0.00015755 0.0001496 0.00015035 0.00012095 0.0001328 0.00015785 0.00014145 0.00011905 0.0001665 0.0001195 0.0001335 0.0001272 0.0001302 0.00015345 0.000149 0.0001331 0.00014845 0.0001636 0.00012455 0.000161 0.0001143 0.00012815 0.0001499 0.00010635 0.00015245 0.00015345 0.00015295 0.0001442 0.00014845 0.0001436 0.00016335
1 0.0001253 0.0001802 0.00015885 0.0001489 0.0001251 0.00017145 0.00011765 0.00014005 0.000104 0.0001388 0.0001241 9.02e-05 0.0001515 0.00016005 0.00012995 9.015e-05 0.0001403 0.00015875 0.0001241 0.00014375 0.00013665 0.0001377 0.0001591 0.00012535 0.0001511 0.0001241 0.0001494 0.0001243 0.00014695 0.0001489 0.00016595 0.0001203 0.00015675 9.16e-05 0.0001627 0.00015165 0.00016235 0.00013865 0.00015255 0.00015605 0.00012965 0.0001571 0.00012 0.00015545 0.00015905 0.000122 0.0001414 0.0001139 0.0001146 0.0001552 0.00015255 0.00016755 0.0001226
2 0.0001337 0.00015885 0.000169 9.945e-05 0.00012075 0.0001575 0.0001357 0.0001358 0.00015535 0.00016075 0.00015835 0.00015895 0.0001138 0.000155 0.000163 0.0001589 0.00012795 0.0001535 0.00016025 0.00015745 0.0001633 0.0001638 0.00014675 0.0001378 0.0001588 0.00015835 0.0001156 0.0001359 0.0001524 9.945e-05 0.0001519 0.00015095 0.0001221 0.00015895 0.0001249 0.0001441 0.00014065 0.00015005 0.00013055 0.0001501 0.00015705 0.0001493 0.0001584 0.00011565 0.0001487 0.000162 0.0001308 0.00015895 0.0001538 0.0001147 0.00013055 0.00013945 0.0001617
3 0.00011905 0.0001489 9.945e-05 7.28e-05 0.00014555 0.0001721 9.945e-05 0.00010285 0.00015155 0.0001511 0.00015855 0.000149 0.00012945 0.00014265 0.0001486 0.00014895 0.00012115 0.0001372 0.0001452 0.00016445 0.00013585 0.0001542 0.00014685 9.55e-05 0.00016205 0.00015855 0.0001286 0.000127 0.0001433 3.64e-05 0.0001649 0.00014305 9.56e-05 0.0001491 9.905e-05 0.00011305 0.0001149 0.0001483 9.875e-05 0.0001494 0.0001655 0.000134 0.0001693 8.45e-05 0.00011955 0.0001653 0.0001203 0.0001524 0.00013205 0.0001263 9.875e-05 9.995e-05 0.00014625
4 0.0001052 0.0001251 0.00012075 0.00014555 0.0001547 0.0001633 0.00011995 0.00014395 0.0001334 0.00013525 0.00012015 0.00012515 0.00012315 0.0001679 0.00016995 0.0001251 0.0001398 0.00017055 0.00016785 0.0001304 0.0001727 0.0001349 0.00015835 0.0001657 0.00014895 0.0001201 0.00010495 0.00016875 0.00014085 0.00014555 0.0001594 0.0001231 0.00014755 0.000127 0.0001497 0.0001679 0.00016125 0.0001255 0.0001574 0.0001659 0.0001201 0.0001734 0.00010275 0.0001465 0.00015985 0.0001112 0.0001656 0.0001509 0.00015275 0.0001231 0.0001574 0.00016545 0.0001667
5 0.0001692 0.00017145 0.0001575 0.0001721 0.0001633 3.06e-05 0.000178 0.0001293 0.00017625 0.0001747 0.00016965 0.00017155 0.0001539 0.0001537 0.00016385 0.0001715 0.0001695 0.00015525 0.00017055 0.0001676 0.00016525 0.00017815 9.135e-05 0.0001766 0.0001089 0.00016965 0.00013765 0.00016335 0.0001244 0.0001721 1.91e-05 0.0001614 0.0001643 0.0001721 0.00015765 0.00015685 0.00010935 0.0001797 0.0001036 8.355e-05 9.295e-05 0.0001608 0.0001796 0.00015985 0.0001747 0.00016975 0.00016645 0.0001233 0.0001459 0.0001541 0.0001036 0.00016985 0.00017085
6 0.00010835 0.00011765 0.0001357 9.945e-05 0.00011995 0.000178 0.000172 0.00011445 0.0001321 0.00013485 0.0001252 0.00011775 0.0001523 0.00015535 0.00015345 0.0001177 0.000122 0.0001565 0.0001534 0.00013955 0.00014955 0.00013455 0.00016125 0.0001251 0.00015285 0.0001252 0.00013825 0.0001446 0.0001352 9.945e-05 0.0001725 0.00011965 0.0001369 0.000116 0.000137 0.0001348 0.00013895 0.00013195 0.00012905 0.00016355 0.0001312 0.0001528 0.0001204 0.00013165 0.00013915 0.00012125 0.00013985 0.00014435 0.00013605 0.0001501 0.00012905 0.00013165 0.00015185
7 0.0001347 0.00014005 0.0001358 0.00010285 0.00014395 0.0001293 0.00011445 0.000177 0.00015275 0.0001617 0.0001509 0.00014015 0.0001512 0.0001583 0.0001556 0.0001401 0.00014475 0.0001541 0.0001531 0.00016595 0.0001456 0.00016315 0.00013465 0.00012455 0.0001453 0.0001509 0.00012905 0.0001428 0.000113 0.00010285 0.0001238 0.00014285 0.00014055 0.0001414 0.0001431 0.0001257 0.00011385 0.0001573 0.00010395 0.0001403 0.00013305 0.00016 0.0001653 0.00013355 0.0001445 0.00016615 0.00013895 0.0001154 0.00012525 0.0001489 0.00010395 0.0001314 0.00015155
8 0.0001417 0.000104 0.00015535 0.00015155 0.0001334 0.00017625 0.0001321 0.00015275 0.0001773 0.0001404 0.00014215 0.0001041 0.00014835 0.00016385 0.0001298 0.00010405 0.00013905 0.0001625 0.0001268 0.0001298 0.0001365 0.0001427 0.000165 0.00012315 0.0001557 0.00014215 0.0001543 0.0001286 0.00014895 0.00015155 0.000175 0.0001381 0.000163 0.00010545 0.00016615 0.00015485 0.0001639 0.00012615 0.0001577 0.00016295 0.000148 0.00016085 9.765e-05 0.00015885 0.0001639 0.0001129 0.00014785 0.00012605 0.0001251 0.00015205 0.0001577 0.00016665 0.00012675
9 0.00013325 0.0001388 0.00016075 0.0001511 0.00013525 0.0001747 0.00013485 0.0001617 0.0001404 0.0001689 0.0001129 0.0001389 0.0001629 0.00016295 0.0001711 0.00013885 0.0001227 0.0001641 0.0001454 0.00014005 0.00016615 8.63e-05 0.00015975 0.0001672 0.00012445 0.0001129 0.0001603 0.00016215 0.00015465 0.0001511 0.0001685 0.00013075 0.000131 0.00014075 0.00015675 0.0001735 0.00017195 0.0001231 0.00016275 0.0001664 0.00013875 0.00015625 0.0001109 0.0001481 0.00011165 0.0001042 0.0001617 0.0001675 0.00016395 0.00015965 0.00016275 0.0001649 0.0001463
10 0.000121 0.0001241 0.00015835 0.00015855 0.00012015 0.00016965 0.0001252 0.0001509 0.00014215 0.0001129 0.0001484 0.0001242 0.00016525 0.0001613 0.00016625 0.00012415 0.000129 0.00016685 0.0001241 0.0001343 0.00017185 0.00010365 0.00016135 0.00017375 0.00013025 7.425e-05 0.00015515 0.0001619 0.00014735 0.00015855 0.0001598 0.00011925 0.00011025 0.00012685 0.00015245 0.00017725 0.0001752 0.00012635 0.00016265 0.0001648 0.0001197 0.00016285 0.0001114 0.00015725 0.000142 0.0001108 0.00016065 0.00015245 0.0001592 0.0001651 0.00016265 0.00017145 0.0001241
11 0.00012535 9.02e-05 0.00015895 0.000149 0.00012515 0.00017155 0.00011775 0.00014015 0.0001041 0.0001389 0.0001242 0.0001804 0.0001516 0.00016015 0.00013005 9.02e-05 0.0001404 0.00015885 0.0001242 0.00014385 0.00013675 0.0001378 0.0001592 0.00012545 0.0001512 0.00012415 0.0001495 0.0001244 0.00014705 0.000149 0.00016605 0.00012035 0.00015685 9.17e-05 0.0001628 0.00015175 0.00016245 0.00013875 0.00015265 0.00015615 0.0001297 0.0001572 0.0001201 0.00015555 0.00015915 0.0001221 0.0001415 0.000114 0.0001147 0.0001553 0.00015265 0.00016765 0.0001227
12 0.00014425 0.0001515 0.0001138 0.00012945 0.00012315 0.0001539 0.0001523 0.0001512 0.00014835 0.0001629 0.00016525 0.0001516 0.0001634 0.0001124 0.0001376 0.00015155 0.00016115 0.0001051 0.0001522 0.00014735 0.0001369 0.00016445 0.00012955 0.0001397 0.00016335 0.00016525 0.00010975 0.00014555 0.00015125 0.00012945 0.00015205 0.0001264 0.00014205 0.00015125 0.0001275 0.00014555 0.0001515 0.0001436 0.0001473 0.000116 0.0001574 0.0001255 0.0001662 0.0001117 0.00015125 0.00016855 0.00012535 0.00015005 0.0001382 8.495e-05 0.0001473 0.00013475 0.00015255
13 0.00015655 0.00016005 0.000155 0.00014265 0.0001679 0.0001537 0.00015535 0.0001583 0.00016385 0.00016295 0.0001613 0.00016015 0.0001124 0.000107 0.00010235 0.0001601 0.00016125 5.675e-05 0.0001523 0.000115 0.00010185 0.00016435 0.0001131 0.00014575 0.00016535 0.0001613 0.00015605 0.0001516 0.0001561 0.00014265 0.00015725 0.0001113 0.0001469 0.00015845 9.7e-05 0.00014725 0.00015645 0.00014275 0.0001542 0.0001046 0.0001601 0.0001051 0.00017615 0.00010155 0.0001529 0.00016925 0.00011645 0.0001613 0.0001483 0.0001101 0.0001542 9.8e-05 0.0001526
14 0.0001624 0.00012995 0.000163 0.0001486 0.00016995 0.00016385 0.00015345 0.0001556 0.0001298 0.0001711 0.00016625 0.00013005 0.0001376 0.00010235 0.0001768 0.00013 0.0001669 0.00010445 0.0001247 0.0001298 0.0001002 0.00017075 0.00013825 0.00011945 0.00016765 0.00016625 0.0001618 0.0001266 0.00016345 0.0001486 0.000168 0.00014395 0.00015925 0.00012785 0.0001231 0.00014165 0.0001587 0.00015265 0.00015445 0.0001368 0.00016915 0.0001359 0.0001716 0.0001324 0.00016605 0.00017215 0.0001284 0.00012995 0.000122 0.0001423 0.00015445 0.00012625 0.0001246
15 0.0001253 9.015e-05 0.0001589 0.00014895 0.0001251 0.0001715 0.0001177 0.0001401 0.00010405 0.00013885 0.00012415 9.02e-05 0.00015155 0.0001601 0.00013 0.0001803 0.00014035 0.0001588 0.00012415 0.0001438 0.0001367 0.00013775 0.00015915 0.0001254 0.00015115 0.0001241 0.00014945 0.00012435 0.000147 0.00014895 0.000166 0.0001203 0.0001568 9.165e-05 0.00016275 0.0001517 0.0001624 0.0001387 0.0001526 0.0001561 0.00012965 0.00015715 0.00012005 0.0001555 0.0001591 0.00012205 0.00014145 0.00011395 0.00011465 0.00015525 0.0001526 0.0001676 0.00012265
16 0.00012825 0.0001403 0.00012795 0.00012115 0.0001398 0.0001695 0.000122 0.00014475 0.00013905 0.0001227 0.000129 0.0001404 0.00016115 0.00016125 0.0001669 0.00014035 0.0001766 0.00016395 0.00015735 0.00013715 0.00017275 0.0001239 0.0001617 0.0001503 0.00013695 0.000129 0.00016835 0.00014165 0.0001509 0.00012115 0.0001633 0.00013475 0.0001299 0.00014215 0.0001395 0.0001487 0.00015335 0.0001387 0.00014415 0.00016075 0.0001394 0.0001457 0.00011095 0.0001387 0.0001439 0.00010995 0.00013905 0.0001648 0.00016895 0.00016255 0.00014415 0.00015265 0.00015825
17 0.00015825 0.00015875 0.0001535 0.0001372 0.00017055 0.00015525 0.0001565 0.0001541 0.0001625 0.0001641 0.00016685 0.00015885 0.0001051 5.675e-05 0.00010445 0.0001588 0.00016395 9e-05 0.00014965 0.00012525 9.325e-05 0.00016555 0.0001096 0.0001373 0.0001665 0.00016685 0.00015235 0.0001461 0.00015435 0.0001372 0.0001588 0.00011115 0.00014725 0.00015855 0.0001021 0.0001398 0.00015225 0.00014175 0.00015 0.00010015 0.0001656 0.00010275 0.00018295 9.68e-05 0.0001469 0.00017605 0.0001092 0.00015605 0.00014065 0.0001057 0.00015 8.905e-05 0.00014995
18 0.00016575 0.0001241 0.00016025 0.0001452 0.00016785 0.00017055 0.0001534 0.0001531 0.0001268 0.0001454 0.0001241 0.0001242 0.0001522 0.0001523 0.0001247 0.00012415 0.00015735 0.00014965 0.0001677 0.00016745 0.0001286 0.0001363 0.00015475 0.00012195 0.00014815 0.0001241 0.0001625 0.00011835 0.00016275 0.0001452 0.00016335 0.0001518 0.0001164 0.0001247 0.00015725 0.0001563 0.00016535 0.00015165 0.00015045 0.00015015 0.0001658 0.0001504 0.0001707 0.0001495 0.00014015 0.00017145 0.00013695 0.0001243 0.00011885 0.0001553 0.00015045 0.0001632 8.495e-05
19 0.0001339 0.00014375 0.00015745 0.00016445 0.0001304 0.0001676 0.00013955 0.00016595 0.0001298 0.00014005 0.0001343 0.00014385 0.00014735 0.000115 0.0001298 0.0001438 0.00013715 0.00012525 0.00016745 0.0001651 0.00014315 0.00014295 0.0001506 0.00016885 0.0001542 0.0001343 0.0001592 0.00017435 0.0001499 0.00016445 0.00017335 0.00012905 0.0001592 0.00014385 0.0001216 0.00016575 0.00016995 0.0001147 0.00017165 0.0001582 0.00014125 0.00015195 8.98e-05 0.0001434 0.0001726 0.00010225 0.0001584 0.00017015 0.00017265 0.0001488 0.00017165 0.00013345 0.0001677
20 0.0001642 0.00013665 0.0001633 0.00013585 0.0001727 0.00016525 0.00014955 0.0001456 0.0001365 0.00016615 0.00017185 0.00013675 0.0001369 0.00010185 0.0001002 0.0001367 0.00017275 9.325e-05 0.0001286 0.00014315 0.0001565 0.00016585 0.0001288 0.00011155 0.0001713 0.00017185 0.0001508 0.0001308 0.0001559 0.00013585 0.0001694 0.0001384 0.0001583 0.0001369 0.00012995 0.0001486 0.0001487 0.0001457 0.00014445 0.00013855 0.00017435 0.00014315 0.00017985 0.0001202 0.00014655 0.0001804 0.0001308 0.00013285 0.0001149 0.00013115 0.00014445 0.00010395 0.0001285
21 0.0001362 0.0001377 0.0001638 0.0001542 0.0001349 0.00017815 0.00013455 0.00016315 0.0001427 8.63e-05 0.00010365 0.0001378 0.00016445 0.00016435 0.00017075 0.00013775 0.0001239 0.00016555 0.0001363 0.00014295 0.00016585 0.0001346 0.00016165 0.0001669 0.00012135 0.00010365 0.00015975 0.00016865 0.0001578 0.0001542 0.00017195 0.0001314 0.00012515 0.00013965 0.00015965 0.0001748 0.00017285 0.000126 0.0001648 0.0001694 0.00013985 0.0001603 0.0001157 0.00015105 0.00011005 0.00011655 0.0001684 0.00016815 0.00016265 0.0001612 0.0001648 0.00016525 0.0001372
22 0.00015755 0.0001591 0.00014675 0.00014685 0.00015835 9.135e-05 0.00016125 0.00013465 0.000165 0.00015975 0.00016135 0.0001592 0.00012955 0.0001131 0.00013825 0.00015915 0.0001617 0.0001096 0.00015475 0.0001506 0.0001288 0.00016165 0.0001721 0.0001512 0.00013415 0.00016135 0.00013385 0.00014855 0.0001383 0.00014685 9.11e-05 0.00013405 0.0001482 0.00016045 0.00013175 0.00015185 0.00012835 0.0001504 0.00012015 0.00010215 0.00013095 0.00014035 0.0001775 0.00011275 0.00014935 0.000172 0.00013335 0.00013375 0.0001347 0.00012665 0.00012015 0.00013055 0.00015615
23 0.0001496 0.00012535 0.0001378 9.55e-05 0.0001657 0.0001766 0.0001251 0.00012455 0.00012315 0.0001672 0.00017375 0.00012545 0.0001397 0.00014575 0.00011945 0.0001254 0.0001503 0.0001373 0.00012195 0.00016885 0.00011155 0.0001669 0.0001512 0.0001469 0.00017305 0.00017375 0.00014535 0.0001109 0.0001492 9.55e-05 0.0001773 0.00015175 0.00014385 0.00012515 0.00014135 0.00012285 0.0001217 0.00015205 0.0001251 0.0001516 0.0001776 0.0001429 0.00017475 0.0001216 0.00013885 0.0001766 0.000126 0.0001245 0.000105 0.0001403 0.0001251 0.00011155 0.00012145
24 0.00015035 0.0001511 0.0001588 0.00016205 0.00014895 0.0001089 0.00015285 0.0001453 0.0001557 0.00012445 0.00013025 0.0001512 0.00016335 0.00016535 0.00016765 0.00015115 0.00013695 0.0001665 0.00014815 0.0001542 0.0001713 0.00012135 0.00013415 0.00017305 0.0001877 0.00013025 0.0001532 0.00015875 0.00014805 0.00016205 0.0001028 0.0001489 0.00013885 0.0001506 0.0001584 0.00016155 0.0001458 0.00014945 0.0001366 0.00013405 0.00011965 0.0001623 0.0001438 0.0001596 0.0001407 0.00013845 0.00015965 0.00014295 0.00015545 0.0001646 0.0001366 0.0001741 0.00014905
25 0.00012095 0.0001241 0.00015835 0.00015855 0.0001201 0.00016965 0.0001252 0.0001509 0.00014215 0.0001129 7.425e-05 0.00012415 0.00016525 0.0001613 0.00016625 0.0001241 0.000129 0.00016685 0.0001241 0.0001343 0.00017185 0.00010365 0.00016135 0.00017375 0.00013025 0.0001484 0.00015515 0.0001619 0.00014735 0.00015855 0.0001598 0.0001192 0.00011025 0.00012685 0.00015245 0.00017725 0.0001752 0.00012635 0.00016265 0.0001648 0.00011965 0.00016285 0.0001114 0.00015725 0.000142 0.0001108 0.00016065 0.00015245 0.0001592 0.0001651 0.00016265 0.00017145 0.0001241
26 0.0001328 0.0001494 0.0001156 0.0001286 0.00010495 0.00013765 0.00013825 0.00012905 0.0001543 0.0001603 0.00015515 0.0001495 0.00010975 0.00015605 0.0001618 0.00014945 0.00016835 0.00015235 0.0001625 0.0001592 0.0001508 0.00015975 0.00013385 0.00014535 0.0001532 0.00015515 0.0001356 0.00016135 0.00013555 0.0001286 0.00013375 0.00014375 0.0001456 0.0001496 0.00014495 0.00015445 0.0001362 0.00014095 0.00013235 0.00014435 0.00013955 0.00016715 0.0001606 0.0001301 0.00014525 0.00016845 0.0001576 0.0001403 0.00011235 0.0001066 0.00013235 0.00014355 0.00016135
27 0.00015785 0.0001243 0.0001359 0.000127 0.00016875 0.00016335 0.0001446 0.0001428 0.0001286 0.00016215 0.0001619 0.0001244 0.00014555 0.0001516 0.0001266 0.00012435 0.00014165 0.0001461 0.00011835 0.00017435 0.0001308 0.00016865 0.00014855 0.0001109 0.00015875 0.0001619 0.00016135 0.0001615 0.00016025 0.000127 0.00015615 0.0001494 0.0001439 0.000124 0.00015225 0.00014125 0.0001527 0.00016435 0.00013665 0.0001413 0.0001645 0.00014245 0.00017825 0.0001389 0.0001364 0.00017145 9.675e-05 0.0001221 0.0001171 0.0001502 0.00013665 0.00015585 0.00011945
28 0.00014145 0.00014695 0.0001524 0.0001433 0.00014085 0.0001244 0.0001352 0.000113 0.00014895 0.00015465 0.00014735 0.00014705 0.00015125 0.0001561 0.00016345 0.000147 0.0001509 0.00015435 0.00016275 0.0001499 0.0001559 0.0001578 0.0001383 0.0001492 0.00014805 0.00014735 0.00013555 0.00016025 0.0001674 0.0001433 0.00012485 0.0001397 0.0001567 0.0001483 0.00015745 0.0001513 0.0001318 0.0001427 0.00013125 0.00013795 0.00012755 0.00016385 0.0001289 0.00015035 0.00015035 0.00013485 0.0001587 0.000126 0.00014175 0.00014895 0.00013125 0.00014625 0.00016265
29 0.00011905 0.0001489 9.945e-05 3.64e-05 0.00014555 0.0001721 9.945e-05 0.00010285 0.00015155 0.0001511 0.00015855 0.000149 0.00012945 0.00014265 0.0001486 0.00014895 0.00012115 0.0001372 0.0001452 0.00016445 0.00013585 0.0001542 0.00014685 9.55e-05 0.00016205 0.00015855 0.0001286 0.000127 0.0001433 7.28e-05 0.0001649 0.00014305 9.56e-05 0.0001491 9.905e-05 0.00011305 0.0001149 0.0001483 9.875e-05 0.0001494 0.0001655 0.000134 0.0001693 8.45e-05 0.00011955 0.0001653 0.0001203 0.0001524 0.00013205 0.0001263 9.875e-05 9.995e-05 0.00014625
30 0.0001665 0.00016595 0.0001519 0.0001649 0.0001594 1.91e-05 0.0001725 0.0001238 0.000175 0.0001685 0.0001598 0.00016605 0.00015205 0.00015725 0.000168 0.000166 0.0001633 0.0001588 0.00016335 0.00017335 0.0001694 0.00017195 9.11e-05 0.0001773 0.0001028 0.0001598 0.00013375 0.00015615 0.00012485 0.0001649 2.25e-05 0.0001553 0.00015275 0.0001666 0.00015745 0.00015555 0.0001105 0.00018095 9.635e-05 7.95e-05 8.685e-05 0.00015865 0.00018175 0.00015965 0.0001685 0.00017165 0.00015925 0.0001178 0.0001404 0.00015225 9.635e-05 0.00017755 0.00016485
31 0.0001195 0.0001203 0.00015095 0.00014305 0.0001231 0.0001614 0.00011965 0.00014285 0.0001381 0.00013075 0.00011925 0.00012035 0.0001264 0.0001113 0.00014395 0.0001203 0.00013475 0.00011115 0.0001518 0.00012905 0.0001384 0.0001314 0.00013405 0.00015175 0.0001489 0.0001192 0.00014375 0.0001494 0.0001397 0.00014305 0.0001553 0.0001754 0.0001445 0.00012225 0.0001367 0.00015735 0.0001602 0.00012885 0.0001524 0.00012395 0.00012065 0.0001264 0.00012465 0.0001247 0.000146 0.0001192 0.00012955 0.00014535 0.000141 0.0001231 0.0001524 0.0001394 0.0001507
32 0.0001335 0.00015675 0.0001221 9.56e-05 0.00014755 0.0001643 0.0001369 0.00014055 0.000163 0.000131 0.00011025 0.00015685 0.00014205 0.0001469 0.00015925 0.0001568 0.0001299 0.00014725 0.0001164 0.0001592 0.0001583 0.00012515 0.0001482 0.00014385 0.00013885 0.00011025 0.0001456 0.0001439 0.0001567 9.56e-05 0.00015275 0.0001445 0.0001397 0.00015775 0.00011275 0.00015475 0.0001524 0.00014455 0.0001336 0.00014965 0.00015515 0.0001419 0.00016385 0.0001102 0.00012255 0.0001584 0.0001407 0.0001613 0.0001549 0.0001414 0.0001336 0.0001399 0.000119
33 0.0001272 9.16e-05 0.00015895 0.0001491 0.000127 0.0001721 0.000116 0.0001414 0.00010545 0.00014075 0.00012685 9.17e-05 0.00015125 0.00015845 0.00012785 9.165e-05 0.00014215 0.00015855 0.0001247 0.00014385 0.0001369 0.00013965 0.00016045 0.00012515 0.0001506 0.00012685 0.0001496 0.000124 0.0001483 0.0001491 0.0001666 0.00012225 0.00015775 0.0001789 0.00016105 0.000151 0.0001637 0.0001406 0.0001539 0.00015515 0.0001309 0.00015505 0.00012365 0.00015565 0.0001593 0.00012565 0.0001411 0.0001148 0.0001144 0.0001554 0.0001539 0.0001678 0.0001232
34 0.0001302 0.0001627 0.0001249 9.905e-05 0.0001497 0.00015765 0.000137 0.0001431 0.00016615 0.00015675 0.00015245 0.0001628 0.0001275 9.7e-05 0.0001231 0.00016275 0.0001395 0.0001021 0.00015725 0.0001216 0.00012995 0.00015965 0.00013175 0.00014135 0.0001584 0.00015245 0.00014495 0.00015225 0.00015745 9.905e-05 0.00015745 0.0001367 0.00011275 0.00016105 0.0001571 0.00014025 0.0001458 0.0001456 0.00013765 0.00013635 0.00015855 0.00012745 0.0001648 9.315e-05 0.0001485 0.00015915 0.0001322 0.00016705 0.00015805 0.00012845 0.00013765 0.000103 0.00015865
35 0.00015345 0.00015165 0.0001441 0.00011305 0.0001679 0.00015685 0.0001348 0.0001257 0.00015485 0.0001735 0.00017725 0.00015175 0.00014555 0.00014725 0.00014165 0.0001517 0.0001487 0.0001398 0.0001563 0.00016575 0.0001486 0.0001748 0.00015185 0.00012285 0.00016155 0.00017725 0.00015445 0.00014125 0.0001513 0.00011305 0.00015555 0.00015735 0.00015475 0.000151 0.00014025 0.0001633 0.00012735 0.0001682 0.00012735 0.0001414 0.00016375 0.0001358 0.00017955 0.00013755 0.00015785 0.0001774 0.00013405 0.0001418 0.0001384 0.0001525 0.00012735 0.0001333 0.00015565
36 0.000149 0.00016235 0.00014065 0.0001149 0.00016125 0.00010935 0.00013895 0.00011385 0.0001639 0.00017195 0.0001752 0.00016245 0.0001515 0.00015645 0.0001587 0.0001624 0.00015335 0.00015225 0.00016535 0.00016995 0.0001487 0.00017285 0.00012835 0.0001217 0.0001458 0.0001752 0.0001362 0.0001527 0.0001318 0.0001149 0.0001105 0.0001602 0.0001524 0.0001637 0.0001458 0.00012735 0.0001817 0.00016375 0.000107 0.00013145 0.0001412 0.0001542 0.0001779 0.00013625 0.00015075 0.00017615 0.0001509 0.0001385 0.0001374 0.0001492 0.000107 0.0001214 0.00016475
37 0.0001331 0.00013865 0.00015005 0.0001483 0.0001255 0.0001797 0.00013195 0.0001573 0.00012615 0.0001231 0.00012635 0.00013875 0.0001436 0.00014275 0.00015265 0.0001387 0.0001387 0.00014175 0.00015165 0.0001147 0.0001457 0.000126 0.0001504 0.00015205 0.00014945 0.00012635 0.00014095 0.00016435 0.0001427 0.0001483 0.00018095 0.00012885 0.00014455 0.0001406 0.0001456 0.0001682 0.00016375 0.0001762 0.0001622 0.00016695 0.00014885 0.00016025 9.52e-05 0.0001365 0.00013995 0.0001081 0.0001565 0.00016585 0.0001542 0.00014095 0.0001622 0.0001371 0.0001531
38 0.00014845 0.00015255 0.00013055 9.875e-05 0.0001574 0.0001036 0.00012905 0.00010395 0.0001577 0.00016275 0.00016265 0.00015265 0.0001473 0.0001542 0.00015445 0.0001526 0.00014415 0.00015 0.00015045 0.00017165 0.00014445 0.0001648 0.00012015 0.0001251 0.0001366 0.00016265 0.00013235 0.00013665 0.00013125 9.875e-05 9.635e-05 0.0001524 0.0001336 0.0001539 0.00013765 0.00012735 0.000107 0.0001622 0.0001816 0.00012325 0.00013335 0.0001531 0.0001768 0.0001281 0.00014155 0.00017295 0.00013485 0.0001287 0.0001276 0.000145 9.08e-05 0.0001327 0.0001515
39 0.0001636 0.00015605 0.0001501 0.0001494 0.0001659 8.355e-05 0.00016355 0.0001403 0.00016295 0.0001664 0.0001648 0.00015615 0.000116 0.0001046 0.0001368 0.0001561 0.00016075 0.00010015 0.00015015 0.0001582 0.00013855 0.0001694 0.00010215 0.0001516 0.00013405 0.0001648 0.00014435 0.0001413 0.00013795 0.0001494 7.95e-05 0.00012395 0.00014965 0.00015515 0.00013635 0.0001414 0.00013145 0.00016695 0.00012325 0.0001417 0.0001208 0.0001126 0.00018525 0.0001283 0.00015735 0.00017375 0.0001244 0.0001318 0.0001346 0.0001191 0.00012325 0.00014565 0.00015055
40 0.00012455 0.00012965 0.00015705 0.0001655 0.0001201 9.295e-05 0.0001312 0.00013305 0.000148 0.00013875 0.0001197 0.0001297 0.0001574 0.0001601 0.00016915 0.00012965 0.0001394 0.0001656 0.0001658 0.00014125 0.00017435 0.00013985 0.00013095 0.0001776 0.00011965 0.00011965 0.00013955 0.0001645 0.00012755 0.0001655 8.685e-05 0.00012065 0.00015515 0.0001309 0.00015855 0.00016375 0.0001412 0.00014885 0.00013335 0.0001208 0.000167 0.0001605 0.0001218 0.0001631 0.00016595 0.0001164 0.00016465 0.00013265 0.00014915 0.00015725 0.00013335 0.00017635 0.0001647
41 0.000161 0.0001571 0.0001493 0.000134 0.0001734 0.0001608 0.0001528 0.00016 0.00016085 0.00015625 0.00016285 0.0001572 0.0001255 0.0001051 0.0001359 0.00015715 0.0001457 0.00010275 0.0001504 0.00015195 0.00014315 0.0001603 0.00014035 0.0001429 0.0001623 0.00016285 0.00016715 0.00014245 0.00016385 0.000134 0.00015865 0.0001264 0.0001419 0.00015505 0.00012745 0.0001358 0.0001542 0.00016025 0.0001531 0.0001126 0.0001605 0.0001474 0.00017665 0.00012125 0.00015035 0.0001648 0.00012225 0.00016215 0.00015095 0.0001302 0.0001531 0.0001365 0.0001502
42 0.0001143 0.00012 0.0001584 0.0001693 0.00010275 0.0001796 0.0001204 0.0001653 9.765e-05 0.0001109 0.0001114 0.0001201 0.0001662 0.00017615 0.0001716 0.00012005 0.00011095 0.00018295 0.0001707 8.98e-05 0.00017985 0.0001157 0.0001775 0.00017475 0.0001438 0.0001114 0.0001606 0.00017825 0.0001289 0.0001693 0.00018175 0.00012465 0.00016385 0.00012365 0.0001648 0.00017955 0.0001779 9.52e-05 0.0001768 0.00018525 0.0001218 0.00017665 3.17e-05 0.00017 0.000172 3.52e-05 0.00017975 0.00016845 0.00017795 0.00016665 0.0001768 0.0001743 0.00017055
43 0.00012815 0.00015545 0.00011565 8.45e-05 0.0001465 0.00015985 0.00013165 0.00013355 0.00015885 0.0001481 0.00015725 0.00015555 0.0001117 0.00010155 0.0001324 0.0001555 0.0001387 9.68e-05 0.0001495 0.0001434 0.0001202 0.00015105 0.00011275 0.0001216 0.0001596 0.00015725 0.0001301 0.0001389 0.00015035 8.45e-05 0.00015965 0.0001247 0.0001102 0.00015565 9.315e-05 0.00013755 0.00013625 0.0001365 0.0001281 0.0001283 0.0001631 0.00012125 0.00017 0.0001383 0.00012735 0.00016435 0.0001188 0.00015745 0.00013915 0.00010795 0.0001281 9.78e-05 0.0001509
44 0.0001499 0.00015905 0.0001487 0.00011955 0.00015985 0.0001747 0.00013915 0.0001445 0.0001639 0.00011165 0.000142 0.00015915 0.00015125 0.0001529 0.00016605 0.0001591 0.0001439 0.0001469 0.00014015 0.0001726 0.00014655 0.00011005 0.00014935 0.00013885 0.0001407 0.000142 0.00014525 0.0001364 0.00015035 0.00011955 0.0001685 0.000146 0.00012255 0.0001593 0.0001485 0.00015785 0.00015075 0.00013995 0.00014155 0.00015735 0.00016595 0.00015035 0.000172 0.00012735 0.0001551 0.0001653 0.00013405 0.00016455 0.00014455 0.0001449 0.00014155 0.00013535 0.00014105
45 0.00010635 0.000122 0.000162 0.0001653 0.0001112 0.00016975 0.00012125 0.00016615 0.0001129 0.0001042 0.0001108 0.0001221 0.00016855 0.00016925 0.00017215 0.00012205 0.00010995 0.00017605 0.00017145 0.00010225 0.0001804 0.00011655 0.000172 0.0001766 0.00013845 0.0001108 0.00016845 0.00017145 0.00013485 0.0001653 0.00017165 0.0001192 0.0001584 0.00012565 0.00015915 0.0001774 0.00017615 0.0001081 0.00017295 0.00017375 0.0001164 0.0001648 3.52e-05 0.00016435 0.0001653 5.46e-05 0.0001716 0.00017045 0.00017935 0.000169 0.00017295 0.00017335 0.00017005
46 0.00015245 0.0001414 0.0001308 0.0001203 0.0001656 0.00016645 0.00013985 0.00013895 0.00014785 0.0001617 0.00016065 0.0001415 0.00012535 0.00011645 0.0001284 0.00014145 0.00013905 0.0001092 0.00013695 0.0001584 0.0001308 0.0001684 0.00013335 0.000126 0.00015965 0.00016065 0.0001576 9.675e-05 0.0001587 0.0001203 0.00015925 0.00012955 0.0001407 0.0001411 0.0001322 0.00013405 0.0001509 0.0001565 0.00013485 0.0001244 0.00016465 0.00012225 0.00017975 0.0001188 0.00013405 0.0001716 0.0001515 0.0001401 0.00013355 0.00013 0.00013485 0.00013405 0.00013805
47 0.00015345 0.0001139 0.00015895 0.0001524 0.0001509 0.0001233 0.00014435 0.0001154 0.00012605 0.0001675 0.00015245 0.000114 0.00015005 0.0001613 0.00012995 0.00011395 0.0001648 0.00015605 0.0001243 0.00017015 0.00013285 0.00016815 0.00013375 0.0001245 0.00014295 0.00015245 0.0001403 0.0001221 0.000126 0.0001524 0.0001178 0.00014535 0.0001613 0.0001148 0.00016705 0.0001418 0.0001385 0.00016585 0.0001287 0.0001318 0.00013265 0.00016215 0.00016845 0.00015745 0.00016455 0.00017045 0.0001401 0.0001715 0.0001035 0.0001541 0.0001287 0.00016745 0.0001228
48 0.00015295 0.0001146 0.0001538 0.00013205 0.00015275 0.0001459 0.00013605 0.00012525 0.0001251 0.00016395 0.0001592 0.0001147 0.0001382 0.0001483 0.000122 0.00011465 0.00016895 0.00014065 0.00011885 0.00017265 0.0001149 0.00016265 0.0001347 0.000105 0.00015545 0.0001592 0.00011235 0.0001171 0.00014175 0.00013205 0.0001404 0.000141 0.0001549 0.0001144 0.00015805 0.0001384 0.0001374 0.0001542 0.0001276 0.0001346 0.00014915 0.00015095 0.00017795 0.00013915 0.00014455 0.00017935 0.00013355 0.0001035 0.0001483 0.0001388 0.0001276 0.00014575 0.00011725
49 0.0001442 0.0001552 0.0001147 0.0001263 0.0001231 0.0001541 0.0001501 0.0001489 0.00015205 0.00015965 0.0001651 0.0001553 8.495e-05 0.0001101 0.0001423 0.00015525 0.00016255 0.0001057 0.0001553 0.0001488 0.00013115 0.0001612 0.00012665 0.0001403 0.0001646 0.0001651 0.0001066 0.0001502 0.00014895 0.0001263 0.00015225 0.0001231 0.0001414 0.0001554 0.00012845 0.0001525 0.0001492 0.00014095 0.000145 0.0001191 0.00015725 0.0001302 0.00016665 0.00010795 0.0001449 0.000169 0.00013 0.0001541 0.0001388 0.0001623 0.000145 0.000129 0.00015565
50 0.00014845 0.00015255 0.00013055 9.875e-05 0.0001574 0.0001036 0.00012905 0.00010395 0.0001577 0.00016275 0.00016265 0.00015265 0.0001473 0.0001542 0.00015445 0.0001526 0.00014415 0.00015 0.00015045 0.00017165 0.00014445 0.0001648 0.00012015 0.0001251 0.0001366 0.00016265 0.00013235 0.00013665 0.00013125 9.875e-05 9.635e-05 0.0001524 0.0001336 0.0001539 0.00013765 0.00012735 0.000107 0.0001622 9.08e-05 0.00012325 0.00013335 0.0001531 0.0001768 0.0001281 0.00014155 0.00017295 0.00013485 0.0001287 0.0001276 0.000145 0.0001816 0.0001327 0.0001515
51 0.0001436 0.00016755 0.00013945 9.995e-05 0.00016545 0.00016985 0.00013165 0.0001314 0.00016665 0.0001649 0.00017145 0.00016765 0.00013475 9.8e-05 0.00012625 0.0001676 0.00015265 8.905e-05 0.0001632 0.00013345 0.00010395 0.00016525 0.00013055 0.00011155 0.0001741 0.00017145 0.00014355 0.00015585 0.00014625 9.995e-05 0.00017755 0.0001394 0.0001399 0.0001678 0.000103 0.0001333 0.0001214 0.0001371 0.0001327 0.00014565 0.00017635 0.0001365 0.0001743 9.78e-05 0.00013535 0.00017335 0.00013405 0.00016745 0.00014575 0.000129 0.0001327 0.0001275 0.0001631
52 0.00016335 0.0001226 0.0001617 0.00014625 0.0001667 0.00017085 0.00015185 0.00015155 0.00012675 0.0001463 0.0001241 0.0001227 0.00015255 0.0001526 0.0001246 0.00012265 0.00015825 0.00014995 8.495e-05 0.0001677 0.0001285 0.0001372 0.00015615 0.00012145 0.00014905 0.0001241 0.00016135 0.00011945 0.00016265 0.00014625 0.00016485 0.0001507 0.000119 0.0001232 0.00015865 0.00015565 0.00016475 0.0001531 0.0001515 0.00015055 0.0001647 0.0001502 0.00017055 0.0001509 0.00014105 0.00017005 0.00013805 0.0001228 0.00011725 0.00015565 0.0001515 0.0001631 0.0001667
