 slim_761959511 slim_761959491 slim_761959520 slim_761959501 slim_761959493 slim_761959516 slim_761959524 slim_761959542 slim_761959540 slim_761959547 slim_761959509 slim_761959522 slim_761959529 slim_761959504 slim_761959512 slim_761959533 slim_761959498 slim_761959499 slim_761959517 slim_761959530 slim_761959495 slim_761959541 slim_761959537 slim_761959505 slim_761959539 slim_761959515 slim_761959508 slim_761959496 slim_761959531 slim_761959513 slim_761959514 slim_761959543 slim_761959510 slim_761959532 slim_761959492 slim_761959523 slim_761959487 slim_761959535 slim_761959518 slim_761959526 slim_761959538 slim_761959500 slim_761959494 slim_761959536 slim_761959521 slim_761959507 slim_761959503 slim_761959490 slim_761959525 slim_761959488 slim_761959506 slim_761959546 slim_761959489 slim_761959502 slim_761959519 slim_761959528 slim_761959545 slim_761959497 slim_761959534 slim_761959527 slim_761959544
0 0.0001854 0.00013225 0.00018345 0.0001678 0.0001769 0.0001485 0.00016925 0.0001519 0.000181 0.00013205 0.0001763 0.0001889 0.0001717 0.0001772 0.00017565 0.00016695 0.0001775 0.00012945 0.00017595 0.00018095 0.0001582 0.0001648 0.0001759 0.00017275 0.00017245 0.00011515 0.00017485 0.000169 0.0001751 0.00013365 0.00015975 0.00015525 0.00013755 0.000139 0.00017765 0.00013085 0.0001816 0.0001752 0.00018245 0.0001608 0.0001654 0.00017775 0.00018365 0.00017425 0.0001815 0.0001745 0.0001798 0.0001695 0.0001746 0.0001758 0.0001731 0.0001713 0.0001801 0.00014105 0.00018135 0.00016985 0.00018275 0.0001816 0.00017105 0.00018135 0.0001826
1 0.00013225 0.0001786 0.0001684 0.0001661 0.0001702 0.0001326 0.00016465 0.00014755 0.0001771 0.00012665 0.00017225 0.00018865 0.0001659 0.0001674 0.0001686 0.00016965 0.0001528 0.0001285 0.0001602 0.00017325 0.0001585 0.0001547 0.0001311 0.00014895 0.00014785 8.93e-05 0.000149 0.0001584 0.00016755 0.0001518 0.0001218 0.0001234 0.0001096 0.00013065 0.00013285 0.000127 0.00014145 0.000177 0.00014595 0.00016435 0.0001679 0.0001718 0.0001794 0.00013895 0.0001742 0.0001482 0.00014975 0.0001703 0.00018005 0.00017805 0.0001491 0.0001732 0.0001758 0.0001413 0.00016745 0.00017325 0.00014085 0.00015645 0.00016965 0.00017375 0.0001344
2 0.00018345 0.0001684 0.0001548 0.0001697 0.0001635 0.00017645 0.0001622 0.00016365 0.00017865 0.0001756 0.00015875 0.00018515 0.00016385 0.0001193 0.00017595 0.00015875 0.0001673 0.00017685 0.00012345 0.00016605 0.0001658 0.0001666 0.0001539 0.00017785 0.00016685 0.0001706 0.0001763 0.00017035 0.0001559 0.00018365 0.0001715 0.0001657 0.00017435 0.00017665 0.00017165 0.0001693 0.00016235 0.00017225 0.00012435 0.00017415 0.00016715 0.00016065 0.0001783 0.00017065 0.0001733 0.0001665 0.0001678 0.0001679 0.00017545 0.00017195 0.00016305 0.0001786 0.00017555 0.00017105 0.0001129 0.0001662 0.00016775 0.00017525 0.0001523 0.00015895 0.00012155
3 0.0001678 0.0001661 0.0001697 0.0001647 0.00017045 0.0001704 0.00013055 0.00016755 0.0001781 0.00016235 0.00017425 0.00019705 0.00016425 0.00016595 0.0001701 0.0001726 0.00017765 0.00011885 0.0001713 0.00017275 0.0001771 0.000171 0.00017765 0.00017885 0.00013475 0.0001561 0.0001836 0.0001741 0.0001638 0.0001814 0.0001525 0.00016775 0.0001662 0.00016975 0.0001774 0.000167 0.0001649 0.00012965 0.000171 0.00017675 0.00017275 0.0001743 0.00016 0.0001732 0.000175 0.00017965 0.00017565 0.0001468 0.00016975 0.0001606 0.000178 0.00017065 0.0001414 0.0001701 0.0001717 0.00017305 0.0001764 0.0001932 0.0001783 0.000176 0.00017195
4 0.0001769 0.0001702 0.0001635 0.00017045 0.0001621 0.00017595 0.00016535 0.00016845 0.0001792 0.00016055 0.000167 0.00018085 0.0001695 0.0001685 0.00016455 0.0001717 0.00012665 0.0001711 0.0001727 0.000129 0.00015425 0.0001694 0.0001695 0.0001725 0.0001716 0.00017265 0.0001807 0.0001657 0.00017235 0.00018415 0.00016925 0.00016925 0.00017655 0.00017215 0.00016405 0.00016595 0.0001742 0.0001755 0.00017555 0.0001719 0.0001678 0.00012545 0.00017135 0.00017595 0.0001599 0.00012665 0.00013975 0.00014835 0.0001734 0.000177 0.00017875 0.00017455 0.0001753 0.0001465 0.00017025 0.000169 0.00013645 0.0001723 0.0001734 0.00013425 0.0001723
5 0.0001485 0.0001326 0.00017645 0.0001704 0.00017595 0.0001554 0.0001649 0.00014755 0.00017915 0.00013775 0.00017865 0.0001967 0.00016615 0.0001647 0.0001767 0.000174 0.0001667 0.0001412 0.0001203 0.0001757 0.0001551 0.0001536 0.0001652 0.00016405 0.0001625 0.00013905 0.0001727 0.000148 0.00016625 0.0001599 0.00013845 0.00013565 0.0001303 0.00011225 0.0001622 0.00013565 0.00016515 0.00018465 0.0001557 0.0001626 0.0001637 0.0001787 0.0001779 0.0001728 0.0001715 0.00016355 0.00016185 0.00017305 0.0001862 0.0001823 0.00016515 0.00017885 0.0001781 0.00015415 0.00017 0.0001733 0.00016215 0.00017435 0.00017925 0.00017845 0.00015355
6 0.00016925 0.00016465 0.0001622 0.00013055 0.00016535 0.0001649 0.0001766 0.0001704 0.00018085 0.0001585 0.00016885 0.00019445 0.0001661 0.00015235 0.0001697 0.0001621 0.0001764 0.0001659 0.00016195 0.00017405 0.0001581 0.00017525 0.0001713 0.000174 0.0001334 0.000163 0.00018415 0.00017335 0.0001706 0.00018335 0.00016565 0.00016475 0.00016585 0.00015835 0.0001714 0.0001236 0.0001631 0.00013895 0.00016475 0.00017195 0.00016975 0.00016975 0.00015585 0.00017135 0.00017065 0.00016715 0.00016665 0.00014425 0.00016885 0.0001615 0.0001749 0.00017145 0.0001524 0.00016515 0.00016455 0.00016585 0.0001761 0.00018865 0.00017425 0.00017585 0.00016465
7 0.0001519 0.00014755 0.00016365 0.00016755 0.00016845 0.00014755 0.0001704 0.0001721 0.0001556 0.0001455 0.0001497 0.00017715 0.00015755 0.000161 0.00016915 0.00012255 0.00016775 0.00015025 0.0001587 0.0001581 0.00016215 0.0001313 0.00016005 0.00016075 0.0001711 0.00015035 0.0001669 0.0001332 0.0001523 0.000149 0.00015915 0.0001391 0.0001522 0.00015435 0.00016925 0.00015305 0.00016825 0.0001698 0.0001659 0.0001594 0.0001178 0.00016815 0.00017445 0.0001682 0.0001675 0.00017245 0.00017145 0.00017685 0.0001578 0.0001649 0.0001284 0.0001649 0.00016745 0.00016585 0.00016175 0.00015945 0.0001655 0.0001706 0.00012325 0.0001604 0.0001667
8 0.000181 0.0001771 0.00017865 0.0001781 0.0001792 0.00017915 0.00018085 0.0001556 0.0001733 0.0001776 0.00017875 0.00013485 0.00017335 0.000185 0.0001705 0.0001844 0.0001746 0.0001822 0.00017745 0.00017735 0.0001759 0.00013095 0.00017515 0.00016455 0.0001712 0.00018375 0.00017935 0.0001577 0.000144 0.0001842 0.0001757 0.0001666 0.00018445 0.0001851 0.0001767 0.0001849 0.0001804 0.0001728 0.0001807 0.00018295 0.0001802 0.0001777 0.00018095 0.0001807 0.00017635 0.00017115 0.00017345 0.0001813 0.00018425 0.0001837 0.00017975 0.0001713 0.0001761 0.00018445 0.00017805 0.0001911 0.00018195 0.0001748 0.0001774 0.00018245 0.0001774
9 0.00013205 0.00012665 0.0001756 0.00016235 0.00016055 0.00013775 0.0001585 0.0001455 0.0001776 0.0001597 0.0001701 0.0001845 0.0001633 0.0001653 0.00016155 0.00016555 0.0001627 0.0001201 0.00016105 0.000161 0.0001478 0.0001488 0.0001706 0.0001536 0.0001689 0.0001032 0.00017075 0.0001439 0.00016615 0.00015315 0.0001602 0.00014535 0.00013375 0.00012585 0.00017355 0.0001162 0.00017965 0.00017935 0.00017915 0.0001655 0.0001669 0.0001751 0.0001807 0.0001744 0.0001704 0.0001709 0.0001789 0.00017415 0.00017385 0.00017925 0.00018035 0.0001703 0.0001776 0.00013825 0.0001693 0.00016535 0.0001693 0.0001757 0.0001695 0.00016145 0.000177
10 0.0001763 0.00017225 0.00015875 0.00017425 0.000167 0.00017865 0.00016885 0.0001497 0.00017875 0.0001701 0.0001581 0.00017855 0.00016945 0.00015505 0.0001737 0.0001476 0.0001719 0.00017225 0.000163 0.0001637 0.0001708 0.000177 0.0001229 0.00017715 0.0001813 0.0001757 0.00017095 0.00016835 0.00012445 0.00017025 0.00016375 0.0001574 0.0001632 0.0001716 0.0001682 0.0001668 0.00014285 0.00017755 0.0001479 0.000147 0.0001551 0.0001677 0.00017915 0.000176 0.0001692 0.00017555 0.00015975 0.00018425 0.00013215 0.0001512 0.0001416 0.0001696 0.00018355 0.0001789 0.00011315 0.00013835 0.0001662 0.0001755 0.0001057 0.000119 0.00016025
11 0.0001889 0.00018865 0.00018515 0.00019705 0.00018085 0.0001967 0.00019445 0.00017715 0.00013485 0.0001845 0.00017855 0.0001947 0.000184 0.00018765 0.0001776 0.00017995 0.00017975 0.0001942 0.00019145 0.0001829 0.00017675 0.00016315 0.00018595 0.0001715 0.0001895 0.0001956 0.000179 0.0001795 0.000186 0.00017795 0.00019505 0.0001874 0.0001928 0.0001939 0.0001832 0.00019155 0.00019105 0.00018635 0.00019035 0.00018195 0.00018195 0.00017925 0.0001878 0.00018765 0.00018265 0.00018115 0.00018275 0.00018745 0.0001802 0.0001917 0.00018285 0.00017515 0.00019575 0.00019165 0.0001878 0.00018855 0.00018825 0.00013875 0.00018005 0.0001851 0.0001908
12 0.0001717 0.0001659 0.00016385 0.00016425 0.0001695 0.00016615 0.0001661 0.00015755 0.00017335 0.0001633 0.00016945 0.000184 0.0001772 0.00016485 0.00017355 0.00016425 0.0001667 0.0001608 0.00016555 0.0001309 0.00017565 0.0001636 0.00016955 0.00016715 0.00016825 0.00016775 0.0001686 0.0001613 0.00015795 0.00017245 0.00015795 0.00016295 0.00016665 0.00016775 0.0001729 0.0001626 0.00017 0.00018165 0.00016585 0.0001692 0.00016665 0.00016575 0.0001766 0.0001762 0.000133 0.0001689 0.00017215 0.0001766 0.00017605 0.00017765 0.00016635 0.0001773 0.0001645 0.00017095 0.00016605 0.0001737 0.00017115 0.0001768 0.0001654 0.0001718 0.00016525
13 0.0001772 0.0001674 0.0001193 0.00016595 0.0001685 0.0001647 0.00015235 0.000161 0.000185 0.0001653 0.00015505 0.00018765 0.00016485 0.0001591 0.0001798 0.0001193 0.00017385 0.0001678 0.00011995 0.00017035 0.00013285 0.0001704 0.00015915 0.0001856 0.00017095 0.00016555 0.0001812 0.00016565 0.0001578 0.00017895 0.00016595 0.00016395 0.00016705 0.00016415 0.00017435 0.00015415 0.0001652 0.00017385 0.0001247 0.00016625 0.00016225 0.00016615 0.00017545 0.00017295 0.00017495 0.0001757 0.00017005 0.0001654 0.0001688 0.00017025 0.0001648 0.0001819 0.0001732 0.000164 0.00011365 0.00012365 0.0001699 0.00018115 0.00015335 0.0001584 0.000125
14 0.00017565 0.0001686 0.00017595 0.0001701 0.00016455 0.0001767 0.0001697 0.00016915 0.0001705 0.00016155 0.0001737 0.0001776 0.00017355 0.0001798 0.0001854 0.00018065 0.0001718 0.0001682 0.000175 0.00017265 0.00017375 0.00016495 0.00017555 0.00015255 0.0001685 0.0001623 0.00017825 0.0001709 0.0001717 0.0001833 0.00017705 0.0001642 0.0001704 0.000173 0.00017185 0.00016775 0.00017265 0.00016975 0.000178 0.00017015 0.0001779 0.00015945 0.00017085 0.0001673 0.00016925 0.00016405 0.00016695 0.00016835 0.0001654 0.00017525 0.00017885 0.0001404 0.0001733 0.00016555 0.00017615 0.00017985 0.0001758 0.000175 0.00017695 0.00017525 0.00017655
15 0.00016695 0.00016965 0.00015875 0.0001726 0.0001717 0.000174 0.0001621 0.00012255 0.0001844 0.00016555 0.0001476 0.00017995 0.00016425 0.0001193 0.00018065 0.0001549 0.0001787 0.00016985 0.0001663 0.00016405 0.00014005 0.00017355 0.0001676 0.0001848 0.00018035 0.0001676 0.0001746 0.0001709 0.00017235 0.00016105 0.0001724 0.0001682 0.00016815 0.000176 0.0001745 0.0001593 0.0001723 0.00017385 0.00016645 0.0001637 0.00011875 0.00017065 0.000173 0.0001723 0.0001689 0.00018335 0.0001748 0.0001703 0.00015225 0.0001676 0.0001257 0.0001778 0.00017365 0.00016605 0.0001608 0.00012045 0.00017155 0.0001838 0.0001189 0.00016255 0.00016965
16 0.0001775 0.0001528 0.0001673 0.00017765 0.00012665 0.0001667 0.0001764 0.00016775 0.0001746 0.0001627 0.0001719 0.00017975 0.0001667 0.00017385 0.0001718 0.0001787 0.0001807 0.0001738 0.0001716 0.00013455 0.00017565 0.00016445 0.00014635 0.0001298 0.0001378 0.0001791 0.0001373 0.00016825 0.00016635 0.00017545 0.000155 0.0001546 0.0001633 0.0001753 0.0001501 0.0001725 0.0001623 0.0001842 0.00015835 0.00016555 0.00017395 0.0001688 0.00018055 0.0001552 0.00016835 0.00012665 0.00015735 0.00017915 0.0001807 0.0001784 0.0001631 0.00017615 0.0001779 0.0001815 0.00016585 0.00017395 0.0001257 0.0001321 0.00017065 0.00013435 0.00015705
17 0.00012945 0.0001285 0.00017685 0.00011885 0.0001711 0.0001412 0.0001659 0.00015025 0.0001822 0.0001201 0.00017225 0.0001942 0.0001608 0.0001678 0.0001682 0.00016985 0.0001738 0.000156 0.000165 0.00017465 0.0001589 0.00015865 0.0001769 0.0001734 0.0001703 9.91e-05 0.0001698 0.00016165 0.00016225 0.0001526 0.0001409 0.000148 0.00013015 0.0001281 0.00018175 0.00012505 0.0001803 0.00017085 0.00017565 0.00016975 0.00016895 0.00017565 0.00018375 0.00018125 0.0001821 0.0001779 0.0001795 0.0001721 0.00017655 0.00017815 0.0001786 0.00017215 0.0001603 0.0001389 0.000172 0.00016995 0.00017715 0.0001849 0.000174 0.00017235 0.00017665
18 0.00017595 0.0001602 0.00012345 0.0001713 0.0001727 0.0001203 0.00016195 0.0001587 0.00017745 0.00016105 0.000163 0.00019145 0.00016555 0.00011995 0.000175 0.0001663 0.0001716 0.000165 0.0001564 0.0001734 0.00015965 0.00016125 0.00015875 0.00017905 0.00017045 0.0001612 0.0001767 0.0001561 0.0001538 0.00017515 0.000164 0.00016035 0.000166 0.0001368 0.000168 0.0001556 0.00017095 0.00018355 0.00012675 0.0001647 0.00016055 0.0001731 0.0001769 0.00017175 0.0001734 0.0001724 0.00017345 0.0001733 0.00017595 0.0001748 0.0001727 0.00017835 0.0001768 0.00016525 0.000116 0.0001649 0.0001718 0.0001798 0.0001623 0.0001631 0.00012455
19 0.00018095 0.00017325 0.00016605 0.00017275 0.000129 0.0001757 0.00017405 0.0001581 0.00017735 0.000161 0.0001637 0.0001829 0.0001309 0.00017035 0.00017265 0.00016405 0.00013455 0.00017465 0.0001734 0.0001714 0.00017345 0.0001686 0.00016535 0.0001739 0.0001759 0.00017985 0.00017815 0.0001633 0.00016565 0.00017865 0.0001696 0.00016665 0.00017745 0.0001774 0.0001648 0.0001759 0.00017055 0.00018225 0.00017205 0.00017145 0.00016485 0.00016245 0.00017375 0.0001739 0.0001241 0.00017055 0.00017065 0.0001799 0.0001722 0.00017755 0.0001665 0.0001767 0.0001796 0.0001766 0.0001659 0.0001711 0.00012855 0.00017735 0.00015955 0.0001245 0.0001698
20 0.0001582 0.0001585 0.0001658 0.0001771 0.00015425 0.0001551 0.0001581 0.00016215 0.0001759 0.0001478 0.0001708 0.00017675 0.00017565 0.00013285 0.00017375 0.00014005 0.00017565 0.0001589 0.00015965 0.00017345 0.0001635 0.00016195 0.000175 0.00018015 0.0001772 0.0001542 0.0001807 0.0001668 0.0001695 0.00016465 0.00017055 0.00016425 0.00016115 0.0001464 0.00017575 0.00013985 0.0001819 0.00018475 0.00017145 0.00017925 0.00017245 0.0001573 0.0001776 0.00017395 0.00017185 0.00015885 0.00015565 0.00014685 0.0001697 0.00018555 0.00017885 0.00016905 0.00017885 0.00013565 0.00016425 0.00014775 0.0001771 0.0001796 0.0001714 0.00017285 0.00016835
21 0.0001648 0.0001547 0.0001666 0.000171 0.0001694 0.0001536 0.00017525 0.0001313 0.00013095 0.0001488 0.000177 0.00016315 0.0001636 0.0001704 0.00016495 0.00017355 0.00016445 0.00015865 0.00016125 0.0001686 0.00016195 0.0001702 0.00016835 0.0001558 0.00016485 0.0001569 0.0001773 0.00013155 0.0001463 0.00017515 0.00016505 0.0001398 0.00016005 0.0001619 0.000174 0.00016285 0.0001717 0.0001738 0.0001695 0.0001602 0.0001666 0.0001718 0.00017975 0.00017535 0.00017375 0.00016435 0.00016655 0.00017735 0.00018395 0.00017595 0.00017285 0.00017155 0.00016965 0.00017095 0.0001684 0.00017645 0.00017215 0.0001646 0.0001715 0.00017315 0.00016725
22 0.0001759 0.0001311 0.0001539 0.00017765 0.0001695 0.0001652 0.0001713 0.00016005 0.00017515 0.0001706 0.0001229 0.00018595 0.00016955 0.00015915 0.00017555 0.0001676 0.00014635 0.0001769 0.00015875 0.00016535 0.000175 0.00016835 0.0001641 0.00014955 0.00015445 0.0001594 0.0001499 0.00016975 0.00012055 0.0001719 0.0001281 0.0001307 0.0001399 0.00017455 0.0001284 0.0001705 0.0001089 0.00018175 0.00012115 0.00014575 0.00017165 0.00017225 0.00017955 0.0001366 0.0001705 0.0001501 0.00013815 0.00018205 0.0001774 0.0001543 0.0001307 0.00017395 0.0001797 0.000183 0.0001124 0.00014995 0.00013225 0.00015375 0.0001208 0.00012335 0.00012115
23 0.00017275 0.00014895 0.00017785 0.00017885 0.0001725 0.00016405 0.000174 0.00016075 0.00016455 0.0001536 0.00017715 0.0001715 0.00016715 0.0001856 0.00015255 0.0001848 0.0001298 0.0001734 0.00017905 0.0001739 0.00018015 0.0001558 0.00014955 0.0001668 0.00013315 0.000177 0.0001343 0.00015875 0.00016885 0.00017035 0.000158 0.0001508 0.0001586 0.00017475 0.0001538 0.0001685 0.00015845 0.00016605 0.00016255 0.0001588 0.00017515 0.00016315 0.0001833 0.0001543 0.00017395 0.0001261 0.00015595 0.00017515 0.00018185 0.0001787 0.0001624 0.0001489 0.0001786 0.00018465 0.00017625 0.0001819 0.0001621 0.0001249 0.0001754 0.00017715 0.00016105
24 0.00017245 0.00014785 0.00016685 0.00013475 0.0001716 0.0001625 0.0001334 0.0001711 0.0001712 0.0001689 0.0001813 0.0001895 0.00016825 0.00017095 0.0001685 0.00018035 0.0001378 0.0001703 0.00017045 0.0001759 0.0001772 0.00016485 0.00015445 0.00013315 0.000191 0.00016725 0.00014415 0.00017195 0.00017075 0.0001827 0.00015475 0.00015315 0.00015645 0.000173 0.00015155 0.0001689 0.00014865 0.0001386 0.0001553 0.0001732 0.0001787 0.0001735 0.0001619 0.00014995 0.0001698 0.0001293 0.0001546 0.00014925 0.00017675 0.0001663 0.0001646 0.00016925 0.00016035 0.00017445 0.00017205 0.0001802 0.000165 0.00014375 0.0001814 0.00018305 0.00015385
25 0.00011515 8.93e-05 0.0001706 0.0001561 0.00017265 0.00013905 0.000163 0.00015035 0.00018375 0.0001032 0.0001757 0.0001956 0.00016775 0.00016555 0.0001623 0.0001676 0.0001791 9.91e-05 0.0001612 0.00017985 0.0001542 0.0001569 0.0001594 0.000177 0.00016725 7.84e-05 0.0001697 0.00015975 0.0001716 0.0001554 0.00013675 0.0001325 0.00010465 0.00011285 0.0001588 0.00010595 0.00016135 0.00017145 0.0001673 0.00017125 0.00016975 0.00017555 0.0001808 0.00016385 0.00018045 0.00017445 0.00017105 0.00016635 0.0001801 0.0001803 0.00017025 0.0001732 0.00017535 0.000113 0.00017195 0.0001719 0.0001622 0.00018495 0.00017395 0.00017825 0.00015575
26 0.00017485 0.000149 0.0001763 0.0001836 0.0001807 0.0001727 0.00018415 0.0001669 0.00017935 0.00017075 0.00017095 0.000179 0.0001686 0.0001812 0.00017825 0.0001746 0.0001373 0.0001698 0.0001767 0.00017815 0.0001807 0.0001773 0.0001499 0.0001343 0.00014415 0.0001697 0.0001832 0.0001802 0.0001742 0.00013175 0.00015845 0.0001602 0.00015735 0.00017615 0.0001545 0.0001703 0.00016325 0.0001928 0.0001599 0.0001745 0.0001673 0.00017905 0.0001911 0.00015085 0.0001771 0.000135 0.00016065 0.00018925 0.00017185 0.00018715 0.00015395 0.0001744 0.00018925 0.0001792 0.00017225 0.0001802 0.0001655 0.0001336 0.0001656 0.0001763 0.0001613
27 0.000169 0.0001584 0.00017035 0.0001741 0.0001657 0.000148 0.00017335 0.0001332 0.0001577 0.0001439 0.00016835 0.0001795 0.0001613 0.00016565 0.0001709 0.0001709 0.00016825 0.00016165 0.0001561 0.0001633 0.0001668 0.00013155 0.00016975 0.00015875 0.00017195 0.00015975 0.0001802 0.0001712 0.0001523 0.00017345 0.00016655 0.0001458 0.0001629 0.00015935 0.0001703 0.00016085 0.00017455 0.0001775 0.0001712 0.00016645 0.00016265 0.00015375 0.00017485 0.00017775 0.00016555 0.00016845 0.00017385 0.0001796 0.0001763 0.0001727 0.0001774 0.0001732 0.0001733 0.00017135 0.00016735 0.0001671 0.0001716 0.00016645 0.00017255 0.00016875 0.00017005
28 0.0001751 0.00016755 0.0001559 0.0001638 0.00017235 0.00016625 0.0001706 0.0001523 0.000144 0.00016615 0.00012445 0.000186 0.00015795 0.0001578 0.0001717 0.00017235 0.00016635 0.00016225 0.0001538 0.00016565 0.0001695 0.0001463 0.00012055 0.00016885 0.00017075 0.0001716 0.0001742 0.0001523 0.0001558 0.0001799 0.0001512 0.00013865 0.0001616 0.0001683 0.00017075 0.000169 0.00014255 0.00017555 0.00014665 0.00014935 0.00017935 0.0001752 0.00017465 0.0001742 0.0001723 0.0001721 0.0001646 0.0001801 0.00017805 0.0001494 0.0001616 0.0001706 0.0001615 0.00017655 0.00011005 0.0001507 0.0001668 0.0001761 0.00012455 0.0001216 0.0001551
29 0.00013365 0.0001518 0.00018365 0.0001814 0.00018415 0.0001599 0.00018335 0.000149 0.0001842 0.00015315 0.00017025 0.00017795 0.00017245 0.00017895 0.0001833 0.00016105 0.00017545 0.0001526 0.00017515 0.00017865 0.00016465 0.00017515 0.0001719 0.00017035 0.0001827 0.0001554 0.00013175 0.00017345 0.0001799 0.0001857 0.00016555 0.00016695 0.0001575 0.0001558 0.00017435 0.0001545 0.0001806 0.00019105 0.00018005 0.00016395 0.0001528 0.00018155 0.0001894 0.0001638 0.0001813 0.00017935 0.00018355 0.0001857 0.0001621 0.0001811 0.0001631 0.00017285 0.0001888 0.0001689 0.0001795 0.00017065 0.00017835 0.0001724 0.00016155 0.0001769 0.0001808
30 0.00015975 0.0001218 0.0001715 0.0001525 0.00016925 0.00013845 0.00016565 0.00015915 0.0001757 0.0001602 0.00016375 0.00019505 0.00015795 0.00016595 0.00017705 0.0001724 0.000155 0.0001409 0.000164 0.0001696 0.00017055 0.00016505 0.0001281 0.000158 0.00015475 0.00013675 0.00015845 0.00016655 0.0001512 0.00016555 0.0001716 0.00012415 0.00011835 0.0001547 0.0001365 0.000154 0.00012455 0.00018015 0.0001251 0.0001611 0.00017485 0.00016855 0.0001764 0.00014615 0.00017295 0.00015465 0.0001317 0.00017235 0.00018175 0.00017 0.00013265 0.0001785 0.00015625 0.00016365 0.00015865 0.0001675 0.00012725 0.0001696 0.00016505 0.0001633 0.00012245
31 0.00015525 0.0001234 0.0001657 0.00016775 0.00016925 0.00013565 0.00016475 0.0001391 0.0001666 0.00014535 0.0001574 0.0001874 0.00016295 0.00016395 0.0001642 0.0001682 0.0001546 0.000148 0.00016035 0.00016665 0.00016425 0.0001398 0.0001307 0.0001508 0.00015315 0.0001325 0.0001602 0.0001458 0.00013865 0.00016695 0.00012415 0.0001805 0.00010895 0.00014575 0.00014675 0.00014495 0.00012795 0.00017815 0.0001248 0.0001538 0.0001711 0.0001689 0.0001741 0.0001544 0.0001685 0.0001535 0.00013065 0.0001748 0.00018105 0.00016425 0.00013 0.0001716 0.00016865 0.0001624 0.0001508 0.0001616 0.00014015 0.00015865 0.000155 0.0001565 0.0001343
32 0.00013755 0.0001096 0.00017435 0.0001662 0.00017655 0.0001303 0.00016585 0.0001522 0.00018445 0.00013375 0.0001632 0.0001928 0.00016665 0.00016705 0.0001704 0.00016815 0.0001633 0.00013015 0.000166 0.00017745 0.00016115 0.00016005 0.0001399 0.0001586 0.00015645 0.00010465 0.00015735 0.0001629 0.0001616 0.0001575 0.00011835 0.00010895 0.0001903 0.00013345 0.0001506 0.00012975 0.0001349 0.00018055 0.00013085 0.00015925 0.00017235 0.0001745 0.00018065 0.0001575 0.0001752 0.0001585 0.0001349 0.0001741 0.00018075 0.0001719 0.0001329 0.000173 0.0001759 0.00014585 0.00016115 0.0001636 0.0001481 0.0001656 0.0001622 0.00016875 0.00014035
33 0.000139 0.00013065 0.00017665 0.00016975 0.00017215 0.00011225 0.00015835 0.00015435 0.0001851 0.00012585 0.0001716 0.0001939 0.00016775 0.00016415 0.000173 0.000176 0.0001753 0.0001281 0.0001368 0.0001774 0.0001464 0.0001619 0.00017455 0.00017475 0.000173 0.00011285 0.00017615 0.00015935 0.0001683 0.0001558 0.0001547 0.00014575 0.00013345 0.0001526 0.0001749 0.00011665 0.00018155 0.00018275 0.0001695 0.0001624 0.0001692 0.000176 0.00017785 0.0001823 0.0001773 0.00017345 0.00017685 0.0001742 0.0001793 0.0001819 0.0001815 0.00016875 0.0001765 0.00014205 0.00016575 0.0001764 0.00017585 0.00018105 0.00017755 0.0001741 0.00016735
34 0.00017765 0.00013285 0.00017165 0.0001774 0.00016405 0.0001622 0.0001714 0.00016925 0.0001767 0.00017355 0.0001682 0.0001832 0.0001729 0.00017435 0.00017185 0.0001745 0.0001501 0.00018175 0.000168 0.0001648 0.00017575 0.000174 0.0001284 0.0001538 0.00015155 0.0001588 0.0001545 0.0001703 0.00017075 0.00017435 0.0001365 0.00014675 0.0001506 0.0001749 0.0001704 0.0001757 0.00013835 0.0001799 0.00014435 0.00017195 0.0001702 0.0001668 0.0001317 0.0001315 0.0001261 0.00014495 0.00014245 0.0001723 0.00017125 0.0001755 0.0001453 0.0001723 0.00017995 0.0001723 0.0001698 0.00017675 0.00013015 0.0001556 0.0001699 0.00016715 0.00013265
35 0.00013085 0.000127 0.0001693 0.000167 0.00016595 0.00013565 0.0001236 0.00015305 0.0001849 0.0001162 0.0001668 0.00019155 0.0001626 0.00015415 0.00016775 0.0001593 0.0001725 0.00012505 0.0001556 0.0001759 0.00013985 0.00016285 0.0001705 0.0001685 0.0001689 0.00010595 0.0001703 0.00016085 0.000169 0.0001545 0.000154 0.00014495 0.00012975 0.00011665 0.0001757 0.0001632 0.00017845 0.0001801 0.00016935 0.0001649 0.0001659 0.00017105 0.00017955 0.00017935 0.0001777 0.00016535 0.00017045 0.0001695 0.0001756 0.000179 0.00017545 0.0001729 0.00017125 0.0001339 0.0001648 0.0001627 0.0001768 0.0001803 0.0001699 0.00017215 0.0001693
36 0.0001816 0.00014145 0.00016235 0.0001649 0.0001742 0.00016515 0.0001631 0.00016825 0.0001804 0.00017965 0.00014285 0.00019105 0.00017 0.0001652 0.00017265 0.0001723 0.0001623 0.0001803 0.00017095 0.00017055 0.0001819 0.0001717 0.0001089 0.00015845 0.00014865 0.00016135 0.00016325 0.00017455 0.00014255 0.0001806 0.00012455 0.00012795 0.0001349 0.00018155 0.00013835 0.00017845 0.0001754 0.0001661 0.00012145 0.0001524 0.00017825 0.0001669 0.00018135 0.0001487 0.0001697 0.0001576 0.0001303 0.00017965 0.0001826 0.0001601 0.00012965 0.00017705 0.00018335 0.00018375 0.0001361 0.0001543 0.00013285 0.0001669 0.00014315 0.00014735 0.00012145
37 0.0001752 0.000177 0.00017225 0.00012965 0.0001755 0.00018465 0.00013895 0.0001698 0.0001728 0.00017935 0.00017755 0.00018635 0.00018165 0.00017385 0.00016975 0.00017385 0.0001842 0.00017085 0.00018355 0.00018225 0.00018475 0.0001738 0.00018175 0.00016605 0.0001386 0.00017145 0.0001928 0.0001775 0.00017555 0.00019105 0.00018015 0.00017815 0.00018055 0.00018275 0.0001799 0.0001801 0.0001661 0.000181 0.00018235 0.00017015 0.0001721 0.0001713 0.00016115 0.0001796 0.0001777 0.0001777 0.0001809 0.00014445 0.00017535 0.00016315 0.00018175 0.00015965 0.00016225 0.00017825 0.00017945 0.00017695 0.00018625 0.00018575 0.0001794 0.00018515 0.0001804
38 0.00018245 0.00014595 0.00012435 0.000171 0.00017555 0.0001557 0.00016475 0.0001659 0.0001807 0.00017915 0.0001479 0.00019035 0.00016585 0.0001247 0.000178 0.00016645 0.00015835 0.00017565 0.00012675 0.00017205 0.00017145 0.0001695 0.00012115 0.00016255 0.0001553 0.0001673 0.0001599 0.0001712 0.00014665 0.00018005 0.0001251 0.0001248 0.00013085 0.0001695 0.00014435 0.00016935 0.00012145 0.00018235 0.0001626 0.000162 0.00017535 0.00016945 0.00017865 0.00014875 0.0001718 0.0001564 0.0001268 0.0001762 0.00017545 0.00016625 0.00012345 0.00017565 0.0001756 0.00018075 0.00010605 0.00016025 0.00013915 0.0001628 0.00014775 0.0001543 9.075e-05
39 0.0001608 0.00016435 0.00017415 0.00017675 0.0001719 0.0001626 0.00017195 0.0001594 0.00018295 0.0001655 0.000147 0.00018195 0.0001692 0.00016625 0.00017015 0.0001637 0.00016555 0.00016975 0.0001647 0.00017145 0.00017925 0.0001602 0.00014575 0.0001588 0.0001732 0.00017125 0.0001745 0.00016645 0.00014935 0.00016395 0.0001611 0.0001538 0.00015925 0.0001624 0.00017195 0.0001649 0.0001524 0.00017015 0.000162 0.0001876 0.0001559 0.0001753 0.00018 0.0001752 0.00017755 0.00017295 0.0001693 0.00017435 0.0001764 0.00013655 0.00016055 0.0001671 0.00017645 0.00018085 0.00014965 0.00012765 0.00017065 0.00016595 0.00014705 0.00014845 0.0001717
40 0.0001654 0.0001679 0.00016715 0.00017275 0.0001678 0.0001637 0.00016975 0.0001178 0.0001802 0.0001669 0.0001551 0.00018195 0.00016665 0.00016225 0.0001779 0.00011875 0.00017395 0.00016895 0.00016055 0.00016485 0.00017245 0.0001666 0.00017165 0.00017515 0.0001787 0.00016975 0.0001673 0.00016265 0.00017935 0.0001528 0.00017485 0.0001711 0.00017235 0.0001692 0.0001702 0.0001659 0.00017825 0.0001721 0.00017535 0.0001559 0.0001704 0.00017045 0.00017465 0.0001609 0.0001679 0.00017715 0.0001769 0.00017765 0.0001443 0.00017235 0.00013295 0.000172 0.0001779 0.00017475 0.00017295 0.00015925 0.0001728 0.00017955 0.0001294 0.00016925 0.00017635
41 0.00017775 0.0001718 0.00016065 0.0001743 0.00012545 0.0001787 0.00016975 0.00016815 0.0001777 0.0001751 0.0001677 0.00017925 0.00016575 0.00016615 0.00015945 0.00017065 0.0001688 0.00017565 0.0001731 0.00016245 0.0001573 0.0001718 0.00017225 0.00016315 0.0001735 0.00017555 0.00017905 0.00015375 0.0001752 0.00018155 0.00016855 0.0001689 0.0001745 0.000176 0.0001668 0.00017105 0.0001669 0.0001713 0.00016945 0.0001753 0.00017045 0.0001743 0.00017375 0.0001753 0.0001599 0.0001305 0.00013765 0.00015275 0.0001707 0.0001781 0.0001747 0.000165 0.0001767 0.00014855 0.00017095 0.00017055 0.0001698 0.00017265 0.0001754 0.0001736 0.000167
42 0.00018365 0.0001794 0.0001783 0.00016 0.00017135 0.0001779 0.00015585 0.00017445 0.00018095 0.0001807 0.00017915 0.0001878 0.0001766 0.00017545 0.00017085 0.000173 0.00018055 0.00018375 0.0001769 0.00017375 0.0001776 0.00017975 0.00017955 0.0001833 0.0001619 0.0001808 0.0001911 0.00017485 0.00017465 0.0001894 0.0001764 0.0001741 0.00018065 0.00017785 0.0001317 0.00017955 0.00018135 0.00016115 0.00017865 0.00018 0.00017465 0.00017375 0.0001763 0.0001691 0.00013235 0.00017825 0.0001759 0.00015415 0.00016865 0.0001384 0.0001763 0.0001708 0.0001344 0.00017195 0.0001817 0.00018 0.0001723 0.0001863 0.0001792 0.00017745 0.0001764
43 0.00017425 0.00013895 0.00017065 0.0001732 0.00017595 0.0001728 0.00017135 0.0001682 0.0001807 0.0001744 0.000176 0.00018765 0.0001762 0.00017295 0.0001673 0.0001723 0.0001552 0.00018125 0.00017175 0.0001739 0.00017395 0.00017535 0.0001366 0.0001543 0.00014995 0.00016385 0.00015085 0.00017775 0.0001742 0.0001638 0.00014615 0.0001544 0.0001575 0.0001823 0.0001315 0.00017935 0.0001487 0.0001796 0.00014875 0.0001752 0.0001609 0.0001753 0.0001691 0.0001904 0.00016875 0.00015375 0.0001521 0.0001718 0.00013455 0.00017335 0.00014845 0.0001686 0.0001728 0.00018335 0.00017165 0.0001785 0.0001452 0.00016035 0.00017095 0.00017815 0.00013855
44 0.0001815 0.0001742 0.0001733 0.000175 0.0001599 0.0001715 0.00017065 0.0001675 0.00017635 0.0001704 0.0001692 0.00018265 0.000133 0.00017495 0.00016925 0.0001689 0.00016835 0.0001821 0.0001734 0.0001241 0.00017185 0.00017375 0.0001705 0.00017395 0.0001698 0.00018045 0.0001771 0.00016555 0.0001723 0.0001813 0.00017295 0.0001685 0.0001752 0.0001773 0.0001261 0.0001777 0.0001697 0.0001777 0.0001718 0.00017755 0.0001679 0.0001599 0.00013235 0.00016875 0.0001708 0.00016345 0.00016275 0.00017265 0.0001674 0.000179 0.00016655 0.0001702 0.00018235 0.000169 0.0001745 0.0001769 0.0001637 0.0001783 0.0001684 0.00016845 0.0001696
45 0.0001745 0.0001482 0.0001665 0.00017965 0.00012665 0.00016355 0.00016715 0.00017245 0.00017115 0.0001709 0.00017555 0.00018115 0.0001689 0.0001757 0.00016405 0.00018335 0.00012665 0.0001779 0.0001724 0.00017055 0.00015885 0.00016435 0.0001501 0.0001261 0.0001293 0.00017445 0.000135 0.00016845 0.0001721 0.00017935 0.00015465 0.0001535 0.0001585 0.00017345 0.00014495 0.00016535 0.0001576 0.0001777 0.0001564 0.00017295 0.00017715 0.0001305 0.00017825 0.00015375 0.00016345 0.0001638 0.0001183 0.00015115 0.00017915 0.0001839 0.0001643 0.00016995 0.00017975 0.0001503 0.0001727 0.0001802 0.00015985 0.0001306 0.0001803 0.0001787 0.0001537
46 0.0001798 0.00014975 0.0001678 0.00017565 0.00013975 0.00016185 0.00016665 0.00017145 0.00017345 0.0001789 0.00015975 0.00018275 0.00017215 0.00017005 0.00016695 0.0001748 0.00015735 0.0001795 0.00017345 0.00017065 0.00015565 0.00016655 0.00013815 0.00015595 0.0001546 0.00017105 0.00016065 0.00017385 0.0001646 0.00018355 0.0001317 0.00013065 0.0001349 0.00017685 0.00014245 0.00017045 0.0001303 0.0001809 0.0001268 0.0001693 0.0001769 0.00013765 0.0001759 0.0001521 0.00016275 0.0001183 0.0001782 0.0001582 0.00017365 0.00017365 0.00013195 0.00016955 0.0001775 0.00016095 0.000161 0.0001686 0.00014445 0.0001615 0.0001657 0.00016975 0.00013555
47 0.0001695 0.0001703 0.0001679 0.0001468 0.00014835 0.00017305 0.00014425 0.00017685 0.0001813 0.00017415 0.00018425 0.00018745 0.0001766 0.0001654 0.00016835 0.0001703 0.00017915 0.0001721 0.0001733 0.0001799 0.00014685 0.00017735 0.00018205 0.00017515 0.00014925 0.00016635 0.00018925 0.0001796 0.0001801 0.0001857 0.00017235 0.0001748 0.0001741 0.0001742 0.0001723 0.0001695 0.00017965 0.00014445 0.0001762 0.00017435 0.00017765 0.00015275 0.00015415 0.0001718 0.00017265 0.00015115 0.0001582 0.0001855 0.00017395 0.0001675 0.0001811 0.0001666 0.0001564 0.00012815 0.0001807 0.00017865 0.00018015 0.0001826 0.00018555 0.0001879 0.0001728
48 0.0001746 0.00018005 0.00017545 0.00016975 0.0001734 0.0001862 0.00016885 0.0001578 0.00018425 0.00017385 0.00013215 0.0001802 0.00017605 0.0001688 0.0001654 0.00015225 0.0001807 0.00017655 0.00017595 0.0001722 0.0001697 0.00018395 0.0001774 0.00018185 0.00017675 0.0001801 0.00017185 0.0001763 0.00017805 0.0001621 0.00018175 0.00018105 0.00018075 0.0001793 0.00017125 0.0001756 0.0001826 0.00017535 0.00017545 0.0001764 0.0001443 0.0001707 0.00016865 0.00013455 0.0001674 0.00017915 0.00017365 0.00017395 0.0001785 0.0001702 0.0001593 0.0001642 0.0001766 0.0001792 0.0001724 0.00016685 0.0001791 0.00018205 0.0001558 0.00017375 0.0001776
49 0.0001758 0.00017805 0.00017195 0.0001606 0.000177 0.0001823 0.0001615 0.0001649 0.0001837 0.00017925 0.0001512 0.0001917 0.00017765 0.00017025 0.00017525 0.0001676 0.0001784 0.00017815 0.0001748 0.00017755 0.00018555 0.00017595 0.0001543 0.0001787 0.0001663 0.0001803 0.00018715 0.0001727 0.0001494 0.0001811 0.00017 0.00016425 0.0001719 0.0001819 0.0001755 0.000179 0.0001601 0.00016315 0.00016625 0.00013655 0.00017235 0.0001781 0.0001384 0.00017335 0.000179 0.0001839 0.00017365 0.0001675 0.0001702 0.0001996 0.000164 0.00017505 0.0001378 0.00018435 0.0001527 0.00013475 0.00017755 0.000184 0.00015 0.0001544 0.0001757
50 0.0001731 0.0001491 0.00016305 0.000178 0.00017875 0.00016515 0.0001749 0.0001284 0.00017975 0.00018035 0.0001416 0.00018285 0.00016635 0.0001648 0.00017885 0.0001257 0.0001631 0.0001786 0.0001727 0.0001665 0.00017885 0.00017285 0.0001307 0.0001624 0.0001646 0.00017025 0.00015395 0.0001774 0.0001616 0.0001631 0.00013265 0.00013 0.0001329 0.0001815 0.0001453 0.00017545 0.00012965 0.00018175 0.00012345 0.00016055 0.00013295 0.0001747 0.0001763 0.00014845 0.00016655 0.0001643 0.00013195 0.0001811 0.0001593 0.000164 0.0001687 0.0001708 0.00017605 0.00018325 0.0001536 0.00015815 0.00014155 0.0001659 0.00011445 0.00015925 0.00013575
51 0.0001713 0.0001732 0.0001786 0.00017065 0.00017455 0.00017885 0.00017145 0.0001649 0.0001713 0.0001703 0.0001696 0.00017515 0.0001773 0.0001819 0.0001404 0.0001778 0.00017615 0.00017215 0.00017835 0.0001767 0.00016905 0.00017155 0.00017395 0.0001489 0.00016925 0.0001732 0.0001744 0.0001732 0.0001706 0.00017285 0.0001785 0.0001716 0.000173 0.00016875 0.0001723 0.0001729 0.00017705 0.00015965 0.00017565 0.0001671 0.000172 0.000165 0.0001708 0.0001686 0.0001702 0.00016995 0.00016955 0.0001666 0.0001642 0.00017505 0.0001708 0.0001959 0.0001798 0.00017495 0.00017305 0.0001826 0.0001811 0.0001719 0.0001689 0.00017605 0.00017795
52 0.0001801 0.0001758 0.00017555 0.0001414 0.0001753 0.0001781 0.0001524 0.00016745 0.0001761 0.0001776 0.00018355 0.00019575 0.0001645 0.0001732 0.0001733 0.00017365 0.0001779 0.0001603 0.0001768 0.0001796 0.00017885 0.00016965 0.0001797 0.0001786 0.00016035 0.00017535 0.00018925 0.0001733 0.0001615 0.0001888 0.00015625 0.00016865 0.0001759 0.0001765 0.00017995 0.00017125 0.00018335 0.00016225 0.0001756 0.00017645 0.0001779 0.0001767 0.0001344 0.0001728 0.00018235 0.00017975 0.0001775 0.0001564 0.0001766 0.0001378 0.00017605 0.0001798 0.0001693 0.0001785 0.00017945 0.00018105 0.00017795 0.0001903 0.00017985 0.0001812 0.00017605
53 0.00014105 0.0001413 0.00017105 0.0001701 0.0001465 0.00015415 0.00016515 0.00016585 0.00018445 0.00013825 0.0001789 0.00019165 0.00017095 0.000164 0.00016555 0.00016605 0.0001815 0.0001389 0.00016525 0.0001766 0.00013565 0.00017095 0.000183 0.00018465 0.00017445 0.000113 0.0001792 0.00017135 0.00017655 0.0001689 0.00016365 0.0001624 0.00014585 0.00014205 0.0001723 0.0001339 0.00018375 0.00017825 0.00018075 0.00018085 0.00017475 0.00014855 0.00017195 0.00018335 0.000169 0.0001503 0.00016095 0.00012815 0.0001792 0.00018435 0.00018325 0.00017495 0.0001785 0.0001718 0.0001775 0.0001725 0.0001813 0.0001856 0.0001795 0.00018125 0.0001774
54 0.00018135 0.00016745 0.0001129 0.0001717 0.00017025 0.00017 0.00016455 0.00016175 0.00017805 0.0001693 0.00011315 0.0001878 0.00016605 0.00011365 0.00017615 0.0001608 0.00016585 0.000172 0.000116 0.0001659 0.00016425 0.0001684 0.0001124 0.00017625 0.00017205 0.00017195 0.00017225 0.00016735 0.00011005 0.0001795 0.00015865 0.0001508 0.00016115 0.00016575 0.0001698 0.0001648 0.0001361 0.00017945 0.00010605 0.00014965 0.00017295 0.00017095 0.0001817 0.00017165 0.0001745 0.0001727 0.000161 0.0001807 0.0001724 0.0001527 0.0001536 0.00017305 0.00017945 0.0001775 0.0001318 0.0001421 0.00016455 0.0001747 0.00011305 0.00011485 0.0001155
55 0.00016985 0.00017325 0.0001662 0.00017305 0.000169 0.0001733 0.00016585 0.00015945 0.0001911 0.00016535 0.00013835 0.00018855 0.0001737 0.00012365 0.00017985 0.00012045 0.00017395 0.00016995 0.0001649 0.0001711 0.00014775 0.00017645 0.00014995 0.0001819 0.0001802 0.0001719 0.0001802 0.0001671 0.0001507 0.00017065 0.0001675 0.0001616 0.0001636 0.0001764 0.00017675 0.0001627 0.0001543 0.00017695 0.00016025 0.00012765 0.00015925 0.00017055 0.00018 0.0001785 0.0001769 0.0001802 0.0001686 0.00017865 0.00016685 0.00013475 0.00015815 0.0001826 0.00018105 0.0001725 0.0001421 0.0001705 0.0001734 0.0001808 0.00013885 0.0001432 0.00017215
56 0.00018275 0.00014085 0.00016775 0.0001764 0.00013645 0.00016215 0.0001761 0.0001655 0.00018195 0.0001693 0.0001662 0.00018825 0.00017115 0.0001699 0.0001758 0.00017155 0.0001257 0.00017715 0.0001718 0.00012855 0.0001771 0.00017215 0.00013225 0.0001621 0.000165 0.0001622 0.0001655 0.0001716 0.0001668 0.00017835 0.00012725 0.00014015 0.0001481 0.00017585 0.00013015 0.0001768 0.00013285 0.00018625 0.00013915 0.00017065 0.0001728 0.0001698 0.0001723 0.0001452 0.0001637 0.00015985 0.00014445 0.00018015 0.0001791 0.00017755 0.00014155 0.0001811 0.00017795 0.0001813 0.00016455 0.0001734 0.0001812 0.0001653 0.00016615 0.0001277 0.0001274
57 0.0001816 0.00015645 0.00017525 0.0001932 0.0001723 0.00017435 0.00018865 0.0001706 0.0001748 0.0001757 0.0001755 0.00013875 0.0001768 0.00018115 0.000175 0.0001838 0.0001321 0.0001849 0.0001798 0.00017735 0.0001796 0.0001646 0.00015375 0.0001249 0.00014375 0.00018495 0.0001336 0.00016645 0.0001761 0.0001724 0.0001696 0.00015865 0.0001656 0.00018105 0.0001556 0.0001803 0.0001669 0.00018575 0.0001628 0.00016595 0.00017955 0.00017265 0.0001863 0.00016035 0.0001783 0.0001306 0.0001615 0.0001826 0.00018205 0.000184 0.0001659 0.0001719 0.0001903 0.0001856 0.0001747 0.0001808 0.0001653 0.0001808 0.0001773 0.00017575 0.0001641
58 0.00017105 0.00016965 0.0001523 0.0001783 0.0001734 0.00017925 0.00017425 0.00012325 0.0001774 0.0001695 0.0001057 0.00018005 0.0001654 0.00015335 0.00017695 0.0001189 0.00017065 0.000174 0.0001623 0.00015955 0.0001714 0.0001715 0.0001208 0.0001754 0.0001814 0.00017395 0.0001656 0.00017255 0.00012455 0.00016155 0.00016505 0.000155 0.0001622 0.00017755 0.0001699 0.0001699 0.00014315 0.0001794 0.00014775 0.00014705 0.0001294 0.0001754 0.0001792 0.00017095 0.0001684 0.0001803 0.0001657 0.00018555 0.0001558 0.00015 0.00011445 0.0001689 0.00017985 0.0001795 0.00011305 0.00013885 0.00016615 0.0001773 0.0001571 0.00011895 0.0001601
59 0.00018135 0.00017375 0.00015895 0.000176 0.00013425 0.00017845 0.00017585 0.0001604 0.00018245 0.00016145 0.000119 0.0001851 0.0001718 0.0001584 0.00017525 0.00016255 0.00013435 0.00017235 0.0001631 0.0001245 0.00017285 0.00017315 0.00012335 0.00017715 0.00018305 0.00017825 0.0001763 0.00016875 0.0001216 0.0001769 0.0001633 0.0001565 0.00016875 0.0001741 0.00016715 0.00017215 0.00014735 0.00018515 0.0001543 0.00014845 0.00016925 0.0001736 0.00017745 0.00017815 0.00016845 0.0001787 0.00016975 0.0001879 0.00017375 0.0001544 0.00015925 0.00017605 0.0001812 0.00018125 0.00011485 0.0001432 0.0001277 0.00017575 0.00011895 0.0001576 0.0001636
60 0.0001826 0.0001344 0.00012155 0.00017195 0.0001723 0.00015355 0.00016465 0.0001667 0.0001774 0.000177 0.00016025 0.0001908 0.00016525 0.000125 0.00017655 0.00016965 0.00015705 0.00017665 0.00012455 0.0001698 0.00016835 0.00016725 0.00012115 0.00016105 0.00015385 0.00015575 0.0001613 0.00017005 0.0001551 0.0001808 0.00012245 0.0001343 0.00014035 0.00016735 0.00013265 0.0001693 0.00012145 0.0001804 9.075e-05 0.0001717 0.00017635 0.000167 0.0001764 0.00013855 0.0001696 0.0001537 0.00013555 0.0001728 0.0001776 0.0001757 0.00013575 0.00017795 0.00017605 0.0001774 0.0001155 0.00017215 0.0001274 0.0001641 0.0001601 0.0001636 0.0001583
