 slim_761941312 slim_761941341 slim_761941291 slim_761941315 slim_761941299 slim_761941337 slim_761941314 slim_761941309 slim_761941322 slim_761941324 slim_761941304 slim_761941308 slim_761941292 slim_761941296 slim_761941284 slim_761941303 slim_761941311 slim_761941343 slim_761941332 slim_761941300 slim_761941316 slim_761941329 slim_761941293 slim_761941335 slim_761941283 slim_761941297 slim_761941289 slim_761941325 slim_761941298 slim_761941305 slim_761941338 slim_761941326 slim_761941321 slim_761941288 slim_761941294 slim_761941313 slim_761941340 slim_761941306 slim_761941323 slim_761941320 slim_761941327 slim_761941287 slim_761941319 slim_761941302 slim_761941301 slim_761941307 slim_761941330 slim_761941339 slim_761941336 slim_761941310 slim_761941286 slim_761941328 slim_761941295 slim_761941334 slim_761941331 slim_761941317 slim_761941290 slim_761941333 slim_761941285 slim_761941318 slim_761941282 slim_761941342
0 5.3e-05 0.00011145 8.495e-05 0.0001383 7.38e-05 0.00010565 0.00013145 0.00011625 0.0001751 0.0001374 0.0001249 0.0001426 0.00013745 0.00011325 0.0001582 8.92e-05 6.8e-05 0.00016415 0.00010965 0.0001899 8.64e-05 0.0001301 0.0001005 0.0001751 8.715e-05 2.66e-05 0.00015825 0.00015815 0.0001097 0.00012465 0.00012305 7.78e-05 7.875e-05 7.64e-05 9.375e-05 0.00010385 0.0001075 0.00019285 9.29e-05 7.27e-05 0.0001097 7.875e-05 0.0001576 0.00011425 0.00016735 9.94e-05 2.66e-05 7.18e-05 0.00016805 9.94e-05 0.0001061 9.965e-05 6.13e-05 0.000168 0.0001097 7.865e-05 0.00013215 7.62e-05 0.0001791 0.00011685 0.0001323 0.00016635
1 0.00011145 0.0001712 0.00010145 0.00011145 0.00014115 0.0001456 0.0001456 0.00015165 0.0001713 0.0001347 0.00015565 0.00016495 0.0001193 0.0001565 0.00017055 0.0001484 0.00013485 0.00013425 0.0001527 0.0001874 0.0001288 0.00017225 0.0001038 0.0001713 0.00014115 0.0001173 0.0001706 0.0001226 0.00015275 0.00010875 0.0001553 0.00014255 0.00011525 0.00014335 0.00013165 0.00014845 0.00012045 0.00018825 0.0001413 0.00012605 0.00015275 0.00011525 0.00016905 9.56e-05 0.0001758 0.00010305 0.0001173 0.0001132 0.0001342 0.00010305 0.0001643 0.00013955 0.0001259 0.00013415 0.00015275 0.00011515 0.0001253 0.00014845 0.00017405 0.00013155 0.00013695 0.00017395
2 8.495e-05 0.00010145 0.0001698 0.0001161 0.0001109 0.00013535 0.00014755 0.00014095 0.0001764 0.00013635 0.0001467 0.00015595 0.00011745 0.000137 0.00016655 0.00012495 0.0001086 0.0001354 0.000138 0.0001907 0.00011765 0.0001509 9.515e-05 0.0001764 0.00011975 8.495e-05 0.0001666 0.0001298 0.00013805 0.0001107 0.00014165 0.0001163 0.0001011 0.00011705 0.0001205 0.00013555 0.00013315 0.00019115 0.0001237 0.0001122 0.000138 0.0001011 0.00016535 9.28e-05 0.00017245 9.445e-05 8.49e-05 0.0001114 0.0001393 9.445e-05 0.0001364 0.00012755 0.00010425 0.00013925 0.000138 0.000101 0.0001109 0.00011835 0.0001791 0.00012415 0.00015065 0.00017025
3 0.0001383 0.00011145 0.0001161 0.0001683 0.00015205 0.00015845 0.00012905 0.0001514 0.00014615 0.0001148 0.00015185 0.0001614 0.0001101 0.0001487 0.0001643 0.0001486 0.00014045 0.0001363 0.0001663 0.00019235 0.0001032 0.0001599 0.00010395 0.00014615 0.00012945 0.00014015 0.00016435 9.79e-05 0.00016635 0.0001154 0.0001447 0.00014235 0.00012025 0.00014905 0.00010605 0.00016315 0.0001478 0.0001926 0.00013245 0.0001344 0.00016635 0.00012025 0.00013385 0.0001013 0.00015545 0.00010325 0.00014015 0.00014455 0.00013225 0.00010325 0.00016165 0.0001528 0.0001364 0.00013225 0.00016635 0.00012015 0.000128 0.00015265 0.00015225 0.0001272 0.0001657 0.00014965
4 7.38e-05 0.00014115 0.0001109 0.00015205 0.0001161 0.000129 0.00014255 0.00012605 0.0001784 0.0001483 0.0001318 0.00014015 0.0001481 0.00010915 0.00014815 0.00010335 7.36e-05 0.0001751 0.00011285 0.0001776 0.0001011 0.00012155 0.0001176 0.0001784 9.265e-05 5.81e-05 0.0001482 0.00016885 0.0001129 0.0001413 0.00011995 7.995e-05 9.615e-05 8.035e-05 0.0001047 0.00011005 0.00012275 0.0001677 0.00010245 9.03e-05 0.00011285 9.615e-05 0.0001586 0.00013735 0.0001574 0.0001166 5.805e-05 9.43e-05 0.0001769 0.0001166 9.385e-05 0.0001148 8.55e-05 0.00017685 0.00011285 9.605e-05 0.0001109 8.23e-05 0.0001691 0.0001277 0.0001413 0.00015685
5 0.00010565 0.0001456 0.00013535 0.00015845 0.000129 0.0001953 0.00015715 0.0001062 0.00013425 0.0001614 0.0001522 0.00011845 0.00015975 0.00014245 0.0001672 0.0001314 0.0001257 0.0001331 0.00014385 0.00018195 0.00013045 0.00014885 0.00014335 0.00013425 0.00013285 0.00010235 0.00016725 0.0001705 0.0001439 0.00015725 0.00012415 0.00012575 0.00013355 0.0001307 0.00013395 0.00014605 0.00014575 0.0001855 0.0001274 0.0001292 0.0001439 0.00013355 0.00016495 0.00015295 0.0001709 0.00014255 0.00010235 0.00012495 0.0001341 0.00014255 0.00014035 0.0001393 0.00012085 0.00013405 0.0001439 0.00013345 0.000162 0.00012135 0.00017815 0.0001508 0.00015315 0.0001306
6 0.00013145 0.0001456 0.00014755 0.00012905 0.00014255 0.00015715 9.4e-05 0.00014725 0.0001159 9.125e-05 9.015e-05 0.0001506 0.00015495 0.00015065 0.00016695 0.0001321 0.0001256 0.00017435 0.0001556 0.00017845 0.00010585 0.00014145 0.0001322 0.0001159 0.0001127 0.000131 0.000167 0.00010165 0.00015565 0.0001017 0.0001496 0.00012965 0.0001228 0.00012415 9.86e-05 9.295e-05 9.29e-05 0.00018035 9.065e-05 7.845e-05 0.00015565 0.0001228 9.13e-05 0.00013905 0.0001355 0.0001331 0.000131 0.00013485 0.00017035 0.0001331 0.0001534 0.00014415 0.00013605 0.0001703 0.00015565 0.0001227 0.0001591 0.0001461 0.00011385 0.0001447 0.0001577 0.0001395
7 0.00011625 0.00015165 0.00014095 0.0001514 0.00012605 0.0001062 0.00014725 0.0001946 0.00012865 0.00015575 0.0001391 0.00010955 0.0001509 0.00012905 0.0001566 0.00012465 0.0001123 0.00013655 0.00014375 0.00017865 0.000115 0.00013545 0.0001345 0.00012865 0.0001261 0.0001061 0.00015665 0.00016485 0.0001438 0.00015255 0.0001124 0.00011235 0.0001247 0.0001173 0.0001185 0.0001379 0.0001409 0.00018155 0.0001129 0.0001161 0.0001438 0.0001247 0.0001509 0.0001525 0.00016095 0.0001337 0.0001061 0.00012645 0.0001337 0.0001337 0.0001337 0.00014025 0.0001141 0.00013365 0.0001438 0.0001246 0.0001609 0.0001199 0.00017075 0.00014195 0.00015745 0.0001217
8 0.0001751 0.0001713 0.0001764 0.00014615 0.0001784 0.00013425 0.0001159 0.00012865 0.0001769 0.0001303 0.0001446 0.0001259 0.00017025 0.000174 0.00017665 0.0001616 0.0001774 0.000132 0.0001799 0.00017945 0.00014565 0.00016035 0.00016895 8.845e-05 0.00014775 0.00017745 0.0001767 0.00012905 0.00017995 0.00015655 0.0001479 0.00017165 0.0001705 0.0001733 0.0001419 0.0001604 0.00016125 0.0001825 0.0001362 0.000156 0.00017995 0.0001705 0.0001176 0.0001692 0.00014725 0.00016915 0.00017745 0.00017825 0.00012905 0.00016915 0.00017085 0.00016935 0.00017685 0.000129 0.00017995 0.0001704 0.00017735 0.00016825 0.00013545 0.00017165 0.0001778 0.00010335
9 0.0001374 0.0001347 0.00013635 0.0001148 0.0001483 0.0001614 9.125e-05 0.00015575 0.0001303 0.0001619 0.0001231 0.00015745 0.00014105 0.0001619 0.0001735 0.00014725 0.0001441 0.0001511 0.00016485 0.0001826 0.00012335 0.00015115 0.00012325 0.0001303 0.0001309 0.00014995 0.00017355 9.795e-05 0.0001649 0.0001083 0.00015795 0.00014475 0.0001066 0.0001435 0.00011895 0.00012845 0.00012945 0.0001799 0.00011845 0.0001168 0.0001649 0.0001066 0.0001133 0.0001047 0.0001486 0.0001235 0.00014995 0.0001536 0.0001471 0.0001235 0.00015425 0.0001549 0.00015645 0.00014705 0.0001649 0.0001065 0.0001347 0.0001526 0.0001306 0.0001242 0.00016725 0.00014565
10 0.0001249 0.00015565 0.0001467 0.00015185 0.0001318 0.0001522 9.015e-05 0.0001391 0.0001446 0.0001231 0.0001333 0.0001375 0.00015275 0.0001366 0.00016035 9.525e-05 0.0001162 0.0001724 0.00015035 0.00017675 0.00012245 9.86e-05 0.000132 0.0001446 0.00012225 0.00012395 0.0001604 0.00013765 0.0001504 0.0001142 0.0001388 0.0001166 0.0001178 0.0001138 0.00011835 9.74e-05 0.00010785 0.0001769 9.69e-05 8.475e-05 0.0001504 0.0001178 9.065e-05 0.00013935 0.0001486 0.00013225 0.00012395 0.00013645 0.0001684 0.00013225 0.00013635 0.00013805 0.0001286 0.00016835 0.0001504 0.0001177 0.00015455 0.0001304 0.00014545 0.00013835 0.00016335 0.00014795
11 0.0001426 0.00016495 0.00015595 0.0001614 0.00014015 0.00011845 0.0001506 0.00010955 0.0001259 0.00015745 0.0001375 0.0001816 0.0001518 0.00013455 0.0001506 0.0001332 0.0001322 0.0001353 0.00015185 0.0001702 0.0001385 0.0001343 0.00014915 0.0001259 0.0001416 0.0001346 0.00015065 0.00016485 0.0001519 0.0001574 0.0001246 0.00013115 0.0001414 0.0001344 0.0001379 0.00014485 0.00015155 0.00016925 0.00012635 0.00013445 0.0001519 0.0001414 0.0001448 0.00015975 0.0001599 0.0001487 0.0001346 0.00014725 0.00013245 0.0001487 0.0001301 0.00015155 0.000139 0.0001324 0.0001519 0.0001413 0.0001615 0.00013115 0.00016385 0.00014455 0.00016385 0.00012095
12 0.00013745 0.0001193 0.00011745 0.0001101 0.0001481 0.00015975 0.00015495 0.0001509 0.00017025 0.00014105 0.00015275 0.0001518 0.000179 0.0001251 0.00014135 0.00014555 0.0001378 0.0001398 0.0001653 0.00019295 0.00012515 0.000157 0.0001053 0.00017025 0.000142 0.0001375 0.0001414 0.00012385 0.00016535 0.0001207 0.00014435 0.00013985 0.0001219 0.0001464 0.000128 0.00016475 0.0001556 0.00019325 0.00013395 0.0001357 0.00016535 0.0001219 0.0001554 0.00010455 0.0001696 0.0001046 0.0001375 0.0001484 0.00013575 0.0001046 0.0001453 0.00015305 0.0001181 0.00013575 0.00016535 0.0001218 0.00012805 0.0001433 0.00017585 0.0001069 0.0001712 0.00016435
13 0.00011325 0.0001565 0.000137 0.0001487 0.00010915 0.00014245 0.00015065 0.00012905 0.000174 0.0001619 0.0001366 0.00013455 0.0001251 0.0001323 0.00011595 0.0001109 7.345e-05 0.0001859 0.00012575 0.00017375 9.39e-05 0.0001007 0.000129 0.000174 0.00011475 8.685e-05 0.000116 0.0001731 0.0001258 0.00016065 8.81e-05 6.98e-05 0.00011715 9.06e-05 9.68e-05 0.00012795 0.0001275 0.0001648 0.00010365 0.0001058 0.0001258 0.00011715 0.0001486 0.00016295 0.0001627 0.00012825 8.685e-05 0.0001018 0.00018375 0.00012825 0.00011385 0.0001341 8.015e-05 0.0001837 0.0001258 0.00011705 0.0001593 9.67e-05 0.00016415 0.00011405 0.00014745 0.00016365
14 0.0001582 0.00017055 0.00016655 0.0001643 0.00014815 0.0001672 0.00016695 0.0001566 0.00017665 0.0001735 0.00016035 0.0001506 0.00014135 0.00011595 0.0001971 0.00015145 0.0001314 0.000185 0.00012165 0.0001145 0.00013795 0.00014555 0.00015855 0.00017665 0.00015525 0.00014485 9.86e-05 0.00017775 0.0001217 0.0001734 0.00013445 0.0001321 0.00015365 0.0001315 0.00014085 0.000147 0.0001532 9.86e-05 0.00014475 0.000147 0.0001217 0.00015365 0.00016425 0.000179 0.00014805 0.0001578 0.00014485 0.0001443 0.00018285 0.0001578 0.00014895 0.0001603 0.00012825 0.0001828 0.0001217 0.00015355 0.00016985 0.00014745 0.00013515 0.00013725 0.00012785 0.0001737
15 8.92e-05 0.0001484 0.00012495 0.0001486 0.00010335 0.0001314 0.0001321 0.00012465 0.0001616 0.00014725 9.525e-05 0.0001332 0.00014555 0.0001109 0.00015145 0.0001494 9.045e-05 0.00017485 0.00013085 0.00018635 9.835e-05 9.09e-05 0.0001257 0.0001616 0.0001025 7.48e-05 0.0001515 0.0001618 0.0001309 0.00014555 0.00011615 9.08e-05 0.0001105 9.74e-05 0.0001016 0.00012235 0.0001288 0.00018705 9.74e-05 9.525e-05 0.0001309 0.0001105 0.00011105 0.00015025 0.00015795 0.00012495 7.48e-05 0.00010825 0.0001748 0.00012495 0.0001172 0.0001169 9e-05 0.00017475 0.0001309 0.0001104 0.0001535 9.63e-05 0.0001679 0.00013115 0.0001544 0.0001524
16 6.8e-05 0.00013485 0.0001086 0.00014045 7.36e-05 0.0001257 0.0001256 0.0001123 0.0001774 0.0001441 0.0001162 0.0001322 0.0001378 7.345e-05 0.0001314 9.045e-05 5.64e-05 0.000186 0.0001001 0.0001675 6.88e-05 9.38e-05 0.0001006 0.0001774 8.94e-05 4.16e-05 0.00013145 0.00016485 0.00010015 0.0001323 8.49e-05 3.81e-05 7.92e-05 4.535e-05 7.17e-05 8.275e-05 8.905e-05 0.00015875 7.94e-05 6.06e-05 0.00010015 7.92e-05 0.0001483 0.00013455 0.00015675 9.985e-05 4.16e-05 6.33e-05 0.00018385 9.985e-05 0.0001035 0.000112 5.91e-05 0.0001838 0.00010015 7.91e-05 0.0001406 8.235e-05 0.00015865 0.0001172 0.00012855 0.0001668
17 0.00016415 0.00013425 0.0001354 0.0001363 0.0001751 0.0001331 0.00017435 0.00013655 0.000132 0.0001511 0.0001724 0.0001353 0.0001398 0.0001859 0.000185 0.00017485 0.000186 0.0001807 0.00018165 0.00018195 0.0001814 0.00017735 0.0001381 0.000132 0.00017445 0.00018045 0.00018505 0.0001329 0.0001817 0.00013405 0.00016245 0.00018395 0.00015595 0.0001825 0.0001804 0.0001779 0.0001804 0.000183 0.0001686 0.0001791 0.0001817 0.00015595 0.0001711 0.0001119 0.0001747 0.00013765 0.00018045 0.00018285 9.145e-05 0.00013765 0.00017285 0.00017375 0.00018355 9.14e-05 0.0001817 0.00015585 0.00013005 0.00017445 0.0001783 0.00015815 0.00017955 0.0001294
18 0.00010965 0.0001527 0.000138 0.0001663 0.00011285 0.00014385 0.0001556 0.00014375 0.0001799 0.00016485 0.00015035 0.00015185 0.0001653 0.00012575 0.00012165 0.00013085 0.0001001 0.00018165 0.0001924 0.0001116 0.0001265 0.00013735 0.00014445 0.0001799 0.00013305 9.63e-05 0.0001217 0.00017975 9.625e-05 0.0001594 0.00012965 0.00010645 0.0001289 0.0001001 0.0001294 0.0001157 0.00012865 9.625e-05 0.00013055 0.00011955 9.625e-05 0.0001289 0.00017025 0.0001633 0.0001484 0.0001437 9.63e-05 0.00010915 0.00018345 0.0001437 0.0001396 0.0001371 0.00011445 0.0001834 9.625e-05 0.0001288 0.00015455 0.00012425 0.0001363 0.00015055 0.00010915 0.0001767
19 0.0001899 0.0001874 0.0001907 0.00019235 0.0001776 0.00018195 0.00017845 0.00017865 0.00017945 0.0001826 0.00017675 0.0001702 0.00019295 0.00017375 0.0001145 0.00018635 0.0001675 0.00018195 0.0001116 6.74e-05 0.00018965 0.00016805 0.0001879 0.00017945 0.0001923 0.0001896 0.00011455 0.0001886 0.00011165 0.0001805 0.00016795 0.00016895 0.000182 0.0001505 0.000188 0.00013795 0.00016575 3.375e-05 0.00018045 0.00017775 0.00011165 0.000182 0.00018515 0.0001877 0.0001144 0.0001879 0.0001896 0.00017535 0.00018125 0.0001879 0.0001812 0.00017645 0.00019185 0.0001812 0.00011165 0.0001819 0.0001787 0.0001867 0.00011035 0.0001871 0.00010905 0.00018355
20 8.64e-05 0.0001288 0.00011765 0.0001032 0.0001011 0.00013045 0.00010585 0.000115 0.00014565 0.00012335 0.00012245 0.0001385 0.00012515 9.39e-05 0.00013795 9.835e-05 6.88e-05 0.0001814 0.0001265 0.00018965 8.14e-05 0.00012005 0.0001043 0.00014565 8.105e-05 6.18e-05 0.000138 0.00013375 0.00012655 0.00013785 9.67e-05 7.28e-05 9.29e-05 8.59e-05 4.805e-05 0.0001252 0.00011035 0.00019135 8.065e-05 7.53e-05 0.00012655 9.29e-05 0.00011755 0.0001458 0.00014415 0.0001032 6.18e-05 8.625e-05 0.0001774 0.0001032 0.0001229 0.00011695 6.69e-05 0.00017735 0.00012655 9.28e-05 0.00015695 9.63e-05 0.00014675 0.0001149 0.0001417 0.0001448
21 0.0001301 0.00017225 0.0001509 0.0001599 0.00012155 0.00014885 0.00014145 0.00013545 0.00016035 0.00015115 9.86e-05 0.0001343 0.000157 0.0001007 0.00014555 9.09e-05 9.38e-05 0.00017735 0.00013735 0.00016805 0.00012005 0.0001324 0.00014255 0.00016035 0.0001246 0.0001157 0.0001456 0.00016695 0.0001374 0.00015655 9.975e-05 8.425e-05 0.00012645 0.0001008 0.00011885 0.00011955 0.0001342 0.00015915 0.000109 0.00011665 0.0001374 0.00012645 0.0001088 0.00015925 0.00015525 0.00014215 0.0001157 0.0001265 0.0001752 0.00014215 0.0001221 0.0001399 0.00012425 0.00017515 0.0001374 0.00012635 0.00015675 0.00010935 0.0001557 0.00014135 0.0001609 0.00015105
22 0.0001005 0.0001038 9.515e-05 0.00010395 0.0001176 0.00014335 0.0001322 0.0001345 0.00016895 0.00012325 0.000132 0.00014915 0.0001053 0.000129 0.00015855 0.0001257 0.0001006 0.0001381 0.00014445 0.0001879 0.0001043 0.00014255 0.0001639 0.00016895 0.0001198 0.0001005 0.0001586 0.0001167 0.0001445 9.755e-05 0.00013365 0.0001083 8.9e-05 0.00010905 0.00010615 0.00012655 0.00012415 0.0001885 0.00010935 9.785e-05 0.00014445 8.9e-05 0.00015165 8.195e-05 0.00016325 8.235e-05 0.00010045 0.00011785 0.00013405 8.235e-05 0.00013645 0.0001364 0.00010535 0.00013405 0.00014445 8.89e-05 0.0001123 0.00012615 0.0001701 0.00011205 0.0001571 0.00016275
23 0.0001751 0.0001713 0.0001764 0.00014615 0.0001784 0.00013425 0.0001159 0.00012865 8.845e-05 0.0001303 0.0001446 0.0001259 0.00017025 0.000174 0.00017665 0.0001616 0.0001774 0.000132 0.0001799 0.00017945 0.00014565 0.00016035 0.00016895 0.0001769 0.00014775 0.00017745 0.0001767 0.00012905 0.00017995 0.00015655 0.0001479 0.00017165 0.0001705 0.0001733 0.0001419 0.0001604 0.00016125 0.0001825 0.0001362 0.000156 0.00017995 0.0001705 0.0001176 0.0001692 0.00014725 0.00016915 0.00017745 0.00017825 0.00012905 0.00016915 0.00017085 0.00016935 0.00017685 0.000129 0.00017995 0.0001704 0.00017735 0.00016825 0.00013545 0.00017165 0.0001778 0.00010335
24 8.715e-05 0.00014115 0.00011975 0.00012945 9.265e-05 0.00013285 0.0001127 0.0001261 0.00014775 0.0001309 0.00012225 0.0001416 0.000142 0.00011475 0.00015525 0.0001025 8.94e-05 0.00017445 0.00013305 0.0001923 8.105e-05 0.0001246 0.0001198 0.00014775 0.0001428 7.145e-05 0.0001553 0.00014135 0.0001331 0.0001396 0.00012215 9.34e-05 0.00010945 9.615e-05 8.115e-05 0.00012095 0.00012485 0.00019475 9.575e-05 9.115e-05 0.00013305 0.00010945 0.0001242 0.00014555 0.00013065 0.0001198 7.14e-05 0.0001051 0.0001744 0.0001198 0.0001056 0.00012115 8.73e-05 0.00017435 0.00013305 0.00010935 0.000141 9.25e-05 0.0001548 0.0001317 0.0001545 0.0001261
25 2.66e-05 0.0001173 8.495e-05 0.00014015 5.81e-05 0.00010235 0.000131 0.0001061 0.00017745 0.00014995 0.00012395 0.0001346 0.0001375 8.685e-05 0.00014485 7.48e-05 4.16e-05 0.00018045 9.63e-05 0.0001896 6.18e-05 0.0001157 0.0001005 0.00017745 7.145e-05 2e-07 0.0001449 0.0001707 9.63e-05 0.00013815 9.83e-05 5.14e-05 7.88e-05 5.855e-05 6.915e-05 0.00010225 0.00010035 0.00019255 7.855e-05 5.975e-05 9.63e-05 7.88e-05 0.0001557 0.00014075 0.00016475 9.945e-05 1e-07 5.12e-05 0.00018435 9.945e-05 9.72e-05 8.86e-05 3.485e-05 0.0001843 9.63e-05 7.87e-05 0.00014295 5.85e-05 0.00017825 0.0001169 0.00012475 0.00016695
26 0.00015825 0.0001706 0.0001666 0.00016435 0.0001482 0.00016725 0.000167 0.00015665 0.0001767 0.00017355 0.0001604 0.00015065 0.0001414 0.000116 9.86e-05 0.0001515 0.00013145 0.00018505 0.0001217 0.00011455 0.000138 0.0001456 0.0001586 0.0001767 0.0001553 0.0001449 0.0001972 0.0001778 0.00012175 0.00017345 0.0001345 0.00013215 0.0001537 0.00013155 0.0001409 0.00014705 0.00015325 9.865e-05 0.0001448 0.00014705 0.00012175 0.0001537 0.0001643 0.00017905 0.0001481 0.00015785 0.0001449 0.00014435 0.0001829 0.00015785 0.000149 0.00016035 0.0001283 0.00018285 0.00012175 0.0001536 0.0001699 0.0001475 0.0001352 0.0001373 0.0001279 0.00017375
27 0.00015815 0.0001226 0.0001298 9.79e-05 0.00016885 0.0001705 0.00010165 0.00016485 0.00012905 9.795e-05 0.00013765 0.00016485 0.00012385 0.0001731 0.00017775 0.0001618 0.00016485 0.0001329 0.00017975 0.0001886 0.00013375 0.00016695 0.0001167 0.00012905 0.00014135 0.0001707 0.0001778 0.000162 0.0001798 0.00010175 0.0001683 0.00016675 0.00013395 0.00016425 0.00012935 0.0001492 0.00014465 0.00018895 0.00013245 0.00013755 0.0001798 0.00013395 0.0001175 9.815e-05 0.00015015 0.00011695 0.0001707 0.0001688 0.0001289 0.00011695 0.0001731 0.0001643 0.00016695 0.00012885 0.0001798 0.00013385 0.00012795 0.00017365 0.00013515 0.0001409 0.0001766 0.00014445
28 0.0001097 0.00015275 0.00013805 0.00016635 0.0001129 0.0001439 0.00015565 0.0001438 0.00017995 0.0001649 0.0001504 0.0001519 0.00016535 0.0001258 0.0001217 0.0001309 0.00010015 0.0001817 9.625e-05 0.00011165 0.00012655 0.0001374 0.0001445 0.00017995 0.0001331 9.63e-05 0.00012175 0.0001798 0.0001925 0.00015945 0.0001297 0.0001065 0.00012895 0.00010015 0.00012945 0.00011575 0.0001287 9.63e-05 0.0001306 0.0001196 9.63e-05 0.00012895 0.0001703 0.00016335 0.00014845 0.00014375 9.635e-05 0.0001092 0.0001835 0.00014375 0.00013965 0.0001371 0.0001145 0.00018345 9.63e-05 0.00012885 0.0001546 0.00012425 0.00013635 0.0001506 0.0001092 0.00017675
29 0.00012465 0.00010875 0.0001107 0.0001154 0.0001413 0.00015725 0.0001017 0.00015255 0.00015655 0.0001083 0.0001142 0.0001574 0.0001207 0.00016065 0.0001734 0.00014555 0.0001323 0.00013405 0.0001594 0.0001805 0.00013785 0.00015655 9.755e-05 0.00015655 0.0001396 0.00013815 0.00017345 0.00010175 0.00015945 0.0001507 0.00016225 0.00014005 0.0001045 0.00013145 0.00013335 0.00010855 0.00011015 0.0001808 0.0001193 9.78e-05 0.00015945 0.0001045 0.00014105 7.8e-05 0.00016065 9.785e-05 0.00013815 0.0001415 0.00013 9.785e-05 0.00015515 0.00015105 0.00014295 0.00013 0.00015945 0.0001044 0.00011385 0.00015425 0.0001546 0.00012745 0.0001615 0.00016295
30 0.00012305 0.0001553 0.00014165 0.0001447 0.00011995 0.00012415 0.0001496 0.0001124 0.0001479 0.00015795 0.0001388 0.0001246 0.00014435 8.81e-05 0.00013445 0.00011615 8.49e-05 0.00016245 0.00012965 0.00016795 9.67e-05 9.975e-05 0.00013365 0.0001479 0.00012215 9.83e-05 0.0001345 0.0001683 0.0001297 0.00016225 0.0001304 7.505e-05 0.00012265 0.00010205 9.96e-05 0.00013555 0.00013005 0.00016115 0.0001008 0.0001142 0.0001297 0.00012265 0.0001444 0.0001655 0.0001604 0.0001329 9.83e-05 0.0001074 0.0001603 0.0001329 0.0001297 0.00013875 0.000104 0.00016025 0.0001297 0.00012255 0.0001633 0.00010415 0.0001586 0.00013415 0.0001455 0.00014295
31 7.78e-05 0.00014255 0.0001163 0.00014235 7.995e-05 0.00012575 0.00012965 0.00011235 0.00017165 0.00014475 0.0001166 0.00013115 0.00013985 6.98e-05 0.0001321 9.08e-05 3.81e-05 0.00018395 0.00010645 0.00016895 7.28e-05 8.425e-05 0.0001083 0.00017165 9.34e-05 5.14e-05 0.00013215 0.00016675 0.0001065 0.00014005 7.505e-05 7.6e-05 8.565e-05 5.515e-05 7.57e-05 9.26e-05 9.89e-05 0.00016165 7.945e-05 7.045e-05 0.0001065 8.565e-05 0.00014285 0.00014225 0.00015585 0.00010755 5.14e-05 7.31e-05 0.0001818 0.00010755 0.000102 0.0001169 6.895e-05 0.00018175 0.0001065 8.555e-05 0.00014485 7.67e-05 0.0001592 0.000118 0.0001349 0.00016105
32 7.875e-05 0.00011525 0.0001011 0.00012025 9.615e-05 0.00013355 0.0001228 0.0001247 0.0001705 0.0001066 0.0001178 0.0001414 0.0001219 0.00011715 0.00015365 0.0001105 7.92e-05 0.00015595 0.0001289 0.000182 9.29e-05 0.00012645 8.9e-05 0.0001705 0.00010945 7.88e-05 0.0001537 0.00013395 0.00012895 0.0001045 0.00012265 8.565e-05 0.0001218 8.77e-05 9.575e-05 0.00010615 0.0001093 0.00017915 9.535e-05 7.71e-05 0.00012895 6.09e-05 0.0001468 8.82e-05 0.0001625 8.825e-05 7.88e-05 0.000102 0.00015195 8.825e-05 0.0001173 0.000126 9.39e-05 0.0001519 0.00012895 6.09e-05 0.00011845 0.00010445 0.0001659 9.46e-05 0.0001471 0.0001643
33 7.64e-05 0.00014335 0.00011705 0.00014905 8.035e-05 0.0001307 0.00012415 0.0001173 0.0001733 0.0001435 0.0001138 0.0001344 0.0001464 9.06e-05 0.0001315 9.74e-05 4.535e-05 0.0001825 0.0001001 0.0001505 8.59e-05 0.0001008 0.00010905 0.0001733 9.615e-05 5.855e-05 0.00013155 0.00016425 0.00010015 0.00013145 0.00010205 5.515e-05 8.77e-05 9.04e-05 8.88e-05 7.33e-05 9.67e-05 0.00014175 8.73e-05 6.825e-05 0.0001001 8.77e-05 0.00014615 0.00013445 0.00014655 0.00010835 5.85e-05 8.03e-05 0.00018035 0.00010835 0.0001054 0.00011895 7.61e-05 0.0001803 0.0001001 8.76e-05 0.0001389 9.185e-05 0.00014955 0.0001258 0.00012855 0.0001616
34 9.375e-05 0.00013165 0.0001205 0.00010605 0.0001047 0.00013395 9.86e-05 0.0001185 0.0001419 0.00011895 0.00011835 0.0001379 0.000128 9.68e-05 0.00014085 0.0001016 7.17e-05 0.0001804 0.0001294 0.000188 4.805e-05 0.00011885 0.00010615 0.0001419 8.115e-05 6.915e-05 0.0001409 0.00012935 0.00012945 0.00013335 9.96e-05 7.57e-05 9.575e-05 8.88e-05 9.61e-05 0.00012075 0.0001066 0.0001898 8.075e-05 7.53e-05 0.00012945 9.575e-05 0.00011455 0.00014415 0.0001397 0.00010605 6.915e-05 8.985e-05 0.0001764 0.00010605 0.00012245 0.0001207 7.425e-05 0.00017635 0.00012945 9.565e-05 0.00015605 9.975e-05 0.0001424 0.00011775 0.0001446 0.00014105
35 0.00010385 0.00014845 0.00013555 0.00016315 0.00011005 0.00014605 9.295e-05 0.0001379 0.0001604 0.00012845 9.74e-05 0.00014485 0.00016475 0.00012795 0.000147 0.00012235 8.275e-05 0.0001779 0.0001157 0.00013795 0.0001252 0.00011955 0.00012655 0.0001604 0.00012095 0.00010225 0.00014705 0.0001492 0.00011575 0.00010855 0.00013555 9.26e-05 0.00010615 7.33e-05 0.00012075 0.0001045 8.19e-05 0.0001293 0.00010025 7.055e-05 0.00011575 0.00010615 0.0001386 0.00013035 0.00014315 0.0001268 0.00010225 0.00010685 0.00017575 0.0001268 0.00012945 0.00013705 0.00011975 0.0001757 0.00011575 0.00010605 0.00014335 0.00012565 0.00013165 0.00014415 0.0001308 0.0001633
36 0.0001075 0.00012045 0.00013315 0.0001478 0.00012275 0.00014575 9.29e-05 0.0001409 0.00016125 0.00012945 0.00010785 0.00015155 0.0001556 0.0001275 0.0001532 0.0001288 8.905e-05 0.0001804 0.00012865 0.00016575 0.00011035 0.0001342 0.00012415 0.00016125 0.00012485 0.00010035 0.00015325 0.00014465 0.0001287 0.00011015 0.00013005 9.89e-05 0.0001093 9.67e-05 0.0001066 8.19e-05 0.0001167 0.0001571 0.0001052 7.265e-05 0.0001287 0.0001093 0.0001429 0.00013745 0.0001619 0.0001244 0.00010035 7.935e-05 0.00017825 0.0001244 0.00014365 0.00013335 0.0001111 0.0001782 0.0001287 0.0001092 0.00015555 0.0001318 0.00014245 0.00014055 0.00011815 0.0001721
37 0.00019285 0.00018825 0.00019115 0.0001926 0.0001677 0.0001855 0.00018035 0.00018155 0.0001825 0.0001799 0.0001769 0.00016925 0.00019325 0.0001648 9.86e-05 0.00018705 0.00015875 0.000183 9.625e-05 3.375e-05 0.00019135 0.00015915 0.0001885 0.0001825 0.00019475 0.00019255 9.865e-05 0.00018895 9.63e-05 0.0001808 0.00016115 0.00016165 0.00017915 0.00014175 0.0001898 0.0001293 0.0001571 1e-07 0.0001827 0.0001795 9.63e-05 0.00017915 0.00018495 0.000186 0.0001322 0.0001881 0.00019255 0.00016725 0.0001827 0.0001881 0.00018215 0.0001857 0.00019415 0.00018265 9.63e-05 0.00017905 0.0001663 0.0001901 9.45e-05 0.00018435 9.365e-05 0.0001866
38 9.29e-05 0.0001413 0.0001237 0.00013245 0.00010245 0.0001274 9.065e-05 0.0001129 0.0001362 0.00011845 9.69e-05 0.00012635 0.00013395 0.00010365 0.00014475 9.74e-05 7.94e-05 0.0001686 0.00013055 0.00018045 8.065e-05 0.000109 0.00010935 0.0001362 9.575e-05 7.855e-05 0.0001448 0.00013245 0.0001306 0.0001193 0.0001008 7.945e-05 9.535e-05 8.73e-05 8.075e-05 0.00010025 0.0001052 0.0001827 0.0001149 6.745e-05 0.0001306 9.535e-05 0.00011025 0.00013555 0.0001456 0.00010925 7.855e-05 0.0001057 0.0001646 0.00010925 0.00011645 0.0001222 8.79e-05 0.00016455 0.0001306 9.525e-05 0.0001476 9.75e-05 0.00014345 0.0001201 0.0001522 0.00014065
39 7.27e-05 0.00012605 0.0001122 0.0001344 9.03e-05 0.0001292 7.845e-05 0.0001161 0.000156 0.0001168 8.475e-05 0.00013445 0.0001357 0.0001058 0.000147 9.525e-05 6.06e-05 0.0001791 0.00011955 0.00017775 7.53e-05 0.00011665 9.785e-05 0.000156 9.115e-05 5.975e-05 0.00014705 0.00013755 0.0001196 9.78e-05 0.0001142 7.045e-05 7.71e-05 6.825e-05 7.53e-05 7.055e-05 7.265e-05 0.0001795 6.745e-05 7.73e-05 0.0001196 7.71e-05 0.0001247 0.00012245 0.0001493 9.775e-05 5.975e-05 8.315e-05 0.0001751 9.775e-05 0.00011635 0.00011515 7.34e-05 0.00017505 0.0001196 7.7e-05 0.00014275 9.785e-05 0.00014905 0.0001151 0.00013745 0.00015805
40 0.0001097 0.00015275 0.000138 0.00016635 0.00011285 0.0001439 0.00015565 0.0001438 0.00017995 0.0001649 0.0001504 0.0001519 0.00016535 0.0001258 0.0001217 0.0001309 0.00010015 0.0001817 9.625e-05 0.00011165 0.00012655 0.0001374 0.00014445 0.00017995 0.00013305 9.63e-05 0.00012175 0.0001798 9.63e-05 0.00015945 0.0001297 0.0001065 0.00012895 0.0001001 0.00012945 0.00011575 0.0001287 9.63e-05 0.0001306 0.0001196 0.0001925 0.00012895 0.0001703 0.00016335 0.00014845 0.00014375 9.625e-05 0.0001092 0.0001835 0.00014375 0.00013965 0.00013715 0.00011445 0.00018345 9.625e-05 0.00012885 0.0001546 0.0001243 0.00013635 0.0001506 0.0001092 0.00017675
41 7.875e-05 0.00011525 0.0001011 0.00012025 9.615e-05 0.00013355 0.0001228 0.0001247 0.0001705 0.0001066 0.0001178 0.0001414 0.0001219 0.00011715 0.00015365 0.0001105 7.92e-05 0.00015595 0.0001289 0.000182 9.29e-05 0.00012645 8.9e-05 0.0001705 0.00010945 7.88e-05 0.0001537 0.00013395 0.00012895 0.0001045 0.00012265 8.565e-05 6.09e-05 8.77e-05 9.575e-05 0.00010615 0.0001093 0.00017915 9.535e-05 7.71e-05 0.00012895 0.0001218 0.0001468 8.82e-05 0.0001625 8.825e-05 7.88e-05 0.000102 0.00015195 8.825e-05 0.0001173 0.000126 9.39e-05 0.0001519 0.00012895 6.09e-05 0.00011845 0.00010445 0.0001659 9.46e-05 0.0001471 0.0001643
42 0.0001576 0.00016905 0.00016535 0.00013385 0.0001586 0.00016495 9.13e-05 0.0001509 0.0001176 0.0001133 9.065e-05 0.0001448 0.0001554 0.0001486 0.00016425 0.00011105 0.0001483 0.0001711 0.00017025 0.00018515 0.00011755 0.0001088 0.00015165 0.0001176 0.0001242 0.0001557 0.0001643 0.0001175 0.0001703 0.00014105 0.0001444 0.00014285 0.0001468 0.00014615 0.00011455 0.0001386 0.0001429 0.00018495 0.00011025 0.0001247 0.0001703 0.0001468 0.000133 0.0001594 0.00013905 0.0001509 0.0001557 0.0001633 0.0001671 0.0001509 0.0001542 0.0001505 0.0001518 0.00016705 0.0001703 0.0001467 0.00016825 0.00014935 0.00012655 0.00015135 0.000178 0.00012995
43 0.00011425 9.56e-05 9.28e-05 0.0001013 0.00013735 0.00015295 0.00013905 0.0001525 0.0001692 0.0001047 0.00013935 0.00015975 0.00010455 0.00016295 0.000179 0.00015025 0.00013455 0.0001119 0.0001633 0.0001877 0.0001458 0.00015925 8.195e-05 0.0001692 0.00014555 0.00014075 0.00017905 9.815e-05 0.00016335 7.8e-05 0.0001655 0.00014225 8.82e-05 0.00013445 0.00014415 0.00013035 0.00013745 0.000186 0.00013555 0.00012245 0.00016335 8.82e-05 0.0001594 7.39e-05 0.0001699 8.155e-05 0.00014075 0.00014835 0.0001079 8.155e-05 0.00014815 0.00015375 0.0001472 0.00010785 0.00016335 8.81e-05 8.94e-05 0.0001521 0.0001728 0.00011125 0.00017015 0.00016465
44 0.00016735 0.0001758 0.00017245 0.00015545 0.0001574 0.0001709 0.0001355 0.00016095 0.00014725 0.0001486 0.0001486 0.0001599 0.0001696 0.0001627 0.00014805 0.00015795 0.00015675 0.0001747 0.0001484 0.0001144 0.00014415 0.00015525 0.00016325 0.00014725 0.00013065 0.00016475 0.0001481 0.00015015 0.00014845 0.00016065 0.0001604 0.00015585 0.0001625 0.00014655 0.0001397 0.00014315 0.0001619 0.0001322 0.0001456 0.0001493 0.00014845 0.0001625 0.00013905 0.0001699 0.0001931 0.00016395 0.00016475 0.00017125 0.00017215 0.00016395 0.00014715 0.00016045 0.0001647 0.0001721 0.00014845 0.0001624 0.0001651 0.0001549 0.0001288 0.0001682 0.00015435 0.0001329
45 9.94e-05 0.00010305 9.445e-05 0.00010325 0.0001166 0.00014255 0.0001331 0.0001337 0.00016915 0.0001235 0.00013225 0.0001487 0.0001046 0.00012825 0.0001578 0.00012495 9.985e-05 0.00013765 0.0001437 0.0001879 0.0001032 0.00014215 8.235e-05 0.00016915 0.0001198 9.945e-05 0.00015785 0.00011695 0.00014375 9.785e-05 0.0001329 0.00010755 8.825e-05 0.00010835 0.00010605 0.0001268 0.0001244 0.0001881 0.00010925 9.775e-05 0.00014375 8.825e-05 0.0001509 8.155e-05 0.00016395 0.0001631 9.945e-05 0.0001171 0.00013365 8.16e-05 0.00013605 0.0001353 0.0001043 0.0001336 0.00014375 8.815e-05 0.0001116 0.0001254 0.00017035 0.0001113 0.00015635 0.000163
46 2.66e-05 0.0001173 8.49e-05 0.00014015 5.805e-05 0.00010235 0.000131 0.0001061 0.00017745 0.00014995 0.00012395 0.0001346 0.0001375 8.685e-05 0.00014485 7.48e-05 4.16e-05 0.00018045 9.63e-05 0.0001896 6.18e-05 0.0001157 0.00010045 0.00017745 7.14e-05 1e-07 0.0001449 0.0001707 9.635e-05 0.00013815 9.83e-05 5.14e-05 7.88e-05 5.85e-05 6.915e-05 0.00010225 0.00010035 0.00019255 7.855e-05 5.975e-05 9.625e-05 7.88e-05 0.0001557 0.00014075 0.00016475 9.945e-05 0.0 5.12e-05 0.00018435 9.945e-05 9.72e-05 8.865e-05 3.48e-05 0.0001843 9.625e-05 7.87e-05 0.00014295 5.855e-05 0.00017825 0.0001169 0.00012475 0.00016695
47 7.18e-05 0.0001132 0.0001114 0.00014455 9.43e-05 0.00012495 0.00013485 0.00012645 0.00017825 0.0001536 0.00013645 0.00014725 0.0001484 0.0001018 0.0001443 0.00010825 6.33e-05 0.00018285 0.00010915 0.00017535 8.625e-05 0.0001265 0.00011785 0.00017825 0.0001051 5.12e-05 0.00014435 0.0001688 0.0001092 0.0001415 0.0001074 7.31e-05 0.000102 8.03e-05 8.985e-05 0.00010685 7.935e-05 0.00016725 0.0001057 8.315e-05 0.0001092 0.000102 0.0001633 0.00014835 0.00017125 0.0001171 5.12e-05 0.0001022 0.00018465 0.0001171 0.0001245 0.0001122 7.25e-05 0.0001846 0.0001092 0.0001019 0.0001545 9.77e-05 0.0001649 0.00013335 0.0001092 0.00017655
48 0.00016805 0.0001342 0.0001393 0.00013225 0.0001769 0.0001341 0.00017035 0.0001337 0.00012905 0.0001471 0.0001684 0.00013245 0.00013575 0.00018375 0.00018285 0.0001748 0.00018385 9.145e-05 0.00018345 0.00018125 0.0001774 0.0001752 0.00013405 0.00012905 0.0001744 0.00018435 0.0001829 0.0001289 0.0001835 0.00013 0.0001603 0.0001818 0.00015195 0.00018035 0.0001764 0.00017575 0.00017825 0.0001827 0.0001646 0.0001751 0.0001835 0.00015195 0.0001671 0.0001079 0.00017215 0.00013365 0.00018435 0.00018465 0.0001769 0.00013365 0.00017235 0.000176 0.0001835 8.845e-05 0.0001835 0.00015185 0.00013185 0.00017615 0.00017615 0.00015415 0.00018135 0.00012655
49 9.94e-05 0.00010305 9.445e-05 0.00010325 0.0001166 0.00014255 0.0001331 0.0001337 0.00016915 0.0001235 0.00013225 0.0001487 0.0001046 0.00012825 0.0001578 0.00012495 9.985e-05 0.00013765 0.0001437 0.0001879 0.0001032 0.00014215 8.235e-05 0.00016915 0.0001198 9.945e-05 0.00015785 0.00011695 0.00014375 9.785e-05 0.0001329 0.00010755 8.825e-05 0.00010835 0.00010605 0.0001268 0.0001244 0.0001881 0.00010925 9.775e-05 0.00014375 8.825e-05 0.0001509 8.155e-05 0.00016395 8.16e-05 9.945e-05 0.0001171 0.00013365 0.0001631 0.00013605 0.0001353 0.0001043 0.0001336 0.00014375 8.815e-05 0.0001116 0.0001254 0.00017035 0.0001113 0.00015635 0.000163
50 0.0001061 0.0001643 0.0001364 0.00016165 9.385e-05 0.00014035 0.0001534 0.0001337 0.00017085 0.00015425 0.00013635 0.0001301 0.0001453 0.00011385 0.00014895 0.0001172 0.0001035 0.00017285 0.0001396 0.0001812 0.0001229 0.0001221 0.00013645 0.00017085 0.0001056 9.72e-05 0.000149 0.0001731 0.00013965 0.00015515 0.0001297 0.000102 0.0001173 0.0001054 0.00012245 0.00012945 0.00014365 0.00018215 0.00011645 0.00011635 0.00013965 0.0001173 0.0001542 0.00014815 0.00014715 0.00013605 9.72e-05 0.0001245 0.00017235 0.00013605 0.0 0.00013665 0.0001203 0.0001723 0.00013965 0.0001172 0.00013305 4.695e-05 0.00017695 0.0001266 0.00016805 0.00014205
51 9.965e-05 0.00013955 0.00012755 0.0001528 0.0001148 0.0001393 0.00014415 0.00014025 0.00016935 0.0001549 0.00013805 0.00015155 0.00015305 0.0001341 0.0001603 0.0001169 0.000112 0.00017375 0.0001371 0.00017645 0.00011695 0.0001399 0.0001364 0.00016935 0.00012115 8.86e-05 0.00016035 0.0001643 0.0001371 0.00015105 0.00013875 0.0001169 0.000126 0.00011895 0.0001207 0.00013705 0.00013335 0.0001857 0.0001222 0.00011515 0.00013715 0.000126 0.0001505 0.00015375 0.00016045 0.0001353 8.865e-05 0.0001122 0.000176 0.0001353 0.00013665 0.0001771 0.0001048 0.00017595 0.00013715 0.0001259 0.0001537 0.00011745 0.00017175 0.0001438 0.0001469 0.00016735
52 6.13e-05 0.0001259 0.00010425 0.0001364 8.55e-05 0.00012085 0.00013605 0.0001141 0.00017685 0.00015645 0.0001286 0.000139 0.0001181 8.015e-05 0.00012825 9e-05 5.91e-05 0.00018355 0.00011445 0.00019185 6.69e-05 0.00012425 0.00010535 0.00017685 8.73e-05 3.485e-05 0.0001283 0.00016695 0.0001145 0.00014295 0.000104 6.895e-05 9.39e-05 7.61e-05 7.425e-05 0.00011975 0.0001111 0.00019415 8.79e-05 7.34e-05 0.00011445 9.39e-05 0.0001518 0.0001472 0.0001647 0.0001043 3.48e-05 7.25e-05 0.0001835 0.0001043 0.0001203 0.0001048 6.96e-05 0.00018345 0.00011445 9.38e-05 0.00015495 8.745e-05 0.0001773 0.00010775 0.00013615 0.0001666
53 0.000168 0.00013415 0.00013925 0.00013225 0.00017685 0.00013405 0.0001703 0.00013365 0.000129 0.00014705 0.00016835 0.0001324 0.00013575 0.0001837 0.0001828 0.00017475 0.0001838 9.14e-05 0.0001834 0.0001812 0.00017735 0.00017515 0.00013405 0.000129 0.00017435 0.0001843 0.00018285 0.00012885 0.00018345 0.00013 0.00016025 0.00018175 0.0001519 0.0001803 0.00017635 0.0001757 0.0001782 0.00018265 0.00016455 0.00017505 0.00018345 0.0001519 0.00016705 0.00010785 0.0001721 0.0001336 0.0001843 0.0001846 8.845e-05 0.0001336 0.0001723 0.00017595 0.00018345 0.0001768 0.00018345 0.0001518 0.0001318 0.0001761 0.0001761 0.0001541 0.0001813 0.0001265
54 0.0001097 0.00015275 0.000138 0.00016635 0.00011285 0.0001439 0.00015565 0.0001438 0.00017995 0.0001649 0.0001504 0.0001519 0.00016535 0.0001258 0.0001217 0.0001309 0.00010015 0.0001817 9.625e-05 0.00011165 0.00012655 0.0001374 0.00014445 0.00017995 0.00013305 9.63e-05 0.00012175 0.0001798 9.63e-05 0.00015945 0.0001297 0.0001065 0.00012895 0.0001001 0.00012945 0.00011575 0.0001287 9.63e-05 0.0001306 0.0001196 9.625e-05 0.00012895 0.0001703 0.00016335 0.00014845 0.00014375 9.625e-05 0.0001092 0.0001835 0.00014375 0.00013965 0.00013715 0.00011445 0.00018345 0.0001925 0.00012885 0.0001546 0.0001243 0.00013635 0.0001506 0.0001092 0.00017675
55 7.865e-05 0.00011515 0.000101 0.00012015 9.605e-05 0.00013345 0.0001227 0.0001246 0.0001704 0.0001065 0.0001177 0.0001413 0.0001218 0.00011705 0.00015355 0.0001104 7.91e-05 0.00015585 0.0001288 0.0001819 9.28e-05 0.00012635 8.89e-05 0.0001704 0.00010935 7.87e-05 0.0001536 0.00013385 0.00012885 0.0001044 0.00012255 8.555e-05 6.09e-05 8.76e-05 9.565e-05 0.00010605 0.0001092 0.00017905 9.525e-05 7.7e-05 0.00012885 6.09e-05 0.0001467 8.81e-05 0.0001624 8.815e-05 7.87e-05 0.0001019 0.00015185 8.815e-05 0.0001172 0.0001259 9.38e-05 0.0001518 0.00012885 0.0001216 0.00011835 0.00010435 0.0001658 9.46e-05 0.000147 0.0001642
56 0.00013215 0.0001253 0.0001109 0.000128 0.0001109 0.000162 0.0001591 0.0001609 0.00017735 0.0001347 0.00015455 0.0001615 0.00012805 0.0001593 0.00016985 0.0001535 0.0001406 0.00013005 0.00015455 0.0001787 0.00015695 0.00015675 0.0001123 0.00017735 0.000141 0.00014295 0.0001699 0.00012795 0.0001546 0.00011385 0.0001633 0.00014485 0.00011845 0.0001389 0.00015605 0.00014335 0.00015555 0.0001663 0.0001476 0.00014275 0.0001546 0.00011845 0.00016825 8.94e-05 0.0001651 0.0001116 0.00014295 0.0001545 0.00013185 0.0001116 0.00013305 0.0001537 0.00015495 0.0001318 0.0001546 0.00011835 0.0001577 0.0001421 0.00016995 0.00013495 0.0001672 0.00016015
57 7.62e-05 0.00014845 0.00011835 0.00015265 8.23e-05 0.00012135 0.0001461 0.0001199 0.00016825 0.0001526 0.0001304 0.00013115 0.0001433 9.67e-05 0.00014745 9.63e-05 8.235e-05 0.00017445 0.00012425 0.0001867 9.63e-05 0.00010935 0.00012615 0.00016825 9.25e-05 5.85e-05 0.0001475 0.00017365 0.00012425 0.00015425 0.00010415 7.67e-05 0.00010445 9.185e-05 9.975e-05 0.00012565 0.0001318 0.0001901 9.75e-05 9.785e-05 0.0001243 0.00010445 0.00014935 0.0001521 0.0001549 0.0001254 5.855e-05 9.77e-05 0.00017615 0.0001254 4.695e-05 0.00011745 8.745e-05 0.0001761 0.0001243 0.00010435 0.0001421 9.39e-05 0.000178 0.0001224 0.0001527 0.0001486
58 0.0001791 0.00017405 0.0001791 0.00015225 0.0001691 0.00017815 0.00011385 0.00017075 0.00013545 0.0001306 0.00014545 0.00016385 0.00017585 0.00016415 0.00013515 0.0001679 0.00015865 0.0001783 0.0001363 0.00011035 0.00014675 0.0001557 0.0001701 0.00013545 0.0001548 0.00017825 0.0001352 0.00013515 0.00013635 0.0001546 0.0001586 0.0001592 0.0001659 0.00014955 0.0001424 0.00013165 0.00014245 9.45e-05 0.00014345 0.00014905 0.00013635 0.0001659 0.00012655 0.0001728 0.0001288 0.00017035 0.00017825 0.0001649 0.00017615 0.00017035 0.00017695 0.00017175 0.0001773 0.0001761 0.00013635 0.0001658 0.00016995 0.000178 0.0001889 0.00017145 0.00013345 0.000154
59 0.00011685 0.00013155 0.00012415 0.0001272 0.0001277 0.0001508 0.0001447 0.00014195 0.00017165 0.0001242 0.00013835 0.00014455 0.0001069 0.00011405 0.00013725 0.00013115 0.0001172 0.00015815 0.00015055 0.0001871 0.0001149 0.00014135 0.00011205 0.00017165 0.0001317 0.0001169 0.0001373 0.0001409 0.0001506 0.00012745 0.00013415 0.000118 9.46e-05 0.0001258 0.00011775 0.00014415 0.00014055 0.00018435 0.0001201 0.0001151 0.0001506 9.46e-05 0.00015135 0.00011125 0.0001682 0.0001113 0.0001169 0.00013335 0.00015415 0.0001113 0.0001266 0.0001438 0.00010775 0.0001541 0.0001506 9.46e-05 0.00013495 0.0001224 0.00017145 0.0001804 0.000162 0.0001657
