 slim_762012896 slim_762012860 slim_762012870 slim_762012915 slim_762012871 slim_762012874 slim_762012891 slim_762012893 slim_762012866 slim_762012890 slim_762012889 slim_762012900 slim_762012887 slim_762012886 slim_762012877 slim_762012885 slim_762012879 slim_762012865 slim_762012863 slim_762012868 slim_762012861 slim_762012880 slim_762012878 slim_762012897 slim_762012910 slim_762012904 slim_762012895 slim_762012894 slim_762012882 slim_762012892 slim_762012907 slim_762012909 slim_762012918 slim_762012859 slim_762012905 slim_762012876 slim_762012862 slim_762012903 slim_762012917 slim_762012919 slim_762012911 slim_762012881 slim_762012902 slim_762012869 slim_762012884 slim_762012888 slim_762012912 slim_762012913 slim_762012906 slim_762012914 slim_762012916 slim_762012898 slim_762012872 slim_762012873 slim_762012883 slim_762012864 slim_762012899 slim_762012908 slim_762012875 slim_762012901 slim_762012867
0 7.26e-05 0.000179 0.00012995 0.00016975 0.0001742 0.000118 0.0001951 4.715e-05 0.00016445 0.0001537 0.00010065 0.00011815 0.0001092 0.0001072 0.0001741 5.075e-05 0.00011465 0.00019375 0.0001258 0.00011025 0.00019375 0.00017415 0.00014025 0.0001242 0.00018285 0.00011935 0.0001834 0.00016805 0.0001041 0.00018745 0.0001371 0.0001648 0.00012575 0.0001156 0.0001193 0.00010985 0.0001251 7.23e-05 0.00012545 4.575e-05 0.000125 0.0001133 0.00011965 7.225e-05 0.00012505 0.00018965 0.00012475 0.00019425 0.00018965 0.00016475 0.00016495 6.04e-05 9.985e-05 0.0001248 0.00011325 5.585e-05 0.000118 0.00011645 0.00016765 0.0001196 0.00016445
1 0.000179 0.0001131 9.555e-05 6.23e-05 9.31e-05 0.0001518 8.53e-05 0.0001775 0.0001065 0.0001291 0.0001145 9.855e-05 0.00012005 0.0001365 9.3e-05 0.0001933 0.0001756 5.805e-05 0.00013335 0.0001061 5.805e-05 9.305e-05 0.0001383 0.0001512 0.00011925 0.00014675 0.00012945 0.0001177 0.0001714 8.785e-05 0.0001215 5.655e-05 0.0001333 0.00014245 0.0001467 0.00016155 0.000115 0.0001653 0.0001108 0.0001788 0.0001076 0.00017145 0.0001491 0.00016525 0.0001141 0.00012025 0.00011175 5.95e-05 0.00012025 9.725e-05 0.0001295 0.0001708 0.0001354 0.0001118 0.0001714 0.00015565 0.00011795 0.0001662 0.00015925 0.00014905 0.0001065
2 0.00012995 9.555e-05 0.0001287 8.87e-05 0.0001152 0.0001479 0.00014845 0.00014155 0.0001151 0.00013885 0.0001043 7.59e-05 0.00011805 0.00016095 0.0001151 0.000144 0.0001504 0.00012755 0.00014905 9.695e-05 0.00012755 0.00011515 0.00011265 0.0001583 0.00014775 0.000155 0.00016585 0.0001157 0.0001483 0.00014045 0.00012665 6.435e-05 0.000149 0.0001476 0.00015495 0.00014805 0.00013945 0.0001203 0.0001323 0.00013715 0.00012895 0.0001556 0.00015115 0.00012025 0.00013235 0.0001672 0.0001362 0.0001283 0.0001672 0.0001152 0.00014785 0.00014355 8.165e-05 0.00013625 0.00015555 0.0001297 0.0001393 0.0001494 0.00016645 0.0001511 0.0001151
3 0.00016975 6.23e-05 8.87e-05 0.0001041 9.815e-05 0.0001478 9.83e-05 0.0001666 0.00010985 0.00013775 0.0001034 9.21e-05 0.0001157 0.0001363 9.805e-05 0.00019125 0.00017835 7.255e-05 0.00013735 0.00010135 7.255e-05 9.81e-05 0.00013575 0.0001606 0.00012255 0.00014735 0.00014405 0.00011225 0.00016355 0.00010165 0.0001263 5.205e-05 0.0001373 0.00014725 0.0001473 0.00016425 0.0001148 0.000154 0.0001148 0.0001675 0.0001116 0.00016155 0.0001539 0.00015395 0.0001181 0.00013405 0.00011155 7.25e-05 0.00013405 0.00010015 0.0001374 0.0001704 0.0001254 0.0001116 0.0001615 0.00015065 0.00012195 0.00016665 0.0001612 0.00015385 0.00010985
4 0.0001742 9.31e-05 0.0001152 9.815e-05 0.0001852 0.0001595 9.525e-05 0.0001758 0.0001061 0.0001243 0.00013185 0.0001234 0.0001374 0.0001457 9.26e-05 0.00018815 0.0001803 9.44e-05 0.0001248 0.00012345 9.44e-05 9.265e-05 0.00015325 0.0001321 0.00013355 0.00012765 9.26e-05 0.0001322 0.0001672 9.395e-05 0.0001099 9.26e-05 0.00012475 0.0001321 0.0001276 0.000139 0.00013135 0.00015945 0.00012715 0.000174 0.00012475 0.00016725 0.00012965 0.0001594 0.0001309 9.395e-05 0.0001289 9.515e-05 9.395e-05 9.685e-05 0.00014345 0.0001691 0.00014805 0.00012895 0.0001672 0.0001543 0.00013155 0.00017355 0.0001373 0.0001296 0.0001061
5 0.000118 0.0001518 0.0001479 0.0001478 0.0001595 0.0001818 0.0001614 0.00010745 0.0001603 0.0001528 0.000117 0.0001369 0.00010735 0.0001239 0.0001594 0.0001275 0.0001402 0.0001544 0.0001381 0.0001297 0.0001544 0.00015945 0.0001563 0.00013165 0.00017725 0.0001297 0.0001684 0.0001746 0.00015015 0.0001578 0.000145 0.0001504 0.00013805 0.0001404 0.00012965 0.00015145 0.00012495 0.0001176 0.0001339 0.0001127 0.0001323 0.0001449 0.00014835 0.00011755 0.0001419 0.0001678 0.0001232 0.00015555 0.0001678 0.00015575 0.0001597 0.00011155 0.00014445 0.00012325 0.00014485 0.0001089 0.00013225 0.00010615 0.00017935 0.0001483 0.0001603
6 0.0001951 8.53e-05 0.00014845 9.83e-05 9.525e-05 0.0001614 5.17e-05 0.00018605 9.495e-05 9.5e-05 0.00015615 0.0001531 0.00014385 0.00011605 9.515e-05 0.0001967 0.000171 2.735e-05 0.0001089 0.00016685 2.74e-05 9.52e-05 0.0001621 0.000117 0.0001026 0.00011065 4.855e-05 0.00016055 0.00018455 3.725e-05 0.0001067 0.00014175 0.00010885 0.000129 0.0001106 0.0001244 0.0001017 0.00017315 0.00011105 0.00018645 0.00010885 0.00017605 0.0001224 0.0001731 0.000111 3.72e-05 9.93e-05 2.585e-05 3.72e-05 9.41e-05 0.00010675 0.0001908 0.0001528 9.93e-05 0.000176 0.0001917 0.00011575 0.0001756 0.00011265 0.00012235 9.495e-05
7 4.715e-05 0.0001775 0.00014155 0.0001666 0.0001758 0.00010745 0.00018605 7.01e-05 0.00016555 0.0001511 9.595e-05 0.00012145 9.62e-05 9.25e-05 0.0001757 5.6e-05 0.0001131 0.0001843 0.00012165 0.00011405 0.0001843 0.00017575 0.00014235 0.00012025 0.00018105 0.0001074 0.00017975 0.0001742 0.0001092 0.0001811 0.00013565 0.00017165 0.0001216 0.00011415 0.0001074 0.00011625 0.0001105 7.035e-05 0.000121 4.39e-05 0.00012085 0.0001059 0.0001182 7.035e-05 0.0001209 0.0001833 0.00011015 0.0001852 0.0001833 0.00016835 0.0001596 5.865e-05 0.00011345 0.0001102 0.0001059 5.63e-05 0.0001138 0.00011345 0.00016965 0.00011815 0.00016555
8 0.00016445 0.0001065 0.0001151 0.00010985 0.0001061 0.0001603 9.495e-05 0.00016555 0.0001846 0.0001154 0.00013875 0.00012325 0.0001433 0.00014835 0.000106 0.0001658 0.0001628 9.41e-05 0.00013815 0.0001505 9.41e-05 0.00010605 0.00013085 0.0001355 0.0001331 0.0001303 9.23e-05 0.00014545 0.000171 9.365e-05 0.00012325 0.0001197 0.0001381 0.00014555 0.00013025 0.00012525 0.000134 0.0001486 0.0001404 0.0001632 0.0001381 0.00016975 0.00013585 0.00014855 0.0001371 9.365e-05 0.00013155 9.485e-05 9.365e-05 0.0001008 0.00013455 0.000179 0.0001208 0.0001316 0.0001697 0.0001812 0.0001449 0.0001616 0.00012535 0.0001358 9.23e-05
9 0.0001537 0.0001291 0.00013885 0.00013775 0.0001243 0.0001528 9.5e-05 0.0001511 0.0001154 0.00018 0.0001526 0.00014605 0.00013445 0.00013405 0.0001242 0.0001442 0.00012135 9.915e-05 0.00012455 0.000158 9.915e-05 0.00012425 0.00013775 0.0001119 0.0001375 0.00011995 9e-05 0.0001674 0.00016545 9.675e-05 0.00012065 0.0001584 0.0001245 0.0001366 0.00011995 0.0001215 0.00012515 0.00014085 0.0001288 0.00015145 0.00012805 0.00016315 0.0001263 0.00014085 0.0001305 9.075e-05 0.0001242 9.845e-05 9.075e-05 0.0001227 0.0001175 0.00014815 0.00012605 0.00012425 0.00016315 0.00015745 0.0001244 0.00015075 0.0001311 0.00012625 0.0001154
10 0.00010065 0.0001145 0.0001043 0.0001034 0.00013185 0.000117 0.00015615 9.595e-05 0.00013875 0.0001526 0.0001476 9.57e-05 8.84e-05 0.0001153 0.00013175 0.000134 0.00015215 0.0001415 0.00012915 8.87e-05 0.0001415 0.0001318 0.00013835 0.0001393 0.00016665 0.0001243 0.0001748 0.0001396 0.0001322 0.00015455 0.00013175 8.87e-05 0.0001291 0.00013495 0.0001243 0.0001509 0.00011 0.0001036 0.00011735 0.0001004 0.0001157 0.00013215 0.00014595 0.0001036 0.00012985 0.0001722 0.00010825 0.00014265 0.0001722 0.0001244 0.00016005 0.0001104 0.00012175 0.0001083 0.00013215 8.865e-05 0.0001156 0.0001445 0.00017615 0.0001459 0.00013875
11 0.00011815 9.855e-05 7.59e-05 9.21e-05 0.0001234 0.0001369 0.0001531 0.00012145 0.00012325 0.00014605 9.57e-05 0.0001345 0.00010945 0.00015265 0.0001233 0.0001322 0.0001442 0.00013095 0.00014175 8.84e-05 0.00013095 0.00012335 0.00011085 0.00015495 0.0001485 0.00015165 0.00017925 0.00011605 0.0001371 0.00014905 0.00012325 6.735e-05 0.0001417 0.00014425 0.0001516 0.000153 0.0001313 0.00011905 0.00012415 0.00012535 0.0001208 0.0001444 0.00014785 0.000119 0.00012425 0.00017665 0.00012805 0.0001321 0.00017665 0.00012335 0.0001465 0.0001235 9.44e-05 0.0001281 0.00014435 0.0001096 0.00013115 0.0001384 0.00017195 0.0001478 0.00012325
12 0.0001092 0.00012005 0.00011805 0.0001157 0.0001374 0.00010735 0.00014385 9.62e-05 0.0001433 0.00013445 8.84e-05 0.00010945 0.000144 0.00010825 0.0001373 0.000124 0.00012805 0.0001292 0.00012605 0.00010345 0.0001292 0.00013735 0.000137 0.0001218 0.00016375 0.0001173 0.0001625 0.00015455 0.0001422 0.00014225 0.00012865 0.0001121 0.000126 0.00013185 0.00011725 0.0001468 0.00010295 0.0001048 0.00011405 0.00010155 0.0001126 0.00013455 0.00014285 0.00010475 0.00012675 0.0001599 0.0001012 0.00013035 0.0001599 0.00013365 0.00014185 0.0001021 0.00012585 0.00010125 0.0001345 9.455e-05 0.00011255 0.0001302 0.0001755 0.0001428 0.0001433
13 0.0001072 0.0001365 0.00016095 0.0001363 0.0001457 0.0001239 0.00011605 9.25e-05 0.00014835 0.00013405 0.0001153 0.00015265 0.00010825 0.0001502 0.0001456 0.0001175 0.00014465 0.0001108 0.00011215 0.00013235 0.00011085 0.00014565 0.0001698 0.0001174 0.00014925 0.00010225 0.0001293 0.0001749 0.0001421 0.0001185 0.0001336 0.0001619 0.0001121 0.0001121 0.0001022 0.0001236 9.32e-05 0.0001158 0.00010675 9.65e-05 0.00010665 0.00013155 0.00011925 0.00011575 0.00010985 0.0001254 9.285e-05 0.0001105 0.0001254 0.0001424 0.0001417 0.0001073 0.00015205 9.29e-05 0.0001315 0.00010255 9.97e-05 0.00014405 0.00015515 0.0001192 0.00014835
14 0.0001741 9.3e-05 0.0001151 9.805e-05 9.26e-05 0.0001594 9.515e-05 0.0001757 0.000106 0.0001242 0.00013175 0.0001233 0.0001373 0.0001456 0.000185 0.00018805 0.0001802 9.43e-05 0.0001247 0.00012335 9.43e-05 9.255e-05 0.00015315 0.000132 0.00013345 0.00012755 9.25e-05 0.0001321 0.0001671 9.385e-05 0.0001098 9.25e-05 0.00012465 0.0001321 0.0001275 0.0001389 0.00013125 0.00015935 0.00012705 0.0001739 0.00012465 0.00016715 0.00012955 0.0001593 0.0001308 9.385e-05 0.0001288 9.505e-05 9.385e-05 9.675e-05 0.00014335 0.000169 0.00014795 0.00012885 0.0001671 0.0001542 0.00013145 0.00017345 0.0001372 0.0001295 0.000106
15 5.075e-05 0.0001933 0.000144 0.00019125 0.00018815 0.0001275 0.0001967 5.6e-05 0.0001658 0.0001442 0.000134 0.0001322 0.000124 0.0001175 0.00018805 4.79e-05 8.78e-05 0.0001957 0.00014325 0.0001404 0.0001957 0.0001881 0.0001242 0.00012705 0.0001806 0.0001363 0.00018465 0.00017815 0.0001214 0.0001894 0.00015105 0.00019145 0.0001432 0.0001226 0.00013625 0.0001043 0.0001425 8.895e-05 0.00014325 5.59e-05 0.0001428 0.0001264 0.0001195 8.89e-05 0.00012525 0.0001909 0.00014205 0.0001962 0.0001909 0.0001824 0.00014925 6.185e-05 0.0001009 0.0001421 0.00012635 8.94e-05 0.00013925 9.55e-05 0.00016755 0.00011945 0.0001658
16 0.00011465 0.0001756 0.0001504 0.00017835 0.0001803 0.0001402 0.000171 0.0001131 0.0001628 0.00012135 0.00015215 0.0001442 0.00012805 0.00014465 0.0001802 8.78e-05 8.81e-05 0.00017185 0.00014895 0.00015215 0.00017185 0.00018025 9.36e-05 0.00013385 0.0001519 0.0001564 0.00018245 0.0001556 0.0001278 0.00017835 0.00016385 0.00017795 0.0001489 0.00015875 0.00015635 0.0001449 0.0001507 0.0001267 0.00014875 0.0001188 0.0001484 0.0001318 0.000151 0.00012665 0.00014495 0.000177 0.00015035 0.0001704 0.000177 0.00017825 0.00010755 0.00010235 0.0001155 0.0001504 0.00013175 0.0001264 0.00014395 0.00011565 0.00015495 0.00015095 0.0001628
17 0.00019375 5.805e-05 0.00012755 7.255e-05 9.44e-05 0.0001544 2.735e-05 0.0001843 9.41e-05 9.915e-05 0.0001415 0.00013095 0.0001292 0.0001108 9.43e-05 0.0001957 0.00017185 3.1e-06 0.00012145 0.0001522 1.6e-06 9.435e-05 0.0001521 0.0001287 9.41e-05 0.00012235 7.405e-05 0.00015055 0.0001871 3.115e-05 0.0001109 0.00011455 0.0001214 0.00013185 0.0001223 0.00013685 8.935e-05 0.0001716 9.87e-05 0.0001851 9.57e-05 0.0001786 0.00013445 0.00017155 9.82e-05 6.355e-05 8.61e-05 1.55e-06 6.355e-05 9.325e-05 9.905e-05 0.00018905 0.00014015 8.615e-05 0.00017855 0.0001896 0.0001061 0.00016895 0.000129 0.0001344 9.41e-05
18 0.0001258 0.00013335 0.00014905 0.00013735 0.0001248 0.0001381 0.0001089 0.00012165 0.00013815 0.00012455 0.00012915 0.00014175 0.00012605 0.00011215 0.0001247 0.00014325 0.00014895 0.00012145 0.0001931 0.0001208 0.0001215 0.00012475 0.0001685 0.0001092 0.0001452 0.00010475 0.00010445 0.0001571 0.0001371 0.0001153 0.00010805 0.00014495 9.655e-05 0.0001126 0.0001047 0.00012535 0.00011405 0.00012905 0.00010985 0.0001256 0.00010885 0.00013715 0.0001103 0.000129 0.00011865 0.0001005 0.0001131 0.00012115 0.0001005 0.0001289 0.0001441 0.000115 0.0001526 0.00011315 0.0001371 9.66e-05 0.00010535 0.00015565 0.0001419 0.00011025 0.00013815
19 0.00011025 0.0001061 9.695e-05 0.00010135 0.00012345 0.0001297 0.00016685 0.00011405 0.0001505 0.000158 8.87e-05 8.84e-05 0.00010345 0.00013235 0.00012335 0.0001404 0.00015215 0.0001522 0.0001208 0.0001224 0.0001522 0.0001234 0.00014475 0.00014395 0.00016045 0.0001414 0.0001855 0.0001143 0.00012375 0.00016525 0.0001234 6.12e-05 0.00012075 0.0001266 0.00014135 0.00016265 0.00012705 0.00012175 0.0001093 0.0001185 0.00010735 0.00013235 0.00013755 0.0001217 0.00012145 0.0001829 0.0001253 0.00015335 0.0001829 0.00013285 0.0001654 9.595e-05 0.00013455 0.00012535 0.0001323 6.155e-05 0.0001073 0.00014745 0.0001879 0.0001375 0.0001505
20 0.00019375 5.805e-05 0.00012755 7.255e-05 9.44e-05 0.0001544 2.74e-05 0.0001843 9.41e-05 9.915e-05 0.0001415 0.00013095 0.0001292 0.00011085 9.43e-05 0.0001957 0.00017185 1.6e-06 0.0001215 0.0001522 3.1e-06 9.435e-05 0.0001521 0.0001287 9.415e-05 0.00012235 7.405e-05 0.00015055 0.0001871 3.12e-05 0.0001109 0.00011455 0.00012145 0.00013185 0.0001223 0.00013685 8.935e-05 0.0001716 9.87e-05 0.0001851 9.575e-05 0.0001786 0.00013445 0.00017155 9.82e-05 6.36e-05 8.61e-05 1.6e-06 6.36e-05 9.325e-05 9.905e-05 0.00018905 0.00014015 8.615e-05 0.00017855 0.0001896 0.0001061 0.00016895 0.000129 0.0001344 9.41e-05
21 0.00017415 9.305e-05 0.00011515 9.81e-05 9.265e-05 0.00015945 9.52e-05 0.00017575 0.00010605 0.00012425 0.0001318 0.00012335 0.00013735 0.00014565 9.255e-05 0.0001881 0.00018025 9.435e-05 0.00012475 0.0001234 9.435e-05 0.0001851 0.0001532 0.00013205 0.0001335 0.0001276 9.255e-05 0.00013215 0.00016715 9.39e-05 0.00010985 9.255e-05 0.0001247 0.00013215 0.00012755 0.00013895 0.0001313 0.0001594 0.0001271 0.00017395 0.0001247 0.0001672 0.0001296 0.00015935 0.00013085 9.39e-05 0.00012885 9.51e-05 9.39e-05 9.68e-05 0.0001434 0.00016905 0.000148 0.0001289 0.00016715 0.00015425 0.0001315 0.0001735 0.00013725 0.00012955 0.00010605
22 0.00014025 0.0001383 0.00011265 0.00013575 0.00015325 0.0001563 0.0001621 0.00014235 0.00013085 0.00013775 0.00013835 0.00011085 0.000137 0.0001698 0.00015315 0.0001242 9.36e-05 0.0001521 0.0001685 0.00014475 0.0001521 0.0001532 0.0001599 0.0001634 0.00014075 0.00017265 0.00018175 0.0001269 0.0001414 0.0001664 0.00016175 0.00012455 0.00016845 0.0001744 0.0001726 0.00015455 0.00015965 0.0001415 0.0001604 0.0001454 0.00015855 0.0001464 0.00016645 0.00014145 0.0001516 0.0001769 0.0001578 0.0001521 0.0001769 0.0001475 0.00011785 0.00014805 0.00010255 0.00015785 0.00014635 0.000165 0.0001645 0.00013505 0.0001483 0.0001664 0.00013085
23 0.0001242 0.0001512 0.0001583 0.0001606 0.0001321 0.00013165 0.000117 0.00012025 0.0001355 0.0001119 0.0001393 0.00015495 0.0001218 0.0001174 0.000132 0.00012705 0.00013385 0.0001287 0.0001092 0.00014395 0.0001287 0.00013205 0.0001634 0.0001795 0.0001568 9.86e-05 8.975e-05 0.00017925 0.0001474 0.000112 0.0001092 0.00017425 0.00010915 0.00011375 9.855e-05 0.00011385 0.00011925 0.00012485 0.00012235 0.00012265 0.00012145 0.00014585 0.00011145 0.0001248 0.00013115 9.725e-05 0.0001183 0.0001292 9.725e-05 0.0001305 0.0001383 0.0001114 0.00015315 0.00011835 0.0001458 0.00011365 0.00011785 0.00014125 0.0001349 0.0001114 0.0001355
24 0.00018285 0.00011925 0.00014775 0.00012255 0.00013355 0.00017725 0.0001026 0.00018105 0.0001331 0.0001375 0.00016665 0.0001485 0.00016375 0.00014925 0.00013345 0.0001806 0.0001519 9.41e-05 0.0001452 0.00016045 9.415e-05 0.0001335 0.00014075 0.0001568 0.0001853 0.00015295 0.00012395 0.0001178 0.00013945 0.00010775 0.00013935 0.00014295 0.00014515 0.000152 0.0001529 0.0001515 0.00013915 0.0001766 0.00013705 0.00018045 0.00013525 0.0001373 0.00014885 0.00017655 0.0001332 0.0001182 0.0001373 9.265e-05 0.0001182 0.0001377 0.0001178 0.00018165 0.0001535 0.00013735 0.00013725 0.00017785 0.0001413 0.0001773 0.00011345 0.0001488 0.0001331
25 0.00011935 0.00014675 0.000155 0.00014735 0.00012765 0.0001297 0.00011065 0.0001074 0.0001303 0.00011995 0.0001243 0.00015165 0.0001173 0.00010225 0.00012755 0.0001363 0.0001564 0.00012235 0.00010475 0.0001414 0.00012235 0.0001276 0.00017265 9.86e-05 0.00015295 0.0001668 8.34e-05 0.0001773 0.00014375 0.00010565 0.00010475 0.0001717 0.0001047 0.0001093 8.34e-05 0.00010865 0.0001041 0.0001108 0.0001176 0.00010865 0.000117 0.00013315 0.000107 0.0001108 0.0001267 9.09e-05 0.00010315 0.00012285 9.09e-05 0.00012435 0.0001464 0.00012215 0.0001491 0.0001032 0.00013315 0.0001108 0.00011335 0.0001565 0.0001297 0.00010695 0.0001303
26 0.0001834 0.00012945 0.00016585 0.00014405 9.26e-05 0.0001684 4.855e-05 0.00017975 9.23e-05 9e-05 0.0001748 0.00017925 0.0001625 0.0001293 9.25e-05 0.00018465 0.00018245 7.405e-05 0.00010445 0.0001855 7.405e-05 9.255e-05 0.00018175 8.975e-05 0.00012395 8.34e-05 0.0 0.0001793 0.0001787 4.385e-05 8.695e-05 0.000185 0.0001044 0.0001106 8.335e-05 9.14e-05 0.0001221 0.00015915 0.00013145 0.00017475 0.0001301 0.0001702 9.48e-05 0.0001591 0.00013185 1.145e-05 0.00012045 7.415e-05 1.145e-05 9.145e-05 0.00012815 0.0001845 0.0001659 0.0001205 0.00017015 0.00018575 0.00013335 0.00018225 8.55e-05 9.475e-05 9.23e-05
27 0.00016805 0.0001177 0.0001157 0.00011225 0.0001322 0.0001746 0.00016055 0.0001742 0.00014545 0.0001674 0.0001396 0.00011605 0.00015455 0.0001749 0.0001321 0.00017815 0.0001556 0.00015055 0.0001571 0.0001143 0.00015055 0.00013215 0.0001269 0.00017925 0.0001178 0.0001773 0.0001793 0.0001698 0.0001237 0.0001644 0.0001499 8.49e-05 0.00015705 0.00016255 0.00017725 0.00017615 0.00016475 0.00017025 0.0001491 0.0001741 0.00014715 0.0001301 0.00016345 0.0001702 0.00014905 0.0001749 0.0001629 0.00015055 0.0001749 0.00014165 0.0001482 0.00016335 0.0001487 0.00016295 0.00013005 0.00014385 0.0001531 0.0001745 0.00014365 0.0001634 0.00014545
28 0.0001041 0.0001714 0.0001483 0.00016355 0.0001672 0.00015015 0.00018455 0.0001092 0.000171 0.00016545 0.0001322 0.0001371 0.0001422 0.0001421 0.0001671 0.0001214 0.0001278 0.0001871 0.0001371 0.00012375 0.0001871 0.00016715 0.0001414 0.0001474 0.00013945 0.00014375 0.0001787 0.0001237 0.0001838 0.0001847 0.0001448 0.0001555 0.00013705 0.0001397 0.0001437 0.00014715 0.0001481 0.00012505 0.0001399 0.00011215 0.00013945 0.00010035 0.00014085 0.000125 0.0001449 0.00018045 0.00014775 0.00018685 0.00018045 0.0001672 0.0001535 0.0001095 0.00014385 0.0001478 0.0001003 9.215e-05 0.000135 0.0001541 0.0001374 0.0001408 0.000171
29 0.00018745 8.785e-05 0.00014045 0.00010165 9.395e-05 0.0001578 3.725e-05 0.0001811 9.365e-05 9.675e-05 0.00015455 0.00014905 0.00014225 0.0001185 9.385e-05 0.0001894 0.00017835 3.115e-05 0.0001153 0.00016525 3.12e-05 9.39e-05 0.0001664 0.000112 0.00010775 0.00010565 4.385e-05 0.0001644 0.0001847 6.09e-05 9.925e-05 0.00014385 0.00011525 0.00011885 0.0001056 0.00011705 0.0001022 0.00016265 0.00011155 0.0001788 0.00010855 0.0001762 0.00011775 0.0001626 0.00011105 4.39e-05 9.895e-05 3.045e-05 4.39e-05 9.28e-05 0.00011315 0.00018585 0.00014725 9.9e-05 0.00017615 0.0001864 0.00011785 0.00017235 0.0001131 0.0001177 9.365e-05
30 0.0001371 0.0001215 0.00012665 0.0001263 0.0001099 0.000145 0.0001067 0.00013565 0.00012325 0.00012065 0.00013175 0.00012325 0.00012865 0.0001336 0.0001098 0.00015105 0.00016385 0.0001109 0.00010805 0.0001234 0.0001109 0.00010985 0.00016175 0.0001092 0.00013935 0.00010475 8.695e-05 0.0001499 0.0001448 9.925e-05 0.0001739 0.00013265 0.000108 0.0001093 0.0001047 0.00011915 0.0001194 0.0001296 0.0001152 0.0001369 0.0001128 0.00014485 0.0001068 0.00012955 0.000119 9.445e-05 0.00011695 0.0001114 9.445e-05 0.000114 0.0001401 0.000129 0.0001395 0.000117 0.0001448 0.00011415 0.0001196 0.00015905 0.0001321 0.00010675 0.00012325
31 0.0001648 5.655e-05 6.435e-05 5.205e-05 9.26e-05 0.0001504 0.00014175 0.00017165 0.0001197 0.0001584 8.87e-05 6.735e-05 0.0001121 0.0001619 9.25e-05 0.00019145 0.00017795 0.00011455 0.00014495 6.12e-05 0.00011455 9.255e-05 0.00012455 0.00017425 0.00014295 0.0001717 0.000185 8.49e-05 0.0001555 0.00014385 0.00013265 0.0 0.0001449 0.0001536 0.00017165 0.0001864 0.0001404 0.00015955 0.00012265 0.00017305 0.0001192 0.0001641 0.0001643 0.0001595 0.00012975 0.00017625 0.00013715 0.00011595 0.00017625 0.00010205 0.00015855 0.0001535 0.00013 0.0001372 0.00016405 0.00012265 0.00012955 0.00016465 0.0001889 0.00016425 0.0001197
32 0.00012575 0.0001333 0.000149 0.0001373 0.00012475 0.00013805 0.00010885 0.0001216 0.0001381 0.0001245 0.0001291 0.0001417 0.000126 0.0001121 0.00012465 0.0001432 0.0001489 0.0001214 9.655e-05 0.00012075 0.00012145 0.0001247 0.00016845 0.00010915 0.00014515 0.0001047 0.0001044 0.00015705 0.00013705 0.00011525 0.000108 0.0001449 0.000193 0.00011255 0.00010465 0.0001253 0.000114 0.000129 0.0001098 0.00012555 0.0001088 0.0001371 0.00011025 0.00012895 0.0001186 0.00010045 0.00011305 0.0001211 0.00010045 0.00012885 0.00014405 0.00011495 0.00015255 0.0001131 0.00013705 9.66e-05 0.0001053 0.0001556 0.00014185 0.0001102 0.0001381
33 0.0001156 0.00014245 0.0001476 0.00014725 0.0001321 0.0001404 0.000129 0.00011415 0.00014555 0.0001366 0.00013495 0.00014425 0.00013185 0.0001121 0.0001321 0.0001226 0.00015875 0.00013185 0.0001126 0.0001266 0.00013185 0.00013215 0.0001744 0.00011375 0.000152 0.0001093 0.0001106 0.00016255 0.0001397 0.00011885 0.0001093 0.0001536 0.00011255 0.0001834 0.00010925 0.00011675 0.0001188 0.00011885 0.0001146 0.0001154 0.000116 0.00013975 0.00010435 0.0001188 0.0001152 0.0001181 0.00012015 0.00013235 0.0001181 0.0001363 0.00014895 0.00010745 0.0001465 0.0001202 0.0001397 9.96e-05 0.00011645 0.0001475 0.0001461 0.0001043 0.00014555
34 0.0001193 0.0001467 0.00015495 0.0001473 0.0001276 0.00012965 0.0001106 0.0001074 0.00013025 0.00011995 0.0001243 0.0001516 0.00011725 0.0001022 0.0001275 0.00013625 0.00015635 0.0001223 0.0001047 0.00014135 0.0001223 0.00012755 0.0001726 9.855e-05 0.0001529 8.34e-05 8.335e-05 0.00017725 0.0001437 0.0001056 0.0001047 0.00017165 0.00010465 0.00010925 0.0001667 0.0001086 0.00010405 0.0001108 0.0001176 0.0001086 0.00011695 0.00013315 0.00010695 0.00011075 0.00012665 9.085e-05 0.0001031 0.0001228 9.085e-05 0.0001243 0.00014635 0.0001221 0.00014905 0.00010315 0.0001331 0.0001108 0.00011335 0.00015645 0.00012965 0.0001069 0.00013025
35 0.00010985 0.00016155 0.00014805 0.00016425 0.000139 0.00015145 0.0001244 0.00011625 0.00012525 0.0001215 0.0001509 0.000153 0.0001468 0.0001236 0.0001389 0.0001043 0.0001449 0.00013685 0.00012535 0.00016265 0.00013685 0.00013895 0.00015455 0.00011385 0.0001515 0.00010865 9.14e-05 0.00017615 0.00014715 0.00011705 0.00011915 0.0001864 0.0001253 0.00011675 0.0001086 0.0001828 0.00013245 0.00011735 0.00013885 0.0001086 0.00013795 0.0001459 0.0001073 0.0001173 0.00013005 0.0001016 0.0001314 0.00013695 0.0001016 0.0001337 0.0001445 0.0001297 0.00012285 0.00013145 0.00014585 0.0001388 0.0001378 0.00014585 0.00012225 0.00010725 0.00012525
36 0.0001251 0.000115 0.00013945 0.0001148 0.00013135 0.00012495 0.0001017 0.0001105 0.000134 0.00012515 0.00011 0.0001313 0.00010295 9.32e-05 0.00013125 0.0001425 0.0001507 8.935e-05 0.00011405 0.00012705 8.935e-05 0.0001313 0.00015965 0.00011925 0.00013915 0.0001041 0.0001221 0.00016475 0.0001481 0.0001022 0.0001194 0.0001404 0.000114 0.0001188 0.00010405 0.00013245 0.000172 0.00011585 9.96e-05 0.0001144 0.0001014 0.0001376 0.0001281 0.0001158 0.0001115 0.00011825 8.75e-05 8.905e-05 0.00011825 0.00012805 0.0001297 0.0001252 0.0001359 8.75e-05 0.00013755 0.00011345 9.985e-05 0.00015225 0.00015215 0.00012805 0.000134
37 7.23e-05 0.0001653 0.0001203 0.000154 0.00015945 0.0001176 0.00017315 7.035e-05 0.0001486 0.00014085 0.0001036 0.00011905 0.0001048 0.0001158 0.00015935 8.895e-05 0.0001267 0.0001716 0.00012905 0.00012175 0.0001716 0.0001594 0.0001415 0.00012485 0.0001766 0.0001108 0.00015915 0.00017025 0.00012505 0.00016265 0.0001296 0.00015955 0.000129 0.00011885 0.0001108 0.00011735 0.00011585 0.0001249 0.0001264 6.9e-05 0.00012805 0.0001217 0.00012815 6.25e-05 0.0001346 0.00016665 0.0001173 0.0001721 0.00016665 0.000152 0.00015705 9.38e-05 8.28e-05 0.00011735 0.0001217 8.38e-05 0.000125 0.00013145 0.0001615 0.0001281 0.0001486
38 0.00012545 0.0001108 0.0001323 0.0001148 0.00012715 0.0001339 0.00011105 0.000121 0.0001404 0.0001288 0.00011735 0.00012415 0.00011405 0.00010675 0.00012705 0.00014325 0.00014875 9.87e-05 0.00010985 0.0001093 9.87e-05 0.0001271 0.0001604 0.00012235 0.00013705 0.0001176 0.00013145 0.0001491 0.0001399 0.00011155 0.0001152 0.00012265 0.0001098 0.0001146 0.0001176 0.00013885 9.96e-05 0.0001264 0.0001907 0.000125 9.72e-05 0.00013965 0.0001239 0.0001264 0.0001073 0.0001276 0.0001011 9.84e-05 0.0001276 0.00013125 0.0001334 0.00011475 0.00013935 0.0001011 0.00013965 9.565e-05 9.56e-05 0.00015205 0.00015855 0.00012385 0.0001404
39 4.575e-05 0.0001788 0.00013715 0.0001675 0.000174 0.0001127 0.00018645 4.39e-05 0.0001632 0.00015145 0.0001004 0.00012535 0.00010155 9.65e-05 0.0001739 5.59e-05 0.0001188 0.0001851 0.0001256 0.0001185 0.0001851 0.00017395 0.0001454 0.00012265 0.00018045 0.00010865 0.00017475 0.0001741 0.00011215 0.0001788 0.0001369 0.00017305 0.00012555 0.0001154 0.0001086 0.0001086 0.0001144 6.9e-05 0.000125 8.49e-05 0.0001248 0.00010885 0.00011945 6.895e-05 0.00012485 0.000181 0.00011405 0.0001856 0.000181 0.00016655 0.0001627 6.73e-05 0.000106 0.0001141 0.0001088 6.385e-05 0.0001178 0.00012005 0.0001664 0.0001194 0.0001632
40 0.000125 0.0001076 0.00012895 0.0001116 0.00012475 0.0001323 0.00010885 0.00012085 0.0001381 0.00012805 0.0001157 0.0001208 0.0001126 0.00010665 0.00012465 0.0001428 0.0001484 9.57e-05 0.00010885 0.00010735 9.575e-05 0.0001247 0.00015855 0.00012145 0.00013525 0.000117 0.0001301 0.00014715 0.00013945 0.00010855 0.0001128 0.0001192 0.0001088 0.000116 0.00011695 0.00013795 0.0001014 0.00012805 9.72e-05 0.0001248 0.0001908 0.0001395 0.0001229 0.000128 0.00010555 0.00012615 9.965e-05 9.54e-05 0.00012615 0.00012885 0.00013495 0.0001142 0.0001393 9.97e-05 0.00013945 9.55e-05 9.545e-05 0.0001502 0.00015765 0.00012285 0.0001381
41 0.0001133 0.00017145 0.0001556 0.00016155 0.00016725 0.0001449 0.00017605 0.0001059 0.00016975 0.00016315 0.00013215 0.0001444 0.00013455 0.00013155 0.00016715 0.0001264 0.0001318 0.0001786 0.00013715 0.00013235 0.0001786 0.0001672 0.0001464 0.00014585 0.0001373 0.00013315 0.0001702 0.0001301 0.00010035 0.0001762 0.00014485 0.0001641 0.0001371 0.00013975 0.00013315 0.0001459 0.0001376 0.0001217 0.00013965 0.00010885 0.0001395 0.0001922 0.0001409 0.0001217 0.00014495 0.00017195 0.00013725 0.00017835 0.00017195 0.00016925 0.00015125 0.0001165 0.00014985 0.0001373 9.61e-05 0.00010045 0.000135 0.00015755 0.00013615 0.00014085 0.00016975
42 0.00011965 0.0001491 0.00015115 0.0001539 0.00012965 0.00014835 0.0001224 0.0001182 0.00013585 0.0001263 0.00014595 0.00014785 0.00014285 0.00011925 0.00012955 0.0001195 0.000151 0.00013445 0.0001103 0.00013755 0.00013445 0.0001296 0.00016645 0.00011145 0.00014885 0.000107 9.48e-05 0.00016345 0.00014085 0.00011775 0.0001068 0.0001643 0.00011025 0.00010435 0.00010695 0.0001073 0.0001281 0.00012815 0.0001239 0.00011945 0.0001229 0.0001409 0.0001896 0.0001281 0.0001149 0.0001023 0.00012705 0.00013495 0.0001023 0.0001338 0.0001465 0.00011145 0.0001484 0.0001271 0.00014085 0.0001108 0.00012275 0.0001483 0.0001338 9.48e-05 0.00013585
43 7.225e-05 0.00016525 0.00012025 0.00015395 0.0001594 0.00011755 0.0001731 7.035e-05 0.00014855 0.00014085 0.0001036 0.000119 0.00010475 0.00011575 0.0001593 8.89e-05 0.00012665 0.00017155 0.000129 0.0001217 0.00017155 0.00015935 0.00014145 0.0001248 0.00017655 0.0001108 0.0001591 0.0001702 0.000125 0.0001626 0.00012955 0.0001595 0.00012895 0.0001188 0.00011075 0.0001173 0.0001158 6.25e-05 0.0001264 6.895e-05 0.000128 0.0001217 0.0001281 0.0001248 0.00013455 0.0001666 0.00011725 0.00017205 0.0001666 0.00015195 0.000157 9.375e-05 8.275e-05 0.0001173 0.00012165 8.38e-05 0.000125 0.0001314 0.00016145 0.00012805 0.00014855
44 0.00012505 0.0001141 0.00013235 0.0001181 0.0001309 0.0001419 0.000111 0.0001209 0.0001371 0.0001305 0.00012985 0.00012425 0.00012675 0.00010985 0.0001308 0.00012525 0.00014495 9.82e-05 0.00011865 0.00012145 9.82e-05 0.00013085 0.0001516 0.00013115 0.0001332 0.0001267 0.00013185 0.00014905 0.0001449 0.00011105 0.000119 0.00012975 0.0001186 0.0001152 0.00012665 0.00013005 0.0001115 0.0001346 0.0001073 0.00012485 0.00010555 0.00014495 0.0001149 0.00013455 0.0001957 0.000128 0.0001097 9.79e-05 0.000128 0.00013505 0.00013115 0.00011415 0.00013515 0.0001097 0.0001449 0.00011315 0.00010895 0.0001422 0.0001552 0.00011485 0.0001371
45 0.00018965 0.00012025 0.0001672 0.00013405 9.395e-05 0.0001678 3.72e-05 0.0001833 9.365e-05 9.075e-05 0.0001722 0.00017665 0.0001599 0.0001254 9.385e-05 0.0001909 0.000177 6.355e-05 0.0001005 0.0001829 6.36e-05 9.39e-05 0.0001769 9.725e-05 0.0001182 9.09e-05 1.145e-05 0.0001749 0.00018045 4.39e-05 9.445e-05 0.00017625 0.00010045 0.0001181 9.085e-05 0.0001016 0.00011825 0.00016665 0.0001276 0.000181 0.00012615 0.00017195 0.0001023 0.0001666 0.000128 2.29e-05 0.0001166 6.285e-05 1.145e-05 9.28e-05 0.00012205 0.00018805 0.000166 0.00011665 0.0001719 0.0001893 0.0001295 0.00018165 9.12e-05 0.00010225 9.365e-05
46 0.00012475 0.00011175 0.0001362 0.00011155 0.0001289 0.0001232 9.93e-05 0.00011015 0.00013155 0.0001242 0.00010825 0.00012805 0.0001012 9.285e-05 0.0001288 0.00014205 0.00015035 8.61e-05 0.0001131 0.0001253 8.61e-05 0.00012885 0.0001578 0.0001183 0.0001373 0.00010315 0.00012045 0.0001629 0.00014775 9.895e-05 0.00011695 0.00013715 0.00011305 0.00012015 0.0001031 0.0001314 8.75e-05 0.0001173 0.0001011 0.00011405 9.965e-05 0.00013725 0.00012705 0.00011725 0.0001097 0.0001166 0.0001715 8.58e-05 0.0001166 0.0001256 0.0001311 0.00012485 0.00013585 8.58e-05 0.0001372 0.0001132 9.96e-05 0.0001504 0.0001511 0.000127 0.00013155
47 0.00019425 5.95e-05 0.0001283 7.25e-05 9.515e-05 0.00015555 2.585e-05 0.0001852 9.485e-05 9.845e-05 0.00014265 0.0001321 0.00013035 0.0001105 9.505e-05 0.0001962 0.0001704 1.55e-06 0.00012115 0.00015335 1.6e-06 9.51e-05 0.0001521 0.0001292 9.265e-05 0.00012285 7.415e-05 0.00015055 0.00018685 3.045e-05 0.0001114 0.00011595 0.0001211 0.00013235 0.0001228 0.00013695 8.905e-05 0.0001721 9.84e-05 0.0001856 9.54e-05 0.00017835 0.00013495 0.00017205 9.79e-05 6.285e-05 8.58e-05 1e-07 6.285e-05 9.4e-05 9.76e-05 0.00018995 0.00013945 8.585e-05 0.0001783 0.0001905 0.0001058 0.0001701 0.00012835 0.0001349 9.485e-05
48 0.00018965 0.00012025 0.0001672 0.00013405 9.395e-05 0.0001678 3.72e-05 0.0001833 9.365e-05 9.075e-05 0.0001722 0.00017665 0.0001599 0.0001254 9.385e-05 0.0001909 0.000177 6.355e-05 0.0001005 0.0001829 6.36e-05 9.39e-05 0.0001769 9.725e-05 0.0001182 9.09e-05 1.145e-05 0.0001749 0.00018045 4.39e-05 9.445e-05 0.00017625 0.00010045 0.0001181 9.085e-05 0.0001016 0.00011825 0.00016665 0.0001276 0.000181 0.00012615 0.00017195 0.0001023 0.0001666 0.000128 1.145e-05 0.0001166 6.285e-05 2.29e-05 9.28e-05 0.00012205 0.00018805 0.000166 0.00011665 0.0001719 0.0001893 0.0001295 0.00018165 9.12e-05 0.00010225 9.365e-05
49 0.00016475 9.725e-05 0.0001152 0.00010015 9.685e-05 0.00015575 9.41e-05 0.00016835 0.0001008 0.0001227 0.0001244 0.00012335 0.00013365 0.0001424 9.675e-05 0.0001824 0.00017825 9.325e-05 0.0001289 0.00013285 9.325e-05 9.68e-05 0.0001475 0.0001305 0.0001377 0.00012435 9.145e-05 0.00014165 0.0001672 9.28e-05 0.000114 0.00010205 0.00012885 0.0001363 0.0001243 0.0001337 0.00012805 0.000152 0.00013125 0.00016655 0.00012885 0.00016925 0.0001338 0.00015195 0.00013505 9.28e-05 0.0001256 9.4e-05 9.28e-05 0.0001829 0.00014185 0.0001728 0.0001386 0.00012565 0.0001692 0.00016365 0.00013565 0.0001703 0.000132 0.00013375 0.0001008
50 0.00016495 0.0001295 0.00014785 0.0001374 0.00014345 0.0001597 0.00010675 0.0001596 0.00013455 0.0001175 0.00016005 0.0001465 0.00014185 0.0001417 0.00014335 0.00014925 0.00010755 9.905e-05 0.0001441 0.0001654 9.905e-05 0.0001434 0.00011785 0.0001383 0.0001178 0.0001464 0.00012815 0.0001482 0.0001535 0.00011315 0.0001401 0.00015855 0.00014405 0.00014895 0.00014635 0.0001445 0.0001297 0.00015705 0.0001334 0.0001627 0.00013495 0.00015125 0.0001465 0.000157 0.00013115 0.00012205 0.0001311 9.76e-05 0.00012205 0.00014185 0.0001895 0.0001566 0.00013445 0.0001311 0.0001512 0.00017215 0.0001394 0.00015145 0.0001309 0.00014645 0.00013455
51 6.04e-05 0.0001708 0.00014355 0.0001704 0.0001691 0.00011155 0.0001908 5.865e-05 0.000179 0.00014815 0.0001104 0.0001235 0.0001021 0.0001073 0.000169 6.185e-05 0.00010235 0.00018905 0.000115 9.595e-05 0.00018905 0.00016905 0.00014805 0.0001114 0.00018165 0.00012215 0.0001845 0.00016335 0.0001095 0.00018585 0.000129 0.0001535 0.00011495 0.00010745 0.0001221 0.0001297 0.0001252 9.38e-05 0.00011475 6.73e-05 0.0001142 0.0001165 0.00011145 9.375e-05 0.00011415 0.00018805 0.00012485 0.00018995 0.00018805 0.0001728 0.0001566 7.66e-05 0.0001356 0.0001249 0.00011645 3.865e-05 0.0001072 0.00010725 0.00018315 0.0001114 0.000179
52 9.985e-05 0.0001354 8.165e-05 0.0001254 0.00014805 0.00014445 0.0001528 0.00011345 0.0001208 0.00012605 0.00012175 9.44e-05 0.00012585 0.00015205 0.00014795 0.0001009 0.0001155 0.00014015 0.0001526 0.00013455 0.00014015 0.000148 0.00010255 0.00015315 0.0001535 0.0001491 0.0001659 0.0001487 0.00014385 0.00014725 0.0001395 0.00013 0.00015255 0.0001465 0.00014905 0.00012285 0.0001359 8.28e-05 0.00013935 0.000106 0.0001393 0.00014985 0.0001484 8.275e-05 0.00013515 0.000166 0.00013585 0.00013945 0.000166 0.0001386 0.00013445 0.0001356 6.64e-05 0.0001359 0.0001498 0.00013915 0.0001467 0.0001328 0.00015515 0.00014835 0.0001208
53 0.0001248 0.0001118 0.00013625 0.0001116 0.00012895 0.00012325 9.93e-05 0.0001102 0.0001316 0.00012425 0.0001083 0.0001281 0.00010125 9.29e-05 0.00012885 0.0001421 0.0001504 8.615e-05 0.00011315 0.00012535 8.615e-05 0.0001289 0.00015785 0.00011835 0.00013735 0.0001032 0.0001205 0.00016295 0.0001478 9.9e-05 0.000117 0.0001372 0.0001131 0.0001202 0.00010315 0.00013145 8.75e-05 0.00011735 0.0001011 0.0001141 9.97e-05 0.0001373 0.0001271 0.0001173 0.0001097 0.00011665 8.58e-05 8.585e-05 0.00011665 0.00012565 0.0001311 0.0001249 0.0001359 0.0001716 0.00013725 0.00011325 9.965e-05 0.00015045 0.00015115 0.00012705 0.0001316
54 0.00011325 0.0001714 0.00015555 0.0001615 0.0001672 0.00014485 0.000176 0.0001059 0.0001697 0.00016315 0.00013215 0.00014435 0.0001345 0.0001315 0.0001671 0.00012635 0.00013175 0.00017855 0.0001371 0.0001323 0.00017855 0.00016715 0.00014635 0.0001458 0.00013725 0.00013315 0.00017015 0.00013005 0.0001003 0.00017615 0.0001448 0.00016405 0.00013705 0.0001397 0.0001331 0.00014585 0.00013755 0.0001217 0.00013965 0.0001088 0.00013945 9.61e-05 0.00014085 0.00012165 0.0001449 0.0001719 0.0001372 0.0001783 0.0001719 0.0001692 0.0001512 0.00011645 0.0001498 0.00013725 0.0001921 0.00010045 0.000135 0.0001575 0.0001361 0.0001408 0.0001697
55 5.585e-05 0.00015565 0.0001297 0.00015065 0.0001543 0.0001089 0.0001917 5.63e-05 0.0001812 0.00015745 8.865e-05 0.0001096 9.455e-05 0.00010255 0.0001542 8.94e-05 0.0001264 0.0001896 9.66e-05 6.155e-05 0.0001896 0.00015425 0.000165 0.00011365 0.00017785 0.0001108 0.00018575 0.00014385 9.215e-05 0.0001864 0.00011415 0.00012265 9.66e-05 9.96e-05 0.0001108 0.0001388 0.00011345 8.38e-05 9.565e-05 6.385e-05 9.55e-05 0.00010045 0.0001108 8.38e-05 0.00011315 0.0001893 0.0001132 0.0001905 0.0001893 0.00016365 0.00017215 3.865e-05 0.00013915 0.00011325 0.00010045 7e-07 8.5e-05 0.0001303 0.0001868 0.00011075 0.0001812
56 0.000118 0.00011795 0.0001393 0.00012195 0.00013155 0.00013225 0.00011575 0.0001138 0.0001449 0.0001244 0.0001156 0.00013115 0.00011255 9.97e-05 0.00013145 0.00013925 0.00014395 0.0001061 0.00010535 0.0001073 0.0001061 0.0001315 0.0001645 0.00011785 0.0001413 0.00011335 0.00013335 0.0001531 0.000135 0.00011785 0.0001196 0.00012955 0.0001053 0.00011645 0.00011335 0.0001378 9.985e-05 0.000125 9.56e-05 0.0001178 9.545e-05 0.000135 0.00012275 0.000125 0.00010895 0.0001295 9.96e-05 0.0001058 0.0001295 0.00013565 0.0001394 0.0001072 0.0001467 9.965e-05 0.000135 8.5e-05 0.0001699 0.0001536 0.00016005 0.0001227 0.0001449
57 0.00011645 0.0001662 0.0001494 0.00016665 0.00017355 0.00010615 0.0001756 0.00011345 0.0001616 0.00015075 0.0001445 0.0001384 0.0001302 0.00014405 0.00017345 9.55e-05 0.00011565 0.00016895 0.00015565 0.00014745 0.00016895 0.0001735 0.00013505 0.00014125 0.0001773 0.0001565 0.00018225 0.0001745 0.0001541 0.00017235 0.00015905 0.00016465 0.0001556 0.0001475 0.00015645 0.00014585 0.00015225 0.00013145 0.00015205 0.00012005 0.0001502 0.00015755 0.0001483 0.0001314 0.0001422 0.00018165 0.0001504 0.0001701 0.00018165 0.0001703 0.00015145 0.00010725 0.0001328 0.00015045 0.0001575 0.0001303 0.0001536 0.0001631 0.0001792 0.00014825 0.0001616
58 0.00016765 0.00015925 0.00016645 0.0001612 0.0001373 0.00017935 0.00011265 0.00016965 0.00012535 0.0001311 0.00017615 0.00017195 0.0001755 0.00015515 0.0001372 0.00016755 0.00015495 0.000129 0.0001419 0.0001879 0.000129 0.00013725 0.0001483 0.0001349 0.00011345 0.0001297 8.55e-05 0.00014365 0.0001374 0.0001131 0.0001321 0.0001889 0.00014185 0.0001461 0.00012965 0.00012225 0.00015215 0.0001615 0.00015855 0.0001664 0.00015765 0.00013615 0.0001338 0.00016145 0.0001552 9.12e-05 0.0001511 0.00012835 9.12e-05 0.000132 0.0001309 0.00018315 0.00015515 0.00015115 0.0001361 0.0001868 0.00016005 0.0001792 0.000171 0.00013375 0.00012535
59 0.0001196 0.00014905 0.0001511 0.00015385 0.0001296 0.0001483 0.00012235 0.00011815 0.0001358 0.00012625 0.0001459 0.0001478 0.0001428 0.0001192 0.0001295 0.00011945 0.00015095 0.0001344 0.00011025 0.0001375 0.0001344 0.00012955 0.0001664 0.0001114 0.0001488 0.00010695 9.475e-05 0.0001634 0.0001408 0.0001177 0.00010675 0.00016425 0.0001102 0.0001043 0.0001069 0.00010725 0.00012805 0.0001281 0.00012385 0.0001194 0.00012285 0.00014085 9.48e-05 0.00012805 0.00011485 0.00010225 0.000127 0.0001349 0.00010225 0.00013375 0.00014645 0.0001114 0.00014835 0.00012705 0.0001408 0.00011075 0.0001227 0.00014825 0.00013375 0.0001895 0.0001358
60 0.00016445 0.0001065 0.0001151 0.00010985 0.0001061 0.0001603 9.495e-05 0.00016555 9.23e-05 0.0001154 0.00013875 0.00012325 0.0001433 0.00014835 0.000106 0.0001658 0.0001628 9.41e-05 0.00013815 0.0001505 9.41e-05 0.00010605 0.00013085 0.0001355 0.0001331 0.0001303 9.23e-05 0.00014545 0.000171 9.365e-05 0.00012325 0.0001197 0.0001381 0.00014555 0.00013025 0.00012525 0.000134 0.0001486 0.0001404 0.0001632 0.0001381 0.00016975 0.00013585 0.00014855 0.0001371 9.365e-05 0.00013155 9.485e-05 9.365e-05 0.0001008 0.00013455 0.000179 0.0001208 0.0001316 0.0001697 0.0001812 0.0001449 0.0001616 0.00012535 0.0001358 0.0001846
