 slim_762003065 slim_762003089 slim_762003041 slim_762003052 slim_762003075 slim_762003042 slim_762003060 slim_762003082 slim_762003078 slim_762003046 slim_762003035 slim_762003040 slim_762003071 slim_762003074 slim_762003063 slim_762003037 slim_762003059 slim_762003039 slim_762003094 slim_762003050 slim_762003038 slim_762003088 slim_762003030 slim_762003047 slim_762003033 slim_762003057 slim_762003085 slim_762003072 slim_762003055 slim_762003087 slim_762003077 slim_762003064 slim_762003084 slim_762003032 slim_762003083 slim_762003061 slim_762003076 slim_762003066 slim_762003070 slim_762003056 slim_762003048 slim_762003043 slim_762003080 slim_762003093 slim_762003049 slim_762003045 slim_762003068 slim_762003044 slim_762003079 slim_762003090 slim_762003031 slim_762003029 slim_762003073 slim_762003091 slim_762003069 slim_762003034 slim_762003081 slim_762003054 slim_762003036 slim_762003086 slim_762003051 slim_762003062 slim_762003067 slim_762003092 slim_762003058 slim_762003053
0 0.0001874 0.00016965 0.0001617 0.00016775 0.0001666 0.0001664 0.0001393 0.0001641 0.0001324 0.00016515 0.00017315 0.0001665 0.00016095 0.0001685 0.00016495 0.0001713 0.00016905 0.00016415 0.0001696 0.00016965 0.0001546 0.00016615 0.0001699 0.0001665 0.0001618 0.00016455 0.00016385 0.0001394 0.0001086 0.0001708 0.00017185 0.00017125 0.0001462 0.00016525 0.0001611 0.00017095 0.00014225 0.0001259 0.00016675 0.0001595 0.00017085 0.00016585 0.00016895 0.0001496 0.00015605 0.00016655 0.00014575 0.0001772 0.00017185 0.0001638 0.0001615 0.00016905 0.00013355 0.00016475 0.00015465 0.0001601 0.00014605 0.0001654 0.0001693 0.00017095 0.0001602 0.0001722 0.00016535 0.00014845 0.00017225 0.000161
1 0.00016965 0.0001622 0.00012865 0.00016815 0.00011965 0.0001605 0.0001663 0.00017225 0.00016605 0.0001308 0.0001808 0.0001583 0.0001433 0.00012975 0.0001701 0.0001654 0.00012405 0.0001787 0.00012475 8.12e-05 0.00016745 0.0001729 0.00016805 0.0001783 0.00016955 0.00013 0.0001702 0.0001664 0.00017065 0.0001428 0.00014485 0.00017545 0.00012265 0.0001206 0.0001618 0.00016865 0.00013755 0.00016185 0.0001621 0.0001617 0.00013535 0.00016705 0.00016265 0.00017315 0.000142 0.00012865 0.00017125 0.0001724 0.0001739 0.0001274 0.0001772 0.00016675 0.0001767 0.0001727 0.0001598 0.00012835 0.0001656 0.0001769 0.0001622 0.00016865 0.0001789 0.0001703 0.0001755 0.0001272 0.00018145 0.0001672
2 0.0001617 0.00012865 0.0001737 0.00014045 0.00012495 0.00015875 0.0001566 0.0001446 0.00014255 9.97e-05 0.00017595 0.00015205 0.00015615 0.00012095 0.0001287 0.00015935 0.0001259 0.00013175 0.00012455 0.00012865 0.0001462 0.0001716 0.000164 0.00014485 0.00013095 0.000101 0.0001653 0.0001567 0.00015805 0.0001405 0.0001375 0.00016105 0.0001174 0.00012085 0.000159 0.0001671 0.000147 0.0001631 0.00015105 0.00013985 0.00013335 0.00015765 0.000153 0.0001567 0.0001566 0.0001092 0.00014885 0.0001671 0.00015965 0.00012895 0.000142 0.0001622 0.00015965 0.00013695 0.0001604 0.0001313 0.0001553 0.0001619 0.000153 0.0001671 0.00011255 0.00017085 0.00017535 0.0001199 0.0001702 0.00016695
3 0.00016775 0.00016815 0.00014045 0.0001805 0.00016115 0.0001721 0.00016605 0.00013125 0.00016015 0.0001272 0.0001775 0.0001639 0.00015905 0.00014585 0.00013055 0.00017285 0.0001697 0.0001096 0.00016945 0.00016815 0.0001459 0.00015865 0.00014665 0.00012485 0.00012545 0.0001274 0.0001583 0.00016615 0.0001586 0.0001608 0.00013995 0.0001753 0.00015395 0.00016375 0.00017685 0.0001763 0.0001692 0.0001707 0.000143 0.0001358 0.00017215 0.0001504 0.00017245 0.0001511 0.0001664 0.00013775 0.0001352 0.000152 0.0001335 0.00015325 0.0001104 0.0001747 0.0001501 0.0001323 0.00017155 0.0001627 0.00015865 0.0001288 0.00017345 0.0001763 9.025e-05 0.00017575 0.0001797 0.00016215 0.0001575 0.0001743
4 0.0001666 0.00011965 0.00012495 0.00016115 0.0001564 0.00017235 0.0001601 0.0001286 0.0001656 0.00012675 0.00017695 0.00012585 0.00016265 0.0001274 0.00017415 0.0001723 0.00011985 0.00017515 0.00012035 0.0001197 0.00017065 0.00016585 0.0001644 0.0001728 0.000167 0.00012615 0.00016085 0.0001602 0.0001648 0.0001458 0.00014745 0.0001785 0.0001134 0.0001198 0.0001678 0.00016835 0.0001333 0.00016415 0.0001622 0.0001639 0.0001305 0.0001665 0.00016725 0.0001636 0.0001647 0.00012365 0.00016255 0.00017325 0.0001709 0.00011935 0.0001669 0.00016125 0.00017885 0.00016795 0.00015565 0.00014685 0.0001179 0.0001681 0.0001674 0.00016835 0.0001741 0.0001697 0.0001794 0.00011785 0.0001774 0.00017185
5 0.0001664 0.0001605 0.00015875 0.0001721 0.00017235 0.0001477 0.00016845 0.0001682 0.00013105 0.0001716 0.0001659 0.0001197 0.00014725 0.0001726 0.00012035 0.00011885 0.00017185 0.0001658 0.0001706 0.0001605 0.0001246 0.000172 0.00016845 0.00016865 0.00016575 0.0001728 0.0001724 0.00016855 0.0001649 0.00017585 0.0001754 0.0001211 0.0001744 0.00017335 0.0001366 0.0001744 0.0001736 0.00017025 0.0001732 0.00016915 0.00017355 0.00012825 0.0001192 0.0001669 0.00014245 0.00017385 0.000168 0.00016605 0.00017555 0.0001796 0.00017465 0.0001646 0.0001611 0.0001651 0.0001724 0.0001471 0.0001655 0.0001744 0.000118 0.0001744 0.00016665 0.000169 0.00016785 0.0001722 0.00016925 0.0001607
6 0.0001393 0.0001663 0.0001566 0.00016605 0.0001601 0.00016845 0.0001747 0.00016135 0.0001375 0.0001616 0.00016215 0.00015925 0.0001572 0.00016245 0.00016165 0.000161 0.0001623 0.00015885 0.00016185 0.0001663 0.00014745 0.00016425 0.00014925 0.00016875 0.00015365 0.000162 0.00016475 8.745e-05 0.00014535 0.00012505 0.00016705 0.0001647 0.0001435 0.00015755 0.00016135 8.74e-05 0.0001454 0.00013745 0.0001606 0.00016445 0.00016505 0.0001688 0.00016145 0.00014165 0.0001577 0.000166 0.00014135 0.00017145 0.0001284 0.0001671 0.000167 0.0001599 0.00016545 0.0001599 0.0001586 0.00016055 0.00013325 0.0001674 0.00015905 8.74e-05 0.00015945 0.00012305 0.000165 0.0001378 0.0001678 0.0001655
7 0.0001641 0.00017225 0.0001446 0.00013125 0.0001286 0.0001682 0.00016135 0.0001692 0.00015445 0.00013335 0.00017435 0.00012315 0.00016845 0.0001443 0.0001295 0.0001667 0.00016865 0.0001073 0.0001676 0.00017225 0.0001373 0.0001725 0.0001564 0.0001136 0.00012635 0.00013435 0.00016915 0.00016145 0.000164 0.00016935 0.00014695 0.00016985 0.00016235 0.000166 0.00016675 0.00017645 0.00016225 0.0001656 0.0001498 0.0001372 0.0001747 0.00016875 0.0001633 0.00014615 0.00016265 0.00013165 0.0001344 0.00015155 0.0001593 0.0001728 0.00013615 0.00016495 0.0001457 0.00013035 0.00016655 0.00016775 0.00011705 0.00014605 0.0001638 0.00017645 9.65e-05 0.00017395 0.0001778 0.00016085 0.0001547 0.0001724
8 0.0001324 0.00016605 0.00014255 0.00016015 0.0001656 0.00013105 0.0001375 0.00015445 0.0001761 0.0001574 0.0001693 0.00012735 0.00015075 0.00016775 0.0001203 0.0001341 0.00016445 0.0001524 0.00016405 0.00016605 0.00011405 0.0001692 0.0001626 0.0001592 0.0001519 0.00015775 0.00016135 0.0001376 0.0001477 0.00017205 0.0001722 0.00013175 0.0001454 0.00016595 0.00014845 0.0001706 0.00015405 0.0001317 0.00015805 0.000163 0.0001692 0.0001312 0.0001262 0.00014805 0.00014525 0.00016395 0.00014105 0.0001695 0.0001706 0.00016905 0.00015505 0.0001567 0.00016955 0.00014985 0.00016265 0.00015335 0.00014235 0.000165 0.00012675 0.0001706 0.00014345 0.0001714 0.00017085 0.0001489 0.00016895 0.00016635
9 0.00016515 0.0001308 9.97e-05 0.0001272 0.00012675 0.0001716 0.0001616 0.00013335 0.0001574 0.0001763 0.0001839 0.00016505 0.00016725 0.0001098 0.00012865 0.0001742 0.00012865 0.00010955 0.000127 0.0001308 0.00014625 0.00017495 0.00015365 0.0001224 0.00011955 8.975e-05 0.00016775 0.0001617 0.00016225 0.00013305 0.0001149 0.00017845 0.0001218 0.00012325 0.00017075 0.0001732 0.0001493 0.0001673 0.0001518 0.000129 0.00013955 0.00017045 0.00016695 0.0001473 0.00016775 9.805e-05 0.0001402 0.0001567 0.00015085 0.00013055 0.00013045 0.0001658 0.00014805 0.0001263 0.00016355 0.00013295 0.0001581 0.00015045 0.00016785 0.0001732 8.815e-05 0.0001766 0.0001821 0.0001228 0.00016335 0.00016915
10 0.00017315 0.0001808 0.00017595 0.0001775 0.00017695 0.0001659 0.00016215 0.00017435 0.0001693 0.0001839 0.0001751 0.00016355 0.00016775 0.0001799 0.00016975 0.000124 0.0001802 0.00017575 0.0001801 0.0001808 0.00016645 0.0001315 0.0001795 0.00017845 0.0001717 0.00018395 0.00017435 0.00016225 0.0001737 0.0001732 0.0001804 0.000123 0.00017965 0.000175 0.0001689 0.0001599 0.0001768 0.0001732 0.00017335 0.0001806 0.0001372 0.000172 0.0001668 0.0001716 0.0001658 0.00018305 0.00017265 0.0001716 0.00017365 0.0001811 0.0001824 0.0001734 0.00017495 0.0001771 0.0001756 0.0001778 0.0001667 0.0001783 0.0001579 0.0001599 0.00018105 0.0001237 0.00013125 0.0001767 0.00012925 0.00017005
11 0.0001665 0.0001583 0.00015205 0.0001639 0.00012585 0.0001197 0.00015925 0.00012315 0.00012735 0.00016505 0.00016355 0.0001662 0.0001472 0.00016545 0.00012445 0.00012215 0.000164 0.00016175 0.00016325 0.0001583 0.000121 0.0001671 0.00016305 0.0001628 0.00016265 0.00016575 0.00016635 0.00015935 0.00016795 0.0001743 0.00017535 0.00012585 0.00016275 0.00016625 0.00014265 0.00016905 0.00016465 0.00016575 0.0001641 0.00017005 0.00016715 0.0001287 0.00012135 0.0001591 0.0001414 0.00016375 0.00015995 0.00016815 0.0001715 0.00017065 0.0001688 0.00015965 0.00017015 0.00016135 0.0001675 0.0001542 0.00011835 0.00016845 0.00012095 0.00016905 0.0001633 0.000165 0.00017155 0.0001609 0.00016815 0.00016915
12 0.00016095 0.0001433 0.00015615 0.00015905 0.00016265 0.00014725 0.0001572 0.00016845 0.00015075 0.00016725 0.00016775 0.0001472 0.000178 0.0001606 0.00015305 0.000149 0.0001603 0.00016695 0.00016035 0.0001433 0.0001467 0.00016955 0.0001618 0.0001697 0.0001706 0.00016715 0.00016545 0.0001573 0.0001612 0.0001598 0.00016445 0.000149 0.00016055 0.00016355 0.00013755 0.00015775 0.00014945 0.00014775 0.00012755 0.00015555 0.0001631 0.00015765 0.00014485 0.0001679 0.0001381 0.00016355 0.0001615 0.00015985 0.00016805 0.00016485 0.00018055 0.00016085 0.0001598 0.00016785 0.0001524 0.00012545 0.0001668 0.00017395 0.00014495 0.00015775 0.0001747 0.0001633 0.0001505 0.00016385 0.0001664 0.0001586
13 0.0001685 0.00012975 0.00012095 0.00014585 0.0001274 0.0001726 0.00016245 0.0001443 0.00016775 0.0001098 0.0001799 0.00016545 0.0001606 0.0001778 0.0001489 0.0001683 0.00012405 0.0001109 0.00012395 0.0001298 0.0001463 0.00016745 0.00014835 0.00013155 0.00014315 0.0001098 0.00016125 0.00016255 0.00016625 0.0001286 0.00011025 0.00017785 0.00012605 0.00012355 0.00016295 0.00016455 0.0001483 0.0001681 0.0001623 0.00014475 0.00013875 0.0001668 0.00016205 0.00015445 0.00017065 0.0001011 0.00012605 0.00015045 0.00014795 0.00012625 0.00014955 0.00015895 0.0001277 0.0001445 0.000164 0.00012805 0.00016705 0.00012865 0.000163 0.00016455 0.0001307 0.00016785 0.0001785 0.0001287 0.0001585 0.0001648
14 0.00016495 0.0001701 0.0001287 0.00013055 0.00017415 0.00012035 0.00016165 0.0001295 0.0001203 0.00012865 0.00016975 0.00012445 0.00015305 0.0001489 0.000159 0.00012525 0.0001731 9.845e-05 0.00017175 0.0001701 9.955e-05 0.00017585 0.00015395 0.00011365 0.00011705 0.00012995 0.00017405 0.00016175 0.00016445 0.0001616 0.0001437 0.000125 0.0001702 0.0001692 0.00014795 0.00017425 0.00017995 0.00017 0.00015405 0.00013545 0.0001754 0.00013425 0.0001234 0.00014345 0.00014635 0.0001388 0.00013865 0.0001522 0.00015245 0.00018145 0.0001334 0.00016565 0.0001416 0.00012185 0.00017535 0.0001418 0.00015955 0.0001523 0.0001238 0.00017425 7.95e-05 0.00017165 0.00017465 0.0001659 0.00015365 0.00016795
15 0.0001713 0.0001654 0.00015935 0.00017285 0.0001723 0.00011885 0.000161 0.0001667 0.0001341 0.0001742 0.000124 0.00012215 0.000149 0.0001683 0.00012525 0.000158 0.00017105 0.0001622 0.00017095 0.0001654 0.0001222 0.0001288 0.0001672 0.00016575 0.0001613 0.00017425 0.00017065 0.0001611 0.0001718 0.0001686 0.0001745 0.00012505 0.0001772 0.00016655 0.0001409 0.00015845 0.0001756 0.0001717 0.0001705 0.0001723 0.00017405 0.0001313 0.0001209 0.00016455 0.00014135 0.0001718 0.00016635 0.0001676 0.00016825 0.0001788 0.0001765 0.00016285 0.00016365 0.000166 0.00017135 0.00015325 0.0001647 0.0001705 0.00011925 0.00015845 0.0001694 0.0001187 0.000169 0.0001716 0.00016905 0.0001652
16 0.00016905 0.00012405 0.0001259 0.0001697 0.00011985 0.00017185 0.0001623 0.00016865 0.00016445 0.00012865 0.0001802 0.000164 0.0001603 0.00012405 0.0001731 0.00017105 0.0001596 0.0001727 8.025e-05 0.00012405 0.0001704 0.00017035 0.00012225 0.00016935 0.0001683 0.00012835 0.0001235 0.0001624 0.0001683 0.0001383 0.0001387 0.00017815 0.00011895 0.0001209 0.00012475 0.00016725 0.0001432 0.00016295 0.0001373 0.00016635 0.0001334 0.0001681 0.00012415 0.0001638 0.00017205 0.00012285 0.00016305 0.00016685 0.00017085 0.0001235 0.0001723 7.99e-05 0.0001715 0.00012895 0.0001329 0.00013625 0.00016245 0.00016795 0.00013195 0.00016725 0.0001768 0.00017035 0.0001766 0.0001226 0.0001778 0.0001397
17 0.00016415 0.0001787 0.00013175 0.0001096 0.00017515 0.0001658 0.00015885 0.0001073 0.0001524 0.00010955 0.00017575 0.00016175 0.00016695 0.0001109 9.845e-05 0.0001622 0.0001727 8.61e-05 0.00017135 0.0001787 0.00011405 0.0001732 0.0001429 7.94e-05 9.8e-05 0.00011085 0.00017035 0.00015895 0.0001636 0.00014975 0.0001125 0.0001666 0.00016945 0.0001675 0.00016495 0.00017 0.00017595 0.0001685 0.00015135 0.00011515 0.000179 0.0001671 0.0001593 0.0001333 0.0001659 0.0001142 0.00010165 0.00013175 0.0001318 0.0001764 0.0001126 0.0001666 0.00010355 0.0001041 0.0001752 0.00014895 0.00016245 0.0001126 0.00015935 0.00017 4.305e-05 0.00017105 0.00017745 0.00016605 0.0001378 0.00016655
18 0.0001696 0.00012475 0.00012455 0.00016945 0.00012035 0.0001706 0.00016185 0.0001676 0.00016405 0.000127 0.0001801 0.00016325 0.00016035 0.00012395 0.00017175 0.00017095 8.025e-05 0.00017135 0.0001577 0.00012475 0.00016905 0.0001709 0.0001209 0.0001677 0.00016665 0.00012825 0.0001231 0.00016195 0.0001693 0.00013725 0.00013705 0.0001771 0.00012025 0.0001216 0.0001237 0.0001668 0.00014435 0.0001623 0.0001374 0.00016625 0.0001336 0.0001677 0.0001231 0.00016275 0.0001715 0.00012275 0.0001628 0.0001655 0.0001699 0.00012435 0.0001716 7.895e-05 0.00017015 0.0001273 0.00013305 0.0001349 0.000162 0.00016725 0.00013095 0.0001668 0.00017515 0.00017055 0.0001753 0.0001231 0.00017645 0.0001386
19 0.00016965 8.12e-05 0.00012865 0.00016815 0.0001197 0.0001605 0.0001663 0.00017225 0.00016605 0.0001308 0.0001808 0.0001583 0.0001433 0.0001298 0.0001701 0.0001654 0.00012405 0.0001787 0.00012475 0.0001622 0.00016745 0.0001729 0.00016805 0.0001783 0.00016955 0.00013005 0.0001702 0.0001664 0.00017065 0.0001428 0.00014485 0.00017545 0.0001227 0.00012065 0.0001618 0.00016865 0.0001375 0.00016185 0.0001621 0.0001617 0.0001354 0.00016705 0.00016265 0.00017315 0.000142 0.0001287 0.00017125 0.0001724 0.0001739 0.00012745 0.0001772 0.00016675 0.0001767 0.0001727 0.0001598 0.00012835 0.0001656 0.0001769 0.0001622 0.00016865 0.0001789 0.0001703 0.0001755 0.00012715 0.00018145 0.0001672
20 0.0001546 0.00016745 0.0001462 0.0001459 0.00017065 0.0001246 0.00014745 0.0001373 0.00011405 0.00014625 0.00016645 0.000121 0.0001467 0.0001463 9.955e-05 0.0001222 0.0001704 0.00011405 0.00016905 0.00016745 0.0001614 0.00017235 0.0001495 0.00012895 0.0001351 0.00014755 0.00017095 0.00014755 0.0001625 0.00016155 0.00013535 0.0001266 0.00016395 0.00016905 0.00014395 0.00017455 0.00016355 0.0001536 0.0001665 0.0001513 0.0001746 0.00013145 0.00012075 0.00014445 0.00014185 0.00014435 0.0001304 0.0001433 0.0001528 0.00018045 0.00014875 0.00016085 0.0001428 0.00013735 0.00016715 0.00013665 0.00015305 0.00014745 0.00012115 0.00017455 0.0001153 0.000169 0.0001721 0.0001623 0.00014535 0.00016445
21 0.00016615 0.0001729 0.0001716 0.00015865 0.00016585 0.000172 0.00016425 0.0001725 0.0001692 0.00017495 0.0001315 0.0001671 0.00016955 0.00016745 0.00017585 0.0001288 0.00017035 0.0001732 0.0001709 0.0001729 0.00017235 0.0001726 0.0001705 0.00017575 0.00017255 0.00017435 0.0001292 0.00016435 0.0001738 0.0001648 0.0001746 0.00017405 0.00017365 0.0001657 0.00017085 0.00015355 0.0001714 0.0001687 0.0001701 0.00017695 0.00017255 0.00013755 0.0001716 0.000174 0.00016995 0.00017365 0.00017265 0.0001737 0.0001547 0.00012735 0.00014215 0.00017215 0.0001689 0.00017635 0.00017205 0.0001775 0.0001701 0.0001352 0.00017105 0.00015355 0.0001803 0.0001199 0.0001752 0.00017275 0.0001743 0.00017565
22 0.0001699 0.00016805 0.000164 0.00014665 0.0001644 0.00016845 0.00014925 0.0001564 0.0001626 0.00015365 0.0001795 0.00016305 0.0001618 0.00014835 0.00015395 0.0001672 0.00012225 0.0001429 0.0001209 0.00016805 0.0001495 0.0001705 0.0001652 0.00014385 0.00015335 0.0001549 0.0001242 0.00014935 0.0001633 0.00013835 0.00013735 0.0001718 0.00015685 0.00016215 0.0001237 0.00014145 0.0001715 0.0001651 0.00013995 0.0001622 0.00017275 0.0001556 0.00012085 0.00015255 0.000172 0.00015075 0.00014355 0.00014885 0.0001325 0.0001637 0.00015015 8.265e-05 0.00015265 0.0001154 0.00014625 0.0001491 0.00016585 0.00014355 0.0001291 0.00014145 0.0001482 0.00015825 0.00017435 0.00016315 0.0001613 0.00013685
23 0.0001665 0.0001783 0.00014485 0.00012485 0.0001728 0.00016865 0.00016875 0.0001136 0.0001592 0.0001224 0.00017845 0.0001628 0.0001697 0.00013155 0.00011365 0.00016575 0.00016935 7.94e-05 0.0001677 0.0001783 0.00012895 0.00017575 0.00014385 0.0001201 0.0001144 0.000124 0.0001694 0.00016885 0.0001651 0.00015335 0.0001179 0.0001708 0.0001731 0.000171 0.0001636 0.0001792 0.0001835 0.00017485 0.0001487 0.0001304 0.00018115 0.00017265 0.00015935 0.0001103 0.00017075 0.00012355 0.00012635 0.0001376 0.00014745 0.0001784 0.0001283 0.0001603 0.0001216 0.00011405 0.0001744 0.00014845 0.0001637 0.0001358 0.00016065 0.0001792 6.975e-05 0.000176 0.00018145 0.00016925 0.000146 0.000166
24 0.0001618 0.00016955 0.00013095 0.00012545 0.000167 0.00016575 0.00015365 0.00012635 0.0001519 0.00011955 0.0001717 0.00016265 0.0001706 0.00014315 0.00011705 0.0001613 0.0001683 9.8e-05 0.00016665 0.00016955 0.0001351 0.00017255 0.00015335 0.0001144 0.000149 0.00012115 0.00017525 0.00015375 0.0001601 0.00015505 0.0001391 0.00016995 0.0001598 0.0001235 0.0001705 0.00016705 0.0001638 0.00016475 0.00015055 0.0001279 0.00017405 0.0001725 0.00016395 0.00014305 0.0001648 0.00013165 0.0001351 0.0001543 0.0001494 0.00017485 0.0001301 0.00016865 0.0001434 0.00012075 0.00016895 0.00015805 0.00015575 0.00015205 0.0001651 0.00016705 7.45e-05 0.00016505 0.00017725 0.00015665 0.00015785 0.00017185
25 0.00016455 0.00013 0.000101 0.0001274 0.00012615 0.0001728 0.000162 0.00013435 0.00015775 8.975e-05 0.00018395 0.00016575 0.00016715 0.0001098 0.00012995 0.00017425 0.00012835 0.00011085 0.00012825 0.00013005 0.00014755 0.00017435 0.0001549 0.000124 0.00012115 0.0001795 0.00016805 0.0001621 0.0001612 0.00013405 0.0001165 0.00017945 0.0001204 0.00012245 0.0001717 0.0001736 0.0001481 0.0001679 0.00015165 0.00012905 0.00013925 0.0001708 0.0001679 0.0001483 0.00016825 9.805e-05 0.0001404 0.000158 0.00015175 0.0001296 0.0001311 0.0001667 0.00014935 0.0001279 0.00016325 0.00013425 0.0001585 0.0001511 0.00016885 0.0001736 8.975e-05 0.00017635 0.00018335 0.00012225 0.00016465 0.00017015
26 0.00016385 0.0001702 0.0001653 0.0001583 0.00016085 0.0001724 0.00016475 0.00016915 0.00016135 0.00016775 0.00017435 0.00016635 0.00016545 0.00016125 0.00017405 0.00017065 0.0001235 0.00017035 0.0001231 0.0001702 0.00017095 0.0001292 0.0001242 0.0001694 0.00017525 0.00016805 0.0001751 0.00016485 0.0001735 0.00016305 0.00016675 0.00017455 0.00016475 0.0001665 0.00012955 0.0001631 0.0001704 0.0001616 0.00013885 0.0001772 0.00016855 0.0001366 0.00012895 0.0001688 0.0001774 0.0001648 0.0001668 0.0001679 0.00015795 0.00012335 0.0001399 8.765e-05 0.0001681 0.00013275 0.00014545 0.0001679 0.00016845 0.00013305 0.0001374 0.0001631 0.00017695 0.0001669 0.000175 0.00016685 0.00017385 0.00014745
27 0.0001394 0.0001664 0.0001567 0.00016615 0.0001602 0.00016855 8.745e-05 0.00016145 0.0001376 0.0001617 0.00016225 0.00015935 0.0001573 0.00016255 0.00016175 0.0001611 0.0001624 0.00015895 0.00016195 0.0001664 0.00014755 0.00016435 0.00014935 0.00016885 0.00015375 0.0001621 0.00016485 0.0001749 0.00014545 0.00012515 0.00016715 0.0001648 0.0001436 0.00015765 0.00016145 8.75e-05 0.0001455 0.00013755 0.0001607 0.00016455 0.00016515 0.0001689 0.00016155 0.00014175 0.0001578 0.0001661 0.00014145 0.00017155 0.0001285 0.0001672 0.0001671 0.00016 0.00016555 0.00016 0.0001587 0.00016065 0.00013335 0.0001675 0.00015915 8.75e-05 0.00015955 0.00012315 0.0001651 0.0001379 0.0001679 0.0001656
28 0.0001086 0.00017065 0.00015805 0.0001586 0.0001648 0.0001649 0.00014535 0.000164 0.0001477 0.00016225 0.0001737 0.00016795 0.0001612 0.00016625 0.00016445 0.0001718 0.0001683 0.0001636 0.0001693 0.00017065 0.0001625 0.0001738 0.0001633 0.0001651 0.0001601 0.0001612 0.0001735 0.00014545 0.0001805 0.0001704 0.00017215 0.00017235 0.00012705 0.0001626 0.0001636 0.0001697 0.0001445 0.00014135 0.0001661 0.0001553 0.0001691 0.0001676 0.00017145 0.00014795 0.00015805 0.00016325 0.0001294 0.00017625 0.0001627 0.00016915 0.0001617 0.0001726 0.00013245 0.000166 0.0001532 0.00016105 0.0001457 0.0001667 0.00017135 0.0001697 0.00015855 0.00017135 0.000165 0.00014485 0.0001731 0.00016065
29 0.0001708 0.0001428 0.0001405 0.0001608 0.0001458 0.00017585 0.00012505 0.00016935 0.00017205 0.00013305 0.0001732 0.0001743 0.0001598 0.0001286 0.0001616 0.0001686 0.0001383 0.00014975 0.00013725 0.0001428 0.00016155 0.0001648 0.00013835 0.00015335 0.00015505 0.00013405 0.00016305 0.00012515 0.0001704 0.0001672 0.00011895 0.00017385 0.00014335 0.0001358 0.0001647 8.365e-05 0.0001667 0.0001678 0.0001651 0.00016255 0.0001463 0.00016915 0.0001668 0.00015935 0.0001705 0.0001355 0.0001589 0.0001609 0.0001164 0.00013785 0.0001616 0.00016345 0.00015615 0.0001589 0.0001713 0.0001235 0.00017525 0.0001561 0.0001644 8.365e-05 0.0001551 0.0001252 0.0001703 0.00014255 0.00016515 0.0001654
30 0.00017185 0.00014485 0.0001375 0.00013995 0.00014745 0.0001754 0.00016705 0.00014695 0.0001722 0.0001149 0.0001804 0.00017535 0.00016445 0.00011025 0.0001437 0.0001745 0.0001387 0.0001125 0.00013705 0.00014485 0.00013535 0.0001746 0.00013735 0.0001179 0.0001391 0.0001165 0.00016675 0.00016715 0.00017215 0.00011895 0.0001205 0.00017755 0.00014335 0.0001413 0.00016715 0.0001777 0.0001687 0.0001677 0.00017405 0.0001472 0.00015035 0.00017055 0.0001666 0.00014155 0.00017585 0.000112 0.0001372 0.00010925 0.0001398 0.0001445 0.0001427 0.0001609 0.0001368 0.0001378 0.00017045 0.00010975 0.00017155 0.0001364 0.0001679 0.0001777 0.00011665 0.00017705 0.00017495 0.00014055 0.0001223 0.00015765
31 0.00017125 0.00017545 0.00016105 0.0001753 0.0001785 0.0001211 0.0001647 0.00016985 0.00013175 0.00017845 0.000123 0.00012585 0.000149 0.00017785 0.000125 0.00012505 0.00017815 0.0001666 0.0001771 0.00017545 0.0001266 0.00017405 0.0001718 0.0001708 0.00016995 0.00017945 0.00017455 0.0001648 0.00017235 0.00017385 0.00017755 0.0001592 0.0001788 0.00018015 0.00014815 0.00016925 0.00018505 0.00017315 0.00017 0.00018075 0.0001341 0.000136 0.0001255 0.0001683 0.00015145 0.00017835 0.000168 0.00017 0.00017455 0.0001851 0.0001794 0.00016755 0.00016985 0.00016845 0.00018065 0.000153 0.0001666 0.00017775 0.00011775 0.00016925 0.0001703 0.0001678 0.0001295 0.0001768 0.0001255 0.00016775
32 0.0001462 0.00012265 0.0001174 0.00015395 0.0001134 0.0001744 0.0001435 0.00016235 0.0001454 0.0001218 0.00017965 0.00016275 0.00016055 0.00012605 0.0001702 0.0001772 0.00011895 0.00016945 0.00012025 0.0001227 0.00016395 0.00017365 0.00015685 0.0001731 0.0001598 0.0001204 0.00016475 0.0001436 0.00012705 0.00014335 0.00014335 0.0001788 0.000154 0.0001165 0.00016975 0.00017065 0.0001236 0.0001443 0.00016095 0.0001588 0.000129 0.0001651 0.00016825 0.00015025 0.00016445 0.000121 0.000126 0.00017355 0.00016195 0.00012295 0.00015905 0.00016065 0.000176 0.0001627 0.0001493 0.0001404 0.00013815 0.00016465 0.0001689 0.00017065 0.0001638 0.00017445 0.0001771 0.0001019 0.00017605 0.0001692
33 0.00016525 0.0001206 0.00012085 0.00016375 0.0001198 0.00017335 0.00015755 0.000166 0.00016595 0.00012325 0.000175 0.00016625 0.00016355 0.00012355 0.0001692 0.00016655 0.0001209 0.0001675 0.0001216 0.00012065 0.00016905 0.0001657 0.00016215 0.000171 0.0001235 0.00012245 0.0001665 0.00015765 0.0001626 0.0001358 0.0001413 0.00018015 0.0001165 0.0001566 0.0001691 0.00016095 0.0001364 0.0001648 0.00016245 0.00015985 0.0001334 0.0001709 0.0001673 0.00016705 0.0001689 0.00012095 0.0001617 0.0001747 0.0001668 0.00012405 0.0001685 0.00016325 0.00017075 0.000165 0.000159 0.00013885 0.0001614 0.00016955 0.0001677 0.00016095 0.0001666 0.0001612 0.000179 0.00012005 0.00018025 0.00017055
34 0.0001611 0.0001618 0.000159 0.00017685 0.0001678 0.0001366 0.00016135 0.00016675 0.00014845 0.00017075 0.0001689 0.00014265 0.00013755 0.00016295 0.00014795 0.0001409 0.00012475 0.00016495 0.0001237 0.0001618 0.00014395 0.00017085 0.0001237 0.0001636 0.0001705 0.0001717 0.00012955 0.00016145 0.0001636 0.0001647 0.00016715 0.00014815 0.00016975 0.0001691 0.0001607 0.0001649 0.00015535 0.00014625 0.00014315 0.0001565 0.0001719 0.0001501 9.955e-05 0.0001626 0.00013145 0.00016485 0.0001638 0.00016355 0.00017225 0.0001738 0.000178 8.045e-05 0.00015435 0.0001277 0.0001259 0.0001333 0.00016545 0.0001692 0.0001069 0.0001649 0.00017455 0.00016385 0.00015085 0.0001666 0.00017205 0.00013405
35 0.00017095 0.00016865 0.0001671 0.0001763 0.00016835 0.0001744 8.74e-05 0.00017645 0.0001706 0.0001732 0.0001599 0.00016905 0.00015775 0.00016455 0.00017425 0.00015845 0.00016725 0.00017 0.0001668 0.00016865 0.00017455 0.00015355 0.00014145 0.0001792 0.00016705 0.0001736 0.0001631 8.75e-05 0.0001697 8.365e-05 0.0001777 0.00016925 0.00017065 0.00016095 0.0001649 1e-07 0.0001699 0.0001664 0.0001613 0.00017095 0.0001686 0.0001687 0.00016795 0.00017715 0.00016645 0.0001768 0.0001689 0.00017545 9.05e-05 0.0001622 0.00017525 0.0001681 0.00016665 0.00017475 0.0001711 0.0001674 0.00017355 0.00016615 0.00016185 5e-08 0.00018095 7.445e-05 0.00016305 0.00017155 0.0001787 0.00016605
36 0.00014225 0.00013755 0.000147 0.0001692 0.0001333 0.0001736 0.0001454 0.00016225 0.00015405 0.0001493 0.0001768 0.00016465 0.00014945 0.0001483 0.00017995 0.0001756 0.0001432 0.00017595 0.00014435 0.0001375 0.00016355 0.0001714 0.0001715 0.0001835 0.0001638 0.0001481 0.0001704 0.0001455 0.0001445 0.0001667 0.0001687 0.00018505 0.0001236 0.0001364 0.00015535 0.0001699 0.0001539 0.00011515 0.0001676 0.00012635 0.0001532 0.00017835 0.00017455 0.00016695 0.000149 0.00014885 0.0001514 0.00017125 0.000176 0.00014775 0.00017455 0.0001658 0.00017095 0.00017095 0.0001157 0.00015115 0.0001445 0.0001747 0.000175 0.0001699 0.00017575 0.00016875 0.00014695 0.0001317 0.00017925 0.0001655
37 0.0001259 0.00016185 0.0001631 0.0001707 0.00016415 0.00017025 0.00013745 0.0001656 0.0001317 0.0001673 0.0001732 0.00016575 0.00014775 0.0001681 0.00017 0.0001717 0.00016295 0.0001685 0.0001623 0.00016185 0.0001536 0.0001687 0.0001651 0.00017485 0.00016475 0.0001679 0.0001616 0.00013755 0.00014135 0.0001678 0.0001677 0.00017315 0.0001443 0.0001648 0.00014625 0.0001664 0.00011515 0.0001797 0.00016905 0.0001373 0.00017105 0.00016735 0.00016455 0.00015575 0.00014445 0.00016865 0.0001446 0.00016515 0.0001705 0.0001665 0.0001658 0.000158 0.00016615 0.0001629 0.0001266 0.00014695 0.0001455 0.00016595 0.0001656 0.0001664 0.00016805 0.0001692 0.0001321 0.0001492 0.0001696 0.0001623
38 0.00016675 0.0001621 0.00015105 0.000143 0.0001622 0.0001732 0.0001606 0.0001498 0.00015805 0.0001518 0.00017335 0.0001641 0.00012755 0.0001623 0.00015405 0.0001705 0.0001373 0.00015135 0.0001374 0.0001621 0.0001665 0.0001701 0.00013995 0.0001487 0.00015055 0.00015165 0.00013885 0.0001607 0.0001661 0.0001651 0.00017405 0.00017 0.00016095 0.00016245 0.00014315 0.0001613 0.0001676 0.00016905 0.0001613 0.0001595 0.0001676 0.00017505 0.0001392 0.0001625 0.0001683 0.00015355 0.00016055 0.0001712 0.00017245 0.0001643 0.00016205 0.00011175 0.00016665 0.00012695 0.00014985 0.00017165 0.00016425 0.00017265 0.0001471 0.0001613 0.00014065 0.0001677 0.000175 0.0001648 0.0001762 0.00015775
39 0.0001595 0.0001617 0.00013985 0.0001358 0.0001639 0.00016915 0.00016445 0.0001372 0.000163 0.000129 0.0001806 0.00017005 0.00015555 0.00014475 0.00013545 0.0001723 0.00016635 0.00011515 0.00016625 0.0001617 0.0001513 0.00017695 0.0001622 0.0001304 0.0001279 0.00012905 0.0001772 0.00016455 0.0001553 0.00016255 0.0001472 0.00018075 0.0001588 0.00015985 0.0001565 0.00017095 0.00012635 0.0001373 0.0001595 0.0001968 0.00017435 0.000178 0.0001725 0.0001562 0.0001528 0.00013755 0.0001438 0.00015355 0.0001555 0.00017065 0.0001411 0.00017285 0.0001424 0.0001353 0.00013375 0.00014795 0.0001632 0.00015675 0.00017345 0.00017095 9.84e-05 0.00017155 0.0001486 0.0001591 0.00016475 0.00016575
40 0.00017085 0.00013535 0.00013335 0.00017215 0.0001305 0.00017355 0.00016505 0.0001747 0.0001692 0.00013955 0.0001372 0.00016715 0.0001631 0.00013875 0.0001754 0.00017405 0.0001334 0.000179 0.0001336 0.0001354 0.0001746 0.00017255 0.00017275 0.00018115 0.00017405 0.00013925 0.00016855 0.00016515 0.0001691 0.0001463 0.00015035 0.0001341 0.000129 0.0001334 0.0001719 0.0001686 0.0001532 0.00017105 0.0001676 0.00017435 0.0001959 0.00017255 0.00017 0.00017315 0.00017335 0.0001376 0.00016975 0.0001758 0.00017385 0.00013325 0.0001771 0.0001686 0.0001776 0.0001745 0.00016855 0.00014545 0.00016555 0.00017655 0.0001628 0.0001686 0.00018055 0.0001725 0.0001382 0.00013315 0.0001365 0.00016995
41 0.00016585 0.00016705 0.00015765 0.0001504 0.0001665 0.00012825 0.0001688 0.00016875 0.0001312 0.00017045 0.000172 0.0001287 0.00015765 0.0001668 0.00013425 0.0001313 0.0001681 0.0001671 0.0001677 0.00016705 0.00013145 0.00013755 0.0001556 0.00017265 0.0001725 0.0001708 0.0001366 0.0001689 0.0001676 0.00016915 0.00017055 0.000136 0.0001651 0.0001709 0.0001501 0.0001687 0.00017835 0.00016735 0.00017505 0.000178 0.00017255 0.0001881 0.0001303 0.00017305 0.00015455 0.00016965 0.0001624 0.00017125 0.00015115 0.00013805 0.0001331 0.0001666 0.0001686 0.00016915 0.0001767 0.00015335 0.00016855 0.00012905 0.0001309 0.0001687 0.00017215 0.0001685 0.0001765 0.0001716 0.00017315 0.0001735
42 0.00016895 0.00016265 0.000153 0.00017245 0.00016725 0.0001192 0.00016145 0.0001633 0.0001262 0.00016695 0.0001668 0.00012135 0.00014485 0.00016205 0.0001234 0.0001209 0.00012415 0.0001593 0.0001231 0.00016265 0.00012075 0.0001716 0.00012085 0.00015935 0.00016395 0.0001679 0.00012895 0.00016155 0.00017145 0.0001668 0.0001666 0.0001255 0.00016825 0.0001673 9.955e-05 0.00016795 0.00017455 0.00016455 0.0001392 0.0001725 0.00017 0.0001303 0.0001564 0.0001593 0.00014875 0.0001629 0.00016045 0.00016175 0.00017145 0.00017475 0.0001742 7.83e-05 0.0001628 0.00012235 0.0001447 0.0001436 0.000163 0.0001683 8.555e-05 0.00016795 0.000166 0.00016565 0.00016875 0.00016565 0.00016855 0.00013695
43 0.0001496 0.00017315 0.0001567 0.0001511 0.0001636 0.0001669 0.00014165 0.00014615 0.00014805 0.0001473 0.0001716 0.0001591 0.0001679 0.00015445 0.00014345 0.00016455 0.0001638 0.0001333 0.00016275 0.00017315 0.00014445 0.000174 0.00015255 0.0001103 0.00014305 0.0001483 0.0001688 0.00014175 0.00014795 0.00015935 0.00014155 0.0001683 0.00015025 0.00016705 0.0001626 0.00017715 0.00016695 0.00015575 0.0001625 0.0001562 0.00017315 0.00017305 0.0001593 0.000169 0.00015195 0.00015295 0.00013425 0.00015655 0.0001601 0.0001755 0.00015535 0.00015705 0.0001509 0.00014125 0.00015845 0.00015265 0.00012055 0.00016145 0.0001606 0.00017715 0.0001262 0.0001722 0.00017695 0.00012745 0.00015775 0.00016765
44 0.00015605 0.000142 0.0001566 0.0001664 0.0001647 0.00014245 0.0001577 0.00016265 0.00014525 0.00016775 0.0001658 0.0001414 0.0001381 0.00017065 0.00014635 0.00014135 0.00017205 0.0001659 0.0001715 0.000142 0.00014185 0.00016995 0.000172 0.00017075 0.0001648 0.00016825 0.0001774 0.0001578 0.00015805 0.0001705 0.00017585 0.00015145 0.00016445 0.0001689 0.00013145 0.00016645 0.000149 0.00014445 0.0001683 0.0001528 0.00017335 0.00015455 0.00014875 0.00015195 0.000182 0.0001685 0.00016305 0.000175 0.00017255 0.00017745 0.000174 0.00017195 0.0001632 0.0001677 0.00014565 0.0001434 0.0001427 0.00017635 0.00014775 0.00016645 0.0001645 0.00016165 0.0001553 0.0001501 0.0001755 0.00016855
45 0.00016655 0.00012865 0.0001092 0.00013775 0.00012365 0.00017385 0.000166 0.00013165 0.00016395 9.805e-05 0.00018305 0.00016375 0.00016355 0.0001011 0.0001388 0.0001718 0.00012285 0.0001142 0.00012275 0.0001287 0.00014435 0.00017365 0.00015075 0.00012355 0.00013165 9.805e-05 0.0001648 0.0001661 0.00016325 0.0001355 0.000112 0.00017835 0.000121 0.00012095 0.00016485 0.0001768 0.00014885 0.00016865 0.00015355 0.00013755 0.0001376 0.00016965 0.0001629 0.00015295 0.0001685 0.0001721 0.00013605 0.00015325 0.0001563 0.00012815 0.00014145 0.0001594 0.0001415 0.0001344 0.00016175 0.0001309 0.0001609 0.0001445 0.00016385 0.0001768 0.00011005 0.00017685 0.0001819 0.00012345 0.0001604 0.0001662
46 0.00014575 0.00017125 0.00014885 0.0001352 0.00016255 0.000168 0.00014135 0.0001344 0.00014105 0.0001402 0.00017265 0.00015995 0.0001615 0.00012605 0.00013865 0.00016635 0.00016305 0.00010165 0.0001628 0.00017125 0.0001304 0.00017265 0.00014355 0.00012635 0.0001351 0.0001404 0.0001668 0.00014145 0.0001294 0.0001589 0.0001372 0.000168 0.000126 0.0001617 0.0001638 0.0001689 0.0001514 0.0001446 0.00016055 0.0001438 0.00016975 0.0001624 0.00016045 0.00013425 0.00016305 0.00013605 0.0001723 0.00014725 0.0001422 0.0001697 0.00013945 0.0001601 0.00012885 0.00013735 0.000161 0.00015505 0.00014235 0.00012505 0.00016145 0.0001689 0.00011495 0.00017025 0.00017195 0.00014575 0.00014915 0.00016635
47 0.0001772 0.0001724 0.0001671 0.000152 0.00017325 0.00016605 0.00017145 0.00015155 0.0001695 0.0001567 0.0001716 0.00016815 0.00015985 0.00015045 0.0001522 0.0001676 0.00016685 0.00013175 0.0001655 0.0001724 0.0001433 0.0001737 0.00014885 0.0001376 0.0001543 0.000158 0.0001679 0.00017155 0.00017625 0.0001609 0.00010925 0.00017 0.00017355 0.0001747 0.00016355 0.00017545 0.00017125 0.00016515 0.0001712 0.00015355 0.0001758 0.00017125 0.00016175 0.00015655 0.000175 0.00015325 0.00014725 0.0001438 0.00015315 0.00017785 0.00015755 0.00015685 0.0001512 0.00014735 0.00016515 0.0001501 0.00017175 0.00014995 0.00015885 0.00017545 0.0001393 0.00017185 0.0001664 0.0001753 0.0001234 0.00011705
48 0.00017185 0.0001739 0.00015965 0.0001335 0.0001709 0.00017555 0.0001284 0.0001593 0.0001706 0.00015085 0.00017365 0.0001715 0.00016805 0.00014795 0.00015245 0.00016825 0.00017085 0.0001318 0.0001699 0.0001739 0.0001528 0.0001547 0.0001325 0.00014745 0.0001494 0.00015175 0.00015795 0.0001285 0.0001627 0.0001164 0.0001398 0.00017455 0.00016195 0.0001668 0.00017225 9.05e-05 0.000176 0.0001705 0.00017245 0.0001555 0.00017385 0.00015115 0.00017145 0.0001601 0.00017255 0.0001563 0.0001422 0.00015315 0.0001809 0.00015485 0.00013455 0.0001739 0.00014975 0.00015455 0.0001769 0.00015725 0.00017215 0.0001307 0.00016875 9.05e-05 0.00013585 0.00012885 0.0001732 0.000169 0.000158 0.00017185
49 0.0001638 0.0001274 0.00012895 0.00015325 0.00011935 0.0001796 0.0001671 0.0001728 0.00016905 0.00013055 0.0001811 0.00017065 0.00016485 0.00012625 0.00018145 0.0001788 0.0001235 0.0001764 0.00012435 0.00012745 0.00018045 0.00012735 0.0001637 0.0001784 0.00017485 0.0001296 0.00012335 0.0001672 0.00016915 0.00013785 0.0001445 0.0001851 0.00012295 0.00012405 0.0001738 0.0001622 0.00014775 0.0001665 0.0001643 0.00017065 0.00013325 0.00013805 0.00017475 0.0001755 0.00017745 0.00012815 0.0001697 0.00017785 0.00015485 0.0001589 0.0001368 0.0001673 0.0001715 0.0001737 0.00016495 0.0001451 0.0001689 0.0001334 0.0001759 0.0001622 0.00017975 0.00016865 0.0001821 0.00012915 0.0001815 0.0001755
50 0.0001615 0.0001772 0.000142 0.0001104 0.0001669 0.00017465 0.000167 0.00013615 0.00015505 0.00013045 0.0001824 0.0001688 0.00018055 0.00014955 0.0001334 0.0001765 0.0001723 0.0001126 0.0001716 0.0001772 0.00014875 0.00014215 0.00015015 0.0001283 0.0001301 0.0001311 0.0001399 0.0001671 0.0001617 0.0001616 0.0001427 0.0001794 0.00015905 0.0001685 0.000178 0.00017525 0.00017455 0.0001658 0.00016205 0.0001411 0.0001771 0.0001331 0.0001742 0.00015535 0.000174 0.00014145 0.00013945 0.00015755 0.00013455 0.0001368 0.0001862 0.00017535 0.00015175 0.00013375 0.00017575 0.0001668 0.0001636 0.0001115 0.0001757 0.00017525 9.31e-05 0.00017745 0.000184 0.0001659 0.0001616 0.00017865
51 0.00016905 0.00016675 0.0001622 0.0001747 0.00016125 0.0001646 0.0001599 0.00016495 0.0001567 0.0001658 0.0001734 0.00015965 0.00016085 0.00015895 0.00016565 0.00016285 7.99e-05 0.0001666 7.895e-05 0.00016675 0.00016085 0.00017215 8.265e-05 0.0001603 0.00016865 0.0001667 8.765e-05 0.00016 0.0001726 0.00016345 0.0001609 0.00016755 0.00016065 0.00016325 8.045e-05 0.0001681 0.0001658 0.000158 0.00011175 0.00017285 0.0001686 0.0001666 7.83e-05 0.00015705 0.00017195 0.0001594 0.0001601 0.00015685 0.0001739 0.0001673 0.00017535 3e-07 0.00016805 8.795e-05 0.00011335 0.000159 0.00016195 0.00016755 9.34e-05 0.0001681 0.00017395 0.00016855 0.00016945 0.00016025 0.0001701 0.0001116
52 0.00013355 0.0001767 0.00015965 0.0001501 0.00017885 0.0001611 0.00016545 0.0001457 0.00016955 0.00014805 0.00017495 0.00017015 0.0001598 0.0001277 0.0001416 0.00016365 0.0001715 0.00010355 0.00017015 0.0001767 0.0001428 0.0001689 0.00015265 0.0001216 0.0001434 0.00014935 0.0001681 0.00016555 0.00013245 0.00015615 0.0001368 0.00016985 0.000176 0.00017075 0.00015435 0.00016665 0.00017095 0.00016615 0.00016665 0.0001424 0.0001776 0.0001686 0.0001628 0.0001509 0.0001632 0.0001415 0.00012885 0.0001512 0.00014975 0.0001715 0.00015175 0.00016805 0.000161 0.0001452 0.0001684 0.00014665 0.00017505 0.00013005 0.00016285 0.00016665 0.0001239 0.00016805 0.0001666 0.0001711 0.00015375 0.00015345
53 0.00016475 0.0001727 0.00013695 0.0001323 0.00016795 0.0001651 0.0001599 0.00013035 0.00014985 0.0001263 0.0001771 0.00016135 0.00016785 0.0001445 0.00012185 0.000166 0.00012895 0.0001041 0.0001273 0.0001727 0.00013735 0.00017635 0.0001154 0.00011405 0.00012075 0.0001279 0.00013275 0.00016 0.000166 0.0001589 0.0001378 0.00016845 0.0001627 0.000165 0.0001277 0.00017475 0.00017095 0.0001629 0.00012695 0.0001353 0.0001745 0.00016915 0.00012235 0.00014125 0.0001677 0.0001344 0.00013735 0.00014735 0.00015455 0.0001737 0.00013375 8.795e-05 0.0001452 0.000172 0.0001444 0.00015635 0.0001583 0.0001503 0.0001299 0.00017475 8.6e-05 0.00017485 0.0001759 0.00016025 0.0001563 0.00014165
54 0.00015465 0.0001598 0.0001604 0.00017155 0.00015565 0.0001724 0.0001586 0.00016655 0.00016265 0.00016355 0.0001756 0.0001675 0.0001524 0.000164 0.00017535 0.00017135 0.0001329 0.0001752 0.00013305 0.0001598 0.00016715 0.00017205 0.00014625 0.0001744 0.00016895 0.00016325 0.00014545 0.0001587 0.0001532 0.0001713 0.00017045 0.00018065 0.0001493 0.000159 0.0001259 0.0001711 0.0001157 0.0001266 0.00014985 0.00013375 0.00016855 0.0001767 0.0001447 0.00015845 0.00014565 0.00016175 0.000161 0.00016515 0.0001769 0.00016495 0.00017575 0.00011335 0.0001684 0.0001444 0.0001865 0.00015405 0.0001503 0.00017645 0.0001526 0.0001711 0.00017425 0.0001687 0.00014435 0.000147 0.00017655 0.00015185
55 0.0001601 0.00012835 0.0001313 0.0001627 0.00014685 0.0001471 0.00016055 0.00016775 0.00015335 0.00013295 0.0001778 0.0001542 0.00012545 0.00012805 0.0001418 0.00015325 0.00013625 0.00014895 0.0001349 0.00012835 0.00013665 0.0001775 0.0001491 0.00014845 0.00015805 0.00013425 0.0001679 0.00016065 0.00016105 0.0001235 0.00010975 0.000153 0.0001404 0.00013885 0.0001333 0.0001674 0.00015115 0.00014695 0.00017165 0.00014795 0.00014545 0.00015335 0.0001436 0.00015265 0.0001434 0.0001309 0.00015505 0.0001501 0.00015725 0.0001451 0.0001668 0.000159 0.00014665 0.00015635 0.00015405 0.0001593 0.0001719 0.00016055 0.000144 0.0001674 0.00015515 0.0001727 0.0001529 0.0001385 0.00015715 0.00015825
