 slim_761968802 slim_761968578 slim_761968736 slim_761968656 slim_761968669 slim_761968471 slim_761968757 slim_761968577 slim_761968455 slim_761968774 slim_761968773 slim_761968631 slim_761968639 slim_761968515 slim_761968466 slim_761968646 slim_761968572 slim_761968559 slim_761968480 slim_761968554 slim_761968797 slim_761968779 slim_761968454 slim_761968700 slim_761968719 slim_761968586 slim_761968862 slim_761968850 slim_761968478 slim_761968860 slim_761968606 slim_761968462 slim_761968843 slim_761968783 slim_761968607 slim_761968483 slim_761968781 slim_761968616 slim_761968469 slim_761968842 slim_761968625 slim_761968429 slim_761968653 slim_761968673 slim_761968827 slim_761968644 slim_761968858 slim_761968833 slim_761968477 slim_761968737 slim_761968532 slim_761968517 slim_761968638 slim_761968602 slim_761968467 slim_761968830 slim_761968521 slim_761968682 slim_761968522 slim_761968540 slim_761968518 slim_761968567 slim_761968608 slim_761968550 slim_761968800 slim_761968710 slim_761968761 slim_761968459 slim_761968600 slim_761968591 slim_761968848 slim_761968481 slim_761968526 slim_761968595 slim_761968840 slim_761968513 slim_761968465 slim_761968817 slim_761968493 slim_761968618 slim_761968776 slim_761968538 slim_761968436 slim_761968492 slim_761968426 slim_761968708 slim_761968558 slim_761968728 slim_761968763 slim_761968789 slim_761968767 slim_761968545 slim_761968503 slim_761968813 slim_761968474 slim_761968803 slim_761968420 slim_761968622 slim_761968599 slim_761968543
0 0.0001814 0.0001857 0.00017885 0.00017725 0.00018155 0.0001813 0.00017645 0.0001829 0.000184 0.0001947 0.00018245 0.00017535 0.00019465 0.00014055 0.00018995 0.00019375 0.00018985 0.000155 0.0001934 0.00019 0.0001837 0.00018275 0.00019085 0.00018465 0.0001913 0.00018585 0.0001881 0.000182 0.00018565 0.00018305 0.00018965 0.0001696 0.0001806 0.000183 0.00017925 0.0001875 0.00019615 0.00017495 0.000177 0.00016845 0.0001813 0.0001873 0.0001776 0.00018785 0.00019085 0.00018165 0.0001819 0.00017445 0.0001708 0.0001791 0.0001911 0.0001762 0.0001798 0.00017765 0.00017595 0.0001884 0.00018885 0.0001753 0.00017855 0.0001865 0.0001823 0.0001777 0.00018885 0.0001841 0.0001853 0.0001849 0.00017525 0.00018755 0.00017735 0.0001919 0.0001827 0.0001753 0.0001884 0.00017915 0.0001812 0.00017705 0.00018485 0.0001783 0.0001855 0.0001891 0.0001825 0.0001762 0.00017655 0.00018605 0.00018 0.00018705 0.00018295 0.0001898 0.00017915 0.00018675 0.00019485 0.00017915 0.00018235 0.0001822 0.00018865 0.00017305 0.0001861 0.0001874 0.0001837 0.0001799
1 0.0001857 0.0001709 0.0001705 0.00017835 0.00017185 0.00017935 0.00018055 0.0001274 0.00018905 0.00017515 0.00016045 0.00018455 0.00017075 0.0001672 0.000172 0.00017755 0.000174 0.00017925 0.00018475 0.0001837 0.00018385 0.0001749 0.00018285 0.0001894 0.00018325 0.00019025 0.00018005 0.00018495 0.00018295 0.0001744 0.00017415 0.00017915 0.00017885 0.00017405 0.0001947 0.00017575 0.00017895 0.0001815 0.00017445 0.0001753 0.00017415 0.00017065 0.0001871 0.0001786 0.0001711 0.0001806 0.0001789 0.0001772 0.0001837 0.0001773 0.00016825 0.00018455 0.0001631 0.00018355 0.0001763 0.0001795 0.0001693 0.0001851 0.00015785 0.0001849 0.00016605 0.00017855 0.00017775 0.00018445 0.00018295 0.00018125 0.00017035 0.00016295 0.00018705 0.00018215 0.0001844 0.0001676 0.00017485 0.0001664 0.00018765 0.0001642 0.00017275 0.0001635 0.0001791 0.0001845 0.0001786 0.0001868 0.00016585 0.00019085 0.0001755 0.00018395 0.0001828 0.00018005 0.00017965 0.00016605 0.00016905 0.0001774 0.00019525 0.0001767 0.00018135 0.00017715 0.0001839 0.00017915 0.0001718 0.0001682
2 0.00017885 0.0001705 0.0001775 0.0001796 0.0001856 0.00018645 0.0001749 0.00016725 0.00017945 0.00017305 0.00016375 0.00017965 0.000183 0.0001636 0.00017795 0.00020025 0.0001775 0.0001639 0.0001805 0.0001851 0.0001885 0.000185 0.0001806 0.0001802 0.00018485 0.0001853 0.0001795 0.00018415 0.00019 0.00018285 0.000185 0.00016145 0.0001726 0.0001879 0.0001885 0.000176 0.00017775 0.0001877 0.00017945 0.000171 0.0001889 0.00018275 0.00017015 0.00019115 0.00017825 0.00016725 0.00018725 0.0001786 0.0001863 0.0001836 0.0001809 0.00018315 0.00013875 0.0001745 0.00018235 0.0001818 0.000177 0.00017685 0.00015905 0.00019325 0.0001575 0.00017035 0.0001837 0.000175 0.00018565 0.0001928 0.000181 0.0001886 0.00017625 0.0001773 0.00018465 0.0001781 0.00017865 0.00016985 0.0001812 0.0001775 0.00019035 0.0001776 0.0001837 0.00018875 0.00017685 0.0001742 0.00018195 0.0001633 0.00018285 0.000164 0.00018925 0.00018105 0.0001826 0.00018445 0.0001788 0.000169 0.00019 0.0001659 0.00018325 0.00017375 0.0001761 0.0001731 0.0001799 0.0001756
3 0.00017725 0.00017835 0.0001796 0.0001878 0.00013285 0.00017855 0.0001693 0.0001767 0.00016895 0.00018215 0.0001719 0.00016915 0.00018625 0.00017795 0.00017915 0.00018105 0.00018665 0.00018405 0.00017655 0.0001772 0.00018765 0.00017735 0.00017605 0.00016815 0.0001869 0.0001808 0.0001947 0.0001853 0.00017965 0.0001667 0.0001756 0.00017665 0.0001722 0.0001769 0.00017645 0.00018945 0.0001845 0.0001747 0.0001776 0.000166 0.0001763 0.00017995 0.0001668 0.00018525 0.00015815 0.0001891 0.000177 0.00016005 0.00018835 0.00017825 0.0001713 0.0001751 0.00018145 0.00017635 0.0001801 0.00017755 0.00018795 0.00016645 0.0001784 0.0001753 0.00017925 0.00017425 0.00018945 0.00016425 0.00017545 0.00019145 0.00018505 0.00017555 0.00018145 0.0001835 0.0001871 0.0001679 0.00017555 0.00017535 0.00017585 0.00017325 0.00017755 0.00017545 0.00018105 0.00018615 0.00017865 0.00016445 0.00016885 0.0001889 0.00016175 0.00018565 0.00018185 0.00017885 0.00016605 0.0001777 0.0001821 0.00018365 0.0001769 0.00018125 0.0001755 0.00018765 0.0001665 0.0001801 0.0001816 0.0001569
4 0.00018155 0.00017185 0.0001856 0.00013285 0.000175 0.000177 0.00017285 0.0001719 0.0001793 0.0001806 0.000172 0.00017835 0.0001792 0.00017635 0.0001771 0.000183 0.0001899 0.00017345 0.0001716 0.0001729 0.0001877 0.00017375 0.00018095 0.0001684 0.00018465 0.0001852 0.000187 0.00018365 0.00018275 0.00016085 0.00016735 0.0001703 0.0001778 0.00017435 0.00017505 0.00018175 0.0001784 0.00017555 0.0001726 0.00016855 0.0001737 0.000174 0.00017305 0.0001895 0.000168 0.0001796 0.0001804 0.00016385 0.0001886 0.0001829 0.0001718 0.0001767 0.0001811 0.00017785 0.0001771 0.0001736 0.00017905 0.0001722 0.00017585 0.0001716 0.0001793 0.0001671 0.00018025 0.00018255 0.0001752 0.00017995 0.0001789 0.00017995 0.0001761 0.0001893 0.00016725 0.00017375 0.0001806 0.0001787 0.0001832 0.00017455 0.0001729 0.0001504 0.00018395 0.0001745 0.0001809 0.00017405 0.00016575 0.00018745 0.000171 0.0001758 0.000185 0.00018065 0.0001724 0.00017565 0.000175 0.0001833 0.00017185 0.0001819 0.0001788 0.00018045 0.0001735 0.0001818 0.0001748 0.00015835
5 0.0001813 0.00017935 0.00018645 0.00017855 0.000177 0.0001773 0.0001698 0.00017775 0.00018785 0.00016685 0.0001678 0.00017655 0.0001912 0.000188 0.00018395 0.0001879 0.00019285 0.0001718 0.0001948 0.00018965 0.00019435 0.000143 0.00019555 0.00018495 0.0001872 0.00019085 0.00018755 0.0001912 0.00019285 0.0001724 0.00019265 0.0001951 0.0001904 0.00013475 0.0001885 0.00019425 0.0001795 0.00018945 0.0001852 0.0001897 0.00019065 0.00018955 0.00018625 0.0001742 0.00018875 0.0001764 0.0001934 0.0001892 0.00018195 0.0001745 0.00018585 0.00018465 0.00018815 0.00018395 0.00018725 0.0001871 0.0001858 0.0001752 0.0001784 0.00018835 0.00019255 0.00018925 0.0001905 0.0001871 0.0001849 0.0001966 0.00018175 0.00019345 0.0001774 0.00019695 0.00018815 0.0001871 0.00018825 0.00017505 0.00020495 0.0001849 0.0001855 0.0001717 0.0001937 0.0001857 0.00019095 0.00018865 0.00019435 0.00019175 0.0001406 0.00019095 0.0001925 0.0001847 0.0001891 0.0001666 0.00017625 0.00017485 0.00019565 0.00018915 0.0001863 0.0001444 0.00019275 0.00018485 0.00018875 0.00018615
6 0.00017645 0.00018055 0.0001749 0.0001693 0.00017285 0.0001698 0.0001806 0.00017155 0.00018315 0.00017305 0.00017875 0.0001589 0.00018295 0.0001715 0.0001785 0.0001779 0.0001719 0.00017495 0.00018545 0.0001804 0.000185 0.0001792 0.00019 0.00014785 0.00017975 0.00018 0.00018915 0.0001826 0.00018035 0.00017455 0.00018355 0.000182 0.00017 0.00017755 0.00017825 0.0001868 0.00018565 0.00018225 0.00017295 0.0001833 0.00017685 0.0001892 0.00015915 0.0001855 0.0001835 0.00017455 0.00017435 0.0001678 0.00019165 0.00017475 0.00017705 0.0001811 0.00017905 0.00017795 0.000186 0.00017195 0.00017685 0.00014535 0.00017835 0.00018315 0.00017425 0.0001851 0.0001925 0.00016875 0.0001799 0.0001879 0.00018545 0.0001768 0.00018035 0.0001761 0.00018745 0.00018695 0.0001807 0.0001743 0.00017845 0.00018265 0.00017865 0.00017435 0.00017915 0.0001888 0.0001744 0.0001811 0.0001808 0.00018 0.0001699 0.00018095 0.00017765 0.00017915 0.00017445 0.00018305 0.00016635 0.000182 0.0001863 0.00016615 0.0001806 0.00017425 0.0001739 0.00017895 0.00017845 0.00018095
7 0.0001829 0.0001274 0.00016725 0.0001767 0.0001719 0.00017775 0.00017155 0.0001757 0.000183 0.0001616 0.0001608 0.0001864 0.00017165 0.00016525 0.00017865 0.0001797 0.00017375 0.0001847 0.000182 0.00017955 0.00018575 0.0001739 0.0001767 0.0001827 0.0001792 0.00017705 0.0001815 0.0001862 0.00018165 0.00017535 0.00017055 0.00018275 0.00017615 0.0001741 0.0001836 0.0001787 0.000175 0.0001862 0.0001768 0.00017435 0.0001741 0.00017385 0.0001801 0.00017625 0.0001764 0.00017925 0.0001761 0.00017905 0.00018715 0.0001755 0.00018035 0.0001828 0.00016625 0.0001769 0.00017835 0.000179 0.0001602 0.0001766 0.0001621 0.0001809 0.00017705 0.0001728 0.00017355 0.0001844 0.00018225 0.00017985 0.0001844 0.0001642 0.0001778 0.0001746 0.0001892 0.0001774 0.00017815 0.0001265 0.00018495 0.0001767 0.0001752 0.0001729 0.0001737 0.00017745 0.000175 0.0001819 0.0001719 0.0001883 0.00018045 0.00018775 0.000181 0.0001656 0.000187 0.00016285 0.0001474 0.00017575 0.0001871 0.00016835 0.00018445 0.00018185 0.00017935 0.0001678 0.0001766 0.0001669
8 0.000184 0.00018905 0.00017945 0.00016895 0.0001793 0.00018785 0.00018315 0.000183 0.0001962 0.000185 0.00018005 0.0001847 0.0001947 0.00018075 0.00018315 0.0001903 0.0001825 0.00018145 0.00018135 0.00018305 0.0001813 0.00018695 0.0001398 0.00018475 0.0001812 0.0001834 0.0001914 0.0001804 0.0001874 0.0001866 0.00018625 0.0001796 0.0001802 0.00018805 0.00018785 0.00017995 0.00018425 0.0001857 0.000177 0.0001764 0.0001865 0.000173 0.00019005 0.0001907 0.00018385 0.00019005 0.0001878 0.00018065 0.0001947 0.00017785 0.0001794 0.0001736 0.00017935 0.0001838 0.0001851 0.0001835 0.0001588 0.0001859 0.00018175 0.00018145 0.00019175 0.00018305 0.0001873 0.00017955 0.00018445 0.00018555 0.00018645 0.00018635 0.00017615 0.0001833 0.0001894 0.00017075 0.0001811 0.000177 0.00018135 0.00018485 0.00018515 0.0001813 0.0001815 0.00017915 0.00016815 0.00017755 0.0001881 0.00018475 0.00018995 0.0001746 0.00017785 0.00018275 0.00017825 0.0001845 0.00018415 0.00017555 0.0001914 0.0001735 0.000175 0.0001881 0.0001745 0.00017975 0.0001772 0.0001798
9 0.0001947 0.00017515 0.00017305 0.00018215 0.0001806 0.00016685 0.00017305 0.0001616 0.000185 0.0001936 0.00013365 0.0001883 0.0001826 0.00018435 0.00016 0.00018425 0.00018675 0.00018295 0.0001809 0.000185 0.00018555 0.0001713 0.00018495 0.0001816 0.0001787 0.00018695 0.0001893 0.0001827 0.0001809 0.0001818 0.0001812 0.000185 0.0001822 0.0001636 0.00017925 0.00018325 0.0001806 0.00018885 0.00018115 0.0001845 0.000184 0.00017575 0.00017775 0.0001816 0.000188 0.00017535 0.0001841 0.0001889 0.0001888 0.00017765 0.00018665 0.0001878 0.0001762 0.000178 0.0001823 0.00018395 0.0001878 0.00017215 0.0001722 0.00018275 0.0001802 0.0001817 0.00017085 0.0001792 0.00018205 0.0001918 0.00018685 0.00018115 0.00017715 0.0001891 0.00018575 0.00018755 0.00017485 0.00016145 0.00018615 0.0001793 0.00018905 0.00018055 0.0001864 0.00018335 0.0001787 0.0001815 0.0001804 0.0001858 0.00018215 0.00018465 0.00018575 0.00017955 0.00018405 0.0001805 0.000143 0.0001426 0.00018885 0.00017565 0.00018505 0.0001878 0.0001852 0.00017685 0.00018565 0.0001812
10 0.00018245 0.00016045 0.00016375 0.0001719 0.000172 0.0001678 0.00017875 0.0001608 0.00018005 0.00013365 0.0001535 0.00018725 0.0001818 0.0001762 0.0001549 0.00018995 0.00018275 0.00017685 0.00017315 0.00017295 0.0001842 0.00016865 0.0001862 0.00018835 0.0001737 0.0001821 0.0001659 0.00017005 0.00017875 0.0001748 0.0001724 0.00017085 0.0001718 0.0001696 0.0001784 0.00017845 0.0001821 0.00018005 0.0001718 0.0001762 0.0001752 0.0001618 0.00018245 0.00016995 0.00016225 0.0001725 0.00017615 0.0001673 0.0001898 0.00017295 0.0001786 0.00017915 0.00016115 0.0001706 0.0001713 0.00018535 0.00018305 0.00018185 0.00014595 0.00017265 0.00017115 0.000182 0.00017405 0.00018725 0.00017065 0.0001808 0.000175 0.0001791 0.0001738 0.00018745 0.00017615 0.0001755 0.00018185 0.0001661 0.00018815 0.0001606 0.0001858 0.00017565 0.00018535 0.00018735 0.0001766 0.00017425 0.0001621 0.0001782 0.00016515 0.0001729 0.00018205 0.00018905 0.00017975 0.00017955 0.00018305 0.0001281 0.0001825 0.0001734 0.000171 0.00018375 0.0001867 0.000164 0.0001728 0.0001535
11 0.00017535 0.00018455 0.00017965 0.00016915 0.00017835 0.00017655 0.0001589 0.0001864 0.0001847 0.0001883 0.00018725 0.000175 0.00019285 0.00017425 0.0001827 0.000184 0.00018335 0.00016905 0.0001939 0.00018755 0.0001605 0.0001804 0.00019275 0.00016215 0.000179 0.00018395 0.00019025 0.0001871 0.00017335 0.00017685 0.0001902 0.00018165 0.0001809 0.00018245 0.000176 0.0001876 0.00018785 0.00017615 0.00017735 0.00018875 0.0001741 0.00018805 0.0001702 0.0001815 0.0001874 0.0001892 0.0001827 0.0001759 0.0001875 0.0001418 0.00018205 0.0001892 0.0001848 0.00017905 0.0001787 0.00018095 0.0001792 0.0001603 0.000163 0.0001969 0.00018185 0.00018475 0.0001896 0.00017275 0.00018165 0.0001907 0.0001825 0.00018255 0.0001796 0.00018245 0.00018975 0.00017825 0.0001858 0.00018235 0.0001816 0.00017555 0.0001899 0.00017625 0.00018915 0.00018255 0.00018375 0.00018235 0.00019135 0.00018605 0.00017575 0.00017715 0.00018405 0.00019155 0.00017505 0.000187 0.000181 0.0001807 0.000185 0.000178 0.0001895 0.00017765 0.0001763 0.00018295 0.000184 0.0001841
12 0.00019465 0.00017075 0.000183 0.00018625 0.0001792 0.0001912 0.00018295 0.00017165 0.0001947 0.0001826 0.0001818 0.00019285 0.0001835 0.00018415 0.0001884 0.00016525 0.000187 0.00018235 0.0001812 0.00018005 0.00018855 0.00018485 0.00018145 0.0001843 0.00018635 0.00018645 0.00017255 0.00017145 0.0001827 0.00018365 0.0001545 0.0001843 0.00017755 0.0001872 0.00019905 0.0001914 0.0001835 0.00018715 0.00019 0.00018865 0.00017115 0.00015865 0.00019205 0.000184 0.0001842 0.00018395 0.00017945 0.00017665 0.00018465 0.00018735 0.00017045 0.00019185 0.00018075 0.0001922 0.0001897 0.00014795 0.00017485 0.0001858 0.0001779 0.0001774 0.0001728 0.00016535 0.00015135 0.0001883 0.0001895 0.000179 0.0001866 0.0001793 0.00018935 0.0001877 0.00018965 0.00018735 0.00019225 0.000178 0.0001872 0.00017745 0.000148 0.0001805 0.0001709 0.000176 0.0001881 0.0001957 0.00016225 0.0001869 0.00018065 0.00018055 0.0001798 0.00017595 0.0001911 0.0001451 0.00017285 0.0001954 0.00019945 0.0001828 0.00019375 0.00016325 0.00018305 0.0001873 0.00018325 0.00016135
13 0.00014055 0.0001672 0.0001636 0.00017795 0.00017635 0.000188 0.0001715 0.00016525 0.00018075 0.00018435 0.0001762 0.00017425 0.00018415 0.0001826 0.00017675 0.0001952 0.00017895 0.00015145 0.0001807 0.00019005 0.00017775 0.00017965 0.0001817 0.00018125 0.00018985 0.00018345 0.00018385 0.00018455 0.0001891 0.00018145 0.00018995 0.000159 0.0001814 0.0001857 0.000189 0.00018575 0.0001928 0.00017685 0.00017015 0.00018485 0.00017535 0.0001816 0.0001757 0.0001877 0.0001854 0.00017185 0.00017795 0.0001736 0.00017235 0.0001772 0.0001794 0.00018095 0.00015335 0.00017935 0.00017785 0.00018135 0.0001827 0.0001789 0.00017475 0.00018255 0.0001712 0.00017955 0.00017965 0.0001727 0.00018445 0.0001859 0.0001863 0.00017655 0.0001803 0.0001817 0.00018855 0.0001817 0.00018795 0.000172 0.0001777 0.00017855 0.000178 0.00017965 0.0001768 0.0001857 0.0001746 0.00018025 0.0001745 0.00017275 0.0001805 0.00015785 0.0001806 0.00018865 0.00017595 0.00017695 0.0001819 0.00017805 0.0001904 0.0001833 0.00018035 0.0001616 0.0001658 0.0001875 0.0001803 0.00017835
14 0.00018995 0.000172 0.00017795 0.00017915 0.0001771 0.00018395 0.0001785 0.00017865 0.00018315 0.00016 0.0001549 0.0001827 0.0001884 0.00017675 0.0001991 0.00018405 0.00017505 0.0001752 0.0001727 0.00018565 0.0001874 0.0001814 0.00018825 0.0001817 0.00019045 0.00018755 0.00018625 0.00018495 0.00018945 0.0001745 0.00019 0.0001766 0.00017785 0.0001794 0.000193 0.0001724 0.00018775 0.00017685 0.00017745 0.00017645 0.0001751 0.00018015 0.0001882 0.0001805 0.0001816 0.00018075 0.0001711 0.000182 0.00018495 0.0001799 0.00017825 0.00018245 0.00017455 0.00017185 0.0001604 0.0001862 0.000171 0.00017645 0.0001771 0.00017945 0.00017955 0.0001857 0.00017655 0.00018355 0.00016855 0.00018205 0.0001812 0.0001727 0.00017285 0.00017805 0.00018735 0.00018005 0.00018015 0.0001749 0.00018005 0.0001759 0.00018635 0.0001756 0.0001791 0.00019545 0.0001851 0.00017555 0.0001812 0.000172 0.000176 0.00017385 0.00017685 0.00018445 0.0001691 0.00018265 0.00017265 0.00015955 0.0001948 0.00017385 0.0001795 0.00017635 0.00018605 0.00018265 0.000177 0.0001805
15 0.00019375 0.00017755 0.00020025 0.00018105 0.000183 0.0001879 0.0001779 0.0001797 0.0001903 0.00018425 0.00018995 0.000184 0.00016525 0.0001952 0.00018405 0.000188 0.0001813 0.000179 0.00018695 0.00018855 0.0001775 0.00018535 0.00019215 0.00018755 0.00018185 0.00018925 0.0001845 0.00019805 0.0001558 0.0001797 0.0001854 0.0001881 0.00018195 0.0001821 0.000193 0.0001874 0.00018925 0.00018525 0.0001856 0.0001882 0.00016635 0.0001849 0.00018835 0.00014115 0.0001899 0.0001894 0.00015565 0.0001898 0.0001867 0.00018255 0.00017435 0.0001832 0.0001902 0.00017765 0.0001874 0.00017035 0.0001748 0.00017965 0.0001891 0.0001852 0.00019825 0.0001867 0.00017795 0.00020065 0.00018765 0.00017355 0.00017725 0.0001721 0.0001874 0.00019 0.00019165 0.00018375 0.00018555 0.00018255 0.00017755 0.0001855 0.00016825 0.00017275 0.00018765 0.00019595 0.0001889 0.00019185 0.00019225 0.0001859 0.0001771 0.0001872 0.00013985 0.00018105 0.0001818 0.00016845 0.00018095 0.0001889 0.00019505 0.00018395 0.00018715 0.000175 0.0001882 0.00019 0.00018735 0.00018625
16 0.00018985 0.000174 0.0001775 0.00018665 0.0001899 0.00019285 0.0001719 0.00017375 0.0001825 0.00018675 0.00018275 0.00018335 0.000187 0.00017895 0.00017505 0.0001813 0.0001967 0.0001904 0.0001836 0.0001959 0.0001655 0.0001864 0.00018375 0.00019735 0.0001832 0.00018955 0.00018815 0.00018635 0.0001807 0.00017885 0.00018515 0.00017605 0.00018955 0.00018435 0.0001945 0.00017345 0.0001873 0.00018335 0.0001875 0.00018345 0.0001839 0.00018325 0.000186 0.00018245 0.0001771 0.0001919 0.00017355 0.0001853 0.0001887 0.0001836 0.00017755 0.00018405 0.00019025 0.00017835 0.00016605 0.00018405 0.000168 0.0001917 0.0001849 0.0001932 0.00018955 0.00018515 0.00018225 0.00018705 0.00018785 0.0001857 0.0001921 0.00018285 0.0001874 0.00018005 0.00019305 0.0001772 0.00017905 0.0001737 0.00018855 0.00019655 0.00018945 0.00018785 0.00018845 0.000192 0.00018485 0.00018985 0.00018375 0.0001838 0.0001922 0.00017705 0.00018625 0.0001882 0.0001782 0.0001906 0.00017735 0.0001807 0.0001903 0.00013885 0.0001857 0.0001908 0.00018055 0.000184 0.0001834 0.00017885
17 0.000155 0.00017925 0.0001639 0.00018405 0.00017345 0.0001718 0.00017495 0.0001847 0.00018145 0.00018295 0.00017685 0.00016905 0.00018235 0.00015145 0.0001752 0.000179 0.0001904 0.0001682 0.0001879 0.00018885 0.0001775 0.00017415 0.00018605 0.00017995 0.0001854 0.0001941 0.00018415 0.00018035 0.00018865 0.00017675 0.00018845 0.00017075 0.00018875 0.00017195 0.00018335 0.00018355 0.0001834 0.0001654 0.0001673 0.0001871 0.000173 0.00018395 0.0001751 0.00018495 0.00019685 0.0001665 0.00017345 0.00017955 0.0001691 0.00017365 0.0001824 0.0001749 0.00017265 0.00017735 0.0001762 0.0001707 0.00018105 0.0001656 0.00016795 0.0001845 0.00017685 0.00017265 0.0001845 0.00018365 0.0001833 0.00018095 0.0001745 0.00018545 0.0001747 0.0001966 0.00018075 0.00017725 0.00018305 0.0001838 0.00018495 0.00016935 0.0001795 0.00016325 0.000186 0.0001778 0.00017735 0.00018315 0.00018495 0.0001684 0.00017785 0.0001705 0.0001781 0.0001762 0.0001742 0.00017165 0.00018625 0.0001672 0.0001787 0.0001798 0.0001815 0.0001566 0.00019015 0.00018865 0.0001694 0.00018045
18 0.0001934 0.00018475 0.0001805 0.00017655 0.0001716 0.0001948 0.00018545 0.000182 0.00018135 0.0001809 0.00017315 0.0001939 0.0001812 0.0001807 0.0001727 0.00018695 0.0001836 0.0001879 0.0001997 0.00016175 0.00018355 0.00018715 0.00018625 0.0001867 0.0001868 0.00018435 0.00016015 0.0001825 0.0001916 0.00018615 0.00018235 0.00017575 0.00017675 0.0001834 0.0001841 0.00017045 0.00018235 0.0001836 0.00017085 0.0001753 0.0001792 0.00017335 0.0001846 0.000182 0.00016075 0.0001802 0.0001865 0.00016715 0.00018875 0.00018965 0.00017905 0.0001772 0.0001747 0.00016715 0.0001759 0.000185 0.00017865 0.00018655 0.0001782 0.00013875 0.0001889 0.00018075 0.0001831 0.000183 0.00017845 0.0001821 0.00017865 0.0001819 0.00016855 0.0001777 0.00017255 0.00017315 0.000181 0.00017495 0.00017735 0.00018235 0.00016105 0.0001805 0.0001795 0.00018105 0.00017995 0.0001725 0.00018365 0.0001747 0.00018365 0.00017315 0.00017895 0.0001818 0.000187 0.0001841 0.0001799 0.00018095 0.00018345 0.0001798 0.00018155 0.00018175 0.00017485 0.0001688 0.00018375 0.0001767
19 0.00019 0.0001837 0.0001851 0.0001772 0.0001729 0.00018965 0.0001804 0.00017955 0.00018305 0.000185 0.00017295 0.00018755 0.00018005 0.00019005 0.00018565 0.00018855 0.0001959 0.00018885 0.00016175 0.000175 0.00017945 0.00018405 0.00019275 0.00018375 0.0001743 0.0001869 0.00018405 0.0001849 0.00018675 0.00018375 0.0001822 0.00018705 0.00017855 0.00018245 0.00018635 0.0001835 0.0001748 0.0001891 0.0001917 0.0001842 0.0001764 0.0001745 0.00018355 0.00019255 0.00018015 0.0001684 0.00018815 0.000166 0.0001937 0.00017985 0.00017705 0.0001654 0.00018095 0.00018535 0.0001849 0.0001824 0.0001868 0.0001887 0.00017605 0.0001598 0.0001743 0.00018295 0.0001863 0.000194 0.000181 0.0001791 0.00018185 0.00018445 0.00018545 0.00018155 0.0001792 0.00018075 0.0001935 0.00017595 0.00019345 0.0001804 0.00015985 0.00018035 0.0001871 0.0001834 0.0001852 0.0001763 0.0001801 0.00018115 0.00018165 0.00017105 0.0001865 0.0001744 0.0001907 0.00017805 0.0001824 0.00018475 0.0001873 0.0001885 0.0001582 0.00018935 0.0001687 0.0001583 0.0001835 0.0001729
20 0.0001837 0.00018385 0.0001885 0.00018765 0.0001877 0.00019435 0.000185 0.00018575 0.0001813 0.00018555 0.0001842 0.0001605 0.00018855 0.00017775 0.0001874 0.0001775 0.0001655 0.0001775 0.00018355 0.00017945 0.000176 0.0001861 0.00018145 0.0001882 0.000183 0.00018695 0.00017665 0.0001846 0.0001828 0.0001866 0.0001825 0.00018205 0.00018495 0.0001853 0.00018645 0.00018405 0.00019035 0.00018085 0.00018245 0.00019525 0.0001805 0.0001824 0.0001867 0.00019285 0.00018785 0.00018855 0.00018525 0.0001812 0.00018805 0.0001334 0.0001792 0.00018745 0.00019075 0.00017975 0.0001772 0.000182 0.0001717 0.0001812 0.00017245 0.00019205 0.0001838 0.0001769 0.0001825 0.00019255 0.0001842 0.00018345 0.0001906 0.0001804 0.00018095 0.00018305 0.0001917 0.000181 0.00018315 0.0001854 0.00018905 0.0001723 0.00018635 0.0001844 0.0001893 0.00018435 0.0001808 0.0001815 0.00019135 0.00018615 0.00019025 0.00015515 0.00018155 0.0001882 0.00018945 0.0001844 0.00018205 0.0001715 0.0001827 0.0001599 0.00015745 0.00018385 0.0001864 0.00018085 0.00018395 0.00018335
21 0.00018275 0.0001749 0.000185 0.00017735 0.00017375 0.000143 0.0001792 0.0001739 0.00018695 0.0001713 0.00016865 0.0001804 0.00018485 0.00017965 0.0001814 0.00018535 0.0001864 0.00017415 0.00018715 0.00018405 0.0001861 0.0001966 0.00019215 0.000178 0.00018725 0.0001772 0.00018915 0.0001821 0.00018735 0.0001857 0.00019175 0.00018425 0.00018765 0.0001424 0.00018345 0.00018485 0.00018445 0.00018645 0.00018435 0.0001906 0.0001781 0.0001742 0.00017925 0.00017285 0.00018815 0.00018295 0.0001928 0.00018285 0.0001891 0.0001868 0.00018265 0.0001896 0.000182 0.0001836 0.0001785 0.0001803 0.0001798 0.0001773 0.00017545 0.000193 0.0001908 0.00018905 0.00018015 0.0001927 0.0001784 0.0001936 0.0001854 0.0001835 0.00018045 0.00016585 0.00018295 0.00018385 0.00019005 0.0001751 0.00019545 0.0001859 0.0001849 0.00017205 0.00017525 0.00018785 0.00018015 0.00017935 0.0001802 0.0001866 0.000187 0.0001753 0.0001893 0.00018315 0.00018885 0.00016665 0.0001761 0.00017215 0.0001881 0.00017815 0.00015915 0.0001665 0.00019485 0.00017775 0.0001831 0.00018125
22 0.00019085 0.00018285 0.0001806 0.00017605 0.00018095 0.00019555 0.00019 0.0001767 0.0001398 0.00018495 0.0001862 0.00019275 0.00018145 0.0001817 0.00018825 0.00019215 0.00018375 0.00018605 0.00018625 0.00019275 0.00018145 0.00019215 0.0001674 0.00018445 0.00019995 0.00018675 0.00018835 0.0001906 0.00019765 0.00018675 0.0001764 0.0001814 0.00018365 0.00019115 0.00019865 0.00019175 0.00018805 0.00018805 0.00017515 0.00018725 0.00019075 0.0001873 0.00018645 0.000197 0.00018995 0.00018935 0.0001877 0.00018955 0.00020555 0.00018315 0.00019155 0.0001809 0.00018875 0.00018215 0.00018115 0.00018725 0.00017385 0.00017735 0.00018745 0.0001915 0.00019775 0.00013815 0.0001829 0.0001838 0.00019665 0.00019625 0.0001919 0.0001905 0.0001809 0.0001914 0.0001998 0.00017515 0.0001825 0.0001755 0.0001951 0.00019105 0.00018265 0.00018575 0.00017585 0.00019635 0.00017265 0.00019005 0.0001703 0.00019 0.0001937 0.00017655 0.00018775 0.00018525 0.00018045 0.00018165 0.0001882 0.00017725 0.00019835 0.00017535 0.00018605 0.00018125 0.0001683 0.000189 0.00018615 0.0001356
23 0.00018465 0.0001894 0.0001802 0.00016815 0.0001684 0.00018495 0.00014785 0.0001827 0.00018475 0.0001816 0.00018835 0.00016215 0.0001843 0.00018125 0.0001817 0.00018755 0.00019735 0.00017995 0.0001867 0.00018375 0.0001882 0.000178 0.00018445 0.0001744 0.0001916 0.00017085 0.0001973 0.0001865 0.0001861 0.000169 0.00018605 0.0001868 0.0001679 0.00018955 0.00017425 0.000193 0.00018255 0.00017765 0.00018145 0.0001804 0.0001776 0.0001801 0.0001451 0.000191 0.0001898 0.00018035 0.0001863 0.0001715 0.0001989 0.00017415 0.0001798 0.00018095 0.0001826 0.0001782 0.00018525 0.0001738 0.0001834 0.0001283 0.00017975 0.0001868 0.0001755 0.0001771 0.000182 0.0001766 0.0001743 0.00019495 0.00018275 0.0001794 0.00016955 0.00017 0.0001809 0.00018355 0.00018285 0.0001847 0.00018125 0.0001847 0.00018195 0.0001786 0.0001695 0.0001948 0.00018065 0.0001728 0.0001859 0.00018265 0.0001822 0.0001809 0.00018755 0.00017595 0.00017775 0.0001858 0.0001732 0.0001879 0.00018975 0.0001846 0.00017615 0.00018615 0.00017775 0.00018055 0.00018415 0.00017465
24 0.0001913 0.00018325 0.00018485 0.0001869 0.00018465 0.0001872 0.00017975 0.0001792 0.0001812 0.0001787 0.0001737 0.000179 0.00018635 0.00018985 0.00019045 0.00018185 0.0001832 0.0001854 0.0001868 0.0001743 0.000183 0.00018725 0.00019995 0.0001916 0.0001896 0.00018085 0.00018365 0.00018815 0.00014845 0.00018575 0.00018595 0.000189 0.00018835 0.00018145 0.00017715 0.00018585 0.0001724 0.000185 0.0001918 0.00018775 0.00018665 0.00018425 0.0001936 0.0001763 0.00019055 0.00018505 0.00018765 0.0001884 0.0001876 0.00016965 0.00016225 0.0001893 0.0001885 0.00018255 0.0001821 0.00018225 0.00016845 0.00018585 0.00017895 0.00019015 0.0001849 0.0001885 0.00018755 0.00018735 0.0001799 0.0001825 0.0001862 0.00019635 0.00017935 0.0001941 0.00019115 0.00018105 0.00018335 0.00018145 0.0001995 0.0001821 0.00018835 0.0001799 0.00019435 0.0001771 0.00018635 0.0001838 0.0001934 0.0001821 0.0001897 0.0001855 0.0001747 0.00018845 0.00019005 0.00018665 0.00017795 0.000181 0.00017505 0.000191 0.0001865 0.000197 0.00019065 0.000168 0.0001769 0.0001884
25 0.00018585 0.00019025 0.0001853 0.0001808 0.0001852 0.00019085 0.00018 0.00017705 0.0001834 0.00018695 0.0001821 0.00018395 0.00018645 0.00018345 0.00018755 0.00018925 0.00018955 0.0001941 0.00018435 0.0001869 0.00018695 0.0001772 0.00018675 0.00017085 0.00018085 0.0001944 0.00019815 0.00018465 0.00018485 0.00018535 0.00018185 0.00018765 0.0001801 0.00019535 0.00018225 0.0001875 0.00018575 0.0001851 0.0001804 0.00018295 0.00018615 0.0001798 0.00017285 0.0001881 0.00018065 0.00018465 0.00017975 0.00018055 0.00019645 0.00016825 0.00018325 0.00017685 0.0001872 0.00018495 0.0001839 0.00018375 0.00018235 0.00017645 0.00018005 0.00017345 0.00018535 0.00018015 0.0001801 0.00018745 0.00018395 0.0001912 0.0001854 0.0001892 0.0001469 0.00013765 0.0001878 0.0001798 0.0001887 0.00017515 0.00018 0.00018075 0.0001791 0.00019245 0.0001378 0.0001861 0.0001844 0.000176 0.00018835 0.0001835 0.00018085 0.0001869 0.00017995 0.00018535 0.00019785 0.00018125 0.0001841 0.0001877 0.0001829 0.00018845 0.0001857 0.0001902 0.00018285 0.00017775 0.0001855 0.0001791
26 0.0001881 0.00018005 0.0001795 0.0001947 0.000187 0.00018755 0.00018915 0.0001815 0.0001914 0.0001893 0.0001659 0.00019025 0.00017255 0.00018385 0.00018625 0.0001845 0.00018815 0.00018415 0.00016015 0.00018405 0.00017665 0.00018915 0.00018835 0.0001973 0.00018365 0.00019815 0.000179 0.000182 0.0001894 0.0001938 0.0001878 0.00018205 0.0001878 0.0001878 0.0001955 0.00018045 0.00018975 0.00018975 0.00016995 0.0001938 0.00017175 0.00017215 0.0001935 0.00017825 0.0001715 0.0001797 0.00019285 0.00017585 0.0001878 0.000183 0.00017455 0.0001903 0.00017405 0.00016235 0.00018955 0.00019705 0.000183 0.0001996 0.0001758 0.00016585 0.000183 0.0001793 0.00018975 0.0001978 0.000191 0.00017715 0.0001574 0.0001863 0.0001868 0.0001823 0.00017455 0.00018675 0.0001987 0.00018175 0.0001878 0.0001857 0.0001802 0.0001543 0.0001907 0.0001927 0.00018055 0.00018385 0.00018575 0.0001781 0.0001816 0.0001741 0.0001771 0.0001851 0.0001972 0.00018745 0.00019365 0.00017705 0.0001872 0.00018195 0.00017895 0.0001805 0.00019395 0.0001824 0.0001786 0.0001812
27 0.000182 0.00018495 0.00018415 0.0001853 0.00018365 0.0001912 0.0001826 0.0001862 0.0001804 0.0001827 0.00017005 0.0001871 0.00017145 0.00018455 0.00018495 0.00019805 0.00018635 0.00018035 0.0001825 0.0001849 0.0001846 0.0001821 0.0001906 0.0001865 0.00018815 0.00018465 0.000182 0.0001814 0.00019145 0.000183 0.0001784 0.0001854 0.00018305 0.00018675 0.00019135 0.0001822 0.0001904 0.0001886 0.0001932 0.00018445 0.0001769 0.00012425 0.0001874 0.0001847 0.0001864 0.00017735 0.00019065 0.00017645 0.0001926 0.0001805 0.00018045 0.0001788 0.0001819 0.00018075 0.0001788 0.0001833 0.000174 0.0001835 0.000184 0.00017915 0.0001827 0.00018585 0.0001451 0.0001831 0.00017355 0.0001871 0.0001782 0.00018205 0.0001818 0.000187 0.00018475 0.00017905 0.00018975 0.000189 0.0001867 0.00018175 0.0001846 0.00018675 0.000187 0.0001883 0.00018115 0.00018015 0.0001823 0.0001825 0.00018565 0.00018225 0.0001897 0.00018125 0.00018635 0.00019015 0.0001847 0.0001783 0.0001836 0.0001836 0.00018095 0.00019615 0.0001873 0.0001771 0.0001779 0.00017525
28 0.00018565 0.00018295 0.00019 0.00017965 0.00018275 0.00019285 0.00018035 0.00018165 0.0001874 0.0001809 0.00017875 0.00017335 0.0001827 0.0001891 0.00018945 0.0001558 0.0001807 0.00018865 0.0001916 0.00018675 0.0001828 0.00018735 0.00019765 0.0001861 0.00014845 0.00018485 0.0001894 0.00019145 0.000208 0.0001847 0.00017995 0.0001849 0.00018635 0.00018525 0.00017665 0.00018575 0.00018515 0.0001861 0.0001863 0.0001893 0.00018355 0.00018325 0.00018205 0.0001692 0.0001882 0.00018255 0.0001882 0.00019005 0.0001847 0.00017545 0.0001659 0.0001848 0.0001889 0.00018025 0.00017995 0.0001857 0.00016955 0.00018065 0.00018025 0.0001924 0.0001886 0.00018545 0.00018195 0.00018855 0.0001837 0.0001865 0.00018245 0.0001766 0.000177 0.00019425 0.0001818 0.00018345 0.0001889 0.0001802 0.00018105 0.00018895 0.00019005 0.00018075 0.00019655 0.00018065 0.0001778 0.00018435 0.0001906 0.000185 0.00019015 0.00019245 0.0001776 0.0001808 0.00018045 0.00018495 0.0001737 0.0001872 0.0001758 0.000185 0.0001923 0.000192 0.0001918 0.00018185 0.0001771 0.00018475
29 0.00018305 0.0001744 0.00018285 0.0001667 0.00016085 0.0001724 0.00017455 0.00017535 0.0001866 0.0001818 0.0001748 0.00017685 0.00018365 0.00018145 0.0001745 0.0001797 0.00017885 0.00017675 0.00018615 0.00018375 0.0001866 0.0001857 0.00018675 0.000169 0.00018575 0.00018535 0.0001938 0.000183 0.0001847 0.00019 0.0001785 0.00017755 0.0001735 0.00017905 0.00018165 0.00018425 0.0001742 0.00017265 0.0001843 0.00017065 0.00017645 0.000181 0.00017075 0.00017545 0.0001801 0.00017675 0.00017 0.0001814 0.00017635 0.00015445 0.00018145 0.00017705 0.0001853 0.0001856 0.000174 0.0001765 0.00017835 0.00016445 0.00018265 0.00018205 0.0001812 0.0001768 0.0001785 0.0001876 0.00017165 0.0001801 0.00018485 0.0001886 0.00017995 0.00019025 0.00018065 0.0001805 0.00017745 0.0001764 0.00019775 0.0001676 0.0001798 0.00017625 0.00018845 0.00018665 0.0001773 0.000187 0.0001827 0.0001887 0.00017455 0.00018595 0.00018255 0.0001847 0.0001401 0.0001812 0.00017495 0.000186 0.00017965 0.0001898 0.00018415 0.00018135 0.00018025 0.00017945 0.00017765 0.0001703
30 0.00018965 0.00017415 0.000185 0.0001756 0.00016735 0.00019265 0.00018355 0.00017055 0.00018625 0.0001812 0.0001724 0.0001902 0.0001545 0.00018995 0.00019 0.0001854 0.00018515 0.00018845 0.00018235 0.0001822 0.0001825 0.00019175 0.0001764 0.00018605 0.00018595 0.00018185 0.0001878 0.0001784 0.00017995 0.0001785 0.0001785 0.00019095 0.00018945 0.00018295 0.00019195 0.0001921 0.0001882 0.00018165 0.00019095 0.0001817 0.0001849 0.0001761 0.00018845 0.000184 0.00016985 0.00016865 0.00017715 0.000165 0.0001871 0.00017375 0.0001763 0.00016935 0.00018485 0.00018515 0.000189 0.00018075 0.00016235 0.0001844 0.0001677 0.00016915 0.0001749 0.00015525 0.0001769 0.0001877 0.0001849 0.00018515 0.00018195 0.0001879 0.00017285 0.0001929 0.0001844 0.00017565 0.0001841 0.00017575 0.00019155 0.00017005 0.00017055 0.0001777 0.00017785 0.00014075 0.0001842 0.00018615 0.0001336 0.0001797 0.0001746 0.000194 0.0001826 0.00016105 0.0001933 0.0001625 0.00016625 0.0001899 0.0001906 0.00019155 0.000197 0.00018755 0.0001819 0.00018035 0.00017465 0.0001425
31 0.0001696 0.00017915 0.00016145 0.00017665 0.0001703 0.0001951 0.000182 0.00018275 0.0001796 0.000185 0.00017085 0.00018165 0.0001843 0.000159 0.0001766 0.0001881 0.00017605 0.00017075 0.00017575 0.00018705 0.00018205 0.00018425 0.0001814 0.0001868 0.000189 0.00018765 0.00018205 0.0001854 0.0001849 0.00017755 0.00019095 0.0001848 0.0001826 0.0001906 0.00018365 0.00018385 0.00019795 0.00018015 0.0001764 0.0001724 0.00018135 0.00018405 0.0001798 0.00019155 0.0001867 0.00018245 0.00018595 0.000174 0.000178 0.0001867 0.00018125 0.0001857 0.0001675 0.00017965 0.00017985 0.00018685 0.00017745 0.00018805 0.0001778 0.0001867 0.0001872 0.00018135 0.00018285 0.00018465 0.0001779 0.00018245 0.0001868 0.00018755 0.0001836 0.00018435 0.00017415 0.00018395 0.00018875 0.0001833 0.00017705 0.0001826 0.0001896 0.00017435 0.00018035 0.0001859 0.00017425 0.00018515 0.00018155 0.0001786 0.00019185 0.0001398 0.00018655 0.00018505 0.00017945 0.0001854 0.00018955 0.00017575 0.0001861 0.00017225 0.00018925 0.00017495 0.00017505 0.0001853 0.0001718 0.0001802
32 0.0001806 0.00017885 0.0001726 0.0001722 0.0001778 0.0001904 0.00017 0.00017615 0.0001802 0.0001822 0.0001718 0.0001809 0.00017755 0.0001814 0.00017785 0.00018195 0.00018955 0.00018875 0.00017675 0.00017855 0.00018495 0.00018765 0.00018365 0.0001679 0.00018835 0.0001801 0.0001878 0.00018305 0.00018635 0.0001735 0.00018945 0.0001826 0.0001869 0.0001928 0.0001742 0.0001916 0.00018055 0.00017425 0.0001839 0.00013555 0.00019315 0.00017775 0.0001681 0.00018595 0.00017725 0.0001833 0.0001808 0.00017185 0.00019145 0.00017355 0.0001831 0.00018205 0.00016675 0.00019075 0.0001874 0.0001782 0.00018725 0.00016125 0.0001792 0.0001808 0.0001838 0.00018225 0.0001847 0.00017835 0.00017575 0.00018615 0.0001865 0.00018215 0.0001808 0.000182 0.00017935 0.000181 0.0001763 0.00017585 0.00018605 0.0001752 0.0001856 0.00018575 0.0001767 0.000198 0.0001697 0.00018375 0.00018295 0.0001893 0.00018015 0.0001821 0.0001833 0.00019115 0.0001798 0.0001793 0.00018355 0.0001855 0.00018205 0.0001827 0.00018115 0.0001875 0.00017835 0.00018285 0.000192 0.00017565
33 0.000183 0.00017405 0.0001879 0.0001769 0.00017435 0.00013475 0.00017755 0.0001741 0.00018805 0.0001636 0.0001696 0.00018245 0.0001872 0.0001857 0.0001794 0.0001821 0.00018435 0.00017195 0.0001834 0.00018245 0.0001853 0.0001424 0.00019115 0.00018955 0.00018145 0.00019535 0.0001878 0.00018675 0.00018525 0.00017905 0.00018295 0.0001906 0.0001928 0.0001828 0.0001878 0.0001699 0.00018345 0.0001842 0.00017845 0.00018605 0.0001828 0.0001821 0.00018665 0.0001676 0.0001862 0.00018295 0.0001916 0.00018 0.0001535 0.00018095 0.00018095 0.0001905 0.0001872 0.0001823 0.00017555 0.000182 0.00018395 0.0001783 0.00017335 0.00018505 0.00017905 0.0001883 0.0001894 0.0001833 0.0001775 0.000195 0.00018085 0.00018455 0.000181 0.00019575 0.0001845 0.00018125 0.0001833 0.0001697 0.00019265 0.0001832 0.0001808 0.0001659 0.00019245 0.00018225 0.00018295 0.00018795 0.0001842 0.00019165 0.00017945 0.00018695 0.0001857 0.0001777 0.0001828 0.00016035 0.00017005 0.00017175 0.0001847 0.0001799 0.0001798 0.0001654 0.00019365 0.00018045 0.00018205 0.0001807
34 0.00017925 0.0001947 0.0001885 0.00017645 0.00017505 0.0001885 0.00017825 0.0001836 0.00018785 0.00017925 0.0001784 0.000176 0.00019905 0.000189 0.000193 0.000193 0.0001945 0.00018335 0.0001841 0.00018635 0.00018645 0.00018345 0.00019865 0.00017425 0.00017715 0.00018225 0.0001955 0.00019135 0.00017665 0.00018165 0.00019195 0.00018365 0.0001742 0.0001878 0.0001837 0.00019165 0.00018175 0.00018235 0.00019175 0.000176 0.0001909 0.0001921 0.0001709 0.00018355 0.000191 0.0001842 0.00019525 0.0001832 0.00018765 0.00017725 0.0001828 0.00017975 0.00019135 0.0001849 0.0001819 0.0001803 0.00018515 0.00016725 0.0001833 0.00019015 0.00019415 0.00018905 0.0001884 0.00018425 0.00017515 0.00019755 0.0001816 0.0001893 0.00017475 0.00019315 0.00016965 0.0001796 0.00018775 0.00018065 0.00018605 0.0001856 0.0001973 0.0001877 0.0001876 0.00017925 0.00018285 0.00017125 0.0001908 0.00019135 0.0001896 0.0001948 0.00018475 0.0001849 0.0001784 0.0001868 0.00018895 0.00017805 0.0001226 0.0001874 0.0001923 0.0001942 0.00018785 0.00017595 0.0001819 0.000186
35 0.0001875 0.00017575 0.000176 0.00018945 0.00018175 0.00019425 0.0001868 0.0001787 0.00017995 0.00018325 0.00017845 0.0001876 0.0001914 0.00018575 0.0001724 0.0001874 0.00017345 0.00018355 0.00017045 0.0001835 0.00018405 0.00018485 0.00019175 0.000193 0.00018585 0.0001875 0.00018045 0.0001822 0.00018575 0.00018425 0.0001921 0.00018385 0.0001916 0.0001699 0.00019165 0.0001819 0.0001878 0.00018265 0.0001775 0.0001787 0.0001746 0.0001736 0.00016755 0.0001855 0.0001755 0.0001817 0.00018615 0.00018275 0.000172 0.0001882 0.0001784 0.0001813 0.00017755 0.00017425 0.00017715 0.00018975 0.0001742 0.0001903 0.0001823 0.00018625 0.0001832 0.0001852 0.00018215 0.0001928 0.0001776 0.00018845 0.00017905 0.0001878 0.0001722 0.00017745 0.0001772 0.00017175 0.00016875 0.00016865 0.0001843 0.00018175 0.00019435 0.0001797 0.0001702 0.00019405 0.00018705 0.0001683 0.00019115 0.00017815 0.0001918 0.00018315 0.00016845 0.00017575 0.00018105 0.0001934 0.00017805 0.000176 0.00018825 0.00018285 0.00017665 0.00019185 0.0001886 0.00017625 0.00018245 0.0001895
