 slim_761972198 slim_761972221 slim_761972243 slim_761972220 slim_761972249 slim_761972228 slim_761972246 slim_761972240 slim_761972231 slim_761972224 slim_761972232 slim_761972238 slim_761972207 slim_761972218 slim_761972217 slim_761972199 slim_761972200 slim_761972250 slim_761972214 slim_761972212 slim_761972222 slim_761972244 slim_761972204 slim_761972213 slim_761972233 slim_761972201 slim_761972211 slim_761972216 slim_761972227 slim_761972219 slim_761972234 slim_761972196 slim_761972206 slim_761972251 slim_761972208 slim_761972223 slim_761972202 slim_761972239 slim_761972197 slim_761972203 slim_761972205 slim_761972235 slim_761972237 slim_761972242 slim_761972209 slim_761972225 slim_761972236 slim_761972229 slim_761972241 slim_761972248 slim_761972230 slim_761972247 slim_761972210 slim_761972226 slim_761972215 slim_761972245
0 9.54e-05 0.00013055 9.935e-05 0.00014185 0.0001561 0.000135 0.00013325 0.0001277 0.00014355 8.91e-05 0.0001106 0.0001336 0.0001106 0.0001342 0.00016495 0.00013575 0.00011015 0.00016455 0.00015125 0.0001603 0.0001539 0.00014315 0.00013815 0.00014155 8.35e-05 0.00014215 0.00010845 0.0001258 0.00012445 0.00013185 0.00011665 0.00010985 0.0001106 0.00012135 7.895e-05 7.415e-05 0.00010565 0.00014305 0.0001414 8.315e-05 7.855e-05 9.975e-05 0.00016125 0.000152 6.66e-05 0.00013455 0.0001412 0.00014115 0.00016885 0.00016785 0.00011055 0.00014215 0.00010495 0.000119 9.38e-05 0.0001345
1 0.00013055 1e-07 0.0001311 9.065e-05 0.00015955 0.00015955 0.00014415 0.0001275 8.025e-05 6.49e-05 8.92e-05 0.0001449 9e-05 0.00013045 0.00010445 6.735e-05 0.00013875 0.00010385 0.0001724 0.0001161 6.9e-05 7.945e-05 9.215e-05 4.43e-05 0.00014325 8.91e-05 8.95e-05 6.49e-05 0.000141 1.4e-06 0.00015825 8.625e-05 9e-05 0.00015175 0.000132 0.00014475 0.0001438 7.955e-05 4.6e-05 0.0001236 0.0001466 0.00012605 0.0001086 2.435e-05 0.00012965 0.00014685 4.61e-05 0.0001337 0.00013465 0.0001593 8.995e-05 8.91e-05 0.0001132 8.365e-05 0.0001325 0.00013475
2 9.935e-05 0.0001311 5.01e-05 0.0001041 0.00017985 0.000149 0.00010245 4.595e-05 0.00015555 0.0001181 0.0001396 0.0001025 0.0001338 0.0001054 0.00017695 0.00013425 0.00014505 0.00017685 0.00016495 0.00016845 0.0001567 0.00015545 0.0001404 0.00014835 0.00012585 9.96e-05 5.96e-05 0.0001381 0.0001555 0.0001324 0.0001118 7.835e-05 0.0001338 0.0001025 6.385e-05 0.00011995 8.57e-05 0.00015535 0.0001429 0.0001205 0.0001236 0.00012335 0.0001735 0.00015255 6.145e-05 0.000116 0.00013725 0.0001658 0.00018235 0.00015415 0.00013375 9.96e-05 0.00011985 0.00014215 6.605e-05 0.00015125
3 0.00014185 9.065e-05 0.0001041 0.0001756 0.0001646 0.00016595 0.0001291 9.23e-05 0.00012775 0.0001153 0.00011395 0.00012925 0.00011575 0.00013625 0.0001263 0.0001118 0.0001547 0.0001262 0.00016975 0.0001419 0.00012 0.00012755 0.00013255 9.365e-05 0.00015205 9.085e-05 9.08e-05 0.00012 0.00016075 9.06e-05 0.0001468 9.365e-05 0.00011575 0.00014225 0.00011575 0.00015695 0.00013195 0.00012755 0.0001109 0.0001397 0.0001572 0.0001449 0.0001479 8.925e-05 0.00012915 0.0001422 9.08e-05 0.000159 0.00015615 0.00015305 0.00011575 9.085e-05 0.00013405 0.00011635 0.00011575 0.0001446
4 0.0001561 0.00015955 0.00017985 0.0001646 2.4e-06 0.00010065 8.925e-05 0.00015385 8.045e-05 0.00015265 0.00015605 8.93e-05 0.00016635 0.00017705 8.375e-05 0.0001586 7.545e-05 8.395e-05 8.29e-05 0.0001096 0.0001457 8.035e-05 0.0001619 0.00016275 0.0001363 0.00017185 0.00017405 9.77e-05 0.00017125 0.00016085 0.00015535 0.000161 0.00016635 9.185e-05 0.00016465 0.0001708 0.00017625 8.055e-05 0.00012805 0.00012625 0.00016125 0.00010105 0.0001168 0.0001629 0.0001769 8.995e-05 0.00016295 0.0001679 8.07e-05 7.605e-05 0.0001663 0.00017185 0.00016235 0.000158 0.00016345 0.00011885
5 0.000135 0.00015955 0.000149 0.00016595 0.00010065 0.0001778 0.00012685 0.00015535 0.0001306 0.00014855 0.00015765 0.00012775 0.00015505 0.0001585 0.0001396 0.0001506 0.00011345 0.00013875 0.00010235 0.0001318 0.0001508 0.00012965 0.0001312 0.0001656 0.00012865 0.00016585 0.00015735 0.0001242 0.0001401 0.0001601 0.00014425 0.0001538 0.00015505 0.0001199 0.0001433 0.00013885 0.0001496 0.00012965 0.00015145 0.00012905 0.0001385 0.00010525 0.0001361 0.0001686 0.0001404 0.00011975 0.00016115 0.00015265 0.0001306 0.0001224 0.000155 0.00016585 0.0001402 0.0001524 0.00013475 0.0001256
6 0.00013325 0.00014415 0.00010245 0.0001291 8.925e-05 0.00012685 0.0001778 9.205e-05 0.00011695 0.0001354 0.00014785 8.93e-05 0.0001544 0.00014505 0.0001293 0.0001418 0.00011435 0.000129 0.0001263 0.0001423 0.00014995 0.0001165 0.0001534 0.0001537 0.00013735 0.000129 0.00010735 0.0001165 0.0001739 0.00014545 0.00013205 0.00011375 0.0001544 9.99e-05 0.0001145 0.0001552 0.00012975 0.00011655 0.0001362 0.0001315 0.00015225 0.0001165 0.00015125 0.00015655 0.00013005 0.00010535 0.00014615 0.0001724 0.0001317 0.000111 0.00015435 0.000129 0.00014265 0.0001544 0.0001152 0.0001363
7 0.0001277 0.0001275 4.595e-05 9.23e-05 0.00015385 0.00015535 9.205e-05 4.77e-05 0.0001405 0.00012725 0.00014385 9.16e-05 0.0001445 0.0001275 0.000157 0.0001315 0.00014135 0.00015755 0.0001619 0.0001599 0.00014845 0.0001409 0.0001488 0.0001399 0.0001406 9.525e-05 6.14e-05 0.00013295 0.00017015 0.0001288 0.00012365 7.14e-05 0.0001445 0.00011075 7.615e-05 0.00014475 9.545e-05 0.00014095 0.00013405 0.00013295 0.00014665 0.0001358 0.0001724 0.00014405 9.775e-05 0.00011705 0.00013905 0.00017115 0.00016705 0.0001388 0.00014445 9.525e-05 0.00013625 0.0001445 7.685e-05 0.00015075
8 0.00014355 8.025e-05 0.00015555 0.00012775 8.045e-05 0.0001306 0.00011695 0.0001405 0.0001604 0.00010905 0.0001229 0.00011675 0.00012855 0.00015365 9.405e-05 0.0001134 0.0001076 9.445e-05 0.00012755 0.00011335 0.0001073 8.045e-05 0.0001274 0.00010395 0.00014 0.0001306 0.0001316 8.185e-05 0.00015645 8.155e-05 0.0001566 0.00012375 0.00012855 0.00012165 0.0001484 0.0001581 0.0001601 8.06e-05 8.74e-05 0.00012525 0.00015425 0.00011405 0.0001132 9.405e-05 0.0001536 0.0001189 0.00010495 0.0001507 0.00010715 0.00011715 0.0001285 0.0001306 0.00013815 0.0001212 0.00014805 0.0001267
9 8.91e-05 6.49e-05 0.0001181 0.0001153 0.00015265 0.00014855 0.0001354 0.00012725 0.00010905 0.0001297 8.775e-05 0.00013585 0.000112 0.00013475 0.00013185 0.0001033 0.0001338 0.00013145 0.000163 0.0001423 0.00010995 0.00010855 0.00011875 9.62e-05 0.00012075 0.00011465 9.81e-05 9.26e-05 0.00014995 6.62e-05 0.0001252 0.0001008 0.000112 0.0001364 0.00011665 0.00013325 0.00013585 0.00010855 9.465e-05 0.0001154 0.0001363 0.00011425 0.0001407 8.775e-05 0.0001139 0.00014065 9.14e-05 0.00014925 0.00014905 0.0001595 0.00011195 0.00011465 0.00011925 0.000113 0.0001165 0.0001321
10 0.0001106 8.92e-05 0.0001396 0.00011395 0.00015605 0.00015765 0.00014785 0.00014385 0.0001229 8.775e-05 0.0001727 0.0001483 0.00011065 0.0001449 0.0001214 0.000115 0.00014585 0.000121 0.00016175 0.00014105 0.0001213 0.0001224 0.00012795 9.445e-05 0.0001356 0.00011325 0.0001196 0.00011485 0.0001511 8.915e-05 0.00013515 0.0001219 0.00011065 0.00014885 0.00013815 0.0001481 0.0001507 0.0001224 0.0001085 0.0001284 0.00014865 0.0001351 0.00013945 8.78e-05 0.0001354 0.0001485 8.965e-05 0.00015255 0.00014995 0.0001604 0.0001106 0.00011325 0.00013135 0.00011125 0.000138 0.00013985
11 0.0001336 0.0001449 0.0001025 0.00012925 8.93e-05 0.00012775 8.93e-05 9.16e-05 0.00011675 0.00013585 0.0001483 0.0001769 0.00015505 0.00014475 0.0001291 0.00014255 0.00011525 0.00013 0.000126 0.0001432 0.00014975 0.0001175 0.00015405 0.00015445 0.0001377 0.00012915 0.0001069 0.0001175 0.00017445 0.0001462 0.00013155 0.0001139 0.00015505 9.96e-05 0.00011455 0.00015575 0.0001298 0.00011755 0.00013685 0.00013205 0.0001528 0.0001174 0.00015215 0.0001573 0.0001306 0.00010625 0.0001469 0.0001721 0.00013055 0.0001098 0.000155 0.00012915 0.0001433 0.00015505 0.00011525 0.000136
12 0.0001106 9e-05 0.0001338 0.00011575 0.00016635 0.00015505 0.0001544 0.0001445 0.00012855 0.000112 0.00011065 0.00015505 0.0001743 0.00014 0.0001271 0.00011145 0.0001271 0.0001265 0.00015935 0.0001328 0.00012425 0.00012785 0.0001207 8.78e-05 0.0001208 0.0001152 0.00012125 0.0001203 0.00011655 8.995e-05 0.0001596 0.00011635 8.715e-05 0.0001491 0.00011575 0.00010045 0.0001284 0.00012785 0.00010655 0.0001043 0.00010115 0.00013235 0.00012785 8.86e-05 0.0001038 0.00014855 9.405e-05 0.0001288 0.0001553 0.0001685 8.715e-05 0.0001152 0.00011095 8.78e-05 0.00013125 0.00014485
13 0.0001342 0.00013045 0.0001054 0.00013625 0.00017705 0.0001585 0.00014505 0.0001275 0.00015365 0.00013475 0.0001449 0.00014475 0.00014 0.0001948 0.0001637 0.00014435 0.0001602 0.00016405 0.0001657 0.00014645 0.00012655 0.0001539 0.0001424 0.0001432 0.0001449 0.00013175 0.00011275 0.00014555 0.0001437 0.0001308 0.00012565 0.0001287 0.00014 0.0001371 0.00012555 0.00013975 0.00013145 0.0001539 0.00013395 0.00013855 0.00014845 0.0001448 0.00014285 0.00014055 0.0001134 0.0001466 0.0001329 0.0001313 0.0001444 0.0001475 0.00013995 0.00013175 0.0001413 0.00014685 0.00012695 0.0001319
14 0.00016495 0.00010445 0.00017695 0.0001263 8.375e-05 0.0001396 0.0001293 0.000157 9.405e-05 0.00013185 0.0001214 0.0001291 0.0001271 0.0001637 0.000167 0.000125 0.00011955 8.39e-05 0.0001262 0.000112 0.00011855 9.42e-05 0.0001365 0.0001021 0.00015475 0.0001291 0.000153 0.000104 0.0001575 0.0001044 0.00016645 0.00014475 0.0001271 0.00013405 0.0001698 0.00017285 0.00017485 9.435e-05 0.00010115 0.00013815 0.0001665 0.0001348 0.00011185 9.4e-05 0.000175 0.00012665 0.0001031 0.0001539 0.00010795 0.00011795 0.00012705 0.0001291 0.00015015 0.00011935 0.00016945 0.00013435
15 0.00013575 6.735e-05 0.00013425 0.0001118 0.0001586 0.0001506 0.0001418 0.0001315 0.0001134 0.0001033 0.000115 0.00014255 0.00011145 0.00014435 0.000125 9.44e-05 0.00014045 0.00012435 0.0001596 0.00013335 0.000104 0.0001126 0.00011345 6.905e-05 0.00014725 0.00010825 0.0001091 0.00010505 0.00015565 6.865e-05 0.0001549 9.01e-05 0.00011145 0.00014885 0.00013255 0.00014375 0.0001405 0.00011265 8.735e-05 0.0001243 0.00014275 0.0001323 0.0001397 7.9e-05 0.0001374 0.0001497 7.685e-05 0.0001475 0.00014935 0.0001507 0.0001114 0.00010825 8.975e-05 0.00010685 0.0001323 0.0001438
16 0.00011015 0.00013875 0.00014505 0.0001547 7.545e-05 0.00011345 0.00011435 0.00014135 0.0001076 0.0001338 0.00014585 0.00011525 0.0001271 0.0001602 0.00011955 0.00014045 0.0001492 0.0001189 0.00011245 0.0001268 0.00014825 0.00010665 0.0001435 0.0001422 0.0001058 0.0001585 0.0001507 0.0001081 0.0001302 0.00014005 0.0001527 0.00013405 0.0001271 0.0001069 0.000119 0.0001019 0.00013325 0.00010685 0.0001261 9.245e-05 9.715e-05 9.99e-05 0.0001292 0.00015075 0.0001141 0.00010415 0.00015455 0.00014215 0.0001239 0.00012245 0.00012705 0.0001585 0.0001255 0.0001187 0.0001336 0.00013085
17 0.00016455 0.00010385 0.00017685 0.0001262 8.395e-05 0.00013875 0.000129 0.00015755 9.445e-05 0.00013145 0.000121 0.00013 0.0001265 0.00016405 8.39e-05 0.00012435 0.0001189 0.0001658 0.0001267 0.0001113 0.0001189 9.34e-05 0.000136 0.0001014 0.00015445 0.000129 0.0001534 0.00010305 0.0001571 0.0001038 0.000167 0.00014455 0.0001265 0.00013445 0.0001697 0.00017235 0.00017485 9.335e-05 0.0001007 0.0001377 0.00016605 0.000134 0.00011115 9.34e-05 0.0001744 0.00012595 0.0001024 0.00015435 0.0001093 0.0001193 0.00012645 0.000129 0.0001496 0.0001189 0.00016935 0.0001348
18 0.00015125 0.0001724 0.00016495 0.00016975 8.29e-05 0.00010235 0.0001263 0.0001619 0.00012755 0.000163 0.00016175 0.000126 0.00015935 0.0001657 0.0001262 0.0001596 0.00011245 0.0001267 0.0001651 0.00011335 0.0001624 0.0001278 0.00012745 0.0001716 0.00014115 0.00016965 0.0001728 0.0001408 0.0001344 0.00017235 0.00015745 0.00017145 0.00015935 0.00011865 0.00015925 0.00015155 0.0001618 0.00012795 0.0001503 0.00012925 0.00014715 0.0001235 0.00011765 0.0001711 0.00015685 0.00011585 0.00016555 0.0001623 0.00012625 0.0001181 0.0001593 0.00016965 0.0001475 0.00015575 0.0001507 0.0001414
19 0.0001603 0.0001161 0.00016845 0.0001419 0.0001096 0.0001318 0.0001423 0.0001599 0.00011335 0.0001423 0.00014105 0.0001432 0.0001328 0.00014645 0.000112 0.00013335 0.0001268 0.0001113 0.00011335 0.0001463 0.0001181 0.0001124 0.000116 0.0001213 0.0001557 0.00014475 0.00014855 0.0001254 0.0001154 0.00011605 0.00017055 0.0001496 0.0001328 0.0001384 0.00016115 0.00015475 0.00016665 0.00011255 9.42e-05 0.00012385 0.0001508 0.00013855 7.565e-05 0.0001148 0.0001566 0.0001344 0.0001203 0.00013885 0.0001152 0.00013385 0.00013275 0.00014475 0.000145 0.0001292 0.0001594 0.00013745
20 0.0001539 6.9e-05 0.0001567 0.00012 0.0001457 0.0001508 0.00014995 0.00014845 0.0001073 0.00010995 0.0001213 0.00014975 0.00012425 0.00012655 0.00011855 0.000104 0.00014825 0.0001189 0.0001624 0.0001181 0.0001379 0.00010745 0.000124 9.07e-05 0.00015285 0.00012285 0.0001232 0.00010065 0.0001515 6.955e-05 0.00013965 0.000119 0.00012425 0.0001551 0.0001526 0.00016165 0.0001602 0.00010755 9.02e-05 0.00013885 0.00016645 0.00013705 0.00012285 8.03e-05 0.0001582 0.00015345 8.805e-05 0.00011785 0.00010725 0.0001288 0.0001242 0.00012285 0.0001377 0.0001211 0.00015005 0.00010385
21 0.00014315 7.945e-05 0.00015545 0.00012755 8.035e-05 0.00012965 0.0001165 0.0001409 8.045e-05 0.00010855 0.0001224 0.0001175 0.00012785 0.0001539 9.42e-05 0.0001126 0.00010665 9.34e-05 0.0001278 0.0001124 0.00010745 0.0001588 0.0001267 0.00010315 0.0001396 0.0001304 0.000132 8.08e-05 0.00015585 8.075e-05 0.00015705 0.00012355 0.00012785 0.00012195 0.0001483 0.0001575 0.00016 7.955e-05 8.67e-05 0.00012465 0.00015365 0.0001131 0.00011225 9.325e-05 0.000153 0.00011795 0.00010415 0.00015095 0.00010825 0.00011825 0.0001278 0.0001304 0.00013745 0.0001205 0.00014795 0.00012695
22 0.00013815 9.215e-05 0.0001404 0.00013255 0.0001619 0.0001312 0.0001534 0.0001488 0.0001274 0.00011875 0.00012795 0.00015405 0.0001207 0.0001424 0.0001365 0.00011345 0.0001435 0.000136 0.00012745 0.000116 0.000124 0.0001267 0.0001842 0.00011185 0.0001443 0.00012805 0.0001306 0.00012375 0.00011885 9.21e-05 0.000159 0.00013385 0.0001207 0.0001486 0.00014275 0.0001381 0.0001454 0.0001268 0.0001088 0.0001275 0.0001394 0.0001354 0.00011295 0.0001013 0.0001328 0.0001437 0.0001066 0.0001452 0.00015365 0.00016015 0.00012065 0.00012805 0.00012245 0.0001181 0.00013505 0.00014935
23 0.00014155 4.43e-05 0.00014835 9.365e-05 0.00016275 0.0001656 0.0001537 0.0001399 0.00010395 9.62e-05 9.445e-05 0.00015445 8.78e-05 0.0001432 0.0001021 6.905e-05 0.0001422 0.0001014 0.0001716 0.0001213 9.07e-05 0.00010315 0.00011185 8.13e-05 0.0001485 9.31e-05 0.00011135 9.56e-05 0.00014145 4.425e-05 0.0001661 9.37e-05 8.78e-05 0.00016075 0.0001408 0.00014345 0.00014865 0.00010315 7.02e-05 0.0001257 0.0001432 0.00014225 0.00011885 4.25e-05 0.0001411 0.0001538 5.39e-05 0.0001352 0.0001409 0.00015955 8.78e-05 9.31e-05 0.00011625 8.15e-05 0.000147 0.0001417
24 8.35e-05 0.00014325 0.00012585 0.00015205 0.0001363 0.00012865 0.00013735 0.0001406 0.00014 0.00012075 0.0001356 0.0001377 0.0001208 0.0001449 0.00015475 0.00014725 0.0001058 0.00015445 0.00014115 0.0001557 0.00015285 0.0001396 0.0001443 0.0001485 0.0001372 0.00015585 0.0001353 0.0001285 0.00010685 0.0001436 0.00013975 0.0001276 0.0001208 0.00012555 9.995e-05 6.865e-05 0.00010365 0.0001396 0.00015065 9.075e-05 8.97e-05 0.00010675 0.00015845 0.00015805 9.125e-05 0.000131 0.0001537 0.0001226 0.0001564 0.0001562 0.00012075 0.00015585 0.0001197 0.00012425 0.0001144 0.0001167
25 0.00014215 8.91e-05 9.96e-05 9.085e-05 0.00017185 0.00016585 0.000129 9.525e-05 0.0001306 0.00011465 0.00011325 0.00012915 0.0001152 0.00013175 0.0001291 0.00010825 0.0001585 0.000129 0.00016965 0.00014475 0.00012285 0.0001304 0.00012805 9.31e-05 0.00015585 0.0001725 8.635e-05 0.00012285 0.0001602 8.905e-05 0.0001432 9.755e-05 0.0001152 0.00014215 0.0001197 0.0001573 0.0001284 0.0001304 0.00010935 0.00014345 0.00015755 0.0001503 0.00014635 8.77e-05 0.0001282 0.0001421 8.635e-05 0.00015845 0.000159 0.00015295 0.00011515 8.63e-05 0.0001305 0.0001158 0.00012125 0.00015185
26 0.00010845 8.95e-05 5.96e-05 9.08e-05 0.00017405 0.00015735 0.00010735 6.14e-05 0.0001316 9.81e-05 0.0001196 0.0001069 0.00012125 0.00011275 0.000153 0.0001091 0.0001507 0.0001534 0.0001728 0.00014855 0.0001232 0.000132 0.0001306 0.00011135 0.0001353 8.635e-05 8.03e-05 0.00011465 0.0001587 9.08e-05 0.0001266 6.975e-05 0.00012125 0.000126 7.97e-05 0.00013655 0.00010155 0.0001319 0.000105 0.0001254 0.00014065 0.00012505 0.0001501 0.00011095 9.43e-05 0.00014 0.00010105 0.00015475 0.00015995 0.0001539 0.00012125 8.635e-05 0.00011915 0.0001296 8.125e-05 0.000141
27 0.0001258 6.49e-05 0.0001381 0.00012 9.77e-05 0.0001242 0.0001165 0.00013295 8.185e-05 9.26e-05 0.00011485 0.0001175 0.0001203 0.00014555 0.000104 0.00010505 0.0001081 0.00010305 0.0001408 0.0001254 0.00010065 8.08e-05 0.00012375 9.56e-05 0.0001285 0.00012285 0.00011465 0.0001297 0.00015775 6.62e-05 0.00014885 0.0001062 0.0001203 0.00012195 0.00013095 0.0001464 0.0001489 8.08e-05 8.81e-05 0.00012405 0.00014485 9.59e-05 0.00012525 8.71e-05 0.00013565 0.00011935 9.66e-05 0.000149 0.0001174 0.0001274 0.00012025 0.00012285 0.0001299 0.0001144 0.0001306 0.0001189
28 0.00012445 0.000141 0.0001555 0.00016075 0.00017125 0.0001401 0.0001739 0.00017015 0.00015645 0.00014995 0.0001511 0.00017445 0.00011655 0.0001437 0.0001575 0.00015565 0.0001302 0.0001571 0.0001344 0.0001154 0.0001515 0.00015585 0.00011885 0.00014145 0.00010685 0.0001602 0.0001587 0.00015775 0.0001289 0.00014 0.0001704 0.000159 0.00011655 0.0001562 0.00013415 7.72e-05 0.00012075 0.00015595 0.0001353 0.0001067 9.725e-05 0.0001483 0.00010595 0.0001421 0.0001099 0.0001525 0.00015045 0.0001059 0.00015945 0.0001758 0.00011655 0.0001602 0.0001309 0.0001164 0.0001504 0.00014615
29 0.00013185 1.4e-06 0.0001324 9.06e-05 0.00016085 0.0001601 0.00014545 0.0001288 8.155e-05 6.62e-05 8.915e-05 0.0001462 8.995e-05 0.0001308 0.0001044 6.865e-05 0.00014005 0.0001038 0.00017235 0.00011605 6.955e-05 8.075e-05 9.21e-05 4.425e-05 0.0001436 8.905e-05 9.08e-05 6.62e-05 0.00014 2.7e-06 0.0001588 8.755e-05 8.995e-05 0.00015305 0.0001333 0.0001451 0.00014415 8.085e-05 4.73e-05 0.0001249 0.0001479 0.00012735 0.00010855 2.43e-05 0.00013095 0.0001468 4.605e-05 0.0001333 0.0001352 0.00015985 8.99e-05 8.905e-05 0.0001145 8.36e-05 0.0001338 0.00013435
30 0.00011665 0.00015825 0.0001118 0.0001468 0.00015535 0.00014425 0.00013205 0.00012365 0.0001566 0.0001252 0.00013515 0.00013155 0.0001596 0.00012565 0.00016645 0.0001549 0.0001527 0.000167 0.00015745 0.00017055 0.00013965 0.00015705 0.000159 0.0001661 0.00013975 0.0001432 0.0001266 0.00014885 0.0001704 0.0001588 0.0001844 0.00013475 0.0001596 0.0001306 0.0001283 0.0001524 0.00013595 0.00015705 0.0001633 0.00014745 0.0001584 0.000142 0.000176 0.00016815 0.00012875 0.0001381 0.00015465 0.00014675 0.00014215 0.000128 0.00015955 0.0001432 0.00014855 0.0001638 0.00012915 0.00012695
31 0.00010985 8.625e-05 7.835e-05 9.365e-05 0.000161 0.0001538 0.00011375 7.14e-05 0.00012375 0.0001008 0.0001219 0.0001139 0.00011635 0.0001287 0.00014475 9.01e-05 0.00013405 0.00014455 0.00017145 0.0001496 0.000119 0.00012355 0.00013385 9.37e-05 0.0001276 9.755e-05 6.975e-05 0.0001062 0.000159 8.755e-05 0.00013475 0.0001176 0.00011635 0.00012635 8.16e-05 0.00012595 0.0001071 0.00012345 0.0001074 0.0001158 0.0001291 0.0001194 0.00016065 0.0001073 9.76e-05 0.00013345 0.0001022 0.000154 0.0001606 0.0001515 0.0001163 9.755e-05 0.0001129 0.0001178 8.72e-05 0.00013605
32 0.0001106 9e-05 0.0001338 0.00011575 0.00016635 0.00015505 0.0001544 0.0001445 0.00012855 0.000112 0.00011065 0.00015505 8.715e-05 0.00014 0.0001271 0.00011145 0.0001271 0.0001265 0.00015935 0.0001328 0.00012425 0.00012785 0.0001207 8.78e-05 0.0001208 0.0001152 0.00012125 0.0001203 0.00011655 8.995e-05 0.0001596 0.00011635 0.0001743 0.0001491 0.00011575 0.00010045 0.0001284 0.00012785 0.00010655 0.0001043 0.00010115 0.00013235 0.00012785 8.86e-05 0.0001038 0.00014855 9.405e-05 0.0001288 0.0001553 0.0001685 8.715e-05 0.0001152 0.00011095 8.78e-05 0.00013125 0.00014485
33 0.00012135 0.00015175 0.0001025 0.00014225 9.185e-05 0.0001199 9.99e-05 0.00011075 0.00012165 0.0001364 0.00014885 9.96e-05 0.0001491 0.0001371 0.00013405 0.00014885 0.0001069 0.00013445 0.00011865 0.0001384 0.0001551 0.00012195 0.0001486 0.00016075 0.00012555 0.00014215 0.000126 0.00012195 0.0001562 0.00015305 0.0001306 0.00012635 0.0001491 0.000183 0.00011475 0.000137 0.00013 0.000122 0.00014 0.00011595 0.00013405 0.0001089 0.0001443 0.00016415 0.00011165 9.77e-05 0.00015375 0.00016465 0.000134 0.0001163 0.00014905 0.00014215 0.00013735 0.0001491 0.0001153 0.00013385
34 7.895e-05 0.000132 6.385e-05 0.00011575 0.00016465 0.0001433 0.0001145 7.615e-05 0.0001484 0.00011665 0.00013815 0.00011455 0.00011575 0.00012555 0.0001698 0.00013255 0.000119 0.0001697 0.00015925 0.00016115 0.0001526 0.0001483 0.00014275 0.0001408 9.995e-05 0.0001197 7.97e-05 0.00013095 0.00013415 0.0001333 0.0001283 8.16e-05 0.00011575 0.00011475 0.0001131 8.3e-05 8.69e-05 0.0001482 0.0001438 9.445e-05 8.71e-05 0.00010955 0.0001697 0.00015345 6.035e-05 0.00012825 0.0001424 0.00014765 0.00017505 0.0001605 0.0001157 0.0001197 0.00010765 0.00012415 7.155e-05 0.00013925
35 7.415e-05 0.00014475 0.00011995 0.00015695 0.0001708 0.00013885 0.0001552 0.00014475 0.0001581 0.00013325 0.0001481 0.00015575 0.00010045 0.00013975 0.00017285 0.00014375 0.0001019 0.00017235 0.00015155 0.00015475 0.00016165 0.0001575 0.0001381 0.00014345 6.865e-05 0.0001573 0.00013655 0.0001464 7.72e-05 0.0001451 0.0001524 0.00012595 0.00010045 0.000137 8.3e-05 5.3e-05 8.33e-05 0.0001575 0.0001494 7.45e-05 4.8e-05 0.00011855 0.00015235 0.00015955 6.145e-05 0.00014225 0.0001589 0.0001023 0.0001745 0.00017625 0.0001004 0.0001573 0.0001009 0.00010395 0.00011345 0.0001393
36 0.00010565 0.0001438 8.57e-05 0.00013195 0.00017625 0.0001496 0.00012975 9.545e-05 0.0001601 0.00013585 0.0001507 0.0001298 0.0001284 0.00013145 0.00017485 0.0001405 0.00013325 0.00017485 0.0001618 0.00016665 0.0001602 0.00016 0.0001454 0.00014865 0.00010365 0.0001284 0.00010155 0.0001489 0.00012075 0.00014415 0.00013595 0.0001071 0.0001284 0.00013 8.69e-05 8.33e-05 0.0001665 0.00016 0.00015215 0.0001136 0.00010435 0.00013645 0.0001708 0.0001586 8.58e-05 0.00013575 0.0001511 0.00013185 0.00017815 0.00016065 0.00012835 0.0001284 0.0001204 0.00013185 0.0001034 0.00014625
37 0.00014305 7.955e-05 0.00015535 0.00012755 8.055e-05 0.00012965 0.00011655 0.00014095 8.06e-05 0.00010855 0.0001224 0.00011755 0.00012785 0.0001539 9.435e-05 0.00011265 0.00010685 9.335e-05 0.00012795 0.00011255 0.00010755 7.955e-05 0.0001268 0.00010315 0.0001396 0.0001304 0.0001319 8.08e-05 0.00015595 8.085e-05 0.00015705 0.00012345 0.00012785 0.000122 0.0001482 0.0001575 0.00016 0.000159 8.685e-05 0.0001247 0.0001537 0.00011315 0.0001124 9.335e-05 0.0001529 0.0001181 0.00010415 0.00015105 0.0001084 0.0001184 0.0001278 0.0001304 0.0001375 0.00012065 0.00014785 0.00012705
38 0.0001414 4.6e-05 0.0001429 0.0001109 0.00012805 0.00015145 0.0001362 0.00013405 8.74e-05 9.465e-05 0.0001085 0.00013685 0.00010655 0.00013395 0.00010115 8.735e-05 0.0001261 0.0001007 0.0001503 9.42e-05 9.02e-05 8.67e-05 0.0001088 7.02e-05 0.00015065 0.00010935 0.000105 8.81e-05 0.0001353 4.73e-05 0.0001633 0.0001074 0.00010655 0.00014 0.0001438 0.0001494 0.00015215 8.685e-05 7.97e-05 0.0001154 0.0001455 0.0001303 8.66e-05 5.98e-05 0.00013775 0.0001379 7.705e-05 0.00013255 0.0001171 0.0001424 0.0001065 0.00010935 0.00012385 9.92e-05 0.0001443 0.0001394
39 8.315e-05 0.0001236 0.0001205 0.0001397 0.00012625 0.00012905 0.0001315 0.00013295 0.00012525 0.0001154 0.0001284 0.00013205 0.0001043 0.00013855 0.00013815 0.0001243 9.245e-05 0.0001377 0.00012925 0.00012385 0.00013885 0.00012465 0.0001275 0.0001257 9.075e-05 0.00014345 0.0001254 0.00012405 0.0001067 0.0001249 0.00014745 0.0001158 0.0001043 0.00011595 9.445e-05 7.45e-05 0.0001136 0.0001247 0.0001154 0.0001181 7.55e-05 0.0001028 0.0001299 0.00013655 8.08e-05 0.00012125 0.000134 0.0001281 0.0001463 0.00015135 0.00010425 0.00014345 0.00010305 0.00010435 0.00010755 0.00012625
40 7.855e-05 0.0001466 0.0001236 0.0001572 0.00016125 0.0001385 0.00015225 0.00014665 0.00015425 0.0001363 0.00014865 0.0001528 0.00010115 0.00014845 0.0001665 0.00014275 9.715e-05 0.00016605 0.00014715 0.0001508 0.00016645 0.00015365 0.0001394 0.0001432 8.97e-05 0.00015755 0.00014065 0.00014485 9.725e-05 0.0001479 0.0001584 0.0001291 0.00010115 0.00013405 8.71e-05 4.8e-05 0.00010435 0.0001537 0.0001455 7.55e-05 6.21e-05 0.0001178 0.00014885 0.0001589 6.6e-05 0.00014 0.00015855 0.00012585 0.00017405 0.00017535 0.0001011 0.00015755 0.00010085 0.0001024 0.00011705 0.0001538
41 9.975e-05 0.00012605 0.00012335 0.0001449 0.00010105 0.00010525 0.0001165 0.0001358 0.00011405 0.00011425 0.0001351 0.0001174 0.00013235 0.0001448 0.0001348 0.0001323 9.99e-05 0.000134 0.0001235 0.00013855 0.00013705 0.0001131 0.0001354 0.00014225 0.00010675 0.0001503 0.00012505 9.59e-05 0.0001483 0.00012735 0.000142 0.0001194 0.00013235 0.0001089 0.00010955 0.00011855 0.00013645 0.00011315 0.0001303 0.0001028 0.0001178 0.0001316 0.00014415 0.00014685 0.00010745 0.00011515 0.0001395 0.0001542 0.0001349 0.0001355 0.0001323 0.0001503 0.00012255 0.00013365 9.585e-05 0.00011585
42 0.00016125 0.0001086 0.0001735 0.0001479 0.0001168 0.0001361 0.00015125 0.0001724 0.0001132 0.0001407 0.00013945 0.00015215 0.00012785 0.00014285 0.00011185 0.0001397 0.0001292 0.00011115 0.00011765 7.565e-05 0.00012285 0.00011225 0.00011295 0.00011885 0.00015845 0.00014635 0.0001501 0.00012525 0.00010595 0.00010855 0.000176 0.00016065 0.00012785 0.0001443 0.0001697 0.00015235 0.0001708 0.0001124 8.66e-05 0.0001299 0.00014885 0.00014415 0.0001133 0.0001073 0.00015265 0.0001403 0.0001207 0.00013175 0.00011295 0.00014235 0.0001278 0.00014635 0.00014885 0.00012425 0.00017115 0.00015045
43 0.000152 2.435e-05 0.00015255 8.925e-05 0.0001629 0.0001686 0.00015655 0.00014405 9.405e-05 8.775e-05 8.78e-05 0.0001573 8.86e-05 0.00014055 9.4e-05 7.9e-05 0.00015075 9.34e-05 0.0001711 0.0001148 8.03e-05 9.325e-05 0.0001013 4.25e-05 0.00015805 8.77e-05 0.00011095 8.71e-05 0.0001421 2.43e-05 0.00016815 0.0001073 8.86e-05 0.00016415 0.00015345 0.00015955 0.0001586 9.335e-05 5.98e-05 0.00013655 0.0001589 0.00014685 0.0001073 4.86e-05 0.0001511 0.00015465 4.43e-05 0.00013695 0.0001355 0.00016015 8.855e-05 8.77e-05 0.00012525 8.185e-05 0.00015395 0.00014245
44 6.66e-05 0.00012965 6.145e-05 0.00012915 0.0001769 0.0001404 0.00013005 9.775e-05 0.0001536 0.0001139 0.0001354 0.0001306 0.0001038 0.0001134 0.000175 0.0001374 0.0001141 0.0001744 0.00015685 0.0001566 0.0001582 0.000153 0.0001328 0.0001411 9.125e-05 0.0001282 9.43e-05 0.00013565 0.0001099 0.00013095 0.00012875 9.76e-05 0.0001038 0.00011165 6.035e-05 6.145e-05 8.58e-05 0.0001529 0.00013775 8.08e-05 6.6e-05 0.00010745 0.00015265 0.0001511 7e-05 0.0001246 0.00014475 0.0001342 0.00017875 0.0001719 0.00010375 0.0001282 0.00010025 0.0001122 7.81e-05 0.0001468
45 0.00013455 0.00014685 0.000116 0.0001422 8.995e-05 0.00011975 0.00010535 0.00011705 0.0001189 0.00014065 0.0001485 0.00010625 0.00014855 0.0001466 0.00012665 0.0001497 0.00010415 0.00012595 0.00011585 0.0001344 0.00015345 0.00011795 0.0001437 0.0001538 0.000131 0.0001421 0.00014 0.00011935 0.0001525 0.0001468 0.0001381 0.00013345 0.00014855 9.77e-05 0.00012825 0.00014225 0.00013575 0.0001181 0.0001379 0.00012125 0.00014 0.00011515 0.0001403 0.00015465 0.0001246 0.0001782 0.0001531 0.0001642 0.00013445 0.00011675 0.0001485 0.00014205 0.0001446 0.00014085 0.0001288 0.0001352
46 0.0001412 4.61e-05 0.00013725 9.08e-05 0.00016295 0.00016115 0.00014615 0.00013905 0.00010495 9.14e-05 8.965e-05 0.0001469 9.405e-05 0.0001329 0.0001031 7.685e-05 0.00015455 0.0001024 0.00016555 0.0001203 8.805e-05 0.00010415 0.0001066 5.39e-05 0.0001537 8.635e-05 0.00010105 9.66e-05 0.00015045 4.605e-05 0.00015465 0.0001022 9.405e-05 0.00015375 0.0001424 0.0001589 0.0001511 0.00010415 7.705e-05 0.000134 0.00015855 0.0001395 0.0001207 4.43e-05 0.00014475 0.0001531 8.49e-05 0.0001446 0.0001403 0.0001539 9.405e-05 8.635e-05 0.00011715 9.465e-05 0.0001404 0.0001358
47 0.00014115 0.0001337 0.0001658 0.000159 0.0001679 0.00015265 0.0001724 0.00017115 0.0001507 0.00014925 0.00015255 0.0001721 0.0001288 0.0001313 0.0001539 0.0001475 0.00014215 0.00015435 0.0001623 0.00013885 0.00011785 0.00015095 0.0001452 0.0001352 0.0001226 0.00015845 0.00015475 0.000149 0.0001059 0.0001333 0.00014675 0.000154 0.0001288 0.00016465 0.00014765 0.0001023 0.00013185 0.00015105 0.00013255 0.0001281 0.00012585 0.0001542 0.00013175 0.00013695 0.0001342 0.0001642 0.0001446 0.0001743 0.0001274 0.0001467 0.0001288 0.00015845 0.00014125 0.0001281 0.0001631 0.0001205
48 0.00016885 0.00013465 0.00018235 0.00015615 8.07e-05 0.0001306 0.0001317 0.00016705 0.00010715 0.00014905 0.00014995 0.00013055 0.0001553 0.0001444 0.00010795 0.00014935 0.0001239 0.0001093 0.00012625 0.0001152 0.00010725 0.00010825 0.00015365 0.0001409 0.0001564 0.000159 0.00015995 0.0001174 0.00015945 0.0001352 0.00014215 0.0001606 0.0001553 0.000134 0.00017505 0.0001745 0.00017815 0.0001084 0.0001171 0.0001463 0.00017405 0.0001349 0.00011295 0.0001355 0.00017875 0.00013445 0.0001403 0.0001274 0.000159 9.57e-05 0.00015525 0.000159 0.0001639 0.00015115 0.0001747 0.00011005
49 0.00016785 0.0001593 0.00015415 0.00015305 7.605e-05 0.0001224 0.000111 0.0001388 0.00011715 0.0001595 0.0001604 0.0001098 0.0001685 0.0001475 0.00011795 0.0001507 0.00012245 0.0001193 0.0001181 0.00013385 0.0001288 0.00011825 0.00016015 0.00015955 0.0001562 0.00015295 0.0001539 0.0001274 0.0001758 0.00015985 0.000128 0.0001515 0.0001685 0.0001163 0.0001605 0.00017625 0.00016065 0.0001184 0.0001424 0.00015135 0.00017535 0.0001355 0.00014235 0.00016015 0.0001719 0.00011675 0.0001539 0.0001467 9.57e-05 0.0001497 0.00016845 0.00015295 0.0001598 0.00016435 0.00016055 0.0001175
50 0.00011055 8.995e-05 0.00013375 0.00011575 0.0001663 0.000155 0.00015435 0.00014445 0.0001285 0.00011195 0.0001106 0.000155 8.715e-05 0.00013995 0.00012705 0.0001114 0.00012705 0.00012645 0.0001593 0.00013275 0.0001242 0.0001278 0.00012065 8.78e-05 0.00012075 0.00011515 0.00012125 0.00012025 0.00011655 8.99e-05 0.00015955 0.0001163 8.715e-05 0.00014905 0.0001157 0.0001004 0.00012835 0.0001278 0.0001065 0.00010425 0.0001011 0.0001323 0.0001278 8.855e-05 0.00010375 0.0001485 9.405e-05 0.0001288 0.00015525 0.00016845 0.0001742 0.00011515 0.0001109 8.78e-05 0.0001312 0.0001448
51 0.00014215 8.91e-05 9.96e-05 9.085e-05 0.00017185 0.00016585 0.000129 9.525e-05 0.0001306 0.00011465 0.00011325 0.00012915 0.0001152 0.00013175 0.0001291 0.00010825 0.0001585 0.000129 0.00016965 0.00014475 0.00012285 0.0001304 0.00012805 9.31e-05 0.00015585 8.63e-05 8.635e-05 0.00012285 0.0001602 8.905e-05 0.0001432 9.755e-05 0.0001152 0.00014215 0.0001197 0.0001573 0.0001284 0.0001304 0.00010935 0.00014345 0.00015755 0.0001503 0.00014635 8.77e-05 0.0001282 0.00014205 8.635e-05 0.00015845 0.000159 0.00015295 0.00011515 0.0001725 0.0001305 0.0001158 0.00012125 0.00015185
52 0.00010495 0.0001132 0.00011985 0.00013405 0.00016235 0.0001402 0.00014265 0.00013625 0.00013815 0.00011925 0.00013135 0.0001433 0.00011095 0.0001413 0.00015015 8.975e-05 0.0001255 0.0001496 0.0001475 0.000145 0.0001377 0.00013745 0.00012245 0.00011625 0.0001197 0.0001305 0.00011915 0.0001299 0.0001309 0.0001145 0.00014855 0.0001129 0.00011095 0.00013735 0.00010765 0.0001009 0.0001204 0.0001375 0.00012385 0.00010305 0.00010085 0.00012255 0.00014885 0.00012525 0.00010025 0.0001446 0.00011715 0.00014125 0.0001639 0.0001598 0.0001109 0.0001305 0.0001691 0.0001133 0.0001167 0.0001471
53 0.000119 8.365e-05 0.00014215 0.00011635 0.000158 0.0001524 0.0001544 0.0001445 0.0001212 0.000113 0.00011125 0.00015505 8.78e-05 0.00014685 0.00011935 0.00010685 0.0001187 0.0001189 0.00015575 0.0001292 0.0001211 0.0001205 0.0001181 8.15e-05 0.00012425 0.0001158 0.0001296 0.0001144 0.0001164 8.36e-05 0.0001638 0.0001178 8.78e-05 0.0001491 0.00012415 0.00010395 0.00013185 0.00012065 9.92e-05 0.00010435 0.0001024 0.00013365 0.00012425 8.185e-05 0.0001122 0.00014085 9.465e-05 0.0001281 0.00015115 0.00016435 8.78e-05 0.0001158 0.0001133 0.00016 0.0001396 0.00014635
54 9.38e-05 0.0001325 6.605e-05 0.00011575 0.00016345 0.00013475 0.0001152 7.685e-05 0.00014805 0.0001165 0.000138 0.00011525 0.00013125 0.00012695 0.00016945 0.0001323 0.0001336 0.00016935 0.0001507 0.0001594 0.00015005 0.00014795 0.00013505 0.000147 0.0001144 0.00012125 8.125e-05 0.0001306 0.0001504 0.0001338 0.00012915 8.72e-05 0.00013125 0.0001153 7.155e-05 0.00011345 0.0001034 0.00014785 0.0001443 0.00010755 0.00011705 9.585e-05 0.00017115 0.00015395 7.81e-05 0.0001288 0.0001404 0.0001631 0.0001747 0.00016055 0.0001312 0.00012125 0.0001167 0.0001396 0.0001119 0.0001357
55 0.0001345 0.00013475 0.00015125 0.0001446 0.00011885 0.0001256 0.0001363 0.00015075 0.0001267 0.0001321 0.00013985 0.000136 0.00014485 0.0001319 0.00013435 0.0001438 0.00013085 0.0001348 0.0001414 0.00013745 0.00010385 0.00012695 0.00014935 0.0001417 0.0001167 0.00015185 0.000141 0.0001189 0.00014615 0.00013435 0.00012695 0.00013605 0.00014485 0.00013385 0.00013925 0.0001393 0.00014625 0.00012705 0.0001394 0.00012625 0.0001538 0.00011585 0.00015045 0.00014245 0.0001468 0.0001352 0.0001358 0.0001205 0.00011005 0.0001175 0.0001448 0.00015185 0.0001471 0.00014635 0.0001357 0.0001458
