 slim_761928039 slim_761928018 slim_761928006 slim_761928010 slim_761928020 slim_761928028 slim_761928041 slim_761928026 slim_761928015 slim_761928011 slim_761928032 slim_761928022 slim_761928038 slim_761928033 slim_761928007 slim_761928027 slim_761928025 slim_761928035 slim_761928034 slim_761928046 slim_761928017 slim_761928019 slim_761928036 slim_761928044 slim_761928024 slim_761928013 slim_761928008 slim_761928021 slim_761928048 slim_761928040 slim_761928005 slim_761928043 slim_761928023 slim_761928030 slim_761928029 slim_761928042 slim_761928009 slim_761928016 slim_761928012 slim_761928037 slim_761928014 slim_761928031 slim_761928045 slim_761928047
0 0.0001151 0.00014735 0.0001317 0.0001134 7.16e-05 0.00011415 0.00012485 0.00010655 0.0001077 0.000102 0.0001251 0.0001148 7.93e-05 0.00013245 9.61e-05 9.32e-05 0.00011945 0.0001059 0.0001265 0.000101 0.0001108 0.0001148 0.00010965 0.0001535 0.00014675 7.975e-05 0.00011595 0.0001173 0.0001384 6.805e-05 0.00011815 9.775e-05 7.165e-05 0.0001108 0.0001059 0.0001266 0.00012775 0.0001258 0.0001248 9.265e-05 8.235e-05 0.00010065 0.00012765 0.00011965
1 0.00014735 0.0001152 0.0001215 0.0001528 0.0001325 0.00014225 0.000131 0.00013435 0.00015335 0.0001197 0.00014495 0.0001459 0.00015135 0.00013135 0.0001487 0.00013635 0.0001562 0.00013855 0.0001363 0.0001461 0.00014605 0.00015715 0.00011425 0.00013245 0.00013975 0.00013855 0.00015675 0.0001567 0.0001557 0.0001446 0.00012205 0.0001357 0.0001434 0.00014605 0.00013855 0.0001356 0.0001674 0.0001503 0.00013095 0.00014935 0.00013535 0.00013525 0.00014895 0.0001713
2 0.0001317 0.0001215 0.0001593 0.0001581 0.0001323 0.0001162 0.0001571 0.00012985 0.0001292 0.0001342 0.0001506 0.0001435 0.0001293 0.0001147 0.00012035 0.00012975 0.00013335 0.0001341 0.0001279 0.0001353 0.00014405 0.00013805 0.00014435 0.00015475 0.0001009 0.00013195 0.00013595 0.0001388 0.00014215 0.0001324 0.0001306 0.00012655 0.0001429 0.00014405 0.0001341 0.00015575 0.00015545 0.00013065 0.00015705 0.0001294 0.00013545 0.0001381 0.0001475 0.00016635
3 0.0001134 0.0001528 0.0001581 0.0001476 0.00012055 0.00013715 8.97e-05 0.0001288 0.0001317 0.00011525 9.65e-05 0.00011925 0.0001219 0.000154 0.00013265 0.0001289 0.00011335 0.00013485 0.0001228 0.0001307 0.0001299 0.00011465 0.00011495 0.00014545 0.00016105 0.00012275 0.00013185 0.0001179 0.0001627 0.00011885 0.0001232 0.000138 0.0001135 0.0001299 0.00013485 9.155e-05 0.0001065 0.0001448 8.965e-05 0.0001218 9.715e-05 0.0001131 0.0001165 7.38e-05
4 7.16e-05 0.0001325 0.0001323 0.00012055 5.41e-05 0.0001506 0.000139 9.085e-05 0.00010265 0.00014045 0.00012835 0.0001224 0.0001315 0.00014545 0.000139 8.685e-05 0.00013165 9.02e-05 0.00012365 7.155e-05 7.065e-05 0.00011665 9.075e-05 0.00013305 0.00015425 7.34e-05 0.0001334 0.0001171 0.00014675 3.7e-05 0.0001514 7.175e-05 7.17e-05 7.065e-05 9.02e-05 0.00013555 0.00011545 0.000127 0.00013895 0.0001355 7.565e-05 8.15e-05 0.0001184 0.00011685
5 0.00011415 0.00014225 0.0001162 0.00013715 0.0001506 8.76e-05 0.00013985 9.925e-05 0.00012185 9.02e-05 0.000135 0.0001077 6.305e-05 9.755e-05 6.76e-05 9.935e-05 0.00011015 9.93e-05 0.00014835 0.0001451 0.00014735 0.00011945 0.00013 0.0001541 0.00012665 0.00010655 9.83e-05 0.0001193 0.00012075 0.0001464 7.455e-05 0.00011795 0.0001184 0.00014735 9.93e-05 0.0001314 0.00014875 9.825e-05 0.0001398 6.295e-05 0.00013145 0.00014205 0.00013165 0.0001577
6 0.00012485 0.000131 0.0001571 8.97e-05 0.000139 0.00013985 0.0001647 0.0001385 0.00013715 0.0001059 0.00011615 0.00012575 0.00012635 0.00015445 0.0001371 0.00014035 0.00011985 0.00014455 0.00012705 0.00014915 0.00014835 0.00012095 0.0001197 0.00014815 0.0001622 0.0001342 0.0001431 0.00012415 0.0001629 0.0001373 0.00012095 0.0001492 0.00012495 0.00014835 0.00014455 9.135e-05 0.00012 0.0001545 8.235e-05 0.0001245 0.0001179 0.000133 0.00013725 8.245e-05
7 0.00010655 0.00013435 0.00012985 0.0001288 9.085e-05 9.925e-05 0.0001385 0.0001554 0.00012085 0.00012515 0.0001346 0.0001144 0.00011515 0.00011665 0.00011475 9.93e-05 0.0001247 8.38e-05 0.00014205 0.00010915 9.805e-05 0.00012285 0.0001014 0.0001342 0.00014315 9.315e-05 0.0001189 0.0001199 0.0001391 0.00010205 0.00012285 9.405e-05 9.355e-05 9.805e-05 8.38e-05 0.0001301 0.00012675 0.0001109 0.00013845 9.355e-05 0.00011305 0.00011105 0.0001228 0.0001353
8 0.0001077 0.00015335 0.0001292 0.0001317 0.00010265 0.00012185 0.00013715 0.00012085 0.0001007 0.000127 0.00015145 0.00011145 0.0001076 0.00014965 0.0001148 0.0001024 0.00012085 0.00011415 0.00013715 0.00012605 0.00012065 8.71e-05 0.00012465 0.0001481 0.00014615 0.0001023 0.00012535 9.125e-05 0.0001118 8.415e-05 0.0001266 7.595e-05 0.00010655 0.00012065 0.00011415 0.00013565 0.00013165 0.0001119 0.0001371 0.00012605 0.0001218 0.0001194 0.0001408 0.00012355
9 0.000102 0.0001197 0.0001342 0.00011525 0.00014045 9.02e-05 0.0001059 0.00012515 0.000127 0.0001229 0.0001229 0.00012075 7.035e-05 0.0001322 9.04e-05 0.00010865 0.0001291 0.0001312 0.00015165 0.00015325 0.0001552 0.00013225 0.0001094 0.0001456 0.0001398 0.0001025 0.00012095 0.0001355 0.00013575 0.00013235 7.435e-05 0.00012885 0.00010525 0.0001552 0.0001312 0.0001127 0.0001585 0.000136 0.00010585 8.685e-05 0.00010865 0.000127 0.0001285 0.00015035
10 0.0001251 0.00014495 0.0001506 9.65e-05 0.00012835 0.000135 0.00011615 0.0001346 0.00015145 0.0001229 0.000143 0.0001386 0.00013005 0.0001336 0.0001388 0.00013315 0.0001363 0.00014105 0.00013715 0.0001152 0.0001178 0.00013765 0.00012315 0.0001431 0.00015515 0.0001338 0.00011435 0.00014015 0.0001616 0.0001273 0.00012325 0.0001433 0.0001296 0.0001178 0.00014105 0.0001174 0.00011205 0.0001258 0.0001161 0.0001315 9.77e-05 0.00011595 0.000109 0.0001214
11 0.0001148 0.0001459 0.0001435 0.00011925 0.0001224 0.0001077 0.00012575 0.0001144 0.00011145 0.00012075 0.0001386 0.0001646 9.62e-05 0.0001404 9.825e-05 0.00010365 0.0001041 0.0001077 0.00013045 0.0001435 0.0001315 0.00011005 0.0001176 0.00015085 0.00014025 0.00010355 0.0001247 0.0001071 0.0001414 0.0001308 0.00011185 0.0001118 0.00010285 0.0001315 0.0001077 0.00011575 0.00012965 0.0001281 0.0001257 0.00010695 0.000133 0.0001198 0.00013835 0.0001068
12 7.93e-05 0.00015135 0.0001293 0.0001219 0.0001315 6.305e-05 0.00012635 0.00011515 0.0001076 7.035e-05 0.00013005 9.62e-05 6.28e-05 0.00012355 4.85e-05 8.355e-05 0.00010455 0.00010845 0.0001432 0.0001477 0.00014965 0.0001115 0.0001234 0.00016025 0.00012805 8.355e-05 9.89e-05 0.00011475 0.00011905 0.0001236 7.22e-05 0.00010765 8.365e-05 0.00014965 0.00010845 0.00012715 0.0001534 0.00011555 0.0001263 6.3e-05 0.00011375 0.000119 0.00013745 0.0001434
13 0.00013245 0.00013135 0.0001147 0.000154 0.00014545 9.755e-05 0.00015445 0.00011665 0.00014965 0.0001322 0.0001336 0.0001404 0.00012355 0.0001557 0.00012345 0.0001364 0.0001402 0.00012315 0.00012935 0.0001228 0.00013375 0.0001452 0.00014505 0.0001552 0.0001321 0.00013705 0.0001166 0.0001434 0.0001448 0.0001474 0.00012565 0.00014135 0.0001426 0.00013375 0.00012315 0.0001488 0.0001375 0.00011015 0.0001544 0.0001038 0.00014005 0.0001553 0.0001448 0.00016315
14 9.61e-05 0.0001487 0.00012035 0.00013265 0.000139 6.76e-05 0.0001371 0.00011475 0.0001148 9.04e-05 0.0001388 9.825e-05 4.85e-05 0.00012345 7.43e-05 9.125e-05 9.505e-05 0.0001049 0.00014855 0.00015205 0.00015065 0.00011595 0.0001286 0.0001591 0.00010755 9.89e-05 0.00010145 0.0001167 0.0001222 0.00013725 8.245e-05 0.0001087 9.56e-05 0.00015065 0.0001049 0.00013575 0.0001578 0.00011345 0.00013705 7.2e-05 0.00012595 0.0001269 0.0001408 0.00015285
15 9.32e-05 0.00013635 0.00012975 0.0001289 8.685e-05 9.935e-05 0.00014035 9.93e-05 0.0001024 0.00010865 0.00013315 0.00010365 8.355e-05 0.0001364 9.125e-05 0.0001541 0.0001166 9.26e-05 0.0001402 0.0001181 0.00010935 0.0001132 0.00010435 0.00013965 0.0001354 7.705e-05 0.0001162 0.0001144 0.00012725 9.24e-05 0.0001053 8.15e-05 8.355e-05 0.00010935 9.26e-05 0.00013595 0.00014095 0.0001166 0.0001403 0.0001058 0.0001069 9.97e-05 0.00012805 0.00014045
16 0.00011945 0.0001562 0.00013335 0.00011335 0.00013165 0.00011015 0.00011985 0.0001247 0.00012085 0.0001291 0.0001363 0.0001041 0.00010455 0.0001402 9.505e-05 0.0001166 0.0001666 0.000118 0.00011865 0.00014315 0.00014165 0.00010305 0.00013935 0.0001619 0.0001222 0.0001165 0.00013025 0.0001045 0.00014675 0.00013435 0.00012575 0.0001269 0.00011905 0.00014165 0.000118 0.0001154 0.0001177 0.0001303 0.0001198 0.00011265 0.00013765 0.000136 0.0001513 8.34e-05
17 0.0001059 0.00013855 0.0001341 0.00013485 9.02e-05 9.93e-05 0.00014455 8.38e-05 0.00011415 0.0001312 0.00014105 0.0001077 0.00010845 0.00012315 0.0001049 9.26e-05 0.000118 0.0001541 0.00013955 0.00010885 9.775e-05 0.00011615 0.0001074 0.0001405 0.0001409 9.25e-05 0.0001126 0.0001132 0.00013395 0.0001016 0.0001239 8.735e-05 9.285e-05 9.78e-05 7.71e-05 0.00013615 0.0001265 0.0001046 0.0001445 9.965e-05 0.0001191 0.00010855 0.0001293 0.00013465
18 0.0001265 0.0001363 0.0001279 0.0001228 0.00012365 0.00014835 0.00012705 0.00014205 0.00013715 0.00015165 0.00013715 0.00013045 0.0001432 0.00012935 0.00014855 0.0001402 0.00011865 0.00013955 0.0001741 0.00013035 0.0001409 0.00012005 0.000151 0.0001673 0.00014175 0.0001351 0.00014935 0.00012235 0.00016445 0.000127 0.0001582 0.0001434 0.00013685 0.0001409 0.00013955 0.00012755 0.00011745 0.00014765 0.000127 0.00014505 0.00013585 0.00013355 0.00016005 8.715e-05
19 0.000101 0.0001461 0.0001353 0.0001307 7.155e-05 0.0001451 0.00014915 0.00010915 0.00012605 0.00015325 0.0001152 0.0001435 0.0001477 0.0001228 0.00015205 0.0001181 0.00014315 0.00010885 0.00013035 0.0001178 7.055e-05 0.00013255 0.00011555 0.00014605 0.00015265 0.00011145 0.000109 0.00013075 0.0001536 7.33e-05 0.00015225 0.0001073 0.00011165 7.06e-05 0.0001089 0.00014075 9.575e-05 0.0001061 0.0001491 0.00013875 9.48e-05 0.0001068 0.0001098 0.0001326
20 0.0001108 0.00014605 0.00014405 0.0001299 7.065e-05 0.00014735 0.00014835 9.805e-05 0.00012065 0.0001552 0.0001178 0.0001315 0.00014965 0.00013375 0.00015065 0.00010935 0.00014165 9.775e-05 0.0001409 7.055e-05 0.00012 0.0001294 0.00010355 0.0001347 0.0001502 0.0001027 0.0001092 0.00012645 0.0001506 8.075e-05 0.0001536 9.355e-05 0.00010025 6.005e-05 9.78e-05 0.00013935 9.585e-05 0.0001046 0.0001483 0.00013835 0.0001046 9.54e-05 0.0001088 0.0001317
21 0.0001148 0.00015715 0.00013805 0.00011465 0.00011665 0.00011945 0.00012095 0.00012285 8.71e-05 0.00013225 0.00013765 0.00011005 0.0001115 0.0001452 0.00011595 0.0001132 0.00010305 0.00011615 0.00012005 0.00013255 0.0001294 0.0001739 0.0001345 0.0001552 0.00014945 0.0001131 0.00012745 9.115e-05 0.00012955 0.0001089 0.00013205 0.00010185 0.00011485 0.0001294 0.00011615 0.00011965 0.00011455 0.00012125 0.0001209 0.00012115 0.00012945 0.00012825 0.00014815 8.695e-05
22 0.00010965 0.00011425 0.00014435 0.00011495 9.075e-05 0.00013 0.0001197 0.0001014 0.00012465 0.0001094 0.00012315 0.0001176 0.0001234 0.00014505 0.0001286 0.00010435 0.00013935 0.0001074 0.000151 0.00011555 0.00010355 0.0001345 0.0001514 0.00012395 0.00014945 9.82e-05 0.0001313 0.00013155 0.00014855 9.9e-05 0.00010425 0.0001017 9.47e-05 0.0001036 0.00010745 0.00010845 0.0001363 0.00013455 0.00011965 0.00012045 9.71e-05 0.0001009 0.00010495 0.0001413
23 0.0001535 0.00013245 0.00015475 0.00014545 0.00013305 0.0001541 0.00014815 0.0001342 0.0001481 0.0001456 0.0001431 0.00015085 0.00016025 0.0001552 0.0001591 0.00013965 0.0001619 0.0001405 0.0001673 0.00014605 0.0001347 0.0001552 0.00012395 0.0001784 0.0001515 0.00014005 0.0001547 0.00015505 0.00011565 0.000143 0.00014375 0.0001323 0.0001403 0.0001347 0.0001405 0.00014675 0.0001575 0.00015155 0.0001481 0.0001548 0.0001358 0.0001402 0.0001317 0.0001655
24 0.00014675 0.00013975 0.0001009 0.00016105 0.00015425 0.00012665 0.0001622 0.00014315 0.00014615 0.0001398 0.00015515 0.00014025 0.00012805 0.0001321 0.00010755 0.0001354 0.0001222 0.0001409 0.00014175 0.00015265 0.0001502 0.00014945 0.00014945 0.0001515 0.0001259 0.00013685 0.00013985 0.00014845 0.0001393 0.00015635 0.00013385 0.00014205 0.0001445 0.0001502 0.0001409 0.00015675 0.0001575 0.0001367 0.00016215 0.0001358 0.00015595 0.00014055 0.00015245 0.00016665
25 7.975e-05 0.00013855 0.00013195 0.00012275 7.34e-05 0.00010655 0.0001342 9.315e-05 0.0001023 0.0001025 0.0001338 0.00010355 8.355e-05 0.00013705 9.89e-05 7.705e-05 0.0001165 9.25e-05 0.0001351 0.00011145 0.0001027 0.0001131 9.82e-05 0.00014005 0.00013685 0.0001272 0.0001229 0.0001143 0.0001324 7.895e-05 0.0001125 8.14e-05 7.01e-05 0.0001027 9.25e-05 0.0001298 0.0001343 0.0001233 0.00013415 9.965e-05 0.00010075 9.46e-05 0.0001293 0.000127
26 0.00011595 0.00015675 0.00013595 0.00013185 0.0001334 9.83e-05 0.0001431 0.0001189 0.00012535 0.00012095 0.00011435 0.0001247 9.89e-05 0.0001166 0.00010145 0.0001162 0.00013025 0.0001126 0.00014935 0.000109 0.0001092 0.00012745 0.0001313 0.0001547 0.00013985 0.0001229 0.0001629 0.00012655 0.0001343 0.00013005 0.00011145 0.00011915 0.00011945 0.0001092 0.0001126 0.0001395 0.0001174 9.325e-05 0.00014305 0.0001016 0.0001201 0.00012025 0.00011755 0.00015335
27 0.0001173 0.0001567 0.0001388 0.0001179 0.0001171 0.0001193 0.00012415 0.0001199 9.125e-05 0.0001355 0.00014015 0.0001071 0.00011475 0.0001434 0.0001167 0.0001144 0.0001045 0.0001132 0.00012235 0.00013075 0.00012645 9.115e-05 0.00013155 0.00015505 0.00014845 0.0001143 0.00012655 0.0001817 0.0001323 0.00011225 0.0001319 0.0001031 0.0001153 0.00012645 0.0001132 0.00011945 0.00011435 0.0001212 0.0001241 0.00012025 0.00013195 0.0001287 0.0001438 9.095e-05
28 0.0001384 0.0001557 0.00014215 0.0001627 0.00014675 0.00012075 0.0001629 0.0001391 0.0001118 0.00013575 0.0001616 0.0001414 0.00011905 0.0001448 0.0001222 0.00012725 0.00014675 0.00013395 0.00016445 0.0001536 0.0001506 0.00012955 0.00014855 0.00011565 0.0001393 0.0001324 0.0001343 0.0001323 0.0001655 0.0001372 0.0001311 0.00011555 0.00013735 0.0001506 0.00013395 0.00016245 0.0001645 0.0001282 0.00016285 0.0001309 0.0001498 0.00015055 0.0001502 0.00017355
29 6.805e-05 0.0001446 0.0001324 0.00011885 3.7e-05 0.0001464 0.0001373 0.00010205 8.415e-05 0.00013235 0.0001273 0.0001308 0.0001236 0.0001474 0.00013725 9.24e-05 0.00013435 0.0001016 0.000127 7.33e-05 8.075e-05 0.0001089 9.9e-05 0.000143 0.00015635 7.895e-05 0.00013005 0.00011225 0.0001372 5.18e-05 0.00014405 7.3e-05 7.92e-05 8.075e-05 0.0001016 0.0001348 0.00011655 0.0001207 0.00013725 0.00013325 7.19e-05 8.9e-05 0.00011625 0.0001198
30 0.00011815 0.00012205 0.0001306 0.0001232 0.0001514 7.455e-05 0.00012095 0.00012285 0.0001266 7.435e-05 0.00012325 0.00011185 7.22e-05 0.00012565 8.245e-05 0.0001053 0.00012575 0.0001239 0.0001582 0.00015225 0.0001536 0.00013205 0.00010425 0.00014375 0.00013385 0.0001125 0.00011145 0.0001319 0.0001311 0.00014405 0.0001096 0.00012655 0.0001205 0.0001536 0.0001239 0.00010965 0.000159 0.00012265 0.0001209 8.975e-05 0.0001154 0.0001328 0.0001128 0.0001646
31 9.775e-05 0.0001357 0.00012655 0.000138 7.175e-05 0.00011795 0.0001492 9.405e-05 7.595e-05 0.00012885 0.0001433 0.0001118 0.00010765 0.00014135 0.0001087 8.15e-05 0.0001269 8.735e-05 0.0001434 0.0001073 9.355e-05 0.00010185 0.0001017 0.0001323 0.00014205 8.14e-05 0.00011915 0.0001031 0.00011555 7.3e-05 0.00012655 0.0001151 8.37e-05 9.35e-05 8.73e-05 0.0001458 0.00013765 0.00010865 0.00014915 0.0001202 0.0001079 9.625e-05 0.00012925 0.00014595
32 7.165e-05 0.0001434 0.0001429 0.0001135 7.17e-05 0.0001184 0.00012495 9.355e-05 0.00010655 0.00010525 0.0001296 0.00010285 8.365e-05 0.0001426 9.56e-05 8.355e-05 0.00011905 9.285e-05 0.00013685 0.00011165 0.00010025 0.00011485 9.47e-05 0.0001403 0.0001445 7.01e-05 0.00011945 0.0001153 0.00013735 7.92e-05 0.0001205 8.37e-05 0.0001173 0.0001003 9.29e-05 0.0001258 0.00013135 0.00012815 0.0001249 9.365e-05 9.53e-05 8.795e-05 0.00012855 0.00012095
33 0.0001108 0.00014605 0.00014405 0.0001299 7.065e-05 0.00014735 0.00014835 9.805e-05 0.00012065 0.0001552 0.0001178 0.0001315 0.00014965 0.00013375 0.00015065 0.00010935 0.00014165 9.78e-05 0.0001409 7.06e-05 6.005e-05 0.0001294 0.0001036 0.0001347 0.0001502 0.0001027 0.0001092 0.00012645 0.0001506 8.075e-05 0.0001536 9.35e-05 0.0001003 0.00012 9.775e-05 0.00013935 9.585e-05 0.0001046 0.0001483 0.00013835 0.0001046 9.535e-05 0.0001088 0.0001317
34 0.0001059 0.00013855 0.0001341 0.00013485 9.02e-05 9.93e-05 0.00014455 8.38e-05 0.00011415 0.0001312 0.00014105 0.0001077 0.00010845 0.00012315 0.0001049 9.26e-05 0.000118 7.71e-05 0.00013955 0.0001089 9.78e-05 0.00011615 0.00010745 0.0001405 0.0001409 9.25e-05 0.0001126 0.0001132 0.00013395 0.0001016 0.0001239 8.73e-05 9.29e-05 9.775e-05 0.0001541 0.00013615 0.0001265 0.0001046 0.0001445 9.965e-05 0.0001191 0.0001085 0.0001293 0.00013465
35 0.0001266 0.0001356 0.00015575 9.155e-05 0.00013555 0.0001314 9.135e-05 0.0001301 0.00013565 0.0001127 0.0001174 0.00011575 0.00012715 0.0001488 0.00013575 0.00013595 0.0001154 0.00013615 0.00012755 0.00014075 0.00013935 0.00011965 0.00010845 0.00014675 0.00015675 0.0001298 0.0001395 0.00011945 0.00016245 0.0001348 0.00010965 0.0001458 0.0001258 0.00013935 0.00013615 0.0001644 0.0001131 0.00014705 9.13e-05 0.0001213 0.00011855 0.00013275 0.00012375 8.23e-05
36 0.00012775 0.0001674 0.00015545 0.0001065 0.00011545 0.00014875 0.00012 0.00012675 0.00013165 0.0001585 0.00011205 0.00012965 0.0001534 0.0001375 0.0001578 0.00014095 0.0001177 0.0001265 0.00011745 9.575e-05 9.585e-05 0.00011455 0.0001363 0.0001575 0.0001575 0.0001343 0.0001174 0.00011435 0.0001645 0.00011655 0.000159 0.00013765 0.00013135 9.585e-05 0.0001265 0.0001131 0.0001452 0.00011715 0.00011995 0.0001392 0.00012605 0.00012725 0.0001276 7.27e-05
37 0.0001258 0.0001503 0.00013065 0.0001448 0.000127 9.825e-05 0.0001545 0.0001109 0.0001119 0.000136 0.0001258 0.0001281 0.00011555 0.00011015 0.00011345 0.0001166 0.0001303 0.0001046 0.00014765 0.0001061 0.0001046 0.00012125 0.00013455 0.00015155 0.0001367 0.0001233 9.325e-05 0.0001212 0.0001282 0.0001207 0.00012265 0.00010865 0.00012815 0.0001046 0.0001046 0.00014705 0.00011715 0.0001598 0.00015445 0.00010985 0.0001299 0.0001289 0.0001249 0.0001544
38 0.0001248 0.00013095 0.00015705 8.965e-05 0.00013895 0.0001398 8.235e-05 0.00013845 0.0001371 0.00010585 0.0001161 0.0001257 0.0001263 0.0001544 0.00013705 0.0001403 0.0001198 0.0001445 0.000127 0.0001491 0.0001483 0.0001209 0.00011965 0.0001481 0.00016215 0.00013415 0.00014305 0.0001241 0.00016285 0.00013725 0.0001209 0.00014915 0.0001249 0.0001483 0.0001445 9.13e-05 0.00011995 0.00015445 0.0001646 0.00012445 0.00011785 0.00013295 0.0001372 8.24e-05
39 9.265e-05 0.00014935 0.0001294 0.0001218 0.0001355 6.295e-05 0.0001245 9.355e-05 0.00012605 8.685e-05 0.0001315 0.00010695 6.3e-05 0.0001038 7.2e-05 0.0001058 0.00011265 9.965e-05 0.00014505 0.00013875 0.00013835 0.00012115 0.00012045 0.0001548 0.0001358 9.965e-05 0.0001016 0.00012025 0.0001309 0.00013325 8.975e-05 0.0001202 9.365e-05 0.00013835 9.965e-05 0.0001213 0.0001392 0.00010985 0.00012445 0.0001015 0.0001199 0.00013035 0.0001322 0.00013825
40 8.235e-05 0.00013535 0.00013545 9.715e-05 7.565e-05 0.00013145 0.0001179 0.00011305 0.0001218 0.00010865 9.77e-05 0.000133 0.00011375 0.00014005 0.00012595 0.0001069 0.00013765 0.0001191 0.00013585 9.48e-05 0.0001046 0.00012945 9.71e-05 0.0001358 0.00015595 0.00010075 0.0001201 0.00013195 0.0001498 7.19e-05 0.0001154 0.0001079 9.53e-05 0.0001046 0.0001191 0.00011855 0.00012605 0.0001299 0.00011785 0.0001199 0.0001253 9.39e-05 9.675e-05 0.00013155
41 0.00010065 0.00013525 0.0001381 0.0001131 8.15e-05 0.00014205 0.000133 0.00011105 0.0001194 0.000127 0.00011595 0.0001198 0.000119 0.0001553 0.0001269 9.97e-05 0.000136 0.00010855 0.00013355 0.0001068 9.54e-05 0.00012825 0.0001009 0.0001402 0.00014055 9.46e-05 0.00012025 0.0001287 0.00015055 8.9e-05 0.0001328 9.625e-05 8.795e-05 9.535e-05 0.0001085 0.00013275 0.00012725 0.0001289 0.00013295 0.00013035 9.39e-05 0.0001373 0.0001135 0.00013255
42 0.00012765 0.00014895 0.0001475 0.0001165 0.0001184 0.00013165 0.00013725 0.0001228 0.0001408 0.0001285 0.000109 0.00013835 0.00013745 0.0001448 0.0001408 0.00012805 0.0001513 0.0001293 0.00016005 0.0001098 0.0001088 0.00014815 0.00010495 0.0001317 0.00015245 0.0001293 0.00011755 0.0001438 0.0001502 0.00011625 0.0001128 0.00012925 0.00012855 0.0001088 0.0001293 0.00012375 0.0001276 0.0001249 0.0001372 0.0001322 9.675e-05 0.0001135 0.0001175 0.00015695
43 0.00011965 0.0001713 0.00016635 7.38e-05 0.00011685 0.0001577 8.245e-05 0.0001353 0.00012355 0.00015035 0.0001214 0.0001068 0.0001434 0.00016315 0.00015285 0.00014045 8.34e-05 0.00013465 8.715e-05 0.0001326 0.0001317 8.695e-05 0.0001413 0.0001655 0.00016665 0.000127 0.00015335 9.095e-05 0.00017355 0.0001198 0.0001646 0.00014595 0.00012095 0.0001317 0.00013465 8.23e-05 7.27e-05 0.0001544 8.24e-05 0.00013825 0.00013155 0.00013255 0.00015695 0.0
