 slim_761966091 slim_761966070 slim_761966090 slim_761966049 slim_761966038 slim_761966094 slim_761966052 slim_761966079 slim_761966074 slim_761966088 slim_761966081 slim_761966043 slim_761966093 slim_761966059 slim_761966041 slim_761966072 slim_761966042 slim_761966061 slim_761966077 slim_761966040 slim_761966050 slim_761966086 slim_761966067 slim_761966045 slim_761966046 slim_761966071 slim_761966060 slim_761966044 slim_761966051 slim_761966076 slim_761966085 slim_761966078 slim_761966089 slim_761966065 slim_761966082 slim_761966066 slim_761966064 slim_761966080 slim_761966073 slim_761966075 slim_761966048 slim_761966057 slim_761966087 slim_761966092 slim_761966084 slim_761966047 slim_761966039 slim_761966069 slim_761966068 slim_761966054 slim_761966053 slim_761966063 slim_761966058 slim_761966062 slim_761966083 slim_761966055 slim_761966056
0 3.12e-05 3.73e-05 2.98e-05 2.93e-05 3.275e-05 3.265e-05 3.095e-05 3.675e-05 3.22e-05 5.045e-05 2.29e-05 2.93e-05 2.48e-05 4.35e-05 4.405e-05 2.99e-05 3.41e-05 2.95e-05 4.345e-05 2.98e-05 2.33e-05 4.42e-05 3.32e-05 4.42e-05 4.33e-05 3.21e-05 3.67e-05 1.58e-05 2.99e-05 3.715e-05 2.995e-05 2.965e-05 2.98e-05 4.355e-05 2.465e-05 3.02e-05 3.895e-05 1.905e-05 3.675e-05 1.615e-05 4.2e-05 2.99e-05 2.945e-05 3.705e-05 4.41e-05 4.295e-05 3.83e-05 2.325e-05 3.63e-05 3.22e-05 3.955e-05 4.4e-05 3.005e-05 1.59e-05 3.64e-05 4.335e-05 3.745e-05
1 3.73e-05 2.68e-05 2.09e-05 3.64e-05 4.27e-05 4.26e-05 2.865e-05 2.9e-05 1.395e-05 2.61e-05 3.68e-05 4.535e-05 2.14e-05 2.905e-05 1.35e-05 2.99e-05 2.61e-05 3.98e-05 2.9e-05 2.085e-05 2.425e-05 1.37e-05 3.275e-05 1.37e-05 2.895e-05 1.385e-05 2.905e-05 3.73e-05 2.995e-05 1.37e-05 2.1e-05 2.08e-05 2.985e-05 2.91e-05 2.125e-05 2.395e-05 1.395e-05 3.45e-05 2.9e-05 2.795e-05 3.44e-05 2.085e-05 3.65e-05 1.38e-05 1.36e-05 4.455e-05 2.94e-05 2.42e-05 1.45e-05 2.81e-05 2.05e-05 1.36e-05 2.42e-05 3.11e-05 1.46e-05 1.485e-05 1.36e-05
2 2.98e-05 2.09e-05 2.91e-05 3.595e-05 4.875e-05 4.86e-05 2.975e-05 3.63e-05 1.545e-05 2.9e-05 3.58e-05 5.11e-05 1.515e-05 3.61e-05 2.65e-05 2.98e-05 2.99e-05 4.565e-05 3.6e-05 2.05e-05 2.46e-05 1.475e-05 3.285e-05 1.475e-05 3.59e-05 1.535e-05 3.625e-05 2.99e-05 3.585e-05 1.51e-05 1.47e-05 1.455e-05 2.995e-05 3.605e-05 1.5e-05 2.42e-05 2.105e-05 2.73e-05 3.63e-05 1.48e-05 4.155e-05 2.06e-05 3.61e-05 2.08e-05 1.465e-05 5.735e-05 3.635e-05 2.455e-05 1.51e-05 2.74e-05 2.75e-05 1.465e-05 3.02e-05 2.205e-05 1.52e-05 1.525e-05 2.105e-05
3 2.93e-05 3.64e-05 3.595e-05 5.76e-05 3.24e-05 3.225e-05 3.62e-05 2.925e-05 3.11e-05 4.325e-05 3.64e-05 2.92e-05 3.07e-05 3.6e-05 4.315e-05 3.635e-05 3.64e-05 2.93e-05 3.595e-05 3.6e-05 2.965e-05 4.32e-05 3.93e-05 4.32e-05 3.58e-05 3.1e-05 2.92e-05 2.935e-05 3.65e-05 3.64e-05 3.6e-05 3.58e-05 3.64e-05 3.605e-05 3.06e-05 3.63e-05 3.785e-05 3.225e-05 2.925e-05 2.9e-05 2.93e-05 3.605e-05 2.9e-05 3.625e-05 4.31e-05 2.89e-05 3.06e-05 2.96e-05 3.635e-05 3.935e-05 3.855e-05 4.31e-05 3.64e-05 2.915e-05 3.645e-05 4.34e-05 3.655e-05
4 3.275e-05 4.27e-05 4.875e-05 3.24e-05 4.51e-05 2.265e-05 3.93e-05 3.225e-05 4.325e-05 5.34e-05 3.345e-05 2.295e-05 4.345e-05 3.9e-05 4.36e-05 3.935e-05 3.955e-05 2.295e-05 3.9e-05 4.285e-05 3.26e-05 5.555e-05 3.915e-05 5.555e-05 3.885e-05 4.315e-05 3.215e-05 3.275e-05 3.355e-05 4.87e-05 4.885e-05 4.855e-05 3.935e-05 3.9e-05 4.33e-05 3.905e-05 4.415e-05 3.24e-05 3.225e-05 4.21e-05 3.215e-05 4.29e-05 3.25e-05 4.275e-05 5.545e-05 2.26e-05 3.36e-05 3.255e-05 4.865e-05 3.905e-05 4.155e-05 5.535e-05 3.35e-05 3.46e-05 4.875e-05 5.57e-05 4.285e-05
5 3.265e-05 4.26e-05 4.86e-05 3.225e-05 2.265e-05 4.49e-05 3.92e-05 3.21e-05 4.32e-05 5.33e-05 3.335e-05 2.28e-05 4.34e-05 3.885e-05 4.35e-05 3.92e-05 3.94e-05 2.295e-05 3.885e-05 4.275e-05 3.25e-05 5.535e-05 3.9e-05 5.535e-05 3.87e-05 4.31e-05 3.205e-05 3.265e-05 3.345e-05 4.86e-05 4.87e-05 4.845e-05 3.925e-05 3.895e-05 4.325e-05 3.89e-05 4.41e-05 3.225e-05 3.21e-05 4.2e-05 3.215e-05 4.28e-05 3.235e-05 4.26e-05 5.525e-05 2.255e-05 3.35e-05 3.245e-05 4.855e-05 3.89e-05 4.14e-05 5.515e-05 3.34e-05 3.445e-05 4.865e-05 5.56e-05 4.275e-05
6 3.095e-05 2.865e-05 2.975e-05 3.62e-05 3.93e-05 3.92e-05 5.24e-05 3.51e-05 2.905e-05 3.49e-05 3.09e-05 3.6e-05 3.02e-05 3.495e-05 2.845e-05 2.96e-05 2.98e-05 3.62e-05 3.485e-05 2.975e-05 2.995e-05 2.86e-05 3.275e-05 2.86e-05 3.47e-05 2.895e-05 3.505e-05 3.095e-05 2.97e-05 2.855e-05 2.985e-05 2.955e-05 2.96e-05 3.495e-05 3.005e-05 2.975e-05 2.885e-05 3.41e-05 3.51e-05 3.145e-05 4.035e-05 2.98e-05 3.63e-05 2.87e-05 2.85e-05 4.135e-05 3.52e-05 2.99e-05 2.76e-05 3.175e-05 2.89e-05 2.84e-05 2.975e-05 3.11e-05 2.77e-05 2.775e-05 2.88e-05
7 3.675e-05 2.9e-05 3.63e-05 2.925e-05 3.225e-05 3.21e-05 3.51e-05 4.37e-05 2.37e-05 3.62e-05 4.33e-05 2.93e-05 3.11e-05 2.89e-05 3.61e-05 3.64e-05 3.255e-05 2.935e-05 2.89e-05 3.635e-05 2.93e-05 3.615e-05 3.92e-05 3.615e-05 2.88e-05 2.36e-05 2.195e-05 3.675e-05 3.655e-05 2.91e-05 3.64e-05 3.615e-05 3.63e-05 2.905e-05 3.095e-05 3.61e-05 3.08e-05 3.95e-05 2.19e-05 3.63e-05 2.215e-05 3.64e-05 2.935e-05 2.91e-05 3.605e-05 2.195e-05 2.36e-05 2.925e-05 2.985e-05 4.005e-05 3.15e-05 3.605e-05 3.64e-05 3.645e-05 2.995e-05 3.71e-05 2.915e-05
8 3.22e-05 1.395e-05 1.545e-05 3.11e-05 4.325e-05 4.32e-05 2.905e-05 2.37e-05 4.8e-06 2.78e-05 4.31e-05 4.595e-05 9.95e-06 2.93e-05 2.545e-05 3.035e-05 2.65e-05 4.035e-05 2.925e-05 2.135e-05 1.91e-05 1.38e-05 3.315e-05 1.38e-05 2.915e-05 2.4e-06 2.365e-05 3.22e-05 3.635e-05 8.25e-06 1.555e-05 1.53e-05 3.025e-05 2.93e-05 9.8e-06 2.445e-05 1.4e-05 2.94e-05 2.365e-05 1.695e-05 2.91e-05 2.14e-05 3.12e-05 1.42e-05 1.37e-05 4.49e-05 2.365e-05 1.91e-05 9e-06 2.85e-05 2.285e-05 1.37e-05 3.065e-05 2.435e-05 9.05e-06 1.485e-05 1.405e-05
9 5.045e-05 2.61e-05 2.9e-05 4.325e-05 5.34e-05 5.33e-05 3.49e-05 3.62e-05 2.78e-05 2.9e-05 4.73e-05 5.045e-05 3.49e-05 2.91e-05 2.315e-05 3.625e-05 3.245e-05 5.05e-05 2.905e-05 3.315e-05 4.335e-05 1.5e-05 3.9e-05 1.5e-05 2.89e-05 2.77e-05 3.615e-05 5.045e-05 4.05e-05 2.21e-05 2.91e-05 2.88e-05 3.625e-05 2.915e-05 3.475e-05 3.595e-05 2.485e-05 5.325e-05 3.62e-05 4.305e-05 3.62e-05 3.32e-05 4.335e-05 2.63e-05 1.49e-05 4.335e-05 3.485e-05 4.33e-05 2.285e-05 3.995e-05 2.7e-05 1.49e-05 4.04e-05 5.015e-05 2.295e-05 1.605e-05 2.625e-05
10 2.29e-05 3.68e-05 3.58e-05 3.64e-05 3.345e-05 3.335e-05 3.09e-05 4.33e-05 4.31e-05 4.73e-05 3.29e-05 3.005e-05 3.625e-05 4.315e-05 3.07e-05 2.955e-05 3.39e-05 3.03e-05 4.305e-05 2.99e-05 2.99e-05 4.265e-05 3.29e-05 4.265e-05 4.295e-05 4.3e-05 4.33e-05 2.285e-05 2.375e-05 4.28e-05 3.59e-05 3.565e-05 2.955e-05 4.315e-05 3.61e-05 2.975e-05 3.7e-05 2.61e-05 4.33e-05 2.94e-05 4.855e-05 2.995e-05 3.65e-05 3.675e-05 4.255e-05 4.37e-05 4.34e-05 2.985e-05 4.195e-05 3.2e-05 3.72e-05 4.245e-05 2.38e-05 2.455e-05 4.205e-05 4.21e-05 3.695e-05
11 2.93e-05 4.535e-05 5.11e-05 2.92e-05 2.295e-05 2.28e-05 3.6e-05 2.93e-05 4.595e-05 5.045e-05 3.005e-05 2.81e-05 4.59e-05 3.605e-05 4.62e-05 3.605e-05 3.625e-05 1.99e-05 3.6e-05 4.525e-05 3.505e-05 5.805e-05 3.925e-05 5.805e-05 3.585e-05 4.585e-05 2.925e-05 2.925e-05 3.03e-05 5.125e-05 5.12e-05 5.095e-05 3.61e-05 3.61e-05 4.575e-05 4.175e-05 4.68e-05 3.795e-05 2.93e-05 4.45e-05 2.935e-05 4.53e-05 2.93e-05 4.53e-05 5.795e-05 1.415e-05 3.065e-05 3.5e-05 5.12e-05 4.47e-05 4.125e-05 5.785e-05 3.59e-05 3.685e-05 5.13e-05 5.825e-05 4.55e-05
12 2.48e-05 2.14e-05 1.515e-05 3.07e-05 4.345e-05 4.34e-05 3.02e-05 3.11e-05 9.95e-06 3.49e-05 3.625e-05 4.59e-05 1.9e-05 3.645e-05 3.255e-05 3.035e-05 3.04e-05 4.035e-05 3.635e-05 2.105e-05 1.955e-05 2.09e-05 3.33e-05 2.09e-05 3.62e-05 9.85e-06 3.1e-05 2.485e-05 3.635e-05 1.56e-05 1.52e-05 1.5e-05 3.04e-05 3.635e-05 9.5e-06 2.47e-05 2.11e-05 2.22e-05 3.11e-05 9.7e-06 3.63e-05 2.11e-05 3.09e-05 2.135e-05 2.08e-05 5.19e-05 3.07e-05 1.95e-05 1.555e-05 2.785e-05 2.995e-05 2.08e-05 3.07e-05 1.71e-05 1.565e-05 2.12e-05 2.155e-05
13 4.35e-05 2.905e-05 3.61e-05 3.6e-05 3.9e-05 3.885e-05 3.495e-05 2.89e-05 2.93e-05 2.91e-05 4.315e-05 3.605e-05 3.645e-05 5.72e-05 2.895e-05 3.62e-05 3.235e-05 3.61e-05 2.865e-05 3.615e-05 3.63e-05 2.9e-05 3.905e-05 2.9e-05 2.865e-05 2.92e-05 2.89e-05 4.35e-05 3.635e-05 2.91e-05 3.62e-05 3.6e-05 3.625e-05 2.885e-05 3.63e-05 3.59e-05 2.92e-05 4.625e-05 2.89e-05 4.32e-05 2.89e-05 3.62e-05 3.61e-05 2.925e-05 2.89e-05 2.87e-05 2.895e-05 3.625e-05 2.99e-05 3.985e-05 2.93e-05 2.89e-05 3.62e-05 4.32e-05 3e-05 3e-05 2.92e-05
14 4.405e-05 1.35e-05 2.65e-05 4.315e-05 4.36e-05 4.35e-05 2.845e-05 3.61e-05 2.545e-05 2.315e-05 3.07e-05 4.62e-05 3.255e-05 2.895e-05 3e-07 2.96e-05 2.58e-05 4.07e-05 2.88e-05 2.055e-05 3.14e-05 1.225e-05 3.255e-05 1.225e-05 2.875e-05 2.535e-05 3.605e-05 4.405e-05 2.365e-05 1.98e-05 2.66e-05 2.65e-05 2.98e-05 2.88e-05 3.24e-05 2.37e-05 1.205e-05 4.13e-05 3.61e-05 4.08e-05 4.125e-05 2.06e-05 4.325e-05 1.385e-05 1.215e-05 4.54e-05 3.465e-05 3.135e-05 2.065e-05 2.805e-05 1.835e-05 1.215e-05 1.81e-05 3.945e-05 2.075e-05 1.39e-05 1.365e-05
15 2.99e-05 2.99e-05 2.98e-05 3.635e-05 3.935e-05 3.92e-05 2.96e-05 3.64e-05 3.035e-05 3.625e-05 2.955e-05 3.605e-05 3.035e-05 3.62e-05 2.96e-05 5.89e-05 2.975e-05 3.63e-05 3.61e-05 2.985e-05 3.005e-05 2.945e-05 3.285e-05 2.945e-05 3.6e-05 3.025e-05 3.635e-05 2.99e-05 2.97e-05 3e-05 2.98e-05 2.975e-05 2.97e-05 3.615e-05 3.02e-05 2.97e-05 3.005e-05 3.3e-05 3.64e-05 3.03e-05 4.165e-05 2.99e-05 3.645e-05 2.995e-05 2.945e-05 4.265e-05 3.645e-05 3e-05 3e-05 3.28e-05 3.025e-05 2.945e-05 2.975e-05 2.985e-05 3.01e-05 3.015e-05 3.005e-05
16 3.41e-05 2.61e-05 2.99e-05 3.64e-05 3.955e-05 3.94e-05 2.98e-05 3.255e-05 2.65e-05 3.245e-05 3.39e-05 3.625e-05 3.04e-05 3.235e-05 2.58e-05 2.975e-05 5.13e-05 3.655e-05 3.225e-05 2.995e-05 3.035e-05 2.565e-05 3.305e-05 2.565e-05 3.215e-05 2.64e-05 3.25e-05 3.405e-05 3e-05 2.62e-05 2.99e-05 2.985e-05 3e-05 3.23e-05 3.025e-05 2.995e-05 2.62e-05 3.715e-05 3.255e-05 3.43e-05 3.78e-05 3e-05 3.65e-05 2.625e-05 2.565e-05 3.875e-05 3.255e-05 3.03e-05 2.62e-05 3.305e-05 2.645e-05 2.565e-05 3.005e-05 3.405e-05 2.63e-05 2.635e-05 2.625e-05
17 2.95e-05 3.98e-05 4.565e-05 2.93e-05 2.295e-05 2.295e-05 3.62e-05 2.935e-05 4.035e-05 5.05e-05 3.03e-05 1.99e-05 4.035e-05 3.61e-05 4.07e-05 3.63e-05 3.655e-05 3.93e-05 3.61e-05 3.975e-05 2.93e-05 5.265e-05 3.945e-05 5.265e-05 3.595e-05 4.025e-05 2.925e-05 2.95e-05 3.05e-05 4.565e-05 4.575e-05 4.545e-05 3.63e-05 3.61e-05 4.02e-05 3.62e-05 4.125e-05 3.25e-05 2.935e-05 3.9e-05 2.925e-05 3.98e-05 2.94e-05 3.985e-05 5.255e-05 1.97e-05 3.07e-05 2.925e-05 4.56e-05 3.92e-05 3.865e-05 5.255e-05 3.02e-05 3.14e-05 4.57e-05 5.265e-05 3.995e-05
18 4.345e-05 2.9e-05 3.6e-05 3.595e-05 3.9e-05 3.885e-05 3.485e-05 2.89e-05 2.925e-05 2.905e-05 4.305e-05 3.6e-05 3.635e-05 2.865e-05 2.88e-05 3.61e-05 3.225e-05 3.61e-05 5.71e-05 3.605e-05 3.635e-05 2.885e-05 3.895e-05 2.885e-05 2.855e-05 2.915e-05 2.89e-05 4.345e-05 3.625e-05 2.92e-05 3.61e-05 3.59e-05 3.615e-05 2.875e-05 3.62e-05 3.585e-05 2.905e-05 4.625e-05 2.89e-05 4.315e-05 2.89e-05 3.61e-05 3.605e-05 2.915e-05 2.875e-05 2.865e-05 2.885e-05 3.63e-05 3e-05 3.995e-05 2.93e-05 2.875e-05 3.615e-05 4.31e-05 3.01e-05 3.015e-05 2.915e-05
19 2.98e-05 2.085e-05 2.05e-05 3.6e-05 4.285e-05 4.275e-05 2.975e-05 3.635e-05 2.135e-05 3.315e-05 2.99e-05 4.525e-05 2.105e-05 3.615e-05 2.055e-05 2.985e-05 2.995e-05 3.975e-05 3.605e-05 4.09e-05 2.46e-05 2.075e-05 3.285e-05 2.075e-05 3.595e-05 2.125e-05 3.63e-05 2.99e-05 2.99e-05 2.1e-05 2.065e-05 2.045e-05 2.995e-05 3.61e-05 2.09e-05 2.415e-05 2.1e-05 2.73e-05 3.635e-05 2.07e-05 4.155e-05 2.055e-05 3.615e-05 2.085e-05 2.065e-05 5.15e-05 3.64e-05 2.455e-05 2.1e-05 2.74e-05 2.755e-05 2.065e-05 2.425e-05 2.375e-05 2.11e-05 2.115e-05 2.1e-05
20 2.33e-05 2.425e-05 2.46e-05 2.965e-05 3.26e-05 3.25e-05 2.995e-05 2.93e-05 1.91e-05 4.335e-05 2.99e-05 3.505e-05 1.955e-05 3.63e-05 3.14e-05 3.005e-05 3.035e-05 2.93e-05 3.635e-05 2.46e-05 3.41e-05 3.155e-05 3.32e-05 3.155e-05 3.625e-05 1.905e-05 2.93e-05 2.33e-05 3.015e-05 2.415e-05 2.47e-05 2.44e-05 2.99e-05 3.65e-05 1.94e-05 2.435e-05 2.63e-05 2.07e-05 2.925e-05 1.78e-05 3.475e-05 2.465e-05 2.975e-05 2.44e-05 3.145e-05 4.15e-05 3.125e-05 1.705e-05 2.41e-05 2.73e-05 2.975e-05 3.145e-05 2.425e-05 1.765e-05 2.415e-05 3.135e-05 2.435e-05
21 4.42e-05 1.37e-05 1.475e-05 4.32e-05 5.555e-05 5.535e-05 2.86e-05 3.615e-05 1.38e-05 1.5e-05 4.265e-05 5.805e-05 2.09e-05 2.9e-05 1.225e-05 2.945e-05 2.565e-05 5.265e-05 2.885e-05 2.075e-05 3.155e-05 0.0 3.27e-05 0.0 2.88e-05 1.37e-05 3.61e-05 4.42e-05 3.575e-05 8.15e-06 1.465e-05 1.485e-05 2.995e-05 2.885e-05 2.075e-05 2.39e-05 1.235e-05 4.145e-05 3.615e-05 2.915e-05 4.14e-05 2.08e-05 4.33e-05 1.39e-05 1e-07 5.725e-05 3.47e-05 3.15e-05 9e-06 2.82e-05 1.84e-05 3e-07 3.01e-05 3.62e-05 9.1e-06 2.25e-06 1.385e-05
22 3.32e-05 3.275e-05 3.285e-05 3.93e-05 3.915e-05 3.9e-05 3.275e-05 3.92e-05 3.315e-05 3.9e-05 3.29e-05 3.925e-05 3.33e-05 3.905e-05 3.255e-05 3.285e-05 3.305e-05 3.945e-05 3.895e-05 3.285e-05 3.32e-05 3.27e-05 6.44e-05 3.27e-05 3.88e-05 3.305e-05 3.915e-05 3.32e-05 3.295e-05 3.295e-05 3.295e-05 3.265e-05 3.285e-05 3.905e-05 3.315e-05 3.26e-05 3.295e-05 3.29e-05 3.92e-05 3.315e-05 4.445e-05 3.29e-05 3.94e-05 3.275e-05 3.26e-05 4.545e-05 3.93e-05 3.315e-05 3.29e-05 3.27e-05 3.305e-05 3.25e-05 3.3e-05 3.305e-05 3.3e-05 3.305e-05 3.29e-05
23 4.42e-05 1.37e-05 1.475e-05 4.32e-05 5.555e-05 5.535e-05 2.86e-05 3.615e-05 1.38e-05 1.5e-05 4.265e-05 5.805e-05 2.09e-05 2.9e-05 1.225e-05 2.945e-05 2.565e-05 5.265e-05 2.885e-05 2.075e-05 3.155e-05 0.0 3.27e-05 0.0 2.88e-05 1.37e-05 3.61e-05 4.42e-05 3.575e-05 8.15e-06 1.465e-05 1.485e-05 2.995e-05 2.885e-05 2.075e-05 2.39e-05 1.235e-05 4.145e-05 3.615e-05 2.915e-05 4.14e-05 2.08e-05 4.33e-05 1.39e-05 1e-07 5.725e-05 3.47e-05 3.15e-05 9e-06 2.82e-05 1.84e-05 3e-07 3.01e-05 3.62e-05 9.1e-06 2.25e-06 1.385e-05
24 4.33e-05 2.895e-05 3.59e-05 3.58e-05 3.885e-05 3.87e-05 3.47e-05 2.88e-05 2.915e-05 2.89e-05 4.295e-05 3.585e-05 3.62e-05 2.865e-05 2.875e-05 3.6e-05 3.215e-05 3.595e-05 2.855e-05 3.595e-05 3.625e-05 2.88e-05 3.88e-05 2.88e-05 5.68e-05 2.905e-05 2.875e-05 4.33e-05 3.615e-05 2.915e-05 3.6e-05 3.575e-05 3.605e-05 2.865e-05 3.605e-05 3.575e-05 2.895e-05 4.61e-05 2.88e-05 4.305e-05 2.885e-05 3.6e-05 3.59e-05 2.905e-05 2.87e-05 2.85e-05 2.87e-05 3.62e-05 2.99e-05 3.98e-05 2.915e-05 2.87e-05 3.605e-05 4.295e-05 3e-05 3.005e-05 2.91e-05
25 3.21e-05 1.385e-05 1.535e-05 3.1e-05 4.315e-05 4.31e-05 2.895e-05 2.36e-05 2.4e-06 2.77e-05 4.3e-05 4.585e-05 9.85e-06 2.92e-05 2.535e-05 3.025e-05 2.64e-05 4.025e-05 2.915e-05 2.125e-05 1.905e-05 1.37e-05 3.305e-05 1.37e-05 2.905e-05 4.6e-06 2.36e-05 3.21e-05 3.625e-05 8.15e-06 1.545e-05 1.52e-05 3.015e-05 2.92e-05 9.7e-06 2.435e-05 1.39e-05 2.93e-05 2.36e-05 1.685e-05 2.9e-05 2.13e-05 3.11e-05 1.41e-05 1.36e-05 4.48e-05 2.355e-05 1.9e-05 8.9e-06 2.84e-05 2.275e-05 1.36e-05 3.055e-05 2.425e-05 9e-06 1.475e-05 1.4e-05
26 3.67e-05 2.905e-05 3.625e-05 2.92e-05 3.215e-05 3.205e-05 3.505e-05 2.195e-05 2.365e-05 3.615e-05 4.33e-05 2.925e-05 3.1e-05 2.89e-05 3.605e-05 3.635e-05 3.25e-05 2.925e-05 2.89e-05 3.63e-05 2.93e-05 3.61e-05 3.915e-05 3.61e-05 2.875e-05 2.36e-05 4.36e-05 3.67e-05 3.65e-05 2.915e-05 3.635e-05 3.61e-05 3.635e-05 2.895e-05 3.085e-05 3.605e-05 3.07e-05 3.945e-05 2.19e-05 3.635e-05 2.21e-05 3.635e-05 2.93e-05 2.92e-05 3.6e-05 2.185e-05 2.35e-05 2.93e-05 2.99e-05 4e-05 3.145e-05 3.6e-05 3.635e-05 3.64e-05 2.995e-05 3.715e-05 2.915e-05
27 1.58e-05 3.73e-05 2.99e-05 2.935e-05 3.275e-05 3.265e-05 3.095e-05 3.675e-05 3.22e-05 5.045e-05 2.285e-05 2.925e-05 2.485e-05 4.35e-05 4.405e-05 2.99e-05 3.405e-05 2.95e-05 4.345e-05 2.99e-05 2.33e-05 4.42e-05 3.32e-05 4.42e-05 4.33e-05 3.21e-05 3.67e-05 3.12e-05 3e-05 3.715e-05 3e-05 2.97e-05 2.99e-05 4.355e-05 2.47e-05 3.02e-05 3.895e-05 1.91e-05 3.675e-05 1.625e-05 4.2e-05 2.995e-05 2.93e-05 3.71e-05 4.41e-05 4.295e-05 3.83e-05 2.325e-05 3.63e-05 3.22e-05 3.955e-05 4.4e-05 3.005e-05 1.6e-05 3.64e-05 4.335e-05 3.745e-05
28 2.99e-05 2.995e-05 3.585e-05 3.65e-05 3.355e-05 3.345e-05 2.97e-05 3.655e-05 3.635e-05 4.05e-05 2.375e-05 3.03e-05 3.635e-05 3.635e-05 2.365e-05 2.97e-05 3e-05 3.05e-05 3.625e-05 2.99e-05 3.015e-05 3.575e-05 3.295e-05 3.575e-05 3.615e-05 3.625e-05 3.65e-05 3e-05 4.73e-05 3.6e-05 3.595e-05 3.575e-05 2.97e-05 3.63e-05 3.62e-05 2.975e-05 3e-05 3.31e-05 3.655e-05 3.63e-05 4.175e-05 2.995e-05 3.66e-05 3.01e-05 3.565e-05 3.69e-05 3.66e-05 3.01e-05 3.6e-05 3.29e-05 3.04e-05 3.555e-05 2.39e-05 3.165e-05 3.61e-05 3.615e-05 3.01e-05
29 3.715e-05 1.37e-05 1.51e-05 3.64e-05 4.87e-05 4.86e-05 2.855e-05 2.91e-05 8.25e-06 2.21e-05 4.28e-05 5.125e-05 1.56e-05 2.91e-05 1.98e-05 3e-05 2.62e-05 4.565e-05 2.92e-05 2.1e-05 2.415e-05 8.15e-06 3.295e-05 8.15e-06 2.915e-05 8.15e-06 2.915e-05 3.715e-05 3.6e-05 1.51e-05 1.52e-05 1.495e-05 2.99e-05 2.935e-05 1.545e-05 2.42e-05 1.435e-05 3.445e-05 2.91e-05 2.205e-05 3.445e-05 2.105e-05 3.65e-05 1.405e-05 8.05e-06 5.06e-05 2.965e-05 2.41e-05 8.45e-06 2.795e-05 2.06e-05 8.05e-06 3.025e-05 2.95e-05 8.55e-06 8.75e-06 1.385e-05
30 2.995e-05 2.1e-05 1.47e-05 3.6e-05 4.885e-05 4.87e-05 2.985e-05 3.64e-05 1.555e-05 2.91e-05 3.59e-05 5.12e-05 1.52e-05 3.62e-05 2.66e-05 2.98e-05 2.99e-05 4.575e-05 3.61e-05 2.065e-05 2.47e-05 1.465e-05 3.295e-05 1.465e-05 3.6e-05 1.545e-05 3.635e-05 3e-05 3.595e-05 1.52e-05 2.93e-05 1.465e-05 3.005e-05 3.615e-05 1.51e-05 2.43e-05 2.115e-05 2.735e-05 3.64e-05 1.485e-05 4.165e-05 2.07e-05 3.62e-05 2.095e-05 1.465e-05 5.745e-05 3.645e-05 2.465e-05 1.52e-05 2.75e-05 2.76e-05 1.475e-05 3.03e-05 2.22e-05 1.53e-05 1.535e-05 2.115e-05
31 2.965e-05 2.08e-05 1.455e-05 3.58e-05 4.855e-05 4.845e-05 2.955e-05 3.615e-05 1.53e-05 2.88e-05 3.565e-05 5.095e-05 1.5e-05 3.6e-05 2.65e-05 2.975e-05 2.985e-05 4.545e-05 3.59e-05 2.045e-05 2.44e-05 1.485e-05 3.265e-05 1.485e-05 3.575e-05 1.52e-05 3.61e-05 2.97e-05 3.575e-05 1.495e-05 1.465e-05 2.87e-05 2.975e-05 3.6e-05 1.485e-05 2.41e-05 2.1e-05 2.71e-05 3.615e-05 1.46e-05 4.14e-05 2.05e-05 3.595e-05 2.075e-05 1.475e-05 5.72e-05 3.625e-05 2.435e-05 1.49e-05 2.72e-05 2.735e-05 1.475e-05 3.01e-05 2.195e-05 1.5e-05 1.505e-05 2.095e-05
32 2.98e-05 2.985e-05 2.995e-05 3.64e-05 3.935e-05 3.925e-05 2.96e-05 3.63e-05 3.025e-05 3.625e-05 2.955e-05 3.61e-05 3.04e-05 3.625e-05 2.98e-05 2.97e-05 3e-05 3.63e-05 3.615e-05 2.995e-05 2.99e-05 2.995e-05 3.285e-05 2.995e-05 3.605e-05 3.015e-05 3.635e-05 2.99e-05 2.97e-05 2.99e-05 3.005e-05 2.975e-05 5.89e-05 3.63e-05 3.025e-05 2.98e-05 3.02e-05 3.3e-05 3.63e-05 3.015e-05 4.165e-05 3e-05 3.65e-05 2.99e-05 2.985e-05 4.27e-05 3.655e-05 2.985e-05 2.985e-05 3.28e-05 3.03e-05 2.975e-05 2.985e-05 2.99e-05 2.995e-05 3.005e-05 3e-05
33 4.355e-05 2.91e-05 3.605e-05 3.605e-05 3.9e-05 3.895e-05 3.495e-05 2.905e-05 2.93e-05 2.915e-05 4.315e-05 3.61e-05 3.635e-05 2.885e-05 2.88e-05 3.615e-05 3.23e-05 3.61e-05 2.875e-05 3.61e-05 3.65e-05 2.885e-05 3.905e-05 2.885e-05 2.865e-05 2.92e-05 2.895e-05 4.355e-05 3.63e-05 2.935e-05 3.615e-05 3.6e-05 3.63e-05 5.73e-05 3.62e-05 3.59e-05 2.9e-05 4.635e-05 2.905e-05 4.33e-05 2.895e-05 3.615e-05 3.615e-05 2.925e-05 2.875e-05 2.865e-05 2.885e-05 3.645e-05 3.015e-05 4.005e-05 2.94e-05 2.875e-05 3.62e-05 4.32e-05 3.025e-05 3.03e-05 2.925e-05
34 2.465e-05 2.125e-05 1.5e-05 3.06e-05 4.33e-05 4.325e-05 3.005e-05 3.095e-05 9.8e-06 3.475e-05 3.61e-05 4.575e-05 9.5e-06 3.63e-05 3.24e-05 3.02e-05 3.025e-05 4.02e-05 3.62e-05 2.09e-05 1.94e-05 2.075e-05 3.315e-05 2.075e-05 3.605e-05 9.7e-06 3.085e-05 2.47e-05 3.62e-05 1.545e-05 1.51e-05 1.485e-05 3.025e-05 3.62e-05 1.87e-05 2.455e-05 2.095e-05 2.21e-05 3.095e-05 9.6e-06 3.615e-05 2.095e-05 3.075e-05 2.12e-05 2.065e-05 5.175e-05 3.055e-05 1.935e-05 1.54e-05 2.77e-05 2.98e-05 2.065e-05 3.055e-05 1.695e-05 1.55e-05 2.105e-05 2.14e-05
35 3.02e-05 2.395e-05 2.42e-05 3.63e-05 3.905e-05 3.89e-05 2.975e-05 3.61e-05 2.445e-05 3.595e-05 2.975e-05 4.175e-05 2.47e-05 3.59e-05 2.37e-05 2.97e-05 2.995e-05 3.62e-05 3.585e-05 2.415e-05 2.435e-05 2.39e-05 3.26e-05 2.39e-05 3.575e-05 2.435e-05 3.605e-05 3.02e-05 2.975e-05 2.42e-05 2.43e-05 2.41e-05 2.98e-05 3.59e-05 2.455e-05 4.72e-05 2.415e-05 2.73e-05 3.61e-05 2.465e-05 4.13e-05 2.42e-05 3.64e-05 2.415e-05 2.38e-05 4.795e-05 3.62e-05 2.43e-05 2.42e-05 2.7e-05 2.73e-05 2.38e-05 2.405e-05 2.435e-05 2.43e-05 2.435e-05 2.41e-05
36 3.895e-05 1.395e-05 2.105e-05 3.785e-05 4.415e-05 4.41e-05 2.885e-05 3.08e-05 1.4e-05 2.485e-05 3.7e-05 4.68e-05 2.11e-05 2.92e-05 1.205e-05 3.005e-05 2.62e-05 4.125e-05 2.905e-05 2.1e-05 2.63e-05 1.235e-05 3.295e-05 1.235e-05 2.895e-05 1.39e-05 3.07e-05 3.895e-05 3e-05 1.435e-05 2.115e-05 2.1e-05 3.02e-05 2.9e-05 2.095e-05 2.415e-05 2.41e-05 3.62e-05 3.08e-05 2.98e-05 3.595e-05 2.105e-05 3.795e-05 1.425e-05 1.225e-05 4.575e-05 2.89e-05 2.625e-05 1.515e-05 2.845e-05 2.07e-05 1.225e-05 2.445e-05 3.27e-05 1.525e-05 1.39e-05 1.41e-05
37 1.905e-05 3.45e-05 2.73e-05 3.225e-05 3.24e-05 3.225e-05 3.41e-05 3.95e-05 2.94e-05 5.325e-05 2.61e-05 3.795e-05 2.22e-05 4.625e-05 4.13e-05 3.3e-05 3.715e-05 3.25e-05 4.625e-05 2.73e-05 2.07e-05 4.145e-05 3.29e-05 4.145e-05 4.61e-05 2.93e-05 3.945e-05 1.91e-05 3.31e-05 3.445e-05 2.735e-05 2.71e-05 3.3e-05 4.635e-05 2.21e-05 2.73e-05 3.62e-05 2.65e-05 3.95e-05 1.355e-05 4.475e-05 2.735e-05 3.245e-05 3.435e-05 4.135e-05 5.13e-05 4.11e-05 2.065e-05 3.36e-05 2.635e-05 3.965e-05 4.125e-05 2.75e-05 1.35e-05 3.37e-05 4.065e-05 3.465e-05
38 3.675e-05 2.9e-05 3.63e-05 2.925e-05 3.225e-05 3.21e-05 3.51e-05 2.19e-05 2.365e-05 3.62e-05 4.33e-05 2.93e-05 3.11e-05 2.89e-05 3.61e-05 3.64e-05 3.255e-05 2.935e-05 2.89e-05 3.635e-05 2.925e-05 3.615e-05 3.92e-05 3.615e-05 2.88e-05 2.36e-05 2.19e-05 3.675e-05 3.655e-05 2.91e-05 3.64e-05 3.615e-05 3.63e-05 2.905e-05 3.095e-05 3.61e-05 3.08e-05 3.95e-05 4.37e-05 3.63e-05 2.215e-05 3.64e-05 2.935e-05 2.915e-05 3.605e-05 2.195e-05 2.36e-05 2.925e-05 2.985e-05 4.005e-05 3.15e-05 3.605e-05 3.64e-05 3.645e-05 2.99e-05 3.71e-05 2.91e-05
39 1.615e-05 2.795e-05 1.48e-05 2.9e-05 4.21e-05 4.2e-05 3.145e-05 3.63e-05 1.695e-05 4.305e-05 2.94e-05 4.45e-05 9.7e-06 4.32e-05 4.08e-05 3.03e-05 3.43e-05 3.9e-05 4.315e-05 2.07e-05 1.78e-05 2.915e-05 3.315e-05 2.915e-05 4.305e-05 1.685e-05 3.635e-05 1.625e-05 3.63e-05 2.205e-05 1.485e-05 1.46e-05 3.015e-05 4.33e-05 9.6e-06 2.465e-05 2.98e-05 1.355e-05 3.63e-05 1.1e-06 4.17e-05 2.075e-05 2.925e-05 2.765e-05 2.905e-05 5.75e-05 3.805e-05 1.775e-05 2.13e-05 2.7e-05 3.665e-05 2.905e-05 3.065e-05 8.5e-06 2.14e-05 2.845e-05 2.81e-05
40 4.2e-05 3.44e-05 4.155e-05 2.93e-05 3.215e-05 3.215e-05 4.035e-05 2.215e-05 2.91e-05 3.62e-05 4.855e-05 2.935e-05 3.63e-05 2.89e-05 4.125e-05 4.165e-05 3.78e-05 2.925e-05 2.89e-05 4.155e-05 3.475e-05 4.14e-05 4.445e-05 4.14e-05 2.885e-05 2.9e-05 2.21e-05 4.2e-05 4.175e-05 3.445e-05 4.165e-05 4.14e-05 4.165e-05 2.895e-05 3.615e-05 4.13e-05 3.595e-05 4.475e-05 2.215e-05 4.17e-05 3.32e-05 4.16e-05 2.94e-05 3.465e-05 4.13e-05 1.665e-05 2.36e-05 3.47e-05 3.53e-05 4.53e-05 3.68e-05 4.13e-05 4.16e-05 4.175e-05 3.54e-05 4.24e-05 3.455e-05
41 2.99e-05 2.085e-05 2.06e-05 3.605e-05 4.29e-05 4.28e-05 2.98e-05 3.64e-05 2.14e-05 3.32e-05 2.995e-05 4.53e-05 2.11e-05 3.62e-05 2.06e-05 2.99e-05 3e-05 3.98e-05 3.61e-05 2.055e-05 2.465e-05 2.08e-05 3.29e-05 2.08e-05 3.6e-05 2.13e-05 3.635e-05 2.995e-05 2.995e-05 2.105e-05 2.07e-05 2.05e-05 3e-05 3.615e-05 2.095e-05 2.42e-05 2.105e-05 2.735e-05 3.64e-05 2.075e-05 4.16e-05 4.1e-05 3.62e-05 2.095e-05 2.07e-05 5.155e-05 3.645e-05 2.46e-05 2.105e-05 2.745e-05 2.76e-05 2.07e-05 2.425e-05 2.385e-05 2.115e-05 2.12e-05 2.105e-05
42 2.945e-05 3.65e-05 3.61e-05 2.9e-05 3.25e-05 3.235e-05 3.63e-05 2.935e-05 3.12e-05 4.335e-05 3.65e-05 2.93e-05 3.09e-05 3.61e-05 4.325e-05 3.645e-05 3.65e-05 2.94e-05 3.605e-05 3.615e-05 2.975e-05 4.33e-05 3.94e-05 4.33e-05 3.59e-05 3.11e-05 2.93e-05 2.93e-05 3.66e-05 3.65e-05 3.62e-05 3.595e-05 3.65e-05 3.615e-05 3.075e-05 3.64e-05 3.795e-05 3.245e-05 2.935e-05 2.925e-05 2.94e-05 3.62e-05 5.78e-05 3.635e-05 4.32e-05 2.9e-05 3.07e-05 2.97e-05 3.645e-05 3.945e-05 3.865e-05 4.32e-05 3.65e-05 2.93e-05 3.655e-05 4.35e-05 3.665e-05
43 3.705e-05 1.38e-05 2.08e-05 3.625e-05 4.275e-05 4.26e-05 2.87e-05 2.91e-05 1.42e-05 2.63e-05 3.675e-05 4.53e-05 2.135e-05 2.925e-05 1.385e-05 2.995e-05 2.625e-05 3.985e-05 2.915e-05 2.085e-05 2.44e-05 1.39e-05 3.275e-05 1.39e-05 2.905e-05 1.41e-05 2.92e-05 3.71e-05 3.01e-05 1.405e-05 2.095e-05 2.075e-05 2.99e-05 2.925e-05 2.12e-05 2.415e-05 1.425e-05 3.435e-05 2.915e-05 2.765e-05 3.465e-05 2.095e-05 3.635e-05 2.7e-05 1.38e-05 4.46e-05 2.95e-05 2.435e-05 1.48e-05 2.825e-05 2.065e-05 1.38e-05 2.445e-05 3.08e-05 1.49e-05 1.515e-05 1.395e-05
44 4.41e-05 1.36e-05 1.465e-05 4.31e-05 5.545e-05 5.525e-05 2.85e-05 3.605e-05 1.37e-05 1.49e-05 4.255e-05 5.795e-05 2.08e-05 2.89e-05 1.215e-05 2.945e-05 2.565e-05 5.255e-05 2.875e-05 2.065e-05 3.145e-05 1e-07 3.26e-05 1e-07 2.87e-05 1.36e-05 3.6e-05 4.41e-05 3.565e-05 8.05e-06 1.465e-05 1.475e-05 2.985e-05 2.875e-05 2.065e-05 2.38e-05 1.225e-05 4.135e-05 3.605e-05 2.905e-05 4.13e-05 2.07e-05 4.32e-05 1.38e-05 2e-07 5.715e-05 3.46e-05 3.14e-05 8.9e-06 2.81e-05 1.83e-05 2e-07 3e-05 3.61e-05 9e-06 2.15e-06 1.375e-05
45 4.295e-05 4.455e-05 5.735e-05 2.89e-05 2.26e-05 2.255e-05 4.135e-05 2.195e-05 4.49e-05 4.335e-05 4.37e-05 1.415e-05 5.19e-05 2.87e-05 4.54e-05 4.265e-05 3.875e-05 1.97e-05 2.865e-05 5.15e-05 4.15e-05 5.725e-05 4.545e-05 5.725e-05 2.85e-05 4.48e-05 2.185e-05 4.295e-05 3.69e-05 5.06e-05 5.745e-05 5.72e-05 4.27e-05 2.865e-05 5.175e-05 4.795e-05 4.575e-05 5.13e-05 2.195e-05 5.75e-05 1.665e-05 5.155e-05 2.9e-05 4.46e-05 5.715e-05 3e-07 2.305e-05 4.145e-05 5.135e-05 5.195e-05 4.04e-05 5.715e-05 4.235e-05 5.02e-05 5.145e-05 5.84e-05 4.47e-05
46 3.83e-05 2.94e-05 3.635e-05 3.06e-05 3.36e-05 3.35e-05 3.52e-05 2.36e-05 2.365e-05 3.485e-05 4.34e-05 3.065e-05 3.07e-05 2.895e-05 3.465e-05 3.645e-05 3.255e-05 3.07e-05 2.885e-05 3.64e-05 3.125e-05 3.47e-05 3.93e-05 3.47e-05 2.87e-05 2.355e-05 2.35e-05 3.83e-05 3.66e-05 2.965e-05 3.645e-05 3.625e-05 3.655e-05 2.885e-05 3.055e-05 3.62e-05 2.89e-05 4.11e-05 2.36e-05 3.805e-05 2.36e-05 3.645e-05 3.07e-05 2.95e-05 3.46e-05 2.305e-05 4.6e-05 3.12e-05 3.04e-05 4.03e-05 3.16e-05 3.46e-05 3.65e-05 3.795e-05 3.05e-05 3.605e-05 2.955e-05
47 2.325e-05 2.42e-05 2.455e-05 2.96e-05 3.255e-05 3.245e-05 2.99e-05 2.925e-05 1.91e-05 4.33e-05 2.985e-05 3.5e-05 1.95e-05 3.625e-05 3.135e-05 3e-05 3.03e-05 2.925e-05 3.63e-05 2.455e-05 1.705e-05 3.15e-05 3.315e-05 3.15e-05 3.62e-05 1.9e-05 2.93e-05 2.325e-05 3.01e-05 2.41e-05 2.465e-05 2.435e-05 2.985e-05 3.645e-05 1.935e-05 2.43e-05 2.625e-05 2.065e-05 2.925e-05 1.775e-05 3.47e-05 2.46e-05 2.97e-05 2.435e-05 3.14e-05 4.145e-05 3.12e-05 3.4e-05 2.405e-05 2.725e-05 2.97e-05 3.14e-05 2.42e-05 1.76e-05 2.415e-05 3.13e-05 2.435e-05
48 3.63e-05 1.45e-05 1.51e-05 3.635e-05 4.865e-05 4.855e-05 2.76e-05 2.985e-05 9e-06 2.285e-05 4.195e-05 5.12e-05 1.555e-05 2.99e-05 2.065e-05 3e-05 2.62e-05 4.56e-05 3e-05 2.1e-05 2.41e-05 9e-06 3.29e-05 9e-06 2.99e-05 8.9e-06 2.99e-05 3.63e-05 3.6e-05 8.45e-06 1.52e-05 1.49e-05 2.985e-05 3.015e-05 1.54e-05 2.42e-05 1.515e-05 3.36e-05 2.985e-05 2.13e-05 3.53e-05 2.105e-05 3.645e-05 1.48e-05 8.9e-06 5.135e-05 3.04e-05 2.405e-05 1.66e-05 2.705e-05 2.13e-05 8.9e-06 3.025e-05 2.865e-05 8.4e-06 8.6e-06 1.465e-05
49 3.22e-05 2.81e-05 2.74e-05 3.935e-05 3.905e-05 3.89e-05 3.175e-05 4.005e-05 2.85e-05 3.995e-05 3.2e-05 4.47e-05 2.785e-05 3.985e-05 2.805e-05 3.28e-05 3.305e-05 3.92e-05 3.995e-05 2.74e-05 2.73e-05 2.82e-05 3.27e-05 2.82e-05 3.98e-05 2.84e-05 4e-05 3.22e-05 3.29e-05 2.795e-05 2.75e-05 2.72e-05 3.28e-05 4.005e-05 2.77e-05 2.7e-05 2.845e-05 2.635e-05 4.005e-05 2.7e-05 4.53e-05 2.745e-05 3.945e-05 2.825e-05 2.81e-05 5.195e-05 4.03e-05 2.725e-05 2.705e-05 5.18e-05 3.12e-05 2.8e-05 2.725e-05 2.665e-05 2.715e-05 2.71e-05 2.825e-05
50 3.955e-05 2.05e-05 2.75e-05 3.855e-05 4.155e-05 4.14e-05 2.89e-05 3.15e-05 2.285e-05 2.7e-05 3.72e-05 4.125e-05 2.995e-05 2.93e-05 1.835e-05 3.025e-05 2.645e-05 3.865e-05 2.93e-05 2.755e-05 2.975e-05 1.84e-05 3.305e-05 1.84e-05 2.915e-05 2.275e-05 3.145e-05 3.955e-05 3.04e-05 2.06e-05 2.76e-05 2.735e-05 3.03e-05 2.94e-05 2.98e-05 2.73e-05 2.07e-05 3.965e-05 3.15e-05 3.665e-05 3.68e-05 2.76e-05 3.865e-05 2.065e-05 1.83e-05 4.04e-05 3.16e-05 2.97e-05 2.13e-05 3.12e-05 3.6e-05 1.83e-05 2.76e-05 3.655e-05 2.14e-05 1.91e-05 2.065e-05
51 4.4e-05 1.36e-05 1.465e-05 4.31e-05 5.535e-05 5.515e-05 2.84e-05 3.605e-05 1.37e-05 1.49e-05 4.245e-05 5.785e-05 2.08e-05 2.89e-05 1.215e-05 2.945e-05 2.565e-05 5.255e-05 2.875e-05 2.065e-05 3.145e-05 3e-07 3.25e-05 3e-07 2.87e-05 1.36e-05 3.6e-05 4.4e-05 3.555e-05 8.05e-06 1.475e-05 1.475e-05 2.975e-05 2.875e-05 2.065e-05 2.38e-05 1.225e-05 4.125e-05 3.605e-05 2.905e-05 4.13e-05 2.07e-05 4.32e-05 1.38e-05 2e-07 5.715e-05 3.46e-05 3.14e-05 8.9e-06 2.8e-05 1.83e-05 2e-07 3e-05 3.61e-05 9e-06 2.15e-06 1.375e-05
52 3.005e-05 2.42e-05 3.02e-05 3.64e-05 3.35e-05 3.34e-05 2.975e-05 3.64e-05 3.065e-05 4.04e-05 2.38e-05 3.59e-05 3.07e-05 3.62e-05 1.81e-05 2.975e-05 3.005e-05 3.02e-05 3.615e-05 2.425e-05 2.425e-05 3.01e-05 3.3e-05 3.01e-05 3.605e-05 3.055e-05 3.635e-05 3.005e-05 2.39e-05 3.025e-05 3.03e-05 3.01e-05 2.985e-05 3.62e-05 3.055e-05 2.405e-05 2.445e-05 2.75e-05 3.64e-05 3.065e-05 4.16e-05 2.425e-05 3.65e-05 2.445e-05 3e-05 4.235e-05 3.65e-05 2.42e-05 3.025e-05 2.725e-05 2.76e-05 3e-05 3.6e-05 2.6e-05 3.035e-05 3.04e-05 2.44e-05
53 1.59e-05 3.11e-05 2.205e-05 2.915e-05 3.46e-05 3.445e-05 3.11e-05 3.645e-05 2.435e-05 5.015e-05 2.455e-05 3.685e-05 1.71e-05 4.32e-05 3.945e-05 2.985e-05 3.405e-05 3.14e-05 4.31e-05 2.375e-05 1.765e-05 3.62e-05 3.305e-05 3.62e-05 4.295e-05 2.425e-05 3.64e-05 1.6e-05 3.165e-05 2.95e-05 2.22e-05 2.195e-05 2.99e-05 4.32e-05 1.695e-05 2.435e-05 3.27e-05 1.35e-05 3.645e-05 8.5e-06 4.175e-05 2.385e-05 2.93e-05 3.08e-05 3.61e-05 5.02e-05 3.795e-05 1.76e-05 2.865e-05 2.665e-05 3.655e-05 3.61e-05 2.6e-05 1.62e-05 2.875e-05 3.57e-05 3.125e-05
54 3.64e-05 1.46e-05 1.52e-05 3.645e-05 4.875e-05 4.865e-05 2.77e-05 2.995e-05 9.05e-06 2.295e-05 4.205e-05 5.13e-05 1.565e-05 3e-05 2.075e-05 3.01e-05 2.63e-05 4.57e-05 3.01e-05 2.11e-05 2.415e-05 9.1e-06 3.3e-05 9.1e-06 3e-05 9e-06 2.995e-05 3.64e-05 3.61e-05 8.55e-06 1.53e-05 1.5e-05 2.995e-05 3.025e-05 1.55e-05 2.43e-05 1.525e-05 3.37e-05 2.99e-05 2.14e-05 3.54e-05 2.115e-05 3.655e-05 1.49e-05 9e-06 5.145e-05 3.05e-05 2.415e-05 8.4e-06 2.715e-05 2.14e-05 9e-06 3.035e-05 2.875e-05 1.68e-05 8.7e-06 1.47e-05
55 4.335e-05 1.485e-05 1.525e-05 4.34e-05 5.57e-05 5.56e-05 2.775e-05 3.71e-05 1.485e-05 1.605e-05 4.21e-05 5.825e-05 2.12e-05 3e-05 1.39e-05 3.015e-05 2.635e-05 5.265e-05 3.015e-05 2.115e-05 3.135e-05 2.25e-06 3.305e-05 2.25e-06 3.005e-05 1.475e-05 3.715e-05 4.335e-05 3.615e-05 8.75e-06 1.535e-05 1.505e-05 3.005e-05 3.03e-05 2.105e-05 2.435e-05 1.39e-05 4.065e-05 3.71e-05 2.845e-05 4.24e-05 2.12e-05 4.35e-05 1.515e-05 2.15e-06 5.84e-05 3.605e-05 3.13e-05 8.6e-06 2.71e-05 1.91e-05 2.15e-06 3.04e-05 3.57e-05 8.7e-06 2.7e-06 1.5e-05
56 3.745e-05 1.36e-05 2.105e-05 3.655e-05 4.285e-05 4.275e-05 2.88e-05 2.915e-05 1.405e-05 2.625e-05 3.695e-05 4.55e-05 2.155e-05 2.92e-05 1.365e-05 3.005e-05 2.625e-05 3.995e-05 2.915e-05 2.1e-05 2.435e-05 1.385e-05 3.29e-05 1.385e-05 2.91e-05 1.4e-05 2.915e-05 3.745e-05 3.01e-05 1.385e-05 2.115e-05 2.095e-05 3e-05 2.925e-05 2.14e-05 2.41e-05 1.41e-05 3.465e-05 2.91e-05 2.81e-05 3.455e-05 2.105e-05 3.665e-05 1.395e-05 1.375e-05 4.47e-05 2.955e-05 2.435e-05 1.465e-05 2.825e-05 2.065e-05 1.375e-05 2.44e-05 3.125e-05 1.47e-05 1.5e-05 2.71e-05
