 slim_761988223 slim_761988176 slim_761988191 slim_761988195 slim_761988190 slim_761988216 slim_761988217 slim_761988192 slim_761988175 slim_761988169 slim_761988198 slim_761988225 slim_761988201 slim_761988171 slim_761988208 slim_761988212 slim_761988211 slim_761988207 slim_761988218 slim_761988209 slim_761988231 slim_761988228 slim_761988167 slim_761988173 slim_761988177 slim_761988170 slim_761988180 slim_761988172 slim_761988215 slim_761988230 slim_761988183 slim_761988186 slim_761988227 slim_761988197 slim_761988226 slim_761988168 slim_761988221 slim_761988184 slim_761988219 slim_761988224 slim_761988199 slim_761988178 slim_761988203 slim_761988220 slim_761988174 slim_761988182 slim_761988204 slim_761988205 slim_761988202 slim_761988187 slim_761988189 slim_761988214 slim_761988185 slim_761988213 slim_761988196 slim_761988193 slim_761988229 slim_761988194 slim_761988179 slim_761988181 slim_761988188 slim_761988206 slim_761988222 slim_761988200 slim_761988210
0 7.68e-05 0.0001151 0.00015465 0.000114 0.00015485 0.00015585 9.455e-05 0.00013635 0.00012805 9.74e-05 0.0001062 0.0001607 0.00015075 0.00010495 0.0001739 0.0001595 9.68e-05 0.0001358 0.00010595 0.00014785 0.0001226 0.0001556 9.685e-05 0.00011645 0.00010135 0.00010495 0.0001591 0.00015035 0.00014285 0.00010135 9.945e-05 0.00017025 8.55e-05 8.93e-05 0.000157 0.0001685 8.55e-05 0.0001059 0.00014485 0.00012005 0.0001477 9.73e-05 0.0001612 0.00016095 0.000108 0.00015915 0.0001724 0.0001546 0.00016645 0.0001323 0.00015145 9.6e-05 0.0001445 0.00014385 0.0001203 0.0001543 0.0001614 0.0001065 8.55e-05 0.00015705 0.00014175 0.0001259 0.0001589 0.00014215 0.000126
1 0.0001151 0.0001677 0.00013235 0.0001248 0.0001378 0.0001591 0.0001294 0.0001468 0.00012745 0.0001184 0.00012175 0.00016125 0.00014245 0.00014755 0.0001727 0.0001636 0.00012985 0.0001439 0.0001471 0.00015125 0.0001485 0.0001614 0.0001254 8.66e-05 0.00013695 0.00014255 0.0001148 0.00015765 0.00015755 0.00013695 0.00013595 0.00013265 0.00012765 0.00012645 8.39e-05 0.00017085 0.00012765 0.00014175 0.00011475 0.0001267 0.00014095 0.0001389 0.00014565 0.0001446 0.0001188 0.0001214 0.0001649 0.0001323 0.00016445 0.0001158 0.0001542 0.00013515 0.0001384 0.0001502 0.00012095 0.00015265 0.00016325 0.0001358 0.00012765 8.4e-05 0.0001504 0.0001448 0.0001622 0.0001372 0.0001499
2 0.00015465 0.00013235 0.0001678 0.0001207 0.0001226 0.00016045 0.000156 0.00013425 0.00015535 0.0001574 0.00011665 0.00015175 0.0001519 0.00015885 0.0001617 0.0001464 0.0001471 0.00014975 0.0001416 0.00015575 0.00016035 0.0001398 0.00015645 0.00013435 0.0001567 0.0001427 0.0001321 0.00016065 0.00016095 0.0001567 0.00016195 0.00013535 0.0001361 0.0001536 0.0001067 0.00016265 0.0001361 0.00014085 0.0001125 0.00016065 0.00014095 0.00016055 0.0001575 0.00010585 0.00015615 0.0001311 0.0001542 8.39e-05 0.00015955 0.0001332 0.0001613 0.0001577 0.00015395 0.00012775 0.0001502 0.00016145 0.00015475 0.0001546 0.0001361 0.00010675 0.00014495 0.0001549 0.00016035 0.00014315 0.0001531
3 0.000114 0.0001248 0.0001207 0.0001638 0.00010925 0.00015595 0.0001304 0.0001359 0.0001519 0.00013345 0.0001197 0.0001486 0.00014705 0.0001195 0.0001692 0.0001561 0.0001334 0.000131 0.0001403 0.0001474 0.00015105 0.00015755 0.0001267 0.00012675 0.00012915 0.00013065 0.00013475 0.00015825 0.00015665 0.00012915 0.00013205 0.00014725 0.0001194 0.00012965 0.0001119 0.0001596 0.0001194 0.00012875 0.00012415 0.00014865 0.0001449 0.00011875 0.0001576 0.0001376 0.00013855 0.00013235 0.00015915 0.00012065 0.0001561 0.00011515 0.00015765 0.0001196 0.00013715 0.00013965 0.0001404 0.00014545 0.00014525 0.0001348 0.0001194 0.00011195 0.00014315 0.0001426 0.0001462 0.00013415 0.0001221
4 0.00015485 0.0001378 0.0001226 0.00010925 0.0001663 0.0001511 0.0001488 0.0001492 0.00016015 0.00014765 0.000134 0.00014665 0.0001476 0.00014925 0.0001663 0.00016205 0.0001492 0.00014525 0.0001564 0.00015185 0.000165 0.00016475 0.0001398 0.0001384 0.00015405 0.00015815 0.00013615 0.00016285 0.0001561 0.00015405 0.00012225 0.00014615 0.00015315 0.00015005 0.00011305 0.0001312 0.00015315 0.0001562 0.00013235 0.0001585 0.00014435 0.00013905 0.00015925 0.0001388 0.0001553 0.00012985 0.0001551 0.00012255 0.00015305 0.0001353 0.0001528 0.000119 0.0001441 0.00014835 0.0001512 0.00014045 0.0001219 0.0001539 0.00015315 0.0001131 0.00014685 0.00015315 0.00011825 0.00014305 0.00014595
5 0.00015585 0.0001591 0.00016045 0.00015595 0.0001511 0.0001825 0.00012265 0.00015735 0.00015925 0.00015575 0.0001613 0.0001011 0.0001387 0.0001506 0.00013485 0.0001695 0.00016185 0.00015905 0.0001613 0.00012745 0.00016545 0.00016995 0.00014005 0.0001589 0.00012305 0.00016165 0.0001556 0.00010525 0.000121 0.00012305 0.00014935 0.0001698 0.00015805 0.00015715 0.00016115 0.0001597 0.00015805 0.0001602 0.00016125 0.0001239 0.00014325 0.0001371 0.00015005 0.00016565 0.00015505 0.0001264 0.0001267 0.0001604 9.785e-05 0.0001636 9.63e-05 0.00014795 0.0001574 0.00016205 0.00016525 0.0001365 0.0001508 0.0001572 0.00015805 0.0001612 0.00012575 0.00014355 0.0001161 0.0001609 0.00015625
6 9.455e-05 0.0001294 0.000156 0.0001304 0.0001488 0.00012265 0.0001448 0.00013825 0.00013575 0.00011245 0.00013605 0.0001683 0.00015665 0.0001267 0.00017375 0.00015895 0.00012455 0.00013545 0.0001406 0.00014905 0.00013265 0.00015555 0.0001043 0.0001311 0.00012675 0.0001279 0.0001544 0.0001265 0.000112 0.00012675 0.00012105 0.00016585 0.00011095 0.0001156 0.0001571 0.0001567 0.00011095 0.0001266 0.00014925 0.00013895 0.00015215 0.0001149 0.0001517 0.0001644 0.00012015 0.0001619 0.0001698 0.00015595 0.0001742 0.000142 0.0001176 0.00010975 0.0001447 0.0001472 0.00013365 0.00015045 0.0001504 0.0001204 0.00011095 0.00015715 0.00010815 0.00014125 0.00015585 0.0001487 0.0001342
7 0.00013635 0.0001468 0.00013425 0.0001359 0.0001492 0.00015735 0.00013825 8.07e-05 0.00016725 0.00016035 0.0001158 0.00015815 0.0001623 0.0001497 0.00016665 0.0001118 0.0001466 5.585e-05 0.00015075 0.0001006 0.0001605 0.00010025 0.0001432 0.00015065 0.0001485 0.00015095 0.00014805 0.0001519 0.00015875 0.0001485 0.0001517 0.00015595 8.765e-05 8.79e-05 0.00014065 0.0001663 8.765e-05 0.00014925 9.055e-05 0.0001613 0.000138 0.00014915 0.00015545 0.00013295 0.0001005 0.000149 0.0001681 0.0001342 0.00016475 0.00012615 0.0001567 0.0001482 0.00010265 9.905e-05 0.00011875 0.0001576 0.0001608 0.0001056 8.765e-05 0.0001407 0.0001032 9.505e-05 0.0001617 0.0001086 0.0001543
8 0.00012805 0.00012745 0.00015535 0.0001519 0.00016015 0.00015925 0.00013575 0.00016725 0.000178 0.00012345 0.00015705 0.0001632 0.00014 0.0001578 0.00015375 0.00015495 0.0001328 0.00016405 0.0001496 0.00016345 0.00013235 0.00016585 0.00013995 0.00012605 0.0001479 0.00014865 0.00016055 0.0001579 0.0001564 0.0001479 0.0001433 0.00014955 0.00014735 0.0001397 0.000163 0.00015135 0.00014735 0.00014585 0.0001667 0.0001302 0.00014885 0.00014615 0.0001581 0.00017015 0.00012665 0.0001652 0.0001303 0.0001553 0.00016805 0.00016055 0.00015485 0.00014555 0.00014845 0.00016035 0.00013325 0.00016055 0.0001329 0.0001463 0.00014735 0.00016305 0.00016045 0.00015645 0.000169 0.0001532 0.0001195
9 9.74e-05 0.0001184 0.0001574 0.00013345 0.00014765 0.00015575 0.00011245 0.00016035 0.00012345 0.0001397 0.00013545 0.0001647 0.0001144 0.0001349 0.00017445 0.0001693 0.00010355 0.0001411 0.00014355 0.0001558 0.000139 0.0001696 0.00011545 0.00011625 0.00012705 0.00012765 0.0001656 0.00015475 0.0001528 0.00012705 0.00011295 0.00017055 0.00012235 0.0001227 0.00016255 0.00015625 0.00012235 0.0001298 0.0001618 0.0001201 0.00012245 0.00012055 0.00016865 0.00016605 0.00011485 0.0001634 0.0001738 0.00015735 0.00017215 0.0001323 0.00014645 0.0001089 0.00012575 0.0001412 9.73e-05 0.00015815 0.00015675 0.00013055 0.00012235 0.0001626 0.0001506 0.0001437 0.00015215 0.00012585 0.00014125
10 0.0001062 0.00012175 0.00011665 0.0001197 0.000134 0.0001613 0.00013605 0.0001158 0.00015705 0.00013545 0.0001261 0.00016355 0.00015815 0.00013815 0.00016995 0.0001326 0.00012725 0.0001383 0.00013485 0.00015445 0.0001476 0.00013045 0.0001401 0.0001228 0.0001423 0.00014675 0.0001405 0.00016345 0.0001605 0.0001423 0.00012505 0.000145 0.000105 0.0001191 0.00011475 0.00015865 0.000105 0.0001485 0.00010245 0.0001477 0.00012365 0.00013575 0.00016625 0.0001201 0.0001362 0.00013685 0.0001741 0.0001166 0.000166 0.00012915 0.0001626 0.00013105 0.00014105 0.00012395 0.00013885 0.00015595 0.00016305 0.00013645 0.000105 0.0001148 0.00012405 0.00013605 0.00015335 0.0001152 0.00014835
11 0.0001607 0.00016125 0.00015175 0.0001486 0.00014665 0.0001011 0.0001683 0.00015815 0.0001632 0.0001647 0.00016355 4.97e-05 9.6e-05 0.0001501 0.00010705 0.00017515 0.00016225 0.00015875 0.0001485 9.62e-05 0.0001734 0.0001757 0.00015085 0.0001613 9.03e-05 0.0001464 0.00015725 0.00010535 0.0001615 9.03e-05 0.00015115 0.0001737 0.000158 0.00016085 0.00015815 0.00017005 0.000158 0.00014345 0.00015925 9.46e-05 0.0001289 0.00012395 0.00015635 0.00014595 0.00016025 9.56e-05 9.355e-05 0.0001517 3.815e-05 0.00016095 0.0001068 0.00015335 0.00016075 0.00015955 0.00016225 0.0001236 0.0001528 0.00015985 0.000158 0.0001582 0.000169 0.00013155 8.785e-05 0.0001632 0.00015835
12 0.00015075 0.00014245 0.0001519 0.00014705 0.0001476 0.0001387 0.00015665 0.0001623 0.00014 0.0001144 0.00015815 9.6e-05 0.0001598 0.00015195 0.0001455 0.00017165 0.00013015 0.0001454 0.00014855 0.00013235 0.000166 0.0001716 0.00015075 0.00014055 0.00012915 0.00014405 0.00016365 0.00013585 0.0001625 0.00012915 0.0001431 0.0001711 0.0001555 0.00015265 0.0001632 0.0001623 0.0001555 0.000144 0.000164 0.0001149 0.00011115 0.00013335 0.0001641 0.0001513 0.0001389 0.00013845 0.0001372 0.00015185 0.0001204 0.00014475 0.00013505 0.000146 0.0001286 0.0001398 0.00011685 0.0001413 0.00015215 0.00015815 0.0001555 0.00016325 0.0001648 0.0001444 0.0001288 0.00013075 0.0001533
13 0.00010495 0.00014755 0.00015885 0.0001195 0.00014925 0.0001506 0.0001267 0.0001497 0.0001578 0.0001349 0.00013815 0.0001501 0.00015195 0.0001489 0.00016785 0.0001633 0.0001363 0.00014745 0.0001382 0.00015235 0.00013795 0.0001641 0.00012445 0.00014915 0.00012455 0.00013055 0.00015665 0.000143 0.0001129 0.00012455 0.00012935 0.0001726 0.00012365 0.00013845 0.00015945 0.0001599 0.00012365 0.00013235 0.00015385 0.00014435 0.000143 0.0001163 0.00015385 0.0001632 0.00014505 0.0001552 0.0001635 0.0001588 0.00015295 0.00014025 0.0001523 0.00011665 0.0001438 0.00014755 0.0001497 0.00014085 0.0001489 0.0001295 0.00012365 0.0001595 0.00014645 0.0001498 0.000142 0.00013855 0.00012565
14 0.0001739 0.0001727 0.0001617 0.0001692 0.0001663 0.00013485 0.00017375 0.00016665 0.00015375 0.00017445 0.00016995 0.00010705 0.0001455 0.00016785 0.0001947 0.0001322 0.0001701 0.0001702 0.00017095 0.000136 0.0001382 0.00014625 0.0001697 0.00017325 0.0001353 0.0001696 0.00017085 0.00013935 0.00016805 0.0001353 0.0001683 0.00013445 0.0001703 0.0001704 0.00017145 0.0001319 0.0001703 0.0001702 0.00016945 0.00013615 0.00015305 0.00015745 0.00017025 0.0001681 0.0001705 0.00013565 0.00011505 0.00016165 9.89e-05 0.0001735 0.00013915 0.00016985 0.000169 0.00016635 0.00017265 0.0001543 0.00015265 0.0001705 0.0001703 0.0001715 0.0001695 0.0001523 0.00013185 0.00016945 0.0001523
15 0.0001595 0.0001636 0.0001464 0.0001561 0.00016205 0.0001695 0.00015895 0.0001118 0.00015495 0.0001693 0.0001326 0.00017515 0.00017165 0.0001633 0.0001322 0.0001731 0.0001588 0.00012465 0.0001663 0.00015385 0.00012665 0.0001011 0.00016915 0.00016605 0.0001699 0.0001666 0.00016845 0.00016955 0.0001679 0.0001699 0.00016445 0.0001232 0.0001282 0.0001441 0.00015975 0.0001254 0.0001282 0.00016875 0.0001271 0.000175 0.0001462 0.00016445 0.00017715 0.0001528 0.0001508 0.0001667 0.0001578 0.00014635 0.000174 0.00014995 0.0001698 0.00016315 0.0001457 0.0001265 0.0001451 0.00017035 0.0001525 0.00015355 0.0001282 0.0001598 0.00012415 0.0001497 0.00017095 0.00012425 0.0001449
16 9.68e-05 0.00012985 0.0001471 0.0001334 0.0001492 0.00016185 0.00012455 0.0001466 0.0001328 0.00010355 0.00012725 0.00016225 0.00013015 0.0001363 0.0001701 0.0001588 0.0001595 0.000134 0.00012555 0.0001548 0.0001379 0.00015235 0.00012805 0.0001311 0.0001358 0.00012685 0.00015455 0.0001583 0.000155 0.0001358 0.00011895 0.0001635 0.00012325 0.0001134 0.00015805 0.0001579 0.00012325 0.000129 0.00015215 0.00013765 0.000137 0.00012965 0.00015105 0.0001551 0.0001256 0.00016235 0.0001665 0.00014705 0.0001717 0.00013755 0.00015745 0.00012365 0.00013305 0.00011295 0.00011365 0.0001512 0.000153 0.00012425 0.00012325 0.0001581 0.0001505 0.0001345 0.00015905 0.0001338 0.00013835
17 0.0001358 0.0001439 0.00014975 0.000131 0.00014525 0.00015905 0.00013545 5.585e-05 0.00016405 0.0001411 0.0001383 0.00015875 0.0001454 0.00014745 0.0001702 0.00012465 0.000134 7.8e-05 0.00015165 9.68e-05 0.00015995 0.0001186 0.00013945 0.00014775 0.00014675 0.0001443 0.00014765 0.0001503 0.0001611 0.00014675 0.00014525 0.00015835 0.0001007 8.41e-05 0.0001411 0.00016515 0.0001007 0.00014445 0.00010695 0.00015955 0.0001476 0.0001428 0.0001542 0.0001474 9.67e-05 0.0001506 0.0001694 0.0001497 0.0001675 0.00011025 0.0001539 0.00014175 9.54e-05 0.00010575 0.00010055 0.00015365 0.0001574 0.0001018 0.0001007 0.00014115 0.0001142 9.125e-05 0.00015975 0.0001127 0.00014995
18 0.00010595 0.0001471 0.0001416 0.0001403 0.0001564 0.0001613 0.0001406 0.00015075 0.0001496 0.00014355 0.00013485 0.0001485 0.00014855 0.0001382 0.00017095 0.0001663 0.00012555 0.00015165 0.0001772 0.0001584 0.0001537 0.00016275 0.0001403 0.0001485 0.0001428 0.0001072 0.00015835 0.00016195 0.00015215 0.0001428 0.000139 0.00017055 0.00013645 0.0001281 0.0001615 0.0001722 0.00013645 0.0001059 0.0001556 0.00014885 0.0001566 0.00014305 0.0001552 0.0001238 0.0001437 0.00015995 0.00016315 0.00014155 0.0001643 0.0001538 0.00016255 0.0001441 0.00015715 0.0001482 0.0001513 0.0001585 0.0001627 0.0001415 0.00013645 0.00016155 0.00015645 0.0001421 0.00016355 0.00015765 0.00014815
19 0.00014785 0.00015125 0.00015575 0.0001474 0.00015185 0.00012745 0.00014905 0.0001006 0.00016345 0.0001558 0.00015445 9.62e-05 0.00013235 0.00015235 0.000136 0.00015385 0.0001548 9.68e-05 0.0001584 0.0001575 0.0001659 0.0001496 0.0001391 0.0001532 0.00011415 0.00015085 0.00014965 0.00011895 0.0001605 0.00011415 0.00014805 0.00016645 0.00013005 0.0001108 0.00015155 0.0001692 0.00013005 0.0001481 0.00013705 0.0001227 0.00014615 0.00013515 0.00014775 0.00015445 0.00011675 0.00012205 0.0001315 0.0001557 9.865e-05 0.00014385 0.00012155 0.0001474 0.0001235 0.0001446 0.0001366 0.0001379 0.00015935 0.00011915 0.00013005 0.0001516 0.00014555 9.375e-05 0.00012385 0.0001473 0.0001601
20 0.0001226 0.0001485 0.00016035 0.00015105 0.000165 0.00016545 0.00013265 0.0001605 0.00013235 0.000139 0.0001476 0.0001734 0.000166 0.00013795 0.0001382 0.00012665 0.0001379 0.00015995 0.0001537 0.0001659 0.0001849 0.0001397 0.00014155 0.0001495 0.0001455 0.00014425 0.0001702 0.0001546 0.0001486 0.0001455 0.00013985 0.000135 0.00013525 0.0001408 0.00017065 0.00013 0.00013525 0.00014495 0.00016365 0.00015265 0.0001628 0.0001398 0.00016975 0.00016995 0.0001464 0.00017355 0.00015685 0.0001603 0.0001744 0.000161 0.00016055 0.00013735 0.00016425 0.0001576 0.00014845 0.00016425 0.00015205 0.00012875 0.00013525 0.0001707 0.000154 0.00016195 0.00016885 0.00015895 0.00013455
21 0.0001556 0.0001614 0.0001398 0.00015755 0.00016475 0.00016995 0.00015555 0.00010025 0.00016585 0.0001696 0.00013045 0.0001757 0.0001716 0.0001641 0.00014625 0.0001011 0.00015235 0.0001186 0.00016275 0.0001496 0.0001397 0.0001604 0.00016805 0.0001643 0.00016915 0.0001638 0.00015535 0.0001649 0.0001648 0.00016915 0.00016765 0.0001359 0.0001193 0.0001375 0.0001592 0.0001429 0.0001193 0.00016545 0.00011975 0.0001746 0.0001461 0.00016765 0.0001515 0.0001462 0.00014485 0.0001676 0.00017125 0.00013975 0.00018135 0.0001498 0.0001694 0.00016585 0.00014485 0.0001151 0.00014205 0.00016235 0.0001631 0.00014115 0.0001193 0.00015925 0.0001253 0.0001436 0.00017655 0.00012945 0.00016055
22 9.685e-05 0.0001254 0.00015645 0.0001267 0.0001398 0.00014005 0.0001043 0.0001432 0.00013995 0.00011545 0.0001401 0.00015085 0.00015075 0.00012445 0.0001697 0.00016915 0.00012805 0.00013945 0.0001403 0.0001391 0.00014155 0.00016805 0.0001563 0.0001263 0.00011545 0.0001223 0.0001257 0.0001441 0.00013795 0.00011545 0.00011515 0.0001628 0.0001147 0.00011755 0.00013895 0.0001567 0.0001147 0.00012155 0.00014515 0.00013315 0.00015065 0.0001164 0.00011245 0.00016085 0.0001244 0.00014385 0.00015965 0.0001564 0.00015325 0.0001321 0.00013515 0.0001025 0.00014495 0.0001537 0.00013755 0.0001294 0.0001427 0.0001213 0.0001147 0.000139 0.0001397 0.00013565 0.00013975 0.00015315 0.0001334
23 0.00011645 8.66e-05 0.00013435 0.00012675 0.0001384 0.0001589 0.0001311 0.00015065 0.00012605 0.00011625 0.0001228 0.0001613 0.00014055 0.00014915 0.00017325 0.00016605 0.0001311 0.00014775 0.0001485 0.0001532 0.0001495 0.0001643 0.0001263 0.000171 0.0001381 0.00014485 0.0001166 0.00015815 0.0001578 0.0001381 0.00013575 0.000134 0.0001307 0.0001286 8.555e-05 0.00017115 0.0001307 0.00014405 0.0001175 0.0001248 0.0001391 0.00014005 0.0001476 0.0001466 0.0001188 0.0001223 0.00016545 0.0001343 0.0001656 0.00011775 0.000154 0.00013605 0.0001384 0.00015315 0.00012095 0.00015365 0.00016415 0.00013725 0.0001307 8.565e-05 0.0001518 0.00014695 0.000162 0.0001372 0.00015155
24 0.00010135 0.00013695 0.0001567 0.00012915 0.00015405 0.00012305 0.00012675 0.0001485 0.0001479 0.00012705 0.0001423 9.03e-05 0.00012915 0.00012455 0.0001353 0.0001699 0.0001358 0.00014675 0.0001428 0.00011415 0.0001455 0.00016915 0.00011545 0.0001381 0.0001598 0.000122 0.0001593 0.00012075 0.0001565 7.99e-05 0.000126 0.0001749 0.00011435 0.0001277 0.0001591 0.0001715 0.00011435 0.0001213 0.000154 9.845e-05 0.0001407 0.00010285 0.0001595 0.00016015 0.00013265 0.00012155 0.00012945 0.00015665 8.71e-05 0.00014265 0.0001231 0.00011615 0.00015435 0.0001566 0.00013915 0.0001381 0.0001587 0.0001297 0.00011435 0.00015915 0.0001578 0.00012765 0.0001161 0.00015475 0.0001406
25 0.00010495 0.00014255 0.0001427 0.00013065 0.00015815 0.00016165 0.0001279 0.00015095 0.00014865 0.00012765 0.00014675 0.0001464 0.00014405 0.00013055 0.0001696 0.0001666 0.00012685 0.0001443 0.0001072 0.00015085 0.00014425 0.0001638 0.0001223 0.00014485 0.000122 0.0001709 0.0001608 0.0001554 0.0001591 0.000122 0.00013755 0.00017225 0.00011775 0.00013145 0.00016385 0.00017175 0.00011775 8.765e-05 0.000157 0.00014215 0.00015755 0.00012375 0.00015775 0.0001253 0.00013885 0.0001606 0.00016515 0.00014265 0.0001595 0.00013935 0.00015725 0.0001242 0.00015885 0.00014635 0.00013915 0.0001561 0.00016105 0.00013265 0.00011775 0.0001639 0.00015865 0.00014815 0.0001607 0.00015915 0.00013965
26 0.0001591 0.0001148 0.0001321 0.00013475 0.00013615 0.0001556 0.0001544 0.00014805 0.00016055 0.0001656 0.0001405 0.00015725 0.00016365 0.00015665 0.00017085 0.00016845 0.00015455 0.00014765 0.00015835 0.00014965 0.0001702 0.00015535 0.0001257 0.0001166 0.0001593 0.0001608 0.0001262 0.00015935 0.0001537 0.0001593 0.0001644 0.00012345 0.000158 0.0001496 6.32e-05 0.000173 0.000158 0.00015985 0.00010925 0.0001639 0.0001607 0.00016515 6.31e-05 0.00013925 0.0001554 0.0001083 0.00015465 0.00013205 0.00015775 0.00011565 0.00015585 0.0001615 0.00015165 0.000153 0.0001609 0.0001144 0.00015625 0.0001457 0.000158 6.315e-05 0.0001534 0.00014845 0.00016005 0.00015775 0.00015525
27 0.00015035 0.00015765 0.00016065 0.00015825 0.00016285 0.00010525 0.0001265 0.0001519 0.0001579 0.00015475 0.00016345 0.00010535 0.00013585 0.000143 0.00013935 0.00016955 0.0001583 0.0001503 0.00016195 0.00011895 0.0001546 0.0001649 0.0001441 0.00015815 0.00012075 0.0001554 0.00015935 0.0001795 0.0001235 0.00012075 0.0001522 0.0001736 0.00014915 0.0001501 0.00016755 0.00016975 0.00014915 0.00015395 0.00016175 0.00012385 0.0001463 0.00013205 0.00015115 0.00016585 0.00014835 0.000136 0.0001332 0.0001606 0.00010815 0.00016135 0.00010065 0.0001512 0.0001569 0.0001601 0.0001553 0.0001375 0.00016015 0.0001422 0.00014915 0.0001676 0.0001355 0.0001365 0.00012945 0.0001626 0.00015885
28 0.00014285 0.00015755 0.00016095 0.00015665 0.0001561 0.000121 0.000112 0.00015875 0.0001564 0.0001528 0.0001605 0.0001615 0.0001625 0.0001129 0.00016805 0.0001679 0.000155 0.0001611 0.00015215 0.0001605 0.0001486 0.0001648 0.00013795 0.0001578 0.0001565 0.0001591 0.0001537 0.0001235 0.0001582 0.0001565 0.0001522 0.0001672 0.0001554 0.00015605 0.0001612 0.00015945 0.0001554 0.0001593 0.000161 0.0001586 0.0001576 0.00015165 0.0001462 0.0001688 0.0001556 0.0001607 0.0001608 0.0001609 0.0001653 0.00016225 0.00012155 0.00014795 0.000159 0.0001577 0.000165 0.00015165 0.00015175 0.00014515 0.0001554 0.00016125 0.0001209 0.00016055 0.0001543 0.00016185 0.0001526
29 0.00010135 0.00013695 0.0001567 0.00012915 0.00015405 0.00012305 0.00012675 0.0001485 0.0001479 0.00012705 0.0001423 9.03e-05 0.00012915 0.00012455 0.0001353 0.0001699 0.0001358 0.00014675 0.0001428 0.00011415 0.0001455 0.00016915 0.00011545 0.0001381 7.99e-05 0.000122 0.0001593 0.00012075 0.0001565 0.0001598 0.000126 0.0001749 0.00011435 0.0001277 0.0001591 0.0001715 0.00011435 0.0001213 0.000154 9.845e-05 0.0001407 0.00010285 0.0001595 0.00016015 0.00013265 0.00012155 0.00012945 0.00015665 8.71e-05 0.00014265 0.0001231 0.00011615 0.00015435 0.0001566 0.00013915 0.0001381 0.0001587 0.0001297 0.00011435 0.00015915 0.0001578 0.00012765 0.0001161 0.00015475 0.0001406
30 9.945e-05 0.00013595 0.00016195 0.00013205 0.00012225 0.00014935 0.00012105 0.0001517 0.0001433 0.00011295 0.00012505 0.00015115 0.0001431 0.00012935 0.0001683 0.00016445 0.00011895 0.00014525 0.000139 0.00014805 0.00013985 0.00016765 0.00011515 0.00013575 0.000126 0.00013755 0.0001644 0.0001522 0.0001522 0.000126 0.0001598 0.000173 0.00012575 0.0001167 0.0001631 0.0001314 0.00012575 0.00013775 0.0001582 0.000131 0.0001367 0.00010615 0.0001657 0.0001658 0.0001293 0.00015855 0.0001661 0.0001619 0.000159 0.0001489 0.0001454 8.915e-05 0.0001394 0.00015395 0.00013205 0.0001351 0.00012835 0.0001291 0.00012575 0.00016315 0.00014535 0.0001394 0.0001168 0.00013725 0.00013885
31 0.00017025 0.00013265 0.00013535 0.00014725 0.00014615 0.0001698 0.00016585 0.00015595 0.00014955 0.00017055 0.000145 0.0001737 0.0001711 0.0001726 0.00013445 0.0001232 0.0001635 0.00015835 0.00017055 0.00016645 0.000135 0.0001359 0.0001628 0.000134 0.0001749 0.00017225 0.00012345 0.0001736 0.0001672 0.0001749 0.000173 0.0001832 0.0001638 0.00016255 9.17e-05 0.00013145 0.0001638 0.0001728 0.00012335 0.0001767 0.0001667 0.00017605 0.0001553 0.00014765 0.0001666 0.0001321 0.00015015 0.0001353 0.00017185 0.00013175 0.00016915 0.00017195 0.000163 0.0001569 0.0001644 0.00016615 0.0001529 0.0001658 0.0001638 9.165e-05 0.00015855 0.00016445 0.0001742 0.00016185 0.0001481
32 8.55e-05 0.00012765 0.0001361 0.0001194 0.00015315 0.00015805 0.00011095 8.765e-05 0.00014735 0.00012235 0.000105 0.000158 0.0001555 0.00012365 0.0001703 0.0001282 0.00012325 0.0001007 0.00013645 0.00013005 0.00013525 0.0001193 0.0001147 0.0001307 0.00011435 0.00011775 0.000158 0.00014915 0.0001554 0.00011435 0.00012575 0.0001638 0.0001344 9.895e-05 0.0001485 0.00016895 6.72e-05 0.0001181 0.0001079 0.00013715 0.0001339 0.00011365 0.0001675 0.00013955 0.0001105 0.00015375 0.0001718 0.00013605 0.0001634 0.00012085 0.00015325 0.00011305 0.0001337 0.00011195 0.00011205 0.00015905 0.0001619 0.0001103 6.72e-05 0.00014855 0.00011655 0.0001231 0.00016015 0.00011825 0.00013655
33 8.93e-05 0.00012645 0.0001536 0.00012965 0.00015005 0.00015715 0.0001156 8.79e-05 0.0001397 0.0001227 0.0001191 0.00016085 0.00015265 0.00013845 0.0001704 0.0001441 0.0001134 8.41e-05 0.0001281 0.0001108 0.0001408 0.0001375 0.00011755 0.0001286 0.0001277 0.00013145 0.0001496 0.0001501 0.00015605 0.0001277 0.0001167 0.00016255 9.895e-05 0.000136 0.0001496 0.00016515 9.895e-05 0.0001288 0.00012875 0.0001364 0.0001522 0.0001261 0.0001496 0.00015515 8.78e-05 0.00015485 0.0001687 0.00015355 0.00016825 0.00013315 0.00015125 0.0001225 0.00011065 0.0001333 0.00011425 0.00015245 0.00015945 9.16e-05 9.895e-05 0.00014965 0.00013125 9.025e-05 0.00016005 0.00013295 0.0001429
34 0.000157 8.39e-05 0.0001067 0.0001119 0.00011305 0.00016115 0.0001571 0.00014065 0.000163 0.00016255 0.00011475 0.00015815 0.0001632 0.00015945 0.00017145 0.00015975 0.00015805 0.0001411 0.0001615 0.00015155 0.00017065 0.0001592 0.00013895 8.555e-05 0.0001591 0.00016385 6.32e-05 0.00016755 0.0001612 0.0001591 0.0001631 9.17e-05 0.0001485 0.0001496 2e-07 0.0001724 0.0001485 0.0001629 6.94e-05 0.0001653 0.0001588 0.00016595 0.0001262 0.00011875 0.0001569 7.71e-05 0.0001575 0.00010665 0.0001592 8.195e-05 0.0001614 0.0001601 0.0001522 0.0001491 0.0001514 0.00014785 0.00016 0.0001549 0.0001485 2.5e-07 0.00014955 0.0001503 0.00016065 0.0001489 0.00015715
35 0.0001685 0.00017085 0.00016265 0.0001596 0.0001312 0.0001597 0.0001567 0.0001663 0.00015135 0.00015625 0.00015865 0.00017005 0.0001623 0.0001599 0.0001319 0.0001254 0.0001579 0.00016515 0.0001722 0.0001692 0.00013 0.0001429 0.0001567 0.00017115 0.0001715 0.00017175 0.000173 0.00016975 0.00015945 0.0001715 0.0001314 0.00013145 0.00016895 0.00016515 0.0001724 0.0001808 0.00016895 0.0001733 0.00017035 0.00017155 0.00014975 0.00015085 0.0001736 0.0001698 0.00016715 0.00017005 0.0001532 0.0001626 0.00016815 0.00017 0.00016 0.0001301 0.00015405 0.00015905 0.0001656 0.00015095 0.00011785 0.00016695 0.00016895 0.00017245 0.0001531 0.00016975 0.00013185 0.00015195 0.00014
36 8.55e-05 0.00012765 0.0001361 0.0001194 0.00015315 0.00015805 0.00011095 8.765e-05 0.00014735 0.00012235 0.000105 0.000158 0.0001555 0.00012365 0.0001703 0.0001282 0.00012325 0.0001007 0.00013645 0.00013005 0.00013525 0.0001193 0.0001147 0.0001307 0.00011435 0.00011775 0.000158 0.00014915 0.0001554 0.00011435 0.00012575 0.0001638 6.72e-05 9.895e-05 0.0001485 0.00016895 0.0001344 0.0001181 0.0001079 0.00013715 0.0001339 0.00011365 0.0001675 0.00013955 0.0001105 0.00015375 0.0001718 0.00013605 0.0001634 0.00012085 0.00015325 0.00011305 0.0001337 0.00011195 0.00011205 0.00015905 0.0001619 0.0001103 6.72e-05 0.00014855 0.00011655 0.0001231 0.00016015 0.00011825 0.00013655
37 0.0001059 0.00014175 0.00014085 0.00012875 0.0001562 0.0001602 0.0001266 0.00014925 0.00014585 0.0001298 0.0001485 0.00014345 0.000144 0.00013235 0.0001702 0.00016875 0.000129 0.00014445 0.0001059 0.0001481 0.00014495 0.00016545 0.00012155 0.00014405 0.0001213 8.765e-05 0.00015985 0.00015395 0.0001593 0.0001213 0.00013775 0.0001728 0.0001181 0.0001288 0.0001629 0.0001733 0.0001181 0.0001696 0.00015715 0.0001414 0.0001587 0.00012265 0.0001568 0.0001234 0.0001362 0.0001597 0.00016225 0.0001408 0.00015865 0.0001414 0.0001558 0.00012445 0.00015705 0.00014945 0.0001413 0.00015615 0.0001591 0.00013 0.0001181 0.00016295 0.00015875 0.0001454 0.0001608 0.0001608 0.00013775
38 0.00014485 0.00011475 0.0001125 0.00012415 0.00013235 0.00016125 0.00014925 9.055e-05 0.0001667 0.0001618 0.00010245 0.00015925 0.000164 0.00015385 0.00016945 0.0001271 0.00015215 0.00010695 0.0001556 0.00013705 0.00016365 0.00011975 0.00014515 0.0001175 0.000154 0.000157 0.00010925 0.00016175 0.000161 0.000154 0.0001582 0.00012335 0.0001079 0.00012875 6.94e-05 0.00017035 0.0001079 0.00015715 0.0001386 0.0001635 0.0001384 0.0001582 0.0001492 0.00011865 0.0001387 0.0001128 0.0001648 0.00011245 0.0001626 0.00010185 0.0001616 0.00015495 0.0001376 0.00011395 0.0001326 0.000157 0.000163 0.00014025 0.0001079 6.93e-05 0.0001193 0.00013365 0.0001624 0.00012005 0.00015735
39 0.00012005 0.0001267 0.00016065 0.00014865 0.0001585 0.0001239 0.00013895 0.0001613 0.0001302 0.0001201 0.0001477 9.46e-05 0.0001149 0.00014435 0.00013615 0.000175 0.00013765 0.00015955 0.00014885 0.0001227 0.00015265 0.0001746 0.00013315 0.0001248 9.845e-05 0.00014215 0.0001639 0.00012385 0.0001586 9.845e-05 0.000131 0.0001767 0.00013715 0.0001364 0.0001653 0.00017155 0.00013715 0.0001414 0.0001635 0.0001684 0.0001254 0.0001214 0.0001625 0.000167 0.00012265 0.00012575 0.0001303 0.0001606 9.26e-05 0.0001594 0.00012395 0.0001339 0.00014435 0.00016255 0.00012915 0.00014175 0.00016385 0.0001419 0.00013715 0.00016535 0.0001627 0.00013475 0.0001196 0.00014475 0.0001557
40 0.0001477 0.00014095 0.00014095 0.0001449 0.00014435 0.00014325 0.00015215 0.000138 0.00014885 0.00012245 0.00012365 0.0001289 0.00011115 0.000143 0.00015305 0.0001462 0.000137 0.0001476 0.0001566 0.00014615 0.0001628 0.0001461 0.00015065 0.0001391 0.0001407 0.00015755 0.0001607 0.0001463 0.0001576 0.0001407 0.0001367 0.0001667 0.0001339 0.0001522 0.0001588 0.00014975 0.0001339 0.0001587 0.0001384 0.0001254 0.0001538 0.0001303 0.0001626 0.00014455 0.00013875 0.00014195 0.00015505 0.0001409 0.00013775 0.00014675 0.00014455 0.00013745 0.00011765 0.0001228 0.00012125 0.0001335 0.0001507 0.0001601 0.0001339 0.00015885 0.0001364 0.0001547 0.0001282 9.745e-05 0.00015215
41 9.73e-05 0.0001389 0.00016055 0.00011875 0.00013905 0.0001371 0.0001149 0.00014915 0.00014615 0.00012055 0.00013575 0.00012395 0.00013335 0.0001163 0.00015745 0.00016445 0.00012965 0.0001428 0.00014305 0.00013515 0.0001398 0.00016765 0.0001164 0.00014005 0.00010285 0.00012375 0.00016515 0.00013205 0.00015165 0.00010285 0.00010615 0.00017605 0.00011365 0.0001261 0.00016595 0.00015085 0.00011365 0.00012265 0.0001582 0.0001214 0.0001303 0.0001475 0.00016435 0.00016335 0.00013105 0.00014925 0.0001536 0.0001605 0.00013595 0.00014225 0.00013385 9.63e-05 0.00014315 0.0001527 0.00013725 0.00011905 0.00014005 0.0001281 0.00011365 0.000166 0.00014425 0.00014865 0.00012215 0.0001405 0.00012655
42 0.0001612 0.00014565 0.0001575 0.0001576 0.00015925 0.00015005 0.0001517 0.00015545 0.0001581 0.00016865 0.00016625 0.00015635 0.0001641 0.00015385 0.00017025 0.00017715 0.00015105 0.0001542 0.0001552 0.00014775 0.00016975 0.0001515 0.00011245 0.0001476 0.0001595 0.00015775 6.31e-05 0.00015115 0.0001462 0.0001595 0.0001657 0.0001553 0.0001675 0.0001496 0.0001262 0.0001736 0.0001675 0.0001568 0.0001492 0.0001625 0.0001626 0.00016435 0.0 0.00015975 0.0001539 0.0001396 0.0001518 0.00015745 0.0001563 0.00014945 0.0001503 0.0001629 0.0001511 0.0001569 0.0001704 8.095e-05 0.0001525 0.0001365 0.0001675 0.00012625 0.00015725 0.0001466 0.00015945 0.0001666 0.00015335
43 0.00016095 0.0001446 0.00010585 0.0001376 0.0001388 0.00016565 0.0001644 0.00013295 0.00017015 0.00016605 0.0001201 0.00014595 0.0001513 0.0001632 0.0001681 0.0001528 0.0001551 0.0001474 0.0001238 0.00015445 0.00016995 0.0001462 0.00016085 0.0001466 0.00016015 0.0001253 0.00013925 0.00016585 0.0001688 0.00016015 0.0001658 0.00014765 0.00013955 0.00015515 0.00011875 0.0001698 0.00013955 0.0001234 0.00011865 0.000167 0.00014455 0.00016335 0.00015975 0.0001725 0.00016095 0.00013725 0.0001629 0.0001058 0.0001598 0.0001383 0.0001665 0.0001619 0.00015805 0.0001329 0.00015805 0.00016205 0.0001642 0.0001565 0.00013955 0.0001188 0.00015015 0.0001553 0.00016135 0.0001488 0.00016325
44 0.000108 0.0001188 0.00015615 0.00013855 0.0001553 0.00015505 0.00012015 0.0001005 0.00012665 0.00011485 0.0001362 0.00016025 0.0001389 0.00014505 0.0001705 0.0001508 0.0001256 9.67e-05 0.0001437 0.00011675 0.0001464 0.00014485 0.0001244 0.0001188 0.00013265 0.00013885 0.0001554 0.00014835 0.0001556 0.00013265 0.0001293 0.0001666 0.0001105 8.78e-05 0.0001569 0.00016715 0.0001105 0.0001362 0.0001387 0.00012265 0.00013875 0.00013105 0.0001539 0.00016095 0.0001612 0.0001585 0.0001688 0.0001561 0.0001678 0.00014205 0.00014915 0.00012935 0.00010345 0.0001383 0.00010715 0.0001543 0.000162 0.00010265 0.0001105 0.00015695 0.00013575 0.0001084 0.00016135 0.0001258 0.00014855
45 0.00015915 0.0001214 0.0001311 0.00013235 0.00012985 0.0001264 0.0001619 0.000149 0.0001652 0.0001634 0.00013685 9.56e-05 0.00013845 0.0001552 0.00013565 0.0001667 0.00016235 0.0001506 0.00015995 0.00012205 0.00017355 0.0001676 0.00014385 0.0001223 0.00012155 0.0001606 0.0001083 0.000136 0.0001607 0.00012155 0.00015855 0.0001321 0.00015375 0.00015485 7.71e-05 0.00017005 0.00015375 0.0001597 0.0001128 0.00012575 0.00014195 0.00014925 0.0001396 0.00013725 0.0001585 0.000154 0.00012365 0.00013105 8.835e-05 0.0001221 0.0001316 0.000156 0.0001559 0.0001565 0.00015735 0.0001372 0.00015775 0.0001594 0.00015375 7.705e-05 0.00015745 0.0001356 0.0001185 0.0001542 0.0001604
46 0.0001724 0.0001649 0.0001542 0.00015915 0.0001551 0.0001267 0.0001698 0.0001681 0.0001303 0.0001738 0.0001741 9.355e-05 0.0001372 0.0001635 0.00011505 0.0001578 0.0001665 0.0001694 0.00016315 0.0001315 0.00015685 0.00017125 0.00015965 0.00016545 0.00012945 0.00016515 0.00015465 0.0001332 0.0001608 0.00012945 0.0001661 0.00015015 0.0001718 0.0001687 0.0001575 0.0001532 0.0001718 0.00016225 0.0001648 0.0001303 0.00015505 0.0001536 0.0001518 0.0001629 0.0001688 0.00012365 0.0001746 0.00015415 8.885e-05 0.0001666 0.0001324 0.00016765 0.0001684 0.0001659 0.0001721 0.00014305 0.00012865 0.0001688 0.0001718 0.00015755 0.0001693 0.0001478 0.00012545 0.00017265 0.00012945
47 0.0001546 0.0001323 8.39e-05 0.00012065 0.00012255 0.0001604 0.00015595 0.0001342 0.0001553 0.00015735 0.0001166 0.0001517 0.00015185 0.0001588 0.00016165 0.00014635 0.00014705 0.0001497 0.00014155 0.0001557 0.0001603 0.00013975 0.0001564 0.0001343 0.00015665 0.00014265 0.00013205 0.0001606 0.0001609 0.00015665 0.0001619 0.0001353 0.00013605 0.00015355 0.00010665 0.0001626 0.00013605 0.0001408 0.00011245 0.0001606 0.0001409 0.0001605 0.00015745 0.0001058 0.0001561 0.00013105 0.00015415 0.0001677 0.0001595 0.00013315 0.00016125 0.00015765 0.0001539 0.0001277 0.00015015 0.0001614 0.0001547 0.00015455 0.00013605 0.0001067 0.0001449 0.00015485 0.0001603 0.0001431 0.00015305
48 0.00016645 0.00016445 0.00015955 0.0001561 0.00015305 9.785e-05 0.0001742 0.00016475 0.00016805 0.00017215 0.000166 3.815e-05 0.0001204 0.00015295 9.89e-05 0.000174 0.0001717 0.0001675 0.0001643 9.865e-05 0.0001744 0.00018135 0.00015325 0.0001656 8.71e-05 0.0001595 0.00015775 0.00010815 0.0001653 8.71e-05 0.000159 0.00017185 0.0001634 0.00016825 0.0001592 0.00016815 0.0001634 0.00015865 0.0001626 9.26e-05 0.00013775 0.00013595 0.0001563 0.0001598 0.0001678 8.835e-05 8.885e-05 0.0001595 2.66e-05 0.00016565 0.000108 0.0001564 0.0001673 0.0001682 0.000171 0.0001309 0.0001578 0.00016685 0.0001634 0.00015925 0.0001731 0.00012895 8.255e-05 0.0001672 0.000161
49 0.0001323 0.0001158 0.0001332 0.00011515 0.0001353 0.0001636 0.000142 0.00012615 0.00016055 0.0001323 0.00012915 0.00016095 0.00014475 0.00014025 0.0001735 0.00014995 0.00013755 0.00011025 0.0001538 0.00014385 0.000161 0.0001498 0.0001321 0.00011775 0.00014265 0.00013935 0.00011565 0.00016135 0.00016225 0.00014265 0.0001489 0.00013175 0.00012085 0.00013315 8.195e-05 0.00017 0.00012085 0.0001414 0.00010185 0.0001594 0.00014675 0.00014225 0.00014945 0.0001383 0.00014205 0.0001221 0.0001666 0.00013315 0.00016565 0.0001637 0.00015945 0.0001392 0.0001375 0.00013055 0.00012155 0.00015435 0.0001588 0.00014105 0.00012085 8.19e-05 0.00014035 0.00013805 0.00016185 0.0001313 0.0001428
50 0.00015145 0.0001542 0.0001613 0.00015765 0.0001528 9.63e-05 0.0001176 0.0001567 0.00015485 0.00014645 0.0001626 0.0001068 0.00013505 0.0001523 0.00013915 0.0001698 0.00015745 0.0001539 0.00016255 0.00012155 0.00016055 0.0001694 0.00013515 0.000154 0.0001231 0.00015725 0.00015585 0.00010065 0.00012155 0.0001231 0.0001454 0.00016915 0.00015325 0.00015125 0.0001614 0.00016 0.00015325 0.0001558 0.0001616 0.00012395 0.00014455 0.00013385 0.0001503 0.0001665 0.00014915 0.0001316 0.0001324 0.00016125 0.000108 0.00015945 0.0001824 0.000144 0.0001576 0.0001629 0.00015595 0.0001377 0.0001525 0.0001513 0.00015325 0.00016145 0.00012675 0.00013765 0.00012225 0.00016305 0.00015795
51 9.6e-05 0.00013515 0.0001577 0.0001196 0.000119 0.00014795 0.00010975 0.0001482 0.00014555 0.0001089 0.00013105 0.00015335 0.000146 0.00011665 0.00016985 0.00016315 0.00012365 0.00014175 0.0001441 0.0001474 0.00013735 0.00016585 0.0001025 0.00013605 0.00011615 0.0001242 0.0001615 0.0001512 0.00014795 0.00011615 8.915e-05 0.00017195 0.00011305 0.0001225 0.0001601 0.0001301 0.00011305 0.00012445 0.00015495 0.0001339 0.00013745 9.63e-05 0.0001629 0.0001619 0.00012935 0.000156 0.00016765 0.00015765 0.0001564 0.0001392 0.000144 0.0001528 0.00013945 0.00014935 0.00013215 0.0001348 0.00012395 0.0001262 0.00011305 0.00016015 0.00014145 0.00014515 0.00011615 0.0001373 0.00012835
52 0.0001445 0.0001384 0.00015395 0.00013715 0.0001441 0.0001574 0.0001447 0.00010265 0.00014845 0.00012575 0.00014105 0.00016075 0.0001286 0.0001438 0.000169 0.0001457 0.00013305 9.54e-05 0.00015715 0.0001235 0.00016425 0.00014485 0.00014495 0.0001384 0.00015435 0.00015885 0.00015165 0.0001569 0.000159 0.00015435 0.0001394 0.000163 0.0001337 0.00011065 0.0001522 0.00015405 0.0001337 0.00015705 0.0001376 0.00014435 0.00011765 0.00014315 0.0001511 0.00015805 0.00010345 0.0001559 0.0001684 0.0001539 0.0001673 0.0001375 0.0001576 0.00013945 0.0001648 0.00012505 0.00011145 0.00014465 0.00015 0.0001255 0.0001337 0.00015225 0.0001345 0.00011515 0.00014925 0.0001001 0.00014635
53 0.00014385 0.0001502 0.00012775 0.00013965 0.00014835 0.00016205 0.0001472 9.905e-05 0.00016035 0.0001412 0.00012395 0.00015955 0.0001398 0.00014755 0.00016635 0.0001265 0.00011295 0.00010575 0.0001482 0.0001446 0.0001576 0.0001151 0.0001537 0.00015315 0.0001566 0.00014635 0.000153 0.0001601 0.0001577 0.0001566 0.00015395 0.0001569 0.00011195 0.0001333 0.0001491 0.00015905 0.00011195 0.00014945 0.00011395 0.00016255 0.0001228 0.0001527 0.0001569 0.0001329 0.0001383 0.0001565 0.0001659 0.0001277 0.0001682 0.00013055 0.0001629 0.00014935 0.00012505 0.0001574 0.00011815 0.00015635 0.00015435 0.00013825 0.00011195 0.00014915 0.00012245 0.0001393 0.0001607 0.00010945 0.00014975
54 0.0001203 0.00012095 0.0001502 0.0001404 0.0001512 0.00016525 0.00013365 0.00011875 0.00013325 9.73e-05 0.00013885 0.00016225 0.00011685 0.0001497 0.00017265 0.0001451 0.00011365 0.00010055 0.0001513 0.0001366 0.00014845 0.00014205 0.00013755 0.00012095 0.00013915 0.00013915 0.0001609 0.0001553 0.000165 0.00013915 0.00013205 0.0001644 0.00011205 0.00011425 0.0001514 0.0001656 0.00011205 0.0001413 0.0001326 0.00012915 0.00012125 0.00013725 0.0001704 0.00015805 0.00010715 0.00015735 0.0001721 0.00015015 0.000171 0.00012155 0.00015595 0.00013215 0.00011145 0.00011815 0.0001544 0.0001624 0.0001616 0.00012915 0.00011205 0.00015145 0.0001381 0.0001282 0.00016085 0.0001059 0.0001541
55 0.0001543 0.00015265 0.00016145 0.00014545 0.00014045 0.0001365 0.00015045 0.0001576 0.00016055 0.00015815 0.00015595 0.0001236 0.0001413 0.00014085 0.0001543 0.00017035 0.0001512 0.00015365 0.0001585 0.0001379 0.00016425 0.00016235 0.0001294 0.00015365 0.0001381 0.0001561 0.0001144 0.0001375 0.00015165 0.0001381 0.0001351 0.00016615 0.00015905 0.00015245 0.00014785 0.00015095 0.00015905 0.00015615 0.000157 0.00014175 0.0001335 0.00011905 8.095e-05 0.00016205 0.0001543 0.0001372 0.00014305 0.0001614 0.0001309 0.00015435 0.0001377 0.0001348 0.00014465 0.00015635 0.0001624 0.0001619 0.0001365 0.0001454 0.00015905 0.0001479 0.0001526 0.000155 0.0001208 0.00014815 0.00014455
56 0.0001614 0.00016325 0.00015475 0.00014525 0.0001219 0.0001508 0.0001504 0.0001608 0.0001329 0.00015675 0.00016305 0.0001528 0.00015215 0.0001489 0.00015265 0.0001525 0.000153 0.0001574 0.0001627 0.00015935 0.00015205 0.0001631 0.0001427 0.00016415 0.0001587 0.00016105 0.00015625 0.00016015 0.00015175 0.0001587 0.00012835 0.0001529 0.0001619 0.00015945 0.00016 0.00011785 0.0001619 0.0001591 0.000163 0.00016385 0.0001507 0.00014005 0.0001525 0.0001642 0.000162 0.00015775 0.00012865 0.0001547 0.0001578 0.0001588 0.0001525 0.00012395 0.00015 0.00015435 0.0001616 0.0001365 0.0001798 0.00016235 0.0001619 0.00016005 0.00015085 0.00016125 0.0001247 0.0001517 0.00011705
