 slim_761998007 slim_761998045 slim_761998056 slim_761998020 slim_761998021 slim_761998059 slim_761998037 slim_761998041 slim_761998011 slim_761998016 slim_761998017 slim_761998042 slim_761998027 slim_761998033 slim_761998062 slim_761998044 slim_761998053 slim_761998032 slim_761998028 slim_761998060 slim_761998003 slim_761998009 slim_761998006 slim_761998002 slim_761998005 slim_761998057 slim_761998047 slim_761998025 slim_761998023 slim_761998010 slim_761998039 slim_761998004 slim_761998026 slim_761998014 slim_761998038 slim_761998034 slim_761998024 slim_761998013 slim_761998061 slim_761998040 slim_761998058 slim_761998012 slim_761998048 slim_761998031 slim_761998055 slim_761998019 slim_761998018 slim_761998036 slim_761998052 slim_761998050 slim_761998043 slim_761998022 slim_761998008 slim_761998054 slim_761998030 slim_761998015 slim_761998049 slim_761998051 slim_761998029 slim_761998035 slim_761998046
0 0.0001177 0.00012655 0.0001229 0.0001598 0.0001146 0.00015055 9.01e-05 0.0001504 0.00013385 0.00010345 0.0001433 0.00010475 9.275e-05 0.0001318 0.00016085 0.00010515 0.0001294 0.0001518 0.0001388 0.0001334 0.0001092 0.00010515 0.00010165 6.285e-05 8.5e-05 0.00010085 0.00016505 0.0001365 8.1e-05 0.0001411 5.89e-05 0.00010085 0.0001549 0.0001598 0.0001151 0.000129 0.000143 0.0001138 0.00013385 0.0001318 0.0001002 0.00011905 7.13e-05 8.01e-05 9.175e-05 0.0001138 0.0001173 0.00016565 0.0001504 0.0001125 0.00012425 0.00011965 0.00015135 0.0001381 0.00011395 0.0001252 0.00010885 0.00010945 0.00013045 0.0001381 0.00015135
1 0.00012655 0.0001494 0.0001504 7.475e-05 0.0001101 0.00012045 0.000131 0.0001046 0.000153 0.00011105 0.0001251 0.00010885 0.00012125 0.0001007 0.00013515 0.000138 0.00011805 0.00012265 0.0001354 0.00013485 0.0001522 0.0001501 0.0001199 0.00011985 0.00013775 0.00012085 9.1e-05 0.00014705 0.00012715 0.0001311 0.00012505 0.00012085 0.00012255 7.475e-05 0.00015235 0.0001194 0.00014625 0.00015285 0.000153 9.11e-05 0.0001523 0.0001247 0.0001207 8.81e-05 9.325e-05 0.00015285 0.0001426 9.95e-05 0.0001046 0.00010955 0.00012155 0.0001033 0.000163 0.0001089 0.0001262 7.695e-05 0.00010095 0.0001066 9.32e-05 0.0001089 0.000163
2 0.0001229 0.0001504 0.000129 0.00015455 0.0001605 0.00013235 0.00013045 0.00014435 0.00010995 0.00011345 0.0001217 0.00011065 0.000111 0.0001618 0.0001565 0.00014875 0.0001571 0.00010955 0.0001217 0.0001046 0.00016135 0.0001456 0.00012915 0.00015195 0.00013345 0.00013295 0.0001614 0.00010785 0.0001446 0.0001464 0.0001496 0.00013295 0.00015975 0.00015455 0.0001537 0.00014745 0.0001216 9.475e-05 0.00010995 0.00015725 0.00013155 0.0001459 0.00016035 0.0001487 0.00014735 9.475e-05 9.83e-05 0.00016705 0.00014435 0.00015475 0.00014735 0.0001575 0.0001447 0.0001149 0.00012855 0.00015315 0.00013855 0.00015375 0.00016 0.0001149 0.0001447
3 0.0001598 7.475e-05 0.00015455 1e-07 9.375e-05 8.99e-05 0.00015185 7.095e-05 0.0001606 0.00011845 9.285e-05 0.00014715 0.00014345 0.00011045 0.00010845 0.0001615 0.0001571 8.695e-05 0.00016 0.0001114 0.00016975 0.0001718 0.00015455 0.00015755 0.00015435 0.0001269 2.04e-05 0.00014855 0.00015655 0.00012615 0.0001571 0.0001269 8.99e-05 1e-07 0.000176 0.00015845 0.0001477 0.00015355 0.0001606 9.505e-05 0.000176 0.00016405 0.0001584 0.0001462 0.00012175 0.00015355 0.00016405 3.695e-05 7.095e-05 0.00010335 0.0001654 9.12e-05 0.00017615 7.26e-05 0.00016575 4.6e-05 0.00014485 8.62e-05 6.63e-05 7.26e-05 0.00017615
4 0.0001146 0.0001101 0.0001605 9.375e-05 0.000163 0.0001326 0.00011625 0.00012495 0.00016535 0.0001252 0.000122 0.0001444 0.00013305 0.00012055 0.00012485 0.0001249 0.00014555 0.0001312 0.0001652 0.00013955 0.00012745 0.0001368 0.00013 9.09e-05 0.00010525 0.00010845 8.76e-05 0.00015185 0.0001053 0.0001358 9.345e-05 0.00010845 0.0001137 9.375e-05 0.00013325 0.0001483 0.0001508 0.0001458 0.00016535 0.000104 0.00013195 0.00014735 9.325e-05 0.000108 0.00010965 0.0001458 0.0001525 0.00010195 0.00012495 9.905e-05 0.00014935 9.25e-05 0.0001682 0.00012815 0.0001489 9.085e-05 0.0001275 9.31e-05 8.475e-05 0.00012815 0.0001682
5 0.00015055 0.00012045 0.00013235 8.99e-05 0.0001326 0.0001797 0.000142 9.79e-05 0.0001322 0.0001348 0.0001245 0.0001465 0.00014785 0.000141 0.0001146 0.0001403 0.00016135 0.00010995 0.0001548 0.0001327 0.00015375 0.00013935 0.00014145 0.00015535 0.0001444 0.000129 9.84e-05 0.0001107 0.0001525 0.0001234 0.00015735 0.000129 0.0001187 8.985e-05 0.0001542 0.000161 0.00013235 0.0001364 0.0001322 0.00012895 0.0001242 0.0001395 0.0001637 0.0001517 0.000124 0.0001364 0.00012305 0.0001098 9.79e-05 0.00013655 0.0001385 0.00013015 0.00012225 0.00011605 0.00012325 0.0001087 0.00015255 0.0001242 0.0001172 0.00011605 0.00012225
6 9.01e-05 0.000131 0.00013045 0.00015185 0.00011625 0.000142 0.0001068 0.00015305 0.00015285 0.00012725 0.0001544 0.0001254 9.715e-05 0.000139 0.0001665 0.0001147 0.00013955 0.00014125 0.0001473 0.00014955 0.0001182 0.00010915 7.835e-05 6.455e-05 5.89e-05 8.355e-05 0.00015995 0.00014155 6.425e-05 0.0001264 5.89e-05 8.355e-05 0.00016065 0.00015185 0.0001227 0.0001429 0.00015755 9.715e-05 0.00015285 0.0001391 9.835e-05 0.0001272 7.285e-05 8.74e-05 0.00011765 9.715e-05 0.00012975 0.0001633 0.00015305 9.08e-05 0.0001394 0.00011075 0.0001649 0.00014635 0.00011075 0.0001328 9.43e-05 0.0001082 0.0001409 0.00014635 0.0001649
7 0.0001504 0.0001046 0.00014435 7.095e-05 0.00012495 9.79e-05 0.00015305 0.0001419 0.00011955 0.00012415 0.000119 0.00013585 0.0001372 0.00013445 0.0001049 0.0001255 0.00015455 0.0001179 0.00015015 0.0001272 0.00015805 0.00013715 0.0001525 0.0001552 0.00015545 0.00014005 8.77e-05 0.0001239 0.00015575 0.00010555 0.0001572 0.00014005 0.0001107 7.1e-05 0.00014455 0.0001542 0.0001197 0.0001496 0.0001195 0.0001213 0.0001479 0.0001247 0.00015605 0.0001389 0.0001112 0.0001496 0.00013405 0.0001002 7.095e-05 0.0001289 0.00012445 0.0001225 0.0001054 0.00010235 0.0001343 9.285e-05 0.0001419 0.000121 0.00010955 0.00010235 0.00010545
8 0.00013385 0.000153 0.00010995 0.0001606 0.00016535 0.0001322 0.00015285 0.00011955 0.0001365 0.0001109 0.0001199 0.00010675 0.00010915 0.0001618 0.00012 0.0001137 0.00016025 0.0001524 0.00011525 0.0001051 0.0001549 0.0001164 0.0001501 0.0001619 0.0001574 0.00015465 0.0001661 9.9e-05 0.00015665 0.0001102 0.00016175 0.00015465 0.00014725 0.0001606 0.0001278 0.00015665 8.76e-05 0.00011205 6.83e-05 0.0001585 0.00013725 0.00010815 0.00016385 0.00014935 0.00013205 0.00011205 0.0001216 0.0001699 0.00011955 0.0001579 0.00010615 0.00016075 6.83e-05 0.00011445 0.0001258 0.0001571 0.0001341 0.00016565 0.0001626 0.00011445 6.835e-05
9 0.00010345 0.00011105 0.00011345 0.00011845 0.0001252 0.0001348 0.00012725 0.00012415 0.0001109 0.0001468 0.00010715 8.845e-05 8.735e-05 0.0001235 0.0001447 0.00012895 0.00013755 0.0001359 0.00011515 0.00010715 0.00014805 0.0001409 0.0001279 0.00011645 0.00013135 0.00011335 0.0001297 0.0001123 0.0001219 0.0001405 0.0001214 0.00011335 0.0001381 0.00011845 0.00014435 0.00013555 0.00011275 0.0001134 0.0001109 0.0001223 0.00014235 0.0001274 0.000118 0.0001016 8.87e-05 0.0001134 0.00012875 0.0001315 0.00012415 0.0001284 0.000126 0.0001211 0.0001484 9.595e-05 0.0001287 9.595e-05 0.00010235 0.000126 0.0001072 9.595e-05 0.0001484
10 0.0001433 0.0001251 0.0001217 9.285e-05 0.000122 0.0001245 0.0001544 0.000119 0.0001199 0.00010715 0.0001738 0.00012205 0.0001211 0.0001372 0.00011995 0.000155 0.0001644 0.00012175 0.0001294 8.69e-05 0.0001637 0.00015965 0.0001549 0.00015985 0.0001553 0.0001405 8.99e-05 0.00012155 0.00015575 0.000137 0.0001617 0.0001405 0.00011605 9.285e-05 0.0001646 0.0001624 0.00012175 0.0001203 0.0001199 0.00012215 0.00016135 0.0001565 0.0001629 0.00015535 0.00014175 0.0001203 0.00015115 0.00010555 0.000119 0.0001284 0.0001545 0.00012105 0.0001529 8.99e-05 0.00015805 0.00011015 0.00014035 0.0001297 0.0001072 8.99e-05 0.0001529
11 0.00010475 0.00010885 0.00011065 0.00014715 0.0001444 0.0001465 0.0001254 0.00013585 0.00010675 8.845e-05 0.00012205 0.0001408 8.385e-05 0.00012395 0.00015845 0.0001291 0.0001183 0.0001489 9.715e-05 0.0001088 0.0001512 0.0001384 0.0001121 0.0001213 0.0001343 0.00013005 0.00016045 0.0001189 0.00012265 0.00013575 0.00012435 0.00013005 0.00015485 0.00014715 0.00014435 0.0001164 0.0001192 0.00011205 0.00010675 0.0001222 0.0001425 0.000111 0.00012285 8.71e-05 0.0001026 0.00011205 0.00012475 0.00016225 0.00013585 0.00013245 0.0001068 0.00013545 0.0001431 0.0001088 0.0001123 0.00012685 8.38e-05 0.00014315 0.00014015 0.0001088 0.0001431
12 9.275e-05 0.00012125 0.000111 0.00014345 0.00013305 0.00014785 9.715e-05 0.0001372 0.00010915 8.735e-05 0.0001211 8.385e-05 0.0001376 0.0001346 0.0001615 0.0001211 0.0001347 0.00014825 0.0001105 0.00010525 0.0001407 0.00012755 0.00010885 9.885e-05 0.00010905 0.0001157 0.00015845 0.00012415 9.73e-05 0.00012485 9.91e-05 0.0001157 0.0001554 0.00014345 0.00013565 0.0001338 0.00012375 9.72e-05 0.00010915 0.00013625 0.0001345 0.00011815 0.0001004 9.01e-05 0.0001055 9.72e-05 0.00012915 0.00016025 0.0001372 0.00010855 0.00012425 0.00012115 0.0001495 0.00010615 0.00011945 0.0001247 8.385e-05 0.0001301 0.0001397 0.00010615 0.0001495
13 0.0001318 0.0001007 0.0001618 0.00011045 0.00012055 0.000141 0.000139 0.00013445 0.0001618 0.0001235 0.0001372 0.00012395 0.0001346 0.0001792 0.00014195 0.00014515 0.0001267 0.0001426 0.0001435 0.00014855 0.0001357 0.0001517 0.00012785 0.0001235 0.00014485 0.00012795 0.0001139 0.0001552 0.00013455 0.00014725 0.0001303 0.00012795 0.0001285 0.00011045 0.00015195 0.00012795 0.00015285 0.0001616 0.0001618 0.0001041 0.00015325 0.0001328 0.00012455 0.0001016 0.00010665 0.0001616 0.0001527 0.0001 0.00013445 0.0001225 0.0001307 0.00011465 0.0001665 0.0001338 0.00013525 0.0001002 0.00011535 0.0001227 0.00010365 0.0001338 0.0001665
14 0.00016085 0.00013515 0.0001565 0.00010845 0.00012485 0.0001146 0.0001665 0.0001049 0.00012 0.0001447 0.00011995 0.00015845 0.0001615 0.00014195 0.0001694 0.00012495 0.00016705 0.0001346 0.00016105 0.0001326 0.00015075 0.0001275 0.00016595 0.0001612 0.00016515 0.00014975 9.655e-05 0.00012815 0.00016475 0.00011165 0.00016765 0.00014975 0.00010865 0.00010845 0.00013235 0.0001666 0.00011565 0.0001603 0.00011995 0.0001233 0.0001421 0.0001279 0.00016395 0.0001605 0.00013325 0.0001603 0.0001443 0.0001129 0.0001049 0.00013705 0.0001247 0.0001262 8.475e-05 0.00013185 0.0001458 0.00012135 0.0001638 0.00013595 0.0001095 0.00013185 8.48e-05
15 0.00010515 0.000138 0.00014875 0.0001615 0.0001249 0.0001403 0.0001147 0.0001255 0.0001137 0.00012895 0.000155 0.0001291 0.0001211 0.00014515 0.00012495 0.0001671 0.0001414 0.00016185 0.00015105 0.00015775 0.00011865 9.355e-05 0.0001252 9.295e-05 0.00010735 0.0001226 0.00016385 0.00012935 0.0001062 0.000109 9.35e-05 0.0001226 0.00014495 0.0001615 9.645e-05 0.00014255 0.0001167 0.00013755 0.00011375 0.00014035 0.00010785 9.9e-05 9.42e-05 0.000102 9.995e-05 0.00013755 0.00012295 0.0001663 0.0001255 0.00012855 0.000101 0.0001322 8.36e-05 0.0001527 0.00011665 0.0001378 0.00012125 0.00012905 0.00014015 0.0001527 8.365e-05
16 0.0001294 0.00011805 0.0001571 0.0001571 0.00014555 0.00016135 0.00013955 0.00015455 0.00016025 0.00013755 0.0001644 0.0001183 0.0001347 0.0001267 0.00016705 0.0001414 0.0001579 0.0001621 0.00011835 0.00016425 0.0001499 0.0001502 0.00012565 0.0001232 0.00014365 0.00014245 0.00016415 0.00016095 0.00013175 0.0001549 0.0001287 0.00014245 0.00015965 0.0001571 0.00014335 8.685e-05 0.0001592 0.0001626 0.00016025 0.0001252 0.0001504 0.00012645 0.0001179 9.52e-05 0.0001172 0.0001626 0.00014515 0.00016335 0.00015455 0.000141 0.00012285 0.0001414 0.00016285 0.0001574 0.00012775 0.0001373 0.00011215 0.00014615 0.00014435 0.0001574 0.00016285
17 0.0001518 0.00012265 0.00010955 8.695e-05 0.0001312 0.00010995 0.00014125 0.0001179 0.0001524 0.0001359 0.00012175 0.0001489 0.00014825 0.0001426 0.0001346 0.00016185 0.0001621 0.0001738 0.00015715 0.00012765 0.0001657 0.0001608 0.0001421 0.0001576 0.00014205 0.00012895 9.545e-05 0.00013315 0.00015425 0.00014445 0.0001574 0.00012895 0.0001291 8.695e-05 0.0001659 0.0001557 0.00014485 0.0001327 0.0001524 0.00013115 0.0001458 0.0001638 0.000166 0.00015755 0.00014585 0.0001327 0.00012125 0.00010685 0.0001179 0.0001369 0.00016365 0.00013035 0.0001652 0.0001133 0.0001476 0.0001096 0.00015555 0.0001228 0.0001181 0.0001133 0.0001652
18 0.0001388 0.0001354 0.0001217 0.00016 0.0001652 0.0001548 0.0001473 0.00015015 0.00011525 0.00011515 0.0001294 9.715e-05 0.0001105 0.0001435 0.00016105 0.00015105 0.00011835 0.00015715 0.0001673 0.00011615 0.0001652 0.00015525 0.000134 0.00015635 0.0001562 0.00015195 0.0001676 0.0001274 0.0001491 0.00014405 0.0001594 0.00015195 0.0001604 0.00016 0.00015505 0.00011645 0.0001277 0.0001205 0.00011525 0.000143 0.00015935 0.000133 0.00015175 0.0001273 0.00014275 0.0001205 0.00014605 0.00016815 0.00015015 0.00015325 0.00012805 0.00015625 0.00014685 0.00012185 0.0001343 0.00015335 0.0001124 0.00016455 0.00016095 0.00012185 0.00014685
19 0.0001334 0.00013485 0.0001046 0.0001114 0.00013955 0.0001327 0.00014955 0.0001272 0.0001051 0.00010715 8.69e-05 0.0001088 0.00010525 0.00014855 0.0001326 0.00015775 0.00016425 0.00012765 0.00011615 0.0001189 0.000165 0.00015585 0.0001498 0.0001675 0.0001564 0.0001515 0.0001129 0.0001295 0.00015745 0.0001338 0.0001628 0.0001515 0.00012725 0.0001114 0.00016825 0.0001591 0.0001306 0.00010385 0.0001051 0.00013635 0.0001641 0.0001526 0.00017055 0.00015965 0.0001544 0.00010385 0.0001467 0.00012855 0.0001272 0.0001263 0.0001539 0.00013265 0.00015075 8.545e-05 0.00015415 0.00013315 0.0001387 0.0001428 0.00013465 8.545e-05 0.00015075
20 0.0001092 0.0001522 0.00016135 0.00016975 0.00012745 0.00015375 0.0001182 0.00015805 0.0001549 0.00014805 0.0001637 0.0001512 0.0001407 0.0001357 0.00015075 0.00011865 0.0001499 0.0001657 0.0001652 0.000165 0.000162 0.000115 0.0001312 9.285e-05 0.00010915 0.0001256 0.00016465 0.0001511 0.00010835 0.00014455 9.17e-05 0.0001256 0.00012595 0.00016975 0.00012525 0.00015105 0.00015825 0.0001455 0.0001549 0.0001471 0.0001095 0.0001382 0.00010145 0.00011965 0.0001224 0.0001455 0.00014145 0.0001509 0.00015805 0.0001328 0.00013955 0.00013645 0.0001419 0.00016885 0.00013605 0.000149 0.000139 0.0001255 0.0001439 0.00016885 0.0001419
21 0.00010515 0.0001501 0.0001456 0.0001718 0.0001368 0.00013935 0.00010915 0.00013715 0.0001164 0.0001409 0.00015965 0.0001384 0.00012755 0.0001517 0.0001275 9.355e-05 0.0001502 0.0001608 0.00015525 0.00015585 0.000115 0.0001683 0.00011965 9.95e-05 0.0001073 0.00012255 0.0001713 0.00013215 0.0001072 0.0001134 9.345e-05 0.00012255 0.0001508 0.0001718 0.00010115 0.00015085 0.00012585 0.00013025 0.00011635 0.0001496 9.865e-05 0.0001034 0.00010825 0.00011855 0.0001161 0.00013025 0.0001233 0.0001739 0.00013715 0.0001284 0.0001076 0.0001386 8.42e-05 0.0001602 0.00011465 0.00015255 0.0001316 0.0001311 0.00015205 0.0001602 8.425e-05
22 0.00010165 0.0001199 0.00012915 0.00015455 0.00013 0.00014145 7.835e-05 0.0001525 0.0001501 0.0001279 0.0001549 0.0001121 0.00010885 0.00012785 0.00016595 0.0001252 0.00012565 0.0001421 0.000134 0.0001498 0.0001312 0.00011965 0.0001564 8.94e-05 8.37e-05 9.745e-05 0.00016265 0.0001388 8.915e-05 0.00013695 8.37e-05 9.745e-05 0.0001626 0.00015455 0.0001333 0.000128 0.0001549 0.0001087 0.0001501 0.00012795 0.00010885 0.00011975 9.77e-05 8.74e-05 0.00011725 0.0001087 0.00012735 0.000166 0.0001525 0.0001114 0.00012505 0.0001246 0.0001611 0.00014685 0.0001033 0.00013565 9.44e-05 0.00012195 0.00014375 0.00014685 0.0001611
23 6.285e-05 0.00011985 0.00015195 0.00015755 9.09e-05 0.00015535 6.455e-05 0.0001552 0.0001619 0.00011645 0.00015985 0.0001213 9.885e-05 0.0001235 0.0001612 9.295e-05 0.0001232 0.0001576 0.00015635 0.0001675 9.285e-05 9.95e-05 8.94e-05 4.52e-05 5.735e-05 8.22e-05 0.00015835 0.00014945 4.685e-05 0.0001327 2.92e-05 8.22e-05 0.0001511 0.00015755 0.00010165 0.00012755 0.0001547 0.0001264 0.0001619 0.00012065 8.8e-05 0.00011805 3.11e-05 5.245e-05 8.18e-05 0.0001264 0.00012925 0.00015895 0.0001552 9.01e-05 0.0001246 9.805e-05 0.0001632 0.0001591 0.00011295 0.00011495 8.725e-05 9.02e-05 0.00011575 0.0001591 0.0001632
24 8.5e-05 0.00013775 0.00013345 0.00015435 0.00010525 0.0001444 5.89e-05 0.00015545 0.0001574 0.00013135 0.0001553 0.0001343 0.00010905 0.00014485 0.00016515 0.00010735 0.00014365 0.00014205 0.0001562 0.0001564 0.00010915 0.0001073 8.37e-05 5.735e-05 9.48e-05 8.125e-05 0.0001587 0.00014015 6.42e-05 0.00013595 4.74e-05 8.125e-05 0.0001576 0.00015435 0.00011585 0.0001475 0.00015665 9.755e-05 0.0001574 0.0001421 9.1e-05 0.0001367 6.565e-05 9.42e-05 0.00012065 9.755e-05 0.00013045 0.00016205 0.00015545 0.0001022 0.00014605 0.0001167 0.0001672 0.000151 0.00012025 0.00013475 0.0001083 0.00010095 0.0001391 0.000151 0.0001672
25 0.00010085 0.00012085 0.00013295 0.0001269 0.00010845 0.000129 8.355e-05 0.00014005 0.00015465 0.00011335 0.0001405 0.00013005 0.0001157 0.00012795 0.00014975 0.0001226 0.00014245 0.00012895 0.00015195 0.0001515 0.0001256 0.00012255 9.745e-05 8.22e-05 8.125e-05 0.0001625 0.00013125 0.00012975 8.89e-05 0.0001421 8.125e-05 8.125e-05 0.0001434 0.0001269 0.00013145 0.0001447 0.0001466 0.0001134 0.00015465 0.0001252 0.00010625 0.0001365 9.05e-05 9.895e-05 0.0001009 0.0001134 0.0001294 0.0001346 0.00014005 0.0001107 0.0001412 0.00011075 0.00016385 0.0001362 0.00012005 0.0001041 0.00011285 0.00010415 0.00010845 0.0001362 0.00016385
26 0.00016505 9.1e-05 0.0001614 2.04e-05 8.76e-05 9.84e-05 0.00015995 8.77e-05 0.0001661 0.0001297 8.99e-05 0.00016045 0.00015845 0.0001139 9.655e-05 0.00016385 0.00016415 9.545e-05 0.0001676 0.0001129 0.00016465 0.0001713 0.00016265 0.00015835 0.0001587 0.00013125 4.07e-05 0.0001496 0.0001602 0.0001323 0.00016235 0.00013125 8.365e-05 2.04e-05 0.00017255 0.0001654 0.0001487 0.00016105 0.0001661 9.1e-05 0.0001711 0.00017015 0.0001607 0.00015635 0.00013235 0.00016105 0.00016895 4.275e-05 8.77e-05 0.00010545 0.0001692 8.885e-05 0.00017275 8.995e-05 0.0001719 6.02e-05 0.00015745 9.31e-05 6.02e-05 8.995e-05 0.00017275
27 0.0001365 0.00014705 0.00010785 0.00014855 0.00015185 0.0001107 0.00014155 0.0001239 9.9e-05 0.0001123 0.00012155 0.0001189 0.00012415 0.0001552 0.00012815 0.00012935 0.00016095 0.00013315 0.0001274 0.0001295 0.0001511 0.00013215 0.0001388 0.00014945 0.00014015 0.00012975 0.0001496 0.0001456 0.0001466 0.00013195 0.00015585 0.00012975 0.00014165 0.00014855 0.00014325 0.0001605 9.465e-05 0.0001099 9.9e-05 0.00014815 0.00011235 0.00013015 0.0001585 0.0001464 0.00012365 0.0001099 0.00011065 0.00015435 0.0001239 0.0001641 0.0001248 0.00015325 0.0001056 0.0001205 0.0001137 0.0001404 0.0001371 0.0001502 0.0001415 0.0001205 0.0001056
28 8.1e-05 0.00012715 0.0001446 0.00015655 0.0001053 0.0001525 6.425e-05 0.00015575 0.00015665 0.0001219 0.00015575 0.00012265 9.73e-05 0.00013455 0.00016475 0.0001062 0.00013175 0.00015425 0.0001491 0.00015745 0.00010835 0.0001072 8.915e-05 4.685e-05 6.42e-05 8.89e-05 0.0001602 0.0001466 9.34e-05 0.00013015 4.775e-05 8.89e-05 0.00015755 0.00015655 0.00011435 0.00013555 0.0001549 0.00011475 0.00015665 0.0001308 9.755e-05 0.0001242 5.52e-05 7.23e-05 0.00010305 0.00011475 0.00013575 0.00016455 0.00015575 9.195e-05 0.00013355 0.00010525 0.0001656 0.00015215 0.00011555 0.00012635 8.75e-05 0.0001016 0.00013 0.00015215 0.0001656
29 0.0001411 0.0001311 0.0001464 0.00012615 0.0001358 0.0001234 0.0001264 0.00010555 0.0001102 0.0001405 0.000137 0.00013575 0.00012485 0.00014725 0.00011165 0.000109 0.0001549 0.00014445 0.00014405 0.0001338 0.00014455 0.0001134 0.00013695 0.0001327 0.00013595 0.0001421 0.0001323 0.00013195 0.00013015 0.0001694 0.00013755 0.0001421 0.0001322 0.00012615 0.00012135 0.00015555 0.00011865 0.00013725 0.0001102 0.00013725 0.0001334 0.00010745 0.00013395 0.00012775 0.0001296 0.00013725 0.000137 0.0001428 0.00010555 0.00011715 0.0001124 0.0001262 8.48e-05 0.0001309 0.00012535 0.0001358 0.00012535 0.00013615 0.00014195 0.0001309 8.47e-05
30 5.89e-05 0.00012505 0.0001496 0.0001571 9.345e-05 0.00015735 5.89e-05 0.0001572 0.00016175 0.0001214 0.0001617 0.00012435 9.91e-05 0.0001303 0.00016765 9.35e-05 0.0001287 0.0001574 0.0001594 0.0001628 9.17e-05 9.345e-05 8.37e-05 2.92e-05 4.74e-05 8.125e-05 0.00016235 0.00015585 4.775e-05 0.00013755 3.85e-05 8.125e-05 0.00015585 0.0001571 0.00010205 0.00013255 0.000161 0.00011575 0.00016175 0.0001303 8.85e-05 0.00012285 3.755e-05 6.605e-05 9.25e-05 0.00011575 0.0001315 0.00016295 0.0001572 9.04e-05 0.00013225 0.0001049 0.00016765 0.0001565 0.00011775 0.00012205 9.53e-05 8.825e-05 0.0001273 0.0001565 0.00016765
31 0.00010085 0.00012085 0.00013295 0.0001269 0.00010845 0.000129 8.355e-05 0.00014005 0.00015465 0.00011335 0.0001405 0.00013005 0.0001157 0.00012795 0.00014975 0.0001226 0.00014245 0.00012895 0.00015195 0.0001515 0.0001256 0.00012255 9.745e-05 8.22e-05 8.125e-05 8.125e-05 0.00013125 0.00012975 8.89e-05 0.0001421 8.125e-05 0.0001625 0.0001434 0.0001269 0.00013145 0.0001447 0.0001466 0.0001134 0.00015465 0.0001252 0.00010625 0.0001365 9.05e-05 9.895e-05 0.0001009 0.0001134 0.0001294 0.0001346 0.00014005 0.0001107 0.0001412 0.00011075 0.00016385 0.0001362 0.00012005 0.0001041 0.00011285 0.00010415 0.00010845 0.0001362 0.00016385
32 0.0001549 0.00012255 0.00015975 8.99e-05 0.0001137 0.0001187 0.00016065 0.0001107 0.00014725 0.0001381 0.00011605 0.00015485 0.0001554 0.0001285 0.00010865 0.00014495 0.00015965 0.0001291 0.0001604 0.00012725 0.00012595 0.0001508 0.0001626 0.0001511 0.0001576 0.0001434 8.365e-05 0.00014165 0.00015755 0.0001322 0.00015585 0.0001434 0.0001549 8.99e-05 0.0001577 0.0001592 0.00014325 0.00016 0.00014725 0.00011635 0.0001512 0.0001521 0.000156 0.00015135 0.0001289 0.00016 0.00015345 9.35e-05 0.0001107 0.0001276 0.00014885 0.00011675 0.00013985 0.0001223 0.00015585 0.00010575 0.00015585 0.0001224 9.955e-05 0.0001223 0.00013985
33 0.0001598 7.475e-05 0.00015455 1e-07 9.375e-05 8.985e-05 0.00015185 7.1e-05 0.0001606 0.00011845 9.285e-05 0.00014715 0.00014345 0.00011045 0.00010845 0.0001615 0.0001571 8.695e-05 0.00016 0.0001114 0.00016975 0.0001718 0.00015455 0.00015755 0.00015435 0.0001269 2.04e-05 0.00014855 0.00015655 0.00012615 0.0001571 0.0001269 8.99e-05 1e-07 0.000176 0.00015845 0.0001477 0.00015355 0.0001606 9.505e-05 0.000176 0.00016405 0.0001584 0.0001462 0.00012175 0.00015355 0.00016405 3.695e-05 7.1e-05 0.00010335 0.0001654 9.12e-05 0.00017615 7.26e-05 0.00016575 4.6e-05 0.00014485 8.62e-05 6.63e-05 7.26e-05 0.00017615
34 0.0001151 0.00015235 0.0001537 0.000176 0.00013325 0.0001542 0.0001227 0.00014455 0.0001278 0.00014435 0.0001646 0.00014435 0.00013565 0.00015195 0.00013235 9.645e-05 0.00014335 0.0001659 0.00015505 0.00016825 0.00012525 0.00010115 0.0001333 0.00010165 0.00011585 0.00013145 0.00017255 0.00014325 0.00011435 0.00012135 0.00010205 0.00013145 0.0001577 0.000176 0.0001713 0.0001403 0.00011995 0.0001473 0.00012785 0.0001489 0.00011625 0.00011135 9.44e-05 0.000116 0.000119 0.0001473 0.00013155 0.00017385 0.00014455 0.00013595 0.00011405 0.00014005 9.55e-05 0.0001681 0.0001297 0.0001523 0.00013475 0.00013805 0.00014885 0.0001681 9.555e-05
35 0.000129 0.0001194 0.00014745 0.00015845 0.0001483 0.000161 0.0001429 0.0001542 0.00015665 0.00013555 0.0001624 0.0001164 0.0001338 0.00012795 0.0001666 0.00014255 8.685e-05 0.0001557 0.00011645 0.0001591 0.00015105 0.00015085 0.000128 0.00012755 0.0001475 0.0001447 0.0001654 0.0001605 0.00013555 0.00015555 0.00013255 0.0001447 0.0001592 0.00015845 0.0001403 0.0001606 0.00015455 0.0001617 0.00015665 0.00012645 0.00015155 0.00012715 0.00012225 9.8e-05 0.00011675 0.0001617 0.00013705 0.0001646 0.0001542 0.00014435 0.0001225 0.0001436 0.0001608 0.0001555 0.00012845 0.00013855 0.0001145 0.000149 0.0001455 0.0001555 0.0001608
36 0.000143 0.00014625 0.0001216 0.0001477 0.0001508 0.00013235 0.00015755 0.0001197 8.76e-05 0.00011275 0.00012175 0.0001192 0.00012375 0.00015285 0.00011565 0.0001167 0.0001592 0.00014485 0.0001277 0.0001306 0.00015825 0.00012585 0.0001549 0.0001547 0.00015665 0.0001466 0.0001487 9.465e-05 0.0001549 0.00011865 0.000161 0.0001466 0.00014325 0.0001477 0.00011995 0.00015455 0.0001447 0.00012765 8.765e-05 0.0001473 0.00014025 0.00011705 0.00015665 0.00014545 0.00012775 0.00012765 0.0001271 0.00015255 0.0001197 0.0001621 0.00011245 0.0001517 8.15e-05 0.00012075 0.0001347 0.00013975 0.00013565 0.0001556 0.0001408 0.00012075 8.155e-05
37 0.0001138 0.00015285 9.475e-05 0.00015355 0.0001458 0.0001364 9.715e-05 0.0001496 0.00011205 0.0001134 0.0001203 0.00011205 9.72e-05 0.0001616 0.0001603 0.00013755 0.0001626 0.0001327 0.0001205 0.00010385 0.0001455 0.00013025 0.0001087 0.0001264 9.755e-05 0.0001134 0.00016105 0.0001099 0.00011475 0.00013725 0.00011575 0.0001134 0.00016 0.00015355 0.0001473 0.0001617 0.00012765 0.0001442 0.00011205 0.00016035 0.0001205 0.00014595 0.0001354 0.00014165 0.00015285 7.21e-05 0.0001292 0.00016575 0.0001496 0.00013165 0.0001513 0.00014535 0.000152 0.00011285 0.0001295 0.00015415 0.00012125 0.00013765 0.00016165 0.0001128 0.000152
38 0.00013385 0.000153 0.00010995 0.0001606 0.00016535 0.0001322 0.00015285 0.0001195 6.83e-05 0.0001109 0.0001199 0.00010675 0.00010915 0.0001618 0.00011995 0.00011375 0.00016025 0.0001524 0.00011525 0.0001051 0.0001549 0.00011635 0.0001501 0.0001619 0.0001574 0.00015465 0.0001661 9.9e-05 0.00015665 0.0001102 0.00016175 0.00015465 0.00014725 0.0001606 0.00012785 0.00015665 8.765e-05 0.00011205 0.0001365 0.0001585 0.00013725 0.00010815 0.00016385 0.00014935 0.00013205 0.00011205 0.0001216 0.0001699 0.0001195 0.0001579 0.0001062 0.00016075 6.83e-05 0.00011445 0.0001258 0.0001571 0.0001341 0.00016565 0.0001626 0.00011445 6.835e-05
39 0.0001318 9.11e-05 0.00015725 9.505e-05 0.000104 0.00012895 0.0001391 0.0001213 0.0001585 0.0001223 0.00012215 0.0001222 0.00013625 0.0001041 0.0001233 0.00014035 0.0001252 0.00013115 0.000143 0.00013635 0.0001471 0.0001496 0.00012795 0.00012065 0.0001421 0.0001252 9.1e-05 0.00014815 0.0001308 0.00013725 0.0001303 0.0001252 0.00011635 9.505e-05 0.0001489 0.00012645 0.0001473 0.00016035 0.0001585 0.0001738 0.0001474 0.00013085 0.000123 9.835e-05 0.00010385 0.00016035 0.0001475 0.0001053 0.0001213 0.00011165 0.0001254 0.00010095 0.0001596 0.00012625 0.0001324 9.115e-05 0.0001136 0.0001135 8.71e-05 0.00012625 0.0001596
40 0.0001002 0.0001523 0.00013155 0.000176 0.00013195 0.0001242 9.835e-05 0.0001479 0.00013725 0.00014235 0.00016135 0.0001425 0.0001345 0.00015325 0.0001421 0.00010785 0.0001504 0.0001458 0.00015935 0.0001641 0.0001095 9.865e-05 0.00010885 8.8e-05 9.1e-05 0.00010625 0.0001711 0.00011235 9.755e-05 0.0001334 8.85e-05 0.00010625 0.0001512 0.000176 0.00011625 0.00015155 0.00014025 0.0001205 0.00013725 0.0001474 0.0001447 0.0001232 0.00010385 0.0001161 0.00011405 0.0001205 0.0001067 0.0001746 0.0001479 0.0001356 0.00012445 0.00013925 0.00011795 0.0001663 0.00010035 0.0001521 0.00013465 0.00012415 0.0001472 0.0001663 0.00011795
41 0.00011905 0.0001247 0.0001459 0.00016405 0.00014735 0.0001395 0.0001272 0.0001247 0.00010815 0.0001274 0.0001565 0.000111 0.00011815 0.0001328 0.0001279 9.9e-05 0.00012645 0.0001638 0.000133 0.0001526 0.0001382 0.0001034 0.00011975 0.00011805 0.0001367 0.0001365 0.00017015 0.00013015 0.0001242 0.00010745 0.00012285 0.0001365 0.0001521 0.00016405 0.00011135 0.00012715 0.00011705 0.00014595 0.00010815 0.00013085 0.0001232 0.0001588 0.0001193 9.51e-05 9.87e-05 0.00014595 0.0001215 0.0001726 0.0001247 0.0001308 8.44e-05 0.0001378 7.95e-05 0.00015045 9.715e-05 0.00014105 0.00010725 0.00014775 0.00014715 0.00015045 7.94e-05
42 7.13e-05 0.0001207 0.00016035 0.0001584 9.325e-05 0.0001637 7.285e-05 0.00015605 0.00016385 0.000118 0.0001629 0.00012285 0.0001004 0.00012455 0.00016395 9.42e-05 0.0001179 0.000166 0.00015175 0.00017055 0.00010145 0.00010825 9.77e-05 3.11e-05 6.565e-05 9.05e-05 0.0001607 0.0001585 5.52e-05 0.00013395 3.755e-05 9.05e-05 0.000156 0.0001584 9.44e-05 0.00012225 0.00015665 0.0001354 0.00016385 0.000123 0.00010385 0.0001193 4.69e-05 5.33e-05 8.265e-05 0.0001354 0.00013765 0.00016 0.00015605 9.245e-05 0.00012655 0.0001004 0.00016485 0.00016065 0.0001213 0.0001158 8.88e-05 9.855e-05 0.0001181 0.00016065 0.00016485
43 8.01e-05 8.81e-05 0.0001487 0.0001462 0.000108 0.0001517 8.74e-05 0.0001389 0.00014935 0.0001016 0.00015535 8.71e-05 9.01e-05 0.0001016 0.0001605 0.000102 9.52e-05 0.00015755 0.0001273 0.00015965 0.00011965 0.00011855 8.74e-05 5.245e-05 9.42e-05 9.895e-05 0.00015635 0.0001464 7.23e-05 0.00012775 6.605e-05 9.895e-05 0.00015135 0.0001462 0.000116 9.8e-05 0.00014545 0.00014165 0.00014935 9.835e-05 0.0001161 9.51e-05 5.33e-05 5.99e-05 6.335e-05 0.00014165 0.00012425 0.0001568 0.0001389 9.735e-05 9.49e-05 0.0001011 0.00015445 0.00014525 9.64e-05 0.0001026 6.135e-05 0.0001106 0.00011275 0.00014525 0.00015445
44 9.175e-05 9.325e-05 0.00014735 0.00012175 0.00010965 0.000124 0.00011765 0.0001112 0.00013205 8.87e-05 0.00014175 0.0001026 0.0001055 0.00010665 0.00013325 9.995e-05 0.0001172 0.00014585 0.00014275 0.0001544 0.0001224 0.0001161 0.00011725 8.18e-05 0.00012065 0.0001009 0.00013235 0.00012365 0.00010305 0.0001296 9.25e-05 0.0001009 0.0001289 0.00012175 0.000119 0.00011675 0.00012775 0.00015285 0.00013205 0.00010385 0.00011405 9.87e-05 8.265e-05 6.335e-05 7.36e-05 0.00015285 0.0001093 0.0001328 0.0001112 0.00011745 9.675e-05 0.00010665 0.0001235 0.0001312 0.0001 7.93e-05 9.59e-05 0.0001118 8.99e-05 0.0001312 0.0001235
45 0.0001138 0.00015285 9.475e-05 0.00015355 0.0001458 0.0001364 9.715e-05 0.0001496 0.00011205 0.0001134 0.0001203 0.00011205 9.72e-05 0.0001616 0.0001603 0.00013755 0.0001626 0.0001327 0.0001205 0.00010385 0.0001455 0.00013025 0.0001087 0.0001264 9.755e-05 0.0001134 0.00016105 0.0001099 0.00011475 0.00013725 0.00011575 0.0001134 0.00016 0.00015355 0.0001473 0.0001617 0.00012765 7.21e-05 0.00011205 0.00016035 0.0001205 0.00014595 0.0001354 0.00014165 0.00015285 0.0001442 0.0001292 0.00016575 0.0001496 0.00013165 0.0001513 0.00014535 0.000152 0.00011285 0.0001295 0.00015415 0.00012125 0.00013765 0.00016165 0.0001128 0.000152
46 0.0001173 0.0001426 9.83e-05 0.00016405 0.0001525 0.00012305 0.00012975 0.00013405 0.0001216 0.00012875 0.00015115 0.00012475 0.00012915 0.0001527 0.0001443 0.00012295 0.00014515 0.00012125 0.00014605 0.0001467 0.00014145 0.0001233 0.00012735 0.00012925 0.00013045 0.0001294 0.00016895 0.00011065 0.00013575 0.000137 0.0001315 0.0001294 0.00015345 0.00016405 0.00013155 0.00013705 0.0001271 0.0001292 0.0001216 0.0001475 0.0001067 0.0001215 0.00013765 0.00012425 0.0001093 0.0001292 0.000157 0.0001723 0.00013405 0.00015255 0.0001198 0.00015175 0.0001147 0.0001463 0.00010515 0.00014655 0.00013795 0.0001477 0.00015145 0.0001463 0.0001146
47 0.00016565 9.95e-05 0.00016705 3.695e-05 0.00010195 0.0001098 0.0001633 0.0001002 0.0001699 0.0001315 0.00010555 0.00016225 0.00016025 0.0001 0.0001129 0.0001663 0.00016335 0.00010685 0.00016815 0.00012855 0.0001509 0.0001739 0.000166 0.00015895 0.00016205 0.0001346 4.275e-05 0.00015435 0.00016455 0.0001428 0.00016295 0.0001346 9.35e-05 3.695e-05 0.00017385 0.0001646 0.00015255 0.00016575 0.0001699 0.0001053 0.0001746 0.0001726 0.00016 0.0001568 0.0001328 0.00016575 0.0001723 7.38e-05 0.0001002 0.00011975 0.0001716 0.00010315 0.0001772 9.98e-05 0.00017525 6.87e-05 0.00015925 0.00010175 7.45e-05 9.98e-05 0.0001772
48 0.0001504 0.0001046 0.00014435 7.095e-05 0.00012495 9.79e-05 0.00015305 7.095e-05 0.00011955 0.00012415 0.000119 0.00013585 0.0001372 0.00013445 0.0001049 0.0001255 0.00015455 0.0001179 0.00015015 0.0001272 0.00015805 0.00013715 0.0001525 0.0001552 0.00015545 0.00014005 8.77e-05 0.0001239 0.00015575 0.00010555 0.0001572 0.00014005 0.0001107 7.1e-05 0.00014455 0.0001542 0.0001197 0.0001496 0.0001195 0.0001213 0.0001479 0.0001247 0.00015605 0.0001389 0.0001112 0.0001496 0.00013405 0.0001002 0.0001419 0.0001289 0.00012445 0.0001225 0.0001054 0.00010235 0.0001343 9.285e-05 0.0001419 0.000121 0.00010955 0.00010235 0.00010545
49 0.0001125 0.00010955 0.00015475 0.00010335 9.905e-05 0.00013655 9.08e-05 0.0001289 0.0001579 0.0001284 0.0001284 0.00013245 0.00010855 0.0001225 0.00013705 0.00012855 0.000141 0.0001369 0.00015325 0.0001263 0.0001328 0.0001284 0.0001114 9.01e-05 0.0001022 0.0001107 0.00010545 0.0001641 9.195e-05 0.00011715 9.04e-05 0.0001107 0.0001276 0.00010335 0.00013595 0.00014435 0.0001621 0.00013165 0.0001579 0.00011165 0.0001356 0.0001308 9.245e-05 9.735e-05 0.00011745 0.00013165 0.00015255 0.00011975 0.0001289 0.0001354 0.00014315 8.765e-05 0.0001665 0.00012635 0.00013235 0.00010545 0.00010425 0.0001024 0.00010755 0.00012635 0.0001665
50 0.00012425 0.00012155 0.00014735 0.0001654 0.00014935 0.0001385 0.0001394 0.00012445 0.00010615 0.000126 0.0001545 0.0001068 0.00012425 0.0001307 0.0001247 0.000101 0.00012285 0.00016365 0.00012805 0.0001539 0.00013955 0.0001076 0.00012505 0.0001246 0.00014605 0.0001412 0.0001692 0.0001248 0.00013355 0.0001124 0.00013225 0.0001412 0.00014885 0.0001654 0.00011405 0.0001225 0.00011245 0.0001513 0.0001062 0.0001254 0.00012445 8.44e-05 0.00012655 9.49e-05 9.675e-05 0.0001513 0.0001198 0.0001716 0.00012445 0.00014315 0.0001525 0.00014265 7.63e-05 0.00015075 0.00010195 0.0001407 0.00010725 0.00015135 0.0001445 0.00015075 7.635e-05
51 0.00011965 0.0001033 0.0001575 9.12e-05 9.25e-05 0.00013015 0.00011075 0.0001225 0.00016075 0.0001211 0.00012105 0.00013545 0.00012115 0.00011465 0.0001262 0.0001322 0.0001414 0.00013035 0.00015625 0.00013265 0.00013645 0.0001386 0.0001246 9.805e-05 0.0001167 0.00011075 8.885e-05 0.00015325 0.00010525 0.0001262 0.0001049 0.00011075 0.00011675 9.12e-05 0.00014005 0.0001436 0.0001517 0.00014535 0.00016075 0.00010095 0.00013925 0.0001378 0.0001004 0.0001011 0.00010665 0.00014535 0.00015175 0.00010315 0.0001225 8.765e-05 0.00014265 0.0001729 0.00016585 0.00012345 0.00013935 8.89e-05 0.0001135 0.0001003 8.655e-05 0.00012345 0.00016585
52 0.00015135 0.000163 0.0001447 0.00017615 0.0001682 0.00012225 0.0001649 0.0001054 6.83e-05 0.0001484 0.0001529 0.0001431 0.0001495 0.0001665 8.475e-05 8.36e-05 0.00016285 0.0001652 0.00014685 0.00015075 0.0001419 8.42e-05 0.0001611 0.0001632 0.0001672 0.00016385 0.00017275 0.0001056 0.0001656 8.48e-05 0.00016765 0.00016385 0.00013985 0.00017615 9.55e-05 0.0001608 8.15e-05 0.000152 6.83e-05 0.0001596 0.00011795 7.95e-05 0.00016485 0.00015445 0.0001235 0.000152 0.0001147 0.0001772 0.0001054 0.0001665 7.63e-05 0.00016585 2e-07 0.00015635 0.0001135 0.00016825 0.0001575 0.00017185 0.00016485 0.00015635 2e-07
53 0.0001381 0.0001089 0.0001149 7.26e-05 0.00012815 0.00011605 0.00014635 0.00010235 0.00011445 9.595e-05 8.99e-05 0.0001088 0.00010615 0.0001338 0.00013185 0.0001527 0.0001574 0.0001133 0.00012185 8.545e-05 0.00016885 0.0001602 0.00014685 0.0001591 0.000151 0.0001362 8.995e-05 0.0001205 0.00015215 0.0001309 0.0001565 0.0001362 0.0001223 7.26e-05 0.0001681 0.0001555 0.00012075 0.00011285 0.00011445 0.00012625 0.0001663 0.00015045 0.00016065 0.00014525 0.0001312 0.00011285 0.0001463 9.98e-05 0.00010235 0.00012635 0.00015075 0.00012345 0.00015635 0.0001451 0.00015195 9.6e-05 0.0001278 0.00012285 0.00011335 7.26e-05 0.00015635
54 0.00011395 0.0001262 0.00012855 0.00016575 0.0001489 0.00012325 0.00011075 0.0001343 0.0001258 0.0001287 0.00015805 0.0001123 0.00011945 0.00013525 0.0001458 0.00011665 0.00012775 0.0001476 0.0001343 0.00015415 0.00013605 0.00011465 0.0001033 0.00011295 0.00012025 0.00012005 0.0001719 0.0001137 0.00011555 0.00012535 0.00011775 0.00012005 0.00015585 0.00016575 0.0001297 0.00012845 0.0001347 0.0001295 0.0001258 0.0001324 0.00010035 9.715e-05 0.0001213 9.64e-05 0.0001 0.0001295 0.00010515 0.00017525 0.0001343 0.00013235 0.00010195 0.00013935 0.0001135 0.00015195 0.0001614 0.00014255 0.00010855 0.00014285 0.0001487 0.00015195 0.0001135
55 0.0001252 7.695e-05 0.00015315 4.6e-05 9.085e-05 0.0001087 0.0001328 9.285e-05 0.0001571 9.595e-05 0.00011015 0.00012685 0.0001247 0.0001002 0.00012135 0.0001378 0.0001373 0.0001096 0.00015335 0.00013315 0.000149 0.00015255 0.00013565 0.00011495 0.00013475 0.0001041 6.02e-05 0.0001404 0.00012635 0.0001358 0.00012205 0.0001041 0.00010575 4.6e-05 0.0001523 0.00013855 0.00013975 0.00015415 0.0001571 9.115e-05 0.0001521 0.00014105 0.0001158 0.0001026 7.93e-05 0.00015415 0.00014655 6.87e-05 9.285e-05 0.00010545 0.0001407 8.89e-05 0.00016825 9.6e-05 0.00014255 9.19e-05 0.00011945 8.94e-05 6.02e-05 9.6e-05 0.00016825
56 0.00010885 0.00010095 0.00013855 0.00014485 0.0001275 0.00015255 9.43e-05 0.0001419 0.0001341 0.00010235 0.00014035 8.38e-05 8.385e-05 0.00011535 0.0001638 0.00012125 0.00011215 0.00015555 0.0001124 0.0001387 0.000139 0.0001316 9.44e-05 8.725e-05 0.0001083 0.00011285 0.00015745 0.0001371 8.75e-05 0.00012535 9.53e-05 0.00011285 0.00015585 0.00014485 0.00013475 0.0001145 0.00013565 0.00012125 0.0001341 0.0001136 0.00013465 0.00010725 8.88e-05 6.135e-05 9.59e-05 0.00012125 0.00013795 0.00015925 0.0001419 0.00010425 0.00010725 0.0001135 0.0001575 0.0001278 0.00010855 0.00011945 0.0001138 0.00012695 0.00013205 0.0001278 0.0001575
57 0.00010945 0.0001066 0.00015375 8.62e-05 9.31e-05 0.0001242 0.0001082 0.000121 0.00016565 0.000126 0.0001297 0.00014315 0.0001301 0.0001227 0.00013595 0.00012905 0.00014615 0.0001228 0.00016455 0.0001428 0.0001255 0.0001311 0.00012195 9.02e-05 0.00010095 0.00010415 9.31e-05 0.0001502 0.0001016 0.00013615 8.825e-05 0.00010415 0.0001224 8.62e-05 0.00013805 0.000149 0.0001556 0.00013765 0.00016565 0.0001135 0.00012415 0.00014775 9.855e-05 0.0001106 0.0001118 0.00013765 0.0001477 0.00010175 0.000121 0.0001024 0.00015135 0.0001003 0.00017185 0.00012285 0.00014285 8.94e-05 0.00012695 0.0001723 9.63e-05 0.00012285 0.00017185
58 0.00013045 9.32e-05 0.00016 6.63e-05 8.475e-05 0.0001172 0.0001409 0.00010955 0.0001626 0.0001072 0.0001072 0.00014015 0.0001397 0.00010365 0.0001095 0.00014015 0.00014435 0.0001181 0.00016095 0.00013465 0.0001439 0.00015205 0.00014375 0.00011575 0.0001391 0.00010845 6.02e-05 0.0001415 0.00013 0.00014195 0.0001273 0.00010845 9.955e-05 6.63e-05 0.00014885 0.0001455 0.0001408 0.00016165 0.0001626 8.71e-05 0.0001472 0.00014715 0.0001181 0.00011275 8.99e-05 0.00016165 0.00015145 7.45e-05 0.00010955 0.00010755 0.0001445 8.655e-05 0.00016485 0.00011335 0.0001487 6.02e-05 0.00013205 9.63e-05 0.0001081 0.00011335 0.00016485
59 0.0001381 0.0001089 0.0001149 7.26e-05 0.00012815 0.00011605 0.00014635 0.00010235 0.00011445 9.595e-05 8.99e-05 0.0001088 0.00010615 0.0001338 0.00013185 0.0001527 0.0001574 0.0001133 0.00012185 8.545e-05 0.00016885 0.0001602 0.00014685 0.0001591 0.000151 0.0001362 8.995e-05 0.0001205 0.00015215 0.0001309 0.0001565 0.0001362 0.0001223 7.26e-05 0.0001681 0.0001555 0.00012075 0.0001128 0.00011445 0.00012625 0.0001663 0.00015045 0.00016065 0.00014525 0.0001312 0.0001128 0.0001463 9.98e-05 0.00010235 0.00012635 0.00015075 0.00012345 0.00015635 7.26e-05 0.00015195 9.6e-05 0.0001278 0.00012285 0.00011335 0.0001451 0.00015635
60 0.00015135 0.000163 0.0001447 0.00017615 0.0001682 0.00012225 0.0001649 0.00010545 6.835e-05 0.0001484 0.0001529 0.0001431 0.0001495 0.0001665 8.48e-05 8.365e-05 0.00016285 0.0001652 0.00014685 0.00015075 0.0001419 8.425e-05 0.0001611 0.0001632 0.0001672 0.00016385 0.00017275 0.0001056 0.0001656 8.47e-05 0.00016765 0.00016385 0.00013985 0.00017615 9.555e-05 0.0001608 8.155e-05 0.000152 6.835e-05 0.0001596 0.00011795 7.94e-05 0.00016485 0.00015445 0.0001235 0.000152 0.0001146 0.0001772 0.00010545 0.0001665 7.635e-05 0.00016585 2e-07 0.00015635 0.0001135 0.00016825 0.0001575 0.00017185 0.00016485 0.00015635 0.0
