 slim_761901999 slim_761901976 slim_761901996 slim_761901979 slim_761902012 slim_761901992 slim_761901973 slim_761901998 slim_761902005 slim_761901971 slim_761901990 slim_761901981 slim_761901997 slim_761901968 slim_761901960 slim_761901982 slim_761901993 slim_761902011 slim_761901967 slim_761901991 slim_761901988 slim_761902013 slim_761902010 slim_761901978 slim_761901959 slim_761901964 slim_761902001 slim_761902019 slim_761902014 slim_761902004 slim_761902018 slim_761901958 slim_761901977 slim_761902017 slim_761902000 slim_761902015 slim_761901963 slim_761901986 slim_761901985 slim_761901972 slim_761901965 slim_761901962 slim_761902006 slim_761901980 slim_761901989 slim_761902008 slim_761901994 slim_761901983 slim_761901995 slim_761901966 slim_761901961 slim_761901969 slim_761902016 slim_761901975 slim_761902002 slim_761901984 slim_761901970 slim_761902003 slim_761902007 slim_761901987 slim_761901974 slim_761902009
0 2e-07 0.00017425 0.00018155 0.0001806 9.905e-05 0.000105 0.000179 0.00017995 0.0001798 8.495e-05 0.00017995 9.52e-05 0.00018105 0.0001916 0.00019415 0.0001443 0.00010645 1.425e-05 8.285e-05 9.095e-05 0.0001055 0.0001821 0.0001055 0.00018365 0.00018805 1e-07 0.0001049 0.00017555 0.00018055 0.0001344 0.00018325 0.00018 0.00017925 0.0001835 0.0001935 0.00017325 0.00017975 0.00017995 0.00017555 9.415e-05 8.5e-05 0.00011935 0.00011935 0.00018855 0.00012195 0.00010975 0.00018895 7.49e-05 0.00018055 0.00017575 0.0001208 0.0001745 0.0001677 7.08e-05 0.0001855 0.0001702 0.0001114 0.000174 0.0001889 0.0001788 0.00016645 9.52e-05
1 0.00017425 5.65e-05 0.00010645 0.00012065 0.0001163 0.00018235 0.00010655 0.00010165 0.0001198 0.0001133 0.0001781 0.00016255 0.0001047 0.0001825 0.0001803 0.0001031 0.0001074 0.0001772 0.00010615 0.0001794 0.00018195 0.0001022 0.00018085 9.64e-05 0.00014235 0.00017415 0.0001043 4.035e-05 0.00010815 0.0001691 0.0001662 0.00010165 9.985e-05 0.00015945 0.0001613 0.0001097 9.995e-05 0.00010165 4.035e-05 0.0001675 0.00011335 0.00010405 0.00010405 0.000118 0.0001732 0.000164 9.99e-05 0.0001791 0.00010355 8.43e-05 0.00018305 0.0001043 4.53e-05 0.00015195 0.000166 0.0001054 0.00012845 0.0001047 0.00011615 8.965e-05 3.325e-05 0.00016265
2 0.00018155 0.00010645 0.0001851 0.00014145 0.0001363 0.0001647 0.00012155 0.00010965 0.0001071 0.0001371 0.00016355 0.0001541 9.395e-05 0.00017515 0.00018465 0.00014625 0.00013545 0.0001807 0.0001382 0.00016555 0.0001511 0.00011515 0.0001646 0.0001107 0.0001096 0.00018145 0.0001376 9.39e-05 0.00010535 0.00016315 0.000164 0.0001097 0.000115 0.0001574 0.00015285 9.39e-05 0.00013635 0.00010965 9.39e-05 0.000166 0.00013715 0.00013725 0.00013725 0.0001311 0.00015495 0.00015315 0.00013705 0.00017735 0.00012945 0.00013965 0.00016615 0.00013395 9.385e-05 0.00016005 0.0001097 0.0001272 0.000143 0.00010525 0.000123 0.00012225 0.0001064 0.0001542
3 0.0001806 0.00012065 0.00014145 0.0001936 0.0001404 0.0001725 0.00013015 0.0001389 0.0001389 0.00013875 0.000163 0.0001807 0.0001438 0.00014025 0.00011795 0.00013805 0.0001432 0.0001822 0.0001438 0.0001709 0.00018055 0.0001399 0.00017195 0.00014305 0.00015875 0.0001805 0.00015265 0.0001091 0.00014185 0.00017405 0.0001641 0.0001389 0.00013735 0.00017125 0.00016005 0.00013675 0.00014305 0.0001389 0.0001091 0.000172 0.0001388 0.000153 0.000153 0.0001629 0.0001746 0.00018175 0.0001302 0.00017 0.0001373 0.0001359 0.0001746 0.00013585 0.00010205 0.00017725 0.00017355 0.00012435 0.00016005 0.00014315 0.0001635 0.0001505 0.0001136 0.0001808
4 9.905e-05 0.0001163 0.0001363 0.0001404 0.0001757 0.00012715 0.0001317 0.00013255 0.00013235 9.345e-05 0.00016775 0.00013805 0.00013825 0.0001841 0.00018905 0.0001267 9.59e-05 9.34e-05 9.795e-05 0.00013275 0.0001318 0.000135 0.00012745 0.0001413 0.00015315 9.895e-05 0.0001041 0.000104 0.0001358 0.00014445 0.0001723 0.0001325 0.00012735 0.00016785 0.0001812 0.00012665 0.0001446 0.00013255 0.00010395 0.0001373 9.35e-05 0.00011205 0.00011205 0.00015745 0.00014465 0.00013275 0.00015265 0.0001144 0.0001373 0.0001349 0.00014025 0.00013165 9.245e-05 0.00010055 0.0001667 0.0001349 0.00011285 0.0001344 0.0001557 0.00014485 0.0001047 0.00013815
5 0.000105 0.00018235 0.0001647 0.0001725 0.00012715 0.000154 0.00015035 0.00016945 0.0001626 0.0001411 0.0001304 0.0001333 0.00016435 0.0001698 0.0001795 0.0001526 0.00013295 9.1e-05 0.0001409 9.105e-05 9.535e-05 0.0001738 7.875e-05 0.00017235 0.00016085 0.0001049 0.00013165 0.0001817 0.000166 0.00011825 0.0001536 0.00016945 0.0001611 0.0001643 0.00017645 0.0001598 0.0001849 0.00016945 0.0001817 0.00011425 0.00014115 0.00014215 0.00014215 0.00016375 0.0001106 0.000121 0.0001886 0.00010185 0.0001718 0.0001839 9.69e-05 0.00017975 0.0001771 9.895e-05 0.0001521 0.000163 0.0001185 0.0001606 0.00016115 0.0001702 0.0001778 0.0001334
6 0.000179 0.00010655 0.00012155 0.00013015 0.0001317 0.00015035 0.000183 0.0001075 0.0001194 0.00013525 0.00014865 0.0001511 0.0001237 0.000166 0.00017725 0.00012875 0.00013425 0.0001754 0.00013925 0.00015395 0.00016195 0.0001093 0.00015025 0.0001141 0.0001191 0.0001789 0.0001449 0.00010465 0.00010885 0.0001302 0.00013 0.0001074 0.00010425 0.00014255 0.0001546 0.0001146 0.0001431 0.0001075 0.0001046 0.0001353 0.0001353 0.0001452 0.0001452 0.0001314 0.00013015 0.0001474 0.0001518 0.00016705 0.0001361 0.0001258 0.00015345 0.00013495 9.56e-05 0.00016125 0.0001264 0.00012015 0.0001448 0.00011245 0.00012905 0.00010935 9.745e-05 0.0001512
7 0.00017995 0.00010165 0.00010965 0.0001389 0.00013255 0.00016945 0.0001075 0.0001733 0.0001075 0.00013335 0.0001671 0.00013335 0.00011185 0.00017885 0.00018545 0.00013035 0.0001351 0.0001791 0.0001373 0.0001703 0.00015585 9.225e-05 0.00016935 9.35e-05 8.67e-05 0.00017985 0.0001457 9.985e-05 9.695e-05 0.0001518 0.0001509 8.68e-05 9.21e-05 0.00013545 0.0001332 0.0001028 0.00014325 8.665e-05 9.985e-05 0.0001541 0.0001334 0.00014605 0.00014605 0.00012005 0.0001431 0.0001324 0.00014635 0.00017435 0.00013085 0.00012395 0.0001716 0.00013185 9.08e-05 0.0001662 9.875e-05 0.0001304 0.0001511 0.00010055 0.00011195 8.85e-05 9.26e-05 0.00013345
8 0.0001798 0.0001198 0.0001071 0.0001389 0.00013235 0.0001626 0.0001194 0.0001075 0.0001728 0.00013315 0.00014705 0.00015415 0.00010855 0.00015805 0.0001857 0.00014855 0.0001371 0.00017895 0.0001389 0.00016345 0.000149 0.000113 0.0001625 0.00011615 0.00010745 0.0001797 0.00014865 0.00010275 0.0001067 0.00015555 0.00014965 0.00010755 0.00011285 0.00014305 0.0001543 9.815e-05 0.000133 0.0001075 0.00010275 0.00016605 0.0001332 0.0001458 0.0001458 0.00014395 0.000155 0.0001532 0.0001495 0.00017735 0.0001286 0.0001258 0.00016155 0.00012025 9.235e-05 0.0001688 0.0001133 0.00011115 0.00015405 0.00010935 0.00013585 0.0001246 0.0001094 0.00015425
9 8.495e-05 0.0001133 0.0001371 0.00013875 9.345e-05 0.0001411 0.00013525 0.00013335 0.00013315 0.0001697 0.0001736 0.0001333 0.00013905 0.00018455 0.0001895 0.00012965 0.00010065 9.345e-05 8.94e-05 0.0001326 0.00014115 0.0001347 0.0001406 0.0001421 0.00015775 8.485e-05 0.00010965 0.000101 0.0001366 0.00015575 0.0001763 0.0001333 0.0001321 0.00017305 0.0001841 0.00012745 0.00014205 0.00013335 0.00010095 0.0001353 8.495e-05 0.0001168 0.0001168 0.000165 0.000152 0.0001413 0.00015175 0.00012595 0.0001364 0.0001319 0.0001494 0.00013145 8.945e-05 0.00011465 0.0001713 0.00013015 0.00012495 0.0001352 0.00016425 0.00014565 0.0001017 0.0001334
10 0.00017995 0.0001781 0.00016355 0.000163 0.00016775 0.0001304 0.00014865 0.0001671 0.00014705 0.0001736 0.0001851 0.00017335 0.00016265 0.00015 0.00017115 0.0001701 0.0001697 0.00017405 0.0001747 0.00013625 0.0001464 0.0001696 0.00013145 0.00016975 0.00016205 0.00017985 0.0001724 0.0001719 0.00016495 0.00014405 0.00011135 0.00016705 0.0001622 0.0001248 0.00017525 0.00015925 0.00013455 0.0001671 0.0001719 0.000155 0.00017365 0.00017145 0.00017145 0.0001647 0.00015125 0.00016855 0.00018 0.00016435 0.0001642 0.00014485 0.0001338 0.00014785 0.00016845 0.00016615 0.0001578 0.0001416 0.0001637 0.0001643 0.0001653 0.00017335 0.0001747 0.00017345
11 9.52e-05 0.00016255 0.0001541 0.0001807 0.00013805 0.0001333 0.0001511 0.00013335 0.00015415 0.0001333 0.00017335 0.0001902 0.0001538 0.0001858 0.00019 0.00014495 0.0001408 9.99e-05 0.0001307 0.00012855 0.0001202 0.00013955 0.0001342 0.00013485 0.0001169 9.51e-05 0.0001409 0.00017425 0.00014085 0.00013035 0.00015775 0.0001333 0.00013915 0.00014575 0.00014265 0.0001485 0.00018085 0.00013335 0.00017425 0.000113 0.00013335 0.0001485 0.0001485 0.00014345 0.00011305 0.00010075 0.00018345 0.00012325 0.00017485 0.00016775 0.0001429 0.0001748 0.0001689 0.00012235 0.00011285 0.0001703 0.0001375 0.00013935 0.00013645 0.00012175 0.00015725 9.525e-05
12 0.00018105 0.0001047 9.395e-05 0.0001438 0.00013825 0.00016435 0.0001237 0.00011185 0.00010855 0.00013905 0.00016265 0.0001538 0.0001817 0.00017445 0.00018485 0.00014585 0.0001374 0.0001802 0.00013895 0.0001652 0.00015075 0.00011735 0.00016425 0.00011265 0.0001117 0.00018095 0.0001352 9.405e-05 0.00010755 0.0001623 0.00016315 0.00011185 0.0001172 0.00015655 0.0001529 9.395e-05 0.0001334 0.00011185 9.405e-05 0.0001657 0.0001391 0.000134 0.000134 0.00012895 0.00015465 0.00015285 0.000135 0.0001763 0.00013 0.00013925 0.00016495 0.00013415 9.705e-05 0.00015825 0.0001087 0.0001274 0.00014065 0.0001047 0.00012085 0.0001226 0.0001078 0.0001539
13 0.0001916 0.0001825 0.00017515 0.00014025 0.0001841 0.0001698 0.000166 0.00017885 0.00015805 0.00018455 0.00015 0.0001858 0.00017445 0.000206 0.000103 0.0001744 0.0001825 0.0001911 0.00018435 0.0001703 0.00017495 0.00017435 0.0001692 0.0001776 0.00017935 0.0001915 0.0001862 0.0001796 0.00017515 0.0001633 0.00015275 0.0001788 0.0001796 0.00016625 0.0001416 0.0001723 0.0001663 0.00017885 0.0001796 0.00017305 0.0001846 0.0001816 0.0001816 0.00017985 0.00017215 0.0001847 0.0001423 0.00017805 0.0001499 0.000168 0.00016185 0.00016265 0.0001774 0.0001925 0.00017365 0.00014475 0.0001843 0.00017535 0.00018075 0.0001818 0.00018035 0.0001859
14 0.00019415 0.0001803 0.00018465 0.00011795 0.00018905 0.0001795 0.00017725 0.00018545 0.0001857 0.0001895 0.00017115 0.00019 0.00018485 0.000103 0.0001021 0.0001719 0.00018595 0.00019365 0.0001886 0.00018 0.00018355 0.00018095 0.0001789 0.00017975 0.00018595 0.00019405 0.0001871 0.0001829 0.00018545 0.0001827 0.00017305 0.0001854 0.0001862 0.0001819 0.00011855 0.00018605 0.00017865 0.00018545 0.0001829 0.0001819 0.00018955 0.00018615 0.00018615 0.0001824 0.000181 0.0001889 0.00011595 0.00017865 0.00015235 0.0001789 0.0001752 0.00017835 0.00018405 0.00019715 0.00018735 0.0001737 0.0001852 0.0001843 0.0001833 0.0001829 0.0001815 0.0001901
15 0.0001443 0.0001031 0.00014625 0.00013805 0.0001267 0.0001526 0.00012875 0.00013035 0.00014855 0.00012965 0.0001701 0.00014495 0.00014585 0.0001744 0.0001719 0.0001816 0.00012365 0.0001413 0.00012705 0.0001556 0.0001592 0.00013275 0.00015205 0.0001298 0.0001481 0.0001442 0.00012695 0.0001152 0.0001353 0.0001462 0.0001579 0.00013035 0.00012555 0.00015465 0.0001642 0.00014315 0.00014435 0.00013035 0.0001152 0.0001434 0.0001297 0.00012825 0.00012825 0.00013965 0.00014465 0.0001414 0.000149 0.0001146 0.00014495 0.0001261 0.00015905 0.00014025 0.0001125 0.00014715 0.00016095 0.000133 0.0001342 0.00013355 0.00013865 0.0001183 0.0001004 0.00014505
16 0.00010645 0.0001074 0.00013545 0.0001432 9.59e-05 0.00013295 0.00013425 0.0001351 0.0001371 0.00010065 0.0001697 0.0001408 0.0001374 0.0001825 0.00018595 0.00012365 0.0001691 0.00010165 9.55e-05 0.00013775 0.0001376 0.00013755 0.00013115 0.00013415 0.0001575 0.00010635 0.00010245 0.00010135 0.00013835 0.00013785 0.000172 0.00013505 0.000128 0.00016565 0.00017785 0.0001258 0.0001391 0.0001351 0.0001013 0.00014005 0.0001007 0.00010075 0.00010075 0.0001459 0.00014385 0.0001342 0.0001441 0.00011865 0.0001303 0.0001306 0.0001364 0.0001236 8.98e-05 0.00010505 0.00017105 0.00012955 0.0001128 0.00013695 0.0001451 0.00014115 9.58e-05 0.0001409
17 1.425e-05 0.0001772 0.0001807 0.0001822 9.34e-05 9.1e-05 0.0001754 0.0001791 0.00017895 9.345e-05 0.00017405 9.99e-05 0.0001802 0.0001911 0.00019365 0.0001413 0.00010165 2.83e-05 9.135e-05 9.105e-05 9.61e-05 0.00018235 9.23e-05 0.0001828 0.0001834 1.415e-05 9.93e-05 0.0001785 0.0001797 0.00012305 0.0001792 0.00017915 0.00017445 0.00017825 0.00019055 0.0001724 0.00018225 0.0001791 0.0001785 9.62e-05 9.35e-05 0.00011455 0.00011455 0.00018095 0.00011455 0.00010115 0.0001898 6.33e-05 0.0001814 0.0001787 0.0001116 0.00017465 0.00017065 5.665e-05 0.00018085 0.0001749 9.925e-05 0.00017315 0.0001803 0.00017795 0.0001694 0.0001
18 8.285e-05 0.00010615 0.0001382 0.0001438 9.795e-05 0.0001409 0.00013925 0.0001373 0.0001389 8.94e-05 0.0001747 0.0001307 0.00013895 0.00018435 0.0001886 0.00012705 9.55e-05 9.135e-05 0.0001655 0.0001324 0.00014095 0.00013865 0.0001404 0.00013645 0.0001617 8.275e-05 0.000103 0.00010095 0.00014055 0.00015265 0.000175 0.0001373 0.00013605 0.00017175 0.0001821 0.0001274 0.0001367 0.0001373 0.00010095 0.0001327 8.945e-05 0.00011015 0.00011015 0.00015785 0.0001494 0.0001387 0.0001457 0.00012385 0.0001317 0.0001306 0.0001492 0.0001261 8.94e-05 0.000108 0.00017525 0.00012485 0.0001183 0.00013915 0.0001571 0.00014255 9.46e-05 0.0001308
19 9.095e-05 0.0001794 0.00016555 0.0001709 0.00013275 9.105e-05 0.00015395 0.0001703 0.00016345 0.0001326 0.00013625 0.00012855 0.0001652 0.0001703 0.00018 0.0001556 0.00013775 9.105e-05 0.0001324 0.0001817 0.0001048 0.00017355 9.19e-05 0.0001732 0.0001655 9.085e-05 0.00013725 0.00017875 0.00016685 0.0001296 0.00015765 0.0001703 0.0001659 0.00016955 0.0001794 0.00016065 0.0001824 0.0001703 0.00017875 0.0001123 0.00013265 0.00014695 0.00014695 0.00017135 0.000118 0.0001296 0.00018775 0.0001134 0.00017095 0.00018095 0.0001061 0.0001796 0.00017415 0.0001131 0.00015675 0.0001583 0.0001307 0.00016145 0.00016975 0.00017105 0.00017485 0.0001287
20 0.0001055 0.00018195 0.0001511 0.00018055 0.0001318 9.535e-05 0.00016195 0.00015585 0.000149 0.00014115 0.0001464 0.0001202 0.00015075 0.00017495 0.00018355 0.0001592 0.0001376 9.61e-05 0.00014095 0.0001048 0.0001734 0.00016325 9.71e-05 0.0001588 0.00013565 0.0001054 0.0001363 0.0001813 0.0001524 0.0001349 0.0001679 0.0001559 0.0001578 0.0001637 0.00015885 0.0001462 0.0001872 0.00015585 0.0001813 0.0001263 0.0001412 0.0001468 0.0001468 0.00016095 0.00011695 0.0001125 0.0001842 0.0001135 0.0001674 0.00018525 0.0001119 0.00017955 0.0001767 0.00010865 0.00012535 0.00017125 0.0001263 0.000147 0.00015295 0.0001566 0.0001774 0.0001203
21 0.0001821 0.0001022 0.00011515 0.0001399 0.000135 0.0001738 0.0001093 9.225e-05 0.000113 0.0001347 0.0001696 0.00013955 0.00011735 0.00017435 0.00018095 0.00013275 0.00013755 0.00018235 0.00013865 0.00017355 0.00016325 0.0001744 0.0001737 9.89e-05 9.705e-05 0.000182 0.00014815 0.0001004 0.00010235 0.0001555 0.00015275 9.22e-05 9.45e-05 0.0001379 0.0001333 0.0001083 0.00014385 9.225e-05 0.0001004 0.0001567 0.00013475 0.0001485 0.0001485 0.000124 0.00014985 0.0001397 0.0001414 0.00017865 0.0001259 0.0001245 0.00017 0.00013395 9.13e-05 0.00017055 0.0001091 0.0001315 0.0001548 0.00010605 0.00011925 9.41e-05 9.315e-05 0.00013965
22 0.0001055 0.00018085 0.0001646 0.00017195 0.00012745 7.875e-05 0.00015025 0.00016935 0.0001625 0.0001406 0.00013145 0.0001342 0.00016425 0.0001692 0.0001789 0.00015205 0.00013115 9.23e-05 0.0001404 9.19e-05 9.71e-05 0.0001737 0.0001566 0.00017225 0.00016215 0.0001054 0.00013195 0.0001802 0.0001659 0.00011785 0.0001547 0.00016935 0.0001593 0.0001637 0.0001763 0.0001597 0.0001846 0.00016935 0.0001802 0.00011515 0.00014065 0.00014035 0.00014035 0.0001619 0.0001119 0.0001206 0.00018705 0.0001031 0.00017025 0.0001824 9.65e-05 0.0001782 0.0001756 0.00010105 0.0001534 0.00016245 0.00012025 0.0001605 0.00016075 0.0001701 0.0001763 0.0001343
23 0.00018365 9.64e-05 0.0001107 0.00014305 0.0001413 0.00017235 0.0001141 9.35e-05 0.00011615 0.0001421 0.00016975 0.00013485 0.00011265 0.0001776 0.00017975 0.0001298 0.00013415 0.0001828 0.00013645 0.0001732 0.0001588 9.89e-05 0.00017225 0.0001721 9.335e-05 0.00018355 0.00014155 0.00010075 0.00010365 0.0001515 0.0001522 9.335e-05 9.875e-05 0.0001367 0.0001302 0.00010685 0.00013885 9.35e-05 0.0001007 0.00015565 0.00014215 0.00014055 0.00014055 0.0001137 0.0001447 0.0001339 0.0001375 0.0001749 0.00012765 0.0001263 0.00017315 0.00013075 9.5e-05 0.00016495 0.0001052 0.00012925 0.00014695 0.0001081 0.0001056 8.91e-05 9.06e-05 0.00013495
24 0.00018805 0.00014235 0.0001096 0.00015875 0.00015315 0.00016085 0.0001191 8.67e-05 0.00010745 0.00015775 0.00016205 0.0001169 0.0001117 0.00017935 0.00018595 0.0001481 0.0001575 0.0001834 0.0001617 0.0001655 0.00013565 9.705e-05 0.00016215 9.335e-05 9.15e-05 0.00018795 0.00016625 0.00014055 9.685e-05 0.00014505 0.00014595 8.665e-05 9.91e-05 0.00012585 0.0001139 0.0001027 0.00016735 8.67e-05 0.00014055 0.0001494 0.0001578 0.00016835 0.00016835 0.00011165 0.00012175 0.00011355 0.0001677 0.00017195 0.00015225 0.0001558 0.0001656 0.0001543 0.0001315 0.0001667 5.78e-05 0.00015465 0.00015295 0.0001005 9.73e-05 8.855e-05 0.00013335 0.000117
25 1e-07 0.00017415 0.00018145 0.0001805 9.895e-05 0.0001049 0.0001789 0.00017985 0.0001797 8.485e-05 0.00017985 9.51e-05 0.00018095 0.0001915 0.00019405 0.0001442 0.00010635 1.415e-05 8.275e-05 9.085e-05 0.0001054 0.000182 0.0001054 0.00018355 0.00018795 0.0 0.0001048 0.00017545 0.00018045 0.0001343 0.00018315 0.0001799 0.00017915 0.0001834 0.0001934 0.00017315 0.00017965 0.00017985 0.00017545 9.415e-05 8.49e-05 0.00011925 0.00011925 0.00018845 0.00012185 0.00010965 0.00018885 7.48e-05 0.00018045 0.00017565 0.0001207 0.0001744 0.0001676 7.07e-05 0.0001854 0.0001701 0.0001113 0.0001739 0.0001888 0.0001787 0.00016635 9.52e-05
26 0.0001049 0.0001043 0.0001376 0.00015265 0.0001041 0.00013165 0.0001449 0.0001457 0.00014865 0.00010965 0.0001724 0.0001409 0.0001352 0.0001862 0.0001871 0.00012695 0.00010245 9.93e-05 0.000103 0.00013725 0.0001363 0.00014815 0.00013195 0.00014155 0.00016625 0.0001048 0.0001874 0.00010415 0.00014895 0.00014565 0.0001753 0.0001457 0.0001405 0.00017085 0.00018015 0.000139 0.00013445 0.0001457 0.00010415 0.00014015 0.0001097 9.97e-05 9.97e-05 0.0001442 0.0001475 0.0001356 0.00013845 0.0001164 0.00014 0.0001392 0.0001427 0.00013685 0.00010785 9.375e-05 0.0001768 0.00014015 0.0001026 0.0001458 0.00014245 0.000146 0.0001081 0.000141
27 0.00017555 4.035e-05 9.39e-05 0.0001091 0.000104 0.0001817 0.00010465 9.985e-05 0.00010275 0.000101 0.0001719 0.00017425 9.405e-05 0.0001796 0.0001829 0.0001152 0.00010135 0.0001785 0.00010095 0.00017875 0.0001813 0.0001004 0.0001802 0.00010075 0.00014055 0.00017545 0.00010415 5.29e-05 0.00010575 0.0001783 0.00017235 9.975e-05 9.805e-05 0.0001656 0.00017365 9.395e-05 9.425e-05 9.985e-05 2.645e-05 0.0001792 0.00010105 0.00010195 0.00010195 0.0001282 0.0001849 0.0001757 0.0001004 0.00017895 9.49e-05 9.23e-05 0.00018045 9.355e-05 2.65e-05 0.0001518 0.0001672 9.53e-05 0.00012825 0.00010775 0.00012635 0.0001136 4.025e-05 0.00017435
28 0.00018055 0.00010815 0.00010535 0.00014185 0.0001358 0.000166 0.00010885 9.695e-05 0.0001067 0.0001366 0.00016495 0.00014085 0.00010755 0.00017515 0.00018545 0.0001353 0.00013835 0.0001797 0.00014055 0.00016685 0.0001524 0.00010235 0.0001659 0.00010365 9.685e-05 0.00018045 0.00014895 0.00010575 0.0001851 0.0001505 0.0001509 9.695e-05 0.00010225 0.00014425 0.00014055 9.85e-05 0.0001478 9.695e-05 0.00010575 0.0001528 0.00013665 0.0001493 0.0001493 0.0001302 0.00014175 0.0001399 0.0001493 0.00017605 0.0001334 0.0001291 0.00016815 0.0001364 9.665e-05 0.00016855 9.87e-05 0.00012965 0.00015435 9.685e-05 0.0001221 9.94e-05 9.91e-05 0.00014095
29 0.0001344 0.0001691 0.00016315 0.00017405 0.00014445 0.00011825 0.0001302 0.0001518 0.00015555 0.00015575 0.00014405 0.00013035 0.0001623 0.0001633 0.0001827 0.0001462 0.00013785 0.00012305 0.00015265 0.0001296 0.0001349 0.0001555 0.00011785 0.0001515 0.00014505 0.0001343 0.00014565 0.0001783 0.0001505 0.0001664 0.0001233 0.00015175 0.00014325 0.00013625 0.00016045 0.00015815 0.00017135 0.0001518 0.0001783 0.00010885 0.0001558 0.0001379 0.0001379 0.00013975 0.0001018 0.0001186 0.0001869 0.0001227 0.00017745 0.0001626 0.0001175 0.0001648 0.0001741 0.00012175 0.00013575 0.00015425 0.0001318 0.000152 0.00013845 0.00014265 0.00016495 0.00013045
30 0.00018325 0.0001662 0.000164 0.0001641 0.0001723 0.0001536 0.00013 0.0001509 0.00014965 0.0001763 0.00011135 0.00015775 0.00016315 0.00015275 0.00017305 0.0001579 0.000172 0.0001792 0.000175 0.00015765 0.0001679 0.00015275 0.0001547 0.0001522 0.00014595 0.00018315 0.0001753 0.00017235 0.0001509 0.0001233 0.0001811 0.00015085 0.0001477 0.00010825 0.00015985 0.000159 0.00013295 0.0001509 0.00017235 0.00013695 0.00017635 0.00017225 0.00017225 0.0001483 0.0001333 0.0001548 0.00018125 0.00016695 0.0001735 0.00013355 0.00015255 0.00014625 0.00016815 0.00017045 0.00014165 0.0001435 0.00016425 0.0001541 0.00014925 0.0001448 0.00016205 0.00015785
31 0.00018 0.00010165 0.0001097 0.0001389 0.0001325 0.00016945 0.0001074 8.68e-05 0.00010755 0.0001333 0.00016705 0.0001333 0.00011185 0.0001788 0.0001854 0.00013035 0.00013505 0.00017915 0.0001373 0.0001703 0.0001559 9.22e-05 0.00016935 9.335e-05 8.665e-05 0.0001799 0.0001457 9.975e-05 9.695e-05 0.00015175 0.00015085 0.0001732 9.205e-05 0.00013535 0.0001333 0.00010275 0.0001432 8.68e-05 9.97e-05 0.0001541 0.00013335 0.000146 0.000146 0.00011995 0.00014315 0.00013235 0.0001463 0.00017435 0.00013075 0.00012395 0.00017155 0.0001318 9.07e-05 0.00016625 9.87e-05 0.0001303 0.0001511 0.0001006 0.00011185 8.865e-05 9.255e-05 0.0001334
32 0.00017925 9.985e-05 0.000115 0.00013735 0.00012735 0.0001611 0.00010425 9.21e-05 0.00011285 0.0001321 0.0001622 0.00013915 0.0001172 0.0001796 0.0001862 0.00012555 0.000128 0.00017445 0.00013605 0.0001659 0.0001578 9.45e-05 0.0001593 9.875e-05 9.91e-05 0.00017915 0.0001405 9.805e-05 0.00010225 0.00014325 0.0001477 9.205e-05 0.0001697 0.0001283 0.00014095 0.00010815 0.0001415 9.21e-05 9.805e-05 0.0001514 0.00013215 0.00013895 0.00013895 0.0001128 0.000147 0.00013255 0.00014685 0.00016615 0.00013135 0.00012215 0.0001647 0.00012995 8.9e-05 0.0001576 0.00011115 0.00012975 0.00014445 0.0001059 0.0001119 9.395e-05 9.08e-05 0.00013925
33 0.0001835 0.00015945 0.0001574 0.00017125 0.00016785 0.0001643 0.00014255 0.00013545 0.00014305 0.00017305 0.0001248 0.00014575 0.00015655 0.00016625 0.0001819 0.00015465 0.00016565 0.00017825 0.00017175 0.00016955 0.0001637 0.0001379 0.0001637 0.0001367 0.00012585 0.0001834 0.00017085 0.0001656 0.00014425 0.00013625 0.00010825 0.00013535 0.0001283 0.0001878 0.0001461 0.0001524 0.00013125 0.00013545 0.0001656 0.000153 0.0001731 0.0001659 0.0001659 0.0001296 0.00015015 0.0001399 0.0001762 0.000166 0.0001686 0.00012985 0.0001637 0.00014115 0.0001614 0.0001668 0.0001263 0.00015295 0.00016385 0.0001475 0.000132 0.00012935 0.0001553 0.00014585
34 0.0001935 0.0001613 0.00015285 0.00016005 0.0001812 0.00017645 0.0001546 0.0001332 0.0001543 0.0001841 0.00017525 0.00014265 0.0001529 0.0001416 0.00011855 0.0001642 0.00017785 0.00019055 0.0001821 0.0001794 0.00015885 0.0001333 0.0001763 0.0001302 0.0001139 0.0001934 0.00018015 0.00017365 0.00014055 0.00016045 0.00015985 0.0001333 0.00014095 0.0001461 0.0001834 0.0001521 0.00017885 0.0001332 0.00017365 0.000164 0.00018415 0.0001792 0.0001792 0.00013955 0.0001495 0.00013955 0.0001321 0.000183 0.0001459 0.00016695 0.0001722 0.00017435 0.0001728 0.0001861 0.00011255 0.00017975 0.00017625 0.0001417 0.00013175 0.0001209 0.0001605 0.00014275
35 0.00017325 0.0001097 9.39e-05 0.00013675 0.00012665 0.0001598 0.0001146 0.0001028 9.815e-05 0.00012745 0.00015925 0.0001485 9.395e-05 0.0001723 0.00018605 0.00014315 0.0001258 0.0001724 0.0001274 0.00016065 0.0001462 0.0001083 0.0001597 0.00010685 0.0001027 0.00017315 0.000139 9.395e-05 9.85e-05 0.00015815 0.000159 0.00010275 0.00010815 0.0001524 0.0001521 0.0001633 0.00013835 0.0001028 9.39e-05 0.0001604 0.0001275 0.00013985 0.00013985 0.0001352 0.00014935 0.00014755 0.0001433 0.0001724 0.0001227 0.0001338 0.00016245 0.00012375 8.17e-05 0.00015845 0.0001027 0.00011695 0.0001444 9.74e-05 0.0001271 0.0001185 9.74e-05 0.0001486
36 0.00017975 9.995e-05 0.00013635 0.00014305 0.0001446 0.0001849 0.0001431 0.00014325 0.000133 0.00014205 0.00013455 0.00018085 0.0001334 0.0001663 0.00017865 0.00014435 0.0001391 0.00018225 0.0001367 0.0001824 0.0001872 0.00014385 0.0001846 0.00013885 0.00016735 0.00017965 0.00013445 9.425e-05 0.0001478 0.00017135 0.00013295 0.0001432 0.0001415 0.00013125 0.00017885 0.00013835 0.0001679 0.00014325 9.425e-05 0.0001808 0.0001421 0.0001289 0.0001289 0.00014505 0.00018805 0.00018305 0.00012975 0.0001788 0.0001323 0.00010005 0.0001795 0.00010485 9.91e-05 0.00016095 0.0001824 0.00011865 0.00014765 0.0001494 0.0001465 0.00014905 0.0001049 0.00018095
37 0.00017995 0.00010165 0.00010965 0.0001389 0.00013255 0.00016945 0.0001075 8.665e-05 0.0001075 0.00013335 0.0001671 0.00013335 0.00011185 0.00017885 0.00018545 0.00013035 0.0001351 0.0001791 0.0001373 0.0001703 0.00015585 9.225e-05 0.00016935 9.35e-05 8.67e-05 0.00017985 0.0001457 9.985e-05 9.695e-05 0.0001518 0.0001509 8.68e-05 9.21e-05 0.00013545 0.0001332 0.0001028 0.00014325 0.0001733 9.985e-05 0.0001541 0.0001334 0.00014605 0.00014605 0.00012005 0.0001431 0.0001324 0.00014635 0.00017435 0.00013085 0.00012395 0.0001716 0.00013185 9.08e-05 0.0001662 9.875e-05 0.0001304 0.0001511 0.00010055 0.00011195 8.85e-05 9.26e-05 0.00013345
38 0.00017555 4.035e-05 9.39e-05 0.0001091 0.00010395 0.0001817 0.0001046 9.985e-05 0.00010275 0.00010095 0.0001719 0.00017425 9.405e-05 0.0001796 0.0001829 0.0001152 0.0001013 0.0001785 0.00010095 0.00017875 0.0001813 0.0001004 0.0001802 0.0001007 0.00014055 0.00017545 0.00010415 2.645e-05 0.00010575 0.0001783 0.00017235 9.97e-05 9.805e-05 0.0001656 0.00017365 9.39e-05 9.425e-05 9.985e-05 5.27e-05 0.0001792 0.000101 0.00010195 0.00010195 0.0001282 0.0001849 0.0001757 0.0001004 0.00017895 9.485e-05 9.23e-05 0.00018045 9.355e-05 2.645e-05 0.0001518 0.0001672 9.525e-05 0.00012825 0.00010775 0.00012635 0.0001136 4.02e-05 0.00017435
39 9.415e-05 0.0001675 0.000166 0.000172 0.0001373 0.00011425 0.0001353 0.0001541 0.00016605 0.0001353 0.000155 0.000113 0.0001657 0.00017305 0.0001819 0.0001434 0.00014005 9.62e-05 0.0001327 0.0001123 0.0001263 0.0001567 0.00011515 0.00015565 0.0001494 9.415e-05 0.00014015 0.0001792 0.0001528 0.00010885 0.00013695 0.0001541 0.0001514 0.000153 0.000164 0.0001604 0.0001808 0.0001541 0.0001792 0.0001883 0.00013535 0.00014775 0.00014775 0.00015495 0.0001001 0.00011585 0.000189 0.000116 0.00018025 0.00016965 0.00012485 0.000178 0.00017385 0.0001174 0.0001406 0.0001602 0.00013125 0.00015125 0.0001537 0.0001425 0.0001622 0.000113
40 8.5e-05 0.00011335 0.00013715 0.0001388 9.35e-05 0.00014115 0.0001353 0.0001334 0.0001332 8.495e-05 0.00017365 0.00013335 0.0001391 0.0001846 0.00018955 0.0001297 0.0001007 9.35e-05 8.945e-05 0.00013265 0.0001412 0.00013475 0.00014065 0.00014215 0.0001578 8.49e-05 0.0001097 0.00010105 0.00013665 0.0001558 0.00017635 0.00013335 0.00013215 0.0001731 0.00018415 0.0001275 0.0001421 0.0001334 0.000101 0.00013535 0.0001698 0.00011685 0.00011685 0.00016505 0.00015205 0.00014135 0.0001518 0.000126 0.00013645 0.00013195 0.00014945 0.0001315 8.95e-05 0.0001147 0.00017135 0.0001302 0.000125 0.00013525 0.0001643 0.0001457 0.00010175 0.00013345
41 0.00011935 0.00010405 0.00013725 0.000153 0.00011205 0.00014215 0.0001452 0.00014605 0.0001458 0.0001168 0.00017145 0.0001485 0.000134 0.0001816 0.00018615 0.00012825 0.00010075 0.00011455 0.00011015 0.00014695 0.0001468 0.0001485 0.00014035 0.00014055 0.00016835 0.00011925 9.97e-05 0.00010195 0.0001493 0.0001379 0.00017225 0.000146 0.00013895 0.0001659 0.0001792 0.00013985 0.0001289 0.00014605 0.00010195 0.00014775 0.00011685 0.0001789 8.945e-05 0.000138 0.00015155 0.0001419 0.000135 0.00012385 0.00013625 0.00013545 0.00013705 0.0001308 0.0001077 0.00010715 0.0001781 0.0001368 0.0001101 0.0001486 0.0001372 0.00014825 0.0001099 0.0001486
42 0.00011935 0.00010405 0.00013725 0.000153 0.00011205 0.00014215 0.0001452 0.00014605 0.0001458 0.0001168 0.00017145 0.0001485 0.000134 0.0001816 0.00018615 0.00012825 0.00010075 0.00011455 0.00011015 0.00014695 0.0001468 0.0001485 0.00014035 0.00014055 0.00016835 0.00011925 9.97e-05 0.00010195 0.0001493 0.0001379 0.00017225 0.000146 0.00013895 0.0001659 0.0001792 0.00013985 0.0001289 0.00014605 0.00010195 0.00014775 0.00011685 8.945e-05 0.0001789 0.000138 0.00015155 0.0001419 0.000135 0.00012385 0.00013625 0.00013545 0.00013705 0.0001308 0.0001077 0.00010715 0.0001781 0.0001368 0.0001101 0.0001486 0.0001372 0.00014825 0.0001099 0.0001486
43 0.00018855 0.000118 0.0001311 0.0001629 0.00015745 0.00016375 0.0001314 0.00012005 0.00014395 0.000165 0.0001647 0.00014345 0.00012895 0.00017985 0.0001824 0.00013965 0.0001459 0.00018095 0.00015785 0.00017135 0.00016095 0.000124 0.0001619 0.0001137 0.00011165 0.00018845 0.0001442 0.0001282 0.0001302 0.00013975 0.0001483 0.00011995 0.0001128 0.0001296 0.00013955 0.0001352 0.00014505 0.00012005 0.0001282 0.00015495 0.00016505 0.000138 0.000138 0.0001675 0.00014915 0.000134 0.00014765 0.0001658 0.00014895 0.0001511 0.0001628 0.0001398 0.0001344 0.00014875 0.0001207 0.0001549 0.00013635 0.0001321 9.115e-05 0.0001099 0.00012425 0.00014355
44 0.00012195 0.0001732 0.00015495 0.0001746 0.00014465 0.0001106 0.00013015 0.0001431 0.000155 0.000152 0.00015125 0.00011305 0.00015465 0.00017215 0.000181 0.00014465 0.00014385 0.00011455 0.0001494 0.000118 0.00011695 0.00014985 0.0001119 0.0001447 0.00012175 0.00012185 0.0001475 0.0001849 0.00014175 0.0001018 0.0001333 0.00014315 0.000147 0.00015015 0.0001495 0.00014935 0.00018805 0.0001431 0.0001849 0.0001001 0.00015205 0.00015155 0.00015155 0.00014915 0.0001563 0.00010695 0.0001912 0.0001189 0.00018245 0.0001752 0.0001183 0.0001817 0.00017955 0.0001264 0.0001129 0.000165 0.0001287 0.0001402 0.00014055 0.0001315 0.0001679 0.00011315
45 0.00010975 0.000164 0.00015315 0.00018175 0.00013275 0.000121 0.0001474 0.0001324 0.0001532 0.0001413 0.00016855 0.00010075 0.00015285 0.0001847 0.0001889 0.0001414 0.0001342 0.00010115 0.0001387 0.0001296 0.0001125 0.0001397 0.0001206 0.0001339 0.00011355 0.00010965 0.0001356 0.0001757 0.0001399 0.0001186 0.0001548 0.00013235 0.00013255 0.0001399 0.00013955 0.00014755 0.00018305 0.0001324 0.0001757 0.00011585 0.00014135 0.0001419 0.0001419 0.000134 0.00010695 0.0001835 0.00018275 0.00011295 0.00017415 0.0001692 0.0001333 0.0001734 0.00017035 0.0001103 0.0001095 0.00017445 0.00012705 0.0001384 0.00012745 0.0001208 0.0001587 0.00010085
46 0.00018895 9.99e-05 0.00013705 0.0001302 0.00015265 0.0001886 0.0001518 0.00014635 0.0001495 0.00015175 0.00018 0.00018345 0.000135 0.0001423 0.00011595 0.000149 0.0001441 0.0001898 0.0001457 0.00018775 0.0001842 0.0001414 0.00018705 0.0001375 0.0001677 0.00018885 0.00013845 0.0001004 0.0001493 0.0001869 0.00018125 0.0001463 0.00014685 0.0001762 0.0001321 0.0001433 0.00012975 0.00014635 0.0001004 0.000189 0.0001518 0.000135 0.000135 0.00014765 0.0001912 0.00018275 0.0001721 0.0001875 0.00011 0.00013525 0.000181 0.00013605 0.0001086 0.00017155 0.00018095 0.0001447 0.0001533 0.00014885 0.0001461 0.00014595 0.0001082 0.00018355
47 7.49e-05 0.0001791 0.00017735 0.00017 0.0001144 0.00010185 0.00016705 0.00017435 0.00017735 0.00012595 0.00016435 0.00012325 0.0001763 0.00017805 0.00017865 0.0001146 0.00011865 6.33e-05 0.00012385 0.0001134 0.0001135 0.00017865 0.0001031 0.0001749 0.00017195 7.48e-05 0.0001164 0.00017895 0.00017605 0.0001227 0.00016695 0.00017435 0.00016615 0.000166 0.000183 0.0001724 0.0001788 0.00017435 0.00017895 0.000116 0.000126 0.00012385 0.00012385 0.0001658 0.0001189 0.00011295 0.0001875 0.0001036 0.00018135 0.00018095 0.00011865 0.00017275 0.000175 8.9e-05 0.0001717 0.0001677 0.0001083 0.0001746 0.0001649 0.0001746 0.0001752 0.00012335
48 0.00018055 0.00010355 0.00012945 0.0001373 0.0001373 0.0001718 0.0001361 0.00013085 0.0001286 0.0001364 0.0001642 0.00017485 0.00013 0.0001499 0.00015235 0.00014495 0.0001303 0.0001814 0.0001317 0.00017095 0.0001674 0.0001259 0.00017025 0.00012765 0.00015225 0.00018045 0.00014 9.49e-05 0.0001334 0.00017745 0.0001735 0.00013075 0.00013135 0.0001686 0.0001459 0.0001227 0.0001323 0.00013085 9.485e-05 0.00018025 0.00013645 0.00013625 0.00013625 0.00014895 0.00018245 0.00017415 0.00011 0.00018135 0.0001659 0.00012995 0.0001639 0.00012305 8.765e-05 0.0001693 0.0001658 0.00012425 0.0001548 0.000136 0.0001474 0.00013945 9.625e-05 0.00017495
49 0.00017575 8.43e-05 0.00013965 0.0001359 0.0001349 0.0001839 0.0001258 0.00012395 0.0001258 0.0001319 0.00014485 0.00016775 0.00013925 0.000168 0.0001789 0.0001261 0.0001306 0.0001787 0.0001306 0.00018095 0.00018525 0.0001245 0.0001824 0.0001263 0.0001558 0.00017565 0.0001392 9.23e-05 0.0001291 0.0001626 0.00013355 0.00012395 0.00012215 0.00012985 0.00016695 0.0001338 0.00010005 0.00012395 9.23e-05 0.00016965 0.00013195 0.00013545 0.00013545 0.0001511 0.0001752 0.0001692 0.00013525 0.00018095 0.00012995 0.0001441 0.0001811 0.00010575 8.685e-05 0.00017185 0.00017085 0.0001134 0.00016195 0.000127 0.00014925 0.000116 7.885e-05 0.00016785
50 0.0001208 0.00018305 0.00016615 0.0001746 0.00014025 9.69e-05 0.00015345 0.0001716 0.00016155 0.0001494 0.0001338 0.0001429 0.00016495 0.00016185 0.0001752 0.00015905 0.0001364 0.0001116 0.0001492 0.0001061 0.0001119 0.00017 9.65e-05 0.00017315 0.0001656 0.0001207 0.0001427 0.00018045 0.00016815 0.0001175 0.00015255 0.00017155 0.0001647 0.0001637 0.0001722 0.00016245 0.0001795 0.0001716 0.00018045 0.00012485 0.00014945 0.00013705 0.00013705 0.0001628 0.0001183 0.0001333 0.000181 0.00011865 0.0001639 0.0001811 0.0001826 0.00017475 0.0001779 0.0001216 0.00015605 0.0001606 0.00013305 0.0001652 0.0001619 0.00017425 0.00018055 0.000143
51 0.0001745 0.0001043 0.00013395 0.00013585 0.00013165 0.00017975 0.00013495 0.00013185 0.00012025 0.00013145 0.00014785 0.0001748 0.00013415 0.00016265 0.00017835 0.00014025 0.0001236 0.00017465 0.0001261 0.0001796 0.00017955 0.00013395 0.0001782 0.00013075 0.0001543 0.0001744 0.00013685 9.355e-05 0.0001364 0.0001648 0.00014625 0.0001318 0.00012995 0.00014115 0.00017435 0.00012375 0.00010485 0.00013185 9.355e-05 0.000178 0.0001315 0.0001308 0.0001308 0.0001398 0.0001817 0.0001734 0.00013605 0.00017275 0.00012305 0.00010575 0.00017475 0.0001556 8.315e-05 0.000159 0.00017235 0.00011115 0.0001501 0.00013975 0.00014605 0.0001426 9.39e-05 0.0001749
52 0.0001677 4.53e-05 9.385e-05 0.00010205 9.245e-05 0.0001771 9.56e-05 9.08e-05 9.235e-05 8.945e-05 0.00016845 0.0001689 9.705e-05 0.0001774 0.00018405 0.0001125 8.98e-05 0.00017065 8.94e-05 0.00017415 0.0001767 9.13e-05 0.0001756 9.5e-05 0.0001315 0.0001676 0.00010785 2.65e-05 9.665e-05 0.0001741 0.00016815 9.07e-05 8.9e-05 0.0001614 0.0001728 8.17e-05 9.91e-05 9.08e-05 2.645e-05 0.00017385 8.95e-05 0.0001077 0.0001077 0.0001344 0.00017955 0.00017035 0.0001086 0.000175 8.765e-05 8.685e-05 0.0001779 8.315e-05 2.24e-05 0.00015195 0.00016115 8.49e-05 0.00013195 0.00010045 0.00013255 0.0001095 2.995e-05 0.000169
53 7.08e-05 0.00015195 0.00016005 0.00017725 0.00010055 9.895e-05 0.00016125 0.0001662 0.0001688 0.00011465 0.00016615 0.00012235 0.00015825 0.0001925 0.00019715 0.00014715 0.00010505 5.665e-05 0.000108 0.0001131 0.00010865 0.00017055 0.00010105 0.00016495 0.0001667 7.07e-05 9.375e-05 0.0001518 0.00016855 0.00012175 0.00017045 0.00016625 0.0001576 0.0001668 0.0001861 0.00015845 0.00016095 0.0001662 0.0001518 0.0001174 0.0001147 0.00010715 0.00010715 0.00014875 0.0001264 0.0001103 0.00017155 8.9e-05 0.0001693 0.00017185 0.0001216 0.000159 0.00015195 8.5e-05 0.0001727 0.0001664 8.725e-05 0.0001652 0.0001471 0.0001665 0.00015215 0.00012245
54 0.0001855 0.000166 0.0001097 0.00017355 0.0001667 0.0001521 0.0001264 9.875e-05 0.0001133 0.0001713 0.0001578 0.00011285 0.0001087 0.00017365 0.00018735 0.00016095 0.00017105 0.00018085 0.00017525 0.00015675 0.00012535 0.0001091 0.0001534 0.0001052 5.78e-05 0.0001854 0.0001768 0.0001672 9.87e-05 0.00013575 0.00014165 9.87e-05 0.00011115 0.0001263 0.00011255 0.0001027 0.0001824 9.875e-05 0.0001672 0.0001406 0.00017135 0.0001781 0.0001781 0.0001207 0.0001129 0.0001095 0.00018095 0.0001717 0.0001658 0.00017085 0.00015605 0.00017235 0.00016115 0.0001727 8.04e-05 0.00016235 0.0001635 9.75e-05 0.00010635 9.76e-05 0.00016 0.00011295
55 0.0001702 0.0001054 0.0001272 0.00012435 0.0001349 0.000163 0.00012015 0.0001304 0.00011115 0.00013015 0.0001416 0.0001703 0.0001274 0.00014475 0.0001737 0.000133 0.00012955 0.0001749 0.00012485 0.0001583 0.00017125 0.0001315 0.00016245 0.00012925 0.00015465 0.0001701 0.00014015 9.53e-05 0.00012965 0.00015425 0.0001435 0.0001303 0.00012975 0.00015295 0.00017975 0.00011695 0.00011865 0.0001304 9.525e-05 0.0001602 0.0001302 0.0001368 0.0001368 0.0001549 0.000165 0.00017445 0.0001447 0.0001677 0.00012425 0.0001134 0.0001606 0.00011115 8.49e-05 0.0001664 0.00016235 0.0001592 0.00015525 0.0001323 0.00015325 0.00014045 9.495e-05 0.0001704
56 0.0001114 0.00012845 0.000143 0.00016005 0.00011285 0.0001185 0.0001448 0.0001511 0.00015405 0.00012495 0.0001637 0.0001375 0.00014065 0.0001843 0.0001852 0.0001342 0.0001128 9.925e-05 0.0001183 0.0001307 0.0001263 0.0001548 0.00012025 0.00014695 0.00015295 0.0001113 0.0001026 0.00012825 0.00015435 0.0001318 0.00016425 0.0001511 0.00014445 0.00016385 0.00017625 0.0001444 0.00014765 0.0001511 0.00012825 0.00013125 0.000125 0.0001101 0.0001101 0.00013635 0.0001287 0.00012705 0.0001533 0.0001083 0.0001548 0.00016195 0.00013305 0.0001501 0.00013195 8.725e-05 0.0001635 0.00015525 0.0001742 0.0001512 0.0001341 0.0001514 0.0001322 0.0001376
57 0.000174 0.0001047 0.00010525 0.00014315 0.0001344 0.0001606 0.00011245 0.00010055 0.00010935 0.0001352 0.0001643 0.00013935 0.0001047 0.00017535 0.0001843 0.00013355 0.00013695 0.00017315 0.00013915 0.00016145 0.000147 0.00010605 0.0001605 0.0001081 0.0001005 0.0001739 0.0001458 0.00010775 9.685e-05 0.000152 0.0001541 0.0001006 0.0001059 0.0001475 0.0001417 9.74e-05 0.0001494 0.00010055 0.00010775 0.00015125 0.00013525 0.0001486 0.0001486 0.0001321 0.0001402 0.0001384 0.00014885 0.0001746 0.000136 0.000127 0.0001652 0.00013975 0.00010045 0.0001652 9.75e-05 0.0001323 0.0001512 0.0001806 0.000124 9.755e-05 9.74e-05 0.00013945
58 0.0001889 0.00011615 0.000123 0.0001635 0.0001557 0.00016115 0.00012905 0.00011195 0.00013585 0.00016425 0.0001653 0.00013645 0.00012085 0.00018075 0.0001833 0.00013865 0.0001451 0.0001803 0.0001571 0.00016975 0.00015295 0.00011925 0.00016075 0.0001056 9.73e-05 0.0001888 0.00014245 0.00012635 0.0001221 0.00013845 0.00014925 0.00011185 0.0001119 0.000132 0.00013175 0.0001271 0.0001465 0.00011195 0.00012635 0.0001537 0.0001643 0.0001372 0.0001372 9.115e-05 0.00014055 0.00012745 0.0001461 0.0001649 0.0001474 0.00014925 0.0001619 0.00014605 0.00013255 0.0001471 0.00010635 0.00015325 0.0001341 0.000124 0.000168 0.0001018 0.0001224 0.00013655
59 0.0001788 8.965e-05 0.00012225 0.0001505 0.00014485 0.0001702 0.00010935 8.85e-05 0.0001246 0.00014565 0.00017335 0.00012175 0.0001226 0.0001818 0.0001829 0.0001183 0.00014115 0.00017795 0.00014255 0.00017105 0.0001566 9.41e-05 0.0001701 8.91e-05 8.855e-05 0.0001787 0.000146 0.0001136 9.94e-05 0.00014265 0.0001448 8.865e-05 9.395e-05 0.00012935 0.0001209 0.0001185 0.00014905 8.85e-05 0.0001136 0.0001425 0.0001457 0.00014825 0.00014825 0.0001099 0.0001315 0.0001208 0.00014595 0.0001746 0.00013945 0.000116 0.00017425 0.0001426 0.0001095 0.0001665 9.76e-05 0.00014045 0.0001514 9.755e-05 0.0001018 0.0001292 8.555e-05 0.00012185
