 slim_761962984 slim_761962946 slim_761962971 slim_761962982 slim_761962948 slim_761962958 slim_761962956 slim_761962961 slim_761962937 slim_761962968 slim_761962980 slim_761962985 slim_761962953 slim_761962978 slim_761962959 slim_761962969 slim_761962938 slim_761962973 slim_761962950 slim_761962940 slim_761962955 slim_761962988 slim_761962987 slim_761962944 slim_761962965 slim_761962972 slim_761962967 slim_761962962 slim_761962963 slim_761962966 slim_761962960 slim_761962983 slim_761962952 slim_761962964 slim_761962951 slim_761962979 slim_761962957 slim_761962942 slim_761962986 slim_761962990 slim_761962991 slim_761962949 slim_761962975 slim_761962943 slim_761962970 slim_761962974 slim_761962936 slim_761962954 slim_761962989 slim_761962947 slim_761962941 slim_761962976 slim_761962945 slim_761962939 slim_761962981 slim_761962977
0 0.0001633 0.0001183 0.00013115 0.0001156 0.0001187 0.0001158 0.00013375 0.00010835 0.0001336 8.165e-05 0.0001361 0.00013805 0.0001284 9.84e-05 0.00015715 0.00012005 0.00011665 0.0001346 0.0001218 0.00011965 0.0001196 0.00014155 0.00011935 0.00013275 0.0001403 0.00014065 8.185e-05 0.00012675 0.00014925 0.00010925 0.00014305 0.00012325 0.0001328 0.00015615 0.0001214 0.0001027 0.0001164 8.2e-05 0.000126 0.00014125 0.0001469 0.000106 0.0001196 9.9e-05 0.00014845 9.94e-05 8.17e-05 0.0001547 0.00011385 0.00012295 0.00015355 9.335e-05 0.00013295 0.0001196 0.00011945 0.00014
1 0.0001183 0.000192 0.00011095 0.0001075 0.0001082 0.00011365 0.0001156 0.0001171 0.00011375 0.0001183 0.0001157 0.0001274 0.00013075 0.0001252 0.0001359 9.6e-05 0.00012735 0.00011445 0.0001313 0.0001096 0.00010975 0.00011295 0.0001096 0.0001145 0.00013075 0.00011585 0.00011925 0.00010265 0.000133 0.0001141 0.000121 0.00011325 0.00011455 0.00013545 0.0001274 0.00012675 9.6e-05 0.00011935 0.00011965 0.00013485 0.00014045 0.0001001 0.00010975 0.0001076 0.00013055 0.00010775 0.00011745 0.000125 0.00012175 0.0001112 0.0001373 0.0001079 0.00011455 0.00010975 0.0001097 0.0001201
2 0.00013115 0.00011095 6.13e-05 5.32e-05 0.0001236 0.00010735 0.0001006 0.00010135 9.845e-05 0.00013115 0.0001373 0.0001275 0.0001231 0.00017975 0.00016435 0.00019115 0.0001732 0.00018625 0.0001361 6.61e-05 0.00013315 4.085e-05 0.000133 0.00010605 0.00013525 0.00018515 0.0001756 0.0001074 0.00018145 0.0001797 0.00018265 6.765e-05 0.0001061 0.00017485 0.0001773 0.00015565 3.065e-05 0.0001757 5.335e-05 0.000132 0.0001523 9.29e-05 0.00013315 0.0001031 0.0001006 0.0001033 8.68e-05 0.00012255 6.97e-05 6.535e-05 0.0001784 0.0001357 0.00010615 0.00013315 0.0001331 0.00011035
3 0.0001156 0.0001075 5.32e-05 7.69e-05 0.00010815 0.00010505 9.61e-05 9.765e-05 7.75e-05 0.0001156 0.0001262 0.00010125 0.0001188 0.00015495 0.0001626 0.00017645 0.0001462 0.0001757 0.00013595 8.015e-05 0.00010965 6.365e-05 0.0001095 0.00010675 0.00013075 0.0001702 0.0001384 0.00010395 0.00017505 0.00015375 0.0001721 7.545e-05 0.0001068 0.00015885 0.0001511 0.0001525 3.845e-05 0.0001385 4.89e-05 0.0001273 0.0001528 9.53e-05 0.00010965 8.84e-05 0.00011085 8.86e-05 9.29e-05 0.00012725 9.14e-05 7.315e-05 0.000172 0.000121 0.00010685 0.00010965 0.0001096 0.0001172
4 0.0001187 0.0001082 0.0001236 0.00010815 0.000187 0.0001225 0.0001292 0.0001085 9.925e-05 0.0001187 0.0001094 0.000113 0.00015035 0.0001079 0.0001342 9.36e-05 0.0001149 0.00011145 0.00014275 0.00011915 9.525e-05 0.0001204 9.5e-05 0.000126 0.0001443 0.00011295 9.37e-05 0.00011465 0.0001294 9.995e-05 0.0001179 0.00013995 0.000126 0.000134 0.00011285 0.0001355 0.00012265 9.385e-05 0.0001072 0.00014845 0.000152 0.00011605 9.525e-05 0.0001081 0.0001301 0.00010845 0.00014395 0.00012185 0.0001343 0.00013775 0.0001337 0.0001085 0.00012615 9.525e-05 9.51e-05 0.0001145
5 0.0001158 0.00011365 0.00010735 0.00010505 0.0001225 0.0001822 0.0001279 0.00011585 0.0001304 0.0001158 0.0001129 0.000147 0.00013445 0.0001051 0.0001681 0.0001361 0.0001421 0.0001496 0.00014395 0.00010195 0.00012705 0.00011595 0.0001269 0.00012715 0.00014305 0.0001555 0.0001192 0.00012015 0.0001632 0.000134 0.00015605 0.0001084 0.0001272 0.0001698 0.00014695 0.00010415 9.11e-05 0.0001193 0.000117 0.00014695 0.0001529 9.825e-05 0.00012705 0.00010515 0.00014415 0.00010535 0.00011255 0.0001504 0.00011815 0.0001063 0.0001675 0.0001054 0.00012725 0.00012705 0.000127 0.00013005
6 0.00013375 0.0001156 0.0001006 9.61e-05 0.0001292 0.0001279 0.0001662 0.0001307 0.00011675 0.00013375 0.00013715 0.00010325 9.85e-05 0.00016615 0.00011845 0.000148 0.00012155 0.0001476 0.00012825 0.0001172 0.00013075 0.0001094 0.0001306 0.0001152 9.845e-05 0.00012265 0.00015975 0.00011115 0.0001473 0.0001493 0.0001431 9.775e-05 0.00011525 9.02e-05 0.00012845 0.00015015 8.31e-05 0.00015985 0.00010835 0.00010385 0.00013595 0.00012115 0.00013075 0.0001214 0.0001006 0.0001216 0.00010785 0.00012215 0.00011845 9.85e-05 0.0001468 0.00014045 0.0001153 0.00013075 0.0001307 0.00013035
7 0.00010835 0.0001171 0.00010135 9.765e-05 0.0001085 0.00011585 0.0001307 0.0001664 0.00011275 0.00010835 0.00012675 0.0001249 0.00013755 0.0001049 0.000162 0.0001255 0.00012 0.00014435 0.00015275 9.595e-05 0.00010875 0.0001113 0.00010855 0.00013595 0.00014585 0.00014425 8.685e-05 0.0001236 0.0001633 0.0001125 0.0001508 0.0001259 0.000136 0.0001579 0.0001248 0.0001289 0.0001086 8.695e-05 8.61e-05 0.00014995 0.0001619 0.00011735 0.00010875 9.77e-05 0.00012345 9.795e-05 0.00013005 0.00013165 0.00011215 0.0001238 0.0001676 9.8e-05 0.00013605 0.00010875 0.00010865 0.0001153
8 0.0001336 0.00011375 9.845e-05 7.75e-05 9.925e-05 0.0001304 0.00011675 0.00011275 0.0001121 0.0001336 0.00010895 9.365e-05 0.00014955 0.0001452 0.0001337 0.00012845 0.00013155 0.00013325 0.00013965 0.0001127 9.235e-05 9.525e-05 9.23e-05 0.0001185 0.0001435 0.0001298 0.0001286 0.00011675 0.00013815 0.0001315 0.00013625 0.00012765 0.00011855 0.00013285 0.00012985 0.0001692 9.89e-05 0.0001288 7.515e-05 0.0001419 0.00015635 0.0001285 9.235e-05 0.00011375 0.00011625 0.0001139 0.0001386 0.00011185 0.00012645 0.0001257 0.0001325 0.0001327 0.00011865 9.235e-05 9.24e-05 0.0001147
9 8.165e-05 0.0001183 0.00013115 0.0001156 0.0001187 0.0001158 0.00013375 0.00010835 0.0001336 0.0001633 0.0001361 0.00013805 0.0001284 9.84e-05 0.00015715 0.00012005 0.00011665 0.0001346 0.0001218 0.00011965 0.0001196 0.00014155 0.00011935 0.00013275 0.0001403 0.00014065 8.185e-05 0.00012675 0.00014925 0.00010925 0.00014305 0.00012325 0.0001328 0.00015615 0.0001214 0.0001027 0.0001164 8.2e-05 0.000126 0.00014125 0.0001469 0.000106 0.0001196 9.9e-05 0.00014845 9.94e-05 8.17e-05 0.0001547 0.00011385 0.00012295 0.00015355 9.335e-05 0.00013295 0.0001196 0.00011945 0.00014
10 0.0001361 0.0001157 0.0001373 0.0001262 0.0001094 0.0001129 0.00013715 0.00012675 0.00010895 0.0001361 0.000179 0.0001254 0.00016165 0.0001029 0.00013745 9.5e-05 0.00012735 0.00010815 0.00014475 0.00013285 0.00010305 0.00013225 0.0001029 0.0001288 0.00015225 0.0001148 0.0001164 0.00012215 0.0001214 0.00011205 0.0001146 0.00015355 0.00012885 0.0001363 0.0001254 0.00012505 0.00013625 0.0001165 0.00012535 0.000156 0.0001544 0.00012805 0.00010305 0.0001263 0.00013815 0.00012655 0.00015595 0.00012985 0.0001472 0.0001514 0.0001257 0.0001266 0.00012895 0.00010305 0.000103 0.00011735
11 0.00013805 0.0001274 0.0001275 0.00010125 0.000113 0.000147 0.00010325 0.0001249 9.365e-05 0.00013805 0.0001254 0.0001477 0.0001246 0.0001449 0.0001076 0.00012605 0.00010135 0.0001303 0.0001438 0.00014185 0.0001051 0.0001243 0.00010495 0.0001316 0.00011855 0.0001 0.0001246 0.00012295 0.00013465 0.0001208 0.00012585 0.00014325 0.00013165 7.585e-05 9.92e-05 0.00016835 0.0001286 0.0001247 9.82e-05 0.0001238 0.0001522 0.0001455 0.0001051 0.00012655 0.0001021 0.0001268 0.0001516 0.00010985 0.00014445 0.00014395 0.00013415 0.00014565 0.00013175 0.0001051 0.00010505 0.0001258
12 0.0001284 0.00013075 0.0001231 0.0001188 0.00015035 0.00013445 9.85e-05 0.00013755 0.00014955 0.0001284 0.00016165 0.0001246 0.0001224 0.0001592 0.0001349 0.0001616 0.00012345 0.0001621 0.0001218 0.0001237 0.0001519 0.0001387 0.00015175 0.00013125 7.92e-05 0.00013645 0.00014945 0.00012675 0.0001627 0.0001514 0.00015805 9.485e-05 0.0001313 0.00010425 0.0001303 0.0001367 9.98e-05 0.00014955 0.00013685 0.00011135 0.0001348 0.00012315 0.0001519 0.0001246 0.0001218 0.0001248 0.00010745 0.0001449 0.00012695 8.055e-05 0.00016395 0.0001278 0.00013135 0.0001519 0.00015185 0.0001516
13 9.84e-05 0.0001252 0.00017975 0.00015495 0.0001079 0.0001051 0.00016615 0.0001049 0.0001452 9.84e-05 0.0001029 0.0001449 0.0001592 6.16e-05 0.0001662 7.09e-05 9.215e-05 0.00010815 0.00016595 0.000139 0.00010315 0.00018315 0.0001029 0.0001624 0.00016175 0.00011505 3.1e-05 0.00014175 0.0001455 6.735e-05 0.0001247 0.00017695 0.00016245 0.00015605 9.495e-05 8.29e-05 0.00017935 3.115e-05 0.00015195 0.00017305 0.0001679 0.0001243 0.00010315 0.0001051 0.0001665 0.00010545 0.00016605 0.00015995 0.00016225 0.000175 0.00015715 7.32e-05 0.00016255 0.00010315 0.000103 0.00013725
14 0.00015715 0.0001359 0.00016435 0.0001626 0.0001342 0.0001681 0.00011845 0.000162 0.0001337 0.00015715 0.00013745 0.0001076 0.0001349 0.0001662 0.0001131 0.00010495 0.00011675 9.085e-05 0.0001211 0.0001702 0.00013435 0.0001527 0.0001342 0.00012175 0.00011685 8.08e-05 0.0001631 0.00012505 7.685e-05 0.0001231 8e-05 0.0001637 0.0001218 6.34e-05 0.0001098 0.00015805 0.0001667 0.0001632 0.00015985 0.00012625 0.0001236 0.0001594 0.00013435 0.00016485 0.00011605 0.0001651 0.0001513 9.62e-05 0.000157 0.00016515 7.19e-05 0.00017145 0.0001219 0.00013435 0.0001343 0.0001266
15 0.00012005 9.6e-05 0.00019115 0.00017645 9.36e-05 0.0001361 0.000148 0.0001255 0.00012845 0.00012005 9.5e-05 0.00012605 0.0001616 7.09e-05 0.00010495 0.0 8.3e-05 4.225e-05 0.00014175 0.00015845 8.575e-05 0.0001795 8.56e-05 0.0001382 0.0001436 4.55e-05 6.165e-05 0.0001127 8.46e-05 4.745e-05 5.895e-05 0.00018945 0.00013825 9.755e-05 7.625e-05 0.00011395 0.00019185 6.175e-05 0.00017535 0.0001551 0.0001439 0.0001308 8.575e-05 0.0001267 0.00014725 0.00012695 0.00017855 0.00011705 0.00017365 0.0001875 9.625e-05 9.475e-05 0.00013835 8.575e-05 8.57e-05 0.00011995
16 0.00011665 0.00012735 0.0001732 0.0001462 0.0001149 0.0001421 0.00012155 0.00012 0.00013155 0.00011665 0.00012735 0.00010135 0.00012345 9.215e-05 0.00011675 8.3e-05 0.000143 0.00010635 0.00015045 0.00015445 0.00010685 0.0001768 0.0001069 0.00015065 0.00011735 8.24e-05 7.165e-05 0.00013295 0.0001298 8.295e-05 0.00011195 0.0001665 0.0001507 7.665e-05 7.675e-05 0.0001291 0.00017155 7.195e-05 0.0001435 0.00013015 0.00015115 0.0001473 0.00010685 0.00012165 0.00012315 0.0001217 0.00016155 0.0001319 0.00016275 0.0001674 0.00013665 0.0001083 0.0001508 0.00010685 0.000107 0.00013775
17 0.0001346 0.00011445 0.00018625 0.0001757 0.00011145 0.0001496 0.0001476 0.00014435 0.00013325 0.0001346 0.00010815 0.0001303 0.0001621 0.00010815 9.085e-05 4.225e-05 0.00010635 8.45e-05 0.000122 0.000166 0.0001038 0.0001746 0.00010365 0.0001144 0.00014405 6.895e-05 0.0001038 0.00011455 4.235e-05 7.305e-05 4.235e-05 0.0001862 0.00011445 0.00010215 9.965e-05 0.00012185 0.0001865 0.0001039 0.00017505 0.00015625 0.00012125 0.00014475 0.0001038 0.0001451 0.0001473 0.00014535 0.0001655 0.00011265 0.0001649 0.000183 5.415e-05 0.0001256 0.00011455 0.0001038 0.00010375 0.00011365
18 0.0001218 0.0001313 0.0001361 0.00013595 0.00014275 0.00014395 0.00012825 0.00015275 0.00013965 0.0001218 0.00014475 0.0001438 0.0001218 0.00016595 0.0001211 0.00014175 0.00015045 0.000122 0.0001575 0.0001452 0.0001437 0.00013805 0.00014355 0.00011145 0.0001217 0.00013905 0.0001649 0.00012905 0.0001023 0.000151 0.00011975 0.0001278 0.0001115 0.00013605 0.00015055 0.0001337 0.0001207 0.000165 0.0001485 0.0001362 0.00012485 0.00013075 0.0001437 0.0001427 0.0001436 0.000143 7.88e-05 0.00014605 0.00012065 0.00011415 0.0001011 0.00015355 0.00011165 0.0001437 0.00014365 0.00013835
19 0.00011965 0.0001096 6.61e-05 8.015e-05 0.00011915 0.00010195 0.0001172 9.595e-05 0.0001127 0.00011965 0.00013285 0.00014185 0.0001237 0.000139 0.0001702 0.00015845 0.00015445 0.000166 0.0001452 0.0001213 0.00012875 7.725e-05 0.0001286 0.00011715 0.000136 0.0001712 0.00013485 0.0001159 0.00017365 0.0001528 0.00017225 8.545e-05 0.0001172 0.00017885 0.0001593 0.00012625 6.065e-05 0.00013495 8.13e-05 0.00014455 0.0001512 8.865e-05 0.00012875 9.775e-05 0.00012265 9.795e-05 0.0001046 0.0001308 8.815e-05 7.95e-05 0.00017795 9.795e-05 0.00011725 0.00012875 0.0001287 0.0001158
20 0.0001196 0.00010975 0.00013315 0.00010965 9.525e-05 0.00012705 0.00013075 0.00010875 9.235e-05 0.0001196 0.00010305 0.0001051 0.0001519 0.00010315 0.00013435 8.575e-05 0.00010685 0.0001038 0.0001437 0.00012875 0.0001713 0.00012995 8.575e-05 0.00012775 0.00014585 0.0001051 8.58e-05 0.00011625 0.00012195 9.23e-05 0.0001103 0.0001509 0.0001278 0.00012615 0.00010515 0.00013925 0.0001336 8.61e-05 0.0001073 0.0001498 0.00015355 0.0001252 8.57e-05 0.00010975 0.00013025 0.0001098 0.0001533 0.000122 0.00014305 0.00014875 0.00012625 0.00010995 0.0001279 8.57e-05 8.585e-05 0.0001148
21 0.00014155 0.00011295 4.085e-05 6.365e-05 0.0001204 0.00011595 0.0001094 0.0001113 9.525e-05 0.00014155 0.00013225 0.0001243 0.0001387 0.00018315 0.0001527 0.0001795 0.0001768 0.0001746 0.00013805 7.725e-05 0.00012995 7.08e-05 0.0001298 0.000108 0.000144 0.0001735 0.00018085 0.00010935 0.0001698 0.0001765 0.000171 8.325e-05 0.00010805 0.00017 0.0001741 0.0001642 4.625e-05 0.00018095 6.08e-05 0.0001408 0.0001543 9.49e-05 0.00012995 0.0001135 0.00010395 0.00011375 0.00010235 0.00011135 7.985e-05 8.09e-05 0.00016675 0.00014615 0.00010815 0.00012995 0.0001299 0.00010785
22 0.00011935 0.0001096 0.000133 0.0001095 9.5e-05 0.0001269 0.0001306 0.00010855 9.23e-05 0.00011935 0.0001029 0.00010495 0.00015175 0.0001029 0.0001342 8.56e-05 0.0001069 0.00010365 0.00014355 0.0001286 8.575e-05 0.0001298 0.000171 0.0001276 0.0001457 0.00010495 8.575e-05 0.0001161 0.0001218 9.205e-05 0.00011015 0.00015075 0.00012765 0.000126 0.0001049 0.0001391 0.00013345 8.59e-05 0.00010715 0.00014965 0.0001534 0.00012515 8.575e-05 0.0001095 0.0001301 0.00010985 0.00015315 0.00012185 0.0001429 0.0001486 0.0001261 0.00010995 0.00012775 8.575e-05 8.56e-05 0.00011465
23 0.00013275 0.0001145 0.00010605 0.00010675 0.000126 0.00012715 0.0001152 0.00013595 0.0001185 0.00013275 0.0001288 0.0001316 0.00013125 0.0001624 0.00012175 0.0001382 0.00015065 0.0001144 0.00011145 0.00011715 0.00012775 0.000108 0.0001276 0.0001812 0.00013115 0.00013925 0.00016135 0.00010445 9.07e-05 0.00013965 0.00010435 0.00011005 9.07e-05 0.00014 0.00015075 0.00013455 9.065e-05 0.00016145 0.0001193 0.000136 0.0001178 0.000114 0.00012775 0.0001259 0.00013055 0.0001262 0.00010425 0.00012055 0.0001129 0.00010665 9.515e-05 0.00013875 9.08e-05 0.00012775 0.0001277 0.00011375
24 0.0001403 0.00013075 0.00013525 0.00013075 0.0001443 0.00014305 9.845e-05 0.00014585 0.0001435 0.0001403 0.00015225 0.00011855 7.92e-05 0.00016175 0.00011685 0.0001436 0.00011735 0.00014405 0.0001217 0.000136 0.00014585 0.000144 0.0001457 0.00013115 0.0001582 0.00011845 0.00015535 0.00012665 0.0001446 0.0001453 0.00013995 0.0001128 0.0001312 8.62e-05 0.00012425 0.00014525 0.00011775 0.00015545 0.00014295 0.0001113 0.00013475 0.00013625 0.00014585 0.0001365 0.0001159 0.00013675 0.00012535 0.00013535 0.00013905 9.845e-05 0.00014585 0.00013975 0.0001313 0.00014585 0.0001458 0.00014585
25 0.00014065 0.00011585 0.00018515 0.0001702 0.00011295 0.0001555 0.00012265 0.00014425 0.0001298 0.00014065 0.0001148 0.0001 0.00013645 0.00011505 8.08e-05 4.55e-05 8.24e-05 6.895e-05 0.00013905 0.0001712 0.0001051 0.0001735 0.00010495 0.00013925 0.00011845 9.1e-05 0.00010535 0.00012155 9.25e-05 8.105e-05 7.465e-05 0.000181 0.0001393 5.24e-05 7.54e-05 0.0001425 0.00018605 0.00010545 0.0001689 0.00013125 0.00013975 0.0001502 0.0001051 0.00014565 0.0001217 0.0001459 0.00017605 0.0001075 0.0001747 0.0001819 9.935e-05 0.00013245 0.0001394 0.0001051 0.00010505 0.0001286
26 8.185e-05 0.00011925 0.0001756 0.0001384 9.37e-05 0.0001192 0.00015975 8.685e-05 0.0001286 8.185e-05 0.0001164 0.0001246 0.00014945 3.1e-05 0.0001631 6.165e-05 7.165e-05 0.0001038 0.0001649 0.00013485 8.58e-05 0.00018085 8.575e-05 0.00016135 0.00015535 0.00010535 7e-07 0.0001358 0.00014605 4.75e-05 0.00012035 0.0001743 0.0001614 0.0001459 7.465e-05 9.7e-05 0.0001767 7e-07 0.0001339 0.00016685 0.00016705 0.00012145 8.58e-05 8.855e-05 0.0001586 8.87e-05 0.0001634 0.0001521 0.0001581 0.00017235 0.0001577 5.65e-05 0.0001615 8.58e-05 8.585e-05 0.00013465
27 0.00012675 0.00010265 0.0001074 0.00010395 0.00011465 0.00012015 0.00011115 0.0001236 0.00011675 0.00012675 0.00012215 0.00012295 0.00012675 0.00014175 0.00012505 0.0001127 0.00013295 0.00011455 0.00012905 0.0001159 0.00011625 0.00010935 0.0001161 0.00010445 0.00012665 0.00012155 0.0001358 0.0001848 0.0001165 0.00011405 0.00010445 0.00010905 0.0001045 0.0001301 0.000133 0.00013085 9.245e-05 0.0001359 0.00011605 0.00012985 0.00012975 0.0001066 0.00011625 0.0001141 0.00012605 0.00011435 0.00011785 0.0001171 0.00012015 0.000108 0.00012085 0.0001243 0.0001046 0.00011625 0.0001162 0.00011
28 0.00014925 0.000133 0.00018145 0.00017505 0.0001294 0.0001632 0.0001473 0.0001633 0.00013815 0.00014925 0.0001214 0.00013465 0.0001627 0.0001455 7.685e-05 8.46e-05 0.0001298 4.235e-05 0.0001023 0.00017365 0.00012195 0.0001698 0.0001218 9.07e-05 0.0001446 9.25e-05 0.00014605 0.0001165 2e-07 9.875e-05 2.585e-05 0.00018305 9.075e-05 0.00010685 0.00012315 0.00012985 0.00018125 0.00014615 0.00017485 0.0001575 9.865e-05 0.0001588 0.00012195 0.0001636 0.00014745 0.00016385 0.00015255 0.00010835 0.00015625 0.0001786 1.21e-05 0.00015655 9.085e-05 0.00012195 0.0001219 0.00010745
29 0.00010925 0.0001141 0.0001797 0.00015375 9.995e-05 0.000134 0.0001493 0.0001125 0.0001315 0.00010925 0.00011205 0.0001208 0.0001514 6.735e-05 0.0001231 4.745e-05 8.295e-05 7.305e-05 0.000151 0.0001528 9.23e-05 0.0001765 9.205e-05 0.00013965 0.0001453 8.105e-05 4.75e-05 0.00011405 9.875e-05 9.45e-05 7.3e-05 0.0001775 0.0001397 0.0001163 8.09e-05 0.00010945 0.0001806 4.765e-05 0.00015095 0.00015585 0.00014465 0.0001326 9.23e-05 0.000114 0.00014835 0.00011435 0.0001713 0.0001266 0.0001642 0.00017665 0.00011045 9.195e-05 0.0001398 9.23e-05 9.215e-05 0.0001171
30 0.00014305 0.000121 0.00018265 0.0001721 0.0001179 0.00015605 0.0001431 0.0001508 0.00013625 0.00014305 0.0001146 0.00012585 0.00015805 0.0001247 8e-05 5.895e-05 0.00011195 4.235e-05 0.00011975 0.00017225 0.0001103 0.000171 0.00011015 0.00010435 0.00013995 7.465e-05 0.00012035 0.00010445 2.585e-05 7.3e-05 5.15e-05 0.0001819 0.0001044 9.68e-05 0.00010525 0.00012595 0.0001829 0.00012045 0.00017145 0.0001512 0.0001105 0.00015125 0.0001103 0.0001516 0.0001428 0.00015185 0.0001659 0.00010475 0.0001633 0.0001798 3.77e-05 0.00014195 0.00010445 0.0001103 0.00011025 0.00010355
31 0.00012325 0.00011325 6.765e-05 7.545e-05 0.00013995 0.0001084 9.775e-05 0.0001259 0.00012765 0.00012325 0.00015355 0.00014325 9.485e-05 0.00017695 0.0001637 0.00018945 0.0001665 0.0001862 0.0001278 8.545e-05 0.0001509 8.325e-05 0.00015075 0.00011005 0.0001128 0.000181 0.0001743 0.00010905 0.00018305 0.0001775 0.0001819 7.41e-05 0.0001101 0.0001655 0.00017335 0.0001379 3.705e-05 0.0001744 0.0001008 0.00010415 0.0001232 8.655e-05 0.0001509 0.00010565 0.00012835 0.0001058 7.23e-05 0.0001482 9.33e-05 5.215e-05 0.00017995 0.00012605 0.0001101 0.0001509 0.00015085 0.0001367
32 0.0001328 0.00011455 0.0001061 0.0001068 0.000126 0.0001272 0.00011525 0.000136 0.00011855 0.0001328 0.00012885 0.00013165 0.0001313 0.00016245 0.0001218 0.00013825 0.0001507 0.00011445 0.0001115 0.0001172 0.0001278 0.00010805 0.00012765 9.07e-05 0.0001312 0.0001393 0.0001614 0.0001045 9.075e-05 0.0001397 0.0001044 0.0001101 0.0001813 0.00014005 0.0001508 0.00013465 9.07e-05 0.0001615 0.00011935 0.00013605 0.00011785 0.000114 0.0001278 0.000126 0.0001306 0.00012625 0.0001043 0.0001206 0.00011295 0.00010665 9.52e-05 0.0001388 9.085e-05 0.0001278 0.00012775 0.0001138
33 0.00015615 0.00013545 0.00017485 0.00015885 0.000134 0.0001698 9.02e-05 0.0001579 0.00013285 0.00015615 0.0001363 7.585e-05 0.00010425 0.00015605 6.34e-05 9.755e-05 7.665e-05 0.00010215 0.00013605 0.00017885 0.00012615 0.00017 0.000126 0.00014 8.62e-05 5.24e-05 0.0001459 0.0001301 0.00010685 0.0001163 9.68e-05 0.0001655 0.00014005 1.43e-05 7.65e-05 0.00016595 0.0001732 0.000146 0.00015765 0.0001003 0.0001353 0.0001713 0.00012615 0.0001595 9.18e-05 0.00015975 0.0001665 0.0001047 0.00017145 0.00016925 0.0001089 0.00016505 0.00014015 0.00012615 0.0001261 0.0001389
34 0.0001214 0.0001274 0.0001773 0.0001511 0.00011285 0.00014695 0.00012845 0.0001248 0.00012985 0.0001214 0.0001254 9.92e-05 0.0001303 9.495e-05 0.0001098 7.625e-05 7.675e-05 9.965e-05 0.00015055 0.0001593 0.00010515 0.0001741 0.0001049 0.00015075 0.00012425 7.54e-05 7.465e-05 0.000133 0.00012315 8.09e-05 0.00010525 0.00017335 0.0001508 7.65e-05 0.0001489 0.0001339 0.0001784 7.48e-05 0.0001481 0.00013705 0.00015125 0.0001455 0.00010515 0.00012645 0.0001273 0.0001268 0.0001684 0.00012495 0.00016685 0.00017425 0.00013 0.0001133 0.0001509 0.00010515 0.000105 0.00013585
35 0.0001027 0.00012675 0.00015565 0.0001525 0.0001355 0.00010415 0.00015015 0.0001289 0.0001692 0.0001027 0.00012505 0.00016835 0.0001367 8.29e-05 0.00015805 0.00011395 0.0001291 0.00012185 0.0001337 0.00012625 0.00013925 0.0001642 0.0001391 0.00013455 0.00014525 0.0001425 9.7e-05 0.00013085 0.00012985 0.00010945 0.00012595 0.0001379 0.00013465 0.00016595 0.0001339 0.0001377 0.0001394 9.71e-05 0.0001644 0.00015725 0.00014015 0.0001113 0.00013925 0.00011815 0.00016635 0.00011845 0.0001086 0.0001598 0.0001294 0.00013455 0.00014155 9.45e-05 0.00013475 0.00013925 0.0001392 0.00014075
36 0.0001164 9.6e-05 3.065e-05 3.845e-05 0.00012265 9.11e-05 8.31e-05 0.0001086 9.89e-05 0.0001164 0.00013625 0.0001286 9.98e-05 0.00017935 0.0001667 0.00019185 0.00017155 0.0001865 0.0001207 6.065e-05 0.0001336 4.625e-05 0.00013345 9.065e-05 0.00011775 0.00018605 0.0001767 9.245e-05 0.00018125 0.0001806 0.0001829 3.705e-05 9.07e-05 0.0001732 0.0001784 0.0001394 1e-07 0.0001768 6.38e-05 0.0001145 0.0001369 6.925e-05 0.0001336 8.835e-05 0.0001137 8.855e-05 5.62e-05 0.0001328 6.97e-05 3.475e-05 0.0001782 0.00012095 9.075e-05 0.0001336 0.00013355 0.0001201
37 8.2e-05 0.00011935 0.0001757 0.0001385 9.385e-05 0.0001193 0.00015985 8.695e-05 0.0001288 8.2e-05 0.0001165 0.0001247 0.00014955 3.115e-05 0.0001632 6.175e-05 7.195e-05 0.0001039 0.000165 0.00013495 8.61e-05 0.00018095 8.59e-05 0.00016145 0.00015545 0.00010545 7e-07 0.0001359 0.00014615 4.765e-05 0.00012045 0.0001744 0.0001615 0.000146 7.48e-05 9.71e-05 0.0001768 9e-07 0.000134 0.00016695 0.00016715 0.00012165 8.61e-05 8.87e-05 0.0001587 8.9e-05 0.0001635 0.0001522 0.0001582 0.00017245 0.0001578 5.675e-05 0.0001616 8.61e-05 8.59e-05 0.00013475
38 0.000126 0.00011965 5.335e-05 4.89e-05 0.0001072 0.000117 0.00010835 8.61e-05 7.515e-05 0.000126 0.00012535 9.82e-05 0.00013685 0.00015195 0.00015985 0.00017535 0.0001435 0.00017505 0.0001485 8.13e-05 0.0001073 6.08e-05 0.00010715 0.0001193 0.00014295 0.0001689 0.0001339 0.00011605 0.00017485 0.00015095 0.00017145 0.0001008 0.00011935 0.00015765 0.0001481 0.0001644 6.38e-05 0.000134 6.79e-05 0.00013955 0.0001654 0.00011705 0.0001073 9.88e-05 9.785e-05 9.905e-05 0.0001182 0.0001166 9.15e-05 9.845e-05 0.0001718 0.00013145 0.00011945 0.0001073 0.00010725 0.00010555
39 0.00014125 0.00013485 0.000132 0.0001273 0.00014845 0.00014695 0.00010385 0.00014995 0.0001419 0.00014125 0.000156 0.0001238 0.00011135 0.00017305 0.00012625 0.0001551 0.00013015 0.00015625 0.0001362 0.00014455 0.0001498 0.0001408 0.00014965 0.000136 0.0001113 0.00013125 0.00016685 0.00012985 0.0001575 0.00015585 0.0001512 0.00010415 0.00013605 0.0001003 0.00013705 0.00015725 0.0001145 0.00016695 0.00013955 0.0001594 0.0001186 0.0001404 0.0001498 0.00014065 0.00012135 0.00014085 0.00011575 0.0001403 0.00014065 0.000122 0.0001544 0.00015565 0.0001361 0.0001498 0.00014975 0.0001491
40 0.0001469 0.00014045 0.0001523 0.0001528 0.000152 0.0001529 0.00013595 0.0001619 0.00015635 0.0001469 0.0001544 0.0001522 0.0001348 0.0001679 0.0001236 0.0001439 0.00015115 0.00012125 0.00012485 0.0001512 0.00015355 0.0001543 0.0001534 0.0001178 0.00013475 0.00013975 0.00016705 0.00012975 9.865e-05 0.00014465 0.0001105 0.0001232 0.00011785 0.0001353 0.00015125 0.00014015 0.0001369 0.00016715 0.0001654 0.0001186 0.0001972 0.00014 0.00015355 0.00015195 0.00015135 0.00015215 0.00012685 0.0001421 0.0001444 0.00013575 0.00010305 0.0001525 0.0001179 0.00015355 0.0001535 0.0001391
41 0.000106 0.0001001 9.29e-05 9.53e-05 0.00011605 9.825e-05 0.00012115 0.00011735 0.0001285 0.000106 0.00012805 0.0001455 0.00012315 0.0001243 0.0001594 0.0001308 0.0001473 0.00014475 0.00013075 8.865e-05 0.0001252 9.49e-05 0.00012515 0.000114 0.00013625 0.0001502 0.00012145 0.0001066 0.0001588 0.0001326 0.00015125 8.655e-05 0.000114 0.0001713 0.0001455 0.0001113 6.925e-05 0.00012165 0.00011705 0.0001404 0.00014 0.0001276 0.0001252 9.535e-05 0.00014475 9.55e-05 9.055e-05 0.0001384 0.0001036 8.435e-05 0.0001631 9.56e-05 0.00011415 0.0001252 0.00012525 0.0001254
42 0.0001196 0.00010975 0.00013315 0.00010965 9.525e-05 0.00012705 0.00013075 0.00010875 9.235e-05 0.0001196 0.00010305 0.0001051 0.0001519 0.00010315 0.00013435 8.575e-05 0.00010685 0.0001038 0.0001437 0.00012875 8.57e-05 0.00012995 8.575e-05 0.00012775 0.00014585 0.0001051 8.58e-05 0.00011625 0.00012195 9.23e-05 0.0001103 0.0001509 0.0001278 0.00012615 0.00010515 0.00013925 0.0001336 8.61e-05 0.0001073 0.0001498 0.00015355 0.0001252 0.0001713 0.00010975 0.00013025 0.00010975 0.0001533 0.000122 0.00014305 0.00014875 0.00012625 0.00010995 0.0001279 8.57e-05 8.585e-05 0.0001148
43 9.9e-05 0.0001076 0.0001031 8.84e-05 0.0001081 0.00010515 0.0001214 9.77e-05 0.00011375 9.9e-05 0.0001263 0.00012655 0.0001246 0.0001051 0.00016485 0.0001267 0.00012165 0.0001451 0.0001427 9.775e-05 0.00010975 0.0001135 0.0001095 0.0001259 0.0001365 0.00014565 8.855e-05 0.0001141 0.0001636 0.000114 0.0001516 0.00010565 0.000126 0.0001595 0.00012645 0.00011815 8.835e-05 8.87e-05 9.88e-05 0.00014065 0.00015195 9.535e-05 0.00010975 0.0001766 0.0001361 8.87e-05 0.00010965 0.0001424 0.0001138 0.0001035 0.0001679 8.88e-05 0.0001261 0.00010975 0.0001096 0.00012735
44 0.00014845 0.00013055 0.0001006 0.00011085 0.0001301 0.00014415 0.0001006 0.00012345 0.00011625 0.00014845 0.00013815 0.0001021 0.0001218 0.0001665 0.00011605 0.00014725 0.00012315 0.0001473 0.0001436 0.00012265 0.00013025 0.00010395 0.0001301 0.00013055 0.0001159 0.0001217 0.0001586 0.00012605 0.00014745 0.00014835 0.0001428 0.00012835 0.0001306 9.18e-05 0.0001273 0.00016635 0.0001137 0.0001587 9.785e-05 0.00012135 0.00015135 0.00014475 0.00013025 0.0001361 0.0001749 0.00013635 0.0001384 0.00011185 0.0001184 0.00012905 0.00014695 0.0001552 0.0001307 0.00013025 0.0001302 0.00012055
45 9.94e-05 0.00010775 0.0001033 8.86e-05 0.00010845 0.00010535 0.0001216 9.795e-05 0.0001139 9.94e-05 0.00012655 0.0001268 0.0001248 0.00010545 0.0001651 0.00012695 0.0001217 0.00014535 0.000143 9.795e-05 0.0001098 0.00011375 0.00010985 0.0001262 0.00013675 0.0001459 8.87e-05 0.00011435 0.00016385 0.00011435 0.00015185 0.0001058 0.00012625 0.00015975 0.0001268 0.00011845 8.855e-05 8.9e-05 9.905e-05 0.00014085 0.00015215 9.55e-05 0.00010975 8.87e-05 0.00013635 0.0001771 0.00011 0.00014265 0.0001141 0.00010375 0.00016815 8.885e-05 0.00012625 0.0001098 0.00010995 0.0001276
46 8.17e-05 0.00011745 8.68e-05 9.29e-05 0.00014395 0.00011255 0.00010785 0.00013005 0.0001386 8.17e-05 0.00015595 0.0001516 0.00010745 0.00016605 0.0001513 0.00017855 0.00016155 0.0001655 7.88e-05 0.0001046 0.0001533 0.00010235 0.00015315 0.00010425 0.00012535 0.00017605 0.0001634 0.00011785 0.00015255 0.0001713 0.0001659 7.23e-05 0.0001043 0.0001665 0.0001684 0.0001086 5.62e-05 0.0001635 0.0001182 0.00011575 0.00012685 9.055e-05 0.0001533 0.00010965 0.0001384 0.00011 1e-07 0.0001574 6.97e-05 7.365e-05 0.0001495 0.0001302 0.0001045 0.0001533 0.00015325 0.0001455
47 0.0001547 0.000125 0.00012255 0.00012725 0.00012185 0.0001504 0.00012215 0.00013165 0.00011185 0.0001547 0.00012985 0.00010985 0.0001449 0.00015995 9.62e-05 0.00011705 0.0001319 0.00011265 0.00014605 0.0001308 0.000122 0.00011135 0.00012185 0.00012055 0.00013535 0.0001075 0.0001521 0.0001171 0.00010835 0.0001266 0.00010475 0.0001482 0.0001206 0.0001047 0.00012495 0.0001598 0.0001328 0.0001522 0.0001166 0.0001403 0.0001421 0.0001384 0.000122 0.0001424 0.00011185 0.00014265 0.0001574 0.0001507 0.0001298 0.00014605 0.00010665 0.0001514 0.0001207 0.000122 0.00012195 0.00011075
48 0.00011385 0.00012175 6.97e-05 9.14e-05 0.0001343 0.00011815 0.00011845 0.00011215 0.00012645 0.00011385 0.0001472 0.00014445 0.00012695 0.00016225 0.000157 0.00017365 0.00016275 0.0001649 0.00012065 8.815e-05 0.00014305 7.985e-05 0.0001429 0.0001129 0.00013905 0.0001747 0.0001581 0.00012015 0.00015625 0.0001642 0.0001633 9.33e-05 0.00011295 0.00017145 0.00016685 0.0001294 6.97e-05 0.0001582 9.15e-05 0.00014065 0.0001444 0.0001036 0.00014305 0.0001138 0.0001184 0.0001141 6.97e-05 0.0001298 0.0001393 9.03e-05 0.000159 0.0001295 0.0001131 0.00014305 0.000143 0.0001231
49 0.00012295 0.0001112 6.535e-05 7.315e-05 0.00013775 0.0001063 9.85e-05 0.0001238 0.0001257 0.00012295 0.0001514 0.00014395 8.055e-05 0.000175 0.00016515 0.0001875 0.0001674 0.000183 0.00011415 7.95e-05 0.00014875 8.09e-05 0.0001486 0.00010665 9.845e-05 0.0001819 0.00017235 0.000108 0.0001786 0.00017665 0.0001798 5.215e-05 0.00010665 0.00016925 0.00017425 0.00013455 3.475e-05 0.00017245 9.845e-05 0.000122 0.00013575 8.435e-05 0.00014875 0.0001035 0.00012905 0.00010375 7.365e-05 0.00014605 9.03e-05 6.94e-05 0.0001773 0.0001203 0.0001068 0.00014875 0.0001487 0.00013565
50 0.00015355 0.0001373 0.0001784 0.000172 0.0001337 0.0001675 0.0001468 0.0001676 0.0001325 0.00015355 0.0001257 0.00013415 0.00016395 0.00015715 7.19e-05 9.625e-05 0.00013665 5.415e-05 0.0001011 0.00017795 0.00012625 0.00016675 0.0001261 9.515e-05 0.00014585 9.935e-05 0.0001577 0.00012085 1.21e-05 0.00011045 3.77e-05 0.00017995 9.52e-05 0.0001089 0.00013 0.00014155 0.0001782 0.0001578 0.0001718 0.0001544 0.00010305 0.0001631 0.00012625 0.0001679 0.00014695 0.00016815 0.0001495 0.00010665 0.000159 0.0001773 2.41e-05 0.0001682 9.53e-05 0.00012625 0.0001262 0.00011185
51 9.335e-05 0.0001079 0.0001357 0.000121 0.0001085 0.0001054 0.00014045 9.8e-05 0.0001327 9.335e-05 0.0001266 0.00014565 0.0001278 7.32e-05 0.00017145 9.475e-05 0.0001083 0.0001256 0.00015355 9.795e-05 0.00010995 0.00014615 0.00010995 0.00013875 0.00013975 0.00013245 5.65e-05 0.0001243 0.00015655 9.195e-05 0.00014195 0.00012605 0.0001388 0.00016505 0.0001133 9.45e-05 0.00012095 5.675e-05 0.00013145 0.00015565 0.0001525 9.56e-05 0.00010995 8.88e-05 0.0001552 8.885e-05 0.0001302 0.0001514 0.0001295 0.0001203 0.0001682 0.0001127 0.00013885 0.00010995 0.00011005 0.00013755
52 0.00013295 0.00011455 0.00010615 0.00010685 0.00012615 0.00012725 0.0001153 0.00013605 0.00011865 0.00013295 0.00012895 0.00013175 0.00013135 0.00016255 0.0001219 0.00013835 0.0001508 0.00011455 0.00011165 0.00011725 0.0001279 0.00010815 0.00012775 9.08e-05 0.0001313 0.0001394 0.0001615 0.0001046 9.085e-05 0.0001398 0.00010445 0.0001101 9.085e-05 0.00014015 0.0001509 0.00013475 9.075e-05 0.0001616 0.00011945 0.0001361 0.0001179 0.00011415 0.0001279 0.0001261 0.0001307 0.00012625 0.0001045 0.0001207 0.0001131 0.0001068 9.53e-05 0.00013885 0.0001815 0.0001279 0.00012785 0.0001139
53 0.0001196 0.00010975 0.00013315 0.00010965 9.525e-05 0.00012705 0.00013075 0.00010875 9.235e-05 0.0001196 0.00010305 0.0001051 0.0001519 0.00010315 0.00013435 8.575e-05 0.00010685 0.0001038 0.0001437 0.00012875 8.57e-05 0.00012995 8.575e-05 0.00012775 0.00014585 0.0001051 8.58e-05 0.00011625 0.00012195 9.23e-05 0.0001103 0.0001509 0.0001278 0.00012615 0.00010515 0.00013925 0.0001336 8.61e-05 0.0001073 0.0001498 0.00015355 0.0001252 8.57e-05 0.00010975 0.00013025 0.0001098 0.0001533 0.000122 0.00014305 0.00014875 0.00012625 0.00010995 0.0001279 0.0001713 8.585e-05 0.0001148
54 0.00011945 0.0001097 0.0001331 0.0001096 9.51e-05 0.000127 0.0001307 0.00010865 9.24e-05 0.00011945 0.000103 0.00010505 0.00015185 0.000103 0.0001343 8.57e-05 0.000107 0.00010375 0.00014365 0.0001287 8.585e-05 0.0001299 8.56e-05 0.0001277 0.0001458 0.00010505 8.585e-05 0.0001162 0.0001219 9.215e-05 0.00011025 0.00015085 0.00012775 0.0001261 0.000105 0.0001392 0.00013355 8.59e-05 0.00010725 0.00014975 0.0001535 0.00012525 8.585e-05 0.0001096 0.0001302 0.00010995 0.00015325 0.00012195 0.000143 0.0001487 0.0001262 0.00011005 0.00012785 8.585e-05 0.0001712 0.00011475
55 0.00014 0.0001201 0.00011035 0.0001172 0.0001145 0.00013005 0.00013035 0.0001153 0.0001147 0.00014 0.00011735 0.0001258 0.0001516 0.00013725 0.0001266 0.00011995 0.00013775 0.00011365 0.00013835 0.0001158 0.0001148 0.00010785 0.00011465 0.00011375 0.00014585 0.0001286 0.00013465 0.00011 0.00010745 0.0001171 0.00010355 0.0001367 0.0001138 0.0001389 0.00013585 0.00014075 0.0001201 0.00013475 0.00010555 0.0001491 0.0001391 0.0001254 0.0001148 0.00012735 0.00012055 0.0001276 0.0001455 0.00011075 0.0001231 0.00013565 0.00011185 0.00013755 0.0001139 0.0001148 0.00011475 0.0001831
