 slim_761987670 slim_761987634 slim_761987659 slim_761987651 slim_761987616 slim_761987657 slim_761987655 slim_761987675 slim_761987626 slim_761987644 slim_761987650 slim_761987660 slim_761987663 slim_761987642 slim_761987664 slim_761987674 slim_761987665 slim_761987627 slim_761987656 slim_761987671 slim_761987662 slim_761987633 slim_761987645 slim_761987652 slim_761987620 slim_761987632 slim_761987640 slim_761987658 slim_761987623 slim_761987649 slim_761987622 slim_761987661 slim_761987618 slim_761987653 slim_761987676 slim_761987629 slim_761987625 slim_761987672 slim_761987624 slim_761987643 slim_761987635 slim_761987617 slim_761987639 slim_761987647 slim_761987621 slim_761987668 slim_761987648 slim_761987667 slim_761987628 slim_761987666 slim_761987631 slim_761987669 slim_761987619 slim_761987673 slim_761987641 slim_761987615 slim_761987636 slim_761987637 slim_761987638 slim_761987654 slim_761987646 slim_761987630
0 0.0001586 0.000168 0.0001472 0.000158 0.0001593 0.00016085 0.0001589 0.00017285 0.0001644 0.00015175 0.00016495 0.00016915 0.0001665 0.0001679 0.0001595 0.00015705 0.00016525 0.00016365 0.0001507 0.00015815 0.0001621 0.0001469 0.00014595 0.0001544 0.0001496 0.00015735 0.00016705 0.00015525 0.00013485 0.00016405 0.0001608 0.0001432 0.000148 0.0001646 0.00016325 0.0001306 0.0001651 0.0001155 0.00015935 0.00017175 0.00014725 0.00012775 0.00016485 0.0001711 0.00017275 0.0001592 0.0001649 0.0001658 0.00016425 0.00015435 0.0001693 0.0001714 0.00016785 0.0001685 0.0001704 0.00015795 0.0001457 0.0001609 0.00016375 0.00016655 0.00016205 0.000119
1 0.000168 0.0001363 0.00016215 0.00014665 0.00015555 0.0001501 0.0001552 0.0001701 0.00015465 0.00016585 0.0001104 0.00013515 0.0001555 0.0001639 0.0001597 0.0001482 0.0001516 0.0001528 0.00014895 0.00011805 0.00015885 0.00015155 0.0001679 0.0001487 0.0001429 0.00014995 0.0001466 0.0001203 0.0001645 0.0001559 0.0001201 0.00016315 0.000161 0.0001588 0.0001592 0.00015185 0.00014455 0.0001593 0.00014735 0.0001707 0.00013935 0.0001698 0.00015685 0.00011105 0.0001237 0.00015215 0.00011035 0.0001127 0.00014935 0.00015285 0.00015345 0.00014845 0.00015075 0.00012585 0.00016395 0.0001466 0.00014285 0.0001575 0.0001608 0.0001548 0.0001588 0.0001603
2 0.0001472 0.00016215 0.0001823 0.00016585 0.00016775 0.0001697 0.00012805 0.00013365 0.00017215 0.00016685 0.00016355 0.00017305 0.0001724 0.00013715 0.00016525 0.00016455 0.0001611 0.00016525 0.0001589 0.0001681 0.000171 0.00016445 0.0001694 0.00016655 0.00016145 0.00017055 0.00013095 0.0001675 0.0001687 0.0001267 0.000166 0.00016085 0.0001609 0.0001683 0.0001752 0.0001702 0.00016015 0.0001636 0.0001634 0.00015405 0.00016355 0.00013035 0.00013265 0.00017235 0.00015805 0.00014305 0.0001635 0.0001669 0.0001715 0.0001668 0.00017005 0.00015385 0.00014955 0.0001714 0.00014925 0.0001658 0.0001632 0.0001667 0.00016435 0.0001668 0.00017095 0.00016245
3 0.000158 0.00014665 0.00016585 0.0001353 0.0001197 0.0001579 0.00012885 0.00016805 0.0001585 0.00015205 0.0001073 0.00015705 0.000154 0.00012205 0.0001263 0.000115 0.00015985 0.00012455 0.00011305 0.00015345 0.00015945 0.00012005 0.0001604 0.00010455 9.02e-05 0.0001505 0.0001663 0.0001179 0.0001578 0.000123 0.0001181 0.00015355 0.0001529 0.0001366 0.0001617 0.0001167 0.00015495 0.0001482 8.75e-05 0.0001663 7.975e-05 0.00016515 0.00016465 0.0001523 0.00015755 0.0001587 0.00010725 0.00014825 0.00016115 0.00011495 0.00015685 0.00012165 0.00014225 0.00015545 0.00013335 6.765e-05 0.00011855 0.000128 0.0001424 0.0001435 0.0001594 0.0001473
4 0.0001593 0.00015555 0.00016775 0.0001197 0.0001573 0.00016255 0.00014085 0.00016715 0.0001666 0.0001582 0.00014865 0.00016315 0.0001487 0.00016555 0.00013835 0.00011545 0.00013875 0.0001403 0.000132 0.0001587 0.0001586 0.0001247 0.000156 9.205e-05 0.0001043 0.00014175 0.0001614 0.0001369 0.00016835 0.0001346 0.00013735 0.00015225 0.0001517 0.0001124 0.0001732 0.00013195 0.00016485 0.00016085 0.0001186 0.00016775 0.000105 0.0001691 0.0001677 0.00016675 0.0001704 0.00015375 0.0001486 0.0001434 0.0001644 0.00013105 0.0001466 0.00015825 0.0001596 0.0001532 0.0001551 0.00011965 0.0001287 0.00010565 0.0001486 0.000124 0.00015855 0.00015995
5 0.00016085 0.0001501 0.0001697 0.0001579 0.00016255 0.0001701 0.00016225 0.0001728 0.00016435 0.0001652 0.00015385 0.0001597 0.00012515 0.00016645 0.00015965 0.00016265 0.00016545 0.00016765 0.00016025 0.00016105 0.0001222 0.00015305 0.0001718 0.00016195 0.0001593 0.0001588 0.00016315 0.0001492 0.00016925 0.00016785 0.00015565 0.00016085 0.0001606 0.0001641 0.0001296 0.00015455 0.00016005 0.00016285 0.0001595 0.0001722 0.0001535 0.0001699 0.00016495 0.0001177 0.00015955 0.00015695 0.0001538 0.0001578 0.0001635 0.00016205 0.000168 0.0001628 0.000169 0.00015655 0.00016825 0.00015785 0.00011605 0.0001642 0.0001691 0.00016645 0.00012215 0.000162
6 0.0001589 0.0001552 0.00012805 0.00012885 0.00014085 0.00016225 0.0001786 0.0001282 0.0001657 0.0001602 0.00015405 0.0001686 0.00016975 0.0001323 0.00016665 0.0001354 0.00016555 0.00013885 0.00013475 0.0001636 0.00017585 0.00013025 0.00016585 0.0001302 0.0001177 0.00016185 0.00012805 0.0001298 0.0001648 9.405e-05 0.00014085 0.0001623 0.00016315 0.0001614 0.00017695 0.00012825 0.00017195 0.00015865 0.0001365 0.00014835 0.00010055 0.0001255 0.00012695 0.0001709 0.0001747 0.0001653 0.000154 0.00016025 0.00016475 0.0001389 0.0001649 0.0001695 0.0001594 0.0001709 0.0001459 0.0001288 0.0001167 0.0001495 0.0001659 0.000166 0.0001758 0.0001589
7 0.00017285 0.0001701 0.00013365 0.00016805 0.00016715 0.0001728 0.0001282 0.0001794 0.00016285 0.0001295 0.00016815 0.00013475 0.0001798 0.0001378 0.00017125 0.0001712 0.0001714 0.0001603 0.0001694 0.00017565 0.00017985 0.0001702 0.00017595 0.0001726 0.0001694 0.0001736 0.0001349 0.00017325 0.00015745 0.0001272 0.0001741 0.00017155 0.00017195 0.00017005 0.0001822 0.0001653 0.00017535 0.00016745 0.0001685 0.00010575 0.00016765 0.00012685 0.00013155 0.0001806 0.0001785 0.00016815 0.0001681 0.0001746 0.00016215 0.00017035 0.0001667 0.00017445 0.0001741 0.00017485 0.00014525 0.000168 0.0001632 0.00016815 0.0001779 0.00017855 0.0001798 0.0001663
8 0.0001644 0.00015465 0.00017215 0.0001585 0.0001666 0.00016435 0.0001657 0.00016285 0.0001601 0.00015145 0.00015585 0.0001595 0.0001614 0.0001551 0.0001644 0.0001602 0.0001627 0.00012055 0.00015935 0.00016655 0.00016615 0.0001637 0.0001816 0.0001682 0.00016435 0.0001187 0.0001697 0.0001624 0.0001241 0.00016695 0.00016345 0.00015735 0.000161 0.0001496 0.0001683 0.00015815 0.00012585 0.0001583 0.00016155 0.00014145 0.0001619 0.0001632 0.00012535 0.0001585 0.0001678 0.00016795 0.0001558 0.00015445 8.32e-05 0.00015675 0.00011875 0.00016535 0.0001685 0.0001665 0.000145 0.00015845 0.00016195 0.00015775 0.0001608 0.00017115 0.0001661 0.00016165
9 0.00015175 0.00016585 0.00016685 0.00015205 0.0001582 0.0001652 0.0001602 0.0001295 0.00015145 0.0001746 0.00015675 0.0001265 0.0001741 0.0001603 0.0001595 0.0001624 0.00016855 0.0001536 0.00012795 0.0001678 0.0001738 0.0001587 0.00016575 0.0001646 0.0001567 0.00016005 0.00016815 0.00015725 0.0001519 0.0001621 0.00016045 0.000128 0.0001322 0.00016115 0.00017395 0.00015225 0.0001623 0.00012055 0.00015265 0.00012175 0.0001521 0.00015515 0.00016115 0.00017435 0.00016975 0.00016535 0.0001567 0.00016965 0.00015095 0.00016295 0.00016495 0.0001637 0.0001719 0.00016335 0.00015325 0.000152 0.00015015 0.0001542 0.00017055 0.0001745 0.00017375 0.0001236
10 0.00016495 0.0001104 0.00016355 0.0001073 0.00014865 0.00015385 0.00015405 0.00016815 0.00015585 0.00015675 0.0001531 0.00015705 0.00015725 0.00012225 0.00013225 0.0001493 0.0001607 0.00015005 0.0001449 0.00015385 0.0001604 0.00014935 0.0001635 0.0001474 0.00014375 0.0001546 0.00016425 0.000143 0.0001602 0.00015605 0.0001459 0.00015805 0.0001566 0.0001507 0.0001575 0.00014655 0.00014735 0.00015555 0.0001194 0.00016405 0.00013705 0.0001694 0.00016235 0.0001501 0.00014795 0.00015335 7.66e-05 0.0001514 0.00015835 0.0001504 0.0001587 0.0001181 0.00015 0.00014715 0.00013285 0.00010725 0.00014285 0.00014565 0.0001478 0.00014975 0.00016035 0.00015385
11 0.00016915 0.00013515 0.00017305 0.00015705 0.00016315 0.0001597 0.0001686 0.00013475 0.0001595 0.0001265 0.00015705 0.0001753 0.00016735 0.0001697 0.0001586 0.0001651 0.00016505 0.00015325 0.0001588 0.000141 0.00016135 0.0001592 0.0001661 0.000166 0.0001598 0.0001704 0.0001478 0.00012155 0.0001541 0.00016815 0.0001213 0.0001642 0.0001624 0.0001617 0.000166 0.00015715 0.00016555 0.00015525 0.00015365 0.00012975 0.00015525 0.00017175 0.0001737 0.00013775 0.00012655 0.0001606 0.000157 0.00014555 0.00016015 0.00016485 0.0001653 0.00016175 0.0001678 0.0001324 0.000163 0.000157 0.0001576 0.00016105 0.0001753 0.0001706 0.0001613 0.00015825
12 0.0001665 0.0001555 0.0001724 0.000154 0.0001487 0.00012515 0.00016975 0.0001798 0.0001614 0.0001741 0.00015725 0.00016735 0.000173 0.00016985 0.00016185 0.0001188 0.00012515 0.0001646 0.0001574 0.00016565 0.0001254 0.00016125 0.00017875 0.00014355 0.00014315 0.00011675 0.00015875 0.00015735 0.0001719 0.0001666 0.0001536 0.000167 0.00016625 0.0001497 0.0001326 0.00016125 0.0001564 0.00016895 0.00015645 0.00017955 0.00015475 0.00017465 0.00016405 0.00011955 0.000161 0.00015945 0.0001572 0.00011955 0.0001598 0.00014455 0.00012475 0.00016075 0.0001664 0.00015295 0.0001701 0.00015395 0.00016105 0.00013005 0.00012575 0.0001503 0.00012535 0.0001681
13 0.0001679 0.0001639 0.00013715 0.00012205 0.00016555 0.00016645 0.0001323 0.0001378 0.0001551 0.0001603 0.00012225 0.0001697 0.00016985 0.0001687 0.0001424 0.0001643 0.00016995 0.0001524 0.0001581 0.00017325 0.00017265 0.00016495 0.0001787 0.0001673 0.0001637 0.0001662 0.00014025 0.00016425 0.0001535 0.0001335 0.0001662 0.0001625 0.000163 0.0001638 0.0001727 0.0001611 0.00016365 0.00015795 0.000136 0.00013875 0.0001594 0.00013485 0.00013625 0.0001702 0.00016655 0.0001633 0.0001222 0.0001675 0.000163 0.00016475 0.00016755 0.0001329 0.00016345 0.00016675 0.0001107 0.000122 0.0001588 0.00015475 0.00015335 0.0001689 0.0001726 0.00015765
14 0.0001595 0.0001597 0.00016525 0.0001263 0.00013835 0.00015965 0.00016665 0.00017125 0.0001644 0.0001595 0.00013225 0.0001586 0.00016185 0.0001424 0.0001205 0.0001598 0.00013765 0.0001572 0.00015245 0.00016205 0.0001075 0.0001065 0.0001669 0.00015735 0.00015405 0.0001631 0.0001677 0.00015405 0.0001605 0.00016545 0.0001528 0.00010865 0.0001071 0.00013425 0.0001621 0.0001347 0.0001591 0.00015575 0.0001015 0.0001727 0.0001517 0.0001672 0.0001688 0.00015595 0.0001581 0.00010345 0.0001322 0.00016315 0.000162 0.00013145 0.0001654 0.00013185 0.00016635 0.0001637 0.00012185 0.00012625 0.0001587 0.00014125 0.00016795 0.00016265 0.00010745 0.0001516
15 0.00015705 0.0001482 0.00016455 0.000115 0.00011545 0.00016265 0.0001354 0.0001712 0.0001602 0.0001624 0.0001493 0.0001651 0.0001188 0.0001643 0.0001598 0.0001425 0.0001184 0.0001255 0.0001092 0.00015515 0.00016505 0.0001312 0.0001636 8.5e-05 7.485e-05 0.00010935 0.0001544 0.00012935 0.0001633 0.0001266 0.0001155 0.00015905 0.00015545 0.00013275 0.00017105 0.0001285 0.00016015 0.00015635 0.000117 0.0001742 8.51e-05 0.0001656 0.0001597 0.00015655 0.0001663 0.0001595 0.00014925 0.000109 0.0001586 9.84e-05 0.00011625 0.00016125 0.0001508 0.0001524 0.000167 0.00011495 0.00012885 0.00011065 0.00011725 0.000135 0.000165 0.0001504
16 0.00016525 0.0001516 0.0001611 0.00015985 0.00013875 0.00016545 0.00016555 0.0001714 0.0001627 0.00016855 0.0001607 0.00016505 0.00012515 0.00016995 0.00013765 0.0001184 0.0001654 0.00016185 0.0001587 0.0001636 0.000147 0.00014375 0.00017935 0.0001427 0.000142 0.0001187 0.00015605 0.00015925 0.0001685 0.0001618 0.00015555 0.00014525 0.00014475 0.0001391 0.00017025 0.00016025 0.00015975 0.00016645 0.000151 0.0001738 0.0001577 0.00016925 0.00016225 0.00015775 0.00016095 0.00013395 0.00016065 0.0001153 0.0001609 0.00014015 0.00011965 0.00016395 0.00016695 0.00015085 0.00016185 0.0001598 0.00016225 0.0001202 0.0001273 0.0001491 0.00014695 0.0001647
17 0.00016365 0.0001528 0.00016525 0.00012455 0.0001403 0.00016765 0.00013885 0.0001603 0.00012055 0.0001536 0.00015005 0.00015325 0.0001646 0.0001524 0.0001572 0.0001255 0.00016185 0.0001718 0.0001197 0.0001571 0.00016515 0.0001341 0.00016235 0.0001175 0.0001051 0.00015775 0.0001647 0.00013185 0.00011925 0.0001368 0.0001236 0.00015935 0.000155 0.00013315 0.0001704 0.0001313 0.00016125 0.00015715 0.00011955 0.00014095 9.885e-05 0.0001668 0.00016295 0.0001604 0.00016195 0.0001606 0.00015 0.0001561 0.0001242 0.0001225 0.00013545 0.00015815 0.0001494 0.0001627 0.0001426 0.0001245 0.00013665 0.0001476 0.00015975 0.00015445 0.0001651 0.0001506
18 0.0001507 0.00014895 0.0001589 0.00011305 0.000132 0.00016025 0.00013475 0.0001694 0.00015935 0.00012795 0.0001449 0.0001588 0.0001574 0.0001581 0.00015245 0.0001092 0.0001587 0.0001197 0.0001377 0.0001522 0.00016405 0.00012995 0.0001567 0.0001023 8.46e-05 0.00015055 0.00016045 0.0001242 0.0001548 0.0001294 0.0001099 0.000126 0.000118 0.00014555 0.00016565 0.00012735 0.00016095 0.0001187 0.0001073 0.00016845 8.315e-05 0.00015965 0.0001619 0.00015655 0.0001606 0.00015795 0.00014485 0.0001486 0.0001574 0.0001123 0.00015915 0.0001533 0.00014815 0.0001572 0.0001563 0.000113 0.0001262 0.00014175 0.000155 0.00015425 0.000164 0.0001079
19 0.00015815 0.00011805 0.0001681 0.00015345 0.0001587 0.00016105 0.0001636 0.00017565 0.00016655 0.0001678 0.00015385 0.000141 0.00016565 0.00017325 0.00016205 0.00015515 0.0001636 0.0001571 0.0001522 0.0001757 0.0001646 0.00015635 8.79e-05 0.0001513 0.00014695 0.00016445 0.0001561 0.000129 0.00016005 0.000164 0.00012655 0.00016545 0.000162 0.0001607 0.00016265 0.0001537 0.00016255 0.0001536 0.0001499 0.0001781 0.0001444 0.0001686 0.00017055 0.0001255 0.0001378 0.00016615 0.0001538 0.0001281 0.0001613 0.0001569 0.00016415 0.0001555 0.00016245 0.0001425 0.00017175 0.0001534 0.00015285 0.00016385 0.000171 0.0001633 0.00016455 0.00015275
20 0.0001621 0.00015885 0.000171 0.00015945 0.0001586 0.0001222 0.00017585 0.00017985 0.00016615 0.0001738 0.0001604 0.00016135 0.0001254 0.00017265 0.0001075 0.00016505 0.000147 0.00016515 0.00016405 0.0001646 0.0001596 0.00012165 0.00017565 0.0001642 0.00016125 0.00016385 0.0001687 0.0001574 0.0001632 0.00017525 0.00015505 0.00012795 0.00012655 0.0001552 0.00012495 0.0001402 0.0001591 0.00016555 0.00014495 0.00017945 0.00016135 0.00017145 0.0001724 0.0001167 0.0001563 0.0001144 0.00016035 0.0001623 0.00016395 0.00013725 0.00016865 0.00015645 0.00016895 0.0001621 0.0001613 0.0001594 0.00016405 0.00016025 0.0001721 0.0001666 7.98e-05 0.000162
21 0.0001469 0.00015155 0.00016445 0.00012005 0.0001247 0.00015305 0.00013025 0.0001702 0.0001637 0.0001587 0.00014935 0.0001592 0.00016125 0.00016495 0.0001065 0.0001312 0.00014375 0.0001341 0.00012995 0.00015635 0.00012165 0.0001615 0.0001591 0.0001218 0.0001096 0.00015855 0.0001658 0.0001193 0.00015685 0.00013535 0.00012995 0.00011875 0.00011755 0.00014365 0.0001638 9.645e-05 0.00016375 0.0001524 0.00011505 0.0001707 9.16e-05 0.00016305 0.00016835 0.00015805 0.00016405 0.00011615 0.0001493 0.00015685 0.00016265 0.0001059 0.00016255 0.00015835 0.0001594 0.0001621 0.0001565 0.00012 0.0001122 0.0001347 0.0001662 0.0001566 0.0001216 0.0001488
22 0.00014595 0.0001679 0.0001694 0.0001604 0.000156 0.0001718 0.00016585 0.00017595 0.0001816 0.00016575 0.0001635 0.0001661 0.00017875 0.0001787 0.0001669 0.0001636 0.00017935 0.00016235 0.0001567 8.79e-05 0.00017565 0.0001591 1e-07 0.0001517 0.00015275 0.00018255 0.0001754 0.00015605 0.00015615 0.00016955 0.00015725 0.0001682 0.0001637 0.00016275 0.0001646 0.00015095 0.00018295 0.0001516 0.0001554 0.00017845 0.00014795 0.000167 0.0001861 0.00017765 0.00017205 0.00017615 0.00016345 0.00017685 0.0001794 0.0001631 0.0001785 0.0001617 0.00017295 0.0001747 0.00017615 0.00016035 0.0001553 0.00016685 0.00018095 0.0001648 0.0001756 0.00014595
23 0.0001544 0.0001487 0.00016655 0.00010455 9.205e-05 0.00016195 0.0001302 0.0001726 0.0001682 0.0001646 0.0001474 0.000166 0.00014355 0.0001673 0.00015735 8.5e-05 0.0001427 0.0001175 0.0001023 0.0001513 0.0001642 0.0001218 0.0001517 0.0001019 5.62e-05 0.0001396 0.0001588 0.00012365 0.0001623 0.0001189 0.0001073 0.00016055 0.00015695 0.00011035 0.00016935 0.0001205 0.00016615 0.000157 0.0001067 0.0001749 6.73e-05 0.00016545 0.00016855 0.00015955 0.00016785 0.00016155 0.00014735 0.00013495 0.0001662 9.84e-05 0.00014465 0.0001601 0.00014165 0.0001538 0.00016805 0.0001045 0.0001196 0.00013285 0.00014185 0.0001107 0.00016415 0.00015105
24 0.0001496 0.0001429 0.00016145 9.02e-05 0.0001043 0.0001593 0.0001177 0.0001694 0.00016435 0.0001567 0.00014375 0.0001598 0.00014315 0.0001637 0.00015405 7.485e-05 0.000142 0.0001051 8.46e-05 0.00014695 0.00016125 0.0001096 0.00015275 5.62e-05 5.34e-05 0.000138 0.0001529 0.00010815 0.00015855 0.0001064 9.13e-05 0.0001544 0.0001508 0.00012535 0.00016505 0.00010625 0.0001626 0.0001479 9.185e-05 0.0001729 4.355e-05 0.00016115 0.0001641 0.0001523 0.000164 0.00015905 0.0001437 0.00013205 0.00016235 8.565e-05 0.00014635 0.0001575 0.00013355 0.00014645 0.00016565 9.015e-05 0.0001077 0.0001297 0.00014145 0.00012965 0.0001612 0.000142
25 0.00015735 0.00014995 0.00017055 0.0001505 0.00014175 0.0001588 0.00016185 0.0001736 0.0001187 0.00016005 0.0001546 0.0001704 0.00011675 0.0001662 0.0001631 0.00010935 0.0001187 0.00015775 0.00015055 0.00016445 0.00016385 0.00015855 0.00018255 0.0001396 0.000138 0.0001422 0.0001584 0.0001587 0.0001676 0.0001586 0.0001564 0.00015495 0.00015935 0.0001492 0.00016765 0.0001549 0.00012335 0.0001572 0.0001551 0.00017425 0.0001498 0.00016175 0.0001214 0.0001544 0.00017045 0.0001641 0.00015455 0.00010875 0.000117 0.000136 0.00010035 0.00016685 0.00017015 0.00015515 0.00016705 0.00015045 0.00015355 0.00011845 0.0001193 0.00015285 0.0001638 0.00016115
26 0.00016705 0.0001466 0.00013095 0.0001663 0.0001614 0.00016315 0.00012805 0.0001349 0.0001697 0.00016815 0.00016425 0.0001478 0.00015875 0.00014025 0.0001677 0.0001544 0.00015605 0.0001647 0.00016045 0.0001561 0.0001687 0.0001658 0.0001754 0.0001588 0.0001529 0.0001584 0.0001849 0.000141 0.00017255 0.00012655 0.0001394 0.00016355 0.00016415 0.00016355 0.00017405 0.0001683 0.0001722 0.0001672 0.00016295 0.0001554 0.0001621 0.0001316 0.0001305 0.00015305 0.0001471 0.00016255 0.0001642 0.00014255 0.00016885 0.000168 0.00016085 0.00017235 0.00016985 0.00014335 0.00015045 0.00016625 0.0001603 0.00015955 0.00016315 0.0001682 0.00016865 0.0001672
27 0.00015525 0.0001203 0.0001675 0.0001179 0.0001369 0.0001492 0.0001298 0.00017325 0.0001624 0.00015725 0.000143 0.00012155 0.00015735 0.00016425 0.00015405 0.00012935 0.00015925 0.00013185 0.0001242 0.000129 0.0001574 0.0001193 0.00015605 0.00012365 0.00010815 0.0001587 0.000141 0.0001562 0.0001615 0.000135 8.81e-05 0.000155 0.00015365 0.0001531 0.0001608 0.00012015 0.0001622 0.0001465 0.0001217 0.0001724 8.82e-05 0.00017045 0.00016915 0.0001281 0.0001228 0.0001578 0.00014295 0.00013125 0.0001628 0.00013345 0.00016355 0.00015685 0.00015315 0.0001285 0.0001637 0.00011785 0.00011115 0.00014245 0.00016335 0.0001581 0.00015735 0.0001509
28 0.00013485 0.0001645 0.0001687 0.0001578 0.00016835 0.00016925 0.0001648 0.00015745 0.0001241 0.0001519 0.0001602 0.0001541 0.0001719 0.0001535 0.0001605 0.0001633 0.0001685 0.00011925 0.0001548 0.00016005 0.0001632 0.00015685 0.00015615 0.0001623 0.00015855 0.0001676 0.00017255 0.0001615 0.0001714 0.0001657 0.00015905 0.0001576 0.0001544 0.0001506 0.0001611 0.0001365 0.00016535 0.00012905 0.0001593 0.0001354 0.00015625 0.0001381 0.00016675 0.00016755 0.00016625 0.0001612 0.00016015 0.00016835 0.00012805 0.00015055 0.00014225 0.00016355 0.0001635 0.00016885 0.0001464 0.00015775 0.00016295 0.0001657 0.0001673 0.0001681 0.00016315 0.00011965
29 0.00016405 0.0001559 0.0001267 0.000123 0.0001346 0.00016785 9.405e-05 0.0001272 0.00016695 0.0001621 0.00015605 0.00016815 0.0001666 0.0001335 0.00016545 0.0001266 0.0001618 0.0001368 0.0001294 0.000164 0.00017525 0.00013535 0.00016955 0.0001189 0.0001064 0.0001586 0.00012655 0.000135 0.0001657 0.0001746 0.0001347 0.00016355 0.0001644 0.00015515 0.00017785 0.0001335 0.0001715 0.00016005 0.0001325 0.00014975 0.0001006 0.00012405 0.00012585 0.00016945 0.00017385 0.00016435 0.000156 0.00015565 0.00016485 0.0001301 0.00016165 0.0001688 0.00015425 0.00017195 0.00014665 0.00012295 0.000128 0.00014875 0.0001626 0.00016 0.0001752 0.0001603
30 0.0001608 0.0001201 0.000166 0.0001181 0.00013735 0.00015565 0.00014085 0.0001741 0.00016345 0.00016045 0.0001459 0.0001213 0.0001536 0.0001662 0.0001528 0.0001155 0.00015555 0.0001236 0.0001099 0.00012655 0.00015505 0.00012995 0.00015725 0.0001073 9.13e-05 0.0001564 0.0001394 8.81e-05 0.00015905 0.0001347 0.0001498 0.00015605 0.00015165 0.0001475 0.0001602 0.00013095 0.0001611 0.00014685 0.00011195 0.0001756 8.81e-05 0.0001696 0.00016865 0.00012355 0.00012015 0.0001559 0.00014585 0.00012595 0.0001627 0.00011845 0.00016095 0.00015525 0.0001469 0.00012775 0.0001652 0.00011805 0.0001306 0.0001484 0.00016055 0.0001526 0.000155 0.0001462
31 0.0001432 0.00016315 0.00016085 0.00015355 0.00015225 0.00016085 0.0001623 0.00017155 0.00015735 0.000128 0.00015805 0.0001642 0.000167 0.0001625 0.00010865 0.00015905 0.00014525 0.00015935 0.000126 0.00016545 0.00012795 0.00011875 0.0001682 0.00016055 0.0001544 0.00015495 0.00016355 0.000155 0.0001576 0.00016355 0.00015605 0.0001707 8.91e-05 0.00015285 0.00016815 0.00013455 0.00015955 0.0001186 0.00014115 0.00016965 0.0001534 0.000153 0.00015935 0.0001666 0.0001652 0.00011785 0.000158 0.00016315 0.00015525 0.00013565 0.00016575 0.00016095 0.0001722 0.00016555 0.0001503 0.0001535 0.0001517 0.00014985 0.00016835 0.0001712 0.0001279 0.0001198
32 0.000148 0.000161 0.0001609 0.0001529 0.0001517 0.0001606 0.00016315 0.00017195 0.000161 0.0001322 0.0001566 0.0001624 0.00016625 0.000163 0.0001071 0.00015545 0.00014475 0.000155 0.000118 0.000162 0.00012655 0.00011755 0.0001637 0.00015695 0.0001508 0.00015935 0.00016415 0.00015365 0.0001544 0.0001644 0.00015165 8.91e-05 0.0001665 0.0001513 0.00016755 0.00013335 0.0001634 0.00012195 0.00013745 0.00017005 0.00015005 0.0001588 0.00016515 0.00016505 0.00016305 0.00011585 0.00015655 0.00016155 0.0001589 0.0001314 0.0001642 0.00015875 0.00017025 0.00016395 0.0001508 0.00015285 0.00015165 0.0001493 0.00016695 0.0001698 0.0001265 0.00011295
33 0.0001646 0.0001588 0.0001683 0.0001366 0.0001124 0.0001641 0.0001614 0.00017005 0.0001496 0.00016115 0.0001507 0.0001617 0.0001497 0.0001638 0.00013425 0.00013275 0.0001391 0.00013315 0.00014555 0.0001607 0.0001552 0.00014365 0.00016275 0.00011035 0.00012535 0.0001492 0.00016355 0.0001531 0.0001506 0.00015515 0.0001475 0.00015285 0.0001513 0.0001768 0.0001727 0.0001547 0.00016395 0.00016495 0.00012845 0.0001677 0.0001379 0.00017455 0.00017235 0.0001625 0.00016265 0.00015095 0.00015065 0.0001459 0.0001474 0.00014525 0.00012975 0.00015065 0.0001517 0.0001572 0.00014965 0.00013655 0.0001526 0.0001384 0.00014465 0.0001225 0.00015515 0.0001629
34 0.00016325 0.0001592 0.0001752 0.0001617 0.0001732 0.0001296 0.00017695 0.0001822 0.0001683 0.00017395 0.0001575 0.000166 0.0001326 0.0001727 0.0001621 0.00017105 0.00017025 0.0001704 0.00016565 0.00016265 0.00012495 0.0001638 0.0001646 0.00016935 0.00016505 0.00016765 0.00017405 0.0001608 0.0001611 0.00017785 0.0001602 0.00016815 0.00016755 0.0001727 0.0001731 0.00016295 0.00015685 0.0001601 0.0001609 0.000178 0.00016395 0.00016995 0.00017305 0.00012365 0.00015705 0.00016435 0.00015745 0.0001697 0.00016755 0.00016715 0.00017535 0.0001569 0.00016015 0.00016245 0.00017105 0.00016165 0.0001685 0.0001742 0.0001695 0.000168 0.0001249 0.000157
35 0.0001306 0.00015185 0.0001702 0.0001167 0.00013195 0.00015455 0.00012825 0.0001653 0.00015815 0.00015225 0.00014655 0.00015715 0.00016125 0.0001611 0.0001347 0.0001285 0.00016025 0.0001313 0.00012735 0.0001537 0.0001402 9.645e-05 0.00015095 0.0001205 0.00010625 0.0001549 0.0001683 0.00012015 0.0001365 0.0001335 0.00013095 0.00013455 0.00013335 0.0001547 0.00016295 0.0001542 0.00016245 0.00013325 0.00012585 0.00016305 8.805e-05 0.00014545 0.00016555 0.0001605 0.00016805 0.00013985 0.0001465 0.00015725 0.000158 0.00010555 0.0001603 0.0001595 0.0001594 0.00015985 0.00016425 0.00011665 0.00011075 0.00013895 0.00016395 0.0001583 0.00014015 0.00012965
36 0.0001651 0.00014455 0.00016015 0.00015495 0.00016485 0.00016005 0.00017195 0.00017535 0.00012585 0.0001623 0.00014735 0.00016555 0.0001564 0.00016365 0.0001591 0.00016015 0.00015975 0.00016125 0.00016095 0.00016255 0.0001591 0.00016375 0.00018295 0.00016615 0.0001626 0.00012335 0.0001722 0.0001622 0.00016535 0.0001715 0.0001611 0.00015955 0.0001634 0.00016395 0.00015685 0.00016245 0.0001752 0.00016135 0.0001561 0.0001741 0.0001622 0.0001676 0.00013415 0.00014795 0.00012435 0.0001458 0.0001473 0.00015065 0.0001252 0.00015725 0.0001473 0.00011495 0.00012365 0.00015895 0.00016605 0.0001549 0.00016475 0.00015815 0.000154 0.0001365 0.00015905 0.00016445
37 0.0001155 0.0001593 0.0001636 0.0001482 0.00016085 0.00016285 0.00015865 0.00016745 0.0001583 0.00012055 0.00015555 0.00015525 0.00016895 0.00015795 0.00015575 0.00015635 0.00016645 0.00015715 0.0001187 0.0001536 0.00016555 0.0001524 0.0001516 0.000157 0.0001479 0.0001572 0.0001672 0.0001465 0.00012905 0.00016005 0.00014685 0.0001186 0.00012195 0.00016495 0.0001601 0.00013325 0.00016135 0.0001559 0.0001491 0.0001632 0.0001461 0.0001248 0.00015995 0.0001637 0.00016085 0.00016155 0.0001555 0.0001609 0.0001571 0.0001524 0.00016875 0.0001618 0.0001662 0.0001581 0.00015775 0.00014815 0.00014975 0.0001577 0.0001649 0.00017185 0.0001655 8.715e-05
38 0.00015935 0.00014735 0.0001634 8.75e-05 0.0001186 0.0001595 0.0001365 0.0001685 0.00016155 0.00015265 0.0001194 0.00015365 0.00015645 0.000136 0.0001015 0.000117 0.000151 0.00011955 0.0001073 0.0001499 0.00014495 0.00011505 0.0001554 0.0001067 9.185e-05 0.0001551 0.00016295 0.0001217 0.0001593 0.0001325 0.00011195 0.00014115 0.00013745 0.00012845 0.0001609 0.00012585 0.0001561 0.0001491 0.0001349 0.0001703 8.5e-05 0.00016705 0.00016495 0.00014935 0.00015465 0.0001436 0.00011935 0.00015155 0.00015975 0.0001158 0.00016115 0.0001266 0.0001455 0.0001559 0.00012475 8.745e-05 0.00012965 0.0001307 0.0001565 0.0001492 0.0001449 0.00014315
39 0.00017175 0.0001707 0.00015405 0.0001663 0.00016775 0.0001722 0.00014835 0.00010575 0.00014145 0.00012175 0.00016405 0.00012975 0.00017955 0.00013875 0.0001727 0.0001742 0.0001738 0.00014095 0.00016845 0.0001781 0.00017945 0.0001707 0.00017845 0.0001749 0.0001729 0.00017425 0.0001554 0.0001724 0.0001354 0.00014975 0.0001756 0.00016965 0.00017005 0.0001677 0.000178 0.00016305 0.0001741 0.0001632 0.0001703 0.0001604 0.0001688 0.00014635 0.0001517 0.0001803 0.0001776 0.00017135 0.000164 0.00017705 0.0001461 0.00017145 0.0001592 0.00017245 0.0001754 0.00017165 0.0001248 0.00016625 0.0001635 0.0001641 0.00017515 0.00017845 0.0001794 0.00016205
40 0.00014725 0.00013935 0.00016355 7.975e-05 0.000105 0.0001535 0.00010055 0.00016765 0.0001619 0.0001521 0.00013705 0.00015525 0.00015475 0.0001594 0.0001517 8.51e-05 0.0001577 9.885e-05 8.315e-05 0.0001444 0.00016135 9.16e-05 0.00014795 6.73e-05 4.355e-05 0.0001498 0.0001621 8.82e-05 0.00015625 0.0001006 8.81e-05 0.0001534 0.00015005 0.0001379 0.00016395 8.805e-05 0.0001622 0.0001461 8.5e-05 0.0001688 4.64e-05 0.0001632 0.00016525 0.00015175 0.00016235 0.0001591 0.000137 0.0001439 0.00016105 8.695e-05 0.00015755 0.00015475 0.00013835 0.0001554 0.0001618 7.97e-05 8.375e-05 0.00012655 0.0001538 0.00014205 0.0001613 0.0001407
41 0.00012775 0.0001698 0.00013035 0.00016515 0.0001691 0.0001699 0.0001255 0.00012685 0.0001632 0.00015515 0.0001694 0.00017175 0.00017465 0.00013485 0.0001672 0.0001656 0.00016925 0.0001668 0.00015965 0.0001686 0.00017145 0.00016305 0.000167 0.00016545 0.00016115 0.00016175 0.0001316 0.00017045 0.0001381 0.00012405 0.0001696 0.000153 0.0001588 0.00017455 0.00016995 0.00014545 0.0001676 0.0001248 0.00016705 0.00014635 0.0001632 0.0001741 0.0001209 0.0001754 0.00017865 0.0001646 0.00016935 0.0001695 0.0001618 0.0001601 0.0001712 0.0001762 0.0001712 0.00017635 0.00014915 0.0001651 0.00016155 0.00017095 0.00017285 0.0001765 0.0001714 0.0001299
42 0.00016485 0.00015685 0.00013265 0.00016465 0.0001677 0.00016495 0.00012695 0.00013155 0.00012535 0.00016115 0.00016235 0.0001737 0.00016405 0.00013625 0.0001688 0.0001597 0.00016225 0.00016295 0.0001619 0.00017055 0.0001724 0.00016835 0.0001861 0.00016855 0.0001641 0.0001214 0.0001305 0.00016915 0.00016675 0.00012585 0.00016865 0.00015935 0.00016515 0.00017235 0.00017305 0.00016555 0.00013415 0.00015995 0.00016495 0.0001517 0.00016525 0.0001209 0.0001765 0.0001643 0.0001763 0.0001681 0.0001623 0.0001548 0.00012315 0.0001616 0.0001465 0.0001736 0.0001726 0.000173 0.00014755 0.0001646 0.00016095 0.00016335 0.00016525 0.00017845 0.00017235 0.00016505
43 0.0001711 0.00011105 0.00017235 0.0001523 0.00016675 0.0001177 0.0001709 0.0001806 0.0001585 0.00017435 0.0001501 0.00013775 0.00011955 0.0001702 0.00015595 0.00015655 0.00015775 0.0001604 0.00015655 0.0001255 0.0001167 0.00015805 0.00017765 0.00015955 0.0001523 0.0001544 0.00015305 0.0001281 0.00016755 0.00016945 0.00012355 0.0001666 0.00016505 0.0001625 0.00012365 0.0001605 0.00014795 0.0001637 0.00014935 0.0001803 0.00015175 0.0001754 0.0001643 0.0001466 0.0001264 0.0001567 0.00015005 0.0001196 0.00015335 0.00015755 0.00016095 0.0001508 0.0001577 0.0001331 0.0001685 0.00015225 0.0001591 0.00016615 0.0001646 0.00016455 0.00011665 0.00016555
44 0.00017275 0.0001237 0.00015805 0.00015755 0.0001704 0.00015955 0.0001747 0.0001785 0.0001678 0.00016975 0.00014795 0.00012655 0.000161 0.00016655 0.0001581 0.0001663 0.00016095 0.00016195 0.0001606 0.0001378 0.0001563 0.00016405 0.00017205 0.00016785 0.000164 0.00017045 0.0001471 0.0001228 0.00016625 0.00017385 0.00012015 0.0001652 0.00016305 0.00016265 0.00015705 0.00016805 0.00012435 0.00016085 0.00015465 0.0001776 0.00016235 0.00017865 0.0001763 0.0001264 0.0001612 0.00013985 0.0001479 0.0001382 0.0001685 0.0001661 0.00016915 0.0001114 0.00011905 0.00012925 0.00016785 0.0001575 0.00016735 0.0001662 0.00016145 0.00013465 0.00015625 0.00016385
45 0.0001592 0.00015215 0.00014305 0.0001587 0.00015375 0.00015695 0.0001653 0.00016815 0.00016795 0.00016535 0.00015335 0.0001606 0.00015945 0.0001633 0.00010345 0.0001595 0.00013395 0.0001606 0.00015795 0.00016615 0.0001144 0.00011615 0.00017615 0.00016155 0.00015905 0.0001641 0.00016255 0.0001578 0.0001612 0.00016435 0.0001559 0.00011785 0.00011585 0.00015095 0.00016435 0.00013985 0.0001458 0.00016155 0.0001436 0.00017135 0.0001591 0.0001646 0.0001681 0.0001567 0.00013985 0.000143 0.0001533 0.00015895 0.0001672 0.0001351 0.0001628 0.000136 0.00014925 0.00015845 0.0001558 0.00015865 0.00015875 0.0001498 0.0001677 0.0001528 0.00011435 0.00015655
46 0.0001649 0.00011035 0.0001635 0.00010725 0.0001486 0.0001538 0.000154 0.0001681 0.0001558 0.0001567 7.66e-05 0.000157 0.0001572 0.0001222 0.0001322 0.00014925 0.00016065 0.00015 0.00014485 0.0001538 0.00016035 0.0001493 0.00016345 0.00014735 0.0001437 0.00015455 0.0001642 0.00014295 0.00016015 0.000156 0.00014585 0.000158 0.00015655 0.00015065 0.00015745 0.0001465 0.0001473 0.0001555 0.00011935 0.000164 0.000137 0.00016935 0.0001623 0.00015005 0.0001479 0.0001533 0.000153 0.00015135 0.0001583 0.00015035 0.00015865 0.00011805 0.00014995 0.0001471 0.0001328 0.0001072 0.0001428 0.0001456 0.00014775 0.0001497 0.0001603 0.0001538
47 0.0001658 0.0001127 0.0001669 0.00014825 0.0001434 0.0001578 0.00016025 0.0001746 0.00015445 0.00016965 0.0001514 0.00014555 0.00011955 0.0001675 0.00016315 0.000109 0.0001153 0.0001561 0.0001486 0.0001281 0.0001623 0.00015685 0.00017685 0.00013495 0.00013205 0.00010875 0.00014255 0.00013125 0.00016835 0.00015565 0.00012595 0.00016315 0.00016155 0.0001459 0.0001697 0.00015725 0.00015065 0.0001609 0.00015155 0.00017705 0.0001439 0.0001695 0.0001548 0.0001196 0.0001382 0.00015895 0.00015135 0.0001586 0.0001497 0.00013775 0.00011365 0.0001593 0.0001607 0.0001302 0.000169 0.0001482 0.0001524 0.0001248 0.00012225 0.0001476 0.00016225 0.00016215
48 0.00016425 0.00014935 0.0001715 0.00016115 0.0001644 0.0001635 0.00016475 0.00016215 8.32e-05 0.00015095 0.00015835 0.00016015 0.0001598 0.000163 0.000162 0.0001586 0.0001609 0.0001242 0.0001574 0.0001613 0.00016395 0.00016265 0.0001794 0.0001662 0.00016235 0.000117 0.00016885 0.0001628 0.00012805 0.00016485 0.0001627 0.00015525 0.0001589 0.0001474 0.00016755 0.000158 0.0001252 0.0001571 0.00015975 0.0001461 0.00016105 0.0001618 0.00012315 0.00015335 0.0001685 0.0001672 0.0001583 0.0001497 0.0001557 0.00015515 0.00011705 0.00016625 0.0001683 0.00016655 0.00014805 0.0001611 0.00016225 0.0001602 0.00016385 0.0001706 0.0001639 0.00016045
49 0.00015435 0.00015285 0.0001668 0.00011495 0.00013105 0.00016205 0.0001389 0.00017035 0.00015675 0.00016295 0.0001504 0.00016485 0.00014455 0.00016475 0.00013145 9.84e-05 0.00014015 0.0001225 0.0001123 0.0001569 0.00013725 0.0001059 0.0001631 9.84e-05 8.565e-05 0.000136 0.000168 0.00013345 0.00015055 0.0001301 0.00011845 0.00013565 0.0001314 0.00014525 0.00016715 0.00010555 0.00015725 0.0001524 0.0001158 0.00017145 8.695e-05 0.0001601 0.0001616 0.00015755 0.0001661 0.0001351 0.00015035 0.00013775 0.00015515 0.0001439 0.00013965 0.00015655 0.0001493 0.00016835 0.00016555 0.0001149 0.00013075 0.00013995 0.00014595 0.00014705 0.0001372 0.00014375
50 0.0001693 0.00015345 0.00017005 0.00015685 0.0001466 0.000168 0.0001649 0.0001667 0.00011875 0.00016495 0.0001587 0.0001653 0.00012475 0.00016755 0.0001654 0.00011625 0.00011965 0.00013545 0.00015915 0.00016415 0.00016865 0.00016255 0.0001785 0.00014465 0.00014635 0.00010035 0.00016085 0.00016355 0.00014225 0.00016165 0.00016095 0.00016575 0.0001642 0.00012975 0.00017535 0.0001603 0.0001473 0.00016875 0.00016115 0.0001592 0.00015755 0.0001712 0.0001465 0.00016095 0.00016915 0.0001628 0.00015865 0.00011365 0.00011705 0.00013965 0.0001549 0.0001652 0.00016625 0.00016015 0.00016025 0.0001568 0.00016195 0.00012515 0.0001207 0.00014985 0.0001686 0.0001667
51 0.0001714 0.00014845 0.00015385 0.00012165 0.00015825 0.0001628 0.0001695 0.00017445 0.00016535 0.0001637 0.0001181 0.00016175 0.00016075 0.0001329 0.00013185 0.00016125 0.00016395 0.00015815 0.0001533 0.0001555 0.00015645 0.00015835 0.0001617 0.0001601 0.0001575 0.00016685 0.00017235 0.00015685 0.00016355 0.0001688 0.00015525 0.00016095 0.00015875 0.00015065 0.0001569 0.0001595 0.00011495 0.0001618 0.0001266 0.00017245 0.00015475 0.0001762 0.0001736 0.0001508 0.0001114 0.000136 0.00011805 0.0001593 0.00016625 0.00015655 0.0001652 0.0001309 0.00010995 0.0001517 0.000141 0.0001216 0.00016475 0.00015515 0.0001482 0.00012245 0.0001564 0.00015885
52 0.00016785 0.00015075 0.00014955 0.00014225 0.0001596 0.000169 0.0001594 0.0001741 0.0001685 0.0001719 0.00015 0.0001678 0.0001664 0.00016345 0.00016635 0.0001508 0.00016695 0.0001494 0.00014815 0.00016245 0.00016895 0.0001594 0.00017295 0.00014165 0.00013355 0.00017015 0.00016985 0.00015315 0.0001635 0.00015425 0.0001469 0.0001722 0.00017025 0.0001517 0.00016015 0.0001594 0.00012365 0.0001662 0.0001455 0.0001754 0.00013835 0.0001712 0.0001726 0.0001577 0.00011905 0.00014925 0.00014995 0.0001607 0.0001683 0.0001493 0.00016625 0.00010995 0.0001528 0.00016575 0.00016765 0.0001422 0.0001595 0.0001697 0.00013365 0.00011385 0.0001689 0.00016345
53 0.0001685 0.00012585 0.0001714 0.00015545 0.0001532 0.00015655 0.0001709 0.00017485 0.0001665 0.00016335 0.00014715 0.0001324 0.00015295 0.00016675 0.0001637 0.0001524 0.00015085 0.0001627 0.0001572 0.0001425 0.0001621 0.0001621 0.0001747 0.0001538 0.00014645 0.00015515 0.00014335 0.0001285 0.00016885 0.00017195 0.00012775 0.00016555 0.00016395 0.0001572 0.00016245 0.00015985 0.00015895 0.0001581 0.0001559 0.00017165 0.0001554 0.00017635 0.000173 0.0001331 0.00012925 0.00015845 0.0001471 0.0001302 0.00016655 0.00016835 0.00016015 0.0001517 0.00016575 0.0001743 0.0001693 0.0001554 0.0001566 0.0001483 0.0001594 0.0001548 0.00016205 0.00016225
54 0.0001704 0.00016395 0.00014925 0.00013335 0.0001551 0.00016825 0.0001459 0.00014525 0.000145 0.00015325 0.00013285 0.000163 0.0001701 0.0001107 0.00012185 0.000167 0.00016185 0.0001426 0.0001563 0.00017175 0.0001613 0.0001565 0.00017615 0.00016805 0.00016565 0.00016705 0.00015045 0.0001637 0.0001464 0.00014665 0.0001652 0.0001503 0.0001508 0.00014965 0.00017105 0.00016425 0.00016605 0.00015775 0.00012475 0.0001248 0.0001618 0.00014915 0.00014755 0.0001685 0.00016785 0.0001558 0.0001328 0.000169 0.00014805 0.00016555 0.00016025 0.000141 0.00016765 0.0001693 0.0001816 0.0001333 0.0001635 0.000152 0.0001649 0.00017195 0.00016125 0.00015745
55 0.00015795 0.0001466 0.0001658 6.765e-05 0.00011965 0.00015785 0.0001288 0.000168 0.00015845 0.000152 0.00010725 0.000157 0.00015395 0.000122 0.00012625 0.00011495 0.0001598 0.0001245 0.000113 0.0001534 0.0001594 0.00012 0.00016035 0.0001045 9.015e-05 0.00015045 0.00016625 0.00011785 0.00015775 0.00012295 0.00011805 0.0001535 0.00015285 0.00013655 0.00016165 0.00011665 0.0001549 0.00014815 8.745e-05 0.00016625 7.97e-05 0.0001651 0.0001646 0.00015225 0.0001575 0.00015865 0.0001072 0.0001482 0.0001611 0.0001149 0.0001568 0.0001216 0.0001422 0.0001554 0.0001333 0.0001352 0.0001185 0.00012795 0.00014235 0.00014345 0.00015935 0.00014725
56 0.0001457 0.00014285 0.0001632 0.00011855 0.0001287 0.00011605 0.0001167 0.0001632 0.00016195 0.00015015 0.00014285 0.0001576 0.00016105 0.0001588 0.0001587 0.00012885 0.00016225 0.00013665 0.0001262 0.00015285 0.00016405 0.0001122 0.0001553 0.0001196 0.0001077 0.00015355 0.0001603 0.00011115 0.00016295 0.000128 0.0001306 0.0001517 0.00015165 0.0001526 0.0001685 0.00011075 0.00016475 0.00014975 0.00012965 0.0001635 8.375e-05 0.00016155 0.00016095 0.0001591 0.00016735 0.00015875 0.0001428 0.0001524 0.00016225 0.00013075 0.00016195 0.00016475 0.0001595 0.0001566 0.0001635 0.0001185 0.0001283 0.0001387 0.00016325 0.0001565 0.000164 0.00014885
57 0.0001609 0.0001575 0.0001667 0.000128 0.00010565 0.0001642 0.0001495 0.00016815 0.00015775 0.0001542 0.00014565 0.00016105 0.00013005 0.00015475 0.00014125 0.00011065 0.0001202 0.0001476 0.00014175 0.00016385 0.00016025 0.0001347 0.00016685 0.00013285 0.0001297 0.00011845 0.00015955 0.00014245 0.0001657 0.00014875 0.0001484 0.00014985 0.0001493 0.0001384 0.0001742 0.00013895 0.00015815 0.0001577 0.0001307 0.0001641 0.00012655 0.00017095 0.00016335 0.00016615 0.0001662 0.0001498 0.0001456 0.0001248 0.0001602 0.00013995 0.00012515 0.00015515 0.0001697 0.0001483 0.000152 0.00012795 0.0001387 0.0001562 0.00012395 0.00014955 0.0001602 0.0001568
58 0.00016375 0.0001608 0.00016435 0.0001424 0.0001486 0.0001691 0.0001659 0.0001779 0.0001608 0.00017055 0.0001478 0.0001753 0.00012575 0.00015335 0.00016795 0.00011725 0.0001273 0.00015975 0.000155 0.000171 0.0001721 0.0001662 0.00018095 0.00014185 0.00014145 0.0001193 0.00016315 0.00016335 0.0001673 0.0001626 0.00016055 0.00016835 0.00016695 0.00014465 0.0001695 0.00016395 0.000154 0.0001649 0.0001565 0.00017515 0.0001538 0.00017285 0.00016525 0.0001646 0.00016145 0.0001677 0.00014775 0.00012225 0.00016385 0.00014595 0.0001207 0.0001482 0.00013365 0.0001594 0.0001649 0.00014235 0.00016325 0.00012395 0.0001668 0.0001349 0.00017205 0.000163
59 0.00016655 0.0001548 0.0001668 0.0001435 0.000124 0.00016645 0.000166 0.00017855 0.00017115 0.0001745 0.00014975 0.0001706 0.0001503 0.0001689 0.00016265 0.000135 0.0001491 0.00015445 0.00015425 0.0001633 0.0001666 0.0001566 0.0001648 0.0001107 0.00012965 0.00015285 0.0001682 0.0001581 0.0001681 0.00016 0.0001526 0.0001712 0.0001698 0.0001225 0.000168 0.0001583 0.0001365 0.00017185 0.0001492 0.00017845 0.00014205 0.0001765 0.00017845 0.00016455 0.00013465 0.0001528 0.0001497 0.0001476 0.0001706 0.00014705 0.00014985 0.00012245 0.00011385 0.0001548 0.00017195 0.00014345 0.0001565 0.00014955 0.0001349 0.0001697 0.00016655 0.00016995
