 slim_761926674 slim_761926654 slim_761926658 slim_761926664 slim_761926703 slim_761926665 slim_761926701 slim_761926702 slim_761926695 slim_761926655 slim_761926656 slim_761926699 slim_761926694 slim_761926691 slim_761926652 slim_761926704 slim_761926662 slim_761926705 slim_761926668 slim_761926686 slim_761926666 slim_761926670 slim_761926684 slim_761926669 slim_761926672 slim_761926688 slim_761926698 slim_761926696 slim_761926690 slim_761926676 slim_761926675 slim_761926671 slim_761926687 slim_761926660 slim_761926697 slim_761926661 slim_761926679 slim_761926689 slim_761926653 slim_761926678 slim_761926659 slim_761926685 slim_761926667 slim_761926677 slim_761926692 slim_761926683 slim_761926681 slim_761926663 slim_761926693 slim_761926682 slim_761926673 slim_761926680 slim_761926657 slim_761926700
0 0.0002018 0.00017275 0.00014955 0.00015215 0.000174 0.0001555 0.000151 0.0001739 0.0001583 0.0001768 0.00014535 0.0001691 0.00016595 0.00016805 0.00013605 0.0001601 0.00016255 0.00017915 0.00016265 0.0001349 0.0001465 0.00015155 0.0001605 0.00014535 0.0001341 0.0001527 0.00016385 0.0001837 0.0001496 0.0001285 0.00015365 0.00013895 0.0001386 0.00016775 0.000175 0.0001793 0.00013915 0.000138 0.00013705 0.0001755 0.00016985 0.0001547 0.000173 0.00015685 0.00012645 0.00016695 0.00016425 0.0001391 0.00017505 0.0001388 0.00015935 0.0001471 0.0001805 0.00016535
1 0.00017275 0.0001756 0.000135 0.000168 0.0001358 0.0001663 0.0001632 0.00014625 0.0001624 9.39e-05 0.00017675 0.00013345 0.00012345 0.0001339 0.00017825 0.0001759 0.0001329 0.00012775 0.000133 0.00018195 0.0001458 0.0001769 0.0001621 0.0001371 0.00015885 0.000122 0.0001725 0.0001321 0.00013505 0.0001545 0.00013725 0.000177 0.0001597 0.0001392 0.00012005 0.0001279 0.0001232 0.0001775 0.00016865 0.00013205 9.55e-05 0.0001371 0.0001277 0.00012045 0.00017125 0.00012015 0.0001551 0.0001772 0.0001201 0.00017895 0.00014805 0.00018515 0.00014505 0.00016835
2 0.00014955 0.000135 0.0001821 0.00014605 0.00012895 0.00013895 0.00015095 0.0001365 0.000185 0.00014105 0.00016055 0.0001696 0.00016855 0.00014615 0.0001589 0.0001637 0.0001472 0.0001415 0.0001473 0.0001678 0.0001353 0.00015355 0.0001402 0.00015585 0.0001546 0.00010215 0.0001776 0.00014995 9.115e-05 9.675e-05 0.00013415 0.00015985 0.00012135 0.0001365 0.00013825 0.00014165 0.0001429 0.00016615 0.00015545 0.00017175 0.00012965 0.0001523 0.00013995 0.00010795 0.00014125 0.0001602 0.0001681 0.0001699 0.0001383 0.00013575 0.00013285 0.0001405 0.00013885 0.00016745
3 0.00015215 0.000168 0.00014605 0.0001755 0.0001704 0.0001444 0.00014945 0.0001708 0.00012315 0.0001675 0.00017185 0.0001566 0.00012095 0.00018025 0.000164 0.00016675 0.0001794 0.00017605 0.0001795 0.00016455 0.00015495 0.00016235 0.00013705 0.0001534 0.0001149 0.0001455 0.00015375 0.00018075 0.0001461 0.0001279 0.0001674 0.00015675 0.00013875 0.00017385 0.0001681 0.0001762 0.00014975 0.00016165 0.00015035 0.00016685 0.00016025 0.0001807 0.0001867 0.0001644 0.0001443 0.00015435 0.00015065 0.00016615 0.00016815 0.000136 0.0001615 0.00012855 0.00018125 0.0001585
4 0.000174 0.0001358 0.00012895 0.0001704 0.0001765 0.00018175 0.00017315 0.0001346 0.0001832 0.00013775 0.0001584 0.0001823 0.00018 0.0001362 0.0001786 0.00014175 0.0001371 0.000131 0.0001372 0.0001665 0.0001295 0.00013545 0.0001705 0.00016545 0.00017545 0.0001289 0.0001847 0.0001411 0.000129 0.00014815 0.00011805 0.000172 0.0001528 0.00014765 0.00012645 0.0001312 0.00017335 0.00018145 0.00017755 0.0001886 0.0001459 0.0001396 0.000129 0.00010765 0.0001802 0.0001741 0.0001719 0.0001737 0.0001265 0.00016175 0.0001338 0.00014515 0.0001411 0.0001768
5 0.0001555 0.0001663 0.00013895 0.0001444 0.00018175 0.0001785 0.0001466 0.0001816 0.0001827 0.00017035 0.0001804 0.0001618 0.00016575 0.00018345 0.00016195 0.0001781 0.00018205 0.0001717 0.00018215 0.00017535 0.0001606 0.0001734 0.00013875 0.00015985 0.00015485 0.00013665 0.00014985 0.00013665 0.00013895 0.00011275 0.00017775 0.00015725 0.00014685 0.0001658 0.0001762 0.00017185 0.00014415 0.00015075 0.0001507 0.0001189 0.000156 0.0001835 0.0001871 0.00016025 0.0001361 0.00015855 0.00018345 0.0001717 0.00017625 0.00013995 0.0001817 0.0001461 0.0001389 0.00016475
6 0.000151 0.0001632 0.00015095 0.00014945 0.00017315 0.0001466 0.0001784 0.0001364 0.0001826 0.00016715 0.0001801 0.00012015 0.0001607 0.0001791 0.0001652 0.0001801 0.00017675 0.00016155 0.00017685 0.000174 0.00015575 0.00017275 0.00015285 0.0001607 0.0001453 0.00014695 0.00016245 0.00017525 0.000151 0.00012405 0.00017325 0.00015365 0.0001596 0.0001745 0.00016695 0.0001617 0.00014105 0.0001475 0.0001046 0.0001628 0.00016365 0.00018215 0.00018285 0.00015285 0.00015345 0.00015465 0.0001831 0.00016465 0.000167 0.0001588 0.0001763 0.0001557 0.0001792 0.00015135
7 0.0001739 0.00014625 0.0001365 0.0001708 0.0001346 0.0001816 0.0001364 0.0001868 0.0001774 0.0001486 0.00017205 0.0001373 0.00017295 0.0001472 0.00017645 0.0001695 0.00014655 0.00015015 0.00014665 0.00017835 0.0001551 0.00016875 0.0001729 0.0001783 0.00017365 0.00014565 0.00017615 0.00014765 0.00013655 0.00016735 0.0001439 0.00018175 0.00015765 0.0001498 0.00013935 0.0001503 0.00017575 0.000188 0.0001378 0.00018215 0.0001483 0.0001512 0.00014025 0.00013355 0.0001851 0.000174 0.00016775 0.000177 0.0001394 0.0001771 0.0001338 0.0001739 0.00013845 0.00015755
8 0.0001583 0.0001624 0.000185 0.00012315 0.0001832 0.0001827 0.0001826 0.0001774 0.0001261 0.0001591 0.00017185 0.0001592 0.00010365 0.00016365 0.0001674 0.00015515 0.0001642 0.0001819 0.0001643 0.0001662 0.00018265 0.000181 0.00016695 0.00016465 0.00011965 0.00018475 0.0001487 0.0001785 0.00018505 0.0001881 0.00018295 0.00017405 0.0001867 0.00017705 0.0001653 0.00018205 0.00016355 0.0001526 0.000175 0.0001603 0.00016225 0.0001436 0.00016985 0.00018405 0.00014775 0.00014725 0.00012035 0.0001617 0.00016535 0.00018425 0.00015595 0.0001836 0.0001787 0.0001592
9 0.0001768 9.39e-05 0.00014105 0.0001675 0.00013775 0.00017035 0.00016715 0.0001486 0.0001591 0.0001845 0.0001787 0.00013745 0.00012755 0.00013695 0.00017895 0.0001713 0.00013595 0.00012985 0.00013605 0.0001825 0.00014775 0.0001765 0.00016155 0.0001407 0.0001629 0.00012805 0.0001748 0.00013455 0.0001411 0.00016215 0.0001392 0.0001788 0.0001612 0.0001435 0.00012185 0.00013 0.00012935 0.0001742 0.0001726 0.00013615 0.0001016 0.0001358 0.00013215 0.0001265 0.00017155 0.0001236 0.00015815 0.0001773 0.0001219 0.00017855 0.0001506 0.00018415 0.0001475 0.000167
10 0.00014535 0.00017675 0.00016055 0.00017185 0.0001584 0.0001804 0.0001801 0.00017205 0.00017185 0.0001787 0.0001769 0.00019065 0.00018415 0.0001341 0.0001344 0.0001792 0.00014275 0.00017475 0.00014285 0.00010435 0.0001361 0.00014305 0.00018155 0.0001386 0.00016875 0.00016715 0.0001799 0.0001782 0.0001606 0.00016705 0.00012695 0.00015765 0.0001359 0.00016695 0.00017365 0.0001749 0.0001677 0.00016615 0.00017505 0.00018995 0.0001737 0.00016145 0.0001269 0.000165 0.0001636 0.00018555 0.00014475 0.00015865 0.0001737 0.0001345 0.00016125 0.0001523 0.00017155 0.0001733
11 0.0001691 0.00013345 0.0001696 0.0001566 0.0001823 0.0001618 0.00012015 0.0001373 0.0001592 0.00013745 0.00019065 0.0001807 0.0001193 0.00018165 0.00018025 0.00018485 0.0001791 0.00017745 0.0001792 0.00018435 0.00017615 0.00018385 0.00016585 0.00013895 0.00015115 0.00016575 0.000165 0.0001726 0.00016965 0.0001567 0.0001822 0.0001722 0.00017645 0.0001757 0.0001672 0.0001776 0.00012785 0.00017885 0.0001222 0.00012945 0.0001331 0.0001836 0.0001854 0.00016765 0.00017275 0.0001242 0.000173 0.00018115 0.00016725 0.0001805 0.00018265 0.00017975 0.0001764 0.0001544
12 0.00016595 0.00012345 0.00016855 0.00012095 0.00018 0.00016575 0.0001607 0.00017295 0.00010365 0.00012755 0.00018415 0.0001193 0.0001421 0.00017495 0.00017875 0.00017755 0.0001755 0.00017335 0.0001756 0.0001789 0.0001777 0.0001771 0.00015935 0.0001271 0.0001149 0.0001671 0.0001505 0.0001745 0.0001686 0.0001577 0.00017965 0.0001738 0.0001791 0.0001741 0.00015965 0.0001735 0.0001213 0.00017635 0.00016295 0.00012205 0.0001233 0.0001778 0.00018075 0.0001666 0.000169 0.00010735 0.0001365 0.0001719 0.0001597 0.000179 0.000165 0.0001817 0.0001759 0.00016125
13 0.00016805 0.0001339 0.00014615 0.00018025 0.0001362 0.00018345 0.0001791 0.0001472 0.00016365 0.00013695 0.0001341 0.00018165 0.00017495 0.0001791 0.00014265 0.00017215 9.54e-05 0.00013435 9.55e-05 0.0001399 0.0001494 0.0001799 0.00017135 0.0001785 0.0001671 0.00013605 0.0001708 0.00013695 0.0001462 0.00017885 0.00013415 0.0001691 0.00016255 0.0001379 0.0001237 0.00013435 0.000166 0.00016615 0.0001736 0.00018125 0.00014145 0.00011845 8.96e-05 0.00013235 0.0001649 0.00016815 0.0001256 0.00017625 0.00012375 0.0001816 0.0001346 0.00018635 0.000147 0.000167
14 0.00013605 0.00017825 0.0001589 0.000164 0.0001786 0.00016195 0.0001652 0.00017645 0.0001674 0.00017895 0.0001344 0.00018025 0.00017875 0.00014265 0.0001924 0.00017035 0.00013715 0.0001629 0.00013725 0.00012 0.00015785 0.0001477 0.00014315 0.00016135 0.00015075 0.00016205 0.00017075 0.0001777 0.00015895 0.0001493 0.00016105 0.0001465 0.0001477 0.0001687 0.0001706 0.00016305 0.0001526 0.00014275 0.00015205 0.0001781 0.00017535 0.0001565 0.00015155 0.0001652 0.0001407 0.00017115 0.00014 0.0001486 0.00017065 0.00013325 0.0001579 0.00015295 0.0001745 0.00016095
15 0.0001601 0.0001759 0.0001637 0.00016675 0.00014175 0.0001781 0.0001801 0.0001695 0.00015515 0.0001713 0.0001792 0.00018485 0.00017755 0.00017215 0.00017035 0.0001702 0.0001743 0.00016925 0.0001744 0.0001749 0.0001707 0.00015015 0.0001645 0.00017675 0.0001769 0.00017215 0.000173 0.00017515 0.00016375 0.0001574 0.0001702 0.0001752 0.00016745 0.00017335 0.00016435 0.0001694 0.00018705 0.0001607 0.000184 0.0001818 0.00017755 0.0001549 0.0001786 0.0001546 0.0001578 0.00017115 0.0001804 0.000154 0.0001644 0.00017 0.00016465 0.00013625 0.00016665 0.0001633
16 0.00016255 0.0001329 0.0001472 0.0001794 0.0001371 0.00018205 0.00017675 0.00014655 0.0001642 0.00013595 0.00014275 0.0001791 0.0001755 9.54e-05 0.00013715 0.0001743 0.000174 0.00013355 8.71e-05 0.0001344 0.000148 0.0001772 0.0001689 0.0001804 0.00016025 0.00013365 0.00017025 0.0001354 0.00014725 0.0001799 0.0001345 0.00016375 0.00016305 0.00013855 0.0001211 0.00013355 0.00015915 0.0001595 0.00016365 0.00018125 0.0001406 0.00011005 9.535e-05 0.00013325 0.00015665 0.0001671 0.00011875 0.00017835 0.00012115 0.0001821 0.00012965 0.00018685 0.0001489 0.00016365
17 0.00017915 0.00012775 0.0001415 0.00017605 0.000131 0.0001717 0.00016155 0.00015015 0.0001819 0.00012985 0.00017475 0.00017745 0.00017335 0.00013435 0.0001629 0.00016925 0.00013355 0.000175 0.00013365 0.0001819 0.0001451 0.00015665 0.0001486 0.00017635 0.00017645 0.00012835 0.0001781 0.00013085 0.00014155 0.00016995 0.00013625 0.0001837 0.0001592 0.0001472 0.0001226 8.77e-05 0.000166 0.00015785 0.00018035 0.00017105 0.00013625 0.00013345 0.0001264 0.00012925 0.00017425 0.00016295 0.0001655 0.00013575 0.00012265 0.0001619 0.00014155 0.00017445 0.00014395 0.0001662
18 0.00016265 0.000133 0.0001473 0.0001795 0.0001372 0.00018215 0.00017685 0.00014665 0.0001643 0.00013605 0.00014285 0.0001792 0.0001756 9.55e-05 0.00013725 0.0001744 8.71e-05 0.00013365 0.0001742 0.0001345 0.0001481 0.0001773 0.000169 0.0001805 0.00016035 0.00013375 0.00017035 0.0001355 0.00014735 0.00018 0.0001346 0.00016385 0.00016315 0.00013865 0.0001212 0.0001336 0.00015925 0.0001596 0.00016375 0.00018135 0.0001407 0.00011015 9.54e-05 0.00013335 0.00015675 0.0001672 0.00011885 0.00017845 0.00012125 0.0001822 0.00012975 0.00018695 0.000149 0.00016375
19 0.0001349 0.00018195 0.0001678 0.00016455 0.0001665 0.00017535 0.000174 0.00017835 0.0001662 0.0001825 0.00010435 0.00018435 0.0001789 0.0001399 0.00012 0.0001749 0.0001344 0.0001819 0.0001345 0.0001784 0.0001419 0.0001386 0.0001742 0.000137 0.0001561 0.00017095 0.000173 0.0001837 0.00016785 0.0001636 0.0001345 0.00014825 0.00014195 0.00017325 0.0001751 0.00018205 0.00016335 0.0001554 0.00016135 0.0001863 0.00017905 0.00015885 0.00014955 0.0001721 0.00015045 0.00017785 0.00013795 0.00015755 0.00017515 0.00013325 0.00016345 0.00014865 0.0001805 0.00016585
20 0.0001465 0.0001458 0.0001353 0.00015495 0.0001295 0.0001606 0.00015575 0.0001551 0.00018265 0.00014775 0.0001361 0.00017615 0.0001777 0.0001494 0.00015785 0.0001707 0.000148 0.0001451 0.0001481 0.0001419 0.0001784 0.00013625 0.0001602 0.00013985 0.0001618 0.00012575 0.00017365 0.00015025 0.00013535 0.00013755 0.00010945 0.00015485 0.000124 0.0001557 0.00014335 0.00014515 0.00015485 0.0001653 0.00016005 0.0001806 0.0001526 0.00015185 0.0001422 0.00012725 0.00016215 0.00017385 0.0001706 0.0001616 0.0001434 0.00012605 0.0001562 0.0001383 0.00015975 0.00017115
21 0.00015155 0.0001769 0.00015355 0.00016235 0.00013545 0.0001734 0.00017275 0.00016875 0.000181 0.0001765 0.00014305 0.00018385 0.0001771 0.0001799 0.0001477 0.00015015 0.0001772 0.00015665 0.0001773 0.0001386 0.00013625 0.0001802 0.0001558 0.00013855 0.0001666 0.00016655 0.0001866 0.00018185 0.0001536 0.00013985 0.0001368 0.00016425 0.0001445 0.0001826 0.0001728 0.0001568 0.00016915 0.0001679 0.00017315 0.0001837 0.0001783 0.0001787 0.00018165 0.00014845 0.0001702 0.0001748 0.00018135 0.0001417 0.00017285 0.00011945 0.0001603 0.0001342 0.0001688 0.00016885
22 0.0001605 0.0001621 0.0001402 0.00013705 0.0001705 0.00013875 0.00015285 0.0001729 0.00016695 0.00016155 0.00018155 0.00016585 0.00015935 0.00017135 0.00014315 0.0001645 0.0001689 0.0001486 0.000169 0.0001742 0.0001602 0.0001558 0.0001697 0.00016765 0.00015035 0.0001373 0.00016795 0.0001679 0.00014025 0.0001254 0.00017215 0.00016465 0.0001477 0.0001696 0.00012565 0.00014875 0.00015225 0.0001569 0.00015665 0.0001635 0.0001585 0.0001724 0.00017625 0.0001547 0.0001432 0.0001213 0.0001707 0.0001559 0.00012565 0.00013115 0.0001672 0.000145 0.00017075 0.0001332
23 0.00014535 0.0001371 0.00015585 0.0001534 0.00016545 0.00015985 0.0001607 0.0001783 0.00016465 0.0001407 0.0001386 0.00013895 0.0001271 0.0001785 0.00016135 0.00017675 0.0001804 0.00017635 0.0001805 0.000137 0.00013985 0.00013855 0.00016765 0.0001877 0.00015495 0.00015955 0.0001755 0.00018065 0.0001559 0.00013845 0.00013735 0.00016175 0.00013885 0.00017415 0.0001743 0.0001765 0.00012765 0.00017365 0.0001666 0.00013735 0.0001341 0.00018615 0.000182 0.0001594 0.0001653 0.00013115 0.00017455 0.00015665 0.00017435 0.00013035 0.0001821 0.0001472 0.0001769 0.0001708
24 0.0001341 0.00015885 0.0001546 0.0001149 0.00017545 0.00015485 0.0001453 0.00017365 0.00011965 0.0001629 0.00016875 0.00015115 0.0001149 0.0001671 0.00015075 0.0001769 0.00016025 0.00017645 0.00016035 0.0001561 0.0001618 0.0001666 0.00015035 0.00015495 0.0001833 0.0001526 0.00014795 0.0001818 0.00015465 0.0001293 0.0001758 0.00013515 0.000167 0.00017085 0.00016375 0.0001766 0.0001213 0.00014645 0.0001277 0.00016105 0.0001587 0.00016345 0.0001729 0.0001564 0.00013645 0.00014315 0.0001305 0.00017485 0.0001638 0.00016205 0.00014485 0.00016285 0.00018375 0.0001605
25 0.0001527 0.000122 0.00010215 0.0001455 0.0001289 0.00013665 0.00014695 0.00014565 0.00018475 0.00012805 0.00016715 0.00016575 0.0001671 0.00013605 0.00016205 0.00017215 0.00013365 0.00012835 0.00013375 0.00017095 0.00012575 0.00016655 0.0001373 0.00015955 0.0001526 0.00018 0.0001734 0.00013665 0.00010215 0.0001078 0.0001277 0.00016 0.00012595 0.0001325 0.0001243 0.0001285 0.0001395 0.0001626 0.00015105 0.0001686 0.0001221 0.00013875 0.00012985 0.0001079 0.00013875 0.0001564 0.0001661 0.00017345 0.00012435 0.00014035 0.00014245 0.0001451 0.0001487 0.00016545
26 0.00016385 0.0001725 0.0001776 0.00015375 0.0001847 0.00014985 0.00016245 0.00017615 0.0001487 0.0001748 0.0001799 0.000165 0.0001505 0.0001708 0.00017075 0.000173 0.00017025 0.0001781 0.00017035 0.000173 0.00017365 0.0001866 0.00016795 0.0001755 0.00014795 0.0001734 0.0001665 0.0001561 0.00017765 0.0001702 0.0001828 0.0001287 0.00018335 0.00013505 0.00016975 0.00017825 0.0001681 0.00016945 0.00016225 0.0001489 0.0001728 0.0001723 0.00017715 0.0001766 0.000166 0.0001627 0.0001626 0.0001719 0.0001698 0.00018065 0.0001666 0.00018 0.00016025 0.0001616
27 0.0001837 0.0001321 0.00014995 0.00018075 0.0001411 0.00013665 0.00017525 0.00014765 0.0001785 0.00013455 0.0001782 0.0001726 0.0001745 0.00013695 0.0001777 0.00017515 0.0001354 0.00013085 0.0001355 0.0001837 0.00015025 0.00018185 0.0001679 0.00018065 0.0001818 0.00013665 0.0001561 0.0001881 0.00015 0.0001813 0.00014275 0.00018415 0.0001666 0.0001428 0.00013035 0.000131 0.00017255 0.00017145 0.0001797 0.0001321 0.00013725 0.0001361 0.0001299 0.00013885 0.00017865 0.0001685 0.0001654 0.00017505 0.0001304 0.00017995 0.00014825 0.0001851 0.00010735 0.000169
28 0.0001496 0.00013505 9.115e-05 0.0001461 0.000129 0.00013895 0.000151 0.00013655 0.00018505 0.0001411 0.0001606 0.00016965 0.0001686 0.0001462 0.00015895 0.00016375 0.00014725 0.00014155 0.00014735 0.00016785 0.00013535 0.0001536 0.00014025 0.0001559 0.00015465 0.00010215 0.00017765 0.00015 0.0001822 9.685e-05 0.0001342 0.0001599 0.0001214 0.00013655 0.0001383 0.0001417 0.00014295 0.0001662 0.0001555 0.0001718 0.0001297 0.00015235 0.00014 0.000108 0.0001413 0.00016025 0.00016815 0.00016995 0.00013835 0.0001358 0.0001329 0.00014055 0.0001389 0.0001675
29 0.0001285 0.0001545 9.675e-05 0.0001279 0.00014815 0.00011275 0.00012405 0.00016735 0.0001881 0.00016215 0.00016705 0.0001567 0.0001577 0.00017885 0.0001493 0.0001574 0.0001799 0.00016995 0.00018 0.0001636 0.00013755 0.00013985 0.0001254 0.00013845 0.0001293 0.0001078 0.0001702 0.0001813 9.685e-05 7.83e-05 0.00016045 0.0001354 0.0001253 0.00016155 0.00016605 0.0001701 0.00011565 0.00014745 0.0001281 0.0001594 0.00014915 0.00018575 0.00018335 0.0001079 0.00011715 0.0001443 0.0001848 0.00017225 0.0001661 0.00011945 0.0001659 0.00012125 0.00017025 0.00016405
30 0.00015365 0.00013725 0.00013415 0.0001674 0.00011805 0.00017775 0.00017325 0.0001439 0.00018295 0.0001392 0.00012695 0.0001822 0.00017965 0.00013415 0.00016105 0.0001702 0.0001345 0.00013625 0.0001346 0.0001345 0.00010945 0.0001368 0.00017215 0.00013735 0.0001758 0.0001277 0.0001828 0.00014275 0.0001342 0.00016045 0.0001854 0.0001718 0.000125 0.0001446 0.00013285 0.00013625 0.0001725 0.0001796 0.00017815 0.00018725 0.0001422 0.00014055 0.00012695 0.00012545 0.0001755 0.0001775 0.00016765 0.0001564 0.0001329 0.00013185 0.0001432 0.0001463 0.00014915 0.0001723
31 0.00013895 0.000177 0.00015985 0.00015675 0.000172 0.00015725 0.00015365 0.00018175 0.00017405 0.0001788 0.00015765 0.0001722 0.0001738 0.0001691 0.0001465 0.0001752 0.00016375 0.0001837 0.00016385 0.00014825 0.00015485 0.00016425 0.00016465 0.00016175 0.00013515 0.00016 0.0001287 0.00018415 0.0001599 0.0001354 0.0001718 0.0001618 0.0001639 0.00013335 0.0001812 0.00018385 0.0001333 0.00014505 0.00013335 0.0001742 0.00017655 0.0001672 0.00017315 0.00016245 0.00014025 0.0001714 0.0001644 0.0001842 0.00018125 0.0001549 0.00016055 0.0001527 0.00018395 0.0001758
32 0.0001386 0.0001597 0.00012135 0.00013875 0.0001528 0.00014685 0.0001596 0.00015765 0.0001867 0.0001612 0.0001359 0.00017645 0.0001791 0.00016255 0.0001477 0.00016745 0.00016305 0.0001592 0.00016315 0.00014195 0.000124 0.0001445 0.0001477 0.00013885 0.000167 0.00012595 0.00018335 0.0001666 0.0001214 0.0001253 0.000125 0.0001639 0.000186 0.00015445 0.00016275 0.00015935 0.00015685 0.00016775 0.00016415 0.00018055 0.0001492 0.00016755 0.000157 0.0001452 0.00014775 0.00017685 0.0001739 0.0001501 0.0001628 0.0001096 0.0001602 0.0001175 0.00016195 0.00016845
33 0.00016775 0.0001392 0.0001365 0.00017385 0.00014765 0.0001658 0.0001745 0.0001498 0.00017705 0.0001435 0.00016695 0.0001757 0.0001741 0.0001379 0.0001687 0.00017335 0.00013855 0.0001472 0.00013865 0.00017325 0.0001557 0.0001826 0.0001696 0.00017415 0.00017085 0.0001325 0.00013505 0.0001428 0.00013655 0.00016155 0.0001446 0.00013335 0.00015445 0.0001864 0.00014275 0.00014735 0.00016455 0.00017895 0.00017225 0.00017245 0.00013115 0.0001425 0.00013225 0.0001387 0.00016545 0.00017255 0.00016095 0.0001789 0.0001428 0.0001711 0.00014305 0.0001742 0.00014675 0.00017135
34 0.000175 0.00012005 0.00013825 0.0001681 0.00012645 0.0001762 0.00016695 0.00013935 0.0001653 0.00012185 0.00017365 0.0001672 0.00015965 0.0001237 0.0001706 0.00016435 0.0001211 0.0001226 0.0001212 0.0001751 0.00014335 0.0001728 0.00012565 0.0001743 0.00016375 0.0001243 0.00016975 0.00013035 0.0001383 0.00016605 0.00013285 0.0001812 0.00016275 0.00014275 0.0001569 0.00012275 0.00016295 0.0001764 0.0001711 0.0001719 0.0001319 0.00012815 0.00011965 0.00012035 0.00017395 0.00012015 0.0001519 0.00017335 7.85e-05 0.0001797 0.00013695 0.0001812 0.00014425 0.00013805
35 0.0001793 0.0001279 0.00014165 0.0001762 0.0001312 0.00017185 0.0001617 0.0001503 0.00018205 0.00013 0.0001749 0.0001776 0.0001735 0.00013435 0.00016305 0.0001694 0.00013355 8.77e-05 0.0001336 0.00018205 0.00014515 0.0001568 0.00014875 0.0001765 0.0001766 0.0001285 0.00017825 0.000131 0.0001417 0.0001701 0.00013625 0.00018385 0.00015935 0.00014735 0.00012275 0.0001753 0.00016615 0.000158 0.0001805 0.0001712 0.0001364 0.0001336 0.00012635 0.00012925 0.0001744 0.0001631 0.00016565 0.0001359 0.0001228 0.00016205 0.0001417 0.0001746 0.0001441 0.00016635
36 0.00013915 0.0001232 0.0001429 0.00014975 0.00017335 0.00014415 0.00014105 0.00017575 0.00016355 0.00012935 0.0001677 0.00012785 0.0001213 0.000166 0.0001526 0.00018705 0.00015915 0.000166 0.00015925 0.00016335 0.00015485 0.00016915 0.00015225 0.00012765 0.0001213 0.0001395 0.0001681 0.00017255 0.00014295 0.00011565 0.0001725 0.0001333 0.00015685 0.00016455 0.00016295 0.00016615 0.000157 0.0001452 0.00012765 0.0001278 0.00012305 0.0001654 0.0001635 0.0001442 0.00013695 0.00011835 0.00015175 0.00018185 0.000163 0.00016145 0.00016265 0.00016855 0.0001759 0.00016985
37 0.000138 0.0001775 0.00016615 0.00016165 0.00018145 0.00015075 0.0001475 0.000188 0.0001526 0.0001742 0.00016615 0.00017885 0.00017635 0.00016615 0.00014275 0.0001607 0.0001595 0.00015785 0.0001596 0.0001554 0.0001653 0.0001679 0.0001569 0.00017365 0.00014645 0.0001626 0.00016945 0.00017145 0.0001662 0.00014745 0.0001796 0.00014505 0.00016775 0.00017895 0.0001764 0.000158 0.0001452 0.0001954 0.00014875 0.0001656 0.00017815 0.0001405 0.00017025 0.0001683 0.00011975 0.0001707 0.00016185 0.00014815 0.00017645 0.00015975 0.0001638 0.0001657 0.00017495 0.00016595
38 0.00013705 0.00016865 0.00015545 0.00015035 0.00017755 0.0001507 0.0001046 0.0001378 0.000175 0.0001726 0.00017505 0.0001222 0.00016295 0.0001736 0.00015205 0.000184 0.00016365 0.00018035 0.00016375 0.00016135 0.00016005 0.00017315 0.00015665 0.0001666 0.0001277 0.00015105 0.00016225 0.0001797 0.0001555 0.0001281 0.00017815 0.00013335 0.00016415 0.00017225 0.0001711 0.0001805 0.00012765 0.00014875 0.0001735 0.00016825 0.0001683 0.00016905 0.00017735 0.00015725 0.00014 0.0001598 0.0001668 0.0001839 0.00017115 0.00016335 0.0001623 0.0001607 0.00018405 0.00015345
39 0.0001755 0.00013205 0.00017175 0.00016685 0.0001886 0.0001189 0.0001628 0.00018215 0.0001603 0.00013615 0.00018995 0.00012945 0.00012205 0.00018125 0.0001781 0.0001818 0.00018125 0.00017105 0.00018135 0.0001863 0.0001806 0.0001837 0.0001635 0.00013735 0.00016105 0.0001686 0.0001489 0.0001321 0.0001718 0.0001594 0.00018725 0.0001742 0.00018055 0.00017245 0.0001719 0.0001712 0.0001278 0.0001656 0.00016825 0.0001646 0.00012935 0.0001818 0.0001849 0.00017275 0.00016855 0.00012225 0.0001724 0.0001754 0.00017195 0.0001785 0.00018725 0.0001861 0.0001352 0.0001676
40 0.00016985 9.55e-05 0.00012965 0.00016025 0.0001459 0.000156 0.00016365 0.0001483 0.00016225 0.0001016 0.0001737 0.0001331 0.0001233 0.00014145 0.00017535 0.00017755 0.0001406 0.00013625 0.0001407 0.00017905 0.0001526 0.0001783 0.0001585 0.0001341 0.0001587 0.0001221 0.0001728 0.00013725 0.0001297 0.00014915 0.0001422 0.00017655 0.0001492 0.00013115 0.0001319 0.0001364 0.00012305 0.00017815 0.0001683 0.00012935 0.0001753 0.0001448 0.00013525 0.00013055 0.0001635 0.00012415 0.00015495 0.0001751 0.00013195 0.00016845 0.0001503 0.00017465 0.00014475 0.0001653
41 0.0001547 0.0001371 0.0001523 0.0001807 0.0001396 0.0001835 0.00018215 0.0001512 0.0001436 0.0001358 0.00016145 0.0001836 0.0001778 0.00011845 0.0001565 0.0001549 0.00011005 0.00013345 0.00011015 0.00015885 0.00015185 0.0001787 0.0001724 0.00018615 0.00016345 0.00013875 0.0001723 0.0001361 0.00015235 0.00018575 0.00014055 0.0001672 0.00016755 0.0001425 0.00012815 0.0001336 0.0001654 0.0001405 0.00016905 0.0001818 0.0001448 0.0001827 0.00011265 0.0001385 0.0001387 0.000174 0.0001388 0.0001653 0.0001282 0.00018445 0.0001292 0.0001873 0.0001496 0.00016555
42 0.000173 0.0001277 0.00013995 0.0001867 0.000129 0.0001871 0.00018285 0.00014025 0.00016985 0.00013215 0.0001269 0.0001854 0.00018075 8.96e-05 0.00015155 0.0001786 9.535e-05 0.0001264 9.54e-05 0.00014955 0.0001422 0.00018165 0.00017625 0.000182 0.0001729 0.00012985 0.00017715 0.0001299 0.00014 0.00018335 0.00012695 0.00017315 0.000157 0.00013225 0.00011965 0.00012635 0.0001635 0.00017025 0.00017735 0.0001849 0.00013525 0.00011265 0.0001453 0.00012615 0.0001698 0.0001748 0.00012555 0.00017945 0.0001197 0.00018335 0.00012745 0.0001905 0.00013995 0.0001711
43 0.00015685 0.00012045 0.00010795 0.0001644 0.00010765 0.00016025 0.00015285 0.00013355 0.00018405 0.0001265 0.000165 0.00016765 0.0001666 0.00013235 0.0001652 0.0001546 0.00013325 0.00012925 0.00013335 0.0001721 0.00012725 0.00014845 0.0001547 0.0001594 0.0001564 0.0001079 0.0001766 0.00013885 0.000108 0.0001079 0.00012545 0.00016245 0.0001452 0.0001387 0.00012035 0.00012925 0.0001442 0.0001683 0.00015725 0.00017275 0.00013055 0.0001385 0.00012615 0.000173 0.00015985 0.0001544 0.0001669 0.00017575 0.0001204 0.0001596 0.0001326 0.0001604 0.00013885 0.00016845
44 0.00012645 0.00017125 0.00014125 0.0001443 0.0001802 0.0001361 0.00015345 0.0001851 0.00014775 0.00017155 0.0001636 0.00017275 0.000169 0.0001649 0.0001407 0.0001578 0.00015665 0.00017425 0.00015675 0.00015045 0.00016215 0.0001702 0.0001432 0.0001653 0.00013645 0.00013875 0.000166 0.00017865 0.0001413 0.00011715 0.0001755 0.00014025 0.00014775 0.00016545 0.00017395 0.0001744 0.00013695 0.00011975 0.00014 0.00016855 0.0001635 0.0001387 0.0001698 0.00015985 0.0001922 0.000164 0.0001568 0.0001619 0.000174 0.0001444 0.0001626 0.00014825 0.0001811 0.00016125
45 0.00016695 0.00012015 0.0001602 0.00015435 0.0001741 0.00015855 0.00015465 0.000174 0.00014725 0.0001236 0.00018555 0.0001242 0.00010735 0.00016815 0.00017115 0.00017115 0.0001671 0.00016295 0.0001672 0.00017785 0.00017385 0.0001748 0.0001213 0.00013115 0.00014315 0.0001564 0.0001627 0.0001685 0.00016025 0.0001443 0.0001775 0.0001714 0.00017685 0.00017255 0.00012015 0.0001631 0.00011835 0.0001707 0.0001598 0.00012225 0.00012415 0.000174 0.0001748 0.0001544 0.000164 0.0001479 0.00015905 0.00017385 0.00012015 0.0001784 0.0001761 0.00018235 0.00017225 0.0001368
46 0.00016425 0.0001551 0.0001681 0.00015065 0.0001719 0.00018345 0.0001831 0.00016775 0.00012035 0.00015815 0.00014475 0.000173 0.0001365 0.0001256 0.00014 0.0001804 0.00011875 0.0001655 0.00011885 0.00013795 0.0001706 0.00018135 0.0001707 0.00017455 0.0001305 0.0001661 0.0001626 0.0001654 0.00016815 0.0001848 0.00016765 0.0001644 0.0001739 0.00016095 0.0001519 0.00016565 0.00015175 0.00016185 0.0001668 0.0001724 0.00015495 0.0001388 0.00012555 0.0001669 0.0001568 0.00015905 0.0001783 0.00018055 0.00015195 0.0001861 0.00013885 0.00019055 0.00016735 0.00016275
47 0.0001391 0.0001772 0.0001699 0.00016615 0.0001737 0.0001717 0.00016465 0.000177 0.0001617 0.0001773 0.00015865 0.00018115 0.0001719 0.00017625 0.0001486 0.000154 0.00017835 0.00013575 0.00017845 0.00015755 0.0001616 0.0001417 0.0001559 0.00015665 0.00017485 0.00017345 0.0001719 0.00017505 0.00016995 0.00017225 0.0001564 0.0001842 0.0001501 0.0001789 0.00017335 0.0001359 0.00018185 0.00014815 0.0001839 0.0001754 0.0001751 0.0001653 0.00017945 0.00017575 0.0001619 0.00017385 0.00018055 0.0001892 0.0001734 0.0001386 0.0001729 0.00015515 0.00017145 0.00016385
48 0.00017505 0.0001201 0.0001383 0.00016815 0.0001265 0.00017625 0.000167 0.0001394 0.00016535 0.0001219 0.0001737 0.00016725 0.0001597 0.00012375 0.00017065 0.0001644 0.00012115 0.00012265 0.00012125 0.00017515 0.0001434 0.00017285 0.00012565 0.00017435 0.0001638 0.00012435 0.0001698 0.0001304 0.00013835 0.0001661 0.0001329 0.00018125 0.0001628 0.0001428 7.85e-05 0.0001228 0.000163 0.00017645 0.00017115 0.00017195 0.00013195 0.0001282 0.0001197 0.0001204 0.000174 0.00012015 0.00015195 0.0001734 0.000157 0.00017975 0.000137 0.00018125 0.0001443 0.0001381
49 0.0001388 0.00017895 0.00013575 0.000136 0.00016175 0.00013995 0.0001588 0.0001771 0.00018425 0.00017855 0.0001345 0.0001805 0.000179 0.0001816 0.00013325 0.00017 0.0001821 0.0001619 0.0001822 0.00013325 0.00012605 0.00011945 0.00013115 0.00013035 0.00016205 0.00014035 0.00018065 0.00017995 0.0001358 0.00011945 0.00013185 0.0001549 0.0001096 0.0001711 0.0001797 0.00016205 0.00016145 0.00015975 0.00016335 0.0001785 0.00016845 0.00018445 0.00018335 0.0001596 0.0001444 0.0001784 0.0001861 0.0001386 0.00017975 0.0001659 0.0001731 0.00010975 0.0001753 0.0001671
50 0.00015935 0.00014805 0.00013285 0.0001615 0.0001338 0.0001817 0.0001763 0.0001338 0.00015595 0.0001506 0.00016125 0.00018265 0.000165 0.0001346 0.0001579 0.00016465 0.00012965 0.00014155 0.00012975 0.00016345 0.0001562 0.0001603 0.0001672 0.0001821 0.00014485 0.00014245 0.0001666 0.00014825 0.0001329 0.0001659 0.0001432 0.00016055 0.0001602 0.00014305 0.00013695 0.0001417 0.00016265 0.0001638 0.0001623 0.00018725 0.0001503 0.0001292 0.00012745 0.0001326 0.0001626 0.0001761 0.00013885 0.0001729 0.000137 0.0001731 0.0001796 0.0001747 0.0001386 0.0001675
51 0.0001471 0.00018515 0.0001405 0.00012855 0.00014515 0.0001461 0.0001557 0.0001739 0.0001836 0.00018415 0.0001523 0.00017975 0.0001817 0.00018635 0.00015295 0.00013625 0.00018685 0.00017445 0.00018695 0.00014865 0.0001383 0.0001342 0.000145 0.0001472 0.00016285 0.0001451 0.00018 0.0001851 0.00014055 0.00012125 0.0001463 0.0001527 0.0001175 0.0001742 0.0001812 0.0001746 0.00016855 0.0001657 0.0001607 0.0001861 0.00017465 0.0001873 0.0001905 0.0001604 0.00014825 0.00018235 0.00019055 0.00015515 0.00018125 0.00010975 0.0001747 0.0001514 0.00018045 0.00016885
52 0.0001805 0.00014505 0.00013885 0.00018125 0.0001411 0.0001389 0.0001792 0.00013845 0.0001787 0.0001475 0.00017155 0.0001764 0.0001759 0.000147 0.0001745 0.00016665 0.0001489 0.00014395 0.000149 0.0001805 0.00015975 0.0001688 0.00017075 0.0001769 0.00018375 0.0001487 0.00016025 0.00010735 0.0001389 0.00017025 0.00014915 0.00018395 0.00016195 0.00014675 0.00014425 0.0001441 0.0001759 0.00017495 0.00018405 0.0001352 0.00014475 0.0001496 0.00013995 0.00013885 0.0001811 0.00017225 0.00016735 0.00017145 0.0001443 0.0001753 0.0001386 0.00018045 0.0001949 0.00017095
53 0.00016535 0.00016835 0.00016745 0.0001585 0.0001768 0.00016475 0.00015135 0.00015755 0.0001592 0.000167 0.0001733 0.0001544 0.00016125 0.000167 0.00016095 0.0001633 0.00016365 0.0001662 0.00016375 0.00016585 0.00017115 0.00016885 0.0001332 0.0001708 0.0001605 0.00016545 0.0001616 0.000169 0.0001675 0.00016405 0.0001723 0.0001758 0.00016845 0.00017135 0.00013805 0.00016635 0.00016985 0.00016595 0.00015345 0.0001676 0.0001653 0.00016555 0.0001711 0.00016845 0.00016125 0.0001368 0.00016275 0.00016385 0.0001381 0.0001671 0.0001675 0.00016885 0.00017095 0.0001582
