 slim_761984653 slim_761984665 slim_761984626 slim_761984648 slim_761984621 slim_761984669 slim_761984622 slim_761984662 slim_761984632 slim_761984637 slim_761984658 slim_761984638 slim_761984671 slim_761984654 slim_761984649 slim_761984672 slim_761984660 slim_761984635 slim_761984655 slim_761984640 slim_761984627 slim_761984663 slim_761984644 slim_761984667 slim_761984628 slim_761984633 slim_761984668 slim_761984646 slim_761984661 slim_761984623 slim_761984643 slim_761984645 slim_761984634 slim_761984666 slim_761984631 slim_761984624 slim_761984642 slim_761984674 slim_761984652 slim_761984656 slim_761984641 slim_761984651 slim_761984670 slim_761984636 slim_761984650 slim_761984639 slim_761984647 slim_761984659 slim_761984625 slim_761984630 slim_761984664 slim_761984673 slim_761984657 slim_761984629
0 3.6e-06 0.0001658 9.11e-05 7.43e-05 8.73e-05 0.0001707 7.975e-05 0.00010875 0.0001568 8.735e-05 0.0001616 0.0001151 8.865e-05 0.0001741 0.00016205 0.00017725 0.00010045 0.0001613 9.94e-05 8.43e-05 0.00014135 0.00015655 0.00010475 0.0001727 0.00015615 0.00017755 0.0001549 1.85e-06 7.45e-05 0.00017705 9.325e-05 0.00017995 0.0001689 0.0001037 0.0001011 0.00013285 5.48e-05 5.465e-05 9.95e-05 0.0001654 0.0001742 8.7e-05 0.00017405 8.935e-05 7.43e-05 0.0001261 0.00015625 8.935e-05 1.36e-05 1.9e-06 0.0001239 8.87e-05 4.065e-05 0.00016525
1 0.0001658 0.0001788 0.0001451 0.0001416 0.00017285 0.00017 0.0001497 0.0001196 0.0001289 0.0001722 0.00012915 0.00017875 0.00016675 0.0001366 0.0001547 0.00013455 0.00012045 0.0001763 0.00014765 0.000153 0.000165 0.0001814 0.000171 0.0001792 0.00016795 0.0001719 8.95e-05 0.00016575 0.0001424 0.0001663 0.00016445 0.00014205 0.0001319 0.00013195 0.00013465 0.0001528 0.00014445 0.0001443 0.000143 0.000154 0.0001451 0.000167 0.0001731 0.00012795 0.0001416 0.00017545 0.0001112 0.0001278 0.000173 0.00016635 0.0001747 0.0001661 0.00017125 0.00015615
2 9.11e-05 0.0001451 0.0001815 0.00011795 0.000128 0.0001472 0.00012465 0.00013045 0.0001574 0.000128 0.0001451 0.0001281 0.00011715 0.0001741 0.00015585 0.0001276 0.00011425 0.000162 0.000134 0.00013045 0.0001495 0.00015965 0.00014135 0.00016495 0.0001466 0.0001652 0.00016135 9.105e-05 0.0001182 0.0001457 0.0001355 0.0001454 0.0001687 0.00012615 0.0001161 9.765e-05 0.00011825 0.0001181 9.085e-05 0.00015965 0.00016445 0.0001304 0.0001541 0.00011 0.00011795 0.00012615 0.0001598 0.00010985 9.695e-05 9.1e-05 0.00013805 0.00011715 9.135e-05 0.0001617
3 7.43e-05 0.0001416 0.00011795 0.0001467 0.0001297 0.00016615 0.00011735 7.335e-05 0.00010215 0.000129 0.0001373 0.00014125 0.000115 0.00013685 0.000169 0.0001634 0.00012325 0.0001686 0.00011445 0.000103 0.00015445 0.0001529 0.0001328 0.00018445 0.0001552 0.0001772 0.00011035 7.425e-05 7.43e-05 0.0001659 0.0001243 0.0001721 0.00015095 0.0001029 0.0001327 0.0001399 9.37e-05 9.355e-05 0.00012435 0.0001493 0.00016555 0.000121 0.00016975 0.00012395 7.335e-05 0.0001252 0.00013505 0.0001238 8.35e-05 7.49e-05 0.0001122 0.0001143 9.345e-05 0.0001722
4 8.73e-05 0.00017285 0.000128 0.0001297 0.0001717 0.0001262 0.00010695 0.00014735 0.0001717 8.71e-05 0.0001491 9.955e-05 0.0001274 0.00017685 0.0001096 0.0001717 0.0001351 0.0001065 0.00013845 0.0001292 0.0001117 0.0001325 0.00013935 8.595e-05 0.00012745 0.0001065 0.00017485 8.725e-05 0.00012865 0.0001249 0.00013365 0.00013465 0.0001583 0.0001422 0.0001344 0.0001477 0.0001178 0.00011765 0.0001334 0.0001536 0.00017345 0.0001089 0.00012745 0.00012845 0.0001297 0.00015115 0.0001514 0.0001285 9.19e-05 8.61e-05 0.0001532 0.0001286 0.0001047 0.000107
5 0.0001707 0.00017 0.0001472 0.00016615 0.0001262 0.0001636 0.0001512 0.0001613 0.0001644 0.00012645 0.0001394 0.000112 0.00013085 0.00017015 0.00010705 0.00012125 0.0001654 9.95e-05 0.00017085 0.00016885 9.925e-05 0.00013735 0.0001761 8.195e-05 9.71e-05 8.845e-05 0.0001734 0.00017065 0.00016595 9.175e-05 0.0001761 0.00011445 0.0001563 0.00015825 0.0001687 0.0001319 0.00017715 0.000177 0.0001471 0.0001515 0.0001184 0.00012635 8.66e-05 0.00016855 0.00016615 0.0001507 0.0001527 0.0001685 0.00017045 0.00017035 0.000167 0.0001311 0.0001505 0.0001071
6 7.975e-05 0.0001497 0.00012465 0.00011735 0.00010695 0.0001512 0.0001566 0.000135 0.0001671 0.00010815 0.00012455 0.000125 0.0001267 0.00017815 0.000104 0.00017355 0.00013305 0.0001509 0.000132 0.0001294 0.0001326 0.0001544 0.0001376 0.0001355 0.0001413 0.0001509 0.0001251 7.97e-05 0.0001163 0.00014885 0.0001272 0.00017105 0.0001296 0.0001175 0.00013705 0.00015095 8.915e-05 8.9e-05 0.00013005 0.0001259 0.0001763 0.000128 0.00015525 0.0001264 0.00011735 0.0001484 0.00010165 0.00012645 8.905e-05 7.855e-05 0.00014555 0.0001279 0.000101 0.00010695
7 0.00010875 0.0001196 0.00013045 7.335e-05 0.00014735 0.0001613 0.000135 7.61e-05 6.685e-05 0.00014735 0.0001234 0.0001588 0.0001263 0.00010355 0.0001705 0.00015345 0.00012465 0.00016645 0.0001149 0.00010215 0.0001497 0.0001585 0.0001472 0.00018595 0.00015035 0.00016765 7.505e-05 0.0001087 7.345e-05 0.00015465 0.0001387 0.00015745 0.00013405 0.00010215 0.00014515 0.00015235 0.0001167 0.00011655 0.0001361 0.0001475 0.00015435 0.00013305 0.0001649 0.0001365 7.335e-05 0.00013945 0.00011815 0.0001363 0.00011715 0.00010855 0.00012645 0.0001263 0.00012705 0.0001737
8 0.0001568 0.0001289 0.0001574 0.00010215 0.0001717 0.0001644 0.0001671 6.685e-05 9.52e-05 0.0001717 0.00013545 0.0001705 0.00015145 7.69e-05 0.00018075 0.0001587 0.00015235 0.00016795 0.00013645 0.00010215 0.00016625 0.000163 0.0001648 0.0001866 0.0001599 0.00016915 8.63e-05 0.00015675 0.00010225 0.00015805 0.0001601 0.00016055 0.00014045 0.00012045 0.00016905 0.00015995 0.00014635 0.0001462 0.00016305 0.00015975 0.000159 0.0001572 0.00016635 0.0001642 0.00010215 0.00014985 0.00013185 0.000164 0.0001614 0.0001566 0.0001392 0.00015145 0.0001573 0.0001821
9 8.735e-05 0.0001722 0.000128 0.000129 8.71e-05 0.00012645 0.00010815 0.00014735 0.0001717 0.0001735 0.00014955 0.0001007 0.00012795 0.00017685 0.0001105 0.00017085 0.00013445 0.00010705 0.0001378 0.00012995 0.0001119 0.00013385 0.00014065 8.68e-05 0.0001277 0.00010675 0.00017485 8.73e-05 0.0001294 0.00012515 0.00013495 0.0001338 0.00015875 0.0001429 0.0001345 0.0001478 0.0001193 0.00011915 0.0001321 0.00015465 0.00017305 0.000108 0.0001277 0.00012855 0.000129 0.0001525 0.00015185 0.0001285 9.33e-05 8.75e-05 0.00015455 0.00012765 0.0001062 0.0001079
10 0.0001616 0.00012915 0.0001451 0.0001373 0.0001491 0.0001394 0.00012455 0.0001234 0.00013545 0.00014955 0.0001762 0.00014625 0.00015595 0.00014955 0.00010995 0.0001483 0.0001499 0.0001481 0.00015265 0.00015965 0.0001439 0.00014545 0.0001629 0.0001371 0.00013805 0.00014045 0.0001092 0.00016155 0.0001369 0.00012765 0.0001642 0.0001461 0.00012155 0.0001313 0.000154 0.0001447 0.0001471 0.00014695 0.0001484 0.0001134 0.0001673 0.0001657 0.00014395 0.00015515 0.0001373 0.0001451 9.86e-05 0.00015505 0.0001598 0.000161 0.00013785 0.0001564 0.00015635 0.00011265
11 0.0001151 0.00017875 0.0001281 0.00014125 9.955e-05 0.000112 0.000125 0.0001588 0.0001705 0.0001007 0.00014625 0.0001704 0.0001275 0.0001772 0.0001107 0.00015515 0.0001508 0.0001022 0.00015145 0.00014425 0.0001253 0.00012525 0.00014655 8.525e-05 0.0001236 0.0001022 0.000183 0.00011505 0.0001401 0.00010705 0.00014665 0.00013035 0.00016425 0.0001348 0.0001443 0.00011995 0.00013575 0.0001356 0.0001334 0.00015075 0.0001681 0.00012255 0.00011325 0.00014425 0.00014125 0.00013035 0.00015955 0.0001443 0.00011395 0.0001139 0.0001406 0.0001287 0.0001047 0.00011075
12 8.865e-05 0.00016675 0.00011715 0.000115 0.0001274 0.00013085 0.0001267 0.0001263 0.00015145 0.00012795 0.00015595 0.0001275 0.0001758 0.00016625 0.00016135 0.0001287 0.00013385 0.0001518 0.00013395 0.000125 0.0001275 0.000161 0.00014015 0.0001668 0.0001208 0.00015725 0.0001582 8.86e-05 0.00011465 0.00014675 0.0001349 0.0001599 0.00016965 0.00012305 0.0001372 0.00011725 0.0001167 0.00011655 0.0001215 0.0001659 0.0001111 0.0001066 0.0001273 0.0001317 0.000115 0.00013085 0.0001618 0.0001317 9.345e-05 8.81e-05 0.0001396 8.845e-05 9.185e-05 0.0001662
13 0.0001741 0.0001366 0.0001741 0.00013685 0.00017685 0.00017015 0.00017815 0.00010355 7.69e-05 0.00017685 0.00014955 0.0001772 0.00016625 0.0001082 0.00017955 0.0001707 0.00015745 0.0001597 0.0001206 0.00011405 0.00016905 0.0001737 0.00014435 0.0001796 0.00016815 0.0001609 0.0001088 0.00017405 0.00013695 0.00015805 0.00014275 0.00015355 0.0001482 0.00014095 0.00017105 0.0001751 0.00016625 0.0001661 0.00017975 0.00017635 0.0001669 0.00016685 0.000169 0.0001693 0.00013685 0.00017425 0.0001455 0.0001691 0.0001756 0.0001739 0.00017255 0.00016625 0.00017615 0.000181
14 0.00016205 0.0001547 0.00015585 0.000169 0.0001096 0.00010705 0.000104 0.0001705 0.00018075 0.0001105 0.00010995 0.0001107 0.00016135 0.00017955 9.41e-05 0.00016285 0.0001654 9.77e-05 0.00016715 0.0001737 0.00010605 0.00013465 0.0001705 5.825e-05 0.0001081 8.12e-05 0.00014245 0.000162 0.0001681 8.96e-05 0.0001657 0.0001259 0.0001175 0.00015125 0.000169 0.00015845 0.0001508 0.00015065 0.0001568 0.0001126 0.00017505 0.00015175 0.00011 0.00016405 0.000169 0.0001693 9.47e-05 0.00016405 0.00016595 0.00016105 0.0001729 0.00016225 0.0001608 5.265e-05
15 0.00017725 0.00013455 0.0001276 0.0001634 0.0001717 0.00012125 0.00017355 0.00015345 0.0001587 0.00017085 0.0001483 0.00015515 0.0001287 0.0001707 0.00016285 0.0001545 0.0001349 0.0001633 0.0001706 0.00017245 0.0001384 0.0001753 0.00018345 0.00016525 0.00012355 0.0001555 0.00016675 0.0001772 0.0001644 0.0001343 0.00018145 0.0001348 0.00016955 0.00015815 0.00014245 0.0001049 0.0001822 0.00018205 0.00012215 0.0001695 7.725e-05 0.00015155 0.00012225 0.0001403 0.0001634 0.0001504 0.00016785 0.0001402 0.00018015 0.00017805 0.0001691 0.00012785 0.00015455 0.0001672
16 0.00010045 0.00012045 0.00011425 0.00012325 0.0001351 0.0001654 0.00013305 0.00012465 0.00015235 0.00013445 0.0001499 0.0001508 0.00013385 0.00015745 0.0001654 0.0001349 0.0001719 0.0001707 0.0001266 0.00012945 0.00014965 0.0001739 0.0001433 0.00016905 0.00015875 0.00016875 0.00015505 0.0001004 0.00012395 0.00016775 0.0001355 0.0001419 0.00016405 0.00014165 0.0001014 0.00013735 0.0001316 0.00013145 0.00011205 0.00017005 0.00014215 0.0001324 0.0001678 9.355e-05 0.00012325 0.00015895 0.00016 9.34e-05 0.0001088 0.000101 0.00015885 0.0001332 0.00012195 0.0001671
17 0.0001613 0.0001763 0.000162 0.0001686 0.0001065 9.95e-05 0.0001509 0.00016645 0.00016795 0.00010705 0.0001481 0.0001022 0.0001518 0.0001597 9.77e-05 0.0001633 0.0001707 8.23e-05 0.0001644 0.00016055 0.00010385 0.0001138 0.00016895 5.22e-05 0.0001103 4.66e-05 0.00017615 0.00016125 0.00016815 7.615e-05 0.00016955 8.5e-05 0.00015935 0.000163 0.0001682 0.00015485 0.00016895 0.0001688 0.00016625 0.00016385 0.00016335 0.00012455 9.75e-05 0.00016865 0.0001686 0.0001685 0.0001586 0.00016865 0.00016025 0.00016075 0.00017765 0.00015235 0.00015565 9.675e-05
18 9.94e-05 0.00014765 0.000134 0.00011445 0.00013845 0.00017085 0.000132 0.0001149 0.00013645 0.0001378 0.00015265 0.00015145 0.00013395 0.0001206 0.00016715 0.0001706 0.0001266 0.0001644 0.000191 0.0001213 0.0001563 0.000167 0.00011785 0.0001768 0.00016335 0.00016885 0.0001377 9.935e-05 0.00011515 0.0001658 0.0001132 0.00016075 0.00016125 0.00012975 0.0001336 0.00015525 0.00012115 0.000121 0.0001318 0.00016515 0.000173 0.0001339 0.0001723 0.0001289 0.00011445 0.000153 0.0001508 0.00012875 0.0001046 9.995e-05 0.00014895 0.0001333 0.00011985 0.00017045
19 8.43e-05 0.000153 0.00013045 0.000103 0.0001292 0.00016885 0.0001294 0.00010215 0.00010215 0.00012995 0.00015965 0.00014425 0.000125 0.00011405 0.0001737 0.00017245 0.00012945 0.00016055 0.0001213 0.0001667 0.00015305 0.00016655 0.00013665 0.00017475 0.00016075 0.0001694 0.00013075 8.425e-05 0.00010235 0.0001691 0.00012895 0.0001683 0.0001583 0.00012115 0.00013735 0.0001528 0.00010735 0.0001072 0.0001381 0.00017575 0.00016755 0.0001231 0.00017055 0.0001295 0.000103 0.00015065 0.00015295 0.00012945 9.14e-05 8.35e-05 0.0001508 0.00012575 0.0001044 0.00017505
20 0.00014135 0.000165 0.0001495 0.00015445 0.0001117 9.925e-05 0.0001326 0.0001497 0.00016625 0.0001119 0.0001439 0.0001253 0.0001275 0.00016905 0.00010605 0.0001384 0.00014965 0.00010385 0.0001563 0.00015305 0.0001649 0.00014525 0.00016725 8.25e-05 9.835e-05 9.28e-05 0.00016565 0.0001413 0.00015435 0.00011225 0.00016155 0.0001194 0.00015145 0.0001651 0.00015865 0.0001605 0.00015865 0.0001585 0.0001495 0.00015515 0.00011865 0.000112 9.835e-05 0.0001527 0.00015445 0.00017525 0.00014495 0.00015265 0.0001468 0.000141 0.0001808 0.00012775 0.0001529 0.00010345
21 0.00015655 0.0001814 0.00015965 0.0001529 0.0001325 0.00013735 0.0001544 0.0001585 0.000163 0.00013385 0.00014545 0.00012525 0.000161 0.0001737 0.00013465 0.0001753 0.0001739 0.0001138 0.000167 0.00016655 0.00014525 0.0001838 0.0001586 0.00010975 0.00014645 0.00012265 0.0001804 0.0001565 0.00015165 0.0001327 0.0001646 0.0001437 0.0001723 0.00016 0.000163 0.0001542 0.00016145 0.0001613 0.0001658 0.00012285 0.0001866 0.0001506 0.00013825 0.00016885 0.0001529 0.00011735 0.000167 0.0001689 0.00014935 0.00015525 0.00010775 0.00016235 0.000149 0.0001318
22 0.00010475 0.000171 0.00014135 0.0001328 0.00013935 0.0001761 0.0001376 0.0001472 0.0001648 0.00014065 0.0001629 0.00014655 0.00014015 0.00014435 0.0001705 0.00018345 0.0001433 0.00016895 0.00011785 0.00013665 0.00016725 0.0001586 0.0001818 0.0001752 0.0001729 0.0001761 0.0001708 0.0001047 0.0001316 0.00017505 9.73e-05 0.0001741 0.00017775 0.0001423 0.00013115 0.00015515 0.0001249 0.00012475 0.000148 0.00016415 0.0001878 0.0001435 0.000176 0.0001374 0.0001328 0.0001441 0.00017125 0.00013745 9.725e-05 0.0001035 0.00013845 0.00014145 0.00011765 0.00017355
23 0.0001727 0.0001792 0.00016495 0.00018445 8.595e-05 8.195e-05 0.0001355 0.00018595 0.0001866 8.68e-05 0.0001371 8.525e-05 0.0001668 0.0001796 5.825e-05 0.00016525 0.00016905 5.22e-05 0.0001768 0.00017475 8.25e-05 0.00010975 0.0001752 4e-07 9.91e-05 3.57e-05 0.0001948 0.00017265 0.00018355 7.31e-05 0.00017535 8.85e-05 0.0001482 0.00018145 0.0001677 0.0001626 0.0001823 0.00018215 0.0001659 0.0001429 0.0001723 0.0001299 8.11e-05 0.0001677 0.00018445 0.00017755 0.00014705 0.0001677 0.00017165 0.0001717 0.00018385 0.0001677 0.00017025 4.985e-05
24 0.00015615 0.00016795 0.0001466 0.0001552 0.00012745 9.71e-05 0.0001413 0.00015035 0.0001599 0.0001277 0.00013805 0.0001236 0.0001208 0.00016815 0.0001081 0.00012355 0.00015875 0.0001103 0.00016335 0.00016075 9.835e-05 0.00014645 0.0001729 9.91e-05 0.0001716 9.925e-05 0.0001681 0.0001561 0.000155 0.00010005 0.00016765 0.00012645 0.00015285 0.0001587 0.0001673 0.000136 0.00016725 0.0001671 0.0001465 0.0001493 0.0001097 0.00012775 9.245e-05 0.0001619 0.0001552 0.0001578 0.0001474 0.00016185 0.0001612 0.0001558 0.00016655 0.00012105 0.0001499 0.00011295
25 0.00017755 0.0001719 0.0001652 0.0001772 0.0001065 8.845e-05 0.0001509 0.00016765 0.00016915 0.00010675 0.00014045 0.0001022 0.00015725 0.0001609 8.12e-05 0.0001555 0.00016875 4.66e-05 0.00016885 0.0001694 9.28e-05 0.00012265 0.0001761 3.57e-05 9.925e-05 7.11e-05 0.00017735 0.0001775 0.000177 6.53e-05 0.0001767 7.72e-05 0.0001517 0.00017185 0.00017145 0.0001581 0.00018545 0.0001853 0.0001651 0.0001562 0.00015775 0.00012975 8.645e-05 0.0001719 0.0001772 0.00017735 0.00015095 0.00017185 0.0001767 0.0001772 0.0001865 0.0001575 0.00017215 8.025e-05
26 0.0001549 8.95e-05 0.00016135 0.00011035 0.00017485 0.0001734 0.0001251 7.505e-05 8.63e-05 0.00017485 0.0001092 0.000183 0.0001582 0.0001088 0.00014245 0.00016675 0.00015505 0.00017615 0.0001377 0.00013075 0.00016565 0.0001804 0.0001708 0.0001948 0.0001681 0.00017735 2e-07 0.00015485 0.00011045 0.00016755 0.00016155 0.00017045 9.37e-05 8.365e-05 0.0001763 0.0001724 0.0001024 0.00010225 0.000167 0.000132 0.0001653 0.00015995 0.00017815 0.0001669 0.00011035 0.00016795 4.775e-05 0.0001667 0.00016405 0.0001547 0.00016445 0.0001582 0.00016115 0.00014515
27 1.85e-06 0.00016575 9.105e-05 7.425e-05 8.725e-05 0.00017065 7.97e-05 0.0001087 0.00015675 8.73e-05 0.00016155 0.00011505 8.86e-05 0.00017405 0.000162 0.0001772 0.0001004 0.00016125 9.935e-05 8.425e-05 0.0001413 0.0001565 0.0001047 0.00017265 0.0001561 0.0001775 0.00015485 3.5e-06 7.445e-05 0.000177 9.32e-05 0.0001799 0.00016885 0.00010365 0.00010105 0.0001328 5.475e-05 5.46e-05 9.945e-05 0.00016535 0.00017415 8.695e-05 0.000174 8.93e-05 7.425e-05 0.00012605 0.0001562 8.93e-05 1.355e-05 1.85e-06 0.00012385 8.865e-05 4.06e-05 0.0001652
28 7.45e-05 0.0001424 0.0001182 7.43e-05 0.00012865 0.00016595 0.0001163 7.345e-05 0.00010225 0.0001294 0.0001369 0.0001401 0.00011465 0.00013695 0.0001681 0.0001644 0.00012395 0.00016815 0.00011515 0.00010235 0.00015435 0.00015165 0.0001316 0.00018355 0.000155 0.000177 0.00011045 7.445e-05 0.0001469 0.0001657 0.00012295 0.0001731 0.00015055 0.00010235 0.00013275 0.00013995 9.215e-05 9.2e-05 0.00012575 0.0001483 0.00016605 0.00012215 0.00016955 0.0001241 7.43e-05 0.00012395 0.00013465 0.00012405 8.23e-05 7.37e-05 0.00011095 0.0001154 9.185e-05 0.0001713
29 0.00017705 0.0001663 0.0001457 0.0001659 0.0001249 9.175e-05 0.00014885 0.00015465 0.00015805 0.00012515 0.00012765 0.00010705 0.00014675 0.00015805 8.96e-05 0.0001343 0.00016775 7.615e-05 0.0001658 0.0001691 0.00011225 0.0001327 0.00017505 7.31e-05 0.00010005 6.53e-05 0.00016755 0.000177 0.0001657 0.0001101 0.0001755 9.995e-05 0.00014495 0.00015485 0.00017065 0.00012595 0.000182 0.00018185 0.0001456 0.0001459 0.00015385 0.0001495 9.495e-05 0.00017095 0.0001659 0.00015065 0.00014425 0.0001709 0.00017635 0.0001767 0.0001682 0.000147 0.0001537 9.71e-05
30 9.325e-05 0.00016445 0.0001355 0.0001243 0.00013365 0.0001761 0.0001272 0.0001387 0.0001601 0.00013495 0.0001642 0.00014665 0.0001349 0.00014275 0.0001657 0.00018145 0.0001355 0.00016955 0.0001132 0.00012895 0.00016155 0.0001646 9.73e-05 0.00017535 0.00016765 0.0001767 0.00016155 9.32e-05 0.00012295 0.0001755 0.0001833 0.0001747 0.00017195 0.0001376 0.00013525 0.0001556 0.00011425 0.0001142 0.00014205 0.00016545 0.00018395 0.0001378 0.0001766 0.0001297 0.0001243 0.00014995 0.000162 0.00012975 9.75e-05 9.2e-05 0.0001459 0.0001362 0.00011165 0.000169
31 0.00017995 0.00014205 0.0001454 0.0001721 0.00013465 0.00011445 0.00017105 0.00015745 0.00016055 0.0001338 0.0001461 0.00013035 0.0001599 0.00015355 0.0001259 0.0001348 0.0001419 8.5e-05 0.00016075 0.0001683 0.0001194 0.0001437 0.0001741 8.85e-05 0.00012645 7.72e-05 0.00017045 0.0001799 0.0001731 9.995e-05 0.0001747 0.0001319 0.0001658 0.0001702 0.00014685 0.00013965 0.0001883 0.00018815 0.0001399 0.0001724 0.00015945 0.00013765 0.00011375 0.0001473 0.0001721 0.0001772 0.00016585 0.0001472 0.00018025 0.00018075 0.0001859 0.00015905 0.00017595 0.00012495
32 0.0001689 0.0001319 0.0001687 0.00015095 0.0001583 0.0001563 0.0001296 0.00013405 0.00014045 0.00015875 0.00012155 0.00016425 0.00016965 0.0001482 0.0001175 0.00016955 0.00016405 0.00015935 0.00016125 0.0001583 0.00015145 0.0001723 0.00017775 0.0001482 0.00015285 0.0001517 9.37e-05 0.00016885 0.00015055 0.00014495 0.00017195 0.0001658 0.0001818 0.00013515 0.00017525 0.00017445 0.00014295 0.0001428 0.000172 0.0001361 0.0001699 0.00017235 0.00015955 0.0001693 0.00015095 0.00017735 9.225e-05 0.0001692 0.0001742 0.0001683 0.0001769 0.0001701 0.00017095 0.0001196
33 0.0001037 0.00013195 0.00012615 0.0001029 0.0001422 0.00015825 0.0001175 0.00010215 0.00012045 0.0001429 0.0001313 0.0001348 0.00012305 0.00014095 0.00015125 0.00015815 0.00014165 0.000163 0.00012975 0.00012115 0.0001651 0.00016 0.0001423 0.00018145 0.0001587 0.00017185 8.365e-05 0.00010365 0.00010235 0.00015485 0.0001376 0.0001702 0.00013515 0.0001671 0.00014655 0.0001271 9.355e-05 9.34e-05 0.00013385 0.0001443 0.00016685 0.00013565 0.0001623 0.00014165 0.0001029 0.0001267 0.00010785 0.0001416 0.00010775 0.00010295 0.00013095 0.00012375 0.00010005 0.00015685
34 0.0001011 0.00013465 0.0001161 0.0001327 0.0001344 0.0001687 0.00013705 0.00014515 0.00016905 0.0001345 0.000154 0.0001443 0.0001372 0.00017105 0.000169 0.00014245 0.0001014 0.0001682 0.0001336 0.00013735 0.00015865 0.000163 0.00013115 0.0001677 0.0001673 0.00017145 0.0001763 0.00010105 0.00013275 0.00017065 0.00013525 0.00014685 0.00017525 0.00014655 0.0001862 0.00013275 0.0001305 0.00013035 0.000116 0.00016905 0.0001538 0.00013695 0.0001705 9.71e-05 0.0001327 0.0001482 0.00017465 9.71e-05 9.71e-05 0.00010105 0.0001465 0.0001373 0.0001163 0.00017045
35 0.00013285 0.0001528 9.765e-05 0.0001399 0.0001477 0.0001319 0.00015095 0.00015235 0.00015995 0.0001478 0.0001447 0.00011995 0.00011725 0.0001751 0.00015845 0.0001049 0.00013735 0.00015485 0.00015525 0.0001528 0.0001605 0.0001542 0.00015515 0.0001626 0.000136 0.0001581 0.0001724 0.0001328 0.00013995 0.00012595 0.0001556 0.00013965 0.00017445 0.0001271 0.00013275 0.000125 0.00014435 0.0001442 9.76e-05 0.00016085 0.0001473 0.00015025 0.00013215 0.00013305 0.0001399 0.00010765 0.00017075 0.00013305 0.00013245 0.0001328 0.0001314 0.00011735 9.785e-05 0.00016595
36 5.48e-05 0.00014445 0.00011825 9.37e-05 0.0001178 0.00017715 8.915e-05 0.0001167 0.00014635 0.0001193 0.0001471 0.00013575 0.0001167 0.00016625 0.0001508 0.0001822 0.0001316 0.00016895 0.00012115 0.00010735 0.00015865 0.00016145 0.0001249 0.0001823 0.00016725 0.00018545 0.0001024 5.475e-05 9.215e-05 0.000182 0.00011425 0.0001883 0.00014295 9.355e-05 0.0001305 0.00014435 0.000106 5.3e-05 0.0001278 0.00014945 0.0001814 0.00011825 0.0001812 0.00011995 9.37e-05 0.00013585 0.0001137 0.00012005 6.39e-05 5.34e-05 0.00013305 0.0001182 7.55e-05 0.00015375
37 5.465e-05 0.0001443 0.0001181 9.355e-05 0.00011765 0.000177 8.9e-05 0.00011655 0.0001462 0.00011915 0.00014695 0.0001356 0.00011655 0.0001661 0.00015065 0.00018205 0.00013145 0.0001688 0.000121 0.0001072 0.0001585 0.0001613 0.00012475 0.00018215 0.0001671 0.0001853 0.00010225 5.46e-05 9.2e-05 0.00018185 0.0001142 0.00018815 0.0001428 9.34e-05 0.00013035 0.0001442 5.3e-05 0.0001057 0.00012765 0.0001493 0.00018125 0.0001181 0.00018105 0.0001198 9.355e-05 0.0001357 0.00011355 0.0001199 6.375e-05 5.325e-05 0.0001329 0.00011805 7.535e-05 0.0001536
38 9.95e-05 0.000143 9.085e-05 0.00012435 0.0001334 0.0001471 0.00013005 0.0001361 0.00016305 0.0001321 0.0001484 0.0001334 0.0001215 0.00017975 0.0001568 0.00012215 0.00011205 0.00016625 0.0001318 0.0001381 0.0001495 0.0001658 0.000148 0.0001659 0.0001465 0.0001651 0.000167 9.945e-05 0.00012575 0.0001456 0.00014205 0.0001399 0.000172 0.00013385 0.000116 9.76e-05 0.0001278 0.00012765 0.0001618 0.00016145 0.0001633 0.0001334 0.000154 0.00011 0.00012435 0.0001323 0.0001631 0.0001099 0.00010675 0.0001008 0.0001442 0.0001202 0.0001009 0.00016265
39 0.0001654 0.000154 0.00015965 0.0001493 0.0001536 0.0001515 0.0001259 0.0001475 0.00015975 0.00015465 0.0001134 0.00015075 0.0001659 0.00017635 0.0001126 0.0001695 0.00017005 0.00016385 0.00016515 0.00017575 0.00015515 0.00012285 0.00016415 0.0001429 0.0001493 0.0001562 0.000132 0.00016535 0.0001483 0.0001459 0.00016545 0.0001724 0.0001361 0.0001443 0.00016905 0.00016085 0.00014945 0.0001493 0.00016145 0.0001752 0.000184 0.0001751 0.0001552 0.0001702 0.0001493 0.0001236 0.00010975 0.0001702 0.0001631 0.0001643 0.0001091 0.00016695 0.00016195 0.0001153
40 0.0001742 0.0001451 0.00016445 0.00016555 0.00017345 0.0001184 0.0001763 0.00015435 0.000159 0.00017305 0.0001673 0.0001681 0.0001111 0.0001669 0.00017505 7.725e-05 0.00014215 0.00016335 0.000173 0.00016755 0.00011865 0.0001866 0.0001878 0.0001723 0.0001097 0.00015775 0.0001653 0.00017415 0.00016605 0.00015385 0.00018395 0.00015945 0.0001699 0.00016685 0.0001538 0.0001473 0.0001814 0.00018125 0.0001633 0.000184 0.0 0.00012995 0.00010995 0.0001498 0.00016555 0.00017335 0.00017165 0.0001497 0.00017845 0.0001745 0.00018475 0.0001107 0.00016575 0.00017525
41 8.7e-05 0.000167 0.0001304 0.000121 0.0001089 0.00012635 0.000128 0.00013305 0.0001572 0.000108 0.0001657 0.00012255 0.0001066 0.00016685 0.00015175 0.00015155 0.0001324 0.00012455 0.0001339 0.0001231 0.000112 0.0001506 0.0001435 0.0001299 0.00012775 0.00012975 0.00015995 8.695e-05 0.00012215 0.0001495 0.0001378 0.00013765 0.00017235 0.00013565 0.00013695 0.00015025 0.00011825 0.0001181 0.0001334 0.0001751 0.00012995 0.0001717 0.0001276 0.000131 0.000121 0.0001535 0.00016405 0.0001309 9.365e-05 8.785e-05 0.0001555 0.0001057 0.0001066 0.00014915
42 0.00017405 0.0001731 0.0001541 0.00016975 0.00012745 8.66e-05 0.00015525 0.0001649 0.00016635 0.0001277 0.00014395 0.00011325 0.0001273 0.000169 0.00011 0.00012225 0.0001678 9.75e-05 0.0001723 0.00017055 9.835e-05 0.00013825 0.000176 8.11e-05 9.245e-05 8.645e-05 0.00017815 0.000174 0.00016955 9.495e-05 0.0001766 0.00011375 0.00015955 0.0001623 0.0001705 0.00013215 0.0001812 0.00018105 0.000154 0.0001552 0.00010995 0.0001276 0.0001619 0.00017095 0.00016975 0.00015725 0.00015745 0.0001709 0.0001732 0.0001737 0.00017025 0.00012755 0.0001574 0.00010905
43 8.935e-05 0.00012795 0.00011 0.00012395 0.00012845 0.00016855 0.0001264 0.0001365 0.0001642 0.00012855 0.00015515 0.00014425 0.0001317 0.0001693 0.00016405 0.0001403 9.355e-05 0.00016865 0.0001289 0.0001295 0.0001527 0.00016885 0.0001374 0.0001677 0.0001619 0.0001719 0.0001669 8.93e-05 0.0001241 0.00017095 0.0001297 0.0001473 0.0001693 0.00014165 9.71e-05 0.00013305 0.00011995 0.0001198 0.00011 0.0001702 0.0001498 0.000131 0.00017095 0.0001782 0.00012395 0.0001539 0.00016525 8.915e-05 9.71e-05 8.93e-05 0.0001538 0.0001318 0.0001103 0.00016575
44 7.43e-05 0.0001416 0.00011795 7.335e-05 0.0001297 0.00016615 0.00011735 7.335e-05 0.00010215 0.000129 0.0001373 0.00014125 0.000115 0.00013685 0.000169 0.0001634 0.00012325 0.0001686 0.00011445 0.000103 0.00015445 0.0001529 0.0001328 0.00018445 0.0001552 0.0001772 0.00011035 7.425e-05 7.43e-05 0.0001659 0.0001243 0.0001721 0.00015095 0.0001029 0.0001327 0.0001399 9.37e-05 9.355e-05 0.00012435 0.0001493 0.00016555 0.000121 0.00016975 0.00012395 0.0001467 0.0001252 0.00013505 0.0001238 8.35e-05 7.49e-05 0.0001122 0.0001143 9.345e-05 0.0001722
45 0.0001261 0.00017545 0.00012615 0.0001252 0.00015115 0.0001507 0.0001484 0.00013945 0.00014985 0.0001525 0.0001451 0.00013035 0.00013085 0.00017425 0.0001693 0.0001504 0.00015895 0.0001685 0.000153 0.00015065 0.00017525 0.00011735 0.0001441 0.00017755 0.0001578 0.00017735 0.00016795 0.00012605 0.00012395 0.00015065 0.00014995 0.0001772 0.00017735 0.0001267 0.0001482 0.00010765 0.00013585 0.0001357 0.0001323 0.0001236 0.00017335 0.0001535 0.00015725 0.0001539 0.0001252 0.0001499 0.00017 0.00015395 0.00011905 0.0001248 7.63e-05 0.0001322 9.99e-05 0.0001749
46 0.00015625 0.0001112 0.0001598 0.00013505 0.0001514 0.0001527 0.00010165 0.00011815 0.00013185 0.00015185 9.86e-05 0.00015955 0.0001618 0.0001455 9.47e-05 0.00016785 0.00016 0.0001586 0.0001508 0.00015295 0.00014495 0.000167 0.00017125 0.00014705 0.0001474 0.00015095 4.775e-05 0.0001562 0.00013465 0.00014425 0.000162 0.00016585 9.225e-05 0.00010785 0.00017465 0.00017075 0.0001137 0.00011355 0.0001631 0.00010975 0.00017165 0.00016405 0.00015745 0.00016525 0.00013505 0.00017 9.53e-05 0.00016515 0.000165 0.00015565 0.0001665 0.00016225 0.000162 9.74e-05
47 8.935e-05 0.0001278 0.00010985 0.0001238 0.0001285 0.0001685 0.00012645 0.0001363 0.000164 0.0001285 0.00015505 0.0001443 0.0001317 0.0001691 0.00016405 0.0001402 9.34e-05 0.00016865 0.00012875 0.00012945 0.00015265 0.0001689 0.00013745 0.0001677 0.00016185 0.00017185 0.0001667 8.93e-05 0.00012405 0.0001709 0.00012975 0.0001472 0.0001692 0.0001416 9.71e-05 0.00013305 0.00012005 0.0001199 0.0001099 0.0001702 0.0001497 0.0001309 0.0001709 8.915e-05 0.0001238 0.00015395 0.00016515 0.000178 9.705e-05 8.925e-05 0.00015385 0.0001317 0.0001104 0.00016575
48 1.36e-05 0.000173 9.695e-05 8.35e-05 9.19e-05 0.00017045 8.905e-05 0.00011715 0.0001614 9.33e-05 0.0001598 0.00011395 9.345e-05 0.0001756 0.00016595 0.00018015 0.0001088 0.00016025 0.0001046 9.14e-05 0.0001468 0.00014935 9.725e-05 0.00017165 0.0001612 0.0001767 0.00016405 1.355e-05 8.23e-05 0.00017635 9.75e-05 0.00018025 0.0001742 0.00010775 9.71e-05 0.00013245 6.39e-05 6.375e-05 0.00010675 0.0001631 0.00017845 9.365e-05 0.0001732 9.71e-05 8.35e-05 0.00011905 0.000165 9.705e-05 2.41e-05 1.215e-05 0.00011525 9.485e-05 4.52e-05 0.0001689
49 1.9e-06 0.00016635 9.1e-05 7.49e-05 8.61e-05 0.00017035 7.855e-05 0.00010855 0.0001566 8.75e-05 0.000161 0.0001139 8.81e-05 0.0001739 0.00016105 0.00017805 0.000101 0.00016075 9.995e-05 8.35e-05 0.000141 0.00015525 0.0001035 0.0001717 0.0001558 0.0001772 0.0001547 1.85e-06 7.37e-05 0.0001767 9.2e-05 0.00018075 0.0001683 0.00010295 0.00010105 0.0001328 5.34e-05 5.325e-05 0.0001008 0.0001643 0.0001745 8.785e-05 0.0001737 8.93e-05 7.49e-05 0.0001248 0.00015565 8.925e-05 1.215e-05 8e-07 0.0001226 8.95e-05 3.925e-05 0.00016425
50 0.0001239 0.0001747 0.00013805 0.0001122 0.0001532 0.000167 0.00014555 0.00012645 0.0001392 0.00015455 0.00013785 0.0001406 0.0001396 0.00017255 0.0001729 0.0001691 0.00015885 0.00017765 0.00014895 0.0001508 0.0001808 0.00010775 0.00013845 0.00018385 0.00016655 0.0001865 0.00016445 0.00012385 0.00011095 0.0001682 0.0001459 0.0001859 0.0001769 0.00013095 0.0001465 0.0001314 0.00013305 0.0001329 0.0001442 0.0001091 0.00018475 0.0001555 0.00017025 0.0001538 0.0001122 7.63e-05 0.0001665 0.00015385 0.00011525 0.0001226 9.89e-05 0.00014095 0.00011285 0.0001763
51 8.87e-05 0.0001661 0.00011715 0.0001143 0.0001286 0.0001311 0.0001279 0.0001263 0.00015145 0.00012765 0.0001564 0.0001287 8.845e-05 0.00016625 0.00016225 0.00012785 0.0001332 0.00015235 0.0001333 0.00012575 0.00012775 0.00016235 0.00014145 0.0001677 0.00012105 0.0001575 0.0001582 8.865e-05 0.0001154 0.000147 0.0001362 0.00015905 0.0001701 0.00012375 0.0001373 0.00011735 0.0001182 0.00011805 0.0001202 0.00016695 0.0001107 0.0001057 0.00012755 0.0001318 0.0001143 0.0001322 0.00016225 0.0001317 9.485e-05 8.95e-05 0.00014095 0.000175 9.335e-05 0.0001671
52 4.065e-05 0.00017125 9.135e-05 9.345e-05 0.0001047 0.0001505 0.000101 0.00012705 0.0001573 0.0001062 0.00015635 0.0001047 9.185e-05 0.00017615 0.0001608 0.00015455 0.00012195 0.00015565 0.00011985 0.0001044 0.0001529 0.000149 0.00011765 0.00017025 0.0001499 0.00017215 0.00016115 4.06e-05 9.185e-05 0.0001537 0.00011165 0.00017595 0.00017095 0.00010005 0.0001163 9.785e-05 7.55e-05 7.535e-05 0.0001009 0.00016195 0.00016575 0.0001066 0.0001574 0.0001103 9.345e-05 9.99e-05 0.000162 0.0001104 4.52e-05 3.925e-05 0.00011285 9.335e-05 7.77e-05 0.00016665
53 0.00016525 0.00015615 0.0001617 0.0001722 0.000107 0.0001071 0.00010695 0.0001737 0.0001821 0.0001079 0.00011265 0.00011075 0.0001662 0.000181 5.265e-05 0.0001672 0.0001671 9.675e-05 0.00017045 0.00017505 0.00010345 0.0001318 0.00017355 4.985e-05 0.00011295 8.025e-05 0.00014515 0.0001652 0.0001713 9.71e-05 0.000169 0.00012495 0.0001196 0.00015685 0.00017045 0.00016595 0.00015375 0.0001536 0.00016265 0.0001153 0.00017525 0.00014915 0.00010905 0.00016575 0.0001722 0.0001749 9.74e-05 0.00016575 0.0001689 0.00016425 0.0001763 0.0001671 0.00016665 9.95e-05
