 slim_761939887 slim_761939857 slim_761939860 slim_761939869 slim_761939863 slim_761939901 slim_761939902 slim_761939882 slim_761939888 slim_761939878 slim_761939879 slim_761939873 slim_761939856 slim_761939858 slim_761939870 slim_761939891 slim_761939866 slim_761939854 slim_761939855 slim_761939906 slim_761939868 slim_761939874 slim_761939893 slim_761939864 slim_761939885 slim_761939886 slim_761939877 slim_761939892 slim_761939894 slim_761939895 slim_761939871 slim_761939880 slim_761939889 slim_761939883 slim_761939884 slim_761939881 slim_761939853 slim_761939872 slim_761939861 slim_761939875 slim_761939905 slim_761939900 slim_761939890 slim_761939897 slim_761939859 slim_761939865 slim_761939876 slim_761939904 slim_761939903 slim_761939899 slim_761939852 slim_761939867 slim_761939898 slim_761939896 slim_761939862
0 0.0001085 0.00015985 0.0001746 0.00016215 0.000171 0.0001669 0.000163 0.0001739 0.0001656 0.0001241 0.00012095 0.0001543 0.00016605 0.00012655 0.00016465 0.00016465 0.0001081 0.00016125 0.0001703 0.00016415 0.00016555 0.00017395 0.00017455 0.00014135 0.00012625 0.000165 0.00011755 0.0001678 0.0001242 0.00016275 0.000167 0.0001747 0.0001755 0.0001739 0.00016895 0.0001797 0.00017055 0.00017875 0.0001749 0.0001248 0.000168 0.00016995 0.0001683 0.00017935 0.00017045 0.00016305 0.00012035 0.0001107 6.635e-05 0.0001673 0.000108 0.0001619 0.00017145 0.0001642 0.0001797
1 0.00015985 0.0001623 0.0001887 0.00012705 0.00017165 0.0001747 0.00017645 0.0001732 0.00012215 0.0001559 0.00015215 0.00015055 0.00016145 0.0001593 0.00012625 0.0001757 0.00016535 9.855e-05 0.00013395 0.00016765 0.00017485 0.00016185 0.00017655 0.0001745 0.0001705 0.0001156 0.0001783 0.0001418 0.00016175 0.00016925 0.00012745 0.0001746 0.00018965 0.0001732 0.000126 0.0001808 0.0001433 0.00018915 0.00018715 0.00016245 0.0001742 0.00017975 0.00017735 0.0001763 0.00017245 0.00016715 0.0001645 0.000121 0.00015755 0.00018 0.00016525 0.00012025 0.00018085 0.0001653 0.0001822
2 0.0001746 0.0001887 0.0001889 0.00018515 0.0001718 0.0001781 0.0001756 0.00016865 0.00018195 0.00017495 0.00017415 0.00015345 0.0001842 0.00017695 0.0001761 0.00017645 0.00016885 0.0001879 0.00018675 0.0001813 0.00017535 0.00013835 0.0001808 0.0001723 0.00017485 0.00018605 0.00013735 0.0001779 0.00017465 0.0001804 0.00018525 0.000131 9.635e-05 0.00016865 0.00018625 0.0001662 0.0001857 0.00013295 0.00015865 0.00017425 0.00017535 0.0001748 0.0001416 0.00018445 0.00017605 0.0001747 0.0001732 0.00018485 0.0001726 0.00013775 0.00016875 0.00018445 0.000177 0.0001786 0.00012495
3 0.00016215 0.00012705 0.00018515 0.0001729 0.0001367 0.00016595 0.0001366 0.0001745 0.00014255 0.00015635 0.000176 0.00016875 0.0001549 0.00015455 0.00012455 0.00016655 0.00016565 9.99e-05 0.00013575 0.0001297 0.0001769 0.0001819 0.00017005 0.00017345 0.00017445 0.0001373 0.0001757 0.00017835 0.00016525 0.00016595 0.0001275 0.0001765 0.0001862 0.0001745 0.00012715 0.00017965 0.0001405 0.00017975 0.0001773 0.00016575 0.0001723 0.00013675 0.00016235 0.00017125 0.00015845 0.00015795 0.00017065 0.00016775 0.00016585 0.0001428 0.00016555 0.000113 0.0001807 0.00012885 0.00017685
4 0.000171 0.00017165 0.0001718 0.0001367 0.0001805 0.0001836 0.00014 0.0001446 0.00016605 0.0001743 0.00016585 0.0001591 0.00018105 0.00017445 0.0001577 0.00016935 0.0001792 0.0001794 0.0001755 0.0001304 0.00018695 0.00016295 0.000176 0.00018625 0.00017575 0.0001656 0.0001606 0.0001682 0.0001726 0.0001827 0.0001756 0.00014825 0.00017105 0.0001446 0.0001723 0.0001435 0.00017565 0.0001595 0.0001775 0.00017245 0.0001824 0.0001351 0.00014665 0.00017435 0.0001722 0.00018155 0.00018025 0.0001691 0.00017365 0.0001457 0.0001791 0.0001746 0.00018245 0.00013385 0.0001265
5 0.0001669 0.0001747 0.0001781 0.00016595 0.0001836 0.0001927 0.00017995 0.00017745 0.0001777 0.00017055 0.0001791 0.0001731 0.0001197 0.00013215 0.0001704 0.00017505 0.00016905 0.00014895 0.0001586 0.00017705 0.0001746 0.00018295 0.0001759 0.00016385 0.00016235 0.00017535 0.00017705 0.0001846 0.0001726 0.0001376 0.00016875 0.0001803 0.00017955 0.00017745 0.0001695 0.0001613 0.0001598 0.00017995 0.00013145 0.00017315 0.0001782 0.00017855 0.00018145 0.00016545 0.0001402 0.0001395 0.00016875 0.00018215 0.00016975 0.00017885 0.00016895 0.0001299 0.0001682 0.00017555 0.0001821
6 0.000163 0.00017645 0.0001756 0.0001366 0.00014 0.00017995 0.0001851 0.0001731 0.0001796 0.00017135 0.00017635 0.00017115 0.0001788 0.0001761 0.000172 0.0001622 0.0001272 0.0001776 0.00017845 0.0001307 0.00012965 0.0001776 0.0001612 0.000167 0.00017545 0.00017935 0.00016685 0.00018195 0.00017085 0.0001775 0.00017245 0.00018135 0.00017485 0.0001731 0.0001738 0.00017815 0.00017795 0.0001753 0.00017125 0.0001707 0.000132 0.00013965 0.00016055 0.00018145 0.0001788 0.0001346 0.000167 0.0001739 0.0001678 0.000139 0.00012715 0.00017495 0.0001381 0.0001333 0.00017455
7 0.0001739 0.0001732 0.00016865 0.0001745 0.0001446 0.00017745 0.0001731 0.0001806 0.000177 0.000171 0.00017165 0.000171 0.00017825 0.0001765 0.00016085 0.0001316 0.0001702 0.00017785 0.0001724 0.0001741 0.00012985 0.0001717 0.00017645 0.0001796 0.0001705 0.00017355 0.00016775 0.0001784 0.0001712 0.0001795 0.0001744 0.0001332 0.0001697 9.03e-05 0.00017295 0.000134 0.0001774 0.0001694 0.0001771 0.00017095 0.0001723 0.0001799 0.0001618 0.00017135 0.0001802 0.0001749 0.0001299 0.0001742 0.0001724 0.0001779 0.0001701 0.00017685 0.00017045 0.0001732 0.00012455
8 0.0001656 0.00012215 0.00018195 0.00014255 0.00016605 0.0001777 0.0001796 0.000177 0.0001875 0.000147 0.00012905 0.0001752 0.00016535 0.00016265 0.0001408 0.0001779 0.0001745 0.0001138 0.0001472 0.00017355 0.00018395 0.0001647 0.0001732 0.00017045 0.00017675 9.95e-05 0.0001707 0.00015995 0.00014665 0.00015415 0.00012295 0.0001773 0.0001818 0.000177 0.00011745 0.0001664 0.00012595 0.0001772 0.00018255 0.00014695 0.00016215 0.0001775 0.00017365 0.0001625 0.0001679 0.00017035 0.0001742 0.00014945 0.0001621 0.0001806 0.0001744 0.00013105 0.0001865 0.0001723 0.0001727
9 0.0001241 0.0001559 0.00017495 0.00015635 0.0001743 0.00017055 0.00017135 0.000171 0.000147 0.0001876 0.00011775 0.00017615 0.0001774 0.00014135 0.0001577 0.0001694 0.00013715 0.0001532 0.0001609 0.00016825 0.00017075 0.0001787 0.00015485 0.0001682 0.00013575 0.0001429 0.00016595 0.00017505 0.00010165 0.0001378 0.00012745 0.00016825 0.00017625 0.000171 0.0001264 0.00016645 0.00013535 0.0001821 0.00017665 0.00010115 0.00014205 0.0001735 0.00017235 0.00014245 0.00017625 0.0001732 0.00013085 0.00015605 0.0001191 0.0001678 0.00013705 0.00015845 0.00017565 0.0001674 0.0001793
10 0.00012095 0.00015215 0.00017415 0.000176 0.00016585 0.0001791 0.00017635 0.00017165 0.00012905 0.00011775 0.0001735 0.0001702 0.0001841 0.0001423 0.00017145 0.00017035 0.0001377 0.0001746 0.00017195 0.0001719 0.0001744 0.00016155 0.00017695 0.0001692 0.0001307 0.000128 0.00016065 0.00015325 0.00011075 0.00015705 0.0001573 0.00017235 0.0001743 0.00017165 0.00015205 0.00016695 0.0001573 0.00017715 0.0001816 0.0001107 0.0001616 0.0001784 0.00017095 0.0001592 0.0001792 0.0001795 0.0001287 0.00013615 0.000112 0.00017425 0.0001376 0.00017505 0.0001764 0.00017285 0.0001747
11 0.0001543 0.00015055 0.00015345 0.00016875 0.0001591 0.0001731 0.00017115 0.000171 0.0001752 0.00017615 0.0001702 0.0001917 0.00017285 0.0001623 0.00016345 0.00017895 0.00016305 0.0001622 0.0001849 0.0001702 0.0001808 0.00013555 0.0001834 0.0001654 0.00018055 0.00017455 0.00013585 0.0001532 0.00017525 0.0001717 0.0001819 0.0001692 0.000154 0.000171 0.0001803 0.00017385 0.00016905 0.0001464 0.0001662 0.00017585 0.000182 0.0001717 0.00014185 0.0001895 0.00016505 0.0001633 0.0001762 0.00014245 0.0001609 0.00017995 0.00016295 0.00016305 0.00018515 0.00016955 0.00013485
12 0.00016605 0.00016145 0.0001842 0.0001549 0.00018105 0.0001197 0.0001788 0.00017825 0.00016535 0.0001774 0.0001841 0.00017285 0.0001876 0.0001346 0.0001579 0.0001739 0.0001759 0.00012655 0.00016145 0.00017655 0.0001768 0.0001833 0.00017315 0.0001668 0.00018255 0.000163 0.00017375 0.0001811 0.0001776 0.00016285 0.00015825 0.00017925 0.0001839 0.00017825 0.00015715 0.00016125 0.0001474 0.000181 0.0001419 0.00017815 0.00017955 0.00017395 0.0001792 0.0001796 0.0001338 0.00013645 0.00017645 0.0001683 0.00016415 0.00017755 0.0001758 0.000115 0.0001829 0.00017495 0.0001851
13 0.00012655 0.0001593 0.00017695 0.00015455 0.00017445 0.00013215 0.0001761 0.0001765 0.00016265 0.00014135 0.0001423 0.0001623 0.0001346 0.0001752 0.0001568 0.00017555 0.0001384 0.00013115 0.00015465 0.0001743 0.00017665 0.00017685 0.0001773 0.000166 0.00013485 0.0001621 0.00016405 0.00017555 0.0001437 0.00015405 0.00016425 0.000177 0.0001783 0.0001765 0.0001637 0.0001838 0.00015375 0.00017535 0.000158 0.0001438 0.0001823 0.00017435 0.00016815 0.00017355 0.0001319 0.0001325 0.00013865 0.0001644 0.0001263 0.0001786 0.0001383 0.0001143 0.00017285 0.00017435 0.0001758
14 0.00016465 0.00012625 0.0001761 0.00012455 0.0001577 0.0001704 0.000172 0.00016085 0.0001408 0.0001577 0.00017145 0.00016345 0.0001579 0.0001568 0.0001683 0.00017395 0.00016735 9.815e-05 0.00013735 0.0001473 0.00017655 0.0001758 0.000175 0.0001749 0.0001759 0.0001329 0.00017145 0.00018045 0.0001647 0.00016975 0.0001288 0.00015855 0.0001767 0.00016085 0.00012655 0.0001661 0.0001405 0.0001784 0.00018045 0.00016505 0.00017455 0.00017545 0.0001366 0.000178 0.0001666 0.0001624 0.00016925 0.0001701 0.00016655 0.0001731 0.00016725 0.00011655 0.0001832 0.0001458 0.0001585
15 0.00016465 0.0001757 0.00017645 0.00016655 0.00016935 0.00017505 0.0001622 0.0001316 0.0001779 0.0001694 0.00017035 0.00017895 0.0001739 0.00017555 0.00017395 0.0001704 0.00016295 0.0001772 0.0001786 0.00015715 0.00012775 0.00018 0.00014785 0.0001622 0.00017225 0.0001767 0.0001778 0.00014405 0.000169 0.00017545 0.000175 0.00017485 0.0001769 0.0001316 0.00017595 0.00017385 0.00017705 0.0001457 0.00017815 0.0001695 0.000172 0.00013305 0.000173 0.00018015 0.00014515 0.0001756 0.00012425 0.00016985 0.0001638 0.0001603 0.00016285 0.00017845 0.00017575 0.0001544 0.00018
16 0.0001081 0.00016535 0.00016885 0.00016565 0.0001792 0.00016905 0.0001272 0.0001702 0.0001745 0.00013715 0.0001377 0.00016305 0.0001759 0.0001384 0.00016735 0.00016295 0.0001687 0.000164 0.00017095 0.0001707 0.00012045 0.00017355 0.0001636 0.00015045 0.0001356 0.00017305 0.00015165 0.0001767 0.00013885 0.00017 0.0001715 0.00017655 0.00016975 0.0001702 0.00017415 0.0001847 0.0001773 0.0001775 0.00016895 0.0001387 0.00013325 0.0001764 0.0001651 0.000184 0.00017765 0.00012815 0.0001233 0.00015425 0.0001143 0.0001689 8.435e-05 0.00016635 0.0001328 0.0001706 0.00017775
17 0.00016125 9.855e-05 0.0001879 9.99e-05 0.0001794 0.00014895 0.0001776 0.00017785 0.0001138 0.0001532 0.0001746 0.0001622 0.00012655 0.00013115 9.815e-05 0.0001772 0.000164 4.64e-05 0.0001127 0.00017505 0.0001764 0.00018815 0.0001719 0.0001659 0.00018 0.0001073 0.00018005 0.00018 0.00016695 0.0001485 0.0001016 0.00017725 0.0001889 0.00017785 0.00010025 0.00018735 0.00010015 0.00018625 0.00018555 0.00016745 0.00017705 0.0001769 0.0001745 0.00018765 0.00014025 0.00013685 0.0001681 0.00017045 0.0001624 0.0001807 0.0001639 6.125e-05 0.0001883 0.000172 0.0001843
18 0.0001703 0.00013395 0.00018675 0.00013575 0.0001755 0.0001586 0.00017845 0.0001724 0.0001472 0.0001609 0.00017195 0.0001849 0.00016145 0.00015465 0.00013735 0.0001786 0.00017095 0.0001127 0.0001945 0.00017335 0.0001783 0.00018455 0.00017885 0.0001763 0.00012835 0.00014085 0.0001842 0.000182 0.000167 0.0001614 0.00013705 0.00017645 0.0001882 0.0001724 0.000136 0.00017595 0.00015135 0.0001865 0.0001733 0.000167 0.0001788 0.0001808 0.0001787 0.00013505 0.000173 0.0001714 0.0001675 0.0001739 0.0001683 0.00018085 0.00017085 0.0001295 0.00013915 0.00017235 0.000179
19 0.00016415 0.00016765 0.0001813 0.0001297 0.0001304 0.00017705 0.0001307 0.0001741 0.00017355 0.00016825 0.0001719 0.0001702 0.00017655 0.0001743 0.0001473 0.00015715 0.0001707 0.00017505 0.00017335 0.0001576 0.0001763 0.0001775 0.0001736 0.00017645 0.0001726 0.00017265 0.00017645 0.0001692 0.0001657 0.0001715 0.0001686 0.00017785 0.0001796 0.0001741 0.000167 0.0001758 0.00017115 0.00017745 0.00018075 0.00016615 0.0001744 0.0001291 0.00014195 0.00017315 0.00017435 0.00017995 0.0001696 0.0001615 0.0001639 0.0001307 0.0001706 0.000174 0.0001793 8.23e-05 0.00018085
20 0.00016555 0.00017485 0.00017535 0.0001769 0.00018695 0.0001746 0.00012965 0.00012985 0.00018395 0.00017075 0.0001744 0.0001808 0.0001768 0.00017665 0.00017655 0.00012775 0.00012045 0.0001764 0.0001783 0.0001763 0.0001541 0.0001818 0.0001648 0.00016045 0.000172 0.0001807 0.00017305 0.00018485 0.00017215 0.00017655 0.0001751 0.00017895 0.0001764 0.00012985 0.0001783 0.00017905 0.00018195 0.00018485 0.0001715 0.0001719 0.00012725 0.00018625 0.00017535 0.0001833 0.0001866 0.00012975 0.00011855 0.0001747 0.0001662 0.0001764 0.00012045 0.00017755 0.00013055 0.0001746 0.0001808
21 0.00017395 0.00016185 0.00013835 0.0001819 0.00016295 0.00018295 0.0001776 0.0001717 0.0001647 0.0001787 0.00016155 0.00013555 0.0001833 0.00017685 0.0001758 0.00018 0.00017355 0.00018815 0.00018455 0.0001775 0.0001818 0.0001869 0.00018755 0.0001755 0.0001757 0.0001704 0.00013585 0.0001547 0.0001763 0.0001865 0.00018715 0.00016755 0.00013945 0.0001717 0.00018555 0.00017025 0.00018565 0.00013525 0.00015515 0.0001766 0.00018105 0.00017725 0.00014085 0.0001804 0.00017885 0.0001791 0.0001789 0.0001546 0.00017185 0.00017935 0.00017345 0.00018505 0.0001786 0.0001752 0.0001254
22 0.00017455 0.00017655 0.0001808 0.00017005 0.000176 0.0001759 0.0001612 0.00017645 0.0001732 0.00015485 0.00017695 0.0001834 0.00017315 0.0001773 0.000175 0.00014785 0.0001636 0.0001719 0.00017885 0.0001736 0.0001648 0.00018755 0.0002024 0.00017135 0.0001847 0.0001711 0.0001824 0.00014435 0.0001565 0.00015255 0.000147 0.00017515 0.0001804 0.00017645 0.00015095 0.0001692 0.000154 0.00015225 0.0001782 0.0001567 0.00013905 0.0001329 0.00018225 0.0001619 0.0001447 0.00016395 0.0001785 0.00018135 0.00017935 0.0001676 0.00016355 0.0001718 0.000171 0.000171 0.00018315
23 0.00014135 0.0001745 0.0001723 0.00017345 0.00018625 0.00016385 0.000167 0.0001796 0.00017045 0.0001682 0.0001692 0.0001654 0.0001668 0.000166 0.0001749 0.0001622 0.00015045 0.0001659 0.0001763 0.00017645 0.00016045 0.0001755 0.00017135 4.66e-05 0.000174 0.0001715 0.0001531 0.00016835 0.0001715 0.00017045 0.0001743 0.00017945 0.0001724 0.0001796 0.00017435 0.00017955 0.00017275 0.00016595 0.00016505 0.00017195 0.000166 0.0001664 0.0001778 0.00018145 0.00015975 0.00015605 0.0001663 0.0001565 0.0001471 0.0001742 0.00015035 0.0001642 0.00016815 0.0001734 0.0001814
24 0.00012625 0.0001705 0.00017485 0.00017445 0.00017575 0.00016235 0.00017545 0.0001705 0.00017675 0.00013575 0.0001307 0.00018055 0.00018255 0.00013485 0.0001759 0.00017225 0.0001356 0.00018 0.00012835 0.0001726 0.000172 0.0001757 0.0001847 0.000174 0.0001663 0.0001759 0.00016835 0.00017435 0.0001356 0.0001681 0.00018095 0.00017485 0.0001766 0.0001705 0.00018015 0.00017985 0.0001865 0.00017955 0.00016825 0.00013485 0.00018285 0.00017945 0.0001717 0.0001354 0.00018385 0.00018205 0.00012475 0.0001613 0.00011915 0.0001756 0.0001355 0.00018 0.0001304 0.0001738 0.00017625
25 0.000165 0.0001156 0.00018605 0.0001373 0.0001656 0.00017535 0.00017935 0.00017355 9.95e-05 0.0001429 0.000128 0.00017455 0.000163 0.0001621 0.0001329 0.0001767 0.00017305 0.0001073 0.00014085 0.00017265 0.0001807 0.0001704 0.0001711 0.0001715 0.0001759 0.0001859 0.0001765 0.0001609 0.00014215 0.00015035 0.0001134 0.00017395 0.0001859 0.00017355 0.0001079 0.00016305 0.00012215 0.0001841 0.00018665 0.00014285 0.00015755 0.00017975 0.00017795 0.00015885 0.00016835 0.00016885 0.00017145 0.00014875 0.00016115 0.0001795 0.00017295 0.00012455 0.00018515 0.0001714 0.00017745
26 0.00011755 0.0001783 0.00013735 0.0001757 0.0001606 0.00017705 0.00016685 0.00016775 0.0001707 0.00016595 0.00016065 0.00013585 0.00017375 0.00016405 0.00017145 0.0001778 0.00015165 0.00018005 0.0001842 0.00017645 0.00017305 0.00013585 0.0001824 0.0001531 0.00016835 0.0001765 0.0001891 0.00017555 0.0001649 0.00017345 0.00017945 0.0001683 0.0001384 0.00016775 0.00018095 0.00016565 0.00017915 0.0001377 0.0001551 0.000165 0.00016985 0.0001739 0.00013935 0.0001825 0.0001752 0.0001662 0.00016665 0.0001386 0.0001262 0.0001746 0.00015155 0.00017565 0.00017475 0.0001744 0.0001234
27 0.0001678 0.0001418 0.0001779 0.00017835 0.0001682 0.0001846 0.00018195 0.0001784 0.00015995 0.00017505 0.00015325 0.0001532 0.0001811 0.00017555 0.00018045 0.00014405 0.0001767 0.00018 0.000182 0.0001692 0.00018485 0.0001547 0.00014435 0.00016835 0.00017435 0.0001609 0.00017555 0.0001857 0.0001729 0.0001815 0.00018145 0.0001784 0.00017835 0.0001784 0.0001813 0.0001779 0.00018065 0.00014075 0.0001852 0.00017355 0.0001864 0.0001307 0.00017815 0.0001843 0.00014445 0.0001882 0.0001721 0.0001337 0.0001648 0.0001734 0.0001766 0.0001831 0.0001871 0.0001667 0.00017805
28 0.0001242 0.00016175 0.00017465 0.00016525 0.0001726 0.0001726 0.00017085 0.0001712 0.00014665 0.00010165 0.00011075 0.00017525 0.0001776 0.0001437 0.0001647 0.000169 0.00013885 0.00016695 0.000167 0.0001657 0.00017215 0.0001763 0.0001565 0.0001715 0.0001356 0.00014215 0.0001649 0.0001729 0.0001879 0.00013475 0.00013135 0.0001717 0.0001748 0.0001712 0.00012605 0.00016385 0.000135 0.000181 0.00017965 9.455e-05 0.0001409 0.00017315 0.0001724 0.0001396 0.0001785 0.0001771 0.00013105 0.0001531 0.0001179 0.0001671 0.00013875 0.0001674 0.0001767 0.00016665 0.00017865
29 0.00016275 0.00016925 0.0001804 0.00016595 0.0001827 0.0001376 0.0001775 0.0001795 0.00015415 0.0001378 0.00015705 0.0001717 0.00016285 0.00015405 0.00016975 0.00017545 0.00017 0.0001485 0.0001614 0.0001715 0.00017655 0.0001865 0.00015255 0.00017045 0.0001681 0.00015035 0.00017345 0.0001815 0.00013475 0.0001835 0.0001227 0.00018535 0.0001808 0.0001795 0.0001285 0.0001622 0.0001233 0.0001823 0.000173 0.0001351 0.0001351 0.00017565 0.00018375 0.0001375 0.0001603 0.00015875 0.0001707 0.00017545 0.00016645 0.0001752 0.0001699 0.0001462 0.00017395 0.00016905 0.0001837
30 0.000167 0.00012745 0.00018525 0.0001275 0.0001756 0.00016875 0.00017245 0.0001744 0.00012295 0.00012745 0.0001573 0.0001819 0.00015825 0.00016425 0.0001288 0.000175 0.0001715 0.0001016 0.00013705 0.0001686 0.0001751 0.00018715 0.000147 0.0001743 0.00018095 0.0001134 0.00017945 0.00018145 0.00013135 0.0001227 0.000167 0.0001742 0.00018525 0.0001744 8.775e-05 0.00015655 0.00010575 0.00018805 0.00018325 0.0001316 0.00012855 0.0001741 0.00018015 0.0001414 0.0001675 0.00016345 0.00017385 0.00016835 0.0001683 0.0001707 0.0001714 0.0001183 0.0001822 0.0001655 0.0001833
31 0.0001747 0.0001746 0.000131 0.0001765 0.00014825 0.0001803 0.00018135 0.0001332 0.0001773 0.00016825 0.00017235 0.0001692 0.00017925 0.000177 0.00015855 0.00017485 0.00017655 0.00017725 0.00017645 0.00017785 0.00017895 0.00016755 0.00017515 0.00017945 0.00017485 0.00017395 0.0001683 0.0001784 0.0001717 0.00018535 0.0001742 0.0001737 0.0001315 0.0001332 0.00017275 0.00013105 0.00017795 0.0001665 0.000177 0.00017105 0.00017725 0.00017885 0.0001633 0.0001754 0.0001744 0.0001781 0.00017415 0.00017675 0.0001725 0.0001428 0.00017645 0.0001749 0.00017965 0.00017785 0.00012445
32 0.0001755 0.00018965 9.635e-05 0.0001862 0.00017105 0.00017955 0.00017485 0.0001697 0.0001818 0.00017625 0.0001743 0.000154 0.0001839 0.0001783 0.0001767 0.0001769 0.00016975 0.0001889 0.0001882 0.0001796 0.0001764 0.00013945 0.0001804 0.0001724 0.0001766 0.0001859 0.0001384 0.00017835 0.0001748 0.0001808 0.00018525 0.0001315 0.0001927 0.0001697 0.0001861 0.0001658 0.00018555 0.0001334 0.0001593 0.0001744 0.00017495 0.0001738 0.0001412 0.00018595 0.0001761 0.00017535 0.00017495 0.00018445 0.00017255 0.00013635 0.00016965 0.0001855 0.00017805 0.00017725 0.000126
33 0.0001739 0.0001732 0.00016865 0.0001745 0.0001446 0.00017745 0.0001731 9.03e-05 0.000177 0.000171 0.00017165 0.000171 0.00017825 0.0001765 0.00016085 0.0001316 0.0001702 0.00017785 0.0001724 0.0001741 0.00012985 0.0001717 0.00017645 0.0001796 0.0001705 0.00017355 0.00016775 0.0001784 0.0001712 0.0001795 0.0001744 0.0001332 0.0001697 0.0001806 0.00017295 0.000134 0.0001774 0.0001694 0.0001771 0.00017095 0.0001723 0.0001799 0.0001618 0.00017135 0.0001802 0.0001749 0.0001299 0.0001742 0.0001724 0.0001779 0.0001701 0.00017685 0.00017045 0.0001732 0.00012455
34 0.00016895 0.000126 0.00018625 0.00012715 0.0001723 0.0001695 0.0001738 0.00017295 0.00011745 0.0001264 0.00015205 0.0001803 0.00015715 0.0001637 0.00012655 0.00017595 0.00017415 0.00010025 0.000136 0.000167 0.0001783 0.00018555 0.00015095 0.00017435 0.00018015 0.0001079 0.00018095 0.0001813 0.00012605 0.0001285 8.775e-05 0.00017275 0.0001861 0.00017295 0.0001643 0.00015985 0.0001003 0.000188 0.00018485 0.0001263 0.00013655 0.00017505 0.00017945 0.0001392 0.0001682 0.0001664 0.00017355 0.0001666 0.0001669 0.00017255 0.00017405 0.0001175 0.0001849 0.00016575 0.00018085
35 0.0001797 0.0001808 0.0001662 0.00017965 0.0001435 0.0001613 0.00017815 0.000134 0.0001664 0.00016645 0.00016695 0.00017385 0.00016125 0.0001838 0.0001661 0.00017385 0.0001847 0.00018735 0.00017595 0.0001758 0.00017905 0.00017025 0.0001692 0.00017955 0.00017985 0.00016305 0.00016565 0.0001779 0.00016385 0.0001622 0.00015655 0.00013105 0.0001658 0.000134 0.00015985 0.000181 0.0001649 0.00016545 0.00015595 0.00016365 0.0001556 0.0001731 0.00016585 0.000154 0.000177 0.00018225 0.00018375 0.0001769 0.0001822 0.0001718 0.0001846 0.00018305 0.00017515 0.00017425 0.00012565
36 0.00017055 0.0001433 0.0001857 0.0001405 0.00017565 0.0001598 0.00017795 0.0001774 0.00012595 0.00013535 0.0001573 0.00016905 0.0001474 0.00015375 0.0001405 0.00017705 0.0001773 0.00010015 0.00015135 0.00017115 0.00018195 0.00018565 0.000154 0.00017275 0.0001865 0.00012215 0.00017915 0.00018065 0.000135 0.0001233 0.00010575 0.00017795 0.00018555 0.0001774 0.0001003 0.0001649 0.0001901 0.0001837 0.00018415 0.00013535 0.0001453 0.0001735 0.0001792 0.0001494 0.0001549 0.00015715 0.0001774 0.00017315 0.00017025 0.0001764 0.0001772 0.00011745 0.00019105 0.0001699 0.0001814
37 0.00017875 0.00018915 0.00013295 0.00017975 0.0001595 0.00017995 0.0001753 0.0001694 0.0001772 0.0001821 0.00017715 0.0001464 0.000181 0.00017535 0.0001784 0.0001457 0.0001775 0.00018625 0.0001865 0.00017745 0.00018485 0.00013525 0.00015225 0.00016595 0.00017955 0.0001841 0.0001377 0.00014075 0.000181 0.0001823 0.00018805 0.0001665 0.0001334 0.0001694 0.000188 0.00016545 0.0001837 0.0001773 0.00015565 0.00018095 0.00018485 0.0001316 0.0001387 0.0001854 0.0001328 0.0001806 0.00018095 0.0001839 0.00017825 0.0001691 0.0001774 0.00018365 0.00018345 0.0001742 0.00012105
38 0.0001749 0.00018715 0.00015865 0.0001773 0.0001775 0.00013145 0.00017125 0.0001771 0.00018255 0.00017665 0.0001816 0.0001662 0.0001419 0.000158 0.00018045 0.00017815 0.00016895 0.00018555 0.0001733 0.00018075 0.0001715 0.00015515 0.0001782 0.00016505 0.00016825 0.00018665 0.0001551 0.0001852 0.00017965 0.000173 0.00018325 0.000177 0.0001593 0.0001771 0.00018485 0.00015595 0.00018415 0.00015565 0.0001941 0.0001797 0.0001724 0.00017765 0.0001553 0.00016715 0.00016125 0.0001548 0.00017715 0.0001848 0.00017875 0.0001803 0.00016885 0.0001655 0.0001626 0.0001796 0.0001548
39 0.0001248 0.00016245 0.00017425 0.00016575 0.00017245 0.00017315 0.0001707 0.00017095 0.00014695 0.00010115 0.0001107 0.00017585 0.00017815 0.0001438 0.00016505 0.0001695 0.0001387 0.00016745 0.000167 0.00016615 0.0001719 0.0001766 0.0001567 0.00017195 0.00013485 0.00014285 0.000165 0.00017355 9.455e-05 0.0001351 0.0001316 0.00017105 0.0001744 0.00017095 0.0001263 0.00016365 0.00013535 0.00018095 0.0001797 0.0001881 0.0001405 0.0001736 0.00017235 0.00013945 0.00017895 0.00017695 0.0001307 0.0001539 0.00011765 0.0001672 0.0001386 0.0001679 0.00017605 0.0001671 0.000178
40 0.000168 0.0001742 0.00017535 0.0001723 0.0001824 0.0001782 0.000132 0.0001723 0.00016215 0.00014205 0.0001616 0.000182 0.00017955 0.0001823 0.00017455 0.000172 0.00013325 0.00017705 0.0001788 0.0001744 0.00012725 0.00018105 0.00013905 0.000166 0.00018285 0.00015755 0.00016985 0.0001864 0.0001409 0.0001351 0.00012855 0.00017725 0.00017495 0.0001723 0.00013655 0.0001556 0.0001453 0.00018485 0.0001724 0.0001405 0.0001777 0.00017985 0.000179 0.0001476 0.00018505 0.00013535 0.00017085 0.0001746 0.0001726 0.00016955 0.00013315 0.0001749 0.00013925 0.00017205 0.0001802
41 0.00016995 0.00017975 0.0001748 0.00013675 0.0001351 0.00017855 0.00013965 0.0001799 0.0001775 0.0001735 0.0001784 0.0001717 0.00017395 0.00017435 0.00017545 0.00013305 0.0001764 0.0001769 0.0001808 0.0001291 0.00018625 0.00017725 0.0001329 0.0001664 0.00017945 0.00017975 0.0001739 0.0001307 0.00017315 0.00017565 0.0001741 0.00017885 0.0001738 0.0001799 0.00017505 0.0001731 0.0001735 0.0001316 0.00017765 0.0001736 0.00017985 0.0001577 0.0001605 0.0001806 0.00013235 0.00018115 0.000179 0.0001736 0.00017085 0.0001278 0.0001763 0.00017525 0.0001867 0.00012375 0.00017405
42 0.0001683 0.00017735 0.0001416 0.00016235 0.00014665 0.00018145 0.00016055 0.0001618 0.00017365 0.00017235 0.00017095 0.00014185 0.0001792 0.00016815 0.0001366 0.000173 0.0001651 0.0001745 0.0001787 0.00014195 0.00017535 0.00014085 0.00018225 0.0001778 0.0001717 0.00017795 0.00013935 0.00017815 0.0001724 0.00018375 0.00018015 0.0001633 0.0001412 0.0001618 0.00017945 0.00016585 0.0001792 0.0001387 0.0001553 0.00017235 0.000179 0.0001605 0.0001873 0.00018415 0.0001768 0.0001743 0.00016935 0.0001782 0.0001685 0.0001623 0.000165 0.0001753 0.0001777 0.0001386 0.00012265
43 0.00017935 0.0001763 0.00018445 0.00017125 0.00017435 0.00016545 0.00018145 0.00017135 0.0001625 0.00014245 0.0001592 0.0001895 0.0001796 0.00017355 0.000178 0.00018015 0.000184 0.00018765 0.00013505 0.00017315 0.0001833 0.0001804 0.0001619 0.00018145 0.0001354 0.00015885 0.0001825 0.0001843 0.0001396 0.0001375 0.0001414 0.0001754 0.00018595 0.00017135 0.0001392 0.000154 0.0001494 0.0001854 0.00016715 0.00013945 0.0001476 0.0001806 0.00018415 0.0001856 0.00018515 0.00018695 0.0001773 0.0001766 0.00017795 0.0001794 0.0001839 0.0001806 0.0001414 0.00017225 0.00017525
44 0.00017045 0.00017245 0.00017605 0.00015845 0.0001722 0.0001402 0.0001788 0.0001802 0.0001679 0.00017625 0.0001792 0.00016505 0.0001338 0.0001319 0.0001666 0.00014515 0.00017765 0.00014025 0.000173 0.00017435 0.0001866 0.00017885 0.0001447 0.00015975 0.00018385 0.00016835 0.0001752 0.00014445 0.0001785 0.0001603 0.0001675 0.0001744 0.0001761 0.0001802 0.0001682 0.000177 0.0001549 0.0001328 0.00016125 0.00017895 0.00018505 0.00013235 0.0001768 0.00018515 0.0001789 0.00013915 0.00017975 0.00018 0.00017185 0.0001701 0.00017755 0.00012145 0.0001907 0.0001719 0.00017605
45 0.00016305 0.00016715 0.0001747 0.00015795 0.00018155 0.0001395 0.0001346 0.0001749 0.00017035 0.0001732 0.0001795 0.0001633 0.00013645 0.0001325 0.0001624 0.0001756 0.00012815 0.00013685 0.0001714 0.00017995 0.00012975 0.0001791 0.00016395 0.00015605 0.00018205 0.00016885 0.0001662 0.0001882 0.0001771 0.00015875 0.00016345 0.0001781 0.00017535 0.0001749 0.0001664 0.00018225 0.00015715 0.0001806 0.0001548 0.00017695 0.00013535 0.00018115 0.0001743 0.00018695 0.00013915 0.0001798 0.00016845 0.0001783 0.0001678 0.00017725 0.00012815 0.00011795 0.0001434 0.00017855 0.0001765
46 0.00012035 0.0001645 0.0001732 0.00017065 0.00018025 0.00016875 0.000167 0.0001299 0.0001742 0.00013085 0.0001287 0.0001762 0.00017645 0.00013865 0.00016925 0.00012425 0.0001233 0.0001681 0.0001675 0.0001696 0.00011855 0.0001789 0.0001785 0.0001663 0.00012475 0.00017145 0.00016665 0.0001721 0.00013105 0.0001707 0.00017385 0.00017415 0.00017495 0.0001299 0.00017355 0.00018375 0.0001774 0.00018095 0.00017715 0.0001307 0.00017085 0.000179 0.00016935 0.0001773 0.00017975 0.00016845 0.0001573 0.0001557 0.0001126 0.00017215 0.0001232 0.0001713 0.00016465 0.00016935 0.000181
47 0.0001107 0.000121 0.00018485 0.00016775 0.0001691 0.00018215 0.0001739 0.0001742 0.00014945 0.00015605 0.00013615 0.00014245 0.0001683 0.0001644 0.0001701 0.00016985 0.00015425 0.00017045 0.0001739 0.0001615 0.0001747 0.0001546 0.00018135 0.0001565 0.0001613 0.00014875 0.0001386 0.0001337 0.0001531 0.00017545 0.00016835 0.00017675 0.00018445 0.0001742 0.0001666 0.0001769 0.00017315 0.0001839 0.0001848 0.0001539 0.0001746 0.0001736 0.0001782 0.0001766 0.00018 0.0001783 0.0001557 0.0001564 0.0001084 0.00017445 0.00015415 0.0001719 0.0001803 0.0001597 0.0001817
48 6.635e-05 0.00015755 0.0001726 0.00016585 0.00017365 0.00016975 0.0001678 0.0001724 0.0001621 0.0001191 0.000112 0.0001609 0.00016415 0.0001263 0.00016655 0.0001638 0.0001143 0.0001624 0.0001683 0.0001639 0.0001662 0.00017185 0.00017935 0.0001471 0.00011915 0.00016115 0.0001262 0.0001648 0.0001179 0.00016645 0.0001683 0.0001725 0.00017255 0.0001724 0.0001669 0.0001822 0.00017025 0.00017825 0.00017875 0.00011765 0.0001726 0.00017085 0.0001685 0.00017795 0.00017185 0.0001678 0.0001126 0.0001084 0.0001213 0.00016595 0.0001142 0.00016335 0.00017275 0.0001636 0.0001804
49 0.0001673 0.00018 0.00013775 0.0001428 0.0001457 0.00017885 0.000139 0.0001779 0.0001806 0.0001678 0.00017425 0.00017995 0.00017755 0.0001786 0.0001731 0.0001603 0.0001689 0.0001807 0.00018085 0.0001307 0.0001764 0.00017935 0.0001676 0.0001742 0.0001756 0.0001795 0.0001746 0.0001734 0.0001671 0.0001752 0.0001707 0.0001428 0.00013635 0.0001779 0.00017255 0.0001718 0.0001764 0.0001691 0.0001803 0.0001672 0.00016955 0.0001278 0.0001623 0.0001794 0.0001701 0.00017725 0.00017215 0.00017445 0.00016595 0.0001895 0.0001688 0.00017825 0.00017985 0.00012625 0.00017775
50 0.000108 0.00016525 0.00016875 0.00016555 0.0001791 0.00016895 0.00012715 0.0001701 0.0001744 0.00013705 0.0001376 0.00016295 0.0001758 0.0001383 0.00016725 0.00016285 8.435e-05 0.0001639 0.00017085 0.0001706 0.00012045 0.00017345 0.00016355 0.00015035 0.0001355 0.00017295 0.00015155 0.0001766 0.00013875 0.0001699 0.0001714 0.00017645 0.00016965 0.0001701 0.00017405 0.0001846 0.0001772 0.0001774 0.00016885 0.0001386 0.00013315 0.0001763 0.000165 0.0001839 0.00017755 0.00012815 0.0001232 0.00015415 0.0001142 0.0001688 0.0001685 0.00016625 0.00013275 0.0001705 0.00017765
51 0.0001619 0.00012025 0.00018445 0.000113 0.0001746 0.0001299 0.00017495 0.00017685 0.00013105 0.00015845 0.00017505 0.00016305 0.000115 0.0001143 0.00011655 0.00017845 0.00016635 6.125e-05 0.0001295 0.000174 0.00017755 0.00018505 0.0001718 0.0001642 0.00018 0.00012455 0.00017565 0.0001831 0.0001674 0.0001462 0.0001183 0.0001749 0.0001855 0.00017685 0.0001175 0.00018305 0.00011745 0.00018365 0.0001655 0.0001679 0.0001749 0.00017525 0.0001753 0.0001806 0.00012145 0.00011795 0.0001713 0.0001719 0.00016335 0.00017825 0.00016625 0.0001224 0.00018625 0.00017185 0.00017945
52 0.00017145 0.00018085 0.000177 0.0001807 0.00018245 0.0001682 0.0001381 0.00017045 0.0001865 0.00017565 0.0001764 0.00018515 0.0001829 0.00017285 0.0001832 0.00017575 0.0001328 0.0001883 0.00013915 0.0001793 0.00013055 0.0001786 0.000171 0.00016815 0.0001304 0.00018515 0.00017475 0.0001871 0.0001767 0.00017395 0.0001822 0.00017965 0.00017805 0.00017045 0.0001849 0.00017515 0.00019105 0.00018345 0.0001626 0.00017605 0.00013925 0.0001867 0.0001777 0.0001414 0.0001907 0.0001434 0.00016465 0.0001803 0.00017275 0.00017985 0.00013275 0.00018625 0.0001925 0.00017905 0.00017605
53 0.0001642 0.0001653 0.0001786 0.00012885 0.00013385 0.00017555 0.0001333 0.0001732 0.0001723 0.0001674 0.00017285 0.00016955 0.00017495 0.00017435 0.0001458 0.0001544 0.0001706 0.000172 0.00017235 8.23e-05 0.0001746 0.0001752 0.000171 0.0001734 0.0001738 0.0001714 0.0001744 0.0001667 0.00016665 0.00016905 0.0001655 0.00017785 0.00017725 0.0001732 0.00016575 0.00017425 0.0001699 0.0001742 0.0001796 0.0001671 0.00017205 0.00012375 0.0001386 0.00017225 0.0001719 0.00017855 0.00016935 0.0001597 0.0001636 0.00012625 0.0001705 0.00017185 0.00017905 0.0001575 0.00017945
54 0.0001797 0.0001822 0.00012495 0.00017685 0.0001265 0.0001821 0.00017455 0.00012455 0.0001727 0.0001793 0.0001747 0.00013485 0.0001851 0.0001758 0.0001585 0.00018 0.00017775 0.0001843 0.000179 0.00018085 0.0001808 0.0001254 0.00018315 0.0001814 0.00017625 0.00017745 0.0001234 0.00017805 0.00017865 0.0001837 0.0001833 0.00012445 0.000126 0.00012455 0.00018085 0.00012565 0.0001814 0.00012105 0.0001548 0.000178 0.0001802 0.00017405 0.00012265 0.00017525 0.00017605 0.0001765 0.000181 0.0001817 0.0001804 0.00017775 0.00017765 0.00017945 0.00017605 0.00017945 0.0001305
