 slim_761930927 slim_761931239 slim_761931225 slim_761930805 slim_761931052 slim_761930915 slim_761931127 slim_761931007 slim_761930976 slim_761931021 slim_761930899 slim_761931022 slim_761930840 slim_761931012 slim_761930884 slim_761930843 slim_761931126 slim_761930785 slim_761931108 slim_761931072 slim_761931116 slim_761931121 slim_761930964 slim_761931179 slim_761931045 slim_761931084 slim_761930901 slim_761931172 slim_761931153 slim_761931187 slim_761930839 slim_761930849 slim_761931014 slim_761931079 slim_761931242 slim_761930998 slim_761930889 slim_761930764 slim_761931144 slim_761931047 slim_761931034 slim_761931173 slim_761931177 slim_761931118 slim_761930956 slim_761930979 slim_761930791 slim_761930762 slim_761930961 slim_761930809 slim_761930989 slim_761931156 slim_761931166 slim_761930963 slim_761931165 slim_761930854 slim_761930939 slim_761931160 slim_761930867 slim_761930930 slim_761931064 slim_761931212 slim_761930985 slim_761931073 slim_761931149 slim_761930894 slim_761930817 slim_761931260 slim_761931069 slim_761931041 slim_761930959 slim_761930861 slim_761931032 slim_761930886 slim_761931102 slim_761931131 slim_761931088 slim_761930761 slim_761930967 slim_761930834 slim_761931105 slim_761930798 slim_761931011 slim_761930968 slim_761930984 slim_761930909 slim_761931247 slim_761931216 slim_761931103 slim_761931071 slim_761930822 slim_761931090 slim_761931003 slim_761930790 slim_761931194 slim_761930882 slim_761930917 slim_761930981 slim_761930991 slim_761930769
0 0.0001545 0.00016595 0.00017805 0.0001644 0.00018345 0.00016575 0.00015805 0.00017645 0.0001601 0.00016335 0.00016375 0.0001688 0.0001765 0.0001871 0.0001668 0.00016155 0.0001591 0.00016815 0.00017655 0.00016315 0.0001679 0.00017375 0.00018565 0.00016655 0.00016995 0.0001797 0.000169 0.00017455 0.000164 0.0001751 0.00017735 0.00017455 0.0001573 0.00017165 0.0001823 0.0001786 0.00016545 0.00017625 0.0001635 0.00016265 0.00017725 0.0001709 0.00018065 0.00016785 0.0001723 0.00016115 0.0001659 0.0001584 0.0001578 0.00016955 0.00013395 0.0001688 0.00016915 0.0001635 0.00016845 0.0001703 0.0001773 0.00017055 0.00012615 0.0001679 0.0001374 0.0001727 0.00017745 0.0001724 0.0001437 0.00017865 0.00012425 0.0001559 0.00016365 0.00016315 0.0001799 0.00016635 0.000172 0.00015495 0.00017555 0.00016485 0.0001736 0.0001757 0.0001433 0.0001558 0.0001713 0.00018325 0.0001733 0.00014495 0.0001802 0.0001663 0.0001629 0.0001507 0.00016405 0.0001739 0.0001449 0.0001628 0.00016235 0.00016515 0.0001816 0.00017885 0.00016345 0.00016555 0.00015385 0.00015525
1 0.00016595 0.0001851 0.00017635 0.00017965 0.0001789 0.0001742 0.0001656 0.0001783 0.00017985 0.00017075 0.00018135 0.00016845 0.00017515 0.00018115 0.0001631 0.0001722 0.0001749 0.0001725 0.00017315 0.00016625 0.0001719 0.00014375 0.00018435 0.0001657 0.0001359 0.00017315 0.00017455 0.0001738 0.00016445 0.0001697 0.0001653 0.00018165 0.0001573 0.0001741 0.0001774 0.00017775 0.00017935 0.00018045 0.00016115 0.00016525 0.0001803 0.00014825 0.0001654 0.00015745 0.0001706 0.00016405 0.00014625 0.00016295 0.0001782 0.0001635 0.00017425 0.0001665 0.00017165 0.00017985 0.00017155 0.00017205 0.0001734 0.00018015 0.0001618 0.0001734 0.00017345 0.0001746 0.00017805 0.00017545 0.00016655 0.0001787 0.0001652 0.0001729 0.0001694 0.00017365 0.00018175 0.00017445 0.0001636 0.00017845 0.00017725 0.0001803 0.00017955 0.00017605 0.00016845 0.0001625 0.000189 0.00017875 0.0001757 0.0001778 0.0001825 0.0001715 0.0001726 0.0001717 0.00017695 0.0001686 0.00017225 0.0001564 0.00017035 0.0001643 0.0001771 0.0001749 0.0001758 0.0001649 0.00016135 0.00017145
2 0.00017805 0.00017635 0.0001811 0.0001397 0.00018535 0.0001677 0.0001704 0.0001753 0.00018185 0.00017595 0.00017495 0.0001776 0.000173 0.00018205 0.00016915 0.00017145 0.0001741 0.00016795 0.00016505 0.00017065 0.00016665 0.00016175 0.0001785 0.00016665 0.00017135 0.00015265 0.0001754 0.0001739 0.00015985 0.00016885 0.0001743 0.0001785 0.00017415 0.00016615 0.0001714 0.00018235 0.00016805 0.0001791 0.0001761 0.00016875 0.00017605 0.0001746 0.0001653 0.0001642 0.0001604 0.000166 0.000183 0.0001673 0.00017125 0.00016545 0.00017085 0.0001723 0.0001748 0.00017945 0.0001815 0.0001638 0.0001748 0.0001813 0.00017705 0.0001657 0.00018305 0.00017325 0.00017495 0.000168 0.0001703 0.000182 0.00018065 0.0001696 0.0001709 0.00017535 0.000184 0.00016235 0.000165 0.00018355 0.00017735 0.0001682 0.0001763 0.00016785 0.00017485 0.0001702 0.00019055 0.0001733 0.00017175 0.00018335 0.0001698 0.00016965 0.00016975 0.0001787 0.00018265 0.00017515 0.0001645 0.00016705 0.00016905 0.00017395 0.0001874 0.0001786 0.00017965 0.00016435 0.00016505 0.0001808
3 0.0001644 0.00017965 0.0001397 0.0001583 0.00017405 0.0001643 0.00016795 0.0001729 0.00017315 0.0001648 0.00017745 0.00017145 0.0001759 0.00017925 0.0001773 0.0001692 0.0001597 0.0001672 0.000176 0.00017115 0.00016785 0.0001736 0.00018355 0.00017035 0.0001715 0.0001752 0.00018555 0.0001677 0.00016295 0.0001634 0.00017865 0.00017115 0.0001665 0.00016365 0.0001631 0.000183 0.00016915 0.00017885 0.0001674 0.0001636 0.0001736 0.00017375 0.0001737 0.00016525 0.00016865 0.00016875 0.00017065 0.0001713 0.00017155 0.000164 0.0001767 0.0001725 0.0001718 0.0001828 0.00017525 0.0001695 0.0001687 0.0001758 0.00017125 0.000173 0.0001742 0.000177 0.00017635 0.00016155 0.00016835 0.00018095 0.00016955 0.00016565 0.00017 0.00017395 0.00018385 0.00017095 0.00017595 0.0001798 0.00017085 0.00016765 0.0001638 0.00016395 0.000162 0.0001674 0.0001809 0.0001724 0.0001627 0.0001648 0.00017915 0.0001721 0.0001736 0.00017295 0.00017495 0.00017525 0.0001703 0.00016955 0.0001691 0.00016565 0.00018545 0.00017745 0.0001677 0.0001821 0.00017475 0.0001666
4 0.00018345 0.0001789 0.00018535 0.00017405 0.000184 0.0001615 0.0001768 0.00013385 0.00018925 0.00017975 0.00015435 0.00016945 0.00018605 0.0001718 0.00017715 0.00017045 0.0001752 0.000168 0.0001866 0.00017895 0.00018565 0.00017825 0.0001802 0.00018 0.0001853 0.0001823 0.00018835 0.0001719 0.0001811 0.00017075 0.00017165 0.0001819 0.0001746 0.0001719 0.0001689 0.0001846 0.00017595 0.00013065 0.00018015 0.0001752 0.00017605 0.00016105 0.0001777 0.0001685 0.00017775 0.00018095 0.0001723 0.0001709 0.00017485 0.0001698 0.00018135 0.0001776 0.0001747 0.00018005 0.0001814 0.0001866 0.00013495 0.0001763 0.00017975 0.0001764 0.0001808 0.0001782 0.00017735 0.00016885 0.0001787 0.0001807 0.0001872 0.0001805 0.0001869 0.00017855 0.0001783 0.00018385 0.0001769 0.0001876 0.0001751 0.0001782 0.0001894 0.00016895 0.00017755 0.00017285 0.0001852 0.0001873 0.00018095 0.0001744 0.0001902 0.00018535 0.00018 0.0001739 0.0001746 0.0001772 0.00018735 0.0001748 0.00018065 0.00017445 0.00017925 0.0001712 0.0001839 0.0001832 0.0001694 0.00017725
5 0.00016575 0.0001742 0.0001677 0.0001643 0.0001615 0.000173 0.00016265 0.00016865 0.00018115 0.0001612 0.00017125 0.00016635 0.00017715 0.00017555 0.00017305 0.00014475 0.00017065 0.00016205 0.00017125 0.00017105 0.0001589 0.0001705 0.0001761 0.0001772 0.0001664 0.00017345 0.00018225 0.00017645 0.0001616 0.0001739 0.00017195 0.0001725 0.00016565 0.00017 0.00017055 0.0001748 0.0001745 0.0001618 0.0001756 0.00017405 0.00013045 0.00016275 0.00017115 0.0001739 0.0001664 0.000167 0.0001696 0.0001732 0.0001672 0.00015905 0.00017315 0.00017 0.00017055 0.00017235 0.00016685 0.00017495 0.00016395 0.0001751 0.00016965 0.00016855 0.00016265 0.0001797 0.00017425 0.00016315 0.0001657 0.00017575 0.0001721 0.00016755 0.0001719 0.00016915 0.00018035 0.0001853 0.0001708 0.00017315 0.00018065 0.00016785 0.00017795 0.0001738 0.00015975 0.00015735 0.00018685 0.00017915 0.0001762 0.00016435 0.00016405 0.0001809 0.0001746 0.00016905 0.00017285 0.00018045 0.00017395 0.00014495 0.0001742 0.00016715 0.00017585 0.0001691 0.00016845 0.0001695 0.00012575 0.00016385
6 0.00015805 0.0001656 0.0001704 0.00016795 0.0001768 0.00016265 0.0001704 0.000171 0.00017645 0.00016095 0.0001768 0.0001719 0.0001787 0.00018175 0.0001694 0.00016365 0.0001657 0.00016515 0.00016305 0.0001671 0.00018195 0.0001748 0.0001805 0.00016975 0.00016775 0.000172 0.00016795 0.00017915 0.0001672 0.0001694 0.00016905 0.000175 0.0001573 0.00016585 0.00017565 0.00017545 0.0001745 0.0001757 0.0001711 0.00016215 0.0001846 0.00015305 0.00017415 0.0001657 0.00017705 0.0001772 0.000177 0.0001691 0.00017295 0.00016245 0.0001739 0.0001678 0.00016145 0.0001762 0.00016535 0.0001519 0.0001795 0.0001727 0.0001619 0.00016675 0.00017165 0.00017555 0.00017465 0.0001715 0.00016855 0.0001739 0.0001611 0.00016955 0.0001751 0.0001691 0.00018405 0.00015715 0.00017445 0.00018055 0.0001766 0.00017575 0.0001761 0.000175 0.00016105 0.00015875 0.00016315 0.00017615 0.0001558 0.00017535 0.0001761 0.0001566 0.0001713 0.0001709 0.0001795 0.0001723 0.0001715 0.00016705 0.00017805 0.0001676 0.0001848 0.00017275 0.0001537 0.0001753 0.00013445 0.00017785
7 0.00017645 0.0001783 0.0001753 0.0001729 0.00013385 0.00016865 0.000171 0.0001811 0.0001867 0.00017905 0.0001805 0.00017055 0.0001814 0.00018045 0.00016595 0.0001685 0.00017225 0.00016405 0.000175 0.0001726 0.00018805 0.0001713 0.00017585 0.0001638 0.00017595 0.0001811 0.0001868 0.00017645 0.0001794 0.0001723 0.00017255 0.00017965 0.00016825 0.000171 0.00017735 0.0001874 0.00017525 0.0001343 0.0001649 0.00017155 0.00017125 0.0001657 0.00017485 0.00017885 0.0001715 0.00018025 0.00016865 0.00017145 0.00017805 0.00016695 0.00017365 0.0001784 0.0001637 0.0001767 0.00016795 0.0001763 0.00017 0.0001752 0.0001704 0.00017185 0.0001752 0.00017825 0.0001698 0.00017195 0.00017715 0.00018505 0.00018315 0.00017915 0.00018595 0.00018325 0.0001688 0.0001708 0.00017125 0.0001822 0.0001731 0.0001733 0.00018565 0.0001661 0.0001778 0.00017705 0.00017905 0.0001866 0.00017585 0.0001773 0.0001808 0.00017205 0.0001793 0.00017335 0.0001734 0.00017995 0.0001852 0.00016735 0.0001773 0.0001771 0.000178 0.0001694 0.00017915 0.00017075 0.00017165 0.00018525
8 0.0001601 0.00017985 0.00018185 0.00017315 0.00018925 0.00018115 0.00017645 0.0001867 0.000183 0.0001799 0.0001699 0.0001729 0.0001802 0.0001764 0.00015735 0.00017065 0.00016605 0.0001697 0.00017305 0.0001744 0.00016905 0.0001792 0.0001759 0.00018865 0.000178 0.00017545 0.00018735 0.00016765 0.000169 0.0001762 0.00017475 0.0001731 0.0001706 0.00017675 0.00017785 0.0001769 0.0001736 0.00017735 0.0001752 0.0001787 0.0001734 0.000177 0.0001754 0.0001779 0.0001734 0.00016415 0.00017775 0.0001705 0.00017065 0.0001714 0.00017625 0.0001625 0.00016825 0.00017985 0.00017005 0.0001719 0.00017825 0.00015985 0.0001632 0.00016915 0.0001699 0.0001836 0.00016915 0.00016705 0.00017265 0.00018355 0.00017145 0.00017265 0.0001648 0.00016455 0.000173 0.0001641 0.00017225 0.0001715 0.00017155 0.00016355 0.0001814 0.0001779 0.0001671 0.00017445 0.0001796 0.0001719 0.00016765 0.00017145 0.0001725 0.00016505 0.0001711 0.0001769 0.0001731 0.0001718 0.0001763 0.0001711 0.0001648 0.00017605 0.0001725 0.0001802 0.0001767 0.00017475 0.00017575 0.0001738
9 0.00016335 0.00017075 0.00017595 0.0001648 0.00017975 0.0001612 0.00016095 0.00017905 0.0001799 0.000178 0.00017115 0.00016015 0.00018795 0.0001807 0.00016745 0.0001682 0.0001698 0.00017295 0.00016905 0.00017685 0.00017795 0.00016715 0.00017485 0.00017885 0.0001652 0.00017605 0.00016615 0.00018125 0.00017575 0.0001731 0.0001762 0.0001706 0.00017195 0.00016915 0.00017165 0.00017315 0.0001678 0.00018265 0.00017105 0.00017755 0.00017895 0.00016885 0.00017255 0.00016995 0.0001765 0.00017235 0.0001702 0.00015975 0.00017995 0.0001767 0.0001686 0.00017425 0.0001761 0.0001751 0.0001711 0.0001627 0.0001687 0.0001799 0.0001653 0.00017325 0.0001704 0.00016445 0.0001747 0.0001754 0.0001667 0.0001725 0.0001613 0.00016855 0.0001738 0.00017445 0.0001825 0.00017685 0.00016725 0.0001758 0.00017555 0.00017605 0.0001701 0.0001657 0.0001726 0.00016495 0.00018855 0.00017755 0.00016895 0.00017235 0.00017645 0.0001735 0.00018085 0.00017015 0.00016915 0.0001834 0.00017635 0.0001716 0.0001777 0.00017325 0.00018115 0.00017575 0.00015615 0.0001617 0.0001619 0.00017255
10 0.00016375 0.00018135 0.00017495 0.00017745 0.00015435 0.00017125 0.0001768 0.0001805 0.0001699 0.00017115 0.0001712 0.00018135 0.0001863 0.0001812 0.0001588 0.0001733 0.00016195 0.0001692 0.00017745 0.0001752 0.00018 0.0001786 0.00018555 0.0001834 0.000184 0.0001797 0.0001851 0.000188 0.0001767 0.000179 0.00017855 0.0001923 0.00017435 0.0001712 0.0001751 0.0001849 0.0001749 0.0001844 0.00017935 0.00018335 0.000179 0.0001718 0.0001875 0.0001794 0.00017815 0.0001785 0.000174 0.0001716 0.00017275 0.0001736 0.00018 0.00018325 0.0001791 0.0001782 0.0001798 0.0001769 0.00014225 0.00019115 0.00017045 0.0001789 0.0001712 0.00017515 0.00018055 0.00016665 0.00017475 0.000189 0.0001757 0.00017175 0.0001787 0.0001743 0.000186 0.00017535 0.0001642 0.00017645 0.0001734 0.00017955 0.00017835 0.0001783 0.000171 0.0001808 0.0001855 0.0001865 0.00018155 0.0001762 0.00018045 0.00017875 0.00018325 0.00017445 0.0001807 0.000185 0.0001806 0.00017995 0.00017245 0.00017565 0.0001775 0.00018465 0.00017925 0.00016705 0.0001611 0.00017755
11 0.0001688 0.00016845 0.0001776 0.00017145 0.00016945 0.00016635 0.0001719 0.00017055 0.0001729 0.00016015 0.00018135 0.0001677 0.0001842 0.00018075 0.0001721 0.00016945 0.0001788 0.00016025 0.00017145 0.0001762 0.0001646 0.00016265 0.0001839 0.00017655 0.000174 0.00017615 0.0001767 0.00016625 0.00017195 0.0001747 0.00017325 0.00017215 0.0001713 0.0001763 0.0001774 0.00017165 0.00018245 0.000163 0.000169 0.0001723 0.00017965 0.0001566 0.0001591 0.00016755 0.00016865 0.00016425 0.0001701 0.00015895 0.00017265 0.0001742 0.0001668 0.0001673 0.00017955 0.0001804 0.000172 0.0001726 0.000172 0.0001699 0.0001719 0.00016295 0.00017055 0.0001765 0.00017805 0.00017365 0.00017505 0.0001761 0.0001761 0.0001742 0.0001722 0.00017265 0.00016905 0.00017825 0.00016955 0.0001728 0.0001804 0.0001826 0.000174 0.00017285 0.00017445 0.00016445 0.00017635 0.00017425 0.00016755 0.00017585 0.0001797 0.0001735 0.00016765 0.0001811 0.00016445 0.0001747 0.0001738 0.0001683 0.00017415 0.0001754 0.0001666 0.00017755 0.00016935 0.0001757 0.00016965 0.0001625
12 0.0001765 0.00017515 0.000173 0.0001759 0.00018605 0.00017715 0.0001787 0.0001814 0.0001802 0.00018795 0.0001863 0.0001842 0.0001752 0.00017615 0.00017605 0.00017995 0.00017555 0.0001866 0.00017805 0.0001621 0.00017515 0.00017195 0.00018125 0.0001755 0.00018025 0.00017635 0.00017965 0.00016945 0.00017015 0.00016835 0.00017485 0.00018715 0.00017535 0.0001802 0.00017915 0.00013545 0.0001801 0.0001755 0.00017715 0.00016895 0.0001714 0.0001753 0.0001761 0.0001744 0.0001694 0.00016505 0.00018165 0.0001847 0.00017435 0.00018045 0.00017205 0.00016615 0.0001649 0.0001846 0.00018215 0.00017625 0.0001876 0.0001915 0.0001758 0.00017835 0.00018085 0.00018065 0.0001833 0.00017795 0.0001754 0.0001889 0.0001782 0.00017585 0.0001774 0.0001818 0.00019065 0.00017105 0.00017645 0.00017035 0.00017945 0.0001711 0.0001837 0.00018855 0.00018135 0.0001714 0.0001799 0.00019345 0.0001713 0.0001773 0.00017895 0.0001738 0.00017625 0.00018715 0.00018715 0.0001671 0.00017455 0.00017975 0.00016725 0.0001758 0.0001831 0.00018485 0.00018035 0.00017435 0.0001659 0.0001709
13 0.0001871 0.00018115 0.00018205 0.00017925 0.0001718 0.00017555 0.00018175 0.00018045 0.0001764 0.0001807 0.0001812 0.00018075 0.00017615 0.0001906 0.00017715 0.00018555 0.00018075 0.00016945 0.0001814 0.00018225 0.0001815 0.00017715 0.0001791 0.00018555 0.00017915 0.0001754 0.0001929 0.0001715 0.00017075 0.00016645 0.0001336 0.0001794 0.0001701 0.00018185 0.0001286 0.00017665 0.00018565 0.00016815 0.000172 0.0001779 0.0001806 0.00016015 0.0001779 0.00017345 0.00017365 0.0001732 0.0001733 0.00018025 0.0001796 0.00017525 0.0001837 0.000183 0.0001733 0.0001852 0.00018115 0.00018605 0.00017285 0.00017855 0.00017815 0.0001789 0.0001844 0.00018145 0.000177 0.0001729 0.0001756 0.00018285 0.00018865 0.00017975 0.00017945 0.0001786 0.0001698 0.0001816 0.00017585 0.00018835 0.0001701 0.00017765 0.00018545 0.0001825 0.0001725 0.00017285 0.00018905 0.00018255 0.0001748 0.000175 0.0001827 0.00017185 0.0001792 0.000176 0.00018465 0.0001582 0.00019065 0.00018415 0.0001794 0.00017245 0.00018605 0.0001807 0.00018735 0.00018375 0.00017265 0.0001761
14 0.0001668 0.0001631 0.00016915 0.0001773 0.00017715 0.00017305 0.0001694 0.00016595 0.00015735 0.00016745 0.0001588 0.0001721 0.00017605 0.00017715 0.000166 0.0001667 0.00016505 0.00016465 0.0001699 0.00015 0.00017055 0.0001594 0.0001659 0.0001746 0.0001695 0.0001706 0.00017295 0.00017375 0.00016675 0.00016575 0.0001699 0.0001656 0.00016575 0.0001552 0.00016765 0.00017425 0.00016405 0.00017035 0.00016315 0.000172 0.00017225 0.0001605 0.00016405 0.00015975 0.00016785 0.00016835 0.00015815 0.00015705 0.0001759 0.00015735 0.00016965 0.0001696 0.0001649 0.0001754 0.0001627 0.0001712 0.00016965 0.00017575 0.0001267 0.00016845 0.00016785 0.000169 0.0001647 0.0001709 0.0001772 0.00017875 0.00016785 0.00017165 0.00017345 0.0001721 0.00018115 0.0001668 0.00016255 0.0001664 0.00017005 0.00016955 0.0001811 0.00016655 0.0001702 0.0001723 0.0001798 0.00017085 0.00017005 0.00018025 0.00016575 0.0001684 0.00017475 0.0001783 0.000174 0.0001766 0.0001732 0.0001653 0.0001524 0.00017005 0.00017685 0.0001809 0.0001728 0.00014325 0.00016025 0.00016745
15 0.00016155 0.0001722 0.00017145 0.0001692 0.00017045 0.00014475 0.00016365 0.0001685 0.00017065 0.0001682 0.0001733 0.00016945 0.00017995 0.00018555 0.0001667 0.000162 0.0001746 0.00016885 0.00016565 0.00016825 0.00014635 0.0001682 0.00017215 0.00017465 0.000176 0.000173 0.00018615 0.00017775 0.00016775 0.0001784 0.00017345 0.0001758 0.0001625 0.00016375 0.000176 0.0001787 0.0001737 0.0001585 0.0001755 0.0001691 0.0001563 0.00016135 0.00016835 0.0001533 0.0001684 0.0001682 0.00017485 0.0001645 0.0001756 0.0001669 0.0001658 0.0001747 0.00016645 0.0001802 0.0001678 0.00016515 0.00014975 0.00018105 0.00016965 0.00013155 0.00016125 0.00017805 0.00017505 0.00016325 0.00017185 0.0001824 0.000166 0.00017635 0.00016665 0.0001701 0.0001834 0.00017715 0.000169 0.0001804 0.0001757 0.00017455 0.0001858 0.00017025 0.0001688 0.00016085 0.000193 0.00017895 0.00017375 0.00017685 0.0001695 0.0001758 0.0001728 0.0001726 0.00017695 0.0001764 0.0001738 0.000114 0.00017425 0.00016845 0.0001795 0.0001733 0.00016055 0.00017195 0.0001579 0.000168
16 0.0001591 0.0001749 0.0001741 0.0001597 0.0001752 0.00017065 0.0001657 0.00017225 0.00016605 0.0001698 0.00016195 0.0001788 0.00017555 0.00018075 0.00016505 0.0001746 0.0001303 0.0001792 0.00018 0.0001709 0.0001747 0.0001778 0.0001854 0.0001764 0.0001746 0.000174 0.0001721 0.0001735 0.00018255 0.0001752 0.0001751 0.0001818 0.00016465 0.0001628 0.00018115 0.0001695 0.0001589 0.00018195 0.00017175 0.00016155 0.0001745 0.0001697 0.0001854 0.0001806 0.00018185 0.00018065 0.00016785 0.0001601 0.00016875 0.0001687 0.0001838 0.0001663 0.00017095 0.00016605 0.0001698 0.00017745 0.0001674 0.00017135 0.00016085 0.000172 0.00015715 0.00017895 0.00017715 0.00016835 0.00015695 0.0001677 0.00017555 0.00016775 0.00016925 0.0001705 0.00018415 0.00017155 0.0001695 0.00016555 0.00018065 0.0001554 0.00016805 0.00017115 0.00016065 0.0001832 0.00016655 0.00017955 0.0001645 0.0001594 0.0001805 0.0001666 0.00017025 0.00016615 0.00016995 0.0001773 0.0001832 0.00017185 0.00016815 0.000168 0.0001828 0.0001769 0.0001742 0.0001659 0.00016635 0.00017405
17 0.00016815 0.0001725 0.00016795 0.0001672 0.000168 0.00016205 0.00016515 0.00016405 0.0001697 0.00017295 0.0001692 0.00016025 0.0001866 0.00016945 0.00016465 0.00016885 0.0001792 0.0001822 0.00017075 0.00017265 0.00016655 0.0001654 0.0001751 0.0001658 0.00017315 0.0001662 0.0001811 0.00017205 0.0001551 0.00017615 0.0001565 0.0001735 0.00015445 0.0001675 0.00017205 0.00018135 0.00017505 0.0001599 0.00016695 0.00017995 0.00017045 0.0001531 0.0001622 0.0001632 0.0001654 0.000168 0.00017 0.0001703 0.00016745 0.00015385 0.00016965 0.0001681 0.0001658 0.00017485 0.00016495 0.00016665 0.000172 0.00017525 0.00016605 0.00017105 0.0001672 0.0001705 0.0001686 0.0001676 0.00016735 0.00017645 0.00017445 0.00016305 0.0001678 0.00016655 0.0001364 0.0001758 0.0001669 0.0001791 0.0001708 0.00017265 0.00018 0.00017175 0.00015395 0.00015965 0.0001861 0.00017215 0.0001684 0.00016765 0.00017215 0.0001713 0.00016905 0.0001645 0.00017375 0.00016545 0.0001729 0.0001698 0.0001684 0.0001701 0.00017905 0.0001698 0.00017735 0.0001696 0.00016415 0.000174
18 0.00017655 0.00017315 0.00016505 0.000176 0.0001866 0.00017125 0.00016305 0.000175 0.00017305 0.00016905 0.00017745 0.00017145 0.00017805 0.0001814 0.0001699 0.00016565 0.00018 0.00017075 0.0001841 0.0001701 0.0001714 0.00016475 0.0001695 0.00017615 0.00017285 0.0001606 0.00018545 0.0001555 0.0001686 0.0001812 0.0001739 0.0001803 0.0001689 0.0001709 0.0001799 0.000182 0.0001791 0.0001751 0.0001736 0.000181 0.0001848 0.0001698 0.000164 0.00017295 0.0001678 0.0001741 0.0001778 0.00016715 0.00017395 0.0001642 0.0001658 0.00018185 0.0001677 0.00017585 0.0001685 0.00012715 0.0001766 0.0001784 0.0001797 0.0001369 0.0001812 0.0001801 0.00017345 0.0001668 0.0001653 0.00019085 0.00016945 0.0001706 0.00016235 0.00017635 0.0001775 0.00014585 0.00016725 0.0001848 0.0001769 0.0001822 0.0001865 0.00017625 0.00017125 0.00017405 0.00018725 0.00018025 0.0001693 0.0001779 0.0001749 0.00015695 0.00016585 0.0001766 0.00017635 0.00015825 0.000168 0.00016585 0.0001774 0.00016885 0.00017425 0.0001627 0.00016155 0.0001722 0.00018155 0.0001814
19 0.00016315 0.00016625 0.00017065 0.00017115 0.00017895 0.00017105 0.0001671 0.0001726 0.0001744 0.00017685 0.0001752 0.0001762 0.0001621 0.00018225 0.00015 0.00016825 0.0001709 0.00017265 0.0001701 0.0001914 0.0001749 0.00017 0.00017365 0.00018175 0.00017375 0.00018065 0.00016675 0.0001693 0.0001672 0.00017105 0.0001661 0.0001718 0.00016045 0.0001643 0.00018025 0.00017285 0.00017715 0.00017025 0.0001761 0.00016905 0.0001712 0.0001692 0.0001706 0.0001671 0.00016495 0.0001647 0.00017495 0.00017545 0.00017245 0.00017035 0.00016435 0.0001635 0.0001561 0.000176 0.00017635 0.00017355 0.0001826 0.00017275 0.00014605 0.0001644 0.0001702 0.00017365 0.00017905 0.00017185 0.00016255 0.00017035 0.0001681 0.00016935 0.0001732 0.00017025 0.0001803 0.000169 0.0001763 0.0001531 0.0001784 0.00016945 0.00017645 0.00017325 0.00017085 0.00016715 0.00017195 0.0001868 0.00016985 0.00017455 0.00017945 0.00017105 0.00017775 0.00017515 0.00017695 0.0001694 0.00017615 0.00016735 0.0001718 0.00016905 0.00017775 0.00017775 0.00017265 0.00016275 0.0001669 0.0001759
20 0.0001679 0.0001719 0.00016665 0.00016785 0.00018565 0.0001589 0.00018195 0.00018805 0.00016905 0.00017795 0.00018 0.0001646 0.00017515 0.0001815 0.00017055 0.00014635 0.0001747 0.00016655 0.0001714 0.0001749 0.0001564 0.00016555 0.0001775 0.00017495 0.00017465 0.00016935 0.000182 0.00017355 0.0001575 0.0001771 0.00017485 0.0001819 0.00017255 0.00017085 0.0001757 0.00017055 0.0001789 0.00017045 0.00017015 0.00017825 0.00016935 0.00017285 0.0001629 0.0001545 0.0001678 0.00015225 0.00017595 0.00017325 0.0001758 0.00016475 0.00017755 0.00015695 0.00017605 0.00017635 0.0001719 0.00017305 0.00015545 0.00017265 0.00016335 0.0001536 0.0001662 0.00017435 0.00017345 0.00017665 0.00016665 0.00017865 0.00018365 0.00016905 0.0001598 0.00017695 0.00017565 0.00017875 0.0001709 0.0001657 0.0001811 0.0001633 0.0001764 0.0001654 0.0001602 0.00017005 0.0001907 0.00017665 0.00017425 0.00017585 0.0001727 0.00017645 0.00016735 0.0001727 0.0001719 0.0001724 0.00017835 0.0001459 0.00017135 0.0001733 0.0001796 0.0001657 0.00018135 0.0001775 0.00016855 0.0001584
21 0.00017375 0.00014375 0.00016175 0.0001736 0.00017825 0.0001705 0.0001748 0.0001713 0.0001792 0.00016715 0.0001786 0.00016265 0.00017195 0.00017715 0.0001594 0.0001682 0.0001778 0.0001654 0.00016475 0.00017 0.00016555 0.0001715 0.0001653 0.0001667 0.0001732 0.0001717 0.00017805 0.00017575 0.0001631 0.0001682 0.00016415 0.0001784 0.00017085 0.0001692 0.0001759 0.0001787 0.00017955 0.0001693 0.00015955 0.00017045 0.0001767 0.0001575 0.00012315 0.000162 0.0001306 0.0001672 0.000138 0.0001685 0.00017245 0.00016715 0.00017485 0.0001646 0.0001741 0.0001721 0.00017645 0.0001673 0.00016865 0.0001727 0.0001648 0.00016875 0.00017885 0.0001678 0.00018145 0.00017335 0.00017215 0.00018065 0.00017375 0.00017015 0.0001801 0.0001814 0.0001845 0.00016445 0.00015875 0.0001778 0.00017355 0.0001728 0.00017665 0.00017375 0.00017495 0.0001639 0.00018695 0.0001748 0.0001772 0.00018545 0.00017185 0.00016745 0.0001786 0.0001727 0.00017645 0.00017005 0.00017425 0.000171 0.000174 0.00016945 0.0001749 0.0001753 0.0001812 0.0001714 0.0001704 0.00017055
22 0.00018565 0.00018435 0.0001785 0.00018355 0.0001802 0.0001761 0.0001805 0.00017585 0.0001759 0.00017485 0.00018555 0.0001839 0.00018125 0.0001791 0.0001659 0.00017215 0.0001854 0.0001751 0.0001695 0.00017365 0.0001775 0.0001653 0.0001778 0.0001818 0.0001781 0.00016425 0.0001892 0.00018075 0.00017355 0.0001815 0.00017575 0.00013315 0.0001761 0.0001761 0.00018075 0.00018245 0.0001826 0.0001702 0.0001778 0.00017725 0.0001794 0.00017895 0.00015385 0.0001878 0.0001652 0.00017135 0.00018305 0.0001784 0.0001679 0.00017225 0.0001704 0.00018195 0.0001681 0.000136 0.00017565 0.0001703 0.00018005 0.00016775 0.00017735 0.00017615 0.0001736 0.00017885 0.00016135 0.00017245 0.0001861 0.00016585 0.0001832 0.0001742 0.00016705 0.00016255 0.00017095 0.00017765 0.00017695 0.00018355 0.0001391 0.0001785 0.0001802 0.0001786 0.00017285 0.0001823 0.00017945 0.00016915 0.0001669 0.00016185 0.0001749 0.00017495 0.00017205 0.00016055 0.0001481 0.0001772 0.00018135 0.0001827 0.0001843 0.00018005 0.00018135 0.0001765 0.00016685 0.00017415 0.00018375 0.00017245
23 0.00016655 0.0001657 0.00016665 0.00017035 0.00018 0.0001772 0.00016975 0.0001638 0.00018865 0.00017885 0.0001834 0.00017655 0.0001755 0.00018555 0.0001746 0.00017465 0.0001764 0.0001658 0.00017615 0.00018175 0.00017495 0.0001667 0.0001818 0.000179 0.00016415 0.0001668 0.00017955 0.00018205 0.0001745 0.00017285 0.00017475 0.00018205 0.0001538 0.0001717 0.00018 0.00018515 0.00017705 0.0001737 0.0001634 0.00016995 0.0001798 0.00016045 0.00017815 0.0001625 0.0001741 0.00017975 0.00017675 0.00017395 0.0001679 0.0001689 0.00017575 0.0001738 0.0001677 0.0001812 0.0001696 0.00017335 0.0001774 0.00018025 0.00016895 0.0001797 0.0001817 0.0001752 0.00017165 0.0001817 0.0001761 0.000182 0.00017585 0.0001702 0.00018485 0.0001803 0.00018225 0.0001699 0.00017985 0.0001805 0.0001859 0.00017895 0.00017975 0.0001746 0.000169 0.00016585 0.0001753 0.0001797 0.00018115 0.0001801 0.00017725 0.0001682 0.00017995 0.0001757 0.00018735 0.000173 0.00017865 0.0001728 0.00017555 0.0001794 0.0001838 0.00017345 0.00018 0.00016455 0.00016705 0.00017235
24 0.00016995 0.0001359 0.00017135 0.0001715 0.0001853 0.0001664 0.00016775 0.00017595 0.000178 0.0001652 0.000184 0.000174 0.00018025 0.00017915 0.0001695 0.000176 0.0001746 0.00017315 0.00017285 0.00017375 0.00017465 0.0001732 0.0001781 0.00016415 0.0001953 0.00017145 0.000174 0.0001746 0.0001717 0.00017115 0.0001692 0.00017075 0.00015725 0.0001742 0.00017515 0.0001794 0.0001749 0.00018385 0.0001677 0.00016775 0.0001802 0.00016075 0.0001702 0.00016735 0.0001765 0.00016325 0.0001794 0.0001721 0.0001741 0.00017735 0.0001711 0.0001734 0.0001708 0.000178 0.0001688 0.0001703 0.000179 0.0001719 0.00017065 0.00017305 0.0001725 0.0001803 0.00017135 0.00017345 0.00016445 0.0001733 0.000172 0.00016255 0.00017135 0.00017595 0.0001766 0.00017365 0.0001712 0.0001781 0.00017545 0.00017795 0.0001709 0.0001693 0.00016955 0.0001705 0.00017865 0.00017605 0.0001711 0.0001706 0.0001788 0.00016815 0.00017155 0.00016775 0.00017565 0.00017315 0.00018045 0.0001574 0.00017915 0.0001794 0.00018295 0.0001792 0.0001679 0.00015325 0.0001576 0.0001713
25 0.0001797 0.00017315 0.00015265 0.0001752 0.0001823 0.00017345 0.000172 0.0001811 0.00017545 0.00017605 0.0001797 0.00017615 0.00017635 0.0001754 0.0001706 0.000173 0.000174 0.0001662 0.0001606 0.00018065 0.00016935 0.0001717 0.00016425 0.0001668 0.00017145 0.0001586 0.0001878 0.0001631 0.00017455 0.0001656 0.0001761 0.00017585 0.0001763 0.0001681 0.00016825 0.0001759 0.0001811 0.0001679 0.00016845 0.00016375 0.0001868 0.0001673 0.0001583 0.0001587 0.0001715 0.00017185 0.00018055 0.0001758 0.0001354 0.00017365 0.00017215 0.00017195 0.0001778 0.0001684 0.00017085 0.0001597 0.00017665 0.0001822 0.00017425 0.00016415 0.0001735 0.0001726 0.0001775 0.0001763 0.0001772 0.00018055 0.00017885 0.00017795 0.000155 0.000128 0.00017465 0.00016025 0.00017505 0.00019065 0.0001618 0.00018075 0.00017945 0.00017505 0.00017465 0.0001756 0.00018755 0.00017345 0.00016665 0.00016085 0.00017805 0.00016345 0.00015955 0.0001725 0.00017005 0.0001666 0.00015445 0.0001721 0.00016805 0.00016745 0.00017335 0.00018115 0.00016825 0.00017145 0.0001542 0.00017705
26 0.000169 0.00017455 0.0001754 0.00018555 0.00018835 0.00018225 0.00016795 0.0001868 0.00018735 0.00016615 0.0001851 0.0001767 0.00017965 0.0001929 0.00017295 0.00018615 0.0001721 0.0001811 0.00018545 0.00016675 0.000182 0.00017805 0.0001892 0.00017955 0.000174 0.0001878 0.0001702 0.0001741 0.000183 0.00018615 0.00017755 0.0001841 0.00017275 0.0001733 0.0001871 0.0001767 0.0001495 0.0001852 0.0001837 0.00018595 0.00019115 0.00017185 0.00017415 0.0001724 0.00017885 0.0001771 0.00018685 0.00016415 0.00017745 0.0001798 0.000175 0.0001407 0.0001785 0.00017435 0.0001751 0.0001773 0.00018735 0.0001862 0.0001724 0.0001759 0.00017385 0.00018 0.00018065 0.0001888 0.000165 0.0001481 0.0001736 0.0001601 0.0001812 0.00018175 0.0001838 0.0001786 0.00017225 0.00016465 0.00018565 0.00018425 0.00017205 0.00017795 0.00017765 0.0001788 0.00017515 0.000172 0.00016165 0.00018215 0.00018205 0.0001732 0.00017015 0.0001721 0.00017905 0.00018695 0.00017455 0.0001825 0.0001771 0.00017765 0.00018435 0.00017865 0.00016695 0.0001615 0.00016865 0.00017645
27 0.00017455 0.0001738 0.0001739 0.0001677 0.0001719 0.00017645 0.00017915 0.00017645 0.00016765 0.00018125 0.000188 0.00016625 0.00016945 0.0001715 0.00017375 0.00017775 0.0001735 0.00017205 0.0001555 0.0001693 0.00017355 0.00017575 0.00018075 0.00018205 0.0001746 0.0001631 0.0001741 0.0001595 0.00017185 0.00016495 0.00015895 0.0001764 0.0001712 0.00017125 0.00017495 0.00017125 0.00016985 0.0001658 0.0001725 0.0001609 0.000169 0.0001683 0.0001638 0.00016615 0.0001712 0.00016345 0.00017745 0.00015635 0.00016855 0.0001654 0.0001616 0.0001714 0.00017435 0.0001815 0.00016975 0.0001762 0.00017725 0.00017935 0.00017775 0.00012805 0.00017905 0.0001799 0.0001828 0.0001701 0.0001739 0.0001804 0.00016265 0.0001685 0.00016565 0.0001727 0.0001741 0.00016975 0.00017685 0.0001702 0.0001745 0.0001778 0.0001764 0.00017275 0.0001762 0.00016105 0.00018125 0.00018085 0.0001652 0.0001744 0.0001681 0.0001719 0.00015445 0.0001828 0.0001812 0.00014125 0.0001703 0.00017375 0.0001674 0.00017095 0.000171 0.0001754 0.00017525 0.00017915 0.0001874 0.00017115
28 0.000164 0.00016445 0.00015985 0.00016295 0.0001811 0.0001616 0.0001672 0.0001794 0.000169 0.00017575 0.0001767 0.00017195 0.00017015 0.00017075 0.00016675 0.00016775 0.00018255 0.0001551 0.0001686 0.0001672 0.0001575 0.0001631 0.00017355 0.0001745 0.0001717 0.00017455 0.000183 0.00017185 0.0001749 0.0001683 0.0001621 0.00016265 0.00016295 0.0001743 0.00017105 0.0001686 0.00017325 0.0001739 0.00016375 0.00016305 0.0001717 0.00016015 0.00016085 0.00016405 0.0001581 0.0001241 0.0001742 0.00016115 0.0001734 0.00013465 0.0001705 0.0001675 0.00016525 0.0001756 0.0001735 0.00017135 0.00017325 0.00016935 0.0001648 0.00017355 0.0001729 0.0001698 0.0001753 0.0001563 0.0001694 0.00017535 0.0001704 0.00016805 0.00015685 0.0001687 0.0001761 0.00017445 0.0001706 0.0001734 0.0001651 0.00016415 0.0001674 0.000178 0.00012335 0.00015725 0.00018085 0.0001676 0.00016995 0.0001648 0.00016805 0.0001702 0.00016465 0.000175 0.00017685 0.00016845 0.0001687 0.0001676 0.00016625 0.00016975 0.00017265 0.00016755 0.00017475 0.0001722 0.00016595 0.0001673
29 0.0001751 0.0001697 0.00016885 0.0001634 0.00017075 0.0001739 0.0001694 0.0001723 0.0001762 0.0001731 0.000179 0.0001747 0.00016835 0.00016645 0.00016575 0.0001784 0.0001752 0.00017615 0.0001812 0.00017105 0.0001771 0.0001682 0.0001815 0.00017285 0.00017115 0.0001656 0.00018615 0.00016495 0.0001683 0.0001748 0.00016255 0.0001878 0.0001681 0.00017265 0.00013215 0.00017405 0.0001782 0.000167 0.0001689 0.0001268 0.00017735 0.0001649 0.0001682 0.00014215 0.00017285 0.0001719 0.00017415 0.00017355 0.000177 0.0001622 0.0001829 0.000171 0.00017355 0.00018185 0.00017405 0.00018055 0.00017555 0.00018625 0.00016505 0.00017755 0.00017935 0.00017 0.00017465 0.00017455 0.00017425 0.0001842 0.00017515 0.00018155 0.00017485 0.0001766 0.00018245 0.00017415 0.0001769 0.00018045 0.0001791 0.00017045 0.00018215 0.00017305 0.00017225 0.00017175 0.00018955 0.00018475 0.00017125 0.00017845 0.0001799 0.0001741 0.00017595 0.0001783 0.0001788 0.00016925 0.000184 0.0001791 0.00017935 0.0001752 0.00017865 0.0001813 0.00017515 0.000177 0.0001607 0.000174
30 0.00017735 0.0001653 0.0001743 0.00017865 0.00017165 0.00017195 0.00016905 0.00017255 0.00017475 0.0001762 0.00017855 0.00017325 0.00017485 0.0001336 0.0001699 0.00017345 0.0001751 0.0001565 0.0001739 0.0001661 0.00017485 0.00016415 0.00017575 0.00017475 0.0001692 0.0001761 0.00017755 0.00015895 0.0001621 0.00016255 0.0001648 0.0001701 0.0001416 0.00017825 0.00016835 0.0001731 0.00017485 0.0001711 0.00017225 0.00017115 0.0001702 0.0001468 0.00016545 0.000154 0.00016785 0.0001655 0.000165 0.00015855 0.0001722 0.00016535 0.0001722 0.0001714 0.0001645 0.0001853 0.0001666 0.0001758 0.0001765 0.00018525 0.00017005 0.0001675 0.0001716 0.00017025 0.0001707 0.00017095 0.00016305 0.00016875 0.000181 0.0001688 0.00017545 0.00017495 0.0001611 0.00017565 0.00013995 0.00017805 0.00017785 0.00017145 0.00018585 0.00018185 0.0001706 0.00015925 0.00018355 0.00018095 0.00016925 0.00017775 0.00017195 0.0001754 0.0001678 0.0001656 0.00018205 0.00014565 0.0001871 0.00017475 0.0001702 0.0001667 0.00017895 0.00017115 0.00017955 0.00016305 0.00016625 0.00017775
31 0.00017455 0.00018165 0.0001785 0.00017115 0.0001819 0.0001725 0.000175 0.00017965 0.0001731 0.0001706 0.0001923 0.00017215 0.00018715 0.0001794 0.0001656 0.0001758 0.0001818 0.0001735 0.0001803 0.0001718 0.0001819 0.0001784 0.00013315 0.00018205 0.00017075 0.00017585 0.0001841 0.0001764 0.00016265 0.0001878 0.0001701 0.0001264 0.0001714 0.00017215 0.00017685 0.00017785 0.00017435 0.00018115 0.00016975 0.0001844 0.00017895 0.0001718 0.0001687 0.00018245 0.0001776 0.0001568 0.0001832 0.0001671 0.0001712 0.0001673 0.0001728 0.0001736 0.000177 0.0001828 0.0001694 0.0001732 0.00017925 0.0001707 0.0001663 0.00018315 0.00017825 0.0001885 0.0001688 0.00015775 0.0001806 0.00015755 0.0001778 0.00016705 0.00017895 0.00017335 0.0001864 0.00017165 0.00017125 0.0001789 0.00016025 0.00018465 0.0001729 0.00018195 0.000166 0.0001734 0.00016205 0.0001705 0.000158 0.0001633 0.00017405 0.00016605 0.0001819 0.00018185 0.0001743 0.0001713 0.00017975 0.00018085 0.0001781 0.00018395 0.0001694 0.00018715 0.0001766 0.0001708 0.0001743 0.00017095
32 0.0001573 0.0001573 0.00017415 0.0001665 0.0001746 0.00016565 0.0001573 0.00016825 0.0001706 0.00017195 0.00017435 0.0001713 0.00017535 0.0001701 0.00016575 0.0001625 0.00016465 0.00015445 0.0001689 0.00016045 0.00017255 0.00017085 0.0001761 0.0001538 0.00015725 0.0001763 0.00017275 0.0001712 0.00016295 0.0001681 0.0001416 0.0001714 0.0001594 0.0001711 0.0001733 0.00017775 0.0001739 0.0001718 0.00016005 0.0001579 0.0001657 0.0001393 0.00017095 0.0001572 0.00017275 0.00016995 0.0001642 0.00016115 0.000171 0.0001588 0.0001661 0.0001699 0.00011805 0.00017745 0.00013025 0.00016415 0.000179 0.00017985 0.00016185 0.00016675 0.0001628 0.00017015 0.000134 0.00017105 0.0001577 0.00017455 0.00016745 0.0001615 0.0001712 0.0001632 0.00016085 0.00017435 0.00015515 0.00017295 0.0001754 0.00017075 0.00017895 0.00017175 0.000156 0.00015305 0.000181 0.0001704 0.0001689 0.00016345 0.00016415 0.00017205 0.00017215 0.0001578 0.0001768 0.0001629 0.0001773 0.00016225 0.00017155 0.0001581 0.0001818 0.00017495 0.00016355 0.00015705 0.0001581 0.00017075
33 0.00017165 0.0001741 0.00016615 0.00016365 0.0001719 0.00017 0.00016585 0.000171 0.00017675 0.00016915 0.0001712 0.0001763 0.0001802 0.00018185 0.0001552 0.00016375 0.0001628 0.0001675 0.0001709 0.0001643 0.00017085 0.0001692 0.0001761 0.0001717 0.0001742 0.0001681 0.0001733 0.00017125 0.0001743 0.00017265 0.00017825 0.00017215 0.0001711 0.000179 0.00017325 0.00018275 0.0001718 0.0001719 0.00016655 0.0001706 0.00017605 0.0001622 0.00017145 0.0001713 0.0001749 0.0001725 0.00017355 0.00017325 0.00017345 0.0001626 0.00018165 0.0001703 0.00017685 0.0001775 0.00016885 0.0001666 0.0001681 0.0001807 0.0001612 0.00015895 0.00017885 0.0001789 0.0001784 0.00016935 0.0001742 0.0001741 0.0001725 0.00017215 0.0001759 0.0001724 0.00018485 0.00016785 0.0001653 0.0001801 0.0001734 0.0001769 0.000177 0.00016635 0.0001771 0.0001802 0.00017985 0.0001815 0.0001658 0.0001748 0.0001785 0.0001675 0.0001773 0.0001781 0.00017955 0.00017295 0.00018035 0.0001613 0.0001774 0.0001733 0.00017965 0.00017485 0.00017235 0.00016835 0.0001612 0.00017025
34 0.0001823 0.0001774 0.0001714 0.0001631 0.0001689 0.00017055 0.00017565 0.00017735 0.00017785 0.00017165 0.0001751 0.0001774 0.00017915 0.0001286 0.00016765 0.000176 0.00018115 0.00017205 0.0001799 0.00018025 0.0001757 0.0001759 0.00018075 0.00018 0.00017515 0.00016825 0.0001871 0.00017495 0.00017105 0.00013215 0.00016835 0.00017685 0.0001733 0.00017325 0.0001835 0.00017195 0.0001824 0.00017035 0.00016775 0.00017625 0.0001837 0.00015915 0.00017265 0.00014605 0.00017565 0.00017665 0.00017405 0.0001807 0.0001796 0.0001653 0.0001849 0.00017475 0.0001722 0.00018385 0.00017585 0.00018095 0.00016805 0.0001838 0.00016945 0.00017765 0.00017925 0.00017125 0.00017395 0.00017225 0.00017715 0.00018485 0.0001803 0.00017925 0.00017745 0.0001768 0.00018225 0.00017685 0.00017245 0.0001893 0.00017055 0.00017575 0.0001839 0.0001801 0.0001707 0.0001746 0.00018885 0.0001795 0.0001757 0.00017725 0.000184 0.00016965 0.00018245 0.00017645 0.00017885 0.00017505 0.0001891 0.00017775 0.0001829 0.0001718 0.0001819 0.0001798 0.00018345 0.0001808 0.00016205 0.00017205
35 0.0001786 0.00017775 0.00018235 0.000183 0.0001846 0.0001748 0.00017545 0.0001874 0.0001769 0.00017315 0.0001849 0.00017165 0.00013545 0.00017665 0.00017425 0.0001787 0.0001695 0.00018135 0.000182 0.00017285 0.00017055 0.0001787 0.00018245 0.00018515 0.0001794 0.0001759 0.0001767 0.00017125 0.0001686 0.00017405 0.0001731 0.00017785 0.00017775 0.00018275 0.00017195 0.0001774 0.0001781 0.00017525 0.0001801 0.0001774 0.0001818 0.00016715 0.0001716 0.00017025 0.0001775 0.00016145 0.00018685 0.00017785 0.00018165 0.00017785 0.0001698 0.0001641 0.0001754 0.00017875 0.0001779 0.0001771 0.00018435 0.0001744 0.00017075 0.00017885 0.00017275 0.00017675 0.0001795 0.00017275 0.00017065 0.0001781 0.0001818 0.000178 0.00017665 0.0001812 0.00018575 0.0001707 0.00017405 0.00017095 0.00017715 0.00017225 0.00017525 0.0001881 0.0001774 0.0001735 0.0001748 0.0001853 0.00017595 0.00017835 0.00017765 0.00017105 0.00017715 0.00017945 0.0001758 0.00016915 0.0001842 0.00018435 0.00017335 0.00017515 0.00017985 0.0001795 0.0001876 0.0001729 0.00015685 0.00017845
