 slim_761971997 slim_761972028 slim_761971993 slim_761971988 slim_761971985 slim_761972024 slim_761971976 slim_761972017 slim_761972007 slim_761971990 slim_761972021 slim_761971974 slim_761971973 slim_761972016 slim_761972003 slim_761971999 slim_761971987 slim_761972015 slim_761971984 slim_761971986 slim_761972025 slim_761972014 slim_761972001 slim_761971975 slim_761971978 slim_761971994 slim_761972029 slim_761972032 slim_761972027 slim_761972004 slim_761972008 slim_761972011 slim_761971981 slim_761971996 slim_761972000 slim_761971972 slim_761972019 slim_761972026 slim_761972030 slim_761972018 slim_761971983 slim_761971980 slim_761972033 slim_761971971 slim_761972022 slim_761972023 slim_761971982 slim_761972005 slim_761972012 slim_761972031 slim_761972002 slim_761972034 slim_761971995 slim_761972013 slim_761972006 slim_761972020 slim_761972009 slim_761972010 slim_761971977 slim_761972035 slim_761971992 slim_761971991 slim_761971979 slim_761971998 slim_761971989
0 0.0001388 8.165e-05 8.345e-05 0.00010575 0.0001157 7.86e-05 0.0001004 0.0001057 0.0001033 0.0001115 0.00010095 8.7e-05 0.00010945 0.0001004 0.00010325 9.21e-05 8.345e-05 0.00010185 0.0001062 0.00010175 8.61e-05 8.77e-05 0.0001108 9.645e-05 0.0001088 0.0001151 0.00010195 9.615e-05 9.45e-05 0.00011475 0.00010025 9.535e-05 0.0001098 7.59e-05 9.17e-05 0.00011945 9.905e-05 0.0001038 9.855e-05 0.0001288 0.0001061 7.98e-05 0.0001176 6.96e-05 9.69e-05 9.89e-05 0.00010955 0.00010175 0.0001029 9.57e-05 9.345e-05 0.0001094 9.53e-05 7.595e-05 9.76e-05 0.00010855 0.00012675 0.00012975 0.00011485 9e-05 0.0001061 8.175e-05 0.0001067 9.45e-05 9.755e-05
1 8.165e-05 0.0001201 9.565e-05 0.0001232 0.0001159 6.96e-05 0.00011295 9.855e-05 0.00012 0.000141 0.0001025 8.845e-05 0.00012565 7.26e-05 0.00011995 7.085e-05 9.565e-05 0.0001356 0.0001063 0.0001355 7.05e-05 9.99e-05 0.0001099 9.79e-05 0.00011675 0.00011065 0.0001019 7.42e-05 0.00010515 8.14e-05 0.00011695 0.0001272 8.71e-05 9.705e-05 0.00011105 0.0001447 0.00011135 0.00010975 8.61e-05 0.0001262 0.0001063 9.435e-05 0.0001159 6.495e-05 8.165e-05 8.365e-05 9.665e-05 0.00010965 0.0001109 9.565e-05 0.0001144 0.000117 0.00011155 7.55e-05 8.71e-05 0.00013805 0.0001255 0.0001257 0.00011655 8.175e-05 0.0001063 6.02e-05 0.00010245 0.0001048 0.0001313
2 8.345e-05 9.565e-05 0.0001279 8.29e-05 0.0001035 7.34e-05 7.33e-05 8.12e-05 0.0001188 9.38e-05 9.635e-05 7.385e-05 9.725e-05 0.00010305 0.00011875 7.845e-05 6.43e-05 7.025e-05 7.85e-05 7.025e-05 7.075e-05 7.04e-05 0.00010305 9.715e-05 9.6e-05 0.00012995 0.00011365 7.675e-05 7.54e-05 9.29e-05 0.00011485 6.895e-05 0.0001295 9e-05 9.175e-05 0.0001157 9.875e-05 7.04e-05 8.52e-05 0.00012595 7.845e-05 6.435e-05 0.00010565 6.465e-05 8.08e-05 7.95e-05 8.795e-05 8.235e-05 0.00010365 9.54e-05 9.51e-05 0.0001005 0.0001163 7.11e-05 9.84e-05 8.99e-05 0.00012935 0.00013325 9.795e-05 0.000104 7.84e-05 9.575e-05 0.0001213 9.015e-05 6.415e-05
3 0.00010575 0.0001232 8.29e-05 0.0001134 9.495e-05 0.00011335 8.15e-05 7.93e-05 0.00011475 8.33e-05 0.00011415 9e-05 8.865e-05 0.00011255 0.0001147 0.00010025 8.295e-05 5.705e-05 7.42e-05 5.7e-05 0.00010015 8.305e-05 0.0001004 0.00011205 9.605e-05 0.00011095 0.0001154 0.00010465 8.92e-05 9.145e-05 0.00011295 5.88e-05 0.0001255 0.0001032 8.62e-05 0.00010635 8.63e-05 7.21e-05 9.765e-05 0.00012345 7.41e-05 8.495e-05 9.685e-05 0.0001092 0.00010285 0.00010255 8.11e-05 9.135e-05 0.00010945 9.71e-05 8.825e-05 0.00010505 0.00011135 0.00010645 0.0001113 8.165e-05 0.00011965 0.0001215 9.485e-05 0.00012285 7.41e-05 0.0001233 0.0001219 0.00010775 5.685e-05
4 0.0001157 0.0001159 0.0001035 9.495e-05 0.0001417 0.0001246 8.765e-05 7.3e-05 9.225e-05 8.015e-05 0.0001011 0.00010215 7.105e-05 8.325e-05 9.22e-05 9.84e-05 0.00010365 7.125e-05 7.115e-05 7.105e-05 0.00010535 0.00010385 0.00010375 0.0001087 0.0001105 0.00013705 9.385e-05 8.5e-05 9.305e-05 7.11e-05 9.835e-05 7.22e-05 9.785e-05 9.825e-05 8.43e-05 0.0001015 9.795e-05 7.1e-05 8.63e-05 9.535e-05 7.105e-05 0.00010195 7.21e-05 0.00012955 9.21e-05 9.18e-05 7.29e-05 0.00010285 9.475e-05 8.32e-05 8.315e-05 8.695e-05 8.29e-05 0.000119 0.0001184 8.635e-05 8.63e-05 8.01e-05 8.465e-05 0.0001183 7.105e-05 0.000116 9.845e-05 0.0001155 7.11e-05
5 7.86e-05 6.96e-05 7.34e-05 0.00011335 0.0001246 6.12e-05 8.12e-05 9.355e-05 0.00014 0.000136 9.635e-05 6.84e-05 0.0001309 9.715e-05 0.00013995 6.33e-05 7.34e-05 0.00012055 0.00010605 0.00012045 5.505e-05 7.765e-05 0.0001001 8.4e-05 0.00011125 0.0001267 0.0001282 6.28e-05 7.345e-05 9.575e-05 0.00013955 0.0001148 0.00011845 9.15e-05 0.00011685 0.00015495 0.000117 0.0001014 7.605e-05 0.00014055 0.00010595 7.21e-05 0.0001246 3.55e-05 5.775e-05 5.86e-05 9.85e-05 7.845e-05 9.45e-05 0.0001124 0.00012435 0.00011155 0.000136 4.36e-05 7.955e-05 0.00013565 0.0001433 0.00014445 0.00012065 8.32e-05 0.00010595 6.97e-05 0.0001318 9.52e-05 0.00011625
6 0.0001004 0.00011295 7.33e-05 8.15e-05 8.765e-05 8.12e-05 8.87e-05 5.655e-05 0.0001104 7.775e-05 8.485e-05 7.415e-05 8.435e-05 9.185e-05 0.00011035 8.29e-05 7.345e-05 5.26e-05 5.935e-05 5.24e-05 8.395e-05 8.15e-05 0.00010445 0.00010095 9.93e-05 0.00013525 0.0001021 6.565e-05 5.335e-05 7.4e-05 0.00010295 4.835e-05 0.0001088 8.04e-05 7.43e-05 9.61e-05 8.785e-05 5.12e-05 6.825e-05 0.0001102 5.925e-05 7.385e-05 8.89e-05 9.565e-05 6.06e-05 5.88e-05 6.33e-05 6.365e-05 8.445e-05 8.395e-05 8.505e-05 8.755e-05 0.0001111 8.255e-05 9.84e-05 7.04e-05 0.00011005 0.000121 8.055e-05 0.00010735 5.925e-05 0.00011305 0.00010975 9.585e-05 4.46e-05
7 0.0001057 9.855e-05 8.12e-05 7.93e-05 7.3e-05 9.355e-05 5.655e-05 4.13e-05 0.00011825 8.84e-05 8.735e-05 6.45e-05 8.565e-05 5.36e-05 0.0001182 6.68e-05 8.12e-05 5.99e-05 4.155e-05 5.98e-05 7.23e-05 8.915e-05 9.015e-05 9.57e-05 0.0001036 0.00012875 8.97e-05 4.475e-05 6.23e-05 3.11e-05 0.0001108 4.795e-05 8.335e-05 8.185e-05 6.515e-05 0.0001101 8.32e-05 3.92e-05 4.695e-05 0.00010495 4.145e-05 8.385e-05 7.11e-05 0.00010835 4.91e-05 5.15e-05 2.585e-05 7.505e-05 7.3e-05 6.92e-05 8.955e-05 8.565e-05 0.00011005 8.67e-05 9.535e-05 8.105e-05 0.0001022 0.0001096 7.19e-05 0.0001033 4.145e-05 9.865e-05 9.835e-05 0.0001092 5.19e-05
8 0.0001033 0.00012 0.0001188 0.00011475 9.225e-05 0.00014 0.0001104 0.00011825 9.16e-05 6.585e-05 9.45e-05 0.00012535 7.635e-05 0.00010705 4.58e-05 0.00012855 0.00011905 8.425e-05 0.0001008 8.415e-05 0.00013775 0.0001173 0.0001186 0.0001114 0.00010735 0.0001229 8.11e-05 0.00012755 0.0001099 0.00011575 5.285e-05 8.635e-05 9.695e-05 8.38e-05 8.355e-05 5.985e-05 0.0001 0.00010675 0.00011445 7.37e-05 0.0001008 0.0001112 9.535e-05 0.0001406 0.00012675 0.00012765 0.0001129 0.00012235 9.775e-05 8.685e-05 6.405e-05 7.845e-05 6.05e-05 0.00013265 0.0001291 7.295e-05 7.655e-05 7.225e-05 9.05e-05 0.0001134 0.0001008 0.0001201 7.385e-05 0.0001002 8.595e-05
9 0.0001115 0.000141 9.38e-05 8.33e-05 8.015e-05 0.000136 7.775e-05 8.84e-05 6.585e-05 7.96e-05 8.86e-05 0.0001067 6.425e-05 0.00011685 6.58e-05 0.000122 9.41e-05 4.015e-05 7.33e-05 4.01e-05 0.0001235 9.42e-05 0.00010535 0.0001066 9.3e-05 0.0001339 9.305e-05 0.0001095 8.5e-05 0.00010665 7.195e-05 4.715e-05 0.0001254 8.515e-05 7.265e-05 5.205e-05 9.145e-05 6.765e-05 0.00010105 7.375e-05 7.325e-05 8.995e-05 8.325e-05 0.0001366 0.000112 0.0001096 9.17e-05 9.75e-05 8.61e-05 8.685e-05 6.595e-05 6.795e-05 8.155e-05 0.00012185 0.0001326 4.605e-05 8.35e-05 8.01e-05 7.22e-05 0.00013015 7.325e-05 0.0001411 9.295e-05 9.43e-05 3.995e-05
10 0.00010095 0.0001025 9.635e-05 0.00011415 0.0001011 9.635e-05 8.485e-05 8.735e-05 9.45e-05 8.86e-05 0.0001441 9.495e-05 0.0001012 9.14e-05 9.445e-05 9.33e-05 9.66e-05 8.905e-05 8.705e-05 8.895e-05 9.665e-05 0.0001005 0.00011185 0.0001007 9.78e-05 0.00012165 8.87e-05 7.86e-05 8.6e-05 8.91e-05 8.45e-05 8.625e-05 0.00010495 8.435e-05 9.195e-05 7.22e-05 0.000105 8.5e-05 8.2e-05 8.215e-05 8.705e-05 9.315e-05 0.0001023 0.00010125 8.53e-05 8.47e-05 8.885e-05 9.57e-05 8.76e-05 9.095e-05 9.475e-05 8.85e-05 0.00010545 9.16e-05 0.00011065 7.86e-05 9.475e-05 0.0001047 8.255e-05 0.00010485 8.705e-05 0.0001026 8.455e-05 8.67e-05 8.51e-05
11 8.7e-05 8.845e-05 7.385e-05 9e-05 0.00010215 6.84e-05 7.415e-05 6.45e-05 0.00012535 0.0001067 9.495e-05 0.0001216 0.0001061 8.855e-05 0.0001253 7.125e-05 7.36e-05 8.55e-05 7.715e-05 8.54e-05 6.985e-05 7.97e-05 9.375e-05 8.42e-05 0.000103 0.0001256 0.0001123 6.745e-05 7.29e-05 7.485e-05 0.0001214 7.495e-05 0.0001116 8.36e-05 8.88e-05 0.00012625 9.865e-05 7.54e-05 6.795e-05 0.00012625 7.705e-05 7e-05 0.00010095 6.09e-05 6.85e-05 7.015e-05 6.78e-05 8.31e-05 8.44e-05 9.415e-05 0.00010395 0.00010165 0.0001194 6.46e-05 9.115e-05 0.00010285 0.00012565 0.0001296 0.0001006 9.325e-05 7.705e-05 8.855e-05 0.00011765 9.36e-05 7.935e-05
12 0.00010945 0.00012565 9.725e-05 8.865e-05 7.105e-05 0.0001309 8.435e-05 8.565e-05 7.635e-05 6.425e-05 0.0001012 0.0001061 0.0001099 9.935e-05 7.63e-05 0.00010805 9.745e-05 5.535e-05 7.125e-05 5.52e-05 0.0001151 9.76e-05 0.00011005 0.00011265 0.00010425 0.0001455 9.38e-05 0.0001011 9.165e-05 8.72e-05 8.245e-05 5.825e-05 0.0001105 9.49e-05 8.1e-05 8.56e-05 9.68e-05 7.11e-05 9.895e-05 9.545e-05 7.115e-05 9.335e-05 7.42e-05 0.00012825 0.00010475 0.00010445 8.555e-05 0.0001016 0.00010395 8.33e-05 6.71e-05 8.36e-05 6.7e-05 0.0001253 0.0001247 7.045e-05 8.29e-05 8.025e-05 8.475e-05 0.00012225 7.115e-05 0.00012575 9.855e-05 0.0001069 5.505e-05
13 0.0001004 7.26e-05 0.00010305 0.00011255 8.325e-05 9.715e-05 9.185e-05 5.36e-05 0.00010705 0.00011685 9.14e-05 8.855e-05 9.935e-05 7.29e-05 0.000107 6.735e-05 0.0001033 0.00010415 6.72e-05 0.00010405 7.535e-05 0.0001094 0.0001087 0.0001058 0.0001174 0.0001162 7.585e-05 5.035e-05 9.105e-05 3.65e-05 0.0001005 9.435e-05 5.77e-05 9.18e-05 8.39e-05 0.0001227 9.24e-05 7.005e-05 6.395e-05 0.0001014 6.72e-05 0.00010225 8.255e-05 0.00010645 6.11e-05 6.385e-05 5.355e-05 9.81e-05 9.835e-05 6.725e-05 9.415e-05 9.75e-05 9.635e-05 0.0001 9.37e-05 0.0001104 9.855e-05 0.0001022 8.435e-05 8.83e-05 6.72e-05 7.27e-05 7.965e-05 0.00011455 9.8e-05
14 0.00010325 0.00011995 0.00011875 0.0001147 9.22e-05 0.00013995 0.00011035 0.0001182 4.58e-05 6.58e-05 9.445e-05 0.0001253 7.63e-05 0.000107 9.15e-05 0.0001285 0.000119 8.42e-05 0.00010075 8.41e-05 0.0001377 0.00011725 0.00011855 0.00011135 0.0001073 0.00012285 8.105e-05 0.0001275 0.00010985 0.0001157 5.28e-05 8.63e-05 9.69e-05 8.375e-05 8.35e-05 5.98e-05 9.995e-05 0.0001067 0.0001144 7.365e-05 0.00010075 0.00011115 9.53e-05 0.00014055 0.0001267 0.0001276 0.00011285 0.0001223 9.77e-05 8.68e-05 6.4e-05 7.845e-05 6.045e-05 0.0001326 0.00012905 7.29e-05 7.65e-05 7.22e-05 9.045e-05 0.00011335 0.00010075 0.00012005 7.38e-05 0.00010015 8.59e-05
15 9.21e-05 7.085e-05 7.845e-05 0.00010025 9.84e-05 6.33e-05 8.29e-05 6.68e-05 0.00012855 0.000122 9.33e-05 7.125e-05 0.00010805 6.735e-05 0.0001285 9.68e-05 7.865e-05 0.0001045 7.345e-05 0.00010435 5.745e-05 8.48e-05 9.965e-05 9.465e-05 0.0001044 0.0001237 0.0001086 5.2e-05 8.41e-05 4.845e-05 0.0001246 9.635e-05 9.615e-05 0.0001034 0.00010675 0.00013785 0.0001059 7.69e-05 6.505e-05 0.00012035 7.335e-05 7.965e-05 9.965e-05 6.11e-05 5.98e-05 6.145e-05 6.49e-05 8.74e-05 0.000105 9.045e-05 0.00011085 0.0001078 0.00012135 7.05e-05 8.45e-05 0.00011815 0.00012105 0.0001222 9.84e-05 9.1e-05 7.335e-05 7.095e-05 0.00011025 9.945e-05 9.835e-05
16 8.345e-05 9.565e-05 6.43e-05 8.295e-05 0.00010365 7.34e-05 7.345e-05 8.12e-05 0.00011905 9.41e-05 9.66e-05 7.36e-05 9.745e-05 0.0001033 0.000119 7.865e-05 0.0001284 7.06e-05 7.885e-05 7.04e-05 7.075e-05 7.04e-05 0.0001028 9.69e-05 9.6e-05 0.00012995 0.0001139 7.7e-05 7.535e-05 9.315e-05 0.0001151 6.89e-05 0.00012975 9e-05 9.165e-05 0.00011595 9.91e-05 7.07e-05 8.52e-05 0.0001262 7.875e-05 6.435e-05 0.0001056 6.44e-05 8.105e-05 7.975e-05 8.795e-05 8.26e-05 0.0001034 9.575e-05 9.535e-05 0.0001005 0.0001165 7.085e-05 9.84e-05 9.025e-05 0.00012955 0.0001335 9.82e-05 0.000104 7.875e-05 9.575e-05 0.00012155 9.015e-05 6.445e-05
17 0.00010185 0.0001356 7.025e-05 5.705e-05 7.125e-05 0.00012055 5.26e-05 5.99e-05 8.425e-05 4.015e-05 8.905e-05 8.55e-05 5.535e-05 0.00010415 8.42e-05 0.0001045 7.06e-05 1.65e-05 4.775e-05 8.35e-06 0.00010025 7.05e-05 0.0001018 0.00010865 8.785e-05 0.00014245 9.175e-05 8.6e-05 6.15e-05 8.71e-05 8.245e-05 1.825e-05 0.00012625 7.55e-05 5.55e-05 6.84e-05 7.6e-05 3.615e-05 8.355e-05 9.8e-05 4.77e-05 6.67e-05 7.435e-05 0.00012115 8.925e-05 8.61e-05 6.845e-05 7.4e-05 8.815e-05 7.335e-05 5.25e-05 7.13e-05 8.65e-05 0.0001064 0.0001234 3.84e-05 9.855e-05 0.00010305 6.39e-05 0.00012475 4.765e-05 0.0001357 0.00010345 9.475e-05 8.45e-06
18 0.0001062 0.0001063 7.85e-05 7.42e-05 7.115e-05 0.00010605 5.935e-05 4.155e-05 0.0001008 7.33e-05 8.705e-05 7.715e-05 7.125e-05 6.72e-05 0.00010075 7.345e-05 7.885e-05 4.775e-05 7.92e-05 4.775e-05 8.255e-05 8.68e-05 0.00010505 0.00010825 9.825e-05 0.0001321 8.775e-05 6.01e-05 6.82e-05 3.965e-05 9.335e-05 4.19e-05 9.16e-05 8.875e-05 6.855e-05 9.205e-05 8.2e-05 3.97e-05 6.13e-05 9.945e-05 3.965e-05 7.915e-05 7.235e-05 0.000111 6.745e-05 6.69e-05 4.145e-05 7.795e-05 9.43e-05 6.715e-05 7.51e-05 8.44e-05 9.85e-05 0.00010045 0.0001032 6.59e-05 9.74e-05 0.00010475 6.945e-05 0.0001087 3.96e-05 0.0001064 9.34e-05 0.0001015 3.98e-05
19 0.00010175 0.0001355 7.025e-05 5.7e-05 7.105e-05 0.00012045 5.24e-05 5.98e-05 8.415e-05 4.01e-05 8.895e-05 8.54e-05 5.52e-05 0.00010405 8.41e-05 0.00010435 7.04e-05 8.35e-06 4.775e-05 1.63e-05 0.00010015 7.04e-05 0.0001017 0.00010855 8.775e-05 0.00014235 9.165e-05 8.59e-05 6.135e-05 8.7e-05 8.235e-05 1.81e-05 0.00012615 7.54e-05 5.53e-05 6.83e-05 7.6e-05 3.61e-05 8.345e-05 9.79e-05 4.765e-05 6.66e-05 7.42e-05 0.00012105 8.915e-05 8.6e-05 6.835e-05 7.39e-05 8.805e-05 7.335e-05 5.24e-05 7.12e-05 8.635e-05 0.0001063 0.0001233 3.84e-05 9.84e-05 0.00010295 6.39e-05 0.00012465 4.765e-05 0.0001356 0.00010335 9.465e-05 8.4e-06
20 8.61e-05 7.05e-05 7.075e-05 0.00010015 0.00010535 5.505e-05 8.395e-05 7.23e-05 0.00013775 0.0001235 9.665e-05 6.985e-05 0.0001151 7.535e-05 0.0001377 5.745e-05 7.075e-05 0.00010025 8.255e-05 0.00010015 9.06e-05 7.5e-05 9.635e-05 9.105e-05 0.0001042 0.0001276 0.0001138 4.925e-05 8.01e-05 6.905e-05 0.0001359 9.855e-05 0.00011275 0.0001013 0.0001069 0.00014745 0.0001092 7.435e-05 7.25e-05 0.0001278 8.245e-05 6.955e-05 0.00010535 5.05e-05 5.95e-05 5.86e-05 7.91e-05 8.475e-05 0.00010385 9.565e-05 0.0001143 0.00010415 0.00013035 6.065e-05 8.77e-05 0.00012175 0.000134 0.000133 0.0001 9.21e-05 8.245e-05 7.06e-05 0.00012145 9.895e-05 9.595e-05
21 8.77e-05 9.99e-05 7.04e-05 8.305e-05 0.00010385 7.765e-05 8.15e-05 8.915e-05 0.0001173 9.42e-05 0.0001005 7.97e-05 9.76e-05 0.0001094 0.00011725 8.48e-05 7.04e-05 7.05e-05 8.68e-05 7.04e-05 7.5e-05 0.0001369 9.505e-05 9.515e-05 9.39e-05 0.00013385 0.0001178 8.31e-05 8.15e-05 0.0001011 0.000119 7.69e-05 0.00013585 9.425e-05 9.785e-05 0.0001195 0.0001052 7.865e-05 9.13e-05 0.0001241 8.67e-05 6.86e-05 0.00010575 6.865e-05 8.68e-05 8.585e-05 9.59e-05 8.87e-05 0.00010165 0.00010185 9.36e-05 9.875e-05 0.0001148 7.51e-05 0.0001045 9.6e-05 0.0001275 0.00012575 9.82e-05 0.00010825 8.67e-05 0.0001 0.00012545 9.405e-05 7.24e-05
22 0.0001108 0.0001099 0.00010305 0.0001004 0.00010375 0.0001001 0.00010445 9.015e-05 0.0001186 0.00010535 0.00011185 9.375e-05 0.00011005 0.0001087 0.00011855 9.965e-05 0.0001028 0.0001018 0.00010505 0.0001017 9.635e-05 9.505e-05 0.0001401 8.555e-05 9.735e-05 0.0001263 0.0001205 9.785e-05 0.00010555 0.0001005 0.00013035 0.00010475 0.00012605 0.00011085 0.0001112 0.0001248 0.00012105 0.0001032 9.835e-05 0.00010675 0.00010495 0.00010505 0.00010255 0.00010105 9.87e-05 0.00010045 9.345e-05 0.00011585 8.32e-05 0.00011655 0.00011485 0.00010095 0.00011795 9.62e-05 0.0001123 0.0001172 0.00011145 9.97e-05 0.00010365 0.0001206 0.00010495 0.00011 0.00012425 0.0001129 0.0001095
23 9.645e-05 9.79e-05 9.715e-05 0.00011205 0.0001087 8.4e-05 0.00010095 9.57e-05 0.0001114 0.0001066 0.0001007 8.42e-05 0.00011265 0.0001058 0.00011135 9.465e-05 9.69e-05 0.00010865 0.00010825 0.00010855 9.105e-05 9.515e-05 8.555e-05 0.0001528 0.00010835 0.0001252 0.0001151 9.075e-05 9.62e-05 0.00010605 0.000121 0.0001052 0.00012055 9.305e-05 0.00010595 0.00012215 0.0001158 0.0001064 9.135e-05 0.0001086 0.00010815 9.12e-05 0.0001075 7.65e-05 9.155e-05 9.345e-05 9.9e-05 0.0001064 7.66e-05 0.0001113 0.00011325 9.665e-05 0.0001121 8.02e-05 0.00010625 0.0001163 0.00011465 0.00010505 0.0001089 0.0001027 0.00010815 9.8e-05 0.00011725 9.935e-05 0.00011035
24 0.0001088 0.00011675 9.6e-05 9.605e-05 0.0001105 0.00011125 9.93e-05 0.0001036 0.00010735 9.3e-05 9.78e-05 0.000103 0.00010425 0.0001174 0.0001073 0.0001044 9.6e-05 8.785e-05 9.825e-05 8.775e-05 0.0001042 9.39e-05 9.735e-05 0.00010835 0.0001607 0.0001163 0.0001085 0.0001087 0.000107 0.0001066 9.95e-05 9.215e-05 0.00013165 0.00011525 0.0001103 8.05e-05 0.0001159 9.615e-05 0.0001108 9.465e-05 9.82e-05 9.8e-05 0.0001124 0.00010235 0.00011205 0.00011135 0.0001051 0.0001143 0.00011475 0.0001106 0.000102 0.0001059 0.00011695 0.0001086 0.00011705 8.525e-05 0.0001059 0.0001137 9.165e-05 0.0001251 9.82e-05 0.00011685 0.00010595 9.14e-05 8.99e-05
25 0.0001151 0.00011065 0.00012995 0.00011095 0.00013705 0.0001267 0.00013525 0.00012875 0.0001229 0.0001339 0.00012165 0.0001256 0.0001455 0.0001162 0.00012285 0.0001237 0.00012995 0.00014245 0.0001321 0.00014235 0.0001276 0.00013385 0.0001263 0.0001252 0.0001163 0.0001043 0.00010735 0.00013715 0.00013515 0.0001257 0.0001103 0.0001358 0.00010315 0.00012185 0.00011805 0.0001042 9.535e-05 0.00013615 0.0001303 0.00011445 0.00013205 0.00013245 0.00013705 0.00012635 0.0001323 0.00013285 0.00012525 0.00012715 0.00012955 0.00011915 0.00013125 0.0001341 0.00013055 0.00012815 0.0001139 0.0001214 0.00012255 0.00013255 0.0001232 0.00011725 0.00013205 0.00011075 0.00010205 0.00011525 0.0001385
26 0.00010195 0.0001019 0.00011365 0.0001154 9.385e-05 0.0001282 0.0001021 8.97e-05 8.11e-05 9.305e-05 8.87e-05 0.0001123 9.38e-05 7.585e-05 8.105e-05 0.0001086 0.0001139 9.175e-05 8.775e-05 9.165e-05 0.0001138 0.0001178 0.0001205 0.0001151 0.0001085 0.00010735 0.0001275 9.515e-05 0.0001032 8.78e-05 6.85e-05 8.895e-05 7.76e-05 8.445e-05 7.72e-05 7.32e-05 9.075e-05 8.77e-05 9.64e-05 8.575e-05 8.775e-05 0.0001105 9.505e-05 0.00013315 0.00010215 0.00010195 8.96e-05 0.000113 0.0001011 7.575e-05 7.945e-05 9.42e-05 8.19e-05 0.0001225 0.00011565 8.055e-05 8.67e-05 9.92e-05 8.46e-05 0.0001044 8.775e-05 0.00010205 6.855e-05 0.00010315 8.765e-05
27 9.615e-05 7.42e-05 7.675e-05 0.00010465 8.5e-05 6.28e-05 6.565e-05 4.475e-05 0.00012755 0.0001095 7.86e-05 6.745e-05 0.0001011 5.035e-05 0.0001275 5.2e-05 7.7e-05 8.6e-05 6.01e-05 8.59e-05 4.925e-05 8.31e-05 9.785e-05 9.075e-05 0.0001087 0.00013715 9.515e-05 4.8e-05 6.49e-05 4.02e-05 0.0001236 8.175e-05 8.965e-05 8.775e-05 8.95e-05 0.00013135 0.0001 5.19e-05 4.88e-05 0.00010745 6e-05 7.585e-05 8.43e-05 7.2e-05 3.895e-05 3.765e-05 5.155e-05 7.18e-05 8.35e-05 7.7e-05 0.00010385 8.89e-05 0.00012015 6.59e-05 8.975e-05 0.00010565 0.0001137 0.00011475 7.94e-05 8.985e-05 6e-05 7.43e-05 0.0001028 0.00010165 7.985e-05
28 9.45e-05 0.00010515 7.54e-05 8.92e-05 9.305e-05 7.345e-05 5.335e-05 6.23e-05 0.0001099 8.5e-05 8.6e-05 7.29e-05 9.165e-05 9.105e-05 0.00010985 8.41e-05 7.535e-05 6.15e-05 6.82e-05 6.135e-05 8.01e-05 8.15e-05 0.00010555 9.62e-05 0.000107 0.00013515 0.0001032 6.49e-05 0.0001026 8.095e-05 0.00010595 5.595e-05 0.000108 7.255e-05 7.43e-05 0.00010685 8.895e-05 6.005e-05 6.625e-05 0.00011555 6.81e-05 7.2e-05 9.11e-05 8.86e-05 5.94e-05 5.805e-05 6.905e-05 6.485e-05 7.775e-05 8.505e-05 8.62e-05 8.395e-05 0.00011065 7.35e-05 9.83e-05 8.115e-05 0.00011545 0.00012285 8.755e-05 9.955e-05 6.81e-05 0.00010525 0.00011085 9.77e-05 5.535e-05
29 0.00011475 8.14e-05 9.29e-05 9.145e-05 7.11e-05 9.575e-05 7.4e-05 3.11e-05 0.00011575 0.00010665 8.91e-05 7.485e-05 8.72e-05 3.65e-05 0.0001157 4.845e-05 9.315e-05 8.71e-05 3.965e-05 8.7e-05 6.905e-05 0.0001011 0.0001005 0.00010605 0.0001066 0.0001257 8.78e-05 4.02e-05 8.095e-05 1e-07 0.0001083 7.345e-05 6.33e-05 0.0001062 8.765e-05 0.0001194 9.415e-05 5.12e-05 4.51e-05 9.895e-05 3.955e-05 9.58e-05 7.04e-05 0.00010505 5.135e-05 5.375e-05 2.235e-05 8.795e-05 9.865e-05 6.73e-05 9.6e-05 9.58e-05 0.0001087 9.87e-05 8.915e-05 9.93e-05 9.42e-05 9.875e-05 7.495e-05 9.705e-05 3.955e-05 8.15e-05 8.75e-05 0.0001122 7.91e-05
30 0.00010025 0.00011695 0.00011485 0.00011295 9.835e-05 0.00013955 0.00010295 0.0001108 5.285e-05 7.195e-05 8.45e-05 0.0001214 8.245e-05 0.0001005 5.28e-05 0.0001246 0.0001151 8.245e-05 9.335e-05 8.235e-05 0.0001359 0.000119 0.00013035 0.000121 9.95e-05 0.0001103 6.85e-05 0.0001236 0.00010595 0.0001083 8.03e-05 7.89e-05 8.915e-05 8.075e-05 7.7e-05 4.02e-05 9.345e-05 9.93e-05 0.0001105 7.37e-05 9.335e-05 0.00010935 0.00010145 0.00014015 0.00012315 0.0001237 0.00010545 0.0001184 0.00010735 8.03e-05 6.315e-05 8.81e-05 6.75e-05 0.0001322 0.0001239 5.945e-05 7.66e-05 9.19e-05 8.435e-05 0.00011035 9.335e-05 0.00011705 6.125e-05 9.02e-05 7.85e-05
31 9.535e-05 0.0001272 6.895e-05 5.88e-05 7.22e-05 0.0001148 4.835e-05 4.795e-05 8.635e-05 4.715e-05 8.625e-05 7.495e-05 5.825e-05 9.435e-05 8.63e-05 9.635e-05 6.89e-05 1.825e-05 4.19e-05 1.81e-05 9.855e-05 7.69e-05 0.00010475 0.0001052 9.215e-05 0.0001358 8.895e-05 8.175e-05 5.595e-05 7.345e-05 7.89e-05 2e-05 0.00011265 6.71e-05 4.925e-05 6.925e-05 7.11e-05 3.605e-05 7.23e-05 0.0001026 4.18e-05 6.69e-05 7.215e-05 0.0001161 8.245e-05 8.185e-05 5.36e-05 7.165e-05 8.28e-05 6.845e-05 5.725e-05 7.7e-05 8.455e-05 9.945e-05 0.00011315 3.98e-05 9.91e-05 0.00010925 6.915e-05 0.00011635 4.18e-05 0.0001273 9.8e-05 9.265e-05 1.025e-05
32 0.0001098 8.71e-05 0.0001295 0.0001255 9.785e-05 0.00011845 0.0001088 8.335e-05 9.695e-05 0.0001254 0.00010495 0.0001116 0.0001105 5.77e-05 9.69e-05 9.615e-05 0.00012975 0.00012625 9.16e-05 0.00012615 0.00011275 0.00013585 0.00012605 0.00012055 0.00013165 0.00010315 7.76e-05 8.965e-05 0.000108 6.33e-05 8.915e-05 0.00011265 6.93e-05 9.215e-05 8.705e-05 0.0001152 9.39e-05 0.0001031 8.37e-05 0.000106 9.165e-05 0.0001287 9.715e-05 0.00013725 8.91e-05 9.175e-05 7.46e-05 0.0001156 0.00010405 7.74e-05 9.76e-05 0.0001103 9.045e-05 0.00012175 8.705e-05 0.0001177 9.48e-05 0.00010325 0.0001026 8.36e-05 9.165e-05 8.72e-05 7.495e-05 0.0001262 0.0001201
33 7.59e-05 9.705e-05 9e-05 0.0001032 9.825e-05 9.15e-05 8.04e-05 8.185e-05 8.38e-05 8.515e-05 8.435e-05 8.36e-05 9.49e-05 9.18e-05 8.375e-05 0.0001034 9e-05 7.55e-05 8.875e-05 7.54e-05 0.0001013 9.425e-05 0.00011085 9.305e-05 0.00011525 0.00012185 8.445e-05 8.775e-05 7.255e-05 0.0001062 8.075e-05 6.71e-05 9.215e-05 8.59e-05 5.89e-05 9.31e-05 8.2e-05 8.635e-05 7.455e-05 0.00011135 8.865e-05 8.29e-05 9.825e-05 0.00010195 8.585e-05 8.78e-05 8.57e-05 8.815e-05 6.36e-05 7.82e-05 7.395e-05 8.595e-05 8.07e-05 7.575e-05 0.0001038 8.22e-05 0.0001065 0.0001123 9.74e-05 8.855e-05 8.865e-05 9.715e-05 8.92e-05 9.75e-05 7.12e-05
34 9.17e-05 0.00011105 9.175e-05 8.62e-05 8.43e-05 0.00011685 7.43e-05 6.515e-05 8.355e-05 7.265e-05 9.195e-05 8.88e-05 8.1e-05 8.39e-05 8.35e-05 0.00010675 9.165e-05 5.55e-05 6.855e-05 5.53e-05 0.0001069 9.785e-05 0.0001112 0.00010595 0.0001103 0.00011805 7.72e-05 8.95e-05 7.43e-05 8.765e-05 7.7e-05 4.925e-05 8.705e-05 5.89e-05 9.82e-05 8.295e-05 7.235e-05 6.45e-05 7.81e-05 0.0001047 6.845e-05 8.835e-05 8.435e-05 0.0001273 8.975e-05 8.955e-05 6.895e-05 8.99e-05 7.665e-05 6.86e-05 6.62e-05 8.33e-05 8.085e-05 0.00010135 0.00011015 6.62e-05 9.845e-05 0.0001078 8.325e-05 0.00010255 6.845e-05 0.00011115 8.545e-05 0.0001051 4.935e-05
35 0.00011945 0.0001447 0.0001157 0.00010635 0.0001015 0.00015495 9.61e-05 0.0001101 5.985e-05 5.205e-05 7.22e-05 0.00012625 8.56e-05 0.0001227 5.98e-05 0.00013785 0.00011595 6.84e-05 9.205e-05 6.83e-05 0.00014745 0.0001195 0.0001248 0.00012215 8.05e-05 0.0001042 7.32e-05 0.00013135 0.00010685 0.0001194 4.02e-05 6.925e-05 0.0001152 9.31e-05 8.295e-05 3e-07 0.00010005 9.25e-05 0.0001169 4.76e-05 9.205e-05 0.0001139 0.0001046 0.00015555 0.00013345 0.00013145 0.00010815 0.00011935 0.00010165 9.35e-05 7.6e-05 8.22e-05 8.9e-05 0.0001408 0.00013765 3.26e-05 6.66e-05 8.885e-05 6.83e-05 0.00013385 9.205e-05 0.0001448 6.125e-05 7.79e-05 6.48e-05
36 9.905e-05 0.00011135 9.875e-05 8.63e-05 9.795e-05 0.000117 8.785e-05 8.32e-05 0.0001 9.145e-05 0.000105 9.865e-05 9.68e-05 9.24e-05 9.995e-05 0.0001059 9.91e-05 7.6e-05 8.2e-05 7.6e-05 0.0001092 0.0001052 0.00012105 0.0001158 0.0001159 9.535e-05 9.075e-05 0.0001 8.895e-05 9.415e-05 9.345e-05 7.11e-05 9.39e-05 8.2e-05 7.235e-05 0.00010005 0.0001394 8e-05 9.415e-05 0.00011675 8.195e-05 9.57e-05 9.915e-05 0.0001214 9.81e-05 9.79e-05 8.5e-05 9.13e-05 0.00010225 8.205e-05 8.44e-05 0.00010255 9.665e-05 0.0001112 0.0001108 8.495e-05 0.000113 0.0001196 9.705e-05 0.00010745 8.19e-05 0.00011145 9.725e-05 0.0001107 6.99e-05
37 0.0001038 0.00010975 7.04e-05 7.21e-05 7.1e-05 0.0001014 5.12e-05 3.92e-05 0.00010675 6.765e-05 8.5e-05 7.54e-05 7.11e-05 7.005e-05 0.0001067 7.69e-05 7.07e-05 3.615e-05 3.97e-05 3.61e-05 7.435e-05 7.865e-05 0.0001032 0.0001064 9.615e-05 0.00013615 8.77e-05 5.19e-05 6.005e-05 5.12e-05 9.93e-05 3.605e-05 0.0001031 8.635e-05 6.45e-05 9.25e-05 8e-05 5.59e-05 6.475e-05 9.995e-05 3.96e-05 7.1e-05 7.22e-05 0.00010635 6.22e-05 5.87e-05 4.78e-05 6.98e-05 9.245e-05 6.715e-05 7.5e-05 7.88e-05 0.0001041 9.58e-05 0.0001066 6.035e-05 0.0001033 0.00011065 6.38e-05 0.00011215 3.96e-05 0.00010985 9.94e-05 9.94e-05 2.81e-05
38 9.855e-05 8.61e-05 8.52e-05 9.765e-05 8.63e-05 7.605e-05 6.825e-05 4.695e-05 0.00011445 0.00010105 8.2e-05 6.795e-05 9.895e-05 6.395e-05 0.0001144 6.505e-05 8.52e-05 8.355e-05 6.13e-05 8.345e-05 7.25e-05 9.13e-05 9.835e-05 9.135e-05 0.0001108 0.0001303 9.64e-05 4.88e-05 6.625e-05 4.51e-05 0.0001105 7.23e-05 8.37e-05 7.455e-05 7.81e-05 0.0001169 9.415e-05 6.475e-05 9.01e-05 0.0001082 6.12e-05 8.415e-05 8.44e-05 9.085e-05 5.395e-05 5.555e-05 4.505e-05 7.905e-05 6.85e-05 7.825e-05 9.675e-05 8.845e-05 0.0001122 6.895e-05 9.055e-05 9.72e-05 0.00010615 0.00011005 8.625e-05 9.085e-05 6.12e-05 8.62e-05 9.805e-05 0.00010385 7.74e-05
39 0.0001288 0.0001262 0.00012595 0.00012345 9.535e-05 0.00014055 0.0001102 0.00010495 7.37e-05 7.375e-05 8.215e-05 0.00012625 9.545e-05 0.0001014 7.365e-05 0.00012035 0.0001262 9.8e-05 9.945e-05 9.79e-05 0.0001278 0.0001241 0.00010675 0.0001086 9.465e-05 0.00011445 8.575e-05 0.00010745 0.00011555 9.895e-05 7.37e-05 0.0001026 0.000106 0.00011135 0.0001047 4.76e-05 0.00011675 9.995e-05 0.0001082 9.5e-05 9.945e-05 0.0001244 9.655e-05 0.0001455 0.0001159 0.00011425 0.00010295 0.0001253 9.465e-05 0.0001 9.775e-05 7.85e-05 9.795e-05 0.00013495 0.0001322 7.39e-05 6.93e-05 6.915e-05 7.44e-05 0.0001286 9.945e-05 0.0001263 7.385e-05 9.655e-05 0.00010005
40 0.0001061 0.0001063 7.845e-05 7.41e-05 7.105e-05 0.00010595 5.925e-05 4.145e-05 0.0001008 7.325e-05 8.705e-05 7.705e-05 7.115e-05 6.72e-05 0.00010075 7.335e-05 7.875e-05 4.77e-05 3.965e-05 4.765e-05 8.245e-05 8.67e-05 0.00010495 0.00010815 9.82e-05 0.00013205 8.775e-05 6e-05 6.81e-05 3.955e-05 9.335e-05 4.18e-05 9.165e-05 8.865e-05 6.845e-05 9.205e-05 8.195e-05 3.96e-05 6.12e-05 9.945e-05 7.9e-05 7.905e-05 7.225e-05 0.0001109 6.735e-05 6.68e-05 4.135e-05 7.785e-05 9.42e-05 6.72e-05 7.505e-05 8.435e-05 9.84e-05 0.00010035 0.00010315 6.59e-05 9.735e-05 0.0001047 6.94e-05 0.0001087 3.955e-05 0.0001064 9.345e-05 0.00010145 3.97e-05
41 7.98e-05 9.435e-05 6.435e-05 8.495e-05 0.00010195 7.21e-05 7.385e-05 8.385e-05 0.0001112 8.995e-05 9.315e-05 7e-05 9.335e-05 0.00010225 0.00011115 7.965e-05 6.435e-05 6.67e-05 7.915e-05 6.66e-05 6.955e-05 6.86e-05 0.00010505 9.12e-05 9.8e-05 0.00013245 0.0001105 7.585e-05 7.2e-05 9.58e-05 0.00010935 6.69e-05 0.0001287 8.29e-05 8.835e-05 0.0001139 9.57e-05 7.1e-05 8.415e-05 0.0001244 7.905e-05 0.0001091 0.00010385 5.465e-05 7.95e-05 7.87e-05 9.06e-05 7.91e-05 0.00010025 9.235e-05 8.775e-05 9.5e-05 0.0001087 6.965e-05 0.0001009 8.82e-05 0.0001278 0.0001296 9.665e-05 9.68e-05 7.905e-05 9.445e-05 0.00011815 8.43e-05 6.24e-05
42 0.0001176 0.0001159 0.00010565 9.685e-05 7.21e-05 0.0001246 8.89e-05 7.11e-05 9.535e-05 8.325e-05 0.0001023 0.00010095 7.42e-05 8.255e-05 9.53e-05 9.965e-05 0.0001056 7.435e-05 7.235e-05 7.42e-05 0.00010535 0.00010575 0.00010255 0.0001075 0.0001124 0.00013705 9.505e-05 8.43e-05 9.11e-05 7.04e-05 0.00010145 7.215e-05 9.715e-05 9.825e-05 8.435e-05 0.0001046 9.915e-05 7.22e-05 8.44e-05 9.655e-05 7.225e-05 0.00010385 0.0001403 0.00013025 9.14e-05 9.11e-05 7.1e-05 0.00010405 9.165e-05 8.44e-05 8.625e-05 8.695e-05 8.605e-05 0.0001178 0.0001184 8.945e-05 8.755e-05 8.13e-05 8.585e-05 0.0001183 7.225e-05 0.000116 9.965e-05 0.0001174 7.42e-05
43 6.96e-05 6.495e-05 6.465e-05 0.0001092 0.00012955 3.55e-05 9.565e-05 0.00010835 0.0001406 0.0001366 0.00010125 6.09e-05 0.00012825 0.00010645 0.00014055 6.11e-05 6.44e-05 0.00012115 0.000111 0.00012105 5.05e-05 6.865e-05 0.00010105 7.65e-05 0.00010235 0.00012635 0.00013315 7.2e-05 8.86e-05 0.00010505 0.00014015 0.0001161 0.00013725 0.00010195 0.0001273 0.00015555 0.0001214 0.00010635 9.085e-05 0.0001455 0.0001109 5.465e-05 0.00013025 4e-07 7.65e-05 7.74e-05 0.0001133 9.05e-05 0.0001148 0.00011735 0.00012495 0.00012115 0.00013335 4.455e-05 8.45e-05 0.00013625 0.00015175 0.0001494 0.0001256 8.065e-05 0.0001109 6.505e-05 0.00013675 7.785e-05 0.00011685
44 9.69e-05 8.165e-05 8.08e-05 0.00010285 9.21e-05 5.775e-05 6.06e-05 4.91e-05 0.00012675 0.000112 8.53e-05 6.85e-05 0.00010475 6.11e-05 0.0001267 5.98e-05 8.105e-05 8.925e-05 6.745e-05 8.915e-05 5.95e-05 8.68e-05 9.87e-05 9.155e-05 0.00011205 0.0001323 0.00010215 3.895e-05 5.94e-05 5.135e-05 0.00012315 8.245e-05 8.91e-05 8.585e-05 8.975e-05 0.00013345 9.81e-05 6.22e-05 5.395e-05 0.0001159 6.735e-05 7.95e-05 9.14e-05 7.65e-05 7.34e-05 3.885e-05 5.59e-05 6.69e-05 8.165e-05 8.4e-05 0.0001038 9.175e-05 0.0001205 6.77e-05 8.62e-05 0.0001085 0.0001165 0.00012075 8.86e-05 8.93e-05 6.735e-05 8.175e-05 0.00010905 0.00010495 8.345e-05
45 9.89e-05 8.365e-05 7.95e-05 0.00010255 9.18e-05 5.86e-05 5.88e-05 5.15e-05 0.00012765 0.0001096 8.47e-05 7.015e-05 0.00010445 6.385e-05 0.0001276 6.145e-05 7.975e-05 8.61e-05 6.69e-05 8.6e-05 5.86e-05 8.585e-05 0.00010045 9.345e-05 0.00011135 0.00013285 0.00010195 3.765e-05 5.805e-05 5.375e-05 0.0001237 8.185e-05 9.175e-05 8.78e-05 8.955e-05 0.00013145 9.79e-05 5.87e-05 5.555e-05 0.00011425 6.68e-05 7.87e-05 9.11e-05 7.74e-05 3.885e-05 7.5e-05 5.83e-05 6.56e-05 8.35e-05 8.38e-05 0.00010395 8.98e-05 0.0001235 6.85e-05 8.77e-05 0.00010575 0.00011695 0.00012155 8.62e-05 9.13e-05 6.68e-05 8.375e-05 0.0001096 0.0001044 7.995e-05
46 0.00010955 9.665e-05 8.795e-05 8.11e-05 7.29e-05 9.85e-05 6.33e-05 2.585e-05 0.0001129 9.17e-05 8.885e-05 6.78e-05 8.555e-05 5.355e-05 0.00011285 6.49e-05 8.795e-05 6.845e-05 4.145e-05 6.835e-05 7.91e-05 9.59e-05 9.345e-05 9.9e-05 0.0001051 0.00012525 8.96e-05 5.155e-05 6.905e-05 2.235e-05 0.00010545 5.36e-05 7.46e-05 8.57e-05 6.895e-05 0.00010815 8.5e-05 4.78e-05 4.505e-05 0.00010295 4.135e-05 9.06e-05 7.1e-05 0.0001133 5.59e-05 5.83e-05 4.46e-05 8.18e-05 7.63e-05 6.91e-05 8.945e-05 8.895e-05 0.00010705 9.165e-05 9.345e-05 8.435e-05 9.685e-05 0.00010425 7.525e-05 0.0001014 4.135e-05 9.675e-05 9.3e-05 0.0001107 6.045e-05
47 0.00010175 0.00010965 8.235e-05 9.135e-05 0.00010285 7.845e-05 6.365e-05 7.505e-05 0.00012235 9.75e-05 9.57e-05 8.31e-05 0.0001016 9.81e-05 0.0001223 8.74e-05 8.26e-05 7.4e-05 7.795e-05 7.39e-05 8.475e-05 8.87e-05 0.00011585 0.0001064 0.0001143 0.00012715 0.000113 7.18e-05 6.485e-05 8.795e-05 0.0001184 7.165e-05 0.0001156 8.815e-05 8.99e-05 0.00011935 9.13e-05 6.98e-05 7.905e-05 0.0001253 7.785e-05 7.91e-05 0.00010405 9.05e-05 6.69e-05 6.56e-05 8.18e-05 0.0001188 9.63e-05 9.485e-05 9.865e-05 9.78e-05 0.00012065 8.39e-05 0.00010345 9.365e-05 0.0001265 0.0001326 9.73e-05 0.00010525 7.785e-05 0.00010975 0.00012065 0.0001049 6.785e-05
48 0.0001029 0.0001109 0.00010365 0.00010945 9.475e-05 9.45e-05 8.445e-05 7.3e-05 9.775e-05 8.61e-05 8.76e-05 8.44e-05 0.00010395 9.835e-05 9.77e-05 0.000105 0.0001034 8.815e-05 9.43e-05 8.805e-05 0.00010385 0.00010165 8.32e-05 7.66e-05 0.00011475 0.00012955 0.0001011 8.35e-05 7.775e-05 9.865e-05 0.00010735 8.28e-05 0.00010405 6.36e-05 7.665e-05 0.00010165 0.00010225 9.245e-05 6.85e-05 9.465e-05 9.42e-05 0.00010025 9.165e-05 0.0001148 8.165e-05 8.35e-05 7.63e-05 9.63e-05 7.68e-05 9.73e-05 9.96e-05 7.67e-05 0.00010335 7.76e-05 0.00011005 9.58e-05 9.79e-05 9.11e-05 9.495e-05 0.00010475 9.42e-05 0.000111 0.00010325 0.0001082 8.985e-05
49 9.57e-05 9.565e-05 9.54e-05 9.71e-05 8.32e-05 0.0001124 8.395e-05 6.92e-05 8.685e-05 8.685e-05 9.095e-05 9.415e-05 8.33e-05 6.725e-05 8.68e-05 9.045e-05 9.575e-05 7.335e-05 6.715e-05 7.335e-05 9.565e-05 0.00010185 0.00011655 0.0001113 0.0001106 0.00011915 7.575e-05 7.7e-05 8.505e-05 6.73e-05 8.03e-05 6.845e-05 7.74e-05 7.82e-05 6.86e-05 9.35e-05 8.205e-05 6.715e-05 7.825e-05 0.0001 6.72e-05 9.235e-05 8.44e-05 0.00011735 8.4e-05 8.38e-05 6.91e-05 9.485e-05 9.73e-05 0.0001341 7.32e-05 8.945e-05 8.315e-05 0.0001067 0.0001059 8.035e-05 9.645e-05 0.0001029 8.225e-05 9.815e-05 6.715e-05 9.58e-05 8.035e-05 0.0001054 6.725e-05
50 9.345e-05 0.0001144 9.51e-05 8.825e-05 8.315e-05 0.00012435 8.505e-05 8.955e-05 6.405e-05 6.595e-05 9.475e-05 0.00010395 6.71e-05 9.415e-05 6.4e-05 0.00011085 9.535e-05 5.25e-05 7.51e-05 5.24e-05 0.0001143 9.36e-05 0.00011485 0.00011325 0.000102 0.00013125 7.945e-05 0.00010385 8.62e-05 9.6e-05 6.315e-05 5.725e-05 9.76e-05 7.395e-05 6.62e-05 7.6e-05 8.44e-05 7.5e-05 9.675e-05 9.775e-05 7.505e-05 8.775e-05 8.625e-05 0.00012495 0.0001038 0.00010395 8.945e-05 9.865e-05 9.96e-05 7.32e-05 0.0001005 8.165e-05 6.525e-05 0.000117 0.0001197 6.515e-05 9.14e-05 9.5e-05 8.22e-05 0.0001078 7.505e-05 0.0001145 8.415e-05 0.00010045 5.405e-05
51 0.0001094 0.000117 0.0001005 0.00010505 8.695e-05 0.00011155 8.755e-05 8.565e-05 7.845e-05 6.795e-05 8.85e-05 0.00010165 8.36e-05 9.75e-05 7.845e-05 0.0001078 0.0001005 7.13e-05 8.44e-05 7.12e-05 0.00010415 9.875e-05 0.00010095 9.665e-05 0.0001059 0.0001341 9.42e-05 8.89e-05 8.395e-05 9.58e-05 8.81e-05 7.7e-05 0.0001103 8.595e-05 8.33e-05 8.22e-05 0.00010255 7.88e-05 8.845e-05 7.85e-05 8.435e-05 9.5e-05 8.695e-05 0.00012115 9.175e-05 8.98e-05 8.895e-05 9.78e-05 7.67e-05 8.945e-05 8.165e-05 0.0001259 9.24e-05 0.0001045 0.00012125 7.765e-05 8.825e-05 8.2e-05 8e-05 0.00011355 8.435e-05 0.0001171 9.41e-05 0.00010165 7.3e-05
52 9.53e-05 0.00011155 0.0001163 0.00011135 8.29e-05 0.000136 0.0001111 0.00011005 6.05e-05 8.155e-05 0.00010545 0.0001194 6.7e-05 9.635e-05 6.045e-05 0.00012135 0.0001165 8.65e-05 9.85e-05 8.635e-05 0.00013035 0.0001148 0.00011795 0.0001121 0.00011695 0.00013055 8.19e-05 0.00012015 0.00011065 0.0001087 6.75e-05 8.455e-05 9.045e-05 8.07e-05 8.085e-05 8.9e-05 9.665e-05 0.0001041 0.0001122 9.795e-05 9.84e-05 0.0001087 8.605e-05 0.00013335 0.0001205 0.0001235 0.00010705 0.00012065 0.00010335 8.315e-05 6.525e-05 9.24e-05 9.13e-05 0.0001303 0.0001238 8.865e-05 8e-05 7.64e-05 0.0001013 0.00010815 9.84e-05 0.00011165 8.36e-05 0.00011115 8.82e-05
53 7.595e-05 7.55e-05 7.11e-05 0.00010645 0.000119 4.36e-05 8.255e-05 8.67e-05 0.00013265 0.00012185 9.16e-05 6.46e-05 0.0001253 0.0001 0.0001326 7.05e-05 7.085e-05 0.0001064 0.00010045 0.0001063 6.065e-05 7.51e-05 9.62e-05 8.02e-05 0.0001086 0.00012815 0.0001225 6.59e-05 7.35e-05 9.87e-05 0.0001322 9.945e-05 0.00012175 7.575e-05 0.00010135 0.0001408 0.0001112 9.58e-05 6.895e-05 0.00013495 0.00010035 6.965e-05 0.0001178 4.455e-05 6.77e-05 6.85e-05 9.165e-05 8.39e-05 7.76e-05 0.0001067 0.000117 0.0001045 0.0001303 7.85e-05 8.57e-05 0.0001215 0.0001384 0.00013885 0.00011505 8.62e-05 0.00010035 7.56e-05 0.0001261 9.265e-05 0.0001021
54 9.76e-05 8.71e-05 9.84e-05 0.0001113 0.0001184 7.955e-05 9.84e-05 9.535e-05 0.0001291 0.0001326 0.00011065 9.115e-05 0.0001247 9.37e-05 0.00012905 8.45e-05 9.84e-05 0.0001234 0.0001032 0.0001233 8.77e-05 0.0001045 0.0001123 0.00010625 0.00011705 0.0001139 0.00011565 8.975e-05 9.83e-05 8.915e-05 0.0001239 0.00011315 8.705e-05 0.0001038 0.00011015 0.00013765 0.0001108 0.0001066 9.055e-05 0.0001322 0.00010315 0.0001009 0.0001184 8.45e-05 8.62e-05 8.77e-05 9.345e-05 0.00010345 0.00011005 0.0001059 0.0001197 0.00012125 0.0001238 8.57e-05 0.0001588 0.0001275 0.00012795 0.00013385 0.00011855 8.95e-05 0.00010315 8.72e-05 0.00011615 0.00011105 0.00011725
55 0.00010855 0.00013805 8.99e-05 8.165e-05 8.635e-05 0.00013565 7.04e-05 8.105e-05 7.295e-05 4.605e-05 7.86e-05 0.00010285 7.045e-05 0.0001104 7.29e-05 0.00011815 9.025e-05 3.84e-05 6.59e-05 3.84e-05 0.00012175 9.6e-05 0.0001172 0.0001163 8.525e-05 0.0001214 8.055e-05 0.00010565 8.115e-05 9.93e-05 5.945e-05 3.98e-05 0.0001177 8.22e-05 6.62e-05 3.26e-05 8.495e-05 6.035e-05 9.72e-05 7.39e-05 6.59e-05 8.82e-05 8.945e-05 0.00013625 0.0001085 0.00010575 8.435e-05 9.365e-05 9.58e-05 8.035e-05 6.515e-05 7.765e-05 8.865e-05 0.0001215 0.0001275 6.49e-05 8.36e-05 9.985e-05 6.62e-05 0.0001272 6.585e-05 0.00013815 8.045e-05 8.44e-05 3.265e-05
56 0.00012675 0.0001255 0.00012935 0.00011965 8.63e-05 0.0001433 0.00011005 0.0001022 7.655e-05 8.35e-05 9.475e-05 0.00012565 8.29e-05 9.855e-05 7.65e-05 0.00012105 0.00012955 9.855e-05 9.74e-05 9.84e-05 0.000134 0.0001275 0.00011145 0.00011465 0.0001059 0.00012255 8.67e-05 0.0001137 0.00011545 9.42e-05 7.66e-05 9.91e-05 9.48e-05 0.0001065 9.845e-05 6.66e-05 0.000113 0.0001033 0.00010615 6.93e-05 9.735e-05 0.0001278 8.755e-05 0.00015175 0.0001165 0.00011695 9.685e-05 0.0001265 9.79e-05 9.645e-05 9.14e-05 8.825e-05 8e-05 0.0001384 0.00012795 8.36e-05 0.0001303 6.935e-05 8.7e-05 0.0001244 9.735e-05 0.0001256 7.95e-05 0.00010915 0.0001006
57 0.00012975 0.0001257 0.00013325 0.0001215 8.01e-05 0.00014445 0.000121 0.0001096 7.225e-05 8.01e-05 0.0001047 0.0001296 8.025e-05 0.0001022 7.22e-05 0.0001222 0.0001335 0.00010305 0.00010475 0.00010295 0.000133 0.00012575 9.97e-05 0.00010505 0.0001137 0.00013255 9.92e-05 0.00011475 0.00012285 9.875e-05 9.19e-05 0.00010925 0.00010325 0.0001123 0.0001078 8.885e-05 0.0001196 0.00011065 0.00011005 6.915e-05 0.0001047 0.0001296 8.13e-05 0.0001494 0.00012075 0.00012155 0.00010425 0.0001326 9.11e-05 0.0001029 9.5e-05 8.2e-05 7.64e-05 0.00013885 0.00013385 9.985e-05 6.935e-05 9.9e-05 9.3e-05 0.0001281 0.0001047 0.0001258 9.2e-05 0.0001191 0.00011075
58 0.00011485 0.00011655 9.795e-05 9.485e-05 8.465e-05 0.00012065 8.055e-05 7.19e-05 9.05e-05 7.22e-05 8.255e-05 0.0001006 8.475e-05 8.435e-05 9.045e-05 9.84e-05 9.82e-05 6.39e-05 6.945e-05 6.39e-05 0.0001 9.82e-05 0.00010365 0.0001089 9.165e-05 0.0001232 8.46e-05 7.94e-05 8.755e-05 7.495e-05 8.435e-05 6.915e-05 0.0001026 9.74e-05 8.325e-05 6.83e-05 9.705e-05 6.38e-05 8.625e-05 7.44e-05 6.94e-05 9.665e-05 8.585e-05 0.0001256 8.86e-05 8.62e-05 7.525e-05 9.73e-05 9.495e-05 8.225e-05 8.22e-05 8e-05 0.0001013 0.00011505 0.00011855 6.62e-05 8.7e-05 9.3e-05 0.0001274 0.00011895 6.94e-05 0.00011665 8.45e-05 9.695e-05 6.395e-05
59 9e-05 8.175e-05 0.000104 0.00012285 0.0001183 8.32e-05 0.00010735 0.0001033 0.0001134 0.00013015 0.00010485 9.325e-05 0.00012225 8.83e-05 0.00011335 9.1e-05 0.000104 0.00012475 0.0001087 0.00012465 9.21e-05 0.00010825 0.0001206 0.0001027 0.0001251 0.00011725 0.0001044 8.985e-05 9.955e-05 9.705e-05 0.00011035 0.00011635 8.36e-05 8.855e-05 0.00010255 0.00013385 0.00010745 0.00011215 9.085e-05 0.0001286 0.0001087 9.68e-05 0.0001183 8.065e-05 8.93e-05 9.13e-05 0.0001014 0.00010525 0.00010475 9.815e-05 0.0001078 0.00011355 0.00010815 8.62e-05 8.95e-05 0.0001272 0.0001244 0.0001281 0.00011895 0.0001514 0.0001087 8.185e-05 0.0001049 0.0001072 0.00012045
