 slim_761919523 slim_761919530 slim_761919576 slim_761919580 slim_761919533 slim_761919561 slim_761919543 slim_761919577 slim_761919564 slim_761919545 slim_761919551 slim_761919519 slim_761919537 slim_761919540 slim_761919582 slim_761919552 slim_761919563 slim_761919529 slim_761919535 slim_761919538 slim_761919571 slim_761919548 slim_761919531 slim_761919557 slim_761919568 slim_761919541 slim_761919522 slim_761919556 slim_761919520 slim_761919573 slim_761919534 slim_761919549 slim_761919581 slim_761919574 slim_761919544 slim_761919553 slim_761919546 slim_761919525 slim_761919559 slim_761919579 slim_761919562 slim_761919565 slim_761919536 slim_761919527 slim_761919521 slim_761919578 slim_761919539 slim_761919532 slim_761919560 slim_761919547 slim_761919558 slim_761919566 slim_761919572 slim_761919528 slim_761919567 slim_761919526 slim_761919555 slim_761919554 slim_761919550 slim_761919524 slim_761919542 slim_761919570 slim_761919575 slim_761919569
0 0.0001796 0.0001243 0.0001478 0.00014415 0.00014445 0.00014775 0.0001472 0.00015895 0.00014135 0.0001196 0.00016125 0.0001277 0.0001552 0.0001519 0.00016045 0.0001704 0.00013735 0.0001243 0.0001492 0.00014345 0.00013265 0.00015325 0.00013125 0.0001397 0.00014775 0.0001617 0.00016175 0.00016325 0.0001333 0.0001151 8.995e-05 0.00016125 0.00015755 0.0001154 0.00011475 0.00011465 0.0001409 0.0001552 0.0001535 0.00015335 0.00013605 0.00016015 0.00012725 0.0001154 0.0001542 0.000152 0.0001614 0.00016475 0.0001316 0.0001492 0.00013315 8.98e-05 0.00013105 0.00012285 0.0001216 0.0001154 0.0001326 0.00016535 0.0001587 8.995e-05 0.00016755 0.00014955 0.00013995 0.0001604
1 0.0001243 0.0001675 0.0001691 0.0001486 0.0001467 0.00010715 0.00017935 0.00018395 0.0001546 0.00015145 0.0001547 0.00013005 0.00013045 0.0001441 0.00016 0.00013065 0.00017255 0.00012435 0.00011425 0.00015405 0.00014205 0.0001478 0.0001248 0.0001415 0.0001522 0.00014905 0.00017135 0.00015895 0.00013185 0.0001078 0.00012445 0.0001547 0.00015375 0.00012495 0.0001548 0.00015295 0.0001409 0.00013045 0.0001133 0.0001605 0.0001713 0.0001543 0.00012965 0.0001655 0.00016505 0.0001557 0.00014675 0.00011475 9.695e-05 0.00011425 0.0001677 8.375e-05 0.000125 0.00016015 0.00012125 0.00012495 0.000142 0.0001596 0.00015735 0.000165 0.0001383 0.0001078 0.0001563 0.00013865
2 0.0001478 0.0001691 0.0001411 0.0001338 0.0001531 0.0001538 0.00012335 0.000117 0.00015255 0.0001445 0.0001476 0.0001602 0.00017955 0.00011205 0.0001244 0.0001657 0.00014855 0.00016015 0.00013465 0.00017535 0.0001594 0.0001464 0.000157 0.0001041 7.61e-05 0.00015 0.00017665 0.00014315 0.00010665 0.00015095 0.0001479 0.0001476 0.000153 0.00016645 0.0001134 0.00013955 0.00010545 0.00017955 0.00016265 0.000117 0.00014455 0.00015985 0.00016015 0.0001575 0.0001807 0.00015185 0.00015715 0.00014025 0.0001718 0.00013465 0.00015745 0.00015675 0.0001426 0.000162 0.00011925 0.00016645 0.00015935 0.0001647 0.000133 0.000139 0.0001731 0.00016325 0.0001804 0.0001551
3 0.00014415 0.0001486 0.0001338 0.0001554 0.00016555 0.0001459 0.0001562 0.00016315 0.0001444 0.0001463 0.00015635 0.00016975 0.0001445 0.0001331 0.00013655 0.0001382 0.00013745 0.00012095 0.0001192 0.00016645 0.00015855 0.00015885 0.00016455 0.0001154 9.79e-05 0.0001587 0.00016115 0.000146 0.0001362 0.0001667 0.00014425 0.00015635 0.0001622 0.0001612 0.0001148 0.00013565 0.0001383 0.0001445 0.00015265 0.00013515 0.0001339 0.0001694 0.0001682 0.00013355 0.00016965 0.0001676 0.00016475 0.00010155 0.00016515 0.0001192 0.00014385 0.0001718 0.0001668 0.0001516 0.00013095 0.0001612 0.0001585 0.000158 0.00013725 0.00011665 0.00015425 0.00014345 0.00014825 0.00014715
4 0.00014445 0.0001467 0.0001531 0.00016555 0.0001776 0.0001322 0.00016755 0.00012885 0.00013515 0.0001469 0.00015745 0.0001083 0.00017045 0.0001464 0.0001635 0.0001692 0.00016745 0.00016545 0.00015185 0.0001666 0.0001275 0.0001298 0.00014575 0.00013635 0.0001438 0.000155 0.0001768 0.0001468 0.00011315 0.0001349 0.00014455 0.00015745 0.00011645 0.000146 0.00014965 0.000126 0.00013295 0.00017045 0.0001583 0.0001131 0.0001671 0.00016475 0.00010735 0.00016475 0.0001678 0.0001086 0.0001633 0.0001679 0.00014925 0.00015185 0.00017505 0.0001257 0.00011545 0.0001703 0.000138 0.000146 0.0001275 0.00014905 0.0001634 0.00016335 0.00013095 0.00015585 0.0001669 0.0001621
5 0.00014775 0.00010715 0.0001538 0.0001459 0.0001322 0.0001685 0.00018045 0.0001806 0.00016385 0.0001548 0.00015675 0.0001484 0.00014035 0.0001356 0.00015255 0.0001323 0.00017575 0.00013795 0.0001195 0.0001751 0.000132 0.0001258 0.00014305 0.00013535 0.0001331 0.0001518 0.0001773 0.0001406 0.00010545 0.00013155 0.00014785 0.00015675 0.0001572 0.0001484 0.00016015 0.0001622 0.00012785 0.00014035 0.0001235 0.00015335 0.00017305 0.00016055 0.0001486 0.0001792 0.00017905 0.0001546 0.0001474 0.00011195 0.00011655 0.0001195 0.00017665 0.00011695 0.00011525 0.0001812 0.00012835 0.0001484 0.000132 0.00014555 0.00016375 0.0001787 0.00014225 0.0001217 0.0001684 0.0001475
6 0.0001472 0.00017935 0.00012335 0.0001562 0.00016755 0.00018045 0.0001833 0.00012625 0.00012695 0.0001417 0.00018305 0.00017285 0.000141 0.0001714 0.00016 0.00017715 0.0001484 0.0001443 0.0001645 0.00014105 0.00013295 0.0001761 0.00018235 0.00015515 0.0001547 0.0001839 0.00013145 0.0001702 0.00016465 0.0001852 0.0001473 0.00018305 0.000173 0.000137 0.0001324 0.0001393 0.0001576 0.00014095 0.00018875 0.00015795 0.00014515 0.00017935 0.0001716 0.000102 0.000141 0.00016045 0.0001739 0.0001697 0.00018045 0.0001645 0.0001409 0.00018225 0.00018085 0.0001512 0.00016835 0.000137 0.0001329 0.00017215 0.0001743 0.0001123 0.0001749 0.00018225 0.00012205 0.0001878
7 0.00015895 0.00018395 0.000117 0.00016315 0.00012885 0.0001806 0.00012625 0.0001612 0.00014705 0.00015645 0.00017145 0.0001357 0.0001784 0.00016655 0.0001648 0.0001738 0.00015045 0.0001548 0.0001627 0.0001752 0.0001744 0.00017245 0.0001801 0.0001542 0.0001509 0.00017595 0.00017855 0.0001702 0.0001652 0.00018155 0.00015905 0.00017145 0.00013015 0.00018 0.00013775 0.00012245 0.00016105 0.0001784 0.0001817 0.00011705 0.00014895 0.00018195 0.00013445 0.00015085 0.0001712 0.00012465 0.0001795 0.00016915 0.00018865 0.0001627 0.00015675 0.0001881 0.0001778 0.0001514 0.0001683 0.00018 0.00017435 0.0001722 0.0001634 0.00012995 0.0001319 0.00017735 0.00017785 0.0001769
8 0.00014135 0.0001546 0.00015255 0.0001444 0.00013515 0.00016385 0.00012695 0.00014705 0.0001585 0.0001363 0.0001555 0.0001391 0.0001261 0.00013785 0.0001468 0.00016175 0.0001497 0.000143 0.00013785 0.0001294 0.000115 0.000159 0.00015905 0.00011595 0.00013535 0.0001509 0.0001251 0.00016285 0.00014065 0.0001483 0.00014145 0.0001555 0.00012805 0.0001162 0.00012465 0.000116 0.0001349 0.0001261 0.00015765 0.00012515 0.00014865 0.00015675 0.00013635 0.0001046 0.000133 0.00012935 0.0001529 0.0001559 0.0001549 0.00013785 0.0001498 0.00015295 0.00014665 0.00015995 0.00014655 0.0001162 0.00011495 0.00016415 0.0001585 0.0001299 0.0001482 0.0001499 0.0001119 0.00015905
9 0.0001196 0.00015145 0.0001445 0.0001463 0.0001469 0.0001548 0.0001417 0.00015645 0.0001363 0.0001802 0.0001709 0.00015125 0.00015565 0.00014505 0.0001639 0.0001746 0.00014495 0.00013425 0.000157 0.0001539 0.0001321 0.00015735 0.0001532 0.00013835 0.00014565 0.0001602 0.00015675 0.00016635 0.000135 0.0001477 0.0001197 0.0001709 0.00015645 0.0001348 0.0001252 0.00011755 0.0001143 0.00015565 0.0001664 0.00015035 0.0001429 0.0001676 0.0001496 0.0001176 0.0001612 0.0001262 0.00016085 0.0001687 0.00015805 0.000157 0.00014235 0.0001368 0.00014295 0.0001478 0.0001449 0.0001348 0.0001321 0.0001672 0.0001742 0.00010255 0.0001691 0.0001623 0.0001423 0.00017515
10 0.00016125 0.0001547 0.0001476 0.00015635 0.00015745 0.00015675 0.00018305 0.00017145 0.0001555 0.0001709 0.0001637 0.00015265 0.00017945 0.0001214 0.00014845 0.00012595 0.00013945 0.0001767 0.0001417 0.00017965 0.000169 0.00011435 0.0001254 0.00011065 0.0001231 0.0001146 0.0001894 0.00015635 0.0001336 0.00011055 0.00016135 8.185e-05 0.00014275 0.00016525 0.0001483 0.0001643 0.000137 0.00017945 0.0001274 0.0001442 0.00013265 0.00013745 0.0001537 0.00018725 0.0001643 0.0001608 0.00016105 0.00015235 0.00015695 0.0001417 0.00018255 0.00013925 0.00011705 0.00017725 0.0001326 0.00016525 0.00016895 0.00014675 9.655e-05 0.0001834 0.0001681 0.00012595 0.0001919 0.000101
11 0.0001277 0.00013005 0.0001602 0.00016975 0.0001083 0.0001484 0.00017285 0.0001357 0.0001391 0.00015125 0.00015265 0.0001796 0.00017035 0.0001501 0.00016315 0.00017425 0.0001714 0.000168 0.00015305 0.00015555 0.00014545 0.00015025 0.00012685 0.000144 0.0001498 0.0001547 0.000178 0.00016335 0.00013285 0.00010845 0.00012785 0.00015265 0.0001199 0.00012925 0.0001507 0.00012995 0.0001391 0.00017035 0.0001485 0.00011885 0.000172 0.00015625 9.22e-05 0.00016715 0.0001605 0.0001145 0.0001616 0.00017225 0.00013005 0.00015305 0.0001729 8.98e-05 0.0001237 0.00015595 0.000123 0.00012925 0.0001454 0.0001704 0.00015425 0.00016575 0.000132 0.0001487 0.0001709 0.0001526
12 0.0001552 0.00013045 0.00017955 0.0001445 0.00017045 0.00014035 0.000141 0.0001784 0.0001261 0.00015565 0.00017945 0.00017035 0.0001861 0.00015985 0.0001601 0.0001369 0.0001584 0.0001182 0.0001308 0.00013755 0.000133 0.00017665 0.00017455 0.00015805 0.000171 0.0001646 0.00012145 0.00017245 0.0001716 0.00017295 0.0001553 0.00017945 0.0001577 0.00013035 0.0001556 0.00015365 0.00016775 9.315e-05 0.00013675 0.0001692 0.0001618 0.00016515 0.0001678 0.00011805 0.0001397 0.00016655 0.0001502 0.00012165 0.0001302 0.0001308 0.00014795 0.00016745 0.0001767 0.0001651 0.0001696 0.00013035 0.00013295 0.00016985 0.0001808 0.0001431 0.00014225 0.0001359 0.00011485 0.00016855
13 0.0001519 0.0001441 0.00011205 0.0001331 0.0001464 0.0001356 0.0001714 0.00016655 0.00013785 0.00014505 0.0001214 0.0001501 0.00015985 0.0001138 0.0001182 0.0001538 0.0001591 0.0001645 0.00011725 0.00017295 0.0001512 0.00013895 0.00013435 7.235e-05 6.64e-05 9.71e-05 0.00017215 0.0001367 9.19e-05 0.00011165 0.000152 0.0001214 0.00011135 0.00015355 0.0001251 0.0001466 9.355e-05 0.00015985 0.0001158 0.0001114 0.00016175 0.0001282 0.00014875 0.00017395 0.00017205 0.000148 0.0001317 0.0001279 0.00013845 0.00011725 0.00017235 0.0001315 0.00010725 0.00018045 0.00010375 0.00015355 0.00015115 0.00015935 0.0001272 0.00017245 0.0001672 0.0001242 0.00017995 0.0001273
14 0.00016045 0.00016 0.0001244 0.00013655 0.0001635 0.00015255 0.00016 0.0001648 0.0001468 0.0001639 0.00014845 0.00016315 0.0001601 0.0001182 0.0001705 0.0001597 0.00015845 0.0001657 0.00013015 0.00016695 0.00015865 0.0001542 0.00016 0.00011205 9.62e-05 0.00015235 0.00012705 0.0001242 0.0001231 0.0001487 0.00016055 0.00014845 0.00015605 0.000159 0.00013065 0.0001598 0.0001229 0.0001601 0.00015055 0.00013245 0.0001603 0.0001176 0.00016385 0.0001647 0.00017135 0.00016325 0.00011675 0.0001341 0.00015815 0.00013015 0.0001257 0.00015475 0.0001492 0.0001702 0.0001276 0.000159 0.0001586 0.00015185 0.0001403 0.0001663 0.0001698 0.0001539 0.0001493 0.0001544
15 0.0001704 0.00013065 0.0001657 0.0001382 0.0001692 0.0001323 0.00017715 0.0001738 0.00016175 0.0001746 0.00012595 0.00017425 0.0001369 0.0001538 0.0001597 0.0001699 0.0001331 0.0001248 0.0001156 0.00018115 0.0001725 0.0001268 0.00015095 0.000146 0.00015105 0.00014135 0.00017575 0.0001597 0.0001611 0.0001716 0.0001705 0.00012595 0.0001633 0.00017635 0.0001554 0.00016435 0.0001652 0.0001369 0.0001348 0.00016165 0.00012485 0.00017375 0.00017305 0.0001705 0.0001785 0.00017325 0.0001641 0.00010355 0.00014585 0.0001156 0.0001695 0.00017625 0.0001705 0.00017485 0.00016245 0.00017635 0.00017245 0.0001392 0.00012165 0.0001647 0.0001391 0.00012595 0.0001679 0.0001349
16 0.00013735 0.00017255 0.00014855 0.00013745 0.00016745 0.00017575 0.0001484 0.00015045 0.0001497 0.00014495 0.00013945 0.0001714 0.0001584 0.0001591 0.00015845 0.0001331 0.0001849 0.00012765 0.00015365 0.00017205 0.00016535 0.00014 0.00015865 0.0001479 0.00015105 0.00015055 0.0001608 0.00016645 0.00016555 0.00017885 0.00013745 0.00013945 0.0001621 0.00016825 0.0001185 0.00012725 0.00016815 0.0001584 0.00017025 0.00015645 9.795e-05 0.00017275 0.00017035 0.00012335 0.0001691 0.00017 0.0001718 0.0001572 0.00017575 0.00015365 0.0001325 0.00018225 0.0001773 0.000139 0.00016495 0.00016825 0.0001653 0.0001466 0.00012995 9.26e-05 0.00016795 0.0001691 0.0001545 0.0001579
17 0.0001243 0.00012435 0.00016015 0.00012095 0.00016545 0.00013795 0.0001443 0.0001548 0.000143 0.00013425 0.0001767 0.000168 0.0001182 0.0001645 0.0001657 0.0001248 0.00012765 0.0001501 0.00011725 0.0001569 0.0001549 0.0001743 0.0001745 0.0001479 0.0001652 0.000169 0.0001535 0.00016765 0.0001708 0.0001762 0.00012435 0.0001767 0.0001596 0.0001547 0.00011725 0.00011605 0.0001734 0.0001182 0.0001425 0.0001622 0.0001249 0.0001779 0.00016525 0.0001054 0.0001588 0.000168 0.00016115 0.00010855 0.00014775 0.00011725 0.00012265 0.00017355 0.0001793 0.0001274 0.00016825 0.0001547 0.00015485 0.0001587 0.0001746 7.51e-05 0.00013365 0.00012695 0.0001299 0.0001632
18 0.0001492 0.00011425 0.00013465 0.0001192 0.00015185 0.0001195 0.0001645 0.0001627 0.00013785 0.000157 0.0001417 0.00015305 0.0001308 0.00011725 0.00013015 0.0001156 0.00015365 0.00011725 0.0001644 0.00016775 0.0001536 0.00014645 0.0001446 0.00010345 0.0001064 0.00013445 0.00016615 0.00013615 0.0001238 0.0001403 0.0001493 0.0001417 0.00014275 0.0001548 0.0001172 0.0001446 0.00012935 0.0001308 0.00011895 0.00013175 0.0001507 0.0001544 0.00015305 0.0001578 0.0001705 0.00015735 0.0001417 8.87e-05 0.0001307 8.22e-05 0.0001587 0.0001462 0.00014185 0.0001654 0.0001277 0.0001548 0.00015355 0.00015285 0.000136 0.00015235 0.00013235 0.0001083 0.00015905 0.0001269
19 0.00014345 0.00015405 0.00017535 0.00016645 0.0001666 0.0001751 0.00014105 0.0001752 0.0001294 0.0001539 0.00017965 0.00015555 0.00013755 0.00017295 0.00016695 0.00018115 0.00017205 0.0001569 0.00016775 0.0001934 0.0001324 0.00018145 0.0001617 0.0001625 0.00017215 0.0001748 0.00013215 0.000181 0.00016675 0.0001525 0.00014355 0.00017965 0.0001659 0.00011875 0.0001572 0.00015005 0.0001641 0.0001376 0.00016815 0.00016535 0.0001707 0.0001628 0.00015295 0.00012155 0.0001206 0.0001639 0.0001667 0.0001755 0.00015065 0.00016775 0.0001546 0.0001406 0.00016305 0.00013075 0.00015975 0.00011875 0.00013235 0.00017975 0.00017915 0.00014645 0.00017405 0.0001659 0.00012565 0.00017595
20 0.00013265 0.00014205 0.0001594 0.00015855 0.0001275 0.000132 0.00013295 0.0001744 0.000115 0.0001321 0.000169 0.00014545 0.000133 0.0001512 0.00015865 0.0001725 0.00016535 0.0001549 0.0001536 0.0001324 0.000172 0.0001334 0.00014795 0.00013725 0.00014755 0.0001629 0.00012965 0.00014675 0.00011255 0.0001385 0.00013275 0.000169 0.00015925 0.00010295 0.00014425 0.0001428 0.00012945 0.00013295 0.0001653 0.000154 0.00016325 0.0001621 0.00014445 0.00011585 0.00013755 0.0001444 0.00015765 0.0001684 0.000141 0.0001536 0.00015915 0.0001198 0.00011845 0.00017005 0.000138 0.00010295 8.6e-05 0.00014895 0.00017425 0.00014565 0.0001739 0.0001607 0.00011105 0.00017295
21 0.00015325 0.0001478 0.0001464 0.00015885 0.0001298 0.0001258 0.0001761 0.00017245 0.000159 0.00015735 0.00011435 0.00015025 0.00017665 0.00013895 0.0001542 0.0001268 0.00014 0.0001743 0.00014645 0.00018145 0.0001334 0.0001697 0.00012525 0.00013175 0.00012805 0.00013505 0.00018395 0.0001371 0.0001038 0.0001353 0.00015335 0.00011435 0.00016045 0.0001544 0.00015195 0.00016185 0.0001271 0.00017665 0.000156 0.0001487 0.0001324 0.0001634 0.0001508 0.0001809 0.0001818 0.0001531 0.0001655 0.00015705 0.0001493 0.00014645 0.00018275 0.00012675 0.00011285 0.0001852 0.00013015 0.0001544 0.0001334 0.0001256 0.00011395 0.0001799 0.0001731 0.0001563 0.0001768 0.00014025
22 0.00013125 0.0001248 0.000157 0.00016455 0.00014575 0.00014305 0.00018235 0.0001801 0.00015905 0.0001532 0.0001254 0.00012685 0.00017455 0.00013435 0.00016 0.00015095 0.00015865 0.0001745 0.0001446 0.0001617 0.00014795 0.00012525 0.0001629 0.00013845 0.00013785 0.00011065 0.0001859 0.00014395 0.00012265 9.92e-05 0.00013135 0.0001254 0.00015735 0.0001305 0.0001511 0.00016025 0.0001333 0.00017455 0.0001411 0.00015185 0.00015755 0.00015255 0.0001283 0.0001802 0.00016995 0.00015635 0.000163 0.0001641 0.00012625 0.0001446 0.00018255 8.155e-05 0.0001146 0.0001691 0.0001143 0.0001305 0.0001479 0.00013405 0.00012465 0.0001811 0.00017185 0.0001424 0.00017625 0.000117
23 0.0001397 0.0001415 0.0001041 0.0001154 0.00013635 0.00013535 0.00015515 0.0001542 0.00011595 0.00013835 0.00011065 0.000144 0.00015805 7.235e-05 0.00011205 0.000146 0.0001479 0.0001479 0.00010345 0.0001625 0.00013725 0.00013175 0.00013845 9.21e-05 5.93e-05 0.00011215 0.000166 0.0001363 8.625e-05 0.0001061 0.00013975 0.00011065 0.000116 0.00014335 0.0001017 0.0001289 8.9e-05 0.00015805 0.00012345 0.00010145 0.00014435 0.0001315 0.00014245 0.00014975 0.00015875 0.00013905 0.00013905 0.0001191 0.0001509 0.00010345 0.0001621 0.00013325 0.00010275 0.0001674 0.0001003 0.00014335 0.0001372 0.00015405 0.00012115 0.0001462 0.0001599 0.0001143 0.0001583 0.0001152
24 0.00014775 0.0001522 7.61e-05 9.79e-05 0.0001438 0.0001331 0.0001547 0.0001509 0.00013535 0.00014565 0.0001231 0.0001498 0.000171 6.64e-05 9.62e-05 0.00015105 0.00015105 0.0001652 0.0001064 0.00017215 0.00014755 0.00012805 0.00013785 5.93e-05 2.89e-05 0.00012355 0.0001725 0.0001241 6.9e-05 0.0001242 0.00014785 0.0001231 0.000135 0.0001532 0.000102 0.0001425 7.205e-05 0.000171 0.00014045 8.925e-05 0.00014675 0.00014205 0.00014945 0.0001662 0.00017925 0.0001468 0.0001407 0.0001112 0.00015385 0.0001064 0.000167 0.00013475 0.0001171 0.00017425 7.465e-05 0.0001532 0.0001475 0.00015835 9.92e-05 0.0001609 0.0001705 0.0001416 0.00017705 0.00013245
25 0.0001617 0.00014905 0.00015 0.0001587 0.000155 0.0001518 0.0001839 0.00017595 0.0001509 0.0001602 0.0001146 0.0001547 0.0001646 9.71e-05 0.00015235 0.00014135 0.00015055 0.000169 0.00013445 0.0001748 0.0001629 0.00013505 0.00011065 0.00011215 0.00012355 0.0001593 0.00018215 0.0001486 0.00012905 0.00012225 0.0001618 0.0001146 0.00012295 0.000162 0.00014715 0.0001572 0.0001328 0.0001646 0.0001227 0.0001404 0.00015415 0.00014035 0.0001541 0.00018195 0.0001711 0.0001587 0.00014975 0.0001511 0.000145 0.00013445 0.0001824 0.00014175 0.0001211 0.00018355 0.00013725 0.000162 0.00016285 0.0001377 0.0001275 0.0001818 0.0001673 0.0001295 0.00018465 0.00010905
26 0.00016175 0.00017135 0.00017665 0.00016115 0.0001768 0.0001773 0.00013145 0.00017855 0.0001251 0.00015675 0.0001894 0.000178 0.00012145 0.00017215 0.00012705 0.00017575 0.0001608 0.0001535 0.00016615 0.00013215 0.00012965 0.00018395 0.0001859 0.000166 0.0001725 0.00018215 0.0001598 0.0001527 0.0001749 0.00018495 0.00016185 0.0001894 0.00017305 0.0001298 0.0001566 0.0001589 0.00016785 0.0001214 0.00017565 0.0001723 0.0001663 0.00013425 0.00017695 0.000112 0.0001358 0.0001697 0.0001291 0.0001662 0.00016495 0.00016615 0.00011445 0.0001796 0.000184 0.0001652 0.00017715 0.0001298 0.0001296 0.00016105 0.0001883 0.00014405 0.000176 0.00017665 9.205e-05 0.00019195
27 0.00016325 0.00015895 0.00014315 0.000146 0.0001468 0.0001406 0.0001702 0.0001702 0.00016285 0.00016635 0.00015635 0.00016335 0.00017245 0.0001367 0.0001242 0.0001597 0.00016645 0.00016765 0.00013615 0.000181 0.00014675 0.0001371 0.00014395 0.0001363 0.0001241 0.0001486 0.0001527 0.0001745 0.00011975 0.00015555 0.00016335 0.00015635 0.0001696 0.00016505 0.0001405 0.0001692 0.00014455 0.00017245 0.0001631 0.0001485 0.00016415 0.00014345 0.0001651 0.00017375 0.0001789 0.00017155 0.0001425 0.0001416 0.00016515 0.00013615 0.0001493 0.00015455 0.0001375 0.00017985 0.0001407 0.00016505 0.0001467 0.00011555 0.0001483 0.0001721 0.00017035 0.0001599 0.0001463 0.0001541
28 0.0001333 0.00013185 0.00010665 0.0001362 0.00011315 0.00010545 0.00016465 0.0001652 0.00014065 0.000135 0.0001336 0.00013285 0.0001716 9.19e-05 0.0001231 0.0001611 0.00016555 0.0001708 0.0001238 0.00016675 0.00011255 0.0001038 0.00012265 8.625e-05 6.9e-05 0.00012905 0.0001749 0.00011975 0.0001091 0.0001043 0.0001334 0.0001336 0.0001393 0.00013245 0.0001253 0.0001431 7.74e-05 0.0001716 0.00013925 0.0001131 0.0001627 0.00014265 0.00013305 0.0001714 0.0001773 0.0001359 0.00014095 0.000139 0.0001324 0.0001238 0.00017575 9.435e-05 8.03e-05 0.0001809 8.895e-05 0.00013245 0.0001125 0.00014155 0.000133 0.0001724 0.00017215 0.00014175 0.00016945 0.0001403
29 0.0001151 0.0001078 0.00015095 0.0001667 0.0001349 0.00013155 0.0001852 0.00018155 0.0001483 0.0001477 0.00011055 0.00010845 0.00017295 0.00011165 0.0001487 0.0001716 0.00017885 0.0001762 0.0001403 0.0001525 0.0001385 0.0001353 9.92e-05 0.0001061 0.0001242 0.00012225 0.00018495 0.00015555 0.0001043 9.34e-05 0.00011525 0.00011055 0.00013315 0.0001138 0.00014765 0.00015285 0.00011265 0.00017295 0.00010585 0.000143 0.00017905 0.00011795 0.00011025 0.0001822 0.0001508 0.0001432 0.00014365 0.0001635 0.000108 0.0001403 0.0001807 4.67e-05 7.15e-05 0.0001625 9.14e-05 0.0001138 0.00013845 0.0001671 0.0001322 0.00018365 0.00016725 0.00010775 0.00018025 0.0001047
30 8.995e-05 0.00012445 0.0001479 0.00014425 0.00014455 0.00014785 0.0001473 0.00015905 0.00014145 0.0001197 0.00016135 0.00012785 0.0001553 0.000152 0.00016055 0.0001705 0.00013745 0.00012435 0.0001493 0.00014355 0.00013275 0.00015335 0.00013135 0.00013975 0.00014785 0.0001618 0.00016185 0.00016335 0.0001334 0.00011525 0.0001798 0.00016135 0.00015765 0.00011555 0.00011485 0.00011475 0.000141 0.0001553 0.0001536 0.00015345 0.00013615 0.00016025 0.00012725 0.00011545 0.0001543 0.0001521 0.0001615 0.00016485 0.0001317 0.0001493 0.00013325 9e-05 0.00013115 0.0001229 0.00012175 0.00011555 0.0001327 0.00016545 0.0001588 8.995e-05 0.00016765 0.00014965 0.00014005 0.0001605
31 0.00016125 0.0001547 0.0001476 0.00015635 0.00015745 0.00015675 0.00018305 0.00017145 0.0001555 0.0001709 8.185e-05 0.00015265 0.00017945 0.0001214 0.00014845 0.00012595 0.00013945 0.0001767 0.0001417 0.00017965 0.000169 0.00011435 0.0001254 0.00011065 0.0001231 0.0001146 0.0001894 0.00015635 0.0001336 0.00011055 0.00016135 0.0001637 0.00014275 0.00016525 0.0001483 0.0001643 0.000137 0.00017945 0.0001274 0.0001442 0.00013265 0.00013745 0.0001537 0.00018725 0.0001643 0.0001608 0.00016105 0.00015235 0.00015695 0.0001417 0.00018255 0.00013925 0.00011705 0.00017725 0.0001326 0.00016525 0.00016895 0.00014675 9.655e-05 0.0001834 0.0001681 0.00012595 0.0001919 0.000101
32 0.00015755 0.00015375 0.000153 0.0001622 0.00011645 0.0001572 0.000173 0.00013015 0.00012805 0.00015645 0.00014275 0.0001199 0.0001577 0.00011135 0.00015605 0.0001633 0.0001621 0.0001596 0.00014275 0.0001659 0.00015925 0.00016045 0.00015735 0.000116 0.000135 0.00012295 0.00017305 0.0001696 0.0001393 0.00013315 0.00015765 0.00014275 0.0001656 0.00016015 0.0001466 0.000124 0.000138 0.0001577 0.00012965 0.00010575 0.00016725 0.0001451 0.00011735 0.000166 0.000161 0.0001151 0.00014885 0.00015755 0.00014835 0.00014275 0.0001721 0.0001517 0.0001313 0.00016975 0.0001466 0.00016015 0.0001592 0.0001729 0.000158 0.00016355 0.00012625 0.00013515 0.0001764 0.00014595
33 0.0001154 0.00012495 0.00016645 0.0001612 0.000146 0.0001484 0.000137 0.00018 0.0001162 0.0001348 0.00016525 0.00012925 0.00013035 0.00015355 0.000159 0.00017635 0.00016825 0.0001547 0.0001548 0.00011875 0.00010295 0.0001544 0.0001305 0.00014335 0.0001532 0.000162 0.0001298 0.00016505 0.00013245 0.0001138 0.00011555 0.00016525 0.00016015 0.0001713 0.0001453 0.000144 0.00013515 0.0001303 0.0001552 0.0001582 0.00016695 0.0001548 0.0001288 0.0001155 0.00012975 0.00014865 0.0001566 0.0001712 0.0001215 0.0001548 0.0001565 8.565e-05 0.00012795 0.0001552 0.00012375 8.57e-05 0.0001029 0.0001693 0.00016615 0.0001453 0.0001739 0.00015305 0.0001123 0.0001649
34 0.00011475 0.0001548 0.0001134 0.0001148 0.00014965 0.00016015 0.0001324 0.00013775 0.00012465 0.0001252 0.0001483 0.0001507 0.0001556 0.0001251 0.00013065 0.0001554 0.0001185 0.00011725 0.0001172 0.0001572 0.00014425 0.00015195 0.0001511 0.0001017 0.000102 0.00014715 0.0001566 0.0001405 0.0001253 0.00014765 0.00011485 0.0001483 0.0001466 0.0001453 0.0001544 0.00010635 0.0001294 0.0001556 0.0001592 0.00012465 0.0001155 0.0001603 0.0001507 0.00010775 0.0001597 0.0001537 0.0001564 0.00013875 0.0001654 0.0001172 0.0001242 0.0001523 0.00014795 0.00012815 0.00012805 0.0001453 0.0001442 0.00015865 0.0001374 7.735e-05 0.00016165 0.0001501 0.00014275 0.0001487
35 0.00011465 0.00015295 0.00013955 0.00013565 0.000126 0.0001622 0.0001393 0.00012245 0.000116 0.00011755 0.0001643 0.00012995 0.00015365 0.0001466 0.0001598 0.00016435 0.00012725 0.00011605 0.0001446 0.00015005 0.0001428 0.00016185 0.00016025 0.0001289 0.0001425 0.0001572 0.0001589 0.0001692 0.0001431 0.00015285 0.00011475 0.0001643 0.000124 0.000144 0.00010635 0.0001555 0.00014225 0.00015365 0.0001611 0.00011985 0.0001262 0.00016645 0.0001272 0.0001071 0.00015725 0.0001251 0.00016205 0.0001599 0.00016315 0.0001446 0.0001291 0.00015155 0.00015035 0.0001282 0.00014985 0.000144 0.00014275 0.00016625 0.00016605 7.79e-05 0.0001388 0.0001542 0.00014155 0.00016545
36 0.0001409 0.0001409 0.00010545 0.0001383 0.00013295 0.00012785 0.0001576 0.00016105 0.0001349 0.0001143 0.000137 0.0001391 0.00016775 9.355e-05 0.0001229 0.0001652 0.00016815 0.0001734 0.00012935 0.0001641 0.00012945 0.0001271 0.0001333 8.9e-05 7.205e-05 0.0001328 0.00016785 0.00014455 7.74e-05 0.00011265 0.000141 0.000137 0.000138 0.00013515 0.0001294 0.00014225 0.0001152 0.00016775 0.00014105 0.0001132 0.00016535 0.00014125 0.00013865 0.00016765 0.0001743 0.0001132 0.0001378 0.00014255 0.0001399 0.00012935 0.0001746 0.0001084 0.00010285 0.0001833 9.75e-05 0.00013515 0.00012945 0.00016545 0.00013695 0.00017355 0.0001704 0.0001451 0.00017085 0.00014525
37 0.0001552 0.00013045 0.00017955 0.0001445 0.00017045 0.00014035 0.00014095 0.0001784 0.0001261 0.00015565 0.00017945 0.00017035 9.315e-05 0.00015985 0.0001601 0.0001369 0.0001584 0.0001182 0.0001308 0.0001376 0.00013295 0.00017665 0.00017455 0.00015805 0.000171 0.0001646 0.0001214 0.00017245 0.0001716 0.00017295 0.0001553 0.00017945 0.0001577 0.0001303 0.0001556 0.00015365 0.00016775 0.0001861 0.00013675 0.0001692 0.0001618 0.00016515 0.0001678 0.0001181 0.00013965 0.00016655 0.0001502 0.00012165 0.0001302 0.0001308 0.00014795 0.00016745 0.0001767 0.0001651 0.0001696 0.0001303 0.0001329 0.00016985 0.0001808 0.0001431 0.00014225 0.0001359 0.0001148 0.00016855
38 0.0001535 0.0001133 0.00016265 0.00015265 0.0001583 0.0001235 0.00018875 0.0001817 0.00015765 0.0001664 0.0001274 0.0001485 0.00013675 0.0001158 0.00015055 0.0001348 0.00017025 0.0001425 0.00011895 0.00016815 0.0001653 0.000156 0.0001411 0.00012345 0.00014045 0.0001227 0.00017565 0.0001631 0.00013925 0.00010585 0.0001536 0.0001274 0.00012965 0.0001552 0.0001592 0.0001611 0.00014105 0.00013675 0.0001748 0.00015295 0.00017515 0.0001264 0.0001482 0.0001844 0.0001596 0.00016005 0.00013535 0.00011815 0.0001135 0.00011895 0.00017305 0.0001243 0.00011605 0.0001731 0.0001357 0.0001552 0.00016525 0.0001683 0.00014795 0.00018285 0.00013875 9.48e-05 0.00018185 0.00011255
39 0.00015335 0.0001605 0.000117 0.00013515 0.0001131 0.00015335 0.00015795 0.00011705 0.00012515 0.00015035 0.0001442 0.00011885 0.0001692 0.0001114 0.00013245 0.00016165 0.00015645 0.0001622 0.00013175 0.00016535 0.000154 0.0001487 0.00015185 0.00010145 8.925e-05 0.0001404 0.0001723 0.0001485 0.0001131 0.000143 0.00015345 0.0001442 0.00010575 0.0001582 0.00012465 0.00011985 0.0001132 0.0001692 0.00015295 0.0001657 0.00015465 0.00015615 0.00011735 0.0001599 0.00016895 0.00011315 0.00015505 0.00014145 0.00016175 0.00013175 0.0001672 0.00015165 0.00013785 0.00016585 0.0001237 0.0001582 0.00015395 0.00016495 0.00013865 0.0001552 0.0001308 0.0001518 0.0001724 0.00015035
40 0.00013605 0.0001713 0.00014455 0.0001339 0.0001671 0.00017305 0.00014515 0.00014895 0.00014865 0.0001429 0.00013265 0.000172 0.0001618 0.00016175 0.0001603 0.00012485 9.795e-05 0.0001249 0.0001507 0.0001707 0.00016325 0.0001324 0.00015755 0.00014435 0.00014675 0.00015415 0.0001663 0.00016415 0.0001627 0.00017905 0.00013615 0.00013265 0.00016725 0.00016695 0.0001155 0.0001262 0.00016535 0.0001618 0.00017515 0.00015465 0.0001793 0.00017975 0.0001708 0.00012055 0.0001678 0.0001697 0.0001789 0.0001537 0.00018065 0.0001507 0.0001351 0.00018245 0.0001767 0.0001377 0.0001629 0.00016695 0.0001632 0.0001451 0.00012315 8.98e-05 0.0001685 0.00016785 0.0001517 0.0001568
41 0.00016015 0.0001543 0.00015985 0.0001694 0.00016475 0.00016055 0.00017935 0.00018195 0.00015675 0.0001676 0.00013745 0.00015625 0.00016515 0.0001282 0.0001176 0.00017375 0.00017275 0.0001779 0.0001544 0.0001628 0.0001621 0.0001634 0.00015255 0.0001315 0.00014205 0.00014035 0.00013425 0.00014345 0.00014265 0.00011795 0.00016025 0.00013745 0.0001451 0.0001548 0.0001603 0.00016645 0.00014125 0.00016515 0.0001264 0.00015615 0.00017975 0.0001911 0.00015745 0.0001784 0.00015585 0.0001633 0.00011435 0.0001628 0.00014835 0.0001544 0.00013965 0.00013655 0.00012345 0.0001733 0.00014335 0.0001548 0.00016205 0.0001596 0.00015555 0.0001839 0.0001726 0.00013565 0.0001592 0.00013605
42 0.00012725 0.00012965 0.00016015 0.0001682 0.00010735 0.0001486 0.0001716 0.00013445 0.00013635 0.0001496 0.0001537 9.22e-05 0.0001678 0.00014875 0.00016385 0.00017305 0.00017035 0.00016525 0.00015305 0.00015295 0.00014445 0.0001508 0.0001283 0.00014245 0.00014945 0.0001541 0.00017695 0.0001651 0.00013305 0.00011025 0.00012725 0.0001537 0.00011735 0.0001288 0.0001507 0.0001272 0.00013865 0.0001678 0.0001482 0.00011735 0.0001708 0.00015745 0.0001831 0.0001644 0.00016 0.0001129 0.00016225 0.0001707 0.00012975 0.00015305 0.0001724 9.165e-05 0.00012495 0.00015545 0.0001238 0.0001288 0.0001444 0.0001694 0.0001553 0.000163 0.00013095 0.0001482 0.00016815 0.00015405
43 0.0001154 0.0001655 0.0001575 0.00013355 0.00016475 0.0001792 0.000102 0.00015085 0.0001046 0.0001176 0.00018725 0.00016715 0.00011805 0.00017395 0.0001647 0.0001705 0.00012335 0.0001054 0.0001578 0.00012155 0.00011585 0.0001809 0.0001802 0.00014975 0.0001662 0.00018195 0.000112 0.00017375 0.0001714 0.0001822 0.00011545 0.00018725 0.000166 0.0001155 0.00010775 0.0001071 0.00016765 0.0001181 0.0001844 0.0001599 0.00012055 0.0001784 0.0001644 0.0001107 0.00012355 0.00016095 0.000171 0.000165 0.0001723 0.0001578 0.00011145 0.00017545 0.00018225 0.00012245 0.0001707 0.0001155 0.0001158 0.0001684 0.0001834 5.54e-05 0.00016925 0.0001722 8.595e-05 0.00018945
44 0.0001542 0.00016505 0.0001807 0.00016965 0.0001678 0.00017905 0.000141 0.0001712 0.000133 0.0001612 0.0001643 0.0001605 0.0001397 0.00017205 0.00017135 0.0001785 0.0001691 0.0001588 0.0001705 0.0001206 0.00013755 0.0001818 0.00016995 0.00015875 0.00017925 0.0001711 0.0001358 0.0001789 0.0001773 0.0001508 0.0001543 0.0001643 0.000161 0.00012975 0.0001597 0.00015725 0.0001743 0.00013965 0.0001596 0.00016895 0.0001678 0.00015585 0.00016 0.00012355 0.0001979 0.00016475 0.0001729 0.0001765 0.0001616 0.0001705 0.00015725 0.00016045 0.0001576 0.0001386 0.0001703 0.00012975 0.0001375 0.0001764 0.00017745 0.0001481 0.0001695 0.00015535 0.0001267 0.00016145
45 0.000152 0.0001557 0.00015185 0.0001676 0.0001086 0.0001546 0.00016045 0.00012465 0.00012935 0.0001262 0.0001608 0.0001145 0.00016655 0.000148 0.00016325 0.00017325 0.00017 0.000168 0.00015735 0.0001639 0.0001444 0.0001531 0.00015635 0.00013905 0.0001468 0.0001587 0.0001697 0.00017155 0.0001359 0.0001432 0.0001521 0.0001608 0.0001151 0.00014865 0.0001537 0.0001251 0.0001132 0.00016655 0.00016005 0.00011315 0.0001697 0.0001633 0.0001129 0.00016095 0.00016475 0.0001718 0.0001601 0.0001714 0.0001567 0.00015735 0.00017385 0.0001397 0.000138 0.00017265 0.0001465 0.00014865 0.0001444 0.0001729 0.0001673 0.00016445 0.00012915 0.00015915 0.00016825 0.000167
46 0.0001614 0.00014675 0.00015715 0.00016475 0.0001633 0.0001474 0.0001739 0.0001795 0.0001529 0.00016085 0.00016105 0.0001616 0.0001502 0.0001317 0.00011675 0.0001641 0.0001718 0.00016115 0.0001417 0.0001667 0.00015765 0.0001655 0.000163 0.00013905 0.0001407 0.00014975 0.0001291 0.0001425 0.00014095 0.00014365 0.0001615 0.00016105 0.00014885 0.0001566 0.0001564 0.00016205 0.0001378 0.0001502 0.00013535 0.00015505 0.0001789 0.00011435 0.00016225 0.000171 0.0001729 0.0001601 0.0001842 0.00014935 0.00014205 0.0001417 0.0001355 0.000147 0.0001429 0.00017735 0.0001479 0.0001566 0.0001576 0.0001613 0.00016685 0.00017595 0.00015165 0.00014335 0.000152 0.00016175
47 0.00016475 0.00011475 0.00014025 0.00010155 0.0001679 0.00011195 0.0001697 0.00016915 0.0001559 0.0001687 0.00015235 0.00017225 0.00012165 0.0001279 0.0001341 0.00010355 0.0001572 0.00010855 8.87e-05 0.0001755 0.0001684 0.00015705 0.0001641 0.0001191 0.0001112 0.0001511 0.0001662 0.0001416 0.000139 0.0001635 0.00016485 0.00015235 0.00015755 0.0001712 0.00013875 0.0001599 0.00014255 0.00012165 0.00011815 0.00014145 0.0001537 0.0001628 0.0001707 0.000165 0.0001765 0.0001714 0.00014935 0.0001169 0.0001378 8.87e-05 0.0001595 0.00017095 0.000165 0.00017055 0.00014045 0.0001712 0.00016835 0.0001531 0.00014415 0.0001587 0.00012655 0.00010725 0.00016005 0.0001308
48 0.0001316 9.695e-05 0.0001718 0.00016515 0.00014925 0.00011655 0.00018045 0.00018865 0.0001549 0.00015805 0.00015695 0.00013005 0.0001302 0.00013845 0.00015815 0.00014585 0.00017575 0.00014775 0.0001307 0.00015065 0.000141 0.0001493 0.00012625 0.0001509 0.00015385 0.000145 0.00016495 0.00016515 0.0001324 0.000108 0.0001317 0.00015695 0.00014835 0.0001215 0.0001654 0.00016315 0.0001399 0.0001302 0.0001135 0.00016175 0.00018065 0.00014835 0.00012975 0.0001723 0.0001616 0.0001567 0.00014205 0.0001378 0.0001614 0.0001307 0.00017415 8.08e-05 0.0001244 0.00016745 0.00012185 0.0001215 0.00014095 0.00017125 0.0001588 0.00018255 0.0001484 0.0001241 0.0001626 0.00015035
49 0.0001492 0.00011425 0.00013465 0.0001192 0.00015185 0.0001195 0.0001645 0.0001627 0.00013785 0.000157 0.0001417 0.00015305 0.0001308 0.00011725 0.00013015 0.0001156 0.00015365 0.00011725 8.22e-05 0.00016775 0.0001536 0.00014645 0.0001446 0.00010345 0.0001064 0.00013445 0.00016615 0.00013615 0.0001238 0.0001403 0.0001493 0.0001417 0.00014275 0.0001548 0.0001172 0.0001446 0.00012935 0.0001308 0.00011895 0.00013175 0.0001507 0.0001544 0.00015305 0.0001578 0.0001705 0.00015735 0.0001417 8.87e-05 0.0001307 0.0001644 0.0001587 0.0001462 0.00014185 0.0001654 0.0001277 0.0001548 0.00015355 0.00015285 0.000136 0.00015235 0.00013235 0.0001083 0.00015905 0.0001269
50 0.00013315 0.0001677 0.00015745 0.00014385 0.00017505 0.00017665 0.0001409 0.00015675 0.0001498 0.00014235 0.00018255 0.0001729 0.00014795 0.00017235 0.0001257 0.0001695 0.0001325 0.00012265 0.0001587 0.0001546 0.00015915 0.00018275 0.00018255 0.0001621 0.000167 0.0001824 0.00011445 0.0001493 0.00017575 0.0001807 0.00013325 0.00018255 0.0001721 0.0001565 0.0001242 0.0001291 0.0001746 0.00014795 0.00017305 0.0001672 0.0001351 0.00013965 0.0001724 0.00011145 0.00015725 0.00017385 0.0001355 0.0001595 0.00017415 0.0001587 0.0001762 0.0001782 0.00018435 0.00012985 0.0001722 0.0001565 0.0001591 0.0001569 0.000178 8.825e-05 0.0001682 0.00017015 0.00011925 0.00018335
51 8.98e-05 8.375e-05 0.00015675 0.0001718 0.0001257 0.00011695 0.00018225 0.0001881 0.00015295 0.0001368 0.00013925 8.98e-05 0.00016745 0.0001315 0.00015475 0.00017625 0.00018225 0.00017355 0.0001462 0.0001406 0.0001198 0.00012675 8.155e-05 0.00013325 0.00013475 0.00014175 0.0001796 0.00015455 9.435e-05 4.67e-05 9e-05 0.00013925 0.0001517 8.565e-05 0.0001523 0.00015155 0.0001084 0.00016745 0.0001243 0.00015165 0.00018245 0.00013655 9.165e-05 0.00017545 0.00016045 0.0001397 0.000147 0.00017095 8.08e-05 0.0001462 0.0001782 0.0 7.675e-05 0.00015555 7.465e-05 8.565e-05 0.00011975 0.00016625 0.00014145 0.00017975 0.0001722 0.0001304 0.00016635 0.00013585
52 0.00013105 0.000125 0.0001426 0.0001668 0.00011545 0.00011525 0.00018085 0.0001778 0.00014665 0.00014295 0.00011705 0.0001237 0.0001767 0.00010725 0.0001492 0.0001705 0.0001773 0.0001793 0.00014185 0.00016305 0.00011845 0.00011285 0.0001146 0.00010275 0.0001171 0.0001211 0.000184 0.0001375 8.03e-05 7.15e-05 0.00013115 0.00011705 0.0001313 0.00012795 0.00014795 0.00015035 0.00010285 0.0001767 0.00011605 0.00013785 0.0001767 0.00012345 0.00012495 0.00018225 0.0001576 0.000138 0.0001429 0.000165 0.0001244 0.00014185 0.00018435 7.675e-05 0.0001157 0.00017815 0.0001042 0.00012795 0.00011845 0.0001475 0.0001415 0.0001855 0.0001705 0.0001197 0.0001782 0.00011705
53 0.00012285 0.00016015 0.000162 0.0001516 0.0001703 0.0001812 0.0001512 0.0001514 0.00015995 0.0001478 0.00017725 0.00015595 0.0001651 0.00018045 0.0001702 0.00017485 0.000139 0.0001274 0.0001654 0.00013075 0.00017005 0.0001852 0.0001691 0.0001674 0.00017425 0.00018355 0.0001652 0.00017985 0.0001809 0.0001625 0.0001229 0.00017725 0.00016975 0.0001552 0.00012815 0.0001282 0.0001833 0.0001651 0.0001731 0.00016585 0.0001377 0.0001733 0.00015545 0.00012245 0.0001386 0.00017265 0.00017735 0.00017055 0.00016745 0.0001654 0.00012985 0.00015555 0.00017815 0.0001803 0.00016385 0.0001552 0.00017 0.0001779 0.00016955 9.02e-05 0.0001659 0.00016705 0.00015615 0.0001748
54 0.0001216 0.00012125 0.00011925 0.00013095 0.000138 0.00012835 0.00016835 0.0001683 0.00014655 0.0001449 0.0001326 0.000123 0.0001696 0.00010375 0.0001276 0.00016245 0.00016495 0.00016825 0.0001277 0.00015975 0.000138 0.00013015 0.0001143 0.0001003 7.465e-05 0.00013725 0.00017715 0.0001407 8.895e-05 9.14e-05 0.00012175 0.0001326 0.0001466 0.00012375 0.00012805 0.00014985 9.75e-05 0.0001696 0.0001357 0.0001237 0.0001629 0.00014335 0.0001238 0.0001707 0.0001703 0.0001465 0.0001479 0.00014045 0.00012185 0.0001277 0.0001722 7.465e-05 0.0001042 0.00016385 0.0001493 0.00012375 0.00013795 0.0001628 0.00011585 0.0001687 0.00017065 0.000138 0.0001728 0.00013615
55 0.0001154 0.00012495 0.00016645 0.0001612 0.000146 0.0001484 0.000137 0.00018 0.0001162 0.0001348 0.00016525 0.00012925 0.00013035 0.00015355 0.000159 0.00017635 0.00016825 0.0001547 0.0001548 0.00011875 0.00010295 0.0001544 0.0001305 0.00014335 0.0001532 0.000162 0.0001298 0.00016505 0.00013245 0.0001138 0.00011555 0.00016525 0.00016015 8.57e-05 0.0001453 0.000144 0.00013515 0.0001303 0.0001552 0.0001582 0.00016695 0.0001548 0.0001288 0.0001155 0.00012975 0.00014865 0.0001566 0.0001712 0.0001215 0.0001548 0.0001565 8.565e-05 0.00012795 0.0001552 0.00012375 0.0001713 0.0001029 0.0001693 0.00016615 0.0001453 0.0001739 0.00015305 0.0001123 0.0001649
56 0.0001326 0.000142 0.00015935 0.0001585 0.0001275 0.000132 0.0001329 0.00017435 0.00011495 0.0001321 0.00016895 0.0001454 0.00013295 0.00015115 0.0001586 0.00017245 0.0001653 0.00015485 0.00015355 0.00013235 8.6e-05 0.0001334 0.0001479 0.0001372 0.0001475 0.00016285 0.0001296 0.0001467 0.0001125 0.00013845 0.0001327 0.00016895 0.0001592 0.0001029 0.0001442 0.00014275 0.00012945 0.0001329 0.00016525 0.00015395 0.0001632 0.00016205 0.0001444 0.0001158 0.0001375 0.0001444 0.0001576 0.00016835 0.00014095 0.00015355 0.0001591 0.00011975 0.00011845 0.00017 0.00013795 0.0001029 0.0001719 0.0001489 0.0001742 0.0001456 0.00017385 0.00016065 0.000111 0.0001729
57 0.00016535 0.0001596 0.0001647 0.000158 0.00014905 0.00014555 0.00017215 0.0001722 0.00016415 0.0001672 0.00014675 0.0001704 0.00016985 0.00015935 0.00015185 0.0001392 0.0001466 0.0001587 0.00015285 0.00017975 0.00014895 0.0001256 0.00013405 0.00015405 0.00015835 0.0001377 0.00016105 0.00011555 0.00014155 0.0001671 0.00016545 0.00014675 0.0001729 0.0001693 0.00015865 0.00016625 0.00016545 0.00016985 0.0001683 0.00016495 0.0001451 0.0001596 0.0001694 0.0001684 0.0001764 0.0001729 0.0001613 0.0001531 0.00017125 0.00015285 0.0001569 0.00016625 0.0001475 0.0001779 0.0001628 0.0001693 0.0001489 0.0001789 0.00014495 0.0001646 0.00017025 0.0001604 0.0001454 0.0001469
