 slim_761962053 slim_761962091 slim_761962057 slim_761962072 slim_761962038 slim_761962075 slim_761962050 slim_761962047 slim_761962073 slim_761962046 slim_761962052 slim_761962037 slim_761962076 slim_761962062 slim_761962048 slim_761962081 slim_761962089 slim_761962080 slim_761962092 slim_761962058 slim_761962078 slim_761962059 slim_761962043 slim_761962093 slim_761962090 slim_761962054 slim_761962071 slim_761962051 slim_761962079 slim_761962074 slim_761962088 slim_761962094 slim_761962070 slim_761962042 slim_761962039 slim_761962045 slim_761962068 slim_761962066 slim_761962087 slim_761962077 slim_761962083 slim_761962095 slim_761962056 slim_761962040 slim_761962041 slim_761962069 slim_761962086 slim_761962065 slim_761962049 slim_761962060 slim_761962036 slim_761962084 slim_761962044 slim_761962061 slim_761962085 slim_761962067 slim_761962082 slim_761962064 slim_761962063 slim_761962055
0 3.55e-05 0.0001508 0.00014525 0.0001536 6.73e-05 0.0001526 0.00016175 0.00015475 9.52e-05 0.00016595 0.00014415 0.00013295 0.0001353 8.695e-05 0.0001486 9.205e-05 0.0001563 0.00014425 0.00015885 0.000166 0.00015505 0.000108 0.00014335 0.0001526 0.00017085 9.21e-05 0.00014785 0.00016805 0.0001536 0.0001285 0.0001582 0.00010115 0.00016735 0.00014515 0.00015755 0.0001481 7.605e-05 0.0001702 0.0001476 0.00013055 0.00016495 0.00010775 9.19e-05 0.0001597 0.0001367 0.0001053 0.00017105 0.00014065 0.0001256 0.00016105 0.00013645 0.0001613 0.00013115 0.00015655 0.00016735 0.0001023 0.0001709 0.00016305 0.0001367 9.32e-05
1 0.0001508 0.0001604 0.0001619 0.00016475 0.0001481 0.00013545 0.00014955 0.0001641 0.00014555 0.0001579 0.00016765 0.00010765 0.00013865 0.0001671 0.0001723 0.00015435 0.00014835 0.00014465 0.00012095 0.00015795 0.00015775 0.00015085 0.0001154 0.00016085 0.0001563 0.0001544 0.00017245 0.00012645 0.00016475 0.00016 0.0001395 0.00016615 0.0001599 0.00012585 0.00016395 0.00013075 0.0001558 0.0001595 0.00015785 0.00016375 0.0001286 0.0001663 0.0001595 0.0001701 0.00016685 0.0001597 0.0001512 0.0001456 0.00017135 0.00016555 0.00015415 0.0001446 0.00017085 8.975e-05 0.0001599 0.0001227 0.00015635 0.0001405 0.00016685 0.0001614
2 0.00014525 0.0001619 0.0001638 0.000167 0.0001523 0.00016635 0.00015825 0.0001671 0.00014995 0.0001599 9.28e-05 0.00015775 0.0001576 0.0001146 0.00012795 0.00015705 0.00015865 0.0001565 0.00015665 0.00015995 0.00012 0.00014965 0.0001237 0.00012105 0.00015735 0.0001571 9.59e-05 0.00015965 0.000167 0.00014785 0.00015895 0.0001333 0.0001576 0.0001661 0.0001208 0.00013115 0.00011455 0.0001385 0.00010955 0.00014655 0.00015925 0.00012 0.0001536 0.00016145 0.00013885 0.00011985 0.00016085 0.0001568 0.00010755 0.00012095 0.00011965 0.0001537 8.975e-05 0.0001584 0.0001576 0.0001462 0.0001574 0.0001585 0.00013885 0.0001512
3 0.0001536 0.00016475 0.000167 0.0001359 0.0001296 0.0001102 0.00013875 6.865e-05 0.00013335 6.795e-05 0.00016945 0.0001416 0.00014625 0.00015505 0.0001169 0.0001292 0.0001255 0.00017465 0.0001648 6.795e-05 0.0001718 0.00012325 0.0001646 0.00011865 0.00012005 0.00012925 0.0001586 0.00012795 6.795e-05 0.00011875 0.0001553 0.00014285 0.0001147 0.0001181 0.0001198 0.00016265 0.0001561 0.0001193 0.0001692 0.0001126 0.00011005 0.0001388 0.0001061 9.335e-05 0.0001205 0.00013815 0.0001432 0.0001058 0.0001616 0.00011695 0.00014045 0.0001111 0.00017085 0.00016025 0.0001147 0.0001527 0.00012005 0.000143 0.0001205 0.0001528
4 6.73e-05 0.0001481 0.0001523 0.0001296 9.91e-05 0.00013305 0.00015485 0.0001302 0.00011525 0.00014625 0.00014875 0.00010315 0.00011245 0.0001056 0.00013725 9.835e-05 0.0001595 0.00016965 0.0001599 0.0001463 0.0001686 0.00012695 0.0001411 0.00014695 0.0001586 9.835e-05 0.0001535 0.00015085 0.0001296 0.00013225 0.0001589 0.0001054 0.00015475 0.0001348 0.0001528 0.0001445 9.62e-05 0.0001548 0.0001606 0.00011905 0.0001497 0.00011095 9.79e-05 0.0001406 0.00012435 0.00010855 0.00015905 0.0001023 0.00012675 0.000154 0.00010565 0.00014155 0.00014605 0.00015495 0.00015475 0.0001127 0.00015865 0.00014835 0.00012435 0.0001063
5 0.0001526 0.00013545 0.00016635 0.0001102 0.00013305 0.000171 0.0001454 0.00011025 0.0001382 0.0001347 0.00017245 0.00011325 0.00014605 0.0001568 0.00012785 0.0001447 0.0001521 0.0001673 0.00013135 0.00013475 0.0001699 0.0001525 0.0001647 0.00015405 0.0001493 0.00014475 0.0001735 0.0001026 0.0001102 0.00015235 0.0001637 0.0001485 0.00014685 9.475e-05 0.00015255 0.00013015 0.00015295 0.0001472 0.00016955 0.00014355 0.00011015 0.00014525 0.0001391 0.0001197 0.0001302 0.0001398 0.00015495 0.00013125 0.00016125 0.00015245 0.0001464 0.0001451 0.00017505 9.47e-05 0.00014685 0.0001211 0.00014935 0.0001558 0.0001302 0.00015115
6 0.00016175 0.00014955 0.00015825 0.00013875 0.00015485 0.0001454 9.38e-05 0.0001399 0.0001206 0.0001272 0.00017055 0.00014735 0.00013345 0.0001645 0.00015925 0.00013255 0.00011845 0.00014065 0.00016005 0.00012725 0.0001432 0.0001392 0.0001507 0.0001433 9.595e-05 0.0001326 0.00016905 0.00010905 0.00013875 0.00014595 0.00013085 0.00016555 0.0001509 0.00014795 0.0001438 0.00015665 0.00015435 0.00015035 0.000148 0.00014995 0.00013385 0.00016225 0.00014395 0.00011525 0.0001615 0.0001566 8.46e-05 0.0001418 0.0001705 0.0001478 0.0001587 0.00011555 0.00016255 0.0001431 0.0001509 0.0001608 9.6e-05 0.0001585 0.0001615 0.00016755
7 0.00015475 0.0001641 0.0001671 6.865e-05 0.0001302 0.00011025 0.0001399 0.000136 0.00013395 6.92e-05 0.0001695 0.00014165 0.00014685 0.00015565 0.00011695 0.00013035 0.0001267 0.00017525 0.00016455 6.925e-05 0.0001724 0.0001245 0.000164 0.00011935 0.00012125 0.0001304 0.00015925 0.0001286 6.865e-05 0.00012 0.0001552 0.00014345 0.0001151 0.00011815 0.00012045 0.0001627 0.00015675 0.0001191 0.0001693 0.0001133 0.00011075 0.0001389 0.0001073 9.4e-05 0.00012055 0.00013825 0.00014435 0.00010645 0.00016165 0.0001176 0.0001405 0.00011175 0.00017145 0.0001603 0.0001151 0.00015275 0.0001213 0.00014205 0.00012055 0.0001531
8 9.52e-05 0.00014555 0.00014995 0.00013335 0.00011525 0.0001382 0.0001206 0.00013395 0.0001737 0.00014245 0.00015595 0.0001318 0.0001382 0.00013135 0.0001416 0.00012955 0.0001447 0.0001446 0.00015015 0.0001425 0.0001544 0.00012185 0.0001475 0.0001481 0.0001455 0.0001296 0.0001564 0.00012105 0.00013335 0.00013785 0.00015395 0.0001286 0.0001531 0.00013045 0.0001496 0.0001525 0.00012215 0.00015185 0.00015075 0.0001445 0.0001473 0.0001287 0.00012305 0.0001299 0.0001385 0.0001222 0.00015205 0.00013555 0.0001528 0.0001508 0.000143 0.0001306 0.0001501 0.00014445 0.0001531 0.0001269 0.00014555 0.00015935 0.0001385 0.0001336
9 0.00016595 0.0001579 0.0001599 6.795e-05 0.00014625 0.0001347 0.0001272 6.92e-05 0.00014245 0.0 0.0001584 0.00014475 0.0001541 0.0001609 0.00014635 0.0001158 9.49e-05 0.0001769 0.00016365 5e-08 0.00016885 8.88e-05 0.0001583 7.875e-05 8.34e-05 0.00011585 0.0001395 0.0001223 6.795e-05 8.255e-05 0.00013885 0.0001562 8.28e-05 0.00014885 8.32e-05 0.0001467 0.0001638 8.925e-05 0.0001634 8.95e-05 6.675e-05 0.0001544 8.245e-05 0.00011205 0.00014785 0.00015705 0.0001168 9.67e-05 0.00016795 7.85e-05 0.0001423 6.97e-05 0.0001599 0.0001477 8.28e-05 0.0001617 8.345e-05 0.0001225 0.00014785 0.00016515
10 0.00014415 0.00016765 9.28e-05 0.00016945 0.00014875 0.00017245 0.00017055 0.0001695 0.00015595 0.0001584 5.64e-05 0.0001613 0.00015555 8.585e-05 0.0001043 0.00015525 0.000158 0.0001556 0.0001607 0.00015845 9.275e-05 0.000149 0.00016195 0.0001147 0.00015585 0.0001553 3.8e-05 0.00016835 0.00016945 0.00014405 0.00015745 9.27e-05 0.0001557 0.0001745 9.37e-05 9.63e-05 0.00015035 0.0001234 0.0001039 0.0001204 0.0001614 0.00011065 0.00015095 0.00016375 0.00010435 0.0001538 0.0001602 0.0001553 5.53e-05 9.335e-05 9.115e-05 0.0001578 3.815e-05 0.0001665 0.0001557 0.00014615 0.0001559 0.000155 0.0001043 0.00014815
11 0.00013295 0.00010765 0.00015775 0.0001416 0.00010315 0.00011325 0.00014735 0.00014165 0.0001318 0.00014475 0.0001613 0.0001465 0.0001142 0.0001509 0.00015355 0.0001384 0.00014995 0.0001531 0.00011705 0.0001448 0.00016205 0.00014115 0.0001443 0.000154 0.00015305 0.00013845 0.00016665 0.0001119 0.0001416 0.00015115 0.00014635 0.00014515 0.0001529 0.0001058 0.0001569 0.00012095 0.0001398 0.00015075 0.0001573 0.0001421 0.0001164 0.0001473 0.0001389 0.00014995 0.0001461 0.000139 0.0001526 0.00011205 0.0001541 0.0001568 0.00012105 0.0001379 0.00016705 8.065e-05 0.0001529 0.00010335 0.0001531 0.0001492 0.0001461 0.00014695
12 0.0001353 0.00013865 0.0001576 0.00014625 0.00011245 0.00014605 0.00013345 0.00014685 0.0001382 0.0001541 0.00015555 0.0001142 0.000179 0.0001486 0.00015005 0.00012835 0.00012005 0.00011575 0.0001522 0.00015415 0.00012575 0.0001399 0.0001458 0.00015435 0.00013215 0.0001284 0.00015955 0.00014885 0.00014625 0.00015565 0.0001176 0.0001417 0.0001599 0.0001386 0.0001563 0.0001515 0.0001443 0.00015895 0.00012855 0.0001415 0.0001539 0.0001443 0.00014475 0.00014195 0.0001438 0.00014365 0.0001158 0.00012425 0.00014535 0.000158 0.0001257 0.00014985 0.00015705 0.0001463 0.0001599 0.0001399 0.0001322 0.0001512 0.0001438 0.00015045
13 8.695e-05 0.0001671 0.0001146 0.00015505 0.0001056 0.0001568 0.0001645 0.00015565 0.00013135 0.0001609 8.585e-05 0.0001509 0.0001486 0.0001554 0.0001134 0.0001216 0.00016055 0.0001576 0.0001641 0.00016095 0.0001208 0.0001353 0.0001586 0.00013445 0.0001621 0.0001216 8.8e-05 0.0001667 0.00015505 0.0001386 0.000162 9.875e-05 0.0001605 0.0001587 0.0001177 0.0001292 0.00011455 0.00014375 0.00012845 0.00012745 0.00016265 0.0001055 0.0001193 0.00015525 0.00012155 0.0001272 0.0001644 0.00014665 8.585e-05 0.00011935 0.00010565 0.0001604 7.775e-05 0.00016635 0.0001605 0.00012305 0.00016215 0.00016085 0.00012155 0.0001188
14 0.0001486 0.0001723 0.00012795 0.0001169 0.00013725 0.00012785 0.00015925 0.00011695 0.0001416 0.00014635 0.0001043 0.00015355 0.00015005 0.0001134 0.0001747 0.0001515 0.00015625 0.0001627 0.00016315 0.0001464 0.0001263 0.00015595 0.00017045 0.0001378 0.0001555 0.00015155 0.0001032 0.0001498 0.0001169 0.0001521 0.0001644 0.0001175 0.0001504 0.0001297 0.00011755 0.0001447 0.0001539 0.00013375 0.0001378 0.0001347 0.00015725 0.0001178 0.0001429 0.00011735 0.0001043 0.0001374 0.00016415 0.00013815 0.0001052 0.0001169 0.00011125 0.0001565 0.00010335 0.0001701 0.0001504 0.00014365 0.00015555 0.0001613 0.0001043 0.00014685
15 9.205e-05 0.00015435 0.00015705 0.0001292 9.835e-05 0.0001447 0.00013255 0.00013035 0.00012955 0.0001158 0.00015525 0.0001384 0.00012835 0.0001216 0.0001515 0.0001652 0.00012515 0.000156 0.00016505 0.00011585 0.0001517 0.00011935 0.00014965 0.0001332 0.00012655 8.265e-05 0.0001582 0.00015185 0.0001292 0.000122 0.0001312 0.0001291 0.00014165 0.00015265 0.0001342 0.0001484 0.00011805 0.00014155 0.0001551 0.00012415 0.0001313 0.0001328 9.925e-05 0.0001543 0.00014625 0.00013425 0.00010995 0.00013125 0.0001465 0.0001382 0.0001373 0.00013465 0.00014645 0.0001548 0.00014165 0.0001348 0.0001266 0.00013835 0.00014625 0.000125
16 0.0001563 0.00014835 0.00015865 0.0001255 0.0001595 0.0001521 0.00011845 0.0001267 0.0001447 9.49e-05 0.000158 0.00014995 0.00012005 0.00016055 0.00015625 0.00012515 0.0001714 0.0001138 0.0001577 9.49e-05 0.0001212 0.000116 0.0001559 0.00012465 0.00010015 0.0001252 0.00015175 0.00014425 0.0001255 0.0001291 0.00010805 0.0001589 0.0001324 0.00015085 0.00012115 0.0001538 0.0001627 0.00013365 0.00012755 0.00013025 0.0001214 0.00016 0.0001298 0.00013535 0.00015785 0.0001632 9.555e-05 0.000139 0.00016105 0.0001257 0.0001554 0.0001253 0.00015445 0.0001468 0.0001324 0.0001588 0.00010015 0.00014435 0.00015785 0.00016725
17 0.00014425 0.00014465 0.0001565 0.00017465 0.00016965 0.0001673 0.00014065 0.00017525 0.0001446 0.0001769 0.0001556 0.0001531 0.00011575 0.0001576 0.0001627 0.000156 0.0001138 0.0001086 0.0001533 0.00017695 0.0001038 0.00013565 0.00016 0.0001684 0.00014215 0.00015605 0.0001572 0.0001631 0.00017465 0.0001724 0.00011765 0.00016075 0.00017735 0.00015065 0.0001633 0.00016015 0.0001609 0.00017685 0.00011235 0.00016405 0.00016955 0.0001622 0.0001695 0.0001576 0.0001652 0.00016215 0.0001287 0.00017295 0.00015215 0.00016505 0.0001652 0.0001732 0.00015235 0.0001456 0.00017735 0.00014795 0.0001422 0.0001748 0.0001652 0.00016985
18 0.00015885 0.00012095 0.00015665 0.0001648 0.0001599 0.00013135 0.00016005 0.00016455 0.00015015 0.00016365 0.0001607 0.00011705 0.0001522 0.0001641 0.00016315 0.00016505 0.0001577 0.0001533 0.0001641 0.0001637 0.0001565 0.00015705 0.00015625 0.0001618 0.0001642 0.0001651 0.0001634 0.00012485 0.0001648 0.00014365 0.0001383 0.00016455 0.00012295 0.00012395 0.0001619 0.00012885 0.0001602 0.0001342 0.00015475 0.0001651 0.0001302 0.00016285 0.0001657 0.0001669 0.0001634 0.00015925 0.0001636 0.00013995 0.0001635 0.0001621 0.0001563 0.0001597 0.0001642 8.94e-05 0.00012295 0.00012425 0.00016425 0.00012245 0.0001634 0.0001249
19 0.000166 0.00015795 0.00015995 6.795e-05 0.0001463 0.00013475 0.00012725 6.925e-05 0.0001425 5e-08 0.00015845 0.0001448 0.00015415 0.00016095 0.0001464 0.00011585 9.49e-05 0.00017695 0.0001637 1e-07 0.0001689 8.88e-05 0.00015835 7.88e-05 8.345e-05 0.0001159 0.00013955 0.00012235 6.795e-05 8.255e-05 0.0001389 0.00015625 8.28e-05 0.0001489 8.32e-05 0.00014675 0.00016385 8.925e-05 0.00016345 8.95e-05 6.675e-05 0.00015445 8.25e-05 0.0001121 0.0001479 0.0001571 0.00011685 9.675e-05 0.000168 7.855e-05 0.00014235 6.97e-05 0.00015995 0.00014775 8.28e-05 0.00016175 8.345e-05 0.00012255 0.0001479 0.0001652
20 0.00015505 0.00015775 0.00012 0.0001718 0.0001686 0.0001699 0.0001432 0.0001724 0.0001544 0.00016885 9.275e-05 0.00016205 0.00012575 0.0001208 0.0001263 0.0001517 0.0001212 0.0001038 0.0001565 0.0001689 0.0001559 0.00014835 0.0001634 0.00014195 0.00013575 0.00015175 9.41e-05 0.0001648 0.0001718 0.0001621 0.0001208 0.00013515 0.00016575 0.0001626 0.0001213 0.0001363 0.00016275 0.000148 9.65e-05 0.00015 0.00016695 0.00013895 0.00016625 0.0001567 0.0001411 0.0001624 0.00012125 0.0001687 0.00010455 0.00012345 0.0001258 0.0001688 8.885e-05 0.0001578 0.00016575 0.00015035 0.0001358 0.0001638 0.0001411 0.00016305
21 0.000108 0.00015085 0.00014965 0.00012325 0.00012695 0.0001525 0.0001392 0.0001245 0.00012185 8.88e-05 0.000149 0.00014115 0.0001399 0.0001353 0.00015595 0.00011935 0.000116 0.00013565 0.00015705 8.88e-05 0.00014835 0.0001776 0.0001509 0.00011745 0.00012535 0.0001194 0.0001414 0.0001438 0.00012325 0.00010955 0.00013885 0.00014005 0.0001291 0.00015125 0.0001221 0.0001455 0.00013065 0.00013195 0.0001419 0.0001193 0.00011795 0.00014245 0.0001026 0.0001408 0.00015075 0.0001419 0.00014215 0.0001275 0.00015205 0.00012155 0.0001459 0.00011775 0.00014325 0.000146 0.0001291 0.00013915 0.00012535 0.00014685 0.00015075 0.00014285
22 0.00014335 0.0001154 0.0001237 0.0001646 0.0001411 0.0001647 0.0001507 0.000164 0.0001475 0.0001583 0.00016195 0.0001443 0.0001458 0.0001586 0.00017045 0.00014965 0.0001559 0.00016 0.00015625 0.00015835 0.0001634 0.0001509 0.0001544 0.0001403 0.000157 0.0001497 0.0001671 0.00015825 0.0001646 0.00015025 0.0001489 0.00016085 0.00015875 0.00016215 0.00016285 0.00015615 0.0001121 0.0001582 0.00014215 0.0001597 0.0001584 0.00014435 0.0001527 0.00016685 0.0001623 0.0001218 0.000154 0.0001459 0.0001656 0.00016425 0.00015265 0.00014145 0.00016175 0.000156 0.00015875 0.0001551 0.00015705 0.0001372 0.0001623 0.00015305
23 0.0001526 0.00016085 0.00012105 0.00011865 0.00014695 0.00015405 0.0001433 0.00011935 0.0001481 7.875e-05 0.0001147 0.000154 0.00015435 0.00013445 0.0001378 0.0001332 0.00012465 0.0001684 0.0001618 7.88e-05 0.00014195 0.00011745 0.0001403 0.0001575 0.00011825 0.00013325 0.00010805 0.0001451 0.00011865 0.00011095 0.00014575 0.00013685 0.00011835 0.00016215 0.0001001 0.0001309 0.00013825 0.00010615 0.00011725 0.0001138 0.00011415 0.00011905 0.00011525 0.0001371 0.00013535 0.0001421 0.00013625 0.00012645 0.000133 9.8e-05 0.0001297 0.00011085 0.000114 0.0001577 0.00011835 0.0001608 0.0001183 0.0001366 0.00013535 0.00015475
24 0.00017085 0.0001563 0.00015735 0.00012005 0.0001586 0.0001493 9.595e-05 0.00012125 0.0001455 8.34e-05 0.00015585 0.00015305 0.00013215 0.0001621 0.0001555 0.00012655 0.00010015 0.00014215 0.0001642 8.345e-05 0.00013575 0.00012535 0.000157 0.00011825 0.0001668 0.0001266 0.0001475 0.00012855 0.00012005 0.00012535 0.0001229 0.00016015 0.00012665 0.00015765 0.00011905 0.0001496 0.00016495 0.00012905 0.0001401 0.0001251 0.00011265 0.0001596 0.0001266 0.00012 0.00015695 0.00016315 8.34e-05 0.0001334 0.0001606 0.00011895 0.00015095 0.00010915 0.0001543 0.0001503 0.00012665 0.00016605 8.345e-05 0.00014205 0.00015695 0.00016975
25 9.21e-05 0.0001544 0.0001571 0.00012925 9.835e-05 0.00014475 0.0001326 0.0001304 0.0001296 0.00011585 0.0001553 0.00013845 0.0001284 0.0001216 0.00015155 8.265e-05 0.0001252 0.00015605 0.0001651 0.0001159 0.00015175 0.0001194 0.0001497 0.00013325 0.0001266 0.0001653 0.00015825 0.0001519 0.00012925 0.00012205 0.00013125 0.0001291 0.0001417 0.0001527 0.00013425 0.00014845 0.0001181 0.0001416 0.00015515 0.0001242 0.00013135 0.0001328 9.925e-05 0.00015435 0.0001463 0.00013425 0.00011 0.0001313 0.00014655 0.00013825 0.00013735 0.0001347 0.0001465 0.00015485 0.0001417 0.00013485 0.00012665 0.0001384 0.0001463 0.000125
26 0.00014785 0.00017245 9.59e-05 0.0001586 0.0001535 0.0001735 0.00016905 0.00015925 0.0001564 0.0001395 3.8e-05 0.00016665 0.00015955 8.8e-05 0.0001032 0.0001582 0.00015175 0.0001572 0.0001634 0.00013955 9.41e-05 0.0001414 0.0001671 0.00010805 0.0001475 0.00015825 5.76e-05 0.00016645 0.0001586 0.00013645 0.0001598 9.945e-05 0.0001465 0.00017555 8.665e-05 0.00010825 0.000155 0.00012 0.0001072 0.0001204 0.0001544 0.00011205 0.00014335 0.0001529 0.0001124 0.0001552 0.0001624 0.00014875 6.505e-05 8.42e-05 9.435e-05 0.00014875 4.03e-05 0.0001714 0.0001465 0.0001501 0.00014755 0.0001576 0.0001124 0.00015025
27 0.00016805 0.00012645 0.00015965 0.00012795 0.00015085 0.0001026 0.00010905 0.0001286 0.00012105 0.0001223 0.00016835 0.0001119 0.00014885 0.0001667 0.0001498 0.00015185 0.00014425 0.0001631 0.00012485 0.00012235 0.0001648 0.0001438 0.00015825 0.0001451 0.00012855 0.0001519 0.00016645 0.0001432 0.00012795 0.0001463 0.0001574 0.0001585 0.0001414 0.00011145 0.0001458 0.0001211 0.00016015 0.0001406 0.0001653 0.00014975 9.7e-05 0.0001562 0.0001448 0.00012765 0.00015205 0.0001488 0.00013565 0.00013455 0.00017165 0.00014425 0.0001503 0.00011665 0.00016955 8.05e-05 0.0001414 0.00012725 0.0001286 0.0001527 0.00015205 0.0001638
28 0.0001536 0.00016475 0.000167 6.795e-05 0.0001296 0.0001102 0.00013875 6.865e-05 0.00013335 6.795e-05 0.00016945 0.0001416 0.00014625 0.00015505 0.0001169 0.0001292 0.0001255 0.00017465 0.0001648 6.795e-05 0.0001718 0.00012325 0.0001646 0.00011865 0.00012005 0.00012925 0.0001586 0.00012795 0.0001359 0.00011875 0.0001553 0.00014285 0.0001147 0.0001181 0.0001198 0.00016265 0.0001561 0.0001193 0.0001692 0.0001126 0.00011005 0.0001388 0.0001061 9.335e-05 0.0001205 0.00013815 0.0001432 0.0001058 0.0001616 0.00011695 0.00014045 0.0001111 0.00017085 0.00016025 0.0001147 0.0001527 0.00012005 0.000143 0.0001205 0.0001528
29 0.0001285 0.00016 0.00014785 0.00011875 0.00013225 0.00015235 0.00014595 0.00012 0.00013785 8.255e-05 0.00014405 0.00015115 0.00015565 0.0001386 0.0001521 0.000122 0.0001291 0.0001724 0.00014365 8.255e-05 0.0001621 0.00010955 0.00015025 0.00011095 0.00012535 0.00012205 0.00013645 0.0001463 0.00011875 0.0001651 0.00014605 0.00014335 0.0001021 0.00016035 0.0001165 0.00014425 0.0001371 0.00011805 0.00015475 0.00011695 0.00011605 0.00014485 0.00010525 0.00014255 0.0001469 0.00014835 0.00014215 0.00010955 0.00015035 0.00011595 0.00014295 0.0001159 0.0001383 0.0001577 0.0001021 0.0001554 0.00012535 0.00011985 0.0001469 0.00012475
30 0.0001582 0.0001395 0.00015895 0.0001553 0.0001589 0.0001637 0.00013085 0.0001552 0.00015395 0.00013885 0.00015745 0.00014635 0.0001176 0.000162 0.0001644 0.0001312 0.00010805 0.00011765 0.0001383 0.0001389 0.0001208 0.00013885 0.0001489 0.00014575 0.0001229 0.00013125 0.0001598 0.0001574 0.0001553 0.00014605 0.0001683 0.00016275 0.00013695 0.0001567 0.00014465 0.0001567 0.0001637 0.0001399 0.00013075 0.0001524 0.00014725 0.00016205 0.00015285 0.0001609 0.0001647 0.00016605 0.0001013 0.00014765 0.00016155 0.00014805 0.0001541 0.0001504 0.0001562 0.0001487 0.00013695 0.00015785 0.00012295 0.00012655 0.0001647 0.00015085
31 0.00010115 0.00016615 0.0001333 0.00014285 0.0001054 0.0001485 0.00016555 0.00014345 0.0001286 0.0001562 9.27e-05 0.00014515 0.0001417 9.875e-05 0.0001175 0.0001291 0.0001589 0.00016075 0.00016455 0.00015625 0.00013515 0.00014005 0.00016085 0.00013685 0.00016015 0.0001291 9.945e-05 0.0001585 0.00014285 0.00014335 0.00016275 0.0001596 0.00015705 0.0001504 0.0001296 0.00012365 0.0001264 0.00014465 0.000141 0.00011805 0.00016185 9.89e-05 0.00012405 0.00014305 0.00010465 0.0001206 0.0001652 0.000137 9.275e-05 0.00013095 0.0001123 0.00015705 0.0001032 0.00016945 0.00015705 0.00013185 0.0001602 0.00015725 0.0001046 0.0001248
32 0.00016735 0.0001599 0.0001576 0.0001147 0.00015475 0.00014685 0.0001509 0.0001151 0.0001531 8.28e-05 0.0001557 0.0001529 0.0001599 0.0001605 0.0001504 0.00014165 0.0001324 0.00017735 0.00012295 8.28e-05 0.00016575 0.0001291 0.00015875 0.00011835 0.00012665 0.0001417 0.0001465 0.0001414 0.0001147 0.0001021 0.00013695 0.00015705 0.0001656 0.00015485 0.0001211 0.0001521 0.0001638 9.825e-05 0.00016175 0.00012625 0.00011485 0.00015455 0.0001248 0.0001385 0.0001519 0.00015805 0.00014355 0.00011275 0.000162 0.00011855 0.0001485 0.0001181 0.000158 0.00015505 8.285e-05 0.00016335 0.00012665 0.0001017 0.0001519 0.0001248
33 0.00014515 0.00012585 0.0001661 0.0001181 0.0001348 9.475e-05 0.00014795 0.00011815 0.00013045 0.00014885 0.0001745 0.0001058 0.0001386 0.0001587 0.0001297 0.00015265 0.00015085 0.00015065 0.00012395 0.0001489 0.0001626 0.00015125 0.00016215 0.00016215 0.00015765 0.0001527 0.00017555 0.00011145 0.0001181 0.00016035 0.0001567 0.0001504 0.00015485 0.0001745 0.00016065 0.00013945 0.00015255 0.0001553 0.00016225 0.0001515 0.00012545 0.00014715 0.00014705 0.0001218 0.00013205 0.0001394 0.0001633 0.00013305 0.00016315 0.00016055 0.0001483 0.00015275 0.0001771 9.465e-05 0.00015485 0.00011365 0.0001577 0.0001638 0.00013205 0.00015295
34 0.00015755 0.00016395 0.0001208 0.0001198 0.0001528 0.00015255 0.0001438 0.00012045 0.0001496 8.32e-05 9.37e-05 0.0001569 0.0001563 0.0001177 0.00011755 0.0001342 0.00012115 0.0001633 0.0001619 8.32e-05 0.0001213 0.0001221 0.00016285 0.0001001 0.00011905 0.00013425 8.665e-05 0.0001458 0.0001198 0.0001165 0.00014465 0.0001296 0.0001211 0.00016065 0.0001574 0.00012865 0.0001597 0.00010405 0.00013195 0.0001142 0.00011585 0.0001338 0.00011995 0.00013905 0.00013255 0.0001567 0.00013335 0.00013205 0.000112 8.1e-05 0.00011385 0.00011725 9.085e-05 0.00015675 0.0001211 0.0001524 0.00011905 0.00014 0.00013255 0.0001578
35 0.0001481 0.00013075 0.00013115 0.00016265 0.0001445 0.00013015 0.00015665 0.0001627 0.0001525 0.0001467 9.63e-05 0.00012095 0.0001515 0.0001292 0.0001447 0.0001484 0.0001538 0.00016015 0.00012885 0.00014675 0.0001363 0.0001455 0.00015615 0.0001309 0.0001496 0.00014845 0.00010825 0.0001211 0.00016265 0.00014425 0.0001567 0.00012365 0.0001521 0.00013945 0.00012865 0.0001634 0.00014935 0.0001368 0.0001356 0.0001292 0.00011425 0.00013805 0.0001471 0.000166 0.00013015 0.00015615 0.00015095 0.00014835 0.0001113 0.00012885 0.00012625 0.00014635 0.0001098 9.105e-05 0.0001521 0.00012355 0.00014965 0.00014945 0.0001301 0.0001524
36 7.605e-05 0.0001558 0.00011455 0.0001561 9.62e-05 0.00015295 0.00015435 0.00015675 0.00012215 0.0001638 0.00015035 0.0001398 0.0001443 0.00011455 0.0001539 0.00011805 0.0001627 0.0001609 0.0001602 0.00016385 0.00016275 0.00013065 0.0001121 0.00013825 0.00016495 0.0001181 0.000155 0.00016015 0.0001561 0.0001371 0.0001637 0.0001264 0.0001638 0.00015255 0.0001597 0.00014935 0.000139 0.000164 0.0001372 0.0001402 0.00016065 0.00011295 0.0001167 0.00015645 0.00014475 9.135e-05 0.00016635 0.00014185 0.00013805 0.0001617 0.0001412 0.0001535 0.0001424 0.00015715 0.0001638 0.00012545 0.000165 0.00016005 0.00014475 0.0001166
37 0.0001702 0.0001595 0.0001385 0.0001193 0.0001548 0.0001472 0.00015035 0.0001191 0.00015185 8.925e-05 0.0001234 0.00015075 0.00015895 0.00014375 0.00013375 0.00014155 0.00013365 0.00017685 0.0001342 8.925e-05 0.000148 0.00013195 0.0001582 0.00010615 0.00012905 0.0001416 0.00012 0.0001406 0.0001193 0.00011805 0.0001399 0.00014465 9.825e-05 0.0001553 0.00010405 0.0001368 0.000164 0.0001553 0.00014165 0.0001272 0.00011705 0.0001395 0.0001293 0.00014365 0.000139 0.00015735 0.00014135 0.0001295 0.0001417 0.00010375 0.00012925 0.00012005 0.00012625 0.0001531 9.825e-05 0.0001594 0.00012905 0.00011205 0.000139 0.00013825
38 0.0001476 0.00015785 0.00010955 0.0001692 0.0001606 0.00016955 0.000148 0.0001693 0.00015075 0.0001634 0.0001039 0.0001573 0.00012855 0.00012845 0.0001378 0.0001551 0.00012755 0.00011235 0.00015475 0.00016345 9.65e-05 0.0001419 0.00014215 0.00011725 0.0001401 0.00015515 0.0001072 0.0001653 0.0001692 0.00015475 0.00013075 0.000141 0.00016175 0.00016225 0.00013195 0.0001356 0.0001372 0.00014165 0.0001422 0.00014705 0.00016375 0.00012045 0.0001598 0.00015335 0.000141 0.00014405 0.00013545 0.0001617 0.0001157 0.0001321 0.0001329 0.0001601 0.0001029 0.00015685 0.00016175 0.00014995 0.00014015 0.00016385 0.000141 0.00015805
39 0.00013055 0.00016375 0.00014655 0.0001126 0.00011905 0.00014355 0.00014995 0.0001133 0.0001445 8.95e-05 0.0001204 0.0001421 0.0001415 0.00012745 0.0001347 0.00012415 0.00013025 0.00016405 0.0001651 8.95e-05 0.00015 0.0001193 0.0001597 0.0001138 0.0001251 0.0001242 0.0001204 0.00014975 0.0001126 0.00011695 0.0001524 0.00011805 0.00012625 0.0001515 0.0001142 0.0001292 0.0001402 0.0001272 0.00014705 0.000179 0.00012035 0.0001316 0.00010535 0.00012705 0.0001214 0.0001422 0.00014395 0.00011595 0.00011165 0.00011165 0.00012535 0.000119 0.00013265 0.0001593 0.00012625 0.0001429 0.0001251 0.00014295 0.0001214 0.00014205
40 0.00016495 0.0001286 0.00015925 0.00011005 0.0001497 0.00011015 0.00013385 0.00011075 0.0001473 6.675e-05 0.0001614 0.0001164 0.0001539 0.00016265 0.00015725 0.0001313 0.0001214 0.00016955 0.0001302 6.675e-05 0.00016695 0.00011795 0.0001584 0.00011415 0.00011265 0.00013135 0.0001544 9.7e-05 0.00011005 0.00011605 0.00014725 0.00016185 0.00011485 0.00012545 0.00011585 0.00011425 0.00016065 0.00011705 0.00016375 0.00012035 0.0001335 0.00016085 0.00011545 0.00013835 0.0001575 0.0001587 0.00012855 0.00012215 0.0001676 0.000114 0.00014825 0.0001036 0.0001641 8.22e-05 0.00011485 0.0001301 0.00011265 0.0001353 0.0001575 0.0001635
41 0.00010775 0.0001663 0.00012 0.0001388 0.00011095 0.00014525 0.00016225 0.0001389 0.0001287 0.0001544 0.00011065 0.0001473 0.0001443 0.0001055 0.0001178 0.0001328 0.00016 0.0001622 0.00016285 0.00015445 0.00013895 0.00014245 0.00014435 0.00011905 0.0001596 0.0001328 0.00011205 0.0001562 0.0001388 0.00014485 0.00016205 9.89e-05 0.00015455 0.00014715 0.0001338 0.00013805 0.00011295 0.0001395 0.00012045 0.0001316 0.00016085 0.0001674 0.00012645 0.00013825 0.00011595 0.00010555 0.00016595 0.00013835 0.00011065 0.0001335 0.000118 0.00015515 0.00011135 0.00016925 0.00015455 0.00013505 0.00015965 0.00015665 0.00011595 0.0001265
42 9.19e-05 0.0001595 0.0001536 0.0001061 9.79e-05 0.0001391 0.00014395 0.0001073 0.00012305 8.245e-05 0.00015095 0.0001389 0.00014475 0.0001193 0.0001429 9.925e-05 0.0001298 0.0001695 0.0001657 8.25e-05 0.00016625 0.0001026 0.0001527 0.00011525 0.0001266 9.925e-05 0.00014335 0.0001448 0.0001061 0.00010525 0.00015285 0.00012405 0.0001248 0.00014705 0.00011995 0.0001471 0.0001167 0.0001293 0.0001598 0.00010535 0.00011545 0.00012645 0.0001649 0.0001312 0.0001377 0.0001279 0.0001434 0.00011425 0.0001422 0.00011935 0.0001348 0.000115 0.0001452 0.00015645 0.0001248 0.00013205 0.00012665 0.0001425 0.0001377 0.0001247
43 0.0001597 0.0001701 0.00016145 9.335e-05 0.0001406 0.0001197 0.00011525 9.4e-05 0.0001299 0.00011205 0.00016375 0.00014995 0.00014195 0.00015525 0.00011735 0.0001543 0.00013535 0.0001576 0.0001669 0.0001121 0.0001567 0.0001408 0.00016685 0.0001371 0.00012 0.00015435 0.0001529 0.00012765 9.335e-05 0.00014255 0.0001609 0.00014305 0.0001385 0.0001218 0.00013905 0.000166 0.00015645 0.00014365 0.00015335 0.00012705 0.00013835 0.00013825 0.0001312 0.0001491 0.00012095 0.0001385 0.00014315 0.0001209 0.0001511 0.00013615 0.00014555 0.0001267 0.00016515 0.00016685 0.0001385 0.00015615 0.00012005 0.00016675 0.00012095 0.00015755
44 0.0001367 0.00016685 0.00013885 0.0001205 0.00012435 0.0001302 0.0001615 0.00012055 0.0001385 0.00014785 0.00010435 0.0001461 0.0001438 0.00012155 0.0001043 0.00014625 0.00015785 0.0001652 0.0001634 0.0001479 0.0001411 0.00015075 0.0001623 0.00013535 0.00015695 0.0001463 0.0001124 0.00015205 0.0001205 0.0001469 0.0001647 0.00010465 0.0001519 0.00013205 0.00013255 0.00013015 0.00014475 0.000139 0.000141 0.0001214 0.0001575 0.00011595 0.0001377 0.00012095 0.0001861 0.00013555 0.00016555 0.00013195 0.00010525 0.00013175 0.0001184 0.0001538 0.0001165 0.0001691 0.0001519 0.0001461 0.000157 0.0001571 9.31e-05 0.00014165
45 0.0001053 0.0001597 0.00011985 0.00013815 0.00010855 0.0001398 0.0001566 0.00013825 0.0001222 0.00015705 0.0001538 0.000139 0.00014365 0.0001272 0.0001374 0.00013425 0.0001632 0.00016215 0.00015925 0.0001571 0.0001624 0.0001419 0.0001218 0.0001421 0.00016315 0.00013425 0.0001552 0.0001488 0.00013815 0.00014835 0.00016605 0.0001206 0.00015805 0.0001394 0.0001567 0.00015615 9.135e-05 0.00015735 0.00014405 0.0001422 0.0001587 0.00010555 0.0001279 0.0001385 0.00013555 0.0001679 0.0001695 0.00013625 0.0001415 0.0001564 0.00013705 0.00015255 0.0001545 0.00016 0.00015805 0.0001294 0.0001632 0.00016015 0.00013555 0.0001288
46 0.00017105 0.0001512 0.00016085 0.0001432 0.00015905 0.00015495 8.46e-05 0.00014435 0.00015205 0.0001168 0.0001602 0.0001526 0.0001158 0.0001644 0.00016415 0.00010995 9.555e-05 0.0001287 0.0001636 0.00011685 0.00012125 0.00014215 0.000154 0.00013625 8.34e-05 0.00011 0.0001624 0.00013565 0.0001432 0.00014215 0.0001013 0.0001652 0.00014355 0.0001633 0.00013335 0.00015095 0.00016635 0.00014135 0.00013545 0.00014395 0.00012855 0.00016595 0.0001434 0.00014315 0.00016555 0.0001695 0.0001 0.00015045 0.00016495 0.00013785 0.0001535 0.00012885 0.0001556 0.0001487 0.00014355 0.00016885 8.345e-05 0.00013795 0.00016555 0.00017005
47 0.00014065 0.0001456 0.0001568 0.0001058 0.0001023 0.00013125 0.0001418 0.00010645 0.00013555 9.67e-05 0.0001553 0.00011205 0.00012425 0.00014665 0.00013815 0.00013125 0.000139 0.00017295 0.00013995 9.675e-05 0.0001687 0.0001275 0.0001459 0.00012645 0.0001334 0.0001313 0.00014875 0.00013455 0.0001058 0.00010955 0.00014765 0.000137 0.00011275 0.00013305 0.00013205 0.00014835 0.00014185 0.0001295 0.0001617 0.00011595 0.00012215 0.00013835 0.00011425 0.0001209 0.00013195 0.00013625 0.00015045 0.0001456 0.00014835 0.00012915 0.0001172 0.0001142 0.00015985 0.00014945 0.00011275 0.0001408 0.00013345 0.00012835 0.00013195 0.0001302
48 0.0001256 0.00017135 0.00010755 0.0001616 0.00012675 0.00016125 0.0001705 0.00016165 0.0001528 0.00016795 5.53e-05 0.0001541 0.00014535 8.585e-05 0.0001052 0.0001465 0.00016105 0.00015215 0.0001635 0.000168 0.00010455 0.00015205 0.0001656 0.000133 0.0001606 0.00014655 6.505e-05 0.00017165 0.0001616 0.00015035 0.00016155 9.275e-05 0.000162 0.00016315 0.000112 0.0001113 0.00013805 0.0001417 0.0001157 0.00011165 0.0001676 0.00011065 0.0001422 0.0001511 0.00010525 0.0001415 0.00016495 0.00014835 0.0001105 0.00011165 9.62e-05 0.00016445 6.52e-05 0.0001692 0.000162 0.0001339 0.00016065 0.0001613 0.00010525 0.00013615
49 0.00016105 0.00016555 0.00012095 0.00011695 0.000154 0.00015245 0.0001478 0.0001176 0.0001508 7.85e-05 9.335e-05 0.0001568 0.000158 0.00011935 0.0001169 0.0001382 0.0001257 0.00016505 0.0001621 7.855e-05 0.00012345 0.00012155 0.00016425 9.8e-05 0.00011895 0.00013825 8.42e-05 0.00014425 0.00011695 0.00011595 0.00014805 0.00013095 0.00011855 0.00016055 8.1e-05 0.00012885 0.0001617 0.00010375 0.0001321 0.00011165 0.000114 0.0001335 0.00011935 0.00013615 0.00013175 0.0001564 0.00013785 0.00012915 0.00011165 0.000157 0.0001132 0.00011515 9.25e-05 0.00015765 0.00011855 0.00015275 0.000119 0.0001409 0.00013175 0.0001593
50 0.00013645 0.00015415 0.00011965 0.00014045 0.00010565 0.0001464 0.0001587 0.0001405 0.000143 0.0001423 9.115e-05 0.00012105 0.0001257 0.00010565 0.00011125 0.0001373 0.0001554 0.0001652 0.0001563 0.00014235 0.0001258 0.0001459 0.00015265 0.0001297 0.00015095 0.00013735 9.435e-05 0.0001503 0.00014045 0.00014295 0.0001541 0.0001123 0.0001485 0.0001483 0.00011385 0.00012625 0.0001412 0.00012925 0.0001329 0.00012535 0.00014825 0.000118 0.0001348 0.00014555 0.0001184 0.00013705 0.0001535 0.0001172 9.62e-05 0.0001132 0.000168 0.0001417 9.335e-05 0.00015615 0.0001485 0.0001334 0.000151 0.00014675 0.0001184 0.0001409
51 0.0001613 0.0001446 0.0001537 0.0001111 0.00014155 0.0001451 0.00011555 0.00011175 0.0001306 6.97e-05 0.0001578 0.0001379 0.00014985 0.0001604 0.0001565 0.00013465 0.0001253 0.0001732 0.0001597 6.97e-05 0.0001688 0.00011775 0.00014145 0.00011085 0.00010915 0.0001347 0.00014875 0.00011665 0.0001111 0.0001159 0.0001504 0.00015705 0.0001181 0.00015275 0.00011725 0.00014635 0.0001535 0.00012005 0.0001601 0.000119 0.0001036 0.00015515 0.000115 0.0001267 0.0001538 0.00015255 0.00012885 0.0001142 0.00016445 0.00011515 0.0001417 0.0001394 0.00016025 0.0001453 0.0001181 0.0001558 0.00010915 0.00013095 0.0001538 0.00016335
52 0.00013115 0.00017085 8.975e-05 0.00017085 0.00014605 0.00017505 0.00016255 0.00017145 0.0001501 0.0001599 3.815e-05 0.00016705 0.00015705 7.775e-05 0.00010335 0.00014645 0.00015445 0.00015235 0.0001642 0.00015995 8.885e-05 0.00014325 0.00016175 0.000114 0.0001543 0.0001465 4.03e-05 0.00016955 0.00017085 0.0001383 0.0001562 0.0001032 0.000158 0.0001771 9.085e-05 0.0001098 0.0001424 0.00012625 0.0001029 0.00013265 0.0001641 0.00011135 0.0001452 0.00016515 0.0001165 0.0001545 0.0001556 0.00015985 6.52e-05 9.25e-05 9.335e-05 0.00016025 5e-05 0.0001704 0.000158 0.0001515 0.00015435 0.0001578 0.0001165 0.0001432
53 0.00015655 8.975e-05 0.0001584 0.00016025 0.00015495 9.47e-05 0.0001431 0.0001603 0.00014445 0.0001477 0.0001665 8.065e-05 0.0001463 0.00016635 0.0001701 0.0001548 0.0001468 0.0001456 8.94e-05 0.00014775 0.0001578 0.000146 0.000156 0.0001577 0.0001503 0.00015485 0.0001714 8.05e-05 0.00016025 0.0001577 0.0001487 0.00016945 0.00015505 9.465e-05 0.00015675 9.105e-05 0.00015715 0.0001531 0.00015685 0.0001593 8.22e-05 0.00016925 0.00015645 0.00016685 0.0001691 0.00016 0.0001487 0.00014945 0.0001692 0.00015765 0.00015615 0.0001453 0.0001704 3.32e-05 0.00015505 9.11e-05 0.00015035 0.00015615 0.0001691 0.0001637
54 0.00016735 0.0001599 0.0001576 0.0001147 0.00015475 0.00014685 0.0001509 0.0001151 0.0001531 8.28e-05 0.0001557 0.0001529 0.0001599 0.0001605 0.0001504 0.00014165 0.0001324 0.00017735 0.00012295 8.28e-05 0.00016575 0.0001291 0.00015875 0.00011835 0.00012665 0.0001417 0.0001465 0.0001414 0.0001147 0.0001021 0.00013695 0.00015705 8.285e-05 0.00015485 0.0001211 0.0001521 0.0001638 9.825e-05 0.00016175 0.00012625 0.00011485 0.00015455 0.0001248 0.0001385 0.0001519 0.00015805 0.00014355 0.00011275 0.000162 0.00011855 0.0001485 0.0001181 0.000158 0.00015505 0.0001656 0.00016335 0.00012665 0.0001017 0.0001519 0.0001248
55 0.0001023 0.0001227 0.0001462 0.0001527 0.0001127 0.0001211 0.0001608 0.00015275 0.0001269 0.0001617 0.00014615 0.00010335 0.0001399 0.00012305 0.00014365 0.0001348 0.0001588 0.00014795 0.00012425 0.00016175 0.00015035 0.00013915 0.0001551 0.0001608 0.00016605 0.00013485 0.0001501 0.00012725 0.0001527 0.0001554 0.00015785 0.00013185 0.00016335 0.00011365 0.0001524 0.00012355 0.00012545 0.0001594 0.00014995 0.0001429 0.0001301 0.00013505 0.00013205 0.00015615 0.0001461 0.0001294 0.00016885 0.0001408 0.0001339 0.00015275 0.0001334 0.0001558 0.0001515 9.11e-05 0.00016335 0.0001674 0.0001661 0.00016455 0.0001461 0.0001336
56 0.0001709 0.00015635 0.0001574 0.00012005 0.00015865 0.00014935 9.6e-05 0.0001213 0.00014555 8.345e-05 0.0001559 0.0001531 0.0001322 0.00016215 0.00015555 0.0001266 0.00010015 0.0001422 0.00016425 8.345e-05 0.0001358 0.00012535 0.00015705 0.0001183 8.345e-05 0.00012665 0.00014755 0.0001286 0.00012005 0.00012535 0.00012295 0.0001602 0.00012665 0.0001577 0.00011905 0.00014965 0.000165 0.00012905 0.00014015 0.0001251 0.00011265 0.00015965 0.00012665 0.00012005 0.000157 0.0001632 8.345e-05 0.00013345 0.00016065 0.000119 0.000151 0.00010915 0.00015435 0.00015035 0.00012665 0.0001661 0.0001669 0.0001421 0.000157 0.0001698
57 0.00016305 0.0001405 0.0001585 0.000143 0.00014835 0.0001558 0.0001585 0.00014205 0.00015935 0.0001225 0.000155 0.0001492 0.0001512 0.00016085 0.0001613 0.00013835 0.00014435 0.0001748 0.00012245 0.00012255 0.0001638 0.00014685 0.0001372 0.0001366 0.00014205 0.0001384 0.0001576 0.0001527 0.000143 0.00011985 0.00012655 0.00015725 0.0001017 0.0001638 0.00014 0.00014945 0.00016005 0.00011205 0.00016385 0.00014295 0.0001353 0.00015665 0.0001425 0.00016675 0.0001571 0.00016015 0.00013795 0.00012835 0.0001613 0.0001409 0.00014675 0.00013095 0.0001578 0.00015615 0.0001017 0.00016455 0.0001421 0.0001614 0.0001571 0.0001216
58 0.0001367 0.00016685 0.00013885 0.0001205 0.00012435 0.0001302 0.0001615 0.00012055 0.0001385 0.00014785 0.0001043 0.0001461 0.0001438 0.00012155 0.0001043 0.00014625 0.00015785 0.0001652 0.0001634 0.0001479 0.0001411 0.00015075 0.0001623 0.00013535 0.00015695 0.0001463 0.0001124 0.00015205 0.0001205 0.0001469 0.0001647 0.0001046 0.0001519 0.00013205 0.00013255 0.0001301 0.00014475 0.000139 0.000141 0.0001214 0.0001575 0.00011595 0.0001377 0.00012095 9.31e-05 0.00013555 0.00016555 0.00013195 0.00010525 0.00013175 0.0001184 0.0001538 0.0001165 0.0001691 0.0001519 0.0001461 0.000157 0.0001571 0.0001861 0.00014165
59 9.32e-05 0.0001614 0.0001512 0.0001528 0.0001063 0.00015115 0.00016755 0.0001531 0.0001336 0.00016515 0.00014815 0.00014695 0.00015045 0.0001188 0.00014685 0.000125 0.00016725 0.00016985 0.0001249 0.0001652 0.00016305 0.00014285 0.00015305 0.00015475 0.00016975 0.000125 0.00015025 0.0001638 0.0001528 0.00012475 0.00015085 0.0001248 0.0001248 0.00015295 0.0001578 0.0001524 0.0001166 0.00013825 0.00015805 0.00014205 0.0001635 0.0001265 0.0001247 0.00015755 0.00014165 0.0001288 0.00017005 0.0001302 0.00013615 0.0001593 0.0001409 0.00016335 0.0001432 0.0001637 0.0001248 0.0001336 0.0001698 0.0001216 0.00014165 0.0001685
