 slim_761921707 slim_761921684 slim_761921708 slim_761921681 slim_761921676 slim_761921670 slim_761921699 slim_761921677 slim_761921697 slim_761921674 slim_761921690 slim_761921655 slim_761921654 slim_761921696 slim_761921693 slim_761921672 slim_761921662 slim_761921663 slim_761921686 slim_761921678 slim_761921695 slim_761921704 slim_761921711 slim_761921658 slim_761921709 slim_761921656 slim_761921667 slim_761921710 slim_761921683 slim_761921685 slim_761921706 slim_761921703 slim_761921692 slim_761921660 slim_761921705 slim_761921691 slim_761921689 slim_761921694 slim_761921671 slim_761921675 slim_761921698 slim_761921701 slim_761921687 slim_761921680 slim_761921712 slim_761921682 slim_761921669 slim_761921679 slim_761921702 slim_761921688 slim_761921666 slim_761921661 slim_761921700 slim_761921665 slim_761921659 slim_761921668 slim_761921664 slim_761921673 slim_761921657
0 0.0001439 7.2e-05 0.00011175 0.0001647 0.0001726 0.00015635 0.0001722 0.0001696 0.00015255 0.00012225 0.00014415 0.0001619 0.00012035 0.00016245 0.00016835 0.00011735 0.0001409 0.000161 0.00016425 0.0001394 0.0001618 0.00013855 0.0001619 0.00016145 0.00016255 0.0001655 0.00015935 0.0001367 9.05e-05 0.00016295 0.0001231 0.0001553 0.0001693 0.0001738 0.00015915 0.00017215 0.0001381 0.0001757 0.0001215 0.00017705 0.0001668 0.0001608 0.00017525 0.000114 0.0001489 0.0001718 0.00013565 0.0001442 0.00014255 0.0001655 0.00014295 0.00016885 0.0001624 0.0001692 0.0001719 0.0001264 0.0001502 0.00012905 0.00015415
1 7.2e-05 2e-07 0.00014805 0.0001708 0.0001803 0.0001571 0.00017985 0.0001802 0.00015125 9.24e-05 0.00018435 0.00017405 9.2e-05 0.0001683 0.0001731 8.61e-05 0.0001297 0.0001695 0.0001706 0.0001308 0.0001702 0.0001792 0.00017415 0.00016765 0.0001672 0.000175 0.0001646 0.00014485 9.055e-05 0.000162 0.00016115 0.0001566 0.00018225 0.0001837 0.00015605 0.0001836 0.0001345 0.0001838 9.12e-05 0.0001891 0.00017685 0.0001597 0.000183 0.00015055 0.00016115 0.00017365 0.00010895 0.000139 0.000152 0.0001654 0.0001529 0.00018165 0.00016445 0.00017765 0.00018215 8.8e-05 0.00015605 9.39e-05 0.00015555
2 0.00011175 0.00014805 0.0001509 0.00016315 0.00017055 0.00012555 0.00016685 0.00016645 7.86e-05 0.0001568 0.00013145 0.00016265 0.00015185 0.0001227 0.0001635 0.0001571 0.00015755 0.00016375 0.00012555 0.0001598 0.00016165 0.0001281 0.000168 0.00016155 0.0001643 0.0001669 0.00016135 0.0001485 0.00011865 0.0001652 0.00012205 0.00012225 0.00016645 0.00017175 0.00015885 0.00016775 0.00015305 0.00016485 0.00015805 0.00017555 0.00016235 0.00016445 0.00017175 0.000116 0.0001562 0.000172 0.0001678 0.0001629 0.0001545 0.00016885 0.00015485 0.00016955 0.0001217 0.00016415 0.00016255 0.0001621 0.0001602 0.0001631 0.00011995
3 0.0001647 0.0001708 0.00016315 0.0001762 0.00017265 0.00017085 0.00015165 0.0001635 0.00016645 0.00017035 0.0001261 0.00015685 0.00015025 0.0001279 0.0001765 0.0001673 0.0001594 0.00013055 0.0001674 0.00015065 0.00012835 0.00016865 0.00016445 0.00015735 0.0001251 0.000167 0.00012595 0.00017055 0.0001661 0.00014795 0.00016785 0.00016435 9.59e-05 0.00015685 0.00016695 0.0001195 0.0001735 0.00017145 0.0001712 0.0001672 0.00015255 0.0001709 0.0001598 0.00012335 0.00016925 0.0001312 0.00016965 0.00015365 0.0001723 0.0001662 0.0001682 0.00015525 0.00015995 0.0001738 0.0001668 0.0001733 0.00017165 0.00017335 0.00016255
4 0.0001726 0.0001803 0.00017055 0.00017265 0.0001774 0.0001397 0.00015605 0.0001359 0.0001751 0.00017905 0.0001702 0.00016155 0.000176 0.0001761 0.000141 0.00017565 0.00013045 0.00017045 0.0001324 0.0001704 0.00017665 0.0001323 0.000139 0.0001726 0.00017285 0.0001371 0.00017015 0.0001752 0.0001717 0.0001467 0.0001428 0.0001608 0.0001738 0.00014385 0.00017515 0.00017305 0.00017945 0.0001354 0.00018085 8.87e-05 0.000149 0.00017085 0.00011535 0.0001671 0.0001374 0.00016995 0.00013475 0.00013545 0.00015465 0.0001684 0.0001721 0.0001414 0.000159 0.0001577 0.00017705 0.00018465 0.0001724 0.0001443 0.00017275
5 0.00015635 0.0001571 0.00012555 0.00017085 0.0001397 0.0001734 0.0001698 0.00012875 9.74e-05 0.000165 0.0001673 0.00017 0.00016135 0.00013875 0.0001609 0.00016255 0.0001291 0.0001725 0.0001409 0.0001706 0.00017405 0.00011955 0.0001819 0.00016695 0.00016365 0.0001277 0.00016385 0.0001713 0.00015475 0.0001416 0.0001686 0.00013685 0.0001803 0.00017795 0.0001692 0.0001764 0.00017115 0.0001795 0.00016565 0.0001864 0.0001673 0.00016385 0.0001776 0.00015765 0.0001569 0.0001714 0.00017515 0.0001757 0.00015305 0.000164 0.0001723 0.00017755 0.00013205 0.0001731 0.00016915 0.00016845 0.0001761 0.00013685 0.00013095
6 0.0001722 0.00017985 0.00016685 0.00015165 0.00015605 0.0001698 0.0001599 0.0001248 0.0001661 0.00017165 0.00015145 0.00012825 0.0001624 0.00015425 0.00015125 0.000173 0.0001692 0.00015225 0.00015495 0.00016375 0.00015145 0.0001666 0.00016085 0.00013675 0.0001616 0.00016515 0.00016505 0.00016785 0.0001718 0.0001269 0.0001529 0.0001656 0.0001426 0.00016025 0.00014315 0.00010965 0.00017745 0.0001409 0.000174 0.00014085 8.755e-05 0.00016815 0.00011045 0.00016425 0.00015405 0.00015635 0.0001603 0.0001578 0.00017045 0.0001654 0.0001692 0.00016365 0.0001245 0.0001703 0.0001638 0.00018125 0.0001706 0.0001744 0.0001639
7 0.0001696 0.0001802 0.00016645 0.0001635 0.0001359 0.00012875 0.0001248 0.0001726 0.0001728 0.0001739 0.0001587 0.00016065 0.0001686 0.00016535 0.00016355 0.00017 0.00013745 0.0001612 0.00017275 0.00016945 0.0001607 0.00012245 0.00017135 0.0001634 0.0001629 0.00012245 0.000165 0.0001686 0.0001694 0.00013695 0.00017005 0.00017015 0.0001612 0.0001691 0.0001769 0.00012155 0.000179 0.00017835 0.0001724 0.0001717 0.0001606 0.0001643 0.0001675 0.0001646 0.0001494 0.00016005 0.00017745 0.00017135 0.00015035 0.0001593 0.00016625 0.00016555 0.0001685 0.0001767 0.00016955 0.0001844 0.00017325 0.00014865 0.00016535
8 0.00015255 0.00015125 7.86e-05 0.00016645 0.0001751 9.74e-05 0.0001661 0.0001728 6.3e-06 0.0001594 0.00015925 0.0001752 0.00015335 8.91e-05 0.0001602 0.0001644 0.00016335 0.00017245 9.315e-05 0.0001727 0.0001671 0.0001602 0.00018625 0.00016865 0.0001718 0.0001794 0.0001678 0.00016825 0.0001478 0.0001636 0.000159 9.06e-05 0.0001742 0.0001777 0.00015515 0.0001721 0.0001659 0.00015905 0.00016385 0.00018305 0.0001649 0.0001658 0.00017295 0.00015595 0.00017565 0.0001733 0.00017125 0.0001748 0.00017775 0.0001737 0.0001774 0.00018115 8.3e-05 0.00016875 0.00016315 0.000159 0.00017865 0.00016195 8.735e-05
9 0.00012225 9.24e-05 0.0001568 0.00017035 0.00017905 0.000165 0.00017165 0.0001739 0.0001594 0.000158 0.0001687 0.0001602 0.00013265 0.0001704 0.00016325 0.0001173 0.00016055 0.0001493 0.0001691 0.0001448 0.0001292 0.0001674 0.00016475 0.0001547 0.0001521 0.0001604 0.0001518 0.00011525 0.00012615 0.0001572 0.00016465 0.0001528 0.00017625 0.00017805 0.00015455 0.000176 0.0001456 0.0001785 0.0001287 0.0001768 0.00017035 0.00012215 0.00017375 0.00015675 0.00016495 0.00017215 0.00012795 0.0001578 0.00014865 0.00014815 0.00014685 0.00016125 0.000166 0.00017455 0.00017685 0.0001114 0.0001635 0.00012525 0.00014345
10 0.00014415 0.00018435 0.00013145 0.0001261 0.0001702 0.0001673 0.00015145 0.0001587 0.00015925 0.0001687 0.0001675 0.00015225 0.000154 0.00012135 0.00016745 0.00017065 0.0001759 0.00014105 0.0001631 0.0001677 0.00012345 0.0001305 0.00016475 0.00015425 0.0001604 0.0001653 0.0001627 0.00016495 0.00013605 0.00016265 0.00013735 0.00015925 0.00010305 0.0001552 0.0001656 0.00011385 0.00017205 0.0001686 0.00017845 0.00016735 0.00015265 0.00016505 0.0001632 0.0001362 0.0001674 0.00012655 0.0001708 0.0001722 0.0001667 0.00016145 0.0001619 0.00014965 0.0001589 0.00016345 0.00016355 0.00017415 0.00016715 0.00017285 0.00015935
11 0.0001619 0.00017405 0.00016265 0.00015685 0.00016155 0.00017 0.00012825 0.00016065 0.0001752 0.0001602 0.00015225 0.0001543 0.0001616 0.0001653 0.00015695 0.00014695 0.000161 0.00014 0.00016735 0.00011735 0.0001515 0.000157 0.0001507 9.375e-05 0.00012125 0.0001239 0.00013925 0.0001519 0.00016205 0.00012745 0.00015365 0.00016195 0.00014975 0.00015955 0.00014345 0.0001561 0.00016925 0.00015705 0.0001706 0.00015925 8.825e-05 0.00015905 0.00012925 0.0001542 0.00015695 0.0001629 0.00016585 0.00015195 0.0001486 0.0001356 0.0001379 0.0001414 0.0001373 0.00014995 0.0001593 0.00017775 0.0001449 0.00017025 0.00015555
12 0.00012035 9.2e-05 0.00015185 0.00015025 0.000176 0.00016135 0.0001624 0.0001686 0.00015335 0.00013265 0.000154 0.0001616 0.0001838 0.000148 0.0001709 0.00012875 0.0001443 0.00012255 0.00016625 0.0001384 0.0001493 0.0001679 0.0001753 0.0001596 0.00016185 0.00016635 0.0001625 0.00015635 0.000127 0.0001556 0.00016285 0.0001477 0.0001263 0.0001658 0.00016185 0.0001521 0.00015715 0.00017685 0.00013235 0.0001776 0.00016185 0.00016145 0.0001696 0.0001541 0.00016535 0.00015255 0.00014265 0.0001467 0.000152 0.000162 0.00016035 0.00016115 0.0001582 0.000174 0.0001745 0.000135 0.00016295 0.00013615 0.00014425
13 0.00016245 0.0001683 0.0001227 0.0001279 0.0001761 0.00013875 0.00015425 0.00016535 8.91e-05 0.0001704 0.00012135 0.0001653 0.000148 0.0001772 0.0001679 0.0001693 0.0001728 0.00014865 0.000132 0.0001699 0.0001282 0.0001668 0.0001766 0.000161 0.0001663 0.00017295 0.00016875 0.0001713 0.00016125 0.0001631 0.00016375 0.00012895 0.0001104 0.00016175 0.00016255 0.00011985 0.00017215 0.00016745 0.0001732 0.0001753 0.0001587 0.00016815 0.00016635 0.0001619 0.0001745 0.00012905 0.00017415 0.0001743 0.0001745 0.00016675 0.0001726 0.0001621 0.000123 0.00016945 0.00016525 0.0001708 0.0001734 0.0001725 0.00012695
14 0.00016835 0.0001731 0.0001635 0.0001765 0.000141 0.0001609 0.00015125 0.00016355 0.0001602 0.00016325 0.00016745 0.00015695 0.0001709 0.0001679 0.0001814 0.0001704 0.00016495 0.00016675 0.00014595 0.00017205 0.0001603 0.00015785 0.0001567 0.0001622 0.00017165 0.00015835 0.00017415 0.0001594 0.0001677 0.00014955 0.00012715 0.0001606 0.00017185 0.0001666 0.0001626 0.00017295 0.00017355 0.0001169 0.0001737 0.0001286 0.00013855 0.00016515 0.0001288 0.0001721 0.00014435 0.00017685 0.00015345 0.0001582 0.000169 0.0001738 0.0001692 0.00016115 0.0001461 0.00014635 0.00017795 0.0001786 0.00017375 0.00016835 0.0001628
15 0.00011735 8.61e-05 0.0001571 0.0001673 0.00017565 0.00016255 0.000173 0.00017 0.0001644 0.0001173 0.00017065 0.00014695 0.00012875 0.0001693 0.0001704 0.000172 0.0001464 0.0001506 0.00017305 0.00012405 0.00015465 0.0001678 0.0001666 0.0001405 0.00013985 0.00014465 0.0001238 0.0001407 0.0001277 0.0001571 0.0001631 0.0001574 0.00017165 0.00015965 0.0001635 0.00017325 0.00015175 0.0001791 0.00012835 0.0001806 0.0001704 0.00014985 0.0001766 0.0001551 0.0001609 0.0001686 0.00013945 0.00014985 0.00014285 0.0001393 0.0001156 0.00013255 0.000169 0.0001692 0.0001593 0.0001304 0.00015825 0.0001325 0.00014825
16 0.0001409 0.0001297 0.00015755 0.0001594 0.00013045 0.0001291 0.0001692 0.00013745 0.00016335 0.00016055 0.0001759 0.000161 0.0001443 0.0001728 0.00016495 0.0001464 0.0001718 0.00015115 0.00016895 0.00012525 0.00017815 0.00013375 0.00016875 0.0001645 0.00015295 0.00013245 0.00014965 0.00016235 0.0001488 0.0001336 0.00016075 0.0001533 0.00017015 0.0001716 0.00016955 0.00017885 0.00016035 0.00017955 0.00015105 0.000175 0.00016155 0.00017065 0.00016915 0.00014415 0.0001488 0.00017485 0.0001612 0.00012925 0.00013545 0.0001649 0.0001571 0.00017035 0.00016305 0.0001697 0.00017675 0.0001607 0.0001635 0.0001255 0.0001538
17 0.000161 0.0001695 0.00016375 0.00013055 0.00017045 0.0001725 0.00015225 0.0001612 0.00017245 0.0001493 0.00014105 0.00014 0.00012255 0.00014865 0.00016675 0.0001506 0.00015115 0.0001138 0.0001702 0.00013095 0.00012485 0.00016085 0.00016215 0.0001396 0.00013635 0.00014725 0.00013525 0.0001462 0.0001623 0.0001336 0.00016465 0.0001282 8.96e-05 0.000155 0.0001652 0.00013895 0.0001739 0.00017155 0.0001633 0.0001655 0.00014725 0.00014945 0.0001572 0.00014565 0.0001663 0.0001462 0.00016835 0.0001466 0.00013385 0.00014635 0.0001484 0.0001363 0.00016185 0.00017045 0.0001665 0.00017535 0.000169 0.0001707 0.00011595
18 0.00016425 0.0001706 0.00012555 0.0001674 0.0001324 0.0001409 0.00015495 0.00017275 9.315e-05 0.0001691 0.0001631 0.00016735 0.00016625 0.000132 0.00014595 0.00017305 0.00016895 0.0001702 0.000186 0.00017005 0.00016865 0.0001662 0.00014225 0.00017155 0.00017115 0.0001768 0.00016975 0.0001683 0.00016235 0.00016595 0.00013875 0.0001224 0.0001705 0.00014775 0.0001663 0.0001689 0.00017205 0.00012525 0.00017555 9.3e-05 0.00015255 0.00016995 0.00011795 0.00016095 0.00015175 0.00017185 0.00013235 0.00013665 0.00017235 0.0001729 0.00017285 0.00014545 0.00011795 0.0001576 0.0001713 0.00017445 0.00017145 0.0001718 0.0001317
19 0.0001394 0.0001308 0.0001598 0.00015065 0.0001704 0.0001706 0.00016375 0.00016945 0.0001727 0.0001448 0.0001677 0.00011735 0.0001384 0.0001699 0.00017205 0.00012405 0.00012525 0.00013095 0.00017005 0.0001554 0.00015805 0.00016955 0.0001512 0.00012195 0.00010995 0.0001295 0.0001252 0.0001402 0.00014825 0.00014965 0.0001593 0.0001509 0.0001557 0.00016975 0.000169 0.00016675 0.00015385 0.0001706 0.00014735 0.0001686 0.0001596 0.0001622 0.00016535 0.00014055 0.00015385 0.00017265 0.00015515 0.00011725 0.00013225 0.00013755 0.00012495 0.0001429 0.00016675 0.00015785 0.0001724 0.0001602 0.00013815 0.00015795 0.00014515
20 0.0001618 0.0001702 0.00016165 0.00012835 0.00017665 0.00017405 0.00015145 0.0001607 0.0001671 0.0001292 0.00012345 0.0001515 0.0001493 0.0001282 0.0001603 0.00015465 0.00017815 0.00012485 0.00016865 0.00015805 0.000173 0.0001666 0.0001631 0.00014915 0.000151 0.0001551 0.00015465 0.00012545 0.00016405 0.00015485 0.0001631 0.00015765 0.0001066 0.00015795 0.00015845 0.0001162 0.0001613 0.000172 0.0001661 0.0001675 0.000157 0.00012965 0.00016225 0.0001618 0.0001657 0.00012965 0.00016965 0.0001688 0.00015475 0.00014975 0.00015175 0.00014355 0.00016335 0.0001727 0.00016785 0.0001626 0.00016945 0.00017525 0.00014645
21 0.00013855 0.0001792 0.0001281 0.00016865 0.0001323 0.00011955 0.0001666 0.00012245 0.0001602 0.0001674 0.0001305 0.000157 0.0001679 0.0001668 0.00015785 0.0001678 0.00013375 0.00016085 0.0001662 0.00016955 0.0001666 0.0001618 0.0001681 0.00016115 0.0001608 0.00011935 0.0001592 0.0001599 0.00013005 0.0001425 0.00013855 0.00016175 0.00017 0.00016915 0.00016985 0.00016955 0.00016915 0.00017775 0.00017205 0.0001742 0.00016115 0.00016095 0.0001718 0.00012995 0.00014495 0.00016895 0.00017555 0.0001739 0.0001413 0.0001604 0.0001592 0.00016435 0.00016375 0.00016765 0.00016615 0.00017715 0.00016755 0.00014345 0.00015765
22 0.0001619 0.00017415 0.000168 0.00016445 0.000139 0.0001819 0.00016085 0.00017135 0.00018625 0.00016475 0.00016475 0.0001507 0.0001753 0.0001766 0.0001567 0.0001666 0.00016875 0.00016215 0.00014225 0.0001512 0.0001631 0.0001681 0.0001735 0.0001573 0.0001513 0.0001595 0.00016055 0.00012755 0.0001674 0.00016505 0.0001421 0.0001656 0.0001656 0.00014505 0.0001833 0.0001669 0.00014725 0.0001434 0.00017555 9.825e-05 0.00015555 0.00017055 0.0001265 0.00015585 0.0001196 0.00017485 0.0001342 0.00012225 0.00013135 0.00016785 0.00012745 0.0001347 0.00017045 0.00015535 0.00017695 0.00018485 0.00012945 0.0001764 0.00017315
23 0.00016145 0.00016765 0.00016155 0.00015735 0.0001726 0.00016695 0.00013675 0.0001634 0.00016865 0.0001547 0.00015425 9.375e-05 0.0001596 0.000161 0.0001622 0.0001405 0.0001645 0.0001396 0.00017155 0.00012195 0.00014915 0.00016115 0.0001573 0.0001561 0.0001175 0.0001232 0.00013695 0.00015065 0.0001631 0.00012865 0.0001643 0.00015905 0.00015135 0.00016225 0.00012945 0.0001585 0.0001689 0.000175 0.00016435 0.00017535 0.0001057 0.0001561 0.000143 0.0001579 0.0001624 0.000162 0.0001703 0.0001605 0.000149 0.0001309 0.0001353 0.0001411 0.00013915 0.00015175 0.00016255 0.00017275 0.00014645 0.00016785 0.00014925
24 0.00016255 0.0001672 0.0001643 0.0001251 0.00017285 0.00016365 0.0001616 0.0001629 0.0001718 0.0001521 0.0001604 0.00012125 0.00016185 0.0001663 0.00017165 0.00013985 0.00015295 0.00013635 0.00017115 0.00010995 0.000151 0.0001608 0.0001513 0.0001175 0.000158 0.00012095 0.0001004 0.00014935 0.0001642 0.00014365 0.00016845 0.000164 0.0001516 0.0001697 0.00016915 0.00016355 0.00016905 0.0001729 0.00016245 0.0001717 0.0001555 0.0001578 0.0001649 0.0001231 0.0001581 0.0001699 0.0001679 0.0001456 0.00014975 0.0001355 0.0001356 0.00014205 0.0001643 0.00016245 0.0001689 0.00017355 0.0001516 0.00017005 0.00015105
25 0.0001655 0.000175 0.0001669 0.000167 0.0001371 0.0001277 0.00016515 0.00012245 0.0001794 0.0001604 0.0001653 0.0001239 0.00016635 0.00017295 0.00015835 0.00014465 0.00013245 0.00014725 0.0001768 0.0001295 0.0001551 0.00011935 0.0001595 0.0001232 0.00012095 0.000158 0.0001401 0.00014955 0.00016735 0.0001366 0.00016925 0.0001687 0.00016625 0.00017125 0.00017535 0.000167 0.0001723 0.00018215 0.0001677 0.0001759 0.00016035 0.0001545 0.00017015 0.00016095 0.0001415 0.00016665 0.0001773 0.00016555 0.00012675 0.00013195 0.0001357 0.00014495 0.000171 0.000163 0.00017225 0.0001842 0.00015135 0.0001483 0.00015395
26 0.00015935 0.0001646 0.00016135 0.00012595 0.00017015 0.00016385 0.00016505 0.000165 0.0001678 0.0001518 0.0001627 0.00013925 0.0001625 0.00016875 0.00017415 0.0001238 0.00014965 0.00013525 0.00016975 0.0001252 0.00015465 0.0001592 0.00016055 0.00013695 0.0001004 0.0001401 0.000166 0.00015175 0.00016065 0.0001442 0.00016615 0.00015975 0.0001543 0.0001527 0.0001676 0.0001685 0.00016805 0.00017225 0.0001629 0.000171 0.0001598 0.00015625 0.00016655 0.00011855 0.00016295 0.0001709 0.0001671 0.0001479 0.0001526 0.0001421 0.0001231 0.0001264 0.00016525 0.0001685 0.0001515 0.0001686 0.0001665 0.0001674 0.0001497
27 0.0001367 0.00014485 0.0001485 0.00017055 0.0001752 0.0001713 0.00016785 0.0001686 0.00016825 0.00011525 0.00016495 0.0001519 0.00015635 0.0001713 0.0001594 0.0001407 0.00016235 0.0001462 0.0001683 0.0001402 0.00012545 0.0001599 0.00012755 0.00015065 0.00014935 0.00014955 0.00015175 0.0001533 0.00014705 0.0001604 0.0001487 0.00015715 0.0001718 0.00017315 0.0001633 0.0001703 0.00011885 0.00017155 0.00015145 0.00016825 0.0001679 0.00013025 0.00016875 0.00014775 0.00012375 0.0001779 0.000161 0.00015425 0.0001095 0.00015045 0.0001066 0.0001535 0.00016875 0.00017115 0.0001748 0.00015645 0.0001286 0.00016575 0.0001457
28 9.05e-05 9.055e-05 0.00011865 0.0001661 0.0001717 0.00015475 0.0001718 0.0001694 0.0001478 0.00012615 0.00013605 0.00016205 0.000127 0.00016125 0.0001677 0.0001277 0.0001488 0.0001623 0.00016235 0.00014825 0.00016405 0.00013005 0.0001674 0.0001631 0.0001642 0.00016735 0.00016065 0.00014705 0.000181 0.0001643 0.00013175 0.0001532 0.0001707 0.0001741 0.00015885 0.00017235 0.0001465 0.0001738 0.0001311 0.000178 0.00016795 0.0001609 0.0001763 0.0001235 0.00015895 0.000172 0.00013895 0.00015395 0.0001529 0.0001656 0.0001533 0.0001704 0.0001606 0.0001676 0.00017045 0.00012835 0.0001585 0.0001305 0.00015285
29 0.00016295 0.000162 0.0001652 0.00014795 0.0001467 0.0001416 0.0001269 0.00013695 0.0001636 0.0001572 0.00016265 0.00012745 0.0001556 0.0001631 0.00014955 0.0001571 0.0001336 0.0001336 0.00016595 0.00014965 0.00015485 0.0001425 0.00016505 0.00012865 0.00014365 0.0001366 0.0001442 0.0001604 0.0001643 0.0001564 0.00016515 0.0001476 0.00015455 0.00015865 0.00013865 0.0001575 0.00017065 0.0001697 0.0001615 0.0001655 9.64e-05 0.0001584 0.00013195 0.00015005 0.0001438 0.00016335 0.00016495 0.0001514 0.0001636 0.00015515 0.00016155 0.00016025 0.00013235 0.0001671 0.00016525 0.00016865 0.00016995 0.00014535 0.00014215
30 0.0001231 0.00016115 0.00012205 0.00016785 0.0001428 0.0001686 0.0001529 0.00017005 0.000159 0.00016465 0.00013735 0.00015365 0.00016285 0.00016375 0.00012715 0.0001631 0.00016075 0.00016465 0.00013875 0.0001593 0.0001631 0.00013855 0.0001421 0.0001643 0.00016845 0.00016925 0.00016615 0.0001487 0.00013175 0.00016515 0.0001701 0.0001558 0.00016545 0.0001562 0.0001634 0.0001668 0.00015675 0.000111 0.0001675 0.00011855 0.00014265 0.00016795 0.0001296 0.00012615 0.00013885 0.00017275 0.00014505 0.00014045 0.00015435 0.00017125 0.0001524 0.0001512 0.00014975 0.00013665 0.00016965 0.0001731 0.0001562 0.000171 0.00016295
31 0.0001553 0.0001566 0.00012225 0.00016435 0.0001608 0.00013685 0.0001656 0.00017015 9.06e-05 0.0001528 0.00015925 0.00016195 0.0001477 0.00012895 0.0001606 0.0001574 0.0001533 0.0001282 0.0001224 0.0001509 0.00015765 0.00016175 0.0001656 0.00015905 0.000164 0.0001687 0.00015975 0.00015715 0.0001532 0.0001476 0.0001558 0.0001806 0.00015755 0.0001613 0.00016025 0.0001669 0.00016555 0.0001628 0.00016205 0.0001544 0.0001639 0.00015735 0.0001596 0.00015765 0.00017295 0.00016685 0.00015605 0.0001485 0.00015645 0.00015805 0.00016235 0.0001552 0.00012755 0.00015825 0.00016845 0.00016195 0.00017005 0.00016095 9.96e-05
32 0.0001693 0.00018225 0.00016645 9.59e-05 0.0001738 0.0001803 0.0001426 0.0001612 0.0001742 0.00017625 0.00010305 0.00014975 0.0001263 0.0001104 0.00017185 0.00017165 0.00017015 8.96e-05 0.0001705 0.0001557 0.0001066 0.00017 0.0001656 0.00015135 0.0001516 0.00016625 0.0001543 0.0001718 0.0001707 0.00015455 0.00016545 0.00015755 8.85e-05 0.0001459 0.00016775 9.28e-05 0.0001802 0.00016835 0.0001776 0.00016455 0.0001444 0.00016865 0.0001542 0.00015195 0.00017275 0.00010685 0.00017405 0.000162 0.00016335 0.0001617 0.0001679 0.0001409 0.0001601 0.0001719 0.0001646 0.0001818 0.000171 0.00017975 0.00015575
33 0.0001738 0.0001837 0.00017175 0.00015685 0.00014385 0.00017795 0.00016025 0.0001691 0.0001777 0.00017805 0.0001552 0.00015955 0.0001658 0.00016175 0.0001666 0.00015965 0.0001716 0.000155 0.00014775 0.00016975 0.00015795 0.00016915 0.00014505 0.00016225 0.0001697 0.00017125 0.0001527 0.00017315 0.0001741 0.00015865 0.0001562 0.0001613 0.0001459 0.000183 0.00016855 0.00015405 0.00017775 0.0001561 0.00018015 0.000116 0.00015445 0.00016825 0.00013615 0.00016685 0.00016295 0.00015395 0.00015005 0.00014255 0.00017295 0.0001652 0.000155 0.00011355 0.00016785 0.0001514 0.0001306 0.0001803 0.00016825 0.00017725 0.00017085
34 0.00015915 0.00015605 0.00015885 0.00016695 0.00017515 0.0001692 0.00014315 0.0001769 0.00015515 0.00015455 0.0001656 0.00014345 0.00016185 0.00016255 0.0001626 0.0001635 0.00016955 0.0001652 0.0001663 0.000169 0.00015845 0.00016985 0.0001833 0.00012945 0.00016915 0.00017535 0.0001676 0.0001633 0.00015885 0.00013865 0.0001634 0.00016025 0.00016775 0.00016855 0.0001743 0.0001726 0.00013755 0.00016865 0.00016265 0.00017725 0.00011285 0.0001576 0.00014395 0.00016325 0.00017625 0.00016905 0.00016955 0.0001756 0.0001799 0.00016785 0.0001752 0.00017655 0.00013295 0.0001638 0.00016515 0.000129 0.0001742 0.0001639 0.00016
35 0.00017215 0.0001836 0.00016775 0.0001195 0.00017305 0.0001764 0.00010965 0.00012155 0.0001721 0.000176 0.00011385 0.0001561 0.0001521 0.00011985 0.00017295 0.00017325 0.00017885 0.00013895 0.0001689 0.00016675 0.0001162 0.00016955 0.0001669 0.0001585 0.00016355 0.000167 0.0001685 0.0001703 0.00017235 0.0001575 0.0001668 0.0001669 9.28e-05 0.00015405 0.0001726 0.0001298 0.00017895 0.0001688 0.0001768 0.0001631 0.0001536 0.00016895 0.00015875 0.0001674 0.00016935 0.00011825 0.0001738 0.0001679 0.0001724 0.0001624 0.00016805 0.00015125 0.0001645 0.0001734 0.0001662 0.0001826 0.00017145 0.00018015 0.000166
36 0.0001381 0.0001345 0.00015305 0.0001735 0.00017945 0.00017115 0.00017745 0.000179 0.0001659 0.0001456 0.00017205 0.00016925 0.00015715 0.00017215 0.00017355 0.00015175 0.00016035 0.0001739 0.00017205 0.00015385 0.0001613 0.00016915 0.00014725 0.0001689 0.00016905 0.0001723 0.00016805 0.00011885 0.0001465 0.00017065 0.00015675 0.00016555 0.0001802 0.00017775 0.00013755 0.00017895 0.0001902 0.00017565 0.0001546 0.0001798 0.0001754 0.0001593 0.00017835 0.0001544 0.0001406 0.00017735 0.00016415 0.00016135 0.0001368 0.00016835 0.00013205 0.00017425 0.00017055 0.0001699 0.0001787 0.00012585 0.00013725 0.0001597 0.00016585
37 0.0001757 0.0001838 0.00016485 0.00017145 0.0001354 0.0001795 0.0001409 0.00017835 0.00015905 0.0001785 0.0001686 0.00015705 0.00017685 0.00016745 0.0001169 0.0001791 0.00017955 0.00017155 0.00012525 0.0001706 0.000172 0.00017775 0.0001434 0.000175 0.0001729 0.00018215 0.00017225 0.00017155 0.0001738 0.0001697 0.000111 0.0001628 0.00016835 0.0001561 0.00016865 0.0001688 0.00017565 0.0001088 0.0001847 8.85e-05 0.00013425 0.00017775 0.00010275 0.00016885 0.0001423 0.00017835 0.00013715 0.00014335 0.0001784 0.0001794 0.0001732 0.00015335 0.00013945 0.0001434 0.00014985 0.00018385 0.00017435 0.0001855 0.00017065
38 0.0001215 9.12e-05 0.00015805 0.0001712 0.00018085 0.00016565 0.000174 0.0001724 0.00016385 0.0001287 0.00017845 0.0001706 0.00013235 0.0001732 0.0001737 0.00012835 0.00015105 0.0001633 0.00017555 0.00014735 0.0001661 0.00017205 0.00017555 0.00016435 0.00016245 0.0001677 0.0001629 0.00015145 0.0001311 0.0001615 0.0001675 0.00016205 0.0001776 0.00018015 0.00016265 0.0001768 0.0001546 0.0001847 0.0001822 0.0001869 0.0001759 0.00016135 0.0001817 0.00015605 0.00016635 0.00017685 0.0001471 0.00015625 0.0001599 0.0001629 0.0001592 0.0001773 0.0001703 0.0001766 0.00017585 0.00013405 0.00016335 0.00013725 0.0001589
39 0.00017705 0.0001891 0.00017555 0.0001672 8.87e-05 0.0001864 0.00014085 0.0001717 0.00018305 0.0001768 0.00016735 0.00015925 0.0001776 0.0001753 0.0001286 0.0001806 0.000175 0.0001655 9.3e-05 0.0001686 0.0001675 0.0001742 9.825e-05 0.00017535 0.0001717 0.0001759 0.000171 0.00016825 0.000178 0.0001655 0.00011855 0.0001544 0.00016455 0.000116 0.00017725 0.0001631 0.0001798 8.85e-05 0.0001869 0.0 0.00013725 0.000173 6e-05 0.00016745 0.00012785 0.00016975 9.155e-05 9.7e-05 0.0001689 0.0001738 0.0001691 0.00010795 0.00015295 0.00014775 0.00017925 0.0001896 0.00016695 0.0001817 0.00017625
40 0.0001668 0.00017685 0.00016235 0.00015255 0.000149 0.0001673 8.755e-05 0.0001606 0.0001649 0.00017035 0.00015265 8.825e-05 0.00016185 0.0001587 0.00013855 0.0001704 0.00016155 0.00014725 0.00015255 0.0001596 0.000157 0.00016115 0.00015555 0.0001057 0.0001555 0.00016035 0.0001598 0.0001679 0.00016795 9.64e-05 0.00014265 0.0001639 0.0001444 0.00015445 0.00011285 0.0001536 0.0001754 0.00013425 0.0001759 0.00013725 3.47e-05 0.00016615 7.73e-05 0.0001562 0.0001502 0.00015935 0.0001567 0.00015375 0.0001665 0.00016425 0.00016765 0.00016415 9.255e-05 0.00016065 0.00015825 0.00017835 0.0001655 0.0001703 0.00016155
41 0.0001608 0.0001597 0.00016445 0.0001709 0.00017085 0.00016385 0.00016815 0.0001643 0.0001658 0.00012215 0.00016505 0.00015905 0.00016145 0.00016815 0.00016515 0.00014985 0.00017065 0.00014945 0.00016995 0.0001622 0.00012965 0.00016095 0.00017055 0.0001561 0.0001578 0.0001545 0.00015625 0.00013025 0.0001609 0.0001584 0.00016795 0.00015735 0.00016865 0.00016825 0.0001576 0.00016895 0.0001593 0.00017775 0.00016135 0.000173 0.00016615 0.0001752 0.0001703 0.0001672 0.0001736 0.0001285 0.00016365 0.00017285 0.0001534 0.0001083 0.0001553 0.0001558 0.0001672 0.00014305 0.0001659 0.00014615 0.000146 0.0001509 0.00014895
42 0.00017525 0.000183 0.00017175 0.0001598 0.00011535 0.0001776 0.00011045 0.0001675 0.00017295 0.00017375 0.0001632 0.00012925 0.0001696 0.00016635 0.0001288 0.0001766 0.00016915 0.0001572 0.00011795 0.00016535 0.00016225 0.0001718 0.0001265 0.000143 0.0001649 0.00017015 0.00016655 0.00016875 0.0001763 0.00013195 0.0001296 0.0001596 0.0001542 0.00013615 0.00014395 0.00015875 0.00017835 0.00010275 0.0001817 6e-05 7.73e-05 0.0001703 0.00012 0.0001652 0.00013525 0.000165 0.00011985 0.0001245 0.00016905 0.0001706 0.00017 0.000137 0.0001179 0.0001564 0.00017075 0.0001846 0.00016795 0.00017665 0.00016935
43 0.000114 0.00015055 0.000116 0.00012335 0.0001671 0.00015765 0.00016425 0.0001646 0.00015595 0.00015675 0.0001362 0.0001542 0.0001541 0.0001619 0.0001721 0.0001551 0.00014415 0.00014565 0.00016095 0.00014055 0.0001618 0.00012995 0.00015585 0.0001579 0.0001231 0.00016095 0.00011855 0.00014775 0.0001235 0.00015005 0.00012615 0.00015765 0.00015195 0.00016685 0.00016325 0.0001674 0.0001544 0.00016885 0.00015605 0.00016745 0.0001562 0.0001672 0.0001652 0.0001549 0.00015095 0.0001741 0.0001633 0.00014225 0.0001523 0.0001683 0.00015045 0.0001627 0.00015865 0.0001685 0.0001641 0.0001646 0.00015845 0.00016395 0.0001556
44 0.0001489 0.00016115 0.0001562 0.00016925 0.0001374 0.0001569 0.00015405 0.0001494 0.00017565 0.00016495 0.0001674 0.00015695 0.00016535 0.0001745 0.00014435 0.0001609 0.0001488 0.0001663 0.00015175 0.00015385 0.0001657 0.00014495 0.0001196 0.0001624 0.0001581 0.0001415 0.00016295 0.00012375 0.00015895 0.0001438 0.00013885 0.00017295 0.00017275 0.00016295 0.00017625 0.00016935 0.0001406 0.0001423 0.00016635 0.00012785 0.0001502 0.0001736 0.00013525 0.00015095 0.0001789 0.00018045 0.0001498 0.0001442 0.00012855 0.00017005 0.00012505 0.0001551 0.0001591 0.0001724 0.00017675 0.00018245 0.0001348 0.00015965 0.00016805
45 0.0001718 0.00017365 0.000172 0.0001312 0.00016995 0.0001714 0.00015635 0.00016005 0.0001733 0.00017215 0.00012655 0.0001629 0.00015255 0.00012905 0.00017685 0.0001686 0.00017485 0.0001462 0.00017185 0.00017265 0.00012965 0.00016895 0.00017485 0.000162 0.0001699 0.00016665 0.0001709 0.0001779 0.000172 0.00016335 0.00017275 0.00016685 0.00010685 0.00015395 0.00016905 0.00011825 0.00017735 0.00017835 0.00017685 0.00016975 0.00015935 0.0001285 0.000165 0.0001741 0.00018045 0.0001683 0.00016945 0.000176 0.00017075 0.00012105 0.00017215 0.0001538 0.00016705 0.0001421 0.0001649 0.00016615 0.0001474 0.00015905 0.00016845
46 0.00013565 0.00010895 0.0001678 0.00016965 0.00013475 0.00017515 0.0001603 0.00017745 0.00017125 0.00012795 0.0001708 0.00016585 0.00014265 0.00017415 0.00015345 0.00013945 0.0001612 0.00016835 0.00013235 0.00015515 0.00016965 0.00017555 0.0001342 0.0001703 0.0001679 0.0001773 0.0001671 0.000161 0.00013895 0.00016495 0.00014505 0.00015605 0.00017405 0.00015005 0.00016955 0.0001738 0.00016415 0.00013715 0.0001471 9.155e-05 0.0001567 0.00016365 0.00011985 0.0001633 0.0001498 0.00016945 0.0001831 0.0001236 0.0001649 0.000166 0.0001639 0.00014225 0.0001606 0.0001614 0.00018215 0.00013465 0.0001629 0.0001324 0.00016845
47 0.0001442 0.000139 0.0001629 0.00015365 0.00013545 0.0001757 0.0001578 0.00017135 0.0001748 0.0001578 0.0001722 0.00015195 0.0001467 0.0001743 0.0001582 0.00014985 0.00012925 0.0001466 0.00013665 0.00011725 0.0001688 0.0001739 0.00012225 0.0001605 0.0001456 0.00016555 0.0001479 0.00015425 0.00015395 0.0001514 0.00014045 0.0001485 0.000162 0.00014255 0.0001756 0.0001679 0.00016135 0.00014335 0.00015625 9.7e-05 0.00015375 0.00017285 0.0001245 0.00014225 0.0001442 0.000176 0.0001236 0.0001692 0.00014895 0.00017035 0.00015195 0.0001357 0.0001641 0.0001545 0.0001767 0.0001667 0.0001523 0.00016395 0.0001589
48 0.00014255 0.000152 0.0001545 0.0001723 0.00015465 0.00015305 0.00017045 0.00015035 0.00017775 0.00014865 0.0001667 0.0001486 0.000152 0.0001745 0.000169 0.00014285 0.00013545 0.00013385 0.00017235 0.00013225 0.00015475 0.0001413 0.00013135 0.000149 0.00014975 0.00012675 0.0001526 0.0001095 0.0001529 0.0001636 0.00015435 0.00015645 0.00016335 0.00017295 0.0001799 0.0001724 0.0001368 0.0001784 0.0001599 0.0001689 0.0001665 0.0001534 0.00016905 0.0001523 0.00012855 0.00017075 0.0001649 0.00014895 0.0001654 0.00014765 0.0001082 0.0001518 0.00017245 0.00017125 0.00017675 0.0001767 0.00012925 0.00015905 0.000145
49 0.0001655 0.0001654 0.00016885 0.0001662 0.0001684 0.000164 0.0001654 0.0001593 0.0001737 0.00014815 0.00016145 0.0001356 0.000162 0.00016675 0.0001738 0.0001393 0.0001649 0.00014635 0.0001729 0.00013755 0.00014975 0.0001604 0.00016785 0.0001309 0.0001355 0.00013195 0.0001421 0.00015045 0.0001656 0.00015515 0.00017125 0.00015805 0.0001617 0.0001652 0.00016785 0.0001624 0.00016835 0.0001794 0.0001629 0.0001738 0.00016425 0.0001083 0.0001706 0.0001683 0.00017005 0.00012105 0.000166 0.00017035 0.00014765 0.0001612 0.00013805 0.0001404 0.00016965 0.00013435 0.00016335 0.00016085 0.0001327 0.00015025 0.0001514
50 0.00014295 0.0001529 0.00015485 0.0001682 0.0001721 0.0001723 0.0001692 0.00016625 0.0001774 0.00014685 0.0001619 0.0001379 0.00016035 0.0001726 0.0001692 0.0001156 0.0001571 0.0001484 0.00017285 0.00012495 0.00015175 0.0001592 0.00012745 0.0001353 0.0001356 0.0001357 0.0001231 0.0001066 0.0001533 0.00016155 0.0001524 0.00016235 0.0001679 0.000155 0.0001752 0.00016805 0.00013205 0.0001732 0.0001592 0.0001691 0.00016765 0.0001553 0.00017 0.00015045 0.00012505 0.00017215 0.0001639 0.00015195 0.0001082 0.00013805 0.0001566 0.0001223 0.0001737 0.00016455 0.00015875 0.0001714 0.0001248 0.0001676 0.0001531
51 0.00016885 0.00018165 0.00016955 0.00015525 0.0001414 0.00017755 0.00016365 0.00016555 0.00018115 0.00016125 0.00014965 0.0001414 0.00016115 0.0001621 0.00016115 0.00013255 0.00017035 0.0001363 0.00014545 0.0001429 0.00014355 0.00016435 0.0001347 0.0001411 0.00014205 0.00014495 0.0001264 0.0001535 0.0001704 0.00016025 0.0001512 0.0001552 0.0001409 0.00011355 0.00017655 0.00015125 0.00017425 0.00015335 0.0001773 0.00010795 0.00016415 0.0001558 0.000137 0.0001627 0.0001551 0.0001538 0.00014225 0.0001357 0.0001518 0.0001404 0.0001223 0.0001669 0.00017445 0.00015155 0.000155 0.00017965 0.00016285 0.00017505 0.0001575
52 0.0001624 0.00016445 0.0001217 0.00015995 0.000159 0.00013205 0.0001245 0.0001685 8.3e-05 0.000166 0.0001589 0.0001373 0.0001582 0.000123 0.0001461 0.000169 0.00016305 0.00016185 0.00011795 0.00016675 0.00016335 0.00016375 0.00017045 0.00013915 0.0001643 0.000171 0.00016525 0.00016875 0.0001606 0.00013235 0.00014975 0.00012755 0.0001601 0.00016785 0.00013295 0.0001645 0.00017055 0.00013945 0.0001703 0.00015295 9.255e-05 0.0001672 0.0001179 0.00015865 0.0001591 0.00016705 0.0001606 0.0001641 0.00017245 0.00016965 0.0001737 0.00017445 0.0001657 0.0001662 0.00016275 0.0001694 0.0001724 0.0001667 0.00012475
53 0.0001692 0.00017765 0.00016415 0.0001738 0.0001577 0.0001731 0.0001703 0.0001767 0.00016875 0.00017455 0.00016345 0.00014995 0.000174 0.00016945 0.00014635 0.0001692 0.0001697 0.00017045 0.0001576 0.00015785 0.0001727 0.00016765 0.00015535 0.00015175 0.00016245 0.000163 0.0001685 0.00017115 0.0001676 0.0001671 0.00013665 0.00015825 0.0001719 0.0001514 0.0001638 0.0001734 0.0001699 0.0001434 0.0001766 0.00014775 0.00016065 0.00014305 0.0001564 0.0001685 0.0001724 0.0001421 0.0001614 0.0001545 0.00017125 0.00013435 0.00016455 0.00015155 0.0001662 0.0001745 0.0001678 0.00017305 0.00012785 0.0001722 0.000168
54 0.0001719 0.00018215 0.00016255 0.0001668 0.00017705 0.00016915 0.0001638 0.00016955 0.00016315 0.00017685 0.00016355 0.0001593 0.0001745 0.00016525 0.00017795 0.0001593 0.00017675 0.0001665 0.0001713 0.0001724 0.00016785 0.00016615 0.00017695 0.00016255 0.0001689 0.00017225 0.0001515 0.0001748 0.00017045 0.00016525 0.00016965 0.00016845 0.0001646 0.0001306 0.00016515 0.0001662 0.0001787 0.00014985 0.00017585 0.00017925 0.00015825 0.0001659 0.00017075 0.0001641 0.00017675 0.0001649 0.00018215 0.0001767 0.00017675 0.00016335 0.00015875 0.000155 0.00016275 0.0001678 0.0001753 0.00017745 0.0001759 0.000178 0.00016715
55 0.0001264 8.8e-05 0.0001621 0.0001733 0.00018465 0.00016845 0.00018125 0.0001844 0.000159 0.0001114 0.00017415 0.00017775 0.000135 0.0001708 0.0001786 0.0001304 0.0001607 0.00017535 0.00017445 0.0001602 0.0001626 0.00017715 0.00018485 0.00017275 0.00017355 0.0001842 0.0001686 0.00015645 0.00012835 0.00016865 0.0001731 0.00016195 0.0001818 0.0001803 0.000129 0.0001826 0.00012585 0.00018385 0.00013405 0.0001896 0.00017835 0.00014615 0.0001846 0.0001646 0.00018245 0.00016615 0.00013465 0.0001667 0.0001767 0.00016085 0.0001714 0.00017965 0.0001694 0.00017305 0.00017745 0.0001594 0.0001725 0.0001182 0.00016435
56 0.0001502 0.00015605 0.0001602 0.00017165 0.0001724 0.0001761 0.0001706 0.00017325 0.00017865 0.0001635 0.00016715 0.0001449 0.00016295 0.0001734 0.00017375 0.00015825 0.0001635 0.000169 0.00017145 0.00013815 0.00016945 0.00016755 0.00012945 0.00014645 0.0001516 0.00015135 0.0001665 0.0001286 0.0001585 0.00016995 0.0001562 0.00017005 0.000171 0.00016825 0.0001742 0.00017145 0.00013725 0.00017435 0.00016335 0.00016695 0.0001655 0.000146 0.00016795 0.00015845 0.0001348 0.0001474 0.0001629 0.0001523 0.00012925 0.0001327 0.0001248 0.00016285 0.0001724 0.00012785 0.0001759 0.0001725 0.0001783 0.0001689 0.0001714
57 0.00012905 9.39e-05 0.0001631 0.00017335 0.0001443 0.00013685 0.0001744 0.00014865 0.00016195 0.00012525 0.00017285 0.00017025 0.00013615 0.0001725 0.00016835 0.0001325 0.0001255 0.0001707 0.0001718 0.00015795 0.00017525 0.00014345 0.0001764 0.00016785 0.00017005 0.0001483 0.0001674 0.00016575 0.0001305 0.00014535 0.000171 0.00016095 0.00017975 0.00017725 0.0001639 0.00018015 0.0001597 0.0001855 0.00013725 0.0001817 0.0001703 0.0001509 0.00017665 0.00016395 0.00015965 0.00015905 0.0001324 0.00016395 0.00015905 0.00015025 0.0001676 0.00017505 0.0001667 0.0001722 0.000178 0.0001182 0.0001689 0.000166 0.00016345
58 0.00015415 0.00015555 0.00011995 0.00016255 0.00017275 0.00013095 0.0001639 0.00016535 8.735e-05 0.00014345 0.00015935 0.00015555 0.00014425 0.00012695 0.0001628 0.00014825 0.0001538 0.00011595 0.0001317 0.00014515 0.00014645 0.00015765 0.00017315 0.00014925 0.00015105 0.00015395 0.0001497 0.0001457 0.00015285 0.00014215 0.00016295 9.96e-05 0.00015575 0.00017085 0.00016 0.000166 0.00016585 0.00017065 0.0001589 0.00017625 0.00016155 0.00014895 0.00016935 0.0001556 0.00016805 0.00016845 0.00016845 0.0001589 0.000145 0.0001514 0.0001531 0.0001575 0.00012475 0.000168 0.00016715 0.00016435 0.0001714 0.00016345 0.0001741
