 slim_761064754 slim_761065309 slim_761067433 slim_761068248 slim_761067321 slim_761068288 slim_761066691 slim_761067394 slim_761066498 slim_761067098 slim_761066229 slim_761065627 slim_761064965 slim_761064932 slim_761065417 slim_761065381 slim_761064985 slim_761067750 slim_761065013 slim_761066921 slim_761065093 slim_761067890 slim_761066970 slim_761066005 slim_761065752 slim_761065204 slim_761068273 slim_761066395 slim_761066736 slim_761067558 slim_761065589 slim_761067950 slim_761064384 slim_761065235 slim_761066612 slim_761066789 slim_761066499 slim_761068264 slim_761065442 slim_761066534 slim_761065032 slim_761065378 slim_761067747 slim_761066406 slim_761067047 slim_761067979 slim_761067032 slim_761067874 slim_761066942 slim_761067336 slim_761068245 slim_761065744 slim_761066686 slim_761064782 slim_761064678 slim_761066273 slim_761068239 slim_761065357 slim_761066799 slim_761064576 slim_761065161 slim_761065557 slim_761067991 slim_761066223 slim_761065728 slim_761064262 slim_761067017 slim_761068032 slim_761067226 slim_761067133 slim_761066712 slim_761066139 slim_761067229 slim_761064743 slim_761067542 slim_761065132 slim_761068230 slim_761064513 slim_761065137 slim_761067171 slim_761065255 slim_761064970 slim_761068162 slim_761067198 slim_761064491 slim_761066407 slim_761067241 slim_761065921 slim_761065206 slim_761066492 slim_761064584 slim_761066216 slim_761065839 slim_761067904 slim_761066779 slim_761065743 slim_761065578 slim_761067057 slim_761065941 slim_761065091
0 0.0001572 0.00014515 0.00016585 0.00016175 0.0001664 0.0001677 0.0001433 0.00015245 0.0001588 0.0001579 0.0001461 0.00014015 0.0001598 0.00016195 0.0001626 0.00015955 0.0001545 0.0001617 0.00015295 0.00015005 0.0001453 0.00015825 0.0001536 0.00015245 0.0001581 0.00015805 0.00014545 0.0001612 0.00014725 0.00016395 0.00015935 0.0001539 0.00013295 0.00016025 0.00015635 0.0001485 0.0001472 0.00014925 0.0001441 0.00015445 0.0001503 0.0001518 0.00016065 0.00016325 0.0001657 0.00016415 0.0001617 0.0001577 0.00015605 0.0001573 0.0001605 0.00015735 0.0001529 0.00016335 0.0001641 0.0001523 0.0001568 0.0001512 0.0001523 0.00016335 0.00015615 0.0001647 0.0001549 0.00014985 0.0001604 0.0001318 0.0001485 0.000162 0.0001618 0.000157 0.0001622 0.00015425 0.0001542 0.0001559 0.0001658 0.00015845 0.0001461 0.0001566 0.00014725 0.0001569 0.00015405 0.0001562 0.00014645 0.0001572 0.00016515 0.0001627 0.00014235 0.0001523 0.0001576 0.00015495 0.00015435 0.0001441 0.0001589 0.0001455 0.0001534 0.0001577 0.000165 0.00015655 0.00015735 0.00015335
1 0.00014515 0.0001668 0.0001689 0.00017145 0.00015845 0.0001719 0.00015775 0.0001534 0.00016005 0.0001582 0.00014995 0.0001568 0.00015775 0.00016015 0.0001514 0.00016115 0.0001559 0.0001437 0.00017105 0.0001501 0.00014355 0.0001516 0.00015945 0.00015625 0.0001625 0.00015365 0.000152 0.00016 0.0001541 0.0001705 0.0001621 0.0001415 0.00015285 0.0001605 0.0001599 0.00016205 0.0001257 0.0001594 0.0001523 0.000146 0.00014605 0.0001552 0.0001563 0.00016335 0.0001667 0.00015755 0.00016255 0.0001655 0.0001559 0.00015215 0.00016545 0.00015865 0.00016295 0.00014685 0.0001679 0.0001524 0.00015545 0.00014905 0.0001547 0.00016025 0.0001608 0.0001654 0.0001611 0.0001547 0.00014135 0.0001526 0.0001628 0.0001544 0.0001641 0.0001548 0.000165 0.000161 0.0001593 0.0001495 0.0001588 0.00015435 0.00015425 0.00015465 0.00016215 0.0001547 0.00015435 0.0001602 0.0001557 0.0001604 0.00015935 0.00014735 0.000147 0.0001591 0.0001647 0.00016645 0.00014975 0.0001567 0.00016225 0.00016875 0.0001521 0.00017135 0.00015585 0.0001622 0.000167 0.00015925
2 0.00016585 0.0001689 0.0001711 0.0001656 0.00015855 0.0001599 0.00015965 0.00015265 0.0001691 0.0001441 0.0001635 0.00016195 0.00014555 0.0001513 0.0001672 0.00016165 0.00015695 0.0001592 0.00016245 0.00014595 0.0001553 0.00015335 0.0001615 0.0001584 0.00015085 0.00016335 0.000162 0.00016835 0.0001577 0.0001133 0.00014985 0.00015985 0.00015915 0.0001662 0.00015975 0.0001432 0.0001624 0.00015675 0.0001623 0.0001621 0.000162 0.0001538 0.00015835 0.0001478 0.00016025 0.00015545 0.0001638 0.0001406 0.0001526 0.00015825 0.00015975 0.00016 0.0001566 0.00015375 0.0001619 0.0001613 0.0001632 0.0001561 0.0001629 0.00015405 0.00016365 0.00016205 0.0001537 0.00015295 0.0001609 0.00016145 0.00015895 0.00015965 0.0001544 0.0001624 0.0001692 0.0001622 0.00015525 0.00016065 0.0001604 0.00015545 0.0001563 0.0001552 0.00015615 0.0001579 0.00016305 0.00015325 0.000162 0.00016415 0.0001635 0.00016045 0.00015975 0.00015645 0.00016775 0.00015735 0.00015735 0.0001651 0.00015105 0.00016465 0.00015575 0.0001568 0.00015305 0.0001522 0.00016525 0.0001613
3 0.00016175 0.00017145 0.0001656 0.0001649 0.000153 0.0001577 0.00015655 0.00015785 0.0001486 0.00014775 0.00014905 0.00015425 0.0001642 0.0001647 0.0001603 0.00015735 0.000154 0.00017065 0.00016205 0.0001571 0.00015575 0.00016065 0.0001685 0.00015975 0.00015155 0.0001584 0.0001617 0.0001385 0.00015955 0.00015965 0.0001605 0.0001581 0.00015865 0.0001718 0.00016255 0.00015485 0.0001682 0.0001571 0.00014495 0.00016035 0.0001604 0.0001667 0.00016005 0.00016035 0.0001698 0.0001553 0.0001556 0.00016845 0.00015685 0.0001518 0.0001269 0.00013475 0.0001574 0.00016115 0.0001627 0.0001627 0.000162 0.0001569 0.0001611 0.00015945 0.0001623 0.00015195 0.00015675 0.00015825 0.00015735 0.00015565 0.00015975 0.0001612 0.00016125 0.0001574 0.0001411 0.00016125 0.00015675 0.0001696 0.00016055 0.0001579 0.00015625 0.00015365 0.00015995 0.00016185 0.0001582 0.0001537 0.00014915 0.000153 0.00015455 0.0001554 0.00016395 0.00016375 0.00015365 0.0001513 0.00015465 0.0001543 0.0001534 0.0001611 0.00015615 0.0001498 0.00016565 0.00015765 0.0001524 0.00013835
4 0.0001664 0.00015845 0.00015855 0.000153 0.0001671 0.00015515 0.0001678 0.0001494 0.0001635 0.0001511 0.0001584 0.0001643 0.00015165 0.00016335 0.00016335 0.0001695 0.00015615 0.0001521 0.00016665 0.0001556 0.0001485 0.0001566 0.00016065 0.00014565 0.0001555 0.00015345 0.00016095 0.00016475 0.0001599 0.000157 0.0001528 0.00014845 0.00016615 0.00016435 0.0001616 0.0001574 0.00016195 0.00016285 0.00014005 0.0001525 0.0001623 0.00015985 0.0001598 0.0001612 0.00017355 0.0001503 0.0001538 0.00016135 0.00014805 0.00015985 0.0001548 0.0001581 0.00016135 0.00014675 0.0001583 0.00015895 0.0001571 0.00015795 0.00016 0.0001565 0.00016155 0.00016725 0.0001512 0.0001581 0.0001557 0.00015765 0.00016225 0.0001603 0.0001265 0.0001642 0.00014965 0.0001544 0.000159 0.00015755 0.00016925 0.00015365 0.000164 0.0001411 0.000157 0.00015365 0.000166 0.00014935 0.0001654 0.00014985 0.00016035 0.00015585 0.00015525 0.0001538 0.0001635 0.00016715 0.0001597 0.00016555 0.00015385 0.0001621 0.00015725 0.00016365 0.0001584 0.0001601 0.0001634 0.00013845
5 0.0001677 0.0001719 0.0001599 0.0001577 0.00015515 0.00014 0.00016735 0.000166 0.00016335 0.00014165 0.00016565 0.0001611 0.00015865 0.00015125 0.00014515 0.00016405 0.00016235 0.00015695 0.00015835 0.000161 0.00016465 0.0001586 0.0001513 0.00016305 0.0001515 0.00016585 0.0001581 0.0001535 0.00015775 0.00014415 0.00016155 0.00015465 0.00016115 0.0001674 0.0001667 0.0001586 0.00016555 0.00015725 0.0001526 0.0001625 0.00016305 0.0001559 0.00015495 0.0001677 0.0001528 0.0001501 0.00013195 0.00016175 0.00014375 0.000154 0.00015615 0.00014845 0.000166 0.00016335 0.0001509 0.00015975 0.0001539 0.00016335 0.0001665 0.00015235 0.0001603 0.00015335 0.00016025 0.0001681 0.0001622 0.0001647 0.0001587 0.0001672 0.00015305 0.00016865 0.00015235 0.0001511 0.00016 0.000151 0.00015335 0.0001604 0.0001624 0.00016415 0.0001531 0.0001588 0.00016835 0.00015855 0.00016215 0.0001293 0.00016775 0.0001556 0.00015845 0.0001558 0.0001692 0.00015545 0.000164 0.0001672 0.0001138 0.0001617 0.0001659 0.0001612 0.0001547 0.00016755 0.00015915 0.0001418
6 0.0001433 0.00015775 0.00015965 0.00015655 0.0001678 0.00016735 0.0001556 0.0001486 0.0001646 0.00015405 0.00014775 0.00014135 0.0001617 0.00015815 0.00015615 0.0001586 0.00012675 0.00016195 0.0001554 0.0001331 0.0001476 0.00015535 0.0001565 0.0001502 0.0001558 0.0001588 0.0001528 0.000154 0.0001307 0.0001696 0.00015805 0.0001529 0.0001444 0.00017145 0.0001305 0.0001355 0.00015445 0.0001539 0.0001393 0.00015145 0.00015225 0.00015425 0.00014375 0.0001559 0.00015465 0.0001578 0.00016955 0.0001644 0.00015015 0.0001516 0.00015655 0.000154 0.0001591 0.00014885 0.00017035 0.00015415 0.000157 0.0001473 0.00014215 0.00015335 0.0001558 0.0001579 0.00015365 0.00013675 0.00015705 0.00014895 0.00015295 0.0001544 0.0001669 0.00015655 0.0001561 0.0001521 0.0001535 0.00016545 0.0001609 0.00015325 0.0001188 0.0001411 0.0001562 0.00015955 0.0001346 0.00015175 0.000142 0.0001553 0.00013985 0.0001617 0.00015225 0.0001636 0.00012725 0.00015385 0.00015295 0.0001409 0.0001577 0.0001471 0.00012115 0.00015945 0.00016145 0.00014205 0.0001599 0.000143
7 0.00015245 0.0001534 0.00015265 0.00015785 0.0001494 0.000166 0.0001486 0.0001512 0.0001673 0.00015525 0.00013785 0.0001383 0.0001476 0.00015165 0.0001528 0.0001492 0.0001518 0.0001587 0.00016395 0.0001519 0.0001157 0.0001438 0.00015535 0.0001496 0.0001518 0.00016065 0.00014675 0.00015745 0.000146 0.00015395 0.00015385 0.00015275 0.00014945 0.0001621 0.0001527 0.0001518 0.00015405 0.0001533 0.00014895 0.0001475 0.0001528 0.00015275 0.0001577 0.00016275 0.00017045 0.0001664 0.0001601 0.00015665 0.0001512 0.0001539 0.0001485 0.00015495 0.00015445 0.00015175 0.0001613 0.0001522 0.00016005 0.0001199 0.00015875 0.0001494 0.0001552 0.00015415 0.00015175 0.00011305 0.00015455 0.0001561 0.00015775 0.00014105 0.0001537 0.00014975 0.00015395 0.00014905 0.00015375 0.00015495 0.00015835 0.0001486 0.00015815 0.0001488 0.00015445 0.00014535 0.00015235 0.0001591 0.0001556 0.0001571 0.00016075 0.00015805 0.000155 0.0001513 0.0001595 0.00015805 0.00015275 0.00014875 0.0001571 0.0001487 0.00015465 0.00014925 0.000165 0.0001449 0.00015705 0.00013185
8 0.0001588 0.00016005 0.0001691 0.0001486 0.0001635 0.00016335 0.0001646 0.0001673 0.0001674 0.0001526 0.00015665 0.00016705 0.00014735 0.00015985 0.00015585 0.00015845 0.00016495 0.00016175 0.0001673 0.0001511 0.00015525 0.00015395 0.00016505 0.00016245 0.0001636 0.00016045 0.0001496 0.00015375 0.00016005 0.0001647 0.0001589 0.0001479 0.00015145 0.00016015 0.00015685 0.00015485 0.00015225 0.00014925 0.0001613 0.00016245 0.00016805 0.00015775 0.0001612 0.00016365 0.00015265 0.00015275 0.00016065 0.00015795 0.0001619 0.00015675 0.0001513 0.0001505 0.00016485 0.0001647 0.000157 0.00015855 0.00016355 0.00015475 0.00016825 0.00015555 0.00016445 0.00016335 0.00015395 0.00016565 0.0001526 0.00016575 0.0001517 0.00016325 0.00015335 0.00015435 0.00015875 0.00015575 0.00015845 0.00015005 0.0001607 0.00015415 0.00015535 0.00016385 0.00015525 0.0001546 0.0001626 0.00016325 0.0001641 0.0001619 0.00016475 0.00015145 0.00015725 0.00016395 0.0001701 0.0001464 0.0001531 0.0001606 0.0001548 0.000151 0.0001597 0.0001503 0.00016625 0.00016025 0.0001239 0.0001624
9 0.0001579 0.0001582 0.0001441 0.00014775 0.0001511 0.00014165 0.00015405 0.00015525 0.0001526 0.0001457 0.0001537 0.0001482 0.00015175 0.00015795 0.00015245 0.0001558 0.0001495 0.00015605 0.00016345 0.00015105 0.0001495 0.00014765 0.0001532 0.0001519 0.00014645 0.0001475 0.00014885 0.00014665 0.00014585 0.00013815 0.00014575 0.0001375 0.0001471 0.00016385 0.00016005 0.00013525 0.00016185 0.00014615 0.0001499 0.00015625 0.0001614 0.00014805 0.00015115 0.00015815 0.0001599 0.00012485 0.000146 0.0001565 0.00014175 0.0001349 0.0001508 0.0001429 0.00015595 0.00014655 0.00015225 0.00016315 0.0001523 0.00015055 0.00015305 0.0001553 0.0001586 0.0001581 0.00015225 0.0001539 0.0001603 0.0001525 0.00015135 0.0001542 0.0001505 0.0001583 0.00015285 0.0001506 0.00014835 0.0001513 0.0001528 0.00014125 0.00014955 0.00014975 0.00014695 0.000143 0.00015735 0.00015405 0.0001547 0.00014045 0.00015885 0.0001511 0.00015375 0.0001479 0.0001579 0.0001453 0.0001554 0.00016 0.0001334 0.00014995 0.00015115 0.0001531 0.00015025 0.00014995 0.0001596 0.00014105
10 0.0001461 0.00014995 0.0001635 0.00014905 0.0001584 0.00016565 0.00014775 0.00013785 0.00015665 0.0001537 0.0001638 0.0001492 0.00016385 0.0001646 0.00015645 0.00015645 0.000153 0.00016615 0.00015955 0.0001557 0.00014125 0.0001563 0.00016055 0.00015365 0.0001587 0.0001594 0.00015065 0.0001558 0.0001406 0.00016865 0.0001575 0.00014545 0.0001488 0.00016295 0.00015145 0.00014555 0.0001615 0.000144 0.00014335 0.0001504 0.0001555 0.00015485 0.00014915 0.0001635 0.0001718 0.0001602 0.00016405 0.0001623 0.0001536 0.00015165 0.00015265 0.0001415 0.00016165 0.000144 0.0001653 0.00015295 0.000154 0.00013815 0.0001493 0.0001486 0.00014955 0.000161 0.00015365 0.0001343 0.00015125 0.00014475 0.0001622 0.000153 0.00016095 0.0001541 0.00015465 0.00015575 0.0001507 0.00015985 0.00016175 0.00015255 0.00015345 0.0001474 0.00016175 0.0001445 0.00015635 0.00015625 0.00014015 0.00015535 0.0001562 0.0001598 0.00015305 0.0001464 0.000153 0.0001605 0.00015105 0.00014775 0.0001578 0.00015455 0.00014525 0.00015035 0.0001646 0.0001541 0.000153 0.000142
11 0.00014015 0.0001568 0.00016195 0.00015425 0.0001643 0.0001611 0.00014135 0.0001383 0.00016705 0.0001482 0.0001492 0.0001411 0.0001612 0.00015505 0.000157 0.0001624 0.0001506 0.0001612 0.00015695 0.0001476 0.0001354 0.0001492 0.00015825 0.00015825 0.00015735 0.00015805 0.00014555 0.0001494 0.0001351 0.00016435 0.0001496 0.00015665 0.00014415 0.0001656 0.00015535 0.000154 0.0001642 0.0001477 0.00014525 0.00014735 0.00014645 0.00014435 0.00015095 0.000152 0.0001636 0.00015505 0.00015875 0.0001641 0.00015555 0.00014975 0.0001586 0.00014515 0.0001555 0.0001591 0.00016005 0.00014425 0.00015535 0.00014665 0.00014925 0.00015245 0.00014895 0.00015175 0.0001535 0.00013715 0.0001534 0.0001486 0.0001532 0.0001528 0.0001647 0.0001535 0.0001402 0.00015365 0.0001546 0.00016195 0.0001514 0.0001535 0.0001514 0.0001492 0.0001567 0.00015555 0.00015595 0.00014855 0.00015365 0.00015685 0.0001536 0.00015525 0.0001422 0.000151 0.00014695 0.0001456 0.0001507 0.00014515 0.00015935 0.00014305 0.0001483 0.00016345 0.0001545 0.0001423 0.00015635 0.00014375
12 0.0001598 0.00015775 0.00014555 0.0001642 0.00015165 0.00015865 0.0001617 0.0001476 0.00014735 0.00015175 0.00016385 0.0001612 0.0001557 0.00015365 0.000155 0.00015735 0.0001545 0.0001555 0.00015775 0.00015185 0.0001517 0.0001568 0.0001601 0.00014995 0.0001514 0.00016375 0.0001544 0.00015895 0.00014775 0.00015255 0.000155 0.00015965 0.0001594 0.0001589 0.00015945 0.0001489 0.0001547 0.00014515 0.00016195 0.0001633 0.00015615 0.00015465 0.0001577 0.00015815 0.0001585 0.0001541 0.0001488 0.000152 0.00016355 0.00015385 0.00016115 0.0001623 0.0001457 0.00016495 0.0001564 0.0001589 0.0001604 0.0001494 0.00016735 0.00015585 0.00016815 0.0001571 0.0001526 0.0001506 0.0001509 0.00016165 0.0001448 0.0001476 0.00015415 0.00015955 0.0001553 0.00014745 0.00015655 0.00015815 0.0001547 0.0001502 0.00015335 0.00016165 0.00014815 0.00014645 0.00016155 0.00016565 0.0001695 0.00015585 0.00015925 0.00015645 0.00015185 0.0001679 0.00016675 0.00015255 0.0001491 0.00015975 0.00015235 0.00014435 0.000164 0.00014545 0.0001668 0.0001519 0.0001555 0.0001625
13 0.00016195 0.00016015 0.0001513 0.0001647 0.00016335 0.00015125 0.00015815 0.00015165 0.00015985 0.00015795 0.0001646 0.00015505 0.00015365 0.0001615 0.00014815 0.00015035 0.0001501 0.0001497 0.00015545 0.00011485 0.0001514 0.00015465 0.0001594 0.0001548 0.0001521 0.00015115 0.0001592 0.00015485 0.00015185 0.00015425 0.0001519 0.0001561 0.00014745 0.0001618 0.00015345 0.0001591 0.0001616 0.00015225 0.0001502 0.0001556 0.0001419 0.0001321 0.0001535 0.00015935 0.000157 0.0001603 0.0001577 0.0001513 0.00016295 0.00015085 0.0001557 0.0001501 0.0001556 0.00015705 0.0001601 0.0001511 0.0001654 0.0001545 0.0001597 0.00015485 0.0001564 0.0001601 0.0001568 0.0001558 0.00014455 0.00016265 0.0001486 0.0001515 0.000158 0.00015335 0.0001651 0.0001535 0.00015325 0.00014875 0.0001567 0.00014715 0.0001559 0.0001608 0.0001602 0.0001527 0.00015835 0.00015255 0.0001605 0.0001614 0.00015945 0.0001558 0.00014985 0.00015855 0.0001637 0.00015645 0.0001515 0.0001592 0.00014915 0.00015755 0.0001575 0.0001568 0.00015375 0.00015035 0.00014615 0.0001536
14 0.0001626 0.0001514 0.0001672 0.0001603 0.00016335 0.00014515 0.00015615 0.0001528 0.00015585 0.00015245 0.00015645 0.000157 0.000155 0.00014815 0.0001318 0.0001506 0.0001591 0.0001504 0.0001638 0.0001603 0.00015905 0.0001521 0.00014885 0.00014815 0.0001437 0.0001401 0.0001496 0.00015655 0.0001513 0.00016195 0.0001616 0.0001609 0.00015435 0.00016765 0.0001534 0.00016025 0.00015695 0.00014925 0.0001589 0.00015235 0.0001482 0.00014965 0.0001414 0.0001689 0.00015825 0.00016395 0.00015415 0.000173 0.0001534 0.0001615 0.00015945 0.00015235 0.0001608 0.00015575 0.000157 0.0001567 0.00015595 0.0001446 0.0001558 0.0001553 0.000163 0.00015855 0.0001568 0.00015445 0.0001456 0.00015405 0.0001463 0.00015995 0.0001581 0.00015015 0.00016365 0.0001534 0.0001597 0.0001391 0.00015545 0.0001523 0.00015305 0.00016045 0.00015745 0.00015675 0.00014905 0.0001601 0.0001582 0.000149 0.0001445 0.0001541 0.00016385 0.0001507 0.00015795 0.00016515 0.0001565 0.0001598 0.00014205 0.0001624 0.000154 0.00016265 0.00016525 0.00016275 0.000142 0.000159
15 0.00015955 0.00016115 0.00016165 0.00015735 0.0001695 0.00016405 0.0001586 0.0001492 0.00015845 0.0001558 0.00015645 0.0001624 0.00015735 0.00015035 0.0001506 0.0001749 0.0001559 0.0001612 0.0001523 0.00014575 0.0001598 0.00016555 0.00015785 0.0001608 0.000156 0.00016285 0.00015755 0.000157 0.00014795 0.00015875 0.0001518 0.0001559 0.0001498 0.0001675 0.00015395 0.0001501 0.0001577 0.0001493 0.00015685 0.00016255 0.000159 0.00015615 0.000155 0.00016655 0.000138 0.00016645 0.0001568 0.0001601 0.00016195 0.00014405 0.0001568 0.00016175 0.00015525 0.00015625 0.00015665 0.00015255 0.00016395 0.0001509 0.0001527 0.0001596 0.0001528 0.00016165 0.0001556 0.00015485 0.00015855 0.00015785 0.00015725 0.0001621 0.0001574 0.00013135 0.0001534 0.00015115 0.00015745 0.00015295 0.0001591 0.00014785 0.0001468 0.00015595 0.0001624 0.00015535 0.00014165 0.00016295 0.0001599 0.0001584 0.00016425 0.0001603 0.0001476 0.00016145 0.00015965 0.0001561 0.00015925 0.00015665 0.0001624 0.0001573 0.0001512 0.0001625 0.00016625 0.0001579 0.00015855 0.00015345
16 0.0001545 0.0001559 0.00015695 0.000154 0.00015615 0.00016235 0.00012675 0.0001518 0.00016495 0.0001495 0.000153 0.0001506 0.0001545 0.0001501 0.0001591 0.0001559 0.0001458 0.0001555 0.00015985 0.0001431 0.0001458 0.00014945 0.0001596 0.00015195 0.0001537 0.00015465 0.00015135 0.0001525 0.00014655 0.00015885 0.00015365 0.0001495 0.00015095 0.000163 0.00014995 0.00014405 0.00015615 0.000154 0.00013985 0.000154 0.0001502 0.00015475 0.00014275 0.0001537 0.0001564 0.00014485 0.00015775 0.0001596 0.00014735 0.00014465 0.00015235 0.0001481 0.00015245 0.00014905 0.00016735 0.00015675 0.00014845 0.0001466 0.0001438 0.0001543 0.00015555 0.0001609 0.000153 0.00015535 0.0001526 0.0001485 0.0001485 0.0001467 0.00016045 0.0001452 0.0001521 0.0001475 0.0001566 0.000164 0.00016795 0.00014885 0.00014135 0.00015 0.00015355 0.00015535 0.0001545 0.0001537 0.0001544 0.000147 0.00013405 0.00015535 0.00015215 0.00015675 0.0001093 0.0001555 0.0001571 0.0001484 0.00015405 0.00015135 0.00014065 0.00015725 0.0001603 0.00015065 0.0001625 0.00015415
17 0.0001617 0.0001437 0.0001592 0.00017065 0.0001521 0.00015695 0.00016195 0.0001587 0.00016175 0.00015605 0.00016615 0.0001612 0.0001555 0.0001497 0.0001504 0.0001612 0.0001555 0.0001468 0.000167 0.0001474 0.00015875 0.00015125 0.0001501 0.00014555 0.0001543 0.00014655 0.0001511 0.000168 0.00015475 0.00016655 0.00015395 0.0001597 0.00015235 0.0001681 0.0001557 0.0001597 0.0001487 0.00015655 0.0001526 0.00014995 0.00015345 0.00016075 0.0001493 0.0001682 0.00016585 0.0001514 0.0001588 0.0001667 0.0001532 0.00015115 0.00017025 0.0001529 0.0001601 0.0001561 0.00015715 0.00015685 0.0001553 0.0001591 0.00015925 0.0001564 0.0001639 0.00015915 0.00015575 0.00015615 0.0001433 0.00015605 0.00016025 0.0001542 0.00015725 0.00016105 0.0001649 0.00015905 0.0001553 0.0001527 0.00015835 0.0001547 0.0001544 0.00015305 0.00015935 0.0001592 0.000159 0.00015635 0.0001635 0.0001644 0.0001585 0.00013765 0.0001506 0.00015835 0.00016095 0.00016615 0.0001501 0.0001548 0.00015295 0.000166 0.000158 0.0001681 0.0001611 0.0001537 0.00016445 0.00015675
18 0.00015295 0.00017105 0.00016245 0.00016205 0.00016665 0.00015835 0.0001554 0.00016395 0.0001673 0.00016345 0.00015955 0.00015695 0.00015775 0.00015545 0.0001638 0.0001523 0.00015985 0.000167 0.0001513 0.00015195 0.0001558 0.00016395 0.00016215 0.0001586 0.00016435 0.0001649 0.00015855 0.0001612 0.0001533 0.0001668 0.00015075 0.0001563 0.00014825 0.0001507 0.000162 0.00015315 0.0001583 0.0001524 0.0001576 0.00016445 0.00016225 0.00015455 0.00015705 0.00015415 0.0001574 0.0001652 0.0001554 0.0001335 0.0001635 0.00016075 0.00016 0.00016095 0.00015765 0.00016275 0.00014965 0.00015615 0.00015125 0.00015885 0.00017055 0.00014745 0.00015525 0.0001471 0.00015805 0.0001604 0.00016495 0.00015265 0.00015635 0.00016045 0.00016 0.0001619 0.00014675 0.0001503 0.00015975 0.0001657 0.00014695 0.00015305 0.00014845 0.0001595 0.00015595 0.00016555 0.00016195 0.0001616 0.00016205 0.000162 0.00016505 0.00015715 0.00015075 0.0001519 0.00016085 0.00016715 0.0001623 0.0001592 0.00016225 0.00015165 0.0001532 0.0001613 0.0001649 0.00015755 0.00015595 0.00015985
19 0.00015005 0.0001501 0.00014595 0.0001571 0.0001556 0.000161 0.0001331 0.0001519 0.0001511 0.00015105 0.0001557 0.0001476 0.00015185 0.00011485 0.0001603 0.00014575 0.0001431 0.0001474 0.00015195 0.0001432 0.0001506 0.0001505 0.0001565 0.0001456 0.0001527 0.0001585 0.00015175 0.00014965 0.0001356 0.0001565 0.00014355 0.0001456 0.00013915 0.0001661 0.0001277 0.0001449 0.0001551 0.00014045 0.0001406 0.0001529 0.0001442 0.00014295 0.0001448 0.00015945 0.00014455 0.0001523 0.00016 0.0001505 0.00015175 0.00014905 0.0001505 0.00014955 0.0001551 0.0001449 0.00016045 0.00014825 0.00015675 0.0001522 0.0001474 0.00014865 0.00015215 0.0001523 0.0001504 0.00014725 0.00014375 0.000155 0.00015085 0.00015325 0.000151 0.00015505 0.0001538 0.00014865 0.00014305 0.00015335 0.00015345 0.0001451 0.0001166 0.00015025 0.0001572 0.0001557 0.0001396 0.0001483 0.00014555 0.00016025 0.0001515 0.0001454 0.00013905 0.00016245 0.00014415 0.0001542 0.0001456 0.00014075 0.00015395 0.0001519 0.0001133 0.0001591 0.00014605 0.0001442 0.00015445 0.00014825
20 0.0001453 0.00014355 0.0001553 0.00015575 0.0001485 0.00016465 0.0001476 0.0001157 0.00015525 0.0001495 0.00014125 0.0001354 0.0001517 0.0001514 0.00015905 0.0001598 0.0001458 0.00015875 0.0001558 0.0001506 0.0001272 0.00012455 0.00015575 0.0001542 0.00015055 0.00015325 0.000143 0.0001592 0.0001501 0.00015865 0.0001424 0.000145 0.00014555 0.0001485 0.0001563 0.00014755 0.00013575 0.00015645 0.00014025 0.0001454 0.0001534 0.0001453 0.00016045 0.0001456 0.0001625 0.00016195 0.0001586 0.0001576 0.00015315 0.0001507 0.000153 0.00014685 0.0001469 0.0001503 0.00015415 0.0001531 0.00014645 0.00011225 0.00015655 0.00015545 0.0001593 0.00015985 0.0001483 0.0001198 0.0001521 0.00014675 0.00015445 0.0001538 0.0001499 0.00015055 0.0001582 0.0001473 0.00015575 0.0001452 0.000158 0.00015265 0.0001439 0.0001422 0.0001423 0.00014335 0.0001579 0.0001558 0.00015565 0.0001573 0.000158 0.0001542 0.00014815 0.00014515 0.0001604 0.00015935 0.00015035 0.0001449 0.00015295 0.00014945 0.0001521 0.00015505 0.00015365 0.0001466 0.0001542 0.0001368
21 0.00015825 0.0001516 0.00015335 0.00016065 0.0001566 0.0001586 0.00015535 0.0001438 0.00015395 0.00014765 0.0001563 0.0001492 0.0001568 0.00015465 0.0001521 0.00016555 0.00014945 0.00015125 0.00016395 0.0001505 0.00012455 0.0001441 0.00015745 0.00014875 0.00015755 0.0001512 0.00014165 0.00016205 0.0001496 0.0001573 0.0001548 0.00015155 0.00014915 0.00015065 0.00015505 0.0001514 0.00014245 0.0001544 0.0001483 0.00014485 0.00015415 0.0001464 0.00013925 0.0001582 0.00015465 0.0001552 0.0001575 0.00016365 0.00015905 0.00015335 0.00015785 0.00015235 0.000155 0.00016 0.00015725 0.00014825 0.0001508 0.0001384 0.00015935 0.00015865 0.000164 0.00015485 0.00015335 0.00013835 0.0001512 0.00015225 0.0001552 0.0001572 0.0001522 0.00015505 0.00015405 0.00014945 0.0001549 0.0001448 0.00015755 0.00015925 0.00015245 0.0001484 0.0001485 0.0001511 0.000158 0.00015405 0.00016085 0.00015205 0.0001586 0.0001363 0.00014735 0.00015225 0.0001622 0.00015585 0.0001543 0.0001488 0.00014435 0.0001588 0.0001554 0.0001606 0.0001496 0.00015155 0.00015425 0.00014785
22 0.0001536 0.00015945 0.0001615 0.0001685 0.00016065 0.0001513 0.0001565 0.00015535 0.00016505 0.0001532 0.00016055 0.00015825 0.0001601 0.0001594 0.00014885 0.00015785 0.0001596 0.0001501 0.00016215 0.0001565 0.00015575 0.00015745 0.0001545 0.00015705 0.0001541 0.00015925 0.0001544 0.0001516 0.0001487 0.00015535 0.000154 0.0001608 0.00014145 0.00016845 0.00016105 0.00015865 0.00015925 0.00015575 0.000159 0.0001529 0.0001631 0.00015855 0.0001652 0.00016265 0.0001579 0.000168 0.00015555 0.00016535 0.0001513 0.00015935 0.00016415 0.00015735 0.0001683 0.00016055 0.0001626 0.000151 0.0001443 0.00015445 0.00015365 0.0001555 0.0001639 0.00016245 0.0001628 0.0001495 0.0001652 0.000147 0.0001529 0.0001549 0.00016455 0.0001593 0.00015525 0.00015355 0.0001612 0.0001534 0.0001629 0.00015725 0.00015705 0.00016025 0.0001632 0.00015575 0.0001548 0.000163 0.0001624 0.000143 0.00016205 0.00015755 0.0001659 0.0001575 0.0001618 0.0001546 0.0001614 0.0001548 0.00014815 0.00015905 0.0001535 0.00017055 0.00015935 0.00016005 0.0001611 0.0001564
23 0.00015245 0.00015625 0.0001584 0.00015975 0.00014565 0.00016305 0.0001502 0.0001496 0.00016245 0.0001519 0.00015365 0.00015825 0.00014995 0.0001548 0.00014815 0.0001608 0.00015195 0.00014555 0.0001586 0.0001456 0.0001542 0.00014875 0.00015705 0.0001517 0.00015865 0.0001536 0.000156 0.0001608 0.00015 0.0001577 0.00015635 0.00015995 0.0001576 0.00016355 0.0001488 0.0001445 0.00015615 0.00015165 0.0001504 0.0001514 0.0001553 0.000156 0.0001512 0.00016075 0.0001581 0.00015175 0.00015685 0.0001589 0.0001493 0.00015115 0.0001538 0.0001574 0.00014805 0.00015465 0.000155 0.00015515 0.00015995 0.00015795 0.00015705 0.0001573 0.0001586 0.0001638 0.00015155 0.00015075 0.0001573 0.0001483 0.0001514 0.0001505 0.0001453 0.0001536 0.0001503 0.0001477 0.00015745 0.0001517 0.0001652 0.00015045 0.0001457 0.0001505 0.00015325 0.00014955 0.0001555 0.0001538 0.0001613 0.000157 0.0001543 0.00014175 0.00014825 0.0001513 0.0001504 0.0001608 0.0001534 0.0001554 0.00015715 0.00015835 0.00014265 0.00015925 0.0001603 0.00015245 0.00015605 0.0001494
24 0.0001581 0.0001625 0.00015085 0.00015155 0.0001555 0.0001515 0.0001558 0.0001518 0.0001636 0.00014645 0.0001587 0.00015735 0.0001514 0.0001521 0.0001437 0.000156 0.0001537 0.0001543 0.00016435 0.0001527 0.00015055 0.00015755 0.0001541 0.00015865 0.0001687 0.00014715 0.0001506 0.00016335 0.00015295 0.0001523 0.0001592 0.000152 0.00015855 0.0001635 0.00015805 0.0001538 0.00016275 0.00015295 0.00014815 0.0001573 0.0001563 0.00015295 0.00014865 0.00016205 0.0001545 0.00015425 0.0001505 0.00016025 0.0001586 0.00015195 0.0001608 0.0001532 0.0001588 0.00015545 0.00016415 0.0001628 0.00015325 0.000154 0.000155 0.00016345 0.00016375 0.00016295 0.0001536 0.00015225 0.00015325 0.00014825 0.0001529 0.00016075 0.0001617 0.00015515 0.00015905 0.00015285 0.0001529 0.00015465 0.0001615 0.00015515 0.00015225 0.00015205 0.00015845 0.0001575 0.0001549 0.00015245 0.00015455 0.00014935 0.00015905 0.00015245 0.00015795 0.00016045 0.000157 0.00015805 0.00015675 0.0001598 0.000145 0.00015115 0.0001588 0.00015095 0.0001579 0.0001522 0.00016385 0.00015095
25 0.00015805 0.00015365 0.00016335 0.0001584 0.00015345 0.00016585 0.0001588 0.00016065 0.00016045 0.0001475 0.0001594 0.00015805 0.00016375 0.00015115 0.0001401 0.00016285 0.00015465 0.00014655 0.0001649 0.0001585 0.00015325 0.0001512 0.00015925 0.0001536 0.00014715 0.0001495 0.00015165 0.00015905 0.00015315 0.00016405 0.00016635 0.00016285 0.00015485 0.0001628 0.000158 0.00016115 0.00015695 0.00017 0.0001506 0.00015225 0.0001447 0.0001438 0.00015295 0.0001647 0.00016975 0.00015675 0.0001545 0.0001669 0.0001598 0.00015605 0.0001691 0.00015535 0.00015075 0.00015725 0.0001536 0.0001609 0.000153 0.0001559 0.00016385 0.0001567 0.00016525 0.00016275 0.000159 0.0001578 0.00014495 0.00014745 0.0001493 0.00016355 0.0001627 0.0001524 0.00016165 0.00015995 0.00016065 0.0001393 0.0001571 0.00015465 0.0001575 0.0001568 0.00016185 0.000154 0.0001569 0.000142 0.00015785 0.000147 0.00015605 0.00014765 0.00016275 0.0001466 0.00015425 0.0001581 0.00014505 0.0001597 0.0001576 0.00016955 0.000161 0.0001644 0.0001646 0.00015185 0.00014675 0.00015695
26 0.00014545 0.000152 0.000162 0.0001617 0.00016095 0.0001581 0.0001528 0.00014675 0.0001496 0.00014885 0.00015065 0.00014555 0.0001544 0.0001592 0.0001496 0.00015755 0.00015135 0.0001511 0.00015855 0.00015175 0.000143 0.00014165 0.0001544 0.000156 0.0001506 0.00015165 0.0001637 0.00015995 0.0001486 0.00016345 0.0001591 0.00012745 0.00014075 0.00016325 0.00015225 0.00014765 0.00015305 0.00014515 0.0001476 0.00014685 0.0001552 0.00013955 0.00015315 0.0001663 0.00015885 0.00015235 0.00015485 0.0001592 0.0001568 0.0001457 0.00016095 0.00014545 0.0001569 0.00015755 0.0001553 0.0001527 0.00015415 0.00014465 0.0001579 0.000156 0.0001548 0.0001548 0.0001528 0.0001497 0.00015075 0.00014655 0.0001544 0.00015455 0.00015665 0.0001451 0.0001527 0.0001461 0.0001534 0.00015715 0.00015565 0.0001524 0.00014425 0.00014895 0.0001522 0.0001524 0.0001515 0.00015135 0.0001555 0.00015095 0.00015805 0.00015315 0.00014755 0.00015645 0.0001532 0.00015405 0.0001495 0.00015195 0.00015315 0.0001531 0.0001498 0.00015855 0.000154 0.0001523 0.0001522 0.00014605
27 0.0001612 0.00016 0.00016835 0.0001385 0.00016475 0.0001535 0.000154 0.00015745 0.00015375 0.00014665 0.0001558 0.0001494 0.00015895 0.00015485 0.00015655 0.000157 0.0001525 0.000168 0.0001612 0.00014965 0.0001592 0.00016205 0.0001516 0.0001608 0.00016335 0.00015905 0.00015995 9.49e-05 0.00013385 0.0001576 0.0001649 0.0001586 0.0001502 0.00017465 0.00016405 0.0001571 0.0001621 0.00014315 0.0001507 0.00016205 0.00015535 0.0001503 0.000156 0.00017405 0.00016485 0.00016295 0.00016345 0.0001617 0.0001509 0.0001567 0.0001318 0.000147 0.0001685 0.00015755 0.0001619 0.0001612 0.0001596 0.00013405 0.000154 0.00015485 0.0001589 0.0001519 0.0001629 0.0001589 0.0001562 0.00016075 0.000156 0.00013605 0.0001617 0.0001555 0.0001593 0.00015235 0.00017015 0.00015945 0.0001566 0.00014885 0.00015315 0.0001587 0.00016135 0.000163 0.0001596 0.0001508 0.0001625 0.0001546 0.0001562 0.0001509 0.0001621 0.00016635 0.00015625 0.0001564 0.0001506 0.00016465 0.00015435 0.000158 0.00015035 0.0001597 0.0001652 0.00015615 0.0001577 0.0001381
28 0.00014725 0.0001541 0.0001577 0.00015955 0.0001599 0.00015775 0.0001307 0.000146 0.00016005 0.00014585 0.0001406 0.0001351 0.00014775 0.00015185 0.0001513 0.00014795 0.00014655 0.00015475 0.0001533 0.0001356 0.0001501 0.0001496 0.0001487 0.00015 0.00015295 0.00015315 0.0001486 0.00013385 0.0001418 0.00015945 0.0001474 0.00014895 0.00013755 0.00017275 0.0001378 0.00013735 0.0001607 0.0001409 0.00013955 0.0001526 0.0001517 0.0001394 0.00013385 0.00016115 0.00014835 0.0001624 0.00016305 0.0001627 0.0001579 0.0001447 0.00016495 0.0001455 0.00016005 0.00015005 0.00015875 0.00014595 0.00015465 0.0001357 0.0001429 0.0001495 0.0001457 0.00015335 0.000147 0.0001097 0.0001451 0.00014305 0.0001549 0.00014985 0.0001529 0.0001544 0.0001509 0.000152 0.00014495 0.00015045 0.00015375 0.00014455 0.00013735 0.0001515 0.0001571 0.0001565 0.0001473 0.0001423 0.0001493 0.0001515 0.0001464 0.00014495 0.0001406 0.0001546 0.0001416 0.00015335 0.0001452 0.0001463 0.0001498 0.0001489 0.00013495 0.0001547 0.00014855 0.000143 0.00015765 0.0001439
29 0.00016395 0.0001705 0.0001133 0.00015965 0.000157 0.00014415 0.0001696 0.00015395 0.0001647 0.00013815 0.00016865 0.00016435 0.00015255 0.00015425 0.00016195 0.00015875 0.00015885 0.00016655 0.0001668 0.0001565 0.00015865 0.0001573 0.00015535 0.0001577 0.0001523 0.00016405 0.00016345 0.0001576 0.00015945 0.0001162 0.00015355 0.00015315 0.00016645 0.0001649 0.0001743 0.000145 0.00016605 0.00015515 0.0001575 0.00016585 0.00016955 0.0001539 0.0001657 0.0001577 0.00015145 0.0001589 0.0001499 0.00016165 0.0001392 0.0001558 0.0001449 0.0001507 0.0001569 0.00015925 0.0001646 0.0001674 0.00016525 0.0001618 0.00016235 0.0001577 0.000169 0.00016425 0.0001551 0.00016315 0.00016465 0.00016 0.0001609 0.00016215 0.0001528 0.00015655 0.0001683 0.0001554 0.0001554 0.0001492 0.00016675 0.00014995 0.0001632 0.00015555 0.0001593 0.00016325 0.00017005 0.0001539 0.0001572 0.00015265 0.00016725 0.00015525 0.0001652 0.00015305 0.0001708 0.000151 0.00016195 0.00017085 0.0001388 0.0001646 0.00016635 0.0001524 0.0001379 0.0001572 0.0001633 0.0001564
30 0.00015935 0.0001621 0.00014985 0.0001605 0.0001528 0.00016155 0.00015805 0.00015385 0.0001589 0.00014575 0.0001575 0.0001496 0.000155 0.0001519 0.0001616 0.0001518 0.00015365 0.00015395 0.00015075 0.00014355 0.0001424 0.0001548 0.000154 0.00015635 0.0001592 0.00016635 0.0001591 0.0001649 0.0001474 0.00015355 0.000172 0.00015495 0.0001512 0.0001668 0.00015405 0.00013905 0.0001549 0.00015435 0.00015895 0.0001586 0.0001623 0.0001539 0.00015065 0.00015165 0.0001477 0.00015995 0.0001509 0.0001555 0.00015375 0.00015255 0.00016205 0.00016375 0.00015985 0.00015115 0.0001598 0.0001523 0.00015 0.0001527 0.0001568 0.0001544 0.0001546 0.0001516 0.00013805 0.00014855 0.00015775 0.00015685 0.00015395 0.0001645 0.00015615 0.00015645 0.0001599 0.00015865 0.00014805 0.00016145 0.00015795 0.00014915 0.00015305 0.00015305 0.00015675 0.0001552 0.00015295 0.0001578 0.0001601 0.0001572 0.0001529 0.0001595 0.0001488 0.0001557 0.0001558 0.00015765 0.00015895 0.00015415 0.00015585 0.00015075 0.00015015 0.00015995 0.0001564 0.00015575 0.00015785 0.00015485
31 0.0001539 0.0001415 0.00015985 0.0001581 0.00014845 0.00015465 0.0001529 0.00015275 0.0001479 0.0001375 0.00014545 0.00015665 0.00015965 0.0001561 0.0001609 0.0001559 0.0001495 0.0001597 0.0001563 0.0001456 0.000145 0.00015155 0.0001608 0.00015995 0.000152 0.00016285 0.00012745 0.0001586 0.00014895 0.00015315 0.00015495 0.0001435 0.00015015 0.0001685 0.00015165 0.0001424 0.00015595 0.00014535 0.0001424 0.0001614 0.0001612 0.000133 0.00015555 0.0001609 0.00016025 0.00014165 0.0001522 0.0001557 0.00014845 0.0001268 0.00015405 0.00015215 0.0001611 0.0001447 0.00016395 0.00015975 0.000151 0.00015135 0.00015205 0.00015095 0.00016065 0.000164 0.00014885 0.000154 0.00015545 0.0001451 0.00016095 0.0001563 0.0001503 0.00014945 0.00015695 0.0001501 0.00015015 0.0001584 0.0001651 0.0001378 0.00014645 0.0001423 0.0001594 0.00015295 0.00015915 0.00014915 0.0001533 0.00014885 0.0001576 0.00014945 0.00014415 0.00015915 0.0001572 0.0001625 0.0001589 0.00015525 0.00014845 0.00015005 0.00013955 0.0001628 0.0001452 0.00015755 0.00015605 0.0001332
32 0.00013295 0.00015285 0.00015915 0.00015865 0.00016615 0.00016115 0.0001444 0.00014945 0.00015145 0.0001471 0.0001488 0.00014415 0.0001594 0.00014745 0.00015435 0.0001498 0.00015095 0.00015235 0.00014825 0.00013915 0.00014555 0.00014915 0.00014145 0.0001576 0.00015855 0.00015485 0.00014075 0.0001502 0.00013755 0.00016645 0.0001512 0.00015015 0.0001328 0.00016785 0.00014855 0.00013995 0.0001479 0.0001411 0.00014785 0.0001483 0.00015475 0.0001455 0.00015315 0.00016 0.0001583 0.0001527 0.0001644 0.00014965 0.00015165 0.00014375 0.0001639 0.00015105 0.0001527 0.00015975 0.0001553 0.0001491 0.0001588 0.000144 0.00015485 0.0001514 0.00015195 0.00015685 0.00015245 0.0001455 0.0001531 0.00014015 0.0001512 0.00015085 0.0001503 0.0001549 0.00015905 0.00015425 0.0001577 0.00015525 0.000158 0.00014065 0.0001429 0.0001528 0.00015065 0.0001524 0.0001539 0.0001536 0.0001539 0.00015215 0.0001557 0.0001605 0.00014715 0.0001534 0.00015345 0.00013505 0.0001503 0.00014095 0.0001562 0.00014635 0.00014445 0.00015765 0.0001636 0.00014595 0.00014535 0.0001491
33 0.00016025 0.0001605 0.0001662 0.0001718 0.00016435 0.0001674 0.00017145 0.0001621 0.00016015 0.00016385 0.00016295 0.0001656 0.0001589 0.0001618 0.00016765 0.0001675 0.000163 0.0001681 0.0001507 0.0001661 0.0001485 0.00015065 0.00016845 0.00016355 0.0001635 0.0001628 0.00016325 0.00017465 0.00017275 0.0001649 0.0001668 0.0001685 0.00016785 0.0001468 0.00016935 0.00016345 0.00014785 0.000166 0.0001608 0.0001592 0.00016025 0.00016195 0.0001571 0.00015785 0.00016085 0.0001665 0.0001613 0.00015405 0.0001693 0.0001662 0.00016095 0.00016345 0.0001524 0.000155 0.00016095 0.00015805 0.0001537 0.0001576 0.0001696 0.00017645 0.0001631 0.00016875 0.00015555 0.00016785 0.00015705 0.0001559 0.00015615 0.00016725 0.00015875 0.00016395 0.0001641 0.0001532 0.0001576 0.0001597 0.0001594 0.0001718 0.00016745 0.00016545 0.00014255 0.0001527 0.000169 0.00017025 0.0001662 0.00016335 0.0001715 0.0001683 0.0001583 0.00014075 0.0001712 0.00017025 0.000162 0.00016355 0.0001526 0.000161 0.00016935 0.0001694 0.0001678 0.0001613 0.00016995 0.00017215
34 0.00015635 0.0001599 0.00015975 0.00016255 0.0001616 0.0001667 0.0001305 0.0001527 0.00015685 0.00016005 0.00015145 0.00015535 0.00015945 0.00015345 0.0001534 0.00015395 0.00014995 0.0001557 0.000162 0.0001277 0.0001563 0.00015505 0.00016105 0.0001488 0.00015805 0.000158 0.00015225 0.00016405 0.0001378 0.0001743 0.00015405 0.00015165 0.00014855 0.00016935 0.0001637 0.00014215 0.0001644 0.0001543 0.0001533 0.00015855 0.0001543 0.0001509 0.00015145 0.0001637 0.0001586 0.0001596 0.00016495 0.00016375 0.00016155 0.0001435 0.000166 0.00015205 0.00016355 0.00015205 0.0001654 0.0001493 0.00015845 0.000152 0.00015635 0.00015265 0.0001513 0.0001576 0.00015245 0.00014 0.00015015 0.00015505 0.00016125 0.0001594 0.000161 0.00015295 0.0001536 0.0001585 0.00015215 0.00015855 0.00016305 0.0001594 0.0001229 0.0001544 0.00016395 0.0001573 0.00013915 0.0001536 0.00014385 0.0001563 0.000155 0.000152 0.00015325 0.00016765 0.0001465 0.00016135 0.0001498 0.00013945 0.00016135 0.0001563 0.00012295 0.00016255 0.00015435 0.00015395 0.0001592 0.00014685
35 0.0001485 0.00016205 0.0001432 0.00015485 0.0001574 0.0001586 0.0001355 0.0001518 0.00015485 0.00013525 0.00014555 0.000154 0.0001489 0.0001591 0.00016025 0.0001501 0.00014405 0.0001597 0.00015315 0.0001449 0.00014755 0.0001514 0.00015865 0.0001445 0.0001538 0.00016115 0.00014765 0.0001571 0.00013735 0.000145 0.00013905 0.0001424 0.00013995 0.00016345 0.00014215 0.0001451 0.00015185 0.000146 0.0001451 0.00015345 0.00016635 0.0001511 0.0001446 0.0001575 0.0001531 0.0001553 0.0001515 0.00015395 0.00015335 0.0001244 0.0001541 0.0001491 0.0001546 0.0001586 0.00015925 0.0001539 0.0001573 0.00015005 0.0001476 0.0001473 0.0001481 0.00015295 0.00014755 0.00014415 0.0001635 0.00015445 0.0001525 0.0001544 0.0001581 0.00015315 0.0001614 0.00014615 0.0001448 0.000153 0.00015295 0.00014455 0.0001365 0.0001469 0.00015055 0.0001508 0.0001514 0.00014665 0.00014095 0.00015425 0.0001522 0.0001544 0.00015545 0.0001514 0.0001416 0.00015855 0.0001517 0.00014465 0.00014365 0.00015445 0.0001375 0.0001507 0.0001535 0.00015 0.0001522 0.00013665
