 slim_761929951 slim_761929965 slim_761929829 slim_761929937 slim_761930034 slim_761929855 slim_761930125 slim_761929726 slim_761930068 slim_761929971 slim_761930157 slim_761930041 slim_761930038 slim_761930082 slim_761929987 slim_761930007 slim_761929939 slim_761929991 slim_761929879 slim_761930048 slim_761929882 slim_761929755 slim_761930120 slim_761930121 slim_761929956 slim_761929871 slim_761929954 slim_761929950 slim_761929784 slim_761930077 slim_761930010 slim_761930158 slim_761930139 slim_761930031 slim_761929857 slim_761929763 slim_761930042 slim_761930029 slim_761929979 slim_761930144 slim_761929827 slim_761929732 slim_761929858 slim_761930055 slim_761929866 slim_761930021 slim_761929927 slim_761930075 slim_761929945 slim_761929849 slim_761930016 slim_761930046 slim_761930113 slim_761929860 slim_761929891 slim_761930101 slim_761929926 slim_761929994 slim_761929758 slim_761930015 slim_761930000 slim_761929839 slim_761929789 slim_761929978 slim_761929828 slim_761930002 slim_761929986 slim_761929880 slim_761929958 slim_761930006 slim_761929888 slim_761929730 slim_761930137 slim_761929800 slim_761930040 slim_761929734 slim_761929872 slim_761929944 slim_761929934 slim_761930130 slim_761929836 slim_761929738 slim_761930086 slim_761930080 slim_761929842 slim_761929770 slim_761930073 slim_761930065 slim_761930071 slim_761930054 slim_761930047 slim_761930114 slim_761930058 slim_761929886 slim_761929832 slim_761929922 slim_761929936 slim_761929908 slim_761930074 slim_761930084
0 0.0001639 0.0001646 0.00015725 0.00015935 0.0001532 0.0001528 0.0001603 0.0001514 0.00015785 0.00014865 0.00015505 0.0001671 0.00015655 0.00016625 0.0001571 0.00014795 0.0001688 0.00016055 0.00014825 0.00015665 0.00016185 0.00015825 0.00014795 0.0001575 0.00015755 0.00015845 0.00016035 0.0001574 0.00015675 0.0001404 0.00016115 0.00015345 0.0001531 0.0001513 0.0001509 0.00016235 0.0001593 0.0001632 0.00015695 0.00017125 0.00016215 0.0001569 0.0001442 0.00016595 0.0001524 0.0001568 0.0001539 0.00015085 0.00014555 0.00016185 0.00015945 0.00016765 0.0001506 0.00015175 0.0001637 0.00015495 0.000152 0.0001534 0.00015415 0.0001654 0.00014055 0.00016745 0.0001534 0.0001599 0.00016475 0.00014945 0.0001583 0.00016735 0.0001593 0.00015655 0.0001629 0.0001507 0.00014545 0.00015385 0.0001397 0.00015015 0.00015815 0.00016015 0.0001509 0.0001578 0.0001624 0.00016215 0.00015425 0.00016135 0.0001572 0.0001694 0.0001495 0.00015075 0.00015025 0.00016465 0.00015105 0.00016175 0.00016725 0.0001529 0.00016105 0.00014975 0.00015 0.00015425 0.0001481 0.0001555
1 0.0001646 0.000155 0.00014925 0.00014485 0.00015575 0.00015465 0.0001486 0.00015105 0.0001471 0.00016055 0.0001533 0.00015245 0.0001535 0.0001501 0.00015515 0.00015305 0.00015275 0.00015555 0.00013815 0.00015705 0.0001513 0.0001524 0.0001544 0.0001536 0.0001532 0.00016185 0.00014785 0.0001624 0.0001463 0.000146 0.00015175 0.0001457 0.0001585 0.0001485 0.00015125 0.00015995 0.00015395 0.0001406 0.00014945 0.00014235 0.0001477 0.0001388 0.0001513 0.00015725 0.0001417 0.0001495 0.00015775 0.00016265 0.0001495 0.00014755 0.0001595 0.00014975 0.0001493 0.0001629 0.00016125 0.0001537 0.00015145 0.00015905 0.0001565 0.000149 0.00014595 0.0001553 0.0001582 0.00015485 0.00015405 0.000149 0.00014725 0.00014195 0.00016135 0.00015815 0.00016015 0.00014455 0.00015565 0.0001477 0.0001485 0.0001468 0.000156 0.00014945 0.00015325 0.00014795 0.0001551 0.0001454 0.0001505 0.00015225 0.00014255 0.00016135 0.00015565 0.0001542 0.0001466 0.00015095 0.00015555 0.00016475 0.0001558 0.00015705 0.0001446 0.0001554 0.00014395 0.0001541 0.0001586 0.0001542
2 0.00015725 0.00014925 0.0001588 0.00015785 0.0001535 0.0001521 0.00015035 0.00015095 0.0001615 0.0001545 0.0001565 0.00016085 0.0001594 0.00012895 0.00015635 0.00016165 0.00015835 0.00015755 0.0001437 0.00014395 0.00015945 0.00014895 0.0001546 0.0001542 0.00015045 0.00016555 0.00014015 0.0001548 0.00013425 0.0001575 0.0001541 0.00014385 0.000154 0.00015185 0.0001407 0.00015695 0.00014685 0.00015145 0.0001521 0.00015455 0.00014515 0.00015205 0.0001484 0.0001578 0.0001419 0.00015365 0.0001543 0.0001561 0.000145 0.0001475 0.0001553 0.0001486 0.00014455 0.0001609 0.00016025 0.00013985 0.0001361 0.0001466 0.00015285 0.0001535 0.0001497 0.00015365 0.00014935 0.00015975 0.00015225 0.00015245 0.00015 0.0001558 0.00014375 0.0001661 0.00014305 0.0001513 0.0001584 0.0001428 0.0001469 0.00016215 0.0001513 0.0001478 0.0001608 0.000152 0.00015845 0.00015685 0.0001374 0.00014325 0.00014725 0.00015875 0.00014525 0.00015545 0.00014895 0.00014645 0.00013855 0.0001567 0.00013805 0.000155 0.0001446 0.0001487 0.0001404 0.00014565 0.00015635 0.00015935
3 0.00015935 0.00014485 0.00015785 0.000157 0.0001513 0.0001625 0.00015135 0.0001532 0.0001424 0.0001602 0.0001423 0.00016175 0.00016365 0.00016385 0.00015265 0.0001529 0.00015795 0.0001601 0.00015955 0.00015425 0.00015645 0.0001612 0.0001504 0.0001655 0.00014535 0.0001535 0.00014735 0.0001541 0.00015235 0.0001421 0.00014765 0.0001523 0.00015835 0.00014745 0.0001558 0.00016395 0.000157 0.00014945 0.0001541 0.00015225 0.00015095 0.0001555 0.000148 0.00014475 0.00014375 0.0001496 0.00015215 0.00016495 0.00016035 0.000159 0.0001635 0.0001603 0.00014765 0.0001521 0.0001626 0.0001589 0.000159 0.0001623 0.000138 0.0001621 0.00014785 0.00016435 0.000148 0.00016005 0.0001614 0.0001582 0.00015235 0.0001564 0.0001624 0.0001624 0.0001595 0.0001488 0.00015055 0.0001543 0.00015835 0.0001497 0.00015105 0.0001567 0.0001532 0.0001484 0.0001508 0.0001497 0.0001507 0.0001564 0.0001429 0.0001595 0.00015985 0.00014695 0.000155 0.0001503 0.0001563 0.00016255 0.0001649 0.0001659 0.00015115 0.0001602 0.0001509 0.00015675 0.00016435 0.00014935
4 0.0001532 0.00015575 0.0001535 0.0001513 0.0001509 0.0001559 0.00015155 0.00014675 0.00015865 0.00015655 0.0001586 0.0001643 0.000144 0.00015165 0.00015675 0.0001529 0.0001503 0.0001522 0.0001566 0.00014835 0.00015905 0.0001459 0.0001555 0.0001589 0.00016145 0.0001565 0.00015775 0.00015415 0.0001509 0.0001536 0.0001518 0.00015805 0.00015945 0.00012585 0.0001525 0.0001529 0.0001405 0.00015335 0.0001543 0.00016205 0.00015885 0.00015955 0.0001496 0.00015165 0.00014755 0.00014995 0.0001516 0.0001571 0.0001494 0.00016505 0.00015545 0.0001561 0.0001488 0.00015875 0.0001545 0.0001542 0.0001578 0.000152 0.00015345 0.0001547 0.0001512 0.0001544 0.0001491 0.00014235 0.0001384 0.0001505 0.0001541 0.00016745 0.0001327 0.00015495 0.00016175 0.0001476 0.00013805 0.0001435 0.0001469 0.00015945 0.0001595 0.0001502 0.0001162 0.0001611 0.00015705 0.00015085 0.0001508 0.0001538 0.0001567 0.0001603 0.00015955 0.00014905 0.00013475 0.0001524 0.0001535 0.000157 0.0001356 0.000161 0.00015165 0.0001495 0.00015125 0.00015205 0.0001532 0.0001487
5 0.0001528 0.00015465 0.0001521 0.0001625 0.0001559 0.0001655 0.0001553 0.0001512 0.000153 0.0001635 0.00016155 0.0001554 0.00015735 0.0001519 0.0001554 0.0001549 0.0001621 0.0001479 0.00014835 0.000156 0.00016205 0.0001511 0.0001561 0.00015885 0.00015005 0.0001573 0.0001531 0.00016165 0.00015205 0.00014685 0.00016185 0.0001575 0.00014805 0.0001485 0.00011385 0.0001302 0.00013 0.00015585 0.00015245 0.0001566 0.00015235 0.00015775 0.0001246 0.00016055 0.00014825 0.0001556 0.00015975 0.0001612 0.0001563 0.0001586 0.0001544 0.00015515 0.0001586 0.00015655 0.00016195 0.00015715 0.00015495 0.00014 0.0001629 0.0001498 0.00011365 0.00015665 0.0001496 0.0001611 0.0001577 0.0001541 0.0001548 0.00016025 0.0001507 0.00015945 0.00015295 0.0001228 0.0001457 0.000153 0.0001444 0.00015765 0.0001604 0.0001581 0.000148 0.00015395 0.00015605 0.00015175 0.0001477 0.00015425 0.00015165 0.0001583 0.00016155 0.0001481 0.000139 0.00015415 0.0001582 0.00015745 0.00015635 0.00015745 0.00015325 0.00014555 0.00014025 0.0001525 0.0001523 0.00015945
6 0.0001603 0.0001486 0.00015035 0.00015135 0.00015155 0.0001553 0.00014 0.00014385 0.00015225 0.0001509 0.0001508 0.0001432 0.0001599 0.00015045 0.0001508 0.0001641 0.00014615 0.0001579 0.0001487 0.0001518 0.0001565 0.0001527 0.00014885 0.00015285 0.00015645 0.0001516 0.0001466 0.00010955 0.00014535 0.0001552 0.00014935 0.0001422 0.00015315 0.0001434 0.0001483 0.0001614 0.00015055 0.0001465 0.00015015 0.00015885 0.0001467 0.00014695 0.00015175 0.00015815 0.00014425 0.0001478 0.0001345 0.0001526 0.00015535 0.00015115 0.0001087 0.0001453 0.0001508 0.0001468 0.0001471 0.0001462 0.0001498 0.00014815 0.0001599 0.00015195 0.000145 0.0001511 0.00015795 0.00015085 0.0001466 0.00014915 0.0001362 0.00015525 0.00015445 0.00015805 0.0001481 0.0001461 0.0001578 0.0001418 0.00015485 0.0001522 0.00014895 0.00015975 0.0001416 0.00014605 0.00014955 0.0001486 0.0001478 0.0001546 0.00014925 0.0001604 0.00014795 0.0001511 0.00015575 0.0001459 0.0001505 0.000112 0.0001504 0.00016145 0.00015765 0.0001372 0.0001269 0.0001585 0.0001516 0.0001492
7 0.0001514 0.00015105 0.00015095 0.0001532 0.00014675 0.0001512 0.00014385 0.0001319 0.00014535 0.0001476 0.00015285 0.0001484 0.00014835 0.0001453 0.00014785 0.00015495 0.0001604 0.00016335 0.00014755 0.00014695 0.00015025 0.0001372 0.0001394 0.00012025 0.00014825 0.00015235 0.00014935 0.0001482 0.000153 0.0001538 0.0001456 0.00014485 0.0001439 0.00014605 0.00015085 0.00015985 0.00014735 0.00016175 0.0001574 0.00015545 0.0001432 0.0001344 0.0001469 0.0001502 0.00014655 0.000153 0.0001532 0.0001456 0.00014605 0.00015225 0.000141 0.00015335 0.0001441 0.00012685 0.0001643 0.0001597 0.00015235 0.0001467 0.0001556 0.000145 0.00014545 0.00015095 0.0001513 0.0001478 0.00014215 0.0001538 0.00014655 0.00015385 0.0001457 0.00015245 0.0001455 0.00014615 0.00015025 0.0001457 0.00014005 0.00014815 0.0001466 0.00015595 0.0001489 0.00015695 0.000156 0.0001494 0.00016345 0.00015085 0.0001094 0.00015625 0.00014855 0.0001135 0.0001368 0.0001466 0.0001464 0.00015465 0.0001442 0.00014615 0.0001515 0.00014655 0.00013905 0.0001526 0.0001437 0.00014895
8 0.00015785 0.0001471 0.0001615 0.0001424 0.00015865 0.000153 0.00015225 0.00014535 0.0001591 0.000155 0.000152 0.00015115 0.0001561 0.00015315 0.00013475 0.0001581 0.0001489 0.00015855 0.0001609 0.00015135 0.00014885 0.0001589 0.0001451 0.0001559 0.00015075 0.00013055 0.0001527 0.00016305 0.00015465 0.0001536 0.0001534 0.00014215 0.00015855 0.00014975 0.00015065 0.00016195 0.00015305 0.0001558 0.000154 0.00014805 0.0001347 0.00015155 0.00015715 0.00015235 0.00014485 0.00015615 0.00014985 0.0001607 0.00015515 0.00016455 0.0001593 0.0001458 0.00014195 0.0001451 0.00015805 0.0001577 0.000152 0.00015245 0.000158 0.00015535 0.0001525 0.0001593 0.0001497 0.0001598 0.0001514 0.0001433 0.0001452 0.000159 0.0001563 0.0001505 0.00015235 0.00014915 0.0001378 0.00015125 0.00015405 0.00014145 0.00014675 0.0001564 0.0001504 0.0001475 0.00015795 0.00014095 0.00015715 0.0001455 0.00014375 0.00016045 0.0001534 0.0001469 0.000148 0.0001558 0.0001502 0.0001621 0.00015555 0.00015515 0.00015185 0.0001519 0.0001508 0.00015705 0.0001448 0.00015685
9 0.00014865 0.00016055 0.0001545 0.0001602 0.00015655 0.0001635 0.0001509 0.0001476 0.000155 0.0001684 0.00016055 0.0001564 0.00015475 0.00014995 0.0001559 0.0001595 0.00015675 0.00016875 0.0001541 0.0001582 0.00014965 0.00016005 0.00015305 0.0001495 0.00015845 0.00016235 0.0001639 0.0001577 0.0001567 0.0001583 0.00015695 0.0001467 0.0001486 0.00015515 0.00015475 0.00016665 0.0001615 0.00016145 0.00016305 0.00016485 0.00014565 0.00014875 0.00015445 0.0001562 0.00015245 0.00016255 0.00015615 0.0001258 0.0001419 0.00014695 0.0001573 0.00016375 0.0001561 0.0001451 0.0001646 0.00015275 0.0001556 0.0001513 0.00015915 0.00016215 0.0001571 0.0001609 0.00016055 0.00015085 0.0001538 0.00015505 0.00015275 0.00015035 0.00015855 0.0001565 0.00015315 0.00016105 0.00015185 0.0001572 0.00015475 0.0001495 0.00015625 0.0001528 0.0001542 0.00015945 0.00015635 0.00016215 0.00015955 0.000156 0.00015285 0.00015925 0.0001173 0.00015215 0.00015785 0.0001522 0.0001549 0.00015685 0.00014935 0.0001548 0.00015625 0.00014515 0.0001462 0.0001569 0.00012115 0.00016395
10 0.00015505 0.0001533 0.0001565 0.0001423 0.0001586 0.00016155 0.0001508 0.00015285 0.000152 0.00016055 0.0001596 0.00016175 0.000157 0.00015445 0.0001548 0.00015375 0.00016145 0.00016805 0.00015265 0.000137 0.00015835 0.0001627 0.00015455 0.0001562 0.0001537 0.00015405 0.000151 0.0001557 0.0001483 0.00015165 0.0001447 0.00016 0.0001428 0.00015215 0.00015765 0.00016325 0.0001563 0.00014795 0.00015335 0.00015255 0.00014895 0.00015195 0.00015165 0.0001138 0.0001501 0.00015625 0.00015805 0.0001647 0.0001585 0.0001611 0.00014655 0.0001558 0.0001485 0.0001446 0.0001641 0.00015505 0.00015155 0.00015505 0.0001451 0.00014555 0.0001458 0.00016305 0.00014835 0.0001537 0.00015495 0.0001584 0.0001523 0.00014685 0.00015695 0.00015435 0.00014645 0.00015435 0.00015345 0.00014755 0.000155 0.00016115 0.00015785 0.00016 0.0001606 0.0001516 0.00015385 0.00014705 0.00016105 0.00015365 0.0001505 0.00015825 0.00015465 0.00015365 0.0001571 0.00015555 0.00013515 0.0001576 0.0001565 0.00013845 0.000151 0.000161 0.0001494 0.00015605 0.00016055 0.0001518
11 0.0001671 0.00015245 0.00016085 0.00016175 0.0001643 0.0001554 0.0001432 0.0001484 0.00015115 0.0001564 0.00016175 0.0001651 0.00016285 0.0001556 0.00015195 0.00017185 0.0001546 0.00016015 0.0001512 0.0001586 0.00016315 0.00015855 0.0001632 0.00015695 0.0001575 0.0001623 0.0001548 0.0001582 0.00015165 0.00016295 0.0001602 0.0001564 0.0001506 0.00016235 0.00014865 0.000173 0.00016225 0.0001635 0.00016045 0.0001631 0.00014235 0.0001584 0.0001543 0.0001643 0.00015305 0.0001621 0.00016625 0.0001597 0.00015955 0.00016295 0.00015365 0.0001361 0.0001523 0.00015825 0.0001669 0.0001545 0.00015935 0.0001519 0.000171 0.00015855 0.00014825 0.00015725 0.00016945 0.00016135 0.00015935 0.0001576 0.00014645 0.0001606 0.0001654 0.0001618 0.000157 0.0001475 0.0001533 0.000156 0.0001584 0.0001602 0.0001594 0.0001599 0.00015945 0.0001506 0.0001652 0.0001532 0.00016115 0.0001532 0.0001557 0.0001617 0.00015325 0.00015205 0.0001598 0.00015955 0.00015775 0.00015595 0.00016245 0.00014915 0.00016705 0.0001591 0.00014625 0.00015165 0.0001587 0.0001729
12 0.00015655 0.0001535 0.0001594 0.00016365 0.000144 0.00015735 0.0001599 0.00014835 0.0001561 0.00015475 0.000157 0.00016285 0.0001574 0.0001542 0.0001636 0.00014015 0.00015575 0.00015275 0.00015595 0.0001479 0.00016695 0.00014995 0.00014995 0.0001551 0.000159 0.00015905 0.00016105 0.00016225 0.0001542 0.0001544 0.0001586 0.00016175 0.00015915 0.00015225 0.0001611 0.0001416 0.00013985 0.00015555 0.0001622 0.00015505 0.00016415 0.0001507 0.00015985 0.0001435 0.00014935 0.0001479 0.00016775 0.00015115 0.0001578 0.0001636 0.00016175 0.00016005 0.00014985 0.0001401 0.00016355 0.00015095 0.0001465 0.00014285 0.00016185 0.000153 0.00015595 0.00015225 0.0001571 0.0001181 0.00013935 0.00014995 0.0001492 0.0001597 0.00014415 0.0001446 0.000164 0.00016215 0.00015185 0.0001485 0.00014965 0.00016545 0.0001607 0.00015205 0.0001471 0.0001571 0.0001612 0.0001463 0.00015745 0.0001549 0.00015655 0.0001581 0.00016075 0.00015025 0.0001483 0.00015985 0.0001563 0.00015225 0.0001414 0.0001556 0.0001548 0.00015295 0.00015745 0.00015235 0.00015125 0.0001659
13 0.00016625 0.0001501 0.00012895 0.00016385 0.00015165 0.0001519 0.00015045 0.0001453 0.00015315 0.00014995 0.00015445 0.0001556 0.0001542 0.0001338 0.0001473 0.0001546 0.0001482 0.0001586 0.00014555 0.0001333 0.0001563 0.00014755 0.0001537 0.0001504 0.0001513 0.0001548 0.00014415 0.00015685 0.000133 0.0001555 0.00015355 0.00014475 0.0001516 0.0001481 0.00014085 0.00015855 0.0001417 0.0001568 0.00015215 0.00015945 0.0001379 0.00014935 0.00014755 0.0001487 0.00014695 0.0001474 0.00015165 0.0001596 0.00014485 0.0001489 0.00015235 0.0001371 0.000149 0.0001561 0.00015335 0.00014535 0.00015345 0.00014565 0.00015015 0.00015445 0.00015265 0.000142 0.00013785 0.00014565 0.00014695 0.00015765 0.00014895 0.00015365 0.00012915 0.00015235 0.000136 0.0001507 0.0001512 0.0001426 0.00013895 0.0001642 0.0001539 0.00014705 0.0001543 0.00015425 0.0001574 0.0001554 0.0001465 0.000147 0.0001467 0.0001487 0.0001476 0.00015305 0.00014955 0.00014345 0.0001276 0.00015375 0.00010235 0.0001562 0.0001465 0.0001514 0.0001362 0.000147 0.0001594 0.00015705
14 0.0001571 0.00015515 0.00015635 0.00015265 0.00015675 0.0001554 0.0001508 0.00014785 0.00013475 0.0001559 0.0001548 0.00015195 0.0001636 0.0001473 0.0001725 0.000163 0.00015345 0.00016295 0.00015235 0.00015605 0.0001558 0.00016235 0.0001447 0.00015895 0.0001556 0.0001542 0.00014845 0.0001587 0.00014685 0.00015055 0.0001516 0.00014625 0.0001581 0.00015525 0.000149 0.0001683 0.0001571 0.0001549 0.0001605 0.0001539 0.0001362 0.00015505 0.00015455 0.0001591 0.0001516 0.0001492 0.0001525 0.00016275 0.000155 0.00016055 0.0001605 0.0001345 0.0001472 0.0001533 0.00015475 0.00015445 0.00015345 0.0001514 0.00015895 0.00016225 0.00014715 0.0001533 0.0001533 0.000157 0.0001551 0.00014995 0.00014995 0.0001582 0.00015285 0.00016235 0.00015155 0.0001435 0.0001534 0.00015355 0.0001511 0.00015395 0.0001518 0.00015995 0.0001528 0.0001542 0.0001461 0.00015085 0.0001586 0.0001518 0.00015455 0.00015375 0.0001499 0.00015165 0.00015525 0.000157 0.00015405 0.0001566 0.00014895 0.0001647 0.0001621 0.0001571 0.00014425 0.0001622 0.0001489 0.00015785
15 0.00014795 0.00015305 0.00016165 0.0001529 0.0001529 0.0001549 0.0001641 0.00015495 0.0001581 0.0001595 0.00015375 0.00017185 0.00014015 0.0001546 0.000163 0.0001593 0.00015515 0.00016445 0.00014865 0.0001625 0.0001663 0.0001611 0.000154 0.0001678 0.00015585 0.00014905 0.0001588 0.0001564 0.00016855 0.0001108 0.00016415 0.0001619 0.0001462 0.0001535 0.00014895 0.00013445 0.0001435 0.000159 0.00016785 0.00016595 0.0001653 0.0001542 0.0001508 0.00014545 0.00015575 0.00015255 0.00015635 0.0001627 0.00014615 0.0001676 0.00015725 0.00016325 0.0001569 0.00015825 0.0001577 0.0001661 0.000164 0.00016175 0.0001572 0.0001581 0.0001527 0.00015785 0.0001458 0.0001198 0.00015305 0.00016835 0.00016265 0.00015155 0.0001495 0.0001218 0.0001613 0.00016115 0.0001568 0.00014585 0.0001353 0.0001635 0.00015635 0.00014925 0.0001438 0.0001648 0.00015385 0.0001565 0.00016475 0.0001703 0.0001542 0.0001625 0.00016375 0.00015465 0.000154 0.0001608 0.00016335 0.00016215 0.0001496 0.0001613 0.0001602 0.00016675 0.00016455 0.00016025 0.00016105 0.0001453
16 0.0001688 0.00015275 0.00015835 0.00015795 0.0001503 0.0001621 0.00014615 0.0001604 0.0001489 0.00015675 0.00016145 0.0001546 0.00015575 0.0001482 0.00015345 0.00015515 0.0001505 0.0001513 0.0001567 0.00015875 0.0001543 0.0001569 0.00016525 0.00015895 0.0001602 0.00014665 0.0001327 0.0001504 0.0001523 0.0001499 0.0001585 0.00015135 0.00016755 0.0001552 0.0001592 0.00016355 0.0001478 0.000156 0.00015045 0.0001624 0.00014075 0.0001544 0.00016375 0.00016015 0.00015285 0.00012775 0.0001549 0.00016135 0.0001517 0.00016255 0.0001565 0.0001284 0.0001506 0.00016265 0.00015525 0.00015655 0.00015355 0.00015865 0.0001589 0.00015635 0.0001625 0.0001396 0.00015505 0.0001559 0.00015475 0.00016005 0.00015175 0.0001601 0.00015875 0.0001475 0.0001568 0.00016075 0.00015075 0.0001525 0.00015045 0.0001609 0.0001435 0.0001635 0.0001425 0.0001494 0.00014925 0.00014325 0.00014695 0.0001499 0.00015815 0.00016715 0.00015295 0.0001642 0.00015535 0.00015545 0.00015275 0.00015525 0.00014805 0.0001511 0.00015835 0.00015935 0.000153 0.00016145 0.00016045 0.0001519
17 0.00016055 0.00015555 0.00015755 0.0001601 0.0001522 0.0001479 0.0001579 0.00016335 0.00015855 0.00016875 0.00016805 0.00016015 0.00015275 0.0001586 0.00016295 0.00016445 0.0001513 0.0001391 0.00016095 0.00014975 0.0001538 0.00015075 0.0001628 0.0001614 0.00015875 0.0001557 0.00016 0.00017205 0.00016255 0.0001557 0.0001579 0.0001638 0.0001732 0.00015965 0.00016145 0.0001559 0.0001529 0.00014925 0.00014625 0.0001384 0.00015895 0.00016685 0.00015465 0.0001747 0.0001608 0.0001623 0.00016565 0.0001579 0.00016865 0.00015685 0.00016685 0.00015265 0.000148 0.000163 0.00015725 0.0001486 0.0001437 0.00016105 0.0001612 0.0001384 0.00015885 0.00014725 0.0001593 0.0001679 0.000158 0.0001488 0.00016025 0.000168 0.0001568 0.0001683 0.00016425 0.0001632 0.00015695 0.00015205 0.00015435 0.0001662 0.00016365 0.0001663 0.00015205 0.00016145 0.0001663 0.00014015 0.0001173 0.000159 0.00015615 0.0001666 0.0001693 0.00015665 0.00015395 0.00016485 0.00015885 0.00016095 0.000156 0.0001544 0.00015795 0.0001483 0.000167 0.000159 0.00016035 0.00015635
18 0.00014825 0.00013815 0.0001437 0.00015955 0.0001566 0.00014835 0.0001487 0.00014755 0.0001609 0.0001541 0.00015265 0.0001512 0.00015595 0.00014555 0.00015235 0.00014865 0.0001567 0.00016095 0.0001414 0.00016095 0.0001627 0.0001402 0.0001532 0.0001553 0.00013195 0.000164 0.0001348 0.0001612 0.00014705 0.00013875 0.0001597 0.0001478 0.0001488 0.0001516 0.0001554 0.0001563 0.0001556 0.0001566 0.0001587 0.00015865 0.00015485 0.0001082 0.0001458 0.0001581 0.0001485 0.0001549 0.00016235 0.0001509 0.00014825 0.00015635 0.00014935 0.00015055 0.00015585 0.00014805 0.0001624 0.00014775 0.00015455 0.0001505 0.0001588 0.00015245 0.00013955 0.00014955 0.0001484 0.0001559 0.000138 0.0001563 0.00013415 0.0001191 0.00015445 0.00016375 0.00015705 0.00014935 0.00015815 0.00014255 0.00013925 0.0001561 0.000156 0.00015205 0.00014975 0.00015245 0.00015215 0.00015455 0.00015475 0.0001577 0.0001524 0.00016225 0.0001501 0.0001437 0.0001404 0.0001468 0.0001615 0.0001603 0.0001542 0.0001473 0.0001553 0.00015185 0.00014025 0.00015595 0.00015715 0.0001592
19 0.00015665 0.00015705 0.00014395 0.00015425 0.00014835 0.000156 0.0001518 0.00014695 0.00015135 0.0001582 0.000137 0.0001586 0.0001479 0.0001333 0.00015605 0.0001625 0.00015875 0.00014975 0.00016095 0.0001284 0.0001486 0.0001558 0.0001514 0.0001458 0.00016005 0.0001555 0.0001525 0.00015935 0.0001397 0.0001557 0.0001484 0.00015675 0.0001515 0.00014625 0.0001462 0.00015835 0.00014 0.0001501 0.00015025 0.0001502 0.00014585 0.00015935 0.00015585 0.0001527 0.00013915 0.00016085 0.00015815 0.0001608 0.0001602 0.000151 0.0001566 0.00014735 0.0001409 0.00014835 0.00016225 0.00014 0.0001374 0.0001564 0.0001502 0.0001517 0.0001441 0.00015215 0.00013975 0.00016035 0.0001484 0.0001463 0.0001487 0.00015545 0.0001365 0.0001584 0.00014505 0.00015475 0.00015065 0.0001402 0.00015585 0.00015905 0.00016095 0.00015095 0.00015135 0.0001405 0.00016135 0.00013915 0.0001455 0.000136 0.0001416 0.0001431 0.0001593 0.0001575 0.00015815 0.00014375 9.455e-05 0.00015215 0.0001335 0.0001507 0.00014295 0.00015125 0.00014575 0.00014085 0.0001528 0.00016065
20 0.00016185 0.0001513 0.00015945 0.00015645 0.00015905 0.00016205 0.0001565 0.00015025 0.00014885 0.00014965 0.00015835 0.00016315 0.00016695 0.0001563 0.0001558 0.0001663 0.0001543 0.0001538 0.0001627 0.0001486 0.0001633 0.00015755 0.00015815 0.0001563 0.00016045 0.000137 0.0001488 0.00016145 0.00015685 0.00016345 0.0001581 0.0001581 0.0001633 0.00014755 0.00016495 0.00015515 0.00016075 0.00015925 0.00015275 0.000166 0.0001465 0.0001575 0.0001568 0.00016005 0.00015195 0.00016185 0.00015695 0.0001495 0.0001499 0.00014095 0.00015695 0.0001555 0.00015195 0.000155 0.0001559 0.0001613 0.0001549 0.00016715 0.0001664 0.00015845 0.000159 0.00015915 0.00015995 0.00016575 0.0001516 0.00015 0.00015525 0.000157 0.0001588 0.0001598 0.0001544 0.0001614 0.0001571 0.0001613 0.00016455 0.00014235 0.0001584 0.000158 0.0001614 0.00014905 0.00016405 0.00013605 0.00015595 0.00015465 0.00014455 0.00015815 0.00014835 0.0001589 0.00015305 0.0001555 0.000151 0.000154 0.0001547 0.00016455 0.0001562 0.0001562 0.0001549 0.00015925 0.00013925 0.00016325
21 0.00015825 0.0001524 0.00014895 0.0001612 0.0001459 0.0001511 0.0001527 0.0001372 0.0001589 0.00016005 0.0001627 0.00015855 0.00014995 0.00014755 0.00016235 0.0001611 0.0001569 0.00015075 0.0001402 0.0001558 0.00015755 0.0001478 0.00015325 0.000148 0.0001491 0.00015885 0.0001448 0.0001605 0.0001504 0.0001613 0.00015545 0.000154 0.0001531 0.00014665 0.00015675 0.0001537 0.0001451 0.00016065 0.00016145 0.0001626 0.00015135 0.00014105 0.0001526 0.00015905 0.0001545 0.00015095 0.0001622 0.0001154 0.00015185 0.0001544 0.000155 0.0001573 0.0001478 0.00014775 0.0001665 0.0001491 0.00015275 0.00015635 0.0001556 0.0001483 0.0001515 0.00011335 0.00015155 0.00015395 0.0001395 0.0001536 0.0001501 0.0001564 0.0001444 0.00016675 0.00015725 0.0001565 0.0001535 0.00015315 0.0001444 0.00015365 0.0001539 0.0001524 0.000151 0.00015945 0.00014735 0.00014685 0.0001589 0.0001507 0.00014825 0.00016165 0.00015785 0.00014625 0.00010445 0.00014725 0.00015025 0.0001555 0.00014585 0.00015095 0.0001406 0.00014915 0.0001471 0.00015395 0.00015155 0.00015395
22 0.00014795 0.0001544 0.0001546 0.0001504 0.0001555 0.0001561 0.00014885 0.0001394 0.0001451 0.00015305 0.00015455 0.0001632 0.00014995 0.0001537 0.0001447 0.000154 0.00016525 0.0001628 0.0001532 0.0001514 0.00015815 0.00015325 0.0001687 0.00015775 0.0001478 0.00014985 0.00015175 0.0001526 0.00015215 0.0001529 0.0001554 0.0001533 0.00015015 0.00015575 0.000152 0.0001643 0.00015555 0.00015685 0.00015415 0.0001616 0.00014775 0.00014075 0.00014865 0.0001627 0.00014085 0.00015795 0.00014985 0.0001589 0.0001557 0.00016345 0.00015575 0.00015875 0.00014065 0.00011105 0.00015345 0.000155 0.00014675 0.00014445 0.00015415 0.0001623 0.00014355 0.00016065 0.00015015 0.0001534 0.0001492 0.00014205 0.000145 0.0001565 0.0001563 0.00015775 0.0001541 0.00015355 0.00015295 0.0001506 0.00014785 0.00015255 0.0001513 0.00016335 0.0001485 0.00015355 0.0001554 0.0001502 0.00015625 0.00014595 0.00014575 0.0001606 0.0001535 0.0001374 0.00014545 0.0001522 0.00014905 0.0001544 0.00015515 0.00015755 0.0001521 0.00014825 0.00015065 0.00015935 0.00014985 0.00015365
23 0.0001575 0.0001536 0.0001542 0.0001655 0.0001589 0.00015885 0.00015285 0.00012025 0.0001559 0.0001495 0.0001562 0.00015695 0.0001551 0.0001504 0.00015895 0.0001678 0.00015895 0.0001614 0.0001553 0.0001458 0.0001563 0.000148 0.00015775 0.0001534 0.0001586 0.00016355 0.0001545 0.0001585 0.0001535 0.0001676 0.00014795 0.0001554 0.00015285 0.0001464 0.00016035 0.0001676 0.00015365 0.0001615 0.00015335 0.00016205 0.00015355 0.0001453 0.00015635 0.0001551 0.00015945 0.0001594 0.00016365 0.00014585 0.0001505 0.0001502 0.00015005 0.00015775 0.0001589 0.00014955 0.00017305 0.0001504 0.0001553 0.00015285 0.00015615 0.00015435 0.00015325 0.00015075 0.00016155 0.00016365 0.000156 0.0001575 0.000156 0.0001621 0.00015675 0.0001603 0.0001456 0.0001571 0.00015845 0.0001518 0.0001529 0.00015375 0.00015835 0.0001598 0.0001594 0.000158 0.00015865 0.0001605 0.0001621 0.00015165 0.0001319 0.00013945 0.00015125 0.00015655 0.0001542 0.00015645 0.00014585 0.0001553 0.000156 0.00012945 0.0001563 0.0001512 0.00014785 0.0001531 0.00014595 0.0001655
24 0.00015755 0.0001532 0.00015045 0.00014535 0.00016145 0.00015005 0.00015645 0.00014825 0.00015075 0.00015845 0.0001537 0.0001575 0.000159 0.0001513 0.0001556 0.00015585 0.0001602 0.00015875 0.00013195 0.00016005 0.00016045 0.0001491 0.0001478 0.0001586 0.0001421 0.00015805 0.00010975 0.00016015 0.00014585 0.00014905 0.00015225 0.0001566 0.00013655 0.0001579 0.00014795 0.0001637 0.0001596 0.00016145 0.00016225 0.0001599 0.00015005 0.0001424 0.00014395 0.0001613 0.00014125 0.00014775 0.0001589 0.0001575 0.0001541 0.00015995 0.0001561 0.00014785 0.00015135 0.000137 0.0001567 0.0001492 0.0001507 0.0001426 0.0001477 0.00015875 0.0001378 0.00015025 0.00016005 0.0001614 0.0001404 0.00016035 0.00013255 0.00015195 0.00016165 0.0001615 0.00014855 0.00014575 0.0001522 0.0001472 0.0001456 0.00015135 0.00014645 0.0001468 0.0001566 0.00015035 0.00014885 0.00015905 0.00015555 0.00015205 0.0001449 0.0001727 0.00015575 0.0001108 0.00014955 0.0001528 0.00015985 0.000159 0.00016 0.00015095 0.0001486 0.00015545 0.00014815 0.000157 0.00016065 0.00015105
25 0.00015845 0.00016185 0.00016555 0.0001535 0.0001565 0.0001573 0.0001516 0.00015235 0.00013055 0.00016235 0.00015405 0.0001623 0.00015905 0.0001548 0.0001542 0.00014905 0.00014665 0.0001557 0.000164 0.0001555 0.000137 0.00015885 0.00014985 0.00016355 0.00015805 0.0001704 0.00015155 0.0001311 0.00015835 0.0001459 0.00016425 0.00015615 0.0001653 0.00015155 0.00015465 0.00015995 0.0001534 0.0001614 0.0001562 0.0001714 0.0001519 0.000161 0.00015265 0.00015775 0.0001471 0.00015395 0.00015265 0.0001626 0.0001614 0.0001639 0.0001524 0.000151 0.00015055 0.0001497 0.0001619 0.00015545 0.00016245 0.00016005 0.0001642 0.00016075 0.0001498 0.00015315 0.0001491 0.000165 0.0001595 0.000153 0.0001566 0.0001612 0.00015835 0.00014975 0.0001561 0.00016045 0.00015475 0.000157 0.0001549 0.00015935 0.00014765 0.00015965 0.00015485 0.0001429 0.0001459 0.0001363 0.0001522 0.00015365 0.00015055 0.00016165 0.0001625 0.00015185 0.00015715 0.0001618 0.00015195 0.00015655 0.0001585 0.0001651 0.00015625 0.0001589 0.000155 0.00016215 0.0001583 0.00014925
26 0.00016035 0.00014785 0.00014015 0.00014735 0.00015775 0.0001531 0.0001466 0.00014935 0.0001527 0.0001639 0.000151 0.0001548 0.00016105 0.00014415 0.00014845 0.0001588 0.0001327 0.00016 0.0001348 0.0001525 0.0001488 0.0001448 0.00015175 0.0001545 0.00010975 0.00015155 0.000139 0.00014975 0.00013325 0.00015245 0.0001571 0.00014775 0.0001408 0.00015155 0.0001493 0.00016575 0.0001507 0.00015335 0.0001569 0.0001607 0.00013805 0.0001513 0.0001486 0.00016245 0.0001393 0.0001359 0.00015495 0.00016375 0.0001518 0.0001505 0.0001537 0.00013645 0.00014515 0.00014995 0.00015325 0.0001449 0.0001414 0.0001478 0.00014625 0.00015655 0.0001418 0.00015105 0.00015745 0.00015945 0.0001457 0.0001561 0.0001298 0.00015525 0.00015665 0.00016125 0.00014695 0.0001467 0.0001526 0.00014175 0.0001428 0.00015415 0.0001415 0.00014605 0.0001478 0.0001416 0.000151 0.0001474 0.0001452 0.0001416 0.0001428 0.0001691 0.00014855 0.00014935 0.00013965 0.0001461 0.0001445 0.00015775 0.0001523 0.00015135 0.00014105 0.0001575 0.0001375 0.0001528 0.0001627 0.00014975
27 0.0001574 0.0001624 0.0001548 0.0001541 0.00015415 0.00016165 0.00010955 0.0001482 0.00016305 0.0001577 0.0001557 0.0001582 0.00016225 0.00015685 0.0001587 0.0001564 0.0001504 0.00017205 0.0001612 0.00015935 0.00016145 0.0001605 0.0001526 0.0001585 0.00016015 0.0001311 0.00014975 0.0001465 0.0001518 0.00014985 0.00015695 0.0001535 0.00015715 0.0001469 0.0001524 0.00016295 0.00015265 0.0001581 0.00015805 0.0001756 0.00015695 0.0001582 0.0001516 0.0001633 0.0001464 0.00014735 0.0001506 0.00016025 0.0001574 0.00015765 0.0001124 0.0001562 0.00015605 0.00015345 0.0001615 0.0001535 0.0001592 0.0001544 0.00016215 0.00016395 0.0001541 0.0001572 0.0001648 0.00016765 0.00016245 0.0001581 0.00015435 0.00016265 0.0001611 0.0001569 0.00015305 0.00015725 0.00016335 0.0001494 0.0001568 0.00016545 0.0001526 0.0001573 0.0001498 0.00014145 0.00014845 0.00015985 0.00015515 0.0001589 0.0001541 0.00016415 0.00015635 0.0001547 0.00016525 0.00014685 0.0001517 0.0001166 0.0001618 0.00016435 0.00015975 0.00015635 0.00014085 0.0001613 0.00015875 0.00014625
28 0.00015675 0.0001463 0.00013425 0.00015235 0.0001509 0.00015205 0.00014535 0.000153 0.00015465 0.0001567 0.0001483 0.00015165 0.0001542 0.000133 0.00014685 0.00016855 0.0001523 0.00016255 0.00014705 0.0001397 0.00015685 0.0001504 0.00015215 0.0001535 0.00014585 0.00015835 0.00013325 0.0001518 0.0001355 0.000159 0.00015605 0.00014175 0.00014855 0.0001471 0.0001454 0.00016425 0.00013695 0.00014755 0.0001416 0.0001513 0.0001419 0.0001577 0.00014615 0.00014405 0.0001305 0.00014135 0.00015595 0.00015555 0.00014315 0.0001486 0.00015185 0.00013385 0.0001392 0.00015635 0.0001599 0.00013715 0.00013545 0.0001107 0.0001487 0.0001517 0.00014205 0.0001496 0.00014665 0.00015125 0.00015135 0.00015175 0.0001232 0.0001551 0.00014285 0.00016115 0.000139 0.0001479 0.000142 0.00013515 0.0001467 0.0001658 0.00014655 0.00014715 0.0001599 0.0001341 0.0001558 0.0001573 0.0001428 0.00011525 0.00015095 0.00015715 0.0001444 0.00015005 0.0001492 0.00014955 0.0001236 0.0001554 0.0001418 0.00015705 0.0001439 0.0001477 0.00012645 0.00011705 0.00015475 0.00016045
29 0.0001404 0.000146 0.0001575 0.0001421 0.0001536 0.00014685 0.0001552 0.0001538 0.0001536 0.0001583 0.00015165 0.00016295 0.0001544 0.0001555 0.00015055 0.0001108 0.0001499 0.0001557 0.00013875 0.0001557 0.00016345 0.0001613 0.0001529 0.0001676 0.00014905 0.0001459 0.00015245 0.00014985 0.000159 0.0001274 0.0001598 0.0001556 0.000149 0.00015825 0.00014055 0.0001407 0.00015225 0.0001539 0.00016125 0.00016085 0.00015125 0.00015155 0.00014315 0.0001544 0.00014705 0.0001438 0.0001543 0.0001638 0.00015945 0.000166 0.00016195 0.0001547 0.00014535 0.000155 0.00015885 0.00016865 0.00015975 0.0001562 0.00015685 0.0001626 0.0001417 0.00015565 0.00014475 0.00016195 0.00015875 0.00016385 0.00015465 0.00015305 0.00015715 0.00015605 0.00016435 0.0001506 0.00015195 0.00013975 0.00012295 0.0001567 0.0001489 0.00015725 0.0001416 0.00015245 0.0001453 0.0001496 0.00015195 0.00016065 0.0001505 0.00016465 0.0001588 0.00014985 0.0001541 0.00015635 0.0001583 0.00016225 0.00016065 0.0001631 0.0001629 0.0001674 0.0001589 0.0001638 0.000159 0.0001385
30 0.00016115 0.00015175 0.0001541 0.00014765 0.0001518 0.00016185 0.00014935 0.0001456 0.0001534 0.00015695 0.0001447 0.0001602 0.0001586 0.00015355 0.0001516 0.00016415 0.0001585 0.0001579 0.0001597 0.0001484 0.0001581 0.00015545 0.0001554 0.00014795 0.00015225 0.00016425 0.0001571 0.00015695 0.00015605 0.0001598 0.00016 0.00015755 0.0001499 0.0001544 0.0001574 0.0001701 0.0001568 0.0001451 0.0001577 0.00014485 0.0001504 0.00014865 0.0001564 0.0001533 0.00015825 0.00015525 0.0001518 0.0001647 0.0001526 0.0001602 0.0001574 0.00015165 0.0001452 0.0001509 0.000158 0.0001549 0.00014775 0.0001531 0.00014835 0.00014955 0.0001579 0.00015715 0.0001602 0.00015795 0.00015065 0.00014925 0.00015465 0.00015905 0.00015465 0.00016025 0.0001408 0.0001522 0.0001582 0.000149 0.0001573 0.00015885 0.0001588 0.00016395 0.0001535 0.00015895 0.0001656 0.0001529 0.0001621 0.0001587 0.0001467 0.00015405 0.0001616 0.0001513 0.00015575 0.00015585 0.0001507 0.0001396 0.00015075 0.0001588 0.00015395 0.00014985 0.0001534 0.0001565 0.00015655 0.00015125
31 0.00015345 0.0001457 0.00014385 0.0001523 0.00015805 0.0001575 0.0001422 0.00014485 0.00014215 0.0001467 0.00016 0.0001564 0.00016175 0.00014475 0.00014625 0.0001619 0.00015135 0.0001638 0.0001478 0.00015675 0.0001581 0.000154 0.0001533 0.0001554 0.0001566 0.00015615 0.00014775 0.0001535 0.00014175 0.0001556 0.00015755 0.0001698 0.0001534 0.00015465 0.0001523 0.000169 0.00015185 0.00015415 0.00014635 0.0001594 0.0001352 0.00014905 0.0001517 0.00016315 0.000145 0.0001536 0.00014695 0.0001518 0.0001425 0.00014635 0.00015085 0.0001477 0.0001501 0.0001545 0.00015545 0.00014935 0.00015415 0.00014345 0.0001481 0.0001527 0.00014615 0.0001544 0.00015365 0.00015505 0.00015775 0.00014355 0.0001487 0.00016265 0.0001541 0.00015595 0.0001511 0.0001479 0.00014575 0.00014775 0.0001421 0.0001413 0.00012385 0.0001561 0.00015315 0.00014915 0.0001568 0.00015365 0.00014565 0.000155 0.00015255 0.00016445 0.00014025 0.0001526 0.0001468 0.000145 0.0001456 0.0001571 0.0001504 0.00016235 0.00015285 0.00014565 0.0001111 0.0001504 0.0001447 0.0001557
32 0.0001531 0.0001585 0.000154 0.00015835 0.00015945 0.00014805 0.00015315 0.0001439 0.00015855 0.0001486 0.0001428 0.0001506 0.00015915 0.0001516 0.0001581 0.0001462 0.00016755 0.0001732 0.0001488 0.0001515 0.0001633 0.0001531 0.00015015 0.00015285 0.00013655 0.0001653 0.0001408 0.00015715 0.00014855 0.000149 0.0001499 0.0001534 0.0001624 0.00015315 0.0001468 0.00016085 0.00015335 0.00016065 0.0001681 0.00016725 0.0001529 0.0001561 0.000147 0.00014085 0.000146 0.0001573 0.0001587 0.00015465 0.0001507 0.00015325 0.0001518 0.0001622 0.0001564 0.0001474 0.00016365 0.00014665 0.00015685 0.0001458 0.0001489 0.0001573 0.00014405 0.00016075 0.00015795 0.00014495 0.00015605 0.0001595 0.000154 0.0001578 0.00015705 0.00015145 0.00015015 0.00015175 0.0001557 0.00014535 0.00014355 0.0001593 0.0001626 0.00015215 0.00014895 0.00015445 0.00016645 0.0001622 0.00017095 0.0001513 0.00014875 0.00016405 0.00015585 0.00014595 0.0001501 0.00015175 0.00014475 0.00015225 0.0001535 0.0001483 0.0001525 0.0001578 0.0001464 0.0001462 0.0001534 0.0001487
33 0.0001513 0.0001485 0.00015185 0.00014745 0.00012585 0.0001485 0.0001434 0.00014605 0.00014975 0.00015515 0.00015215 0.00016235 0.00015225 0.0001481 0.00015525 0.0001535 0.0001552 0.00015965 0.0001516 0.00014625 0.00014755 0.00014665 0.00015575 0.0001464 0.0001579 0.00015155 0.00015155 0.0001469 0.0001471 0.00015825 0.0001544 0.00015465 0.00015315 0.0001406 0.00015335 0.0001525 0.0001444 0.0001451 0.00014885 0.00016725 0.0001591 0.0001511 0.00014445 0.00014585 0.00014165 0.00015155 0.00014905 0.00015605 0.0001442 0.00015785 0.0001404 0.0001603 0.00016085 0.0001579 0.000161 0.0001548 0.00015895 0.00015875 0.00015585 0.0001522 0.00015225 0.00015945 0.00014465 0.00015015 0.00014845 0.0001504 0.0001472 0.00016195 0.00014035 0.0001517 0.0001449 0.0001472 0.0001438 0.00014415 0.00015185 0.00014835 0.00015685 0.00014855 0.0001493 0.0001478 0.0001523 0.00015615 0.00015255 0.00015185 0.00015 0.00015295 0.0001532 0.00015755 0.0001339 0.00015005 0.00014855 0.00015045 0.00014545 0.0001645 0.00015205 0.00014615 0.000142 0.0001478 0.00014465 0.0001529
34 0.0001509 0.00015125 0.0001407 0.0001558 0.0001525 0.00011385 0.0001483 0.00015085 0.00015065 0.00015475 0.00015765 0.00014865 0.0001611 0.00014085 0.000149 0.00014895 0.0001592 0.00016145 0.0001554 0.0001462 0.00016495 0.00015675 0.000152 0.00016035 0.00014795 0.00015465 0.0001493 0.0001524 0.0001454 0.00014055 0.0001574 0.0001523 0.0001468 0.00015335 0.0001448 0.0001557 0.0001505 0.00015415 0.00015485 0.0001615 0.00014735 0.00015935 0.0001157 0.0001577 0.0001422 0.00015055 0.00015055 0.0001631 0.00015035 0.0001561 0.0001566 0.00014575 0.00015145 0.0001564 0.0001565 0.00015455 0.00015255 0.0001443 0.00016045 0.00016095 0.00010255 0.00015635 0.00014085 0.0001561 0.0001495 0.00015425 0.00014665 0.00015955 0.0001368 0.00015385 0.0001509 0.0001135 0.00014555 0.00015085 0.00014285 0.0001555 0.0001506 0.0001468 0.0001441 0.00015135 0.0001558 0.00015405 0.0001421 0.00015075 0.00014895 0.00015305 0.00015655 0.0001457 0.0001485 0.0001519 0.0001435 0.0001568 0.00014105 0.0001611 0.0001539 0.000149 0.00013345 0.00014415 0.0001548 0.0001477
35 0.00016235 0.00015995 0.00015695 0.00016395 0.0001529 0.0001302 0.0001614 0.00015985 0.00016195 0.00016665 0.00016325 0.000173 0.0001416 0.00015855 0.0001683 0.00013445 0.00016355 0.0001559 0.0001563 0.00015835 0.00015515 0.0001537 0.0001643 0.0001676 0.0001637 0.00015995 0.00016575 0.00016295 0.00016425 0.0001407 0.0001701 0.000169 0.00016085 0.0001525 0.0001557 0.0001651 0.00012045 0.00015665 0.00016445 0.00016515 0.0001625 0.00016415 0.000154 0.00014975 0.0001534 0.0001616 0.00016425 0.0001623 0.00016505 0.0001578 0.00016135 0.00016765 0.00016055 0.0001671 0.00016395 0.00016715 0.00015815 0.0001608 0.00016435 0.00015935 0.00015625 0.00016105 0.0001598 0.00014665 0.0001621 0.00016155 0.0001639 0.0001665 0.00016275 0.0001503 0.00015985 0.0001645 0.00015735 0.0001568 0.0001578 0.0001683 0.0001658 0.00016365 0.00015005 0.00016095 0.0001583 0.0001532 0.0001576 0.0001664 0.0001609 0.00015885 0.0001639 0.00015975 0.00014085 0.00016765 0.0001609 0.00015785 0.00016015 0.0001711 0.00015205 0.0001608 0.00016795 0.0001621 0.0001539 0.00015865
