 slim_761931983 slim_761931989 slim_761931994 slim_761932007 slim_761932025 slim_761932011 slim_761931974 slim_761931998 slim_761932016 slim_761932010 slim_761932021 slim_761931979 slim_761931982 slim_761932001 slim_761932004 slim_761931988 slim_761931984 slim_761932003 slim_761931987 slim_761931969 slim_761932020 slim_761932022 slim_761931990 slim_761932018 slim_761931973 slim_761931993 slim_761932023 slim_761931978 slim_761931986 slim_761932006 slim_761931995 slim_761931972 slim_761931971 slim_761932024 slim_761932017 slim_761931980 slim_761931981 slim_761931977 slim_761931999 slim_761932012 slim_761932009 slim_761932019 slim_761931975 slim_761932008 slim_761931992 slim_761932015 slim_761931968 slim_761931970 slim_761932013 slim_761932002 slim_761932014 slim_761931991 slim_761932026 slim_761931997 slim_761931976 slim_761932005 slim_761931996 slim_761932000 slim_761931985
0 0.0001932 0.00016975 0.0001716 0.00016945 0.0001692 0.0001307 0.00016645 0.00013515 0.0001649 0.00016815 0.00016345 0.00017375 0.00016725 0.0001489 0.0001615 0.0001734 0.00014625 0.00017075 0.00017365 0.0001646 0.0001668 0.00016815 0.0001711 0.00017325 0.00017285 0.00014625 0.00017045 0.0001439 0.0001629 0.0001649 0.0001727 0.0001339 0.0001495 0.00017285 0.00017075 0.00016745 0.0001705 0.00017395 9.9e-05 0.00017 0.0001553 0.00014765 0.0001699 0.0001646 0.00014225 0.0001709 0.00016525 0.0001714 0.00016595 0.00016895 0.00016705 0.00016595 0.0001649 0.0001766 0.0001741 0.0001656 0.0001704 0.0001655 0.00013915
1 0.00016975 0.0001653 8.345e-05 0.0001567 0.0001212 0.0001275 0.0001783 0.0001757 0.00012385 0.00016035 0.0001699 0.0001649 0.00016625 0.000163 0.00016675 0.00012205 0.00016165 0.0001774 0.0001236 0.0001733 0.0001334 0.0001705 0.00017885 0.00015565 0.00014905 0.00016165 0.00017065 0.0001244 0.0001671 0.00012385 0.0001309 0.00017405 0.0001732 0.00016775 0.0001774 0.0001611 0.0001677 0.000151 0.0001687 0.00013205 0.00017065 0.00016525 8.265e-05 0.0001651 0.0001722 0.00017985 0.00015955 0.00012765 0.00012505 0.00014115 0.0001699 0.0001718 0.00012465 0.000167 0.00017745 0.00012975 0.0001717 0.0001702 0.0001638
2 0.0001716 8.345e-05 0.0001586 0.00015885 0.00012225 0.00013085 0.00017735 0.00017685 0.0001225 0.0001617 0.00016895 0.00016335 0.0001657 0.00016255 0.0001658 0.00012045 0.0001612 0.00017455 0.00012625 0.0001744 0.00013255 0.00017065 0.000179 0.00015945 0.00014695 0.0001612 0.00017055 0.00012555 0.00016845 0.0001225 0.00012765 0.00017395 0.00017435 0.00016745 0.00017455 0.00016225 0.00016805 0.0001489 0.00016995 0.00013215 0.0001723 0.0001642 8.75e-05 0.0001642 0.00017045 0.0001803 0.00016195 0.0001277 0.00012695 0.00014155 0.0001691 0.0001728 0.0001266 0.0001673 0.00017475 0.0001296 0.0001703 0.00016815 0.00016205
3 0.00016945 0.0001567 0.00015885 0.0001693 0.00016535 0.0001529 0.000169 0.00016615 0.00016075 0.0001583 0.0001634 0.00012595 0.0001708 0.0001664 0.0001639 0.00016985 0.0001338 0.00017225 0.000157 0.0001669 0.00016305 0.00016845 0.000174 0.0001658 0.00016405 0.0001338 0.0001649 0.0001665 0.0001675 0.00016075 0.0001688 0.00016285 0.0001472 0.0001592 0.00017225 0.00012145 0.0001268 0.0001682 0.00015455 0.00016455 0.00011345 0.00017335 0.00015005 0.0001724 0.00017595 0.0001766 0.0001658 0.00015865 0.00015625 0.00016715 0.00016695 0.00016765 0.00016025 0.0001582 0.0001767 0.00015805 0.00017145 0.00016815 0.00017035
4 0.0001692 0.0001212 0.00012225 0.00016535 0.000171 0.00012715 0.00016335 0.0001725 0.00014745 0.0001612 0.0001606 0.0001697 0.0001651 0.00017415 0.0001539 0.0001583 0.00016645 0.0001697 0.00012365 0.00015885 0.00016065 0.00017125 0.00017395 0.0001426 0.00015165 0.00016645 0.0001659 0.00012805 0.0001587 0.00014745 0.0001675 0.00016435 0.00015805 0.0001695 0.0001697 0.0001502 0.0001628 0.00015115 0.00016445 0.0001335 0.00017105 0.0001661 8.55e-05 0.000167 0.00016695 0.0001757 0.00016125 0.0001313 0.00012865 0.00016445 0.0001673 0.000175 0.00012575 0.00016515 0.00017405 0.00011915 0.0001685 0.0001554 0.0001642
5 0.0001307 0.0001275 0.00013085 0.0001529 0.00012715 0.0001616 0.00016295 0.00012795 0.00016285 0.0001575 0.00015575 0.0001666 0.00016635 0.0001741 0.0001532 0.000169 0.00016815 0.00016905 0.00012525 0.0001625 0.0001657 0.0001656 0.00017275 0.00015215 0.0001547 0.00016815 0.0001581 0.00013245 0.0001602 0.00016285 0.0001734 0.00012525 0.0001639 0.000166 0.00016905 0.00015705 0.00016015 0.0001544 8.42e-05 0.00012805 0.00016565 0.0001716 8.6e-05 0.00016955 0.0001709 0.0001645 0.0001609 0.0001309 0.0001191 0.0001596 0.0001599 0.0001651 0.00012625 0.0001703 0.00016805 0.00012935 0.00016235 0.00015935 0.0001637
6 0.00016645 0.0001783 0.00017735 0.000169 0.00016335 0.00016295 1e-07 0.00016125 0.0001653 0.0001359 2.995e-05 0.00016795 0.0001606 0.0001712 4.29e-05 0.00017715 0.0001733 7.975e-05 0.00016275 0.00015855 0.00017315 0.00010865 7.875e-05 0.0001728 0.000174 0.0001733 0.00011345 0.00017555 8.09e-05 0.0001653 0.00018145 7.605e-05 0.00015695 8.46e-05 7.975e-05 0.00015735 8.405e-05 0.0001698 0.0001542 0.00016455 0.0001692 0.00016565 0.00017255 0.00017525 8.93e-05 0.0001726 0.00016095 0.0001702 0.0001648 0.00017545 0.0001274 0.00015655 0.0001525 0.00016065 0.0001672 0.00014675 8.435e-05 0.0001581 0.00011915
7 0.00013515 0.0001757 0.00017685 0.00016615 0.0001725 0.00012795 0.00016125 0.0001538 0.00016775 0.00016355 0.0001562 0.0001761 0.00016495 0.0001815 0.0001532 0.00017415 0.00017785 0.0001633 0.00016725 0.000117 0.00017045 0.00016295 0.00016795 0.00017445 0.00017685 0.00017785 0.00015765 0.00017975 0.00016285 0.00016775 0.00015845 0.00011905 0.0001667 0.0001701 0.0001633 0.0001631 0.00016515 0.000168 7.975e-05 0.0001694 0.00017435 0.000174 0.0001729 0.00017005 0.0001739 0.0001195 0.0001628 0.000178 0.00016925 0.0001653 0.0001164 0.00016095 0.0001683 0.00015685 0.00016385 0.0001637 0.0001614 0.0001606 0.00016885
8 0.0001649 0.00012385 0.0001225 0.00016075 0.00014745 0.00016285 0.0001653 0.00016775 0.0001693 0.00016615 0.0001608 0.0001654 0.00016605 0.0001652 0.0001521 0.00012045 0.0001635 0.0001696 0.00016015 0.0001287 0.0001321 0.0001676 0.00017205 0.00016515 0.0001689 0.0001635 0.0001599 0.00016575 0.0001617 8.465e-05 0.00012575 0.000164 0.00012815 0.00016265 0.0001696 0.00012155 0.00016185 0.0001697 0.00016275 0.0001685 0.00016675 0.00016285 0.00016295 0.00016065 0.0001669 0.00017425 0.00015575 0.00016765 0.00016315 0.0001423 0.00016345 0.0001705 0.00016125 0.0001634 0.00017495 0.000122 0.0001709 0.00012805 0.0001624
9 0.00016815 0.00016035 0.0001617 0.0001583 0.0001612 0.0001575 0.0001359 0.00016355 0.00016615 0.0001681 0.000136 0.0001569 0.00013035 0.0001713 0.0001371 0.00016775 0.0001633 0.00015625 0.0001509 0.0001624 0.00016385 0.0001563 0.00015615 0.0001683 0.0001647 0.0001633 0.0001536 0.0001634 0.00010995 0.00016615 0.0001667 0.0001496 0.0001647 0.00015185 0.00015625 0.0001551 0.0001425 0.0001707 0.0001641 0.00016345 0.00016015 0.00016485 0.00014935 0.0001711 0.00015665 0.00017175 0.0001211 0.000157 0.00015145 0.00017245 0.00015595 0.0001635 0.0001466 0.0001538 0.0001783 0.0001504 0.000152 0.00016915 0.00015675
10 0.00016345 0.0001699 0.00016895 0.0001634 0.0001606 0.00015575 2.995e-05 0.0001562 0.0001608 0.000136 5.98e-05 0.0001659 0.0001599 0.00017145 3.515e-05 0.00017005 0.00017365 9.275e-05 0.00015795 0.0001595 0.00016755 9.775e-05 9.77e-05 0.0001691 0.0001707 0.00017365 9.585e-05 0.00017465 9.705e-05 0.0001608 0.00017655 8.565e-05 0.00015995 9.74e-05 9.275e-05 0.00015605 9.7e-05 0.00016465 0.00014355 0.00016075 0.00016955 0.0001664 0.0001661 0.00017065 0.00010655 0.0001722 0.00016025 0.0001669 0.00016285 0.0001696 0.00011275 0.0001605 0.00014885 0.0001556 0.0001646 0.0001442 9.875e-05 0.0001581 0.00010655
11 0.00017375 0.0001649 0.00016335 0.00012595 0.0001697 0.0001666 0.00016795 0.0001761 0.0001654 0.0001569 0.0001659 0.0001602 0.0001612 0.00017455 0.00016675 0.0001718 0.0001272 0.00015925 0.000166 0.0001741 0.00016335 0.0001649 0.0001669 0.0001695 0.00012 0.0001272 0.0001656 0.0001685 0.00016985 0.0001654 0.0001692 0.00016785 0.000149 0.0001705 0.00015925 0.00012195 0.000124 0.00015525 0.00016755 0.0001583 0.0001105 0.0001717 0.0001627 0.0001651 0.0001711 0.0001831 0.00016815 0.0001214 0.00013745 0.0001718 0.0001731 0.00013455 0.00016405 0.0001571 0.0001663 0.0001646 0.0001737 0.00016865 0.00016905
12 0.00016725 0.00016625 0.0001657 0.0001708 0.0001651 0.00016635 0.0001606 0.00016495 0.00016605 0.00013035 0.0001599 0.0001612 0.0001797 0.0001709 0.0001597 0.00017025 0.00017 0.0001252 0.00016165 0.0001602 0.0001635 0.0001677 0.00016835 0.0001742 0.0001587 0.00017 0.00016645 0.0001637 0.0001252 0.00016605 0.00016355 0.0001653 0.00016535 0.0001671 0.00012525 0.000167 0.000167 0.00012915 0.00016935 0.000127 0.0001715 0.0001644 0.00016085 0.000168 0.00016355 0.00017075 0.0001259 0.0001549 0.00016545 0.00017475 0.0001586 0.00017055 0.0001594 0.0001671 0.00013585 0.0001614 0.00016265 0.0001677 0.00016285
13 0.0001489 0.000163 0.00016255 0.0001664 0.00017415 0.0001741 0.0001712 0.0001815 0.0001652 0.0001713 0.00017145 0.00017455 0.0001709 0.0001795 0.00017145 0.00016865 0.0001346 0.0001727 0.0001574 0.00017865 0.0001595 0.00017295 0.00017265 0.0001814 0.00017395 0.0001346 0.00017675 0.00013115 0.00016935 0.0001652 0.0001663 0.0001755 0.00015635 0.0001305 0.0001727 0.00017535 0.00017385 0.0001748 0.00018205 0.00016915 0.0001562 0.0001188 0.00016965 0.00015335 0.0001319 0.00018575 0.000171 0.0001711 0.0001693 0.00017315 0.0001775 0.0001711 0.0001672 0.00015805 0.0001814 0.0001716 0.00017675 0.0001813 0.00013215
14 0.0001615 0.00016675 0.0001658 0.0001639 0.0001539 0.0001532 4.29e-05 0.0001532 0.0001521 0.0001371 3.515e-05 0.00016675 0.0001597 0.00017145 5.47e-05 0.0001661 0.00017465 9.845e-05 0.0001554 0.0001524 0.00016395 9.8e-05 0.0001057 0.00016755 0.00017005 0.00017465 9.25e-05 0.00017415 0.0001041 0.0001521 0.0001738 8.97e-05 0.0001539 0.00010345 9.845e-05 0.00015005 0.000104 0.0001629 0.0001387 0.00015985 0.00017055 0.0001653 0.00016415 0.0001668 0.0001135 0.00017085 0.00015905 0.00016625 0.00016305 0.00016665 0.0001109 0.00016235 0.00014645 0.00015455 0.00016305 0.0001367 0.00010665 0.0001508 0.00010575
15 0.0001734 0.00012205 0.00012045 0.00016985 0.0001583 0.000169 0.00017715 0.00017415 0.00012045 0.00016775 0.00017005 0.0001718 0.00017025 0.00016865 0.0001661 0.000155 0.0001702 0.00017805 0.00016645 0.00017055 0.0001373 0.0001705 0.00017755 0.0001728 0.0001723 0.0001702 0.0001735 0.0001704 0.0001693 0.00012045 0.0001255 0.00017385 0.0001736 0.0001688 0.00017805 0.00016475 0.0001716 0.00017305 0.00017145 0.0001724 0.00017625 0.00017025 0.0001665 0.00015725 0.0001757 0.00018165 0.0001344 0.000172 0.00016855 0.0001447 0.0001688 0.00017255 0.0001701 0.0001648 0.0001824 0.0001648 0.0001741 0.0001717 0.0001686
16 0.00014625 0.00016165 0.0001612 0.0001338 0.00016645 0.00016815 0.0001733 0.00017785 0.0001635 0.0001633 0.00017365 0.0001272 0.00017 0.0001346 0.00017465 0.0001702 0.0001845 0.00017545 0.0001693 0.00017265 0.0001608 0.0001723 0.0001719 0.00017725 0.000163 9.225e-05 0.00017895 0.0001275 0.0001678 0.0001635 0.0001682 0.0001751 0.0001294 0.00017365 0.00017545 0.0001294 0.00013275 0.00017075 0.00017695 0.00016855 9.23e-05 0.00013405 0.00016275 0.00015315 0.00013285 0.00018525 0.0001666 0.00016245 0.00016385 0.0001766 0.0001741 0.0001657 0.0001642 0.00016025 0.0001848 0.0001671 0.00017615 0.0001776 0.0001331
17 0.00017075 0.0001774 0.00017455 0.00017225 0.0001697 0.00016905 7.975e-05 0.0001633 0.0001696 0.00015625 9.275e-05 0.00015925 0.0001252 0.0001727 9.845e-05 0.00017805 0.00017545 0.0001594 0.0001665 0.00016225 0.00017035 0.0001339 0.00012085 0.00017855 0.0001609 0.00017545 0.00013885 0.0001751 0.0001252 0.0001696 0.0001764 0.00012005 0.00016645 0.00012485 7.975e-05 0.0001664 0.0001271 0.00012875 0.0001611 0.00012805 0.0001744 0.0001677 0.0001738 0.00017365 0.00012805 0.0001734 0.0001674 0.0001589 0.00017115 0.00017795 0.0001413 0.00016195 0.0001595 0.00016465 0.00013025 0.0001587 0.00012335 0.0001647 0.00014105
18 0.00017365 0.0001236 0.00012625 0.000157 0.00012365 0.00012525 0.00016275 0.00016725 0.00016015 0.0001509 0.00015795 0.000166 0.00016165 0.0001574 0.0001554 0.00016645 0.0001693 0.0001665 0.0001622 0.000163 0.0001613 0.00016485 0.0001696 0.0001569 0.00015245 0.0001693 0.0001602 0.0001317 0.00015785 0.00016015 0.0001706 0.00016275 0.0001656 0.00014835 0.0001665 0.0001553 0.0001595 0.00014975 0.00016305 0.0001288 0.00016745 0.0001316 8.11e-05 0.00016935 0.0001725 0.00017515 0.00015795 0.0001284 0.00012345 0.00016835 0.0001637 0.0001683 0.00012355 0.00012345 0.00017455 0.0001245 0.00016505 0.00016735 0.0001677
19 0.0001646 0.0001733 0.0001744 0.0001669 0.00015885 0.0001625 0.00015855 0.000117 0.0001287 0.0001624 0.0001595 0.0001741 0.0001602 0.00017865 0.0001524 0.00017055 0.00017265 0.00016225 0.000163 0.000163 0.000168 0.0001691 0.0001681 0.00017225 0.0001771 0.00017265 0.0001591 0.00017555 0.00015645 0.0001287 0.00015635 0.0001555 0.000125 0.00016775 0.00016225 0.00012315 0.00016165 0.0001684 0.0001531 0.0001687 0.00016835 0.00016785 0.0001706 0.00016495 0.0001695 0.00012565 0.0001545 0.000177 0.0001691 0.00017045 0.00012215 0.00017025 0.0001667 0.00015245 0.000168 0.00012385 0.000165 0.0001266 0.00017045
20 0.0001668 0.0001334 0.00013255 0.00016305 0.00016065 0.0001657 0.00017315 0.00017045 0.0001321 0.00016385 0.00016755 0.00016335 0.0001635 0.0001595 0.00016395 0.0001373 0.0001608 0.00017035 0.0001613 0.000168 0.0001588 0.00016835 0.0001739 0.00016575 0.00016695 0.0001608 0.00017035 0.0001628 0.00016625 0.0001321 0.00012105 0.00016985 0.0001625 0.00016425 0.00017035 0.00016095 0.00016665 0.0001675 0.0001666 0.00016625 0.00016345 0.0001598 0.0001642 0.0001702 0.00016725 0.0001737 0.000162 0.00016535 0.00016345 0.0001262 0.0001616 0.0001668 0.0001321 0.000163 0.00017045 0.0001637 0.0001742 0.00016705 0.00016165
21 0.00016815 0.0001705 0.00017065 0.00016845 0.00017125 0.0001656 0.00010865 0.00016295 0.0001676 0.0001563 9.775e-05 0.0001649 0.0001677 0.00017295 9.8e-05 0.0001705 0.0001723 0.0001339 0.00016485 0.0001691 0.00016835 0.0001736 9.77e-05 0.0001715 0.0001655 0.0001723 0.0001276 0.00017455 0.0001424 0.0001676 0.0001747 0.00013075 0.0001713 0.0001408 0.0001339 0.0001658 0.0001375 0.0001634 0.00015575 0.00016595 0.0001717 0.0001684 0.0001709 0.00016815 0.0001434 0.0001749 0.00016705 0.00016715 0.00016815 0.00017025 0.00013735 0.00012135 0.00015985 0.00015945 0.0001681 0.00016065 0.00013265 0.00017015 0.0001325
22 0.0001711 0.00017885 0.000179 0.000174 0.00017395 0.00017275 7.875e-05 0.00016795 0.00017205 0.00015615 9.77e-05 0.0001669 0.00016835 0.00017265 0.0001057 0.00017755 0.0001719 0.00012085 0.0001696 0.0001681 0.0001739 9.77e-05 0.0001574 0.00017515 0.00016875 0.0001719 0.00014515 0.0001754 0.0001262 0.00017205 0.00017955 0.0001211 0.00016825 0.0001279 0.00012085 0.00016705 0.0001245 0.0001685 0.00016635 0.0001697 0.0001713 0.0001676 0.0001773 0.0001727 0.0001261 0.00017525 0.0001677 0.0001704 0.00017005 0.00017605 0.00015195 0.00011735 0.00016345 0.00016445 0.00017065 0.00016315 0.0001182 0.0001701 0.00014505
23 0.00017325 0.00015565 0.00015945 0.0001658 0.0001426 0.00015215 0.0001728 0.00017445 0.00016515 0.0001683 0.0001691 0.0001695 0.0001742 0.0001814 0.00016755 0.0001728 0.00017725 0.00017855 0.0001569 0.00017225 0.00016575 0.0001715 0.00017515 0.0001817 0.00016665 0.00017725 0.0001679 0.00016355 0.0001684 0.00016515 0.00017575 0.0001686 0.00017195 0.00017465 0.00017855 0.0001642 0.00017055 0.0001735 0.000164 0.0001626 0.00017675 0.0001794 0.00014095 0.00017505 0.00017945 0.00014725 0.0001714 0.0001558 0.00014865 0.00014005 0.0001748 0.0001658 0.0001508 0.00016975 0.0001473 0.0001584 0.000171 0.0001351 0.00017575
24 0.00017285 0.00014905 0.00014695 0.00016405 0.00015165 0.0001547 0.000174 0.00017685 0.0001689 0.0001647 0.0001707 0.00012 0.0001587 0.00017395 0.00017005 0.0001723 0.000163 0.0001609 0.00015245 0.0001771 0.00016695 0.0001655 0.00016875 0.00016665 0.0001695 0.000163 0.000169 0.00015115 0.00017175 0.0001689 0.0001721 0.0001724 0.00017615 0.00017455 0.0001609 0.0001633 0.0001646 0.0001163 0.000171 0.0001431 0.0001698 0.00017195 0.00013155 0.00016395 0.00017235 0.00017695 0.00017155 0.00010815 0.00012795 0.00016795 0.00017555 0.00013855 0.0001477 0.0001687 0.00015955 0.00015095 0.00017365 0.0001681 0.00016905
25 0.00014625 0.00016165 0.0001612 0.0001338 0.00016645 0.00016815 0.0001733 0.00017785 0.0001635 0.0001633 0.00017365 0.0001272 0.00017 0.0001346 0.00017465 0.0001702 9.225e-05 0.00017545 0.0001693 0.00017265 0.0001608 0.0001723 0.0001719 0.00017725 0.000163 0.0001845 0.00017895 0.0001275 0.0001678 0.0001635 0.0001682 0.0001751 0.0001294 0.00017365 0.00017545 0.0001294 0.00013275 0.00017075 0.00017695 0.00016855 9.23e-05 0.00013405 0.00016275 0.00015315 0.00013285 0.00018525 0.0001666 0.00016245 0.00016385 0.0001766 0.0001741 0.0001657 0.0001642 0.00016025 0.0001848 0.0001671 0.00017615 0.0001776 0.0001331
26 0.00017045 0.00017065 0.00017055 0.0001649 0.0001659 0.0001581 0.00011345 0.00015765 0.0001599 0.0001536 9.585e-05 0.0001656 0.00016645 0.00017675 9.25e-05 0.0001735 0.00017895 0.00013885 0.0001602 0.0001591 0.00017035 0.0001276 0.00014515 0.0001679 0.000169 0.00017895 0.0001564 0.00018005 0.000141 0.0001599 0.00017735 0.00012785 0.00016135 0.00013945 0.00013885 0.0001548 0.0001389 0.00016775 0.0001459 0.00016555 0.0001731 0.00017355 0.0001666 0.00013015 0.00015345 0.00017325 0.0001661 0.0001667 0.00016305 0.00017025 0.0001341 0.00016395 0.00015975 0.000161 0.000169 0.00014825 0.0001436 0.0001574 0.00013585
27 0.0001439 0.0001244 0.00012555 0.0001665 0.00012805 0.00013245 0.00017555 0.00017975 0.00016575 0.0001634 0.00017465 0.0001685 0.0001637 0.00013115 0.00017415 0.0001704 0.0001275 0.0001751 0.0001317 0.00017555 0.0001628 0.00017455 0.0001754 0.00016355 0.00015115 0.0001275 0.00018005 0.0001756 0.0001641 0.00016575 0.00017125 0.00017725 0.0001547 0.0001734 0.0001751 0.0001689 0.00017135 0.0001536 0.000178 0.00013135 0.0001514 0.0001317 8.78e-05 0.00015115 0.00013175 0.0001825 0.0001647 0.0001288 0.00012925 0.0001733 0.00017565 0.00017155 0.00012675 0.00017175 0.0001797 0.0001358 0.00017255 0.0001772 0.00013075
28 0.0001629 0.0001671 0.00016845 0.0001675 0.0001587 0.0001602 8.09e-05 0.00016285 0.0001617 0.00010995 9.705e-05 0.00016985 0.0001252 0.00016935 0.0001041 0.0001693 0.0001678 0.0001252 0.00015785 0.00015645 0.00016625 0.0001424 0.0001262 0.0001684 0.00017175 0.0001678 0.000141 0.0001641 0.0001617 0.0001617 0.00016855 0.00012125 0.0001558 0.0001268 0.0001252 0.0001579 0.0001239 0.00017015 0.0001624 0.00016345 0.00016625 0.0001623 0.00015955 0.00016955 0.00012475 0.0001699 0.0001194 0.00016615 0.00015905 0.0001722 0.00014465 0.0001651 0.00015235 0.00016305 0.00017275 0.0001494 0.0001236 0.00016105 0.0001409
29 0.0001649 0.00012385 0.0001225 0.00016075 0.00014745 0.00016285 0.0001653 0.00016775 8.465e-05 0.00016615 0.0001608 0.0001654 0.00016605 0.0001652 0.0001521 0.00012045 0.0001635 0.0001696 0.00016015 0.0001287 0.0001321 0.0001676 0.00017205 0.00016515 0.0001689 0.0001635 0.0001599 0.00016575 0.0001617 0.0001693 0.00012575 0.000164 0.00012815 0.00016265 0.0001696 0.00012155 0.00016185 0.0001697 0.00016275 0.0001685 0.00016675 0.00016285 0.00016295 0.00016065 0.0001669 0.00017425 0.00015575 0.00016765 0.00016315 0.0001423 0.00016345 0.0001705 0.00016125 0.0001634 0.00017495 0.000122 0.0001709 0.00012805 0.0001624
30 0.0001727 0.0001309 0.00012765 0.0001688 0.0001675 0.0001734 0.00018145 0.00015845 0.00012575 0.0001667 0.00017655 0.0001692 0.00016355 0.0001663 0.0001738 0.0001255 0.0001682 0.0001764 0.0001706 0.00015635 0.00012105 0.0001747 0.00017955 0.00017575 0.0001721 0.0001682 0.00017735 0.00017125 0.00016855 0.00012575 0.0001696 0.00017615 0.00017525 0.00017225 0.0001764 0.00016875 0.0001761 0.000174 0.00017025 0.00017435 0.0001796 0.00016485 0.0001769 0.0001667 0.0001735 0.00016055 0.0001588 0.00017225 0.0001715 0.0001446 0.00015045 0.00017185 0.00016445 0.00016875 0.00017335 0.0001711 0.0001739 0.0001686 0.0001686
31 0.0001339 0.00017405 0.00017395 0.00016285 0.00016435 0.00012525 7.605e-05 0.00011905 0.000164 0.0001496 8.565e-05 0.00016785 0.0001653 0.0001755 8.97e-05 0.00017385 0.0001751 0.00012005 0.00016275 0.0001555 0.00016985 0.00013075 0.0001211 0.0001686 0.0001724 0.0001751 0.00012785 0.00017725 0.00012125 0.000164 0.00017615 0.000152 0.00015975 0.00012345 0.00012005 0.00015675 0.0001203 0.0001689 7.96e-05 0.00016575 0.0001692 0.000171 0.0001689 0.00017195 0.0001308 0.0001629 0.00016355 0.00017 0.0001624 0.0001659 0.00013715 0.00015285 0.0001569 0.0001642 0.000164 0.0001521 0.00012175 0.0001548 0.0001404
32 0.0001495 0.0001732 0.00017435 0.0001472 0.00015805 0.0001639 0.00015695 0.0001667 0.00012815 0.0001647 0.00015995 0.000149 0.00016535 0.00015635 0.0001539 0.0001736 0.0001294 0.00016645 0.0001656 0.000125 0.0001625 0.0001713 0.00016825 0.00017195 0.00017615 0.0001294 0.00016135 0.0001547 0.0001558 0.00012815 0.00017525 0.00015975 0.0001584 0.00016485 0.00016645 9.89e-05 0.00013775 0.00017445 0.000163 0.00017025 0.000102 0.00015105 0.0001692 0.0001665 0.0001486 0.0001759 0.00015705 0.0001743 0.0001658 0.0001756 0.0001678 0.0001705 0.0001623 0.00016345 0.0001786 0.0001252 0.0001729 0.00012915 0.00015155
33 0.00017285 0.00016775 0.00016745 0.0001592 0.0001695 0.000166 8.46e-05 0.0001701 0.00016265 0.00015185 9.74e-05 0.0001705 0.0001671 0.0001305 0.00010345 0.0001688 0.00017365 0.00012485 0.00014835 0.00016775 0.00016425 0.0001408 0.0001279 0.00017465 0.00017455 0.00017365 0.00013945 0.0001734 0.0001268 0.00016265 0.00017225 0.00012345 0.00016485 0.0001691 0.00012485 0.00016295 0.0001264 0.00017075 0.0001644 0.0001654 0.00017175 0.0001539 0.00016775 0.00017355 0.0001318 0.00017755 0.00016525 0.00017025 0.000164 0.00016925 0.0001502 0.0001657 0.00016025 0.00015 0.0001713 0.0001573 0.0001303 0.0001664 0.00014465
34 0.00017075 0.0001774 0.00017455 0.00017225 0.0001697 0.00016905 7.975e-05 0.0001633 0.0001696 0.00015625 9.275e-05 0.00015925 0.00012525 0.0001727 9.845e-05 0.00017805 0.00017545 7.975e-05 0.0001665 0.00016225 0.00017035 0.0001339 0.00012085 0.00017855 0.0001609 0.00017545 0.00013885 0.0001751 0.0001252 0.0001696 0.0001764 0.00012005 0.00016645 0.00012485 0.0001594 0.0001664 0.0001271 0.0001288 0.0001611 0.0001281 0.0001744 0.0001677 0.0001738 0.00017365 0.00012805 0.0001734 0.0001674 0.0001589 0.00017115 0.00017795 0.0001413 0.00016195 0.0001595 0.00016465 0.0001303 0.0001587 0.00012335 0.0001647 0.00014105
35 0.00016745 0.0001611 0.00016225 0.00012145 0.0001502 0.00015705 0.00015735 0.0001631 0.00012155 0.0001551 0.00015605 0.00012195 0.000167 0.00017535 0.00015005 0.00016475 0.0001294 0.0001664 0.0001553 0.00012315 0.00016095 0.0001658 0.00016705 0.0001642 0.0001633 0.0001294 0.0001548 0.0001689 0.0001579 0.00012155 0.00016875 0.00015675 9.89e-05 0.00016295 0.0001664 0.0001526 0.0001168 0.00016725 0.0001566 0.00016635 0.000102 0.0001688 0.0001553 0.0001649 0.0001699 0.00017385 0.00015525 0.00016145 0.00015625 0.0001688 0.0001633 0.0001632 0.00015895 0.00015105 0.0001767 0.0001168 0.00017075 0.00012605 0.0001686
36 0.0001705 0.0001677 0.00016805 0.0001268 0.0001628 0.00016015 8.405e-05 0.00016515 0.00016185 0.0001425 9.7e-05 0.000124 0.000167 0.00017385 0.000104 0.0001716 0.00013275 0.0001271 0.0001595 0.00016165 0.00016665 0.0001375 0.0001245 0.00017055 0.0001646 0.00013275 0.0001389 0.00017135 0.0001239 0.00016185 0.0001761 0.0001203 0.00013775 0.0001264 0.0001271 0.0001168 0.000168 0.0001677 0.0001578 0.0001658 0.00010795 0.00016955 0.0001612 0.00017325 0.00013275 0.00017735 0.0001609 0.0001626 0.00015875 0.00017315 0.00014775 0.00015755 0.0001561 0.00015185 0.0001757 0.00015125 0.0001297 0.0001633 0.0001457
37 0.00017395 0.000151 0.0001489 0.0001682 0.00015115 0.0001544 0.0001698 0.000168 0.0001697 0.0001707 0.00016465 0.00015525 0.00012915 0.0001748 0.0001629 0.00017305 0.00017075 0.00012875 0.00014975 0.0001684 0.0001675 0.0001634 0.0001685 0.0001735 0.0001163 0.00017075 0.00016775 0.0001536 0.00017015 0.0001697 0.000174 0.0001689 0.00017445 0.00017075 0.0001288 0.00016725 0.0001677 0.0001755 0.0001682 0.00011415 0.0001725 0.0001719 0.00013135 0.00017055 0.0001728 0.00017205 0.0001708 0.0001381 0.00015565 0.00017185 0.00016415 0.000167 0.0001468 0.0001675 0.00013205 0.0001496 0.0001687 0.0001694 0.00016765
38 9.9e-05 0.0001687 0.00016995 0.00015455 0.00016445 8.42e-05 0.0001542 7.975e-05 0.00016275 0.0001641 0.00014355 0.00016755 0.00016935 0.00018205 0.0001387 0.00017145 0.00017695 0.0001611 0.00016305 0.0001531 0.0001666 0.00015575 0.00016635 0.000164 0.000171 0.00017695 0.0001459 0.000178 0.0001624 0.00016275 0.00017025 7.96e-05 0.000163 0.0001644 0.0001611 0.0001566 0.0001578 0.0001682 1.01e-05 0.00016575 0.0001695 0.0001774 0.00016355 0.0001711 0.0001733 0.00015285 0.00016615 0.0001686 0.0001591 0.00015605 0.0001469 0.0001535 0.00016155 0.00016985 0.00015975 0.00015885 0.0001593 0.00015145 0.00016265
39 0.00017 0.00013205 0.00013215 0.00016455 0.0001335 0.00012805 0.00016455 0.0001694 0.0001685 0.00016345 0.00016075 0.0001583 0.000127 0.00016915 0.00015985 0.0001724 0.00016855 0.00012805 0.0001288 0.0001687 0.00016625 0.00016595 0.0001697 0.0001626 0.0001431 0.00016855 0.00016555 0.00013135 0.00016345 0.0001685 0.00017435 0.00016575 0.00017025 0.0001654 0.0001281 0.00016635 0.0001658 0.00011415 0.00016575 0.0001832 0.00017065 0.00016735 9.27e-05 0.0001689 0.00016725 0.00017545 0.00016485 0.0001211 0.00012885 0.00017205 0.00016415 0.00016995 0.0001287 0.00016875 0.00013545 0.00013465 0.0001639 0.0001694 0.00016345
40 0.0001553 0.00017065 0.0001723 0.00011345 0.00017105 0.00016565 0.0001692 0.00017435 0.00016675 0.00016015 0.00016955 0.0001105 0.0001715 0.0001562 0.00017055 0.00017625 9.23e-05 0.0001744 0.00016745 0.00016835 0.00016345 0.0001717 0.0001713 0.00017675 0.0001698 9.23e-05 0.0001731 0.0001514 0.00016625 0.00016675 0.0001796 0.0001692 0.000102 0.00017175 0.0001744 0.000102 0.00010795 0.0001725 0.0001695 0.00017065 9.35e-05 0.00015385 0.00016495 0.0001721 0.00015355 0.00018555 0.0001638 0.0001696 0.000164 0.00017905 0.00017425 0.00016605 0.00016455 0.0001566 0.00018575 0.00016565 0.00017705 0.00017305 0.00015385
41 0.00014765 0.00016525 0.0001642 0.00017335 0.0001661 0.0001716 0.00016565 0.000174 0.00016285 0.00016485 0.0001664 0.0001717 0.0001644 0.0001188 0.0001653 0.00017025 0.00013405 0.0001677 0.0001316 0.00016785 0.0001598 0.0001684 0.0001676 0.0001794 0.00017195 0.00013405 0.00017355 0.0001317 0.0001623 0.00016285 0.00016485 0.000171 0.00015105 0.0001539 0.0001677 0.0001688 0.00016955 0.0001719 0.0001774 0.00016735 0.00015385 0.0001888 0.0001688 0.0001531 0.0001301 0.0001809 0.00016545 0.00016935 0.00016905 0.00017725 0.000168 0.00016945 0.00016535 0.000129 0.0001801 0.000167 0.0001696 0.0001767 0.00013085
42 0.0001699 8.265e-05 8.75e-05 0.00015005 8.55e-05 8.6e-05 0.00017255 0.0001729 0.00016295 0.00014935 0.0001661 0.0001627 0.00016085 0.00016965 0.00016415 0.0001665 0.00016275 0.0001738 8.11e-05 0.0001706 0.0001642 0.0001709 0.0001773 0.00014095 0.00013155 0.00016275 0.0001666 8.78e-05 0.00015955 0.00016295 0.0001769 0.0001689 0.0001692 0.00016775 0.0001738 0.0001553 0.0001612 0.00013135 0.00016355 9.27e-05 0.00016495 0.0001688 0.0 0.0001673 0.00017405 0.00017665 0.0001571 8.775e-05 8.355e-05 0.0001643 0.00017125 0.0001703 8.485e-05 0.0001661 0.00017405 9.32e-05 0.0001679 0.00016775 0.0001676
43 0.0001646 0.0001651 0.0001642 0.0001724 0.000167 0.00016955 0.00017525 0.00017005 0.00016065 0.0001711 0.00017065 0.0001651 0.000168 0.00015335 0.0001668 0.00015725 0.00015315 0.00017365 0.00016935 0.00016495 0.0001702 0.00016815 0.0001727 0.00017505 0.00016395 0.00015315 0.00013015 0.00015115 0.00016955 0.00016065 0.0001667 0.00017195 0.0001665 0.00017355 0.00017365 0.0001649 0.00017325 0.00017055 0.0001711 0.0001689 0.0001721 0.0001531 0.0001673 0.0001884 0.0001551 0.000177 0.0001544 0.0001631 0.00016555 0.0001738 0.000169 0.00016295 0.0001722 0.0001717 0.00017745 0.00016185 0.00017365 0.00016905 0.0001505
44 0.00014225 0.0001722 0.00017045 0.00017595 0.00016695 0.0001709 8.93e-05 0.0001739 0.0001669 0.00015665 0.00010655 0.0001711 0.00016355 0.0001319 0.0001135 0.0001757 0.00013285 0.00012805 0.0001725 0.0001695 0.00016725 0.0001434 0.0001261 0.00017945 0.00017235 0.00013285 0.00015345 0.00013175 0.00012475 0.0001669 0.0001735 0.0001308 0.0001486 0.0001318 0.00012805 0.0001699 0.00013275 0.0001728 0.0001733 0.00016725 0.00015355 0.0001301 0.00017405 0.0001551 0.0001785 0.00018045 0.0001666 0.00017 0.00016985 0.00017885 0.0001537 0.00016465 0.00016055 0.000169 0.00017625 0.00016255 0.00013075 0.00017235 0.0001066
45 0.0001709 0.00017985 0.0001803 0.0001766 0.0001757 0.0001645 0.0001726 0.0001195 0.00017425 0.00017175 0.0001722 0.0001831 0.00017075 0.00018575 0.00017085 0.00018165 0.00018525 0.0001734 0.00017515 0.00012565 0.0001737 0.0001749 0.00017525 0.00014725 0.00017695 0.00018525 0.00017325 0.0001825 0.0001699 0.00017425 0.00016055 0.0001629 0.0001759 0.00017755 0.0001734 0.00017385 0.00017735 0.00017205 0.00015285 0.00017545 0.00018555 0.0001809 0.00017665 0.000177 0.00018045 0.0001715 0.00017135 0.00018035 0.00017205 0.00013535 0.00012705 0.00017145 0.000171 0.0001632 0.00013015 0.00017175 0.00016795 0.00013035 0.00018005
46 0.00016525 0.00015955 0.00016195 0.0001658 0.00016125 0.0001609 0.00016095 0.0001628 0.00015575 0.0001211 0.00016025 0.00016815 0.0001259 0.000171 0.00015905 0.0001344 0.0001666 0.0001674 0.00015795 0.0001545 0.000162 0.00016705 0.0001677 0.0001714 0.00017155 0.0001666 0.0001661 0.0001647 0.0001194 0.00015575 0.0001588 0.00016355 0.00015705 0.00016525 0.0001674 0.00015525 0.0001609 0.0001708 0.00016615 0.00016485 0.0001638 0.00016545 0.0001571 0.0001544 0.0001666 0.00017135 0.0001558 0.00016625 0.0001616 0.00017005 0.00015995 0.00016885 0.0001617 0.0001623 0.0001787 0.00015425 0.00016535 0.00016575 0.0001659
47 0.0001714 0.00012765 0.0001277 0.00015865 0.0001313 0.0001309 0.0001702 0.000178 0.00016765 0.000157 0.0001669 0.0001214 0.0001549 0.0001711 0.00016625 0.000172 0.00016245 0.0001589 0.0001284 0.000177 0.00016535 0.00016715 0.0001704 0.0001558 0.00010815 0.00016245 0.0001667 0.0001288 0.00016615 0.00016765 0.00017225 0.00017 0.0001743 0.00017025 0.0001589 0.00016145 0.0001626 0.0001381 0.0001686 0.0001211 0.0001696 0.00016935 8.775e-05 0.0001631 0.00017 0.00018035 0.00016625 0.0001755 0.00010285 0.0001685 0.00017465 0.0001404 0.0001266 0.0001686 0.0001612 0.0001333 0.0001701 0.00016825 0.0001667
48 0.00016595 0.00012505 0.00012695 0.00015625 0.00012865 0.0001191 0.0001648 0.00016925 0.00016315 0.00015145 0.00016285 0.00013745 0.00016545 0.0001693 0.00016305 0.00016855 0.00016385 0.00017115 0.00012345 0.0001691 0.00016345 0.00016815 0.00017005 0.00014865 0.00012795 0.00016385 0.00016305 0.00012925 0.00015905 0.00016315 0.0001715 0.0001624 0.0001658 0.000164 0.00017115 0.00015625 0.00015875 0.00015565 0.0001591 0.00012885 0.000164 0.00016905 8.355e-05 0.00016555 0.00016985 0.00017205 0.0001616 0.00010285 0.0001601 0.0001623 0.00017265 0.000136 0.0001219 0.0001674 0.0001717 0.0001268 0.0001666 0.0001625 0.0001679
49 0.00016895 0.00014115 0.00014155 0.00016715 0.00016445 0.0001596 0.00017545 0.0001653 0.0001423 0.00017245 0.0001696 0.0001718 0.00017475 0.00017315 0.00016665 0.0001447 0.0001766 0.00017795 0.00016835 0.00017045 0.0001262 0.00017025 0.00017605 0.00014005 0.00016795 0.0001766 0.00017025 0.0001733 0.0001722 0.0001423 0.0001446 0.0001659 0.0001756 0.00016925 0.00017795 0.0001688 0.00017315 0.00017185 0.00015605 0.00017205 0.00017905 0.00017725 0.0001643 0.0001738 0.00017885 0.00013535 0.00017005 0.0001685 0.0001623 0.0001928 0.00016685 0.00016735 0.0001629 0.000172 0.0001386 0.000168 0.00017235 0.0001351 0.000173
50 0.00016705 0.0001699 0.0001691 0.00016695 0.0001673 0.0001599 0.0001274 0.0001164 0.00016345 0.00015595 0.00011275 0.0001731 0.0001586 0.0001775 0.0001109 0.0001688 0.0001741 0.0001413 0.0001637 0.00012215 0.0001616 0.00013735 0.00015195 0.0001748 0.00017555 0.0001741 0.0001341 0.00017565 0.00014465 0.00016345 0.00015045 0.00013715 0.0001678 0.0001502 0.0001413 0.0001633 0.00014775 0.00016415 0.0001469 0.00016415 0.00017425 0.000168 0.00017125 0.000169 0.0001537 0.00012705 0.00015995 0.00017465 0.00017265 0.00016685 0.0001717 0.0001722 0.00016695 0.0001475 0.00016185 0.00016305 0.00014415 0.00016415 0.00013905
51 0.00016595 0.0001718 0.0001728 0.00016765 0.000175 0.0001651 0.00015655 0.00016095 0.0001705 0.0001635 0.0001605 0.00013455 0.00017055 0.0001711 0.00016235 0.00017255 0.0001657 0.00016195 0.0001683 0.00017025 0.0001668 0.00012135 0.00011735 0.0001658 0.00013855 0.0001657 0.00016395 0.00017155 0.0001651 0.0001705 0.00017185 0.00015285 0.0001705 0.0001657 0.00016195 0.0001632 0.00015755 0.000167 0.0001535 0.00016995 0.00016605 0.00016945 0.0001703 0.00016295 0.00016465 0.00017145 0.00016885 0.0001404 0.000136 0.00016735 0.0001722 0.0001564 0.0001631 0.00016455 0.0001689 0.0001677 0.0001589 0.00016925 0.0001686
52 0.0001649 0.00012465 0.0001266 0.00016025 0.00012575 0.00012625 0.0001525 0.0001683 0.00016125 0.0001466 0.00014885 0.00016405 0.0001594 0.0001672 0.00014645 0.0001701 0.0001642 0.0001595 0.00012355 0.0001667 0.0001321 0.00015985 0.00016345 0.0001508 0.0001477 0.0001642 0.00015975 0.00012675 0.00015235 0.00016125 0.00016445 0.0001569 0.0001623 0.00016025 0.0001595 0.00015895 0.0001561 0.0001468 0.00016155 0.0001287 0.00016455 0.00016535 8.485e-05 0.0001722 0.00016055 0.000171 0.0001617 0.0001266 0.0001219 0.0001629 0.00016695 0.0001631 0.0001697 0.0001671 0.00016675 0.0001215 0.0001625 0.00016165 0.0001569
53 0.0001766 0.000167 0.0001673 0.0001582 0.00016515 0.0001703 0.00016065 0.00015685 0.0001634 0.0001538 0.0001556 0.0001571 0.0001671 0.00015805 0.00015455 0.0001648 0.00016025 0.00016465 0.00012345 0.00015245 0.000163 0.00015945 0.00016445 0.00016975 0.0001687 0.00016025 0.000161 0.00017175 0.00016305 0.0001634 0.00016875 0.0001642 0.00016345 0.00015 0.00016465 0.00015105 0.00015185 0.0001675 0.00016985 0.00016875 0.0001566 0.000129 0.0001661 0.0001717 0.000169 0.0001632 0.0001623 0.0001686 0.0001674 0.000172 0.0001475 0.00016455 0.0001671 0.0001616 0.0001747 0.0001642 0.0001647 0.0001695 0.00016395
54 0.0001741 0.00017745 0.00017475 0.0001767 0.00017405 0.00016805 0.0001672 0.00016385 0.00017495 0.0001783 0.0001646 0.0001663 0.00013585 0.0001814 0.00016305 0.0001824 0.0001848 0.00013025 0.00017455 0.000168 0.00017045 0.0001681 0.00017065 0.0001473 0.00015955 0.0001848 0.000169 0.0001797 0.00017275 0.00017495 0.00017335 0.000164 0.0001786 0.0001713 0.0001303 0.0001767 0.0001757 0.00013205 0.00015975 0.00013545 0.00018575 0.0001801 0.00017405 0.00017745 0.00017625 0.00013015 0.0001787 0.0001612 0.0001717 0.0001386 0.00016185 0.0001689 0.00016675 0.0001747 0.0001867 0.00017225 0.00016745 0.0001313 0.00017365
55 0.0001656 0.00012975 0.0001296 0.00015805 0.00011915 0.00012935 0.00014675 0.0001637 0.000122 0.0001504 0.0001442 0.0001646 0.0001614 0.0001716 0.0001367 0.0001648 0.0001671 0.0001587 0.0001245 0.00012385 0.0001637 0.00016065 0.00016315 0.0001584 0.00015095 0.0001671 0.00014825 0.0001358 0.0001494 0.000122 0.0001711 0.0001521 0.0001252 0.0001573 0.0001587 0.0001168 0.00015125 0.0001496 0.00015885 0.00013465 0.00016565 0.000167 9.32e-05 0.00016185 0.00016255 0.00017175 0.00015425 0.0001333 0.0001268 0.000168 0.00016305 0.0001677 0.0001215 0.0001642 0.00017225 0.0001556 0.00016095 0.00012415 0.00016
56 0.0001704 0.0001717 0.0001703 0.00017145 0.0001685 0.00016235 8.435e-05 0.0001614 0.0001709 0.000152 9.875e-05 0.0001737 0.00016265 0.00017675 0.00010665 0.0001741 0.00017615 0.00012335 0.00016505 0.000165 0.0001742 0.00013265 0.0001182 0.000171 0.00017365 0.00017615 0.0001436 0.00017255 0.0001236 0.0001709 0.0001739 0.00012175 0.0001729 0.0001303 0.00012335 0.00017075 0.0001297 0.0001687 0.0001593 0.0001639 0.00017705 0.0001696 0.0001679 0.00017365 0.00013075 0.00016795 0.00016535 0.0001701 0.0001666 0.00017235 0.00014415 0.0001589 0.0001625 0.0001647 0.00016745 0.00016095 0.0001686 0.00016635 0.00014515
57 0.0001655 0.0001702 0.00016815 0.00016815 0.0001554 0.00015935 0.0001581 0.0001606 0.00012805 0.00016915 0.0001581 0.00016865 0.0001677 0.0001813 0.0001508 0.0001717 0.0001776 0.0001647 0.00016735 0.0001266 0.00016705 0.00017015 0.0001701 0.0001351 0.0001681 0.0001776 0.0001574 0.0001772 0.00016105 0.00012805 0.0001686 0.0001548 0.00012915 0.0001664 0.0001647 0.00012605 0.0001633 0.0001694 0.00015145 0.0001694 0.00017305 0.0001767 0.00016775 0.00016905 0.00017235 0.00013035 0.00016575 0.00016825 0.0001625 0.0001351 0.00016415 0.00016925 0.00016165 0.0001695 0.0001313 0.00012415 0.00016635 0.0001671 0.00017235
58 0.00013915 0.0001638 0.00016205 0.00017035 0.0001642 0.0001637 0.00011915 0.00016885 0.0001624 0.00015675 0.00010655 0.00016905 0.00016285 0.00013215 0.00010575 0.0001686 0.0001331 0.00014105 0.0001677 0.00017045 0.00016165 0.0001325 0.00014505 0.00017575 0.00016905 0.0001331 0.00013585 0.00013075 0.0001409 0.0001624 0.0001686 0.0001404 0.00015155 0.00014465 0.00014105 0.0001686 0.0001457 0.00016765 0.00016265 0.00016345 0.00015385 0.00013085 0.0001676 0.0001505 0.0001066 0.00018005 0.0001659 0.0001667 0.0001679 0.000173 0.00013905 0.0001686 0.0001569 0.00016395 0.00017365 0.00016 0.00014515 0.00017235 0.0001878
