 slim_761973708 slim_761973723 slim_761973691 slim_761973695 slim_761973709 slim_761973719 slim_761973704 slim_761973733 slim_761973715 slim_761973696 slim_761973702 slim_761973734 slim_761973703 slim_761973730 slim_761973722 slim_761973701 slim_761973735 slim_761973738 slim_761973732 slim_761973737 slim_761973725 slim_761973712 slim_761973716 slim_761973706 slim_761973736 slim_761973707 slim_761973721 slim_761973692 slim_761973705 slim_761973713 slim_761973726 slim_761973731 slim_761973700 slim_761973718 slim_761973698 slim_761973724 slim_761973728 slim_761973694 slim_761973690 slim_761973699 slim_761973720 slim_761973739 slim_761973727 slim_761973717 slim_761973693 slim_761973714 slim_761973710 slim_761973711 slim_761973729 slim_761973697
0 0.000174 0.0001562 0.0001624 0.0001504 0.00015155 0.00014855 0.00016445 0.00013875 0.00015315 0.00013755 0.0001623 0.0001566 0.0001404 0.00015315 0.0001613 0.00013765 0.0001271 0.00013525 0.0001442 0.00013945 0.00014765 0.0001326 0.00014595 0.00014585 0.0001311 0.00012555 0.00013515 0.0001531 0.0001376 0.00013085 0.0001592 0.00013475 0.00011655 0.0001477 0.0001337 0.00017145 0.0001586 0.0001209 0.00015285 0.0001311 0.00016995 0.0001656 0.0001234 0.000154 0.0001166 0.0001685 0.0001506 0.00015355 0.00013765 0.00017085
1 0.0001562 0.0001691 0.000152 0.00016155 0.0001027 0.00014355 0.0001276 0.00013805 0.000118 0.0001394 9.76e-05 8.53e-05 0.0001416 0.000118 0.00010935 0.00012315 0.0001574 0.0001588 0.0001328 0.0001363 0.0001387 0.0001606 0.00015765 0.00015755 0.00015905 0.000143 0.00016185 0.00016275 0.0001231 0.00015985 0.0001027 0.00016215 0.0001617 0.00013875 0.0001403 0.0001454 0.00014205 0.0001608 0.0001613 0.00015905 0.0001451 0.00010685 0.0001428 0.0001599 0.00016175 0.00011935 0.0001485 0.0001224 0.00012315 0.00012905
2 0.0001624 0.000152 0.0001826 0.00017645 0.00016045 0.00011905 0.0001408 0.00014555 0.00016025 0.00016685 0.00015725 0.0001284 0.0001494 0.00016025 0.000134 0.00014395 0.0001712 0.00016395 0.00014715 0.00015885 0.00017695 0.0001226 0.00016545 0.00016535 0.0001785 0.00016245 0.00016565 0.0001741 0.0001439 0.00016355 0.00013665 0.00016595 0.00015795 0.000177 0.0001835 0.00013995 0.0001574 0.00018325 0.00016555 0.0001785 0.00015745 0.0001461 0.00016385 0.00017825 0.000158 0.0001339 0.00017105 0.00016335 0.00014395 0.0001158
3 0.0001504 0.00016155 0.00017645 1.21e-05 0.0001518 0.0001692 0.00012775 0.0001604 0.000143 0.0001153 0.0001424 0.000169 0.00010495 0.000143 0.0001464 0.00012675 0.00011645 3.75e-05 0.00010175 0.00011 8.15e-05 0.000127 0.00011015 0.00011005 0.0001489 0.0001437 4.37e-05 6.15e-06 0.0001267 0.0001026 0.0001586 4.33e-05 8.06e-05 8.155e-05 0.00014435 0.00015225 6.765e-05 9.805e-05 0.00011055 0.0001489 0.00013195 0.00013395 0.00015135 2.205e-05 8.065e-05 0.00017655 0.0001062 0.00015755 0.00012675 0.0001518
4 0.00015155 0.0001027 0.00016045 0.0001518 0.0001292 0.0001231 0.00011315 0.0001437 8.395e-05 0.00013035 0.00010025 0.00013755 0.0001204 8.395e-05 0.0001345 0.00014205 0.0001593 0.00015125 0.00014335 0.0001552 0.00011115 0.0001662 0.0001502 0.0001501 0.0001652 0.0001354 0.0001475 0.0001518 0.000142 0.00014915 0.00011835 0.00014745 0.00014325 0.0001112 0.0001234 0.00014475 0.0001246 0.00016485 0.00016215 0.0001652 0.0001439 0.0001476 0.0001347 0.0001541 0.0001433 0.0001498 0.00012525 8.73e-05 0.00014205 0.0001206
5 0.00014855 0.00014355 0.00011905 0.0001692 0.0001231 0.0001796 0.00012915 0.00014045 0.00012805 0.00015415 0.0001479 0.00013085 0.0001265 0.00012805 0.00013205 0.00013125 0.00016875 0.000156 0.00014225 0.00014615 0.000151 0.00011745 0.00015645 0.00015635 0.000182 0.00015205 0.00014935 0.000167 0.0001312 0.0001465 0.0001267 0.0001493 0.00013175 0.00015105 0.0001602 0.00014445 0.00014405 0.00017875 0.0001711 0.000182 0.0001592 0.000146 0.0001529 0.0001708 0.0001318 0.00014115 0.00015405 0.00012655 0.00013125 0.0001372
6 0.00016445 0.0001276 0.0001408 0.00012775 0.00011315 0.00012915 9.68e-05 0.0001368 0.00010035 0.00015965 0.0001203 0.00010485 0.0001058 0.00010035 8.045e-05 0.00013635 0.00013005 0.00014215 0.00012695 0.00016155 0.0001389 0.00016825 0.00016325 0.00016315 0.0001665 0.00010905 0.0001439 0.0001255 0.0001363 0.0001583 8.61e-05 0.0001442 0.00016305 0.00013895 0.0001575 9.4e-05 8.695e-05 0.00016055 0.00015695 0.0001665 0.0001073 0.00012085 0.0001162 0.0001385 0.0001631 0.0001232 0.00015335 0.0001206 0.00013635 7.99e-05
7 0.00013875 0.00013805 0.00014555 0.0001604 0.0001437 0.00014045 0.0001368 0.0001528 0.00015025 0.0001359 0.00013915 0.00011775 0.00013645 0.00015025 0.00012645 0.0001287 0.00014915 0.00014325 0.0001199 0.00014495 0.00016705 0.0001364 0.00015205 0.00015195 0.00015115 0.00013555 0.0001535 0.0001662 0.00012865 0.00014235 0.00012165 0.0001531 0.00014015 0.0001671 0.00016175 0.00014735 0.0001494 0.00014345 0.00012655 0.00015115 0.00015185 0.0001302 0.00013235 0.00015735 0.0001402 0.000136 0.00016905 0.00014 0.0001287 0.0001347
8 0.00015315 0.000118 0.00016025 0.000143 8.395e-05 0.00012805 0.00010035 0.00015025 0.0001457 0.0001373 0.00011445 0.000138 0.00010755 7.285e-05 0.0001336 0.00014155 0.00016095 0.00014785 0.00014335 0.00015515 0.0001079 0.00016805 0.0001524 0.0001523 0.00016925 0.0001244 0.0001425 0.00014295 0.0001415 0.00015185 0.00011335 0.00014245 0.0001421 0.00010795 0.00012305 0.00014515 0.0001079 0.0001651 0.0001624 0.00016925 0.00014615 0.00014665 0.0001309 0.00014865 0.00014215 0.0001508 0.0001248 9.735e-05 0.00014155 0.0001121
9 0.00013755 0.0001394 0.00016685 0.0001153 0.00013035 0.00015415 0.00015965 0.0001359 0.0001373 0.0001652 0.0001363 0.00016265 0.00012795 0.0001373 0.00016235 0.0001323 0.0001516 0.0001018 0.00011925 0.0001263 0.0001212 0.00012345 0.000129 0.0001289 0.00015695 0.0001559 0.0001121 0.0001211 0.00013225 0.00011475 0.00015615 0.0001117 0.00010245 0.00012125 0.0001367 0.0001702 0.0001372 0.00012985 0.00014055 0.00015695 0.00016015 0.00015055 0.0001544 0.0001112 0.0001025 0.00016885 0.00011485 0.00011335 0.0001323 0.0001607
10 0.0001623 9.76e-05 0.00015725 0.0001424 0.00010025 0.0001479 0.0001203 0.00013915 0.00011445 0.0001363 0.0001595 0.00011545 0.0001427 0.00011445 0.00012105 0.00014325 0.0001551 0.0001527 0.00012065 0.0001564 0.0001293 0.0001683 0.00014835 0.00014825 0.00014655 0.0001409 0.0001571 0.00014395 0.0001432 0.0001545 0.0001179 0.0001574 0.000171 0.00012935 0.00012485 0.0001405 0.0001291 0.0001468 0.00015565 0.00014655 0.0001274 0.00010685 0.000144 0.00013505 0.00017105 0.00013365 0.00013945 0.00011595 0.00014325 0.0001264
11 0.0001566 8.53e-05 0.0001284 0.000169 0.00013755 0.00013085 0.00010485 0.00011775 0.000138 0.00016265 0.00011545 1.54e-05 0.00013065 0.000138 5.645e-05 8.41e-05 0.0001484 0.0001632 0.00011225 0.00010965 0.00017265 0.000153 0.0001675 0.0001674 0.0001649 0.00012805 0.00016485 0.00017 8.405e-05 0.0001629 5.7e-05 0.00016515 0.00016045 0.0001727 0.00016905 0.0001208 0.00013535 0.0001608 0.0001599 0.0001649 0.00014315 5.73e-05 0.0001309 0.00016815 0.0001605 6.87e-05 0.000173 0.00014055 8.41e-05 0.0001024
12 0.0001404 0.0001416 0.0001494 0.00010495 0.0001204 0.0001265 0.0001058 0.00013645 0.00010755 0.00012795 0.0001427 0.00013065 0.0001584 0.00010755 0.00013095 0.0001064 0.00014715 9.74e-05 0.00011285 0.00011145 0.0001204 0.00012595 0.0001265 0.0001264 0.0001726 0.0001254 9.2e-05 0.0001049 0.00010635 0.0001141 0.0001125 9.2e-05 7.92e-05 0.00012045 0.0001537 0.00014415 9.205e-05 0.0001433 0.0001422 0.0001726 0.00015395 0.0001346 0.0001316 0.00011 7.925e-05 0.0001438 0.00012855 0.00012855 0.0001064 0.00011445
13 0.00015315 0.000118 0.00016025 0.000143 8.395e-05 0.00012805 0.00010035 0.00015025 7.285e-05 0.0001373 0.00011445 0.000138 0.00010755 0.0001457 0.0001336 0.00014155 0.00016095 0.00014785 0.00014335 0.00015515 0.0001079 0.00016805 0.0001524 0.0001523 0.00016925 0.0001244 0.0001425 0.00014295 0.0001415 0.00015185 0.00011335 0.00014245 0.0001421 0.00010795 0.00012305 0.00014515 0.0001079 0.0001651 0.0001624 0.00016925 0.00014615 0.00014665 0.0001309 0.00014865 0.00014215 0.0001508 0.0001248 9.735e-05 0.00014155 0.0001121
14 0.0001613 0.00010935 0.000134 0.0001464 0.0001345 0.00013205 8.045e-05 0.00012645 0.0001336 0.00016235 0.00012105 5.645e-05 0.00013095 0.0001336 0.0001092 0.00010875 0.0001301 0.00015185 0.00011875 0.0001349 0.0001563 0.00015935 0.00016565 0.00016555 0.0001652 0.0001305 0.00015355 0.0001443 0.0001087 0.0001598 7.99e-05 0.0001535 0.00016285 0.00015635 0.000164 9.61e-05 0.0001216 0.0001599 0.00016 0.0001652 0.00011515 8.56e-05 0.0001337 0.00015105 0.0001629 9.245e-05 0.00016615 0.0001351 0.00010875 0.0001017
15 0.00013765 0.00012315 0.00014395 0.00012675 0.00014205 0.00013125 0.00013635 0.0001287 0.00014155 0.0001323 0.00014325 8.41e-05 0.0001064 0.00014155 0.00010875 0.0001614 0.00014805 0.00011025 0.0001071 8.58e-05 0.00013925 0.00011865 0.00012945 0.00012935 0.0001715 0.00014845 0.000104 0.0001273 8.07e-05 0.00011635 0.0001078 0.00010395 8.075e-05 0.0001393 0.00016035 0.0001462 0.0001296 0.0001445 0.00014585 0.0001715 0.00016035 0.0001008 0.00015 0.0001257 8.08e-05 0.00011525 0.0001415 0.00014495 8.075e-05 0.00013845
16 0.0001271 0.0001574 0.0001712 0.00011645 0.0001593 0.00016875 0.00013005 0.00014915 0.00016095 0.0001516 0.0001551 0.0001484 0.00014715 0.00016095 0.0001301 0.00014805 0.0001695 0.00012325 0.00013875 0.0001447 0.00014415 0.00015545 0.0001592 0.0001591 0.0001297 0.00011765 0.00013025 0.00011695 0.000148 0.0001515 0.00014895 0.0001302 0.0001436 0.0001442 0.0001437 0.00014195 0.00013375 0.0001096 0.0001412 0.0001297 0.00014255 0.0001404 0.00011515 0.00012575 0.00014365 0.000163 0.00015775 0.00016495 0.00014805 0.0001534
17 0.00013525 0.0001588 0.00016395 3.75e-05 0.00015125 0.000156 0.00014215 0.00014325 0.00014785 0.0001018 0.0001527 0.0001632 9.74e-05 0.00014785 0.00015185 0.00011025 0.00012325 7.49e-05 9.615e-05 9.35e-05 9.6e-05 9.875e-05 0.00010605 0.00010595 0.00015685 0.0001482 4.58e-05 3.755e-05 0.0001102 9.17e-05 0.00015665 4.54e-05 5.34e-05 9.605e-05 0.0001533 0.0001589 8.94e-05 0.00010665 0.00011705 0.00015685 0.0001498 0.0001412 0.00015075 4.79e-05 5.345e-05 0.00017195 0.0001152 0.0001591 0.00011025 0.0001563
18 0.0001442 0.0001328 0.00014715 0.00010175 0.00014335 0.00014225 0.00012695 0.0001199 0.00014335 0.00011925 0.00012065 0.00011225 0.00011285 0.00014335 0.00011875 0.0001071 0.00013875 9.615e-05 0.0001728 0.00011215 0.0001353 0.00011955 0.00012365 0.00012355 0.00014955 0.00013875 0.0001047 0.000106 0.00010705 0.0001145 0.00011995 0.00010465 0.00010345 0.00013535 0.0001484 0.0001402 0.00011405 0.00012105 0.0001351 0.00014955 0.0001382 9.855e-05 0.00014235 9.64e-05 0.0001035 0.00012925 0.0001393 0.000142 0.0001071 0.0001312
19 0.00013945 0.0001363 0.00015885 0.00011 0.0001552 0.00014615 0.00016155 0.00014495 0.00015515 0.0001263 0.0001564 0.00010965 0.00011145 0.00015515 0.0001349 8.58e-05 0.0001447 9.35e-05 0.00011215 0.0001279 0.00013105 0.00011175 0.0001215 0.00012145 0.0001726 0.0001625 8.725e-05 0.00011055 8.575e-05 0.00010945 0.00013425 8.72e-05 6.4e-05 0.0001311 0.00016115 0.0001687 0.00013465 0.00013675 0.0001403 0.0001726 0.0001726 0.0001127 0.00016365 0.00010895 6.4e-05 0.0001394 0.0001355 0.00016075 8.58e-05 0.0001653
20 0.00014765 0.0001387 0.00017695 8.15e-05 0.00011115 0.000151 0.0001389 0.00016705 0.0001079 0.0001212 0.0001293 0.00017265 0.0001204 0.0001079 0.0001563 0.00013925 0.00014415 9.6e-05 0.0001353 0.00013105 0.0001562 0.00014775 0.00012855 0.00012845 0.00016305 0.0001549 9.09e-05 7.82e-05 0.0001392 0.00012605 0.00016065 9.05e-05 0.00010295 7.815e-05 0.00011925 0.0001611 0.00010795 0.000138 0.00014245 0.00016305 0.00014655 0.0001556 0.000159 9.105e-05 0.000103 0.00017935 0.0001047 0.0001245 0.00013925 0.00015865
21 0.0001326 0.0001606 0.0001226 0.000127 0.0001662 0.00011745 0.00016825 0.0001364 0.00016805 0.00012345 0.0001683 0.000153 0.00012595 0.00016805 0.00015935 0.00011865 0.00015545 9.875e-05 0.00011955 0.00011175 0.00014775 0.0001389 0.00013055 0.00013045 0.0001729 0.0001683 0.00010555 0.00012815 0.0001186 0.0001158 0.0001599 0.0001055 8.3e-05 0.0001478 0.00017315 0.0001688 0.00014845 0.0001492 0.00015085 0.0001729 0.00017245 0.00015315 0.00016675 0.0001294 8.305e-05 0.0001625 0.00015375 0.0001715 0.00011865 0.00017285
22 0.00014595 0.00015765 0.00016545 0.00011015 0.0001502 0.00015645 0.00016325 0.00015205 0.0001524 0.000129 0.00014835 0.0001675 0.0001265 0.0001524 0.00016565 0.00012945 0.0001592 0.00010605 0.00012365 0.0001215 0.00012855 0.00013055 0.000185 9.25e-05 0.0001339 0.0001678 0.0001029 0.0001126 0.0001294 0.000113 0.0001673 0.0001025 9.255e-05 0.0001286 0.000146 0.00017215 0.00013645 0.0001358 0.00014555 0.0001339 0.0001293 0.0001482 0.00017185 0.0001045 9.255e-05 0.0001723 0.00013625 0.00015495 0.00012945 0.00016555
23 0.00014585 0.00015755 0.00016535 0.00011005 0.0001501 0.00015635 0.00016315 0.00015195 0.0001523 0.0001289 0.00014825 0.0001674 0.0001264 0.0001523 0.00016555 0.00012935 0.0001591 0.00010595 0.00012355 0.00012145 0.00012845 0.00013045 9.25e-05 0.0001848 0.0001338 0.0001677 0.0001028 0.0001125 0.0001293 0.0001129 0.0001672 0.0001024 9.245e-05 0.0001285 0.0001459 0.00017205 0.00013635 0.0001357 0.00014545 0.0001338 0.0001292 0.0001481 0.00017175 0.0001044 9.25e-05 0.0001722 0.00013615 0.00015485 0.00012935 0.00016545
24 0.0001311 0.00015905 0.0001785 0.0001489 0.0001652 0.000182 0.0001665 0.00015115 0.00016925 0.00015695 0.00014655 0.0001649 0.0001726 0.00016925 0.0001652 0.0001715 0.0001297 0.00015685 0.00014955 0.0001726 0.00016305 0.0001729 0.0001339 0.0001338 0.0001794 0.0001284 0.00016665 0.0001547 0.00017145 0.0001606 0.00016735 0.00016625 0.00017795 0.0001631 0.0001314 0.0001736 0.0001609 0.000112 0.00015145 8.97e-05 0.00012725 0.0001537 0.00012975 0.00014455 0.000178 0.00017375 0.00016865 0.0001661 0.0001715 0.000167
25 0.00012555 0.000143 0.00016245 0.0001437 0.0001354 0.00015205 0.00010905 0.00013555 0.0001244 0.0001559 0.0001409 0.00012805 0.0001254 0.0001244 0.0001305 0.00014845 0.00011765 0.0001482 0.00013875 0.0001625 0.0001549 0.0001683 0.0001678 0.0001677 0.0001284 0.000172 0.0001558 0.000147 0.0001484 0.0001617 0.00011255 0.00015575 0.00016465 0.00015495 0.0001391 0.0001456 0.0001165 0.0001195 0.0001481 0.0001284 0.0001519 0.0001401 8.95e-05 0.00015005 0.0001647 0.00014525 0.00016095 0.0001397 0.00014845 0.0001159
26 0.00013515 0.00016185 0.00016565 4.37e-05 0.0001475 0.00014935 0.0001439 0.0001535 0.0001425 0.0001121 0.0001571 0.00016485 9.2e-05 0.0001425 0.00015355 0.000104 0.00013025 4.58e-05 0.0001047 8.725e-05 9.09e-05 0.00010555 0.0001029 0.0001028 0.00016665 0.0001558 8.06e-05 4.04e-05 0.00010395 8.855e-05 0.00015935 4.03e-05 4.03e-05 9.095e-05 0.00015015 0.00016 9.2e-05 0.00011645 0.00012215 0.00016665 0.0001546 0.0001431 0.0001596 5.27e-05 4.035e-05 0.0001719 0.00010835 0.00015595 0.000104 0.00016055
27 0.0001531 0.00016275 0.0001741 6.15e-06 0.0001518 0.000167 0.0001255 0.0001662 0.00014295 0.0001211 0.00014395 0.00017 0.0001049 0.00014295 0.0001443 0.0001273 0.00011695 3.755e-05 0.000106 0.00011055 7.82e-05 0.00012815 0.0001126 0.0001125 0.0001547 0.000147 4.04e-05 2e-07 0.00012725 0.00010505 0.0001598 4e-05 7.995e-05 7.825e-05 0.0001468 0.0001491 6.495e-05 0.00010385 0.00011285 0.0001547 0.00013175 0.00013605 0.0001547 2.185e-05 8e-05 0.00017725 0.0001057 0.00016 0.0001273 0.00015165
28 0.0001376 0.0001231 0.0001439 0.0001267 0.000142 0.0001312 0.0001363 0.00012865 0.0001415 0.00013225 0.0001432 8.405e-05 0.00010635 0.0001415 0.0001087 8.07e-05 0.000148 0.0001102 0.00010705 8.575e-05 0.0001392 0.0001186 0.0001294 0.0001293 0.00017145 0.0001484 0.00010395 0.00012725 0.0001613 0.0001163 0.00010775 0.0001039 8.07e-05 0.00013925 0.0001603 0.00014615 0.00012955 0.00014445 0.0001458 0.00017145 0.0001603 0.00010075 0.00014995 0.00012565 8.075e-05 0.0001152 0.00014145 0.0001449 8.07e-05 0.0001384
29 0.00013085 0.00015985 0.00016355 0.0001026 0.00014915 0.0001465 0.0001583 0.00014235 0.00015185 0.00011475 0.0001545 0.0001629 0.0001141 0.00015185 0.0001598 0.00011635 0.0001515 9.17e-05 0.0001145 0.00010945 0.00012605 0.0001158 0.000113 0.0001129 0.0001606 0.0001617 8.855e-05 0.00010505 0.0001163 0.0001427 0.0001588 8.815e-05 7.14e-05 0.0001261 0.0001485 0.00016335 0.00013085 0.0001279 0.00013895 0.0001606 0.00015715 0.0001466 0.0001616 9.71e-05 7.145e-05 0.0001641 0.0001297 0.0001455 0.00011635 0.00016585
30 0.0001592 0.0001027 0.00013665 0.0001586 0.00011835 0.0001267 8.61e-05 0.00012165 0.00011335 0.00015615 0.0001179 5.7e-05 0.0001125 0.00011335 7.99e-05 0.0001078 0.00014895 0.00015665 0.00011995 0.00013425 0.00016065 0.0001599 0.0001673 0.0001672 0.00016735 0.00011255 0.00015935 0.0001598 0.00010775 0.0001588 0.0001118 0.00015965 0.00015965 0.0001607 0.0001658 0.00012075 0.0001125 0.00016005 0.0001557 0.00016735 0.00014235 8.95e-05 0.00010795 0.00016005 0.0001597 9.38e-05 0.00016285 0.000123 0.0001078 8.47e-05
31 0.00013475 0.00016215 0.00016595 4.33e-05 0.00014745 0.0001493 0.0001442 0.0001531 0.00014245 0.0001117 0.0001574 0.00016515 9.2e-05 0.00014245 0.0001535 0.00010395 0.0001302 4.54e-05 0.00010465 8.72e-05 9.05e-05 0.0001055 0.0001025 0.0001024 0.00016625 0.00015575 4.03e-05 4e-05 0.0001039 8.815e-05 0.00015965 7.98e-05 3.995e-05 9.055e-05 0.00014975 0.00015995 9.195e-05 0.00011605 0.0001221 0.00016625 0.0001542 0.0001434 0.00015955 5.23e-05 4e-05 0.0001722 0.0001083 0.00015555 0.00010395 0.00016085
32 0.00011655 0.0001617 0.00015795 8.06e-05 0.00014325 0.00013175 0.00016305 0.00014015 0.0001421 0.00010245 0.000171 0.00016045 7.92e-05 0.0001421 0.00016285 8.075e-05 0.0001436 5.34e-05 0.00010345 6.4e-05 0.00010295 8.3e-05 9.255e-05 9.245e-05 0.00017795 0.00016465 4.03e-05 7.995e-05 8.07e-05 7.14e-05 0.00015965 3.995e-05 1e-07 0.000103 0.00015285 0.00017095 0.0001191 0.0001284 0.0001315 0.00017795 0.0001768 0.0001509 0.00016455 8.29e-05 1e-07 0.0001673 0.00011105 0.00015125 8.075e-05 0.0001702
33 0.0001477 0.00013875 0.000177 8.155e-05 0.0001112 0.00015105 0.00013895 0.0001671 0.00010795 0.00012125 0.00012935 0.0001727 0.00012045 0.00010795 0.00015635 0.0001393 0.0001442 9.605e-05 0.00013535 0.0001311 7.815e-05 0.0001478 0.0001286 0.0001285 0.0001631 0.00015495 9.095e-05 7.825e-05 0.00013925 0.0001261 0.0001607 9.055e-05 0.000103 0.0001563 0.0001193 0.00016115 0.000108 0.00013805 0.0001425 0.0001631 0.0001466 0.00015565 0.00015905 9.11e-05 0.00010305 0.0001794 0.00010475 0.00012455 0.0001393 0.0001587
34 0.0001337 0.0001403 0.0001835 0.00014435 0.0001234 0.0001602 0.0001575 0.00016175 0.00012305 0.0001367 0.00012485 0.00016905 0.0001537 0.00012305 0.000164 0.00016035 0.0001437 0.0001533 0.0001484 0.00016115 0.00011925 0.00017315 0.000146 0.0001459 0.0001314 0.0001391 0.00015015 0.0001468 0.0001603 0.0001485 0.0001658 0.00014975 0.00015285 0.0001193 0.0001834 0.00016815 0.0001506 0.0001266 0.0001626 0.0001314 0.00014975 0.00015185 0.00014385 0.00013815 0.0001529 0.00017185 0.00013085 0.0001238 0.00016035 0.00016875
35 0.00017145 0.0001454 0.00013995 0.00015225 0.00014475 0.00014445 9.4e-05 0.00014735 0.00014515 0.0001702 0.0001405 0.0001208 0.00014415 0.00014515 9.61e-05 0.0001462 0.00014195 0.0001589 0.0001402 0.0001687 0.0001611 0.0001688 0.00017215 0.00017205 0.0001736 0.0001456 0.00016 0.0001491 0.00014615 0.00016335 0.00012075 0.00015995 0.00017095 0.00016115 0.00016815 0.0001416 0.00013315 0.00016935 0.00016285 0.0001736 0.000122 0.00013445 0.0001471 0.00015695 0.000171 9.615e-05 0.00016165 0.0001459 0.0001462 0.00011215
36 0.0001586 0.00014205 0.0001574 6.765e-05 0.0001246 0.00014405 8.695e-05 0.0001494 0.0001079 0.0001372 0.0001291 0.00013535 9.205e-05 0.0001079 0.0001216 0.0001296 0.00013375 8.94e-05 0.00011405 0.00013465 0.00010795 0.00014845 0.00013645 0.00013635 0.0001609 0.0001165 9.2e-05 6.495e-05 0.00012955 0.00013085 0.0001125 9.195e-05 0.0001191 0.000108 0.0001506 0.00013315 0.0001297 0.00013095 0.0001328 0.0001609 0.00013135 0.0001271 0.0001266 7.94e-05 0.00011915 0.0001487 0.0001258 0.00013285 0.0001296 0.0001051
37 0.0001209 0.0001608 0.00018325 9.805e-05 0.00016485 0.00017875 0.00016055 0.00014345 0.0001651 0.00012985 0.0001468 0.0001608 0.0001433 0.0001651 0.0001599 0.0001445 0.0001096 0.00010665 0.00012105 0.00013675 0.000138 0.0001492 0.0001358 0.0001357 0.000112 0.0001195 0.00011645 0.00010385 0.00014445 0.0001279 0.00016005 0.00011605 0.0001284 0.00013805 0.0001266 0.00016935 0.00013095 0.0001619 0.00012475 0.000112 0.0001525 0.0001368 0.00012025 9.25e-05 0.00012845 0.0001687 0.00014155 0.00015945 0.0001445 0.00016605
38 0.00015285 0.0001613 0.00016555 0.00011055 0.00016215 0.0001711 0.00015695 0.00012655 0.0001624 0.00014055 0.00015565 0.0001599 0.0001422 0.0001624 0.00016 0.00014585 0.0001412 0.00011705 0.0001351 0.0001403 0.00014245 0.00015085 0.00014555 0.00014545 0.00015145 0.0001481 0.00012215 0.00011285 0.0001458 0.00013895 0.0001557 0.0001221 0.0001315 0.0001425 0.0001626 0.00016285 0.0001328 0.00012475 0.0001885 0.00015145 0.00016075 0.0001469 0.0001474 0.0001095 0.00013155 0.00016195 0.000137 0.00016085 0.00014585 0.00015195
39 0.0001311 0.00015905 0.0001785 0.0001489 0.0001652 0.000182 0.0001665 0.00015115 0.00016925 0.00015695 0.00014655 0.0001649 0.0001726 0.00016925 0.0001652 0.0001715 0.0001297 0.00015685 0.00014955 0.0001726 0.00016305 0.0001729 0.0001339 0.0001338 8.97e-05 0.0001284 0.00016665 0.0001547 0.00017145 0.0001606 0.00016735 0.00016625 0.00017795 0.0001631 0.0001314 0.0001736 0.0001609 0.000112 0.00015145 0.0001794 0.00012725 0.0001537 0.00012975 0.00014455 0.000178 0.00017375 0.00016865 0.0001661 0.0001715 0.000167
40 0.00016995 0.0001451 0.00015745 0.00013195 0.0001439 0.0001592 0.0001073 0.00015185 0.00014615 0.00016015 0.0001274 0.00014315 0.00015395 0.00014615 0.00011515 0.00016035 0.00014255 0.0001498 0.0001382 0.0001726 0.00014655 0.00017245 0.0001293 0.0001292 0.00012725 0.0001519 0.0001546 0.00013175 0.0001603 0.00015715 0.00014235 0.0001542 0.0001768 0.0001466 0.00014975 0.000122 0.00013135 0.0001525 0.00016075 0.00012725 0.0001633 0.0001359 0.0001569 0.000132 0.00017685 0.00015315 0.000162 0.00014695 0.00016035 0.00013245
41 0.0001656 0.00010685 0.0001461 0.00013395 0.0001476 0.000146 0.00012085 0.0001302 0.00014665 0.00015055 0.00010685 5.73e-05 0.0001346 0.00014665 8.56e-05 0.0001008 0.0001404 0.0001412 9.855e-05 0.0001127 0.0001556 0.00015315 0.0001482 0.0001481 0.0001537 0.0001401 0.0001431 0.00013605 0.00010075 0.0001466 8.95e-05 0.0001434 0.0001509 0.00015565 0.00015185 0.00013445 0.0001271 0.0001368 0.0001469 0.0001537 0.0001359 0.0001013 0.00014525 0.00012385 0.00015095 9.66e-05 0.0001544 0.00014345 0.0001008 0.00012375
42 0.0001234 0.0001428 0.00016385 0.00015135 0.0001347 0.0001529 0.0001162 0.00013235 0.0001309 0.0001544 0.000144 0.0001309 0.0001316 0.0001309 0.0001337 0.00015 0.00011515 0.00015075 0.00014235 0.00016365 0.000159 0.00016675 0.00017185 0.00017175 0.00012975 8.95e-05 0.0001596 0.0001547 0.00014995 0.0001616 0.00010795 0.00015955 0.00016455 0.00015905 0.00014385 0.0001471 0.0001266 0.00012025 0.0001474 0.00012975 0.0001569 0.00014525 0.000161 0.00015745 0.0001646 0.00014745 0.00016495 0.0001406 0.00015 0.00011805
43 0.000154 0.0001599 0.00017825 2.205e-05 0.0001541 0.0001708 0.0001385 0.00015735 0.00014865 0.0001112 0.00013505 0.00016815 0.00011 0.00014865 0.00015105 0.0001257 0.00012575 4.79e-05 9.64e-05 0.00010895 9.105e-05 0.0001294 0.0001045 0.0001044 0.00014455 0.00015005 5.27e-05 2.185e-05 0.00012565 9.71e-05 0.00016005 5.23e-05 8.29e-05 9.11e-05 0.00013815 0.00015695 7.94e-05 9.25e-05 0.0001095 0.00014455 0.000132 0.00012385 0.00015745 4.35e-05 8.295e-05 0.0001722 0.00010645 0.00015265 0.0001257 0.0001553
44 0.0001166 0.00016175 0.000158 8.065e-05 0.0001433 0.0001318 0.0001631 0.0001402 0.00014215 0.0001025 0.00017105 0.0001605 7.925e-05 0.00014215 0.0001629 8.08e-05 0.00014365 5.345e-05 0.0001035 6.4e-05 0.000103 8.305e-05 9.255e-05 9.25e-05 0.000178 0.0001647 4.035e-05 8e-05 8.075e-05 7.145e-05 0.0001597 4e-05 1e-07 0.00010305 0.0001529 0.000171 0.00011915 0.00012845 0.00013155 0.000178 0.00017685 0.00015095 0.0001646 8.295e-05 2e-07 0.00016735 0.0001111 0.0001513 8.08e-05 0.00017025
45 0.0001685 0.00011935 0.0001339 0.00017655 0.0001498 0.00014115 0.0001232 0.000136 0.0001508 0.00016885 0.00013365 6.87e-05 0.0001438 0.0001508 9.245e-05 0.00011525 0.000163 0.00017195 0.00012925 0.0001394 0.00017935 0.0001625 0.0001723 0.0001722 0.00017375 0.00014525 0.0001719 0.00017725 0.0001152 0.0001641 9.38e-05 0.0001722 0.0001673 0.0001794 0.00017185 9.615e-05 0.0001487 0.0001687 0.00016195 0.00017375 0.00015315 9.66e-05 0.00014745 0.0001722 0.00016735 0.0001263 0.0001663 0.00014755 0.00011525 0.00011345
46 0.0001506 0.0001485 0.00017105 0.0001062 0.00012525 0.00015405 0.00015335 0.00016905 0.0001248 0.00011485 0.00013945 0.000173 0.00012855 0.0001248 0.00016615 0.0001415 0.00015775 0.0001152 0.0001393 0.0001355 0.0001047 0.00015375 0.00013625 0.00013615 0.00016865 0.00016095 0.00010835 0.0001057 0.00014145 0.0001297 0.00016285 0.0001083 0.00011105 0.00010475 0.00013085 0.00016165 0.0001258 0.00014155 0.000137 0.00016865 0.000162 0.0001544 0.00016495 0.00010645 0.0001111 0.0001663 0.0001744 0.0001152 0.0001415 0.0001563
47 0.00015355 0.0001224 0.00016335 0.00015755 8.73e-05 0.00012655 0.0001206 0.00014 9.735e-05 0.00011335 0.00011595 0.00014055 0.00012855 9.735e-05 0.0001351 0.00014495 0.00016495 0.0001591 0.000142 0.00016075 0.0001245 0.0001715 0.00015495 0.00015485 0.0001661 0.0001397 0.00015595 0.00016 0.0001449 0.0001455 0.000123 0.00015555 0.00015125 0.00012455 0.0001238 0.0001459 0.00013285 0.00015945 0.00016085 0.0001661 0.00014695 0.00014345 0.0001406 0.00015265 0.0001513 0.00014755 0.0001152 0.0001368 0.00014495 0.0001251
48 0.00013765 0.00012315 0.00014395 0.00012675 0.00014205 0.00013125 0.00013635 0.0001287 0.00014155 0.0001323 0.00014325 8.41e-05 0.0001064 0.00014155 0.00010875 8.075e-05 0.00014805 0.00011025 0.0001071 8.58e-05 0.00013925 0.00011865 0.00012945 0.00012935 0.0001715 0.00014845 0.000104 0.0001273 8.07e-05 0.00011635 0.0001078 0.00010395 8.075e-05 0.0001393 0.00016035 0.0001462 0.0001296 0.0001445 0.00014585 0.0001715 0.00016035 0.0001008 0.00015 0.0001257 8.08e-05 0.00011525 0.0001415 0.00014495 0.0001614 0.00013845
49 0.00017085 0.00012905 0.0001158 0.0001518 0.0001206 0.0001372 7.99e-05 0.0001347 0.0001121 0.0001607 0.0001264 0.0001024 0.00011445 0.0001121 0.0001017 0.00013845 0.0001534 0.0001563 0.0001312 0.0001653 0.00015865 0.00017285 0.00016555 0.00016545 0.000167 0.0001159 0.00016055 0.00015165 0.0001384 0.00016585 8.47e-05 0.00016085 0.0001702 0.0001587 0.00016875 0.00011215 0.0001051 0.00016605 0.00015195 0.000167 0.00013245 0.00012375 0.00011805 0.0001553 0.00017025 0.00011345 0.0001563 0.0001251 0.00013845 9.37e-05
