 slim_761990124 slim_761990140 slim_761990175 slim_761990139 slim_761990161 slim_761990128 slim_761990145 slim_761990149 slim_761990138 slim_761990173 slim_761990177 slim_761990123 slim_761990135 slim_761990132 slim_761990151 slim_761990131 slim_761990143 slim_761990133 slim_761990176 slim_761990126 slim_761990163 slim_761990157 slim_761990181 slim_761990137 slim_761990152 slim_761990179 slim_761990142 slim_761990178 slim_761990166 slim_761990174 slim_761990169 slim_761990164 slim_761990134 slim_761990160 slim_761990153 slim_761990122 slim_761990141 slim_761990171 slim_761990168 slim_761990144 slim_761990136 slim_761990125 slim_761990158 slim_761990121 slim_761990167 slim_761990127 slim_761990172 slim_761990129 slim_761990155 slim_761990180 slim_761990150 slim_761990156 slim_761990170 slim_761990159 slim_761990146 slim_761990148 slim_761990147 slim_761990162 slim_761990165 slim_761990154 slim_761990130
0 0.0001719 0.0001056 0.0001358 0.0001523 0.00018045 0.00016095 0.00011555 0.00016075 0.0001631 0.0001788 0.0001468 0.00018025 0.0001847 0.0001084 0.0001798 0.0001504 0.0001216 0.00014445 0.00014445 0.0001087 0.00017755 0.00014395 0.00015185 0.0001427 0.000143 0.00015045 0.00017145 0.0001803 0.0001519 0.0001427 0.00012225 0.00014435 0.00018065 0.00018115 0.0001084 0.0001806 0.00010875 0.00014875 0.0001545 0.00012445 0.0001221 0.0001329 0.0001342 0.0001816 0.0001412 0.00010725 0.00016245 0.00017215 0.00013275 0.0001156 0.00014255 0.00018295 0.0001694 0.0001437 0.00017115 0.00016075 0.0001675 0.00017395 0.000144 0.0001451 0.00016775
1 0.0001056 0.0001781 0.00014795 0.00013625 0.00017715 0.00017215 9.875e-05 0.00016445 0.0001626 0.0001774 0.0001418 0.0001821 0.00018485 0.0001103 0.00017735 0.00015015 0.0001225 0.0001468 0.0001468 0.00010655 0.0001774 0.00014825 0.00013155 0.00014425 0.0001405 0.0001502 0.0001831 0.00017855 0.00014715 0.00014425 0.00013475 0.00013825 0.00018005 0.00018335 0.0001103 0.00018 0.0001065 0.00014645 0.0001521 0.0001223 0.0001366 0.0001501 0.0001199 0.0001768 0.00011955 0.0001083 0.0001601 0.0001731 0.00014725 0.0001011 0.00014005 0.00018155 0.0001656 0.00014395 0.0001635 0.00016445 0.0001774 0.0001757 0.00014205 0.00014685 0.0001641
2 0.0001358 0.00014795 0.0001688 0.00018985 0.0001816 0.00015745 0.0001949 0.00014975 0.00016085 0.00017055 0.000192 0.00017915 0.0001786 8.445e-05 0.0001805 0.0001374 0.0001294 0.0001308 0.0001308 0.0001411 0.0001737 0.00013265 0.0001912 0.00012655 0.0001832 0.00013745 0.0001327 0.0001715 0.00018865 0.00012655 0.00016355 0.00018875 0.0001749 0.0001666 8.445e-05 0.00017485 0.00014105 0.00019765 0.0001779 0.0001539 0.0001196 0.00017785 0.0001666 0.00018205 0.00017735 0.0001481 0.00018575 0.00017115 0.00011515 0.0001452 0.0001382 0.00017705 0.0001724 0.00018635 0.00017515 0.00014975 0.00013105 0.00017545 0.00013215 0.00012025 0.0001605
3 0.0001523 0.00013625 0.00018985 0.0001977 0.00016985 0.00017585 0.0001121 0.00015285 0.00017475 0.00013835 0.00014915 0.00011965 0.00014205 0.0001814 0.0001582 0.00018455 0.0001525 0.0001401 0.0001401 0.000147 0.0001499 0.0001396 0.00013745 0.00014895 0.00011455 0.0001846 0.0001693 0.00013145 0.00014415 0.00014895 0.000144 0.00014415 0.0001296 0.0001455 0.0001814 0.00012955 0.00014695 0.00013215 0.00015405 0.00014635 0.00017985 0.00013635 0.00014405 0.0001796 0.0001273 0.0001403 0.00012665 0.0001409 0.0001838 0.0001396 0.00015485 0.0001372 0.00017045 0.00010575 0.0001684 0.00015285 0.00018995 0.0001321 0.0001786 0.0001868 0.0001361
4 0.00018045 0.00017715 0.0001816 0.00016985 0.0001822 0.00016035 0.00018275 0.0001747 0.0001641 0.0001411 0.00017475 0.00015215 0.0001545 0.00017545 0.0001347 0.0001695 0.00016395 0.00016805 0.00016805 0.00017995 0.00015935 0.00016705 0.0001524 0.00017375 0.00017825 0.00016955 0.00016555 0.000145 0.00015005 0.00017375 0.00016545 0.00015505 0.0001355 0.00016215 0.00017545 0.00013545 0.0001799 0.00018475 0.00013625 0.0001734 0.000164 0.00016565 0.0001781 0.000136 0.00016095 0.00017115 0.00017815 0.00016745 0.0001641 0.0001761 0.0001843 0.00013155 0.0001022 0.00017185 0.00016105 0.0001747 0.00013935 0.0001618 0.0001506 0.00016955 0.00015755
5 0.00016095 0.00017215 0.00015745 0.00017585 0.00016035 0.0001881 0.00017835 0.00017385 0.0001576 0.0001543 0.0001593 0.00017365 0.0001575 0.0001699 0.00014795 0.00017905 0.0001544 0.00017105 0.00017105 0.00017365 0.0001475 0.00017195 0.00015015 0.0001707 0.00017445 0.0001791 0.0001599 0.0001487 0.00015015 0.0001707 0.0001612 0.00014905 0.00015475 0.00016805 0.0001699 0.0001547 0.0001736 0.00018885 0.0001714 0.00016175 0.0001397 0.0001652 0.00017775 0.0001231 0.0001731 0.0001727 0.000181 0.0001328 0.00014225 0.00017545 0.00016205 0.0001621 0.00016875 0.0001744 0.0001684 0.00017385 0.0001564 0.0001332 0.00014535 0.0001669 0.0001692
6 0.00011555 9.875e-05 0.0001949 0.0001121 0.00018275 0.00017835 5.53e-05 0.00019195 0.00017645 0.0001851 0.00010605 0.00019075 0.00019355 0.0001909 0.0001808 0.00018955 0.0001594 0.0001936 0.0001936 0.00010925 0.0001892 0.00019505 0.00010215 0.0001923 0.00011065 0.0001896 0.0001919 0.0001882 0.00011095 0.0001923 0.00011785 0.00010205 0.0001865 0.000196 0.0001909 0.00018645 0.0001093 9.59e-05 0.00014815 0.000108 0.0001811 0.0001219 0.00010895 0.0001803 0.0001023 0.0001111 0.00013425 0.00018155 0.00019175 0.0001107 0.0001132 0.00018935 0.0001789 0.00011655 0.0001675 0.00019195 0.0001896 0.0001829 0.00018365 0.0001933 0.0001853
7 0.00016075 0.00016445 0.00014975 0.00015285 0.0001747 0.00017385 0.00019195 0.0001607 0.00017575 0.00012495 0.0001847 0.00013155 0.0001365 0.0001129 0.0001635 0.0001426 0.00013025 0.00011075 0.00011075 0.00015235 0.0001281 0.000112 0.0001848 9.665e-05 0.0001361 0.00014265 0.0001704 0.00013555 0.0001811 9.665e-05 0.0001669 0.0001821 0.00013915 0.00013755 0.0001129 0.0001391 0.0001523 0.0001781 0.0001623 0.00016585 0.00015555 0.00017085 0.0001386 0.0001735 0.00017165 0.00016165 0.00013755 0.00012725 0.0001461 0.0001561 0.00018925 0.00012615 0.0001599 0.00014765 0.0001699 8.04e-05 0.00018195 0.00014135 0.0001427 0.0001397 0.00011345
8 0.0001631 0.0001626 0.00016085 0.00017475 0.0001641 0.0001576 0.00017645 0.00017575 0.0002015 0.0001563 0.00016335 0.00015595 0.0001585 0.0001431 0.0001387 0.0001652 0.0001533 0.00015585 0.00015585 0.00016085 0.0001557 0.0001549 0.0001575 0.00016075 0.0001785 0.00016525 0.0001608 0.000156 0.00015215 0.00016075 0.00017625 0.0001563 0.0001515 0.00016815 0.0001431 0.00015145 0.0001608 0.00018335 0.00016475 0.00014605 0.0001477 0.00016355 0.0001769 0.00013515 0.0001746 0.00015375 0.00017985 0.0001779 0.0001471 0.0001609 0.00017635 0.00016785 0.00016805 0.0001745 0.00013465 0.00017575 0.00017465 0.00017305 0.0001386 0.0001554 0.00017345
9 0.0001788 0.0001774 0.00017055 0.00013835 0.0001411 0.0001543 0.0001851 0.00012495 0.0001563 0.0001694 0.00017125 0.00011335 0.00011155 0.00015975 0.00012145 0.00016635 0.00013905 0.00012625 0.00012625 0.00017365 0.00011335 0.00012555 0.00014645 0.00012225 0.00013615 0.0001664 0.0001575 9.635e-05 0.0001423 0.00012225 0.0001586 0.0001482 8.88e-05 0.0001304 0.00015975 8.875e-05 0.0001736 0.0001733 0.0001622 0.00015775 0.0001524 0.00016105 0.00017445 0.00012265 0.0001563 0.00016915 0.0001371 0.00012755 0.00014685 0.000171 0.0001819 9.415e-05 0.0001634 0.0001392 0.0001598 0.000125 0.0001799 0.00013155 0.00013435 0.0001639 0.00010685
10 0.0001468 0.0001418 0.000192 0.00014915 0.00017475 0.0001593 0.00010605 0.0001847 0.00016335 0.00017125 0.0001822 0.00019145 0.00015975 0.00018975 0.0001603 0.0001658 0.00016295 0.000191 0.000191 0.00014045 0.0001475 0.0001914 0.000118 0.0001887 0.0001394 0.00016585 0.0001923 0.00017585 0.0001182 0.0001887 0.0001479 0.0001106 0.00017365 0.00018225 0.00018975 0.0001736 0.00014045 0.0001382 0.0001647 0.0001313 0.00017055 0.00015295 0.0001438 0.0001189 0.0001431 0.000142 0.0001538 0.000181 0.00017665 0.00014815 0.0001575 0.00018065 0.00017935 0.00014295 0.00016785 0.0001847 0.00018495 0.00018335 0.0001599 0.000181 0.000184
11 0.00018025 0.0001821 0.00017915 0.00011965 0.00015215 0.00017365 0.00019075 0.00013155 0.00015595 0.00011335 0.00019145 9.72e-05 0.0001145 0.00016785 0.0001135 0.0001802 0.0001527 0.0001082 0.0001082 0.0001798 0.0001362 0.00010635 0.00018455 0.0001253 0.00013725 0.00018025 0.00011945 9.77e-05 0.0001732 0.0001253 0.00017265 0.00018495 9.635e-05 0.00011965 0.00016785 9.63e-05 0.00017975 0.0001641 0.00014735 0.00017765 0.0001762 0.0001198 0.0001855 0.00018195 0.00017245 0.0001645 0.00013645 0.0001236 0.00017345 0.00017735 0.00019 9.98e-05 0.0001672 0.00011665 0.0001635 0.00013155 0.00018885 0.00010655 0.00017305 0.0001793 0.0001185
12 0.0001847 0.00018485 0.0001786 0.00014205 0.0001545 0.0001575 0.00019355 0.0001365 0.0001585 0.00011155 0.00015975 0.0001145 0.000179 0.00016505 0.00013315 0.0001537 0.0001451 0.00012725 0.00012725 0.0001793 0.00010635 0.00012565 0.0001607 0.0001358 0.00015005 0.00015375 0.0001657 0.00010475 0.0001524 0.0001358 0.0001775 0.0001601 0.0001031 0.00013215 0.00016505 0.00010305 0.00017925 0.000179 0.00017325 0.0001669 0.00015885 0.00016855 0.00018045 0.000117 0.00017585 0.0001721 0.0001486 0.0001419 0.00015385 0.0001781 0.00019275 0.00011555 0.000173 0.00013825 0.00017135 0.0001365 0.0001882 0.0001334 0.0001459 0.00016995 0.0001319
13 0.0001084 0.0001103 8.445e-05 0.0001814 0.00017545 0.0001699 0.0001909 0.0001129 0.0001431 0.00015975 0.00018975 0.00016785 0.00016505 1e-07 0.000175 8.965e-05 8.37e-05 8.175e-05 8.175e-05 9.89e-05 0.00016 8.38e-05 0.00018855 7.345e-05 0.00017225 8.97e-05 0.0001704 0.00016225 0.0001857 7.34e-05 0.0001572 0.00018765 0.00016815 0.00016965 1e-07 0.0001681 9.885e-05 0.00019265 0.0001679 0.00013325 9.685e-05 0.0001819 0.0001391 0.0001789 0.00016095 0.0001112 0.0001744 0.00016185 8.63e-05 0.00010165 0.00017635 0.0001638 0.0001568 0.0001778 0.00015795 0.0001129 0.00016935 0.0001702 8.89e-05 8.8e-05 0.00013475
14 0.0001798 0.00017735 0.0001805 0.0001582 0.0001347 0.00014795 0.0001808 0.0001635 0.0001387 0.00012145 0.0001603 0.0001135 0.00013315 0.000175 0.0001779 0.00018045 0.00015325 0.00015645 0.00015645 0.00017985 0.00013475 0.0001555 0.00013365 0.00016145 0.0001663 0.0001805 0.0001374 0.00012415 0.0001326 0.00016145 0.00016795 0.00013675 0.00011655 0.00015505 0.000175 0.0001165 0.0001798 0.00017515 0.00015265 0.00016535 0.00015815 0.0001372 0.0001787 0.00010245 0.00016435 0.00017275 0.00016775 0.00015985 0.00015755 0.00017565 0.00018135 0.00011845 0.00016955 0.00016035 0.0001473 0.0001635 0.0001831 0.0001549 0.00013195 0.0001736 0.00014915
15 0.0001504 0.00015015 0.0001374 0.00018455 0.0001695 0.00017905 0.00018955 0.0001426 0.0001652 0.00016635 0.0001658 0.0001802 0.0001537 8.965e-05 0.00018045 0.0001792 0.00013075 0.00013225 0.00013225 0.00014135 0.00015655 0.0001326 0.0001848 0.0001263 0.000178 8.965e-05 0.0001852 0.00017065 0.00018135 0.0001263 0.0001745 0.00018415 0.0001724 0.000174 8.965e-05 0.00017235 0.0001413 0.0001784 0.0001696 0.00015875 0.0001426 0.0001898 0.00015815 0.00016485 0.0001744 0.00014725 0.00017185 0.0001714 0.0001344 0.00014215 0.0001855 0.00016915 0.000156 0.00018155 0.00017245 0.0001426 0.0001743 0.0001774 0.0001325 0.0001314 0.00015885
16 0.0001216 0.0001225 0.0001294 0.0001525 0.00016395 0.0001544 0.0001594 0.00013025 0.0001533 0.00013905 0.00016295 0.0001527 0.0001451 8.37e-05 0.00015325 0.00013075 0.0001673 0.0001137 0.0001137 0.0001218 0.0001399 0.00011515 0.00015305 0.0001093 0.0001474 0.0001308 0.0001683 0.00013895 0.0001572 0.0001093 0.00015225 0.0001523 0.00014355 0.0001582 8.37e-05 0.0001435 0.0001218 0.00017145 0.00014975 0.00012825 0.00011425 0.00015925 0.0001434 0.0001467 0.0001544 0.00012895 0.00016125 0.0001527 0.0001143 0.00012385 0.0001669 0.0001457 0.00015565 0.0001482 0.0001725 0.00013025 0.00017315 0.00015715 0.0001142 0.0001282 0.00014125
17 0.00014445 0.0001468 0.0001308 0.0001401 0.00016805 0.00017105 0.0001936 0.00011075 0.00015585 0.00012625 0.000191 0.0001082 0.00012725 8.175e-05 0.00015645 0.00013225 0.0001137 0.0001634 8.17e-05 0.0001393 0.0001359 8.18e-05 0.00018835 8.76e-05 0.00014515 0.0001323 0.00015715 0.00011795 0.0001806 8.76e-05 0.00016115 0.00018745 0.00012045 0.0001324 8.175e-05 0.0001204 0.00013925 0.0001793 0.0001668 0.00015645 0.00013485 0.0001642 0.0001632 0.00018015 0.0001634 0.0001378 0.0001456 0.00013205 0.0001282 0.0001401 0.000185 0.000125 0.00016245 0.00013565 0.0001621 0.00011075 0.0001796 0.0001262 0.00012995 0.00013245 0.00011095
18 0.00014445 0.0001468 0.0001308 0.0001401 0.00016805 0.00017105 0.0001936 0.00011075 0.00015585 0.00012625 0.000191 0.0001082 0.00012725 8.175e-05 0.00015645 0.00013225 0.0001137 8.17e-05 0.0001634 0.0001393 0.0001359 8.18e-05 0.00018835 8.76e-05 0.00014515 0.0001323 0.00015715 0.00011795 0.0001806 8.76e-05 0.00016115 0.00018745 0.00012045 0.0001324 8.175e-05 0.0001204 0.00013925 0.0001793 0.0001668 0.00015645 0.00013485 0.0001642 0.0001632 0.00018015 0.0001634 0.0001378 0.0001456 0.00013205 0.0001282 0.0001401 0.000185 0.000125 0.00016245 0.00013565 0.0001621 0.00011075 0.0001796 0.0001262 0.00012995 0.00013245 0.00011095
19 0.0001087 0.00010655 0.0001411 0.000147 0.00017995 0.00017365 0.00010925 0.00015235 0.00016085 0.00017365 0.00014045 0.0001798 0.0001793 9.89e-05 0.00017985 0.00014135 0.0001218 0.0001393 0.0001393 0.0001977 0.00017345 0.00014075 0.00014705 0.00013395 0.0001339 0.0001414 0.00018145 0.0001776 0.00014425 0.00013395 0.0001355 0.00013935 0.0001791 0.0001831 9.89e-05 0.00017905 9.89e-05 0.00013785 0.0001564 0.0001154 0.0001397 0.0001478 0.0001249 0.00018045 0.0001346 0.00010605 0.0001478 0.00017085 0.00013975 0.0001079 0.0001514 0.0001778 0.0001676 0.0001402 0.0001661 0.00015235 0.0001782 0.00017625 0.00013935 0.0001427 0.00016205
20 0.00017755 0.0001774 0.0001737 0.0001499 0.00015935 0.0001475 0.0001892 0.0001281 0.0001557 0.00011335 0.0001475 0.0001362 0.00010635 0.00016 0.00013475 0.00015655 0.0001399 0.0001359 0.0001359 0.00017345 0.0001783 0.0001361 0.00014845 0.0001272 0.00014065 0.0001566 0.00017385 0.00012145 0.0001496 0.0001272 0.0001687 0.0001479 0.00012215 0.0001411 0.00016 0.0001221 0.0001734 0.00017915 0.00016495 0.00016235 0.00015385 0.00017425 0.0001748 9.915e-05 0.00016855 0.00017715 0.0001426 0.0001341 0.00015045 0.00017405 0.00018935 0.0001198 0.0001634 0.00014675 0.0001587 0.0001281 0.00018035 0.00014285 0.0001345 0.0001652 0.00012185
21 0.00014395 0.00014825 0.00013265 0.0001396 0.00016705 0.00017195 0.00019505 0.000112 0.0001549 0.00012555 0.0001914 0.00010635 0.00012565 8.38e-05 0.0001555 0.0001326 0.00011515 8.18e-05 8.18e-05 0.00014075 0.0001361 0.0001597 0.00018875 8.88e-05 0.0001458 0.00013265 0.00015705 0.00011805 0.00017965 8.885e-05 0.00016255 0.00018785 0.0001186 0.00013145 8.38e-05 0.00011855 0.0001407 0.00017965 0.00016745 0.0001579 0.0001341 0.0001637 0.00016465 0.0001801 0.0001648 0.00013595 0.000146 0.00013235 0.0001274 0.00013955 0.00018685 0.0001243 0.0001626 0.00013515 0.00016305 0.000112 0.00018035 0.00012535 0.00013095 0.00013345 0.00011215
22 0.00015185 0.00013155 0.0001912 0.00013745 0.0001524 0.00015015 0.00010215 0.0001848 0.0001575 0.00014645 0.000118 0.00018455 0.0001607 0.00018855 0.00013365 0.0001848 0.00015305 0.00018835 0.00018835 0.00014705 0.00014845 0.00018875 0.000173 0.0001851 0.0001436 0.00018485 0.00018725 0.0001579 0.00010355 0.0001851 0.0001393 9.595e-05 0.0001498 0.0001809 0.00018855 0.00014975 0.000147 0.0001432 0.00015935 0.00013405 0.0001618 0.00015375 0.00013725 0.0001001 0.0001192 0.00014855 0.00015795 0.00017715 0.0001679 0.00013785 0.0001462 0.00015585 0.0001728 0.00014945 0.0001522 0.0001848 0.0001842 0.00018045 0.0001375 0.0001811 0.00016675
23 0.0001427 0.00014425 0.00012655 0.00014895 0.00017375 0.0001707 0.0001923 9.665e-05 0.00016075 0.00012225 0.0001887 0.0001253 0.0001358 7.345e-05 0.00016145 0.0001263 0.0001093 8.76e-05 8.76e-05 0.00013395 0.0001272 8.88e-05 0.0001851 0.0001468 0.00013395 0.00012635 0.0001641 0.0001326 0.0001832 7.345e-05 0.00015725 0.0001842 0.0001365 0.000143 7.345e-05 0.00013645 0.0001339 0.0001767 0.00015775 0.0001524 0.0001344 0.0001697 0.0001579 0.000177 0.00015985 0.00014325 0.0001354 0.00012245 0.0001249 0.00013585 0.0001848 0.00012345 0.00015455 0.00014545 0.00015835 9.67e-05 0.00017675 0.0001366 0.00012375 0.00012885 9.865e-05
24 0.000143 0.0001405 0.0001832 0.00011455 0.00017825 0.00017445 0.00011065 0.0001361 0.0001785 0.00013615 0.0001394 0.00013725 0.00015005 0.00017225 0.0001663 0.000178 0.0001474 0.00014515 0.00014515 0.0001339 0.00014065 0.0001458 0.0001436 0.00013395 0.0001912 0.00017805 0.00017515 0.00014795 0.00014175 0.00013395 0.00013555 0.0001359 0.00014745 0.00015645 0.00017225 0.0001474 0.00013395 0.0001219 0.00014625 0.00013455 0.00017725 0.0001356 0.0001437 0.00017855 0.0001335 0.0001381 0.0001088 0.00013145 0.0001784 0.00014215 0.00015985 0.00013745 0.00016535 0.00010785 0.0001665 0.00013615 0.0001856 0.00014265 0.0001742 0.00018355 0.00012595
25 0.00015045 0.0001502 0.00013745 0.0001846 0.00016955 0.0001791 0.0001896 0.00014265 0.00016525 0.0001664 0.00016585 0.00018025 0.00015375 8.97e-05 0.0001805 8.965e-05 0.0001308 0.0001323 0.0001323 0.0001414 0.0001566 0.00013265 0.00018485 0.00012635 0.00017805 0.0001793 0.00018525 0.0001707 0.0001814 0.00012635 0.00017455 0.0001842 0.00017245 0.00017405 8.97e-05 0.0001724 0.00014135 0.00017845 0.00016965 0.0001588 0.00014265 0.00018985 0.0001582 0.0001649 0.00017445 0.0001473 0.0001719 0.00017145 0.00013445 0.0001422 0.00018555 0.0001692 0.00015605 0.0001816 0.0001725 0.00014265 0.00017435 0.00017745 0.00013255 0.00013145 0.0001589
26 0.00017145 0.0001831 0.0001327 0.0001693 0.00016555 0.0001599 0.0001919 0.0001704 0.0001608 0.0001575 0.0001923 0.00011945 0.0001657 0.0001704 0.0001374 0.0001852 0.0001683 0.00015715 0.00015715 0.00018145 0.00017385 0.00015705 0.00018725 0.0001641 0.00017515 0.00018525 0.0001897 0.00015115 0.0001811 0.0001641 0.0001749 0.0001861 0.00015065 0.0001537 0.0001704 0.0001506 0.0001814 0.0001823 0.0001583 0.00017495 0.0001608 0.0001333 0.00018875 0.0001837 0.00018625 0.00017465 0.00017645 0.00016255 0.00016025 0.0001823 0.00014305 0.0001517 0.000177 0.0001672 0.0001764 0.0001704 0.00014015 0.00015565 0.0001751 0.00016695 0.0001679
27 0.0001803 0.00017855 0.0001715 0.00013145 0.000145 0.0001487 0.0001882 0.00013555 0.000156 9.635e-05 0.00017585 9.77e-05 0.00010475 0.00016225 0.00012415 0.00017065 0.00013895 0.00011795 0.00011795 0.0001776 0.00012145 0.00011805 0.0001579 0.0001326 0.00014795 0.0001707 0.00015115 0.0001474 0.00014995 0.0001326 0.0001678 0.00015965 8.18e-05 0.0001208 0.00016225 8.175e-05 0.00017755 0.00017715 0.00017095 0.0001604 0.0001527 0.00015725 0.00017865 0.0001333 0.00016595 0.00016885 0.0001483 0.00013065 0.00014995 0.00017575 0.000182 0.00010335 0.00017095 0.0001304 0.00017115 0.00013555 0.0001834 0.00011605 0.00014435 0.0001651 0.00012285
28 0.0001519 0.00014715 0.00018865 0.00014415 0.00015005 0.00015015 0.00011095 0.0001811 0.00015215 0.0001423 0.0001182 0.0001732 0.0001524 0.0001857 0.0001326 0.00018135 0.0001572 0.0001806 0.0001806 0.00014425 0.0001496 0.00017965 0.00010355 0.0001832 0.00014175 0.0001814 0.0001811 0.00014995 0.0001887 0.0001832 0.00014105 9.85e-05 0.0001398 0.0001763 0.0001857 0.00013975 0.0001442 0.00013455 0.0001665 0.00013125 0.00016155 0.00014755 0.00014705 0.0001057 0.00013515 0.00013445 0.00014975 0.00017675 0.00016365 0.00014815 0.00015525 0.0001517 0.0001764 0.00014175 0.0001561 0.0001811 0.0001844 0.0001742 0.00014 0.0001814 0.0001692
29 0.0001427 0.00014425 0.00012655 0.00014895 0.00017375 0.0001707 0.0001923 9.665e-05 0.00016075 0.00012225 0.0001887 0.0001253 0.0001358 7.34e-05 0.00016145 0.0001263 0.0001093 8.76e-05 8.76e-05 0.00013395 0.0001272 8.885e-05 0.0001851 7.345e-05 0.00013395 0.00012635 0.0001641 0.0001326 0.0001832 0.0001468 0.00015725 0.0001842 0.0001365 0.000143 7.345e-05 0.00013645 0.0001339 0.0001767 0.00015775 0.0001524 0.0001344 0.0001697 0.0001579 0.000177 0.00015985 0.00014325 0.0001354 0.00012245 0.00012495 0.0001359 0.0001848 0.00012345 0.00015455 0.00014545 0.00015835 9.67e-05 0.00017675 0.0001366 0.00012375 0.00012885 9.865e-05
30 0.00012225 0.00013475 0.00016355 0.000144 0.00016545 0.0001612 0.00011785 0.0001669 0.00017625 0.0001586 0.0001479 0.00017265 0.0001775 0.0001572 0.00016795 0.0001745 0.00015225 0.00016115 0.00016115 0.0001355 0.0001687 0.00016255 0.0001393 0.00015725 0.00013555 0.00017455 0.0001749 0.0001678 0.00014105 0.00015725 0.0001905 0.0001348 0.0001626 0.00017555 0.0001572 0.00016255 0.00013555 0.00014685 0.00015705 0.0001415 0.00015715 0.00013765 0.0001496 0.00016835 0.00010895 0.0001388 0.0001496 0.0001599 0.00016245 0.0001413 0.0001458 0.0001599 0.0001682 0.0001401 0.00013715 0.0001669 0.00016905 0.00016385 0.00015645 0.0001716 0.00012625
31 0.00014435 0.00013825 0.00018875 0.00014415 0.00015505 0.00014905 0.00010205 0.0001821 0.0001563 0.0001482 0.0001106 0.00018495 0.0001601 0.00018765 0.00013675 0.00018415 0.0001523 0.00018745 0.00018745 0.00013935 0.0001479 0.00018785 9.595e-05 0.0001842 0.0001359 0.0001842 0.0001861 0.00015965 9.85e-05 0.0001842 0.0001348 0.0001818 0.00015155 0.0001812 0.00018765 0.0001515 0.0001393 0.0001355 0.00016065 0.00012635 0.0001596 0.00014755 0.00014215 0.00010225 0.0001289 0.00014085 0.00015025 0.00017725 0.0001657 0.0001446 0.00015135 0.0001576 0.00017555 0.00014175 0.000154 0.0001821 0.00018265 0.00018055 0.00013925 0.0001814 0.00016885
32 0.00018065 0.00018005 0.0001749 0.0001296 0.0001355 0.00015475 0.0001865 0.00013915 0.0001515 8.88e-05 0.00017365 9.635e-05 0.0001031 0.00016815 0.00011655 0.0001724 0.00014355 0.00012045 0.00012045 0.0001791 0.00012215 0.0001186 0.0001498 0.0001365 0.00014745 0.00017245 0.00015065 8.18e-05 0.0001398 0.0001365 0.0001626 0.00015155 0.0001456 0.0001199 0.00016815 7.28e-05 0.00017905 0.000176 0.00017135 0.0001619 0.00015295 0.00015565 0.00017985 0.0001259 0.00015995 0.0001638 0.0001474 0.00013725 0.0001502 0.0001753 0.0001822 9.58e-05 0.0001714 0.0001295 0.00016365 0.00013915 0.00018285 0.00012125 0.00014065 0.0001676 0.00011925
33 0.00018115 0.00018335 0.0001666 0.0001455 0.00016215 0.00016805 0.000196 0.00013755 0.00016815 0.0001304 0.00018225 0.00011965 0.00013215 0.00016965 0.00015505 0.000174 0.0001582 0.0001324 0.0001324 0.0001831 0.0001411 0.00013145 0.0001809 0.000143 0.00015645 0.00017405 0.0001537 0.0001208 0.0001763 0.000143 0.00017555 0.0001812 0.0001199 0.0001904 0.00016965 0.00011985 0.00018305 0.00018645 0.0001679 0.0001758 0.0001638 0.00016875 0.0001772 0.0001666 0.0001766 0.0001752 0.00015885 0.00014275 0.0001632 0.00018165 0.0001794 0.0001357 0.00016295 0.0001427 0.00017615 0.00013755 0.0001663 0.0001322 0.0001678 0.00013245 0.00013695
34 0.0001084 0.0001103 8.445e-05 0.0001814 0.00017545 0.0001699 0.0001909 0.0001129 0.0001431 0.00015975 0.00018975 0.00016785 0.00016505 1e-07 0.000175 8.965e-05 8.37e-05 8.175e-05 8.175e-05 9.89e-05 0.00016 8.38e-05 0.00018855 7.345e-05 0.00017225 8.97e-05 0.0001704 0.00016225 0.0001857 7.345e-05 0.0001572 0.00018765 0.00016815 0.00016965 1e-07 0.0001681 9.88e-05 0.00019265 0.0001679 0.00013325 9.685e-05 0.0001819 0.0001391 0.0001789 0.00016095 0.0001112 0.0001744 0.00016185 8.63e-05 0.00010165 0.00017635 0.0001638 0.0001568 0.0001778 0.00015795 0.0001129 0.00016935 0.0001702 8.89e-05 8.8e-05 0.00013475
35 0.0001806 0.00018 0.00017485 0.00012955 0.00013545 0.0001547 0.00018645 0.0001391 0.00015145 8.875e-05 0.0001736 9.63e-05 0.00010305 0.0001681 0.0001165 0.00017235 0.0001435 0.0001204 0.0001204 0.00017905 0.0001221 0.00011855 0.00014975 0.00013645 0.0001474 0.0001724 0.0001506 8.175e-05 0.00013975 0.00013645 0.00016255 0.0001515 7.28e-05 0.00011985 0.0001681 0.0001455 0.000179 0.00017595 0.0001713 0.00016185 0.0001529 0.0001556 0.0001798 0.00012585 0.0001599 0.00016375 0.00014735 0.0001372 0.00015015 0.00017525 0.00018215 9.575e-05 0.00017135 0.00012945 0.0001636 0.0001391 0.0001828 0.0001212 0.0001406 0.00016755 0.0001192
36 0.00010875 0.0001065 0.00014105 0.00014695 0.0001799 0.0001736 0.0001093 0.0001523 0.0001608 0.0001736 0.00014045 0.00017975 0.00017925 9.885e-05 0.0001798 0.0001413 0.0001218 0.00013925 0.00013925 9.89e-05 0.0001734 0.0001407 0.000147 0.0001339 0.00013395 0.00014135 0.0001814 0.00017755 0.0001442 0.0001339 0.00013555 0.0001393 0.00017905 0.00018305 9.88e-05 0.000179 0.0001976 0.0001378 0.00015645 0.00011545 0.00013965 0.00014785 0.00012485 0.0001804 0.00013455 0.000106 0.00014775 0.0001708 0.0001397 0.00010785 0.00015135 0.00017775 0.00016755 0.0001402 0.00016605 0.0001523 0.00017815 0.0001762 0.0001393 0.00014265 0.000162
37 0.00014875 0.00014645 0.00019765 0.00013215 0.00018475 0.00018885 9.59e-05 0.0001781 0.00018335 0.0001733 0.0001382 0.0001641 0.000179 0.00019265 0.00017515 0.0001784 0.00017145 0.0001793 0.0001793 0.00013785 0.00017915 0.00017965 0.0001432 0.0001767 0.0001219 0.00017845 0.0001823 0.00017715 0.00013455 0.0001767 0.00014685 0.0001355 0.000176 0.00018645 0.00019265 0.00017595 0.0001378 6.36e-05 0.0001576 0.0001382 0.0001948 0.00013225 0.0001468 0.00019045 0.0001447 0.00013695 9.63e-05 0.00017075 0.00019385 0.0001457 0.0001556 0.00017605 0.00016915 0.0001255 0.0001844 0.00017815 0.0001903 0.00017335 0.00019035 0.0001998 0.00017605
38 0.0001545 0.0001521 0.0001779 0.00015405 0.00013625 0.0001714 0.00014815 0.0001623 0.00016475 0.0001622 0.0001647 0.00014735 0.00017325 0.0001679 0.00015265 0.0001696 0.00014975 0.0001668 0.0001668 0.0001564 0.00016495 0.00016745 0.00015935 0.00015775 0.00014625 0.00016965 0.0001583 0.00017095 0.0001665 0.00015775 0.00015705 0.00016065 0.00017135 0.0001679 0.0001679 0.0001713 0.00015645 0.0001576 0.0001753 0.00015695 0.00017435 0.00013745 0.0001596 0.0001775 0.0001551 0.0001587 0.0001584 0.0001522 0.0001774 0.00015565 0.00016955 0.00016265 9.185e-05 0.00015305 0.00016155 0.0001623 0.00014125 0.0001613 0.0001721 0.000169 0.0001578
39 0.00012445 0.0001223 0.0001539 0.00014635 0.0001734 0.00016175 0.000108 0.00016585 0.00014605 0.00015775 0.0001313 0.00017765 0.0001669 0.00013325 0.00016535 0.00015875 0.00012825 0.00015645 0.00015645 0.0001154 0.00016235 0.0001579 0.00013405 0.0001524 0.00013455 0.0001588 0.00017495 0.0001604 0.00013125 0.0001524 0.0001415 0.00012635 0.0001619 0.0001758 0.00013325 0.00016185 0.00011545 0.0001382 0.00015695 0.0001952 0.0001421 0.00014505 0.0001365 0.0001557 0.0001406 0.0001218 0.00014925 0.0001726 0.00014295 0.00012445 0.0001464 0.00017015 0.00017235 0.00013955 0.0001751 0.00016585 0.0001762 0.0001767 0.00014415 0.0001526 0.00016995
40 0.0001221 0.0001366 0.0001196 0.00017985 0.000164 0.0001397 0.0001811 0.00015555 0.0001477 0.0001524 0.00017055 0.0001762 0.00015885 9.685e-05 0.00015815 0.0001426 0.00011425 0.00013485 0.00013485 0.0001397 0.00015385 0.0001341 0.0001618 0.0001344 0.00017725 0.00014265 0.0001608 0.0001527 0.00016155 0.0001344 0.00015715 0.0001596 0.00015295 0.0001638 9.685e-05 0.0001529 0.00013965 0.0001948 0.00017435 0.0001421 0.0001694 0.00016945 0.0001629 0.000139 0.0001707 0.0001373 0.0001858 0.0001738 9e-05 0.00014095 0.0001609 0.00016325 0.00017135 0.0001766 0.0001739 0.00015555 0.0001578 0.0001743 0.0001168 0.0001258 0.00016335
41 0.0001329 0.0001501 0.00017785 0.00013635 0.00016565 0.0001652 0.0001219 0.00017085 0.00016355 0.00016105 0.00015295 0.0001198 0.00016855 0.0001819 0.0001372 0.0001898 0.00015925 0.0001642 0.0001642 0.0001478 0.00017425 0.0001637 0.00015375 0.0001697 0.0001356 0.00018985 0.0001333 0.00015725 0.00014755 0.0001697 0.00013765 0.00014755 0.00015565 0.00016875 0.0001819 0.0001556 0.00014785 0.00013225 0.00013745 0.00014505 0.00016945 0.0001859 0.0001551 0.000185 0.00015415 0.0001412 0.00014825 0.000161 0.0001734 0.0001534 0.00015185 0.0001529 0.0001732 0.00012915 0.00017235 0.00017085 0.0001783 0.00015555 0.0001816 0.00018645 0.0001699
42 0.0001342 0.0001199 0.0001666 0.00014405 0.0001781 0.00017775 0.00010895 0.0001386 0.0001769 0.00017445 0.0001438 0.0001855 0.00018045 0.0001391 0.0001787 0.00015815 0.0001434 0.0001632 0.0001632 0.0001249 0.0001748 0.00016465 0.00013725 0.0001579 0.0001437 0.0001582 0.00018875 0.00017865 0.00014705 0.0001579 0.0001496 0.00014215 0.00017985 0.0001772 0.0001391 0.0001798 0.00012485 0.0001468 0.0001596 0.0001365 0.0001629 0.0001551 0.0002011 0.00017475 0.00013655 0.000132 0.0001575 0.0001754 0.00016295 0.00012125 0.00015055 0.0001786 0.00017005 0.00015 0.0001757 0.0001386 0.0001848 0.00018075 0.0001564 0.0001531 0.0001746
43 0.0001816 0.0001768 0.00018205 0.0001796 0.000136 0.0001231 0.0001803 0.0001735 0.00013515 0.00012265 0.0001189 0.00018195 0.000117 0.0001789 0.00010245 0.00016485 0.0001467 0.00018015 0.00018015 0.00018045 9.915e-05 0.0001801 0.0001001 0.000177 0.00017855 0.0001649 0.0001837 0.0001333 0.0001057 0.000177 0.00016835 0.00010225 0.0001259 0.0001666 0.0001789 0.00012585 0.0001804 0.00019045 0.0001775 0.0001557 0.000139 0.000185 0.00017475 4.51e-05 0.0001633 0.00018155 0.0001818 0.0001777 0.00014055 0.00017815 0.0001818 0.0001372 0.0001742 0.000181 0.00014555 0.0001735 0.00017885 0.0001809 0.00010075 0.00016535 0.00016205
44 0.0001412 0.00011955 0.00017735 0.0001273 0.00016095 0.0001731 0.0001023 0.00017165 0.0001746 0.0001563 0.0001431 0.00017245 0.00017585 0.00016095 0.00016435 0.0001744 0.0001544 0.0001634 0.0001634 0.0001346 0.00016855 0.0001648 0.0001192 0.00015985 0.0001335 0.00017445 0.00018625 0.00016595 0.00013515 0.00015985 0.00010895 0.0001289 0.00015995 0.0001766 0.00016095 0.0001599 0.00013455 0.0001447 0.0001551 0.0001406 0.0001707 0.00015415 0.00013655 0.0001633 0.000177 0.0001378 0.00014745 0.00016095 0.000176 0.0001261 0.00014495 0.0001576 0.00016435 0.00013965 0.00013025 0.00017165 0.0001795 0.00016455 0.0001553 0.00017415 0.0001236
45 0.00010725 0.0001083 0.0001481 0.0001403 0.00017115 0.0001727 0.0001111 0.00016165 0.00015375 0.00016915 0.000142 0.0001645 0.0001721 0.0001112 0.00017275 0.00014725 0.00012895 0.0001378 0.0001378 0.00010605 0.00017715 0.00013595 0.00014855 0.00014325 0.0001381 0.0001473 0.00017465 0.00016885 0.00013445 0.00014325 0.0001388 0.00014085 0.0001638 0.0001752 0.0001112 0.00016375 0.000106 0.00013695 0.0001587 0.0001218 0.0001373 0.0001412 0.000132 0.00018155 0.0001378 0.0001759 0.0001505 0.00017135 0.0001427 0.0001117 0.00015305 0.0001733 0.0001677 0.00013355 0.0001689 0.00016165 0.0001779 0.00016595 0.00014605 0.0001486 0.00016745
46 0.00016245 0.0001601 0.00018575 0.00012665 0.00017815 0.000181 0.00013425 0.00013755 0.00017985 0.0001371 0.0001538 0.00013645 0.0001486 0.0001744 0.00016775 0.00017185 0.00016125 0.0001456 0.0001456 0.0001478 0.0001426 0.000146 0.00015795 0.0001354 0.0001088 0.0001719 0.00017645 0.0001483 0.00014975 0.0001354 0.0001496 0.00015025 0.0001474 0.00015885 0.0001744 0.00014735 0.00014775 9.63e-05 0.0001584 0.00014925 0.0001858 0.00014825 0.0001575 0.0001818 0.00014745 0.0001505 0.0001925 0.00013535 0.00018115 0.0001557 0.0001721 0.00013765 0.00016475 0.00012 0.0001685 0.0001375 0.00018715 0.00014565 0.0001769 0.00018765 0.00012745
47 0.00017215 0.0001731 0.00017115 0.0001409 0.00016745 0.0001328 0.00018155 0.00012725 0.0001779 0.00012755 0.000181 0.0001236 0.0001419 0.00016185 0.00015985 0.0001714 0.0001527 0.00013205 0.00013205 0.00017085 0.0001341 0.00013235 0.00017715 0.00012245 0.00013145 0.00017145 0.00016255 0.00013065 0.00017675 0.00012245 0.0001599 0.00017725 0.00013725 0.00014275 0.00016185 0.0001372 0.0001708 0.00017075 0.0001522 0.0001726 0.0001738 0.000161 0.0001754 0.0001777 0.00016095 0.00017135 0.00013535 0.0001658 0.0001714 0.00017085 0.00018175 0.00012725 0.00015095 0.0001391 0.00016485 0.0001272 0.00017185 9.265e-05 0.0001683 0.00017255 0.00011275
48 0.00013275 0.00014725 0.00011515 0.0001838 0.0001641 0.00014225 0.00019175 0.0001461 0.0001471 0.00014685 0.00017665 0.00017345 0.00015385 8.63e-05 0.00015755 0.0001344 0.0001143 0.0001282 0.0001282 0.00013975 0.00015045 0.0001274 0.0001679 0.0001249 0.0001784 0.00013445 0.00016025 0.00014995 0.00016365 0.00012495 0.00016245 0.0001657 0.0001502 0.0001632 8.63e-05 0.00015015 0.0001397 0.00019385 0.0001774 0.00014295 9e-05 0.0001734 0.00016295 0.00014055 0.000176 0.0001427 0.00018115 0.0001714 0.0001691 0.00014095 0.00016705 0.0001577 0.00017055 0.00018055 0.00017465 0.0001461 0.0001601 0.0001747 0.0001123 0.0001213 0.00015915
49 0.0001156 0.0001011 0.0001452 0.0001396 0.0001761 0.00017545 0.0001107 0.0001561 0.0001609 0.000171 0.00014815 0.00017735 0.0001781 0.00010165 0.00017565 0.00014215 0.00012385 0.0001401 0.0001401 0.0001079 0.00017405 0.00013955 0.00013785 0.00013585 0.00014215 0.0001422 0.0001823 0.00017575 0.00014815 0.0001359 0.0001413 0.0001446 0.0001753 0.00018165 0.00010165 0.00017525 0.00010785 0.0001457 0.00015565 0.00012445 0.00014095 0.0001534 0.00012125 0.00017815 0.0001261 0.0001117 0.0001557 0.00017085 0.00014095 0.0002008 0.0001479 0.00017515 0.0001648 0.00014725 0.00016505 0.0001561 0.0001803 0.0001751 0.0001384 0.0001432 0.00016095
50 0.00014255 0.00014005 0.0001382 0.00015485 0.0001843 0.00016205 0.0001132 0.00018925 0.00017635 0.0001819 0.0001575 0.00019 0.00019275 0.00017635 0.00018135 0.0001855 0.0001669 0.000185 0.000185 0.0001514 0.00018935 0.00018685 0.0001462 0.0001848 0.00015985 0.00018555 0.00014305 0.000182 0.00015525 0.0001848 0.0001458 0.00015135 0.0001822 0.0001794 0.00017635 0.00018215 0.00015135 0.0001556 0.00016955 0.0001464 0.0001609 0.00015185 0.00015055 0.0001818 0.00014495 0.00015305 0.0001721 0.00018175 0.00016705 0.0001479 0.0001998 0.0001885 0.0001836 0.0001626 0.00017645 0.00018925 0.00014235 0.000182 0.00017635 0.00017075 0.00018365
51 0.00018295 0.00018155 0.00017705 0.0001372 0.00013155 0.0001621 0.00018935 0.00012615 0.00016785 9.415e-05 0.00018065 9.98e-05 0.00011555 0.0001638 0.00011845 0.00016915 0.0001457 0.000125 0.000125 0.0001778 0.0001198 0.0001243 0.00015585 0.00012345 0.00013745 0.0001692 0.0001517 0.00010335 0.0001517 0.00012345 0.0001599 0.0001576 9.58e-05 0.0001357 0.0001638 9.575e-05 0.00017775 0.00017605 0.00016265 0.00017015 0.00016325 0.0001529 0.0001786 0.0001372 0.0001576 0.0001733 0.00013765 0.00012725 0.0001577 0.00017515 0.0001885 0.0001661 0.00016485 0.00013805 0.00016025 0.0001262 0.0001851 0.0001288 0.00014365 0.0001745 0.0001052
52 0.0001694 0.0001656 0.0001724 0.00017045 0.0001022 0.00016875 0.0001789 0.0001599 0.00016805 0.0001634 0.00017935 0.0001672 0.000173 0.0001568 0.00016955 0.000156 0.00015565 0.00016245 0.00016245 0.0001676 0.0001634 0.0001626 0.0001728 0.00015455 0.00016535 0.00015605 0.000177 0.00017095 0.0001764 0.00015455 0.0001682 0.00017555 0.0001714 0.00016295 0.0001568 0.00017135 0.00016755 0.00016915 9.185e-05 0.00017235 0.00017135 0.0001732 0.00017005 0.0001742 0.00016435 0.0001677 0.00016475 0.00015095 0.00017055 0.0001648 0.0001836 0.00016485 5.39e-05 0.00017 0.000161 0.0001599 0.0001074 0.0001589 0.0001648 0.0001573 0.0001542
53 0.0001437 0.00014395 0.00018635 0.00010575 0.00017185 0.0001744 0.00011655 0.00014765 0.0001745 0.0001392 0.00014295 0.00011665 0.00013825 0.0001778 0.00016035 0.00018155 0.0001482 0.00013565 0.00013565 0.0001402 0.00014675 0.00013515 0.00014945 0.00014545 0.00010785 0.0001816 0.0001672 0.0001304 0.00014175 0.00014545 0.0001401 0.00014175 0.0001295 0.0001427 0.0001778 0.00012945 0.0001402 0.0001255 0.00015305 0.00013955 0.0001766 0.00012915 0.00015 0.000181 0.00013965 0.00013355 0.00012 0.0001391 0.00018055 0.00014725 0.0001626 0.00013805 0.00017 0.0001871 0.00017285 0.00014765 0.0001877 0.0001293 0.00017935 0.00018485 0.0001373
54 0.00017115 0.0001635 0.00017515 0.0001684 0.00016105 0.0001684 0.0001675 0.0001699 0.00013465 0.0001598 0.00016785 0.0001635 0.00017135 0.00015795 0.0001473 0.00017245 0.0001725 0.0001621 0.0001621 0.0001661 0.0001587 0.00016305 0.0001522 0.00015835 0.0001665 0.0001725 0.0001764 0.00017115 0.0001561 0.00015835 0.00013715 0.000154 0.00016365 0.00017615 0.00015795 0.0001636 0.00016605 0.0001844 0.00016155 0.0001751 0.0001739 0.00017235 0.0001757 0.00014555 0.00013025 0.0001689 0.0001685 0.00016485 0.00017465 0.00016505 0.00017645 0.00016025 0.000161 0.00017285 0.0001804 0.0001699 0.00017625 0.00016865 0.0001459 0.000172 0.00012445
55 0.00016075 0.00016445 0.00014975 0.00015285 0.0001747 0.00017385 0.00019195 8.04e-05 0.00017575 0.000125 0.0001847 0.00013155 0.0001365 0.0001129 0.0001635 0.0001426 0.00013025 0.00011075 0.00011075 0.00015235 0.0001281 0.000112 0.0001848 9.67e-05 0.00013615 0.00014265 0.0001704 0.00013555 0.0001811 9.67e-05 0.0001669 0.0001821 0.00013915 0.00013755 0.0001129 0.0001391 0.0001523 0.00017815 0.0001623 0.00016585 0.00015555 0.00017085 0.0001386 0.0001735 0.00017165 0.00016165 0.0001375 0.0001272 0.0001461 0.0001561 0.00018925 0.0001262 0.0001599 0.00014765 0.0001699 0.0001607 0.00018195 0.00014135 0.0001427 0.0001397 0.0001134
56 0.0001675 0.0001774 0.00013105 0.00018995 0.00013935 0.0001564 0.0001896 0.00018195 0.00017465 0.0001799 0.00018495 0.00018885 0.0001882 0.00016935 0.0001831 0.0001743 0.00017315 0.0001796 0.0001796 0.0001782 0.00018035 0.00018035 0.0001842 0.00017675 0.0001856 0.00017435 0.00014015 0.0001834 0.0001844 0.00017675 0.00016905 0.00018265 0.00018285 0.0001663 0.00016935 0.0001828 0.00017815 0.0001903 0.00014125 0.0001762 0.0001578 0.0001783 0.0001848 0.00017885 0.0001795 0.0001779 0.00018715 0.00017185 0.0001601 0.0001803 0.00014235 0.0001851 0.0001074 0.0001877 0.00017625 0.00018195 0.0001852 0.00017475 0.00017385 0.00015605 0.00017665
57 0.00017395 0.0001757 0.00017545 0.0001321 0.0001618 0.0001332 0.0001829 0.00014135 0.00017305 0.00013155 0.00018335 0.00010655 0.0001334 0.0001702 0.0001549 0.0001774 0.00015715 0.0001262 0.0001262 0.00017625 0.00014285 0.00012535 0.00018045 0.0001366 0.00014265 0.00017745 0.00015565 0.00011605 0.0001742 0.0001366 0.00016385 0.00018055 0.00012125 0.0001322 0.0001702 0.0001212 0.0001762 0.00017335 0.0001613 0.0001767 0.0001743 0.00015555 0.00018075 0.0001809 0.00016455 0.00016595 0.00014565 9.265e-05 0.0001747 0.0001751 0.000182 0.0001288 0.0001589 0.0001293 0.00016865 0.00014135 0.00017475 0.0001645 0.00017455 0.0001762 0.00012515
58 0.000144 0.00014205 0.00013215 0.0001786 0.0001506 0.00014535 0.00018365 0.0001427 0.0001386 0.00013435 0.0001599 0.00017305 0.0001459 8.89e-05 0.00013195 0.0001325 0.0001142 0.00012995 0.00012995 0.00013935 0.0001345 0.00013095 0.0001375 0.00012375 0.0001742 0.00013255 0.0001751 0.00014435 0.00014 0.00012375 0.00015645 0.00013925 0.00014065 0.0001678 8.89e-05 0.0001406 0.0001393 0.00019035 0.0001721 0.00014415 0.0001168 0.0001816 0.0001564 0.00010075 0.0001553 0.00014605 0.0001769 0.0001683 0.0001123 0.0001384 0.00017635 0.00014365 0.0001648 0.00017935 0.0001459 0.0001427 0.00017385 0.00017455 0.0001777 0.00012675 0.0001416
59 0.0001451 0.00014685 0.00012025 0.0001868 0.00016955 0.0001669 0.0001933 0.0001397 0.0001554 0.0001639 0.000181 0.0001793 0.00016995 8.8e-05 0.0001736 0.0001314 0.0001282 0.00013245 0.00013245 0.0001427 0.0001652 0.00013345 0.0001811 0.00012885 0.00018355 0.00013145 0.00016695 0.0001651 0.0001814 0.00012885 0.0001716 0.0001814 0.0001676 0.00013245 8.8e-05 0.00016755 0.00014265 0.0001998 0.000169 0.0001526 0.0001258 0.00018645 0.0001531 0.00016535 0.00017415 0.0001486 0.00018765 0.00017255 0.0001213 0.0001432 0.00017075 0.0001745 0.0001573 0.00018485 0.000172 0.0001397 0.00015605 0.0001762 0.00012675 0.0001759 0.00016075
60 0.00016775 0.0001641 0.0001605 0.0001361 0.00015755 0.0001692 0.0001853 0.00011345 0.00017345 0.00010685 0.000184 0.0001185 0.0001319 0.00013475 0.00014915 0.00015885 0.00014125 0.00011095 0.00011095 0.00016205 0.00012185 0.00011215 0.00016675 9.865e-05 0.00012595 0.0001589 0.0001679 0.00012285 0.0001692 9.865e-05 0.00012625 0.00016885 0.00011925 0.00013695 0.00013475 0.0001192 0.000162 0.00017605 0.0001578 0.00016995 0.00016335 0.0001699 0.0001746 0.00016205 0.0001236 0.00016745 0.00012745 0.00011275 0.00015915 0.00016095 0.00018365 0.0001052 0.0001542 0.0001373 0.00012445 0.0001134 0.00017665 0.00012515 0.0001416 0.00016075 0.0001248
