 slim_761975111 slim_761975161 slim_761975148 slim_761975122 slim_761975131 slim_761975144 slim_761975129 slim_761975167 slim_761975154 slim_761975153 slim_761975118 slim_761975120 slim_761975145 slim_761975124 slim_761975160 slim_761975135 slim_761975159 slim_761975163 slim_761975115 slim_761975149 slim_761975169 slim_761975112 slim_761975140 slim_761975130 slim_761975142 slim_761975141 slim_761975152 slim_761975168 slim_761975171 slim_761975176 slim_761975137 slim_761975155 slim_761975117 slim_761975166 slim_761975136 slim_761975150 slim_761975164 slim_761975123 slim_761975151 slim_761975162 slim_761975116 slim_761975156 slim_761975132 slim_761975143 slim_761975125 slim_761975138 slim_761975121 slim_761975146 slim_761975173 slim_761975128 slim_761975113 slim_761975174 slim_761975158 slim_761975165 slim_761975157 slim_761975172 slim_761975126 slim_761975134 slim_761975147 slim_761975139 slim_761975127 slim_761975114 slim_761975175 slim_761975170 slim_761975133 slim_761975119
0 0.0001653 0.00013735 0.0001495 0.00015045 0.00015355 0.0001275 0.0001192 0.00014505 0.00017225 0.00012745 0.00016485 0.0001389 0.00011915 0.00014505 0.00016565 0.00014715 0.0001201 0.0001725 0.0001272 0.0001574 0.00013225 0.00015795 0.00013925 0.00015505 0.00013375 0.0001623 0.00015075 0.00015405 0.0001551 0.0001245 0.00011915 0.0001191 0.0001531 0.00015575 0.00014695 0.00013835 0.00015375 0.00012915 0.00012685 0.0001208 0.0001616 0.00015205 0.00015985 0.0001407 0.00014815 0.000153 0.0001445 0.00015375 0.0001192 0.00017 0.0001218 0.0001494 0.00014155 0.00016775 0.00013465 0.00016505 0.00015745 0.00013595 0.00015135 0.0001282 0.0001622 0.0001483 0.0001537 0.0001452 0.00013345 0.000155
1 0.00013735 0.0001731 0.00012535 0.00015405 0.00015675 0.00015585 0.0001463 0.00015925 0.00016465 0.00012765 0.00014465 0.00015275 0.00014625 0.00015925 0.0001581 0.00013405 0.00016045 0.00016075 0.0001624 0.00016175 0.00015555 0.00012475 0.00012015 0.0001351 0.00012805 0.00014795 0.000154 0.00015405 0.00013515 0.00012895 0.00012985 0.0001462 0.00016345 0.00015945 0.00014645 0.000127 0.00015325 0.0001277 0.0001621 0.0001298 0.00014625 0.00013855 0.0001535 0.00011925 0.0001493 0.00017075 0.00015935 0.00015295 0.0001463 0.00015995 0.0001639 0.00012525 0.0001472 0.00014745 0.00015605 0.0001557 0.00016745 0.0001268 0.0001459 0.00016315 0.000144 0.00013555 0.0001529 0.0001457 9.93e-05 0.0001512
2 0.0001495 0.00012535 0.0001498 0.0001734 0.00014885 0.0001414 0.00016335 0.000122 0.00015695 0.0001209 0.0001225 0.0001636 0.0001633 0.000122 0.00017225 0.0001687 0.00014375 0.000106 0.0001694 0.00012095 0.00016665 0.0001205 0.00015225 0.0001724 0.00012075 0.00015165 0.000152 0.0001215 0.00017245 0.00012165 0.0001563 0.00016325 0.00017435 0.0001222 0.0001706 0.0001685 0.0001207 0.0001204 0.00014655 0.0001585 0.0001692 0.0001725 0.0001562 0.00012495 0.00016795 0.00017015 0.00015855 0.0001204 0.00016335 0.0001331 0.00016525 7.49e-05 0.00017075 0.00015 0.0001666 0.00017955 0.00016235 0.0001662 0.0001396 0.0001528 0.00014975 0.0001286 0.0001204 0.0001718 0.0001203 0.00016655
3 0.00015045 0.00015405 0.0001734 0.0001809 0.00016435 0.0001626 0.0001644 0.0001789 0.0001817 0.00015995 0.0001761 0.00011595 0.00016435 0.0001789 0.0001833 0.0001142 0.00015925 0.00017245 0.00016375 0.00016245 0.0001439 0.0001557 0.00014225 0.00013755 0.0001589 0.0001614 0.00016865 0.00015655 0.0001376 0.00016025 0.00016475 0.0001643 0.00015925 0.00016095 0.00011585 0.00014575 0.0001575 0.0001573 0.00016075 0.00016945 0.000134 0.00013455 0.0001358 0.00013355 0.00013265 0.00016315 0.000123 0.0001575 0.00016435 0.0001772 0.00014685 0.0001733 0.00011585 0.00014575 0.00014125 0.0001385 0.000132 0.0001423 0.00016645 0.0001533 0.0001807 0.0001753 0.00015745 0.00010275 0.0001556 0.00011215
4 0.00015355 0.00015675 0.00014885 0.00016435 0.0001606 0.00012405 0.0001642 0.0001404 0.0001686 0.0001378 0.0001413 0.0001492 0.00016415 0.0001404 0.00016825 0.0001626 0.00016395 0.0001254 0.00015045 0.0001024 0.0001137 0.00013345 0.00011905 0.0001572 0.00014765 0.000116 0.0001283 0.00012585 0.00015725 0.0001504 0.0001499 0.0001641 0.0001302 0.0001441 0.0001423 0.00011255 0.0001244 0.00015105 0.00014825 0.00015205 0.00014065 0.00015435 0.00014245 0.00015805 0.0001464 0.00014645 0.00016755 0.00012435 0.0001642 0.00015115 0.00016545 0.00014875 0.00013785 0.0001699 0.0001275 0.0001588 0.0001683 0.0001224 0.0001411 0.0001638 0.00016695 0.0001543 0.0001243 0.00013655 0.0001602 0.0001601
5 0.0001275 0.00015585 0.0001414 0.0001626 0.00012405 0.0001677 0.0001229 0.0001122 0.00017165 0.00016145 0.0001407 0.0001531 0.00012285 0.0001122 0.0001728 0.00015555 0.0001208 0.00012925 0.00012945 0.000121 0.00016165 0.000141 0.00014545 0.0001681 0.0001601 0.0001455 0.0001685 0.00014265 0.00016815 0.0001622 0.0001665 0.0001228 0.0001693 0.00012845 0.0001738 0.0001632 0.00014135 0.00016295 0.00011125 0.00014815 0.0001672 0.000169 0.00016585 0.00016635 0.0001608 0.0001725 0.00014385 0.00014115 0.0001229 0.00015425 0.0001146 0.0001413 0.00016995 0.0001745 0.00016375 0.00017395 0.00015435 0.0001609 0.0001568 0.0001213 0.00016575 0.0001691 0.0001411 0.0001678 0.0001627 0.00015335
6 0.0001192 0.0001463 0.00016335 0.0001644 0.0001642 0.0001229 0.0001608 0.00014025 0.00017835 0.00015645 0.0001261 0.00016025 8.04e-05 0.00014025 0.00014395 0.000138 0.00012215 0.0001637 0.00012515 0.0001694 0.0001637 0.0001479 0.0001413 0.00012685 0.00016575 0.0001661 0.0001722 0.00017135 0.0001269 0.00015945 0.00011925 8.045e-05 0.0001697 0.0001562 0.00017495 0.00014345 0.0001703 0.0001618 0.00011795 0.00011345 0.00017445 0.0001285 0.00016705 0.00016925 0.00013475 0.0001769 0.0001505 0.0001701 8.05e-05 0.00016825 0.00011865 0.00016325 0.00017315 0.0001814 0.0001697 0.00017445 0.0001505 0.00014085 0.0001723 0.000126 0.00013065 0.00016245 0.00017005 0.0001729 0.0001395 0.0001613
7 0.00014505 0.00015925 0.000122 0.0001789 0.0001404 0.0001122 0.00014025 0.0001787 0.0001684 0.0001602 0.0001279 0.0001717 0.0001402 8.94e-05 0.0001769 0.0001732 0.0001313 0.00010995 0.00014525 0.0001162 0.00016775 0.00012795 0.00015055 0.0001725 0.00015885 0.0001483 0.00016755 0.0001306 0.00017255 0.00016095 0.0001713 0.00014015 0.0001731 0.0001285 0.0001776 0.00016835 0.00012925 0.0001617 0.00012215 0.00015445 0.0001687 0.00017205 0.0001694 0.0001628 0.00017165 0.00017575 0.00016785 0.0001291 0.00014025 0.0001461 0.0001221 0.00012195 0.00017375 0.00016905 0.00016985 0.0001768 0.0001706 0.00016605 0.00015585 0.0001158 0.00016405 0.00016555 0.0001291 0.00017295 0.0001605 0.000171
8 0.00017225 0.00016465 0.00015695 0.0001817 0.0001686 0.00017165 0.00017835 0.0001684 0.0001914 0.0001632 0.0001709 0.0001806 0.0001783 0.0001684 0.00016875 0.0001793 0.00015045 0.0001724 0.00015105 0.0001724 0.0001786 0.00017135 0.0001721 0.0001849 0.0001651 0.00014875 0.0001335 0.00017195 0.00018495 0.0001669 0.00017555 0.00017825 0.00015575 0.00014875 0.0001857 0.0001755 0.0001721 0.00016855 0.0001796 0.00017415 0.0001531 0.0001842 0.0001598 0.00016625 0.00017885 0.0001732 0.0001553 0.00017185 0.00017835 0.00014 0.0001753 0.00015685 0.0001857 0.00014065 0.0001846 0.000142 0.00015475 0.0001774 0.0001311 0.00017175 0.0001386 0.00014035 0.0001718 0.00018575 0.0001679 0.0001822
9 0.00012745 0.00012765 0.0001209 0.00015995 0.0001378 0.00016145 0.00015645 0.0001602 0.0001632 0.0001685 0.0001572 0.00013645 0.0001564 0.0001602 0.00016245 0.0001582 0.0001495 0.00015945 0.000154 0.0001493 9.58e-05 0.00015245 0.00013185 0.0001573 0.0001027 0.0001505 0.0001331 0.00013285 0.00015735 9.605e-05 0.000128 0.00015635 0.0001297 0.00015955 0.0001286 0.000128 0.00013215 9.55e-05 0.00015865 0.00013605 0.0001592 0.0001539 0.00014765 0.00012445 0.0001415 0.00013475 0.0001606 0.0001321 0.00015645 0.00015915 0.0001623 0.0001208 0.00012915 0.00016155 0.00010745 0.00016365 0.0001586 0.00011585 0.0001321 0.0001563 0.0001568 0.0001182 0.00013205 0.00014275 0.0001159 0.00016435
10 0.00016485 0.00014465 0.0001225 0.0001761 0.0001413 0.0001407 0.0001261 0.0001279 0.0001709 0.0001572 0.0001787 0.0001729 0.00012605 0.0001279 0.00014645 0.0001527 0.0001577 0.00010415 0.00017115 0.0001202 0.0001647 0.00010825 0.0001288 0.00012985 0.0001592 0.00014745 0.0001615 0.00013115 0.0001299 0.0001611 0.00012835 0.000126 0.00017515 0.00013275 0.0001723 0.0001452 0.00012985 0.00016265 0.0001405 0.0001365 0.0001691 0.00013145 0.00016335 0.00016055 0.00014135 0.000174 0.00017185 0.00012955 0.0001261 0.00013765 0.00016855 0.00012245 0.00017205 0.00016525 0.00017075 0.0001777 0.00016375 0.0001427 0.00015285 0.0001611 0.0001231 0.00016765 0.00012955 0.0001691 0.00014115 0.00016705
11 0.0001389 0.00015275 0.0001636 0.00011595 0.0001492 0.0001531 0.00016025 0.0001717 0.0001806 0.00013645 0.0001729 0.0001621 0.0001602 0.0001717 0.0001816 0.00013005 0.0001568 0.0001674 0.0001602 0.00014945 9.765e-05 0.0001595 0.000134 0.00015325 0.0001236 0.00016215 0.00015805 0.00012485 0.0001533 0.00012715 0.00015645 0.00016015 0.0001296 0.00015945 9.655e-05 0.00014295 0.00012455 0.0001201 0.00015475 0.0001598 0.00014875 0.00015025 0.00013125 0.0001442 0.0001329 0.00013175 0.00011955 0.00012455 0.0001602 0.0001735 0.0001441 0.0001635 0.0001022 0.0001605 8.165e-05 0.00015495 0.00014255 0.0001324 0.0001435 0.00015055 0.00017885 0.0001684 0.00012455 0.0001192 0.0001551 0.00012685
12 0.00011915 0.00014625 0.0001633 0.00016435 0.00016415 0.00012285 8.04e-05 0.0001402 0.0001783 0.0001564 0.00012605 0.0001602 0.0001607 0.0001402 0.0001439 0.00013795 0.0001221 0.00016365 0.0001251 0.00016935 0.00016365 0.00014785 0.00014125 0.0001268 0.0001657 0.00016605 0.00017215 0.0001713 0.00012685 0.0001594 0.0001192 8.04e-05 0.00016965 0.00015615 0.0001749 0.0001434 0.00017025 0.00016175 0.0001179 0.0001134 0.0001744 0.00012845 0.000167 0.0001692 0.0001347 0.00017685 0.00015045 0.00017005 8.045e-05 0.0001682 0.0001186 0.0001632 0.0001731 0.00018135 0.00016965 0.0001744 0.00015045 0.0001408 0.00017225 0.00012595 0.0001306 0.0001624 0.00017 0.00017285 0.00013945 0.00016125
13 0.00014505 0.00015925 0.000122 0.0001789 0.0001404 0.0001122 0.00014025 8.94e-05 0.0001684 0.0001602 0.0001279 0.0001717 0.0001402 0.0001787 0.0001769 0.0001732 0.0001313 0.00010995 0.00014525 0.0001162 0.00016775 0.00012795 0.00015055 0.0001725 0.00015885 0.0001483 0.00016755 0.0001306 0.00017255 0.00016095 0.0001713 0.00014015 0.0001731 0.0001285 0.0001776 0.00016835 0.00012925 0.0001617 0.00012215 0.00015445 0.0001687 0.00017205 0.0001694 0.0001628 0.00017165 0.00017575 0.00016785 0.0001291 0.00014025 0.0001461 0.0001221 0.00012195 0.00017375 0.00016905 0.00016985 0.0001768 0.0001706 0.00016605 0.00015585 0.0001158 0.00016405 0.00016555 0.0001291 0.00017295 0.0001605 0.000171
14 0.00016565 0.0001581 0.00017225 0.0001833 0.00016825 0.0001728 0.00014395 0.0001769 0.00016875 0.00016245 0.00014645 0.0001816 0.0001439 0.0001769 0.0001781 0.00016395 0.000168 0.00017675 0.00016705 0.0001748 0.00016785 0.00016155 0.00015905 0.00015115 0.00017675 0.0001707 0.0001616 0.00017745 0.0001512 0.00016735 0.0001382 0.00014385 0.00017075 0.0001755 0.0001837 0.0001542 0.00017735 0.0001728 0.00017395 0.00012595 0.0001793 0.0001506 0.00017445 0.0001797 0.0001582 0.00013335 0.00017765 0.00017705 0.00014395 0.0001701 0.00017965 0.00017215 0.00018185 0.00016435 0.00017895 0.0001799 0.0001768 0.0001515 0.00016965 0.00017705 0.00013995 0.00016535 0.000177 0.00018195 0.0001571 0.00018365
15 0.00014715 0.00013405 0.0001687 0.0001142 0.0001626 0.00015555 0.000138 0.0001732 0.0001793 0.0001582 0.0001527 0.00013005 0.00013795 0.0001732 0.00016395 0.0001816 0.0001533 0.0001725 0.00015655 0.0001651 0.00014985 0.0001305 0.00011965 0.00013275 0.00016265 0.00015405 0.0001673 0.00016095 0.0001328 0.0001606 0.0001447 0.0001379 0.0001617 0.0001575 0.0001246 0.00012265 0.00016045 0.000159 0.0001576 0.0001476 0.0001557 0.0001365 0.00013945 0.000156 0.000115 0.00016865 0.00013115 0.00016025 0.00013795 0.0001772 0.00014355 0.0001686 0.0001442 0.0001647 0.0001509 0.00015455 0.0001298 0.00011985 0.00016735 0.00015025 0.00015745 0.00017005 0.0001602 0.00014305 0.00012915 0.00011235
16 0.0001201 0.00016045 0.00014375 0.00015925 0.00016395 0.0001208 0.00012215 0.0001313 0.00015045 0.0001495 0.0001577 0.0001568 0.0001221 0.0001313 0.000168 0.0001533 0.0001135 0.0001607 0.00012175 0.0001568 0.000163 0.0001544 0.0001622 0.0001727 0.0001588 0.00016585 0.0001616 0.0001577 0.00017275 0.00015385 0.00016865 0.00012205 0.0001698 0.00010915 0.00017605 0.00016165 0.0001572 0.0001558 0.0001248 0.00014955 0.00017695 0.00017295 0.00014955 0.00016155 0.0001622 0.00016915 0.00010075 0.00015685 0.0001221 0.0001696 0.00011755 0.00014365 0.00017255 0.0001669 0.00016985 0.0001563 0.00010855 0.00015985 0.00016455 0.0001091 0.0001668 0.0001563 0.0001568 0.0001729 0.0001531 0.00015615
17 0.0001725 0.00016075 0.000106 0.00017245 0.0001254 0.00012925 0.0001637 0.00010995 0.0001724 0.00015945 0.00010415 0.0001674 0.00016365 0.00010995 0.00017675 0.0001725 0.0001607 9.93e-05 0.0001764 7.635e-05 0.0001597 0.0001069 0.0001414 0.0001619 0.00015855 0.00013435 0.0001622 0.00010685 0.00016195 0.0001613 0.0001674 0.0001636 0.00017335 0.00011215 0.00016805 0.0001626 0.00010585 0.00016205 0.0001092 0.0001725 0.0001659 0.00016125 0.000165 0.00015915 0.00016525 0.000168 0.0001698 0.00010585 0.0001637 0.00010515 0.0001699 0.00010595 0.0001634 0.00016385 0.00016285 0.00017475 0.0001668 0.0001604 0.0001528 0.0001628 0.0001595 0.0001731 0.00010585 0.00015865 0.0001632 0.00014935
18 0.0001272 0.0001624 0.0001694 0.00016375 0.00015045 0.00012945 0.00012515 0.00014525 0.00015105 0.000154 0.00017115 0.0001602 0.0001251 0.00014525 0.00016705 0.00015655 0.00012175 0.0001764 0.0001713 0.0001729 0.00016065 0.0001697 0.0001652 0.0001703 0.0001712 0.000129 0.0001568 0.00017675 0.00017035 0.00016575 0.00016665 0.00012505 0.00012995 0.0001543 0.0001811 0.00014455 0.00017575 0.0001672 0.00013025 0.00014845 0.0001394 0.00017015 0.0001384 0.0001719 0.0001674 0.0001745 0.00014415 0.0001756 0.00012515 0.00018005 0.00012135 0.0001693 0.0001751 0.00018105 0.00017445 0.0001465 0.00015695 0.0001542 0.0001783 0.00012955 0.0001748 0.0001233 0.00017555 0.00017405 0.00016125 0.000163
19 0.0001574 0.00016175 0.00012095 0.00016245 0.0001024 0.000121 0.0001694 0.0001162 0.0001724 0.0001493 0.0001202 0.00014945 0.00016935 0.0001162 0.0001748 0.0001651 0.0001568 7.635e-05 0.0001729 0.000105 0.00012865 0.0001116 0.00012095 0.0001634 0.0001484 0.0001267 0.0001494 0.0001009 0.00016345 0.00015115 0.00015955 0.0001693 0.0001551 0.0001208 0.00014495 0.0001421 0.0001 0.0001519 0.00012545 0.00015725 0.0001556 0.00016015 0.0001544 0.00015695 0.0001539 0.00015145 0.00016555 9.99e-05 0.0001694 0.0001249 0.0001658 0.00012085 0.0001403 0.00016405 0.0001318 0.00016705 0.00016915 0.0001399 0.00014 0.0001574 0.0001687 0.00017575 9.985e-05 0.00013815 0.0001636 0.00014195
20 0.00013225 0.00015555 0.00016665 0.0001439 0.0001137 0.00016165 0.0001637 0.00016775 0.0001786 9.58e-05 0.0001647 9.765e-05 0.00016365 0.00016775 0.00016785 0.00014985 0.000163 0.0001597 0.00016065 0.00012865 5.09e-05 0.0001522 9.99e-05 0.0001507 9.865e-05 0.00014095 0.0001281 9.71e-05 0.00015075 9.92e-05 0.00013085 0.0001636 9.085e-05 0.0001672 7.2e-05 0.0001034 9.635e-05 9.595e-05 0.00015885 0.000136 0.0001485 0.00014395 0.00014805 0.00014865 0.0001209 9.4e-05 0.0001671 9.65e-05 0.0001637 0.00016945 0.0001642 0.00016655 7.57e-05 0.0001725 2.575e-05 0.0001551 0.00016105 8.155e-05 0.00011435 0.00016225 0.00017415 0.00016115 9.645e-05 0.0001102 0.0001519 0.0001524
21 0.00015795 0.00012475 0.0001205 0.0001557 0.00013345 0.000141 0.0001479 0.00012795 0.00017135 0.00015245 0.00010825 0.0001595 0.00014785 0.00012795 0.00016155 0.0001305 0.0001544 0.0001069 0.0001697 0.0001116 0.0001522 0.0001645 0.00010035 0.00013005 0.00015445 0.00013015 0.00015375 0.0001214 0.0001301 0.00015635 0.00014425 0.0001478 0.00016795 0.00012725 0.00014705 0.00011435 0.0001198 0.0001579 0.00014655 0.00014425 0.00014775 0.00013335 0.00014755 0.00014165 0.00014645 0.0001687 0.0001625 0.0001198 0.0001479 0.0001451 0.0001716 0.00012045 0.0001454 0.0001495 0.00015825 0.00015505 0.00016965 0.00011425 0.0001475 0.00016355 0.0001463 0.0001682 0.0001198 0.00013785 0.00012045 0.00014485
22 0.00013925 0.00012015 0.00015225 0.00014225 0.00011905 0.00014545 0.0001413 0.00015055 0.0001721 0.00013185 0.0001288 0.000134 0.00014125 0.00015055 0.00015905 0.00011965 0.0001622 0.0001414 0.0001652 0.00012095 9.99e-05 0.00010035 0.0001319 0.00011695 0.00013385 0.00012545 0.0001392 0.00012145 0.000117 0.0001357 0.00012085 0.0001412 0.00013825 0.0001524 0.00010735 8.64e-05 0.00011985 0.0001373 0.00015385 0.0001222 0.00013345 0.00011695 0.00014865 0.00013645 0.0001198 0.00014315 0.0001656 0.0001198 0.0001413 0.0001586 0.0001667 0.0001522 0.0001085 0.00015375 0.00010595 0.0001431 0.00016735 7.995e-05 0.00012655 0.000165 0.0001459 0.0001702 0.00011985 0.00011115 0.00011785 0.0001372
23 0.00015505 0.0001351 0.0001724 0.00013755 0.0001572 0.0001681 0.00012685 0.0001725 0.0001849 0.0001573 0.00012985 0.00015325 0.0001268 0.0001725 0.00015115 0.00013275 0.0001727 0.0001619 0.0001703 0.0001634 0.0001507 0.00013005 0.00011695 0.0001699 0.00016445 0.0001525 0.0001671 0.00016525 8.5e-05 0.00016135 0.0001134 0.00012675 0.00016445 0.000177 0.0001449 0.0001158 0.0001658 0.00016315 0.00015855 0.00013075 0.0001349 8.98e-05 0.0001472 0.00013325 0.00013455 0.0001703 0.00016425 0.00016555 0.00012685 0.000168 0.00017175 0.0001723 0.0001257 0.0001481 0.00015695 0.00013375 0.00016705 0.00011475 0.0001704 0.000171 0.00013615 0.00017105 0.0001655 0.00010075 0.0001275 0.000149
24 0.00013375 0.00012805 0.00012075 0.0001589 0.00014765 0.0001601 0.00016575 0.00015885 0.0001651 0.0001027 0.0001592 0.0001236 0.0001657 0.00015885 0.00017675 0.00016265 0.0001588 0.00015855 0.0001712 0.0001484 9.865e-05 0.00015445 0.00013385 0.00016445 0.0001688 0.0001604 0.00014395 0.00011775 0.0001645 9.265e-05 0.00013765 0.00016565 0.00013255 0.00016155 0.0001152 0.0001485 0.00011685 8.87e-05 0.00016505 0.0001453 0.0001578 0.00016105 0.00016 0.0001185 0.00014595 0.00013175 0.00016505 0.0001168 0.00016575 0.00015815 0.00016425 0.00012065 0.00011845 0.00015795 8.44e-05 0.0001708 0.00016305 0.0001364 0.00011905 0.00015825 0.0001587 0.0001366 0.00011675 0.0001444 0.0001264 0.0001659
25 0.0001623 0.00014795 0.00015165 0.0001614 0.000116 0.0001455 0.0001661 0.0001483 0.00014875 0.0001505 0.00014745 0.00016215 0.00016605 0.0001483 0.0001707 0.00015405 0.00016585 0.00013435 0.000129 0.0001267 0.00014095 0.00013015 0.00012545 0.0001525 0.0001604 0.0001826 0.000143 0.0001432 0.0001525 0.00016315 0.00016165 0.000166 0.00012295 0.00014645 0.0001544 0.0001191 0.0001419 0.0001638 0.0001528 0.00016135 0.00011825 0.00015525 0.00013285 0.0001556 0.00016035 0.00016255 0.00016755 0.0001417 0.0001661 0.00015725 0.0001691 0.0001516 0.00014995 0.00016555 0.0001548 0.00013075 0.0001693 0.00012885 0.0001557 0.0001692 0.0001704 0.0001325 0.0001417 0.000143 0.00015215 0.0001515
26 0.00015075 0.000154 0.000152 0.00016865 0.0001283 0.0001685 0.0001722 0.00016755 0.0001335 0.0001331 0.0001615 0.00015805 0.00017215 0.00016755 0.0001616 0.0001673 0.0001616 0.0001622 0.0001568 0.0001494 0.0001281 0.00015375 0.0001392 0.0001671 0.00014395 0.000143 0.0001877 0.00014675 0.00016715 0.0001427 0.00014865 0.0001721 0.00014015 0.0001601 0.00015175 0.00012415 0.00014655 0.00014545 0.0001728 0.00015525 0.00014975 0.00016355 0.00014485 0.00015195 0.0001542 0.0001455 0.00016785 0.00014645 0.0001722 0.0001338 0.00017795 0.0001519 0.0001491 0.0001345 0.00014115 0.0001675 0.0001684 0.0001348 0.00011095 0.0001726 0.00013305 0.00014515 0.0001464 0.00015005 0.00015275 0.00017395
27 0.00015405 0.00015405 0.0001215 0.00015655 0.00012585 0.00014265 0.00017135 0.0001306 0.00017195 0.00013285 0.00013115 0.00012485 0.0001713 0.0001306 0.00017745 0.00016095 0.0001577 0.00010685 0.00017675 0.0001009 9.71e-05 0.0001214 0.00012145 0.00016525 0.00011775 0.0001432 0.00014675 0.0001693 0.0001653 0.00012425 0.000159 0.00017125 0.00013625 0.0001307 0.0001145 0.0001447 8.55e-05 0.0001208 0.00014695 0.00015925 0.00015825 0.000162 0.00015715 0.0001489 0.00014795 0.00012865 0.00016535 8.54e-05 0.00017135 0.00014275 0.00016765 0.00012145 0.00011665 0.00015945 8.555e-05 0.00017015 0.0001651 0.0001327 0.0001222 0.00015925 0.000167 0.000172 8.54e-05 0.0001373 0.0001568 0.00015465
28 0.0001551 0.00013515 0.00017245 0.0001376 0.00015725 0.00016815 0.0001269 0.00017255 0.00018495 0.00015735 0.0001299 0.0001533 0.00012685 0.00017255 0.0001512 0.0001328 0.00017275 0.00016195 0.00017035 0.00016345 0.00015075 0.0001301 0.000117 8.5e-05 0.0001645 0.0001525 0.00016715 0.0001653 0.00017 0.0001614 0.00011345 0.0001268 0.0001645 0.00017705 0.00014495 0.00011585 0.00016585 0.0001632 0.0001586 0.0001308 0.00013495 8.985e-05 0.00014725 0.0001333 0.0001346 0.00017035 0.0001643 0.0001656 0.0001269 0.00016805 0.0001718 0.00017235 0.00012575 0.0001481 0.000157 0.00013375 0.0001671 0.0001148 0.00017045 0.00017105 0.0001362 0.0001711 0.00016555 0.00010075 0.00012755 0.000149
29 0.0001245 0.00012895 0.00012165 0.00016025 0.0001504 0.0001622 0.00015945 0.00016095 0.0001669 9.605e-05 0.0001611 0.00012715 0.0001594 0.00016095 0.00016735 0.0001606 0.00015385 0.0001613 0.00016575 0.00015115 9.92e-05 0.00015635 0.0001357 0.00016135 9.265e-05 0.00016315 0.0001427 0.00012425 0.0001614 0.0001682 0.0001282 0.00015935 0.0001331 0.0001648 0.0001195 0.00014285 0.00012435 8.685e-05 0.0001596 0.00013905 0.0001631 0.00015795 0.0001588 0.0001238 0.0001439 0.000128 0.00016435 0.0001243 0.00015945 0.00015945 0.0001619 0.00012155 0.0001217 0.0001618 9.06e-05 0.00016905 0.00016235 0.00013075 0.00012805 0.0001559 0.00015915 0.00012995 0.0001243 0.0001447 0.0001189 0.0001647
30 0.00011915 0.00012985 0.0001563 0.00016475 0.0001499 0.0001665 0.00011925 0.0001713 0.00017555 0.000128 0.00012835 0.00015645 0.0001192 0.0001713 0.0001382 0.0001447 0.00016865 0.0001674 0.00016665 0.00015955 0.00013085 0.00014425 0.00012085 0.0001134 0.00013765 0.00016165 0.00014865 0.000159 0.00011345 0.0001282 0.0001506 0.0001192 0.00015365 0.0001794 0.00014405 0.00011855 0.00015865 0.00013365 0.0001583 0.00010535 0.00016125 0.00011135 0.00016315 0.00014275 0.0001233 0.0001533 0.00017655 0.0001586 0.00011925 0.0001619 0.00016845 0.0001562 0.00014225 0.00016885 0.0001372 0.00016615 0.00016775 0.00011595 0.0001523 0.00016745 0.0001227 0.0001508 0.00015855 0.0001447 0.00011935 0.0001691
31 0.0001191 0.0001462 0.00016325 0.0001643 0.0001641 0.0001228 8.045e-05 0.00014015 0.00017825 0.00015635 0.000126 0.00016015 8.04e-05 0.00014015 0.00014385 0.0001379 0.00012205 0.0001636 0.00012505 0.0001693 0.0001636 0.0001478 0.0001412 0.00012675 0.00016565 0.000166 0.0001721 0.00017125 0.0001268 0.00015935 0.0001192 0.0001606 0.0001696 0.0001561 0.00017485 0.00014335 0.0001702 0.0001617 0.00011785 0.00011335 0.00017435 0.0001285 0.00016695 0.00016915 0.00013465 0.0001768 0.0001504 0.00017 8.045e-05 0.00016815 0.00011855 0.00016315 0.00017305 0.0001813 0.0001696 0.00017435 0.0001504 0.00014075 0.0001722 0.0001259 0.0001306 0.00016235 0.00016995 0.0001728 0.0001394 0.0001612
32 0.0001531 0.00016345 0.00017435 0.00015925 0.0001302 0.0001693 0.0001697 0.0001731 0.00015575 0.0001297 0.00017515 0.0001296 0.00016965 0.0001731 0.00017075 0.0001617 0.0001698 0.00017335 0.00012995 0.0001551 9.085e-05 0.00016795 0.00013825 0.00016445 0.00013255 0.00012295 0.00014015 0.00013625 0.0001645 0.0001331 0.00015365 0.0001696 0.0001816 0.000175 0.00011985 0.0001234 0.00013565 0.00012985 0.0001679 0.0001549 0.0001284 0.00016055 0.0001349 0.0001625 0.0001485 0.00013015 0.00016935 0.00013565 0.0001697 0.00017765 0.00016655 0.00017425 0.000121 0.0001778 9.11e-05 0.00014085 0.00016825 0.00012335 0.0001482 0.0001664 0.0001793 0.00012965 0.0001356 0.00014365 0.00016225 0.0001646
33 0.00015575 0.00015945 0.0001222 0.00016095 0.0001441 0.00012845 0.0001562 0.0001285 0.00014875 0.00015955 0.00013275 0.00015945 0.00015615 0.0001285 0.0001755 0.0001575 0.00010915 0.00011215 0.0001543 0.0001208 0.0001672 0.00012725 0.0001524 0.000177 0.00016155 0.00014645 0.0001601 0.0001307 0.00017705 0.0001648 0.0001794 0.0001561 0.000175 0.0001714 0.0001766 0.0001661 0.00012975 0.00016595 0.00013535 0.00017375 0.00017135 0.0001775 0.00015855 0.00016215 0.0001705 0.0001733 0.0001157 0.0001295 0.0001562 0.0001462 0.00015385 0.00012215 0.00017465 0.0001638 0.0001741 0.0001588 0.0001271 0.0001644 0.0001543 0.0001538 0.0001669 0.00016735 0.0001295 0.0001718 0.00016355 0.0001514
34 0.00014695 0.00014645 0.0001706 0.00011585 0.0001423 0.0001738 0.00017495 0.0001776 0.0001857 0.0001286 0.0001723 9.655e-05 0.0001749 0.0001776 0.0001837 0.0001246 0.00017605 0.00016805 0.0001811 0.00014495 7.2e-05 0.00014705 0.00010735 0.0001449 0.0001152 0.0001544 0.00015175 0.0001145 0.00014495 0.0001195 0.00014405 0.00017485 0.00011985 0.0001766 0.0001104 0.00011835 0.0001143 0.0001124 0.00017085 0.0001504 0.00014285 0.00013815 0.0001458 0.0001398 0.0001176 0.0001202 0.00015745 0.00011445 0.00017495 0.00017575 0.00015835 0.0001705 7.975e-05 0.0001625 5.52e-05 0.00015085 0.00015035 0.00010525 0.0001345 0.0001564 0.0001797 0.00017645 0.0001144 0.00011115 0.00014525 0.00012605
35 0.00013835 0.000127 0.0001685 0.00014575 0.00011255 0.0001632 0.00014345 0.00016835 0.0001755 0.000128 0.0001452 0.00014295 0.0001434 0.00016835 0.0001542 0.00012265 0.00016165 0.0001626 0.00014455 0.0001421 0.0001034 0.00011435 8.64e-05 0.0001158 0.0001485 0.0001191 0.00012415 0.0001447 0.00011585 0.00014285 0.00011855 0.00014335 0.0001234 0.0001661 0.00011835 0.0001238 0.0001435 0.0001451 0.0001608 0.000125 0.00012655 0.0001158 0.00012755 0.000142 0.0001254 0.0001455 0.0001646 0.00014345 0.00014345 0.0001723 0.0001725 0.0001684 0.00011455 0.00016075 0.0001211 0.00013645 0.00017005 7.385e-05 0.00015115 0.0001708 0.0001548 0.000148 0.0001434 0.00011035 0.00011605 0.00014565
36 0.00015375 0.00015325 0.0001207 0.0001575 0.0001244 0.00014135 0.0001703 0.00012925 0.0001721 0.00013215 0.00012985 0.00012455 0.00017025 0.00012925 0.00017735 0.00016045 0.0001572 0.00010585 0.00017575 0.0001 9.635e-05 0.0001198 0.00011985 0.0001658 0.00011685 0.0001419 0.00014655 8.55e-05 0.00016585 0.00012435 0.00015865 0.0001702 0.00013565 0.00012975 0.0001143 0.0001435 0.0001681 0.00012045 0.0001465 0.0001581 0.0001583 0.00016235 0.00015685 0.000149 0.0001473 0.00012875 0.0001653 8.43e-05 0.0001703 0.00014315 0.0001671 0.00012065 0.00011745 0.0001609 8.535e-05 0.00017105 0.0001651 0.0001315 0.00012155 0.0001588 0.0001668 0.00017145 8.435e-05 0.0001393 0.0001562 0.00015475
37 0.00012915 0.0001277 0.0001204 0.0001573 0.00015105 0.00016295 0.0001618 0.0001617 0.00016855 9.55e-05 0.00016265 0.0001201 0.00016175 0.0001617 0.0001728 0.000159 0.0001558 0.00016205 0.0001672 0.0001519 9.595e-05 0.0001579 0.0001373 0.00016315 8.87e-05 0.0001638 0.00014545 0.0001208 0.0001632 8.685e-05 0.00013365 0.0001617 0.00012985 0.00016595 0.0001124 0.0001451 0.00012045 0.0001633 0.00016115 0.0001414 0.0001633 0.00015975 0.0001563 0.000124 0.0001423 0.0001279 0.00016235 0.0001204 0.0001618 0.0001607 0.0001604 0.0001203 0.000118 0.0001625 8.275e-05 0.00017045 0.00016035 0.000133 0.0001285 0.0001544 0.0001612 0.0001294 0.00012035 0.00014515 0.00011925 0.0001623
38 0.00012685 0.0001621 0.00014655 0.00016075 0.00014825 0.00011125 0.00011795 0.00012215 0.0001796 0.00015865 0.0001405 0.00015475 0.0001179 0.00012215 0.00017395 0.0001576 0.0001248 0.0001092 0.00013025 0.00012545 0.00015885 0.00014655 0.00015385 0.00015855 0.00016505 0.0001528 0.0001728 0.00014695 0.0001586 0.0001596 0.0001583 0.00011785 0.0001679 0.00013535 0.00017085 0.0001608 0.0001465 0.00016115 0.0001729 0.00014935 0.00017125 0.00015835 0.0001684 0.0001678 0.0001586 0.00017085 0.0001482 0.0001463 0.00011795 0.00013545 0.00011995 0.00014645 0.00016465 0.0001797 0.00016195 0.0001713 0.00015325 0.0001585 0.00017215 0.00012755 0.0001668 0.0001677 0.00014625 0.0001624 0.0001613 0.0001434
39 0.0001208 0.0001298 0.0001585 0.00016945 0.00015205 0.00014815 0.00011345 0.00015445 0.00017415 0.00013605 0.0001365 0.0001598 0.0001134 0.00015445 0.00012595 0.0001476 0.00014955 0.0001725 0.00014845 0.00015725 0.000136 0.00014425 0.0001222 0.00013075 0.0001453 0.00016135 0.00015525 0.00015925 0.0001308 0.00013905 0.00010535 0.00011335 0.0001549 0.00017375 0.0001504 0.000125 0.0001581 0.0001414 0.00014935 0.0001575 0.0001637 0.00012745 0.0001689 0.00015285 0.0001358 0.00015705 0.0001754 0.000158 0.00011345 0.00017165 0.0001547 0.0001584 0.00014945 0.00017165 0.00014195 0.00016925 0.0001765 0.00012175 0.00015465 0.0001537 0.0001356 0.00015495 0.00015795 0.00015565 0.00012765 0.0001714
40 0.0001616 0.00014625 0.0001692 0.000134 0.00014065 0.0001672 0.00017445 0.0001687 0.0001531 0.0001592 0.0001691 0.00014875 0.0001744 0.0001687 0.0001793 0.0001557 0.00017695 0.0001659 0.0001394 0.0001556 0.0001485 0.00014775 0.00013345 0.0001349 0.0001578 0.00011825 0.00014975 0.00015825 0.00013495 0.0001631 0.00016125 0.00017435 0.0001284 0.00017135 0.00014285 0.00012655 0.0001583 0.0001633 0.00017125 0.0001637 0.0001759 0.000131 0.00013005 0.0001253 0.00016585 0.0001674 0.0001622 0.0001583 0.00017445 0.00017145 0.0001738 0.0001691 0.00012045 0.0001396 0.00015295 0.00011345 0.0001788 0.0001378 0.0001563 0.00017365 0.0001745 0.0001391 0.00015825 0.000103 0.00015285 0.00015445
41 0.00015205 0.00013855 0.0001725 0.00013455 0.00015435 0.000169 0.0001285 0.00017205 0.0001842 0.0001539 0.00013145 0.00015025 0.00012845 0.00017205 0.0001506 0.0001365 0.00017295 0.00016125 0.00017015 0.00016015 0.00014395 0.00013335 0.00011695 8.98e-05 0.00016105 0.00015525 0.00016355 0.000162 8.985e-05 0.00015795 0.00011135 0.0001285 0.00016055 0.0001775 0.00013815 0.0001158 0.00016235 0.00015975 0.00015835 0.00012745 0.000131 0.0001754 0.00015055 0.00012985 0.00013255 0.0001663 0.00016475 0.0001623 0.00012855 0.00016725 0.00017155 0.0001724 0.00011895 0.00014745 0.0001502 0.0001366 0.00016855 0.00011475 0.00016685 0.00017055 0.0001373 0.0001705 0.00016225 0.00010075 0.00013085 0.00015275
42 0.00015985 0.0001535 0.0001562 0.0001358 0.00014245 0.00016585 0.00016705 0.0001694 0.0001598 0.00014765 0.00016335 0.00013125 0.000167 0.0001694 0.00017445 0.00013945 0.00014955 0.000165 0.0001384 0.0001544 0.00014805 0.00014755 0.00014865 0.0001472 0.00016 0.00013285 0.00014485 0.00015715 0.00014725 0.0001588 0.00016315 0.00016695 0.0001349 0.00015855 0.0001458 0.00012755 0.00015685 0.0001563 0.0001684 0.0001689 0.00013005 0.00015055 0.000178 0.000147 0.0001497 0.00016465 0.0001287 0.00015655 0.00016705 0.00017255 0.00016295 0.0001561 0.00014385 0.00015525 0.0001569 0.0001359 0.0001448 0.00013875 0.00016805 0.0001548 0.00017105 0.0001345 0.0001565 0.00013195 0.0001471 0.00013945
43 0.0001407 0.00011925 0.00012495 0.00013355 0.00015805 0.00016635 0.00016925 0.0001628 0.00016625 0.00012445 0.00016055 0.0001442 0.0001692 0.0001628 0.0001797 0.000156 0.00016155 0.00015915 0.0001719 0.00015695 0.00014865 0.00014165 0.00013645 0.00013325 0.0001185 0.0001556 0.00015195 0.0001489 0.0001333 0.0001238 0.00014275 0.00016915 0.0001625 0.00016215 0.0001398 0.000142 0.000149 0.000124 0.0001678 0.00015285 0.0001253 0.00012985 0.000147 0.0001769 0.00016265 0.0001655 0.0001541 0.00014895 0.00016925 0.00015955 0.00017195 0.00012485 0.0001185 0.00012725 0.00014855 0.0001386 0.0001698 0.00014115 0.0001437 0.00016595 0.00016085 0.0001383 0.0001489 0.00010265 0.00011675 0.00015575
44 0.00014815 0.0001493 0.00016795 0.00013265 0.0001464 0.0001608 0.00013475 0.00017165 0.00017885 0.0001415 0.00014135 0.0001329 0.0001347 0.00017165 0.0001582 0.000115 0.0001622 0.00016525 0.0001674 0.0001539 0.0001209 0.00014645 0.0001198 0.00013455 0.00014595 0.00016035 0.0001542 0.00014795 0.0001346 0.0001439 0.0001233 0.00013465 0.0001485 0.0001705 0.0001176 0.0001254 0.0001473 0.0001423 0.0001586 0.0001358 0.00016585 0.00013255 0.0001497 0.00016265 0.0001745 0.00015165 0.00015545 0.00014725 0.00013475 0.0001674 0.00015015 0.00016785 0.0001386 0.0001763 0.00012195 0.00016995 0.00012695 0.00012 0.00015165 0.00014915 0.0001434 0.0001691 0.0001472 0.000146 0.00014155 0.00013655
45 0.000153 0.00017075 0.00017015 0.00016315 0.00014645 0.0001725 0.0001769 0.00017575 0.0001732 0.00013475 0.000174 0.00013175 0.00017685 0.00017575 0.00013335 0.00016865 0.00016915 0.000168 0.0001745 0.00015145 9.4e-05 0.0001687 0.00014315 0.0001703 0.00013175 0.00016255 0.0001455 0.00012865 0.00017035 0.000128 0.0001533 0.0001768 0.00013015 0.0001733 0.0001202 0.0001455 0.00012875 0.0001279 0.00017085 0.00015705 0.0001674 0.0001663 0.00016465 0.0001655 0.00015165 0.0001729 0.00017285 0.0001287 0.0001769 0.0001669 0.0001773 0.00017005 0.00012175 0.0001623 8.805e-05 0.00017065 0.00016895 0.0001333 0.0001372 0.00017375 0.0001728 0.0001709 0.00012865 0.00014515 0.000168 0.0001683
46 0.0001445 0.00015935 0.00015855 0.000123 0.00016755 0.00014385 0.0001505 0.00016785 0.0001553 0.0001606 0.00017185 0.00011955 0.00015045 0.00016785 0.00017765 0.00013115 0.00010075 0.0001698 0.00014415 0.00016555 0.0001671 0.0001625 0.0001656 0.00016425 0.00016505 0.00016755 0.00016785 0.00016535 0.0001643 0.00016435 0.00017655 0.0001504 0.00016935 0.0001157 0.00015745 0.0001646 0.0001653 0.00016235 0.0001482 0.0001754 0.0001622 0.00016475 0.0001287 0.0001541 0.00015545 0.00017285 0.0001404 0.00016505 0.00015045 0.0001738 0.00013605 0.00015845 0.000158 0.0001576 0.000169 0.00014355 0.0001006 0.00016435 0.0001725 0.00014245 0.00017595 0.00016285 0.000165 0.00015075 0.00015965 0.00012755
47 0.00015375 0.00015295 0.0001204 0.0001575 0.00012435 0.00014115 0.0001701 0.0001291 0.00017185 0.0001321 0.00012955 0.00012455 0.00017005 0.0001291 0.00017705 0.00016025 0.00015685 0.00010585 0.0001756 9.99e-05 9.65e-05 0.0001198 0.0001198 0.00016555 0.0001168 0.0001417 0.00014645 8.54e-05 0.0001656 0.0001243 0.0001586 0.00017 0.00013565 0.0001295 0.00011445 0.00014345 8.43e-05 0.0001204 0.0001463 0.000158 0.0001583 0.0001623 0.00015655 0.00014895 0.00014725 0.0001287 0.00016505 0.0001684 0.0001701 0.00014285 0.00016705 0.00012035 0.0001176 0.0001606 8.55e-05 0.00017085 0.0001648 0.00013145 0.00012145 0.00015865 0.0001665 0.00017125 8.425e-05 0.00013925 0.00015595 0.00015455
48 0.0001192 0.0001463 0.00016335 0.00016435 0.0001642 0.0001229 8.05e-05 0.00014025 0.00017835 0.00015645 0.0001261 0.0001602 8.045e-05 0.00014025 0.00014395 0.00013795 0.0001221 0.0001637 0.00012515 0.0001694 0.0001637 0.0001479 0.0001413 0.00012685 0.00016575 0.0001661 0.0001722 0.00017135 0.0001269 0.00015945 0.00011925 8.045e-05 0.0001697 0.0001562 0.00017495 0.00014345 0.0001703 0.0001618 0.00011795 0.00011345 0.00017445 0.00012855 0.00016705 0.00016925 0.00013475 0.0001769 0.00015045 0.0001701 0.0001608 0.00016825 0.00011855 0.00016325 0.00017315 0.0001814 0.0001697 0.00017445 0.0001505 0.00014085 0.0001723 0.00012595 0.00013065 0.00016245 0.00017005 0.0001729 0.0001395 0.00016125
49 0.00017 0.00015995 0.0001331 0.0001772 0.00015115 0.00015425 0.00016825 0.0001461 0.00014 0.00015915 0.00013765 0.0001735 0.0001682 0.0001461 0.0001701 0.0001772 0.0001696 0.00010515 0.00018005 0.0001249 0.00016945 0.0001451 0.0001586 0.000168 0.00015815 0.00015725 0.0001338 0.00014275 0.00016805 0.00015945 0.0001619 0.00016815 0.00017765 0.0001462 0.00017575 0.0001723 0.00014315 0.0001607 0.00013545 0.00017165 0.00017145 0.00016725 0.00017255 0.00015955 0.0001674 0.0001669 0.0001738 0.00014285 0.00016825 0.0001892 0.00017465 0.000133 0.00017305 0.00013715 0.0001717 0.00018065 0.0001674 0.0001709 0.000125 0.0001705 0.0001273 0.00016735 0.0001428 0.0001701 0.00016275 0.00016305
50 0.0001218 0.0001639 0.00016525 0.00014685 0.00016545 0.0001146 0.00011865 0.0001221 0.0001753 0.0001623 0.00016855 0.0001441 0.0001186 0.0001221 0.00017965 0.00014355 0.00011755 0.0001699 0.00012135 0.0001658 0.0001642 0.0001716 0.0001667 0.00017175 0.00016425 0.0001691 0.00017795 0.00016765 0.0001718 0.0001619 0.00016845 0.00011855 0.00016655 0.00015385 0.00015835 0.0001725 0.0001671 0.0001604 0.00011995 0.0001547 0.0001738 0.00017155 0.00016295 0.00017195 0.00015015 0.0001773 0.00013605 0.00016705 0.00011855 0.00017465 0.0001439 0.00016515 0.0001702 0.00018135 0.00016255 0.0001738 0.00014035 0.00016865 0.0001736 8.05e-05 0.0001732 0.00016465 0.000167 0.0001737 0.000165 0.0001476
51 0.0001494 0.00012525 7.49e-05 0.0001733 0.00014875 0.0001413 0.00016325 0.00012195 0.00015685 0.0001208 0.00012245 0.0001635 0.0001632 0.00012195 0.00017215 0.0001686 0.00014365 0.00010595 0.0001693 0.00012085 0.00016655 0.00012045 0.0001522 0.0001723 0.00012065 0.0001516 0.0001519 0.00012145 0.00017235 0.00012155 0.0001562 0.00016315 0.00017425 0.00012215 0.0001705 0.0001684 0.00012065 0.0001203 0.00014645 0.0001584 0.0001691 0.0001724 0.0001561 0.00012485 0.00016785 0.00017005 0.00015845 0.00012035 0.00016325 0.000133 0.00016515 0.0001496 0.00017065 0.0001499 0.0001665 0.00017945 0.00016225 0.0001661 0.0001395 0.0001527 0.00014965 0.0001285 0.0001203 0.0001717 0.0001202 0.00016645
52 0.00014155 0.0001472 0.00017075 0.00011585 0.00013785 0.00016995 0.00017315 0.00017375 0.0001857 0.00012915 0.00017205 0.0001022 0.0001731 0.00017375 0.00018185 0.0001442 0.00017255 0.0001634 0.0001751 0.0001403 7.57e-05 0.0001454 0.0001085 0.0001257 0.00011845 0.00014995 0.0001491 0.00011665 0.00012575 0.0001217 0.00014225 0.00017305 0.000121 0.00017465 7.975e-05 0.00011455 0.00011745 0.000118 0.00016465 0.00014945 0.00012045 0.00011895 0.00014385 0.0001185 0.0001386 0.00012175 0.000158 0.0001176 0.00017315 0.00017305 0.0001702 0.00017065 0.0001282 0.0001432 6.41e-05 0.00012995 0.00016965 0.000104 0.0001359 0.00016825 0.0001814 0.00017445 0.00011755 7.095e-05 0.00014605 0.00014035
53 0.00016775 0.00014745 0.00015 0.00014575 0.0001699 0.0001745 0.0001814 0.00016905 0.00014065 0.00016155 0.00016525 0.0001605 0.00018135 0.00016905 0.00016435 0.0001647 0.0001669 0.00016385 0.00018105 0.00016405 0.0001725 0.0001495 0.00015375 0.0001481 0.00015795 0.00016555 0.0001345 0.00015945 0.0001481 0.0001618 0.00016885 0.0001813 0.0001778 0.0001638 0.0001625 0.00016075 0.0001609 0.0001625 0.0001797 0.00017165 0.0001396 0.00014745 0.00015525 0.00012725 0.0001763 0.0001623 0.0001576 0.0001606 0.0001814 0.00013715 0.00018135 0.0001499 0.0001432 0.0001901 0.00017395 0.00014995 0.00017275 0.0001608 0.0001266 0.0001744 0.0001387 0.00016685 0.00016055 0.00012255 0.0001512 0.0001644
54 0.00013465 0.00015605 0.0001666 0.00014125 0.0001275 0.00016375 0.0001697 0.00016985 0.0001846 0.00010745 0.00017075 8.165e-05 0.00016965 0.00016985 0.00017895 0.0001509 0.00016985 0.00016285 0.00017445 0.0001318 2.575e-05 0.00015825 0.00010595 0.00015695 8.44e-05 0.0001548 0.00014115 8.555e-05 0.000157 9.06e-05 0.0001372 0.0001696 9.11e-05 0.0001741 5.52e-05 0.0001211 8.535e-05 8.275e-05 0.00016195 0.00014195 0.00015295 0.0001502 0.0001569 0.00014855 0.00012195 8.805e-05 0.000169 8.55e-05 0.0001697 0.0001717 0.00016255 0.0001665 6.41e-05 0.00017395 0.0 0.0001622 0.00016295 9.93e-05 0.0001113 0.0001606 0.0001793 0.0001728 8.545e-05 0.00011275 0.00015575 0.00015055
55 0.00016505 0.0001557 0.00017955 0.0001385 0.0001588 0.00017395 0.00017445 0.0001768 0.000142 0.00016365 0.0001777 0.00015495 0.0001744 0.0001768 0.0001799 0.00015455 0.0001563 0.00017475 0.0001465 0.00016705 0.0001551 0.00015505 0.0001431 0.00013375 0.0001708 0.00013075 0.0001675 0.00017015 0.00013375 0.00016905 0.00016615 0.00017435 0.00014085 0.0001588 0.00015085 0.00013645 0.00017105 0.00017045 0.0001713 0.00016925 0.00011345 0.0001366 0.0001359 0.0001386 0.00016995 0.00017065 0.00014355 0.00017085 0.00017445 0.00018065 0.0001738 0.00017945 0.00012995 0.00014995 0.0001622 0.000184 0.00015725 0.000139 0.00017645 0.0001739 0.00018365 0.0001494 0.0001708 0.00010595 0.00015455 0.0001503
