 slim_761938885 slim_761938894 slim_761938911 slim_761938913 slim_761938933 slim_761938921 slim_761938892 slim_761938903 slim_761938898 slim_761938920 slim_761938928 slim_761938931 slim_761938922 slim_761938912 slim_761938919 slim_761938914 slim_761938904 slim_761938905 slim_761938906 slim_761938902 slim_761938916 slim_761938908 slim_761938917 slim_761938891 slim_761938918 slim_761938896 slim_761938935 slim_761938909 slim_761938883 slim_761938923 slim_761938889 slim_761938887 slim_761938882 slim_761938927 slim_761938907 slim_761938893 slim_761938926 slim_761938888 slim_761938910 slim_761938930 slim_761938884 slim_761938932 slim_761938934 slim_761938900 slim_761938915 slim_761938899 slim_761938895 slim_761938890 slim_761938897 slim_761938924 slim_761938925 slim_761938929 slim_761938901 slim_761938886
0 7.86e-05 0.00015835 0.00015965 7.09e-05 0.0001188 9.415e-05 7.965e-05 0.00015005 0.00011205 7.975e-05 0.0001556 0.00011325 0.0001114 0.00011385 9.76e-05 9.805e-05 6.08e-05 9.81e-05 0.00010495 0.00011135 0.00011505 9.995e-05 0.00010995 0.00016145 5.32e-05 0.0001575 0.0001546 0.00014365 0.00015355 6.3e-05 0.00014415 0.0001112 0.00011145 0.000156 9.705e-05 9.365e-05 0.0001093 6.295e-05 9.8e-05 9.95e-05 0.0001158 0.00016375 0.00016275 0.00015155 0.00014925 0.0001411 9.37e-05 0.00016215 9.95e-05 0.0001092 0.000115 8.915e-05 6.635e-05 6.63e-05
1 0.00015835 0.0001371 0.0001332 0.00016175 0.0001273 0.0001409 0.00013005 0.0001424 0.0001215 0.00014025 0.00012185 0.0001628 0.00016225 0.0001575 0.00015495 0.00012525 0.0001669 0.0001398 0.0001179 0.00014445 0.00013385 0.0001519 0.0001364 0.00013495 0.00016775 0.000123 0.00011815 0.00012795 0.0001143 0.00016555 0.0001313 0.00016225 0.00014455 0.00014375 0.00013105 0.00011855 0.00016165 0.0001655 0.0001493 0.0001535 0.0001171 9.94e-05 0.00010085 0.00015055 0.00012175 0.00013905 0.0001185 0.00013795 0.0001637 0.00013495 0.0001338 0.00014525 0.0001642 0.00016415
2 0.00015965 0.0001332 0.0001379 0.0001618 0.00015775 0.0001553 0.00013685 0.00015395 0.0001407 0.00013595 0.00011775 0.00016575 0.0001633 0.00015355 0.00011385 0.00015195 0.0001625 0.00015985 0.0001543 0.00016245 0.0001574 0.0001644 0.0001547 0.000152 0.0001631 9.995e-05 0.00014455 0.00012075 0.0001179 0.00016225 0.00014475 0.0001686 0.00016255 0.00016825 0.00011475 0.0001502 0.0001661 0.0001622 0.0001628 0.0001624 0.00014345 0.00015455 0.00010855 0.000105 9.22e-05 0.0001282 0.00015015 0.00011585 0.0001615 0.00015295 0.00015735 0.00015925 0.00016725 0.0001672
3 7.09e-05 0.00016175 0.0001618 2.13e-05 9.93e-05 7.465e-05 0.0001142 0.0001439 8.265e-05 0.00010615 0.0001543 9.72e-05 8.695e-05 0.00011595 0.00011075 8.615e-05 4.685e-05 0.00011015 0.000123 8.41e-05 8.915e-05 6.97e-05 9.86e-05 0.0001583 4.72e-05 0.00016095 0.00015085 0.0001416 0.000156 1.085e-05 0.0001489 9.695e-05 8.405e-05 0.00015845 0.0001166 0.0001103 8.65e-05 1.08e-05 0.00010875 0.00012095 8.81e-05 0.0001623 0.0001607 0.000152 0.0001198 0.00010995 0.00011025 0.0001634 0.0001129 6.77e-05 8.91e-05 7.83e-05 5.225e-05 5.22e-05
4 0.0001188 0.0001273 0.00015775 9.93e-05 0.0001752 0.00011815 0.00012935 0.0001186 0.00012315 0.00012865 0.00012885 0.00012765 0.00013185 0.0001277 0.00013825 0.00010735 0.0001135 0.0001075 0.00010355 0.00010155 9.445e-05 0.0001022 0.000114 0.00011795 0.00010285 0.0001481 0.0001026 0.00012745 0.00012155 9.58e-05 0.0001345 0.00012365 0.0001016 0.00013605 0.0001325 0.00013515 0.0001278 9.575e-05 0.0001153 0.00014365 9.9e-05 9.23e-05 0.0001166 0.0001438 0.00013145 0.00011745 0.0001351 0.0001387 0.00014295 9.85e-05 9.44e-05 0.00011765 9.16e-05 9.155e-05
5 9.415e-05 0.0001409 0.0001553 7.465e-05 0.00011815 0.0001408 0.0001279 0.0001523 9.815e-05 0.00010785 0.0001487 0.00011995 0.00011295 0.0001169 0.00011655 0.00011015 7.315e-05 0.00011315 0.0001329 0.0001136 0.0001138 0.0001085 0.00010355 0.0001574 7.94e-05 0.0001369 0.0001491 0.00014565 0.00014845 7.05e-05 0.0001142 0.0001205 0.0001136 0.0001552 0.00012885 0.0001013 0.0001134 7.045e-05 0.00011415 0.00013475 0.00011175 0.00015195 0.0001476 0.00015685 0.00012275 0.00012425 0.00010125 0.00016195 0.0001147 0.00010095 0.00011375 0.0001097 9.09e-05 9.085e-05
6 7.965e-05 0.00013005 0.00013685 0.0001142 0.00012935 0.0001279 8.08e-05 0.00015525 0.0001286 7.965e-05 0.00013685 0.0001386 0.0001401 0.00014485 0.000127 9.27e-05 0.0001183 0.0001367 9.515e-05 0.0001333 0.0001334 0.00012945 0.00013635 0.0001591 0.00011385 0.00013175 0.00014955 0.00012615 0.00012965 0.0001115 0.0001536 0.0001346 0.0001334 0.0001579 7.945e-05 0.00011575 0.00013605 0.00011145 0.0001372 0.0001045 0.00012945 0.00015225 0.00013425 0.0001522 0.00011305 0.00012835 0.0001157 0.0001552 0.00014375 0.0001288 0.00013335 9.295e-05 0.00011455 0.0001145
7 0.00015005 0.0001424 0.00015395 0.0001439 0.0001186 0.0001523 0.00015525 8.6e-05 0.000155 0.0001551 0.00012135 0.0001615 0.0001582 9.455e-05 0.0001507 0.0001506 0.0001461 0.00011375 0.00011735 0.00011635 0.0001149 9.435e-05 0.0001371 6.5e-05 0.0001513 0.0001568 7.15e-05 0.0001026 0.0001199 0.0001458 0.00010085 0.0001592 0.00011645 0.00012245 0.00015695 0.0001592 0.00015585 0.00014575 0.0001146 0.00016035 0.000131 8.11e-05 0.00012415 0.00010135 0.00015985 0.0001072 0.00015915 0.0001156 0.0001602 0.000137 0.00011485 0.0001538 0.00012585 0.0001258
8 0.00011205 0.0001215 0.0001407 8.265e-05 0.00012315 9.815e-05 0.0001286 0.000155 0.0001599 0.0001244 0.00014195 0.00012335 0.0001171 0.0001409 0.000125 0.00011325 0.0001037 0.00013105 0.0001349 0.00011935 0.00011955 0.00011495 0.00012765 0.0001594 0.0001003 0.0001379 0.0001511 0.0001399 0.00014205 8.005e-05 0.0001382 0.00012445 0.00011935 0.0001568 0.00012145 0.000103 0.0001181 8e-05 0.0001327 0.00013515 0.0001123 0.00015395 0.00014015 0.0001517 0.00011695 0.0001279 0.00010295 0.00015675 0.00013095 0.00010685 0.0001195 0.0001146 0.0001039 0.00010385
9 7.975e-05 0.00014025 0.00013595 0.00010615 0.00012865 0.00010785 7.965e-05 0.0001551 0.0001244 0.0001592 0.0001362 0.00013315 0.0001313 0.0001287 0.00010675 0.0001079 9.61e-05 0.0001172 0.00011485 0.00012925 0.00012935 0.0001254 0.0001192 0.00015895 9.355e-05 0.00012825 0.0001494 0.0001288 0.0001323 0.0001033 0.00013745 0.0001315 0.00012935 0.0001556 9.84e-05 0.0001061 0.0001296 0.00010325 0.0001177 0.00011945 0.00012565 0.00015235 0.0001336 0.0001518 0.00011025 0.00012605 0.000106 0.00015505 0.0001195 0.0001235 0.0001293 0.0001085 0.00010665 0.0001066
10 0.0001556 0.00012185 0.00011775 0.0001543 0.00012885 0.0001487 0.00013685 0.00012135 0.00014195 0.0001362 0.0001549 0.00016415 0.00016145 0.00014455 0.00012675 0.00014455 0.00015425 0.0001323 0.0001264 0.0001188 0.00013015 0.0001326 0.0001402 0.00010755 0.00015805 0.00011065 0.00011195 9.805e-05 9.795e-05 0.00015545 0.00013735 0.00014515 0.0001189 0.0001034 0.00011685 0.000151 0.0001424 0.0001554 0.00011635 0.0001618 0.000126 0.00010315 8.705e-05 0.0001427 9.68e-05 0.0001217 0.00015095 0.00012015 0.00016115 0.00013985 0.0001301 0.00013855 0.0001461 0.00014605
11 0.00011325 0.0001628 0.00016575 9.72e-05 0.00012765 0.00011995 0.0001386 0.0001615 0.00012335 0.00013315 0.00016415 0.000164 8.765e-05 0.00014275 0.0001367 0.0001285 0.0001092 0.000137 0.00014595 0.00013195 0.00013255 0.0001251 0.0001371 0.00016835 9.495e-05 0.0001647 0.00016355 0.0001595 0.000164 9.31e-05 0.00015625 0.00012165 0.00013205 0.00016445 0.00013975 0.00013165 0.00012725 9.305e-05 0.0001378 0.0001004 0.00013155 0.00016975 0.00016705 0.0001623 0.00014795 0.00014445 0.0001316 0.0001708 9.495e-05 0.00012385 0.0001325 0.00012515 0.000101 0.00010095
12 0.0001114 0.00016225 0.0001633 8.695e-05 0.00013185 0.00011295 0.0001401 0.0001582 0.0001171 0.0001313 0.00016145 8.765e-05 0.000163 0.00013985 0.00013305 0.0001235 0.0001022 0.00013275 0.000145 0.0001245 0.00012505 0.0001177 0.0001301 0.000165 9.825e-05 0.00016285 0.0001602 0.0001568 0.0001613 8.155e-05 0.00015335 0.00012805 0.0001246 0.0001633 0.00013945 0.00012955 0.000122 8.15e-05 0.00013355 0.0001009 0.00012475 0.0001664 0.0001643 0.00015925 0.00014115 0.00013705 0.0001295 0.0001677 9.21e-05 0.0001123 0.00012505 0.00012015 0.00010525 0.0001052
13 0.00011385 0.0001575 0.00015355 0.00011595 0.0001277 0.0001169 0.00014485 9.455e-05 0.0001409 0.0001287 0.00014455 0.00014275 0.00013985 0.0001676 0.00012385 0.00014125 9.915e-05 0.00010945 0.00013045 0.0001246 0.0001244 0.0001118 0.00011635 0.00010735 0.0001111 0.0001503 0.00010735 0.00013325 0.0001412 0.0001184 9.955e-05 0.00014405 0.0001247 0.00014535 0.0001461 0.00013215 0.0001411 0.00011835 0.00011245 0.0001456 0.00013335 0.0001261 0.0001466 0.00011435 0.00015635 0.0001171 0.0001321 0.0001379 0.00012945 0.00013365 0.00012435 0.00014015 0.0001076 0.00010755
14 9.76e-05 0.00015495 0.00011385 0.00011075 0.00013825 0.00011655 0.000127 0.0001507 0.000125 0.00010675 0.00012675 0.0001367 0.00013305 0.00012385 0.0001544 0.00013425 9.845e-05 0.00011745 0.0001403 0.00013335 0.00013225 0.000129 0.0001233 0.00015505 9.555e-05 0.000125 0.0001492 0.000127 0.00012985 0.0001062 0.00013815 0.0001378 0.00013345 0.00016135 0.00010535 0.0001205 0.0001341 0.00010615 0.0001191 0.00013885 0.00012615 0.0001602 0.0001278 0.0001353 0.0001095 0.0001309 0.0001205 0.00014775 0.0001185 0.00012735 0.0001322 0.0001313 0.0001091 0.00010905
15 9.805e-05 0.00012525 0.00015195 8.615e-05 0.00010735 0.00011015 9.27e-05 0.0001506 0.00011325 0.0001079 0.00014455 0.0001285 0.0001235 0.00014125 0.00013425 0.0001643 0.00010555 0.00012235 0.00010255 0.0001121 0.000105 0.0001127 0.00011275 0.00015 0.00010285 0.00014545 0.00013465 0.00014025 0.00013435 8.225e-05 0.00014805 0.00012485 0.0001121 0.0001521 0.0001126 0.0001213 0.00011975 8.22e-05 0.00013015 0.00012375 0.00010155 0.0001269 0.00013235 0.0001543 0.0001225 0.0001248 0.00012125 0.0001518 0.00013895 9.165e-05 0.00010495 9.25e-05 0.00010545 0.0001054
16 6.08e-05 0.0001669 0.0001625 4.685e-05 0.0001135 7.315e-05 0.0001183 0.0001461 0.0001037 9.61e-05 0.00015425 0.0001092 0.0001022 9.915e-05 9.845e-05 0.00010555 6.99e-05 9.82e-05 0.00012525 0.0001015 0.00010655 8.705e-05 8.855e-05 0.00016055 4.91e-05 0.00015175 0.0001531 0.00014245 0.00015685 4.525e-05 0.0001321 0.0001094 0.0001016 0.00015705 0.00011845 0.0001016 0.00010235 4.52e-05 9.675e-05 0.00012105 0.00010715 0.00016265 0.0001607 0.00015495 0.00013685 0.00012925 0.0001016 0.0001645 9.88e-05 9.37e-05 0.0001065 9.76e-05 6.06e-05 6.055e-05
17 9.81e-05 0.0001398 0.00015985 0.00011015 0.0001075 0.00011315 0.0001367 0.00011375 0.00013105 0.0001172 0.0001323 0.000137 0.00013275 0.00010945 0.00011745 0.00012235 9.82e-05 0.0001569 0.00010955 0.00010935 9.86e-05 0.0001054 0.00010245 0.0001177 9.605e-05 0.00015205 0.0001072 0.0001305 0.0001166 0.00010475 0.0001214 0.0001348 0.00010945 0.0001338 0.00013545 0.00012075 0.0001305 0.0001047 9.51e-05 0.00013915 0.00011065 8.995e-05 0.0001274 0.0001397 0.00014895 0.00012875 0.00012075 0.00014025 0.0001196 0.0001061 9.855e-05 0.00012895 9.615e-05 9.61e-05
18 0.00010495 0.0001179 0.0001543 0.000123 0.00010355 0.0001329 9.515e-05 0.00011735 0.0001349 0.00011485 0.0001264 0.00014595 0.000145 0.00013045 0.0001403 0.00010255 0.00012525 0.00010955 0.0001705 0.0001123 0.0001052 0.0001129 0.0001203 0.00011675 0.00012325 0.0001451 0.0001014 0.00012215 0.00011625 0.00011965 0.00013725 0.0001403 0.0001124 0.00013435 0.00011415 0.0001302 0.0001393 0.0001196 0.00011735 0.00012775 0.0001098 8.99e-05 0.0001142 0.00014155 0.0001401 0.0001273 0.00013015 0.0001353 0.00014745 0.00011395 0.00010515 0.0001124 0.00011105 0.000111
19 0.00011135 0.00014445 0.00016245 8.41e-05 0.00010155 0.0001136 0.0001333 0.00011635 0.00011935 0.00012925 0.0001188 0.00013195 0.0001245 0.0001246 0.00013335 0.0001121 0.0001015 0.00010935 0.0001123 0.0001572 9.365e-05 9.105e-05 0.00011425 0.0001039 0.0001006 0.00015685 0.00011125 0.00012905 0.000133 7.87e-05 0.0001388 0.00011465 7.87e-05 0.00010965 0.00013465 0.00013545 0.00010715 7.865e-05 9.565e-05 0.0001428 0.00010195 0.00011035 0.0001316 0.00014215 0.00013515 0.0001148 0.0001354 0.0001248 0.00013875 9.365e-05 9.36e-05 9.715e-05 9.03e-05 9.025e-05
20 0.00011505 0.00013385 0.0001574 8.915e-05 9.445e-05 0.0001138 0.0001334 0.0001149 0.00011955 0.00012935 0.00013015 0.00013255 0.00012505 0.0001244 0.00013225 0.000105 0.00010655 9.86e-05 0.0001052 9.365e-05 0.0001646 9.485e-05 0.0001043 0.0001137 0.0001043 0.0001533 0.0001014 0.00012925 0.00011865 8.235e-05 0.00013375 0.00012965 9.375e-05 0.0001359 0.00013475 0.00013565 0.00012215 8.23e-05 0.0001106 0.0001434 9.485e-05 8.88e-05 0.0001209 0.00013795 0.00013165 0.00011215 0.0001356 0.0001347 0.00013935 8.23e-05 8.23e-05 0.0001122 9.4e-05 9.395e-05
21 9.995e-05 0.0001519 0.0001644 6.97e-05 0.0001022 0.0001085 0.00012945 9.435e-05 0.00011495 0.0001254 0.0001326 0.0001251 0.0001177 0.0001118 0.000129 0.0001127 8.705e-05 0.0001054 0.0001129 9.105e-05 9.485e-05 0.0001348 0.0001122 0.000118 8.925e-05 0.00016015 0.00011705 0.0001129 0.00013665 6.75e-05 0.00013535 0.00012125 9.115e-05 0.0001338 0.00013085 0.00013095 0.0001138 6.745e-05 0.00010185 0.0001359 0.0001026 0.0001184 0.0001398 0.0001417 0.000139 0.00011625 0.0001309 0.0001429 0.00013185 9.485e-05 9.48e-05 0.0001091 7.88e-05 7.875e-05
22 0.00010995 0.0001364 0.0001547 9.86e-05 0.000114 0.00010355 0.00013635 0.0001371 0.00012765 0.0001192 0.0001402 0.0001371 0.0001301 0.00011635 0.0001233 0.00011275 8.855e-05 0.00010245 0.0001203 0.00011425 0.0001043 0.0001122 0.0001654 0.00013915 0.00010365 0.00014245 0.00012625 0.0001366 0.0001305 0.0001002 0.00012835 0.00013535 0.00011435 0.00014475 0.0001372 0.0001252 0.0001283 0.00010015 0.0001131 0.0001435 0.00010765 0.00011285 0.00013045 0.00015055 0.0001339 0.0001297 0.00012515 0.00014525 0.00012635 9.145e-05 0.00010425 0.0001205 0.00011495 0.0001149
23 0.00016145 0.00013495 0.000152 0.0001583 0.00011795 0.0001574 0.0001591 6.5e-05 0.0001594 0.00015895 0.00010755 0.00016835 0.000165 0.00010735 0.00015505 0.00015 0.00016055 0.0001177 0.00011675 0.0001039 0.0001137 0.000118 0.00013915 0.0001018 0.00016265 0.0001535 6.57e-05 0.00011875 0.00011625 0.000157 0.0001043 0.0001526 0.000104 9.83e-05 0.00016075 0.0001637 0.0001492 0.00015695 0.0001084 0.00016725 0.00013035 7.305e-05 0.00011595 0.0001018 0.000156 0.00010575 0.00016365 9.75e-05 0.0001671 0.0001358 0.00011365 0.00014185 0.00013735 0.0001373
24 5.32e-05 0.00016775 0.0001631 4.72e-05 0.00010285 7.94e-05 0.00011385 0.0001513 0.0001003 9.355e-05 0.00015805 9.495e-05 9.825e-05 0.0001111 9.555e-05 0.00010285 4.91e-05 9.605e-05 0.00012325 0.0001006 0.0001043 8.925e-05 0.00010365 0.00016265 6.55e-05 0.0001605 0.0001558 0.00014895 0.00015885 3.915e-05 0.0001414 9.455e-05 0.00010065 0.0001577 0.0001154 9.865e-05 9.78e-05 3.91e-05 9.6e-05 0.0001154 0.000105 0.00016615 0.00016515 0.0001538 0.0001406 0.00013125 9.865e-05 0.00016555 9.505e-05 9.375e-05 0.00010425 9.44e-05 4.685e-05 4.68e-05
25 0.0001575 0.000123 9.995e-05 0.00016095 0.0001481 0.0001369 0.00013175 0.0001568 0.0001379 0.00012825 0.00011065 0.0001647 0.00016285 0.0001503 0.000125 0.00014545 0.00015175 0.00015205 0.0001451 0.00015685 0.0001533 0.00016015 0.00014245 0.0001535 0.0001605 0.0001304 0.00014275 0.0001139 0.00011025 0.000163 0.00013345 0.000168 0.00015695 0.00016265 0.0001131 0.0001417 0.0001661 0.00016295 0.0001552 0.0001618 0.00013975 0.0001397 9.725e-05 0.0001455 8.51e-05 0.0001306 0.00014165 0.00014275 0.0001583 0.0001518 0.00015325 0.00015675 0.0001641 0.00016405
26 0.0001546 0.00011815 0.00014455 0.00015085 0.0001026 0.0001491 0.00014955 7.15e-05 0.0001511 0.0001494 0.00011195 0.00016355 0.0001602 0.00010735 0.0001492 0.00013465 0.0001531 0.0001072 0.0001014 0.00011125 0.0001014 0.00011705 0.00012625 6.57e-05 0.0001558 0.00014275 9.61e-05 0.0001151 0.00010305 0.00015015 0.00010345 0.00015975 0.00011135 0.0001194 0.0001512 0.0001554 0.00015635 0.0001501 0.0001155 0.00016245 0.000115 5.405e-05 9.79e-05 9.475e-05 0.00014375 9.39e-05 0.00015535 0.00010695 0.0001623 0.0001235 0.00010135 0.0001492 0.0001305 0.00013045
27 0.00014365 0.00012795 0.00012075 0.0001416 0.00012745 0.00014565 0.00012615 0.0001026 0.0001399 0.0001288 9.805e-05 0.0001595 0.0001568 0.00013325 0.000127 0.00014025 0.00014245 0.0001305 0.00012215 0.00012905 0.00012925 0.0001129 0.0001366 0.00011875 0.00014895 0.0001139 0.0001151 0.00016 9.74e-05 0.0001459 0.00013525 0.00015615 0.00012915 0.00013465 0.00011435 0.0001494 0.0001534 0.00014585 0.0001275 0.0001543 0.0001246 0.00010905 9.555e-05 0.00014035 0.00010085 0.0001204 0.00014935 0.00013305 0.00015695 0.00013895 0.0001292 0.00014575 0.000137 0.00013695
28 0.00015355 0.0001143 0.0001179 0.000156 0.00012155 0.00014845 0.00012965 0.0001199 0.00014205 0.0001323 9.795e-05 0.000164 0.0001613 0.0001412 0.00012985 0.00013435 0.00015685 0.0001166 0.00011625 0.000133 0.00011865 0.00013665 0.0001305 0.00011625 0.00015885 0.00011025 0.00010305 9.74e-05 0.0001542 0.0001558 0.0001316 0.0001624 0.0001331 0.0001373 0.00011785 0.00015155 0.00015965 0.00015575 0.0001338 0.0001588 0.0001187 7.935e-05 8.325e-05 0.00013775 9.795e-05 0.00011775 0.0001515 0.00013065 0.00016145 0.00012835 0.0001186 0.0001501 0.0001469 0.00014685
29 6.3e-05 0.00016555 0.00016225 1.085e-05 9.58e-05 7.05e-05 0.0001115 0.0001458 8.005e-05 0.0001033 0.00015545 9.31e-05 8.155e-05 0.0001184 0.0001062 8.225e-05 4.525e-05 0.00010475 0.00011965 7.87e-05 8.235e-05 6.75e-05 0.0001002 0.000157 3.915e-05 0.000163 0.00015015 0.0001459 0.0001558 2e-07 0.0001487 9.36e-05 7.88e-05 0.0001591 0.0001139 0.0001088 8.205e-05 1e-07 0.0001047 0.00011705 8.42e-05 0.00016145 0.0001624 0.00015005 0.00012085 0.0001086 0.00010875 0.0001626 0.00010885 6.025e-05 8.235e-05 7.38e-05 4.365e-05 4.36e-05
30 0.00014415 0.0001313 0.00014475 0.0001489 0.0001345 0.0001142 0.0001536 0.00010085 0.0001382 0.00013745 0.00013735 0.00015625 0.00015335 9.955e-05 0.00013815 0.00014805 0.0001321 0.0001214 0.00013725 0.0001388 0.00013375 0.00013535 0.00012835 0.0001043 0.0001414 0.00013345 0.00010345 0.00013525 0.0001316 0.0001487 0.0001592 0.0001584 0.0001389 0.00014375 0.00015485 0.00012945 0.00015545 0.00014865 0.0001268 0.0001591 0.00014015 0.00011455 0.00013185 0.0001164 0.00014355 0.00011515 0.0001294 0.00013455 0.00014295 0.000143 0.0001337 0.00015435 0.0001379 0.00013785
31 0.0001112 0.00016225 0.0001686 9.695e-05 0.00012365 0.0001205 0.0001346 0.0001592 0.00012445 0.0001315 0.00014515 0.00012165 0.00012805 0.00014405 0.0001378 0.00012485 0.0001094 0.0001348 0.0001403 0.00011465 0.00012965 0.00012125 0.00013535 0.0001526 9.455e-05 0.000168 0.00015975 0.00015615 0.0001624 9.36e-05 0.0001584 0.000162 0.0001147 0.00010475 0.00013815 0.0001329 8.735e-05 9.355e-05 0.00011835 0.00013835 0.0001301 0.00016395 0.0001642 0.0001642 0.00014945 0.000145 0.00013285 0.0001555 0.00013525 0.00012285 0.0001296 0.00010765 9.9e-05 9.895e-05
32 0.00011145 0.00014455 0.00016255 8.405e-05 0.0001016 0.0001136 0.0001334 0.00011645 0.00011935 0.00012935 0.0001189 0.00013205 0.0001246 0.0001247 0.00013345 0.0001121 0.0001016 0.00010945 0.0001124 7.87e-05 9.375e-05 9.115e-05 0.00011435 0.000104 0.00010065 0.00015695 0.00011135 0.00012915 0.0001331 7.88e-05 0.0001389 0.0001147 0.0001574 0.00010975 0.00013475 0.00013555 0.00010715 7.875e-05 9.575e-05 0.0001429 0.00010195 0.00011045 0.0001317 0.00014225 0.0001352 0.00011485 0.0001355 0.0001249 0.00013885 9.375e-05 9.37e-05 9.72e-05 9.035e-05 9.03e-05
33 0.000156 0.00014375 0.00016825 0.00015845 0.00013605 0.0001552 0.0001579 0.00012245 0.0001568 0.0001556 0.0001034 0.00016445 0.0001633 0.00014535 0.00016135 0.0001521 0.00015705 0.0001338 0.00013435 0.00010965 0.0001359 0.0001338 0.00014475 9.83e-05 0.0001577 0.00016265 0.0001194 0.00013465 0.0001373 0.0001591 0.00014375 0.00010475 0.00010975 9.56e-05 0.00015865 0.0001566 0.00010355 0.00015905 0.0001009 0.00016285 0.0001435 0.0001122 0.00013475 0.00015295 0.0001588 0.00014345 0.00015655 0.0001189 0.00016055 0.00014715 0.00013585 0.00012805 0.00014815 0.0001481
34 9.705e-05 0.00013105 0.00011475 0.0001166 0.0001325 0.00012885 7.945e-05 0.00015695 0.00012145 9.84e-05 0.00011685 0.00013975 0.00013945 0.0001461 0.00010535 0.0001126 0.00011845 0.00013545 0.00011415 0.00013465 0.00013475 0.00013085 0.0001372 0.00016075 0.0001154 0.0001131 0.0001512 0.00011435 0.00011785 0.0001139 0.00015485 0.00013815 0.00013475 0.00015865 0.0001562 0.00012245 0.0001378 0.00011385 0.00013595 0.0001215 0.0001235 0.0001526 0.0001142 0.0001518 9.62e-05 0.0001332 0.0001224 0.00015345 0.00014045 0.0001311 0.0001347 0.000113 0.0001165 0.00011645
35 9.365e-05 0.00011855 0.0001502 0.0001103 0.00013515 0.0001013 0.00011575 0.0001592 0.000103 0.0001061 0.000151 0.00013165 0.00012955 0.00013215 0.0001205 0.0001213 0.0001016 0.00012075 0.0001302 0.00013545 0.00013565 0.00013095 0.0001252 0.0001637 9.865e-05 0.0001417 0.0001554 0.0001494 0.00015155 0.0001088 0.00012945 0.0001329 0.00013555 0.0001566 0.00012245 0.0001678 0.00013075 0.00010875 0.00012235 0.0001268 0.00013095 0.0001573 0.0001493 0.00015635 0.00013875 0.00014485 8.395e-05 0.00016055 0.00011705 0.0001301 0.0001356 0.00012255 0.00011215 0.0001121
36 0.0001093 0.00016165 0.0001661 8.65e-05 0.0001278 0.0001134 0.00013605 0.00015585 0.0001181 0.0001296 0.0001424 0.00012725 0.000122 0.0001411 0.0001341 0.00011975 0.00010235 0.0001305 0.0001393 0.00010715 0.00012215 0.0001138 0.0001283 0.0001492 9.78e-05 0.0001661 0.00015635 0.0001534 0.00015965 8.205e-05 0.00015545 8.735e-05 0.00010715 0.00010355 0.0001378 0.00013075 0.0001639 8.2e-05 0.00011405 0.0001388 0.0001232 0.00016055 0.0001614 0.0001611 0.00014255 0.0001375 0.0001307 0.00015235 0.00013235 0.0001113 0.0001221 0.00010255 0.0001032 0.00010315
37 6.295e-05 0.0001655 0.0001622 1.08e-05 9.575e-05 7.045e-05 0.00011145 0.00014575 8e-05 0.00010325 0.0001554 9.305e-05 8.15e-05 0.00011835 0.00010615 8.22e-05 4.52e-05 0.0001047 0.0001196 7.865e-05 8.23e-05 6.745e-05 0.00010015 0.00015695 3.91e-05 0.00016295 0.0001501 0.00014585 0.00015575 1e-07 0.00014865 9.355e-05 7.875e-05 0.00015905 0.00011385 0.00010875 8.2e-05 1e-07 0.00010465 0.000117 8.415e-05 0.0001614 0.00016235 0.00015 0.0001208 0.00010855 0.0001087 0.00016255 0.0001088 6.02e-05 8.23e-05 7.375e-05 4.36e-05 4.355e-05
38 9.8e-05 0.0001493 0.0001628 0.00010875 0.0001153 0.00011415 0.0001372 0.0001146 0.0001327 0.0001177 0.00011635 0.0001378 0.00013355 0.00011245 0.0001191 0.00013015 9.675e-05 9.51e-05 0.00011735 9.565e-05 0.0001106 0.00010185 0.0001131 0.0001084 9.6e-05 0.0001552 0.0001155 0.0001275 0.0001338 0.0001047 0.0001268 0.00011835 9.575e-05 0.0001009 0.00013595 0.00012235 0.00011405 0.00010465 0.0001568 0.00013995 0.00011845 0.00011445 0.00013575 0.0001426 0.00015 0.00012975 0.0001224 0.000129 0.0001203 0.0001181 0.00011055 0.00011485 9.61e-05 9.605e-05
39 9.95e-05 0.0001535 0.0001624 0.00012095 0.00014365 0.00013475 0.0001045 0.00016035 0.00013515 0.00011945 0.0001618 0.0001004 0.0001009 0.0001456 0.00013885 0.00012375 0.00012105 0.00013915 0.00012775 0.0001428 0.0001434 0.0001359 0.0001435 0.00016725 0.0001154 0.0001618 0.00016245 0.0001543 0.0001588 0.00011705 0.0001591 0.00013835 0.0001429 0.00016285 0.0001215 0.0001268 0.0001388 0.000117 0.00013995 0.0001691 0.0001424 0.00016745 0.00016475 0.00016015 0.0001567 0.0001544 0.00012675 0.0001675 9.955e-05 0.0001394 0.00014335 0.00011995 0.0001205 0.00012045
40 0.0001158 0.0001171 0.00014345 8.81e-05 9.9e-05 0.00011175 0.00012945 0.000131 0.0001123 0.00012565 0.000126 0.00013155 0.00012475 0.00013335 0.00012615 0.00010155 0.00010715 0.00011065 0.0001098 0.00010195 9.485e-05 0.0001026 0.00010765 0.00013035 0.000105 0.00013975 0.000115 0.0001246 0.0001187 8.42e-05 0.00014015 0.0001301 0.00010195 0.0001435 0.0001235 0.00013095 0.0001232 8.415e-05 0.00011845 0.0001424 0.0001682 0.0001047 0.00011375 0.00014475 0.00011655 0.0001178 0.0001309 0.00013965 0.0001386 8.69e-05 9.48e-05 0.00011185 0.000103 0.00010295
41 0.00016375 9.94e-05 0.00015455 0.0001623 9.23e-05 0.00015195 0.00015225 8.11e-05 0.00015395 0.00015235 0.00010315 0.00016975 0.0001664 0.0001261 0.0001602 0.0001269 0.00016265 8.995e-05 8.99e-05 0.00011035 8.88e-05 0.0001184 0.00011285 7.305e-05 0.00016615 0.0001397 5.405e-05 0.00010905 7.935e-05 0.00016145 0.00011455 0.00016395 0.00011045 0.0001122 0.0001526 0.0001573 0.00016055 0.0001614 0.00011445 0.00016745 0.0001047 3.23e-05 7.89e-05 0.00012975 0.00013985 0.000115 0.00015725 0.00011345 0.00016755 0.0001109 8.875e-05 0.00015225 0.0001409 0.00014085
42 0.00016275 0.00010085 0.00010855 0.0001607 0.0001166 0.0001476 0.00013425 0.00012415 0.00014015 0.0001336 8.705e-05 0.00016705 0.0001643 0.0001466 0.0001278 0.00013235 0.0001607 0.0001274 0.0001142 0.0001316 0.0001209 0.0001398 0.00013045 0.00011595 0.00016515 9.725e-05 9.79e-05 9.555e-05 8.325e-05 0.0001624 0.00013185 0.0001642 0.0001317 0.00013475 0.0001142 0.0001493 0.0001614 0.00016235 0.00013575 0.00016475 0.00011375 7.89e-05 0.00013 0.00014145 8.43e-05 0.00011715 0.00014925 0.0001265 0.0001641 0.0001306 0.00012085 0.00015185 0.00015335 0.0001533
43 0.00015155 0.00015055 0.000105 0.000152 0.0001438 0.00015685 0.0001522 0.00010135 0.0001517 0.0001518 0.0001427 0.0001623 0.00015925 0.00011435 0.0001353 0.0001543 0.00015495 0.0001397 0.00014155 0.00014215 0.00013795 0.0001417 0.00015055 0.0001018 0.0001538 0.0001455 9.475e-05 0.00014035 0.00013775 0.00015005 0.0001164 0.0001642 0.00014225 0.00015295 0.0001518 0.00015635 0.0001611 0.00015 0.0001426 0.00016015 0.00014475 0.00012975 0.00014145 0.0001167 0.0001517 0.000105 0.0001563 9.635e-05 0.00015975 0.0001459 0.0001379 0.00015665 0.00014445 0.0001444
44 0.00014925 0.00012175 9.22e-05 0.0001198 0.00013145 0.00012275 0.00011305 0.00015985 0.00011695 0.00011025 9.68e-05 0.00014795 0.00014115 0.00015635 0.0001095 0.0001225 0.00013685 0.00014895 0.0001401 0.00013515 0.00013165 0.000139 0.0001339 0.000156 0.0001406 8.51e-05 0.00014375 0.00010085 9.795e-05 0.00012085 0.00014355 0.00014945 0.0001352 0.0001588 9.62e-05 0.00013875 0.00014255 0.0001208 0.00015 0.0001567 0.00011655 0.00013985 8.43e-05 0.0001517 8.07e-05 9.985e-05 0.0001387 0.0001468 0.0001539 0.00011925 0.0001316 0.0001324 0.0001436 0.00014355
45 0.0001411 0.00013905 0.0001282 0.00010995 0.00011745 0.00012425 0.00012835 0.0001072 0.0001279 0.00012605 0.0001217 0.00014445 0.00013705 0.0001171 0.0001309 0.0001248 0.00012925 0.00012875 0.0001273 0.0001148 0.00011215 0.00011625 0.0001297 0.00010575 0.00013125 0.0001306 9.39e-05 0.0001204 0.00011775 0.0001086 0.00011515 0.000145 0.00011485 0.00014345 0.0001332 0.00014485 0.0001375 0.00010855 0.00012975 0.0001544 0.0001178 0.000115 0.00011715 0.000105 9.985e-05 0.0001532 0.0001448 0.00012725 0.0001521 0.00011215 0.0001121 0.00012975 0.00012075 0.0001207
46 9.37e-05 0.0001185 0.00015015 0.00011025 0.0001351 0.00010125 0.0001157 0.00015915 0.00010295 0.000106 0.00015095 0.0001316 0.0001295 0.0001321 0.0001205 0.00012125 0.0001016 0.00012075 0.00013015 0.0001354 0.0001356 0.0001309 0.00012515 0.00016365 9.865e-05 0.00014165 0.00015535 0.00014935 0.0001515 0.00010875 0.0001294 0.00013285 0.0001355 0.00015655 0.0001224 8.395e-05 0.0001307 0.0001087 0.0001224 0.00012675 0.0001309 0.00015725 0.00014925 0.0001563 0.0001387 0.0001448 0.0001677 0.0001605 0.0001171 0.00013005 0.00013555 0.0001225 0.0001121 0.00011205
47 0.00016215 0.00013795 0.00011585 0.0001634 0.0001387 0.00016195 0.0001552 0.0001156 0.00015675 0.00015505 0.00012015 0.0001708 0.0001677 0.0001379 0.00014775 0.0001518 0.0001645 0.00014025 0.0001353 0.0001248 0.0001347 0.0001429 0.00014525 9.75e-05 0.00016555 0.00014275 0.00010695 0.00013305 0.00013065 0.0001626 0.00013455 0.0001555 0.0001249 0.0001189 0.00015345 0.00016055 0.00015235 0.00016255 0.000129 0.0001675 0.00013965 0.00011345 0.0001265 9.635e-05 0.0001468 0.00012725 0.0001605 0.0001742 0.00016735 0.00014265 0.00013465 0.00014335 0.0001564 0.00015635
48 9.95e-05 0.0001637 0.0001615 0.0001129 0.00014295 0.0001147 0.00014375 0.0001602 0.00013095 0.0001195 0.00016115 9.495e-05 9.21e-05 0.00012945 0.0001185 0.00013895 9.88e-05 0.0001196 0.00014745 0.00013875 0.00013935 0.00013185 0.00012635 0.0001671 9.505e-05 0.0001583 0.0001623 0.00015695 0.00016145 0.00010885 0.00014295 0.00013525 0.00013885 0.00016055 0.00014045 0.00011705 0.00013235 0.0001088 0.0001203 9.955e-05 0.0001386 0.00016755 0.0001641 0.00015975 0.0001539 0.0001521 0.0001171 0.00016735 0.0001503 0.0001341 0.0001393 0.00013555 0.0001126 0.00011255
49 0.0001092 0.00013495 0.00015295 6.77e-05 9.85e-05 0.00010095 0.0001288 0.000137 0.00010685 0.0001235 0.00013985 0.00012385 0.0001123 0.00013365 0.00012735 9.165e-05 9.37e-05 0.0001061 0.00011395 9.365e-05 8.23e-05 9.485e-05 9.145e-05 0.0001358 9.375e-05 0.0001518 0.0001235 0.00013895 0.00012835 6.025e-05 0.000143 0.00012285 9.375e-05 0.00014715 0.0001311 0.0001301 0.0001113 6.02e-05 0.0001181 0.0001394 8.69e-05 0.0001109 0.0001306 0.0001459 0.00011925 0.00011215 0.00013005 0.00014265 0.0001341 0.0001204 8.23e-05 9.885e-05 9.805e-05 9.8e-05
50 0.000115 0.0001338 0.00015735 8.91e-05 9.44e-05 0.00011375 0.00013335 0.00011485 0.0001195 0.0001293 0.0001301 0.0001325 0.00012505 0.00012435 0.0001322 0.00010495 0.0001065 9.855e-05 0.00010515 9.36e-05 8.23e-05 9.48e-05 0.00010425 0.00011365 0.00010425 0.00015325 0.00010135 0.0001292 0.0001186 8.235e-05 0.0001337 0.0001296 9.37e-05 0.00013585 0.0001347 0.0001356 0.0001221 8.23e-05 0.00011055 0.00014335 9.48e-05 8.875e-05 0.00012085 0.0001379 0.0001316 0.0001121 0.00013555 0.00013465 0.0001393 8.23e-05 0.0001645 0.00011215 9.395e-05 9.39e-05
51 8.915e-05 0.00014525 0.00015925 7.83e-05 0.00011765 0.0001097 9.295e-05 0.0001538 0.0001146 0.0001085 0.00013855 0.00012515 0.00012015 0.00014015 0.0001313 9.25e-05 9.76e-05 0.00012895 0.0001124 9.715e-05 0.0001122 0.0001091 0.0001205 0.00014185 9.44e-05 0.00015675 0.0001492 0.00014575 0.0001501 7.38e-05 0.00015435 0.00010765 9.72e-05 0.00012805 0.000113 0.00012255 0.00010255 7.375e-05 0.00011485 0.00011995 0.00011185 0.00015225 0.00015185 0.00015665 0.0001324 0.00012975 0.0001225 0.00014335 0.00013555 9.885e-05 0.00011215 0.0001472 9.7e-05 9.695e-05
52 6.635e-05 0.0001642 0.00016725 5.225e-05 9.16e-05 9.09e-05 0.00011455 0.00012585 0.0001039 0.00010665 0.0001461 0.000101 0.00010525 0.0001076 0.0001091 0.00010545 6.06e-05 9.615e-05 0.00011105 9.03e-05 9.4e-05 7.88e-05 0.00011495 0.00013735 4.685e-05 0.0001641 0.0001305 0.000137 0.0001469 4.365e-05 0.0001379 9.9e-05 9.035e-05 0.00014815 0.0001165 0.00011215 0.0001032 4.36e-05 9.61e-05 0.0001205 0.000103 0.0001409 0.00015335 0.00014445 0.0001436 0.00012075 0.0001121 0.0001564 0.0001126 9.805e-05 9.395e-05 9.7e-05 7.07e-05 3.535e-05
53 6.63e-05 0.00016415 0.0001672 5.22e-05 9.155e-05 9.085e-05 0.0001145 0.0001258 0.00010385 0.0001066 0.00014605 0.00010095 0.0001052 0.00010755 0.00010905 0.0001054 6.055e-05 9.61e-05 0.000111 9.025e-05 9.395e-05 7.875e-05 0.0001149 0.0001373 4.68e-05 0.00016405 0.00013045 0.00013695 0.00014685 4.36e-05 0.00013785 9.895e-05 9.03e-05 0.0001481 0.00011645 0.0001121 0.00010315 4.355e-05 9.605e-05 0.00012045 0.00010295 0.00014085 0.0001533 0.0001444 0.00014355 0.0001207 0.00011205 0.00015635 0.00011255 9.8e-05 9.39e-05 9.695e-05 3.535e-05 7.06e-05
